test_case/steady/mHMbfgr.asc
ncols         80
nrows         72
xllcorner     4374000.0
yllcorner     5656000.0
cellsize      500
NODATA_value  -9999
[rows 23 to 45 of 72, columns 0 to 51 of 80]
-9999.0 -9999.0 -9999.0 -9999.0 -9999.0 -9999.0 -9999.0 -9999.0 -9999.0 -9999.0 -9999.0 -9999.0 0.0164840844081 0.015921555994 0.0155100604128 0.0149647230038 0.0129428748729 0.0130142728763 0.0129291245853 0.0132283936766 0.013499301666 0.0142823700966 0.0121392692221 0.0109263088904 0.0086430039835 0.00856344173102 0.0081999967515 0.0084412201311 0.00830772010162 -0.0846943951537 -0.0850103478514 -0.083534731498 0.00855501163296 0.00885534647422 0.0090833990562 -0.0832050847131 0.00837879934104 -0.0852999734321 -0.082527953299 0.0103239552844 0.00978742408699 0.00959160874741 0.00918398641023 0.00846169259335 0.00826986629305 0.0082597430139 0.0084425399313 0.00865399046716 0.00750191829257 0.00783949846383 0.0078325329588 0.00475867576803
-9999.0 -9999.0 -9999.0 -9999.0 -9999.0 -9999.0 -9999.0 -9999.0 -9999.0 -9999.0 -9999.0 -9999.0 0.0177044441238 0.0164101314484 0.0160454428978 0.0158825633434 0.0134394949768 0.0138087856658 0.0141742466383 0.0137074422648 0.014319523852 0.0141529584242 0.0141984880278 0.0140902453697 0.00929271426544 0.00989055796356 0.010427697024 0.00987380253976 0.00941510083637 0.0104750109196 -0.0825225451498 -0.0821754080325 -0.0831453506471 -0.083023439525 -0.0838268065599 -0.0857980171077 0.00673481286283 -0.0848313365725 0.00851573909244 0.00766562013881 0.00747391860916 0.00725021400782 0.00691717334478 0.00687105803392 0.00681296966265 0.00663327239293 0.00634877212838 0.00638380944696 0.00557516482806 0.00608715459995 0.00619682041724 0.00562760624511
-9999.0 -9999.0 -9999.0 -9999.0 -9999.0 -9999.0 -9999.0 -9999.0 -9999.0 -9999.0 -9999.0 -9999.0 0.0166788393288 0.0164024814207 0.0162107412377 0.0162978769932 0.0136853536056 0.0135943962253 0.0139020683004 0.0145996137398 0.0144862879421 0.0141733662628 0.0141801927552 0.0103103841008 0.00905014243071 0.0103085445505 0.0107031880819 0.0103441672706 0.00958922311095 0.00900645226816 0.00895077535246 0.00861855963397 0.00692599148112 0.0076985850304 0.00652123335285 -0.0839043191014 -0.0825000010431 -0.0844082532318 0.00607614470225 0.00536606027508 0.00392771043156 0.00413126348228 0.00605355268068 0.00697409557325 0.00684027043091 0.00689151938001 0.00687389633195 0.00687325781767 0.00626066315643 0.00651012144681 0.00656683962638 0.00476501038228
-9999.0 -9999.0 -9999.0 -9999.0 -9999.0 -9999.0 -9999.0 -9999.0 -9999.0 -9999.0 -9999.0 -9999.0 -9999.0 0.0157990193528 0.0163174293061 0.0163995912923 0.0143073569456 0.014151934686 0.0140044164569 0.0135749615109 0.01392972706 0.0143642607716 0.014733257679 0.0126497502499 0.0109923198438 0.00988492965996 0.00946473430454 0.00849358574214 0.00905452770138 0.00943840746883 0.00930542302066 0.0090602631964 0.00787920181229 0.00673308327483 0.00722425765849 -0.0880026183097 0.00825603721495 0.00705546729989 0.00619945045658 0.0046424489672 0.00362335239088 0.00427281337333 0.00357361354285 0.00443855539322 0.00504031443969 0.00597666730362 0.00702290649239 0.00686859018934 0.00452625744596 0.00321739111288 0.0027158755181 0.00282953861026
-9999.0 -9999.0 -9999.0 -9999.0 -9999.0 -9999.0 -9999.0 -9999.0 -9999.0 -9999.0 -9999.0 -9999.0 -9999.0 -9999.0 0.0158086258692 0.015647281037 0.013636178427 0.0135984881379 0.0139528462711 0.0143119402707 0.0141871122734 0.014853356492 0.0146928662173 0.014308286322 0.0101227419379 0.00998946077597 0.010528367959 0.0109818560227 0.00969636586335 0.00870726683045 0.00954270549284 0.0110818932047 0.0088119931463 0.00827895723033 0.00717309006425 -0.0858551513856 0.0081529255938 0.00584914131564 0.0052290633845 0.00472819053395 0.00384561033096 0.00402991037284 0.00462774855971 0.0039274508568 0.00335732253296 0.00370550725328 0.00383126646726 0.00411204861115 -0.0895878045864 -0.0893421240413 -0.0895305225724 -0.0900371750702
-9999.0 -9999.0 -9999.0 -9999.0 -9999.0 -9999.0 -9999.0 -9999.0 -9999.0 -9999.0 -9999.0 -9999.0 -9999.0 -9999.0 0.00517506820161 0.0108313814446 0.0134528351382 0.0135098268202 0.0135500676297 0.0137157898243 0.0141464825555 0.0140844686386 0.0135073938743 0.0145612283954 0.0112522746062 0.0113920677022 0.0100477045453 0.0101230487337 0.0110760696089 0.0112666498515 0.00940857941354 0.00555887896173 0.00868474709508 0.0107168232189 0.0082437899364 -0.0871475490307 0.0083758909801 0.00513649641569 0.00483901234238 0.00480757540032 0.00361104286133 0.00388257850309 0.0039877583326 0.00443959907038 0.00453985857837 0.00398279345682 0.00345915616583 0.00326921897048 -0.0891351838934 0.0032934433256 -0.0887863641889 -0.0884217238457
-9999.0 -9999.0 -9999.0 -9999.0 -9999.0 -9999.0 -9999.0 -9999.0 -9999.0 -9999.0 -9999.0 -9999.0 -9999.0 -9999.0 0.00793009178894 0.011576491171 0.01397905294 0.0140340687707 0.0140286286475 0.0139720140612 0.0139846672496 0.0142403734422 0.0146481702084 0.0141278278921 0.0104356260705 0.0100799948594 0.0107101579226 0.0108454739201 0.0104008129697 0.01083976433 0.0109460627086 0.0104674361872 0.00835994159184 0.00961141117117 0.0117578275951 -0.0878818805501 0.00620146488258 0.00917110306111 0.00336471778815 0.00449997304354 0.00352956126904 0.00389528753455 0.00367165767799 0.00375052406969 0.00371650990173 0.00404460977525 -0.0887078544704 -0.0879166608014 -0.0872208624996 0.00591164399215 0.00557659762405 0.00425853601206
-9999.0 -9999.0 -9999.0 -9999.0 -9999.0 -9999.0 -9999.0 -9999.0 -9999.0 -9999.0 -9999.0 -9999.0 -9999.0 -9999.0 0.01771833994 0.0167213613659 0.0146716744519 0.0147648634548 0.0143503725867 0.0148000662668 0.0140603804116 0.0138453179582 0.0139975506403 0.0137892880019 0.0100421669081 0.0103926574392 0.0103720230869 0.0112794444979 0.0111259825678 0.0108214699474 0.0111681787207 0.0115913437454 0.00882821469109 0.00607620150707 0.00466814867832 -0.0877855933099 -0.0879089823239 -0.0835369305223 0.00421165684246 0.0057284917789 0.00560560822016 0.00419771576709 0.00342011609074 0.00362683724742 0.0034966260782 0.00379851030795 -0.0872109357291 0.00630408608461 0.00663256237729 0.00727884765556 0.00613930176218 0.00673824482431
-9999.0 -9999.0 -9999.0 -9999.0 -9999.0 -9999.0 -9999.0 -9999.0 -9999.0 -9999.0 -9999.0 -9999.0 -9999.0 -9999.0 -9999.0 0.0159800864352 0.0140459614743 0.0137272454251 0.0143830173801 0.0133343377444 0.0130881283591 0.0133254821895 0.0138827314436 0.0138943118369 0.0100479426832 0.010432593728 0.0103199168134 0.0105959482763 0.0069553177609 0.0106252945897 0.0103366689768 0.01028055909 0.00762240379528 0.0061804083975 0.00483490763639 0.00485577595989 0.0048323237777 -0.0876873222167 -0.0877155369868 -0.0880439507648 -0.0889010312735 -0.0872968654731 -0.0890606814312 0.00341473729803 0.00370742980361 -0.0883992797323 0.00390884355641 0.00416346513721 0.00292569656905 0.00337089280917 0.0028155871387 0.00259077861149
-9999.0 -9999.0 -9999.0 -9999.0 -9999.0 -9999.0 -9999.0 -9999.0 -9999.0 -9999.0 -9999.0 -9999.0 -9999.0 -9999.0 -9999.0 -9999.0 0.0149604772069 0.0144732259389 0.0144487942647 0.015742538957 0.0157224708768 0.0155245211437 0.014780198087 0.0143155735402 0.0105149605373 0.0102012078932 0.0103027069198 0.00943774238849 0.00654274357148 0.0101284802746 0.0120038716829 0.0084428361312 0.00523719932177 0.00355237013965 0.00472616841418 0.00493959103877 0.00496524033794 0.00513255553159 0.00513447763056 0.00671522540769 0.00847816960583 0.00797229579094 -0.0852663799401 -0.0886848989294 -0.089406390358 -0.0899635041291 0.0023933255388 0.00426143750814 0.00272876656636 0.00224376865466 0.00277065128622 0.003851088439
-9999.0 -9999.0 -9999.0 -9999.0 -9999.0 -9999.0 -9999.0 -9999.0 -9999.0 -9999.0 -9999.0 -9999.0 -9999.0 -9999.0 -9999.0 -9999.0 0.0157827527691 0.0156112334633 0.015749667123 0.0155168272592 0.0147438341342 0.0151103928722 0.0151046176618 0.014485203423 0.010432437334 0.0108295991529 0.0106040215923 0.010408488265 0.00697021219195 0.00939679814128 0.0073104581755 0.00551062366085 0.00517440621765 0.00396601911324 0.00505932324177 0.00482204303057 0.00609704256093 0.00511484006944 0.00509870172898 0.0053567833527 0.00641902972918 0.00569135444542 0.0070790365708 0.00671246605727 -0.0867917343625 -0.0880251750212 0.00558063289537 0.0048937922549 0.00225892604301 0.00262527710262 0.00323402583019 0.00336271683602
-9999.0 -9999.0 -9999.0 -9999.0 -9999.0 -9999.0 -9999.0 -9999.0 -9999.0 -9999.0 -9999.0 -9999.0 -9999.0 -9999.0 -9999.0 0.0135148192108 0.0137111469791 0.0143056169178 0.0149967683718 0.0146868112372 0.0146711714482 0.0144494413985 0.0146008838867 0.0142758681088 0.0100850823394 0.0104296545989 0.0104874251327 0.010583396754 0.0085671813375 0.0105275437612 0.0113273602002 0.0114852031395 0.00902965357104 0.0069603491623 0.006531679226 0.00717185944386 0.00825786608324 0.00854543829638 0.00830952148367 0.00483959197689 0.00565807898895 0.00442150570003 0.00326427787486 0.0032144334109 0.00457348450835 0.00371679230311 -0.0880384287914 0.00439385015652 0.00348015122457 0.00377352501344 0.00295901203205 0.00244789345964
-9999.0 -9999.0 -9999.0 -9999.0 -9999.0 -9999.0 -9999.0 -9999.0 -9999.0 -9999.0 -9999.0 -9999.0 -9999.0 -9999.0 0.014533472205 0.014135137084 0.0139466081161 0.0129916208958 0.0137492025041 0.0143542614361 0.0144824243886 0.0148357357849 0.0145877978629 0.0147155745535 0.00998869795556 0.00990177763324 0.00997059995741 0.0102253936682 0.0108568040636 0.0108768940682 0.0108362528812 0.0109976018703 -0.0850060927784 -0.0854603362151 -0.0847314010961 -0.0824769974435 -0.0845281521827 -0.0854886082867 0.00682717595891 0.00841438090154 0.00542152824513 -0.0896915808089 -0.089992505525 0.00270491501027 0.00300983949221 0.00267897673929 -0.0880423982533 0.00462536813334 0.00368986843404 0.00312734546823 0.00268817640752 0.00266726808366
-9999.0 -9999.0 -9999.0 -9999.0 -9999.0 -9999.0 -9999.0 -9999.0 -9999.0 -9999.0 -9999.0 -9999.0 -9999.0 -9999.0 0.0149095984108 0.0153341386906 0.0150383262845 0.0131052017066 0.0119183643202 0.0125219211073 0.0136565802339 0.0144206029956 0.0142703699862 0.0144767285084 0.0102460414711 0.0097042159761 0.00907854295707 0.00925546245266 0.0101360866662 0.0110734824471 -0.0810692083866 -0.0811895897369 -0.0856863407771 0.0063571390031 0.00649907247818 0.0082392498381 0.00927824205035 0.0105607660679 -0.0842206871337 -0.0840951523652 -0.0858653240934 -0.0862865051176 -0.0885073807299 0.00369516665927 0.00408967714228 0.00283540838782 -0.0880627464671 0.00594741765181 0.00447039848028 0.00485491324334 0.00469778226761 0.00466633012786
-9999.0 -9999.0 -9999.0 -9999.0 -9999.0 -9999.0 -9999.0 -9999.0 -9999.0 -9999.0 -9999.0 -9999.0 -9999.0 -9999.0 -9999.0 -9999.0 0.0152700140845 0.0149779502297 0.0149837444333 0.0148013227209 0.0142776107294 0.0139631543912 0.0149727911943 0.0149446855872 0.0105247114825 0.00933803932308 0.00732817851193 0.00758551532711 0.00799258289167 0.00946867393589 0.0107778556351 0.00986201359246 0.00640320754836 0.00574553164991 0.00641530054797 0.00645613255539 0.00778368791216 0.00713056397603 0.00957277364635 0.00896704169121 0.0045143287066 0.00429838052149 -0.0856153218149 -0.0866340395298 -0.0892233303663 -0.0888049729905 -0.0887498918666 0.00405485563569 0.003348419328 0.00371443775018 0.00352642823173 0.00360986622985
-9999.0 -9999.0 -9999.0 -9999.0 -9999.0 -9999.0 -9999.0 -9999.0 -9999.0 -9999.0 -9999.0 -9999.0 -9999.0 -9999.0 -9999.0 -9999.0 0.0148538360119 0.0145202162255 0.0145440759008 0.0126826224138 0.0136710983732 0.0140203312723 0.0139920169727 0.0142942566589 0.0106984964773 0.00949186107265 0.00909837453856 0.008862607287 0.00930480316087 0.00963307642946 0.0106566359275 0.010362750016 0.00650063029325 0.00577493464552 0.00511046514753 0.00534980612139 0.00576006553967 0.0063700576127 0.00528951307996 0.00484064366705 0.00410410192204 0.00498870113316 0.00423864552703 0.00507509611717 -0.0865385260163 -0.0891126106708 -0.0899138752103 0.00341574493562 0.00314122793992 0.00256517923327 0.00220958422596 0.0022380025089
-9999.0 -9999.0 -9999.0 -9999.0 -9999.0 -9999.0 -9999.0 -9999.0 -9999.0 -9999.0 -9999.0 -9999.0 -9999.0 -9999.0 -9999.0 -9999.0 -9999.0 -9999.0 0.0146403571453 0.0133921300563 0.0129348644112 0.0136142034008 0.0151394818001 0.0149422659075 0.0104130050554 0.0100524776606 0.00867840995124 0.00878357301794 0.00929615515903 0.00932599582402 0.00873260887854 0.0082057523275 0.00545698991607 0.00570261563357 0.00504821011386 0.00581374759326 0.00604458846647 0.00498052100906 0.00506408681358 0.00599537768923 0.00360453382221 0.00329290960247 0.00331385326057 0.00329545819103 0.00358352195322 -0.088480283078 -0.0895219365624 0.0030200698997 0.00280688729652 0.00223363575769 0.00248303367989 0.00279737159758
-9999.0 -9999.0 -9999.0 -9999.0 -9999.0 -9999.0 -9999.0 -9999.0 -9999.0 -9999.0 -9999.0 -9999.0 -9999.0 -9999.0 -9999.0 -9999.0 -9999.0 -9999.0 -9999.0 0.0118271336872 0.0122345561555 0.0126460962876 0.0129239506165 0.0149671997993 0.0109272792322 0.0106539361533 0.0106257525159 0.00902603021603 0.00877910284952 0.00860396898295 0.00921763464467 0.00985538790559 0.00578202215764 0.00547006872885 0.00489537580295 0.00446742548343 0.00448978777145 0.00546660328694 0.00548838794629 0.00593058662833 0.00377078373505 0.00352437253198 0.00322083685669 0.00380798393917 0.00432083178942 0.00444521257207 -0.0881284253637 0.00325998420305 0.00125466249546 0.00212654020231 0.00209589673032 0.00210093138184
-9999.0 -9999.0 -9999.0 -9999.0 -9999.0 -9999.0 -9999.0 -9999.0 -9999.0 -9999.0 -9999.0 -9999.0 -9999.0 -9999.0 -9999.0 -9999.0 -9999.0 -9999.0 0.0133856845495 0.0140311796195 0.014561300998 0.0143487821538 0.0131202632288 0.0139177481793 0.0107773145785 0.0107717724056 0.0111266939006 0.0105935817341 0.00948506631104 0.00909998611094 0.00762683875354 0.00468486692155 0.00615491097044 0.00551033126737 0.00551275818647 0.00614115482682 0.0070599909527 0.00685251742955 0.00703990011853 0.00677002879008 0.00491490452769 0.00376806113992 0.00365076969811 0.00388020136556 0.00453842778785 -0.0882413361348 -0.0877098488701 -0.0861788654456 -0.089783286984 0.00157148876844 0.00264826729867 0.00432851856641
-9999.0 -9999.0 -9999.0 -9999.0 -9999.0 -9999.0 -9999.0 -9999.0 -9999.0 -9999.0 -9999.0 -9999.0 -9999.0 -9999.0 -9999.0 -9999.0 -9999.0 -9999.0 -9999.0 0.0146986744678 0.0144896155683 0.01407243266 0.0132579689091 0.0139232937853 0.0110057958453 0.0108931965763 0.0108993474468 0.0112116682907 0.0107786807581 0.0118266943427 0.00935709553231 0.00934209508595 0.00776132543337 0.00590804938131 -0.0862790176021 -0.0869312820527 0.00449609525501 0.00409732643473 0.00411826436519 0.00412197472709 0.00327866107882 -0.0884401910548 -0.0884322660407 -0.0882894933418 -0.0882550559298 -0.0866677435765 0.0052477114161 0.00448715784575 0.00304592589717 -0.0904661051943 -0.0913443297791 -0.0893256012339
-9999.0 -9999.0 -9999.0 -9999.0 -9999.0 -9999.0 -9999.0 -9999.0 -9999.0 -9999.0 -9999.0 -9999.0 -9999.0 -9999.0 -9999.0 -9999.0 -9999.0 -9999.0 -9999.0 -9999.0 0.0131623533321 0.0138361341847 0.0133373619855 0.0138642876454 0.0101637853948 0.0107033593587 0.0108762773819 0.0114015793846 0.0126503199875 0.0121323740324 0.0116999973727 0.0115086702405 0.00658112972419 0.00638493440664 0.00557155886856 -0.0863197202942 -0.0867030195082 -0.086293472713 -0.0859618467731 -0.0863400802636 -0.0884191323625 -0.0875519283206 0.00518328822211 0.00472218070912 0.00583691523347 0.00529364865463 0.00511015025555 0.00553969261299 0.00377081385275 0.00356385854697 0.00312294858179 0.00215227034507
-9999.0 -9999.0 -9999.0 -9999.0 -9999.0 -9999.0 -9999.0 -9999.0 -9999.0 -9999.0 -9999.0 -9999.0 -9999.0 -9999.0 -9999.0 -9999.0 -9999.0 -9999.0 -9999.0 -9999.0 -9999.0 0.0131789371228 0.0132747275457 0.0134199273117 0.0103170606119 0.00991028231425 0.0105246088213 0.011417719842 0.0115470087123 0.0112484570195 0.0118691739096 0.0122519382785 0.00657345034653 0.00484965681227 0.00741630573095 0.0069849093508 -0.08613729728 -0.0871747243886 0.00522931535838 0.00545453100733 0.00513287388974 0.00534111410759 0.00586283888105 0.00450465251543 0.00416624836673 0.00337363597184 0.00430687678787 0.00462288819315 0.00343247117927 0.00405887691293 0.00571564544535 0.00421717379499
-9999.0 -9999.0 -9999.0 -9999.0 -9999.0 -9999.0 -9999.0 -9999.0 -9999.0 -9999.0 -9999.0 -9999.0 -9999.0 -9999.0 -9999.0 -9999.0 -9999.0 -9999.0 -9999.0 -9999.0 -9999.0 0.0119542814581 0.0124221264897 0.0124099362493 0.0111338506097 0.0116994946631 0.0115181623754 0.0107874462233 0.0108497024135 0.0115491115965 0.00596560289846 0.0112851584132 0.00734069293719 0.00624324135498 0.00489584514953 0.00544373220691 0.00543356712459 -0.086999569111 -0.0870373463802 0.00627497007139 0.00517617411208 0.00501016841452 0.00431331985783 0.00419035150314 0.00513935202137 0.00494213763802 0.00500662098817 0.00491386882702 0.00272115988996 0.00289042195185 0.00375570095872 0.00268387126243
