data/baseflow/mHMbf_acc270.asc
ncols                  80
nrows                 72
xllcorner      4374000.0
yllcorner      5656000.0
cellsize            500
NODATA_value       -9999
[rows 25 to 49 of 72, columns 0 to 54 of 80]
-9999.0 -9999.0 -9999.0 -9999.0 -9999.0 -9999.0 -9999.0 -9999.0 -9999.0 -9999.0 -9999.0 -9999.0 15.3736624395 30.4102355836 13.4811008886 26.5393742672 10.115543746 84.6962533007 102.781824965 112.462878835 8.45757176049 16.3889875249 167.177055211 204.496631399 209.827804148 10.8993183347 9.60773606958 13.849892305 2.89166462207 2.51914297918 4.82227339973 2.13447340594 264.39345988 267.174873254 267.958568358 2004.30055277 4131.19878609 4118.26684505 2.60843891206 1.61172804482 1.54863582198 8.80754984562 7.51820899849 19.642588117 29.0704238114 57.9064505769 5.21480160241 5.16401685041 47.3656811687 52.2820253727 99.0819998654 100.960494143 107.507101219 108.907211291 1.19544814741
-9999.0 -9999.0 -9999.0 -9999.0 -9999.0 -9999.0 -9999.0 -9999.0 -9999.0 -9999.0 -9999.0 -9999.0 -9999.0 13.5189387994 27.1806593766 41.2329496278 63.1711476303 11.2790837969 9.43379929708 69.8787462647 78.2716576045 151.763611346 161.153388327 25.604782942 7.00689454228 5.26481060953 4.46911614773 248.80008865 251.841378406 254.785457427 257.261122232 261.739983222 32.9289644983 34.0241092016 302.679504732 6440.36971471 10.5767360966 7.64749115189 4.16354470626 1.33290226586 1.22665408454 11.5098390494 12.2843279959 22.1097114888 1.37484908997 60.0780867315 8.89022940099 8.6947575404 1.47091763696 0.779991620021 0.613869802225 0.552435693553 0.644569905329 109.661391488 1264.64831427
-9999.0 -9999.0 -9999.0 -9999.0 -9999.0 -9999.0 -9999.0 -9999.0 -9999.0 -9999.0 -9999.0 -9999.0 -9999.0 -9999.0 12.4102186527 23.54178089 32.8961306477 41.7969469376 51.1603053311 61.0596318489 27.9886109473 47.819548427 9.06435423159 8.11598392415 217.317304188 232.312107301 238.898180056 245.262960053 3.86349151676 6.76912421141 21.1663228079 25.1751447037 29.5765977756 1.64313363518 0.767803665832 6446.27351065 2.36857547239 2.56484808431 1.34230980536 5.36139867737 2.67003971679 1.09453084068 35.4407447216 36.200735315 0.618810338338 60.7579784352 70.3154989297 9.3463563027 1299.26044288 1297.13897596 1295.61501666 1292.75815185 1291.69534392 1272.02482316 1271.21880185
-9999.0 -9999.0 -9999.0 -9999.0 -9999.0 -9999.0 -9999.0 -9999.0 -9999.0 -9999.0 -9999.0 -9999.0 -9999.0 -9999.0 3.56762365394 7.19408035951 9.66930875841 106.853560326 116.349151676 9.89127226516 9.52470969159 9.84977870243 183.8123035 202.400645269 8.83474960638 8.84992346493 6.11404208324 27.1299156314 33.9996366078 13.2913096228 17.9199664775 166.396137198 171.63492894 178.041821563 273.740851228 6722.57963597 2.18433323446 0.989058707479 8.06049570541 6.79398395973 0.946117566376 3.09225921163 4.11152092418 37.1322945075 37.8600940457 109.967283871 70.8581268321 10.7369659673 1319.65440633 5.58454905292 1294.31299775 1293.57884396 18.5763204174 1.39754512304 4.54357764014
-9999.0 -9999.0 -9999.0 -9999.0 -9999.0 -9999.0 -9999.0 -9999.0 -9999.0 -9999.0 -9999.0 -9999.0 -9999.0 -9999.0 16.9370419945 28.2718774586 55.0363128742 97.0034358732 125.183228843 146.917950839 156.371240945 166.311823918 175.896569022 8.77828701684 7.36671439127 14.2072843322 13.2899901197 7.46869921497 144.776540616 151.349704256 157.377289734 162.875645856 89.055326447 91.9043506853 94.5198053595 6724.90323396 4.73202348135 2.20737204476 12.0752058618 1.5578910347 1.98564570139 1.04150370459 0.951282116314 5.02390817474 0.599225399029 0.617882342695 1433.07427754 1322.59856476 1321.91785367 2.38398903771 5.02805126116 3.27426364135 0.723259536523 16.4171402251 4.31284745158
-9999.0 -9999.0 -9999.0 -9999.0 -9999.0 -9999.0 -9999.0 -9999.0 -9999.0 -9999.0 -9999.0 -9999.0 -9999.0 -9999.0 11.5193529601 11.3558400122 22.6014973814 32.9603677589 11.8977685738 13.0898189184 23.5931407588 33.6611032262 52.4353380742 61.4571746823 68.3690884351 90.0887453178 96.6563926682 104.714755198 6.88254477901 68.5177918222 74.3473112716 79.93767292 4.49013412346 2.26240891725 4.26254646106 6824.92011529 6827.13163311 6834.73504911 17.5929257069 3.74668570693 2.72334848507 0.801874865023 1.67299797649 5.77806813841 6.98138772935 1.11810944045 1435.74495936 0.748760782344 1.14262585713 1.26559377397 0.91932779367 1.97250556368 0.830468009554 11.4029531985 9.12819015009
-9999.0 -9999.0 -9999.0 -9999.0 -9999.0 -9999.0 -9999.0 -9999.0 -9999.0 -9999.0 -9999.0 -9999.0 -9999.0 -9999.0 -9999.0 11.1446869683 21.4357046105 9.20626013683 19.0176526906 119.078140738 127.635646844 136.632761847 9.21632475251 9.23283017942 16.0942137302 23.7474819662 36.239852402 43.2273557889 48.9473084053 55.1720094184 5.13298004624 4.74342381779 85.7049204653 88.4817202302 90.8636454279 93.3036955837 81.7494741576 6926.86441153 6957.38941667 6959.43548285 6963.86250051 6969.30699807 6971.53389122 0.467831003577 7.52745965886 1436.19264685 0.860509556384 0.440411773955 0.531202387639 0.611828328991 1.12353113541 1.23695064868 0.74147663029 1.23267087913 1.21382658573
-9999.0 -9999.0 -9999.0 -9999.0 -9999.0 -9999.0 -9999.0 -9999.0 -9999.0 -9999.0 -9999.0 -9999.0 -9999.0 -9999.0 -9999.0 -9999.0 31.7875961488 41.0957075729 70.0827603589 90.7353425426 10.5413409824 158.764029449 167.531832232 175.086598022 7.33028041412 14.3058238422 5.98194180483 47.8405701815 52.6981659519 58.6960802172 64.7594945849 79.233061855 82.6136022632 2.26057088848 72.2351532201 77.0959432864 79.491673336 89.7613158777 10.6336710255 5.7123738273 2.65806484118 2.62477536217 6973.32085501 6973.98667266 6985.32357008 1436.5521147 2.7966653912 1.62911954216 1.05153490877 0.41058811814 3.74703081587 2.08217544453 0.654031057246 3.85492633969 3.31143967438
-9999.0 -9999.0 -9999.0 -9999.0 -9999.0 -9999.0 -9999.0 -9999.0 -9999.0 -9999.0 -9999.0 -9999.0 -9999.0 -9999.0 -9999.0 -9999.0 9.82465526412 50.9294311788 61.099251088 10.6499972374 10.0494562606 21.2846614659 31.0077751718 214.149378077 7.34423260547 29.5570114181 35.9579657802 42.1612440599 5.01615250458 10.3857740983 13.799160417 55.2036663483 62.262930666 65.0325921649 2.65367598845 2.39464661018 2.89326831837 5.48864084702 2.45412871654 2.42225758586 1.6224060232 2.38885331989 1.78161453047 3.29231680496 6986.10232113 8424.33419826 3.29591178 1.14871286226 0.402774781533 12.4007359855 11.4923446564 7.07981661636 6.40603754444 4.85002349702 1.23027035822
-9999.0 -9999.0 -9999.0 -9999.0 -9999.0 -9999.0 -9999.0 -9999.0 -9999.0 -9999.0 -9999.0 -9999.0 -9999.0 -9999.0 -9999.0 9.33658640793 27.5107284434 8.56514600659 11.3082606824 11.3552196303 21.6302723907 31.9369694492 40.48266211 261.801279057 268.703186049 7.20371596993 13.6080075358 20.1753661107 25.5650027549 30.8267811408 48.2065428153 52.3389968735 3.86694822016 2.81475481414 2.00480822371 1.08017623374 1.66539809265 2.3969460593 2.3970527548 4.37838465852 5.80223285922 3.09818223819 0.594815478974 0.579637694167 0.54060022644 1.00589000556 8466.52118229 37.1154358489 14.9077742555 1.53891932719 0.792003494038 0.438081056834 1.62758633418 1.13408007866 0.602342990784
-9999.0 -9999.0 -9999.0 -9999.0 -9999.0 -9999.0 -9999.0 -9999.0 -9999.0 -9999.0 -9999.0 -9999.0 -9999.0 -9999.0 9.98354192325 18.9915751648 63.6254737461 7.60009731867 19.5098986964 30.2063737102 39.670726603 10.2724101092 18.4981479826 26.3111111384 301.350453109 6.56843506401 12.3373720555 18.5842678197 6.08329555568 12.0105064531 15.1766695189 18.9514936663 488.221995857 493.146320286 497.021510534 511.463559292 516.472210511 526.936808405 2.91158264923 7.96228391234 6.55006286498 555.807787329 556.882388404 0.52284075092 0.910317590436 1.2809891908 8467.24098549 34.3560364147 17.3083099033 16.2400506008 12.6490552429 10.7807795986 2.14075053035 0.500186825228 1.01257844396
-9999.0 -9999.0 -9999.0 -9999.0 -9999.0 -9999.0 -9999.0 -9999.0 -9999.0 -9999.0 -9999.0 -9999.0 -9999.0 -9999.0 10.4180149865 31.1837091118 104.995107503 155.907027768 6.79414716733 198.030045725 245.22495989 9.20126534067 17.3279878956 25.4592866473 374.025189104 379.625035227 3.9110098385 26.5622176491 30.6697722588 35.3953977279 454.488993945 462.458725347 466.72422201 1.96924510577 11.1626768485 13.1279006123 4.56944664153 6.02737057167 536.256962391 546.692769493 547.767351268 548.746696046 557.930948139 0.505077530849 0.457356720271 2.10543567379 8467.9626283 1.0335507582 0.928385788145 2.72681432535 1.08170804045 9.60665810434 7.62329180645 4.6549949609 3.33831803654
-9999.0 -9999.0 -9999.0 -9999.0 -9999.0 -9999.0 -9999.0 -9999.0 -9999.0 -9999.0 -9999.0 -9999.0 -9999.0 -9999.0 -9999.0 -9999.0 21.3737830671 42.3960562291 182.514523291 191.573237427 253.173664445 260.789379415 9.07979104858 18.1863334563 40.9081337339 384.738529863 392.995190349 395.85790799 2.34191147369 407.391193132 415.407336488 4.93168657431 2.00898046553 3.93097908252 7.55027529214 1.83342128879 3.42007578742 7.16919966831 8.50957936001 1.62628878892 1.02832549394 1.90107106018 567.118041236 569.887340244 570.287526366 573.743280898 8468.59772816 0.861645099846 0.61680205412 0.72855461247 0.723425784482 0.746297829411 0.682043544863 1.26469545861 0.498329258933
-9999.0 -9999.0 -9999.0 -9999.0 -9999.0 -9999.0 -9999.0 -9999.0 -9999.0 -9999.0 -9999.0 -9999.0 -9999.0 -9999.0 -9999.0 -9999.0 11.0176383911 10.6749596094 9.90339764423 17.7875893336 7.3375372215 275.67255638 282.6874962 7.92513425069 15.748345979 5.56250329169 4.0252218323 3.80411548282 402.524167643 2.4092919452 5.19902590421 2.79632728991 2.25197346415 1.79665374225 1.34446120282 1.4189388545 4.49571498863 6.25580432974 1.16487825473 0.971179641104 2.1842847123 3.78898147932 6.01997363744 1.94622731205 571.186723832 574.157236106 8469.13459504 3.55958838228 1.67065730652 0.411608194901 1.07013598915 0.355766340894 0.308361456943 1.60527900083 2.59588883924
-9999.0 -9999.0 -9999.0 -9999.0 -9999.0 -9999.0 -9999.0 -9999.0 -9999.0 -9999.0 -9999.0 -9999.0 -9999.0 -9999.0 -9999.0 -9999.0 -9999.0 -9999.0 10.5461673501 26.9663639427 34.3972321262 41.7080520639 290.058529667 297.866223359 304.790644185 310.837705583 314.485786438 322.256992826 324.534677933 326.701304092 328.640265749 1.84268479609 1.76186438568 1.81707854552 6.11349129691 1.64810769646 1.60324263572 1.17211574141 3.45382708257 1.39308634628 1.03999636563 0.947358677836 0.801895196598 1.59938786946 2.35019375649 578.92243165 9052.15989192 0.980318162703 1.46634619514 0.320872665563 1.46723874186 0.808510300136 0.620436059736 6.47689614909 4.54666060315
-9999.0 -9999.0 -9999.0 -9999.0 -9999.0 -9999.0 -9999.0 -9999.0 -9999.0 -9999.0 -9999.0 -9999.0 -9999.0 -9999.0 -9999.0 -9999.0 -9999.0 -9999.0 -9999.0 8.48018031435 69.8883575801 130.018007282 137.08021337 9.89187634271 18.1696493855 26.1440564632 31.587686119 72.351546272 74.3249726051 1.89315343027 1.93162432772 332.628787026 336.1309402 337.73070354 7.17745691254 0.808514081678 2.21075716028 3.28861932134 10.4309949245 13.0576893531 15.0506274337 1.79073072164 2.48833627457 0.859626849951 1.73808639605 0.917412638122 9053.82960194 0.666500971371 2.91721590464 0.763432702167 2.56465430027 6.85989219546 7.86456913286 14.797674361 5.73026885831
-9999.0 -9999.0 -9999.0 -9999.0 -9999.0 -9999.0 -9999.0 -9999.0 -9999.0 -9999.0 -9999.0 -9999.0 -9999.0 -9999.0 -9999.0 -9999.0 -9999.0 -9999.0 9.75146606685 31.5850591734 61.5633228525 80.0412112734 194.153650787 202.593189942 17.1759064351 25.3861779263 32.1678778824 37.1874477934 76.4530516907 80.37513804 143.558944232 149.237052042 151.016068865 339.062903041 349.172018823 1.99069214157 1.48414331018 1.36648263736 2.61175815913 1.23131666199 17.5976727253 18.5477164953 3.29282052978 4.7103157657 0.989224128712 1908.53178033 1910.51686862 10965.251387 10969.2129585 0.911039930943 4.50863678144 1.18656520183 0.759056118861 16.1828766455 22.3905707155
-9999.0 -9999.0 -9999.0 -9999.0 -9999.0 -9999.0 -9999.0 -9999.0 -9999.0 -9999.0 -9999.0 -9999.0 -9999.0 -9999.0 -9999.0 -9999.0 -9999.0 -9999.0 -9999.0 11.504989502 11.1429787874 20.6851985162 48.7796186637 211.334321963 9.01124841892 8.86930016001 15.3085818005 22.28921492 52.4234557838 55.9273217564 3.20656049044 3.75073546854 153.360601444 154.60501429 505.21003509 506.380424637 0.676820615578 0.588599059483 0.505917934406 0.510960052196 0.646619291931 1887.22492275 1893.42830873 1899.95943655 1902.94410863 1907.30560197 1.07977781548 3.84724160665 4.35187253353 10975.1622909 10975.7045702 10977.0491327 10978.6671744 10980.8087348 23.1710635126
-9999.0 -9999.0 -9999.0 -9999.0 -9999.0 -9999.0 -9999.0 -9999.0 -9999.0 -9999.0 -9999.0 -9999.0 -9999.0 -9999.0 -9999.0 -9999.0 -9999.0 -9999.0 -9999.0 -9999.0 9.92814543167 10.5350445422 19.3526056095 249.072746366 256.58719499 8.57564986453 15.0007451167 22.2380833098 27.389444476 4.182657959 8.13915344446 519.778066561 521.32166631 523.816673126 539.766712886 1048.08789496 1850.84105318 1852.77284826 1854.52591201 1856.23850393 1864.79600348 1867.70384283 5.20862585744 2.23242788432 1.46063057637 2.69948914023 1.89670798848 3.07370889883 0.974576226502 20.74067255 23.0183752764 25.17832571 25.4344131011 10981.2691966 11005.3427195
-9999.0 -9999.0 -9999.0 -9999.0 -9999.0 -9999.0 -9999.0 -9999.0 -9999.0 -9999.0 -9999.0 -9999.0 -9999.0 -9999.0 -9999.0 -9999.0 -9999.0 -9999.0 -9999.0 -9999.0 -9999.0 10.1786941187 19.4676221749 28.8323270322 264.21756065 6.5901306562 354.119651792 361.595138679 365.630509056 369.879734361 503.117719064 507.736902997 1.67505425991 11.5621709529 13.6819626981 1.741934265 800.972631961 797.63821136 1.0403530109 2.49290204009 6.88813349606 1.57470411022 1.68972010881 1.1107665147 0.930483031597 0.693158877584 0.864499505975 17.921797198 18.8852527291 20.09806614 1.82847327109 1.79656254889 26.388579488 26.7213168605 26.9255079949
-9999.0 -9999.0 -9999.0 -9999.0 -9999.0 -9999.0 -9999.0 -9999.0 -9999.0 -9999.0 -9999.0 -9999.0 -9999.0 -9999.0 -9999.0 -9999.0 -9999.0 -9999.0 -9999.0 -9999.0 -9999.0 9.10376855183 8.53596829611 44.4803631153 325.605920447 340.571106005 347.728060631 5.75457506717 123.326983428 126.870905815 129.170604532 4.00213467277 5.99699386959 7.47941722598 170.983453526 172.365848176 173.596063844 795.415397121 519.541211505 1.39439879369 1.5047565229 1.42399605539 1.06213456131 10.7761507742 12.9563010484 14.8265123137 15.9243691371 16.9713510401 146.179313533 146.949934467 148.731009659 153.047431523 162.704068938 162.975172864 190.180328161
-9999.0 -9999.0 -9999.0 -9999.0 -9999.0 -9999.0 -9999.0 -9999.0 -9999.0 -9999.0 -9999.0 -9999.0 -9999.0 -9999.0 -9999.0 -9999.0 -9999.0 -9999.0 -9999.0 -9999.0 -9999.0 -9999.0 17.8723382632 27.4088269733 8.41303447311 9.05002883038 104.562778067 110.362253496 113.931237191 34.1531947695 36.682399991 39.587263599 41.6014051508 167.873591267 169.983323919 98.1476415506 273.306440129 274.715175907 518.493663929 2.82908471039 1.45385651432 0.942293975597 7.39520718395 8.718166384 0.719937070325 0.6560528 142.807303661 144.579546628 145.469956733 1.65989344858 2.92044933913 161.737911907 0.505475678402 1.74567618624 1.95187904113
-9999.0 -9999.0 -9999.0 -9999.0 -9999.0 -9999.0 -9999.0 -9999.0 -9999.0 -9999.0 -9999.0 -9999.0 -9999.0 -9999.0 -9999.0 -9999.0 -9999.0 -9999.0 -9999.0 -9999.0 -9999.0 -9999.0 9.03031905388 17.799929053 71.6288472622 80.3779910777 88.1140906692 27.568578571 31.7973532502 2.60261187288 119.780872277 122.108311911 124.458109182 2.05511719758 94.3252933266 96.5600368942 1.5210449919 511.053220397 3.3147329936 1.65418644081 3.98400622725 5.44418371617 1.03774646934 0.813288341262 133.894166934 141.210434868 142.28923521 1.12703007218 2.29914961639 2.89131757237 3.46434502677 7.10323486925 0.653041359691 1.43423113196 0.312716864703
-9999.0 -9999.0 -9999.0 -9999.0 -9999.0 -9999.0 -9999.0 -9999.0 -9999.0 -9999.0 -9999.0 -9999.0 -9999.0 -9999.0 -9999.0 -9999.0 -9999.0 -9999.0 -9999.0 -9999.0 -9999.0 -9999.0 8.89868367945 27.207461813 45.7804323383 9.18692222507 16.9754261632 22.882152165 108.933213604 112.498195065 114.936733784 2.0785641841 81.7221059793 88.5011173479 90.6379797523 1.32032237126 504.49323345 508.140555338 1.65613359666 1.46184803789 2.92170361631 1.12743416723 128.316807846 130.363891209 131.629657664 4.70305352158 5.79101212569 0.913155021273 1.64650581754 0.740834239447 5.19768423568 0.82805987011 0.383425980069 0.373869773652 0.420306294812
-9999.0 -9999.0 -9999.0 -9999.0 -9999.0 -9999.0 -9999.0 -9999.0 -9999.0 -9999.0 -9999.0 -9999.0 -9999.0 -9999.0 -9999.0 -9999.0 -9999.0 -9999.0 -9999.0 -9999.0 -9999.0 -9999.0 -9999.0 8.94118217696 9.49602379439 9.91781058815 82.5795672544 88.0009520873 104.2068602 4.04405995557 71.9405287227 77.7947645451 2.4294507619 5.03113387608 1.59748558493 499.730023692 2.02653345712 4.80924096617 5.95569918795 7.03793579203 121.691958121 125.0601378 126.391935819 1.3753544317 2.54538033458 3.5738310882 0.590431104471 0.517833770052 414.718244484 415.289837298 415.785268133 420.871908241 421.550032119 422.155210974 422.511505944
