data/baseflow/mHMbf_acc513.asc
ncols                  80
nrows                 72
xllcorner      4374000.0
yllcorner      5656000.0
cellsize            500
NODATA_value       -9999
[rows 0 to 23 of 72, columns 0 to 54 of 80]
-9999.0 -9999.0 -9999.0 -9999.0 -9999.0 -9999.0 -9999.0 -9999.0 -9999.0 -9999.0 -9999.0 -9999.0 12.9491644999 15.5482233728 -9999.0 -9999.0 -9999.0 -9999.0 -9999.0 -9999.0 -9999.0 -9999.0 -9999.0 -9999.0 -9999.0 -9999.0 -9999.0 -9999.0 -9999.0 -9999.0 -9999.0 -9999.0 -9999.0 -9999.0 -9999.0 -9999.0 -9999.0 -9999.0 -9999.0 -9999.0 -9999.0 -9999.0 -9999.0 -9999.0 -9999.0 -9999.0 -9999.0 -9999.0 -9999.0 -9999.0 -9999.0 -9999.0 -9999.0 -9999.0 -9999.0
-9999.0 -9999.0 -9999.0 -9999.0 -9999.0 -9999.0 -9999.0 -9999.0 -9999.0 -9999.0 -9999.0 -9999.0 24.6814000114 67.2494902227 13.4763671169 -9999.0 13.2357964702 -9999.0 -9999.0 -9999.0 -9999.0 -9999.0 -9999.0 -9999.0 -9999.0 -9999.0 -9999.0 -9999.0 -9999.0 -9999.0 -9999.0 -9999.0 -9999.0 -9999.0 -9999.0 -9999.0 -9999.0 -9999.0 -9999.0 -9999.0 -9999.0 -9999.0 -9999.0 -9999.0 -9999.0 -9999.0 -9999.0 -9999.0 -9999.0 -9999.0 -9999.0 -9999.0 -9999.0 -9999.0 -9999.0
-9999.0 -9999.0 -9999.0 -9999.0 -9999.0 -9999.0 -9999.0 -9999.0 -9999.0 -9999.0 10.3874284816 10.1126867497 10.8974691091 10.8703043779 87.108327567 99.2259271014 36.0535066883 11.4591939365 -9999.0 -9999.0 -9999.0 -9999.0 -9999.0 -9999.0 -9999.0 -9999.0 -9999.0 -9999.0 -9999.0 -9999.0 -9999.0 -9999.0 -9999.0 -9999.0 -9999.0 -9999.0 -9999.0 -9999.0 -9999.0 -9999.0 -9999.0 -9999.0 -9999.0 -9999.0 -9999.0 -9999.0 -9999.0 -9999.0 -9999.0 -9999.0 -9999.0 -9999.0 -9999.0 -9999.0 -9999.0
-9999.0 -9999.0 -9999.0 -9999.0 -9999.0 -9999.0 -9999.0 -9999.0 -9999.0 10.044231588 20.4327574805 40.6748952506 20.766762986 10.0056495754 19.3559788743 108.278438759 169.150129299 12.4856377678 -9999.0 10.2739431245 -9999.0 -9999.0 -9999.0 -9999.0 25.2707482068 13.0201014717 -9999.0 -9999.0 -9999.0 -9999.0 -9999.0 -9999.0 -9999.0 -9999.0 -9999.0 -9999.0 -9999.0 -9999.0 -9999.0 -9999.0 -9999.0 -9999.0 -9999.0 -9999.0 -9999.0 -9999.0 -9999.0 -9999.0 -9999.0 -9999.0 -9999.0 -9999.0 -9999.0 -9999.0 -9999.0
-9999.0 -9999.0 -9999.0 -9999.0 -9999.0 -9999.0 -9999.0 -9999.0 12.403017452 33.6736412618 43.4418015495 53.2278993526 70.798908582 8.89026638652 36.3533794218 44.8208421807 235.832992823 10.0881248302 8.11584216085 18.8331661739 27.2758323289 8.94040984254 -9999.0 63.7218072013 52.4594679762 13.9111175833 -9999.0 -9999.0 -9999.0 -9999.0 -9999.0 -9999.0 -9999.0 -9999.0 -9999.0 -9999.0 -9999.0 -9999.0 -9999.0 -9999.0 -9999.0 -9999.0 -9999.0 -9999.0 -9999.0 -9999.0 -9999.0 -9999.0 -9999.0 -9999.0 -9999.0 -9999.0 -9999.0 -9999.0 -9999.0
-9999.0 -9999.0 -9999.0 -9999.0 -9999.0 -9999.0 11.8672171794 10.4658363998 10.1233412303 10.4346533378 10.7033164108 74.90722548 155.679775694 165.352519891 171.847838002 5.6666282666 250.705909697 258.763756955 16.311294674 8.47245775216 35.515788785 61.6537784579 9.98247004993 95.4615637012 9.87994607583 10.851028072 10.3919589452 -9999.0 -9999.0 -9999.0 -9999.0 -9999.0 -9999.0 -9999.0 -9999.0 -9999.0 -9999.0 -9999.0 -9999.0 -9999.0 -9999.0 -9999.0 -9999.0 -9999.0 -9999.0 -9999.0 -9999.0 -9999.0 -9999.0 -9999.0 -9999.0 -9999.0 -9999.0 -9999.0 -9999.0
-9999.0 -9999.0 -9999.0 -9999.0 -9999.0 -9999.0 24.0796826813 35.4052945266 79.224208858 109.292427065 9.06195413705 9.38502458995 8.87303708746 25.8923175691 205.41156679 6.21860848382 266.164786743 296.692180058 24.1509582055 15.7335388565 69.2661739427 8.47281104029 103.878395505 17.319314767 8.88634167122 19.4859363847 20.656430086 10.3501252242 10.5718041329 10.1588243929 11.3861869915 22.730663673 -9999.0 -9999.0 -9999.0 -9999.0 -9999.0 -9999.0 -9999.0 -9999.0 -9999.0 -9999.0 -9999.0 -9999.0 -9999.0 -9999.0 -9999.0 -9999.0 -9999.0 -9999.0 -9999.0 -9999.0 -9999.0 -9999.0 -9999.0
-9999.0 -9999.0 -9999.0 -9999.0 -9999.0 13.8040270401 26.2462376646 12.3146120574 23.6726945825 121.058205345 141.096298381 160.680890451 537.301713268 8.52033669849 213.92126295 822.274232998 828.046965396 1135.79074408 6.97534626257 22.8501807214 76.923914216 7.55082161912 204.302342309 92.3016098789 58.2680232294 49.3484171029 10.0123675762 30.7082288254 30.5217007097 20.2733064455 9.95560824569 33.0759072104 9.9757938397 9.73148658566 -9999.0 -9999.0 -9999.0 -9999.0 -9999.0 -9999.0 -9999.0 -9999.0 -9999.0 -9999.0 -9999.0 -9999.0 -9999.0 -9999.0 -9999.0 -9999.0 -9999.0 -9999.0 -9999.0 -9999.0 -9999.0
-9999.0 -9999.0 -9999.0 -9999.0 -9999.0 14.0600185052 40.4709064125 79.8089391846 91.5769518784 181.827472496 192.52816963 226.703274902 368.109369978 566.23864575 585.244413232 594.295230513 15.0142509349 1162.70814492 1176.16613158 1214.17482777 1526.87211068 228.168116538 212.919886686 66.6938141323 8.39854367283 57.5251648711 39.6501446576 8.5311420805 39.4325847518 8.58582919345 18.7107111116 51.894491552 61.4063308399 19.0135496714 9.4523630116 9.06849601347 -9999.0 -9999.0 -9999.0 -9999.0 11.9651093465 10.9361461727 -9999.0 -9999.0 -9999.0 -9999.0 -9999.0 -9999.0 -9999.0 -9999.0 -9999.0 -9999.0 -9999.0 -9999.0 -9999.0
-9999.0 -9999.0 -9999.0 -9999.0 -9999.0 13.3948457376 12.5514448269 54.2185533278 66.351607679 78.9998868179 11.7014949506 23.0444339064 134.167084959 23.5355964189 10.5149679123 9.32511963401 8.14435442156 9.00111427943 8.28690635501 8.96446319923 1535.14653963 1558.30071041 7.6520541902 24.1632768169 16.689329551 65.6016811372 17.1796570793 8.2340316468 48.7131150945 16.7281873061 41.389071351 106.906472973 99.0980449807 28.310261107 27.8489377867 9.48842144431 9.36333943654 -9999.0 -9999.0 9.27363631735 24.743028574 58.6940798628 11.6298633929 -9999.0 -9999.0 -9999.0 -9999.0 -9999.0 -9999.0 -9999.0 -9999.0 -9999.0 -9999.0 -9999.0 -9999.0
-9999.0 -9999.0 -9999.0 -9999.0 -9999.0 -9999.0 14.3326452534 14.756838314 26.9035566765 39.5944571442 88.1039825463 112.07445763 124.029247335 12.6242624044 9.07558304673 127.699482264 155.462666695 163.911927635 199.708830798 207.578102612 7.99597710391 1566.46036122 1604.47449522 29.9493955161 3.19626038035 71.764182748 161.228049722 64.8747412907 15.8127518043 7.83555278962 164.29277159 115.271833807 8.2722416485 8.14996478761 36.3199658561 27.5517734652 8.7981239439 8.60355296147 8.90475710281 17.9259154131 8.38244146669 71.2599491294 79.4243325051 7.72742546135 -9999.0 -9999.0 -9999.0 -9999.0 8.84478737215 8.24149191112 2.24700955542 -9999.0 -9999.0 -9999.0 -9999.0
-9999.0 -9999.0 -9999.0 -9999.0 -9999.0 -9999.0 -9999.0 13.8627281624 11.1353017636 24.4750067625 37.2365438242 12.0473534253 10.3152601034 67.9594549312 88.6623558443 109.966616916 9.83132140072 18.6181108368 9.33868103591 215.932070406 495.975695586 506.920603782 2129.7372552 7.58299456895 9.63658079952 2.87248120833 168.734891819 7.78156221159 23.807587311 7.70658514598 172.337187477 180.394833052 16.5934790831 16.1645246407 90.2715208694 45.1466329761 17.4824543254 8.96408597326 17.7058765834 26.583137363 43.0343975301 7.99479965576 94.6619260789 101.991873495 6.57432212587 7.10728942845 7.33159475501 6.57631565082 6.19713203138 23.9709670056 8.84919899828 5.5869311356 -9999.0 -9999.0 -9999.0
-9999.0 -9999.0 -9999.0 -9999.0 -9999.0 -9999.0 -9999.0 -9999.0 24.9199124665 34.9041825965 11.9805974817 24.6745325234 36.1369487832 58.5707929359 11.3219271568 10.7066954744 8.88379242473 8.97213929151 7.98797141103 262.585980443 9.80193547198 18.8926017676 2160.46599996 2181.13538652 7.82062683099 25.2784972259 201.074563688 15.0190459493 30.6796462331 14.2708937468 21.0843910723 211.307773185 23.8503055777 128.709538977 105.476992317 7.58228067134 42.6212153228 17.1750995664 25.5007925378 7.67469163337 50.678319036 65.9861926817 72.3110062222 78.2809585974 126.673831865 12.4903931636 13.055371112 11.8360637953 11.0359318752 29.6313585704 5.81734717254 20.4253143673 25.6090836754 -9999.0 -9999.0
-9999.0 -9999.0 -9999.0 -9999.0 -9999.0 -9999.0 -9999.0 -9999.0 13.4439570847 61.3927434056 72.915817154 11.4971002366 22.2759240914 10.7339015656 9.59559473681 9.41663866954 122.643475886 163.819091111 205.452393695 250.767642789 11.3384126499 9.38286148238 9.45601446688 2228.07981632 2253.43823801 2262.25741621 270.667955859 60.8086152401 52.9913020844 6.740540226 27.771449328 245.953343055 6.98518576288 135.727957905 7.61028471713 54.7498384238 50.9503480344 8.03201310513 33.280389975 15.369802334 22.805518197 6.98493751335 5.74801127684 84.1693668678 89.5085272113 131.997726187 18.7324828926 17.2161901177 16.2000722257 35.8195957735 47.6230408549 5.88957494289 31.027610028 5.65948836065 10.6510115855
-9999.0 -9999.0 -9999.0 -9999.0 -9999.0 -9999.0 -9999.0 -9999.0 -9999.0 14.0291944067 85.4722399682 96.6575660377 33.1483602005 54.8738022165 74.6453198047 84.914228293 10.7428214093 32.0814064468 21.4484700917 11.2411756778 10.7725783687 9.37356062597 18.7283802627 32.1560015531 12.5441020691 2555.7953307 2564.31530834 7.41854767317 6.01623857732 13.232741779 19.7067970089 265.919754147 13.4677554551 141.884035001 82.4018843766 68.2688671126 7.4230352031 15.1995205271 40.1222626956 6.83806265226 29.3377657531 13.539060408 8.74897354577 2.7754050488 100.006614138 236.364919687 22.6621976296 21.2390621206 21.0401812879 4.89988232096 52.4798619151 4.71717452266 41.5455509173 4.84914969598 15.5876312709
-9999.0 -9999.0 -9999.0 -9999.0 -9999.0 -9999.0 -9999.0 -9999.0 -9999.0 -9999.0 11.5815799747 119.915416498 10.7317759773 21.5457198314 31.2278540938 50.3642283637 9.90052796955 20.994416601 10.2721451466 9.51872295609 9.04559606155 17.9349981786 8.16244214515 9.00298550572 18.1310110027 10.8076720495 2574.89972712 2591.36827046 2614.05914379 26.2753198419 6.53618240297 13.0318734428 272.829320574 257.464585494 96.7461118663 7.03057066567 29.6571057908 22.3646846421 46.9868483332 13.6483978059 56.2269491082 20.151762078 13.8439865679 1.27146124471 2.95234614462 241.904928469 246.890909523 295.044181079 36.323791568 10.0445150514 57.764678759 67.6471081642 113.786942186 9.69357494271 4.43314999803
-9999.0 -9999.0 -9999.0 -9999.0 -9999.0 -9999.0 -9999.0 -9999.0 -9999.0 -9999.0 -9999.0 6.2356817838 132.397024474 9.97074595732 19.4576796634 88.897364594 9.95575780401 9.7955374118 8.45183310379 18.27979176 9.02306932735 35.8724315595 52.0301230208 59.4372536564 25.1918530675 32.019398784 8.05179664889 9.61294133521 9.47834727191 2656.34913132 2675.82729583 278.791631152 269.735576985 263.642057389 12.5516936063 6.10503012672 36.0167025622 95.7510119865 53.3869020219 19.9517920115 82.384755894 24.3104480835 18.4405802132 2.29897088937 0.906147753768 0.975729661238 1.65815055553 304.32103598 354.723484509 4.68290311455 4.41734635614 4.6182543827 118.184899583 131.901851253 7.71334555231
-9999.0 -9999.0 -9999.0 -9999.0 -9999.0 -9999.0 -9999.0 -9999.0 -9999.0 -9999.0 -9999.0 5.69754066261 145.757656712 178.456247651 9.60715172452 107.854634768 9.06039629805 8.51946845006 16.9517731826 43.971883583 8.59467553099 9.21772489864 7.79395585864 75.0564751393 82.578038306 122.475331278 137.119574162 143.945131306 151.348688153 158.602957676 2843.2404617 3134.61057865 3416.68341996 3423.68302894 5.96220453386 5.99744286388 108.54254387 102.197611568 6.26695536277 6.07357782302 88.2745423951 118.959901812 4.67062715302 43.1794876802 40.472750408 5.39006333581 3.18986420946 5.58038429654 5.15111753807 363.649715609 4.56728819378 13.0074718951 16.498641194 157.515107352 166.294449657
-9999.0 -9999.0 -9999.0 -9999.0 -9999.0 -9999.0 -9999.0 -9999.0 -9999.0 -9999.0 -9999.0 12.1701946255 23.1437697989 189.020769769 206.715719668 8.96991915313 128.637614434 7.5983179485 23.4642295694 51.6828474829 16.4628467499 7.81299754919 16.4389877236 6.9018674611 13.2471823215 6.37835244917 5.46611850678 3.48900076676 2.81907483733 2.37041065344 2.25510710653 3.93429957688 5.96251166315 8.2802997231 3444.16903056 130.124033659 118.720186982 4.74445112645 17.7530897284 4.25136537671 3.56979816798 124.522602066 184.647904975 49.5581595802 38.50758632 3.27197736135 1.35097648225 1.13292930818 4.71595453301 372.889945 381.66878884 4.60315900507 4.69568587957 3.17601063925 1.23104302836
-9999.0 -9999.0 -9999.0 -9999.0 -9999.0 -9999.0 -9999.0 -9999.0 -9999.0 -9999.0 -9999.0 -9999.0 9.60620578399 140.680869203 356.975430526 386.282182978 524.139831078 535.548087714 118.294679132 84.0407062422 24.4534357733 7.65420011887 31.6118368467 38.9168670889 58.726015165 13.1622276007 11.7849484375 9.96354755232 19.1152027707 8.56033146478 7.98725831927 3.79075081226 1.30885824895 1.83750068326 3450.15543677 3584.33578686 3591.54412221 4.88619524295 47.3656432521 19.6864107808 6.04464628821 204.222349885 13.9575682756 7.27095471478 28.6825412655 4.70218672913 3.91084078531 7.36660859981 10.8338668275 14.9239818036 388.977211295 3.4662963471 2.96873329771 2.97199277902 1.96231804149
-9999.0 -9999.0 -9999.0 -9999.0 -9999.0 -9999.0 -9999.0 -9999.0 -9999.0 -9999.0 -9999.0 10.9709144759 107.532353022 130.455979092 20.5480586466 6.29564160904 13.4933685118 557.237403406 566.717365676 695.852044311 6.79953474584 14.3611758679 6.2797975271 6.39999146324 65.1396156603 84.69180354 102.213208984 5.78745864492 24.9875855688 39.2843340782 22.8312881215 9.38985295913 5.11431059397 3.47021109735 3.78599404738 2.34091033406 3596.92293789 3601.17111738 3656.85688408 10.3300357363 5.36294458441 211.778589263 14.4457898749 7.54869596467 8.34539282228 8.28309007146 7.04332481299 11.2605350087 33.5535594747 52.9917921033 445.446925462 2.5872388047 7.74784247103 5.24677091644 3.99187135824
-9999.0 -9999.0 -9999.0 -9999.0 -9999.0 -9999.0 -9999.0 -9999.0 -9999.0 -9999.0 -9999.0 11.3269232706 76.2993042117 11.888679504 9.80062069743 53.4664014405 62.1110152926 70.7676691852 78.3617473923 937.91267745 944.573461796 958.116078716 1059.11926282 1077.18241925 1086.62948847 1093.33417368 1204.90222588 1217.79120308 1223.75148666 1269.37161714 1298.86056659 1304.52142054 1318.31483562 8.71962974851 6.02346089937 0.851869964372 1.29958950003 3605.66147485 3676.18185218 15.2360640503 252.481081585 246.894776763 27.3072505944 6.41670533892 6.45668727243 6.21950781034 6.18759912377 12.4865739597 17.8125126406 5.14274795081 448.809556485 452.425889706 468.460510723 471.36967698 478.040063448
-9999.0 -9999.0 -9999.0 -9999.0 -9999.0 -9999.0 -9999.0 -9999.0 -9999.0 -9999.0 -9999.0 39.9197016982 52.6349866997 23.9051656267 35.10016973 10.99628978 122.968187557 132.287416351 150.599753189 156.087479009 57.4521193508 1026.18416363 1032.1847283 4.94392315188 2.79055515679 1.96488163825 5.23403028221 2.16219153282 1.3532752209 1.19547580389 1.68032270322 1307.97567013 1322.47435239 1337.7260375 1349.31960303 1354.33537587 1.84072995804 0.737612509313 3941.86363289 261.91776413 258.389734513 5.56601733422 5.33953303419 5.06773703634 11.5763905067 11.3542295197 5.03529740153 4.99476452189 4.53324056016 9.54806965797 12.5697267452 2.32018701999 4.10147585146 1.36446150869 0.318999679034
-9999.0 -9999.0 -9999.0 -9999.0 -9999.0 -9999.0 -9999.0 -9999.0 -9999.0 -9999.0 -9999.0 -9999.0 27.123623908 12.4430375073 10.9104301867 104.379264013 114.226630169 9.76127489084 37.1965361257 45.3861074315 51.6477817366 7.41650829084 5.31197129643 143.893738552 148.117203725 151.772026514 409.277616266 411.323172891 413.942378371 437.165980337 444.964250718 445.983939633 1.04517366524 1.14018051557 1.50856230666 1360.0723257 1.89339615453 3984.69253192 3980.97511141 35.9854471117 31.8001885786 21.0532743542 5.2065625475 10.0042499967 16.7131967444 16.5192992219 9.89710371899 4.76101916492 9.21864614392 8.91545675289 16.3626664408 1.93626511285 5.81952952185 9.72871912874 10.4400196259
