data/baseflow/mHMbf_acc303.asc
ncols                  80
nrows                 72
xllcorner      4374000.0
yllcorner      5656000.0
cellsize            500
NODATA_value       -9999
[rows 25 to 49 of 72, columns 0 to 54 of 80]
-9999.0 -9999.0 -9999.0 -9999.0 -9999.0 -9999.0 -9999.0 -9999.0 -9999.0 -9999.0 -9999.0 -9999.0 23.8670111576 47.5063665788 22.8752619371 45.9583599382 20.8909637969 156.228263038 196.59873925 217.174810727 19.3045868667 37.6010042626 352.883264537 441.085259167 456.838281873 34.7327261581 32.3901837984 46.8066341181 10.0667132647 9.35851381779 17.6914814358 8.13221223978 525.094996237 534.338808109 541.583757673 4252.8935283 8404.00324671 8346.11845173 13.3087745644 5.95503299036 5.44694809618 23.60819981 18.2119408011 44.6680119512 62.0817807291 124.279184812 11.4971523628 11.4747739435 102.21742736 112.845476076 222.584329092 229.512559392 247.260621424 253.438397912 5.41827217049
-9999.0 -9999.0 -9999.0 -9999.0 -9999.0 -9999.0 -9999.0 -9999.0 -9999.0 -9999.0 -9999.0 -9999.0 -9999.0 23.33573839 46.6751099194 69.9880519766 113.123427043 22.3450728756 20.7169735339 137.203283804 156.517913688 317.63778548 337.354544719 55.7275389924 18.424878925 17.0625271841 15.8769602268 467.550374674 479.290680615 490.212429047 499.261829942 516.267942301 98.682166784 106.759963703 654.942937674 13316.643005 48.3613465999 38.7419936161 19.9881317018 5.27823316935 4.66047814089 34.311337844 38.0772577681 54.4140950967 4.99840934789 130.80544554 19.8613281271 19.5543603808 4.66948864508 3.13899476538 2.717982601 2.67503763508 2.82526062261 257.125370606 3472.7297639
-9999.0 -9999.0 -9999.0 -9999.0 -9999.0 -9999.0 -9999.0 -9999.0 -9999.0 -9999.0 -9999.0 -9999.0 -9999.0 -9999.0 22.5729766286 41.3382303688 58.1402187402 75.2730300588 95.9229588184 117.059710849 62.273786857 103.593742479 19.6214617763 18.9141211054 382.974378386 419.105387182 435.815906296 453.421416318 13.9859905462 25.5603746086 66.8580732297 78.8619748038 89.3842292416 9.78170833708 6.56120222177 13339.693352 9.38324245498 10.9940349062 5.30912422374 21.8328916857 10.5645401484 4.89806154553 97.4714916129 101.281205609 3.13475599809 134.223271717 157.085204522 23.065382503 3613.40291065 3606.0199139 3599.796745 3587.45127046 3582.44190661 3493.54501382 3489.78785296
-9999.0 -9999.0 -9999.0 -9999.0 -9999.0 -9999.0 -9999.0 -9999.0 -9999.0 -9999.0 -9999.0 -9999.0 -9999.0 -9999.0 4.21721295922 9.67465349808 16.7381698054 149.120764208 170.688934685 21.7096957101 20.9638802549 20.7794601026 307.209411154 346.97033571 19.2882951098 19.5150266753 16.4279690245 68.2647370389 84.9870110221 42.5142284128 54.889992979 389.689485052 402.784680838 423.870331209 675.699671767 14020.7702763 8.87603801343 4.42357606038 33.4028853796 27.7170129886 4.32862370007 13.7425870303 17.8451915859 105.734482523 109.324161176 275.679627698 160.079772169 27.0138221959 3692.62483982 33.8638348761 3594.10707795 3590.95773807 84.0356732745 5.68903112489 13.0152031518
-9999.0 -9999.0 -9999.0 -9999.0 -9999.0 -9999.0 -9999.0 -9999.0 -9999.0 -9999.0 -9999.0 -9999.0 -9999.0 -9999.0 21.6000299719 35.3382059492 74.1553480286 129.079307416 185.903579588 226.462972496 247.250935408 268.201685645 288.469188453 19.574122497 18.1671702785 35.8141994212 33.8993237207 17.8645325102 336.608087344 352.939161475 367.991007162 382.453042005 221.068778574 233.077920814 244.619364474 14025.2433538 15.1947467761 11.0339733959 48.6306372189 5.75205956463 7.94886569916 4.0699480422 3.79474697641 21.4884501169 2.90295068864 3.09629576442 3986.22222182 3708.25360166 3705.17251797 13.9946595496 30.9804639053 20.2538122386 4.94019872128 75.0926954518 21.7391270596
-9999.0 -9999.0 -9999.0 -9999.0 -9999.0 -9999.0 -9999.0 -9999.0 -9999.0 -9999.0 -9999.0 -9999.0 -9999.0 -9999.0 15.0660264255 13.8667098737 27.126951647 41.5351051062 20.9066168635 23.2766858621 44.9467213691 66.3691525242 107.414810695 127.588252836 145.586959471 200.086808905 217.220447458 235.938353776 16.8973372517 168.877474878 183.656818282 197.523455556 11.4939140362 6.96488261799 12.4307472044 14281.0430532 14285.3277811 14308.9654067 65.115578116 11.8966780172 13.065196929 3.59245865451 6.723593157 24.5228373772 30.0368049462 5.62032864638 4000.20282436 4.46434014862 7.72114575417 8.76083957385 6.18557886877 11.6828929736 4.73972595827 48.5509951036 38.3064028123
-9999.0 -9999.0 -9999.0 -9999.0 -9999.0 -9999.0 -9999.0 -9999.0 -9999.0 -9999.0 -9999.0 -9999.0 -9999.0 -9999.0 -9999.0 12.9980058971 25.7450045753 12.7864929273 26.8132062424 169.885922413 188.891155947 209.828699331 20.3689485335 20.3656195569 38.4065741471 57.1376893546 91.1199877716 108.600793387 119.363158031 135.558836906 13.9019006184 13.1683364592 221.19444251 227.762013518 233.350908731 238.73642633 200.494806179 14531.4896119 14629.4015416 14634.0510612 14651.3567272 14671.9559729 14681.3045478 2.8105686643 32.6307293956 4002.81701061 6.74323308833 3.47288586388 3.41178379576 3.13809703901 5.58097983268 5.86563320808 3.46198745916 5.40098993179 5.26975442789
-9999.0 -9999.0 -9999.0 -9999.0 -9999.0 -9999.0 -9999.0 -9999.0 -9999.0 -9999.0 -9999.0 -9999.0 -9999.0 -9999.0 -9999.0 -9999.0 38.3564629509 52.3699094222 94.1178881636 127.659554927 18.5346865502 250.972674731 271.137297434 290.582468798 18.9547126211 37.5108180746 16.9749740458 127.0399554 137.123102525 152.541560023 167.961211577 205.780296732 211.499136462 3.71797163237 179.803494706 190.514236573 195.435239656 218.02898381 28.35006237 17.9607649399 11.1746167249 10.8358233445 14692.1909224 14696.146026 14752.1257788 4005.35212683 18.0036095386 8.94884478719 5.88287650656 1.96728686723 17.8036117797 9.69196535368 3.02152809505 17.2887530922 14.7551584921
-9999.0 -9999.0 -9999.0 -9999.0 -9999.0 -9999.0 -9999.0 -9999.0 -9999.0 -9999.0 -9999.0 -9999.0 -9999.0 -9999.0 -9999.0 -9999.0 14.0646354566 66.1775763226 80.965431302 19.5805038893 21.7247090605 43.8302554047 64.6712618063 374.974850731 19.0144263047 76.07817154 93.5149240584 110.895846937 10.5482147453 24.9524293589 33.8920421656 144.007056201 161.264464721 165.657134357 5.1893878272 5.50247803935 6.82501661254 12.5003517085 5.49812210178 5.93505292456 9.48567412166 8.62805517448 9.44613394203 20.8006326374 14756.706847 18773.3790678 22.1293577599 4.87640870532 1.90653109828 57.0918673746 52.7561028593 31.8801006656 28.7749968099 21.7085459403 5.28431785141
-9999.0 -9999.0 -9999.0 -9999.0 -9999.0 -9999.0 -9999.0 -9999.0 -9999.0 -9999.0 -9999.0 -9999.0 -9999.0 -9999.0 -9999.0 11.4082228721 38.403354593 12.8668484777 22.5411178033 23.8148305364 45.9063683421 67.5781717196 86.3685637737 475.49981751 494.083805103 19.0949655299 36.7676193214 54.5632974192 68.0652010548 83.0799003161 128.388861883 138.495705147 11.2291910421 8.92780071949 8.11956160492 9.71769193182 10.1600513161 10.4635732995 9.13241439821 11.5072965031 31.6091907788 14.5383572171 4.12627019374 3.93085010109 4.1709332133 7.80541914388 18948.6859557 148.063580638 66.2904956138 4.63752979429 1.9840083105 1.79731008318 6.92764564417 4.95730064446 2.62092082809
-9999.0 -9999.0 -9999.0 -9999.0 -9999.0 -9999.0 -9999.0 -9999.0 -9999.0 -9999.0 -9999.0 -9999.0 -9999.0 -9999.0 12.149998962 23.1869012506 85.3922517495 12.1311509253 41.2846739243 64.75054414 87.0028667588 22.5663061342 42.8139404157 59.9176217141 567.358643601 18.2136497917 35.0021847563 52.2896263381 16.1829010272 32.1526707757 43.0280215577 53.0906982833 1131.7594554 1149.18297044 1164.94341819 1231.43439677 1261.60058842 1317.23746461 13.6314514759 31.7736019459 38.5200620543 1472.52697006 1480.50296541 3.61126786899 6.64849441781 9.54049585114 18951.7341605 138.171667949 66.1593566476 63.8439960202 48.1377827107 41.2971247099 9.18178368365 2.12415878119 4.37763594182
-9999.0 -9999.0 -9999.0 -9999.0 -9999.0 -9999.0 -9999.0 -9999.0 -9999.0 -9999.0 -9999.0 -9999.0 -9999.0 -9999.0 12.5403107114 37.679494294 135.409362206 199.056006988 10.7531462867 262.866979303 363.844691162 21.8004856504 42.1092197888 60.4000666024 738.731790899 753.207648725 15.5056226103 83.7687693307 98.6232480945 112.32583564 1018.83031308 1051.44248932 1069.21492573 8.37295872496 47.693734739 56.6048505781 24.9333775231 36.180123781 1366.37695147 1413.25758999 1421.72562458 1429.62027949 1489.05695226 4.17870117982 3.55150725664 15.8772322439 18954.5135571 3.45103810783 4.67597133895 13.7698510696 5.09599451779 37.7490364034 29.3627044424 17.2366088051 12.5983548551
-9999.0 -9999.0 -9999.0 -9999.0 -9999.0 -9999.0 -9999.0 -9999.0 -9999.0 -9999.0 -9999.0 -9999.0 -9999.0 -9999.0 -9999.0 -9999.0 26.231697261 52.5315589409 236.130116009 249.829608785 375.638457654 389.697604496 21.2611899518 42.4572923325 99.4345520472 765.480844344 796.954388653 810.411101161 11.0479796157 860.531918153 894.782718804 21.1535498323 8.48973231032 16.6738578325 32.3065095563 7.64790078205 15.2821562238 33.6439735288 42.0698795615 7.76983547656 5.03191319253 9.95814346294 1527.83505083 1540.98587173 1543.97819938 1567.93126235 18956.9362037 2.07482441251 3.30063120743 3.82333925674 3.6163301858 3.71681198225 3.1533947913 5.87212939337 1.54450607493
-9999.0 -9999.0 -9999.0 -9999.0 -9999.0 -9999.0 -9999.0 -9999.0 -9999.0 -9999.0 -9999.0 -9999.0 -9999.0 -9999.0 -9999.0 -9999.0 13.6850370014 13.3291105099 13.349980484 28.0733950016 12.2931560187 414.023271204 426.95336172 19.3782434463 39.0812745539 19.0487526201 16.319461099 15.8712435161 838.966767022 11.5922419103 23.2683804445 11.2659502406 9.13091577939 8.01682942869 6.22316910945 6.4762902659 19.6110507077 26.8325813289 5.08740634833 4.39753533735 9.37145868891 15.5295415514 21.477984076 6.62086592248 1548.72183383 1570.98051504 18958.4029399 11.902906808 8.00155487817 2.22195800471 5.31645067451 1.7452651067 1.27979983439 7.28605784785 8.03660363668
-9999.0 -9999.0 -9999.0 -9999.0 -9999.0 -9999.0 -9999.0 -9999.0 -9999.0 -9999.0 -9999.0 -9999.0 -9999.0 -9999.0 -9999.0 -9999.0 -9999.0 -9999.0 13.1787595973 40.0518482847 50.6955426328 62.492365498 438.505562089 450.352437791 462.682288695 477.999569757 493.4380812 525.243553584 536.377666604 547.363425095 556.719308273 8.18322038464 7.64710967584 7.95640342578 27.4596257334 7.20131866912 6.76714964745 5.34876905895 15.3266459504 5.83638544434 4.39998978427 4.0787839785 3.50285739308 6.98986603641 9.91004067327 1590.82350566 20562.8517689 1.72981870339 3.92397665027 1.81514226806 7.25914703029 4.0881457254 2.57349748346 21.4830184787 13.074538497
-9999.0 -9999.0 -9999.0 -9999.0 -9999.0 -9999.0 -9999.0 -9999.0 -9999.0 -9999.0 -9999.0 -9999.0 -9999.0 -9999.0 -9999.0 -9999.0 -9999.0 -9999.0 -9999.0 10.7615977782 87.121409022 173.413519914 186.124488466 18.7719333778 38.2391460095 58.1288542939 75.0175120395 185.998506065 195.122101865 8.76200366982 8.59546529627 573.761726405 588.829595951 595.87514808 32.8273205304 4.76421365646 11.921381634 17.4162424677 51.4226994624 62.5358454335 70.9773846902 7.73725945252 10.6755442714 3.51017117415 6.82935466132 3.44492476656 20568.5189948 1.60224981797 6.90010065863 3.79014714075 12.5127810381 23.4334127404 26.9252217576 49.3284292458 16.2865374651
-9999.0 -9999.0 -9999.0 -9999.0 -9999.0 -9999.0 -9999.0 -9999.0 -9999.0 -9999.0 -9999.0 -9999.0 -9999.0 -9999.0 -9999.0 -9999.0 -9999.0 -9999.0 12.2164432972 39.2309041038 76.5775981368 99.7733877889 257.697303123 273.490746277 41.0545737244 61.1752362059 79.0061081848 95.8983482793 205.595515323 223.928117816 404.343555565 419.494238453 427.874725904 602.883282281 653.13477012 11.654824166 7.72545929447 7.33572757642 13.8510449803 6.08869633691 82.3392419146 86.3712303143 13.9857363054 19.1231528149 3.98525464475 4351.96679077 4358.650871 24930.4144885 24939.1647699 1.55877211701 15.8666301294 2.09995319672 1.92124355133 53.4397594434 71.3079882859
-9999.0 -9999.0 -9999.0 -9999.0 -9999.0 -9999.0 -9999.0 -9999.0 -9999.0 -9999.0 -9999.0 -9999.0 -9999.0 -9999.0 -9999.0 -9999.0 -9999.0 -9999.0 -9999.0 14.1406642317 13.7046310797 25.6852272314 60.706092733 285.278130696 20.9636996213 20.7306465663 38.4066860647 56.397726722 140.04976264 153.208228847 10.0039905374 9.86778231372 438.084950619 445.511892418 1106.2847942 1113.09173897 4.16115202142 3.66338149432 2.9997139481 3.02897657368 3.16321942012 4275.04256749 4298.72175654 4323.31059326 4332.34348734 4347.57573471 3.67089085473 13.3963451408 16.1998363114 24960.0930149 24960.7599636 24964.1225208 24968.3299743 24971.6096191 74.5315930009
-9999.0 -9999.0 -9999.0 -9999.0 -9999.0 -9999.0 -9999.0 -9999.0 -9999.0 -9999.0 -9999.0 -9999.0 -9999.0 -9999.0 -9999.0 -9999.0 -9999.0 -9999.0 -9999.0 -9999.0 12.3982935105 13.0688455648 24.0866406386 332.362515888 345.873240257 20.4665371697 38.006850941 56.3319964651 71.3775679654 13.6246935803 25.2680733207 856.529053459 864.926896716 874.063406657 937.543366957 2058.81854844 4111.48287487 4121.41334412 4130.20552792 4138.61847283 4173.60231787 4184.74982451 19.5686246073 8.67953701009 5.04678135909 9.4750362497 6.60514906455 10.548530729 3.215365898 78.7755052428 84.822947233 89.3462376162 90.5841329136 24972.6167418 25049.8880689
-9999.0 -9999.0 -9999.0 -9999.0 -9999.0 -9999.0 -9999.0 -9999.0 -9999.0 -9999.0 -9999.0 -9999.0 -9999.0 -9999.0 -9999.0 -9999.0 -9999.0 -9999.0 -9999.0 -9999.0 -9999.0 12.662344186 24.205911514 35.8271714425 355.910530518 15.1636235573 495.671374562 514.510962048 528.697430864 541.399818176 807.847162883 820.093906719 9.19485627953 46.3711036003 56.010450118 8.46833422826 2042.81595608 2027.71736067 4.62889395789 10.58886241 27.7504510647 6.04303018356 6.04759234662 4.34795990536 3.51702096459 2.7301229341 3.07151712348 68.8597540563 71.9546405583 75.7139582467 3.77631304878 2.88780254638 92.2302253639 93.7637316921 94.594904281
-9999.0 -9999.0 -9999.0 -9999.0 -9999.0 -9999.0 -9999.0 -9999.0 -9999.0 -9999.0 -9999.0 -9999.0 -9999.0 -9999.0 -9999.0 -9999.0 -9999.0 -9999.0 -9999.0 -9999.0 -9999.0 11.399007694 10.6654460415 55.5225472068 435.332428703 462.702188278 478.246497028 18.0514064429 233.780657281 247.407986011 253.780267362 11.6351486315 21.4700307454 29.8733736665 490.258499518 496.665956233 502.179128577 2017.78866769 1188.4249052 5.7823213654 5.83171424923 5.60088040122 4.17675129487 43.1581324764 51.1591741785 58.1598587845 61.9182905117 65.5303783856 488.643765718 491.155388564 495.311972984 505.545574773 537.256699217 538.395105256 634.154409805
-9999.0 -9999.0 -9999.0 -9999.0 -9999.0 -9999.0 -9999.0 -9999.0 -9999.0 -9999.0 -9999.0 -9999.0 -9999.0 -9999.0 -9999.0 -9999.0 -9999.0 -9999.0 -9999.0 -9999.0 -9999.0 -9999.0 22.2945037281 34.2076085647 13.4118151744 20.8205896983 167.694968236 186.452431164 201.158782675 101.214255979 113.546164077 126.160928809 135.323029935 476.099034363 484.659332813 309.056260709 817.89394927 824.076354623 1183.75877896 11.4910273645 5.7222124743 4.0183559369 29.9870985836 34.9979008854 2.79285749451 2.56995267913 477.384317139 483.486681972 486.311584935 4.75248235035 7.19577247562 532.61693952 2.94983070678 8.36070804574 9.19063249317
-9999.0 -9999.0 -9999.0 -9999.0 -9999.0 -9999.0 -9999.0 -9999.0 -9999.0 -9999.0 -9999.0 -9999.0 -9999.0 -9999.0 -9999.0 -9999.0 -9999.0 -9999.0 -9999.0 -9999.0 -9999.0 -9999.0 11.2168677382 22.1747760729 96.543030579 110.651793766 127.994445735 72.867827672 88.7037213645 12.9251752608 309.746541785 321.435381505 332.31701394 9.31595490261 293.11136637 301.971760977 6.54300253445 1153.4626867 13.2518038164 6.61291867358 16.2229559876 21.9645124729 4.1020224169 3.31791149059 445.191068421 471.896620592 475.50991139 3.81151875179 7.77478317962 9.8858232951 11.849342177 23.5971321677 3.01047622978 6.86440186247 1.34374049597
-9999.0 -9999.0 -9999.0 -9999.0 -9999.0 -9999.0 -9999.0 -9999.0 -9999.0 -9999.0 -9999.0 -9999.0 -9999.0 -9999.0 -9999.0 -9999.0 -9999.0 -9999.0 -9999.0 -9999.0 -9999.0 -9999.0 11.0455339995 35.2701045119 62.886985143 16.3844800815 36.0249036974 55.3670267154 258.021689243 272.989335498 285.322823398 11.4921916893 233.66180952 267.096179008 276.572881721 7.45416639163 1126.31124565 1140.83709577 6.65966373733 6.07737065832 11.7743056075 4.63442546715 423.8012792 431.826640278 436.298324166 17.2083595149 20.8979775724 3.17860674353 5.58027487595 2.42384242625 17.1542895318 2.45536253158 1.74003733272 1.83656970706 1.889674492
-9999.0 -9999.0 -9999.0 -9999.0 -9999.0 -9999.0 -9999.0 -9999.0 -9999.0 -9999.0 -9999.0 -9999.0 -9999.0 -9999.0 -9999.0 -9999.0 -9999.0 -9999.0 -9999.0 -9999.0 -9999.0 -9999.0 -9999.0 12.586580579 14.5202968971 18.9083501129 168.947648705 187.206892022 240.996772572 15.768681329 184.971855403 211.936473817 11.6607431159 23.5703237709 8.75491513669 1103.53719432 8.87976931083 22.1201967137 27.2466822016 32.1260215207 394.769404251 410.910717841 415.980749223 5.13209442901 9.34114333542 13.1090938779 2.15187948878 1.91464268641 976.163698228 978.032783678 979.52535106 994.921209982 996.814587572 999.156993213 1000.60213443
