data/baseflow/mHMbf_acc557.asc
ncols                  80
nrows                 72
xllcorner      4374000.0
yllcorner      5656000.0
cellsize            500
NODATA_value       -9999
[rows 25 to 49 of 72, columns 0 to 54 of 80]
-9999.0 -9999.0 -9999.0 -9999.0 -9999.0 -9999.0 -9999.0 -9999.0 -9999.0 -9999.0 -9999.0 -9999.0 23.6992241944 47.0282048484 21.4910532831 43.0682318209 19.0336305851 146.616230951 182.831905235 201.874140521 17.2951057722 32.4446781938 324.676658455 400.153797308 413.786738391 30.496269795 31.291685267 44.5469444045 6.47386611022 5.95740625712 11.3089714932 6.13341511298 504.368560106 511.554081484 519.003987961 3707.40711139 7427.49581289 7371.60112088 9.33459090673 4.06516476446 3.67905434419 16.4812264415 13.0113345153 37.5510574475 54.654126217 109.753698666 10.0201989104 9.99008824677 89.1832499959 97.8653984623 191.581767064 197.115713011 209.100463124 213.184223401 3.70665083472
-9999.0 -9999.0 -9999.0 -9999.0 -9999.0 -9999.0 -9999.0 -9999.0 -9999.0 -9999.0 -9999.0 -9999.0 -9999.0 22.3397302909 44.5583162667 66.9713791435 106.770308348 21.0373550911 18.9329125656 133.957670262 150.977120859 296.100530606 313.275206514 47.8743234286 16.3380657558 15.0532178383 15.3669600407 462.865318679 472.147556386 479.58182514 485.428945032 497.689927778 79.3087350465 86.8481483726 615.9976462 11755.5943664 43.4546643339 34.2703731238 14.9514693624 4.19895554618 3.36677625402 23.8907889577 26.6542363574 44.0309734109 3.22905899507 114.204874905 16.492691811 16.1290558049 3.06827691415 2.14225459023 1.93610433025 2.49718000053 1.96569167979 215.161673769 2727.79121486
-9999.0 -9999.0 -9999.0 -9999.0 -9999.0 -9999.0 -9999.0 -9999.0 -9999.0 -9999.0 -9999.0 -9999.0 -9999.0 -9999.0 21.3825838169 41.3122976679 59.0822905306 77.2684526654 96.3520645674 115.968364776 57.4454663752 94.9268182962 17.0263833012 16.26389646 388.481570677 419.857385682 434.542606957 450.602426695 12.1468135536 21.632974135 55.9114239713 63.8681547507 71.5861097076 8.88412697638 7.25890696925 11778.9640501 9.15422823342 12.4552930492 6.93245311583 18.5374078229 8.32676757699 5.66913262618 75.185907146 79.3487099358 3.03665753862 117.67913015 137.133251556 19.3743231039 2833.01412839 2827.68725978 2823.25949942 2812.64041966 2807.78390243 2742.08115215 2737.89255791
-9999.0 -9999.0 -9999.0 -9999.0 -9999.0 -9999.0 -9999.0 -9999.0 -9999.0 -9999.0 -9999.0 -9999.0 -9999.0 -9999.0 4.96112966192 11.0711479659 18.3282411275 170.41911676 190.247371257 20.0857105922 19.4461884781 18.97870667 322.750278109 357.889906271 16.7494582811 17.3538903643 13.5763403806 58.3596769724 72.8583718516 36.5969059804 45.6011113763 342.715242672 353.476830113 373.783699342 589.291235403 12373.7927076 9.62955289808 5.98307049988 29.6423118004 24.2071709786 3.80974390112 13.6606329638 17.6953963729 83.8919704381 87.7589626584 232.933432137 138.866568763 21.7513403292 2906.42027833 34.584434982 2818.86207363 2815.92213748 61.589880915 2.76521199014 6.50141011019
-9999.0 -9999.0 -9999.0 -9999.0 -9999.0 -9999.0 -9999.0 -9999.0 -9999.0 -9999.0 -9999.0 -9999.0 -9999.0 -9999.0 25.3351632901 41.5905444515 85.773808814 150.497949304 207.4210094 248.087082037 267.8703868 287.917033735 306.38548425 17.0213200435 15.8834069362 31.0160459535 28.7343667125 15.3762111574 297.634636559 311.790313309 324.981104265 337.382550764 186.24963437 194.900501523 207.057011122 12378.6105021 16.0161224979 18.4054652137 51.4894042574 5.17411779359 8.28667402962 4.3727677746 3.71755435321 21.5251015172 3.0976879748 3.31823142235 3158.30244115 2922.72937212 2919.25957561 13.9169585072 30.8172603157 19.6620540152 4.36051886227 55.2570498475 14.5984212657
-9999.0 -9999.0 -9999.0 -9999.0 -9999.0 -9999.0 -9999.0 -9999.0 -9999.0 -9999.0 -9999.0 -9999.0 -9999.0 -9999.0 17.7664888974 16.5801991118 32.4772127409 49.1293184238 20.3587716095 20.7590387231 40.4420065861 59.9661775259 96.3641150737 114.301563368 130.751398697 179.321666127 194.943293395 211.201645677 14.1360617385 146.736104993 159.138403739 169.485619024 7.26750753004 3.43009808586 7.24291762029 12589.9618487 12594.7014996 12620.7544622 65.8565995342 10.4701536694 16.0742075921 4.94474434265 6.71551335627 24.7010474895 30.5318132099 6.09263383425 3173.87075245 5.13146389362 7.78038174923 8.59078830802 6.50016220875 11.6332825028 4.77368399382 37.1235583361 27.5653046716
-9999.0 -9999.0 -9999.0 -9999.0 -9999.0 -9999.0 -9999.0 -9999.0 -9999.0 -9999.0 -9999.0 -9999.0 -9999.0 -9999.0 -9999.0 15.7212898366 31.0208900758 15.1240812093 31.7048753286 196.324132814 214.631498331 233.897553789 18.0918192231 18.2331579755 34.2579867099 50.9875257321 80.7588880715 95.7600699423 104.378484366 118.319044382 11.9113661439 10.3122565274 186.120576398 189.416442285 194.136167891 199.048483761 165.876890464 12807.1772586 12904.445547 12908.8773897 12928.9561784 12949.6971098 12960.1534392 3.1736430159 33.3195613439 3177.05082106 7.60690340027 3.90947366213 4.05423529699 3.73648246827 6.41473508831 5.92499012741 3.44153666757 5.16755451457 4.63713850469
-9999.0 -9999.0 -9999.0 -9999.0 -9999.0 -9999.0 -9999.0 -9999.0 -9999.0 -9999.0 -9999.0 -9999.0 -9999.0 -9999.0 -9999.0 -9999.0 46.1142013322 62.1792464885 110.446415312 146.912369284 19.6275692777 274.844286864 292.642508671 309.783237663 17.2506422373 33.9739736673 15.1821360507 113.838120558 121.885643028 134.816247581 148.29498457 178.140083552 181.244582912 2.31819829279 146.377425791 156.345942815 161.196654851 181.501950713 26.6518767713 17.2370152926 10.7502790502 9.63617874833 12973.2441019 12979.8692832 13039.2630914 3180.34390093 20.7426190339 10.295047651 6.78728709743 2.16453395038 19.0954389653 9.9616728682 3.11575708927 16.8288793025 14.2077817015
-9999.0 -9999.0 -9999.0 -9999.0 -9999.0 -9999.0 -9999.0 -9999.0 -9999.0 -9999.0 -9999.0 -9999.0 -9999.0 -9999.0 -9999.0 -9999.0 16.4836911023 78.2941812422 95.256867836 20.3918675742 19.9156954474 39.9128439716 58.2909870718 385.883916049 17.2427825362 69.052756954 84.7839448828 100.178572178 8.51879000766 20.5558140662 26.4847808031 119.150574082 130.453239183 134.409583315 4.80914749383 4.95598355676 5.90378305386 10.6452310514 4.57897294076 4.9322556436 9.0545409851 6.55262562758 8.60039395523 22.2893468206 13045.2158321 16240.0897582 27.2343115025 5.66816110077 2.58970551312 59.3182499552 54.5312951374 32.0829370668 28.6661434732 21.2885311301 5.03515280697
-9999.0 -9999.0 -9999.0 -9999.0 -9999.0 -9999.0 -9999.0 -9999.0 -9999.0 -9999.0 -9999.0 -9999.0 -9999.0 -9999.0 -9999.0 13.9166715199 45.5414344707 15.064730633 21.981795234 21.8162040981 42.0544453864 61.6710955086 79.4818341014 480.771240223 497.475141239 17.1591534582 32.9723561567 49.0922794793 60.1207160551 71.913613085 104.838448385 114.561564474 5.95636301996 6.659989142 6.28816474676 6.29125410564 8.99359247483 8.74528831505 8.60437721671 9.50884731032 32.0495156393 13.6239144085 5.28761935464 5.09319995035 5.07362553808 9.5093732533 16420.4579664 148.762971996 73.2453743586 6.37714704666 2.82588943629 2.27135101775 7.83150971621 5.41479031505 2.73539382952
-9999.0 -9999.0 -9999.0 -9999.0 -9999.0 -9999.0 -9999.0 -9999.0 -9999.0 -9999.0 -9999.0 -9999.0 -9999.0 -9999.0 14.2069248825 28.2653761843 102.780840356 14.7130362379 41.5201535323 62.8415886649 82.8633655779 20.5453143799 38.7996267257 56.2315395939 568.19481068 16.3059985541 31.2546142746 47.1540717509 13.8918086608 27.4148831053 33.4731360883 42.6856074148 1059.49185193 1073.87229477 1089.65698929 1158.71815952 1181.20694596 1231.70717491 20.0746316728 41.2531547546 42.1722654604 1401.83233438 1411.822428 4.70733795866 8.44688700288 12.0376777612 16424.2810094 139.042445469 57.5791343005 54.1439869132 48.2000375554 44.100880054 10.421321868 2.52797580622 4.73293570259
-9999.0 -9999.0 -9999.0 -9999.0 -9999.0 -9999.0 -9999.0 -9999.0 -9999.0 -9999.0 -9999.0 -9999.0 -9999.0 -9999.0 14.487463726 44.2872260271 161.927604799 240.472092006 13.3984108747 317.655433889 415.921050103 19.4224871867 37.5455822918 55.5098281246 727.04023656 741.632269944 13.9697922393 75.5030394361 88.6346957612 99.6581566207 971.241465566 994.350519972 1010.01743806 8.09649183098 46.6466983159 56.6430155246 24.0504826187 34.8792012504 1280.39287546 1337.31786003 1346.18379102 1354.59275601 1422.12601824 5.01867370633 4.44462884565 20.1400238629 16429.1292158 4.64230688713 0.537945939323 3.04084938035 1.53673121833 39.2957177239 34.5829096851 20.3612838749 14.4364529845
-9999.0 -9999.0 -9999.0 -9999.0 -9999.0 -9999.0 -9999.0 -9999.0 -9999.0 -9999.0 -9999.0 -9999.0 -9999.0 -9999.0 -9999.0 -9999.0 31.9464924131 64.499124553 286.283604596 302.741557777 430.41002305 446.048654948 19.1479690486 38.2626631108 90.2836745273 755.482314731 784.457805517 796.544171014 10.2691789545 840.802551398 864.01880552 15.2976185583 7.76260816869 15.1716925551 29.5869317825 7.11499445765 14.4892417634 32.5648649835 41.0914875271 7.83722976795 5.45858031664 10.932672803 1462.01061214 1477.15089526 1481.02591512 1511.41369166 16433.476066 3.23506848129 0.296981022074 0.979517893837 0.956634844229 0.995028336525 0.831653275246 1.50229516655 2.02242392438
-9999.0 -9999.0 -9999.0 -9999.0 -9999.0 -9999.0 -9999.0 -9999.0 -9999.0 -9999.0 -9999.0 -9999.0 -9999.0 -9999.0 -9999.0 -9999.0 16.8350552926 16.470940762 16.360624441 33.1123099763 14.7274122733 475.260829952 489.696067345 17.8853296663 35.4812926844 17.3476739986 14.7388935108 14.3713989169 821.484648771 7.33203820721 14.6259998583 8.86715195456 8.21262623106 7.32742722027 5.91191361662 6.12964534575 18.6822416899 25.5137038859 5.15103528698 4.62990938155 9.93385736292 16.3465362626 20.9922241195 6.86626985993 1486.90790614 1515.60589888 16436.7625301 8.48824549081 1.8841629084 0.464378380786 1.29595746492 0.352900301784 0.248507295626 1.79075701528 10.2423123125
-9999.0 -9999.0 -9999.0 -9999.0 -9999.0 -9999.0 -9999.0 -9999.0 -9999.0 -9999.0 -9999.0 -9999.0 -9999.0 -9999.0 -9999.0 -9999.0 -9999.0 -9999.0 16.3328593051 48.1185035762 61.5293402186 75.8021706954 503.563431192 517.33277 531.25117858 547.156911008 561.304959737 590.738217491 598.284965402 604.968076813 611.912012877 7.33678589103 6.93482738451 7.22614724772 25.6675906151 6.74161794894 6.44691465003 5.21546466225 15.2745166817 5.95575563457 4.75298011978 4.43651922993 3.74955676558 7.48404674395 10.8872819047 1538.48403342 17987.3640833 3.24263479224 6.68322449554 0.343284007221 1.46194084693 0.488426317007 0.501253836198 20.2604377477 16.9196388826
-9999.0 -9999.0 -9999.0 -9999.0 -9999.0 -9999.0 -9999.0 -9999.0 -9999.0 -9999.0 -9999.0 -9999.0 -9999.0 -9999.0 -9999.0 -9999.0 -9999.0 -9999.0 -9999.0 13.6832328241 108.668235262 214.264330396 229.412902844 19.4805501984 37.6944726436 55.5299762196 70.8992026188 169.275368318 177.156596108 7.64631012242 7.53851995353 628.772320336 643.416801898 649.903775005 30.8952080065 4.86690274423 11.8918285894 17.4128625067 51.4891501988 62.9022250168 72.1737879813 8.56070711577 12.0475055601 4.11656865479 8.09402084647 4.18584505029 17995.5664327 3.09572473735 12.5428152709 3.75932913644 7.27611303508 23.3582337966 25.3195063044 47.0890900252 18.3581068507
-9999.0 -9999.0 -9999.0 -9999.0 -9999.0 -9999.0 -9999.0 -9999.0 -9999.0 -9999.0 -9999.0 -9999.0 -9999.0 -9999.0 -9999.0 -9999.0 -9999.0 -9999.0 15.2442060029 48.5460258447 95.1784662934 124.412375223 319.685756971 336.784712577 37.0531133311 54.8436445216 69.9202023342 84.8395279965 184.871431601 200.373906809 348.558992903 360.246063647 369.076265708 656.509365944 704.943918766 11.659674408 7.46802980038 7.17831743149 13.8392879389 6.33697211076 84.2414929465 88.751980924 16.1443994603 21.0708056217 6.30721347033 4388.01034117 4398.14027832 22399.5110759 22416.7342279 3.11608198016 13.6473591538 7.28284476058 5.96188587539 57.8801641053 78.9501988622
-9999.0 -9999.0 -9999.0 -9999.0 -9999.0 -9999.0 -9999.0 -9999.0 -9999.0 -9999.0 -9999.0 -9999.0 -9999.0 -9999.0 -9999.0 -9999.0 -9999.0 -9999.0 -9999.0 17.3620962304 16.964478282 32.1351136561 76.4447503978 350.987787507 19.037234386 18.8222121843 34.2646523851 49.6083152963 118.089493028 127.497177397 6.33378610007 7.52845678321 378.260949401 385.437810675 1097.62276079 1104.88702107 4.56239958702 4.08061963507 3.51883227577 3.55127315908 3.77309480273 4300.90574677 4328.7940567 4354.51294515 4365.39476099 4382.82805482 4.81376905686 18.0888700388 22.623918979 22447.9504158 22450.6045244 22453.2898876 22457.8570761 22461.9550871 85.2927335702
-9999.0 -9999.0 -9999.0 -9999.0 -9999.0 -9999.0 -9999.0 -9999.0 -9999.0 -9999.0 -9999.0 -9999.0 -9999.0 -9999.0 -9999.0 -9999.0 -9999.0 -9999.0 -9999.0 -9999.0 15.6065734749 16.3135173734 30.3559330753 410.385265031 425.58319183 18.5331918145 34.3906966701 49.9803996834 60.0512694123 8.55705329213 17.7942971871 942.306588844 949.516489093 956.928770607 1013.23102938 2125.17530953 4126.81312739 4137.32537162 4147.05384626 4156.3756783 4195.15377823 4207.47631752 23.5432434854 10.8050252915 6.1566580908 11.6659788959 9.07237603425 14.189363053 4.3842760648 103.828468864 116.458721435 125.985148153 128.076581412 22464.6551792 22555.8687426
-9999.0 -9999.0 -9999.0 -9999.0 -9999.0 -9999.0 -9999.0 -9999.0 -9999.0 -9999.0 -9999.0 -9999.0 -9999.0 -9999.0 -9999.0 -9999.0 -9999.0 -9999.0 -9999.0 -9999.0 -9999.0 15.9567406893 30.6409044361 45.3918574591 437.902577551 15.7057753165 600.192047207 616.507698074 625.354552631 634.891389355 904.507041436 915.14287529 8.18530129084 40.7224397856 50.0822750083 8.25760313915 1991.06319013 1976.05429414 5.01456750345 11.2971514409 30.3312207988 6.63724880372 7.02586462903 5.57630267631 4.84727184517 3.88332221829 4.41698156119 89.3954297755 93.8870123457 99.089786775 8.76795549965 6.58383714275 131.622309651 134.585785878 136.102042397
-9999.0 -9999.0 -9999.0 -9999.0 -9999.0 -9999.0 -9999.0 -9999.0 -9999.0 -9999.0 -9999.0 -9999.0 -9999.0 -9999.0 -9999.0 -9999.0 -9999.0 -9999.0 -9999.0 -9999.0 -9999.0 14.5764653853 13.7300433403 71.2517924207 538.125979283 568.237862642 584.682773168 16.4985582622 249.491336553 256.993668282 260.781864965 9.54383638439 18.7878453552 26.9604241794 454.143940872 460.560825209 466.259259461 1965.42176274 1210.00486655 6.14946046378 6.4565564518 6.22872694805 5.13736275633 53.9883278588 64.7646850343 74.3426139622 79.583992045 84.6570373678 536.30258099 540.164131563 544.933520141 555.268866922 608.774129877 610.901937463 749.170836845
-9999.0 -9999.0 -9999.0 -9999.0 -9999.0 -9999.0 -9999.0 -9999.0 -9999.0 -9999.0 -9999.0 -9999.0 -9999.0 -9999.0 -9999.0 -9999.0 -9999.0 -9999.0 -9999.0 -9999.0 -9999.0 -9999.0 28.6442351649 43.811841474 15.9296366211 19.2778681736 191.3644721 208.570989676 221.717083654 94.8791771305 102.344402531 110.951262229 119.613897387 439.729824198 448.264670442 269.719656416 743.136022509 749.847258403 1204.92616857 13.3664292658 6.78555436023 5.09848936439 37.4108949387 43.7972570583 4.30185787598 4.05397494176 518.323124178 528.008952121 532.725262978 4.68498938637 7.16505902702 598.485281418 5.28345748557 18.2030495649 19.9135719586
-9999.0 -9999.0 -9999.0 -9999.0 -9999.0 -9999.0 -9999.0 -9999.0 -9999.0 -9999.0 -9999.0 -9999.0 -9999.0 -9999.0 -9999.0 -9999.0 -9999.0 -9999.0 -9999.0 -9999.0 -9999.0 -9999.0 14.4197953962 28.5545535093 120.810488097 137.067092551 154.631963826 72.3333662047 87.2180107181 8.04562522609 296.636924637 304.052986499 311.760567333 8.26062273758 253.704353533 262.471953613 6.95656026294 1170.53453317 14.643220372 7.27968731352 20.1541606497 26.9603614989 5.45367880928 4.57965342268 468.842377821 509.376616318 515.065779457 5.73893127125 13.3023012641 16.6596096045 20.7983419908 39.5085999207 6.67464762327 15.0159356606 2.73574469671
-9999.0 -9999.0 -9999.0 -9999.0 -9999.0 -9999.0 -9999.0 -9999.0 -9999.0 -9999.0 -9999.0 -9999.0 -9999.0 -9999.0 -9999.0 -9999.0 -9999.0 -9999.0 -9999.0 -9999.0 -9999.0 -9999.0 14.3165114884 45.1187014373 78.2216946631 18.326231139 37.0667412882 55.7685208936 262.550696691 273.360359378 281.29986943 7.38286361608 207.412724121 229.758162771 238.079481098 6.1532636337 1140.48576392 1156.92869741 7.83982468025 7.28935340888 14.6080864493 6.23599574788 437.970591785 449.229108467 455.799044273 25.3607685166 31.4418468476 5.4181262048 9.70253690358 4.31803869863 29.9914717002 4.26946659307 3.93244788108 4.20937943428 4.06700030054
-9999.0 -9999.0 -9999.0 -9999.0 -9999.0 -9999.0 -9999.0 -9999.0 -9999.0 -9999.0 -9999.0 -9999.0 -9999.0 -9999.0 -9999.0 -9999.0 -9999.0 -9999.0 -9999.0 -9999.0 -9999.0 -9999.0 -9999.0 15.8431703244 17.2275669682 20.083984971 175.164525546 193.269050455 246.252447168 13.050210862 176.132802012 193.257697157 7.71296618828 15.6777848035 6.20237507987 1119.92490713 7.45753618545 22.4053109658 28.6064494633 34.8661228246 397.861159727 419.692993627 426.803809362 7.10149064626 13.3617462478 19.1262696675 3.8301255274 3.53023446875 1153.72881793 1157.23400797 1160.01631751 1188.15819286 1191.56946806 1196.42077078 1199.69053502
