data/baseflow/mHMbf_acc380.asc
ncols                  80
nrows                 72
xllcorner      4374000.0
yllcorner      5656000.0
cellsize            500
NODATA_value       -9999
[rows 0 to 24 of 72, columns 0 to 54 of 80]
-9999.0 -9999.0 -9999.0 -9999.0 -9999.0 -9999.0 -9999.0 -9999.0 -9999.0 -9999.0 -9999.0 -9999.0 17.3912743096 18.1211317921 -9999.0 -9999.0 -9999.0 -9999.0 -9999.0 -9999.0 -9999.0 -9999.0 -9999.0 -9999.0 -9999.0 -9999.0 -9999.0 -9999.0 -9999.0 -9999.0 -9999.0 -9999.0 -9999.0 -9999.0 -9999.0 -9999.0 -9999.0 -9999.0 -9999.0 -9999.0 -9999.0 -9999.0 -9999.0 -9999.0 -9999.0 -9999.0 -9999.0 -9999.0 -9999.0 -9999.0 -9999.0 -9999.0 -9999.0 -9999.0 -9999.0
-9999.0 -9999.0 -9999.0 -9999.0 -9999.0 -9999.0 -9999.0 -9999.0 -9999.0 -9999.0 -9999.0 -9999.0 34.4254937911 85.0964677207 15.6195209483 -9999.0 13.8461578541 -9999.0 -9999.0 -9999.0 -9999.0 -9999.0 -9999.0 -9999.0 -9999.0 -9999.0 -9999.0 -9999.0 -9999.0 -9999.0 -9999.0 -9999.0 -9999.0 -9999.0 -9999.0 -9999.0 -9999.0 -9999.0 -9999.0 -9999.0 -9999.0 -9999.0 -9999.0 -9999.0 -9999.0 -9999.0 -9999.0 -9999.0 -9999.0 -9999.0 -9999.0 -9999.0 -9999.0 -9999.0 -9999.0
-9999.0 -9999.0 -9999.0 -9999.0 -9999.0 -9999.0 -9999.0 -9999.0 -9999.0 -9999.0 15.9313252784 15.4572894187 16.0670411548 15.8211589682 114.359479492 129.778741132 38.8345626975 12.4533583381 -9999.0 -9999.0 -9999.0 -9999.0 -9999.0 -9999.0 -9999.0 -9999.0 -9999.0 -9999.0 -9999.0 -9999.0 -9999.0 -9999.0 -9999.0 -9999.0 -9999.0 -9999.0 -9999.0 -9999.0 -9999.0 -9999.0 -9999.0 -9999.0 -9999.0 -9999.0 -9999.0 -9999.0 -9999.0 -9999.0 -9999.0 -9999.0 -9999.0 -9999.0 -9999.0 -9999.0 -9999.0
-9999.0 -9999.0 -9999.0 -9999.0 -9999.0 -9999.0 -9999.0 -9999.0 -9999.0 15.6801368159 31.3396979246 62.2293188022 30.6666104773 14.7891631436 28.7498324531 143.54229414 211.167059006 14.0049588672 -9999.0 14.7366867873 -9999.0 -9999.0 -9999.0 -9999.0 26.9014349085 13.701457885 -9999.0 -9999.0 -9999.0 -9999.0 -9999.0 -9999.0 -9999.0 -9999.0 -9999.0 -9999.0 -9999.0 -9999.0 -9999.0 -9999.0 -9999.0 -9999.0 -9999.0 -9999.0 -9999.0 -9999.0 -9999.0 -9999.0 -9999.0 -9999.0 -9999.0 -9999.0 -9999.0 -9999.0 -9999.0
-9999.0 -9999.0 -9999.0 -9999.0 -9999.0 -9999.0 -9999.0 -9999.0 18.5410593932 51.2258331237 66.2004376003 81.2656475852 107.158935067 13.6941619091 55.0967753122 68.1869276894 307.922689377 13.824460797 12.207787907 27.4220168411 39.7718361648 12.9825672099 -9999.0 69.8674897172 57.2955876826 15.6861597071 -9999.0 -9999.0 -9999.0 -9999.0 -9999.0 -9999.0 -9999.0 -9999.0 -9999.0 -9999.0 -9999.0 -9999.0 -9999.0 -9999.0 -9999.0 -9999.0 -9999.0 -9999.0 -9999.0 -9999.0 -9999.0 -9999.0 -9999.0 -9999.0 -9999.0 -9999.0 -9999.0 -9999.0 -9999.0
-9999.0 -9999.0 -9999.0 -9999.0 -9999.0 -9999.0 18.4579772259 16.6580968521 15.6432268798 16.0153885301 16.1669604888 113.947795353 236.146950605 250.843801056 261.727993462 9.96759044833 331.476049961 344.00439793 24.7947296509 12.5212319514 51.8478397182 90.078348805 13.9008282752 112.327455851 13.5925719354 14.355716864 14.1431289522 -9999.0 -9999.0 -9999.0 -9999.0 -9999.0 -9999.0 -9999.0 -9999.0 -9999.0 -9999.0 -9999.0 -9999.0 -9999.0 -9999.0 -9999.0 -9999.0 -9999.0 -9999.0 -9999.0 -9999.0 -9999.0 -9999.0 -9999.0 -9999.0 -9999.0 -9999.0 -9999.0 -9999.0
-9999.0 -9999.0 -9999.0 -9999.0 -9999.0 -9999.0 36.8434965863 54.1768736545 121.44054747 167.871903168 14.0908828688 14.5151876636 13.7657594245 40.5939438696 314.527632747 10.4758553173 355.84147682 402.404283213 36.4611619528 23.8160398709 101.583023987 12.5950963713 124.555211707 25.1328072655 12.625413415 26.5199634354 27.705601306 13.6186487504 13.7222307423 13.2910470553 14.5066709671 29.0284951138 -9999.0 -9999.0 -9999.0 -9999.0 -9999.0 -9999.0 -9999.0 -9999.0 -9999.0 -9999.0 -9999.0 -9999.0 -9999.0 -9999.0 -9999.0 -9999.0 -9999.0 -9999.0 -9999.0 -9999.0 -9999.0 -9999.0 -9999.0
-9999.0 -9999.0 -9999.0 -9999.0 -9999.0 20.6693616965 39.3858197738 18.4729371244 35.5875200262 185.398629078 215.856844948 245.768034904 794.774333221 13.5371121681 327.79617686 1229.06935799 1238.13487865 1657.03890889 10.2968564961 35.1822175092 113.16158086 11.4513022594 266.057004947 129.657881891 80.0902794912 67.3589484274 13.6588800651 40.1724925246 39.7324294011 26.4497462627 12.9205799887 42.4331043044 12.8735613351 12.6397039374 -9999.0 -9999.0 -9999.0 -9999.0 -9999.0 -9999.0 -9999.0 -9999.0 -9999.0 -9999.0 -9999.0 -9999.0 -9999.0 -9999.0 -9999.0 -9999.0 -9999.0 -9999.0 -9999.0 -9999.0 -9999.0
-9999.0 -9999.0 -9999.0 -9999.0 -9999.0 20.6653758523 59.3833864979 117.767250907 135.072029377 265.445326969 281.379707018 331.734877336 535.555950239 837.02962173 865.303380097 878.63455383 23.1881313345 1698.93778616 1719.82029603 1778.44785333 2205.19917028 301.909582205 278.654378337 92.4862626922 12.1113242512 77.6676847969 52.600970268 11.8069084557 51.832838936 11.6662833495 24.2084965127 67.1491748214 79.6291033607 24.9082696041 12.3753844404 12.0283622356 -9999.0 -9999.0 -9999.0 -9999.0 13.2748077189 11.6757803801 -9999.0 -9999.0 -9999.0 -9999.0 -9999.0 -9999.0 -9999.0 -9999.0 -9999.0 -9999.0 -9999.0 -9999.0 -9999.0
-9999.0 -9999.0 -9999.0 -9999.0 -9999.0 19.8451752066 18.4247435777 77.5747107 95.2821953827 113.683180372 17.1759341831 33.9276724455 192.987662147 34.3813727229 15.6037383332 14.1396547468 12.5295755513 14.2574779288 13.1809666276 13.5548635389 2217.67911541 2252.93154207 11.449712578 35.3137200137 24.0716238412 89.5315387176 23.92572943 11.5571463822 64.2602449287 22.7885097711 54.9450779775 139.266456785 128.999462276 37.0730943224 36.397251458 12.4018226626 12.3302602336 -9999.0 -9999.0 12.2324703986 27.9931202279 64.2315620725 12.4173978371 -9999.0 -9999.0 -9999.0 -9999.0 -9999.0 -9999.0 -9999.0 -9999.0 -9999.0 -9999.0 -9999.0 -9999.0
-9999.0 -9999.0 -9999.0 -9999.0 -9999.0 -9999.0 20.2409134138 20.5460227755 38.1634015177 56.2326653424 125.935003309 160.466420707 177.773624286 18.3847180307 13.8841137388 188.102534753 229.942369072 242.944944475 297.150685197 309.396518069 12.2736245205 2265.32654174 2322.26571742 44.9003884195 6.0475248857 99.2920150725 221.40123702 87.2986974741 22.4285922721 11.1774688244 216.422303089 150.898498307 11.3292547496 11.381066843 48.0723819646 36.4648145025 11.7878046258 11.6181148358 11.9641976847 23.9149472043 11.5683441302 78.2143291307 89.6349136296 11.1442987388 -9999.0 -9999.0 -9999.0 -9999.0 12.6986542287 12.0567570703 3.42705536701 -9999.0 -9999.0 -9999.0 -9999.0
-9999.0 -9999.0 -9999.0 -9999.0 -9999.0 -9999.0 -9999.0 19.7623898459 16.3743243347 35.1081312416 53.265013816 17.3948228326 15.660226949 99.0342294472 129.636180352 160.899188834 14.5547697119 28.052979597 13.9143588551 322.126026896 723.837087346 736.945358908 3084.61987542 11.5962215254 18.1596766026 5.55157486615 232.610659353 11.2443977956 33.8294822746 11.0677100956 227.592826556 238.749832114 22.754007161 22.4702740817 120.102564625 60.1570278962 23.7674213811 12.0906104255 23.8677627102 35.6316718371 58.2778938688 11.1124234731 112.309043579 123.722443893 10.500326287 11.0084874423 11.6248967236 10.7755146125 10.3868529613 35.6734004794 13.2094277953 8.30138503001 -9999.0 -9999.0 -9999.0
-9999.0 -9999.0 -9999.0 -9999.0 -9999.0 -9999.0 -9999.0 -9999.0 35.4416855752 50.4864982941 17.141933003 35.061243745 51.571337287 84.5747274117 16.6707775463 15.8297111853 13.5051787801 13.6729386722 12.4450452786 375.683212155 14.2082337167 27.615316691 3127.69374045 3161.10600906 14.4231876984 46.7361363664 290.645653933 22.1501810474 44.1256454458 20.8168071253 31.0945356019 282.421116782 33.2889940482 174.707816131 141.921769556 11.0155161101 58.4403181565 23.5235348112 34.9347393447 11.0407983788 69.5233043206 91.7544908496 101.933200565 111.688298096 163.752300191 20.1208149268 21.2279040872 19.8045249703 18.9380497721 45.0193792061 9.25076030068 30.8643420587 39.2801575135 -9999.0 -9999.0
-9999.0 -9999.0 -9999.0 -9999.0 -9999.0 -9999.0 -9999.0 -9999.0 18.8379777213 87.777492454 104.393666379 16.6174750781 32.4556177384 15.8018435716 14.4744405914 14.200680433 181.710087556 242.601231986 301.106286603 361.605436101 15.2368801827 13.7433361535 15.4501601673 3229.93922059 3267.99064018 3283.66031149 394.874110149 89.2713897754 77.098869843 10.0959324959 40.8428586884 333.392971949 9.96899127867 184.901307934 10.8243366365 75.3403512561 70.0836586733 11.241782098 45.9486592751 21.9744976682 32.7346108055 10.7646698717 9.47857303294 121.34418353 130.407105883 172.79418183 30.7741198304 28.9839118622 27.89593469 54.6160769182 73.2886480875 9.31031680768 48.0837626423 9.20676341031 17.6107759371
-9999.0 -9999.0 -9999.0 -9999.0 -9999.0 -9999.0 -9999.0 -9999.0 -9999.0 19.5659457893 122.207422187 138.608202453 48.5095334253 80.4169821586 109.991378187 125.168187284 15.5787846352 47.1133513524 30.8974136807 15.895450659 15.401667751 13.6954577417 27.626223405 48.7237430373 19.4846316069 3714.40473849 3729.42406786 13.9379176911 10.4154877419 20.2705634201 30.351384033 363.421987557 19.9123128982 194.275235172 115.725967813 95.2304769588 10.8175874051 21.7819751783 56.1532892256 10.1850893376 42.6439207164 20.788488305 15.2475865888 5.39730232146 149.941141427 330.471194818 37.9236312438 36.2646745027 36.0003734579 8.01086349183 81.3263458647 7.85026653849 65.1578375039 8.17219167224 25.9584712492
-9999.0 -9999.0 -9999.0 -9999.0 -9999.0 -9999.0 -9999.0 -9999.0 -9999.0 -9999.0 16.7100656714 172.245232217 15.9237329334 31.9378830484 46.4852331182 75.3205659214 14.797829345 31.2471982794 15.0963970509 14.2078450363 13.3677973898 26.5768628463 12.0981677368 14.3006044434 30.2186263766 17.638814876 3746.24030077 3775.65373199 3816.13544021 41.7256534211 10.0622428074 20.0645492642 373.772113426 360.142858218 136.892653683 10.4260074689 42.968065991 32.3124408803 66.3875512702 20.3570644675 83.6067066318 30.8229612926 23.6802209262 2.88173617953 5.75432374089 339.751708524 348.482192529 430.39201566 60.9754631145 16.48059057 89.9697658661 106.265083271 179.086134584 16.2817943714 7.63423732061
-9999.0 -9999.0 -9999.0 -9999.0 -9999.0 -9999.0 -9999.0 -9999.0 -9999.0 -9999.0 -9999.0 8.84797543911 190.668182249 15.4593280389 29.9899054474 134.688732739 15.2893413304 15.1371053732 13.3024727531 27.9152453943 13.6698705317 53.9153799454 78.5441953013 90.1419437832 42.0355615897 55.3103084819 14.9910077959 16.634440363 16.0242235704 3883.55153555 3914.73370251 383.46447447 379.20454052 369.786067956 19.3110721768 9.39556412186 52.7200411752 138.664461795 76.2115843914 30.0647011767 123.344812703 43.0783236651 33.8465413562 5.45199942994 2.24717079496 2.47132656989 3.50018187469 448.951154992 534.37351519 7.92013337632 7.41655109785 7.91831725512 186.733910577 210.105127985 13.6979775615
-9999.0 -9999.0 -9999.0 -9999.0 -9999.0 -9999.0 -9999.0 -9999.0 -9999.0 -9999.0 -9999.0 8.1328614553 210.302041774 259.280322609 14.6914922094 164.01359621 14.0904708517 13.324478824 26.3766673805 67.6483263625 13.0929229262 13.811843207 12.0717922411 114.349047032 125.839074584 193.446348519 219.672679776 232.066568918 245.946431694 259.188557129 4188.90887917 4595.24447079 4997.27675553 5009.59690215 10.598227697 9.48364196357 158.252873529 148.532269947 9.64017385217 9.51692498026 132.514249383 185.422641103 7.78754312015 73.5032280267 68.2232928227 12.4592268848 6.92424638174 11.6660526158 8.83916068429 550.474566447 8.20465882576 22.6067073477 29.1878189385 256.383195404 272.580253707
-9999.0 -9999.0 -9999.0 -9999.0 -9999.0 -9999.0 -9999.0 -9999.0 -9999.0 -9999.0 -9999.0 17.9092358007 34.2571068732 275.179265121 303.449677509 14.4292906598 193.676244711 12.3400832276 37.5644292151 80.1480648817 25.5381284106 12.385739378 25.6555771404 11.2493176739 21.7251438603 10.5045655247 9.21607068993 6.59527671381 5.57566859603 5.15463859386 5.2013807796 8.08097177838 11.1604260114 14.3646239532 5047.00928484 199.543519607 179.592083742 10.0409503507 27.9958326733 6.90909792078 5.81372207973 194.529986555 295.161538072 83.48077252 63.342330613 7.2305358431 3.04960361868 2.66243178272 9.37365476462 568.009246707 583.884356981 8.23156452392 8.3764639406 5.83802273775 2.84099033224
-9999.0 -9999.0 -9999.0 -9999.0 -9999.0 -9999.0 -9999.0 -9999.0 -9999.0 -9999.0 -9999.0 -9999.0 15.0063625206 210.871811976 529.158687191 574.670954768 782.687752509 797.995043993 182.966209292 131.000775353 38.1737848033 12.2036905898 49.8094551565 61.6435273148 94.0939086708 21.5181696016 19.4930440101 17.0703744711 32.7956359595 15.1173607942 14.4837547727 6.81458025216 3.03967095093 4.37855586889 5058.34183287 5264.02323202 5276.366231 10.585518891 80.2849348904 31.5275594008 9.57231003892 325.446105134 21.2776580988 10.9727750988 43.1219945023 8.06976256824 7.17109120835 13.6860079007 20.2323244919 27.7002218012 597.646845077 6.55204869922 5.82469311602 5.80962183631 4.10274535153
-9999.0 -9999.0 -9999.0 -9999.0 -9999.0 -9999.0 -9999.0 -9999.0 -9999.0 -9999.0 -9999.0 16.890849519 161.099372607 195.383051499 31.3548379735 9.43576216907 21.2287086425 832.835635261 847.012236621 1044.71751561 11.5535353306 23.6380043549 10.7387258226 10.9121236179 104.850421435 137.096051166 166.52575796 9.7289708844 42.4879322833 67.0934860065 39.4267601968 15.9852251666 9.80069287521 7.93091494756 8.99280369397 5.76614558326 5287.28110325 5296.9131455 5395.30435202 17.0286628286 8.74038869124 335.437356276 21.8737949873 11.3111036762 12.0317464369 11.9237495593 10.8609415329 18.396517269 55.2271853558 91.0190524307 695.244031228 5.05650122926 15.2763298344 10.3573073801 8.25670593781
-9999.0 -9999.0 -9999.0 -9999.0 -9999.0 -9999.0 -9999.0 -9999.0 -9999.0 -9999.0 -9999.0 17.3608018669 112.81433649 17.6383025666 15.2521764069 79.9464698774 93.6748744759 107.560309926 120.31913598 1418.59195208 1429.25398851 1451.65212005 1619.77470151 1651.46272977 1668.47419204 1679.66334875 1864.24573844 1886.70556731 1896.6539955 1973.98347662 2023.98893547 2033.23960623 2058.06670726 16.4990730638 13.5273187527 2.50427738844 3.87086480618 5306.29152729 5430.75409263 26.2388278593 395.669327445 386.997056581 41.603008528 9.99511318501 10.0497336657 9.73577605144 9.81038252323 19.7953714694 28.7913045266 8.87174854398 701.621883939 708.365185101 739.890642051 745.546914129 759.126430061
-9999.0 -9999.0 -9999.0 -9999.0 -9999.0 -9999.0 -9999.0 -9999.0 -9999.0 -9999.0 -9999.0 58.536774339 77.1944838638 35.4239692083 52.1305545588 16.4503111069 186.601848364 201.311956865 230.493369425 240.700518675 94.5830016315 1563.97030023 1574.2791116 9.48630346826 5.96434508972 4.49973074329 11.0329087152 5.04246378719 3.1659262161 2.85883929441 3.76128655642 2039.74424185 2065.51578068 2091.94885516 2114.04762855 2128.16990067 5.9318299155 2.67334034473 5851.87163108 412.353928219 404.847415029 9.0588236976 8.76875188699 8.17021417687 18.1739703148 17.9140451497 8.21518601554 8.270993965 7.70054538709 16.3594511143 22.1206146314 4.75869675751 8.63583117516 3.05217834339 1.04346612866
-9999.0 -9999.0 -9999.0 -9999.0 -9999.0 -9999.0 -9999.0 -9999.0 -9999.0 -9999.0 -9999.0 -9999.0 39.4706038911 18.2782255152 16.5324014415 157.215409589 172.568665294 15.298344368 59.8228775951 73.3035321225 84.3961213673 12.5345783566 10.0704291381 236.148012381 244.446864703 251.859284521 663.817165368 668.382471065 674.548268477 721.541236776 739.784615235 742.290575714 2.47370742131 2.66754074025 3.33216015627 2141.47749629 5.04291659038 5930.7568158 5921.5881407 62.4482241383 53.850188965 34.520366538 8.56509431666 16.3000581974 26.4225366318 26.1895755856 16.074718183 7.92155822033 15.5060184137 15.118846561 28.7354190302 3.86250146235 12.2404546052 20.3816869039 22.5806643351
-9999.0 -9999.0 -9999.0 -9999.0 -9999.0 -9999.0 -9999.0 -9999.0 -9999.0 -9999.0 -9999.0 -9999.0 20.3661666509 55.838299286 72.857215917 124.71404183 15.4724625482 31.1652876036 45.9703069586 175.162125393 185.968787888 191.98963712 202.955698234 216.43520256 351.271934593 388.993603932 406.278643449 5.15804435302 39.9803807012 44.3334942558 730.948899046 745.938593804 752.390706034 759.02967473 765.225543832 2913.70470915 7.46011826389 5954.08796568 7.80603181726 2.78946994552 45.3248866404 40.7089161096 4.89836629962 23.1608849124 33.4613737028 33.2073875639 22.5914383053 37.0174812492 58.4379641614 21.3924285109 55.979173054 3.83965219089 5.23885120265 0.852934424004 0.679807364683
