data/baseflow/mHMbf_acc566.asc
ncols                  80
nrows                 72
xllcorner      4374000.0
yllcorner      5656000.0
cellsize            500
NODATA_value       -9999
[rows 25 to 49 of 72, columns 0 to 54 of 80]
-9999.0 -9999.0 -9999.0 -9999.0 -9999.0 -9999.0 -9999.0 -9999.0 -9999.0 -9999.0 -9999.0 -9999.0 38.5791732705 76.3861782494 35.8718807134 72.5481926143 34.3286243354 251.990310776 320.120451601 354.284878697 32.339792265 63.2835397785 579.149597262 727.608618065 756.261241739 62.4574116871 64.8095299815 96.68433498 26.6629896544 25.633068042 48.9109055927 19.8296170966 879.22069636 898.706580202 924.008440633 7585.60692769 14599.4777284 14467.6976117 37.6217272382 16.2732881333 14.9924878638 57.5085462365 41.8202231273 90.183870299 118.709812091 236.37994632 20.975059079 20.9693980298 196.1897305 216.666379524 414.830520856 428.681407819 465.446887903 480.425503207 14.8514723981
-9999.0 -9999.0 -9999.0 -9999.0 -9999.0 -9999.0 -9999.0 -9999.0 -9999.0 -9999.0 -9999.0 -9999.0 -9999.0 37.6994859283 74.6814045721 111.263844863 181.42585374 36.5638971223 34.6494113895 218.795114246 251.430694293 518.265422203 549.647963631 89.9353854691 32.5503992563 31.9290136252 29.4726422701 741.340102888 766.720281001 793.470633212 817.494121908 859.757627374 194.797621702 211.45496913 1155.30437764 23346.6530414 113.992353288 97.9227353411 52.796610283 12.7411039569 12.4686341545 87.3301852641 98.3201826102 117.944544158 14.309469054 253.436286473 38.7527402436 38.4758102865 12.7225577795 8.8619832444 7.283793349 5.48279766837 6.81496369358 487.193345245 6145.23470128
-9999.0 -9999.0 -9999.0 -9999.0 -9999.0 -9999.0 -9999.0 -9999.0 -9999.0 -9999.0 -9999.0 -9999.0 -9999.0 -9999.0 37.1301467369 65.5479931459 90.2888772748 115.490343181 149.768696635 184.65859439 103.430872793 170.935401177 31.6700307519 31.4378091965 590.956526108 652.873716776 682.310140763 714.162767201 26.2915190357 50.7956464891 126.362586833 154.84625265 176.979916648 18.4153544163 11.9182025652 23383.6073699 15.1930630401 26.7940647955 15.6450338733 50.1610024106 23.5691305063 13.6003508003 227.623018155 234.780035485 7.09478625582 260.650739427 313.437190552 56.6210006483 6445.64131097 6421.35538383 6402.93042422 6373.98382513 6363.96955543 6183.06834557 6175.59426317
-9999.0 -9999.0 -9999.0 -9999.0 -9999.0 -9999.0 -9999.0 -9999.0 -9999.0 -9999.0 -9999.0 -9999.0 -9999.0 -9999.0 5.78746159091 13.5046862333 24.547016019 209.421355228 245.29518469 35.6915233008 34.7065234995 33.9203911869 463.251352151 529.011782275 31.9006228699 32.1929613865 29.0249416754 116.438579841 144.584098064 80.0479698473 102.683298046 652.674639193 676.409089754 711.892969605 1154.47739153 24545.6112104 15.4018617979 13.1461118694 74.4976933674 61.523161335 7.74802945744 29.7969453481 37.9013669391 243.767044213 250.956101142 582.159400731 317.356814215 63.2106807486 6609.39113768 65.2661063961 6388.37861356 6381.52469512 170.990101281 4.31622078395 24.8162029206
-9999.0 -9999.0 -9999.0 -9999.0 -9999.0 -9999.0 -9999.0 -9999.0 -9999.0 -9999.0 -9999.0 -9999.0 -9999.0 -9999.0 29.4351458157 48.1789992659 103.105073361 178.223912285 266.887151925 329.850167856 364.001978142 398.305257876 431.548273142 32.9466869772 31.0964034747 61.5010991876 58.4242186824 29.5491399415 561.433681016 589.186536207 614.935411729 639.448950722 383.801497415 411.884626573 431.659091929 24551.8898042 24.6574151779 37.4363197673 119.587285951 11.1249897661 14.3021372375 6.93861228787 7.54754198364 44.4833153698 5.89991307043 6.38149695416 7226.03385246 6639.32350292 6633.20812674 26.6267306337 57.3339620712 38.1038254198 9.6830399847 161.940301156 46.9644206128
-9999.0 -9999.0 -9999.0 -9999.0 -9999.0 -9999.0 -9999.0 -9999.0 -9999.0 -9999.0 -9999.0 -9999.0 -9999.0 -9999.0 20.4956847589 18.7777304127 36.5744334719 56.3101069294 32.7339191596 36.6926220718 71.9361897732 106.95427085 173.509892432 206.544917543 237.456540703 330.602119738 359.688863061 389.688639526 29.0480372692 283.864880994 309.482212354 335.487653225 24.8385184115 17.0963863172 28.1395045609 25005.1316824 25011.1119582 25049.9134437 148.954051633 21.8928298704 30.9296592096 11.2658672285 13.1935345298 50.1387137398 61.1110659534 11.4835504287 7253.58547904 8.31444633823 14.6792975443 16.6251102465 10.8697102149 21.330480327 8.44228132279 103.500338105 84.1467769598
-9999.0 -9999.0 -9999.0 -9999.0 -9999.0 -9999.0 -9999.0 -9999.0 -9999.0 -9999.0 -9999.0 -9999.0 -9999.0 -9999.0 -9999.0 17.6410248593 35.0590371439 18.1168105058 38.052824711 237.078603249 267.159799305 302.189696608 33.4883427881 33.1857456777 64.256459491 95.4593658144 153.229259996 182.406511572 199.920754896 227.500557949 24.2906855754 24.6647820716 385.517312094 401.312096223 410.51238991 418.594505785 332.563967498 25415.0182292 25616.3685571 25623.8371472 25661.3183253 25701.3815762 25720.0720487 5.65368097673 66.1240368168 7258.72811684 14.0763230749 7.23652205154 6.29581452116 5.61206243711 10.0059118875 11.0013437589 6.27786178637 9.57196508132 9.64148512841
-9999.0 -9999.0 -9999.0 -9999.0 -9999.0 -9999.0 -9999.0 -9999.0 -9999.0 -9999.0 -9999.0 -9999.0 -9999.0 -9999.0 -9999.0 -9999.0 52.121548009 71.5806912789 128.885722967 176.322147786 26.5733561196 363.800644506 396.768372324 429.491600548 31.9315725732 63.0799454286 28.8572088502 211.31372163 227.23941092 252.97313265 281.561970489 349.468439373 361.630985038 7.56638801066 302.93252116 318.340652021 325.104944717 358.769628734 45.9961752278 30.0420677184 19.97659018 18.5468633084 25745.0997761 25753.8168314 25858.1616642 7263.56276277 36.0658575246 17.4103259654 11.2455931038 3.96573852073 33.3577831853 18.3916861346 5.73944635643 31.6909906198 26.862505784
-9999.0 -9999.0 -9999.0 -9999.0 -9999.0 -9999.0 -9999.0 -9999.0 -9999.0 -9999.0 -9999.0 -9999.0 -9999.0 -9999.0 -9999.0 -9999.0 19.4987389065 90.5524278759 110.838885223 28.526733753 34.9748953177 69.3844377411 101.810963714 563.870312901 31.6035008586 126.77683314 156.000256322 184.671598453 17.6949308178 41.4064209648 57.4797027195 240.43950743 273.771242899 280.08809855 7.63622047041 8.10724795894 10.5193501052 19.294706254 9.22925034438 10.0781519608 15.830290668 14.0024335798 11.6566761314 33.0438507831 25867.0261489 33152.5653484 50.848238265 9.91767845004 4.67480694846 106.513698199 97.8007128857 58.6408791562 52.861818594 39.9633904493 9.32346979507
-9999.0 -9999.0 -9999.0 -9999.0 -9999.0 -9999.0 -9999.0 -9999.0 -9999.0 -9999.0 -9999.0 -9999.0 -9999.0 -9999.0 -9999.0 15.672213563 53.0995660859 17.7801872441 34.4357646737 37.5482184366 72.7323036124 107.25704145 135.894208616 719.558729231 750.42054096 31.5577495629 61.021239633 90.6829952586 111.000576171 135.74095328 217.691338373 232.326957286 24.7802379641 15.1714946809 11.1572716234 10.934719442 18.6722785131 17.2915214087 17.7317461603 19.5061360473 55.9528004929 22.9579316117 7.28249659961 6.91729584974 7.99848347862 15.1859383694 33533.1143496 323.010715563 124.754089226 7.33155170119 3.06744601702 2.99182086506 12.2979222058 9.11242747442 4.93815973417
-9999.0 -9999.0 -9999.0 -9999.0 -9999.0 -9999.0 -9999.0 -9999.0 -9999.0 -9999.0 -9999.0 -9999.0 -9999.0 -9999.0 16.2390015346 31.848978369 118.564378238 17.5819149263 62.0708025807 99.5137946639 135.403810775 35.6170646474 68.0673795542 92.8678326214 862.137891603 30.5688623124 59.1486397812 88.0676579917 26.2949447881 52.5893016696 76.5348785989 92.2519352825 1827.73537712 1861.20159682 1893.14469034 2022.66913153 2062.72147187 2157.08027827 41.1262193508 83.395692042 73.1581148312 2467.33649462 2482.31094227 6.45114970319 12.6140065504 18.4520725958 33536.691395 305.965293289 168.987470449 165.207529135 105.483577036 84.0753840465 16.3182009346 3.58041707177 7.83906463493
-9999.0 -9999.0 -9999.0 -9999.0 -9999.0 -9999.0 -9999.0 -9999.0 -9999.0 -9999.0 -9999.0 -9999.0 -9999.0 -9999.0 16.5120997354 50.2557289446 185.442171245 273.931311193 15.8674122954 364.803272909 519.428940527 34.293533798 66.4926732744 93.4961462437 1126.98369015 1148.6583432 27.3502668323 142.979622794 167.522448179 190.698083017 1618.92516609 1684.63836215 1716.16488205 14.6519305633 88.099717197 105.090427894 43.5899605422 62.9525534813 2244.52955162 2355.3391807 2370.80628591 2385.41322006 2499.33950728 8.34243294338 7.22133249524 31.2024668458 33541.4863624 8.28953928525 22.6619655289 56.6624971814 18.7073983727 78.3805385854 50.3162799519 29.2293664497 21.682432143
-9999.0 -9999.0 -9999.0 -9999.0 -9999.0 -9999.0 -9999.0 -9999.0 -9999.0 -9999.0 -9999.0 -9999.0 -9999.0 -9999.0 -9999.0 -9999.0 35.8356826123 72.4839916133 326.649906491 345.895569805 536.214259398 555.567371632 33.3743423217 66.5636551587 155.463658798 1166.61882796 1221.14983754 1245.21956196 19.2860661719 1334.1058559 1405.11695508 42.7120901908 14.5896735543 28.7562746137 55.7130768046 13.1901850079 26.5484122332 59.4083580407 74.4316002303 13.9498035273 9.61752868871 19.1387981073 2574.72867234 2602.16234903 2608.30599849 2655.58664836 33545.7832041 5.15405668212 18.7804635903 14.9469354383 14.4127863603 14.7239179187 12.6028821376 23.7656124747 2.33174719102
-9999.0 -9999.0 -9999.0 -9999.0 -9999.0 -9999.0 -9999.0 -9999.0 -9999.0 -9999.0 -9999.0 -9999.0 -9999.0 -9999.0 -9999.0 -9999.0 18.9126734704 18.5357924074 18.6616342023 39.7246666356 17.550146886 590.157662846 607.815194675 29.6679090883 60.8250333792 33.0444742011 27.6364145906 27.083399666 1296.41100756 25.0812708951 50.5673677435 20.9843901463 15.6091408963 13.8178463468 10.9743228133 11.3605635516 34.4506174652 46.9838610248 9.36289911747 8.35640723858 17.8621475491 29.352024527 38.7719914431 12.5549094905 2617.85676232 2661.92096866 33548.401579 48.7101951132 40.3546955801 9.96144418792 22.450890376 8.20607706031 6.11733139247 30.4086665084 12.7827785672
-9999.0 -9999.0 -9999.0 -9999.0 -9999.0 -9999.0 -9999.0 -9999.0 -9999.0 -9999.0 -9999.0 -9999.0 -9999.0 -9999.0 -9999.0 -9999.0 -9999.0 -9999.0 18.3483723452 56.7529645695 72.2254523109 89.0837964217 623.922865054 639.843156956 656.628428018 679.173585182 705.757650265 760.236579889 783.783133615 808.356106197 827.368117968 14.4138670967 13.4984176238 13.8466508199 48.0212032042 12.44894934 11.8498157656 9.65089916901 27.9807364918 10.7485943352 8.51639214216 7.94730197179 6.6701106511 13.3135081776 19.1773665654 2701.68321043 36302.004485 3.03734337773 6.93238885862 8.67112841394 34.8307707416 24.7023787487 12.2969985028 53.4528570989 21.1798660067
-9999.0 -9999.0 -9999.0 -9999.0 -9999.0 -9999.0 -9999.0 -9999.0 -9999.0 -9999.0 -9999.0 -9999.0 -9999.0 -9999.0 -9999.0 -9999.0 -9999.0 -9999.0 -9999.0 15.4666552133 121.817598098 244.5008267 262.76381172 26.2242825812 55.9463200383 87.3842808632 115.780193483 293.544879628 309.71459024 15.4435511539 14.9526030173 862.435172734 892.250214053 904.449854122 57.4342740201 8.59644722642 21.2455808385 31.0664447651 92.4026133188 112.688768153 129.014975494 15.0790086207 21.1138901174 7.11371523994 14.2546641783 7.11102148642 36314.1363694 2.92560073112 12.401965153 12.3484763456 50.7394706147 92.4792717316 106.256632336 161.19092166 27.9053822658
-9999.0 -9999.0 -9999.0 -9999.0 -9999.0 -9999.0 -9999.0 -9999.0 -9999.0 -9999.0 -9999.0 -9999.0 -9999.0 -9999.0 -9999.0 -9999.0 -9999.0 -9999.0 17.1126569273 54.3606641851 106.609365766 139.426140102 363.86373263 385.546216178 63.9916429629 95.4556069495 123.745288568 152.128364255 330.292003729 363.27013012 662.007500495 685.332095914 703.256392946 916.57822979 1005.05938774 20.7093693937 13.435653328 12.8934621818 24.6470864004 11.1034081007 150.051453216 157.843420059 28.6834573558 39.545325229 13.2276642628 7277.27195876 7293.66049652 43614.6901577 43630.3981026 2.88716774806 56.6601692972 8.16259199126 6.65454942906 177.377496089 209.085563478
-9999.0 -9999.0 -9999.0 -9999.0 -9999.0 -9999.0 -9999.0 -9999.0 -9999.0 -9999.0 -9999.0 -9999.0 -9999.0 -9999.0 -9999.0 -9999.0 -9999.0 -9999.0 -9999.0 19.3908427805 18.9149563981 35.946226498 85.5048931688 401.531226538 32.4742741635 32.0774286798 60.635251136 89.0976167125 227.742171909 252.116118832 17.076151315 14.5048155893 719.499200892 733.301430961 1754.62090721 1769.10329939 7.79839939689 6.94800595809 5.86078540809 5.91425994288 6.30221236704 7121.56806301 7168.81183722 7215.88562232 7237.41426439 7267.04200393 8.10369842304 30.4688894231 37.3824493267 43678.2847201 43679.588448 43680.8000469 43687.3536635 43693.477549 221.632074745
-9999.0 -9999.0 -9999.0 -9999.0 -9999.0 -9999.0 -9999.0 -9999.0 -9999.0 -9999.0 -9999.0 -9999.0 -9999.0 -9999.0 -9999.0 -9999.0 -9999.0 -9999.0 -9999.0 -9999.0 17.4970163239 18.2404160112 33.9452114975 467.9015225 486.370735463 31.7872944133 60.2968500289 89.0456933838 114.846259019 24.3995064596 43.8738774414 1280.92232277 1295.81830443 1312.09991924 1414.05083518 3194.99123939 6819.2378332 6837.12718193 6853.40330022 6868.98421961 6935.13225227 6956.09049234 40.4803038898 18.4862340547 10.57266353 20.0077456085 15.3621084267 23.99033613 7.23393713396 179.597676398 195.812254068 206.854598439 209.900292755 43695.7503248 43924.5684364
-9999.0 -9999.0 -9999.0 -9999.0 -9999.0 -9999.0 -9999.0 -9999.0 -9999.0 -9999.0 -9999.0 -9999.0 -9999.0 -9999.0 -9999.0 -9999.0 -9999.0 -9999.0 -9999.0 -9999.0 -9999.0 17.8769087398 34.2920770139 50.7576170432 500.132611819 22.3949394572 702.57920689 732.353408415 758.102185012 779.726439883 1198.90489933 1218.88089852 14.853323962 75.6286777507 91.0735031999 14.6387668199 3606.29126741 3580.08138846 8.62484669571 19.2307168531 52.127982396 11.4967973208 12.252849231 9.59935083662 8.32344307007 6.65281993095 7.53029422126 155.346188887 162.879245232 172.233390324 10.8237433836 7.36170200038 213.391074695 217.159802302 219.364376206
-9999.0 -9999.0 -9999.0 -9999.0 -9999.0 -9999.0 -9999.0 -9999.0 -9999.0 -9999.0 -9999.0 -9999.0 -9999.0 -9999.0 -9999.0 -9999.0 -9999.0 -9999.0 -9999.0 -9999.0 -9999.0 16.3912679589 15.400650054 79.8552968627 612.993541322 651.868349209 674.045641792 30.3848706098 359.753649 384.84451422 396.15299326 18.4607396377 35.305034342 50.0266328332 861.045623934 872.361954564 882.216222525 3561.72077194 2068.492731 10.3937000258 11.1155794986 10.7881852253 8.93208499494 94.6257325746 113.166711884 129.628421943 138.595073555 147.265139847 1091.69279872 1099.26125568 1109.22377514 1130.19673624 1216.56468904 1219.67370786 1442.07377262
-9999.0 -9999.0 -9999.0 -9999.0 -9999.0 -9999.0 -9999.0 -9999.0 -9999.0 -9999.0 -9999.0 -9999.0 -9999.0 -9999.0 -9999.0 -9999.0 -9999.0 -9999.0 -9999.0 -9999.0 -9999.0 -9999.0 32.1421723294 49.0871697053 18.5777401562 32.5641816176 245.058970171 277.157330553 302.839629408 173.403762638 199.584242245 224.692646581 241.133286552 835.695688343 850.755620401 576.571568532 1471.33044877 1483.22158767 2059.36434074 23.3527870251 11.9043760607 8.93605505995 65.7689628466 76.9722145594 7.33660724768 6.8957665034 1061.5016073 1077.88721468 1085.75769117 9.50460127336 14.507370981 1201.76594982 6.82018360067 26.9088346589 29.3891305362
-9999.0 -9999.0 -9999.0 -9999.0 -9999.0 -9999.0 -9999.0 -9999.0 -9999.0 -9999.0 -9999.0 -9999.0 -9999.0 -9999.0 -9999.0 -9999.0 -9999.0 -9999.0 -9999.0 -9999.0 -9999.0 -9999.0 16.1378798335 31.973661164 136.873187419 156.132522499 182.086123124 119.966423553 146.652833348 27.3272640955 531.371969029 556.689797887 579.555892493 17.3417076242 548.257834484 563.735617114 12.1561251233 1998.8197136 25.6029547906 12.685015426 35.5198451964 47.4562997316 9.56251159626 8.02715504025 977.02564787 1046.63385742 1056.08903159 9.80397381264 22.5693692551 28.2510884924 35.4945296315 64.8134753708 9.88346818598 22.2899360942 3.90863530488
-9999.0 -9999.0 -9999.0 -9999.0 -9999.0 -9999.0 -9999.0 -9999.0 -9999.0 -9999.0 -9999.0 -9999.0 -9999.0 -9999.0 -9999.0 -9999.0 -9999.0 -9999.0 -9999.0 -9999.0 -9999.0 -9999.0 16.0404712516 50.8424875351 88.9695965557 23.12460035 55.4119589111 89.3853976099 422.810447054 452.274584986 478.98833395 25.5940390009 424.315684859 498.446580977 517.876680972 17.1751190281 1945.93914109 1975.0575209 13.9405584718 12.970139216 25.7946708419 10.9462205693 923.551804656 943.134359315 954.537060847 44.1108110363 54.5560742448 9.28814115191 16.4800260531 7.25018800198 50.8762248311 7.09228534743 5.91361293193 6.31967430722 6.05700796883
-9999.0 -9999.0 -9999.0 -9999.0 -9999.0 -9999.0 -9999.0 -9999.0 -9999.0 -9999.0 -9999.0 -9999.0 -9999.0 -9999.0 -9999.0 -9999.0 -9999.0 -9999.0 -9999.0 -9999.0 -9999.0 -9999.0 -9999.0 18.0841233434 19.9982295213 27.7617693126 265.79837982 298.898209458 394.135441779 28.9292864833 317.058575997 375.016152032 25.8054744993 51.6518765707 20.9185290559 1895.01445211 20.0792056902 50.3722536547 62.1028232463 76.4866325116 847.179492805 891.810021708 904.116216945 12.3341039485 23.2443629213 33.2805847399 6.57408702927 6.02923720955 2084.80745384 2090.59764174 2095.12817735 2142.48312767 2147.95041714 2155.37742464 2160.09804751
