data/baseflow/mHMbf_acc432.asc
ncols                  80
nrows                 72
xllcorner      4374000.0
yllcorner      5656000.0
cellsize            500
NODATA_value       -9999
[rows 0 to 24 of 72, columns 0 to 54 of 80]
-9999.0 -9999.0 -9999.0 -9999.0 -9999.0 -9999.0 -9999.0 -9999.0 -9999.0 -9999.0 -9999.0 -9999.0 22.489475916 17.152515295 -9999.0 -9999.0 -9999.0 -9999.0 -9999.0 -9999.0 -9999.0 -9999.0 -9999.0 -9999.0 -9999.0 -9999.0 -9999.0 -9999.0 -9999.0 -9999.0 -9999.0 -9999.0 -9999.0 -9999.0 -9999.0 -9999.0 -9999.0 -9999.0 -9999.0 -9999.0 -9999.0 -9999.0 -9999.0 -9999.0 -9999.0 -9999.0 -9999.0 -9999.0 -9999.0 -9999.0 -9999.0 -9999.0 -9999.0 -9999.0 -9999.0
-9999.0 -9999.0 -9999.0 -9999.0 -9999.0 -9999.0 -9999.0 -9999.0 -9999.0 -9999.0 -9999.0 -9999.0 46.1118082506 95.3092480533 14.0912631966 -9999.0 12.6757487039 -9999.0 -9999.0 -9999.0 -9999.0 -9999.0 -9999.0 -9999.0 -9999.0 -9999.0 -9999.0 -9999.0 -9999.0 -9999.0 -9999.0 -9999.0 -9999.0 -9999.0 -9999.0 -9999.0 -9999.0 -9999.0 -9999.0 -9999.0 -9999.0 -9999.0 -9999.0 -9999.0 -9999.0 -9999.0 -9999.0 -9999.0 -9999.0 -9999.0 -9999.0 -9999.0 -9999.0 -9999.0 -9999.0
-9999.0 -9999.0 -9999.0 -9999.0 -9999.0 -9999.0 -9999.0 -9999.0 -9999.0 -9999.0 22.512078648 21.6982137107 22.7633972195 22.360943718 137.796967916 151.991185548 35.1710008776 11.3398700766 -9999.0 -9999.0 -9999.0 -9999.0 -9999.0 -9999.0 -9999.0 -9999.0 -9999.0 -9999.0 -9999.0 -9999.0 -9999.0 -9999.0 -9999.0 -9999.0 -9999.0 -9999.0 -9999.0 -9999.0 -9999.0 -9999.0 -9999.0 -9999.0 -9999.0 -9999.0 -9999.0 -9999.0 -9999.0 -9999.0 -9999.0 -9999.0 -9999.0 -9999.0 -9999.0 -9999.0 -9999.0
-9999.0 -9999.0 -9999.0 -9999.0 -9999.0 -9999.0 -9999.0 -9999.0 -9999.0 21.5555322587 44.1493368356 87.7736687048 44.0065704521 21.4439806623 42.4020075936 172.227522155 231.980858868 12.1128017492 -9999.0 22.4093526336 -9999.0 -9999.0 -9999.0 -9999.0 23.9845601355 12.4292789173 -9999.0 -9999.0 -9999.0 -9999.0 -9999.0 -9999.0 -9999.0 -9999.0 -9999.0 -9999.0 -9999.0 -9999.0 -9999.0 -9999.0 -9999.0 -9999.0 -9999.0 -9999.0 -9999.0 -9999.0 -9999.0 -9999.0 -9999.0 -9999.0 -9999.0 -9999.0 -9999.0 -9999.0 -9999.0
-9999.0 -9999.0 -9999.0 -9999.0 -9999.0 -9999.0 -9999.0 -9999.0 24.3797340649 68.8065243296 89.9364708056 111.148304641 152.683822104 20.3555750122 83.0417979354 103.177919381 363.737568243 15.5737699238 17.6655855209 42.3070996779 62.1278345162 20.6134809015 -9999.0 60.4556434357 49.7198370666 13.2537264855 -9999.0 -9999.0 -9999.0 -9999.0 -9999.0 -9999.0 -9999.0 -9999.0 -9999.0 -9999.0 -9999.0 -9999.0 -9999.0 -9999.0 -9999.0 -9999.0 -9999.0 -9999.0 -9999.0 -9999.0 -9999.0 -9999.0 -9999.0 -9999.0 -9999.0 -9999.0 -9999.0 -9999.0 -9999.0
-9999.0 -9999.0 -9999.0 -9999.0 -9999.0 -9999.0 23.6710121579 21.7363587726 21.5774479931 21.9251600299 22.2888465787 155.958554936 330.280898256 351.612811557 371.921696723 20.8102480573 402.046970869 420.426501626 37.1937235971 19.7211794549 81.6076614474 142.340520267 17.4750834587 112.169259974 19.3772047052 17.9188640093 20.0733894059 -9999.0 -9999.0 -9999.0 -9999.0 -9999.0 -9999.0 -9999.0 -9999.0 -9999.0 -9999.0 -9999.0 -9999.0 -9999.0 -9999.0 -9999.0 -9999.0 -9999.0 -9999.0 -9999.0 -9999.0 -9999.0 -9999.0 -9999.0 -9999.0 -9999.0 -9999.0 -9999.0 -9999.0
-9999.0 -9999.0 -9999.0 -9999.0 -9999.0 -9999.0 47.4829443804 70.2977231354 159.815813794 223.936142512 20.0953175819 20.9264614553 20.5387460674 59.9863954714 450.706509271 18.4857436469 438.815250111 511.569512466 55.4582448735 37.9880297584 160.885051394 19.9144212487 131.721645928 36.6855775123 17.8678760294 35.1754543553 39.738195587 20.8100599569 21.6256830902 21.1640370152 22.3737227949 44.8173516279 -9999.0 -9999.0 -9999.0 -9999.0 -9999.0 -9999.0 -9999.0 -9999.0 -9999.0 -9999.0 -9999.0 -9999.0 -9999.0 -9999.0 -9999.0 -9999.0 -9999.0 -9999.0 -9999.0 -9999.0 -9999.0 -9999.0 -9999.0
-9999.0 -9999.0 -9999.0 -9999.0 -9999.0 25.9761357339 50.2796302085 24.1218783283 46.9157745775 247.169694463 289.66279841 332.009835313 1074.67974476 19.889109299 470.469281807 1703.34132942 1719.07526552 2258.40015466 16.9785257207 56.2842764266 179.520372891 18.4810571731 338.314738848 187.532957753 112.055116223 93.6801372131 19.3491092672 61.7282014897 63.20955132 42.1259037499 20.6211079509 66.0275413465 20.4618391378 20.146166325 -9999.0 -9999.0 -9999.0 -9999.0 -9999.0 -9999.0 -9999.0 -9999.0 -9999.0 -9999.0 -9999.0 -9999.0 -9999.0 -9999.0 -9999.0 -9999.0 -9999.0 -9999.0 -9999.0 -9999.0 -9999.0
-9999.0 -9999.0 -9999.0 -9999.0 -9999.0 26.3138853004 76.5644568129 151.690380226 175.09858171 347.624471076 369.898639323 439.225573493 723.029550121 1135.35913862 1176.78299804 1196.03821382 37.1333317304 2325.20832036 2359.77796857 2454.60690026 3047.27976499 395.042327921 358.047473485 131.535435696 19.112593749 116.371964467 79.1859084279 16.7002424472 82.0573584693 18.7401046998 38.8894190627 105.233458048 124.885652098 39.5132322816 19.0995121636 18.9759850867 -9999.0 -9999.0 -9999.0 -9999.0 11.2260085405 10.1686452673 -9999.0 -9999.0 -9999.0 -9999.0 -9999.0 -9999.0 -9999.0 -9999.0 -9999.0 -9999.0 -9999.0 -9999.0 -9999.0
-9999.0 -9999.0 -9999.0 -9999.0 -9999.0 25.5436089331 24.412216327 101.490652903 125.242081759 149.686040391 23.5011563499 46.5995136782 265.581045569 46.9825830936 22.7568087027 20.9701677648 19.2132921983 21.1231141908 20.2068276653 20.9810077702 3066.39599784 3121.86419606 18.2907416168 56.1199705873 38.0927129189 134.318520077 33.8993393464 16.2399685772 100.786731466 37.2054132305 91.1929892564 220.436479657 202.58600822 58.289351823 55.6870026785 19.493606959 19.2655260169 -9999.0 -9999.0 19.1801522106 25.1165381469 56.5140855003 10.6697218349 -9999.0 -9999.0 -9999.0 -9999.0 -9999.0 -9999.0 -9999.0 -9999.0 -9999.0 -9999.0 -9999.0 -9999.0
-9999.0 -9999.0 -9999.0 -9999.0 -9999.0 -9999.0 26.5238391961 26.567938584 50.7756273441 75.3644031292 172.069268048 219.775683813 243.552574834 24.0680822204 20.479028875 265.583833766 327.828078137 347.421817784 429.475936595 448.522432755 19.004105447 3140.95520275 3235.16749678 75.580657924 19.4971223359 152.248435546 334.60730098 132.870205272 34.3709444879 17.6702449331 346.902110071 238.587032101 16.8850323491 16.7589252106 72.6401403213 56.8675904441 17.6398365415 15.9305932404 18.5462480626 37.346932573 17.8620965909 68.4310079753 84.919124106 14.8179563159 -9999.0 -9999.0 -9999.0 -9999.0 16.8962154288 15.9381432172 6.81376778065 -9999.0 -9999.0 -9999.0 -9999.0
-9999.0 -9999.0 -9999.0 -9999.0 -9999.0 -9999.0 -9999.0 25.9607193504 23.8925324881 48.9910361932 73.6631462486 24.0336748272 21.9465714895 137.898790985 180.900464582 225.304474521 21.4873622473 42.2423628656 21.163132031 468.185209514 1017.54316727 1029.01974219 4296.55670623 18.4751217034 56.4236709136 18.2152722692 350.482756605 16.8616708822 52.202132761 17.2875730894 363.807602443 380.674610525 33.9675869548 33.7068623196 183.932133729 92.9186795218 33.2822703645 17.5238849068 37.0002881734 55.5530613394 89.9905578045 16.1180275694 113.084272898 124.874741691 10.2677250485 11.123250062 11.9210021974 10.4752436855 9.88543882391 45.8266766474 20.3877180062 13.1257409399 -9999.0 -9999.0 -9999.0
-9999.0 -9999.0 -9999.0 -9999.0 -9999.0 -9999.0 -9999.0 -9999.0 49.1150015643 72.3313809697 23.9396434735 48.5820584286 71.5308175564 117.347461442 23.0761419536 22.5243165536 20.4043561867 20.6126922507 19.0560572689 509.593873818 21.3653963031 41.7312431117 4349.71005476 4377.87055437 11.0870436453 79.1794030587 444.146200437 33.6117735164 67.734415868 31.0057426722 45.8182794956 445.099653362 49.4842080061 265.282134219 216.719841657 16.8041211414 85.248308966 34.9356957507 53.9661100792 16.6732819246 105.075863805 134.231390127 143.973447969 153.060101744 162.85304721 19.212521833 20.7765112063 18.49371568 17.2377821272 55.9883877597 11.8255123003 45.4351440759 56.1277708126 -9999.0 -9999.0
-9999.0 -9999.0 -9999.0 -9999.0 -9999.0 -9999.0 -9999.0 -9999.0 25.468367629 122.774768794 146.188296997 23.4448551407 46.0797999442 22.6105567377 21.3083554795 20.9727150054 261.736455631 346.141125716 422.423355532 497.253030529 18.1281070978 20.7839081815 17.786907595 4454.76212454 4482.48369825 4492.30582488 589.393400428 132.610654307 116.595791825 13.7582831672 58.855297337 518.54473883 13.3540861942 279.884951906 16.6981625105 113.313218236 102.933226323 17.1660591016 70.8646702594 33.4641958787 49.9083440351 13.3628832512 9.00319643953 161.996673241 169.992471914 170.824509205 29.5463501984 26.727839082 25.3398689669 68.4087310168 92.3358639001 11.9468793973 68.1665360987 13.7424423005 26.3103871757
-9999.0 -9999.0 -9999.0 -9999.0 -9999.0 -9999.0 -9999.0 -9999.0 -9999.0 26.0048752842 170.639322859 193.821267973 68.9049469187 114.123554847 156.938584075 178.547383931 22.1137530918 64.0571205179 43.3230368318 22.4994161282 21.9548555865 20.023033864 39.2800351079 64.125822695 17.1799038774 5110.06803064 5120.67876836 9.92937013064 9.78600192172 28.783703089 42.9904662447 559.640682535 27.055194038 292.232667895 175.730466015 145.001416783 16.3904991649 33.1839522697 86.4296268138 15.5449174537 65.0241060866 27.7150864577 16.6413776943 9.24099173683 196.270351717 373.343148245 35.1613524373 32.5621728801 34.3393720155 9.68232161393 101.986406244 9.37820528827 89.9825664264 12.1823760741 38.5926604099
-9999.0 -9999.0 -9999.0 -9999.0 -9999.0 -9999.0 -9999.0 -9999.0 -9999.0 -9999.0 23.087736421 240.22519585 22.6925675342 45.1409297199 65.9561953229 106.449336032 20.3211725224 41.7212119696 20.9658382486 19.3205027485 18.4617569584 36.354405449 16.5279190065 15.959464824 28.5924626464 15.8588258198 5132.14238789 5151.53913866 5182.66057254 53.8158640576 15.0390122145 30.0118058671 575.028801437 538.331497288 207.164458429 15.6545295718 65.3667682488 49.1900769298 102.031401664 31.0694909557 122.974399282 42.5421832261 28.6878070325 9.85292789608 10.0093258344 382.709348783 390.32180017 464.428705782 65.1727439323 20.2755554018 112.467872817 132.111442903 230.897764126 23.0640538675 11.3436909754
-9999.0 -9999.0 -9999.0 -9999.0 -9999.0 -9999.0 -9999.0 -9999.0 -9999.0 -9999.0 -9999.0 15.2120777533 272.934849067 21.5221138757 41.9778186473 188.237208311 20.0268712117 19.8208486024 17.8860012117 38.4252066364 19.8190405143 75.4400973963 108.612737504 123.90389318 41.6327526536 50.4415221688 9.76193184148 13.6419638016 12.7965695417 5261.82969892 5301.28876733 587.251704218 562.863306243 551.038646296 25.4168074684 11.9591140851 79.8632493242 211.034967734 116.702334558 45.5990063506 182.493123313 77.0668038034 63.7729990462 20.9341538627 8.16171815894 6.77752126353 6.46837284863 500.449135531 593.313069307 10.038674497 8.391462793 10.115250327 241.262425914 274.669840113 20.7497059825
-9999.0 -9999.0 -9999.0 -9999.0 -9999.0 -9999.0 -9999.0 -9999.0 -9999.0 -9999.0 -9999.0 14.1748453958 305.846963787 373.471442499 20.6053010013 228.712351746 18.3983152736 17.7430819187 37.0142260408 94.9322729338 19.4698286255 20.3608769155 17.1225077269 157.020858048 172.611097868 240.00986985 263.277407058 275.943282829 285.426421427 300.146881122 5611.91718655 6218.69578097 6798.2689 6804.01815015 8.48865978706 12.5114687237 240.121335335 225.661462948 14.4603680606 14.348049824 196.547825374 287.728171159 12.671983965 157.916252852 144.404110985 43.0389025851 17.0020406092 28.4531622121 9.74347311884 608.23971947 7.51181552497 25.7376035706 31.3338293212 332.403258945 364.930093209
-9999.0 -9999.0 -9999.0 -9999.0 -9999.0 -9999.0 -9999.0 -9999.0 -9999.0 -9999.0 -9999.0 24.5192332342 46.9312415339 395.409240888 434.833333646 19.5098366116 260.383584089 16.0894521917 50.7727481101 112.795526878 37.7044221881 18.1642490181 36.0686437865 14.4098772212 28.9637863064 15.4575596802 15.0498163671 15.2371161754 14.9768022104 12.6795911257 10.2827753728 11.1414080464 11.7884136997 11.3220628238 6830.7151672 268.403857921 251.208410027 5.41121109333 40.3774882839 12.0949513678 11.6482693715 300.469072664 498.415721346 172.011320736 124.545743674 26.9806765489 10.1305494948 9.15448460533 16.9188512015 632.612314587 645.798348065 6.94222357597 7.15832626021 8.09928392707 11.3663866379
-9999.0 -9999.0 -9999.0 -9999.0 -9999.0 -9999.0 -9999.0 -9999.0 -9999.0 -9999.0 -9999.0 -9999.0 21.293000986 288.795100691 744.748522937 807.472273763 1084.73038769 1097.69388699 250.332627997 187.398198952 56.1707089473 17.9460406547 71.3677056226 87.9119509946 132.60508717 31.5412610129 30.082419413 30.5139449653 60.2188373127 27.175697644 24.5046400939 14.8221279525 13.4651953164 9.60397269994 6839.57863117 7117.30197296 7123.1131209 4.97879325302 102.273293358 50.9860140001 13.9262378613 541.109675626 30.128756337 15.5289900909 66.5223213072 15.9777752215 10.4640679016 18.7096319407 25.2397970337 32.3452317403 656.690345125 5.07458427224 4.41254403023 4.37384964895 3.7909979455
-9999.0 -9999.0 -9999.0 -9999.0 -9999.0 -9999.0 -9999.0 -9999.0 -9999.0 -9999.0 -9999.0 23.3487407854 220.483162147 267.000850081 42.9335906369 15.7352437545 34.2618342473 1150.45648193 1164.18056492 1427.61892854 16.4796817385 34.2812857721 15.3827466452 15.578983307 147.653444743 194.202945045 238.111758799 13.6473777085 73.7135459361 114.163308982 64.4556364734 27.5196431136 25.4989087067 22.5183983659 19.8437268525 6.42524275366 7127.33831679 7130.36111053 7239.0646973 20.755398851 11.8083721146 548.471927111 31.7171548973 16.1520124194 17.4073354259 17.2857801848 15.4446719435 26.6814203816 73.5273857533 113.415309053 775.424967326 3.68145112816 11.2503115286 7.64922587946 6.77954458422
-9999.0 -9999.0 -9999.0 -9999.0 -9999.0 -9999.0 -9999.0 -9999.0 -9999.0 -9999.0 -9999.0 23.8773806873 152.979047041 23.792449797 20.8802661181 111.751320265 131.095486819 150.170478239 168.205315099 1944.54202267 1961.16911515 1993.57188572 2236.68017338 2283.09078723 2309.60117021 2324.85094957 2599.44899372 2639.55251361 2653.64657814 2783.33727142 2862.13102257 2874.82027447 2926.46058067 34.3811205629 32.4069089466 6.91923884006 4.1024307518 7134.30383091 7268.86912089 26.9604002933 623.887647888 614.021917487 58.5111888905 14.1355459123 14.4970635069 13.8731968054 14.1560096114 28.3588310073 39.3699669463 9.68534884819 780.339998473 785.538481733 808.858035359 813.019865594 823.676242263
-9999.0 -9999.0 -9999.0 -9999.0 -9999.0 -9999.0 -9999.0 -9999.0 -9999.0 -9999.0 -9999.0 78.9948000225 104.305818941 48.247491531 71.0454557329 22.5303353556 252.920360372 272.241905693 311.063431704 330.674004917 130.589525963 2153.39735446 2171.36557312 14.8467738214 11.1565272763 11.5499358296 23.6653468145 13.1294778465 12.1917511392 12.4639652234 11.7843714359 2889.26510016 2940.12344796 2985.23822028 3026.69670865 3045.09558368 7.33728389427 2.07987602466 7909.66241504 638.132967006 634.113125303 12.1041648438 10.7769413598 9.37546905923 23.9369346432 23.4155522341 11.0910012598 11.8970340612 10.7206159704 20.2401931005 25.6783659728 3.50352419977 6.54199286808 2.96386194796 3.38269789387
-9999.0 -9999.0 -9999.0 -9999.0 -9999.0 -9999.0 -9999.0 -9999.0 -9999.0 -9999.0 -9999.0 -9999.0 53.422047545 24.8637400479 22.8677855484 213.718961994 233.709291126 20.1176241858 77.1468183299 96.1832708295 114.319250786 19.5489526361 12.8640473775 323.958229307 334.116239423 344.326368851 862.758038463 872.184530055 893.370777703 967.605359347 1025.15550049 1035.0747815 12.1830091435 12.6574457513 10.3762285654 3050.33886468 2.50913657131 7998.71010391 7995.20221054 82.8136249447 77.4120020536 45.9930946218 11.814866225 18.8992348683 33.8758451183 33.4243115078 21.0765488787 11.4324246817 21.9721666328 21.7373491576 35.2687917981 8.12634232329 13.6230782356 21.5291118005 28.6239522885
-9999.0 -9999.0 -9999.0 -9999.0 -9999.0 -9999.0 -9999.0 -9999.0 -9999.0 -9999.0 -9999.0 -9999.0 27.5597127086 76.4452073433 99.7274087557 168.920770235 19.4741369664 39.7210553777 58.8129508835 234.166046168 252.357396924 271.550614318 286.44516752 300.477178445 446.402426132 485.811570429 509.753497874 11.8782071627 54.2500860512 66.042257354 993.979515109 1044.96508229 1071.23901457 1099.07492284 1116.50315995 4169.27647129 2.14218390217 8013.11664664 9.94607087021 5.64664792289 66.1892801162 56.2325667606 9.8808391027 28.4695515704 43.2208060136 42.0929396464 29.397017901 49.3458725531 79.1282317356 30.6561362487 74.1647995265 7.68444388798 14.5414613178 2.23573253345 1.63387980293
