data/baseflow/mHMbf_acc255.asc
ncols                  80
nrows                 72
xllcorner      4374000.0
yllcorner      5656000.0
cellsize            500
NODATA_value       -9999
[rows 0 to 24 of 72, columns 0 to 54 of 80]
-9999.0 -9999.0 -9999.0 -9999.0 -9999.0 -9999.0 -9999.0 -9999.0 -9999.0 -9999.0 -9999.0 -9999.0 18.9058400706 17.0025871099 -9999.0 -9999.0 -9999.0 -9999.0 -9999.0 -9999.0 -9999.0 -9999.0 -9999.0 -9999.0 -9999.0 -9999.0 -9999.0 -9999.0 -9999.0 -9999.0 -9999.0 -9999.0 -9999.0 -9999.0 -9999.0 -9999.0 -9999.0 -9999.0 -9999.0 -9999.0 -9999.0 -9999.0 -9999.0 -9999.0 -9999.0 -9999.0 -9999.0 -9999.0 -9999.0 -9999.0 -9999.0 -9999.0 -9999.0 -9999.0 -9999.0
-9999.0 -9999.0 -9999.0 -9999.0 -9999.0 -9999.0 -9999.0 -9999.0 -9999.0 -9999.0 -9999.0 -9999.0 36.5632085002 83.6261152136 14.1274663307 -9999.0 12.1946443059 -9999.0 -9999.0 -9999.0 -9999.0 -9999.0 -9999.0 -9999.0 -9999.0 -9999.0 -9999.0 -9999.0 -9999.0 -9999.0 -9999.0 -9999.0 -9999.0 -9999.0 -9999.0 -9999.0 -9999.0 -9999.0 -9999.0 -9999.0 -9999.0 -9999.0 -9999.0 -9999.0 -9999.0 -9999.0 -9999.0 -9999.0 -9999.0 -9999.0 -9999.0 -9999.0 -9999.0 -9999.0 -9999.0
-9999.0 -9999.0 -9999.0 -9999.0 -9999.0 -9999.0 -9999.0 -9999.0 -9999.0 -9999.0 17.0957516843 16.1592573964 16.8936237759 16.5661268912 114.696015999 128.451935737 34.0266317898 10.8446990671 -9999.0 -9999.0 -9999.0 -9999.0 -9999.0 -9999.0 -9999.0 -9999.0 -9999.0 -9999.0 -9999.0 -9999.0 -9999.0 -9999.0 -9999.0 -9999.0 -9999.0 -9999.0 -9999.0 -9999.0 -9999.0 -9999.0 -9999.0 -9999.0 -9999.0 -9999.0 -9999.0 -9999.0 -9999.0 -9999.0 -9999.0 -9999.0 -9999.0 -9999.0 -9999.0 -9999.0 -9999.0
-9999.0 -9999.0 -9999.0 -9999.0 -9999.0 -9999.0 -9999.0 -9999.0 -9999.0 16.3055749606 33.5237458547 66.3375501763 32.7100384939 15.9364532407 31.3629377992 143.437963072 202.759353408 12.2677140587 -9999.0 16.2702635509 -9999.0 -9999.0 -9999.0 -9999.0 23.665305569 12.066298499 -9999.0 -9999.0 -9999.0 -9999.0 -9999.0 -9999.0 -9999.0 -9999.0 -9999.0 -9999.0 -9999.0 -9999.0 -9999.0 -9999.0 -9999.0 -9999.0 -9999.0 -9999.0 -9999.0 -9999.0 -9999.0 -9999.0 -9999.0 -9999.0 -9999.0 -9999.0 -9999.0 -9999.0 -9999.0
-9999.0 -9999.0 -9999.0 -9999.0 -9999.0 -9999.0 -9999.0 -9999.0 17.7514905828 50.9051723234 66.5159576302 82.5157064137 114.544204125 15.1490696562 60.7919681393 75.3795298418 304.34539947 13.1949019133 13.4736102755 30.8544236851 44.9293413306 14.5578831471 -9999.0 61.3857654355 50.2623725744 13.7344723737 -9999.0 -9999.0 -9999.0 -9999.0 -9999.0 -9999.0 -9999.0 -9999.0 -9999.0 -9999.0 -9999.0 -9999.0 -9999.0 -9999.0 -9999.0 -9999.0 -9999.0 -9999.0 -9999.0 -9999.0 -9999.0 -9999.0 -9999.0 -9999.0 -9999.0 -9999.0 -9999.0 -9999.0 -9999.0
-9999.0 -9999.0 -9999.0 -9999.0 -9999.0 -9999.0 18.3132528603 16.6874098734 16.0485251886 16.259871737 16.3542530451 115.701225922 246.225547396 262.027642083 275.305743465 12.6929343725 330.782180006 344.277617045 27.9139106633 14.3890338623 58.7730412347 101.477918018 14.1520964383 103.940096151 14.7574310457 14.5676811723 15.3036184173 -9999.0 -9999.0 -9999.0 -9999.0 -9999.0 -9999.0 -9999.0 -9999.0 -9999.0 -9999.0 -9999.0 -9999.0 -9999.0 -9999.0 -9999.0 -9999.0 -9999.0 -9999.0 -9999.0 -9999.0 -9999.0 -9999.0 -9999.0 -9999.0 -9999.0 -9999.0 -9999.0 -9999.0
-9999.0 -9999.0 -9999.0 -9999.0 -9999.0 -9999.0 36.5404580911 53.8964758032 121.355865908 169.006809812 14.9486753736 15.7367512323 14.9231778306 43.3281223244 331.868596826 12.5368478317 357.56947857 410.718387085 41.2676608972 27.2649940326 114.499485213 13.8883456475 117.795718666 27.2177875384 13.5965947484 27.7745675781 30.25338183 15.4179529713 16.0134684483 15.7522948367 16.2729447263 32.6163615606 -9999.0 -9999.0 -9999.0 -9999.0 -9999.0 -9999.0 -9999.0 -9999.0 -9999.0 -9999.0 -9999.0 -9999.0 -9999.0 -9999.0 -9999.0 -9999.0 -9999.0 -9999.0 -9999.0 -9999.0 -9999.0 -9999.0 -9999.0
-9999.0 -9999.0 -9999.0 -9999.0 -9999.0 19.3505420139 37.7257973092 18.203508786 35.2471458776 186.072255925 217.320639758 248.795995172 800.805419557 14.3066470646 345.960912362 1258.94331286 1269.69707738 1698.95608509 11.5968095599 40.2294979285 127.600815471 13.0071492735 271.789051178 140.457255419 85.9287307912 72.1300531564 14.7587649719 46.1168782619 47.0101497397 31.348982243 15.2579867586 48.2530627883 15.128969166 14.972332406 -9999.0 -9999.0 -9999.0 -9999.0 -9999.0 -9999.0 -9999.0 -9999.0 -9999.0 -9999.0 -9999.0 -9999.0 -9999.0 -9999.0 -9999.0 -9999.0 -9999.0 -9999.0 -9999.0 -9999.0 -9999.0
-9999.0 -9999.0 -9999.0 -9999.0 -9999.0 19.5940285825 57.333075205 113.716387787 131.274558752 259.997784972 276.591391248 327.923118529 537.662434182 844.612125088 873.905637564 887.302969029 24.9556267054 1743.81727947 1767.4063473 1833.86823827 2285.91385166 311.482176794 285.546308256 99.5594758284 13.5405208699 86.8399010571 59.4043189332 12.8914580595 60.8888750377 13.7668461132 28.7799972422 77.3130599175 91.8683661554 29.3917731225 14.301654957 14.3729073231 -9999.0 -9999.0 -9999.0 -9999.0 12.5240422486 11.0024702275 -9999.0 -9999.0 -9999.0 -9999.0 -9999.0 -9999.0 -9999.0 -9999.0 -9999.0 -9999.0 -9999.0 -9999.0 -9999.0
-9999.0 -9999.0 -9999.0 -9999.0 -9999.0 19.1745394347 18.4458027088 75.5871731883 93.3341125719 111.504745964 17.3501525042 34.4619465088 197.434177264 34.7234722207 16.029964664 14.7506498729 13.1152268341 14.5451698187 14.1930952112 14.3534345309 2299.43511227 2338.29624332 12.887732446 39.7253932284 26.9855279024 99.7890582351 25.9564674141 12.5183584118 74.8607432956 27.1142580213 66.0969263763 162.06622165 149.469438024 43.2063529709 42.2526573337 14.6182434004 14.6732319858 -9999.0 -9999.0 15.021947446 26.7605760202 60.6804764697 11.5420669477 -9999.0 -9999.0 -9999.0 -9999.0 -9999.0 -9999.0 -9999.0 -9999.0 -9999.0 -9999.0 -9999.0 -9999.0
-9999.0 -9999.0 -9999.0 -9999.0 -9999.0 -9999.0 19.778666925 19.366413744 37.8195471769 56.4207058415 128.377407947 164.003328916 181.630230214 18.5483086259 14.7652952134 194.472414091 237.980565124 251.807768462 309.555938103 323.066520964 13.2449480056 2351.62296219 2416.1527045 51.4999456911 9.35506116886 111.581375431 248.251374486 99.2126538124 25.0570651715 12.7081007832 253.392581129 175.04016727 12.4598274922 12.6623776602 55.2684371665 42.8844062751 13.6592082566 13.1161361535 14.4433902758 29.2273287156 14.188261048 73.685963097 87.3362064633 12.8663598835 -9999.0 -9999.0 -9999.0 -9999.0 14.7352206487 14.111341079 4.73471030022 -9999.0 -9999.0 -9999.0 -9999.0
-9999.0 -9999.0 -9999.0 -9999.0 -9999.0 -9999.0 -9999.0 19.1278685517 17.5225799187 36.3593476911 54.6291588321 17.935163733 16.2027904612 102.209573162 133.363690654 165.227207106 14.8485662007 29.9626728558 14.5660561546 336.836524527 747.1158966 758.754480939 3200.24152675 12.7987840666 28.2708731415 9.04417864026 260.007729148 12.2027089382 37.9155237026 12.4628326364 265.710112624 278.050780158 25.0724939766 25.2696766638 139.274033947 70.2981055285 26.8778893724 13.7817937738 28.8622901105 43.475468372 71.1167589372 13.249269966 112.454061043 123.970195344 10.7565419931 11.5498227995 12.0434977772 11.0645594236 10.7505901964 41.1056635645 17.2769530568 11.6848649039 -9999.0 -9999.0 -9999.0
-9999.0 -9999.0 -9999.0 -9999.0 -9999.0 -9999.0 -9999.0 -9999.0 37.0069717899 53.9555845032 18.0257145332 36.4347246044 53.3831453775 87.0762351823 17.0680164071 16.6191406895 14.7041803568 14.8690987959 13.6547393764 382.636733081 14.7587366326 29.0576054324 3241.9319143 3269.30450351 11.7755195404 51.8420365819 323.152712657 24.0635480591 49.0878024117 22.9552373522 33.8734594703 325.401394302 36.4331117507 200.155667849 163.790653564 12.4797243408 66.9020401408 27.0241859359 42.110041542 13.1807204966 83.7602518353 108.675541897 118.76480943 128.388015748 164.673551604 20.5885818347 21.8043380332 20.1949690645 19.4522154248 51.4021717958 10.883248142 40.1452836777 50.5742156922 -9999.0 -9999.0
-9999.0 -9999.0 -9999.0 -9999.0 -9999.0 -9999.0 -9999.0 -9999.0 19.1020189825 91.7710186914 109.491134411 17.7442299568 34.6454083192 16.8911359813 15.8541358156 15.6299568565 192.163097585 254.054889379 312.360003672 370.245266948 14.232987199 14.4970143014 14.368767851 3334.0431521 3364.22245629 3375.86962377 432.27406856 96.4334868003 84.3835452832 10.3590705545 44.4318812133 380.626704588 10.8998474653 211.156976857 12.3475349553 87.0289880635 80.3189034703 13.0858281203 55.2892312735 26.2985898233 39.3336496888 11.6934023004 9.4507140077 137.903015311 146.887713069 173.635491653 31.5024032584 29.4895529566 28.6610226675 62.6944666785 84.6486702705 10.9510971901 61.3610276654 11.460102381 22.0977770749
-9999.0 -9999.0 -9999.0 -9999.0 -9999.0 -9999.0 -9999.0 -9999.0 -9999.0 19.266830953 127.723380314 145.266150949 51.6915344818 85.2023249702 116.563150204 132.073337176 15.5703145178 47.2872135866 31.3044477934 15.7651362634 15.6505470745 14.6337165342 28.6328041979 48.9524973323 16.2535353971 3837.30547491 3849.6253564 10.8697513562 9.06630526068 21.2461118247 31.8007811703 412.332885133 21.2773812914 220.850111724 133.553506659 110.384178474 12.4013658621 25.272775431 67.3907125442 12.0638810572 51.2930465486 23.2664603553 16.312704931 7.11318058269 169.840800807 351.048019366 38.584925209 36.7156097137 37.6596840205 9.24969557251 93.9094293176 9.06066233186 81.818772606 10.2760685421 32.4720603306
-9999.0 -9999.0 -9999.0 -9999.0 -9999.0 -9999.0 -9999.0 -9999.0 -9999.0 -9999.0 17.3191406103 180.120727979 16.9917733519 33.6584037526 48.7970596527 78.9846316196 15.4245344869 31.6025538786 15.6403431665 14.9380078321 14.1919391329 28.0800553769 12.7129295536 13.7253266543 27.1306070015 15.1466571064 3862.57221068 3885.28678785 3917.89121833 41.9164019652 10.9276640344 21.7881998036 423.608078411 408.642231899 157.01564252 11.6604469868 49.6992645866 37.4443679933 79.5205500621 24.143257652 98.4771340054 35.054970488 26.3103346537 5.24117225952 7.72101704645 360.610155503 369.199736597 452.096210809 66.29621638 18.9518684239 103.765277531 122.498489423 213.424625207 20.2108238359 9.74725527884
-9999.0 -9999.0 -9999.0 -9999.0 -9999.0 -9999.0 -9999.0 -9999.0 -9999.0 -9999.0 -9999.0 10.0167872991 201.473019846 16.113558173 31.1051327729 140.183325746 15.4134123988 15.3049128328 13.873416347 29.4990853496 14.508618924 56.8733451561 82.178744681 93.9197479623 37.8993609683 47.5496557858 11.253842212 13.7917859649 13.5197719961 3984.50994725 4017.13873517 433.084474961 427.898551227 418.339701998 20.5722608551 10.0510010054 60.8453974941 162.969051967 90.9968249108 35.543489161 145.106691221 55.6173463129 45.0601606744 10.7471151136 4.69979248959 4.53268384913 5.61563245638 478.427746544 571.632652805 9.1561366693 8.47725007299 9.1939386205 222.588221762 251.749841745 17.7431922126
-9999.0 -9999.0 -9999.0 -9999.0 -9999.0 -9999.0 -9999.0 -9999.0 -9999.0 -9999.0 -9999.0 9.47456688441 223.811055486 274.196662276 15.2219561783 170.535285077 14.4303517732 14.0168357602 28.2255161312 72.2684917723 14.2042228835 14.7129251207 12.5818500533 118.724750067 130.608255287 190.652915933 212.649729991 224.037320318 234.770501147 248.72820563 4278.09809327 4731.11691804 5177.68583379 5186.24747474 9.01528016901 10.1972889977 185.318893363 174.222340781 11.29691651 11.2625872718 156.227114489 222.855143877 9.71282902624 102.315073173 93.9671910348 22.7378686086 11.3399149741 18.554684616 9.54864474271 588.423949164 8.5310125879 25.7836197778 32.860104729 306.705766066 329.845300261
-9999.0 -9999.0 -9999.0 -9999.0 -9999.0 -9999.0 -9999.0 -9999.0 -9999.0 -9999.0 -9999.0 18.1943983975 34.7089341822 290.448602384 319.653281545 14.5297211692 197.974010632 12.6309695038 39.2091377687 85.3550985511 27.5201425326 13.274232064 26.5527398503 11.070137704 21.8287133324 11.187286429 10.3950162383 8.98248397509 8.01586734408 7.29483858439 6.892585713 9.139364817 11.0608708278 12.6064189893 5218.36810611 219.52093249 201.945680943 7.81873579331 32.5487065979 9.31699258699 8.0419825916 233.168296396 367.030432043 113.516113391 83.4706374022 13.0025472712 5.57601306552 5.17694013579 12.9323876226 609.73878169 625.700504509 8.26638199433 8.50992685299 7.70521020385 5.52140542406
-9999.0 -9999.0 -9999.0 -9999.0 -9999.0 -9999.0 -9999.0 -9999.0 -9999.0 -9999.0 -9999.0 -9999.0 16.0227828832 212.283650503 547.294438281 592.921295041 804.323152272 817.130271744 191.098450485 139.819043028 41.0094050864 13.1400315383 52.27064543 64.4703751761 97.6353070017 22.757832153 21.3447610328 20.0779080291 38.8955310942 17.9543723568 17.2451039859 9.10425499937 6.01326030028 6.58205968291 5229.38144406 5457.54099776 5467.39526693 7.99226130484 88.0870227715 39.0693065403 11.1269730278 400.690094044 23.5768233581 12.0900136845 50.3005789984 10.7182009581 9.03703813997 16.9063989146 24.1250848349 32.0147655305 639.544446951 6.63708593789 5.99967992607 6.03889004833 5.011643191
-9999.0 -9999.0 -9999.0 -9999.0 -9999.0 -9999.0 -9999.0 -9999.0 -9999.0 -9999.0 -9999.0 17.347802068 161.986795484 196.083183828 31.0883117743 10.2909766794 23.0870235972 853.774366324 865.75909433 1069.28969627 12.0074592084 25.0554247419 11.1846662101 11.3362506038 108.609404923 142.321713618 173.944773129 10.1367527479 49.0036224983 76.9016686202 45.7695057317 18.884788627 14.5675529841 13.053527945 12.9256389709 6.7270668736 5475.46463624 5482.03783447 5584.00261976 18.8625988163 9.95945849466 409.706135878 25.2990050973 12.8429572139 13.6287435923 13.5063665894 12.5309511715 21.9386871528 63.2796279179 103.690435573 749.992254834 5.17455498048 15.7545008061 10.7631501888 9.39516888078
-9999.0 -9999.0 -9999.0 -9999.0 -9999.0 -9999.0 -9999.0 -9999.0 -9999.0 -9999.0 -9999.0 17.6667851975 111.657444811 17.3741748711 15.4461987583 80.6300839218 94.3201187223 108.100928824 121.109124402 1443.14806464 1454.78854962 1478.43296949 1650.19557424 1683.4259926 1701.85550811 1713.09377426 1909.60210904 1935.94809181 1946.37414433 2034.04768192 2090.64921703 2100.53896319 2133.28906684 22.512983215 20.2548343181 4.55432452508 4.95406977633 5489.34181267 5617.64736207 26.9248329519 475.576093107 466.395942005 47.8823435353 11.6632809943 11.9359241898 11.6119434539 11.4248264832 22.9284566621 32.9886038136 9.46909082707 756.427996016 763.210034173 795.718547048 801.50418989 816.395074682
-9999.0 -9999.0 -9999.0 -9999.0 -9999.0 -9999.0 -9999.0 -9999.0 -9999.0 -9999.0 -9999.0 57.4128291649 75.9365791228 35.5292293752 51.9888290054 16.2429485481 185.347698842 199.601619208 227.69713616 239.630181973 93.4710970624 1590.79903951 1602.41798167 10.2541532024 7.20435689158 6.19796693393 14.1048351071 7.2502562254 5.67116629953 5.55415198 6.44269952366 2109.23794667 2142.46123929 2174.4367182 2203.24605004 2221.63800598 8.43024922519 3.14487813651 6115.40942517 491.305975591 485.057840834 10.1753085056 9.51592327159 8.92086163587 21.2819045361 20.9396567956 9.82836914806 9.87088014933 9.32846008259 18.6884952622 24.7928143841 4.76272566071 8.85727981886 3.5802797853 2.27972565761
-9999.0 -9999.0 -9999.0 -9999.0 -9999.0 -9999.0 -9999.0 -9999.0 -9999.0 -9999.0 -9999.0 -9999.0 38.7637270181 18.2662627064 16.8065337037 156.950596137 171.511277154 14.7123445374 57.21116503 70.5522916382 82.3220625881 13.0040258901 9.98101223198 237.743476773 245.917969258 253.695408026 657.184855366 663.192984821 673.597523685 725.69752556 756.453873676 761.35954871 5.28687016237 5.45695418383 5.87646193228 2231.33826641 4.29896465791 6200.72560173 6193.3621322 71.8338335585 64.3528256918 39.3221307703 10.0320599766 17.7421505514 30.4691430444 30.1520334433 19.2455525668 9.55891023719 18.7213883697 18.6961304158 33.1456673657 6.72177621898 15.4454974614 24.6916026665 29.5638948577
-9999.0 -9999.0 -9999.0 -9999.0 -9999.0 -9999.0 -9999.0 -9999.0 -9999.0 -9999.0 -9999.0 -9999.0 19.9265701418 55.6370991846 72.6804978116 124.163127672 14.6752599449 29.8005789944 43.9079288647 174.693284196 186.680559331 195.760926644 206.952868194 218.87206614 344.030840962 379.159815097 396.998880988 6.93775898936 41.6104143287 47.7083334835 740.531333373 766.821454076 778.587529917 790.60109226 801.501053109 3037.87971798 4.90141839718 6222.18763564 10.8822278972 4.76062421412 54.6713403007 47.5941490535 7.39937717671 26.2319208498 38.8706738225 38.2372683286 26.846645519 44.1046324724 69.8838610376 26.5233232609 66.8880925638 6.21299084473 9.93223583528 1.97462789407 1.63346758824
