data/baseflow/mHMbf_acc363.asc
ncols                  80
nrows                 72
xllcorner      4374000.0
yllcorner      5656000.0
cellsize            500
NODATA_value       -9999
[rows 25 to 49 of 72, columns 0 to 54 of 80]
-9999.0 -9999.0 -9999.0 -9999.0 -9999.0 -9999.0 -9999.0 -9999.0 -9999.0 -9999.0 -9999.0 -9999.0 25.8930001679 51.5488592256 24.2645384155 48.903046112 22.3736232982 165.795018242 208.681648612 230.462054453 20.1671297488 38.8820714421 374.237495125 465.232611215 481.331330351 37.1957761929 34.4439724732 49.2187672826 10.4310904955 9.82478571388 18.5831766544 8.51381433518 571.88648484 581.822521512 590.176040504 4591.17757269 9469.95646775 9410.69223002 14.2330015407 6.18949655787 5.60080749817 24.1930369809 18.5836719474 48.6757899587 68.3177346915 137.202188629 11.9841062498 11.9026492368 112.0530476 122.692894866 235.078305469 241.677763565 258.285943198 264.051421875 4.96162056051
-9999.0 -9999.0 -9999.0 -9999.0 -9999.0 -9999.0 -9999.0 -9999.0 -9999.0 -9999.0 -9999.0 -9999.0 -9999.0 25.1417601056 49.7554909884 74.3381775583 120.168101463 23.4903722459 21.9136300874 150.717330269 170.976917685 338.586398851 358.607423612 56.6966631481 19.8745263026 18.9950530231 17.0149060318 513.041011231 525.081400494 536.069142849 545.298907798 562.858758665 102.705700194 111.915469194 709.714694 14775.3533422 49.7545316174 41.0200459602 21.0932004902 5.37936303506 4.73245098763 35.289697033 39.1268796761 58.3471742655 4.90002291325 143.437169755 19.8709428935 19.497689575 4.38472336278 2.98927387128 2.57595764949 2.54555255666 2.61262588407 267.624024557 3537.75302295
-9999.0 -9999.0 -9999.0 -9999.0 -9999.0 -9999.0 -9999.0 -9999.0 -9999.0 -9999.0 -9999.0 -9999.0 -9999.0 -9999.0 24.1575874099 45.8907392168 65.450359811 85.3716538455 107.146742866 129.322608424 65.2205346786 108.062151436 20.0542959115 19.6555615937 422.132065424 460.445352896 478.554534192 497.957836703 14.602295913 26.6535086216 69.5709743713 82.055338421 92.9063139557 10.7488932506 7.67519596331 14798.6120259 8.83593041494 11.4763848793 5.48734532587 21.8761123718 10.508967869 5.0640187196 102.539596506 106.500211122 3.10780687262 146.852646759 169.653808152 23.0276676906 3671.31150121 3664.29852725 3658.33264555 3646.56068695 3641.75098679 3555.34807724 3551.63498151
-9999.0 -9999.0 -9999.0 -9999.0 -9999.0 -9999.0 -9999.0 -9999.0 -9999.0 -9999.0 -9999.0 -9999.0 -9999.0 -9999.0 4.83201821317 11.2261426379 19.4947441182 173.563246317 196.027028644 22.5485830277 22.0062607794 21.6474514645 342.777717712 383.961505432 19.9265184705 20.2445645643 17.6623410857 71.9310787308 89.3462898737 44.7051003651 57.0956606065 406.480539285 419.920081991 442.729449731 702.308500813 15506.0407121 8.35333361956 4.58955374417 33.2092523811 27.5588641484 4.46325148014 14.1625876626 18.294612601 111.101600038 114.723974552 293.666662625 172.714921528 26.2827844552 3748.90724552 33.8324461097 3652.91870996 3649.92161195 81.8086938993 5.23949605922 10.3767618363
-9999.0 -9999.0 -9999.0 -9999.0 -9999.0 -9999.0 -9999.0 -9999.0 -9999.0 -9999.0 -9999.0 -9999.0 -9999.0 -9999.0 24.982987508 40.8542783177 86.4137444508 151.310463363 213.922975378 258.246437878 279.981359633 301.950112817 323.022364513 20.3740827366 19.0877487455 37.6965946143 35.9604396465 18.4459209595 351.304304288 368.406396663 384.347365546 399.643974807 227.325264231 239.719957527 251.412423486 15510.3417537 14.1832682563 11.6414615394 48.5907923139 5.35994642977 8.24793195778 4.24088073826 3.83843095069 22.0288631121 2.89167817895 3.09009174068 4060.44204223 3764.51522546 3761.48266781 13.8632930775 31.0571793343 20.1286008957 4.76866188644 73.2551528596 20.9511989428
-9999.0 -9999.0 -9999.0 -9999.0 -9999.0 -9999.0 -9999.0 -9999.0 -9999.0 -9999.0 -9999.0 -9999.0 -9999.0 -9999.0 17.4901317926 16.4038048582 32.0129386513 48.7800205672 22.650340699 23.9597154087 46.3604552314 68.5360561728 110.738414005 131.75646804 151.03025252 208.467725444 226.478557597 245.416464506 17.3908173102 174.965615981 190.041750073 203.69547024 11.2733331867 6.44782791522 10.993541206 15766.9037082 15770.9750411 15793.1994929 63.1032523984 10.6147024472 13.6240364662 3.65724893083 6.83990228768 25.1374308928 30.6491528472 5.60781145162 4074.7381627 4.67823606678 7.84875074867 8.79164229281 6.44530695567 11.8671865038 4.90832233619 47.7151485765 37.5511757009
-9999.0 -9999.0 -9999.0 -9999.0 -9999.0 -9999.0 -9999.0 -9999.0 -9999.0 -9999.0 -9999.0 -9999.0 -9999.0 -9999.0 -9999.0 15.6838405669 30.9994495155 15.285484253 31.7766666374 199.840188716 220.764857971 242.71422967 21.0363505233 21.0766619309 40.3896995598 59.9427911909 95.6164535439 113.738175965 123.87905975 140.613861168 14.4500469589 13.39238762 225.205995535 231.325517124 236.205118039 241.101545764 195.705890577 16008.8918389 16102.1327094 16106.1438645 16123.3312765 16142.2907773 16151.9749194 2.88609832666 33.2674297041 4077.39703876 6.84290778937 3.52995589486 3.61324853298 3.31088986865 5.80309702446 5.93283023018 3.52155293712 5.35836474249 5.16269341513
-9999.0 -9999.0 -9999.0 -9999.0 -9999.0 -9999.0 -9999.0 -9999.0 -9999.0 -9999.0 -9999.0 -9999.0 -9999.0 -9999.0 -9999.0 -9999.0 46.1462668575 62.8577799405 111.752739187 149.952539861 20.8455483592 286.788927834 307.584913599 328.057856958 19.9360610917 39.5034613833 17.875233412 132.559508554 141.971695431 157.241919807 172.726674191 210.470451802 215.611270436 3.28490523694 176.649118112 186.465358474 191.134569726 211.412041939 26.0147984748 16.6725142754 10.4810096288 10.0634985322 16163.0616382 16167.4794151 16224.5243929 4080.04385641 18.4069938834 9.20711136372 6.10781978043 1.99243118489 18.3033109555 9.92084818046 3.1636740561 17.9817920239 15.3591220831
-9999.0 -9999.0 -9999.0 -9999.0 -9999.0 -9999.0 -9999.0 -9999.0 -9999.0 -9999.0 -9999.0 -9999.0 -9999.0 -9999.0 -9999.0 -9999.0 16.8813760807 79.1484920282 96.2073046875 22.0260733266 22.4930406115 45.050159015 66.2455594687 414.894468689 19.907676088 79.7444942443 97.9966419726 116.108156414 9.81000339804 24.0900638887 32.2806633153 142.99753613 159.349468403 163.64547482 4.95165290463 4.91913350829 5.93917621433 10.8965562123 4.69921983972 5.02803745597 8.93076467085 7.4481098606 8.79255788691 21.0282055329 16229.5207446 20321.8181927 22.8801559434 4.60686755675 1.94973206039 59.2595319612 54.8765549396 33.3782493067 30.1337988142 22.6246139186 5.42275752
-9999.0 -9999.0 -9999.0 -9999.0 -9999.0 -9999.0 -9999.0 -9999.0 -9999.0 -9999.0 -9999.0 -9999.0 -9999.0 -9999.0 -9999.0 14.4013370958 47.0060782704 15.6559104663 24.2597860987 24.4365727238 47.1659066343 69.3843648763 89.4218861068 521.004290332 540.42486911 19.8204050275 38.2060264449 56.6803639537 69.5318253674 84.1046642925 126.953948281 137.740291913 10.413457526 8.62480501214 7.74742829691 9.78368391027 9.37886236411 9.2698134215 7.84243537208 9.60937151845 30.643469646 14.0891108259 4.67150141813 4.43409897276 4.52569708278 8.40629142941 20502.2769685 153.23642206 69.2179535506 5.06506569608 2.18572931141 1.92124751191 7.4986395961 5.34719032049 2.82602785888
-9999.0 -9999.0 -9999.0 -9999.0 -9999.0 -9999.0 -9999.0 -9999.0 -9999.0 -9999.0 -9999.0 -9999.0 -9999.0 -9999.0 15.2491146556 29.2230129019 106.093556076 15.1906441773 45.9219173111 70.0853204097 92.8158710821 22.9293790651 43.7367396802 62.9781824104 619.196287696 19.1289927515 36.7743825667 54.7096414539 16.4668086596 32.5951589802 42.6784093493 53.1463971413 1197.11217504 1214.21960501 1229.6505549 1297.2556208 1325.54512634 1379.6328899 12.6313871798 29.4038441105 37.8717954499 1536.12249695 1545.07872073 4.03808185905 7.24306535777 10.2964150362 20506.0157257 144.351148081 68.7019937914 66.0939585742 51.3813075583 44.8088000903 9.92849318618 2.31157487768 4.74430978252
-9999.0 -9999.0 -9999.0 -9999.0 -9999.0 -9999.0 -9999.0 -9999.0 -9999.0 -9999.0 -9999.0 -9999.0 -9999.0 -9999.0 15.3246585889 46.4991344243 167.795189515 247.17948615 13.8163098851 326.149868425 435.59863459 22.097719622 42.8742274627 62.8837013264 798.130794007 814.727519361 16.5996360944 88.2916356548 103.66413382 117.097521249 1087.09812825 1117.48479773 1134.94987457 8.43602357607 48.3840308876 57.2900967793 25.6162313313 37.040051955 1430.84963506 1476.07656477 1484.98841232 1493.42542926 1554.42442967 4.54562910253 3.81973093105 17.1031185231 20509.3149788 3.85516397515 4.36600842319 12.5782802613 4.63950596807 40.9646635876 32.7117887909 19.3584252395 14.1336970351
-9999.0 -9999.0 -9999.0 -9999.0 -9999.0 -9999.0 -9999.0 -9999.0 -9999.0 -9999.0 -9999.0 -9999.0 -9999.0 -9999.0 -9999.0 -9999.0 32.3485653939 64.9997388089 293.47917481 310.014601028 450.252873867 467.005484001 21.5704935211 43.081482656 102.231395739 829.479719977 862.923787642 877.294918515 11.6797049227 927.969628739 959.190707812 19.6008315106 8.53326857091 16.9111594104 32.7866981052 7.70554470707 15.481132537 34.8177223304 43.4366863795 7.7957840728 5.20826713248 10.3942181746 1593.4957329 1606.67680363 1609.89272424 1635.78139568 20512.1765175 2.27666700853 3.10331208797 3.49359104728 3.36947578202 3.46543400971 2.91718241539 5.41251715411 1.73649450807
-9999.0 -9999.0 -9999.0 -9999.0 -9999.0 -9999.0 -9999.0 -9999.0 -9999.0 -9999.0 -9999.0 -9999.0 -9999.0 -9999.0 -9999.0 -9999.0 16.8905192541 16.5826695824 16.4909324884 34.1880828345 15.0423306984 496.835660788 512.298870005 20.2930395768 40.3249654019 19.7814808093 16.7239086847 16.3537439275 905.88607536 10.4756476418 20.8680804183 10.5371808794 9.16782805102 8.19723353856 6.42533237804 6.67052646683 20.0859095409 27.3950606361 5.21706666086 4.54802113325 9.67006654334 15.9485349243 21.2376106714 6.2923336132 1615.0527087 1639.19029505 20513.9894828 12.1708053463 7.76285543029 2.0281104093 4.96610628887 1.63508822684 1.19221729987 6.71812747378 9.10428152221
-9999.0 -9999.0 -9999.0 -9999.0 -9999.0 -9999.0 -9999.0 -9999.0 -9999.0 -9999.0 -9999.0 -9999.0 -9999.0 -9999.0 -9999.0 -9999.0 -9999.0 -9999.0 16.3930714067 49.4207512714 63.0805553444 77.61673642 526.461454191 540.679507593 555.371001354 573.196318757 589.24641998 621.894999903 632.137823244 642.109718051 651.000397825 8.33876708255 7.75906498226 8.11127525402 28.1699908924 7.34931101812 6.89714347241 5.51205344585 15.7519181461 5.97107770455 4.54783188 4.23186515483 3.69919106156 7.38221156328 10.4322908673 1660.17455794 22188.4755241 1.99311642734 4.49309162344 1.69297087943 6.84402792112 3.95348351205 2.39743507468 22.8471149514 14.8434901879
-9999.0 -9999.0 -9999.0 -9999.0 -9999.0 -9999.0 -9999.0 -9999.0 -9999.0 -9999.0 -9999.0 -9999.0 -9999.0 -9999.0 -9999.0 -9999.0 -9999.0 -9999.0 -9999.0 14.063986285 109.625323218 217.283869307 232.896243629 20.9808624875 41.3728115804 61.7392204918 79.6169536895 193.037775876 202.185334529 8.83931409104 8.5697201624 668.260132019 683.52626882 690.655580785 33.723865269 5.14063333787 12.3423027504 18.1316187518 53.1321281038 64.4930840643 73.2467956452 8.06249533941 11.2321994745 3.72282737947 7.25686580906 3.65814436862 22194.8223779 1.84086280639 7.94774863543 4.01112701794 12.5454518737 24.7943750904 28.2650645995 52.1906492665 18.326270534
-9999.0 -9999.0 -9999.0 -9999.0 -9999.0 -9999.0 -9999.0 -9999.0 -9999.0 -9999.0 -9999.0 -9999.0 -9999.0 -9999.0 -9999.0 -9999.0 -9999.0 -9999.0 15.4062782938 48.8507494795 95.8632654874 125.372278117 323.863337273 342.322306328 41.8813947999 62.3017947818 80.1591449049 97.8971297504 211.999017564 230.188635124 406.533206259 420.181295509 428.531422283 698.032290516 750.427185786 12.385469499 7.82940614294 7.52610606847 14.2780399229 6.35774717815 85.0551114845 89.2521542002 14.7612317286 19.6134905487 4.26265329941 4775.99205513 4783.37631433 26982.2733715 26992.7507392 1.85515202805 16.6912891234 2.55668931761 2.24901170226 56.8964452683 77.0468166024
-9999.0 -9999.0 -9999.0 -9999.0 -9999.0 -9999.0 -9999.0 -9999.0 -9999.0 -9999.0 -9999.0 -9999.0 -9999.0 -9999.0 -9999.0 -9999.0 -9999.0 -9999.0 -9999.0 17.423698161 16.9852038893 32.4179109134 77.0484548803 356.958009291 21.388507111 21.186479408 39.1856442016 57.2149292369 139.095265634 151.304426303 8.55173956259 8.95448119205 438.680528483 446.623547629 1204.59891062 1211.50629724 4.59934980418 4.03572863391 3.27025252043 3.30188691847 3.43764077141 4694.93032624 4721.16795688 4745.90835983 4754.8739293 4771.52012687 4.09609838167 15.2696228808 18.7702540111 27017.4146473 27018.5918229 27022.4016662 27026.481061 27029.4576919 80.8090994363
-9999.0 -9999.0 -9999.0 -9999.0 -9999.0 -9999.0 -9999.0 -9999.0 -9999.0 -9999.0 -9999.0 -9999.0 -9999.0 -9999.0 -9999.0 -9999.0 -9999.0 -9999.0 -9999.0 -9999.0 15.8177698304 16.4337680911 30.568986457 417.209252204 433.431175515 20.9702166415 38.8805139535 57.1456974637 70.5569498703 12.1173977701 23.2579239712 1003.85630617 1012.62424233 1020.83486101 1082.93725083 2302.01552161 4522.84943549 4533.49806651 4542.92469494 4551.93051853 4589.55961897 4601.47005567 21.5449019427 9.66071334361 5.52964836383 10.4171736137 7.63413365909 12.0281531 3.62594019474 93.5688586565 100.836415348 106.787097664 108.365910763 27031.1879399 27115.4140812
-9999.0 -9999.0 -9999.0 -9999.0 -9999.0 -9999.0 -9999.0 -9999.0 -9999.0 -9999.0 -9999.0 -9999.0 -9999.0 -9999.0 -9999.0 -9999.0 -9999.0 -9999.0 -9999.0 -9999.0 -9999.0 16.2241217764 31.0544600486 45.9478127157 446.125744577 17.618937123 616.050987785 635.05234875 647.800282878 659.950402615 957.612635483 969.632786351 9.50734053577 46.1882950398 55.5747039038 8.74137233484 2210.08189939 2194.3762625 4.93303110065 11.2177636335 29.8397277181 6.51912707361 6.68434843743 4.98628878722 4.15329670241 3.29597028024 3.68730346212 81.6924461127 85.3867734497 89.8431767847 4.39950195824 3.90737670786 110.470778282 112.550807444 113.713327648
-9999.0 -9999.0 -9999.0 -9999.0 -9999.0 -9999.0 -9999.0 -9999.0 -9999.0 -9999.0 -9999.0 -9999.0 -9999.0 -9999.0 -9999.0 -9999.0 -9999.0 -9999.0 -9999.0 -9999.0 -9999.0 14.9962373158 14.0008907706 72.4818050862 548.350420993 580.687594379 598.049673046 19.1964608689 268.660599395 280.553660813 285.772547149 11.2473853271 21.4288244092 30.3371297377 519.341809372 526.208245162 532.057989181 2183.70875797 1314.30681438 6.13632177061 6.32190071946 6.08568346678 4.76654374278 51.2533093478 60.6396468292 68.93498793 73.4074110098 77.7117634582 574.545785464 577.605736462 581.639432046 591.869869606 633.368486255 634.942807646 750.245606661
-9999.0 -9999.0 -9999.0 -9999.0 -9999.0 -9999.0 -9999.0 -9999.0 -9999.0 -9999.0 -9999.0 -9999.0 -9999.0 -9999.0 -9999.0 -9999.0 -9999.0 -9999.0 -9999.0 -9999.0 -9999.0 -9999.0 29.2770989732 44.5104415779 16.479706556 21.6620213279 200.08721703 220.423373044 235.419549138 107.966553965 119.218538261 130.940319044 140.651455807 504.031935717 513.031446607 317.288119313 856.723415751 863.661703775 1309.25826551 13.191928025 6.62196646904 4.79263209305 35.907031759 41.9187542358 3.57405928944 3.32695265917 559.915053655 567.86860905 571.640537869 5.18785586475 7.46044479373 626.541129164 4.52170680058 12.8581143324 14.0995105498
-9999.0 -9999.0 -9999.0 -9999.0 -9999.0 -9999.0 -9999.0 -9999.0 -9999.0 -9999.0 -9999.0 -9999.0 -9999.0 -9999.0 -9999.0 -9999.0 -9999.0 -9999.0 -9999.0 -9999.0 -9999.0 -9999.0 14.6036239519 28.9414269525 122.711030362 139.628539821 158.853423486 80.3248965688 96.5870174712 11.5992778078 333.496477639 344.142247132 354.268308725 9.36580911501 300.295100678 309.508311555 7.20704504512 1275.00461427 14.6806783318 7.31039861357 19.5802824997 26.2223281041 5.00189680181 4.11929207512 517.542227348 552.587211684 557.284749654 4.81446713039 10.5953484814 13.4209004636 16.1202006498 31.4541279456 4.63871101446 10.6542760746 1.92883548647
-9999.0 -9999.0 -9999.0 -9999.0 -9999.0 -9999.0 -9999.0 -9999.0 -9999.0 -9999.0 -9999.0 -9999.0 -9999.0 -9999.0 -9999.0 -9999.0 -9999.0 -9999.0 -9999.0 -9999.0 -9999.0 -9999.0 14.5613782435 45.5923790135 79.307149028 19.4643697676 40.4489703627 61.2806582624 286.210390113 300.001260066 311.375900953 10.8204496542 242.140849542 273.448062374 283.027419727 7.91686925687 1244.30873271 1260.95519626 7.85374088142 7.31278008094 14.3150146113 5.86334127065 490.260667104 500.411486223 506.283644912 22.5705119386 27.5875508979 4.36900986316 7.69717795533 3.35518650747 23.3349664757 3.31970175963 2.75395558367 3.00065048236 3.01389593814
-9999.0 -9999.0 -9999.0 -9999.0 -9999.0 -9999.0 -9999.0 -9999.0 -9999.0 -9999.0 -9999.0 -9999.0 -9999.0 -9999.0 -9999.0 -9999.0 -9999.0 -9999.0 -9999.0 -9999.0 -9999.0 -9999.0 -9999.0 15.9395319519 17.5253086218 21.5735044972 189.488120853 209.468100588 268.084580151 15.2994531657 196.835586596 221.460743135 10.8578154993 21.7613589684 8.74139680791 1220.02642956 8.95021308039 25.1252705583 31.378444996 37.3478317935 452.345799717 473.633189329 480.133616792 6.51914853348 12.0823453712 17.1197529015 3.07774371189 2.78475736074 1207.59910705 1210.30271658 1212.47713372 1234.65497478 1237.27519333 1240.86350247 1243.12738929
