data/baseflow/mHMbf_acc522.asc
ncols                  80
nrows                 72
xllcorner      4374000.0
yllcorner      5656000.0
cellsize            500
NODATA_value       -9999
[rows 25 to 49 of 72, columns 0 to 54 of 80]
-9999.0 -9999.0 -9999.0 -9999.0 -9999.0 -9999.0 -9999.0 -9999.0 -9999.0 -9999.0 -9999.0 -9999.0 17.2655683823 34.1633080214 15.202039625 30.4496027291 12.758878535 101.551067211 125.767484778 138.256315492 11.0566429596 20.4743479806 221.029382558 269.031795788 277.194271255 18.3737941602 18.6294879659 25.3384752909 2.56298863325 2.25354607419 4.19056803264 2.5635023261 358.295240161 361.639142804 364.46820017 2434.46953255 5071.85250592 5045.73177197 2.74099731959 1.31579992738 1.16705286074 6.5333075764 5.53468960515 20.0515472045 30.7394590488 62.2031180827 5.43334657041 5.38292250183 48.9632746633 53.2178547379 102.134880208 104.264772483 109.1125993 110.135069141 0.914928713907
-9999.0 -9999.0 -9999.0 -9999.0 -9999.0 -9999.0 -9999.0 -9999.0 -9999.0 -9999.0 -9999.0 -9999.0 -9999.0 15.6029820291 31.2640725431 47.2126893529 74.3375320094 14.5185786559 12.6772521467 98.0531567319 109.175408957 203.73343438 214.912622927 30.7545876159 10.1011846883 9.07321992859 8.54950314499 341.024653715 345.339930928 348.384301393 350.536490549 355.442450012 41.0631179588 44.2897322058 413.02190666 7922.28933299 18.0571355251 12.8229166193 4.87692343899 1.48472235418 1.04783792871 8.80114103247 9.52270712549 21.8775108969 0.922433913678 63.6735637367 8.15859549557 7.90830578821 0.926512705635 0.567543646527 0.484158598142 0.804232409327 0.487925854762 110.63797003 1349.03752316
-9999.0 -9999.0 -9999.0 -9999.0 -9999.0 -9999.0 -9999.0 -9999.0 -9999.0 -9999.0 -9999.0 -9999.0 -9999.0 -9999.0 14.882923603 30.934844801 45.3929399642 60.0232650804 72.7894345266 86.0349498723 37.7682683142 62.5057025119 10.9468257649 10.3454072454 295.50629866 315.45134496 324.575571628 334.27028755 6.46218957502 10.9891205852 29.9374696701 33.6113323008 37.1053158871 4.08284852743 3.18499518178 7934.96068711 5.11631070681 5.69908240147 3.31326575335 7.74592701126 3.29861418206 2.37844135761 32.9996339915 34.7369932199 0.997528153997 64.9223443983 73.8892296852 8.95960060806 1382.51850975 1380.93801173 1379.69694665 1376.51634986 1374.91846602 1354.73859478 1352.97831638
-9999.0 -9999.0 -9999.0 -9999.0 -9999.0 -9999.0 -9999.0 -9999.0 -9999.0 -9999.0 -9999.0 -9999.0 -9999.0 -9999.0 4.49259269623 9.79254831821 14.8911849714 147.195706306 160.316524182 13.4297578027 12.7888632864 12.4423379231 252.6421527 275.60025738 10.8639736002 11.0353279668 8.4513936705 35.2889918161 43.8314902264 19.7477481216 24.6191860605 211.600319381 217.133292168 228.323082603 351.915047635 8290.41923486 5.54362852256 2.5580831609 12.9487829491 10.3636186307 1.53510729696 5.62465718163 7.24679194292 36.5068351365 37.9542234117 114.480902657 74.4210470353 9.8167682833 1411.16518551 11.9991999517 1378.51257936 1377.58598282 18.8974135227 1.02743637566 1.84368253194
-9999.0 -9999.0 -9999.0 -9999.0 -9999.0 -9999.0 -9999.0 -9999.0 -9999.0 -9999.0 -9999.0 -9999.0 -9999.0 -9999.0 22.3395504518 36.8523352188 74.7881304953 132.266659914 174.39924172 204.615582717 217.206594655 230.066644983 242.116982993 11.1069602144 9.89800599521 19.1712194602 17.5917885922 9.27142711154 185.889662469 194.168647207 201.72441657 208.770225733 107.857130219 111.973223995 119.370046533 8293.57110292 9.57456215541 9.2788179585 24.0690579716 2.48081970285 3.72923042182 2.08390966737 1.48430016342 8.93238140281 1.10176580217 1.17154960168 1532.96250283 1417.55688757 1416.2816801 5.56045665343 10.8901922424 6.6904642291 1.23541132115 16.2695280512 3.61775695233
-9999.0 -9999.0 -9999.0 -9999.0 -9999.0 -9999.0 -9999.0 -9999.0 -9999.0 -9999.0 -9999.0 -9999.0 -9999.0 -9999.0 15.6031837554 14.9369120428 29.4952924505 44.1182941073 15.4947477896 15.05134428 28.1132633948 40.8866361512 64.1226415291 75.6295683158 85.6931099405 115.393182234 124.442416042 134.231260177 8.54902827111 88.7137808551 95.3251018538 100.319880028 2.96865130228 1.31262996467 2.93430780284 8414.25661071 8417.253828 8432.93988003 31.1537321469 5.114937013 7.09337753344 1.85330583216 2.61851808871 10.1806855199 12.2648111049 2.08294578469 1538.55661409 1.92642368574 3.02717267519 3.38877747919 2.50275878003 4.32690275754 1.6963679489 11.8503084147 8.23157312806
-9999.0 -9999.0 -9999.0 -9999.0 -9999.0 -9999.0 -9999.0 -9999.0 -9999.0 -9999.0 -9999.0 -9999.0 -9999.0 -9999.0 -9999.0 14.319668448 27.9945984508 13.2841814231 27.8449543239 169.166971297 181.937179209 194.241539138 11.6087061135 11.6370582688 21.6198256952 31.8444913962 49.3049169748 58.3082190351 63.8735220158 71.997119657 6.34250418058 5.17371768172 107.637728971 109.033924328 111.554380668 114.467666104 94.3772669693 8539.09279266 8587.34855997 8589.64299941 8598.71518074 8607.93374987 8611.77076324 0.989162240992 13.2300167734 1539.53258762 2.17736457583 1.12448610797 1.45176467703 1.48386342954 2.47491179135 2.07491552018 1.24202582609 2.11969754245 1.72120481536
-9999.0 -9999.0 -9999.0 -9999.0 -9999.0 -9999.0 -9999.0 -9999.0 -9999.0 -9999.0 -9999.0 -9999.0 -9999.0 -9999.0 -9999.0 -9999.0 41.4999071066 55.0574904209 96.6014118587 126.736530135 15.6777318469 224.039382318 235.430396563 246.178378541 10.4855005456 20.538194003 8.76745033057 68.1298152371 72.8997153024 80.6875348396 88.3659049025 104.07377255 105.700492012 1.19739541454 82.6687610794 88.5628001479 91.6280516646 103.042053147 14.220235294 8.86373854588 5.05942129136 4.38983813717 8617.24266969 8619.29705699 8641.59749962 1540.43256881 6.37784986807 3.45451924491 2.34194674973 0.683221231598 6.92856359373 3.55489975441 1.07362489658 6.01480098127 5.1459365442
-9999.0 -9999.0 -9999.0 -9999.0 -9999.0 -9999.0 -9999.0 -9999.0 -9999.0 -9999.0 -9999.0 -9999.0 -9999.0 -9999.0 -9999.0 -9999.0 14.1211681648 69.0202931692 83.6697183043 16.117673933 12.9434921042 26.2068465807 37.8989907736 295.282683757 10.4514134131 41.9686332053 51.1785565319 60.1822788039 5.22423072717 12.2099874086 15.0282427591 66.927948125 72.8502301886 75.5904985902 3.03094218937 2.75433742693 3.01699237629 5.4829229821 2.30382879963 2.41990446401 3.63306429883 2.78176928283 3.24899078778 7.92223742478 8643.55837423 10188.235459 8.65942061031 2.57581492917 0.835717130253 21.3979783848 19.8666686621 11.7347620869 10.4847796076 7.71447131443 2.02897434782
-9999.0 -9999.0 -9999.0 -9999.0 -9999.0 -9999.0 -9999.0 -9999.0 -9999.0 -9999.0 -9999.0 -9999.0 -9999.0 -9999.0 -9999.0 12.2987156514 38.9955505099 12.6365376183 15.93375622 14.8036511985 28.211878447 41.1638240182 53.3594615156 360.449206061 370.325720941 10.2094025616 19.3051577703 28.5276370236 34.6038115977 40.6897855956 58.0910177417 64.0629467248 2.3828991074 2.97800114273 2.5929476467 1.90803206352 3.66077752346 3.70564939776 3.88534167755 4.48891343603 12.8055523116 5.05760361452 1.73994865604 1.67366475284 1.44814519051 2.63144630114 10256.3300377 57.6605844677 27.1620293628 2.9476692491 1.37989668154 0.870062291397 2.83311666526 1.87105608311 0.913540174664
-9999.0 -9999.0 -9999.0 -9999.0 -9999.0 -9999.0 -9999.0 -9999.0 -9999.0 -9999.0 -9999.0 -9999.0 -9999.0 -9999.0 12.949102283 25.0028788811 88.3232734647 11.7226476398 30.5650659194 44.7962497617 57.7006119282 13.5719141068 24.9347777417 37.5963739877 418.679962651 9.54242851703 17.9603605295 26.6107785722 7.60472174481 14.8726663102 17.0082759267 22.1190118663 685.818185545 692.302415441 699.674654769 728.788511555 736.84496143 755.858067091 8.46758232172 17.8220829845 16.7442866369 818.815337678 821.844150535 1.49408201812 2.42719471561 3.32112223182 10257.6952485 53.4915690646 22.2885881045 20.4571233459 18.4609897024 16.9496311574 3.75602190674 0.95950677044 1.64580428656
-9999.0 -9999.0 -9999.0 -9999.0 -9999.0 -9999.0 -9999.0 -9999.0 -9999.0 -9999.0 -9999.0 -9999.0 -9999.0 -9999.0 13.2344474411 40.1298668736 141.661778706 209.155793065 10.2898868991 271.167381356 340.85887977 12.4459090322 23.5858392972 35.990598996 520.64683173 530.368538847 7.15756694572 41.0900207693 47.516436248 52.9576431173 645.798200193 654.558576198 661.187502738 3.4316198369 19.583415609 23.7962404444 8.79577461165 12.5741822524 772.539690607 795.464608671 798.218627539 800.746944258 824.391426883 1.22499812453 1.07152000097 5.25912183477 10259.3912884 2.18412615024 0.189657171028 0.528441315636 0.214935921963 14.8382195743 13.7285432994 8.25734069747 5.70955457699
-9999.0 -9999.0 -9999.0 -9999.0 -9999.0 -9999.0 -9999.0 -9999.0 -9999.0 -9999.0 -9999.0 -9999.0 -9999.0 -9999.0 -9999.0 -9999.0 27.92763759 55.8503949282 246.631631726 260.023130034 352.502645231 364.70625608 12.087212276 24.181732329 56.0866196277 539.987362825 555.540972624 561.397655675 4.54760759135 581.317816228 589.847821058 5.76771350036 3.35330312698 6.2614264879 12.1226673786 2.94159408356 5.72176826318 11.658564511 14.5375719085 2.86021117461 1.76277441396 3.40994306818 838.375440277 843.988885172 844.889753869 852.985791877 10260.8458196 1.48700410576 0.0904600846368 0.11252697901 0.102494562159 0.10866969245 0.0800477572636 0.13963143456 0.878847549506
-9999.0 -9999.0 -9999.0 -9999.0 -9999.0 -9999.0 -9999.0 -9999.0 -9999.0 -9999.0 -9999.0 -9999.0 -9999.0 -9999.0 -9999.0 -9999.0 14.5042707035 14.0948608979 13.6174995096 26.3653322016 11.3070528874 387.345840391 398.289449216 11.3039560974 21.718040672 9.6900455246 7.4467194813 7.13769877915 572.753722704 2.52274070852 5.08446001462 3.53442163537 3.38778161103 2.93495861884 2.13027881781 2.24401977669 6.88010892706 9.50973698517 1.72478656125 1.45971856907 3.25027372844 5.58850933583 7.54566754331 2.81235360603 846.627904226 853.934731208 10261.9342763 3.40267612085 0.331067338984 0.0400092139904 0.128968969845 0.0276417650242 0.0184474852244 0.161386071671 4.36038050001
-9999.0 -9999.0 -9999.0 -9999.0 -9999.0 -9999.0 -9999.0 -9999.0 -9999.0 -9999.0 -9999.0 -9999.0 -9999.0 -9999.0 -9999.0 -9999.0 -9999.0 -9999.0 13.9212610587 38.7874671383 49.3007628879 60.3402347105 409.187745443 420.369626483 430.928581639 441.68262105 448.561880542 462.938088432 465.577617533 467.763586572 470.109102619 2.90072569497 2.63995429543 2.82680845095 9.60779415883 2.58332781199 2.41107584384 1.77537788851 5.13560159702 2.07504748805 1.53834442482 1.40426997401 1.1728979141 2.3399408799 3.41397296077 860.98187742 11127.4563876 1.48632845004 2.61417945737 0.0265546917077 0.16571023813 0.0807509516726 0.0372455484488 8.0471583612 7.29819021426
-9999.0 -9999.0 -9999.0 -9999.0 -9999.0 -9999.0 -9999.0 -9999.0 -9999.0 -9999.0 -9999.0 -9999.0 -9999.0 -9999.0 -9999.0 -9999.0 -9999.0 -9999.0 -9999.0 11.1038888956 91.0160065398 175.839039057 186.964488014 14.5130230056 25.7657284677 36.1659138288 43.9314079903 98.2550287138 101.267869959 2.93169877513 2.81040644932 477.310873101 482.808693263 485.096019518 11.2296654325 1.39536853454 3.76922891214 5.48135981007 16.6798358949 20.5026441087 23.4018581867 2.60990529366 3.62437063556 1.24540909151 2.51679521852 1.32653150257 11130.0292219 1.12462194374 4.95845722221 1.07259753034 1.78227449669 9.53766060625 10.2203072094 18.997133562 6.97319789624
-9999.0 -9999.0 -9999.0 -9999.0 -9999.0 -9999.0 -9999.0 -9999.0 -9999.0 -9999.0 -9999.0 -9999.0 -9999.0 -9999.0 -9999.0 -9999.0 -9999.0 -9999.0 12.7656561466 41.0940931786 80.1093612761 104.268067725 261.362768756 274.311753378 21.8673721476 32.3745315045 40.662258096 48.1689904321 103.930278201 109.767021535 184.136329102 189.813971977 193.744976396 487.346788061 503.910341572 3.57991934879 2.56824731299 2.38998575872 4.52525013955 2.01026035382 27.2978292074 28.6549313481 4.84039073908 6.74747056182 2.57921461775 2487.22851773 2490.5601456 13622.4211507 13629.2961115 1.42708652787 4.7903524858 4.07907924851 3.11241666031 23.9138382189 31.8739057858
-9999.0 -9999.0 -9999.0 -9999.0 -9999.0 -9999.0 -9999.0 -9999.0 -9999.0 -9999.0 -9999.0 -9999.0 -9999.0 -9999.0 -9999.0 -9999.0 -9999.0 -9999.0 -9999.0 14.8403764224 14.4133409652 26.8773908237 63.2904986327 285.977840411 11.2574885232 11.1026153883 19.3029128334 27.5909034036 62.3432031156 66.0117977823 2.6006235569 3.60034045157 197.173833313 199.507667068 706.237025032 708.935951732 1.11945440717 0.957179595014 0.78449078572 0.793264220687 0.962077398442 2457.40671901 2466.42477992 2474.77880222 2479.20633591 2485.25514041 1.60813283874 5.86021213906 6.97827184792 13639.0997322 13640.0992357 13641.0061897 13642.6292401 13644.5695002 34.451251912
-9999.0 -9999.0 -9999.0 -9999.0 -9999.0 -9999.0 -9999.0 -9999.0 -9999.0 -9999.0 -9999.0 -9999.0 -9999.0 -9999.0 -9999.0 -9999.0 -9999.0 -9999.0 -9999.0 -9999.0 12.9234796486 13.6810850535 25.0972465942 334.705891413 345.885201633 10.8269390696 18.987776679 27.4854119658 31.8376580387 3.43521867446 7.4872967085 680.584202411 683.019879834 686.327070124 707.520587205 1419.01904152 2403.09877427 2406.08281792 2408.75324993 2411.28833977 2423.30762227 2427.38724885 7.76264813681 3.36700741013 2.16171559483 4.01260637647 2.9225973145 4.67179181984 1.45651682447 33.4006359379 40.0975532573 45.1877672392 45.6607659416 13645.3518918 13681.8971659
-9999.0 -9999.0 -9999.0 -9999.0 -9999.0 -9999.0 -9999.0 -9999.0 -9999.0 -9999.0 -9999.0 -9999.0 -9999.0 -9999.0 -9999.0 -9999.0 -9999.0 -9999.0 -9999.0 -9999.0 -9999.0 13.1709019757 25.1167080958 37.1713784979 355.681040628 10.0169318276 475.223285307 483.951797891 487.312943411 491.667805416 663.877427392 668.817029646 2.70422087519 15.213107541 18.731321764 2.81919882383 981.1990869 976.182032834 1.39056746426 3.37174468183 9.65731785835 2.24178338609 2.52361866679 1.72639244078 1.4907932107 1.1173911964 1.38507195164 28.7555523072 30.2463001693 32.1107103964 5.61730151811 4.21342527693 47.5356730225 48.3128014757 48.663340832
-9999.0 -9999.0 -9999.0 -9999.0 -9999.0 -9999.0 -9999.0 -9999.0 -9999.0 -9999.0 -9999.0 -9999.0 -9999.0 -9999.0 -9999.0 -9999.0 -9999.0 -9999.0 -9999.0 -9999.0 -9999.0 11.7816270646 10.9579588062 57.1522246254 435.484997145 456.865219697 467.262235683 8.2914477405 163.721070113 166.553369525 168.113817831 4.3037918609 7.53943948415 10.2338441394 223.693411046 225.737046365 227.43354361 973.133762797 622.369121223 1.91676320016 2.15759110466 2.03419431796 1.60198600479 17.3535467089 20.8254418151 23.8150001826 25.5642981304 27.2354445678 207.859047275 209.10915688 211.314826808 215.660736944 232.730513516 233.233542423 282.40764294
-9999.0 -9999.0 -9999.0 -9999.0 -9999.0 -9999.0 -9999.0 -9999.0 -9999.0 -9999.0 -9999.0 -9999.0 -9999.0 -9999.0 -9999.0 -9999.0 -9999.0 -9999.0 -9999.0 -9999.0 -9999.0 -9999.0 22.9631740233 35.233218121 11.9420575336 10.9303663966 137.472465767 146.011360419 151.163633408 48.0075642641 50.1102031967 52.8333911829 55.7914764413 218.951712303 222.035099653 117.201532553 346.979131943 349.108222107 620.92948392 4.36335872668 2.2713403959 1.48151731774 12.0543331727 14.2209507144 1.2527348605 1.15242681996 202.042767399 205.163698051 206.748190481 1.75972964171 2.92659924885 229.765896615 1.3148781254 4.2311643959 4.61381658841
-9999.0 -9999.0 -9999.0 -9999.0 -9999.0 -9999.0 -9999.0 -9999.0 -9999.0 -9999.0 -9999.0 -9999.0 -9999.0 -9999.0 -9999.0 -9999.0 -9999.0 -9999.0 -9999.0 -9999.0 -9999.0 -9999.0 11.5196737388 22.7438507652 94.5885461676 106.903023486 117.518685684 39.6676061446 45.8012854129 2.45551908107 155.922498886 158.013155662 160.257844599 2.76016022748 111.578212397 114.807074649 2.2463872811 609.613343602 4.93695537638 2.44486571843 6.62838118497 8.90937925341 1.71074513297 1.34290212879 185.69505047 199.178375643 201.105053007 1.9311377946 4.17458008355 5.18965131201 6.48326741827 12.4863474067 1.53521987457 3.5216304627 0.637345002389
-9999.0 -9999.0 -9999.0 -9999.0 -9999.0 -9999.0 -9999.0 -9999.0 -9999.0 -9999.0 -9999.0 -9999.0 -9999.0 -9999.0 -9999.0 -9999.0 -9999.0 -9999.0 -9999.0 -9999.0 -9999.0 -9999.0 11.2822466912 35.3840097522 60.9791709361 13.0952479192 22.8887681336 31.9797695216 145.538532686 149.251580212 151.444262642 1.90907555107 97.6328560358 103.719636424 106.361129514 1.54528189103 599.462810867 605.277415005 2.72391120032 2.43349001395 4.95810538383 1.98173311923 175.971069209 179.535039135 181.863514567 8.70198327064 10.7548629043 1.74334430083 3.07770698777 1.34769433583 9.49505996814 1.39424026619 0.941585709214 0.989621626739 1.02086287028
-9999.0 -9999.0 -9999.0 -9999.0 -9999.0 -9999.0 -9999.0 -9999.0 -9999.0 -9999.0 -9999.0 -9999.0 -9999.0 -9999.0 -9999.0 -9999.0 -9999.0 -9999.0 -9999.0 -9999.0 -9999.0 -9999.0 -9999.0 12.1531916379 13.2430510614 13.319208099 105.577148728 114.077348775 138.457940851 4.93601043299 88.9158032652 94.0686683214 2.10100484087 4.40250731955 1.53738123438 593.578054341 2.22897009404 6.88042240493 8.72813994131 10.6124935554 163.148436812 170.043593692 172.518555999 2.49808998009 4.66474592486 6.58180144179 1.1249237609 1.0068297022 559.303712589 560.351888972 561.194961975 570.535668616 571.622537681 572.988631891 573.77623285
