data/baseflow/mHMbf_acc505.asc
ncols                  80
nrows                 72
xllcorner      4374000.0
yllcorner      5656000.0
cellsize            500
NODATA_value       -9999
[rows 0 to 24 of 72, columns 0 to 54 of 80]
-9999.0 -9999.0 -9999.0 -9999.0 -9999.0 -9999.0 -9999.0 -9999.0 -9999.0 -9999.0 -9999.0 -9999.0 22.2511128572 16.7291337622 -9999.0 -9999.0 -9999.0 -9999.0 -9999.0 -9999.0 -9999.0 -9999.0 -9999.0 -9999.0 -9999.0 -9999.0 -9999.0 -9999.0 -9999.0 -9999.0 -9999.0 -9999.0 -9999.0 -9999.0 -9999.0 -9999.0 -9999.0 -9999.0 -9999.0 -9999.0 -9999.0 -9999.0 -9999.0 -9999.0 -9999.0 -9999.0 -9999.0 -9999.0 -9999.0 -9999.0 -9999.0 -9999.0 -9999.0 -9999.0 -9999.0
-9999.0 -9999.0 -9999.0 -9999.0 -9999.0 -9999.0 -9999.0 -9999.0 -9999.0 -9999.0 -9999.0 -9999.0 44.7798343735 92.9877289689 13.7017412832 -9999.0 12.2430067833 -9999.0 -9999.0 -9999.0 -9999.0 -9999.0 -9999.0 -9999.0 -9999.0 -9999.0 -9999.0 -9999.0 -9999.0 -9999.0 -9999.0 -9999.0 -9999.0 -9999.0 -9999.0 -9999.0 -9999.0 -9999.0 -9999.0 -9999.0 -9999.0 -9999.0 -9999.0 -9999.0 -9999.0 -9999.0 -9999.0 -9999.0 -9999.0 -9999.0 -9999.0 -9999.0 -9999.0 -9999.0 -9999.0
-9999.0 -9999.0 -9999.0 -9999.0 -9999.0 -9999.0 -9999.0 -9999.0 -9999.0 -9999.0 21.2744359619 20.5044370616 21.8094478978 21.3829367709 133.123654156 146.948295236 33.267186506 10.5453911947 -9999.0 -9999.0 -9999.0 -9999.0 -9999.0 -9999.0 -9999.0 -9999.0 -9999.0 -9999.0 -9999.0 -9999.0 -9999.0 -9999.0 -9999.0 -9999.0 -9999.0 -9999.0 -9999.0 -9999.0 -9999.0 -9999.0 -9999.0 -9999.0 -9999.0 -9999.0 -9999.0 -9999.0 -9999.0 -9999.0 -9999.0 -9999.0 -9999.0 -9999.0 -9999.0 -9999.0 -9999.0
-9999.0 -9999.0 -9999.0 -9999.0 -9999.0 -9999.0 -9999.0 -9999.0 -9999.0 20.8729817253 41.7813564247 82.9705265411 42.2459377733 20.6238284942 40.1568764099 165.982482355 223.05293642 11.7757820352 -9999.0 20.843419234 -9999.0 -9999.0 -9999.0 -9999.0 23.302329779 11.987450117 -9999.0 -9999.0 -9999.0 -9999.0 -9999.0 -9999.0 -9999.0 -9999.0 -9999.0 -9999.0 -9999.0 -9999.0 -9999.0 -9999.0 -9999.0 -9999.0 -9999.0 -9999.0 -9999.0 -9999.0 -9999.0 -9999.0 -9999.0 -9999.0 -9999.0 -9999.0 -9999.0 -9999.0 -9999.0
-9999.0 -9999.0 -9999.0 -9999.0 -9999.0 -9999.0 -9999.0 -9999.0 22.8640018262 65.3851327704 85.3626373114 105.484841277 144.804285191 19.0891117126 77.6436293284 96.1455841405 346.818793317 15.2863060941 17.2302313614 39.3832439853 57.4492152795 18.7749892921 -9999.0 59.6787037109 49.2215119276 13.3571049968 -9999.0 -9999.0 -9999.0 -9999.0 -9999.0 -9999.0 -9999.0 -9999.0 -9999.0 -9999.0 -9999.0 -9999.0 -9999.0 -9999.0 -9999.0 -9999.0 -9999.0 -9999.0 -9999.0 -9999.0 -9999.0 -9999.0 -9999.0 -9999.0 -9999.0 -9999.0 -9999.0 -9999.0 -9999.0
-9999.0 -9999.0 -9999.0 -9999.0 -9999.0 -9999.0 22.7023485527 20.9491285953 20.5468070809 20.8533122186 21.0220931252 147.741876451 312.822654376 332.833466751 350.687604763 17.685424203 381.148845665 398.398479887 36.59682459 18.2997186142 75.1854065473 130.312007702 17.2505538243 111.88378533 20.0175504441 18.7141688181 20.7796090968 -9999.0 -9999.0 -9999.0 -9999.0 -9999.0 -9999.0 -9999.0 -9999.0 -9999.0 -9999.0 -9999.0 -9999.0 -9999.0 -9999.0 -9999.0 -9999.0 -9999.0 -9999.0 -9999.0 -9999.0 -9999.0 -9999.0 -9999.0 -9999.0 -9999.0 -9999.0 -9999.0 -9999.0
-9999.0 -9999.0 -9999.0 -9999.0 -9999.0 -9999.0 45.7330167506 67.6554970106 153.064178222 214.144714824 19.1795474702 19.8709587894 18.9910834844 56.4037875387 424.266899553 16.5553722521 415.268417867 487.82904991 56.4487384416 34.807671811 147.069184836 17.992752569 129.745315625 35.4486455485 17.7967018698 35.9392561857 41.1693361094 20.583108982 21.0939660081 20.6937854499 21.6643449895 43.399243557 -9999.0 -9999.0 -9999.0 -9999.0 -9999.0 -9999.0 -9999.0 -9999.0 -9999.0 -9999.0 -9999.0 -9999.0 -9999.0 -9999.0 -9999.0 -9999.0 -9999.0 -9999.0 -9999.0 -9999.0 -9999.0 -9999.0 -9999.0
-9999.0 -9999.0 -9999.0 -9999.0 -9999.0 24.657264907 47.7558272926 22.8851787069 44.528763909 236.09062128 276.40321721 316.532866307 1020.92810051 19.2046537417 442.375201749 1608.72996758 1622.91241245 2136.11369788 16.3227606506 51.6961881248 163.923902265 16.7248236112 331.488683761 184.345964382 113.584298299 95.5299998383 20.0620785402 61.425550931 61.8296697572 41.2093885415 20.1967715979 64.1102527699 20.1405974216 19.8837267071 -9999.0 -9999.0 -9999.0 -9999.0 -9999.0 -9999.0 -9999.0 -9999.0 -9999.0 -9999.0 -9999.0 -9999.0 -9999.0 -9999.0 -9999.0 -9999.0 -9999.0 -9999.0 -9999.0 -9999.0 -9999.0
-9999.0 -9999.0 -9999.0 -9999.0 -9999.0 24.9652570321 73.2087447752 144.843309143 167.077025082 331.637191931 352.781579254 418.360198493 685.962005627 1077.76180775 1115.56390299 1133.09105865 32.9293666553 2196.9003295 2230.1754396 2316.93927025 2880.12394389 382.863796027 349.373650946 131.279190897 17.5345332907 115.434171244 78.8475596611 16.7687152682 79.7409306788 17.9540666801 39.8187286839 104.267104866 123.547859658 38.9268930389 19.008483009 18.8581368407 -9999.0 -9999.0 -9999.0 -9999.0 11.6213748502 10.386870508 -9999.0 -9999.0 -9999.0 -9999.0 -9999.0 -9999.0 -9999.0 -9999.0 -9999.0 -9999.0 -9999.0 -9999.0 -9999.0
-9999.0 -9999.0 -9999.0 -9999.0 -9999.0 24.4848890893 23.6766922244 97.2921457137 119.755027298 142.779849158 22.1925137085 44.0679429787 252.036600091 45.2201325344 20.7707540676 19.2589778695 17.36811202 20.8777595825 20.6668946115 18.8026609877 2897.34632692 2947.66817071 16.6393907466 51.3457939341 34.9335921395 132.271305705 33.8794886325 16.3251556465 97.8474412999 35.8160377027 89.048836831 216.196218751 200.253825235 57.6513380479 56.3856895959 19.3072963699 19.2334506524 -9999.0 -9999.0 19.3881246732 26.1448202052 58.3873616768 11.0378578624 -9999.0 -9999.0 -9999.0 -9999.0 -9999.0 -9999.0 -9999.0 -9999.0 -9999.0 -9999.0 -9999.0 -9999.0
-9999.0 -9999.0 -9999.0 -9999.0 -9999.0 -9999.0 25.1870325637 25.107090446 48.4477513823 71.8725907661 163.175263706 208.436744795 231.726802246 24.4475726147 19.2147452422 254.12526898 311.010351011 328.995358494 403.821129553 421.186904773 17.2754190444 2964.91221188 3049.93063003 68.126301402 15.1821044775 148.299882466 326.92480982 129.643611694 32.4229636727 16.4233746166 337.803548457 233.112807479 16.3751654335 16.360841836 73.1613945674 56.0139026928 18.0805183543 17.298774892 18.620616919 37.6643122008 18.0512236768 70.7229480308 88.1674557434 16.3027274178 -9999.0 -9999.0 -9999.0 -9999.0 18.2034091124 17.2908132536 5.45610696361 -9999.0 -9999.0 -9999.0 -9999.0
-9999.0 -9999.0 -9999.0 -9999.0 -9999.0 -9999.0 -9999.0 24.9746477547 22.5090307298 46.123576403 69.3099299937 22.8146048128 22.6560324152 134.003592608 174.846397374 216.408569164 19.5125682835 38.6697665374 19.0781079391 439.010375636 956.273447245 966.974832366 4046.66893192 16.8225257515 44.9008254348 14.4827723054 342.351105911 15.8578581162 49.0402082528 16.1264097439 353.929052589 370.012541884 32.8689865565 32.6772128522 182.606089748 91.7987892291 35.3591297898 18.1070432676 37.1618577967 55.9792453729 91.3425966652 17.0716155739 118.869201408 131.868393889 11.6381668538 12.5960569867 13.1244637865 11.7676554817 11.1262178903 49.390316514 20.051942221 12.5096281212 -9999.0 -9999.0 -9999.0
-9999.0 -9999.0 -9999.0 -9999.0 -9999.0 -9999.0 -9999.0 -9999.0 47.7402670104 69.792468381 22.8031372738 46.0383701535 67.7957495849 112.973417912 21.8098745147 21.2933631339 18.8583801318 19.0805954004 17.5090296403 481.259148009 19.2850437008 37.8311444431 4095.34809213 4124.02331988 12.5647902712 70.3561260412 426.675491565 31.3420545386 63.5799043293 29.594137877 43.9051379832 431.948917874 47.6540949266 261.667489378 214.609242428 16.5268663108 86.8312299558 34.9695182113 53.7325097742 16.4463147108 107.095592719 137.968207488 148.861169377 159.118436174 175.165611442 21.9272954506 23.2987955194 21.1152441807 19.773764857 60.6244182701 12.6203867281 45.4974475768 56.9191503576 -9999.0 -9999.0
-9999.0 -9999.0 -9999.0 -9999.0 -9999.0 -9999.0 -9999.0 -9999.0 24.0374117588 117.299769739 139.697140072 22.4456170766 44.0028391254 21.54249052 20.214981838 19.8990550041 247.431654657 328.232668069 399.798751094 469.695978089 17.0232062061 18.8587959264 17.8821335124 4198.21373327 4226.69654723 4237.61305149 565.844790784 124.985021671 109.638030999 13.3940011158 57.2422146175 503.219191844 13.7549422927 275.866445516 15.8513102248 113.005405887 104.141182691 16.6384144337 70.2306545314 32.8521514642 48.9956789475 13.9522395273 10.1570491228 169.230136331 178.470640673 184.381539261 33.388585264 30.6760169992 29.1526612075 74.0293688137 99.5896581051 12.7665612437 68.9910821571 13.1896689271 25.0970547491
-9999.0 -9999.0 -9999.0 -9999.0 -9999.0 -9999.0 -9999.0 -9999.0 -9999.0 24.0825597233 162.708668709 184.913126263 65.7395916685 108.804268629 149.347071716 169.745472616 20.6499636325 61.9541572794 41.0563895955 20.8882984164 20.4474202478 18.9087092922 37.0631363856 61.4243399918 17.6817620455 4833.26615116 4845.60487893 11.0162561067 10.2112649663 27.434140182 40.9907763647 543.908622936 27.1935172258 288.198654582 171.809339539 142.359506936 15.7102391679 32.016160256 85.295790015 15.0445321107 63.7006177643 28.2659843019 18.5804334747 9.3989263979 206.175784943 398.069407657 40.2494154029 37.752629678 39.1017698234 10.5064275747 109.975919012 10.1312467741 92.1883430994 11.6959436381 36.7974155711
-9999.0 -9999.0 -9999.0 -9999.0 -9999.0 -9999.0 -9999.0 -9999.0 -9999.0 -9999.0 22.0433279169 229.236679395 21.63376307 43.0496350162 62.8531785266 102.172368051 20.00784347 41.1684542203 20.3051591875 19.1713248036 18.1742820299 35.9549204872 16.265046896 16.7198129287 30.9820116062 16.8961651292 4858.17983387 4880.13513057 4913.78841753 52.1358197971 14.0117525657 27.955326188 558.408192732 529.016988914 201.880159105 14.937862007 62.8928011337 47.3807076037 100.396538738 30.0719568949 121.460616188 42.774094507 30.7308697948 8.59715455312 10.0077296408 408.552780027 417.390212462 503.077201479 72.0632807004 21.828371136 121.109244074 142.174171459 244.142177155 22.7947077271 10.8690882817
-9999.0 -9999.0 -9999.0 -9999.0 -9999.0 -9999.0 -9999.0 -9999.0 -9999.0 -9999.0 -9999.0 12.7521115723 257.67781229 22.2133660508 41.7464430504 182.919433586 19.8804706085 19.7241201461 17.6647110384 37.6538174506 18.5473750635 72.7307558488 105.286398216 120.259155513 43.8918260407 53.4300015999 10.9890673012 14.6897142455 12.3154189826 4989.54475466 5031.36475291 570.265087568 553.516265366 541.433470261 25.8072647424 12.4575150183 76.8977851942 205.504806267 114.631679968 44.1813759207 179.322983475 74.1512820586 61.0518381832 18.0738309185 7.26017197268 6.8142463745 7.02191667927 537.60023722 639.396199311 10.7528868502 9.35213601676 10.7121462131 254.656626254 287.643842761 19.9861272912
-9999.0 -9999.0 -9999.0 -9999.0 -9999.0 -9999.0 -9999.0 -9999.0 -9999.0 -9999.0 -9999.0 11.9691653407 286.5002759 350.578873959 19.6633958848 221.987265763 18.5446335768 17.8571709733 35.9145828118 92.1006113855 18.1227776534 18.8841462374 16.2431641228 152.126806185 167.245297668 236.848404405 261.077081486 274.101621542 284.570593031 294.950493547 5336.63900068 5928.09736705 6500.76210128 6507.35695107 9.76832615197 12.4606599715 233.58930125 219.632019702 14.0272555267 14.0938984522 195.320140108 283.287176425 12.3741629982 144.086147023 131.946328773 36.5328078824 16.0234071181 26.1777094102 10.3475578415 656.284197765 8.62654318544 28.3977867973 35.0558877561 348.841806998 377.839484464
-9999.0 -9999.0 -9999.0 -9999.0 -9999.0 -9999.0 -9999.0 -9999.0 -9999.0 -9999.0 -9999.0 22.979451074 44.1366255208 371.339404697 408.925438354 18.8111112774 253.339405875 16.1658082816 50.2212610027 108.93704386 35.1451907507 16.963873595 34.3030451222 14.1783719089 27.7920215827 14.2614529486 13.6769337998 13.150885168 12.603822862 11.2200950559 9.91883190767 11.6588154898 13.4410049321 13.2138208222 6536.84334847 270.976552175 248.195881036 6.90420919248 40.0384525075 9.93297834299 10.4039181164 296.156615398 479.811932768 158.082069286 114.880843922 21.5120869945 8.63239051651 7.94656680998 16.3114954732 681.070115655 696.685237062 8.16791302974 8.31974546863 8.70700655815 8.95455730714
-9999.0 -9999.0 -9999.0 -9999.0 -9999.0 -9999.0 -9999.0 -9999.0 -9999.0 -9999.0 -9999.0 -9999.0 20.3986189976 268.288140772 696.899367618 756.863201566 1026.91409655 1039.43790482 240.385172864 178.590214836 52.3934963351 16.77399696 67.3229899791 83.1065467075 125.398867723 29.0950685113 27.5053962155 27.1968977537 53.4062429487 24.6265379765 23.1699105005 13.0810532102 11.1093154725 9.4665074592 6545.16917997 6824.04864333 6835.66324326 6.76746874098 101.724013184 47.2425071273 13.7438044565 522.179869274 29.7982338713 15.3382217953 64.3622745066 14.6910009114 10.6912300926 19.448399463 26.7187355827 34.6646765124 709.922883615 6.22317717174 5.41002972691 5.41556024476 4.7552515247
-9999.0 -9999.0 -9999.0 -9999.0 -9999.0 -9999.0 -9999.0 -9999.0 -9999.0 -9999.0 -9999.0 22.0520100272 204.122451129 247.69911906 40.3566074337 13.3151165121 31.1945720843 1088.25405709 1101.61867355 1354.28312848 15.5908415668 32.2411671618 14.4057239413 14.5987484521 139.480107476 182.62125724 223.159279503 12.775884585 66.0189116153 103.054682433 60.4564459084 25.2953367716 22.7246250436 20.5665448581 19.0365980156 7.80026826897 6841.52959365 6845.9590166 6957.83862587 22.4557986804 12.2004852443 529.935859906 31.3705973215 15.9960230566 17.1027170966 16.9830960046 15.2333417103 26.513528241 74.3921895597 117.584094861 833.9695124 4.76631498407 14.2944002808 9.67358636922 8.61501263589
-9999.0 -9999.0 -9999.0 -9999.0 -9999.0 -9999.0 -9999.0 -9999.0 -9999.0 -9999.0 -9999.0 22.4935065302 140.090740889 22.209448901 19.8323739404 102.00386924 119.839194961 137.901883359 154.860913643 1834.98088746 1851.22763227 1883.74451152 2110.56452261 2153.74731421 2178.19011421 2192.42102769 2446.49258157 2483.83266402 2497.21611345 2614.3498622 2688.33468424 2700.47806019 2747.60443451 32.318564794 30.4555208585 7.20342823187 5.7715818484 6851.75368124 6993.05501359 30.4148137697 606.790762198 596.358804878 58.9974564927 14.2557923754 14.5447770859 14.0261330176 13.9731307154 28.0130608898 39.4429909033 10.4282226284 840.081062945 846.518840165 875.983043484 881.225243576 894.702477639
-9999.0 -9999.0 -9999.0 -9999.0 -9999.0 -9999.0 -9999.0 -9999.0 -9999.0 -9999.0 -9999.0 71.4543966663 94.6032468478 44.6335916963 65.8543292403 20.9793829951 236.005848771 254.625102634 291.518426899 308.77315903 123.066309831 2032.42610814 2048.00977993 13.6719060922 10.1423028518 9.91605737585 20.9740365076 11.9960693594 10.3415203415 10.4599885198 10.6037445174 2713.33570002 2760.43893074 2803.53285825 2843.4856436 2866.18354622 10.1862516589 3.29716265813 7620.77052912 623.24509534 617.744406982 12.6809235619 11.8032287798 10.6528359242 25.4488414193 24.9521781004 11.7343894425 11.9885218098 11.0186052192 21.2792960185 27.741813348 4.9227520894 9.23567202509 3.76445727463 3.40307069347
-9999.0 -9999.0 -9999.0 -9999.0 -9999.0 -9999.0 -9999.0 -9999.0 -9999.0 -9999.0 -9999.0 -9999.0 48.1579772707 22.8127932701 21.3678740052 198.665738882 217.80962526 19.1646796052 74.7873720738 92.617187182 109.18096585 17.7750082631 12.442066359 305.54737831 315.454447147 325.26782488 831.507601562 840.092839496 858.281243262 941.405782461 993.475459874 1002.37168562 10.3745925411 10.7046966791 9.70108178603 2873.42960835 3.78096173104 7719.18060571 7713.92829644 88.6278073315 81.4179761106 48.5382957544 12.2460431163 21.396481815 36.3616476488 35.9511404164 22.7623814296 11.5846033476 22.4005099604 22.128817028 37.4629916802 6.40751409503 16.620211101 26.0622546683 33.0870723895
-9999.0 -9999.0 -9999.0 -9999.0 -9999.0 -9999.0 -9999.0 -9999.0 -9999.0 -9999.0 -9999.0 -9999.0 24.5849289251 69.8317883853 91.4935597488 156.660853988 19.2203045012 38.9324407315 57.2892180351 222.480922969 239.20732496 254.413361639 268.869861503 282.66890754 431.523271378 473.875708988 497.918345447 10.6020846381 65.6226115158 75.8826471758 965.983739518 1011.42526548 1033.82533767 1056.86473477 1074.4741773 3951.49148438 4.70389574669 7740.5804075 13.3159630945 6.6824593536 69.5280458374 59.3961346403 10.1949500447 31.8038587956 46.7796228897 45.9614917168 32.047564503 52.9509546785 83.8637349583 31.5255809089 77.6415627127 7.68554429315 12.1343962656 2.57057082879 1.98410663203
