data/baseflow/mHMbf_acc411.asc
ncols                  80
nrows                 72
xllcorner      4374000.0
yllcorner      5656000.0
cellsize            500
NODATA_value       -9999
[rows 25 to 49 of 72, columns 0 to 54 of 80]
-9999.0 -9999.0 -9999.0 -9999.0 -9999.0 -9999.0 -9999.0 -9999.0 -9999.0 -9999.0 -9999.0 -9999.0 26.8914810803 53.6917744805 25.6253650687 51.3720753517 23.4883203579 175.085175179 219.983452157 242.708647835 21.1676562991 41.4822333552 391.542152854 486.230755325 502.414292189 35.5636897627 32.7119153002 47.5704342712 11.3103606437 10.6144322521 20.1141390856 8.83120745791 589.747221524 600.066285864 607.650428188 4765.61814186 9480.5211833 9419.89975842 15.0100361719 6.89873643763 6.31747492638 25.9533186109 19.8131697514 48.2490814376 66.7439278603 133.248298085 11.9604708343 11.9060154015 108.087288925 118.977372353 228.091566223 234.46773419 252.57008229 259.528594638 6.08581125263
-9999.0 -9999.0 -9999.0 -9999.0 -9999.0 -9999.0 -9999.0 -9999.0 -9999.0 -9999.0 -9999.0 -9999.0 -9999.0 26.4929709853 52.6096693455 78.7075477481 126.980567874 24.6661276491 22.9552559178 153.640284659 175.081582245 352.52316183 373.723794816 60.2725223497 19.7040623149 17.822724685 16.0002895997 528.254529847 540.29866007 551.97151226 561.890786381 580.272177886 104.673907918 112.514011889 726.770950908 14978.2227414 50.5836062628 41.2025692453 22.0264419361 5.82044848417 5.36344011476 38.3980479207 43.0964983576 59.0326560463 5.40008468951 139.941153716 20.5062380166 20.2137975448 4.83449454293 3.61056853384 3.30590607759 3.02401991141 3.26445237398 264.00407565 3357.13254042
-9999.0 -9999.0 -9999.0 -9999.0 -9999.0 -9999.0 -9999.0 -9999.0 -9999.0 -9999.0 -9999.0 -9999.0 -9999.0 -9999.0 25.3964170903 46.4964630604 65.7105702324 85.1611940268 107.939229918 131.142844119 68.4332151221 113.957027705 21.3036518596 20.6350475874 438.255436215 477.440953638 495.658476658 514.215916299 13.9369156463 25.7367086096 68.969518832 82.4612563216 94.5895122694 9.24079964673 6.76583080196 15002.093941 9.22209635272 11.4907404355 5.55162792535 23.8260582115 11.6098991911 5.33452508453 107.53033826 111.872835803 3.68844953193 143.853168075 168.221154475 24.9561416631 3500.11592958 3491.73928423 3484.1931635 3469.9012673 3464.14284172 3378.50449966 3374.29866484
-9999.0 -9999.0 -9999.0 -9999.0 -9999.0 -9999.0 -9999.0 -9999.0 -9999.0 -9999.0 -9999.0 -9999.0 -9999.0 -9999.0 5.17429081441 11.8031763318 19.2965719977 180.817894004 204.442299712 23.7782104948 23.009225549 23.01470679 355.644774827 399.256858175 20.8843131646 21.0362698017 17.747296738 73.9410405266 91.8240703549 43.5302751605 57.0745333076 422.241956527 436.472751095 457.380893908 724.321524656 15732.3584879 8.67824362517 4.66708812815 35.9715117558 29.94994472 4.74107720061 14.869694666 19.1594885196 116.577900074 120.548885459 300.201316171 172.360451249 29.1522158389 3577.73389353 31.694876449 3477.30976125 3473.7570315 80.0312491951 5.30794800582 13.4247927438
-9999.0 -9999.0 -9999.0 -9999.0 -9999.0 -9999.0 -9999.0 -9999.0 -9999.0 -9999.0 -9999.0 -9999.0 -9999.0 -9999.0 26.2379804666 43.190202362 90.2691198597 158.898383558 222.541634 266.809006345 289.612765953 312.71545918 334.85542022 21.5207664991 19.7270600506 38.9686585708 36.6430810011 19.2431389538 364.918159364 382.471215473 398.560618999 413.969342744 236.544951406 248.540993166 259.359494074 15737.3435803 15.1084265845 11.0090000081 51.1793810895 5.91724558995 8.55094723264 4.44269420173 3.99604228065 23.0858057133 3.32755970768 3.54024169554 3895.6417311 3592.62170039 3589.05476776 12.1594107626 27.9973360769 18.2557627723 4.38127376108 71.0504094705 20.6724017223
-9999.0 -9999.0 -9999.0 -9999.0 -9999.0 -9999.0 -9999.0 -9999.0 -9999.0 -9999.0 -9999.0 -9999.0 -9999.0 -9999.0 18.2395366588 17.4481316928 34.2500717625 51.6702179443 22.8660299341 25.616576988 49.4200219957 73.0276708857 117.90592522 140.023198297 159.350331766 218.327464884 236.403725627 256.132213386 17.7943602317 179.327043945 194.886392608 210.102774608 13.1646367645 8.355769822 13.9684672233 16008.3842033 16013.129118 16036.9004356 67.4504423463 11.8568870303 14.2145527239 3.73155604614 7.06273333493 26.2657543902 32.4135272166 6.4283140665 3910.80993483 4.56913355157 6.48359695679 7.08151184042 5.33731240829 10.201800508 4.31971030343 45.846124626 36.446774177
-9999.0 -9999.0 -9999.0 -9999.0 -9999.0 -9999.0 -9999.0 -9999.0 -9999.0 -9999.0 -9999.0 -9999.0 -9999.0 -9999.0 -9999.0 16.9031941025 33.3624649993 16.0952276268 33.1154758893 206.926995671 227.857894442 250.891164818 22.3087590299 22.3210764738 41.635200847 61.8213033937 97.3506157684 115.969198222 127.261538247 144.266212065 14.6473497139 14.1595104744 233.454587955 241.338745366 246.781466781 251.991312701 206.892235268 16265.7085885 16364.4402644 16369.3705793 16388.1013365 16407.8347285 16418.2591683 3.08734324616 35.2227598401 3913.83922205 6.87873871055 3.51227672142 3.88263180929 3.77319844362 6.55572072274 6.12330153224 3.45390757071 4.81447510362 4.64263579777
-9999.0 -9999.0 -9999.0 -9999.0 -9999.0 -9999.0 -9999.0 -9999.0 -9999.0 -9999.0 -9999.0 -9999.0 -9999.0 -9999.0 -9999.0 -9999.0 49.6276293847 66.9068265064 117.599691657 155.597197392 20.1541622252 295.53872647 317.353968729 338.218769292 19.9683640229 39.5886277632 17.4381255008 132.695906332 143.31160189 159.103448085 174.896332746 215.183162163 222.057095677 4.3669391227 186.780556237 197.131830566 202.002610138 223.902794455 26.5034775336 16.3656309231 9.86824459034 9.66507386579 16428.8937883 16433.1142821 16490.1875181 3916.57504332 19.2267521721 9.90010388516 6.61428919829 2.22347918671 19.2400486413 9.94254852495 3.10629384254 16.6214079919 13.9389956853
-9999.0 -9999.0 -9999.0 -9999.0 -9999.0 -9999.0 -9999.0 -9999.0 -9999.0 -9999.0 -9999.0 -9999.0 -9999.0 -9999.0 -9999.0 -9999.0 17.6489494387 83.9158590015 101.442451481 21.1832983905 23.6993875347 47.7798264318 70.241750789 429.585795264 20.0795786806 80.3039308521 98.2821743898 116.041619937 11.1465227934 26.0123990271 35.9856324196 149.439507082 167.893539624 172.363581329 5.01027539118 5.26617398974 6.56557695508 12.0363801266 5.32043742808 5.72118059012 8.51876736401 8.09309497833 8.39256709319 18.7521429589 16494.7565132 20422.4786242 23.4310381131 4.99446341182 2.18779360335 58.3685247881 53.5107367992 31.0497886367 27.7955589427 20.7854718719 4.61154241795
-9999.0 -9999.0 -9999.0 -9999.0 -9999.0 -9999.0 -9999.0 -9999.0 -9999.0 -9999.0 -9999.0 -9999.0 -9999.0 -9999.0 -9999.0 15.6047620851 49.6260662123 16.365924044 23.6213857781 25.1666033283 48.8629708864 72.3463370305 92.2650527419 538.278617675 557.638958353 19.7640465251 37.712798841 55.823765972 69.6684215731 85.0784392146 133.653233072 143.760992317 12.3198801354 9.14450641302 7.92997983057 8.30411676961 8.86025973887 9.19614533915 8.17706328786 10.9670027493 28.9342193093 13.5530830062 4.36431915782 4.28362735364 3.82366824432 7.23926661511 20613.9747197 162.75828232 70.6753496642 6.9221770738 3.4002396726 2.31017433125 7.77316032031 5.25844577313 2.70113575256
-9999.0 -9999.0 -9999.0 -9999.0 -9999.0 -9999.0 -9999.0 -9999.0 -9999.0 -9999.0 -9999.0 -9999.0 -9999.0 -9999.0 16.5243444244 31.6521354692 113.12211087 15.9814045585 43.8473553329 68.6812107919 92.1250490222 23.7933034273 45.0869834833 63.3251446143 636.389638212 18.9699314854 36.0517222292 53.769157616 16.5051169864 32.8244303516 44.8050837486 54.7722101989 1188.81358723 1205.43805673 1220.00734634 1276.17892755 1302.57521386 1348.2750515 12.1238814192 28.9232166217 35.2857388378 1481.83029204 1489.89404909 3.98974443923 6.93961134122 9.78245898614 20618.4817129 152.863233738 73.2918066116 69.2256272056 54.6895660637 47.4625512298 10.2582179158 2.49608057835 4.74778034033
-9999.0 -9999.0 -9999.0 -9999.0 -9999.0 -9999.0 -9999.0 -9999.0 -9999.0 -9999.0 -9999.0 -9999.0 -9999.0 -9999.0 16.5016855801 50.0712601184 179.536058653 264.886795219 14.7970310642 347.77731373 456.48898213 22.6308083519 43.7666447102 62.8033742976 815.111600267 830.354548 13.9332361613 82.0499816731 95.4732957893 109.226458559 1079.69236008 1109.41716575 1124.82259702 7.22073546664 40.8712989945 48.3272781953 20.1183905362 28.2443094624 1388.91654614 1430.24887925 1436.57583791 1442.56132858 1497.32535987 3.63145489339 3.20595468819 15.6570905473 20622.2915435 4.49434203969 3.78702832387 11.0063753805 3.97807474896 41.9892474241 33.8851010306 20.0640874293 14.0651766074
-9999.0 -9999.0 -9999.0 -9999.0 -9999.0 -9999.0 -9999.0 -9999.0 -9999.0 -9999.0 -9999.0 -9999.0 -9999.0 -9999.0 -9999.0 -9999.0 34.5957738599 69.6613116843 314.272658554 331.6188829 472.043567613 488.810787328 21.9915331544 43.9564790647 101.818014202 844.548126566 872.914728801 884.563183044 9.4693093829 927.323443886 958.135964073 18.7558440759 7.3108599133 14.1714554811 27.5093624341 6.58857361096 13.0179649595 28.4434893356 35.1531979341 6.76183135382 4.83894445875 9.50531491668 1534.0331949 1546.39216039 1549.21947982 1572.41990105 20625.6682584 3.7697336038 2.8646864825 3.17302199951 3.07187258174 3.13837284264 2.75011757312 5.18663215572 2.32071022756
-9999.0 -9999.0 -9999.0 -9999.0 -9999.0 -9999.0 -9999.0 -9999.0 -9999.0 -9999.0 -9999.0 -9999.0 -9999.0 -9999.0 -9999.0 -9999.0 17.9729656729 17.7000948653 17.4212484791 34.8888810615 15.5056686379 519.65241641 535.106914746 19.8022788008 39.7437606085 17.4392637094 13.7998253544 13.3775886184 908.746791143 10.4692454717 21.0812498522 9.67214497901 7.57711004051 6.77312618379 5.36054351339 5.55040598802 16.7370217144 22.8201117696 4.59263456835 4.25485703036 9.02029982536 14.7118013862 20.4974421106 6.42929970965 1553.64451858 1575.24057068 20628.3094307 15.7555524129 8.03324940338 1.98937392566 4.66122474856 1.62773204116 1.22489296667 6.53730915526 11.0460839951
-9999.0 -9999.0 -9999.0 -9999.0 -9999.0 -9999.0 -9999.0 -9999.0 -9999.0 -9999.0 -9999.0 -9999.0 -9999.0 -9999.0 -9999.0 -9999.0 -9999.0 -9999.0 17.5010209624 51.1823985045 65.8574676978 80.9737335667 549.818856951 564.516170133 579.280823626 595.257212198 608.283990738 635.170908582 645.043559399 655.043316772 663.232224955 6.93303361292 6.41635228688 6.66659247041 23.3714352746 6.09203904333 5.74307294876 4.67380685302 13.6028346526 5.38490107622 4.29586282838 4.02315917183 3.72182217439 7.42933769401 10.4382636089 1595.75328211 22242.4415224 3.86169896203 6.87405814672 1.68344048302 6.4642376643 3.65161689743 2.4652435386 26.3713849015 18.3421998441
-9999.0 -9999.0 -9999.0 -9999.0 -9999.0 -9999.0 -9999.0 -9999.0 -9999.0 -9999.0 -9999.0 -9999.0 -9999.0 -9999.0 -9999.0 -9999.0 -9999.0 -9999.0 -9999.0 15.2190535522 116.456034523 229.394899288 244.995449531 19.4796412272 39.1846572174 59.4712277792 75.5924156496 184.103374529 191.744859251 7.33569370342 7.05257012982 677.465487502 689.956926718 695.698224895 27.8090418139 4.10479070687 9.73159423732 14.3408661562 43.070015068 53.091832502 61.2508211927 7.55438684574 10.5068961799 3.48715131326 6.86147750887 3.48991502983 22248.8574752 3.15239995334 13.1292488123 4.4080074134 12.4710255129 29.2192156226 33.2025287517 61.2301059746 20.4956247111
-9999.0 -9999.0 -9999.0 -9999.0 -9999.0 -9999.0 -9999.0 -9999.0 -9999.0 -9999.0 -9999.0 -9999.0 -9999.0 -9999.0 -9999.0 -9999.0 -9999.0 -9999.0 16.4404203631 51.6901748159 101.579700969 133.206518573 340.761686706 358.350755828 41.8630966765 62.4228470859 80.2206796876 95.8406269256 200.743346371 216.137791005 392.941325726 407.713126862 414.717952989 701.380240894 743.607798007 9.61692001868 6.04966708885 5.78360849422 11.0126784865 5.08248536466 71.1824866429 75.0381026492 13.8131509356 19.0402172999 4.54806277407 4558.32294365 4565.37550709 26818.0474509 26835.3442311 3.47420556705 19.9274202415 4.10794741342 3.04153223744 66.6309107556 88.9662503978
-9999.0 -9999.0 -9999.0 -9999.0 -9999.0 -9999.0 -9999.0 -9999.0 -9999.0 -9999.0 -9999.0 -9999.0 -9999.0 -9999.0 -9999.0 -9999.0 -9999.0 -9999.0 -9999.0 18.2085418922 17.7070573448 33.9447550409 80.9699052972 373.521462541 21.4047204618 21.2327099708 38.5226240155 56.4578951929 139.264807385 151.356309602 10.4830023649 9.68777418343 422.657699061 428.503570452 1178.51852695 1184.38288691 3.53973900891 3.18240057113 2.67218107796 2.69574591994 2.86225271248 4480.9202269 4503.96434396 4528.52878782 4538.30006814 4553.43164114 3.80906691562 14.1272498383 16.9711906662 26858.5374157 26860.8171806 26865.2883522 26870.3090588 26874.2924957 92.7838630868
-9999.0 -9999.0 -9999.0 -9999.0 -9999.0 -9999.0 -9999.0 -9999.0 -9999.0 -9999.0 -9999.0 -9999.0 -9999.0 -9999.0 -9999.0 -9999.0 -9999.0 -9999.0 -9999.0 -9999.0 16.6139701162 17.1927707629 32.1418695283 436.426225943 452.221746518 20.9755024432 38.1428558801 56.3833489942 71.8230819478 14.0766808113 25.3840271242 1020.47852405 1027.00451067 1034.97003435 1088.47796913 2279.9175164 4340.12833354 4348.41222184 4355.84307069 4363.02774513 4392.62582859 4402.17052423 18.4301004704 8.48127172948 4.9057890692 9.30194453287 7.04423251993 11.0936408485 3.42615231743 77.8401487169 84.8968992951 91.5100175725 92.8393161635 26876.6644643 26973.5556469
-9999.0 -9999.0 -9999.0 -9999.0 -9999.0 -9999.0 -9999.0 -9999.0 -9999.0 -9999.0 -9999.0 -9999.0 -9999.0 -9999.0 -9999.0 -9999.0 -9999.0 -9999.0 -9999.0 -9999.0 -9999.0 16.8376921554 32.312792993 47.8521946309 465.531502384 15.9731824598 635.086584036 653.924525416 668.703779554 681.498158155 972.515447104 984.370664983 7.02637619128 38.9940957861 46.7601528364 6.50890696641 2051.98811093 2040.13602194 3.76599623885 8.55361980648 23.1195747705 5.10054966864 5.40407510745 4.30770374511 3.70531373203 2.93363854891 3.3601844318 67.2013623436 70.6177171639 74.6608437196 4.60068092136 4.5139722206 95.6807939473 97.477713983 98.3985091518
-9999.0 -9999.0 -9999.0 -9999.0 -9999.0 -9999.0 -9999.0 -9999.0 -9999.0 -9999.0 -9999.0 -9999.0 -9999.0 -9999.0 -9999.0 -9999.0 -9999.0 -9999.0 -9999.0 -9999.0 -9999.0 15.6574276529 14.6760976989 75.5483709836 571.198395991 602.047524218 617.756490427 16.6164263212 257.179882301 271.516520257 278.472592396 11.2659201726 18.715090712 25.1718604857 468.80079315 474.011277539 478.496989354 2032.03016245 1247.60828934 4.61281880562 4.93596998758 4.76608191012 3.85437069477 40.1094512279 48.3782651466 55.6925783308 59.7064995817 63.586982992 503.735424681 506.575276351 511.07498674 522.456451421 561.860878653 563.175133034 662.88769979
-9999.0 -9999.0 -9999.0 -9999.0 -9999.0 -9999.0 -9999.0 -9999.0 -9999.0 -9999.0 -9999.0 -9999.0 -9999.0 -9999.0 -9999.0 -9999.0 -9999.0 -9999.0 -9999.0 -9999.0 -9999.0 -9999.0 30.5010253563 46.2372664607 16.1279695559 21.6468550305 198.33639266 215.551074814 227.667069077 95.0465648452 106.276756009 117.613731831 124.911320511 457.302452869 464.200256778 290.991122904 774.960698453 780.081313131 1243.74636499 9.98697758171 5.10216511111 3.73628359723 27.7091852158 32.4266754565 3.05975121679 2.88755145469 490.782161547 497.733523597 501.087845174 5.43589445798 8.11052900775 555.517521524 3.52802202033 9.72932340175 10.6835644126
-9999.0 -9999.0 -9999.0 -9999.0 -9999.0 -9999.0 -9999.0 -9999.0 -9999.0 -9999.0 -9999.0 -9999.0 -9999.0 -9999.0 -9999.0 -9999.0 -9999.0 -9999.0 -9999.0 -9999.0 -9999.0 -9999.0 15.1677902343 30.0489860507 124.11680676 140.354194282 157.700087786 70.7169247682 83.8547243999 11.5054577884 305.988874788 316.254630688 325.599888467 7.6385628477 278.068159394 285.185681711 5.40069673656 1217.86489384 11.1197923121 5.5646817308 14.9718294693 20.0896943544 3.96572525195 3.27976949639 455.904645472 484.508444305 488.553893867 4.2101228334 9.3317379088 11.9871660847 14.9522846863 29.2492945386 3.59276934383 8.00623469502 1.53535613476
-9999.0 -9999.0 -9999.0 -9999.0 -9999.0 -9999.0 -9999.0 -9999.0 -9999.0 -9999.0 -9999.0 -9999.0 -9999.0 -9999.0 -9999.0 -9999.0 -9999.0 -9999.0 -9999.0 -9999.0 -9999.0 -9999.0 15.0268748254 46.5334920033 79.5131913285 17.9484249137 38.1113806755 55.5538709849 259.969921983 273.423045623 284.388058654 10.2056998745 226.757028556 256.359406212 264.523393444 6.67919572404 1194.7265114 1207.41957103 5.96919701919 5.51255315159 10.8802726171 4.49383621992 434.005911399 442.012837821 446.656927539 17.8568888002 22.1652542269 3.79824496511 6.74668361751 2.97390515239 21.376644076 2.98681021119 2.11489617225 2.17468629908 2.17210528024
-9999.0 -9999.0 -9999.0 -9999.0 -9999.0 -9999.0 -9999.0 -9999.0 -9999.0 -9999.0 -9999.0 -9999.0 -9999.0 -9999.0 -9999.0 -9999.0 -9999.0 -9999.0 -9999.0 -9999.0 -9999.0 -9999.0 -9999.0 15.9980882143 16.9830508315 19.8901470779 181.040165834 197.414744753 245.618724332 13.75125178 183.079443122 207.463023381 10.3544723055 20.8832218314 7.94276622942 1174.29141271 8.03302180535 20.4211646582 25.2139733456 29.8374542874 404.457957371 421.122208907 426.147206378 5.06103580221 9.46219706592 13.4696168863 2.56978799796 2.36328505738 1131.59689887 1133.95029836 1135.81686888 1154.98637739 1157.33179476 1160.18063047 1161.94986968
