data/baseflow/mHMbf_acc498.asc
ncols                  80
nrows                 72
xllcorner      4374000.0
yllcorner      5656000.0
cellsize            500
NODATA_value       -9999
[rows 25 to 49 of 72, columns 0 to 54 of 80]
-9999.0 -9999.0 -9999.0 -9999.0 -9999.0 -9999.0 -9999.0 -9999.0 -9999.0 -9999.0 -9999.0 -9999.0 14.453274709 28.539135051 12.4020801409 24.8025708277 9.58005001507 80.770217666 98.4207770536 107.693598541 7.79012632038 14.5119253587 168.211121982 201.429572534 206.792116595 11.8933642913 11.6065750448 16.0297443882 2.16900940419 1.8373749117 3.42889979146 1.71213763029 298.599628051 300.452865299 302.158537195 1770.28629424 3860.46255707 3842.21691783 2.64634323847 1.3663418 1.2508581462 5.087515114 4.15509600804 13.7319323153 21.511867661 43.3367797724 3.76121999065 3.71589866544 33.9753333899 37.1814639554 73.2336276282 75.0782227744 79.411090582 80.8861826217 1.58539888966
-9999.0 -9999.0 -9999.0 -9999.0 -9999.0 -9999.0 -9999.0 -9999.0 -9999.0 -9999.0 -9999.0 -9999.0 -9999.0 12.6195348181 25.4717106369 38.6970619519 59.7571631874 11.442437291 9.41525614086 78.0254780856 85.9019667806 155.481545287 163.783793855 22.1676637633 6.71646347787 5.61543269432 5.31843258364 286.24551212 289.092784742 291.524790973 293.350214653 296.853444092 26.4790824989 28.1953993793 332.654993594 5965.30554328 12.9574595856 10.0455664552 4.45432786638 1.29313808692 1.04576566994 7.56408866789 8.40304447509 15.5809354156 0.90193888428 44.5791456825 5.82872664439 5.64363283207 0.919165833858 0.646477621667 0.676398211834 0.884934376545 0.778401781698 81.6924063255 1257.98255424
-9999.0 -9999.0 -9999.0 -9999.0 -9999.0 -9999.0 -9999.0 -9999.0 -9999.0 -9999.0 -9999.0 -9999.0 -9999.0 -9999.0 11.8932494118 25.1429435145 37.4068595338 49.782124588 59.302672289 69.3551174884 27.9343659091 46.5268249787 7.92485436871 7.24887747732 256.516675634 270.010308845 275.830170564 282.141412432 3.98161192838 6.80332092454 18.9928743227 21.7521699671 24.1915945869 2.26603902403 2.28021956379 5973.56140471 2.92401161112 4.01015427327 2.24527829273 5.69845419365 2.65125273626 1.82089280754 25.5110515307 27.1452261975 0.93854516347 45.7437975441 52.5694456916 6.64311073918 1304.20723087 1302.40840569 1300.89297087 1296.86828659 1295.1665583 1263.42846303 1262.00311904
-9999.0 -9999.0 -9999.0 -9999.0 -9999.0 -9999.0 -9999.0 -9999.0 -9999.0 -9999.0 -9999.0 -9999.0 -9999.0 -9999.0 4.44293872074 9.52994759866 13.023279879 144.015012919 153.831072432 10.2054101276 9.483704564 9.31190774438 226.067984731 243.026030841 7.84556242126 7.93404241534 5.29841529863 22.9007162148 28.4476592242 12.5053849114 15.676610574 146.045337647 149.603395118 156.916258293 242.059929178 6218.1790527 3.32660626131 1.76437060094 8.93372557832 7.29092489365 1.2466920994 4.46711844284 5.85481136026 28.7419506806 30.1564677576 85.2698066403 53.0969930305 7.26438281704 1330.7890649 13.1191060817 1299.32675552 1298.18734622 30.0616726 1.26304429012 2.33374585699
-9999.0 -9999.0 -9999.0 -9999.0 -9999.0 -9999.0 -9999.0 -9999.0 -9999.0 -9999.0 -9999.0 -9999.0 -9999.0 -9999.0 22.608812594 37.2629896824 73.5891220318 132.353960522 167.025307244 190.834224859 200.159487457 209.80751412 218.749442829 8.03086743111 6.60136453161 12.6191439651 11.3774716959 6.17566776601 129.721336635 134.998960566 139.761869768 144.206787898 73.2997409658 76.1159868136 81.5759946109 6220.46186781 6.2567657754 5.82774544574 15.9925579532 1.42837316041 3.23732573581 1.88982795855 1.25218549532 7.34850274348 1.05307593451 1.13869609169 1423.22964935 1337.05544592 1335.76923223 5.30549342239 11.9788815587 7.49841665305 1.53517429199 26.6204038927 6.70437481384
-9999.0 -9999.0 -9999.0 -9999.0 -9999.0 -9999.0 -9999.0 -9999.0 -9999.0 -9999.0 -9999.0 -9999.0 -9999.0 -9999.0 15.7873194108 15.4192012177 30.5174800812 45.1997771033 12.3355920921 12.3489753527 22.2872074996 31.8181023065 48.8011251665 57.1844019365 63.8997042427 83.7078527588 89.6271340663 96.462544603 5.67819985252 59.7416090797 64.0821024241 67.8176653376 2.53287546318 0.980070525841 2.03360039404 6303.58476164 6305.78559249 6316.29872621 20.1881774774 3.02261669967 5.10473917953 1.50827094538 2.2409463315 8.45301024674 10.4240044002 2.05196000621 1428.90544861 2.00618506314 2.8356516255 3.07341131327 2.59824265467 4.70513647074 1.99546094195 18.7141577634 14.3325363629
-9999.0 -9999.0 -9999.0 -9999.0 -9999.0 -9999.0 -9999.0 -9999.0 -9999.0 -9999.0 -9999.0 -9999.0 -9999.0 -9999.0 -9999.0 14.906566486 29.1217336396 13.4796703509 27.4297859655 165.895236883 175.181996619 184.066172529 8.48246445713 8.50216830885 15.1319893778 22.1268959634 33.4312539262 39.4697126991 43.5080375084 48.785978858 3.86047193161 3.18731062935 73.8344151519 75.2336652843 76.796282069 78.7038205482 67.1588419899 6391.9322632 6424.21788734 6425.49526686 6431.62474036 6437.63929183 6440.89318918 0.872365590989 11.3174680522 1429.83476556 2.00965351062 1.03565257702 1.65631716223 1.78907221496 2.94310999039 2.44297991926 1.51753274918 2.44435804855 2.2532279782
-9999.0 -9999.0 -9999.0 -9999.0 -9999.0 -9999.0 -9999.0 -9999.0 -9999.0 -9999.0 -9999.0 -9999.0 -9999.0 -9999.0 -9999.0 -9999.0 43.1356346111 56.5317882103 97.9313884405 125.235638652 13.137849332 208.150785307 216.377205078 223.71585877 7.16018315875 13.9005176855 5.65171585687 45.9650016801 49.2607933704 54.7310231621 60.1327058614 70.2748148448 72.2578683529 1.23329434072 58.8676526875 62.936241808 65.3182282441 73.3809411189 10.0907822051 6.07422604497 3.33896262307 2.98998980355 6444.65052002 6446.47490192 6465.63249109 1430.68354725 6.65615839312 3.89733064141 2.66772424881 0.750780683573 8.21474220161 4.20631537747 1.33888809174 7.71938345606 6.65097927202
-9999.0 -9999.0 -9999.0 -9999.0 -9999.0 -9999.0 -9999.0 -9999.0 -9999.0 -9999.0 -9999.0 -9999.0 -9999.0 -9999.0 -9999.0 -9999.0 14.414075296 70.6858970193 85.10335944 13.3126763681 9.6177455112 19.7934730103 28.4962153926 260.101477163 7.13683506443 28.728283204 34.8213220608 40.767650572 3.7791827773 8.49994779641 10.3669681162 46.5484006462 51.4464781161 53.5752215024 2.16000344679 1.77466254353 2.00156459466 3.71387647446 1.57756330702 1.56552130543 2.24985728537 1.68271837226 2.28162748922 6.80743448672 6467.44646923 7902.23476203 8.63291332291 1.68036853916 0.988007147289 26.0513062285 24.342328375 14.6877192458 13.1901394854 9.7937215648 2.51812388547
-9999.0 -9999.0 -9999.0 -9999.0 -9999.0 -9999.0 -9999.0 -9999.0 -9999.0 -9999.0 -9999.0 -9999.0 -9999.0 -9999.0 -9999.0 12.9639138576 40.1642832206 12.9051035085 12.2286099535 11.3730851186 21.4057947948 31.0819919052 39.9595745549 310.518030092 317.194474916 6.98716114295 13.0956123246 19.3444003968 23.4953637064 27.7080720135 40.2188118616 44.5689510424 2.25315108454 1.88794891566 1.49180656028 1.34531321145 2.10201106149 2.47038777413 2.33560358995 2.81152612557 8.62603009232 3.89105877463 1.97983076408 1.95921716404 1.46515150192 2.64157816604 7994.90821578 82.9323576154 33.9784951966 5.01101796549 2.60774030696 1.26858626465 3.96015590602 2.49878574129 1.24128839949
-9999.0 -9999.0 -9999.0 -9999.0 -9999.0 -9999.0 -9999.0 -9999.0 -9999.0 -9999.0 -9999.0 -9999.0 -9999.0 -9999.0 13.6306803791 26.3584006355 92.0914558362 12.3361648574 24.1930652302 34.9206769593 44.2860385951 10.1545392935 18.2184592215 28.0145264777 354.559178634 6.33246575812 11.7846341225 17.4959463264 5.01020384192 9.79284958557 11.6370655657 14.9918363636 550.416863135 554.699146223 559.182843536 581.347241352 586.522817925 600.983958142 4.74225670252 10.1034498289 10.8190149565 647.421543659 650.583703663 1.73956830366 2.65167877593 3.52808954184 7996.65145247 80.1546360436 39.3340161164 36.015463445 30.5067605344 26.7132061118 5.1722558814 1.34238516592 2.25210781943
-9999.0 -9999.0 -9999.0 -9999.0 -9999.0 -9999.0 -9999.0 -9999.0 -9999.0 -9999.0 -9999.0 -9999.0 -9999.0 -9999.0 13.8183628731 42.0213851534 147.910764505 219.241565328 11.1010785079 283.696243485 339.114317932 8.9801227482 16.8575535147 26.0429251657 430.630574786 437.93479245 4.60822053373 26.8866375139 31.0856517371 34.7835660243 520.561348115 528.166865287 533.67194603 2.79279764901 15.3346434274 18.6342416384 7.43863464318 10.4717107224 615.849797792 630.664762758 633.163742274 635.470595007 653.059836534 1.19219748392 1.11009278246 5.54799412377 7998.83822032 3.31021210009 0.926187770027 2.73042223329 1.2399971288 23.0189602276 20.3781620515 12.6043453582 8.56650545575
-9999.0 -9999.0 -9999.0 -9999.0 -9999.0 -9999.0 -9999.0 -9999.0 -9999.0 -9999.0 -9999.0 -9999.0 -9999.0 -9999.0 -9999.0 -9999.0 29.2611427129 58.7629206296 258.996215135 272.868889003 351.404148896 362.935262266 8.83749383697 17.7003505899 40.3914132339 446.994304034 457.754661911 461.633930155 3.10408510766 475.803484604 483.34386211 5.09773354061 2.71801949421 4.9304684832 9.80334545622 2.48442462444 4.93096325587 10.3686800361 12.9995626701 2.75972750366 1.81482246972 3.49298135575 666.664300523 670.961614641 671.87665881 680.588076181 8000.6290319 2.89315506691 0.486306671559 0.66499511637 0.705473795813 0.740522120382 0.672557245434 1.19093611333 1.65094070757
-9999.0 -9999.0 -9999.0 -9999.0 -9999.0 -9999.0 -9999.0 -9999.0 -9999.0 -9999.0 -9999.0 -9999.0 -9999.0 -9999.0 -9999.0 -9999.0 15.2228027742 14.8545605354 14.3194221961 26.6417111666 11.7259696057 386.430328178 396.862051845 8.01167058887 15.5527230193 6.78939124416 5.32551705879 5.064042387 469.930191617 2.33932169717 4.96264133509 2.91137036087 2.64015182708 2.40246314914 1.82640206784 1.93021124713 6.13930314287 8.54628352657 1.67497422004 1.47892285279 3.38127468844 5.86387481157 7.59627457862 2.17086527154 673.886021541 681.599783923 8002.11344619 7.69993915045 1.42144932336 0.298123093345 0.945666965535 0.250468950376 0.207244582449 1.4326093226 7.95337255148
-9999.0 -9999.0 -9999.0 -9999.0 -9999.0 -9999.0 -9999.0 -9999.0 -9999.0 -9999.0 -9999.0 -9999.0 -9999.0 -9999.0 -9999.0 -9999.0 -9999.0 -9999.0 14.6893179688 39.8759655785 51.3017696983 62.8716986737 408.198916608 419.536145598 429.827417655 438.386374709 443.213683485 453.428772676 455.745462665 457.811753942 459.710611751 2.05536588181 1.94384171058 2.17967621341 8.02147225652 2.24626574116 2.19443628566 1.58768876859 4.80457811763 2.11382267412 1.63066635618 1.48108048635 1.27398605751 2.54120659213 3.7655556616 689.557238072 8700.70686534 3.26840509768 5.19004872321 0.202048780656 1.231679144 0.581885027589 0.417769551416 15.9033185926 13.5133478119
-9999.0 -9999.0 -9999.0 -9999.0 -9999.0 -9999.0 -9999.0 -9999.0 -9999.0 -9999.0 -9999.0 -9999.0 -9999.0 -9999.0 -9999.0 -9999.0 -9999.0 -9999.0 -9999.0 12.0340405925 96.4773513543 185.46835136 196.919028025 11.9669345059 20.3197583666 27.9271022941 33.2745599386 73.123718435 75.2916220103 2.09051850346 2.12109324984 464.586114204 468.708256476 470.463350741 9.41862624535 1.30098058115 3.71507657079 5.38831865539 16.3623990566 20.3045210141 23.4421017121 2.80686348667 3.93563927619 1.40743797998 2.90779385392 1.5704579044 8703.6158404 2.49412480628 10.4704329617 2.03503191734 3.98548443775 17.5456341966 19.2801351132 36.7263705892 12.656116287
-9999.0 -9999.0 -9999.0 -9999.0 -9999.0 -9999.0 -9999.0 -9999.0 -9999.0 -9999.0 -9999.0 -9999.0 -9999.0 -9999.0 -9999.0 -9999.0 -9999.0 -9999.0 13.507974968 43.2062401798 84.6079691576 110.498928908 276.284102841 287.79734416 16.5303732548 24.2679708328 30.2326031581 35.4446295272 77.4819967241 81.7414451056 139.366739981 143.618081668 146.046656717 472.312397343 486.813937791 3.39468408986 2.53469969604 2.37856912515 4.62642835741 2.14479586476 27.6902704261 29.1926223534 5.32398740191 6.6943491525 1.70184960914 2404.26426537 2408.20545102 11113.8699398 11127.7583666 3.17692058531 10.6673001283 5.51749225491 3.86132761698 42.6284809016 56.8658388616
-9999.0 -9999.0 -9999.0 -9999.0 -9999.0 -9999.0 -9999.0 -9999.0 -9999.0 -9999.0 -9999.0 -9999.0 -9999.0 -9999.0 -9999.0 -9999.0 -9999.0 -9999.0 -9999.0 15.5075864351 15.1088686213 28.4096507661 67.3717454254 299.990546818 8.68905008963 8.54277573638 14.5352432985 20.6922883575 47.9342140981 51.1867338313 2.38914144495 2.84328830038 148.936086344 151.127251008 640.075315249 642.016990591 1.18805931627 1.00543862291 0.864525034947 0.875318739501 1.05295665825 2373.64891918 2384.0454749 2392.26785799 2395.60125156 2402.83404922 2.01699180519 7.28790834923 8.74928255719 11140.2667058 11141.8144127 11143.0800661 11144.3523802 11145.896367 58.8565223573
-9999.0 -9999.0 -9999.0 -9999.0 -9999.0 -9999.0 -9999.0 -9999.0 -9999.0 -9999.0 -9999.0 -9999.0 -9999.0 -9999.0 -9999.0 -9999.0 -9999.0 -9999.0 -9999.0 -9999.0 13.7424624411 14.4415318565 26.7435881443 352.02854388 362.747495121 8.24044912442 14.1977271642 20.6057775273 24.6969028566 3.23239242251 6.28201372626 687.518397769 689.49630829 691.853129843 709.937935578 1353.99091985 2316.80112975 2319.8783385 2322.79001017 2325.52348947 2338.52999317 2342.94594783 8.94955310691 3.94083843373 2.59273002169 4.82040938068 3.62117278101 5.81932666255 1.92588430043 38.24352812 45.667203078 51.5819479015 52.2149232118 11146.7447955 11207.0977738
-9999.0 -9999.0 -9999.0 -9999.0 -9999.0 -9999.0 -9999.0 -9999.0 -9999.0 -9999.0 -9999.0 -9999.0 -9999.0 -9999.0 -9999.0 -9999.0 -9999.0 -9999.0 -9999.0 -9999.0 -9999.0 14.0161353794 26.8443070881 39.7425594824 373.245949416 7.9216661198 493.446710963 500.240064458 503.433974607 506.798635536 674.225071372 678.154814716 2.48564013065 13.172395177 16.2999075054 2.84204133956 959.794944274 954.687466334 1.52821341129 3.664484031 10.4949744837 2.44561959169 2.82404925832 2.01364849247 1.76601758401 1.28945315693 1.69551624756 32.1330244851 34.0753913629 36.5214016321 5.89400776732 4.51015832866 55.5331814734 56.671733846 57.1401873866
-9999.0 -9999.0 -9999.0 -9999.0 -9999.0 -9999.0 -9999.0 -9999.0 -9999.0 -9999.0 -9999.0 -9999.0 -9999.0 -9999.0 -9999.0 -9999.0 -9999.0 -9999.0 -9999.0 -9999.0 -9999.0 12.6951837233 11.921634334 61.8654708 458.950866837 478.700918776 487.573561138 6.31381446792 159.081104929 162.171255482 163.738870913 3.40536050938 6.32827885382 8.91581825735 204.104377509 206.080137039 207.812626984 951.450489782 620.442280929 2.10302574712 2.34531797629 2.20869879653 1.72168795556 18.3485691868 22.4892165712 26.0200298198 28.1907479476 30.2599615956 225.261896349 226.875306515 228.767225776 232.922909647 252.433329302 253.095524132 310.976985326
-9999.0 -9999.0 -9999.0 -9999.0 -9999.0 -9999.0 -9999.0 -9999.0 -9999.0 -9999.0 -9999.0 -9999.0 -9999.0 -9999.0 -9999.0 -9999.0 -9999.0 -9999.0 -9999.0 -9999.0 -9999.0 -9999.0 24.8713318008 38.0407511785 12.3246899582 8.80643171084 137.992624943 144.772790358 149.1358451 41.7023694853 44.2740549559 47.2601505203 49.9562515836 199.347139512 202.464838806 116.81950348 327.070534727 329.281082957 618.851409709 4.66016777269 2.42500630474 1.51978588525 12.591312832 14.9221849354 1.40490918257 1.30834336552 217.915594235 221.748784925 223.810760095 2.01514987351 3.01752343837 249.372149837 1.84276384363 5.90307554365 6.41483224121
-9999.0 -9999.0 -9999.0 -9999.0 -9999.0 -9999.0 -9999.0 -9999.0 -9999.0 -9999.0 -9999.0 -9999.0 -9999.0 -9999.0 -9999.0 -9999.0 -9999.0 -9999.0 -9999.0 -9999.0 -9999.0 -9999.0 12.5102321136 24.7206872486 101.224394133 113.425323301 122.076252155 33.9391371949 39.0926621841 2.99377086958 141.210030177 143.858130402 146.584753597 2.87239871045 111.185525339 114.463531807 2.31159495547 606.742579982 5.28917874623 2.61001789384 6.88933027443 9.32522867306 1.80144251826 1.3727168435 199.438094422 214.421336488 216.80280946 2.38446031342 5.1170111069 6.36800575001 7.71220439134 15.2644015182 2.11516611119 4.91951827768 0.964707770115
-9999.0 -9999.0 -9999.0 -9999.0 -9999.0 -9999.0 -9999.0 -9999.0 -9999.0 -9999.0 -9999.0 -9999.0 -9999.0 -9999.0 -9999.0 -9999.0 -9999.0 -9999.0 -9999.0 -9999.0 -9999.0 -9999.0 12.3588130833 38.3948154724 64.9692585238 11.9248591778 20.0787552155 27.8450629481 128.390195298 132.692562624 135.670672263 2.518459708 93.8539086133 102.733431143 105.887347212 1.9231114818 596.224970196 602.269796715 2.83562259495 2.49701532572 5.15115176938 2.02534622239 189.125194022 192.836850883 195.365116225 9.3847411378 11.8735954806 2.08687999363 3.75664802765 1.68850762556 11.6886023096 1.89191333013 1.322087617 1.36608796288 1.56750998061
-9999.0 -9999.0 -9999.0 -9999.0 -9999.0 -9999.0 -9999.0 -9999.0 -9999.0 -9999.0 -9999.0 -9999.0 -9999.0 -9999.0 -9999.0 -9999.0 -9999.0 -9999.0 -9999.0 -9999.0 -9999.0 -9999.0 -9999.0 13.0963632617 13.5939717119 11.2986041431 93.8337474746 100.991728895 122.267627783 4.84735336463 81.67519928 89.1033723079 2.98495832598 6.41344159217 2.34285772652 589.061944127 3.03676130991 7.95195129205 9.83355325886 11.7573034845 175.301027738 182.969542412 185.632667683 2.68268755078 5.01824665803 7.05542137761 1.2367685546 1.12910900408 598.684913848 599.937580985 600.989469211 613.024916262 614.55291305 616.538238541 617.701404208
