data/baseflow/mHMbf_acc563.asc
ncols                  80
nrows                 72
xllcorner      4374000.0
yllcorner      5656000.0
cellsize            500
NODATA_value       -9999
[rows 0 to 24 of 72, columns 0 to 54 of 80]
-9999.0 -9999.0 -9999.0 -9999.0 -9999.0 -9999.0 -9999.0 -9999.0 -9999.0 -9999.0 -9999.0 -9999.0 24.9555540563 19.5029850844 -9999.0 -9999.0 -9999.0 -9999.0 -9999.0 -9999.0 -9999.0 -9999.0 -9999.0 -9999.0 -9999.0 -9999.0 -9999.0 -9999.0 -9999.0 -9999.0 -9999.0 -9999.0 -9999.0 -9999.0 -9999.0 -9999.0 -9999.0 -9999.0 -9999.0 -9999.0 -9999.0 -9999.0 -9999.0 -9999.0 -9999.0 -9999.0 -9999.0 -9999.0 -9999.0 -9999.0 -9999.0 -9999.0 -9999.0 -9999.0 -9999.0
-9999.0 -9999.0 -9999.0 -9999.0 -9999.0 -9999.0 -9999.0 -9999.0 -9999.0 -9999.0 -9999.0 -9999.0 51.2514165746 106.892898382 15.5413733959 -9999.0 14.3518321317 -9999.0 -9999.0 -9999.0 -9999.0 -9999.0 -9999.0 -9999.0 -9999.0 -9999.0 -9999.0 -9999.0 -9999.0 -9999.0 -9999.0 -9999.0 -9999.0 -9999.0 -9999.0 -9999.0 -9999.0 -9999.0 -9999.0 -9999.0 -9999.0 -9999.0 -9999.0 -9999.0 -9999.0 -9999.0 -9999.0 -9999.0 -9999.0 -9999.0 -9999.0 -9999.0 -9999.0 -9999.0 -9999.0
-9999.0 -9999.0 -9999.0 -9999.0 -9999.0 -9999.0 -9999.0 -9999.0 -9999.0 -9999.0 24.7424490742 23.6192570681 24.9907427222 24.8946502198 152.432241662 168.024493467 38.608748112 12.1422474477 -9999.0 -9999.0 -9999.0 -9999.0 -9999.0 -9999.0 -9999.0 -9999.0 -9999.0 -9999.0 -9999.0 -9999.0 -9999.0 -9999.0 -9999.0 -9999.0 -9999.0 -9999.0 -9999.0 -9999.0 -9999.0 -9999.0 -9999.0 -9999.0 -9999.0 -9999.0 -9999.0 -9999.0 -9999.0 -9999.0 -9999.0 -9999.0 -9999.0 -9999.0 -9999.0 -9999.0 -9999.0
-9999.0 -9999.0 -9999.0 -9999.0 -9999.0 -9999.0 -9999.0 -9999.0 -9999.0 23.5913755251 48.3554361375 96.2392714944 48.0729592942 23.3407228717 45.38200904 188.806238343 255.286021476 13.9367508352 -9999.0 23.4546699597 -9999.0 -9999.0 -9999.0 -9999.0 27.5035332306 13.8013572313 -9999.0 -9999.0 -9999.0 -9999.0 -9999.0 -9999.0 -9999.0 -9999.0 -9999.0 -9999.0 -9999.0 -9999.0 -9999.0 -9999.0 -9999.0 -9999.0 -9999.0 -9999.0 -9999.0 -9999.0 -9999.0 -9999.0 -9999.0 -9999.0 -9999.0 -9999.0 -9999.0 -9999.0 -9999.0
-9999.0 -9999.0 -9999.0 -9999.0 -9999.0 -9999.0 -9999.0 -9999.0 27.4013395977 76.6576567988 99.4704104531 122.461550986 166.591049376 21.277350475 86.7711520983 106.592146546 391.680906419 15.8310040376 17.1775878755 43.1079624837 61.8883658647 19.8897581702 -9999.0 70.9559478795 58.7600869993 15.8274462251 -9999.0 -9999.0 -9999.0 -9999.0 -9999.0 -9999.0 -9999.0 -9999.0 -9999.0 -9999.0 -9999.0 -9999.0 -9999.0 -9999.0 -9999.0 -9999.0 -9999.0 -9999.0 -9999.0 -9999.0 -9999.0 -9999.0 -9999.0 -9999.0 -9999.0 -9999.0 -9999.0 -9999.0 -9999.0
-9999.0 -9999.0 -9999.0 -9999.0 -9999.0 -9999.0 27.3181639191 24.5163177256 23.8069826503 24.3824645961 24.5810831096 172.211031187 362.335324289 385.249688008 404.847353782 19.9409607876 429.865287542 447.932927442 38.5206904648 19.5667350899 80.2427404245 138.224014785 17.7527875399 124.618271766 20.0198760104 18.7291301684 20.8434357498 -9999.0 -9999.0 -9999.0 -9999.0 -9999.0 -9999.0 -9999.0 -9999.0 -9999.0 -9999.0 -9999.0 -9999.0 -9999.0 -9999.0 -9999.0 -9999.0 -9999.0 -9999.0 -9999.0 -9999.0 -9999.0 -9999.0 -9999.0 -9999.0 -9999.0 -9999.0 -9999.0 -9999.0
-9999.0 -9999.0 -9999.0 -9999.0 -9999.0 -9999.0 55.0472429461 81.0473794757 181.907540759 252.522320546 21.2332070507 22.5399936619 20.9981999341 63.4271018285 485.959882201 16.9306753072 468.714692013 548.612695141 60.9605140958 35.6915773799 154.849984687 18.6158739073 142.77159402 35.0578267794 17.5338192571 35.4843336117 41.3321849299 21.3103922655 22.1743693982 21.322574675 23.1171285246 46.1234163274 -9999.0 -9999.0 -9999.0 -9999.0 -9999.0 -9999.0 -9999.0 -9999.0 -9999.0 -9999.0 -9999.0 -9999.0 -9999.0 -9999.0 -9999.0 -9999.0 -9999.0 -9999.0 -9999.0 -9999.0 -9999.0 -9999.0 -9999.0
-9999.0 -9999.0 -9999.0 -9999.0 -9999.0 29.8135854503 57.7853156735 27.8051256599 53.5754648693 278.786736061 324.92864275 371.055136968 1216.84838083 22.9114265102 505.132818283 1889.86936134 1906.58977455 2484.6063052 18.8439135037 53.0431866029 171.549055352 16.4343478956 344.928331898 184.639199674 113.744758683 95.6147382256 19.9855813155 63.2432928862 64.1920239421 42.6146125146 20.2766040205 67.1427818549 19.6993509919 19.1866813785 -9999.0 -9999.0 -9999.0 -9999.0 -9999.0 -9999.0 -9999.0 -9999.0 -9999.0 -9999.0 -9999.0 -9999.0 -9999.0 -9999.0 -9999.0 -9999.0 -9999.0 -9999.0 -9999.0 -9999.0 -9999.0
-9999.0 -9999.0 -9999.0 -9999.0 -9999.0 30.1848974345 88.2719867666 174.791605606 201.602851376 399.171151406 424.195476632 502.525100152 823.918850738 1284.22822331 1328.22245854 1349.30318118 36.2761077135 2552.67484043 2589.82861636 2678.56245814 3267.48233688 397.658548034 363.337091859 131.675650206 17.5314399841 115.647811861 80.2219143028 15.997137981 82.1505166252 21.251316017 41.5949629959 107.546047661 126.295071334 37.4237511239 17.770190771 17.5524817516 -9999.0 -9999.0 -9999.0 -9999.0 12.8369492341 11.5567473701 -9999.0 -9999.0 -9999.0 -9999.0 -9999.0 -9999.0 -9999.0 -9999.0 -9999.0 -9999.0 -9999.0 -9999.0 -9999.0
-9999.0 -9999.0 -9999.0 -9999.0 -9999.0 29.4799022608 28.1825604028 116.186599131 143.466285403 171.489410247 26.5836442822 52.6378848531 302.84364243 53.6906886975 24.2993387411 21.2602908135 18.1311372863 23.7389520909 22.8809277709 20.1282520039 3288.90735706 3337.94312974 16.1642729169 50.5382737202 34.8139845547 131.640207424 32.5787110459 15.2080492244 100.504511106 39.505487557 94.6023093579 215.240902861 199.592999143 54.7676403554 52.0912244499 18.4810165706 18.1360780105 -9999.0 -9999.0 18.2752492591 28.063419757 63.8989754982 12.2247769713 -9999.0 -9999.0 -9999.0 -9999.0 -9999.0 -9999.0 -9999.0 -9999.0 -9999.0 -9999.0 -9999.0 -9999.0
-9999.0 -9999.0 -9999.0 -9999.0 -9999.0 -9999.0 30.3244957246 30.0355684025 58.1190519288 86.405293553 196.714334501 250.986969921 279.168775967 28.8196309113 21.9990837087 294.952485167 357.640823588 376.571556678 457.612028749 475.129363172 17.0316535965 3355.35757187 3439.38477778 67.3309502832 15.7409165921 146.678030062 322.052697447 129.852707443 29.8364751569 15.2666206766 340.396278961 231.255952186 14.7761493712 14.7981167194 67.5876939418 53.3331742727 15.9965427202 15.1017900118 17.3867121864 35.1865414107 16.370030929 77.5320242507 92.2687601254 13.309923394 -9999.0 -9999.0 -9999.0 -9999.0 15.740948737 14.4795152945 4.3776114393 -9999.0 -9999.0 -9999.0 -9999.0
-9999.0 -9999.0 -9999.0 -9999.0 -9999.0 -9999.0 -9999.0 29.5079686339 27.144476523 56.0530049678 84.2001801241 27.2740400115 26.376955639 157.52313457 204.431727045 252.970335983 22.0690893734 43.1845818204 21.0665626233 493.922399855 1080.33203174 1092.47659521 4561.57765541 16.0490700201 44.4766645358 13.922729615 335.741907866 14.559313888 45.4272104016 14.5752472261 354.731039626 369.23391523 29.8527255179 29.4602969679 170.755283371 86.2174899396 31.6212671137 16.5649584259 34.5386243952 52.0859532188 83.204217439 14.1437937483 117.664045665 129.463663143 10.3741911125 11.4697386119 12.1472969519 10.575846572 9.82409282079 41.42737574 15.6290071964 9.43767581184 -9999.0 -9999.0 -9999.0
-9999.0 -9999.0 -9999.0 -9999.0 -9999.0 -9999.0 -9999.0 -9999.0 57.1381060636 83.1427735264 27.2746695794 55.4542445004 81.2421504309 134.414514823 25.8739551752 24.8925694704 20.6591339972 20.816538931 17.8533953436 548.463136475 21.7110675891 41.8651602758 4616.24948456 4646.71638284 12.1954785878 69.1399026729 416.639333047 28.2467792341 57.3179392063 25.1128044837 36.7219142194 423.130867629 42.1888502921 242.204107108 201.041243016 17.084656088 78.9799099395 32.0664614374 49.3947051597 14.5847570763 96.6386505001 122.539035801 132.296491967 141.330806185 167.727351035 19.4500344592 20.9605540548 18.4547761262 16.9408147546 49.9897577351 9.08359520983 34.4948279972 42.4045910856 -9999.0 -9999.0
-9999.0 -9999.0 -9999.0 -9999.0 -9999.0 -9999.0 -9999.0 -9999.0 29.1620627118 140.773906154 167.39800326 26.6136300583 51.8780544144 25.1952182316 22.7798408503 22.4252149006 283.748816848 374.660812495 454.315117691 534.752747104 18.9216690488 20.788221081 17.9476803019 4726.86045166 4758.20880293 4769.46668622 541.525322233 111.294223323 97.7119702409 10.8799230964 47.3557931827 481.605862241 11.2407574502 253.634169489 14.2562323106 104.530086667 94.9105032558 15.1379302222 64.2552067961 29.2608251978 43.4034563714 11.276770261 8.86597935435 150.198582485 158.076801917 175.57893649 29.6788092261 26.5736110289 24.5864568276 59.9557675889 78.481698034 9.2485414594 51.1608427552 10.0243354781 18.3857775497
-9999.0 -9999.0 -9999.0 -9999.0 -9999.0 -9999.0 -9999.0 -9999.0 -9999.0 29.6335553337 195.363823556 221.56251949 77.3396813006 127.630871206 173.646682476 197.061446353 23.9549278222 70.3624025735 46.5584619773 24.5298279836 23.2300365308 20.3450557659 39.1717839918 64.4596399132 18.212148567 5341.64584335 5353.42726637 10.7022130323 8.01144774419 22.4059296762 33.2254175872 513.818999025 21.6794993694 262.834703865 154.344728245 129.410460888 13.6094590504 28.2144822996 76.8010885451 12.5621884274 55.4096982389 22.6271908531 15.4076694741 8.05211303207 181.360506502 362.989369495 35.0298613911 32.0543069204 31.5279680487 7.15923759773 85.5401202326 6.79679001227 67.4191905878 8.22686633892 26.5965140983
-9999.0 -9999.0 -9999.0 -9999.0 -9999.0 -9999.0 -9999.0 -9999.0 -9999.0 -9999.0 26.1888628933 274.970308987 25.6123728072 51.433290843 73.6974214536 116.712846957 21.6944722475 45.8560884091 22.1650260022 20.3394718414 18.8933759259 37.2702181425 15.6269428517 16.5857799598 30.6779799167 16.5223788809 5366.4046757 5388.33201471 5419.93860356 44.8533495292 11.3256841723 22.5898031912 525.835141501 471.911076978 179.77907209 12.437804641 54.6523498652 41.2939378596 89.3886234181 25.0400932432 102.09623801 34.240690839 24.4487960628 7.228823163 8.30953767741 372.175894149 379.617207351 452.62468393 54.7947317489 15.0182700627 93.4320037523 107.91555874 181.94829882 15.8537327795 7.32078043328
-9999.0 -9999.0 -9999.0 -9999.0 -9999.0 -9999.0 -9999.0 -9999.0 -9999.0 -9999.0 -9999.0 15.1733721843 308.503275273 24.948181611 46.7266889681 206.113075183 21.7645819953 21.3885692927 18.4803670796 39.9308622493 19.9684195507 76.5860011184 107.937455047 121.691073863 41.9461626991 51.2810695214 11.2408688254 15.0126664316 13.2572568987 5488.27631659 5521.14513567 534.784508149 490.516764193 481.346445433 19.2749731495 9.31980940066 65.7806218057 177.70786888 100.823702217 36.2627003243 148.926607443 57.5286399366 47.6675909703 14.2309076788 5.86414824561 4.93004712355 5.2895568643 482.117213938 559.502324294 7.14508694148 6.59726237242 7.23881017772 189.126100613 211.704848691 12.951917358
-9999.0 -9999.0 -9999.0 -9999.0 -9999.0 -9999.0 -9999.0 -9999.0 -9999.0 -9999.0 -9999.0 14.1309093068 341.723349494 417.029381945 22.0738834234 249.609332352 19.7562462428 18.7728374021 37.9495832767 97.8996938498 19.0066114258 20.3519868134 15.301651955 151.692411065 165.477893759 231.789459152 254.807221222 266.957039972 277.039837562 287.146041266 5818.70690467 6373.56443788 6881.99083052 6889.12900553 7.63789763385 9.68192995328 200.10983958 188.993113249 11.1947535516 12.5205622972 164.022059983 232.485014824 8.88566695543 122.035238219 113.360193086 31.4327656282 13.5334951389 22.8803490109 9.12670727543 573.005451576 6.89435099473 20.2328426624 24.9787089966 257.381480027 276.603295028
-9999.0 -9999.0 -9999.0 -9999.0 -9999.0 -9999.0 -9999.0 -9999.0 -9999.0 -9999.0 -9999.0 27.7530055162 52.8265309524 441.455051103 482.733564709 20.616222786 284.483452167 15.9418035286 50.2706259903 114.657849865 36.2522214918 17.1261132812 34.3693061482 12.4482415486 23.8501499358 12.1441694904 11.2471096845 10.6542127164 9.87751801954 8.46272477526 7.73805157929 10.3617422759 11.9269681584 12.6717637133 6916.43336947 231.380260955 212.427655897 5.58321984852 32.4252682823 7.76710838691 8.2788596208 241.963010473 394.140142906 133.152700407 100.235438415 19.5297801289 7.7961524104 6.87377247403 13.7449996904 593.799770372 606.882570446 6.962150314 7.12490606506 7.16655260871 6.54455865348
-9999.0 -9999.0 -9999.0 -9999.0 -9999.0 -9999.0 -9999.0 -9999.0 -9999.0 -9999.0 -9999.0 -9999.0 23.1703895149 322.024875635 827.164292965 896.517644143 1199.08644541 1213.75301367 249.638444626 186.102041082 53.7223109305 16.7852457221 66.657557259 81.3288310467 117.724820515 25.1454390076 22.7394151888 22.4691265347 43.4884913579 19.3219230814 18.2279023733 10.342857205 8.61814696366 7.11924078496 6924.16653021 7161.74829181 7171.28673112 5.72595460124 81.0119568362 36.8001763753 10.7305527787 428.217654068 24.7440812796 12.9588776599 57.7570630967 12.189419781 8.34614329477 15.589091766 21.3577215503 27.9313295545 617.3693095 4.88564895246 4.06226101422 4.06839783019 3.14539170933
-9999.0 -9999.0 -9999.0 -9999.0 -9999.0 -9999.0 -9999.0 -9999.0 -9999.0 -9999.0 -9999.0 26.1101974101 245.865944843 297.805289684 46.9444286474 15.8461278228 35.3012303451 1267.37755974 1281.19566239 1544.83297185 14.3310405455 30.90726606 12.3800310955 12.6147833387 129.624118029 166.616270959 200.80544727 10.0956872442 53.3985830587 82.3887241093 46.7831051424 19.5882843459 16.7879299777 15.0961434496 14.4069019366 6.05012998178 7176.89174797 7180.70061966 7270.69223836 15.8585169434 8.75133394217 435.631084778 27.3428739861 14.0452346907 16.1366789412 16.0425310584 13.054004681 22.8452842629 61.8494628223 97.0152854541 719.415042372 3.46017039039 10.3430263791 7.02423719294 5.7167461346
-9999.0 -9999.0 -9999.0 -9999.0 -9999.0 -9999.0 -9999.0 -9999.0 -9999.0 -9999.0 -9999.0 26.6947889852 171.274018366 26.5956967099 22.7002423301 122.159275421 141.505163027 160.699297482 177.403692932 2100.65118181 2119.10032225 2152.49109614 2382.72964683 2422.00880679 2443.86975295 2456.15890456 2685.75194419 2718.45666251 2729.50416848 2824.04371904 2881.99365438 2891.24908603 2926.69675452 23.6510570309 22.4530723029 4.88964618111 3.86497451223 7185.95835278 7296.72082921 21.9862063226 500.466283913 492.913715546 49.8011906404 11.4511153362 11.9031964235 11.4143797039 11.388017888 22.9124135194 31.816763994 8.41806090171 724.155663124 729.36424292 750.939751339 754.910098207 764.201495856
-9999.0 -9999.0 -9999.0 -9999.0 -9999.0 -9999.0 -9999.0 -9999.0 -9999.0 -9999.0 -9999.0 88.3635011401 116.839156082 54.3384299783 79.6493310288 25.0003531023 280.750107622 301.584294754 341.757737726 359.974082697 130.252467968 2309.58633111 2324.73120518 13.4148277293 9.52717736056 9.49707312189 19.4864514563 9.94833596077 8.33034788797 8.04117035473 7.73895740836 2901.51010581 2936.63890457 2969.21080419 2998.90970356 3013.82395975 6.52072361416 1.60437039761 7813.11040005 512.548646566 508.680601701 9.67946162769 8.83137525284 7.71534211365 20.0089337039 19.5420769176 8.94832386267 8.91828287806 7.71204888004 15.9355723169 20.3667750367 3.63624047022 6.28251771183 2.22854854119 1.96570893658
-9999.0 -9999.0 -9999.0 -9999.0 -9999.0 -9999.0 -9999.0 -9999.0 -9999.0 -9999.0 -9999.0 -9999.0 59.604080537 28.0517804493 25.440360238 239.247609775 260.900762555 21.917969718 82.6205645636 101.208512728 117.29870956 18.4229200102 11.6846966683 337.533744981 346.709224678 355.714927176 890.595118205 898.145123633 913.280453438 987.64521067 1029.58525905 1036.1199499 7.36507947262 7.79688740883 6.48299597742 3020.04108306 2.61537914438 7884.82634837 7880.98490092 64.1978823983 58.8479290147 35.8476726451 8.87996819732 15.474409419 28.3280611111 27.7615470677 17.2576565798 8.4367665669 16.0052550841 15.5874579489 26.8881108102 4.46635872005 10.4451483957 16.691350593 21.0253323384
-9999.0 -9999.0 -9999.0 -9999.0 -9999.0 -9999.0 -9999.0 -9999.0 -9999.0 -9999.0 -9999.0 -9999.0 30.6212108896 85.5323620486 111.524405115 189.513115583 21.6831666649 44.3409462491 64.6106250255 255.179281183 271.972109862 288.115690196 301.299907404 315.8630038 462.024580856 502.665535351 527.733467247 10.8016726965 58.3898965834 68.3188363202 1008.80546684 1044.210196 1061.64553211 1079.91551057 1091.89418396 4115.32501556 5.52913019402 7904.0429089 10.0034612345 5.06152676924 50.3992343245 43.0503549955 6.51739365999 22.4209612258 35.3878529539 34.2772240623 23.2754213949 37.7478010285 59.0519546291 21.7750054122 54.2060655098 4.60076842745 7.90182431716 1.57500800125 1.14886045179
