data/baseflow/mHMbf_acc403.asc
ncols                  80
nrows                 72
xllcorner      4374000.0
yllcorner      5656000.0
cellsize            500
NODATA_value       -9999
[rows 25 to 49 of 72, columns 0 to 54 of 80]
-9999.0 -9999.0 -9999.0 -9999.0 -9999.0 -9999.0 -9999.0 -9999.0 -9999.0 -9999.0 -9999.0 -9999.0 14.3326998305 28.3212118377 13.240148895 27.10856324 12.6451623102 92.2684524649 116.871599283 129.682492014 11.7432086422 21.1934555498 232.119494908 285.316641198 294.979012497 23.2773422572 23.4633720476 30.9067250765 2.18067805022 1.9710010387 3.70600039798 3.03706061194 420.086555565 424.216083456 429.366192549 2486.61543563 5470.6888909 5432.04465423 3.12757023117 1.32184533621 1.19739399494 7.41231010312 6.22444098182 27.9385051711 41.7972542549 86.1643908182 7.99582403415 7.99786763837 72.0509841593 77.5360299036 154.804792869 158.885182659 165.842972635 167.533963348 1.5477678301
-9999.0 -9999.0 -9999.0 -9999.0 -9999.0 -9999.0 -9999.0 -9999.0 -9999.0 -9999.0 -9999.0 -9999.0 -9999.0 13.5280750568 27.0378528135 40.571529209 66.5317785365 13.4719581012 12.5626865082 107.873667042 119.502242545 215.166255407 226.734830565 33.0291834905 11.871885339 11.7473394299 11.4047024833 401.733831751 406.817119442 409.481619529 411.303822464 416.58591665 50.8302601372 58.1566749505 494.427671788 8456.70227426 27.117595198 20.0916914761 6.21582926529 2.10867335019 1.2967470795 9.85011177421 10.8885896531 30.1412404538 1.07425748479 87.8902155678 11.3363307539 11.0322489768 1.12340970614 0.857214302939 0.823448190848 2.60555693967 0.817061286467 168.321576676 2106.39180913
-9999.0 -9999.0 -9999.0 -9999.0 -9999.0 -9999.0 -9999.0 -9999.0 -9999.0 -9999.0 -9999.0 -9999.0 -9999.0 -9999.0 13.3031721227 31.9789730778 50.6688730383 70.0849420505 82.7827713725 95.758758588 37.9989087896 62.5572729324 11.6672557295 11.5636421552 345.82836298 368.938264975 379.922146382 391.815156666 9.00753975916 14.97791969 39.2393806859 42.4352881656 45.7441124582 7.40386676042 10.2815267985 8482.90940517 8.05677730214 9.65481083167 4.58134974637 11.1573196937 5.08070602909 3.79709041925 43.9591607567 49.5704979455 2.93398375723 91.6830941547 103.948752181 11.8894200501 2171.37610004 2169.28169926 2167.39552127 2161.01170042 2155.5512406 2114.85799878 2111.0262757
-9999.0 -9999.0 -9999.0 -9999.0 -9999.0 -9999.0 -9999.0 -9999.0 -9999.0 -9999.0 -9999.0 -9999.0 -9999.0 -9999.0 5.30154224753 12.1809132727 18.8818489227 183.779412164 196.89743205 13.1510915293 12.7359887977 12.3004002752 299.033984744 322.806269981 11.6244529716 12.0806646077 10.6652702613 42.7550455832 53.2733651363 25.9840104632 31.4055983931 237.715994871 243.823324065 261.008887843 413.642277331 8902.37015776 8.51077434129 4.2405094934 18.5241134963 14.7433497785 3.90042707844 11.7317270426 15.6492344795 53.9307033291 58.1936642675 170.658358194 106.221689691 13.1033020216 2230.26053394 32.6140073205 2165.23742256 2163.21148499 36.1559079042 4.62953452543 1.57044262311
-9999.0 -9999.0 -9999.0 -9999.0 -9999.0 -9999.0 -9999.0 -9999.0 -9999.0 -9999.0 -9999.0 -9999.0 -9999.0 -9999.0 27.4985177528 44.9970133235 93.07992305 166.397200839 216.304199622 249.695155926 262.515768762 275.254360015 287.633090702 11.7517655736 11.1961741786 22.1348854925 21.4830650102 10.8232337725 205.285400124 215.644989098 225.468637722 234.566859838 123.796049441 127.569255268 139.908951691 8907.27035914 14.6846745755 11.8142167021 32.3890363971 3.23098441748 10.3481457315 5.93811610514 3.72389159375 20.5824487619 3.70862998735 3.79074844246 2419.65582194 2245.60578153 2241.76612407 11.8270708929 30.8281134851 18.4471059704 3.23442329419 25.5383346106 5.46381706477
-9999.0 -9999.0 -9999.0 -9999.0 -9999.0 -9999.0 -9999.0 -9999.0 -9999.0 -9999.0 -9999.0 -9999.0 -9999.0 -9999.0 19.3357898307 18.506328075 36.3201499234 54.93190213 16.1164449733 13.4768321909 26.0734160267 38.5257736659 62.3041404576 74.3068317133 86.0601574093 120.034117753 130.865121093 141.921349504 10.4586589437 104.353313224 112.152670638 116.664170787 2.17659669403 0.886509648513 2.33454876354 9046.26824982 9050.92730826 9074.68248352 41.4599804822 6.47643305013 15.2439451959 3.77273073184 7.00075003994 24.273466018 31.1716916016 7.14726641234 2437.75303506 6.58622734492 7.07529539529 7.18157079039 7.58458302999 11.149555613 5.11686132954 18.6935534216 11.3893429369
-9999.0 -9999.0 -9999.0 -9999.0 -9999.0 -9999.0 -9999.0 -9999.0 -9999.0 -9999.0 -9999.0 -9999.0 -9999.0 -9999.0 -9999.0 17.8852621412 35.3948764393 17.183847331 35.1458331651 216.836286768 232.109758908 244.638804702 11.8515800441 11.956783848 23.7555396555 35.2380697405 56.779950877 67.4839553097 73.5588052578 83.6278210067 8.32741177268 6.02127893781 123.843402347 124.893866892 127.845467221 131.716797026 117.42749037 9208.0133912 9273.27928854 9276.32333313 9294.41513388 9309.13786368 9321.90350313 4.41891878729 34.7780679671 2442.24719212 10.7391875038 5.44325779093 7.25871803813 6.43356025179 10.6545897677 6.96958919516 3.73084966752 4.36623309403 3.22307302941
-9999.0 -9999.0 -9999.0 -9999.0 -9999.0 -9999.0 -9999.0 -9999.0 -9999.0 -9999.0 -9999.0 -9999.0 -9999.0 -9999.0 -9999.0 -9999.0 52.6936602793 71.1938691311 125.419927446 163.130563593 19.3027962915 277.273037734 289.077582609 301.008435658 12.0267053299 23.690705978 10.972646479 79.3357475517 84.9986333145 93.9474382733 102.450200023 120.984574318 122.439139464 1.1079859807 100.927914277 109.039037045 113.626211531 128.653974701 19.5239757455 12.4420289564 7.21189811349 6.86166353629 9333.72457879 9340.66551366 9402.78122499 2447.65268328 29.9565396675 14.3212997241 10.4597246133 2.8150154325 24.7341044181 10.8422355711 3.52573288311 17.2477969823 14.0002886227
-9999.0 -9999.0 -9999.0 -9999.0 -9999.0 -9999.0 -9999.0 -9999.0 -9999.0 -9999.0 -9999.0 -9999.0 -9999.0 -9999.0 -9999.0 -9999.0 19.2633677012 89.5238193388 108.208380867 19.7416579854 12.6962896535 25.2210441383 37.2295090098 350.38336546 11.9024071678 47.7074827597 58.8720420149 69.7338202737 6.02633585604 14.5013992577 17.5826503737 81.4299287138 88.1206612914 91.8035382475 3.99459956712 3.56477771839 3.58955771229 6.54111826903 2.55487474977 2.78625807131 5.9098228928 4.42877388364 5.77403029882 21.4590237987 9409.62686874 11875.9249168 36.1137018698 4.20023293025 3.21770785465 68.3393306745 62.3861763957 33.7369975949 29.629322248 21.3410940047 4.3222991825
-9999.0 -9999.0 -9999.0 -9999.0 -9999.0 -9999.0 -9999.0 -9999.0 -9999.0 -9999.0 -9999.0 -9999.0 -9999.0 -9999.0 -9999.0 16.8346871848 54.2132660372 18.0371247058 17.3442659502 13.7679590592 26.4911045305 38.6868905109 53.1426454199 421.333244976 432.961457178 11.8486140493 23.0037258499 34.1981433537 41.8459896948 48.5673077068 67.7305937463 77.4864896563 1.58768924924 3.8272838645 4.40709883846 6.80528061356 6.00762095994 5.7027457077 4.75211693693 5.36916683132 26.0382052157 12.8976973343 8.69686683994 8.68113735407 6.31185056298 12.0008068352 12105.2279247 189.472904444 87.4351580368 11.4074154651 5.49422796972 4.23180991454 11.7966258641 7.20754973168 3.26148470831
-9999.0 -9999.0 -9999.0 -9999.0 -9999.0 -9999.0 -9999.0 -9999.0 -9999.0 -9999.0 -9999.0 -9999.0 -9999.0 -9999.0 17.8463620682 34.1564796327 123.615101378 18.1088108427 38.1536937691 51.7564344856 64.9195900217 13.2287165441 25.3284320739 42.5907409522 492.669261429 11.501822995 22.3347407495 33.0341876295 9.90458952223 19.1229242333 20.5916063749 28.4832588271 842.797278204 852.075339504 861.83302238 905.515053401 923.780274536 959.277133204 10.6585743073 22.2853942445 31.8530405163 1081.4864149 1096.58598219 8.27451489206 13.3871834127 18.5120913098 12113.4659235 182.656604625 80.9709162961 74.8251609926 68.751263603 63.4048307611 15.6918594359 4.35214282156 7.0580388582
-9999.0 -9999.0 -9999.0 -9999.0 -9999.0 -9999.0 -9999.0 -9999.0 -9999.0 -9999.0 -9999.0 -9999.0 -9999.0 -9999.0 17.7139294211 53.9501693736 195.253386866 288.703279271 17.1085477159 382.427072772 465.693241192 12.7152470392 24.6916332132 40.6112192406 612.576814838 628.539292752 10.9661088153 55.0281949614 65.2742957119 71.6788557169 793.816013064 802.094542229 811.519253348 5.23971960812 30.5818816044 36.1979525336 17.431926659 25.0841511266 996.026619248 1030.44646112 1037.20478904 1043.84362174 1107.37996308 5.33222076026 4.93964962896 28.4786206698 12121.5373855 7.54119307662 0.208975119583 0.57873934346 0.226696726307 54.0701079018 52.8841597849 31.253131773 21.0238372127
-9999.0 -9999.0 -9999.0 -9999.0 -9999.0 -9999.0 -9999.0 -9999.0 -9999.0 -9999.0 -9999.0 -9999.0 -9999.0 -9999.0 -9999.0 -9999.0 37.6074041077 75.9742878038 344.005262548 363.452195395 483.29777982 502.018449912 12.4318577643 24.8142508235 63.0741098423 646.202166479 670.326621093 680.774840313 8.94252350039 711.984878967 719.710333971 5.69072969166 5.28055539099 10.560944631 20.5557770874 4.89728957926 10.1449908501 23.9594797329 30.174944189 5.49479302687 4.52634898551 9.34627808139 1136.78513344 1145.85492757 1150.52380437 1189.18393726 12128.9293323 6.27549562959 0.122887565371 0.141569043566 0.137282099438 0.14309313807 0.120289883333 0.216042862565 4.24874530304
-9999.0 -9999.0 -9999.0 -9999.0 -9999.0 -9999.0 -9999.0 -9999.0 -9999.0 -9999.0 -9999.0 -9999.0 -9999.0 -9999.0 -9999.0 -9999.0 19.6065766342 19.3626978802 19.2814058059 39.4379421708 17.9087001139 537.47625982 554.947870749 13.5992118044 25.3034215608 12.4681340446 11.2234260054 11.0954924866 697.04396291 1.93209437269 3.69302745433 3.93469652609 5.53701245536 5.10663441401 4.40804125814 4.48587425392 13.2886841249 17.8733384309 3.91411488532 3.75436306597 7.69299308791 12.0427932895 14.7701890691 3.58397387416 1155.23559635 1193.97088269 12135.0508541 12.8696144525 0.38822385465 0.0622629385926 0.181073817941 0.0459969323617 0.0308636707939 0.253735208166 18.8857586402
-9999.0 -9999.0 -9999.0 -9999.0 -9999.0 -9999.0 -9999.0 -9999.0 -9999.0 -9999.0 -9999.0 -9999.0 -9999.0 -9999.0 -9999.0 -9999.0 -9999.0 -9999.0 19.1598149417 57.518039389 74.2700812892 91.6637138928 571.805563643 588.183435846 604.981296804 622.420066354 633.381694533 655.633521454 658.007839725 659.633573033 662.422041367 5.42646912683 5.10306972847 5.17191470199 18.629201706 4.68872755596 4.45958558931 4.00915641065 11.6952959879 4.2843607589 3.7088894324 3.56668548525 3.2505252963 6.49346191144 9.35035182447 1213.01189924 13366.9283256 6.17539313401 12.4868566621 0.0404790326054 0.239619052231 0.123923062487 0.0623661110373 33.8644482651 30.706224486
-9999.0 -9999.0 -9999.0 -9999.0 -9999.0 -9999.0 -9999.0 -9999.0 -9999.0 -9999.0 -9999.0 -9999.0 -9999.0 -9999.0 -9999.0 -9999.0 -9999.0 -9999.0 -9999.0 17.0061660687 128.138594876 255.324438623 273.62292246 18.7563658029 32.1885079773 43.8098137287 54.4894808279 120.687644005 125.894481293 5.2685816505 4.91382424171 673.411094043 683.419908708 688.160936185 22.7267779197 4.04122391324 8.5353101704 12.6159027409 37.0307970332 45.1637667027 52.2574718256 6.76817413691 9.56954069391 3.13961701287 6.17519259812 3.10053940793 13373.7005333 5.73847649426 23.3027722743 5.93587431948 8.52041414867 29.121510688 31.8461206425 68.4249228992 26.3493504926
-9999.0 -9999.0 -9999.0 -9999.0 -9999.0 -9999.0 -9999.0 -9999.0 -9999.0 -9999.0 -9999.0 -9999.0 -9999.0 -9999.0 -9999.0 -9999.0 -9999.0 -9999.0 18.1253277833 56.6307633262 111.498757916 146.538923395 379.323021043 398.231530039 23.6659154772 35.1061851397 45.3116633219 55.8717255089 128.932096922 138.55647615 224.123458364 231.022190702 235.852720182 693.086593155 729.09208891 8.78447583743 4.79382963118 4.71446673127 9.09270431918 4.25773964061 60.4066098779 63.7892681569 12.6020883203 15.4075021309 2.95304888742 3358.66670986 3364.88812162 16744.097198 16775.1155634 5.55829829446 20.3004979871 6.33610857636 5.18373562464 76.362126558 105.882784907
-9999.0 -9999.0 -9999.0 -9999.0 -9999.0 -9999.0 -9999.0 -9999.0 -9999.0 -9999.0 -9999.0 -9999.0 -9999.0 -9999.0 -9999.0 -9999.0 -9999.0 -9999.0 -9999.0 19.806787551 19.2561403098 37.174443555 89.1165126623 414.91162049 11.9699261289 11.8428142821 22.1784938234 32.4229537373 70.9933572461 74.3438189305 2.30959506263 4.51310337867 241.488431039 246.507133961 979.894300173 984.010318724 3.71092289052 3.50697395828 3.05422577381 3.07350920457 2.92165051067 3303.3329312 3321.12656529 3339.281666 3344.68664228 3355.80652934 3.22288434519 12.2665092523 16.1839940519 16800.5753195 16805.4048839 16810.8061422 16814.259968 16816.6625759 109.083103572
-9999.0 -9999.0 -9999.0 -9999.0 -9999.0 -9999.0 -9999.0 -9999.0 -9999.0 -9999.0 -9999.0 -9999.0 -9999.0 -9999.0 -9999.0 -9999.0 -9999.0 -9999.0 -9999.0 -9999.0 18.2778584611 18.8055169216 35.4013525362 484.20669346 501.858199875 11.7315410064 22.0750648377 32.4148234587 35.753378217 2.53041085305 7.4012525289 964.267446868 969.597658473 973.821317548 1006.77346223 1994.82300041 3182.1293624 3189.89985789 3197.00791838 3203.95621351 3228.73506563 3236.2511723 14.525022654 6.9244998824 3.79251772981 7.33575915972 6.0761556095 9.42937950963 3.08450383062 64.4750259448 75.7158494635 85.8869260649 88.4924977737 16820.1762597 16933.0139477
-9999.0 -9999.0 -9999.0 -9999.0 -9999.0 -9999.0 -9999.0 -9999.0 -9999.0 -9999.0 -9999.0 -9999.0 -9999.0 -9999.0 -9999.0 -9999.0 -9999.0 -9999.0 -9999.0 -9999.0 -9999.0 18.4632491497 35.5502988469 52.6771537774 516.619512783 15.7890934387 692.510431029 703.077615118 705.610912368 710.430810095 944.984544007 951.079898712 5.37889320538 24.7970384453 29.6611769397 4.92870339361 1179.39575612 1170.31585795 3.34717133254 7.30315217561 18.6126988569 3.85468159896 3.97813959637 3.48619602709 3.14024803668 2.66342619256 2.92557517828 54.4132592221 57.3720930569 60.6941587243 6.64745708081 5.58903617013 92.6321274013 96.37634 98.2795009651
-9999.0 -9999.0 -9999.0 -9999.0 -9999.0 -9999.0 -9999.0 -9999.0 -9999.0 -9999.0 -9999.0 -9999.0 -9999.0 -9999.0 -9999.0 -9999.0 -9999.0 -9999.0 -9999.0 -9999.0 -9999.0 17.3043465526 16.330907143 83.6987869991 633.820158347 666.139783988 682.301420038 11.3057386164 227.6650555 229.365304674 230.708602808 5.33342869722 11.0634151599 16.2912122512 286.736294669 290.994899368 294.764048435 1163.18005282 721.970565712 3.92140889105 3.83627299742 3.71464223251 3.26191773953 31.9143411835 38.6441219532 44.8054505075 48.1053325229 51.3334310679 270.299224119 272.899272976 275.2058756 280.709073036 312.113309877 314.36909488 415.220255728
-9999.0 -9999.0 -9999.0 -9999.0 -9999.0 -9999.0 -9999.0 -9999.0 -9999.0 -9999.0 -9999.0 -9999.0 -9999.0 -9999.0 -9999.0 -9999.0 -9999.0 -9999.0 -9999.0 -9999.0 -9999.0 -9999.0 33.7721171728 51.0984795381 18.0491550797 11.6604182969 192.252566998 203.817554728 211.494047475 64.2606778091 65.7415307824 68.0348548307 73.0356361805 277.628403251 282.499028041 134.284810995 433.291646629 437.403558369 718.525603503 7.7898941838 3.8557449071 3.2114986121 21.7628871885 25.400710743 2.69430049306 2.56399876213 258.574691584 264.632210927 267.79148662 2.82528242201 3.97759001563 305.974420321 3.92895267313 15.7099131408 17.5917375385
-9999.0 -9999.0 -9999.0 -9999.0 -9999.0 -9999.0 -9999.0 -9999.0 -9999.0 -9999.0 -9999.0 -9999.0 -9999.0 -9999.0 -9999.0 -9999.0 -9999.0 -9999.0 -9999.0 -9999.0 -9999.0 -9999.0 16.7991592851 33.3133722587 137.27779717 154.975988168 169.856605807 53.3365719012 62.6722716365 1.67919423853 196.092781473 197.583524758 199.4745401 3.70004676698 124.862120308 129.791524349 4.16228642245 698.633318653 8.23310563294 4.09887222815 11.4513434822 15.3150441088 3.27735502877 2.88797613619 229.93851349 252.855833229 256.332592805 3.34207411788 7.96167334946 10.2875315629 12.4427315939 23.5470247446 5.8002310975 12.7270325786 2.77667525647
-9999.0 -9999.0 -9999.0 -9999.0 -9999.0 -9999.0 -9999.0 -9999.0 -9999.0 -9999.0 -9999.0 -9999.0 -9999.0 -9999.0 -9999.0 -9999.0 -9999.0 -9999.0 -9999.0 -9999.0 -9999.0 -9999.0 16.656733133 51.5902517457 87.7568386647 18.202558016 29.7168003177 41.8649919609 188.348150316 191.409329958 192.948139767 1.42987039108 109.469621719 113.752844992 116.636484677 1.78115819646 681.397919633 690.382676661 4.28923319033 4.1210563313 8.05165380111 3.54677308088 211.691219342 218.216147483 221.735163799 13.7299977691 17.0665450189 3.06299162171 5.6042292893 2.55838568428 17.8790867134 2.58633299079 3.12952906702 3.39327270533 3.40696964208
-9999.0 -9999.0 -9999.0 -9999.0 -9999.0 -9999.0 -9999.0 -9999.0 -9999.0 -9999.0 -9999.0 -9999.0 -9999.0 -9999.0 -9999.0 -9999.0 -9999.0 -9999.0 -9999.0 -9999.0 -9999.0 -9999.0 -9999.0 17.8501552357 18.5691664605 16.8539967823 130.845088273 142.818642618 177.418864627 5.5438642025 103.355146563 106.74543606 1.45657146195 2.98940707645 1.20245277048 674.175014766 1.98767531749 9.11902080962 12.4957124966 15.7021475151 192.121853255 201.534372275 205.274995799 3.72753083651 7.1297723111 10.3335023557 2.29225595105 2.11163921618 628.964131852 631.092786471 632.850905665 648.846401855 651.085324059 654.477556343 657.368625629
