data/baseflow/mHMbf_acc250.asc
ncols                  80
nrows                 72
xllcorner      4374000.0
yllcorner      5656000.0
cellsize            500
NODATA_value       -9999
[rows 25 to 49 of 72, columns 0 to 54 of 80]
-9999.0 -9999.0 -9999.0 -9999.0 -9999.0 -9999.0 -9999.0 -9999.0 -9999.0 -9999.0 -9999.0 -9999.0 9.9015431025 19.6129331676 8.61741642579 17.1848990414 7.02046230826 56.1463047395 69.0134238821 75.8891290258 6.01140313178 10.8048963904 130.992579783 157.554742 161.790264614 10.8537509571 10.8359545064 13.8425344338 0.80370070365 0.675070911967 1.25832852849 0.987228777648 256.970321482 258.510792941 260.013684432 1370.83841371 3153.63521017 3136.89485355 1.00269172362 0.507806614638 0.468467744186 3.25469218408 2.86303065499 14.4422566677 22.2360618397 46.0187190105 4.33969158457 4.33198505562 38.6828017006 41.5116908565 84.1090380674 85.9145551541 89.2447182739 89.8900854967 0.613133817775
-9999.0 -9999.0 -9999.0 -9999.0 -9999.0 -9999.0 -9999.0 -9999.0 -9999.0 -9999.0 -9999.0 -9999.0 -9999.0 8.85671734306 17.690685891 26.7290197001 41.5521941856 7.7048833967 6.6722791543 66.1557125871 72.0360954372 122.345337619 128.532220465 17.2147901234 5.75758156285 5.41863759046 5.16659099026 250.461772509 252.31430487 253.311924591 253.992596467 255.750369518 21.8758427384 24.5732632201 286.908193044 4813.97695773 10.7082687108 7.47906792879 2.1764691671 0.742497047598 0.450824767932 4.19050350738 4.52274074573 15.2312628293 0.391714454072 46.6774950644 5.8642447089 5.68953078488 0.429771282487 0.283986594404 0.279632864352 0.912867319028 0.314636848447 90.2081841513 1251.24767065
-9999.0 -9999.0 -9999.0 -9999.0 -9999.0 -9999.0 -9999.0 -9999.0 -9999.0 -9999.0 -9999.0 -9999.0 -9999.0 -9999.0 8.15016746806 20.8487808298 33.256308703 46.0234421007 52.8204219908 59.8840120242 19.9501376869 33.1721468295 6.13876010839 5.83363320138 223.991444726 235.337433209 240.548195317 246.31704593 3.81999083092 6.0220191941 17.0494442475 18.3031765373 19.7006953265 3.02149738505 4.2731483679 4826.28505227 3.7906872181 3.99612911217 1.93770056257 4.14060788661 1.90658670863 1.43294088606 20.8654053401 23.2083783736 0.96339844757 48.0591794427 54.2185828704 5.94955244998 1281.10227322 1280.36413026 1279.72571876 1277.37876334 1275.48440941 1255.27913028 1253.71298565
-9999.0 -9999.0 -9999.0 -9999.0 -9999.0 -9999.0 -9999.0 -9999.0 -9999.0 -9999.0 -9999.0 -9999.0 -9999.0 -9999.0 4.12297698898 8.96020515921 12.7572947102 133.807489621 140.722499912 7.06605687879 6.69698373617 6.5942219285 200.315910332 212.716191551 5.93862891469 6.20171342388 4.99815139148 20.7325673124 25.9103857852 11.4346285004 13.7500445725 120.035417485 122.806617184 131.45969628 207.169226898 5036.67114054 4.25315050968 1.66720254081 6.96105169302 5.52410029474 1.46346709877 4.50850124428 6.14430319964 25.0163900773 26.7349263367 83.7378805766 54.8544671674 6.33796256396 1308.1628173 14.4748915875 1278.99266439 1278.2409418 18.414227573 2.2591960042 0.564106970045
-9999.0 -9999.0 -9999.0 -9999.0 -9999.0 -9999.0 -9999.0 -9999.0 -9999.0 -9999.0 -9999.0 -9999.0 -9999.0 -9999.0 20.9040614058 34.3530932926 68.680663479 123.210597394 153.990079055 174.510340269 181.308833821 188.145338806 194.674404417 5.98680303136 5.41691814009 10.6072594941 10.3268397906 5.40083594229 104.522510452 109.566291847 114.363956857 118.642466393 61.0321751087 62.5164877226 69.3508835599 5039.38762753 7.83945841959 5.09517505097 12.9476348014 1.23821686225 4.69825373855 2.83737316352 1.52129678966 8.36127777104 1.37593333457 1.41426593258 1400.12617281 1315.20854141 1313.72085826 5.78615329278 13.9343000928 8.06590672754 1.24643751867 13.146396701 2.61006877295
-9999.0 -9999.0 -9999.0 -9999.0 -9999.0 -9999.0 -9999.0 -9999.0 -9999.0 -9999.0 -9999.0 -9999.0 -9999.0 -9999.0 14.6379854159 14.1245830831 27.8487312731 41.5820108555 10.0135376986 8.28736429169 15.1291877629 21.7820046212 34.3331836239 40.5569948453 46.3010724948 62.7792865804 68.0635127724 73.790539976 5.27454364139 51.9880856965 55.7054750984 57.8175752466 1.10066795202 0.428667672978 0.878370268997 5107.70192155 5110.34034772 5123.15763282 16.7050971208 2.6112701339 6.35462059787 1.49812404879 2.85152652412 9.92766740784 12.5460326218 2.6281960095 1407.49513306 2.93081661453 3.42356058908 3.52115686853 3.72664667412 5.31771632643 2.34408623763 10.0488256893 6.34969314975
-9999.0 -9999.0 -9999.0 -9999.0 -9999.0 -9999.0 -9999.0 -9999.0 -9999.0 -9999.0 -9999.0 -9999.0 -9999.0 -9999.0 -9999.0 13.6335872928 26.6316427509 12.3993832193 25.3071294164 155.354470325 163.870625325 170.25305735 6.17706426276 6.26303491085 12.0096677014 17.6969373433 28.1058350958 33.4237054281 36.7150430415 41.6419483713 3.91600487215 2.64000150621 60.8217766273 61.4287571745 62.6950190276 64.677632024 61.3121438741 5192.99909454 5222.36746553 5223.59325992 5231.04593631 5237.25156168 5241.99805628 1.52573432538 13.9046840226 1409.01200103 3.69977653899 1.89236742444 2.98767542972 2.79334662208 4.53030772235 2.86457724942 1.65370283167 2.34130921171 1.68379266679
-9999.0 -9999.0 -9999.0 -9999.0 -9999.0 -9999.0 -9999.0 -9999.0 -9999.0 -9999.0 -9999.0 -9999.0 -9999.0 -9999.0 -9999.0 -9999.0 39.5261113643 52.5030566941 91.4680464733 117.442537723 12.7460211723 190.543587105 196.633199743 202.503932514 5.9684170665 11.6514304009 5.30743714244 38.9797823146 41.8463347554 46.2836531518 50.5544117161 59.1884727145 60.1541649832 0.628009121386 52.0817288763 56.4664817978 59.2752476442 67.2253548195 10.3402793559 6.36338824441 3.38202999758 3.14309363568 5246.65551888 5249.26066372 5274.70647981 1410.88472043 11.1272142853 5.7501413549 4.22981974625 1.02418773668 10.470968811 4.65673480922 1.49593175062 7.80616267966 6.50918125922
-9999.0 -9999.0 -9999.0 -9999.0 -9999.0 -9999.0 -9999.0 -9999.0 -9999.0 -9999.0 -9999.0 -9999.0 -9999.0 -9999.0 -9999.0 -9999.0 13.5919690121 65.7781780934 79.2891524734 12.8657125864 6.72575771024 13.8563471109 20.3889819124 229.078790033 5.89763001404 23.6777870168 29.1846578071 34.476921813 2.91484577274 6.98954875454 8.36807917492 41.0312808348 44.9147230354 47.1088989484 2.20154118781 1.74499634777 1.64552024994 3.02303214631 1.13680702796 1.19485584885 2.34323295815 1.73400536232 2.40506374518 9.50904229677 5277.5076866 6695.76908317 13.4327049263 1.85441686899 1.22766448024 29.9391995479 27.7142203957 15.5287669701 13.6987670623 9.82502928709 2.34074872635
-9999.0 -9999.0 -9999.0 -9999.0 -9999.0 -9999.0 -9999.0 -9999.0 -9999.0 -9999.0 -9999.0 -9999.0 -9999.0 -9999.0 -9999.0 12.0820887649 38.1201321833 12.5064626601 10.2329719158 7.56232965508 14.3579736534 20.9233623165 29.0707971316 269.718462064 275.44350113 5.88809320934 11.4381976291 17.0535548177 20.7605592815 23.9148068789 33.2049951661 38.9504593411 0.97054108674 1.62872843461 1.70049546054 2.54509723474 2.31202472053 2.41708222547 2.00784126429 2.25764294183 11.033048576 5.5116043121 3.94102581229 3.91202152795 2.63934616339 4.86236721112 6801.44525592 90.7643082094 38.7410778434 5.6443126001 2.67273685423 1.91029176893 5.26388705768 3.12717657058 1.38142432244
-9999.0 -9999.0 -9999.0 -9999.0 -9999.0 -9999.0 -9999.0 -9999.0 -9999.0 -9999.0 -9999.0 -9999.0 -9999.0 -9999.0 12.8375748963 24.5385660139 87.2084514462 12.2269661767 23.3796861995 30.645854482 37.4152808994 7.07150956583 13.269226717 23.8667970984 310.243039183 5.58809341577 10.844162926 16.0951071861 4.98102328146 9.53853563777 10.3387295959 14.5802303144 491.756130464 495.894530424 500.225139453 521.939432142 528.915540436 545.465417292 4.15319801617 8.6848446277 13.1751266055 599.597731562 606.006081417 3.6208799194 5.48247812439 7.34145507371 6804.78994656 87.8178291489 41.8037346687 38.7295506173 34.2126989368 30.9692467424 6.97551035289 1.988140223 3.04047659549
-9999.0 -9999.0 -9999.0 -9999.0 -9999.0 -9999.0 -9999.0 -9999.0 -9999.0 -9999.0 -9999.0 -9999.0 -9999.0 -9999.0 13.096695083 39.5035562764 139.662192267 207.245894244 11.2133730176 271.6927628 321.194010702 6.57979828302 12.6956251989 22.0460578561 376.44186304 385.902201523 5.16866946013 26.4357420645 31.2959482237 34.3572202302 467.144320335 471.263538909 476.067253943 2.66656913221 15.3900211467 18.340638468 8.61677732253 12.3881528376 563.375760925 577.880366179 581.153260658 584.283242112 610.322544419 2.11762293204 1.94304541089 11.227715024 6808.47971102 4.0787545642 0.628662872058 1.87122289323 0.788754747244 26.6194648335 25.4858416607 15.3099918191 10.2302730165
-9999.0 -9999.0 -9999.0 -9999.0 -9999.0 -9999.0 -9999.0 -9999.0 -9999.0 -9999.0 -9999.0 -9999.0 -9999.0 -9999.0 -9999.0 -9999.0 27.604109101 55.5306853229 245.883783734 259.525854377 333.318798672 345.726320707 6.56292592325 13.1191971976 33.4484058079 396.981127944 408.744791035 413.376570731 4.0075527726 427.668158548 431.576255146 2.87080216589 2.70227536003 5.24071511379 10.3295492885 2.5485054244 5.22886416492 11.9305092387 15.0438874297 2.88634582247 2.07217926077 4.17292501203 624.249201984 628.174460062 629.91956054 645.623639003 6811.70480506 3.05993316889 0.352711662681 0.463624942612 0.456055850738 0.476670634443 0.403717304843 0.723717117734 2.09603568893
-9999.0 -9999.0 -9999.0 -9999.0 -9999.0 -9999.0 -9999.0 -9999.0 -9999.0 -9999.0 -9999.0 -9999.0 -9999.0 -9999.0 -9999.0 -9999.0 14.4396400953 14.1208344068 13.8026804014 27.3356857226 12.1419199573 369.879667849 381.419870543 7.28430970394 13.3890696269 6.25211200979 5.49616972041 5.3614072505 420.965847062 1.00683946832 2.12089662356 1.91435789134 2.81517451345 2.54985141198 2.12814699007 2.20300939046 6.80600174093 9.31071931648 1.93161765553 1.72076152383 3.70424354543 6.10654660504 7.39019299117 1.70413294951 632.17894889 647.542311052 6814.38530554 6.87705982194 0.770374621228 0.212174486145 0.611427467143 0.162163629228 0.117302951976 0.860680945851 9.39367801626
-9999.0 -9999.0 -9999.0 -9999.0 -9999.0 -9999.0 -9999.0 -9999.0 -9999.0 -9999.0 -9999.0 -9999.0 -9999.0 -9999.0 -9999.0 -9999.0 -9999.0 -9999.0 13.9947681241 40.1209334118 51.4419914655 63.2690500023 393.004057492 404.375071592 415.642996483 426.396819395 431.64476209 442.428019212 443.496524028 444.353259038 445.504476239 2.4473308371 2.37338946032 2.49033081083 9.12284787298 2.41873696731 2.36325556003 1.92699290696 5.70999028719 2.20738871583 1.7790765204 1.66317615325 1.39789408247 2.7902124532 4.11698283897 656.251680566 7480.05793434 3.01468951812 6.0166026147 0.14171590192 0.797320867583 0.383119499416 0.236250705563 17.5108683418 15.2088778711
-9999.0 -9999.0 -9999.0 -9999.0 -9999.0 -9999.0 -9999.0 -9999.0 -9999.0 -9999.0 -9999.0 -9999.0 -9999.0 -9999.0 -9999.0 -9999.0 -9999.0 -9999.0 -9999.0 11.7986287487 93.2779000667 182.001684092 194.373022632 12.269624354 19.7553132862 25.8343752419 31.2274932265 65.3777054384 67.6410601721 2.2965260491 2.27835788562 450.665794936 455.423763472 457.673512307 11.0398295953 1.79125906463 4.37750812148 6.41825883591 19.0614275134 23.3132065888 26.7759189417 3.20363791282 4.50879973872 1.53449510702 3.05697806807 1.57216217795 7483.12490296 2.87199369462 11.450494062 3.03641255253 4.79712702428 15.5462359922 17.2421350729 36.2492215252 12.4879011044
-9999.0 -9999.0 -9999.0 -9999.0 -9999.0 -9999.0 -9999.0 -9999.0 -9999.0 -9999.0 -9999.0 -9999.0 -9999.0 -9999.0 -9999.0 -9999.0 -9999.0 -9999.0 13.1046925881 41.6573875904 81.6617447039 106.793945127 271.543891932 284.153537106 12.724077435 18.7260456613 24.0588557932 29.2997825712 68.9415058882 73.0861723157 118.123558855 121.513767226 123.658841788 459.997748526 477.357360449 4.20480425909 2.70979401036 2.59988454012 5.05599127771 2.33999174656 31.2530415818 32.933614909 5.96876359044 7.16338074398 1.24130085744 2141.62911235 2144.90017941 9630.54415225 9645.78624558 2.81837335673 10.6884699714 3.39443355095 2.81083091297 40.3914025678 54.4831882057
-9999.0 -9999.0 -9999.0 -9999.0 -9999.0 -9999.0 -9999.0 -9999.0 -9999.0 -9999.0 -9999.0 -9999.0 -9999.0 -9999.0 -9999.0 -9999.0 -9999.0 -9999.0 -9999.0 14.8606351344 14.4839237958 27.4249688838 65.3912493875 296.190019938 6.54436973723 6.4555117049 11.8454576261 17.3477831836 38.0956025073 39.8290039515 1.35092619228 2.35451608228 126.619480664 129.130030645 608.507798194 610.337390664 1.70574690873 1.54674067301 1.36368433569 1.37495134812 1.42031181837 2113.41726441 2123.27640614 2131.69707173 2134.10126078 2140.43653092 1.7690850476 6.53222823719 8.28138037613 9658.61235191 9660.69589344 9663.61458929 9664.92938203 9665.9668606 55.8618922411
-9999.0 -9999.0 -9999.0 -9999.0 -9999.0 -9999.0 -9999.0 -9999.0 -9999.0 -9999.0 -9999.0 -9999.0 -9999.0 -9999.0 -9999.0 -9999.0 -9999.0 -9999.0 -9999.0 -9999.0 13.3191741137 13.9159481568 25.9784068344 347.080269092 359.064571181 6.3217348615 11.7424009978 17.3669093447 19.4298364923 1.5537525659 4.03546920992 670.492296549 673.02597802 675.042522806 692.123717263 1304.3616349 2048.85392755 2052.74176544 2056.39290848 2059.91070618 2074.26385492 2078.77511075 8.4200258263 3.81287025282 2.2532356728 4.25467644737 3.222911229 5.11037264334 1.65375792434 35.5268611374 42.4077425963 48.2522261434 49.2990639827 9666.99907314 9724.19346914
-9999.0 -9999.0 -9999.0 -9999.0 -9999.0 -9999.0 -9999.0 -9999.0 -9999.0 -9999.0 -9999.0 -9999.0 -9999.0 -9999.0 -9999.0 -9999.0 -9999.0 -9999.0 -9999.0 -9999.0 -9999.0 13.5780889579 26.1482577111 38.7796510966 369.668850762 9.75976033089 492.447277706 498.28903191 499.812730478 502.248220084 660.09003415 663.462925082 2.7572397509 12.8526139227 15.5456091894 2.88938402389 740.600523769 735.272662512 1.87433898031 4.29715736265 11.1979183749 2.4022994735 2.52213203158 1.91932162673 1.64710369435 1.30791860921 1.51468917052 30.2293944203 31.8283830645 33.7422540841 4.68955255172 3.59385913774 51.7787408732 53.5159145858 54.3223218385
-9999.0 -9999.0 -9999.0 -9999.0 -9999.0 -9999.0 -9999.0 -9999.0 -9999.0 -9999.0 -9999.0 -9999.0 -9999.0 -9999.0 -9999.0 -9999.0 -9999.0 -9999.0 -9999.0 -9999.0 -9999.0 12.4402855647 11.7717139714 60.8903465687 454.883769286 476.577129897 487.104104082 5.95167866538 153.439694307 154.757083926 155.764546946 2.78435620535 5.8917985506 8.66393861537 173.187747013 175.448579286 177.512246816 731.334778499 464.451550677 2.39783514687 2.36356147124 2.24563323282 1.81010462463 18.0541338618 21.7500868135 25.0196503381 26.8405938047 28.5975590568 157.953318699 159.286509761 160.498794842 163.213678308 178.177149685 179.119184207 234.510438454
-9999.0 -9999.0 -9999.0 -9999.0 -9999.0 -9999.0 -9999.0 -9999.0 -9999.0 -9999.0 -9999.0 -9999.0 -9999.0 -9999.0 -9999.0 -9999.0 -9999.0 -9999.0 -9999.0 -9999.0 -9999.0 -9999.0 24.4655704404 37.3628758632 12.9252073267 6.51696467973 135.317232131 141.40337251 145.180365561 37.6884702906 38.7148667915 40.0652433441 42.6959882643 168.166187985 171.119381581 82.4571564259 262.464932991 264.812448289 462.514484888 4.6332697356 2.31008944234 1.70300992249 12.3464024606 14.4868112674 1.35774024234 1.26107087973 151.704561243 154.963620202 156.682265798 1.3735715945 1.96765497223 175.721266157 1.67525185463 6.78070909918 7.59073490156
-9999.0 -9999.0 -9999.0 -9999.0 -9999.0 -9999.0 -9999.0 -9999.0 -9999.0 -9999.0 -9999.0 -9999.0 -9999.0 -9999.0 -9999.0 -9999.0 -9999.0 -9999.0 -9999.0 -9999.0 -9999.0 -9999.0 12.3212860159 24.3836244684 100.883768641 113.620502565 122.938391319 31.7236599946 36.6473760757 1.20912825461 120.352800522 121.426936159 122.663814901 2.07609947821 76.9267035505 79.9767474755 2.40886575223 450.534055899 5.10829603064 2.53073376563 6.56217955475 8.87958567816 1.80037121403 1.49664096839 135.878116721 148.649276943 150.607833084 1.88100152482 4.10659531409 5.16604078465 6.02366800598 11.7053946972 2.47757293288 5.52239401694 1.18852139521
-9999.0 -9999.0 -9999.0 -9999.0 -9999.0 -9999.0 -9999.0 -9999.0 -9999.0 -9999.0 -9999.0 -9999.0 -9999.0 -9999.0 -9999.0 -9999.0 -9999.0 -9999.0 -9999.0 -9999.0 -9999.0 -9999.0 12.203539247 37.9831011847 64.7544473129 12.7176388136 19.2167481534 25.8478460105 115.016400129 116.94335622 118.11275256 0.981333492015 66.9759877431 70.5381457372 72.3279525218 0.9586391496 440.379145122 445.81080693 2.55838120683 2.36009048368 4.70268044604 1.95859771498 126.0320783 129.611090974 131.677221173 7.90275975857 9.7598248073 1.6211725193 2.93066339817 1.32087140294 8.96626744238 1.3958373509 1.36675703789 1.47559799089 1.54030619142
-9999.0 -9999.0 -9999.0 -9999.0 -9999.0 -9999.0 -9999.0 -9999.0 -9999.0 -9999.0 -9999.0 -9999.0 -9999.0 -9999.0 -9999.0 -9999.0 -9999.0 -9999.0 -9999.0 -9999.0 -9999.0 -9999.0 -9999.0 13.0696369302 13.7510761828 11.0704785947 83.6597688837 90.1357243211 109.156398292 2.92605240725 62.2287231891 65.1268876389 1.17116697055 2.56560149881 0.948697105994 436.173428701 1.41761983227 5.24445749897 6.99893694801 8.62529839128 115.203023001 120.357592223 122.589008845 2.24412945453 4.20062077656 5.97692852029 1.12738654785 1.00982906463 395.049065605 396.095975399 396.969803725 405.652654919 406.818707004 408.452775942 409.707509997
