data/baseflow/mHMbf_acc395.asc
ncols                  80
nrows                 72
xllcorner      4374000.0
yllcorner      5656000.0
cellsize            500
NODATA_value       -9999
[rows 0 to 24 of 72, columns 0 to 54 of 80]
-9999.0 -9999.0 -9999.0 -9999.0 -9999.0 -9999.0 -9999.0 -9999.0 -9999.0 -9999.0 -9999.0 -9999.0 25.9363125464 21.8585040375 -9999.0 -9999.0 -9999.0 -9999.0 -9999.0 -9999.0 -9999.0 -9999.0 -9999.0 -9999.0 -9999.0 -9999.0 -9999.0 -9999.0 -9999.0 -9999.0 -9999.0 -9999.0 -9999.0 -9999.0 -9999.0 -9999.0 -9999.0 -9999.0 -9999.0 -9999.0 -9999.0 -9999.0 -9999.0 -9999.0 -9999.0 -9999.0 -9999.0 -9999.0 -9999.0 -9999.0 -9999.0 -9999.0 -9999.0 -9999.0 -9999.0
-9999.0 -9999.0 -9999.0 -9999.0 -9999.0 -9999.0 -9999.0 -9999.0 -9999.0 -9999.0 -9999.0 -9999.0 52.7930352464 116.737974368 18.9410946089 -9999.0 15.7192121547 -9999.0 -9999.0 -9999.0 -9999.0 -9999.0 -9999.0 -9999.0 -9999.0 -9999.0 -9999.0 -9999.0 -9999.0 -9999.0 -9999.0 -9999.0 -9999.0 -9999.0 -9999.0 -9999.0 -9999.0 -9999.0 -9999.0 -9999.0 -9999.0 -9999.0 -9999.0 -9999.0 -9999.0 -9999.0 -9999.0 -9999.0 -9999.0 -9999.0 -9999.0 -9999.0 -9999.0 -9999.0 -9999.0
-9999.0 -9999.0 -9999.0 -9999.0 -9999.0 -9999.0 -9999.0 -9999.0 -9999.0 -9999.0 25.6455061315 24.5852379044 25.7462317294 25.3856527194 164.350431095 183.990880748 44.2308007415 14.1621663454 -9999.0 -9999.0 -9999.0 -9999.0 -9999.0 -9999.0 -9999.0 -9999.0 -9999.0 -9999.0 -9999.0 -9999.0 -9999.0 -9999.0 -9999.0 -9999.0 -9999.0 -9999.0 -9999.0 -9999.0 -9999.0 -9999.0 -9999.0 -9999.0 -9999.0 -9999.0 -9999.0 -9999.0 -9999.0 -9999.0 -9999.0 -9999.0 -9999.0 -9999.0 -9999.0 -9999.0 -9999.0
-9999.0 -9999.0 -9999.0 -9999.0 -9999.0 -9999.0 -9999.0 -9999.0 -9999.0 24.5836008913 50.1731455502 99.715882211 49.5210931894 24.0400412511 47.3443097807 206.423867605 284.83712405 16.4236200707 -9999.0 24.7514786264 -9999.0 -9999.0 -9999.0 -9999.0 30.7582415269 15.5715304911 -9999.0 -9999.0 -9999.0 -9999.0 -9999.0 -9999.0 -9999.0 -9999.0 -9999.0 -9999.0 -9999.0 -9999.0 -9999.0 -9999.0 -9999.0 -9999.0 -9999.0 -9999.0 -9999.0 -9999.0 -9999.0 -9999.0 -9999.0 -9999.0 -9999.0 -9999.0 -9999.0 -9999.0 -9999.0
-9999.0 -9999.0 -9999.0 -9999.0 -9999.0 -9999.0 -9999.0 -9999.0 28.0020601364 78.933468904 102.881646254 126.962218036 172.781260139 22.677731325 91.7977432986 113.722312543 437.014692884 19.9485872402 20.0022343666 46.4206884145 67.622526539 22.2154681563 -9999.0 81.6644645981 66.8501372957 18.7549234582 -9999.0 -9999.0 -9999.0 -9999.0 -9999.0 -9999.0 -9999.0 -9999.0 -9999.0 -9999.0 -9999.0 -9999.0 -9999.0 -9999.0 -9999.0 -9999.0 -9999.0 -9999.0 -9999.0 -9999.0 -9999.0 -9999.0 -9999.0 -9999.0 -9999.0 -9999.0 -9999.0 -9999.0 -9999.0
-9999.0 -9999.0 -9999.0 -9999.0 -9999.0 -9999.0 27.9981640973 25.4621448566 24.6570201712 25.1501838938 25.5163761994 178.410450074 375.829272546 399.988330415 420.565242733 20.2814168426 477.781616603 498.152098963 41.3008968959 21.4589423389 88.3877628523 153.984315565 20.9100409772 145.035557868 22.1574822944 21.7176781936 22.8396959739 -9999.0 -9999.0 -9999.0 -9999.0 -9999.0 -9999.0 -9999.0 -9999.0 -9999.0 -9999.0 -9999.0 -9999.0 -9999.0 -9999.0 -9999.0 -9999.0 -9999.0 -9999.0 -9999.0 -9999.0 -9999.0 -9999.0 -9999.0 -9999.0 -9999.0 -9999.0 -9999.0 -9999.0
-9999.0 -9999.0 -9999.0 -9999.0 -9999.0 -9999.0 56.1409001283 82.7532510423 186.656203222 259.928487279 22.7082917365 23.7208089164 22.8378158628 66.8347998479 507.864945976 19.0111617272 517.688054144 596.475164719 61.1393823546 40.7944183385 173.79446282 21.6510572081 166.110633071 41.5827022345 20.8269784677 41.8453298416 45.4813824081 23.1615997683 23.7230892687 23.0319078263 24.6846247218 49.3843418369 -9999.0 -9999.0 -9999.0 -9999.0 -9999.0 -9999.0 -9999.0 -9999.0 -9999.0 -9999.0 -9999.0 -9999.0 -9999.0 -9999.0 -9999.0 -9999.0 -9999.0 -9999.0 -9999.0 -9999.0 -9999.0 -9999.0 -9999.0
-9999.0 -9999.0 -9999.0 -9999.0 -9999.0 30.0805924935 58.536748269 28.1898408093 54.6309517826 286.819599269 335.315789121 383.612450508 1239.0854103 22.254047682 529.766319593 1944.07884395 1960.02730566 2583.43946577 17.1567021393 60.112067445 193.711639876 19.6808220828 400.301599662 213.753984152 129.951088869 108.893779449 22.3836810083 68.8356534627 68.9791899893 45.9001935672 22.3082761821 72.4348786651 22.0876674084 21.6669550025 -9999.0 -9999.0 -9999.0 -9999.0 -9999.0 -9999.0 -9999.0 -9999.0 -9999.0 -9999.0 -9999.0 -9999.0 -9999.0 -9999.0 -9999.0 -9999.0 -9999.0 -9999.0 -9999.0 -9999.0 -9999.0
-9999.0 -9999.0 -9999.0 -9999.0 -9999.0 30.2566506666 88.520521766 175.902938233 203.137207841 402.331320976 428.141456619 508.614200423 833.684520034 1306.43717704 1353.27385533 1374.96260012 40.2334367672 2654.95376776 2691.00695878 2792.60629362 3467.86006843 461.978221917 422.091929981 151.387216402 20.9502215612 131.456805142 89.5643038905 19.838884173 89.8980501697 20.8011708705 42.5431518907 115.386219827 137.162783514 43.0404264365 21.3125987065 20.9205234917 -9999.0 -9999.0 -9999.0 -9999.0 16.3875922551 14.0401896558 -9999.0 -9999.0 -9999.0 -9999.0 -9999.0 -9999.0 -9999.0 -9999.0 -9999.0 -9999.0 -9999.0 -9999.0 -9999.0
-9999.0 -9999.0 -9999.0 -9999.0 -9999.0 29.5661375816 28.432934541 116.667046798 144.284478164 172.632079038 27.272020141 54.0815809918 306.279470597 53.8946002953 25.7418288483 23.4136638314 21.2156957493 23.5058092487 22.2529713979 23.1952657072 3488.84901797 3549.73246655 19.7952691169 61.0713288552 41.6818058012 151.361425392 40.0731684509 19.2258593056 111.184432476 41.1164849323 98.2386289047 241.815524937 222.774143046 64.103902921 62.9693655341 21.6670467961 21.6137060255 -9999.0 -9999.0 21.6587532372 36.3111796885 79.9572207476 14.9576440922 -9999.0 -9999.0 -9999.0 -9999.0 -9999.0 -9999.0 -9999.0 -9999.0 -9999.0 -9999.0 -9999.0 -9999.0
-9999.0 -9999.0 -9999.0 -9999.0 -9999.0 -9999.0 30.307536041 30.0476428562 58.4718971928 87.0029489055 198.280434671 253.641113085 281.24635827 27.793662131 23.1117056702 306.890593801 376.771968776 398.700971401 491.103176799 512.206676165 21.2198646821 3571.17521186 3672.70377646 80.6152024852 16.9372450168 169.916009303 377.597605473 149.424049719 38.7356273034 19.503941278 379.934572837 262.270148136 19.697415384 19.3411293226 82.9096038619 64.1519162067 20.8871060549 19.9521860232 21.5766137468 42.7438939803 20.9346261205 97.6811293157 118.152766223 19.1607895834 -9999.0 -9999.0 -9999.0 -9999.0 21.7110433488 20.6264759857 6.17678736305 -9999.0 -9999.0 -9999.0 -9999.0
-9999.0 -9999.0 -9999.0 -9999.0 -9999.0 -9999.0 -9999.0 29.7352614866 27.0074128789 55.9983381965 84.5383261442 27.8712776747 25.2947055397 159.777861355 210.103298346 261.532534441 24.2817526309 47.8353182306 23.8376204638 534.217724764 1186.23641369 1202.70276894 4914.88360323 20.3452676087 49.2941667011 15.6152965496 395.91109748 19.1767089668 58.5483864192 19.0843683987 399.370817344 418.797976633 39.4744737762 38.6463644717 210.198321007 106.169402062 40.7692896958 20.8745887534 42.9961018185 63.8597054052 104.836979901 19.9516132352 156.463310459 175.116123214 17.438867916 18.5039928293 18.9356904763 17.6787723333 17.0018998736 60.4341844382 23.9864746349 15.942714157 -9999.0 -9999.0 -9999.0
-9999.0 -9999.0 -9999.0 -9999.0 -9999.0 -9999.0 -9999.0 -9999.0 56.6931744901 82.6779352474 27.8287812608 56.4214939405 83.0903523383 136.053618965 27.1592727399 26.3051705902 23.1860884424 23.4295800696 21.4891309513 607.163531259 24.4056462619 47.7048479649 4982.38060574 5033.40230607 23.9379182882 96.9029951222 512.514960683 38.1830126811 76.1943785693 35.7055598128 52.8039955844 494.273518745 57.7296311594 305.210733416 248.855829648 19.5139456207 102.729981713 41.6887832323 63.2592906947 19.9860667571 124.507268241 163.519917064 180.93917263 197.699092576 243.122368794 34.303442644 35.4013524183 33.2605798654 31.7520614537 76.3836069311 15.6023724923 56.0345208567 70.3519833835 -9999.0 -9999.0
-9999.0 -9999.0 -9999.0 -9999.0 -9999.0 -9999.0 -9999.0 -9999.0 29.445979368 141.067091643 168.287599304 27.2448509812 53.567578964 26.2831446165 24.5669293821 24.1568332158 303.600807456 404.525351823 497.357299341 589.605816714 23.0409828773 23.757227871 26.3587483552 5140.77052768 5194.59620575 5218.37048619 691.564760456 154.214276473 132.684725858 16.4831881891 69.4533549036 581.140905974 17.3466348417 322.808268725 19.4249666465 133.430840758 123.922745225 20.4582137475 83.4704373705 40.0241407213 59.8838260976 18.8248898744 16.5274237025 214.302869292 230.037966539 258.82025044 51.7781876373 49.0696641763 47.1078272566 92.959354083 124.598683138 15.7853784999 85.1812875775 15.8649517177 29.966647927
-9999.0 -9999.0 -9999.0 -9999.0 -9999.0 -9999.0 -9999.0 -9999.0 -9999.0 29.9666328769 196.840807874 223.951267405 80.3098658899 132.997717425 182.73647224 208.006816373 25.8174564047 77.6892715983 51.4635911229 26.2398757437 25.7765661849 23.6126429049 47.8176843181 81.4825130799 29.375511888 5963.03905199 5987.42381288 23.2780552687 17.1739435952 33.7762994505 50.6139896266 632.200885514 34.1467680975 338.532920287 208.527032606 171.222231385 19.9661435403 39.8472202692 102.408429038 18.9363456265 78.437261674 37.0544480351 29.5766698925 13.6849146824 273.351046806 546.495297105 65.2033740514 62.6550885062 61.3011772125 13.8932469326 138.368491381 13.3602210915 114.339062154 14.4240899402 44.5453772305
-9999.0 -9999.0 -9999.0 -9999.0 -9999.0 -9999.0 -9999.0 -9999.0 -9999.0 -9999.0 26.9648088712 278.121970569 26.5610539993 52.7790826342 77.1917110973 125.723915677 24.8723886765 51.6174895232 25.3696968825 23.9317261278 22.7570298953 45.0547074546 20.7814634787 24.8670762681 50.7701397152 27.6587485026 6011.97311717 6058.82149064 6124.690631 70.1231474473 17.5198210216 34.9398399655 650.768703819 636.329195865 246.86721772 18.9436768767 78.8988807129 59.229818012 121.402187996 37.7938312065 153.095079919 55.5405756882 45.98138589 12.1634139758 14.3886059623 563.61001525 579.427083043 721.460490622 104.890361696 28.7350759395 153.384085167 181.385601481 308.785498917 28.514631407 13.0821980475
-9999.0 -9999.0 -9999.0 -9999.0 -9999.0 -9999.0 -9999.0 -9999.0 -9999.0 -9999.0 -9999.0 14.9195246869 310.692980357 25.5507991938 49.9825929834 224.739434555 25.1662479648 24.9532271664 22.100116775 47.0320564419 23.6184436486 91.8536671907 133.558022123 152.994516985 70.5832710657 91.6617480423 23.7021620546 27.0964125249 25.9074726325 6235.78986127 6289.71916685 667.660399865 670.046260883 653.272276512 34.585467512 16.6260083637 97.01927906 255.102690852 139.999230932 56.0927291319 227.477270088 101.820697193 84.3918033899 24.18480236 11.2866360981 10.5828606689 11.613130938 775.736253473 927.463970807 14.4517427577 12.9758754265 13.8558152616 322.400459208 363.876257292 24.2739175277
-9999.0 -9999.0 -9999.0 -9999.0 -9999.0 -9999.0 -9999.0 -9999.0 -9999.0 -9999.0 -9999.0 13.9095630134 344.682570459 425.014264498 24.6203569458 273.699939453 23.3610238477 22.2934596516 44.8384528253 115.093853895 22.8618803998 24.0351451004 20.7850877541 194.177778853 213.979390515 326.423469605 370.245500868 392.72110415 415.854160428 439.711110575 6753.21601278 7463.27749949 8173.45754304 8192.18384468 18.3332098895 17.0292954949 291.555917999 273.464138896 18.225924402 18.4997428549 245.812880206 366.510709987 15.9092992045 196.332859019 182.078913281 52.7916270706 24.7965805523 39.5593030839 17.5842797804 958.541686479 15.6241134231 41.7013403057 54.8178750118 459.303178744 493.571376048
-9999.0 -9999.0 -9999.0 -9999.0 -9999.0 -9999.0 -9999.0 -9999.0 -9999.0 -9999.0 -9999.0 29.0560415713 55.7626294831 451.202211737 499.013194769 23.9967997476 317.693382669 20.8496729559 63.8083552481 136.585707671 44.6813468755 21.708632686 43.8000303011 18.7944396124 36.4534840656 18.174032323 17.056142113 15.2174385218 14.4724934891 15.0996983263 16.1585320438 19.7635115486 22.4320621531 25.6774018359 8257.30770737 368.033265524 331.870628611 19.0899356091 53.7213534144 14.7879781272 12.1654959061 384.019410763 634.880835495 216.228034329 158.56962918 29.9511982172 13.1947498817 12.4210247533 27.5165737231 1002.07123259 1032.35675539 15.5872673958 15.6028482169 14.1144738326 11.2862894991
-9999.0 -9999.0 -9999.0 -9999.0 -9999.0 -9999.0 -9999.0 -9999.0 -9999.0 -9999.0 -9999.0 -9999.0 25.5308116416 344.957837423 869.212079253 945.094121171 1285.04695582 1305.29509278 308.43328659 225.49401341 66.8114941258 21.3693858559 86.1227612018 106.382753749 161.489579808 37.3936544633 34.8593534257 33.4486546623 65.6839244323 32.4477535167 33.0649803498 15.5970046375 13.7624862577 15.6949491311 8278.59943443 8657.20318998 8678.18886573 20.0366107577 156.463997451 63.4491805249 18.7899059755 694.333054798 42.0059018547 21.5190594795 87.44279311 19.1062911984 16.4405838707 31.7628135463 45.9633002743 61.3682946256 1059.4267851 13.0718987086 11.6939250318 11.7418139995 9.82276055181
-9999.0 -9999.0 -9999.0 -9999.0 -9999.0 -9999.0 -9999.0 -9999.0 -9999.0 -9999.0 -9999.0 28.053361049 263.260984452 318.913128054 52.0821502084 16.1223703477 37.4475955873 1365.81000966 1386.13554585 1714.49460054 20.1091115388 41.2438970731 18.6840807158 19.0053283673 180.369354251 236.579830258 288.457908466 16.7933961971 82.5613859634 131.478358131 80.7122952932 31.8568184228 27.8799381571 27.8891314043 29.6008341755 17.0262129427 8697.29724308 8714.78463782 8906.04516589 33.1152945008 17.0288026983 709.261095812 43.4405740313 22.1512351348 23.329721685 23.173911272 21.4694596755 38.9150748624 113.02270648 190.821435566 1263.90568146 10.95977955 32.3283187501 21.7044700021 18.9628822179
-9999.0 -9999.0 -9999.0 -9999.0 -9999.0 -9999.0 -9999.0 -9999.0 -9999.0 -9999.0 -9999.0 28.6543835085 182.131313113 28.3955770008 25.5548542836 132.560807019 156.270558969 180.010389253 202.203578839 2345.26696715 2364.59391328 2403.68377355 2701.03354057 2760.20432618 2795.77262257 2815.53032472 3149.70185277 3197.00337203 3215.58766517 3366.54308401 3466.50827509 3482.88509207 3542.61815208 43.2892258925 42.6282464586 13.3273301683 14.0867192558 8732.1399758 8974.87539527 51.0470517381 822.314435275 806.831802494 83.2872622181 20.124054289 20.3924443476 19.7622341954 19.7008373236 39.755465956 57.7754624172 17.7493238865 1277.05568625 1290.77852227 1357.05850846 1368.93424758 1399.08405777
-9999.0 -9999.0 -9999.0 -9999.0 -9999.0 -9999.0 -9999.0 -9999.0 -9999.0 -9999.0 -9999.0 93.6603532625 123.890532263 57.8626006642 85.3918467502 27.21396723 310.357103484 335.285865865 384.760414609 406.347608085 165.338167319 2601.73189992 2621.90603593 20.4098493967 16.1218754853 15.3389632732 32.2705841172 16.1364017079 13.738991477 12.7529557506 13.0863885601 3499.50126938 3559.86147908 3620.04059035 3677.2953105 3731.12584551 26.4812015178 10.915748519 9847.2474848 854.743881372 839.066486839 17.9789071006 16.8805020178 15.9285334682 36.6205297582 35.9933893889 16.6048852844 16.6947405612 15.2020410931 32.4347475909 44.5872169887 10.5559632753 19.5250491131 7.90731512109 5.85072810042
-9999.0 -9999.0 -9999.0 -9999.0 -9999.0 -9999.0 -9999.0 -9999.0 -9999.0 -9999.0 -9999.0 -9999.0 63.2290359132 29.7629206118 27.7983259497 260.549310356 286.215289011 25.6003394091 101.087110822 124.674162246 146.148155161 23.4301489205 19.8726020109 421.980426591 439.24588772 455.889469218 1179.48273679 1193.62113667 1220.06968225 1337.50208495 1413.85513146 1425.63084327 11.2751047715 11.9032140892 11.0958787501 3757.86079762 12.5006940946 10016.6117536 9994.09703258 131.24008163 113.457219037 68.0726543413 16.9737959442 31.3869340146 52.6543644751 52.2183185927 32.4779789449 15.9413182985 30.9262731938 30.0118694715 57.6539322827 8.56166114823 28.5712396676 48.4163876823 61.4312363135
-9999.0 -9999.0 -9999.0 -9999.0 -9999.0 -9999.0 -9999.0 -9999.0 -9999.0 -9999.0 -9999.0 -9999.0 32.4374448099 91.4725068488 119.822595156 205.990117165 25.989774004 52.4334708692 77.5593876172 298.179341319 319.720848105 338.379752113 360.191692113 383.654751884 603.087364958 671.185954363 709.14344562 16.342706418 89.9699142874 105.508218004 1377.27704558 1439.82950883 1466.9811009 1494.56434896 1520.23715269 5291.85919687 13.0237967749 10072.6692637 28.5835305321 13.5608858612 96.6746899581 82.139414957 12.4447299809 45.3395673699 66.5961811557 65.8380299731 45.4334364532 74.6101719863 117.543248583 42.797407529 112.467687335 10.5196913464 16.1048034586 6.63204978036 5.71385039417
