data/baseflow/mHMbf_acc373.asc
ncols                  80
nrows                 72
xllcorner      4374000.0
yllcorner      5656000.0
cellsize            500
NODATA_value       -9999
[rows 0 to 24 of 72, columns 0 to 54 of 80]
-9999.0 -9999.0 -9999.0 -9999.0 -9999.0 -9999.0 -9999.0 -9999.0 -9999.0 -9999.0 -9999.0 -9999.0 24.0076836457 19.0834111014 -9999.0 -9999.0 -9999.0 -9999.0 -9999.0 -9999.0 -9999.0 -9999.0 -9999.0 -9999.0 -9999.0 -9999.0 -9999.0 -9999.0 -9999.0 -9999.0 -9999.0 -9999.0 -9999.0 -9999.0 -9999.0 -9999.0 -9999.0 -9999.0 -9999.0 -9999.0 -9999.0 -9999.0 -9999.0 -9999.0 -9999.0 -9999.0 -9999.0 -9999.0 -9999.0 -9999.0 -9999.0 -9999.0 -9999.0 -9999.0 -9999.0
-9999.0 -9999.0 -9999.0 -9999.0 -9999.0 -9999.0 -9999.0 -9999.0 -9999.0 -9999.0 -9999.0 -9999.0 49.2343459769 105.123490201 16.3647031847 -9999.0 13.3291329342 -9999.0 -9999.0 -9999.0 -9999.0 -9999.0 -9999.0 -9999.0 -9999.0 -9999.0 -9999.0 -9999.0 -9999.0 -9999.0 -9999.0 -9999.0 -9999.0 -9999.0 -9999.0 -9999.0 -9999.0 -9999.0 -9999.0 -9999.0 -9999.0 -9999.0 -9999.0 -9999.0 -9999.0 -9999.0 -9999.0 -9999.0 -9999.0 -9999.0 -9999.0 -9999.0 -9999.0 -9999.0 -9999.0
-9999.0 -9999.0 -9999.0 -9999.0 -9999.0 -9999.0 -9999.0 -9999.0 -9999.0 -9999.0 25.2197448468 24.2928122903 24.7853346619 23.8660279671 150.897047597 168.257822396 37.0840894482 11.7935261405 -9999.0 -9999.0 -9999.0 -9999.0 -9999.0 -9999.0 -9999.0 -9999.0 -9999.0 -9999.0 -9999.0 -9999.0 -9999.0 -9999.0 -9999.0 -9999.0 -9999.0 -9999.0 -9999.0 -9999.0 -9999.0 -9999.0 -9999.0 -9999.0 -9999.0 -9999.0 -9999.0 -9999.0 -9999.0 -9999.0 -9999.0 -9999.0 -9999.0 -9999.0 -9999.0 -9999.0 -9999.0
-9999.0 -9999.0 -9999.0 -9999.0 -9999.0 -9999.0 -9999.0 -9999.0 -9999.0 24.237485087 49.3494901706 97.8337403713 47.6001512266 23.0921401535 45.7043770695 190.57429438 256.404992129 13.7748845407 -9999.0 24.308664933 -9999.0 -9999.0 -9999.0 -9999.0 25.5745545553 12.9750369531 -9999.0 -9999.0 -9999.0 -9999.0 -9999.0 -9999.0 -9999.0 -9999.0 -9999.0 -9999.0 -9999.0 -9999.0 -9999.0 -9999.0 -9999.0 -9999.0 -9999.0 -9999.0 -9999.0 -9999.0 -9999.0 -9999.0 -9999.0 -9999.0 -9999.0 -9999.0 -9999.0 -9999.0 -9999.0
-9999.0 -9999.0 -9999.0 -9999.0 -9999.0 -9999.0 -9999.0 -9999.0 26.823393664 76.4192806576 99.959391952 123.55434543 168.17439409 22.2132460515 89.3711756036 111.128046087 402.000026516 18.7968801275 20.7184245101 45.9000573737 66.9180082192 21.8636693219 -9999.0 67.8832093187 55.6442462475 15.6454262774 -9999.0 -9999.0 -9999.0 -9999.0 -9999.0 -9999.0 -9999.0 -9999.0 -9999.0 -9999.0 -9999.0 -9999.0 -9999.0 -9999.0 -9999.0 -9999.0 -9999.0 -9999.0 -9999.0 -9999.0 -9999.0 -9999.0 -9999.0 -9999.0 -9999.0 -9999.0 -9999.0 -9999.0 -9999.0
-9999.0 -9999.0 -9999.0 -9999.0 -9999.0 -9999.0 26.9387832797 24.8281819301 24.1079661846 24.4179983482 24.7530971494 173.100034611 364.809571549 388.112297731 409.192872651 21.0561486879 442.970402178 463.398427047 41.801896807 21.1261697164 87.4965316288 151.74643029 20.5307892677 129.062040803 22.2037975285 21.2005972964 22.7710941159 -9999.0 -9999.0 -9999.0 -9999.0 -9999.0 -9999.0 -9999.0 -9999.0 -9999.0 -9999.0 -9999.0 -9999.0 -9999.0 -9999.0 -9999.0 -9999.0 -9999.0 -9999.0 -9999.0 -9999.0 -9999.0 -9999.0 -9999.0 -9999.0 -9999.0 -9999.0 -9999.0 -9999.0
-9999.0 -9999.0 -9999.0 -9999.0 -9999.0 -9999.0 53.2072396405 78.2208525926 177.429016758 248.939431713 22.3468536366 22.9981602399 22.0363878564 65.0025897159 494.415205855 19.445634432 482.974619875 561.685547919 61.2722463246 40.4187973537 171.376864897 21.1384329886 150.002038253 42.454885392 21.5007026186 42.046941321 45.6359351342 22.9150503246 22.9705135584 22.587731818 23.9398852467 48.1236967152 -9999.0 -9999.0 -9999.0 -9999.0 -9999.0 -9999.0 -9999.0 -9999.0 -9999.0 -9999.0 -9999.0 -9999.0 -9999.0 -9999.0 -9999.0 -9999.0 -9999.0 -9999.0 -9999.0 -9999.0 -9999.0 -9999.0 -9999.0
-9999.0 -9999.0 -9999.0 -9999.0 -9999.0 27.719042302 54.1570212951 26.0744153407 51.0763395131 274.348433271 321.120105825 367.456372429 1150.14339263 21.569535156 515.676216708 1830.07800698 1845.9250587 2434.24995533 16.7985940842 59.7758186614 191.176284697 19.6454334926 385.254730552 214.907272288 130.924912732 109.559117222 22.0245714324 67.9194866738 66.9079139062 44.719213705 22.212090761 71.0969413288 22.2791503516 22.0958130552 -9999.0 -9999.0 -9999.0 -9999.0 -9999.0 -9999.0 -9999.0 -9999.0 -9999.0 -9999.0 -9999.0 -9999.0 -9999.0 -9999.0 -9999.0 -9999.0 -9999.0 -9999.0 -9999.0 -9999.0 -9999.0
-9999.0 -9999.0 -9999.0 -9999.0 -9999.0 27.6145231022 80.5179957416 160.710618472 185.827433003 367.267956433 391.222898945 465.696318993 761.40281648 1211.98510865 1255.27594508 1275.29680338 38.4424964207 2502.62526571 2537.508044 2637.31040942 3293.69050229 445.722563738 406.345468769 151.87172354 20.7010332583 130.786514665 89.1079163615 20.4371972082 87.636621273 20.4337644754 42.1148573284 114.094461525 135.674283538 43.5442198789 21.3337356274 21.3146826676 -9999.0 -9999.0 -9999.0 -9999.0 13.1860306255 11.3703603996 -9999.0 -9999.0 -9999.0 -9999.0 -9999.0 -9999.0 -9999.0 -9999.0 -9999.0 -9999.0 -9999.0 -9999.0 -9999.0
-9999.0 -9999.0 -9999.0 -9999.0 -9999.0 27.0587789139 25.8961550642 105.442182177 130.783333235 156.850886756 25.2288843882 50.0989900764 278.086673577 49.1561683269 23.7525925862 22.2844311101 20.2660672377 22.2217167088 21.3022740595 21.8145926264 3314.05061569 3373.62811178 19.6423925553 60.6323494155 41.2431327105 150.909697105 41.0041929524 19.9153390496 108.790834354 40.5506503452 97.4593593648 240.611504811 221.719931117 64.8325884479 63.816478366 21.5432590416 21.5246151414 -9999.0 -9999.0 21.1836380658 29.9569923036 65.2982529544 12.1103577244 -9999.0 -9999.0 -9999.0 -9999.0 -9999.0 -9999.0 -9999.0 -9999.0 -9999.0 -9999.0 -9999.0 -9999.0
-9999.0 -9999.0 -9999.0 -9999.0 -9999.0 -9999.0 27.2624766461 26.9735642267 52.782741919 78.3622248069 179.160334333 229.855354806 254.946739385 25.2904698306 21.6320505487 283.579925246 349.222665203 370.227656441 456.68651209 477.086945511 20.4703346471 3394.09972419 3495.09296175 80.8520633958 19.1508086634 170.277269338 378.09638924 148.093557085 39.1374891081 19.6083479466 377.305516292 260.738705482 19.7411143575 19.5516339213 83.7068230997 63.5365300163 20.7197805943 20.4782843736 20.9326722023 41.6876352999 20.397142611 79.5113814185 99.5114390871 18.9261230042 -9999.0 -9999.0 -9999.0 -9999.0 21.1786162416 20.1934236879 6.33257686336 -9999.0 -9999.0 -9999.0 -9999.0
-9999.0 -9999.0 -9999.0 -9999.0 -9999.0 -9999.0 -9999.0 27.2098614429 24.5439375745 50.2661135203 76.216757791 25.6226222251 23.6869487551 146.379917786 193.314044223 240.772606261 22.3282644973 44.3656524178 21.9613439769 497.753048381 1094.52766614 1107.62354878 4639.1115186 20.1188611698 56.3844193261 18.1411874896 396.88577921 19.1974125684 59.0454825551 19.333658517 396.823399591 416.188147214 39.4399859266 38.9118562362 209.425060702 105.070546694 40.9923835715 20.7157145698 41.9082095085 62.3116860374 102.394981301 19.7773639466 138.368939496 158.621637433 19.3107927331 20.2568338881 20.2278336652 18.9683586781 18.2512196147 59.552753741 23.869558977 16.2460035924 -9999.0 -9999.0 -9999.0
-9999.0 -9999.0 -9999.0 -9999.0 -9999.0 -9999.0 -9999.0 -9999.0 50.3909327626 74.1152465267 25.2073608065 50.9222482033 75.1440393411 124.019034551 24.9191406813 24.2051896247 21.6245153864 21.9842929282 20.5828731733 554.652086831 22.336728385 43.9536445728 4698.56642612 4746.62696382 28.114666733 111.727679147 528.213178485 38.010488878 76.8675316224 36.5603024106 54.0383541452 491.519999173 57.5682308856 304.220182291 247.433155903 19.1045560549 101.425541544 40.8098829715 61.6551922093 19.700526483 121.761564752 161.099891874 179.999005917 198.207573979 232.569179606 37.190236763 37.9195887729 35.663664886 33.8172230271 75.7402823913 15.5397245685 56.0700807882 70.8173063025 -9999.0 -9999.0
-9999.0 -9999.0 -9999.0 -9999.0 -9999.0 -9999.0 -9999.0 -9999.0 26.0269274311 125.579653942 150.283459421 24.7822824627 48.9135021008 24.1335804391 22.9873007723 22.5288672333 279.757838907 374.071773772 458.956641156 540.645859311 20.1564216132 21.9387300354 25.8110604475 4846.94009741 4897.14074451 4922.65950582 710.651938918 154.520268265 133.665856491 17.3178620558 71.3838453475 580.607053667 17.7022724963 322.078350201 19.0510954443 131.47199931 121.814129234 19.8278448548 81.2248161678 39.1813487675 58.3810921966 19.2968047414 18.1814108723 216.251551469 233.110043816 249.38676035 55.5159754764 52.6271210847 50.0704129726 91.9744139957 123.20778689 15.5284280566 85.8288560554 15.7932327793 30.4807489543
-9999.0 -9999.0 -9999.0 -9999.0 -9999.0 -9999.0 -9999.0 -9999.0 -9999.0 26.2050043569 175.682711794 200.1836022 73.2410006306 121.493928258 167.652295879 190.902428362 23.6724786805 72.6158159799 48.2159589422 23.9056763934 23.8949848235 22.1892507923 45.0077208607 79.9967860033 30.4603781965 5688.70646201 5717.25128603 26.4629936851 18.5512138151 35.5033003165 53.3470052094 633.001186922 34.6203766601 338.429474567 204.327095411 167.930466791 19.1785219696 38.6138242953 99.5512802673 18.2263871491 76.2177095104 36.807556657 33.9496520322 17.8457191447 283.955547887 547.48617295 68.2045063823 65.6125402619 63.9454780535 13.6271940241 136.681437243 13.2055894446 114.755209505 14.3841932022 44.9878432671
-9999.0 -9999.0 -9999.0 -9999.0 -9999.0 -9999.0 -9999.0 -9999.0 -9999.0 -9999.0 24.1874067768 248.901285255 24.2326933922 48.2378531125 70.8577349765 116.876370734 23.8897446217 49.0368981071 24.4979871512 23.4404201359 22.2201051596 43.9619171123 20.585671648 24.4379035292 54.1394297549 31.1148683917 5743.03977873 5795.06964827 5868.31834088 73.9681916685 18.2815326793 36.4081847586 651.049361358 631.554122549 241.308717269 18.3811467645 76.2353375224 57.3582347258 117.937448447 36.5197532154 148.822100403 54.475718589 50.5978016244 17.1674899112 17.8442978032 565.764288021 581.316655252 728.724544113 106.674807414 28.229089975 151.176110715 178.417161487 306.313109422 28.2919669734 13.3573315862
-9999.0 -9999.0 -9999.0 -9999.0 -9999.0 -9999.0 -9999.0 -9999.0 -9999.0 -9999.0 -9999.0 13.6388373154 279.424215176 23.1914616311 45.512407102 208.430134856 24.03925312 23.9802679772 21.235518848 45.4044900795 21.9699212324 87.6981311458 128.484383098 147.643323326 73.8072631942 97.5895367989 27.8381475955 30.4562433122 27.4557814767 5985.36627698 6042.54793188 668.146456731 665.542067822 648.637845321 35.1712330112 17.1207635121 93.5776318201 246.389061614 135.519996805 54.007586673 219.853187086 116.363158919 99.8939617375 33.1203679607 14.5361439651 13.8968385001 14.2764287381 793.171741369 944.817190778 13.8237558459 12.6328614318 13.2959258933 319.505873826 360.666435967 24.9787481248
-9999.0 -9999.0 -9999.0 -9999.0 -9999.0 -9999.0 -9999.0 -9999.0 -9999.0 -9999.0 -9999.0 12.7970257119 310.588888254 381.915877532 22.3453597392 253.207374581 22.227061049 21.2784489113 42.4522724152 109.38717584 21.50657756 22.3840269226 20.1588089727 187.916391934 207.328047498 325.114585587 373.613892413 398.271349612 424.4881142 452.639915504 6520.4158305 7238.47672334 7949.88443718 7967.52429394 18.9230901014 17.2332234239 281.134100529 263.941871653 17.2119298853 17.205732892 236.972642893 370.60027713 15.5622504857 207.215166552 191.481277804 64.9318950636 31.2688593496 49.4531371457 17.2856186231 974.316229752 15.1492606199 40.8923444469 52.4013801097 457.362064737 495.468309433
-9999.0 -9999.0 -9999.0 -9999.0 -9999.0 -9999.0 -9999.0 -9999.0 -9999.0 -9999.0 -9999.0 25.5345978477 49.0168713065 405.006091062 447.890400664 21.5901668943 291.738823914 19.4806074633 60.0644073244 129.334756968 41.8248276101 20.2518689612 41.2426055257 18.2849766237 36.244623118 18.3632969879 17.9931469215 17.3966492932 17.1177286877 18.3086153437 21.4210491161 26.4943771257 28.8024040504 28.4118518415 8036.03252482 357.90039851 321.673621381 19.0541482153 50.7548613212 14.640257318 12.0734414002 387.100881771 643.808573851 224.722794533 161.081201936 35.1769383669 16.6358114298 15.5898756185 30.2040326167 1019.2058919 1046.97324843 14.4516761994 14.6882517932 15.8969516894 13.8047083317
-9999.0 -9999.0 -9999.0 -9999.0 -9999.0 -9999.0 -9999.0 -9999.0 -9999.0 -9999.0 -9999.0 -9999.0 22.8519711054 300.041217917 770.323770239 837.347424658 1148.57840588 1164.51657398 287.355192996 212.147157509 62.5061617657 20.0198377231 80.9157036503 100.047187669 154.920208546 37.462087702 36.2810600529 35.9570944583 71.2638829107 36.2312268897 39.0594178721 17.4604514124 17.09636563 20.5021392963 8058.78779725 8428.46884846 8448.61473201 19.7953422578 150.816694997 61.2343368381 17.5907723187 696.960566894 36.835665478 18.9619129804 78.5003968155 18.5251269138 16.8698764512 32.3985174119 44.9715725 58.5281449656 1070.35270763 11.1500719815 9.59234836833 9.73270651878 8.64872785055
-9999.0 -9999.0 -9999.0 -9999.0 -9999.0 -9999.0 -9999.0 -9999.0 -9999.0 -9999.0 -9999.0 24.4638134943 228.620267395 277.15555943 45.7350927411 14.352901864 33.6137598854 1218.7691541 1235.8661513 1539.00901351 19.1730768442 39.0198843738 18.1482901413 18.4727854831 173.279392231 229.065545976 282.681097249 17.2328857172 88.6550321816 141.909977347 89.3803044244 34.032941751 32.6960694691 35.8144198609 37.5490063948 22.127278356 8466.16077414 8481.27440577 8665.17051759 30.4565375594 15.6741368605 707.660423381 37.7714979367 19.3769410294 20.4617633805 20.2796752428 18.3914326191 36.551218285 101.515447252 174.91676833 1256.50602893 8.20906988645 24.6930843789 16.8891179032 15.0002206932
-9999.0 -9999.0 -9999.0 -9999.0 -9999.0 -9999.0 -9999.0 -9999.0 -9999.0 -9999.0 -9999.0 25.0370266346 157.054607345 24.7276597399 22.4956850467 115.271223261 136.224484456 157.33458987 177.942757471 2095.09032515 2113.02648068 2150.04396262 2426.27274725 2485.2837368 2523.2888076 2542.34299227 2877.88718573 2928.48726676 2946.52427354 3107.5849907 3215.44818533 3232.19160643 3298.1627845 51.4894315732 52.9063611549 17.7183940329 18.7147757444 8498.87474464 8727.7796477 46.8690115797 803.642253352 790.066691371 72.4438561537 17.589951711 17.9560613024 17.4423214573 17.0721614081 34.4161017473 50.3092103586 15.9325513977 1267.16723773 1278.55638172 1329.66194211 1338.79886523 1362.16442335
-9999.0 -9999.0 -9999.0 -9999.0 -9999.0 -9999.0 -9999.0 -9999.0 -9999.0 -9999.0 -9999.0 80.1750015026 106.204365275 49.8742080301 73.7900737573 23.6603067524 270.254066681 292.381317175 336.586492463 357.542979609 150.423130255 2331.19773476 2350.47912048 21.5622410727 19.2261977805 19.1354427125 39.065630226 18.9291842955 17.0683537288 16.1534033872 15.9636301535 3249.79356943 3315.47580569 3381.71145156 3447.54324745 3513.15736484 33.1632637099 10.9465713687 9572.77040861 830.635479672 817.692543336 15.9725563978 15.0978740873 14.397801521 32.23312056 31.7794551364 14.4814997772 14.5312405065 13.5233183262 29.1883547906 38.76391219 7.29524471275 13.1605290431 5.68978181809 5.53832032229
-9999.0 -9999.0 -9999.0 -9999.0 -9999.0 -9999.0 -9999.0 -9999.0 -9999.0 -9999.0 -9999.0 -9999.0 54.2280197337 25.5840425691 24.1606764031 226.056789849 248.912190168 22.6355799978 90.1527174076 111.534150196 132.359946164 22.0156630802 20.5812267517 384.150671337 403.062185657 421.874016837 1083.03447941 1100.85057467 1134.85683352 1267.64556425 1364.75820954 1380.21528796 14.329044607 14.8083862427 13.2437616559 3535.97979611 11.8365022399 9726.88665095 9709.04341268 121.705147474 105.327027176 61.1752991539 15.3208994211 28.5172452406 46.1848476487 45.801774372 28.2919823312 13.9112485711 27.281449294 26.9431910802 50.6205410656 9.45352955184 23.0794679174 37.5609995877 49.5162396844
-9999.0 -9999.0 -9999.0 -9999.0 -9999.0 -9999.0 -9999.0 -9999.0 -9999.0 -9999.0 -9999.0 -9999.0 27.6331387535 78.1403444348 102.764129148 178.457135876 23.2165785933 46.6842485721 68.9124999804 261.074688947 281.586809058 301.010876524 321.903967738 344.47424633 537.360321597 602.749876057 643.820179771 19.7436291151 97.3448129911 116.712987477 1318.34581316 1398.19823192 1429.92528537 1461.574723 1492.79489332 5040.74961729 7.3889074363 9778.73338388 33.7475371952 16.2550349272 90.2505915366 75.0609209212 12.8471504942 41.34438143 58.6297026904 57.8617841942 39.6359245825 65.0854941068 102.869088919 38.261069732 99.4128550263 10.1168818692 17.9831706324 4.57932080674 3.44794629091
