data/baseflow/mHMbf_acc440.asc
ncols                  80
nrows                 72
xllcorner      4374000.0
yllcorner      5656000.0
cellsize            500
NODATA_value       -9999
[rows 24 to 47 of 72, columns 0 to 54 of 80]
-9999.0 -9999.0 -9999.0 -9999.0 -9999.0 -9999.0 -9999.0 -9999.0 -9999.0 -9999.0 -9999.0 -9999.0 8.46937584025 21.8766803784 28.1805730695 48.1281304515 5.24555686773 10.6781275935 15.5367291247 61.3762790741 64.2193865672 65.2835342226 67.7863387749 71.208209014 116.672186029 125.205262691 128.503007704 0.764551001518 6.2044329226 6.82046010844 217.020636684 218.849570748 219.770398788 220.740216938 221.539816616 945.650624519 0.995979790852 2156.48450945 0.737121965914 0.259480332261 13.332548061 12.4368992276 1.16982602174 6.88748749165 10.4285670888 10.2714689403 6.67633474503 10.9602651331 17.3883857989 6.57544440004 16.5681095059 1.02168186799 1.4751830904 0.083199429121 0.0603634095116
-9999.0 -9999.0 -9999.0 -9999.0 -9999.0 -9999.0 -9999.0 -9999.0 -9999.0 -9999.0 -9999.0 -9999.0 7.46281018957 14.6819849608 6.41779843792 13.6942677063 5.41334183024 42.0634725943 51.5714394634 56.949149494 4.24689464379 7.55952485872 94.1904584299 111.772524422 114.221944105 6.11221809944 4.2622132255 5.35714884842 0.439260642917 0.346450386523 0.631873345957 0.446350571905 192.63646829 193.336943302 193.625311656 948.043752733 2162.59021919 2156.73207074 0.332605258261 0.199092680306 0.181823148713 1.54987064159 1.41735667434 7.41123704512 11.729859356 24.0566445235 2.08806312171 2.06719688757 18.7570465842 20.1479487308 39.4550626119 40.0025563081 41.5690808337 41.7231107345 0.110429990237
-9999.0 -9999.0 -9999.0 -9999.0 -9999.0 -9999.0 -9999.0 -9999.0 -9999.0 -9999.0 -9999.0 -9999.0 -9999.0 6.38583053783 12.8718905212 19.5428277307 30.997144927 5.95998309261 4.98248073343 48.0819736964 52.197353546 88.2647579037 92.5796654604 11.9333371911 3.43150854186 2.81173496324 2.17455843128 189.633815394 190.48977804 190.985226609 191.293318138 192.082841917 10.1067040198 10.7536553113 204.732345508 3316.95856817 3.53619398254 1.97724626168 0.712407063554 0.242414292309 0.150663918415 1.87516276567 1.96231088003 7.66566511344 0.13477629056 24.3166819909 2.79450402843 2.69599975709 0.157279996634 0.0823410742687 0.0687950544691 0.178777993773 0.0714504820588 41.8227501845 519.463560536
-9999.0 -9999.0 -9999.0 -9999.0 -9999.0 -9999.0 -9999.0 -9999.0 -9999.0 -9999.0 -9999.0 -9999.0 -9999.0 -9999.0 6.06094338938 15.0602825412 23.9765312397 32.9848019717 38.1131202034 43.4881957258 14.5530750255 24.0580779849 4.12425501813 3.93612891035 174.046516488 181.43522211 184.50947958 187.76417957 1.71071961363 2.6622070747 8.00636836072 8.4614419994 9.09550875057 0.892891758365 0.782024450946 3321.70994625 1.63350770586 0.987333732772 0.432077364287 1.47325794369 0.722302946918 0.3287187368 9.92220998155 10.4300649033 0.201767104752 24.608952413 27.4534386077 2.74208969819 527.02600736 526.791415842 526.597446726 526.018500397 525.640134967 521.05821647 520.652055334
-9999.0 -9999.0 -9999.0 -9999.0 -9999.0 -9999.0 -9999.0 -9999.0 -9999.0 -9999.0 -9999.0 -9999.0 -9999.0 -9999.0 3.507710844 7.19603150826 8.96432142241 110.245532858 115.401174705 5.31488811997 4.83376129097 4.71052929311 158.188679599 166.562067405 3.8348131297 4.19098082362 2.8565707484 11.7819760302 14.5671385963 5.43705367484 6.67344604881 72.2503729125 73.6361082351 77.402928858 114.48689241 3438.09620314 1.68251239036 0.328124108509 2.46792425712 1.99567777998 0.425453482044 1.20374974648 1.61985496464 10.8488489002 11.2043506498 39.302456729 27.6584861289 2.95151022101 534.027949084 2.52512282372 526.406413026 526.227584887 4.24375289028 0.854024425378 0.228505050013
-9999.0 -9999.0 -9999.0 -9999.0 -9999.0 -9999.0 -9999.0 -9999.0 -9999.0 -9999.0 -9999.0 -9999.0 -9999.0 -9999.0 17.6735765797 29.2847021179 56.3932232156 102.388913632 125.255846806 139.679941569 144.891668679 149.891247693 154.455229879 3.99108407364 3.29005207321 6.3932563131 5.90815964098 3.11192746535 64.1683898135 66.8476043965 69.265427416 71.5219775506 32.9995365564 33.4934778894 35.7993998284 3439.74940106 3.56267937392 0.851842849688 3.80583751802 0.533106371267 1.18763807244 0.728660467097 0.382055322596 2.16038364122 0.271964743653 0.277638696281 575.118337969 535.577508922 535.258240631 1.29310499389 2.4290726681 1.39959991936 0.191180909545 2.79122905164 0.48798068814
-9999.0 -9999.0 -9999.0 -9999.0 -9999.0 -9999.0 -9999.0 -9999.0 -9999.0 -9999.0 -9999.0 -9999.0 -9999.0 -9999.0 12.1286911538 12.2022007655 24.3959626475 35.5408392417 6.73148538893 5.69930328777 10.5431662969 15.2096934312 23.4065530324 27.6704933085 31.1538641301 41.1044432632 43.8923239317 47.106145918 2.5477602621 28.6668052308 30.4653629587 31.5046985247 0.473678703033 0.114209052135 0.347988391171 3475.94798317 3477.49425018 3483.20683709 5.63762834378 1.21503243057 1.50462351679 0.259760116009 0.678195926456 2.51076381157 3.0342289369 0.489942587657 576.477675205 0.498158311308 0.682192743769 0.741199929771 0.628077816383 0.979609248746 0.391377182032 2.22148242382 1.39171189147
-9999.0 -9999.0 -9999.0 -9999.0 -9999.0 -9999.0 -9999.0 -9999.0 -9999.0 -9999.0 -9999.0 -9999.0 -9999.0 -9999.0 -9999.0 12.1918911622 23.4775931398 9.90050553852 19.5583750975 123.16031289 128.879456086 133.315571645 4.07761357578 4.13722258414 7.7943910331 11.2335786483 16.6347024902 19.5160196689 21.2786382412 23.5919746551 1.79039088201 1.16637965529 32.2036852762 32.3782192214 33.0904331307 34.2039900883 32.6965484144 3520.73333866 3532.60267927 3533.36194915 3535.55357642 3537.81469084 3538.84227244 0.227254050411 3.28106529369 576.706338514 0.451508010841 0.231888603732 0.427013592243 0.484438391572 0.788409641072 0.520112442224 0.308965774118 0.541284756745 0.377093353691
-9999.0 -9999.0 -9999.0 -9999.0 -9999.0 -9999.0 -9999.0 -9999.0 -9999.0 -9999.0 -9999.0 -9999.0 -9999.0 -9999.0 -9999.0 -9999.0 34.7200795395 44.7506677423 75.4174580281 94.9700022821 8.86251377418 147.8270158 151.837788751 155.591426283 3.60783268775 6.93102937356 2.69624087583 22.2923397979 23.8731854269 26.0235456471 27.7379053271 31.6188197804 31.9722083863 0.265703384825 27.5894139357 30.0190193277 31.5757548831 35.9856282765 4.88204768738 2.7028438461 1.15578635408 1.14526256579 3539.80881449 3540.21380079 3545.53262031 576.920953591 1.50016327375 0.876478104966 0.636460920338 0.165789317377 1.86924970328 0.864685693991 0.259391116751 1.43919576885 1.22468039127
-9999.0 -9999.0 -9999.0 -9999.0 -9999.0 -9999.0 -9999.0 -9999.0 -9999.0 -9999.0 -9999.0 -9999.0 -9999.0 -9999.0 -9999.0 -9999.0 10.9560321895 55.4631052366 65.9965521004 9.10141631753 4.75949545275 9.64002018713 14.082172869 174.015088934 3.56454506688 14.2844303559 17.2278951707 20.0101992102 1.62648609555 3.60039459661 4.22165821458 21.5331664692 23.5455683555 24.8887065121 1.26072636627 0.961932295277 0.887811112356 1.67632135811 0.612111618875 0.630743700362 0.698540863012 0.807284287689 0.757960447866 1.70827673167 3546.00377883 4123.88206225 1.7656963523 0.564815029633 0.179376880838 5.42650531852 5.06014704792 2.88690545762 2.56138916348 1.84463291317 0.501591065091
-9999.0 -9999.0 -9999.0 -9999.0 -9999.0 -9999.0 -9999.0 -9999.0 -9999.0 -9999.0 -9999.0 -9999.0 -9999.0 -9999.0 -9999.0 10.7630584621 31.1941782507 9.7949046789 7.35079528271 5.6932939194 10.4989606472 15.1303155809 20.2383493784 201.53351432 204.914627473 3.50694459369 6.49570759955 9.58911296042 11.5818392836 13.2271441304 17.7574424189 20.3243102329 0.336349103912 0.719569866385 0.730594552662 0.622730934348 0.692223761988 0.882510775617 0.747009633385 1.1690789332 2.68294861714 1.31947007635 0.478053450853 0.471309126008 0.29567139125 0.531484400551 4143.94522567 17.5072823036 7.10599769795 1.19498631268 0.626499727486 0.306418032144 0.842210204444 0.494433732159 0.219670042557
-9999.0 -9999.0 -9999.0 -9999.0 -9999.0 -9999.0 -9999.0 -9999.0 -9999.0 -9999.0 -9999.0 -9999.0 -9999.0 -9999.0 11.7615666985 21.8691342999 73.2644911364 9.32765827092 15.8963119499 21.3116295106 26.0725366816 5.07726664413 9.17036006075 15.7075776046 226.93457212 3.2414203245 5.95915860813 8.6274777581 2.37927465247 4.55340077621 4.8107760191 6.62183818595 319.310343599 320.688273037 321.909052528 327.130894782 329.357075561 333.518634066 0.937012919849 2.38293154021 3.01566003659 344.645620559 345.401310789 0.420105852777 0.607010179588 0.791589638593 4144.53281814 16.4535694044 7.6697334605 6.80250496556 6.03109722104 5.36446323411 1.11000763552 0.31525242755 0.469804635423
-9999.0 -9999.0 -9999.0 -9999.0 -9999.0 -9999.0 -9999.0 -9999.0 -9999.0 -9999.0 -9999.0 -9999.0 -9999.0 -9999.0 11.8292769424 35.6391657778 120.290864735 179.118161961 8.21085445048 228.651454321 262.71975378 4.60037741644 8.61534263851 14.4449323634 269.176741846 274.08969951 2.12232176271 12.8043861356 14.6240199691 16.0346650324 309.422049261 310.839389524 312.299863643 0.727709338935 4.07098339079 4.70074955602 1.83932911593 2.52183444408 337.084637074 340.458454986 340.944039524 341.386464876 345.852981308 0.215571196001 0.189547009131 1.16005601908 4145.06833012 0.761362267618 0.0254756277185 0.0714659404776 0.0314992179516 4.47005748817 4.3251316501 2.64036780115 1.73378926523
-9999.0 -9999.0 -9999.0 -9999.0 -9999.0 -9999.0 -9999.0 -9999.0 -9999.0 -9999.0 -9999.0 -9999.0 -9999.0 -9999.0 -9999.0 -9999.0 24.2284782441 48.6207013474 210.190994335 220.76732403 271.925758659 280.199412398 4.41186442283 8.83021560975 21.1837002953 279.698830319 284.817398548 286.459994021 1.13104959236 291.585344709 292.91661782 0.969788365935 0.793373898256 1.50830092059 2.89585521174 0.691752092495 1.29978660077 2.64436412545 3.19354641957 0.601532994125 0.362156003461 0.683549325864 348.863398924 349.719067149 349.889684675 351.588681474 4145.53264022 0.647555414098 0.0133545808965 0.0158376834019 0.0160382824564 0.0168604246211 0.0146660738367 0.0261230803932 0.357672609261
-9999.0 -9999.0 -9999.0 -9999.0 -9999.0 -9999.0 -9999.0 -9999.0 -9999.0 -9999.0 -9999.0 -9999.0 -9999.0 -9999.0 -9999.0 -9999.0 12.6432551788 12.319358957 11.3779228615 20.690298172 8.4408025071 297.293130388 304.69122028 4.59363107416 8.33511772041 3.2591202907 2.31189347758 2.19275344118 289.509205521 0.33234524211 0.691282486469 0.687057226916 0.852464353071 0.700174769318 0.492552559001 0.520838305374 1.61658249547 2.24995816832 0.393110568938 0.323805089696 0.719967307259 1.25267461243 1.88878834761 0.530982900573 350.20634429 351.767244041 4145.92109688 1.46092549307 0.0416756562442 0.00654576208079 0.0211648184122 0.00534316905974 0.00435281714282 0.0311916983961 1.63488778215
-9999.0 -9999.0 -9999.0 -9999.0 -9999.0 -9999.0 -9999.0 -9999.0 -9999.0 -9999.0 -9999.0 -9999.0 -9999.0 -9999.0 -9999.0 -9999.0 -9999.0 -9999.0 12.0639101731 31.3370408275 39.9294452937 48.3319300348 312.89962609 321.134499642 328.248552217 333.936117372 336.036897867 340.437464961 340.812479189 341.079508841 341.43928341 0.714029980384 0.650405009647 0.687773017009 2.26719246887 0.609626765518 0.572502283536 0.412488123749 1.184592972 0.465129143465 0.339651773481 0.310072883093 0.272659741457 0.543946363401 0.779015309339 353.309513507 4501.06594824 0.73215080568 1.06722197041 0.00417955729621 0.0281183178669 0.014831863688 0.00877157087059 3.02581597564 2.78565960136
-9999.0 -9999.0 -9999.0 -9999.0 -9999.0 -9999.0 -9999.0 -9999.0 -9999.0 -9999.0 -9999.0 -9999.0 -9999.0 -9999.0 -9999.0 -9999.0 -9999.0 -9999.0 -9999.0 9.84109980037 78.9007235318 148.013974531 155.886676235 7.93009169744 12.5062163518 16.2692109281 18.755564377 37.4013116536 38.1174073281 0.715381423434 0.667321076773 342.766621481 343.94705363 344.526339606 2.64899457413 0.302570693538 0.814415442328 1.19600028267 3.68478046605 4.5476146734 5.18558480618 0.575384943117 0.794429915069 0.266943809501 0.534677636668 0.278632022858 4501.67497005 0.43758093511 2.05668947945 0.290238399106 0.42494419804 2.77493387298 3.0423457718 6.38266896383 2.22008975007
-9999.0 -9999.0 -9999.0 -9999.0 -9999.0 -9999.0 -9999.0 -9999.0 -9999.0 -9999.0 -9999.0 -9999.0 -9999.0 -9999.0 -9999.0 -9999.0 -9999.0 -9999.0 11.1264599118 35.6555651152 69.3904295461 90.2818968044 219.248357667 227.266149682 8.0174252937 11.6664016742 14.4800706881 16.7954713415 38.5552555416 39.876891388 63.2654606245 65.0072848961 65.5461539746 345.05061695 348.82534844 0.760060869686 0.552757885031 0.508383309989 0.949317406524 0.422963950309 6.02151600861 6.31901654677 1.02963579719 1.43497894851 0.25234669929 1323.63333487 1324.18781737 5826.31269607 5829.0642594 0.648766949943 1.80774621914 0.812270882858 0.455218007375 6.98085568078 9.40102277029
-9999.0 -9999.0 -9999.0 -9999.0 -9999.0 -9999.0 -9999.0 -9999.0 -9999.0 -9999.0 -9999.0 -9999.0 -9999.0 -9999.0 -9999.0 -9999.0 -9999.0 -9999.0 -9999.0 12.8125249516 12.3073766674 23.0537722274 54.1370115885 236.558732682 4.16400140086 4.10272334857 6.81225608596 9.71342493055 20.8279064073 21.5083483914 0.523964416265 1.20121013184 66.4102646694 66.9197935419 416.224624099 416.620660122 0.240569332076 0.209454319581 0.17205295349 0.173689818457 0.208256951524 1317.12039165 1319.07810492 1321.0769324 1321.88673141 1323.27151361 0.318862230362 1.14130913393 1.30575950892 5831.07227863 5831.45054657 5832.44271986 5833.02129918 5833.60168629 9.57596737205
-9999.0 -9999.0 -9999.0 -9999.0 -9999.0 -9999.0 -9999.0 -9999.0 -9999.0 -9999.0 -9999.0 -9999.0 -9999.0 -9999.0 -9999.0 -9999.0 -9999.0 -9999.0 -9999.0 -9999.0 11.1231871463 11.7278329258 21.4428955207 278.09655493 285.571022022 3.98549222473 6.7613628366 9.75714186727 10.6419676749 0.610849397266 1.66540940077 498.055239543 498.688020947 499.463715392 504.918521354 922.198563679 1304.8923631 1305.58017779 1306.18112544 1306.76214571 1309.54518588 1310.48843408 1.61946521544 0.679539892936 0.445235181282 0.819143576846 0.562353140456 0.91053827068 0.281769812849 6.55310180492 7.81198556207 9.3154613315 9.39812703343 5833.85882697 5843.79957264
-9999.0 -9999.0 -9999.0 -9999.0 -9999.0 -9999.0 -9999.0 -9999.0 -9999.0 -9999.0 -9999.0 -9999.0 -9999.0 -9999.0 -9999.0 -9999.0 -9999.0 -9999.0 -9999.0 -9999.0 -9999.0 11.3227983016 21.4972416885 31.7608542553 293.640183321 5.37791336994 382.638608116 385.754920664 386.335614307 387.467466094 493.760599678 495.114205364 0.698368337591 4.05265629204 4.78107787816 0.657970022867 382.053050538 380.850686485 0.328221737438 0.816042756136 2.24072915463 0.511357396056 0.548490524972 0.340723141228 0.282944132596 0.21346079799 0.257719491759 5.72574021033 6.00243712324 6.35322074598 1.05883548658 1.29371535082 10.0354055098 10.1775698171 10.2387572258
-9999.0 -9999.0 -9999.0 -9999.0 -9999.0 -9999.0 -9999.0 -9999.0 -9999.0 -9999.0 -9999.0 -9999.0 -9999.0 -9999.0 -9999.0 -9999.0 -9999.0 -9999.0 -9999.0 -9999.0 -9999.0 10.2225703354 9.40909228874 49.0066284946 360.35302079 374.225077138 379.865743204 2.73620792735 104.800945066 105.260386904 105.560375727 1.20908625481 2.00958992871 2.61815891537 89.9360426794 90.4323891229 90.8435371114 380.12512052 248.647965169 0.467313613623 0.49359412599 0.458090361909 0.336054921006 3.57012482728 4.23318263475 4.80416368951 5.13105896877 5.44274198691 54.7722032194 54.9806542398 55.3723288608 56.4407335631 59.0887923698 59.1726826687 69.4939301461
-9999.0 -9999.0 -9999.0 -9999.0 -9999.0 -9999.0 -9999.0 -9999.0 -9999.0 -9999.0 -9999.0 -9999.0 -9999.0 -9999.0 -9999.0 -9999.0 -9999.0 -9999.0 -9999.0 -9999.0 -9999.0 -9999.0 19.8159663211 30.1956701042 8.62699046357 4.08864850061 96.9385234519 99.7794325631 101.169537971 19.4632173024 19.7398330264 20.1702720315 20.8887158581 88.7754336034 89.5619948 39.2025441359 130.591977388 131.081511309 248.308412916 0.948944121882 0.484226193523 0.309063894704 2.49001186888 2.92288346194 0.224104619103 0.203835332952 53.7459889701 54.2919266241 54.5692851157 0.488144074333 0.756960153258 58.8322372943 0.138140625476 0.508016449518 0.567137774209
-9999.0 -9999.0 -9999.0 -9999.0 -9999.0 -9999.0 -9999.0 -9999.0 -9999.0 -9999.0 -9999.0 -9999.0 -9999.0 -9999.0 -9999.0 -9999.0 -9999.0 -9999.0 -9999.0 -9999.0 -9999.0 -9999.0 9.86525846828 19.4536539888 76.1014625232 84.5115349999 89.6945655768 17.3010395921 19.1652372688 0.359041529573 66.5371216302 66.8247509966 67.1631547172 0.573978373405 37.7855765266 38.6192807936 0.528481372889 245.792521415 1.12440400547 0.56119388059 1.36820362441 1.85475070124 0.33550993865 0.264092265763 50.8689735184 53.2425812056 53.5812879952 0.336521715135 0.680300873245 0.86243037036 1.00930404705 2.02712605851 0.189861377366 0.415802652871 0.0859826924619
