data/baseflow/mHMbf_acc354.asc
ncols                  80
nrows                 72
xllcorner      4374000.0
yllcorner      5656000.0
cellsize            500
NODATA_value       -9999
[rows 25 to 49 of 72, columns 0 to 54 of 80]
-9999.0 -9999.0 -9999.0 -9999.0 -9999.0 -9999.0 -9999.0 -9999.0 -9999.0 -9999.0 -9999.0 -9999.0 26.3782191273 52.2421325811 23.9118842348 48.7138357246 21.7064604568 164.552343416 205.629739368 226.844051894 18.5562217479 35.5671659016 358.508818392 440.320461806 454.091453724 32.2339992396 28.6114491503 41.0529337633 7.9592134329 7.14720311211 13.2718127083 6.06440348908 533.805527464 540.759605292 545.429849544 4001.81791095 7646.97804064 7606.40319467 8.36148746662 3.98364353664 3.53700943962 15.9335869976 12.7552181275 35.9316333928 52.9101826004 106.331847278 9.36797778738 9.27355974855 87.3021487826 95.8815956445 184.661629473 189.573281316 201.820653944 205.746630708 3.59763832967
-9999.0 -9999.0 -9999.0 -9999.0 -9999.0 -9999.0 -9999.0 -9999.0 -9999.0 -9999.0 -9999.0 -9999.0 -9999.0 25.1501124318 49.7066287243 74.3320053573 119.583486298 23.8191152417 21.4691402766 146.018431788 164.863416247 326.115365848 344.843423931 52.3249954894 17.7752498067 16.2828049192 14.0532551372 489.342790779 498.90361938 507.718268074 514.659993558 527.484711846 83.4813808946 89.3219857276 639.226284356 12292.095306 33.1546028661 26.3242131933 13.154182778 3.627547326 3.0203999265 22.9475430698 25.2699124194 41.8980267207 3.02190937033 110.464572447 15.4271693753 15.0229388175 2.95789751675 1.88715365331 1.73243544893 1.82225221398 1.92796825094 208.371703646 2908.56633699
-9999.0 -9999.0 -9999.0 -9999.0 -9999.0 -9999.0 -9999.0 -9999.0 -9999.0 -9999.0 -9999.0 -9999.0 -9999.0 -9999.0 24.1186200294 44.3879144886 62.3529929257 81.2355394269 103.091446963 125.522959402 64.6834685155 106.115453438 18.627467344 18.0982949167 408.997488628 444.317593406 460.182132156 477.187832663 11.8539714821 21.2205675331 57.0422983611 67.0972563384 75.9421767371 7.42418825736 4.68250032763 12309.4187848 6.68862188689 8.11457363764 3.92526409556 14.7453102641 7.03327587799 3.45039897611 70.600706393 73.3132268243 2.02474998216 112.768267154 130.03375015 17.1405366931 3020.19637639 3015.46007637 3011.48424126 3002.48786369 2999.00001655 2924.66812321 2921.74000123
-9999.0 -9999.0 -9999.0 -9999.0 -9999.0 -9999.0 -9999.0 -9999.0 -9999.0 -9999.0 -9999.0 -9999.0 -9999.0 -9999.0 4.78951567707 10.853938548 18.0405518135 167.900719265 190.825636239 23.159188371 21.810889334 21.0333835292 334.311589661 373.673394389 18.837475199 19.4317295921 15.4398585086 63.287501739 78.5150589961 37.018222179 47.2393459277 373.446551489 384.708855802 403.642897034 634.630839772 12948.9989747 6.53114154448 3.25839603942 22.8411918265 18.8444641259 3.11761109065 9.86638657844 12.8321095889 76.5740352949 79.1702177312 215.469334648 132.08564714 19.4196014529 3078.76086894 25.70411341 3007.6593235 3005.23225713 70.8611397645 4.47947903988 9.61977291026
-9999.0 -9999.0 -9999.0 -9999.0 -9999.0 -9999.0 -9999.0 -9999.0 -9999.0 -9999.0 -9999.0 -9999.0 -9999.0 -9999.0 24.2220220505 39.7928832135 83.0544804854 145.769289138 207.734777933 251.508235625 273.550599274 295.43475969 315.965525953 19.3099487423 17.4050565718 34.07929524 31.7570573962 16.3488710073 326.577378284 341.387746977 354.978545946 367.727077957 205.541640695 215.059013521 225.155645958 12953.3018155 11.8673538382 8.76695365516 34.770590062 3.82885268501 5.92864243394 3.11939961043 2.69940921383 15.5123095329 2.01530835764 2.17476895596 3307.85302618 3090.71424347 3088.39685344 10.6245457725 23.6869611683 15.5134674561 3.60201464829 63.7327958353 17.6708054216
-9999.0 -9999.0 -9999.0 -9999.0 -9999.0 -9999.0 -9999.0 -9999.0 -9999.0 -9999.0 -9999.0 -9999.0 -9999.0 -9999.0 16.8743843319 15.9561488875 31.2445038387 47.3187327623 22.2695928349 24.1559571785 46.2318612134 67.8951594436 108.223618681 128.559097125 147.213646003 200.264476643 216.61294448 234.003385669 15.524741461 160.335653303 173.59650242 185.829156724 9.55472693267 4.8792455785 9.00086282092 13188.6411935 13192.7858714 13212.1241552 46.6607015728 8.41751446548 9.53235425143 2.57526487781 4.81779451851 17.7378358722 21.6218205605 3.95893283923 3318.23210704 3.33903886637 5.82776630449 6.64527269159 4.74283217524 9.34712130851 3.87470982703 42.6854688177 33.9890196939
-9999.0 -9999.0 -9999.0 -9999.0 -9999.0 -9999.0 -9999.0 -9999.0 -9999.0 -9999.0 -9999.0 -9999.0 -9999.0 -9999.0 -9999.0 15.3417729665 30.2241723736 14.6186016621 30.1692602504 190.870863009 210.883464297 232.470127062 20.1270092852 20.2875374187 38.9384951162 57.1987827995 89.7186414269 106.064241147 115.247224366 129.866648968 12.2219991505 11.3146595595 207.186281198 212.507641106 217.131037178 221.804213729 181.55035098 13413.5657728 13488.5216958 13492.2402467 13504.8700669 13520.0658435 13526.9117225 1.86547203933 23.438026323 3320.09787706 4.45865624449 2.3015624057 2.5313577748 2.46071667139 4.3758598668 4.71368679671 2.88582784512 4.61955756313 4.65643927953
-9999.0 -9999.0 -9999.0 -9999.0 -9999.0 -9999.0 -9999.0 -9999.0 -9999.0 -9999.0 -9999.0 -9999.0 -9999.0 -9999.0 -9999.0 -9999.0 44.9811579427 60.8274347065 107.425173398 143.937802692 19.6813287817 275.934271163 296.137119855 316.134908566 19.708578088 38.4919883876 16.6101252668 126.944861898 135.459651692 148.859086507 162.784260545 195.039355949 199.965745091 3.24364902209 163.153074176 172.651908838 177.19317159 197.052190719 24.0648570705 14.8270519157 8.79889580765 8.40746932508 13535.1088807 13538.1923728 13578.9384437 3321.87294162 12.8045717527 6.81688326475 4.46467102523 1.48683244058 14.4291794026 7.99053865692 2.61998774377 15.5534362229 13.4104082806
-9999.0 -9999.0 -9999.0 -9999.0 -9999.0 -9999.0 -9999.0 -9999.0 -9999.0 -9999.0 -9999.0 -9999.0 -9999.0 -9999.0 -9999.0 -9999.0 16.4211587401 76.5175725527 92.7239648292 21.070602563 22.471736574 44.7555708819 65.4581506632 402.429598225 19.5019981621 78.1626985615 95.5000315879 112.324554829 9.06161323512 21.4269029048 28.47638832 131.976892595 146.519351486 150.549911168 4.81165955892 4.74520615788 5.80620729681 10.7821285395 4.67556588738 4.80564400732 6.78431740756 5.94610964755 6.96733902493 15.2705290548 13582.5519171 16913.0008234 15.8514040642 3.65365359574 1.46036416635 48.6874540588 45.3611501525 28.3411357499 25.7149972408 19.4931144527 4.88550852685
-9999.0 -9999.0 -9999.0 -9999.0 -9999.0 -9999.0 -9999.0 -9999.0 -9999.0 -9999.0 -9999.0 -9999.0 -9999.0 -9999.0 -9999.0 14.2223642168 45.9353194887 15.2500962227 24.8417968503 25.8713551369 48.8303742347 70.7948724872 89.7834514488 507.776319942 526.877140634 19.6155484892 37.3196845274 55.2207292323 66.8606099564 79.905272564 117.575289845 127.198868137 9.15245547095 7.26303028973 6.02352828606 7.09717463334 7.09822787213 8.20161986374 6.91831837894 9.01556148429 22.625555047 10.3046192204 3.109754809 2.96820854618 3.05804415446 5.66867426949 17052.3394786 119.525154288 56.8515360369 4.35042273303 1.9674746406 1.5510142722 6.35097265716 4.56908562771 2.46488368701
-9999.0 -9999.0 -9999.0 -9999.0 -9999.0 -9999.0 -9999.0 -9999.0 -9999.0 -9999.0 -9999.0 -9999.0 -9999.0 -9999.0 15.0798465341 28.8649037485 103.914678624 14.6162781544 45.7570914691 71.2003605174 94.878428194 24.1273893984 45.2346699217 63.6787536274 605.212728475 18.6388442842 35.294039823 51.8577455659 14.8298231133 29.385003984 37.9058140876 47.1837264689 1149.87494693 1164.23153058 1176.50879393 1232.40088879 1253.98359789 1296.80167115 9.94019207555 23.5670589392 27.5720547348 1414.47948691 1420.37702068 2.70040568545 4.8182762036 6.82355010058 17055.3810163 112.261067652 49.8206712467 47.4224303914 40.7634687127 37.0537658594 8.37230743583 1.91204851279 4.05013256328
-9999.0 -9999.0 -9999.0 -9999.0 -9999.0 -9999.0 -9999.0 -9999.0 -9999.0 -9999.0 -9999.0 -9999.0 -9999.0 -9999.0 15.0620209724 45.9435480318 164.913330997 243.726419011 13.170255641 320.308149729 430.954438504 22.9740439922 44.127586866 63.7768162742 785.932624702 801.388449513 15.0126827017 82.1828057412 96.1035882216 108.596480344 1051.54361277 1079.90578761 1095.19840639 7.18881650894 40.7187764833 48.2169398253 19.9194338399 28.5711379144 1336.13047036 1371.49941636 1377.88631263 1383.81243518 1426.63623613 3.0256077261 2.62977605468 11.4661502135 17058.1341709 3.17594156812 1.62706855705 4.69640686746 1.92424184748 33.7546090758 28.1266038203 16.8663307806 12.440551427
-9999.0 -9999.0 -9999.0 -9999.0 -9999.0 -9999.0 -9999.0 -9999.0 -9999.0 -9999.0 -9999.0 -9999.0 -9999.0 -9999.0 -9999.0 -9999.0 32.2117422098 64.731913283 289.070735129 305.261038446 445.121857813 461.013449627 22.2687463251 44.4835462784 103.962556028 814.629684987 845.72855256 857.965196253 9.67579330028 903.554524628 933.04367799 18.1895456741 7.30092008544 14.3376965978 27.6374437182 6.44817676835 12.6749933837 27.5404916199 34.1132930511 6.37837574405 4.06975673022 7.9540757423 1458.61530038 1469.29405524 1471.50489849 1489.61929606 17060.5557914 2.06459886961 1.00389188884 1.21465219543 1.23254792063 1.27862389011 1.12725886068 2.04913760771 1.52568269716
-9999.0 -9999.0 -9999.0 -9999.0 -9999.0 -9999.0 -9999.0 -9999.0 -9999.0 -9999.0 -9999.0 -9999.0 -9999.0 -9999.0 -9999.0 -9999.0 16.8987228089 16.5400988992 16.3376351279 33.1411705022 14.3921143553 489.632248721 504.26043406 20.4970232045 40.8765203382 19.6924554283 15.5920013149 15.0770886804 884.529865981 9.89564485829 19.8969463352 10.0043235404 7.95418774337 6.88134783112 5.1336285974 5.37287048844 16.2723823596 22.3503805225 4.14206980823 3.57259888192 7.78807904586 13.1330467349 18.0298535704 5.59994737806 1475.63066012 1492.00760412 17062.2391074 7.52783135181 3.40699810607 0.597355524093 1.711497533 0.493713648607 0.394392408963 2.49114552283 8.22298141678
-9999.0 -9999.0 -9999.0 -9999.0 -9999.0 -9999.0 -9999.0 -9999.0 -9999.0 -9999.0 -9999.0 -9999.0 -9999.0 -9999.0 -9999.0 -9999.0 -9999.0 -9999.0 16.3170739209 48.1318352807 61.3395808554 75.2979154667 517.863079445 531.577072483 545.457555294 562.118839158 576.80453134 607.28214581 616.913136711 626.102653475 633.869553595 7.02332151414 6.39267899209 6.76087575608 22.9598759217 6.06643452808 5.63924655944 4.30387048521 12.3741346219 4.9147481687 3.66756215637 3.35922533128 2.95287290895 5.8903354472 8.38584292988 1509.06856574 18580.7588619 1.92100844899 3.89497811536 0.468908416658 2.28223739377 1.16081473077 0.794852522746 17.2099462024 13.6306005469
-9999.0 -9999.0 -9999.0 -9999.0 -9999.0 -9999.0 -9999.0 -9999.0 -9999.0 -9999.0 -9999.0 -9999.0 -9999.0 -9999.0 -9999.0 -9999.0 -9999.0 -9999.0 -9999.0 13.8044236173 108.885775941 213.792900665 228.572496732 20.4366533601 40.9884799658 61.5821035865 78.5203735805 190.004671986 198.132618199 7.7901745696 7.51091442464 648.728070279 661.466773674 667.388822962 27.2938942456 3.8721454515 9.70500803375 14.1934231255 41.8531047155 51.1720510007 58.2445002476 6.38788997265 8.87797945209 3.0269020657 6.02813280245 3.12959313576 18586.4717556 1.6218413162 7.05781902121 2.3045466531 5.99135580697 14.9821366678 16.7469680159 34.9640853583 18.2542972641
-9999.0 -9999.0 -9999.0 -9999.0 -9999.0 -9999.0 -9999.0 -9999.0 -9999.0 -9999.0 -9999.0 -9999.0 -9999.0 -9999.0 -9999.0 -9999.0 -9999.0 -9999.0 15.2632906838 48.7075266122 95.3960436209 124.522597278 318.543796068 336.13490763 42.8686587159 63.0567569953 80.0131468547 96.9777816261 207.287588685 223.564000676 396.304727511 409.477184554 416.40485129 673.333523279 714.97650586 9.58044104364 6.37684584397 6.0204512547 11.362827503 5.05899714498 67.8961142121 71.2920266858 11.7176329016 15.6942947676 3.55332775629 4590.90333663 4597.67214569 23187.8966915 23197.6479711 1.78990636332 9.9992093524 2.47859194473 2.07590663529 39.3985947035 59.3666952514
-9999.0 -9999.0 -9999.0 -9999.0 -9999.0 -9999.0 -9999.0 -9999.0 -9999.0 -9999.0 -9999.0 -9999.0 -9999.0 -9999.0 -9999.0 -9999.0 -9999.0 -9999.0 -9999.0 17.4968212129 17.0076949773 32.2524034117 76.3613145629 350.448506387 21.9841844967 21.7361278244 39.0370300923 56.4725724514 137.490390183 149.913602656 8.27477859614 8.6524067794 425.522029719 431.991914251 1153.23983791 1158.80874141 3.36446234136 2.92122980276 2.32764948562 2.3539725647 2.58211791928 4520.44492839 4543.17868251 4563.59732086 4571.78920493 4587.02182195 3.75836639845 13.7579010496 16.6190660239 23219.9555904 23221.4589958 23225.4811583 23230.1066458 23234.3943361 63.1667952118
-9999.0 -9999.0 -9999.0 -9999.0 -9999.0 -9999.0 -9999.0 -9999.0 -9999.0 -9999.0 -9999.0 -9999.0 -9999.0 -9999.0 -9999.0 -9999.0 -9999.0 -9999.0 -9999.0 -9999.0 15.6778911197 16.3699131329 30.2793276943 409.988145337 425.367153096 21.4306487818 38.7765100104 56.4982417951 69.8322856432 11.7918770073 22.4939013703 980.790822257 988.027795269 995.530735846 1051.58606545 2217.09156889 4381.90177125 4390.23883751 4397.54868119 4404.52698762 4435.49266553 4445.64718057 18.7390915657 8.27526405888 5.02361070425 9.38383621648 6.86805393126 10.9346161164 3.42255368195 80.8981988698 87.6669878932 93.1587588393 94.4676086276 23236.4096861 23303.4933804
-9999.0 -9999.0 -9999.0 -9999.0 -9999.0 -9999.0 -9999.0 -9999.0 -9999.0 -9999.0 -9999.0 -9999.0 -9999.0 -9999.0 -9999.0 -9999.0 -9999.0 -9999.0 -9999.0 -9999.0 -9999.0 16.1083482174 30.7631807018 45.4809713187 437.764296843 16.8444848038 602.75489669 621.229841194 633.338952783 645.004216009 936.134166718 947.879694232 8.1605225849 41.4725243646 50.0528415395 7.56469343861 2156.57704636 2143.09640211 3.91424137211 9.10882834442 24.8191831664 5.56421395298 5.94392494555 4.25938218393 3.58464149396 2.70794545281 3.26619155213 69.8853855833 73.3763853248 77.6963721001 4.37019768694 3.82601739994 96.5060085109 98.2878779491 99.3103025505
-9999.0 -9999.0 -9999.0 -9999.0 -9999.0 -9999.0 -9999.0 -9999.0 -9999.0 -9999.0 -9999.0 -9999.0 -9999.0 -9999.0 -9999.0 -9999.0 -9999.0 -9999.0 -9999.0 -9999.0 -9999.0 14.7789560268 13.7672610366 71.4590086939 538.139247098 569.253223626 585.435636119 18.9406932903 263.966959402 275.000621273 280.048412934 10.6806433773 19.6542395728 27.2118373168 514.274444274 519.982148357 524.735710393 2134.42254464 1280.01782957 5.0852695579 5.35221199712 5.11343050626 3.94342989122 42.8926175452 51.1506327736 58.2949583699 62.3859352032 66.3044839905 523.989411174 526.809389742 531.310852048 542.223897263 581.77099378 583.133258957 683.900152538
-9999.0 -9999.0 -9999.0 -9999.0 -9999.0 -9999.0 -9999.0 -9999.0 -9999.0 -9999.0 -9999.0 -9999.0 -9999.0 -9999.0 -9999.0 -9999.0 -9999.0 -9999.0 -9999.0 -9999.0 -9999.0 -9999.0 28.8581262317 43.9522215786 15.8897362256 22.1103663684 196.83106204 216.502360829 231.02850034 106.013810353 116.930093567 128.633279621 137.321251083 501.174509964 509.331707941 312.457683712 843.600861078 849.560551357 1275.84992892 11.1538692564 5.61548899437 3.80854218632 30.0034156669 35.1549168843 2.96308904579 2.74022798885 510.444762191 517.675235657 521.319701519 5.20702231215 7.83733909002 575.444483046 4.12482820934 11.3855498962 12.4916684198
-9999.0 -9999.0 -9999.0 -9999.0 -9999.0 -9999.0 -9999.0 -9999.0 -9999.0 -9999.0 -9999.0 -9999.0 -9999.0 -9999.0 -9999.0 -9999.0 -9999.0 -9999.0 -9999.0 -9999.0 -9999.0 -9999.0 14.4191705241 28.5531203723 120.520237923 136.773146447 155.559376702 79.139419827 94.9407747066 11.6090374755 335.695896382 346.011658621 355.785645024 8.71114737388 297.33731986 305.788290142 6.1022033377 1246.46664051 12.7183494225 6.2796276835 16.5187519163 22.1555160835 4.14751336516 3.26675208825 473.152992841 503.830280114 508.210546325 4.44676491304 9.59130440924 12.0968952236 14.644679532 29.6112337027 4.10712134392 9.45947546196 1.7991649965
-9999.0 -9999.0 -9999.0 -9999.0 -9999.0 -9999.0 -9999.0 -9999.0 -9999.0 -9999.0 -9999.0 -9999.0 -9999.0 -9999.0 -9999.0 -9999.0 -9999.0 -9999.0 -9999.0 -9999.0 -9999.0 -9999.0 14.3774473375 45.0455647804 77.9059504469 18.653035922 39.9785059397 60.8210098178 288.514396387 302.919991507 313.982559184 10.1333981841 242.823464492 272.755216552 281.818161505 6.76489345454 1219.79690165 1234.55468372 6.81523656703 6.19741940647 12.2492168286 4.87147123467 450.302197161 458.790049795 464.017541888 19.7538132996 24.3785293842 3.95242935682 7.00730961552 3.08436494746 21.6083289981 3.26144216372 2.49813677976 2.66502989704 2.86357098259
-9999.0 -9999.0 -9999.0 -9999.0 -9999.0 -9999.0 -9999.0 -9999.0 -9999.0 -9999.0 -9999.0 -9999.0 -9999.0 -9999.0 -9999.0 -9999.0 -9999.0 -9999.0 -9999.0 -9999.0 -9999.0 -9999.0 -9999.0 15.718087846 17.0506938765 21.1716130085 191.641246947 211.811902169 270.796595307 15.6795470365 198.993738689 223.768405167 10.4687474391 21.2477263079 7.74644082884 1198.26196537 8.41941516022 22.144550616 27.2714288762 32.1377319926 418.084065954 436.285909046 441.974327255 5.72537004424 10.6102395793 14.9597547778 2.56667729666 2.31090878439 1145.49901191 1147.91816819 1149.93389687 1171.38520726 1174.04521575 1177.51116492 1179.70588385
