data/baseflow/mHMbf_acc298.asc
ncols                  80
nrows                 72
xllcorner      4374000.0
yllcorner      5656000.0
cellsize            500
NODATA_value       -9999
[rows 0 to 24 of 72, columns 0 to 54 of 80]
-9999.0 -9999.0 -9999.0 -9999.0 -9999.0 -9999.0 -9999.0 -9999.0 -9999.0 -9999.0 -9999.0 -9999.0 10.4880079923 12.8844129161 -9999.0 -9999.0 -9999.0 -9999.0 -9999.0 -9999.0 -9999.0 -9999.0 -9999.0 -9999.0 -9999.0 -9999.0 -9999.0 -9999.0 -9999.0 -9999.0 -9999.0 -9999.0 -9999.0 -9999.0 -9999.0 -9999.0 -9999.0 -9999.0 -9999.0 -9999.0 -9999.0 -9999.0 -9999.0 -9999.0 -9999.0 -9999.0 -9999.0 -9999.0 -9999.0 -9999.0 -9999.0 -9999.0 -9999.0 -9999.0 -9999.0
-9999.0 -9999.0 -9999.0 -9999.0 -9999.0 -9999.0 -9999.0 -9999.0 -9999.0 -9999.0 -9999.0 -9999.0 20.608353199 55.5693678279 11.0779700147 -9999.0 10.2172687815 -9999.0 -9999.0 -9999.0 -9999.0 -9999.0 -9999.0 -9999.0 -9999.0 -9999.0 -9999.0 -9999.0 -9999.0 -9999.0 -9999.0 -9999.0 -9999.0 -9999.0 -9999.0 -9999.0 -9999.0 -9999.0 -9999.0 -9999.0 -9999.0 -9999.0 -9999.0 -9999.0 -9999.0 -9999.0 -9999.0 -9999.0 -9999.0 -9999.0 -9999.0 -9999.0 -9999.0 -9999.0 -9999.0
-9999.0 -9999.0 -9999.0 -9999.0 -9999.0 -9999.0 -9999.0 -9999.0 -9999.0 -9999.0 9.24230751873 8.78102588243 9.40991884376 9.42049330994 72.6301149444 82.5439897549 27.6658922813 8.73859757759 -9999.0 -9999.0 -9999.0 -9999.0 -9999.0 -9999.0 -9999.0 -9999.0 -9999.0 -9999.0 -9999.0 -9999.0 -9999.0 -9999.0 -9999.0 -9999.0 -9999.0 -9999.0 -9999.0 -9999.0 -9999.0 -9999.0 -9999.0 -9999.0 -9999.0 -9999.0 -9999.0 -9999.0 -9999.0 -9999.0 -9999.0 -9999.0 -9999.0 -9999.0 -9999.0 -9999.0 -9999.0
-9999.0 -9999.0 -9999.0 -9999.0 -9999.0 -9999.0 -9999.0 -9999.0 -9999.0 8.75253183641 18.0191706562 35.8062551267 17.8043648428 8.52134671259 16.6985963925 90.2626731767 137.913598341 9.94142704545 -9999.0 8.72779196065 -9999.0 -9999.0 -9999.0 -9999.0 19.0331477014 9.77745715251 -9999.0 -9999.0 -9999.0 -9999.0 -9999.0 -9999.0 -9999.0 -9999.0 -9999.0 -9999.0 -9999.0 -9999.0 -9999.0 -9999.0 -9999.0 -9999.0 -9999.0 -9999.0 -9999.0 -9999.0 -9999.0 -9999.0 -9999.0 -9999.0 -9999.0 -9999.0 -9999.0 -9999.0 -9999.0
-9999.0 -9999.0 -9999.0 -9999.0 -9999.0 -9999.0 -9999.0 -9999.0 11.2306512981 29.9974912333 38.555380449 47.2022452204 61.9979436111 7.8919366439 31.8904802579 39.3342937587 194.653150774 7.89954652083 6.49389694014 15.9738146322 23.0336321 7.54233464926 -9999.0 48.8142920265 40.1728918418 10.8246036538 -9999.0 -9999.0 -9999.0 -9999.0 -9999.0 -9999.0 -9999.0 -9999.0 -9999.0 -9999.0 -9999.0 -9999.0 -9999.0 -9999.0 -9999.0 -9999.0 -9999.0 -9999.0 -9999.0 -9999.0 -9999.0 -9999.0 -9999.0 -9999.0 -9999.0 -9999.0 -9999.0 -9999.0 -9999.0
-9999.0 -9999.0 -9999.0 -9999.0 -9999.0 -9999.0 10.7702673424 9.25787992301 8.86389183697 9.18549206593 9.53189251263 66.6477523852 137.683966443 146.389095287 152.664557502 5.96548245331 208.22213357 215.027967483 13.6776869661 7.20606682759 29.9094763102 52.0913171626 7.89018318866 73.4599790513 7.57564559992 8.13462873791 7.81738619121 -9999.0 -9999.0 -9999.0 -9999.0 -9999.0 -9999.0 -9999.0 -9999.0 -9999.0 -9999.0 -9999.0 -9999.0 -9999.0 -9999.0 -9999.0 -9999.0 -9999.0 -9999.0 -9999.0 -9999.0 -9999.0 -9999.0 -9999.0 -9999.0 -9999.0 -9999.0 -9999.0 -9999.0
-9999.0 -9999.0 -9999.0 -9999.0 -9999.0 -9999.0 21.7999776416 31.8797815495 71.1323494111 97.4725178474 7.89310056356 8.41775087069 8.01722384837 23.1917739779 182.608530051 5.79906823836 221.575537846 248.084106727 20.2302467069 13.4516699294 58.5294270466 7.28884134596 80.4325295064 13.8024712554 6.93421433957 14.7368015782 15.6038120842 7.92750386006 8.20875218657 7.81651075752 8.92949137921 17.7994360957 -9999.0 -9999.0 -9999.0 -9999.0 -9999.0 -9999.0 -9999.0 -9999.0 -9999.0 -9999.0 -9999.0 -9999.0 -9999.0 -9999.0 -9999.0 -9999.0 -9999.0 -9999.0 -9999.0 -9999.0 -9999.0 -9999.0 -9999.0
-9999.0 -9999.0 -9999.0 -9999.0 -9999.0 12.4410439287 23.7774234314 11.2195457555 21.5291206121 108.155935148 125.999412936 143.547981759 487.350059711 7.7460211863 190.158822707 743.686476859 749.440603552 1007.86007001 6.35237867351 19.7206321054 65.0023254998 6.36871518023 159.54156459 72.4139515763 44.6307902922 37.6189338056 7.62289057025 23.4110329112 23.541336904 15.6138560501 7.57636949834 25.7165108646 7.51113553762 7.28959807464 -9999.0 -9999.0 -9999.0 -9999.0 -9999.0 -9999.0 -9999.0 -9999.0 -9999.0 -9999.0 -9999.0 -9999.0 -9999.0 -9999.0 -9999.0 -9999.0 -9999.0 -9999.0 -9999.0 -9999.0 -9999.0
-9999.0 -9999.0 -9999.0 -9999.0 -9999.0 12.5989897563 36.2770290048 71.8678463834 82.6850011892 164.425318641 174.294817274 206.029229925 336.244525637 514.586226579 532.370245173 540.685386824 13.6798935821 1033.05637482 1045.97546267 1079.87316939 1331.14525871 179.868066592 166.871647662 51.7522393722 6.89359119091 44.0399073525 30.2516547117 6.31767230571 30.4416285726 6.77206517888 14.2220022539 40.0226324084 47.3246262881 14.3747478948 7.03895837724 6.84752642857 -9999.0 -9999.0 -9999.0 -9999.0 9.38691237098 8.45619608917 -9999.0 -9999.0 -9999.0 -9999.0 -9999.0 -9999.0 -9999.0 -9999.0 -9999.0 -9999.0 -9999.0 -9999.0 -9999.0
-9999.0 -9999.0 -9999.0 -9999.0 -9999.0 11.9389533919 11.2845203311 48.5608518152 59.7418843195 71.4413214567 10.8950665411 21.4229643378 123.156225211 22.0346338999 9.91142414922 8.33313534659 7.15988050554 8.53593533076 7.7330353578 8.21782200819 1338.24700981 1357.96351237 6.36443066174 19.8601674418 13.6745950479 50.4430130717 12.9260738337 6.16298165026 37.4589110483 13.2863852049 32.8527798726 82.1528634065 75.7260167446 21.2063222371 20.5340414577 7.23318404969 7.15603301117 -9999.0 -9999.0 7.08387108973 19.0958294569 45.4355217918 9.07599449489 -9999.0 -9999.0 -9999.0 -9999.0 -9999.0 -9999.0 -9999.0 -9999.0 -9999.0 -9999.0 -9999.0 -9999.0
-9999.0 -9999.0 -9999.0 -9999.0 -9999.0 -9999.0 12.9365752942 13.1659896224 24.1513951551 35.6595538292 80.3853793591 102.477173231 113.692283405 11.7198060652 8.17295237271 116.034436535 140.900968172 148.25990672 180.601089111 187.502431891 6.96716672628 1365.04625893 1397.39760282 25.5492777854 4.25091357638 55.8077856096 123.897838269 49.6179883308 12.1601050889 6.17532604623 127.623632843 88.780102623 6.1707035014 6.18331644518 26.9660033422 21.1848635265 6.5738503963 6.28401548453 6.99905570772 13.8628374684 6.66775470353 55.2825628555 61.5850903992 5.90166229024 -9999.0 -9999.0 -9999.0 -9999.0 7.11338459517 6.57527346611 2.34667500318 -9999.0 -9999.0 -9999.0 -9999.0
-9999.0 -9999.0 -9999.0 -9999.0 -9999.0 -9999.0 -9999.0 12.2928587096 10.3929883791 22.5490442481 34.3963266333 11.1091712557 9.4623527016 62.10738309 80.7709277991 100.246534127 8.97849219266 17.0154392805 8.59207655353 194.966895118 441.867166895 450.516308966 1862.66164143 6.45806186608 11.9619924259 3.61264845626 129.654424611 6.00155425887 18.4741212158 5.99750028467 133.665851469 139.743128596 12.4373808903 12.2736193799 68.5346207453 34.6547884373 13.0770872383 6.72241763202 13.9027680525 20.643481572 33.4105870056 5.96246660668 73.3049209136 79.1514569157 5.27384424754 5.60494976432 6.09222414502 5.38350005068 5.12774265969 19.1478752072 7.46163601325 4.6545841207 -9999.0 -9999.0 -9999.0
-9999.0 -9999.0 -9999.0 -9999.0 -9999.0 -9999.0 -9999.0 -9999.0 22.7702817215 32.2044243904 10.9339392089 22.5924927332 33.0578874091 53.6560319647 10.5659608238 9.90065965398 7.97534440774 8.04959398511 6.99477681191 231.421059617 8.8791919777 16.9178205675 1888.64801687 1904.7650366 5.651329528 23.3536336812 158.297926278 11.8729126747 23.748209011 10.7957103001 16.063169503 163.024160141 17.9646707244 98.0645471868 80.502150233 6.16030937373 32.7756300601 13.3232826197 20.1951801364 6.19965685353 39.5118959356 51.1583435908 56.2797863127 61.0581727178 98.9745782371 9.96637556987 10.8488986187 9.69597070648 9.13353525885 23.7264770774 4.72669793287 16.8749246006 21.0637051275 -9999.0 -9999.0
-9999.0 -9999.0 -9999.0 -9999.0 -9999.0 -9999.0 -9999.0 -9999.0 12.2987734767 56.4525010596 66.9316895726 10.4546528191 20.3342152381 9.83038199397 8.64800683142 8.46889619513 110.825765984 147.380575459 183.157711603 221.896955453 9.36672122499 8.38211643293 7.68282584044 1942.8361271 1962.10369868 1968.29803 211.829701929 47.0947032 41.1111669164 4.9217602645 20.9092412201 189.047865547 5.05281998736 103.256739674 6.0356842178 43.194395872 39.5547883344 6.43765081233 26.4791103615 12.4059526714 18.5117765454 5.34819989289 4.60200550087 65.7583142058 70.0716028842 103.275112461 15.5602840879 14.1229204919 13.4193647073 28.7152158065 38.3105565514 4.78552014392 25.5663587549 4.9915526413 9.44986570377
-9999.0 -9999.0 -9999.0 -9999.0 -9999.0 -9999.0 -9999.0 -9999.0 -9999.0 12.9481822306 78.5097084673 88.7052125401 30.3261799881 50.082672872 67.8387446865 77.0440115454 9.73281017723 28.5071071493 18.8914584221 10.167624412 9.55299209077 8.00161711776 15.6143891593 26.6610400184 9.67447666174 2197.2147742 2203.03694885 5.20749056048 4.18806917194 10.1316365243 15.2278102385 204.137539472 10.0669431192 107.789219317 65.7774896591 54.7418771395 6.07978788264 12.2778212372 32.1147691162 5.6380532051 23.9947896641 10.6908807215 7.23052199426 2.83957323789 80.0859662029 186.901187215 18.798196987 17.4404947185 17.3521139244 3.97011981541 42.296083336 3.86257875717 34.2906308578 4.41086954496 13.9969980256
-9999.0 -9999.0 -9999.0 -9999.0 -9999.0 -9999.0 -9999.0 -9999.0 -9999.0 -9999.0 10.4795131173 109.752834524 9.83729940095 19.6064806066 28.1559092988 44.6678698801 8.47298270359 18.3661593498 8.7881821071 7.87799822481 7.32979177304 14.4744062131 6.33617805322 6.74954707864 13.4210836562 8.10571549469 2210.53590557 2221.95375986 2237.91800151 19.9235317224 5.22428599956 10.4167070341 209.715572708 199.683567948 77.3963754926 5.69510147341 24.0783600674 18.1172287825 37.7701611962 11.2451755408 45.8108577811 16.1399336496 11.4032212396 2.00781148097 3.19888636797 191.759930674 196.067471717 235.898668861 29.8985885947 8.24545787055 46.683188179 54.8125402101 92.8941711436 8.62400931676 4.07986203923
-9999.0 -9999.0 -9999.0 -9999.0 -9999.0 -9999.0 -9999.0 -9999.0 -9999.0 -9999.0 -9999.0 5.81711433043 121.735842795 9.16321223849 17.620712273 78.9022528675 8.62765097737 8.44609480236 7.02943749448 15.4425951463 7.90218641458 30.088527681 42.9197086523 48.6638972583 18.5615904608 23.2637771529 5.54789471854 7.17632544346 7.21659715707 2270.27223447 2285.15122909 214.219941826 209.122114091 204.471647237 9.66354742643 4.64287477121 29.3603725634 77.8071247966 43.1781229951 16.5585677045 67.6094605408 23.2089012728 18.3304665749 3.99763006051 1.7372114817 1.53674309079 1.8547211629 247.758390012 290.54619415 4.06735003739 3.71720340632 4.12621135417 97.0695655458 109.544164994 7.3415967198
-9999.0 -9999.0 -9999.0 -9999.0 -9999.0 -9999.0 -9999.0 -9999.0 -9999.0 -9999.0 -9999.0 5.29949092017 134.325447154 164.540443859 8.65650952363 95.8576217001 7.68630565563 7.03173257245 14.4439904811 37.5682583658 7.4320776559 8.0801663036 6.29849244433 61.1061890846 66.9648725871 96.7079844399 107.196018702 112.36982397 117.533834329 123.208484004 2414.69315529 2638.18445493 2856.16007341 2860.83206779 4.29955908949 4.70229145435 88.435530817 83.1644191791 5.29061838707 5.23503405031 72.8906765175 101.451262262 4.09767425077 49.6525742475 46.6348540083 10.6112248308 4.79140166206 8.41356562665 5.0596724544 298.70998059 4.19594763466 11.4811224923 14.603953073 134.153756202 143.889344478
-9999.0 -9999.0 -9999.0 -9999.0 -9999.0 -9999.0 -9999.0 -9999.0 -9999.0 -9999.0 -9999.0 11.4203982714 21.6846504932 174.362529705 190.428483254 8.08497825309 113.020068371 6.2170058206 19.427889789 44.2447093335 14.2620164128 6.77322552942 14.0269193245 5.36095602039 10.3964250524 5.25256982869 4.61609258778 3.53191721028 3.16239955064 2.50566361168 2.18868533991 3.39063612695 4.82066931016 6.35714112071 2876.28824358 103.436478598 95.6673323164 3.33790397207 15.0584604218 4.33187697075 4.15952493827 106.324002559 170.940367938 55.3301105547 42.7065997145 6.88633484442 2.70801816995 2.26578684667 5.80790571573 308.747347387 316.783792154 4.23967714572 4.38944967662 3.28697743759 2.56672247856
-9999.0 -9999.0 -9999.0 -9999.0 -9999.0 -9999.0 -9999.0 -9999.0 -9999.0 -9999.0 -9999.0 -9999.0 8.82968528294 134.413577838 333.790170467 361.22852349 482.086483428 491.312634392 100.23871529 72.4408760159 21.2028633231 6.61164933901 27.0711773094 33.2419659396 49.0710895972 10.8970632528 9.72597989163 8.79064436747 17.0501630891 7.46965492889 6.89358766376 3.72590598053 2.38713794821 1.97963353136 2881.03847413 2987.9575616 2992.64208771 3.38981382822 41.142086027 18.9299739054 5.38371946915 188.354677448 12.6353765219 6.62378978515 27.402243084 5.14302523377 3.91746501442 7.37192836599 10.6041817958 14.4333008547 323.410175688 3.09538672285 2.6801720317 2.66319500002 1.81827630972
-9999.0 -9999.0 -9999.0 -9999.0 -9999.0 -9999.0 -9999.0 -9999.0 -9999.0 -9999.0 -9999.0 10.4452516201 103.139864818 124.843054492 19.3458370515 6.18873841179 13.3679196611 512.065279529 519.670192387 628.661897919 5.9470096875 12.4642335835 5.35752594261 5.46884383881 54.4818762492 70.7644192081 85.3193107454 4.69850935136 21.7787411178 33.8552836569 19.5922443454 8.28178891935 5.87603263978 4.52813973946 4.72883145433 2.05838040082 2996.38232857 2999.04813337 3045.64606224 8.85652466116 4.73863245959 194.431025731 13.2826813034 6.89931644993 7.75611876189 7.68824080593 6.55104046119 10.9265993381 31.3096817871 49.9880766553 376.609767009 2.29629477664 6.9504150305 4.72016565605 3.69774832394
-9999.0 -9999.0 -9999.0 -9999.0 -9999.0 -9999.0 -9999.0 -9999.0 -9999.0 -9999.0 -9999.0 10.8219606052 73.7701552086 11.3067913156 9.18787481119 51.0085773279 58.9566111866 66.7763124415 73.6597165781 856.740218274 863.165686843 875.121242674 969.093512142 985.473080302 994.327221003 999.930836372 1096.31341135 1108.97720856 1113.99444947 1153.32185426 1178.42748679 1182.95938401 1196.9175006 8.83523787247 7.53949330184 1.30830106757 1.18724516901 3002.12199863 3060.94598272 12.663092681 229.723739086 225.114326943 24.3603012869 5.64906279024 5.71013558749 5.43563657754 5.59772632255 11.2909719825 16.1649408584 4.78417561512 379.68059026 382.986376723 397.481857439 400.155984687 406.373525388
-9999.0 -9999.0 -9999.0 -9999.0 -9999.0 -9999.0 -9999.0 -9999.0 -9999.0 -9999.0 -9999.0 38.8113923079 51.0638881374 22.8028791062 33.4212146457 10.4005581391 116.150026188 124.517439217 141.234669025 147.483962525 53.4918154538 939.351085131 945.710327552 5.17958574327 3.26144406793 2.99838593618 6.66070493459 3.20409803305 2.50095628932 2.33930038445 2.47188031775 1186.84171563 1201.16440721 1215.25296089 1227.24684349 1232.07441902 1.88690222495 0.553332816209 3300.72890789 237.328577505 234.718554512 5.11177573081 4.63817614428 4.16321043112 9.92327190545 9.67167369068 4.42593949774 4.46808224201 4.21094118839 8.90193603543 11.7635400274 2.23298293332 4.06534205988 1.3831311201 0.748298095318
-9999.0 -9999.0 -9999.0 -9999.0 -9999.0 -9999.0 -9999.0 -9999.0 -9999.0 -9999.0 -9999.0 -9999.0 26.2947920941 11.9645950661 10.477170193 99.2997024153 108.237041774 8.94234611959 33.8578064382 41.5615911459 47.7320060742 7.39008264872 4.85911123675 137.389364111 141.172561735 144.633984358 382.418548312 384.849206027 389.412200854 417.065108559 430.368449434 432.273837783 2.34726756382 2.52632811675 2.32356387616 1235.92417651 1.31585464382 3338.35497665 3336.01338609 33.1815487813 29.8522151429 18.8572390998 4.62383649391 8.3049608228 14.1976882891 13.9584570732 8.58564005382 4.24288516619 8.35918003877 8.36946809269 15.4660016738 2.51796617924 6.25303636179 10.1986725865 11.8488131099
-9999.0 -9999.0 -9999.0 -9999.0 -9999.0 -9999.0 -9999.0 -9999.0 -9999.0 -9999.0 -9999.0 -9999.0 13.7093322102 36.1055086112 46.8338525654 78.9399045818 8.74419015212 17.8782581843 26.2428873457 104.764258654 110.939921898 115.571988874 121.062800603 128.216749832 205.894280986 225.404686763 235.251265821 3.5372621541 22.2979535792 25.9201430448 424.143215751 435.209300796 441.272225307 447.655384178 451.747206508 1689.57335901 2.54939003982 3347.10050345 3.62505678489 1.66589029447 25.2220567519 22.3022715894 2.82422023072 12.0567217759 18.0700660329 17.7157067135 12.0344587509 19.6993120048 31.1937802936 11.8642810846 30.6280376658 2.2599330553 3.8364815161 0.583134149385 0.452332064425
