data/baseflow/mHMbf_acc315.asc
ncols                  80
nrows                 72
xllcorner      4374000.0
yllcorner      5656000.0
cellsize            500
NODATA_value       -9999
[rows 25 to 49 of 72, columns 0 to 54 of 80]
-9999.0 -9999.0 -9999.0 -9999.0 -9999.0 -9999.0 -9999.0 -9999.0 -9999.0 -9999.0 -9999.0 -9999.0 32.2734261116 63.884511974 29.8376755056 61.2752610157 28.8349544204 209.758653566 265.886791399 294.481629539 26.6311519907 51.6429255938 481.506953857 604.884221882 629.739146972 56.4481308279 55.4877903134 81.8323636263 21.601203885 20.8728385458 39.5230531536 17.252510463 750.639823291 767.880546133 786.48685307 6309.82596715 12493.9324557 12380.104782 32.4968715336 13.1161202458 11.7775668977 45.4283674332 33.0215238045 74.4985619608 99.1740636141 198.391842086 17.8619315771 17.8500973035 164.318179265 181.42381888 355.987911454 368.583862448 400.03575063 413.274559876 11.378822542
-9999.0 -9999.0 -9999.0 -9999.0 -9999.0 -9999.0 -9999.0 -9999.0 -9999.0 -9999.0 -9999.0 -9999.0 -9999.0 31.7193139996 62.2817020377 92.4280706071 151.134956581 30.6668146686 28.6566005043 186.608730914 213.056102606 432.614648059 458.659472971 74.9481984782 27.3638279049 27.8894859586 27.5126926416 633.230083079 656.169604468 678.323899175 697.57819338 733.483563015 167.753667038 185.503011823 987.657240439 19798.6339002 99.0558040744 85.0724630164 46.0267629029 10.8106851281 9.85181893054 69.0684705914 77.7636728842 95.4181612037 10.4331226478 210.839834703 31.7927924115 31.4897259706 9.03041517743 6.48897613696 5.73610995989 4.97312609868 5.80741918276 421.160456463 6124.02930974
-9999.0 -9999.0 -9999.0 -9999.0 -9999.0 -9999.0 -9999.0 -9999.0 -9999.0 -9999.0 -9999.0 -9999.0 -9999.0 -9999.0 30.693986695 55.4774172676 77.531851118 100.406757145 129.290418817 158.658705913 86.2171861664 141.251760537 26.1692240822 26.1395461664 503.19571497 555.245174686 579.989332132 607.328462774 24.9591877299 47.6241526801 113.483451945 134.722230662 152.170005574 19.2737713048 13.9274598923 19837.0264607 14.0784161742 20.77692494 9.80546641039 41.0160546074 19.8254940062 9.49927277176 183.262235151 190.342219899 6.26881222793 217.452303461 255.818873678 39.3440715279 6392.69273749 6377.6313839 6364.33417574 6339.42757826 6329.96332476 6160.48233909 6154.0062117
-9999.0 -9999.0 -9999.0 -9999.0 -9999.0 -9999.0 -9999.0 -9999.0 -9999.0 -9999.0 -9999.0 -9999.0 -9999.0 -9999.0 4.97725767149 11.7579749879 21.669782684 183.481985805 213.787238269 30.0776402413 28.9300637855 27.7985004059 398.000634066 451.334147521 26.1124863997 27.0562620799 24.3750991067 97.3553986198 121.063168587 72.6752999071 91.4470933887 544.288187108 564.386003672 599.619251296 968.916405753 20813.8213113 12.7247705167 8.16093890505 60.247704791 50.65230522 7.89183786863 25.5217835333 32.7042973017 198.612226433 205.07593327 478.749524974 261.546364496 45.7727706745 6530.65342304 61.0565150723 6352.24737051 6346.15437421 160.11340018 8.40160507894 24.6431998763
-9999.0 -9999.0 -9999.0 -9999.0 -9999.0 -9999.0 -9999.0 -9999.0 -9999.0 -9999.0 -9999.0 -9999.0 -9999.0 -9999.0 25.7486521985 41.8770242602 90.0448397399 156.044079532 233.476410909 287.248240891 316.158010542 344.678169208 372.105089712 26.6656324133 25.6153339454 50.8374528038 48.9246575602 24.678587623 466.321305009 489.696511187 511.941227666 533.43710945 317.80191836 339.151911728 356.227777192 20820.4964749 20.9446643118 20.2691087954 86.5932342379 9.04762448572 13.4049819068 6.65002117412 6.61983452982 38.7376362952 5.16955942698 5.6213713974 7040.95057721 6558.00894139 6552.42039319 23.875097629 55.4785474785 36.8608011183 9.73687141128 146.809688525 44.8820234992
-9999.0 -9999.0 -9999.0 -9999.0 -9999.0 -9999.0 -9999.0 -9999.0 -9999.0 -9999.0 -9999.0 -9999.0 -9999.0 -9999.0 18.0439762654 16.3255198011 31.6134328965 49.069540943 27.2098757388 29.8648148393 58.5538555154 87.1495026363 141.71285188 169.048247216 195.431507873 272.869087903 297.247310869 322.373610375 23.6797818084 237.210949781 258.933888533 279.680105874 18.6139968449 12.734489511 21.7335578229 21193.9054076 21200.1867208 21233.4148227 110.830697147 17.846400527 22.8749228615 6.20710375567 11.4194737657 43.6185631003 53.0526763285 9.97881189538 7065.93493229 7.81339858027 13.5230763174 15.1824325751 10.6644676678 20.3935374453 8.40045264019 91.3434201513 73.7300252002
-9999.0 -9999.0 -9999.0 -9999.0 -9999.0 -9999.0 -9999.0 -9999.0 -9999.0 -9999.0 -9999.0 -9999.0 -9999.0 -9999.0 -9999.0 15.2023947407 30.3189329736 15.6740736024 32.6491341776 208.252313898 234.31778865 263.395816432 27.1970448015 27.2857004972 53.8701682834 79.9512101554 128.629653604 152.834680886 167.029587978 190.113613608 20.9339162679 20.330699453 317.970200582 329.413822496 337.496684019 344.829588782 279.397295163 21543.2831912 21700.0214576 21707.3827864 21736.9890422 21768.9757902 21786.3860581 5.06685586304 57.3388523202 7070.91012269 12.9237856854 6.66699191909 6.07314770235 5.25617362911 9.28386721333 10.1063521755 5.93539322284 8.81583815973 9.01909247614
-9999.0 -9999.0 -9999.0 -9999.0 -9999.0 -9999.0 -9999.0 -9999.0 -9999.0 -9999.0 -9999.0 -9999.0 -9999.0 -9999.0 -9999.0 -9999.0 45.1614192505 62.7518776789 113.638626275 156.029336961 23.5496465932 316.521872238 343.50662732 371.06017653 27.196509553 53.6841820598 24.6108013031 179.996438612 193.513200359 214.537521259 236.143780799 292.280705984 300.867654476 5.54621651514 252.237965623 266.494268897 272.689166832 303.253927482 39.3411776638 25.4757342624 16.6723186018 16.1482350209 21805.6124556 21814.2818323 21912.24001 7075.6640778 32.3303287049 15.4148931287 10.1977297744 3.2410203372 30.1687255771 16.6078412132 5.21827738857 29.7223283745 25.3590259198
-9999.0 -9999.0 -9999.0 -9999.0 -9999.0 -9999.0 -9999.0 -9999.0 -9999.0 -9999.0 -9999.0 -9999.0 -9999.0 -9999.0 -9999.0 -9999.0 17.383998028 79.6239304784 97.5493053705 25.6159976708 29.1116307696 57.5270613594 84.6357500343 483.368953486 26.9413796039 107.91662708 132.831357609 157.515025277 14.2335197808 34.2598588958 47.6134308508 202.06290707 227.484549353 232.975112206 6.76766530929 7.53770907318 9.58539694757 17.5205232154 7.77341810474 8.41951035492 15.2519486594 12.7319634431 14.7024466277 35.0417606939 21921.6080037 29019.0303122 39.8748689758 7.20526888458 3.05582333627 96.8089184302 89.6195414831 54.3282034986 49.1949811962 37.2620791195 8.73985788388
-9999.0 -9999.0 -9999.0 -9999.0 -9999.0 -9999.0 -9999.0 -9999.0 -9999.0 -9999.0 -9999.0 -9999.0 -9999.0 -9999.0 -9999.0 13.6050452866 47.1512707791 15.9935320736 30.029246509 31.6354791434 60.7871102918 88.6670611123 112.946153629 614.655198748 640.862327171 26.7848913687 51.6778099008 76.5721279167 94.7925508263 115.784446791 181.343576087 194.814530077 17.7283163106 13.5203301962 12.4914552844 16.9383270305 15.8287580555 15.5057351097 13.2238534315 16.2001882162 50.4983712684 23.2452117785 7.31788477198 6.92340018469 7.500780609 14.0864122447 29289.596003 222.4741969 110.233843624 6.26287176317 2.58463883489 2.57250078778 11.1018793186 8.22380483124 4.50163558715
-9999.0 -9999.0 -9999.0 -9999.0 -9999.0 -9999.0 -9999.0 -9999.0 -9999.0 -9999.0 -9999.0 -9999.0 -9999.0 -9999.0 14.4932508949 27.6548620035 104.423961151 15.7265679274 55.3141522714 86.931729946 117.390884276 30.0910453851 57.6833280158 80.2753811503 738.694917734 25.9708519419 50.1224936144 74.0764070539 22.4806615472 44.8106806424 62.438132954 76.5186582667 1569.31766073 1596.73892597 1621.3678585 1729.23853818 1777.46843982 1866.70926264 21.9884367973 50.8246191556 62.9672157833 2126.73137567 2141.52010688 6.38363540052 11.8919965594 17.1002341714 29295.8296865 208.063561942 90.060093586 87.064022696 70.359017167 62.969434112 14.6822974486 3.22756092032 7.21577998054
-9999.0 -9999.0 -9999.0 -9999.0 -9999.0 -9999.0 -9999.0 -9999.0 -9999.0 -9999.0 -9999.0 -9999.0 -9999.0 -9999.0 14.7935040223 44.5314294852 163.438242556 239.525837242 14.1843251699 320.415491153 455.676481016 28.9540569508 56.2632135466 80.3358429392 965.532062489 985.173327977 24.6218998114 123.738923346 146.362680073 165.790088344 1395.28426383 1448.67961344 1476.96354414 13.3069554594 76.1170645255 90.2353398536 41.5460905732 60.3023850205 1949.24008859 2026.29085014 2041.02123262 2055.06176428 2157.3242523 7.67645870676 6.27591885428 28.1361182827 29301.3374092 4.78151449457 4.88046912887 14.2263523772 5.16911730694 58.1510941006 45.1920846184 26.3330915797 19.6916578927
-9999.0 -9999.0 -9999.0 -9999.0 -9999.0 -9999.0 -9999.0 -9999.0 -9999.0 -9999.0 -9999.0 -9999.0 -9999.0 -9999.0 -9999.0 -9999.0 30.9225809691 62.2788386214 285.58776611 302.683737961 470.549631908 488.549542927 28.2235686956 56.2737321135 131.893565816 1002.23998727 1051.47829592 1074.28082098 18.4666111006 1155.16153651 1211.76144408 34.9575197574 13.4477784366 26.5945330436 51.4715595191 12.1156053378 24.5831769028 55.1313935088 69.2619280885 12.5829110941 8.48715880274 17.0781669584 2219.36759767 2240.3921912 2245.72804044 2287.57534978 29306.3349603 2.68808806689 3.62035013044 4.07894498454 3.93040179775 4.02297641975 3.47060484956 6.51992815548 2.04431395379
-9999.0 -9999.0 -9999.0 -9999.0 -9999.0 -9999.0 -9999.0 -9999.0 -9999.0 -9999.0 -9999.0 -9999.0 -9999.0 -9999.0 -9999.0 -9999.0 16.1780665783 15.8515873709 16.1838450535 35.3973054069 15.8039837882 519.640368613 536.058772312 25.6136270054 51.6585945942 28.3954374182 25.0841142115 24.6768289335 1119.66371949 19.6938483796 39.0371061289 17.8852749218 14.2448641113 12.7990304748 10.0745523896 10.4371804118 31.2516981555 42.5027509001 8.17241893255 7.19932658284 15.1345067474 24.7817762657 33.0285745831 9.67222782686 2253.60702648 2292.85511908 29309.5817656 15.8413454065 10.9287892969 2.44377349979 5.89129208902 2.0010916577 1.50353855767 8.15604975328 11.1439204484
-9999.0 -9999.0 -9999.0 -9999.0 -9999.0 -9999.0 -9999.0 -9999.0 -9999.0 -9999.0 -9999.0 -9999.0 -9999.0 -9999.0 -9999.0 -9999.0 -9999.0 -9999.0 15.6713814474 50.0205301571 63.5463714987 78.6337842293 550.580284792 565.041147578 580.481032708 601.260500636 625.496037035 674.800829234 693.744764583 712.761399858 728.651077932 13.2022299804 12.2663780943 12.7194642653 44.0678131526 11.4060783182 10.6776641148 8.66713965896 24.669690908 9.36845278454 7.06638574451 6.56924676752 5.62584451678 11.2266711768 15.6511595201 2323.81113644 31653.0801578 2.0846583794 5.15831615903 2.15220499441 8.09889777685 4.45219518543 3.02622894511 27.5993340111 17.972182824
-9999.0 -9999.0 -9999.0 -9999.0 -9999.0 -9999.0 -9999.0 -9999.0 -9999.0 -9999.0 -9999.0 -9999.0 -9999.0 -9999.0 -9999.0 -9999.0 -9999.0 -9999.0 -9999.0 13.1970417401 103.854391461 211.322391562 227.904270339 23.6173158523 48.9001777694 74.9303405537 98.7366573662 248.702695823 263.202797979 13.9099362675 13.375727994 755.261893307 778.964950339 789.862620555 52.570795377 7.94074731493 18.9057206113 27.7627398534 81.583995294 99.0837215752 112.396483235 12.2318466015 16.7502539688 5.37756826416 10.3268028489 5.13542200203 31662.9117056 1.92552971434 8.63205773456 4.76074205109 15.0615596504 27.767019431 31.8381624604 60.4589752865 25.2610666032
-9999.0 -9999.0 -9999.0 -9999.0 -9999.0 -9999.0 -9999.0 -9999.0 -9999.0 -9999.0 -9999.0 -9999.0 -9999.0 -9999.0 -9999.0 -9999.0 -9999.0 -9999.0 14.6036957976 46.3905839123 90.8999516355 118.878096024 313.700068334 333.65117657 53.2949734113 79.14828982 102.087501474 126.614176619 280.325345949 309.585797291 552.448660028 572.269584729 584.974792577 801.203832041 882.538249532 19.046075977 11.8908325328 11.4794371524 21.6848702509 9.61893606464 130.098089891 136.331192862 21.8276277352 29.1726755906 5.94788013136 5949.13513986 5959.08433163 37628.5457363 37640.9214352 1.77430945779 18.9216560752 2.43327879893 2.27435743688 65.9916611693 93.389367863
-9999.0 -9999.0 -9999.0 -9999.0 -9999.0 -9999.0 -9999.0 -9999.0 -9999.0 -9999.0 -9999.0 -9999.0 -9999.0 -9999.0 -9999.0 -9999.0 -9999.0 -9999.0 -9999.0 16.5355189127 16.0620718102 30.4850277492 72.4515816468 347.785416358 27.0714859614 26.7454480613 49.8659082991 72.9308072944 184.211247029 203.585736476 13.5172468836 12.7478601475 599.892890976 611.756257453 1505.46787336 1515.80995649 6.87319792139 6.0578525813 4.84082993336 4.88969106429 4.8262112514 5834.3927027 5869.78055905 5906.68459747 5919.77155469 5942.47263766 5.34103176901 19.5595401279 23.9002710603 37672.9321443 37675.1373743 37680.7896221 37688.5100887 37694.5534822 98.3709342293
-9999.0 -9999.0 -9999.0 -9999.0 -9999.0 -9999.0 -9999.0 -9999.0 -9999.0 -9999.0 -9999.0 -9999.0 -9999.0 -9999.0 -9999.0 -9999.0 -9999.0 -9999.0 -9999.0 -9999.0 14.8295237775 15.473747523 28.759069784 404.140919533 421.080494013 26.5237408659 49.5370657741 72.8475788428 92.5214672055 18.3266702802 34.272018191 1078.84147614 1091.95396124 1104.2618674 1194.38230063 2721.62437698 5580.82089377 5596.71100605 5610.65380246 5623.96957874 5675.54008457 5691.99548729 28.8690810345 12.9282206549 7.45121931855 14.0149388343 9.66180214105 15.3961951268 4.63294386046 116.525633161 123.989548449 129.441807225 131.326297767 37697.6779183 37802.0244037
-9999.0 -9999.0 -9999.0 -9999.0 -9999.0 -9999.0 -9999.0 -9999.0 -9999.0 -9999.0 -9999.0 -9999.0 -9999.0 -9999.0 -9999.0 -9999.0 -9999.0 -9999.0 -9999.0 -9999.0 -9999.0 15.113197655 28.9598521821 42.8703869927 433.025510643 19.8105626174 605.892235384 629.916516967 649.081277618 666.143401934 1013.18248433 1029.35091755 13.8484020483 66.607129154 80.1364020778 12.4706043323 2843.09656371 2820.79313154 6.87381151382 15.5514918298 40.5342619291 8.76897598618 8.79882336618 6.50540669182 5.2342041203 4.08997742238 4.52018620966 101.982867813 106.444032421 111.864753607 4.21722820423 3.32150104296 133.104939614 135.241861573 136.516183482
-9999.0 -9999.0 -9999.0 -9999.0 -9999.0 -9999.0 -9999.0 -9999.0 -9999.0 -9999.0 -9999.0 -9999.0 -9999.0 -9999.0 -9999.0 -9999.0 -9999.0 -9999.0 -9999.0 -9999.0 -9999.0 13.8354047128 12.9744730265 67.1969933934 529.256166975 563.709231952 583.01973659 25.5007763401 304.024456376 322.116539595 330.534222826 15.4645283716 30.1656100102 43.0653097269 696.32337782 706.048301156 714.273717291 2805.79924941 1620.1594762 8.45567872615 8.46922006191 8.16896883348 6.18162615996 63.9234500409 75.8026447637 86.2306081686 91.7610325945 97.0787681866 721.144311013 724.825400344 730.609078476 745.077609032 791.306714107 793.061914085 931.363949683
-9999.0 -9999.0 -9999.0 -9999.0 -9999.0 -9999.0 -9999.0 -9999.0 -9999.0 -9999.0 -9999.0 -9999.0 -9999.0 -9999.0 -9999.0 -9999.0 -9999.0 -9999.0 -9999.0 -9999.0 -9999.0 -9999.0 27.0276276369 41.2761719571 16.6581443798 26.9504370025 208.279484437 234.995582942 256.978539469 143.472965555 161.964118096 180.556580183 194.401015686 674.980840025 687.329019132 443.934833961 1168.1005594 1177.40879047 1612.981102 16.935005629 8.41781869329 6.01575691582 44.4380721427 51.8032442904 4.1026246457 3.79596402069 704.605179445 713.555315104 717.718971343 6.88226798873 10.2306274598 784.132735107 4.56953625825 12.3027360729 13.5464204903
-9999.0 -9999.0 -9999.0 -9999.0 -9999.0 -9999.0 -9999.0 -9999.0 -9999.0 -9999.0 -9999.0 -9999.0 -9999.0 -9999.0 -9999.0 -9999.0 -9999.0 -9999.0 -9999.0 -9999.0 -9999.0 -9999.0 13.5277421701 26.80658561 117.389832054 134.757639925 156.911264292 101.030840485 124.089990876 19.7705493227 432.998055016 451.165236053 467.837561512 13.9220468194 420.678759313 433.322594875 9.6186823132 1568.28588776 19.2843823084 9.60165698524 24.0385121051 32.4839958412 6.07806650152 4.93860583453 657.789536075 696.494562315 701.788384773 5.53385337671 11.2659136505 14.3768747284 17.2629161082 34.1711956204 4.41912003719 10.1075343226 1.9554533579
-9999.0 -9999.0 -9999.0 -9999.0 -9999.0 -9999.0 -9999.0 -9999.0 -9999.0 -9999.0 -9999.0 -9999.0 -9999.0 -9999.0 -9999.0 -9999.0 -9999.0 -9999.0 -9999.0 -9999.0 -9999.0 -9999.0 13.3846617171 42.8527625436 76.5470758773 20.726318911 47.0788511091 75.048717837 354.220470886 376.350534541 395.243445007 18.1178946749 330.810989739 381.770944753 395.970908085 12.0058991735 1528.20966237 1549.55226354 9.86343100197 9.08131120481 17.397609046 6.84275642316 626.378713043 638.167112892 644.644053549 24.8558893554 30.208608423 4.61460293813 8.05282588067 3.46856859348 24.7680015142 3.45133353533 2.54120660864 2.71297187853 2.75154268385
-9999.0 -9999.0 -9999.0 -9999.0 -9999.0 -9999.0 -9999.0 -9999.0 -9999.0 -9999.0 -9999.0 -9999.0 -9999.0 -9999.0 -9999.0 -9999.0 -9999.0 -9999.0 -9999.0 -9999.0 -9999.0 -9999.0 -9999.0 15.4881694204 17.7570908872 24.2553534216 223.576720625 250.723002469 329.555949014 23.1926076344 256.661689119 296.474487095 17.8062168285 35.4824652041 13.8295578993 1492.88261886 13.4062961463 34.238278109 42.1083551741 49.673784911 582.220260741 607.517930894 614.874072128 7.37946169942 13.4597433863 18.9159522261 3.16850679979 2.83694279395 1394.36575646 1397.13005565 1399.33829764 1421.26323741 1423.98932256 1427.44031407 1429.59449966
