data/baseflow/mHMbf_acc591.asc
ncols                  80
nrows                 72
xllcorner      4374000.0
yllcorner      5656000.0
cellsize            500
NODATA_value       -9999
[rows 25 to 49 of 72, columns 0 to 54 of 80]
-9999.0 -9999.0 -9999.0 -9999.0 -9999.0 -9999.0 -9999.0 -9999.0 -9999.0 -9999.0 -9999.0 -9999.0 24.3273272384 48.5984610894 22.9480597337 45.5402798154 19.9217751963 153.999931795 190.904385042 209.773947919 17.0144394055 33.6591629046 326.003927792 403.129217672 415.225480541 23.0947775121 28.4947304264 39.5285314603 6.54210456097 6.03389238978 11.2524149586 4.99146869315 477.815929739 484.249223646 490.629633763 3822.70060638 7477.16310625 7438.04149195 6.44223788962 3.31587164896 3.04604214182 15.3575201648 12.5035379952 31.8260742557 45.1458456562 89.9413095775 8.23064193701 8.18746994332 73.9081152542 81.2471633781 153.817818907 157.100172936 167.156419966 170.008425317 3.5421181681
-9999.0 -9999.0 -9999.0 -9999.0 -9999.0 -9999.0 -9999.0 -9999.0 -9999.0 -9999.0 -9999.0 -9999.0 -9999.0 23.9360607045 47.5767340998 71.2874792275 112.746342081 21.2499141258 19.0533276543 130.022125706 147.340319759 294.378793512 311.91225838 48.9620975555 14.7793678039 12.0376416035 10.3989836493 441.373871796 448.763871842 455.839067277 461.496598451 472.006364794 74.1798753962 77.9387215756 572.58604677 11875.978377 29.2986436414 21.5047412318 9.93222089063 2.93387976291 2.58070924149 21.1141800271 23.0305383818 36.7529352753 2.56638334767 93.6403502487 13.8197630158 13.6093892947 2.44678243698 1.55616351093 1.31700566423 1.28219217725 1.29390580345 171.298341571 2096.13675016
-9999.0 -9999.0 -9999.0 -9999.0 -9999.0 -9999.0 -9999.0 -9999.0 -9999.0 -9999.0 -9999.0 -9999.0 -9999.0 -9999.0 22.5347612061 40.7766032193 56.9284788623 73.0482111527 92.0665828204 111.528467876 56.8997098353 95.085767653 17.5169789838 16.5953334389 374.891582003 405.676829838 419.286058837 432.590002781 8.77959393655 15.9820659147 47.3324904752 58.5370123704 67.1454295717 4.75235419673 3.08077664772 11891.3532222 6.43809456369 8.41904597785 5.40550912431 14.5023839154 6.18415943297 3.89430404115 62.2342113815 64.2964146483 1.58076443327 95.3661193752 112.027204444 18.376106365 2160.40694649 2155.04225266 2151.45305327 2145.45449179 2142.99062818 2107.33689022 2104.54028037
-9999.0 -9999.0 -9999.0 -9999.0 -9999.0 -9999.0 -9999.0 -9999.0 -9999.0 -9999.0 -9999.0 -9999.0 -9999.0 -9999.0 4.76221952496 10.6794334171 16.5436522238 160.45903554 180.392936854 20.1837928119 19.163524977 19.4510420799 308.326792212 344.422916825 16.8935406425 17.1335450875 13.5550128291 58.7800766081 73.055893615 29.4744780021 39.8778997454 344.877819802 355.216479387 368.113589699 583.008440186 12479.2178782 7.85872234173 4.41077631453 23.4922860163 18.1978768731 2.1131920065 8.31811055665 10.4889387974 66.5282795179 68.3410685081 184.426231253 112.921355533 20.1271520185 2201.65489469 13.1305510348 2148.65772517 2147.13321374 33.29384982 1.22217189867 5.31101987221
-9999.0 -9999.0 -9999.0 -9999.0 -9999.0 -9999.0 -9999.0 -9999.0 -9999.0 -9999.0 -9999.0 -9999.0 -9999.0 -9999.0 23.5584134705 38.902244504 80.4700106987 141.931796031 195.583106998 234.541454959 253.748270917 273.189564567 291.544973832 17.6477158572 15.5814140332 30.9214797608 28.7269327682 15.5904235272 300.459439838 314.452657906 326.867142827 338.621726243 190.710900803 200.440945781 210.874832526 12483.3218302 13.2687690151 16.401956789 43.4394414309 4.23468333778 4.57386597967 2.43656545202 2.03581571338 12.5485544948 1.49954630272 1.57599616386 2393.9692481 2208.29769213 2206.68712133 5.29144215809 11.72983962 7.49281524181 1.65404774044 30.119733408 8.19303469495
-9999.0 -9999.0 -9999.0 -9999.0 -9999.0 -9999.0 -9999.0 -9999.0 -9999.0 -9999.0 -9999.0 -9999.0 -9999.0 -9999.0 16.3823576947 15.8600168941 31.3119728757 46.8386974015 20.9472742218 23.571246932 44.0121933795 64.2172756466 102.220150625 120.726412503 136.187090486 183.221653667 197.63388654 213.923367291 15.3663718387 147.837406551 160.017913323 171.721316228 9.33437132475 6.20453359842 10.8317614427 12703.9581755 12707.8028926 12729.3874183 56.2352302879 9.24640695601 10.8804364252 3.90775948281 3.62669817231 14.2114445096 17.0768422032 2.85054640195 2400.76080128 2.05456638299 2.73943550588 2.94205432385 2.33084685662 4.39685271205 1.86585233324 20.3543157697 16.0049101385
-9999.0 -9999.0 -9999.0 -9999.0 -9999.0 -9999.0 -9999.0 -9999.0 -9999.0 -9999.0 -9999.0 -9999.0 -9999.0 -9999.0 -9999.0 15.3954524328 30.2183532704 14.477103923 30.1843534619 183.202112643 200.549477072 219.808252883 18.7326643931 18.7805143888 34.2050233496 50.6105330046 78.8125816297 94.0411715588 104.225409754 118.434438059 11.4250838059 11.0030329995 190.198385412 196.457967679 201.134264943 205.586777972 164.791234367 12911.2845042 12992.5273067 12996.247669 13010.0904885 13024.8176085 13029.8875464 1.34555973927 18.3955612893 2402.02090165 2.63399757289 1.34569188891 1.73663433958 1.82083858509 3.09621682446 2.73306098282 1.56592680264 2.31148522974 2.17541879829
-9999.0 -9999.0 -9999.0 -9999.0 -9999.0 -9999.0 -9999.0 -9999.0 -9999.0 -9999.0 -9999.0 -9999.0 -9999.0 -9999.0 -9999.0 -9999.0 44.8305855928 59.6750656652 104.184948804 137.094436147 17.1803571435 258.376171516 276.599399924 293.587845926 16.2126919183 32.0462029584 13.739468759 106.628762804 115.245192425 129.426102382 144.638922296 177.074027851 182.210861709 3.47293751962 148.304596405 156.700688966 160.7340269 177.880071786 21.1528528117 12.7755531552 7.30130367286 6.50766332412 13039.1996037 13041.0097377 13067.1321028 2403.13936011 7.97638280885 4.37271412484 2.94657046813 0.984424105433 8.81159725066 4.49964996556 1.40275737217 7.64104316426 6.44689284251
-9999.0 -9999.0 -9999.0 -9999.0 -9999.0 -9999.0 -9999.0 -9999.0 -9999.0 -9999.0 -9999.0 -9999.0 -9999.0 -9999.0 -9999.0 -9999.0 15.2115474189 74.6089644909 90.1358727458 17.9814445837 20.2997556107 41.559474098 60.8663069337 372.057389918 16.3447683034 65.2848992839 79.5963349111 93.5703545138 10.0575264689 22.5807223588 29.7723886338 118.778174405 132.247713116 136.123092463 4.45149428078 4.09636558567 4.75471351103 8.93979059621 4.41219968503 4.72322010026 3.50817507812 4.99805830281 1.7854943536 6.4226991096 13069.0794979 15476.8820298 13.5830245104 3.71311195755 1.42409383487 26.8374301671 24.6884121834 14.398710748 12.8907055621 9.60608419467 2.23471131505
-9999.0 -9999.0 -9999.0 -9999.0 -9999.0 -9999.0 -9999.0 -9999.0 -9999.0 -9999.0 -9999.0 -9999.0 -9999.0 -9999.0 -9999.0 13.5543231327 42.5208981827 13.824993037 20.3472364993 22.0851684985 42.4176742928 62.7432468451 79.2786609237 464.645750597 480.421736599 16.1252646106 30.4590053765 45.0431982483 55.249692142 67.5931357335 106.378330381 114.309592821 8.60266992451 6.30579894778 2.89645011431 2.24847649022 6.60098219545 6.03898071923 7.94840695653 8.95217710536 17.5820494138 7.00709674975 2.09584244994 2.0726757124 1.59591178851 2.98372103201 15581.2611266 88.1559486178 34.0386664153 4.1467906882 2.0956264982 1.18628138548 3.73303615338 2.42922123477 1.22450044286
-9999.0 -9999.0 -9999.0 -9999.0 -9999.0 -9999.0 -9999.0 -9999.0 -9999.0 -9999.0 -9999.0 -9999.0 -9999.0 -9999.0 14.2061415375 27.516518628 96.7711399664 12.935006741 36.5161902993 58.1545196027 78.1051906646 20.4653930317 38.2943602316 53.2642443314 545.937893728 15.4148367037 28.9601215711 43.3039771158 13.544534502 26.921068734 35.4719754599 43.3040939938 963.299899631 976.691635905 989.485130208 1029.90934904 1040.59180284 1066.03711939 16.4038857533 33.6325653796 21.8838199309 1155.98860086 1159.6273089 1.89148309692 3.06771796039 4.20624776276 15582.9443508 82.4909681999 38.7110849766 35.8374541801 27.8052835018 24.0777607893 4.90394969387 1.23500114003 2.21378885478
-9999.0 -9999.0 -9999.0 -9999.0 -9999.0 -9999.0 -9999.0 -9999.0 -9999.0 -9999.0 -9999.0 -9999.0 -9999.0 -9999.0 14.444964945 43.6878417632 154.770571417 228.289334567 11.675618241 296.007761117 387.595415738 19.2313861631 36.9660439458 52.7718343857 694.836960938 706.747710553 9.65580354977 62.9042529948 72.493741264 83.4813722034 885.198298146 904.330772218 913.707300838 4.38673593293 27.7471825968 32.4022315391 10.673087315 14.5037048303 1087.45886434 1127.08158871 1129.85637022 1132.46367587 1162.67829471 1.48630571582 1.29173997082 6.59423016357 15584.9507129 6.45462814228 2.77756516123 5.79233727123 1.70157064563 20.948391069 17.5535124998 10.5879630428 7.22983442226
-9999.0 -9999.0 -9999.0 -9999.0 -9999.0 -9999.0 -9999.0 -9999.0 -9999.0 -9999.0 -9999.0 -9999.0 -9999.0 -9999.0 -9999.0 -9999.0 30.1814105813 60.445207314 269.348263857 283.664762524 400.327448069 413.895854959 18.6051242832 37.2052327996 84.8728402289 717.032732875 736.730040089 744.30114743 5.94443286124 772.592237108 792.567153348 11.8131340259 4.4478084351 8.75471112601 16.73835112 3.88914571196 7.38004598047 15.7854832137 19.012562534 3.50264509668 2.36339589421 4.53648472402 1184.96372541 1192.47708155 1193.61259748 1203.5192257 15586.6572056 5.40036208058 2.27082268687 1.27798173411 1.22899064971 1.2618562948 1.07435642723 2.00545182889 1.32577767216
-9999.0 -9999.0 -9999.0 -9999.0 -9999.0 -9999.0 -9999.0 -9999.0 -9999.0 -9999.0 -9999.0 -9999.0 -9999.0 -9999.0 -9999.0 -9999.0 15.6279416313 15.2803856776 14.7455485394 28.3941938557 12.3084885841 438.566042477 451.007693851 16.4893712588 32.9369391637 12.6348018832 9.35626607464 9.02814080673 760.513786071 6.75703783868 13.4413104514 6.35822202454 4.81519819805 4.11078315766 3.08789795547 3.21234621951 9.60345553503 13.1244654241 2.47635934953 2.21131037926 4.71765025096 7.80976398849 11.2093254904 3.95327730422 1195.63163769 1204.67948572 15588.0887906 12.6675841419 4.63853484324 0.768761537373 1.84735968438 0.632348294296 0.482269463384 2.53190446685 6.24217733048
-9999.0 -9999.0 -9999.0 -9999.0 -9999.0 -9999.0 -9999.0 -9999.0 -9999.0 -9999.0 -9999.0 -9999.0 -9999.0 -9999.0 -9999.0 -9999.0 -9999.0 -9999.0 15.085737906 42.0991604665 53.9879721946 66.0721927215 462.967180097 475.255118078 487.168151209 499.364936317 508.167099796 526.51597278 532.925148159 539.289976912 544.488710579 4.51370549981 4.07345731468 4.14212351418 13.824732698 3.57650142083 3.29385409588 2.61057578825 7.44827693305 2.91159658402 2.22332831584 2.06679507945 1.71491904894 3.42291642474 4.94851176023 1214.82513282 16816.9041989 2.5529183833 4.18189373855 0.634068542323 3.24190961266 2.80992878176 0.969636694297 13.9304082902 10.5518364644
-9999.0 -9999.0 -9999.0 -9999.0 -9999.0 -9999.0 -9999.0 -9999.0 -9999.0 -9999.0 -9999.0 -9999.0 -9999.0 -9999.0 -9999.0 -9999.0 -9999.0 -9999.0 -9999.0 12.6571765833 99.9032972716 192.979484778 205.164111439 16.3891972762 32.7881471716 49.666747157 62.2021524675 149.393724033 154.482000656 4.88436239377 4.58515918112 558.279536847 567.902641467 571.561510356 16.3572857481 2.15983631263 5.09904078698 7.57382792491 22.9953150941 28.4146231547 32.6361917892 3.88306941219 5.39597660228 1.78963839733 3.69616992022 1.79787335016 16820.1291643 2.02366685348 8.34158453838 2.15376497641 6.31019038836 21.3221227828 23.3232653609 38.4187019288 10.2324766317
-9999.0 -9999.0 -9999.0 -9999.0 -9999.0 -9999.0 -9999.0 -9999.0 -9999.0 -9999.0 -9999.0 -9999.0 -9999.0 -9999.0 -9999.0 -9999.0 -9999.0 -9999.0 14.0317273749 44.6949101984 87.5110036156 114.317357087 287.127295769 301.618876893 35.0936609765 52.1078085721 66.6821946618 78.3579878753 160.375967603 170.608583739 309.367731175 320.573454024 328.20634982 574.886506896 598.864168174 5.10940274256 3.22823213782 3.06155603362 5.75027899447 2.64448899166 37.8627019444 39.8565179471 7.45570709174 11.8699266753 5.24317702559 3535.8875801 3539.97971027 20361.9324055 20373.0189651 2.41701477171 11.3102389664 6.36455814766 3.80857294546 45.318934131 56.938367791
-9999.0 -9999.0 -9999.0 -9999.0 -9999.0 -9999.0 -9999.0 -9999.0 -9999.0 -9999.0 -9999.0 -9999.0 -9999.0 -9999.0 -9999.0 -9999.0 -9999.0 -9999.0 -9999.0 15.9848612176 15.5181276298 29.3398007905 69.590029816 314.57027807 18.0374040867 17.8877073994 31.6605890073 46.458512359 112.592554427 121.16730435 7.19207796162 6.70767368562 333.063797951 336.699185864 942.491130018 947.644849705 1.76426107438 1.57075448084 1.28183993533 1.29315193583 1.44265664884 3491.21454355 3502.82129999 3516.61519668 3524.61133075 3532.07271024 2.00678549184 7.40312957595 8.62904951943 20385.0070774 20386.363297 20387.3097431 20389.6179599 20392.6510478 61.7727254312
-9999.0 -9999.0 -9999.0 -9999.0 -9999.0 -9999.0 -9999.0 -9999.0 -9999.0 -9999.0 -9999.0 -9999.0 -9999.0 -9999.0 -9999.0 -9999.0 -9999.0 -9999.0 -9999.0 -9999.0 14.2418977759 14.8944228044 27.6105322071 368.594190051 381.460423808 17.636586263 31.5517867197 46.6029286255 58.5601975642 10.7283414599 19.5487709382 846.700181018 850.991375731 858.630625773 890.738689375 1841.44952008 3415.9480213 3420.32959086 3424.12594789 3427.81509394 3444.11982686 3449.4142873 9.95737008181 4.4944617417 2.65339460091 4.99398400727 3.69911718874 5.84878841342 1.77689257798 42.3975142694 50.8541750872 57.4963182756 58.0845310534 20393.4747435 20457.2851325
-9999.0 -9999.0 -9999.0 -9999.0 -9999.0 -9999.0 -9999.0 -9999.0 -9999.0 -9999.0 -9999.0 -9999.0 -9999.0 -9999.0 -9999.0 -9999.0 -9999.0 -9999.0 -9999.0 -9999.0 -9999.0 14.5256005702 27.7965902477 41.1507760883 392.728396634 12.916981645 534.662854386 550.066546283 561.371508886 571.703481791 809.132233389 818.716595084 3.85001746373 24.7671884679 28.6894855397 3.77550945081 1570.25071713 1563.3677276 2.07005175377 4.76686606471 12.9099672584 2.86748568539 3.02536488292 2.29088874662 1.94617244535 1.53535330078 1.76470539029 36.742031655 38.5520373088 40.9574549191 7.14943324984 5.26977580155 60.5677813338 61.4415011027 61.8850280643
-9999.0 -9999.0 -9999.0 -9999.0 -9999.0 -9999.0 -9999.0 -9999.0 -9999.0 -9999.0 -9999.0 -9999.0 -9999.0 -9999.0 -9999.0 -9999.0 -9999.0 -9999.0 -9999.0 -9999.0 -9999.0 13.2808002978 12.4254096221 64.3869298747 482.517213405 508.031550272 520.645487717 12.4607549006 210.210535186 220.781583662 225.843670872 8.7645621008 13.3396951889 17.057857915 353.770367168 356.8575896 359.418409453 1558.8437785 976.781978015 2.59507288205 2.76860363778 2.65683041796 2.09663024883 22.3699256717 26.76794464 30.6447237963 32.7804570868 34.8376082134 320.667816431 322.920127724 326.975486929 334.485941885 354.330729618 354.944482523 417.421342304
-9999.0 -9999.0 -9999.0 -9999.0 -9999.0 -9999.0 -9999.0 -9999.0 -9999.0 -9999.0 -9999.0 -9999.0 -9999.0 -9999.0 -9999.0 -9999.0 -9999.0 -9999.0 -9999.0 -9999.0 -9999.0 -9999.0 25.9636735467 39.5600854937 13.3991727877 18.3051888272 167.490091503 180.120240492 188.559044024 71.5053741539 78.9343786381 86.670125177 91.3707713495 346.90197618 351.221851968 213.977311077 576.631513814 579.627297492 974.698063543 5.6779192469 2.8821006938 2.0604574396 15.6070520387 18.228826534 1.6254157901 1.52705156798 313.757934376 317.473324185 319.268722577 2.96294243626 4.94930133528 351.324085635 0.969603894188 4.3125398324 4.77945397798
-9999.0 -9999.0 -9999.0 -9999.0 -9999.0 -9999.0 -9999.0 -9999.0 -9999.0 -9999.0 -9999.0 -9999.0 -9999.0 -9999.0 -9999.0 -9999.0 -9999.0 -9999.0 -9999.0 -9999.0 -9999.0 -9999.0 13.001872501 25.7104057595 105.889567686 119.561291451 133.768609628 54.7784952522 64.1007018841 7.61218722527 238.825265673 245.393404005 251.287671419 4.82556288704 205.946893174 210.429139048 3.19241602858 959.883337264 6.45009498149 3.22850137449 8.52996977714 11.4217359976 2.17252153655 1.79280351974 294.790757737 310.379074026 312.563409927 2.26442470349 4.99325995051 6.28108612864 8.16173076339 14.3666784993 1.62047597778 3.55261324758 0.69294943503
-9999.0 -9999.0 -9999.0 -9999.0 -9999.0 -9999.0 -9999.0 -9999.0 -9999.0 -9999.0 -9999.0 -9999.0 -9999.0 -9999.0 -9999.0 -9999.0 -9999.0 -9999.0 -9999.0 -9999.0 -9999.0 -9999.0 12.8820197433 39.7704662148 67.914332853 15.0097241605 31.3845208962 44.0239489979 208.190907804 217.587040721 224.770770177 6.62107291581 173.96526399 192.470100378 197.502667357 3.87641698106 946.104506128 953.731829605 3.50832517139 3.20593801788 6.26550620873 2.51677951617 282.837793811 287.230043481 289.794231215 9.83021444515 12.1562641533 2.02933228606 3.61156436509 1.59566410107 11.6340504687 1.61913871794 0.955710401761 0.958423219173 0.973128473867
-9999.0 -9999.0 -9999.0 -9999.0 -9999.0 -9999.0 -9999.0 -9999.0 -9999.0 -9999.0 -9999.0 -9999.0 -9999.0 -9999.0 -9999.0 -9999.0 -9999.0 -9999.0 -9999.0 -9999.0 -9999.0 -9999.0 -9999.0 13.4856101565 14.4578105848 16.7736300463 151.153369868 163.109466636 197.969444346 9.80622967347 144.74251347 161.650537722 6.59584201038 13.2365855362 4.55700320247 934.229267788 4.6463785473 11.9482534111 14.6629848664 18.5558777245 267.060594867 275.696071102 278.478786377 2.82867694964 5.24788943437 7.43587697777 1.3877839082 1.2747606171 805.287552359 806.560007771 807.594202704 818.015015135 819.292005871 820.639933153 821.449812384
