data/baseflow/mHMbf_acc370.asc
ncols                  80
nrows                 72
xllcorner      4374000.0
yllcorner      5656000.0
cellsize            500
NODATA_value       -9999
[rows 0 to 23 of 72, columns 0 to 54 of 80]
-9999.0 -9999.0 -9999.0 -9999.0 -9999.0 -9999.0 -9999.0 -9999.0 -9999.0 -9999.0 -9999.0 -9999.0 14.6854912787 16.8527695955 -9999.0 -9999.0 -9999.0 -9999.0 -9999.0 -9999.0 -9999.0 -9999.0 -9999.0 -9999.0 -9999.0 -9999.0 -9999.0 -9999.0 -9999.0 -9999.0 -9999.0 -9999.0 -9999.0 -9999.0 -9999.0 -9999.0 -9999.0 -9999.0 -9999.0 -9999.0 -9999.0 -9999.0 -9999.0 -9999.0 -9999.0 -9999.0 -9999.0 -9999.0 -9999.0 -9999.0 -9999.0 -9999.0 -9999.0 -9999.0 -9999.0
-9999.0 -9999.0 -9999.0 -9999.0 -9999.0 -9999.0 -9999.0 -9999.0 -9999.0 -9999.0 -9999.0 -9999.0 28.6224342459 74.7566083656 14.4839333704 -9999.0 13.1489419978 -9999.0 -9999.0 -9999.0 -9999.0 -9999.0 -9999.0 -9999.0 -9999.0 -9999.0 -9999.0 -9999.0 -9999.0 -9999.0 -9999.0 -9999.0 -9999.0 -9999.0 -9999.0 -9999.0 -9999.0 -9999.0 -9999.0 -9999.0 -9999.0 -9999.0 -9999.0 -9999.0 -9999.0 -9999.0 -9999.0 -9999.0 -9999.0 -9999.0 -9999.0 -9999.0 -9999.0 -9999.0 -9999.0
-9999.0 -9999.0 -9999.0 -9999.0 -9999.0 -9999.0 -9999.0 -9999.0 -9999.0 -9999.0 12.403668086 11.6947203196 12.6683906176 12.6742053416 97.6693214777 110.831253588 36.3172072398 11.5826396904 -9999.0 -9999.0 -9999.0 -9999.0 -9999.0 -9999.0 -9999.0 -9999.0 -9999.0 -9999.0 -9999.0 -9999.0 -9999.0 -9999.0 -9999.0 -9999.0 -9999.0 -9999.0 -9999.0 -9999.0 -9999.0 -9999.0 -9999.0 -9999.0 -9999.0 -9999.0 -9999.0 -9999.0 -9999.0 -9999.0 -9999.0 -9999.0 -9999.0 -9999.0 -9999.0 -9999.0 -9999.0
-9999.0 -9999.0 -9999.0 -9999.0 -9999.0 -9999.0 -9999.0 -9999.0 -9999.0 11.66439953 24.2474015763 48.0538639046 24.053815404 11.5379807578 22.6096494906 121.319486925 183.710708453 12.9152789936 -9999.0 12.0191035112 -9999.0 -9999.0 -9999.0 -9999.0 25.0827053987 12.8397513272 -9999.0 -9999.0 -9999.0 -9999.0 -9999.0 -9999.0 -9999.0 -9999.0 -9999.0 -9999.0 -9999.0 -9999.0 -9999.0 -9999.0 -9999.0 -9999.0 -9999.0 -9999.0 -9999.0 -9999.0 -9999.0 -9999.0 -9999.0 -9999.0 -9999.0 -9999.0 -9999.0 -9999.0 -9999.0
-9999.0 -9999.0 -9999.0 -9999.0 -9999.0 -9999.0 -9999.0 -9999.0 14.2102216866 38.6367995334 49.6669472249 60.9751000379 83.0697328274 10.3229930383 42.4580848996 52.1843169787 258.831235713 10.4494333947 8.66303589176 21.753313368 31.2403178554 10.1816584379 -9999.0 64.2387948898 52.8160106157 14.2078127531 -9999.0 -9999.0 -9999.0 -9999.0 -9999.0 -9999.0 -9999.0 -9999.0 -9999.0 -9999.0 -9999.0 -9999.0 -9999.0 -9999.0 -9999.0 -9999.0 -9999.0 -9999.0 -9999.0 -9999.0 -9999.0 -9999.0 -9999.0 -9999.0 -9999.0 -9999.0 -9999.0 -9999.0 -9999.0
-9999.0 -9999.0 -9999.0 -9999.0 -9999.0 -9999.0 14.0790260489 12.0686522613 11.3938159644 11.7844598937 12.1840637508 85.9920353773 180.828103226 192.191110335 200.171512386 7.31370369235 276.244864628 285.22679644 18.3411953955 9.69834092594 40.4597029119 70.1125376636 10.7725139099 97.5335985345 10.3009978541 11.0418919643 10.6979836116 -9999.0 -9999.0 -9999.0 -9999.0 -9999.0 -9999.0 -9999.0 -9999.0 -9999.0 -9999.0 -9999.0 -9999.0 -9999.0 -9999.0 -9999.0 -9999.0 -9999.0 -9999.0 -9999.0 -9999.0 -9999.0 -9999.0 -9999.0 -9999.0 -9999.0 -9999.0 -9999.0 -9999.0
-9999.0 -9999.0 -9999.0 -9999.0 -9999.0 -9999.0 28.0697931838 40.8128931012 90.4960783998 124.003343427 9.90646068971 10.6393396949 10.0991403325 29.0957984572 237.71902822 7.0026008132 293.381532194 327.054361226 26.7433558489 17.5983906613 78.4224289441 9.53946300238 106.768903133 18.3652181799 9.19689297768 19.7727551702 21.2823601414 10.9433557622 11.4199454131 10.8486003849 12.2709274761 24.4506460382 -9999.0 -9999.0 -9999.0 -9999.0 -9999.0 -9999.0 -9999.0 -9999.0 -9999.0 -9999.0 -9999.0 -9999.0 -9999.0 -9999.0 -9999.0 -9999.0 -9999.0 -9999.0 -9999.0 -9999.0 -9999.0 -9999.0 -9999.0
-9999.0 -9999.0 -9999.0 -9999.0 -9999.0 16.0140810765 30.3962791883 14.2430927143 27.0756300525 137.162877242 159.339861392 181.373154772 600.759278634 9.70244309171 247.278491838 928.502789736 934.763985783 1272.95686514 7.19694850307 25.5367041218 86.7784306311 8.19253637863 212.67674222 97.0750476393 60.3551902902 50.8941149505 10.3537245142 32.3426337844 32.743797882 21.6979334659 10.3554554642 35.3021442248 10.0797545329 9.71538607073 -9999.0 -9999.0 -9999.0 -9999.0 -9999.0 -9999.0 -9999.0 -9999.0 -9999.0 -9999.0 -9999.0 -9999.0 -9999.0 -9999.0 -9999.0 -9999.0 -9999.0 -9999.0 -9999.0 -9999.0 -9999.0
-9999.0 -9999.0 -9999.0 -9999.0 -9999.0 15.8420399405 45.4498884487 90.538187931 103.716127919 203.35435468 215.389029488 254.044512334 409.826373123 633.052561287 655.086106068 665.266046242 16.2888456489 1302.6122052 1317.62771288 1360.25521023 1694.0465206 238.851873888 222.260756197 69.6299573275 9.06049599831 59.7619319012 41.3744970401 8.39253345736 42.0373820456 9.04200886052 19.0074106494 54.4368443272 64.167455981 19.0829378176 9.34222879531 8.90902080168 -9999.0 -9999.0 -9999.0 -9999.0 11.7037261672 10.5183069448 -9999.0 -9999.0 -9999.0 -9999.0 -9999.0 -9999.0 -9999.0 -9999.0 -9999.0 -9999.0 -9999.0 -9999.0 -9999.0
-9999.0 -9999.0 -9999.0 -9999.0 -9999.0 15.0049929672 13.9871005104 59.1891699622 72.8309154195 87.106911981 13.2642304738 26.0811877324 148.167787606 26.812827177 12.222361884 10.3233389772 8.92880475942 10.6108243178 9.81115271081 10.4089924885 1703.22256989 1728.28750393 8.16535937192 25.8405860332 17.9472606422 68.1837609237 17.1467713236 8.05270389613 51.5536837865 17.5200124057 42.0345518211 109.591732917 101.914941585 28.1632075648 26.9948632649 9.55924249901 9.38608791116 -9999.0 -9999.0 9.33617611176 24.2877414593 57.0891371547 11.284023511 -9999.0 -9999.0 -9999.0 -9999.0 -9999.0 -9999.0 -9999.0 -9999.0 -9999.0 -9999.0 -9999.0 -9999.0
-9999.0 -9999.0 -9999.0 -9999.0 -9999.0 -9999.0 15.7065590314 15.7586203167 28.9221661109 42.7589528031 96.4349755861 122.948470977 136.604179054 14.2565250677 10.0634083476 140.438150946 171.229919416 180.367849973 220.700271171 229.287828636 8.75371464642 1737.33225088 1778.79130103 32.6482318762 4.13031762324 74.8419507261 166.57007596 67.3834727585 15.7310803283 7.94347526254 167.794756938 118.189012227 8.03499225229 8.01565362298 35.3842782692 27.7584601133 8.57891670302 8.0072840188 9.08201169354 18.0804607924 8.47521030206 69.5170437648 77.512940768 7.22880844617 -9999.0 -9999.0 -9999.0 -9999.0 8.69247954354 7.94712589744 1.88543195155 -9999.0 -9999.0 -9999.0 -9999.0
-9999.0 -9999.0 -9999.0 -9999.0 -9999.0 -9999.0 -9999.0 14.6180552829 12.3709763873 27.0582278129 41.3050071391 13.3183303563 11.4239423241 74.4192802457 97.3148883588 121.013431001 11.0668421531 21.0972816275 10.8110303245 238.678650384 544.408854687 555.736055634 2353.78015822 8.16016572258 11.9448348922 3.50300530639 174.073499763 7.77736299051 23.8986569737 7.69880377696 175.605509918 183.474529478 16.2206113583 15.8508463541 89.6774928375 45.2921672934 16.9346023267 8.82198011239 17.9965052037 26.8165327669 43.0436896926 7.61649392447 92.0304404304 99.3182634393 6.54020450982 7.07915014099 7.39223781752 6.58391065234 6.19733380835 23.1781706413 7.78668367232 4.6405909425 -9999.0 -9999.0 -9999.0
-9999.0 -9999.0 -9999.0 -9999.0 -9999.0 -9999.0 -9999.0 -9999.0 26.6114970087 37.3722468771 13.025312122 26.9644982708 39.4747525666 64.1778962351 12.9631232222 12.1375553019 9.87365327655 9.96105968314 8.64663243912 286.073564171 11.3709286021 21.7512173744 2388.35245742 2411.31796601 8.70119617852 29.3396341398 210.815885454 15.1743368291 30.5417700947 13.7118696601 20.3544061534 213.462018469 23.2236011399 127.299732902 104.773753915 7.74342454362 42.2040089885 17.2128957538 25.8591158245 7.71517858676 50.570305298 65.3592639512 71.7260963853 77.6929717641 123.895152107 12.4236640787 13.1371648127 11.7966342197 10.9419785486 28.428627657 5.1175108814 17.7021870233 22.0052593238 -9999.0 -9999.0
-9999.0 -9999.0 -9999.0 -9999.0 -9999.0 -9999.0 -9999.0 -9999.0 14.4590777673 65.8725896051 78.3316607517 12.4171966422 24.3002737869 11.8219461562 10.6170065178 10.3981303301 133.849118001 178.559741805 223.805042068 273.652514617 12.419372564 10.7810973771 10.8211127695 2462.75579685 2489.62635001 2499.26179829 281.622391226 61.2291262463 52.779791152 6.28231593937 26.3387552236 246.245983608 6.28575467907 133.83011958 7.55010272266 54.0621406522 50.8661668007 8.14172539072 33.725036632 15.4543460153 22.9264374273 6.90853343241 5.75213758345 83.5669192657 88.8576434359 129.168748646 18.829145373 17.148609819 15.9831831764 34.0043039736 44.449873162 5.21143050522 26.7389137238 5.26977279395 9.59871129833
-9999.0 -9999.0 -9999.0 -9999.0 -9999.0 -9999.0 -9999.0 -9999.0 -9999.0 15.2840819738 92.0897577462 104.099251693 36.2475150017 59.8021317202 81.3420225616 92.3520131139 11.80123741 34.7144043082 23.6781316755 12.6142849964 12.259073537 10.3607106164 20.8111222718 35.8471908925 13.2784411115 2804.69481245 2813.68011049 8.35897954097 6.07782031144 12.7464104441 19.0755737806 265.11322397 12.5349461144 139.440265149 81.1768318313 67.5430902976 7.51221634834 15.2832583473 40.4589062937 6.74435958314 29.3328596775 13.3079713162 8.96905637595 3.31227571046 100.71253329 234.12996571 22.5809511897 20.9791796294 20.2282101208 4.1873749034 48.5729193308 3.96173515144 35.766457022 4.25430155653 13.9407622979
-9999.0 -9999.0 -9999.0 -9999.0 -9999.0 -9999.0 -9999.0 -9999.0 -9999.0 -9999.0 12.2776218252 128.783049795 11.7609321429 23.3579500951 33.6490685231 53.8031333576 10.4763631211 22.4237177746 11.1265983989 10.0327620882 9.53457236541 18.8663234801 8.27189446208 9.65352030228 19.4500078799 11.252073541 2824.50049278 2842.38862723 2867.10267658 26.1062138046 6.37354565203 12.7059525878 271.993304463 252.692180768 95.5241676041 6.9734279098 29.767930876 22.4277498231 47.2217511559 13.4296776401 55.8412854843 19.7965307321 13.9469980317 1.87814749149 3.72719897973 239.920110489 245.074562943 292.820470445 33.602074717 8.75494572027 53.1903135529 61.6392084701 101.136903333 8.40661984209 3.71811359491
-9999.0 -9999.0 -9999.0 -9999.0 -9999.0 -9999.0 -9999.0 -9999.0 -9999.0 -9999.0 -9999.0 5.74819049425 140.350718508 10.8188753952 20.9360514301 94.8737875633 10.607869608 10.3782897712 8.89135390205 19.6252812175 10.2610848921 39.1511233356 55.935376266 63.4260507631 26.8576512749 34.3793759169 8.78365094898 10.8212359997 10.6446940397 2909.97459504 2928.9429953 277.898726791 264.353983029 258.635285692 11.7525745773 5.60353327168 36.0073348762 95.7849906046 53.5512145245 19.6056604755 81.5565736597 25.5641010681 19.930213093 3.38678828437 1.54202712301 1.40523717918 1.92726410721 304.909250884 352.555686796 4.15736833719 3.65305416378 4.11981514107 105.005423576 116.819418192 6.32432384927
-9999.0 -9999.0 -9999.0 -9999.0 -9999.0 -9999.0 -9999.0 -9999.0 -9999.0 -9999.0 -9999.0 5.09622306528 152.912683816 188.669149726 10.388958455 115.240633805 9.44996765986 8.6878041488 18.2454152166 47.5994530103 9.57027926627 10.4603344091 8.1636093222 79.6207407266 87.2340851907 130.152215306 146.23210017 154.225631889 162.622520384 170.501396358 3108.99389365 3401.12284577 3679.14298233 3686.57069099 6.18632420789 5.82214269903 108.378701105 102.139338667 6.16064011021 6.08091314148 87.43012578 119.337617763 4.49154877655 51.267167639 48.3858609953 8.88590590327 4.47310379439 7.97008560971 5.79457448888 361.754441702 4.64895535078 11.7698081667 14.9407321074 141.239437641 148.748917263
-9999.0 -9999.0 -9999.0 -9999.0 -9999.0 -9999.0 -9999.0 -9999.0 -9999.0 -9999.0 -9999.0 13.4879837217 25.6565339626 200.31983959 219.469020029 9.6607620392 136.853664992 7.56185033257 23.729348998 55.8030088306 18.2155856311 8.56172640867 18.1685918679 6.98952213761 13.3892265309 6.54423648027 5.69554808601 3.8811360454 3.22020370851 2.98084143675 3.04935019442 4.99398020429 6.99979305857 9.40979552629 3709.33745895 130.650975481 119.55781171 5.14128540253 17.456607001 3.80576537406 3.17021036552 124.862532509 193.060317644 57.7983523942 45.2311194136 5.4929801233 2.29024074869 1.92579870976 5.94381941043 372.551416724 381.325158905 4.62413983921 4.69705023387 3.31464854083 1.4632759605
-9999.0 -9999.0 -9999.0 -9999.0 -9999.0 -9999.0 -9999.0 -9999.0 -9999.0 -9999.0 -9999.0 -9999.0 10.4237440101 159.581917662 389.75787787 422.465744721 569.159162724 581.010685313 126.276124709 91.4291399785 27.0117908203 8.32638957747 34.7107315078 42.6264053605 62.8451680262 13.684866875 12.1427858227 10.5622782321 20.2346072447 9.2230580438 8.81621601425 4.16316725281 1.89786725644 2.68155411228 3716.15061234 3850.09872437 3857.14784091 5.38637077728 46.9846726592 18.7590636988 6.07357351377 213.214397786 14.6944025617 7.73217324463 31.3812571394 5.44437508909 4.43109491974 8.46855453285 12.0864326986 16.4339591728 388.494957474 3.31373833525 2.76862423327 2.75042099174 1.72825853687
-9999.0 -9999.0 -9999.0 -9999.0 -9999.0 -9999.0 -9999.0 -9999.0 -9999.0 -9999.0 -9999.0 12.1441228197 122.587928482 148.22694016 23.04874 6.20827293493 14.005964004 603.990029908 613.783039842 751.507094416 7.24214935938 15.4320174429 6.53156838846 6.69020509985 69.607151566 90.0173717773 108.219194989 5.8350140528 26.188530822 41.1837631494 23.789262012 9.67501795877 5.66578074372 4.62541508246 5.0665950119 3.22657040454 3863.04213184 3867.54311751 3923.20972092 9.7426058852 5.14880355814 220.399672972 15.4560847844 8.10221061379 9.07992379232 8.9965028851 7.46479550269 12.3942125217 35.0137549199 56.2153719457 448.095112869 2.32600340727 7.00054098921 4.74421605044 3.47893908754
-9999.0 -9999.0 -9999.0 -9999.0 -9999.0 -9999.0 -9999.0 -9999.0 -9999.0 -9999.0 -9999.0 12.5841489832 88.0206319484 13.3513486705 11.0708697793 60.3386459239 69.9064546309 79.3092086069 87.6478340711 1027.95823477 1035.0404406 1049.2203118 1162.68047467 1183.0428137 1194.22773516 1201.48523961 1321.52020244 1335.4524156 1341.94103422 1390.2774667 1421.1482244 1426.74967267 1441.51202549 9.59326078213 7.54376258283 1.43585244281 1.80108442343 3872.42886914 3942.05101956 14.6660954612 261.254890694 256.182452246 28.2259938945 6.46249264628 6.49133209749 6.13103535475 6.20037422482 12.5978005746 17.8622513767 5.22538661491 451.303183517 454.789802029 469.386663275 472.071185776 477.992036128
-9999.0 -9999.0 -9999.0 -9999.0 -9999.0 -9999.0 -9999.0 -9999.0 -9999.0 -9999.0 -9999.0 46.4973624434 61.3113120642 27.5192756605 40.3365980664 12.5423263544 142.379824298 152.729041977 173.295681558 180.293163426 65.494181725 1126.7698872 1133.76986701 6.48733160583 4.0545334021 3.20889498071 7.76558355033 3.46385973485 2.1301712489 1.76082085842 2.18831200065 1430.9150714 1446.24735721 1462.42968688 1475.17560333 1481.95119965 2.73949021808 0.854549765975 4216.15649291 270.175632297 266.776939168 5.54155796236 5.10300113533 4.55506232427 10.9942213586 10.671272984 4.51589478297 4.57457047656 3.95479737639 9.03057707848 11.7324631503 2.19287278583 3.874576924 1.23351608213 0.418641533853
-9999.0 -9999.0 -9999.0 -9999.0 -9999.0 -9999.0 -9999.0 -9999.0 -9999.0 -9999.0 -9999.0 -9999.0 31.8561453459 14.4986026128 12.8566705206 121.580744337 132.657867214 10.9964128912 42.573779363 51.9760463822 59.2991440806 8.95649277614 6.53536554411 173.089552263 178.455233285 183.262990053 486.119075113 489.20033582 493.509951406 526.923999846 539.202488318 540.762682227 1.34239204179 1.49987888905 1.73752300471 1488.35008593 2.16480765255 4258.61190806 4254.80712855 35.2713971581 30.8501420658 20.1383162518 4.89502952831 9.05046223626 15.6135878109 15.3302928996 8.74093991907 4.28364460235 8.14636931705 7.73444475126 14.7915343909 1.46995714792 5.10469825164 8.6712429371 9.60482669285
