data/baseflow/mHMbf_acc570.asc
ncols                  80
nrows                 72
xllcorner      4374000.0
yllcorner      5656000.0
cellsize            500
NODATA_value       -9999
[rows 0 to 24 of 72, columns 0 to 54 of 80]
-9999.0 -9999.0 -9999.0 -9999.0 -9999.0 -9999.0 -9999.0 -9999.0 -9999.0 -9999.0 -9999.0 -9999.0 26.9922184709 22.6985687972 -9999.0 -9999.0 -9999.0 -9999.0 -9999.0 -9999.0 -9999.0 -9999.0 -9999.0 -9999.0 -9999.0 -9999.0 -9999.0 -9999.0 -9999.0 -9999.0 -9999.0 -9999.0 -9999.0 -9999.0 -9999.0 -9999.0 -9999.0 -9999.0 -9999.0 -9999.0 -9999.0 -9999.0 -9999.0 -9999.0 -9999.0 -9999.0 -9999.0 -9999.0 -9999.0 -9999.0 -9999.0 -9999.0 -9999.0 -9999.0 -9999.0
-9999.0 -9999.0 -9999.0 -9999.0 -9999.0 -9999.0 -9999.0 -9999.0 -9999.0 -9999.0 -9999.0 -9999.0 53.0383626445 120.265521794 19.8369714569 -9999.0 16.1845324632 -9999.0 -9999.0 -9999.0 -9999.0 -9999.0 -9999.0 -9999.0 -9999.0 -9999.0 -9999.0 -9999.0 -9999.0 -9999.0 -9999.0 -9999.0 -9999.0 -9999.0 -9999.0 -9999.0 -9999.0 -9999.0 -9999.0 -9999.0 -9999.0 -9999.0 -9999.0 -9999.0 -9999.0 -9999.0 -9999.0 -9999.0 -9999.0 -9999.0 -9999.0 -9999.0 -9999.0 -9999.0 -9999.0
-9999.0 -9999.0 -9999.0 -9999.0 -9999.0 -9999.0 -9999.0 -9999.0 -9999.0 -9999.0 25.294665066 24.7687912353 25.3613385834 24.6905789575 167.444837914 188.528622379 44.6688838195 14.0992036694 -9999.0 -9999.0 -9999.0 -9999.0 -9999.0 -9999.0 -9999.0 -9999.0 -9999.0 -9999.0 -9999.0 -9999.0 -9999.0 -9999.0 -9999.0 -9999.0 -9999.0 -9999.0 -9999.0 -9999.0 -9999.0 -9999.0 -9999.0 -9999.0 -9999.0 -9999.0 -9999.0 -9999.0 -9999.0 -9999.0 -9999.0 -9999.0 -9999.0 -9999.0 -9999.0 -9999.0 -9999.0
-9999.0 -9999.0 -9999.0 -9999.0 -9999.0 -9999.0 -9999.0 -9999.0 -9999.0 25.071360482 49.9069530808 99.1691079215 49.0206420663 23.8999873589 46.7089979757 211.213274026 290.670174883 16.5826175148 -9999.0 23.9962790614 -9999.0 -9999.0 -9999.0 -9999.0 30.9772118932 15.5537695647 -9999.0 -9999.0 -9999.0 -9999.0 -9999.0 -9999.0 -9999.0 -9999.0 -9999.0 -9999.0 -9999.0 -9999.0 -9999.0 -9999.0 -9999.0 -9999.0 -9999.0 -9999.0 -9999.0 -9999.0 -9999.0 -9999.0 -9999.0 -9999.0 -9999.0 -9999.0 -9999.0 -9999.0 -9999.0
-9999.0 -9999.0 -9999.0 -9999.0 -9999.0 -9999.0 -9999.0 -9999.0 27.8307346209 79.2904588707 103.499428178 127.692512928 171.272485641 22.5347842862 90.4473102956 112.353910027 444.264052706 21.8877579826 21.2512629787 45.3703446007 66.2253293338 21.5999213553 -9999.0 82.2905634779 67.4367676053 18.9367437121 -9999.0 -9999.0 -9999.0 -9999.0 -9999.0 -9999.0 -9999.0 -9999.0 -9999.0 -9999.0 -9999.0 -9999.0 -9999.0 -9999.0 -9999.0 -9999.0 -9999.0 -9999.0 -9999.0 -9999.0 -9999.0 -9999.0 -9999.0 -9999.0 -9999.0 -9999.0 -9999.0 -9999.0 -9999.0
-9999.0 -9999.0 -9999.0 -9999.0 -9999.0 -9999.0 27.294963711 25.7701563831 25.1408782562 25.4678390383 25.3808630284 178.527689083 373.664060786 397.2580147 416.337059294 17.7695489164 483.36655829 504.21115565 41.7799062171 21.0132855152 86.7025979113 150.221084693 21.6751611662 148.37443705 22.5937286797 23.0037581795 23.1025047551 -9999.0 -9999.0 -9999.0 -9999.0 -9999.0 -9999.0 -9999.0 -9999.0 -9999.0 -9999.0 -9999.0 -9999.0 -9999.0 -9999.0 -9999.0 -9999.0 -9999.0 -9999.0 -9999.0 -9999.0 -9999.0 -9999.0 -9999.0 -9999.0 -9999.0 -9999.0 -9999.0 -9999.0
-9999.0 -9999.0 -9999.0 -9999.0 -9999.0 -9999.0 54.7728123017 81.4876250174 185.480748073 260.2202284 23.2524834577 23.5843817767 22.5376481104 65.8473522745 502.831617971 18.4958132892 523.325896255 598.992148474 60.0503802884 40.2368646363 169.676747081 20.8262190514 168.821466235 41.9532475096 21.2894129384 43.8141580619 45.510661802 22.296736804 22.1855589048 21.8254436836 22.6884081446 45.5144887012 -9999.0 -9999.0 -9999.0 -9999.0 -9999.0 -9999.0 -9999.0 -9999.0 -9999.0 -9999.0 -9999.0 -9999.0 -9999.0 -9999.0 -9999.0 -9999.0 -9999.0 -9999.0 -9999.0 -9999.0 -9999.0 -9999.0 -9999.0
-9999.0 -9999.0 -9999.0 -9999.0 -9999.0 29.4188277202 57.1396203332 27.5526458303 53.8054937078 286.905265433 335.590179122 383.56804733 1208.2715261 21.1224832725 524.693439158 1896.1493799 1910.16525923 2533.12457285 15.1131958817 59.2551748504 189.265218037 19.4422110177 403.124421615 214.369895432 131.945326873 110.803596254 22.1682707155 66.2935644243 65.0030339196 43.3758894272 21.2359468952 67.3226086805 21.1680544801 20.9642025734 -9999.0 -9999.0 -9999.0 -9999.0 -9999.0 -9999.0 -9999.0 -9999.0 -9999.0 -9999.0 -9999.0 -9999.0 -9999.0 -9999.0 -9999.0 -9999.0 -9999.0 -9999.0 -9999.0 -9999.0 -9999.0
-9999.0 -9999.0 -9999.0 -9999.0 -9999.0 29.5297445053 86.3047190132 171.435271242 197.92861479 392.062428428 416.991095057 494.339049526 803.239906245 1268.86897659 1312.75039697 1333.12270949 37.7105220567 2599.05290291 2631.00953791 2728.25402572 3398.30915712 462.154837725 423.624736902 152.259609779 19.9067934063 128.528218551 86.9644249112 20.1033715045 84.9481146896 18.3647445088 38.8564494902 107.398239885 127.701736148 41.0854251868 20.3450220871 19.9065296963 -9999.0 -9999.0 -9999.0 -9999.0 15.7920244014 13.7645868659 -9999.0 -9999.0 -9999.0 -9999.0 -9999.0 -9999.0 -9999.0 -9999.0 -9999.0 -9999.0 -9999.0 -9999.0 -9999.0
-9999.0 -9999.0 -9999.0 -9999.0 -9999.0 28.9359765091 27.7412817002 113.981500706 140.757380154 168.204652263 26.1783005884 51.972995544 292.041582203 48.6412711015 24.0426623159 22.8142977009 20.6851934787 21.5476747151 20.2521554049 21.5225131594 3417.5252297 3475.73793065 19.1386953086 58.5788581739 39.6761389793 148.204984173 40.3388835636 19.657144154 105.420859486 36.5571899368 88.1425373952 226.217246504 209.277986584 61.5253221089 60.6241379655 20.2411527646 20.1987512983 -9999.0 -9999.0 20.21838918 35.4510334398 77.9914104525 14.5156927486 -9999.0 -9999.0 -9999.0 -9999.0 -9999.0 -9999.0 -9999.0 -9999.0 -9999.0 -9999.0 -9999.0 -9999.0
-9999.0 -9999.0 -9999.0 -9999.0 -9999.0 -9999.0 29.2965022892 29.3799129021 56.8853312028 84.3911165228 190.634508108 243.583402129 268.149043647 24.2407641133 22.0619049239 292.096620206 359.047412396 380.300783697 466.430813493 486.453196459 19.9211553346 3495.74240471 3590.32415709 75.1098678787 11.5140596057 164.978014549 367.935520665 144.128717579 37.159990017 18.4292175166 350.699023756 245.085563328 18.7620571768 18.4561633913 79.4047157303 59.4788275285 19.6223598465 19.3254641692 19.4649396234 39.3330273544 18.9947081076 94.7969558406 113.959356806 18.4847433107 -9999.0 -9999.0 -9999.0 -9999.0 20.3265975577 19.5539047187 5.32857307434 -9999.0 -9999.0 -9999.0 -9999.0
-9999.0 -9999.0 -9999.0 -9999.0 -9999.0 -9999.0 -9999.0 29.2874301751 25.5886151392 53.3734201289 80.5655339678 26.6801369351 23.4107368699 151.875773046 199.759779607 248.269547787 22.7846169338 44.3197523617 21.7531241294 506.926886747 1118.74431595 1134.6481974 4763.09071914 19.0626873798 34.9258405748 10.9619280384 386.338341914 18.6215509609 55.8138608453 18.3502596786 369.364761709 387.898623881 37.4955441308 36.7848061224 196.981188821 98.3757144484 38.6525945114 19.4991618463 38.8954966431 58.5116537162 96.3549375491 18.9450549226 151.206756284 169.550207664 17.139985442 17.9720357607 18.4883069384 17.4062590056 16.7272836199 57.7474603348 22.1887609532 14.4770543313 -9999.0 -9999.0 -9999.0
-9999.0 -9999.0 -9999.0 -9999.0 -9999.0 -9999.0 -9999.0 -9999.0 53.8073938129 78.2849359696 26.4846940629 53.5693781702 78.9653925434 128.677194618 24.8740568003 24.3173533928 21.5776740238 21.8373986283 20.1364621075 570.705460746 21.7930877332 42.840122275 4824.37947868 4873.72897687 24.1287578505 82.5081785386 487.306640178 36.2869384321 72.8130434105 35.0204787068 51.6347789467 459.507078813 54.6288153104 285.798251537 232.045718019 17.3699969328 94.4279559191 37.8735701002 56.8939419945 17.8875285148 114.525435453 151.537681006 167.893420038 183.678607125 234.606125243 32.7404732346 33.9925714225 32.1426999275 30.6752042023 73.4318507458 15.6242979502 52.5641607634 66.9932850166 -9999.0 -9999.0
-9999.0 -9999.0 -9999.0 -9999.0 -9999.0 -9999.0 -9999.0 -9999.0 28.1349294443 133.827225806 159.790138652 26.0017371028 50.8177219992 24.7971813314 23.1012328045 22.7355768622 286.183773069 381.002451013 468.160737824 553.722964428 22.0814601642 21.3665195233 24.5145551368 4974.04820401 5026.427552 5050.86705353 658.050253568 146.469673468 126.960504715 16.9069111567 68.2187087328 544.614323354 16.8610401494 302.787319511 17.4237706728 120.917511155 113.06244418 18.1400351333 74.7936713531 35.696258384 53.2860618168 17.7777445105 15.5046373139 199.329314729 214.046150045 249.290193304 49.4196622599 47.0755763837 45.3084915104 89.6275827584 121.060860957 15.6685200247 81.7309931759 15.1264365605 28.9204672582
-9999.0 -9999.0 -9999.0 -9999.0 -9999.0 -9999.0 -9999.0 -9999.0 -9999.0 28.1977982131 186.632911291 212.367147387 75.844894375 125.837708273 172.738528 196.633738013 23.8989252696 72.8663130256 47.5533378724 23.8576018096 23.0812112229 21.6608610124 43.5380198709 75.9542399413 29.2646898519 5762.59729239 5786.90139004 22.3989127763 16.6568093857 33.0797437555 49.0940144562 593.516278111 32.7903029668 318.333815743 185.994039039 152.712821758 17.2863675084 35.1014056847 91.4198373998 16.5699002844 69.5658473677 34.1703323281 26.1782260287 10.0329897875 248.030789369 509.903855899 61.0309170467 58.9485960291 59.0578013422 13.7802376349 134.710003095 13.3958532209 110.403681297 13.5612293827 42.4367550625
-9999.0 -9999.0 -9999.0 -9999.0 -9999.0 -9999.0 -9999.0 -9999.0 -9999.0 -9999.0 25.9414882505 264.044869124 24.7670710148 49.3285342801 72.5450668361 119.145169923 23.9218967652 48.8633123099 23.8932579586 22.9063074063 21.6129811679 42.8578994007 19.893414602 23.1072806319 48.9742312057 27.9551316907 5811.92783953 5858.05348285 5921.51926727 67.3776894003 16.1252300085 32.1472473155 609.981708524 584.903241576 219.550231425 16.6497727991 69.1040420324 52.0392512609 108.088076519 33.1656483041 136.671919839 50.5803299801 40.7034460517 6.3653427878 10.5362411642 524.739797662 538.471001941 670.900922837 101.560663237 28.1396913402 149.202786716 176.782975913 300.089729847 26.9933511155 12.5332461684
-9999.0 -9999.0 -9999.0 -9999.0 -9999.0 -9999.0 -9999.0 -9999.0 -9999.0 -9999.0 -9999.0 12.7478866423 291.132056364 23.8662525753 46.8399214058 212.553769859 23.7711071381 23.6579657598 20.7791535879 43.9946696326 20.8002549578 84.372022769 123.656553166 142.288783628 67.6901133602 89.020338418 23.851841128 25.9687210092 23.6548185006 6026.77459811 6076.08147711 625.203346411 615.178292571 600.132030319 31.3655751139 15.3601546346 84.7420158249 224.284188518 123.935429226 48.9188665349 201.260825646 77.2283583739 62.0756442195 12.1590685592 5.20355897865 5.57759673303 7.36515370242 705.354663302 846.63668558 13.2979137216 12.5648533213 13.0395185459 312.38339243 351.050927791 22.6145341086
-9999.0 -9999.0 -9999.0 -9999.0 -9999.0 -9999.0 -9999.0 -9999.0 -9999.0 -9999.0 -9999.0 12.4298730127 321.702816889 396.819618811 23.0486576619 258.671720144 22.3363007085 21.5090312632 41.2788759982 106.107547723 20.3218425374 21.1815676164 19.2417126846 180.856043591 199.109446069 306.77090753 348.483694471 368.367865347 389.806901055 410.394180414 6507.98078075 7168.57443779 7818.26672091 7835.1103238 16.2886378465 15.281931703 255.629915224 240.071935134 15.5943425136 15.1138753067 215.816883071 308.849372675 13.4604345306 127.56831943 117.463609138 25.3501582791 14.0363305865 22.8557269841 13.9170537751 871.804317138 12.6950904411 37.4390161323 47.711955116 428.276080684 456.106129914
-9999.0 -9999.0 -9999.0 -9999.0 -9999.0 -9999.0 -9999.0 -9999.0 -9999.0 -9999.0 -9999.0 26.8261092277 51.7067516542 421.25538734 465.273568896 22.2859675497 301.346249638 20.0977213196 60.8712133335 125.713391957 39.5170183854 19.1239234737 39.1410026387 17.8101775808 34.0274216836 16.2357557146 14.6126367307 11.2765015149 9.78921792873 9.54782630621 9.86817693667 14.3315202483 18.5484481468 22.285002067 7890.87565845 321.755971865 288.199483188 15.2853127082 45.1637824524 11.0298437569 9.11523011044 323.585771664 495.569451464 143.429381756 106.377674885 13.9165028014 6.23240780135 5.72264170965 17.0433699429 901.664528967 926.519987257 12.8337187263 12.9032193569 10.5219034839 5.80679187078
-9999.0 -9999.0 -9999.0 -9999.0 -9999.0 -9999.0 -9999.0 -9999.0 -9999.0 -9999.0 -9999.0 -9999.0 23.595249355 313.38423408 801.56854773 870.788490085 1193.23564881 1213.20414374 284.185016909 204.401988903 58.9885421359 18.8968860527 76.2463863228 94.1935046123 144.699224932 33.0983862093 30.5058654703 27.3943700057 52.8421194875 24.9957190765 24.5353969362 11.5304559174 6.17212123227 8.792729337 7907.62004174 8238.99296421 8257.99595003 16.0339847746 127.212483246 50.2989140419 15.3475241323 543.394905378 33.2711207509 17.0468602802 67.7820850271 13.5855936151 12.4261968262 23.7670316037 34.6718928121 46.6714553682 948.485587065 10.5720225737 9.42628510788 9.43255763428 7.06760921378
-9999.0 -9999.0 -9999.0 -9999.0 -9999.0 -9999.0 -9999.0 -9999.0 -9999.0 -9999.0 -9999.0 25.8793936555 238.111951018 289.440364627 47.5730983987 13.3356573175 30.862915607 1264.9182948 1284.39443277 1587.35751711 17.6082707306 36.3481803674 16.3321989084 16.5843091115 160.852752829 210.072992261 255.13629309 14.8721098752 67.6032041689 107.106706126 64.1485623993 25.6827690738 17.5305479551 15.5458347983 17.0468309286 10.8660808144 8273.28703658 8286.47680638 8440.64040052 27.1661245513 14.0930373356 556.171184479 33.9852999679 17.4648926146 18.5016133647 18.3741054196 17.048346638 29.9969790245 89.3180481318 148.933846364 1107.94038386 8.41973425327 25.1033963332 16.9069391875 13.7569999948
-9999.0 -9999.0 -9999.0 -9999.0 -9999.0 -9999.0 -9999.0 -9999.0 -9999.0 -9999.0 -9999.0 26.3810948732 163.560038561 26.1144552195 23.2796927679 119.228785356 140.284546254 161.800589637 181.228937197 2147.51772702 2162.44043225 2195.08931236 2447.20368989 2495.75216924 2522.44336041 2539.15759049 2823.29242967 2857.90319329 2872.52699428 2994.91426519 3074.72423907 3088.98910151 3130.53585075 29.0702630802 25.405499756 5.65740260803 7.90346609079 8300.59198755 8495.13906978 41.0107658372 647.674247631 634.157222508 66.0021856441 16.1220226289 16.4095772076 15.986250875 15.8239845949 31.8793283449 46.4545552872 14.2730173263 1118.20188127 1128.94203836 1180.29545649 1189.32844834 1211.41596534
-9999.0 -9999.0 -9999.0 -9999.0 -9999.0 -9999.0 -9999.0 -9999.0 -9999.0 -9999.0 -9999.0 83.4662047998 110.414528079 52.1640122745 77.009797419 24.5970178493 277.244695475 299.708916599 343.580425115 359.920105428 141.771788516 2362.88488286 2378.23766803 14.9272202314 10.1834027427 8.11195102667 18.8469542585 8.78410024973 5.935858966 5.47332954 6.96525807507 3099.50295615 3142.28131692 3185.2818882 3223.14141589 3250.95513154 12.6471994439 5.30147893438 9180.86821679 673.053984829 661.655780823 14.2659160409 14.2570453323 13.7335311277 30.4710114959 30.1074107205 13.9669433891 13.9774926506 13.0522812071 27.0962699005 36.9909039286 8.64023014221 15.3043314638 5.47376812029 2.50877282925
-9999.0 -9999.0 -9999.0 -9999.0 -9999.0 -9999.0 -9999.0 -9999.0 -9999.0 -9999.0 -9999.0 -9999.0 56.0364039546 26.5484236483 24.6009256305 232.321116938 255.512797928 22.9098928441 88.8446334492 109.136181714 126.457836036 18.6465782733 15.6697516705 352.743773616 365.844429744 377.898139729 968.255833288 976.419137293 988.061899269 1059.59795714 1093.89372114 1098.94334699 4.79020151534 5.04148482264 6.23737708888 3269.29469602 8.04252651564 9306.70813841 9293.7138794 101.668582415 88.7697843181 55.9622586812 14.1658534697 27.3373893992 44.5313901581 44.1858485056 27.5964397132 13.5326460434 26.3949987581 25.8668626922 48.405811122 6.60874104402 21.8804598604 35.8657479781 41.2079440567
-9999.0 -9999.0 -9999.0 -9999.0 -9999.0 -9999.0 -9999.0 -9999.0 -9999.0 -9999.0 -9999.0 -9999.0 28.5905079639 81.4549506053 106.880521569 183.186129572 23.122236667 46.6464281518 68.3441525572 259.166543351 275.669612113 286.065366113 302.782544516 322.088841564 500.853645435 555.263701428 580.669889779 8.51535545409 59.0513460723 66.2618547601 1076.84895159 1105.29387312 1116.78790177 1128.35838506 1140.42919389 4419.80125667 12.0312740902 9344.13193513 15.1090496134 5.77261684217 75.0965333556 66.6853973096 9.07811464105 38.9461341278 56.4093379198 55.9314350963 38.8169631833 63.5555716045 100.265188378 36.821679549 95.4308369486 7.58008302585 9.97480762387 2.20077138361 1.744880019
