data/baseflow/mHMbf_acc269.asc
ncols                  80
nrows                 72
xllcorner      4374000.0
yllcorner      5656000.0
cellsize            500
NODATA_value       -9999
[rows 0 to 23 of 72, columns 0 to 54 of 80]
-9999.0 -9999.0 -9999.0 -9999.0 -9999.0 -9999.0 -9999.0 -9999.0 -9999.0 -9999.0 -9999.0 -9999.0 16.7587339142 13.0168035911 -9999.0 -9999.0 -9999.0 -9999.0 -9999.0 -9999.0 -9999.0 -9999.0 -9999.0 -9999.0 -9999.0 -9999.0 -9999.0 -9999.0 -9999.0 -9999.0 -9999.0 -9999.0 -9999.0 -9999.0 -9999.0 -9999.0 -9999.0 -9999.0 -9999.0 -9999.0 -9999.0 -9999.0 -9999.0 -9999.0 -9999.0 -9999.0 -9999.0 -9999.0 -9999.0 -9999.0 -9999.0 -9999.0 -9999.0 -9999.0 -9999.0
-9999.0 -9999.0 -9999.0 -9999.0 -9999.0 -9999.0 -9999.0 -9999.0 -9999.0 -9999.0 -9999.0 -9999.0 33.4191912977 68.493288168 9.5776352865 -9999.0 9.4008329717 -9999.0 -9999.0 -9999.0 -9999.0 -9999.0 -9999.0 -9999.0 -9999.0 -9999.0 -9999.0 -9999.0 -9999.0 -9999.0 -9999.0 -9999.0 -9999.0 -9999.0 -9999.0 -9999.0 -9999.0 -9999.0 -9999.0 -9999.0 -9999.0 -9999.0 -9999.0 -9999.0 -9999.0 -9999.0 -9999.0 -9999.0 -9999.0 -9999.0 -9999.0 -9999.0 -9999.0 -9999.0 -9999.0
-9999.0 -9999.0 -9999.0 -9999.0 -9999.0 -9999.0 -9999.0 -9999.0 -9999.0 -9999.0 15.0683432456 14.0991155599 15.0812033883 15.1690283383 95.2337882256 103.666010972 25.0051674961 7.9257547598 -9999.0 -9999.0 -9999.0 -9999.0 -9999.0 -9999.0 -9999.0 -9999.0 -9999.0 -9999.0 -9999.0 -9999.0 -9999.0 -9999.0 -9999.0 -9999.0 -9999.0 -9999.0 -9999.0 -9999.0 -9999.0 -9999.0 -9999.0 -9999.0 -9999.0 -9999.0 -9999.0 -9999.0 -9999.0 -9999.0 -9999.0 -9999.0 -9999.0 -9999.0 -9999.0 -9999.0 -9999.0
-9999.0 -9999.0 -9999.0 -9999.0 -9999.0 -9999.0 -9999.0 -9999.0 -9999.0 14.2965115876 29.4224895248 58.3400745575 28.8116732568 13.8783676761 26.7342043735 115.597024411 156.621357898 8.30900045746 -9999.0 13.1597492564 -9999.0 -9999.0 -9999.0 -9999.0 16.7377130208 8.84404899566 -9999.0 -9999.0 -9999.0 -9999.0 -9999.0 -9999.0 -9999.0 -9999.0 -9999.0 -9999.0 -9999.0 -9999.0 -9999.0 -9999.0 -9999.0 -9999.0 -9999.0 -9999.0 -9999.0 -9999.0 -9999.0 -9999.0 -9999.0 -9999.0 -9999.0 -9999.0 -9999.0 -9999.0 -9999.0
-9999.0 -9999.0 -9999.0 -9999.0 -9999.0 -9999.0 -9999.0 -9999.0 17.069683866 46.8365197186 60.1029801759 73.7878874612 100.169414696 12.3580104524 50.4106590411 61.5656132455 233.439334129 7.96984055855 8.64845054403 23.8286828634 33.7714497482 10.5570618992 -9999.0 39.9550071228 33.0430940038 8.24168472669 -9999.0 -9999.0 -9999.0 -9999.0 -9999.0 -9999.0 -9999.0 -9999.0 -9999.0 -9999.0 -9999.0 -9999.0 -9999.0 -9999.0 -9999.0 -9999.0 -9999.0 -9999.0 -9999.0 -9999.0 -9999.0 -9999.0 -9999.0 -9999.0 -9999.0 -9999.0 -9999.0 -9999.0 -9999.0
-9999.0 -9999.0 -9999.0 -9999.0 -9999.0 -9999.0 16.9182435323 14.8036110689 13.9496756223 14.3883076192 14.5432181268 103.659512275 217.668186669 231.082283471 241.874545719 10.7763372347 253.504985879 262.937958779 19.2332852268 10.6512811106 43.4863338854 73.9668364681 8.99596009873 66.1148077568 9.62036388929 8.9466961742 9.96417987065 -9999.0 -9999.0 -9999.0 -9999.0 -9999.0 -9999.0 -9999.0 -9999.0 -9999.0 -9999.0 -9999.0 -9999.0 -9999.0 -9999.0 -9999.0 -9999.0 -9999.0 -9999.0 -9999.0 -9999.0 -9999.0 -9999.0 -9999.0 -9999.0 -9999.0 -9999.0 -9999.0 -9999.0
-9999.0 -9999.0 -9999.0 -9999.0 -9999.0 -9999.0 34.2574324476 50.3315957742 111.771995689 153.007419034 12.1041776839 13.1926461499 11.942153198 33.9624156137 285.395903144 9.08455823238 271.912803539 308.847494564 28.3076395855 19.0728361424 82.4978846504 9.5813210307 75.3949139253 16.9174417316 8.14383846209 16.6498052312 19.7625190372 10.9342294629 11.5666202997 11.047623533 12.002407084 23.8997670457 -9999.0 -9999.0 -9999.0 -9999.0 -9999.0 -9999.0 -9999.0 -9999.0 -9999.0 -9999.0 -9999.0 -9999.0 -9999.0 -9999.0 -9999.0 -9999.0 -9999.0 -9999.0 -9999.0 -9999.0 -9999.0 -9999.0 -9999.0
-9999.0 -9999.0 -9999.0 -9999.0 -9999.0 19.5729933542 37.3310200392 17.6765376544 33.5006115417 169.14749354 195.994007528 223.002844108 752.486127498 11.2875437328 295.926489239 1144.15115884 1152.13145322 1475.62806488 8.62265102342 27.5211504364 91.0644398628 8.42852711759 173.476215661 89.1352271403 54.0866511194 45.4098016322 9.47308553686 32.2572791562 33.3596153457 22.1131962366 10.3025172685 34.6054310827 9.84233514705 9.54843572403 -9999.0 -9999.0 -9999.0 -9999.0 -9999.0 -9999.0 -9999.0 -9999.0 -9999.0 -9999.0 -9999.0 -9999.0 -9999.0 -9999.0 -9999.0 -9999.0 -9999.0 -9999.0 -9999.0 -9999.0 -9999.0
-9999.0 -9999.0 -9999.0 -9999.0 -9999.0 19.8353598288 57.4549115888 113.400184701 130.014011181 256.693307594 271.600564011 318.976914639 518.303392519 793.014599791 817.805466664 829.16768419 17.481629544 1508.86863352 1526.18023164 1571.74197373 1870.32407847 199.404907734 182.716437789 63.0631129023 8.7204160064 57.0752045229 39.9640227934 7.30760649607 42.3259675668 8.91356517644 18.949985783 53.1834720637 62.554361339 18.6325364123 8.81314373551 8.75215063474 -9999.0 -9999.0 -9999.0 -9999.0 7.40089546612 7.06051448067 -9999.0 -9999.0 -9999.0 -9999.0 -9999.0 -9999.0 -9999.0 -9999.0 -9999.0 -9999.0 -9999.0 -9999.0 -9999.0
-9999.0 -9999.0 -9999.0 -9999.0 -9999.0 19.0901960365 17.9083392769 75.8705397128 92.9766379574 110.738280162 16.188293193 31.9031000983 188.546505751 32.1422439898 13.7553810285 11.4617419612 9.07794291275 11.0265266927 9.93146333616 10.463600068 1879.32003817 1903.97217133 8.07366807301 25.1770235856 17.3224886731 64.8906032606 14.8856470084 6.86341971919 51.2993937462 17.4036284253 43.7358811234 107.060043252 98.794016852 26.9770864122 25.3493988331 9.26238950883 9.15795685477 -9999.0 -9999.0 9.4443318435 15.4160127029 37.2526383908 7.43400274591 -9999.0 -9999.0 -9999.0 -9999.0 -9999.0 -9999.0 -9999.0 -9999.0 -9999.0 -9999.0 -9999.0 -9999.0
-9999.0 -9999.0 -9999.0 -9999.0 -9999.0 -9999.0 20.0784053859 20.1919010546 37.6660144412 55.7023065831 125.249099464 158.547062866 174.932624569 17.4614087207 11.4902563878 165.649234895 198.825138316 208.49611873 250.947287154 259.889467885 8.5362401496 1912.74626733 1954.24327445 33.1818267391 6.4684441807 72.1000162306 157.330863244 64.396967411 14.445553731 7.47700560615 165.634325511 114.878020365 7.02582445901 7.13408899848 32.8170307313 26.7532549791 7.98454006603 6.9924997635 9.04987971696 18.2375545089 8.62296311134 44.9632703019 52.5756047137 6.5187031931 -9999.0 -9999.0 -9999.0 -9999.0 8.02521560481 7.37142103106 3.73990258881 -9999.0 -9999.0 -9999.0 -9999.0
-9999.0 -9999.0 -9999.0 -9999.0 -9999.0 -9999.0 -9999.0 19.1498407633 17.2080989966 36.1131573511 53.8247037795 16.7032410161 13.8129143667 91.5192531339 116.72767515 143.347494275 11.760998305 22.9380589345 10.9577898392 269.550848518 583.531777413 590.222208506 2559.27998718 7.9248312037 18.557892548 5.7195933924 163.617850239 6.99789594994 22.0426226232 7.16425475454 172.596143713 179.661456717 14.2736226006 14.375706251 84.4608850814 43.1715498125 15.0698580811 8.06992774115 17.9665930137 27.0213929718 43.3608752511 7.1039674612 64.019865594 68.2348634424 3.70731896748 4.15960651154 4.45231767848 3.8288539898 3.61569765369 20.4401939619 9.97838506276 6.0100437746 -9999.0 -9999.0 -9999.0
-9999.0 -9999.0 -9999.0 -9999.0 -9999.0 -9999.0 -9999.0 -9999.0 35.6947448591 51.6205239731 16.6830128176 34.3339540553 49.5196003548 79.3525382067 14.6706113931 13.9451213957 10.8894007618 10.9583526348 9.04791137523 294.673684911 11.160655242 21.3799802067 2586.19230153 2594.39174674 2.27804910111 23.3398316648 191.557185067 13.6551495839 27.9257691691 12.3141518704 17.9420686921 205.557514869 20.2791796681 118.262332107 98.2072599674 7.15613901819 38.7669470991 16.0070949539 25.7582470243 7.59444574653 50.0113326616 61.9854695417 65.4528444915 68.6651862176 82.0627501438 7.06083471752 7.69082039162 6.74054845505 6.29081637501 24.3037707499 4.8191521117 21.0580878171 25.7061229376 -9999.0 -9999.0
-9999.0 -9999.0 -9999.0 -9999.0 -9999.0 -9999.0 -9999.0 -9999.0 18.8628317737 88.6251561597 104.721109799 16.0491341908 30.6024878336 14.4881068216 12.4885133362 12.2909288604 156.650878996 203.456226836 244.411677037 287.063887482 9.63714063746 10.601421901 5.3841187972 2625.54978843 2633.14993893 2635.28628508 246.897725788 52.576452683 47.2844794021 4.96050174209 23.1218310664 234.10260813 5.43911887989 123.808295911 7.00336327934 52.1653528563 46.9026267083 7.75491264994 33.5551255929 15.2978988665 22.8619521047 4.9733277868 3.15866111862 71.8200700186 74.6861446752 84.9193944182 10.895724195 9.73583533504 9.25114519262 29.511440829 39.3171242742 4.89648962553 30.7826937693 5.73307549587 10.7203789435
-9999.0 -9999.0 -9999.0 -9999.0 -9999.0 -9999.0 -9999.0 -9999.0 -9999.0 19.4033990702 121.951875747 137.354910454 45.1021617536 73.7012108505 98.4303846889 110.725479713 12.5161747965 36.0218639924 23.963180517 13.0451232813 12.1458016053 10.4100433523 18.5233278507 25.8694174824 3.93572361744 2888.59782637 2890.73622797 2.00772060675 2.65599406434 10.6045713995 15.9044572498 249.896612415 10.5971924219 128.272009754 77.6327476337 65.2097871722 7.02719840067 14.5248928366 40.2059636621 6.66003512465 29.3870559383 11.0608227531 5.58933696506 2.82252814879 83.3199502054 170.51710061 12.9567365446 11.8777021888 12.7796555103 3.9027366549 43.1734008332 3.73792622753 39.9110232258 4.88622745299 15.6259897615
-9999.0 -9999.0 -9999.0 -9999.0 -9999.0 -9999.0 -9999.0 -9999.0 -9999.0 -9999.0 15.6377074289 168.752608766 14.3082212375 28.3228598411 39.8610614371 61.5173793898 10.8187238931 22.8742132721 11.0013283729 9.81202504812 9.03691458033 17.6159772942 7.24357772628 5.40675091415 8.09698586681 3.37717594923 2893.17668363 2897.23140279 2904.36218636 18.7678938622 5.64084101909 11.256033223 255.912571956 233.685544836 90.4255903964 6.31058140557 28.2054801876 21.2971815884 46.8765864825 13.2774528325 53.5054996559 17.3772779396 9.93645225931 2.32056789371 3.21183480864 173.928200234 176.803429802 204.007631659 25.1347312493 8.12068636129 47.3988270378 55.2697377823 98.9881668941 9.46919223727 4.47511348352
-9999.0 -9999.0 -9999.0 -9999.0 -9999.0 -9999.0 -9999.0 -9999.0 -9999.0 -9999.0 -9999.0 9.44076265648 187.659319095 12.8620141731 24.046469586 106.514702586 10.4342588566 10.1881880154 8.73532112718 19.5984222053 10.0598130537 37.3189744479 51.7136113024 57.845608218 12.0997163656 13.7736024084 1.76626525537 2.90125399638 2.802883194 2930.94247939 2944.23112491 259.934481398 242.733607163 238.280301432 9.99956276418 4.81810830227 34.0900444275 93.0082787489 53.0437415871 19.3419463533 78.6580248626 24.8922579749 19.5849041541 5.09174295881 2.04789183855 1.82493320897 2.09866410084 215.19595995 250.967610998 4.04631519758 3.61577701417 4.17356017525 103.190179912 116.744010061 8.04221596684
-9999.0 -9999.0 -9999.0 -9999.0 -9999.0 -9999.0 -9999.0 -9999.0 -9999.0 -9999.0 -9999.0 8.56024371689 206.866240457 249.317458755 11.6070302754 129.127470332 9.28697182115 8.89447338444 18.7000730317 48.5746827986 9.60736897825 10.3274308736 7.30484507671 71.6967576801 78.2322798765 99.1980409652 104.976086736 107.930737079 109.786754797 112.823840646 3059.1644043 3322.67275191 3568.59045233 3569.99492664 2.32571461124 4.5834832238 104.848798297 98.9659215039 6.05519815456 5.92914921181 84.5417813745 115.178667199 4.88788854212 59.4205444996 54.858099686 11.9878413395 4.94107325425 8.4157177401 3.68857566678 256.575397753 2.79079112702 10.4983106914 12.6980634745 138.084133754 149.023224676
-9999.0 -9999.0 -9999.0 -9999.0 -9999.0 -9999.0 -9999.0 -9999.0 -9999.0 -9999.0 -9999.0 16.2773770473 30.2727294858 262.782660614 283.741978419 10.2793888327 145.279543278 7.36088652609 23.8668899542 56.8584596321 18.142923749 8.47204653338 16.8795737573 5.58322490305 11.1935156116 6.04684749287 5.56669448633 4.92610894769 4.42673318742 2.95804618185 1.84742813356 1.93452854359 2.1935985615 2.5519212786 3576.52903806 113.079936815 107.459529344 1.30657759564 16.4631622188 4.68576695356 5.17079311416 120.418541851 196.275288043 65.4308055436 49.7691701777 7.73529627926 2.68891494601 2.37907199382 5.22677480771 264.697948068 269.69650044 2.64242454797 2.74491099641 2.93129161041 2.93405787318
-9999.0 -9999.0 -9999.0 -9999.0 -9999.0 -9999.0 -9999.0 -9999.0 -9999.0 -9999.0 -9999.0 -9999.0 12.4455044454 182.284851039 477.764257615 512.777309901 666.506228718 673.169415814 122.312098199 92.4438637407 26.7883240926 8.29450950649 32.7934409757 39.9148976695 57.3359686641 12.4737586786 11.3241813849 10.8259906077 20.8823026784 8.46206491695 7.2116723 4.97243582633 2.86058513946 1.82745860322 3578.62637312 3695.72327084 3697.21139872 1.14069767087 40.5063147607 21.3474451132 5.98969461596 214.642408695 13.3482649671 6.98387185252 31.5463223525 6.76212893242 3.8819626818 6.88667331933 9.34722875984 12.0779399934 273.833037035 1.91823169698 1.65539008086 1.66986899182 1.411876548
-9999.0 -9999.0 -9999.0 -9999.0 -9999.0 -9999.0 -9999.0 -9999.0 -9999.0 -9999.0 -9999.0 14.4747392696 139.942690139 168.96014114 24.4479886902 9.0664901811 17.8965125603 699.934843797 706.330212526 835.599485657 7.02635923957 15.2268296099 6.14277673697 6.24382314134 63.2689380897 81.65306399 98.2672803404 5.1494916573 25.9916104172 39.4579083209 21.7691719004 9.82704025349 7.14257612504 5.28586825901 4.71963632515 1.23641212752 3698.31641014 3699.08570475 3741.20985718 8.70770192856 4.9958701435 218.385640484 15.3390843984 7.8285317436 8.77917989403 8.68171017755 7.2492008254 11.3375890833 30.7236931863 45.6726497668 321.546142721 1.41112091881 4.26686781654 2.91598112434 2.53772053505
-9999.0 -9999.0 -9999.0 -9999.0 -9999.0 -9999.0 -9999.0 -9999.0 -9999.0 -9999.0 -9999.0 14.8903730952 99.2722252883 15.0577330055 11.8248730124 67.8031527221 77.259015956 86.5981963203 94.7738833794 1125.76788794 1133.4439223 1147.72080011 1257.97993927 1275.61412475 1284.79348698 1290.79958106 1400.16738839 1414.15749157 1419.43734144 1465.00850486 1492.54808886 1497.44633335 1514.11017208 9.88290490566 8.58806909856 1.16819076749 0.700912893087 3700.01124544 3752.59658948 10.6907924297 253.965607261 249.759344012 27.5552069889 6.47398268488 6.57685846914 6.24380126537 6.14933806495 12.2331116372 16.5086310134 3.65102900539 323.416558166 325.41383463 334.274584947 335.862750325 339.871542752
-9999.0 -9999.0 -9999.0 -9999.0 -9999.0 -9999.0 -9999.0 -9999.0 -9999.0 -9999.0 -9999.0 51.9793362605 68.553507952 31.0197520165 44.6562588836 13.3295611447 149.767642666 159.514340969 178.68155554 187.104935664 61.6530909562 1223.14148377 1230.19976016 4.83263577143 3.02491048333 2.73789109041 6.21465367644 3.45008348957 2.75808751636 2.77628610236 3.15456755081 1502.4010016 1519.20583915 1533.81015024 1546.37598331 1549.82559528 1.23107236867 0.387592033764 4012.99639259 259.655008761 258.453333505 5.28937459076 4.55937512595 3.96106949505 10.8557198003 10.4877057676 4.82421637767 4.86726292291 4.5146688765 8.11952162438 10.2565202012 1.3703335052 2.56386265944 1.09067349734 0.850824681403
-9999.0 -9999.0 -9999.0 -9999.0 -9999.0 -9999.0 -9999.0 -9999.0 -9999.0 -9999.0 -9999.0 -9999.0 35.1010913029 16.268038177 13.7799525658 130.315146416 140.376971923 10.4367802533 38.5395977117 47.5909950577 55.0988512968 8.80957243263 4.28038648425 162.654210628 165.815891591 168.87269786 416.492771258 418.889455649 423.619022547 445.856075473 459.576110509 461.798377513 2.85709000183 3.02834140754 3.06187214012 1551.21097 0.59105980519 4048.26812135 4047.35609985 33.6028067889 32.0266215407 19.7772580314 5.09946039838 7.92999766847 15.0190480405 14.6383728496 9.3040254168 4.65018671786 9.03113121956 9.16955548911 14.2078499401 2.92608511432 4.88421200805 7.83095804092 9.5653649348
