data/baseflow/mHMbf_acc274.asc
ncols                  80
nrows                 72
xllcorner      4374000.0
yllcorner      5656000.0
cellsize            500
NODATA_value       -9999
[rows 0 to 24 of 72, columns 0 to 54 of 80]
-9999.0 -9999.0 -9999.0 -9999.0 -9999.0 -9999.0 -9999.0 -9999.0 -9999.0 -9999.0 -9999.0 -9999.0 15.0754322156 12.369015207 -9999.0 -9999.0 -9999.0 -9999.0 -9999.0 -9999.0 -9999.0 -9999.0 -9999.0 -9999.0 -9999.0 -9999.0 -9999.0 -9999.0 -9999.0 -9999.0 -9999.0 -9999.0 -9999.0 -9999.0 -9999.0 -9999.0 -9999.0 -9999.0 -9999.0 -9999.0 -9999.0 -9999.0 -9999.0 -9999.0 -9999.0 -9999.0 -9999.0 -9999.0 -9999.0 -9999.0 -9999.0 -9999.0 -9999.0 -9999.0 -9999.0
-9999.0 -9999.0 -9999.0 -9999.0 -9999.0 -9999.0 -9999.0 -9999.0 -9999.0 -9999.0 -9999.0 -9999.0 32.2149028485 66.9129774071 9.55138720183 -9999.0 9.15182264717 -9999.0 -9999.0 -9999.0 -9999.0 -9999.0 -9999.0 -9999.0 -9999.0 -9999.0 -9999.0 -9999.0 -9999.0 -9999.0 -9999.0 -9999.0 -9999.0 -9999.0 -9999.0 -9999.0 -9999.0 -9999.0 -9999.0 -9999.0 -9999.0 -9999.0 -9999.0 -9999.0 -9999.0 -9999.0 -9999.0 -9999.0 -9999.0 -9999.0 -9999.0 -9999.0 -9999.0 -9999.0 -9999.0
-9999.0 -9999.0 -9999.0 -9999.0 -9999.0 -9999.0 -9999.0 -9999.0 -9999.0 -9999.0 15.3459624209 14.4878461996 15.692475624 15.7341670629 94.9750964094 103.82627012 24.0193534776 7.55419826461 -9999.0 -9999.0 -9999.0 -9999.0 -9999.0 -9999.0 -9999.0 -9999.0 -9999.0 -9999.0 -9999.0 -9999.0 -9999.0 -9999.0 -9999.0 -9999.0 -9999.0 -9999.0 -9999.0 -9999.0 -9999.0 -9999.0 -9999.0 -9999.0 -9999.0 -9999.0 -9999.0 -9999.0 -9999.0 -9999.0 -9999.0 -9999.0 -9999.0 -9999.0 -9999.0 -9999.0 -9999.0
-9999.0 -9999.0 -9999.0 -9999.0 -9999.0 -9999.0 -9999.0 -9999.0 -9999.0 14.4480872605 29.8995290291 59.357194705 29.6484763137 14.1655948667 27.5946862831 116.36021442 156.415444345 8.26719858111 -9999.0 14.41105535 -9999.0 -9999.0 -9999.0 -9999.0 16.3133313507 8.59456564453 -9999.0 -9999.0 -9999.0 -9999.0 -9999.0 -9999.0 -9999.0 -9999.0 -9999.0 -9999.0 -9999.0 -9999.0 -9999.0 -9999.0 -9999.0 -9999.0 -9999.0 -9999.0 -9999.0 -9999.0 -9999.0 -9999.0 -9999.0 -9999.0 -9999.0 -9999.0 -9999.0 -9999.0 -9999.0
-9999.0 -9999.0 -9999.0 -9999.0 -9999.0 -9999.0 -9999.0 -9999.0 18.4285242704 49.2934164271 63.2308106463 77.4089194285 102.698186975 12.902785354 52.8165994631 64.902205176 238.175588966 9.10309444094 9.82829924647 26.2865639863 37.8532785643 12.3618315963 -9999.0 40.1614813231 33.3290348518 8.66474169983 -9999.0 -9999.0 -9999.0 -9999.0 -9999.0 -9999.0 -9999.0 -9999.0 -9999.0 -9999.0 -9999.0 -9999.0 -9999.0 -9999.0 -9999.0 -9999.0 -9999.0 -9999.0 -9999.0 -9999.0 -9999.0 -9999.0 -9999.0 -9999.0 -9999.0 -9999.0 -9999.0 -9999.0 -9999.0
-9999.0 -9999.0 -9999.0 -9999.0 -9999.0 -9999.0 17.6530364835 15.141462993 14.4759633131 15.0241076918 15.5726376168 109.258420418 226.686190533 240.883684428 252.869264554 12.3041429235 260.816334867 271.397545768 21.5663509929 11.8251577038 49.1145539958 85.4233512419 10.6088502219 71.4984631725 11.7841105308 10.8436068744 12.3491157597 -9999.0 -9999.0 -9999.0 -9999.0 -9999.0 -9999.0 -9999.0 -9999.0 -9999.0 -9999.0 -9999.0 -9999.0 -9999.0 -9999.0 -9999.0 -9999.0 -9999.0 -9999.0 -9999.0 -9999.0 -9999.0 -9999.0 -9999.0 -9999.0 -9999.0 -9999.0 -9999.0 -9999.0
-9999.0 -9999.0 -9999.0 -9999.0 -9999.0 -9999.0 35.9085245789 52.6526172064 117.098486863 160.088800505 12.8350082289 13.8000565468 13.0054597423 37.5036736626 301.373929351 10.4031101393 281.794700588 323.866061337 32.0480823647 21.8774874883 95.901271312 11.8934635725 83.0413461083 21.6742454947 10.6416071277 20.9028534974 24.94233109 13.6035065585 14.4174398455 13.718446468 15.7491854377 31.3741234301 -9999.0 -9999.0 -9999.0 -9999.0 -9999.0 -9999.0 -9999.0 -9999.0 -9999.0 -9999.0 -9999.0 -9999.0 -9999.0 -9999.0 -9999.0 -9999.0 -9999.0 -9999.0 -9999.0 -9999.0 -9999.0 -9999.0 -9999.0
-9999.0 -9999.0 -9999.0 -9999.0 -9999.0 20.721963429 39.4775033196 18.6058305623 35.5239174357 177.553930443 206.550071251 235.199670511 802.609290602 12.5733883926 313.471887924 1224.4713019 1233.8401178 1574.40636378 10.1340837956 31.9596558158 106.431537687 10.3577955245 207.482487794 113.372935315 68.517876119 57.3898808325 12.2050028096 40.2674168011 41.3642153623 27.4250029717 13.3386254536 45.2908749403 13.2683615067 12.8631330266 -9999.0 -9999.0 -9999.0 -9999.0 -9999.0 -9999.0 -9999.0 -9999.0 -9999.0 -9999.0 -9999.0 -9999.0 -9999.0 -9999.0 -9999.0 -9999.0 -9999.0 -9999.0 -9999.0 -9999.0 -9999.0
-9999.0 -9999.0 -9999.0 -9999.0 -9999.0 20.9474188011 60.3824935321 119.432137718 137.199670278 271.667835753 287.790088511 339.637192887 555.243006679 847.354277648 876.014009004 889.302815791 22.0028421832 1615.16374447 1636.45598655 1691.22355495 2048.78716094 240.807163479 219.643910135 80.3447081488 11.6143571421 73.5331530468 51.0759399709 10.151476306 53.4304588062 12.0024136516 25.2876288345 70.6930162514 83.8599148571 25.6338885597 12.8898934023 12.5629699658 -9999.0 -9999.0 -9999.0 -9999.0 8.38969548753 7.62118361108 -9999.0 -9999.0 -9999.0 -9999.0 -9999.0 -9999.0 -9999.0 -9999.0 -9999.0 -9999.0 -9999.0 -9999.0 -9999.0
-9999.0 -9999.0 -9999.0 -9999.0 -9999.0 19.977957082 18.7859334792 80.1115441716 98.4343573982 117.545704213 17.7871228912 34.9986711087 203.389881445 35.6371838136 16.0092775316 13.4098001948 11.3859369143 13.5626448634 12.4754384906 13.2276687732 2060.2708556 2092.69194962 10.5689267464 33.3185866769 23.0576869248 84.0418022532 20.684616025 9.58116009892 65.6204096516 23.5980857308 58.8151954649 146.40488258 134.668302447 37.8216702961 37.3082923041 13.2958903569 13.4610979457 -9999.0 -9999.0 13.770228748 19.1619407418 43.0472683718 8.28197247343 -9999.0 -9999.0 -9999.0 -9999.0 -9999.0 -9999.0 -9999.0 -9999.0 -9999.0 -9999.0 -9999.0 -9999.0
-9999.0 -9999.0 -9999.0 -9999.0 -9999.0 -9999.0 21.2607360356 21.4665308896 39.9333142602 59.0123216522 133.512762598 169.806390383 188.109832111 18.6871975809 13.2838855313 189.29232513 229.45761821 241.392965011 294.099040743 305.419607988 11.4972407097 2104.31369253 2160.65224244 45.0177160038 11.1253477641 94.4924995844 208.831507538 84.7004020378 21.2372259851 10.8886192949 227.846614107 158.257702987 11.1163785903 11.0445651275 49.0113181046 39.4947783719 12.5692881057 11.284327338 13.8792786409 27.2360860657 13.5430553035 52.3945080763 65.1855355175 11.2269713778 -9999.0 -9999.0 -9999.0 -9999.0 13.9476398493 12.8381363943 5.27869395784 -9999.0 -9999.0 -9999.0 -9999.0
-9999.0 -9999.0 -9999.0 -9999.0 -9999.0 -9999.0 -9999.0 20.3524792397 18.138735599 38.1490751965 57.4817657802 18.2515447156 15.434616334 101.856780102 131.977069496 163.579541547 14.5027920273 27.7943747226 13.9586245339 317.647113178 698.849809259 706.049836895 2886.23779684 11.0284611561 31.3858670695 9.81879632153 218.122423014 10.2279200639 32.3211457968 10.4946396229 238.592807322 249.443002101 22.4406401651 22.1671707199 126.926743318 64.9708835931 23.9205297305 12.6242476094 27.5617699625 40.6955972524 66.6963277443 11.8162109659 85.5601424844 93.4222605081 7.0432473836 7.90433978183 8.32579883828 7.16049558927 6.79345336411 36.100004187 16.2192498251 10.3706567525 -9999.0 -9999.0 -9999.0
-9999.0 -9999.0 -9999.0 -9999.0 -9999.0 -9999.0 -9999.0 -9999.0 37.9939838006 54.8640658444 18.1045519471 37.2795475402 54.4793211423 88.1388247422 17.2019607965 16.2201367688 13.1500354164 13.2682658778 11.625590235 355.592595668 14.7292661136 28.1441306016 2920.33799836 2932.99539213 3.71112232045 39.2557000746 265.041149846 20.5273035746 41.6892423405 18.8450235631 28.1542018962 291.521727478 32.6209603557 181.582287062 149.792633231 11.7724118388 62.11774203 25.6204784548 40.3451038321 12.4805671882 78.4868421163 99.6971576854 106.704630009 113.224846755 120.779533959 13.9584232638 14.9182014024 13.1301424049 12.321008248 43.9244571464 9.2106741123 36.2280431477 45.0820504736 -9999.0 -9999.0
-9999.0 -9999.0 -9999.0 -9999.0 -9999.0 -9999.0 -9999.0 -9999.0 20.1876935384 94.5666091421 111.954813695 17.3509027195 33.6423463523 16.2120023601 14.2698733498 13.9884184149 182.412127673 241.589506126 293.577618442 347.397063198 12.5786931492 13.9550197128 9.33005812178 2977.96640135 2989.3037657 2992.26123815 350.544195956 80.571967446 71.6009822803 8.14461880362 36.8350727775 337.485381279 9.28061887675 191.035779642 11.5862490314 82.66758135 75.434848128 12.6971859291 53.1260449461 25.1088145659 37.8455384873 9.421802781 6.4504167599 119.635579605 125.614151905 126.742105147 21.4461242353 19.2593288662 18.4558782465 53.7764350977 72.5289358909 9.36652897284 54.597698697 10.573652479 20.0224245847
-9999.0 -9999.0 -9999.0 -9999.0 -9999.0 -9999.0 -9999.0 -9999.0 -9999.0 20.9694730786 130.921438271 147.800855366 50.12325625 82.6580969382 111.805575936 126.828598972 15.9527062654 45.9973426722 31.1444830155 16.8224090239 16.082521775 13.5818161199 25.9034606433 39.6760493384 7.62522717127 3353.83499458 3357.47147556 3.57565362767 5.00956305709 17.5490062356 26.7783958889 365.161331945 18.5691122871 199.26578776 127.158564419 105.724440371 12.262519031 24.4948162163 64.8647517085 11.7568884082 49.6223492744 20.6813421432 12.2489944175 6.71180947061 145.831641837 277.792217218 26.2699478019 24.2833315034 26.1106969615 8.14759008996 80.5973204419 7.81317776606 72.4151469816 9.5421356532 29.7102282051
-9999.0 -9999.0 -9999.0 -9999.0 -9999.0 -9999.0 -9999.0 -9999.0 -9999.0 -9999.0 17.2870725952 182.497364761 16.2276982715 32.2796590223 46.2552438019 73.1501187073 13.7458654211 29.4228481315 14.4355781706 12.7930027841 12.1395506749 23.7834758833 10.5806625222 8.77999516194 13.5510309238 6.38630500841 3361.56605536 3368.40381536 3381.71423672 32.2464076038 9.76800748562 19.4866389427 375.820862861 377.322844699 149.822359511 11.1737328367 48.3354291181 36.2941546597 76.6403046188 23.4363429868 94.1280240606 32.3210760878 21.4648166018 6.48401089533 7.63521609721 285.429781971 291.89103497 347.925271148 51.9877231644 16.9831553401 89.445766413 105.911019524 186.191147825 18.6452501213 8.72604003806
-9999.0 -9999.0 -9999.0 -9999.0 -9999.0 -9999.0 -9999.0 -9999.0 -9999.0 -9999.0 -9999.0 10.2846479914 204.106484443 14.9635471389 28.7663170327 128.448686165 13.510640707 13.1904245726 11.3728908286 25.3138158729 13.3989331561 50.1156414236 71.362930651 80.6415133566 20.4475488455 23.3889896197 3.25699648681 5.74968290996 5.92738616789 3426.82529012 3449.84941255 383.8234472 395.618401177 386.549912528 19.2406444258 9.21882324606 59.249904673 158.284288638 88.1469244159 34.7435191207 140.33460657 56.8362912563 46.1085249944 14.2438784582 6.0512049479 5.19617308364 5.59763418048 377.322616732 453.709838142 8.80179574264 7.76197938311 8.67786211452 195.016564059 222.217980102 16.3232926491
-9999.0 -9999.0 -9999.0 -9999.0 -9999.0 -9999.0 -9999.0 -9999.0 -9999.0 -9999.0 -9999.0 9.30688429315 226.062769694 275.254628802 14.1384547682 156.010562744 11.9657540134 11.2354012413 23.9531143414 62.2650707352 12.749086847 13.7713242748 10.7488800199 101.338474277 111.563227018 146.0815404 156.812892278 162.699682985 166.480860248 172.855376199 3627.0819871 4019.30266924 4422.74077329 4425.26417009 5.20228802129 8.82828807063 180.236037918 169.335020591 11.2887815722 11.1734440052 152.003050779 220.567732063 10.3021431826 134.56616315 124.424756004 33.1448826192 13.6122605336 22.7508091941 8.62476408977 466.804862844 6.52376648146 22.9083167514 28.2668303974 272.187678901 296.99306648
-9999.0 -9999.0 -9999.0 -9999.0 -9999.0 -9999.0 -9999.0 -9999.0 -9999.0 -9999.0 -9999.0 18.558934587 35.18787921 291.199945791 317.291772692 12.9815810471 176.425736061 9.86209185092 31.5000476978 73.4912559482 24.5133294201 11.6721590124 23.6856239504 8.7473123815 17.6774655801 9.49583108529 9.4159357167 9.06855491988 9.12425146476 7.10388394301 5.17135239314 5.24161746725 5.98172658657 6.27075764376 4439.89017789 198.094041296 186.765556075 3.26934162087 31.7552252669 9.1864123067 9.06474336703 231.401054135 401.162439646 147.518217535 109.90830872 21.0080299932 7.74313009927 6.94283870511 13.7759388819 487.314315039 499.039096888 6.17463444102 6.26318034795 7.13940522344 8.56475750997
-9999.0 -9999.0 -9999.0 -9999.0 -9999.0 -9999.0 -9999.0 -9999.0 -9999.0 -9999.0 -9999.0 -9999.0 14.46529943 215.145222696 546.969797614 591.164685422 778.627542249 786.738188549 160.729285452 121.756034399 36.4517198277 11.4069077795 46.3325814296 56.9136693547 84.400582421 19.6662682479 18.9220861896 18.8394881054 37.6968606334 16.5975745562 14.7933472039 9.6798675143 8.13509717375 5.21715127247 4444.71004328 4648.49869696 4651.38236691 2.83900332016 79.7257121151 41.1434867648 11.9557556125 440.212923569 28.3825694387 14.7552225189 63.3900778777 14.4578478722 9.21997101915 16.4354450255 22.2662167187 28.6474715258 508.894509701 4.63112810393 3.95355127559 3.98154514732 3.69429620264
-9999.0 -9999.0 -9999.0 -9999.0 -9999.0 -9999.0 -9999.0 -9999.0 -9999.0 -9999.0 -9999.0 16.8722111534 164.753177353 199.549962103 31.0517548952 10.6663856727 22.8152900249 821.52638224 830.245477532 999.618783968 10.2478137058 21.4978135022 9.46911018461 9.64769242329 94.2144102838 123.649610524 151.684151093 8.89594844098 46.9343260149 72.5537005635 42.3180203384 18.7403630968 16.7302391668 13.6546372312 12.6887642892 3.66304496866 4653.67781369 4655.24544285 4738.804679 18.9185617842 10.4855600473 446.734002449 29.5391407642 15.2076525631 16.8400169036 16.7045186572 14.5084131669 24.1086510297 66.173436531 101.584742899 615.43531704 3.57552786445 10.5931550683 7.15757495085 6.56248934906
-9999.0 -9999.0 -9999.0 -9999.0 -9999.0 -9999.0 -9999.0 -9999.0 -9999.0 -9999.0 -9999.0 17.4307803414 117.048147194 18.060412424 14.8217995677 82.5182169546 95.5720301613 108.324109613 119.875058635 1369.16167641 1380.08219045 1400.30048485 1561.08623832 1589.97070204 1606.65067605 1616.65112338 1790.71890839 1816.46596454 1826.07657133 1909.8596166 1962.90659393 1971.87570229 2007.40600308 22.3860899282 21.4894536001 4.12387982302 2.43823677968 4657.39618871 4764.81885878 24.2983064112 516.065426748 507.283412282 54.6571604332 12.8744501448 13.1606040093 12.5377076944 12.711729262 25.476130261 35.3290160373 8.7124365699 620.05954227 624.9520686 646.859653223 650.81466552 661.037928227
-9999.0 -9999.0 -9999.0 -9999.0 -9999.0 -9999.0 -9999.0 -9999.0 -9999.0 -9999.0 -9999.0 61.1649693181 80.6642506496 36.5043871897 53.5041768623 16.6753256245 185.054058888 198.390844181 225.31680598 238.071523998 88.4520384901 1508.45345592 1520.3582645 9.18290763722 6.59712044819 6.64795877706 14.4931069122 8.34496585005 7.79259156861 7.74004284059 7.91418999983 1982.20371101 2017.95956369 2049.10923152 2078.19821375 2089.63289033 4.54919894738 1.45463073382 5295.36036636 528.796386102 525.482045649 11.0003883235 9.8035432132 8.86553926279 22.3617368116 21.7041333476 9.96900749066 10.0524151331 9.28579163034 17.8050216301 22.9405307705 3.48892497191 6.52758169218 2.89793046047 2.82902506001
-9999.0 -9999.0 -9999.0 -9999.0 -9999.0 -9999.0 -9999.0 -9999.0 -9999.0 -9999.0 -9999.0 -9999.0 41.4626238127 19.0911883474 16.9222187399 158.214439977 172.254241612 14.1994950123 53.4748036012 66.5541351225 78.501228407 13.6011089279 7.772769281 223.315903529 229.518165348 235.68055212 600.437267426 606.168454009 619.567859527 669.528790077 707.643392266 714.139835666 8.02713496404 8.47154980707 7.62939010694 2092.85847649 1.74734444466 5372.18757563 5370.20616772 73.0241268789 68.5324872481 40.993846471 10.271831476 17.5665815832 31.3988791464 30.8026086255 19.3083568282 9.57663121395 18.6750542307 18.539426274 31.0615690801 5.20145051734 11.0513542089 18.5646401226 24.4578904934
-9999.0 -9999.0 -9999.0 -9999.0 -9999.0 -9999.0 -9999.0 -9999.0 -9999.0 -9999.0 -9999.0 -9999.0 21.488703688 57.504661305 74.7002284208 125.382259315 13.3532227797 27.7127388674 41.067792491 167.214418195 179.40468056 191.009744003 200.473438527 209.401683617 316.444502725 343.398335404 359.358698866 7.48661907904 37.0540810483 44.8957845802 687.46141581 721.039500663 739.611890142 759.091095393 771.661598632 2865.93781776 1.27715760911 5381.98250008 7.2827587241 4.18354969347 58.4141516889 49.8612985807 8.25029514042 26.0348015198 39.7774601305 38.8188273962 26.7942431903 43.9842482183 69.6013961109 26.2635196559 64.5581234369 6.02414899635 10.1326343652 1.80228253497 1.33711754545
