data/baseflow/mHMbf_acc241.asc
ncols                  80
nrows                 72
xllcorner      4374000.0
yllcorner      5656000.0
cellsize            500
NODATA_value       -9999
[rows 25 to 49 of 72, columns 0 to 54 of 80]
-9999.0 -9999.0 -9999.0 -9999.0 -9999.0 -9999.0 -9999.0 -9999.0 -9999.0 -9999.0 -9999.0 -9999.0 32.5560571162 64.5602401246 30.1716792685 61.2933955107 28.5405156232 209.05009113 264.149408374 292.178596023 26.0894248839 50.8626557122 469.031045254 587.869822497 610.778872863 51.5738908609 48.7070367009 71.7108494811 17.6083460888 16.8498021834 32.1269450334 14.8222962797 704.696464516 720.54145743 734.795843911 6113.84966737 12536.4181465 12437.5934593 25.847937548 10.8717888212 10.0487958718 43.708532433 32.8342955441 75.0558311246 102.040262791 204.296249667 18.6771454424 18.715485906 174.329853908 192.556190553 378.185080654 391.33103516 424.097256722 436.795349155 11.0093337743
-9999.0 -9999.0 -9999.0 -9999.0 -9999.0 -9999.0 -9999.0 -9999.0 -9999.0 -9999.0 -9999.0 -9999.0 -9999.0 31.5471021595 62.3366330187 92.950794807 151.086141362 30.0107895179 28.0609132149 179.600650682 205.660651861 421.306043926 446.695168576 73.1098741783 26.0458507107 25.5865399116 24.3285402329 603.288699137 623.387896655 642.05395056 658.073982241 688.835702342 154.543891274 169.482194399 916.616683789 19573.9720396 85.0168914491 70.6187687711 37.5613929512 9.54680464967 8.77320225932 63.3664989752 70.6041234861 94.7327598447 10.3998394939 217.856124696 34.3446283912 34.0476005993 10.0716769879 6.69453516057 5.57814613094 4.98907192776 5.63289669341 443.852410751 6234.58576262
-9999.0 -9999.0 -9999.0 -9999.0 -9999.0 -9999.0 -9999.0 -9999.0 -9999.0 -9999.0 -9999.0 -9999.0 -9999.0 -9999.0 30.6300862201 54.1399467467 74.4683519584 95.408992688 123.553312346 152.149104486 84.1847627671 138.483373586 25.6240716384 25.5274042943 480.284859248 530.945201609 554.971255385 580.557418905 22.2697176987 42.1889970509 104.143908692 122.989193432 139.638983415 16.8727142802 10.9215833514 19609.4546782 14.3977379844 18.216125165 8.74455736376 37.3935542978 18.3464209173 8.23659908696 173.93742645 179.903539428 5.73106358193 223.776764989 264.040501548 40.443057619 6499.47043299 6483.79961732 6470.91333806 6446.84297793 6437.280977 6273.11239191 6266.77333314
-9999.0 -9999.0 -9999.0 -9999.0 -9999.0 -9999.0 -9999.0 -9999.0 -9999.0 -9999.0 -9999.0 -9999.0 -9999.0 -9999.0 4.63682842629 10.8253832236 19.9176569896 169.918589482 199.281767582 29.2748329922 28.2344823505 27.4281612054 377.256714926 429.81728486 25.6402241638 26.4108595179 23.8653819726 95.6886368316 118.962107856 66.2701785582 84.2089727199 534.656004305 554.166239677 586.433008095 943.45522203 20560.6125845 13.1665918371 7.479495289 55.8063819366 46.8639482817 7.19646224092 22.9370072154 29.9079858542 187.279007854 193.211696851 474.019014856 269.531012078 47.6316146044 6637.83489117 59.3461896818 6459.32166783 6453.33596686 154.813043114 9.14663303741 26.293523794
-9999.0 -9999.0 -9999.0 -9999.0 -9999.0 -9999.0 -9999.0 -9999.0 -9999.0 -9999.0 -9999.0 -9999.0 -9999.0 -9999.0 23.8027650867 38.8638656048 83.2197721979 143.953501676 216.913485539 268.747830917 296.87471087 324.838390675 351.744226652 26.2017759901 25.1050264526 49.8594697052 48.0136031069 24.2316731595 458.818682656 481.78648928 503.422840139 524.17880636 311.07086019 330.031558847 346.486707191 20567.0883177 21.7053344206 17.9591748345 80.1671241718 9.1257339317 12.6817832021 6.17523275742 6.56088812188 35.7774694126 5.03487989207 5.31714481952 7142.45692035 6664.16100342 6658.79480406 23.4780474076 54.0422112333 36.2163526522 9.45294250869 141.06636862 42.8850967831
-9999.0 -9999.0 -9999.0 -9999.0 -9999.0 -9999.0 -9999.0 -9999.0 -9999.0 -9999.0 -9999.0 -9999.0 -9999.0 -9999.0 16.6416167538 15.2236139846 29.6628429811 45.632051179 26.5637360455 29.7192279715 58.0225494251 86.1847848812 139.985129651 166.904090172 192.734011424 268.628783603 292.679642201 317.363732433 23.1543578015 232.855462242 254.320284876 274.578736806 17.6232592124 11.215940795 20.2304983525 20930.9246049 20937.2150118 20971.4514175 105.972312941 18.7311643538 21.197454821 6.24822727292 11.7254349759 40.9696963213 50.6378411238 9.78507590062 7166.26906167 7.25359561917 13.1752598004 15.2068664199 10.2476821296 20.0407079804 8.22835961654 88.1052916703 70.7479453497
-9999.0 -9999.0 -9999.0 -9999.0 -9999.0 -9999.0 -9999.0 -9999.0 -9999.0 -9999.0 -9999.0 -9999.0 -9999.0 -9999.0 -9999.0 14.2789379393 28.2499177596 14.2106582607 29.624504202 190.232134426 215.260879453 243.637405461 26.8323056016 26.911601423 52.9007016033 78.5325016617 126.757296851 150.728780448 164.349845847 186.784299187 20.5940320322 19.9300842775 310.789605838 320.992162654 329.351067081 336.918965824 275.083082004 21278.2611641 21433.5687359 21441.3920384 21470.0255625 21504.8635282 21522.465667 5.34170931381 55.3664372042 7171.36766297 13.4045686473 6.87568882127 5.87578041998 4.98939232663 9.18341513001 10.439759525 5.9816663975 8.76822182784 8.99595149702
-9999.0 -9999.0 -9999.0 -9999.0 -9999.0 -9999.0 -9999.0 -9999.0 -9999.0 -9999.0 -9999.0 -9999.0 -9999.0 -9999.0 -9999.0 -9999.0 41.9963642897 57.7043844897 103.785820318 142.833436083 21.8963385359 294.760612834 321.403014995 348.364045482 26.6803586579 52.7493680791 24.4284732159 177.197606993 190.204511011 210.373344353 231.893429002 286.857254068 295.083345824 5.39051482816 246.767818584 261.544312159 267.974699688 300.200257122 42.562297478 27.7474194962 18.2751854226 17.8285124826 21541.8882355 21550.0470804 21647.0845431 7176.69210365 33.983881054 15.7918410627 10.3620746093 3.74246067351 30.8205720998 16.9834591578 5.50002371692 31.2876208776 26.5151143738
-9999.0 -9999.0 -9999.0 -9999.0 -9999.0 -9999.0 -9999.0 -9999.0 -9999.0 -9999.0 -9999.0 -9999.0 -9999.0 -9999.0 -9999.0 -9999.0 15.5968010967 72.9573495158 89.274154548 23.7716287971 28.6355838327 56.8378029817 83.6603616929 459.041120565 26.5132200413 106.093020827 130.852273065 155.193015639 13.7571337219 33.0055370158 45.9867091363 197.804619884 221.997523132 227.255786442 6.8578001543 7.86383184176 10.1713086983 18.5731637069 8.41246262928 9.19667093731 16.5315382291 14.4154366918 16.3061103486 35.8414244974 21655.9708555 28855.0039145 41.1178594372 7.83886158537 3.51293315874 100.574202017 92.4913817281 56.3490045247 51.0423026608 38.8353001005 8.90033664441
-9999.0 -9999.0 -9999.0 -9999.0 -9999.0 -9999.0 -9999.0 -9999.0 -9999.0 -9999.0 -9999.0 -9999.0 -9999.0 -9999.0 -9999.0 12.5482630147 42.4326253765 14.1996587372 28.9256900291 31.0962006458 59.8839947922 87.711507332 111.330398506 587.05067937 613.064142158 26.5177419862 51.4986374972 76.4917034074 94.1047434713 114.6581908 177.491869622 190.805621985 16.776332048 13.4833457508 12.7369642204 16.9855406449 16.9150670572 17.1127057445 15.0192547186 18.0228606233 53.2860405994 24.2521184575 7.06890957953 6.72772506263 7.7738950736 14.8719678016 29143.8727381 238.19052428 114.605165957 6.25042539378 2.57596512992 2.94403067522 12.476135695 9.26529509992 5.06793170295
-9999.0 -9999.0 -9999.0 -9999.0 -9999.0 -9999.0 -9999.0 -9999.0 -9999.0 -9999.0 -9999.0 -9999.0 -9999.0 -9999.0 13.3628071281 25.5067329741 94.563244784 13.778687025 52.0815625576 83.0205388389 112.73564716 29.5578739227 56.6600002576 77.8861924667 707.134182325 25.820267018 50.1218342684 74.2520564321 22.3868623314 44.6345095792 61.1461906186 75.3063823176 1516.47013859 1543.97678095 1568.58444743 1675.0425271 1726.25809151 1819.26316009 23.7200853503 53.3127048172 65.8168464122 2085.43210103 2100.17354049 6.35703018347 12.5983915063 18.5699918024 29149.6602361 221.87102699 99.9340072824 97.1044553302 77.815711709 69.4137499764 16.5423716233 3.62862403322 8.33422239683
-9999.0 -9999.0 -9999.0 -9999.0 -9999.0 -9999.0 -9999.0 -9999.0 -9999.0 -9999.0 -9999.0 -9999.0 -9999.0 -9999.0 13.7243183282 41.2732313057 149.338666388 219.706073534 12.3021409129 291.836470649 420.608695271 28.5234577645 55.5270530509 78.6983238156 929.996458779 948.943294904 23.6834740823 121.92710532 144.118465964 163.544779999 1346.27918996 1397.55556195 1425.36309937 13.0284229192 75.6018237995 89.6761613248 41.3725840247 60.8275080583 1902.22012297 1981.64060754 1996.68174131 2010.86443678 2117.08948962 8.27772359378 7.16041398839 31.4776778876 29155.2655206 4.55433994863 5.65473379328 16.8686307625 6.17461279275 64.1930597263 50.3481938549 29.4458662503 22.275194737
-9999.0 -9999.0 -9999.0 -9999.0 -9999.0 -9999.0 -9999.0 -9999.0 -9999.0 -9999.0 -9999.0 -9999.0 -9999.0 -9999.0 -9999.0 -9999.0 28.7921617386 57.8439662854 261.15415457 276.435979901 433.846601401 449.881848326 27.8382592138 55.5322771394 130.870032145 963.935122121 1011.16887859 1032.60117402 18.1045253791 1111.58517665 1165.38333284 33.6401298969 13.1888872489 26.7452404309 51.4890265865 12.0148092602 24.414467946 55.630362635 69.8901283517 12.6483181808 8.62627370973 17.336890466 2182.24933985 2204.83903453 2211.17237332 2257.9087695 29160.5361944 2.68529640804 4.45984052205 5.01081743687 4.92733125917 5.01646375501 4.5364121208 8.65275105947 2.39623522251
-9999.0 -9999.0 -9999.0 -9999.0 -9999.0 -9999.0 -9999.0 -9999.0 -9999.0 -9999.0 -9999.0 -9999.0 -9999.0 -9999.0 -9999.0 -9999.0 15.0550793435 14.7169876978 14.7768275151 32.1103700214 13.9922911116 477.452029229 492.271523145 25.3135696509 51.4854770373 27.7280327954 24.2927816456 23.8423047373 1076.76858977 18.1754702795 36.1991145615 17.928708283 14.7739500261 12.7701370778 10.2419630872 10.575676725 31.9071953335 43.4316591475 8.58785882233 7.55915997962 15.8844295928 25.8721226541 35.2730927733 10.7137620588 2219.76240887 2264.3640548 29164.2242056 17.9972837955 12.9279603961 3.52872867443 7.93814489096 3.05947011138 2.49407010594 11.3125632042 13.3421657861
-9999.0 -9999.0 -9999.0 -9999.0 -9999.0 -9999.0 -9999.0 -9999.0 -9999.0 -9999.0 -9999.0 -9999.0 -9999.0 -9999.0 -9999.0 -9999.0 -9999.0 -9999.0 14.5760007843 45.5195716458 57.5699772409 70.9442046004 505.229031403 518.268214724 532.323599715 551.947679143 575.30983379 623.049276428 640.924849804 658.358221766 674.339802191 13.7823962191 13.0618220107 13.1384780368 44.9578662222 11.5256728369 10.9304700563 9.04684959917 25.9856686932 9.57779565973 7.51514702019 7.05652572568 6.13587120562 12.2484827171 17.484660823 2299.78505587 31486.4244501 2.29831741451 5.98203281082 3.19760917874 11.1519305552 6.4596575377 5.0104479024 35.7163929081 22.4011978754
-9999.0 -9999.0 -9999.0 -9999.0 -9999.0 -9999.0 -9999.0 -9999.0 -9999.0 -9999.0 -9999.0 -9999.0 -9999.0 -9999.0 -9999.0 -9999.0 -9999.0 -9999.0 -9999.0 12.1607316603 96.8790461562 194.439661766 209.192260562 22.486449153 47.7921205759 74.1557464385 98.1990179775 249.174567269 264.418145532 14.6652309802 14.3647610955 702.308509805 727.95564159 740.109186484 54.2835096252 8.21620996512 19.9034575866 29.1443014182 85.997943893 104.375618758 118.882580623 13.4991942715 18.869255779 6.22121393344 12.1077152282 6.07616469268 31497.9714117 2.37423098539 10.2727426243 6.62625412632 21.0234797026 37.5551368724 43.965059413 80.9940896806 34.5359086941
-9999.0 -9999.0 -9999.0 -9999.0 -9999.0 -9999.0 -9999.0 -9999.0 -9999.0 -9999.0 -9999.0 -9999.0 -9999.0 -9999.0 -9999.0 -9999.0 -9999.0 -9999.0 13.6114356991 43.3974077352 84.934562138 110.918350124 289.327823985 307.738503537 53.8793911525 80.0088041785 103.471643471 127.95001835 281.725914347 312.369693759 560.095153806 580.416351989 593.509641899 751.86209472 835.331820114 19.4719941992 12.4663510513 11.9241648835 22.6275003959 10.0477816502 137.67884509 144.658742893 24.786342484 33.1272214009 6.67638735527 6051.57136592 6063.64780913 37568.8890878 37582.946109 2.12637081238 25.5926000467 2.70855632142 2.69713703083 87.9356318878 125.453686667
-9999.0 -9999.0 -9999.0 -9999.0 -9999.0 -9999.0 -9999.0 -9999.0 -9999.0 -9999.0 -9999.0 -9999.0 -9999.0 -9999.0 -9999.0 -9999.0 -9999.0 -9999.0 -9999.0 15.5371213781 15.1153052854 28.5797825939 67.8655834326 320.70441178 27.3898969624 27.0846793051 50.9404381545 74.6563676579 187.787316763 207.119605124 13.3836363397 12.7924958524 609.526618927 621.657437282 1469.024185 1480.15147746 7.44300871425 6.72112752294 5.66689175311 5.71331823264 5.8230368299 5919.82564395 5960.53506835 6002.79145942 6017.83812902 6043.91152293 6.5018256444 24.2169574379 30.1319928536 37623.0470919 37625.4691474 37632.1989601 37641.6075115 37648.4960456 131.973418989
-9999.0 -9999.0 -9999.0 -9999.0 -9999.0 -9999.0 -9999.0 -9999.0 -9999.0 -9999.0 -9999.0 -9999.0 -9999.0 -9999.0 -9999.0 -9999.0 -9999.0 -9999.0 -9999.0 -9999.0 13.8672257614 14.5130290518 26.9406307265 373.491233019 389.08769988 26.8796009302 50.6731180964 74.5801983134 94.2588576499 18.2053774747 34.9392925437 1037.74301444 1051.82958617 1065.3355125 1163.61456744 2656.70043299 5642.0051006 5659.21524477 5674.70166803 5689.6333073 5749.41818392 5768.14108211 33.2709128279 15.0768537597 8.52359838637 16.1497550872 12.0049251543 18.9072934245 5.87219931875 140.732387246 149.984455087 157.022220645 160.315462037 37652.445821 37791.9976944
-9999.0 -9999.0 -9999.0 -9999.0 -9999.0 -9999.0 -9999.0 -9999.0 -9999.0 -9999.0 -9999.0 -9999.0 -9999.0 -9999.0 -9999.0 -9999.0 -9999.0 -9999.0 -9999.0 -9999.0 -9999.0 14.1704723113 27.180970824 40.252924805 400.231787175 19.5676772178 565.88844922 590.590516294 609.757340356 627.395133231 969.70254873 986.704652659 15.0131000654 71.6044096809 86.8159120676 13.5995169171 2968.11201296 2943.56064379 8.08662475576 17.9807404393 46.650077395 10.0001704521 10.0227251484 7.62907295691 6.39133252986 5.18947952196 5.70991321391 122.143747967 127.877000589 134.608153365 4.6136483204 3.86129632274 162.531482327 166.05554843 168.559115235
-9999.0 -9999.0 -9999.0 -9999.0 -9999.0 -9999.0 -9999.0 -9999.0 -9999.0 -9999.0 -9999.0 -9999.0 -9999.0 -9999.0 -9999.0 -9999.0 -9999.0 -9999.0 -9999.0 -9999.0 -9999.0 12.9151444709 12.1254389735 62.9932809978 490.160044703 523.190814428 542.039792855 26.1266992837 299.540866441 317.143129149 325.480043864 15.9446662091 32.0519975112 45.7532285065 713.249964535 723.934196828 733.333576302 2926.24596676 1700.29079249 9.6116660647 9.69306612654 9.39979945343 7.44673523194 75.843823053 90.0528731187 102.751239605 109.503017828 116.036568907 804.079396208 808.910434666 815.878069409 833.533734949 896.604881638 899.641278026 1071.44948455
-9999.0 -9999.0 -9999.0 -9999.0 -9999.0 -9999.0 -9999.0 -9999.0 -9999.0 -9999.0 -9999.0 -9999.0 -9999.0 -9999.0 -9999.0 -9999.0 -9999.0 -9999.0 -9999.0 -9999.0 -9999.0 -9999.0 25.331751804 38.7609788735 15.2420763754 27.5658917341 200.67535184 228.2043305 251.302370898 145.843667676 164.447440176 183.628696412 199.061956811 689.868655921 703.574056959 461.553771296 1206.01430825 1216.566062 1691.81771539 19.5195420575 9.72609714725 7.36247068543 52.5815361101 61.2705613981 5.33123648695 4.96308025897 782.581716467 794.061112389 799.536665966 8.41717976506 12.4890313312 886.102312884 6.61923956007 20.8729691945 23.3504606497
-9999.0 -9999.0 -9999.0 -9999.0 -9999.0 -9999.0 -9999.0 -9999.0 -9999.0 -9999.0 -9999.0 -9999.0 -9999.0 -9999.0 -9999.0 -9999.0 -9999.0 -9999.0 -9999.0 -9999.0 -9999.0 -9999.0 12.7457896679 25.2288629063 109.417039727 125.510927739 147.819018438 102.691081323 126.924503591 19.2146869244 441.246433448 459.418096188 477.018253002 15.1076149898 435.700428464 449.78114925 10.9071180481 1640.51286672 21.9490047644 10.9537557153 28.1782111662 37.9325141633 7.42442701384 6.27950853302 723.822720198 772.166010612 778.723454658 6.87906935612 15.0834657937 19.2956833896 23.3754914062 46.4697793324 7.64062077392 17.0227304955 3.54750411181
-9999.0 -9999.0 -9999.0 -9999.0 -9999.0 -9999.0 -9999.0 -9999.0 -9999.0 -9999.0 -9999.0 -9999.0 -9999.0 -9999.0 -9999.0 -9999.0 -9999.0 -9999.0 -9999.0 -9999.0 -9999.0 -9999.0 12.6293910946 40.1722286854 71.2887004513 19.8114087649 47.0241029826 76.1019607091 362.776991366 385.031115612 403.98956811 18.3400175884 340.857826736 393.049876303 408.644757189 13.0123211807 1595.09189936 1619.27526263 11.23105296 10.4488761293 20.1982422818 8.28248995602 684.264539461 698.865800468 706.798107674 30.6955072111 37.4530879565 5.97523526858 10.7001555424 4.76115279226 33.6219415066 4.80842213493 4.23368292626 4.54197148011 4.61792370654
-9999.0 -9999.0 -9999.0 -9999.0 -9999.0 -9999.0 -9999.0 -9999.0 -9999.0 -9999.0 -9999.0 -9999.0 -9999.0 -9999.0 -9999.0 -9999.0 -9999.0 -9999.0 -9999.0 -9999.0 -9999.0 -9999.0 -9999.0 14.3301157612 16.4283760111 24.072465647 225.80875515 253.985736679 336.901274365 24.0463450237 265.634630762 305.383120263 18.2691530966 36.3065334626 14.3204594813 1556.17263662 14.6007474287 38.1661893597 47.4567035111 56.4050186144 631.633985787 661.102512919 669.891786805 8.84580176442 16.3968216615 23.3174364397 4.37304736234 3.9346827212 1520.62473713 1524.51685988 1527.73746554 1557.92185746 1561.89132311 1567.06041693 1570.81901494
