data/baseflow/mHMbf_acc608.asc
ncols                  80
nrows                 72
xllcorner      4374000.0
yllcorner      5656000.0
cellsize            500
NODATA_value       -9999
[rows 0 to 23 of 72, columns 0 to 54 of 80]
-9999.0 -9999.0 -9999.0 -9999.0 -9999.0 -9999.0 -9999.0 -9999.0 -9999.0 -9999.0 -9999.0 -9999.0 12.2100756363 14.9038566236 -9999.0 -9999.0 -9999.0 -9999.0 -9999.0 -9999.0 -9999.0 -9999.0 -9999.0 -9999.0 -9999.0 -9999.0 -9999.0 -9999.0 -9999.0 -9999.0 -9999.0 -9999.0 -9999.0 -9999.0 -9999.0 -9999.0 -9999.0 -9999.0 -9999.0 -9999.0 -9999.0 -9999.0 -9999.0 -9999.0 -9999.0 -9999.0 -9999.0 -9999.0 -9999.0 -9999.0 -9999.0 -9999.0 -9999.0 -9999.0 -9999.0
-9999.0 -9999.0 -9999.0 -9999.0 -9999.0 -9999.0 -9999.0 -9999.0 -9999.0 -9999.0 -9999.0 -9999.0 22.7532609861 63.6208311646 13.1123551253 -9999.0 12.9825452905 -9999.0 -9999.0 -9999.0 -9999.0 -9999.0 -9999.0 -9999.0 -9999.0 -9999.0 -9999.0 -9999.0 -9999.0 -9999.0 -9999.0 -9999.0 -9999.0 -9999.0 -9999.0 -9999.0 -9999.0 -9999.0 -9999.0 -9999.0 -9999.0 -9999.0 -9999.0 -9999.0 -9999.0 -9999.0 -9999.0 -9999.0 -9999.0 -9999.0 -9999.0 -9999.0 -9999.0 -9999.0 -9999.0
-9999.0 -9999.0 -9999.0 -9999.0 -9999.0 -9999.0 -9999.0 -9999.0 -9999.0 -9999.0 9.33333504359 9.03271235775 9.67187020058 9.57959630631 81.252967039 92.756617652 35.0499700978 11.1126784464 -9999.0 -9999.0 -9999.0 -9999.0 -9999.0 -9999.0 -9999.0 -9999.0 -9999.0 -9999.0 -9999.0 -9999.0 -9999.0 -9999.0 -9999.0 -9999.0 -9999.0 -9999.0 -9999.0 -9999.0 -9999.0 -9999.0 -9999.0 -9999.0 -9999.0 -9999.0 -9999.0 -9999.0 -9999.0 -9999.0 -9999.0 -9999.0 -9999.0 -9999.0 -9999.0 -9999.0 -9999.0
-9999.0 -9999.0 -9999.0 -9999.0 -9999.0 -9999.0 -9999.0 -9999.0 -9999.0 8.99352390641 18.3442776145 36.4435104835 18.4256204027 8.86979186149 17.2375762156 100.893010481 159.558381872 11.8963127956 -9999.0 9.18268639878 -9999.0 -9999.0 -9999.0 -9999.0 24.1431027033 12.5688405042 -9999.0 -9999.0 -9999.0 -9999.0 -9999.0 -9999.0 -9999.0 -9999.0 -9999.0 -9999.0 -9999.0 -9999.0 -9999.0 -9999.0 -9999.0 -9999.0 -9999.0 -9999.0 -9999.0 -9999.0 -9999.0 -9999.0 -9999.0 -9999.0 -9999.0 -9999.0 -9999.0 -9999.0 -9999.0
-9999.0 -9999.0 -9999.0 -9999.0 -9999.0 -9999.0 -9999.0 -9999.0 10.8101019499 29.5684180318 38.1458592409 46.7939567696 63.1184412697 7.88226991784 32.227485009 39.7197768235 219.379773742 9.1997662558 7.3439139402 16.7157743931 24.1356166943 7.83411525275 -9999.0 59.9641098015 49.3373142598 12.9701183595 -9999.0 -9999.0 -9999.0 -9999.0 -9999.0 -9999.0 -9999.0 -9999.0 -9999.0 -9999.0 -9999.0 -9999.0 -9999.0 -9999.0 -9999.0 -9999.0 -9999.0 -9999.0 -9999.0 -9999.0 -9999.0 -9999.0 -9999.0 -9999.0 -9999.0 -9999.0 -9999.0 -9999.0 -9999.0
-9999.0 -9999.0 -9999.0 -9999.0 -9999.0 -9999.0 10.2729812834 9.21105271146 8.87765925735 9.11859123724 9.34001519702 65.7356538503 137.602380752 146.118944066 151.723800143 4.78536709703 232.097112253 239.088587212 14.3668153948 7.45304487101 31.3838012138 54.1359235155 8.92977585961 88.7299492725 8.87746358889 9.85547165958 9.31592343891 -9999.0 -9999.0 -9999.0 -9999.0 -9999.0 -9999.0 -9999.0 -9999.0 -9999.0 -9999.0 -9999.0 -9999.0 -9999.0 -9999.0 -9999.0 -9999.0 -9999.0 -9999.0 -9999.0 -9999.0 -9999.0 -9999.0 -9999.0 -9999.0 -9999.0 -9999.0 -9999.0 -9999.0
-9999.0 -9999.0 -9999.0 -9999.0 -9999.0 -9999.0 20.7295268423 30.5564249794 68.613870522 94.8652320643 7.89702700115 8.20545878231 7.71883068103 22.0086358868 180.360426593 5.37723015852 244.977732883 270.16672121 20.1859136429 13.7422738897 60.722835411 7.27927935577 96.0429113514 15.4366158729 8.04549718077 17.6227871559 18.4288044151 9.04323835583 9.23256999521 8.89430428935 10.0153781517 20.0088202113 -9999.0 -9999.0 -9999.0 -9999.0 -9999.0 -9999.0 -9999.0 -9999.0 -9999.0 -9999.0 -9999.0 -9999.0 -9999.0 -9999.0 -9999.0 -9999.0 -9999.0 -9999.0 -9999.0 -9999.0 -9999.0 -9999.0 -9999.0
-9999.0 -9999.0 -9999.0 -9999.0 -9999.0 12.0271331963 22.7540310443 10.6380063276 20.4449512312 104.975030624 122.279891628 139.261244233 459.52767781 6.92617390375 187.711671522 706.235166034 710.77729658 989.407425319 5.22202268467 19.7592802201 67.3515370792 6.54504704067 185.193762581 82.0822901832 52.2446188019 44.2414468777 8.93915224452 26.9518289695 26.6645853764 17.7270372682 8.78597953654 29.1368112248 8.89728788917 8.7026335864 -9999.0 -9999.0 -9999.0 -9999.0 -9999.0 -9999.0 -9999.0 -9999.0 -9999.0 -9999.0 -9999.0 -9999.0 -9999.0 -9999.0 -9999.0 -9999.0 -9999.0 -9999.0 -9999.0 -9999.0 -9999.0
-9999.0 -9999.0 -9999.0 -9999.0 -9999.0 12.1977303308 34.8604140304 68.800554777 78.8235632795 155.958480174 165.082135201 194.201715458 313.281517418 482.923691418 499.083534244 506.484825714 12.269810904 1011.18009605 1021.72143582 1054.28089898 1332.82588776 205.275241739 192.546648701 59.4466656001 7.24852260788 50.8439853692 34.9711737265 7.63295886132 34.5218375838 6.79740412005 15.3986824035 45.206065524 53.7050741813 17.0154793008 8.65358049022 8.2771600928 -9999.0 -9999.0 -9999.0 -9999.0 11.5052437639 10.5092770033 -9999.0 -9999.0 -9999.0 -9999.0 -9999.0 -9999.0 -9999.0 -9999.0 -9999.0 -9999.0 -9999.0 -9999.0 -9999.0
-9999.0 -9999.0 -9999.0 -9999.0 -9999.0 11.5553823974 10.7132802508 46.3952002999 56.7263881938 67.5453485911 9.97741127497 19.6463777062 113.165220739 19.0789701203 8.93567929715 7.89843657276 6.82703385493 7.26942281193 6.64905084107 7.55406997028 1339.1445336 1358.94457758 6.5790873237 20.8523628526 14.4105810927 57.9114224887 15.3994534072 7.39262401901 42.6810684674 13.7042918405 34.0071149245 94.521092129 87.6295928987 25.5500082703 25.6004881515 8.61546846106 8.70744858449 -9999.0 -9999.0 8.814042814 23.8390829074 56.4959162939 11.2191380434 -9999.0 -9999.0 -9999.0 -9999.0 -9999.0 -9999.0 -9999.0 -9999.0 -9999.0 -9999.0 -9999.0 -9999.0
-9999.0 -9999.0 -9999.0 -9999.0 -9999.0 -9999.0 12.2798742715 12.6813406399 22.8756768878 33.6072146011 74.6816581465 95.0573270841 104.528071843 9.79195300531 7.56249239596 108.884829519 132.365794973 139.508680129 169.93047724 176.638667391 6.79223536132 1365.87909512 1398.40893299 25.6584513268 2.46557629352 63.1427156898 142.297658653 57.0704522122 13.8804080738 6.86022957692 142.646810429 101.900379161 7.5825579415 7.30547919448 33.3574003139 25.2699775127 8.47239494173 8.16641470839 8.52646168529 17.1093242291 8.31709936997 68.5271704863 77.1042704963 8.04512037963 -9999.0 -9999.0 -9999.0 -9999.0 9.62545859495 9.04475820984 2.4919667799 -9999.0 -9999.0 -9999.0 -9999.0
-9999.0 -9999.0 -9999.0 -9999.0 -9999.0 -9999.0 -9999.0 11.840109902 9.28266222393 20.5972059159 31.5015286651 10.258195758 8.22074919953 57.7139872705 75.5923714275 93.893025156 8.32212708722 15.8701085846 7.87441211029 183.701006324 429.368534723 439.30628579 1853.68363571 6.46274444256 7.56264020262 2.24292609615 148.860863646 6.70976368974 20.8631877802 6.79522047982 149.895578939 157.075408469 15.1336698312 14.575196745 83.2296634476 41.8093619485 16.4656695123 8.35761018831 16.9790513516 25.4208002976 41.9504389051 8.22123387358 93.17193741 100.976325838 7.16011407954 7.70799129213 8.1207998195 7.33939259463 7.01100260886 26.4601634996 9.98790064607 6.407008681 -9999.0 -9999.0 -9999.0
-9999.0 -9999.0 -9999.0 -9999.0 -9999.0 -9999.0 -9999.0 -9999.0 20.7576681269 29.100087716 10.2450804828 21.1486111346 31.0027155509 49.7191859206 9.74642220736 9.23022599244 7.62791470689 7.7191473047 6.85677547576 230.800914224 8.34496351982 16.0593710892 1880.54618024 1898.51777628 6.67728413765 20.9527517275 175.959204978 12.926793904 26.8948008793 12.7138400225 18.7291914099 185.036518347 21.6765813297 117.876457809 96.8160490911 6.49448175772 39.9495849778 16.1101536803 24.6091513486 7.52968321787 49.7844351941 65.5842168104 72.2660925172 78.5797321202 127.712998024 13.5165255653 14.452360521 13.1704882114 12.4477742721 32.9753245668 6.70002173961 23.2795362101 29.3266017346 -9999.0 -9999.0
-9999.0 -9999.0 -9999.0 -9999.0 -9999.0 -9999.0 -9999.0 -9999.0 11.5198630167 52.2123116925 62.0529353161 9.82794300416 19.1102504141 9.24906892635 8.30981727275 8.142769912 106.219972675 142.86430313 179.833338732 219.939537815 9.81827726883 7.97564026137 8.23430081313 1940.01722385 1962.01795779 1969.60810802 236.678552337 53.1228288824 46.3585858202 5.9834058993 24.7019162432 215.968158445 6.40474339602 124.375612948 6.85479336578 50.7858408542 47.876047077 7.59451008171 32.2121518077 15.060001209 22.5843393636 7.34360224669 6.09260726424 84.8083758595 90.5715464764 133.459506699 20.7337057774 19.1310196256 18.2779658537 39.9870792691 53.5586703164 6.76941901576 35.5659693462 6.52704809656 12.2754689667
-9999.0 -9999.0 -9999.0 -9999.0 -9999.0 -9999.0 -9999.0 -9999.0 -9999.0 12.5150327706 73.0950249193 82.8881190594 28.6743603574 47.5536612361 64.7264238422 73.6579040898 9.34697900188 28.8434239625 19.1014866854 9.86922544965 9.39346695439 8.27503343892 16.4333456504 28.5516995266 10.9024755591 2226.41161732 2233.76646077 6.35632687116 5.21087484342 11.6101799328 17.2888138206 233.979005454 12.2499002876 130.009776948 76.5698037807 63.6201558923 7.0759694663 14.4396431763 38.9851794746 6.76331464944 29.2824006489 14.1236769333 9.3429319376 2.99221497766 101.984471623 240.061048391 24.9483006492 23.4611298179 23.7948445174 5.5889320719 59.1590589397 5.43341767068 47.6328479399 5.60822201922 17.9661899119
-9999.0 -9999.0 -9999.0 -9999.0 -9999.0 -9999.0 -9999.0 -9999.0 -9999.0 -9999.0 10.10529992 102.784367823 9.28055100204 18.3592197772 26.7860185034 43.852611914 9.0303500569 19.1745859113 9.33381056109 8.60132359752 8.11617666922 16.0771946116 7.31997575594 8.07553568674 15.9826209915 9.50307889189 2242.95945485 2257.09511918 2276.69427751 23.1201885043 5.74407761126 11.4521463109 240.182433018 237.30140333 89.7254331952 6.47744245059 28.2319509406 21.2804669013 45.7806616153 13.5077152803 57.0772576402 20.9022859849 14.8500168289 1.35105670751 3.38422086685 246.041776755 251.407553929 304.428428173 41.1631329573 11.4819160917 65.2479101018 76.6376436856 129.516431936 11.1848086757 5.10252422551
-9999.0 -9999.0 -9999.0 -9999.0 -9999.0 -9999.0 -9999.0 -9999.0 -9999.0 -9999.0 -9999.0 4.91975966041 112.391132881 8.75611657135 17.2631726642 78.736271889 9.23426693462 9.10123746761 7.5631117207 16.3921536589 7.93391884334 31.8755786009 46.3417404651 53.0760553639 22.315160555 28.3743544546 7.02232203996 8.38461076266 8.33682175948 2314.08667074 2331.03936259 245.369931949 248.284515899 242.840100804 11.9003910561 5.72176681079 34.3352024768 92.578422477 52.1510135597 19.7850755023 83.2507500052 26.002305649 19.9782276529 2.51812623174 1.06453307487 1.18710797143 1.96560128368 315.268625728 372.331192041 5.35413306034 4.9440532354 5.30115090846 134.502255073 150.282667093 8.81527731987
-9999.0 -9999.0 -9999.0 -9999.0 -9999.0 -9999.0 -9999.0 -9999.0 -9999.0 -9999.0 -9999.0 4.63680010497 123.69476887 154.314359366 8.64947347008 96.0131671351 8.39637851442 7.837195914 15.1128707706 39.2697660503 7.57934070364 8.12320080307 7.06505157838 67.2520997918 73.8161657049 109.024197359 121.778647157 127.818374107 134.126558859 140.248696972 2478.73641615 2734.81423814 2993.63583152 2999.51482734 5.41853062823 5.52534202957 104.854617869 98.7664944763 6.23580303961 5.73448872228 88.7952601951 121.329800592 5.04759667468 49.8074144155 46.7440254078 6.55359588669 3.79349830411 6.6758892516 5.82129297548 382.32960623 5.15520593377 14.8208113025 18.6331656693 179.726905211 189.799075126
-9999.0 -9999.0 -9999.0 -9999.0 -9999.0 -9999.0 -9999.0 -9999.0 -9999.0 -9999.0 -9999.0 11.6174230474 21.9641575504 164.246368831 180.742977131 8.37807361122 115.684666991 7.28905153147 22.0263819418 46.3499356008 14.6536019275 7.02812786602 14.5670223565 6.37326486128 11.9375495191 5.60084912019 4.72660406828 2.95214188923 2.36347654876 1.98667453786 1.92352703742 3.43011133106 5.38831963542 7.41629125689 3017.88106522 124.221841334 113.627548873 4.08972912173 17.3674018781 4.06335308561 3.44444861482 127.223738585 195.294001248 56.6733825022 44.4289796561 4.03819373087 1.71763684419 1.44767505623 5.65926149274 393.117789285 403.011950061 5.18710134941 5.340747256 3.9140747865 1.58730013878
-9999.0 -9999.0 -9999.0 -9999.0 -9999.0 -9999.0 -9999.0 -9999.0 -9999.0 -9999.0 -9999.0 -9999.0 9.0475965582 143.661395922 333.346295037 361.279075357 485.398793869 496.350456133 107.729336587 75.3796941887 21.8510897012 6.89236410112 28.11743008 34.6145627998 52.3104986653 11.5526553714 10.2141132672 8.57600694742 16.4307134338 7.35047379667 6.97378345466 3.3089567841 1.08414653714 1.63484295148 3023.17285089 3151.03523349 3157.42479967 4.13786620384 45.7360933778 19.6157989773 6.29480962996 216.139759795 15.0269805312 7.82828356905 32.656094861 5.53879129501 4.69294519105 8.75158146415 12.6978062082 17.305042922 411.205752853 3.85586606621 3.32889913094 3.33272031528 2.25608154398
-9999.0 -9999.0 -9999.0 -9999.0 -9999.0 -9999.0 -9999.0 -9999.0 -9999.0 -9999.0 -9999.0 10.9471397133 111.219060619 134.079870781 20.1218986042 5.45846402347 11.8918033554 516.097380063 525.024276414 642.984664245 6.29667586666 13.1014919963 5.71171616356 5.82297063617 57.9974128427 75.2154069492 90.174473979 4.99319434411 21.4554796716 33.7109357929 19.8853706542 8.17697233321 4.5219682214 3.07198291748 3.49363056946 2.16497527407 3161.87531008 3165.18188513 3217.70876748 10.4059452494 5.59322845084 223.128506269 15.9682634893 8.34841094533 9.51528051426 9.43673392721 8.32438517024 13.6071606164 39.8458261087 62.3901877088 477.557480461 2.84129291833 8.55712683826 5.81609959755 4.45276803822
-9999.0 -9999.0 -9999.0 -9999.0 -9999.0 -9999.0 -9999.0 -9999.0 -9999.0 -9999.0 -9999.0 11.3527293462 80.6764653393 11.9189236875 9.5788455394 55.0406338449 63.3006103166 71.6470153008 78.8191147447 894.586121918 900.042839581 911.856007649 1011.40673794 1028.34526953 1036.96591511 1042.94873733 1141.53163657 1152.47573278 1157.59336308 1196.79180654 1222.55355215 1227.49883345 1239.88288878 7.758869599 5.63019393714 0.797364394269 1.23272440672 3168.98888612 3235.75794683 14.8160580857 266.194744838 260.608606468 30.3551763263 7.20382885956 7.49792288437 7.14327277464 7.27501926094 14.7013168035 21.0502037323 6.05899919898 481.34502447 485.406919867 503.171590976 506.401915001 513.80482464
-9999.0 -9999.0 -9999.0 -9999.0 -9999.0 -9999.0 -9999.0 -9999.0 -9999.0 -9999.0 -9999.0 43.4396276272 56.8896325533 25.0297465727 36.6211494379 11.340406078 132.404356985 141.888624351 160.364728175 166.001852517 59.1003950992 981.117797887 987.048197048 4.98628853695 2.69295828728 1.93166589399 4.96590337329 2.14446003331 1.15041546221 0.982029614325 1.50424086265 1230.67766152 1243.83367357 1257.49328497 1268.15374837 1272.66962739 1.75896946938 0.638424502104 3513.8255727 275.126822576 272.210900097 5.88067796825 5.93895909428 5.58844824169 13.3981715989 13.0594733726 5.95883180316 5.99407141974 5.45305958508 11.3244314548 14.7966782886 2.82583842657 4.70103176972 1.6083057819 0.502350105176
-9999.0 -9999.0 -9999.0 -9999.0 -9999.0 -9999.0 -9999.0 -9999.0 -9999.0 -9999.0 -9999.0 -9999.0 29.6892388484 13.100055236 11.2482558746 113.292344302 123.484834493 9.90366926018 38.9967624639 47.1677304667 53.4668407191 7.25237873167 5.15678325284 156.426746803 160.361922098 163.790473198 435.049106893 436.912018116 439.177203478 461.966966264 469.297462083 470.185919248 0.896640841736 0.992165284989 1.47354352012 1277.06710064 1.53105619967 3557.54880985 3554.86109183 38.4060563518 34.6838908795 22.8327857625 5.84256301779 11.0020228031 19.2842001703 19.0249123291 11.6943609437 5.68989598006 11.0294277611 10.6912260766 19.2508281833 2.17921166472 6.5693759049 11.0866746447 12.1704163682
