data/baseflow/mHMbf_acc405.asc
ncols                  80
nrows                 72
xllcorner      4374000.0
yllcorner      5656000.0
cellsize            500
NODATA_value       -9999
[rows 24 to 47 of 72, columns 0 to 54 of 80]
-9999.0 -9999.0 -9999.0 -9999.0 -9999.0 -9999.0 -9999.0 -9999.0 -9999.0 -9999.0 -9999.0 -9999.0 11.0689503296 29.0567840941 37.542745606 63.5829873855 7.50783988709 15.1659530048 22.3640833092 86.3865898293 90.5764427796 92.1940111841 96.856687665 103.726893343 185.873711818 204.969008679 212.58870342 1.34455633044 17.8891617049 18.9319846098 357.455900111 360.699570358 362.078942266 363.524543475 364.88878326 1472.74160696 8.42789921805 3384.60009797 2.16366130546 0.535897410117 23.8007175816 22.3704507334 2.12701515552 13.5210774076 19.3083081128 19.239231522 13.3505118847 21.9689674526 34.8157925668 12.8171423931 34.2401679641 2.04320431466 2.86517050749 0.19744518081 0.168781593453
-9999.0 -9999.0 -9999.0 -9999.0 -9999.0 -9999.0 -9999.0 -9999.0 -9999.0 -9999.0 -9999.0 -9999.0 9.8317306611 19.4516343831 8.68047318329 17.5733939318 7.54229219069 57.9832041852 72.1277997679 79.6607511367 6.67129771007 11.7898199991 144.782220356 174.531898003 179.689296853 12.6380714653 12.8521431058 16.3404460306 0.796165292623 0.664117377012 1.20374135033 1.05346340389 299.275891099 300.901950711 302.762276127 1479.48965857 3405.01935518 3385.3061821 0.773887651697 0.376204789738 0.334534141437 2.78084014148 2.48710955879 14.257416803 21.7533215873 45.2324840087 4.19262924292 4.19012980568 37.3716098633 39.8334394461 79.7936981752 81.383209044 84.4669727092 84.855308828 0.351858813579
-9999.0 -9999.0 -9999.0 -9999.0 -9999.0 -9999.0 -9999.0 -9999.0 -9999.0 -9999.0 -9999.0 -9999.0 -9999.0 8.86030232548 17.7343218321 26.7548873494 42.4976346358 8.16724610244 7.27525163905 74.1859789656 80.7160754767 135.613809588 142.292690771 18.8216221744 6.51863825926 6.30228084138 6.12856849916 292.634811972 294.673459408 295.634814418 296.226364514 297.996066305 23.8544180614 27.3000947076 333.139573431 5220.94817989 11.8994706097 7.88641664194 1.86902772953 0.675311338936 0.347250107856 3.45112672479 3.70116955592 14.7890302118 0.255589895029 45.7135492436 5.44361932501 5.28822146 0.273766940706 0.189853313609 0.185408314321 1.0266079302 0.187224022878 85.0324550974 1082.01661346
-9999.0 -9999.0 -9999.0 -9999.0 -9999.0 -9999.0 -9999.0 -9999.0 -9999.0 -9999.0 -9999.0 -9999.0 -9999.0 -9999.0 8.36412057173 22.5260633695 37.1341219331 52.2671444527 59.6563523497 67.2896662845 21.9030833395 36.2212169146 6.69504946564 6.49735432142 262.295711288 275.099082381 281.070580867 287.589662431 4.44603005428 6.9702902589 19.0909304685 20.252270147 21.5335918082 3.51943503791 6.05443876164 5237.28063384 4.81912860955 4.62195380329 2.20140436082 4.66446525448 2.12203910852 1.65101665107 19.5689850956 22.7349889305 1.15944056873 47.4309929203 53.0928475826 5.4830317369 1108.32198861 1107.80757905 1107.35622077 1105.38869727 1103.15976471 1086.18035014 1084.2087695
-9999.0 -9999.0 -9999.0 -9999.0 -9999.0 -9999.0 -9999.0 -9999.0 -9999.0 -9999.0 -9999.0 -9999.0 -9999.0 -9999.0 4.84658783158 10.770152239 15.0144749396 160.973882102 168.562132869 7.68305724486 7.34413343471 7.15163051759 235.990476496 249.568768648 6.53254101368 6.83313852493 5.70760749797 23.1997624612 28.8979722175 12.9239405336 15.3461244965 131.813822417 134.587395766 144.15417321 227.773153518 5469.06095176 5.40284772621 2.01163664955 8.12031625877 6.34423053911 1.8318938473 5.38787633152 7.24497987016 24.8103282931 26.9046320304 83.4436041621 53.9519613823 5.89328139229 1135.35342336 15.0609236199 1106.80712474 1106.13693039 14.7966880314 2.48634078161 0.308273003049
-9999.0 -9999.0 -9999.0 -9999.0 -9999.0 -9999.0 -9999.0 -9999.0 -9999.0 -9999.0 -9999.0 -9999.0 -9999.0 -9999.0 24.9194298057 40.9277245338 82.3938845471 149.051683137 184.852995281 207.610437735 215.060965067 222.51085493 229.663980912 6.61896406681 6.11152839015 12.0237828749 11.6195272107 5.94586393288 114.802875617 120.385553971 125.626928291 130.370019744 65.5552358435 66.8941894497 75.0221694876 5472.41848648 9.75140635469 6.04028257473 15.1498755636 1.51324940208 5.97549272005 3.6885160359 1.75972104209 10.0540254034 1.77364031975 1.7881727356 1227.77418667 1142.74624525 1140.93847913 5.62802668719 14.493264934 8.09772817325 1.07588124247 8.31994064882 1.27027333995
-9999.0 -9999.0 -9999.0 -9999.0 -9999.0 -9999.0 -9999.0 -9999.0 -9999.0 -9999.0 -9999.0 -9999.0 -9999.0 -9999.0 17.4966675538 17.1054946676 33.7547397277 50.359343196 10.8754033134 8.54377684766 15.9058777471 23.1100600413 36.6828930517 43.4979390891 49.9500457936 68.5255080891 74.3847331421 80.5144954286 5.67251090406 56.9818318443 60.7918934356 62.6816621834 0.809361731255 0.252919071202 0.730224711301 5545.98037321 5549.16303991 5564.96571752 19.5954513308 3.10403071257 8.27686260744 1.7773020483 3.35171213773 11.9602590264 15.2658078306 3.37060027823 1236.86927176 3.66597181106 3.45964629875 3.39520464801 4.12649054252 5.32248589442 2.46106886329 6.77045186557 3.56029586382
-9999.0 -9999.0 -9999.0 -9999.0 -9999.0 -9999.0 -9999.0 -9999.0 -9999.0 -9999.0 -9999.0 -9999.0 -9999.0 -9999.0 -9999.0 16.7305551857 32.8886285801 15.3672261035 31.1343023556 190.225592964 200.014084111 207.103328149 6.71948215026 6.8182450802 13.2865484138 19.6112033285 31.1595645577 36.9791139042 40.4114165372 45.7964424019 4.19537126184 2.67812029659 65.2758040502 65.6670976783 67.1400108288 69.4671558493 66.8876626475 5641.61099148 5675.33910603 5676.83880433 5686.51227369 5693.77463495 5699.97608565 2.14283513205 17.0315351552 1239.02419594 4.99920478645 2.53413502959 4.34343748987 4.038797358 6.38544097507 3.28742653808 1.7670045658 2.10726888341 1.32015535761
-9999.0 -9999.0 -9999.0 -9999.0 -9999.0 -9999.0 -9999.0 -9999.0 -9999.0 -9999.0 -9999.0 -9999.0 -9999.0 -9999.0 -9999.0 -9999.0 48.9085353753 65.0643563245 112.974206906 143.820775832 14.8360372648 229.971702412 236.60095032 243.166440827 6.61930611023 12.9727827956 5.87967331631 43.1541687871 46.2247007246 51.0190709766 55.3443046095 64.1363490786 64.8208186284 0.478952004476 56.1556886003 61.2796274851 64.5343476347 73.5227726534 11.4148916525 6.99421109873 3.67912345578 3.47422786237 5705.84511129 5709.33338782 5740.96096818 1241.76545686 15.1145262769 7.66224582785 5.84783197084 1.31769180674 13.0367804615 5.12916747601 1.66359282185 7.93317267392 6.40703024304
-9999.0 -9999.0 -9999.0 -9999.0 -9999.0 -9999.0 -9999.0 -9999.0 -9999.0 -9999.0 -9999.0 -9999.0 -9999.0 -9999.0 -9999.0 -9999.0 17.22805157 81.4739099031 97.8659195911 14.8532997774 7.32436707706 14.8094421805 21.7491910432 271.724119604 6.53323084916 26.2235625551 32.254633825 38.0810263248 3.22029882137 7.71622206357 8.97268717615 44.1496588833 48.1322604146 50.6221632646 2.52539357649 2.02921499911 1.81698767108 3.30885628363 1.20699388192 1.31389491788 2.75071812987 2.06183707427 2.69836914362 11.6542510079 5744.3526351 6995.50898217 18.2545691017 2.27273036563 1.65733811103 34.0333131194 31.2420655315 16.232082818 14.1015954469 9.88907475297 2.08142007862
-9999.0 -9999.0 -9999.0 -9999.0 -9999.0 -9999.0 -9999.0 -9999.0 -9999.0 -9999.0 -9999.0 -9999.0 -9999.0 -9999.0 -9999.0 15.6744876377 48.9457466616 16.0732747656 11.4407599432 8.15698570524 15.4856574778 22.5163939823 31.7056295891 317.750502601 324.071579171 6.47036921199 12.4846840131 18.5466386092 22.5916195255 25.7341467226 35.2912941556 41.76400663 0.592197513221 1.62974219887 2.0659151316 3.16945608909 2.80222316735 2.70227064268 2.24363053035 2.52430693241 13.781944828 7.03411768352 5.51693399584 5.57718925138 3.25091902471 6.06665964822 7132.01107397 116.422750011 47.0189871192 8.6822102178 4.39592342803 2.77285247609 6.78631478023 3.7287539934 1.53494260384
-9999.0 -9999.0 -9999.0 -9999.0 -9999.0 -9999.0 -9999.0 -9999.0 -9999.0 -9999.0 -9999.0 -9999.0 -9999.0 -9999.0 16.6307021153 31.8083112709 112.861182868 16.1682300795 27.2163919363 35.152449298 42.6307777977 7.65968363678 14.4055795637 26.7961118595 364.407388385 6.2166783406 11.9989022248 17.7342652785 5.27701726363 10.0526072247 10.5602731312 15.1774522209 563.704501527 567.917329971 572.59154241 593.736826829 602.246018903 619.08471757 4.99560435701 10.433470968 16.4850746419 678.23599999 687.035098557 5.24715960883 7.71039218084 10.2168609907 7137.3241923 112.930616406 54.5948610717 49.5088631466 44.5827974077 40.2125300965 8.9606002798 2.6925076511 3.79222280431
-9999.0 -9999.0 -9999.0 -9999.0 -9999.0 -9999.0 -9999.0 -9999.0 -9999.0 -9999.0 -9999.0 -9999.0 -9999.0 -9999.0 16.5148509625 50.303081469 179.648233681 266.773197216 15.3314483357 350.893903101 408.776103953 7.18606265803 13.8327923491 24.4705538536 438.781754107 450.074905353 5.76981944201 29.2906473185 34.629750541 37.6323684934 540.120392586 543.188980682 547.57636741 2.56876075344 14.8659475162 17.6029990265 8.33242179063 11.9450705392 636.581373444 652.766794502 655.941369204 659.054923965 692.063543861 2.48328928567 2.29965290453 15.0448307283 7142.53776549 5.69448284359 0.149091073066 0.422817033101 0.17548714143 33.3196361811 32.9391840047 19.7906015185 12.6804838968
-9999.0 -9999.0 -9999.0 -9999.0 -9999.0 -9999.0 -9999.0 -9999.0 -9999.0 -9999.0 -9999.0 -9999.0 -9999.0 -9999.0 -9999.0 -9999.0 35.1088207455 70.9424706968 317.373605726 334.874664447 424.68467949 440.39343292 7.02200323217 14.0236987122 36.2309129054 464.391182212 477.855556459 483.318188735 4.62596691582 498.736458951 501.607900216 2.16455552331 2.59241522426 5.11635938294 9.97378695478 2.38706974363 4.90788590321 11.4743804911 14.4228522762 2.64595065471 2.14393431247 4.41320173128 706.006341701 710.242657835 712.414460256 732.431833682 7147.14263206 5.08870219464 0.0793632970963 0.0979926843303 0.094429646717 0.0992424723447 0.0776702203329 0.13721999849 3.13356458446
-9999.0 -9999.0 -9999.0 -9999.0 -9999.0 -9999.0 -9999.0 -9999.0 -9999.0 -9999.0 -9999.0 -9999.0 -9999.0 -9999.0 -9999.0 -9999.0 18.3315417966 18.0865499634 17.7532568019 34.9447175414 15.8074479642 471.815812498 486.445552636 8.10414490039 14.556544388 6.78962718234 5.99662208652 5.90498125168 491.309534816 0.650030915594 1.30304444497 1.56479378381 2.68288814371 2.47581115682 2.10702245169 2.14994307721 6.39001370565 8.61762839536 1.8643426306 1.78044530867 3.66537119848 5.77778707561 7.05461710871 1.68288220182 714.634608733 734.730856637 7151.14891131 10.5428313264 0.167979396497 0.0360505800558 0.118321007844 0.0251700116788 0.0152342216868 0.15584372319 13.2633630412
-9999.0 -9999.0 -9999.0 -9999.0 -9999.0 -9999.0 -9999.0 -9999.0 -9999.0 -9999.0 -9999.0 -9999.0 -9999.0 -9999.0 -9999.0 -9999.0 -9999.0 -9999.0 17.8911591406 51.6893964027 66.9567376775 82.4336857364 501.425316098 515.865933504 530.047156432 542.794890336 548.610644886 560.452868205 561.240684673 561.772902656 562.714659759 2.58661919035 2.4273226111 2.47979049357 8.93507462004 2.26686125511 2.15329567815 1.90580365077 5.56139514395 2.06238118949 1.76400573489 1.69087469037 1.52773558927 3.05173710753 4.39853107589 743.704674702 7908.98903759 5.2595090404 9.66463230652 0.0217451478389 0.150816957157 0.0686269254775 0.0307444315127 23.632404445 21.518085305
-9999.0 -9999.0 -9999.0 -9999.0 -9999.0 -9999.0 -9999.0 -9999.0 -9999.0 -9999.0 -9999.0 -9999.0 -9999.0 -9999.0 -9999.0 -9999.0 -9999.0 -9999.0 -9999.0 15.8159123979 119.551539126 234.904529805 250.775830737 13.9836546062 22.0272155942 28.4444037241 34.1166784485 69.9785899241 72.3178383311 2.41443400859 2.22808227529 567.988359009 572.753475841 575.001024795 10.8698496727 1.90874409517 4.09138042032 6.03420503075 17.7074663122 21.6103010993 24.9806988363 3.20444603759 4.52314214021 1.48596940434 2.9248940511 1.47134927715 7912.1325334 4.62845232057 18.588815211 4.13558689942 5.37639736004 22.1193225928 24.2257370723 50.06752222 15.5374009621
-9999.0 -9999.0 -9999.0 -9999.0 -9999.0 -9999.0 -9999.0 -9999.0 -9999.0 -9999.0 -9999.0 -9999.0 -9999.0 -9999.0 -9999.0 -9999.0 -9999.0 -9999.0 16.8968642443 52.8830860634 104.07710314 136.722470047 349.196510635 364.405055703 13.2227933912 19.5285504086 25.0057793007 30.5204959758 73.3714480674 77.5658177264 121.67306228 125.05181662 127.335622409 577.345764905 594.53801908 4.18407145566 2.3276488889 2.27904322602 4.38919751234 2.04806664345 28.9005179413 30.5056596917 5.95649687888 7.26764252906 1.38458799179 2383.6188335 2386.58264942 10301.487438 10325.9377884 4.73407995921 15.4094793719 5.3999677418 4.05989929826 55.4297382535 72.8477454889
-9999.0 -9999.0 -9999.0 -9999.0 -9999.0 -9999.0 -9999.0 -9999.0 -9999.0 -9999.0 -9999.0 -9999.0 -9999.0 -9999.0 -9999.0 -9999.0 -9999.0 -9999.0 -9999.0 18.5333582653 18.0079189113 34.6945549509 83.100253781 379.572196471 6.73988057765 6.65434671967 12.1800081425 17.7233851079 37.8725302131 39.1516633853 0.9055016966 2.23465387581 130.047683607 132.456666548 729.035220541 730.97723694 1.75009415777 1.64880048794 1.43325839417 1.44251926652 1.37467274312 2357.32051965 2365.86155123 2374.41171586 2376.9418713 2382.28443331 1.54215365897 5.84843114172 7.67868931322 10339.059577 10342.4082877 10345.9470421 10347.5053969 10348.5832388 74.3395960244
-9999.0 -9999.0 -9999.0 -9999.0 -9999.0 -9999.0 -9999.0 -9999.0 -9999.0 -9999.0 -9999.0 -9999.0 -9999.0 -9999.0 -9999.0 -9999.0 -9999.0 -9999.0 -9999.0 -9999.0 17.0398274667 17.5568218837 33.0081465391 444.072934831 458.774729526 6.55407823492 12.1016532088 17.7250351761 19.1788816275 1.04635905336 3.25106602745 824.798993584 827.334438163 829.368797325 845.224300731 1578.11433373 2299.31064374 2303.00643873 2306.38517639 2309.68035502 2321.62357085 2325.25268779 7.01092727586 3.31741145403 1.84085923161 3.5460079688 2.8963900647 4.50687398308 1.46905028746 30.894758008 38.8284450864 46.5537418009 47.7645497585 10350.1690436 10426.206537
-9999.0 -9999.0 -9999.0 -9999.0 -9999.0 -9999.0 -9999.0 -9999.0 -9999.0 -9999.0 -9999.0 -9999.0 -9999.0 -9999.0 -9999.0 -9999.0 -9999.0 -9999.0 -9999.0 -9999.0 -9999.0 17.2211754907 33.1403684361 49.0961285316 472.24666986 11.2170561372 623.378296788 629.163200217 630.198866378 632.378207624 815.635183241 818.701317765 2.58226561129 11.9462081698 14.2962257236 2.40716250275 717.442622829 713.031795062 1.59140323377 3.54670766467 9.03096815301 1.87342844536 1.94913194589 1.67166223856 1.49648851613 1.25765252225 1.39145447896 26.1050716443 27.5178634178 29.1201964969 5.37860886669 4.76369770198 51.2549581125 53.3349457427 54.2187425847
-9999.0 -9999.0 -9999.0 -9999.0 -9999.0 -9999.0 -9999.0 -9999.0 -9999.0 -9999.0 -9999.0 -9999.0 -9999.0 -9999.0 -9999.0 -9999.0 -9999.0 -9999.0 -9999.0 -9999.0 -9999.0 16.1082975435 15.1943103435 77.8917327001 580.191023689 606.062277666 617.909460596 6.04677951965 180.260055086 181.012261274 181.606353044 2.56373390786 5.34395363758 7.87253492879 174.329449134 176.3683413 178.165688996 709.638250806 451.142873714 1.93775022405 1.87230476607 1.79378901515 1.55444336166 15.3334958446 18.5630997447 21.5045921565 23.0888098031 24.6353546826 137.15101946 138.383343454 139.48076425 142.057782142 156.867021456 157.915391532 213.329072022
-9999.0 -9999.0 -9999.0 -9999.0 -9999.0 -9999.0 -9999.0 -9999.0 -9999.0 -9999.0 -9999.0 -9999.0 -9999.0 -9999.0 -9999.0 -9999.0 -9999.0 -9999.0 -9999.0 -9999.0 -9999.0 -9999.0 31.4381375997 47.5594040674 15.717915348 6.59721250544 162.486590088 168.679220238 172.279054368 38.9049424752 39.4373751032 40.2553006774 42.5618436425 169.917615888 172.317735847 74.4960117168 254.714784597 256.690237129 449.510733425 3.78154528092 1.86931461814 1.52377234133 10.4721616256 12.2301993316 1.27539994202 1.21159974058 131.434799053 134.386698847 135.964758741 1.32174818648 1.86107121487 154.013536553 1.82750118121 7.32197722306 8.19603416333
-9999.0 -9999.0 -9999.0 -9999.0 -9999.0 -9999.0 -9999.0 -9999.0 -9999.0 -9999.0 -9999.0 -9999.0 -9999.0 -9999.0 -9999.0 -9999.0 -9999.0 -9999.0 -9999.0 -9999.0 -9999.0 -9999.0 15.644375085 31.0016503175 125.100158664 140.127850762 150.030777019 33.5696232517 38.3243681142 0.671495104648 123.664151071 124.208958074 124.865409201 1.55174483958 69.8864073765 72.3286515198 2.01017177592 439.859495094 4.0183795205 1.99883697653 5.53221808567 7.40583504126 1.56408249388 1.36595823163 117.514951057 128.627119328 130.351419151 1.61202518523 3.79211851424 4.8843835572 5.88891666648 11.1577515801 2.70286749351 5.93352433369 1.29238784053
