data/baseflow/mHMbf_acc340.asc
ncols                  80
nrows                 72
xllcorner      4374000.0
yllcorner      5656000.0
cellsize            500
NODATA_value       -9999
[rows 0 to 24 of 72, columns 0 to 54 of 80]
-9999.0 -9999.0 -9999.0 -9999.0 -9999.0 -9999.0 -9999.0 -9999.0 -9999.0 -9999.0 -9999.0 -9999.0 32.4550876353 23.0356648746 -9999.0 -9999.0 -9999.0 -9999.0 -9999.0 -9999.0 -9999.0 -9999.0 -9999.0 -9999.0 -9999.0 -9999.0 -9999.0 -9999.0 -9999.0 -9999.0 -9999.0 -9999.0 -9999.0 -9999.0 -9999.0 -9999.0 -9999.0 -9999.0 -9999.0 -9999.0 -9999.0 -9999.0 -9999.0 -9999.0 -9999.0 -9999.0 -9999.0 -9999.0 -9999.0 -9999.0 -9999.0 -9999.0 -9999.0 -9999.0 -9999.0
-9999.0 -9999.0 -9999.0 -9999.0 -9999.0 -9999.0 -9999.0 -9999.0 -9999.0 -9999.0 -9999.0 -9999.0 65.5778735126 132.683904483 18.9779831974 -9999.0 15.032071967 -9999.0 -9999.0 -9999.0 -9999.0 -9999.0 -9999.0 -9999.0 -9999.0 -9999.0 -9999.0 -9999.0 -9999.0 -9999.0 -9999.0 -9999.0 -9999.0 -9999.0 -9999.0 -9999.0 -9999.0 -9999.0 -9999.0 -9999.0 -9999.0 -9999.0 -9999.0 -9999.0 -9999.0 -9999.0 -9999.0 -9999.0 -9999.0 -9999.0 -9999.0 -9999.0 -9999.0 -9999.0 -9999.0
-9999.0 -9999.0 -9999.0 -9999.0 -9999.0 -9999.0 -9999.0 -9999.0 -9999.0 -9999.0 32.6165301933 31.4167387377 32.5489266207 31.515414631 193.483956042 214.34359913 42.9376950622 13.8311816531 -9999.0 -9999.0 -9999.0 -9999.0 -9999.0 -9999.0 -9999.0 -9999.0 -9999.0 -9999.0 -9999.0 -9999.0 -9999.0 -9999.0 -9999.0 -9999.0 -9999.0 -9999.0 -9999.0 -9999.0 -9999.0 -9999.0 -9999.0 -9999.0 -9999.0 -9999.0 -9999.0 -9999.0 -9999.0 -9999.0 -9999.0 -9999.0 -9999.0 -9999.0 -9999.0 -9999.0 -9999.0
-9999.0 -9999.0 -9999.0 -9999.0 -9999.0 -9999.0 -9999.0 -9999.0 -9999.0 31.4220650124 64.1955344451 127.209952344 63.3025489156 30.9923794477 61.3433093109 244.462605126 320.798149067 15.7480967952 -9999.0 32.4466110179 -9999.0 -9999.0 -9999.0 -9999.0 29.7047056377 14.9604919834 -9999.0 -9999.0 -9999.0 -9999.0 -9999.0 -9999.0 -9999.0 -9999.0 -9999.0 -9999.0 -9999.0 -9999.0 -9999.0 -9999.0 -9999.0 -9999.0 -9999.0 -9999.0 -9999.0 -9999.0 -9999.0 -9999.0 -9999.0 -9999.0 -9999.0 -9999.0 -9999.0 -9999.0 -9999.0
-9999.0 -9999.0 -9999.0 -9999.0 -9999.0 -9999.0 -9999.0 -9999.0 33.1944783481 96.5925196822 127.160795245 158.12144564 220.818612627 29.9214580944 120.225044994 149.610350189 513.591666327 24.321187243 28.6575299988 62.2267905181 91.0661860658 29.6318454485 -9999.0 79.0509650512 64.6287931637 18.2208515385 -9999.0 -9999.0 -9999.0 -9999.0 -9999.0 -9999.0 -9999.0 -9999.0 -9999.0 -9999.0 -9999.0 -9999.0 -9999.0 -9999.0 -9999.0 -9999.0 -9999.0 -9999.0 -9999.0 -9999.0 -9999.0 -9999.0 -9999.0 -9999.0 -9999.0 -9999.0 -9999.0 -9999.0 -9999.0
-9999.0 -9999.0 -9999.0 -9999.0 -9999.0 -9999.0 33.679104433 31.6860216552 31.0469586419 31.2580688216 31.5482739853 221.459009902 473.200283395 504.004695168 532.609595094 28.4275851529 568.737619506 596.689606821 57.9994886686 29.1837996639 119.436256671 206.568360842 27.623317162 160.116218883 30.4568870258 28.5107152862 31.5911891587 -9999.0 -9999.0 -9999.0 -9999.0 -9999.0 -9999.0 -9999.0 -9999.0 -9999.0 -9999.0 -9999.0 -9999.0 -9999.0 -9999.0 -9999.0 -9999.0 -9999.0 -9999.0 -9999.0 -9999.0 -9999.0 -9999.0 -9999.0 -9999.0 -9999.0 -9999.0 -9999.0 -9999.0
-9999.0 -9999.0 -9999.0 -9999.0 -9999.0 -9999.0 66.8460595952 98.9101726297 225.334740453 317.467228558 29.673891759 30.5533705911 29.4393956956 86.4755423621 646.465584033 26.9147430504 624.388199162 733.420390351 85.2887587296 56.2156285792 233.789768942 28.5859833286 188.867476906 57.7089729119 28.9726561148 56.8494448198 62.2083263341 31.3189589828 32.0845992824 31.8579105119 32.2084774418 64.744230938 -9999.0 -9999.0 -9999.0 -9999.0 -9999.0 -9999.0 -9999.0 -9999.0 -9999.0 -9999.0 -9999.0 -9999.0 -9999.0 -9999.0 -9999.0 -9999.0 -9999.0 -9999.0 -9999.0 -9999.0 -9999.0 -9999.0 -9999.0
-9999.0 -9999.0 -9999.0 -9999.0 -9999.0 34.2564475977 67.4971947357 32.8647823588 64.6136277325 349.275688122 410.141388381 471.045661174 1474.76178324 28.5272603401 674.908381271 2367.25087881 2388.56229311 3158.91264989 23.2936089242 83.4710038758 261.221837867 27.328069406 509.369626574 292.337007516 177.946115879 148.777422388 30.4352401091 93.6443108832 94.480534198 63.1758492013 30.8728082703 96.3477965251 30.7492213161 30.6672907393 -9999.0 -9999.0 -9999.0 -9999.0 -9999.0 -9999.0 -9999.0 -9999.0 -9999.0 -9999.0 -9999.0 -9999.0 -9999.0 -9999.0 -9999.0 -9999.0 -9999.0 -9999.0 -9999.0 -9999.0 -9999.0
-9999.0 -9999.0 -9999.0 -9999.0 -9999.0 34.4050242857 101.295682453 201.927171946 233.971969083 464.773804531 496.026018174 591.835215385 975.044344138 1556.14523936 1612.98871248 1639.19839094 51.3284587661 3250.16879034 3297.73035911 3434.46675157 4315.09456337 592.117640123 537.74338715 206.285912953 28.2955167651 179.511386482 121.954793116 27.8281737481 123.204984863 28.1440813411 58.177720037 155.685080712 185.287299415 60.2547163707 29.2293031198 29.5477146257 -9999.0 -9999.0 -9999.0 -9999.0 15.4736194108 13.2771766186 -9999.0 -9999.0 -9999.0 -9999.0 -9999.0 -9999.0 -9999.0 -9999.0 -9999.0 -9999.0 -9999.0 -9999.0 -9999.0
-9999.0 -9999.0 -9999.0 -9999.0 -9999.0 33.9352340419 33.1279730799 134.187217904 166.342810173 199.133442332 32.269096145 64.2797688129 360.082233143 64.6706647472 31.0519303648 29.6026884986 27.1843565399 29.4524488 28.9794032351 28.9608991875 4342.98852041 4424.40278361 27.2103813629 83.4950386036 56.4542279442 207.21663463 55.7814101548 27.1768069138 152.216407483 55.5185353039 134.08454954 329.091348213 303.656111464 89.1702275248 87.2784810065 29.5845953524 29.4427144026 -9999.0 -9999.0 29.6815122479 35.643509921 76.4745642979 13.8066841498 -9999.0 -9999.0 -9999.0 -9999.0 -9999.0 -9999.0 -9999.0 -9999.0 -9999.0 -9999.0 -9999.0 -9999.0
-9999.0 -9999.0 -9999.0 -9999.0 -9999.0 -9999.0 34.5601485804 34.0356938982 67.4780472305 100.807289274 231.604561606 296.958533444 329.670424069 34.1003786427 29.4104256094 374.364115868 461.996555053 490.486799677 606.959219206 635.013825696 27.6342741203 4451.84106216 4589.76678088 110.885737001 26.0777945793 234.070983466 520.527279251 205.294589796 53.7205816036 27.0498167969 515.775724767 356.170230348 26.5047494866 26.733747158 114.300684266 86.7934674117 27.8179069832 27.2437035392 28.5532385176 57.8329896304 27.7913856485 92.7795976721 119.115387601 25.1381668327 -9999.0 -9999.0 -9999.0 -9999.0 26.7839105367 25.8842401313 8.73016527713 -9999.0 -9999.0 -9999.0 -9999.0
-9999.0 -9999.0 -9999.0 -9999.0 -9999.0 -9999.0 -9999.0 34.2809799168 32.3240287554 65.6031985681 98.6623120643 32.9637700638 31.5501152217 191.946494511 253.529545224 315.857637762 29.5931658025 59.6288707091 29.1070885463 663.015518926 1446.9360575 1462.4781168 6099.77737209 27.3469087712 77.6366237612 25.220321051 546.380911478 26.2417567509 81.0733369198 26.7307033197 541.994328773 568.105596127 53.0930542298 53.1977145938 284.975129729 142.756654586 55.081577968 28.0217106934 57.2067493106 86.1305166655 140.578909623 26.3382562269 168.046923641 190.060191452 20.1015909246 21.3464185748 21.8104484106 20.3385392614 19.3028352792 75.4062908372 31.7762959139 21.3266647312 -9999.0 -9999.0 -9999.0
-9999.0 -9999.0 -9999.0 -9999.0 -9999.0 -9999.0 -9999.0 -9999.0 66.4453069266 98.3704046471 32.8602843128 65.9872716227 97.7788288627 161.944523555 32.6017522848 32.036120969 29.4617786311 29.8690256277 28.3034771311 727.462667163 29.5030776249 58.4612547015 6175.03327892 6226.33799285 27.6895068173 132.6977561 704.032216138 51.7492065453 105.466351874 50.2051215344 74.0005284249 669.231295739 77.3965468213 413.257457075 336.058160816 25.899849694 136.349276126 54.8564142709 83.892266687 26.6859134109 165.912079197 215.522882512 234.715290687 253.156504777 265.582373068 38.1202863711 39.5290361085 37.0300139546 34.8068527086 94.5154612217 20.3650338437 73.9712813182 93.3862004596 -9999.0 -9999.0
-9999.0 -9999.0 -9999.0 -9999.0 -9999.0 -9999.0 -9999.0 -9999.0 33.7671147596 165.161340022 197.668232546 32.6153192404 64.6061187514 32.0193968205 31.2235130401 30.7872856128 373.18778527 496.507478537 606.706289003 710.986954706 25.7610328172 29.2166773049 29.5812550449 6346.37781955 6396.94369121 6421.60726706 940.059359989 207.994703223 182.038068718 23.4934034869 97.486129534 790.370869575 23.777847487 437.161376234 25.6214707671 176.959153375 163.446291301 26.598969175 110.353627126 53.0918525779 78.8919439411 23.5733806786 18.3773841518 271.420915752 288.101054327 282.224610447 57.1447019342 53.9881428616 51.4330269969 115.830198252 156.732219289 20.3847167573 113.297089436 20.9615027195 40.343826576
-9999.0 -9999.0 -9999.0 -9999.0 -9999.0 -9999.0 -9999.0 -9999.0 -9999.0 33.5027055558 230.417422454 262.797447458 96.7761680021 160.52119333 222.47481378 253.204042023 30.9384580061 93.8962577855 62.604167638 31.1468250268 31.4672630706 29.8837419138 59.1400654835 98.9899154886 30.9845183676 7416.62301564 7443.86999012 25.7176547755 21.0297017176 47.4072840317 70.6155060769 859.61118013 46.3385738059 458.741874226 273.131212839 224.63770811 25.4345251946 51.7522955264 135.041263447 24.5548040867 102.875405381 46.8890713155 34.5274794051 17.9166746652 339.293715686 635.367582914 69.6806245014 66.8643713055 68.3058241445 17.5517894639 173.940712372 16.9191512339 151.265375025 19.1020969889 59.2520428799
-9999.0 -9999.0 -9999.0 -9999.0 -9999.0 -9999.0 -9999.0 -9999.0 -9999.0 -9999.0 31.8020543263 326.867410666 32.1830851508 64.0480823884 94.3626379178 155.321670847 31.0476651373 63.131640171 31.6434244188 30.7951114732 29.6992691506 58.9197330742 27.4109875356 29.5668369959 59.1845887987 31.3321661894 7468.35034729 7518.26695578 7591.65252353 93.294819753 23.7810031905 47.3706127184 883.421059372 847.394091096 322.039247814 24.4071521112 101.990885111 76.8489131214 159.785965332 49.233058436 197.511930625 70.4774401764 55.3585640864 17.9872193611 18.4518176438 653.125177804 668.289434921 818.407908678 122.788175307 36.0535916949 192.190209357 226.94850867 394.904591452 37.4237148557 17.8702167581
-9999.0 -9999.0 -9999.0 -9999.0 -9999.0 -9999.0 -9999.0 -9999.0 -9999.0 -9999.0 -9999.0 17.8958710171 366.978584088 31.096361507 60.9290643543 276.73109332 31.0948111666 31.0555686562 29.189873297 60.9010062882 29.7354382389 118.179348618 172.854796097 198.861360712 83.6816821597 106.997200608 25.7580227135 30.352579719 26.6110347014 7730.8628786 7799.57897603 904.517600292 889.778830168 868.692877273 44.289762426 21.8142496341 125.18959705 331.577671985 183.248071733 72.6640078273 292.466169344 135.133830436 113.51918333 36.8901968851 15.1855749987 13.6944871023 14.0929555617 884.114232011 1056.6340344 17.427718701 16.0269201944 17.1540699456 411.603928713 465.649865528 33.127383188
-9999.0 -9999.0 -9999.0 -9999.0 -9999.0 -9999.0 -9999.0 -9999.0 -9999.0 -9999.0 -9999.0 16.8043439518 407.894127778 501.906341593 30.0042309632 336.731592873 29.5940352216 29.1478680579 58.5244729099 148.967438144 29.4049293261 30.0967988389 27.161284203 252.824922874 278.934078027 412.978636717 463.867384302 490.510144852 515.260798054 544.629674919 8367.5799551 9319.12697173 10251.0641944 10266.8659621 19.8847655645 21.9600220203 377.979020703 354.969065396 23.108678761 22.9956376375 314.401110503 471.692290386 20.630598874 246.638583027 225.761448502 70.6851301755 31.662397426 50.6685867937 17.1419863143 1085.40310112 14.3714644503 47.6697404972 59.4522670141 572.105816311 621.916748624
-9999.0 -9999.0 -9999.0 -9999.0 -9999.0 -9999.0 -9999.0 -9999.0 -9999.0 -9999.0 -9999.0 32.7967604253 63.6570114841 532.489527839 590.349361455 28.9707775619 386.099043277 26.5184971221 82.1606520892 176.23886922 57.255965127 27.8083392543 56.007695253 24.8390453025 48.8585606972 24.7395925597 24.1359610029 23.4544354337 22.666788912 22.5706716432 22.890002498 26.4959770165 27.7985825999 27.0876093223 10332.5422398 451.407599748 412.99492468 16.967637441 66.7954248161 18.4786504783 15.870168761 492.597309076 802.875381161 268.602167882 191.423119701 40.397194075 17.269780028 16.1507465622 31.039994429 1131.01890697 1157.81505897 13.8676330711 14.0745209207 15.9696862958 16.9830333511
-9999.0 -9999.0 -9999.0 -9999.0 -9999.0 -9999.0 -9999.0 -9999.0 -9999.0 -9999.0 -9999.0 -9999.0 30.8451738313 387.939476509 1008.03567959 1096.70921789 1508.73216917 1528.26844868 390.226654278 289.456675871 85.4906985454 27.6336504527 110.427073021 136.704533535 210.469799151 50.0854680217 48.5673402733 48.1009640673 94.7551700569 46.3448008803 46.2358637998 23.1344019337 21.8941944462 22.5278105071 10354.1777664 10820.6291772 10837.7626541 16.7458783148 179.346131267 78.2184625278 22.2428976677 868.888421614 45.4855538638 23.2119449245 98.1514939339 23.3018663809 19.0038140397 34.9767187254 48.2093671866 62.1704021492 1181.31019792 11.2793698342 10.102983434 10.2077081562 9.08697344207
-9999.0 -9999.0 -9999.0 -9999.0 -9999.0 -9999.0 -9999.0 -9999.0 -9999.0 -9999.0 -9999.0 31.8335843716 294.399394268 357.454073399 59.9104814819 19.1614271749 44.3433284136 1600.16241881 1621.40654351 2030.4859607 25.5816368941 53.0668651168 24.3637268765 24.694592496 234.486260783 308.56073851 380.233761269 22.8697686872 117.538433196 186.306444188 112.573827493 44.8403885165 42.6629855197 42.8418988686 40.5907625067 20.2730535413 10852.0301273 10864.3715805 11070.025619 38.0295276079 20.0709514249 881.30887296 48.8972490164 24.7521256631 25.7687383993 25.557478241 23.5589421292 43.6236262898 121.743828016 198.765314854 1391.56690616 8.90197584236 26.7082681582 18.1323160649 16.2748579032
-9999.0 -9999.0 -9999.0 -9999.0 -9999.0 -9999.0 -9999.0 -9999.0 -9999.0 -9999.0 -9999.0 32.3090454898 199.919188114 31.9241327783 29.838688694 149.560578586 176.839784942 204.622870956 231.509959528 2750.33105662 2773.92057683 2823.33543972 3183.00171755 3257.21821446 3302.6566638 3327.02065831 3768.5101627 3832.73041623 3855.41731723 4065.85194282 4201.53787261 4223.33421181 4309.25229173 63.5874506713 60.9813179303 19.3727630693 15.6215487226 10878.3792964 11136.8868784 54.5633201419 1004.11358686 986.791860828 94.190079863 23.1325977431 23.5818425667 23.1540984624 22.2145197827 44.4960166674 63.346364682 17.6213861249 1402.4534864 1413.84612109 1468.52263366 1478.03425433 1503.136652
-9999.0 -9999.0 -9999.0 -9999.0 -9999.0 -9999.0 -9999.0 -9999.0 -9999.0 -9999.0 -9999.0 101.568962167 134.698671157 64.2388686373 95.2651623701 30.7563322067 348.759783579 377.494900477 434.180434421 461.357699859 193.508289079 3056.59639863 3080.59690204 24.4943070742 21.1025920635 21.1249979965 43.3372092307 22.4175920659 20.9303674274 20.6667114959 20.4745565428 4245.88397149 4331.18528831 4412.86385197 4490.10687873 4553.19290124 29.0972484295 10.3829493023 12183.4353819 1034.7157718 1021.89447119 20.4320618078 19.4843666896 18.4913214838 42.9393825532 42.4873773694 19.9778183444 20.0251217689 18.3905176081 35.8996586245 47.2187216551 8.26627664917 15.2306755048 6.81727311774 6.82205250192
-9999.0 -9999.0 -9999.0 -9999.0 -9999.0 -9999.0 -9999.0 -9999.0 -9999.0 -9999.0 -9999.0 -9999.0 68.7422457675 32.69565019 31.5227573878 291.526855475 320.72319049 29.3222087321 116.523218621 143.950105468 170.427350465 28.0342874395 23.1884110285 485.601751278 506.107322688 526.605564173 1342.19792138 1361.69213541 1401.3576036 1549.80699886 1663.03968165 1681.88814645 19.168240926 19.6793432854 17.4767449379 4573.20634455 10.4671035191 12364.2611963 12347.3938425 152.090245856 136.658406413 79.9012175001 20.3872143086 36.7901516602 61.8387403285 61.4150464831 39.2263776766 19.4822304998 37.5882252763 37.0362614132 63.697086516 12.5706039335 27.7806058795 44.7551230134 59.2381999149
-9999.0 -9999.0 -9999.0 -9999.0 -9999.0 -9999.0 -9999.0 -9999.0 -9999.0 -9999.0 -9999.0 -9999.0 35.0560180016 100.382609906 132.260991508 229.487960351 30.0282628599 60.4776973586 89.3247864711 339.871152963 366.641285194 391.740541038 417.039704392 441.542606994 678.719489031 751.499434734 796.673161073 22.0755646324 108.942348433 130.574557695 1605.88279826 1701.81025914 1742.99207475 1784.34681016 1821.3225818 6404.86516774 7.36363128343 12411.9114042 31.224716266 15.917900398 117.047230794 98.5132326035 17.5472880519 54.240803279 78.7744026212 77.6932176581 54.8061352829 90.0635755019 142.129729337 52.86024757 131.151889738 13.9175556271 24.1741482947 5.93986537751 4.69591871307
