data/baseflow/mHMbf_acc533.asc
ncols                  80
nrows                 72
xllcorner      4374000.0
yllcorner      5656000.0
cellsize            500
NODATA_value       -9999
[rows 0 to 24 of 72, columns 0 to 54 of 80]
-9999.0 -9999.0 -9999.0 -9999.0 -9999.0 -9999.0 -9999.0 -9999.0 -9999.0 -9999.0 -9999.0 -9999.0 27.694493918 23.0054879517 -9999.0 -9999.0 -9999.0 -9999.0 -9999.0 -9999.0 -9999.0 -9999.0 -9999.0 -9999.0 -9999.0 -9999.0 -9999.0 -9999.0 -9999.0 -9999.0 -9999.0 -9999.0 -9999.0 -9999.0 -9999.0 -9999.0 -9999.0 -9999.0 -9999.0 -9999.0 -9999.0 -9999.0 -9999.0 -9999.0 -9999.0 -9999.0 -9999.0 -9999.0 -9999.0 -9999.0 -9999.0 -9999.0 -9999.0 -9999.0 -9999.0
-9999.0 -9999.0 -9999.0 -9999.0 -9999.0 -9999.0 -9999.0 -9999.0 -9999.0 -9999.0 -9999.0 -9999.0 54.1354508866 121.924094031 20.0623744765 -9999.0 15.7581942071 -9999.0 -9999.0 -9999.0 -9999.0 -9999.0 -9999.0 -9999.0 -9999.0 -9999.0 -9999.0 -9999.0 -9999.0 -9999.0 -9999.0 -9999.0 -9999.0 -9999.0 -9999.0 -9999.0 -9999.0 -9999.0 -9999.0 -9999.0 -9999.0 -9999.0 -9999.0 -9999.0 -9999.0 -9999.0 -9999.0 -9999.0 -9999.0 -9999.0 -9999.0 -9999.0 -9999.0 -9999.0 -9999.0
-9999.0 -9999.0 -9999.0 -9999.0 -9999.0 -9999.0 -9999.0 -9999.0 -9999.0 -9999.0 25.6862567645 24.9339830375 25.8845548339 25.2376748549 170.548155423 192.814602069 44.1989491829 13.9780465892 -9999.0 -9999.0 -9999.0 -9999.0 -9999.0 -9999.0 -9999.0 -9999.0 -9999.0 -9999.0 -9999.0 -9999.0 -9999.0 -9999.0 -9999.0 -9999.0 -9999.0 -9999.0 -9999.0 -9999.0 -9999.0 -9999.0 -9999.0 -9999.0 -9999.0 -9999.0 -9999.0 -9999.0 -9999.0 -9999.0 -9999.0 -9999.0 -9999.0 -9999.0 -9999.0 -9999.0 -9999.0
-9999.0 -9999.0 -9999.0 -9999.0 -9999.0 -9999.0 -9999.0 -9999.0 -9999.0 24.8250340677 50.7048030114 100.563071733 50.1891414479 24.5083766814 48.569672577 216.728840288 296.738182623 16.638677854 -9999.0 25.4996422501 -9999.0 -9999.0 -9999.0 -9999.0 30.6199597275 15.3541148565 -9999.0 -9999.0 -9999.0 -9999.0 -9999.0 -9999.0 -9999.0 -9999.0 -9999.0 -9999.0 -9999.0 -9999.0 -9999.0 -9999.0 -9999.0 -9999.0 -9999.0 -9999.0 -9999.0 -9999.0 -9999.0 -9999.0 -9999.0 -9999.0 -9999.0 -9999.0 -9999.0 -9999.0 -9999.0
-9999.0 -9999.0 -9999.0 -9999.0 -9999.0 -9999.0 -9999.0 -9999.0 26.8176421462 77.2099923957 101.549430214 126.130750602 174.822969792 23.6188576742 94.8490266347 118.325017325 459.883982294 23.8602615819 23.3705125446 49.0850179214 72.1072704753 23.7014159874 -9999.0 83.2193051325 67.9301123074 19.5552194908 -9999.0 -9999.0 -9999.0 -9999.0 -9999.0 -9999.0 -9999.0 -9999.0 -9999.0 -9999.0 -9999.0 -9999.0 -9999.0 -9999.0 -9999.0 -9999.0 -9999.0 -9999.0 -9999.0 -9999.0 -9999.0 -9999.0 -9999.0 -9999.0 -9999.0 -9999.0 -9999.0 -9999.0 -9999.0
-9999.0 -9999.0 -9999.0 -9999.0 -9999.0 -9999.0 27.0983583211 24.92907738 24.5436861486 24.7966042448 25.3424572191 177.092831839 376.660798736 401.191708001 421.49583141 18.8116437983 502.248243375 525.137778028 45.4600451167 23.1691572319 94.7843148924 164.937117884 24.0412008233 155.559749789 24.4052490429 24.9622157805 24.9748122649 -9999.0 -9999.0 -9999.0 -9999.0 -9999.0 -9999.0 -9999.0 -9999.0 -9999.0 -9999.0 -9999.0 -9999.0 -9999.0 -9999.0 -9999.0 -9999.0 -9999.0 -9999.0 -9999.0 -9999.0 -9999.0 -9999.0 -9999.0 -9999.0 -9999.0 -9999.0 -9999.0 -9999.0
-9999.0 -9999.0 -9999.0 -9999.0 -9999.0 -9999.0 54.0307507601 79.6246629991 180.493832297 253.544895596 23.5962066265 24.1005449819 23.6362109245 68.9741825303 512.644214807 20.1011889222 547.505963267 629.719727798 64.9189526179 45.0175177867 186.94502389 23.2248082064 178.496172587 46.5938896763 23.5722009053 48.2789620127 49.5155265538 24.6661241006 24.2181285709 23.9332255728 24.5415712823 49.2557537935 -9999.0 -9999.0 -9999.0 -9999.0 -9999.0 -9999.0 -9999.0 -9999.0 -9999.0 -9999.0 -9999.0 -9999.0 -9999.0 -9999.0 -9999.0 -9999.0 -9999.0 -9999.0 -9999.0 -9999.0 -9999.0 -9999.0 -9999.0
-9999.0 -9999.0 -9999.0 -9999.0 -9999.0 27.793548818 54.4734163464 26.3222652091 51.9663998562 279.372303669 328.274855274 376.842550886 1176.74925379 22.2157237261 536.039913148 1884.15450733 1899.72734874 2555.18447937 16.2760783604 66.5367672744 209.087125192 22.018695232 438.163140889 237.192530091 144.925013571 121.58132279 24.2251738961 72.9659604706 71.18824966 47.5387501935 23.2936169432 73.0970437523 23.3838814395 23.2629274599 -9999.0 -9999.0 -9999.0 -9999.0 -9999.0 -9999.0 -9999.0 -9999.0 -9999.0 -9999.0 -9999.0 -9999.0 -9999.0 -9999.0 -9999.0 -9999.0 -9999.0 -9999.0 -9999.0 -9999.0 -9999.0
-9999.0 -9999.0 -9999.0 -9999.0 -9999.0 27.7790413937 81.371165721 162.357076239 187.997806848 373.001866149 397.96262378 475.001978459 776.855828923 1238.37152102 1284.86644922 1306.61554718 41.5503534958 2626.99908183 2661.76524072 2770.19961543 3507.58038928 505.708477474 461.304890845 167.940470449 22.7065996213 142.755043395 96.4667188058 23.152115522 93.9676295967 21.3508313728 42.6927227748 117.437660643 140.438069862 46.1740053201 23.0083651998 22.8849698557 -9999.0 -9999.0 -9999.0 -9999.0 17.2098318188 14.6844379743 -9999.0 -9999.0 -9999.0 -9999.0 -9999.0 -9999.0 -9999.0 -9999.0 -9999.0 -9999.0 -9999.0 -9999.0 -9999.0
-9999.0 -9999.0 -9999.0 -9999.0 -9999.0 27.2335388836 26.3325570301 107.486430247 133.333899571 159.805241522 26.0189332245 51.729042804 284.593291196 49.9431398138 25.4135838248 24.1738588206 22.6706482381 23.0656480216 22.085040852 24.1277504946 3530.89933208 3597.72069262 21.9909715887 67.1032725626 45.3045380487 165.184921104 46.1946638028 22.7046593485 117.394063877 41.4853327101 98.1411363191 251.395027491 232.127747794 68.9587113629 69.0306521295 23.0396919289 23.144793156 -9999.0 -9999.0 23.2029556845 39.4546848589 84.5938577795 15.3155551257 -9999.0 -9999.0 -9999.0 -9999.0 -9999.0 -9999.0 -9999.0 -9999.0 -9999.0 -9999.0 -9999.0 -9999.0
-9999.0 -9999.0 -9999.0 -9999.0 -9999.0 -9999.0 27.6231305448 27.5162004163 53.7164549343 79.9543664843 182.525658291 234.579275126 259.934549546 24.9823668875 23.5724144463 298.174608703 370.374068795 393.715213341 489.225217384 512.080923771 22.8368616966 3620.57209852 3729.32244489 86.2793234966 13.9006509717 184.959448486 415.429558694 162.57835942 44.1110146898 21.820371454 392.319874612 273.538735228 22.0916053483 22.1939001865 91.463692323 68.7406595548 22.8766718527 23.303359275 23.0476558947 45.9195598449 22.7491436414 103.05797179 125.828001527 22.5372589844 -9999.0 -9999.0 -9999.0 -9999.0 24.2987817947 23.6084637479 6.211158671 -9999.0 -9999.0 -9999.0 -9999.0
-9999.0 -9999.0 -9999.0 -9999.0 -9999.0 -9999.0 -9999.0 27.4619029648 24.1891570518 50.5994581737 77.1745269141 26.2496127062 23.4387314299 150.343217418 200.39856574 251.139806769 24.6569454419 48.4425711344 24.1736607238 535.147685058 1189.58161202 1206.85140409 4980.02840255 22.139549406 42.3130674013 13.408871393 437.264238526 22.0571974134 66.1983990354 21.7341427324 414.28525303 436.212796894 44.2297060526 43.9976019465 228.38207028 114.329176958 46.2513251442 23.3610676655 46.1283029874 68.7303955198 113.887917495 22.5005131212 171.333179097 193.804888967 21.4656678485 22.1661016979 22.4961822609 21.635770741 21.0533662424 69.9662646823 27.0127454104 17.8192027903 -9999.0 -9999.0 -9999.0
-9999.0 -9999.0 -9999.0 -9999.0 -9999.0 -9999.0 -9999.0 -9999.0 50.159503096 73.2739281192 25.964288078 52.3649376191 77.9942825612 127.867859138 26.1185130836 25.5670780228 23.7055217983 23.9962465538 22.9506205115 607.736834513 24.4084263839 48.1723432162 5048.35240528 5106.32006822 30.4611315581 102.04235077 561.91649104 43.4079208147 86.9713151679 42.2836448188 62.8493101664 522.389635501 65.2954465762 336.309229885 271.348146931 21.2173355355 114.26412754 45.8495190811 68.4119513984 22.2126120396 136.596702529 181.863876654 203.000924195 223.644525085 277.174145457 41.8494093847 42.8309619323 41.2939179299 39.9091821355 90.5167814226 20.1871704018 65.2656597135 84.2669015279 -9999.0 -9999.0
-9999.0 -9999.0 -9999.0 -9999.0 -9999.0 -9999.0 -9999.0 -9999.0 26.7001793793 126.247478824 151.806878174 25.6270586002 50.9895561387 25.3657268054 24.6577360292 24.290147739 298.435492391 400.700443769 496.558456674 589.791042235 24.5481677379 24.0478206519 28.0363158225 5220.25257061 5282.34388139 5313.13639853 767.605264302 175.483033152 152.037595902 21.0357844721 83.6618885405 626.785457308 21.0827666077 357.269537539 21.5469954165 145.80821686 136.736044305 22.2792846635 90.5571052963 44.2877824312 66.2420936962 22.3761265428 20.3343355578 244.170672468 263.819293446 296.790041337 63.0974825586 61.1237907164 59.5746697317 111.243641082 151.712603687 20.1637131259 103.527875379 19.3957337439 37.7955470712
-9999.0 -9999.0 -9999.0 -9999.0 -9999.0 -9999.0 -9999.0 -9999.0 -9999.0 26.9137492957 178.020315118 203.505744044 76.5328650603 127.34072833 176.813021921 201.663574606 25.3635576396 78.3011445047 51.7900202124 25.7283941194 25.8283306642 24.2845156679 49.6007843536 86.6683058653 34.9768921651 6145.36355979 6176.58917519 29.2954167982 22.2056993807 41.5098256162 62.0854785445 688.841409479 41.536442584 377.426812599 227.209103798 185.406054975 21.8631146926 43.8501447447 111.88496236 21.245002334 87.2918348082 43.5118057988 35.7043332652 14.3315230649 311.677362132 626.232474808 79.8023971067 78.1767036418 78.3800860601 18.6686089198 170.169530496 18.2461691799 141.625049895 18.2638298102 56.0938663411
-9999.0 -9999.0 -9999.0 -9999.0 -9999.0 -9999.0 -9999.0 -9999.0 -9999.0 -9999.0 25.3674633521 254.654986753 25.5144061613 51.0425894293 75.4002426452 125.18788459 25.8414686438 52.915687182 26.1922621814 25.6954561255 24.7855448312 49.3367930022 23.5736409524 27.2718769847 59.5220048548 33.8061616657 6207.49551594 6267.03060711 6350.56876952 85.6056896998 20.5346990378 40.9393446159 709.682013251 708.543458369 269.859416299 21.1474343714 87.0189182558 65.3875444831 133.259173399 42.5500106166 173.235936365 64.6781970751 54.9923783952 10.0737316678 14.9178931411 645.869535836 664.677441617 840.414417381 135.473546905 37.8531771761 189.471686962 226.634762707 386.087023118 36.5276658037 17.3871212539
-9999.0 -9999.0 -9999.0 -9999.0 -9999.0 -9999.0 -9999.0 -9999.0 -9999.0 -9999.0 -9999.0 12.4881018912 281.19730421 23.4430391302 47.6765892661 222.767023219 25.9511431189 25.9213878757 24.2027090184 50.045678233 23.9581426993 97.254368736 144.080046976 166.829371017 83.0116806745 110.514032318 31.0398731917 33.387583613 30.4892597532 6484.34145002 6548.27383146 729.952615317 748.578320359 728.621501444 41.1110617862 20.3807353424 107.598017224 282.279433082 154.140611852 63.3615926238 257.343972048 108.642538515 88.4847564412 20.0186944319 9.29479829396 9.60388213343 11.7188466694 892.883556385 1083.53660778 18.3326524993 17.7327340589 18.0974162088 403.458157131 456.652176313 32.4157971908
-9999.0 -9999.0 -9999.0 -9999.0 -9999.0 -9999.0 -9999.0 -9999.0 -9999.0 -9999.0 -9999.0 11.7679844618 310.482838366 386.424760141 24.357114587 271.322528323 24.7538003512 24.2962477935 47.6904431149 121.390759783 23.6565034697 24.3433431008 22.8659011372 213.083770362 235.880728913 369.355296896 423.278156671 448.847685183 477.778756018 505.247182377 7081.92090308 7860.8847371 8657.59392932 8680.41495084 22.7352253703 20.5086157197 323.490351634 303.024891119 20.5891587862 19.9877033305 275.372821226 404.747571896 18.3142957158 183.919651403 169.467271931 42.8768558944 22.5108040519 35.7136233273 18.808305573 1118.71290603 17.4172427324 52.3645556464 67.7206630386 565.893707592 606.67776507
-9999.0 -9999.0 -9999.0 -9999.0 -9999.0 -9999.0 -9999.0 -9999.0 -9999.0 -9999.0 -9999.0 26.5192327149 51.6997921952 411.281923127 458.302437147 23.6568594038 318.440102025 22.9991079293 69.5528420242 143.965327328 46.3542243233 22.6493830263 46.5297975942 22.1347662079 43.1195681857 20.8280144546 19.4596765292 15.7495921178 14.3664673708 14.5017237345 15.5081347179 21.0535962392 26.0429129728 30.2972842369 8756.87458256 417.965498037 371.829518234 23.176940768 60.5165182802 15.1085383743 11.5145827767 424.465326207 668.258414139 205.117373852 150.129593354 23.1750602717 10.506725374 9.89853968027 26.1233354579 1162.80329741 1196.95106613 17.4386927434 17.3084046632 14.5521729537 9.33381727837
-9999.0 -9999.0 -9999.0 -9999.0 -9999.0 -9999.0 -9999.0 -9999.0 -9999.0 -9999.0 -9999.0 -9999.0 24.5452953181 316.109717546 798.639070369 870.793708904 1212.41842835 1234.47775606 327.035353855 236.017325024 69.3429423925 22.4767255763 91.2515656919 113.290923492 177.449046922 42.258768203 40.3754882448 36.8854772071 72.1278621578 35.165182968 35.2970053076 16.2882337606 10.6011421135 14.3628274468 8780.52961479 9211.24286284 9237.40020799 24.033259546 175.223575599 67.2634474024 20.6445648492 731.907194244 43.9709207036 22.4209405644 88.838672721 18.7687037505 17.7686136219 34.2296882281 50.2483851846 67.416926843 1228.48790443 15.3230490632 14.075129699 14.0790664344 11.0942058194
-9999.0 -9999.0 -9999.0 -9999.0 -9999.0 -9999.0 -9999.0 -9999.0 -9999.0 -9999.0 -9999.0 25.881745011 239.816822181 291.605508316 49.5050518041 13.7748887545 32.0536079494 1289.52827699 1311.98000134 1660.04144574 21.3241274057 43.662128437 20.6669357949 20.9377218492 198.462292183 261.706112068 322.200638478 20.2493276578 92.593713181 147.929486074 90.8868770545 36.0501738826 27.110493133 25.5604382812 28.1980530816 17.7076073767 9259.59466273 9280.43921149 9496.51701968 38.5262895696 19.4803611219 748.318408348 44.9386761379 22.9505008541 23.7523813929 23.5859309255 22.2631386283 40.2628028648 119.656665311 204.939439672 1448.59370171 12.9569078604 38.599216687 25.8654838857 21.9381254895
-9999.0 -9999.0 -9999.0 -9999.0 -9999.0 -9999.0 -9999.0 -9999.0 -9999.0 -9999.0 -9999.0 26.342402224 163.752387145 26.3031516899 24.4892812341 121.476936248 144.286420663 167.825585902 190.255812538 2247.54193112 2264.9469679 2303.77045601 2594.70029623 2655.71376344 2691.70614335 2713.30096404 3077.1728195 3124.51037603 3144.18477299 3313.02462371 3425.21850379 3445.1175943 3507.04171472 44.6002881287 41.1585944997 10.9988652834 14.2379758144 9301.06125464 9576.86147393 59.3844658415 869.370957349 850.677314941 87.4894331568 21.4620427193 21.6266368769 21.3107515138 20.8242425295 41.896309143 61.5337235 19.5067670121 1463.47427848 1478.7118933 1556.85914761 1570.21251869 1604.66707049
-9999.0 -9999.0 -9999.0 -9999.0 -9999.0 -9999.0 -9999.0 -9999.0 -9999.0 -9999.0 -9999.0 83.3467174936 110.418665374 52.3818982191 77.8381958022 25.2129357716 283.677880061 308.126444743 356.309695169 374.916962915 158.799546255 2492.69953779 2510.21214448 18.7279026719 14.631266995 12.3309695756 28.2027506775 13.1119999191 10.8788111282 10.1351705496 11.8135215837 3460.88890586 3524.11311958 3587.55029761 3646.13975997 3698.01493299 24.5888939632 11.2581155446 10504.2376422 907.270244517 888.517942402 19.7196086552 19.4340606316 18.8513894675 40.7421123145 40.5087127614 18.9083641753 18.7497102652 17.9285617793 37.2490933607 52.3112852709 12.3339663615 22.8726621943 9.3883161576 5.13652238009
-9999.0 -9999.0 -9999.0 -9999.0 -9999.0 -9999.0 -9999.0 -9999.0 -9999.0 -9999.0 -9999.0 -9999.0 56.0919670953 26.673652507 25.4783885346 235.381975487 260.25120566 24.8280433456 97.7815249022 120.48242242 140.778539338 22.0296733041 19.8985695897 391.964265382 409.981040954 426.806108089 1114.88004423 1127.92204131 1149.39057407 1253.68758296 1316.05351251 1325.7679223 8.92497082318 9.31464329813 10.4095211914 3727.54314085 13.835638231 10690.8161129 10666.8781347 145.078788821 125.162868788 77.1106297257 19.306591837 37.6630049037 59.8926846602 59.6029323648 37.4371193806 18.273107275 36.0064939071 35.5460261327 68.5927739166 9.13368583132 32.1613222453 54.6646094236 65.3434439181
-9999.0 -9999.0 -9999.0 -9999.0 -9999.0 -9999.0 -9999.0 -9999.0 -9999.0 -9999.0 -9999.0 -9999.0 28.5275855867 81.1050309354 106.788931969 184.877757305 24.9857018893 50.2623549609 74.6019995612 275.929982945 295.506517161 308.504358674 329.095235766 352.584868764 569.887461097 637.530833581 673.2711024 13.3079668973 82.1917917436 94.256562678 1284.96307956 1337.00322787 1357.63196807 1378.34976768 1400.06016445 5142.94774262 15.2587904778 10747.1470591 25.8582400847 10.7859354701 106.047555056 92.8249017205 13.6624232508 54.4537937093 76.876577433 76.5531701984 53.6350957339 88.0087454169 139.199846415 51.408963448 135.063894869 11.5375107397 15.41707372 4.6011659168 3.72192860241
