data/baseflow/mHMbf_acc471.asc
ncols                  80
nrows                 72
xllcorner      4374000.0
yllcorner      5656000.0
cellsize            500
NODATA_value       -9999
[rows 0 to 24 of 72, columns 0 to 54 of 80]
-9999.0 -9999.0 -9999.0 -9999.0 -9999.0 -9999.0 -9999.0 -9999.0 -9999.0 -9999.0 -9999.0 -9999.0 36.6235461399 24.5784306157 -9999.0 -9999.0 -9999.0 -9999.0 -9999.0 -9999.0 -9999.0 -9999.0 -9999.0 -9999.0 -9999.0 -9999.0 -9999.0 -9999.0 -9999.0 -9999.0 -9999.0 -9999.0 -9999.0 -9999.0 -9999.0 -9999.0 -9999.0 -9999.0 -9999.0 -9999.0 -9999.0 -9999.0 -9999.0 -9999.0 -9999.0 -9999.0 -9999.0 -9999.0 -9999.0 -9999.0 -9999.0 -9999.0 -9999.0 -9999.0 -9999.0
-9999.0 -9999.0 -9999.0 -9999.0 -9999.0 -9999.0 -9999.0 -9999.0 -9999.0 -9999.0 -9999.0 -9999.0 75.0868729704 150.865129431 21.3544543404 -9999.0 15.3377065576 -9999.0 -9999.0 -9999.0 -9999.0 -9999.0 -9999.0 -9999.0 -9999.0 -9999.0 -9999.0 -9999.0 -9999.0 -9999.0 -9999.0 -9999.0 -9999.0 -9999.0 -9999.0 -9999.0 -9999.0 -9999.0 -9999.0 -9999.0 -9999.0 -9999.0 -9999.0 -9999.0 -9999.0 -9999.0 -9999.0 -9999.0 -9999.0 -9999.0 -9999.0 -9999.0 -9999.0 -9999.0 -9999.0
-9999.0 -9999.0 -9999.0 -9999.0 -9999.0 -9999.0 -9999.0 -9999.0 -9999.0 -9999.0 38.4039373563 37.0243586588 38.1820032867 36.46854941 221.405160446 246.419972012 43.4768671653 13.7966889299 -9999.0 -9999.0 -9999.0 -9999.0 -9999.0 -9999.0 -9999.0 -9999.0 -9999.0 -9999.0 -9999.0 -9999.0 -9999.0 -9999.0 -9999.0 -9999.0 -9999.0 -9999.0 -9999.0 -9999.0 -9999.0 -9999.0 -9999.0 -9999.0 -9999.0 -9999.0 -9999.0 -9999.0 -9999.0 -9999.0 -9999.0 -9999.0 -9999.0 -9999.0 -9999.0 -9999.0 -9999.0
-9999.0 -9999.0 -9999.0 -9999.0 -9999.0 -9999.0 -9999.0 -9999.0 -9999.0 37.3152120162 75.434272594 149.210039809 73.8628061486 36.0285553195 71.1209429319 281.546890933 362.377606787 17.1210173137 -9999.0 38.0814812199 -9999.0 -9999.0 -9999.0 -9999.0 30.4159881398 15.1362327762 -9999.0 -9999.0 -9999.0 -9999.0 -9999.0 -9999.0 -9999.0 -9999.0 -9999.0 -9999.0 -9999.0 -9999.0 -9999.0 -9999.0 -9999.0 -9999.0 -9999.0 -9999.0 -9999.0 -9999.0 -9999.0 -9999.0 -9999.0 -9999.0 -9999.0 -9999.0 -9999.0 -9999.0 -9999.0
-9999.0 -9999.0 -9999.0 -9999.0 -9999.0 -9999.0 -9999.0 -9999.0 39.3959920787 114.662152319 150.729523275 187.087995798 258.25706412 34.8242936168 139.874584132 174.736455731 591.462921762 31.2224456607 35.5514696017 73.3929970696 107.590134128 35.1727419863 -9999.0 85.7494051896 69.9802747557 20.9512668988 -9999.0 -9999.0 -9999.0 -9999.0 -9999.0 -9999.0 -9999.0 -9999.0 -9999.0 -9999.0 -9999.0 -9999.0 -9999.0 -9999.0 -9999.0 -9999.0 -9999.0 -9999.0 -9999.0 -9999.0 -9999.0 -9999.0 -9999.0 -9999.0 -9999.0 -9999.0 -9999.0 -9999.0 -9999.0
-9999.0 -9999.0 -9999.0 -9999.0 -9999.0 -9999.0 40.369965826 37.3879984092 36.9667760105 37.1433611002 37.2136657997 261.443963983 555.622422208 591.503754876 624.837072721 32.8583304602 656.603137484 690.159627602 70.212411551 34.1835856124 141.135153814 244.736978931 33.354948939 185.612482461 37.2046283793 35.6617427925 38.6828637051 -9999.0 -9999.0 -9999.0 -9999.0 -9999.0 -9999.0 -9999.0 -9999.0 -9999.0 -9999.0 -9999.0 -9999.0 -9999.0 -9999.0 -9999.0 -9999.0 -9999.0 -9999.0 -9999.0 -9999.0 -9999.0 -9999.0 -9999.0 -9999.0 -9999.0 -9999.0 -9999.0 -9999.0
-9999.0 -9999.0 -9999.0 -9999.0 -9999.0 -9999.0 80.2708410389 118.298885743 267.381727285 376.853479321 35.1127637308 35.7913699583 34.6867469823 102.932658023 760.610481895 31.9506714888 723.770463017 854.21999171 102.773448899 66.7993137076 277.420139075 34.3293743301 220.04609126 70.4616899672 35.9845481797 71.3456421895 76.0009901932 37.5007655331 37.3950626689 37.2560623927 37.619373508 75.8170504631 -9999.0 -9999.0 -9999.0 -9999.0 -9999.0 -9999.0 -9999.0 -9999.0 -9999.0 -9999.0 -9999.0 -9999.0 -9999.0 -9999.0 -9999.0 -9999.0 -9999.0 -9999.0 -9999.0 -9999.0 -9999.0 -9999.0 -9999.0
-9999.0 -9999.0 -9999.0 -9999.0 -9999.0 40.3838458263 79.6302957075 38.6573330467 75.9219206884 414.24761197 485.947106746 557.206217505 1727.6944431 34.1399597854 794.679824137 2775.247994 2800.10890206 3695.4519887 26.256700807 99.86772364 310.454888055 32.9660573866 610.793632188 357.105257891 218.583107618 183.307437995 36.8646736502 111.685424829 109.901752247 73.626613655 36.2999917314 113.096021155 36.679486281 36.7385462174 -9999.0 -9999.0 -9999.0 -9999.0 -9999.0 -9999.0 -9999.0 -9999.0 -9999.0 -9999.0 -9999.0 -9999.0 -9999.0 -9999.0 -9999.0 -9999.0 -9999.0 -9999.0 -9999.0 -9999.0 -9999.0
-9999.0 -9999.0 -9999.0 -9999.0 -9999.0 40.5087748642 119.028285902 237.343875583 274.639965089 543.931326819 580.213082828 691.637871394 1136.50242959 1820.26474949 1886.77089327 1917.38813663 60.9743489457 3803.81069051 3860.07026403 4023.86504603 5078.67203921 710.881489689 644.891111037 252.833315418 34.0159178488 217.50286104 147.359648157 35.4863247028 144.127108739 33.2151396198 68.3870971714 184.161321844 219.519881557 72.2778637402 35.4765840753 35.9709873425 -9999.0 -9999.0 -9999.0 -9999.0 18.2179332379 15.0409650286 -9999.0 -9999.0 -9999.0 -9999.0 -9999.0 -9999.0 -9999.0 -9999.0 -9999.0 -9999.0 -9999.0 -9999.0 -9999.0
-9999.0 -9999.0 -9999.0 -9999.0 -9999.0 40.0888573143 38.9423788662 156.941082811 194.269778686 232.410587162 37.5687823309 74.8653525647 418.708085841 74.0476436156 36.3464896047 35.2321891516 32.6165691699 35.7885052866 35.5036500851 34.760786472 5112.4130803 5211.76090851 32.9969970302 100.861534036 67.961844627 251.320557116 70.3900089273 34.7745720953 179.38147564 65.5321462199 156.628988215 390.90738722 361.870391599 107.603559249 107.56868812 35.6152623509 35.8399016604 -9999.0 -9999.0 36.072091525 44.0901591417 90.5081790688 15.7966815385 -9999.0 -9999.0 -9999.0 -9999.0 -9999.0 -9999.0 -9999.0 -9999.0 -9999.0 -9999.0 -9999.0 -9999.0
-9999.0 -9999.0 -9999.0 -9999.0 -9999.0 -9999.0 40.3106115978 39.5719976246 78.9942624407 117.837243854 269.331850603 345.32979403 383.281284986 38.7264457731 34.6914643029 440.084700292 544.390385996 578.747857033 717.685244805 751.766730856 33.9403585483 5245.02081925 5411.45002749 133.653322205 30.5606254963 284.039490146 636.469383155 248.607241933 67.1364267787 33.1655066818 611.660414495 424.07284497 33.4258528395 33.6256857883 141.339760749 105.48268429 34.8726055253 36.3318152465 34.9971647161 70.563429396 34.6612025022 110.426700778 144.953829914 34.6852559371 -9999.0 -9999.0 -9999.0 -9999.0 37.5723821554 36.7191848994 10.1048528657 -9999.0 -9999.0 -9999.0 -9999.0
-9999.0 -9999.0 -9999.0 -9999.0 -9999.0 -9999.0 -9999.0 40.5442408012 37.4187749317 75.8520611867 114.114009096 38.4657572457 37.3690543497 224.439807754 297.607263027 370.90534069 35.0539291725 70.4398616522 34.4659867076 785.119655756 1715.92797656 1734.15114836 7204.70171031 33.7601077565 92.0466457843 30.019660043 669.913757471 33.1934491994 100.718373608 33.0508375369 644.911057306 677.773466436 66.6434262833 66.4833238326 350.128921046 174.798985975 70.8267729484 35.4411181936 70.3136649567 105.33783888 174.189225144 34.6559163707 216.693798521 254.002059411 35.8913484588 36.9385463348 37.6176036333 36.5856460198 35.6895023985 109.532127102 42.3789542325 27.7748168029 -9999.0 -9999.0 -9999.0
-9999.0 -9999.0 -9999.0 -9999.0 -9999.0 -9999.0 -9999.0 -9999.0 77.4835412443 114.650360353 38.2816308479 76.6782532387 113.624522213 189.034415539 37.7164045622 37.3458237598 34.8181275971 35.5118927049 34.323322986 863.103818433 34.6714302445 68.9335710972 7295.7698296 7378.88010879 53.4226951851 196.109306524 900.977957371 65.4073126311 132.235005562 64.8533363863 96.0119086717 807.525837109 98.2936417876 514.301650932 415.905935485 32.9844361569 172.91937872 69.0323359434 104.058423579 33.8721189264 209.002763434 279.873737625 315.089521143 349.608476022 393.576896877 70.0282228868 71.6075707807 69.7547485333 67.8388368746 142.458498326 31.805382505 102.258929605 132.631540468 -9999.0 -9999.0
-9999.0 -9999.0 -9999.0 -9999.0 -9999.0 -9999.0 -9999.0 -9999.0 39.2406609304 192.236359397 230.105120478 38.0682802887 75.4243393364 37.4297156041 36.7655271911 36.0650922632 438.846499952 588.597746602 721.528656181 844.169601637 31.3654459428 34.4943488117 42.852303339 7540.90136904 7626.85782282 7675.70938222 1218.32611392 266.587574364 231.097242995 32.8720256066 128.578341894 967.789561091 32.6387260317 546.456404712 32.4430265437 221.835966643 206.93261971 33.3626063721 137.345242432 67.1743924211 100.273096842 35.8777963336 34.7181185285 383.961467834 417.15589527 426.686488387 105.507070674 103.103827488 100.808332317 174.555795144 237.912897305 31.4649780604 162.851600845 30.2337287268 59.8241591823
-9999.0 -9999.0 -9999.0 -9999.0 -9999.0 -9999.0 -9999.0 -9999.0 -9999.0 38.658423017 268.08210524 306.037999126 113.154354052 187.93321839 261.023850723 297.319583568 36.42538844 114.801957578 75.2819916916 36.2624534947 37.102464994 35.4669840093 72.026984382 130.10556738 52.8086034301 8991.30234668 9044.01658195 50.582445827 35.5399636697 64.0938715518 95.5647845512 1062.42260109 63.5914962605 577.762693014 345.2402959 282.257550465 32.9206425368 66.0996972449 169.89799899 32.2448064071 132.308835671 67.7668978711 66.4451537941 32.6895788799 514.523811917 971.92045805 134.748685902 132.573814345 130.92793819 29.5503132656 267.299362604 29.1904104252 222.928915696 29.1722757584 89.2357900147
-9999.0 -9999.0 -9999.0 -9999.0 -9999.0 -9999.0 -9999.0 -9999.0 -9999.0 -9999.0 37.103189321 380.896465653 37.8017096166 75.3467464538 111.278996732 185.841815905 38.9519062377 78.9958371703 39.2963136525 39.0641545117 37.273418872 74.0511246978 35.6933943895 42.3029183046 96.4073549886 54.9075338908 9090.50256983 9188.54554196 9326.16134151 133.034697562 31.5194503214 62.6753223322 1093.60481701 1080.5677152 409.231140001 31.9284070073 131.204930916 98.7121731666 202.541656815 64.838522235 263.927054511 99.5883672797 98.0758105831 30.9333119418 32.7664588587 1006.1888312 1038.3218706 1336.1535189 221.340576401 60.1114226792 298.149150609 357.154091769 608.722833114 57.8866914921 28.0663323491
-9999.0 -9999.0 -9999.0 -9999.0 -9999.0 -9999.0 -9999.0 -9999.0 -9999.0 -9999.0 -9999.0 20.1459303883 426.176796065 37.3460815182 73.0038354866 333.248344706 38.9720116308 39.1766437618 36.5735521437 75.6450006195 35.0805781337 144.186699972 214.582001783 249.189758574 132.743331486 179.224153142 52.8694985002 55.2684944078 47.6684502332 9532.58185681 9634.00897279 1123.62214007 1139.86960595 1110.27288149 62.927401755 31.4075733059 162.345772864 427.579699412 234.209732031 96.6680191782 391.672547699 217.72817927 187.194120766 60.3574938202 29.5325847421 29.2878852416 29.2995877149 1459.54447236 1773.53427873 29.1522824892 28.6694365934 28.6759127489 636.710165782 721.931822441 54.1354596629
-9999.0 -9999.0 -9999.0 -9999.0 -9999.0 -9999.0 -9999.0 -9999.0 -9999.0 -9999.0 -9999.0 19.1100898711 473.058791082 583.656863112 35.6357065876 404.513612642 37.0736707647 36.7183391654 71.5018747637 182.109865908 35.1398013816 35.8521470776 34.2015080493 318.962380943 353.348539853 566.54447001 656.153423151 699.792114388 748.736408179 795.353828628 10473.4906207 11685.1746824 12909.5655416 12942.9741742 36.6076191328 31.3983373839 489.708649512 458.999427335 31.0777010541 30.8500737224 421.18366145 669.468037706 29.3284714444 370.242326466 341.714580443 121.218823354 60.1960079143 92.1115056687 33.1943600889 1835.84445093 31.411628754 88.0247305098 115.658786427 926.312761567 1005.7315469
-9999.0 -9999.0 -9999.0 -9999.0 -9999.0 -9999.0 -9999.0 -9999.0 -9999.0 -9999.0 -9999.0 38.5930199676 74.6993575873 619.50225047 688.551505018 34.6357311063 466.895187579 34.5871257141 104.717650854 215.745632496 68.8680482978 33.7181523298 68.9038791106 33.8249759148 65.4174810624 31.5251430477 30.8757964809 29.3988372366 28.4998480495 30.8352830855 36.2875695367 45.1947729712 51.1155483756 51.5310881881 13069.3116615 657.005821586 577.321783753 41.2164142741 92.6592674597 23.371570004 19.176501228 699.449344205 1159.71297205 401.18220265 283.002207005 61.3790578674 30.9268032165 30.3192933616 61.5447965659 1928.86563766 1990.51936286 31.3455757367 31.2873488846 30.9336354509 26.1950954788
-9999.0 -9999.0 -9999.0 -9999.0 -9999.0 -9999.0 -9999.0 -9999.0 -9999.0 -9999.0 -9999.0 -9999.0 36.5916450854 457.41009038 1181.21505509 1286.88692373 1785.74662328 1810.67432746 481.794431678 352.720193605 103.220366956 33.5824741294 135.375015784 167.926078675 264.877410819 63.6540081758 62.5052006625 61.1856716061 121.030303067 61.9944842381 66.9919097742 29.4242430256 28.8502413034 36.2984137709 13109.1319128 13786.1051264 13829.0257955 44.9897250431 281.827525759 103.800017439 31.0800864523 1251.66878522 62.801339099 31.9195845397 130.877829858 31.1927884431 32.8594304907 64.8653162927 94.6274975065 125.314098186 2048.2122698 28.2397601485 26.4671044669 26.4627516889 24.2139131024
-9999.0 -9999.0 -9999.0 -9999.0 -9999.0 -9999.0 -9999.0 -9999.0 -9999.0 -9999.0 -9999.0 37.8840714619 347.661264028 421.840296532 70.8781413634 21.5306776568 51.4324509121 1895.91531059 1923.76440015 2429.17881048 32.0397468335 65.4497772183 31.038109271 31.5738705807 296.016604147 390.799028087 483.949352879 30.4911430595 151.680273713 243.771143795 155.73212223 59.1580860731 57.3168968447 62.8763118508 69.2395457785 42.8418813218 13866.9317611 13904.8651013 14263.4068376 58.5244587274 29.4925430045 1270.31585008 65.3024722262 33.183518698 33.8070702422 33.4186377552 32.7467773358 66.7262136066 193.372505248 350.49596777 2427.1146357 24.7496467529 73.9161516395 49.5365702003 45.9550828231
-9999.0 -9999.0 -9999.0 -9999.0 -9999.0 -9999.0 -9999.0 -9999.0 -9999.0 -9999.0 -9999.0 38.5443230979 235.445982101 37.5166500417 35.4290216667 174.689396654 207.490592188 241.807323182 275.295665765 3289.577296 3317.30641991 3377.79216901 3820.73373103 3919.15955428 3983.41015792 4015.19241147 4585.82357772 4670.21312323 4699.89699254 4974.43503468 5160.84287545 5190.62781167 5305.55151191 91.812389028 96.3956779388 34.3041453139 42.6662871524 13942.8258834 14396.2470166 92.638742366 1441.55996244 1415.23265587 128.590150778 32.0213857541 32.8173365339 32.6366800338 31.4405514733 63.2359669241 94.8173413971 32.5810934973 2455.02993559 2483.47191564 2633.22876026 2658.92800103 2729.41069213
-9999.0 -9999.0 -9999.0 -9999.0 -9999.0 -9999.0 -9999.0 -9999.0 -9999.0 -9999.0 -9999.0 119.336251632 158.147557983 75.3117245409 111.685640295 36.0548961835 413.791152009 449.398403159 519.221832027 551.690413668 237.846406168 3663.38392358 3692.10663704 35.1783973268 32.9253645252 32.3132644518 65.4998187442 31.5188064977 29.1094402387 27.9326311928 28.0346997482 5219.34951098 5334.37512508 5451.5041903 5571.99819097 5722.79360878 82.9631739556 36.3168676925 15936.7516043 1500.90120686 1468.27125752 29.703409165 29.7895923353 29.3318284868 63.009447832 63.094200954 29.897094008 29.5490576551 28.747076404 61.1760222893 88.6150766627 25.2790325046 48.0975773971 21.4010572173 20.9466393268
-9999.0 -9999.0 -9999.0 -9999.0 -9999.0 -9999.0 -9999.0 -9999.0 -9999.0 -9999.0 -9999.0 -9999.0 80.6628048044 38.2269667705 36.9352786542 343.632333314 379.633535649 35.894214965 143.380487323 176.8794836 209.825688333 34.7138483998 35.5006476826 613.333859229 647.180194165 680.622377585 1737.60517076 1768.96790002 1828.16587869 2063.15099956 2238.22501756 2266.31790973 25.2488607571 25.7434805119 23.9712598757 5780.63960221 32.29747872 16268.528477 16211.7006193 238.736435402 203.51116587 117.85271486 29.7456877111 58.8071262555 93.0812636941 92.9602368889 59.0493582522 28.7415753881 57.3762688412 57.1881568441 115.774268522 17.8117279729 68.8177975174 116.369230698 159.218176123
-9999.0 -9999.0 -9999.0 -9999.0 -9999.0 -9999.0 -9999.0 -9999.0 -9999.0 -9999.0 -9999.0 -9999.0 41.075606164 118.530609267 155.952764369 270.534629556 37.0151662151 74.1034716406 109.745357892 407.994717903 440.419196729 470.346544971 505.236856633 543.167225688 844.420224968 955.187113732 1025.36751148 32.8813822351 173.433493036 205.290864696 2153.65283851 2297.17073123 2350.4785016 2403.16047818 2460.66268081 8270.89712165 22.7176118841 16389.7725015 72.655140621 33.639071756 174.47383951 145.791183318 26.4055749643 86.1186382076 120.503780007 120.285867829 85.8941625963 141.374917868 224.608261845 83.88143253 225.589553524 23.3581030166 41.2069044735 19.9664364567 16.6384666207
