data/baseflow/mHMbf_acc433.asc
ncols                  80
nrows                 72
xllcorner      4374000.0
yllcorner      5656000.0
cellsize            500
NODATA_value       -9999
[rows 25 to 49 of 72, columns 0 to 54 of 80]
-9999.0 -9999.0 -9999.0 -9999.0 -9999.0 -9999.0 -9999.0 -9999.0 -9999.0 -9999.0 -9999.0 -9999.0 20.6014111647 40.6743802778 19.2204302728 38.2752469258 17.0378479967 129.85699925 162.479731312 179.180045258 15.2898532031 30.4821043875 285.879227746 356.878804576 369.545319679 23.6356461679 19.9276787322 29.5133757029 6.95946174896 6.34777004085 11.7831515969 5.01626493518 421.233756263 427.573571536 430.265727027 3458.47722024 6803.89441111 6774.20692435 6.32431109715 3.29209289896 3.04985705543 16.5665697158 13.644637242 33.1904826152 46.1430796236 91.8336290617 8.63536226057 8.5806940047 77.7497857952 85.9578201477 165.212470379 168.844483477 181.658511623 184.542537404 2.40163389299
-9999.0 -9999.0 -9999.0 -9999.0 -9999.0 -9999.0 -9999.0 -9999.0 -9999.0 -9999.0 -9999.0 -9999.0 -9999.0 19.5963182158 39.3464780968 59.1456157858 94.7629929316 18.0204343472 16.5707147842 112.914580877 128.141274083 256.458457772 272.364549807 45.522319842 13.2886138813 11.0254320963 9.81833112851 385.150210449 392.217708441 399.283719748 404.94537492 415.395296923 67.701147159 70.9427189975 503.407581974 10769.7913117 24.121040389 17.4761399606 9.58551873507 2.73335335068 2.47872049634 22.1339365633 23.8482188519 38.3157036123 2.79727567189 96.0182454223 14.977111641 14.7606918175 2.85738505868 1.61909895473 1.26539635167 1.12137439964 1.24931456271 186.283272432 2251.87478789
-9999.0 -9999.0 -9999.0 -9999.0 -9999.0 -9999.0 -9999.0 -9999.0 -9999.0 -9999.0 -9999.0 -9999.0 -9999.0 -9999.0 19.3436543157 35.3711523405 49.5579559398 63.4612746306 79.9341054255 96.8887226656 48.4520419204 81.6952176574 15.6727477297 15.0023842747 324.612879254 352.398094005 364.481711135 376.888061521 8.26037310625 15.0075125359 43.5944386501 52.5918983421 61.1553492551 4.34113620339 2.22022224 10783.2473193 5.92157222885 5.11205800223 2.5514459736 12.136888595 6.02727200534 2.29705156549 64.3240138167 65.8554809999 1.31378552633 97.4161927951 113.792890473 16.4534019189 2319.30874727 2315.13193716 2312.030773 2306.49488924 2304.34118025 2268.97696961 2267.11218985
-9999.0 -9999.0 -9999.0 -9999.0 -9999.0 -9999.0 -9999.0 -9999.0 -9999.0 -9999.0 -9999.0 -9999.0 -9999.0 -9999.0 4.30445617733 9.37276868057 14.2000368541 139.350624031 156.122899943 16.9690123591 16.1702110562 16.578743673 265.091590106 296.889969458 15.0719359887 15.0588102528 12.1825605202 51.0025297315 63.2283598179 26.8375303708 36.8879419026 293.003632787 302.22783144 313.508366015 487.812555657 11275.4224347 5.1619642471 1.95317170397 18.7940686142 15.752067414 1.9947346261 6.35847841851 8.22401398699 67.6783702188 69.0891987142 187.028365114 115.361446704 19.9905960984 2359.44323243 11.3256482774 2309.37725285 2308.00464557 33.2622510316 2.93535344979 12.1483106709
-9999.0 -9999.0 -9999.0 -9999.0 -9999.0 -9999.0 -9999.0 -9999.0 -9999.0 -9999.0 -9999.0 -9999.0 -9999.0 -9999.0 20.8234208462 34.6799132339 70.5724179678 123.343004067 169.01663241 201.826020329 217.955925053 234.541374548 250.486974935 15.635024095 13.3266482683 26.6854976042 25.2915512497 13.4075859721 252.591590693 264.517295502 275.305065435 285.78022146 159.987976752 166.063763575 171.752807719 11279.2347568 9.71141910676 4.34429380658 26.5802655193 3.83747813761 3.59865405748 1.84475065904 1.74789348279 9.85845297978 1.17610364325 1.22520087953 2553.21747559 2365.19438957 2363.90480069 4.85286639309 10.0223111073 6.56967457696 1.5443038428 29.1014554917 8.15738281572
-9999.0 -9999.0 -9999.0 -9999.0 -9999.0 -9999.0 -9999.0 -9999.0 -9999.0 -9999.0 -9999.0 -9999.0 -9999.0 -9999.0 14.2399202381 13.663495013 27.0032307868 40.3596394478 17.3610356361 19.2435926893 36.4190682216 53.0616471602 84.8209809747 100.396832469 113.338242073 153.184148422 164.3920503 177.975952861 11.7809525434 121.226249426 131.604131179 142.131510152 9.0121137424 7.6171855908 12.954127634 11468.3180977 11471.9083303 11487.0770559 38.7668713249 8.52842911431 5.57295188338 1.49599672098 3.05043815822 11.1940121301 13.4718910331 2.19216731138 2558.39589086 1.47563276211 2.47073587843 2.81636939906 1.86310315927 3.81319163541 1.54358754729 19.3707432905 15.4783394875
-9999.0 -9999.0 -9999.0 -9999.0 -9999.0 -9999.0 -9999.0 -9999.0 -9999.0 -9999.0 -9999.0 -9999.0 -9999.0 -9999.0 -9999.0 13.2960037604 25.9827156357 12.0019635069 24.4672787948 154.200335354 168.605441864 184.113603118 15.7498569099 15.7490570652 28.7668524262 42.4051117541 64.9614010108 77.5175490195 86.7498081758 98.0497599946 9.43396398164 9.27864520281 155.906372419 163.243492105 167.958110013 172.223426569 149.245961503 11654.0883674 11716.1922621 11720.3500219 11729.6685908 11742.1582795 11746.3054563 0.995071147581 14.5099340249 2559.33178315 2.01811759129 1.03317329463 1.09689534219 1.13927941914 2.07607946253 2.2411716074 1.2957432741 2.05296376288 2.00933246881
-9999.0 -9999.0 -9999.0 -9999.0 -9999.0 -9999.0 -9999.0 -9999.0 -9999.0 -9999.0 -9999.0 -9999.0 -9999.0 -9999.0 -9999.0 -9999.0 38.5215716758 51.0468983144 88.542036066 116.743007276 14.5995595145 216.280219393 231.59000106 245.717915317 13.3187358745 25.989187948 10.6096311541 85.0454008209 93.72264136 104.759663323 114.76180189 142.499813492 148.442034332 4.04459851241 133.330898009 141.623818717 145.322941231 163.213131598 19.5685175961 11.1818880098 6.13923936553 6.10683575132 11750.4369845 11751.7860213 11775.2886502 2560.1122902 5.7962170555 3.10176850415 2.03459388438 0.765146689194 6.70141731884 3.66389212636 1.12995704707 6.46222845925 5.49972685056
-9999.0 -9999.0 -9999.0 -9999.0 -9999.0 -9999.0 -9999.0 -9999.0 -9999.0 -9999.0 -9999.0 -9999.0 -9999.0 -9999.0 -9999.0 -9999.0 12.9842039713 63.7436861522 76.8331131827 15.5644565541 16.5326987248 33.9864771183 49.8437094752 310.03842753 13.2302048487 52.9299933468 64.2872829618 75.1083519589 8.82138505482 19.3226171601 27.3958518502 104.29164179 117.340607164 121.087423285 4.2221430798 4.35392240333 5.48462581952 10.1518041311 4.68769526724 4.91152627128 4.72649472243 5.8811865635 4.83434923656 8.01226963205 11776.791723 14340.2248758 6.90790882048 2.61079850072 0.736019490915 21.3548422248 19.686957421 11.8475183443 10.702724462 8.10080654074 1.95630782748
-9999.0 -9999.0 -9999.0 -9999.0 -9999.0 -9999.0 -9999.0 -9999.0 -9999.0 -9999.0 -9999.0 -9999.0 -9999.0 -9999.0 -9999.0 11.74500684 36.1650579275 11.6220588121 17.1137836325 18.0328955402 34.2357103991 50.7241090667 64.1611292352 384.917183261 397.726583437 13.1408936022 24.7056038984 36.4826937555 46.6376692395 57.3913309268 93.2182983696 99.6123180245 8.21766890948 6.40202261258 5.4735383571 3.23526224588 4.65241199178 5.62486037948 5.6254740505 9.26829199481 14.9011988754 7.43210924221 1.13959112282 1.09654101038 1.08570822437 2.04239498499 14407.2911964 56.1981529372 25.0598031472 1.99157021716 0.963571946355 0.67663115204 2.56840330869 1.83046889641 0.977071354179
-9999.0 -9999.0 -9999.0 -9999.0 -9999.0 -9999.0 -9999.0 -9999.0 -9999.0 -9999.0 -9999.0 -9999.0 -9999.0 -9999.0 12.4961794614 23.8624059545 83.0529607217 11.1192687319 31.1132413803 48.6961273685 64.84879132 16.6061711975 31.1303044775 43.3986984434 450.806808311 12.4831988866 23.2789535946 34.0248172431 10.9508490239 21.8071376816 29.736938598 36.0396690583 798.467451137 808.794323442 817.351176117 844.501262596 858.422267109 881.488775349 6.73604656219 17.7047933224 17.0482218106 943.395763539 945.574875122 1.00705947274 1.82429972836 2.60630907723 14408.4944551 49.9696454577 22.3194019115 21.0564988145 17.2260223611 15.2242576914 3.39453211672 0.77935623815 1.63647619898
-9999.0 -9999.0 -9999.0 -9999.0 -9999.0 -9999.0 -9999.0 -9999.0 -9999.0 -9999.0 -9999.0 -9999.0 -9999.0 -9999.0 12.6705346951 38.2770168749 133.749739788 198.192763328 9.7611559084 256.556659998 332.307547009 15.6384726537 30.0142875627 42.9352401728 572.572059106 582.249796944 8.02131192975 49.9552811236 57.8957214525 67.1712096711 731.259869794 748.798224989 756.820720165 3.66171976878 20.5632789813 24.1900455449 8.6762958316 11.8582914334 898.638314581 920.984751435 923.183284391 925.201402293 947.700418389 1.03193978688 0.894685302001 4.21793022257 14409.56599 1.26593520816 0.928828305579 2.78945210091 1.05919988268 13.6545651295 10.9439518514 6.47269630267 4.697991832
-9999.0 -9999.0 -9999.0 -9999.0 -9999.0 -9999.0 -9999.0 -9999.0 -9999.0 -9999.0 -9999.0 -9999.0 -9999.0 -9999.0 -9999.0 -9999.0 26.437420082 53.1044759577 233.590988974 246.080767268 343.094789629 354.166324894 15.2484379977 30.4785783096 69.914839682 590.43478609 607.617943802 613.716474834 4.3501908581 637.12244645 655.667009253 10.7746922861 3.71834773511 7.36142754081 14.0073430548 3.24645670877 6.10936923051 12.8284834704 15.3932081205 2.81083129125 1.77186566796 3.3531703525 963.988541815 969.674762501 970.459661366 976.977483008 14410.5371124 0.988110993493 0.675732499583 0.791553058274 0.773549647563 0.79219767044 0.693834912566 1.30971173215 0.622555986344
-9999.0 -9999.0 -9999.0 -9999.0 -9999.0 -9999.0 -9999.0 -9999.0 -9999.0 -9999.0 -9999.0 -9999.0 -9999.0 -9999.0 -9999.0 -9999.0 13.7972487442 13.4652608152 12.8321718207 24.7880332159 10.366961162 374.982971584 385.01788878 13.5585887596 27.2452843727 11.5558257138 8.23554115902 7.8555757174 627.600625666 6.30548558715 12.7484768037 5.80560539392 4.17764594685 3.41651059959 2.47445120015 2.59432371864 7.90046674198 10.8897176866 1.96995254961 1.67904258435 3.63267779312 6.13539966232 10.3969634346 3.76852174386 971.905200389 977.746990747 14411.2775158 4.21381921281 2.11897098705 0.494780224034 1.1929661866 0.426879849525 0.348452997405 1.68174584311 3.23749589341
-9999.0 -9999.0 -9999.0 -9999.0 -9999.0 -9999.0 -9999.0 -9999.0 -9999.0 -9999.0 -9999.0 -9999.0 -9999.0 -9999.0 -9999.0 -9999.0 -9999.0 -9999.0 13.2184616553 36.6420224245 46.5625106868 56.7236094502 394.972619462 405.035180269 414.569583262 424.935677813 432.493981823 448.309432424 454.162927067 460.081817394 464.680611928 3.7205143243 3.39573776465 3.47302658751 11.3146141457 2.95874946106 2.75223019682 2.08850617831 5.95874294387 2.29900263002 1.7094282574 1.57746475745 1.37278948108 2.73938478371 3.89506911547 985.365882933 15401.6520926 1.05332469557 1.70916273594 0.42669902237 1.63983336652 0.899161762243 0.700131177197 7.66129949964 5.54593656882
-9999.0 -9999.0 -9999.0 -9999.0 -9999.0 -9999.0 -9999.0 -9999.0 -9999.0 -9999.0 -9999.0 -9999.0 -9999.0 -9999.0 -9999.0 -9999.0 -9999.0 -9999.0 -9999.0 10.8726190562 86.69971017 166.586371718 176.617938204 13.7038386174 27.2290941368 41.1369842889 51.3674419775 124.237201998 128.548204805 4.10742653765 3.9181742281 472.315557406 478.950111424 482.003636151 13.3149230366 1.57280536072 3.98349350525 5.90254462745 18.1713798446 22.4602779167 25.6890208878 2.94713202955 4.07587571488 1.34474583174 2.64094290015 1.34749190469 15404.0983739 0.690115719611 3.20130656767 0.986268277388 3.12582289198 7.69615598461 8.80790423471 16.9374071122 7.22567204615
-9999.0 -9999.0 -9999.0 -9999.0 -9999.0 -9999.0 -9999.0 -9999.0 -9999.0 -9999.0 -9999.0 -9999.0 -9999.0 -9999.0 -9999.0 -9999.0 -9999.0 -9999.0 12.2242917808 39.0714323578 76.1635251308 99.216033017 246.670883156 258.41623568 28.9187339393 42.7189237677 54.9951781304 65.1931181026 133.865725215 142.611492121 264.352225107 276.301264291 279.994374271 484.663805015 503.640639504 3.82781232009 2.61991922338 2.43624929375 4.53144686914 2.04365658949 29.7496521492 31.2652171706 5.34558017234 8.28504036688 1.80903621599 3018.6818291 3021.43473007 18426.8355365 18431.1514207 0.931652027339 5.11380488541 1.17977527761 0.774160472106 18.4887231809 26.2840161177
-9999.0 -9999.0 -9999.0 -9999.0 -9999.0 -9999.0 -9999.0 -9999.0 -9999.0 -9999.0 -9999.0 -9999.0 -9999.0 -9999.0 -9999.0 -9999.0 -9999.0 -9999.0 -9999.0 14.0027218847 13.4864422082 25.3465694364 59.6720835165 269.112927771 14.8775831686 14.7074828794 25.7086711817 38.4918553835 95.6659249821 103.813723982 8.59384934886 7.7645190469 284.590167203 287.106006398 793.805275261 796.438594287 1.25547572818 1.10837933812 0.908727756874 0.916757252694 1.07033691342 2982.92466288 2992.3918564 3004.33760108 3009.90020669 3016.2296401 1.47619885259 5.36760690616 6.13151205119 18439.3571819 18439.9970789 18442.1040157 18445.1661593 18448.4445164 27.3931925564
-9999.0 -9999.0 -9999.0 -9999.0 -9999.0 -9999.0 -9999.0 -9999.0 -9999.0 -9999.0 -9999.0 -9999.0 -9999.0 -9999.0 -9999.0 -9999.0 -9999.0 -9999.0 -9999.0 -9999.0 12.2546299596 12.8877622789 23.6459336172 315.068922467 325.359463714 14.4487945287 25.6948473505 38.8170831353 50.0768575798 10.1875928659 18.0329855342 722.695895155 725.985405633 731.400234353 764.979153212 1565.84325483 2923.2970457 2926.68471126 2929.6019745 2932.44740603 2945.74533667 2950.15157962 7.70912874842 3.3483093681 2.03820003234 3.79790891387 2.66305929611 4.2554922864 1.27851173721 31.5820939514 33.9442080057 36.2767423998 36.6543597472 18449.1376426 18478.0736624
-9999.0 -9999.0 -9999.0 -9999.0 -9999.0 -9999.0 -9999.0 -9999.0 -9999.0 -9999.0 -9999.0 -9999.0 -9999.0 -9999.0 -9999.0 -9999.0 -9999.0 -9999.0 -9999.0 -9999.0 -9999.0 12.4764072126 23.7318763209 35.0800907988 334.641112936 10.5705165077 453.006728324 466.580560057 477.22708315 486.298221849 688.908654087 697.326953042 3.53050089345 24.0794497618 28.5154511056 3.1618782681 1354.2729979 1348.47855516 1.64898674385 3.89824390016 10.6391944644 2.40109136671 2.48587436802 1.68965776768 1.39342668617 1.08572158226 1.24431933002 27.8267511311 29.1019422303 30.6587364912 1.74888379945 1.86449920841 37.5732336585 38.0064622199 38.2852819373
-9999.0 -9999.0 -9999.0 -9999.0 -9999.0 -9999.0 -9999.0 -9999.0 -9999.0 -9999.0 -9999.0 -9999.0 -9999.0 -9999.0 -9999.0 -9999.0 -9999.0 -9999.0 -9999.0 -9999.0 -9999.0 11.3044359885 10.4380607916 54.3439347435 409.998979893 430.881567023 441.372571161 11.2119788009 177.317599778 187.769728269 194.013263313 8.20453682165 12.1830069412 15.174486166 311.449736397 313.959885308 316.048043177 1344.85512539 832.621813807 2.12367116263 2.29776487581 2.19188145949 1.64338223363 17.4821260729 20.6803251223 23.4772670639 25.0081825029 26.4768386301 274.539890046 275.588040879 278.305763971 285.503109027 300.196830845 300.581877747 339.229282443
-9999.0 -9999.0 -9999.0 -9999.0 -9999.0 -9999.0 -9999.0 -9999.0 -9999.0 -9999.0 -9999.0 -9999.0 -9999.0 -9999.0 -9999.0 -9999.0 -9999.0 -9999.0 -9999.0 -9999.0 -9999.0 -9999.0 21.9464915556 33.4788417948 10.9095790583 14.903774576 138.53985011 150.11740007 157.604149478 62.6470599364 69.8921589847 77.3667387686 81.4464088611 305.776124522 309.530352525 189.141092924 507.836934388 510.253840595 830.928381106 4.54678133526 2.32678086718 1.57854164823 12.2397053673 14.2941882241 1.128266152 1.04099801629 269.942927619 272.443212332 273.596698145 2.84071103604 4.85469217127 298.693632158 0.697427909955 2.31775560744 2.5901748978
-9999.0 -9999.0 -9999.0 -9999.0 -9999.0 -9999.0 -9999.0 -9999.0 -9999.0 -9999.0 -9999.0 -9999.0 -9999.0 -9999.0 -9999.0 -9999.0 -9999.0 -9999.0 -9999.0 -9999.0 -9999.0 -9999.0 10.9365542769 21.5962379516 88.006301621 99.1510669365 111.161271897 47.3774918802 55.5064519593 7.4356503153 208.698922257 215.081959164 220.777424656 4.27776233559 182.278011425 186.219493793 2.62370080127 818.87085538 5.34820852952 2.69342305105 6.71281655871 9.04893000309 1.65284408937 1.33749210124 256.582826865 267.72489928 269.175402447 1.57339178339 3.28490465588 4.17295474976 5.10672097284 10.3420271794 0.873379516607 1.89723219356 0.38402099143
-9999.0 -9999.0 -9999.0 -9999.0 -9999.0 -9999.0 -9999.0 -9999.0 -9999.0 -9999.0 -9999.0 -9999.0 -9999.0 -9999.0 -9999.0 -9999.0 -9999.0 -9999.0 -9999.0 -9999.0 -9999.0 -9999.0 10.7774855865 33.3970681027 56.3955628576 12.2388600078 26.2495383127 37.839902785 178.920152748 188.080770727 195.028373073 6.29084932093 152.645623215 170.437603971 175.005767151 3.35136774664 807.516433346 813.878905849 2.8604874602 2.5533882427 4.95856623426 1.90161681877 247.765576317 251.049247017 252.962664804 7.24625658224 8.80482517375 1.33661524914 2.35844915211 1.03083906912 7.36074728952 1.04593899304 0.500811818179 0.493913652179 0.493813780891
-9999.0 -9999.0 -9999.0 -9999.0 -9999.0 -9999.0 -9999.0 -9999.0 -9999.0 -9999.0 -9999.0 -9999.0 -9999.0 -9999.0 -9999.0 -9999.0 -9999.0 -9999.0 -9999.0 -9999.0 -9999.0 -9999.0 -9999.0 11.3189655764 11.8455375108 13.7666350812 126.231391202 137.503992649 169.738565011 9.26014976067 125.002346063 140.984437471 6.4065360409 12.9077330116 4.17170846613 797.111283575 4.30772725477 10.1499948843 12.2691614581 14.2875748551 236.058641715 242.437485325 244.536610348 2.15770709208 3.93937999159 5.52606224837 0.926369637983 0.825727988599 671.665395621 672.49266374 673.168876474 679.874318602 680.689240006 681.429228026 681.858790365
