data/baseflow/mHMbf_acc467.asc
ncols                  80
nrows                 72
xllcorner      4374000.0
yllcorner      5656000.0
cellsize            500
NODATA_value       -9999
[rows 25 to 49 of 72, columns 0 to 54 of 80]
-9999.0 -9999.0 -9999.0 -9999.0 -9999.0 -9999.0 -9999.0 -9999.0 -9999.0 -9999.0 -9999.0 -9999.0 25.3140509068 49.9978822168 22.8138421798 45.282535235 18.5376264055 149.912270129 185.120894854 203.516597642 16.3827037816 31.8067245476 321.592548078 396.734461243 410.753355827 29.7940592763 31.0165438241 46.0793810349 10.5049833902 9.45952218598 17.8810963055 7.09165953443 507.18770859 514.033928658 520.919544362 3823.81169971 7404.8948277 7351.76913072 13.8226717081 6.56631641207 5.91598168299 21.2399976604 15.9759265647 37.5973300911 53.0642347622 106.031844114 9.57788314084 9.49590724682 86.6529560994 95.7774686509 188.175637351 194.370576387 210.28641836 216.646457339 6.06319339066
-9999.0 -9999.0 -9999.0 -9999.0 -9999.0 -9999.0 -9999.0 -9999.0 -9999.0 -9999.0 -9999.0 -9999.0 -9999.0 23.0906656883 46.6666925742 70.7301787642 110.576068952 20.8122752421 18.3136361492 132.901030275 149.396378189 290.896390665 308.540828755 47.8998735255 15.773032412 14.0685518688 14.7416958036 454.984900232 465.044517374 475.690218378 484.902512426 500.297081529 86.1200835865 92.2898922393 620.582798647 11851.6366453 44.5909371985 37.9518235088 20.2555481121 5.00139955206 4.7055378648 33.042064996 37.0451651096 47.7014927261 5.06808907693 112.00445145 16.7376813611 16.4134412462 4.75944274395 3.31042550028 2.9097372758 2.3851340606 3.08702435761 219.826955016 3089.68493285
-9999.0 -9999.0 -9999.0 -9999.0 -9999.0 -9999.0 -9999.0 -9999.0 -9999.0 -9999.0 -9999.0 -9999.0 -9999.0 -9999.0 22.0516591278 42.7159090848 60.6073750632 78.2442697938 96.5097438825 115.618006298 54.6553805819 92.1375571346 17.1166748756 15.8482413917 383.853639548 414.502762885 428.242813377 443.585898816 11.7282718268 21.2662673824 55.5896890372 69.0843857743 79.065700091 7.79511461384 5.66080014263 11867.7724112 6.4276630493 11.1011098498 6.03797059836 19.095128294 9.08973367003 5.15252340554 89.6498703114 93.1898904556 2.70152019561 115.034629683 136.11248032 21.6615509414 3237.34520635 3229.58099272 3223.19655436 3211.237529 3207.17601266 3107.85686842 3105.23170753
-9999.0 -9999.0 -9999.0 -9999.0 -9999.0 -9999.0 -9999.0 -9999.0 -9999.0 -9999.0 -9999.0 -9999.0 -9999.0 -9999.0 4.98173189443 11.2809655986 18.7096697534 168.366966974 186.917463237 19.1354203684 18.5706244906 18.6436100177 317.053949536 353.014392763 17.3682919513 17.4545337664 12.8968636709 54.1854148717 67.6918310492 35.3868442503 45.498467352 327.535084507 337.560229446 354.83969794 565.531241858 12436.4161122 6.44798037221 4.45667567702 28.1959150865 23.7400933635 3.40968511618 12.3792499957 16.0793032474 97.3834661998 100.77633786 243.938057252 137.645007426 24.2434287381 3312.77299184 33.9659405637 3217.56086311 3214.62713753 94.8066803637 2.84954404777 12.5188556186
-9999.0 -9999.0 -9999.0 -9999.0 -9999.0 -9999.0 -9999.0 -9999.0 -9999.0 -9999.0 -9999.0 -9999.0 -9999.0 -9999.0 25.4835907609 41.7181893829 85.9175525383 149.320879239 203.603343249 245.352605996 263.692093465 282.664347451 301.172997944 17.3517263377 15.0550733544 29.307827363 27.0877412028 14.4808941484 285.014552943 297.957885093 309.931651956 321.247608977 182.711003032 193.719211073 204.032127925 12439.0516391 11.1963199956 13.6840504448 45.0549448269 4.20055261144 7.1867811598 3.81089426712 3.3624164177 19.3987500664 2.56398231517 2.7977632403 3573.08270721 3327.49624853 3324.89321132 13.8595846799 30.6386739619 20.0319184362 4.95081268563 88.6256998884 25.4284313768
-9999.0 -9999.0 -9999.0 -9999.0 -9999.0 -9999.0 -9999.0 -9999.0 -9999.0 -9999.0 -9999.0 -9999.0 -9999.0 -9999.0 17.7924189161 16.2150943482 31.6472168177 48.3651488946 22.6875551517 24.1009750058 43.9031692702 62.8643312495 98.6993353725 116.332031782 131.262349907 176.264541038 189.800473326 205.332300667 14.078864392 138.603353281 150.365576455 162.341048005 10.8639378481 7.14366835753 11.3137666178 12653.0931227 12655.5705163 12672.9826033 56.1013035819 8.2403613085 11.985887071 3.44060848008 5.93234767607 22.1045772603 26.9868480378 5.00282710214 3585.86369034 4.33595040863 7.48358734798 8.51282356615 6.07733585532 11.6763517956 4.76847026662 57.7438957643 46.8070511319
-9999.0 -9999.0 -9999.0 -9999.0 -9999.0 -9999.0 -9999.0 -9999.0 -9999.0 -9999.0 -9999.0 -9999.0 -9999.0 -9999.0 -9999.0 15.0288522078 29.6319514724 14.9838414426 31.5790436975 191.794512915 209.302178022 226.818041544 17.8455320933 17.7869995289 32.7085457255 48.1385056503 74.3286499967 88.1845396252 97.9351419766 111.697859657 10.3258210039 9.98399612784 184.612026835 192.101191702 196.000330137 199.89522116 164.278773816 12853.1460269 12934.488142 12936.6104385 12950.0885207 12964.7040066 12971.9683274 2.23340211491 29.208569891 3587.61590673 5.68091454732 2.95381913952 3.17104250229 3.01857605129 5.29105285989 5.69697920029 3.5172659746 5.71219433698 5.69293018724
-9999.0 -9999.0 -9999.0 -9999.0 -9999.0 -9999.0 -9999.0 -9999.0 -9999.0 -9999.0 -9999.0 -9999.0 -9999.0 -9999.0 -9999.0 -9999.0 43.926298025 59.2716082107 106.147496312 142.319368723 19.8193927803 267.770102314 285.161027711 300.940068878 15.6513560055 30.4189313771 12.9158089028 101.537149149 109.949166612 123.77604371 138.766039685 168.891218233 175.725974141 4.03898568993 148.835625373 156.718475309 160.639965112 177.43793917 22.6914307488 14.5019644281 9.14965945344 8.35604722766 12980.467561 12983.6571326 13032.1318998 3589.24578738 16.0583162937 8.48065119525 5.52700166348 1.80084911001 17.5191880207 9.77835208779 3.06928345327 17.9149588381 15.4715377382
-9999.0 -9999.0 -9999.0 -9999.0 -9999.0 -9999.0 -9999.0 -9999.0 -9999.0 -9999.0 -9999.0 -9999.0 -9999.0 -9999.0 -9999.0 -9999.0 15.6256763507 74.8019009092 91.6314289039 20.2878700861 18.9302361076 39.3027932755 57.5571147464 375.045846547 15.4108478861 62.2246657308 75.9436668517 89.3439660137 9.18485909777 21.5322579406 28.7060275982 117.143079324 132.929509441 136.891917125 4.24926418374 3.88199529539 4.89889917143 9.00118220413 4.11012354125 4.17034857925 6.98092495011 5.16730996962 7.08177180258 17.8751017947 13035.7739262 16634.2335049 20.1188842657 3.94704347466 1.82259653999 57.9660497416 53.9351603202 33.2699236233 30.075737905 22.6846516029 5.7297630125
-9999.0 -9999.0 -9999.0 -9999.0 -9999.0 -9999.0 -9999.0 -9999.0 -9999.0 -9999.0 -9999.0 -9999.0 -9999.0 -9999.0 -9999.0 12.6595744761 42.1497297459 13.9134424627 20.9179517149 21.1217776345 40.5994814085 59.8567931743 76.4214010124 465.530283708 480.107602505 15.1991238605 28.9705004634 42.9704866089 53.6064183193 65.0204532301 104.303306088 112.769801893 10.6725453229 6.35789075243 5.05092419139 4.25740132859 6.25736722638 6.51231047326 6.34745524028 7.56955601185 22.4504870243 9.73564136693 3.72775051919 3.53880332838 3.86953988377 7.10170621928 16846.2449875 190.668501645 67.7474164813 4.96160327365 2.07886396017 1.84008383511 7.15206739023 5.11864252693 2.72563928626
-9999.0 -9999.0 -9999.0 -9999.0 -9999.0 -9999.0 -9999.0 -9999.0 -9999.0 -9999.0 -9999.0 -9999.0 -9999.0 -9999.0 13.7163304593 25.7672304587 93.8824872919 13.0298233516 39.0873579578 59.193007246 77.5637760924 19.6258056143 36.2316755827 52.2792589518 545.388515472 13.9875539814 26.4568199992 39.3503311685 12.2218632796 24.2265686537 33.9762381739 41.6333939556 1003.85608097 1017.58839194 1031.07132747 1093.35963544 1109.35043489 1150.64973873 12.7202915585 27.5686888478 28.8526965725 1279.26249097 1286.04265163 3.17204762602 5.69052301434 8.05475438363 16847.3092583 183.467253189 109.770641889 107.354234801 68.423857974 52.504839232 9.44444577601 2.18048658217 4.41936516428
-9999.0 -9999.0 -9999.0 -9999.0 -9999.0 -9999.0 -9999.0 -9999.0 -9999.0 -9999.0 -9999.0 -9999.0 -9999.0 -9999.0 13.9857788117 42.1700834054 149.689023949 219.824334097 11.134395813 287.27331096 378.674120782 17.8667461021 34.1516390316 50.4074537188 689.950907726 702.40211196 11.2982060936 62.4072391312 73.2385725729 83.5161782745 910.028727526 939.472788416 955.042696357 7.6033948375 42.7487477824 52.0579679879 21.0962393941 30.192826988 1192.51813377 1232.97387296 1240.28366882 1247.06358274 1293.3845865 3.60077388032 3.24245757746 13.6739270013 16849.1531522 3.66481662402 12.2730126411 36.9302012843 14.1268215248 48.8554667145 31.5728548758 18.7702290593 13.7813087616
-9999.0 -9999.0 -9999.0 -9999.0 -9999.0 -9999.0 -9999.0 -9999.0 -9999.0 -9999.0 -9999.0 -9999.0 -9999.0 -9999.0 -9999.0 -9999.0 28.9400138312 57.9885920005 259.558201854 274.310101335 391.21445533 405.383724208 17.9950963 36.0091912853 82.637378634 714.228120285 738.733573166 748.185206302 7.56695254295 785.649940385 816.683718031 19.3272273565 7.34176980753 13.8913133078 27.3154864875 6.77571812624 13.4929964964 28.9619305767 36.2212784768 7.00348880288 4.51703654305 8.80484185556 1327.72006525 1339.28025837 1341.7718827 1363.16609876 16850.5408656 2.08723845417 8.42961346145 10.5049288399 10.2713823338 10.5628576375 9.19368936799 17.0135076601 1.67317106111
-9999.0 -9999.0 -9999.0 -9999.0 -9999.0 -9999.0 -9999.0 -9999.0 -9999.0 -9999.0 -9999.0 -9999.0 -9999.0 -9999.0 -9999.0 -9999.0 15.0673400434 14.6132982581 14.3433063314 29.0368035324 12.6065312835 430.492529686 443.274685441 15.834432894 32.0015554742 15.6508272285 12.6871431176 12.1403020319 770.058817937 10.5584061607 22.1921452178 9.66975708117 7.58145130794 6.68450571924 5.08403296381 5.37664442871 17.0537019771 23.6436579221 4.46483317138 3.69953722742 8.38822612506 14.4486622994 19.275338073 6.09620407824 1346.54763315 1365.8606406 16850.9364178 22.9648936135 19.0507139518 6.17311664667 15.3315157389 5.18297497548 4.1730446082 21.5663002698 9.00964063811
-9999.0 -9999.0 -9999.0 -9999.0 -9999.0 -9999.0 -9999.0 -9999.0 -9999.0 -9999.0 -9999.0 -9999.0 -9999.0 -9999.0 -9999.0 -9999.0 -9999.0 -9999.0 14.3637009345 41.8750571329 52.8596211143 64.9990650714 455.411295064 467.862981408 480.296698578 494.615443977 506.26120491 530.728702552 540.038694567 550.064264402 557.469406747 5.92092534592 5.67092617559 6.30042323401 22.5116289334 6.20958007308 6.07092706266 4.40832389737 13.1019056916 5.32089578021 4.01076090229 3.65003588569 3.11253108064 6.20930127967 9.11557332084 1384.73666027 18259.1645898 1.73264718195 4.10223516716 5.08493639063 20.7328934138 10.8994055812 8.38483660472 37.58431671 14.7539830425
-9999.0 -9999.0 -9999.0 -9999.0 -9999.0 -9999.0 -9999.0 -9999.0 -9999.0 -9999.0 -9999.0 -9999.0 -9999.0 -9999.0 -9999.0 -9999.0 -9999.0 -9999.0 -9999.0 11.2923893145 93.2926927113 183.485055548 196.170239574 18.7331909968 35.3426379064 51.4882683402 64.0646451239 152.884818236 159.344573434 6.13936121302 6.34226054449 571.506364138 583.519195793 588.609474693 26.5233908049 3.53580437783 10.0083116624 14.6559805485 44.4071320623 54.5221819454 62.2468102561 6.9512196285 9.73569135147 3.4028452793 6.87146014446 3.62536641589 18263.9760351 1.69304407395 7.25614301846 7.3529814036 29.7158366685 48.5284951374 57.9865000577 96.6160019904 18.1276785329
-9999.0 -9999.0 -9999.0 -9999.0 -9999.0 -9999.0 -9999.0 -9999.0 -9999.0 -9999.0 -9999.0 -9999.0 -9999.0 -9999.0 -9999.0 -9999.0 -9999.0 -9999.0 13.1086598975 42.3128127881 82.2765400601 106.89121854 271.907764669 287.487099247 34.5450469277 50.9800811642 64.6227524981 77.6080079938 167.6111289 180.748638263 326.680774977 338.646092146 345.780309925 593.97220631 634.176372629 9.16475488066 6.80335271186 6.39416992567 12.3702047587 5.61546442146 73.0242657487 76.7248811348 12.9527896927 16.5067780831 4.00065935945 4117.54953385 4125.41649854 22391.6944952 22399.7556892 1.65476707867 33.2292133232 2.83328384215 2.8663182752 103.082127962 123.327522612
-9999.0 -9999.0 -9999.0 -9999.0 -9999.0 -9999.0 -9999.0 -9999.0 -9999.0 -9999.0 -9999.0 -9999.0 -9999.0 -9999.0 -9999.0 -9999.0 -9999.0 -9999.0 -9999.0 15.3030445545 14.800081468 27.4214879298 64.3974300949 299.793446315 17.9870205135 17.6966049917 31.1280246748 45.1982397935 113.259972612 124.511737811 9.04669009503 8.11953819191 354.317618337 360.090587229 1000.20522684 1005.6438551 3.22488985196 2.6977717847 2.31734063777 2.34547321051 2.82551290875 4045.21901584 4069.82939945 4090.14277941 4098.29651855 4114.38681291 4.39957215688 15.9569284297 19.4306054892 22423.7571152 22423.241916 22422.6214754 22423.6569958 22425.0874328 127.512942839
-9999.0 -9999.0 -9999.0 -9999.0 -9999.0 -9999.0 -9999.0 -9999.0 -9999.0 -9999.0 -9999.0 -9999.0 -9999.0 -9999.0 -9999.0 -9999.0 -9999.0 -9999.0 -9999.0 -9999.0 13.1323264344 13.9748672756 25.5316662182 349.357482959 362.673801347 17.1649280486 30.5367038965 45.0727537936 58.1785156337 11.6625890435 20.4899679675 833.93568281 839.948090541 846.801769881 898.174965464 1909.83737903 3896.11532606 3904.19191447 3911.75903367 3918.92951498 3953.5474268 3964.99072059 21.5176686622 9.33970382773 5.8379272141 10.8970795536 7.92158397028 12.6932418003 4.01731585014 90.8518628351 99.5497320591 105.036760212 106.549334034 22424.572694 22553.0975089
-9999.0 -9999.0 -9999.0 -9999.0 -9999.0 -9999.0 -9999.0 -9999.0 -9999.0 -9999.0 -9999.0 -9999.0 -9999.0 -9999.0 -9999.0 -9999.0 -9999.0 -9999.0 -9999.0 -9999.0 -9999.0 13.3673580812 25.4585808644 37.6932869585 372.959190736 13.309241722 509.456519747 524.671919088 536.443903238 545.920047981 794.085511602 805.178286019 6.93017761358 36.9268483502 45.8266129704 7.41146340518 1978.35816337 1964.94340041 4.14233518738 9.91839718698 28.1131884704 6.4594865909 6.9538577447 4.75955722993 4.02285365959 3.02791783567 3.71315327832 78.0442722464 82.0595896318 87.0467001907 5.76842188692 3.46440470271 108.425113961 110.515364203 111.63924931
-9999.0 -9999.0 -9999.0 -9999.0 -9999.0 -9999.0 -9999.0 -9999.0 -9999.0 -9999.0 -9999.0 -9999.0 -9999.0 -9999.0 -9999.0 -9999.0 -9999.0 -9999.0 -9999.0 -9999.0 -9999.0 11.860882696 11.0108968832 57.6572527279 455.609940229 481.805794042 496.266378735 14.8580937438 217.619304566 229.769231559 235.854062606 9.74032503122 17.9710042557 24.7223611884 447.534274328 452.884136381 457.654434479 1956.35530761 1192.84450346 5.53089942788 6.20385480323 5.91793643624 4.54338912848 47.3638886299 56.7193175444 64.7990959343 69.4911500726 73.9743752646 533.393985969 536.568994586 540.704746747 550.167518003 589.299940391 590.750163019 703.953335351
-9999.0 -9999.0 -9999.0 -9999.0 -9999.0 -9999.0 -9999.0 -9999.0 -9999.0 -9999.0 -9999.0 -9999.0 -9999.0 -9999.0 -9999.0 -9999.0 -9999.0 -9999.0 -9999.0 -9999.0 -9999.0 -9999.0 23.1176965688 35.6239800378 13.8780759236 17.8267087233 163.872017639 179.573744446 191.081755706 88.6252267645 100.031217871 111.265101263 118.915467308 435.288742696 443.126380478 289.506128907 753.330795911 758.987353303 1188.5556825 12.0402196112 6.31262440962 4.05803891447 32.6067657806 38.5411794259 3.30549325067 3.03104731098 518.719938831 526.672884757 530.504290947 4.42457001561 6.83260154796 583.78367694 3.65842709369 13.0997287156 14.3124758167
-9999.0 -9999.0 -9999.0 -9999.0 -9999.0 -9999.0 -9999.0 -9999.0 -9999.0 -9999.0 -9999.0 -9999.0 -9999.0 -9999.0 -9999.0 -9999.0 -9999.0 -9999.0 -9999.0 -9999.0 -9999.0 -9999.0 11.6175607873 22.9435553892 100.36350464 115.124402654 130.907134516 64.3250545297 77.1672956 12.2669293234 287.6293827 298.853798941 309.248603145 8.20492457337 275.14598231 283.326632319 6.14872837219 1157.41979685 13.568855743 6.81638775926 17.6880342171 24.0227710731 4.67190169981 3.58921030837 476.982717602 511.72895023 516.409851767 5.06137685098 10.7381895888 13.4515696511 15.6716028529 30.5191047821 4.63315380405 10.8693909257 2.06065326357
-9999.0 -9999.0 -9999.0 -9999.0 -9999.0 -9999.0 -9999.0 -9999.0 -9999.0 -9999.0 -9999.0 -9999.0 -9999.0 -9999.0 -9999.0 -9999.0 -9999.0 -9999.0 -9999.0 -9999.0 -9999.0 -9999.0 11.3333225918 36.3805817055 65.5272638796 16.7222342852 33.893194635 50.4263736553 238.755736592 252.495347868 264.409825673 10.74940796 217.36712347 251.384166023 260.596984604 7.04010602425 1130.81994245 1145.7803363 7.13812486942 6.41112015447 13.0576799117 5.22020998608 451.426228924 460.864866764 466.869430924 22.6669753893 27.8558794433 4.39788380495 7.81835672955 3.45353036267 23.4755464261 3.64839099681 2.80045265366 3.03850932273 3.23636081647
-9999.0 -9999.0 -9999.0 -9999.0 -9999.0 -9999.0 -9999.0 -9999.0 -9999.0 -9999.0 -9999.0 -9999.0 -9999.0 -9999.0 -9999.0 -9999.0 -9999.0 -9999.0 -9999.0 -9999.0 -9999.0 -9999.0 -9999.0 12.9410824796 15.4275882529 18.5475506616 162.049333842 177.793136579 224.725203428 13.5360261564 170.26388879 196.887224594 11.7812716239 24.1582047006 9.32902389274 1107.94406296 9.70898050658 23.0376962239 28.2007591553 33.4791470208 415.868868262 436.101216363 442.524503803 6.53630504232 12.1902426562 17.1753833646 2.86802769393 2.55008865868 1145.12993629 1147.71997983 1149.85014163 1173.47302948 1176.28595662 1180.00124878 1182.2940672
