data/baseflow/mHMbf_acc456.asc
ncols                  80
nrows                 72
xllcorner      4374000.0
yllcorner      5656000.0
cellsize            500
NODATA_value       -9999
[rows 0 to 24 of 72, columns 0 to 54 of 80]
-9999.0 -9999.0 -9999.0 -9999.0 -9999.0 -9999.0 -9999.0 -9999.0 -9999.0 -9999.0 -9999.0 -9999.0 28.3815035836 19.364510945 -9999.0 -9999.0 -9999.0 -9999.0 -9999.0 -9999.0 -9999.0 -9999.0 -9999.0 -9999.0 -9999.0 -9999.0 -9999.0 -9999.0 -9999.0 -9999.0 -9999.0 -9999.0 -9999.0 -9999.0 -9999.0 -9999.0 -9999.0 -9999.0 -9999.0 -9999.0 -9999.0 -9999.0 -9999.0 -9999.0 -9999.0 -9999.0 -9999.0 -9999.0 -9999.0 -9999.0 -9999.0 -9999.0 -9999.0 -9999.0 -9999.0
-9999.0 -9999.0 -9999.0 -9999.0 -9999.0 -9999.0 -9999.0 -9999.0 -9999.0 -9999.0 -9999.0 -9999.0 58.8187879633 117.957612695 16.5085459106 -9999.0 12.4824139266 -9999.0 -9999.0 -9999.0 -9999.0 -9999.0 -9999.0 -9999.0 -9999.0 -9999.0 -9999.0 -9999.0 -9999.0 -9999.0 -9999.0 -9999.0 -9999.0 -9999.0 -9999.0 -9999.0 -9999.0 -9999.0 -9999.0 -9999.0 -9999.0 -9999.0 -9999.0 -9999.0 -9999.0 -9999.0 -9999.0 -9999.0 -9999.0 -9999.0 -9999.0 -9999.0 -9999.0 -9999.0 -9999.0
-9999.0 -9999.0 -9999.0 -9999.0 -9999.0 -9999.0 -9999.0 -9999.0 -9999.0 -9999.0 29.1815476853 28.2750669738 29.3861428301 28.8382409119 172.709754469 191.160614696 34.7871526853 11.0954788957 -9999.0 -9999.0 -9999.0 -9999.0 -9999.0 -9999.0 -9999.0 -9999.0 -9999.0 -9999.0 -9999.0 -9999.0 -9999.0 -9999.0 -9999.0 -9999.0 -9999.0 -9999.0 -9999.0 -9999.0 -9999.0 -9999.0 -9999.0 -9999.0 -9999.0 -9999.0 -9999.0 -9999.0 -9999.0 -9999.0 -9999.0 -9999.0 -9999.0 -9999.0 -9999.0 -9999.0 -9999.0
-9999.0 -9999.0 -9999.0 -9999.0 -9999.0 -9999.0 -9999.0 -9999.0 -9999.0 28.285573438 57.3611560141 114.039481782 56.876487656 27.7494564742 54.5737892842 217.377246507 280.052148218 12.9980419178 -9999.0 28.3367235937 -9999.0 -9999.0 -9999.0 -9999.0 23.9486769344 12.1991762853 -9999.0 -9999.0 -9999.0 -9999.0 -9999.0 -9999.0 -9999.0 -9999.0 -9999.0 -9999.0 -9999.0 -9999.0 -9999.0 -9999.0 -9999.0 -9999.0 -9999.0 -9999.0 -9999.0 -9999.0 -9999.0 -9999.0 -9999.0 -9999.0 -9999.0 -9999.0 -9999.0 -9999.0 -9999.0
-9999.0 -9999.0 -9999.0 -9999.0 -9999.0 -9999.0 -9999.0 -9999.0 31.3640473779 89.2669866623 116.711102644 144.243295155 197.802211947 26.2441541404 106.376535195 132.014124678 449.807214441 21.294197852 24.0712977808 53.8540340434 78.669205445 25.6832189484 -9999.0 64.3441895803 52.8416823826 15.0818779525 -9999.0 -9999.0 -9999.0 -9999.0 -9999.0 -9999.0 -9999.0 -9999.0 -9999.0 -9999.0 -9999.0 -9999.0 -9999.0 -9999.0 -9999.0 -9999.0 -9999.0 -9999.0 -9999.0 -9999.0 -9999.0 -9999.0 -9999.0 -9999.0 -9999.0 -9999.0 -9999.0 -9999.0 -9999.0
-9999.0 -9999.0 -9999.0 -9999.0 -9999.0 -9999.0 30.8921014912 28.5637232637 28.1268260616 28.5208180208 28.8296886507 202.137737993 427.724902586 455.161146254 480.399524756 25.3831607224 498.235618167 522.410657129 50.4255390818 25.1896291032 103.079776421 178.902792209 23.1996505315 133.033570175 25.5548705493 23.8289729816 26.0793891469 -9999.0 -9999.0 -9999.0 -9999.0 -9999.0 -9999.0 -9999.0 -9999.0 -9999.0 -9999.0 -9999.0 -9999.0 -9999.0 -9999.0 -9999.0 -9999.0 -9999.0 -9999.0 -9999.0 -9999.0 -9999.0 -9999.0 -9999.0 -9999.0 -9999.0 -9999.0 -9999.0 -9999.0
-9999.0 -9999.0 -9999.0 -9999.0 -9999.0 -9999.0 61.7536796663 91.1295871703 206.60210071 289.928152886 26.1212197641 26.9331833052 26.050994526 77.4177693842 581.894696523 23.4305671951 546.08055447 645.265881736 77.2196565067 48.4656760593 202.363357768 24.9805039635 157.608791793 48.6115342844 24.2517125561 47.3666469202 51.9166789156 26.4638078612 26.8363144648 26.31810187 27.4097026785 54.9023308311 -9999.0 -9999.0 -9999.0 -9999.0 -9999.0 -9999.0 -9999.0 -9999.0 -9999.0 -9999.0 -9999.0 -9999.0 -9999.0 -9999.0 -9999.0 -9999.0 -9999.0 -9999.0 -9999.0 -9999.0 -9999.0 -9999.0 -9999.0
-9999.0 -9999.0 -9999.0 -9999.0 -9999.0 32.6172225109 63.6167985787 30.7201226746 59.9166547884 319.607827578 374.429116846 428.873624218 1359.59922054 26.1956351214 607.087129485 2165.22700466 2184.62623325 2864.228651 22.0572184004 72.0767951279 225.953572215 23.4299410678 428.017088769 246.392299604 148.873277213 124.307531869 25.501337972 78.563503629 78.5862938339 52.3859186859 25.4424672868 81.0070180948 25.1212400373 24.8263961029 -9999.0 -9999.0 -9999.0 -9999.0 -9999.0 -9999.0 -9999.0 -9999.0 -9999.0 -9999.0 -9999.0 -9999.0 -9999.0 -9999.0 -9999.0 -9999.0 -9999.0 -9999.0 -9999.0 -9999.0 -9999.0
-9999.0 -9999.0 -9999.0 -9999.0 -9999.0 32.6263071769 95.5056242185 190.274091089 219.779972426 435.406294743 463.662419661 551.339652393 905.386460222 1435.63573176 1487.38081762 1511.47784181 46.0688064528 2948.50164719 2993.69241338 3114.29400815 3863.35873502 499.892267657 452.86730943 173.504660535 24.1982103913 150.861887653 102.363151984 23.0184696208 102.667298041 23.7390720656 50.6460192418 131.6769034 156.267427453 49.1605486879 24.0449393262 23.9254683319 -9999.0 -9999.0 -9999.0 -9999.0 12.6108421219 10.701190845 -9999.0 -9999.0 -9999.0 -9999.0 -9999.0 -9999.0 -9999.0 -9999.0 -9999.0 -9999.0 -9999.0 -9999.0 -9999.0
-9999.0 -9999.0 -9999.0 -9999.0 -9999.0 31.8907249611 30.718640684 126.228431564 156.095460652 186.761676265 29.6793319655 58.9082754387 332.94525726 60.5557613467 28.4053440365 26.4908225566 24.4275910381 28.7112690909 28.1849910397 26.1810299588 3887.54755033 3958.42756712 23.3358623302 71.2986654743 48.2367420152 174.254134241 46.4722816486 22.4599369883 127.003779034 47.3232890669 115.118159084 274.245976536 253.644232631 73.0574661693 71.2001723796 24.409105979 24.2350240475 -9999.0 -9999.0 24.2631762011 29.8773987067 62.9203915886 11.2406655755 -9999.0 -9999.0 -9999.0 -9999.0 -9999.0 -9999.0 -9999.0 -9999.0 -9999.0 -9999.0 -9999.0 -9999.0
-9999.0 -9999.0 -9999.0 -9999.0 -9999.0 -9999.0 32.5878881695 32.5927849048 63.0864900585 93.7616095898 214.416262375 274.20297972 305.388335993 32.3502132592 26.1732833529 341.370335001 419.987790098 445.049044999 548.687596413 573.090229615 24.3215420691 3982.73240692 4101.91163665 95.4053769382 23.1799668685 197.159025691 436.406284811 171.365757195 45.065069306 22.768276533 434.086540822 297.438545498 22.3410385268 22.2613569403 93.7657619276 72.0487208319 23.2544926546 22.0511958451 23.9194423793 47.786048838 23.2739211597 76.5645913592 98.8539790777 20.5294506549 -9999.0 -9999.0 -9999.0 -9999.0 22.6002583306 21.4650893386 6.88121155163 -9999.0 -9999.0 -9999.0 -9999.0
-9999.0 -9999.0 -9999.0 -9999.0 -9999.0 -9999.0 -9999.0 32.1994113892 29.7057274233 60.8848572564 91.6645313859 30.1156904707 30.1286329494 177.796727684 233.425418662 289.872827194 26.9392628764 53.1385207642 26.4296065104 597.98615165 1298.05755285 1311.3999494 5454.90037514 23.7185919822 68.1287267717 22.0896983392 458.24031269 22.3143787712 68.0767761563 22.4083111852 456.333571612 478.53196649 44.8045236291 44.482390254 236.343463725 118.971769737 45.3330521087 23.2372156228 47.7593153336 71.3589009532 116.859410432 21.8676336369 137.665889763 154.098502888 14.4490554374 15.7094642277 16.2877208576 14.4493139364 13.4866862151 61.2052682271 24.9521870982 15.4886203823 -9999.0 -9999.0 -9999.0
-9999.0 -9999.0 -9999.0 -9999.0 -9999.0 -9999.0 -9999.0 -9999.0 62.4070045278 91.1507959381 29.8923813592 60.5309500476 89.4970343078 149.640139265 29.3515169082 28.6449836984 25.8973689096 26.1861504476 24.5716959893 649.725887182 26.7132667069 52.4821943887 5521.8476154 5566.72201977 20.5969787628 109.849339588 588.851322595 44.4699238128 88.9419999624 41.7805528003 62.1654170839 564.585633379 65.6598232298 345.201969481 280.426845093 22.5907047319 114.2164415 46.2726069893 70.3614088406 22.4497220408 138.304120153 178.640001004 192.929606402 206.337741828 208.835700044 27.722457152 29.0776972633 26.1320487558 24.110383249 75.453292239 15.7773000249 56.6262015836 71.1282714024 -9999.0 -9999.0
-9999.0 -9999.0 -9999.0 -9999.0 -9999.0 -9999.0 -9999.0 -9999.0 31.3810971288 153.259531476 182.571734547 29.3566414691 57.9438937168 28.5668004487 27.2708830049 26.8693023324 332.465571233 443.372085593 541.696820674 635.597050454 23.2952919329 26.1740962813 27.7685625952 5672.70958548 5715.76115457 5733.73563625 788.752919158 177.315043518 154.607423299 19.2976068087 81.1212696857 665.728054792 19.3186328218 365.224036115 21.9810938086 149.593309771 137.690842436 22.7671366875 92.886678494 44.8605315325 66.935275878 18.7421323853 13.2940855912 219.543836637 231.436989331 220.694380201 41.7536650948 38.0980297775 35.7718469325 92.3651545443 124.334366222 15.960813416 86.7272412364 17.4926784151 33.0446491532
-9999.0 -9999.0 -9999.0 -9999.0 -9999.0 -9999.0 -9999.0 -9999.0 -9999.0 31.8077505853 212.896341616 241.893662326 86.7145613737 143.85495194 198.627098624 226.234353125 28.2437968142 84.9841688225 56.6428370746 28.7274248835 28.2293864948 26.2288471948 52.3696371817 89.3450539131 28.0252269504 6569.8596822 6590.23676365 18.5720997593 15.9823267142 39.9849523946 59.8668515622 724.223309575 38.7204492427 382.984239912 231.992286844 190.685101232 22.0620194971 44.3922660308 114.000737201 21.0896994829 87.5385851118 38.723637403 25.2438489408 13.6494779851 270.859976316 501.498763471 50.6597545635 47.346372215 48.92433304 13.8255797445 137.868568701 13.1732417644 116.313752735 15.6503334648 48.6416086319
-9999.0 -9999.0 -9999.0 -9999.0 -9999.0 -9999.0 -9999.0 -9999.0 -9999.0 -9999.0 28.9086685839 299.980849867 28.6329945143 57.0479086401 83.8754527785 137.600078992 27.5085003144 56.5579612645 28.0916136755 26.6998840069 25.5756721455 50.6535723678 23.4545201005 25.3743294937 48.7079024085 26.9335590357 6610.41202901 6646.93992174 6702.24410442 77.4958287345 20.5054740716 40.9062972896 745.194095049 714.0782632 274.736802646 21.2356210633 87.8123336897 66.0018095924 135.161706507 42.1505451857 167.500456574 58.9677668061 42.200342309 13.4258503178 14.6439736857 515.71353308 527.531665466 635.796266471 92.6563014104 28.9090346073 152.491147653 179.993570367 308.955044537 30.3170554768 14.3742263552
-9999.0 -9999.0 -9999.0 -9999.0 -9999.0 -9999.0 -9999.0 -9999.0 -9999.0 -9999.0 -9999.0 16.9784478915 337.9839679 29.5351328402 56.0617830392 247.05690724 27.3741853311 27.1913544076 24.8682861895 52.4531831633 25.9080704278 102.12628205 149.211427329 171.275999803 68.7766244284 85.0255805044 18.8096828082 24.7699626516 20.8203081499 6817.08287317 6878.69259812 763.299074422 750.693726167 732.615678947 37.391747487 17.9920264001 107.924135014 283.543253383 155.545672226 62.3374038999 249.357686169 108.135939762 89.4862122628 28.6821065852 11.6938862163 10.5118644526 10.2262236241 687.993122172 821.822211626 14.6605601038 12.4622383634 14.5156371874 323.338409912 367.579114269 26.8329395318
-9999.0 -9999.0 -9999.0 -9999.0 -9999.0 -9999.0 -9999.0 -9999.0 -9999.0 -9999.0 -9999.0 15.8091159374 376.276577042 461.594121825 26.6500739351 300.046240081 25.6776295134 24.8449606539 50.2159522435 128.342808997 25.4174663491 26.336976329 23.4815596857 217.672948424 240.014637921 348.49841396 388.239171745 410.208540676 428.360758698 446.926838713 7343.05427332 8143.46451377 8926.03624707 8936.51093791 14.8939396531 18.1818741535 323.89378794 303.841554232 20.0843000639 20.0998240391 271.090006954 399.066708618 17.6946950312 217.148044043 199.068364899 58.7182201238 24.6559298838 40.4389104078 14.4422103807 844.530514969 11.3111616451 38.0423574777 46.7931691993 451.393812102 492.575174896
-9999.0 -9999.0 -9999.0 -9999.0 -9999.0 -9999.0 -9999.0 -9999.0 -9999.0 -9999.0 -9999.0 30.4162405623 58.6929826996 489.359739979 540.689396864 25.7075591049 343.236306864 22.9358458119 70.8844173732 152.185898035 49.6413450754 24.1531300159 48.8293120766 21.1867838066 41.7621456169 21.308640465 20.8853310648 20.5705044758 20.1417916754 18.9194037281 17.6191530887 21.068624644 22.8055215424 21.6495372804 8983.56140423 377.442098358 345.639708805 10.4251179667 57.4679343817 14.3462914983 14.2486204377 417.565782983 691.869088986 237.455603206 171.644653967 34.9543649639 13.8913298651 12.7784546347 24.6397245257 880.869267313 901.268967433 10.6659035826 10.7317532796 12.0166523816 14.4962820106
-9999.0 -9999.0 -9999.0 -9999.0 -9999.0 -9999.0 -9999.0 -9999.0 -9999.0 -9999.0 -9999.0 -9999.0 27.2629243243 361.546939056 929.045233257 1010.82279992 1377.1987195 1394.43724657 337.80078439 250.705053675 74.1650258736 23.9198215825 96.1333734368 118.972170093 182.331681662 43.3369275071 41.9168745153 41.8846427137 82.8265395138 39.42251501 37.690057266 20.2834715269 18.5553974009 16.4279521531 8997.439167 9386.45251384 9402.06244906 9.89896086595 146.005384609 67.4676650084 19.8536588754 752.942683914 42.9688934403 22.045474389 92.1734584146 21.7766897987 15.6165063398 28.3024097427 38.4952683383 49.5795054525 918.64526763 8.06225192616 6.89144435022 6.88448229222 6.14687553981
-9999.0 -9999.0 -9999.0 -9999.0 -9999.0 -9999.0 -9999.0 -9999.0 -9999.0 -9999.0 -9999.0 29.1877455714 275.41762253 333.988990374 55.141329001 18.055856759 42.2089046366 1461.3381203 1480.45861095 1835.18389834 22.4810380187 46.2338274895 21.2888477095 21.5591911775 203.595252822 268.152576745 330.294271294 19.8056391771 102.60290748 161.460404514 94.9411006854 38.9489867087 36.0921821686 34.1188451335 30.8493600331 12.904482033 9410.4894425 9416.71471714 9576.44157104 32.383037852 17.4284148916 763.176801318 44.6109111638 22.6866081231 24.0795139327 23.9299687782 21.5503238473 38.0022598616 105.641284068 166.927791186 1094.15316629 6.14322326297 18.2832466609 12.3166130006 11.057342106
-9999.0 -9999.0 -9999.0 -9999.0 -9999.0 -9999.0 -9999.0 -9999.0 -9999.0 -9999.0 -9999.0 29.7722058563 190.073678673 29.8754105188 27.0352788149 139.131759026 163.97231255 189.244806157 213.301145615 2501.06404304 2523.15406236 2568.5302345 2892.43373963 2957.78943014 2996.50983889 3018.22411672 3399.18540146 3456.89341804 3477.4317056 3660.79140087 3776.57448437 3795.25802902 3868.97697871 51.61800399 48.4134951906 12.5561155785 8.62551201086 9425.03634921 9626.76807308 44.2120502799 871.455857031 856.678352554 84.3509661643 20.4147819011 20.7042574529 20.0021724281 19.861523866 39.8213460703 56.0234592681 14.781661463 1102.20769663 1110.62198967 1148.37204788 1155.14925644 1172.45897176
-9999.0 -9999.0 -9999.0 -9999.0 -9999.0 -9999.0 -9999.0 -9999.0 -9999.0 -9999.0 -9999.0 97.7206283752 129.329905292 60.6203633844 89.6523469247 28.7283129962 325.333223212 351.540067138 403.500176034 428.431946164 174.892351609 2779.73224561 2802.09328485 21.8069961735 17.1216265525 17.1794909636 35.8362363752 20.4611104922 17.9262380205 17.7837607096 17.3649225898 3815.58582302 3888.73079222 3956.43242812 4018.73930088 4055.4530293 15.571715816 4.72836453101 10527.4515022 894.83383428 886.894481477 18.1698568059 16.6465142772 14.91754092 35.757268356 35.0998955839 16.2705967952 16.6462133934 15.1552230225 29.6455157418 38.5449715479 5.84509215318 10.8714669753 5.13217205692 5.40212351343
-9999.0 -9999.0 -9999.0 -9999.0 -9999.0 -9999.0 -9999.0 -9999.0 -9999.0 -9999.0 -9999.0 -9999.0 66.1231126632 31.1159144935 29.1044208037 272.850992265 299.807418644 26.8689823033 105.686854432 130.836630722 154.946685588 25.5983012788 19.6789559405 438.572795958 454.808868824 471.026241868 1196.05733985 1211.03429848 1243.07533016 1372.61758325 1460.5758864 1475.79969153 16.7285497834 17.3006844797 15.0921270206 4065.96956327 5.45100682063 10667.7216902 10660.437893 126.968794524 116.436761939 68.7087707021 17.1464573217 29.9794902487 50.8604975946 50.3171695438 31.4217636707 16.0113523581 30.9582735949 30.4850986782 51.9810290291 8.8275802404 20.6652149535 33.7111766328 44.8181914066
-9999.0 -9999.0 -9999.0 -9999.0 -9999.0 -9999.0 -9999.0 -9999.0 -9999.0 -9999.0 -9999.0 -9999.0 33.9264561156 95.8844382734 125.678940511 215.445069362 27.1159941958 54.8190673588 80.9335742905 311.209398786 335.337297174 358.828134509 380.808633677 402.185871045 608.517048078 672.325416027 710.784194217 17.7124763972 99.0873335691 116.453614625 1414.07517019 1491.04046622 1527.35885534 1564.66115744 1592.95530151 5664.03895001 4.20293067144 10695.7942867 19.3821099463 10.2696234173 99.641555333 84.1629661788 14.5994795419 44.4441328946 65.2322425444 64.0157764872 44.0773393653 72.8344228828 115.384253687 43.3210607801 107.221515629 10.8680790761 18.0503861709 3.68357989288 2.7182447802
