data/baseflow/mHMbfrc23
ncols                  80
nrows                 72
xllcorner      4374000.0
yllcorner      5656000.0
cellsize            500
NODATA_value       -9999
[rows 24 to 47 of 72, columns 0 to 54 of 80]
-9999.0 -9999.0 -9999.0 -9999.0 -9999.0 -9999.0 -9999.0 -9999.0 -9999.0 -9999.0 -9999.0 -9999.0 1.561271239 4.42886043167 5.78728829076 9.90565827047 1.20463689606 2.43042807429 3.55042636823 13.8463164055 14.7867611749 15.610040419 16.4750603651 17.4270284298 26.1224575364 28.7812471596 30.2169547398 0.600177239161 3.359978689 3.90572365888 58.1314092513 60.1907958223 61.0620445203 61.9514265816 62.7307071299 233.458085954 0.355724375225 472.726285941 0.862029612624 0.404998172493 3.18830222121 2.72573423143 0.390987389408 1.5105232052 2.30635318061 2.26462963398 1.53706573691 2.50764064738 3.95396452521 1.46503901329 3.87807940827 0.325878974795 0.505106219132 0.168816223883 0.140076135308
-9999.0 -9999.0 -9999.0 -9999.0 -9999.0 -9999.0 -9999.0 -9999.0 -9999.0 -9999.0 -9999.0 -9999.0 1.48050116398 2.94419122886 1.39283842107 2.76664669263 1.20214683987 9.33098739331 11.6056472465 12.7585500603 1.03496463611 2.02095391337 19.9722331185 24.5310021541 25.2967331386 1.79190194414 1.65488508124 2.37003481987 0.499965310494 0.466129344651 0.868128184897 0.381788837924 28.9189609576 29.2951648255 29.6705733594 233.861456878 475.872022053 473.140428838 0.664071015222 0.295497250123 0.268452258144 0.931035469714 0.682067252622 1.84569088452 2.70369987278 5.43393570445 0.470126054475 0.466437450747 4.35004787619 4.76469809734 9.41178672176 9.74398253305 10.4342353441 10.7554632404 0.28815112059
-9999.0 -9999.0 -9999.0 -9999.0 -9999.0 -9999.0 -9999.0 -9999.0 -9999.0 -9999.0 -9999.0 -9999.0 -9999.0 1.4563078663 2.88346202543 4.31487373735 6.82409930145 1.3081170175 1.1725698397 8.1743827973 9.23131465506 18.1090465981 19.1826168362 2.9577668702 0.947451683942 0.88615898845 0.830273945003 26.2080415449 26.7829294229 27.3187019154 27.758440694 28.5616022705 4.61876907076 5.04673984357 35.0881786299 744.997582401 2.29925081742 1.96814294759 0.99789429691 0.255002935352 0.222117437769 1.47474184087 1.66799877252 2.28446907766 0.20892694972 5.66546857509 0.752598871505 0.733685448273 0.176849216513 0.139695160774 0.142303395757 0.149272287105 0.153835473303 10.9357619689 174.73500572
-9999.0 -9999.0 -9999.0 -9999.0 -9999.0 -9999.0 -9999.0 -9999.0 -9999.0 -9999.0 -9999.0 -9999.0 -9999.0 -9999.0 1.36956758509 2.55048831988 3.59390690629 4.66772708123 5.83857359183 7.0384212195 3.48078285821 5.7664329565 1.0514837441 0.98343523674 21.9003326649 23.7657123569 24.5944219949 25.4860425104 0.699188435339 1.27247755583 3.25861294436 3.80392361071 4.24365579205 0.489951649448 0.413323706211 746.027266895 0.347319910489 0.577268650529 0.274070144457 0.930414208619 0.444643255791 0.249282355982 4.21401205317 4.44482347513 0.161668485113 5.85397164416 6.75471316018 0.881310576245 182.37993846 182.069515129 181.768812019 181.082424478 180.804149492 175.418387892 175.269048099
-9999.0 -9999.0 -9999.0 -9999.0 -9999.0 -9999.0 -9999.0 -9999.0 -9999.0 -9999.0 -9999.0 -9999.0 -9999.0 -9999.0 0.242368791362 0.575944705108 1.03730712574 8.83438828139 10.0598555814 1.24070183122 1.16579744379 1.15269317432 17.8537500973 20.024188882 1.02612014289 1.02844453642 0.800879203953 3.31296195294 4.10479593406 2.10486046928 2.66570511032 19.9167276356 20.4335235387 21.4413723651 33.5960193361 779.834384305 0.328778834349 0.222312064845 1.35999392714 1.14358811775 0.214813774939 0.697351106843 0.912286524975 4.69878652044 4.91213773297 12.1081001908 6.86001993783 0.972268750808 186.438410289 2.16577948432 181.465663273 181.285291273 5.10630869393 0.243310246896 0.383694713395
-9999.0 -9999.0 -9999.0 -9999.0 -9999.0 -9999.0 -9999.0 -9999.0 -9999.0 -9999.0 -9999.0 -9999.0 -9999.0 -9999.0 1.27618775611 2.06739444048 4.39862174349 7.6157686122 10.9947480722 13.4221697177 14.5714358364 15.7394603144 16.8435863471 1.06497258766 0.942354494277 1.84750043096 1.6552715712 0.880072532167 17.487312824 18.2522040455 18.9313128701 19.6016565716 10.6268156114 11.1079334944 11.6848986705 780.015601469 0.569100997762 0.594515137785 2.08309865917 0.184732255526 0.43769518213 0.235371327105 0.192270554283 1.11340039385 0.16128262775 0.177179644677 199.607241673 187.372864894 187.190338946 0.814133985562 2.02607077329 1.30316157589 0.303351444366 4.61535661868 1.32478680377
-9999.0 -9999.0 -9999.0 -9999.0 -9999.0 -9999.0 -9999.0 -9999.0 -9999.0 -9999.0 -9999.0 -9999.0 -9999.0 -9999.0 0.897686435739 0.803976614086 1.53931171072 2.39881799037 1.25089101812 1.36975211307 2.58710267709 3.78042055486 6.01554355729 7.11040061804 8.0598497663 10.8882377548 11.7279831502 12.666541066 0.792849822281 8.33912765517 9.0023123349 9.63359516001 0.51145121998 0.290692061466 0.451660750953 791.938611446 792.109620811 793.031969224 2.57870475468 0.362286286241 0.648828612628 0.178789015212 0.335913799056 1.26901321898 1.56496242747 0.317681249991 200.477511948 0.307492413387 0.469034976356 0.508783856308 0.430557792106 0.766407410802 0.334953341807 3.00785204913 2.36781676059
-9999.0 -9999.0 -9999.0 -9999.0 -9999.0 -9999.0 -9999.0 -9999.0 -9999.0 -9999.0 -9999.0 -9999.0 -9999.0 -9999.0 -9999.0 0.731844380226 1.46860801398 0.770805222176 1.60482164151 10.0712769545 11.1470256621 12.3023444972 1.10622573837 1.10185945277 2.04990246274 3.01782693017 4.67445812662 5.52118010211 6.01232804075 6.77896147888 0.59467014702 0.548907602074 10.614476945 10.8917395184 11.079186751 11.2792203711 9.20076991963 803.063826685 806.934177993 807.073797276 807.833052255 808.608315443 809.108575042 0.150121901072 1.69934052824 200.629225128 0.440590799086 0.228239863863 0.26642632071 0.237820461768 0.41025189297 0.398118929644 0.242222029169 0.339067973949 0.323561332521
-9999.0 -9999.0 -9999.0 -9999.0 -9999.0 -9999.0 -9999.0 -9999.0 -9999.0 -9999.0 -9999.0 -9999.0 -9999.0 -9999.0 -9999.0 -9999.0 2.18650784234 3.0417659794 5.52765569341 7.52436278243 1.10097274815 14.6742723959 15.7669966025 16.8110579174 0.992660912387 1.95208342392 0.831095581086 6.48884026811 6.95292138511 7.68109842904 8.34136160431 9.94690088576 10.2125241532 0.165135192721 8.39930392416 8.81202249319 9.01644095291 9.84974294287 1.12047851493 0.731532147411 0.467850115572 0.438157199447 809.63187833 809.91036703 812.913298327 200.790323257 1.22820131525 0.633830774964 0.43134580776 0.123041239082 1.25727011844 0.668119499281 0.227623153691 1.25925829426 1.07112607077
-9999.0 -9999.0 -9999.0 -9999.0 -9999.0 -9999.0 -9999.0 -9999.0 -9999.0 -9999.0 -9999.0 -9999.0 -9999.0 -9999.0 -9999.0 -9999.0 0.855423394969 3.86312268097 4.74033954914 1.17571211495 1.20835598807 2.47353765428 3.61175606361 21.4880345336 0.987034149507 3.9638271309 4.83025707429 5.69555823741 0.473934586929 1.15039775656 1.54852757292 6.87892639099 7.63307067977 7.82798109916 0.209410208279 0.200123653928 0.234250006372 0.435168209287 0.182153952411 0.186099075567 0.368376273478 0.266002636003 0.370107280523 1.12246684583 813.239073786 1014.88048041 1.49986437241 0.173614137416 0.123158094726 4.09753905036 3.81802391246 2.33388582579 2.10212633227 1.57073873122 0.35739082691
-9999.0 -9999.0 -9999.0 -9999.0 -9999.0 -9999.0 -9999.0 -9999.0 -9999.0 -9999.0 -9999.0 -9999.0 -9999.0 -9999.0 -9999.0 0.656540824073 2.30871249145 0.786765814494 1.32298176558 1.36218654911 2.60298131307 3.82416283775 4.85932385212 27.1757347006 28.1314956098 0.983047337859 1.85918190999 2.74252312804 3.36643839433 4.08742859763 6.14756137726 6.64098463132 0.491398976715 0.386062134359 0.293650988306 0.422013683745 0.355895390691 0.359333590778 0.285710899166 0.344291971726 1.32562187123 0.638933008096 0.326012537926 0.312733343106 0.317984059893 0.591502755295 1027.5634595 11.0434078552 4.81378530936 0.397992592918 0.172848566961 0.1498537771 0.601352650698 0.42327892758 0.222640477212
-9999.0 -9999.0 -9999.0 -9999.0 -9999.0 -9999.0 -9999.0 -9999.0 -9999.0 -9999.0 -9999.0 -9999.0 -9999.0 -9999.0 0.697535266742 1.33368459833 5.06459611091 0.755494971121 2.46358142202 3.79684796483 5.0192684423 1.25757991739 2.33873220036 3.31491363839 32.2165714039 0.928753972182 1.74500146795 2.57616343172 0.745772099696 1.47653919836 1.94293878554 2.39749535304 60.6350116767 61.4292219374 62.0960827899 65.590259918 66.7276216573 69.2937732012 0.548846795192 1.22902687298 1.63856942987 77.0730404089 77.6746543909 0.28507638045 0.505483163665 0.714453769561 1027.81262637 10.7200122791 5.42099767875 5.22921223147 4.11788339418 3.6153499739 0.794424713507 0.188709588873 0.382725832322
-9999.0 -9999.0 -9999.0 -9999.0 -9999.0 -9999.0 -9999.0 -9999.0 -9999.0 -9999.0 -9999.0 -9999.0 -9999.0 -9999.0 0.70037263102 2.13021441773 7.88424347463 11.4662079217 0.672590061958 15.2714560542 21.1169807916 1.18137147718 2.25705708865 3.27667356957 41.4218709319 42.2152001254 0.779883188604 4.1560453515 4.86822322314 5.49001603976 55.3898471352 56.9452242928 57.8555863895 0.440304795668 2.4992668033 2.96644612036 1.35003627755 1.93720039589 72.0628351455 74.172153611 74.6708650883 75.1476138311 78.2979207019 0.304449343481 0.282534184789 1.22167196319 1028.11068397 0.30138441333 0.314182960432 0.95301122494 0.35482674984 3.31632261557 2.70849265627 1.62831698574 1.18929892813
-9999.0 -9999.0 -9999.0 -9999.0 -9999.0 -9999.0 -9999.0 -9999.0 -9999.0 -9999.0 -9999.0 -9999.0 -9999.0 -9999.0 -9999.0 -9999.0 1.4580771151 2.92656564063 13.6379593049 14.4480205137 21.807932707 22.6427722664 1.13911578804 2.27752793484 5.26539443236 42.9571331283 44.6054947823 45.2990409785 0.563796672313 47.7727946312 49.3916794008 1.02000069183 0.445478895215 0.862432645031 1.68700264562 0.406458051323 0.823354415921 1.86340178415 2.33808977033 0.437689515096 0.312406821469 0.626558608941 80.4661063045 81.1140069852 81.3508064702 83.2047245531 1028.37141192 0.183278561226 0.240599408883 0.288287459024 0.288799166999 0.294382425626 0.269630343249 0.50899417946 0.15888312021
-9999.0 -9999.0 -9999.0 -9999.0 -9999.0 -9999.0 -9999.0 -9999.0 -9999.0 -9999.0 -9999.0 -9999.0 -9999.0 -9999.0 -9999.0 -9999.0 0.756848000629 0.741896596111 0.76280181355 1.63752824626 0.730282161234 24.0823966516 24.8327345966 1.03453623575 2.05281147898 0.983153348133 0.81908248717 0.798618271036 46.6870338596 0.556437644375 1.11166147754 0.534203701238 0.459179999062 0.419546071117 0.33520748939 0.34887942166 1.07084936009 1.46336339601 0.294302457847 0.25567327471 0.563241009644 0.93509314817 1.16666736831 0.30069697374 81.7072977277 83.4657063637 1028.54738604 1.00305572558 0.641184831921 0.189560674053 0.43918735115 0.155006836942 0.116417630752 0.640688037747 0.832257848312
-9999.0 -9999.0 -9999.0 -9999.0 -9999.0 -9999.0 -9999.0 -9999.0 -9999.0 -9999.0 -9999.0 -9999.0 -9999.0 -9999.0 -9999.0 -9999.0 -9999.0 -9999.0 0.726176802375 2.32199087498 2.94844579958 3.64718970694 25.5039853509 26.1831888642 26.8901505689 27.7631688377 28.5420394293 30.142021314 30.6527471595 31.1840370025 31.6224184725 0.400140423985 0.370935179191 0.403419588217 1.45121254798 0.385369814736 0.37104266571 0.29357494994 0.866304782483 0.342666973485 0.271055049822 0.249112625847 0.221199783832 0.441245002825 0.63516855685 84.7978747689 1114.54974639 0.169751168189 0.41945089992 0.15290264202 0.600031273863 0.323954939449 0.23444562046 2.12735575602 1.37216634804
-9999.0 -9999.0 -9999.0 -9999.0 -9999.0 -9999.0 -9999.0 -9999.0 -9999.0 -9999.0 -9999.0 -9999.0 -9999.0 -9999.0 -9999.0 -9999.0 -9999.0 -9999.0 -9999.0 0.613467933971 4.7872246258 9.7572781076 10.5101674771 1.07575881646 2.10577657609 3.13227184 3.94913533696 9.564098189 10.002725687 0.421618760487 0.408925696551 32.4305560993 33.1507065935 33.4823919516 1.72821250704 0.267383048999 0.66572924361 0.981677352414 2.91992327928 3.57594402112 4.10171160027 0.476159286179 0.66648877365 0.23465791544 0.471265762347 0.246679962686 1115.00628701 0.174296238275 0.74725914428 0.402744751438 1.15171552642 2.26234487987 2.59848223193 4.8255588513 1.72773798501
-9999.0 -9999.0 -9999.0 -9999.0 -9999.0 -9999.0 -9999.0 -9999.0 -9999.0 -9999.0 -9999.0 -9999.0 -9999.0 -9999.0 -9999.0 -9999.0 -9999.0 -9999.0 0.677236157186 2.15003651966 4.19652439256 5.47182164052 14.414052111 15.3261890331 2.14491517525 3.18506100625 4.03729211997 4.86823444295 10.4931386376 11.3689532084 20.0417526823 20.6725119253 21.0461078664 33.8487781773 36.5514992177 0.645642513373 0.420355666043 0.405163455859 0.78782364449 0.365179019954 4.8000037025 5.05403439306 0.885185074798 1.06728063694 0.189482449606 232.043309716 232.571780997 1347.90998403 1348.93035546 0.177725006136 1.55449361472 0.246660932406 0.239732008801 5.29857226131 7.22460292161
-9999.0 -9999.0 -9999.0 -9999.0 -9999.0 -9999.0 -9999.0 -9999.0 -9999.0 -9999.0 -9999.0 -9999.0 -9999.0 -9999.0 -9999.0 -9999.0 -9999.0 -9999.0 -9999.0 0.766028962515 0.738058627596 1.39903922282 3.29763805164 15.980897426 1.10220402197 1.09091793105 1.94206677512 2.80668351001 6.85909562223 7.4659005983 0.46112145851 0.441060706748 21.5350928949 21.9267024845 58.8056666548 59.1010862968 0.253227662877 0.219012964284 0.188698924904 0.191028454426 0.208947502505 227.504112041 229.117632193 230.40618791 230.805824478 231.864365359 0.296100889996 1.10139336608 1.41685756072 1350.88932515 1351.03629884 1351.22702738 1351.40574524 1351.53814269 7.46554165538
-9999.0 -9999.0 -9999.0 -9999.0 -9999.0 -9999.0 -9999.0 -9999.0 -9999.0 -9999.0 -9999.0 -9999.0 -9999.0 -9999.0 -9999.0 -9999.0 -9999.0 -9999.0 -9999.0 -9999.0 0.679879094341 0.710100985083 1.3061413006 18.5301697119 19.2977142657 1.07193673658 1.91519875682 2.80088850486 3.50148257573 0.62019443154 1.11296061601 45.3715682929 45.7818096166 46.126710622 49.0175426167 108.451956096 217.650689133 218.228079748 218.770353661 219.290967106 221.485656509 222.192563164 1.36123820843 0.623782695611 0.364872454194 0.694166496758 0.552152406309 0.866730922616 0.283690868009 6.00539210714 6.67562170134 7.14329660802 7.31865997686 1351.70768881 1359.36642593
-9999.0 -9999.0 -9999.0 -9999.0 -9999.0 -9999.0 -9999.0 -9999.0 -9999.0 -9999.0 -9999.0 -9999.0 -9999.0 -9999.0 -9999.0 -9999.0 -9999.0 -9999.0 -9999.0 -9999.0 -9999.0 0.69238061684 1.31471869428 1.94060711719 19.8398254185 0.828195344392 27.3695165573 28.2891989341 28.9177296161 29.464686207 43.2438951943 43.7864109783 0.446696971693 2.16070079857 2.61490055984 0.438384685083 108.610582342 107.802843577 0.275090926144 0.631267750472 1.72631193683 0.380973539643 0.403340256706 0.319550405208 0.282029287916 0.214944644035 0.266028799954 5.06280009928 5.34967455446 5.68488813506 0.363351257846 0.233535758788 7.5125131059 7.77329918592 7.91300413825
-9999.0 -9999.0 -9999.0 -9999.0 -9999.0 -9999.0 -9999.0 -9999.0 -9999.0 -9999.0 -9999.0 -9999.0 -9999.0 -9999.0 -9999.0 -9999.0 -9999.0 -9999.0 -9999.0 -9999.0 -9999.0 0.633994246182 0.582332122666 3.03279723523 24.1944794466 25.7049187729 26.5353183452 0.9000611872 12.3011377295 12.9622211636 13.2612171858 0.533760953651 1.01704627588 1.44351236633 25.1025985729 25.4423483049 25.7507133206 107.233182192 65.1329493534 0.341821434088 0.371119276501 0.358598962774 0.295776650506 2.96647945505 3.59684656041 4.14687039258 4.46622285107 4.77524343998 29.5437524147 29.7770468612 29.9652158294 30.4535819366 33.4159620698 33.583199568 41.7088085572
-9999.0 -9999.0 -9999.0 -9999.0 -9999.0 -9999.0 -9999.0 -9999.0 -9999.0 -9999.0 -9999.0 -9999.0 -9999.0 -9999.0 -9999.0 -9999.0 -9999.0 -9999.0 -9999.0 -9999.0 -9999.0 -9999.0 1.2259215236 1.86911922102 0.767079434558 1.10510329571 9.11842697445 10.0618925347 10.7357767195 5.13844766018 5.68190759082 6.2376796384 6.67786742196 24.3548394441 24.7930909374 15.339862205 41.4563390663 41.8008610539 64.8460237214 0.724164486706 0.37729911255 0.271530037473 2.02071228927 2.38208660253 0.23416777313 0.215989532451 28.4750540363 29.0380283351 29.3263817739 0.272222587923 0.374706949578 32.8971408412 0.376696811563 1.51151325775 1.66872136131
-9999.0 -9999.0 -9999.0 -9999.0 -9999.0 -9999.0 -9999.0 -9999.0 -9999.0 -9999.0 -9999.0 -9999.0 -9999.0 -9999.0 -9999.0 -9999.0 -9999.0 -9999.0 -9999.0 -9999.0 -9999.0 -9999.0 0.606943330921 1.20402868271 5.34962446122 6.1557023842 7.07751224916 3.81007026598 4.56816145524 0.593624463876 16.2365066824 16.7628123378 17.2540118563 0.443838182077 14.5187507987 14.9693937816 0.367326347725 62.996571638 0.783731314856 0.396140877161 1.07288663338 1.4512333749 0.304823890861 0.244210535459 25.7195109944 27.9765433302 28.3011062032 0.340760750336 0.788626057383 0.998697057794 1.17719874918 2.29938810366 0.550388303778 1.2394944418 0.268345307174
