data/baseflow/mHMbf_acc453.asc
ncols                  80
nrows                 72
xllcorner      4374000.0
yllcorner      5656000.0
cellsize            500
NODATA_value       -9999
[rows 0 to 23 of 72, columns 0 to 54 of 80]
-9999.0 -9999.0 -9999.0 -9999.0 -9999.0 -9999.0 -9999.0 -9999.0 -9999.0 -9999.0 -9999.0 -9999.0 12.9792047609 13.5475226255 -9999.0 -9999.0 -9999.0 -9999.0 -9999.0 -9999.0 -9999.0 -9999.0 -9999.0 -9999.0 -9999.0 -9999.0 -9999.0 -9999.0 -9999.0 -9999.0 -9999.0 -9999.0 -9999.0 -9999.0 -9999.0 -9999.0 -9999.0 -9999.0 -9999.0 -9999.0 -9999.0 -9999.0 -9999.0 -9999.0 -9999.0 -9999.0 -9999.0 -9999.0 -9999.0 -9999.0 -9999.0 -9999.0 -9999.0 -9999.0 -9999.0
-9999.0 -9999.0 -9999.0 -9999.0 -9999.0 -9999.0 -9999.0 -9999.0 -9999.0 -9999.0 -9999.0 -9999.0 27.3100299885 66.1883795003 11.8498091152 -9999.0 10.8930047545 -9999.0 -9999.0 -9999.0 -9999.0 -9999.0 -9999.0 -9999.0 -9999.0 -9999.0 -9999.0 -9999.0 -9999.0 -9999.0 -9999.0 -9999.0 -9999.0 -9999.0 -9999.0 -9999.0 -9999.0 -9999.0 -9999.0 -9999.0 -9999.0 -9999.0 -9999.0 -9999.0 -9999.0 -9999.0 -9999.0 -9999.0 -9999.0 -9999.0 -9999.0 -9999.0 -9999.0 -9999.0 -9999.0
-9999.0 -9999.0 -9999.0 -9999.0 -9999.0 -9999.0 -9999.0 -9999.0 -9999.0 -9999.0 12.1125030942 11.7149661946 12.8516817266 12.9164445756 89.3351811494 100.537875475 30.0971189106 9.70447401869 -9999.0 -9999.0 -9999.0 -9999.0 -9999.0 -9999.0 -9999.0 -9999.0 -9999.0 -9999.0 -9999.0 -9999.0 -9999.0 -9999.0 -9999.0 -9999.0 -9999.0 -9999.0 -9999.0 -9999.0 -9999.0 -9999.0 -9999.0 -9999.0 -9999.0 -9999.0 -9999.0 -9999.0 -9999.0 -9999.0 -9999.0 -9999.0 -9999.0 -9999.0 -9999.0 -9999.0 -9999.0
-9999.0 -9999.0 -9999.0 -9999.0 -9999.0 -9999.0 -9999.0 -9999.0 -9999.0 11.4793172228 23.7611086695 47.279585233 24.2082097815 11.5437121423 22.3431571348 110.869142788 162.217884168 10.4507774457 -9999.0 11.6648715427 -9999.0 -9999.0 -9999.0 -9999.0 20.6970589531 10.7555448296 -9999.0 -9999.0 -9999.0 -9999.0 -9999.0 -9999.0 -9999.0 -9999.0 -9999.0 -9999.0 -9999.0 -9999.0 -9999.0 -9999.0 -9999.0 -9999.0 -9999.0 -9999.0 -9999.0 -9999.0 -9999.0 -9999.0 -9999.0 -9999.0 -9999.0 -9999.0 -9999.0 -9999.0 -9999.0
-9999.0 -9999.0 -9999.0 -9999.0 -9999.0 -9999.0 -9999.0 -9999.0 14.8165631755 39.2546059202 50.3088806151 61.4230665532 82.217801149 10.0466285412 41.8137207773 51.3533629008 234.02149495 9.84948917894 8.49545046982 21.0406847457 30.0591801677 9.70430523659 -9999.0 52.1827371595 42.9856459163 11.4132417332 -9999.0 -9999.0 -9999.0 -9999.0 -9999.0 -9999.0 -9999.0 -9999.0 -9999.0 -9999.0 -9999.0 -9999.0 -9999.0 -9999.0 -9999.0 -9999.0 -9999.0 -9999.0 -9999.0 -9999.0 -9999.0 -9999.0 -9999.0 -9999.0 -9999.0 -9999.0 -9999.0 -9999.0 -9999.0
-9999.0 -9999.0 -9999.0 -9999.0 -9999.0 -9999.0 13.5880064115 11.6912048796 11.3165936277 11.7738049366 12.4366610281 86.7751692444 180.627700688 191.79847843 199.949128961 7.69391733781 251.380408452 260.291216005 17.6484983362 9.3125494286 38.8165205453 67.2237299171 9.7568140977 82.2186001695 9.591133674 10.0135397377 9.7552055025 -9999.0 -9999.0 -9999.0 -9999.0 -9999.0 -9999.0 -9999.0 -9999.0 -9999.0 -9999.0 -9999.0 -9999.0 -9999.0 -9999.0 -9999.0 -9999.0 -9999.0 -9999.0 -9999.0 -9999.0 -9999.0 -9999.0 -9999.0 -9999.0 -9999.0 -9999.0 -9999.0 -9999.0
-9999.0 -9999.0 -9999.0 -9999.0 -9999.0 -9999.0 27.3658757466 39.9713593957 89.232981688 122.591820345 9.88121795092 10.3732750228 9.96452763068 29.1702928845 237.763611268 7.22805870713 268.377317253 302.823379723 26.8238864282 17.2010352807 75.3115280266 9.26721835452 90.9206773641 17.3073489914 8.59078101552 18.2116495769 19.5018290033 10.0765904153 9.98452709913 9.44151852413 10.7337926584 21.3717744831 -9999.0 -9999.0 -9999.0 -9999.0 -9999.0 -9999.0 -9999.0 -9999.0 -9999.0 -9999.0 -9999.0 -9999.0 -9999.0 -9999.0 -9999.0 -9999.0 -9999.0 -9999.0 -9999.0 -9999.0 -9999.0 -9999.0 -9999.0
-9999.0 -9999.0 -9999.0 -9999.0 -9999.0 16.1196868401 30.3605430787 14.09831592 27.0778849169 136.169056761 158.722303428 180.637044316 607.636101306 9.82765855263 247.455513855 939.639615433 946.537688882 1263.02793211 8.56989065053 24.865526257 83.4481096414 7.98928156689 189.63111379 90.387659298 55.6881574681 46.8882967386 9.44849029118 29.2637480983 28.4873926705 18.8730519621 8.89886048845 30.7157902498 8.60024121795 8.3045541551 -9999.0 -9999.0 -9999.0 -9999.0 -9999.0 -9999.0 -9999.0 -9999.0 -9999.0 -9999.0 -9999.0 -9999.0 -9999.0 -9999.0 -9999.0 -9999.0 -9999.0 -9999.0 -9999.0 -9999.0 -9999.0
-9999.0 -9999.0 -9999.0 -9999.0 -9999.0 16.0561473387 45.7387829698 90.9038647111 104.104901089 205.957639881 217.949306947 256.973344004 417.544694245 642.892889114 665.320626527 676.025640844 17.1644462512 1294.96273677 1311.15860456 1353.65158468 1660.19644038 215.03927881 198.759978127 64.5323754666 8.39643241873 54.681631864 37.6052852335 7.80995558242 36.769340974 7.8731881977 16.9571165692 47.2622042365 55.6504316319 16.4002475204 8.11625170445 7.68163722473 -9999.0 -9999.0 -9999.0 -9999.0 9.25757860498 8.35124454164 -9999.0 -9999.0 -9999.0 -9999.0 -9999.0 -9999.0 -9999.0 -9999.0 -9999.0 -9999.0 -9999.0 -9999.0 -9999.0
-9999.0 -9999.0 -9999.0 -9999.0 -9999.0 14.9821591476 13.9106552851 61.0744826059 74.8524472772 89.4199613855 13.472900472 26.3926952984 151.91022976 28.5700376481 12.5194393599 10.6224519253 9.22657505863 11.1550126297 9.97765662183 10.5104517259 1669.19725018 1693.66460815 7.81942288699 24.2272285357 16.6459189936 62.6045756016 15.8703128366 7.45305976518 45.4082592221 15.36702822 37.721664828 95.3789287527 88.3182817846 24.4105938456 23.5504645769 8.19147657712 8.03891538106 -9999.0 -9999.0 7.96786475444 19.2876011857 45.2018569833 8.859911956 -9999.0 -9999.0 -9999.0 -9999.0 -9999.0 -9999.0 -9999.0 -9999.0 -9999.0 -9999.0 -9999.0 -9999.0
-9999.0 -9999.0 -9999.0 -9999.0 -9999.0 -9999.0 16.1856125525 16.9530978875 29.9503275685 43.9292421425 98.7545456829 125.696286361 140.282397438 15.6295605072 10.1234941355 144.684873162 176.374994802 185.711292911 226.133520167 234.711892155 8.62376610309 1702.52152062 1742.05959291 31.1190484802 4.41843957286 69.0171211553 151.738251112 60.144718879 14.405152906 7.18517228516 147.637894774 103.024972749 7.20882734631 7.151142751 30.9540443399 23.9382756917 7.57322503791 7.15554288215 7.93255804829 15.6202504897 7.48966622133 54.9220174718 62.0257208945 6.43700995924 -9999.0 -9999.0 -9999.0 -9999.0 7.67252139613 6.9946330487 2.10805439098 -9999.0 -9999.0 -9999.0 -9999.0
-9999.0 -9999.0 -9999.0 -9999.0 -9999.0 -9999.0 -9999.0 15.3695230738 12.5947467714 27.6756196847 42.4152393392 13.5385184361 12.1528687474 77.3092858475 100.704595805 125.081299693 11.4748090009 21.097749772 10.8003570699 244.039959381 545.5624427 554.989499739 2314.59987978 7.89771271629 12.6146304592 3.72370754159 158.717969703 7.33027046707 21.7733153858 7.02398193387 154.775448659 161.969662307 14.5306908659 14.15508682 78.1147251585 39.3212031212 14.964088775 7.80634273251 15.731967542 23.2691715521 37.7072655498 6.74949473638 74.2324473187 79.7334053128 4.71519073541 5.27891516855 5.54429843737 4.68967753616 4.30451396055 19.8600274453 7.4592695655 4.51371811261 -9999.0 -9999.0 -9999.0
-9999.0 -9999.0 -9999.0 -9999.0 -9999.0 -9999.0 -9999.0 -9999.0 27.8689399055 38.8230668447 13.1894112029 27.514936199 40.5177673774 66.6752098901 13.0847712563 12.1467524797 9.78726616324 9.883615069 8.57753842331 282.321618244 11.0385032442 20.987002757 2345.34154755 2362.56677118 5.77182535281 24.3522227299 189.280675928 14.2376679951 27.9835394005 12.7004211343 18.7778343863 189.130564344 20.9177889737 111.765635945 91.5012616175 6.7034543173 37.4279647942 15.272427774 22.8170717078 6.9439652439 44.5282872551 57.1358680686 61.8262403423 66.1200410713 97.4635244146 9.02547980842 9.61293621279 8.27641696337 7.4968756817 23.9943654903 4.55900790902 16.6984704787 20.7069233562 -9999.0 -9999.0
-9999.0 -9999.0 -9999.0 -9999.0 -9999.0 -9999.0 -9999.0 -9999.0 14.9065674514 68.3831288372 80.9066777883 12.4747412532 24.3980270677 11.853947661 10.523297981 10.298701845 135.458215511 181.375638857 225.032278644 272.045440391 11.4526039761 10.3947693746 9.35131314978 2406.80705953 2426.21083756 2432.27100929 251.864760735 55.9061027497 48.7434665748 5.84561102155 24.4448795853 219.547486816 5.85880715072 117.760310322 6.78495904417 48.6763814468 44.9821940651 7.25917811859 29.9006006862 13.9258500876 20.7730273034 5.6452390389 4.14373025105 70.3246964366 74.0202157621 101.144853985 13.631672234 11.9854194594 11.0049009737 28.9889147306 38.3037768893 4.6496079494 25.1581284384 4.99941569588 9.21817380014
-9999.0 -9999.0 -9999.0 -9999.0 -9999.0 -9999.0 -9999.0 -9999.0 -9999.0 16.1916845419 95.1080965415 107.206637304 36.4155259643 60.4351942425 82.2093938034 93.5926594969 12.2731598666 35.8415183177 24.0947742793 13.0808130138 12.1151404134 10.0433199729 19.6354043879 33.4194321946 10.6620477638 2702.12867592 2708.04153538 5.12871792162 4.43261120647 11.8315877835 17.6640857698 236.944093951 11.5820190667 122.891173737 73.588795308 61.0895373796 6.85142746788 13.8046056065 36.1909002353 6.29888705587 26.8720579885 11.6582199197 6.63714570784 2.78275548245 83.4746295415 187.54501383 16.1987421624 14.6433686264 14.6689924969 3.83287685776 42.0888462755 3.63742652835 33.5703355163 4.29101130358 13.579656946
-9999.0 -9999.0 -9999.0 -9999.0 -9999.0 -9999.0 -9999.0 -9999.0 -9999.0 -9999.0 12.7328516551 132.768205931 11.8068793335 23.7295145132 34.2648917598 54.7708960348 10.613689841 22.9475047607 11.1091706954 9.93313570687 9.24106784256 18.2296262708 7.92193544877 8.31030155247 15.2690879115 8.92374855406 2715.69100088 2726.86022641 2743.13000466 22.6273655632 5.91866391273 11.8013379203 243.238667274 225.822963921 86.6698402568 6.37791590204 27.0577809659 20.3516257739 42.5053915682 12.5492350038 51.052838722 17.8189862446 11.0443820444 1.76731385458 3.2516308063 192.077612758 195.859064595 229.683364823 26.98324073 8.04733351118 46.3315949867 54.0984062125 91.2012350377 8.4188120537 3.82360169182
-9999.0 -9999.0 -9999.0 -9999.0 -9999.0 -9999.0 -9999.0 -9999.0 -9999.0 -9999.0 -9999.0 7.69529751353 148.158012533 11.5878502206 21.9773477938 97.1734019875 10.6106142761 10.3662035888 8.75442976471 19.250302093 9.65128784212 37.3773179774 53.3028552727 60.3360460161 21.3199976154 25.8437569782 5.36788957646 7.53406066531 7.06262794606 2778.29869449 2794.71663695 248.336425793 236.507486074 231.245354864 10.7673646375 5.16010098585 32.8949743701 87.2338837324 48.5135800416 18.4237880239 75.3785801553 23.0932928567 17.690024456 3.53008361607 1.4544623017 1.26596610651 1.7205784518 240.555314945 279.676299426 4.01408749054 3.5196998924 4.08676707438 95.2087192212 107.276981734 6.78702789683
-9999.0 -9999.0 -9999.0 -9999.0 -9999.0 -9999.0 -9999.0 -9999.0 -9999.0 -9999.0 -9999.0 6.77095117742 163.890919614 201.046611535 10.6117465541 117.975467818 9.40225029483 8.74069303404 17.7924106389 46.4137321976 9.05319833235 9.88295706967 7.73437756546 75.5990992912 82.8050702613 116.51866452 127.742056412 133.426532501 138.408560416 143.794923786 2944.46625708 3201.7174416 3446.43867647 3450.2937391 4.01742726074 5.10500567427 99.0028569177 93.1672084103 5.86309792544 5.6830678021 81.7824014492 110.957340111 4.52592286632 55.1204577448 51.81732312 9.38555449747 4.20851138029 7.64610773257 4.76664934897 286.649598033 3.50207491395 10.7031774725 13.1878296428 128.719324141 137.114803657
-9999.0 -9999.0 -9999.0 -9999.0 -9999.0 -9999.0 -9999.0 -9999.0 -9999.0 -9999.0 -9999.0 14.1045639528 26.7749969175 213.094754346 232.680241266 9.95015725287 137.882729707 7.70345370513 24.0513376091 54.6093055808 17.3050071285 8.17958450371 17.1271316795 6.52453353847 12.5720436212 6.1692615188 5.32091441336 3.78515526731 3.27740829998 2.56555398427 2.11714864393 3.46397967854 5.01608290516 6.04088590176 3463.84388302 111.88141031 104.270630099 2.47931812451 16.2361318245 3.95632473144 3.99019148572 116.185028277 188.245609349 61.6616703519 48.4494664044 6.23517558641 2.2858729524 1.89248532862 5.13522001257 295.52279978 301.968707755 3.43500700471 3.52254336403 2.94583485968 1.93669010384
-9999.0 -9999.0 -9999.0 -9999.0 -9999.0 -9999.0 -9999.0 -9999.0 -9999.0 -9999.0 -9999.0 -9999.0 10.631596901 170.147807785 413.648732902 447.785053262 595.172209633 605.470468742 122.251116101 88.7811930649 25.6974878908 7.97519475578 32.8006184694 40.2247051845 59.1919297319 12.8245589134 11.2760403236 9.92356893165 19.0707717381 8.27235987689 7.40432117738 3.95181324399 1.80321638202 1.74172055086 3467.75740269 3582.92121421 3586.77761415 2.36064452334 40.7287819564 19.379915737 5.94884489108 208.409511202 14.9135610639 7.88149701594 33.4197256287 6.29313052693 4.09506053849 7.39746820223 10.1827642617 13.5083759535 307.113487912 2.33765665025 1.93856232471 1.93099647257 1.40486059804
-9999.0 -9999.0 -9999.0 -9999.0 -9999.0 -9999.0 -9999.0 -9999.0 -9999.0 -9999.0 -9999.0 12.7424364916 131.157362445 158.592894381 24.1523272048 8.125881339 16.9188702857 631.560064419 640.599776019 772.780806854 7.11026425578 14.9687156209 6.30300807098 6.43861097777 65.4935345827 84.5899763637 101.181467695 5.41046234159 24.464710727 37.9894845266 21.2817524851 8.99662904514 5.43004402623 3.81355407435 3.69775060926 1.64119383262 3589.26938335 3590.90644535 3634.98146941 9.14230809941 5.05550495621 213.7476612 15.6221762601 8.23625771003 9.50698326717 9.41651387248 7.65646560476 12.2898200163 33.6853131014 50.9080893474 360.534017071 1.66823888923 5.01807812176 3.40423649742 2.74164989865
-9999.0 -9999.0 -9999.0 -9999.0 -9999.0 -9999.0 -9999.0 -9999.0 -9999.0 -9999.0 -9999.0 13.2623816184 95.4076082558 14.393898155 11.3594152148 65.2565013579 75.1134757939 84.8381956732 93.155633135 1064.86422961 1072.42155101 1087.27057362 1201.06172064 1220.16714631 1230.08046436 1236.69855246 1348.36977209 1361.52620018 1367.06278148 1411.4005257 1438.95097087 1444.04439354 1457.9914511 8.45139014262 6.27883293183 0.877310722028 0.769363807497 3593.00112654 3648.65214836 12.1975830776 252.05486873 247.35429682 28.143869043 6.43096611905 6.52540234891 6.13941127571 6.33655217075 12.7677271588 17.6814004641 4.52405439696 362.882053041 365.428779083 375.958810682 377.933686396 382.506877976
-9999.0 -9999.0 -9999.0 -9999.0 -9999.0 -9999.0 -9999.0 -9999.0 -9999.0 -9999.0 -9999.0 51.1071596106 67.1042938241 29.5602754351 43.2838885829 13.4034944433 151.61372622 162.21704358 183.188127893 190.613443694 66.2077995776 1166.30603942 1173.4184887 5.83832639748 3.32824443142 2.76129431056 6.52221606509 2.81623562923 1.96149153863 1.71825669613 2.0691088009 1447.97305509 1462.43744057 1476.59936653 1487.51637475 1490.84680983 1.14430622211 0.317145034774 3908.99584229 258.947646647 257.160812052 5.3997242976 4.85737544197 4.15489539715 10.7372754784 10.3712617058 4.62653518117 4.68389119026 4.26764659999 8.64550705889 11.0012743242 1.4078243605 2.49978503325 1.08057252227 0.501507644383
-9999.0 -9999.0 -9999.0 -9999.0 -9999.0 -9999.0 -9999.0 -9999.0 -9999.0 -9999.0 -9999.0 -9999.0 34.9852637919 15.5677494279 13.2359539229 130.329264575 141.648070177 11.323734691 42.8445750642 52.4150655083 59.8988837896 8.9047138049 5.42235379214 172.406449922 176.465469775 180.155741058 458.165244203 460.511514706 464.161333685 487.873245402 498.08409381 499.484764336 1.5335067038 1.69588578762 1.89887759341 1493.34289952 0.83718319985 3944.66709907 3943.36264283 33.094991378 30.6315770536 19.7198099814 4.87473732387 8.33344805979 15.0492759029 14.6911900194 8.84073538068 4.39323771495 8.55268337391 8.4162834835 14.5301216183 1.83495930508 4.10745460423 7.23549000368 8.31643002334
