data/baseflow/mHMbf_acc572.asc
ncols                  80
nrows                 72
xllcorner      4374000.0
yllcorner      5656000.0
cellsize            500
NODATA_value       -9999
[rows 25 to 49 of 72, columns 0 to 54 of 80]
-9999.0 -9999.0 -9999.0 -9999.0 -9999.0 -9999.0 -9999.0 -9999.0 -9999.0 -9999.0 -9999.0 -9999.0 24.7622758649 48.8793884691 22.3654817893 45.0365570092 19.3315728589 149.12540212 186.066683707 205.632278688 17.73092457 33.0937062738 331.013528097 406.168603397 419.583994361 31.9621829156 28.4069202673 41.3699824081 8.4560583118 7.42673275011 13.959839706 6.29095031869 514.441115899 520.62072453 527.009725146 3947.59587025 8208.63173881 8162.21314265 9.60872983272 4.67617915354 4.00498892684 14.2457827276 11.0257637949 35.2899203461 51.4389639177 104.355717244 8.97775201466 8.90442890084 84.2196573862 91.6138864122 178.476280803 183.32911498 193.118858101 196.701243157 3.21555382379
-9999.0 -9999.0 -9999.0 -9999.0 -9999.0 -9999.0 -9999.0 -9999.0 -9999.0 -9999.0 -9999.0 -9999.0 -9999.0 22.1255586461 44.7923332093 67.8370624182 108.688204338 21.2211143122 18.930998532 141.258537191 158.345479967 301.866813474 319.595581194 48.5717259485 16.6278668428 15.2887980389 13.9583723628 472.842222021 481.639963597 489.630035707 496.178118118 508.61555605 74.082695369 80.7402447927 614.451245723 12774.3118898 36.6445401062 30.5412884805 14.8399141228 3.76679107304 3.05528294286 22.1309920957 24.7124295665 41.0254570803 2.70681917703 107.735115541 13.9177816368 13.5106841826 2.45073824438 1.75537706136 1.64438972965 2.07812828842 1.74305228802 198.519934692 2646.38441047
-9999.0 -9999.0 -9999.0 -9999.0 -9999.0 -9999.0 -9999.0 -9999.0 -9999.0 -9999.0 -9999.0 -9999.0 -9999.0 -9999.0 21.964724512 44.2403976721 64.396110047 84.6237175319 103.584202426 123.343787648 55.0247785119 92.4830512859 17.1609516823 16.4185789321 398.808299916 429.856791563 444.370888366 460.659670701 11.6565395277 20.4392762015 51.9616471748 60.3997726889 67.5714627641 7.91732462275 7.23404368561 12793.8150371 6.4318975683 10.0860911758 4.89829735134 14.0022545836 6.51618761779 4.11907781344 69.876701751 73.9877017688 2.5190404904 110.832681176 127.130953476 15.7973893125 2738.83892471 2734.33688473 2730.27930734 2721.2280172 2717.23801939 2655.81660545 2652.95813803
-9999.0 -9999.0 -9999.0 -9999.0 -9999.0 -9999.0 -9999.0 -9999.0 -9999.0 -9999.0 -9999.0 -9999.0 -9999.0 -9999.0 5.26073493891 11.8321770531 19.948280083 183.032575253 201.595744783 19.0497152852 18.3492591012 18.1288267764 332.524460807 367.571586868 16.8531973054 16.9461174259 12.835478596 52.47461622 65.2174122519 33.9555478878 41.8906938709 305.419191266 314.085123603 332.931201265 517.464851351 13315.874713 6.77922976408 3.99490441738 20.6968304906 17.3090126436 3.23316648547 10.9664362209 14.4698431324 78.0805571198 81.591046902 215.249199288 128.406360354 17.0169453271 2800.46970891 30.1293803728 2726.56406954 2724.09159818 57.7729027195 2.66102264516 3.62393318544
-9999.0 -9999.0 -9999.0 -9999.0 -9999.0 -9999.0 -9999.0 -9999.0 -9999.0 -9999.0 -9999.0 -9999.0 -9999.0 -9999.0 27.3491504912 44.7006240806 92.2953708867 162.140646229 220.262508866 262.100547171 280.155919035 298.812214462 316.894996672 16.9545672088 14.836762414 28.7228598937 26.5846238118 13.5433489219 266.80689934 279.064886264 290.534212304 301.261187042 156.460241375 164.522032908 175.813841891 13319.8498752 11.9648923464 12.0648425316 35.0217274047 2.89028400256 7.73097124113 4.28772605069 3.15764453365 18.0499631731 2.6456356186 2.87450159346 3032.92275478 2815.51322847 2812.44776501 12.8771437719 27.9919736329 17.3593016697 3.58895253571 51.3536027325 13.211827405
-9999.0 -9999.0 -9999.0 -9999.0 -9999.0 -9999.0 -9999.0 -9999.0 -9999.0 -9999.0 -9999.0 -9999.0 -9999.0 -9999.0 19.06865632 17.6905234744 34.5588915281 52.7631370255 21.2869984589 21.2385642293 39.5885895796 57.2209208355 89.5182170199 105.742425659 119.97355499 163.524828171 176.357603246 190.168651065 12.0561805387 124.396782894 134.251563264 142.667331513 6.274096327 2.43549424255 4.46094150805 13486.9511634 13490.6453505 13510.1954245 43.2492736115 5.9264356236 11.7373879285 3.20877287854 5.5333774328 20.6815426083 25.5026990846 5.0811103272 3046.57117006 4.80973475644 7.0548063471 7.65537930488 6.269821128 10.6867053813 4.37886425342 35.276754397 26.3322767295
-9999.0 -9999.0 -9999.0 -9999.0 -9999.0 -9999.0 -9999.0 -9999.0 -9999.0 -9999.0 -9999.0 -9999.0 -9999.0 -9999.0 -9999.0 16.652984814 32.88697848 16.3116083479 33.4843160265 207.827707102 225.113596442 241.816799061 16.3694475381 16.2982640825 30.4908328596 44.8656872 69.354428178 82.0897578176 89.6564212295 100.809925448 9.08372886783 7.39770604009 148.683128294 152.055923522 155.069106516 158.649138728 128.393916231 13653.3301515 13718.0846089 13720.5164835 13734.2647938 13746.4372684 13754.7976091 2.41859823752 27.6972558822 3049.00256763 6.01081106964 3.10127015001 3.95267871424 3.73182225608 6.19187960625 5.17152598803 3.11903270725 5.02463429293 4.38430889382
-9999.0 -9999.0 -9999.0 -9999.0 -9999.0 -9999.0 -9999.0 -9999.0 -9999.0 -9999.0 -9999.0 -9999.0 -9999.0 -9999.0 -9999.0 -9999.0 48.766266773 65.9884149399 117.568212619 156.115469718 20.493747761 281.193239102 296.800073608 311.499510965 14.2862924193 27.8431498706 12.0393915692 92.1521511324 98.182309205 108.106506392 118.196807072 140.632732336 144.614480139 2.37316627171 113.966421103 121.068751056 124.960082484 139.299080285 17.952008815 11.2840327459 6.50461680455 6.02053479362 13763.1943636 13767.5179355 13813.8277017 3051.45831149 17.0942255597 8.92950020726 6.12687501247 1.64270709128 17.1566894076 8.75258260217 2.6741467381 14.8217797775 12.6590879943
-9999.0 -9999.0 -9999.0 -9999.0 -9999.0 -9999.0 -9999.0 -9999.0 -9999.0 -9999.0 -9999.0 -9999.0 -9999.0 -9999.0 -9999.0 -9999.0 17.6627897255 83.30416382 101.549541852 21.333200579 17.0605796204 34.6513307305 50.2911791597 376.960123397 13.9954104489 56.5627118001 69.1342243858 81.4263742591 6.7008901364 15.5190617272 19.5389401703 91.568090921 100.883334138 104.422104866 3.75985598835 3.21850649141 3.70648014202 6.8464722994 2.72607782291 2.7622971798 4.71814709201 3.48640815159 4.7028765206 15.8038965576 13818.5721509 16881.1954567 21.8373560741 3.31963322029 1.9449935665 52.5124151446 48.8041256073 28.6971091867 25.6394562765 18.9089797119 4.80428450543
-9999.0 -9999.0 -9999.0 -9999.0 -9999.0 -9999.0 -9999.0 -9999.0 -9999.0 -9999.0 -9999.0 -9999.0 -9999.0 -9999.0 -9999.0 14.6566254012 48.3526958509 16.0486694958 20.5331676745 18.8644120073 36.0948058279 52.878136512 69.0538776817 461.644051403 474.780517473 13.5973013385 25.9881041599 38.5136036369 46.6606148825 55.1024301136 79.3621093586 87.9479204034 4.7515623087 4.20648753069 3.18050271557 4.28784138467 4.57695397383 5.06930919997 4.18783337215 4.99360174761 18.7916103755 8.53016400052 4.78865453592 4.64203668698 3.97571483832 7.29125552463 17044.4480873 139.11033578 64.0225020512 6.28032459395 2.78222609329 2.11199702442 6.98715570948 4.65428466017 2.27946633259
-9999.0 -9999.0 -9999.0 -9999.0 -9999.0 -9999.0 -9999.0 -9999.0 -9999.0 -9999.0 -9999.0 -9999.0 -9999.0 -9999.0 15.250563699 29.7911022446 108.857086537 15.7957677917 40.6835059881 58.744686477 75.2462256403 17.4158238374 32.2946289434 49.1481616876 538.460885491 12.6915763203 24.1746043264 35.8061174095 10.3718037385 20.2653278149 24.326786654 31.5956321538 928.065545576 937.461014886 945.815210154 992.794567966 1005.63182355 1039.76796325 9.34943146504 19.4454598691 23.1406352755 1145.10314324 1153.45903619 4.23604505828 6.89744183102 9.4674866854 17047.7507574 133.81344101 60.3352322023 56.8555536389 47.0850011901 41.817891588 9.2771510979 2.36535676575 4.10590058242
-9999.0 -9999.0 -9999.0 -9999.0 -9999.0 -9999.0 -9999.0 -9999.0 -9999.0 -9999.0 -9999.0 -9999.0 -9999.0 -9999.0 15.5177508649 47.1943125448 171.583049524 254.045235796 14.2129010881 335.414840317 426.424165172 15.8329091624 30.1388840908 46.4342683643 671.811283868 685.747580496 10.9736845839 57.9603331228 67.7431353682 75.2739794879 863.684502521 880.292081354 892.491340287 6.06407707644 33.0975844267 39.8041775881 17.9548399984 25.7333296488 1075.06832079 1106.05645527 1112.45830986 1118.46918872 1160.43336819 3.38653892018 3.02318136975 15.0511509839 17051.9439871 5.81208964923 2.06494779633 6.95656600963 2.77566504863 37.2398286634 32.2219801898 19.1197168226 13.3363277322
-9999.0 -9999.0 -9999.0 -9999.0 -9999.0 -9999.0 -9999.0 -9999.0 -9999.0 -9999.0 -9999.0 -9999.0 -9999.0 -9999.0 -9999.0 -9999.0 33.4182226238 67.5946955563 302.166874776 319.5175636 441.605682208 457.743986561 15.5598115048 31.1196167124 73.6060976189 700.156445857 724.430233479 734.205850616 7.93779792537 767.250429705 783.578290509 11.2181895741 6.11085897545 11.2680895337 22.2389679807 5.59102286883 11.2346600288 23.7428525383 30.0909201047 6.14123120902 4.01893646664 7.93029109382 1187.61343112 1195.37883244 1197.9354999 1220.35152125 17055.577091 4.25011621895 1.24270850488 1.89678442248 1.69621297484 1.76981724377 1.35526105236 2.41452348196 1.97330365495
-9999.0 -9999.0 -9999.0 -9999.0 -9999.0 -9999.0 -9999.0 -9999.0 -9999.0 -9999.0 -9999.0 -9999.0 -9999.0 -9999.0 -9999.0 -9999.0 17.6139919268 17.240022533 17.080490661 34.6642775004 15.3962374863 488.26520817 502.856673953 14.7490990738 28.551684436 14.2291799716 11.9635625329 11.5773312114 752.824992653 5.0458478137 10.6355903322 6.14325286103 5.96961368235 5.40725640261 4.19060775639 4.39673502964 13.6673402635 18.8593486664 3.65748533269 3.17532419664 7.07215412382 12.0490775732 14.6928107971 3.52401215348 1202.16791643 1223.10835814 17058.2133224 10.4271503239 3.10781478024 0.748878842413 2.18847223669 0.51446968299 0.342114513124 2.81933493408 9.63312113717
-9999.0 -9999.0 -9999.0 -9999.0 -9999.0 -9999.0 -9999.0 -9999.0 -9999.0 -9999.0 -9999.0 -9999.0 -9999.0 -9999.0 -9999.0 -9999.0 -9999.0 -9999.0 17.0131800057 50.3345557966 64.3584601812 79.2748657418 517.238360098 531.284726111 545.328549813 560.834389 572.041380137 595.289558152 600.271890875 604.793865495 608.898492543 4.95909951974 4.65558554875 5.0802072658 18.3413901489 4.99562901526 4.80380138216 3.62231183641 10.7099099193 4.42326339694 3.37309942893 3.08026831165 2.573806404 5.13433462188 7.48377433711 1238.72395541 18310.1367997 2.93095957764 6.05129617918 0.507539125039 2.67961172552 1.05397361598 0.690110437017 19.672671827 15.4771450082
-9999.0 -9999.0 -9999.0 -9999.0 -9999.0 -9999.0 -9999.0 -9999.0 -9999.0 -9999.0 -9999.0 -9999.0 -9999.0 -9999.0 -9999.0 -9999.0 -9999.0 -9999.0 -9999.0 14.2799568879 112.67157337 222.832872549 238.45414535 18.6231584062 33.3842403017 46.8309293024 58.0463565056 132.690630648 137.774428552 4.96626834753 4.89616955948 618.586334876 627.432279399 631.614315783 21.7056913485 3.15662804073 8.28451484858 12.0569113204 36.1193822956 44.363396861 50.7818192385 5.78195566779 8.01676436233 2.76456896792 5.49556683486 2.92911157885 18315.5971205 2.73161651962 11.2444024498 3.48891075786 7.51914108842 22.5521810835 24.5502583636 45.5799945701 14.6443227396
-9999.0 -9999.0 -9999.0 -9999.0 -9999.0 -9999.0 -9999.0 -9999.0 -9999.0 -9999.0 -9999.0 -9999.0 -9999.0 -9999.0 -9999.0 -9999.0 -9999.0 -9999.0 15.8431033851 50.3577816547 98.6484222127 128.965169647 331.539643025 348.383197137 28.1440339694 41.7527118774 53.2698207597 64.4906335542 142.403680991 152.241430658 256.716492311 263.890715213 267.920480134 636.071237834 669.646817796 7.909574861 5.45120520018 5.17496087689 9.98681092282 4.54724470039 59.4846672039 62.5214944381 10.5379421175 12.81425704 2.75511427514 3508.26539301 3514.80811555 21834.5243347 21849.8071479 2.80076639829 13.2955778152 6.79886533714 5.04078546658 53.5988393583 70.4493335055
-9999.0 -9999.0 -9999.0 -9999.0 -9999.0 -9999.0 -9999.0 -9999.0 -9999.0 -9999.0 -9999.0 -9999.0 -9999.0 -9999.0 -9999.0 -9999.0 -9999.0 -9999.0 -9999.0 17.9609241752 17.4709740383 33.117919769 78.7980575484 362.79761006 14.4117823614 14.2019401364 25.786832697 37.4293177736 86.3602638519 92.3526701426 3.91343105186 5.05564270815 274.019908336 278.974121558 952.411236256 955.909504164 2.84038342929 2.47188098469 2.08581013152 2.10860049915 2.31431515263 3453.31417853 3472.57717142 3487.87464221 3493.00627462 3505.90162457 3.49395907154 12.7343031968 15.742373498 21872.0945585 21874.1739594 21875.9223314 21878.1094555 21880.2038724 73.5126693238
-9999.0 -9999.0 -9999.0 -9999.0 -9999.0 -9999.0 -9999.0 -9999.0 -9999.0 -9999.0 -9999.0 -9999.0 -9999.0 -9999.0 -9999.0 -9999.0 -9999.0 -9999.0 -9999.0 -9999.0 16.095080809 16.807906066 31.2875777638 423.871493991 438.844166171 13.8569123496 25.3532701672 37.3119205722 44.1173994263 5.41981513489 11.1159291503 888.634972279 893.428583914 897.245694974 932.017172478 1891.6402641 3333.67132282 3340.55734965 3346.919584 3352.95141772 3379.12959575 3387.75444626 16.5723655994 7.37724936143 4.60546158909 8.60122601125 6.32478548434 10.1060952557 3.21282544528 69.838167704 80.6043329965 88.8778213677 90.2182842768 21881.6512055 21957.6073906
-9999.0 -9999.0 -9999.0 -9999.0 -9999.0 -9999.0 -9999.0 -9999.0 -9999.0 -9999.0 -9999.0 -9999.0 -9999.0 -9999.0 -9999.0 -9999.0 -9999.0 -9999.0 -9999.0 -9999.0 -9999.0 16.4261799529 31.5256021916 46.684287186 451.285781181 14.2287572666 608.863865946 621.141464812 626.127934528 631.713115804 864.783512581 871.487951727 5.43807468186 26.1198365429 31.7105827993 5.73671098133 1435.17951492 1424.83451478 3.24329360535 7.60612680776 20.8235228245 4.66868383421 5.11239384883 3.74672505352 3.2194048784 2.4206513721 2.97714428319 59.4864986541 62.6945013379 66.5916532246 7.70789959623 5.71731665558 93.3879344086 95.6441141298 96.6162231484
-9999.0 -9999.0 -9999.0 -9999.0 -9999.0 -9999.0 -9999.0 -9999.0 -9999.0 -9999.0 -9999.0 -9999.0 -9999.0 -9999.0 -9999.0 -9999.0 -9999.0 -9999.0 -9999.0 -9999.0 -9999.0 15.0411180688 14.1508900559 73.3489431838 553.911340483 582.669909167 597.703714786 12.6591342845 221.185987005 225.838752888 228.049480379 5.99316706835 12.2190782506 17.7332747931 337.39155491 341.61178991 345.294036705 1417.84291183 877.142705444 4.32430161772 4.52179218419 4.29327524725 3.38488281015 35.1574105676 42.5562792864 48.9479408133 52.6640930624 56.2265761447 345.501067682 347.928777503 350.349548741 355.751176471 387.150180738 388.494771312 486.550979885
-9999.0 -9999.0 -9999.0 -9999.0 -9999.0 -9999.0 -9999.0 -9999.0 -9999.0 -9999.0 -9999.0 -9999.0 -9999.0 -9999.0 -9999.0 -9999.0 -9999.0 -9999.0 -9999.0 -9999.0 -9999.0 -9999.0 29.5144490597 45.0724594178 15.9494681104 13.9342714703 180.03095262 193.123611422 201.830150656 71.42642591 75.4661948376 80.2182251469 85.6834476048 327.757774181 333.66036824 182.103149432 532.286128945 536.841868015 873.632270957 9.01598088065 4.56473709143 3.12986230928 24.159826444 28.4690483439 2.64769680408 2.45359904296 332.802094159 339.507600676 343.048080311 2.68460566088 3.88471915109 382.091573747 3.04944065487 12.1166101088 13.2115508976
-9999.0 -9999.0 -9999.0 -9999.0 -9999.0 -9999.0 -9999.0 -9999.0 -9999.0 -9999.0 -9999.0 -9999.0 -9999.0 -9999.0 -9999.0 -9999.0 -9999.0 -9999.0 -9999.0 -9999.0 -9999.0 -9999.0 14.8284592825 29.3649486951 122.816016382 138.814818376 153.796868249 56.9264790325 67.1162687323 4.93719169836 227.687130626 232.026823175 236.476902871 5.18858216244 171.213702463 177.342602101 4.5926888422 850.086184215 10.083049172 4.94625590658 13.0395141501 17.6210904856 3.49640316522 2.78565252401 299.910641274 326.621353979 330.727084813 4.00549204072 8.71680391401 10.8641471584 12.8400313289 24.7558241899 4.38602070547 10.0406671748 1.85494635817
-9999.0 -9999.0 -9999.0 -9999.0 -9999.0 -9999.0 -9999.0 -9999.0 -9999.0 -9999.0 -9999.0 -9999.0 -9999.0 -9999.0 -9999.0 -9999.0 -9999.0 -9999.0 -9999.0 -9999.0 -9999.0 -9999.0 14.7265464713 46.2417760057 79.3004062092 17.1892985512 30.6619407062 44.6571489816 207.636257452 214.143095989 218.567444952 3.77556600551 143.101469154 156.173708237 161.160201081 3.07436496226 830.061761747 841.068241244 5.19161541912 4.71934908712 9.54468894019 3.91822869451 280.374506688 287.512536568 291.935435923 16.7573835272 20.9002715468 3.57571014273 6.38926459651 2.84165374256 19.2357804313 2.9993250505 2.63916440892 2.83746773883 2.92715718979
-9999.0 -9999.0 -9999.0 -9999.0 -9999.0 -9999.0 -9999.0 -9999.0 -9999.0 -9999.0 -9999.0 -9999.0 -9999.0 -9999.0 -9999.0 -9999.0 -9999.0 -9999.0 -9999.0 -9999.0 -9999.0 -9999.0 -9999.0 16.1682578902 17.1358189778 17.3410166785 142.900857432 156.399175977 195.869971632 8.02514239397 126.074186537 136.024827696 4.35741329484 9.34669975184 3.50378949393 818.387459822 4.5149997485 12.9921849513 16.6420953223 19.8424536842 256.025012445 268.781310544 273.514500106 4.74540328119 8.90263127122 12.6327679022 2.3077823702 2.08264955899 797.665355122 799.84582956 801.595651098 821.124679075 823.515916324 826.951623664 829.214666356
