data/baseflow/mHMbf_acc569.asc
ncols                  80
nrows                 72
xllcorner      4374000.0
yllcorner      5656000.0
cellsize            500
NODATA_value       -9999
[rows 0 to 24 of 72, columns 0 to 54 of 80]
-9999.0 -9999.0 -9999.0 -9999.0 -9999.0 -9999.0 -9999.0 -9999.0 -9999.0 -9999.0 -9999.0 -9999.0 30.1718790062 23.2199349672 -9999.0 -9999.0 -9999.0 -9999.0 -9999.0 -9999.0 -9999.0 -9999.0 -9999.0 -9999.0 -9999.0 -9999.0 -9999.0 -9999.0 -9999.0 -9999.0 -9999.0 -9999.0 -9999.0 -9999.0 -9999.0 -9999.0 -9999.0 -9999.0 -9999.0 -9999.0 -9999.0 -9999.0 -9999.0 -9999.0 -9999.0 -9999.0 -9999.0 -9999.0 -9999.0 -9999.0 -9999.0 -9999.0 -9999.0 -9999.0 -9999.0
-9999.0 -9999.0 -9999.0 -9999.0 -9999.0 -9999.0 -9999.0 -9999.0 -9999.0 -9999.0 -9999.0 -9999.0 59.8725119259 129.743246596 20.183924374 -9999.0 15.9414835433 -9999.0 -9999.0 -9999.0 -9999.0 -9999.0 -9999.0 -9999.0 -9999.0 -9999.0 -9999.0 -9999.0 -9999.0 -9999.0 -9999.0 -9999.0 -9999.0 -9999.0 -9999.0 -9999.0 -9999.0 -9999.0 -9999.0 -9999.0 -9999.0 -9999.0 -9999.0 -9999.0 -9999.0 -9999.0 -9999.0 -9999.0 -9999.0 -9999.0 -9999.0 -9999.0 -9999.0 -9999.0 -9999.0
-9999.0 -9999.0 -9999.0 -9999.0 -9999.0 -9999.0 -9999.0 -9999.0 -9999.0 -9999.0 29.1728942415 28.4625068998 29.1387980504 28.2605025131 184.210754237 206.457147177 44.1229094468 13.9205249926 -9999.0 -9999.0 -9999.0 -9999.0 -9999.0 -9999.0 -9999.0 -9999.0 -9999.0 -9999.0 -9999.0 -9999.0 -9999.0 -9999.0 -9999.0 -9999.0 -9999.0 -9999.0 -9999.0 -9999.0 -9999.0 -9999.0 -9999.0 -9999.0 -9999.0 -9999.0 -9999.0 -9999.0 -9999.0 -9999.0 -9999.0 -9999.0 -9999.0 -9999.0 -9999.0 -9999.0 -9999.0
-9999.0 -9999.0 -9999.0 -9999.0 -9999.0 -9999.0 -9999.0 -9999.0 -9999.0 28.764305528 57.5698206948 114.260333894 56.5144974184 27.6231151744 54.2482577091 233.022349982 312.241489405 16.549761805 -9999.0 28.1218712778 -9999.0 -9999.0 -9999.0 -9999.0 30.7110744155 15.3593140501 -9999.0 -9999.0 -9999.0 -9999.0 -9999.0 -9999.0 -9999.0 -9999.0 -9999.0 -9999.0 -9999.0 -9999.0 -9999.0 -9999.0 -9999.0 -9999.0 -9999.0 -9999.0 -9999.0 -9999.0 -9999.0 -9999.0 -9999.0 -9999.0 -9999.0 -9999.0 -9999.0 -9999.0 -9999.0
-9999.0 -9999.0 -9999.0 -9999.0 -9999.0 -9999.0 -9999.0 -9999.0 30.9738462243 89.4358958229 117.208995546 145.07966264 197.56127423 26.3128433578 105.678101358 131.541811585 488.668804247 24.6488595104 25.5515111333 53.6620895736 78.5980571504 25.6817024877 -9999.0 82.4917125348 67.5926085874 19.2147652097 -9999.0 -9999.0 -9999.0 -9999.0 -9999.0 -9999.0 -9999.0 -9999.0 -9999.0 -9999.0 -9999.0 -9999.0 -9999.0 -9999.0 -9999.0 -9999.0 -9999.0 -9999.0 -9999.0 -9999.0 -9999.0 -9999.0 -9999.0 -9999.0 -9999.0 -9999.0 -9999.0 -9999.0 -9999.0
-9999.0 -9999.0 -9999.0 -9999.0 -9999.0 -9999.0 30.6423828564 29.1757290661 28.6319926947 28.8967118176 28.8373798226 202.835559897 427.903553397 455.212326673 478.520236374 22.0971066628 535.496562864 560.295067552 50.1877670683 25.0586679513 103.125571722 178.788955649 25.1148426077 158.290541746 26.8076026878 26.6110301741 27.4378886558 -9999.0 -9999.0 -9999.0 -9999.0 -9999.0 -9999.0 -9999.0 -9999.0 -9999.0 -9999.0 -9999.0 -9999.0 -9999.0 -9999.0 -9999.0 -9999.0 -9999.0 -9999.0 -9999.0 -9999.0 -9999.0 -9999.0 -9999.0 -9999.0 -9999.0 -9999.0 -9999.0 -9999.0
-9999.0 -9999.0 -9999.0 -9999.0 -9999.0 -9999.0 61.2422764738 91.1663643483 208.163687014 293.187621531 26.8247756359 27.2215516171 26.2207565087 76.7452709949 579.736478964 22.6698473479 583.346675469 674.206683277 72.1861946006 48.4228007023 202.351582591 24.8888630589 182.909101656 50.3685715402 25.5393820073 51.6739194429 54.0657720543 26.5565659121 26.5010515633 26.2045067619 26.8814500113 53.968091122 -9999.0 -9999.0 -9999.0 -9999.0 -9999.0 -9999.0 -9999.0 -9999.0 -9999.0 -9999.0 -9999.0 -9999.0 -9999.0 -9999.0 -9999.0 -9999.0 -9999.0 -9999.0 -9999.0 -9999.0 -9999.0 -9999.0 -9999.0
-9999.0 -9999.0 -9999.0 -9999.0 -9999.0 32.2580040681 63.0281645082 30.5943637082 60.0316665695 322.900914494 378.390783337 433.334140203 1350.54523649 24.6945294911 605.364604289 2144.35898374 2161.10317751 2863.5336558 17.9409741721 71.5933928062 226.077468394 23.5948922522 462.876616091 255.872260271 156.77460536 131.430021959 26.3978160913 79.1529353809 77.9154911027 52.0392878247 25.5389769722 80.1210488967 25.48598965 25.3259668053 -9999.0 -9999.0 -9999.0 -9999.0 -9999.0 -9999.0 -9999.0 -9999.0 -9999.0 -9999.0 -9999.0 -9999.0 -9999.0 -9999.0 -9999.0 -9999.0 -9999.0 -9999.0 -9999.0 -9999.0 -9999.0
-9999.0 -9999.0 -9999.0 -9999.0 -9999.0 32.2881779607 94.753834755 188.603727504 218.121068193 432.185360559 460.393902858 547.324089311 892.054005026 1419.20356068 1469.64723181 1493.01161541 44.5909901659 2941.43105824 2979.80407722 3096.83509534 3879.71514647 534.161160073 487.436318344 181.213506787 24.0722214093 154.028440041 104.032083856 24.3864475616 102.038215886 22.2570880111 46.8732007165 128.579115368 153.120214143 49.7396429735 24.5969589241 24.2743961094 -9999.0 -9999.0 -9999.0 -9999.0 16.0953494714 13.8663867513 -9999.0 -9999.0 -9999.0 -9999.0 -9999.0 -9999.0 -9999.0 -9999.0 -9999.0 -9999.0 -9999.0 -9999.0 -9999.0
-9999.0 -9999.0 -9999.0 -9999.0 -9999.0 31.8040375041 30.7150101243 124.961796919 154.672597202 185.016812997 29.3362881131 58.3551962159 325.310580516 54.9266824954 27.5686476249 26.4517273767 24.361061483 25.4097180617 24.320162259 25.4087466371 3902.90934991 3973.46823108 23.3083020586 71.1286884998 48.0267738891 177.916732182 48.844682049 23.910397625 126.702733335 44.3512864972 106.6789363 272.268733132 251.801431052 74.435060006 73.4952826299 24.4997577609 24.4624175524 -9999.0 -9999.0 24.514684686 37.1041031055 79.9022469242 14.5768787511 -9999.0 -9999.0 -9999.0 -9999.0 -9999.0 -9999.0 -9999.0 -9999.0 -9999.0 -9999.0 -9999.0 -9999.0
-9999.0 -9999.0 -9999.0 -9999.0 -9999.0 -9999.0 31.9784392769 31.846628509 62.4302249795 92.8611149081 211.070106725 270.20039411 298.024071575 27.3892616125 25.730817976 332.666736798 410.648335749 435.765735468 537.327206955 561.476697935 24.0042264353 3997.49716868 4113.17243056 92.1490423978 16.2443192318 199.189615589 444.5761883 173.857806276 45.6210312511 22.6567214221 423.339518625 295.261977508 22.9009281115 22.6442848177 96.439556178 72.1805456706 23.8727000224 23.6786892163 23.7144471902 47.8765884427 23.2396776119 97.1252189024 120.421164703 22.638516793 -9999.0 -9999.0 -9999.0 -9999.0 24.3578090091 23.6051092776 6.43980913925 -9999.0 -9999.0 -9999.0 -9999.0
-9999.0 -9999.0 -9999.0 -9999.0 -9999.0 -9999.0 -9999.0 32.0235460325 28.6821483357 59.2102011387 89.3152221547 29.8055240905 26.9005652966 171.024092884 225.928901145 281.400820869 26.4014155567 51.888768327 25.5158667236 585.858986278 1285.35000924 1301.69185905 5459.01115482 23.2722656509 49.330026055 15.7833611533 467.207286892 22.778427372 68.5091855736 22.575942833 446.16676841 468.825074317 45.7616079282 45.1399657318 239.355085589 119.544253494 47.1929602234 23.7465074966 47.4493366252 71.3316854382 117.64528758 23.1996712275 165.998368243 188.271812282 20.8237810597 21.7311691968 22.2987676351 21.1501104087 20.308237707 69.8103642307 27.0717820431 17.7360430197 -9999.0 -9999.0 -9999.0
-9999.0 -9999.0 -9999.0 -9999.0 -9999.0 -9999.0 -9999.0 -9999.0 59.5065743621 87.2139423275 29.5700096892 59.5742047283 88.1308996519 144.432380604 28.2969713295 27.8734304368 25.4184708367 25.737355631 24.2371185674 650.518981286 25.5730084543 50.5201801744 5528.674348 5586.15910497 30.1918335085 108.82488361 598.96097228 44.5504791269 89.5865014316 43.2769889407 63.9164534163 556.74360522 66.9344444259 348.682619309 282.509238585 21.3171125062 115.597999054 46.3209727115 69.713206721 22.1775864813 140.065113087 185.557635222 205.522149321 224.854921479 267.467433728 39.8223221586 41.2187445319 39.2223882081 37.4051188585 89.198334616 19.3020670941 64.3997872962 82.3012511957 -9999.0 -9999.0
-9999.0 -9999.0 -9999.0 -9999.0 -9999.0 -9999.0 -9999.0 -9999.0 30.8554029308 148.175817228 177.303026791 29.1963872933 57.426153962 28.2316252517 26.8940874173 26.4922125673 328.15158702 437.768547472 537.467485432 633.200911674 24.7914589709 25.2244558634 29.6674145921 5702.28052696 5761.26319748 5790.66802811 809.111890029 180.071132661 156.124331082 21.0010501496 84.5669628168 662.227161131 20.9367484954 369.747938109 21.5616439114 147.977266076 138.432545378 22.3422347434 91.838608943 44.222522531 66.0075378047 22.0397868896 19.1032463079 244.038306402 262.082927617 285.472740851 60.0536928018 57.5107907627 55.3500687102 109.191397947 147.959680989 19.3210337591 100.583640091 18.7502111436 35.9210254966
-9999.0 -9999.0 -9999.0 -9999.0 -9999.0 -9999.0 -9999.0 -9999.0 -9999.0 30.7162590687 206.989354994 235.900478317 85.8204150317 142.472463951 196.567949274 223.820588225 27.2860392581 83.8991371835 55.0725190067 27.3218153674 26.8963629228 25.7172357384 51.87353693 90.750056856 34.3959218552 6662.73223787 6692.86489077 28.0162738465 20.9407657117 41.2035184764 61.2188515333 723.147134532 40.8237054172 389.213743151 228.759606483 187.416455268 21.4748673484 43.4982839791 112.662485276 20.7403856083 86.4348131833 42.5270442102 33.6509134923 14.0632301042 307.251656819 608.289972329 74.3855460221 72.1822682987 72.4951922327 17.2208334884 164.939507593 16.7001118272 136.162319006 16.9855455912 52.7408438142
-9999.0 -9999.0 -9999.0 -9999.0 -9999.0 -9999.0 -9999.0 -9999.0 -9999.0 -9999.0 28.8887416039 293.525124748 28.1802486472 56.079749489 82.7797326849 136.955906557 27.941549847 56.6474579199 27.9832929653 27.1562566601 25.8895396675 51.3558451617 24.0942753427 28.1235767721 60.0481404101 33.8310889065 6722.30984537 6778.85948469 6857.74140944 84.3611854695 20.1603463517 40.1929857445 743.624182087 718.529220914 270.453428833 20.7305508113 85.8506739777 64.6209423084 133.53489812 41.5376617218 170.130017275 63.0332562184 52.213389695 10.1016803896 14.520348972 626.595014548 643.463928269 805.467316837 125.580694142 35.1462384311 182.881956629 217.154552225 369.373486794 33.7428192449 15.7242174981
-9999.0 -9999.0 -9999.0 -9999.0 -9999.0 -9999.0 -9999.0 -9999.0 -9999.0 -9999.0 -9999.0 14.1643621236 324.290126651 27.1967105746 53.6054422849 244.677187718 27.7131851289 27.6690173762 24.9550638919 52.3389625686 24.8149644281 100.900701579 148.546173238 171.330093762 83.1764121987 109.716487292 29.6107968192 32.140368428 28.5392460149 6987.49785676 7049.25595754 762.669474342 756.290072282 737.52267555 39.2554108407 19.3021181839 105.534787257 278.670150823 153.487203418 61.4088613141 251.19653069 104.922827445 85.865279386 19.9767104882 8.75796648954 8.9529227376 10.8204421209 854.201016713 1029.34624049 16.7015737296 15.7996090651 16.3954509545 384.797413229 433.328245502 28.6880991451
-9999.0 -9999.0 -9999.0 -9999.0 -9999.0 -9999.0 -9999.0 -9999.0 -9999.0 -9999.0 -9999.0 13.9006412772 358.748314463 443.048922369 26.4897812718 297.854417657 26.2976689772 25.5947158134 49.478219103 126.627415074 24.4455632612 25.2349319211 23.4036848569 218.249113433 240.665601191 373.151449856 425.382293682 450.818272823 477.583545659 503.142220189 7578.06955487 8386.06913048 9186.04633668 9205.90147931 20.5658501042 19.342946694 318.10308818 298.526126786 19.6559652043 18.9922401903 269.118936741 393.728814284 17.4249525388 175.506469739 161.020430159 40.5043802444 21.0902672398 33.7567266818 17.2016080473 1060.25430728 15.4476367704 46.925007482 59.5685053632 531.986221203 569.140082675
-9999.0 -9999.0 -9999.0 -9999.0 -9999.0 -9999.0 -9999.0 -9999.0 -9999.0 -9999.0 -9999.0 29.6900817265 57.5048303641 470.497546207 521.449359144 25.702346396 345.605438843 23.9723072662 72.8013702142 150.159961439 47.6796090571 23.1714366481 47.2503871268 21.8781163025 42.0992165938 20.2772832048 18.806033705 15.7052811364 14.2007232207 14.31074787 15.0325446057 20.3353662688 24.873157692 28.0631766394 9275.4156656 402.827188959 359.58519601 19.5199225257 57.0657204224 14.0297354712 11.4604356448 412.332817039 643.901419494 195.237175223 142.248524753 21.9755747065 9.91248881095 9.33446917409 23.9423366385 1100.06005422 1130.36427003 15.6030202955 15.5872483173 13.8772180933 9.17733211657
-9999.0 -9999.0 -9999.0 -9999.0 -9999.0 -9999.0 -9999.0 -9999.0 -9999.0 -9999.0 -9999.0 -9999.0 26.9974888204 348.605120378 896.301928008 974.995028518 1344.74535118 1365.86078395 337.917080801 244.996949841 71.2328487009 22.9585921717 92.4442267958 114.403484474 177.01077157 41.1992124197 38.7623144858 35.8909055484 69.7875908612 33.7850726374 33.7961203045 15.9423243582 10.5570938652 13.986047953 9296.47734505 9711.12946606 9734.53055407 20.428153162 161.104734883 63.5922408237 19.3688388701 703.224233144 40.9849769133 20.9178562869 84.0848350446 17.9918078039 16.4839338103 31.4536902981 45.3130609312 60.2887384426 1157.45270922 13.0304284817 11.6419931853 11.6488623273 9.10409781822
-9999.0 -9999.0 -9999.0 -9999.0 -9999.0 -9999.0 -9999.0 -9999.0 -9999.0 -9999.0 -9999.0 28.8422016483 264.532691995 321.583219735 53.6732934033 15.0565892726 35.6333212054 1425.94388988 1447.66269336 1805.55457463 21.5378709108 44.3373770929 20.2626198952 20.5490671069 197.095748561 258.350165414 315.483835719 18.7784916411 88.4637616062 140.633915798 85.4446571759 33.9148166568 25.9566337462 24.8306342787 26.584894878 16.3413506858 9753.31809647 9769.73737942 9965.13604748 34.4691621995 17.8714536778 717.034094492 42.2566328583 21.5902723038 22.5238561685 22.3594513017 21.0879856503 38.2074354832 112.053553431 188.369608705 1358.83306654 10.4922401257 31.165357547 20.9339852266 17.3869893428
-9999.0 -9999.0 -9999.0 -9999.0 -9999.0 -9999.0 -9999.0 -9999.0 -9999.0 -9999.0 -9999.0 29.3380409883 180.447409904 28.9322948427 26.5012640975 133.051213239 157.374861496 182.428379151 205.690770817 2442.56768858 2460.40349252 2499.9178688 2802.09351992 2862.91637914 2897.6331989 2918.32363654 3273.53998152 3318.90709358 3337.26703706 3497.25548599 3602.27123743 3620.39136521 3678.48852924 42.0961563089 39.1509849329 10.1457135983 12.7089979999 9787.73152543 10034.2214966 52.0006743276 828.436576603 811.875149666 82.2482590393 20.2199701112 20.5382961156 20.0883606513 19.7325108429 39.718833471 57.8783442101 17.7211951796 1371.50726477 1384.70499127 1448.2915415 1459.40913639 1487.00412583
-9999.0 -9999.0 -9999.0 -9999.0 -9999.0 -9999.0 -9999.0 -9999.0 -9999.0 -9999.0 -9999.0 91.7209037171 121.472924385 57.7932973818 85.5152664101 27.4703942455 311.294866109 337.220917563 388.067364228 408.528333855 167.162439497 2698.52394729 2717.29035302 19.2808573586 14.267448871 12.0647710096 27.0358695824 13.1152110099 9.94932167282 9.45864368272 11.1463613875 3635.26483111 3694.448653 3753.29867602 3807.58057589 3852.53753755 21.4189938152 8.60646412029 10910.6396783 860.16290132 845.503286282 18.0897603052 18.0774002081 17.3529043335 38.3123149923 37.9399768119 17.7434453051 17.7474208998 16.6140240437 34.106938262 46.6911188834 11.204170643 19.8123150555 7.29330433348 4.33626428465
-9999.0 -9999.0 -9999.0 -9999.0 -9999.0 -9999.0 -9999.0 -9999.0 -9999.0 -9999.0 -9999.0 -9999.0 61.641354563 29.3420215676 27.6896316997 259.571417664 286.107035591 26.2688759115 103.083204072 127.023756842 148.491857081 22.6508435815 19.8691285251 415.458753236 432.47663081 448.527575258 1149.58648854 1161.66846364 1180.9196633 1280.65842711 1337.23712575 1346.07061762 8.49779956913 8.82522400372 9.86918413863 3875.87619567 11.1381110579 11075.2541019 11057.6511189 132.214755157 115.623384175 71.2095799404 18.0563192829 34.6716021903 56.1289537103 55.7130594974 35.0696234272 17.2355740509 33.6039929774 33.0312994855 61.3084947923 8.59811977311 28.6151565432 46.7153165737 55.8342628026
-9999.0 -9999.0 -9999.0 -9999.0 -9999.0 -9999.0 -9999.0 -9999.0 -9999.0 -9999.0 -9999.0 -9999.0 31.3690954363 89.9578965896 118.454284942 204.219914152 26.6702144227 53.6411806277 78.9607824464 297.003288563 317.673643004 332.487129911 353.614515939 376.754069098 587.22544965 653.562267252 687.472054294 12.6887425107 79.9074001352 90.9379286269 1308.70375327 1356.11823397 1375.44814676 1394.87022791 1414.97719514 5303.7587393 13.7136283348 11125.0707915 23.7781806295 9.81513115205 98.23372486 85.7551095215 12.8745747949 49.7513900128 71.4407695843 70.8155509012 49.4877684911 81.0925054352 127.940892152 47.1455232362 121.555216135 10.4879706151 14.5978240138 3.83929350938 2.99061590016
