data/baseflow/mHMbf_acc273.asc
ncols                  80
nrows                 72
xllcorner      4374000.0
yllcorner      5656000.0
cellsize            500
NODATA_value       -9999
[rows 25 to 49 of 72, columns 0 to 54 of 80]
-9999.0 -9999.0 -9999.0 -9999.0 -9999.0 -9999.0 -9999.0 -9999.0 -9999.0 -9999.0 -9999.0 -9999.0 16.1959631576 31.9799607932 14.294807691 28.1598219238 10.8033852776 91.1417505216 111.116723075 121.907971617 9.74776877899 18.8340294169 187.995304559 232.595865761 239.282781138 13.8305268986 11.9689183782 17.3639957886 3.64484973099 3.1979958568 6.16257772728 2.82024518242 295.045948707 298.627310974 299.782107195 2132.4546653 4076.17512817 4058.7906403 3.58636438131 2.14212863039 2.05199903814 11.2866985422 9.5634181914 25.5769918995 37.4709614402 74.8812463955 6.70193434669 6.62852025172 60.9673356787 67.2573564166 127.98160088 130.596317635 138.530179982 140.38445841 1.58106248294
-9999.0 -9999.0 -9999.0 -9999.0 -9999.0 -9999.0 -9999.0 -9999.0 -9999.0 -9999.0 -9999.0 -9999.0 -9999.0 14.1028452038 28.830134786 44.0246032161 67.8942173603 12.3080404419 10.46548617 76.0732088517 85.6771850929 169.601176468 180.815993246 30.4096241272 8.66124128808 6.57292952336 5.6011354267 274.543165128 278.521485455 282.370192687 285.631644166 291.57989932 42.6825983414 44.2098064835 345.027533114 6556.09438275 14.5399137943 10.8282914765 5.77797490786 1.85278464856 1.68422531745 14.8854015828 15.9451849739 28.919064533 1.85036282836 77.7651952964 11.4526844778 11.164238003 1.94718716969 1.05906850168 0.820914106904 0.782585766872 0.850654045071 141.309729021 1582.7906525
-9999.0 -9999.0 -9999.0 -9999.0 -9999.0 -9999.0 -9999.0 -9999.0 -9999.0 -9999.0 -9999.0 -9999.0 -9999.0 -9999.0 13.4152760936 25.4128652486 35.5375544174 44.9714750328 55.3341943541 66.3946722904 31.418450366 54.3257021317 10.6662614496 9.5567218674 236.014401407 253.988988252 262.022626316 270.065434451 5.0348322939 8.82559559447 27.4218373014 32.7486783801 38.3745080651 2.31300330134 1.06613922182 6563.17059682 2.9806548639 3.66527499703 1.90090617434 6.96546576485 3.47019552854 1.53231708812 46.3519328952 47.4344801673 0.897169487429 78.7538492398 91.1213862991 11.9991361066 1625.82645937 1623.01278051 1620.96400083 1617.10761423 1615.62244984 1591.28010728 1590.39917953
-9999.0 -9999.0 -9999.0 -9999.0 -9999.0 -9999.0 -9999.0 -9999.0 -9999.0 -9999.0 -9999.0 -9999.0 -9999.0 -9999.0 3.64946624756 7.3869794831 10.3110511253 109.7780059 120.130360423 10.8728124893 10.7540538229 11.2532940947 196.099760055 218.082610269 10.7000610517 10.688038221 7.35667567079 32.2595413346 40.5895074032 16.965417592 23.0549533927 195.311756229 201.929727472 210.328325605 326.394569318 6892.46550055 2.59128056255 1.42256439214 10.2585357794 8.72828792831 1.28377018262 4.28611333804 5.75770098942 48.7659646854 49.8236228598 143.417061518 91.7785113111 13.6364604726 1652.73742869 7.89296926748 1619.22638691 1618.22614996 22.8851388889 1.67975821336 5.29203272737
-9999.0 -9999.0 -9999.0 -9999.0 -9999.0 -9999.0 -9999.0 -9999.0 -9999.0 -9999.0 -9999.0 -9999.0 -9999.0 -9999.0 17.4342401672 28.9924023713 56.6304787804 99.1737910576 129.444345841 153.621315183 164.240843609 175.589902719 186.899023395 10.3914572702 8.79379152639 16.9252343787 15.9891378249 8.78365463177 168.688625324 176.609288026 184.129584291 191.078421913 107.312954476 111.085806648 114.626999405 6895.15436077 5.6176729303 3.13951085331 15.5757729988 1.85800275701 2.78729943644 1.44245417023 1.37197543929 7.05849142106 0.876011710563 0.900869185387 1801.06480139 1656.9209189 1655.94077407 3.43635823806 7.13911400189 4.6431114557 1.05296158863 20.2241293175 5.35674132356
-9999.0 -9999.0 -9999.0 -9999.0 -9999.0 -9999.0 -9999.0 -9999.0 -9999.0 -9999.0 -9999.0 -9999.0 -9999.0 -9999.0 11.8762783749 11.4380349641 22.7230227206 33.4282371738 13.2551370447 14.6236926532 26.4822922611 37.786282788 59.1810366994 69.5180806026 77.5950586205 103.35634003 111.276177748 120.88623332 8.34871360334 80.9665753148 88.2866671806 95.4985577833 5.86330535656 3.61701365458 6.51812373212 7015.94740882 7018.49066211 7027.51571641 22.4442208416 4.62389691962 3.67812818919 1.1703616565 2.41680799462 8.14911703779 9.90391431086 1.62394787313 1804.87888183 1.07010914511 1.62610215415 1.82830352048 1.28395306767 2.72557533142 1.13480063859 13.8753362844 10.8767639076
-9999.0 -9999.0 -9999.0 -9999.0 -9999.0 -9999.0 -9999.0 -9999.0 -9999.0 -9999.0 -9999.0 -9999.0 -9999.0 -9999.0 -9999.0 11.0630720482 21.3393050196 9.29107360663 19.3085975568 121.325614642 130.561310966 140.378936743 10.6152392051 10.601980222 18.6140340331 27.5717263592 42.3501680518 50.7103323158 57.2636391603 64.823917072 6.27999006849 5.8982252383 101.40393462 105.308956083 108.411703882 111.465676875 99.0028333745 7139.50053302 7178.38153514 7180.85803112 7186.49945156 7193.56059019 7196.67373772 0.700947842725 10.7105173931 1805.52185092 1.30474693255 0.668909617704 0.713657377397 0.7954916245 1.47990940734 1.66034213027 0.991426225509 1.62811335138 1.54877290539
-9999.0 -9999.0 -9999.0 -9999.0 -9999.0 -9999.0 -9999.0 -9999.0 -9999.0 -9999.0 -9999.0 -9999.0 -9999.0 -9999.0 -9999.0 -9999.0 31.6177992956 40.9781317137 70.5472909302 92.3597203446 11.5514343059 164.838255014 174.827479408 183.262091269 8.42171180046 16.2995300973 6.96280974226 54.9816513887 60.6945404152 68.1201079808 75.5837674711 93.5583931513 97.2935172982 2.55085903043 87.3780997655 93.302444777 96.1462451857 109.189115359 13.6755622518 7.48222394487 3.69499581626 3.59556050582 7198.94555307 7199.78420487 7215.63031098 1806.031258 4.02760299493 2.26462124047 1.43329625785 0.565035842765 5.00253473098 2.7952189563 0.849883898753 4.88153590781 4.17803121076
-9999.0 -9999.0 -9999.0 -9999.0 -9999.0 -9999.0 -9999.0 -9999.0 -9999.0 -9999.0 -9999.0 -9999.0 -9999.0 -9999.0 -9999.0 -9999.0 9.8716079986 50.9131488835 61.4334085849 11.538430448 10.9678551202 23.3631706992 34.2408942147 226.529401994 8.28077400583 33.5844490666 41.0547310087 48.3085164677 5.87074087889 12.4949845822 17.0914333533 66.6801151221 75.6891613146 78.7604782068 3.31897509947 2.98356880214 3.76135631018 7.15864276969 3.22270292682 3.1384380715 2.1295901497 2.9733370624 2.42993413791 4.50031036075 7216.66594073 9024.98254834 4.69798128918 1.28659684512 0.550353228802 16.2465657981 14.9934965954 9.09601374323 8.19089957599 6.17078021162 1.54988869073
-9999.0 -9999.0 -9999.0 -9999.0 -9999.0 -9999.0 -9999.0 -9999.0 -9999.0 -9999.0 -9999.0 -9999.0 -9999.0 -9999.0 -9999.0 9.03815572531 27.1412626069 8.42481876132 11.8935811281 11.9044193793 22.9575951225 34.147420896 43.5393726576 277.474657129 285.122871332 8.03613777669 15.3921060977 22.9652129373 29.6587727229 36.3113765997 58.4515727694 63.3935011897 5.32990235629 3.69522302155 2.58067119438 1.26253850541 1.96751734603 3.0576857279 2.9809034741 5.56509167411 7.11833435258 3.81182732903 0.727852252385 0.698767403886 0.770176313403 1.43578334437 9076.01185082 44.5003707943 19.1648323706 1.66937622488 0.799328125956 0.541876113386 2.02270843836 1.43332237467 0.752637741494
-9999.0 -9999.0 -9999.0 -9999.0 -9999.0 -9999.0 -9999.0 -9999.0 -9999.0 -9999.0 -9999.0 -9999.0 -9999.0 -9999.0 9.71283456808 18.4075800475 62.147736641 7.33866353051 20.3809158995 31.4040613949 41.3516461173 11.0007014684 19.9775180124 28.4306672784 320.193904075 7.2251303177 13.7576838118 20.8944048186 7.19705567351 14.2413946149 18.7284184362 23.2614557365 537.18712222 543.678027389 548.684044078 567.565787648 573.681613627 587.154346512 3.65044051119 9.99057810469 7.96738107313 624.157478755 625.525238927 0.634151125644 1.18670588161 1.71272133741 9076.69585006 41.388983331 20.0556145835 19.0000823189 14.8647000282 12.8242282721 2.67847619864 0.622713076202 1.25091223723
-9999.0 -9999.0 -9999.0 -9999.0 -9999.0 -9999.0 -9999.0 -9999.0 -9999.0 -9999.0 -9999.0 -9999.0 -9999.0 -9999.0 10.1792136773 30.4615333798 102.580178322 152.294647163 6.43206687842 193.36281093 242.173107465 9.6125675142 18.2544301727 26.9291786296 397.959073342 403.953523868 4.58162296847 30.3082471797 35.3862106794 41.1742320528 493.760024442 504.870213999 510.472349098 2.56391149123 14.5222532422 17.1245391938 6.07052261817 8.02638535716 599.406057097 612.704339706 614.16221215 615.487850095 626.970656117 0.700004613441 0.648153458648 2.86927762437 9077.45718384 1.11059686762 1.11564489823 3.27923382348 1.26974534218 11.550614166 9.14459602238 5.50496343779 3.99891560617
-9999.0 -9999.0 -9999.0 -9999.0 -9999.0 -9999.0 -9999.0 -9999.0 -9999.0 -9999.0 -9999.0 -9999.0 -9999.0 -9999.0 -9999.0 -9999.0 20.9667191595 41.5512199995 178.188660183 187.181449682 249.91763586 257.488633556 9.86154574149 19.7585123736 44.4667059473 409.137871525 418.575542788 421.911165704 2.89114989595 436.190319064 447.521461116 6.80726829198 2.61659935374 5.09399045551 9.79737214344 2.42814505627 4.55391116344 9.36149915459 11.1728946906 2.17865260153 1.39029287989 2.57329181712 638.660309578 641.946542887 642.500537527 647.214560543 9078.13131102 0.826516755549 0.76509483107 0.89474882875 0.878277936286 0.903961063637 0.814152297286 1.51631400337 0.537364717027
-9999.0 -9999.0 -9999.0 -9999.0 -9999.0 -9999.0 -9999.0 -9999.0 -9999.0 -9999.0 -9999.0 -9999.0 -9999.0 -9999.0 -9999.0 -9999.0 10.8216800074 10.4397771085 9.70865883802 17.3698231628 7.13130707801 271.964366175 278.927987064 8.32177624602 16.9361894338 6.34035510277 4.74283634605 4.47175013908 430.074241334 3.48054776728 7.48909642814 3.75797813336 2.91407515541 2.28965293642 1.73114930055 1.83133434916 5.85316316718 8.15732173468 1.52742360739 1.25913565147 2.85557073146 4.96457319339 7.57887115952 2.32527356758 643.724257716 647.769445412 9078.64021748 3.81232378759 2.057980199 0.534679726999 1.32119333304 0.454280809629 0.383477935397 1.93824486002 2.89669549053
-9999.0 -9999.0 -9999.0 -9999.0 -9999.0 -9999.0 -9999.0 -9999.0 -9999.0 -9999.0 -9999.0 -9999.0 -9999.0 -9999.0 -9999.0 -9999.0 -9999.0 -9999.0 10.3245854632 26.2315534892 33.3254857647 40.4121581365 286.182901635 293.962475692 300.951563977 307.423357732 311.707178608 320.911050573 324.130191804 327.309538956 329.959438362 2.2921876448 2.2285264983 2.3234854108 7.86768968905 2.13682276804 2.09725968397 1.5174192636 4.50878968849 1.82122656073 1.36611024692 1.24152310608 1.01587205515 2.02586654028 3.03333199616 654.008894407 9737.0133172 0.876684584255 1.41898761116 0.421489369771 1.8222917712 1.01522091218 0.771059457042 7.34878575336 5.02524894377
-9999.0 -9999.0 -9999.0 -9999.0 -9999.0 -9999.0 -9999.0 -9999.0 -9999.0 -9999.0 -9999.0 -9999.0 -9999.0 -9999.0 -9999.0 -9999.0 -9999.0 -9999.0 -9999.0 8.08505427913 68.0085707121 126.282962196 133.124462989 10.4297787233 19.2638279194 27.7358310443 33.9997502603 78.919990053 81.3415102543 2.30268948518 2.44312043758 334.856187037 339.274882094 341.281807498 9.21350068184 0.991927915826 2.74935757996 4.11614848076 13.3046579138 16.7418791838 19.3535836634 2.33916278272 3.24410521914 1.12586127367 2.29436821275 1.22102400145 9739.10826877 0.601807004969 2.72204017228 0.913936728554 3.18033605362 7.49635581021 8.66353467842 16.4613779094 6.44684829414
-9999.0 -9999.0 -9999.0 -9999.0 -9999.0 -9999.0 -9999.0 -9999.0 -9999.0 -9999.0 -9999.0 -9999.0 -9999.0 -9999.0 -9999.0 -9999.0 -9999.0 -9999.0 9.45263250315 30.8552511164 60.0518244842 77.9405752632 188.492409956 196.997529177 18.2276453989 27.0076036218 34.7478221885 40.6978034581 84.2260190719 89.1042810107 163.261660766 170.300036886 172.337900579 342.935301114 355.739879824 2.44615493412 1.85574809115 1.70155817313 3.27375714622 1.57109513133 22.6505763641 23.8922335889 4.29480073248 5.71905680107 1.0091887358 2026.22766949 2028.84660005 11769.0069707 11772.6335729 0.816680023807 4.91907351174 1.09829656987 0.790089743178 18.0759644592 25.1409408561
-9999.0 -9999.0 -9999.0 -9999.0 -9999.0 -9999.0 -9999.0 -9999.0 -9999.0 -9999.0 -9999.0 -9999.0 -9999.0 -9999.0 -9999.0 -9999.0 -9999.0 -9999.0 -9999.0 11.3192223098 10.9580207338 20.1478198728 47.3732838108 205.499279884 9.5171608611 9.33899042942 16.5247018673 24.4911212464 59.6673234973 64.4314746569 4.83846542409 4.82722753396 175.31619993 176.787845697 534.138594336 535.409860603 0.810284450981 0.698407391582 0.60911074618 0.615571013974 0.819865591003 2000.65090822 2008.51771092 2016.23398048 2019.46541781 2024.99500473 1.43194682013 5.0721314206 5.76499879744 11780.2906149 11780.7266084 11781.8950057 11783.4230249 11785.7066441 25.9246361281
-9999.0 -9999.0 -9999.0 -9999.0 -9999.0 -9999.0 -9999.0 -9999.0 -9999.0 -9999.0 -9999.0 -9999.0 -9999.0 -9999.0 -9999.0 -9999.0 -9999.0 -9999.0 -9999.0 -9999.0 9.61377319803 10.2810904428 18.7946142015 242.011282735 249.446589272 8.96916509788 16.1693082082 24.4671985567 31.3931240203 5.76696217596 10.6000876927 524.321629782 526.188571316 529.155949724 548.593153775 1086.36658811 1954.08279101 1956.45593852 1958.62512983 1960.75502601 1971.75600848 1975.52051436 6.76056268398 2.88677481345 1.90956967576 3.53184119085 2.4877615393 4.04768896695 1.30470635502 26.4556339795 29.0652945878 31.2156646544 31.564620203 11786.0904709 11812.7817161
-9999.0 -9999.0 -9999.0 -9999.0 -9999.0 -9999.0 -9999.0 -9999.0 -9999.0 -9999.0 -9999.0 -9999.0 -9999.0 -9999.0 -9999.0 -9999.0 -9999.0 -9999.0 -9999.0 -9999.0 -9999.0 9.85729876935 18.834969592 27.8947238699 256.828654776 6.63545869892 345.665159032 354.078117258 359.544080993 364.493166355 503.65087261 509.118068541 1.9800245547 13.9706463953 16.66686486 2.13318072992 865.560659307 861.414726474 1.33836251502 3.19847162191 8.87083125314 2.03511949861 2.18538272184 1.4179337207 1.192898533 0.876314171703 1.11897157558 22.7123375715 23.981529564 25.5779214205 2.0024133104 1.70141363403 32.5083485899 32.9555633848 33.229685325
-9999.0 -9999.0 -9999.0 -9999.0 -9999.0 -9999.0 -9999.0 -9999.0 -9999.0 -9999.0 -9999.0 -9999.0 -9999.0 -9999.0 -9999.0 -9999.0 -9999.0 -9999.0 -9999.0 -9999.0 -9999.0 8.7056793684 8.17287044684 42.7162142481 316.080835084 331.053698459 338.720473941 6.62811296203 125.394878008 130.8590333 134.196190814 4.91272021506 7.34571021863 9.08055200778 190.006457606 191.717030882 193.262507366 858.568936122 547.406218104 1.80707616591 1.9417413437 1.8373737654 1.36476453731 13.4993375586 16.3016020389 18.6931169414 20.1196694007 21.4796244331 169.922707577 170.927791046 172.851337705 177.522405744 189.093767033 189.454509183 223.06776024
-9999.0 -9999.0 -9999.0 -9999.0 -9999.0 -9999.0 -9999.0 -9999.0 -9999.0 -9999.0 -9999.0 -9999.0 -9999.0 -9999.0 -9999.0 -9999.0 -9999.0 -9999.0 -9999.0 -9999.0 -9999.0 -9999.0 17.1169253945 26.3675728303 8.26736836657 9.13646298367 103.377604594 109.894321904 114.134538031 37.2861970811 41.1066470802 45.2260765185 47.6900678873 186.200867001 188.822625818 112.629175405 307.870571206 309.656851315 546.025760751 3.58135740003 1.83298054267 1.15639682528 9.18043828833 10.8616464564 0.904474498899 0.817933710583 165.501801179 167.800303888 168.982962546 1.82857340247 3.20208121239 188.040940379 0.603021500777 2.44117765412 2.72336791016
-9999.0 -9999.0 -9999.0 -9999.0 -9999.0 -9999.0 -9999.0 -9999.0 -9999.0 -9999.0 -9999.0 -9999.0 -9999.0 -9999.0 -9999.0 -9999.0 -9999.0 -9999.0 -9999.0 -9999.0 -9999.0 -9999.0 8.68557560343 17.1013779229 69.5317076415 78.2731138409 86.4570033082 28.8864528621 33.8218690086 3.79555444198 129.513471317 132.96714634 136.344718713 2.61696170363 107.90164129 110.68789675 1.89605809926 536.562828911 4.20802879467 2.08624459251 4.91793701612 6.75905529897 1.30397968233 1.00197312863 154.167396299 163.435168248 164.839844203 1.45670945423 2.95902828309 3.68387839021 4.3014161916 8.82878616454 0.907856832119 2.00645017014 0.444925453331
-9999.0 -9999.0 -9999.0 -9999.0 -9999.0 -9999.0 -9999.0 -9999.0 -9999.0 -9999.0 -9999.0 -9999.0 -9999.0 -9999.0 -9999.0 -9999.0 -9999.0 -9999.0 -9999.0 -9999.0 -9999.0 -9999.0 8.52410666816 26.2441831088 44.6180829649 9.18065372215 17.3288600928 23.7940187545 113.987074456 118.7854383 122.385434666 3.08488181247 90.4922251678 100.485498558 103.284838545 1.80506220565 528.447625931 532.921268616 2.03227841078 1.78240063297 3.60096908039 1.38531274519 147.172632038 149.732756678 151.345302308 5.96504683575 7.35836451757 1.16458114194 2.1184664667 0.964055306421 6.59182781935 1.10491328395 0.535445329304 0.523975917982 0.607206124979
-9999.0 -9999.0 -9999.0 -9999.0 -9999.0 -9999.0 -9999.0 -9999.0 -9999.0 -9999.0 -9999.0 -9999.0 -9999.0 -9999.0 -9999.0 -9999.0 -9999.0 -9999.0 -9999.0 -9999.0 -9999.0 -9999.0 -9999.0 8.682056884 9.47195378199 9.99281952587 84.1986253152 90.1653753808 108.569165824 4.97142568361 76.0579579074 84.627897821 3.6131993021 7.42501680347 2.33094130272 522.128043161 2.76645923734 6.145131508 7.53673292086 8.84341144181 139.044005459 143.140854496 144.81514831 1.73882283212 3.22897152955 4.53139906043 0.73356190833 0.635793630792 445.016080061 445.738058481 446.371359671 453.10042421 454.007211904 454.839638588 455.339128568
