data/baseflow/mHMbf_acc511.asc
ncols                  80
nrows                 72
xllcorner      4374000.0
yllcorner      5656000.0
cellsize            500
NODATA_value       -9999
[rows 25 to 49 of 72, columns 0 to 54 of 80]
-9999.0 -9999.0 -9999.0 -9999.0 -9999.0 -9999.0 -9999.0 -9999.0 -9999.0 -9999.0 -9999.0 -9999.0 21.6938107078 42.7061482224 19.2008161612 38.6387554148 16.5890151512 128.88863245 160.934692223 177.580746359 15.156036268 28.018338599 288.879859251 354.466471636 364.644076174 26.6553177659 23.6284013418 32.109795738 4.92539194697 4.32261978244 8.04468511012 4.33644688267 454.961655048 460.008434424 464.317128256 3239.54688804 6906.00246105 6870.48353148 5.06659092616 2.41213730288 2.0489066732 9.41375998344 7.72190836987 29.2816531539 43.8234176952 89.1848035276 7.49207824737 7.43753099869 69.733701726 75.4309413465 145.23307655 148.437211245 154.589932427 156.276654453 1.47707067915
-9999.0 -9999.0 -9999.0 -9999.0 -9999.0 -9999.0 -9999.0 -9999.0 -9999.0 -9999.0 -9999.0 -9999.0 -9999.0 19.1816703248 38.7698750538 58.7303557041 93.8766364139 18.5503593388 16.6421821522 122.732830066 137.789190589 264.522882317 280.047224338 42.7382064025 14.7093245465 13.3017882481 11.7021638266 425.531629845 432.463602644 437.903572486 441.97263139 450.470333018 60.6158487137 66.0388882311 535.858167745 10684.994502 26.207920222 20.4507086477 8.58832087362 2.45307781984 1.73341305644 13.4253140222 14.6714929934 32.1840317729 1.39009709051 91.2358344367 11.0270494518 10.6778380756 1.25845341703 0.825837349047 0.760781708437 1.30846580969 0.814285393839 157.127102613 2036.24870536
-9999.0 -9999.0 -9999.0 -9999.0 -9999.0 -9999.0 -9999.0 -9999.0 -9999.0 -9999.0 -9999.0 -9999.0 -9999.0 -9999.0 19.0145700638 38.1844750519 55.4314182214 72.8354737087 89.5900603419 106.957058423 49.823538617 83.0655070883 15.1373299002 14.47622988 358.797649625 387.513529102 400.955833361 415.303877732 9.88686734837 17.0243624525 44.9789450609 49.8684882985 54.8938919688 6.64213137401 5.49334805542 10701.8087034 5.96763082465 7.90682680028 3.96889675018 10.1369204318 4.47506376932 3.030004624 49.469913283 52.4182042628 1.67582812164 93.3466068039 105.321213573 11.5963969222 2089.43773241 2087.29359739 2085.41393956 2080.42003756 2077.81580814 2042.41674516 2040.26924172
-9999.0 -9999.0 -9999.0 -9999.0 -9999.0 -9999.0 -9999.0 -9999.0 -9999.0 -9999.0 -9999.0 -9999.0 -9999.0 -9999.0 4.748931732 10.3112942982 17.0930737211 162.572022873 179.456800686 17.2894606245 16.9087595762 16.5307211894 298.100273691 330.068007001 15.632421119 15.8257311018 12.2963034764 50.478649545 62.7026748887 29.8207636667 36.6590727277 292.981130349 300.852513454 318.160665638 492.757128301 11198.9138434 6.38000944077 3.29196907293 15.9410053436 12.9972824593 2.50114554322 8.30398788587 10.9191528882 55.3325593212 57.7747186624 167.532460024 106.203362905 12.4032068433 2130.81709765 19.2512585254 2083.55958994 2082.10294679 33.2185209429 1.76438522693 1.62556851524
-9999.0 -9999.0 -9999.0 -9999.0 -9999.0 -9999.0 -9999.0 -9999.0 -9999.0 -9999.0 -9999.0 -9999.0 -9999.0 -9999.0 24.3497263607 39.8645657435 81.6294231372 144.234650741 195.638546985 233.254735815 249.904513805 266.980994616 283.562125677 15.4968443668 14.1328758535 27.3824906188 25.4738968192 13.0663332898 256.750939617 268.555571113 279.43316502 289.588212634 151.856882924 157.659806431 167.588219521 11202.7741083 11.1217102135 10.7793988251 28.7091575415 2.59248253112 6.03808790339 3.33673503573 2.39472902416 13.6698074075 1.89275194477 2.01148702199 2310.05988367 2140.9579474 2138.84312052 8.65725915222 17.9990029989 11.0403265919 2.07864692182 28.8504184988 6.74232683495
-9999.0 -9999.0 -9999.0 -9999.0 -9999.0 -9999.0 -9999.0 -9999.0 -9999.0 -9999.0 -9999.0 -9999.0 -9999.0 -9999.0 16.9905933266 16.0728053701 31.6364058194 47.7211362992 19.1944512043 19.0926554519 36.2211225354 52.8614883772 83.9833346239 99.5878980473 113.825008459 156.014532379 169.094642985 182.972119863 11.9811416658 123.440526134 133.027442657 140.588160195 4.69624044955 1.48683314066 3.16268635113 11364.725028 11368.3967467 11386.8528922 36.2997681419 5.42716785068 9.69123570033 2.54965217501 4.28607628967 15.7607087022 19.316616024 3.62685319268 2319.63935714 3.33391957552 4.81446397057 5.29943814866 4.15950391161 7.00471542226 2.83232646867 20.7251731922 15.0113031455
-9999.0 -9999.0 -9999.0 -9999.0 -9999.0 -9999.0 -9999.0 -9999.0 -9999.0 -9999.0 -9999.0 -9999.0 -9999.0 -9999.0 -9999.0 15.3085134793 30.0740995046 14.4444578873 29.6558149262 185.49298946 201.546685175 217.549786255 15.7004960097 15.6925020239 29.7998844814 44.0677339861 69.1459302515 82.0215576312 88.8291965142 99.8065104903 9.03498197377 7.2657273037 146.594267901 148.524531223 151.370361458 154.7896061 124.474307633 11525.299143 11581.6282247 11584.207465 11596.1250573 11607.2791247 11614.0184165 1.89023747178 21.0165697922 2321.48556078 4.25549867318 2.19053217984 2.64841309261 2.54472468933 4.24017122624 3.43784663416 2.04205494034 3.30824387271 2.75499795509
-9999.0 -9999.0 -9999.0 -9999.0 -9999.0 -9999.0 -9999.0 -9999.0 -9999.0 -9999.0 -9999.0 -9999.0 -9999.0 -9999.0 -9999.0 -9999.0 44.5911691643 59.6248610898 105.489657013 140.040774338 18.6405680662 254.296032233 269.592292278 284.128290291 14.5515326159 28.4401770503 12.578238859 94.923367453 100.836056861 110.447051703 119.668324659 141.053810088 143.696136808 1.73975335943 110.711178688 117.610083091 121.245842427 134.626860018 16.4930094491 10.351168777 5.8750274246 5.36980975855 11621.4103737 11625.0805275 11660.8476503 2323.40170762 12.0498085321 6.18378076683 4.18983229529 1.1963067414 11.6443912332 5.87196562138 1.79622007278 9.84343393194 8.37832165751
-9999.0 -9999.0 -9999.0 -9999.0 -9999.0 -9999.0 -9999.0 -9999.0 -9999.0 -9999.0 -9999.0 -9999.0 -9999.0 -9999.0 -9999.0 -9999.0 15.5992162184 74.9538932967 91.165135598 19.1496145231 16.5940771554 33.5705601282 48.9822868115 348.166321439 14.3302520561 57.7902485524 70.9247268164 83.7602088239 6.37625759844 15.0522196373 18.7224064957 90.7731126125 98.8133822967 102.06495185 3.57822530978 3.18139713699 3.43613295276 6.36139721892 2.50973303128 2.58869400681 4.25192466468 3.16514628281 4.08074815757 12.3462815007 11664.591693 13996.5651082 15.3739044108 2.89632122812 1.40034627157 35.6137903557 32.9461930354 19.2675302067 17.1532401368 12.5896324294 3.2230571965
-9999.0 -9999.0 -9999.0 -9999.0 -9999.0 -9999.0 -9999.0 -9999.0 -9999.0 -9999.0 -9999.0 -9999.0 -9999.0 -9999.0 -9999.0 13.3114372658 42.9266151576 14.037954519 19.4841835056 18.3296708384 35.3099823299 51.76562738 67.4887639279 429.719388714 443.184732176 13.8983066706 26.7337461324 39.7225536398 47.8267558659 56.4671251409 78.9678152908 87.3273566938 3.80292290829 4.05231769341 3.14764193629 3.62482338657 4.32702543114 4.74672318286 4.07429186888 4.75875995592 16.4211781503 7.20551474094 3.43654290555 3.31991121301 2.93035006243 5.39421099753 14110.3242651 96.112875197 44.5718945844 4.81961084666 2.21380851121 1.54859595172 4.90378310489 3.23275687087 1.55578298783
-9999.0 -9999.0 -9999.0 -9999.0 -9999.0 -9999.0 -9999.0 -9999.0 -9999.0 -9999.0 -9999.0 -9999.0 -9999.0 -9999.0 13.9446058287 27.0570583816 96.831427252 13.2226632913 37.106823573 54.7257542949 71.1047368403 17.2151990954 32.1825249651 48.0456468411 504.458474157 13.0193358842 24.9400849571 37.0774955098 10.6701262184 20.8704447551 24.1606070932 31.4490098383 877.253299508 886.292309664 894.593819445 936.201332155 947.754343919 977.16255739 9.05878903657 18.8867478819 20.7094076477 1067.55238384 1073.68047963 3.03721363437 5.04844642251 6.99587181081 14113.0319111 91.4881544108 40.4312625777 37.6164012142 32.6541160867 29.4622516184 6.52305268496 1.68200076838 2.83548595065
-9999.0 -9999.0 -9999.0 -9999.0 -9999.0 -9999.0 -9999.0 -9999.0 -9999.0 -9999.0 -9999.0 -9999.0 -9999.0 -9999.0 14.1750604476 43.1099854478 154.157276209 227.353383828 11.6603715485 296.626427873 381.611663959 15.7317282874 30.2584036114 46.0470804365 636.291115516 649.165153786 10.624120182 58.4904741284 68.1275877346 75.7819283577 817.115094076 831.528659268 842.053875189 5.23406615197 29.1903611239 34.8308413434 14.9491965154 21.4838467607 1006.26832409 1034.3015164 1039.36150628 1044.0940403 1079.05026269 2.6012644123 2.28293179863 11.2282434833 14116.3642391 3.57347820051 0.899501663454 2.63746328288 1.12781333375 25.9136867596 23.2365351663 13.8901468491 9.623814669
-9999.0 -9999.0 -9999.0 -9999.0 -9999.0 -9999.0 -9999.0 -9999.0 -9999.0 -9999.0 -9999.0 -9999.0 -9999.0 -9999.0 -9999.0 -9999.0 30.1049853346 60.3666619088 268.745148854 283.652349826 394.647547169 408.74672277 15.6972750885 31.4020669481 73.9647781688 661.058406509 683.333733233 692.198051838 7.22837448679 722.676656053 736.933829662 9.57504592396 5.29297834264 9.99650545905 19.4301226077 4.74307511606 9.4016672772 19.873386102 24.9238937948 4.81160676004 3.11274714269 6.1391627402 1101.02737761 1107.77399681 1109.74601862 1126.5585884 14119.3095867 2.4901537631 0.481409602938 0.644513991672 0.644035098438 0.675506546795 0.569562230905 1.00696597353 1.50384802092
-9999.0 -9999.0 -9999.0 -9999.0 -9999.0 -9999.0 -9999.0 -9999.0 -9999.0 -9999.0 -9999.0 -9999.0 -9999.0 -9999.0 -9999.0 -9999.0 15.6523686716 15.2417859191 14.8999490663 29.4186046251 12.8240849103 434.351920735 447.184370506 14.6615492462 28.7040088187 13.4399028366 10.9051927707 10.5199277609 709.319957348 4.29701059586 8.84218488911 5.59425198784 5.40015845494 4.71301011122 3.57730009972 3.74982931689 11.5299745842 15.8848527494 2.98048536212 2.5463712541 5.60653280237 9.50700590104 11.862146267 3.061663772 1112.95806805 1128.67004375 14121.5697831 6.4975436245 1.37287960946 0.267911118495 0.837553885076 0.202557207139 0.146199447271 1.18083574036 7.50917494532
-9999.0 -9999.0 -9999.0 -9999.0 -9999.0 -9999.0 -9999.0 -9999.0 -9999.0 -9999.0 -9999.0 -9999.0 -9999.0 -9999.0 -9999.0 -9999.0 -9999.0 -9999.0 15.0771504755 43.0071322664 54.7854765389 67.2565038739 459.589444714 472.198042786 484.712007278 498.679983592 508.891178393 530.100030975 534.495834261 538.300802068 542.09963699 4.5974342238 4.29035139641 4.57367436992 15.8891222977 4.25726135393 4.0300808214 3.05810485343 8.87963885867 3.52085030846 2.65990242117 2.4386192988 2.02530922644 4.04099364817 5.88434629324 1140.97568765 15271.4345097 2.51924628995 4.74910288948 0.177581145597 1.07678902303 0.490449770417 0.295043547943 14.745783123 12.4859449854
-9999.0 -9999.0 -9999.0 -9999.0 -9999.0 -9999.0 -9999.0 -9999.0 -9999.0 -9999.0 -9999.0 -9999.0 -9999.0 -9999.0 -9999.0 -9999.0 -9999.0 -9999.0 -9999.0 12.1846181842 98.8731542928 192.972075723 205.844501208 17.5360880042 32.41740588 46.2645644837 57.3068580343 131.868054445 136.560148491 4.56929128429 4.49965682809 551.598620468 559.818753426 563.63338439 18.7849002053 2.57734378726 6.73923810121 9.83205131604 29.5095305128 36.1191705113 41.1996775466 4.59793772111 6.38723041738 2.1804624034 4.36972486047 2.28206886891 15276.0036333 2.09705531547 8.95897069964 2.32415314235 4.45735900105 16.4998032121 17.9177508585 33.8891395114 12.0459325388
-9999.0 -9999.0 -9999.0 -9999.0 -9999.0 -9999.0 -9999.0 -9999.0 -9999.0 -9999.0 -9999.0 -9999.0 -9999.0 -9999.0 -9999.0 -9999.0 -9999.0 -9999.0 13.8520882046 44.4299542787 86.8580143315 113.277303524 287.204268466 302.436618936 29.0615942442 43.0330476808 54.5177743827 65.3415838145 140.803525554 149.902540752 254.10784212 261.229876668 265.341318989 567.471801802 595.882434728 6.43131555031 4.44478311792 4.19261392292 8.01912160888 3.60710309419 48.0864451774 50.5008308231 8.43670224741 10.52123836 2.58003737138 3281.14265785 3286.27252412 18565.7414917 18578.1324818 2.41821534404 9.52430566606 5.37949735726 4.19375332946 40.4246150071 54.2097751893
-9999.0 -9999.0 -9999.0 -9999.0 -9999.0 -9999.0 -9999.0 -9999.0 -9999.0 -9999.0 -9999.0 -9999.0 -9999.0 -9999.0 -9999.0 -9999.0 -9999.0 -9999.0 -9999.0 15.9851766618 15.5852704201 29.186877612 69.0540680865 315.367573364 14.9329513641 14.7416644973 26.3797488774 38.0080862203 87.0195265711 92.720897777 3.64173786403 4.8938777533 270.769858734 274.806370762 874.227893966 877.468257445 2.2440926411 1.95670799788 1.653901421 1.67113842282 1.86358599805 3236.19686915 3251.53987212 3264.15328903 3268.85018244 3278.98201783 2.70893501542 9.87140162589 12.0970423115 18595.4517301 18597.3899862 18599.1094123 18601.2467714 18603.4658044 56.8687289426
-9999.0 -9999.0 -9999.0 -9999.0 -9999.0 -9999.0 -9999.0 -9999.0 -9999.0 -9999.0 -9999.0 -9999.0 -9999.0 -9999.0 -9999.0 -9999.0 -9999.0 -9999.0 -9999.0 -9999.0 14.0737661589 14.8450016285 27.4060912656 368.783449329 382.044457421 14.4006143031 26.0184236518 37.9445205674 44.428189935 5.11422366218 10.8460456491 792.94195801 797.122043887 800.892485662 831.733464688 1712.52838456 3138.90759884 3144.51592369 3149.64574702 3154.53101234 3176.11190077 3183.23296191 13.2326680419 5.81243005313 3.60965031021 6.7358997498 4.90163549705 7.83583668594 2.47196594479 56.1500444264 65.045887135 71.7590864983 72.7786622099 18604.9404178 18664.3976977
-9999.0 -9999.0 -9999.0 -9999.0 -9999.0 -9999.0 -9999.0 -9999.0 -9999.0 -9999.0 -9999.0 -9999.0 -9999.0 -9999.0 -9999.0 -9999.0 -9999.0 -9999.0 -9999.0 -9999.0 -9999.0 14.3502030724 27.4688205367 40.6914193626 393.093154712 13.104296041 533.053765715 545.365857937 550.310586317 556.345351386 769.490430952 776.026238417 4.59230530399 23.2031301649 28.0271924897 4.81069259388 1420.86453751 1412.18206415 2.66481861427 6.26022024861 17.1843283149 3.86757245931 4.196998462 2.95893976311 2.51691481307 1.89627642023 2.3068538253 48.1732058818 50.6481162141 53.7226800932 6.6824276676 4.89432805403 75.5830630087 77.2237854763 77.9784145141
-9999.0 -9999.0 -9999.0 -9999.0 -9999.0 -9999.0 -9999.0 -9999.0 -9999.0 -9999.0 -9999.0 -9999.0 -9999.0 -9999.0 -9999.0 -9999.0 -9999.0 -9999.0 -9999.0 -9999.0 -9999.0 12.9190392499 12.1074938577 63.0041674712 481.86864047 507.945311083 521.727493582 12.1230908957 201.778656588 206.267024439 208.332898648 5.87327139616 11.2733837068 15.8423235931 323.479660865 327.028707077 330.100883397 1406.41531776 886.497323667 3.55061644953 3.73946430069 3.54563823743 2.76442649078 29.1344572585 34.9494955513 39.9729440651 42.8702665561 45.6430779193 322.142637823 324.124534358 326.391059988 331.218281759 355.722738751 356.735638261 435.797642589
-9999.0 -9999.0 -9999.0 -9999.0 -9999.0 -9999.0 -9999.0 -9999.0 -9999.0 -9999.0 -9999.0 -9999.0 -9999.0 -9999.0 -9999.0 -9999.0 -9999.0 -9999.0 -9999.0 -9999.0 -9999.0 -9999.0 25.2872050124 38.7933112429 13.8699034993 14.7329951694 162.49328535 175.032683814 183.086729658 67.9207619829 71.7212729881 76.3264498141 81.1970259189 315.367847607 320.457047671 178.772094723 512.971705796 516.760591322 883.662435823 7.51073234385 3.81934993515 2.56705826 20.1471880498 23.7242846355 2.07566892497 1.91075142168 312.362310413 317.553118966 320.251875892 2.30206830343 3.41326835798 351.661044418 2.26800797339 8.46918915815 9.2820431893
-9999.0 -9999.0 -9999.0 -9999.0 -9999.0 -9999.0 -9999.0 -9999.0 -9999.0 -9999.0 -9999.0 -9999.0 -9999.0 -9999.0 -9999.0 -9999.0 -9999.0 -9999.0 -9999.0 -9999.0 -9999.0 -9999.0 12.7242703182 25.1470713927 106.205144232 120.549657284 135.013260686 54.5203254738 63.8973116557 4.52144538331 221.423013136 225.344200862 229.386688103 4.5886062079 169.429244783 174.732780416 3.86049472764 864.03222137 8.46810203574 4.16176772476 10.9544159959 14.7886973632 2.86651575507 2.27024147325 285.978967061 307.57087878 310.7661103 3.1372301821 6.67269645737 8.31641963954 9.88945400005 18.9798841542 3.05442994878 6.99693366651 1.33133078402
-9999.0 -9999.0 -9999.0 -9999.0 -9999.0 -9999.0 -9999.0 -9999.0 -9999.0 -9999.0 -9999.0 -9999.0 -9999.0 -9999.0 -9999.0 -9999.0 -9999.0 -9999.0 -9999.0 -9999.0 -9999.0 -9999.0 12.5103631644 39.3989239565 68.6838082157 15.8930213006 29.8171372023 43.1041075049 202.53756591 208.918075617 213.114978455 3.61078226358 144.263753499 156.196151089 160.705213579 2.74199371315 847.015535183 856.48226956 4.43543921706 3.99451841889 8.07733544629 3.2514928056 270.04913608 275.911102209 279.583073023 13.819871054 17.0675610184 2.76724722284 4.89395264892 2.14859088376 14.7256583727 2.2496102444 1.81213681832 1.93890423886 2.01042558685
-9999.0 -9999.0 -9999.0 -9999.0 -9999.0 -9999.0 -9999.0 -9999.0 -9999.0 -9999.0 -9999.0 -9999.0 -9999.0 -9999.0 -9999.0 -9999.0 -9999.0 -9999.0 -9999.0 -9999.0 -9999.0 -9999.0 -9999.0 13.6899894955 15.2389326305 17.0259809061 141.724726143 154.43783267 191.727685076 7.82487214738 127.510102252 137.529403465 4.0663765419 8.60502656065 3.05797379812 836.734958987 4.01414109782 11.5292284456 14.6028948986 17.4365003807 249.408487639 260.44413303 264.406190277 3.9860679886 7.41388176936 10.4605396545 1.78168032161 1.58913736714 790.686610201 792.341975359 793.670294131 808.343774801 810.114114266 812.559714858 814.117333051
