data/baseflow/mHMbf_acc265.asc
ncols                  80
nrows                 72
xllcorner      4374000.0
yllcorner      5656000.0
cellsize            500
NODATA_value       -9999
[rows 0 to 23 of 72, columns 0 to 54 of 80]
-9999.0 -9999.0 -9999.0 -9999.0 -9999.0 -9999.0 -9999.0 -9999.0 -9999.0 -9999.0 -9999.0 -9999.0 8.8709048325 9.33398783089 -9999.0 -9999.0 -9999.0 -9999.0 -9999.0 -9999.0 -9999.0 -9999.0 -9999.0 -9999.0 -9999.0 -9999.0 -9999.0 -9999.0 -9999.0 -9999.0 -9999.0 -9999.0 -9999.0 -9999.0 -9999.0 -9999.0 -9999.0 -9999.0 -9999.0 -9999.0 -9999.0 -9999.0 -9999.0 -9999.0 -9999.0 -9999.0 -9999.0 -9999.0 -9999.0 -9999.0 -9999.0 -9999.0 -9999.0 -9999.0 -9999.0
-9999.0 -9999.0 -9999.0 -9999.0 -9999.0 -9999.0 -9999.0 -9999.0 -9999.0 -9999.0 -9999.0 -9999.0 17.6090178717 40.6785538454 7.01723053612 -9999.0 8.48713638717 -9999.0 -9999.0 -9999.0 -9999.0 -9999.0 -9999.0 -9999.0 -9999.0 -9999.0 -9999.0 -9999.0 -9999.0 -9999.0 -9999.0 -9999.0 -9999.0 -9999.0 -9999.0 -9999.0 -9999.0 -9999.0 -9999.0 -9999.0 -9999.0 -9999.0 -9999.0 -9999.0 -9999.0 -9999.0 -9999.0 -9999.0 -9999.0 -9999.0 -9999.0 -9999.0 -9999.0 -9999.0 -9999.0
-9999.0 -9999.0 -9999.0 -9999.0 -9999.0 -9999.0 -9999.0 -9999.0 -9999.0 -9999.0 8.06844955387 7.24293598262 7.76616368154 7.82358535058 54.2542318004 59.377611211 22.9206134346 7.37421774545 -9999.0 -9999.0 -9999.0 -9999.0 -9999.0 -9999.0 -9999.0 -9999.0 -9999.0 -9999.0 -9999.0 -9999.0 -9999.0 -9999.0 -9999.0 -9999.0 -9999.0 -9999.0 -9999.0 -9999.0 -9999.0 -9999.0 -9999.0 -9999.0 -9999.0 -9999.0 -9999.0 -9999.0 -9999.0 -9999.0 -9999.0 -9999.0 -9999.0 -9999.0 -9999.0 -9999.0 -9999.0
-9999.0 -9999.0 -9999.0 -9999.0 -9999.0 -9999.0 -9999.0 -9999.0 -9999.0 7.41264015183 15.5070002399 30.6787536535 14.7758368931 7.08957410466 13.7689260095 65.2898710052 101.470014012 7.16523225174 -9999.0 6.82786934982 -9999.0 -9999.0 -9999.0 -9999.0 15.4830918199 8.22429206441 -9999.0 -9999.0 -9999.0 -9999.0 -9999.0 -9999.0 -9999.0 -9999.0 -9999.0 -9999.0 -9999.0 -9999.0 -9999.0 -9999.0 -9999.0 -9999.0 -9999.0 -9999.0 -9999.0 -9999.0 -9999.0 -9999.0 -9999.0 -9999.0 -9999.0 -9999.0 -9999.0 -9999.0 -9999.0
-9999.0 -9999.0 -9999.0 -9999.0 -9999.0 -9999.0 -9999.0 -9999.0 9.13189218022 24.6808608838 31.4690814034 38.5376979865 52.2612103191 6.47656772617 26.1300949654 31.8928155529 142.153889884 3.7976550238 3.91899157084 12.3377145921 17.4706397008 5.42530489313 -9999.0 35.5134273291 29.2623214279 6.84504442268 -9999.0 -9999.0 -9999.0 -9999.0 -9999.0 -9999.0 -9999.0 -9999.0 -9999.0 -9999.0 -9999.0 -9999.0 -9999.0 -9999.0 -9999.0 -9999.0 -9999.0 -9999.0 -9999.0 -9999.0 -9999.0 -9999.0 -9999.0 -9999.0 -9999.0 -9999.0 -9999.0 -9999.0 -9999.0
-9999.0 -9999.0 -9999.0 -9999.0 -9999.0 -9999.0 9.12833639607 7.67929989093 7.26539561103 7.50995182069 7.49464023964 54.0219978709 113.522505168 120.531423944 126.395283428 6.1515940973 152.72842342 157.12553185 9.31091427665 5.49939370221 22.4963369064 38.1192031314 4.33593555836 48.348873002 4.41766297238 4.15719293797 4.64020169788 -9999.0 -9999.0 -9999.0 -9999.0 -9999.0 -9999.0 -9999.0 -9999.0 -9999.0 -9999.0 -9999.0 -9999.0 -9999.0 -9999.0 -9999.0 -9999.0 -9999.0 -9999.0 -9999.0 -9999.0 -9999.0 -9999.0 -9999.0 -9999.0 -9999.0 -9999.0 -9999.0 -9999.0
-9999.0 -9999.0 -9999.0 -9999.0 -9999.0 -9999.0 18.7520137062 27.3989625652 60.1953187924 81.67412433 6.19946022883 7.03145065436 6.22228412913 17.3526172916 148.480574316 4.84193220615 161.571294936 180.509948557 13.8522504709 9.82683852225 42.5157382337 4.88039176573 53.1746584268 7.90602761668 3.69761306064 7.64920325242 9.22619899473 5.5733659484 6.26613434664 6.00139435335 6.51705864566 12.9779977376 -9999.0 -9999.0 -9999.0 -9999.0 -9999.0 -9999.0 -9999.0 -9999.0 -9999.0 -9999.0 -9999.0 -9999.0 -9999.0 -9999.0 -9999.0 -9999.0 -9999.0 -9999.0 -9999.0 -9999.0 -9999.0 -9999.0 -9999.0
-9999.0 -9999.0 -9999.0 -9999.0 -9999.0 11.0542242183 20.9544208899 9.90713354654 18.2861120223 90.2272438037 104.0409276 118.160214685 413.730565547 5.74655341427 153.672396803 619.186287764 624.013055412 814.539447063 5.15562114422 14.147785866 46.9286983525 4.35603161205 100.169991132 42.3294099646 25.0386734232 21.0251159119 4.39232669518 16.6422411615 18.1074774421 12.0090968558 5.63428853241 18.8158363894 5.41461635013 5.26983053747 -9999.0 -9999.0 -9999.0 -9999.0 -9999.0 -9999.0 -9999.0 -9999.0 -9999.0 -9999.0 -9999.0 -9999.0 -9999.0 -9999.0 -9999.0 -9999.0 -9999.0 -9999.0 -9999.0 -9999.0 -9999.0
-9999.0 -9999.0 -9999.0 -9999.0 -9999.0 11.2556320551 32.4931296212 63.942682855 73.1343801209 144.00361566 152.022699302 177.681054816 289.993331435 437.250965838 450.018587013 455.637294368 9.07426303982 833.021649863 843.047237171 866.771045059 1031.0889787 113.432588013 104.908207527 29.6596313402 4.55504987322 28.3792746301 20.1598789051 3.38543814199 22.8313747677 4.876450576 10.4603526991 29.0008612107 34.1298377435 10.2623124841 4.68411966089 4.86866055579 -9999.0 -9999.0 -9999.0 -9999.0 6.36763558838 6.32752155682 -9999.0 -9999.0 -9999.0 -9999.0 -9999.0 -9999.0 -9999.0 -9999.0 -9999.0 -9999.0 -9999.0 -9999.0 -9999.0
-9999.0 -9999.0 -9999.0 -9999.0 -9999.0 10.7904468679 10.1065807792 42.6549986663 52.1645961068 62.0987083422 8.79908753113 17.3070930071 104.798300304 16.9667224808 7.11823024874 5.69346776471 4.41926059806 5.32777584807 4.88224751404 5.21318910337 1035.4189129 1047.99592022 4.21221230683 13.1879669677 9.07359618355 32.1896782272 6.86844332872 3.1227680737 27.3798166084 9.74085073767 25.8054093363 58.9702501535 53.7822405321 14.57963795 13.4926891424 5.11440508131 5.08877710569 -9999.0 -9999.0 5.30660833429 11.7568468806 31.273093217 6.62901703157 -9999.0 -9999.0 -9999.0 -9999.0 -9999.0 -9999.0 -9999.0 -9999.0 -9999.0 -9999.0 -9999.0 -9999.0
-9999.0 -9999.0 -9999.0 -9999.0 -9999.0 -9999.0 11.4208437416 11.3706574021 21.1338814407 31.3322607669 70.5078451477 88.9098869182 97.6777624947 9.06697327783 5.7643679301 86.6555462286 103.043979854 107.818809777 129.420133352 133.996136075 4.35251930637 1052.36209095 1074.09205861 17.5505390543 4.39235208277 36.084841137 78.9815170284 33.3055003525 7.52501518441 4.04198058817 92.9159623276 63.1679172179 3.55125084965 3.6251227382 17.2436332921 14.7722676789 4.09769452588 3.35651503796 5.04316931227 10.222545031 4.84864222685 37.67405764 41.5430461272 3.1317515977 -9999.0 -9999.0 -9999.0 -9999.0 3.98182828874 3.64231652823 3.5140109335 -9999.0 -9999.0 -9999.0 -9999.0
-9999.0 -9999.0 -9999.0 -9999.0 -9999.0 -9999.0 -9999.0 10.6655790322 9.96441327429 20.6514103026 30.5495622348 9.23561094808 7.0911703795 49.0585578159 61.8564834615 75.435909785 5.7876099977 11.8430725979 5.53538257529 138.896495076 307.125684994 312.588847741 1394.85348957 4.10747514907 12.3664847832 3.90676538296 81.8684288685 3.50025140831 11.5841106959 3.78551386915 96.4686247593 100.115020122 7.23910522242 7.46423540161 45.3650950507 23.4881085375 7.3843034466 4.0671522103 10.0216808307 15.1344010916 24.1046659237 3.61469496863 46.9484426915 48.927448434 1.7538092086 1.99341021171 2.14173714696 1.8239744249 1.73412507213 10.0136506184 6.97862590545 3.88304889869 -9999.0 -9999.0 -9999.0
-9999.0 -9999.0 -9999.0 -9999.0 -9999.0 -9999.0 -9999.0 -9999.0 20.325573739 29.6752759745 9.333375986 19.295996546 27.3005506579 42.9024561221 7.64392824916 7.34109021863 5.68175793662 5.71700737668 4.70494330721 158.361812065 5.71813172053 10.9663770054 1410.631421 1414.93142785 0.961013889502 14.3826777014 98.4181804445 7.02350024686 14.5936137022 6.29973070674 9.06493071232 113.101985498 10.2737994072 62.8740165735 52.6337856732 3.85527766257 20.0368057167 8.42299266849 14.3636714447 4.17378443241 27.2835583789 33.1103323078 34.7245208351 36.2113948492 55.4496478244 3.34229868157 3.67030433442 3.1882502333 2.99899646272 11.8191193195 2.36321092721 13.3910892502 15.9162560583 -9999.0 -9999.0
-9999.0 -9999.0 -9999.0 -9999.0 -9999.0 -9999.0 -9999.0 -9999.0 10.7218908905 50.7162298833 59.6800158771 8.93827170031 16.8143504772 7.83947852614 6.62872686356 6.52685810034 82.9088817933 106.015752959 128.053908856 152.213334689 4.8931760974 5.44010257146 2.24806178683 1431.9900835 1437.48053069 1438.48173423 126.351452322 26.75339723 24.2758494133 2.25421059574 11.6541491293 127.394315129 2.71071952454 65.5814814057 3.83139880611 28.922951477 24.4863658521 4.26985867341 18.7063263404 8.4736131774 12.7162058338 2.34952747322 1.45106017849 37.6697264781 38.9982247522 56.7748626828 5.18180583794 4.5943021063 4.39065560055 14.3510124791 19.1576451005 2.40053171452 18.6991928027 3.32608403123 6.32991755547
-9999.0 -9999.0 -9999.0 -9999.0 -9999.0 -9999.0 -9999.0 -9999.0 -9999.0 11.0430605127 69.4067897464 77.9754999716 24.7118620528 39.9664648811 52.8745476918 59.1869479655 6.37392771184 17.6985142253 11.8529154613 6.63265938482 6.12634183188 5.22799984432 8.92157046921 11.7711149675 1.85718394493 1568.13983158 1568.93414711 0.896455657969 1.1508244866 5.17814617161 7.80298480755 135.094012387 5.19892294121 67.6535791622 43.1950666974 36.4927607344 3.85177011722 8.00231908846 22.4141645455 3.71258642959 16.3800483649 5.46639218986 2.52010347531 1.3525746791 43.1652096574 100.976800088 6.13108569581 5.57731533574 6.04712340536 1.87608923453 21.0302349409 1.81780531812 23.423235106 2.90956427137 9.25991299667
-9999.0 -9999.0 -9999.0 -9999.0 -9999.0 -9999.0 -9999.0 -9999.0 -9999.0 -9999.0 8.45900590633 94.947456564 7.77804549953 15.1328045617 21.0523455301 31.8234310372 5.20208751788 10.9852544439 5.2656311389 4.60735426306 4.25697024727 8.19905222655 3.38865472298 2.26804028263 3.39447560141 1.41694912626 1570.14396557 1571.96848775 1574.97513969 9.10693786182 3.02962260314 6.0467522894 138.306268483 125.086777441 50.0468874648 3.43170229749 15.5299946794 11.7352187247 26.1311392447 7.40629656929 28.9994464192 8.85590522049 4.76739468587 1.51408896049 1.62491388578 102.545696792 103.882390741 116.67184227 12.0416692252 3.92985090758 23.0791478508 26.9013378274 52.2696626523 5.48665775188 2.71153917289
-9999.0 -9999.0 -9999.0 -9999.0 -9999.0 -9999.0 -9999.0 -9999.0 -9999.0 -9999.0 -9999.0 7.6687709085 109.861330249 6.73988784008 12.492807734 54.4533916421 4.83289186201 4.70869428826 4.10103350709 9.49876215267 5.18608096522 18.1632139751 24.7784133792 27.5178634924 5.05573579013 5.78559037709 0.792973970008 1.19715980464 1.40835304085 1588.3658693 1595.39131976 140.267350894 129.627393791 127.360613205 4.93359739134 2.37988384979 18.7619050355 51.52875832 29.5421453461 10.7715992318 42.8380282581 13.9904775045 11.1725117641 3.45916071048 1.3826842275 0.972790583737 1.08080706674 123.05189868 140.441296898 2.02545334476 1.78049153475 2.11239264881 54.6023728409 62.4830455338 4.89000652244
-9999.0 -9999.0 -9999.0 -9999.0 -9999.0 -9999.0 -9999.0 -9999.0 -9999.0 -9999.0 -9999.0 7.05572576009 124.290540233 147.320241389 5.97647331463 65.8362990503 4.26425144618 4.17464120893 9.40168278183 24.3478444021 5.07350861909 5.41860926889 3.50272835178 33.9490830466 37.0962287822 46.3131136943 48.7398231412 49.9112487107 50.7427770899 52.1317411026 1648.55786335 1790.41753621 1921.39646018 1922.18062037 1.01371721573 2.33564041406 58.0195792124 54.7922936114 3.35953588055 3.30223643398 46.1833368399 63.1887811871 2.6488676185 34.801629322 32.0152438665 8.07589001165 2.9466862477 5.06811342081 1.88984788563 143.173474549 1.34257485504 5.20006591183 6.29020078133 73.9464852171 81.4028358312
-9999.0 -9999.0 -9999.0 -9999.0 -9999.0 -9999.0 -9999.0 -9999.0 -9999.0 -9999.0 -9999.0 9.19584246699 16.6405324758 154.450275471 165.255242226 5.08599210184 74.5348990444 3.46990321245 11.5352985447 28.6129242424 9.61138069985 4.50944949457 8.44303214651 2.48345328288 5.27193480654 3.2365947874 3.01752418812 2.95282759732 2.68453018823 1.5660019769 0.851905201205 0.731285007982 0.76922193352 1.08065579462 1925.14649572 62.1275716474 59.292588454 0.637180934153 9.02680808812 3.14198815611 3.87817168705 65.9382822545 109.409977702 37.9279586079 28.4295090254 5.53087640398 1.84924413447 1.63903251074 3.08715283599 147.661430436 150.063188515 1.27731284497 1.35225057418 1.51439778738 2.3414291932
-9999.0 -9999.0 -9999.0 -9999.0 -9999.0 -9999.0 -9999.0 -9999.0 -9999.0 -9999.0 -9999.0 -9999.0 6.80160121423 101.715586812 273.214468603 291.387355664 369.969287232 374.264392964 62.9797099683 47.485961362 14.2008681583 4.42873919856 16.859920829 20.4011374677 28.9854616501 6.63978328972 6.09495956321 6.09188816375 11.7787971611 4.51470902407 3.75853987003 2.91808442756 2.08474024909 0.919611641974 1926.00916545 1990.49917588 1991.27133355 0.564878516572 23.6334803162 13.3110122607 3.28094183527 118.943618203 6.90122349213 3.60260539998 16.8916343734 3.76789943454 1.94987520036 3.47276216768 4.7211334347 6.10621077937 152.022363686 0.909842662602 0.792880307556 0.799102571656 0.648327100195
-9999.0 -9999.0 -9999.0 -9999.0 -9999.0 -9999.0 -9999.0 -9999.0 -9999.0 -9999.0 -9999.0 8.06563372791 78.8802791408 94.4512896599 12.756658176 7.15983124671 12.5657335996 391.241466441 394.584134953 462.111173176 3.76248373634 8.14884265151 3.29806764097 3.34365429419 32.1150869784 41.8737843057 50.746102078 2.75084027868 14.4911826945 21.6724204817 11.8412087014 5.52673181103 4.51997700977 3.43321092981 3.1763904397 0.504086929543 1991.76053699 1992.04771002 2016.15070381 4.47345646841 2.6226027175 121.85325208 8.25541303876 4.11420791178 4.68030230477 4.62848176273 3.86151548234 5.94645433886 16.2012170093 23.7277884844 176.715454069 0.662057971869 2.02391682099 1.39088923414 1.18917932319
-9999.0 -9999.0 -9999.0 -9999.0 -9999.0 -9999.0 -9999.0 -9999.0 -9999.0 -9999.0 -9999.0 8.31401314192 56.4530213979 8.12398009602 6.17690192534 38.3017569031 43.2090601636 47.9217794474 52.2391431129 617.946899071 622.436390281 630.264980338 689.205732505 698.379560304 703.140918647 706.182597563 763.807281351 772.126675939 774.92652172 799.689526599 814.462482529 817.014102043 826.83394052 5.94737727364 5.7108491365 0.662760922802 0.254055558197 1992.32144238 2021.72575461 5.37022748972 142.068422978 139.807413167 14.5911142093 3.41596359732 3.53558701878 3.37544569492 3.3377602931 6.60062956078 8.82930996705 1.83141217622 177.59536404 178.542641396 182.757829558 183.513909929 185.411904726
-9999.0 -9999.0 -9999.0 -9999.0 -9999.0 -9999.0 -9999.0 -9999.0 -9999.0 -9999.0 -9999.0 29.8576371363 39.3078746929 17.2852189241 24.5336188847 7.07184623618 80.2037146342 84.9536300799 94.3837128261 99.306119306 30.8592982875 670.109471051 674.43609473 2.41430678541 1.59764567086 1.64566532755 3.45304058003 2.04726170426 1.94254520696 2.12200751876 2.11073262275 819.889006107 829.614775854 838.028337149 845.858316841 847.39123112 0.500628009346 0.138108068337 2166.94623746 145.024137568 144.462572791 2.78402484234 2.17697037865 1.87627745286 5.6455843994 5.4476663391 2.68206454005 2.7060760277 2.52276427188 4.35781787572 5.37838480911 0.637946479394 1.19811318162 0.487862753391 0.526224476034
-9999.0 -9999.0 -9999.0 -9999.0 -9999.0 -9999.0 -9999.0 -9999.0 -9999.0 -9999.0 -9999.0 -9999.0 20.1832305733 9.25153953868 7.56272565596 70.6563736684 75.4632855423 5.08678675278 18.5367708425 23.1329022559 26.8966005611 4.64887294108 2.05086990231 85.7356975393 87.2117847272 88.6710724772 219.623228609 220.897090464 224.047124102 236.119323931 245.270101656 246.836278237 2.43115544883 2.52240568141 2.12249221409 848.150990275 0.236069131831 2185.55126568 2185.06355777 17.9702612507 17.2522280524 10.3594736003 2.70642878781 3.74188674173 7.62629543486 7.42404977303 5.09815283305 2.60020284079 5.05211893305 5.27122857211 7.74378928561 2.17169578897 2.84888052498 4.32138617861 5.46685176613
