data/baseflow/mHMbf_acc473.asc
ncols                  80
nrows                 72
xllcorner      4374000.0
yllcorner      5656000.0
cellsize            500
NODATA_value       -9999
[rows 0 to 24 of 72, columns 0 to 54 of 80]
-9999.0 -9999.0 -9999.0 -9999.0 -9999.0 -9999.0 -9999.0 -9999.0 -9999.0 -9999.0 -9999.0 -9999.0 30.0335397992 23.2324859698 -9999.0 -9999.0 -9999.0 -9999.0 -9999.0 -9999.0 -9999.0 -9999.0 -9999.0 -9999.0 -9999.0 -9999.0 -9999.0 -9999.0 -9999.0 -9999.0 -9999.0 -9999.0 -9999.0 -9999.0 -9999.0 -9999.0 -9999.0 -9999.0 -9999.0 -9999.0 -9999.0 -9999.0 -9999.0 -9999.0 -9999.0 -9999.0 -9999.0 -9999.0 -9999.0 -9999.0 -9999.0 -9999.0 -9999.0 -9999.0 -9999.0
-9999.0 -9999.0 -9999.0 -9999.0 -9999.0 -9999.0 -9999.0 -9999.0 -9999.0 -9999.0 -9999.0 -9999.0 60.4992932669 130.601362408 20.4417233774 -9999.0 15.4089811546 -9999.0 -9999.0 -9999.0 -9999.0 -9999.0 -9999.0 -9999.0 -9999.0 -9999.0 -9999.0 -9999.0 -9999.0 -9999.0 -9999.0 -9999.0 -9999.0 -9999.0 -9999.0 -9999.0 -9999.0 -9999.0 -9999.0 -9999.0 -9999.0 -9999.0 -9999.0 -9999.0 -9999.0 -9999.0 -9999.0 -9999.0 -9999.0 -9999.0 -9999.0 -9999.0 -9999.0 -9999.0 -9999.0
-9999.0 -9999.0 -9999.0 -9999.0 -9999.0 -9999.0 -9999.0 -9999.0 -9999.0 -9999.0 29.6578105151 28.7239817491 29.72784444 28.6362398452 185.405933679 208.25381914 43.6097424457 13.8494983188 -9999.0 -9999.0 -9999.0 -9999.0 -9999.0 -9999.0 -9999.0 -9999.0 -9999.0 -9999.0 -9999.0 -9999.0 -9999.0 -9999.0 -9999.0 -9999.0 -9999.0 -9999.0 -9999.0 -9999.0 -9999.0 -9999.0 -9999.0 -9999.0 -9999.0 -9999.0 -9999.0 -9999.0 -9999.0 -9999.0 -9999.0 -9999.0 -9999.0 -9999.0 -9999.0 -9999.0 -9999.0
-9999.0 -9999.0 -9999.0 -9999.0 -9999.0 -9999.0 -9999.0 -9999.0 -9999.0 28.9424212121 58.3142165091 115.504569211 57.2811228086 27.8548229261 54.7694163589 235.090830147 315.221801752 16.974940467 -9999.0 29.2055077628 -9999.0 -9999.0 -9999.0 -9999.0 30.4335282071 15.1745014353 -9999.0 -9999.0 -9999.0 -9999.0 -9999.0 -9999.0 -9999.0 -9999.0 -9999.0 -9999.0 -9999.0 -9999.0 -9999.0 -9999.0 -9999.0 -9999.0 -9999.0 -9999.0 -9999.0 -9999.0 -9999.0 -9999.0 -9999.0 -9999.0 -9999.0 -9999.0 -9999.0 -9999.0 -9999.0
-9999.0 -9999.0 -9999.0 -9999.0 -9999.0 -9999.0 -9999.0 -9999.0 31.4958685051 90.3700512541 118.220472327 146.227361773 199.739080153 26.4232698775 106.502451007 132.739669694 495.664568628 26.1286771535 26.7714408451 55.6285945537 81.2851595462 26.5948690478 -9999.0 84.7731822076 69.1572557145 20.4221908668 -9999.0 -9999.0 -9999.0 -9999.0 -9999.0 -9999.0 -9999.0 -9999.0 -9999.0 -9999.0 -9999.0 -9999.0 -9999.0 -9999.0 -9999.0 -9999.0 -9999.0 -9999.0 -9999.0 -9999.0 -9999.0 -9999.0 -9999.0 -9999.0 -9999.0 -9999.0 -9999.0 -9999.0 -9999.0
-9999.0 -9999.0 -9999.0 -9999.0 -9999.0 -9999.0 32.0235158254 29.2564975031 28.6811388135 28.9739092697 29.1089853119 204.539201434 432.0784037 459.671598026 483.089234504 22.1461854698 543.439189501 568.84028822 51.458594316 25.6199871063 106.394488268 184.625234215 26.5735577306 165.685573977 28.6288723066 28.6823381496 29.7362595905 -9999.0 -9999.0 -9999.0 -9999.0 -9999.0 -9999.0 -9999.0 -9999.0 -9999.0 -9999.0 -9999.0 -9999.0 -9999.0 -9999.0 -9999.0 -9999.0 -9999.0 -9999.0 -9999.0 -9999.0 -9999.0 -9999.0 -9999.0 -9999.0 -9999.0 -9999.0 -9999.0 -9999.0
-9999.0 -9999.0 -9999.0 -9999.0 -9999.0 -9999.0 63.7314771081 93.7026026964 210.826687096 295.684691901 26.7197748978 27.24872716 26.3374085873 77.2247522584 584.865845277 22.6231869531 593.472250761 686.12060742 73.4546079789 49.6554985975 208.877984321 25.8606918094 191.414722278 53.2011639484 27.3363668008 55.794593086 58.5018378781 28.684404554 28.378687851 28.0377945124 29.0655139295 58.4720637874 -9999.0 -9999.0 -9999.0 -9999.0 -9999.0 -9999.0 -9999.0 -9999.0 -9999.0 -9999.0 -9999.0 -9999.0 -9999.0 -9999.0 -9999.0 -9999.0 -9999.0 -9999.0 -9999.0 -9999.0 -9999.0 -9999.0 -9999.0
-9999.0 -9999.0 -9999.0 -9999.0 -9999.0 32.8966781621 64.2274897951 30.8542715 60.3077341363 325.453493634 380.947027139 435.824969942 1359.76105717 25.05103106 610.786751515 2161.72983464 2179.15146566 2894.27291329 18.3014053249 73.4590207235 233.388813698 24.3920021379 488.894873081 272.442964806 168.277415906 141.606779076 28.3139056237 85.1282742 82.9652548818 55.4896325175 27.3630374673 86.6972296954 27.6712980389 27.5587637493 -9999.0 -9999.0 -9999.0 -9999.0 -9999.0 -9999.0 -9999.0 -9999.0 -9999.0 -9999.0 -9999.0 -9999.0 -9999.0 -9999.0 -9999.0 -9999.0 -9999.0 -9999.0 -9999.0 -9999.0 -9999.0
-9999.0 -9999.0 -9999.0 -9999.0 -9999.0 32.8701068074 95.9377436827 191.211481863 220.64294339 435.730320519 463.930437088 551.30629559 898.35499803 1428.96938282 1480.5654848 1504.56260205 45.5394103269 2973.83528202 3012.96673194 3133.11961377 3955.14626959 563.697887627 514.637388329 193.993766798 25.4214992654 165.379780955 112.338405752 26.8992217028 108.684523869 24.1619913308 49.5868121616 138.555160003 165.245481046 54.2180720103 26.8788104631 26.8677804035 -9999.0 -9999.0 -9999.0 -9999.0 17.6964623321 14.8047389989 -9999.0 -9999.0 -9999.0 -9999.0 -9999.0 -9999.0 -9999.0 -9999.0 -9999.0 -9999.0 -9999.0 -9999.0 -9999.0
-9999.0 -9999.0 -9999.0 -9999.0 -9999.0 32.2227383535 30.8836994905 126.08703465 155.746791528 186.20697564 29.563867571 58.755814674 327.744912256 56.0302289275 28.2615422425 26.9289382465 24.7054623337 25.8817941444 24.8460182106 26.5329727739 3980.69869212 4054.71487224 24.4112283691 74.9659076758 50.7297497397 190.601187171 53.3491668342 26.2733196757 135.507716219 47.1721717186 112.753919765 294.240770074 272.365789891 80.9021931232 81.3361666525 26.8989708384 27.1272104295 -9999.0 -9999.0 27.3011108878 41.3605339766 87.1481167509 15.6271663581 -9999.0 -9999.0 -9999.0 -9999.0 -9999.0 -9999.0 -9999.0 -9999.0 -9999.0 -9999.0 -9999.0 -9999.0
-9999.0 -9999.0 -9999.0 -9999.0 -9999.0 -9999.0 32.4536402116 32.2921495704 62.9076315741 93.4750074651 212.109090437 271.618532694 300.287328544 28.1852587601 26.0710241294 336.335727737 416.120520555 441.965374473 547.354878694 572.686101146 25.4035745424 4079.85214775 4201.86613611 97.2956857914 17.2276018653 213.404257992 479.656963193 187.915248436 50.0333325197 24.5153457433 455.04263185 319.169713412 25.2208440496 25.2564373271 106.935893368 79.7333304809 26.4515743446 27.7410489419 26.5421211353 53.3540116643 26.2438351367 106.419404436 132.96539834 26.7154865343 -9999.0 -9999.0 -9999.0 -9999.0 29.6826763268 28.8220257311 7.53129445184 -9999.0 -9999.0 -9999.0 -9999.0
-9999.0 -9999.0 -9999.0 -9999.0 -9999.0 -9999.0 -9999.0 32.374198572 28.5992241072 59.2984681767 89.6647353766 30.0764467972 26.7774766005 171.049155593 227.482204912 284.334382598 27.1336397467 53.5544939731 26.4640281654 597.850649497 1324.4981575 1341.94701286 5591.14634469 24.9166074249 52.4107203544 16.6603429767 504.612268305 24.8982866871 74.9551003275 24.4244750506 480.050574139 504.828808753 50.296534264 49.7926390327 264.810640358 132.174297657 54.0300353899 27.1105494181 53.2343534481 79.5988858776 131.79143297 26.3312407649 188.127398089 216.952620591 27.8658271319 28.7599667731 29.3442096134 28.4439429437 27.8555293768 85.8332117564 32.5890142755 21.4731648951 -9999.0 -9999.0 -9999.0
-9999.0 -9999.0 -9999.0 -9999.0 -9999.0 -9999.0 -9999.0 -9999.0 58.741871773 86.2633843836 29.767451059 60.0195268003 88.8922495863 145.595315464 29.3399920024 28.7141647841 26.2115197525 26.7085191767 25.4938908351 675.271050046 26.7540405575 52.8207785068 5665.23484666 5733.32631686 40.270806648 130.538561927 661.053611322 48.7478395657 98.209725751 48.0279021692 71.1039655252 602.47737303 74.0220783449 387.158782067 313.463991471 23.9345940894 131.383748827 52.4831056214 78.5522451544 25.3276022114 158.405551492 212.519729085 239.888752726 266.672749237 325.677684996 54.5723567929 55.9018631943 54.328630579 53.0873949946 111.352632237 24.7270664317 79.0907222477 102.634541768 -9999.0 -9999.0
-9999.0 -9999.0 -9999.0 -9999.0 -9999.0 -9999.0 -9999.0 -9999.0 31.1167810243 147.809625889 177.065847619 29.3623522417 58.035030131 28.6927778189 27.7006919125 27.1497827707 335.43778622 450.985986806 556.38925898 657.089171267 26.1291192785 26.3893924949 32.4368675058 5863.85204002 5938.26970769 5977.69603541 898.082976991 198.627164985 172.022604265 24.5973922005 95.4987578862 721.648436143 24.613063659 411.259664453 24.2428456163 167.125738753 156.870551026 25.1089633929 103.551995429 50.2833065457 75.1705572521 27.1000366374 26.7168139306 293.319169547 319.236143057 351.52245185 82.3844415681 80.3567166432 78.8808737887 136.259254725 185.60859008 24.5088614375 126.015804063 23.1286834244 45.7281222229
-9999.0 -9999.0 -9999.0 -9999.0 -9999.0 -9999.0 -9999.0 -9999.0 -9999.0 31.1858630523 207.02896055 236.196051794 87.0007415492 144.548743594 200.106289095 227.99340174 28.2842816573 89.0342965507 58.3284487947 28.4413245651 28.7571295581 26.8645755378 54.7351450715 99.438170275 42.7589081479 6955.67644336 6996.48540853 38.37799042 26.5210931437 47.5139817744 70.8728820866 792.480888276 47.7352750895 434.726647095 258.974869991 211.853801922 24.7135896085 49.5417760554 127.793863334 24.0242857397 99.069359802 51.1189610233 48.0538078824 20.4572643613 385.719686016 761.456228771 105.62318274 103.701655865 102.21348368 22.8142375736 208.460803566 22.6354953947 172.622743697 22.1682315502 68.3341066664
-9999.0 -9999.0 -9999.0 -9999.0 -9999.0 -9999.0 -9999.0 -9999.0 -9999.0 -9999.0 28.9317795224 294.561742234 28.9364277056 57.8684390349 85.1916077477 141.78603929 29.7345171246 60.9395086526 30.0903314902 29.6619615704 28.226609279 56.1162953726 26.965492611 31.9752776514 73.4127699128 42.9504029466 7035.35979202 7112.43558912 7218.60246535 98.6957700125 23.2372050144 46.1996071481 815.789155894 811.843241995 307.042834189 23.8446913264 98.2308350464 73.888165067 152.11349007 48.2729882252 198.146320571 75.0479513747 71.1559572786 15.090273083 20.9090053368 787.811605278 813.227516305 1046.57456235 172.129460655 46.3558349891 232.628009536 278.585926497 473.61436336 44.2871524724 21.263705705
-9999.0 -9999.0 -9999.0 -9999.0 -9999.0 -9999.0 -9999.0 -9999.0 -9999.0 -9999.0 -9999.0 14.3592798014 325.409206917 26.824673236 53.9871105187 252.525980581 29.8988262711 29.9519774756 27.5127435349 57.1258698205 26.4921018184 109.130761168 162.233064694 188.20182566 100.730128527 136.040360383 41.0887626966 42.6072867343 38.5187848816 7376.67196845 7451.2032491 838.128387722 856.529262319 834.209283207 47.2993523426 23.6134862073 121.384123294 320.19423462 175.741498122 71.949686271 293.546268235 140.007794847 117.116901409 29.0096853119 14.1386135508 14.8195608788 17.7219518968 1122.20033738 1365.73198971 22.2841392598 22.3580543009 21.9420826998 495.087315984 559.967289003 40.4352644412
-9999.0 -9999.0 -9999.0 -9999.0 -9999.0 -9999.0 -9999.0 -9999.0 -9999.0 -9999.0 -9999.0 13.5446082651 358.869606708 444.794037214 27.2320079593 306.88507077 28.2312144029 27.6893213896 53.5531015272 136.865180104 26.2668225652 27.1067352181 25.5474967439 240.570561423 266.486689808 428.05882118 495.999073102 527.257581044 564.642185762 600.551595284 8088.28749877 8990.11989007 9910.50055347 9939.13442967 27.5442558776 23.3596689938 366.45152034 343.602972856 23.1254788891 22.5010079305 314.257865866 477.499493211 21.1238332713 230.387442645 212.651335137 61.8368368285 33.6642967481 52.4548026954 25.6611172682 1414.94553357 24.8804031966 67.8318579194 90.0985234246 711.168764804 764.39001475
-9999.0 -9999.0 -9999.0 -9999.0 -9999.0 -9999.0 -9999.0 -9999.0 -9999.0 -9999.0 -9999.0 30.3542495541 58.6638790775 472.712188581 525.157442771 26.4205858303 358.335966049 26.1286487012 78.6812789357 161.982403249 51.3712036229 25.06169284 51.7650757345 25.3239995191 48.6416994816 22.9921296741 21.6663442939 18.1541025965 16.6437703384 17.3016686817 19.95064297 27.8972776599 35.2044403616 39.4521726081 10038.5241529 493.729538335 434.567130588 31.6767225906 68.4494048453 17.1532241114 13.258690858 499.787216667 797.841728961 254.220344507 184.512497436 32.0314477708 15.7046487541 15.0933594905 38.2706577755 1478.04177873 1527.6029429 25.2011013592 25.2143483042 21.6252380327 13.9327814511
-9999.0 -9999.0 -9999.0 -9999.0 -9999.0 -9999.0 -9999.0 -9999.0 -9999.0 -9999.0 -9999.0 -9999.0 27.7489876425 360.745070351 912.993067511 993.926567295 1377.47753455 1400.28184602 365.168306787 264.181617708 76.9604288668 24.8714017072 101.105092729 125.311732141 197.073301129 46.6489951738 44.7459140846 41.4384704692 81.0619734304 40.0636544311 42.0191886095 18.7598612767 13.2992858713 19.1137149215 10069.6963745 10579.2071897 10613.5189218 35.3777668674 211.071692913 76.3670078381 23.4116601934 868.80911384 48.9821440731 25.0217419999 100.9262377 22.0928885374 23.2263618769 46.1792892199 69.1061088218 93.1705173818 1573.90640928 22.759187817 21.4946703983 21.4860176994 18.5848755967
-9999.0 -9999.0 -9999.0 -9999.0 -9999.0 -9999.0 -9999.0 -9999.0 -9999.0 -9999.0 -9999.0 29.4484460525 274.605909747 333.26196159 55.4795746668 15.6724034032 36.5700113378 1462.5773613 1486.33619838 1873.04423255 23.6662365612 48.36257217 22.7450198594 23.1831856014 220.083055952 289.721207774 356.391722334 22.1983092448 103.479580206 165.492437299 104.081760912 40.5095477789 32.2836580791 32.7520728226 38.8133540952 25.7820619961 10645.4646278 10677.3604463 10951.0789494 44.2033319915 22.2074008281 886.199749823 50.461211902 25.8549972842 26.7900522184 26.4850249907 25.6103294267 49.5196238492 147.824019428 266.033778083 1862.75757852 20.2085684555 60.5319820594 40.5934460559 36.8354964175
-9999.0 -9999.0 -9999.0 -9999.0 -9999.0 -9999.0 -9999.0 -9999.0 -9999.0 -9999.0 -9999.0 30.067472105 188.20962686 29.8358904119 27.4547446133 138.105921526 163.459718856 189.870940818 215.016558592 2545.16395396 2564.52731834 2607.94575972 2938.67776375 3008.92944715 3051.70833776 3075.44140269 3483.53826678 3537.58824938 3558.82660805 3746.88619095 3874.11423505 3896.01934175 3967.56745627 53.8387560835 54.4484527978 15.5378485667 23.9391565879 10707.8486708 11054.7989337 70.4933791428 1021.79337048 1001.04512901 99.0862267569 24.4115052439 25.0287632558 24.8346758821 24.2037398223 48.7523069275 73.2019262399 25.2980797393 1885.34999846 1908.43243078 2031.1838188 2052.38078391 2109.69343783
-9999.0 -9999.0 -9999.0 -9999.0 -9999.0 -9999.0 -9999.0 -9999.0 -9999.0 -9999.0 -9999.0 96.2349987395 127.338887162 59.9485694431 88.8642981209 28.5967635057 327.581977853 355.444866858 409.993632666 432.179421423 181.955565419 2824.82147411 2845.12248775 23.5550230491 19.4372010741 16.6983931928 36.8754786985 16.5410708217 13.5344066128 12.536431821 14.5897154478 3914.16730597 3987.09791828 4061.33905716 4135.01258417 4216.20366359 43.0199353947 21.1504058648 12155.9536755 1068.3081429 1043.07692013 22.548098738 22.7015785321 22.4851059311 48.1935980361 48.2055944399 22.6563591823 22.2139133519 21.7213075546 46.7684068939 68.1846667219 20.0609609253 38.0208970793 16.472044939 10.7798480516
-9999.0 -9999.0 -9999.0 -9999.0 -9999.0 -9999.0 -9999.0 -9999.0 -9999.0 -9999.0 -9999.0 -9999.0 65.123773459 30.580946948 29.0280083821 272.781712954 301.215760012 28.2705870831 112.243979178 137.87575887 161.547233018 25.6740782235 24.9456730455 464.281244209 487.519814137 509.491527088 1317.48544187 1334.9257144 1362.64070799 1498.17113531 1581.96525212 1594.59082114 11.1681506835 11.6247354434 12.915436137 4261.96090763 23.2298000008 12399.5702508 12358.5371311 174.115090477 147.471212287 88.7908538942 22.2792385872 44.8597394238 71.2827957539 71.1490102959 44.8327555577 21.4693511263 43.071275384 42.9379195092 88.4714077645 12.2151787874 51.6402039551 88.6856211607 110.928179386
-9999.0 -9999.0 -9999.0 -9999.0 -9999.0 -9999.0 -9999.0 -9999.0 -9999.0 -9999.0 -9999.0 -9999.0 33.3625617109 94.825705259 124.542472869 215.308047083 29.0122235751 58.263062096 86.2293836086 320.745473802 343.767774723 360.451345561 385.394062253 414.477662177 659.528962669 742.722159382 788.388503555 17.8847810014 105.75982031 121.804883519 1541.77545629 1609.92404542 1635.60600245 1661.15186951 1690.04326822 5976.01044744 21.0120467036 12485.7036277 41.7626589317 17.0522275024 125.607427435 108.019728146 17.0972586638 64.7913734665 91.5718446262 91.4871484225 64.8994316525 106.315846682 168.68473184 62.7671154958 170.647944176 15.7558890028 23.2073053354 10.4783595715 9.1804243125
