data/baseflow/mHMbf_acc351.asc
ncols                  80
nrows                 72
xllcorner      4374000.0
yllcorner      5656000.0
cellsize            500
NODATA_value       -9999
[rows 0 to 24 of 72, columns 0 to 54 of 80]
-9999.0 -9999.0 -9999.0 -9999.0 -9999.0 -9999.0 -9999.0 -9999.0 -9999.0 -9999.0 -9999.0 -9999.0 21.7600618059 17.6562388286 -9999.0 -9999.0 -9999.0 -9999.0 -9999.0 -9999.0 -9999.0 -9999.0 -9999.0 -9999.0 -9999.0 -9999.0 -9999.0 -9999.0 -9999.0 -9999.0 -9999.0 -9999.0 -9999.0 -9999.0 -9999.0 -9999.0 -9999.0 -9999.0 -9999.0 -9999.0 -9999.0 -9999.0 -9999.0 -9999.0 -9999.0 -9999.0 -9999.0 -9999.0 -9999.0 -9999.0 -9999.0 -9999.0 -9999.0 -9999.0 -9999.0
-9999.0 -9999.0 -9999.0 -9999.0 -9999.0 -9999.0 -9999.0 -9999.0 -9999.0 -9999.0 -9999.0 -9999.0 43.5124523185 92.9728236987 14.2589437145 -9999.0 12.7295587522 -9999.0 -9999.0 -9999.0 -9999.0 -9999.0 -9999.0 -9999.0 -9999.0 -9999.0 -9999.0 -9999.0 -9999.0 -9999.0 -9999.0 -9999.0 -9999.0 -9999.0 -9999.0 -9999.0 -9999.0 -9999.0 -9999.0 -9999.0 -9999.0 -9999.0 -9999.0 -9999.0 -9999.0 -9999.0 -9999.0 -9999.0 -9999.0 -9999.0 -9999.0 -9999.0 -9999.0 -9999.0 -9999.0
-9999.0 -9999.0 -9999.0 -9999.0 -9999.0 -9999.0 -9999.0 -9999.0 -9999.0 -9999.0 20.9746744944 19.9932881537 21.0009370171 20.6015307668 131.517460453 146.138569926 35.92543481 11.6166744216 -9999.0 -9999.0 -9999.0 -9999.0 -9999.0 -9999.0 -9999.0 -9999.0 -9999.0 -9999.0 -9999.0 -9999.0 -9999.0 -9999.0 -9999.0 -9999.0 -9999.0 -9999.0 -9999.0 -9999.0 -9999.0 -9999.0 -9999.0 -9999.0 -9999.0 -9999.0 -9999.0 -9999.0 -9999.0 -9999.0 -9999.0 -9999.0 -9999.0 -9999.0 -9999.0 -9999.0 -9999.0
-9999.0 -9999.0 -9999.0 -9999.0 -9999.0 -9999.0 -9999.0 -9999.0 -9999.0 20.2389702559 41.1946324895 81.6304537736 40.6797836092 19.8341638602 38.8180733436 164.619736906 226.320750892 12.5630212975 -9999.0 20.0353083462 -9999.0 -9999.0 -9999.0 -9999.0 24.5633104275 12.5955602838 -9999.0 -9999.0 -9999.0 -9999.0 -9999.0 -9999.0 -9999.0 -9999.0 -9999.0 -9999.0 -9999.0 -9999.0 -9999.0 -9999.0 -9999.0 -9999.0 -9999.0 -9999.0 -9999.0 -9999.0 -9999.0 -9999.0 -9999.0 -9999.0 -9999.0 -9999.0 -9999.0 -9999.0 -9999.0
-9999.0 -9999.0 -9999.0 -9999.0 -9999.0 -9999.0 -9999.0 -9999.0 22.3481370142 63.77335558 83.1684346111 102.958890258 141.556646034 18.8195009865 75.6098402904 93.7553981022 349.568825704 15.9336541604 17.6502616893 38.3647886635 55.8708660793 18.0893410749 -9999.0 63.0147887584 51.6615934446 13.9779223829 -9999.0 -9999.0 -9999.0 -9999.0 -9999.0 -9999.0 -9999.0 -9999.0 -9999.0 -9999.0 -9999.0 -9999.0 -9999.0 -9999.0 -9999.0 -9999.0 -9999.0 -9999.0 -9999.0 -9999.0 -9999.0 -9999.0 -9999.0 -9999.0 -9999.0 -9999.0 -9999.0 -9999.0 -9999.0
-9999.0 -9999.0 -9999.0 -9999.0 -9999.0 -9999.0 23.1303274875 21.2243889306 20.1678802357 20.4389362338 20.3176399179 144.069197732 305.454690789 325.064966072 342.365578916 17.030949011 383.189959748 400.308433499 35.7912968881 18.1187491696 73.1014871034 126.287030647 17.1672168247 115.408304227 19.7733159731 18.5411615148 20.6639206859 -9999.0 -9999.0 -9999.0 -9999.0 -9999.0 -9999.0 -9999.0 -9999.0 -9999.0 -9999.0 -9999.0 -9999.0 -9999.0 -9999.0 -9999.0 -9999.0 -9999.0 -9999.0 -9999.0 -9999.0 -9999.0 -9999.0 -9999.0 -9999.0 -9999.0 -9999.0 -9999.0 -9999.0
-9999.0 -9999.0 -9999.0 -9999.0 -9999.0 -9999.0 46.2230238888 68.2143215544 153.134342131 212.969345448 18.7599899114 19.6319307009 18.6824099565 54.3254594449 413.31122285 16.0577004027 416.747237645 483.919123464 52.3499445762 34.2384402344 142.539067788 17.3524105624 132.734759411 35.1964918319 17.9891948488 36.0159771255 40.3475595715 19.2973104719 19.8947040457 19.5773944027 19.9110819383 39.9037695909 -9999.0 -9999.0 -9999.0 -9999.0 -9999.0 -9999.0 -9999.0 -9999.0 -9999.0 -9999.0 -9999.0 -9999.0 -9999.0 -9999.0 -9999.0 -9999.0 -9999.0 -9999.0 -9999.0 -9999.0 -9999.0 -9999.0 -9999.0
-9999.0 -9999.0 -9999.0 -9999.0 -9999.0 24.6037091705 47.8561602208 22.9686451952 44.2361407696 234.317458403 273.481909723 312.829806423 1011.22017192 17.9167186335 430.878058552 1582.8812569 1596.27757163 2103.40244923 14.5443095353 50.4332107337 158.883216618 16.2155793413 331.8998011 182.237234529 112.808857505 94.7892706858 20.2565609265 57.9517405775 58.4277332359 38.9650745202 18.6654948496 59.0214057373 18.2049749346 18.0043219172 -9999.0 -9999.0 -9999.0 -9999.0 -9999.0 -9999.0 -9999.0 -9999.0 -9999.0 -9999.0 -9999.0 -9999.0 -9999.0 -9999.0 -9999.0 -9999.0 -9999.0 -9999.0 -9999.0 -9999.0 -9999.0
-9999.0 -9999.0 -9999.0 -9999.0 -9999.0 25.7287804652 74.4255146665 145.878081036 167.771141639 330.390017036 351.1287166 415.24315647 680.39785121 1065.74393245 1102.70629724 1119.65411464 31.7604348221 2160.38565308 2190.25351151 2273.85773943 2830.42597784 381.605222088 349.181454248 129.922527358 16.9717523688 111.7908522 75.6063060938 16.9067263842 75.7137397524 17.0926942056 35.221613745 94.2626244814 111.915894845 35.4804040636 17.0999473199 17.149381686 -9999.0 -9999.0 -9999.0 -9999.0 11.6592013669 10.4427830881 -9999.0 -9999.0 -9999.0 -9999.0 -9999.0 -9999.0 -9999.0 -9999.0 -9999.0 -9999.0 -9999.0 -9999.0 -9999.0
-9999.0 -9999.0 -9999.0 -9999.0 -9999.0 25.2179576593 23.3587956676 96.3955140448 118.508262414 141.140879831 21.6665290244 43.0487682228 249.652163109 43.2404068071 20.2451480036 18.7229376475 16.6744867176 18.4172207244 17.8904274009 18.1703133743 2847.27741083 2896.14171648 16.1628750073 49.7683556607 33.8174936054 128.062395289 34.1618573393 16.5903822958 93.1391437209 33.7423373437 81.8464051443 197.335828846 181.692736458 52.3221284831 50.7844560378 17.4787975237 17.2316204131 -9999.0 -9999.0 17.4883015793 25.4275379025 57.5216662862 10.8379503568 -9999.0 -9999.0 -9999.0 -9999.0 -9999.0 -9999.0 -9999.0 -9999.0 -9999.0 -9999.0 -9999.0 -9999.0
-9999.0 -9999.0 -9999.0 -9999.0 -9999.0 -9999.0 25.1914218052 24.9151919365 48.3663509597 71.962500586 163.055553809 207.687361899 229.778607908 22.9245716974 18.9095289842 248.351385486 303.83856004 321.532570886 395.201911489 412.428110813 16.8067370415 2912.98024384 2995.0415442 65.6732708241 14.1643228835 143.393216105 317.688281275 125.320990615 31.0916039076 15.7604109009 310.053598266 213.205912476 15.1625453738 15.3445143752 66.492751945 51.01674526 16.2380383908 15.7909851129 16.8749229628 34.0749879553 16.2378267999 69.7293605403 85.1100255388 14.5442812624 -9999.0 -9999.0 -9999.0 -9999.0 16.5802004742 15.7256070373 5.7896192406 -9999.0 -9999.0 -9999.0 -9999.0
-9999.0 -9999.0 -9999.0 -9999.0 -9999.0 -9999.0 -9999.0 24.6962888588 22.7017212974 46.5254506405 69.3513436336 22.4809801951 20.6208943575 129.578735215 169.983304168 210.890921614 18.9625420469 38.2615854175 18.5178583133 429.984087142 947.93051686 959.68321485 3984.55501187 16.2287668682 41.8514198811 13.432196097 332.77677257 15.2029743885 47.0445869505 15.4420770512 325.06905278 340.102714582 30.5050306651 30.6428039667 166.681023701 83.7470845565 32.314909312 16.4544714373 33.6993575418 50.7016685924 82.2613487181 15.0535834929 112.286334371 123.637169506 10.0855291766 10.9456951621 11.6511887244 10.4676912468 9.98010084889 44.8743153696 19.1586594797 12.8714281594 -9999.0 -9999.0 -9999.0
-9999.0 -9999.0 -9999.0 -9999.0 -9999.0 -9999.0 -9999.0 -9999.0 46.9625674227 69.0865712026 22.8396597458 46.1055399984 67.4747379281 110.139288431 21.9875879577 21.2067914394 18.8739846228 19.0796040078 17.4920796856 482.738805935 18.8932789152 37.2368611511 4033.79854806 4063.58790779 12.9699452811 68.1077380682 414.546672323 29.9522495972 60.7418153352 28.307982092 41.4691246286 397.252614576 44.0224580765 239.509529674 195.672984979 14.8087714987 79.8067649856 32.1286452142 49.0900227945 15.2564465896 96.7602324784 124.20352247 133.754888696 142.768919593 161.220173897 19.0473580548 20.560475899 18.665783098 17.6346488438 54.8791116155 11.4985177398 43.9493563993 54.729240187 -9999.0 -9999.0
-9999.0 -9999.0 -9999.0 -9999.0 -9999.0 -9999.0 -9999.0 -9999.0 24.1225819507 116.848974458 139.314848575 22.5073901192 43.7998606888 21.2861885547 20.2692030514 19.9905047286 245.06855071 326.544732564 399.442403711 470.004557848 17.1366033556 18.5823279399 17.3511768018 4139.98642387 4170.48584078 4182.44354198 547.736880456 119.2275674 104.625531501 13.1936509558 54.1885001293 464.422395776 12.961871246 252.592525658 14.6329254428 104.270785485 95.6994025138 15.4692605319 64.4159101687 30.4966435039 45.3175401979 12.379646871 8.910160968 151.659326576 159.688197317 169.227071417 29.3980077956 27.0482321729 25.9347037326 67.0313464598 90.3306546659 11.6354774046 65.9229891433 12.0651577635 23.1499524712
-9999.0 -9999.0 -9999.0 -9999.0 -9999.0 -9999.0 -9999.0 -9999.0 -9999.0 24.2696593016 162.302143481 184.53017375 65.2989310844 107.680442596 147.846560327 167.742091956 20.1610349806 62.6826221901 41.2698088211 20.5087614174 20.3668951774 19.1228639712 37.1880767983 62.021764252 18.221047206 4761.92365977 4775.19331135 11.9332240042 10.6567735279 26.6318781559 39.4301427882 502.291973887 25.2735286972 264.181424592 159.254667376 131.968799283 14.4865337853 29.6702116385 78.2158593447 13.7682869828 58.6325841243 25.1492895978 15.9647270855 8.02051151218 182.934170858 358.593011539 35.2015005121 33.0370304822 34.643203767 9.26998271722 99.6175499161 9.04897549758 87.2840760382 10.8059491052 34.0951932377
-9999.0 -9999.0 -9999.0 -9999.0 -9999.0 -9999.0 -9999.0 -9999.0 -9999.0 -9999.0 21.9979072637 228.77504607 21.4385405015 42.5820938037 62.041303827 101.496159274 20.4491369315 42.4072801457 20.8877025402 20.1842372171 19.1752139123 38.3078296872 16.9480273832 17.135711171 32.4036667438 17.4736421805 4788.7071707 4812.82632259 4849.09740615 51.2322827678 13.2800699744 26.4806260901 515.749637519 487.313411715 186.914827798 13.754104529 58.15904412 43.8551197161 92.0484453823 27.5394286105 110.347191704 38.1775740102 26.4962618636 6.86588402636 8.20696920252 367.4979204 374.83540316 449.449954538 63.4848018627 19.0572606719 109.619200269 128.48028085 224.852127849 21.1482209653 10.2357199729
-9999.0 -9999.0 -9999.0 -9999.0 -9999.0 -9999.0 -9999.0 -9999.0 -9999.0 -9999.0 -9999.0 12.6700977206 256.341575186 20.4465972646 39.7635852922 181.475009091 21.2380070519 21.0952367807 18.901083463 39.4455189991 18.9264726607 76.0838590731 110.339196023 126.638942334 46.4854834003 57.8417996926 12.6055888633 15.8567483122 14.6311665579 4927.59349225 4965.41620321 527.221653038 510.242165145 498.854529203 24.1259620912 11.7804478043 71.0939664024 189.10952244 105.107490155 40.506047604 163.046805264 62.9526504221 51.3928548074 14.5701819989 5.9507741494 5.41255997302 5.89238607624 478.591243918 567.477533991 9.1358173578 8.42130194986 9.28854947261 234.214651381 264.629679262 18.6372349523
-9999.0 -9999.0 -9999.0 -9999.0 -9999.0 -9999.0 -9999.0 -9999.0 -9999.0 -9999.0 -9999.0 11.9358945925 284.680063979 348.237095555 19.5746894543 220.893361126 20.0214034709 19.1173352772 37.624964062 96.0077782868 18.5357737905 19.1257790121 16.467949018 160.064805481 175.40953239 249.404347692 275.767478333 289.871543517 301.479990299 317.52215824 5295.08068724 5844.05823259 6373.20652812 6380.64824063 9.3972615264 11.9070983361 215.038144188 202.161169502 12.8646009318 12.811294259 175.428786642 250.471427489 10.6759089968 124.585936003 114.318612559 30.8321437604 13.4080187221 22.0888117354 8.90986005629 582.063340102 7.42517503341 25.013240635 30.9665698473 319.71417369 346.462036672
-9999.0 -9999.0 -9999.0 -9999.0 -9999.0 -9999.0 -9999.0 -9999.0 -9999.0 -9999.0 -9999.0 22.9001652425 43.6640715272 368.698757539 406.339046938 18.9024925231 255.355918854 16.9756785875 52.3958665588 112.96754365 35.8971815474 17.3118395331 34.8979703866 15.3250464356 29.2103735962 14.4586310064 13.7232261983 12.7755408651 11.8479559456 11.0073549986 9.89556621788 11.629896606 12.5749388053 13.2939431224 6412.52194173 247.606196948 229.261653961 6.85949764395 36.822666261 10.6877685936 9.76137424041 261.812102665 420.633536257 136.687784571 100.298318496 18.7192251694 7.45047754007 6.80764124799 14.1720863623 603.660739527 617.772841582 7.3846199812 7.77562235203 8.2643641829 8.40561552927
-9999.0 -9999.0 -9999.0 -9999.0 -9999.0 -9999.0 -9999.0 -9999.0 -9999.0 -9999.0 -9999.0 -9999.0 20.3134599817 266.653217254 692.465510649 750.715660673 1023.08194062 1037.24714214 249.515580365 183.807140176 53.4744737452 17.1472963258 68.4121247735 84.308124443 128.182335698 29.4453415495 27.8223685677 27.0677633975 52.6838431451 24.597161544 23.0170502285 12.4863504857 10.0709953816 9.28989506916 6423.15379239 6680.24411645 6688.03729378 6.61089792826 95.5155412619 44.8504043099 12.3908577309 457.381508769 25.6939261079 13.2208786402 57.2852446862 12.7700507907 9.38644783424 17.0602737733 23.5262303125 30.546710404 629.645052548 5.64491864257 5.10286335145 5.11882665504 4.45125395903
-9999.0 -9999.0 -9999.0 -9999.0 -9999.0 -9999.0 -9999.0 -9999.0 -9999.0 -9999.0 -9999.0 21.6443643605 203.611270048 246.278081248 39.6508236894 13.2232215222 29.5173961601 1084.1222525 1098.02253931 1360.89563084 15.5743142366 32.606595701 14.5178665712 14.7208453401 142.44628411 186.126918406 227.332361115 13.2106185019 65.7643742978 103.226745909 59.9776926697 24.8138684032 21.2027960783 19.336754646 17.5418857744 7.63654398514 6694.12952041 6698.81897128 6804.30700076 20.6266426715 10.9733326366 465.450237417 28.7191937772 14.5769947865 15.5728120543 15.4304775797 13.9111249552 24.1270112403 67.2794125419 105.485480989 740.936655207 4.29383409002 13.1684243519 9.01936753955 8.05446425669
-9999.0 -9999.0 -9999.0 -9999.0 -9999.0 -9999.0 -9999.0 -9999.0 -9999.0 -9999.0 -9999.0 22.0269948743 140.369369734 21.7009458479 19.70666891 102.231436841 119.682573924 137.332091753 154.044238173 1845.08416068 1860.03067284 1890.49764883 2117.83435562 2161.68052216 2186.80172978 2201.273255 2461.49491584 2498.08147283 2511.45056056 2628.89006646 2702.40693293 2714.76170651 2759.85427734 30.9397286727 27.8955718103 6.70259842558 4.97501631529 6704.45545784 6836.66492859 28.0120513976 536.774269621 527.176798141 54.042543467 13.0496128677 13.3043564112 12.8912904639 12.582010008 25.206681981 35.5301534129 9.28997338678 746.446822589 752.294035084 779.552593487 784.41469809 797.061175355
-9999.0 -9999.0 -9999.0 -9999.0 -9999.0 -9999.0 -9999.0 -9999.0 -9999.0 -9999.0 -9999.0 72.5253067181 95.859404017 44.9269021945 65.6969922479 20.5225749219 241.466193226 260.230781917 296.793895168 313.395639756 124.888536341 2040.45297792 2055.81957081 14.079777735 10.5982171217 10.0416126071 21.6452328521 11.5019177581 9.98715585199 9.87690903492 10.1446436352 2727.13022735 2772.034162 2813.88315536 2851.30904637 2872.57298268 8.94137037987 2.94008614009 7393.02248477 552.081480559 546.846012899 11.4405660963 10.5966324488 9.85164014297 23.6922600271 23.2726644725 10.917803986 10.9653220497 10.2572529414 19.4373159488 25.1652373067 3.97400245058 7.40996425536 3.23186364454 2.98546311086
-9999.0 -9999.0 -9999.0 -9999.0 -9999.0 -9999.0 -9999.0 -9999.0 -9999.0 -9999.0 -9999.0 -9999.0 49.3725644712 23.0021102208 21.1184965027 203.9111667 223.524253727 19.3601663265 77.0087578261 94.3252774199 110.330247832 17.3094046242 13.2662789103 315.222869971 326.029146931 336.61536797 857.242726116 866.307701399 884.208711588 958.457129883 1008.90692159 1017.348288 9.17377885427 9.47026065299 8.71749319268 2880.53745856 3.71366382189 7483.28230578 7477.766912 80.3903889705 73.7540049309 44.0705956224 11.1971553605 19.5367905874 33.9317947843 33.5859404351 21.3662395745 10.6166540617 20.645482994 20.6987632551 34.3207401834 7.39275098461 14.5076115251 22.9884186691 29.2734502099
-9999.0 -9999.0 -9999.0 -9999.0 -9999.0 -9999.0 -9999.0 -9999.0 -9999.0 -9999.0 -9999.0 -9999.0 25.6286460789 72.4235607893 94.4358258584 162.45132769 20.5400646141 41.0920683983 59.9036396844 230.116351083 246.478540029 261.065969454 275.811745839 290.572080716 443.71496991 487.235039233 511.54317687 10.8593113795 56.7726027289 66.9083231283 982.55529684 1026.17059416 1046.32667724 1067.06191835 1083.12859175 3967.83779007 3.37427267772 7502.23120813 11.6225745853 5.88069521415 62.9536518666 53.9258352459 9.06784999326 29.0282563524 43.0987798412 42.2315297278 29.507170812 48.3767073703 76.5739252357 29.3031793319 71.5606035884 7.22428570452 12.4204995631 2.24643838512 1.77634322756
