data/baseflow/mHMbf_acc445.asc
ncols                  80
nrows                 72
xllcorner      4374000.0
yllcorner      5656000.0
cellsize            500
NODATA_value       -9999
[rows 24 to 47 of 72, columns 0 to 54 of 80]
-9999.0 -9999.0 -9999.0 -9999.0 -9999.0 -9999.0 -9999.0 -9999.0 -9999.0 -9999.0 -9999.0 -9999.0 21.9751046702 61.5418108998 80.3378665426 136.73094699 15.6665266153 31.8900686386 46.92039221 188.134632416 202.097787907 215.41204441 226.95649211 237.525878965 348.843372191 379.504134509 396.98315373 7.90267151876 46.9369478714 54.3405909734 770.081984231 803.899264231 821.038217438 839.153013985 850.646057781 3291.72319444 1.33935220841 6369.66611694 5.50572017063 3.10092915337 46.249621673 39.8573238522 6.63859543058 19.4672125183 29.2362584316 28.196933856 19.2233578698 31.9555183804 50.9438944912 20.029505483 48.1793831767 4.82889741468 8.01575658694 1.10322993766 0.803287494629
-9999.0 -9999.0 -9999.0 -9999.0 -9999.0 -9999.0 -9999.0 -9999.0 -9999.0 -9999.0 -9999.0 -9999.0 20.6938572921 41.0482066646 19.2031531114 38.4336277149 16.5243781873 127.341750934 157.654141416 173.447966585 14.1142832478 28.2972084093 264.348104503 328.005681336 340.343075508 20.2806048713 22.3385595251 34.3307238634 6.40057083579 5.78519549072 10.6792910991 4.36461238287 378.686818728 384.319500038 386.28262987 3296.08531435 6398.70283032 6372.07143385 4.54789232922 2.56759840423 2.34880828391 13.2396104001 11.0339007693 25.9763379198 35.6486490297 70.4680665514 6.52443652018 6.47907124386 56.9212141234 63.1615322777 121.560755946 124.0567052 133.115831879 135.094556451 1.69752022869
-9999.0 -9999.0 -9999.0 -9999.0 -9999.0 -9999.0 -9999.0 -9999.0 -9999.0 -9999.0 -9999.0 -9999.0 -9999.0 19.6356040623 39.2591050703 59.0369580523 93.4816189284 17.4009508872 15.4704512413 104.043905719 118.05421422 237.133893672 251.583238047 40.2735489436 12.1683026697 9.65798291805 8.96966702685 346.92822022 353.007142248 359.327458342 364.349458242 373.467872874 62.2480789333 64.5038804009 452.859606457 10150.5583684 19.7462859035 12.8553033737 6.8919722768 2.04939647988 1.86064745217 17.3682901282 18.5287252734 29.6894124761 2.05753778738 73.6694257423 11.4234432274 11.2694924543 2.07526598709 1.10818275657 0.843425306439 0.696476492672 0.844583555902 136.049476319 1659.84056725
-9999.0 -9999.0 -9999.0 -9999.0 -9999.0 -9999.0 -9999.0 -9999.0 -9999.0 -9999.0 -9999.0 -9999.0 -9999.0 -9999.0 18.7380745798 33.1910889456 45.6469823697 57.8209237726 73.2174634087 89.0877281969 45.1006665593 75.8811579577 14.3523117574 13.5686269841 293.822178084 318.552961104 329.427604005 340.258527982 6.99547592837 12.7170171232 37.1932627391 47.978778913 56.3554711224 3.18488770723 1.28705895256 10161.0057101 5.38865637309 4.21752178442 2.42118360957 9.45828652506 4.22830325001 1.83986758303 49.6260914994 50.562262268 0.824793900026 74.5325327085 87.0391846088 12.7919010556 1704.0670492 1701.10736839 1699.05616638 1695.5625321 1694.24981686 1671.42201894 1670.23073282
-9999.0 -9999.0 -9999.0 -9999.0 -9999.0 -9999.0 -9999.0 -9999.0 -9999.0 -9999.0 -9999.0 -9999.0 -9999.0 -9999.0 3.83014230936 8.40062181052 12.6269937756 124.498507134 140.252674485 16.0321405037 14.9732499241 15.3859487731 240.13975728 268.874630352 13.4046236675 13.5942676356 10.6737348784 45.3617743241 56.4184970514 23.2533106497 31.6280141876 264.554196431 272.93950797 281.944618669 437.285105777 10601.5536048 5.21178308682 1.66661802811 15.0102534804 12.5778870616 1.29686964489 4.53303106195 5.79589409792 51.7166857417 52.5728798411 141.813005205 87.6378664863 14.8119254644 1731.31006568 6.6121054934 1697.33534649 1696.49177316 21.479239663 1.03310504217 7.92236580857
-9999.0 -9999.0 -9999.0 -9999.0 -9999.0 -9999.0 -9999.0 -9999.0 -9999.0 -9999.0 -9999.0 -9999.0 -9999.0 -9999.0 18.4561635423 30.7424809056 62.8163164042 109.946780445 151.541373003 182.045925967 197.243033469 212.563437712 227.049581774 14.028364608 11.9927032555 23.8105873926 22.3049627575 12.0644000838 228.782216606 239.594596194 249.280108071 258.528709367 143.599727403 149.338378909 153.896053315 10604.5588193 9.22219303546 6.25846498632 24.402733237 3.41028254806 2.43058065895 1.22848491418 1.19420943278 6.88109582919 0.728847216087 0.747813879431 1877.02018705 1734.62914856 1733.87604672 2.79805210249 5.72462763644 3.77169803922 0.883831932103 19.6993208604 5.52504639553
-9999.0 -9999.0 -9999.0 -9999.0 -9999.0 -9999.0 -9999.0 -9999.0 -9999.0 -9999.0 -9999.0 -9999.0 -9999.0 -9999.0 12.7214234652 12.3281097015 24.4530430145 36.1933446242 16.429232899 18.8324296221 34.7376087684 50.2356490288 79.1979765953 93.3218044876 104.439350285 139.832456591 149.862955312 162.005324838 10.7854643249 108.118137868 117.432993485 127.154124767 8.36750186458 6.14130388124 11.2247194466 10773.3073297 10776.1225469 10790.721296 35.235193352 7.70605043278 4.40535043608 1.12622779658 2.08354144557 7.78381189298 9.23055269279 1.33972564565 1880.05012621 0.818645395211 1.37598544304 1.57535741451 1.02883381625 2.20510587314 0.901763588181 13.2512559401 10.790625065
-9999.0 -9999.0 -9999.0 -9999.0 -9999.0 -9999.0 -9999.0 -9999.0 -9999.0 -9999.0 -9999.0 -9999.0 -9999.0 -9999.0 -9999.0 12.0682791737 23.4047917227 10.5859385367 22.3140851118 135.903646307 149.071361105 163.417728236 14.2327351161 14.2318779896 25.6263336059 37.6791257924 56.88188246 67.9730093411 76.4324814521 87.0438432242 8.41929904116 8.42123935483 139.31367855 146.287267682 150.596118234 154.3670683 123.881412465 10929.1250688 10983.9712978 10987.3583705 10994.6348895 11004.3785165 11006.9624342 0.600346882742 9.88793286297 1880.56264058 1.06768883121 0.545390762482 0.588872141402 0.647246144455 1.212053932 1.38331583384 0.804019936916 1.30048347635 1.31290184964
-9999.0 -9999.0 -9999.0 -9999.0 -9999.0 -9999.0 -9999.0 -9999.0 -9999.0 -9999.0 -9999.0 -9999.0 -9999.0 -9999.0 -9999.0 -9999.0 34.5653479712 45.1991198234 77.3425236267 101.417018552 12.3556796799 192.100223928 205.451854821 217.484066289 11.2084752242 21.8937745866 8.65913937495 71.4762051608 78.3702074195 89.2094375118 101.066793785 126.370523643 132.324386952 3.75028947418 110.286595237 117.459939145 120.515055371 135.390128965 16.6589691854 9.55242825165 5.21816975156 4.25997471431 11009.9466737 11010.5815785 11025.4024982 1880.96266516 3.22493727571 1.79160731348 1.16351231059 0.475586502403 4.06369308877 2.25826394215 0.702571465566 4.09653537617 3.49562104751
-9999.0 -9999.0 -9999.0 -9999.0 -9999.0 -9999.0 -9999.0 -9999.0 -9999.0 -9999.0 -9999.0 -9999.0 -9999.0 -9999.0 -9999.0 -9999.0 11.1004154399 56.1238053997 67.3404207637 13.1333770652 15.0077197523 31.1922792744 45.6973032419 275.95239013 11.2329651286 44.9085441477 54.1730125689 63.154382839 8.15072322065 17.9258027871 24.0056157661 85.5325642833 96.5817943685 99.4974154267 3.61665114917 3.8352715442 4.71186174453 8.34966250934 4.09081446107 4.3236114624 3.43560377222 3.61060270195 2.80356994445 4.52071144086 11026.0833552 12908.6712933 3.87893323901 2.08164360723 0.462324423076 13.2179310567 12.1880606354 7.42963293975 6.73259539404 5.12102288428 1.2497841189
-9999.0 -9999.0 -9999.0 -9999.0 -9999.0 -9999.0 -9999.0 -9999.0 -9999.0 -9999.0 -9999.0 -9999.0 -9999.0 -9999.0 -9999.0 10.2610772969 30.7928083083 9.69812150495 14.5425861235 16.0383598852 30.4483574582 45.1303678157 56.2595353989 340.678328468 350.857497759 10.5607405429 19.5147642608 28.7307983128 36.4608899457 45.3351002645 76.9242613289 82.0008872051 7.30047621413 4.77596201407 3.2316400001 1.09348679556 3.17197271146 3.66963918294 6.02239534217 8.06147383775 10.1378656155 4.36184153413 0.584361854449 0.562066749874 0.572345256081 1.08190024855 12951.3521669 36.9417346788 15.5095757272 1.17539430038 0.56802563282 0.4142441988 1.59765198359 1.14393794839 0.615583859257
-9999.0 -9999.0 -9999.0 -9999.0 -9999.0 -9999.0 -9999.0 -9999.0 -9999.0 -9999.0 -9999.0 -9999.0 -9999.0 -9999.0 11.3435759557 20.8552580017 70.9383370079 8.90681717809 25.5748488469 41.073540646 54.9990363921 14.5626637443 26.7081856804 36.4905016624 394.767804161 9.7697633398 17.9441185645 26.6965286033 9.16656107879 18.2928428024 25.4261802418 30.5578998279 658.08940125 665.968490953 673.152677441 693.581820195 700.094252871 713.991224758 7.60151653346 18.3442221756 12.5769385763 760.526862641 761.651876363 0.517980475635 0.959686275053 1.38296519056 12951.7773798 32.5610264362 15.5757322534 14.8303598244 11.4549205225 9.81627114725 2.10983940892 0.480449934937 1.02968499746
-9999.0 -9999.0 -9999.0 -9999.0 -9999.0 -9999.0 -9999.0 -9999.0 -9999.0 -9999.0 -9999.0 -9999.0 -9999.0 -9999.0 11.3612433838 34.1741938049 115.919428537 170.999800107 7.50623869428 217.700211165 281.234748721 12.94680774 24.5539123215 34.693840552 490.741515298 497.466441559 5.26154011977 37.3872007138 43.104741398 50.577352453 604.462529098 617.502043794 622.914790644 2.49302338426 14.7988832635 17.6913329202 5.22127202609 6.8786649209 724.244035071 745.186574254 746.315292521 747.347282295 762.767307253 0.546692982483 0.482933295885 2.25598109867 12952.2106332 0.721858287343 0.924089716376 2.76646117404 1.08242554317 8.87560232685 6.77321980019 4.00797919608 2.92678478225
-9999.0 -9999.0 -9999.0 -9999.0 -9999.0 -9999.0 -9999.0 -9999.0 -9999.0 -9999.0 -9999.0 -9999.0 -9999.0 -9999.0 -9999.0 -9999.0 22.8531249999 45.6926977313 199.970957891 210.103390438 289.841803266 298.50002246 12.4856054553 24.9827433784 54.5641374312 503.029772441 513.943350056 517.736445926 2.80459066796 533.037791219 546.772429558 7.74094816658 2.46882212681 4.87078713981 9.17178415137 2.13698497947 3.90184992292 7.94763926441 9.3650399288 1.67311856287 1.06031870691 1.97166342463 772.839825004 777.078645404 777.498431221 781.027266066 12952.5943486 0.545467214029 0.668597432549 0.777108119039 0.777789350697 0.79682560209 0.706863911541 1.33497235949 0.384519164311
-9999.0 -9999.0 -9999.0 -9999.0 -9999.0 -9999.0 -9999.0 -9999.0 -9999.0 -9999.0 -9999.0 -9999.0 -9999.0 -9999.0 -9999.0 -9999.0 11.858573432 11.4971763273 10.6462220298 19.580778678 7.86757368396 314.429282862 321.954604286 10.1793649207 20.4564398885 7.49698464747 5.11520018737 4.82753013226 526.56788334 4.58122907363 9.37620499208 4.08490339612 2.78154616756 2.17607728679 1.55428960539 1.63059066314 4.99052625563 6.8955769353 1.23856855717 1.04168665679 2.26443502533 3.84212355698 6.55062131226 3.05700130933 778.321986412 781.439865059 12952.8639577 3.02825589997 1.87605615343 0.494894422938 1.20560295838 0.435248155881 0.355182924179 1.71429625657 2.00439958644
-9999.0 -9999.0 -9999.0 -9999.0 -9999.0 -9999.0 -9999.0 -9999.0 -9999.0 -9999.0 -9999.0 -9999.0 -9999.0 -9999.0 -9999.0 -9999.0 -9999.0 -9999.0 11.2536931038 29.3784532392 37.1635805228 44.9518279657 329.642657591 337.710504299 344.913283265 351.856720587 356.46854995 366.306039891 370.396721478 374.698562121 377.903594183 2.47664024936 2.26730634833 2.27183669519 7.20779673035 1.86901725295 1.74507703055 1.3204611729 3.768024065 1.42221521087 1.0731584328 0.994016888973 0.860442006301 1.71725459796 2.47754503691 786.300228093 13742.486907 0.570320162361 0.933761073503 0.419999174195 1.66428085283 0.929937310426 0.71337351983 5.43626885548 3.44375631829
-9999.0 -9999.0 -9999.0 -9999.0 -9999.0 -9999.0 -9999.0 -9999.0 -9999.0 -9999.0 -9999.0 -9999.0 -9999.0 -9999.0 -9999.0 -9999.0 -9999.0 -9999.0 -9999.0 8.87383789688 72.6975080819 136.697644803 143.985978694 10.4881430088 20.4413506007 30.6361091044 37.5470661066 89.6198275786 92.3718412851 2.61394855994 2.52149078863 384.050829483 388.629945641 390.593664093 8.42331782658 0.887506654998 2.23701653783 3.35637971634 10.7421996369 13.3819795418 15.4035012427 1.85347556653 2.58605107369 0.865767817478 1.72140533179 0.887836427927 13743.9079527 0.361878511717 1.73181317357 0.734733679617 2.7271839543 5.77481391355 6.74694310337 12.4725007587 4.25348700974
-9999.0 -9999.0 -9999.0 -9999.0 -9999.0 -9999.0 -9999.0 -9999.0 -9999.0 -9999.0 -9999.0 -9999.0 -9999.0 -9999.0 -9999.0 -9999.0 -9999.0 -9999.0 10.2155192447 33.0165113737 64.116030776 83.2253091908 202.035303303 210.95217974 21.4554003904 31.830196101 40.7258400874 47.3896968677 95.9162064429 101.535890261 187.601365905 196.040209688 200.157993458 392.159479524 403.685500632 2.11197609246 1.45743777535 1.34726771155 2.52130192189 1.17036767516 17.8189539651 18.7650159871 3.40522588021 5.47545632098 1.73590872918 2193.94777813 2195.82469454 15940.3124079 15942.4669871 0.509702760516 3.80710062856 0.700840395114 0.505001312059 13.5827922995 18.2021820936
-9999.0 -9999.0 -9999.0 -9999.0 -9999.0 -9999.0 -9999.0 -9999.0 -9999.0 -9999.0 -9999.0 -9999.0 -9999.0 -9999.0 -9999.0 -9999.0 -9999.0 -9999.0 -9999.0 11.962701502 11.480642617 21.2678726302 49.6728120779 219.668873726 11.0654109622 10.9064184301 18.4184983515 27.3842547317 68.3995422553 74.0752939287 5.61475798659 4.83640093675 202.966303509 204.278949688 610.030788086 612.011365881 0.67924984421 0.605849470435 0.516216190851 0.520208943047 0.661263422351 2170.63550032 2176.58787852 2184.00615329 2188.24534486 2192.20995487 1.0071993573 3.68875945998 4.15991078761 15947.7922524 15947.9818461 15948.5281479 15949.7991844 15952.2178969 19.2722497595
-9999.0 -9999.0 -9999.0 -9999.0 -9999.0 -9999.0 -9999.0 -9999.0 -9999.0 -9999.0 -9999.0 -9999.0 -9999.0 -9999.0 -9999.0 -9999.0 -9999.0 -9999.0 -9999.0 -9999.0 10.1938242582 10.8407393856 19.6622373535 257.594297487 265.144684181 10.5736017609 18.1674558563 27.444266787 36.1723934621 7.82125703514 13.5532322112 562.760743254 564.577037054 568.751073296 590.061146276 1204.69903732 2134.76819035 2136.65243319 2138.29532897 2139.92056808 2148.17814523 2150.95354939 5.02862203551 2.16649011534 1.34741678838 2.510659939 1.8457841398 2.92917449293 0.882049103668 21.4069061353 23.1116440382 24.7517129481 24.9949010181 15952.4179209 15972.5080246
-9999.0 -9999.0 -9999.0 -9999.0 -9999.0 -9999.0 -9999.0 -9999.0 -9999.0 -9999.0 -9999.0 -9999.0 -9999.0 -9999.0 -9999.0 -9999.0 -9999.0 -9999.0 -9999.0 -9999.0 -9999.0 10.3746281684 19.6311791767 28.9815502694 272.543648846 6.82080625055 362.811997372 372.127762897 380.074082045 386.544269203 537.223924575 543.914590942 1.79293344428 14.705946041 17.6298669539 1.73678717139 928.349333851 925.067911105 0.975233578233 2.30296887653 6.60651747528 1.53566115748 1.65888338182 1.10212416143 0.951197469224 0.75090502758 0.876233828193 18.8068550927 19.718943342 20.8241780756 1.32780527798 1.35214829528 25.5603097214 25.8431531404 26.0315893397
-9999.0 -9999.0 -9999.0 -9999.0 -9999.0 -9999.0 -9999.0 -9999.0 -9999.0 -9999.0 -9999.0 -9999.0 -9999.0 -9999.0 -9999.0 -9999.0 -9999.0 -9999.0 -9999.0 -9999.0 -9999.0 9.24185174971 8.47408945376 44.3015863491 333.313955668 348.259008938 355.242238119 6.87364223116 128.981948869 136.887379887 141.273402626 5.88442501038 8.1065596597 9.65449627244 202.711881187 204.164491873 205.397179241 923.002055209 588.979568641 1.22571184407 1.46686934136 1.39929399715 1.10827668807 11.6922611047 13.8603077776 15.7670873295 16.8342563905 17.8600622703 184.910606671 185.655672687 188.101849308 193.483584269 204.459825055 204.721649241 230.989445135
-9999.0 -9999.0 -9999.0 -9999.0 -9999.0 -9999.0 -9999.0 -9999.0 -9999.0 -9999.0 -9999.0 -9999.0 -9999.0 -9999.0 -9999.0 -9999.0 -9999.0 -9999.0 -9999.0 -9999.0 -9999.0 -9999.0 17.8891326749 27.3552594242 8.17613512001 10.6665598833 105.324549938 112.21565705 116.575068571 39.4409193625 44.3472039683 49.3274940779 51.702239499 199.449410946 201.673531966 124.671249257 331.583797587 332.952219529 588.039878177 2.85047015879 1.52507953959 1.05150212307 8.1391362757 9.55518518634 0.814228181806 0.74835241938 181.675426125 183.445835438 184.246996108 1.60360574508 3.38180521704 203.415136951 0.395903094904 1.64380620171 1.84018770623
-9999.0 -9999.0 -9999.0 -9999.0 -9999.0 -9999.0 -9999.0 -9999.0 -9999.0 -9999.0 -9999.0 -9999.0 -9999.0 -9999.0 -9999.0 -9999.0 -9999.0 -9999.0 -9999.0 -9999.0 -9999.0 -9999.0 8.91742264702 17.5638520538 70.1019925996 78.5977594816 86.4744081822 29.8713397081 34.778721701 4.88365662568 137.879752691 142.06095147 145.766808642 2.53694558182 120.620129049 122.970329207 1.5730290357 580.664748401 3.27992785967 1.68298850183 4.43264339359 5.96378070812 1.15009184585 0.94690584199 171.958790812 180.136519741 181.136973488 1.13127524872 2.49424064259 3.15634554376 3.84441140816 7.4028121159 0.631778403979 1.34873998466 0.267325662345
