data/baseflow/mHMbf_acc369.asc
ncols                  80
nrows                 72
xllcorner      4374000.0
yllcorner      5656000.0
cellsize            500
NODATA_value       -9999
[rows 24 to 47 of 72, columns 0 to 54 of 80]
-9999.0 -9999.0 -9999.0 -9999.0 -9999.0 -9999.0 -9999.0 -9999.0 -9999.0 -9999.0 -9999.0 -9999.0 20.1462436244 54.1737397192 70.7418724795 120.461572125 14.0507373337 28.7410065388 42.335703273 166.950909402 176.70245885 182.024916928 191.396094926 203.162620777 327.200612727 360.156549679 375.95899461 4.94940072866 36.1433510255 40.3888635181 675.37075159 688.26633722 693.651267224 699.050561904 703.920555621 2593.83852378 4.54332865198 5369.20600633 6.17847508146 2.35490911803 34.3987168091 30.7337160231 3.16522803786 16.6265419514 25.4249798406 25.0909652244 15.8912645965 25.7463788553 40.1793700733 14.0232674047 37.0157971429 1.86114938682 2.70931354511 0.457128347965 0.353668471375
-9999.0 -9999.0 -9999.0 -9999.0 -9999.0 -9999.0 -9999.0 -9999.0 -9999.0 -9999.0 -9999.0 -9999.0 18.190410627 36.1629559998 16.8866101126 33.7812825558 14.2428615547 113.127082294 140.18089892 154.375439202 12.5595909892 23.2239697719 254.157366897 308.375586186 317.237091081 22.1990238693 21.2430413434 29.2361034432 3.52712997083 3.05563023289 5.62295048412 3.10377683027 416.027537355 419.204319238 422.22046979 2598.94147066 5395.18239331 5371.89055886 3.37427689398 1.62864383818 1.34337803819 5.33489011167 4.34052011342 18.462502389 28.6290917352 58.2981316466 4.45374828333 4.39020172068 43.2125438141 46.4173247234 88.992134922 90.9042934067 94.1737811575 95.0418242546 0.765318741486
-9999.0 -9999.0 -9999.0 -9999.0 -9999.0 -9999.0 -9999.0 -9999.0 -9999.0 -9999.0 -9999.0 -9999.0 -9999.0 16.7534665724 34.3188754047 52.2683543943 82.9134781333 16.1337571705 14.2546731205 112.898499274 125.454748423 233.910857158 247.398308215 35.7951727491 12.003756872 10.7815594529 9.90463732601 395.127763849 400.384966114 404.326752838 407.153390424 413.163455379 45.6526154316 49.7394641922 475.283034028 8471.8302125 17.4292479065 14.2008192408 5.87648603181 1.61796038919 1.0676395353 7.98111547204 8.70296646143 20.0565869995 0.711621191673 59.2974718494 6.13287423674 5.89363352726 0.568924220603 0.376956797097 0.367487104494 0.685863673187 0.411361834476 95.4701070712 1391.55543841
-9999.0 -9999.0 -9999.0 -9999.0 -9999.0 -9999.0 -9999.0 -9999.0 -9999.0 -9999.0 -9999.0 -9999.0 -9999.0 -9999.0 16.4590038442 35.2165623433 52.7079759639 70.1981807228 84.5610930265 99.551593111 42.7449688821 71.6438147731 12.9871977766 12.1757696468 341.332660522 364.616186824 375.018856139 386.763947867 7.84427850804 13.2856369868 34.2227175638 38.4481245825 41.9901015538 5.08122287828 4.65395739104 8483.78519311 3.49857245364 5.56101156425 2.64237891076 6.13646198002 2.69061962735 1.94156529221 30.527814961 32.641239475 0.945297898425 60.5902809023 67.2096948743 6.30889186245 1422.63879238 1421.60374035 1420.65460798 1417.95357688 1416.58761406 1394.52838149 1393.51083387
-9999.0 -9999.0 -9999.0 -9999.0 -9999.0 -9999.0 -9999.0 -9999.0 -9999.0 -9999.0 -9999.0 -9999.0 -9999.0 -9999.0 4.70633683124 10.6045942123 17.839953394 167.348033414 182.051660018 15.1534052664 14.4761780698 14.3977872541 290.722328944 318.006605378 12.9639698061 13.2044091454 9.30670187725 38.8989522306 48.1492164099 23.2751095623 27.7769968669 234.116057397 239.284793932 253.182076268 386.462304849 8873.38199377 3.60461185274 2.04981648738 9.35217261442 7.68036082589 1.57775226398 5.34974543952 7.03287726334 34.6411056537 36.190320416 105.881890528 67.6731087949 6.59396479535 1447.63536657 12.0981343406 1419.70512531 1418.91347725 20.8539416223 1.45476832253 0.506192713944
-9999.0 -9999.0 -9999.0 -9999.0 -9999.0 -9999.0 -9999.0 -9999.0 -9999.0 -9999.0 -9999.0 -9999.0 -9999.0 -9999.0 25.0615677469 40.607564206 84.0895523071 149.767649531 199.193223907 235.272586794 249.684191552 264.543121758 278.748461783 13.0478481301 11.1646844889 21.545867809 19.6293954885 10.2350226915 208.336100911 217.139609465 224.988825894 232.118379047 113.807928376 118.098776067 126.537017663 8876.17047824 6.74626841455 6.96111012225 17.4706752635 1.30673578386 4.28897020869 2.4990920605 1.48916556026 8.89329878003 1.08962521271 1.18270762037 1561.06848879 1454.36309702 1453.13206391 5.90436248924 11.6117237425 6.90797624459 1.19602669333 17.4496054765 3.91857226391
-9999.0 -9999.0 -9999.0 -9999.0 -9999.0 -9999.0 -9999.0 -9999.0 -9999.0 -9999.0 -9999.0 -9999.0 -9999.0 -9999.0 17.7939297294 16.7300908762 32.7981287582 49.7975593707 18.5271498443 17.9116495938 32.9220354168 47.3412623115 73.7411038491 86.9445255765 98.1440443481 131.439922283 141.253425248 152.178799362 9.11430822651 94.9302593685 101.574886786 106.733106323 2.93180001957 0.69560149387 1.56799713573 8993.10663945 8995.63301612 9007.17768835 21.3091232821 2.76376388259 5.76595316243 1.4109458287 2.55979756542 10.1307894672 12.1166902993 2.04675686335 1566.98289765 2.23713714972 3.31366809461 3.62084265849 2.91772557766 4.65811240479 1.8325066986 12.8024919131 9.02606803587
-9999.0 -9999.0 -9999.0 -9999.0 -9999.0 -9999.0 -9999.0 -9999.0 -9999.0 -9999.0 -9999.0 -9999.0 -9999.0 -9999.0 -9999.0 15.9196799097 31.4343395401 15.2581244917 31.6188790085 195.123623827 209.766134043 223.281069749 13.2056988399 13.2933156784 24.4352979244 35.7624888935 54.2816361611 64.1345879926 69.0488169624 77.3441150305 5.93690153981 4.71916435975 107.502921467 108.640655368 110.31440737 112.517589129 86.8222230973 9103.21076612 9137.10614746 9138.41029784 9145.21238342 9151.05144187 9154.99936792 0.993194725655 13.0069148094 1567.94394491 2.1609526042 1.12468189496 1.69835100241 1.71468868172 2.70711259537 1.9738004294 1.24621354516 2.28205481912 1.82268270756
-9999.0 -9999.0 -9999.0 -9999.0 -9999.0 -9999.0 -9999.0 -9999.0 -9999.0 -9999.0 -9999.0 -9999.0 -9999.0 -9999.0 -9999.0 -9999.0 46.7163470981 62.8884680609 111.328740644 146.733266111 18.6737377218 258.104857326 270.841033835 282.586466733 11.4528395405 22.1911175743 9.17697135594 72.4652598216 76.307171743 83.4093552949 90.3790978107 104.338774798 105.907036714 1.03503642876 77.6578125387 82.2053095366 84.7980484262 93.3951139192 10.293219223 6.30499169219 3.41500639787 3.04451805947 9158.9612562 9161.04268959 9183.02423583 1568.8842992 6.43061653181 3.54924827909 2.48262102246 0.559956023977 6.95259403656 3.45427054024 1.01084877701 5.86366787401 5.09557904227
-9999.0 -9999.0 -9999.0 -9999.0 -9999.0 -9999.0 -9999.0 -9999.0 -9999.0 -9999.0 -9999.0 -9999.0 -9999.0 -9999.0 -9999.0 -9999.0 16.606738657 79.0966498403 96.0872354844 19.1487497956 14.3134603796 29.5202338415 42.8332013514 337.877996839 11.2058913134 45.3192958734 55.0687785765 64.5792657518 4.14168830097 10.2730328654 12.2964823677 64.4406878407 69.675573736 72.0174788255 2.4895144925 1.94378640342 2.04094049915 3.81241970825 1.39644647376 1.35909755546 2.10221964228 1.43348426452 2.07141904091 7.67802168332 9185.37795003 10759.1663185 7.91577650107 1.19608284468 0.641159611632 21.1513473663 19.8548949075 11.7241817697 10.4736198937 7.62339841954 2.15686323291
-9999.0 -9999.0 -9999.0 -9999.0 -9999.0 -9999.0 -9999.0 -9999.0 -9999.0 -9999.0 -9999.0 -9999.0 -9999.0 -9999.0 -9999.0 14.2512826036 46.0234082743 15.1514167269 17.9096845495 15.9798515607 30.4157828338 44.5068635016 58.1891245361 410.433565806 420.797015416 10.7800095428 20.299984614 30.0161899583 35.3814947965 41.1068220636 55.623490257 62.1850790198 2.24602553229 2.17904606093 1.5951054813 2.7241383071 2.21913219896 2.86847832429 2.07738702883 2.35090274311 8.74170779959 4.29853495881 2.4523285902 2.35967066393 1.70462268512 3.02034826614 10825.2102825 56.980426313 26.3200685723 3.36997813909 1.54397427343 0.913460363709 2.78371839074 1.73526616766 0.807243581044
-9999.0 -9999.0 -9999.0 -9999.0 -9999.0 -9999.0 -9999.0 -9999.0 -9999.0 -9999.0 -9999.0 -9999.0 -9999.0 -9999.0 15.1379731253 28.9454455065 104.026415133 14.4958344079 35.7203500841 50.9715792314 64.7184757055 14.6762937488 26.8500283637 41.7886814673 475.694626171 9.90634353709 18.5234882105 27.3654862535 7.5208895807 14.6185044348 16.4531392036 21.522506402 768.785219204 774.57805715 779.915878907 811.067402121 817.97983736 838.242796384 3.73770649593 8.1790044703 10.4498888104 892.55615342 896.576752541 2.06811182811 3.04393283635 3.98067599906 10827.325732 55.1000770933 23.9835380172 21.9594456463 19.5163941856 17.7657672255 3.67334454943 0.99864879222 1.5251573688
-9999.0 -9999.0 -9999.0 -9999.0 -9999.0 -9999.0 -9999.0 -9999.0 -9999.0 -9999.0 -9999.0 -9999.0 -9999.0 -9999.0 15.2609385625 46.2988504031 165.477480521 243.988192789 13.0797443338 319.258095073 398.657176664 13.0835239712 24.7553840023 38.8664291319 586.655091174 598.217109878 7.98813413631 43.5653367504 50.5797708051 55.7445851988 727.019741352 737.044613087 745.169610024 4.08695912821 22.228859592 26.498762836 11.150501266 15.9328075115 859.184483611 873.845699053 877.294736985 880.492523148 899.536076411 1.41399237612 1.12863227669 6.0312306867 10829.4841528 2.74926648037 0.293638188213 0.848691297338 0.346825656482 15.4924624173 14.3318464477 8.66815597223 5.82461954266
-9999.0 -9999.0 -9999.0 -9999.0 -9999.0 -9999.0 -9999.0 -9999.0 -9999.0 -9999.0 -9999.0 -9999.0 -9999.0 -9999.0 -9999.0 -9999.0 32.1194760354 64.4421362483 288.932245388 304.896276707 412.775734252 427.805212556 12.8650637392 25.7521026911 59.905601027 610.745765592 628.80422119 635.7839235 5.42478641276 658.906217133 668.647744192 6.82234574197 4.1570793511 7.58054887436 14.8350355281 3.63507007737 7.10054676384 14.4570791123 18.0795995855 3.49750076454 1.99908984586 3.90287235855 912.967842605 916.236367877 917.153518832 926.232416695 10831.2808093 1.69836865473 0.133669379632 0.188786548068 0.17013506597 0.181085607088 0.130611949183 0.224149290055 0.96543556282
-9999.0 -9999.0 -9999.0 -9999.0 -9999.0 -9999.0 -9999.0 -9999.0 -9999.0 -9999.0 -9999.0 -9999.0 -9999.0 -9999.0 -9999.0 -9999.0 16.7198891057 16.3733826681 16.0861584069 31.956806995 14.0597025675 455.826905996 469.342320078 12.0858253681 23.0109280109 10.7396424343 8.6876655313 8.38665999358 648.872700497 2.9508998263 6.041140361 4.03938029699 4.02046797486 3.63856194266 2.59767929398 2.7529819473 8.3906286699 11.6153730869 1.97100075873 1.62128233258 3.59567300925 6.27172876909 7.37721223482 1.53992178275 918.982302189 927.225588872 10832.5907342 3.71843927352 0.378843539473 0.0556458453583 0.204491089106 0.0361336307945 0.0225119497651 0.251272303332 4.45023383722
-9999.0 -9999.0 -9999.0 -9999.0 -9999.0 -9999.0 -9999.0 -9999.0 -9999.0 -9999.0 -9999.0 -9999.0 -9999.0 -9999.0 -9999.0 -9999.0 -9999.0 -9999.0 16.1806904495 46.8276595122 59.9135561177 73.5988944491 482.724566635 496.136837151 509.108014038 522.338661916 530.467602096 547.481248303 550.525823807 553.093124813 555.621379314 3.27933429798 2.95378390845 3.34131367111 11.6543519119 3.20409474299 2.94230339585 2.07934143545 5.89209336052 2.44638463484 1.64764475011 1.4736592827 1.09125080764 2.17517357965 3.11391542548 933.698383853 11771.3396484 1.52249524491 2.84223289124 0.0343172647458 0.249758848144 0.0947793452974 0.0454452807159 7.89234497731 7.07504250606
-9999.0 -9999.0 -9999.0 -9999.0 -9999.0 -9999.0 -9999.0 -9999.0 -9999.0 -9999.0 -9999.0 -9999.0 -9999.0 -9999.0 -9999.0 -9999.0 -9999.0 -9999.0 -9999.0 13.6699703801 107.450202405 210.299130214 224.4494222 16.8538253378 28.8924981384 39.5520086439 47.825410552 105.160164062 108.545580516 3.30119090413 3.1815491993 562.562598439 568.321618645 570.864838183 13.5776283844 1.80585412965 4.79683089196 6.96068506161 20.44123874 24.9278725014 28.0051791398 2.70601361276 3.62678616432 1.19057343219 2.32758290892 1.19590647143 11773.6944292 1.24470240715 5.26611974722 1.21803550996 1.84187385899 7.43990084913 8.11866164001 16.712706232 5.29258723638
-9999.0 -9999.0 -9999.0 -9999.0 -9999.0 -9999.0 -9999.0 -9999.0 -9999.0 -9999.0 -9999.0 -9999.0 -9999.0 -9999.0 -9999.0 -9999.0 -9999.0 -9999.0 15.1054014902 48.015993443 94.0776969492 122.923757226 313.06052152 328.592768016 22.501743558 33.2211695873 41.6253424153 49.9192350449 111.471763945 117.982989954 192.486814935 196.730745416 199.389615884 573.705356893 594.396142319 4.73083898309 3.30165382403 3.10542423347 5.81414328993 2.5245197147 32.6441753927 34.0687633142 4.73014433143 5.60413734589 0.911992919436 2773.6451304 2776.13827164 14551.7655353 14559.2786267 1.38634543882 4.91130731899 1.987083751 1.47403679893 18.9115033377 24.878404898
-9999.0 -9999.0 -9999.0 -9999.0 -9999.0 -9999.0 -9999.0 -9999.0 -9999.0 -9999.0 -9999.0 -9999.0 -9999.0 -9999.0 -9999.0 -9999.0 -9999.0 -9999.0 -9999.0 17.150446792 16.6888682134 31.6806766381 75.1409495867 342.54947096 11.5759224966 11.398891597 19.64551636 28.1955777553 63.637823473 67.4746311504 1.93408020643 2.93330749237 203.319524659 206.47296354 802.973881887 804.75298202 1.46908123745 1.22073030834 0.918647485463 0.931042364819 0.994790730628 2749.60215219 2758.56955575 2765.14364457 2766.96615617 2772.78311214 1.38070870336 4.88357492379 5.8034162352 14567.8043041 14568.9297887 14570.8421193 14571.8450857 14572.8674638 25.5574202617
-9999.0 -9999.0 -9999.0 -9999.0 -9999.0 -9999.0 -9999.0 -9999.0 -9999.0 -9999.0 -9999.0 -9999.0 -9999.0 -9999.0 -9999.0 -9999.0 -9999.0 -9999.0 -9999.0 -9999.0 15.4074371252 16.0720271436 29.8063091444 400.975586363 414.723176717 11.0562348942 19.3542375992 28.2189084277 32.4885168107 3.18648786109 6.69299078549 798.530250228 801.509774969 803.784354448 824.674771161 1631.33985215 2685.94055216 2689.77424462 2693.07536667 2696.15664195 2709.57313036 2714.0999395 7.83307291698 3.30204213288 2.11623746657 3.8726881159 2.39959944243 3.93615216684 1.1595943509 30.483692876 35.1126926839 38.7884284119 39.0904128574 14573.6030372 14600.0945737
-9999.0 -9999.0 -9999.0 -9999.0 -9999.0 -9999.0 -9999.0 -9999.0 -9999.0 -9999.0 -9999.0 -9999.0 -9999.0 -9999.0 -9999.0 -9999.0 -9999.0 -9999.0 -9999.0 -9999.0 -9999.0 15.7494863054 30.1152546682 44.5560715157 426.621141635 11.6777896188 569.810059376 578.931649029 581.814943497 585.547021621 783.506323557 788.056521537 3.44286297392 16.1575464468 19.4310356376 3.58815447025 1050.8136496 1044.51114395 1.63502231217 4.03921497087 10.9505173813 2.48351883669 2.61515769981 1.66981774269 1.28294934246 0.891126664744 1.09414939192 26.7509486385 27.8945758462 29.4262775682 3.67183371357 2.82236457908 40.6196774881 41.2340281478 41.4330069779
-9999.0 -9999.0 -9999.0 -9999.0 -9999.0 -9999.0 -9999.0 -9999.0 -9999.0 -9999.0 -9999.0 -9999.0 -9999.0 -9999.0 -9999.0 -9999.0 -9999.0 -9999.0 -9999.0 -9999.0 -9999.0 14.4744202681 13.4971020008 69.8906171317 524.083838617 549.434589336 561.884152697 9.29674889584 191.255315212 193.730042063 194.728690844 3.72897335506 7.74474913314 11.2679322633 251.72845596 254.261644956 256.298676872 1040.79542944 649.44549203 2.3785253018 2.38568010803 2.22565064976 1.52249228213 16.939983235 20.0527220214 22.6510544585 24.1266725973 25.5181017412 192.836675536 193.709796186 194.675113328 196.537907949 206.005820189 206.31289283 248.056480179
-9999.0 -9999.0 -9999.0 -9999.0 -9999.0 -9999.0 -9999.0 -9999.0 -9999.0 -9999.0 -9999.0 -9999.0 -9999.0 -9999.0 -9999.0 -9999.0 -9999.0 -9999.0 -9999.0 -9999.0 -9999.0 -9999.0 28.2125583716 42.9183176249 14.7728956355 10.9974512944 162.208684369 171.69316807 177.565367316 53.6317294329 55.8195272985 58.6082459539 62.0570088893 245.841763529 249.557186521 127.515865443 386.648818784 389.233647566 647.679592289 4.76511218749 2.36289314217 1.40844007869 11.9084458485 13.974766876 0.962119288255 0.865955224132 188.255718558 190.763777484 192.018263134 0.94303065027 1.33915447854 204.811679815 0.841593383377 2.78326650129 2.99658719135
-9999.0 -9999.0 -9999.0 -9999.0 -9999.0 -9999.0 -9999.0 -9999.0 -9999.0 -9999.0 -9999.0 -9999.0 -9999.0 -9999.0 -9999.0 -9999.0 -9999.0 -9999.0 -9999.0 -9999.0 -9999.0 -9999.0 14.0637290043 27.8451976256 115.444552413 130.304553553 142.257401723 44.0740682429 51.191218934 2.81475764322 175.304369062 177.687370499 180.179370408 3.22374026776 120.744406863 124.624359792 2.63673713322 634.949252109 5.62933826572 2.75837522148 6.63857489013 9.01269003177 1.54132851666 1.12844518818 174.779245102 185.936319854 187.57339405 1.58283174924 2.9359269351 3.57166115757 4.03381279809 7.80692808721 0.976737294264 2.33083295233 0.386279985089
