data/baseflow/mHMbf_acc368.asc
ncols                  80
nrows                 72
xllcorner      4374000.0
yllcorner      5656000.0
cellsize            500
NODATA_value       -9999
[rows 25 to 49 of 72, columns 0 to 54 of 80]
-9999.0 -9999.0 -9999.0 -9999.0 -9999.0 -9999.0 -9999.0 -9999.0 -9999.0 -9999.0 -9999.0 -9999.0 21.7236844341 43.0965557633 20.1792620424 40.5251833912 17.4825124528 136.788859752 170.22160698 187.636451257 15.5788288136 29.1227833746 306.126310435 373.465867964 384.500680251 27.356824451 26.0071573769 36.4157100041 5.36299182928 4.71511794859 8.72502631553 4.48741794504 477.601627781 482.132874407 486.462513342 3220.56108282 6583.34089162 6552.46925969 5.40102956597 2.53754310913 2.10598448954 7.9526856938 6.30293773534 24.0856022763 36.6260853343 74.3925990225 5.67411800917 5.59740559356 55.597283743 59.90579119 114.134766717 116.802014508 121.478488239 122.913363525 1.26017597958
-9999.0 -9999.0 -9999.0 -9999.0 -9999.0 -9999.0 -9999.0 -9999.0 -9999.0 -9999.0 -9999.0 -9999.0 -9999.0 20.0948540428 41.0667585059 62.4219684426 99.8484115586 19.6368522187 17.550750239 130.6733058 146.295184419 280.265634688 296.746985989 44.1989532319 14.906317573 13.4538946467 12.1976742915 447.181555131 454.379199073 460.219775583 464.588083833 473.460777443 60.4514156225 65.8316126313 556.741635641 10363.443661 24.1445074627 20.1040350155 8.92402975501 2.3780239846 1.67361211925 12.1202379494 13.3081964817 26.7381822835 1.19736200867 75.9875649585 8.09204916659 7.79044605199 0.93998079309 0.639718383202 0.613877007931 0.961528049742 0.676657119242 123.624614981 1791.30037514
-9999.0 -9999.0 -9999.0 -9999.0 -9999.0 -9999.0 -9999.0 -9999.0 -9999.0 -9999.0 -9999.0 -9999.0 -9999.0 -9999.0 20.0541240004 40.5427667184 59.3446439945 78.1331001966 95.7786433848 114.128010481 52.6023808501 88.1178785281 15.9382113105 15.1169524271 380.03379135 409.066627481 422.122268186 436.632342762 9.95688158812 17.263627005 44.1042376748 50.3832836907 55.528770093 6.61342866088 5.60599800711 10377.6895839 4.30873566822 7.14816778257 3.39500673768 8.70211626 3.86506259047 2.60550106809 42.5218467685 45.1035442017 1.32764112267 77.7078657235 86.6102362767 8.50093854444 1835.99784367 1834.31739165 1832.77283053 1828.78076035 1826.90361139 1795.20919853 1793.90443047
-9999.0 -9999.0 -9999.0 -9999.0 -9999.0 -9999.0 -9999.0 -9999.0 -9999.0 -9999.0 -9999.0 -9999.0 -9999.0 -9999.0 4.76889171297 10.8613784851 18.9970848631 171.786548778 189.873376706 18.5831731451 17.7943901994 17.716608106 317.230330345 350.939828312 16.0761122231 16.332178821 11.7967834093 48.898486916 60.4756543809 29.6798941465 35.8300786873 291.603174558 298.607386773 315.753598812 484.709656655 10865.9538547 4.31368700689 2.669106082 13.0448006985 10.7932206805 2.09642738209 7.09889575459 9.2880249493 47.6886862119 49.6800859579 139.758077451 87.2953334728 8.94759672079 1868.86113265 15.7778086549 1831.27292998 1830.13981535 30.0327333638 1.85579311048 0.890244056168
-9999.0 -9999.0 -9999.0 -9999.0 -9999.0 -9999.0 -9999.0 -9999.0 -9999.0 -9999.0 -9999.0 -9999.0 -9999.0 -9999.0 25.2501423022 40.9268623843 85.809449708 151.809641557 207.693670595 248.943130427 266.62533923 284.837679697 302.282578901 16.1961816432 14.0210793609 27.1220948816 24.7287855891 12.7585018671 258.807653309 269.862549361 279.754405126 288.848373401 145.299835572 151.598599224 161.315115159 10869.111595 7.89770345203 8.80507072268 23.3960038764 1.7829606017 5.20718735484 2.94167411069 1.94751617943 11.56032473 1.43001040242 1.55517064968 2018.25569691 1877.42422367 1875.83388163 7.54812006619 15.0355129949 9.14232569871 1.73058858277 25.9504907162 6.24899413925
-9999.0 -9999.0 -9999.0 -9999.0 -9999.0 -9999.0 -9999.0 -9999.0 -9999.0 -9999.0 -9999.0 -9999.0 -9999.0 -9999.0 17.8960681899 16.690072074 32.6429189799 49.8570057141 21.3492004096 21.4732806333 39.8965739412 57.6660296219 90.2314476465 106.570729873 120.567234579 162.32085547 174.672536826 188.212358812 11.4202469959 119.023177684 127.697553959 134.958906643 4.55019621129 1.22975196735 2.60527431943 11019.4412876 11022.3040338 11035.7253296 28.5356419985 3.72754163085 7.2122748771 1.85604269945 3.34787127039 13.138748369 15.7483416965 2.70222746697 2025.8071181 2.7482909854 4.21267634715 4.64399813983 3.59147965672 5.96933188537 2.35416665308 18.4895374211 13.5443322237
-9999.0 -9999.0 -9999.0 -9999.0 -9999.0 -9999.0 -9999.0 -9999.0 -9999.0 -9999.0 -9999.0 -9999.0 -9999.0 -9999.0 -9999.0 15.8179113453 31.3128447968 15.4528383542 32.1427118568 199.423606728 216.558451818 233.300466053 16.3603830696 16.4406438924 30.3742466079 44.5289326738 67.9436209262 80.3205929026 86.4746049546 96.9465262581 7.69823258443 6.43958762938 137.642631725 139.582280498 141.797202233 144.48785168 109.949363361 11156.815718 11200.7358484 11202.3984014 11210.9282017 11218.5644383 11223.6681699 1.31655419184 16.9174411417 2027.06294487 2.91395519235 1.51504651533 2.05655413436 2.02716769662 3.26247878797 2.58486744771 1.61725124279 2.88719572765 2.42412645863
-9999.0 -9999.0 -9999.0 -9999.0 -9999.0 -9999.0 -9999.0 -9999.0 -9999.0 -9999.0 -9999.0 -9999.0 -9999.0 -9999.0 -9999.0 -9999.0 46.5588276669 63.1095163248 112.379975879 149.69081462 20.1282507414 273.049150741 288.862568581 303.555210386 14.291772912 27.7622972851 11.5973806458 90.8642414708 95.7660617528 104.768978811 113.77375365 132.421184794 134.973141118 1.57527037148 99.1133532268 104.560649771 107.50510239 118.076428749 12.7137812658 7.88834898123 4.4455173982 3.99332717979 11228.7995745 11231.4332104 11259.7876981 2028.27859524 8.37452629559 4.50614670305 3.09730725253 0.751339965728 8.81013652484 4.49930050463 1.3268288657 7.66375264085 6.64539902362
-9999.0 -9999.0 -9999.0 -9999.0 -9999.0 -9999.0 -9999.0 -9999.0 -9999.0 -9999.0 -9999.0 -9999.0 -9999.0 -9999.0 -9999.0 -9999.0 16.8098096486 79.5040249657 96.8232842429 20.8403006862 17.6317653546 36.1019189765 52.4079117911 371.426336856 13.9962354962 56.5724347754 68.82991901 80.809607843 5.33257631293 13.1529792184 16.0584423453 82.2209453156 89.3307927516 92.0326266972 2.96400310363 2.43558067461 2.67705861796 4.99799465548 1.88570373605 1.8439586689 2.88196397229 1.98763313964 2.82772582919 9.80385391518 11262.7586899 13297.3220569 10.3137176828 1.53957302087 0.829030512422 27.1556996927 25.4250917509 15.1071381623 13.5241631733 9.9205324267 2.73586495383
-9999.0 -9999.0 -9999.0 -9999.0 -9999.0 -9999.0 -9999.0 -9999.0 -9999.0 -9999.0 -9999.0 -9999.0 -9999.0 -9999.0 -9999.0 14.2143886667 46.444205235 15.3688412672 20.6845959913 19.5008641726 37.2558684445 54.6316888724 70.6804552469 457.356631803 470.36885609 13.4998893809 25.4910054255 37.7048272076 44.5900121691 52.2416114404 71.9004150129 79.4776177505 3.62689171737 3.04648119301 2.18917795505 3.72007876835 3.03785547533 3.86456888939 2.81209916859 3.20479077361 11.3857414878 5.51142981141 2.90705209072 2.78498645273 2.19531827303 3.92765347418 13380.4845061 71.4010601364 33.0826327346 3.68324986736 1.65243004624 1.06962281128 3.44292500907 2.22536823697 1.06801421409
-9999.0 -9999.0 -9999.0 -9999.0 -9999.0 -9999.0 -9999.0 -9999.0 -9999.0 -9999.0 -9999.0 -9999.0 -9999.0 -9999.0 15.0878690936 28.8651221045 104.522064235 14.6877635193 39.9930129562 58.7004854761 75.6768821899 18.0032989069 33.1296934365 49.7498993238 534.147782811 12.4832915003 23.4110691849 34.6112575357 9.52240137042 18.6135235014 21.6293508712 27.8183168978 899.789002822 907.551063901 914.526872945 954.325735781 963.796672049 990.215028343 5.0566113394 11.1099628774 13.7352721207 1061.39348961 1066.33453169 2.4601799146 3.76909105395 5.0200331186 13382.9357158 68.9147227126 30.6867383092 28.5573307487 24.2450021497 21.6725893323 4.55186253338 1.19514435398 1.93777691386
-9999.0 -9999.0 -9999.0 -9999.0 -9999.0 -9999.0 -9999.0 -9999.0 -9999.0 -9999.0 -9999.0 -9999.0 -9999.0 -9999.0 15.2035088271 46.1202406769 165.73578944 243.895784343 13.2410665546 320.000650858 411.046958584 16.1895990037 30.7383937984 46.9388398723 667.351485139 680.356124254 10.1038367338 55.0844590171 63.9869458655 70.8709911491 843.780542216 858.323508422 868.826199566 5.17954046034 28.3711183752 33.7854486415 14.3383239567 20.5264822918 1017.31717463 1036.8187831 1041.31120193 1045.49175138 1070.30888783 1.90607604115 1.5256470709 7.76422616221 13385.4176762 3.00086531388 0.90994303374 2.6244623206 1.08424168767 19.151819266 16.9875198007 10.1973750369 6.97729207091
-9999.0 -9999.0 -9999.0 -9999.0 -9999.0 -9999.0 -9999.0 -9999.0 -9999.0 -9999.0 -9999.0 -9999.0 -9999.0 -9999.0 -9999.0 -9999.0 31.962312749 64.1114783496 288.974523593 305.088886362 425.279109741 440.934062626 15.9046718148 31.8312269022 73.5666158133 693.585785615 715.816581311 724.63301964 6.90931833267 754.51298122 768.896705961 9.76616880916 5.26367166416 9.70705199896 18.9609804351 4.61822925305 9.05270719232 18.6529854722 23.3247178292 4.46000163903 2.60386486331 5.10435532434 1087.89603007 1092.31891754 1093.55836426 1105.301119 13387.5088783 1.80920331644 0.421230452987 0.591836907421 0.544090170684 0.578343681886 0.428055082246 0.733628661515 1.07558623291
-9999.0 -9999.0 -9999.0 -9999.0 -9999.0 -9999.0 -9999.0 -9999.0 -9999.0 -9999.0 -9999.0 -9999.0 -9999.0 -9999.0 -9999.0 -9999.0 16.6236948582 16.285809259 16.0933463583 32.479814483 14.313340013 469.413945991 483.532906255 14.5985037605 28.2408249149 13.2935040577 10.8282415385 10.477967473 741.61572119 4.51146465609 9.23270844674 5.54569973361 5.15671624536 4.65878871095 3.36988661707 3.55946666492 10.8031675412 14.9148589553 2.5666443205 2.12789251338 4.68290437267 8.09498988974 9.60256487523 2.07364420671 1095.94582522 1106.62787851 13389.0004279 4.52420120541 1.00113030284 0.181513972948 0.657214699906 0.119264375061 0.0755567808439 0.825301697508 5.0868038925
-9999.0 -9999.0 -9999.0 -9999.0 -9999.0 -9999.0 -9999.0 -9999.0 -9999.0 -9999.0 -9999.0 -9999.0 -9999.0 -9999.0 -9999.0 -9999.0 -9999.0 -9999.0 16.0962342712 47.3255575413 60.4811632272 74.3680391673 497.124003923 510.807115126 524.309118651 538.929017652 549.110971023 570.367748038 574.944694412 578.953300351 582.659102363 4.28880734907 3.87107350213 4.329282916 15.0689058159 4.10591490119 3.77152843449 2.71740066989 7.69288664104 3.14581330898 2.15089890522 1.93390616839 1.45829861881 2.90720207174 4.14962219765 1115.20738804 14510.289196 1.59113111104 3.1006142873 0.110945629918 0.807551290823 0.318257460434 0.152510882684 9.54437127454 8.06042266786
-9999.0 -9999.0 -9999.0 -9999.0 -9999.0 -9999.0 -9999.0 -9999.0 -9999.0 -9999.0 -9999.0 -9999.0 -9999.0 -9999.0 -9999.0 -9999.0 -9999.0 -9999.0 -9999.0 13.6317582887 106.967586864 210.533583532 225.056132341 18.4494915731 32.9734691524 46.3209849085 56.8184941832 128.852335921 133.37367247 4.38594572489 4.23154351013 591.717532092 599.273548478 602.630157537 17.6184855927 2.39415385262 6.22295879354 9.04917300621 26.5485834534 32.3413037495 36.3687804337 3.5629107845 4.7914214875 1.57076167812 3.06636374855 1.56986109131 14513.3094161 1.3358673554 5.67382085881 1.46757918413 2.78577076357 8.96242032733 9.80503302641 20.0986488023 6.4639264901
-9999.0 -9999.0 -9999.0 -9999.0 -9999.0 -9999.0 -9999.0 -9999.0 -9999.0 -9999.0 -9999.0 -9999.0 -9999.0 -9999.0 -9999.0 -9999.0 -9999.0 -9999.0 15.0401401739 47.7750524494 93.6315564661 122.367530051 313.363946424 329.863275187 28.0556446729 41.4855865091 52.1582695856 62.6639524692 137.631662794 146.433652613 243.54179497 249.184750482 252.743248389 606.347135832 633.270254114 6.18541250659 4.23136072056 3.99370639162 7.48306569689 3.25624121439 42.3506483403 44.2208588818 6.25169314784 7.45368270728 1.23698463852 3198.22402327 3201.45909631 17717.1376302 17725.2209533 1.44940024195 5.99507417475 2.07117007254 1.59483636611 22.6543583445 29.9426653027
-9999.0 -9999.0 -9999.0 -9999.0 -9999.0 -9999.0 -9999.0 -9999.0 -9999.0 -9999.0 -9999.0 -9999.0 -9999.0 -9999.0 -9999.0 -9999.0 -9999.0 -9999.0 -9999.0 17.0524864178 16.5996597756 31.5399017386 74.8404944233 343.930001559 14.4034718841 14.19926324 24.7103884087 35.5619545957 81.8123697174 87.3551143532 2.88157174687 3.87499222881 257.854386991 261.955392108 898.047203928 900.449600205 1.96149226174 1.64255571686 1.24187977166 1.25812199695 1.33320939816 3166.67243555 3178.31525341 3187.076904 3189.53627545 3197.06595034 1.80039508892 6.40411064585 7.64566636669 17736.1567693 17737.3844418 17739.5562704 17740.8039674 17742.0560801 30.8720884386
-9999.0 -9999.0 -9999.0 -9999.0 -9999.0 -9999.0 -9999.0 -9999.0 -9999.0 -9999.0 -9999.0 -9999.0 -9999.0 -9999.0 -9999.0 -9999.0 -9999.0 -9999.0 -9999.0 -9999.0 15.3471282599 15.9979313985 29.6886302449 402.189492193 416.610117125 13.8097185526 24.3762870331 35.5949402752 41.8219476138 4.82978041971 9.62402916053 837.516076862 841.467985289 844.499847971 872.033453309 1775.05487221 3084.04222044 3089.04342032 3093.34509121 3097.37376353 3114.77549593 3120.59122489 10.1320023962 4.30766654887 2.71868372888 4.99406954705 3.15319824225 5.14797654537 1.51945104509 39.9531657742 45.049136158 49.0099699754 49.4275656713 17742.9261752 17774.947743
-9999.0 -9999.0 -9999.0 -9999.0 -9999.0 -9999.0 -9999.0 -9999.0 -9999.0 -9999.0 -9999.0 -9999.0 -9999.0 -9999.0 -9999.0 -9999.0 -9999.0 -9999.0 -9999.0 -9999.0 -9999.0 15.689150651 30.0090510376 44.4036869357 428.604935808 13.1707848821 577.364903364 588.892947937 593.330566765 598.490068264 816.943326324 822.899675509 4.51736235742 21.2645639897 25.5519880368 4.61162717989 1304.0245937 1295.92343274 2.15387526427 5.24019825965 14.1559072382 3.1932893287 3.347749103 2.18250541079 1.69186585372 1.19307177388 1.44713182719 35.0481258049 36.5511723852 38.5419319413 3.88845714154 2.94726538079 51.0304026475 51.812566317 52.0893996395
-9999.0 -9999.0 -9999.0 -9999.0 -9999.0 -9999.0 -9999.0 -9999.0 -9999.0 -9999.0 -9999.0 -9999.0 -9999.0 -9999.0 -9999.0 -9999.0 -9999.0 -9999.0 -9999.0 -9999.0 -9999.0 14.4353585422 13.4655794771 69.7201228098 526.296456412 553.402831577 567.220626583 11.7183787136 208.341219058 212.324996688 213.837568104 4.99092540975 10.2031443357 14.7751331522 310.579185354 313.885730782 316.554030564 1291.04861748 798.722934624 3.05524119016 3.06772565223 2.87852697428 2.00351670318 22.19275337 26.2596411342 29.6755622797 31.6033698261 33.4256065343 256.208730151 257.365077084 258.659223393 261.210514281 273.973684654 274.394318074 326.90878548
-9999.0 -9999.0 -9999.0 -9999.0 -9999.0 -9999.0 -9999.0 -9999.0 -9999.0 -9999.0 -9999.0 -9999.0 -9999.0 -9999.0 -9999.0 -9999.0 -9999.0 -9999.0 -9999.0 -9999.0 -9999.0 -9999.0 28.1411404716 42.8114963952 15.178475443 13.765747546 170.749655858 182.686417534 190.432207453 65.4908830171 69.0484513084 73.3280063505 77.9086819043 302.948227579 307.711370539 165.929366771 486.163971743 489.543251457 796.392585858 6.18669707819 3.06369067424 1.87559880433 15.5990131246 18.2885392902 1.2882716394 1.16362426861 250.203828174 253.490845784 255.122506077 1.29394071116 1.83885455279 272.323391316 1.16185669656 3.82116888866 4.11861985282
-9999.0 -9999.0 -9999.0 -9999.0 -9999.0 -9999.0 -9999.0 -9999.0 -9999.0 -9999.0 -9999.0 -9999.0 -9999.0 -9999.0 -9999.0 -9999.0 -9999.0 -9999.0 -9999.0 -9999.0 -9999.0 -9999.0 14.0272333076 27.781933374 116.296505226 131.741993532 145.602415004 52.5579764171 61.6065434995 4.39074466207 212.777940811 216.556182517 220.370863905 4.4045540552 157.202621795 162.163012626 3.42876269562 779.87495095 7.26342985388 3.55634823816 8.67819383902 11.7556177756 2.03588986085 1.51200768209 232.547540291 247.174888835 249.293474777 2.068426061 3.90948520947 4.77335276355 5.41275122824 10.4644516342 1.34369725211 3.19722006947 0.532833977676
-9999.0 -9999.0 -9999.0 -9999.0 -9999.0 -9999.0 -9999.0 -9999.0 -9999.0 -9999.0 -9999.0 -9999.0 -9999.0 -9999.0 -9999.0 -9999.0 -9999.0 -9999.0 -9999.0 -9999.0 -9999.0 -9999.0 13.9255588918 43.4478567645 74.9416634286 16.5933130115 29.2108640076 41.6523094046 194.842237322 200.825095993 204.739757984 3.36131614058 133.726672969 144.82408146 148.936667255 2.4897756491 765.005127221 773.166387879 3.7171665387 3.31402202382 6.51375512822 2.44013132622 221.814973775 225.918960223 228.489327069 9.63593497859 11.7493757486 1.72237517066 2.92082809348 1.21312686139 8.18740124877 1.24748570847 0.8377302605 0.912071652136 0.939050364495
-9999.0 -9999.0 -9999.0 -9999.0 -9999.0 -9999.0 -9999.0 -9999.0 -9999.0 -9999.0 -9999.0 -9999.0 -9999.0 -9999.0 -9999.0 -9999.0 -9999.0 -9999.0 -9999.0 -9999.0 -9999.0 -9999.0 -9999.0 15.0500836395 16.3104367885 16.8449564027 137.476955764 149.607792439 184.473504791 7.34732616975 118.347375134 127.533181207 3.73149445307 7.95331106899 2.81366171661 755.942744405 3.54136186238 9.90878374358 12.3474252828 14.6059627442 206.757129 214.88523486 217.821507934 2.95335062132 5.31098569325 7.33848068006 0.998319853402 0.871315593055 638.477655623 639.363618998 640.032057941 648.54004795 649.450425681 650.719562765 651.391240414
