data/baseflow/mHMbf_acc525.asc
ncols                  80
nrows                 72
xllcorner      4374000.0
yllcorner      5656000.0
cellsize            500
NODATA_value       -9999
[rows 0 to 24 of 72, columns 0 to 54 of 80]
-9999.0 -9999.0 -9999.0 -9999.0 -9999.0 -9999.0 -9999.0 -9999.0 -9999.0 -9999.0 -9999.0 -9999.0 21.0147630301 17.5415954645 -9999.0 -9999.0 -9999.0 -9999.0 -9999.0 -9999.0 -9999.0 -9999.0 -9999.0 -9999.0 -9999.0 -9999.0 -9999.0 -9999.0 -9999.0 -9999.0 -9999.0 -9999.0 -9999.0 -9999.0 -9999.0 -9999.0 -9999.0 -9999.0 -9999.0 -9999.0 -9999.0 -9999.0 -9999.0 -9999.0 -9999.0 -9999.0 -9999.0 -9999.0 -9999.0 -9999.0 -9999.0 -9999.0 -9999.0 -9999.0 -9999.0
-9999.0 -9999.0 -9999.0 -9999.0 -9999.0 -9999.0 -9999.0 -9999.0 -9999.0 -9999.0 -9999.0 -9999.0 44.0908153411 94.8790917857 14.8689058017 -9999.0 13.1883216991 -9999.0 -9999.0 -9999.0 -9999.0 -9999.0 -9999.0 -9999.0 -9999.0 -9999.0 -9999.0 -9999.0 -9999.0 -9999.0 -9999.0 -9999.0 -9999.0 -9999.0 -9999.0 -9999.0 -9999.0 -9999.0 -9999.0 -9999.0 -9999.0 -9999.0 -9999.0 -9999.0 -9999.0 -9999.0 -9999.0 -9999.0 -9999.0 -9999.0 -9999.0 -9999.0 -9999.0 -9999.0 -9999.0
-9999.0 -9999.0 -9999.0 -9999.0 -9999.0 -9999.0 -9999.0 -9999.0 -9999.0 -9999.0 21.3200297173 20.730987547 21.9607088941 21.5351633068 134.877418414 149.53737062 35.4866543174 11.1681446292 -9999.0 -9999.0 -9999.0 -9999.0 -9999.0 -9999.0 -9999.0 -9999.0 -9999.0 -9999.0 -9999.0 -9999.0 -9999.0 -9999.0 -9999.0 -9999.0 -9999.0 -9999.0 -9999.0 -9999.0 -9999.0 -9999.0 -9999.0 -9999.0 -9999.0 -9999.0 -9999.0 -9999.0 -9999.0 -9999.0 -9999.0 -9999.0 -9999.0 -9999.0 -9999.0 -9999.0 -9999.0
-9999.0 -9999.0 -9999.0 -9999.0 -9999.0 -9999.0 -9999.0 -9999.0 -9999.0 20.6838871936 41.9188019335 83.2932269888 42.0524222603 20.3392335084 39.413976409 168.212343064 229.396921736 12.6674414758 -9999.0 20.5174747948 -9999.0 -9999.0 -9999.0 -9999.0 24.8632605917 12.8010829721 -9999.0 -9999.0 -9999.0 -9999.0 -9999.0 -9999.0 -9999.0 -9999.0 -9999.0 -9999.0 -9999.0 -9999.0 -9999.0 -9999.0 -9999.0 -9999.0 -9999.0 -9999.0 -9999.0 -9999.0 -9999.0 -9999.0 -9999.0 -9999.0 -9999.0 -9999.0 -9999.0 -9999.0 -9999.0
-9999.0 -9999.0 -9999.0 -9999.0 -9999.0 -9999.0 -9999.0 -9999.0 24.5647523686 67.8503410416 88.0012350724 108.186004315 144.610311213 18.5970505552 75.8293522333 93.6281939561 351.212023516 15.0279120952 16.3464024749 38.189552006 55.3113749578 17.9218158027 -9999.0 63.7199425977 52.6001139728 14.2819604541 -9999.0 -9999.0 -9999.0 -9999.0 -9999.0 -9999.0 -9999.0 -9999.0 -9999.0 -9999.0 -9999.0 -9999.0 -9999.0 -9999.0 -9999.0 -9999.0 -9999.0 -9999.0 -9999.0 -9999.0 -9999.0 -9999.0 -9999.0 -9999.0 -9999.0 -9999.0 -9999.0 -9999.0 -9999.0
-9999.0 -9999.0 -9999.0 -9999.0 -9999.0 -9999.0 23.7664057084 21.4516249352 20.9317627043 21.379355604 21.6258432534 151.698105125 316.492730746 336.281107861 353.780816251 17.8356692916 385.174902965 401.823853989 34.7329335655 17.4786619402 72.0966965078 124.633562014 16.509647625 113.802339426 18.5199304524 17.4471326362 19.1982771961 -9999.0 -9999.0 -9999.0 -9999.0 -9999.0 -9999.0 -9999.0 -9999.0 -9999.0 -9999.0 -9999.0 -9999.0 -9999.0 -9999.0 -9999.0 -9999.0 -9999.0 -9999.0 -9999.0 -9999.0 -9999.0 -9999.0 -9999.0 -9999.0 -9999.0 -9999.0 -9999.0 -9999.0
-9999.0 -9999.0 -9999.0 -9999.0 -9999.0 -9999.0 48.225323719 71.1943552501 159.888955062 222.11881609 19.1475301812 19.6702150384 18.5867056679 55.5273236329 426.027025879 15.8037825292 417.728070796 488.437551358 54.925055954 32.7579519012 140.281666224 17.1037387888 130.66009187 33.742818696 16.9029784274 33.6120853013 38.1120531067 19.4421612112 19.7454635441 19.1835800374 20.5339934035 41.0969479109 -9999.0 -9999.0 -9999.0 -9999.0 -9999.0 -9999.0 -9999.0 -9999.0 -9999.0 -9999.0 -9999.0 -9999.0 -9999.0 -9999.0 -9999.0 -9999.0 -9999.0 -9999.0 -9999.0 -9999.0 -9999.0 -9999.0 -9999.0
-9999.0 -9999.0 -9999.0 -9999.0 -9999.0 26.7653610612 51.4007694853 24.3254087094 47.0118012217 245.400653359 286.488201207 326.825445983 1076.56264188 18.9439343638 443.777693213 1669.51893053 1683.42233318 2198.76628682 17.2074585683 48.4704680078 156.007311455 15.5480971669 320.821570743 173.802824681 106.661947685 89.4137514171 18.5702094242 57.4868568839 57.3871033591 38.2063461261 18.5078413304 60.2165019517 18.2986824154 17.9588660332 -9999.0 -9999.0 -9999.0 -9999.0 -9999.0 -9999.0 -9999.0 -9999.0 -9999.0 -9999.0 -9999.0 -9999.0 -9999.0 -9999.0 -9999.0 -9999.0 -9999.0 -9999.0 -9999.0 -9999.0 -9999.0
-9999.0 -9999.0 -9999.0 -9999.0 -9999.0 27.4276790033 79.2244544707 156.146665128 179.530660862 356.792392583 378.387250282 446.480412523 731.625283365 1137.83433804 1175.86873949 1193.74599956 32.0693296102 2258.62759505 2291.45478984 2373.30870554 2913.50737362 369.02467895 337.85989192 123.432436247 16.5406954925 108.072196921 73.9983900074 15.5955754708 74.4005462999 16.979675066 37.3277593188 97.0276592073 114.622909902 35.2460705869 17.4487359914 16.9232223322 -9999.0 -9999.0 -9999.0 -9999.0 12.1610857968 10.9026238635 -9999.0 -9999.0 -9999.0 -9999.0 -9999.0 -9999.0 -9999.0 -9999.0 -9999.0 -9999.0 -9999.0 -9999.0 -9999.0
-9999.0 -9999.0 -9999.0 -9999.0 -9999.0 26.4495559553 24.9600714093 106.04906528 129.899235603 154.647659228 23.2181516081 45.9012710277 269.527927467 48.9875018414 21.0241623214 19.2783092505 16.9965806811 20.6677910297 19.9898824642 18.1270298208 2929.84593884 2976.71034496 15.4782388286 48.0550407557 32.9051956064 123.952029585 31.7659939099 15.0080269536 91.7507400189 33.7584990311 83.4616157285 198.991048738 184.391839308 52.3925658867 51.0540443159 17.5215244656 17.3765548405 -9999.0 -9999.0 17.4753724938 26.6610856367 60.5360537141 11.6202503512 -9999.0 -9999.0 -9999.0 -9999.0 -9999.0 -9999.0 -9999.0 -9999.0 -9999.0 -9999.0 -9999.0 -9999.0
-9999.0 -9999.0 -9999.0 -9999.0 -9999.0 -9999.0 27.9001217619 28.3582462368 53.2029515848 78.4880093491 176.51715247 224.381336199 249.046750214 27.5248345971 19.1780231424 263.793407633 320.729053307 338.467757251 411.783573654 428.296273717 16.2744313706 2993.00706776 3073.12506254 64.2921189055 16.0233455514 138.776027462 304.508623255 120.658535187 29.7641053746 15.0744841153 312.576780092 214.714112857 15.2606448684 15.1182735161 66.7600844447 51.1784920034 16.4063589399 14.9769768682 16.9321368549 34.0309259661 16.2580976886 73.4317451938 89.0203018262 13.72029002 -9999.0 -9999.0 -9999.0 -9999.0 16.4476284222 15.2460680565 4.965812211 -9999.0 -9999.0 -9999.0 -9999.0
-9999.0 -9999.0 -9999.0 -9999.0 -9999.0 -9999.0 -9999.0 27.6214758592 24.2335228512 50.173383954 75.169820105 24.1567042823 23.6420844792 141.209611315 183.328898546 226.243777337 19.7337860095 38.2244612912 18.6695070701 445.477237558 973.741281699 985.032932992 4086.66332791 15.6157872087 45.4282891284 14.3582110288 318.386526349 14.6631030595 45.0702406652 14.8058296703 327.408590846 342.279661184 30.7035398883 30.2113498531 167.329552051 84.0788561298 31.5078180406 16.4355536426 33.7306955392 50.6023544193 82.3346198905 14.9660265363 114.833591358 126.198610943 9.96380004891 11.090041409 11.8247271727 10.1858390316 9.51379307846 43.1213097414 17.1379471895 10.3608490693 -9999.0 -9999.0 -9999.0
-9999.0 -9999.0 -9999.0 -9999.0 -9999.0 -9999.0 -9999.0 -9999.0 52.2730665365 75.6906715223 24.1743647518 49.2509805869 72.1867910806 119.920906508 22.5827079176 21.7316748497 18.5431940288 18.769341855 16.8519237864 493.583538321 19.0684019363 37.1801273777 4135.20676212 4161.72893881 10.0126757539 65.7944715505 395.573003369 28.4601094853 57.8065098933 25.9814733479 38.3046542546 398.478622741 43.8456395772 239.293766727 196.683439285 15.3800848604 78.8380891505 32.0911607457 48.9124733977 14.9532845324 96.4537559138 123.112038726 132.512725731 141.186131287 163.023794746 18.7511247229 20.3421170014 17.7693099853 16.3964551395 51.8955798699 9.84600966171 37.7132008485 46.5297259144 -9999.0 -9999.0
-9999.0 -9999.0 -9999.0 -9999.0 -9999.0 -9999.0 -9999.0 -9999.0 26.5532701398 127.972244726 151.467673479 23.5327223411 45.6585402084 22.0911737483 20.1860359856 19.8150543842 252.899752376 336.107677515 409.076644685 481.125779961 17.105299262 18.515616001 16.146188114 4236.50522853 4264.65233014 4273.72873321 519.234694369 112.129899602 99.0523678041 11.0875276442 49.2381764387 459.600767962 11.4877032068 251.384382992 14.2957759367 103.858852325 94.992408715 15.360769942 64.0814237229 29.9704952822 44.5958218471 11.7188387572 8.5333053524 149.693588896 157.245959794 170.551970753 28.7634216612 25.591593809 23.889235211 62.5869671687 82.6656763684 10.0274251899 56.2521523594 10.8457825627 20.0516182945
-9999.0 -9999.0 -9999.0 -9999.0 -9999.0 -9999.0 -9999.0 -9999.0 -9999.0 27.0473735032 176.255531685 199.435390384 68.0949386565 112.767687613 153.897214426 174.963186382 21.4030905168 64.3841300117 42.2330426527 21.6799518894 20.8625148943 18.7868061612 36.8630884766 61.3445121205 16.8910992213 4821.01889909 4831.30850994 8.89311521239 7.94059900706 22.9851930961 34.3634688896 493.884094543 22.8196929626 261.259024363 156.466588396 130.501898142 14.1522164474 28.9625611384 77.188289662 13.1277293526 57.2207599895 24.2255023006 15.0673938069 8.17007114788 180.895596771 357.239262791 33.9214707842 30.9129090143 31.3313967249 7.86193693039 90.4755533539 7.53449302528 74.2374945795 9.0952638734 29.2117660175
-9999.0 -9999.0 -9999.0 -9999.0 -9999.0 -9999.0 -9999.0 -9999.0 -9999.0 -9999.0 23.4693033295 246.660663876 22.2792332939 44.6534612648 64.8784927568 104.859274919 20.405509086 42.7068072277 20.7102434627 19.2624614925 18.0322336756 35.6344595391 15.5908820824 15.4022114653 27.8853248159 15.3196242945 4842.80598001 4861.29092111 4889.24202885 43.1331468208 11.7645735851 23.4676680194 506.365360568 476.508012884 182.744123772 12.9724856745 56.4582496529 42.5669197112 90.3371205625 26.1671022526 107.333266369 37.0329910508 24.919638644 8.04307530596 8.8770341193 366.290504126 373.497263477 444.164669987 56.6564022264 16.6494211553 99.1262573156 115.098575395 196.599478145 17.8337090196 8.20704069357
-9999.0 -9999.0 -9999.0 -9999.0 -9999.0 -9999.0 -9999.0 -9999.0 -9999.0 -9999.0 -9999.0 14.3384006251 278.272721318 22.9900218228 42.9339733547 187.579674178 20.4125685546 20.1736359685 17.576580412 37.610396065 18.2655636963 71.9781076492 103.379978805 117.310874884 39.0205402825 47.1984069679 9.71634376553 13.1483583042 11.0622392778 4954.52033099 4990.19476197 516.266824762 497.427970572 487.146509741 21.4930604426 10.185373583 68.3311582031 182.715421838 102.541251453 38.1536734211 157.423544461 63.7031734253 52.4766417311 16.4768273746 6.12086942591 5.49745152783 5.56495018915 475.532925653 556.204324952 8.37313837841 6.96587324563 8.40872499541 204.584997736 230.052791592 14.7914472016
-9999.0 -9999.0 -9999.0 -9999.0 -9999.0 -9999.0 -9999.0 -9999.0 -9999.0 -9999.0 -9999.0 13.1222611527 308.86321569 376.024397649 20.074947071 227.3276624 18.7350861093 17.8683382053 35.4899467863 91.3388729143 17.7314896534 18.6246798089 15.6925539508 147.84842739 161.849032651 224.493505078 245.61446126 256.791319495 265.752517432 274.803071605 5274.22069998 5809.04708744 6323.11055461 6328.95385986 7.53878655006 9.89123786287 206.598846809 194.741515317 11.9646438716 12.4623326511 172.72533947 248.766410409 10.3532724191 138.657835272 128.105542815 35.7833196726 14.6133317569 24.6899886904 8.94042332888 569.848867022 7.11193002175 22.086758335 27.0100340801 279.740093648 302.742423806
-9999.0 -9999.0 -9999.0 -9999.0 -9999.0 -9999.0 -9999.0 -9999.0 -9999.0 -9999.0 -9999.0 24.6149210833 46.7784195445 397.629930059 435.401753611 19.0803916199 260.180068569 15.9374125555 49.6564022633 107.92114641 34.3026847374 16.4956464931 33.2976983826 12.8714551213 24.9974421854 12.6089589862 11.8263198648 11.4139305548 11.4876976093 9.42054154803 7.95992997809 9.9216364707 11.5977708511 11.2481716209 6352.96605391 234.862907047 217.038307323 4.89705108304 33.804557561 8.24722410776 9.84086723115 259.898354649 433.381135607 151.422842449 113.131855133 22.8663691298 8.57095090288 7.44457369062 14.1784435385 591.089950801 604.037543121 6.88706815598 7.117289827 7.71138811372 8.67480992203
-9999.0 -9999.0 -9999.0 -9999.0 -9999.0 -9999.0 -9999.0 -9999.0 -9999.0 -9999.0 -9999.0 -9999.0 20.6769109577 285.899569554 741.193084217 802.82249091 1079.80665818 1093.5471729 238.217435488 175.888878962 51.0930498352 16.2623789933 65.0195278973 80.0822493635 118.079200392 26.0651913639 23.8450002186 23.7497152198 46.9713888181 20.8779464594 19.1514411998 11.2463627147 9.6861565973 7.00932826373 6359.39474498 6601.44228876 6610.87033739 4.73438052726 84.9339225663 40.7453028649 11.7023781778 472.409595134 28.2206799812 14.7094003412 64.0850480503 14.6009494514 9.17491688375 16.2834032204 21.8070884514 28.079726357 614.404854306 4.80082528832 4.02603411557 4.03205394706 3.30103595097
-9999.0 -9999.0 -9999.0 -9999.0 -9999.0 -9999.0 -9999.0 -9999.0 -9999.0 -9999.0 -9999.0 23.0269914354 218.565423272 264.781341102 41.9253270342 14.1734105722 31.9789177091 1143.15683045 1156.79231268 1408.04695125 14.6731430943 30.7671998721 12.9871878971 13.2237867582 130.652821373 169.237530207 204.629839293 10.8330257487 57.6467502779 88.9600507134 50.3765536657 21.374632417 18.9395481493 16.4702134938 15.4575774899 5.36447609375 6615.36559148 6618.3943774 6710.22278864 18.4069657561 10.3133370397 480.014231225 30.1991551477 15.6704070053 17.2437353799 17.1174579396 14.9421464354 25.6405121806 69.3877756494 104.832785005 724.294258612 3.4368369744 10.3110496918 7.00666628387 5.92749451444
-9999.0 -9999.0 -9999.0 -9999.0 -9999.0 -9999.0 -9999.0 -9999.0 -9999.0 -9999.0 -9999.0 23.6541725172 152.539364159 23.7312933845 20.3848399066 107.781222118 125.818883721 144.092212775 160.503461049 1911.01893156 1926.89418229 1958.31655221 2183.59296983 2224.19757657 2246.75979891 2259.53782938 2494.02891312 2528.70394725 2541.30722962 2643.17349804 2705.50002249 2715.52162788 2755.45947121 25.9814126164 24.8928961007 5.00490347101 3.53130737287 6622.60228739 6737.67271923 24.4158946135 552.221795851 543.461974618 55.9916843842 13.2851287177 13.7995951402 13.0523554775 13.2138968221 26.4804462305 36.4869906874 9.0930191328 729.008545666 734.109448148 755.566882892 759.466634083 768.929060085
-9999.0 -9999.0 -9999.0 -9999.0 -9999.0 -9999.0 -9999.0 -9999.0 -9999.0 -9999.0 -9999.0 79.1443386648 104.288882017 47.8157403021 70.1785749559 22.0626235303 251.116404989 270.463085159 308.294384847 325.938189017 125.528567738 2109.36256489 2124.61367609 13.6273548668 9.64440035368 9.92251341686 20.3125175429 11.6718513909 9.4186741598 9.31803642326 8.97441852063 2727.28234021 2766.83171199 2802.39800699 2835.2253496 2849.44868491 5.9130317822 1.63181308087 7305.96614655 565.551762233 561.758079505 10.7517637373 10.213849959 8.8628593119 23.0023879808 22.2757521053 10.3173686239 10.6588210899 9.34435562639 18.1254516774 22.9679547118 3.42483661478 6.2355058927 2.47322025964 2.42895369215
-9999.0 -9999.0 -9999.0 -9999.0 -9999.0 -9999.0 -9999.0 -9999.0 -9999.0 -9999.0 -9999.0 -9999.0 53.61699585 24.6083834575 22.1204613533 212.421956582 232.557219401 20.0282680861 77.5409109335 95.4522093116 112.06426906 17.833149323 11.5532685152 314.725812248 323.659204868 332.505559114 848.766045231 856.410048588 872.96381817 956.385780881 1003.20860946 1010.61477686 9.2793424944 9.78784356355 8.05773502746 2854.52591559 2.23622899585 7385.5318892 7382.51389189 73.8046245196 68.4581734578 41.1844585424 10.6071259205 17.7613180149 32.2302408817 31.6075874179 19.7436668861 10.1427497117 19.3492264511 18.3596318934 30.5317819474 5.61263540851 12.5221184536 19.0172784911 24.0588859135
-9999.0 -9999.0 -9999.0 -9999.0 -9999.0 -9999.0 -9999.0 -9999.0 -9999.0 -9999.0 -9999.0 -9999.0 27.8071591984 76.6374222107 99.5789036168 168.708432415 20.1993458679 41.0075434042 60.0044844852 231.769047405 248.628611014 265.905441441 279.520375759 293.639100612 442.463777382 484.76699862 509.207719887 11.040362803 65.9724580222 77.1463026083 979.699657242 1019.69755871 1041.55396837 1064.78424903 1078.85341583 3935.84468334 4.31338487312 7402.05436209 9.69264662042 5.08549870253 58.3735111791 49.7818699815 7.98684437384 25.8920619454 40.453138978 39.7067401568 27.2658910084 45.0336639682 71.1885302177 25.6613907486 62.7840117309 5.80070222453 10.2478080589 1.64990889258 1.15723539581
