data/baseflow/mHMbf_acc519.asc
ncols                  80
nrows                 72
xllcorner      4374000.0
yllcorner      5656000.0
cellsize            500
NODATA_value       -9999
[rows 0 to 24 of 72, columns 0 to 54 of 80]
-9999.0 -9999.0 -9999.0 -9999.0 -9999.0 -9999.0 -9999.0 -9999.0 -9999.0 -9999.0 -9999.0 -9999.0 24.8477592964 18.8726398589 -9999.0 -9999.0 -9999.0 -9999.0 -9999.0 -9999.0 -9999.0 -9999.0 -9999.0 -9999.0 -9999.0 -9999.0 -9999.0 -9999.0 -9999.0 -9999.0 -9999.0 -9999.0 -9999.0 -9999.0 -9999.0 -9999.0 -9999.0 -9999.0 -9999.0 -9999.0 -9999.0 -9999.0 -9999.0 -9999.0 -9999.0 -9999.0 -9999.0 -9999.0 -9999.0 -9999.0 -9999.0 -9999.0 -9999.0 -9999.0 -9999.0
-9999.0 -9999.0 -9999.0 -9999.0 -9999.0 -9999.0 -9999.0 -9999.0 -9999.0 -9999.0 -9999.0 -9999.0 49.8547477538 104.692184018 15.7377050847 -9999.0 13.2812179975 -9999.0 -9999.0 -9999.0 -9999.0 -9999.0 -9999.0 -9999.0 -9999.0 -9999.0 -9999.0 -9999.0 -9999.0 -9999.0 -9999.0 -9999.0 -9999.0 -9999.0 -9999.0 -9999.0 -9999.0 -9999.0 -9999.0 -9999.0 -9999.0 -9999.0 -9999.0 -9999.0 -9999.0 -9999.0 -9999.0 -9999.0 -9999.0 -9999.0 -9999.0 -9999.0 -9999.0 -9999.0 -9999.0
-9999.0 -9999.0 -9999.0 -9999.0 -9999.0 -9999.0 -9999.0 -9999.0 -9999.0 -9999.0 23.7180762615 22.7709721405 23.8954539861 23.5658509238 148.595243521 164.476439719 36.0777021806 11.3841608087 -9999.0 -9999.0 -9999.0 -9999.0 -9999.0 -9999.0 -9999.0 -9999.0 -9999.0 -9999.0 -9999.0 -9999.0 -9999.0 -9999.0 -9999.0 -9999.0 -9999.0 -9999.0 -9999.0 -9999.0 -9999.0 -9999.0 -9999.0 -9999.0 -9999.0 -9999.0 -9999.0 -9999.0 -9999.0 -9999.0 -9999.0 -9999.0 -9999.0 -9999.0 -9999.0 -9999.0 -9999.0
-9999.0 -9999.0 -9999.0 -9999.0 -9999.0 -9999.0 -9999.0 -9999.0 -9999.0 22.9302027237 46.6880981051 92.6343019124 46.2706500079 22.5604972066 43.9416008582 185.252344069 247.99448597 12.954904146 -9999.0 22.7221613139 -9999.0 -9999.0 -9999.0 -9999.0 25.449312798 13.0394632145 -9999.0 -9999.0 -9999.0 -9999.0 -9999.0 -9999.0 -9999.0 -9999.0 -9999.0 -9999.0 -9999.0 -9999.0 -9999.0 -9999.0 -9999.0 -9999.0 -9999.0 -9999.0 -9999.0 -9999.0 -9999.0 -9999.0 -9999.0 -9999.0 -9999.0 -9999.0 -9999.0 -9999.0 -9999.0
-9999.0 -9999.0 -9999.0 -9999.0 -9999.0 -9999.0 -9999.0 -9999.0 25.3820807621 72.3990634664 94.3866331096 116.762904985 160.364093824 20.8960071616 84.6151139503 104.484250685 383.116088714 16.5278395813 18.4558289114 42.6168246891 61.9214303483 20.0359014901 -9999.0 66.0502537318 54.4574501374 15.0098343475 -9999.0 -9999.0 -9999.0 -9999.0 -9999.0 -9999.0 -9999.0 -9999.0 -9999.0 -9999.0 -9999.0 -9999.0 -9999.0 -9999.0 -9999.0 -9999.0 -9999.0 -9999.0 -9999.0 -9999.0 -9999.0 -9999.0 -9999.0 -9999.0 -9999.0 -9999.0 -9999.0 -9999.0 -9999.0
-9999.0 -9999.0 -9999.0 -9999.0 -9999.0 -9999.0 25.5761193592 23.5971058722 22.8215955646 23.1743101132 23.1556620324 163.631447402 346.201464453 368.095844614 387.249394791 19.0278772332 420.006678031 438.3972006 39.2846848619 19.6932393064 80.8976793563 139.445910611 18.7776609003 122.583754059 20.9849445561 19.8904416727 21.9416573865 -9999.0 -9999.0 -9999.0 -9999.0 -9999.0 -9999.0 -9999.0 -9999.0 -9999.0 -9999.0 -9999.0 -9999.0 -9999.0 -9999.0 -9999.0 -9999.0 -9999.0 -9999.0 -9999.0 -9999.0 -9999.0 -9999.0 -9999.0 -9999.0 -9999.0 -9999.0 -9999.0 -9999.0
-9999.0 -9999.0 -9999.0 -9999.0 -9999.0 -9999.0 51.5565323716 76.4257449722 172.301130093 240.079998398 21.0089595534 21.9249958632 20.5242365583 60.6209718249 465.92479594 17.4047556355 456.200716466 533.626327157 60.2578417878 36.8076819245 157.025652715 18.8648801954 141.64422804 38.1513197628 19.2728210798 38.4975426848 43.4545157987 22.1997005994 22.940206596 22.4690169371 23.5117426019 47.0623726315 -9999.0 -9999.0 -9999.0 -9999.0 -9999.0 -9999.0 -9999.0 -9999.0 -9999.0 -9999.0 -9999.0 -9999.0 -9999.0 -9999.0 -9999.0 -9999.0 -9999.0 -9999.0 -9999.0 -9999.0 -9999.0 -9999.0 -9999.0
-9999.0 -9999.0 -9999.0 -9999.0 -9999.0 27.5989106055 53.7251216723 25.9373947575 50.2269201229 264.535555795 308.748488135 352.99082985 1140.48978076 20.595488384 485.085960273 1782.45699765 1797.57401576 2357.98634363 17.245599894 54.3879531983 174.698181958 17.5253075436 357.548708526 197.312619396 121.633478667 101.992194776 21.2435733783 66.2202961501 67.2165700408 44.775454894 21.7751017318 69.4031673553 21.5404945394 21.2475975488 -9999.0 -9999.0 -9999.0 -9999.0 -9999.0 -9999.0 -9999.0 -9999.0 -9999.0 -9999.0 -9999.0 -9999.0 -9999.0 -9999.0 -9999.0 -9999.0 -9999.0 -9999.0 -9999.0 -9999.0 -9999.0
-9999.0 -9999.0 -9999.0 -9999.0 -9999.0 28.0708799711 82.2496639837 162.728664019 187.731468676 372.27310186 395.672906408 468.271728695 767.553949823 1203.01399821 1243.52318491 1262.22279953 33.7909583472 2420.50304792 2454.90872191 2545.17672467 3148.34398361 411.267624991 376.473462896 140.334790465 18.7952027277 124.158776396 85.1730104076 18.2438944515 86.952077429 20.0036688215 43.0142063166 112.419575999 132.997251457 41.5574929057 20.205504645 20.0145052899 -9999.0 -9999.0 -9999.0 -9999.0 13.085042559 11.5453918171 -9999.0 -9999.0 -9999.0 -9999.0 -9999.0 -9999.0 -9999.0 -9999.0 -9999.0 -9999.0 -9999.0 -9999.0 -9999.0
-9999.0 -9999.0 -9999.0 -9999.0 -9999.0 27.5390413896 26.463410718 108.905608318 134.191645156 160.051022497 24.5634163857 48.7566229982 282.401465169 49.9225785084 22.2344926654 20.4178117149 17.7903515873 21.5057651966 21.1964835195 19.2704372349 3166.4422471 3218.85475785 17.5789378241 54.7756331868 37.4433051447 142.245727941 36.9142061042 17.7544745258 106.926282881 39.6540239579 97.0655648193 231.784008048 214.741388001 61.3885035985 59.4871378087 20.5028288758 20.2911854414 -9999.0 -9999.0 20.4493882879 29.4196198436 65.1495174482 12.1854664305 -9999.0 -9999.0 -9999.0 -9999.0 -9999.0 -9999.0 -9999.0 -9999.0 -9999.0 -9999.0 -9999.0 -9999.0
-9999.0 -9999.0 -9999.0 -9999.0 -9999.0 -9999.0 28.2640934446 28.0656541227 54.5133989575 81.1060629852 184.104324514 234.692168506 260.375250013 27.3376083105 20.7474906732 277.975654988 338.178497813 357.113877382 436.248999604 454.397081211 17.8845718908 3236.82408405 3326.73903912 72.1485932392 15.9708101889 159.143709641 353.677501961 141.367331029 35.1045211728 17.7343858342 363.898052789 249.990629331 17.6526140722 17.6814966862 77.6404602351 59.6832999792 19.0140757658 17.9616766463 19.5370407395 39.6292532977 18.7320601424 79.0215486889 96.8051970359 16.4529407783 -9999.0 -9999.0 -9999.0 -9999.0 18.0439848937 17.1360649679 5.4311863349 -9999.0 -9999.0 -9999.0 -9999.0
-9999.0 -9999.0 -9999.0 -9999.0 -9999.0 -9999.0 -9999.0 27.7974591142 25.579363275 52.4797706887 78.4227586626 25.454828181 24.5606300556 148.305938207 192.33616841 237.215564239 20.6757706956 41.3492526998 19.9668108169 473.078427861 1037.48501543 1049.57444282 4408.48102918 17.5386485541 47.0258959809 15.1026586934 370.277948815 17.053347639 53.0540103311 17.4068209238 381.31459723 398.694589053 35.4740438745 35.3455040929 194.533374312 97.8116387461 36.9930674031 18.9869074469 38.9795006761 58.8423294597 95.4830919774 17.5673444598 128.592781922 142.755060508 12.6675772251 13.6075591003 14.1329418132 12.812135649 12.0267005649 49.4559700142 19.8898663517 12.3918146587 -9999.0 -9999.0 -9999.0
-9999.0 -9999.0 -9999.0 -9999.0 -9999.0 -9999.0 -9999.0 -9999.0 53.9812389733 78.9373048758 25.6893926206 51.9102028354 76.0826346396 125.60247977 23.862501003 23.2745432505 20.3145058598 20.5257006979 18.602629518 526.363856911 20.7055254266 40.6023726976 4462.05634952 4496.89410629 16.3242989828 79.8381249268 465.872066201 33.404896319 68.5894167589 31.971672009 47.2064848647 465.182413894 51.2204872939 279.67730062 228.888144923 17.8161838271 91.5944033707 36.9795468635 56.5828701835 17.4540026402 112.063929597 144.529627878 156.53255081 167.896746936 189.797737731 23.778615008 25.0233149874 22.8537175231 21.2305312586 60.8132660885 12.2308161158 44.8452222299 55.7783067536 -9999.0 -9999.0
-9999.0 -9999.0 -9999.0 -9999.0 -9999.0 -9999.0 -9999.0 -9999.0 27.2626169576 132.818831486 158.054343807 25.2647951453 49.0909916727 23.8026333459 22.0955001036 21.7825173297 270.793971158 358.293562551 436.494447742 513.217394559 18.6857054352 20.2373619461 20.277303355 4581.57091442 4617.30738797 4632.19054563 618.468365517 134.750693769 117.834214344 14.5664108865 61.623069972 541.857540088 14.8695004896 294.956478671 16.8675810277 119.772251391 110.106969344 17.7464818587 74.1303825036 34.8918303743 51.8345844691 14.9930504341 11.2311520443 179.112195798 189.197865596 199.855291141 35.8290394528 33.1172586766 31.11433134 74.0185520231 98.8243241918 12.3876191324 67.4578801193 12.8646935005 23.9276261142
-9999.0 -9999.0 -9999.0 -9999.0 -9999.0 -9999.0 -9999.0 -9999.0 -9999.0 27.3375120056 183.986965252 208.88281479 73.1173295614 120.623539319 164.728682055 186.777572147 22.2218516459 67.1896358441 44.6601549103 22.6723814189 22.3928167977 20.8304071225 40.7855957832 68.9125474541 21.5374155377 5288.5627214 5305.4339025 15.191045261 12.6342665248 29.5075898513 43.9668094192 585.42216971 29.1329198326 308.248236301 181.99202004 150.698175815 16.5548904608 33.9494525539 89.8543466362 15.703330727 67.0055623537 29.8067834858 20.0547640309 9.93420790072 218.316083684 426.18202279 42.9697100907 40.4524460832 40.6849571835 9.96250644538 108.599445694 9.49992246706 89.4566041269 10.841849344 34.6586274082
-9999.0 -9999.0 -9999.0 -9999.0 -9999.0 -9999.0 -9999.0 -9999.0 -9999.0 -9999.0 24.8454408748 258.812498246 23.9098462371 47.5779693566 68.9950357727 111.548653676 21.7238924019 44.7357407871 22.1337236257 20.9477565197 19.9946219951 39.5340995694 17.8002770013 19.437118021 38.0547651587 20.9190363033 5322.14278584 5352.65464032 5397.74308303 57.9534985333 14.8559755099 29.6303219761 600.677246808 563.206389349 213.625293557 15.69941162 66.491055462 50.140354362 105.614669437 31.3857498318 127.237230452 44.7662339644 32.1356985914 8.83785063208 10.3614796049 437.189540498 446.422986454 537.799375231 71.9522003542 20.7100025004 119.17908497 139.049624854 237.542790766 21.149331424 9.83848317236
-9999.0 -9999.0 -9999.0 -9999.0 -9999.0 -9999.0 -9999.0 -9999.0 -9999.0 -9999.0 -9999.0 14.1551205818 289.732797322 24.1321348454 45.248336836 199.214435058 21.7187240905 21.5397295494 19.4730350672 41.2565246613 20.3681714617 79.9922516326 115.719559121 132.287815508 53.5255987558 67.4475794914 16.0534072276 19.6668946073 16.6318549905 5485.67140715 5532.11105729 613.785636405 589.089146613 576.310065268 27.4239725932 13.2893234446 81.0847402692 216.008816295 120.354343429 45.9894967281 187.124796233 75.1883935649 61.9756778967 17.9617066081 7.18656333814 6.76674691395 6.97905578311 572.479266264 672.957840581 9.88752271855 8.56966421873 9.85435137107 246.919551458 277.072815139 17.5902567312
-9999.0 -9999.0 -9999.0 -9999.0 -9999.0 -9999.0 -9999.0 -9999.0 -9999.0 -9999.0 -9999.0 13.2047695671 321.230870295 392.012748554 21.4044660544 241.838939925 20.2737295394 19.5823306837 39.5161513653 101.113638232 19.9137453712 20.7058011595 17.817080844 167.376085276 184.000281076 269.040126058 300.986506137 318.100619676 333.135130522 347.654780073 5894.03742461 6536.77770878 7151.32851212 7161.02824399 11.9592022804 13.5189470218 245.287348552 230.735418564 14.5285561108 14.7185757806 203.378569791 292.512507612 12.0651133399 142.271997914 130.526060561 36.3599769348 15.9992776702 26.2046965644 10.3462760355 689.982885191 8.69003208366 26.7245273044 33.0919417254 335.143028216 360.236376626
-9999.0 -9999.0 -9999.0 -9999.0 -9999.0 -9999.0 -9999.0 -9999.0 -9999.0 -9999.0 -9999.0 25.553257819 48.8209240881 414.851359661 455.445359249 20.2808754903 277.092211529 17.4359444588 54.5146973796 119.30975698 38.4873070071 18.5052103723 37.4539045831 15.66988055 30.5494322523 15.3761164303 14.7574868755 13.8556527729 13.1961290353 13.0190453082 12.5763282822 15.4395903627 16.8773586404 17.1544472557 7199.64523886 291.306532873 264.310187087 8.9262469075 41.577212945 10.1575323495 10.3235994083 305.424253397 486.534693075 156.033116403 114.032892609 21.3860175728 8.63781232348 7.88366054744 16.2137599021 714.854248148 730.779724765 8.31922829367 8.44139417823 8.6214907742 7.86675231316
-9999.0 -9999.0 -9999.0 -9999.0 -9999.0 -9999.0 -9999.0 -9999.0 -9999.0 -9999.0 -9999.0 -9999.0 22.2583357539 295.006083407 771.766504922 836.571595981 1131.95615635 1146.64150082 263.490663253 195.252449282 57.3022623691 18.2913871949 73.2770939479 90.3264043883 136.493899595 31.3547875677 29.8718140965 29.1949504537 57.2898694579 27.7090062341 26.8855156166 13.7423397871 11.9678607382 11.639652462 7210.9031243 7511.43709306 7525.62930606 8.96510604829 107.54021791 47.617872567 13.780751607 528.360077706 29.3089296771 15.0798203556 64.0254578214 14.3365676136 10.5403526547 19.3626132714 26.6145096486 34.605988429 744.199363786 6.27787447991 5.38898206972 5.39504899154 4.38608984178
-9999.0 -9999.0 -9999.0 -9999.0 -9999.0 -9999.0 -9999.0 -9999.0 -9999.0 -9999.0 -9999.0 23.9606231794 224.616901609 272.408003581 43.6606149155 14.3895170715 33.1820707014 1198.56450021 1213.42768049 1491.07944904 16.4127279292 34.561077467 15.2658197392 15.491486331 151.612514286 198.053395328 242.421226071 14.0323936872 71.2898620673 112.765387921 67.0034670115 27.0377191127 24.1163082271 22.8624845287 21.2694396053 10.1312589885 7533.91401685 7540.35061516 7661.7964359 22.4206856576 12.071503625 536.969371517 31.8119745377 16.1900398496 17.2775109744 17.1437360876 15.3152079657 26.7668346888 73.9797235944 117.269237532 867.918510638 4.62119360879 13.8794606079 9.41034771958 7.93621084395
-9999.0 -9999.0 -9999.0 -9999.0 -9999.0 -9999.0 -9999.0 -9999.0 -9999.0 -9999.0 -9999.0 24.4192569169 154.892577549 24.3779034275 21.5502679236 112.201783876 131.150390592 150.386682148 168.246330572 2014.95377634 2032.2087099 2066.50549012 2307.95698364 2355.19552081 2382.81288487 2398.26131554 2676.69860595 2717.90390002 2732.85379882 2861.00784659 2942.74853274 2956.09701208 3006.14091881 35.4413894877 32.7603340506 8.4628595292 7.24528450982 7548.41612693 7699.54072972 31.3498524855 615.301266218 604.902822955 59.6624905572 14.4569557895 14.6004595376 14.0556080124 13.7909221817 27.6962267571 38.6188917166 10.1675899187 874.000965577 880.444094901 909.101575437 914.206125665 926.780462041
-9999.0 -9999.0 -9999.0 -9999.0 -9999.0 -9999.0 -9999.0 -9999.0 -9999.0 -9999.0 -9999.0 79.4832026945 105.297260992 49.6907836411 72.8637604883 22.8862929004 260.034582444 280.085901068 319.522525992 337.509849779 131.473105871 2224.79974803 2241.02865883 15.8589832229 12.193149045 11.7610370793 24.9966817042 13.8344519477 11.5732381835 11.346245276 11.4606675234 2969.52212242 3019.40268398 3066.66025138 3109.7014954 3137.47338716 12.5167466675 3.90241308437 8338.0907452 632.597323174 626.303359487 12.5863224289 11.6834600769 10.4391026643 25.2573840058 24.7338940254 11.3159846096 11.5853812394 10.2512373993 20.2550837435 26.258163107 4.73025386471 8.6266991045 3.28567735696 2.74516316639
-9999.0 -9999.0 -9999.0 -9999.0 -9999.0 -9999.0 -9999.0 -9999.0 -9999.0 -9999.0 -9999.0 -9999.0 53.7859857006 25.4661190998 23.3836305284 219.955136549 240.544372231 20.698028846 80.6272620358 99.4699794269 116.799876181 18.6763329566 14.6870433183 337.95743735 350.167165421 362.18347622 924.51655 935.06052774 956.060632014 1052.35809983 1111.20908631 1120.86178939 10.2526227289 10.5668443472 9.61345878483 3147.45482032 4.79977778081 8439.0912075 8432.02410308 87.9856649092 79.7968137146 48.0460145416 12.1682237106 20.9755903851 35.9543939411 35.5022992825 21.9089935601 11.1235716689 21.1624056979 20.6046974169 34.9260419442 6.15335096139 15.286527294 23.7353671582 29.497513923
-9999.0 -9999.0 -9999.0 -9999.0 -9999.0 -9999.0 -9999.0 -9999.0 -9999.0 -9999.0 -9999.0 -9999.0 27.5577414579 78.0949961162 102.106438665 174.028825369 20.819457046 42.2425919985 62.0937395671 244.699190945 262.323930776 278.070231943 294.113588924 310.533225294 472.529199378 522.812620219 551.932342846 12.6213826827 75.6066382583 87.5893145497 1080.90068186 1131.31672487 1153.90739167 1176.72292621 1195.34330879 4348.04997293 6.14255219466 8465.3160179 15.1047199672 7.28485227389 68.0815218066 58.2984652653 9.26317752758 30.6661804478 45.556329956 44.6596995219 30.213309447 49.6085150134 78.1294020373 28.9338613066 71.2836799394 6.38505148711 10.5791585914 2.07918960538 1.51517973078
