data/baseflow/mHMbf_acc361.asc
ncols                  80
nrows                 72
xllcorner      4374000.0
yllcorner      5656000.0
cellsize            500
NODATA_value       -9999
[rows 0 to 24 of 72, columns 0 to 54 of 80]
-9999.0 -9999.0 -9999.0 -9999.0 -9999.0 -9999.0 -9999.0 -9999.0 -9999.0 -9999.0 -9999.0 -9999.0 25.5619551094 19.6652581755 -9999.0 -9999.0 -9999.0 -9999.0 -9999.0 -9999.0 -9999.0 -9999.0 -9999.0 -9999.0 -9999.0 -9999.0 -9999.0 -9999.0 -9999.0 -9999.0 -9999.0 -9999.0 -9999.0 -9999.0 -9999.0 -9999.0 -9999.0 -9999.0 -9999.0 -9999.0 -9999.0 -9999.0 -9999.0 -9999.0 -9999.0 -9999.0 -9999.0 -9999.0 -9999.0 -9999.0 -9999.0 -9999.0 -9999.0 -9999.0 -9999.0
-9999.0 -9999.0 -9999.0 -9999.0 -9999.0 -9999.0 -9999.0 -9999.0 -9999.0 -9999.0 -9999.0 -9999.0 50.0507410951 107.106966918 16.3581223109 -9999.0 12.961905509 -9999.0 -9999.0 -9999.0 -9999.0 -9999.0 -9999.0 -9999.0 -9999.0 -9999.0 -9999.0 -9999.0 -9999.0 -9999.0 -9999.0 -9999.0 -9999.0 -9999.0 -9999.0 -9999.0 -9999.0 -9999.0 -9999.0 -9999.0 -9999.0 -9999.0 -9999.0 -9999.0 -9999.0 -9999.0 -9999.0 -9999.0 -9999.0 -9999.0 -9999.0 -9999.0 -9999.0 -9999.0 -9999.0
-9999.0 -9999.0 -9999.0 -9999.0 -9999.0 -9999.0 -9999.0 -9999.0 -9999.0 -9999.0 24.2764847623 23.5950910715 24.165605064 23.3073616579 152.1473568 169.740604577 36.1846106853 11.5277904231 -9999.0 -9999.0 -9999.0 -9999.0 -9999.0 -9999.0 -9999.0 -9999.0 -9999.0 -9999.0 -9999.0 -9999.0 -9999.0 -9999.0 -9999.0 -9999.0 -9999.0 -9999.0 -9999.0 -9999.0 -9999.0 -9999.0 -9999.0 -9999.0 -9999.0 -9999.0 -9999.0 -9999.0 -9999.0 -9999.0 -9999.0 -9999.0 -9999.0 -9999.0 -9999.0 -9999.0 -9999.0
-9999.0 -9999.0 -9999.0 -9999.0 -9999.0 -9999.0 -9999.0 -9999.0 -9999.0 23.7999917317 47.7404856881 94.758246995 46.8941818011 22.9376589677 45.1757778512 191.812968231 256.023942942 13.3637341297 -9999.0 23.5620788929 -9999.0 -9999.0 -9999.0 -9999.0 24.7627120678 12.5766384589 -9999.0 -9999.0 -9999.0 -9999.0 -9999.0 -9999.0 -9999.0 -9999.0 -9999.0 -9999.0 -9999.0 -9999.0 -9999.0 -9999.0 -9999.0 -9999.0 -9999.0 -9999.0 -9999.0 -9999.0 -9999.0 -9999.0 -9999.0 -9999.0 -9999.0 -9999.0 -9999.0 -9999.0 -9999.0
-9999.0 -9999.0 -9999.0 -9999.0 -9999.0 -9999.0 -9999.0 -9999.0 25.2860729831 73.4685534514 96.4234931228 119.380804862 163.953074472 21.8964028825 88.1026953186 109.561977243 400.249535837 19.0216562149 20.5830147217 44.9391632238 65.6805112346 21.4520542195 -9999.0 65.5609874496 53.780755126 15.1046792545 -9999.0 -9999.0 -9999.0 -9999.0 -9999.0 -9999.0 -9999.0 -9999.0 -9999.0 -9999.0 -9999.0 -9999.0 -9999.0 -9999.0 -9999.0 -9999.0 -9999.0 -9999.0 -9999.0 -9999.0 -9999.0 -9999.0 -9999.0 -9999.0 -9999.0 -9999.0 -9999.0 -9999.0 -9999.0
-9999.0 -9999.0 -9999.0 -9999.0 -9999.0 -9999.0 25.562762738 24.2423511343 23.6644811972 23.8297132438 23.7623497641 166.800195209 353.62839963 376.370773878 396.50720432 19.6409090753 439.86183086 460.122758062 41.529307184 20.9747581543 86.0507529972 149.149835943 20.2642028146 125.268734033 21.2630642923 20.6863318005 21.9581194585 -9999.0 -9999.0 -9999.0 -9999.0 -9999.0 -9999.0 -9999.0 -9999.0 -9999.0 -9999.0 -9999.0 -9999.0 -9999.0 -9999.0 -9999.0 -9999.0 -9999.0 -9999.0 -9999.0 -9999.0 -9999.0 -9999.0 -9999.0 -9999.0 -9999.0 -9999.0 -9999.0 -9999.0
-9999.0 -9999.0 -9999.0 -9999.0 -9999.0 -9999.0 50.6181519552 74.9011781359 170.520750062 240.552019429 22.1091440829 22.5460071992 21.6820802917 64.2136784812 480.882490864 19.1728538372 479.789647242 558.05114852 61.0055509516 40.3578435927 168.657063585 20.7169458675 145.837202556 40.9523318122 20.40464408 40.5692843036 43.4805543921 22.1970978373 22.5166892792 22.2272148535 22.8033463427 45.8168101286 -9999.0 -9999.0 -9999.0 -9999.0 -9999.0 -9999.0 -9999.0 -9999.0 -9999.0 -9999.0 -9999.0 -9999.0 -9999.0 -9999.0 -9999.0 -9999.0 -9999.0 -9999.0 -9999.0 -9999.0 -9999.0 -9999.0 -9999.0
-9999.0 -9999.0 -9999.0 -9999.0 -9999.0 25.9061031821 50.9909666445 24.7668636129 48.5889234166 264.576795823 310.182724666 355.47187719 1101.64819562 21.2745983109 501.966842616 1762.77101499 1778.27665136 2362.44257874 16.6361715703 59.8108250055 188.301492818 19.5250567233 373.610732633 207.701429743 126.026411334 105.230750799 21.2183086191 66.0924224644 66.0024291264 44.0958142626 21.5230652935 67.9410615282 21.4454642173 21.2763125604 -9999.0 -9999.0 -9999.0 -9999.0 -9999.0 -9999.0 -9999.0 -9999.0 -9999.0 -9999.0 -9999.0 -9999.0 -9999.0 -9999.0 -9999.0 -9999.0 -9999.0 -9999.0 -9999.0 -9999.0 -9999.0
-9999.0 -9999.0 -9999.0 -9999.0 -9999.0 25.902753898 76.1316863314 151.9010264 175.727408244 347.937836478 371.090802383 442.253851865 725.056528849 1160.81939889 1202.76356272 1222.268622 38.3719195071 2430.07948971 2464.30622125 2563.40884446 3204.34850332 433.255343487 394.170914286 146.481967615 20.2257750185 126.74487383 86.0755634727 19.8324255747 86.2755316249 20.0047106556 40.9564555668 109.56948749 130.26153121 41.8335652609 20.5175785775 20.3479015107 -9999.0 -9999.0 -9999.0 -9999.0 12.6536929583 10.9672825386 -9999.0 -9999.0 -9999.0 -9999.0 -9999.0 -9999.0 -9999.0 -9999.0 -9999.0 -9999.0 -9999.0 -9999.0 -9999.0
-9999.0 -9999.0 -9999.0 -9999.0 -9999.0 25.6038966181 24.871623597 100.412878843 124.293755011 148.676542157 23.9903590279 47.7813121522 266.025914541 47.2003014511 22.9431460574 21.9716989909 20.2819108786 21.8450876285 21.0136119352 21.3591817356 3224.38854902 3283.25891028 19.4295885423 59.5624135498 40.3297002737 146.507398048 39.6384955627 18.9703458633 106.904279072 39.6118813241 94.7009793813 231.114663399 212.939112062 62.2862526625 61.010301334 20.6150954412 20.4930476205 -9999.0 -9999.0 20.5311937803 29.0981948991 63.0500990176 11.5775329432 -9999.0 -9999.0 -9999.0 -9999.0 -9999.0 -9999.0 -9999.0 -9999.0 -9999.0 -9999.0 -9999.0 -9999.0
-9999.0 -9999.0 -9999.0 -9999.0 -9999.0 -9999.0 25.7408791359 25.3984944515 50.4691359573 75.2075301426 171.321887519 219.566675983 243.544805366 24.4813254176 21.4885747836 276.121571132 340.942563017 361.916345664 447.099841113 467.392632433 20.1535851959 3303.34557627 3401.68638087 78.6331898992 17.3508159475 165.175107685 367.427236811 144.300039206 38.1468959418 19.1063382578 363.739561902 250.522181075 19.0642842648 18.864659525 80.0461384684 60.7683961797 19.7033802103 19.0676389879 19.8890230726 40.0525695521 19.3142458579 76.6410759227 95.3958913153 17.4422629777 -9999.0 -9999.0 -9999.0 -9999.0 19.5042525464 18.7018344298 6.00999952076 -9999.0 -9999.0 -9999.0 -9999.0
-9999.0 -9999.0 -9999.0 -9999.0 -9999.0 -9999.0 -9999.0 25.9079453963 23.4864259997 48.0683968815 72.4399992137 24.377114876 23.2539441297 141.609165674 187.326391605 233.455325409 21.8867886185 43.572736067 21.4401570794 487.845314971 1070.12179401 1082.9164162 4520.4660613 19.6953947905 51.7470684955 16.8065390283 385.79698623 18.8690959583 57.4643393751 18.9116978507 382.673007422 401.524306678 38.1178136236 37.6769588551 200.259575897 100.402154092 38.4369820972 19.5886175089 39.7837142325 59.661637429 97.7319474039 18.6106798969 130.178021023 146.814440497 15.4388212167 16.6836278056 16.8118629886 15.5839735596 14.9929914042 54.7713500512 23.1243019736 15.9790880932 -9999.0 -9999.0 -9999.0
-9999.0 -9999.0 -9999.0 -9999.0 -9999.0 -9999.0 -9999.0 -9999.0 48.9500899766 72.0090165152 24.2529159635 48.673003836 72.0619641135 119.403205371 23.9831269328 23.5017395659 21.3836830599 21.7022995807 20.4903135112 541.115193053 21.5506596347 42.6267782606 4577.75116672 4622.45344629 22.4337297288 96.7766890059 501.828427349 37.3215106233 75.1180851686 35.9488989706 52.9177733507 474.441675249 55.6772986775 291.665314798 236.766601813 18.3500033264 95.9875977339 38.7581917714 58.5920684104 18.6311498359 115.564221928 151.147217898 165.849025166 179.841868728 204.903416842 29.4219575246 30.5838372589 28.3790728331 26.984533417 69.0157923521 14.7473140542 54.5222814905 69.1000675648 -9999.0 -9999.0
-9999.0 -9999.0 -9999.0 -9999.0 -9999.0 -9999.0 -9999.0 -9999.0 25.0149625834 121.483233778 145.433983546 24.0471147934 47.4712297057 23.4444000376 22.6780555981 22.290560478 274.075638866 365.191157184 448.038169317 527.34829143 20.0104586917 21.2941639602 25.5390420185 4717.63963153 4761.40943642 4781.89296664 676.174776767 150.886758509 130.492765685 16.8019737662 69.8325859456 561.448501957 17.132640621 308.862889731 18.2809623574 124.623715977 115.39860968 18.9475254945 77.2809448693 37.2299907294 55.4373944462 17.263267383 13.8599734851 193.665629921 206.303345012 217.507505966 44.2591070864 41.4312186779 39.8710675882 84.2739488853 113.966211172 14.7976885155 83.9722774688 15.5118691853 30.0757428191
-9999.0 -9999.0 -9999.0 -9999.0 -9999.0 -9999.0 -9999.0 -9999.0 -9999.0 24.7670169043 169.628351972 193.56186506 71.1220052266 118.103895443 163.579419857 186.423482797 22.9855906868 69.6214600212 46.308118795 22.9568155092 22.9576477915 21.6695237073 44.0157867889 77.2507677986 27.0548267953 5505.82763348 5528.43095852 20.8237631566 16.3277374773 33.9034391876 50.4925129509 611.415044265 33.3989490761 324.434043989 194.310268058 159.288809526 18.232849246 36.8575666307 94.731937484 17.3954155764 72.3943572632 33.8609331689 25.1490519897 12.553854913 242.972173676 470.730567011 53.5839433113 51.0411157905 52.3263571575 12.6157085441 126.614317028 12.3814456465 112.164619211 14.2918814553 44.5573358602
-9999.0 -9999.0 -9999.0 -9999.0 -9999.0 -9999.0 -9999.0 -9999.0 -9999.0 -9999.0 23.5680675441 241.040877577 23.625776228 47.1360554315 69.5601355887 114.845198174 23.187082174 46.8240233753 23.5009017789 22.7585228496 21.701449453 43.0138619613 20.1253233172 24.2751823008 49.2416858252 26.5015282033 5549.51331911 5590.80573596 5649.73766856 68.8902700417 17.1097414392 34.1251014502 628.777445912 602.715939044 229.572120985 17.5720145928 72.7473132545 54.7420177567 112.22513242 34.816381275 140.357869234 50.7584867934 40.4661386801 12.254334666 13.0541336793 484.489663154 496.152007369 610.87899522 92.0250031853 26.1753029303 140.152554187 165.754035223 290.704903591 28.3124074248 13.4188294488
-9999.0 -9999.0 -9999.0 -9999.0 -9999.0 -9999.0 -9999.0 -9999.0 -9999.0 -9999.0 -9999.0 12.7915668083 269.84857929 23.0450280371 45.2370119369 204.868382608 22.8478019063 22.8249437961 21.1857711137 44.5018776665 21.472241381 85.8120586705 125.748089422 144.450433274 68.3735318836 87.8526547032 21.1617467617 24.9823123463 22.3700381318 5755.47084433 5806.79126932 644.963935082 634.677301817 618.751224602 32.5890660032 15.9339385157 89.4426019968 235.139781377 129.034072012 51.5208777477 208.177109873 95.9616633092 80.1329282295 25.0705423544 10.0479210049 9.3750876576 9.9747376022 657.540741368 787.70392587 13.0075638967 11.978651606 12.7542456606 303.17051376 343.779062942 24.53172268
-9999.0 -9999.0 -9999.0 -9999.0 -9999.0 -9999.0 -9999.0 -9999.0 -9999.0 -9999.0 -9999.0 12.2015087055 299.87097056 369.821597431 22.1728557917 249.29824002 21.5428293469 21.383771477 42.2947580577 108.111333341 21.1640549716 21.7875825376 19.8773020019 183.735330158 202.819050291 310.276248512 351.068870434 373.608545295 393.861869153 417.184956956 6243.67302831 6926.67933882 7594.4256202 7607.52709599 15.547952466 16.0463848848 268.597707822 251.976994231 16.566413408 16.5203617813 224.360800025 336.829976375 14.9049702878 176.412795409 161.936680003 48.5739274892 22.1043747471 35.4907201687 13.6434214186 810.716562125 11.8592343214 36.4518406594 45.9200930191 426.180866734 462.231146106
-9999.0 -9999.0 -9999.0 -9999.0 -9999.0 -9999.0 -9999.0 -9999.0 -9999.0 -9999.0 -9999.0 24.6001052726 47.5899759578 392.571799774 435.738845751 21.7563166287 287.52440823 19.9702384724 61.0315823253 128.245952621 41.3968188234 20.1858412712 40.6392436114 18.052504469 35.5831279805 17.8660840098 17.1822472914 16.2797601473 15.7911605838 16.6882565964 17.6929295981 20.5025590616 21.3271366727 21.9353486729 7660.31644761 324.056848747 295.776681121 12.826926789 48.3108460985 13.7024239674 11.3868439392 352.375157258 576.26226154 193.06921094 138.907873056 28.0782157596 12.0253454776 11.1488045488 22.553699394 844.815679824 866.857491068 11.4918242189 12.061431504 12.7303022222 12.1105809319
-9999.0 -9999.0 -9999.0 -9999.0 -9999.0 -9999.0 -9999.0 -9999.0 -9999.0 -9999.0 -9999.0 -9999.0 22.8371243783 291.067219504 748.955516178 815.40662478 1122.9630433 1139.34318654 287.181974049 210.546165763 61.9186745621 20.0158507916 80.159544419 99.2651544917 152.910934304 36.2531428172 34.7437524402 34.0569143364 67.1428774914 33.7757435873 34.3859483845 16.1152101927 15.4284507022 16.3488051192 7677.86130425 8012.35203292 8026.38515923 12.9347566598 132.079572069 57.251425367 16.2793459846 626.557294894 34.8411776678 17.8231489636 74.1299384579 16.7980158395 14.0981457098 25.9919591268 35.9650325869 46.7741661473 885.545809252 8.9265402161 8.05180407711 8.18667980368 7.28184100317
-9999.0 -9999.0 -9999.0 -9999.0 -9999.0 -9999.0 -9999.0 -9999.0 -9999.0 -9999.0 -9999.0 24.0849057613 221.222228269 268.47747041 45.0094289914 13.8361868863 32.7336805122 1192.95255686 1210.21874872 1513.23900441 18.8850075392 38.779300358 17.9569178551 18.1650488397 170.702855757 224.721328165 276.200182933 16.626864566 83.6629414977 133.717938904 81.9349872289 31.9503374238 30.0948828933 30.3281665706 28.867409711 14.8746324395 8038.0543219 8047.30072798 8199.95626255 28.4865215409 14.8755042295 636.741736775 36.533013283 18.6611762905 19.6917301508 19.562807092 18.0922908791 33.3540940782 94.5386071213 153.343756061 1048.14512416 6.89679383507 21.0476991321 14.4760423054 13.1402017288
-9999.0 -9999.0 -9999.0 -9999.0 -9999.0 -9999.0 -9999.0 -9999.0 -9999.0 -9999.0 -9999.0 24.5017637624 150.463047384 23.9199304497 22.2878969878 111.738639972 132.514954789 153.610502569 173.74110408 2053.56163095 2070.8273048 2107.05356097 2373.8469759 2429.64961371 2462.93358835 2481.23145773 2801.461127 2847.97545882 2864.92106142 3016.38844677 3115.62051144 3131.52491437 3192.59079886 45.3651712723 42.967836895 12.7094830463 11.1535069389 8058.68912363 8250.36900584 41.2002237772 729.514771732 716.455351299 70.4751327723 17.2069937654 17.6050764147 17.1912591725 16.952747994 34.1470648236 49.3026264841 14.1746153111 1056.85204381 1066.08370061 1109.61492654 1117.3245672 1137.78704071
-9999.0 -9999.0 -9999.0 -9999.0 -9999.0 -9999.0 -9999.0 -9999.0 -9999.0 -9999.0 -9999.0 76.4662384513 101.270334913 48.1102549938 71.302418702 23.0102383705 262.208118172 284.080028926 327.171300076 346.479120221 144.932310751 2280.72286113 2298.85259153 19.1566782654 15.2319197251 14.8223239834 31.0516751549 16.2838044228 14.6848289814 14.4041765685 14.26636642 3147.54354579 3208.52809502 3268.00044433 3323.35482821 3365.79115741 19.7435432106 6.33413399857 9011.6212399 752.450159272 743.284794428 15.317496233 14.4075156911 13.7418049971 31.9517461592 31.467568516 15.1677400913 15.2183790904 13.6927262225 27.5656216861 36.2627613311 6.42403263921 11.9237326079 5.25305306353 4.88060366743
-9999.0 -9999.0 -9999.0 -9999.0 -9999.0 -9999.0 -9999.0 -9999.0 -9999.0 -9999.0 -9999.0 -9999.0 51.5982731658 24.439939927 23.41284492 218.615989691 240.908314967 22.2195946257 87.5458752932 108.130685831 127.548915976 20.4830413034 18.2653513549 365.098798559 380.500929401 395.646346979 1018.19737859 1031.59327102 1058.56565696 1165.21729317 1241.08400764 1253.73543502 13.2266823372 13.585288564 12.0812071004 3380.58893203 7.42968324685 9143.21853592 9132.73634297 111.95719341 99.9331676782 59.1834167305 15.1700556819 26.947793002 45.550086902 45.1877375417 29.7280531498 14.7415332927 28.2447063353 27.2627727993 48.1356716953 9.04921646652 20.890552912 34.097329964 44.3482517698
-9999.0 -9999.0 -9999.0 -9999.0 -9999.0 -9999.0 -9999.0 -9999.0 -9999.0 -9999.0 -9999.0 -9999.0 26.3170898172 75.8754132236 99.690888513 172.340072867 22.2226449004 45.0591678422 66.867438771 253.987084097 273.254468725 290.556986448 310.494463866 330.598486402 515.886370496 575.422400405 609.35214623 15.5593479337 80.3075017584 95.1836286267 1202.37362681 1267.1137728 1295.85923884 1324.58878107 1350.08211005 4738.70918205 5.06097124377 9178.39951595 22.8435561265 11.0493743074 85.3448517452 72.3042652394 12.122290782 39.3991960617 57.6438881942 56.9587267729 41.0679231973 67.4464746429 106.166790376 38.4704206979 96.9372448237 9.67846386216 16.4739003664 3.85994457086 3.00943383698
