data/baseflow/mHMbf_acc437.asc
ncols                  80
nrows                 72
xllcorner      4374000.0
yllcorner      5656000.0
cellsize            500
NODATA_value       -9999
[rows 0 to 23 of 72, columns 0 to 54 of 80]
-9999.0 -9999.0 -9999.0 -9999.0 -9999.0 -9999.0 -9999.0 -9999.0 -9999.0 -9999.0 -9999.0 -9999.0 13.6812038174 14.0804707097 -9999.0 -9999.0 -9999.0 -9999.0 -9999.0 -9999.0 -9999.0 -9999.0 -9999.0 -9999.0 -9999.0 -9999.0 -9999.0 -9999.0 -9999.0 -9999.0 -9999.0 -9999.0 -9999.0 -9999.0 -9999.0 -9999.0 -9999.0 -9999.0 -9999.0 -9999.0 -9999.0 -9999.0 -9999.0 -9999.0 -9999.0 -9999.0 -9999.0 -9999.0 -9999.0 -9999.0 -9999.0 -9999.0 -9999.0 -9999.0 -9999.0
-9999.0 -9999.0 -9999.0 -9999.0 -9999.0 -9999.0 -9999.0 -9999.0 -9999.0 -9999.0 -9999.0 -9999.0 25.2498818576 62.9166096158 11.5219355429 -9999.0 10.9977920519 -9999.0 -9999.0 -9999.0 -9999.0 -9999.0 -9999.0 -9999.0 -9999.0 -9999.0 -9999.0 -9999.0 -9999.0 -9999.0 -9999.0 -9999.0 -9999.0 -9999.0 -9999.0 -9999.0 -9999.0 -9999.0 -9999.0 -9999.0 -9999.0 -9999.0 -9999.0 -9999.0 -9999.0 -9999.0 -9999.0 -9999.0 -9999.0 -9999.0 -9999.0 -9999.0 -9999.0 -9999.0 -9999.0
-9999.0 -9999.0 -9999.0 -9999.0 -9999.0 -9999.0 -9999.0 -9999.0 -9999.0 -9999.0 10.9221650926 10.2904207497 11.0157269286 10.9228293838 83.3320283985 94.526405664 31.1448374817 10.2204908351 -9999.0 -9999.0 -9999.0 -9999.0 -9999.0 -9999.0 -9999.0 -9999.0 -9999.0 -9999.0 -9999.0 -9999.0 -9999.0 -9999.0 -9999.0 -9999.0 -9999.0 -9999.0 -9999.0 -9999.0 -9999.0 -9999.0 -9999.0 -9999.0 -9999.0 -9999.0 -9999.0 -9999.0 -9999.0 -9999.0 -9999.0 -9999.0 -9999.0 -9999.0 -9999.0 -9999.0 -9999.0
-9999.0 -9999.0 -9999.0 -9999.0 -9999.0 -9999.0 -9999.0 -9999.0 -9999.0 10.271925243 21.5118013543 42.5201613362 21.3011748273 10.3542038025 20.4984276342 104.653627639 156.891717543 10.2712801997 -9999.0 10.8132141017 -9999.0 -9999.0 -9999.0 -9999.0 21.4956297747 11.2220414872 -9999.0 -9999.0 -9999.0 -9999.0 -9999.0 -9999.0 -9999.0 -9999.0 -9999.0 -9999.0 -9999.0 -9999.0 -9999.0 -9999.0 -9999.0 -9999.0 -9999.0 -9999.0 -9999.0 -9999.0 -9999.0 -9999.0 -9999.0 -9999.0 -9999.0 -9999.0 -9999.0 -9999.0 -9999.0
-9999.0 -9999.0 -9999.0 -9999.0 -9999.0 -9999.0 -9999.0 -9999.0 11.5219453995 32.611562126 42.6407278492 53.0812995563 74.0255130401 9.88803153699 39.6589788037 49.2367010654 226.283775637 9.4192825167 9.30383253313 20.4105757247 29.8247409327 9.78492020163 -9999.0 52.9496310223 43.5428379226 11.2656285429 -9999.0 -9999.0 -9999.0 -9999.0 -9999.0 -9999.0 -9999.0 -9999.0 -9999.0 -9999.0 -9999.0 -9999.0 -9999.0 -9999.0 -9999.0 -9999.0 -9999.0 -9999.0 -9999.0 -9999.0 -9999.0 -9999.0 -9999.0 -9999.0 -9999.0 -9999.0 -9999.0 -9999.0 -9999.0
-9999.0 -9999.0 -9999.0 -9999.0 -9999.0 -9999.0 11.8549508145 11.0017913611 10.1679448682 10.3522941746 10.6119739173 74.8424877726 159.470569608 169.889986033 177.794876918 7.07325225472 243.87394599 253.710789666 18.5935352522 9.55221364975 39.0872635401 67.9112451169 11.3406698949 85.1530071647 9.92117105892 10.3124637067 10.2779059855 -9999.0 -9999.0 -9999.0 -9999.0 -9999.0 -9999.0 -9999.0 -9999.0 -9999.0 -9999.0 -9999.0 -9999.0 -9999.0 -9999.0 -9999.0 -9999.0 -9999.0 -9999.0 -9999.0 -9999.0 -9999.0 -9999.0 -9999.0 -9999.0 -9999.0 -9999.0 -9999.0 -9999.0
-9999.0 -9999.0 -9999.0 -9999.0 -9999.0 -9999.0 23.8208560596 35.2067242814 79.5386135093 109.920171333 9.69895315064 10.3129048492 9.92474256252 28.2923310443 214.816951482 7.78450291576 262.497891757 296.706280395 26.8956423831 18.1730994649 76.6792223553 9.41654512562 94.4503099929 19.9553977662 9.81669384616 19.1918125393 20.2692843146 10.2390722488 10.6647195137 10.4075663233 11.0197142317 22.0300724298 -9999.0 -9999.0 -9999.0 -9999.0 -9999.0 -9999.0 -9999.0 -9999.0 -9999.0 -9999.0 -9999.0 -9999.0 -9999.0 -9999.0 -9999.0 -9999.0 -9999.0 -9999.0 -9999.0 -9999.0 -9999.0 -9999.0 -9999.0
-9999.0 -9999.0 -9999.0 -9999.0 -9999.0 12.9249781825 25.0663611302 12.0077863569 23.3448414642 121.223970042 141.761408466 162.549078587 532.972038704 9.1399822942 224.297256328 831.668312721 838.322406575 1146.42763709 7.17369925093 26.6078831768 85.4824574204 8.7196201443 202.553641227 99.0256611821 60.6288885819 50.1833450866 10.2557681159 30.30779919 31.1968111878 20.7626821728 10.0898987663 32.3908161269 9.94477630612 9.77476113707 -9999.0 -9999.0 -9999.0 -9999.0 -9999.0 -9999.0 -9999.0 -9999.0 -9999.0 -9999.0 -9999.0 -9999.0 -9999.0 -9999.0 -9999.0 -9999.0 -9999.0 -9999.0 -9999.0 -9999.0 -9999.0
-9999.0 -9999.0 -9999.0 -9999.0 -9999.0 13.2159837473 38.5062501169 76.0862039458 87.8575080423 174.659423771 185.825975242 220.525300594 360.97940093 561.149428941 581.44352061 590.754952207 16.7168421583 1175.93480918 1190.82072769 1234.77603722 1558.53083173 229.4441995 211.93758674 69.8698985088 9.194615374 58.2514318527 39.4533411574 8.36441562957 40.4265010801 8.84869148532 18.2946604835 50.8968486226 60.4764638636 19.190994958 9.3577827961 9.23353742718 -9999.0 -9999.0 -9999.0 -9999.0 10.1052060757 9.00265329943 -9999.0 -9999.0 -9999.0 -9999.0 -9999.0 -9999.0 -9999.0 -9999.0 -9999.0 -9999.0 -9999.0 -9999.0 -9999.0
-9999.0 -9999.0 -9999.0 -9999.0 -9999.0 12.8395533645 12.2699724504 51.0797525105 63.0320433384 75.3107931938 11.74933464 23.2977158641 132.442226667 22.6397893157 11.1117866023 9.98036370788 8.91498147663 9.5039123254 9.09200046982 9.95619910112 1567.90180796 1594.21020848 8.66266510452 26.7538976877 18.2254513986 67.6804525837 17.78511674 8.42183954332 49.6117194764 17.1700374813 41.7216299669 106.647862478 98.2033536137 28.2407361599 27.0255121292 9.52724910704 9.45391950459 -9999.0 -9999.0 9.55058155176 20.8250882362 48.6073695923 9.44728725037 -9999.0 -9999.0 -9999.0 -9999.0 -9999.0 -9999.0 -9999.0 -9999.0 -9999.0 -9999.0 -9999.0 -9999.0
-9999.0 -9999.0 -9999.0 -9999.0 -9999.0 -9999.0 13.4403043953 13.2975163744 25.5111936516 37.9732968731 86.076484783 110.150008763 121.605655314 11.4044175571 9.99767888404 131.77243827 161.664308487 171.026681502 210.896142144 220.034460453 8.99765565269 1603.36163031 1645.99775674 33.7172159483 4.23585642432 75.0339737666 167.360338852 66.2522138857 16.4222959199 8.39644276904 165.144179784 115.29933555 8.19821437347 8.67758231612 36.2070448929 27.796309518 8.95173981671 8.18534896517 9.20633252579 18.5774093138 8.89880931884 58.7891200059 67.5825563667 7.99470850966 -9999.0 -9999.0 -9999.0 -9999.0 9.06472973919 8.60776890623 2.72835353929 -9999.0 -9999.0 -9999.0 -9999.0
-9999.0 -9999.0 -9999.0 -9999.0 -9999.0 -9999.0 -9999.0 12.9151646407 11.2678482914 24.0105611031 36.4661568603 12.1045296939 10.1969216416 68.3497490402 89.8530061912 111.948433895 10.4182104633 20.6790520014 10.206886341 229.525783367 516.161603642 525.811070108 2190.28403892 8.5215238508 13.1460225169 4.10101017871 176.402005751 8.08283767788 25.0207596582 8.24918908025 173.198840136 181.192640649 16.5562252278 16.9121425354 90.8664391131 45.7012481563 18.3036991103 9.11127313877 18.3472630004 27.6119716273 44.789683252 8.24244686467 83.0250749526 89.5187468441 5.73776570633 5.97539261379 6.60427805916 5.92966282077 5.64533722402 24.7930169793 9.38495607714 6.01391473776 -9999.0 -9999.0 -9999.0
-9999.0 -9999.0 -9999.0 -9999.0 -9999.0 -9999.0 -9999.0 -9999.0 23.8884325255 34.5717221677 12.1570756422 24.6811674354 36.3010088575 58.5189994097 12.1866098176 11.5378648175 10.0485242678 10.1244933248 9.21789125244 267.498431065 10.3886191627 20.2918771015 2220.32526168 2237.61703389 6.47169659759 26.2495345824 209.971880163 15.9562757425 32.385195604 14.7475950797 22.8514438834 212.676343702 24.111376265 130.848842232 106.426347368 7.85445821613 44.2592474597 17.6171899273 26.687303337 8.66823458081 53.8154008596 69.4372613729 74.9055990636 80.0571211471 110.759091275 10.6343563741 11.6775300529 10.586689662 9.95955083257 30.5004532538 6.40200411321 21.5941284805 26.7489357413 -9999.0 -9999.0
-9999.0 -9999.0 -9999.0 -9999.0 -9999.0 -9999.0 -9999.0 -9999.0 12.9758963277 60.3125974796 72.2123352149 11.9029984793 23.3177901097 11.3968074952 10.664645979 10.526233601 130.213324979 172.20091409 213.720997387 257.044341331 11.0063789691 10.1029938679 9.1960733912 2281.00937327 2300.10918433 2306.81086854 281.311849556 64.1268942861 56.2082100429 7.05976689858 28.8010768931 248.541077941 6.13156804231 138.003900862 7.99500701857 56.7120569233 52.7670129295 8.38015398164 35.011981208 16.9322805323 25.0536979833 7.53167169624 5.01145556951 85.1356408004 89.7563509491 115.365584358 16.7089035723 15.3517085068 14.6665387314 37.2416440275 50.1982406459 6.46858361522 32.7652546426 7.23612734163 13.295409768
-9999.0 -9999.0 -9999.0 -9999.0 -9999.0 -9999.0 -9999.0 -9999.0 -9999.0 13.2834819257 84.6799384043 96.4724418661 34.8447845027 57.4974464801 78.6760409366 89.2046973555 10.7118301445 31.937611723 21.3399897747 10.9481677711 10.8455142415 9.94936293876 19.549396942 32.4690331347 10.2487637493 2606.30888555 2612.67716845 5.92216102966 5.64413629756 14.750291291 22.2409088116 269.660605368 13.5877961887 144.340403066 86.0222501965 71.3412139997 7.88235960963 16.0725283888 42.534015673 7.51685646752 32.39788493 15.249262932 8.45704210491 3.22525947472 100.9169257 219.980995598 20.0525571324 18.8135913064 19.6726327114 5.28245712294 55.4562937839 5.11694260715 44.0953860631 5.89534601967 19.2173100722
-9999.0 -9999.0 -9999.0 -9999.0 -9999.0 -9999.0 -9999.0 -9999.0 -9999.0 -9999.0 11.797100675 120.231978359 11.4688751616 22.800144133 32.9831959033 52.9586079714 10.1262346208 21.0498329213 10.4493279464 9.69710255623 9.32182802386 18.565413642 7.93620800184 8.04788295025 15.2234207492 9.11897874627 2620.47500585 2632.63515561 2651.47250436 28.1308260558 7.02478588198 14.0205791228 276.931501615 264.933745357 101.180261888 7.43619320645 31.5466846342 23.7626742596 50.0739364988 15.0144162459 62.4194757799 22.5177427972 13.9563439868 1.64329541968 3.61441396738 224.960600254 229.65643858 272.66418645 36.705993724 11.4165335147 61.1345135486 71.8207577705 120.302227137 11.2467930223 5.46813463318
-9999.0 -9999.0 -9999.0 -9999.0 -9999.0 -9999.0 -9999.0 -9999.0 -9999.0 -9999.0 -9999.0 5.96900787609 132.521990424 10.1822520713 20.3005505245 93.6759707479 10.5363701605 10.4344151367 9.80680726612 19.8256546835 10.3066799092 39.2769841047 56.9523354735 64.9379779431 22.5472703161 28.1652532916 6.1757184738 8.07540800889 7.91609796891 2694.79249127 2714.14384234 282.821698602 276.397919959 270.963075014 12.375443957 5.8115030755 38.4768251638 102.549813144 57.1503898409 22.0127974725 91.2016124002 27.0595004888 20.6918844674 3.33881425358 1.4325029602 1.58976128935 1.86407265822 283.158517904 334.757022373 5.73830665345 4.42388820701 6.12248492054 126.181168782 142.505832666 9.67915121906
-9999.0 -9999.0 -9999.0 -9999.0 -9999.0 -9999.0 -9999.0 -9999.0 -9999.0 -9999.0 -9999.0 5.69278841722 146.212048859 180.706796267 10.3722251603 114.925303393 9.84080563374 9.31374246782 19.403303772 49.0020975128 9.56347705135 9.98906645767 8.72783531746 81.9908931366 89.480973247 127.038157973 140.085588851 146.400438943 152.003788753 159.622450896 2880.5065377 3173.07944977 3459.00397536 3463.23200741 5.5135749648 6.24326479758 116.471396666 109.548632177 6.9716750244 6.7556950635 97.5248294734 131.336498258 5.48375966626 51.0594872266 47.2192756925 7.88106515781 3.93501386297 6.73743460952 4.88201220408 343.083411184 4.14244576641 14.1276812454 17.1419172317 168.62752999 179.947564308
-9999.0 -9999.0 -9999.0 -9999.0 -9999.0 -9999.0 -9999.0 -9999.0 -9999.0 -9999.0 -9999.0 12.4668135313 23.9192573343 191.928211252 212.665668526 10.7572183375 135.503964152 8.11456824517 25.7030938542 57.8461655218 18.5050370439 8.90348493972 19.222166616 7.76841598819 14.848282209 7.32092893644 6.4269674719 4.6758781033 3.7389559291 3.04493470809 2.56297842958 3.8342360999 5.77090352585 6.46325708042 3480.18517515 132.658796985 123.505451503 3.37346098675 19.5001980839 5.46447583479 4.56472140962 137.432577342 207.169588945 57.850117709 43.9791181941 4.48683533388 1.8313015207 1.63997678801 5.34372508777 352.855250595 360.614876359 4.01903955878 4.05447667589 2.94952646819 1.76439957194
-9999.0 -9999.0 -9999.0 -9999.0 -9999.0 -9999.0 -9999.0 -9999.0 -9999.0 -9999.0 -9999.0 -9999.0 10.7903109623 146.509465969 369.73776682 400.754032037 546.910128009 557.73459339 129.691152664 94.4668103156 27.5432511315 8.79138897569 36.6091523439 45.5753798626 67.8858674858 14.9478361441 13.5272385935 11.8947868417 22.5883806574 9.88650459875 8.96691849642 4.77532871547 1.8914755306 2.31933326004 3485.52505707 3623.28536724 3627.4521409 3.24345955749 49.6266046441 23.2075377763 6.75950804808 227.758323802 14.5514261678 7.50556848686 30.5501540587 5.70150499734 4.41043579277 8.12283859281 11.6035899776 15.6386957324 367.433442009 3.03417509015 2.65659260667 2.5819922191 1.72143100275
-9999.0 -9999.0 -9999.0 -9999.0 -9999.0 -9999.0 -9999.0 -9999.0 -9999.0 -9999.0 -9999.0 11.8437224107 111.750405763 135.427512288 21.5290927242 6.42334695878 14.3719294742 581.882579735 591.674079832 731.397688267 7.97811464767 16.6984680684 7.33519545538 7.42665419126 75.0469260942 97.1381862065 117.115669019 6.46828413049 28.983734771 45.161763076 25.6756631825 10.8042670366 6.4587032798 4.72517944666 4.43213810859 2.29898302202 3630.71975881 3633.27281263 3687.61098253 10.3257809185 5.81268161728 233.532269236 15.7687356653 8.03706615039 8.61325243905 8.53878135731 7.75618155414 12.313330063 35.7607421853 55.5402957154 426.164669801 2.25130410643 6.84429743818 4.58484092995 3.54511439268
-9999.0 -9999.0 -9999.0 -9999.0 -9999.0 -9999.0 -9999.0 -9999.0 -9999.0 -9999.0 -9999.0 12.090441238 77.5626357043 12.1110979502 10.6393510072 55.6888642652 65.1530683365 74.5773135355 83.3655303531 989.492075533 996.724003645 1011.73297318 1125.57645948 1145.99817701 1156.46868748 1163.82013884 1291.93812017 1306.39019671 1312.80893639 1364.73701712 1397.31723411 1403.43032577 1419.72804595 10.3817947819 7.57854645639 1.22139890916 1.31510674273 3636.16813025 3703.89889669 13.8984141243 273.910725545 268.375210958 28.7566984341 6.95167663293 7.08533159321 6.73967675439 6.87753141611 13.7937358968 19.311843601 5.15681642112 429.240397624 432.365307375 446.517514983 449.052788139 454.952323217
-9999.0 -9999.0 -9999.0 -9999.0 -9999.0 -9999.0 -9999.0 -9999.0 -9999.0 -9999.0 -9999.0 40.0823617482 52.9412448758 24.5649128471 35.9803841035 11.2427692828 129.914042439 139.673548672 159.128162742 165.961457628 63.7036700194 1087.37727155 1094.32083297 5.29830121039 3.10024056031 2.28977681077 5.75788594199 2.60317590668 1.75603129156 1.67981916349 2.31522759733 1407.60214475 1424.49219918 1441.03895713 1453.87454195 1459.12232601 2.01741832634 0.702108956806 3988.31889701 282.150590698 279.669766121 6.51032027132 6.37862501882 4.96727020052 11.8059715235 11.6157458957 5.37244620392 5.77441346622 5.33477468363 10.434066684 13.8395102415 2.20542492691 4.00478968295 1.66558294065 0.726002774968
-9999.0 -9999.0 -9999.0 -9999.0 -9999.0 -9999.0 -9999.0 -9999.0 -9999.0 -9999.0 -9999.0 -9999.0 27.0653283701 12.65209095 11.5804637053 110.170766866 120.370655149 10.2801825677 40.1393148226 49.1421084338 56.5221272389 8.22176219226 5.51702024427 157.240524522 161.451064755 165.251049255 427.417477332 429.756330147 433.007663552 454.373368812 463.964718783 465.410700951 1.54212859348 1.62426945759 2.17720875731 1462.64227982 1.35111580063 4032.54903951 4030.26632325 39.9994127836 36.9297200952 24.3787841961 5.9697541895 10.6565302877 17.2103006279 17.0342982132 10.2156616917 5.552841308 10.7530650416 10.7474446661 18.5315766054 3.31863714998 6.67417823552 10.9998373108 12.3965916018
