data/baseflow/mHMbf_acc240.asc
ncols                  80
nrows                 72
xllcorner      4374000.0
yllcorner      5656000.0
cellsize            500
NODATA_value       -9999
[rows 0 to 24 of 72, columns 0 to 54 of 80]
-9999.0 -9999.0 -9999.0 -9999.0 -9999.0 -9999.0 -9999.0 -9999.0 -9999.0 -9999.0 -9999.0 -9999.0 32.7723404632 21.0486069857 -9999.0 -9999.0 -9999.0 -9999.0 -9999.0 -9999.0 -9999.0 -9999.0 -9999.0 -9999.0 -9999.0 -9999.0 -9999.0 -9999.0 -9999.0 -9999.0 -9999.0 -9999.0 -9999.0 -9999.0 -9999.0 -9999.0 -9999.0 -9999.0 -9999.0 -9999.0 -9999.0 -9999.0 -9999.0 -9999.0 -9999.0 -9999.0 -9999.0 -9999.0 -9999.0 -9999.0 -9999.0 -9999.0 -9999.0 -9999.0 -9999.0
-9999.0 -9999.0 -9999.0 -9999.0 -9999.0 -9999.0 -9999.0 -9999.0 -9999.0 -9999.0 -9999.0 -9999.0 68.9655761442 133.931533697 17.8128291713 -9999.0 13.0730845081 -9999.0 -9999.0 -9999.0 -9999.0 -9999.0 -9999.0 -9999.0 -9999.0 -9999.0 -9999.0 -9999.0 -9999.0 -9999.0 -9999.0 -9999.0 -9999.0 -9999.0 -9999.0 -9999.0 -9999.0 -9999.0 -9999.0 -9999.0 -9999.0 -9999.0 -9999.0 -9999.0 -9999.0 -9999.0 -9999.0 -9999.0 -9999.0 -9999.0 -9999.0 -9999.0 -9999.0 -9999.0 -9999.0
-9999.0 -9999.0 -9999.0 -9999.0 -9999.0 -9999.0 -9999.0 -9999.0 -9999.0 -9999.0 35.9472389825 34.5687612832 35.789184189 34.1796049438 199.742615593 221.14644965 36.3605015077 11.4843312859 -9999.0 -9999.0 -9999.0 -9999.0 -9999.0 -9999.0 -9999.0 -9999.0 -9999.0 -9999.0 -9999.0 -9999.0 -9999.0 -9999.0 -9999.0 -9999.0 -9999.0 -9999.0 -9999.0 -9999.0 -9999.0 -9999.0 -9999.0 -9999.0 -9999.0 -9999.0 -9999.0 -9999.0 -9999.0 -9999.0 -9999.0 -9999.0 -9999.0 -9999.0 -9999.0 -9999.0 -9999.0
-9999.0 -9999.0 -9999.0 -9999.0 -9999.0 -9999.0 -9999.0 -9999.0 -9999.0 34.877371882 70.3435701418 139.219081985 68.9866437128 33.5603630794 66.0480972089 253.722236143 320.875854517 14.1437325179 -9999.0 35.4482832105 -9999.0 -9999.0 -9999.0 -9999.0 25.8496488767 13.0252266215 -9999.0 -9999.0 -9999.0 -9999.0 -9999.0 -9999.0 -9999.0 -9999.0 -9999.0 -9999.0 -9999.0 -9999.0 -9999.0 -9999.0 -9999.0 -9999.0 -9999.0 -9999.0 -9999.0 -9999.0 -9999.0 -9999.0 -9999.0 -9999.0 -9999.0 -9999.0 -9999.0 -9999.0 -9999.0
-9999.0 -9999.0 -9999.0 -9999.0 -9999.0 -9999.0 -9999.0 -9999.0 37.862235102 108.831422771 142.548882732 176.350957249 240.926756721 32.2646722713 129.903436364 162.069936657 529.602044254 27.3824127146 32.7545651348 67.9969356355 99.5226751045 32.5219986353 -9999.0 71.5796950629 58.7062322398 17.3389999027 -9999.0 -9999.0 -9999.0 -9999.0 -9999.0 -9999.0 -9999.0 -9999.0 -9999.0 -9999.0 -9999.0 -9999.0 -9999.0 -9999.0 -9999.0 -9999.0 -9999.0 -9999.0 -9999.0 -9999.0 -9999.0 -9999.0 -9999.0 -9999.0 -9999.0 -9999.0 -9999.0 -9999.0 -9999.0
-9999.0 -9999.0 -9999.0 -9999.0 -9999.0 -9999.0 38.6884478184 35.9879878193 34.8361531304 35.0902510358 35.0560527767 246.287945437 520.779372255 554.224597995 585.956141242 31.8885654688 591.098593275 622.308444506 64.5769610165 31.6319127764 130.435408532 226.182878947 30.8130920476 162.198648038 34.4182662465 32.1666137665 35.7249092691 -9999.0 -9999.0 -9999.0 -9999.0 -9999.0 -9999.0 -9999.0 -9999.0 -9999.0 -9999.0 -9999.0 -9999.0 -9999.0 -9999.0 -9999.0 -9999.0 -9999.0 -9999.0 -9999.0 -9999.0 -9999.0 -9999.0 -9999.0 -9999.0 -9999.0 -9999.0 -9999.0 -9999.0
-9999.0 -9999.0 -9999.0 -9999.0 -9999.0 -9999.0 76.4129248464 112.523166063 254.517859201 357.607254471 32.6825897356 33.381726637 32.2090208168 95.2251642983 711.626947326 30.0256208651 653.027182705 772.89927315 94.2677765612 61.7049773109 256.239841213 31.7044408631 193.75343331 65.4632085022 33.2695554184 64.7284626466 69.990811856 33.764882158 34.5096125836 34.288538604 34.6469158744 69.8118623 -9999.0 -9999.0 -9999.0 -9999.0 -9999.0 -9999.0 -9999.0 -9999.0 -9999.0 -9999.0 -9999.0 -9999.0 -9999.0 -9999.0 -9999.0 -9999.0 -9999.0 -9999.0 -9999.0 -9999.0 -9999.0 -9999.0 -9999.0
-9999.0 -9999.0 -9999.0 -9999.0 -9999.0 39.338322855 77.1185962717 37.1332683039 72.4210044851 393.274965105 460.586591044 527.271190622 1654.02256223 31.3932860857 743.159472727 2636.44638715 2659.58288901 3471.53610798 24.7736877657 92.0084780542 286.599945786 30.2731758829 553.636179203 329.083424869 201.245779318 168.354500814 34.1585555197 101.312045343 101.211128204 67.7767705251 33.1317641857 103.9054378 33.3363215308 33.3420683692 -9999.0 -9999.0 -9999.0 -9999.0 -9999.0 -9999.0 -9999.0 -9999.0 -9999.0 -9999.0 -9999.0 -9999.0 -9999.0 -9999.0 -9999.0 -9999.0 -9999.0 -9999.0 -9999.0 -9999.0 -9999.0
-9999.0 -9999.0 -9999.0 -9999.0 -9999.0 39.6131430731 115.814496785 230.482963724 266.114261607 526.521656321 560.832321897 666.856494036 1095.42555798 1742.54221733 1805.29378594 1834.25255843 57.4077927187 3573.28966782 3625.58363539 3777.27595977 4739.93413883 645.563421664 584.956329766 232.634758173 31.0584679171 197.924837387 133.760685802 31.763188337 131.909486019 29.755435727 61.8323763761 167.765696709 199.647668013 65.3371299837 31.7881664744 32.3118679226 -9999.0 -9999.0 -9999.0 -9999.0 14.8643567222 12.2488693729 -9999.0 -9999.0 -9999.0 -9999.0 -9999.0 -9999.0 -9999.0 -9999.0 -9999.0 -9999.0 -9999.0 -9999.0 -9999.0
-9999.0 -9999.0 -9999.0 -9999.0 -9999.0 38.9287375202 37.5994221937 152.810615566 188.588601934 225.334088181 35.8480090688 71.3201735065 403.92001551 70.7887262444 34.3782254428 33.0308152416 30.6406875137 33.2120769546 32.4983421625 32.5768092083 4770.85493219 4861.95345288 30.1159631169 91.9203035015 61.9356541633 228.931618145 63.5838892793 31.3645523561 163.200339327 58.7842480986 141.436244032 354.586720922 327.941667961 96.9689084258 96.0882567569 32.07708852 32.2401706942 -9999.0 -9999.0 32.6221120001 35.9077480566 73.8116713251 12.9261651902 -9999.0 -9999.0 -9999.0 -9999.0 -9999.0 -9999.0 -9999.0 -9999.0 -9999.0 -9999.0 -9999.0 -9999.0
-9999.0 -9999.0 -9999.0 -9999.0 -9999.0 -9999.0 39.5460532398 38.9337995293 77.1050166663 114.776654075 261.597648647 334.533848009 370.603092624 37.1058276883 32.2149465255 416.884834239 514.365377214 546.311436862 675.579172637 707.028300672 31.1566493706 4892.60240772 5045.71888503 123.120904874 30.4064174422 259.224606968 577.533937223 225.074315243 59.4927495629 29.6859990304 553.493102117 384.269518979 29.5932997395 29.872172058 126.281400129 94.5005574563 30.9833839564 31.9235367038 31.2758864527 63.416436491 30.8962062886 89.6561187949 120.42621097 30.6700692622 -9999.0 -9999.0 -9999.0 -9999.0 33.7423729313 32.802256086 9.22360432435 -9999.0 -9999.0 -9999.0 -9999.0
-9999.0 -9999.0 -9999.0 -9999.0 -9999.0 -9999.0 -9999.0 39.6777534702 36.6384362098 74.1721691609 111.17701268 36.9415399581 34.9715480502 213.81673676 283.157350409 352.713777687 32.7602147379 65.761740838 32.2569152612 738.020637832 1600.58998993 1615.52951581 6713.44629725 30.8077221826 90.6635401429 29.5902911229 607.538963058 29.282122725 89.6287035163 29.4381071178 582.640136652 611.446823238 59.0454593506 58.8744209094 312.800958193 156.191022297 63.2152789594 31.4717361555 62.8121265983 94.455310684 155.258560853 30.6158879431 182.630791833 214.417848814 30.0292332976 31.4287110463 32.5646229859 30.6580911636 29.7154091562 96.8050651946 37.3586568948 24.7500836542 -9999.0 -9999.0 -9999.0
-9999.0 -9999.0 -9999.0 -9999.0 -9999.0 -9999.0 -9999.0 -9999.0 75.2139155265 111.58912274 36.8058222969 73.9791512004 109.128408612 180.532403957 36.5270572693 35.5753415668 32.313534122 32.9611556948 31.5297823002 800.123148295 32.151235002 63.7470255751 6794.10650659 6861.00464629 41.2231280423 171.605547923 808.400452754 57.8951878831 117.09380841 56.39439014 83.547318342 725.304378363 86.6193817879 456.233822388 369.815074976 28.6570774192 153.546276673 61.1529065827 92.5532352033 30.1289819919 185.857689764 246.592650663 275.055978638 302.474293101 327.569036241 56.8865081368 59.7196798177 56.3131557441 54.0542027073 123.642552273 26.796187772 89.2639354808 114.412790108 -9999.0 -9999.0
-9999.0 -9999.0 -9999.0 -9999.0 -9999.0 -9999.0 -9999.0 -9999.0 38.3828013907 187.338033748 223.59907087 36.4474869078 71.856269957 35.4664567307 34.4174760413 33.7086864192 413.238618487 552.174542763 673.252250295 784.419028538 27.767815553 31.8793145782 38.0065857238 7001.56862835 7068.09323608 7103.87449939 1083.12946973 234.561193121 204.014737681 27.6792001166 110.507972914 863.022288239 27.2783301372 483.74005558 28.5399962408 197.131688156 183.490541462 29.4502593465 121.918265239 59.4829208532 88.5932487377 29.7698403692 27.4204232867 329.629868368 354.956652247 352.838226368 86.7244614949 82.3562004829 80.0217467891 150.922164633 204.52021296 26.6337413831 139.824173265 26.345046273 51.5100622705
-9999.0 -9999.0 -9999.0 -9999.0 -9999.0 -9999.0 -9999.0 -9999.0 -9999.0 38.0464127932 260.297726885 296.534749703 107.618908412 178.529981263 247.107678835 281.301685819 34.2872093585 106.551359616 69.9853789492 34.1195028489 34.2970679857 32.3672130778 65.2940720274 117.912297833 43.6967016712 8264.73906623 8305.09147432 37.1162807865 26.5270371121 54.7012753421 81.2715857593 942.549677946 53.2668261709 509.179547632 304.689425318 250.223412634 28.6450864005 57.8077571518 149.944756982 27.8014145676 115.998725253 56.9476313526 52.388518347 27.663842488 433.123501231 806.961965663 106.134384484 102.419361467 103.64379278 23.5087060213 228.088628415 23.2852490495 189.68578737 24.4676347589 76.4228176689
-9999.0 -9999.0 -9999.0 -9999.0 -9999.0 -9999.0 -9999.0 -9999.0 -9999.0 -9999.0 35.4543212296 368.073245325 35.7735698724 71.2768172126 104.94606622 173.814629952 35.5838826402 72.7392266301 36.1295493809 35.4795449011 33.4715058235 66.7274009209 31.3109081865 36.3026565016 79.5745234453 45.3384794456 8340.64036564 8412.91135497 8514.26911691 109.69950675 26.8106903518 53.3419876518 969.437770109 946.221347651 360.082242918 27.5791753796 114.327073776 86.0722924393 178.054891479 55.8329860418 227.70728769 84.0999848045 78.4810642851 28.3041071451 28.1880956602 834.040006513 857.178427209 1086.77499757 176.324247632 48.2247570161 253.107943669 300.575466394 513.249687324 48.1879657717 23.4978634205
-9999.0 -9999.0 -9999.0 -9999.0 -9999.0 -9999.0 -9999.0 -9999.0 -9999.0 -9999.0 -9999.0 19.6322049254 412.3617586 34.5604509612 67.7153168839 310.61231397 36.2332590912 36.3627305631 33.2845692196 69.0551081904 32.3785711748 131.530927021 194.227847878 224.568223345 109.150048863 142.5742114 38.1383367889 43.5166621403 37.2846965208 8682.97738483 8764.20333835 993.867190591 995.298425438 970.92308742 51.3029059633 25.2578912158 140.5636465 371.46326842 204.75323187 82.5375831492 336.165789989 185.472616631 160.180498277 55.4067943611 24.3738096936 22.2618077398 22.6920624254 1190.19797591 1439.72377721 23.2686887032 22.3478601523 23.1118791476 536.159980469 606.782625946 44.9923029566
-9999.0 -9999.0 -9999.0 -9999.0 -9999.0 -9999.0 -9999.0 -9999.0 -9999.0 -9999.0 -9999.0 18.4312314087 457.122191988 561.696344906 33.0621036724 377.39342078 34.1969996106 33.4075395231 65.0678275755 166.104500668 31.9152977009 32.700092486 30.5401771359 286.464881381 315.916514556 488.997521375 557.409815837 592.50024015 627.818485205 667.396405169 9464.98620097 10527.048514 11584.0211863 11605.5829634 26.3412955202 25.2561428693 423.912966909 397.971211292 26.1689219126 25.9473579072 361.097359337 572.47264851 24.5294680861 325.863934379 300.370583999 106.065285394 50.7007938519 80.345895255 26.6144959421 1485.13849511 23.0152905347 68.847260937 88.3334006854 769.566671427 838.708014551
-9999.0 -9999.0 -9999.0 -9999.0 -9999.0 -9999.0 -9999.0 -9999.0 -9999.0 -9999.0 -9999.0 37.1634432494 71.1255419237 595.29281599 659.664771775 32.6432824847 432.694378813 30.8213706968 93.7520359654 196.309798323 62.290916139 30.3517367834 62.190857346 29.0859183994 55.835880744 27.212560449 26.63469463 26.4844311742 26.0780269904 27.2334008246 30.9285250145 38.2413969242 41.6627692436 39.4650776037 11697.4727592 521.251332778 473.958324859 23.9232246735 76.4170152442 20.9388439028 17.2504362866 596.954286935 998.325288582 351.993262087 248.956870259 57.4098665994 27.7536302431 26.1540668123 49.4593662954 1557.14060928 1600.12370979 22.2455268082 23.0762237041 26.583173922 25.2543213051
-9999.0 -9999.0 -9999.0 -9999.0 -9999.0 -9999.0 -9999.0 -9999.0 -9999.0 -9999.0 -9999.0 -9999.0 34.1858075397 435.661113321 1128.02757903 1225.62263562 1687.42481296 1708.27511161 433.504135371 320.02213646 93.21001831 30.196560078 121.859612106 151.08520192 234.304547183 55.160335599 53.420485117 53.539821939 105.923625544 53.2707702502 56.70775236 26.1447791035 26.7390513379 30.5411482952 11728.0898188 12266.5173711 12290.7159702 23.6089339639 214.500572033 88.8097249384 25.7740230577 1076.2981089 53.8921324188 27.4797274708 115.395497875 28.2518649357 27.3225173864 51.9251998335 72.480619353 94.0253804956 1637.79287661 18.1672544345 16.7067817982 16.8557319184 15.7628655909
-9999.0 -9999.0 -9999.0 -9999.0 -9999.0 -9999.0 -9999.0 -9999.0 -9999.0 -9999.0 -9999.0 36.0681359321 332.200174451 402.287507916 65.8934092783 20.26567763 47.7651356207 1787.1512514 1810.81442109 2263.81338994 28.3962511585 58.4123475026 26.9709310057 27.4250710714 260.944994615 342.712092482 421.313992098 25.0748394308 130.891270042 208.658261106 130.763833422 50.2212811024 50.4587692948 54.6800604287 54.1886794785 29.7185716009 12310.6036971 12326.7657336 12578.8021001 45.9191316542 23.723514634 1089.54972602 56.2709551013 28.5899393197 29.7041206895 29.4026993314 28.2279198426 57.4226357303 160.330570432 277.416127407 1933.52302411 14.3780452702 43.9250921125 30.0476442475 28.1008173992
-9999.0 -9999.0 -9999.0 -9999.0 -9999.0 -9999.0 -9999.0 -9999.0 -9999.0 -9999.0 -9999.0 36.8370550671 226.387010938 35.5686279674 32.7077508654 164.735400223 194.901829778 225.920248874 256.11215859 3066.25549438 3091.21631951 3144.92134205 3544.89261705 3631.95543266 3688.19616535 3715.44282637 4214.91247165 4288.45974767 4313.3029935 4548.66198261 4705.18085424 4729.33666289 4828.90071946 77.926064432 78.2501860954 27.8134442014 22.9225663769 12347.2779868 12665.3120458 69.2893957003 1230.89844051 1210.49423095 109.486988258 26.9628044451 27.9410122952 27.5089600541 26.9581236242 54.2202217313 80.048017436 26.0193123567 1951.08257204 1969.36855912 2059.5698498 2075.29679747 2118.39520171
-9999.0 -9999.0 -9999.0 -9999.0 -9999.0 -9999.0 -9999.0 -9999.0 -9999.0 -9999.0 -9999.0 115.283879359 152.515914855 71.6979418038 105.731548775 33.7093812943 389.947687515 422.138707956 485.36718587 516.28602219 216.925740521 3405.49364817 3431.99312819 31.937146063 29.2552579939 29.6181308379 59.0229434694 28.5482837032 26.7152725358 25.6186335897 25.0408924429 4755.26656661 4854.29086944 4952.50683781 5049.36447062 5139.09942365 41.8336294987 13.917746888 13951.5198192 1270.10276316 1251.87541774 24.2705344023 23.9895622135 23.1236243059 51.8849340942 51.6383680383 24.3823537599 24.4343036612 23.2452250492 48.9990521598 67.4407703039 13.3182939519 24.9072060521 11.6340291632 12.5582531895
-9999.0 -9999.0 -9999.0 -9999.0 -9999.0 -9999.0 -9999.0 -9999.0 -9999.0 -9999.0 -9999.0 -9999.0 77.8752305882 36.574904673 34.4816201742 325.853166918 358.886860675 32.7281073333 130.799716344 161.172255622 191.484024421 31.6309079769 30.3527263977 557.258183018 585.167004133 613.268534773 1543.5977953 1570.40794571 1622.63314938 1821.45317972 1971.01152684 1996.29093011 23.4446323439 23.9352149632 21.364223301 5165.17127252 14.27377437 14177.9991267 14157.2187141 188.753745995 166.084180772 95.3164133892 24.0895911712 46.1891865838 75.705463344 75.4467298646 47.932276557 23.6696449405 46.8265206961 46.3265407326 89.1612032174 16.0539878525 42.5542427737 70.9728341634 97.196562884
-9999.0 -9999.0 -9999.0 -9999.0 -9999.0 -9999.0 -9999.0 -9999.0 -9999.0 -9999.0 -9999.0 -9999.0 39.778431879 113.378767909 148.543504323 257.871312799 34.1273923318 68.1506693426 100.349229334 375.748681193 405.713681964 435.371920055 465.986339793 498.466569592 751.068481789 844.224714165 904.7755153 30.3223707117 144.92197909 174.694261856 1898.66454181 2023.92079895 2074.15548759 2124.02863395 2173.50825989 7352.36090626 7.62864585435 14244.772429 47.4747494006 23.7435690143 142.804699545 118.069590546 22.0053226712 67.674311102 97.2032560917 96.6087949748 68.7565717602 113.339917635 180.202279695 67.2287701618 176.65062044 19.3738146835 35.745759331 9.78927953862 7.56253238435
