data/baseflow/mHMbf_acc494.asc
ncols                  80
nrows                 72
xllcorner      4374000.0
yllcorner      5656000.0
cellsize            500
NODATA_value       -9999
[rows 25 to 49 of 72, columns 0 to 54 of 80]
-9999.0 -9999.0 -9999.0 -9999.0 -9999.0 -9999.0 -9999.0 -9999.0 -9999.0 -9999.0 -9999.0 -9999.0 18.7103405463 37.1547351714 17.2524011242 34.3612831666 14.4738156161 114.994478918 142.083757685 155.817012082 12.1077753364 23.603504641 248.536032185 303.990049672 314.30706888 18.7700154367 22.0689196494 32.4836278348 5.07568893525 4.63295199567 8.71681248927 3.72206258632 407.06033982 411.166112676 414.973772326 2797.65379829 5626.88363232 5591.11276212 6.30566959814 3.12946932729 2.85326106622 10.9387777643 8.45692441071 22.577857106 32.2519377057 64.7875022446 5.71901030388 5.67525668676 51.7927872939 56.606103377 108.647063985 111.379597035 119.34755279 122.153734756 2.93085324988
-9999.0 -9999.0 -9999.0 -9999.0 -9999.0 -9999.0 -9999.0 -9999.0 -9999.0 -9999.0 -9999.0 -9999.0 -9999.0 17.8553981258 35.6915474228 53.6839720275 84.4912195756 15.9516061107 14.1046929534 107.205284311 119.764447614 226.513382883 239.330113645 35.2894278249 10.5912290095 9.14528607328 9.51064239362 379.915355447 385.375238308 390.751865893 395.23174349 403.171903618 53.4270939123 56.7593105198 477.179489689 8904.97987544 26.5845172301 20.3665587554 9.57883636421 2.64498697035 2.39294728514 16.592216549 18.6091401201 27.0111514692 2.1682506175 67.4814483383 9.30828230011 9.13085070642 1.88796119112 1.41114050792 1.35160869093 1.36000211176 1.38453396486 123.547035715 1663.37035129
-9999.0 -9999.0 -9999.0 -9999.0 -9999.0 -9999.0 -9999.0 -9999.0 -9999.0 -9999.0 -9999.0 -9999.0 -9999.0 -9999.0 17.1067721641 34.0471115936 49.6684898993 65.1887053817 79.1933401847 93.7136914733 41.6708157965 69.8284962033 12.5911723407 11.8758968921 331.482586813 353.648718537 363.178274015 372.954865297 6.73335695104 12.0710072135 33.9150003852 42.705415902 48.8837207024 4.02524168881 4.0174754265 8919.89622587 5.87920577656 7.63042916231 4.62846165217 12.4164883396 5.60862458359 3.65767223743 48.197245981 50.7879648578 1.64202826637 69.382337686 81.4508654048 12.6541708446 1731.75856744 1727.90844334 1724.83067138 1718.42893458 1715.81490476 1673.41102598 1671.00930659
-9999.0 -9999.0 -9999.0 -9999.0 -9999.0 -9999.0 -9999.0 -9999.0 -9999.0 -9999.0 -9999.0 -9999.0 -9999.0 -9999.0 4.99435329785 11.3152892524 16.6014599167 165.267166878 179.896241885 14.9730711292 14.0734566553 14.2411033524 282.255442406 309.125556378 12.6221773699 12.5735014208 9.60719958171 40.2780438251 49.8585194465 21.5154179139 28.2322492527 243.211263376 249.673850572 259.954385846 411.252645141 9335.21546897 6.40013278072 3.7574835787 19.8310517755 16.2157543298 2.10137015834 8.07332898704 10.2967581321 53.2896922679 55.4601658881 141.235341654 82.3710967437 14.3333164554 1773.18402427 17.9966908649 1721.95200865 1720.28875974 39.6646545448 1.72435867554 5.32165220274
-9999.0 -9999.0 -9999.0 -9999.0 -9999.0 -9999.0 -9999.0 -9999.0 -9999.0 -9999.0 -9999.0 -9999.0 -9999.0 -9999.0 25.0514136234 41.4313965479 84.4932365206 149.620823409 195.768080284 228.407816437 242.365319418 256.604492378 270.130894944 13.1010780885 11.0562345188 21.8087202441 20.0621746031 10.6031068077 212.502454637 221.794708026 230.172282858 238.047739303 131.844935365 137.794017107 145.872412889 9338.81338301 11.210599773 12.579735509 35.0761371012 3.56062696131 5.17406080134 2.94003553252 2.04414980774 12.6475945304 1.71465559837 1.82855671404 1924.14765838 1781.4846369 1779.58948096 6.74064748407 15.5957418984 9.70811238297 2.01648516363 34.9481000346 9.2786311707
-9999.0 -9999.0 -9999.0 -9999.0 -9999.0 -9999.0 -9999.0 -9999.0 -9999.0 -9999.0 -9999.0 -9999.0 -9999.0 -9999.0 17.4757127921 16.8064174416 33.0820346712 49.5739310169 17.3618027573 17.8245617769 33.0351489157 47.8082529265 75.3275979633 88.8591245504 99.6320105492 132.712282936 142.531879955 153.86755212 10.2005001547 103.782113656 111.759764015 119.381069848 6.38516349934 4.6890123039 8.17276008592 9500.7346792 9504.21541914 9522.60012237 44.9000293541 7.22170186173 9.75930827813 2.95828178694 3.68415058511 14.4402364159 17.6495055574 3.34871812544 1932.74891068 2.92683361763 3.66970610156 3.88872439299 3.43302900503 5.91150757071 2.54764404027 23.7776003266 18.4539886798
-9999.0 -9999.0 -9999.0 -9999.0 -9999.0 -9999.0 -9999.0 -9999.0 -9999.0 -9999.0 -9999.0 -9999.0 -9999.0 -9999.0 -9999.0 16.1155398726 31.728290324 15.4054526753 32.026395107 191.715613906 205.940443297 219.759206707 13.6964306115 13.6322973946 24.5248134587 36.0312511026 55.4568900041 65.8761413484 73.9783980294 84.2566121092 7.36927142722 6.95895239705 137.689208513 143.062128946 146.467764727 149.96607179 126.148483614 9663.24527569 9729.29248224 9732.1435559 9744.30077438 9756.50701043 9761.97069977 1.56882528612 19.1326365147 1934.32707334 3.367440021 1.72413907253 2.62032776869 2.71018898213 4.4455804396 3.39768390476 1.99489894135 2.89705112618 2.58796296248
-9999.0 -9999.0 -9999.0 -9999.0 -9999.0 -9999.0 -9999.0 -9999.0 -9999.0 -9999.0 -9999.0 -9999.0 -9999.0 -9999.0 -9999.0 -9999.0 47.0789990733 62.6554305026 109.946388084 142.652763523 16.4995574945 252.190504533 265.559795362 277.639263246 11.3806703229 22.3152702807 9.42523557127 74.3040049478 81.2897528257 92.7938370313 105.252998945 127.439973738 132.372145857 3.10667964991 111.981914433 119.179120337 122.874516728 137.074263792 17.8602596769 10.9272445955 6.37770582901 5.48330331964 9768.89190858 9772.01029032 9804.49884841 1935.85459944 10.7462204193 6.02692280162 4.15388524067 1.20368538995 11.71711974 5.71605695668 1.82403326108 9.80981703384 8.28388566486
-9999.0 -9999.0 -9999.0 -9999.0 -9999.0 -9999.0 -9999.0 -9999.0 -9999.0 -9999.0 -9999.0 -9999.0 -9999.0 -9999.0 -9999.0 -9999.0 16.1868755651 78.5673538107 95.0722433604 16.8585326133 14.889392041 30.5610332925 44.5857229005 334.863744125 11.3743899723 45.6516408615 55.5676174467 65.2497182769 8.17778320305 18.3622988697 23.4213550478 87.5770631695 98.2585463399 101.760568957 3.67177537432 3.45261813032 3.98082786907 7.1088022872 3.26282450029 3.47399599569 5.01388135307 3.71587674963 4.37492263283 11.590039327 9807.24692807 11749.7828161 13.9795136364 3.27031412166 1.62322736844 35.292131854 32.6192090304 18.9075059077 16.8368029364 12.3843904067 2.90963594494
-9999.0 -9999.0 -9999.0 -9999.0 -9999.0 -9999.0 -9999.0 -9999.0 -9999.0 -9999.0 -9999.0 -9999.0 -9999.0 -9999.0 -9999.0 14.1194855265 44.9684233629 14.676130296 16.2570840005 16.2830920043 31.5110650403 46.6913233058 59.7446636511 407.931611197 418.79402326 11.2134052297 21.1734188218 31.2781539354 39.2926233133 47.2895291171 77.0763760647 83.7451596802 6.14822521954 4.3212227802 3.88016010346 2.46072453601 4.90739898544 4.84494982771 5.83696985333 6.5805417858 17.6317327113 7.45067954547 3.30100447007 3.28038156048 2.37620515587 4.36553889753 11885.676813 119.805700362 46.7829281245 6.84032078261 3.485301708 1.93065187318 5.63728587234 3.47412198465 1.6711928725
-9999.0 -9999.0 -9999.0 -9999.0 -9999.0 -9999.0 -9999.0 -9999.0 -9999.0 -9999.0 -9999.0 -9999.0 -9999.0 -9999.0 14.9026500316 28.6879835476 102.2028109 14.123021984 31.5099990427 47.2426720987 61.6934743784 15.1942902141 27.8447315617 41.0802534686 472.062033405 10.4852845562 19.7011417295 29.2482887591 8.98402547325 17.7375624697 23.6676082366 29.3764414361 794.43153146 803.392935457 814.304255941 854.639323822 865.469703619 890.965468335 12.3812485077 25.9960636199 23.3997466003 981.766101831 987.168473027 2.97879713684 4.60440406184 6.18473847608 11888.440982 114.191497428 58.3765909241 54.1262080762 43.7903408901 37.9214854964 7.39064526532 1.97500176885 3.21377712636
-9999.0 -9999.0 -9999.0 -9999.0 -9999.0 -9999.0 -9999.0 -9999.0 -9999.0 -9999.0 -9999.0 -9999.0 -9999.0 -9999.0 15.0731416503 45.7290524371 162.92330925 240.494262289 12.7808376142 313.724169469 389.153400746 13.9666091657 26.4705035559 39.3609207489 585.129868916 595.568296531 7.62063535783 44.6891061105 51.9754350053 59.1174632156 735.899533101 751.714260957 760.752864982 4.67583039804 27.0645095458 33.1448664787 12.0001651515 16.8117346445 915.310862777 948.832934921 952.6823878 956.297934507 991.42094848 2.06788619173 1.87127652144 9.67876979158 11891.8108434 4.48579632013 2.23684497762 6.69135303573 2.50705682721 32.7466139082 27.8932159206 17.0112395025 11.413323187
-9999.0 -9999.0 -9999.0 -9999.0 -9999.0 -9999.0 -9999.0 -9999.0 -9999.0 -9999.0 -9999.0 -9999.0 -9999.0 -9999.0 -9999.0 -9999.0 31.7105918199 63.7105789331 284.77306456 300.457161529 403.056635229 417.120893283 13.5386229097 27.0979516553 61.8244127828 607.186159216 623.89582288 630.401209144 5.24701846397 654.138824038 670.572082422 10.2169796419 4.37240685258 8.18173119375 16.1224228995 3.96753161338 7.85940744586 17.0636521959 21.1789300368 4.24615061706 2.94109164852 5.72552678323 1013.91811533 1022.59522791 1024.19821493 1038.77474872 11894.6503809 3.90585590408 1.58032259611 1.92504918805 1.87477863427 1.92314068261 1.67547625573 3.11694309182 2.35660874816
-9999.0 -9999.0 -9999.0 -9999.0 -9999.0 -9999.0 -9999.0 -9999.0 -9999.0 -9999.0 -9999.0 -9999.0 -9999.0 -9999.0 -9999.0 -9999.0 16.4599056845 16.0931851676 15.7832273934 30.4401307478 13.6126408453 444.259659826 457.104765399 12.1124900379 23.855201827 10.2294540617 8.21262109985 7.88782420401 644.029245444 5.58890062949 11.450355798 5.24414446148 4.34372106159 3.99062982573 3.13876211685 3.27520538158 10.0982761595 13.8829721872 2.79540451395 2.56613987853 5.59238190178 9.3259941311 12.3648429673 4.45345181038 1027.15009495 1040.51216513 11897.0416211 12.8907918043 4.61646129003 1.19413343265 2.81915190287 0.969954386433 0.732727866781 3.93399223265 10.93678512
-9999.0 -9999.0 -9999.0 -9999.0 -9999.0 -9999.0 -9999.0 -9999.0 -9999.0 -9999.0 -9999.0 -9999.0 -9999.0 -9999.0 -9999.0 -9999.0 -9999.0 -9999.0 15.9376137392 44.976353286 57.8407769071 71.163489785 470.151359852 483.268753765 495.818886067 507.416061513 514.993184704 530.768749462 536.000951935 541.30064569 545.455222183 3.718262804 3.48435772366 3.75046465608 13.6315507659 3.68017361457 3.52438756085 2.74313547167 8.13886018607 3.40412507619 2.67646569569 2.47863256274 2.09443346539 4.17962243146 6.10245310061 1053.18298341 12965.2823736 4.25207126334 7.22545056339 0.97001869309 3.84392177486 2.07460494936 1.47520478475 23.7625663523 18.3699937982
-9999.0 -9999.0 -9999.0 -9999.0 -9999.0 -9999.0 -9999.0 -9999.0 -9999.0 -9999.0 -9999.0 -9999.0 -9999.0 -9999.0 -9999.0 -9999.0 -9999.0 -9999.0 -9999.0 13.2075076175 104.860967102 204.680755554 218.22573383 15.2928879435 27.5566139971 39.4696913085 48.2091796542 111.498760788 115.514544837 3.86190351138 3.81191281884 555.60737366 563.547523138 566.709816055 16.1695823143 2.38336316005 6.15165459449 8.9976738954 27.0327269167 33.4230711004 38.5909430463 4.72582739419 6.61527876067 2.26940918701 4.5345500325 2.35816182591 12969.6149463 3.51051198915 14.396665698 3.8211320796 8.76973577504 27.4123418166 30.7277122275 56.5541504534 16.726236815
-9999.0 -9999.0 -9999.0 -9999.0 -9999.0 -9999.0 -9999.0 -9999.0 -9999.0 -9999.0 -9999.0 -9999.0 -9999.0 -9999.0 -9999.0 -9999.0 -9999.0 -9999.0 14.7117898644 46.8456747245 91.8360135138 120.091962973 304.650664281 319.040147302 25.1922455746 37.3611362875 47.4312603089 56.0692765613 120.180526693 128.222686297 228.163710341 236.745475507 242.999448299 569.952421979 594.954706247 5.88412372938 3.98866956643 3.79725739017 7.3177893183 3.40009407071 45.2446570607 47.7302002017 8.95012169576 12.0251983405 3.94179190723 3163.9200441 3169.73839926 16142.2192516 16161.2861261 4.11126000672 17.3641296265 6.79672415612 5.05141545585 64.5430381074 83.4025258568
-9999.0 -9999.0 -9999.0 -9999.0 -9999.0 -9999.0 -9999.0 -9999.0 -9999.0 -9999.0 -9999.0 -9999.0 -9999.0 -9999.0 -9999.0 -9999.0 -9999.0 -9999.0 -9999.0 16.7222996752 16.3082033619 30.7917107901 73.1945312675 332.674954818 13.0507198996 12.8899794805 22.517158099 32.7773352028 79.4711934404 85.8758881352 5.57164063315 5.25076306597 247.808484153 251.464036655 850.949789888 855.529954815 2.16426377093 1.89144988857 1.62948058923 1.64621985169 1.83197630503 3114.05098632 3129.36245241 3144.1207677 3150.9142571 3160.85209131 2.75285553555 10.1450731024 12.253001473 16178.8613674 16181.1555804 16183.0367939 16185.1413627 16187.4780463 86.8858639237
-9999.0 -9999.0 -9999.0 -9999.0 -9999.0 -9999.0 -9999.0 -9999.0 -9999.0 -9999.0 -9999.0 -9999.0 -9999.0 -9999.0 -9999.0 -9999.0 -9999.0 -9999.0 -9999.0 -9999.0 14.9326059619 15.6405643166 29.0637523997 389.320815198 402.486985786 12.5677104966 22.1352331756 32.6946827251 41.0584599071 7.45324567266 13.2615757891 821.984244942 825.418614017 830.518263524 863.124301263 1722.9343605 3022.48829589 3027.72034221 3032.58506293 3037.21519736 3057.30848954 3063.86195072 12.9587266393 5.90767126744 3.53070870325 6.66059720666 5.05644305732 8.0064002318 2.54004162473 54.3990868818 63.7991891749 71.4777842326 72.4750005548 16188.7466015 16278.3383679
-9999.0 -9999.0 -9999.0 -9999.0 -9999.0 -9999.0 -9999.0 -9999.0 -9999.0 -9999.0 -9999.0 -9999.0 -9999.0 -9999.0 -9999.0 -9999.0 -9999.0 -9999.0 -9999.0 -9999.0 -9999.0 15.1893184582 29.1474886274 43.1755740251 414.251529861 10.9207272425 554.230349144 565.0726034 572.675774751 579.121931625 795.613532896 803.126494388 4.02183064841 22.8249288513 28.442099643 4.34696935356 1294.35335068 1286.46995844 2.52205557696 5.83014815442 15.9038415464 3.553379228 3.8561159649 3.00887026443 2.59844601926 2.01272875239 2.40509411114 46.3968176487 48.9496752285 52.0129655769 7.19533892265 5.49965192911 76.530747261 78.2298099113 78.9607066687
-9999.0 -9999.0 -9999.0 -9999.0 -9999.0 -9999.0 -9999.0 -9999.0 -9999.0 -9999.0 -9999.0 -9999.0 -9999.0 -9999.0 -9999.0 -9999.0 -9999.0 -9999.0 -9999.0 -9999.0 -9999.0 13.8315144037 13.0269380519 67.4527260095 508.608081925 533.034136231 544.691577571 9.52762262274 195.092253782 202.695140974 206.877666083 6.41267961523 11.0216561021 15.1578557182 294.026459538 297.26471694 300.133358982 1281.1032176 796.043972552 3.23551503411 3.43368154821 3.28045765332 2.59960729849 26.9906428826 32.8806024485 38.0366234903 40.9690999233 43.7912017344 313.097210934 315.356309431 318.447703979 324.883543377 352.713113203 353.72406208 433.775847225
-9999.0 -9999.0 -9999.0 -9999.0 -9999.0 -9999.0 -9999.0 -9999.0 -9999.0 -9999.0 -9999.0 -9999.0 -9999.0 -9999.0 -9999.0 -9999.0 -9999.0 -9999.0 -9999.0 -9999.0 -9999.0 -9999.0 27.1029369281 41.4233319268 14.3078444529 13.018139153 161.943067881 172.006320517 178.834602868 59.422048406 65.3654197784 71.3626012102 75.6278116159 286.66967527 291.214150602 174.923591691 478.730383978 482.148308265 793.364799601 6.83198396813 3.49549811102 2.42704852021 18.5182880195 21.7848554153 2.12209702998 2.00833780845 303.244551495 308.458873194 311.116290395 2.80250994011 4.43167290046 347.851131755 2.44484989307 8.04411343911 8.8239427244
-9999.0 -9999.0 -9999.0 -9999.0 -9999.0 -9999.0 -9999.0 -9999.0 -9999.0 -9999.0 -9999.0 -9999.0 -9999.0 -9999.0 -9999.0 -9999.0 -9999.0 -9999.0 -9999.0 -9999.0 -9999.0 -9999.0 13.620509262 26.942140272 112.242206964 126.631165774 138.297577855 45.834017604 53.4231210286 6.39706186033 195.843072813 201.513446873 206.753238526 4.60029504951 166.546251505 171.26839216 3.53044093289 775.545309159 7.66396359458 3.8033323138 9.97610316725 13.4841165433 2.67095051094 2.15377820365 278.17049243 298.502789875 301.586304281 3.12816077494 6.89560116304 8.6606618431 10.8889444153 20.8021687955 2.93560785824 6.63893374669 1.33075877449
-9999.0 -9999.0 -9999.0 -9999.0 -9999.0 -9999.0 -9999.0 -9999.0 -9999.0 -9999.0 -9999.0 -9999.0 -9999.0 -9999.0 -9999.0 -9999.0 -9999.0 -9999.0 -9999.0 -9999.0 -9999.0 -9999.0 13.4560261176 42.0939980501 72.2585735052 14.6536377617 26.2347036852 36.9026669151 170.391286538 177.889230767 183.90809579 5.4381086272 136.216365349 153.261968024 158.207474731 3.72963673309 760.227751072 768.692815122 3.99018511963 3.615318859 7.28087301925 2.96680708851 263.239619209 268.642156746 271.932165706 12.536404008 15.7369574521 2.78062766332 4.99349274657 2.23303523739 15.8500282374 2.33754898425 1.75152227896 1.80562563596 1.93682620326
-9999.0 -9999.0 -9999.0 -9999.0 -9999.0 -9999.0 -9999.0 -9999.0 -9999.0 -9999.0 -9999.0 -9999.0 -9999.0 -9999.0 -9999.0 -9999.0 -9999.0 -9999.0 -9999.0 -9999.0 -9999.0 -9999.0 -9999.0 14.5788760688 15.5396103762 14.4921773599 122.563571034 132.561242579 161.724134468 7.61973880951 112.265680638 125.923513059 5.7993323429 12.0339167155 4.69103872932 748.080528346 4.96530458737 12.3612287942 15.3105775081 18.5962098444 243.597522129 254.506145689 258.053864794 3.56248032127 6.653651979 9.43061583341 1.80188891662 1.67665269132 717.628527885 719.370856476 720.794667986 735.446589662 737.337699046 739.747582043 741.275502009
