data/baseflow/mHMbf_acc552.asc
ncols                  80
nrows                 72
xllcorner      4374000.0
yllcorner      5656000.0
cellsize            500
NODATA_value       -9999
[rows 25 to 49 of 72, columns 0 to 54 of 80]
-9999.0 -9999.0 -9999.0 -9999.0 -9999.0 -9999.0 -9999.0 -9999.0 -9999.0 -9999.0 -9999.0 -9999.0 20.3127982404 39.9743872707 18.2137125268 35.6459014158 14.4808247916 119.213697638 145.483869064 159.691891345 12.5845388558 24.8212659686 254.203492744 313.181563116 324.313517741 20.9477551255 24.2373778871 36.1303674443 7.01160276709 6.24014166483 11.7062098366 4.60187097746 412.514916626 417.188265151 421.10606708 2897.67712556 5331.30697607 5294.13105712 7.42421344132 3.90458858123 3.50126617613 12.9601404484 10.0399165829 23.5785246611 32.4495309479 64.7176791747 6.14575003827 6.09090385965 52.0954115731 57.6843246625 113.269541869 116.392204513 125.626499047 128.757753775 3.17840901461
-9999.0 -9999.0 -9999.0 -9999.0 -9999.0 -9999.0 -9999.0 -9999.0 -9999.0 -9999.0 -9999.0 -9999.0 -9999.0 18.8090157275 37.8752232617 57.3260327416 88.568418119 16.2166312486 14.0173219575 106.674554866 118.884309642 229.791549501 243.942934787 37.6761851355 11.4395762242 9.54459158218 10.5308863321 378.126118756 384.747084631 391.80413195 397.843482942 407.908622554 63.4329072747 66.8906044688 493.323350131 8724.92557395 28.740994301 22.5712419492 11.2283008416 3.05725249392 2.80931452902 19.822634909 22.0615884666 28.9067467411 2.64842943093 68.0366404754 10.5806801845 10.3789332156 2.38596506592 1.63105223154 1.47034831954 1.28312836522 1.52568685247 130.305121534 1745.62668121
-9999.0 -9999.0 -9999.0 -9999.0 -9999.0 -9999.0 -9999.0 -9999.0 -9999.0 -9999.0 -9999.0 -9999.0 -9999.0 -9999.0 17.5591466269 34.632994915 49.7830289237 64.8735405445 79.053890319 93.898519919 42.7204526007 72.1475749208 13.7537638361 11.9647400158 327.379766976 349.884496856 359.687851095 370.64245034 7.84057950316 14.0985711747 39.2911206264 50.7692038405 58.2791974239 4.4098098281 3.74047137388 8738.72487135 5.77728868721 7.97437756085 4.83150350164 13.4834049432 6.07884229897 3.78035269916 53.7700837992 56.1288241295 1.57259419218 69.8378359055 83.5255555041 14.7716949436 1822.08625046 1817.76080786 1814.40566021 1808.00083655 1805.71770003 1757.56434541 1755.1819926
-9999.0 -9999.0 -9999.0 -9999.0 -9999.0 -9999.0 -9999.0 -9999.0 -9999.0 -9999.0 -9999.0 -9999.0 -9999.0 -9999.0 4.98461523806 10.9673772224 15.9982362309 159.947610774 174.487870801 14.9921664128 14.627721509 14.87346785 279.378722527 306.208260847 12.5774157647 13.64664116 8.43681504072 40.6344406593 51.1508152422 24.7209097898 32.6096038708 254.546186517 262.185764358 273.624790681 436.124500897 9178.20459961 6.272399398 3.77876050122 21.2243711374 17.4190708809 2.11266759264 8.25902233029 10.5154664073 58.6591004576 60.732973914 148.346099477 84.361153989 16.6522077418 1867.14714876 18.1805886099 1811.44459918 1809.84320795 45.6719202317 1.48756266253 7.09030289546
-9999.0 -9999.0 -9999.0 -9999.0 -9999.0 -9999.0 -9999.0 -9999.0 -9999.0 -9999.0 -9999.0 -9999.0 -9999.0 -9999.0 24.7213242924 40.7455931799 82.1365968369 144.783318252 189.744652735 223.817841114 238.345652356 253.348060714 267.820780912 12.4493169531 11.2083360522 22.0110971577 19.4297160646 11.5492657231 220.687513016 230.775253875 240.046828738 248.807459821 142.079429675 149.303832267 157.519645332 9181.09516608 10.8561570164 12.7100182745 36.7807960289 3.73592635307 4.8919489192 2.72500559666 2.04269520787 12.7203544301 1.58359554062 1.71105345147 2025.11943479 1875.65714878 1873.9993042 7.5187743485 15.6569703329 9.84149312051 2.06620863894 41.7901645311 11.0572900277
-9999.0 -9999.0 -9999.0 -9999.0 -9999.0 -9999.0 -9999.0 -9999.0 -9999.0 -9999.0 -9999.0 -9999.0 -9999.0 -9999.0 17.3078568115 16.2618900198 31.9505459129 47.9600795495 18.7296214015 19.9137206274 35.1622313105 50.3118842939 78.6222714436 92.057625444 103.257848965 137.297102474 147.599985457 160.171432861 11.2034695817 107.663118394 116.836086024 126.382057143 8.46795840071 6.26282448311 10.2772526697 9358.4108517 9361.16397192 9378.35301066 46.8156869929 7.4484554714 9.60542994935 2.86304231725 3.60659100247 14.4131187564 17.3834590715 3.07966262896 2033.02634403 2.70075728212 3.98921212234 4.37243785503 3.37823808213 6.13328918735 2.46541705532 28.6632789099 22.750919178
-9999.0 -9999.0 -9999.0 -9999.0 -9999.0 -9999.0 -9999.0 -9999.0 -9999.0 -9999.0 -9999.0 -9999.0 -9999.0 -9999.0 -9999.0 15.4766287904 30.39402327 14.5769952001 30.9357904801 185.099171956 198.52552684 212.447935917 13.5127602234 13.9771634024 24.6005050672 36.6438848543 55.7580399999 66.4350801029 75.4730426629 86.3371811874 8.09219603308 7.89954063026 149.460782497 156.834808084 160.428378836 163.969529035 135.828425021 9528.4375277 9596.38937715 9598.67542141 9610.07558807 9621.81551247 9626.34062753 1.36482398979 18.707277605 2034.21533608 2.92464496011 1.50592538497 2.14352071197 2.22094500876 3.67352101277 3.13473930515 1.89196472743 3.21588143271 2.98850340075
-9999.0 -9999.0 -9999.0 -9999.0 -9999.0 -9999.0 -9999.0 -9999.0 -9999.0 -9999.0 -9999.0 -9999.0 -9999.0 -9999.0 -9999.0 -9999.0 45.134861278 60.0058303775 105.461432996 137.687212563 16.6465386693 246.152728544 259.234468654 270.92140317 11.9005314648 23.1094006287 9.52483606692 76.8776578303 84.2410662134 96.463652136 110.257020641 135.54666994 142.407663433 4.07660306511 121.751900255 128.951960014 132.554885177 147.202258734 18.5087479716 11.3318726294 6.7054528753 5.76712871514 9632.68497553 9634.89153312 9665.7626838 2035.31870744 9.25214845777 5.24181731846 3.52445507122 1.04188115327 10.4916003404 5.42540628359 1.66572401567 9.49909001061 8.15323356965
-9999.0 -9999.0 -9999.0 -9999.0 -9999.0 -9999.0 -9999.0 -9999.0 -9999.0 -9999.0 -9999.0 -9999.0 -9999.0 -9999.0 -9999.0 -9999.0 15.6342547683 75.3344140606 91.2986641012 16.9262761579 15.2623453639 32.2253340146 47.4212992571 331.237437257 11.7844866401 47.477639044 57.6733130841 67.6266120268 8.64251322996 19.1814848395 25.010150681 93.9626179089 106.916293602 110.46470552 3.80120532855 3.50622545586 4.20376449538 7.62147784072 3.55775223972 3.68233076772 4.9980191921 3.83932585663 4.38351650074 11.2782046715 9667.73254715 11708.2599848 12.4120842811 3.48926607404 1.3276196189 32.8438188522 30.4925428503 18.1820623146 16.3062987757 12.1315005121 3.13658789874
-9999.0 -9999.0 -9999.0 -9999.0 -9999.0 -9999.0 -9999.0 -9999.0 -9999.0 -9999.0 -9999.0 -9999.0 -9999.0 -9999.0 -9999.0 13.4925637909 43.234730066 14.1290107312 17.0540025551 17.0775331343 32.4238029107 47.5474991949 60.5710933523 404.623646564 415.743946952 11.6214846576 21.8508225177 32.4842131498 40.7321796657 49.8028728047 83.205701558 90.0736837898 8.44587984232 4.82960849669 3.8506617375 2.41823249688 4.94900711812 4.90075847677 5.86795187052 6.80824445036 17.4789723899 7.27002352972 2.85143888733 2.7999010978 2.14461884963 3.90687672581 11836.8500744 114.791814855 42.0098304054 4.93951286141 2.36103756644 1.42897160111 4.50702459253 2.92214953827 1.44569300468
-9999.0 -9999.0 -9999.0 -9999.0 -9999.0 -9999.0 -9999.0 -9999.0 -9999.0 -9999.0 -9999.0 -9999.0 -9999.0 -9999.0 13.9391749995 27.4267806046 98.3332358193 13.8606901487 32.7800877636 49.0415755194 63.7373459806 15.6741245888 28.8117930701 42.0817610106 469.480535451 10.6080395432 19.8075817568 29.7187503982 9.71003555596 19.2385930176 26.9243849041 32.9873911289 819.633168555 829.651769579 841.315605274 886.687409621 897.466164014 924.976758746 12.4195395169 26.3053171904 23.1283163154 1018.69193726 1023.37095415 2.52098102579 3.92345513547 5.27344127447 11838.2050503 108.825755008 60.0125305675 57.0430681927 40.2921689122 32.7557920966 5.93099357799 1.52030072479 2.5792548304
-9999.0 -9999.0 -9999.0 -9999.0 -9999.0 -9999.0 -9999.0 -9999.0 -9999.0 -9999.0 -9999.0 -9999.0 -9999.0 -9999.0 14.2162344464 43.3871817126 156.180949081 232.981933422 12.5279199214 305.903748561 382.900767156 14.4476902685 27.4168402575 40.5715503884 586.35086261 596.548333579 7.82722189342 45.8660871943 53.7414062347 61.9395569627 750.138437828 770.592856661 781.515848447 5.43340567044 30.8201226135 37.698145591 13.425848497 18.8126601579 951.511809039 985.894627543 989.965371253 993.716049085 1027.28121335 1.91849390679 1.69381118794 8.36748710303 11840.1685557 3.68311384664 4.89859343674 14.2815406061 5.32865981731 29.1829858592 21.825797246 13.1482046873 8.98010536631
-9999.0 -9999.0 -9999.0 -9999.0 -9999.0 -9999.0 -9999.0 -9999.0 -9999.0 -9999.0 -9999.0 -9999.0 -9999.0 -9999.0 -9999.0 -9999.0 31.2708356317 63.225962633 277.045001833 292.798439465 396.664298611 410.324646265 14.3087931236 28.6378254778 65.0311736317 607.981913095 625.929652978 632.519708883 5.44584508325 659.038761406 680.397368429 13.2561218653 5.14027441591 9.42023894724 18.5757699312 4.59474058669 8.96263778693 18.8625063693 23.3910799528 4.78852307328 2.99540645918 5.75290490264 1051.16862203 1060.16175353 1061.52087363 1074.4879016 11841.692223 2.7831384543 3.24690267668 3.84578828004 3.60914029174 3.72439072418 3.08937801853 5.70846317415 1.54520973654
-9999.0 -9999.0 -9999.0 -9999.0 -9999.0 -9999.0 -9999.0 -9999.0 -9999.0 -9999.0 -9999.0 -9999.0 -9999.0 -9999.0 -9999.0 -9999.0 16.5566712835 16.1561494545 15.8655561924 30.8813182939 13.6887959229 437.577231265 450.014437893 12.6028725207 25.1501917808 11.4996242146 9.0494790675 8.64904903626 647.952876199 7.31238960979 15.259588989 6.61473575477 5.06264715408 4.58751539391 3.45482387939 3.63856759771 11.2906729579 15.6299057323 2.98328494887 2.64325257418 5.87098802413 10.0669919489 13.4631907432 4.81755353159 1064.44884765 1076.00158091 11842.7887157 13.4536762959 7.70378300612 2.23354861649 5.29353128318 1.73414273239 1.26873152769 7.12294590058 7.30828071969
-9999.0 -9999.0 -9999.0 -9999.0 -9999.0 -9999.0 -9999.0 -9999.0 -9999.0 -9999.0 -9999.0 -9999.0 -9999.0 -9999.0 -9999.0 -9999.0 -9999.0 -9999.0 15.9944378731 45.4059933885 58.1218182673 71.4729827562 462.922091212 475.585573204 487.686477443 499.521450951 507.841091128 525.296080794 531.708976389 538.612233048 543.650248759 4.15234885238 3.86304377989 4.24253282389 15.2381338091 4.18789281082 3.97868753063 2.9397092894 8.68328849354 3.71781715562 2.7838686295 2.53952332789 2.09609890209 4.18109854992 6.07068261072 1088.61979766 12945.8066757 2.87413708483 5.11379823721 1.74061593572 7.24179649939 3.89950835438 2.55188631486 20.1595550027 12.0309252412
-9999.0 -9999.0 -9999.0 -9999.0 -9999.0 -9999.0 -9999.0 -9999.0 -9999.0 -9999.0 -9999.0 -9999.0 -9999.0 -9999.0 -9999.0 -9999.0 -9999.0 -9999.0 -9999.0 13.1813405787 105.905683011 206.189991753 219.898370107 15.8710738443 28.9442202813 41.7836614316 51.3352249801 119.436873647 124.06647771 4.42254208314 4.41514098821 554.947244088 563.617641746 567.127240754 17.9638723113 2.50429046365 6.83920760925 9.9118327839 29.672121646 36.6322041871 42.0080500268 4.83495962439 6.71261479837 2.33017465827 4.66647728191 2.44200767291 12949.2779704 2.53889897667 10.1030772467 3.93041456102 12.0883752999 28.769275708 32.4967834092 53.9458425847 11.2845646607
-9999.0 -9999.0 -9999.0 -9999.0 -9999.0 -9999.0 -9999.0 -9999.0 -9999.0 -9999.0 -9999.0 -9999.0 -9999.0 -9999.0 -9999.0 -9999.0 -9999.0 -9999.0 14.8459826571 47.4885540146 92.924064069 121.275328085 307.365209866 321.692877169 27.3048786174 40.1682307777 50.6480660629 60.1589012023 129.8461654 139.215456193 253.670983358 263.553314435 270.30650114 570.743069854 598.329964187 6.45220126544 4.62335881538 4.3452495483 8.31858395435 3.78755645298 49.3567623604 51.9403392705 9.04624642801 12.3766213493 4.29807680033 3511.16636886 3517.10673241 16468.1538191 16480.7406553 2.76771236351 17.7535938954 6.14501286033 4.57605039078 61.5495050835 74.4184230021
-9999.0 -9999.0 -9999.0 -9999.0 -9999.0 -9999.0 -9999.0 -9999.0 -9999.0 -9999.0 -9999.0 -9999.0 -9999.0 -9999.0 -9999.0 -9999.0 -9999.0 -9999.0 -9999.0 17.0558619163 16.6290144396 31.3062759879 74.2117257637 335.070421641 14.2737455142 14.0589643147 24.4792900972 35.7530759647 89.4923702738 97.7963942961 7.08358578427 6.20872834599 276.007825579 280.244148979 883.711360913 888.708929136 2.24356853492 1.9274597881 1.61460021127 1.63281619903 1.87850487224 3457.17831604 3474.29511559 3489.47624862 3496.82026394 3507.96566649 2.96969606873 10.8517211365 12.8159819368 16497.5549251 16498.2860384 16498.776894 16499.9021958 16501.3829937 78.1612166863
-9999.0 -9999.0 -9999.0 -9999.0 -9999.0 -9999.0 -9999.0 -9999.0 -9999.0 -9999.0 -9999.0 -9999.0 -9999.0 -9999.0 -9999.0 -9999.0 -9999.0 -9999.0 -9999.0 -9999.0 15.146140712 15.9097676714 29.4560460833 392.47381181 405.433639939 13.6449906782 24.0830384032 35.6918437063 46.5640243076 9.64350416701 16.6053736356 855.829486473 859.798058039 865.754575949 904.31024746 1797.72111206 3357.48034691 3363.03584232 3368.11802357 3372.89564475 3395.32633107 3402.76111433 14.8244951633 6.57786035934 4.05474888929 7.53533396062 5.43832638456 8.66289522861 2.62701504258 62.2450851384 71.352144044 78.6309601101 79.3960986675 16501.3759254 16581.246961
-9999.0 -9999.0 -9999.0 -9999.0 -9999.0 -9999.0 -9999.0 -9999.0 -9999.0 -9999.0 -9999.0 -9999.0 -9999.0 -9999.0 -9999.0 -9999.0 -9999.0 -9999.0 -9999.0 -9999.0 -9999.0 15.485481956 29.6839482573 43.9563937343 416.951215145 11.2921754065 559.690775832 571.872958842 581.648953801 589.541370405 823.997744287 832.709214351 4.84306237447 27.3133333207 33.9558511955 5.30629749307 1554.3169065 1544.95648789 2.64987779053 6.37378323023 18.1462262772 4.20060819181 4.66191818441 3.39726180948 2.86566813774 2.13545960388 2.59641186379 53.8318840157 56.5611031083 59.9596128112 7.23691582703 5.57015165167 82.4139823592 83.7870151743 84.325567197
-9999.0 -9999.0 -9999.0 -9999.0 -9999.0 -9999.0 -9999.0 -9999.0 -9999.0 -9999.0 -9999.0 -9999.0 -9999.0 -9999.0 -9999.0 -9999.0 -9999.0 -9999.0 -9999.0 -9999.0 -9999.0 14.0323305788 13.1887482022 68.5600899858 512.405912875 537.003046306 549.258236984 11.0364546178 206.976990717 217.147049329 222.516760904 7.549308268 13.1980901059 18.1977964824 351.348126654 355.095859367 358.316783552 1539.34593648 949.284442395 3.52034566742 4.0235223144 3.82165376339 2.93839522555 32.2460865083 38.8905314543 44.5992640196 47.8646071574 50.986830335 386.489254407 388.778657522 392.101330007 399.132198842 429.027008345 429.820502906 514.927701874
-9999.0 -9999.0 -9999.0 -9999.0 -9999.0 -9999.0 -9999.0 -9999.0 -9999.0 -9999.0 -9999.0 -9999.0 -9999.0 -9999.0 -9999.0 -9999.0 -9999.0 -9999.0 -9999.0 -9999.0 -9999.0 -9999.0 27.5402017711 42.1958436416 14.4177883509 14.4734088885 167.880116447 179.236233749 187.415933153 69.4041373976 77.527255664 85.6207762999 90.9252107965 342.472423151 348.196390374 220.582421972 583.160719054 587.05011177 946.563975065 8.06126748769 4.23541474079 2.78893171159 22.4438655117 26.3939933758 2.38891367312 2.22988963978 376.107775393 381.855094025 384.578006791 3.16207887999 4.94110121577 424.220383863 2.25385066912 7.2847745496 7.89976027269
-9999.0 -9999.0 -9999.0 -9999.0 -9999.0 -9999.0 -9999.0 -9999.0 -9999.0 -9999.0 -9999.0 -9999.0 -9999.0 -9999.0 -9999.0 -9999.0 -9999.0 -9999.0 -9999.0 -9999.0 -9999.0 -9999.0 13.8717256269 27.4386007638 114.202769755 128.659391146 141.368406736 51.8927918 61.4591334477 8.59094504736 231.244848761 239.06827377 246.221244247 6.01086996188 210.155260962 216.151994695 4.26852675975 925.545019344 9.22476735697 4.65808797866 12.3516142687 16.6037399545 3.13832444642 2.45590592851 346.326242688 371.107327617 374.491319425 3.64794128672 7.81699844656 9.66960155952 11.9893611691 22.7841624725 2.66673362225 6.05967777284 1.06473651341
-9999.0 -9999.0 -9999.0 -9999.0 -9999.0 -9999.0 -9999.0 -9999.0 -9999.0 -9999.0 -9999.0 -9999.0 -9999.0 -9999.0 -9999.0 -9999.0 -9999.0 -9999.0 -9999.0 -9999.0 -9999.0 -9999.0 13.7337331068 43.1886609149 73.7468221382 15.2265032622 28.5830953833 41.4982079116 196.414903443 206.604881614 215.035552874 7.5379945675 168.551155003 192.837155388 199.597501393 4.97214472349 906.675075326 917.503098253 5.08488844126 4.53011806983 9.20867582976 3.6801054813 328.66116085 335.162304807 339.290425665 15.7438442804 19.6344999433 3.31310394284 5.80632162323 2.51877414389 17.5536382848 2.5562107674 1.64464991298 1.70022801583 1.69852803001
-9999.0 -9999.0 -9999.0 -9999.0 -9999.0 -9999.0 -9999.0 -9999.0 -9999.0 -9999.0 -9999.0 -9999.0 -9999.0 -9999.0 -9999.0 -9999.0 -9999.0 -9999.0 -9999.0 -9999.0 -9999.0 -9999.0 -9999.0 15.0415798789 15.8106887075 15.6824224088 137.748513006 150.015255686 185.988445869 10.0156391639 134.927867679 154.312812427 8.1984371049 17.2222748847 6.60695333453 890.405680079 6.95994483067 16.5804799647 20.2182517377 24.1947707485 303.238981924 317.789602223 322.322141681 4.57936871142 8.44530062144 11.8733682037 2.05237294826 1.88008212894 870.202715424 872.059507948 873.477466331 890.349608774 892.205024558 894.520903845 895.791535058
