data/baseflow/mHMbf_acc489.asc
ncols                  80
nrows                 72
xllcorner      4374000.0
yllcorner      5656000.0
cellsize            500
NODATA_value       -9999
[rows 0 to 24 of 72, columns 0 to 54 of 80]
-9999.0 -9999.0 -9999.0 -9999.0 -9999.0 -9999.0 -9999.0 -9999.0 -9999.0 -9999.0 -9999.0 -9999.0 18.2136792159 20.1141572402 -9999.0 -9999.0 -9999.0 -9999.0 -9999.0 -9999.0 -9999.0 -9999.0 -9999.0 -9999.0 -9999.0 -9999.0 -9999.0 -9999.0 -9999.0 -9999.0 -9999.0 -9999.0 -9999.0 -9999.0 -9999.0 -9999.0 -9999.0 -9999.0 -9999.0 -9999.0 -9999.0 -9999.0 -9999.0 -9999.0 -9999.0 -9999.0 -9999.0 -9999.0 -9999.0 -9999.0 -9999.0 -9999.0 -9999.0 -9999.0 -9999.0
-9999.0 -9999.0 -9999.0 -9999.0 -9999.0 -9999.0 -9999.0 -9999.0 -9999.0 -9999.0 -9999.0 -9999.0 35.4302636522 90.303521901 17.1342622376 -9999.0 15.5452963575 -9999.0 -9999.0 -9999.0 -9999.0 -9999.0 -9999.0 -9999.0 -9999.0 -9999.0 -9999.0 -9999.0 -9999.0 -9999.0 -9999.0 -9999.0 -9999.0 -9999.0 -9999.0 -9999.0 -9999.0 -9999.0 -9999.0 -9999.0 -9999.0 -9999.0 -9999.0 -9999.0 -9999.0 -9999.0 -9999.0 -9999.0 -9999.0 -9999.0 -9999.0 -9999.0 -9999.0 -9999.0 -9999.0
-9999.0 -9999.0 -9999.0 -9999.0 -9999.0 -9999.0 -9999.0 -9999.0 -9999.0 -9999.0 15.589900425 15.0504130889 16.1027291756 15.8788391907 119.554922534 135.802938897 43.6187755635 13.9318572759 -9999.0 -9999.0 -9999.0 -9999.0 -9999.0 -9999.0 -9999.0 -9999.0 -9999.0 -9999.0 -9999.0 -9999.0 -9999.0 -9999.0 -9999.0 -9999.0 -9999.0 -9999.0 -9999.0 -9999.0 -9999.0 -9999.0 -9999.0 -9999.0 -9999.0 -9999.0 -9999.0 -9999.0 -9999.0 -9999.0 -9999.0 -9999.0 -9999.0 -9999.0 -9999.0 -9999.0 -9999.0
-9999.0 -9999.0 -9999.0 -9999.0 -9999.0 -9999.0 -9999.0 -9999.0 -9999.0 14.9612524636 30.6312304877 60.772689196 30.6736975822 14.7656614507 28.7668279898 149.469707767 225.32243486 15.8307707178 -9999.0 15.175683758 -9999.0 -9999.0 -9999.0 -9999.0 30.0358139038 15.2070734326 -9999.0 -9999.0 -9999.0 -9999.0 -9999.0 -9999.0 -9999.0 -9999.0 -9999.0 -9999.0 -9999.0 -9999.0 -9999.0 -9999.0 -9999.0 -9999.0 -9999.0 -9999.0 -9999.0 -9999.0 -9999.0 -9999.0 -9999.0 -9999.0 -9999.0 -9999.0 -9999.0 -9999.0 -9999.0
-9999.0 -9999.0 -9999.0 -9999.0 -9999.0 -9999.0 -9999.0 -9999.0 17.8245633993 49.0522091025 63.5531184095 78.190450409 105.492449118 13.4553020657 54.7607998886 67.7416261854 323.118156341 13.9496883868 11.8670411499 28.0824263098 40.6038756911 13.2016874027 -9999.0 78.5429233076 64.0807476675 17.576433475 -9999.0 -9999.0 -9999.0 -9999.0 -9999.0 -9999.0 -9999.0 -9999.0 -9999.0 -9999.0 -9999.0 -9999.0 -9999.0 -9999.0 -9999.0 -9999.0 -9999.0 -9999.0 -9999.0 -9999.0 -9999.0 -9999.0 -9999.0 -9999.0 -9999.0 -9999.0 -9999.0 -9999.0 -9999.0
-9999.0 -9999.0 -9999.0 -9999.0 -9999.0 -9999.0 17.1618275893 15.2984397727 14.8702308483 15.2465969372 15.7304300569 110.060449311 230.414529409 244.911265608 255.759572102 10.1438226693 346.6918112 358.826132452 25.5341203193 12.7264040913 52.8331196568 91.5504559677 13.8634134496 121.18673311 13.2019655143 14.1491293126 13.6835096316 -9999.0 -9999.0 -9999.0 -9999.0 -9999.0 -9999.0 -9999.0 -9999.0 -9999.0 -9999.0 -9999.0 -9999.0 -9999.0 -9999.0 -9999.0 -9999.0 -9999.0 -9999.0 -9999.0 -9999.0 -9999.0 -9999.0 -9999.0 -9999.0 -9999.0 -9999.0 -9999.0 -9999.0
-9999.0 -9999.0 -9999.0 -9999.0 -9999.0 -9999.0 34.5757010182 50.8746785521 114.275595272 158.340965341 13.5317523717 14.0202485932 13.4016362612 40.2238059938 307.907007534 10.205431852 370.675509374 424.348332172 41.1915897162 24.0496382117 103.070571046 12.6684255369 133.485964325 24.4169360871 12.1406887671 25.8935951117 27.1055077491 14.0072584588 14.29049647 13.7839676961 15.2252098278 30.4365237295 -9999.0 -9999.0 -9999.0 -9999.0 -9999.0 -9999.0 -9999.0 -9999.0 -9999.0 -9999.0 -9999.0 -9999.0 -9999.0 -9999.0 -9999.0 -9999.0 -9999.0 -9999.0 -9999.0 -9999.0 -9999.0 -9999.0 -9999.0
-9999.0 -9999.0 -9999.0 -9999.0 -9999.0 19.0669662028 36.763497171 17.5070322989 33.9100750237 175.174573739 204.618444586 233.530153506 765.418137971 13.9608765236 320.953030505 1195.65858593 1206.60279402 1652.04914742 13.4205328515 35.6464095513 114.673269655 11.4748869911 272.238295056 126.856986152 78.0611699445 65.723313997 13.1262566929 41.2608330524 41.2762297466 27.4535498382 13.3886496517 44.3541601153 13.3801885369 13.097660983 -9999.0 -9999.0 -9999.0 -9999.0 -9999.0 -9999.0 -9999.0 -9999.0 -9999.0 -9999.0 -9999.0 -9999.0 -9999.0 -9999.0 -9999.0 -9999.0 -9999.0 -9999.0 -9999.0 -9999.0 -9999.0
-9999.0 -9999.0 -9999.0 -9999.0 -9999.0 19.1549913879 55.613541644 110.47871591 127.246904198 252.305526974 267.809653395 317.098005543 518.748455516 811.164310293 839.284839328 852.518516386 23.481472858 1696.7804963 1722.12784882 1783.01870768 2217.09829906 307.849388551 284.729559506 90.3421499893 11.9870951715 77.4945779413 53.1438338688 11.4121935085 53.4562905292 12.2080226187 27.3616542858 71.3213406299 84.0463481182 25.5736677435 12.5637297696 12.1745443388 -9999.0 -9999.0 -9999.0 -9999.0 15.1330720975 13.5804957298 -9999.0 -9999.0 -9999.0 -9999.0 -9999.0 -9999.0 -9999.0 -9999.0 -9999.0 -9999.0 -9999.0 -9999.0 -9999.0
-9999.0 -9999.0 -9999.0 -9999.0 -9999.0 18.4699791244 17.6096265982 73.944315458 91.1329697043 108.958733496 16.8575192623 33.242485978 189.99480863 36.5055406765 15.549706344 13.9106158029 12.3548609653 15.6932803258 15.3584908638 13.5778375079 2229.44731172 2264.03141897 11.3168502778 34.9652844522 23.8484711314 89.0264588118 22.9982053227 11.0325124432 65.9141910113 24.3143928106 60.8164145425 144.970870912 134.463708737 37.8820687657 36.7805562075 12.6131153101 12.3917678649 -9999.0 -9999.0 12.1624401863 31.0679652553 73.0208367888 14.3017325402 -9999.0 -9999.0 -9999.0 -9999.0 -9999.0 -9999.0 -9999.0 -9999.0 -9999.0 -9999.0 -9999.0 -9999.0
-9999.0 -9999.0 -9999.0 -9999.0 -9999.0 -9999.0 19.3340418771 19.5118265461 36.9069815569 54.6545065344 123.156965564 157.260159272 175.122447561 20.6518703719 13.6373144644 186.412482156 227.499061151 240.156972599 293.079922094 305.020614742 11.9071578156 2276.05108393 2331.98379276 44.2860383364 6.54609604346 98.3997636735 219.297630448 87.6774758411 21.8429549442 10.9517639451 227.688400391 156.392870119 11.0464046968 11.0811986419 48.1000968497 36.640161405 11.4971765924 11.1310126689 11.7864650475 23.6550560767 11.2271765081 89.0600007397 99.7149888061 10.0882062065 -9999.0 -9999.0 -9999.0 -9999.0 11.2110766556 10.5971331331 3.18723876253 -9999.0 -9999.0 -9999.0 -9999.0
-9999.0 -9999.0 -9999.0 -9999.0 -9999.0 -9999.0 -9999.0 18.8768283535 16.1751536237 34.4763102199 52.3758018665 17.1760375081 16.9902641757 99.9141953994 129.48064206 159.853416301 14.3653679479 27.3033674862 13.6883225517 317.442720976 708.004530939 722.956923579 3080.79268706 11.2171036235 19.0331819562 5.81245403079 229.805923505 10.850447911 32.9743260372 10.8325438946 238.598920402 249.532182685 22.2044845444 22.0010147143 119.804560821 59.9354517096 22.8157515281 11.7295606589 23.4999524637 35.1786136031 57.0828329454 10.5254413459 120.058851038 130.230585736 9.38645967907 9.95901078504 10.1506118611 9.37858934573 8.96981167577 31.2261244248 12.0365705453 7.5419337712 -9999.0 -9999.0 -9999.0
-9999.0 -9999.0 -9999.0 -9999.0 -9999.0 -9999.0 -9999.0 -9999.0 35.7484941813 50.5447361253 16.8408567109 34.4404344917 50.6072460881 84.6559254861 16.065078343 15.3275921894 12.9595170014 13.1267146002 11.8810157188 365.393060375 13.7203422724 26.579836258 3124.54132364 3156.65149212 12.5890324583 43.9519027455 284.06406883 21.2129746106 42.7814104481 20.0381804572 29.7303753974 291.504085102 32.228544216 172.811354089 141.084078236 10.8884323133 56.4634029429 22.8305343657 34.2141588353 10.6118113884 67.4531336219 88.1293233717 97.39371105 106.278999393 166.383814751 18.2360349304 18.7536800124 17.5047672846 16.6624373498 39.5615675399 8.22538256559 27.9727608611 35.6178287586 -9999.0 -9999.0
-9999.0 -9999.0 -9999.0 -9999.0 -9999.0 -9999.0 -9999.0 -9999.0 18.3845857051 86.5832155445 102.833421396 16.2411070125 31.6458264469 15.3608361115 13.9710942154 13.6956740972 174.475362669 231.41445638 288.894939263 349.592733022 15.0694411724 13.2203788636 13.7548844856 3223.87537874 3262.36496573 3276.88589177 382.328490457 85.0760049839 74.0313981848 9.38796623928 39.0651172656 340.103637954 9.53997357778 182.441921057 10.4768708267 74.3668076392 67.8332649853 10.9099308104 44.8715727531 21.1914519792 31.5217469906 9.94504718442 8.59593159008 115.077246996 123.31999293 174.607471714 27.3081649431 25.7521721327 24.6545095259 48.1369347595 64.7045769665 8.25524185584 43.5563629617 8.27949815649 15.8837090258
-9999.0 -9999.0 -9999.0 -9999.0 -9999.0 -9999.0 -9999.0 -9999.0 -9999.0 18.6361431081 120.06590936 135.751907612 46.9927155362 77.7182607952 105.955327985 120.30466987 14.8341587198 43.7216683836 29.157849444 15.2821080412 14.6907665082 12.9182540652 25.4932302162 44.1200642806 17.642908191 3692.20874709 3705.19550096 12.0517924507 9.1844582381 18.8393215979 28.2060778178 368.223154111 18.7951412532 191.160259261 113.297154307 93.6377358669 10.3545113448 21.0092519113 54.6697730694 9.7699888342 41.01806954 19.3810879804 13.5379579288 4.6304122456 140.744295344 322.666712143 34.1520930148 32.6816275227 32.1129836407 7.40250507294 72.049385634 7.20596369708 59.0098034359 7.58997097413 23.5173775973
-9999.0 -9999.0 -9999.0 -9999.0 -9999.0 -9999.0 -9999.0 -9999.0 -9999.0 -9999.0 16.0357937557 168.021904221 15.1958111556 30.4367508776 44.1104484006 70.9110152398 13.66414798 28.5204685151 13.979448869 13.0065547058 12.2159736508 24.1522566103 11.0221592538 12.4975091467 26.1709783497 15.2838751022 3720.63360113 3746.72976994 3781.9335331 38.1686072194 9.47336844356 18.8824493948 377.998412315 351.40174912 133.326537559 9.90984118662 41.2910724513 31.0959995427 64.4966342945 19.5416883387 79.6779648595 28.9700785712 21.3894241929 2.86859442761 5.00890243784 331.04897713 339.090454695 413.127114771 55.0994786081 15.1693657771 79.8906859661 94.7487417497 160.830810407 15.0772274972 7.08188599794
-9999.0 -9999.0 -9999.0 -9999.0 -9999.0 -9999.0 -9999.0 -9999.0 -9999.0 -9999.0 -9999.0 9.66642814944 189.091168273 15.8600435875 29.167389264 126.20428418 13.4152338976 13.2579622012 11.7446599205 25.3657616612 12.4393320365 48.8914031448 70.7819573708 80.9033221709 36.1159791201 47.1358878816 12.5321582358 13.9713931743 14.2521194322 3844.64275177 3874.40758092 386.775937048 369.013278877 360.280251067 17.8172395395 8.71798203641 50.5491170847 133.659644655 73.8725222906 28.8356782221 117.713270469 40.2554361886 31.4611137505 5.55685891901 2.23231375445 2.20311318105 3.15713377885 430.434927198 508.406197888 7.42534860893 7.01095645802 7.38531853769 168.023033444 189.829574427 12.774005003
-9999.0 -9999.0 -9999.0 -9999.0 -9999.0 -9999.0 -9999.0 -9999.0 -9999.0 -9999.0 -9999.0 8.99661364312 210.182055643 255.265847125 13.4942310212 152.72159989 12.259364987 11.7249309617 23.7740626793 61.4316029237 12.0261154062 12.7112521765 10.715266503 102.203203727 112.471520179 170.521173749 192.253309623 202.251476463 214.111832283 225.437888427 4113.53470874 4520.02234974 4909.17725218 4921.11519055 9.28457685577 8.80794051671 152.233118988 143.020746228 9.20535627801 9.2269827762 128.280592108 177.788025497 7.34423625176 71.0767827625 66.1390572367 12.6503876149 6.49784083458 10.9626802809 8.16122619173 523.505076704 7.58973642691 21.0689834811 27.4701856601 233.02540874 248.158871494
-9999.0 -9999.0 -9999.0 -9999.0 -9999.0 -9999.0 -9999.0 -9999.0 -9999.0 -9999.0 -9999.0 16.5817045345 31.5397792435 269.741117629 294.634450448 12.5428800525 180.799859434 10.5742513655 32.8141867154 72.5296293744 23.1602028682 11.0829272357 22.9041164619 9.5999041202 18.8476354139 9.40108660852 8.12741864239 5.68824760613 4.89678168466 4.05957129836 3.80256387525 5.96209233575 8.69676023185 12.263394768 4954.19623147 190.672329661 171.635845329 9.14313818962 26.8455946354 6.64817844171 6.71701965686 186.458980861 283.131179936 80.4818375608 61.1311979344 7.74681364417 3.10654737169 2.68820169594 8.94580550966 540.254773145 555.390130132 7.8092572879 7.8896690106 5.21170965479 2.66040434453
-9999.0 -9999.0 -9999.0 -9999.0 -9999.0 -9999.0 -9999.0 -9999.0 -9999.0 -9999.0 -9999.0 -9999.0 13.5307505033 190.453056802 498.406462186 539.629960483 733.171316326 748.713147271 166.065763823 118.294387749 34.4680593402 10.9254242421 44.4501172568 54.8422369767 83.2562192175 19.2104403906 17.3857281926 15.0991796538 29.1768043447 13.0979952213 12.2420462091 5.99167986969 3.03490489547 3.33996841271 4964.0900538 5161.30470761 5173.68624103 9.71259210963 77.0757775964 31.2770458872 9.11322729926 311.675693665 20.0392700268 10.3492145912 41.254751342 7.5676917959 6.54569087333 12.5524257897 18.9216649817 26.1833145742 568.830105422 6.49961106775 5.89779044069 5.90084773198 4.02096978663
-9999.0 -9999.0 -9999.0 -9999.0 -9999.0 -9999.0 -9999.0 -9999.0 -9999.0 -9999.0 -9999.0 15.0779354901 145.370294965 176.379203582 27.8351394571 9.83515407115 22.4207228841 782.789341507 795.904306034 976.966940821 10.0170376698 20.8446508734 9.42023097369 9.56926516751 92.6796760836 121.292070131 147.553146712 8.64448961499 37.8304000197 59.4157689293 34.857903677 14.3825791606 9.14688672231 6.79270098303 7.71458597881 4.32679931746 5184.19826598 5193.74665226 5287.92717906 16.3961367994 8.47444886244 323.390923319 20.9964463573 10.8630758265 11.6501093755 11.5333547124 10.3536870646 17.2956747383 52.5145200408 86.5881632477 662.015178806 5.43788828926 16.2386779708 10.9228053976 8.708698864
-9999.0 -9999.0 -9999.0 -9999.0 -9999.0 -9999.0 -9999.0 -9999.0 -9999.0 -9999.0 -9999.0 15.548526915 102.097092934 16.0425679746 13.4738505749 71.7694926116 83.7160179171 95.7054585524 106.695728799 1304.26338747 1315.9795243 1338.59001905 1484.14465613 1510.94588595 1525.15749094 1534.86235347 1697.89861731 1719.79476211 1728.95259282 1797.10363033 1841.37368787 1849.82763268 1872.62391154 14.8366378181 11.9446869445 2.03136858817 2.85534620048 5202.19962415 5321.73936797 24.8575542405 383.987650118 375.190941778 39.7680422091 9.53441329076 9.63979403457 9.35858599467 9.32438833018 18.7772079278 27.3421820347 8.48390204309 668.468876753 675.227340426 708.455541518 714.350980587 728.66641972
-9999.0 -9999.0 -9999.0 -9999.0 -9999.0 -9999.0 -9999.0 -9999.0 -9999.0 -9999.0 -9999.0 52.9125196387 69.8571077458 31.9587752523 46.858725995 14.6331977199 163.847788659 176.217830975 200.819028255 209.443272097 78.8364393975 1433.56999431 1443.35006017 7.37367138442 4.56388652647 3.6534531177 8.69837263959 4.19013037173 2.89149974404 2.7443715224 3.34158021808 1855.46599572 1879.1506622 1903.44309332 1923.93281176 1935.14120678 4.42660229277 2.12883466357 5730.92917519 400.586694134 393.176918055 8.68168749931 8.25857885323 7.78328101917 17.5385973833 17.2912496689 8.08794894486 8.11984123623 7.69001297031 16.0169745122 22.0728608216 5.38268524942 10.0195818619 3.31846558182 0.966984241006
-9999.0 -9999.0 -9999.0 -9999.0 -9999.0 -9999.0 -9999.0 -9999.0 -9999.0 -9999.0 -9999.0 -9999.0 35.7431198329 16.6022253627 14.7117609601 139.099859308 151.977982264 12.9150634918 49.566859984 60.9413631866 69.9474740198 10.4869624648 7.92451832876 199.972910869 206.477116993 212.177571885 569.037755536 572.522670677 577.938851416 619.35921044 635.936942877 638.286665908 2.79839692678 2.98782509436 3.23736320747 1948.17636623 4.38246551184 5807.85692731 5797.50922888 59.9165649412 52.023428055 33.2951589752 8.33374448151 15.517665374 25.4548594783 25.2089771551 15.8130618911 7.83038204908 15.4106264283 15.1448702663 28.8227647178 4.0145892562 13.7686142221 22.514332221 24.634180543
-9999.0 -9999.0 -9999.0 -9999.0 -9999.0 -9999.0 -9999.0 -9999.0 -9999.0 -9999.0 -9999.0 -9999.0 18.4024324052 50.4665991566 65.5320682056 110.365032882 12.6343044698 25.7539813396 38.0112380176 149.771669042 158.697271823 164.510478969 173.212118109 184.328569507 306.162168071 337.944036248 352.550263096 4.31292369924 35.1870687823 39.2003098362 627.928636735 641.694279997 648.739664976 656.174834559 661.899200186 2616.61371975 10.531834179 5833.52067595 6.60625507446 2.54983770151 43.6924464756 39.333070823 4.79454369364 22.4659913243 32.6035671097 32.35229184 22.5755247143 37.1905605212 58.913607709 21.7266663895 56.7790690429 4.01075929573 5.47907903399 1.01600650167 0.888591788235
