data/baseflow/mHMbf_acc585.asc
ncols                  80
nrows                 72
xllcorner      4374000.0
yllcorner      5656000.0
cellsize            500
NODATA_value       -9999
[rows 24 to 47 of 72, columns 0 to 54 of 80]
-9999.0 -9999.0 -9999.0 -9999.0 -9999.0 -9999.0 -9999.0 -9999.0 -9999.0 -9999.0 -9999.0 -9999.0 7.03549720841 18.505190064 24.1834492812 41.2300352916 5.0229537651 10.1543705951 14.8209166807 57.4022205996 59.9767099919 60.9976664511 63.732964531 67.900732701 129.108897598 140.815632544 144.795591425 0.57042106256 9.50901265382 10.0020096886 234.551048813 236.304363528 237.288723835 238.397687769 239.226546285 949.674382377 6.93439189958 2264.14840012 1.14269124265 0.280902807605 15.8723114587 14.9934308001 1.35975872953 9.21353010968 13.2779113172 13.194627284 8.98372045146 14.7122717969 23.354838008 8.8399971781 23.2894859641 1.31750805991 1.74164003011 0.123660971812 0.104229882198
-9999.0 -9999.0 -9999.0 -9999.0 -9999.0 -9999.0 -9999.0 -9999.0 -9999.0 -9999.0 -9999.0 -9999.0 6.21289238515 12.3458446959 5.71105219109 11.4225554916 4.85540624892 38.4248255553 48.0670481464 52.9024716211 4.39761119723 7.63558254338 103.347918328 122.581796034 125.590801846 7.97259993807 7.13619899423 8.76604016148 0.381427481501 0.320917967007 0.597794625989 0.544396259023 237.275746425 238.177916973 239.056244619 954.378285574 2277.46062715 2264.50958758 0.406740483562 0.212679402997 0.192346022578 1.78314886352 1.61822710554 9.74796924635 14.8666261704 30.933438106 2.87493994109 2.87408016651 25.0451304993 26.6821748706 53.7844658275 54.7308895787 56.6103465846 56.8498231396 0.222634137813
-9999.0 -9999.0 -9999.0 -9999.0 -9999.0 -9999.0 -9999.0 -9999.0 -9999.0 -9999.0 -9999.0 -9999.0 -9999.0 5.73412306623 11.6499170878 17.6712962297 27.9752220463 5.60097283869 5.03340778263 55.9363536922 60.4293924006 97.3449003553 101.838753569 12.4644463815 4.22660484329 3.97436015467 3.68707184713 233.776040464 234.856246501 235.345652575 235.66740031 236.59431239 14.1810732406 16.0429316854 256.82624172 3490.96086506 7.13616209016 4.61209734601 1.04104794006 0.385068965824 0.202318326342 2.17055954663 2.31584638358 10.0798957552 0.165127287077 31.2383945467 3.70301690734 3.60293821549 0.1846423473 0.119640162863 0.113513222359 0.589069761061 0.119255805044 56.9719532925 759.79942935
-9999.0 -9999.0 -9999.0 -9999.0 -9999.0 -9999.0 -9999.0 -9999.0 -9999.0 -9999.0 -9999.0 -9999.0 -9999.0 -9999.0 5.49471919684 16.6506939109 28.5061675199 40.8132247573 45.8700011272 51.1113923306 14.9663528672 24.6978511072 4.40789167838 4.24482111563 214.525498614 222.820465362 226.752867733 230.833945897 2.57061108923 3.93775401024 11.2587012392 11.9827923008 12.7930536021 1.97766844147 3.93917886396 3501.97426469 3.11059881842 2.84561076508 1.3429612734 2.68770525418 1.22085058972 0.966901708571 13.0489958332 15.1703487549 0.657353935925 32.2825282454 36.1219821713 3.79307839831 777.138041796 776.795046934 776.518564005 775.29772826 774.022614824 762.744537342 761.443547252
-9999.0 -9999.0 -9999.0 -9999.0 -9999.0 -9999.0 -9999.0 -9999.0 -9999.0 -9999.0 -9999.0 -9999.0 -9999.0 -9999.0 4.37573854729 9.42385382793 12.3772176512 142.686917107 147.862629332 5.27239675774 5.07768052389 4.85859012504 196.803458546 206.066676453 4.43864471217 4.39348835557 3.74066133669 15.0272903335 18.6827712502 7.67117774075 9.11198026269 86.9414929124 88.7004782634 94.8661601901 150.3734512 3655.23799332 3.74908296962 1.23922438311 4.68810712889 3.6503218591 1.09283047201 3.23792972912 4.41840238335 16.5102238672 17.873814559 55.9009883738 36.5108602836 4.00336573808 795.337193564 10.0432327249 776.186827727 775.772644962 9.95843938643 1.41034475893 0.189174210745
-9999.0 -9999.0 -9999.0 -9999.0 -9999.0 -9999.0 -9999.0 -9999.0 -9999.0 -9999.0 -9999.0 -9999.0 -9999.0 -9999.0 22.6192236481 37.3615549104 73.4209138848 133.668147748 161.449509908 177.794005997 182.699651346 187.698184231 192.496261291 4.53432379338 4.09996084667 7.92349587439 7.5579474199 3.8606073146 76.1609111999 79.7238566339 83.0660326455 86.0907404158 43.1085805256 43.8790399475 49.5253589465 3657.6517656 6.96006256645 3.82820588905 9.10676312558 0.86521231831 3.99915270409 2.54383546624 1.1057680589 6.29635649686 1.07994329908 1.10414752386 857.222700918 800.373618396 799.204748573 3.88622929788 9.71769413558 5.26809112228 0.645099073413 5.64528421635 0.82513749176
-9999.0 -9999.0 -9999.0 -9999.0 -9999.0 -9999.0 -9999.0 -9999.0 -9999.0 -9999.0 -9999.0 -9999.0 -9999.0 -9999.0 15.8047164914 15.7290955829 31.2096621502 45.9761824184 7.61901323867 5.67447762054 10.821708194 15.8001782124 25.057199299 29.6622501092 33.9251009015 46.1824988665 50.0088900043 54.0671094133 3.51795987491 37.4045079317 39.8290693149 41.1231481807 0.685588967657 0.340498571476 0.606702850549 3707.92249021 3710.23616011 3721.58162807 11.6829779875 1.7797402029 5.38296087665 1.15553146995 2.10632249177 7.52488679179 9.54904903466 2.03937365306 863.146170873 2.53395469647 2.34634870734 2.28596832224 2.90825647051 3.59726892194 1.63302787803 4.65235560119 2.42837602144
-9999.0 -9999.0 -9999.0 -9999.0 -9999.0 -9999.0 -9999.0 -9999.0 -9999.0 -9999.0 -9999.0 -9999.0 -9999.0 -9999.0 -9999.0 15.4570483034 30.1697769727 13.6707955838 27.3085574987 167.268098897 174.262720188 179.128010829 4.65884394733 4.62100073865 8.88613714346 13.0688532257 20.6973187589 24.4318874541 27.0274692437 30.3515302418 2.62310342921 1.59227783079 44.3465109459 44.9766596439 45.8119958661 47.2881265623 45.0569368556 3773.24708852 3794.40051047 3795.28946401 3801.49056962 3805.90343402 3809.61246042 1.21087676326 10.6141185211 864.369664407 2.85903524422 1.46071123293 2.81863786545 2.7166460671 4.17750009357 2.02911292376 1.14238150259 1.50317905124 0.897948223342
-9999.0 -9999.0 -9999.0 -9999.0 -9999.0 -9999.0 -9999.0 -9999.0 -9999.0 -9999.0 -9999.0 -9999.0 -9999.0 -9999.0 -9999.0 -9999.0 44.7070246678 58.7037573571 101.190505528 127.323439551 12.0219232701 196.546517648 201.144455448 205.633434394 4.41199705384 8.66484014001 3.87954152263 28.8493297675 30.7534438104 33.9122619651 36.8032757967 42.6533452892 43.8550995261 0.648467981969 37.7784777249 41.1457588111 43.4954781402 49.4330612552 7.55864035216 4.49999623462 2.23341696731 2.08075937504 3813.18134754 3815.31522861 3835.01507336 865.899969734 9.08835883387 4.86670800928 3.7310157342 0.763397128612 8.36959245385 3.27248496256 1.03219512334 4.99771131583 4.09622929712
-9999.0 -9999.0 -9999.0 -9999.0 -9999.0 -9999.0 -9999.0 -9999.0 -9999.0 -9999.0 -9999.0 -9999.0 -9999.0 -9999.0 -9999.0 -9999.0 15.0470355232 73.3768242652 88.0383596747 11.8942861628 5.00000308972 10.1322999028 14.7471779225 224.926324576 4.37920976051 17.5949375684 21.6037438461 25.5279001808 2.28060209305 5.06873930318 5.83651813009 29.2768949085 32.1028683578 33.8541251951 1.63429652447 1.2357444709 1.07530931931 1.96902676434 0.697224614207 0.746889670934 1.50882702785 1.12535220436 1.56498443449 7.40360609832 3837.23246092 4708.92190054 11.2921333128 1.56467938193 1.09058851688 21.8516380155 20.203693761 10.5468908733 9.13942991686 6.3341446395 1.4588652061
-9999.0 -9999.0 -9999.0 -9999.0 -9999.0 -9999.0 -9999.0 -9999.0 -9999.0 -9999.0 -9999.0 -9999.0 -9999.0 -9999.0 -9999.0 13.8788605477 42.5892175817 13.8116242607 8.34899709435 5.63795524994 10.8854150569 15.9283266933 22.6931868597 258.888173788 263.106529034 4.33929283249 8.34408603453 12.3464867232 14.8778073467 16.9554354321 23.3912774062 27.7823568311 0.578399465701 0.9725077546 0.979850997021 1.59187068613 1.50724898129 1.46959423815 1.27831688484 1.42725017245 8.27997817787 4.15353802952 3.60282687875 3.61949087344 2.0478239856 3.72251312003 4803.3630547 82.0540782623 31.139510702 6.30919467404 3.13494328325 1.81347568578 4.31450645218 2.31164626094 0.923735584768
-9999.0 -9999.0 -9999.0 -9999.0 -9999.0 -9999.0 -9999.0 -9999.0 -9999.0 -9999.0 -9999.0 -9999.0 -9999.0 -9999.0 14.49315531 28.1906806718 98.6137359244 13.7414359305 20.4736344992 25.9139475557 31.0059708378 5.30216899307 9.93802342028 19.265168705 292.702597206 4.11462460074 7.90209317144 11.6412843277 3.37026559052 6.41027284772 6.94005096031 9.92665602016 427.25419551 429.652158605 432.188583161 445.401749186 449.829803387 460.049939844 3.10528881263 6.27414187211 9.80223770112 496.515370731 502.000640888 3.30413515388 4.67770120475 6.06834994656 4806.39174433 79.7849084334 38.5366856515 34.5082974933 30.6804721159 27.554405188 5.68187158305 1.73954982437 2.29912279582
-9999.0 -9999.0 -9999.0 -9999.0 -9999.0 -9999.0 -9999.0 -9999.0 -9999.0 -9999.0 -9999.0 -9999.0 -9999.0 -9999.0 14.6927687496 44.5896110247 157.85132843 235.257401522 12.7477593213 306.816414336 350.002568745 4.94272642074 9.5054549029 17.282303197 345.868476065 353.926624514 3.55089643556 18.7373431402 21.8806117024 23.7754139531 411.935943452 413.921630725 416.746060269 1.65568362278 9.39368820858 11.1627299759 5.33300326849 7.61025394707 471.188533053 481.155006104 483.21739047 485.217252396 504.94150617 1.44090354067 1.34830406055 8.85325427895 4809.97639238 5.56079496717 0.300919633949 0.567587267584 0.164573046664 22.851696134 22.541091252 13.7062097689 8.68148013757
-9999.0 -9999.0 -9999.0 -9999.0 -9999.0 -9999.0 -9999.0 -9999.0 -9999.0 -9999.0 -9999.0 -9999.0 -9999.0 -9999.0 -9999.0 -9999.0 31.3569366446 63.3688416949 279.086334758 294.126618303 363.559361174 376.165208862 4.8910962134 9.77731467347 25.1189557741 364.725596162 373.118575198 376.356404532 2.75120792281 385.632944798 387.447509369 1.37679423183 1.67502814979 3.21055146668 6.34096556364 1.57714021993 3.23168456173 7.35210743411 9.27799110017 1.79700764108 1.36385579823 2.76075343538 513.873381665 516.457088698 517.671566627 529.671179171 4812.99798874 5.53580655801 0.226842786535 0.100650678573 0.0968429528949 0.100981685264 0.0847752271465 0.152839509829 2.11307739065
-9999.0 -9999.0 -9999.0 -9999.0 -9999.0 -9999.0 -9999.0 -9999.0 -9999.0 -9999.0 -9999.0 -9999.0 -9999.0 -9999.0 -9999.0 -9999.0 16.4490336248 16.1502358175 15.5820096335 29.6010759494 13.1472336421 402.413514378 413.979253782 5.63505713339 10.0711320357 4.34421392118 3.77057802933 3.67340856395 381.246563072 0.429249008469 0.883933886155 0.974914609087 1.68580436397 1.55851793002 1.3122435597 1.35518891318 4.15844037035 5.66839373016 1.19640909192 1.08542485958 2.33854211143 3.82855336077 4.6372856512 1.07664418866 519.1753523 531.002418815 4815.58186813 9.73467045392 0.34503164696 0.0486588882056 0.133502934643 0.0380164299794 0.0286386547226 0.185527780536 9.11700228537
-9999.0 -9999.0 -9999.0 -9999.0 -9999.0 -9999.0 -9999.0 -9999.0 -9999.0 -9999.0 -9999.0 -9999.0 -9999.0 -9999.0 -9999.0 -9999.0 -9999.0 -9999.0 15.9512961835 44.2485982009 57.1839763581 70.1440929195 426.464664927 438.525559808 449.802236818 459.037352189 462.600759605 469.855766903 470.342619622 470.701975845 471.256260329 1.49907594398 1.43721211424 1.506211957 5.5804240421 1.47442324965 1.43542084686 1.1884258738 3.52765932645 1.37381680907 1.1307165037 1.06179900151 0.929410533479 1.85549055965 2.73341905039 536.72425574 5364.31254295 3.7851118568 6.80709383724 0.032515244344 0.256551828862 0.30794695066 0.0576266085332 16.4742555715 14.9217173327
-9999.0 -9999.0 -9999.0 -9999.0 -9999.0 -9999.0 -9999.0 -9999.0 -9999.0 -9999.0 -9999.0 -9999.0 -9999.0 -9999.0 -9999.0 -9999.0 -9999.0 -9999.0 -9999.0 13.6510921198 105.957806268 204.958776256 217.930091515 10.8941727316 16.5598416833 20.9480891551 24.4458710358 48.2327174481 49.561520407 1.3688055314 1.31435504113 474.263013332 477.03513371 478.374396085 6.73225939318 1.10054205022 2.62066451268 3.85771553058 11.5375602041 14.1438082581 16.3188641185 2.02105588811 2.85852690197 0.975951010064 1.95642871922 1.01591771233 5366.40174493 3.32567644116 13.3592063635 2.94608089675 3.90336422387 19.8651663732 21.5412684602 39.7573880459 10.9246702041
-9999.0 -9999.0 -9999.0 -9999.0 -9999.0 -9999.0 -9999.0 -9999.0 -9999.0 -9999.0 -9999.0 -9999.0 -9999.0 -9999.0 -9999.0 -9999.0 -9999.0 -9999.0 14.9239952711 47.1658129636 92.5666276704 121.245252183 305.22684704 317.275868268 9.21707035901 13.646590231 17.3351187117 20.6874425923 50.1871157442 52.5702636722 82.1989766098 84.240372502 85.5241356325 479.784834877 490.398734214 2.57150592396 1.60344606064 1.55092954563 3.02547492895 1.41577317708 19.0467399408 20.0893783678 3.79451284817 4.62947668283 1.00048791426 1878.19765519 1880.39194581 7248.71838971 7266.51373384 3.59839786668 11.3506340982 7.36451374211 4.83408230323 45.7111706277 58.1978486413
-9999.0 -9999.0 -9999.0 -9999.0 -9999.0 -9999.0 -9999.0 -9999.0 -9999.0 -9999.0 -9999.0 -9999.0 -9999.0 -9999.0 -9999.0 -9999.0 -9999.0 -9999.0 -9999.0 16.7167904398 16.251038973 30.9922563576 73.9490676771 330.349035786 4.73341015563 4.66909947976 8.43030186158 12.0874060593 25.8610432095 26.6999757561 0.65165861094 1.38612236672 87.230125255 88.7376968983 580.432581027 581.611049846 1.01852984342 0.918606373714 0.808229786088 0.815139732868 0.859331835817 1860.08469565 1866.17079426 1871.58812689 1873.33944622 1877.32732241 1.1480453474 4.28869701464 5.525301428 7275.99126054 7278.32638595 7279.93621354 7280.92502647 7281.67533125 59.4259507709
-9999.0 -9999.0 -9999.0 -9999.0 -9999.0 -9999.0 -9999.0 -9999.0 -9999.0 -9999.0 -9999.0 -9999.0 -9999.0 -9999.0 -9999.0 -9999.0 -9999.0 -9999.0 -9999.0 -9999.0 15.1233650266 15.7129081023 29.3687036442 387.594787248 399.278761217 4.57144631466 8.25685089089 11.9988157659 13.1597328028 0.878151708753 2.31061889012 703.116136213 704.566572731 705.857508197 715.907029752 1298.64966661 1821.26769896 1823.57487981 1825.74233536 1827.82978971 1836.28385409 1838.95311917 5.16781626538 2.37810717173 1.40389052 2.66986425748 2.12515555761 3.34223366223 1.09729307844 22.5137360465 30.8169020023 38.6080389322 39.3846351367 7282.5203894 7343.07915049
-9999.0 -9999.0 -9999.0 -9999.0 -9999.0 -9999.0 -9999.0 -9999.0 -9999.0 -9999.0 -9999.0 -9999.0 -9999.0 -9999.0 -9999.0 -9999.0 -9999.0 -9999.0 -9999.0 -9999.0 -9999.0 15.3811616681 29.5498746215 43.7591080352 410.776460963 8.15279852314 538.44000481 542.296653327 543.161745266 544.537089039 697.041923476 698.994294792 1.60132995237 7.54980991017 9.12129884587 1.66133478817 520.290647719 517.224538298 1.06653206527 2.47796531861 6.55188367657 1.40826626717 1.50504565275 1.20062446062 1.07090773185 0.865941889045 1.01318212418 18.9415410071 20.0158962647 21.2672119164 6.38720060166 5.43794376327 42.8321131106 44.3584475901 44.9961197401
-9999.0 -9999.0 -9999.0 -9999.0 -9999.0 -9999.0 -9999.0 -9999.0 -9999.0 -9999.0 -9999.0 -9999.0 -9999.0 -9999.0 -9999.0 -9999.0 -9999.0 -9999.0 -9999.0 -9999.0 -9999.0 14.1903376035 13.3656761744 68.9637629034 505.406572508 526.01117645 534.811978335 3.78245653826 149.599457605 150.356289625 150.856461546 1.66686251546 3.43151525289 5.06280145852 124.849973377 126.170720548 127.36110782 514.979779007 331.306863538 1.39080412481 1.39841556749 1.32522038407 1.10916690427 11.0108819843 13.3855342491 15.5059259525 16.7004478346 17.8577601212 98.7815841841 99.7276683279 100.547672363 102.392573451 113.478869313 114.205362907 160.028475515
-9999.0 -9999.0 -9999.0 -9999.0 -9999.0 -9999.0 -9999.0 -9999.0 -9999.0 -9999.0 -9999.0 -9999.0 -9999.0 -9999.0 -9999.0 -9999.0 -9999.0 -9999.0 -9999.0 -9999.0 -9999.0 -9999.0 27.8045883298 42.2687086103 13.1541809183 4.67044184468 138.448819306 142.456070751 144.648100278 27.5495296541 27.9704768795 28.5534618434 30.0019540896 121.936896375 123.620678468 52.3664737344 181.157655767 182.503125413 330.222890647 2.73886929138 1.38064090303 1.03615081297 7.49215849783 8.81082649702 0.912681654645 0.859949543813 94.4496694452 96.6851408567 97.9080875419 0.919542357008 1.32239067106 111.420306703 1.22473322769 5.46871519207 6.14625205299
-9999.0 -9999.0 -9999.0 -9999.0 -9999.0 -9999.0 -9999.0 -9999.0 -9999.0 -9999.0 -9999.0 -9999.0 -9999.0 -9999.0 -9999.0 -9999.0 -9999.0 -9999.0 -9999.0 -9999.0 -9999.0 -9999.0 13.9330736018 27.5688469695 109.957912082 122.488013687 129.705897963 24.1906501619 27.1360519386 0.474720898234 89.4074485882 89.8180484635 90.3061678385 1.03976019372 49.199748786 50.9287796783 1.3954577301 323.248815655 2.94726632991 1.4671518244 3.96795579541 5.35265118586 1.12428555388 0.947210675316 83.8612356987 92.3240434048 93.6634817125 1.25397006169 2.93323737227 3.72008355841 4.49006136833 8.47989715619 2.02145050288 4.46547348069 0.959641992215
