data/baseflow/mHMbf_acc341.asc
ncols                  80
nrows                 72
xllcorner      4374000.0
yllcorner      5656000.0
cellsize            500
NODATA_value       -9999
[rows 0 to 24 of 72, columns 0 to 54 of 80]
-9999.0 -9999.0 -9999.0 -9999.0 -9999.0 -9999.0 -9999.0 -9999.0 -9999.0 -9999.0 -9999.0 -9999.0 29.5921959473 22.0463149311 -9999.0 -9999.0 -9999.0 -9999.0 -9999.0 -9999.0 -9999.0 -9999.0 -9999.0 -9999.0 -9999.0 -9999.0 -9999.0 -9999.0 -9999.0 -9999.0 -9999.0 -9999.0 -9999.0 -9999.0 -9999.0 -9999.0 -9999.0 -9999.0 -9999.0 -9999.0 -9999.0 -9999.0 -9999.0 -9999.0 -9999.0 -9999.0 -9999.0 -9999.0 -9999.0 -9999.0 -9999.0 -9999.0 -9999.0 -9999.0 -9999.0
-9999.0 -9999.0 -9999.0 -9999.0 -9999.0 -9999.0 -9999.0 -9999.0 -9999.0 -9999.0 -9999.0 -9999.0 58.9832482459 122.781953963 18.2294379718 -9999.0 14.5432273474 -9999.0 -9999.0 -9999.0 -9999.0 -9999.0 -9999.0 -9999.0 -9999.0 -9999.0 -9999.0 -9999.0 -9999.0 -9999.0 -9999.0 -9999.0 -9999.0 -9999.0 -9999.0 -9999.0 -9999.0 -9999.0 -9999.0 -9999.0 -9999.0 -9999.0 -9999.0 -9999.0 -9999.0 -9999.0 -9999.0 -9999.0 -9999.0 -9999.0 -9999.0 -9999.0 -9999.0 -9999.0 -9999.0
-9999.0 -9999.0 -9999.0 -9999.0 -9999.0 -9999.0 -9999.0 -9999.0 -9999.0 -9999.0 28.7718945274 27.8225874384 28.7799837285 27.9666109091 176.609237841 196.445596602 41.539859964 13.3815358553 -9999.0 -9999.0 -9999.0 -9999.0 -9999.0 -9999.0 -9999.0 -9999.0 -9999.0 -9999.0 -9999.0 -9999.0 -9999.0 -9999.0 -9999.0 -9999.0 -9999.0 -9999.0 -9999.0 -9999.0 -9999.0 -9999.0 -9999.0 -9999.0 -9999.0 -9999.0 -9999.0 -9999.0 -9999.0 -9999.0 -9999.0 -9999.0 -9999.0 -9999.0 -9999.0 -9999.0 -9999.0
-9999.0 -9999.0 -9999.0 -9999.0 -9999.0 -9999.0 -9999.0 -9999.0 -9999.0 27.853943889 56.7129696879 112.479643238 55.993615464 27.4191804069 54.1888313616 223.01305722 296.742487069 15.1968028227 -9999.0 28.4297601751 -9999.0 -9999.0 -9999.0 -9999.0 28.7379046609 14.4758226544 -9999.0 -9999.0 -9999.0 -9999.0 -9999.0 -9999.0 -9999.0 -9999.0 -9999.0 -9999.0 -9999.0 -9999.0 -9999.0 -9999.0 -9999.0 -9999.0 -9999.0 -9999.0 -9999.0 -9999.0 -9999.0 -9999.0 -9999.0 -9999.0 -9999.0 -9999.0 -9999.0 -9999.0 -9999.0
-9999.0 -9999.0 -9999.0 -9999.0 -9999.0 -9999.0 -9999.0 -9999.0 29.626085927 85.9356193523 113.016198033 140.406988333 195.233852243 26.347206212 105.871231858 131.675200023 468.72324434 22.2403392166 24.9071042318 54.4436468199 79.7439541313 26.0270217309 -9999.0 76.3318263603 62.3950764307 17.5392125582 -9999.0 -9999.0 -9999.0 -9999.0 -9999.0 -9999.0 -9999.0 -9999.0 -9999.0 -9999.0 -9999.0 -9999.0 -9999.0 -9999.0 -9999.0 -9999.0 -9999.0 -9999.0 -9999.0 -9999.0 -9999.0 -9999.0 -9999.0 -9999.0 -9999.0 -9999.0 -9999.0 -9999.0 -9999.0
-9999.0 -9999.0 -9999.0 -9999.0 -9999.0 -9999.0 29.8701168915 28.1302998549 27.5283559553 27.7507798469 28.0103084019 196.662249942 419.259884561 446.474660291 470.746183312 23.5589480879 516.38911386 541.016619357 50.6558792626 25.5749563182 104.640399261 181.279070553 24.9017322576 149.271701038 26.5374566207 25.4592605773 27.4732021601 -9999.0 -9999.0 -9999.0 -9999.0 -9999.0 -9999.0 -9999.0 -9999.0 -9999.0 -9999.0 -9999.0 -9999.0 -9999.0 -9999.0 -9999.0 -9999.0 -9999.0 -9999.0 -9999.0 -9999.0 -9999.0 -9999.0 -9999.0 -9999.0 -9999.0 -9999.0 -9999.0 -9999.0
-9999.0 -9999.0 -9999.0 -9999.0 -9999.0 -9999.0 59.3823458859 87.9297087425 200.426397213 282.177355015 26.2331852872 26.9553935839 26.0040943181 76.5691567705 571.404145468 22.9715062902 565.26000988 659.989282231 74.4751165002 49.0437826865 205.087230004 25.15986402 174.497461957 50.5980494745 25.3406660931 50.2347464453 54.1954547406 27.4208004149 28.0695281379 27.8316669238 28.3032021028 56.8624017979 -9999.0 -9999.0 -9999.0 -9999.0 -9999.0 -9999.0 -9999.0 -9999.0 -9999.0 -9999.0 -9999.0 -9999.0 -9999.0 -9999.0 -9999.0 -9999.0 -9999.0 -9999.0 -9999.0 -9999.0 -9999.0 -9999.0 -9999.0
-9999.0 -9999.0 -9999.0 -9999.0 -9999.0 30.5777021621 60.2016926843 29.3080450488 57.6269404646 310.626459276 364.681386535 418.662124502 1314.99195739 25.3440080768 596.598073191 2104.58732518 2122.75409555 2814.6132729 20.1588025133 72.7244862909 229.061855872 23.8390031254 455.764329604 256.563006268 156.073735593 130.498818028 26.5558792656 81.8936347569 82.6698087433 55.2458724182 27.0785162637 84.5613307745 27.0213852967 26.9094380824 -9999.0 -9999.0 -9999.0 -9999.0 -9999.0 -9999.0 -9999.0 -9999.0 -9999.0 -9999.0 -9999.0 -9999.0 -9999.0 -9999.0 -9999.0 -9999.0 -9999.0 -9999.0 -9999.0 -9999.0 -9999.0
-9999.0 -9999.0 -9999.0 -9999.0 -9999.0 30.7386375094 90.5082993088 180.369293073 208.990245942 415.700851152 443.520750109 528.949254746 870.82414121 1387.78681122 1438.33045177 1461.79574145 45.0871228392 2894.85811702 2936.19961162 3055.18178694 3836.82996527 528.516575425 480.855257727 181.070236975 24.9394145363 157.201240023 106.781870478 24.4226481546 108.008958715 24.7989137412 51.1702308889 136.818712339 162.929095937 52.957881574 25.8249035336 25.9666201747 -9999.0 -9999.0 -9999.0 -9999.0 15.0204309774 12.9041838697 -9999.0 -9999.0 -9999.0 -9999.0 -9999.0 -9999.0 -9999.0 -9999.0 -9999.0 -9999.0 -9999.0 -9999.0 -9999.0
-9999.0 -9999.0 -9999.0 -9999.0 -9999.0 30.264916699 29.5542596437 120.335921619 149.107049388 178.474119697 28.7904151387 57.312085449 321.789949675 58.3153521591 27.6008541251 26.2535659055 24.1003551784 26.2869183467 25.662853818 25.6436287766 3861.70241011 3933.34797186 23.8556206599 73.378938822 49.7388304782 181.611513404 49.0132172059 23.8835458486 133.585360809 48.708760097 117.225235994 289.235947324 267.178190321 78.4698009047 76.974212959 26.0869164226 25.9538056167 -9999.0 -9999.0 26.0770299458 34.3471985674 74.0231708821 13.4166034186 -9999.0 -9999.0 -9999.0 -9999.0 -9999.0 -9999.0 -9999.0 -9999.0 -9999.0 -9999.0 -9999.0 -9999.0
-9999.0 -9999.0 -9999.0 -9999.0 -9999.0 -9999.0 31.0037543451 30.7022056624 60.519555891 90.335122968 207.005850672 265.368130422 294.716397521 31.0693151145 26.1075852439 333.341607891 411.148516475 436.324246213 539.379687139 563.955817513 24.3826579908 3957.7437216 4078.26663654 96.4388365975 19.9592361993 204.587366897 456.548222237 180.472036808 47.5308207041 23.9095861987 453.155128201 313.355785605 23.6126019012 23.8108724829 101.067764778 76.6794876787 24.6467114047 24.1566597516 25.2257583134 50.9464459037 24.5549433799 89.8557819274 113.291159005 22.4253251588 -9999.0 -9999.0 -9999.0 -9999.0 23.9560317984 23.153345248 7.30044048495 -9999.0 -9999.0 -9999.0 -9999.0
-9999.0 -9999.0 -9999.0 -9999.0 -9999.0 -9999.0 -9999.0 30.7421325944 28.5237156297 58.4192715837 88.0468519888 29.4143859777 28.1832618541 171.541863033 226.162856589 281.534841698 26.3517304058 52.8005733212 25.8812908767 588.749882932 1289.4517158 1304.51542369 5426.06097523 24.0055209012 59.8798053957 19.2487338442 479.477289515 23.2939732616 71.7200271584 23.6533478024 476.5179475 499.813774707 47.320259404 47.3634435099 252.131479216 126.279781086 48.9217253068 24.8788722856 50.5077972373 75.9282781481 124.090880936 23.399918348 157.004470784 176.737624603 18.0593040537 19.1497407104 19.5555666931 18.2364030279 17.3520730134 67.4563732936 27.7787375754 18.3919016267 -9999.0 -9999.0 -9999.0
-9999.0 -9999.0 -9999.0 -9999.0 -9999.0 -9999.0 -9999.0 -9999.0 59.4520710019 87.4074861036 29.3518193904 59.0520184149 87.4917406797 144.884973998 29.0085770285 28.4309499035 26.0315557341 26.34945561 24.8588626625 650.683597586 26.2602968481 51.9913924279 5494.55931704 5542.82642692 25.6446755193 110.736195988 612.648894018 45.9720983683 93.4449708902 44.5206832051 65.863445944 590.374924108 69.1877339182 366.886425287 297.959917135 23.2301390321 121.278319808 48.8007085124 74.1927022014 23.656160618 146.785495559 191.151311027 208.544260215 225.257422845 244.965267515 34.418192973 35.6400096387 33.3923808541 31.4866373859 84.7603144495 18.3749934718 64.9910668336 82.4029416789 -9999.0 -9999.0
-9999.0 -9999.0 -9999.0 -9999.0 -9999.0 -9999.0 -9999.0 -9999.0 30.3654102785 147.517280237 176.507173145 29.0645944403 57.4906350064 28.4372674862 27.5197743566 27.1489639226 331.532298508 440.848747388 539.690696576 634.719340158 23.8528535869 25.9739264444 26.9567685438 5652.94505375 5702.02387447 5725.64418226 823.885071682 185.115599885 161.617345942 20.975361844 86.7936996159 698.400380689 21.2876452608 388.34802887 22.9110983194 156.831830367 145.441810892 23.7036802715 97.7097724477 47.1055573936 70.0447626621 21.0988987477 16.5818158623 241.810950914 257.002780515 260.120918536 51.6319839302 48.7898537864 46.6212562137 103.973753522 140.936653586 18.4263214018 100.300677596 18.8084300421 36.1448746779
-9999.0 -9999.0 -9999.0 -9999.0 -9999.0 -9999.0 -9999.0 -9999.0 -9999.0 30.3087950323 205.936590991 234.804550871 86.1134179097 142.893284004 197.799322682 225.204789952 27.6252185984 83.212811175 55.4223890074 27.7888380835 27.9543395406 26.4080373486 52.792094627 89.2965301169 29.5754331831 6602.02569258 6627.78462901 24.1067323631 19.3556214761 42.3114984099 63.1883507079 760.81455539 41.7153077553 407.882377496 242.60691168 199.160702169 22.7934764233 46.196837048 119.709879355 21.9035323724 91.389528473 42.0422192507 30.3648605077 14.5851986705 300.438447232 573.337959327 63.2483635301 60.7132289409 62.0567791814 15.9699665216 156.679096755 15.4489777867 134.638448912 17.1641358368 53.2677240631
-9999.0 -9999.0 -9999.0 -9999.0 -9999.0 -9999.0 -9999.0 -9999.0 -9999.0 -9999.0 28.5334238601 292.304509069 28.6132215888 57.0692982991 84.0187379015 137.808072008 27.2757427404 55.6617104621 27.7796727596 26.9636844306 26.0548974114 51.704105656 24.137969389 26.5326210906 54.0658676718 29.3003325749 6651.69261535 6699.18523921 6768.46323461 84.1531389081 21.2695578213 42.383292795 782.326023309 754.933312522 286.67371952 21.9409557433 91.1866508986 68.6494168117 141.76258162 43.8780104891 176.170042934 63.197348157 48.8317666938 12.6783347767 15.171590697 589.487148989 603.533533769 740.089545245 111.666398341 32.8097335649 173.411555449 205.230312346 355.113061949 33.7620850899 16.0505743548
-9999.0 -9999.0 -9999.0 -9999.0 -9999.0 -9999.0 -9999.0 -9999.0 -9999.0 -9999.0 -9999.0 15.7121383966 326.960490597 27.7736549889 54.3731484999 245.619209202 27.3687146022 27.3019992407 25.7067952034 53.5175214274 26.3665830363 104.283182564 152.656753615 175.650996885 76.2332093558 97.9798537827 24.5169085512 28.6837118671 25.5779607254 6896.094826 6958.49277731 801.71372325 793.789972557 774.471112805 40.2105589284 19.7489697661 112.032650417 295.631480067 162.796359104 64.8312681169 261.160907568 111.101398335 91.6025450863 25.9191091954 10.7391611578 10.1503707607 11.3161793438 792.514325087 949.878213771 15.9470614143 14.7126318681 15.7215174872 370.453441348 419.293261056 29.7256490278
-9999.0 -9999.0 -9999.0 -9999.0 -9999.0 -9999.0 -9999.0 -9999.0 -9999.0 -9999.0 -9999.0 14.5859206039 362.61534174 446.904871971 26.7617445732 299.009904409 26.0243242235 25.5515764429 51.5756502699 131.196428972 25.9749842694 26.6580606331 24.0450556427 223.413148909 246.656733976 368.862102459 416.035076281 440.325940428 463.904545838 490.804843074 7472.26281187 8317.458155 9151.2410987 9167.15756234 18.7085282437 19.8631386522 337.379412634 316.667192227 20.7073989348 20.5473720328 280.692928565 411.976560314 18.2114432617 200.798541589 183.739200167 51.3350612239 24.0827462058 38.9038373694 15.7160094884 976.714116145 13.4478504032 43.7473422107 54.8362394445 514.280714942 556.143000089
-9999.0 -9999.0 -9999.0 -9999.0 -9999.0 -9999.0 -9999.0 -9999.0 -9999.0 -9999.0 -9999.0 29.5129319535 57.2755800287 474.379959934 525.996202748 25.9028870877 343.977467 23.3462921565 72.2796322815 155.402121816 50.6632557171 24.6354818658 49.812222113 22.0801257609 43.4943871883 21.9216691443 21.1601549989 19.3968931703 18.4380980206 18.2267526264 18.624635649 22.9167477192 25.4007254851 25.8354093249 9230.18378279 407.299638878 371.287685653 16.2984404835 59.9907955251 15.833711023 13.3612018168 430.992350994 689.460464297 220.979277248 159.585057356 29.3375963111 12.5305689035 11.6675453249 25.1305963084 1015.50490442 1040.91417393 13.1328567505 13.3573555406 14.0105119376 12.8010575726
-9999.0 -9999.0 -9999.0 -9999.0 -9999.0 -9999.0 -9999.0 -9999.0 -9999.0 -9999.0 -9999.0 -9999.0 27.4023913852 349.063918938 901.665394157 981.325206739 1349.04196446 1367.78360413 345.784290047 255.669698948 75.6706025137 24.4438331041 98.1238133124 121.588487495 187.239560933 44.5123892896 42.9356574996 41.4196707224 81.4064647498 39.5373366733 39.4261244686 19.5351011784 15.7527940372 17.7835599097 9250.82524804 9671.80942387 9688.95835037 16.3391721437 161.984740385 68.8585643073 20.1032383985 750.110697477 41.9078967781 21.3823774769 88.5930055224 20.2343498545 16.6772526956 30.7929986906 42.9505423502 55.9242627729 1063.18838023 10.6796944628 9.58612646157 9.66810761922 8.40500371245
-9999.0 -9999.0 -9999.0 -9999.0 -9999.0 -9999.0 -9999.0 -9999.0 -9999.0 -9999.0 -9999.0 28.5970012958 264.913627236 321.762416102 53.8619522135 16.8336220791 38.872538031 1431.35025732 1451.37371563 1815.32731387 22.6484032164 46.9334306433 21.5927692772 21.8949918191 208.811665523 274.86378262 338.616902482 20.5136104515 102.034551363 161.860909885 98.052968998 39.2015912572 33.7677870394 33.3380689021 32.6261554999 17.4774231298 9703.52663229 9716.19266702 9904.83950761 35.0117759517 18.3439095815 762.40778476 44.5084331273 22.5872537157 23.4497357589 23.2667559898 21.6951183823 39.302079476 111.753966489 181.632093404 1255.81658373 8.51831529848 25.528828371 17.3095018591 15.3796293108
-9999.0 -9999.0 -9999.0 -9999.0 -9999.0 -9999.0 -9999.0 -9999.0 -9999.0 -9999.0 -9999.0 29.047621586 180.467892523 28.8153016391 26.7517557475 134.125647427 158.58604579 183.465501586 207.395486584 2458.3182791 2479.07790978 2522.68762494 2839.94845381 2905.02191646 2943.94721924 2965.99249446 3353.99063336 3408.45977732 3429.1201438 3612.86263537 3732.25285107 3752.09377601 3823.79561034 52.0756611627 49.0801519378 14.2011482993 13.2776424007 9730.33495372 9968.31612809 50.825509861 875.746559814 859.539621518 85.8914056323 21.058533707 21.4285936659 21.0056607446 20.4326042101 40.9815737222 58.5742070459 16.50839565 1266.29408456 1277.25996288 1329.65272112 1338.89059395 1362.90817749
-9999.0 -9999.0 -9999.0 -9999.0 -9999.0 -9999.0 -9999.0 -9999.0 -9999.0 -9999.0 -9999.0 91.8546110199 121.760362211 57.950032498 85.8698078507 27.6687544584 312.237173815 337.848560857 388.550603172 411.454192909 170.957341056 2728.25222251 2749.12335612 20.804079003 16.9352305712 15.7412509376 34.0590417362 17.553758568 15.2153671309 14.8258987214 15.8590281845 3771.26396892 3843.12872923 3912.45169688 3976.95770405 4028.42837384 23.8758985174 9.01846877873 10885.5872286 905.033156664 892.578471148 18.8026637923 18.0061247201 17.0846177661 39.1679958075 38.7384080206 18.2683931982 18.3270696835 16.9100901797 33.2175080925 43.99887273 8.02906083007 14.8242307404 6.44295277073 5.3731933914
-9999.0 -9999.0 -9999.0 -9999.0 -9999.0 -9999.0 -9999.0 -9999.0 -9999.0 -9999.0 -9999.0 -9999.0 62.0481192401 29.5066006116 28.2243774286 261.217858915 287.217055098 26.1912313944 103.631494356 128.083069862 150.982364409 24.5318605311 20.2142601473 427.201898338 445.006933587 462.417069825 1187.02246649 1202.33956421 1231.09737413 1350.80853108 1433.74566766 1447.31598081 13.6863547656 14.1625721074 13.7687718838 4048.17519544 9.96154314424 11051.4891369 11035.5306762 137.974688315 123.100983812 73.1925648805 18.5719294585 33.9643680472 56.5824771317 56.206033728 35.8620239643 17.7790135127 34.4344547368 33.8392139913 59.0772797425 10.5731600119 25.5073354327 41.671135946 53.0731892365
-9999.0 -9999.0 -9999.0 -9999.0 -9999.0 -9999.0 -9999.0 -9999.0 -9999.0 -9999.0 -9999.0 -9999.0 31.646719843 90.4908114943 119.003525748 205.730284946 26.5461477772 53.5064049885 79.2088076325 302.26801471 325.279311836 344.348325975 366.457471388 388.624401139 605.038252609 670.810903024 708.872132465 16.9022679837 90.9908322037 106.88456697 1391.55466665 1461.98982608 1492.32571748 1522.89451463 1551.42747161 5610.0408884 7.56038652467 11094.8830596 26.2705982536 12.4542457706 105.077896472 89.5978587179 15.0347752606 49.7903712795 72.1214337579 71.2695060152 50.2827763226 82.6612283044 130.528895306 48.3576125674 120.963089049 12.0334948234 19.2806808485 4.74979922842 3.83611817164
