data/baseflow/mHMbf_acc322.asc
ncols                  80
nrows                 72
xllcorner      4374000.0
yllcorner      5656000.0
cellsize            500
NODATA_value       -9999
[rows 0 to 24 of 72, columns 0 to 54 of 80]
-9999.0 -9999.0 -9999.0 -9999.0 -9999.0 -9999.0 -9999.0 -9999.0 -9999.0 -9999.0 -9999.0 -9999.0 28.7680349505 22.488600802 -9999.0 -9999.0 -9999.0 -9999.0 -9999.0 -9999.0 -9999.0 -9999.0 -9999.0 -9999.0 -9999.0 -9999.0 -9999.0 -9999.0 -9999.0 -9999.0 -9999.0 -9999.0 -9999.0 -9999.0 -9999.0 -9999.0 -9999.0 -9999.0 -9999.0 -9999.0 -9999.0 -9999.0 -9999.0 -9999.0 -9999.0 -9999.0 -9999.0 -9999.0 -9999.0 -9999.0 -9999.0 -9999.0 -9999.0 -9999.0 -9999.0
-9999.0 -9999.0 -9999.0 -9999.0 -9999.0 -9999.0 -9999.0 -9999.0 -9999.0 -9999.0 -9999.0 -9999.0 58.5043114433 125.09287732 19.3277475715 -9999.0 14.3605420914 -9999.0 -9999.0 -9999.0 -9999.0 -9999.0 -9999.0 -9999.0 -9999.0 -9999.0 -9999.0 -9999.0 -9999.0 -9999.0 -9999.0 -9999.0 -9999.0 -9999.0 -9999.0 -9999.0 -9999.0 -9999.0 -9999.0 -9999.0 -9999.0 -9999.0 -9999.0 -9999.0 -9999.0 -9999.0 -9999.0 -9999.0 -9999.0 -9999.0 -9999.0 -9999.0 -9999.0 -9999.0 -9999.0
-9999.0 -9999.0 -9999.0 -9999.0 -9999.0 -9999.0 -9999.0 -9999.0 -9999.0 -9999.0 28.2101470774 27.0716292864 28.1652452856 27.6763810047 176.765616477 197.132316039 40.1448103144 12.6767613558 -9999.0 -9999.0 -9999.0 -9999.0 -9999.0 -9999.0 -9999.0 -9999.0 -9999.0 -9999.0 -9999.0 -9999.0 -9999.0 -9999.0 -9999.0 -9999.0 -9999.0 -9999.0 -9999.0 -9999.0 -9999.0 -9999.0 -9999.0 -9999.0 -9999.0 -9999.0 -9999.0 -9999.0 -9999.0 -9999.0 -9999.0 -9999.0 -9999.0 -9999.0 -9999.0 -9999.0 -9999.0
-9999.0 -9999.0 -9999.0 -9999.0 -9999.0 -9999.0 -9999.0 -9999.0 -9999.0 27.3213897614 55.3412772886 109.836375029 54.2587575171 26.3678420229 51.5112756438 221.486392116 294.815053614 15.616964415 -9999.0 26.3054608761 -9999.0 -9999.0 -9999.0 -9999.0 27.6612688068 13.849673845 -9999.0 -9999.0 -9999.0 -9999.0 -9999.0 -9999.0 -9999.0 -9999.0 -9999.0 -9999.0 -9999.0 -9999.0 -9999.0 -9999.0 -9999.0 -9999.0 -9999.0 -9999.0 -9999.0 -9999.0 -9999.0 -9999.0 -9999.0 -9999.0 -9999.0 -9999.0 -9999.0 -9999.0 -9999.0
-9999.0 -9999.0 -9999.0 -9999.0 -9999.0 -9999.0 -9999.0 -9999.0 30.4315934222 86.3647425255 112.251237125 138.403797362 189.26611872 24.2928523371 98.8336965917 121.923688167 455.200556708 20.290073178 20.2568962446 48.6388443474 69.9649520247 22.5826213918 -9999.0 75.4206444171 61.759376403 17.8194548053 -9999.0 -9999.0 -9999.0 -9999.0 -9999.0 -9999.0 -9999.0 -9999.0 -9999.0 -9999.0 -9999.0 -9999.0 -9999.0 -9999.0 -9999.0 -9999.0 -9999.0 -9999.0 -9999.0 -9999.0 -9999.0 -9999.0 -9999.0 -9999.0 -9999.0 -9999.0 -9999.0 -9999.0 -9999.0
-9999.0 -9999.0 -9999.0 -9999.0 -9999.0 -9999.0 30.7262273625 27.9927036663 26.8808119136 27.3644649096 27.4865106627 193.890804106 409.435658714 435.246050779 457.213362086 21.8490963349 497.987587109 518.896916469 42.2238912759 22.1288861334 90.755102838 156.542658628 20.7189823639 138.470701019 22.3208416247 21.6696525152 22.7983370933 -9999.0 -9999.0 -9999.0 -9999.0 -9999.0 -9999.0 -9999.0 -9999.0 -9999.0 -9999.0 -9999.0 -9999.0 -9999.0 -9999.0 -9999.0 -9999.0 -9999.0 -9999.0 -9999.0 -9999.0 -9999.0 -9999.0 -9999.0 -9999.0 -9999.0 -9999.0 -9999.0 -9999.0
-9999.0 -9999.0 -9999.0 -9999.0 -9999.0 -9999.0 61.1179223506 89.8826765277 202.077384683 281.455081296 24.1488526082 25.2068999844 23.855521607 69.8451133742 547.861542492 19.1596579921 538.093117418 618.217065859 62.1159357339 40.6925946974 175.403000663 21.1726132478 158.764066818 39.9522961923 19.9711815508 40.7890830993 45.1588145291 23.006360135 23.4565564135 22.5725090878 24.3130905806 48.610356903 -9999.0 -9999.0 -9999.0 -9999.0 -9999.0 -9999.0 -9999.0 -9999.0 -9999.0 -9999.0 -9999.0 -9999.0 -9999.0 -9999.0 -9999.0 -9999.0 -9999.0 -9999.0 -9999.0 -9999.0 -9999.0 -9999.0 -9999.0
-9999.0 -9999.0 -9999.0 -9999.0 -9999.0 32.717500508 63.4453227734 30.417577949 58.710636491 310.166949006 361.602858591 412.826512119 1316.9674087 23.3072622377 570.352398648 2066.59017796 2082.86747569 2728.64156699 17.4806666274 59.2789514119 194.386864219 18.7029759908 385.328943085 207.063182799 127.126269014 106.846682813 21.8618607226 67.9633162396 67.7682737068 45.0256943818 21.387634318 70.8875223873 20.8153038305 20.2631120141 -9999.0 -9999.0 -9999.0 -9999.0 -9999.0 -9999.0 -9999.0 -9999.0 -9999.0 -9999.0 -9999.0 -9999.0 -9999.0 -9999.0 -9999.0 -9999.0 -9999.0 -9999.0 -9999.0 -9999.0 -9999.0
-9999.0 -9999.0 -9999.0 -9999.0 -9999.0 32.7450585587 95.4947554925 189.862424169 218.619068951 430.719125156 457.651881082 541.760915827 881.337465053 1386.52468821 1434.19830047 1456.26268147 39.6396824779 2799.48858978 2834.75537088 2934.40597354 3589.93897866 443.175318362 405.842027541 147.165654885 19.2961749982 126.555151082 87.0798350285 18.0131415374 86.9652647174 19.6355335144 40.4348857402 110.858950996 130.698988165 39.5712817231 19.1790965059 18.59845227 -9999.0 -9999.0 -9999.0 -9999.0 14.6421722528 12.4158313153 -9999.0 -9999.0 -9999.0 -9999.0 -9999.0 -9999.0 -9999.0 -9999.0 -9999.0 -9999.0 -9999.0 -9999.0 -9999.0
-9999.0 -9999.0 -9999.0 -9999.0 -9999.0 31.9861674801 30.4379333167 124.882520049 154.067190045 184.088948826 28.534911574 56.5572525637 320.44861935 55.8438988675 26.2513094367 23.7865098682 20.7896988433 23.4873447324 21.6220463705 22.681304374 3609.59904382 3665.02680845 18.0438061293 55.8995892789 38.3187272384 144.669680641 36.5119108051 17.2835255461 106.681610268 38.8096053104 93.0883124769 226.760948014 208.817498292 58.5894585148 56.280570795 19.5484629798 19.2734984133 -9999.0 -9999.0 19.3348743091 32.579987896 71.343862394 13.3556974451 -9999.0 -9999.0 -9999.0 -9999.0 -9999.0 -9999.0 -9999.0 -9999.0 -9999.0 -9999.0 -9999.0 -9999.0
-9999.0 -9999.0 -9999.0 -9999.0 -9999.0 -9999.0 32.4407648299 32.1335448444 62.0463107808 92.1361375461 208.851278637 266.323388061 294.741237556 28.9699474477 23.1345867761 310.480137066 379.845922424 401.058439863 489.853549942 509.422925376 19.2679458361 3684.54823328 3776.97428916 73.8006596121 15.3219932048 160.820082905 352.92292358 140.235431585 33.0079401606 16.6483217656 353.953134815 244.220294318 16.551247112 16.2687553839 73.1290639256 56.6557484854 17.8355658383 16.7595657466 18.5434282466 37.2994378004 17.6177855025 86.9403684817 103.969729588 15.5661499268 -9999.0 -9999.0 -9999.0 -9999.0 18.7267558934 17.4470829445 5.70533795075 -9999.0 -9999.0 -9999.0 -9999.0
-9999.0 -9999.0 -9999.0 -9999.0 -9999.0 -9999.0 -9999.0 31.6731090497 28.6039328269 59.2924009665 89.031464431 28.9407457992 25.8688275874 163.3084958 213.688556231 265.224081254 24.0072604588 46.5689854334 23.0297120676 530.255354654 1156.83104746 1171.26468483 4983.03685664 18.0439783215 43.4564798789 13.4518711324 368.568466012 16.4191777945 50.0062027937 16.1634562337 370.233717618 386.52831624 33.2367762051 32.3943971909 183.871469031 92.6147901892 34.5559672317 17.8497107998 36.8736931893 55.2878152858 89.4892283324 16.4186339582 135.565334676 151.661005754 15.0160069741 16.0076802301 16.5361157496 15.2507636158 14.6875720246 51.1871161734 20.1414052936 13.2427464051 -9999.0 -9999.0 -9999.0
-9999.0 -9999.0 -9999.0 -9999.0 -9999.0 -9999.0 -9999.0 -9999.0 59.1614867757 86.2346358187 28.6031817916 58.10769922 85.1574514719 139.160931699 27.1961102246 26.2112596179 22.2645635452 22.4951225362 19.5517882752 585.106538648 23.1505937985 44.9546478392 5044.85005925 5089.64670666 20.7197030976 84.5208092315 468.846026597 31.9114445824 64.0092415992 29.1285185744 42.6845218995 447.927673203 47.5438085946 260.728409903 214.550572476 15.6048204161 85.6553027201 34.7730698705 53.1158037424 15.9856091647 105.026281996 136.75982241 151.120968424 164.832334888 208.620372192 28.7523289441 30.1193538836 27.9577334324 26.7062872869 63.6953570371 12.1569338198 45.9204344362 56.9369986648 -9999.0 -9999.0
-9999.0 -9999.0 -9999.0 -9999.0 -9999.0 -9999.0 -9999.0 -9999.0 30.793595765 146.849280665 174.762658422 27.9306046603 54.4604395783 26.4796384737 24.2392622238 23.8187232684 299.373871222 395.886772987 482.705772313 569.421044541 21.4708923325 22.3582833688 22.7351364436 5186.79345249 5234.38670671 5255.11594676 618.190471035 128.119563498 110.606289732 13.1637990975 55.5533392421 516.971168787 13.3512853542 274.359303009 15.4133772735 111.461773383 103.013041614 16.5214341489 69.3027583836 31.9876492889 47.6338341062 14.9940649988 13.4667728968 178.390171712 191.054727733 221.252974635 43.6148550448 40.892791476 39.1996623671 76.5033534182 101.151526736 12.2864034718 68.4984220278 12.5369262294 23.699536298
-9999.0 -9999.0 -9999.0 -9999.0 -9999.0 -9999.0 -9999.0 -9999.0 -9999.0 31.0488265315 203.773105454 231.04046011 80.968660494 133.633808692 182.304936358 206.854148342 24.9703689323 74.1210012159 49.2349306116 25.3707632197 24.523078368 21.9965024934 43.4902311259 73.9809200033 25.9185819946 5919.77979921 5939.93897282 19.2239542778 13.1269774903 26.5767632954 39.4716018865 555.867910246 26.0324424427 286.049464529 169.299104192 140.829095367 15.3030304604 31.2603582675 83.4782668982 14.1566488439 61.3183944174 28.4138503123 22.835367007 10.2187380697 223.799270377 455.650907166 53.3948806825 50.804646312 49.4021696839 9.99841087657 111.21757896 9.76380554507 90.60683971 10.8071938239 34.8177466555
-9999.0 -9999.0 -9999.0 -9999.0 -9999.0 -9999.0 -9999.0 -9999.0 -9999.0 -9999.0 27.2782160367 285.848279711 26.2974788058 52.288215761 75.8457208319 122.118493054 23.6104427139 48.7694557339 24.0157478778 22.2862541399 20.6846305248 40.8104980579 17.8056873896 20.966589519 43.0986394902 23.9764390967 5960.94600145 6000.01970479 6053.30000366 54.5271999378 13.3148046551 26.5232191109 569.823572918 521.120951474 198.31972864 14.2774285266 60.9824762666 45.987209501 97.707019416 28.2679605977 117.48535017 42.0305751431 34.4546698599 8.82370588956 11.0237318642 469.04183189 481.173165461 595.807238874 80.9166557356 20.7537668857 122.277345817 142.774530849 242.951445468 21.2221640797 9.93025792807
-9999.0 -9999.0 -9999.0 -9999.0 -9999.0 -9999.0 -9999.0 -9999.0 -9999.0 -9999.0 -9999.0 14.7651992719 317.584256838 24.661229215 47.6656203264 215.389430513 23.3314367996 23.0253009938 19.4699107935 42.992792807 21.1866165089 82.6481542468 117.8821151 133.606995471 58.5384745308 75.4792053574 19.3404847797 22.7022756991 21.4448095199 6141.23061737 6181.8803011 581.780090543 544.929832358 533.166488192 24.4696922665 11.7523483273 73.9913546581 197.971169295 111.011278759 41.3675532577 171.654442857 72.3943398686 60.3720200509 16.5757813697 7.52688708713 6.71495801756 7.7396086571 635.587758376 750.23704983 9.90135924136 9.0733670506 9.86502792349 252.69940127 283.064303563 17.800475377
-9999.0 -9999.0 -9999.0 -9999.0 -9999.0 -9999.0 -9999.0 -9999.0 -9999.0 -9999.0 -9999.0 13.5970140494 350.468125554 428.343183714 23.2973494499 261.520810265 21.2695566207 19.947916312 39.8929163271 103.945268875 20.2009120811 21.6964991707 17.2126661278 167.579385177 183.30215531 275.722497754 310.646352313 328.449495703 346.885205282 365.59177295 6566.46365572 7180.4955764 7755.80759341 7770.1311357 13.3145865774 12.1249862973 224.120817509 211.175506699 12.9865346836 13.0981063043 184.939938143 270.448134119 10.614918743 141.595259325 132.289908005 37.3541689871 17.6697823105 29.0619347257 13.5878758099 773.334383676 11.8187224607 29.942264395 39.0848126647 352.095154205 376.813508867
-9999.0 -9999.0 -9999.0 -9999.0 -9999.0 -9999.0 -9999.0 -9999.0 -9999.0 -9999.0 -9999.0 28.5037965161 54.2830079218 453.50139259 496.894794779 21.7764269389 301.098387216 17.4477234447 54.3892522449 121.963707389 38.4525339618 18.1183822497 37.366948931 14.5187114454 27.7478885297 13.7155321472 12.5214752005 10.813563138 9.98798239069 10.0916291208 10.8082287918 14.2131098818 16.9136012302 20.0781383643 7818.96195047 277.412478148 252.026905928 13.045362575 37.4209186433 10.2531391619 9.03157535267 282.143175912 460.318549185 155.15757893 116.76601206 22.0400068417 9.60763369891 8.70473767658 19.5742440267 804.636229911 826.996820806 11.6350927353 11.9683479144 10.6276621872 7.86028889061
-9999.0 -9999.0 -9999.0 -9999.0 -9999.0 -9999.0 -9999.0 -9999.0 -9999.0 -9999.0 -9999.0 -9999.0 24.0228134104 329.317348544 849.578511701 919.606783867 1240.13571376 1257.96699125 268.596846442 197.712467364 57.024757338 17.7251902455 71.9452408201 88.0491757486 129.926133856 28.3838992368 25.7618480015 24.4084465664 47.4127327421 22.788552703 22.9681036203 10.8875344514 8.8334734332 10.2578161795 7834.27784165 8119.17098757 8134.35513896 13.7299848025 108.5442011 44.1798732151 12.8194538022 501.65913154 29.8422827762 15.58697877 66.7339818293 13.8519715138 11.723021451 22.6979461889 32.5029930189 43.4990624691 846.134277437 9.11161168176 8.05145956915 8.07271715223 6.32038173353
-9999.0 -9999.0 -9999.0 -9999.0 -9999.0 -9999.0 -9999.0 -9999.0 -9999.0 -9999.0 -9999.0 26.7099013308 251.344437382 304.446751463 48.3191633741 14.8816985779 33.6616030503 1311.22567161 1327.9334819 1613.22681072 15.5862415647 33.077424992 13.9082469963 14.2155865503 143.730488343 185.862539719 223.901431163 12.030178695 59.4011125198 93.8536891477 56.2015170452 22.2238433941 18.2274327966 17.9599679134 18.846405998 10.8929598256 8147.48029123 8158.59608899 8289.14164951 21.2937621852 11.1448408966 512.219000001 31.8282631104 16.5379305607 18.4802187071 18.3273765888 15.8225518347 28.7998695074 80.9409738227 136.353734372 991.762202522 6.81607219901 20.6979305357 14.1493232981 11.8369555435
-9999.0 -9999.0 -9999.0 -9999.0 -9999.0 -9999.0 -9999.0 -9999.0 -9999.0 -9999.0 -9999.0 27.3407865263 174.690934798 27.1956741393 23.5768434682 124.642067348 145.654038741 166.263765799 184.328100981 2185.74982622 2202.09863198 2233.40890736 2478.13226328 2522.94894622 2549.00942462 2563.48780398 2820.97704546 2855.31204247 2868.40009231 2976.29752926 3046.02214332 3057.36809814 3096.96661749 28.5260834244 27.1339502099 7.6360132552 7.93753937297 8170.15172669 8332.94257111 32.8416083157 592.074164877 581.95903498 59.3000192819 13.8991045457 14.3195680978 13.6341616968 13.7451271217 27.8464149137 40.3004557171 12.5700231955 1000.58670332 1010.00640696 1053.00489014 1060.79892497 1079.96250725
-9999.0 -9999.0 -9999.0 -9999.0 -9999.0 -9999.0 -9999.0 -9999.0 -9999.0 -9999.0 -9999.0 90.0554286478 119.005383414 55.2051297407 80.9434878379 25.3948430444 287.358306046 309.176159825 351.891035452 370.074248786 139.652280197 2400.35846905 2416.72809151 15.7356232606 11.7941167795 11.0268993782 23.3437749081 11.1550370931 8.73897800091 7.85393055022 8.08542697372 3068.35934073 3108.30542318 3148.48474137 3185.42816379 3215.1657711 13.998203777 4.87467175422 8955.62570244 612.259318012 602.995618126 11.84728708 11.1030782796 10.2760151746 24.9002096253 24.2623252535 10.9047914933 10.985947554 10.0142878482 22.2800540078 29.8350946308 6.282099379 11.3348461392 4.29406785382 2.94730418526
-9999.0 -9999.0 -9999.0 -9999.0 -9999.0 -9999.0 -9999.0 -9999.0 -9999.0 -9999.0 -9999.0 -9999.0 60.790175805 28.4847144104 25.8826499996 243.689737951 266.421399882 22.6911384561 87.0307649049 107.065734121 124.266978837 19.519062197 15.193446687 361.376176513 374.329570398 386.64937298 982.861524183 992.645624021 1009.82652858 1095.86376619 1144.62794872 1151.63534162 6.74892069006 7.22950761724 6.65920892624 3231.74005108 7.15204040073 9060.8369538 9049.18661606 84.2734353312 73.0171229854 44.491076664 11.0767694306 20.3336933424 35.468726096 34.9411695975 21.2209442788 10.3992498171 20.2403446888 19.8202493009 38.375076985 5.60302793306 16.881975292 28.4094204542 35.1280741723
-9999.0 -9999.0 -9999.0 -9999.0 -9999.0 -9999.0 -9999.0 -9999.0 -9999.0 -9999.0 -9999.0 -9999.0 31.2819703672 87.0190530755 113.440241762 193.02665216 22.653170456 46.1101021679 67.4459997345 265.106395788 282.448312538 297.012298344 313.168920386 331.971022064 504.528131163 557.270483513 586.10404147 11.8343004687 67.1950014957 78.4073814497 1122.21371146 1161.39977974 1178.70186006 1196.24092717 1211.28529525 4451.60691432 8.24695332015 9095.42111351 17.1772519872 8.01018740658 62.1737354958 53.169461394 7.43861612054 29.0557882296 44.2972990144 43.5093758628 29.1993274845 47.6317764704 75.113848866 27.7889769139 73.597471893 5.84123056008 9.59532740595 2.86691326544 2.33897772887
