data/baseflow/mHMbf_acc483.asc
ncols                  80
nrows                 72
xllcorner      4374000.0
yllcorner      5656000.0
cellsize            500
NODATA_value       -9999
[rows 25 to 49 of 72, columns 0 to 54 of 80]
-9999.0 -9999.0 -9999.0 -9999.0 -9999.0 -9999.0 -9999.0 -9999.0 -9999.0 -9999.0 -9999.0 -9999.0 36.7986778504 73.2095110559 35.1723619128 70.5962142797 33.7817291887 244.912086031 311.771510707 345.588168905 32.5744067849 63.1994567051 575.288111412 722.591870348 750.047544062 62.5094013213 64.641593416 93.9674937 21.6676603702 21.0768682537 40.7979373316 19.3144471054 879.699688645 900.3108298 926.062977593 7484.12733373 15129.6869935 14980.410655 38.3965639394 15.6571025075 14.3985459283 54.7542587064 39.4094465833 91.5693970145 122.313218143 245.456682676 22.8320729485 22.8211812079 206.484029272 227.741035909 445.954882185 462.845005452 502.591712299 523.893100429 20.8275960421
-9999.0 -9999.0 -9999.0 -9999.0 -9999.0 -9999.0 -9999.0 -9999.0 -9999.0 -9999.0 -9999.0 -9999.0 -9999.0 36.2105655715 71.9115160889 107.364755661 176.030845588 35.4259566203 33.8866341129 219.375032397 251.767161825 515.991741499 547.635762109 90.6418789882 32.4974257422 31.5946605624 31.3150291148 753.757085426 778.196996502 800.691405077 820.772434921 860.019493108 194.479817802 216.369447166 1168.68053191 23790.6416764 127.562945171 110.035911908 55.250228254 14.0308638017 13.0611831674 84.1026137388 96.9933655331 119.886265417 14.0980540305 261.675013562 40.993792805 40.5522726362 13.0603099325 10.8054339251 10.2153158247 9.66613086093 10.2435674353 533.794232491 7115.7728493
-9999.0 -9999.0 -9999.0 -9999.0 -9999.0 -9999.0 -9999.0 -9999.0 -9999.0 -9999.0 -9999.0 -9999.0 -9999.0 -9999.0 35.3418669943 64.5151287947 90.955624568 118.149575372 151.824412428 185.988543829 101.617729964 168.359564828 32.0485246802 31.6177588426 600.934456552 663.24719356 693.526392974 725.615426816 27.5782793598 52.2670924972 130.088243311 154.169990777 175.250756382 22.65933445 20.3010942363 23841.6353009 18.1347414221 31.7794695829 16.6054906305 53.496422494 25.406981658 15.1187188159 231.031779095 242.848060265 11.0399411615 273.081444602 327.523919147 54.3667698025 7513.21591024 7488.37312846 7466.34342475 7423.33752332 7404.93541009 7155.61865758 7145.4627484
-9999.0 -9999.0 -9999.0 -9999.0 -9999.0 -9999.0 -9999.0 -9999.0 -9999.0 -9999.0 -9999.0 -9999.0 -9999.0 -9999.0 5.99919868541 14.1350352948 26.4630621354 219.944438852 254.85493534 34.8202798056 34.0180999773 33.4814750412 474.118761772 538.702595604 31.5933365756 32.0995128113 29.5131519524 119.641260796 149.174440745 82.6585641096 104.745775722 661.169256058 686.369433232 729.691340115 1183.9074989 25034.682238 17.9671188892 15.2803069477 79.2302898981 66.1351954084 10.7357766994 37.3457947307 48.6111126265 255.57125963 267.010679106 623.445885117 334.543943772 61.2638231612 7720.28885655 103.406227154 7445.41434331 7434.66923391 231.624675054 8.78930337953 23.3388674356
-9999.0 -9999.0 -9999.0 -9999.0 -9999.0 -9999.0 -9999.0 -9999.0 -9999.0 -9999.0 -9999.0 -9999.0 -9999.0 -9999.0 30.9613848701 50.539189192 108.928762748 188.087798581 278.531283814 342.395255761 376.014438556 409.735353613 442.588697742 32.1643228034 31.1303835677 61.6920387377 59.7268735293 30.4956986999 564.957143491 594.13247455 622.048899756 648.46864877 385.50103146 411.344554846 434.428445581 25042.3251121 28.9051263865 39.6354379831 126.01641453 11.5120634767 21.487966669 10.7525222535 10.6181946435 58.7381704686 9.98403125299 10.6248131515 8394.81823576 7762.6212441 7752.14111564 34.392432445 91.4717039073 60.9684509073 16.127362093 213.119568038 67.4962964872
-9999.0 -9999.0 -9999.0 -9999.0 -9999.0 -9999.0 -9999.0 -9999.0 -9999.0 -9999.0 -9999.0 -9999.0 -9999.0 -9999.0 21.5529046033 19.5486577542 37.9237480256 58.819582713 32.6685274305 35.6664608275 69.7834353379 104.051039332 169.921833952 202.464849018 233.479076595 326.651494612 356.302790314 387.170776512 29.5362950147 288.041978728 314.850226026 339.816557183 21.8090872816 13.0017808377 22.2046940211 25481.9937674 25489.3651596 25534.9172246 155.710515936 22.1018083402 39.0966919433 13.4255413218 19.4058944283 67.6562520016 86.1248087675 19.8095800042 8440.78422201 13.9982098312 19.2298935351 20.8128971082 16.8603391814 31.4967498503 14.0668802104 128.717968356 102.429442953
-9999.0 -9999.0 -9999.0 -9999.0 -9999.0 -9999.0 -9999.0 -9999.0 -9999.0 -9999.0 -9999.0 -9999.0 -9999.0 -9999.0 -9999.0 18.181832529 36.4035153154 19.19752644 40.1937012226 251.205943865 282.144474019 316.27576257 32.8340063995 32.8402799373 64.0012847784 95.3577015445 154.092719979 183.916821278 200.958026122 229.684348135 26.104240775 25.013950156 379.99945048 391.965125564 401.004149227 409.635104283 332.723154038 25903.0058257 26115.2821058 26123.2769082 26169.7333892 26214.6271735 26245.9315884 10.6763031113 95.0773289585 8451.52531621 27.5892058991 14.0530493111 12.7600540303 10.8721793198 19.5546913973 19.5402373976 10.7404183181 12.9531661394 12.9037935283
-9999.0 -9999.0 -9999.0 -9999.0 -9999.0 -9999.0 -9999.0 -9999.0 -9999.0 -9999.0 -9999.0 -9999.0 -9999.0 -9999.0 -9999.0 -9999.0 54.1202508052 74.9638634621 136.434065691 186.555067366 28.2533312678 379.155875234 411.464633946 443.662154574 31.6389388969 62.7271212072 29.2618350495 211.612813629 227.745766976 253.46678933 281.729695443 350.554903953 360.239095832 6.3067696991 299.794476551 316.718919455 324.547416963 360.428079485 48.9609361823 32.3576569005 21.3619262257 19.8642776298 26277.1617397 26294.3657661 26454.0454269 8462.72216948 70.951851358 32.7289631664 21.7625715762 7.65857658601 59.5869793754 30.9250248428 10.0791878823 52.4353717302 43.3660895189
-9999.0 -9999.0 -9999.0 -9999.0 -9999.0 -9999.0 -9999.0 -9999.0 -9999.0 -9999.0 -9999.0 -9999.0 -9999.0 -9999.0 -9999.0 -9999.0 20.689727114 95.0428192224 116.788063211 29.9302864043 34.202640241 68.2326471852 100.668337835 576.428906803 31.5485808302 126.246919684 155.932863865 185.013790623 17.0311665679 41.3244641594 56.7007842694 240.048780916 270.222001139 277.054383286 8.13184549578 8.71029715205 10.8860970587 19.7315044042 8.8176071158 9.63926235492 19.6770585218 14.4475890979 18.4375754525 52.6251130265 26470.0393051 34975.4933605 87.923107315 11.6272924507 8.69159954619 182.204038197 165.787089179 96.0975559822 85.9825575912 64.497336918 12.7938768505
-9999.0 -9999.0 -9999.0 -9999.0 -9999.0 -9999.0 -9999.0 -9999.0 -9999.0 -9999.0 -9999.0 -9999.0 -9999.0 -9999.0 -9999.0 16.255877208 56.2338442051 19.0130858778 33.8792918706 35.6436009129 69.7418825984 103.216174916 132.732116065 731.495814234 762.146505884 31.1942826466 60.7287533677 90.3481238492 111.781971506 136.543386671 213.981242646 231.2995763 20.6253743662 15.6872797077 13.9430155572 16.8421870458 19.6831062834 18.4026919527 17.038355682 18.6971287991 69.6308223039 31.0744835483 14.1306323154 13.7281327687 14.7345845017 28.5479790075 35542.260358 470.314844054 217.12536625 15.5410746837 6.88522697092 6.8751438437 25.0583434878 17.7461743526 9.27967813876
-9999.0 -9999.0 -9999.0 -9999.0 -9999.0 -9999.0 -9999.0 -9999.0 -9999.0 -9999.0 -9999.0 -9999.0 -9999.0 -9999.0 17.0010089545 33.0084047354 124.482057007 18.6007921541 62.8762380941 98.3587485365 132.872362777 34.4494158196 66.5238437751 93.3823750562 877.185573488 30.3702206809 59.0892562412 88.0398660328 27.6196892814 54.9315298665 75.2181582984 93.0585298599 1826.4672652 1860.14648686 1893.84151312 2034.00781466 2086.44973521 2194.77067385 41.6637762654 84.4515450399 90.872914851 2568.91401458 2597.22290523 13.1201524111 25.589194923 37.6415440941 35552.2877148 449.92424472 214.609475509 207.20150711 160.760406528 140.720758853 33.3209185856 7.80486967388 16.2414899978
-9999.0 -9999.0 -9999.0 -9999.0 -9999.0 -9999.0 -9999.0 -9999.0 -9999.0 -9999.0 -9999.0 -9999.0 -9999.0 -9999.0 17.0944567707 52.0325688175 193.636543222 282.915385028 16.7098973122 377.301479465 531.482684857 33.0717861445 64.7410769338 93.0437036099 1142.10540943 1165.82648849 26.8929087413 142.16841051 168.320359982 191.689742479 1624.349388 1682.10382178 1714.82904663 16.2710587054 95.2412222947 114.35140392 52.0112327655 74.8935107776 2303.13875106 2423.26012252 2443.27320903 2462.74385971 2626.78473699 14.5884555363 13.5212113381 62.6752946212 35564.1122358 10.456838664 13.5133490799 39.8072735436 13.8711821784 127.583100127 102.200152516 59.5912151901 43.4497018924
-9999.0 -9999.0 -9999.0 -9999.0 -9999.0 -9999.0 -9999.0 -9999.0 -9999.0 -9999.0 -9999.0 -9999.0 -9999.0 -9999.0 -9999.0 -9999.0 36.2208789123 72.8960026377 336.873911598 356.788253087 549.022826521 570.40106371 32.6139410146 65.1097876042 153.748823401 1185.97625804 1238.92301195 1263.68614767 21.3005370936 1352.43753504 1411.94586819 37.3859254421 15.861532968 31.334405156 61.2105983083 14.848470971 30.7035138156 71.1034429416 89.7465145387 16.7513207606 13.433222264 27.429868596 2717.91508785 2749.51907073 2761.76950913 2851.50992995 35575.2092852 7.58609296961 11.7253421371 12.3781737211 12.2407739644 12.3770326812 11.5590263738 22.3402198538 6.02471915485
-9999.0 -9999.0 -9999.0 -9999.0 -9999.0 -9999.0 -9999.0 -9999.0 -9999.0 -9999.0 -9999.0 -9999.0 -9999.0 -9999.0 -9999.0 -9999.0 18.7970864129 18.4455507233 18.8194218488 40.6242346294 18.3297849588 606.503643427 626.252260751 29.7890677952 60.2495887446 29.7015979907 26.8055075368 26.411067227 1312.25337063 20.0694865947 39.9212504928 19.2647120656 16.4459964811 15.0629798082 12.8736040065 13.1945575953 39.8411143228 53.8938507176 11.7082322433 11.0018226878 23.0839862083 36.6720205087 46.0649587297 13.2906817482 2775.91683719 2863.7433578 35583.303805 45.5972856434 30.8076144995 9.36124784056 20.3464130581 8.24154268172 6.82413181162 29.6408971116 30.8442282575
-9999.0 -9999.0 -9999.0 -9999.0 -9999.0 -9999.0 -9999.0 -9999.0 -9999.0 -9999.0 -9999.0 -9999.0 -9999.0 -9999.0 -9999.0 -9999.0 -9999.0 -9999.0 18.2703538394 57.7335348879 73.6519383321 91.2018954004 643.410401039 660.769630576 679.617680837 703.873568293 729.860608543 782.784030183 802.436599238 821.768956559 839.121348459 15.4777803667 14.7675814717 15.0635608556 54.6642450825 14.0434804557 13.5592613491 11.7407360421 34.661203245 13.0851953631 11.1965277148 10.6548232232 9.37172389667 18.716102581 27.4644587264 2920.74900297 38558.7242647 7.10282979373 16.575922359 8.56381168643 29.1449830193 17.8368212427 13.7094301196 86.4960656321 51.9738646554
-9999.0 -9999.0 -9999.0 -9999.0 -9999.0 -9999.0 -9999.0 -9999.0 -9999.0 -9999.0 -9999.0 -9999.0 -9999.0 -9999.0 -9999.0 -9999.0 -9999.0 -9999.0 -9999.0 15.3973076804 120.223847292 244.9207731 264.069405282 27.4329283101 57.024241852 87.5190947541 114.93718776 288.474153089 304.819497592 15.8056378623 15.4697675125 873.734990643 904.709927877 918.203551698 66.1519206393 11.1602987149 25.2346590168 37.2972137594 110.939033279 135.798979724 157.324900093 20.3219865005 28.9193866826 9.68782228731 19.2550686819 9.81238228807 38577.9320287 7.20655550115 30.0441755189 17.6931660894 53.8611379705 102.679240957 120.403362568 210.78619338 65.6170046899
-9999.0 -9999.0 -9999.0 -9999.0 -9999.0 -9999.0 -9999.0 -9999.0 -9999.0 -9999.0 -9999.0 -9999.0 -9999.0 -9999.0 -9999.0 -9999.0 -9999.0 -9999.0 16.9123196875 53.5015985129 105.062590469 137.638259252 363.539499935 387.003438255 62.0923869937 92.6761125378 120.729130651 148.142043352 323.04195385 355.755443708 638.12815755 660.733167723 677.835163914 932.072475987 1036.24587044 25.1700619788 14.7784089395 14.4401181797 28.074325282 13.1959178089 182.763139662 193.079104657 38.8665271933 49.1165859424 12.4285769461 6982.91530978 7004.78474354 45595.2129405 45634.6074857 6.81634274625 68.0162078271 10.8369564022 10.0995914639 232.094002499 305.476828257
-9999.0 -9999.0 -9999.0 -9999.0 -9999.0 -9999.0 -9999.0 -9999.0 -9999.0 -9999.0 -9999.0 -9999.0 -9999.0 -9999.0 -9999.0 -9999.0 -9999.0 -9999.0 -9999.0 18.965673024 18.4995954462 35.2042670955 83.8645332654 403.627973137 31.4432606636 31.1688272854 58.7192097244 86.6685478343 216.766307214 237.787937895 15.3522870622 14.632947567 694.935056101 709.243646588 1759.92910555 1774.12299591 10.401281684 9.54195066978 8.51785926004 8.58124594882 8.72885737638 6801.67694066 6858.27778767 6916.23799579 6937.14730927 6972.54045701 10.5598642708 40.1629764122 52.2005159112 45706.0723563 45711.8080203 45717.3444923 45726.2406832 45732.6023414 318.405555775
-9999.0 -9999.0 -9999.0 -9999.0 -9999.0 -9999.0 -9999.0 -9999.0 -9999.0 -9999.0 -9999.0 -9999.0 -9999.0 -9999.0 -9999.0 -9999.0 -9999.0 -9999.0 -9999.0 -9999.0 17.1555670232 17.8582526323 33.3002201392 468.764863447 489.100359544 30.908960945 58.353378644 86.6032313733 109.846005212 21.4507734558 40.7031875623 1254.42110056 1269.13267549 1283.33182991 1386.58828871 3173.83957494 6434.14159455 6456.38263567 6477.29253614 6497.61243222 6574.74186866 6598.6501015 47.2787921718 22.4523500868 12.3995220561 23.9647066163 19.9886194584 30.9864413688 10.0948743982 209.229076074 232.363828333 249.218056198 256.809736402 45740.3655999 46070.1093287
-9999.0 -9999.0 -9999.0 -9999.0 -9999.0 -9999.0 -9999.0 -9999.0 -9999.0 -9999.0 -9999.0 -9999.0 -9999.0 -9999.0 -9999.0 -9999.0 -9999.0 -9999.0 -9999.0 -9999.0 -9999.0 17.403499469 33.3934228478 49.4562875584 503.429954613 23.4590835204 706.750457875 735.523631721 757.851677816 778.156011416 1174.99059941 1195.17967866 15.2281205032 75.6683155046 91.9453937069 14.8894532174 3237.62315215 3210.11501215 10.2510120563 22.202838881 58.6184219973 12.5243748341 13.0550539536 11.34524092 10.2823000568 8.69200385321 9.67406974894 176.427787574 186.30317593 197.331121859 12.5148554157 8.54526111502 263.215096556 272.018688678 277.948572251
-9999.0 -9999.0 -9999.0 -9999.0 -9999.0 -9999.0 -9999.0 -9999.0 -9999.0 -9999.0 -9999.0 -9999.0 -9999.0 -9999.0 -9999.0 -9999.0 -9999.0 -9999.0 -9999.0 -9999.0 -9999.0 15.9991878385 15.0359491485 77.6832082786 615.24467963 656.179737144 679.460784113 28.1388070041 345.88232434 366.678866573 376.405236483 18.4638211795 35.2475184062 50.3157606069 761.789717833 774.095264988 785.281377954 3188.73964755 1882.97262536 11.8119225365 12.2619687018 11.9956544204 10.4512599106 102.21875209 124.353952278 144.586042575 155.532258376 166.235141244 980.618253376 989.835214672 998.848796932 1018.74709532 1129.69874917 1136.72126355 1422.47858645
-9999.0 -9999.0 -9999.0 -9999.0 -9999.0 -9999.0 -9999.0 -9999.0 -9999.0 -9999.0 -9999.0 -9999.0 -9999.0 -9999.0 -9999.0 -9999.0 -9999.0 -9999.0 -9999.0 -9999.0 -9999.0 -9999.0 31.2445850022 47.651243672 19.535529318 31.3260010052 242.333635657 270.873311394 294.369607862 154.592177901 174.348934584 194.437796075 210.139488958 735.281958737 749.945495183 483.96984557 1282.16004115 1294.54779357 1872.39828267 24.6335912152 12.4716792097 10.0501990778 69.3934415398 81.3377206689 8.9709638205 8.60838445825 942.524311613 962.375742077 972.249383249 9.46997315274 13.9779488164 1107.45550172 12.503144011 50.7237550549 56.8696138903
-9999.0 -9999.0 -9999.0 -9999.0 -9999.0 -9999.0 -9999.0 -9999.0 -9999.0 -9999.0 -9999.0 -9999.0 -9999.0 -9999.0 -9999.0 -9999.0 -9999.0 -9999.0 -9999.0 -9999.0 -9999.0 -9999.0 15.6198179821 30.9606806751 136.071756642 156.631682638 182.569661709 110.082012181 134.811947438 20.0177567539 474.17243177 492.744303205 510.45053341 15.6026628273 455.936224968 470.868196972 12.6535091388 1809.49760361 26.2040927353 13.0441086387 36.3897369021 48.8876774833 10.6115515959 9.29403267078 847.839067755 924.007054866 935.10623889 11.3088366826 27.5790203192 35.2388678981 43.7882857357 82.1421252909 18.8259700231 41.2298703839 8.89798229871
-9999.0 -9999.0 -9999.0 -9999.0 -9999.0 -9999.0 -9999.0 -9999.0 -9999.0 -9999.0 -9999.0 -9999.0 -9999.0 -9999.0 -9999.0 -9999.0 -9999.0 -9999.0 -9999.0 -9999.0 -9999.0 -9999.0 15.4433079476 49.3158400618 88.6159847436 24.2448806288 54.2494949035 83.1465001838 393.935105908 416.584561731 435.761932665 18.3654478467 357.68209209 410.973570154 427.079197639 14.1027556378 1756.65291254 1784.61205632 13.5454626186 12.8805863421 25.6748837895 11.351401388 787.801067758 809.096473225 820.931672676 46.1744981074 57.636667553 10.5583200697 19.4646823419 8.96246335152 62.7225140923 9.0549964523 10.3695935495 11.07007859 11.1497844669
-9999.0 -9999.0 -9999.0 -9999.0 -9999.0 -9999.0 -9999.0 -9999.0 -9999.0 -9999.0 -9999.0 -9999.0 -9999.0 -9999.0 -9999.0 -9999.0 -9999.0 -9999.0 -9999.0 -9999.0 -9999.0 -9999.0 -9999.0 17.7879316324 20.7179491021 28.0968802036 256.095011991 284.260866344 367.481260856 24.1767506082 281.594165583 322.241536718 18.49003198 36.927954363 15.4500491546 1713.70280392 15.8282039731 43.252333357 54.952837967 67.5812840773 713.949290401 754.588475758 767.050672975 12.4545648179 23.9217574271 34.6882974907 8.04152227559 7.58458990855 1872.8338155 1880.416679 1886.90111661 1942.99123589 1950.83045514 1962.16493779 1971.64717824
