data/baseflow/mHMbf_acc427.asc
ncols                  80
nrows                 72
xllcorner      4374000.0
yllcorner      5656000.0
cellsize            500
NODATA_value       -9999
[rows 24 to 47 of 72, columns 0 to 54 of 80]
-9999.0 -9999.0 -9999.0 -9999.0 -9999.0 -9999.0 -9999.0 -9999.0 -9999.0 -9999.0 -9999.0 -9999.0 13.8149069836 37.3993956539 48.5897839036 82.7654197439 9.83574237995 19.8894844144 29.0856322347 113.091454457 119.084393674 121.651116919 127.583016355 135.162950668 219.583057308 240.289082463 249.010615571 2.0948429966 20.165038659 21.7553109557 434.980842854 440.434893656 442.719982003 445.06058331 447.396770795 1787.81838541 2.74200833202 3780.20469205 2.4664588697 0.839521685881 25.2141409742 23.1217935452 2.60750675458 12.9283365947 18.9851121284 18.7078393826 12.6563680028 20.6858419188 32.7073062088 12.32618934 31.0761227659 2.07917117372 3.05333604421 0.2355094526 0.182965915103
-9999.0 -9999.0 -9999.0 -9999.0 -9999.0 -9999.0 -9999.0 -9999.0 -9999.0 -9999.0 -9999.0 -9999.0 12.717043709 25.0945385478 11.2792848616 22.9701079495 9.82517183703 76.4053281303 94.7937418342 104.493716992 8.34183325513 15.1421059183 171.824119809 207.303473158 213.25344453 13.9247101169 13.2602200496 17.6631214526 1.28023218811 1.09732716459 2.015213989 1.47970461737 302.990076212 305.085179766 306.501137058 1793.01631015 3796.95254131 3781.20350194 1.13916644728 0.578590924386 0.505106275373 3.68373824491 3.26180921402 14.1745231691 21.7950027942 44.5608335491 4.01725526158 4.0015691317 35.5317486613 38.3674254928 74.9192306008 76.2011393798 79.5117958292 79.9544046569 0.384885677357
-9999.0 -9999.0 -9999.0 -9999.0 -9999.0 -9999.0 -9999.0 -9999.0 -9999.0 -9999.0 -9999.0 -9999.0 -9999.0 11.5231365896 23.1662278913 35.00828162 55.8039513007 11.0161059348 9.59552132447 80.6822817299 88.9198246996 159.801110503 167.996645499 22.7920499283 7.50583157898 6.86279185407 6.17538928914 293.373479628 296.043467059 297.590510278 298.592642753 301.24144471 27.4919225794 29.8696191768 338.086958677 5931.15428839 10.581163045 6.72169229591 2.30472221796 0.768121842724 0.46701808924 4.64843109769 4.94204405751 14.9280898516 0.381528466772 45.2774951696 5.67945039698 5.50684806837 0.402542245611 0.227149101661 0.198098654601 0.486225909628 0.206736784226 80.1885147758 973.511048632
-9999.0 -9999.0 -9999.0 -9999.0 -9999.0 -9999.0 -9999.0 -9999.0 -9999.0 -9999.0 -9999.0 -9999.0 -9999.0 -9999.0 11.1419290156 25.0980730717 38.2428453859 51.7289643047 61.5108951925 71.6475643531 28.5739257084 47.0321143981 8.16213080555 7.88767351267 259.406980615 274.332011856 281.025169276 288.293959995 4.68596634637 7.65353924935 20.8799923167 22.7789321017 24.7799921164 2.96814284237 2.54519269478 5942.24344342 3.96558947693 3.21854611902 1.56092559204 4.38117769697 2.01701544351 1.15386932743 20.7443341255 22.0500688974 0.612137642577 46.1017334173 52.0177694944 5.74112826182 991.972786843 991.315420494 990.797900428 989.236274754 988.231116871 976.995931263 975.927113803
-9999.0 -9999.0 -9999.0 -9999.0 -9999.0 -9999.0 -9999.0 -9999.0 -9999.0 -9999.0 -9999.0 -9999.0 -9999.0 -9999.0 4.32803159134 9.31360644829 13.5692832878 142.884749749 152.990951469 10.3018102749 9.55435468958 9.27201001706 227.815328475 244.608324613 7.77243439818 8.1566475511 6.2396900518 25.8008223757 32.0098881728 14.0732074596 17.0729605196 154.544426842 158.179279128 166.963076153 253.980140689 6199.79621197 4.04901197831 1.28602372448 7.44045404281 5.94355120515 1.12604971787 3.47701171153 4.57578394945 23.2107948316 24.1825724926 78.0892439234 52.5896294633 6.34137068586 1008.73557446 6.60243525895 990.268807974 989.788718538 10.4168484208 1.59410969196 0.69334113131
-9999.0 -9999.0 -9999.0 -9999.0 -9999.0 -9999.0 -9999.0 -9999.0 -9999.0 -9999.0 -9999.0 -9999.0 -9999.0 -9999.0 21.8233762927 35.9920299602 72.3843803415 129.920134338 166.515793354 191.847802063 201.530268164 211.214111106 220.144576809 8.117827853 7.05817436281 13.7503431728 12.8757466811 6.7062331413 136.154608867 142.197916101 147.777171325 152.781406874 75.7704880408 77.9059138716 83.4545383623 6202.85371364 7.67186707254 3.62783912238 12.3082619207 1.5425940943 2.89696994698 1.67983926231 1.01626171666 5.87096114912 0.764902476175 0.792050274099 1091.29647167 1012.56331727 1011.72255631 3.15690204236 6.22038409999 3.68990965425 0.584851357162 7.60426740709 1.51497866378
-9999.0 -9999.0 -9999.0 -9999.0 -9999.0 -9999.0 -9999.0 -9999.0 -9999.0 -9999.0 -9999.0 -9999.0 -9999.0 -9999.0 15.257096884 14.9761196285 29.6998671664 44.0018895236 12.6672660208 11.4788222064 21.1846659488 30.606273446 47.5202796691 56.0510642036 63.5112902803 84.9342934401 91.4218308374 98.3745184397 6.16954571824 64.1435762374 68.6747233901 71.5184092567 1.41311304873 0.449905154461 1.30256217125 6287.83887508 6290.73352478 6303.05015222 17.3005678834 3.41825399967 4.17878080374 0.96802926007 1.83118630255 6.79631817184 8.25132706788 1.42502094929 1095.01474101 1.29955338326 1.71433518683 1.85411864219 1.51108064402 2.44592807255 0.988114205876 5.80628779454 3.80843771593
-9999.0 -9999.0 -9999.0 -9999.0 -9999.0 -9999.0 -9999.0 -9999.0 -9999.0 -9999.0 -9999.0 -9999.0 -9999.0 -9999.0 -9999.0 14.7431473271 28.7188696016 13.0323411912 26.513428866 163.767968868 174.30235762 183.479880008 8.41819963522 8.52960397404 15.9909601101 23.4034593332 36.0901287122 42.5698611705 46.3411752251 52.0668988251 4.59765879821 3.40934045151 75.7199014188 76.332902922 78.1745198871 80.6001220064 70.8087982054 6383.83659199 6414.67654769 6416.56876769 6422.47032303 6428.80692439 6431.65924619 0.742045436828 8.94994844848 1095.72225987 1.45755100095 0.747491551786 1.06968057068 1.12316438923 1.84160507846 1.30834995242 0.760163172302 1.23461130754 0.923559968495
-9999.0 -9999.0 -9999.0 -9999.0 -9999.0 -9999.0 -9999.0 -9999.0 -9999.0 -9999.0 -9999.0 -9999.0 -9999.0 -9999.0 -9999.0 -9999.0 42.5753642421 56.0258138642 96.3964925587 124.21004576 13.6605835238 207.86433573 216.217936694 224.266299274 7.79859242546 15.2255134753 6.46629971855 49.8668325673 53.1714187338 58.3033773189 63.4142132826 73.9107668211 74.8987129635 0.723649055174 60.5239758011 65.5831768148 68.4291790403 77.8639918601 10.8667689982 6.43477067656 3.22918056916 3.11270835859 6434.72501936 6436.00076834 6451.07314766 1096.4142024 4.36231667688 2.35065174299 1.64298752693 0.456986769252 4.58919798182 2.17958612716 0.653603240281 3.52058865958 2.97475053872
-9999.0 -9999.0 -9999.0 -9999.0 -9999.0 -9999.0 -9999.0 -9999.0 -9999.0 -9999.0 -9999.0 -9999.0 -9999.0 -9999.0 -9999.0 -9999.0 14.2361226061 69.8738572448 83.7963187335 14.2413983642 9.68896938979 19.5290967255 28.2900734393 261.06890972 7.75523618537 31.0680401576 37.8216332649 44.3237229531 3.48190856824 8.16417009341 9.8395240218 48.4625597981 52.564053759 54.8280090227 2.47827226991 2.22878803443 2.24635753926 4.13452626891 1.61953098043 1.7187051248 2.23553695342 2.253511545 2.22718985769 5.18382858652 6452.43261878 7551.79885371 5.32244366032 1.51353843956 0.514658977878 13.3601137239 12.3529727283 7.00326384811 6.20254452876 4.50047144366 1.15459048226
-9999.0 -9999.0 -9999.0 -9999.0 -9999.0 -9999.0 -9999.0 -9999.0 -9999.0 -9999.0 -9999.0 -9999.0 -9999.0 -9999.0 -9999.0 13.3024317403 40.2868034239 12.9348621666 13.1926831926 11.3059247082 21.2369571933 30.7658717838 40.5224314274 312.717708885 320.253026953 7.77195546805 14.6608154174 21.6493079227 26.0095621934 29.974573287 40.9265761922 46.1681340881 1.1480775062 1.98693270921 2.11475852163 2.17445755503 2.44116613533 2.7205205989 2.36251249888 3.25338706944 8.32634783816 3.91688772031 1.35846581267 1.3306996854 0.955103246244 1.74879743288 7598.98620189 39.958523003 17.2357981366 2.49937001901 1.27990656398 0.674010276214 1.92260497114 1.18862224045 0.547762071282
-9999.0 -9999.0 -9999.0 -9999.0 -9999.0 -9999.0 -9999.0 -9999.0 -9999.0 -9999.0 -9999.0 -9999.0 -9999.0 -9999.0 14.1354099154 27.0060535885 93.257459561 12.4617771904 26.7537391 37.6614697458 47.5631393907 10.3286212298 18.9732042288 30.0703842474 360.391791836 7.32282075531 13.7800486353 20.3043276148 5.75635630968 11.1521324759 12.1329064951 16.4079881568 570.671769721 575.066073568 579.426862786 597.355379005 604.578790754 618.091788782 3.37382002057 7.98396436893 9.72973366188 655.027936213 657.327954424 1.20923152349 1.85877058517 2.49529406012 7600.47543905 37.1727507214 16.3780893083 14.651228277 13.0572002019 11.7046030269 2.54547615007 0.69030731798 1.08342570114
-9999.0 -9999.0 -9999.0 -9999.0 -9999.0 -9999.0 -9999.0 -9999.0 -9999.0 -9999.0 -9999.0 -9999.0 -9999.0 -9999.0 14.2150677249 43.0739999143 150.365815537 223.185524789 11.2627122232 288.761171014 348.10481643 9.68347512225 18.3160167258 28.9311144618 443.805048735 452.822428233 5.75861421304 31.8835661511 37.0756444923 41.0015462995 542.981029697 548.241759244 552.787596028 2.35237936381 13.164111029 15.5534278388 6.03116632361 8.47621861493 629.73849957 641.09906247 642.790759341 644.358998443 658.989299005 0.801069956269 0.672305208025 3.77505710365 7601.778363 1.67628060635 0.0588659523333 0.167369580686 0.0706311001724 9.83030492037 9.38303912865 5.65699776348 3.76386956825
-9999.0 -9999.0 -9999.0 -9999.0 -9999.0 -9999.0 -9999.0 -9999.0 -9999.0 -9999.0 -9999.0 -9999.0 -9999.0 -9999.0 -9999.0 -9999.0 29.7813716524 59.8420875156 263.331385367 277.217600712 360.386478357 372.436054003 9.29886923946 18.5891557718 44.6133569383 462.156732737 474.974460321 479.682867838 3.65579727139 495.127432167 500.30382522 3.56113547266 2.393208608 4.64349685812 8.89370600334 2.08264808244 3.99753414849 8.35106201789 10.2115184664 1.88717025871 1.16922842909 2.26247519575 668.100137207 670.948756629 671.547993418 677.065346364 7602.92063359 1.42934548564 0.0314286335206 0.0381941679842 0.0372362798645 0.039102250873 0.0324669441144 0.0578362524218 0.719069868617
-9999.0 -9999.0 -9999.0 -9999.0 -9999.0 -9999.0 -9999.0 -9999.0 -9999.0 -9999.0 -9999.0 -9999.0 -9999.0 -9999.0 -9999.0 -9999.0 15.5038097544 15.1739095532 14.4504144681 27.4880759842 11.7183956056 395.961060314 406.885190703 9.39885680516 17.6608652611 7.84806420705 6.07218188442 5.84112710778 488.478467317 1.44306624894 2.89935705853 2.38789285208 2.58119689105 2.1780462584 1.57952204337 1.65546084415 4.97895117505 6.85317167078 1.21469222857 1.03929183225 2.23532257285 3.77733416173 5.28816373432 1.58177109766 672.552870958 677.676484453 7603.84074566 3.19908384434 0.126823072576 0.0163033719814 0.0493324832129 0.0125737828851 0.00949891886064 0.0688334295746 3.35341756778
-9999.0 -9999.0 -9999.0 -9999.0 -9999.0 -9999.0 -9999.0 -9999.0 -9999.0 -9999.0 -9999.0 -9999.0 -9999.0 -9999.0 -9999.0 -9999.0 -9999.0 -9999.0 14.9419576644 41.0039045142 52.5250592351 64.0703582594 418.166840956 429.416168122 439.884695419 449.900349513 455.571623143 467.382331725 468.973735672 470.187877602 471.665641585 2.3075451725 2.07951612578 2.16337107843 7.16610934749 1.88554564076 1.72435840823 1.30436678003 3.68442315704 1.42911268376 1.04194163066 0.958435383799 0.798558182456 1.59337106888 2.27306787615 682.224469419 8290.17486127 1.578786086 2.39567002243 0.0110138441222 0.0651802820348 0.0329238190918 0.0191578274004 6.20000924371 5.69577903247
-9999.0 -9999.0 -9999.0 -9999.0 -9999.0 -9999.0 -9999.0 -9999.0 -9999.0 -9999.0 -9999.0 -9999.0 -9999.0 -9999.0 -9999.0 -9999.0 -9999.0 -9999.0 -9999.0 12.5730138043 98.6005068098 189.154645338 200.515612188 12.9420769945 22.3535861785 30.7270505766 37.2705474686 81.5473942451 83.9809597448 2.40317080163 2.2434715901 476.621321561 480.752261222 482.644065152 8.46380341693 1.09663854923 2.71018653217 3.97295257419 11.8668094499 14.5336140798 16.5018250584 1.78828745741 2.44981487623 0.801093005914 1.57337474324 0.802812120439 8291.81991984 1.04332724771 4.64432185682 0.7197082981 1.08721884832 6.19365944875 6.73540455765 13.5626861291 4.85672334839
-9999.0 -9999.0 -9999.0 -9999.0 -9999.0 -9999.0 -9999.0 -9999.0 -9999.0 -9999.0 -9999.0 -9999.0 -9999.0 -9999.0 -9999.0 -9999.0 -9999.0 -9999.0 13.902812124 44.1710717338 86.3698874276 112.806908989 280.608958682 292.839898583 17.6978937597 25.9872728883 32.7303089078 38.9811169011 85.7881934774 90.396446997 149.952467629 154.33821252 156.45131707 484.424549207 496.900098432 2.69163676588 1.78472279576 1.66933120807 3.09970204535 1.36568304407 19.1170865297 20.0410909222 3.20570886112 4.43094822118 0.949129361562 2296.11002376 2297.77808636 10590.7688419 10597.003453 1.39501577757 4.0765563245 1.72947398529 1.04128872841 15.0988730242 20.4394385835
-9999.0 -9999.0 -9999.0 -9999.0 -9999.0 -9999.0 -9999.0 -9999.0 -9999.0 -9999.0 -9999.0 -9999.0 -9999.0 -9999.0 -9999.0 -9999.0 -9999.0 -9999.0 -9999.0 15.7331631753 15.1968685124 28.7599167203 68.0801779183 305.032456267 9.17309684032 9.04251997099 15.9323890787 22.9102126526 50.8762529332 53.4696996985 1.69274807205 2.86436512116 159.194397719 160.985561988 659.632890561 661.136205641 0.873171427873 0.769527286825 0.609609261142 0.615397895086 0.666578369648 2277.54949753 2283.18402597 2289.001876 2291.29372906 2294.99115968 0.885013619747 3.184402899 3.70046451433 10602.4446165 10603.2985986 10605.3046307 10606.737488 10608.1073498 21.1189879742
-9999.0 -9999.0 -9999.0 -9999.0 -9999.0 -9999.0 -9999.0 -9999.0 -9999.0 -9999.0 -9999.0 -9999.0 -9999.0 -9999.0 -9999.0 -9999.0 -9999.0 -9999.0 -9999.0 -9999.0 13.9674648237 14.5997347691 26.997403101 357.582953426 368.680807495 8.83861554259 15.7572135238 22.9076271646 25.945967445 2.30345247918 5.49170847497 696.819784636 698.904860291 701.335469011 717.953104074 1381.07853096 2239.56117668 2241.84775434 2243.79740586 2245.67288228 2253.86112444 2256.56596848 4.6581802082 2.01071685917 1.24344719545 2.30572609378 1.56844033462 2.53024635279 0.771056757546 18.6552822513 21.401908803 24.289654687 24.5239150443 10608.7417734 10630.8864198
-9999.0 -9999.0 -9999.0 -9999.0 -9999.0 -9999.0 -9999.0 -9999.0 -9999.0 -9999.0 -9999.0 -9999.0 -9999.0 -9999.0 -9999.0 -9999.0 -9999.0 -9999.0 -9999.0 -9999.0 -9999.0 14.1865965703 27.0793017078 40.0563591345 379.322774954 9.62909940227 503.446141773 510.949428312 513.275511409 516.721839368 683.648560488 687.754832669 2.23200611974 12.3261143003 14.6958226916 2.10088233686 856.288047651 852.526964843 1.02521454211 2.46447772435 6.54222543546 1.45419151642 1.50499523713 1.00609499457 0.813963579327 0.615533195628 0.721325861618 16.342254228 17.0979125054 18.0457619984 2.21067684712 2.38064910954 25.7710092592 26.1372346906 26.3055139188
-9999.0 -9999.0 -9999.0 -9999.0 -9999.0 -9999.0 -9999.0 -9999.0 -9999.0 -9999.0 -9999.0 -9999.0 -9999.0 -9999.0 -9999.0 -9999.0 -9999.0 -9999.0 -9999.0 -9999.0 -9999.0 12.9895151509 12.0751745468 62.5120518968 465.516426196 486.646410847 496.557599985 7.22848772868 161.059234832 162.863894416 163.986135069 3.44911915713 6.04556833183 8.10689285926 199.185690106 200.781428782 202.077986115 850.22252213 543.469370173 1.39591859577 1.40296361712 1.31802849137 0.95390967177 10.2427869951 12.1373286585 13.772882913 14.6825122051 15.5513354355 144.149689322 144.764764971 145.879525406 148.552878894 156.219461564 156.455697703 182.991471847
-9999.0 -9999.0 -9999.0 -9999.0 -9999.0 -9999.0 -9999.0 -9999.0 -9999.0 -9999.0 -9999.0 -9999.0 -9999.0 -9999.0 -9999.0 -9999.0 -9999.0 -9999.0 -9999.0 -9999.0 -9999.0 -9999.0 25.2546884299 38.3832310494 12.0851076115 9.24242941456 138.589385025 146.066187449 150.520330045 42.9333099015 44.4220392921 46.4191829499 48.7953264293 195.522693589 197.891115618 100.161133863 303.937251293 305.480307082 542.410819315 2.78680845874 1.38280968987 0.906533929271 7.1827887785 8.38608736064 0.637178069632 0.585685691085 141.289142376 142.817832363 143.58248893 1.17204639203 1.85157833938 155.274539482 0.501050768932 1.54031641874 1.70751045043
-9999.0 -9999.0 -9999.0 -9999.0 -9999.0 -9999.0 -9999.0 -9999.0 -9999.0 -9999.0 -9999.0 -9999.0 -9999.0 -9999.0 -9999.0 -9999.0 -9999.0 -9999.0 -9999.0 -9999.0 -9999.0 -9999.0 12.5724050255 24.8476400522 99.7326052783 111.721018382 121.571976346 35.910754308 41.3372880192 1.81538341895 141.331189484 142.837223788 144.429314423 2.07921572832 95.8422267486 98.3273823783 1.62185813212 534.957752951 3.31770731629 1.64283572379 3.96692180062 5.35585115478 0.94597722687 0.746933132317 133.329038883 139.879570843 140.825116206 0.939963854219 1.8986961856 2.38863269674 2.88047837337 5.77983657597 0.571069399511 1.26543068709 0.250463829116
