data/baseflow/mHMbf_acc358.asc
ncols                  80
nrows                 72
xllcorner      4374000.0
yllcorner      5656000.0
cellsize            500
NODATA_value       -9999
[rows 0 to 24 of 72, columns 0 to 54 of 80]
-9999.0 -9999.0 -9999.0 -9999.0 -9999.0 -9999.0 -9999.0 -9999.0 -9999.0 -9999.0 -9999.0 -9999.0 25.6668883049 19.7645464563 -9999.0 -9999.0 -9999.0 -9999.0 -9999.0 -9999.0 -9999.0 -9999.0 -9999.0 -9999.0 -9999.0 -9999.0 -9999.0 -9999.0 -9999.0 -9999.0 -9999.0 -9999.0 -9999.0 -9999.0 -9999.0 -9999.0 -9999.0 -9999.0 -9999.0 -9999.0 -9999.0 -9999.0 -9999.0 -9999.0 -9999.0 -9999.0 -9999.0 -9999.0 -9999.0 -9999.0 -9999.0 -9999.0 -9999.0 -9999.0 -9999.0
-9999.0 -9999.0 -9999.0 -9999.0 -9999.0 -9999.0 -9999.0 -9999.0 -9999.0 -9999.0 -9999.0 -9999.0 51.7044703604 109.349401028 16.3994313941 -9999.0 13.3505052734 -9999.0 -9999.0 -9999.0 -9999.0 -9999.0 -9999.0 -9999.0 -9999.0 -9999.0 -9999.0 -9999.0 -9999.0 -9999.0 -9999.0 -9999.0 -9999.0 -9999.0 -9999.0 -9999.0 -9999.0 -9999.0 -9999.0 -9999.0 -9999.0 -9999.0 -9999.0 -9999.0 -9999.0 -9999.0 -9999.0 -9999.0 -9999.0 -9999.0 -9999.0 -9999.0 -9999.0 -9999.0 -9999.0
-9999.0 -9999.0 -9999.0 -9999.0 -9999.0 -9999.0 -9999.0 -9999.0 -9999.0 -9999.0 24.5675726233 23.7712134402 24.7106757856 24.407182014 154.599601933 171.250236357 36.8142240567 11.7135657528 -9999.0 -9999.0 -9999.0 -9999.0 -9999.0 -9999.0 -9999.0 -9999.0 -9999.0 -9999.0 -9999.0 -9999.0 -9999.0 -9999.0 -9999.0 -9999.0 -9999.0 -9999.0 -9999.0 -9999.0 -9999.0 -9999.0 -9999.0 -9999.0 -9999.0 -9999.0 -9999.0 -9999.0 -9999.0 -9999.0 -9999.0 -9999.0 -9999.0 -9999.0 -9999.0 -9999.0 -9999.0
-9999.0 -9999.0 -9999.0 -9999.0 -9999.0 -9999.0 -9999.0 -9999.0 -9999.0 23.9992944926 48.3178088775 96.1195347938 47.7922957901 23.2966291469 45.1492005598 192.189621335 256.6270741 13.4127299689 -9999.0 22.8548448252 -9999.0 -9999.0 -9999.0 -9999.0 25.3460864897 12.9392780492 -9999.0 -9999.0 -9999.0 -9999.0 -9999.0 -9999.0 -9999.0 -9999.0 -9999.0 -9999.0 -9999.0 -9999.0 -9999.0 -9999.0 -9999.0 -9999.0 -9999.0 -9999.0 -9999.0 -9999.0 -9999.0 -9999.0 -9999.0 -9999.0 -9999.0 -9999.0 -9999.0 -9999.0 -9999.0
-9999.0 -9999.0 -9999.0 -9999.0 -9999.0 -9999.0 -9999.0 -9999.0 26.5851030387 75.7095604738 98.3750950549 121.184103704 165.69036299 20.8418914926 85.3948122596 104.64408619 391.937543062 16.3295419054 16.7088649771 41.709074588 59.7378118132 19.1656191397 -9999.0 66.1432360937 54.5003776263 15.0717193787 -9999.0 -9999.0 -9999.0 -9999.0 -9999.0 -9999.0 -9999.0 -9999.0 -9999.0 -9999.0 -9999.0 -9999.0 -9999.0 -9999.0 -9999.0 -9999.0 -9999.0 -9999.0 -9999.0 -9999.0 -9999.0 -9999.0 -9999.0 -9999.0 -9999.0 -9999.0 -9999.0 -9999.0 -9999.0
-9999.0 -9999.0 -9999.0 -9999.0 -9999.0 -9999.0 26.6634232516 24.562103073 23.6712904366 24.0953358643 24.0661346827 169.712532596 358.23901824 380.594970346 398.984741038 18.2672841979 427.25924657 444.353279099 35.3100573457 18.771156842 77.3209314809 132.76836966 17.4123105237 119.754690973 19.7938914383 18.9616254748 20.6025409563 -9999.0 -9999.0 -9999.0 -9999.0 -9999.0 -9999.0 -9999.0 -9999.0 -9999.0 -9999.0 -9999.0 -9999.0 -9999.0 -9999.0 -9999.0 -9999.0 -9999.0 -9999.0 -9999.0 -9999.0 -9999.0 -9999.0 -9999.0 -9999.0 -9999.0 -9999.0 -9999.0 -9999.0
-9999.0 -9999.0 -9999.0 -9999.0 -9999.0 -9999.0 53.0342237233 78.1890688841 176.161619848 245.915405845 20.7642134814 21.7153577745 20.1115019841 58.9689748904 474.94215006 15.4473480165 459.676696711 526.567526231 51.4290719385 33.7073438626 148.306895767 17.5490582773 137.020482356 34.0761824172 17.220058685 35.3879749942 40.6979917438 20.7879867067 21.5765173525 20.8244296887 22.39908127 44.7518723661 -9999.0 -9999.0 -9999.0 -9999.0 -9999.0 -9999.0 -9999.0 -9999.0 -9999.0 -9999.0 -9999.0 -9999.0 -9999.0 -9999.0 -9999.0 -9999.0 -9999.0 -9999.0 -9999.0 -9999.0 -9999.0 -9999.0 -9999.0
-9999.0 -9999.0 -9999.0 -9999.0 -9999.0 28.2266970741 54.8643095282 26.3870263683 51.1162637422 271.016264774 315.648871121 360.142073715 1144.67916201 19.8370943244 493.49311393 1791.41836893 1805.50432811 2356.32066337 15.2023516743 48.6674541818 163.926374634 15.3489480318 333.400576814 179.781960724 111.804851552 94.2145751897 19.7678697319 61.800069996 62.6164201107 41.59651493 19.9159209925 65.3879477742 19.4462437637 18.919139597 -9999.0 -9999.0 -9999.0 -9999.0 -9999.0 -9999.0 -9999.0 -9999.0 -9999.0 -9999.0 -9999.0 -9999.0 -9999.0 -9999.0 -9999.0 -9999.0 -9999.0 -9999.0 -9999.0 -9999.0 -9999.0
-9999.0 -9999.0 -9999.0 -9999.0 -9999.0 28.304204695 82.6221168613 164.250263883 189.230826852 373.272472006 396.695129004 469.715562265 765.329863372 1205.51255515 1246.25046054 1265.30263064 33.1434283126 2415.93399513 2445.69864131 2527.92005324 3087.82987928 381.33450344 350.768334419 128.703154813 16.6497743899 113.367524263 78.5172409194 15.6810620722 80.1121560921 18.0039159168 37.6061169498 102.467123672 120.89742179 36.7995931466 17.8567467973 17.1760484705 -9999.0 -9999.0 -9999.0 -9999.0 12.265104534 10.8209289434 -9999.0 -9999.0 -9999.0 -9999.0 -9999.0 -9999.0 -9999.0 -9999.0 -9999.0 -9999.0 -9999.0 -9999.0 -9999.0
-9999.0 -9999.0 -9999.0 -9999.0 -9999.0 27.6871035067 26.4007478807 108.379636914 133.696672251 159.656067665 24.740961469 49.0549418229 278.636225323 48.5925835684 22.4735025084 20.081873864 17.0206485937 19.4838402479 17.6209423066 18.646065986 3104.08038279 3149.91312022 15.1106706038 47.7238966556 33.059937996 128.799599564 31.8607335888 14.949741942 98.0344562475 35.5946336947 86.4773652867 210.275177718 193.464882887 54.3727344475 52.0387010607 18.1952331619 17.8547403867 -9999.0 -9999.0 18.0132885139 27.6307840211 61.2774164406 11.52333559 -9999.0 -9999.0 -9999.0 -9999.0 -9999.0 -9999.0 -9999.0 -9999.0 -9999.0 -9999.0 -9999.0 -9999.0
-9999.0 -9999.0 -9999.0 -9999.0 -9999.0 -9999.0 28.0341635456 27.9033803859 53.9246282637 80.0874995059 181.578106377 231.682572299 256.572292741 25.2980665913 19.730156606 270.187309329 328.841217778 346.563495837 421.40393496 437.532076277 15.9108599706 3166.20082936 3244.71967993 62.7406063547 12.7625727512 142.536365088 313.813126336 126.622603052 28.8371082322 14.6167369166 327.140280134 225.816097881 14.8242935041 14.5048819603 67.224173553 52.3469359803 16.2247006475 14.8054324043 17.0915292219 34.5729196253 16.0581127588 74.4154452371 89.5599796749 13.4482545441 -9999.0 -9999.0 -9999.0 -9999.0 16.50483319 15.2316593994 5.43956553108 -9999.0 -9999.0 -9999.0 -9999.0
-9999.0 -9999.0 -9999.0 -9999.0 -9999.0 -9999.0 -9999.0 27.5613179378 24.8817267793 51.4748804563 77.3174935999 25.2019851712 22.5261913795 143.257039495 186.847334545 231.682164295 20.4566389439 39.6036847424 19.3665076256 454.876869581 1001.36739412 1013.23469314 4286.76323525 15.0612000734 36.3453864963 11.2234259681 326.84433617 14.0878198901 43.7365904257 14.1345275298 341.491507422 355.935337181 29.823630893 29.0427249856 168.907585216 85.0977791456 30.9510989401 16.1580517222 33.9305906586 51.1242618374 82.1840998229 14.5513192941 115.596697873 127.595035269 10.6161606602 11.7589228318 12.4567396853 10.9470224479 10.4010418617 43.7794002138 18.0909690485 12.3167170577 -9999.0 -9999.0 -9999.0
-9999.0 -9999.0 -9999.0 -9999.0 -9999.0 -9999.0 -9999.0 -9999.0 51.536752371 75.1668021944 25.1437999443 51.0078698118 74.9446271542 122.326677694 23.7943592081 22.8712168643 19.0475333206 19.2097526557 16.4853436425 511.366723507 19.98519875 38.7335659978 4338.15468456 4369.11238635 12.8693241133 62.3629033748 401.40596076 27.1866460659 55.5784172403 24.8267925205 36.1328883569 409.661026087 42.108266636 236.590461107 195.933805647 13.8264988162 76.972648974 31.3592501196 48.4695251096 14.1687089431 95.3948861694 121.85576714 131.715520972 140.861387393 166.674877562 19.8790716609 21.5901379439 19.1302681324 17.9625128272 52.9834809098 9.90687744783 40.7615535803 49.8226478953 -9999.0 -9999.0
-9999.0 -9999.0 -9999.0 -9999.0 -9999.0 -9999.0 -9999.0 -9999.0 26.7286093289 128.024748032 152.590339776 24.5647472044 47.8069662573 23.1844328194 20.9702792293 20.6284321568 262.127322637 346.988543633 422.066560044 498.133015065 18.4079945222 19.2543463273 18.003992067 4447.75586546 4479.71381544 4491.77857246 524.59476189 108.929473869 94.8962349921 10.6266677958 46.7487546022 467.644664675 11.2134906388 248.04004448 13.5881121836 100.797486065 92.5899561793 14.8129748564 63.0075947786 28.5114353631 42.37632911 11.6939077426 8.96669920595 149.841584534 157.861508245 174.666027938 30.6279527778 27.5604771892 26.1457425112 63.5479149163 83.757208599 10.0895749545 59.4813318918 10.7002005815 20.003139509
-9999.0 -9999.0 -9999.0 -9999.0 -9999.0 -9999.0 -9999.0 -9999.0 -9999.0 27.0859907377 178.230067801 202.375545825 71.2445716214 117.720839096 160.200680158 181.856740668 22.161102199 65.624129599 43.6493300431 22.7314108903 21.805915206 19.3651606169 38.0969525739 63.6380076376 19.0761521365 5048.82269537 5061.75594677 11.6268602461 8.63686199553 21.6798754469 32.160473536 499.683040232 21.5484536209 257.284301191 151.47832467 126.823021514 13.3372532529 27.5930012193 75.228861448 12.2362773824 54.0779600687 22.9888719772 15.1281221659 7.26543691037 179.921483093 360.641867621 36.0540425115 33.1443123955 33.5629245936 7.59965998012 91.501705562 7.45084795868 77.4722372602 8.94926455196 29.2981617495
-9999.0 -9999.0 -9999.0 -9999.0 -9999.0 -9999.0 -9999.0 -9999.0 -9999.0 -9999.0 24.3131784701 251.201177402 23.2367541701 46.2903157593 66.9414991102 107.307885885 20.5375080417 42.9884161666 21.0464135526 19.3901831803 18.1670312002 35.8412591673 15.3643871639 17.2526807267 32.3761933265 17.4088411587 5075.51236258 5099.32444869 5133.26544556 42.4771228606 11.04669668 22.0291034381 511.493741486 463.662306749 176.307486321 12.2097937077 53.4498935537 40.3758797478 87.4942442453 24.385278509 100.942694761 34.7005433507 24.2800452038 6.07971588353 7.9350841034 369.818960527 377.336320182 452.599582675 57.8201941101 15.8979916175 100.125496579 115.977306489 200.918997508 17.5510309008 8.21408771048
-9999.0 -9999.0 -9999.0 -9999.0 -9999.0 -9999.0 -9999.0 -9999.0 -9999.0 -9999.0 -9999.0 13.5185892583 280.442826575 21.9307305941 42.2379548988 189.732489157 20.5541622236 20.250996545 17.2247132156 37.7554896391 18.8051723893 72.9806241687 103.477348152 116.991207468 44.3522093639 54.7896143599 12.0506242959 15.8317665252 14.5939733376 5200.10709545 5231.47640491 520.947257801 483.169058271 473.498583828 20.0290663549 9.53952117232 64.4411205402 174.162038694 98.7526920587 35.4162115845 147.112199206 54.0353490989 44.0673549776 11.8604324676 4.78216594609 4.11045831918 4.92911075606 479.740079721 561.510334005 7.60576223613 6.8558527379 7.70905219707 208.640795353 233.53177757 14.5637879146
-9999.0 -9999.0 -9999.0 -9999.0 -9999.0 -9999.0 -9999.0 -9999.0 -9999.0 -9999.0 -9999.0 12.5240093858 310.681924469 380.722638432 20.5923171243 230.365366147 18.7929835261 17.6934892229 35.5018569739 92.028341699 18.028440042 19.2030668605 15.0502761088 146.499924462 160.003103512 229.409621951 253.726286603 267.152665203 278.50779812 292.289703071 5536.00022179 6078.29402468 6580.31528334 6587.85366998 8.3268105722 9.60558165862 196.306581203 185.322480553 11.0038473849 11.1289802356 158.648138771 223.766139149 8.81057903728 114.260134518 106.342472455 26.1605825052 11.8382231334 20.2590973989 9.54502259392 576.304856891 7.72449879838 21.8436398655 27.4275928424 282.98068266 303.158410871
-9999.0 -9999.0 -9999.0 -9999.0 -9999.0 -9999.0 -9999.0 -9999.0 -9999.0 -9999.0 -9999.0 25.7198619541 49.0821840855 403.48742708 442.09981077 19.3541268513 264.454195645 15.4636310611 48.3274033302 108.17316539 34.4550393807 16.299845415 32.763727024 12.4161468214 23.7130441119 11.8324733323 10.8177794326 9.52508965015 8.88925988194 8.24948513106 8.08211657862 10.7419124319 12.417758441 13.6262571374 6618.49238169 225.061070318 209.674463675 6.17284341816 30.9741804741 9.06907461757 8.61374999278 233.434859732 378.234173833 125.629469938 95.5291576334 16.368824603 6.67498978662 5.85067738091 13.0647641092 596.954389454 611.312237404 7.6030632838 8.15850686773 8.00829178993 6.23993087717
-9999.0 -9999.0 -9999.0 -9999.0 -9999.0 -9999.0 -9999.0 -9999.0 -9999.0 -9999.0 -9999.0 -9999.0 21.5540660003 300.884819956 763.741655711 827.078736461 1108.72008319 1123.59538661 238.000412399 176.093170195 51.1345810465 15.9356490147 63.645479931 77.8066796696 113.768269571 24.5454535764 22.1017065857 21.1518312898 41.0781791844 18.9828311663 18.4098642016 9.53125843851 7.11310289462 7.27771392532 6628.53297176 6859.88170258 6867.73600408 6.18262038925 82.2879978622 38.3419482227 10.66650932 413.122811601 25.3497087113 13.2819390296 58.5377527523 11.8862307502 8.79732493773 16.1597873118 22.2250216714 29.1414019021 622.834157136 5.3610691662 4.72453317286 4.74049878941 3.86774078968
-9999.0 -9999.0 -9999.0 -9999.0 -9999.0 -9999.0 -9999.0 -9999.0 -9999.0 -9999.0 -9999.0 24.3650050176 229.730180746 278.456375654 43.9559749347 14.0300967568 31.3173759662 1172.59585888 1186.69638141 1438.82849088 13.8943524466 29.6220494301 12.1942614626 12.4378583729 125.699495077 162.123130475 194.632811373 10.1250633761 51.0909938082 79.8224950055 46.3782074903 18.9045762911 15.0268203781 13.9508961732 13.3604347131 6.57477809856 6873.91380678 6878.15502736 6969.9564431 16.6996583451 9.11284441195 420.837492172 27.8405337051 14.4956430051 16.4999872878 16.3884185928 13.8554055641 24.0207370895 65.7938983512 102.841303045 731.346835984 3.86024440827 11.9544251253 8.25199692959 7.14494331525
-9999.0 -9999.0 -9999.0 -9999.0 -9999.0 -9999.0 -9999.0 -9999.0 -9999.0 -9999.0 -9999.0 24.903869588 160.124881876 24.9225843634 21.3670068689 115.65736943 134.400824146 152.793283839 168.930393287 1966.12441679 1981.22588528 2009.57468025 2231.80700905 2270.86038173 2292.70844056 2305.19848131 2528.50115062 2558.45449027 2569.70974756 2661.79902062 2719.71420317 2729.16293135 2762.45481575 22.5899059124 20.4955238902 4.67211282745 3.91518088827 6883.78862871 6997.37547003 23.2884028751 487.748864995 479.826708999 51.4365009895 11.9666039812 12.479411378 11.841033154 11.9352136935 24.1006797972 33.9211047789 9.25946899832 736.636081748 742.384558382 767.486160895 772.115922027 783.686524647
-9999.0 -9999.0 -9999.0 -9999.0 -9999.0 -9999.0 -9999.0 -9999.0 -9999.0 -9999.0 -9999.0 82.8182827085 109.442220049 51.0764266708 74.9223657079 23.5373922234 267.227810173 287.065906202 325.637663702 342.067268419 127.545929026 2162.07816089 2177.26086794 13.4993103749 9.42917889746 8.79663065976 18.8517522481 9.26286136053 7.13093905794 6.65187549401 6.867444803 2738.89900441 2772.33019817 2804.54732265 2832.79459816 2848.10694423 6.53227926704 1.74859911533 7502.14280969 500.800988528 496.533725755 9.70822035868 8.99923810963 8.14063676831 21.1054279037 20.4564740026 9.34066346159 9.4235835604 8.41020932718 17.3899769741 22.4014747583 3.68225880819 6.77758800732 2.73275376515 2.03641799557
-9999.0 -9999.0 -9999.0 -9999.0 -9999.0 -9999.0 -9999.0 -9999.0 -9999.0 -9999.0 -9999.0 -9999.0 56.0517704344 26.220283341 23.872691239 227.448318962 248.129245915 20.5998789525 79.9270469216 97.9198026173 113.398554892 17.4175867351 12.3770554257 328.328292757 338.182411621 347.675554775 882.366260692 889.807472007 903.146359031 971.044265542 1008.71981463 1014.30935329 5.80997672162 6.20382985398 5.67027875339 2855.01445723 2.97566926267 7575.87993589 7571.94880686 65.7335555952 59.6134039558 36.5355587945 9.27976699354 16.0437561344 29.6295769844 29.0937389882 18.064098006 8.89685716773 17.117009441 16.6186763014 29.4036843677 5.0898890307 11.4935594069 18.9298968687 23.3708149279
-9999.0 -9999.0 -9999.0 -9999.0 -9999.0 -9999.0 -9999.0 -9999.0 -9999.0 -9999.0 -9999.0 -9999.0 28.9403054078 81.3483472896 106.071284945 180.634403422 21.0281056809 42.7771862656 62.3028450128 246.259611641 262.232396498 275.539837414 289.633127908 305.164394165 459.721841589 503.845860012 527.239699895 9.79649542235 53.3472109359 62.4190615704 990.732167706 1021.84085605 1036.42381809 1051.37920169 1062.62616911 3921.46514673 3.1010988009 7593.0991736 10.1610107325 4.82461565855 50.6969771657 43.6741012661 6.1786585657 23.0165097577 36.6170005611 35.8209585215 24.3640706656 39.6811706416 62.5512701614 23.0507231407 58.4364385622 4.80982287091 8.20953805502 1.51591422494 1.20236354895
