data/baseflow/mHMbf_acc281.asc
ncols                  80
nrows                 72
xllcorner      4374000.0
yllcorner      5656000.0
cellsize            500
NODATA_value       -9999
[rows 0 to 24 of 72, columns 0 to 54 of 80]
-9999.0 -9999.0 -9999.0 -9999.0 -9999.0 -9999.0 -9999.0 -9999.0 -9999.0 -9999.0 -9999.0 -9999.0 20.453970451 16.810565755 -9999.0 -9999.0 -9999.0 -9999.0 -9999.0 -9999.0 -9999.0 -9999.0 -9999.0 -9999.0 -9999.0 -9999.0 -9999.0 -9999.0 -9999.0 -9999.0 -9999.0 -9999.0 -9999.0 -9999.0 -9999.0 -9999.0 -9999.0 -9999.0 -9999.0 -9999.0 -9999.0 -9999.0 -9999.0 -9999.0 -9999.0 -9999.0 -9999.0 -9999.0 -9999.0 -9999.0 -9999.0 -9999.0 -9999.0 -9999.0 -9999.0
-9999.0 -9999.0 -9999.0 -9999.0 -9999.0 -9999.0 -9999.0 -9999.0 -9999.0 -9999.0 -9999.0 -9999.0 39.6225808163 88.0833411941 13.8788847321 -9999.0 10.7679726985 -9999.0 -9999.0 -9999.0 -9999.0 -9999.0 -9999.0 -9999.0 -9999.0 -9999.0 -9999.0 -9999.0 -9999.0 -9999.0 -9999.0 -9999.0 -9999.0 -9999.0 -9999.0 -9999.0 -9999.0 -9999.0 -9999.0 -9999.0 -9999.0 -9999.0 -9999.0 -9999.0 -9999.0 -9999.0 -9999.0 -9999.0 -9999.0 -9999.0 -9999.0 -9999.0 -9999.0 -9999.0 -9999.0
-9999.0 -9999.0 -9999.0 -9999.0 -9999.0 -9999.0 -9999.0 -9999.0 -9999.0 -9999.0 18.0319299624 17.3914213929 18.2440193987 18.0754251155 121.972711824 136.666408153 29.3680283902 9.23115864417 -9999.0 -9999.0 -9999.0 -9999.0 -9999.0 -9999.0 -9999.0 -9999.0 -9999.0 -9999.0 -9999.0 -9999.0 -9999.0 -9999.0 -9999.0 -9999.0 -9999.0 -9999.0 -9999.0 -9999.0 -9999.0 -9999.0 -9999.0 -9999.0 -9999.0 -9999.0 -9999.0 -9999.0 -9999.0 -9999.0 -9999.0 -9999.0 -9999.0 -9999.0 -9999.0 -9999.0 -9999.0
-9999.0 -9999.0 -9999.0 -9999.0 -9999.0 -9999.0 -9999.0 -9999.0 -9999.0 17.4548361342 35.6161718116 70.6876824114 35.3834289879 17.2683143062 33.8090932887 152.907868882 205.257420217 10.8622481814 -9999.0 17.3106455027 -9999.0 -9999.0 -9999.0 -9999.0 20.2398921722 10.3189660342 -9999.0 -9999.0 -9999.0 -9999.0 -9999.0 -9999.0 -9999.0 -9999.0 -9999.0 -9999.0 -9999.0 -9999.0 -9999.0 -9999.0 -9999.0 -9999.0 -9999.0 -9999.0 -9999.0 -9999.0 -9999.0 -9999.0 -9999.0 -9999.0 -9999.0 -9999.0 -9999.0 -9999.0 -9999.0
-9999.0 -9999.0 -9999.0 -9999.0 -9999.0 -9999.0 -9999.0 -9999.0 19.3416092571 55.0763862714 71.9297174316 89.0958641717 122.684896544 16.1578013181 65.1539299973 80.6999654119 314.151752567 15.0743671264 15.0082921387 32.7514278348 47.825615003 15.5997846083 -9999.0 53.9967849337 44.4380908432 12.5999724052 -9999.0 -9999.0 -9999.0 -9999.0 -9999.0 -9999.0 -9999.0 -9999.0 -9999.0 -9999.0 -9999.0 -9999.0 -9999.0 -9999.0 -9999.0 -9999.0 -9999.0 -9999.0 -9999.0 -9999.0 -9999.0 -9999.0 -9999.0 -9999.0 -9999.0 -9999.0 -9999.0 -9999.0 -9999.0
-9999.0 -9999.0 -9999.0 -9999.0 -9999.0 -9999.0 19.6267786431 18.1224555261 17.2865075479 17.5626931731 17.7507100564 125.078045048 264.97509306 281.919052643 295.505048038 12.665459539 342.234883369 357.299751349 30.4264662056 15.3349380901 62.6786158689 108.668792598 15.9145204042 101.927946047 16.7092427703 16.7353632776 17.1258052797 -9999.0 -9999.0 -9999.0 -9999.0 -9999.0 -9999.0 -9999.0 -9999.0 -9999.0 -9999.0 -9999.0 -9999.0 -9999.0 -9999.0 -9999.0 -9999.0 -9999.0 -9999.0 -9999.0 -9999.0 -9999.0 -9999.0 -9999.0 -9999.0 -9999.0 -9999.0 -9999.0 -9999.0
-9999.0 -9999.0 -9999.0 -9999.0 -9999.0 -9999.0 39.2870600524 58.1232970322 131.21637068 182.645089653 16.1737569072 16.7718864401 16.0466560166 46.7920508187 356.748414353 13.1261321363 371.599331185 427.504273258 44.2682952388 29.1540035708 122.758557992 15.035256963 116.861973408 30.7404959042 15.5938003388 31.9289789967 34.1366482398 16.9421587661 17.327290148 16.9723536924 17.8766987999 35.7573314674 -9999.0 -9999.0 -9999.0 -9999.0 -9999.0 -9999.0 -9999.0 -9999.0 -9999.0 -9999.0 -9999.0 -9999.0 -9999.0 -9999.0 -9999.0 -9999.0 -9999.0 -9999.0 -9999.0 -9999.0 -9999.0 -9999.0 -9999.0
-9999.0 -9999.0 -9999.0 -9999.0 -9999.0 20.5713125956 40.4265422634 19.6611067232 38.1973550186 201.350281204 235.442637744 269.457341286 866.466252265 15.3761399806 372.156223209 1359.58988058 1369.95143487 1815.57970027 11.5908546931 43.0498746436 136.904489195 14.0262348583 289.695694908 158.218546062 97.7768831523 82.081957125 16.8388288907 50.7018899064 50.8255556696 33.8467481551 16.5929668422 52.7372554579 16.3197503222 16.1042664754 -9999.0 -9999.0 -9999.0 -9999.0 -9999.0 -9999.0 -9999.0 -9999.0 -9999.0 -9999.0 -9999.0 -9999.0 -9999.0 -9999.0 -9999.0 -9999.0 -9999.0 -9999.0 -9999.0 -9999.0 -9999.0
-9999.0 -9999.0 -9999.0 -9999.0 -9999.0 20.7927296825 61.1801177405 121.798808799 140.834771806 280.523404205 298.525425188 354.390698205 581.339154077 912.891128409 945.064316297 960.095768887 26.6641227321 1863.23362933 1887.37913486 1957.71803207 2441.77344543 332.994639456 304.8037838 112.688824842 14.8463830079 97.2138571781 66.1910045166 14.9040994452 66.143249325 14.621081615 30.7663010093 84.0103377554 99.880265295 31.7613347962 15.8089935981 15.530056736 -9999.0 -9999.0 -9999.0 -9999.0 11.8645455061 10.1738935895 -9999.0 -9999.0 -9999.0 -9999.0 -9999.0 -9999.0 -9999.0 -9999.0 -9999.0 -9999.0 -9999.0 -9999.0 -9999.0
-9999.0 -9999.0 -9999.0 -9999.0 -9999.0 20.2886889202 19.8606759403 82.0070294076 101.308394448 121.078548128 18.8995032415 37.496950276 215.094071192 38.0078736604 17.6355643659 16.1951389335 14.5615645814 16.1609173108 15.4054507765 15.6770463716 2456.67245441 2499.25878131 14.0713380676 43.4283172286 29.5519868345 111.798191939 30.103593207 14.6770173623 81.7732059333 28.5173882698 68.9648399622 175.575897073 162.873124333 47.2579413815 46.8738932681 15.9168997684 15.8612652929 -9999.0 -9999.0 16.2273612777 27.3438335458 58.8046511481 10.7674051816 -9999.0 -9999.0 -9999.0 -9999.0 -9999.0 -9999.0 -9999.0 -9999.0 -9999.0 -9999.0 -9999.0 -9999.0
-9999.0 -9999.0 -9999.0 -9999.0 -9999.0 -9999.0 21.2307954822 21.2296027105 41.2196933906 61.4555890526 139.612064301 178.396054166 197.772202127 20.3531409926 16.2504884168 215.26803122 263.515188551 278.7371271 342.31023211 356.982595229 14.5721032543 2514.02624446 2584.3833454 55.8185224576 9.1125934832 124.429670499 278.78673575 110.620221989 28.271349346 14.110661877 272.368302642 190.145510072 14.408218721 14.484121103 61.8474313398 46.8701411526 15.4783409568 15.4113806437 15.7361192996 31.7140517172 15.3351386074 71.6270446239 86.9945859824 14.9966626344 -9999.0 -9999.0 -9999.0 -9999.0 16.5997094718 15.97137485 4.16161413581 -9999.0 -9999.0 -9999.0 -9999.0
-9999.0 -9999.0 -9999.0 -9999.0 -9999.0 -9999.0 -9999.0 20.796886944 18.7261763681 39.3567567352 59.3701632829 19.4878591999 17.8435282573 112.68856964 147.619417326 183.229944713 16.6662087659 32.8532337868 16.1902972324 372.141894806 824.062984814 834.988253918 3447.26253636 14.0505304262 27.3832955065 8.62392990913 292.672567475 13.9624166343 42.5875306031 13.9546529992 286.513537767 300.632506569 28.9316552029 28.7346157755 154.64371037 77.5721658967 31.2437200019 15.7308209287 31.3867485061 47.2145955139 77.4834636227 14.9867367998 115.685849252 127.968958235 11.2240390262 11.8084099872 12.5341978567 11.5904644489 11.1873769925 46.326057123 17.5624478079 11.3099198984 -9999.0 -9999.0 -9999.0
-9999.0 -9999.0 -9999.0 -9999.0 -9999.0 -9999.0 -9999.0 -9999.0 40.3520119276 58.2939145063 19.6620373748 39.876436853 58.6719294202 95.9349789259 18.9427470449 18.2412261993 16.056412745 16.1755838671 14.9248280447 421.073805213 16.6514096944 32.5894128517 3491.26095748 3518.97809581 11.5537538394 50.8527127758 356.522229127 27.3615314889 55.4616086239 26.337189132 39.203663776 355.906719034 42.2426535464 224.656020701 182.724466026 14.1822940183 76.3967174135 30.5664214731 46.0434770168 14.6121449676 92.2548629854 120.671353707 131.50312406 141.901436716 170.82109777 21.5717557647 22.9238244052 21.4081218544 20.528147298 58.1137263358 12.6647267817 41.7622208031 53.4187269091 -9999.0 -9999.0
-9999.0 -9999.0 -9999.0 -9999.0 -9999.0 -9999.0 -9999.0 -9999.0 20.998996462 99.9565766425 119.228917834 19.2723289794 37.6288097697 18.3251165557 17.0904033719 16.8795097672 211.104012698 281.153234965 345.535115898 409.335088943 16.4724177633 16.2336028896 16.2206988476 3585.28657962 3612.34685343 3623.48302698 479.759163784 110.240522991 96.2492419076 12.6306378572 51.5716476026 420.294995676 12.8578566519 237.745759074 13.9484500554 97.7735749428 91.4321996947 14.6517519792 60.6773015418 29.157017125 43.5530928534 13.1961571006 10.2154676907 152.20067876 161.917263237 180.515893668 33.2558530841 31.3741502426 30.5858977042 71.2857182445 96.8596283719 12.7712287945 65.4656547492 12.5232853507 23.8994955711
-9999.0 -9999.0 -9999.0 -9999.0 -9999.0 -9999.0 -9999.0 -9999.0 -9999.0 21.4116296949 139.385619795 158.485938638 56.2271083824 92.9902177688 127.401312069 144.766893163 17.7016048775 53.8883679557 35.6390939123 18.1412821384 17.7887359577 16.4138496169 32.9049005587 54.4959388385 16.6786741278 4132.20209305 4144.28061349 11.0527355718 10.9394550993 25.19711433 37.6611023062 458.181612282 25.3677940491 249.686585452 149.494294616 123.171721674 14.0574157437 28.4101969319 74.2186927515 13.5364113013 56.8712801896 26.6123970223 18.0041699001 7.67330149362 186.860884264 375.962938615 41.2806106158 39.650749276 41.5034332027 11.1975759865 108.053780154 10.9621921505 89.0628651888 11.278842236 35.3420713425
-9999.0 -9999.0 -9999.0 -9999.0 -9999.0 -9999.0 -9999.0 -9999.0 -9999.0 -9999.0 19.2328851042 197.157381945 18.4936140641 36.9161183937 53.727001624 87.2841819314 17.2439421108 35.8757273615 17.5830132335 16.8084613585 16.1471154769 32.1576432545 14.8131805368 15.8973949638 29.2633974342 15.5469564365 4157.10423862 4179.61468506 4214.90361383 49.2686031111 12.4717317045 24.8932079756 471.166043175 463.096854559 176.424772003 13.284757342 56.0711180675 42.1657624886 87.7885765833 27.0370742702 110.438605645 39.9802713335 29.1067735531 5.48371996231 8.07384503566 386.36134737 395.921726497 485.635160565 75.923125635 22.8088415016 119.915501378 142.561425404 242.345505862 22.4784295316 10.6372415201
-9999.0 -9999.0 -9999.0 -9999.0 -9999.0 -9999.0 -9999.0 -9999.0 -9999.0 -9999.0 -9999.0 9.3408276612 217.177938464 17.8193769006 34.5628406232 155.973343179 17.6672230188 17.5152662213 15.8922088756 33.1127122348 16.3336576106 64.7915218139 94.6943273896 108.870158207 42.6218746193 53.1711308053 11.3819138918 14.5912589949 13.6176777905 4287.83850613 4321.94384509 482.667505932 486.404124992 474.877082802 24.8463144089 12.1292598098 68.8246410038 182.388351369 100.823736416 39.9383849913 163.209035842 60.6242884642 48.3829196196 11.155316358 4.97006247116 5.22089144487 6.05994120165 514.302836753 621.063618047 11.0005157255 10.4875011539 11.0419386754 252.944147478 285.463389279 19.522829291
-9999.0 -9999.0 -9999.0 -9999.0 -9999.0 -9999.0 -9999.0 -9999.0 -9999.0 -9999.0 -9999.0 8.74250750692 238.601752859 294.696019022 17.0110161381 190.04929615 16.6740985994 15.9950200776 31.7059093996 80.8910486046 15.7885632635 16.4260403094 14.7023788943 138.262809188 152.268533283 220.155944946 244.581632189 257.17745097 268.234699259 280.517316372 4614.05533212 5116.72748357 5622.4487689 5631.0976035 11.0116682952 12.0122348354 207.998346965 195.258315789 12.8582623657 12.6627909022 175.222718533 248.749480486 10.9756746369 116.214411982 107.55823633 25.2940387624 12.4762367084 20.1176881532 10.3318686653 639.57399404 9.31854542667 30.3617822614 38.3890624475 348.349381392 373.741115288
-9999.0 -9999.0 -9999.0 -9999.0 -9999.0 -9999.0 -9999.0 -9999.0 -9999.0 -9999.0 -9999.0 20.1690759706 38.855973736 313.01517291 345.939208514 16.615494914 220.878498728 14.7830737457 45.097088687 95.7752171786 30.801715478 14.9540036343 30.6098393033 13.583197758 26.2786186561 12.8284977734 11.8185018322 9.59454665074 8.6969069436 8.22051855335 7.76843308189 9.71573105469 11.7719361732 13.5066826523 5664.99613323 245.774146381 225.770083665 8.62401808654 37.1785028934 9.2029040586 7.76906504146 260.922309823 414.10556943 129.548477749 96.7053757159 14.3916432052 6.26052209641 5.7660800159 14.416498998 663.506825065 681.798364557 9.42377948321 9.61030398041 8.62375584392 6.77925274361
-9999.0 -9999.0 -9999.0 -9999.0 -9999.0 -9999.0 -9999.0 -9999.0 -9999.0 -9999.0 -9999.0 -9999.0 17.5343019937 236.543482744 599.676340944 651.860222438 888.57599144 902.480621268 215.157587459 156.873017814 45.967317895 14.7788805501 59.8023193483 74.0622675132 113.402104002 26.1658926435 24.4700214786 22.4481315781 43.7455849878 20.6301190732 19.7210210145 9.91688241829 6.3641335256 7.21914968804 5675.56930401 5928.66557389 5937.92348338 8.36924634205 97.1283999937 42.105715873 12.8555734704 454.352160007 28.2758021862 14.5129259931 59.7372627057 12.0810403948 10.1114331206 18.8116621084 27.0173671731 35.9802149448 698.104752074 7.82964669555 7.1434930099 7.15333286602 5.87118962812
-9999.0 -9999.0 -9999.0 -9999.0 -9999.0 -9999.0 -9999.0 -9999.0 -9999.0 -9999.0 -9999.0 19.1968823444 179.834010956 218.505125862 35.739426745 10.1201479911 23.5054447281 941.641055404 955.793697461 1184.4882212 13.7062275415 28.3678358334 12.8733772201 13.0303457876 126.262465094 165.258801376 201.896463218 11.8985857378 55.7215204938 88.1374577984 52.5239787388 21.4699653845 15.9441956186 13.8944768635 13.7289775287 7.26578328261 5945.94048455 5952.69346452 6063.85143389 22.6000689852 11.8358488223 464.422553455 30.1306409899 15.4080330184 16.4220591827 16.3243158437 15.1286226835 25.6859790664 74.8075910593 120.331157403 826.463952736 6.44916410652 19.3536774963 13.0688150216 11.3745526398
-9999.0 -9999.0 -9999.0 -9999.0 -9999.0 -9999.0 -9999.0 -9999.0 -9999.0 -9999.0 -9999.0 19.5535442649 124.299289986 19.7000882173 17.564625006 90.4157830298 106.029239291 121.975723894 136.795601047 1612.16105858 1624.46902244 1650.57024021 1846.67651006 1884.34272947 1905.48319185 1918.74840715 2145.01139154 2174.24305852 2186.32622817 2287.33589313 2352.89924583 2364.58073588 2401.4184838 24.9568276446 21.4469209358 5.29700524493 5.3112990483 5960.10600529 6103.15758665 32.4446608081 542.446657209 531.323571731 57.6815281703 13.9505039538 14.1943980298 13.7629631576 13.7613509293 27.6493333464 39.6097581133 11.2533183509 834.282404868 842.378316589 882.062496762 889.090488574 907.152294846
-9999.0 -9999.0 -9999.0 -9999.0 -9999.0 -9999.0 -9999.0 -9999.0 -9999.0 -9999.0 -9999.0 63.8208092729 84.5508879767 40.1880501323 59.1068326365 18.7114914294 212.728631872 229.556483189 262.740927819 275.872596566 109.07385012 1780.32040534 1792.10285337 11.1716699044 7.94208897572 7.01981032871 15.8872238974 8.14266691365 6.47961226362 6.07694423248 6.9510074659 2374.4152908 2412.02590581 2448.55432265 2480.30029486 2501.20184364 9.23438167616 3.57842459847 6671.63789491 561.633502259 554.133216664 12.3294683976 12.1559096889 11.5424135127 26.0832392936 25.6886187359 11.9131050613 11.9660503378 11.2645707263 22.312999978 30.3791571803 6.24280610906 11.5994835524 4.79033706585 3.35628357032
-9999.0 -9999.0 -9999.0 -9999.0 -9999.0 -9999.0 -9999.0 -9999.0 -9999.0 -9999.0 -9999.0 -9999.0 43.0471394461 20.4992462202 19.0393006285 179.162879745 196.546029927 17.3927465522 68.0715075234 83.6689534109 97.3940985068 14.9055146532 11.0622363792 272.285210338 281.407882154 290.038638021 749.186500825 755.977110048 768.12608281 828.265991246 863.823412923 869.388721469 5.54969033199 5.85489574338 6.22474194745 2511.28354929 4.69924711655 6771.18903846 6763.68803472 85.7452021318 77.0050913605 47.8746474101 12.075529445 22.9703315533 38.0387041694 37.7142230911 23.5203260409 11.576844358 22.6350319269 22.3193029595 40.3313339579 5.58742497396 16.7732166369 28.6411659942 35.5334930136
-9999.0 -9999.0 -9999.0 -9999.0 -9999.0 -9999.0 -9999.0 -9999.0 -9999.0 -9999.0 -9999.0 -9999.0 22.0407178554 62.6466187546 82.2170124222 141.664103824 17.5588537846 35.4516010067 52.3183277996 202.368252386 216.010204175 225.69068085 238.357141545 251.389119718 393.310384702 431.772898424 451.81516048 7.84146082275 47.5600783494 54.9062451095 846.119876796 876.037049598 889.505886844 903.251774918 915.63186554 3432.16384216 4.21740971179 6792.66031139 11.844264125 5.46644467116 65.3675338866 57.2889337027 8.23820606634 32.9248323097 48.2597386685 47.8259673646 33.0599704792 54.1092475581 85.5656682788 31.7686690588 81.0355227327 6.75106993256 10.0437319728 2.52914287395 2.0335827062
