data/baseflow/mHMbf_acc421.asc
ncols                  80
nrows                 72
xllcorner      4374000.0
yllcorner      5656000.0
cellsize            500
NODATA_value       -9999
[rows 0 to 24 of 72, columns 0 to 54 of 80]
-9999.0 -9999.0 -9999.0 -9999.0 -9999.0 -9999.0 -9999.0 -9999.0 -9999.0 -9999.0 -9999.0 -9999.0 20.9771490432 16.2763974098 -9999.0 -9999.0 -9999.0 -9999.0 -9999.0 -9999.0 -9999.0 -9999.0 -9999.0 -9999.0 -9999.0 -9999.0 -9999.0 -9999.0 -9999.0 -9999.0 -9999.0 -9999.0 -9999.0 -9999.0 -9999.0 -9999.0 -9999.0 -9999.0 -9999.0 -9999.0 -9999.0 -9999.0 -9999.0 -9999.0 -9999.0 -9999.0 -9999.0 -9999.0 -9999.0 -9999.0 -9999.0 -9999.0 -9999.0 -9999.0 -9999.0
-9999.0 -9999.0 -9999.0 -9999.0 -9999.0 -9999.0 -9999.0 -9999.0 -9999.0 -9999.0 -9999.0 -9999.0 42.7361465308 89.0901687662 13.3016090471 -9999.0 12.2786494075 -9999.0 -9999.0 -9999.0 -9999.0 -9999.0 -9999.0 -9999.0 -9999.0 -9999.0 -9999.0 -9999.0 -9999.0 -9999.0 -9999.0 -9999.0 -9999.0 -9999.0 -9999.0 -9999.0 -9999.0 -9999.0 -9999.0 -9999.0 -9999.0 -9999.0 -9999.0 -9999.0 -9999.0 -9999.0 -9999.0 -9999.0 -9999.0 -9999.0 -9999.0 -9999.0 -9999.0 -9999.0 -9999.0
-9999.0 -9999.0 -9999.0 -9999.0 -9999.0 -9999.0 -9999.0 -9999.0 -9999.0 -9999.0 21.0092439139 20.3164429916 21.0588708612 20.5978254912 128.003907085 141.526289231 34.1684352895 10.997558249 -9999.0 -9999.0 -9999.0 -9999.0 -9999.0 -9999.0 -9999.0 -9999.0 -9999.0 -9999.0 -9999.0 -9999.0 -9999.0 -9999.0 -9999.0 -9999.0 -9999.0 -9999.0 -9999.0 -9999.0 -9999.0 -9999.0 -9999.0 -9999.0 -9999.0 -9999.0 -9999.0 -9999.0 -9999.0 -9999.0 -9999.0 -9999.0 -9999.0 -9999.0 -9999.0 -9999.0 -9999.0
-9999.0 -9999.0 -9999.0 -9999.0 -9999.0 -9999.0 -9999.0 -9999.0 -9999.0 20.4607415239 41.2941947946 82.0244263207 40.7364327975 19.8621439659 38.8307165795 160.136096188 218.053796702 11.735229234 -9999.0 19.9134428973 -9999.0 -9999.0 -9999.0 -9999.0 23.0677155383 11.9255906502 -9999.0 -9999.0 -9999.0 -9999.0 -9999.0 -9999.0 -9999.0 -9999.0 -9999.0 -9999.0 -9999.0 -9999.0 -9999.0 -9999.0 -9999.0 -9999.0 -9999.0 -9999.0 -9999.0 -9999.0 -9999.0 -9999.0 -9999.0 -9999.0 -9999.0 -9999.0 -9999.0 -9999.0 -9999.0
-9999.0 -9999.0 -9999.0 -9999.0 -9999.0 -9999.0 -9999.0 -9999.0 22.8022189293 64.8014379529 84.5854664765 104.477956427 141.957879043 18.7635315921 75.680588988 93.8503230668 339.018472733 14.868983057 16.8446564856 37.8397817565 55.1153602838 17.845743671 -9999.0 57.8232448861 47.4196113974 12.4961123321 -9999.0 -9999.0 -9999.0 -9999.0 -9999.0 -9999.0 -9999.0 -9999.0 -9999.0 -9999.0 -9999.0 -9999.0 -9999.0 -9999.0 -9999.0 -9999.0 -9999.0 -9999.0 -9999.0 -9999.0 -9999.0 -9999.0 -9999.0 -9999.0 -9999.0 -9999.0 -9999.0 -9999.0 -9999.0
-9999.0 -9999.0 -9999.0 -9999.0 -9999.0 -9999.0 22.6343621406 21.0333838625 20.4623253602 20.7406727892 20.7735046296 146.216346243 307.999594325 327.592533274 345.518255446 18.0720426826 373.26901596 390.223873669 34.495003007 17.6763149555 72.1194820294 124.698253541 15.9940557518 105.240357361 17.6226006222 16.3896162831 17.8973533011 -9999.0 -9999.0 -9999.0 -9999.0 -9999.0 -9999.0 -9999.0 -9999.0 -9999.0 -9999.0 -9999.0 -9999.0 -9999.0 -9999.0 -9999.0 -9999.0 -9999.0 -9999.0 -9999.0 -9999.0 -9999.0 -9999.0 -9999.0 -9999.0 -9999.0 -9999.0 -9999.0 -9999.0
-9999.0 -9999.0 -9999.0 -9999.0 -9999.0 -9999.0 45.3346575547 67.0496730309 151.927352669 212.637948396 18.9837634099 19.5553744271 18.650599816 54.800607851 417.381623198 16.6790295787 406.764422115 472.379456018 50.733812489 33.8807192094 140.948435498 17.2590816344 122.225879067 33.2554790913 16.4890564691 32.4285801524 35.6095782958 18.2598364123 18.4532037339 18.1392465366 18.5706523801 37.210888887 -9999.0 -9999.0 -9999.0 -9999.0 -9999.0 -9999.0 -9999.0 -9999.0 -9999.0 -9999.0 -9999.0 -9999.0 -9999.0 -9999.0 -9999.0 -9999.0 -9999.0 -9999.0 -9999.0 -9999.0 -9999.0 -9999.0 -9999.0
-9999.0 -9999.0 -9999.0 -9999.0 -9999.0 24.1856140846 47.1092571409 22.7188461964 44.1005342215 234.339185163 274.091135009 313.559330846 1001.96428006 18.101781782 435.201353956 1578.47628673 1591.97772738 2087.91801753 14.4843423681 50.131989018 157.286961698 16.2381263888 307.600276779 168.765709654 101.831602417 85.092441508 17.4590673353 54.2153750923 54.1346355496 36.0998565326 17.3607806079 54.9911591878 16.9457699573 16.7549242063 -9999.0 -9999.0 -9999.0 -9999.0 -9999.0 -9999.0 -9999.0 -9999.0 -9999.0 -9999.0 -9999.0 -9999.0 -9999.0 -9999.0 -9999.0 -9999.0 -9999.0 -9999.0 -9999.0 -9999.0 -9999.0
-9999.0 -9999.0 -9999.0 -9999.0 -9999.0 24.3966135047 71.3414308724 141.65994355 163.45730371 323.966086104 344.604001108 408.719782914 670.364190837 1056.46099471 1093.18604311 1110.20494145 32.4319130387 2146.10926012 2175.92083347 2259.08836149 2789.39255101 357.07708455 324.63483581 118.731889295 16.5662200284 103.423883615 70.2165794277 15.5700927307 70.5714844982 16.0675661558 32.8284733364 87.939710771 104.416488127 33.05446374 15.9444650116 15.8226660972 -9999.0 -9999.0 -9999.0 -9999.0 10.6192480268 9.75270269194 -9999.0 -9999.0 -9999.0 -9999.0 -9999.0 -9999.0 -9999.0 -9999.0 -9999.0 -9999.0 -9999.0 -9999.0 -9999.0
-9999.0 -9999.0 -9999.0 -9999.0 -9999.0 23.8573760024 22.9471601876 94.494992493 116.554471734 139.195649892 21.7184001281 43.1015891151 245.782119336 42.8020492957 20.1715997997 18.8403053588 17.0309976394 18.5903835146 17.6725674282 18.0612921937 2805.98179401 2854.65249395 16.0453336847 48.8974779136 33.0314597919 119.357658923 31.3253870782 15.0219459551 87.1523225709 31.8014483673 77.0737504856 184.519586743 169.691117505 48.9754061918 46.9694559067 16.1841529102 15.8471480072 -9999.0 -9999.0 15.8456441992 22.7305408114 52.7614963312 10.1845799966 -9999.0 -9999.0 -9999.0 -9999.0 -9999.0 -9999.0 -9999.0 -9999.0 -9999.0 -9999.0 -9999.0 -9999.0
-9999.0 -9999.0 -9999.0 -9999.0 -9999.0 -9999.0 24.4902083122 24.446975864 47.3070638092 70.3009869868 159.947743395 204.144992355 225.987926074 22.373068408 18.6024932846 244.848432482 300.39872035 318.130149947 390.957229673 408.006422515 16.7354779174 2871.31962897 2952.99957958 65.4830956618 16.051957799 134.927240155 296.609815959 116.43491032 30.0032205944 15.1760480101 291.213977022 199.742476471 14.4208933866 14.3272071912 61.3237195348 47.2110537563 14.8678846341 13.8182927061 15.3417572057 30.9154359464 14.6599907147 63.8699355545 77.4261443344 12.273113326 -9999.0 -9999.0 -9999.0 -9999.0 13.4553940614 12.7121497514 5.52379744901 -9999.0 -9999.0 -9999.0 -9999.0
-9999.0 -9999.0 -9999.0 -9999.0 -9999.0 -9999.0 -9999.0 24.2111262218 22.2527329027 45.5272179074 68.2252310301 22.2799214563 20.4655238777 128.029462719 167.665474353 208.025303572 18.9113384495 37.6601146288 18.3555805837 425.344999597 930.820411058 941.62905621 3923.28602156 16.2164191449 46.9363605856 15.1736494112 310.713035515 14.9803902778 45.3194237495 14.9370939115 305.762581449 320.34310598 28.9598657198 28.8143913693 154.05595212 77.4238558637 28.4988093927 14.7849719892 30.6197948434 46.0143932822 74.6346187573 13.4365797943 99.8422262412 108.860484644 7.92500615692 8.7785014394 8.90810260356 7.89570601712 7.39082894445 35.7784210656 17.0859015204 11.4017634512 -9999.0 -9999.0 -9999.0
-9999.0 -9999.0 -9999.0 -9999.0 -9999.0 -9999.0 -9999.0 -9999.0 45.8108224609 67.4853388508 22.2835826939 45.0623009336 66.2799794202 108.751286613 21.2965247809 20.7472172671 18.4510307414 18.6684081255 17.2859261645 470.668643545 18.550431992 36.4879470436 3970.68628303 3996.24130176 10.1247076144 67.6484519059 391.184396263 29.5568742187 58.8574159893 27.6665595451 40.4176946037 375.265806636 42.05634328 222.974234146 181.495614037 13.9311925445 71.9693068683 29.2721045942 44.6750926848 13.8489814702 87.092583636 110.674327871 118.28392862 125.421421561 138.51796599 15.1083439053 15.7028153448 14.0942670993 13.035847715 43.3909720284 8.94419134306 37.9091200075 46.7512573828 -9999.0 -9999.0
-9999.0 -9999.0 -9999.0 -9999.0 -9999.0 -9999.0 -9999.0 -9999.0 23.5886866145 114.120601645 135.968851533 21.8891859964 42.8704538999 20.9701247235 19.7560284769 19.454066947 241.654868336 320.660927984 390.909516727 458.912157324 16.2043932597 18.2026922187 16.0922769549 4066.85483847 4092.23052673 4101.16730854 518.297646794 115.947533782 101.864185002 12.2597516951 52.8931622108 440.877209618 12.5269856465 235.547815942 13.8280720126 95.0205679915 86.6585694941 14.3004804479 58.6808102423 27.7770229976 41.2562702704 10.4128139953 7.06049910983 132.450671681 138.712049274 144.762400297 22.4366954469 20.4463872253 19.187276149 53.0409626661 71.178900681 9.05959450991 56.0830403925 10.2486479747 19.4396290709
-9999.0 -9999.0 -9999.0 -9999.0 -9999.0 -9999.0 -9999.0 -9999.0 -9999.0 23.759354026 158.51399578 180.147664461 64.053108051 106.040703641 145.688762963 165.633003277 20.1211596174 60.5331905309 40.0409886353 20.2759589829 19.8274000448 18.4981349306 36.1437739151 58.453125541 15.4915878455 4645.43480447 4655.68622471 9.18003797791 8.95275968932 25.3753132938 37.7369723056 477.478796545 24.3564078758 246.404736035 147.228252854 121.221450333 13.5596391419 27.5924380225 71.4772128816 12.7819316211 53.5379327415 22.1238861172 12.858815037 6.81738114468 158.323635026 308.104309649 26.916189517 25.0731193856 26.0441266946 7.43665446554 78.4576337702 7.09157941493 73.1058213621 9.05239307984 28.399211923
-9999.0 -9999.0 -9999.0 -9999.0 -9999.0 -9999.0 -9999.0 -9999.0 -9999.0 -9999.0 21.5360549617 223.4463255 21.0905806999 42.0230212597 61.4515265496 100.133840985 19.6840194737 40.3099747976 19.8996698094 18.9825700322 18.019687145 35.6456555917 16.2804429605 16.2618399666 28.5182141045 14.5685654739 4666.22707235 4684.62696662 4713.25177017 47.5192672661 12.9499481178 25.8398662599 490.498132487 454.656474329 173.517023234 13.1012964358 54.2745855469 40.874137702 84.300175418 25.5502604365 100.23230561 34.2035671913 22.2527472609 6.8919004848 7.25561122571 315.290784194 321.139466119 378.078335234 49.5376331575 15.4513338867 86.3114648886 101.107686815 181.432232906 17.6444337625 8.34503371004
-9999.0 -9999.0 -9999.0 -9999.0 -9999.0 -9999.0 -9999.0 -9999.0 -9999.0 -9999.0 -9999.0 13.0261402894 251.940492164 20.2501362192 39.4773760828 178.040344824 19.551615516 19.4248769028 17.6666923872 37.3615767293 18.2556161495 71.9401163959 104.226478546 119.157337661 41.0049252055 49.6529246417 9.46564775044 12.575459425 11.6417018852 4783.66509253 4818.14791765 501.668157065 477.527669117 466.121531799 23.067949017 11.2173841507 66.4736370253 175.113430428 96.464244743 37.6136082984 149.235005173 58.4980706422 47.5834033678 14.7072674151 5.60132376546 4.82868005205 5.13984050779 403.856507386 474.32114108 7.69703104169 6.75693079784 7.57958583624 189.019853679 214.332219026 15.2612414109
-9999.0 -9999.0 -9999.0 -9999.0 -9999.0 -9999.0 -9999.0 -9999.0 -9999.0 -9999.0 -9999.0 12.243106835 280.936135974 343.777872849 19.3326693229 216.565227103 18.375506422 17.9248173969 35.7546069969 91.4254204273 17.9380048624 18.551486902 16.2244191744 150.930508053 166.080157536 231.452244057 253.472787293 265.229375849 274.160582931 287.814443362 5115.51747673 5635.11561834 6127.70542913 6133.21466858 7.47481999682 10.8887415305 199.569407441 187.40759393 12.0079849812 11.911319519 160.693001151 230.692677829 10.1197305952 117.447201161 107.115562125 29.3087722655 12.1378967665 20.0284752236 7.23343729406 485.669850774 5.69090161782 20.0053594181 24.4826618444 258.022460872 280.905578448
-9999.0 -9999.0 -9999.0 -9999.0 -9999.0 -9999.0 -9999.0 -9999.0 -9999.0 -9999.0 -9999.0 22.5318974651 43.2537263769 364.127271532 401.261633191 18.6063533248 248.061863947 16.4787263749 50.8732623753 108.379780949 34.989188634 17.0017777334 33.6350569664 14.157331137 27.910364982 14.2180082669 13.6780529679 13.4904419063 13.0685716427 11.5174093734 9.31433686263 10.2014949189 10.4719236363 10.2585655032 6157.50324395 225.462035524 209.968084172 5.05507301443 33.7965878418 10.1781620725 9.25219370106 241.309347967 390.986489396 128.803624465 93.4561868375 18.1933361391 6.84216508 6.21479086141 12.0580601749 503.501938835 513.735364129 5.38802169245 5.49297701246 6.30600582179 7.39042192951
-9999.0 -9999.0 -9999.0 -9999.0 -9999.0 -9999.0 -9999.0 -9999.0 -9999.0 -9999.0 -9999.0 -9999.0 19.9918754627 263.955115353 684.560187415 742.873519231 1007.30823871 1020.15510088 240.846273725 177.864698404 52.2376974533 16.837723152 66.5311141411 82.1320375752 124.460529022 28.9385704797 27.456597396 27.4552874199 53.8977543096 24.7221919745 22.0774258448 12.8772316564 11.1085481675 8.39822334018 6165.58465869 6399.43960201 6404.87113759 4.75991885451 86.0620003791 42.134546341 11.4566616962 425.581764247 24.1186303964 12.3961098455 52.6317373745 12.1680365755 7.83233988963 14.0719655434 19.1130268391 24.5748611881 522.254757606 4.02595026089 3.44991708583 3.49536017075 3.06815990015
-9999.0 -9999.0 -9999.0 -9999.0 -9999.0 -9999.0 -9999.0 -9999.0 -9999.0 -9999.0 -9999.0 21.5124398281 200.951404135 243.771186933 39.7984048123 13.5654759272 30.1167699645 1067.82841537 1081.20675598 1334.61888122 15.4696357274 32.1877153605 14.3720765834 14.5561276167 138.522902503 181.493804486 222.013976673 12.9558751343 66.6154801157 103.874944511 58.6575332781 24.8204712338 22.2252033918 19.6268307936 17.2364583007 6.08792663781 6409.05354115 6412.20233473 6505.15834968 18.5960741446 10.0771571019 432.643520654 25.9858413722 13.229253623 14.0554422027 13.9541455226 12.3065627917 20.7725240503 57.7682050292 88.2898962114 614.765475452 3.02126820637 9.00933316352 6.12530606508 5.40368890851
-9999.0 -9999.0 -9999.0 -9999.0 -9999.0 -9999.0 -9999.0 -9999.0 -9999.0 -9999.0 -9999.0 21.9327684518 138.299147499 21.8118329492 19.568201599 102.149668016 119.966164471 137.949594632 154.732922277 1813.46168324 1828.34205711 1858.47314065 2084.3504953 2127.53460514 2152.1808032 2166.38639255 2421.24826417 2457.84987928 2470.77671072 2588.6727838 2660.38390195 2672.27373075 2718.33721893 30.775474723 28.1539190481 6.16835160493 4.05757382965 6416.15069775 6532.63386295 24.5154714384 497.172366583 488.555071153 49.0464355132 11.9022668943 11.9845078046 11.6297088608 11.3187714375 22.6179409653 31.1098144969 7.44791550027 618.669108187 622.831608412 641.415291715 644.706363928 653.10139806
-9999.0 -9999.0 -9999.0 -9999.0 -9999.0 -9999.0 -9999.0 -9999.0 -9999.0 -9999.0 -9999.0 70.8968102356 93.8111869395 44.1650064529 65.1510667032 20.7711153741 234.5950149 253.197735714 289.903933903 307.358164004 123.554780712 2007.71270428 2023.18388985 13.8036014738 10.3862352197 10.3892076646 21.6798466998 11.9830440138 10.9349233687 11.2307351618 10.814660168 2685.13010892 2730.59034743 2771.46385862 2808.26973614 2826.05819775 7.34553772339 2.34314982668 7045.67066684 510.204018063 506.247359793 10.3431535394 9.04402545145 8.25560268176 20.6454641554 20.1965393512 9.60318430917 9.66183370248 8.58151940702 15.9241964543 20.1767850688 2.84608872897 5.24704896288 2.27644834628 2.22281011908
-9999.0 -9999.0 -9999.0 -9999.0 -9999.0 -9999.0 -9999.0 -9999.0 -9999.0 -9999.0 -9999.0 -9999.0 47.9160555365 22.5827400252 21.083539276 197.423655038 216.411064135 19.0813428813 74.4744194375 92.1813053694 108.846311278 17.6749591223 12.3745407342 306.234617349 316.126117622 325.982262554 826.228340975 835.089943978 854.186658815 924.648639233 977.423382107 986.379120348 10.6812281583 11.0206834163 9.28340778122 2831.7084871 2.70342915717 7124.12950186 7120.12682994 71.5274184599 66.343712711 39.24876637 10.0258566818 16.3316526777 28.90881705 28.4974222326 18.5912679173 9.32080883015 17.7734050746 17.3538980663 27.6994694767 6.58283393549 10.9720271711 17.033406224 21.7412126912
-9999.0 -9999.0 -9999.0 -9999.0 -9999.0 -9999.0 -9999.0 -9999.0 -9999.0 -9999.0 -9999.0 -9999.0 24.5839312991 69.5277485217 91.0935073085 155.916531964 19.0859524124 38.7270283602 57.1159565786 222.473107059 239.265019479 255.455618133 269.943356108 283.503552713 429.135866542 469.09286772 491.810250172 10.858541051 52.4464551519 62.9367668214 948.992276557 995.320918776 1018.20816012 1041.86170307 1057.85988835 3892.33826064 2.55334912304 7138.62786344 9.3973674969 5.08791725071 56.5326388185 48.2561486319 8.30366462641 24.6371011977 36.7257995906 35.8367187758 25.5738042804 42.1019361463 66.3491109222 24.6243515443 58.8850654844 6.1279643947 10.9397865083 1.66761615588 1.23295975358
