data/baseflow/mHMbf_acc529.asc
ncols                  80
nrows                 72
xllcorner      4374000.0
yllcorner      5656000.0
cellsize            500
NODATA_value       -9999
[rows 0 to 24 of 72, columns 0 to 54 of 80]
-9999.0 -9999.0 -9999.0 -9999.0 -9999.0 -9999.0 -9999.0 -9999.0 -9999.0 -9999.0 -9999.0 -9999.0 31.6302767594 21.8027396529 -9999.0 -9999.0 -9999.0 -9999.0 -9999.0 -9999.0 -9999.0 -9999.0 -9999.0 -9999.0 -9999.0 -9999.0 -9999.0 -9999.0 -9999.0 -9999.0 -9999.0 -9999.0 -9999.0 -9999.0 -9999.0 -9999.0 -9999.0 -9999.0 -9999.0 -9999.0 -9999.0 -9999.0 -9999.0 -9999.0 -9999.0 -9999.0 -9999.0 -9999.0 -9999.0 -9999.0 -9999.0 -9999.0 -9999.0 -9999.0 -9999.0
-9999.0 -9999.0 -9999.0 -9999.0 -9999.0 -9999.0 -9999.0 -9999.0 -9999.0 -9999.0 -9999.0 -9999.0 63.74932455 130.176767158 18.7726054312 -9999.0 14.1015800092 -9999.0 -9999.0 -9999.0 -9999.0 -9999.0 -9999.0 -9999.0 -9999.0 -9999.0 -9999.0 -9999.0 -9999.0 -9999.0 -9999.0 -9999.0 -9999.0 -9999.0 -9999.0 -9999.0 -9999.0 -9999.0 -9999.0 -9999.0 -9999.0 -9999.0 -9999.0 -9999.0 -9999.0 -9999.0 -9999.0 -9999.0 -9999.0 -9999.0 -9999.0 -9999.0 -9999.0 -9999.0 -9999.0
-9999.0 -9999.0 -9999.0 -9999.0 -9999.0 -9999.0 -9999.0 -9999.0 -9999.0 -9999.0 32.1190619143 31.4514271692 32.1797832488 31.1887753459 191.308944172 213.313313601 39.2383226877 12.3684309865 -9999.0 -9999.0 -9999.0 -9999.0 -9999.0 -9999.0 -9999.0 -9999.0 -9999.0 -9999.0 -9999.0 -9999.0 -9999.0 -9999.0 -9999.0 -9999.0 -9999.0 -9999.0 -9999.0 -9999.0 -9999.0 -9999.0 -9999.0 -9999.0 -9999.0 -9999.0 -9999.0 -9999.0 -9999.0 -9999.0 -9999.0 -9999.0 -9999.0 -9999.0 -9999.0 -9999.0 -9999.0
-9999.0 -9999.0 -9999.0 -9999.0 -9999.0 -9999.0 -9999.0 -9999.0 -9999.0 31.2182532461 63.4306869484 126.035037556 62.8646059645 30.9021524356 61.2192730127 243.673044655 315.228665157 14.8589404202 -9999.0 31.9747284141 -9999.0 -9999.0 -9999.0 -9999.0 27.3553418491 13.7415734027 -9999.0 -9999.0 -9999.0 -9999.0 -9999.0 -9999.0 -9999.0 -9999.0 -9999.0 -9999.0 -9999.0 -9999.0 -9999.0 -9999.0 -9999.0 -9999.0 -9999.0 -9999.0 -9999.0 -9999.0 -9999.0 -9999.0 -9999.0 -9999.0 -9999.0 -9999.0 -9999.0 -9999.0 -9999.0
-9999.0 -9999.0 -9999.0 -9999.0 -9999.0 -9999.0 -9999.0 -9999.0 32.8636509445 95.99837172 127.038168223 158.081493036 219.331180847 30.1763692662 120.801163401 150.800552325 512.054288294 26.2492663915 29.8464676723 62.1466197018 91.6025455349 30.0239896965 -9999.0 74.6056673299 61.0538698068 17.6983971662 -9999.0 -9999.0 -9999.0 -9999.0 -9999.0 -9999.0 -9999.0 -9999.0 -9999.0 -9999.0 -9999.0 -9999.0 -9999.0 -9999.0 -9999.0 -9999.0 -9999.0 -9999.0 -9999.0 -9999.0 -9999.0 -9999.0 -9999.0 -9999.0 -9999.0 -9999.0 -9999.0 -9999.0 -9999.0
-9999.0 -9999.0 -9999.0 -9999.0 -9999.0 -9999.0 33.0237777665 31.4292536762 31.2604451623 31.389401635 31.7716924302 221.456679729 471.687981299 502.529569579 531.032244853 27.8654465993 567.842889026 596.898468712 59.7742935803 29.6490573873 120.7152614 209.501153867 28.4640256164 158.263973132 30.4370132426 29.1441935725 31.2634326821 -9999.0 -9999.0 -9999.0 -9999.0 -9999.0 -9999.0 -9999.0 -9999.0 -9999.0 -9999.0 -9999.0 -9999.0 -9999.0 -9999.0 -9999.0 -9999.0 -9999.0 -9999.0 -9999.0 -9999.0 -9999.0 -9999.0 -9999.0 -9999.0 -9999.0 -9999.0 -9999.0 -9999.0
-9999.0 -9999.0 -9999.0 -9999.0 -9999.0 -9999.0 66.177040663 98.2795198827 225.353848234 318.887658769 30.7466137469 31.0218264816 30.1843332654 89.7272871858 649.569758914 27.8262165787 625.448681346 737.132716744 88.0278075828 57.7681929039 237.76971799 29.2840383006 187.695875239 59.4333245379 29.9196919983 58.4900945686 61.7913555705 31.1065611678 30.8719641626 30.7528184737 30.8963032436 62.088888894 -9999.0 -9999.0 -9999.0 -9999.0 -9999.0 -9999.0 -9999.0 -9999.0 -9999.0 -9999.0 -9999.0 -9999.0 -9999.0 -9999.0 -9999.0 -9999.0 -9999.0 -9999.0 -9999.0 -9999.0 -9999.0 -9999.0 -9999.0
-9999.0 -9999.0 -9999.0 -9999.0 -9999.0 33.8164506457 66.6724868122 32.5077141253 64.5097829027 351.087952066 413.607333044 475.661164736 1480.12204261 29.5673351237 679.151678014 2378.20324596 2399.11891783 3172.03144792 22.9781532829 86.1968368534 266.201298476 28.3611009581 514.739504167 298.05686904 180.349315387 150.4880258 30.365365884 92.4208591725 91.277082278 61.0344460615 30.0396958284 92.6775946005 30.3547467658 30.3365261621 -9999.0 -9999.0 -9999.0 -9999.0 -9999.0 -9999.0 -9999.0 -9999.0 -9999.0 -9999.0 -9999.0 -9999.0 -9999.0 -9999.0 -9999.0 -9999.0 -9999.0 -9999.0 -9999.0 -9999.0 -9999.0
-9999.0 -9999.0 -9999.0 -9999.0 -9999.0 34.2117197358 100.819221581 200.385776046 232.630033145 463.703811177 495.319255148 591.864190627 974.646793185 1560.24748911 1617.55619108 1644.30583658 53.5117661347 3266.15490477 3313.91512598 3454.29991025 4348.84253567 600.311902311 543.881841069 209.508743844 29.0966851146 180.93147126 121.945245954 29.1364135897 120.59013181 28.1692675592 57.6298810847 152.229341295 181.714291055 59.8617854342 29.5569459917 29.6389963692 -9999.0 -9999.0 -9999.0 -9999.0 15.5281955712 13.1257456206 -9999.0 -9999.0 -9999.0 -9999.0 -9999.0 -9999.0 -9999.0 -9999.0 -9999.0 -9999.0 -9999.0 -9999.0 -9999.0
-9999.0 -9999.0 -9999.0 -9999.0 -9999.0 33.8874259665 33.0451130454 134.007671941 166.283877528 199.11452427 32.4649490107 64.7404712541 360.0651506 63.9968080891 31.2356929349 30.6430157793 28.7881356381 30.6448295704 30.0665848992 29.4563676053 4377.27732637 4462.02811233 28.329157494 86.3272153257 58.1239487362 209.844844558 58.4701890181 28.7107155511 150.311926642 55.6873524581 132.775569927 324.997456158 300.184670411 89.3107139031 88.6112538218 29.5724045101 29.6220360412 -9999.0 -9999.0 29.5929107717 37.1639141578 77.5379824017 13.7020538855 -9999.0 -9999.0 -9999.0 -9999.0 -9999.0 -9999.0 -9999.0 -9999.0 -9999.0 -9999.0 -9999.0 -9999.0
-9999.0 -9999.0 -9999.0 -9999.0 -9999.0 -9999.0 34.3651007227 34.0459493351 67.5835718492 100.758371683 230.933579804 296.49358865 329.173009722 33.3342903995 30.3875452004 382.116363078 472.920401105 502.839797481 622.562649793 651.68748988 28.7255818942 4490.44567289 4632.17443506 113.62454451 25.0351706487 237.320997815 530.397870934 206.944747284 56.5438090478 28.2192526518 512.474089385 353.230489658 28.2932734861 28.293707838 116.984285092 87.8054839173 29.1779309095 28.8095895854 29.07343058 58.3613335377 28.6899849514 94.2172598433 122.739410237 27.6251013655 -9999.0 -9999.0 -9999.0 -9999.0 28.9943010082 28.3234411235 8.19789982563 -9999.0 -9999.0 -9999.0 -9999.0
-9999.0 -9999.0 -9999.0 -9999.0 -9999.0 -9999.0 -9999.0 34.6592479919 31.8978074049 64.825286619 97.8146562687 33.0896283768 32.4522765303 195.017592873 258.127944856 321.478079209 30.3881134947 60.9188684307 29.6445008068 680.602902254 1483.52141815 1499.1285033 6181.43475201 28.4107267495 75.445193478 24.7171463419 558.271205302 28.0078087716 84.9733890608 28.1667464772 540.521896285 568.405008778 56.5696185042 56.382101509 291.536208642 145.868280234 57.8004771259 29.2737279012 58.276365188 87.2669671285 144.274986285 28.3146324882 177.920525434 203.762940505 24.1241217327 25.0712131981 25.4685757121 24.2257495182 23.3769166856 83.5537689684 33.9166637648 22.1796927076 -9999.0 -9999.0 -9999.0
-9999.0 -9999.0 -9999.0 -9999.0 -9999.0 -9999.0 -9999.0 -9999.0 66.4514491966 98.2507864864 33.0518925086 66.1879063186 98.4156813296 163.830730727 32.3483998909 32.116356716 30.2844020266 30.6725431113 29.5046897642 744.8241937 29.9186826451 59.5482945999 6258.67712403 6320.25156705 34.0811933022 143.232027449 729.521962213 55.1029175417 111.584090278 54.1696559583 80.2956663027 677.743372921 83.1849246821 429.450933546 346.644813641 27.7799036741 143.220584497 57.5162763065 86.3611304346 28.0785133661 172.201637558 227.489737775 250.671139285 273.175340537 295.483353312 46.0808716461 47.526999663 45.292447841 43.3723655021 107.541315197 24.2698873498 80.61136641 103.735630988 -9999.0 -9999.0
-9999.0 -9999.0 -9999.0 -9999.0 -9999.0 -9999.0 -9999.0 -9999.0 33.6521264603 164.838954801 197.615767243 32.914158272 65.3289204813 32.461053798 31.7036988134 31.2782898383 381.674828766 509.15767531 622.781551731 728.488346108 27.101867865 29.7807769802 33.9614091988 6449.60880015 6510.41708612 6541.52960149 986.706202353 222.666201839 193.851788151 26.1631583207 106.166752656 810.020733849 26.1342227271 455.824835678 27.2685635852 184.659802864 171.76428758 28.068310765 114.244523397 55.928517555 83.4474106635 27.2873984919 22.3797846664 295.513780942 316.434766606 316.366594819 69.4855057511 66.6148602961 64.7054702942 132.517353542 181.121699541 24.2279798589 127.273823795 24.1169016701 46.9311523164
-9999.0 -9999.0 -9999.0 -9999.0 -9999.0 -9999.0 -9999.0 -9999.0 -9999.0 33.1807369403 230.43286527 263.262437764 98.0073999615 163.044788256 226.56791796 258.396010956 31.7094615635 97.0422567046 64.0223867875 31.47649749 31.6449889255 30.6261293273 61.9687477173 106.406544944 37.9435362585 7596.24993363 7629.99112826 31.9333787339 26.1128954274 52.0072260984 77.548283093 886.981994787 51.45522026 480.516316244 287.404988177 234.944629737 27.2885557104 55.1280848718 140.981571876 26.621954803 109.727282496 53.4951573373 42.2094231115 20.1075943763 376.625131182 711.218255056 86.3675342364 83.9935887567 86.6672086978 22.2159112162 203.016214745 21.6889017437 173.018786867 22.5548091331 69.2299151281
-9999.0 -9999.0 -9999.0 -9999.0 -9999.0 -9999.0 -9999.0 -9999.0 -9999.0 -9999.0 32.2953164687 328.294555288 32.7147596123 65.3609326527 96.9308861514 160.928702767 32.6232229964 65.6914255922 32.7080528097 32.1305655604 31.1072324546 61.7218919633 29.4110594746 33.4717931042 70.0079864541 38.1357574693 7661.00382207 7723.34774219 7814.25770756 105.109609856 25.7430891583 51.3368821735 912.785278499 895.97031314 340.192763526 26.3669380566 109.18003123 82.1380431816 167.766723719 53.3558534478 215.942436467 79.8037907707 66.999391367 18.8153856541 20.6985278924 733.043179303 752.733797676 941.590153792 155.025444186 45.4511919124 225.752636012 269.774002101 463.699199004 44.6238929239 21.4302290137
-9999.0 -9999.0 -9999.0 -9999.0 -9999.0 -9999.0 -9999.0 -9999.0 -9999.0 -9999.0 -9999.0 17.5298975549 367.90420412 32.4041241824 63.7253012556 288.150105411 32.3687513528 32.4325067016 30.9408031567 63.2913247865 30.2943420927 122.280832331 180.978896068 209.438044128 98.4995774613 129.20855962 33.0331513072 37.1468475036 31.2889326014 7970.63616191 8050.660066 937.715161288 944.83678183 920.519746158 50.1392470225 24.7451011019 134.680539631 353.713640506 193.58724542 79.1677310192 320.50735103 153.684420778 128.66886935 38.9257500295 16.6042976093 16.280972076 16.3096469066 1014.15185339 1232.0867271 22.1777204357 20.4898395578 21.7633892256 484.339840026 549.218232108 40.0526696082
-9999.0 -9999.0 -9999.0 -9999.0 -9999.0 -9999.0 -9999.0 -9999.0 -9999.0 -9999.0 -9999.0 16.6911888569 408.97476487 504.962682652 31.2346863194 350.553053881 31.2570210826 31.1005717587 61.2544728257 154.92122638 30.2692696032 30.7328617409 29.1626207473 267.701802548 295.891385436 453.735910566 515.225973889 546.943630216 577.698371703 606.988421973 8685.43271503 9679.63416521 10676.3737303 10696.7581802 25.7061408568 24.9217581923 404.698829785 379.365583466 25.5218339346 25.351177464 345.360351832 524.458639698 24.0174182011 265.728947244 242.827264282 73.8269917501 34.3303109252 53.9007076973 20.738426583 1269.03824736 18.4688474528 60.4166773892 75.8518440999 678.927741002 735.844007418
-9999.0 -9999.0 -9999.0 -9999.0 -9999.0 -9999.0 -9999.0 -9999.0 -9999.0 -9999.0 -9999.0 33.0363030026 64.5125004601 536.27068802 597.052119562 30.5277522045 403.597988648 29.4940589781 89.6902194213 184.258854981 59.5447615202 29.2601626674 58.9496615618 27.768615939 54.2412567962 26.619470648 25.8892610151 24.4300840885 23.5926488574 24.3681123074 25.3490966163 29.6710670552 32.4559606546 32.99746594 10776.0180353 505.012261471 451.373160541 22.5088214108 74.9869353829 18.7263955664 16.1230862582 548.909919899 888.57821081 291.072767006 206.058517496 39.8110480212 17.7709074026 17.0562213188 35.3730706705 1323.10677878 1358.20197454 18.0002281729 18.0052080783 18.1878913271 16.9800111599
-9999.0 -9999.0 -9999.0 -9999.0 -9999.0 -9999.0 -9999.0 -9999.0 -9999.0 -9999.0 -9999.0 -9999.0 31.8016831839 391.597583695 1019.44235585 1112.00498167 1543.80453568 1565.35597366 413.189597427 302.786753294 89.1648349936 29.1581612344 116.432340819 144.54756861 225.520090267 53.7218156269 52.366048173 51.0686728561 100.715746101 50.2612768561 50.5653266306 24.0083526367 21.9679025385 24.2935907491 10799.6262697 11319.3151907 11347.1906212 22.547736146 205.075908539 84.1390169361 24.956861689 964.51498857 51.8428541901 26.2833729095 107.581183783 25.0092612727 22.1747988394 41.4880287188 58.4861526188 76.4370056725 1390.00435417 15.2885729075 13.869492945 13.8762938112 11.6438505083
-9999.0 -9999.0 -9999.0 -9999.0 -9999.0 -9999.0 -9999.0 -9999.0 -9999.0 -9999.0 -9999.0 32.6802599827 296.365726278 360.474711868 62.0547215488 18.8374242474 44.8287359519 1639.85376324 1664.07081781 2097.78276438 27.7360363737 56.7765491477 26.841335516 27.1215316359 252.112042161 332.403553009 410.638219406 25.5352386287 126.028975957 201.332151576 123.393670823 48.5005638784 45.0126614633 45.3796807011 44.1302676174 23.4089640668 11366.2739069 11383.3216901 11623.8662616 45.5579815639 23.4834769397 979.271653209 53.7845073849 27.2934721312 28.0713381006 27.899538613 26.5519015953 49.4280782546 142.812329089 238.137503792 1643.36215249 12.4527367101 37.2208391942 25.0202087634 21.7528695988
-9999.0 -9999.0 -9999.0 -9999.0 -9999.0 -9999.0 -9999.0 -9999.0 -9999.0 -9999.0 -9999.0 33.1128196749 199.432300615 32.3267677038 30.9361296473 150.603770197 179.551302548 209.500992075 238.435863277 2835.43767485 2859.39752982 2911.83328083 3291.59556056 3372.18454683 3420.84795033 3447.73300693 3920.16674243 3988.26537624 4013.38137971 4240.56239822 4389.42428175 4413.87846168 4505.84830695 69.1392915511 65.7993477365 20.5149636292 19.0962216535 11402.2954294 11708.5384085 67.1719319938 1118.51701028 1097.30078358 105.180945036 26.1048548694 26.6965266705 26.3596536979 25.6567579849 51.4497783159 74.6277129618 22.2034458083 1658.13323307 1673.23694979 1748.73252425 1761.56753534 1795.17398421
-9999.0 -9999.0 -9999.0 -9999.0 -9999.0 -9999.0 -9999.0 -9999.0 -9999.0 -9999.0 -9999.0 100.359636548 133.211932459 64.1947380135 95.6752575766 31.3014001138 351.677149661 382.381533155 442.78436842 470.357052588 203.860822422 3155.90443432 3180.04640683 26.1775788214 21.9083427075 20.9158609985 43.7776872421 23.1387981101 20.9443362288 21.0812941494 21.3566098904 4437.21697572 4529.19973551 4619.03642754 4704.03483071 4777.47792449 34.7675050153 13.5803664 12882.7263794 1157.81597526 1140.13587316 23.6869816418 23.4794234828 22.4553236164 49.7022201503 49.457529396 23.7025882097 23.8745682724 22.1971048801 44.1629006756 59.9410412468 12.4745567208 23.3332599027 9.68378964951 8.26757107977
-9999.0 -9999.0 -9999.0 -9999.0 -9999.0 -9999.0 -9999.0 -9999.0 -9999.0 -9999.0 -9999.0 -9999.0 67.4602499082 32.442560244 31.7132309062 290.708220155 321.627771944 30.9190661981 122.766562783 151.884379206 179.753838146 28.9145071641 26.0373426475 505.22228559 528.083735631 550.516642516 1410.43208808 1430.23542783 1469.19064085 1628.36823798 1740.17893085 1759.40918867 19.7405013695 19.997705536 18.5620659425 4803.51855515 13.6481016113 13098.6153513 13076.8437113 178.471848805 158.170913698 93.9514779601 23.8542954936 45.1346907912 72.6578221504 72.4189534807 46.620904392 23.4198805569 45.4859960315 44.1912858472 79.9161522908 12.4830047422 37.0839145062 60.214625909 77.0212694721
-9999.0 -9999.0 -9999.0 -9999.0 -9999.0 -9999.0 -9999.0 -9999.0 -9999.0 -9999.0 -9999.0 -9999.0 34.0625543236 99.1509403377 131.017139673 227.690880309 31.3741867245 62.9733630959 93.5113387887 347.295272651 375.00239869 399.875974243 427.381730348 455.189101855 708.805009378 791.575351741 839.774533551 21.4852324638 121.739419632 141.78327737 1681.81960193 1777.92509838 1818.6459486 1859.60762892 1898.11805448 6714.99673643 12.7055985297 13158.3262692 35.3289682 16.8263028743 134.983430118 115.244864313 20.0823222093 66.1632193963 93.6899858921 93.1740480462 66.6853220999 110.267278957 174.531031687 63.7130186726 161.765793058 15.9935606694 25.0587931055 6.76172509609 4.99372039773
