data/baseflow/mHMbf_acc474.asc
ncols                  80
nrows                 72
xllcorner      4374000.0
yllcorner      5656000.0
cellsize            500
NODATA_value       -9999
[rows 25 to 49 of 72, columns 0 to 54 of 80]
-9999.0 -9999.0 -9999.0 -9999.0 -9999.0 -9999.0 -9999.0 -9999.0 -9999.0 -9999.0 -9999.0 -9999.0 27.2047331602 53.7575856329 24.73571592 49.8774364537 23.099024694 173.438702177 219.437200136 242.857800858 22.0942829981 40.8656654856 407.175660996 504.459721257 522.06717331 44.6113655227 42.0400031506 57.5989316935 8.91076189027 8.43677907243 16.4360020883 10.0698895523 642.867358481 653.294693335 668.738456874 4722.00501913 10124.3853412 10028.2962038 17.7467283337 7.25213665035 6.71023106976 25.3444018348 18.8054455706 59.4537542202 85.966937968 174.77409872 16.0280959039 16.1014290631 147.213596297 160.851732711 322.988362772 335.282072264 356.572782947 367.691197991 10.3008589358
-9999.0 -9999.0 -9999.0 -9999.0 -9999.0 -9999.0 -9999.0 -9999.0 -9999.0 -9999.0 -9999.0 -9999.0 -9999.0 25.709828753 51.4330946644 77.2272430609 125.222779371 25.5276693753 23.7908186474 168.885670662 190.822379055 371.973085183 393.466902436 60.7782062725 22.4191777189 22.3148715364 21.2901738748 581.289073183 595.336120316 605.452631385 613.776451622 632.900814062 112.825071905 128.184718304 814.024928009 15667.755319 78.2184218502 65.6625121264 28.3906349453 8.13692975209 6.56839416295 39.0785742737 45.1120224075 72.3789800992 6.29252411427 182.231282188 26.054016539 25.4831522386 6.28410745266 5.51342006808 5.2390762042 7.55027406533 5.42173446646 373.001630671 5343.70690157
-9999.0 -9999.0 -9999.0 -9999.0 -9999.0 -9999.0 -9999.0 -9999.0 -9999.0 -9999.0 -9999.0 -9999.0 -9999.0 -9999.0 25.3922199901 50.6043374086 73.6397924617 97.6017975524 121.450189991 145.87245477 71.7995559715 118.169001562 21.4285794577 21.0116032853 476.404324243 518.638311863 539.052734042 561.362911693 18.9606740091 34.1036570164 83.7362604702 92.6274367872 101.785202461 15.5447290696 18.8549175261 15711.6300455 13.7646138873 22.5757618629 10.5870839061 31.3462481237 14.7392254472 9.67165490845 127.224619279 137.93814468 8.1412735327 191.451427301 222.700670054 30.0491104172 5598.37032365 5586.67668898 5575.13959441 5547.26346942 5532.21441715 5367.14608323 5359.21206895
-9999.0 -9999.0 -9999.0 -9999.0 -9999.0 -9999.0 -9999.0 -9999.0 -9999.0 -9999.0 -9999.0 -9999.0 -9999.0 -9999.0 5.58929086059 12.7813767297 23.0366532721 200.756948379 225.49554187 24.8337104638 24.2479749922 23.3199115933 390.241773235 434.43257374 21.5472201619 22.1972636253 19.2190361254 77.5512701436 96.6941289181 54.4332764274 66.1371404502 440.205045659 454.224583099 486.460206527 777.999054901 16498.0522763 14.1884428105 9.98165680747 47.299265525 39.0860318879 8.79549229047 27.8589161485 37.2485767383 148.458736147 158.281864305 403.113874377 228.114527904 33.6355269934 5757.03036837 89.6015317851 5563.3987882 5555.62336812 152.107025879 8.73491069461 9.63618326444
-9999.0 -9999.0 -9999.0 -9999.0 -9999.0 -9999.0 -9999.0 -9999.0 -9999.0 -9999.0 -9999.0 -9999.0 -9999.0 -9999.0 29.4247215292 47.7547059663 100.208683123 174.817746635 247.063565017 298.202900449 321.99534242 346.007099937 369.024709791 21.7826866608 21.0931150103 41.2086925655 38.9942967838 19.715279075 380.734566546 399.501310176 417.452625448 434.256928435 239.236981998 250.965162384 271.152706833 16505.1600775 23.3623785307 26.2025830944 77.9074662811 6.88987102377 19.5152234865 10.1809023526 8.89093659079 46.6793461481 8.44347924226 8.86065213126 6206.63226857 5795.67060493 5786.39851931 31.1727394945 83.2574461383 53.7533753852 12.791490133 133.491640182 38.8276374136
-9999.0 -9999.0 -9999.0 -9999.0 -9999.0 -9999.0 -9999.0 -9999.0 -9999.0 -9999.0 -9999.0 -9999.0 -9999.0 -9999.0 20.5068460208 18.5951213299 36.1067939904 55.8373433852 25.5146444898 25.357766943 49.2499738532 73.1650923024 117.822984414 140.058559678 161.775143627 225.18108562 245.463469619 265.857878286 18.6921555691 189.870059011 205.982552792 218.453427697 8.45006935911 3.43648212495 7.6271778058 16770.9514545 16777.9064535 16815.7294926 96.8917240599 13.7601389408 30.7405368541 9.14012525857 16.5448120962 54.7274805647 70.6590643565 16.6143209815 6247.76911004 13.6788445942 17.8456337433 18.9867892408 16.9529263733 29.2718652308 13.2080254148 84.7381938635 62.5997175894
-9999.0 -9999.0 -9999.0 -9999.0 -9999.0 -9999.0 -9999.0 -9999.0 -9999.0 -9999.0 -9999.0 -9999.0 -9999.0 -9999.0 -9999.0 17.2663441351 34.3987661942 17.7663972071 36.5310713207 230.672854269 254.052889217 278.031592846 22.3899928561 22.4599967692 44.0396818876 65.4348277343 105.227963603 124.793478869 134.924972117 152.526035903 15.9523082752 13.246633151 234.939966497 238.475410457 244.39582406 250.929780474 209.417333055 17052.6742931 17193.4509231 17199.5876072 17236.0976811 17268.6908724 17297.2932573 9.77427843321 78.8825328222 6257.81396704 25.9458728243 13.224190427 13.1802776294 10.8733360049 19.1078572536 17.215573107 9.52899979683 11.7184262311 10.675222814
-9999.0 -9999.0 -9999.0 -9999.0 -9999.0 -9999.0 -9999.0 -9999.0 -9999.0 -9999.0 -9999.0 -9999.0 -9999.0 -9999.0 -9999.0 -9999.0 51.1181801005 70.4679048343 127.745268422 173.047104947 25.1587662587 328.170925531 350.430141525 372.867707367 22.3806686231 44.111902149 20.3981921886 147.837427396 157.225852733 172.218146085 187.534740494 225.21865403 228.894597771 2.64535324235 183.228015856 196.320021806 202.998803374 229.796178999 36.8693931616 24.4442139385 15.568103573 14.9244045349 17323.3788272 17339.1139873 17476.8278245 6269.45327691 67.3721588967 30.5567734875 20.9683845548 6.78110358591 54.3120030255 27.2561703175 8.87195804411 45.9620917428 37.979526356
-9999.0 -9999.0 -9999.0 -9999.0 -9999.0 -9999.0 -9999.0 -9999.0 -9999.0 -9999.0 -9999.0 -9999.0 -9999.0 -9999.0 -9999.0 -9999.0 19.4413552356 89.3852950969 109.676891687 26.4298373178 24.1124974506 47.87825832 69.8925456435 465.212034822 22.1147098568 88.8296771399 109.568293338 129.919379175 9.97191085978 24.0810014167 30.9932649455 148.850913284 162.955588539 167.917453794 6.1804362038 6.31533532259 7.38678001108 13.5503909028 5.70306597876 6.177644823 13.6002489746 9.90499337626 13.7036017356 46.1490783623 17493.0540326 23805.5161229 81.4181698275 8.78405310758 7.03215266809 163.574355709 149.189643904 85.7114505262 76.3954338458 56.7239547739 11.612791272
-9999.0 -9999.0 -9999.0 -9999.0 -9999.0 -9999.0 -9999.0 -9999.0 -9999.0 -9999.0 -9999.0 -9999.0 -9999.0 -9999.0 -9999.0 15.3476128978 52.7650023338 17.7910236235 27.702700934 26.1622860639 50.6910045739 74.2217632176 97.232952218 582.597806853 604.095448864 22.0206817966 42.7564270514 63.5348471204 76.9482661633 91.3759701978 129.454324448 143.170213868 7.28377345224 8.28307690128 8.1485566623 14.3713199738 13.2430829837 12.8824833296 10.8284774224 11.9392613641 53.6348858893 25.5298190141 14.9871147018 14.6275861956 14.5478418949 27.9754047264 24273.2615443 378.556351288 194.514389892 15.2195038199 6.58579192057 7.00439723195 23.8355102166 16.4187593268 8.27177352304
-9999.0 -9999.0 -9999.0 -9999.0 -9999.0 -9999.0 -9999.0 -9999.0 -9999.0 -9999.0 -9999.0 -9999.0 -9999.0 -9999.0 16.1116153065 31.187622764 117.236846192 17.5848795688 53.8626374206 79.6337102777 104.31781771 24.9330392364 47.6204793364 70.7775914342 694.342800275 21.1975617154 41.1757060587 61.116351738 17.8556222083 35.089509899 41.6786699351 54.4976990438 1353.88133437 1373.89157533 1393.69457771 1495.60578875 1535.23911796 1620.10152432 26.56585683 53.7895558299 67.5596596387 1910.84145883 1939.70135614 14.0005226888 26.0636843454 37.8800549038 24285.479792 363.682304886 151.200421793 144.26206543 130.276722175 121.379218551 31.8116540948 7.80192659199 15.3051371704
-9999.0 -9999.0 -9999.0 -9999.0 -9999.0 -9999.0 -9999.0 -9999.0 -9999.0 -9999.0 -9999.0 -9999.0 -9999.0 -9999.0 16.2597591923 49.4842921497 183.01123105 268.690044541 15.8518012416 358.821591833 482.740057532 23.8136251545 46.1868014301 69.574301663 893.544668276 914.255253771 20.6320482591 102.587329273 121.502533791 135.177729872 1236.66008206 1266.68944982 1290.69937002 12.2000300026 70.9694317985 84.20613268 42.6783675865 61.9000266263 1710.10426527 1794.45512924 1812.13351722 1829.40824571 1967.14215504 13.5232400942 12.8199094901 62.3222303546 24299.6631258 10.7226129765 2.69407290242 7.75065760497 3.07041090976 108.392302818 99.1164027337 57.8745390063 41.7728487517
-9999.0 -9999.0 -9999.0 -9999.0 -9999.0 -9999.0 -9999.0 -9999.0 -9999.0 -9999.0 -9999.0 -9999.0 -9999.0 -9999.0 -9999.0 -9999.0 34.7457455349 70.0628685656 320.278568007 339.351439668 499.405406566 519.187449465 23.4376567172 46.782396492 112.926649628 933.64442963 976.89993156 996.636547217 17.4342119133 1063.3943712 1092.93148551 20.4740633464 12.338221541 24.448421558 47.9617262939 11.7491599975 24.6414109941 57.8003739553 73.5943880916 13.9192399448 11.1461272864 22.9622425356 2039.49940493 2061.46597872 2073.28707348 2161.29521066 24313.0826026 7.51743815319 1.85852713128 2.12458179764 2.18595145424 2.24967630921 2.16055647722 3.9990070401 6.14063802334
-9999.0 -9999.0 -9999.0 -9999.0 -9999.0 -9999.0 -9999.0 -9999.0 -9999.0 -9999.0 -9999.0 -9999.0 -9999.0 -9999.0 -9999.0 -9999.0 18.164517942 17.7973400187 18.072238762 39.1963094372 17.6007077504 553.816271752 572.085039976 22.7024237091 44.528822257 23.4627426425 21.6060075418 21.346221763 1032.43690529 9.06443753491 17.9596767835 12.0250133138 12.857701688 11.791291691 10.2755281658 10.5276289898 31.9947875731 43.2815284816 9.5303060804 8.79390603112 18.6134537334 29.7536860203 36.3303802948 8.61051636834 2086.0229162 2173.42459964 24323.6346023 20.5518260488 6.05394003735 1.24397333539 3.22887128149 1.07712065783 0.931452623504 5.05816788858 31.0037121514
-9999.0 -9999.0 -9999.0 -9999.0 -9999.0 -9999.0 -9999.0 -9999.0 -9999.0 -9999.0 -9999.0 -9999.0 -9999.0 -9999.0 -9999.0 -9999.0 -9999.0 -9999.0 17.5905787679 55.5891476799 70.7353902819 87.5572484417 588.387650825 604.620950373 622.105172964 644.231148198 665.241782509 708.155103829 717.857567106 726.11096516 735.836455926 11.9327464049 11.5709769477 11.8491501386 43.4139511781 11.1671288282 10.9122277005 9.48004521481 28.206048933 10.5123254378 9.08129882478 8.65735035 7.79681228663 15.5731801475 23.0520243564 2221.80983603 26577.5094194 7.03733967743 17.3805844957 0.985294778502 4.4744999909 2.49613067259 1.87713721664 62.326856763 51.9442200372
-9999.0 -9999.0 -9999.0 -9999.0 -9999.0 -9999.0 -9999.0 -9999.0 -9999.0 -9999.0 -9999.0 -9999.0 -9999.0 -9999.0 -9999.0 -9999.0 -9999.0 -9999.0 -9999.0 14.7679844804 115.99800295 235.751365991 254.236747562 24.7416262775 47.427498318 69.0587228182 88.8277503741 213.63795216 225.658610536 11.8268302486 11.6878329082 759.455885452 782.094464346 792.917234877 52.8441153107 8.99280927509 20.4816291237 30.2908259502 90.4763491951 110.645746333 128.221326551 16.6440245595 23.9047680415 8.11152318766 16.270913273 8.33826735675 26595.5759562 7.71170323872 31.4569701682 11.2427271918 22.5846197002 54.3128422567 60.4134289442 126.67865442 62.4873547293
-9999.0 -9999.0 -9999.0 -9999.0 -9999.0 -9999.0 -9999.0 -9999.0 -9999.0 -9999.0 -9999.0 -9999.0 -9999.0 -9999.0 -9999.0 -9999.0 -9999.0 -9999.0 16.3286744975 51.782387042 101.499667515 132.794787208 349.937153892 371.629301354 44.432430021 66.0347541988 84.8713605991 104.843242249 236.005877459 259.260632169 439.31023764 452.846604361 462.764709272 804.149943656 887.53234781 20.2239091522 11.962014273 11.6807779257 22.8937750038 10.825351548 149.138010504 157.6243523 31.7205256319 38.1307505569 7.48510508483 5404.74446213 5422.21697611 32031.446581 32074.2243247 6.77952655776 36.5669155746 9.22773019441 8.76962101603 143.709424369 213.35397291
-9999.0 -9999.0 -9999.0 -9999.0 -9999.0 -9999.0 -9999.0 -9999.0 -9999.0 -9999.0 -9999.0 -9999.0 -9999.0 -9999.0 -9999.0 -9999.0 -9999.0 -9999.0 -9999.0 18.4047656541 17.9006684597 33.956561715 80.7764025282 387.311776277 22.5937151366 22.3141671661 41.7854121215 60.7691188601 142.411128419 153.436204666 6.82336088146 8.85189265467 475.544790575 487.017496109 1384.03640491 1393.01561701 8.55262172539 7.89330805996 7.20603796113 7.25618335282 7.50839686499 5261.80625273 5309.38868497 5353.9816248 5367.51075639 5398.05005973 9.17877446834 34.9867321656 46.6743835499 32141.9170709 32150.2419927 32157.3494541 32165.739475 32171.7967897 222.572956036
-9999.0 -9999.0 -9999.0 -9999.0 -9999.0 -9999.0 -9999.0 -9999.0 -9999.0 -9999.0 -9999.0 -9999.0 -9999.0 -9999.0 -9999.0 -9999.0 -9999.0 -9999.0 -9999.0 -9999.0 16.5128961782 17.2332194649 32.0696812241 449.912208737 468.810907677 22.0301524533 41.4458102891 60.6466998323 71.6728384932 9.19448849769 20.2124798629 1060.67679834 1072.41507265 1081.43009868 1155.11393267 2557.02138507 4955.9736157 4974.43512241 4992.08459685 5009.28019454 5075.22873304 5095.66727814 40.0037138511 18.8929531245 10.6391129549 20.5178906583 17.361683526 26.9421490025 8.97172492888 181.419174795 204.074504528 220.861920764 229.210111689 32180.305457 32412.5612327
-9999.0 -9999.0 -9999.0 -9999.0 -9999.0 -9999.0 -9999.0 -9999.0 -9999.0 -9999.0 -9999.0 -9999.0 -9999.0 -9999.0 -9999.0 -9999.0 -9999.0 -9999.0 -9999.0 -9999.0 -9999.0 16.7670325193 32.1582124977 47.6270087281 482.294437204 20.6956957635 666.700918585 686.474878408 695.659981174 706.829333039 1016.99376313 1028.85595719 12.2587035834 55.065931797 66.5388406797 12.0835128791 2380.18783501 2357.5673357 8.71274902854 18.92589213 49.8796020231 10.5944119893 11.156400892 9.55457941336 8.78347238103 7.52783846847 8.40593543843 151.6355123 160.380855974 170.21745988 11.187906622 7.32260550559 234.867605845 244.758972438 251.860197256
-9999.0 -9999.0 -9999.0 -9999.0 -9999.0 -9999.0 -9999.0 -9999.0 -9999.0 -9999.0 -9999.0 -9999.0 -9999.0 -9999.0 -9999.0 -9999.0 -9999.0 -9999.0 -9999.0 -9999.0 -9999.0 15.362425743 14.4225650379 74.6465277085 589.431891858 626.667790841 647.645025149 21.6004389262 289.694294157 297.585312619 301.377192171 10.7924140477 24.100270812 36.1897896415 555.027536135 565.146941478 574.495399994 2339.43420463 1415.35485725 10.1379682177 10.4460982832 10.1898965146 9.08455031337 87.6208557738 106.559418598 123.964443036 133.484239257 142.785527809 714.253942096 721.992328159 728.22290185 742.809618907 835.86879845 843.56346281 1104.07441519
-9999.0 -9999.0 -9999.0 -9999.0 -9999.0 -9999.0 -9999.0 -9999.0 -9999.0 -9999.0 -9999.0 -9999.0 -9999.0 -9999.0 -9999.0 -9999.0 -9999.0 -9999.0 -9999.0 -9999.0 -9999.0 -9999.0 30.0091837814 45.8321994706 18.5690874482 22.3204873125 214.672717785 236.938892892 254.485727557 118.032388242 125.991454084 135.484152477 147.66866127 533.359265434 545.302711728 318.802556185 904.110768163 914.546685871 1406.28413922 20.914137415 10.5703476589 8.6573531818 59.2933412594 69.5787939176 7.88701200686 7.52956535067 679.945040241 697.659671127 706.725950394 7.43056534155 10.5127441613 818.150196284 11.6397780425 53.7607396647 61.1259085526
-9999.0 -9999.0 -9999.0 -9999.0 -9999.0 -9999.0 -9999.0 -9999.0 -9999.0 -9999.0 -9999.0 -9999.0 -9999.0 -9999.0 -9999.0 -9999.0 -9999.0 -9999.0 -9999.0 -9999.0 -9999.0 -9999.0 15.0164686568 29.7573411813 130.285143593 149.6620069 171.809298953 89.9772897524 109.679453213 8.83147867762 356.558944644 364.822534772 373.816993808 10.8297118312 295.890080301 308.020029394 10.5379886482 1353.12427201 21.9372245465 10.9058018131 30.9119734841 41.5049849249 9.25669034632 8.1540576196 595.994831885 663.1613956 673.124589299 9.91446720887 24.6955000138 31.653471755 37.3586157484 70.7963378917 20.0443122597 43.6225527018 9.6149607113
-9999.0 -9999.0 -9999.0 -9999.0 -9999.0 -9999.0 -9999.0 -9999.0 -9999.0 -9999.0 -9999.0 -9999.0 -9999.0 -9999.0 -9999.0 -9999.0 -9999.0 -9999.0 -9999.0 -9999.0 -9999.0 -9999.0 14.8320351401 47.495447218 84.8824451641 22.4144297327 44.3902275076 67.9477397252 319.313982396 331.11807791 339.578496926 7.93209083392 239.573059386 263.967634757 274.169625742 7.70652408005 1309.09483997 1332.28113388 11.2815293386 10.8028879526 21.6963411292 9.80493722191 543.036393608 561.741107286 572.159325664 40.6059099479 50.7144784172 9.29920794152 17.3503731655 8.09602587073 54.5846232436 8.28595465188 10.7901255539 11.7194677108 11.8710878356
-9999.0 -9999.0 -9999.0 -9999.0 -9999.0 -9999.0 -9999.0 -9999.0 -9999.0 -9999.0 -9999.0 -9999.0 -9999.0 -9999.0 -9999.0 -9999.0 -9999.0 -9999.0 -9999.0 -9999.0 -9999.0 -9999.0 -9999.0 17.1670283727 19.7273917538 24.415606929 206.961213579 230.046404752 297.855037395 15.3560800592 205.957182249 224.188314114 8.33486335663 16.9480581443 7.15978189743 1282.48201346 9.00470100247 29.3314754282 38.7666054395 47.8287117588 482.970175695 514.044388794 524.852064612 10.7740835809 20.8963920856 30.4772506046 7.35268343437 6.87602556704 1407.75411436 1414.79410969 1421.01031888 1473.03535852 1480.51401929 1491.83512487 1502.02132045
