data/baseflow/mHMbf_acc314.asc
ncols                  80
nrows                 72
xllcorner      4374000.0
yllcorner      5656000.0
cellsize            500
NODATA_value       -9999
[rows 0 to 24 of 72, columns 0 to 54 of 80]
-9999.0 -9999.0 -9999.0 -9999.0 -9999.0 -9999.0 -9999.0 -9999.0 -9999.0 -9999.0 -9999.0 -9999.0 29.6095561152 21.7420131523 -9999.0 -9999.0 -9999.0 -9999.0 -9999.0 -9999.0 -9999.0 -9999.0 -9999.0 -9999.0 -9999.0 -9999.0 -9999.0 -9999.0 -9999.0 -9999.0 -9999.0 -9999.0 -9999.0 -9999.0 -9999.0 -9999.0 -9999.0 -9999.0 -9999.0 -9999.0 -9999.0 -9999.0 -9999.0 -9999.0 -9999.0 -9999.0 -9999.0 -9999.0 -9999.0 -9999.0 -9999.0 -9999.0 -9999.0 -9999.0 -9999.0
-9999.0 -9999.0 -9999.0 -9999.0 -9999.0 -9999.0 -9999.0 -9999.0 -9999.0 -9999.0 -9999.0 -9999.0 60.1897714384 125.482114701 18.8044381599 -9999.0 13.7832800021 -9999.0 -9999.0 -9999.0 -9999.0 -9999.0 -9999.0 -9999.0 -9999.0 -9999.0 -9999.0 -9999.0 -9999.0 -9999.0 -9999.0 -9999.0 -9999.0 -9999.0 -9999.0 -9999.0 -9999.0 -9999.0 -9999.0 -9999.0 -9999.0 -9999.0 -9999.0 -9999.0 -9999.0 -9999.0 -9999.0 -9999.0 -9999.0 -9999.0 -9999.0 -9999.0 -9999.0 -9999.0 -9999.0
-9999.0 -9999.0 -9999.0 -9999.0 -9999.0 -9999.0 -9999.0 -9999.0 -9999.0 -9999.0 30.238652227 29.0895267367 30.1051209641 28.5827911712 180.323902487 201.20608499 38.5519498003 12.158866541 -9999.0 -9999.0 -9999.0 -9999.0 -9999.0 -9999.0 -9999.0 -9999.0 -9999.0 -9999.0 -9999.0 -9999.0 -9999.0 -9999.0 -9999.0 -9999.0 -9999.0 -9999.0 -9999.0 -9999.0 -9999.0 -9999.0 -9999.0 -9999.0 -9999.0 -9999.0 -9999.0 -9999.0 -9999.0 -9999.0 -9999.0 -9999.0 -9999.0 -9999.0 -9999.0 -9999.0 -9999.0
-9999.0 -9999.0 -9999.0 -9999.0 -9999.0 -9999.0 -9999.0 -9999.0 -9999.0 29.3240157971 59.1483117216 116.977415921 57.8536634348 28.0940783858 55.0460990305 228.252955733 299.156501456 15.017564263 -9999.0 29.4240295352 -9999.0 -9999.0 -9999.0 -9999.0 26.7688290192 13.3819955492 -9999.0 -9999.0 -9999.0 -9999.0 -9999.0 -9999.0 -9999.0 -9999.0 -9999.0 -9999.0 -9999.0 -9999.0 -9999.0 -9999.0 -9999.0 -9999.0 -9999.0 -9999.0 -9999.0 -9999.0 -9999.0 -9999.0 -9999.0 -9999.0 -9999.0 -9999.0 -9999.0 -9999.0 -9999.0
-9999.0 -9999.0 -9999.0 -9999.0 -9999.0 -9999.0 -9999.0 -9999.0 31.5281030098 90.997196894 119.067917199 147.186560024 201.829790677 26.5369257771 107.148289366 133.384774175 474.916076152 23.600973775 26.4378190275 55.753067128 81.2109166755 26.3936059857 -9999.0 73.719746179 60.3182692637 17.6482150579 -9999.0 -9999.0 -9999.0 -9999.0 -9999.0 -9999.0 -9999.0 -9999.0 -9999.0 -9999.0 -9999.0 -9999.0 -9999.0 -9999.0 -9999.0 -9999.0 -9999.0 -9999.0 -9999.0 -9999.0 -9999.0 -9999.0 -9999.0 -9999.0 -9999.0 -9999.0 -9999.0 -9999.0 -9999.0
-9999.0 -9999.0 -9999.0 -9999.0 -9999.0 -9999.0 32.4174480664 30.0680181001 29.0896671439 29.3115023442 29.2397555677 205.477587413 435.076839399 462.727209911 487.662044974 24.634646954 524.203170791 549.360919544 52.0953614778 25.5587009969 106.116343082 183.479431461 25.7409293661 150.391117927 28.0396391938 26.9781977051 29.0843674809 -9999.0 -9999.0 -9999.0 -9999.0 -9999.0 -9999.0 -9999.0 -9999.0 -9999.0 -9999.0 -9999.0 -9999.0 -9999.0 -9999.0 -9999.0 -9999.0 -9999.0 -9999.0 -9999.0 -9999.0 -9999.0 -9999.0 -9999.0 -9999.0 -9999.0 -9999.0 -9999.0 -9999.0
-9999.0 -9999.0 -9999.0 -9999.0 -9999.0 -9999.0 63.7017632961 93.7807570536 211.7505399 297.620790661 26.9543502068 27.5161504254 26.3331168588 78.0666762164 590.149219694 23.452261371 573.627505064 670.806592162 76.1102202271 49.3015331515 207.371598342 25.4479066391 175.796353242 52.9236929107 27.0252212528 53.3632387368 57.280898689 27.8780665619 28.3524716514 28.1111694448 28.5555606001 57.5808046794 -9999.0 -9999.0 -9999.0 -9999.0 -9999.0 -9999.0 -9999.0 -9999.0 -9999.0 -9999.0 -9999.0 -9999.0 -9999.0 -9999.0 -9999.0 -9999.0 -9999.0 -9999.0 -9999.0 -9999.0 -9999.0 -9999.0 -9999.0
-9999.0 -9999.0 -9999.0 -9999.0 -9999.0 32.4358800796 63.6887403473 30.6925574117 60.0375830438 327.239201387 382.896171637 437.980529067 1367.38582407 25.8917310343 615.723600132 2177.6868148 2196.63627993 2899.33203605 20.339427439 73.2075297794 231.511623738 24.0356005765 468.227436409 267.722415458 164.702442331 137.992917292 27.7506495622 83.4289600314 82.8037517116 55.4781516965 27.0709712131 85.5717466852 27.1775121453 27.1341381135 -9999.0 -9999.0 -9999.0 -9999.0 -9999.0 -9999.0 -9999.0 -9999.0 -9999.0 -9999.0 -9999.0 -9999.0 -9999.0 -9999.0 -9999.0 -9999.0 -9999.0 -9999.0 -9999.0 -9999.0 -9999.0
-9999.0 -9999.0 -9999.0 -9999.0 -9999.0 32.7100704825 95.5773460901 190.070246526 219.566387877 434.778169036 463.140333537 550.739923662 903.885217355 1440.31598082 1491.48019597 1515.07772686 46.3229998684 2981.36316253 3023.20238961 3144.26551424 3941.06901586 541.424154381 493.408146502 189.889181708 25.0306329488 161.782745635 109.863569684 25.7541333896 107.759224273 24.5142244304 50.7927014564 137.727866853 163.717640279 53.181393112 25.9967238072 26.2396220941 -9999.0 -9999.0 -9999.0 -9999.0 15.0435144288 12.5484705201 -9999.0 -9999.0 -9999.0 -9999.0 -9999.0 -9999.0 -9999.0 -9999.0 -9999.0 -9999.0 -9999.0 -9999.0 -9999.0
-9999.0 -9999.0 -9999.0 -9999.0 -9999.0 32.3009356149 31.0253137098 126.299051794 155.841944584 186.133615354 29.6050268885 58.9368122581 332.800381304 58.3547679022 28.0502542919 26.9032025458 24.5266311071 26.7584075913 25.8062533886 26.0440869461 3965.55538811 4037.8020016 23.9433859263 73.6622634395 49.9004325746 186.703123168 51.5730134095 25.3534623468 133.326911236 48.5256913428 116.560773975 290.388969564 268.264944977 79.0805480771 78.3915132707 26.1315758312 26.2651133418 -9999.0 -9999.0 26.5321192263 34.9666168563 73.886323434 13.3100565163 -9999.0 -9999.0 -9999.0 -9999.0 -9999.0 -9999.0 -9999.0 -9999.0 -9999.0 -9999.0 -9999.0 -9999.0
-9999.0 -9999.0 -9999.0 -9999.0 -9999.0 -9999.0 32.6984763927 32.2300863468 63.9148661151 95.034311118 215.52478479 275.803306557 305.433502122 30.666278923 26.2494624801 342.400474348 421.460568228 447.152243906 551.633894322 576.671013359 24.863440705 4062.22657379 4183.91859951 97.7194692077 22.4654488186 210.273912568 468.841390706 183.201537225 47.9704021811 23.8734797774 453.687054515 314.400026356 23.9620628389 24.0698864119 102.810111498 76.8785501711 25.3716409837 26.0509310295 25.4592273057 51.5108536256 25.0392522931 89.9261193296 115.008996711 24.5586107397 -9999.0 -9999.0 -9999.0 -9999.0 27.488250461 26.5798970648 7.6635217296 -9999.0 -9999.0 -9999.0 -9999.0
-9999.0 -9999.0 -9999.0 -9999.0 -9999.0 -9999.0 -9999.0 33.1495727719 29.7690634316 60.5316368373 90.9514788829 30.5608553731 28.8515731049 176.524340422 233.219590785 290.218613665 26.6186918783 53.4188840922 26.1265075646 601.542166601 1321.50526296 1336.32157518 5563.93467988 24.5240205596 66.9978600419 21.7250466042 492.797682021 23.5603017204 72.2325897173 23.7049828321 477.309536777 500.633949499 47.7923986235 47.4822919949 254.649921662 127.210350969 51.485277195 25.6583951969 51.127376132 76.7091219808 126.067685442 24.8820336206 165.649718775 191.760090552 25.2195610889 26.4183386878 26.5516554371 25.2410955436 24.5302463573 78.8711142767 30.5981515293 20.5334368157 -9999.0 -9999.0 -9999.0
-9999.0 -9999.0 -9999.0 -9999.0 -9999.0 -9999.0 -9999.0 -9999.0 62.145725621 91.8226814864 30.5061569688 61.1298211515 90.2147462289 149.182720102 30.005347553 29.2938640121 26.2701190127 26.8197489907 25.2984712425 669.639175475 26.2803718698 52.0073151034 5633.28496942 5692.28365476 34.4867678242 135.437866119 652.665587046 46.4918966939 94.272115601 45.3782648121 67.1033131303 592.408504939 69.9320239794 370.264967509 300.649531097 23.0559401351 124.72642244 49.6998957876 75.1310940239 24.2472484638 150.856833708 200.844656487 224.781586734 247.963946156 287.49941976 48.1879663629 49.4082662023 47.0373375586 45.3231982028 100.871555598 21.4430951525 72.8619634077 92.6016611396 -9999.0 -9999.0
-9999.0 -9999.0 -9999.0 -9999.0 -9999.0 -9999.0 -9999.0 -9999.0 31.6738907486 154.348547788 184.454768026 30.2930334756 59.6203631013 29.3831646304 28.2644658835 27.6334830763 341.290801823 456.121071126 558.089983069 653.912839086 24.0127486444 25.9988172663 31.5180791152 5814.00829897 5875.73238868 5906.95075502 877.271500131 189.645439343 164.209516124 22.2616084668 88.7788903758 703.074731247 21.9827811839 392.41126938 22.9623358919 160.293658142 149.036322406 23.8012278657 98.806219906 47.8938144379 71.2753820837 24.8151332454 23.1365375801 270.959742655 292.640737106 309.134616814 72.1586625507 69.1078797047 67.053513837 122.741818168 165.645281918 21.3216336181 112.463200267 20.4894840008 39.7619889538
-9999.0 -9999.0 -9999.0 -9999.0 -9999.0 -9999.0 -9999.0 -9999.0 -9999.0 31.1901626617 214.741060912 244.976498027 89.3846849235 148.321603644 204.920009632 233.282595938 28.3862805734 88.394744648 57.9306344218 28.1854559213 28.4709797145 26.7947578117 54.0984155556 97.9265774391 38.3440999393 6853.20522005 6887.89866742 32.5243917544 23.1698172776 43.9239260021 65.279715604 767.169351594 42.92385653 412.944465813 247.781662392 203.740190211 23.137449546 46.6326164447 121.255812099 22.2701084914 93.1690722408 46.6277256954 43.336065555 22.0354603827 355.875316036 683.257667319 88.8779687798 86.2000825523 85.6635846203 18.3753557271 183.933687968 18.0066808362 151.460729434 18.6023339377 58.5920791163
-9999.0 -9999.0 -9999.0 -9999.0 -9999.0 -9999.0 -9999.0 -9999.0 -9999.0 -9999.0 29.5470384411 304.647605838 29.7888465933 59.3959898713 87.2753738534 144.321299638 29.5581020614 60.4558632276 29.9845392243 29.3326554326 27.6358545231 55.0172607206 25.6463499727 30.6041743437 68.0662221544 38.9017152339 6919.22565675 6982.87578814 7072.1523071 90.5661819421 21.555364752 42.8887403273 788.767481682 767.59810863 292.33058643 22.1803014524 92.1749317747 69.388616888 143.776490317 44.7194600745 183.575989421 68.3460856571 64.2350512129 21.4093936705 21.8937363315 705.785942089 725.415626769 918.225925182 142.431290905 37.6759240106 203.455351255 240.332469698 409.302972556 36.6915093035 17.6022423396
-9999.0 -9999.0 -9999.0 -9999.0 -9999.0 -9999.0 -9999.0 -9999.0 -9999.0 -9999.0 -9999.0 16.0244706332 340.820900955 28.888853243 56.4777834867 258.273681496 30.1392487213 30.2228014633 27.3261388762 56.9129274332 26.6513385014 108.35072044 159.709969996 184.522325069 93.5840531496 124.726568469 34.3371628178 37.8468713131 32.7621755225 7214.14943918 7282.17951461 809.008460915 807.133202246 787.49812995 41.7371512225 20.5034666263 113.256622309 299.41410702 165.158534427 66.0996391969 270.371523901 145.166944589 125.014565195 41.2594994846 18.0527104631 17.5505441598 17.7937576057 997.127206345 1196.29190279 17.8236489852 16.7790666562 17.4357445327 426.081623837 479.195320391 32.825823502
-9999.0 -9999.0 -9999.0 -9999.0 -9999.0 -9999.0 -9999.0 -9999.0 -9999.0 -9999.0 -9999.0 15.2359520035 378.055747479 465.293227236 27.5123971245 313.842048841 28.3485002519 27.5639638333 53.3878117592 136.587714436 26.2402137158 27.0487633192 25.1149163621 235.357966308 259.603804374 409.382909402 469.628195998 500.524413776 532.285041485 566.083038162 7877.08804936 8744.61720412 9604.75926046 9625.27703937 23.563829118 20.7122559521 341.540178212 320.718132921 20.9427255629 20.934803978 290.756881262 456.571102029 19.1550443651 249.349844886 230.261990201 79.4951838289 38.4686604738 60.2782943852 21.0606785247 1233.33629009 19.0413183851 53.1413857019 68.2252126065 604.12928592 653.525744594
-9999.0 -9999.0 -9999.0 -9999.0 -9999.0 -9999.0 -9999.0 -9999.0 -9999.0 -9999.0 -9999.0 30.9645548614 59.3816340321 493.394333763 546.657587396 27.0626302075 362.259207614 25.3272579307 77.1556399598 161.41965183 51.1891800431 24.9138184719 51.2296174458 23.8957317901 45.7713208307 22.1222633773 21.5081930873 20.6549554445 20.1872947691 21.9022741129 25.7754725461 31.9379144174 33.509062793 33.4860833644 9705.3612351 430.34194292 388.108973052 22.0950242571 61.6203125482 17.0944551689 14.0302069153 476.04463789 784.957480583 270.097830548 192.518741598 42.3312890164 20.484900876 19.351459588 37.6477452512 1289.38414483 1325.39763103 18.6290605557 19.1042549074 20.4059043195 17.6220981344
-9999.0 -9999.0 -9999.0 -9999.0 -9999.0 -9999.0 -9999.0 -9999.0 -9999.0 -9999.0 -9999.0 -9999.0 28.5639567749 364.822854654 938.678605325 1020.25286891 1407.0624578 1426.76512675 358.847287076 263.047435952 76.630494604 24.7349040092 100.158322232 124.122574368 192.1952943 44.9745165754 43.4555683778 42.843185591 84.6623462177 43.2959509212 46.7360347717 20.4812060634 20.4870935652 25.0573415423 9731.18538537 10175.2436281 10197.4918233 22.7422957462 179.232597099 71.5522119095 20.558606119 846.980048818 42.9166489517 21.962755949 92.0589909212 21.6078366023 21.1607477878 40.5637336304 56.7745603629 74.0553179385 1356.75572789 15.1553250235 13.6808240393 13.7735799502 12.0122488944
-9999.0 -9999.0 -9999.0 -9999.0 -9999.0 -9999.0 -9999.0 -9999.0 -9999.0 -9999.0 -9999.0 30.3540392774 278.108404564 336.9736882 55.3105576461 16.9827156147 40.2229794797 1492.67613899 1513.57678731 1890.89944941 23.2110870368 47.7584350227 21.8781128349 22.2907380633 213.984732122 280.716469564 345.325406142 21.0727728096 105.744165936 169.734176707 107.147579265 40.5676573826 39.4511665889 43.4618875868 43.0250040756 24.8285524959 10216.4682367 10232.9323973 10448.0064901 36.9111355852 18.7854703633 859.355450022 45.2076730695 23.1008916225 24.1482703228 23.8769613549 22.3748640609 45.1323216812 126.397450102 219.24895957 1590.80912705 11.4144084331 34.8843038388 23.9028919304 21.1906700213
-9999.0 -9999.0 -9999.0 -9999.0 -9999.0 -9999.0 -9999.0 -9999.0 -9999.0 -9999.0 -9999.0 30.9879276368 189.248590215 29.8485024161 27.4404707165 138.350882431 163.671588225 189.541876497 214.426642214 2564.10367335 2585.24032218 2629.84183698 2961.34270175 3031.82605963 3076.93190769 3099.25468252 3507.2112174 3567.99938213 3589.20700207 3781.18359136 3909.80924599 3929.83362307 4008.48339317 62.6147303786 61.2143980343 21.4066891373 20.181868362 10251.8067764 10521.8478095 56.5493030565 974.69346721 958.256195974 87.6333635127 21.5371950323 22.3059686052 21.8691230626 21.1288645944 42.5477210575 62.6718815451 20.3305562872 1605.01138352 1619.98313561 1691.66020765 1704.10249084 1736.89206106
-9999.0 -9999.0 -9999.0 -9999.0 -9999.0 -9999.0 -9999.0 -9999.0 -9999.0 -9999.0 -9999.0 96.2326335966 127.285653735 59.9936834612 88.6386180764 28.3748186684 329.350291669 356.351484904 409.498714758 434.078702067 181.606131643 2847.4476787 2869.41595705 25.6429280969 23.0869973207 22.868881146 46.293529331 22.5827216554 20.7171335271 19.8189280579 19.2811398875 3950.09119503 4028.34079388 4108.02532426 4184.51119264 4257.9289741 35.8656052003 12.2809012297 11544.0170726 1006.60512464 991.572216373 19.0273181792 18.7937468793 18.0825386467 40.9978140175 40.7013454945 18.7613919826 18.7972649395 17.5110930011 37.5837954862 50.579703352 10.0799512082 18.1494085026 7.87942330538 7.70608795427
-9999.0 -9999.0 -9999.0 -9999.0 -9999.0 -9999.0 -9999.0 -9999.0 -9999.0 -9999.0 -9999.0 -9999.0 65.0588174467 30.4937803476 29.0263740401 275.585172159 303.354742744 27.4885697065 110.086100727 135.440415845 160.069453596 25.8748558362 25.0954114966 465.547147544 488.402951227 511.101210959 1297.6256017 1318.40803339 1358.6194828 1515.88479304 1628.06335007 1646.58513951 17.3987536794 17.7971535554 15.8226303272 4282.67447733 13.001073559 11725.6761491 11706.2224897 146.775993523 128.091341618 74.6888169917 18.881066894 36.0307319809 59.5877260148 59.3008022399 36.8593038997 18.1336413057 35.5351503576 34.8520572831 66.2289774129 11.9505039315 31.0599416109 50.5911378288 67.0335248795
-9999.0 -9999.0 -9999.0 -9999.0 -9999.0 -9999.0 -9999.0 -9999.0 -9999.0 -9999.0 -9999.0 -9999.0 33.2573819881 95.8690874618 125.600432586 218.264427002 28.8102536199 57.6093185714 84.6332508771 317.503475754 341.684295016 364.335161176 389.377685477 416.708888864 638.619033751 717.029397109 766.190457224 23.5453564878 116.592974598 138.871670707 1572.91609038 1666.61588413 1704.05635114 1741.09873713 1777.00244921 6072.28851974 8.2093255048 11781.5861695 36.6493643705 17.6764423665 109.797760775 91.7575666643 16.1300347266 52.2984894917 75.3866226096 74.7841364635 51.7913910941 85.0533745035 134.496940773 49.6749484344 129.575919208 13.3040609779 23.112488023 6.49521076251 5.01707808467
