data/baseflow/mHMbf_acc304.asc
ncols                  80
nrows                 72
xllcorner      4374000.0
yllcorner      5656000.0
cellsize            500
NODATA_value       -9999
[rows 25 to 49 of 72, columns 0 to 54 of 80]
-9999.0 -9999.0 -9999.0 -9999.0 -9999.0 -9999.0 -9999.0 -9999.0 -9999.0 -9999.0 -9999.0 -9999.0 25.5052267845 50.8108307526 24.4227725461 49.1204091547 22.5319962576 167.27955585 210.691659697 232.811995519 20.6683697182 40.1460701157 377.751691601 470.047753485 485.740041493 35.8528911769 33.3299923001 47.8377404395 9.89188527015 9.19820087987 17.3710011439 8.05644573724 554.339353672 563.565889574 570.976728939 4495.00083368 8972.02063947 8914.30017913 13.0328164998 5.80423733837 5.25640291179 22.4930236953 17.3359791825 44.9375681055 63.0440593971 126.504883136 11.4316901804 11.3904130998 102.809552496 113.12593377 221.607927154 228.335493387 244.435626095 250.266135585 5.10385331757
-9999.0 -9999.0 -9999.0 -9999.0 -9999.0 -9999.0 -9999.0 -9999.0 -9999.0 -9999.0 -9999.0 -9999.0 -9999.0 24.9408219278 49.8122953684 74.6572943774 121.0156608 23.8739834353 22.2417222332 147.472535124 168.222746526 340.622980974 361.517323992 58.9200163844 19.4634077933 17.8895312235 16.3166090808 497.595772231 509.321211795 520.044261644 528.921106327 545.702001791 99.2812192051 107.636423896 685.518777073 14157.6668782 47.7960050222 38.7356634494 19.6696849007 5.19849109237 4.51979478516 32.8758592963 36.5427107958 54.2113377549 4.69845988645 132.557828671 19.2678707602 18.9089230811 4.30614277022 2.95556688297 2.59064380862 2.66051036948 2.70135234126 253.617382716 3387.71160821
-9999.0 -9999.0 -9999.0 -9999.0 -9999.0 -9999.0 -9999.0 -9999.0 -9999.0 -9999.0 -9999.0 -9999.0 -9999.0 -9999.0 24.1780642003 44.3870794923 62.5014861939 80.9420709227 103.140056711 125.804557103 66.6397345711 110.877170136 20.8595797901 20.2008693722 408.376301541 446.860917468 464.603800492 483.068382547 14.2024608208 25.8413478977 67.6738942439 79.3985336776 89.9269238911 10.0033348789 6.98870770285 14181.0856426 8.96992408472 11.2381001233 5.40146979107 20.9626681647 10.0556797793 4.89285923559 95.7220443706 99.6939728863 3.14809691267 136.040071808 158.192024976 22.1102219531 3522.46739722 3515.45440982 3509.41291921 3497.02698461 3491.91374952 3405.20573308 3401.55093713
-9999.0 -9999.0 -9999.0 -9999.0 -9999.0 -9999.0 -9999.0 -9999.0 -9999.0 -9999.0 -9999.0 -9999.0 -9999.0 -9999.0 4.4095131179 10.1894643015 18.0176778072 157.920428698 180.951886329 23.1823305462 22.4019960775 22.2510983014 327.396495712 369.964410623 20.5638229977 20.7602509406 17.3686412775 71.8819282456 89.289442646 43.4701812231 55.5285574295 410.569748361 423.810025917 445.746821263 707.635702668 14894.5001897 8.63655751422 4.53696279338 31.8911375574 26.4562983633 4.31933233337 13.7654607959 17.9345894163 104.251684796 107.94328311 275.21831142 160.927479083 25.2257234855 3599.72071011 34.2423529555 3503.83560348 3500.61113545 81.8021241179 5.37406859162 9.93912615071
-9999.0 -9999.0 -9999.0 -9999.0 -9999.0 -9999.0 -9999.0 -9999.0 -9999.0 -9999.0 -9999.0 -9999.0 -9999.0 -9999.0 22.7129312814 37.1103834455 78.3934982693 136.352985617 197.22623419 240.821452642 263.091717675 285.54101047 307.240826093 20.9683665921 19.3568234745 38.0787954606 35.8040112941 18.7130051034 356.530706589 373.526045815 389.105371871 403.904407335 230.199738803 242.227143912 253.995179982 14899.3973669 14.7528594449 11.5365310911 47.191275048 5.28100219585 8.23301238813 4.24989351559 3.84976245254 21.7037799595 2.97095828283 3.17034622799 3893.55890875 3615.87359655 3612.60159678 14.1722965149 31.4905724217 20.4716641537 4.90574786717 73.0171416222 20.9246612341
-9999.0 -9999.0 -9999.0 -9999.0 -9999.0 -9999.0 -9999.0 -9999.0 -9999.0 -9999.0 -9999.0 -9999.0 -9999.0 -9999.0 15.8693800256 14.5867433825 28.5104048974 43.7424076566 22.4212942532 24.6573354714 47.7311072065 70.5616797839 114.22987698 135.801643758 155.104255845 213.155318493 231.320791913 250.968418293 17.5812290006 177.358764972 192.565636849 206.680379804 11.4462301998 5.93920133056 10.5168062475 15158.7319493 15163.4387162 15187.0244716 61.9969639132 10.729592334 13.2576967617 3.66654639788 6.82828880165 24.8123364154 30.4422910761 5.75758972163 3908.09678269 4.65621955657 7.86348798295 8.86658942053 6.3924488863 11.8847159198 4.84522461903 47.4233046039 37.1476027192
-9999.0 -9999.0 -9999.0 -9999.0 -9999.0 -9999.0 -9999.0 -9999.0 -9999.0 -9999.0 -9999.0 -9999.0 -9999.0 -9999.0 -9999.0 13.6618329103 27.0986109441 13.5631912275 28.4690329884 180.168547138 200.647101811 222.975434066 21.7285550816 21.7378215763 41.0539770947 61.0118908811 96.9182690438 115.366101739 125.936588195 142.697787839 14.2717648436 13.3544382568 227.874285834 233.539802368 238.631861773 243.740344372 201.085112844 15409.4333491 15503.1072205 15507.7993327 15525.2992591 15545.1705445 15555.3344878 2.90454694819 33.0949296143 3910.937888 6.99399154414 3.60271318223 3.60017469117 3.30266226916 5.8315345453 5.96895201804 3.52456640285 5.45644562821 5.24495521347
-9999.0 -9999.0 -9999.0 -9999.0 -9999.0 -9999.0 -9999.0 -9999.0 -9999.0 -9999.0 -9999.0 -9999.0 -9999.0 -9999.0 -9999.0 -9999.0 40.3787856748 55.28123414 99.5105580899 135.178489116 19.7984647013 266.762900504 288.288408158 309.04648157 20.1884835417 39.9274506986 17.940134471 134.34509285 144.139727289 159.708648195 175.597112965 213.473889446 218.582547634 3.33714928762 181.240197078 191.472026315 196.29877619 217.49371688 26.8783119174 17.148472978 10.6487372405 10.2303873994 15566.7587715 15571.5158107 15628.5576879 3913.73507031 18.6878313167 9.28010777443 6.12614726013 2.00189342583 18.2913566042 9.87617886463 3.08413769692 17.5287202602 14.9458578501
-9999.0 -9999.0 -9999.0 -9999.0 -9999.0 -9999.0 -9999.0 -9999.0 -9999.0 -9999.0 -9999.0 -9999.0 -9999.0 -9999.0 -9999.0 -9999.0 14.8548761615 69.8675597263 85.5222749482 20.9040550541 23.0882965183 46.4951579233 68.5974504283 398.756937694 20.1981191617 80.8908019274 99.351923301 117.635635478 10.2785946028 24.6796534491 32.9399920137 146.570530824 163.518742958 167.893688575 5.01382770409 5.15275275599 6.24431855778 11.4545782428 4.93505361016 5.27464407946 8.85035893103 7.6800540887 8.79555543514 20.6780843395 15633.9325388 19560.3120043 22.9290750426 4.57624295031 1.95813470916 58.3536181176 53.9306216939 32.4785198453 29.276482238 22.026720017 5.34882424322
-9999.0 -9999.0 -9999.0 -9999.0 -9999.0 -9999.0 -9999.0 -9999.0 -9999.0 -9999.0 -9999.0 -9999.0 -9999.0 -9999.0 -9999.0 12.0285900604 40.6145875083 13.6481727066 23.8735363132 25.0116809974 48.3837051902 71.3671559784 91.5087497185 505.500168156 525.240069179 20.2195327743 38.8891746335 57.7087227853 71.1721081981 86.3726646615 130.569712196 141.222249279 10.9978193276 8.53161654513 7.38674434985 9.45029102163 9.57870091559 9.66115813274 8.22065651329 10.1274238377 30.1529815494 13.834959652 4.43046650174 4.22606430437 4.39987981816 8.22681809112 19732.061882 143.6912412 67.9485258736 4.90852882867 2.10053429348 1.88691335755 7.17085073895 5.10086290595 2.6776852017
-9999.0 -9999.0 -9999.0 -9999.0 -9999.0 -9999.0 -9999.0 -9999.0 -9999.0 -9999.0 -9999.0 -9999.0 -9999.0 -9999.0 12.7910109741 24.4373259264 90.1751014683 12.8222087061 43.8883915294 68.5550165639 92.0100597445 23.7934646963 45.303979812 63.7055864709 603.352592388 19.3265787589 37.0565532 55.257436454 16.8060507836 33.3383437376 43.9546492083 54.4236676263 1187.93600947 1205.11633938 1220.46464606 1288.46207453 1316.92268564 1371.77378081 13.0468267068 29.9315261564 36.8565950741 1526.45449033 1535.0090966 3.88390108052 7.07543899256 10.1179638715 19735.971959 134.760850955 60.6912007772 58.2304274894 46.7798618838 41.4361667696 9.50894782079 2.2212027835 4.50753638942
-9999.0 -9999.0 -9999.0 -9999.0 -9999.0 -9999.0 -9999.0 -9999.0 -9999.0 -9999.0 -9999.0 -9999.0 -9999.0 -9999.0 13.1815552995 39.6116821953 142.760711764 209.498036386 11.3788005576 276.755925219 383.735517462 22.9812645992 44.5025479782 64.1277833887 785.274948088 800.873587894 16.1604038807 87.9718594299 103.301487907 117.336228853 1074.18713203 1106.25407094 1124.23477384 8.53726779964 48.6683473158 57.7583749074 25.5979271624 37.1163536591 1422.37894334 1467.94043102 1476.71860934 1484.93406814 1544.04012181 4.38934650406 3.72463419449 16.7833386959 19739.6953614 3.69653716284 3.13644649949 9.39196113545 3.49470824047 37.6948533242 30.5538533586 17.9419840138 13.0651430642
-9999.0 -9999.0 -9999.0 -9999.0 -9999.0 -9999.0 -9999.0 -9999.0 -9999.0 -9999.0 -9999.0 -9999.0 -9999.0 -9999.0 -9999.0 -9999.0 27.4997193398 55.0346239026 248.465057289 262.864591229 396.173075763 411.206544356 22.4517339914 44.8530994379 105.405097549 813.973638828 846.730862064 860.722595419 11.5043970562 912.004954376 945.233225553 20.7332090302 8.65275309107 17.0021562254 32.9587312418 7.80594361402 15.6312257912 34.5176477963 43.174571386 7.93092882231 5.16686084798 10.2543349485 1582.79211113 1595.50077856 1598.68916775 1623.99185093 19743.033295 2.22259736537 2.18105210721 2.63029791004 2.47874489984 2.54845000534 2.18601637689 4.06409519042 1.62444279343
-9999.0 -9999.0 -9999.0 -9999.0 -9999.0 -9999.0 -9999.0 -9999.0 -9999.0 -9999.0 -9999.0 -9999.0 -9999.0 -9999.0 -9999.0 -9999.0 14.3120452299 13.9472940422 13.991262716 29.5175361013 12.9605817462 436.862900792 450.708579434 20.6217248005 41.4431384812 19.6935123408 16.7804999939 16.3425618415 889.816172316 11.1379483986 22.3155080799 11.1217976182 9.28027657084 8.18152213757 6.38241854655 6.63647462499 20.0564770193 27.4159340949 5.20347190801 4.49062184322 9.55888717903 15.8159743006 21.2400274177 6.24642273022 1603.63879319 1627.25266417 19745.3468537 10.2705766868 6.10015528717 1.52429560275 3.64669016455 1.19935466311 0.895016512376 5.0599928685 8.39511004118
-9999.0 -9999.0 -9999.0 -9999.0 -9999.0 -9999.0 -9999.0 -9999.0 -9999.0 -9999.0 -9999.0 -9999.0 -9999.0 -9999.0 -9999.0 -9999.0 -9999.0 -9999.0 13.7908221984 42.0902557576 53.3060812386 65.7382432244 462.936998107 475.530049541 488.72146475 505.134319715 521.079051101 553.866943607 564.721293789 575.252727275 584.4397253 8.34966215833 7.79509175546 8.11814634989 28.0966221768 7.35845526149 6.90892611263 5.48416757521 15.6965712175 5.94658520487 4.48592319495 4.15818381563 3.52929294325 7.04259095254 10.0089909738 1647.44979378 21405.7007058 1.84386336373 4.18539031009 1.24940588754 4.93536891739 2.70364986195 1.8015509305 19.8425466264 13.6090040294
-9999.0 -9999.0 -9999.0 -9999.0 -9999.0 -9999.0 -9999.0 -9999.0 -9999.0 -9999.0 -9999.0 -9999.0 -9999.0 -9999.0 -9999.0 -9999.0 -9999.0 -9999.0 -9999.0 11.3045536792 91.2091524991 181.904951803 195.32709359 19.9763626483 40.6403943724 61.6335661451 79.2927282583 195.411032632 204.658266939 8.8990412906 8.71203290824 601.880358944 617.246519975 624.445811171 33.6211659831 4.94181575708 12.2248865385 17.8806128089 52.7100411686 64.0522074084 72.6625041121 7.8879613456 10.8728620915 3.57353437299 6.95189342407 3.50766311786 21412.2700492 1.70971282818 7.35069206351 3.35748810062 9.79442421972 19.7030425675 22.4685969377 43.2796003508 16.2999140738
-9999.0 -9999.0 -9999.0 -9999.0 -9999.0 -9999.0 -9999.0 -9999.0 -9999.0 -9999.0 -9999.0 -9999.0 -9999.0 -9999.0 -9999.0 -9999.0 -9999.0 -9999.0 12.7986845277 41.0381781342 80.1338340705 104.448411045 270.2930284 287.158961496 43.2243266226 64.4233059142 83.123172412 100.632445139 214.925402518 233.410198712 417.890822989 432.370729066 440.693601513 631.664057174 683.301997867 12.0295525442 7.87742883004 7.49814482786 14.1743280899 6.24273450196 84.2820518701 88.3971874988 14.2406810238 18.962308339 3.83431883737 4473.2487043 4480.19283783 25896.7833727 25907.0496529 1.65282690356 13.3484829491 2.22671020181 2.02755634858 47.5687770762 65.524171666
-9999.0 -9999.0 -9999.0 -9999.0 -9999.0 -9999.0 -9999.0 -9999.0 -9999.0 -9999.0 -9999.0 -9999.0 -9999.0 -9999.0 -9999.0 -9999.0 -9999.0 -9999.0 -9999.0 14.7669432547 14.3179021863 26.8688250639 63.5509939123 299.623630513 22.0243657094 21.8131989107 40.345585965 59.20344868 145.34774923 158.287392256 9.37626677401 9.58637351718 450.956923724 458.605537809 1149.40466325 1156.05949488 4.32146661481 3.80857605816 3.11152063361 3.14210357305 3.25484422547 4396.87867088 4420.95535139 4445.0326134 4453.57792929 4469.04124687 3.73895111693 13.6362088733 16.5553877485 25929.440447 25931.0765583 25935.1929762 25939.6856089 25943.383071 68.6312777394
-9999.0 -9999.0 -9999.0 -9999.0 -9999.0 -9999.0 -9999.0 -9999.0 -9999.0 -9999.0 -9999.0 -9999.0 -9999.0 -9999.0 -9999.0 -9999.0 -9999.0 -9999.0 -9999.0 -9999.0 12.9786479464 13.6661417196 25.2170364563 348.971373271 363.417320784 21.5517251188 39.9709105091 59.1803635382 74.2375231838 13.4736979344 25.2470820189 892.213112662 900.713221635 909.368340074 971.922734489 2135.77418191 4228.5398179 4238.90618879 4248.09533732 4256.89867596 4292.82776473 4304.33848027 19.9191211873 8.83629799853 5.1340728142 9.64294716333 6.72039172657 10.7375828785 3.28142465717 80.281998852 86.6521968565 91.3924722303 92.670369464 25945.2737673 26017.2602113
-9999.0 -9999.0 -9999.0 -9999.0 -9999.0 -9999.0 -9999.0 -9999.0 -9999.0 -9999.0 -9999.0 -9999.0 -9999.0 -9999.0 -9999.0 -9999.0 -9999.0 -9999.0 -9999.0 -9999.0 -9999.0 13.2440285113 25.3320220168 37.5054028782 374.04607563 16.2860185355 521.585244209 541.281928211 555.160725349 567.962230198 843.019827033 855.566778097 9.25404274189 46.1928135599 55.675785604 8.60620984424 2082.45379859 2067.00456354 4.76277502256 10.8684729393 28.3707011667 6.15540083678 6.15040704881 4.42332911332 3.57465917292 2.76570404395 3.1218059931 70.120815381 73.2757831507 77.1112118746 3.97675932076 3.00900932382 94.3946033371 96.006520994 96.8563358143
-9999.0 -9999.0 -9999.0 -9999.0 -9999.0 -9999.0 -9999.0 -9999.0 -9999.0 -9999.0 -9999.0 -9999.0 -9999.0 -9999.0 -9999.0 -9999.0 -9999.0 -9999.0 -9999.0 -9999.0 -9999.0 11.9478176565 11.1856090833 58.1823444663 457.481166036 486.703598713 503.3187044 18.7089344222 243.614472716 256.693948524 262.475977305 11.6840983502 21.6641891181 30.2399817311 498.180297361 504.753949347 510.415375577 2056.69304849 1220.42627352 5.95205326526 5.94791655828 5.71239668174 4.26632855076 43.98217537 52.1171076731 59.2268169939 63.0541006264 66.7320931932 492.151571208 494.722300346 498.513931644 507.77486587 538.956226641 540.144158917 638.22914692
-9999.0 -9999.0 -9999.0 -9999.0 -9999.0 -9999.0 -9999.0 -9999.0 -9999.0 -9999.0 -9999.0 -9999.0 -9999.0 -9999.0 -9999.0 -9999.0 -9999.0 -9999.0 -9999.0 -9999.0 -9999.0 -9999.0 23.3626967571 35.8268418788 14.2060399792 21.8178306207 176.494902032 195.766368666 210.549532378 103.254552068 114.82005126 126.881410449 136.139843603 483.696308639 492.387172313 307.067967721 824.341322006 830.728332278 1215.56739398 11.7489153098 5.82674565088 4.09906611818 30.5457968305 35.6533547491 2.8327616806 2.6002396087 480.552670852 486.808017053 489.746914306 4.43053715117 6.59216599577 534.381498715 2.9668733968 8.7309551183 9.57975096535
-9999.0 -9999.0 -9999.0 -9999.0 -9999.0 -9999.0 -9999.0 -9999.0 -9999.0 -9999.0 -9999.0 -9999.0 -9999.0 -9999.0 -9999.0 -9999.0 -9999.0 -9999.0 -9999.0 -9999.0 -9999.0 -9999.0 11.7446894829 23.225764494 101.426868318 116.409343945 134.895609021 75.5991418754 91.6010605419 12.0528143674 317.582075087 328.553155298 338.935526265 9.24617578215 290.858417095 299.835078154 6.66727958661 1184.55752522 13.5111069455 6.72349543993 16.5160069489 22.3627891886 4.18301906867 3.37744457744 447.657446328 474.884195604 478.620175832 3.87966582746 7.89881392423 10.0164559683 11.9065191101 23.5389188464 3.13324713811 7.17198872557 1.39857057607
-9999.0 -9999.0 -9999.0 -9999.0 -9999.0 -9999.0 -9999.0 -9999.0 -9999.0 -9999.0 -9999.0 -9999.0 -9999.0 -9999.0 -9999.0 -9999.0 -9999.0 -9999.0 -9999.0 -9999.0 -9999.0 -9999.0 11.5619939958 36.9120626924 66.0627310225 17.446056584 38.0239125082 57.6980357411 269.073083267 283.262634432 294.736046162 10.6857485587 233.697666696 264.983144474 274.243287471 7.18834770383 1156.82997797 1171.59971364 6.7607086439 6.18161646858 11.9764653402 4.7219617263 425.818900525 434.019644809 438.600114244 17.5437777587 21.3001167867 3.23273467612 5.67556462601 2.46572677701 17.3227996777 2.50882722062 1.81585510062 1.92532942631 1.98568159047
-9999.0 -9999.0 -9999.0 -9999.0 -9999.0 -9999.0 -9999.0 -9999.0 -9999.0 -9999.0 -9999.0 -9999.0 -9999.0 -9999.0 -9999.0 -9999.0 -9999.0 -9999.0 -9999.0 -9999.0 -9999.0 -9999.0 -9999.0 13.1768041816 15.3344775811 20.0850461052 178.022126411 196.745505323 251.759020959 15.3867274006 188.47399639 213.445446483 10.8904580714 22.020554356 8.25726203934 1134.57292643 8.55490991956 21.8324072474 27.0213051558 31.9454865844 396.446115118 412.650956507 417.837389314 5.22776164135 9.52221550869 13.365864354 2.17502609124 1.92688931411 1005.43624713 1007.36383329 1008.91200937 1024.74257823 1026.71584852 1029.19309363 1030.74122436
