data/baseflow/mHMbf_acc541.asc
ncols                  80
nrows                 72
xllcorner      4374000.0
yllcorner      5656000.0
cellsize            500
NODATA_value       -9999
[rows 0 to 24 of 72, columns 0 to 54 of 80]
-9999.0 -9999.0 -9999.0 -9999.0 -9999.0 -9999.0 -9999.0 -9999.0 -9999.0 -9999.0 -9999.0 -9999.0 27.5089790928 20.9678469752 -9999.0 -9999.0 -9999.0 -9999.0 -9999.0 -9999.0 -9999.0 -9999.0 -9999.0 -9999.0 -9999.0 -9999.0 -9999.0 -9999.0 -9999.0 -9999.0 -9999.0 -9999.0 -9999.0 -9999.0 -9999.0 -9999.0 -9999.0 -9999.0 -9999.0 -9999.0 -9999.0 -9999.0 -9999.0 -9999.0 -9999.0 -9999.0 -9999.0 -9999.0 -9999.0 -9999.0 -9999.0 -9999.0 -9999.0 -9999.0 -9999.0
-9999.0 -9999.0 -9999.0 -9999.0 -9999.0 -9999.0 -9999.0 -9999.0 -9999.0 -9999.0 -9999.0 -9999.0 56.3928582769 118.12224577 17.970435197 -9999.0 14.7676772381 -9999.0 -9999.0 -9999.0 -9999.0 -9999.0 -9999.0 -9999.0 -9999.0 -9999.0 -9999.0 -9999.0 -9999.0 -9999.0 -9999.0 -9999.0 -9999.0 -9999.0 -9999.0 -9999.0 -9999.0 -9999.0 -9999.0 -9999.0 -9999.0 -9999.0 -9999.0 -9999.0 -9999.0 -9999.0 -9999.0 -9999.0 -9999.0 -9999.0 -9999.0 -9999.0 -9999.0 -9999.0 -9999.0
-9999.0 -9999.0 -9999.0 -9999.0 -9999.0 -9999.0 -9999.0 -9999.0 -9999.0 -9999.0 27.9005751999 27.0317969613 27.98051409 27.217048375 170.089051642 189.075593814 40.8601909893 12.8960820237 -9999.0 -9999.0 -9999.0 -9999.0 -9999.0 -9999.0 -9999.0 -9999.0 -9999.0 -9999.0 -9999.0 -9999.0 -9999.0 -9999.0 -9999.0 -9999.0 -9999.0 -9999.0 -9999.0 -9999.0 -9999.0 -9999.0 -9999.0 -9999.0 -9999.0 -9999.0 -9999.0 -9999.0 -9999.0 -9999.0 -9999.0 -9999.0 -9999.0 -9999.0 -9999.0 -9999.0 -9999.0
-9999.0 -9999.0 -9999.0 -9999.0 -9999.0 -9999.0 -9999.0 -9999.0 -9999.0 27.1433566735 54.8137470673 108.848991581 54.1582808771 26.4286948809 51.9341738613 214.15836071 286.660394473 15.0763137696 -9999.0 27.1743307781 -9999.0 -9999.0 -9999.0 -9999.0 28.1256351608 14.2187927297 -9999.0 -9999.0 -9999.0 -9999.0 -9999.0 -9999.0 -9999.0 -9999.0 -9999.0 -9999.0 -9999.0 -9999.0 -9999.0 -9999.0 -9999.0 -9999.0 -9999.0 -9999.0 -9999.0 -9999.0 -9999.0 -9999.0 -9999.0 -9999.0 -9999.0 -9999.0 -9999.0 -9999.0 -9999.0
-9999.0 -9999.0 -9999.0 -9999.0 -9999.0 -9999.0 -9999.0 -9999.0 29.6581743442 84.9715329164 111.147143443 137.377758888 188.426653168 24.9237877285 100.946059319 125.249099694 450.073046254 20.7823900137 23.3133156579 51.5440640192 74.9721129879 24.2089749137 -9999.0 74.5398380597 60.9957746126 17.1047944918 -9999.0 -9999.0 -9999.0 -9999.0 -9999.0 -9999.0 -9999.0 -9999.0 -9999.0 -9999.0 -9999.0 -9999.0 -9999.0 -9999.0 -9999.0 -9999.0 -9999.0 -9999.0 -9999.0 -9999.0 -9999.0 -9999.0 -9999.0 -9999.0 -9999.0 -9999.0 -9999.0 -9999.0 -9999.0
-9999.0 -9999.0 -9999.0 -9999.0 -9999.0 -9999.0 29.6156972687 27.3957033179 26.9566424934 27.2594546542 27.3497865954 192.150424974 406.739208884 432.656520841 456.564526895 24.1231184808 496.250994062 519.289027797 48.264321423 23.9397334297 97.9902873083 169.311916225 22.4406501891 141.887589859 24.8733237263 23.4043662636 25.779466607 -9999.0 -9999.0 -9999.0 -9999.0 -9999.0 -9999.0 -9999.0 -9999.0 -9999.0 -9999.0 -9999.0 -9999.0 -9999.0 -9999.0 -9999.0 -9999.0 -9999.0 -9999.0 -9999.0 -9999.0 -9999.0 -9999.0 -9999.0 -9999.0 -9999.0 -9999.0 -9999.0 -9999.0
-9999.0 -9999.0 -9999.0 -9999.0 -9999.0 -9999.0 59.0223464678 86.9943161361 196.915815407 276.728068542 24.9368618369 25.5918019522 24.4854658556 72.8155128151 552.134592111 22.2526184568 541.643229944 635.999095807 73.7652077396 45.9011120185 191.448488534 23.4789036611 165.20889007 46.5187762338 23.398956936 46.1474123284 50.8534874571 25.5906221297 25.9018989886 25.535467071 26.3511343902 52.8768468846 -9999.0 -9999.0 -9999.0 -9999.0 -9999.0 -9999.0 -9999.0 -9999.0 -9999.0 -9999.0 -9999.0 -9999.0 -9999.0 -9999.0 -9999.0 -9999.0 -9999.0 -9999.0 -9999.0 -9999.0 -9999.0 -9999.0 -9999.0
-9999.0 -9999.0 -9999.0 -9999.0 -9999.0 30.8647010076 60.208594926 29.0155186908 56.6357031714 304.739998515 356.63197691 408.137505616 1280.46245636 24.5354616404 575.860763626 2041.76369116 2059.86813004 2728.40531758 20.9977334608 68.269186991 213.729566009 22.1604315051 424.852026378 236.863758222 144.398184478 120.914125207 24.8200584357 76.1702268902 75.9773897428 50.7244896527 24.7840429318 78.2896485373 24.6720114778 24.4867847871 -9999.0 -9999.0 -9999.0 -9999.0 -9999.0 -9999.0 -9999.0 -9999.0 -9999.0 -9999.0 -9999.0 -9999.0 -9999.0 -9999.0 -9999.0 -9999.0 -9999.0 -9999.0 -9999.0 -9999.0 -9999.0
-9999.0 -9999.0 -9999.0 -9999.0 -9999.0 30.8522923792 90.1214427167 179.566475923 207.340656113 409.950586703 436.409225232 518.279428677 848.460798179 1351.54529675 1399.54729188 1421.82999689 42.6971036504 2806.34062543 2848.15777044 2961.04520883 3688.09985463 491.913007086 447.940139754 167.349515603 22.6825182164 145.247891148 98.8253260192 21.9165869674 98.810998991 22.5930935115 48.6305082499 127.265250633 150.857106643 47.9305563739 23.5298544754 23.5262214904 -9999.0 -9999.0 -9999.0 -9999.0 14.9365297747 13.0283013941 -9999.0 -9999.0 -9999.0 -9999.0 -9999.0 -9999.0 -9999.0 -9999.0 -9999.0 -9999.0 -9999.0 -9999.0 -9999.0
-9999.0 -9999.0 -9999.0 -9999.0 -9999.0 30.2080837209 29.0477391371 118.608832705 146.628734168 175.358653136 27.6854211675 55.0150204328 310.74479766 56.5156288092 26.3344183347 24.8126709826 22.6716769421 26.3986010633 25.9482367992 24.001574743 3710.32990544 3775.78164498 21.8355629834 66.8435991262 45.2388297068 167.228542714 44.2120169369 21.3825892384 121.948089587 45.0024083284 109.865206144 264.695625932 245.139085419 70.9979482126 70.1502391096 23.8043400897 23.788475786 -9999.0 -9999.0 23.9400009741 33.5444356306 73.7411375365 13.7009326538 -9999.0 -9999.0 -9999.0 -9999.0 -9999.0 -9999.0 -9999.0 -9999.0 -9999.0 -9999.0 -9999.0 -9999.0
-9999.0 -9999.0 -9999.0 -9999.0 -9999.0 -9999.0 30.5694838498 30.444173538 59.1697379171 87.9345433463 200.548568537 256.368490959 285.242472397 30.6125507257 24.1875637703 315.55416308 388.496349097 411.810004053 507.129854759 529.676712927 22.237566651 3797.86202185 3908.55020701 89.0416513852 21.9899809686 188.367318616 416.09163181 163.643390684 41.8435645813 21.1378407963 415.950419964 286.179141028 20.8126448308 20.7301920968 91.3482090276 69.5914599928 22.2605716589 21.2673352336 23.1967983568 46.7721621615 22.3631637812 89.579757356 111.208941219 20.2620461552 -9999.0 -9999.0 -9999.0 -9999.0 22.8046635922 21.8122610024 6.6913467568 -9999.0 -9999.0 -9999.0 -9999.0
-9999.0 -9999.0 -9999.0 -9999.0 -9999.0 -9999.0 -9999.0 30.3866699502 27.9272185719 56.8857719656 85.4368001798 28.1628275059 28.2347398404 164.757440295 216.022175548 267.812655436 24.7610233039 48.995236357 24.0813255386 552.48812812 1198.84508415 1213.27562906 5160.80726855 21.7534461339 64.3400033928 20.8468963939 436.210604802 20.5352114986 63.2282205588 20.7747722363 436.56873672 457.081272664 41.6758521004 41.3647180912 227.615286083 114.12021713 43.4084718943 22.191090345 46.37375119 69.6776935898 113.475264065 21.3159858707 151.503094331 170.350680774 17.2949640349 18.4124471528 19.1522944526 17.5916890723 16.7619469887 63.6117138865 25.1420135858 15.8623621052 -9999.0 -9999.0 -9999.0
-9999.0 -9999.0 -9999.0 -9999.0 -9999.0 -9999.0 -9999.0 -9999.0 58.4330243419 85.6265060267 27.7742321213 56.05746322 82.7241592937 138.546152904 26.8410537312 26.3098313006 23.9117012616 24.2071085661 22.5948214762 600.572643877 24.2040911086 47.6697880603 5224.49303349 5269.15521797 21.0187767869 106.473349974 562.213061736 40.3356209537 81.9450709048 38.535929073 56.922855515 536.037696008 60.5772440409 328.197793182 268.29257357 21.0009100024 107.529654525 43.3728587045 67.3673106033 20.8769241134 133.712100775 174.181506356 190.587582905 206.240514585 235.388697274 32.8285170352 34.5008803767 31.9363745643 30.1495134027 79.1555319582 16.1913313504 57.5469192677 72.2277449094 -9999.0 -9999.0
-9999.0 -9999.0 -9999.0 -9999.0 -9999.0 -9999.0 -9999.0 -9999.0 29.1933365841 143.180851003 170.47433143 27.3764291259 53.9105146215 26.5354770081 25.2824204155 24.8963192858 306.561508289 407.224968314 498.224251842 585.35771789 21.3564440487 23.7911292785 25.6152748924 5370.02969303 5414.64923738 5433.8117315 746.857646479 162.338486022 141.412467439 17.7281689007 74.4287177189 628.645697105 18.0057813388 346.612305148 20.0814338993 140.320519697 129.26697533 20.9231280643 88.2359841073 41.6516365836 62.1130887873 19.3137713153 15.5229647743 221.716977978 236.02411691 249.663567562 49.7486058795 46.5426778515 44.2707853152 96.2828286689 128.992419029 16.3337711826 87.6545828681 16.8705176559 31.6392949382
-9999.0 -9999.0 -9999.0 -9999.0 -9999.0 -9999.0 -9999.0 -9999.0 -9999.0 29.1322917906 198.31455508 225.296053691 80.4733417891 133.362553811 183.780402154 208.990643944 25.4583779782 76.7658074083 51.089946747 25.659201832 25.3160724116 23.6884882462 47.2660403105 80.6518537026 25.9804357977 6226.36606048 6246.84320219 19.021329252 15.2143406947 35.8056242614 53.3248258903 681.356944426 35.3031314371 362.787264046 214.888975595 177.392888041 19.8855790081 40.4523753387 107.443114167 19.1618116048 80.9256541698 37.7185136993 28.5947146146 14.8696114223 279.075492047 540.653339192 60.677691965 57.6756942363 57.5118407972 13.5956518085 142.309607283 12.9939157084 116.888842321 14.4095414073 45.8826199107
-9999.0 -9999.0 -9999.0 -9999.0 -9999.0 -9999.0 -9999.0 -9999.0 -9999.0 -9999.0 26.7073322005 279.029469001 26.4864174917 52.7511025958 77.3685515668 126.737769885 25.2154469858 51.2883042244 25.5949951258 24.4510514362 23.3356184268 46.1759947517 21.2106126747 23.73696581 46.4592762586 25.196273479 6266.8077916 6304.43584888 6358.83318828 70.0915271682 17.9836328659 35.8781020671 699.762769503 666.086446523 252.900204176 18.9106403743 79.6015242119 59.9572758791 126.692740441 38.3358988497 156.30361569 56.2878079119 45.0873719448 14.7557997733 15.3120733587 556.214751756 569.558425737 699.731892248 100.158770375 28.2507177822 156.592478703 183.596670003 312.782095862 28.1270058156 13.1546352771
-9999.0 -9999.0 -9999.0 -9999.0 -9999.0 -9999.0 -9999.0 -9999.0 -9999.0 -9999.0 -9999.0 15.8113145044 314.64477217 27.0252531707 51.0956937765 226.291860808 24.7731365908 24.6452705289 22.3857856495 47.6885798711 23.3447733947 92.5423126278 134.674097603 154.209125066 64.8319784652 81.8817310586 19.2949688448 23.0167544495 19.7257243418 6463.56178944 6519.11871838 715.666243058 698.070475531 682.238831796 33.4328951293 16.1659904363 97.4313794136 260.082195681 144.858189976 56.3722733498 230.219853258 108.57538309 91.6071057942 29.526684614 12.1622247079 11.6941563793 11.2375355484 753.637707922 894.064720046 13.5257687667 11.666729899 13.1453525861 325.268923395 365.453805797 23.6891931792
-9999.0 -9999.0 -9999.0 -9999.0 -9999.0 -9999.0 -9999.0 -9999.0 -9999.0 -9999.0 -9999.0 14.7563303486 349.953940423 427.495790843 24.1437172534 274.336136196 23.3025808764 22.6007432993 45.2813368679 116.106119168 22.9781293784 23.7331070851 20.8432548079 195.343359238 214.802596611 317.202533979 355.423461789 375.647165668 393.968163857 411.721795027 6948.24430011 7700.24071825 8431.28084195 8443.86247014 14.9242011983 16.3643486331 295.812656786 278.050552482 17.9237895154 18.072969061 249.912901002 376.274740491 16.1676747884 201.518646354 185.029174885 58.8343877518 25.8665611946 41.5034608404 14.6656624077 918.95998761 12.7537421788 37.0475653513 46.6441785587 449.315278314 484.998123723
-9999.0 -9999.0 -9999.0 -9999.0 -9999.0 -9999.0 -9999.0 -9999.0 -9999.0 -9999.0 -9999.0 27.6252682715 53.0506242461 452.523667206 499.337795665 23.4177964411 314.819264094 20.3477753699 63.3380771091 137.222294375 44.436463014 21.3938794019 43.1507380668 18.2932876752 35.7801038314 18.1391778151 17.5998284198 17.4806967901 17.2562386597 16.7647046236 16.5634081734 19.5586242304 21.0083565579 20.5388782897 8491.87583473 356.148191691 322.663419042 12.5748791449 51.3325757408 12.6878196895 12.7356967164 392.890408861 645.386067921 219.3628561 157.914773312 33.5718613348 14.0706312133 13.0471339581 25.177909014 956.618631091 980.130140393 12.2061421053 12.2921246108 12.6449925551 12.4543303099
-9999.0 -9999.0 -9999.0 -9999.0 -9999.0 -9999.0 -9999.0 -9999.0 -9999.0 -9999.0 -9999.0 -9999.0 24.8479014983 321.839220272 845.502884323 918.272173633 1253.86950302 1270.7263669 304.365933345 225.02965981 66.1698750307 21.1787927228 84.6826600197 104.486311034 158.649798903 36.8978711213 35.3636709104 35.4805929946 70.2519795938 34.0624286576 33.6319330845 17.2540944778 16.9812450565 15.5624492778 8506.03712589 8872.37958626 8889.82420063 13.0277391226 137.215766517 59.4585348189 17.3683559124 699.157771906 37.5836769985 19.2627338598 81.0030810471 18.9973234242 14.7911895179 27.6462575994 38.3841997415 50.0513749285 1000.49932802 9.70479620191 8.50441743924 8.51215577668 7.12311988863
-9999.0 -9999.0 -9999.0 -9999.0 -9999.0 -9999.0 -9999.0 -9999.0 -9999.0 -9999.0 -9999.0 26.3865045272 244.900266382 296.94242862 48.53698409 16.1427361125 37.8677433264 1330.21691134 1347.09220808 1667.56772978 19.1976405027 40.2299935087 17.9251340646 18.139786126 176.287048425 230.784596353 283.076181212 16.311826083 86.4681028718 136.504133168 81.7757584331 32.8433535021 31.6837214711 30.8349808224 29.7309425251 13.9476056707 8901.3512457 8911.181988 9069.26913865 28.1020126506 15.1595848572 710.690687224 39.0911413088 19.9168885057 21.2565355851 21.1165870759 19.1225939678 35.1047380516 98.1167376223 160.700615623 1170.89555169 7.39939114553 22.2130307327 15.0348004154 12.9586777218
-9999.0 -9999.0 -9999.0 -9999.0 -9999.0 -9999.0 -9999.0 -9999.0 -9999.0 -9999.0 -9999.0 26.8880542464 167.77027988 26.4827381735 23.8890889394 122.03520588 143.896132246 166.04619991 186.754383391 2247.73801237 2267.33698401 2307.13518373 2585.05536751 2640.20439846 2673.12405542 2691.07523031 3018.29155252 3067.83777228 3085.18303001 3239.50623085 3338.41392441 3353.91764282 3416.95969756 45.6374690684 44.7794466106 12.4499928084 11.719586621 8922.34197539 9119.98710121 40.2921890651 809.706540139 796.536685617 74.7196771213 18.1327125347 18.5913400115 18.0498467637 17.7701929743 35.7605642175 50.6458796688 14.2271503413 1180.15731741 1189.89008055 1235.45407752 1243.4331315 1263.72656454
-9999.0 -9999.0 -9999.0 -9999.0 -9999.0 -9999.0 -9999.0 -9999.0 -9999.0 -9999.0 -9999.0 85.7430573374 113.444451299 53.2728641206 78.6158835693 25.1025809866 283.041422524 305.879959664 350.781667878 372.565275484 149.435026526 2487.62511691 2506.90311475 18.562818659 15.0665397143 15.3936305814 31.4041009268 18.039623859 15.3828783186 15.2643348906 14.6325248591 3370.73675601 3433.27274814 3492.58072792 3549.17858173 3591.40498407 20.8162453132 7.07180688669 9962.00332779 832.565980931 823.33169945 15.4915071204 14.8647216629 13.6117402671 32.5751854841 32.0644243044 14.7123085845 15.0478750505 13.1316737979 27.0511601597 35.5768748774 7.65919087744 14.1436764971 5.17583349596 4.98574766898
-9999.0 -9999.0 -9999.0 -9999.0 -9999.0 -9999.0 -9999.0 -9999.0 -9999.0 -9999.0 -9999.0 -9999.0 57.8259065502 27.2684565682 25.5100510211 237.192378125 260.68523628 23.4505594971 90.457404258 112.02987306 132.443338334 21.6852273529 16.7505354419 377.15201212 391.372922384 405.566250573 1037.28027579 1050.57030741 1078.80671242 1198.750518 1278.31108688 1291.34033592 14.5166781494 15.0573907036 12.5610679832 3606.3492991 7.37311989471 10095.1764146 10082.7423586 111.774570907 100.247404323 59.8764310814 15.2337511075 27.1876082817 46.5103714779 46.1716837157 28.5795966565 14.491442652 27.4559662486 26.269071893 46.7226421576 8.40127915033 23.4259068324 36.2349751526 46.7984965742
-9999.0 -9999.0 -9999.0 -9999.0 -9999.0 -9999.0 -9999.0 -9999.0 -9999.0 -9999.0 -9999.0 -9999.0 29.5779544041 83.5856791294 109.336193049 186.895456066 23.2138175837 46.9936902545 69.3371520007 266.970206764 287.633345072 308.786939969 327.308507752 345.733161819 527.987574542 584.430198984 619.180706137 16.1563394551 91.8900003042 108.033140836 1237.89679198 1305.59167644 1337.49066264 1370.17818564 1395.5701214 5009.23694931 9.01643328114 10134.6564192 23.1695732513 11.6103073616 85.7838012531 72.5917254435 11.8839305147 39.2088276812 58.4780499729 57.7027153818 39.2864918115 64.602033738 101.668986604 36.7516736548 92.933687227 8.32565258928 15.5636080258 4.32542731863 3.36502671283
