data/baseflow/mHMbf_acc327.asc
ncols                  80
nrows                 72
xllcorner      4374000.0
yllcorner      5656000.0
cellsize            500
NODATA_value       -9999
[rows 0 to 24 of 72, columns 0 to 54 of 80]
-9999.0 -9999.0 -9999.0 -9999.0 -9999.0 -9999.0 -9999.0 -9999.0 -9999.0 -9999.0 -9999.0 -9999.0 29.9342508419 24.5126963234 -9999.0 -9999.0 -9999.0 -9999.0 -9999.0 -9999.0 -9999.0 -9999.0 -9999.0 -9999.0 -9999.0 -9999.0 -9999.0 -9999.0 -9999.0 -9999.0 -9999.0 -9999.0 -9999.0 -9999.0 -9999.0 -9999.0 -9999.0 -9999.0 -9999.0 -9999.0 -9999.0 -9999.0 -9999.0 -9999.0 -9999.0 -9999.0 -9999.0 -9999.0 -9999.0 -9999.0 -9999.0 -9999.0 -9999.0 -9999.0 -9999.0
-9999.0 -9999.0 -9999.0 -9999.0 -9999.0 -9999.0 -9999.0 -9999.0 -9999.0 -9999.0 -9999.0 -9999.0 58.6933128205 130.533264385 21.2338793036 -9999.0 15.6725430255 -9999.0 -9999.0 -9999.0 -9999.0 -9999.0 -9999.0 -9999.0 -9999.0 -9999.0 -9999.0 -9999.0 -9999.0 -9999.0 -9999.0 -9999.0 -9999.0 -9999.0 -9999.0 -9999.0 -9999.0 -9999.0 -9999.0 -9999.0 -9999.0 -9999.0 -9999.0 -9999.0 -9999.0 -9999.0 -9999.0 -9999.0 -9999.0 -9999.0 -9999.0 -9999.0 -9999.0 -9999.0 -9999.0
-9999.0 -9999.0 -9999.0 -9999.0 -9999.0 -9999.0 -9999.0 -9999.0 -9999.0 -9999.0 28.4807075244 27.4711596374 28.3145665455 27.1284170346 182.84542536 206.305143337 45.4581140785 14.6583984642 -9999.0 -9999.0 -9999.0 -9999.0 -9999.0 -9999.0 -9999.0 -9999.0 -9999.0 -9999.0 -9999.0 -9999.0 -9999.0 -9999.0 -9999.0 -9999.0 -9999.0 -9999.0 -9999.0 -9999.0 -9999.0 -9999.0 -9999.0 -9999.0 -9999.0 -9999.0 -9999.0 -9999.0 -9999.0 -9999.0 -9999.0 -9999.0 -9999.0 -9999.0 -9999.0 -9999.0 -9999.0
-9999.0 -9999.0 -9999.0 -9999.0 -9999.0 -9999.0 -9999.0 -9999.0 -9999.0 27.770849643 56.012925915 110.772989437 54.7871041832 26.7248989987 52.5609805965 232.379281693 316.074835409 17.5039229594 -9999.0 27.6783823515 -9999.0 -9999.0 -9999.0 -9999.0 31.7967608066 15.7837741672 -9999.0 -9999.0 -9999.0 -9999.0 -9999.0 -9999.0 -9999.0 -9999.0 -9999.0 -9999.0 -9999.0 -9999.0 -9999.0 -9999.0 -9999.0 -9999.0 -9999.0 -9999.0 -9999.0 -9999.0 -9999.0 -9999.0 -9999.0 -9999.0 -9999.0 -9999.0 -9999.0 -9999.0 -9999.0
-9999.0 -9999.0 -9999.0 -9999.0 -9999.0 -9999.0 -9999.0 -9999.0 29.2223074421 85.1394677774 111.745773577 138.611195538 191.407113022 25.4953681486 102.382139486 127.682279583 490.677441434 24.9974574436 25.7585632145 52.9595688477 77.290493836 25.1225471939 -9999.0 87.8522576542 71.670993316 21.0078182131 -9999.0 -9999.0 -9999.0 -9999.0 -9999.0 -9999.0 -9999.0 -9999.0 -9999.0 -9999.0 -9999.0 -9999.0 -9999.0 -9999.0 -9999.0 -9999.0 -9999.0 -9999.0 -9999.0 -9999.0 -9999.0 -9999.0 -9999.0 -9999.0 -9999.0 -9999.0 -9999.0 -9999.0 -9999.0
-9999.0 -9999.0 -9999.0 -9999.0 -9999.0 -9999.0 30.1963394066 28.404610107 27.3592039562 27.5167520556 27.5036404367 193.677358443 411.545503611 437.930615371 460.5284083 21.39294222 537.343390284 562.183877675 50.5453028513 24.6190429882 101.136416404 175.07422088 25.8420230017 168.254567082 28.8609044729 28.7422353104 29.9367731773 -9999.0 -9999.0 -9999.0 -9999.0 -9999.0 -9999.0 -9999.0 -9999.0 -9999.0 -9999.0 -9999.0 -9999.0 -9999.0 -9999.0 -9999.0 -9999.0 -9999.0 -9999.0 -9999.0 -9999.0 -9999.0 -9999.0 -9999.0 -9999.0 -9999.0 -9999.0 -9999.0 -9999.0
-9999.0 -9999.0 -9999.0 -9999.0 -9999.0 -9999.0 59.4206079632 87.7006053743 198.754455651 279.608000058 25.6648631165 26.1656870124 25.2253319827 74.5712474345 558.785741178 22.0526562479 586.233745987 679.848214304 74.0583102502 47.7429759608 198.146135158 24.4309879128 192.418871647 51.8686410884 27.0221920859 55.2350769229 57.6892893164 25.7796588532 25.8759948705 25.6608647204 25.841249254 52.0268155555 -9999.0 -9999.0 -9999.0 -9999.0 -9999.0 -9999.0 -9999.0 -9999.0 -9999.0 -9999.0 -9999.0 -9999.0 -9999.0 -9999.0 -9999.0 -9999.0 -9999.0 -9999.0 -9999.0 -9999.0 -9999.0 -9999.0 -9999.0
-9999.0 -9999.0 -9999.0 -9999.0 -9999.0 30.2291832018 59.4386742463 28.7466125695 56.3513698931 307.274136056 359.881083142 412.155405951 1274.90562303 24.5710713568 583.679938526 2042.43011557 2059.91241297 2768.67140336 18.7144487186 71.0500698298 221.442409788 23.2002780178 480.13694369 264.152229038 164.643917394 139.154425415 28.5487642743 76.8586137281 75.8645125755 50.7693651035 24.6232917626 77.3760278839 24.4885482226 24.4350325297 -9999.0 -9999.0 -9999.0 -9999.0 -9999.0 -9999.0 -9999.0 -9999.0 -9999.0 -9999.0 -9999.0 -9999.0 -9999.0 -9999.0 -9999.0 -9999.0 -9999.0 -9999.0 -9999.0 -9999.0 -9999.0
-9999.0 -9999.0 -9999.0 -9999.0 -9999.0 30.2814413715 88.7707480406 176.976983475 204.477899801 404.096477996 430.700442429 512.540926124 838.058456565 1342.73083126 1391.42046133 1413.90377629 43.6808597445 2845.74787787 2885.11251814 3001.22491899 3796.39361924 550.321498531 504.04256838 188.542400166 23.52582833 154.395724379 102.989442391 24.5303352602 98.8509944355 22.3385052599 46.039209207 124.502663073 147.951810364 47.8986976719 23.3595796191 23.4735539499 -9999.0 -9999.0 -9999.0 -9999.0 17.0380856736 14.1358081353 -9999.0 -9999.0 -9999.0 -9999.0 -9999.0 -9999.0 -9999.0 -9999.0 -9999.0 -9999.0 -9999.0 -9999.0 -9999.0
-9999.0 -9999.0 -9999.0 -9999.0 -9999.0 29.9143966237 28.8969473809 116.720010733 144.272619711 172.461284672 27.6088283995 54.9921644335 307.353039758 54.9195696342 26.5906446556 25.633035818 23.5947043023 25.5615923517 24.9653405167 24.9612911944 3820.27290631 3889.37387241 22.8116438442 69.5585949337 46.8897863366 178.045149619 49.5426894696 25.2662036994 122.446334516 43.8469847226 104.329787582 261.413029876 242.185288152 71.2041915175 70.2313091851 23.4177609798 23.4443217112 -9999.0 -9999.0 23.6594855771 38.1264608638 81.9724286199 14.9834986775 -9999.0 -9999.0 -9999.0 -9999.0 -9999.0 -9999.0 -9999.0 -9999.0 -9999.0 -9999.0 -9999.0 -9999.0
-9999.0 -9999.0 -9999.0 -9999.0 -9999.0 -9999.0 30.0271469076 29.471467752 58.596813625 87.3275891793 198.243825433 253.96476629 281.531531396 29.1400771139 24.8820814227 317.978370315 393.250584329 417.771408583 516.909840829 540.836191912 23.5849549821 3912.70465512 4025.66129969 90.1996943455 16.5709136818 199.087002261 442.706398966 171.461624527 44.3034641017 21.9637789931 408.075151862 283.326444412 21.6961643701 21.9905270198 92.4122093169 68.8122142509 22.7674777736 24.2650376195 22.6832030292 45.9381325354 22.2743543637 99.8112450002 122.269486541 24.7219886546 -9999.0 -9999.0 -9999.0 -9999.0 26.8276794977 26.1680762805 5.92125490407 -9999.0 -9999.0 -9999.0 -9999.0
-9999.0 -9999.0 -9999.0 -9999.0 -9999.0 -9999.0 -9999.0 30.1008344845 26.8988450909 55.4251468823 83.5658081531 28.1953827902 26.8397689811 162.926690389 215.540594711 268.407422153 25.2533897093 50.4818836525 24.7455363558 564.592587176 1242.35886926 1259.44251616 5328.96318257 22.9354293417 50.4919028215 16.2959877325 465.605291538 22.0681749055 66.6506530469 21.8551091264 429.745302284 451.134287455 43.3229250791 43.2025609765 228.438196254 113.937172579 47.3011843173 23.1639534321 45.5307836947 68.3969880948 112.403162233 22.2387366678 173.102479878 199.06641226 23.7497686465 23.080671205 26.3242752679 25.6150798781 24.9239908972 77.9242010091 25.9658920299 17.0159863415 -9999.0 -9999.0 -9999.0
-9999.0 -9999.0 -9999.0 -9999.0 -9999.0 -9999.0 -9999.0 -9999.0 56.5245340193 82.7168322959 27.961309313 56.092426822 82.9151072786 137.39410172 27.7094841083 27.0705317134 24.7611883726 25.2155828143 23.9000106438 630.227285212 24.6163965656 48.7967781876 5398.31522923 5460.03253486 35.0238914969 118.67155748 607.398476753 43.3501118412 87.216458788 42.3188445698 62.8092745897 535.30479632 63.7179173513 334.030975488 270.198240175 20.9050280066 112.986985079 44.6360020328 66.9306865326 21.7320953222 135.635223012 182.303930377 205.05791085 227.341385503 288.44673975 44.1653459113 48.4253402114 47.1768496981 45.6685969318 99.6115516855 20.7566924676 62.926023011 81.0721493793 -9999.0 -9999.0
-9999.0 -9999.0 -9999.0 -9999.0 -9999.0 -9999.0 -9999.0 -9999.0 28.9591078231 139.72856468 167.347875408 27.7568763871 54.7431549078 27.0299216704 26.2449692599 25.7346338081 314.171935758 421.399726832 519.046665029 612.27343174 24.2060471215 24.3944053844 28.9270145023 5578.89877864 5646.05601298 5680.75086609 816.931546419 176.223933692 152.626630517 21.4685749437 83.1629649458 638.971222775 20.3991962688 354.653955236 20.7342227853 143.904918811 134.693925383 21.2653253252 88.0432768821 42.8214537522 63.6520720086 22.5388093855 22.203600427 249.513275783 270.691334634 309.565052207 70.4655012291 68.8515704304 67.0443667341 120.965764252 162.386819401 20.5749797646 99.2243863619 18.4342308331 36.1082330341
-9999.0 -9999.0 -9999.0 -9999.0 -9999.0 -9999.0 -9999.0 -9999.0 -9999.0 28.3975014517 194.942025381 222.365759882 81.815193916 135.638028798 187.706874705 213.518795762 25.8159172884 82.2869789318 52.8662411868 25.7024962694 26.0450142403 24.7642972751 49.8646699149 88.6353038113 37.2013417127 6567.32695413 6602.12904065 33.0316811782 22.9751034563 41.8539685544 62.1028911805 699.338742283 40.2545975935 374.443013062 221.853223036 181.984096879 20.797913656 41.8592457458 108.320137602 20.09287902 83.4480563209 42.6013977025 38.9823214509 15.8687311626 322.206246782 650.720246237 88.4549628918 86.9338234806 85.2706159753 17.9481817349 180.18909277 17.6420638905 136.529475959 17.1923039394 53.481521412
-9999.0 -9999.0 -9999.0 -9999.0 -9999.0 -9999.0 -9999.0 -9999.0 -9999.0 -9999.0 26.8882954776 276.630704305 27.0924599406 54.0290826091 79.5072560848 131.727261157 27.056615536 56.8111481808 27.3522688585 26.9844442858 25.5471574334 51.4075143395 23.903988313 27.8057322239 63.566401903 36.8710394495 6634.97241213 6701.24769871 6791.82862687 86.2509719251 20.0056561936 39.8044494963 719.181149703 695.377466977 262.469107246 20.1815486086 82.8850341061 62.3814626371 128.659469713 40.380499917 165.63654561 62.3173000022 57.5171722233 11.8375973989 16.0661526923 671.108056536 690.708719975 884.705643668 140.323340674 36.6374828951 199.031844685 234.814470053 388.295636864 34.0064404416 16.4328118567
-9999.0 -9999.0 -9999.0 -9999.0 -9999.0 -9999.0 -9999.0 -9999.0 -9999.0 -9999.0 -9999.0 13.3936855192 306.409158193 26.1304663519 51.1585889672 237.073575399 29.3029203047 29.3835205094 25.3549239953 52.401603928 24.6259218926 100.773471832 148.84738067 172.752628685 87.9072222727 118.710297394 34.2901338655 36.0186387581 33.3671685999 6930.13159319 6994.87746247 738.411786571 732.604473269 714.181925261 38.9641290098 19.2839143329 102.18332671 269.569701156 148.152898246 59.9204825251 244.512626785 113.054258857 94.5356258132 23.2018020748 10.8874745358 11.3514206738 13.1060033761 940.736903279 1135.87381461 17.3943495191 16.891561227 17.1321280847 404.907162434 454.75806234 30.9832776465
-9999.0 -9999.0 -9999.0 -9999.0 -9999.0 -9999.0 -9999.0 -9999.0 -9999.0 -9999.0 -9999.0 12.8071525268 338.06903627 416.500860287 25.0645560853 287.860887936 27.9219510356 25.6928417657 49.3012869182 125.853834554 24.1727470296 24.8523019264 23.2551495054 220.627420924 243.03828027 384.946661356 442.705520005 469.77794544 501.863263397 533.155640948 7559.30873295 8351.53612477 9136.06757954 9160.46080008 23.0568888251 19.4927655173 308.125974088 289.058941835 19.1026009578 18.863322242 262.210322961 394.005854813 16.9424463512 178.873237161 164.459861226 46.7238370916 24.7329963065 38.4189104737 19.4501275582 1173.42219483 18.8595316471 51.9199173581 68.9638031043 568.616091566 608.838268296
-9999.0 -9999.0 -9999.0 -9999.0 -9999.0 -9999.0 -9999.0 -9999.0 -9999.0 -9999.0 -9999.0 27.5361413766 53.0584374669 441.794925102 490.519897429 24.7720180707 338.500587528 23.4921532554 71.4720348633 148.655480251 47.0154889984 22.8102408712 47.4959179742 22.9531545784 43.5863784283 20.5920215607 19.2853561099 16.6353235659 15.2179425402 15.8021529102 17.5542998323 23.5212168737 28.4519816797 32.6195102736 9243.89123419 410.495311419 363.404647657 26.1313805927 56.6885730482 14.2034874966 11.1779788927 412.01501491 644.575480993 197.652514351 142.257989288 23.8911477396 11.4425844271 11.1062790257 28.429424517 1220.67869721 1257.5902326 18.7737538218 18.7742633262 15.6617113094 9.66684004583
-9999.0 -9999.0 -9999.0 -9999.0 -9999.0 -9999.0 -9999.0 -9999.0 -9999.0 -9999.0 -9999.0 -9999.0 25.6264731256 322.20224997 837.460200647 910.801638855 1273.0953138 1295.56862979 334.15713906 241.850852088 70.2763155077 22.6546632521 92.2646244706 114.359977452 178.640071983 41.7007835039 39.69544685 37.2068633165 72.500508826 35.7090348449 36.685478772 16.5952907499 12.4981060162 16.7998236279 9270.08928203 9694.16032566 9721.81075226 28.2505460796 173.014111409 62.7250179929 18.8491233861 700.694862751 38.4834929862 19.6230405677 78.6567491826 17.000376667 17.5717552161 34.8479571376 52.1044646817 70.3236024553 1291.95493903 16.9226811797 15.927684254 15.9988551758 13.3613025467
-9999.0 -9999.0 -9999.0 -9999.0 -9999.0 -9999.0 -9999.0 -9999.0 -9999.0 -9999.0 -9999.0 26.6688688404 245.005612977 297.173969768 49.3152652462 14.1474479917 34.1972015065 1353.21358738 1374.93387879 1729.08941933 21.1854004233 43.7008048795 20.3517270507 20.6920850002 198.902980411 260.850089984 320.080026115 19.4003664427 91.8451347782 146.56827469 90.2572578798 35.1613920048 28.6786993907 29.1838872367 32.7945932443 21.0901086842 9746.99748796 9771.51569793 9992.47642176 35.1121277984 17.7374049393 715.322570206 40.1548956705 20.4844213361 21.026421703 20.7735505979 19.8136102749 37.7071884146 112.758459073 201.950366328 1510.91436847 14.6422048013 43.9296593466 29.6430416662 26.1090451573
-9999.0 -9999.0 -9999.0 -9999.0 -9999.0 -9999.0 -9999.0 -9999.0 -9999.0 -9999.0 -9999.0 27.1759888772 166.254589252 26.4262218788 24.6178351908 121.32521665 144.021998135 167.442857928 190.004058213 2325.38588806 2343.88507921 2384.04547398 2680.20413886 2741.74744197 2778.70800949 2799.48730729 3163.96678154 3212.41559457 3231.28918288 3397.27534104 3507.1612163 3525.82817726 3587.90382484 47.0165024902 46.3521035857 13.6517489122 17.8207070972 9794.98936525 10073.559412 56.0625590555 823.764039365 807.090667678 78.031101654 19.3079974275 19.7305858007 19.4121737307 18.7560045929 37.732006832 56.1993524338 19.160151174 1527.4614616 1544.40461136 1633.6618967 1649.05721276 1689.94638422
-9999.0 -9999.0 -9999.0 -9999.0 -9999.0 -9999.0 -9999.0 -9999.0 -9999.0 -9999.0 -9999.0 84.3871439522 111.747758085 52.9271158049 78.2289164006 25.0556528771 291.987367691 316.323092242 364.121140653 383.783483295 162.756059733 2577.2451842 2595.29746363 19.9209248673 16.4540791582 14.2384175611 31.1344038909 14.8451272561 12.2763064831 11.8364338704 12.9934945998 3541.38988299 3604.16488513 3668.17161544 3730.32247482 3794.24342426 31.5552192995 14.8431341884 10958.4313905 861.166239434 840.729747036 18.0732760717 17.9816670996 17.3877434707 37.3039612477 37.2172753965 17.0873561955 17.1034186935 16.4172584133 35.4497974892 51.1204185214 13.6151134428 25.1883184585 10.4258933393 6.23031731855
-9999.0 -9999.0 -9999.0 -9999.0 -9999.0 -9999.0 -9999.0 -9999.0 -9999.0 -9999.0 -9999.0 -9999.0 57.1279341677 26.9154089983 25.7065734707 243.694855515 268.603716653 24.7650053881 101.141553906 123.609424739 144.401270425 22.1464271742 21.3398648978 408.665156411 428.37181026 446.997238743 1158.34845083 1173.18809466 1197.61757009 1314.31792784 1386.04087604 1397.41724948 10.5184906765 10.772905 11.1382532253 3829.25988759 16.8049492247 11146.8216014 11116.9309858 137.919452031 116.793751428 70.6964229754 17.5983820788 34.9876975548 55.1155519772 54.9108538311 33.7444814424 16.5492288428 32.8887037503 32.624034471 66.4331565847 9.89908057766 36.0371175438 60.9971548112 73.9228506269
-9999.0 -9999.0 -9999.0 -9999.0 -9999.0 -9999.0 -9999.0 -9999.0 -9999.0 -9999.0 -9999.0 -9999.0 29.185103517 83.5836667928 109.808862446 192.968486863 27.988083245 53.66087471 78.0947308486 284.409507264 304.546764061 319.862748502 341.275536014 365.931407552 585.989554232 656.613613885 694.731568638 14.8662755008 91.7894732063 104.873287314 1350.24480156 1409.74555954 1432.37075869 1455.01719824 1479.41904085 5326.74164518 15.3051732047 11210.6931241 30.7640595255 12.9702469095 99.4192481336 85.8633083388 13.4922674829 50.6383081065 71.0248582131 70.7837075668 48.9542871414 80.5569682735 127.733765689 47.5007614382 128.202755738 11.4791685449 17.3999892414 5.97688572565 5.04341536793
