data/baseflow/mHMbf_acc235.asc
ncols                  80
nrows                 72
xllcorner      4374000.0
yllcorner      5656000.0
cellsize            500
NODATA_value       -9999
[rows 24 to 47 of 72, columns 0 to 54 of 80]
-9999.0 -9999.0 -9999.0 -9999.0 -9999.0 -9999.0 -9999.0 -9999.0 -9999.0 -9999.0 -9999.0 -9999.0 19.4435391623 52.8089619313 68.2913258159 114.06333373 12.0029019224 24.654224134 35.8864455052 145.231707896 153.323082784 158.453195241 165.265432778 173.467878248 263.652710097 286.256905998 297.28347182 3.84361359804 24.6903529831 28.1873625489 536.307492546 545.995964968 550.875441564 555.889783811 559.570168731 2211.78128011 1.92878961443 4291.86447519 3.63918863336 1.54574821415 26.9826295713 24.0255928996 2.84474161733 12.9421037061 20.2932934561 19.8825698566 13.2126004937 21.5064939371 33.9048568978 12.4449046412 31.5995081125 2.12575663891 3.43680402224 0.45525932458 0.363123215069
-9999.0 -9999.0 -9999.0 -9999.0 -9999.0 -9999.0 -9999.0 -9999.0 -9999.0 -9999.0 -9999.0 -9999.0 17.9618197765 35.4321557316 15.5246529768 31.1888078293 12.1751185346 100.900230064 123.082511273 134.924576985 10.0628929151 18.6921514724 207.774578655 250.996114758 257.276581207 15.5181848701 13.9064607316 19.407449005 2.71770228641 2.2451950005 4.07208217652 1.94381125219 334.660790458 336.906271624 338.175480736 2215.721496 4308.44163896 4293.27907905 2.07174267344 1.12343741304 0.969133109653 4.74644185781 4.02863375104 14.8399158933 23.2396803867 47.0619853112 3.94977374426 3.90319802015 36.8843671006 40.0166168188 77.1729624913 78.7069147427 82.6549818411 83.496156216 0.780633212914
-9999.0 -9999.0 -9999.0 -9999.0 -9999.0 -9999.0 -9999.0 -9999.0 -9999.0 -9999.0 -9999.0 -9999.0 -9999.0 15.7622970511 31.7801132264 48.2028902611 74.8052683168 14.0268855498 11.7006937654 93.3416044403 103.379288643 191.484311178 202.137956778 28.8724221039 9.03596159522 7.54171884571 6.46225550561 319.950259536 323.453546798 326.49131992 328.658589519 332.681988583 33.4266729507 35.3849423603 374.945602128 6901.47343654 11.1503502861 8.14486973205 3.62835652018 1.05497038255 0.779260650754 6.60829820142 7.1122510954 16.1962179132 0.679924654127 48.0916388934 5.8220124928 5.62296614708 0.668517242157 0.39096464037 0.359869865879 0.510915955034 0.415500645014 83.9904439151 1223.58179991
-9999.0 -9999.0 -9999.0 -9999.0 -9999.0 -9999.0 -9999.0 -9999.0 -9999.0 -9999.0 -9999.0 -9999.0 -9999.0 -9999.0 15.2048511161 30.7406963675 44.4955302303 58.1205645151 70.0005143981 82.506853931 34.8369759896 58.4786541938 10.2424120817 9.54781294755 280.227485643 298.387331738 306.216366541 314.686202928 5.07451927674 8.53056817395 24.2268042431 27.5766311687 30.5910053372 2.75482180752 1.94868325432 6909.91614287 3.04876562009 3.16662883916 1.5732401019 4.55296916663 2.12330522652 1.15106250015 24.3822445408 25.5148710368 0.582500654638 48.8522573203 55.0765372791 6.00189262332 1254.41422794 1253.34365407 1252.47023905 1250.20859225 1249.2062192 1227.84842953 1226.90749248
-9999.0 -9999.0 -9999.0 -9999.0 -9999.0 -9999.0 -9999.0 -9999.0 -9999.0 -9999.0 -9999.0 -9999.0 -9999.0 -9999.0 4.20340907384 9.25996473796 13.9530904897 140.226955196 152.324621271 12.5544112647 11.7767555801 11.7610027359 240.001680434 262.062828444 10.4000076233 10.5800128073 7.16680229679 30.4083465193 37.6858788094 16.0121590033 20.187883479 189.195642089 193.594353736 202.988243532 309.232809261 7222.08656402 3.12713453775 1.20948124116 7.23048213497 5.91407974801 1.01815466035 3.32357250745 4.42226307772 26.7015531118 27.6447971649 84.4281115612 55.514191037 6.56168299274 1274.06257258 8.34198033766 1251.62260737 1250.97580394 20.3861167199 1.58136350981 1.53180472712
-9999.0 -9999.0 -9999.0 -9999.0 -9999.0 -9999.0 -9999.0 -9999.0 -9999.0 -9999.0 -9999.0 -9999.0 -9999.0 -9999.0 21.4634021905 35.250706219 71.1378274573 126.25020095 165.643605999 195.006040233 206.836187026 219.015266505 230.540786485 10.4768462281 8.74277722878 16.8149665833 15.2393754947 8.07351267874 167.798177766 174.742837442 180.943422734 186.650789258 94.5983489113 97.7485857316 103.139818278 7224.66976068 6.19983704971 3.73971543928 12.3052670422 1.30010621856 2.62025248272 1.50619281845 0.987458492176 5.59291899288 0.693388742146 0.737382986092 1363.55843284 1278.57273531 1277.7633843 4.04796999073 7.91343042384 4.88373344612 0.882368839655 17.5197991941 4.07917183296
-9999.0 -9999.0 -9999.0 -9999.0 -9999.0 -9999.0 -9999.0 -9999.0 -9999.0 -9999.0 -9999.0 -9999.0 -9999.0 -9999.0 15.0275224703 14.3653957776 28.3844778434 42.5199057929 15.398965643 15.4372824027 27.9210263826 39.8263827967 61.3292086974 72.0857112251 80.9320010804 107.106718123 114.909849371 123.741060359 7.4384858158 77.8099834188 83.3676022632 87.9911797744 3.03279452537 1.16986549464 2.40137027552 7330.08568769 7332.52469673 7342.84664352 16.8631647451 3.14430490456 3.6526574901 0.931320632687 1.75028282402 6.45231392646 7.79162075283 1.31892249609 1367.25536475 1.31447682471 2.17334830825 2.45305491816 1.82996163571 3.28929657319 1.28579638631 12.7993227691 9.71639344369
-9999.0 -9999.0 -9999.0 -9999.0 -9999.0 -9999.0 -9999.0 -9999.0 -9999.0 -9999.0 -9999.0 -9999.0 -9999.0 -9999.0 -9999.0 13.7266702088 26.7766643854 12.4208077943 25.5778907973 159.584027323 171.048917243 182.02908915 10.8051270584 10.8443037269 19.6346305519 28.7221545406 43.6131895717 51.5288709152 56.6976491122 63.4720870294 5.00807756561 4.12402090113 94.1142961013 96.1668301738 98.0488856543 100.335187591 85.1593047519 7437.70755373 7467.51320815 7468.99582624 7473.89209571 7479.42324959 7481.92864033 0.607546875207 8.41101541008 1367.84176662 1.26168391482 0.65262318301 0.956439595296 1.03076038263 1.72592882021 1.49650044242 0.940698321482 1.81991129386 1.61404420359
-9999.0 -9999.0 -9999.0 -9999.0 -9999.0 -9999.0 -9999.0 -9999.0 -9999.0 -9999.0 -9999.0 -9999.0 -9999.0 -9999.0 -9999.0 -9999.0 39.7299938361 52.641391441 92.1914618791 120.973381005 14.8939746782 210.790105922 221.281917151 230.76263149 9.29422838962 17.9828823105 7.39904733735 59.251555796 63.7207230187 70.3198437265 76.422654125 89.4086178003 92.2680176915 1.77230924845 75.6019522451 80.3955196241 82.9965096403 92.3370985501 10.6462196376 6.24863639516 3.16240016355 2.95987172055 7484.76094971 7485.84586793 7500.20154406 1368.39755931 4.03696945514 2.31673826645 1.56571268702 0.452041706808 4.99055158904 2.6305260157 0.806822086063 5.00075648208 4.36660227903
-9999.0 -9999.0 -9999.0 -9999.0 -9999.0 -9999.0 -9999.0 -9999.0 -9999.0 -9999.0 -9999.0 -9999.0 -9999.0 -9999.0 -9999.0 -9999.0 13.2613598189 65.9597864973 79.967575773 15.3205463171 11.9965653745 24.7037925764 35.6975785302 276.662117981 9.14172902224 36.9194598246 44.8425296014 52.5372535663 4.76940222968 10.6579625144 13.3715601365 60.2091715231 66.3383674198 68.9347787902 2.59755139134 2.16883791029 2.41386819059 4.46273964298 1.79054127332 1.82740265445 2.04085783643 1.88632460705 2.07872992554 5.20973385686 7501.51829232 8872.73550656 4.96603057614 1.31081775459 0.491783756449 16.4093627372 15.3813010066 9.50782523562 8.58522892639 6.40682050118 1.85372109508
-9999.0 -9999.0 -9999.0 -9999.0 -9999.0 -9999.0 -9999.0 -9999.0 -9999.0 -9999.0 -9999.0 -9999.0 -9999.0 -9999.0 -9999.0 11.6425220881 36.6027288151 11.8406891172 14.8711574024 13.9139735676 26.274926823 38.2954504068 49.3543590259 336.970606937 345.574959862 8.9755982422 16.9102315922 25.025096105 30.7100416609 36.0587905712 52.10161128 57.4700600501 2.78698980663 2.52465398577 2.04112281049 2.03916256625 2.15153929623 3.11229428475 2.62261809394 3.3633490853 7.53160005006 3.53048427154 1.27247036042 1.2247962421 0.992728600682 1.77829676712 8926.16995592 47.0287219775 20.1745248164 2.3850865108 1.12132932108 0.672327339036 2.22701744483 1.45964867563 0.723913630045
-9999.0 -9999.0 -9999.0 -9999.0 -9999.0 -9999.0 -9999.0 -9999.0 -9999.0 -9999.0 -9999.0 -9999.0 -9999.0 -9999.0 12.4236269656 23.6870200253 82.869831137 10.6789165415 28.2857320967 41.4005333644 53.1058720212 12.6537587177 22.8681855311 34.5369532423 390.005119241 8.20085315614 15.3422125286 22.7699306185 6.56896687535 12.8196117052 15.065495258 19.4287605253 631.523580983 636.710475695 641.317186986 663.626583655 670.059474797 685.982737429 3.52039896927 8.18571172399 8.87488972287 727.373206194 729.504509531 1.08096621271 1.68444129314 2.26366434339 8927.48205362 44.5883532114 21.1316691499 19.648580331 16.5545106916 14.6696227562 2.93392071296 0.751588430021 1.29594990475
-9999.0 -9999.0 -9999.0 -9999.0 -9999.0 -9999.0 -9999.0 -9999.0 -9999.0 -9999.0 -9999.0 -9999.0 -9999.0 -9999.0 12.9689332973 38.8174034941 134.425776471 198.470942771 9.29556427343 255.74769198 320.082127778 11.3776173458 21.3957736863 32.8248394229 483.699276019 492.507975649 5.94422993485 34.8089731731 40.2079633256 44.9841128703 594.346812582 603.835128093 610.065526665 2.97915625124 16.3269670648 19.472997198 7.70837588871 10.9276193161 700.731803987 713.301243825 715.567722402 717.616403627 731.309146791 0.863835108218 0.7364334447 3.59676140449 8928.74328888 1.82731015528 0.650223554388 1.91917515004 0.849893336722 13.001386546 11.2499360448 6.87318225321 4.7879507256
-9999.0 -9999.0 -9999.0 -9999.0 -9999.0 -9999.0 -9999.0 -9999.0 -9999.0 -9999.0 -9999.0 -9999.0 -9999.0 -9999.0 -9999.0 -9999.0 26.7238120864 53.1601744793 233.238503727 245.641232336 330.81800169 342.270467622 11.1774610194 22.379139289 51.579988317 501.026988471 514.51011404 519.270468595 3.65563287025 536.666188457 546.374187785 6.31995822042 3.04394274191 5.6128042157 10.9541216619 2.68156929235 5.16827651771 10.5517430749 13.0568282105 2.59917223039 1.43510894282 2.72943264801 742.580094269 745.868736591 746.476176184 752.248050891 8929.80212483 1.17922196968 0.326957032337 0.434374342645 0.426950144693 0.450013789606 0.380483106385 0.67302082128 0.742049683391
-9999.0 -9999.0 -9999.0 -9999.0 -9999.0 -9999.0 -9999.0 -9999.0 -9999.0 -9999.0 -9999.0 -9999.0 -9999.0 -9999.0 -9999.0 -9999.0 13.7889309889 13.3637970943 12.7695666989 24.5085046411 10.3566713517 363.114780882 373.479276145 10.2962702643 19.9502753707 8.7159104162 6.6505540713 6.32254164187 529.566494361 3.04426955593 6.51580626871 3.61577637431 3.12049413049 2.67753143261 1.87822773716 2.00519785857 6.31895884331 8.84718135213 1.52347508077 1.24070506526 2.82153690662 5.02717166812 6.63346241605 1.85385953144 747.883458354 752.916029107 8930.60836564 3.3234943903 0.916695849353 0.186790108217 0.564917177992 0.143958810125 0.110534485397 0.802155162728 3.67620228302
-9999.0 -9999.0 -9999.0 -9999.0 -9999.0 -9999.0 -9999.0 -9999.0 -9999.0 -9999.0 -9999.0 -9999.0 -9999.0 -9999.0 -9999.0 -9999.0 -9999.0 -9999.0 13.1846999602 36.1413465835 45.8290087766 55.9539705891 383.750389655 394.45775218 404.534785925 414.509617722 420.561004517 433.440838322 436.377277716 439.057395674 441.27663609 2.43003600122 2.24203615289 2.4882389943 8.57345435375 2.39730829864 2.26595588495 1.54877497704 4.50151997015 1.91014745922 1.31416911938 1.1756646077 0.939270775869 1.87253975095 2.72604263212 758.612700606 9693.36680201 1.12780642585 2.00578539086 0.12497232324 0.736464738486 0.35258523592 0.222846454274 7.37323837367 6.09881778677
-9999.0 -9999.0 -9999.0 -9999.0 -9999.0 -9999.0 -9999.0 -9999.0 -9999.0 -9999.0 -9999.0 -9999.0 -9999.0 -9999.0 -9999.0 -9999.0 -9999.0 -9999.0 -9999.0 10.5506691648 86.9687999304 166.115412448 176.358336855 14.0819929424 24.6961412493 34.3825466055 41.4840399993 92.4590505564 95.0748642775 2.52058677003 2.51331189502 446.615192401 451.103199854 453.108266482 10.0113710686 1.2274087661 3.67730300356 5.29244902838 15.793994784 19.3798815776 21.9049456615 2.22324462958 3.04442684049 1.05151044245 2.11373046729 1.11561464841 9695.38398194 0.881404081925 3.80497831606 0.936985782494 2.05980765884 6.91368932025 7.66754081801 15.6340334193 6.11947731813
-9999.0 -9999.0 -9999.0 -9999.0 -9999.0 -9999.0 -9999.0 -9999.0 -9999.0 -9999.0 -9999.0 -9999.0 -9999.0 -9999.0 -9999.0 -9999.0 -9999.0 -9999.0 12.1808355644 39.3655622317 76.6330489349 99.6160307251 247.265920715 259.666491575 20.8880183884 30.6499833861 38.4707344211 45.369905427 97.7352719799 102.868891713 176.520996173 181.992597317 184.251980292 455.131958655 470.097296429 3.33362293754 2.61825363877 2.41053976238 4.56220577083 2.00367154285 25.7093508608 26.915836561 4.02112869209 5.22567281387 1.05090487298 2526.12298337 2528.55915588 12225.3012345 12230.5920893 1.08952383258 4.52448652378 1.59847123709 1.20650302749 17.6236973496 24.4125648731
-9999.0 -9999.0 -9999.0 -9999.0 -9999.0 -9999.0 -9999.0 -9999.0 -9999.0 -9999.0 -9999.0 -9999.0 -9999.0 -9999.0 -9999.0 -9999.0 -9999.0 -9999.0 -9999.0 14.2813422848 13.8209990177 25.6527830042 60.4527377949 270.999146731 10.9350603419 10.7508383212 18.4804555099 26.6678098754 61.7162392887 65.9079772077 3.10538453435 3.78881060639 187.613678148 189.877492238 662.039356695 663.756233123 1.05477844832 0.877678684394 0.71161935595 0.720670593967 0.842523729036 2501.74424492 2510.13502879 2516.78145984 2519.25855903 2525.0072122 1.37450810257 4.85082468224 5.62761042474 12238.3988245 12239.1229872 12240.8650072 12242.1296844 12243.6846112 25.4021301115
-9999.0 -9999.0 -9999.0 -9999.0 -9999.0 -9999.0 -9999.0 -9999.0 -9999.0 -9999.0 -9999.0 -9999.0 -9999.0 -9999.0 -9999.0 -9999.0 -9999.0 -9999.0 -9999.0 -9999.0 12.299386371 13.0650325305 23.9814944235 317.884284094 328.707561207 10.3905287127 18.1641264004 26.6588807654 31.8609201215 4.08133890621 7.92952586536 660.027135774 662.388879908 664.98823335 685.303308303 1351.26700433 2449.44534124 2452.40428869 2455.07090845 2457.55874715 2469.52823175 2473.59160417 7.21886389045 3.00738852645 2.0102640201 3.66485878352 2.38334438283 3.90852686324 1.21693008383 28.1622457194 31.864892049 35.0357681326 35.3438210718 12244.2195058 12270.6079956
-9999.0 -9999.0 -9999.0 -9999.0 -9999.0 -9999.0 -9999.0 -9999.0 -9999.0 -9999.0 -9999.0 -9999.0 -9999.0 -9999.0 -9999.0 -9999.0 -9999.0 -9999.0 -9999.0 -9999.0 -9999.0 12.5852504303 24.0505288322 35.6477069313 338.312870693 9.66783225422 454.569644299 463.489174468 467.40165021 471.614132197 643.269769992 648.131702874 2.80447414895 15.1176057623 18.3035970774 3.00905190231 1095.36234708 1090.01695914 1.43679343058 3.58255697735 9.85347242458 2.27689373771 2.45671260254 1.51647066497 1.20433147989 0.845106599392 1.08147902434 24.4112342001 25.6163880093 27.2106236225 2.93720507579 2.52839000996 36.6870718708 37.2087732391 37.4301339812
-9999.0 -9999.0 -9999.0 -9999.0 -9999.0 -9999.0 -9999.0 -9999.0 -9999.0 -9999.0 -9999.0 -9999.0 -9999.0 -9999.0 -9999.0 -9999.0 -9999.0 -9999.0 -9999.0 -9999.0 -9999.0 11.2250119234 10.5068580512 54.8792980332 415.594484526 436.483121071 446.92602554 8.36805459995 161.625251172 165.489307838 167.637832183 4.2535007406 7.56964925123 10.2784482513 242.661007462 244.687003217 246.404561164 1086.87265892 696.784728999 2.10084803534 2.16434640056 2.01672465161 1.37995492632 15.0202467717 17.9444655217 20.3906008224 21.8351841965 23.198708948 208.546732584 209.469962643 211.182565108 214.616461756 225.639635343 225.955016321 263.717459377
-9999.0 -9999.0 -9999.0 -9999.0 -9999.0 -9999.0 -9999.0 -9999.0 -9999.0 -9999.0 -9999.0 -9999.0 -9999.0 -9999.0 -9999.0 -9999.0 -9999.0 -9999.0 -9999.0 -9999.0 -9999.0 -9999.0 22.0235497516 33.8595667205 11.7791503522 10.9794528597 134.826241919 143.472704363 148.744995745 49.5707217287 52.7543402731 56.383706514 59.3731845318 237.786662395 241.07705794 137.295542792 386.146034026 388.337276799 695.236869129 4.19887013685 2.11448272833 1.22545096018 10.4703327818 12.3347824355 0.901209507289 0.814469416094 204.040292919 206.446790348 207.689701734 1.50144448641 2.35870750124 224.228253429 0.914785031074 2.52700813253 2.75787068236
-9999.0 -9999.0 -9999.0 -9999.0 -9999.0 -9999.0 -9999.0 -9999.0 -9999.0 -9999.0 -9999.0 -9999.0 -9999.0 -9999.0 -9999.0 -9999.0 -9999.0 -9999.0 -9999.0 -9999.0 -9999.0 -9999.0 11.1226803331 21.950802545 92.0452294059 104.282664009 114.962338211 40.0206783281 46.2559330271 3.85337243292 169.011538403 172.278134734 175.463771454 3.09013568127 131.414319819 134.903710641 2.26910085929 683.891538391 5.10052874988 2.49422564176 5.79458323142 7.92018350207 1.37344091592 1.00948897107 191.692796695 201.860109713 203.400333959 1.54158163499 2.93596760601 3.62688852799 4.25012586153 8.65828264054 0.906875509482 2.10065568424 0.405716587758
