data/baseflow/mHMbf_acc573.asc
ncols                  80
nrows                 72
xllcorner      4374000.0
yllcorner      5656000.0
cellsize            500
NODATA_value       -9999
[rows 25 to 49 of 72, columns 0 to 54 of 80]
-9999.0 -9999.0 -9999.0 -9999.0 -9999.0 -9999.0 -9999.0 -9999.0 -9999.0 -9999.0 -9999.0 -9999.0 26.6831907846 52.7229329903 24.1127645494 48.4628000578 20.5458476345 159.606267401 198.043447432 218.589983647 18.3232944707 34.4460634355 344.945192366 422.535553404 436.684022685 32.0110869846 29.3354730291 43.1218533438 8.83309410213 7.80643193335 14.6681276464 6.46191798795 529.020230677 535.251034962 542.245277674 4157.66145354 8557.31457856 8509.75644887 10.6580374265 5.18264587302 4.52286826274 15.7347065422 12.1014757384 36.0705544855 52.1302984449 105.406492732 9.0108728312 8.9263326475 84.4240293052 92.0210474846 178.484317353 183.315442874 193.697302809 197.519956808 3.60717486486
-9999.0 -9999.0 -9999.0 -9999.0 -9999.0 -9999.0 -9999.0 -9999.0 -9999.0 -9999.0 -9999.0 -9999.0 -9999.0 23.8717920015 48.2819613925 73.1003004355 116.630881541 22.5386564969 19.754293671 147.330199477 164.8783623 314.283303288 332.714495201 50.1207146383 16.7244952663 15.1559800415 13.854848024 485.830231948 494.787340658 503.21149324 510.131611056 523.032933641 76.2282548079 82.5636591223 631.465960248 13349.4708443 38.24455732 32.2732344725 16.1673557512 4.0222837439 3.4016165189 24.6022296975 27.4961989099 42.5165094313 3.07046291978 109.170019277 14.2492967251 13.8553483485 2.74460759845 1.95707849304 1.78268509132 2.02962397228 1.84374286249 199.436799453 2593.80961271
-9999.0 -9999.0 -9999.0 -9999.0 -9999.0 -9999.0 -9999.0 -9999.0 -9999.0 -9999.0 -9999.0 -9999.0 -9999.0 -9999.0 23.5387732029 46.7362547708 67.547954162 88.2880188968 108.079007792 128.782338515 57.0954382974 96.2560966778 17.754132399 16.7906192784 411.962308816 443.166691179 457.527442113 473.805719565 11.6008177649 20.422929635 52.3482892247 62.1081454614 69.716276984 7.70083203434 6.9476430164 13367.8097612 6.2377971156 10.3862693237 5.20219830214 14.9471891586 7.05160517984 4.44739253084 74.3581605346 78.4172173546 2.52136165926 112.245113939 129.586845478 17.053674044 2687.66824105 2682.40855044 2677.86144808 2668.90902599 2665.18406398 2603.37736735 2600.77699003
-9999.0 -9999.0 -9999.0 -9999.0 -9999.0 -9999.0 -9999.0 -9999.0 -9999.0 -9999.0 -9999.0 -9999.0 -9999.0 -9999.0 5.44298014321 12.273772919 20.640950642 189.3698077 208.688004193 19.9315337839 19.0058467691 18.9476981089 344.534222465 380.656809724 17.1434764576 17.2857324063 12.5353056447 52.1090105868 64.7842035181 33.7915518129 42.1922396922 309.07836642 317.794337117 335.85574749 521.030745983 13892.7506745 6.37246380939 4.06847292938 21.809999437 18.3491884925 3.1831837927 11.2026943263 14.6654235032 82.4920510601 85.9546951764 221.987277715 130.827266389 18.3986927811 2749.45352888 29.1072393825 2674.04485662 2671.68135377 58.3108316244 2.54861956883 4.3007273778
-9999.0 -9999.0 -9999.0 -9999.0 -9999.0 -9999.0 -9999.0 -9999.0 -9999.0 -9999.0 -9999.0 -9999.0 -9999.0 -9999.0 28.3785037816 46.3523898878 95.6248472487 167.890965476 227.873133249 271.754181898 290.525907173 310.012905502 328.702730137 17.3506379817 14.821528082 28.7318767472 26.2892881702 13.6022014401 270.588182211 282.733772713 294.059751288 304.668369126 157.142550511 165.906361017 176.890798181 13896.0840683 11.3176371844 11.8029779325 35.8782186861 2.94193998069 7.54715374799 4.19221128625 3.11205971318 18.1495962517 2.56330250519 2.80876713522 2987.81641269 2763.91299901 2761.0403005 12.6124738935 26.8928918115 16.6648357677 3.47837635334 52.0792568949 13.3885654829
-9999.0 -9999.0 -9999.0 -9999.0 -9999.0 -9999.0 -9999.0 -9999.0 -9999.0 -9999.0 -9999.0 -9999.0 -9999.0 -9999.0 19.7656040272 18.3176124681 35.7801344592 54.6614778596 22.7030911227 23.3363617215 42.5450413506 60.927445367 94.1901090064 110.807061783 124.786115333 168.222304395 180.740319528 194.564000436 12.2973985775 123.92885341 133.728575821 142.514438536 6.94369617887 3.34035967514 5.51832822131 14064.1511834 14067.1453195 14085.0776965 43.7777004349 5.78274308265 11.3138250801 3.15812024663 5.40174086863 20.6815422626 25.327605355 4.90283552688 3000.84835844 4.61988843587 6.78655815412 7.37472687601 5.95999847572 10.2448269735 4.15800812682 35.7602446423 26.9545074755
-9999.0 -9999.0 -9999.0 -9999.0 -9999.0 -9999.0 -9999.0 -9999.0 -9999.0 -9999.0 -9999.0 -9999.0 -9999.0 -9999.0 -9999.0 17.216851752 33.9881183778 16.9086353238 34.707447046 214.38470637 231.781907585 248.87934879 16.7814578593 16.754530741 30.6816955499 45.0353762821 68.6381793102 81.2891392423 89.1676088439 100.323269058 8.85177586986 7.46216509855 148.835703008 152.858538036 155.798007041 159.2385969 127.98121264 14226.7637136 14290.7717791 14292.5426131 14305.1687592 14316.3233957 14323.7400162 2.21312558266 27.3909351218 3002.91995628 5.40728478156 2.79708898343 3.671563054 3.54810497207 5.85147464764 4.89588981697 2.98405329974 4.92953930799 4.29733563534
-9999.0 -9999.0 -9999.0 -9999.0 -9999.0 -9999.0 -9999.0 -9999.0 -9999.0 -9999.0 -9999.0 -9999.0 -9999.0 -9999.0 -9999.0 -9999.0 50.3738736102 68.0513688637 121.16540094 160.795691122 20.9931229536 289.875277519 305.720607875 320.305051512 14.0212141785 27.2465898429 11.4518573232 89.7274164941 95.9015970816 106.166651392 116.698946761 139.531358775 143.881874083 2.56232378215 114.250739329 120.985870044 124.708537855 138.533378365 17.3792976749 10.8942671063 6.33369211827 5.84418655387 14330.9776136 14334.3437423 14378.3695445 3004.9064906 15.6198693377 8.34325590778 5.70171290891 1.50848158641 16.2496533423 8.34465766553 2.49366264517 13.8968762383 11.9139193372
-9999.0 -9999.0 -9999.0 -9999.0 -9999.0 -9999.0 -9999.0 -9999.0 -9999.0 -9999.0 -9999.0 -9999.0 -9999.0 -9999.0 -9999.0 -9999.0 18.1679031449 85.8954058154 104.716975523 21.8479432212 17.7170166329 36.3255044003 52.5474709059 388.090703246 13.7226183712 55.5203581465 67.5674637046 79.340005371 6.89080114306 15.8049705364 20.1044762289 91.0557725007 101.29132372 104.840313317 3.66473498091 3.0322131773 3.56841344137 6.63306153314 2.68003722406 2.63842920899 4.47915608528 3.28268091653 4.35427290999 14.6839994512 14382.2464059 17396.4850389 19.9365138056 3.07626229238 1.79645644924 49.5546685272 46.1261597629 27.0881293618 24.1938554879 17.8254222102 4.61788732894
-9999.0 -9999.0 -9999.0 -9999.0 -9999.0 -9999.0 -9999.0 -9999.0 -9999.0 -9999.0 -9999.0 -9999.0 -9999.0 -9999.0 -9999.0 15.0393484944 49.5995429952 16.4319852728 21.0523330395 19.798862799 37.5953120192 55.0249255478 71.1136999249 474.798349765 487.547828716 13.2627926676 25.1195252684 37.1678705603 45.1232169452 53.5729649695 79.1922114684 87.4723195988 5.71602114842 4.15541150912 2.91163779905 3.79420698314 4.14097973796 4.55722026295 3.72465232205 4.62452704626 17.2430510889 7.85325313031 4.37435815248 4.23972215511 3.57063360187 6.49398336515 17562.1386952 144.403795704 60.545559378 6.12445070432 2.72543296676 1.96845755037 6.4143578208 4.23562327117 2.06229333545
-9999.0 -9999.0 -9999.0 -9999.0 -9999.0 -9999.0 -9999.0 -9999.0 -9999.0 -9999.0 -9999.0 -9999.0 -9999.0 -9999.0 15.6846090381 30.5803262754 111.601498503 16.1179745225 41.2913403009 60.0820047068 76.8990396786 17.9945822772 32.8808655355 49.5888305428 551.48339322 12.2554025968 23.1082923944 34.2829553015 10.0633420773 19.6968612721 24.5062986532 31.4238155759 935.047892504 944.401882038 952.458416757 998.120275847 1009.60015096 1041.36922048 8.26364937107 17.4331801695 21.1069206984 1138.08090328 1145.52058732 3.83384956284 6.12772769901 8.33626548842 17564.474284 139.507537706 69.7295510224 66.2693948524 48.8832857761 41.2912371795 8.50589285437 2.18584784664 3.70676078977
-9999.0 -9999.0 -9999.0 -9999.0 -9999.0 -9999.0 -9999.0 -9999.0 -9999.0 -9999.0 -9999.0 -9999.0 -9999.0 -9999.0 15.9788849174 48.5816753112 176.150392908 260.870056971 14.4381794451 343.821254226 436.533587499 16.0977199785 30.3573832543 46.4401133997 684.190190939 697.58509644 10.1768196172 54.9477375725 64.1614109694 71.616686683 869.916099084 887.476385952 899.545228393 5.91973449535 32.1142166842 38.7007536263 17.0356895916 24.2648322402 1074.4726729 1102.67530002 1108.51733212 1113.96658408 1151.55025001 2.94042791001 2.61470707806 13.1316257853 17567.6305019 5.61857474122 5.88864463601 14.6181514434 5.14888801279 36.9122018459 30.0396898181 17.8612945131 12.3691671058
-9999.0 -9999.0 -9999.0 -9999.0 -9999.0 -9999.0 -9999.0 -9999.0 -9999.0 -9999.0 -9999.0 -9999.0 -9999.0 -9999.0 -9999.0 -9999.0 34.3660042359 69.499261116 310.089325837 327.844878849 452.010837324 468.245159954 15.7061505184 31.4270739192 73.0047507894 711.834928234 734.921773464 743.931625281 7.26173287494 775.307672416 792.966249225 11.8398975613 5.97643839197 10.8140341849 21.432449297 5.45062363566 10.8721466967 22.4827667739 28.4665210101 5.9443139998 3.79888251666 7.4253051571 1177.26892604 1184.41562772 1186.53921439 1206.17877049 17570.2204176 4.13825589559 4.11871974368 3.46604526044 3.27599769064 3.40781003733 2.74429748014 4.93832792454 1.86663568399
-9999.0 -9999.0 -9999.0 -9999.0 -9999.0 -9999.0 -9999.0 -9999.0 -9999.0 -9999.0 -9999.0 -9999.0 -9999.0 -9999.0 -9999.0 -9999.0 18.1158753737 17.7179755016 17.5074572187 35.2679898958 15.6284453753 499.247214531 513.827801264 14.49906126 28.0793067372 13.846556948 11.4000698134 10.9802148738 761.832434674 5.69414031129 12.0003810428 6.23586886164 5.69138588188 5.19698652133 3.94741517845 4.16349312597 13.0239896375 18.039828778 3.44085336422 2.97329360344 6.69252713916 11.5299339792 14.1099447724 3.39254055574 1190.37908261 1208.4528176 17571.8969913 14.4288612729 7.294370858 1.55145508461 4.39327635916 1.16095773268 0.814940469695 5.87597762892 9.01976931024
-9999.0 -9999.0 -9999.0 -9999.0 -9999.0 -9999.0 -9999.0 -9999.0 -9999.0 -9999.0 -9999.0 -9999.0 -9999.0 -9999.0 -9999.0 -9999.0 -9999.0 -9999.0 17.4679680399 51.309841644 65.5844468773 80.7419322853 528.421125147 542.661946923 556.701588893 571.79416688 582.365990339 604.501536397 609.879716128 615.054712061 619.235861852 4.60751289941 4.30861306446 4.77473434644 17.3456558244 4.79665045671 4.60777334698 3.37740402892 10.0173034444 4.25858153509 3.18095993897 2.88540805937 2.39068133765 4.76805610343 6.94686186668 1222.80513456 18810.8298926 2.85442940694 5.72276049924 1.10977223203 6.37039377834 4.06786420243 1.64073243443 21.5826317828 14.4498045805
-9999.0 -9999.0 -9999.0 -9999.0 -9999.0 -9999.0 -9999.0 -9999.0 -9999.0 -9999.0 -9999.0 -9999.0 -9999.0 -9999.0 -9999.0 -9999.0 -9999.0 -9999.0 -9999.0 14.5927683859 115.486183409 227.815954132 243.559208452 18.6927118658 33.1503765395 46.3818309972 57.1045595346 130.045407479 134.819074093 4.64058148248 4.58176192193 628.38780742 636.578241027 640.386579727 20.385993192 2.84818637354 7.73035328523 11.2254490688 33.8066376597 41.6574567981 47.661169284 5.36746102742 7.39109872827 2.54361874157 5.07252641726 2.71148586944 18815.0234087 2.59685902349 10.702176453 3.82724696325 11.3226865089 28.8436737738 31.7219851853 54.6053386329 13.1469206535
-9999.0 -9999.0 -9999.0 -9999.0 -9999.0 -9999.0 -9999.0 -9999.0 -9999.0 -9999.0 -9999.0 -9999.0 -9999.0 -9999.0 -9999.0 -9999.0 -9999.0 -9999.0 16.2422756211 51.6878645297 101.170145271 132.189566276 338.762696456 355.576368867 27.8817126908 41.3107723164 52.5228636156 63.2959809193 139.582731122 148.917229199 253.196615169 260.265871463 264.05575694 644.481920854 675.826780452 7.31619228551 5.20001978035 4.91205875992 9.46182260488 4.30183441197 55.9134431082 58.7268614732 9.68820211897 11.6963520685 2.39784058844 3486.07777411 3491.98316766 22309.8060641 22323.4717056 2.72270539337 16.945479389 6.61982163585 4.80833739862 62.0859547197 77.2049420987
-9999.0 -9999.0 -9999.0 -9999.0 -9999.0 -9999.0 -9999.0 -9999.0 -9999.0 -9999.0 -9999.0 -9999.0 -9999.0 -9999.0 -9999.0 -9999.0 -9999.0 -9999.0 -9999.0 18.4553947452 17.9274352029 33.9232669929 80.6316711468 370.22663802 14.3403468752 14.1139316065 25.1360762097 36.5385539484 85.7040266275 92.0489085698 4.44087498537 5.02842177486 269.765137447 274.438859951 953.828990799 957.04542934 2.50614876338 2.14504808247 1.78933748954 1.81038332951 2.03056559502 3436.09723677 3453.80827511 3467.67174824 3472.13558472 3484.12683185 3.22796361047 11.6301952353 14.183967603 22342.6971011 22343.7199904 22344.40445 22345.3154208 22346.1831269 79.7262170715
-9999.0 -9999.0 -9999.0 -9999.0 -9999.0 -9999.0 -9999.0 -9999.0 -9999.0 -9999.0 -9999.0 -9999.0 -9999.0 -9999.0 -9999.0 -9999.0 -9999.0 -9999.0 -9999.0 -9999.0 16.4686589063 17.2222632423 32.0115612656 432.613941172 447.501845135 13.7083186438 24.7016103664 36.4636570146 44.0132458613 6.2084838766 11.7806824404 900.604967954 905.053090871 908.776128096 941.69247564 1902.18484862 3325.88043571 3332.02720165 3337.67769613 3342.99439306 3366.83052536 3374.72644264 15.3979329877 6.79148745782 4.34465469079 8.07481567961 5.75083278764 9.26625597971 2.93911886371 62.9069332591 72.917230329 80.7272379361 81.7971341534 22346.4738267 22427.2816783
-9999.0 -9999.0 -9999.0 -9999.0 -9999.0 -9999.0 -9999.0 -9999.0 -9999.0 -9999.0 -9999.0 -9999.0 -9999.0 -9999.0 -9999.0 -9999.0 -9999.0 -9999.0 -9999.0 -9999.0 -9999.0 16.8044246976 32.22564163 47.7094254496 460.088943086 13.6674250485 618.097748705 630.149668035 635.920239165 641.562589619 876.583710397 883.096005755 5.04199616919 24.6910587885 30.0217285107 5.42258041985 1417.6163932 1407.97009337 2.91086454975 6.94943473777 19.1786718554 4.3479200253 4.78342463758 3.42363146621 2.89771095506 2.12634743596 2.66795544896 53.5696882041 56.4708419696 60.0778805198 7.35482344839 5.55343655166 84.8897865413 86.7918761496 87.5502661218
-9999.0 -9999.0 -9999.0 -9999.0 -9999.0 -9999.0 -9999.0 -9999.0 -9999.0 -9999.0 -9999.0 -9999.0 -9999.0 -9999.0 -9999.0 -9999.0 -9999.0 -9999.0 -9999.0 -9999.0 -9999.0 15.3517142535 14.4261332755 74.8275102448 564.523902956 592.891132364 607.500816655 12.1349412782 220.380293101 226.240615447 229.006741278 5.82880144348 11.6493515126 16.8059193186 333.979688317 337.842412487 341.173889958 1401.73839409 864.333951499 3.9913253515 4.19348384942 3.96256783909 3.03269141876 31.4784886312 38.2287145252 43.9986500825 47.3905723808 50.6294371803 321.681217668 323.779147089 325.770277786 330.357072132 357.311796769 358.368134366 447.045287632
-9999.0 -9999.0 -9999.0 -9999.0 -9999.0 -9999.0 -9999.0 -9999.0 -9999.0 -9999.0 -9999.0 -9999.0 -9999.0 -9999.0 -9999.0 -9999.0 -9999.0 -9999.0 -9999.0 -9999.0 -9999.0 -9999.0 30.1089927434 45.9993731204 16.0404913017 13.7632560139 180.716238298 193.251294501 201.502332938 69.7095392806 74.4267592512 79.5859630533 84.634422009 325.084041258 330.643445028 184.234475469 529.877139002 533.995660706 861.232968805 8.20718882531 4.16139103316 2.73063767767 21.5907004792 25.4808256353 2.2954641212 2.11808406173 310.434049779 316.388832094 319.529114931 2.36039885925 3.36607335705 353.201439577 2.51478958523 9.81617689933 10.671587804
-9999.0 -9999.0 -9999.0 -9999.0 -9999.0 -9999.0 -9999.0 -9999.0 -9999.0 -9999.0 -9999.0 -9999.0 -9999.0 -9999.0 -9999.0 -9999.0 -9999.0 -9999.0 -9999.0 -9999.0 -9999.0 -9999.0 15.1267323979 29.9472714979 124.78913005 140.846864123 155.224572201 54.9045487692 64.6126456665 5.84344593877 225.476399737 230.453148038 235.226638071 5.06776523384 174.059680228 179.864318775 4.21548255042 839.738701261 9.32451938812 4.57430284382 11.6865766839 15.8641992099 3.08253358447 2.39850299977 281.385504448 304.994533435 308.681378886 3.62573959221 7.62314015862 9.48115422457 11.1238443146 21.5617190358 3.5369480751 8.15238301278 1.49273756032
-9999.0 -9999.0 -9999.0 -9999.0 -9999.0 -9999.0 -9999.0 -9999.0 -9999.0 -9999.0 -9999.0 -9999.0 -9999.0 -9999.0 -9999.0 -9999.0 -9999.0 -9999.0 -9999.0 -9999.0 -9999.0 -9999.0 15.0083154888 47.1081387266 80.5447870479 17.0336530974 29.937936613 43.373073807 202.518338602 209.736877117 214.841792833 4.34430005628 144.737072959 159.552718341 164.510840154 3.10654686508 821.446713453 831.541136751 4.73731304001 4.25292941508 8.60131856266 3.44186420557 264.378470568 270.61154147 274.531652434 14.8375982066 18.5408634654 3.1502431808 5.60060052279 2.47680183634 16.7834513274 2.6503517958 2.15252697986 2.30279539265 2.41331412372
-9999.0 -9999.0 -9999.0 -9999.0 -9999.0 -9999.0 -9999.0 -9999.0 -9999.0 -9999.0 -9999.0 -9999.0 -9999.0 -9999.0 -9999.0 -9999.0 -9999.0 -9999.0 -9999.0 -9999.0 -9999.0 -9999.0 -9999.0 16.4398650608 17.3220616751 17.0620328366 140.922155025 153.851982443 191.406307446 8.12803606447 124.571737011 136.707515623 4.91373042118 10.5907577961 3.9144042896 810.011287133 4.65697250024 12.336960852 15.5488518548 18.3465671478 242.87358153 254.228461724 258.4526438 4.25808732293 7.9319020211 11.1880737917 1.9453048715 1.74761363792 756.503007214 758.323429778 759.769905152 776.8681318 778.913793669 781.800302326 783.597954571
