data/baseflow/mHMbf_acc333.asc
ncols                  80
nrows                 72
xllcorner      4374000.0
yllcorner      5656000.0
cellsize            500
NODATA_value       -9999
[rows 0 to 23 of 72, columns 0 to 54 of 80]
-9999.0 -9999.0 -9999.0 -9999.0 -9999.0 -9999.0 -9999.0 -9999.0 -9999.0 -9999.0 -9999.0 -9999.0 10.7884345188 16.6435721289 -9999.0 -9999.0 -9999.0 -9999.0 -9999.0 -9999.0 -9999.0 -9999.0 -9999.0 -9999.0 -9999.0 -9999.0 -9999.0 -9999.0 -9999.0 -9999.0 -9999.0 -9999.0 -9999.0 -9999.0 -9999.0 -9999.0 -9999.0 -9999.0 -9999.0 -9999.0 -9999.0 -9999.0 -9999.0 -9999.0 -9999.0 -9999.0 -9999.0 -9999.0 -9999.0 -9999.0 -9999.0 -9999.0 -9999.0 -9999.0 -9999.0
-9999.0 -9999.0 -9999.0 -9999.0 -9999.0 -9999.0 -9999.0 -9999.0 -9999.0 -9999.0 -9999.0 -9999.0 18.0804123133 60.31011804 14.1779349713 -9999.0 13.7582551831 -9999.0 -9999.0 -9999.0 -9999.0 -9999.0 -9999.0 -9999.0 -9999.0 -9999.0 -9999.0 -9999.0 -9999.0 -9999.0 -9999.0 -9999.0 -9999.0 -9999.0 -9999.0 -9999.0 -9999.0 -9999.0 -9999.0 -9999.0 -9999.0 -9999.0 -9999.0 -9999.0 -9999.0 -9999.0 -9999.0 -9999.0 -9999.0 -9999.0 -9999.0 -9999.0 -9999.0 -9999.0 -9999.0
-9999.0 -9999.0 -9999.0 -9999.0 -9999.0 -9999.0 -9999.0 -9999.0 -9999.0 -9999.0 6.89936974983 6.66962150821 6.98907860887 6.82566563535 73.1733509977 85.3725526471 39.4852956405 12.8718586249 -9999.0 -9999.0 -9999.0 -9999.0 -9999.0 -9999.0 -9999.0 -9999.0 -9999.0 -9999.0 -9999.0 -9999.0 -9999.0 -9999.0 -9999.0 -9999.0 -9999.0 -9999.0 -9999.0 -9999.0 -9999.0 -9999.0 -9999.0 -9999.0 -9999.0 -9999.0 -9999.0 -9999.0 -9999.0 -9999.0 -9999.0 -9999.0 -9999.0 -9999.0 -9999.0 -9999.0 -9999.0
-9999.0 -9999.0 -9999.0 -9999.0 -9999.0 -9999.0 -9999.0 -9999.0 -9999.0 6.69983206316 13.5744798014 26.9159674909 13.4412073218 6.52184561608 12.7576504415 91.5923976882 158.967321873 13.7711235946 -9999.0 6.65015146741 -9999.0 -9999.0 -9999.0 -9999.0 27.2753087723 13.874181312 -9999.0 -9999.0 -9999.0 -9999.0 -9999.0 -9999.0 -9999.0 -9999.0 -9999.0 -9999.0 -9999.0 -9999.0 -9999.0 -9999.0 -9999.0 -9999.0 -9999.0 -9999.0 -9999.0 -9999.0 -9999.0 -9999.0 -9999.0 -9999.0 -9999.0 -9999.0 -9999.0 -9999.0 -9999.0
-9999.0 -9999.0 -9999.0 -9999.0 -9999.0 -9999.0 -9999.0 -9999.0 7.61337952214 21.4036529236 27.8708242578 34.3979687061 46.6327718445 6.10057086346 24.2936879461 30.2456072875 210.254088068 8.42588487695 5.91938304376 12.5586683749 18.2587717352 5.93366981219 -9999.0 69.2741501734 56.5606989189 15.0108123156 -9999.0 -9999.0 -9999.0 -9999.0 -9999.0 -9999.0 -9999.0 -9999.0 -9999.0 -9999.0 -9999.0 -9999.0 -9999.0 -9999.0 -9999.0 -9999.0 -9999.0 -9999.0 -9999.0 -9999.0 -9999.0 -9999.0 -9999.0 -9999.0 -9999.0 -9999.0 -9999.0 -9999.0 -9999.0
-9999.0 -9999.0 -9999.0 -9999.0 -9999.0 -9999.0 7.69216562173 6.99670403276 6.66455210563 6.77332606408 6.85195754686 48.2176107361 101.380215686 107.814974629 111.777887693 3.12353612263 220.685877632 226.56390387 11.7940292024 5.80986359988 23.8457737545 41.317285477 7.63052180243 94.3257026946 6.61823566889 8.08078394384 6.81928635811 -9999.0 -9999.0 -9999.0 -9999.0 -9999.0 -9999.0 -9999.0 -9999.0 -9999.0 -9999.0 -9999.0 -9999.0 -9999.0 -9999.0 -9999.0 -9999.0 -9999.0 -9999.0 -9999.0 -9999.0 -9999.0 -9999.0 -9999.0 -9999.0 -9999.0 -9999.0 -9999.0 -9999.0
-9999.0 -9999.0 -9999.0 -9999.0 -9999.0 -9999.0 15.2619066337 22.4173091869 50.424464887 70.1731440502 6.1560805592 6.33160155826 6.07826150799 17.8755196001 135.058094046 4.270713068 232.151545514 253.877237636 17.2383046006 11.1199203298 46.6569709996 5.75214579182 99.9407675427 11.9645875216 6.1581049903 14.0657517036 13.3001906343 6.12478796576 6.14469065728 6.01315735148 6.26292421926 12.5566435176 -9999.0 -9999.0 -9999.0 -9999.0 -9999.0 -9999.0 -9999.0 -9999.0 -9999.0 -9999.0 -9999.0 -9999.0 -9999.0 -9999.0 -9999.0 -9999.0 -9999.0 -9999.0 -9999.0 -9999.0 -9999.0 -9999.0 -9999.0
-9999.0 -9999.0 -9999.0 -9999.0 -9999.0 8.22030199032 15.8782601707 7.52789013884 14.6100316908 77.3714172549 90.3903319235 103.250926841 330.795497228 5.9039244849 141.003271806 517.724056264 521.762430305 782.728380898 4.44265132353 16.4754445791 52.0353992043 5.33223951506 168.027357777 62.6239658344 39.528446132 33.5429861967 6.56594488061 18.1873186962 17.919459578 11.9501284052 5.75529684097 18.4949219818 5.66485157322 5.59574404564 -9999.0 -9999.0 -9999.0 -9999.0 -9999.0 -9999.0 -9999.0 -9999.0 -9999.0 -9999.0 -9999.0 -9999.0 -9999.0 -9999.0 -9999.0 -9999.0 -9999.0 -9999.0 -9999.0 -9999.0 -9999.0
-9999.0 -9999.0 -9999.0 -9999.0 -9999.0 8.28763631884 23.976502471 47.6025622368 54.777318138 108.441121051 115.196489518 136.35898901 221.588936009 348.862628419 361.191163834 366.97031311 10.3289804067 801.342779307 810.771248023 837.793387788 1079.68579791 184.41870594 173.685603471 45.1292533261 5.47353507313 35.9573883352 24.1692668887 5.60141173047 23.30584367 5.17947563471 10.6991956442 29.3926370365 34.8729402882 11.0157723694 5.42381600374 5.34075793215 -9999.0 -9999.0 -9999.0 -9999.0 12.3295502744 11.1012230224 -9999.0 -9999.0 -9999.0 -9999.0 -9999.0 -9999.0 -9999.0 -9999.0 -9999.0 -9999.0 -9999.0 -9999.0 -9999.0
-9999.0 -9999.0 -9999.0 -9999.0 -9999.0 7.99371960314 7.579904652 31.8330927166 39.1316872332 46.6936552548 7.19546991769 14.2479138426 80.7401088355 14.7312784514 6.75974314021 6.2554538665 5.65393924629 6.33158809592 6.0200309396 6.07851532059 1085.40065024 1101.46929861 5.24647337262 16.0575323936 10.8852133012 41.4091632568 11.3700020718 5.66165458313 28.858885856 10.0770916232 24.054549568 61.0374640238 56.6843992248 16.411674227 16.162997209 5.44534169406 5.43047108387 -9999.0 -9999.0 5.475052431 23.3742922324 57.8264240356 11.7886010234 -9999.0 -9999.0 -9999.0 -9999.0 -9999.0 -9999.0 -9999.0 -9999.0 -9999.0 -9999.0 -9999.0 -9999.0
-9999.0 -9999.0 -9999.0 -9999.0 -9999.0 -9999.0 8.3352482901 8.41097532488 15.8454452566 23.4574657876 52.217076273 66.8260474462 74.2230078359 8.07379258861 6.12201203573 81.4103807446 99.9006882845 105.759469324 129.892388469 135.497303314 5.53124798772 1107.02822002 1131.69340862 19.2820856749 1.27263982338 45.2052130157 101.608159216 39.9381360948 10.0561234578 4.98222365446 94.7638792553 66.1202320572 5.01941648491 5.0580385816 21.3616694521 16.0062738412 5.2990112554 5.49762197978 5.31662448687 10.6806779495 5.17827034252 70.2845579281 75.552378565 5.51715953256 -9999.0 -9999.0 -9999.0 -9999.0 6.14878974779 5.90924347345 1.4057089293 -9999.0 -9999.0 -9999.0 -9999.0
-9999.0 -9999.0 -9999.0 -9999.0 -9999.0 -9999.0 -9999.0 8.14512646838 6.32277532914 14.1352573548 21.7448267938 7.37124755348 6.78723516066 42.3760112604 55.7763720646 69.3324752937 6.34901025348 12.4100733044 6.127492149 141.217462914 336.739740942 348.46216782 1494.92631121 5.11405398267 4.1920160531 1.26441312294 106.827165738 5.04923934266 15.1465893967 4.93286784309 99.7072984274 104.611036851 10.0511259479 9.91849748109 53.0589028122 26.514907867 10.9681406127 5.44201511259 10.6283441881 15.9096160577 26.1084698473 5.11719315384 86.7556241682 92.4212860576 5.22582197766 5.20542623311 5.78751546159 5.51998804815 5.35560450615 17.4911766049 5.88450733342 3.60915077815 -9999.0 -9999.0 -9999.0
-9999.0 -9999.0 -9999.0 -9999.0 -9999.0 -9999.0 -9999.0 -9999.0 14.7487635475 20.4610186387 7.30882000411 14.878169666 21.8991038892 36.0368889303 7.25603649688 6.89487294978 6.00827786169 6.09465963859 5.62311317352 184.009141004 6.15541818437 12.051948702 1520.3594314 1539.98685235 6.85754767653 17.6158499025 129.495113969 9.85623912357 19.7158791959 9.39858568319 13.9988125428 123.925836135 14.6860973678 77.204662758 62.6472466695 4.82761312098 26.3477967661 10.4675588944 15.5755090759 4.99085201005 31.4817091399 42.0424334502 47.1263862031 52.0626025793 112.31053387 9.8796229731 10.6956111677 10.2442016903 9.88056541442 22.2328956996 4.59652008845 13.9887325654 17.9331129166 -9999.0 -9999.0
-9999.0 -9999.0 -9999.0 -9999.0 -9999.0 -9999.0 -9999.0 -9999.0 7.91078814057 36.0773648682 43.1992656688 7.13407350423 13.9766059298 6.83611009488 6.41465327486 6.29421287408 78.8519583533 105.665300133 136.812523914 171.400732218 8.48476775336 6.00783943829 6.58950471619 1579.72738674 1606.16204124 1615.08026403 176.248750716 39.8220631749 34.5220864826 4.74223583851 18.4186268974 146.901481436 4.50380560958 81.8106894724 4.74290410643 33.5647009106 31.4538690837 4.95210361063 20.4853849557 9.8735110997 14.6996588025 5.03824233358 4.72325751875 56.9644278315 61.6425248713 116.976839861 15.584403736 15.0124507064 14.5492877594 27.0170851589 36.2507252056 4.59601536464 21.9552961365 4.13255550456 7.91290723706
-9999.0 -9999.0 -9999.0 -9999.0 -9999.0 -9999.0 -9999.0 -9999.0 -9999.0 8.09106211913 50.669255855 57.6881218459 20.8729922228 34.5837611763 47.4940115989 54.0103310679 6.64440322117 20.7227202924 13.404895213 6.73532402967 6.61143771776 6.00532537238 12.04529455 20.9964265867 10.113697932 1811.62942784 1818.84155319 6.71797429232 4.87635578144 9.25146927512 13.7440316044 160.358053026 8.96283861093 86.1630804331 51.0901867765 42.1155294466 4.78809241272 9.63811701232 25.079862993 4.57204106212 19.1928566538 9.6539755301 6.87591207767 1.540499415 69.2687065781 190.445151887 19.5564661884 19.0097990814 18.6129904177 4.00891311986 40.2334221946 3.91689888521 30.1816030851 3.72283339853 11.6765627108
-9999.0 -9999.0 -9999.0 -9999.0 -9999.0 -9999.0 -9999.0 -9999.0 -9999.0 -9999.0 7.05205996051 71.9134013548 6.86608954697 13.735274293 20.0424221289 32.7656550105 6.58428400337 14.0168493165 6.71087633228 6.45692634547 6.08459221766 12.2149280582 5.5476783721 6.27869388044 13.7347810101 8.42133971697 1828.26728644 1843.44600363 1863.133967 18.8723538177 4.39193314042 8.74810158693 164.838711892 159.537465649 60.3706464111 4.56414517198 19.0300311593 14.3153703319 29.6887610038 9.15744005458 37.9430658997 14.1804912081 10.5583391552 0.424091620639 1.66271854701 194.736129395 199.225763448 241.955030559 30.9843142718 8.20067286409 44.485542099 52.5276287287 86.4235317082 7.40809086868 3.48679124554
-9999.0 -9999.0 -9999.0 -9999.0 -9999.0 -9999.0 -9999.0 -9999.0 -9999.0 -9999.0 -9999.0 3.51957636077 78.918339974 6.59770472661 12.8252566278 58.7868471193 7.08368509238 7.04508647795 6.07719442602 12.5891531851 6.02075514893 24.2872708028 35.5875202595 41.0673198436 19.1872018136 25.6765842327 7.25080561183 7.68907443808 8.42126535213 1896.33537992 1910.79210555 169.071107973 167.851248633 163.756577214 8.67428060278 4.25459195022 23.3755005178 61.8272610403 34.1169463416 13.5579904772 55.8877114697 16.8017783445 12.573383927 0.81411555085 0.373587399288 0.496854290362 0.956266514077 247.524446984 290.319729725 3.89526325117 3.73180448682 3.83888624364 90.0560880325 100.722009556 6.15694018366
-9999.0 -9999.0 -9999.0 -9999.0 -9999.0 -9999.0 -9999.0 -9999.0 -9999.0 -9999.0 -9999.0 3.41110516798 86.9973276396 107.54347933 6.27773214395 71.4667516577 6.62410015392 6.12394237544 11.84406703 30.2938870429 5.7803043308 6.0347808811 5.44151182133 52.1984570828 57.3488453571 88.5017068287 100.310518377 105.105310216 111.703028018 117.801758292 2036.83367639 2216.49328254 2395.32744163 2402.96576572 4.98702251851 4.2865322718 70.5390228097 66.2233730919 4.33893880031 4.26101192587 59.91229979 81.1458756916 3.32742573637 25.8678543478 24.3010966683 2.07892913964 1.48649306653 2.4760462704 4.00951337019 298.531744516 4.10989794308 10.9486927027 14.525689091 122.020570732 128.533142964
-9999.0 -9999.0 -9999.0 -9999.0 -9999.0 -9999.0 -9999.0 -9999.0 -9999.0 -9999.0 -9999.0 7.44817639478 14.2325430259 114.169357145 126.33210837 6.24157681216 90.1923629513 5.58616943612 16.9440032797 35.7316758906 11.2283844738 5.42950365543 11.3980522619 5.26629332027 9.90000687076 4.60613157408 3.66222136062 1.95365660658 1.34176421146 1.09693771414 1.04733069568 2.10332797682 3.78984314163 6.56004653814 2421.90640779 91.5719398982 81.7230179784 5.26974648548 12.7080823753 2.93714596497 2.42055670022 85.3048505927 123.39293036 30.4450038051 23.5233337285 1.12714137958 0.478224235321 0.428427362142 3.44831211526 306.234283688 314.709558013 4.33426637232 4.32726890621 1.95301597258 0.381868763881
-9999.0 -9999.0 -9999.0 -9999.0 -9999.0 -9999.0 -9999.0 -9999.0 -9999.0 -9999.0 -9999.0 -9999.0 6.40971433653 88.2802491431 220.883716441 239.928824496 337.351269074 349.313520741 86.0159333394 58.0079280416 16.7645706872 5.36775118267 21.9950989257 27.2285262304 41.8089637996 9.4064184835 8.16289915514 6.52371335151 12.2896586253 5.45570668484 4.94688503164 2.09844288317 0.417634665565 0.859215193062 2427.3749769 2522.55090833 2530.05774952 5.68056821721 37.5106769379 13.8895107643 4.35263795621 137.141156372 9.6439105595 4.95797385945 18.6715125914 2.76458285603 2.75677719103 5.51970387339 8.95901681017 12.9606590482 322.45666232 3.76957772433 3.48553185251 3.47424926497 2.00517442495
-9999.0 -9999.0 -9999.0 -9999.0 -9999.0 -9999.0 -9999.0 -9999.0 -9999.0 -9999.0 -9999.0 7.02463551442 67.5927581991 81.7941827674 13.031213735 3.81211611179 8.6317280687 363.776151451 372.334934895 468.986192041 4.9947911519 10.3185589627 4.67230993551 4.75203642084 46.4352093078 60.4581162447 72.9393494402 4.24099669868 16.5053443985 26.094997012 15.0598998941 6.1389809618 2.89349128233 1.56767088344 2.15685738594 1.59425202173 2536.53820733 2542.48692131 2589.92599135 7.89269418268 4.04495767307 145.161961403 9.93980405482 5.12664581925 5.44988449132 5.39771467084 4.9137790162 7.69991049175 25.3037227449 42.4875437735 368.714346084 3.19854979058 9.57085786348 6.43096649787 4.75551576932
-9999.0 -9999.0 -9999.0 -9999.0 -9999.0 -9999.0 -9999.0 -9999.0 -9999.0 -9999.0 -9999.0 7.21615642691 47.2593147611 7.29609366717 6.37160595763 33.1566450076 38.834424932 44.6821214379 50.122918414 626.596501066 631.012396986 640.505435052 710.418217674 722.916409568 729.062630791 733.85755421 811.900103567 820.151239066 824.336091079 854.368038378 873.949292487 878.033212081 886.539842085 5.41911832847 3.32410249133 0.370194806194 0.901546959803 2547.33397312 2607.72453898 12.4424556591 177.720853252 173.073726287 19.1063650716 4.61632880291 4.71491374868 4.59539307947 4.53316111893 9.13635348167 13.3927182692 4.37293170672 372.433746142 376.27776526 395.791198272 399.21428398 407.238427386
-9999.0 -9999.0 -9999.0 -9999.0 -9999.0 -9999.0 -9999.0 -9999.0 -9999.0 -9999.0 -9999.0 24.6412131881 32.4548335054 14.7967653018 21.775442003 6.8722021967 80.2440596005 86.5596642307 98.9281334416 101.999138626 39.6199376487 686.77890559 690.577279628 2.8537846819 1.40137146409 0.733450524614 2.31079720193 0.931731294678 0.417527526629 0.388815073977 0.732394080166 879.791937222 888.919799466 899.426375717 907.32691517 911.252043001 1.25968349393 0.782997388745 2799.56669065 186.761551113 182.557765143 4.22691589053 4.26766858136 4.04954731676 8.76744414829 8.7017151343 3.91308909468 3.93015371807 3.66786883966 7.96562542489 11.3059987138 3.03005639554 5.531576252 1.67063333058 0.199217410478
-9999.0 -9999.0 -9999.0 -9999.0 -9999.0 -9999.0 -9999.0 -9999.0 -9999.0 -9999.0 -9999.0 -9999.0 16.7978124184 7.64125127879 6.9475644592 67.6614064275 74.295775465 6.55748578509 26.325944085 31.6835306667 35.5469008385 4.56908732396 3.71294414137 99.2239827335 102.216457476 104.602855529 297.386964057 298.355621872 299.186811254 315.128492294 317.929287484 318.285424492 0.372531751364 0.396287178569 0.739589684227 919.248535573 2.20629905045 2837.88635578 2831.37901683 28.204888346 24.0341195651 16.3345485451 4.03054210978 8.13131992739 12.9426172906 12.8692303352 7.72019206389 3.77844438471 7.41531346142 7.22539369837 14.5542723839 1.77050787056 7.12897072285 11.7118821631 12.1204106782
