data/baseflow/mHMbf_acc476.asc
ncols                  80
nrows                 72
xllcorner      4374000.0
yllcorner      5656000.0
cellsize            500
NODATA_value       -9999
[rows 25 to 49 of 72, columns 0 to 54 of 80]
-9999.0 -9999.0 -9999.0 -9999.0 -9999.0 -9999.0 -9999.0 -9999.0 -9999.0 -9999.0 -9999.0 -9999.0 21.3688186445 42.1154397109 19.1362993877 38.4763207837 16.8636866859 131.028397215 163.939492822 181.118858423 15.8492106386 29.2897890152 303.340735917 373.708096597 386.058248673 30.3364169521 28.6225037465 39.2962901657 6.29093041947 5.51587160151 10.4886370075 5.47249727786 492.678005127 498.407086557 505.491763383 3377.43123387 6979.48683595 6924.16940566 8.72459901632 4.24837054238 3.77981694363 14.0674101366 10.9174539193 36.8161448775 53.9453767787 110.046263866 10.0758760075 10.0757160869 92.1767130352 100.325703346 201.095845398 207.570123147 220.023239689 225.392755432 5.36966541115
-9999.0 -9999.0 -9999.0 -9999.0 -9999.0 -9999.0 -9999.0 -9999.0 -9999.0 -9999.0 -9999.0 -9999.0 -9999.0 19.323147757 39.253199339 59.5099489507 95.3753680362 18.9863499719 17.1119655949 130.694726332 146.264810308 277.567465267 293.725336982 44.6310059032 15.4895259849 14.6656032364 13.8944758789 456.635404324 464.766810623 471.310722594 476.646956762 487.341111463 73.5394319227 81.7587010601 596.159143689 10957.7594351 42.5089377406 34.2025141439 14.4349548925 4.15439375251 3.28063128668 21.7482533578 24.7356700703 43.0792013345 2.98210752549 113.699862461 15.6161924617 15.2131633605 2.93618118229 2.41274698394 2.4909369995 3.88135816167 2.80457921833 228.224169643 3294.50178922
-9999.0 -9999.0 -9999.0 -9999.0 -9999.0 -9999.0 -9999.0 -9999.0 -9999.0 -9999.0 -9999.0 -9999.0 -9999.0 -9999.0 19.2441753268 40.171291818 59.5595177519 79.4415865669 96.6151337535 114.478969799 51.2754169084 85.6846003064 15.7731710501 15.1347588549 385.669568692 415.161607074 428.969768177 444.260008153 11.7735905649 20.38448546 52.4290589409 60.4252128711 66.9559605674 8.77980608809 11.7232877182 10986.1400607 8.99976020171 13.1734361211 6.248129676 17.1393408202 7.98321015495 5.3805159066 73.0088660876 79.7678866211 4.09505744562 118.748368597 137.337195208 18.3337274414 3441.14449039 3435.5615089 3430.25050823 3416.44472503 3408.82201563 3309.03373345 3304.35721312
-9999.0 -9999.0 -9999.0 -9999.0 -9999.0 -9999.0 -9999.0 -9999.0 -9999.0 -9999.0 -9999.0 -9999.0 -9999.0 -9999.0 5.27827174155 11.9162278666 19.7161021409 180.129751874 197.573459723 17.8007655368 17.3223548728 17.0213082574 323.574207155 356.251219785 15.824698415 16.1544015237 12.7157101473 52.3583094863 65.2936852828 34.0410186106 41.8321571971 304.89325347 313.608685659 334.292775555 532.643143587 11524.5100185 9.72590131998 5.62807180356 26.4261006296 21.6688289034 4.91696648459 15.6251499278 20.9512583286 85.8472428871 91.6069671454 240.210688784 139.920054937 20.2918094415 3533.11782289 50.8426180648 3424.72883532 3420.8081413 92.5859188927 5.51326941047 5.64208571795
-9999.0 -9999.0 -9999.0 -9999.0 -9999.0 -9999.0 -9999.0 -9999.0 -9999.0 -9999.0 -9999.0 -9999.0 -9999.0 -9999.0 27.1330416073 44.2509049432 91.3157024157 160.079601274 216.429533621 257.241348184 274.284615553 291.790068823 308.754654639 15.827303444 14.4356193831 28.0462434631 26.3342921881 13.5115955163 264.496932198 277.016257363 288.875731158 299.925886469 162.166131476 169.466643466 184.03423815 11529.3098355 16.7005678048 16.5125200444 45.9758627918 4.06657833736 12.3338130414 6.85120999674 4.96020312702 26.8794350132 4.73579291976 4.98307593686 3800.07218785 3555.71541971 3550.53495247 18.4260288536 47.5283612367 29.595286724 6.19848597596 79.7881244623 21.5888591096
-9999.0 -9999.0 -9999.0 -9999.0 -9999.0 -9999.0 -9999.0 -9999.0 -9999.0 -9999.0 -9999.0 -9999.0 -9999.0 -9999.0 18.9251237997 17.3083620045 33.7259595364 51.7991409896 20.8308820548 20.0953981971 37.5918798444 54.6848888708 86.433151293 102.234251038 116.679035688 159.751568877 173.16649642 187.350609802 12.7797573591 130.047449904 140.378173544 148.665305076 6.02109432408 3.41344443122 6.33373357494 11717.8696878 11722.5003898 11749.2464849 57.8310069568 8.4826764249 18.5198335542 4.99661602837 9.20104907586 31.5522517964 40.4247258643 9.25251098917 3823.90428458 8.50303089587 10.4036129504 10.8793957319 10.5276613639 17.3332662613 7.82848815177 53.846379558 40.2776903168
-9999.0 -9999.0 -9999.0 -9999.0 -9999.0 -9999.0 -9999.0 -9999.0 -9999.0 -9999.0 -9999.0 -9999.0 -9999.0 -9999.0 -9999.0 16.1218387198 32.0032951361 16.2484803058 33.7306364674 207.731327267 225.001930472 241.398075564 15.9525208853 15.9932583419 30.3269477893 44.8667175334 70.7008431572 83.9589279101 92.7849065742 104.954871023 9.92713882594 8.03718646809 163.76145853 168.748299011 172.716977907 177.363541297 148.553566166 11916.8377884 12003.7404942 12006.9692394 12028.308798 12046.3788863 12061.474377 5.15441724112 44.913968193 3829.07818661 13.2214981446 6.74963800041 8.3373532225 7.30592741445 12.4339949049 9.99237085687 5.72369963525 7.56775385326 6.66573883631
-9999.0 -9999.0 -9999.0 -9999.0 -9999.0 -9999.0 -9999.0 -9999.0 -9999.0 -9999.0 -9999.0 -9999.0 -9999.0 -9999.0 -9999.0 -9999.0 47.5054166897 64.7500597399 116.483690748 155.284063325 20.9449090036 280.806430568 296.273422652 311.099545336 14.7874541043 28.8986083617 12.9499286895 96.5984589282 103.803248695 115.646629359 128.222321394 153.786956058 159.488784193 3.33357360259 129.380160227 138.833901217 143.965594526 162.858070482 24.5933116226 15.632812274 9.20589888127 8.65769922839 12075.3673033 12083.3958281 12161.3530462 3835.11868679 37.0449652482 18.0777147801 12.7173418369 3.67731182912 33.0356522704 16.0834306552 5.20220558786 27.4519788572 22.9040329897
-9999.0 -9999.0 -9999.0 -9999.0 -9999.0 -9999.0 -9999.0 -9999.0 -9999.0 -9999.0 -9999.0 -9999.0 -9999.0 -9999.0 -9999.0 -9999.0 17.6447226407 81.9742710779 100.299039752 21.6028778768 16.8682076497 34.2073350676 49.8823966942 376.175741317 14.5167510286 58.5681148041 71.9578064197 85.0771141484 8.25197441081 18.8187317921 23.5325570986 101.903092875 112.588705718 116.721060667 4.69491803179 4.36090520078 4.92254833005 9.0288761396 3.76801469005 3.9894640091 7.28490951223 5.35023405336 7.36085711832 26.7662180089 12169.8364737 16027.753701 44.8577805001 5.42595444747 4.07899352735 98.6704750131 90.7497949897 52.1483637919 46.3894896594 34.1604166032 7.55294504827
-9999.0 -9999.0 -9999.0 -9999.0 -9999.0 -9999.0 -9999.0 -9999.0 -9999.0 -9999.0 -9999.0 -9999.0 -9999.0 -9999.0 -9999.0 14.1806818682 47.9200522125 15.9925377673 20.5556858302 18.3709020201 35.3752055394 51.8586284655 68.489904199 461.385600436 475.149042699 14.2328843917 27.4379570463 40.7652037464 49.9329375713 58.9934533473 87.5813375009 97.5182811105 5.22867512308 4.84627463414 4.70802540779 7.26358055389 7.05126603365 7.42277944458 6.61008280545 7.5086359526 30.752717502 14.8756335551 9.72162180144 9.57528841669 8.08964763928 15.2450285368 16348.1753297 272.031708222 120.544517686 12.0882517913 5.43785857702 4.88538927595 15.2992644145 10.0132781005 4.84878578691
-9999.0 -9999.0 -9999.0 -9999.0 -9999.0 -9999.0 -9999.0 -9999.0 -9999.0 -9999.0 -9999.0 -9999.0 -9999.0 -9999.0 14.9274341723 28.8320363404 107.048434588 15.792501411 41.3708362094 59.0663976084 75.6324757829 17.2717649543 32.3851667797 50.2674015252 541.30368393 13.403569265 25.8070745769 38.3939538835 11.4385994677 22.3343625208 26.7910454199 35.2606123781 964.085751429 975.677451323 987.683052601 1046.95892687 1067.4883866 1114.71222147 14.9450014786 30.727250375 38.135749875 1275.7504704 1292.89609891 9.0260584441 15.2235048112 21.3435595495 16355.5795448 263.172607257 128.042330219 122.134165222 99.0225365264 87.1213647384 20.350005173 5.28680602155 9.40960488964
-9999.0 -9999.0 -9999.0 -9999.0 -9999.0 -9999.0 -9999.0 -9999.0 -9999.0 -9999.0 -9999.0 -9999.0 -9999.0 -9999.0 15.0879731136 45.911572395 168.063260533 247.590559454 14.2016226193 328.73969455 420.959777245 15.8745682664 30.4825162748 47.6016967158 678.760525714 694.144482009 12.3339786485 63.297180683 74.6807845091 82.8991321266 892.605724149 910.015165271 924.389073598 7.33155626236 41.6938768861 49.501888545 24.1041783878 34.5489992446 1164.55471671 1212.13025162 1221.57790247 1230.71552761 1306.75861801 6.83205270309 6.51902683079 34.0206335299 16364.3742691 8.43494780973 6.0041928404 17.8775422638 7.01920594394 77.285473298 67.5474207211 39.9651175894 28.0574939275
-9999.0 -9999.0 -9999.0 -9999.0 -9999.0 -9999.0 -9999.0 -9999.0 -9999.0 -9999.0 -9999.0 -9999.0 -9999.0 -9999.0 -9999.0 -9999.0 32.2952810239 65.1594220656 294.793301696 312.130632443 436.068965984 452.957773662 15.7713402033 31.5168429674 75.5906314932 710.195388863 737.397053216 748.993433283 10.1368914351 787.589090555 804.51124102 11.8634925207 7.47314120799 14.1486516613 27.9924815003 7.0538826593 14.5329503053 32.5695721159 41.4073738289 8.25613047647 6.27792921132 12.7175468731 1347.74851606 1359.62128609 1365.498109 1413.52928149 16372.3476399 6.15481622246 3.99819668546 4.96017918239 4.94502411662 5.09659675352 4.66579278422 8.59320115021 4.74311673402
-9999.0 -9999.0 -9999.0 -9999.0 -9999.0 -9999.0 -9999.0 -9999.0 -9999.0 -9999.0 -9999.0 -9999.0 -9999.0 -9999.0 -9999.0 -9999.0 16.9178244256 16.5462831328 16.6322318752 34.7929968263 15.6523505515 483.842986014 499.343153998 15.2788087481 29.4728597083 14.9054899867 13.3894761731 13.0858532425 769.813162044 5.07746436164 10.6612274328 6.64441535076 7.3699431726 6.81454773508 5.73373011255 5.93009781761 18.2823126937 24.9477683366 5.34258855697 4.86929402772 10.5788896396 17.3534048166 21.2084984219 4.95692951281 1372.58541736 1419.71341407 16378.6665332 21.1101309757 9.04080735549 2.62288615103 7.01845498368 2.14876891551 1.73930111803 10.5870543759 22.9655569714
-9999.0 -9999.0 -9999.0 -9999.0 -9999.0 -9999.0 -9999.0 -9999.0 -9999.0 -9999.0 -9999.0 -9999.0 -9999.0 -9999.0 -9999.0 -9999.0 -9999.0 -9999.0 16.3453045276 49.8886882089 63.6384686504 78.6865431203 513.915978757 528.346142971 543.314574744 560.245743207 572.99659921 599.35657181 604.474375024 609.036187112 613.68031528 6.46238472259 6.23096182306 6.5844370925 24.408685745 6.47107290629 6.32801468924 5.20300188484 15.6182870797 6.15937756757 5.15181903987 4.8379374456 4.32830247225 8.64167041187 12.8460160042 1446.6872165 17852.8718193 5.93617902243 13.3247543664 1.93357718382 9.36386357187 4.76230810968 3.5026603184 52.135415758 37.7888030093
-9999.0 -9999.0 -9999.0 -9999.0 -9999.0 -9999.0 -9999.0 -9999.0 -9999.0 -9999.0 -9999.0 -9999.0 -9999.0 -9999.0 -9999.0 -9999.0 -9999.0 -9999.0 -9999.0 13.5862128203 107.43492608 215.78123624 231.916449544 19.5501467174 34.848813722 48.659738235 60.7366647315 139.186735566 145.471723702 6.22831606042 6.18494266619 626.720099192 638.854571483 644.583838022 29.3881500873 4.77817805226 11.4490426539 16.8448028717 50.659932883 62.3076051992 72.2102584605 9.2214070841 13.1515442577 4.53249117026 9.22029323942 4.82520545768 17862.1696861 6.16918355264 24.8304616189 9.23406768492 22.2352427092 50.3049290477 57.1678679296 112.556449495 39.3776507755
-9999.0 -9999.0 -9999.0 -9999.0 -9999.0 -9999.0 -9999.0 -9999.0 -9999.0 -9999.0 -9999.0 -9999.0 -9999.0 -9999.0 -9999.0 -9999.0 -9999.0 -9999.0 15.1139024956 48.0499123811 94.0942654929 123.019427993 320.280906116 338.154978175 28.682566823 42.5644886779 54.5784697339 66.7034195028 150.520051647 162.503883527 272.791920627 281.447353594 287.10589788 650.656582492 696.788320338 11.1096698627 6.96827019436 6.72833486298 13.2023217243 6.24091578256 84.390128008 89.1328276956 17.4322920443 20.9688340816 4.23710214165 3727.19072064 3737.33763575 21606.5501278 21639.2240291 5.735464385 34.1159305698 7.88211042865 7.09415044232 124.615605347 168.82309513
-9999.0 -9999.0 -9999.0 -9999.0 -9999.0 -9999.0 -9999.0 -9999.0 -9999.0 -9999.0 -9999.0 -9999.0 -9999.0 -9999.0 -9999.0 -9999.0 -9999.0 -9999.0 -9999.0 17.1152420451 16.6262646672 31.4212950599 74.668232552 352.332351918 14.6373410577 14.416513633 26.4448707609 38.5796681537 89.1034603446 95.1829640898 4.42388924195 5.63549953448 294.375837794 300.75944278 1002.88437481 1007.8991559 4.47578837359 4.06235251377 3.68360015999 3.71265487671 3.94892399882 3645.2843549 3672.95519742 3697.42030435 3705.02237241 3723.60987289 5.54742645562 20.6792257075 26.9325310665 21678.7859354 21683.8080598 21687.6668003 21691.1354104 21693.9565492 174.089360732
-9999.0 -9999.0 -9999.0 -9999.0 -9999.0 -9999.0 -9999.0 -9999.0 -9999.0 -9999.0 -9999.0 -9999.0 -9999.0 -9999.0 -9999.0 -9999.0 -9999.0 -9999.0 -9999.0 -9999.0 15.2467586051 15.9571638327 29.6446931739 409.998497524 425.882720676 14.1008106707 26.1257050458 38.5203943063 45.511999104 5.68681452984 11.9757571385 879.801968916 886.113343485 891.510105846 933.890030452 1946.77946418 3474.22562738 3484.14852047 3493.6547153 3502.83655752 3539.79408395 3551.52812535 23.5685362293 10.9148390114 6.56689454837 12.5105863016 10.2158534207 16.0859917266 5.45241448207 103.793996608 120.155735158 132.782324727 137.021956967 21697.3815017 21875.6390032
-9999.0 -9999.0 -9999.0 -9999.0 -9999.0 -9999.0 -9999.0 -9999.0 -9999.0 -9999.0 -9999.0 -9999.0 -9999.0 -9999.0 -9999.0 -9999.0 -9999.0 -9999.0 -9999.0 -9999.0 -9999.0 15.4727290699 29.6636243253 43.9253487726 438.064362696 15.2384876914 593.321953031 605.949362032 611.29274686 617.582871576 853.486086413 861.045156384 6.78963355769 31.524483739 38.1881830296 6.98179038309 1517.43285421 1504.53158833 4.70819166045 10.5721077383 28.4194643671 6.18209830457 6.74860317854 5.47905682562 5.00262424435 4.09645739263 4.84056424115 86.1487995838 91.4137012302 97.5582704522 9.38785421414 6.26871994218 141.872278075 147.78579757 151.334059142
-9999.0 -9999.0 -9999.0 -9999.0 -9999.0 -9999.0 -9999.0 -9999.0 -9999.0 -9999.0 -9999.0 -9999.0 -9999.0 -9999.0 -9999.0 -9999.0 -9999.0 -9999.0 -9999.0 -9999.0 -9999.0 14.1161731413 13.2552225944 68.6513807626 535.693242358 565.64236202 581.71602156 13.2615874571 220.268521096 225.393751296 228.360142864 6.59029306666 14.0938005532 20.8857125672 352.052771059 357.591201126 362.65633726 1494.72200825 924.315151023 5.83246031259 6.06887541356 5.83783379689 5.03567835652 48.7751607637 59.8326098211 69.7638805754 75.4575181624 80.977995842 410.234388706 414.637665281 418.545409394 427.194774306 479.504736022 483.41735801 639.226914369
-9999.0 -9999.0 -9999.0 -9999.0 -9999.0 -9999.0 -9999.0 -9999.0 -9999.0 -9999.0 -9999.0 -9999.0 -9999.0 -9999.0 -9999.0 -9999.0 -9999.0 -9999.0 -9999.0 -9999.0 -9999.0 -9999.0 27.5853075874 42.166891662 16.1975441943 14.0997255652 176.790872951 190.316512986 199.96771144 75.0696576931 79.2233772493 84.0771541168 90.5970957857 339.917482993 346.881401457 190.619461528 559.400803322 565.222386793 919.377241508 11.8745142115 6.02798710469 4.59659014957 32.8686502818 38.7583420446 4.28773900348 4.06468339586 389.910110482 400.324593374 405.888088228 4.26212230497 6.17189338573 470.136470705 6.18645675674 28.2307527274 31.9188711688
-9999.0 -9999.0 -9999.0 -9999.0 -9999.0 -9999.0 -9999.0 -9999.0 -9999.0 -9999.0 -9999.0 -9999.0 -9999.0 -9999.0 -9999.0 -9999.0 -9999.0 -9999.0 -9999.0 -9999.0 -9999.0 -9999.0 13.8211096038 27.3683740626 117.752287399 134.35538576 150.06658533 59.3230801459 70.7822637149 4.85237679288 233.696192575 238.049517833 242.629160514 5.80428591057 177.490604374 184.645966623 5.88949528844 889.038428518 12.6947788341 6.27199850057 17.2384638599 23.282830505 5.08247705288 4.31267257716 341.635192414 380.107833638 386.172926997 5.93722426076 14.0833523288 17.945294893 21.007621586 40.4382971422 10.453166888 22.972470873 5.08076994876
-9999.0 -9999.0 -9999.0 -9999.0 -9999.0 -9999.0 -9999.0 -9999.0 -9999.0 -9999.0 -9999.0 -9999.0 -9999.0 -9999.0 -9999.0 -9999.0 -9999.0 -9999.0 -9999.0 -9999.0 -9999.0 -9999.0 13.6315686183 43.429901729 76.4186693011 18.0255894096 31.6165845954 46.1820430719 213.809711527 220.213255766 224.633950132 3.83049711503 146.850364976 160.215141603 165.620575262 3.46820367192 864.104754606 877.441119518 6.44075355876 6.02849284229 12.2568516846 5.36551022497 312.585269697 322.844576875 328.8925146 23.2539511678 29.2487636597 5.36532799169 9.97153843319 4.6394490715 31.2727339769 4.95693082296 5.73469387547 6.17173915902 6.45988935256
-9999.0 -9999.0 -9999.0 -9999.0 -9999.0 -9999.0 -9999.0 -9999.0 -9999.0 -9999.0 -9999.0 -9999.0 -9999.0 -9999.0 -9999.0 -9999.0 -9999.0 -9999.0 -9999.0 -9999.0 -9999.0 -9999.0 -9999.0 15.5337688747 17.2790933 18.0437265981 145.325578419 159.454539043 200.940006604 8.23669428512 129.320993699 139.574803288 4.42103560844 9.50453571193 3.73880313936 850.686941555 4.9002171971 15.1928837362 20.0483840593 24.5524764777 280.237340588 296.541526364 302.792314127 6.26243851951 12.0677741323 17.4393896966 3.92124089882 3.64235048616 886.610920867 890.44608043 893.821069169 924.45505584 928.826534937 935.226780013 940.634679075
