data/baseflow/mHMbf_acc562.asc
ncols                  80
nrows                 72
xllcorner      4374000.0
yllcorner      5656000.0
cellsize            500
NODATA_value       -9999
[rows 0 to 24 of 72, columns 0 to 54 of 80]
-9999.0 -9999.0 -9999.0 -9999.0 -9999.0 -9999.0 -9999.0 -9999.0 -9999.0 -9999.0 -9999.0 -9999.0 18.9719395108 16.9861365953 -9999.0 -9999.0 -9999.0 -9999.0 -9999.0 -9999.0 -9999.0 -9999.0 -9999.0 -9999.0 -9999.0 -9999.0 -9999.0 -9999.0 -9999.0 -9999.0 -9999.0 -9999.0 -9999.0 -9999.0 -9999.0 -9999.0 -9999.0 -9999.0 -9999.0 -9999.0 -9999.0 -9999.0 -9999.0 -9999.0 -9999.0 -9999.0 -9999.0 -9999.0 -9999.0 -9999.0 -9999.0 -9999.0 -9999.0 -9999.0 -9999.0
-9999.0 -9999.0 -9999.0 -9999.0 -9999.0 -9999.0 -9999.0 -9999.0 -9999.0 -9999.0 -9999.0 -9999.0 39.4883295452 86.7592655185 13.5409096467 -9999.0 13.4643628928 -9999.0 -9999.0 -9999.0 -9999.0 -9999.0 -9999.0 -9999.0 -9999.0 -9999.0 -9999.0 -9999.0 -9999.0 -9999.0 -9999.0 -9999.0 -9999.0 -9999.0 -9999.0 -9999.0 -9999.0 -9999.0 -9999.0 -9999.0 -9999.0 -9999.0 -9999.0 -9999.0 -9999.0 -9999.0 -9999.0 -9999.0 -9999.0 -9999.0 -9999.0 -9999.0 -9999.0 -9999.0 -9999.0
-9999.0 -9999.0 -9999.0 -9999.0 -9999.0 -9999.0 -9999.0 -9999.0 -9999.0 -9999.0 18.4398062224 17.5160783843 18.9831956761 19.0520481794 120.442271963 133.140526744 36.1466357204 11.398983707 -9999.0 -9999.0 -9999.0 -9999.0 -9999.0 -9999.0 -9999.0 -9999.0 -9999.0 -9999.0 -9999.0 -9999.0 -9999.0 -9999.0 -9999.0 -9999.0 -9999.0 -9999.0 -9999.0 -9999.0 -9999.0 -9999.0 -9999.0 -9999.0 -9999.0 -9999.0 -9999.0 -9999.0 -9999.0 -9999.0 -9999.0 -9999.0 -9999.0 -9999.0 -9999.0 -9999.0 -9999.0
-9999.0 -9999.0 -9999.0 -9999.0 -9999.0 -9999.0 -9999.0 -9999.0 -9999.0 17.4507340446 35.9930200632 71.5629894466 36.0315069967 17.3028725966 33.1619415052 147.92990503 209.105129434 12.7829223003 -9999.0 17.1425678635 -9999.0 -9999.0 -9999.0 -9999.0 25.6336836974 12.9332868354 -9999.0 -9999.0 -9999.0 -9999.0 -9999.0 -9999.0 -9999.0 -9999.0 -9999.0 -9999.0 -9999.0 -9999.0 -9999.0 -9999.0 -9999.0 -9999.0 -9999.0 -9999.0 -9999.0 -9999.0 -9999.0 -9999.0 -9999.0 -9999.0 -9999.0 -9999.0 -9999.0 -9999.0 -9999.0
-9999.0 -9999.0 -9999.0 -9999.0 -9999.0 -9999.0 -9999.0 -9999.0 21.5420327068 58.6570289906 75.3519899888 92.2687934126 123.664848901 15.0518061489 62.1249913727 75.8355224333 308.40426896 11.7303470521 11.5416051017 30.6690300293 43.4674818792 13.80263699 -9999.0 65.0146430886 53.8576241047 14.1920724546 -9999.0 -9999.0 -9999.0 -9999.0 -9999.0 -9999.0 -9999.0 -9999.0 -9999.0 -9999.0 -9999.0 -9999.0 -9999.0 -9999.0 -9999.0 -9999.0 -9999.0 -9999.0 -9999.0 -9999.0 -9999.0 -9999.0 -9999.0 -9999.0 -9999.0 -9999.0 -9999.0 -9999.0 -9999.0
-9999.0 -9999.0 -9999.0 -9999.0 -9999.0 -9999.0 21.3334260209 18.4491155897 17.6453486785 18.2799113687 18.5628509598 130.119370098 271.144694434 287.838821474 300.901348112 13.1552583457 334.414816957 346.663319083 26.4352607241 13.4692520537 55.891445194 95.8420042614 12.7113244686 104.05295134 13.955941442 13.4878877649 14.6147062052 -9999.0 -9999.0 -9999.0 -9999.0 -9999.0 -9999.0 -9999.0 -9999.0 -9999.0 -9999.0 -9999.0 -9999.0 -9999.0 -9999.0 -9999.0 -9999.0 -9999.0 -9999.0 -9999.0 -9999.0 -9999.0 -9999.0 -9999.0 -9999.0 -9999.0 -9999.0 -9999.0 -9999.0
-9999.0 -9999.0 -9999.0 -9999.0 -9999.0 -9999.0 43.157817933 63.2116943956 140.050018835 192.214788543 15.0949374829 16.2144186777 14.806415015 45.1327151812 358.004777338 10.8542935886 360.773215642 417.424483986 42.7848211451 24.1014143009 106.844245095 12.7089876703 116.302618662 23.7110012695 11.8496230904 24.7417811417 28.9747525243 15.0950151251 15.7099015946 14.8519095854 16.7339720919 33.3102649389 -9999.0 -9999.0 -9999.0 -9999.0 -9999.0 -9999.0 -9999.0 -9999.0 -9999.0 -9999.0 -9999.0 -9999.0 -9999.0 -9999.0 -9999.0 -9999.0 -9999.0 -9999.0 -9999.0 -9999.0 -9999.0 -9999.0 -9999.0
-9999.0 -9999.0 -9999.0 -9999.0 -9999.0 24.0804450577 46.1770537549 21.9341978509 41.8128582152 212.633443173 246.700282687 280.493448383 945.016444758 16.7665637958 371.381963596 1441.25189096 1453.50499152 1893.09721213 14.1358932875 35.3818054855 117.907587773 10.8483664172 254.698116341 126.701028988 78.865989961 66.5880049348 13.8805113463 44.4223292265 44.8849306984 29.7205521449 13.9290181643 47.9173336831 13.4148565194 12.9345690581 -9999.0 -9999.0 -9999.0 -9999.0 -9999.0 -9999.0 -9999.0 -9999.0 -9999.0 -9999.0 -9999.0 -9999.0 -9999.0 -9999.0 -9999.0 -9999.0 -9999.0 -9999.0 -9999.0 -9999.0 -9999.0
-9999.0 -9999.0 -9999.0 -9999.0 -9999.0 24.4560711048 71.0089944862 140.204275986 161.051699636 318.236991934 337.129042968 397.345455701 649.01295515 997.649781062 1030.34592066 1046.19792574 25.171644033 1941.65560524 1968.5103804 2028.5229418 2449.18989807 289.753242704 267.20861255 90.9548887549 11.7162313419 79.9337247124 55.8782642692 10.6651643723 56.9309103933 14.9028995737 29.1933424425 75.5095715528 88.1470476803 25.1106448595 11.9852172388 11.6029737687 -9999.0 -9999.0 -9999.0 -9999.0 11.4785416706 10.5501795362 -9999.0 -9999.0 -9999.0 -9999.0 -9999.0 -9999.0 -9999.0 -9999.0 -9999.0 -9999.0 -9999.0 -9999.0 -9999.0
-9999.0 -9999.0 -9999.0 -9999.0 -9999.0 23.6437620039 22.2747314086 93.5328215599 114.960845556 137.17725386 20.582924284 40.569330466 237.663120525 42.0590459071 18.2161008808 15.2408369502 12.4564084185 17.4191489664 16.3470400659 14.2055985908 2463.93907219 2496.46973499 10.6144818606 33.4774380415 23.2164978336 90.5555965261 21.7173385897 10.0629651254 69.4247805896 27.1759289087 65.5503924307 147.765624495 137.261956408 36.664744262 34.7511441459 12.4184349633 12.1694903206 -9999.0 -9999.0 12.2828428275 23.9860119579 56.7569392123 11.2088190666 -9999.0 -9999.0 -9999.0 -9999.0 -9999.0 -9999.0 -9999.0 -9999.0 -9999.0 -9999.0 -9999.0 -9999.0
-9999.0 -9999.0 -9999.0 -9999.0 -9999.0 -9999.0 24.644172791 24.6355846913 46.623491098 69.0140215783 155.686734716 197.917266808 220.135671366 22.9786319282 15.7586124197 221.995780809 266.751861065 279.779936041 336.774386753 348.502468068 11.436593654 2508.19062143 2563.32035598 44.0041294604 8.74852254393 99.9001673323 218.840511439 88.8468018272 19.4920952545 9.90572145341 233.34603852 158.317007169 9.71427184814 9.78739146369 45.0642991583 35.647802402 10.6054165615 10.0783682297 11.6271264129 23.5020267023 10.8498347089 68.8677849932 78.7216578612 8.89335952014 -9999.0 -9999.0 -9999.0 -9999.0 10.9407432287 9.94593160642 3.0108096114 -9999.0 -9999.0 -9999.0 -9999.0
-9999.0 -9999.0 -9999.0 -9999.0 -9999.0 -9999.0 -9999.0 23.742009147 21.126874449 44.392740367 66.7215650955 21.2099054911 20.1188643549 121.246344717 155.993043864 192.281479918 16.0863452263 30.6610036467 14.9805378923 361.367067822 795.630883391 806.279668636 3390.85264396 10.5678138183 24.5171388296 7.46918935389 227.75139463 9.58893476783 29.6600549014 9.4562166806 242.752108751 252.300967363 19.6677206095 19.3708533168 113.763630215 57.4503327795 21.1306342411 11.1514535827 23.0510978911 34.7107583068 55.2992484741 9.34347169532 95.9458350189 104.312618433 7.35725093935 8.20032752711 8.71852954033 7.49996519445 6.96352444555 28.5637596688 10.5226106095 6.26745255295 -9999.0 -9999.0 -9999.0
-9999.0 -9999.0 -9999.0 -9999.0 -9999.0 -9999.0 -9999.0 -9999.0 45.2077643737 64.8231622958 21.1816175576 43.4777241866 63.3232105912 104.338436497 19.7391627857 18.6051612146 14.3933339869 14.5175079745 11.9207134891 407.995424585 15.4922534458 29.4528997636 3431.53798355 3453.67106752 8.02482950243 40.728671259 276.07756084 18.4288128793 37.3236302631 16.195726946 23.6759127176 287.59996335 27.7017168924 160.151056735 133.218331475 10.8089681269 52.4568965596 21.3943114247 32.7999449519 9.53842896974 64.2609654816 81.6771800175 88.629350157 95.0357804195 131.535585353 13.8612501788 14.9951672628 13.0768401894 11.9948788125 34.4337552247 6.10487277702 23.1461528432 28.411183996 -9999.0 -9999.0
-9999.0 -9999.0 -9999.0 -9999.0 -9999.0 -9999.0 -9999.0 -9999.0 23.3642424198 110.834784694 131.279586795 20.4007823966 39.3557503139 18.8648045606 16.304853759 15.9827081151 208.420136728 274.679245913 333.644450073 395.912383387 14.3696220367 14.5837826733 12.2182298025 3513.11188945 3538.03015308 3545.96170153 357.768213414 72.5950783371 63.6632098222 7.04116981437 30.5571121418 325.321451972 7.3085369703 167.531117072 9.11924737844 69.7209313186 63.0529064605 9.95450225341 42.5495560852 19.1445525985 28.4229438888 7.61658688782 6.22826269261 101.317444303 106.901534686 137.100021123 21.2005069977 18.8335901153 17.3802884821 41.1205049851 53.5887698357 6.2222401098 34.2563021686 6.56497013532 12.0268033214
-9999.0 -9999.0 -9999.0 -9999.0 -9999.0 -9999.0 -9999.0 -9999.0 -9999.0 24.0620223846 153.320187984 173.162842455 58.4248276086 96.1785511587 129.439120438 146.585772196 17.8122768028 51.7688875396 34.2680875483 18.5132008374 17.0868519199 14.1830993757 27.0153862008 45.3952534032 13.4331964388 3926.40602103 3934.41230849 7.12131023173 5.30853865868 14.3661856879 21.3370790114 346.231593396 14.0891342394 173.488080786 102.083075319 86.0124740201 8.88529181576 18.4318232575 50.6530994932 8.11352393999 36.1816429701 15.0773012065 10.1072533997 4.66368554438 121.448463754 262.830429196 25.0019387888 22.7159794452 22.103188931 4.81527615753 58.3690597391 4.59469949888 45.1770390596 5.363047701 17.4355338643
-9999.0 -9999.0 -9999.0 -9999.0 -9999.0 -9999.0 -9999.0 -9999.0 -9999.0 -9999.0 20.1901870316 214.468479076 19.1406335225 38.5990364229 54.5391311518 84.8999202323 15.3820534279 33.2447089272 15.8649906753 14.1737120152 12.930553801 25.4707069617 10.4021396658 11.1450142082 20.7613068022 11.6029986375 3944.10240991 3959.33002257 3980.9123468 28.2889969244 7.22833093775 14.4083515309 353.988492432 311.199128883 118.638527235 8.05354334318 35.600166512 26.91040078 58.7888226957 16.1663882781 67.0332420094 22.7616198834 15.8558188281 3.58280564974 4.98210189474 269.301133235 274.616997437 326.491556337 37.7004906651 10.0403598663 63.7492083734 73.5709360156 123.258762649 10.4721351345 4.75457203534
-9999.0 -9999.0 -9999.0 -9999.0 -9999.0 -9999.0 -9999.0 -9999.0 -9999.0 -9999.0 -9999.0 11.8770344708 240.005539259 18.491041025 33.9303945456 148.791383063 15.4318063952 15.0587538988 12.5169624238 27.5508362262 13.6981755928 52.4246169964 73.2147230223 82.2050362646 28.1719520992 34.4592808287 7.73350264052 10.3599508498 9.31726022675 4025.60990157 4046.65791352 359.780986902 323.343586253 317.360845993 12.5900574524 6.08674941662 42.7759383092 116.129906527 66.1975564115 23.4188299252 97.4666719467 33.8410525526 27.3913280001 6.8547758767 2.78765991614 2.36746283098 2.84847073435 343.494097073 396.66000182 4.73819308334 4.53440468104 4.84033849306 127.97467889 142.775271548 8.26801010627
-9999.0 -9999.0 -9999.0 -9999.0 -9999.0 -9999.0 -9999.0 -9999.0 -9999.0 -9999.0 -9999.0 10.9284152773 265.140845174 321.760889368 15.7748755816 179.606095746 13.6010569036 12.6852222481 25.6768515915 66.8893059874 12.8242041475 14.031448364 10.0236332101 101.943305655 111.046925599 155.482120558 170.793790147 178.642424153 185.571227287 192.502010175 4246.86415217 4619.64583074 4955.05180422 4960.66391645 5.20599903911 6.23459725572 130.587875339 123.424783645 7.22466408988 7.75947489445 107.184136164 148.253408268 5.5230030964 73.150155344 68.4730442346 16.0149517594 7.18627258438 12.5423716951 6.39672384739 406.281147934 4.94981028023 13.792356244 17.169777565 172.61825121 183.635514431
-9999.0 -9999.0 -9999.0 -9999.0 -9999.0 -9999.0 -9999.0 -9999.0 -9999.0 -9999.0 -9999.0 21.5369782917 40.5294444529 340.014770137 368.528884849 14.3216478794 205.621030418 10.4718461442 33.2110733758 77.8982764889 24.1074213517 11.1797556856 23.163610909 8.07526923197 15.3881685987 7.657762889 6.82360126777 5.77860722874 5.23113753471 4.27552995013 3.82485798333 5.7455711094 7.35888885728 8.66414559013 4979.62800723 150.747695 139.221136521 3.91171382541 20.6221605321 4.82720646437 5.18889461807 154.52420565 247.420794838 80.6353751425 62.2266707507 10.1894177841 4.022972522 3.42950478193 7.96884063775 419.313970107 428.860979462 5.09521234045 5.22604972142 4.49313086916 3.02146250314
-9999.0 -9999.0 -9999.0 -9999.0 -9999.0 -9999.0 -9999.0 -9999.0 -9999.0 -9999.0 -9999.0 -9999.0 16.4992761796 246.439832561 630.889835055 681.200192663 899.520425858 911.485810558 169.209778278 125.151262925 35.5825709261 10.8865883133 44.1366274859 53.6582796568 77.0029340625 15.9617639045 14.0875599789 13.2812487737 25.5919665433 11.1471844915 10.3452508386 5.74454783725 3.89667475823 3.37274449029 4984.9835597 5139.81063173 5146.43051699 4.04680549322 52.5322083757 23.5464353375 7.03191646072 270.455864361 16.9225082835 8.92514614428 39.3907068413 7.58877551886 5.38106707482 10.0361559465 13.9384804201 18.5302554429 436.413641016 3.53098820075 2.92450000296 2.92901226108 2.06361844739
-9999.0 -9999.0 -9999.0 -9999.0 -9999.0 -9999.0 -9999.0 -9999.0 -9999.0 -9999.0 -9999.0 19.5810554664 188.916586043 228.624263131 34.479149517 12.118844087 25.7088531252 949.500366599 959.793929496 1140.34729837 9.10310982487 19.8293022341 7.7922278462 7.97174142871 84.5808069161 108.081606274 129.068100521 6.34877759441 31.8764071974 49.1300283024 27.6282681591 11.6131038506 8.56672047729 7.10677360359 6.98783941194 3.12319538468 5150.77090901 5153.75255003 5212.87381252 10.6358973841 5.84335125652 276.874669514 18.624991445 9.72004875225 11.3144748405 11.2227503996 9.08425663364 15.4718157889 42.2026091455 65.9356367082 505.970360539 2.4975061715 7.46746080152 5.07472104706 3.94099568018
-9999.0 -9999.0 -9999.0 -9999.0 -9999.0 -9999.0 -9999.0 -9999.0 -9999.0 -9999.0 -9999.0 20.17492201 134.109461071 20.5444409393 16.3896362114 92.7622475204 106.099692691 119.176955205 130.063147044 1547.46346712 1560.36118693 1582.85856111 1735.94112539 1760.71828302 1773.99973614 1781.89699661 1927.41608901 1947.14134588 1954.11720066 2010.91758283 2045.80996267 2051.66658803 2071.12649876 12.5205214398 11.0229449061 2.03104413696 1.81264622609 5157.50884763 5230.94378602 15.0204460275 322.670231188 317.35815483 33.7493587252 7.68397297741 7.97265256148 7.6028517897 7.65002966728 15.4424031098 21.5453850044 5.8797506634 509.406731113 513.215193897 528.831725398 531.73835125 538.310813699
-9999.0 -9999.0 -9999.0 -9999.0 -9999.0 -9999.0 -9999.0 -9999.0 -9999.0 -9999.0 -9999.0 70.0710034401 92.4307800934 42.1412672662 61.3205304615 18.8492004376 211.455441548 225.98197452 253.953578135 265.154955059 88.5668589164 1689.2939422 1699.27784272 8.37676849802 5.39796583766 5.03505477009 10.7858098903 5.23903215849 3.91059281538 3.62323713091 3.68341540233 2057.27631968 2076.87983256 2095.72113064 2111.86077225 2118.77152618 2.84776269403 0.736367220511 5565.22371183 331.353895604 328.514921844 6.38628032594 5.89070458013 5.20544819645 13.4386314791 13.086697673 5.90481535151 5.83453611777 5.13473883671 10.885898691 13.9423744594 2.22133629243 3.98903841417 1.40362867714 0.762513995108
-9999.0 -9999.0 -9999.0 -9999.0 -9999.0 -9999.0 -9999.0 -9999.0 -9999.0 -9999.0 -9999.0 -9999.0 47.4052075605 21.9554618931 19.0412431637 182.529978767 197.910309531 15.6245986057 57.6925379609 70.2327607795 80.3038228603 12.0618052169 7.4643119353 236.473349797 242.222057757 247.657314635 618.787077943 622.793524807 630.017952652 673.061052335 693.097909034 695.989370689 3.18952368768 3.44207184021 3.06274150257 2123.44706584 1.64800376511 5611.80853283 5608.98371988 41.1960721073 37.4126250271 23.6234870353 5.87843913421 10.3683579311 19.0475298608 18.6311167399 11.3985001586 5.47949071949 10.498914312 10.2106062736 18.1498320277 2.53502157363 6.31283055117 10.4292565678 12.1571619327
-9999.0 -9999.0 -9999.0 -9999.0 -9999.0 -9999.0 -9999.0 -9999.0 -9999.0 -9999.0 -9999.0 -9999.0 24.5790129095 67.1038033428 86.7986361461 145.5539262 15.2423807156 31.4459706072 45.5232443031 184.934537574 195.355151881 203.853806537 212.215239653 222.51299012 323.791769703 352.093001546 367.106466354 5.83141689252 34.8736452134 40.199770564 683.540451684 700.143894561 708.317796002 716.88013493 722.318846657 2848.14244218 4.423698999 5624.36060267 5.03106647797 2.32055405983 31.7611575879 27.8572603369 3.54376196667 14.7706381262 23.5856320692 22.9479698095 15.3522006623 24.7604449785 38.7329276822 14.1888883334 35.9283235777 2.56356666325 3.8618096418 0.619384139987 0.448450691055
