data/baseflow/mHMbf_acc313.asc
ncols                  80
nrows                 72
xllcorner      4374000.0
yllcorner      5656000.0
cellsize            500
NODATA_value       -9999
[rows 25 to 49 of 72, columns 0 to 54 of 80]
-9999.0 -9999.0 -9999.0 -9999.0 -9999.0 -9999.0 -9999.0 -9999.0 -9999.0 -9999.0 -9999.0 -9999.0 25.7369438317 50.8696726783 24.1505619003 48.7831349253 22.1731145881 164.880529049 207.707699749 229.53330955 20.3253597035 39.4956340009 371.627178764 465.413904617 483.285051832 39.962768603 37.0728257802 55.17363249 15.7191049822 14.648681272 27.4523074549 11.1461621832 571.520476359 582.933041656 592.701705728 4726.49058137 9110.85662951 9040.9898592 20.1068241986 8.77585946374 7.78058874666 29.2098222358 21.738419718 48.2708949475 63.7266038075 127.140304741 11.1301299981 11.061276423 103.511705159 114.239486036 222.125081636 229.36961718 249.607389163 257.232062637 6.49441728618
-9999.0 -9999.0 -9999.0 -9999.0 -9999.0 -9999.0 -9999.0 -9999.0 -9999.0 -9999.0 -9999.0 -9999.0 -9999.0 24.7748779761 49.3660433563 73.7791671521 119.628160453 23.512467982 21.956331709 145.737433864 165.893702816 333.653180656 354.203053882 58.2866097349 20.1699968747 19.4663378349 18.4971615515 491.968461453 507.318713625 523.224409167 536.758771104 560.526027948 118.048129073 127.846149836 728.675219701 14570.4439411 60.6879799189 51.4356564478 28.690454164 6.73068670079 6.15002922821 44.6846925546 49.8551161157 60.8900549056 6.23603620836 134.587900069 19.8110523691 19.5342292393 5.32932868869 3.68411827933 3.28654162847 2.62861479509 3.43500072782 262.468016882 3789.27363391
-9999.0 -9999.0 -9999.0 -9999.0 -9999.0 -9999.0 -9999.0 -9999.0 -9999.0 -9999.0 -9999.0 -9999.0 -9999.0 -9999.0 24.4251359197 44.7222745258 62.797567172 80.8218750285 102.364307254 124.448558433 64.9116143204 107.693084593 20.2238676091 19.7205365128 399.327707036 437.64778238 455.505035852 475.043446954 16.8455532607 31.5161175099 78.3445447858 94.5126383106 107.572748198 11.645433422 7.66071140626 14593.6848933 9.07868155964 12.4187041361 5.83788013423 25.9507828122 12.6295728987 5.62330499072 116.885260529 120.934927975 3.34278483372 138.192864437 161.716634114 24.2125752097 3956.50117412 3948.06725408 3940.6409245 3926.97281156 3922.29819424 3815.64998182 3812.1506941
-9999.0 -9999.0 -9999.0 -9999.0 -9999.0 -9999.0 -9999.0 -9999.0 -9999.0 -9999.0 -9999.0 -9999.0 -9999.0 -9999.0 4.3467285643 10.1042953056 17.8260391129 155.296959425 177.480968281 22.2813648406 22.0524839867 21.4773757811 319.834960809 361.176618712 20.1712564455 20.5686497688 17.2519632472 70.1038043853 87.0323536627 49.2574524582 64.0875442457 403.055944152 417.137328132 439.829727532 706.632846978 15305.3092486 8.12944302213 4.65967090121 38.3976979671 32.3192200781 4.67007349422 15.1414196801 19.3369708213 125.800921595 129.493708199 301.101492939 165.059377818 29.0045209246 4039.48138776 34.3933878748 3933.98741809 3930.71055327 101.631185177 5.32390266543 19.4329290762
-9999.0 -9999.0 -9999.0 -9999.0 -9999.0 -9999.0 -9999.0 -9999.0 -9999.0 -9999.0 -9999.0 -9999.0 -9999.0 -9999.0 22.4006779587 36.5156492776 77.3256607824 134.489770978 193.660078457 235.979718158 257.310412674 279.206054796 300.314649346 20.5041068016 19.0996141091 37.675486082 35.2286433483 18.1155786066 345.871550598 362.361433863 378.247210865 393.994229405 233.959408478 247.953043774 259.302297214 15309.5053762 13.8915872852 11.3316565975 54.1318322146 6.03944620663 7.91475012426 4.03477511009 3.79787842245 22.8495351302 2.81278119408 3.09052751448 4358.23626756 4055.20236715 4052.32259997 14.4485109028 31.1837479423 20.5268108075 5.21595045924 93.2929173409 27.4652792269
-9999.0 -9999.0 -9999.0 -9999.0 -9999.0 -9999.0 -9999.0 -9999.0 -9999.0 -9999.0 -9999.0 -9999.0 -9999.0 -9999.0 15.6772424928 14.2928276423 27.8367454742 42.9601220952 21.9512779389 23.967969855 46.3335203532 68.4231417407 110.171713703 130.898225853 149.711004999 206.846307972 224.274717904 243.061034713 17.3663974925 173.664570134 189.425285215 205.404504447 14.7302045629 11.0124827886 17.9308536307 15587.1202396 15591.0079428 15612.6231043 70.7453963929 12.1560639849 13.0900927498 3.4015744383 6.48853467325 25.6221060314 30.7817761423 5.42610371302 4371.92241685 4.41236909723 7.92023810615 8.98911305617 6.07118799727 11.8471614573 4.71566897746 60.0325525275 49.019800127
-9999.0 -9999.0 -9999.0 -9999.0 -9999.0 -9999.0 -9999.0 -9999.0 -9999.0 -9999.0 -9999.0 -9999.0 -9999.0 -9999.0 -9999.0 13.3178776926 26.5138561898 13.4391165792 27.944518448 177.032836658 196.679164823 218.500959869 20.8444076638 20.8022514087 39.6878039649 58.9166164735 93.1562463005 110.710706062 122.371739931 139.301240585 14.5175309575 14.3415810412 234.30324258 244.363966218 250.160031114 255.37062174 212.058862744 15846.1538537 15948.3841751 15952.9298855 15969.9850079 15989.7410993 15998.5060014 2.47264291563 33.036202648 4374.0779064 5.94544296212 3.08294296844 3.06116546216 2.88391368827 5.03897586196 5.55472802805 3.38562977736 5.62243247927 5.74932433767
-9999.0 -9999.0 -9999.0 -9999.0 -9999.0 -9999.0 -9999.0 -9999.0 -9999.0 -9999.0 -9999.0 -9999.0 -9999.0 -9999.0 -9999.0 -9999.0 39.4973535085 54.2845752554 97.8657850128 132.915358411 19.3463040905 260.8890825 281.366975668 301.546393087 19.471715025 38.4338839728 16.9632797542 128.970287074 140.03529525 156.401338795 171.772103648 212.999911515 221.095401667 5.06685504701 192.563161542 202.777430408 207.281415144 229.386649971 27.440390213 17.248212708 10.9505517496 10.6268800258 16008.7003218 16012.4369304 16068.3065947 4375.93708688 15.8476357168 8.14282092971 5.2939765806 1.67682640496 16.7345474465 9.39974909202 2.86794010765 17.051287453 14.7489506391
-9999.0 -9999.0 -9999.0 -9999.0 -9999.0 -9999.0 -9999.0 -9999.0 -9999.0 -9999.0 -9999.0 -9999.0 -9999.0 -9999.0 -9999.0 -9999.0 14.5862290432 68.7148305834 84.148663175 20.5282226596 22.2478440468 44.5962389115 65.2623798949 386.753364123 19.2323594076 77.46782131 94.8037696474 112.367832219 11.5417866484 27.0692295723 38.3463317327 152.723579478 173.094006178 177.57034332 5.00864451392 5.36557866517 6.90817244967 12.6852000464 5.71460684019 6.09945915969 9.59891778456 8.52772929567 9.49628299768 20.7739004794 16072.7335574 20458.644187 19.5789444923 4.424937688 1.57269805462 54.8035755378 51.0111886157 31.3907761209 28.4817946985 21.6108040547 5.50711314546
-9999.0 -9999.0 -9999.0 -9999.0 -9999.0 -9999.0 -9999.0 -9999.0 -9999.0 -9999.0 -9999.0 -9999.0 -9999.0 -9999.0 -9999.0 11.6581612451 39.6920144485 13.3781412051 22.2670059819 23.044854133 45.4576150289 67.1372409847 85.7538850141 487.009731818 505.453006117 18.9891861121 36.1854091241 53.4588355475 68.0298229712 84.231170511 137.127975454 146.889464126 14.2439312595 10.3326712334 8.99128482842 10.1247973671 9.83505924021 10.1373555634 8.8031683667 11.6325931202 30.8888153058 14.388406503 3.78240857739 3.55978405652 3.78928462664 6.96367703592 20627.3793615 144.766721415 62.8369373273 4.09088569779 1.72554140952 1.44848151948 6.05628994794 4.43367560546 2.41695026054
-9999.0 -9999.0 -9999.0 -9999.0 -9999.0 -9999.0 -9999.0 -9999.0 -9999.0 -9999.0 -9999.0 -9999.0 -9999.0 -9999.0 12.414289035 23.7024379859 88.0987396089 12.8026505616 41.454216603 64.114930844 85.6710227664 21.8861311106 41.7740383716 58.9204168724 577.898759532 18.046314466 34.2574214626 50.8737057151 16.1500208396 32.2009507814 46.1616284387 55.9529100014 1161.51336206 1180.4454651 1196.7207164 1267.51145716 1297.96097272 1355.12775706 12.6982454433 30.9690954539 37.8565867465 1512.10723302 1519.33767398 3.18662818401 5.70581730665 8.06442270782 20629.901206 135.397637866 67.3870861629 65.2683903147 47.6956807899 39.6617609824 7.98465093844 1.77736699112 3.80001488256
-9999.0 -9999.0 -9999.0 -9999.0 -9999.0 -9999.0 -9999.0 -9999.0 -9999.0 -9999.0 -9999.0 -9999.0 -9999.0 -9999.0 12.8414849589 38.477646715 139.105468833 204.176543617 11.3855454208 270.570500331 370.465439129 20.9505808275 40.4903117532 58.386990522 743.652870196 757.666862195 15.768697592 83.1948990617 98.4474686926 112.538882865 1036.15168891 1075.21849848 1094.86458638 9.07325830609 50.6885388767 60.2245986805 26.4408857232 38.1239737394 1406.40534085 1453.30416243 1461.99888491 1470.1144621 1527.12607063 3.77304621462 3.03448191458 13.293877821 20632.0330722 3.0984246273 5.29013059213 15.8622498143 6.5316571456 36.718386921 25.8204911276 15.200429975 11.2218578423
-9999.0 -9999.0 -9999.0 -9999.0 -9999.0 -9999.0 -9999.0 -9999.0 -9999.0 -9999.0 -9999.0 -9999.0 -9999.0 -9999.0 -9999.0 -9999.0 26.6656983222 53.5251228953 242.56926046 256.804169836 382.7674023 397.204454647 20.6217301025 41.1613232469 95.7610042268 770.454893849 802.589879875 816.380145189 11.380764925 868.831701586 909.871679673 25.1778360219 9.19681688129 17.6226968695 34.3005726882 8.19396808244 16.3113772634 35.0896667354 43.9527865211 8.31003174106 5.1249359541 10.0726848231 1566.44997473 1579.67402813 1582.1058031 1602.75695036 20633.7857485 1.74804241037 3.55454136805 4.40137800316 4.5354315651 4.6743690404 4.03697653349 7.47842139301 1.22144665496
-9999.0 -9999.0 -9999.0 -9999.0 -9999.0 -9999.0 -9999.0 -9999.0 -9999.0 -9999.0 -9999.0 -9999.0 -9999.0 -9999.0 -9999.0 -9999.0 13.9240883214 13.5806928316 13.6647080723 28.7536181765 12.7944716539 422.516537027 435.589519797 18.4662263826 37.4040608809 19.6564105458 16.4655640146 15.9745145455 846.322428082 14.3042837097 28.9357682889 12.5295083912 9.46733714803 8.51901672538 6.3843201665 6.6969745336 20.3348007329 27.9213257566 5.09509008414 4.37537772022 9.44669604491 15.9429562788 21.9716300413 6.73429312341 1586.68972892 1605.20456305 20634.6269727 12.3341709345 9.06126898147 2.28510625499 6.39693984234 1.90709888107 1.417694843 9.0341423947 6.58671094139
-9999.0 -9999.0 -9999.0 -9999.0 -9999.0 -9999.0 -9999.0 -9999.0 -9999.0 -9999.0 -9999.0 -9999.0 -9999.0 -9999.0 -9999.0 -9999.0 -9999.0 -9999.0 13.4009342792 41.0544692905 52.1278271611 64.3995851558 447.578690377 459.661449906 472.10622966 487.493559086 503.005769085 535.213062798 548.522427449 562.253968241 572.711113791 8.14973507203 7.56473583392 8.14238601679 28.3056212161 7.56879786843 7.05960503236 5.34209433001 15.2455387052 6.10442043497 4.38783953178 4.00888848948 3.37868498511 6.73900992454 9.40299134746 1623.73433636 22271.7445201 1.40695742275 3.09660788179 1.88143301143 8.41381121306 4.06742164314 2.85150604749 20.4789368927 10.6146097447
-9999.0 -9999.0 -9999.0 -9999.0 -9999.0 -9999.0 -9999.0 -9999.0 -9999.0 -9999.0 -9999.0 -9999.0 -9999.0 -9999.0 -9999.0 -9999.0 -9999.0 -9999.0 -9999.0 11.0273661285 88.6576249848 177.421332327 190.630914941 18.6520607399 37.3402473701 56.3718481806 72.7255331907 179.849696839 188.9674428 8.67821447088 8.53475800133 589.11358753 603.659126224 610.313402558 33.3954219023 4.68072968795 12.0851620514 17.6275761413 51.9409678275 63.3017308249 71.5757036227 7.45705741222 10.1296723454 3.28847326626 6.34895343987 3.2057978604 22276.6577972 1.20161914948 5.34261398315 3.31745134512 12.8426232292 22.3590472274 25.8884988157 47.0643178151 14.6615249099
-9999.0 -9999.0 -9999.0 -9999.0 -9999.0 -9999.0 -9999.0 -9999.0 -9999.0 -9999.0 -9999.0 -9999.0 -9999.0 -9999.0 -9999.0 -9999.0 -9999.0 -9999.0 12.4495775961 39.8410753954 77.8297286085 101.519851111 263.62724672 279.467858472 39.1706919314 58.477108136 75.1136063257 92.0709098461 200.527120188 219.092137589 399.663619822 415.55692637 423.772285748 617.368409651 668.65104848 11.8931045573 8.04855904149 7.65891368521 14.4090152095 6.31673736849 83.2190475982 87.0938163 13.1842889062 18.0258209085 3.59877896375 4474.69602398 4480.87302185 26760.1903411 26766.8203732 1.21794386291 15.5021203342 1.7317867014 1.53228371306 50.4502264453 66.3405178903
-9999.0 -9999.0 -9999.0 -9999.0 -9999.0 -9999.0 -9999.0 -9999.0 -9999.0 -9999.0 -9999.0 -9999.0 -9999.0 -9999.0 -9999.0 -9999.0 -9999.0 -9999.0 -9999.0 14.3124815767 13.8814136724 26.0986372119 61.8118543193 291.467456244 19.9593743707 19.6893305645 36.2690603371 53.1760300861 136.121881587 151.060966549 11.9914133142 10.5363666179 434.050758446 441.729769636 1117.82359817 1124.60440571 3.97328163122 3.38557760589 2.64559167263 2.67707748242 2.78527729108 4400.22910003 4423.30442833 4446.73257916 4455.37636004 4470.55938641 3.43854230178 12.3428313834 14.5914851234 26785.1954125 26785.3981068 26787.7721206 26791.4933166 26794.5775784 69.0765112577
-9999.0 -9999.0 -9999.0 -9999.0 -9999.0 -9999.0 -9999.0 -9999.0 -9999.0 -9999.0 -9999.0 -9999.0 -9999.0 -9999.0 -9999.0 -9999.0 -9999.0 -9999.0 -9999.0 -9999.0 12.6151513488 13.2654820718 24.5304087256 339.520395663 353.037687984 19.3907180424 35.839774731 53.0684896926 69.2284593977 14.9904392953 26.7255881229 871.456165312 879.835042857 888.671989554 953.34891216 2086.18442097 4239.0318628 4248.78315133 4257.27806109 4265.27938732 4298.60838602 4309.46630771 19.038633223 8.3032024841 5.0138316227 9.309292225 6.07112229312 9.81453974453 2.93538194348 73.4043178057 78.3013390213 81.9057920043 82.7569596243 26795.0698759 26866.3671822
-9999.0 -9999.0 -9999.0 -9999.0 -9999.0 -9999.0 -9999.0 -9999.0 -9999.0 -9999.0 -9999.0 -9999.0 -9999.0 -9999.0 -9999.0 -9999.0 -9999.0 -9999.0 -9999.0 -9999.0 -9999.0 12.8915458876 24.680082664 36.5533000568 363.123207508 14.6452091277 502.66444743 520.48457204 536.022032072 548.754862834 821.748935672 833.811723669 9.36364854016 47.3833593237 57.1440761039 8.60971802843 2143.11426023 2127.91759341 4.31750593158 10.1421688744 26.8136270414 5.94004048883 6.01691298264 4.15346665356 3.24342626813 2.42222805243 2.78358324875 64.4377536428 67.2635105077 70.812332873 3.20573047005 2.47759994031 84.0872055473 85.1435619374 85.7076389897
-9999.0 -9999.0 -9999.0 -9999.0 -9999.0 -9999.0 -9999.0 -9999.0 -9999.0 -9999.0 -9999.0 -9999.0 -9999.0 -9999.0 -9999.0 -9999.0 -9999.0 -9999.0 -9999.0 -9999.0 -9999.0 11.6736602625 10.9370565504 56.8808993038 444.409328516 471.451137631 486.351592083 18.3024570959 236.540446205 252.402543043 260.348590365 12.0183700455 21.9510199601 30.5762225691 517.365136823 523.655660907 528.920997006 2118.43632816 1239.67233676 5.65519457279 5.68322072708 5.41991710032 3.83878665913 40.3826211025 47.9544905786 54.4631931635 58.0005328639 61.3749798703 507.312662044 509.524603451 513.404831988 523.34685649 551.513169114 552.327137938 638.845149011
-9999.0 -9999.0 -9999.0 -9999.0 -9999.0 -9999.0 -9999.0 -9999.0 -9999.0 -9999.0 -9999.0 -9999.0 -9999.0 -9999.0 -9999.0 -9999.0 -9999.0 -9999.0 -9999.0 -9999.0 -9999.0 -9999.0 22.840983804 35.0162648783 13.771044913 19.850579186 167.909524653 187.350420318 202.497020065 105.141905326 119.660857422 134.043960848 143.285252733 503.204158248 511.856284895 331.664231515 867.261746822 873.445142507 1235.0581869 11.1364825493 5.51692011404 3.59806797915 28.1387236834 32.8623880554 2.43335840096 2.23576400102 497.05034314 502.643263797 505.253336046 4.65285885251 7.04330916147 547.703969045 2.43761415455 6.00698126463 6.57074772903
-9999.0 -9999.0 -9999.0 -9999.0 -9999.0 -9999.0 -9999.0 -9999.0 -9999.0 -9999.0 -9999.0 -9999.0 -9999.0 -9999.0 -9999.0 -9999.0 -9999.0 -9999.0 -9999.0 -9999.0 -9999.0 -9999.0 11.4736098068 22.7129705662 99.0941749963 113.444058971 130.111807056 74.2165678795 90.2697282541 15.4356965568 325.072260817 338.884529609 351.2624972 9.88373864831 315.670337958 324.629598456 6.42593905515 1205.12208271 13.1861002618 6.54000740234 15.4010917018 20.9400586622 3.70818409873 2.8722909429 467.822187981 492.064092737 495.434380471 3.55817368012 6.88468671419 8.71557017826 10.3863393455 20.9978044812 2.15170880203 4.96505592066 0.94302764729
-9999.0 -9999.0 -9999.0 -9999.0 -9999.0 -9999.0 -9999.0 -9999.0 -9999.0 -9999.0 -9999.0 -9999.0 -9999.0 -9999.0 -9999.0 -9999.0 -9999.0 -9999.0 -9999.0 -9999.0 -9999.0 -9999.0 11.3204611145 36.2274059715 64.6136461878 16.6225638056 36.0524224672 56.3065671679 264.721276554 281.522121026 296.068999952 13.4684504148 248.786238933 288.246014914 298.590205709 8.25242309472 1178.21439005 1192.71821155 6.58860096083 5.89809215252 11.3292100241 4.23412925917 448.835462907 456.019600939 460.144808834 15.7344848519 19.1465573922 2.85916785748 4.96449894956 2.12660799607 15.1279587319 2.18281384673 1.28020404046 1.33118544023 1.40350294042
-9999.0 -9999.0 -9999.0 -9999.0 -9999.0 -9999.0 -9999.0 -9999.0 -9999.0 -9999.0 -9999.0 -9999.0 -9999.0 -9999.0 -9999.0 -9999.0 -9999.0 -9999.0 -9999.0 -9999.0 -9999.0 -9999.0 -9999.0 12.9894931491 14.9313153883 18.8735027652 171.437627403 190.669745329 247.569517162 16.6904996235 191.596678198 223.545124146 13.6771264849 27.7333771047 10.3990497981 1153.49671112 10.0328517178 23.5178958952 28.3867199777 32.9391336499 421.064907538 437.13068038 441.891001377 4.81624076866 8.64562877238 11.9961988642 1.82406485461 1.62405399564 1019.62084663 1021.22093839 1022.49433443 1036.25929087 1037.91178981 1039.8186428 1040.86126294
