data/baseflow/mHMbf_acc577.asc
ncols                  80
nrows                 72
xllcorner      4374000.0
yllcorner      5656000.0
cellsize            500
NODATA_value       -9999
[rows 0 to 24 of 72, columns 0 to 54 of 80]
-9999.0 -9999.0 -9999.0 -9999.0 -9999.0 -9999.0 -9999.0 -9999.0 -9999.0 -9999.0 -9999.0 -9999.0 32.7694756306 24.4479838111 -9999.0 -9999.0 -9999.0 -9999.0 -9999.0 -9999.0 -9999.0 -9999.0 -9999.0 -9999.0 -9999.0 -9999.0 -9999.0 -9999.0 -9999.0 -9999.0 -9999.0 -9999.0 -9999.0 -9999.0 -9999.0 -9999.0 -9999.0 -9999.0 -9999.0 -9999.0 -9999.0 -9999.0 -9999.0 -9999.0 -9999.0 -9999.0 -9999.0 -9999.0 -9999.0 -9999.0 -9999.0 -9999.0 -9999.0 -9999.0 -9999.0
-9999.0 -9999.0 -9999.0 -9999.0 -9999.0 -9999.0 -9999.0 -9999.0 -9999.0 -9999.0 -9999.0 -9999.0 65.3796848584 139.524635665 21.5746881098 -9999.0 16.4252058298 -9999.0 -9999.0 -9999.0 -9999.0 -9999.0 -9999.0 -9999.0 -9999.0 -9999.0 -9999.0 -9999.0 -9999.0 -9999.0 -9999.0 -9999.0 -9999.0 -9999.0 -9999.0 -9999.0 -9999.0 -9999.0 -9999.0 -9999.0 -9999.0 -9999.0 -9999.0 -9999.0 -9999.0 -9999.0 -9999.0 -9999.0 -9999.0 -9999.0 -9999.0 -9999.0 -9999.0 -9999.0 -9999.0
-9999.0 -9999.0 -9999.0 -9999.0 -9999.0 -9999.0 -9999.0 -9999.0 -9999.0 -9999.0 32.831870351 31.8797073727 32.5205689693 31.081514604 200.505341874 224.648437706 45.773254876 14.4431765488 -9999.0 -9999.0 -9999.0 -9999.0 -9999.0 -9999.0 -9999.0 -9999.0 -9999.0 -9999.0 -9999.0 -9999.0 -9999.0 -9999.0 -9999.0 -9999.0 -9999.0 -9999.0 -9999.0 -9999.0 -9999.0 -9999.0 -9999.0 -9999.0 -9999.0 -9999.0 -9999.0 -9999.0 -9999.0 -9999.0 -9999.0 -9999.0 -9999.0 -9999.0 -9999.0 -9999.0 -9999.0
-9999.0 -9999.0 -9999.0 -9999.0 -9999.0 -9999.0 -9999.0 -9999.0 -9999.0 32.1593841524 64.5087127697 127.820252469 62.9568221874 30.744264069 61.0946069475 255.04588247 338.420087861 17.5562274196 -9999.0 32.6249104295 -9999.0 -9999.0 -9999.0 -9999.0 31.4358245349 15.7504835748 -9999.0 -9999.0 -9999.0 -9999.0 -9999.0 -9999.0 -9999.0 -9999.0 -9999.0 -9999.0 -9999.0 -9999.0 -9999.0 -9999.0 -9999.0 -9999.0 -9999.0 -9999.0 -9999.0 -9999.0 -9999.0 -9999.0 -9999.0 -9999.0 -9999.0 -9999.0 -9999.0 -9999.0 -9999.0
-9999.0 -9999.0 -9999.0 -9999.0 -9999.0 -9999.0 -9999.0 -9999.0 34.1830068345 99.3421185791 131.087610268 162.815602416 221.421647009 30.2245796879 120.587170815 150.779803651 538.897250465 27.5523416745 29.8869395637 62.5611373378 91.804109709 30.1586049661 -9999.0 85.814632016 69.9695383292 20.2973746357 -9999.0 -9999.0 -9999.0 -9999.0 -9999.0 -9999.0 -9999.0 -9999.0 -9999.0 -9999.0 -9999.0 -9999.0 -9999.0 -9999.0 -9999.0 -9999.0 -9999.0 -9999.0 -9999.0 -9999.0 -9999.0 -9999.0 -9999.0 -9999.0 -9999.0 -9999.0 -9999.0 -9999.0 -9999.0
-9999.0 -9999.0 -9999.0 -9999.0 -9999.0 -9999.0 33.8472469786 32.4569058128 32.1702317031 32.3278953265 32.7409369812 227.987434018 480.759288959 512.054491213 540.240613253 27.4095230578 595.350107836 624.418175848 59.6223435968 29.1028147495 120.475116019 209.428818887 28.7442203244 171.48341046 30.444130574 29.8016182926 31.4636586234 -9999.0 -9999.0 -9999.0 -9999.0 -9999.0 -9999.0 -9999.0 -9999.0 -9999.0 -9999.0 -9999.0 -9999.0 -9999.0 -9999.0 -9999.0 -9999.0 -9999.0 -9999.0 -9999.0 -9999.0 -9999.0 -9999.0 -9999.0 -9999.0 -9999.0 -9999.0 -9999.0 -9999.0
-9999.0 -9999.0 -9999.0 -9999.0 -9999.0 -9999.0 67.4995860438 100.54002758 230.264620568 325.774108903 30.9894283961 31.3808347913 30.422579178 90.7638158264 659.797382785 27.420583808 654.19681942 765.862008797 87.8159965718 57.0191341044 237.437374347 29.5581178612 200.822712983 59.7169537869 30.1900112336 59.3581393961 61.8096361362 30.5778392683 30.690967344 30.4854699581 31.0488449611 62.5221278272 -9999.0 -9999.0 -9999.0 -9999.0 -9999.0 -9999.0 -9999.0 -9999.0 -9999.0 -9999.0 -9999.0 -9999.0 -9999.0 -9999.0 -9999.0 -9999.0 -9999.0 -9999.0 -9999.0 -9999.0 -9999.0 -9999.0 -9999.0
-9999.0 -9999.0 -9999.0 -9999.0 -9999.0 34.9581950694 68.6755618931 33.4837899361 65.9040287837 358.433771922 421.81631347 484.570012794 1504.15670957 30.1969462924 689.774471275 2415.16201732 2436.61348337 3238.07235067 22.6703002967 85.6807506924 265.735763592 28.2138646709 528.713735376 299.255155923 181.326963807 151.475105082 30.1090584406 91.2183868274 90.0804102723 60.3017162653 29.7649697328 93.1116462372 30.0489389163 30.0263189506 -9999.0 -9999.0 -9999.0 -9999.0 -9999.0 -9999.0 -9999.0 -9999.0 -9999.0 -9999.0 -9999.0 -9999.0 -9999.0 -9999.0 -9999.0 -9999.0 -9999.0 -9999.0 -9999.0 -9999.0 -9999.0
-9999.0 -9999.0 -9999.0 -9999.0 -9999.0 35.0637678982 103.074859707 205.275523337 237.726238126 471.546657907 503.52414866 601.655897856 989.240507191 1584.8575592 1643.11643128 1670.31062339 54.0262236013 3333.78975921 3382.76311689 3523.71967947 4434.5762337 615.417103159 558.061438131 210.728100293 28.9854037658 179.429383398 120.823647811 29.2582501386 118.596668769 28.0615579779 56.7639060719 152.139343732 181.581219074 59.5451339429 29.3006502107 29.3892956603 -9999.0 -9999.0 -9999.0 -9999.0 17.4158366834 14.7601143907 -9999.0 -9999.0 -9999.0 -9999.0 -9999.0 -9999.0 -9999.0 -9999.0 -9999.0 -9999.0 -9999.0 -9999.0 -9999.0
-9999.0 -9999.0 -9999.0 -9999.0 -9999.0 34.7152722496 33.7892543482 136.13024944 168.573623903 201.704138858 33.0690536507 65.9214324249 364.592445983 64.2466086624 31.8131531613 31.0325787371 28.7767214759 31.5020343265 30.9181807178 30.1555535149 4464.42758027 4549.93346745 28.1917758273 85.9592401452 57.8858222182 208.301328164 58.3689916879 28.6325082114 147.712012246 55.1909275743 131.097068799 324.270599976 299.970405381 89.4465163416 88.3009474291 29.234023011 29.4809815422 -9999.0 -9999.0 29.2334626689 40.7805166995 86.4605490066 15.6189868945 -9999.0 -9999.0 -9999.0 -9999.0 -9999.0 -9999.0 -9999.0 -9999.0 -9999.0 -9999.0 -9999.0 -9999.0
-9999.0 -9999.0 -9999.0 -9999.0 -9999.0 -9999.0 34.8819455164 34.3385690414 68.5844117571 102.228621373 233.818374078 300.463464249 333.321844317 33.1228835108 30.5872717065 383.810764254 475.287147089 505.268833642 625.854387421 655.16764706 29.3118030674 4578.82395271 4720.62297434 113.413792043 24.3478169089 235.759333311 527.481274684 205.070565622 56.494811156 28.0864935359 509.946330447 352.516477885 28.2472312011 27.9552553444 116.323592522 87.0996208075 29.4360708348 29.6276152576 28.7912688075 57.5770426537 28.9485235424 105.420453968 134.599565526 28.6816704874 -9999.0 -9999.0 -9999.0 -9999.0 30.5634854814 29.7665755767 8.10760304356 -9999.0 -9999.0 -9999.0 -9999.0
-9999.0 -9999.0 -9999.0 -9999.0 -9999.0 -9999.0 -9999.0 35.3085018357 32.0247091914 65.2717912156 98.7716851199 33.7383732422 32.7151779938 195.411530359 259.095736603 323.252268727 30.7077543158 61.2121880647 30.0274350799 684.045952362 1499.76780017 1517.63163837 6290.71526702 28.9354999996 73.7366916254 24.0282415515 555.660683828 27.9720724465 84.8445629174 28.0229285212 538.21819693 566.050550378 56.2608919401 55.6558938554 290.266129288 145.414005679 58.2175514549 29.0681442981 57.8116672802 86.1442749474 143.859637723 29.1192137135 193.320134611 222.89946928 28.3248546395 29.3502232192 29.2473546555 28.2715265881 27.332840696 88.1041588074 34.7109095699 22.9959101608 -9999.0 -9999.0 -9999.0
-9999.0 -9999.0 -9999.0 -9999.0 -9999.0 -9999.0 -9999.0 -9999.0 67.1727631936 99.0079934581 32.999783949 66.0641934271 98.3724855273 164.332363505 32.576985556 32.4364082526 30.1294176357 30.7263202183 29.584667179 757.142543502 30.070124927 59.6723549121 6372.39897243 6445.88156465 43.5554401918 158.824204372 744.430217018 55.6741955715 111.987761424 54.9763130145 81.6793813615 676.241726519 83.3068397408 429.354919404 346.591309468 28.5491098162 143.564698495 57.360697831 86.0725274936 28.3487504004 172.871947988 231.511114644 259.482337739 286.786792247 333.420588381 55.5038623111 55.9364713119 54.212648743 52.3117297743 114.500386811 26.0323455173 84.0100933196 109.009408357 -9999.0 -9999.0
-9999.0 -9999.0 -9999.0 -9999.0 -9999.0 -9999.0 -9999.0 -9999.0 34.073342478 166.314833296 198.976555524 32.8314420772 65.4453646674 32.6770666264 31.8378352915 31.212706621 382.797402999 512.042608288 628.864465138 738.46651325 28.1170752399 29.8437057974 37.5644447243 6587.04568575 6663.1621577 6703.907433 1012.91051772 226.763543154 196.145015153 27.5350302482 109.00497488 812.382679595 27.2959363454 456.696375182 27.7041610956 184.891173636 172.110752597 28.0768378819 113.957444528 56.2344197484 84.0535863168 29.4674476562 27.4370422841 313.933638147 340.227325596 359.626825101 82.5397284986 80.3057811428 78.0364661105 140.92595764 192.766674801 25.7257411249 133.83803117 25.0627656591 49.4208681009
-9999.0 -9999.0 -9999.0 -9999.0 -9999.0 -9999.0 -9999.0 -9999.0 -9999.0 33.455226205 231.72296494 264.50821076 98.4105058902 163.920183109 227.769722819 259.80032631 31.9595923174 98.8488929809 64.8917439349 31.7032178107 31.8882254425 30.6786224483 62.2730090194 110.622050542 45.3996211276 7800.0639614 7843.87798444 41.9920383027 30.4094334147 54.9297784777 82.2989762792 893.454640559 53.7524828974 483.169509907 289.917604833 236.099165659 27.9404649827 55.8383116957 141.544530609 27.3305587986 111.244207829 56.5703269515 51.8985608295 24.5666440795 415.733641612 799.983714551 105.940672465 103.815138747 102.614735869 24.4137371646 216.833564813 23.8853298263 182.983066739 24.1422921394 73.5450524229
-9999.0 -9999.0 -9999.0 -9999.0 -9999.0 -9999.0 -9999.0 -9999.0 -9999.0 -9999.0 32.1068616832 329.464202966 33.1661443214 66.3524352946 98.0087652518 162.888105404 33.5328409477 67.4620210198 33.5322679252 32.8477213178 31.3413925825 61.9781222644 29.7098852649 35.6598932327 80.6591754668 45.8919652849 7883.52342304 7965.83981448 8081.3896911 116.097847132 27.6200893824 54.9582687718 920.331784375 907.571939056 344.422423552 27.2998931663 111.078368368 83.4988584083 169.209731896 54.9467591725 222.087841171 83.6394027891 78.5060192159 21.8938265529 25.010030976 827.407115852 853.555215688 1087.93930689 178.1071528 50.1531030608 242.304582418 290.690127578 496.992982074 47.7368317577 22.8990261769
-9999.0 -9999.0 -9999.0 -9999.0 -9999.0 -9999.0 -9999.0 -9999.0 -9999.0 -9999.0 -9999.0 17.041639593 368.354955977 32.7645289618 64.2337934474 291.779867829 33.1055527832 33.2385365172 30.4960199377 63.5245297823 30.0531400543 121.925251169 181.060635391 209.774921192 111.802055637 149.861193137 43.458501748 45.8480858374 41.1068099967 8261.48424852 8349.44571833 947.106588991 960.472451985 934.137020227 53.6470452854 26.5736442698 137.635107972 360.260127052 196.160289359 82.0147209136 330.769653824 171.837227103 145.492210182 43.5167424018 20.5004357657 20.5721001851 21.687502737 1179.546312 1433.88783744 24.6370184461 23.5109682689 23.74042294 520.131751811 590.434954018 44.0152472189
-9999.0 -9999.0 -9999.0 -9999.0 -9999.0 -9999.0 -9999.0 -9999.0 -9999.0 -9999.0 -9999.0 16.5832206406 409.43164882 506.480336883 31.3289040489 354.783749453 31.3317521825 30.9326058722 60.2093961565 153.638303957 29.9692645466 30.7250023225 29.3634337043 268.689019397 298.107807451 477.516286618 552.239470676 588.776764415 629.67066543 668.814293521 9056.62309834 10076.7437992 11107.4732874 11136.9821899 30.2608494686 26.4227933507 413.275718414 387.060055497 26.4477787927 26.7375949332 356.407203369 554.732933876 25.1719000054 288.783082565 265.159438947 86.0642588444 43.280527182 66.7377941804 26.7986224625 1483.69478587 24.9641677025 71.2823551365 93.1436003066 750.539933377 813.203594957
-9999.0 -9999.0 -9999.0 -9999.0 -9999.0 -9999.0 -9999.0 -9999.0 -9999.0 -9999.0 -9999.0 33.2706951197 65.5304374436 538.531674147 600.50030049 31.2069632324 410.337879007 29.9772272551 90.4868561471 183.363102433 59.4741645659 29.4824946148 59.4799756096 28.8812575743 56.2539692751 27.5426925933 26.6475370092 24.6911993386 23.7145380864 25.2077817624 28.6536854813 35.672666388 41.0740534761 42.4573778534 11243.5146211 554.024452552 485.659989649 34.0070946946 79.7734922477 20.6025922235 16.5061483698 580.436475076 947.10061104 315.64179083 223.096177309 44.140706825 21.4440561105 20.9429838098 45.4088978629 1554.20058739 1602.49443245 24.6241878875 24.1803712666 22.9989439327 18.7592079076
-9999.0 -9999.0 -9999.0 -9999.0 -9999.0 -9999.0 -9999.0 -9999.0 -9999.0 -9999.0 -9999.0 -9999.0 32.6117403186 401.985383446 1034.15621911 1129.1840239 1568.74643087 1592.65050595 416.017902431 302.562214159 89.4936934024 29.3376993723 117.634859253 146.130939996 229.996513226 55.6564118157 54.1962225383 52.4068626164 103.443227203 52.3457186388 55.2124074263 24.7449786341 22.2697175432 27.8511648262 11277.0792587 11848.4939094 11885.0622831 37.0858620585 240.212939605 90.0183663323 26.5495856913 1026.92347481 54.5148859142 27.715604716 111.216461644 26.0558959201 26.0208106295 50.9802360712 74.416332002 98.7720830719 1647.46995931 21.9710943188 20.2991470826 20.2860832949 18.4538773589
-9999.0 -9999.0 -9999.0 -9999.0 -9999.0 -9999.0 -9999.0 -9999.0 -9999.0 -9999.0 -9999.0 33.8899540939 304.167222916 370.18708968 63.6182831266 19.0426834421 45.9813069037 1669.03102254 1694.88221234 2133.67285447 28.2567432782 57.4397962072 27.2999834334 27.7336433439 257.396367837 340.437855938 422.030291562 26.6401962193 130.14160969 208.748589234 131.536155562 50.6176386935 46.4143946664 49.2730713488 53.8883336864 32.9009216547 11917.2407658 11949.0902021 12253.8794832 50.7718897704 25.7078227733 1044.7144807 54.9644257061 28.0057348821 28.677418726 28.3823290476 27.2989297884 53.7366377567 158.368818509 282.313115106 1951.87193264 19.320977135 57.6303033574 38.5557805023 35.5683602548
-9999.0 -9999.0 -9999.0 -9999.0 -9999.0 -9999.0 -9999.0 -9999.0 -9999.0 -9999.0 -9999.0 34.4639614156 204.102033191 33.3482171987 31.6626786461 152.612488668 182.333285407 213.17057013 242.970499688 2887.58403306 2912.18514976 2965.62755184 3354.0898225 3438.17855019 3490.82375259 3518.81383923 4008.74472277 4079.22158428 4105.2977678 4340.98811081 4499.53317761 4525.52880856 4621.0359992 74.389921925 76.2330964241 25.0124339119 31.9288565854 11980.877422 12367.2002305 79.5357875049 1192.35430356 1168.86991082 108.310820256 27.0075748252 27.785261419 27.4543834793 26.5575435187 53.3450620693 79.4232799105 26.5144506889 1973.57037338 1995.73983192 2112.70644974 2132.97720001 2187.78140297
-9999.0 -9999.0 -9999.0 -9999.0 -9999.0 -9999.0 -9999.0 -9999.0 -9999.0 -9999.0 -9999.0 102.207364208 135.247156543 64.1689589878 96.4064135806 32.0112407183 359.068852901 390.481632277 452.612220697 480.562389761 208.420749039 3215.70396878 3240.7919006 28.4027430291 24.9858759369 23.4400521808 49.0105006913 23.9257789634 21.4433136238 21.0598989304 22.0045792998 4549.48884456 4645.46339353 4742.37799055 4839.93284063 4951.98427889 60.3909262602 27.539138081 13643.5615098 1242.86982177 1215.95843581 25.497807069 25.3791117281 24.6019995699 52.3000368524 52.1932963135 24.7002157418 24.6929940762 24.2326970215 50.526229659 72.1941283217 22.3919345901 41.2795592958 16.9148443087 14.3733252042
-9999.0 -9999.0 -9999.0 -9999.0 -9999.0 -9999.0 -9999.0 -9999.0 -9999.0 -9999.0 -9999.0 -9999.0 68.3818677475 32.5365669963 32.5589256704 296.503138718 328.361250827 31.5991879786 125.110345987 155.026472192 183.696410184 29.8025998118 29.0178302222 521.763697086 548.706909826 574.964742714 1473.6279621 1496.96044811 1539.42622733 1713.62505743 1839.26386712 1859.77492306 19.7514199297 20.0696747586 19.3962966156 4999.5137129 25.6742511908 13920.5139315 13874.8423231 201.161101858 171.902407718 100.919593367 25.4478675549 49.5377952433 76.8398971719 76.4450454746 48.66980357 24.0129600483 48.2211376656 48.1205717931 94.855864839 14.7239896877 57.5939053799 94.8973589353 124.29389256
-9999.0 -9999.0 -9999.0 -9999.0 -9999.0 -9999.0 -9999.0 -9999.0 -9999.0 -9999.0 -9999.0 -9999.0 34.6741173628 100.299020224 132.892475548 231.503447598 32.0181191041 64.2394818646 95.1807227158 352.115583423 379.774763969 404.105834726 433.312035339 464.657242548 728.664559229 819.314403446 874.326450838 24.0575154822 131.346500432 153.563025996 1776.47574427 1881.38143882 1922.40502626 1963.39076162 2007.17206091 7031.78862772 22.3099538058 14018.9247787 53.8464951872 24.0529866418 146.85629468 124.23940924 21.8325630744 72.6578606292 100.036629087 99.5746425913 71.4272979136 118.292044502 188.39388243 70.4647260129 186.859948179 18.9948680618 31.1391368872 13.5497068933 10.938443723
