data/baseflow/mHMbf_acc401.asc
ncols                  80
nrows                 72
xllcorner      4374000.0
yllcorner      5656000.0
cellsize            500
NODATA_value       -9999
[rows 0 to 24 of 72, columns 0 to 54 of 80]
-9999.0 -9999.0 -9999.0 -9999.0 -9999.0 -9999.0 -9999.0 -9999.0 -9999.0 -9999.0 -9999.0 -9999.0 26.0838151442 23.4994133991 -9999.0 -9999.0 -9999.0 -9999.0 -9999.0 -9999.0 -9999.0 -9999.0 -9999.0 -9999.0 -9999.0 -9999.0 -9999.0 -9999.0 -9999.0 -9999.0 -9999.0 -9999.0 -9999.0 -9999.0 -9999.0 -9999.0 -9999.0 -9999.0 -9999.0 -9999.0 -9999.0 -9999.0 -9999.0 -9999.0 -9999.0 -9999.0 -9999.0 -9999.0 -9999.0 -9999.0 -9999.0 -9999.0 -9999.0 -9999.0 -9999.0
-9999.0 -9999.0 -9999.0 -9999.0 -9999.0 -9999.0 -9999.0 -9999.0 -9999.0 -9999.0 -9999.0 -9999.0 47.7435497916 113.883448493 19.9814989546 -9999.0 16.2746070957 -9999.0 -9999.0 -9999.0 -9999.0 -9999.0 -9999.0 -9999.0 -9999.0 -9999.0 -9999.0 -9999.0 -9999.0 -9999.0 -9999.0 -9999.0 -9999.0 -9999.0 -9999.0 -9999.0 -9999.0 -9999.0 -9999.0 -9999.0 -9999.0 -9999.0 -9999.0 -9999.0 -9999.0 -9999.0 -9999.0 -9999.0 -9999.0 -9999.0 -9999.0 -9999.0 -9999.0 -9999.0 -9999.0
-9999.0 -9999.0 -9999.0 -9999.0 -9999.0 -9999.0 -9999.0 -9999.0 -9999.0 -9999.0 21.7869981302 21.1231342877 21.5139321373 20.7049659717 154.338753722 175.743643944 46.7883338789 15.0729208263 -9999.0 -9999.0 -9999.0 -9999.0 -9999.0 -9999.0 -9999.0 -9999.0 -9999.0 -9999.0 -9999.0 -9999.0 -9999.0 -9999.0 -9999.0 -9999.0 -9999.0 -9999.0 -9999.0 -9999.0 -9999.0 -9999.0 -9999.0 -9999.0 -9999.0 -9999.0 -9999.0 -9999.0 -9999.0 -9999.0 -9999.0 -9999.0 -9999.0 -9999.0 -9999.0 -9999.0 -9999.0
-9999.0 -9999.0 -9999.0 -9999.0 -9999.0 -9999.0 -9999.0 -9999.0 -9999.0 21.4319869086 42.9326949081 85.0408150962 41.8287238314 20.4773273388 40.6603239215 196.079014147 279.549472987 17.2854221468 -9999.0 21.1887752128 -9999.0 -9999.0 -9999.0 -9999.0 32.1088120416 16.1668000125 -9999.0 -9999.0 -9999.0 -9999.0 -9999.0 -9999.0 -9999.0 -9999.0 -9999.0 -9999.0 -9999.0 -9999.0 -9999.0 -9999.0 -9999.0 -9999.0 -9999.0 -9999.0 -9999.0 -9999.0 -9999.0 -9999.0 -9999.0 -9999.0 -9999.0 -9999.0 -9999.0 -9999.0 -9999.0
-9999.0 -9999.0 -9999.0 -9999.0 -9999.0 -9999.0 -9999.0 -9999.0 22.4145944947 65.582195948 86.4800975549 107.53630615 147.263850989 20.1829564531 79.8226927174 99.8640309505 420.93477298 21.0359164429 19.9338133025 41.0572810765 60.4074788947 19.7996327783 -9999.0 85.6797195001 69.7579509517 19.6168978281 -9999.0 -9999.0 -9999.0 -9999.0 -9999.0 -9999.0 -9999.0 -9999.0 -9999.0 -9999.0 -9999.0 -9999.0 -9999.0 -9999.0 -9999.0 -9999.0 -9999.0 -9999.0 -9999.0 -9999.0 -9999.0 -9999.0 -9999.0 -9999.0 -9999.0 -9999.0 -9999.0 -9999.0 -9999.0
-9999.0 -9999.0 -9999.0 -9999.0 -9999.0 -9999.0 23.3099247248 22.1107330007 21.2589559145 21.3485393384 21.4514254605 150.452014656 318.486063584 339.217619823 355.623415794 14.4751401861 456.202501973 475.749332956 39.5038649245 19.4757719834 79.4801096473 138.26128197 21.2348912677 148.610173999 20.0372620803 21.1875963893 20.5521530436 -9999.0 -9999.0 -9999.0 -9999.0 -9999.0 -9999.0 -9999.0 -9999.0 -9999.0 -9999.0 -9999.0 -9999.0 -9999.0 -9999.0 -9999.0 -9999.0 -9999.0 -9999.0 -9999.0 -9999.0 -9999.0 -9999.0 -9999.0 -9999.0 -9999.0 -9999.0 -9999.0 -9999.0
-9999.0 -9999.0 -9999.0 -9999.0 -9999.0 -9999.0 45.9382005165 67.9354839197 154.906683063 218.238280195 20.4925640296 20.7968435656 20.200981067 59.7636756468 434.464639981 17.1622464996 495.065834392 569.141732789 58.2261031339 38.3164008367 157.109889346 19.6100960342 167.894860788 39.4129687818 19.7878866503 40.6462152243 40.5173934893 19.9945492348 20.0815931679 19.9873383947 20.1432134489 40.510236483 -9999.0 -9999.0 -9999.0 -9999.0 -9999.0 -9999.0 -9999.0 -9999.0 -9999.0 -9999.0 -9999.0 -9999.0 -9999.0 -9999.0 -9999.0 -9999.0 -9999.0 -9999.0 -9999.0 -9999.0 -9999.0 -9999.0 -9999.0
-9999.0 -9999.0 -9999.0 -9999.0 -9999.0 23.1531181409 45.739770997 22.2380361151 43.9324026868 239.973485894 281.705246407 323.2364579 995.561498857 19.6530114359 454.489172583 1595.33470876 1609.45364312 2202.22555452 15.2066463487 57.2521455458 176.087063313 18.9141171236 385.848193671 199.005874709 121.079694074 101.282437595 19.8702251894 59.6929271045 59.2274298164 39.6193017272 19.4937792038 60.4285309777 19.495658847 19.4793605884 -9999.0 -9999.0 -9999.0 -9999.0 -9999.0 -9999.0 -9999.0 -9999.0 -9999.0 -9999.0 -9999.0 -9999.0 -9999.0 -9999.0 -9999.0 -9999.0 -9999.0 -9999.0 -9999.0 -9999.0 -9999.0
-9999.0 -9999.0 -9999.0 -9999.0 -9999.0 23.0738034812 68.0185902602 135.987433025 157.668297131 312.764263774 333.895592065 398.482173415 652.420115717 1049.18271646 1087.53164821 1105.31338694 35.6547293119 2264.78572642 2296.55661141 2390.34878707 3028.68414622 443.167747283 405.321014808 140.552784526 19.0815428664 117.664927799 79.1270323809 19.2212562982 78.1018218709 18.2224335575 37.0834078867 98.5338054787 117.587545396 38.5552093904 19.0197221907 19.115603072 -9999.0 -9999.0 -9999.0 -9999.0 17.4285097942 14.9203324277 -9999.0 -9999.0 -9999.0 -9999.0 -9999.0 -9999.0 -9999.0 -9999.0 -9999.0 -9999.0 -9999.0 -9999.0 -9999.0
-9999.0 -9999.0 -9999.0 -9999.0 -9999.0 22.8518020084 22.3717409331 89.8324324213 111.51878102 133.604372281 21.7224370534 43.3193577391 239.117017397 43.1135912205 20.8539241223 20.2808042972 19.1835631714 20.3732960853 19.9734950873 19.9712239686 3048.0991616 3105.1510094 18.8481931393 56.8310804951 38.0756219987 136.767676946 38.4530442993 18.9195192369 97.2615258011 35.9200284279 85.3010383771 209.964324969 193.892493412 57.4902549816 57.0683084599 19.0603164746 19.1073408623 -9999.0 -9999.0 19.1669005771 37.9475448978 83.9414027534 15.637056735 -9999.0 -9999.0 -9999.0 -9999.0 -9999.0 -9999.0 -9999.0 -9999.0 -9999.0 -9999.0 -9999.0 -9999.0
-9999.0 -9999.0 -9999.0 -9999.0 -9999.0 -9999.0 22.9470343011 22.5467789102 45.0941699867 67.301965664 152.999877828 196.77429852 218.469692274 22.6595109713 20.0920343527 252.783903667 313.251562241 333.220827696 413.549075342 433.177808406 19.3997227727 3124.4974762 3215.38303474 71.8460479829 9.33495857271 153.239327081 345.458618347 135.124649636 36.9498648603 18.4001824578 331.121108042 228.405767711 18.3498943002 18.5036666315 75.7018925451 56.759157277 18.7755901703 19.0119843695 18.8493466408 37.7872483185 18.6536239846 102.452828793 121.030455385 18.2750686699 -9999.0 -9999.0 -9999.0 -9999.0 19.5153135276 19.0872287222 5.17592591434 -9999.0 -9999.0 -9999.0 -9999.0
-9999.0 -9999.0 -9999.0 -9999.0 -9999.0 -9999.0 -9999.0 23.0936086119 20.0931686959 42.0854787462 64.0981941777 22.1097915143 21.3072928925 128.566652319 170.562699723 212.677039712 20.3210683016 40.6949646425 20.0191843462 452.666213021 1011.09408836 1029.03883855 4283.76411579 18.7940009793 30.1157437644 9.67831590087 364.27069046 18.5916708573 55.559967986 18.3475836702 349.382678405 367.509318782 36.6809670294 36.6452049156 188.726387874 94.3527371449 37.966098944 19.0332087113 37.8045181831 56.5152047799 93.4278924359 18.5690847937 158.264379777 176.934435294 18.1289259891 18.8532674585 18.7684610272 18.3204166792 17.8658372286 56.6915242366 22.310406036 14.9173138112 -9999.0 -9999.0 -9999.0
-9999.0 -9999.0 -9999.0 -9999.0 -9999.0 -9999.0 -9999.0 -9999.0 43.7040921404 63.240505751 21.8187018549 43.6834926648 64.9728318967 108.074307784 21.89165675 21.4980351652 20.0429399315 20.3351287126 19.817186737 519.325091209 20.0551870694 39.9032708162 4345.39921892 4400.52889171 29.4071419433 87.2716854342 471.408335277 36.783035916 73.2938864764 35.8398925865 53.3588607317 439.552957759 54.4267742044 279.106880002 224.71077956 18.0027675716 93.7495409509 37.531321232 56.264694905 18.5936708105 112.300339088 149.722438589 167.713720657 185.405353604 248.392362655 35.9717294408 36.2527133834 35.4590935517 34.549446959 73.7904674593 16.5710465661 54.0897976149 69.7965721863 -9999.0 -9999.0
-9999.0 -9999.0 -9999.0 -9999.0 -9999.0 -9999.0 -9999.0 -9999.0 22.4488006077 107.718855966 129.347279509 21.7259839801 43.2000164038 21.5073942936 21.0452415244 20.7263717243 252.074920261 336.481628145 419.372054539 500.572317155 21.6654162051 19.9554105674 24.7346306978 4504.47543511 4565.96933291 4596.46641593 648.443750014 148.824491779 128.524553853 17.7794412054 70.7966057616 527.963694132 17.6132548236 296.843330659 17.9164763471 120.518532388 112.387841006 18.3732842719 74.5657486207 36.8724401484 55.012157122 18.9854140892 17.4695130029 203.026735087 220.197757176 265.526863984 53.6983418793 52.6706315776 51.5721584584 90.7497844633 123.893613183 16.4869214239 85.6141082021 16.0796994986 31.4267768744
-9999.0 -9999.0 -9999.0 -9999.0 -9999.0 -9999.0 -9999.0 -9999.0 -9999.0 22.1726349915 151.053937437 172.79651399 64.8963366992 107.905797871 149.859474947 170.744569517 20.7730996179 64.2728672208 42.0809197174 20.5576998353 20.8354381796 20.1037143174 41.3840985024 74.2994402396 32.5414602262 5305.91182556 5335.64957085 28.2865645423 19.7635911568 35.2480013969 52.582824303 580.034229719 34.7637063834 313.718914472 189.275380023 154.220444999 18.132313221 36.3496229463 92.3680767759 17.7001529556 72.5486141777 36.6018327738 30.2117318377 10.9474157279 260.052832364 542.20695224 69.6631630405 68.7481741677 67.4155340264 15.5518529871 139.286970817 15.2230141546 117.081281098 15.3629084339 46.7962392104
-9999.0 -9999.0 -9999.0 -9999.0 -9999.0 -9999.0 -9999.0 -9999.0 -9999.0 -9999.0 21.3009347993 215.765316612 21.729485292 43.3526156699 64.0779156606 106.212301123 21.5670565426 43.7553026274 21.6335624385 21.4452387218 20.5552688371 40.9737309371 19.7823210928 23.8820613958 54.2567267094 31.0477134936 5364.53163666 5422.17200717 5500.5606007 73.6897213453 17.3402702172 34.5639073233 597.487439721 589.999564337 224.964078013 17.7657152908 72.2376685403 54.2869124128 110.210531643 35.4980039718 144.341173277 54.1533668424 46.3832885299 6.42342970048 11.8455463327 559.287987786 576.520860973 731.372204907 115.241588099 31.7603474957 155.442261841 186.404809295 318.41583707 30.5625171395 14.6193848805
-9999.0 -9999.0 -9999.0 -9999.0 -9999.0 -9999.0 -9999.0 -9999.0 -9999.0 -9999.0 -9999.0 10.723837221 239.629870156 21.404433937 42.0887654282 190.812692834 21.9276408499 22.0172718718 20.7913407514 42.3494979678 20.2301225822 81.521165279 121.333704793 140.839494517 74.9205321207 100.533332072 28.8298349195 30.737342469 29.2494668739 5621.33338743 5678.84008069 614.644971941 623.226570261 606.681264567 34.3729018538 16.9883641788 89.544125688 234.606014481 127.790215635 53.0620949474 214.740484399 85.4205888534 68.456223451 12.5650383394 6.34405009831 6.74984030501 9.3753463628 771.97572765 936.151716736 15.6327648942 14.9556512063 15.3093978999 333.169791694 377.9159543 27.4834665684
-9999.0 -9999.0 -9999.0 -9999.0 -9999.0 -9999.0 -9999.0 -9999.0 -9999.0 -9999.0 -9999.0 10.572853061 265.974306023 330.1123321 20.6943217431 232.609741483 21.0555070445 20.8450921523 40.7783330664 103.207688647 20.0011153149 20.3490453675 19.6422045212 180.42114383 199.549901819 319.717225421 367.940193913 390.543732826 418.029486115 445.065722511 6151.53405021 6810.2304034 7478.02733745 7500.87669253 20.396646978 17.3571963361 269.235780657 252.051957713 17.3193553723 17.2286067036 231.148218045 333.822616073 15.1443270299 132.909227278 122.119824855 26.5421939932 16.0712872869 25.2936595153 16.8004508688 969.274549394 16.3157042709 45.6574526498 60.6089770111 473.955985089 506.552971691
-9999.0 -9999.0 -9999.0 -9999.0 -9999.0 -9999.0 -9999.0 -9999.0 -9999.0 -9999.0 -9999.0 22.1382467451 43.189038496 351.063388567 392.013357359 20.7300040274 275.531234929 19.8410807644 60.0544550676 122.906900095 39.6532069024 19.6381171899 39.746233163 19.1622999071 37.1954543228 18.0465717992 16.220400127 12.2136865555 10.1165093095 10.0878368215 11.2731601113 16.9777452675 22.3634963787 27.8937362143 7574.36630658 360.629505219 318.576885669 23.5575042409 51.5984862532 13.4784243524 10.6922220515 350.561607602 533.04961812 150.394346076 109.656348093 13.1920809622 6.67087410999 6.51836971264 21.5035624359 1007.79870541 1040.74326757 16.6776174266 16.5616064698 12.4326768516 5.50849783262
-9999.0 -9999.0 -9999.0 -9999.0 -9999.0 -9999.0 -9999.0 -9999.0 -9999.0 -9999.0 -9999.0 -9999.0 21.3086844854 263.810687593 676.454576017 738.032969508 1034.72118812 1056.45864433 283.413938983 202.225596696 59.5613476368 19.5587886762 78.4972222217 97.687332095 153.031420268 36.4603931634 34.0284043236 30.1614980194 57.832949698 27.4952865739 27.7814995591 12.5070996833 6.04945134738 10.6184792582 7597.75079003 7971.47012987 7997.15175156 25.1854021693 158.075152358 58.2661156861 17.3112779682 585.11066552 35.5354000815 17.9962173313 69.1911202077 13.6556293541 14.9358382799 29.8676194866 45.4218755111 61.9648547268 1071.9302593 15.3544680877 14.4675838807 14.4867050679 11.0903692913
-9999.0 -9999.0 -9999.0 -9999.0 -9999.0 -9999.0 -9999.0 -9999.0 -9999.0 -9999.0 -9999.0 22.1277950135 199.9560245 242.997354825 41.3181469725 12.1137311102 29.4523184342 1106.22582369 1127.54801842 1431.98645112 18.8399894604 38.3116784338 18.1205727175 18.3309836438 171.196714769 225.809572622 277.235064442 17.3108404936 75.0430496795 119.5209396 73.5040879546 29.1891206528 19.510405805 18.1679475874 22.1231454645 15.5908531359 8020.54403587 8043.78558894 8245.47203579 32.8773961867 16.4291595122 601.702657281 36.8573297922 18.6725601773 18.7401416223 18.5771406206 18.3649058344 33.3699226527 103.174047618 182.307465555 1269.46212337 13.6317593949 40.5527665048 27.1291987827 22.9132112152
-9999.0 -9999.0 -9999.0 -9999.0 -9999.0 -9999.0 -9999.0 -9999.0 -9999.0 -9999.0 -9999.0 22.4556098265 134.63168317 21.7138674982 20.6966810537 100.313810507 119.831764197 139.98542936 159.719605944 1923.82974991 1939.98193423 1975.5006127 2226.13725733 2278.3772476 2308.02392597 2326.70713919 2636.23192917 2675.63279516 2692.83626207 2829.03306312 2920.26629968 2937.11931594 2984.25738522 34.3535650594 31.6919822869 7.66785163333 12.2417177182 8064.57948249 8320.90547302 52.4679060774 706.244624875 689.860478796 72.3313464832 17.9447176263 18.0522249839 17.8586270681 17.5721164843 35.3397103518 52.6362442128 17.6955161768 1284.53193978 1299.83746544 1381.65267996 1395.57499289 1431.72982678
-9999.0 -9999.0 -9999.0 -9999.0 -9999.0 -9999.0 -9999.0 -9999.0 -9999.0 -9999.0 -9999.0 67.7638219549 89.8536929405 43.0221633158 64.0047305351 20.8318622 236.75646788 257.245160765 297.909934459 312.368915608 134.807850232 2135.45689985 2151.21656145 15.3300066536 11.2331397063 8.15726475314 20.0302641306 9.19138700542 6.21935477733 5.90132720621 8.0769201438 2948.48137323 2997.33604465 3048.36127945 3095.60745392 3139.68953426 20.7411826091 11.2958601619 9085.48063973 742.253999496 723.08248242 16.6858477585 16.6124876364 16.1780216656 34.5643484589 34.4677667545 16.3902846842 16.4060616009 15.6724100784 33.2075966096 47.9698657983 12.9437454575 24.2106352812 9.63515180815 3.97911618661
-9999.0 -9999.0 -9999.0 -9999.0 -9999.0 -9999.0 -9999.0 -9999.0 -9999.0 -9999.0 -9999.0 -9999.0 45.4938055672 21.7861926488 21.307937669 196.089673933 216.830798468 20.7274570119 83.2864836194 102.342562195 118.642863053 17.7065768959 17.5639855435 333.600950611 349.34581926 363.658777577 965.939612484 975.436354455 987.888901447 1069.65575096 1107.74546128 1113.78350666 5.28061154455 5.36330855334 7.36307583902 3172.08054711 14.5776020633 9256.57532027 9228.9247635 124.869839099 105.65248681 65.8556737771 16.6113804483 32.3039317108 50.9871422832 50.8845722894 32.4297155054 16.0080066605 31.5729437034 31.0911039569 62.4719582602 9.68085208902 34.2312760521 57.2456179566 65.4766433847
-9999.0 -9999.0 -9999.0 -9999.0 -9999.0 -9999.0 -9999.0 -9999.0 -9999.0 -9999.0 -9999.0 -9999.0 23.0037241674 66.5559075878 87.8663255217 153.953871394 21.2473285936 42.4931982113 63.2774359863 234.674060083 250.4153892 258.666566612 276.746917979 298.10236527 499.588324304 561.357895704 590.236800273 8.87913871336 69.0182535577 75.6581815432 1088.01817565 1120.07993125 1131.41929422 1142.53023917 1157.28122979 4346.0825454 16.5411996308 9311.992372 21.2900185798 7.82027269348 89.3856872308 79.2397858734 11.4858384142 47.1236566243 66.0863101391 65.9927637 46.9912206864 77.599598138 123.201939289 45.4716516396 121.712865418 10.6938800078 14.3456551851 4.07965546559 3.57599865149
