data/baseflow/mHMbf_acc390.asc
ncols                  80
nrows                 72
xllcorner      4374000.0
yllcorner      5656000.0
cellsize            500
NODATA_value       -9999
[rows 25 to 49 of 72, columns 0 to 54 of 80]
-9999.0 -9999.0 -9999.0 -9999.0 -9999.0 -9999.0 -9999.0 -9999.0 -9999.0 -9999.0 -9999.0 -9999.0 31.8047093709 62.8802718778 29.4378258922 60.1563976959 28.1252428572 204.71167465 259.624856567 287.951883559 26.4234405054 50.6207277208 478.217777625 595.689646676 616.913558357 51.6574770345 50.3498562365 72.1609029232 15.1363429656 14.2650202694 27.6487325668 13.6761576306 739.737466719 753.822405743 771.162657958 5874.87679642 12033.8507196 11924.2428408 27.0426938302 11.4292030067 10.4564415192 37.656912523 27.2575841859 71.1327919334 97.732641767 197.442265152 17.8844230351 17.8631691577 165.723055017 182.081826763 359.936042246 374.037150329 402.007748799 417.270261443 14.0718336174
-9999.0 -9999.0 -9999.0 -9999.0 -9999.0 -9999.0 -9999.0 -9999.0 -9999.0 -9999.0 -9999.0 -9999.0 -9999.0 30.3558977979 60.2279503018 89.984691323 147.489947363 29.8089973883 28.0044883646 188.406571457 214.597913905 432.023798087 458.012387289 73.4633448986 26.6694133245 26.0279117196 24.5853843868 650.428421878 668.629208375 684.612841085 698.624265576 726.217307435 146.591669196 163.893093932 952.310792288 18867.6929322 93.244131028 81.1094538524 40.1521743056 10.4176953712 9.36085805102 58.9909752705 67.9757892521 91.0296557915 9.80311136379 208.466339044 30.6607842519 30.0479027936 9.20496454888 7.59411198179 7.1355768181 7.47147302213 7.38643828653 425.115702179 6045.89838911
-9999.0 -9999.0 -9999.0 -9999.0 -9999.0 -9999.0 -9999.0 -9999.0 -9999.0 -9999.0 -9999.0 -9999.0 -9999.0 -9999.0 29.7472137153 55.3510362965 78.8200420181 103.899600777 132.303305426 161.268312954 85.1854565198 140.080455333 26.1262502132 25.8529016169 525.759676608 576.955062904 601.249538785 627.693007608 22.0794992489 40.7153705708 101.055211954 117.930169529 132.781335082 18.050521175 17.9412978216 18908.9298929 13.0779261481 23.8699770949 11.2555588061 37.7470244425 18.1413393134 10.5012929771 170.253678778 180.396296642 8.42963959183 217.619353502 256.10234814 37.5015572981 6357.74111841 6341.03092791 6325.14950747 6292.33677801 6277.85885404 6073.27825525 6065.72923327
-9999.0 -9999.0 -9999.0 -9999.0 -9999.0 -9999.0 -9999.0 -9999.0 -9999.0 -9999.0 -9999.0 -9999.0 -9999.0 -9999.0 5.48986397571 12.8186072125 23.1395341173 203.88752276 233.822133107 29.949036524 28.2737050522 27.4291979637 421.203871925 474.54473039 26.2252129845 26.9704045358 23.5482664222 94.3772240247 117.488669561 65.1307897416 80.6842069308 527.359068709 545.593502184 582.258942031 939.077014569 19855.7883519 12.8038530877 10.1498099119 54.8267723018 46.0238013454 9.15004138882 29.3646297388 38.7383598022 191.013508081 200.537417064 479.952735648 262.427338027 41.525814321 6521.8920576 86.8169667127 6310.02421662 6301.52476236 190.814136554 9.55026514301 14.1199152662
-9999.0 -9999.0 -9999.0 -9999.0 -9999.0 -9999.0 -9999.0 -9999.0 -9999.0 -9999.0 -9999.0 -9999.0 -9999.0 -9999.0 28.761967628 46.7192358082 99.8633936209 175.345984095 255.621794149 311.516394237 340.047323453 368.221071261 395.68240886 26.4308404936 25.0711710085 49.4269006322 47.6224225624 23.9360787615 454.907189316 477.535237754 499.090476397 519.255885991 300.176459939 317.791195931 338.137775047 19862.4555393 21.3769365021 26.8629286791 86.6287286887 7.17532960137 18.5597821048 9.51619567814 8.77098939675 47.5146631518 8.04504238963 8.5534993909 7046.71246655 6559.59134727 6550.76122418 30.972957271 79.5464933459 52.0988667923 13.2255992959 172.689145889 52.7297321388
-9999.0 -9999.0 -9999.0 -9999.0 -9999.0 -9999.0 -9999.0 -9999.0 -9999.0 -9999.0 -9999.0 -9999.0 -9999.0 -9999.0 20.2701471772 18.736245293 36.5398756981 56.1005546995 27.8181651456 29.5832423063 57.5732746451 85.2787641901 138.517276466 165.32682894 191.296580534 266.871739886 290.886176465 315.618439935 23.0033647212 229.377210964 249.75253408 268.16272852 15.1696321862 6.90991208041 12.6880527149 20197.7041459 20204.0498662 20238.761136 106.254835181 14.3767736778 29.0714922776 8.6926196148 15.9160437852 54.946962945 69.8492942927 15.7636985176 7085.13977441 12.283735891 17.2814797233 18.6910211061 15.4299650123 28.0661567066 12.3210288691 107.131067963 84.0609208464
-9999.0 -9999.0 -9999.0 -9999.0 -9999.0 -9999.0 -9999.0 -9999.0 -9999.0 -9999.0 -9999.0 -9999.0 -9999.0 -9999.0 -9999.0 17.8127595105 35.4257153575 17.8102014564 36.8897139019 232.675000818 258.854241087 286.675477769 26.6343008081 26.7644800928 52.8540552126 78.364775656 125.847138495 149.63040244 161.973709629 183.902055432 19.369131036 17.7235103957 294.600242262 302.347094624 308.964978581 315.748336057 255.054006577 20522.0845265 20672.3346045 20678.0154668 20712.0832879 20743.0823667 20769.078428 8.55768419993 77.0873545792 7093.83197207 21.9817101105 11.2279106924 10.7421360096 9.14798266149 16.1930393923 15.7954839033 8.93871044721 11.7884242022 11.4545602064
-9999.0 -9999.0 -9999.0 -9999.0 -9999.0 -9999.0 -9999.0 -9999.0 -9999.0 -9999.0 -9999.0 -9999.0 -9999.0 -9999.0 -9999.0 -9999.0 52.6785081179 72.2382603899 129.086333764 174.535007568 24.8149393613 340.692070164 367.221322333 393.804530151 26.7320333028 52.3924661805 23.995403726 175.047778521 186.412280457 205.412327894 226.220434193 275.346728683 282.573515479 4.52020613058 228.843342273 242.20661073 248.645358859 276.667406217 37.4951156165 24.6166132957 15.8710243781 14.9581494819 20792.9406301 20805.86933 20935.2555222 7102.99316799 56.6811954655 26.3542242377 17.6990898586 5.77212209465 48.6118195215 25.3568160392 8.02958523974 43.1553722637 36.1265935062
-9999.0 -9999.0 -9999.0 -9999.0 -9999.0 -9999.0 -9999.0 -9999.0 -9999.0 -9999.0 -9999.0 -9999.0 -9999.0 -9999.0 -9999.0 -9999.0 20.3120661186 91.2840734352 111.105663628 26.7178352402 28.1660224325 55.9007049289 82.6472685922 503.658100392 26.3790623102 105.705547462 130.30281439 154.219377764 12.2067856969 29.8015189459 39.6559926028 184.690566174 206.016905639 211.280180514 6.56946075483 6.64418179045 8.11490648998 14.9604835616 6.41931358696 6.71857923115 13.5318325437 9.58276059687 13.6891739826 42.2609360205 20949.3250696 28087.7240125 68.5911700521 7.85770449801 5.71052388883 149.200623127 136.693250507 79.8717910698 71.5856177116 53.6122645481 11.5745496636
-9999.0 -9999.0 -9999.0 -9999.0 -9999.0 -9999.0 -9999.0 -9999.0 -9999.0 -9999.0 -9999.0 -9999.0 -9999.0 -9999.0 -9999.0 16.6459728068 55.8210311113 18.6983042122 31.4093044341 32.0369411026 60.3300664872 87.5549024897 112.461462503 636.513017898 662.211340683 26.3110549571 50.9022720256 75.5970030944 91.5071749518 110.063977437 163.681973254 178.334758399 14.0528700905 10.6173739628 8.97731495766 15.3807144685 12.9874170814 13.543485684 11.1260113159 12.5759889536 50.0308900333 23.7398406732 12.0605372787 11.6745091221 12.0636610803 23.0311625976 28514.7497406 351.627197382 174.079930656 12.0808646461 5.11439645874 5.28154249263 19.4538719902 13.805237403 7.18456292458
-9999.0 -9999.0 -9999.0 -9999.0 -9999.0 -9999.0 -9999.0 -9999.0 -9999.0 -9999.0 -9999.0 -9999.0 -9999.0 -9999.0 17.6983004496 33.8048971934 125.228941828 18.6153818974 58.9836418393 90.7467790419 120.955221673 30.2772165234 57.4453448217 81.5716142011 763.564076181 25.3240777862 48.9363392082 72.2590845825 21.4866752789 42.5487979021 55.5666818879 69.8871592538 1557.12458078 1581.57819378 1603.90926652 1716.33349259 1756.64356477 1844.18351957 23.1958060871 49.5212274943 62.7253582341 2124.35314686 2147.87966989 11.0501326524 20.7242846633 30.0943069346 28525.4588925 337.879406851 149.32527328 143.650209715 118.188803336 106.192629846 25.8894667505 6.09383261856 12.4716937207
-9999.0 -9999.0 -9999.0 -9999.0 -9999.0 -9999.0 -9999.0 -9999.0 -9999.0 -9999.0 -9999.0 -9999.0 -9999.0 -9999.0 17.4190607117 53.394666749 196.082815639 288.2404228 16.9932629709 383.434509878 524.526678119 29.0227818074 55.9174489329 81.0880277102 994.439483095 1016.05886835 23.5750681213 119.448459176 141.39287697 159.120185717 1401.94288281 1446.65024897 1474.64845995 13.6819230851 78.8327937992 93.6659197392 44.6977951407 64.3889000064 1936.00473429 2015.90806527 2032.94504079 2049.4142928 2171.10680844 11.3961609705 10.3700126116 49.3119562862 28535.6566172 8.59748912914 6.92794740397 20.5283143033 7.52234963657 96.3478059787 79.9801247556 46.5833974998 34.0841902623
-9999.0 -9999.0 -9999.0 -9999.0 -9999.0 -9999.0 -9999.0 -9999.0 -9999.0 -9999.0 -9999.0 -9999.0 -9999.0 -9999.0 -9999.0 -9999.0 37.2158528354 75.1086806841 343.324689783 363.203065466 542.162094401 562.459687981 28.0026103383 55.8819093557 132.770287435 1035.65989409 1083.91807845 1105.9414361 19.1974772537 1183.20880386 1228.55052301 29.4008653462 13.8170684221 27.070792485 52.9406323926 12.8705585934 26.5408868645 60.2181554823 76.2525838658 14.510185885 10.905971762 22.1613159652 2242.95168105 2264.60038624 2273.90430613 2344.73604648 28545.134058 5.5719609248 5.23028989139 6.01644417382 5.87775925689 6.00439057772 5.44122335097 10.2550220236 4.29941018944
-9999.0 -9999.0 -9999.0 -9999.0 -9999.0 -9999.0 -9999.0 -9999.0 -9999.0 -9999.0 -9999.0 -9999.0 -9999.0 -9999.0 -9999.0 -9999.0 19.4295337614 19.1413765943 19.2946583473 41.1722833412 18.3121173779 598.565320941 617.128040162 26.0543550171 52.1838936295 27.0528038269 24.2828498115 23.9406692885 1148.15036414 14.904669595 29.970420425 15.5966819072 14.2261169876 13.0337794621 10.9236166739 11.2304038326 33.774425196 45.8005771637 9.58812728193 8.80085236365 18.5652667454 29.9786398891 36.6771471522 9.02528728794 2285.29692041 2353.94844364 28551.8535644 25.7701693708 15.3332566004 3.76575617348 8.93394839919 3.13408390827 2.49351058942 13.0240266236 22.2218054671
-9999.0 -9999.0 -9999.0 -9999.0 -9999.0 -9999.0 -9999.0 -9999.0 -9999.0 -9999.0 -9999.0 -9999.0 -9999.0 -9999.0 -9999.0 -9999.0 -9999.0 -9999.0 18.9445554915 58.9708248097 75.4002718245 93.0261872242 634.008787302 650.639388161 668.346325833 690.956289947 714.465966153 762.473254515 777.33669907 791.439209166 804.639112672 13.2653095091 12.5362774328 12.9513093355 46.6835748465 12.0657733135 11.5091065795 9.74687861085 28.5178760496 10.8455120943 8.90297189762 8.3939002018 7.37937993676 14.7311467671 21.3369813379 2397.70062447 30982.9271962 4.74568571223 11.655597109 3.22451387294 12.3102969296 6.78641182522 5.02216548736 52.8391117778 36.4424808657
-9999.0 -9999.0 -9999.0 -9999.0 -9999.0 -9999.0 -9999.0 -9999.0 -9999.0 -9999.0 -9999.0 -9999.0 -9999.0 -9999.0 -9999.0 -9999.0 -9999.0 -9999.0 -9999.0 16.3950259403 125.597485441 253.432110714 272.333699594 25.2312629678 51.0049651417 76.7757882904 100.091844518 247.135000358 261.149895853 13.6367331026 13.3076350934 831.665275001 856.280640924 867.848744231 56.3912301629 9.32602068325 21.1305745189 31.1209049698 92.3510136075 112.814123361 129.789578885 15.8333865349 22.1676698842 7.38318504149 14.6527889211 7.49085311943 30997.8979867 4.76000046615 20.2492946151 9.60290004302 26.5738304487 51.7165771015 59.2189965001 114.406549132 45.4741550489
-9999.0 -9999.0 -9999.0 -9999.0 -9999.0 -9999.0 -9999.0 -9999.0 -9999.0 -9999.0 -9999.0 -9999.0 -9999.0 -9999.0 -9999.0 -9999.0 -9999.0 -9999.0 17.6979966276 55.709760231 109.533486805 143.673910574 375.958152129 397.786593701 52.9426103398 78.3566728739 100.982223612 124.588784886 275.424929126 303.087962487 529.620272295 545.836601515 557.505826162 879.889225225 968.625095442 21.4133525202 12.6985184736 12.3420975998 23.8302192281 11.0328599566 150.767133574 158.826850142 29.2059007853 35.3321958232 6.49639163774 6044.7064467 6059.97304324 37068.445366 37095.9777841 4.22481198104 35.6202544376 5.20427352669 4.97471104355 125.622645828 175.828949004
-9999.0 -9999.0 -9999.0 -9999.0 -9999.0 -9999.0 -9999.0 -9999.0 -9999.0 -9999.0 -9999.0 -9999.0 -9999.0 -9999.0 -9999.0 -9999.0 -9999.0 -9999.0 -9999.0 19.6651561895 19.1212240937 36.701874146 87.4715247781 414.239081108 26.8580694739 26.5341528624 49.3333756471 72.1798517317 176.931209778 193.427858725 10.4123308398 10.7742890495 572.041118018 584.659509892 1563.57914558 1573.10322738 8.29987768496 7.54403986521 6.39624470568 6.45041313672 6.58088728718 5909.7326987 5954.86284233 5996.5702708 6009.02090992 6038.39403339 8.11330752312 30.194318859 38.6803505037 37149.501888 37154.0190915 37161.4094611 37168.5206001 37174.156383 182.960792504
-9999.0 -9999.0 -9999.0 -9999.0 -9999.0 -9999.0 -9999.0 -9999.0 -9999.0 -9999.0 -9999.0 -9999.0 -9999.0 -9999.0 -9999.0 -9999.0 -9999.0 -9999.0 -9999.0 -9999.0 17.9857984823 18.5958676286 34.7146173044 482.030463567 500.884693051 26.2126991048 49.0288968289 72.202206953 89.5640594646 15.4416595029 29.7737489816 1178.09636953 1191.09718803 1201.17972714 1284.67431233 2867.45173165 5610.0293096 5628.38739834 5645.11409916 5661.24664707 5723.3949046 5743.05302942 37.5244167584 17.3438205698 10.0543270555 19.1482459993 14.920309682 23.5016016743 7.61246305778 161.369189905 176.216373279 187.367079502 192.148036393 37179.7127145 37369.956502
-9999.0 -9999.0 -9999.0 -9999.0 -9999.0 -9999.0 -9999.0 -9999.0 -9999.0 -9999.0 -9999.0 -9999.0 -9999.0 -9999.0 -9999.0 -9999.0 -9999.0 -9999.0 -9999.0 -9999.0 -9999.0 18.2466133597 34.9418396893 51.6729746521 515.157923087 21.1897260189 711.599454666 735.28463378 750.815922593 765.766234368 1118.87035582 1134.16620263 13.6908462567 62.8840502552 75.8047487613 13.0583698588 2723.94685677 2700.15476881 8.1979505026 18.0476431934 47.6898114727 10.2814210136 10.8059997168 8.70343601601 7.63081467329 6.14345957096 7.05389769402 136.931532035 144.238215652 152.783163671 7.4351491456 5.63056801534 195.763708533 201.347934469 204.807299899
-9999.0 -9999.0 -9999.0 -9999.0 -9999.0 -9999.0 -9999.0 -9999.0 -9999.0 -9999.0 -9999.0 -9999.0 -9999.0 -9999.0 -9999.0 -9999.0 -9999.0 -9999.0 -9999.0 -9999.0 -9999.0 16.9393711209 15.8415517138 81.6409309294 630.262673736 668.188864358 689.244533884 25.0186732299 318.313268701 332.845048713 339.012170691 13.771160958 28.5389777674 41.8907413673 652.358735549 662.938952223 672.223206326 2682.54343116 1579.15629962 9.78447904088 10.0266060596 9.72439062023 8.14815620316 81.0907401092 97.9618446405 113.0038446 121.319891285 129.381316956 773.008399639 779.180658212 785.37550345 799.521133281 872.855947616 877.104047189 1086.62455326
-9999.0 -9999.0 -9999.0 -9999.0 -9999.0 -9999.0 -9999.0 -9999.0 -9999.0 -9999.0 -9999.0 -9999.0 -9999.0 -9999.0 -9999.0 -9999.0 -9999.0 -9999.0 -9999.0 -9999.0 -9999.0 -9999.0 32.9846583123 50.0225702643 18.5636774862 26.2789615657 229.168141133 254.435554909 274.838932314 134.363866666 148.589867252 163.644843508 177.305473283 629.375318957 642.320812572 399.735696252 1083.10183695 1093.76383637 1570.4653934 20.2237286532 10.1210069062 7.75062471135 55.4298543493 64.9554125393 6.38643277082 5.97302024962 745.00710997 759.663866206 767.05592015 7.19029426056 10.2259901276 859.71203645 8.98355810542 31.3024499232 34.7451825687
-9999.0 -9999.0 -9999.0 -9999.0 -9999.0 -9999.0 -9999.0 -9999.0 -9999.0 -9999.0 -9999.0 -9999.0 -9999.0 -9999.0 -9999.0 -9999.0 -9999.0 -9999.0 -9999.0 -9999.0 -9999.0 -9999.0 16.4113470814 32.5189784102 137.110568769 156.135118736 179.275888538 97.9210676773 119.936000851 15.0167340844 411.359406408 425.320011578 438.984094852 13.1797543221 375.148852796 388.361513735 10.7007848863 1518.00472017 22.0285197273 10.8872281771 29.4738928705 39.6221298886 8.20503916955 6.91789081157 673.461412517 731.48231352 740.026894869 8.57043096343 19.3147751784 24.5647760432 29.1248674424 56.0699098966 11.3523495088 25.5522810601 5.2435004656
-9999.0 -9999.0 -9999.0 -9999.0 -9999.0 -9999.0 -9999.0 -9999.0 -9999.0 -9999.0 -9999.0 -9999.0 -9999.0 -9999.0 -9999.0 -9999.0 -9999.0 -9999.0 -9999.0 -9999.0 -9999.0 -9999.0 16.2908213654 51.0762721393 88.4989865511 21.9681353901 47.4751081251 73.5624151474 350.672067917 368.267714612 382.583807885 13.4228732336 296.819670591 337.350467448 350.445692698 10.5846686526 1473.02341276 1496.86210265 11.3211744805 10.6256508778 21.0759979565 8.99907020883 628.042227408 644.514295891 653.879019509 36.0820689509 44.6826164672 7.65255575766 13.8026832743 6.19989317917 42.5748019771 6.3336738689 6.34153974663 6.88863914307 6.96970152265
-9999.0 -9999.0 -9999.0 -9999.0 -9999.0 -9999.0 -9999.0 -9999.0 -9999.0 -9999.0 -9999.0 -9999.0 -9999.0 -9999.0 -9999.0 -9999.0 -9999.0 -9999.0 -9999.0 -9999.0 -9999.0 -9999.0 -9999.0 17.9866554868 19.5202685742 25.0559180554 226.414711042 252.029160916 327.054890847 19.7016361662 240.225434781 271.004694815 13.9228653446 28.2210983691 11.5384775825 1439.41126602 12.4063532719 34.5037871028 43.7590153681 52.6803630542 570.407552682 601.976743031 612.033418485 10.0458674723 18.9854097729 27.2225461185 5.41242872013 4.89883371625 1506.95717248 1511.94725014 1516.04366781 1555.94507122 1561.17027983 1568.75350729 1574.33945391
