data/baseflow/mHMbf_acc477.asc
ncols                  80
nrows                 72
xllcorner      4374000.0
yllcorner      5656000.0
cellsize            500
NODATA_value       -9999
[rows 25 to 49 of 72, columns 0 to 54 of 80]
-9999.0 -9999.0 -9999.0 -9999.0 -9999.0 -9999.0 -9999.0 -9999.0 -9999.0 -9999.0 -9999.0 -9999.0 22.0989536797 43.6489912256 20.0022991455 40.0588929642 17.3199545487 135.289655175 168.432242479 185.90200264 15.9524979814 29.8876158447 307.376330259 379.451900997 392.648932142 29.6681504853 29.7684034932 41.8703050657 6.69870067196 5.9027414955 11.2183414121 5.47325386898 497.586484827 503.21528382 509.909688077 3469.51114548 6998.94841315 6943.26607583 9.28895949018 4.53258164263 4.01419494672 14.3859169964 11.0991041854 35.0769819076 51.1221659893 104.018219316 9.57777474433 9.55145767531 87.1537919965 95.0493186129 189.916228696 195.879865118 208.678510713 214.134077312 5.69312962594
-9999.0 -9999.0 -9999.0 -9999.0 -9999.0 -9999.0 -9999.0 -9999.0 -9999.0 -9999.0 -9999.0 -9999.0 -9999.0 20.1151555427 40.8445321826 61.9098505566 98.799708515 19.2692841722 17.1663661308 132.016826398 147.657540645 280.427262089 297.083986058 45.6070016343 15.2431779796 14.0683827753 13.853667287 460.634738276 468.679530134 475.606965293 481.318895806 492.280667014 74.6194038037 81.8752536361 600.356067482 11073.8776596 42.370265427 33.7401719936 14.9226191633 4.12382617328 3.40454708731 22.5316172391 25.6569073509 41.5459763901 3.06751249039 107.714857003 15.0303587391 14.6450089788 2.95602467655 2.41640585185 2.53859584998 3.50976557896 2.87094228877 217.044794418 3116.66144483
-9999.0 -9999.0 -9999.0 -9999.0 -9999.0 -9999.0 -9999.0 -9999.0 -9999.0 -9999.0 -9999.0 -9999.0 -9999.0 -9999.0 19.8738498216 41.1462194995 60.8019248886 80.6927307744 97.860195194 115.80460361 51.0477829903 86.1545607114 16.1627515757 15.3355507147 391.241161035 420.532148338 433.970563438 448.926889312 11.2607408864 19.5430954365 51.193512943 60.9477249227 68.2071309516 8.03372896959 10.4535057398 11101.1757613 8.89206543315 12.7022062319 6.30455834603 17.3010717724 8.05193199291 5.35756563486 72.180461255 78.3693479122 3.69171404516 112.274223882 130.806424526 18.5398858516 3264.47419159 3258.44628566 3252.90943278 3238.98709487 3232.02572284 3133.14419439 3128.48476814
-9999.0 -9999.0 -9999.0 -9999.0 -9999.0 -9999.0 -9999.0 -9999.0 -9999.0 -9999.0 -9999.0 -9999.0 -9999.0 -9999.0 5.42475053649 12.2766341889 20.1167110493 184.224840143 201.505753536 17.7446492347 17.2105817584 17.2678236265 328.529654239 361.925072331 16.1185551316 16.3336373654 12.4286255813 51.7896031558 64.6052497076 32.9719042929 41.161391862 303.940776871 312.648125778 332.028699425 529.670208673 11637.0761649 9.66108108989 5.47446166945 26.7000315626 21.9255229898 4.44935524851 14.6673451693 19.5187637902 83.9632175146 89.2339582615 230.179176956 133.084481356 20.6828945963 3352.31218999 47.1379297696 3247.22215811 3243.32458669 91.9436204683 5.06140146675 7.4219551442
-9999.0 -9999.0 -9999.0 -9999.0 -9999.0 -9999.0 -9999.0 -9999.0 -9999.0 -9999.0 -9999.0 -9999.0 -9999.0 -9999.0 27.8341979467 45.4631908385 93.7320088424 164.26750008 220.599621581 261.895958626 278.915517788 296.524160544 313.71782079 16.0998244702 14.2278421124 27.6832521609 25.9976417132 13.4909635392 263.368887077 275.724945986 287.3694545 298.240958965 162.214785116 170.136271518 184.501952496 11642.4376215 16.7523476407 17.1214747539 47.0947285402 4.187422724 11.2892047852 6.34419454127 4.47764730176 24.9174802947 4.24688168562 4.49960531239 3607.47618775 3373.45818119 3368.58109929 17.0810473311 43.5985855185 27.1557488307 5.74612421536 79.9359830092 22.0276470099
-9999.0 -9999.0 -9999.0 -9999.0 -9999.0 -9999.0 -9999.0 -9999.0 -9999.0 -9999.0 -9999.0 -9999.0 -9999.0 -9999.0 19.4121242259 17.8015545939 34.7143171974 53.2223594062 21.3819243358 20.9282202792 38.7413072694 55.9478239282 88.0512204226 103.969541073 117.816467185 160.026025477 172.953292414 187.178570528 12.8713649427 128.956599234 139.228377116 147.979289836 6.64868341653 4.55861156525 8.32508713345 11835.4870709 11840.6655168 11868.1005874 59.601360407 8.94436541673 17.3959477526 4.72817691709 8.24436828851 29.0993887026 37.0164229409 8.29959426287 3629.23280518 7.73388106728 9.51738252831 9.97574813052 9.608441693 15.9991320996 7.18561172275 53.4555236362 40.5219587312
-9999.0 -9999.0 -9999.0 -9999.0 -9999.0 -9999.0 -9999.0 -9999.0 -9999.0 -9999.0 -9999.0 -9999.0 -9999.0 -9999.0 -9999.0 16.5910092819 32.9159096248 16.6937074445 34.7220211295 212.286195487 229.523663392 245.56704238 16.0950414986 16.109227025 29.9023137782 44.1739991383 68.8895356484 82.0001116294 91.5503808264 104.003576083 9.60650729915 8.08585085212 163.858665759 169.961358878 174.36810989 179.269948272 151.328256754 12039.9882296 12130.1168685 12134.0207822 12154.7469834 12172.9093622 12186.5567684 4.38308374544 40.9320043777 3633.83052809 11.0889616092 5.6697690592 7.43730023681 6.7062709206 11.3444977323 9.08851927408 5.28945493961 7.17268963692 6.39046141031
-9999.0 -9999.0 -9999.0 -9999.0 -9999.0 -9999.0 -9999.0 -9999.0 -9999.0 -9999.0 -9999.0 -9999.0 -9999.0 -9999.0 -9999.0 -9999.0 48.8413269898 66.3535717007 119.121071756 158.287749276 21.0456136675 285.340507132 300.728224598 314.975264725 14.1231009758 27.5040400695 12.1115520403 91.9719820152 99.77347206 112.706989941 126.754793499 153.14574598 158.992374314 3.64252347779 131.41877772 141.294479988 146.553928778 166.560136076 25.4542712283 15.8968871543 9.23380064141 8.48296737995 12199.7908047 12207.2716609 12278.3838635 3638.99548336 32.054319018 16.2057808539 11.3769490211 3.22811274402 30.1809636168 14.7588168914 4.75587425317 25.379136883 21.2823578283
-9999.0 -9999.0 -9999.0 -9999.0 -9999.0 -9999.0 -9999.0 -9999.0 -9999.0 -9999.0 -9999.0 -9999.0 -9999.0 -9999.0 -9999.0 -9999.0 17.9628503084 83.9298349151 102.63457975 21.5608766476 16.7551158534 34.4790671769 50.3673615061 380.129921552 13.8416668157 55.9345645029 68.5729372548 80.9450344722 8.98953674775 20.3231302862 25.5158504608 102.110920997 113.643759083 117.993742743 4.99510996601 4.62828839985 5.37293009534 9.80308131176 4.23129709744 4.43599883615 7.06560565709 5.23355976435 7.03760166303 24.4672536957 12286.2663895 15945.3783307 39.1498920536 5.29817012213 3.7091995024 90.6007157056 83.5703435955 48.2801449817 42.9851072899 31.6693849514 7.15476669812
-9999.0 -9999.0 -9999.0 -9999.0 -9999.0 -9999.0 -9999.0 -9999.0 -9999.0 -9999.0 -9999.0 -9999.0 -9999.0 -9999.0 -9999.0 14.4647917408 48.6913423225 16.1817209688 20.1068574198 18.0922881538 34.7763796542 51.2170919946 67.3834703591 464.016682138 476.977130159 13.4470383653 25.8234710253 38.3743883563 47.687198441 56.7371682469 87.9187141195 97.4949788519 5.83550525318 4.86052132739 4.71032156986 6.0787440852 6.76804885973 7.35849522464 7.13020708235 8.23396722665 28.8689616208 13.723442375 8.63504739974 8.51860928934 6.96602980471 13.0178530924 16229.7573196 241.335351242 111.530790028 11.7408651125 5.33989020975 4.51969579827 14.0522478744 9.12129578634 4.41356302718
-9999.0 -9999.0 -9999.0 -9999.0 -9999.0 -9999.0 -9999.0 -9999.0 -9999.0 -9999.0 -9999.0 -9999.0 -9999.0 -9999.0 15.2819201616 29.4183695199 108.841619345 15.9340236967 40.3822128909 57.6560974532 73.6386620073 16.8939355833 31.398193831 48.7567150683 541.297829633 12.5247228826 23.9912666789 35.7954994082 11.0742231625 21.6542402106 26.6725206866 34.7076836363 944.48072082 955.889917109 968.441476698 1025.66358787 1044.19947758 1088.03742991 15.1965128165 31.6790428873 36.0434370221 1238.41049061 1253.28582927 7.96438994664 13.0969717268 18.1557031238 16237.0599862 232.615708843 106.83732165 100.954973839 87.6601982572 79.7309796166 18.6475677352 4.87245108775 8.53257046759
-9999.0 -9999.0 -9999.0 -9999.0 -9999.0 -9999.0 -9999.0 -9999.0 -9999.0 -9999.0 -9999.0 -9999.0 -9999.0 -9999.0 15.4581750405 46.9945642688 171.263333852 252.425467668 14.2877636212 334.328504539 424.382639992 15.2133261335 29.0952791409 45.5049801565 672.941872758 687.518714512 11.0477066921 58.220929723 68.7388595307 76.7945903237 873.409425428 891.411094699 905.26734064 7.04539207319 39.7143361188 47.5594942656 22.0768734174 31.4683732835 1133.21193886 1180.14767873 1188.55555259 1196.62033391 1264.93877513 5.71270385172 5.4694598489 28.7405720058 16245.6618822 8.14056332993 2.73146019414 8.11730111277 3.11229995219 70.3502686417 63.126233973 37.5223492515 26.2132955562
-9999.0 -9999.0 -9999.0 -9999.0 -9999.0 -9999.0 -9999.0 -9999.0 -9999.0 -9999.0 -9999.0 -9999.0 -9999.0 -9999.0 -9999.0 -9999.0 32.9910989411 66.5579247528 300.340557913 317.919011971 439.682927937 456.446856232 15.1901802885 30.374557873 71.9746321958 703.234429268 727.979978443 738.250241344 8.91389071393 773.327608359 790.948280499 12.1232886115 7.0776212005 13.116943601 26.075063045 6.66066097019 13.6381129863 29.8081863365 37.9072560563 7.821308142 5.77779759941 11.5732892899 1303.51880756 1315.05423171 1319.93393492 1361.03705289 16253.4013585 5.98656813858 1.92091410132 2.31507581487 2.31150161486 2.37228589419 2.18603289672 4.06487073565 4.53036701885
-9999.0 -9999.0 -9999.0 -9999.0 -9999.0 -9999.0 -9999.0 -9999.0 -9999.0 -9999.0 -9999.0 -9999.0 -9999.0 -9999.0 -9999.0 -9999.0 17.2831558414 16.8900855276 16.9229565081 34.9300719203 15.7235188712 487.51338287 502.841181879 14.3854213892 27.8292592352 13.7978084455 12.2103417871 11.8581337247 757.322735763 5.42703868328 11.4807511582 6.53369689187 6.79864878464 6.32336278579 5.2224368537 5.43154388828 16.8895426142 23.1548558622 4.89444954498 4.44843959982 9.80321243601 16.2855589622 20.1965303023 5.07068012365 1326.41999407 1366.19460104 16259.6780081 17.5643836464 5.76252325704 1.35025556331 3.40165883955 1.12454184917 0.920478228775 5.1041193983 21.8124243434
-9999.0 -9999.0 -9999.0 -9999.0 -9999.0 -9999.0 -9999.0 -9999.0 -9999.0 -9999.0 -9999.0 -9999.0 -9999.0 -9999.0 -9999.0 -9999.0 -9999.0 -9999.0 16.6856167965 50.2818423568 64.1859149072 79.334274516 517.524642958 532.061562213 546.927036165 563.114082068 574.601461075 598.545228892 603.844495368 608.778974012 613.320911799 5.75669110808 5.5376398079 5.96744447497 22.3142187878 6.02092937548 5.89427240028 4.69446742352 14.1809792678 5.80497343341 4.76791375591 4.43777699254 3.94378072445 7.87210621865 11.7181749213 1390.83879146 17674.3364322 5.80903020349 12.6164252269 1.05548542469 4.61717816225 2.4490373777 1.85447259548 44.3468291576 35.7768251408
-9999.0 -9999.0 -9999.0 -9999.0 -9999.0 -9999.0 -9999.0 -9999.0 -9999.0 -9999.0 -9999.0 -9999.0 -9999.0 -9999.0 -9999.0 -9999.0 -9999.0 -9999.0 -9999.0 13.7933439975 109.493325365 219.00049025 235.092619805 19.1052342737 33.5698706195 46.5827887811 57.7660585695 131.624858598 137.250005059 5.5398630592 5.5596306998 625.654775096 636.697288261 641.740444141 26.6770491935 4.20389673584 10.4252133467 15.3029711761 46.2640476394 57.1541850739 66.2882619307 8.41698813496 11.9430484178 4.14970906301 8.49138587338 4.4889999154 17683.4451971 5.89121296791 23.7106965741 7.75343514953 15.4965416507 40.6976926265 45.7840665635 93.3086089914 36.3332052798
-9999.0 -9999.0 -9999.0 -9999.0 -9999.0 -9999.0 -9999.0 -9999.0 -9999.0 -9999.0 -9999.0 -9999.0 -9999.0 -9999.0 -9999.0 -9999.0 -9999.0 -9999.0 15.3952371198 49.008200596 95.9410361739 125.395317476 325.080085135 342.629098467 27.1898611265 40.3482454845 51.8705928759 63.187953169 142.191305345 153.005913495 260.148123884 269.196932935 275.019200483 647.148504441 688.903068366 10.0074168656 6.51193080599 6.25067351774 12.2674179241 5.80701587602 77.7061727491 82.0636615586 15.8822896505 19.3797719624 4.28497331461 3637.54653507 3647.31682506 21337.7909698 21369.763423 5.62174406662 27.1807819385 7.93326881421 7.07593457592 105.315099515 146.219676545
-9999.0 -9999.0 -9999.0 -9999.0 -9999.0 -9999.0 -9999.0 -9999.0 -9999.0 -9999.0 -9999.0 -9999.0 -9999.0 -9999.0 -9999.0 -9999.0 -9999.0 -9999.0 -9999.0 17.4774270389 16.9785795467 32.0268774987 76.0712821534 356.966936534 13.9179208391 13.6918518624 24.8463027965 36.5202297594 85.7230107239 91.9945072026 5.03564357987 5.77355525501 281.839775268 287.658056651 981.843941694 986.820203904 3.8936952698 3.48105070984 3.13519470377 3.16278040068 3.4487513024 3559.50191928 3585.56362638 3608.41265842 3616.15374648 3633.96729769 5.25079433122 19.3660036359 24.8146377099 21406.9103119 21412.2575694 21416.5007976 21420.3978383 21424.1271426 151.520218328
-9999.0 -9999.0 -9999.0 -9999.0 -9999.0 -9999.0 -9999.0 -9999.0 -9999.0 -9999.0 -9999.0 -9999.0 -9999.0 -9999.0 -9999.0 -9999.0 -9999.0 -9999.0 -9999.0 -9999.0 15.5229123627 16.2705687393 30.20243863 415.637852227 431.28800304 13.3273976173 24.4974037608 36.4925492373 44.056818526 6.24816214579 12.4032143021 883.422672167 889.012438526 894.610648626 935.456363338 1927.2233669 3402.68550613 3411.60518651 3420.15642313 3428.37269056 3462.18149406 3473.16584737 22.1980465753 10.2013194252 6.29468136169 11.9336044855 9.55117676156 15.1389225398 5.14964769312 95.7559071738 111.453578054 123.515115428 126.998103142 21427.699239 21583.8349844
-9999.0 -9999.0 -9999.0 -9999.0 -9999.0 -9999.0 -9999.0 -9999.0 -9999.0 -9999.0 -9999.0 -9999.0 -9999.0 -9999.0 -9999.0 -9999.0 -9999.0 -9999.0 -9999.0 -9999.0 -9999.0 15.7521229349 30.195655456 44.7116560748 443.58859211 14.357217269 597.881005109 610.070353208 615.974179438 622.18479094 856.749097679 864.550005731 6.1615693869 29.8627867212 36.5045625173 6.52495544923 1466.49979699 1454.47242346 4.20762122468 9.59623827026 26.1814043617 5.78702851694 6.41385125219 5.10408733922 4.62282040466 3.67924476827 4.4786773705 79.3273337094 84.2832114992 90.1487171338 9.51730490179 6.33338969821 131.86532431 137.00911463 139.863688556
-9999.0 -9999.0 -9999.0 -9999.0 -9999.0 -9999.0 -9999.0 -9999.0 -9999.0 -9999.0 -9999.0 -9999.0 -9999.0 -9999.0 -9999.0 -9999.0 -9999.0 -9999.0 -9999.0 -9999.0 -9999.0 14.3349553825 13.4649977143 69.7734625479 542.528443477 571.702027424 587.137719298 12.3302145054 216.019823791 221.870491711 225.474725589 6.66420413896 13.5502451504 19.7847164693 338.261433371 343.284707333 347.848811389 1445.65234723 894.205745819 5.35731084493 5.65250330713 5.41050184292 4.56030835375 44.4184682922 54.7694987312 63.9455464097 69.3150275848 74.5035372171 391.140767718 395.258915744 399.294605831 407.942668772 456.417845366 459.662315776 603.26445876
-9999.0 -9999.0 -9999.0 -9999.0 -9999.0 -9999.0 -9999.0 -9999.0 -9999.0 -9999.0 -9999.0 -9999.0 -9999.0 -9999.0 -9999.0 -9999.0 -9999.0 -9999.0 -9999.0 -9999.0 -9999.0 -9999.0 28.0236097362 42.8680817213 16.1777122537 13.2979953377 175.43588127 187.97927391 196.814853767 70.795192032 75.5125542411 80.7440313182 86.689823341 327.101038983 333.674262199 187.941277427 541.450977302 546.773263717 889.783369615 10.9319492321 5.57779723446 4.0569016174 29.8761780741 35.3202920622 3.84093206889 3.62997335736 372.282588424 381.93977197 387.129318759 4.13476715006 6.1110542774 447.905996243 5.49719825127 23.8744206828 26.8426545827
-9999.0 -9999.0 -9999.0 -9999.0 -9999.0 -9999.0 -9999.0 -9999.0 -9999.0 -9999.0 -9999.0 -9999.0 -9999.0 -9999.0 -9999.0 -9999.0 -9999.0 -9999.0 -9999.0 -9999.0 -9999.0 -9999.0 14.0538348701 27.8198049302 119.099834145 135.621177848 150.452050849 55.4938952699 66.014493235 5.40083359324 224.387458031 229.267644493 234.218649813 5.63423942174 175.682190079 182.472780695 5.40479410485 861.749203232 11.843091137 5.84584366718 15.7443299026 21.3397407501 4.57675095562 3.78442826281 327.844283139 363.258087027 368.964105707 5.60136069543 12.9168564518 16.397191145 19.2919837867 37.4158597943 8.78829366212 19.4752207651 4.29250208537
-9999.0 -9999.0 -9999.0 -9999.0 -9999.0 -9999.0 -9999.0 -9999.0 -9999.0 -9999.0 -9999.0 -9999.0 -9999.0 -9999.0 -9999.0 -9999.0 -9999.0 -9999.0 -9999.0 -9999.0 -9999.0 -9999.0 13.8502721173 44.0792123563 77.2277737183 17.5998985999 30.2500332079 43.6801276844 202.41127381 209.254345162 214.270502584 4.3260191085 143.750517283 158.971501069 164.476376466 3.5787466912 838.651421252 851.132044358 5.98174300506 5.52041982054 11.2903777027 4.83209104959 301.700719579 310.944976568 316.567059992 21.4293922522 27.059416295 4.97014309943 9.19229314308 4.25647493424 28.862694898 4.62322705752 4.90446689541 5.23254722844 5.58964193489
-9999.0 -9999.0 -9999.0 -9999.0 -9999.0 -9999.0 -9999.0 -9999.0 -9999.0 -9999.0 -9999.0 -9999.0 -9999.0 -9999.0 -9999.0 -9999.0 -9999.0 -9999.0 -9999.0 -9999.0 -9999.0 -9999.0 -9999.0 15.7172463014 17.3326314523 17.3176036551 139.356073853 152.320048145 190.566378116 8.08249661654 123.824839043 135.532965534 5.02716948238 10.8185234764 4.25338078026 825.156057948 5.24796425823 14.7926243709 19.1412787039 23.2622822239 271.886368465 287.155042236 292.975621863 5.83318484753 11.1801814531 16.061099287 3.44567006557 3.19321528756 848.718388341 852.160167092 855.171896734 883.547636267 887.583898169 893.350908183 897.976639516
