data/baseflow/mHMbf_acc520.asc
ncols                  80
nrows                 72
xllcorner      4374000.0
yllcorner      5656000.0
cellsize            500
NODATA_value       -9999
[rows 0 to 24 of 72, columns 0 to 54 of 80]
-9999.0 -9999.0 -9999.0 -9999.0 -9999.0 -9999.0 -9999.0 -9999.0 -9999.0 -9999.0 -9999.0 -9999.0 25.3508258033 19.6205979891 -9999.0 -9999.0 -9999.0 -9999.0 -9999.0 -9999.0 -9999.0 -9999.0 -9999.0 -9999.0 -9999.0 -9999.0 -9999.0 -9999.0 -9999.0 -9999.0 -9999.0 -9999.0 -9999.0 -9999.0 -9999.0 -9999.0 -9999.0 -9999.0 -9999.0 -9999.0 -9999.0 -9999.0 -9999.0 -9999.0 -9999.0 -9999.0 -9999.0 -9999.0 -9999.0 -9999.0 -9999.0 -9999.0 -9999.0 -9999.0 -9999.0
-9999.0 -9999.0 -9999.0 -9999.0 -9999.0 -9999.0 -9999.0 -9999.0 -9999.0 -9999.0 -9999.0 -9999.0 50.8935854082 108.063057171 16.4526988064 -9999.0 13.7854600385 -9999.0 -9999.0 -9999.0 -9999.0 -9999.0 -9999.0 -9999.0 -9999.0 -9999.0 -9999.0 -9999.0 -9999.0 -9999.0 -9999.0 -9999.0 -9999.0 -9999.0 -9999.0 -9999.0 -9999.0 -9999.0 -9999.0 -9999.0 -9999.0 -9999.0 -9999.0 -9999.0 -9999.0 -9999.0 -9999.0 -9999.0 -9999.0 -9999.0 -9999.0 -9999.0 -9999.0 -9999.0 -9999.0
-9999.0 -9999.0 -9999.0 -9999.0 -9999.0 -9999.0 -9999.0 -9999.0 -9999.0 -9999.0 24.0300631678 23.0891282648 24.2428203112 24.0169916327 152.694560378 169.284936037 37.4428484685 11.8052094153 -9999.0 -9999.0 -9999.0 -9999.0 -9999.0 -9999.0 -9999.0 -9999.0 -9999.0 -9999.0 -9999.0 -9999.0 -9999.0 -9999.0 -9999.0 -9999.0 -9999.0 -9999.0 -9999.0 -9999.0 -9999.0 -9999.0 -9999.0 -9999.0 -9999.0 -9999.0 -9999.0 -9999.0 -9999.0 -9999.0 -9999.0 -9999.0 -9999.0 -9999.0 -9999.0 -9999.0 -9999.0
-9999.0 -9999.0 -9999.0 -9999.0 -9999.0 -9999.0 -9999.0 -9999.0 -9999.0 23.2423518566 47.3880867714 94.0288265241 46.9518198733 22.886265022 44.6004230307 190.385100302 255.633587409 13.4786580016 -9999.0 22.8311436266 -9999.0 -9999.0 -9999.0 -9999.0 26.3250658672 13.485878878 -9999.0 -9999.0 -9999.0 -9999.0 -9999.0 -9999.0 -9999.0 -9999.0 -9999.0 -9999.0 -9999.0 -9999.0 -9999.0 -9999.0 -9999.0 -9999.0 -9999.0 -9999.0 -9999.0 -9999.0 -9999.0 -9999.0 -9999.0 -9999.0 -9999.0 -9999.0 -9999.0 -9999.0 -9999.0
-9999.0 -9999.0 -9999.0 -9999.0 -9999.0 -9999.0 -9999.0 -9999.0 25.7629305327 73.4089212046 95.682212998 118.418030873 162.775437291 21.1678385711 85.728065035 105.801946074 393.209674748 17.0260778311 18.4289265855 42.7278858383 61.9972448715 20.0232791597 -9999.0 68.330248856 56.3218547083 15.5167361431 -9999.0 -9999.0 -9999.0 -9999.0 -9999.0 -9999.0 -9999.0 -9999.0 -9999.0 -9999.0 -9999.0 -9999.0 -9999.0 -9999.0 -9999.0 -9999.0 -9999.0 -9999.0 -9999.0 -9999.0 -9999.0 -9999.0 -9999.0 -9999.0 -9999.0 -9999.0 -9999.0 -9999.0 -9999.0
-9999.0 -9999.0 -9999.0 -9999.0 -9999.0 -9999.0 25.9197297599 23.9010773192 23.0370330205 23.425003005 23.5055318305 166.121987349 351.501705811 373.748034616 392.758160544 18.6403749339 430.128675849 448.741793828 38.8352055279 19.7326760992 80.9401967419 139.456656154 18.9176298321 125.13098079 20.6646904979 19.8470836727 21.4526929598 -9999.0 -9999.0 -9999.0 -9999.0 -9999.0 -9999.0 -9999.0 -9999.0 -9999.0 -9999.0 -9999.0 -9999.0 -9999.0 -9999.0 -9999.0 -9999.0 -9999.0 -9999.0 -9999.0 -9999.0 -9999.0 -9999.0 -9999.0 -9999.0 -9999.0 -9999.0 -9999.0 -9999.0
-9999.0 -9999.0 -9999.0 -9999.0 -9999.0 -9999.0 52.2781448247 77.5600027936 174.944264265 243.435479264 21.2406490007 22.1944076587 20.8088367178 61.0857106996 472.113759257 17.3321076066 466.78171856 541.993906788 58.5298853068 36.8227134511 156.94916274 18.8320936132 143.972317526 37.5912249134 18.9038278735 38.1096738241 42.4530329788 21.6987424169 22.2585711434 21.7488979601 22.8228552905 45.6486166989 -9999.0 -9999.0 -9999.0 -9999.0 -9999.0 -9999.0 -9999.0 -9999.0 -9999.0 -9999.0 -9999.0 -9999.0 -9999.0 -9999.0 -9999.0 -9999.0 -9999.0 -9999.0 -9999.0 -9999.0 -9999.0 -9999.0 -9999.0
-9999.0 -9999.0 -9999.0 -9999.0 -9999.0 28.003621192 54.5647424862 26.3964727342 51.1818515527 268.37118988 313.242531389 358.176020014 1157.48057681 20.55089598 491.594089481 1806.95745808 1821.80216651 2389.28621881 16.3095377988 54.229374079 174.526268076 17.4103710943 356.597329153 194.250643059 119.554909971 100.267344035 20.7171084755 64.5128982074 65.1647302169 43.3786486338 21.0068718928 67.2112273044 20.669252882 20.3524373912 -9999.0 -9999.0 -9999.0 -9999.0 -9999.0 -9999.0 -9999.0 -9999.0 -9999.0 -9999.0 -9999.0 -9999.0 -9999.0 -9999.0 -9999.0 -9999.0 -9999.0 -9999.0 -9999.0 -9999.0 -9999.0
-9999.0 -9999.0 -9999.0 -9999.0 -9999.0 28.4121344531 83.3988695876 165.170964037 190.670791158 378.317563423 402.13462477 476.078945236 779.082286566 1219.76067873 1260.92531395 1279.98621564 33.7865204478 2451.12127178 2484.23211598 2573.81636496 3175.72352623 410.002510214 375.33981048 138.036695866 18.4328818198 121.060070924 82.9966437134 17.7651853822 84.3042161178 19.289791622 40.5737479998 107.898583783 127.693557594 39.8479977092 19.4120403584 19.1441738265 -9999.0 -9999.0 -9999.0 -9999.0 13.4744720963 11.9011479703 -9999.0 -9999.0 -9999.0 -9999.0 -9999.0 -9999.0 -9999.0 -9999.0 -9999.0 -9999.0 -9999.0 -9999.0 -9999.0
-9999.0 -9999.0 -9999.0 -9999.0 -9999.0 27.8834543711 26.8643647111 110.477642212 136.306069966 162.703188465 25.020379706 49.6397284062 286.102414275 49.9588067486 22.5789648637 20.6109290548 17.8967437129 21.1145654547 20.4737626454 19.4076239043 3194.11579957 3246.10879765 17.3063418412 53.7458630298 36.70842427 138.769918799 35.9524846978 17.2695171845 103.729717693 37.8820698799 91.8812026597 222.643913664 206.166651444 58.8811258154 57.0838504619 19.6846012772 19.5141796512 -9999.0 -9999.0 19.6973387826 30.146203521 66.9941395319 12.577147741 -9999.0 -9999.0 -9999.0 -9999.0 -9999.0 -9999.0 -9999.0 -9999.0 -9999.0 -9999.0 -9999.0 -9999.0
-9999.0 -9999.0 -9999.0 -9999.0 -9999.0 -9999.0 28.5962744383 28.4230400744 55.2156641146 82.190588875 186.605247605 237.961046008 263.66888775 26.8813489033 20.8592655991 278.874745846 339.534458569 358.464674958 437.690098786 455.741389124 17.7336487566 3264.07413162 3352.05941872 70.3385040942 14.1286009762 154.938772956 343.915566171 137.267696877 33.9569893379 17.1304458645 348.456432091 240.283547237 17.0291083803 17.0706622815 74.6378524675 57.4426643522 18.3145185185 17.3526839029 18.9078026869 38.2439682415 18.1707456908 81.2798331966 98.6316687393 16.0806223231 -9999.0 -9999.0 -9999.0 -9999.0 17.8433674557 16.9240530641 5.2191707438 -9999.0 -9999.0 -9999.0 -9999.0
-9999.0 -9999.0 -9999.0 -9999.0 -9999.0 -9999.0 -9999.0 28.0723754089 25.7740653662 53.1152272843 79.5110982912 25.8082592571 23.9984363258 148.443290974 192.661306473 237.886713231 20.8989838484 41.4155301564 20.0518643318 474.433048297 1038.49435181 1051.06149668 4435.4524739 17.1995408172 41.797151109 13.3105470729 360.034699625 16.6118662617 51.3147064324 16.7951993449 365.29600608 382.137290175 34.2491780185 34.0811827778 187.269835769 94.19957039 35.7645277175 18.3818477498 37.698971115 56.8135423791 92.3344854488 17.0040199987 129.682222259 143.558733069 12.4997544423 13.4130296341 13.9324363603 12.6522092995 11.9306206159 48.8519762943 19.4612751325 12.1783558611 -9999.0 -9999.0 -9999.0
-9999.0 -9999.0 -9999.0 -9999.0 -9999.0 -9999.0 -9999.0 -9999.0 54.0568316952 79.0082318692 25.9366587569 52.4810162594 76.9194614669 126.148673427 23.9794567281 23.3300577614 20.2435097832 20.4258135775 18.391033793 526.25765695 20.5959859642 40.3105502156 4489.33609661 4524.47264402 16.247160811 74.3870052199 449.756928023 32.4798800093 66.2877738961 30.8027163242 45.485708909 446.377089041 49.4671318303 269.2843417 220.31287198 17.0363835796 88.6830531474 35.8341625695 54.7582018824 16.8903184541 108.525197115 140.096974976 151.975696224 163.229727618 190.199651903 23.5651347068 24.8096514807 22.6894352542 21.1738833975 60.1897981056 12.1508641837 44.129887223 55.0199582998 -9999.0 -9999.0
-9999.0 -9999.0 -9999.0 -9999.0 -9999.0 -9999.0 -9999.0 -9999.0 27.6224881106 133.533078322 158.987391504 25.4598264394 49.4047481904 23.9089802731 22.0317331429 21.7377548435 270.690341916 357.517792186 435.506236535 512.595785777 18.9911517825 20.0806315302 19.9559633899 4608.45273262 4644.66272106 4659.90447876 598.017937037 130.608371487 114.070204073 14.0570957763 59.3823274038 520.273322386 14.3570873839 284.008339043 16.3087649263 115.357327016 106.565995413 17.195055565 71.7767592331 33.7875468306 50.2708126657 14.5662673386 11.0926847503 174.338220762 184.410512703 200.242866188 35.6034945114 32.9467839484 31.0926508979 73.2660043046 97.9203968783 12.3107927742 66.6492433234 12.7291108479 23.7090564492
-9999.0 -9999.0 -9999.0 -9999.0 -9999.0 -9999.0 -9999.0 -9999.0 -9999.0 27.6502397735 185.175613572 210.141727048 73.4353131877 121.06301629 165.00407303 186.952844813 22.0921513873 66.5257712718 44.1037226958 22.5204211678 22.0953226124 20.4315540024 40.0670995835 67.4952972508 21.3695852499 5295.89789341 5312.74323753 15.0964224232 12.3282659399 28.4528242462 42.4030553837 562.363284222 28.147130744 296.822689122 175.424282459 145.165005045 16.0727285877 32.8887482466 87.0288545047 15.2380443982 65.0390504722 29.0243132219 19.519851172 9.24140128999 212.369998585 420.70516476 42.8596832367 40.3978923002 40.726905688 9.97547227129 107.752769465 9.54318232306 88.6206882572 10.8008696832 34.4475146247
-9999.0 -9999.0 -9999.0 -9999.0 -9999.0 -9999.0 -9999.0 -9999.0 -9999.0 -9999.0 25.0577407221 260.478073414 23.8964094637 47.5980144165 68.8623165262 110.890213054 21.4120360725 44.0971667193 21.7167269666 20.5296202519 19.5299339579 38.6379689219 17.3521883078 19.0172670656 37.3888237757 20.5939257924 5329.71337639 5360.3869007 5405.14282859 56.1242723126 14.3104068415 28.5459269054 577.160379215 542.895263535 206.121720678 15.1953360675 64.4417129925 48.5745477466 102.318057276 30.4419631688 123.758397192 43.6270555964 31.2080816171 7.51708402321 9.79954024531 431.711466363 441.113835912 532.454617773 72.028783002 20.70365968 118.425532847 138.425595105 236.187867794 21.1430437775 9.79378190954
-9999.0 -9999.0 -9999.0 -9999.0 -9999.0 -9999.0 -9999.0 -9999.0 -9999.0 -9999.0 -9999.0 13.6422843359 289.603180236 23.3657057097 44.2750428849 196.962998086 21.3385964998 21.1402448561 19.0411948181 40.4093090989 19.9162249513 78.2174780466 112.99252247 129.071796345 52.4111766214 66.1587672208 15.8757029715 19.3937392832 16.6684630724 5490.89421076 5535.31617236 589.761004435 567.957174454 555.586137043 26.5288837738 12.8544670415 78.589812133 209.385312452 116.666974616 44.6358874909 182.01825309 69.9415986164 57.0803573767 15.2328325183 6.31681230792 5.99332265791 6.64240526757 565.354813224 666.303600801 9.91767528017 8.73025444661 9.92312883604 245.668162328 275.854016039 17.5286696038
-9999.0 -9999.0 -9999.0 -9999.0 -9999.0 -9999.0 -9999.0 -9999.0 -9999.0 -9999.0 -9999.0 12.6674597092 319.953809063 390.559599152 21.2770693614 239.279626904 19.9316889514 19.2197570865 38.6525464574 98.9971257966 19.4050915258 20.2318808533 17.2671139882 163.116432936 179.236848 262.493369765 293.656694913 310.090929547 324.960504792 339.209167656 5888.96684487 6506.30515946 7099.05659549 7109.17416864 11.8198928985 13.1025780654 237.794438016 223.674834204 14.1303107793 14.223145559 197.112864963 280.719496621 11.618524823 134.794167204 124.059915398 32.3024928649 14.783597812 24.3472229953 10.56278304 683.806464186 8.93155371135 27.1348636207 33.7542485032 334.342217304 358.635802393
-9999.0 -9999.0 -9999.0 -9999.0 -9999.0 -9999.0 -9999.0 -9999.0 -9999.0 -9999.0 -9999.0 25.4737823153 48.7282951492 413.363587988 453.49469946 20.0563188872 274.653689896 17.113046655 53.3852501415 116.784276639 37.4451976905 17.9648281902 36.4602884785 15.1517234257 29.4909917981 14.7700068083 13.9496237014 12.4914292934 11.5715325696 11.1451398122 10.7595185667 13.8388738531 15.8706761761 16.9543033261 7147.95056919 283.42197512 257.170424231 9.06354367185 40.4120404601 9.86748943466 9.50183394909 293.331177977 466.289857614 148.469389761 109.7544117 19.0678635792 7.82945931479 7.12101687759 15.6052752813 708.360784585 724.896116383 8.63166508555 8.76553808528 8.6847616673 7.30843727317
-9999.0 -9999.0 -9999.0 -9999.0 -9999.0 -9999.0 -9999.0 -9999.0 -9999.0 -9999.0 -9999.0 -9999.0 21.9957944483 291.805194404 766.454644203 830.234208209 1123.0999621 1138.25625233 258.211585558 190.706662067 55.7090475485 17.738920049 71.1888865331 87.7293034867 132.263256498 30.1755879978 28.4245682703 27.2075820481 53.0613487199 25.2040349109 24.387036839 12.5329237277 9.51229252407 10.0487677785 7159.49333202 7451.92203959 7466.18309058 9.17253450541 105.146907587 46.0104870701 13.5829973573 507.860161555 29.3147867002 15.1193262711 64.1727226337 13.981943584 10.5025148313 19.3565214108 26.7976379185 35.0336139945 738.833853052 6.51554298881 5.59347376591 5.59982063493 4.53741246766
-9999.0 -9999.0 -9999.0 -9999.0 -9999.0 -9999.0 -9999.0 -9999.0 -9999.0 -9999.0 -9999.0 23.7224213667 221.825825576 269.304417128 43.1870080322 13.6883486393 31.2731712565 1187.9449399 1203.02655704 1475.82304929 15.8969522272 33.4885086532 14.6995642859 14.9188232998 146.825118737 191.528297917 233.724276051 13.3866609871 66.4295083307 104.768085123 62.1250317914 25.2520559826 20.7695965189 19.4157087639 18.6224074046 9.42753664118 7474.99088687 7481.86113501 7601.74998064 22.2133836553 11.9264092265 516.736486999 31.8687281577 16.2647717281 17.4709636108 17.333010437 15.5323789252 26.9175417298 74.7865642365 118.812888376 864.422758802 4.84087554626 14.4995181267 9.82152493325 8.27544470482
-9999.0 -9999.0 -9999.0 -9999.0 -9999.0 -9999.0 -9999.0 -9999.0 -9999.0 -9999.0 -9999.0 24.1775550263 152.923599276 24.2378912965 21.3045621512 110.501822169 129.162568355 148.080682825 165.49987248 1988.15379356 2004.44014605 2036.89056645 2269.13044029 2313.88198775 2339.45911739 2354.44266794 2619.75306245 2656.7079844 2670.88861801 2790.48062318 2866.9776818 2879.84174913 2924.88915351 31.4512443313 28.7224757086 7.05321403323 6.64641890948 7490.31447033 7639.9255025 31.3249682405 595.332711758 584.960213687 59.6726241527 14.3973533187 14.5447243169 13.9686870277 13.8368387659 27.8031633499 38.9575944994 10.4346523531 870.821739731 877.611178541 907.617457431 913.02418726 926.227085221
-9999.0 -9999.0 -9999.0 -9999.0 -9999.0 -9999.0 -9999.0 -9999.0 -9999.0 -9999.0 -9999.0 78.3097067639 103.775998184 49.0138603855 71.8155894737 22.4938902909 254.088008234 273.730641913 312.356169833 329.134123482 127.348248068 2189.71535362 2204.88271584 14.4070942706 10.618440778 9.66307351726 21.2779275497 11.3656449056 9.03464992275 8.75127278149 9.49377138936 2892.0793104 2937.38449733 2980.6485771 3019.62920286 3044.65350896 11.2960419746 3.60996302052 8259.27577771 612.86784806 606.397494343 12.5294779377 11.7026731669 10.4899020045 25.3184332426 24.7643888149 11.3644953576 11.5687072751 10.4006049811 20.6499455436 26.9261443122 4.9675347034 9.02162542602 3.43563218341 2.65047605731
-9999.0 -9999.0 -9999.0 -9999.0 -9999.0 -9999.0 -9999.0 -9999.0 -9999.0 -9999.0 -9999.0 -9999.0 52.8295783275 25.1326969824 22.974690195 214.877733927 235.068588463 20.3072378484 78.4974409323 96.8628897391 113.298790451 17.9048936644 13.7129447077 323.63593304 334.987495437 345.965381762 884.900923493 893.925086677 910.531224962 993.56707551 1040.99630326 1048.61490911 8.0027977938 8.33487120408 8.20999678811 3054.97310079 4.82827732485 8359.7110948 8352.535577 86.8624215101 78.5131503581 47.7533180071 12.0751548566 21.0360922649 36.1462964117 35.6550219367 22.0669939603 11.0785554097 21.2432826244 20.8398320764 35.7190959159 5.87804884582 15.3158127095 24.1935811099 29.7936935698
-9999.0 -9999.0 -9999.0 -9999.0 -9999.0 -9999.0 -9999.0 -9999.0 -9999.0 -9999.0 -9999.0 -9999.0 26.9807132206 76.2447644768 99.6813025306 169.767312525 20.2039618512 41.0372547638 60.3547661847 237.166633358 253.741491721 267.084840201 282.133997909 297.865469651 455.945856489 503.483410774 529.608820801 10.4988807794 66.4091210184 76.0584996628 1016.68046341 1057.17789696 1075.41355789 1094.00089959 1109.86020923 4170.35998675 6.36304335131 8385.71348196 14.1638627347 6.54828392871 66.8954512871 57.6669771812 8.87428212394 30.6533591709 45.7923561142 44.8913716656 30.4879341942 49.9232337449 78.6618241107 29.3212348571 72.6588362572 6.39586094172 10.072149562 2.06451946925 1.52676043709
