data/baseflow/mHMbf_acc418.asc
ncols                  80
nrows                 72
xllcorner      4374000.0
yllcorner      5656000.0
cellsize            500
NODATA_value       -9999
[rows 0 to 23 of 72, columns 0 to 54 of 80]
-9999.0 -9999.0 -9999.0 -9999.0 -9999.0 -9999.0 -9999.0 -9999.0 -9999.0 -9999.0 -9999.0 -9999.0 12.0390618993 13.9614816396 -9999.0 -9999.0 -9999.0 -9999.0 -9999.0 -9999.0 -9999.0 -9999.0 -9999.0 -9999.0 -9999.0 -9999.0 -9999.0 -9999.0 -9999.0 -9999.0 -9999.0 -9999.0 -9999.0 -9999.0 -9999.0 -9999.0 -9999.0 -9999.0 -9999.0 -9999.0 -9999.0 -9999.0 -9999.0 -9999.0 -9999.0 -9999.0 -9999.0 -9999.0 -9999.0 -9999.0 -9999.0 -9999.0 -9999.0 -9999.0 -9999.0
-9999.0 -9999.0 -9999.0 -9999.0 -9999.0 -9999.0 -9999.0 -9999.0 -9999.0 -9999.0 -9999.0 -9999.0 25.0529111347 62.1790829824 11.585983967 -9999.0 12.4813111029 -9999.0 -9999.0 -9999.0 -9999.0 -9999.0 -9999.0 -9999.0 -9999.0 -9999.0 -9999.0 -9999.0 -9999.0 -9999.0 -9999.0 -9999.0 -9999.0 -9999.0 -9999.0 -9999.0 -9999.0 -9999.0 -9999.0 -9999.0 -9999.0 -9999.0 -9999.0 -9999.0 -9999.0 -9999.0 -9999.0 -9999.0 -9999.0 -9999.0 -9999.0 -9999.0 -9999.0 -9999.0 -9999.0
-9999.0 -9999.0 -9999.0 -9999.0 -9999.0 -9999.0 -9999.0 -9999.0 -9999.0 -9999.0 11.6320965384 11.0387989517 11.8581223936 11.9535705127 83.2033864957 92.8966763716 34.554996575 11.1846384949 -9999.0 -9999.0 -9999.0 -9999.0 -9999.0 -9999.0 -9999.0 -9999.0 -9999.0 -9999.0 -9999.0 -9999.0 -9999.0 -9999.0 -9999.0 -9999.0 -9999.0 -9999.0 -9999.0 -9999.0 -9999.0 -9999.0 -9999.0 -9999.0 -9999.0 -9999.0 -9999.0 -9999.0 -9999.0 -9999.0 -9999.0 -9999.0 -9999.0 -9999.0 -9999.0 -9999.0 -9999.0
-9999.0 -9999.0 -9999.0 -9999.0 -9999.0 -9999.0 -9999.0 -9999.0 -9999.0 11.0985231987 22.6871286679 45.1068863438 22.4094888075 10.7136515597 20.5282475269 102.03417478 158.437706148 11.3284730948 -9999.0 10.1540116672 -9999.0 -9999.0 -9999.0 -9999.0 23.3661644866 12.2054231905 -9999.0 -9999.0 -9999.0 -9999.0 -9999.0 -9999.0 -9999.0 -9999.0 -9999.0 -9999.0 -9999.0 -9999.0 -9999.0 -9999.0 -9999.0 -9999.0 -9999.0 -9999.0 -9999.0 -9999.0 -9999.0 -9999.0 -9999.0 -9999.0 -9999.0 -9999.0 -9999.0 -9999.0 -9999.0
-9999.0 -9999.0 -9999.0 -9999.0 -9999.0 -9999.0 -9999.0 -9999.0 14.5731531169 38.4869859938 49.1084941847 59.8745012956 77.7017282891 9.56333032577 38.8633520436 47.572445604 223.026491647 7.64038842434 6.86140481071 18.3805438344 26.0946060434 8.2590404564 -9999.0 56.1661441721 46.1094483919 11.4713032707 -9999.0 -9999.0 -9999.0 -9999.0 -9999.0 -9999.0 -9999.0 -9999.0 -9999.0 -9999.0 -9999.0 -9999.0 -9999.0 -9999.0 -9999.0 -9999.0 -9999.0 -9999.0 -9999.0 -9999.0 -9999.0 -9999.0 -9999.0 -9999.0 -9999.0 -9999.0 -9999.0 -9999.0 -9999.0
-9999.0 -9999.0 -9999.0 -9999.0 -9999.0 -9999.0 13.7152661307 11.779892855 11.2379299139 11.6815691588 11.9067855007 84.2241500376 172.926582747 183.500302504 191.692641907 8.29904627624 239.203854335 246.67059151 15.0023389323 8.20140874393 33.606943741 57.7429477523 7.6812855152 79.6754807989 7.4709054194 7.63588073124 7.56307556633 -9999.0 -9999.0 -9999.0 -9999.0 -9999.0 -9999.0 -9999.0 -9999.0 -9999.0 -9999.0 -9999.0 -9999.0 -9999.0 -9999.0 -9999.0 -9999.0 -9999.0 -9999.0 -9999.0 -9999.0 -9999.0 -9999.0 -9999.0 -9999.0 -9999.0 -9999.0 -9999.0 -9999.0
-9999.0 -9999.0 -9999.0 -9999.0 -9999.0 -9999.0 28.0843583133 41.1884442584 91.4965352128 124.825734125 9.72328450559 10.4249440323 9.57097778876 27.5785083643 227.082345016 7.0712251176 253.910763606 283.630084448 22.2226301461 15.0201717304 64.6262301733 7.81969565068 87.043375286 13.6923869152 6.62481585601 13.8983979131 15.1688551734 8.29387308055 8.43277227871 8.01439878052 8.77280825709 17.4690977246 -9999.0 -9999.0 -9999.0 -9999.0 -9999.0 -9999.0 -9999.0 -9999.0 -9999.0 -9999.0 -9999.0 -9999.0 -9999.0 -9999.0 -9999.0 -9999.0 -9999.0 -9999.0 -9999.0 -9999.0 -9999.0 -9999.0 -9999.0
-9999.0 -9999.0 -9999.0 -9999.0 -9999.0 16.8304397582 31.7002355407 14.7997718815 27.8987885332 138.489605614 160.597569392 182.357463309 632.603299636 9.20984253818 235.761828559 950.019124296 957.125162672 1254.12889081 7.4705197309 21.8631915616 71.5428253836 6.80041433556 165.704464975 71.5862872405 43.1998373529 36.2679012389 7.3689240245 24.1398736839 24.1846410507 16.0285842699 7.41021421683 25.2034940861 7.01618842578 6.80220186367 -9999.0 -9999.0 -9999.0 -9999.0 -9999.0 -9999.0 -9999.0 -9999.0 -9999.0 -9999.0 -9999.0 -9999.0 -9999.0 -9999.0 -9999.0 -9999.0 -9999.0 -9999.0 -9999.0 -9999.0 -9999.0
-9999.0 -9999.0 -9999.0 -9999.0 -9999.0 17.1363687271 49.0486090735 96.5672700238 110.473427728 218.636198197 230.919556351 270.704814474 441.279104931 668.220415757 689.238017544 699.062460051 15.7059246696 1284.20689584 1299.84228365 1337.57154605 1603.02067448 187.160042361 173.375708431 50.6405362319 7.04281320151 44.0909817101 30.4762138891 5.94419541427 31.0247233289 6.81720100133 13.8959729754 38.771893068 45.5864032783 13.4075783979 6.37741736084 6.21048489244 -9999.0 -9999.0 -9999.0 -9999.0 9.96450123334 9.53675189926 -9999.0 -9999.0 -9999.0 -9999.0 -9999.0 -9999.0 -9999.0 -9999.0 -9999.0 -9999.0 -9999.0 -9999.0 -9999.0
-9999.0 -9999.0 -9999.0 -9999.0 -9999.0 16.184204134 15.0009697456 65.3394896075 79.8196116313 95.0223872114 13.7087578513 26.8826448074 160.142402613 27.2782436244 11.7312820896 9.79176407466 8.01545318501 9.58838117269 8.45107922131 9.01889555456 1610.53361705 1631.32012715 6.64015887418 20.4334400885 13.9831038383 50.4891169914 12.1296356376 5.62630111981 37.9445818101 13.4135455107 33.5416791204 78.4710865091 71.9915667558 19.681321438 18.3692380964 6.57079448407 6.34367213462 -9999.0 -9999.0 6.28174347681 18.8062337103 48.2255349636 10.0000527035 -9999.0 -9999.0 -9999.0 -9999.0 -9999.0 -9999.0 -9999.0 -9999.0 -9999.0 -9999.0 -9999.0 -9999.0
-9999.0 -9999.0 -9999.0 -9999.0 -9999.0 -9999.0 17.4577412754 17.9810689517 32.2816772586 47.4649819405 106.363245664 134.645461173 148.768497002 14.5114491584 9.72859261294 143.171063137 172.041030141 180.489436766 217.309207711 224.95945269 7.40506921882 1638.88675364 1672.91047836 26.949099023 5.3979112364 56.1950692918 122.351654181 48.9628344008 11.5715024843 5.94257422727 123.713646592 84.6010106044 5.4691869833 5.48646632403 23.9319856308 18.9795301396 5.65825888054 5.0855824461 6.09983122502 12.1974154709 5.67057366493 58.3751265798 63.3403823252 4.3843486413 -9999.0 -9999.0 -9999.0 -9999.0 5.07981919917 4.67197793061 2.65162025977 -9999.0 -9999.0 -9999.0 -9999.0
-9999.0 -9999.0 -9999.0 -9999.0 -9999.0 -9999.0 -9999.0 16.5484183897 14.3102412719 30.4863913936 45.8060041047 14.1986408306 11.6120365979 78.79402738 101.021780717 124.372690478 10.3855901052 19.8133217248 9.58231002881 233.270292166 523.863270683 533.33028028 2220.97512294 6.72864235275 15.0563144541 4.61044472831 127.662134506 5.82181160059 17.6147645034 5.73271055845 129.236002682 134.840124588 11.0722426566 11.0097510663 60.8859475447 30.7850733022 10.8476799246 5.74585823513 12.1115422196 18.1103522182 28.9041473446 4.79817729431 71.562238929 75.2035353709 3.18270153026 3.4764329283 3.65298841612 3.19339158367 2.97605417841 13.2775465511 6.44466758915 3.64332146715 -9999.0 -9999.0 -9999.0
-9999.0 -9999.0 -9999.0 -9999.0 -9999.0 -9999.0 -9999.0 -9999.0 30.2298623705 43.271927047 14.1997575479 29.457007018 42.6696587188 68.4475051273 12.7619655899 12.0081564162 9.37300725087 9.44669428388 7.87826365831 273.736858278 9.83234213836 18.7298677187 2249.17608942 2261.48683253 3.57000021411 22.3344946497 154.479001301 11.5034385243 22.5342398986 10.0601457945 14.670139262 155.345464447 15.8697638806 86.7838771694 71.2749471078 5.38772474036 27.7828793921 11.4315087075 17.4611481237 5.21270916381 33.5281739011 42.1844085468 45.2961607107 48.1967906233 87.1427759115 6.05149753702 6.417967045 5.70043901143 5.25548518582 16.0866698746 3.11116842003 13.3102250816 16.1500641359 -9999.0 -9999.0
-9999.0 -9999.0 -9999.0 -9999.0 -9999.0 -9999.0 -9999.0 -9999.0 16.2733586124 75.4628404465 88.9968885752 13.4811275052 25.8423614103 12.2912313344 10.5285983582 10.3284059572 136.462046539 179.490936355 219.647752871 263.164132824 9.55032805357 9.27880562037 6.15902224969 2299.00715488 2314.57054407 2318.5778159 202.621426098 44.0289706037 38.9039839341 4.27768679386 18.9105058957 178.706931218 4.3060355484 91.1838945565 5.2592517992 37.8737166362 33.6176553116 5.54974277849 22.8090156607 10.4967006911 15.5471106912 3.80110959817 2.78176049468 51.0497414519 53.5967675522 89.6826614606 9.1564952221 8.27348716588 7.69840742735 19.4632348709 25.7892854702 3.15793191444 19.2520944103 3.49581327825 6.51787318219
-9999.0 -9999.0 -9999.0 -9999.0 -9999.0 -9999.0 -9999.0 -9999.0 -9999.0 17.3408291487 104.192205562 117.352448878 38.4398732201 63.2602285994 84.9178957619 96.1647213941 11.6721209821 33.5926886909 22.0991751382 12.128567132 10.9261229918 9.17108913474 16.8106842091 26.3613434894 6.97040358613 2533.48031432 2537.2171577 3.36327825545 3.08465327391 9.07401379567 13.4966134082 191.567322716 8.49950097252 94.8726848411 57.2724539306 47.792201184 5.1353887363 10.490865443 27.4711470019 4.66670264222 19.9579548877 7.96483342365 4.31391615097 1.68478008127 59.4428350817 151.186345518 10.9988382321 10.1578725681 10.1522135223 2.59069171624 28.3304279144 2.46144308278 25.00425908 3.01394731569 9.51654870277
-9999.0 -9999.0 -9999.0 -9999.0 -9999.0 -9999.0 -9999.0 -9999.0 -9999.0 -9999.0 13.5991418077 144.612948758 12.3809763815 24.6398532829 35.0846807911 54.785408634 9.88401187504 21.3180929615 10.0618936576 8.88596578148 8.08181343221 15.8169688563 6.56284844793 5.90341099389 10.335342318 5.71490476155 2542.35382019 2549.7905295 2560.66984902 16.9354169399 4.68466908738 9.34453234112 196.406989795 173.950886803 67.1228252212 4.85769337 20.474396329 15.4325121517 32.1480769643 9.30563153726 36.822570831 12.3045223366 7.2524166279 1.32587878454 1.84105545783 153.972170716 156.429048083 179.632751044 18.3768232849 5.39505031167 31.120431016 36.307518237 63.707010038 5.84400938812 2.72036582345
-9999.0 -9999.0 -9999.0 -9999.0 -9999.0 -9999.0 -9999.0 -9999.0 -9999.0 -9999.0 -9999.0 9.9764795441 164.552202945 11.4954007538 21.8652308749 96.2038677009 9.77639609531 9.53819845659 7.92816282303 17.635277349 8.97186213702 33.4521312595 46.6832659295 52.448548369 14.7480420386 17.9183130944 3.65650688884 4.81720012317 4.98839622917 2587.42753572 2599.95247292 200.177413276 181.837224362 177.939454663 7.87657958625 3.78220229339 24.8537926157 65.7572309261 36.5332343798 13.6157961232 54.4795760264 16.1851778555 12.4445437315 2.79789976633 1.04600222038 0.853947679469 0.98037559663 186.168723238 212.056257186 2.6365637358 2.33745293372 2.66273613706 66.3324747034 74.6553297307 4.75428295466
-9999.0 -9999.0 -9999.0 -9999.0 -9999.0 -9999.0 -9999.0 -9999.0 -9999.0 -9999.0 -9999.0 9.12204682679 184.646748336 223.574434603 10.6046220142 116.828307574 8.64013192766 8.12514413535 16.7332644191 43.4790895566 8.5233797269 9.24060424702 6.6916285317 65.3217929934 71.2589857477 95.7070541557 103.493701217 107.212690174 110.530703626 114.79709444 2718.9568478 2925.19884824 3112.66523431 3115.83765624 2.76754982247 3.75807541804 74.5689466186 70.1943533579 4.29901487642 4.25230270257 58.5768563765 78.8520933428 3.0523904019 35.7993027049 33.3965330957 6.75723465349 2.62103563819 4.64283265849 2.73141755172 216.461799338 2.20798012248 6.87656760924 8.48866610793 88.5122774119 94.8078548909
-9999.0 -9999.0 -9999.0 -9999.0 -9999.0 -9999.0 -9999.0 -9999.0 -9999.0 -9999.0 -9999.0 15.0353157456 28.1570467456 236.081973597 255.707480619 9.76948162239 135.080911469 7.11380135643 22.4670277365 51.2845165941 16.3570171881 7.77056063306 15.4227654437 5.41163552874 10.5782400616 5.49448022641 4.77119695016 4.02546851004 3.55327803695 2.50868554181 1.71259448704 2.20685637505 2.89445695174 3.85311903337 3125.63730768 84.5091789428 78.8119157689 2.01828989449 11.9461820168 3.51863160738 3.68210370893 82.5345614681 129.297492132 39.9297221898 30.7794670553 4.6020155612 1.55594777988 1.30661244972 3.21987632683 222.016651794 226.329556139 2.27377870459 2.29703095667 1.61507702262 1.50950217886
-9999.0 -9999.0 -9999.0 -9999.0 -9999.0 -9999.0 -9999.0 -9999.0 -9999.0 -9999.0 -9999.0 -9999.0 11.2456695813 175.339881064 442.02614211 476.171086205 619.87199391 629.244013533 114.893915519 83.7870082067 24.3065167674 7.59260961605 30.0257231447 36.6147023611 52.8649335898 11.3715212877 9.9144391888 9.3071191514 17.7742487027 7.30470299657 6.11469139958 3.74715430876 2.33468171862 1.47391135127 3128.55098823 3216.03352844 3218.96694662 2.00192940416 31.3939001802 15.308926566 4.13077200948 142.108558346 9.22615021944 4.84198217544 20.5632589292 3.80562626476 2.31183245055 4.23731797568 6.04805118895 8.19781806229 229.905548197 1.6692069325 1.4190194259 1.41145451166 0.845787859934
-9999.0 -9999.0 -9999.0 -9999.0 -9999.0 -9999.0 -9999.0 -9999.0 -9999.0 -9999.0 -9999.0 13.6372894249 135.032736612 163.150734811 24.2208831311 10.0135597608 19.338125614 657.385705412 665.136176306 789.248862889 6.75095802626 14.2432193472 5.83899368684 5.94830273548 58.4684683446 75.4191718068 90.1905370693 4.72420691869 22.3322161057 34.0911094819 18.1071897566 7.9273292798 5.52779580039 4.133804763 3.80713577762 1.1451791242 3221.19893201 3222.90205177 3257.35232444 6.4435168506 3.53130069987 147.452565836 10.3326053747 5.34434648055 5.9604000419 5.90226718387 4.79618333113 7.40498036162 20.9649114919 31.5059591764 263.122098921 1.24199473887 3.6999803369 2.49157123199 1.80200472436
-9999.0 -9999.0 -9999.0 -9999.0 -9999.0 -9999.0 -9999.0 -9999.0 -9999.0 -9999.0 -9999.0 14.1169765863 97.1459564594 14.6668356987 11.4649591924 68.0430439427 77.6758231783 87.0727841845 95.0679332318 1081.74868815 1089.49656445 1103.29980272 1215.72068457 1233.30922408 1242.48702633 1248.21353606 1350.24803374 1363.72246167 1368.51753557 1407.9060504 1431.00790545 1435.17372846 1448.37090374 7.92931627391 6.47267414031 0.916440261446 0.570386574541 3224.5861225 3267.50656054 8.6563667467 175.682799147 172.249929774 18.6907466641 4.35673900115 4.34421324242 4.12639845539 4.0880991785 8.18164852695 11.2240625333 2.77021366006 264.760628552 266.521817567 274.176429125 275.563493111 278.628345725
-9999.0 -9999.0 -9999.0 -9999.0 -9999.0 -9999.0 -9999.0 -9999.0 -9999.0 -9999.0 -9999.0 51.4578296739 67.6368375132 30.1940514553 43.9357689532 13.4621835913 150.755032574 160.8986351 180.839719783 189.354331743 64.2162904672 1181.70655837 1189.5679573 5.40964942312 3.38734787096 3.30760989702 6.92440698429 3.5209419661 2.78710919896 2.75591645132 2.6295506657 1439.12935705 1452.25696401 1464.64843719 1474.7489837 1477.61469149 0.940643238434 0.299101308128 3449.81859276 180.919049492 179.392691049 3.78273035444 3.29058758918 2.88817089169 7.29795691452 7.07860637981 3.23774002082 3.26996585595 2.94191544902 5.66375841059 7.22960895504 1.19486641434 2.13838962203 0.675336699492 0.31856491376
-9999.0 -9999.0 -9999.0 -9999.0 -9999.0 -9999.0 -9999.0 -9999.0 -9999.0 -9999.0 -9999.0 -9999.0 34.9422414064 15.8242287801 13.5178497534 130.331433386 141.001025918 10.7981098693 40.4805873443 49.7384062861 57.2118518809 8.78125809503 4.76093688193 169.104448267 172.625699131 175.958795701 444.036879018 446.519629663 451.385221632 476.762853764 490.219263647 492.232634031 2.54197976936 2.70104092894 2.21416717057 1480.26794117 0.741308913698 3476.84055121 3474.91090972 24.0212317267 22.1719500923 13.973199279 3.48620973109 5.77915929193 10.2599660593 10.0408188115 6.22735497224 3.11136312484 5.98349755651 5.92334809175 9.73023671999 1.76744844384 3.46582305395 5.47532936531 6.16604935202
