data/baseflow/mHMbf_acc297.asc
ncols                  80
nrows                 72
xllcorner      4374000.0
yllcorner      5656000.0
cellsize            500
NODATA_value       -9999
[rows 24 to 47 of 72, columns 0 to 54 of 80]
-9999.0 -9999.0 -9999.0 -9999.0 -9999.0 -9999.0 -9999.0 -9999.0 -9999.0 -9999.0 -9999.0 -9999.0 12.7802380567 33.7734307379 43.7704128497 74.0904016199 8.54218422868 17.2639836477 25.3033000817 99.0402122823 104.126376984 106.098086686 111.12706297 118.09119507 195.642797214 214.585301236 222.474894876 1.77220991941 18.1485232418 19.5175960737 383.323996051 387.270627714 389.003506074 390.753782861 392.533400881 1532.03927429 2.95833309729 3270.77749851 2.52422852515 0.762901330985 23.5835426124 21.7346965285 2.24237924029 12.4086274489 18.4470902584 18.2640564208 12.3979271582 20.2562074606 31.9804508793 11.751723803 30.9273470838 1.82325370249 2.53184063147 0.215573758997 0.174875619873
-9999.0 -9999.0 -9999.0 -9999.0 -9999.0 -9999.0 -9999.0 -9999.0 -9999.0 -9999.0 -9999.0 -9999.0 11.4823130775 22.6584609165 10.0993643744 20.5116776557 8.51208455138 67.4463988378 83.2186119052 91.6722079492 7.29958646008 13.1377142822 153.525248497 185.067678069 190.033114786 12.7904939373 12.1875053521 16.0931662279 1.05693746141 0.874589526991 1.60500275244 1.1899909588 272.237025642 273.898353024 275.159777649 1536.4506277 3286.41096542 3271.70751408 1.00924649674 0.508265482185 0.43732907768 3.03884912773 2.70397220385 13.35101094 20.9019770341 42.9559402237 3.7880760632 3.7615906394 34.5083509024 37.055168528 73.1453416573 74.5391996157 77.3180341012 77.7254342784 0.373348402152
-9999.0 -9999.0 -9999.0 -9999.0 -9999.0 -9999.0 -9999.0 -9999.0 -9999.0 -9999.0 -9999.0 -9999.0 -9999.0 10.191984424 20.6228105435 31.3164504608 49.5382726604 9.59068290639 8.27012451369 72.7922780955 80.0326770772 142.826168012 150.425087293 20.6425387541 6.90523767603 6.25517144537 5.73405675082 264.140984463 266.495839716 267.849359511 268.71442446 270.896747464 24.6609729683 26.8423755498 303.68082877 5129.02908548 9.86322849861 6.68987154488 2.17349727775 0.711731906052 0.407653137785 3.89265809247 4.149443033 13.9780255092 0.30344362819 43.5050162376 5.12029648884 4.93988624366 0.309066936068 0.186528412877 0.176217046799 0.559993259861 0.199863422063 77.9227092347 1038.34618777
-9999.0 -9999.0 -9999.0 -9999.0 -9999.0 -9999.0 -9999.0 -9999.0 -9999.0 -9999.0 -9999.0 -9999.0 -9999.0 -9999.0 9.87642571378 22.9763002194 35.2146656548 47.6402232971 56.1784367372 65.0851484685 25.0482786215 41.8201549287 7.44843318038 7.0827204588 232.860847615 246.604189602 252.684595122 259.498649553 4.29912628182 6.90156824425 19.1043792621 20.7023726831 22.3734629823 2.76876011489 2.71519868214 5138.83960861 3.36701346961 3.32802729044 1.62991096208 3.79070331061 1.72711349576 1.17159223472 19.0533949657 20.594191257 0.648192979426 44.4333659521 49.7591075792 5.1145708238 1059.72669732 1059.18351359 1058.72537951 1057.03702638 1055.87266318 1041.52320089 1040.48402561
-9999.0 -9999.0 -9999.0 -9999.0 -9999.0 -9999.0 -9999.0 -9999.0 -9999.0 -9999.0 -9999.0 -9999.0 -9999.0 -9999.0 3.76530716165 8.24845705683 12.5061373688 125.781174719 134.524905126 8.97435823565 8.43171982859 8.37756808305 203.37141684 219.203136303 7.53590083847 7.79466704989 5.71521822524 23.7528282335 29.5178163022 12.9652520506 15.6044532421 142.447596011 145.618649917 154.335542818 237.287148721 5379.18000479 3.55679055547 1.28560051339 6.35933518083 5.08020301799 1.12773343513 3.55773791631 4.78382217469 21.9415023665 23.0950818584 74.7058040507 50.1742962082 5.49772989422 1080.07525554 9.84664797978 1058.21770834 1057.67505092 13.3283809924 1.6943042937 0.441452232495
-9999.0 -9999.0 -9999.0 -9999.0 -9999.0 -9999.0 -9999.0 -9999.0 -9999.0 -9999.0 -9999.0 -9999.0 -9999.0 -9999.0 19.604724515 31.9311244283 64.0243701712 114.07148941 146.94288211 170.610467585 179.295529636 188.016276815 196.368689673 7.56805759302 6.57794414993 12.7302914716 11.942948736 6.2007108959 125.773051063 131.321759155 136.454572756 141.046296242 70.8279917691 72.7400832493 78.7275093174 5381.82534743 6.7056984851 4.10911112679 11.474127193 1.22264585677 3.2808652842 1.95014081922 1.11212165211 6.28922422079 0.873087819747 0.912397680732 1160.74343595 1085.30935886 1084.31943078 4.53932583618 9.49195123519 5.5503261048 0.844816210028 9.83360862077 1.85263781252
-9999.0 -9999.0 -9999.0 -9999.0 -9999.0 -9999.0 -9999.0 -9999.0 -9999.0 -9999.0 -9999.0 -9999.0 -9999.0 -9999.0 13.8203917364 12.9918401056 25.4900958756 38.3915468505 11.934599269 10.4415033532 19.2580504615 27.7492015274 43.3946061139 51.297499447 58.1912543646 78.103007881 84.3251719261 91.0831518623 5.90184491913 60.3300030442 64.5750090781 67.2122322776 1.19642546833 0.294948935399 0.900343246926 5459.57250429 5462.11792965 5473.29041 15.4730467251 2.75172949012 4.46159680537 1.05252541106 2.0019412581 7.33036437495 8.99292304935 1.65302865142 1165.49709309 1.83781598537 2.62604348897 2.84872578623 2.52028939944 3.80281835746 1.55281027692 7.62714364779 4.80021709636
-9999.0 -9999.0 -9999.0 -9999.0 -9999.0 -9999.0 -9999.0 -9999.0 -9999.0 -9999.0 -9999.0 -9999.0 -9999.0 -9999.0 -9999.0 12.2828266429 23.9923382325 11.3036121688 23.3157252054 145.025590842 154.574532467 162.608976769 7.83018826323 7.92445175982 14.7998834713 21.756494825 33.7654482131 39.9702258296 43.433135249 48.8420257121 4.15171386559 3.00123568623 70.0593998419 70.5042990811 72.0104695997 74.1049493417 65.3810314798 5547.53605979 5575.59644007 5577.09018022 5582.8700522 5588.74542429 5591.94035151 0.86286944522 9.80696234135 1166.3681332 2.03004590228 1.04704570801 1.62831304736 1.59588548195 2.59308517763 1.79744689833 1.08377091498 1.79801922433 1.32516242991
-9999.0 -9999.0 -9999.0 -9999.0 -9999.0 -9999.0 -9999.0 -9999.0 -9999.0 -9999.0 -9999.0 -9999.0 -9999.0 -9999.0 -9999.0 -9999.0 35.6231411815 47.5788882622 83.9006773091 109.789760082 13.2598371777 185.709707098 193.505390405 200.80999457 7.27747718594 14.1120664942 6.0709418815 46.6006434858 49.6010136573 54.5301417827 59.3604320331 68.7413807691 69.4493130463 0.544568630907 56.2230217352 60.7059426089 63.3272125358 71.6469447618 10.2296126384 6.24701545946 3.27456569603 3.0613589557 5595.48545472 5597.19876843 5614.96196566 1167.3292956 6.16159826395 3.32582144825 2.38171789636 0.582502078821 6.40500672371 3.03189423771 0.950300209593 5.28203443765 4.50038735636
-9999.0 -9999.0 -9999.0 -9999.0 -9999.0 -9999.0 -9999.0 -9999.0 -9999.0 -9999.0 -9999.0 -9999.0 -9999.0 -9999.0 -9999.0 -9999.0 12.3539658961 59.8219301074 72.6290503752 13.577762897 8.66781310678 17.6623817193 25.8260942363 234.531960296 7.15255992087 28.7955197254 35.1748159973 41.3483401633 3.20026022325 7.6114056921 9.02040047885 45.3695625174 49.0921767185 51.23964394 2.24889033315 1.92249176892 1.93468837564 3.54971759025 1.34756348991 1.41462025323 2.16726487846 1.86340704917 2.21895009532 6.72483337526 5616.88818396 6788.67704162 7.52197132882 1.41234299734 0.67963925724 19.2500812021 17.9483411511 10.4545465875 9.29621391691 6.73405838948 1.79049859451
-9999.0 -9999.0 -9999.0 -9999.0 -9999.0 -9999.0 -9999.0 -9999.0 -9999.0 -9999.0 -9999.0 -9999.0 -9999.0 -9999.0 -9999.0 10.5330620949 34.0119131262 11.1872135276 12.1729185349 9.96116719689 18.8175302121 27.4104758369 36.7594205598 281.821345971 288.732310986 7.15356015331 13.6057907361 20.1789399015 24.3412803686 28.0743646151 37.9935544368 43.2918120955 0.924703712119 1.74775397507 1.83642136612 2.23451600833 2.30100990407 2.66100331883 2.21085114861 2.66968690367 8.8077907194 4.21655403806 2.16457128101 2.10837415492 1.55022156146 2.8063310591 6851.55281607 53.733917367 24.2942822384 3.22686488606 1.49858662222 1.01745997236 3.02336025335 1.8627147189 0.849281283365
-9999.0 -9999.0 -9999.0 -9999.0 -9999.0 -9999.0 -9999.0 -9999.0 -9999.0 -9999.0 -9999.0 -9999.0 -9999.0 -9999.0 11.2409023986 21.4180382289 76.6199942776 10.4348476226 25.2135592542 34.7753542155 43.565125435 9.25245710471 17.1866946169 28.0521907142 326.442390164 6.67114155514 12.6371877552 18.7433958661 5.46197588177 10.5450030439 11.3097531037 15.4351746521 527.030569437 531.258115142 535.641913027 556.851428072 563.672755228 579.594108372 3.55065915973 7.86512461704 10.3818575878 624.370058381 627.954153129 1.90167697163 2.8956828238 3.86773327058 6853.49824447 51.2735692264 22.741707457 20.9427015811 19.2633050635 17.8194377923 4.00706118187 1.1077029846 1.73542566768
-9999.0 -9999.0 -9999.0 -9999.0 -9999.0 -9999.0 -9999.0 -9999.0 -9999.0 -9999.0 -9999.0 -9999.0 -9999.0 -9999.0 11.6293703725 34.9497110372 122.988823677 181.38596976 9.19570245496 236.697939001 291.215581599 8.66048038656 16.5296124178 26.8189466403 403.676965362 412.399604111 5.6279420821 30.1749233043 35.3829326173 38.9943361834 500.089086336 505.168958459 510.33592941 2.71554905043 15.2457817338 18.1679445664 7.83261739778 11.3420453039 594.947270985 607.527790803 610.198956398 612.670032826 630.620154574 1.28772163164 1.12152921222 5.99911104495 6855.62755177 2.44766995189 0.0641964974032 0.183028358726 0.0803224508852 15.4587337597 14.9531640187 9.02064899542 6.11397290055
-9999.0 -9999.0 -9999.0 -9999.0 -9999.0 -9999.0 -9999.0 -9999.0 -9999.0 -9999.0 -9999.0 -9999.0 -9999.0 -9999.0 -9999.0 -9999.0 24.2141712701 48.3733977772 214.309506484 226.255689852 301.514183727 312.713439129 8.52485598487 17.0503125656 41.3416036694 421.472494213 434.275687718 439.140715261 3.88263755025 454.96528183 459.706749015 3.52659906606 2.76507540576 5.27179928946 10.2667256112 2.47948690808 4.91391224336 10.5748242905 13.2212648721 2.49565280719 1.55277537474 3.05428751007 641.912334042 645.162554257 646.129551168 654.967293537 6857.46716758 1.63960333087 0.0289497956289 0.0382223289945 0.0364717311628 0.0388111520501 0.0308530607911 0.0532934604999 1.10681354676
-9999.0 -9999.0 -9999.0 -9999.0 -9999.0 -9999.0 -9999.0 -9999.0 -9999.0 -9999.0 -9999.0 -9999.0 -9999.0 -9999.0 -9999.0 -9999.0 12.6081695496 12.2395610024 11.9683242495 23.9456258232 10.3809236678 333.398074563 343.620120311 8.78284862708 16.3743232558 7.51790986538 6.20399697602 6.00100427589 448.024556467 1.24776897775 2.53430724878 2.39556432714 2.91011750267 2.52840422834 1.900223943 1.99856977941 6.19380260711 8.55931220055 1.57494955889 1.31204809435 2.8902693411 4.93172931292 6.31177833924 1.62395924211 647.724849763 656.043006449 6858.89955331 3.28964823271 0.105711636465 0.0131547661332 0.0451777148259 0.00917741978691 0.00637945733552 0.0610634745151 5.10831501676
-9999.0 -9999.0 -9999.0 -9999.0 -9999.0 -9999.0 -9999.0 -9999.0 -9999.0 -9999.0 -9999.0 -9999.0 -9999.0 -9999.0 -9999.0 -9999.0 -9999.0 -9999.0 12.0816470398 34.7496594412 44.0585660436 54.1102151069 353.516828661 363.624171044 373.417944709 383.381708909 389.208919692 401.42591506 402.844495742 403.870221708 405.258179294 2.41434081563 2.26021203438 2.43865188837 8.473180015 2.28875266513 2.17778329179 1.62307963706 4.7040917428 1.84767838657 1.36253326407 1.24435212639 1.00241911033 1.99967605465 2.9129894867 662.176454278 7525.81571753 1.4798265103 2.95870277022 0.00790389107459 0.0571313685869 0.0261702612658 0.012885266924 9.02064419066 8.24117497823
-9999.0 -9999.0 -9999.0 -9999.0 -9999.0 -9999.0 -9999.0 -9999.0 -9999.0 -9999.0 -9999.0 -9999.0 -9999.0 -9999.0 -9999.0 -9999.0 -9999.0 -9999.0 -9999.0 9.72610096749 79.8242395334 155.475471006 165.99096508 12.7929192311 21.6739025015 29.2621963019 35.4683860675 76.9037798659 79.3341540428 2.40997485755 2.3590997867 410.468373616 414.984863659 417.063643611 10.0537922481 1.38397307051 3.71528093016 5.40735867851 16.04922198 19.5797554962 22.2082791192 2.36790410327 3.27079066606 1.11193435148 2.20607363464 1.1407050409 7528.11719239 1.32217104287 5.50008440414 1.39285715803 1.96103627474 7.37143596926 8.12660855228 17.9285120566 6.84380713542
-9999.0 -9999.0 -9999.0 -9999.0 -9999.0 -9999.0 -9999.0 -9999.0 -9999.0 -9999.0 -9999.0 -9999.0 -9999.0 -9999.0 -9999.0 -9999.0 -9999.0 -9999.0 11.1664670259 36.0517701724 70.2840638161 91.4273593695 231.500916636 243.408068934 16.0207645976 23.5380257195 29.8761538383 35.9674091714 80.9745987206 85.5222932624 139.540577119 143.440416209 145.651608394 419.176257077 434.420041531 3.47872075485 2.48301875011 2.32397404113 4.41602262212 1.94972518645 25.894550641 27.1571815191 4.31386152118 5.45433487773 0.973516083779 2071.63611899 2074.06212378 9604.03501699 9611.7204363 1.38282159553 4.8971792866 1.85988535117 1.56421663552 20.3335966215 28.0733103165
-9999.0 -9999.0 -9999.0 -9999.0 -9999.0 -9999.0 -9999.0 -9999.0 -9999.0 -9999.0 -9999.0 -9999.0 -9999.0 -9999.0 -9999.0 -9999.0 -9999.0 -9999.0 -9999.0 13.0739166669 12.6802468691 23.6283976808 55.7260806247 253.911932798 8.24422444019 8.12962373744 14.4794413826 21.0436066112 46.2231698204 48.4320776153 1.33109195531 2.62661680864 148.761254627 151.016797793 587.381582404 589.041047966 1.23886469506 1.07781093915 0.899960286314 0.909596797979 0.991683041532 2048.34499938 2056.36637393 2063.1555854 2065.39958494 2070.56982959 1.32151064362 4.78039697119 5.82238280404 9620.40943789 9621.61498538 9623.82423446 9625.26606086 9626.56603011 28.977162693
-9999.0 -9999.0 -9999.0 -9999.0 -9999.0 -9999.0 -9999.0 -9999.0 -9999.0 -9999.0 -9999.0 -9999.0 -9999.0 -9999.0 -9999.0 -9999.0 -9999.0 -9999.0 -9999.0 -9999.0 11.3612474276 12.0292889914 22.1063573674 297.168617567 307.8409696 7.94279012152 14.345116527 21.0903565402 23.5227363372 1.74047498666 4.5776327804 596.440971201 598.848323195 601.110765282 618.923052461 1209.9758526 1994.96645189 1998.12980204 2000.99805299 2003.73637454 2015.88821567 2019.85368252 6.88288235229 2.96751507479 1.82456913227 3.39054138158 2.3601231495 3.79648208381 1.18396519413 28.2193796106 32.7881327885 36.1712694671 36.6657023269 9627.36704168 9657.48850094
-9999.0 -9999.0 -9999.0 -9999.0 -9999.0 -9999.0 -9999.0 -9999.0 -9999.0 -9999.0 -9999.0 -9999.0 -9999.0 -9999.0 -9999.0 -9999.0 -9999.0 -9999.0 -9999.0 -9999.0 -9999.0 11.6419066691 22.2502718277 32.9479025125 316.811600901 9.43308735509 425.005776702 431.940435363 433.584439774 436.460148802 584.800096591 588.577700373 2.70658224159 13.2874428253 16.0677133512 2.7876907108 781.904375652 776.857470037 1.54128385953 3.6818526449 9.76021097002 2.15406404648 2.23853218941 1.49942841214 1.22500235217 0.914778831343 1.09592342123 24.4633013132 25.6270433559 27.0867521369 3.38132682409 2.28887769274 38.1353734894 39.0112278566 39.3738472501
-9999.0 -9999.0 -9999.0 -9999.0 -9999.0 -9999.0 -9999.0 -9999.0 -9999.0 -9999.0 -9999.0 -9999.0 -9999.0 -9999.0 -9999.0 -9999.0 -9999.0 -9999.0 -9999.0 -9999.0 -9999.0 10.4294314727 9.75870275247 50.9147254083 388.739126366 408.712541975 418.761200278 7.00626580114 144.07948379 145.245631694 145.974271509 3.12777668246 6.26694413465 8.8836163469 185.229474696 187.269436322 189.048663345 773.512084145 488.877517611 2.11365312333 2.09120016335 1.96643985569 1.4510898871 15.2515452432 18.1005594616 20.5504671919 21.9357142924 23.2590155817 153.902327017 154.838258114 156.022442435 158.693188166 169.52735393 170.002451001 209.903805065
-9999.0 -9999.0 -9999.0 -9999.0 -9999.0 -9999.0 -9999.0 -9999.0 -9999.0 -9999.0 -9999.0 -9999.0 -9999.0 -9999.0 -9999.0 -9999.0 -9999.0 -9999.0 -9999.0 -9999.0 -9999.0 -9999.0 20.437122849 31.4002051379 11.3910799388 8.0444018864 122.685733678 129.773934626 134.194815729 40.476354677 41.4865159264 42.9990905143 45.688057349 180.578708857 183.514784927 89.2664793265 280.651615559 282.806954071 487.237285111 4.12277223428 2.05127495111 1.35376968842 10.5935912768 12.4353992637 0.978668466208 0.887780913165 149.351918133 151.765408059 153.020821612 1.270527002 1.8952138506 168.03513751 1.01568851063 3.77096523597 4.15046026857
-9999.0 -9999.0 -9999.0 -9999.0 -9999.0 -9999.0 -9999.0 -9999.0 -9999.0 -9999.0 -9999.0 -9999.0 -9999.0 -9999.0 -9999.0 -9999.0 -9999.0 -9999.0 -9999.0 -9999.0 -9999.0 -9999.0 10.3048550915 20.3572362841 86.6011015528 98.2330466621 107.783088281 33.8459481606 39.3902688233 1.25993437679 129.726336677 130.818645838 132.144969788 2.2220376598 83.8857024936 86.9542320797 2.1979194031 476.342932341 4.74712470231 2.33318709445 5.76220934828 7.82197242979 1.45783173953 1.139226766 136.845849368 147.105175899 148.613254161 1.45616994844 2.96974617522 3.69170810201 4.27004891854 8.47830776732 1.35656532428 3.10503687399 0.624358068074
