data/baseflow/mHMbf_acc590.asc
ncols                  80
nrows                 72
xllcorner      4374000.0
yllcorner      5656000.0
cellsize            500
NODATA_value       -9999
[rows 25 to 49 of 72, columns 0 to 54 of 80]
-9999.0 -9999.0 -9999.0 -9999.0 -9999.0 -9999.0 -9999.0 -9999.0 -9999.0 -9999.0 -9999.0 -9999.0 24.603008157 48.9356905152 23.1164322745 45.8703309397 20.2661933519 155.559952737 193.263929282 212.583824955 17.5781002821 35.0784076046 334.114707626 415.53069465 428.652312771 23.8107688752 31.2576909048 43.4619594565 7.62533444324 7.02949538259 13.1243879667 5.53919918925 492.663442868 499.758036356 507.055695809 3964.13443201 7553.13406924 7509.85864686 7.434019673 3.89382630954 3.58542562172 17.8258376631 14.4617136832 34.5046011397 47.7154845414 94.8186131279 8.76569431974 8.72363726612 79.0113949407 87.0449835088 164.06710602 167.585533993 179.205743237 182.511388121 4.32587802426
-9999.0 -9999.0 -9999.0 -9999.0 -9999.0 -9999.0 -9999.0 -9999.0 -9999.0 -9999.0 -9999.0 -9999.0 -9999.0 24.0525114744 47.9012784933 71.775967654 113.878508518 21.3764846075 19.4210423287 131.319044775 149.127707723 300.273662525 318.424427593 50.8192361545 15.3912720349 12.3853705151 10.6766755091 451.662626646 459.652337618 467.74230841 474.333701082 486.181034359 83.035962767 86.8583489674 598.15182193 12119.096239 32.6608444436 23.8266158358 11.2642002253 3.29321081463 3.00105454854 24.5720446959 26.8186623262 40.344668625 3.06343993813 99.1961825812 15.1891435011 15.011187696 2.90679382127 1.83733649237 1.53624532486 1.36945892435 1.5012445318 184.003189746 2219.83594316
-9999.0 -9999.0 -9999.0 -9999.0 -9999.0 -9999.0 -9999.0 -9999.0 -9999.0 -9999.0 -9999.0 -9999.0 -9999.0 -9999.0 22.9073376172 41.0495883505 57.2188476827 73.2707206539 92.6349449021 112.44228503 58.0221060601 97.2045926907 18.1709380832 17.2533745189 382.766677139 414.720443206 428.8001439 442.603417909 9.1440139975 16.8093117808 50.8398593523 65.2799278229 75.3552198462 4.84015382339 3.19539327491 12135.537087 7.05763922158 9.22188734984 6.0622159877 16.5333634203 7.01407922036 4.34169614687 69.8288755297 71.9971199039 1.69588065543 101.01875458 119.847169709 21.7853398606 2293.14855415 2286.49168001 2282.22977773 2275.58361176 2272.9871634 2233.24353197 2230.16383846
-9999.0 -9999.0 -9999.0 -9999.0 -9999.0 -9999.0 -9999.0 -9999.0 -9999.0 -9999.0 -9999.0 -9999.0 -9999.0 -9999.0 4.91362383976 11.0049919434 16.551130712 163.28915619 183.500947545 20.4275738723 19.56632167 19.9402511 313.997441867 351.2670227 17.5092516125 17.8458026034 14.0955614977 61.5557749692 76.6572487028 30.9651375747 42.9768892185 360.171837906 371.462216179 384.535400452 616.665677125 12757.3642441 8.72687774003 4.93167163752 26.855038499 20.6909101218 2.23142894765 9.01142476912 11.3036607971 74.3449509393 76.2541364289 200.444556089 120.812403578 23.9371787902 2339.78833791 13.8392534194 2279.04365419 2277.39508133 37.142806726 1.28999829995 6.88855002682
-9999.0 -9999.0 -9999.0 -9999.0 -9999.0 -9999.0 -9999.0 -9999.0 -9999.0 -9999.0 -9999.0 -9999.0 -9999.0 -9999.0 24.0922762626 39.8393863773 82.1065054758 145.053865529 198.896201335 238.297932815 257.934774605 277.804795664 296.691260877 18.2539988909 16.1647587797 32.2048398071 30.0215096249 16.31623492 312.145677154 326.961790829 340.154897975 352.681362635 204.986502598 216.625502356 227.939126164 12761.7108056 14.6833863865 19.2165406812 50.3678674419 4.90802196942 4.8026558747 2.56040343957 2.15214986009 13.465644346 1.58436131715 1.66522370612 2548.40124926 2346.66657224 2344.9914101 5.47753337159 12.27112527 7.83922070927 1.75280782087 33.7473105893 9.28896266069
-9999.0 -9999.0 -9999.0 -9999.0 -9999.0 -9999.0 -9999.0 -9999.0 -9999.0 -9999.0 -9999.0 -9999.0 -9999.0 -9999.0 16.7415499966 16.2551626137 32.1228316792 47.9931075731 21.5122469242 24.6065907204 45.4864231293 66.1817840307 105.409099169 124.477714683 140.386823745 189.191301031 204.177617628 221.184803848 16.8183827911 156.251691225 169.462699566 182.828055042 11.3106969157 9.17940077332 15.5202454713 13010.3827784 13014.4549458 13038.22362 65.6515711108 11.0227143272 12.2251972263 4.40813933477 3.8344955586 15.2181006498 18.2487691736 3.01750579712 2555.54239327 2.16680923924 2.81696962409 3.008471596 2.43439558765 4.57422223483 1.94956796105 22.6985170688 18.0790175206
-9999.0 -9999.0 -9999.0 -9999.0 -9999.0 -9999.0 -9999.0 -9999.0 -9999.0 -9999.0 -9999.0 -9999.0 -9999.0 -9999.0 -9999.0 15.8070568567 31.0086405966 14.8331877545 30.9633942533 186.662567356 204.05236482 223.742320699 19.3157140593 19.3810968859 35.2600566729 52.2566242351 81.5281584524 97.5598126799 109.157206365 124.560449567 12.2981641564 12.3876832482 208.453148264 218.001301523 223.618136974 228.68012092 183.320860835 13240.7200908 13334.5634018 13338.7980367 13354.3335939 13370.8894573 13376.0902955 1.41627554298 19.6412607107 2556.84193381 2.73841399314 1.39814989469 1.86097328261 1.95305843515 3.30209289551 2.87989354872 1.64840064322 2.42834384448 2.31823766584
-9999.0 -9999.0 -9999.0 -9999.0 -9999.0 -9999.0 -9999.0 -9999.0 -9999.0 -9999.0 -9999.0 -9999.0 -9999.0 -9999.0 -9999.0 -9999.0 46.0030025276 61.1028879073 106.461496595 139.559749397 17.1571433665 262.712623742 281.508587547 299.01603012 16.7030682794 33.0055382193 14.1595408333 110.013032561 119.662522651 135.620628959 153.400685924 190.359435055 197.67101742 4.77033273547 164.928383581 174.322043472 178.732733757 198.225945828 24.0491181626 14.3305849004 8.18471611484 7.25977107436 13386.469791 13388.2111428 13415.8150357 2557.99564581 8.42236564763 4.65628868006 3.1451260322 1.04582056775 9.33549088249 4.74563617004 1.48048410014 8.06919945188 6.80707347961
-9999.0 -9999.0 -9999.0 -9999.0 -9999.0 -9999.0 -9999.0 -9999.0 -9999.0 -9999.0 -9999.0 -9999.0 -9999.0 -9999.0 -9999.0 -9999.0 15.5599790519 76.3573296328 92.1653008509 17.8671136183 20.7683221438 42.5364344469 62.4738896383 379.609407236 16.8147154378 67.1873028714 81.9310358971 96.3286996339 11.6071935069 25.5397304499 34.2365552913 129.708067964 146.108582884 150.345771985 5.01445915615 4.65377908387 5.49798330481 10.3757700299 5.38546896534 5.79543223215 3.79306927729 5.79878489806 1.84392173255 6.73530712047 13417.7021813 15980.4168838 14.7479593295 4.20916459514 1.53843359136 28.368153383 26.085962858 15.1901768784 13.5981701961 10.1384071934 2.3493812672
-9999.0 -9999.0 -9999.0 -9999.0 -9999.0 -9999.0 -9999.0 -9999.0 -9999.0 -9999.0 -9999.0 -9999.0 -9999.0 -9999.0 -9999.0 13.9343758768 43.5802599133 14.1693107143 20.1833767982 22.2598095413 42.961148941 63.7346381738 80.4118478741 473.491179657 489.786196539 16.658710371 31.4769850985 46.5773781174 57.5575514755 71.0890004312 116.557216036 124.756160905 11.0949368649 7.10821838867 3.15043882124 2.26966959089 7.56085435885 6.89524005348 9.88455991657 11.0531625616 19.7458957097 7.9294842222 2.26576207401 2.24816572116 1.67688594691 3.13242069552 16094.1087353 96.1247338311 36.1892487091 4.52425303847 2.28470545348 1.2892540325 3.99799114005 2.5810555865 1.29844569117
-9999.0 -9999.0 -9999.0 -9999.0 -9999.0 -9999.0 -9999.0 -9999.0 -9999.0 -9999.0 -9999.0 -9999.0 -9999.0 -9999.0 14.6129350684 28.2937448357 99.4338659888 13.3761506 36.3981963504 58.2397681847 78.6459896226 20.8537671071 39.2160225526 54.2160920201 556.411111864 15.9378468663 29.946665244 44.9023927318 14.4529361029 28.8155675589 39.5348624251 47.7644526595 997.250457642 1012.39086269 1027.36201585 1070.88076284 1082.5765839 1110.18389055 19.8908236132 40.7197637345 24.5649240687 1211.38518911 1215.24933511 2.04958577191 3.28391058353 4.48096044775 16095.7858815 89.6959303681 43.0208938564 39.9118234424 30.3761361188 26.2805360499 5.24543640811 1.32988149629 2.35901215754
-9999.0 -9999.0 -9999.0 -9999.0 -9999.0 -9999.0 -9999.0 -9999.0 -9999.0 -9999.0 -9999.0 -9999.0 -9999.0 -9999.0 14.8668645573 44.9582520257 159.130541037 235.284846438 12.1243716562 305.448328827 397.808677215 19.8033483505 38.12109428 53.9995963686 709.29888195 721.33426627 9.86243388545 64.9847934334 75.0086171226 87.0921917679 910.495416922 932.272097883 942.245441573 4.60661001259 29.6812967693 34.6112620445 11.1289351173 15.0440782939 1132.6121995 1179.6046907 1182.45423771 1185.13242751 1218.42077083 1.5504824987 1.35599593496 6.99753211796 16097.8174328 6.93518774973 3.73904665148 7.10203922233 1.89293960482 22.874284934 18.9255570981 11.4330878794 7.7810755866
-9999.0 -9999.0 -9999.0 -9999.0 -9999.0 -9999.0 -9999.0 -9999.0 -9999.0 -9999.0 -9999.0 -9999.0 -9999.0 -9999.0 -9999.0 -9999.0 31.2009212336 62.5935411354 277.897013703 292.744612512 411.013568383 424.857621098 19.1881037586 38.3606853428 87.3635866502 731.9449117 752.08747427 759.791225206 6.10446003517 789.431965789 812.39882005 13.3225539893 4.67155085781 9.1817117125 17.5705001661 4.09479617126 7.76084267735 16.5898055331 19.9593853217 3.72429240176 2.51920913417 4.82202355247 1243.09673448 1251.49882326 1252.68273122 1263.17333224 16099.5118654 5.76963545337 3.236909031 1.44807447996 1.40711462393 1.44129918607 1.24390102676 2.33591239415 1.45502787685
-9999.0 -9999.0 -9999.0 -9999.0 -9999.0 -9999.0 -9999.0 -9999.0 -9999.0 -9999.0 -9999.0 -9999.0 -9999.0 -9999.0 -9999.0 -9999.0 16.2078734474 15.8493170942 15.2963268207 29.368060654 12.7767550056 450.452521002 463.164528118 16.8628412685 33.9388557472 13.0076360017 9.60995295348 9.26769208934 776.866588894 7.91278315538 15.7749251851 6.97651014679 5.04967194711 4.31139006471 3.25017146465 3.38104720448 10.1216384554 13.8357894862 2.63339494413 2.37052339059 5.06110069989 8.38121815942 12.2726164388 4.47900328811 1254.82119138 1264.38724267 16100.9223317 14.8931152923 6.26035062557 0.893928659532 2.13953354251 0.747891424792 0.578464463428 2.96307719956 6.80808248337
-9999.0 -9999.0 -9999.0 -9999.0 -9999.0 -9999.0 -9999.0 -9999.0 -9999.0 -9999.0 -9999.0 -9999.0 -9999.0 -9999.0 -9999.0 -9999.0 -9999.0 -9999.0 15.6489002401 43.5873726082 55.9481424909 68.4980182116 475.542492464 488.151542351 500.345480298 512.697907222 521.731511373 540.657653484 548.049896306 555.565572173 561.379572324 4.7322339736 4.27452243055 4.34025590947 14.5322564646 3.76497426401 3.4740404309 2.75472778008 7.88944320763 3.11853221508 2.38740380074 2.21986292987 1.84387164351 3.68026405849 5.32515771095 1275.31671163 17392.3919754 2.78562298833 4.60037991092 0.74980945353 4.17385210825 4.24707348599 1.16275883455 15.3911411506 11.4974543029
-9999.0 -9999.0 -9999.0 -9999.0 -9999.0 -9999.0 -9999.0 -9999.0 -9999.0 -9999.0 -9999.0 -9999.0 -9999.0 -9999.0 -9999.0 -9999.0 -9999.0 -9999.0 -9999.0 13.1454255206 103.678678805 200.221523294 212.851207682 16.4368379419 33.1942626022 50.7086982626 63.9818328073 155.041959317 160.446965741 5.1713639321 4.86480340035 576.957975155 587.426476109 591.283832388 17.2035817888 2.27352436102 5.36984520191 7.98046198063 24.2896505287 30.0902921442 34.6297713186 4.17536286867 5.80508734222 1.92866735762 4.00430804285 1.94255806411 17395.6744616 2.23919490388 9.17805776023 2.4534956384 7.63204617878 25.0635159898 27.3606409387 44.0248059496 11.1821766217
-9999.0 -9999.0 -9999.0 -9999.0 -9999.0 -9999.0 -9999.0 -9999.0 -9999.0 -9999.0 -9999.0 -9999.0 -9999.0 -9999.0 -9999.0 -9999.0 -9999.0 -9999.0 14.5639360061 46.3718306448 90.8031029512 118.643787941 297.909970313 312.572549153 36.3473391812 53.994339184 69.5061533349 81.8390035676 167.068290944 178.024240936 328.924392245 341.815602329 350.742476033 594.762934144 619.971759447 5.37087495797 3.39623928649 3.22038535636 6.06080260954 2.8069036206 40.2145527857 42.3618320109 8.0620883184 13.3755249575 6.37037519401 3705.40033548 3709.8527303 21107.2674792 21119.2759135 2.64077639434 13.0957479021 6.81239441435 4.13893985682 51.7193169175 64.4201710021
-9999.0 -9999.0 -9999.0 -9999.0 -9999.0 -9999.0 -9999.0 -9999.0 -9999.0 -9999.0 -9999.0 -9999.0 -9999.0 -9999.0 -9999.0 -9999.0 -9999.0 -9999.0 -9999.0 16.5745463942 16.0857660058 30.419013015 72.2017398882 325.903832168 18.6622133701 18.505037846 33.0010510142 48.8542781481 120.782307921 130.59394833 8.70794341619 7.43795294224 355.853087516 359.699842602 987.906058981 993.879927077 1.86330440369 1.66096403824 1.36405831819 1.37595230773 1.54083586387 3655.40000305 3667.86998842 3683.3557146 3692.8530239 3700.89967052 2.17517293937 8.01967455993 9.33453732621 21132.09552 21133.4034728 21134.2522131 21136.7262115 21140.2807681 70.3320409298
-9999.0 -9999.0 -9999.0 -9999.0 -9999.0 -9999.0 -9999.0 -9999.0 -9999.0 -9999.0 -9999.0 -9999.0 -9999.0 -9999.0 -9999.0 -9999.0 -9999.0 -9999.0 -9999.0 -9999.0 14.7684572707 15.4423712127 28.6518433468 381.911178276 395.025247761 18.2617407419 32.9894856399 49.0890362238 63.1908025047 12.9345246601 22.7993599248 889.822535237 894.423088329 903.59300959 938.309265769 1935.51133665 3575.47331174 3580.09122279 3584.10646077 3588.01054903 3605.34075898 3610.9614247 10.703496912 4.84850068402 2.86667694429 5.39567003321 4.00748713171 6.33710222785 1.93019633185 45.4109783141 54.5312030285 61.6695950032 62.3078585901 21140.9730791 21213.4451886
-9999.0 -9999.0 -9999.0 -9999.0 -9999.0 -9999.0 -9999.0 -9999.0 -9999.0 -9999.0 -9999.0 -9999.0 -9999.0 -9999.0 -9999.0 -9999.0 -9999.0 -9999.0 -9999.0 -9999.0 -9999.0 15.0558739894 28.8300713181 42.6839839893 406.644860759 13.0388004663 553.237297841 569.613550275 583.253408885 595.037387342 847.189157864 857.785238968 4.0182079147 26.7255972612 30.8861040197 3.96657839073 1635.49053433 1628.24010324 2.21357328042 5.07201004815 13.7215382007 3.0461741936 3.22780971265 2.46948372672 2.10266178301 1.65753034482 1.9106291257 39.2652913751 41.2323362398 43.8605334313 7.69270335786 5.61304993523 65.0016846109 65.9664069804 66.4525467536
-9999.0 -9999.0 -9999.0 -9999.0 -9999.0 -9999.0 -9999.0 -9999.0 -9999.0 -9999.0 -9999.0 -9999.0 -9999.0 -9999.0 -9999.0 -9999.0 -9999.0 -9999.0 -9999.0 -9999.0 -9999.0 13.7673451637 12.9002751948 66.8182736618 499.642457868 525.626355427 538.432982782 13.1018408187 217.883501441 231.039190932 237.513635945 9.69299677708 14.4726664722 18.3554760006 371.56235179 374.816570001 377.528356389 1623.41142894 1008.26301158 2.76223510417 2.93906101033 2.82300809188 2.23343108355 23.7273467962 28.4771486466 32.6628309631 34.9751808997 37.2027450549 340.357504569 342.877141093 347.918268452 356.938894625 379.09803391 379.765444993 446.865527072
-9999.0 -9999.0 -9999.0 -9999.0 -9999.0 -9999.0 -9999.0 -9999.0 -9999.0 -9999.0 -9999.0 -9999.0 -9999.0 -9999.0 -9999.0 -9999.0 -9999.0 -9999.0 -9999.0 -9999.0 -9999.0 -9999.0 26.9337156855 41.0439290049 13.7623893938 18.8469614774 172.578596569 185.672151109 194.584635884 74.4192298112 83.2415384907 92.1831871809 97.1255180138 364.343975235 368.886349036 228.389762721 609.35018614 612.535905845 1006.01386053 6.02296633622 3.05253222598 2.18754743326 16.5189992403 19.3027379446 1.75055282973 1.64880713354 332.833770643 336.868641058 338.829859832 3.37590964602 5.81451756594 375.657406177 1.053798878 4.69532229591 5.20879221298
-9999.0 -9999.0 -9999.0 -9999.0 -9999.0 -9999.0 -9999.0 -9999.0 -9999.0 -9999.0 -9999.0 -9999.0 -9999.0 -9999.0 -9999.0 -9999.0 -9999.0 -9999.0 -9999.0 -9999.0 -9999.0 -9999.0 13.4975849923 26.6902780789 109.479284846 123.395044857 137.734396476 55.941152863 65.6742031066 8.9612490424 248.344697774 256.032413383 262.782656305 5.20168816723 219.946965786 224.662322818 3.36815351841 990.274072125 6.83732968586 3.41441142505 9.00913150235 12.0718879704 2.30972657143 1.90780381691 312.485653197 329.1625518 331.531482685 2.45195866404 5.41640091292 6.81462762881 8.96818983753 15.7404109625 1.76651016709 3.86662396594 0.760709800605
-9999.0 -9999.0 -9999.0 -9999.0 -9999.0 -9999.0 -9999.0 -9999.0 -9999.0 -9999.0 -9999.0 -9999.0 -9999.0 -9999.0 -9999.0 -9999.0 -9999.0 -9999.0 -9999.0 -9999.0 -9999.0 -9999.0 13.373090399 41.2744457165 70.1529379434 15.0529787656 31.9964202697 44.9492853223 212.806004302 223.490914717 231.841604685 7.70123309698 184.054159098 205.430030047 210.943690353 4.35411798361 975.758766487 983.7703438 3.69051863802 3.3730447908 6.60731846031 2.66306061331 299.742474457 304.411614868 307.140219679 10.4660750655 12.9821727932 2.19663228198 3.91621119124 1.73422415427 12.7514370111 1.76726076562 1.04127371118 1.04186736328 1.06477355243
-9999.0 -9999.0 -9999.0 -9999.0 -9999.0 -9999.0 -9999.0 -9999.0 -9999.0 -9999.0 -9999.0 -9999.0 -9999.0 -9999.0 -9999.0 -9999.0 -9999.0 -9999.0 -9999.0 -9999.0 -9999.0 -9999.0 -9999.0 13.9921962137 14.8070768572 16.701808602 153.977832379 166.274009973 202.249262838 10.6544882438 149.843351065 169.744836731 7.64015889705 15.3059392983 5.25362850156 962.6040139 5.22890432536 12.9731835091 15.8545251032 20.2065202265 282.88986982 292.167569481 295.118921067 3.00102759217 5.57654190645 7.90762974988 1.49518258871 1.37937311643 837.466835412 838.847732201 839.974692287 851.297659071 852.694186869 854.160854047 855.048182194
