data/baseflow/mHMbf_acc258.asc
ncols                  80
nrows                 72
xllcorner      4374000.0
yllcorner      5656000.0
cellsize            500
NODATA_value       -9999
[rows 0 to 23 of 72, columns 0 to 54 of 80]
-9999.0 -9999.0 -9999.0 -9999.0 -9999.0 -9999.0 -9999.0 -9999.0 -9999.0 -9999.0 -9999.0 -9999.0 10.9796451311 13.8563352328 -9999.0 -9999.0 -9999.0 -9999.0 -9999.0 -9999.0 -9999.0 -9999.0 -9999.0 -9999.0 -9999.0 -9999.0 -9999.0 -9999.0 -9999.0 -9999.0 -9999.0 -9999.0 -9999.0 -9999.0 -9999.0 -9999.0 -9999.0 -9999.0 -9999.0 -9999.0 -9999.0 -9999.0 -9999.0 -9999.0 -9999.0 -9999.0 -9999.0 -9999.0 -9999.0 -9999.0 -9999.0 -9999.0 -9999.0 -9999.0 -9999.0
-9999.0 -9999.0 -9999.0 -9999.0 -9999.0 -9999.0 -9999.0 -9999.0 -9999.0 -9999.0 -9999.0 -9999.0 20.2248088129 56.1028365854 11.4528892811 -9999.0 11.4332124486 -9999.0 -9999.0 -9999.0 -9999.0 -9999.0 -9999.0 -9999.0 -9999.0 -9999.0 -9999.0 -9999.0 -9999.0 -9999.0 -9999.0 -9999.0 -9999.0 -9999.0 -9999.0 -9999.0 -9999.0 -9999.0 -9999.0 -9999.0 -9999.0 -9999.0 -9999.0 -9999.0 -9999.0 -9999.0 -9999.0 -9999.0 -9999.0 -9999.0 -9999.0 -9999.0 -9999.0 -9999.0 -9999.0
-9999.0 -9999.0 -9999.0 -9999.0 -9999.0 -9999.0 -9999.0 -9999.0 -9999.0 -9999.0 8.55058283674 8.07901795992 8.56962202328 8.48712987351 71.5347135449 81.3419863465 31.6983921816 10.1638353423 -9999.0 -9999.0 -9999.0 -9999.0 -9999.0 -9999.0 -9999.0 -9999.0 -9999.0 -9999.0 -9999.0 -9999.0 -9999.0 -9999.0 -9999.0 -9999.0 -9999.0 -9999.0 -9999.0 -9999.0 -9999.0 -9999.0 -9999.0 -9999.0 -9999.0 -9999.0 -9999.0 -9999.0 -9999.0 -9999.0 -9999.0 -9999.0 -9999.0 -9999.0 -9999.0 -9999.0 -9999.0
-9999.0 -9999.0 -9999.0 -9999.0 -9999.0 -9999.0 -9999.0 -9999.0 -9999.0 8.13505026711 16.7495342945 33.1548039548 16.376471391 7.89199255888 15.3440483593 88.554609096 141.794746875 10.8599690218 -9999.0 7.77375119443 -9999.0 -9999.0 -9999.0 -9999.0 21.8501559706 11.2976192878 -9999.0 -9999.0 -9999.0 -9999.0 -9999.0 -9999.0 -9999.0 -9999.0 -9999.0 -9999.0 -9999.0 -9999.0 -9999.0 -9999.0 -9999.0 -9999.0 -9999.0 -9999.0 -9999.0 -9999.0 -9999.0 -9999.0 -9999.0 -9999.0 -9999.0 -9999.0 -9999.0 -9999.0 -9999.0
-9999.0 -9999.0 -9999.0 -9999.0 -9999.0 -9999.0 -9999.0 -9999.0 9.58446633643 26.4738193514 34.2032963909 42.1364027015 57.0805688386 7.24931200178 29.118193076 35.9396741951 195.001605027 7.54618139931 6.24910223939 14.4020697223 20.7228546043 6.62912292316 -9999.0 54.1959747817 44.4249847475 11.4920291709 -9999.0 -9999.0 -9999.0 -9999.0 -9999.0 -9999.0 -9999.0 -9999.0 -9999.0 -9999.0 -9999.0 -9999.0 -9999.0 -9999.0 -9999.0 -9999.0 -9999.0 -9999.0 -9999.0 -9999.0 -9999.0 -9999.0 -9999.0 -9999.0 -9999.0 -9999.0 -9999.0 -9999.0 -9999.0
-9999.0 -9999.0 -9999.0 -9999.0 -9999.0 -9999.0 9.7034879876 8.51150392595 8.01397143191 8.21809879923 8.36393065618 59.2235257207 124.259789528 132.029575095 137.397810031 4.72278915032 206.915967619 213.292094027 12.8635744611 6.55430909804 26.9121631275 46.2606961909 7.37971006763 77.1365737016 6.90482068724 7.54064258279 7.11031630408 -9999.0 -9999.0 -9999.0 -9999.0 -9999.0 -9999.0 -9999.0 -9999.0 -9999.0 -9999.0 -9999.0 -9999.0 -9999.0 -9999.0 -9999.0 -9999.0 -9999.0 -9999.0 -9999.0 -9999.0 -9999.0 -9999.0 -9999.0 -9999.0 -9999.0 -9999.0 -9999.0 -9999.0
-9999.0 -9999.0 -9999.0 -9999.0 -9999.0 -9999.0 19.4423234809 28.5031312817 63.4849520021 87.2649710285 7.222825775 7.68204919668 7.16098702456 20.7238190441 164.145587413 5.16401055122 219.314675675 243.63160602 18.8872323149 12.2240185054 51.9778387493 6.24501817203 83.2319221221 12.3557012288 6.21531957313 13.5197566736 14.0053497944 6.87603454478 7.0487456212 6.85337778346 7.24769302571 14.4990902813 -9999.0 -9999.0 -9999.0 -9999.0 -9999.0 -9999.0 -9999.0 -9999.0 -9999.0 -9999.0 -9999.0 -9999.0 -9999.0 -9999.0 -9999.0 -9999.0 -9999.0 -9999.0 -9999.0 -9999.0 -9999.0 -9999.0 -9999.0
-9999.0 -9999.0 -9999.0 -9999.0 -9999.0 10.7874907573 20.7102585418 9.79537256206 18.7923825676 96.3982388597 112.093353633 127.757096752 425.187262108 6.89187901548 170.809227517 651.721974034 656.646172966 909.266769813 5.44023102 17.9439318592 57.7308987934 5.69115672901 153.823082335 64.6754368426 40.3184594969 34.0225097003 6.80106011678 20.4421127995 20.5134809859 13.6543005271 6.5517679076 21.2619385015 6.42649636403 6.31988598716 -9999.0 -9999.0 -9999.0 -9999.0 -9999.0 -9999.0 -9999.0 -9999.0 -9999.0 -9999.0 -9999.0 -9999.0 -9999.0 -9999.0 -9999.0 -9999.0 -9999.0 -9999.0 -9999.0 -9999.0 -9999.0
-9999.0 -9999.0 -9999.0 -9999.0 -9999.0 10.9893647752 31.7658344342 62.7930780626 72.1683135052 143.26883401 151.794437126 178.761813719 290.543905397 448.17392563 462.764556105 469.512926503 11.2923992181 930.032544389 940.791431675 970.523278315 1205.28034902 171.305701681 159.91637664 46.3122372332 5.87132862053 38.6370389486 26.4193448801 5.67206990221 26.4327385402 5.82398801376 12.2139541751 33.5423897045 39.685142679 12.3668389732 5.97577549552 5.95202448308 -9999.0 -9999.0 -9999.0 -9999.0 10.3522512786 9.52866780058 -9999.0 -9999.0 -9999.0 -9999.0 -9999.0 -9999.0 -9999.0 -9999.0 -9999.0 -9999.0 -9999.0 -9999.0 -9999.0
-9999.0 -9999.0 -9999.0 -9999.0 -9999.0 10.5216734367 9.96487903464 42.4674368547 52.0805525078 62.0694275904 9.20105682799 18.1625441622 105.896455115 18.5568934536 8.03751396046 7.0726245208 6.00573063886 6.975835843 6.53367843165 6.67455594216 1211.38986813 1228.35141842 5.55243114207 17.1283865098 11.6691865236 44.2853920713 11.4983054071 5.52154634074 32.463398314 11.3895067079 27.778332313 69.0880543793 63.9120445677 18.1597009526 17.6290093102 6.11795457949 6.09693294576 -9999.0 -9999.0 6.20645765632 20.0170193361 49.4141915196 10.0092056906 -9999.0 -9999.0 -9999.0 -9999.0 -9999.0 -9999.0 -9999.0 -9999.0 -9999.0 -9999.0 -9999.0 -9999.0
-9999.0 -9999.0 -9999.0 -9999.0 -9999.0 -9999.0 11.2951607738 11.3684846581 21.1140513089 31.242567693 69.7320133894 88.6146916778 97.9510787066 10.2154793356 7.02068060421 97.6932172432 118.2982385 124.594183825 151.275407343 157.258622599 5.82523327711 1234.2739961 1261.17185817 21.203714359 2.07222682 48.645217892 108.281241973 43.1912815217 10.4777156295 5.28814285446 107.304057329 74.5157544428 5.18079744549 5.31097486021 23.1248021796 17.8442219451 5.67768690506 5.54133190288 5.94629164197 12.0323572772 5.78512218426 59.9036464718 65.5463447922 5.370158745 -9999.0 -9999.0 -9999.0 -9999.0 6.28936292812 5.95840559503 1.87003926715 -9999.0 -9999.0 -9999.0 -9999.0
-9999.0 -9999.0 -9999.0 -9999.0 -9999.0 -9999.0 -9999.0 10.7622059796 8.99722172043 19.5550909121 29.5229109546 9.49818172247 8.14251330709 52.6474316917 68.0851978585 83.9315356988 7.14527339895 14.0206745384 6.80534290522 163.485986652 371.749585581 381.107859076 1655.70978488 5.40906890006 6.51863721915 1.98560863385 113.386699706 5.16138378338 15.8683829509 5.17341132412 112.413185355 117.524035587 10.4394189039 10.4986707859 58.0411482151 29.2246851358 11.4183957953 5.82859841292 11.8660756285 17.8727297565 29.1067931945 5.417960282 76.0456247842 80.9388615758 4.52365197531 4.8459266528 5.13726530373 4.66176077458 4.51531718629 17.3280677214 6.86562894235 4.5596184155 -9999.0 -9999.0 -9999.0
-9999.0 -9999.0 -9999.0 -9999.0 -9999.0 -9999.0 -9999.0 -9999.0 19.9423198976 28.1595601522 9.41877288651 19.3032644713 27.9940076108 45.2723862223 8.66137519626 8.177797326 6.73284251464 6.80768888677 6.01050420661 195.829586686 6.80993301171 13.2429555775 1678.79397188 1692.79205765 4.76654720698 16.060294733 134.098912634 10.0900985287 20.4388733695 9.46952853271 14.010420877 137.151586771 15.0979518721 83.148725018 68.0729450993 5.12133871644 27.9824561109 11.2547852113 17.2384685614 5.37553385264 34.416825302 44.7242238726 48.9779178172 53.0101298484 97.9754537228 8.60470885516 9.22141475565 8.45080476093 8.11440016718 21.5428681349 4.45801316691 15.9842549564 20.1196205843 -9999.0 -9999.0
-9999.0 -9999.0 -9999.0 -9999.0 -9999.0 -9999.0 -9999.0 -9999.0 10.6524301606 48.9522861078 58.0736886504 9.11219768488 17.5081402085 8.37257737361 7.45491366258 7.32585227157 92.5544294506 122.020181084 152.653987552 185.696556776 7.91069477452 6.59043689073 6.19996383387 1726.5108781 1744.1966371 1749.69425142 179.6481353 40.3009673011 35.2736291047 4.3689902416 18.2929271709 159.882555744 4.433091954 87.6689743142 5.03324802667 36.2200437995 33.498790579 5.34550431015 22.5864456754 10.6901788657 15.9461099843 4.7812311941 3.87447335345 56.9912924295 60.7242373283 101.698341707 13.2760171007 12.3162730457 11.9219154025 26.1809034015 35.1909699313 4.49430143725 24.4225757853 4.59557321039 8.79713381223
-9999.0 -9999.0 -9999.0 -9999.0 -9999.0 -9999.0 -9999.0 -9999.0 -9999.0 10.8190512377 67.6990338554 76.4877114653 25.8758626447 42.4418524723 57.2400086423 64.6040289404 7.42409669511 22.7229397157 14.8140888469 7.55526977416 7.26409395127 6.50855842338 12.636256552 21.6137169946 7.78068194698 1944.0318438 1949.14164618 4.43547435561 3.69270491515 8.85059907003 13.2064947993 172.896095434 8.71002529468 91.6523415623 54.9452662932 45.5954263893 5.0254683052 10.2621278967 27.4343667322 4.83481262383 20.7130721088 9.45922854032 5.88953395461 1.7698184033 67.7857935562 172.590598362 16.1715982818 15.2676929671 15.5708465562 3.74545829801 38.9578388106 3.67554632894 32.676459881 4.05522640301 12.9110032786
-9999.0 -9999.0 -9999.0 -9999.0 -9999.0 -9999.0 -9999.0 -9999.0 -9999.0 -9999.0 8.87864809612 94.3786508616 8.29978038889 16.4991026732 23.5433053844 37.5095578536 7.21082498913 15.107627048 7.3128171877 6.85588459264 6.36855368713 12.6545915754 5.53836018219 5.80080160978 11.3283077748 6.7343027643 1955.68379594 1965.62424911 1979.36831744 17.2959325346 4.4205063648 8.81313806615 177.47461613 168.617679988 64.5102727494 4.71568192665 20.1311659727 15.1734656349 32.2948623218 9.67080664473 39.7283805444 14.163777316 9.53168274363 0.621809822053 1.92136488779 176.392962394 179.975841422 214.542227906 27.1815316398 7.67862401083 42.997984323 50.6327369349 86.9615504356 7.98064565617 3.83750936423
-9999.0 -9999.0 -9999.0 -9999.0 -9999.0 -9999.0 -9999.0 -9999.0 -9999.0 -9999.0 -9999.0 4.74056111053 103.831305625 7.66338902709 14.5374496109 66.0572093852 7.32166649854 7.22543024052 6.23366933114 13.3692300861 6.45169063067 25.5059140538 36.6408250995 41.7590393282 15.9064639844 19.9790577991 4.78718438461 5.82292974141 6.19360251979 2008.75867631 2022.25502517 181.261534014 176.341659384 172.527443483 8.30302723547 4.04668681534 24.5908949164 65.9206133972 36.8775962413 14.2146256755 58.3485953992 16.5026494872 12.3360678069 1.21485805228 0.536581821584 0.65501210675 1.09432781011 220.488175784 258.244204492 3.66786806223 3.42540317657 3.72310620563 90.6440758464 102.076478542 6.75230306593
-9999.0 -9999.0 -9999.0 -9999.0 -9999.0 -9999.0 -9999.0 -9999.0 -9999.0 -9999.0 -9999.0 4.46568401209 114.118040074 138.544360483 7.04552846889 80.18322553 6.70447257471 6.33538308697 12.5031253867 32.2726105915 6.16088617791 6.48424000382 5.40005767839 52.5388338097 57.5473912149 82.9437899844 91.8968914599 96.0498143288 100.387374003 105.827294824 2133.76614477 2322.41859507 2506.06096486 2510.43310072 3.65604101347 4.09951110946 74.8703547299 70.4282928609 4.50485403218 4.4768295407 62.750533249 83.6339039091 3.44705871798 28.7194425842 26.761250352 2.99334282971 1.90328324573 3.24880583661 3.66906157182 265.028137567 3.4570965785 10.1265331141 12.9352271797 121.648694973 129.01767753
-9999.0 -9999.0 -9999.0 -9999.0 -9999.0 -9999.0 -9999.0 -9999.0 -9999.0 -9999.0 -9999.0 9.10040961098 17.1028594802 146.315077754 159.567510302 6.68285655867 96.0205279828 5.54141313968 17.1622778303 37.8662719595 11.8246322018 5.63773867539 11.6141629067 4.76864791011 9.19970286264 4.57063518 3.8444170786 2.45267981022 1.80397604114 1.42584060816 1.23292206517 2.16657619407 3.43771696836 5.01941599531 2524.0593207 88.4894676366 81.4552479378 3.0845716349 12.9266087047 3.62832546795 3.1480495956 87.7141388325 128.561648654 33.1872825056 25.5970092607 1.67433130618 0.717310378789 0.633176409416 3.32953306232 271.796794598 278.546066951 3.50915045908 3.63374002698 2.19849991249 0.674579515078
-9999.0 -9999.0 -9999.0 -9999.0 -9999.0 -9999.0 -9999.0 -9999.0 -9999.0 -9999.0 -9999.0 -9999.0 7.3608057679 102.228217018 268.849562232 289.784269268 392.597821743 401.570417744 86.744091458 61.2177573532 17.57030058 5.55924163404 22.4874350821 27.6910166927 41.5425479509 9.33717551788 8.29306721128 6.97445795109 13.1553800832 5.73444354397 5.21536505469 2.57393469858 0.700993062088 1.07974434931 2528.49981375 2621.18392279 2625.85642051 3.16512215 34.847596598 15.4192300352 4.43223436571 142.05190135 9.50792613682 4.89829470063 19.4502901606 3.17340605696 2.82682665446 5.38844354702 8.13952949203 11.3275487816 284.318045072 2.75099449011 2.47815452435 2.47996619072 1.6485718238
-9999.0 -9999.0 -9999.0 -9999.0 -9999.0 -9999.0 -9999.0 -9999.0 -9999.0 -9999.0 -9999.0 8.24571880988 78.1509955643 94.5818620233 14.3528244119 4.58861467839 10.0220744831 417.536763097 424.443977342 519.707870452 4.98661174748 10.4980979574 4.58023977886 4.65023463265 46.0368394192 59.8580158952 72.3186058106 4.08888140276 17.228880314 26.9636576213 15.5587506485 6.49170874971 3.43686934956 2.14391945842 2.30751135193 1.4394096074 2629.52652233 2632.41886603 2672.82577532 7.45182304524 3.94713125669 148.256566674 10.290875528 5.24866946855 5.64197230833 5.58755748398 5.11098207671 8.03303445002 24.6165215092 39.3467637047 326.45214493 2.1232401026 6.48003497506 4.42192894961 3.45534965372
-9999.0 -9999.0 -9999.0 -9999.0 -9999.0 -9999.0 -9999.0 -9999.0 -9999.0 -9999.0 -9999.0 8.47072258082 54.6343831539 8.47753455389 7.04784195853 37.501983818 43.4687950092 49.4996175071 55.0279603955 689.038484897 693.945980404 703.869990436 775.445072248 788.092896098 794.393286161 799.028239053 877.714835203 886.780164471 890.990739168 922.039333704 942.031412986 946.007568697 955.449297708 5.90504685632 3.87848419955 0.488251935842 0.806330913611 2635.34431431 2686.22863383 10.6501950262 178.449117417 174.296861714 19.3733427547 4.66399041057 4.76697243995 4.61758183536 4.57559372112 9.18903141428 13.1956568605 3.80958126317 329.14051408 331.991729228 345.408337218 347.826409549 353.588849386
-9999.0 -9999.0 -9999.0 -9999.0 -9999.0 -9999.0 -9999.0 -9999.0 -9999.0 -9999.0 -9999.0 28.2758421623 37.2977441299 16.9943502409 24.6472151661 7.50145120395 86.0455449006 92.4298217384 104.905047814 108.686560824 39.8797845304 751.196054497 755.592954346 3.17798086735 1.67059488164 1.06385936419 2.97190495082 1.32688907048 0.694383037419 0.650653858526 1.06924454593 948.232423189 958.202749931 968.636388655 976.558058872 979.792114126 1.16756796774 0.519985961981 2874.06763343 185.218511204 182.769306352 4.12940755293 3.90552774305 3.63658770145 8.53967457084 8.39740127173 3.88372473884 3.90333526311 3.69444665678 7.45391546577 9.92404118947 1.97551745504 3.63986524654 1.21748179969 0.289697540555
-9999.0 -9999.0 -9999.0 -9999.0 -9999.0 -9999.0 -9999.0 -9999.0 -9999.0 -9999.0 -9999.0 -9999.0 19.0411565443 8.84555473972 7.75455724677 73.3139239466 80.0250582237 6.70692981375 25.6533983408 31.2078049677 35.44687757 4.98461984516 3.52460896711 100.229889851 102.938555875 105.260661022 285.505245433 286.696469168 288.024767666 303.240433818 307.460315731 308.031248685 0.599023201389 0.632382378708 1.04805674411 983.871702655 1.29534984426 2905.90591604 2902.99675526 26.7321031343 23.9182985804 15.8215629209 3.98957617448 7.24665513989 12.3117262444 12.1808932428 7.62089918446 3.76812580717 7.3883954972 7.39429944937 13.2146549485 2.57400051209 5.91067280396 9.33396955168 9.92846880079
