data/baseflow/mHMbf_acc338.asc
ncols                  80
nrows                 72
xllcorner      4374000.0
yllcorner      5656000.0
cellsize            500
NODATA_value       -9999
[rows 25 to 49 of 72, columns 0 to 54 of 80]
-9999.0 -9999.0 -9999.0 -9999.0 -9999.0 -9999.0 -9999.0 -9999.0 -9999.0 -9999.0 -9999.0 -9999.0 24.9452005363 49.48721422 23.2743793655 46.1210086665 20.1811135044 157.027728002 194.667061409 213.407312251 17.1870196412 34.1343976646 335.718698215 416.323469278 429.604393113 25.6295919877 21.3912846745 31.2638854665 7.46509049681 6.85819627142 12.6635874804 5.26575382785 495.422570423 501.700344111 504.674466461 3882.7940266 7225.42260152 7192.17815156 6.97911252328 3.65684435717 3.34386547885 15.1092788112 12.0708371904 29.8513652951 42.8654724673 85.2135394892 7.40787459846 7.3692382904 69.0381834519 75.6433762108 140.950771449 143.937911018 155.378236923 158.173984946 2.36249998621
-9999.0 -9999.0 -9999.0 -9999.0 -9999.0 -9999.0 -9999.0 -9999.0 -9999.0 -9999.0 -9999.0 -9999.0 -9999.0 24.13864125 48.1792767747 72.2975160495 114.749039185 21.8734545863 19.5585841251 134.32105918 152.189910056 302.618669091 320.829004208 52.0082271302 15.2991518711 12.7712779275 10.7354617794 456.273048955 464.103459173 472.051390967 478.368592848 489.639620892 73.9999687881 77.7910099413 585.215809035 11697.5752234 26.9812594885 19.9588094941 10.6703069361 3.1236715209 2.7777935331 21.4795647054 23.5510482185 34.8932205755 2.55456172025 88.7646870238 12.4519024749 12.2939747947 2.24315486991 1.44936553432 1.27235672835 1.177426412 1.27388652591 160.282718941 1954.57716685
-9999.0 -9999.0 -9999.0 -9999.0 -9999.0 -9999.0 -9999.0 -9999.0 -9999.0 -9999.0 -9999.0 -9999.0 -9999.0 -9999.0 23.2852625009 42.0596951526 59.0136652573 76.1473069602 95.4019659745 115.224761483 58.4115168357 97.716483021 17.8046767421 16.7444579324 388.172715999 419.641255074 433.667603754 447.072221812 8.99621563921 16.5171622563 48.9314368847 58.5331665272 67.2569189682 4.71776873876 3.40659170912 11713.2544808 6.5293651204 6.06360759541 2.96026448501 14.3385211896 7.01965116387 2.76881243778 60.967054534 63.1294752666 1.54873539982 90.4674935614 104.421426419 14.4098187435 2023.68100983 2020.17021033 2017.24777162 2011.74040704 2009.56062041 1970.61213873 1968.36452576
-9999.0 -9999.0 -9999.0 -9999.0 -9999.0 -9999.0 -9999.0 -9999.0 -9999.0 -9999.0 -9999.0 -9999.0 -9999.0 -9999.0 4.97626707682 11.2125142178 17.2093795291 167.165875669 187.793359047 20.9400700205 19.7461995037 20.0806838185 319.204763955 356.81197994 17.7332877718 17.5127831437 13.9779420433 59.1233933073 73.1526850259 29.7526375092 41.633299268 351.970711184 361.861960493 373.973937938 582.740676745 12300.560752 6.05722727696 2.45946980081 22.6591394867 18.7163062677 2.61958517903 7.98914162546 10.1660444008 65.4376942643 67.2429863479 176.823229183 106.489351481 17.9300362252 2063.4382107 12.9736115775 2014.62275502 2013.25853973 36.7310420957 3.21099190083 10.9742983128
-9999.0 -9999.0 -9999.0 -9999.0 -9999.0 -9999.0 -9999.0 -9999.0 -9999.0 -9999.0 -9999.0 -9999.0 -9999.0 -9999.0 24.875393078 41.0019684997 84.1402578886 147.953733557 204.204841006 243.760301855 263.03967227 282.994728603 301.772503694 18.4517069073 16.3546206962 32.2988711878 29.1693928756 15.6291644284 305.53755618 319.223382879 331.184024084 343.131292816 190.654297686 197.221370742 204.236957603 12304.4433012 11.1836380895 5.57799994722 31.9789281636 4.49194557015 4.78416851739 2.60129849269 2.01621206589 12.2629055344 1.46123504882 1.55111294475 2247.62794695 2069.74906571 2068.30875642 5.16244373995 11.4439278533 7.22931131723 1.51592903455 31.440126766 8.53980489651
-9999.0 -9999.0 -9999.0 -9999.0 -9999.0 -9999.0 -9999.0 -9999.0 -9999.0 -9999.0 -9999.0 -9999.0 -9999.0 -9999.0 17.197763535 16.2896292216 31.8920144328 48.208708956 20.8591600881 23.8150222905 45.2457653523 66.3938092353 105.764126871 124.818512035 140.251568531 188.753955282 203.037751308 219.287512184 13.9695919572 147.311468502 159.152005778 171.103808415 10.0812238197 9.02538434534 14.9124687835 12535.1754099 12538.8022247 12555.9852774 45.4563921908 9.53174449657 7.75471958636 1.85213545185 3.54738062964 13.8823073947 16.6414695587 2.81170926451 2254.41091407 2.14949133284 2.76259553922 2.93090265746 2.40579309493 4.39529822533 1.87069838759 21.4363938587 17.0874263014
-9999.0 -9999.0 -9999.0 -9999.0 -9999.0 -9999.0 -9999.0 -9999.0 -9999.0 -9999.0 -9999.0 -9999.0 -9999.0 -9999.0 -9999.0 15.5933812498 30.7796281686 14.8199663206 30.406027147 189.957851017 207.695392517 227.708949929 19.5237405792 19.3764516318 34.7753076286 51.4122602525 79.5372370528 94.5735650004 106.240023342 119.786628339 10.9584904101 10.6994691976 193.110552299 201.759525835 206.992150419 211.76728462 182.655592237 12758.1074569 12828.6670025 12832.6678546 12843.9691213 12857.3148922 12861.9106988 1.32289081348 17.8866706141 2255.57752771 2.55815035566 1.30825178197 1.87510518977 1.97038627573 3.2674662762 2.6981170973 1.56385301939 2.31707409961 2.18978340405
-9999.0 -9999.0 -9999.0 -9999.0 -9999.0 -9999.0 -9999.0 -9999.0 -9999.0 -9999.0 -9999.0 -9999.0 -9999.0 -9999.0 -9999.0 -9999.0 45.7792398001 61.594356429 108.547420862 143.176137733 18.1341198017 267.939280039 286.912116973 304.48729533 16.2533238749 32.169906451 13.5147128455 107.626155975 118.804774929 132.673715952 144.358944756 177.19301287 184.434690882 4.87546347471 164.495838874 174.060711035 178.349488017 198.324457833 21.47619476 12.2496545047 6.73643531778 6.77428994333 12867.002388 12868.5610149 12898.247796 2256.64015514 8.00472426246 4.50560700153 3.07004626658 0.937501566878 8.9729151278 4.4944122682 1.43163912616 7.80959545081 6.60449732957
-9999.0 -9999.0 -9999.0 -9999.0 -9999.0 -9999.0 -9999.0 -9999.0 -9999.0 -9999.0 -9999.0 -9999.0 -9999.0 -9999.0 -9999.0 -9999.0 16.6322790231 77.4676569045 93.7772527225 18.9859991669 21.1426502988 43.3227331145 63.0053513096 385.182934216 16.2373899278 65.2740929361 79.2449130543 93.313510628 11.5333005793 24.8360403206 34.9373060023 130.09568637 145.607917707 150.200648423 4.80777445499 4.97235538198 6.05693231648 11.2702419478 5.0323376538 5.30963590203 5.65941904831 6.56220449831 5.4927204535 10.8645310193 12899.8875851 15161.1004292 9.77950700676 3.17438833352 0.951265097864 27.3341996727 25.2535652107 14.7736972278 13.2266544908 9.82658126276 2.29786661494
-9999.0 -9999.0 -9999.0 -9999.0 -9999.0 -9999.0 -9999.0 -9999.0 -9999.0 -9999.0 -9999.0 -9999.0 -9999.0 -9999.0 -9999.0 14.3013278854 46.1854180301 15.208875382 21.2634352018 22.9896033041 44.3613765016 65.8082162436 82.9141097146 482.196839338 497.857823983 16.0670675496 30.2679314261 44.6006482966 57.9227500325 71.3378194473 116.355412461 124.216741507 9.51606401915 8.06952511587 6.92216749906 5.30953578641 6.23812153471 6.97818262928 6.49542674618 10.2039788132 19.6255489315 9.69351516774 2.59516490448 2.57460350539 1.77730817138 3.29826130709 15263.5462718 89.0093436219 34.5090830644 4.534708685 2.27292714606 1.25476202866 3.96944477479 2.53381186158 1.26158649569
-9999.0 -9999.0 -9999.0 -9999.0 -9999.0 -9999.0 -9999.0 -9999.0 -9999.0 -9999.0 -9999.0 -9999.0 -9999.0 -9999.0 15.1943279756 29.0469385137 104.478329325 14.6637907455 39.0638096137 61.5544291726 82.216661213 21.3178825045 39.2561469061 54.7130167094 565.53757961 15.2669547518 28.5813658458 42.794388749 13.2797043625 26.437147495 35.995958627 43.6172118196 1003.74908544 1016.7263855 1027.69470807 1066.12190002 1085.14390842 1116.54213436 8.33675440989 21.5754283204 23.2306223482 1203.33050573 1207.68469613 2.34489747313 3.60855832884 4.83098341681 15265.6464141 81.9579189873 41.2156824002 38.3650852985 30.4916639199 26.3217039715 5.20335591883 1.34093359775 2.32148160506
-9999.0 -9999.0 -9999.0 -9999.0 -9999.0 -9999.0 -9999.0 -9999.0 -9999.0 -9999.0 -9999.0 -9999.0 -9999.0 -9999.0 15.1627718395 46.273505067 165.867966764 244.5343479 13.3438522438 320.169562322 417.131270447 19.7052243044 37.6535910882 53.8164918466 717.661476033 729.873416804 10.0831327959 63.4234950565 73.1928983023 84.2887284127 920.439482541 942.575971285 953.55509781 5.12198403724 28.9773342003 34.0517181483 12.8195511244 17.5370390533 1142.87825131 1171.77083284 1175.1101568 1178.24531374 1211.22110716 1.73669926433 1.44241048318 7.49943699309 15267.5051537 3.17912153745 1.89133355166 5.51286834344 2.03227008805 23.0050940528 19.0750968453 11.5389274926 7.79771593643
-9999.0 -9999.0 -9999.0 -9999.0 -9999.0 -9999.0 -9999.0 -9999.0 -9999.0 -9999.0 -9999.0 -9999.0 -9999.0 -9999.0 -9999.0 -9999.0 32.1329899042 64.5057681872 289.928057679 305.941713631 431.265626689 446.195042019 19.0605432282 38.1213735321 86.195924008 741.778444156 763.180358258 771.475636957 6.66641260754 802.751552609 826.130486423 13.9696393115 5.19396197365 10.1939495789 19.709239188 4.569582528 8.75869179469 19.4448860087 23.4102800767 4.29663568798 2.86714055415 5.52126367437 1235.59780534 1243.89478644 1245.11557157 1256.41158793 15268.9924206 2.55468304718 1.35178858253 1.54154981681 1.47764069878 1.51664061847 1.25734626479 2.34740250346 1.44834435655
-9999.0 -9999.0 -9999.0 -9999.0 -9999.0 -9999.0 -9999.0 -9999.0 -9999.0 -9999.0 -9999.0 -9999.0 -9999.0 -9999.0 -9999.0 -9999.0 16.7496480769 16.4244854659 16.2303303256 31.9275893146 14.1359939041 474.323142104 487.920000875 16.635786614 33.4059197789 13.5794157135 10.4088242729 10.028621925 789.553436733 8.11938360756 16.3375752313 7.33244386792 5.58504816112 4.96482785017 3.79690062354 3.94728415957 11.8279667207 16.1590093165 3.0933731517 2.82254675221 5.94842847772 9.78845297542 14.8462493518 4.99040252506 1247.47343886 1257.73625543 15270.0792341 8.81633049819 3.5743009463 0.912709137782 2.18002173178 0.719544195739 0.506718695691 2.901992454 6.53946369624
-9999.0 -9999.0 -9999.0 -9999.0 -9999.0 -9999.0 -9999.0 -9999.0 -9999.0 -9999.0 -9999.0 -9999.0 -9999.0 -9999.0 -9999.0 -9999.0 -9999.0 -9999.0 16.2243329309 46.927223627 60.2563089595 74.0609785423 501.157822828 514.544549226 527.549431388 540.694355833 550.386906556 570.604459274 578.130012469 585.834470833 591.882749034 5.03592621354 4.64307611423 4.84711015252 16.7389234386 4.38314949645 4.05886700155 3.22457584739 9.22294852362 3.70104074596 2.77094090526 2.56771177787 2.27949361256 4.54861805503 6.24525032103 1269.88148557 16549.7399413 2.56209164447 4.44267409911 0.739873417783 2.9811422178 1.6240966061 1.01861389531 14.4864986517 10.7370003026
-9999.0 -9999.0 -9999.0 -9999.0 -9999.0 -9999.0 -9999.0 -9999.0 -9999.0 -9999.0 -9999.0 -9999.0 -9999.0 -9999.0 -9999.0 -9999.0 -9999.0 -9999.0 -9999.0 13.8275379609 108.035704231 211.583004314 225.876901269 17.7846701003 34.7730225688 52.2657076789 65.0615167185 157.306612138 163.019420685 5.47765260632 5.30210528131 602.239891258 611.353565536 615.622058325 19.915402378 2.87473828524 6.83744554108 10.1028553229 29.8605628448 36.8271753939 42.1628814672 4.88094677862 6.70827270885 2.19770610347 4.21649492383 2.10347571909 16552.8765253 2.05513134504 8.45819049247 2.44518602274 6.12651856907 16.4758916318 18.471211937 34.0380576235 10.8000029719
-9999.0 -9999.0 -9999.0 -9999.0 -9999.0 -9999.0 -9999.0 -9999.0 -9999.0 -9999.0 -9999.0 -9999.0 -9999.0 -9999.0 -9999.0 -9999.0 -9999.0 -9999.0 15.1473526371 48.1598894685 94.5007572 123.550287357 315.125208634 331.149854373 36.8858281765 54.9153169383 70.2503019292 82.5408053533 169.918625448 181.46518803 336.833694385 351.897162571 357.326485955 619.757714056 649.848191494 6.80735315359 4.31519103562 4.10428235733 7.68644128179 3.51286914816 48.9988078371 51.5573904844 8.76935979767 12.9433305443 2.97625808268 4123.13603397 4127.22945597 20681.6218158 20692.4480859 2.27617580615 11.1423420153 2.96127222817 2.09490348716 37.222785235 48.9654538549
-9999.0 -9999.0 -9999.0 -9999.0 -9999.0 -9999.0 -9999.0 -9999.0 -9999.0 -9999.0 -9999.0 -9999.0 -9999.0 -9999.0 -9999.0 -9999.0 -9999.0 -9999.0 -9999.0 17.2300980622 16.7727807955 31.913444316 75.6555092375 345.319968621 19.1734948734 18.9762712267 33.9508908075 49.7510514616 122.055453227 132.055226843 10.805393832 9.8499610625 363.652670382 368.076271269 1023.15207158 1027.93647658 2.53356286441 2.25584180833 1.81053948774 1.82790213362 1.89755113272 4068.3002738 4084.3114144 4101.98680004 4109.44064091 4119.62364254 2.32500949383 8.58449130166 9.96696251448 20705.5308763 20706.2990486 20708.9272201 20711.8650967 20714.4944302 50.8899952997
-9999.0 -9999.0 -9999.0 -9999.0 -9999.0 -9999.0 -9999.0 -9999.0 -9999.0 -9999.0 -9999.0 -9999.0 -9999.0 -9999.0 -9999.0 -9999.0 -9999.0 -9999.0 -9999.0 -9999.0 15.5524706306 16.1842436345 29.997560769 404.260627706 418.616289492 18.6379216689 33.4670478374 49.5394473114 63.3694792549 12.605649164 22.3195497462 941.445721263 946.518724516 953.835554791 1001.77894718 2036.0334193 3969.30987385 3975.32381593 3980.51114744 3985.52646751 4007.35938036 4014.25627685 12.8414258958 5.82674129231 3.26080203864 6.13168162111 4.32347121603 6.82322423433 1.95141776107 53.894636786 58.8403119775 63.5119813151 64.0506152484 20714.9311061 20767.4917867
-9999.0 -9999.0 -9999.0 -9999.0 -9999.0 -9999.0 -9999.0 -9999.0 -9999.0 -9999.0 -9999.0 -9999.0 -9999.0 -9999.0 -9999.0 -9999.0 -9999.0 -9999.0 -9999.0 -9999.0 -9999.0 15.9320149445 30.4605097299 45.0394888451 430.798726483 13.8960217062 587.163111069 604.00929053 617.582897909 629.106637807 899.467232339 909.984890778 5.80470324086 34.6583281903 41.4141093043 5.27126176065 1927.35900155 1917.85623027 2.88776788644 6.63059866064 17.5011405662 3.82219159177 3.91261203311 3.01782651033 2.43405092683 1.88073734805 2.08770769267 47.7433115778 49.7861092457 52.2739508111 3.68201949687 3.48110619459 66.0957389031 66.9884781923 67.3743394596
-9999.0 -9999.0 -9999.0 -9999.0 -9999.0 -9999.0 -9999.0 -9999.0 -9999.0 -9999.0 -9999.0 -9999.0 -9999.0 -9999.0 -9999.0 -9999.0 -9999.0 -9999.0 -9999.0 -9999.0 -9999.0 14.6913762697 13.6938854358 70.927915559 529.946739282 557.792247446 571.785488978 13.9759412216 237.825591906 251.360683873 259.152090842 10.5558303844 16.6033217856 21.8147536134 430.186607389 434.401100963 437.940516563 1911.5448357 1192.95236062 3.61331762458 3.69307192334 3.54918213376 2.69257157139 30.0726811216 35.6022456432 40.4360766795 43.004067275 45.4721821951 430.447674949 432.083461879 435.450571152 444.645313724 469.210483879 469.784784372 537.687703479
-9999.0 -9999.0 -9999.0 -9999.0 -9999.0 -9999.0 -9999.0 -9999.0 -9999.0 -9999.0 -9999.0 -9999.0 -9999.0 -9999.0 -9999.0 -9999.0 -9999.0 -9999.0 -9999.0 -9999.0 -9999.0 -9999.0 28.6595094966 43.5786346487 15.3962679426 20.0538385331 187.637326972 202.622453862 213.01537993 85.055521884 94.8169938305 104.746318719 110.996137409 420.63176033 426.556630605 268.31430276 710.8179415 715.097342496 1189.92975075 7.83984811763 3.91663133765 2.79659384669 21.2741362968 24.7223146781 2.01898904046 1.89191976524 422.373553631 426.856084807 428.936484304 4.18363452085 6.50178002912 466.086726896 1.74543360862 4.54560045462 4.96653276385
-9999.0 -9999.0 -9999.0 -9999.0 -9999.0 -9999.0 -9999.0 -9999.0 -9999.0 -9999.0 -9999.0 -9999.0 -9999.0 -9999.0 -9999.0 -9999.0 -9999.0 -9999.0 -9999.0 -9999.0 -9999.0 -9999.0 14.3012125839 28.3209950102 119.03875595 134.741987819 150.412733436 64.0900388868 75.341270303 10.0445803711 286.932716778 295.787371525 303.782667293 6.60869111559 257.24335078 263.375948872 4.47195592957 1169.22681609 8.96743445829 4.47096234762 11.7641786755 15.6935064672 2.84970898245 2.32032274776 398.479264757 418.348145935 420.9953992 2.7677837651 5.86202458495 7.44085249733 9.116927389 18.1910035844 1.68581706397 3.77574025274 0.66133599607
-9999.0 -9999.0 -9999.0 -9999.0 -9999.0 -9999.0 -9999.0 -9999.0 -9999.0 -9999.0 -9999.0 -9999.0 -9999.0 -9999.0 -9999.0 -9999.0 -9999.0 -9999.0 -9999.0 -9999.0 -9999.0 -9999.0 14.2616459206 44.5316410167 76.8726751812 17.3408379912 35.6749049578 51.153702672 246.108679319 258.347082337 268.195328652 9.1263264092 212.224735282 238.45578075 245.60516785 5.72675242311 1149.94847536 1160.58635279 4.89948464792 4.50034606007 8.67949520924 3.44880548918 383.162859668 388.928221154 392.208199973 12.7076545965 15.5907490275 2.48867104458 4.30439058724 1.83218006097 13.0560710978 1.78784747803 1.02903952455 1.05205014322 1.03166272552
-9999.0 -9999.0 -9999.0 -9999.0 -9999.0 -9999.0 -9999.0 -9999.0 -9999.0 -9999.0 -9999.0 -9999.0 -9999.0 -9999.0 -9999.0 -9999.0 -9999.0 -9999.0 -9999.0 -9999.0 -9999.0 -9999.0 -9999.0 15.4864508629 16.7179645989 18.9079974036 174.319342322 188.808796608 233.267036151 12.350908755 172.668214033 195.105364617 9.17814851933 18.5518012833 6.75298544524 1132.76106318 6.69454912389 17.2372817674 21.0798686989 24.7302992153 361.332353118 373.629058499 377.32481347 3.74601916876 6.84276946743 9.63134070328 1.65877462478 1.51664469554 1019.49824755 1020.92156921 1022.01855438 1034.02624454 1035.34142886 1036.81030722 1037.61211275
