data/baseflow/mHMbf_acc578.asc
ncols                  80
nrows                 72
xllcorner      4374000.0
yllcorner      5656000.0
cellsize            500
NODATA_value       -9999
[rows 25 to 49 of 72, columns 0 to 54 of 80]
-9999.0 -9999.0 -9999.0 -9999.0 -9999.0 -9999.0 -9999.0 -9999.0 -9999.0 -9999.0 -9999.0 -9999.0 35.633288352 70.734015729 33.8667048321 68.2479496361 32.0957348608 235.426019086 298.688956867 330.140538847 29.7942904631 57.1552193759 542.365868087 675.601301946 700.161570664 56.924373143 56.4781746598 81.1043266168 15.8451988024 15.5368505274 30.1894692089 15.8667377154 824.106418905 841.246907439 866.365308649 6809.37473438 14058.5835969 13921.1827738 32.5092582182 12.8133518784 12.0983449512 46.6613082332 33.7407936883 86.5314517113 117.987923577 237.682832503 22.0630176001 22.1647744859 201.88507564 221.907469917 438.513083372 455.244839519 490.659611585 509.229184233 18.415785068
-9999.0 -9999.0 -9999.0 -9999.0 -9999.0 -9999.0 -9999.0 -9999.0 -9999.0 -9999.0 -9999.0 -9999.0 -9999.0 34.9331603117 69.6160830739 104.02844385 169.549467695 33.9792591686 32.1980297874 215.994699653 246.09946614 490.723381917 519.401590879 82.3973062013 29.4995937016 29.0678767036 27.4321429307 723.96753049 744.474274032 761.635552317 776.531171383 807.845126949 165.141417549 185.25600648 1075.58596721 21951.7691431 116.518374724 100.116349387 47.8536036207 12.5950076305 11.38436257 71.3641146824 82.4538761253 110.911268841 12.1649568685 251.661893123 38.649662762 38.1906217739 11.7385085587 10.0404071389 8.83353176702 9.61120362878 8.54343056857 517.515315315 6879.47542243
-9999.0 -9999.0 -9999.0 -9999.0 -9999.0 -9999.0 -9999.0 -9999.0 -9999.0 -9999.0 -9999.0 -9999.0 -9999.0 -9999.0 34.6173293147 64.7500524272 91.935746436 119.740246705 151.723127578 184.181423803 95.4742327811 157.473898673 28.9780156638 28.9407450592 585.957042833 642.672390427 669.763836338 698.424163458 24.5315822153 45.7981360945 114.011145441 132.103374132 148.654237769 20.452209717 20.9914631954 22002.8006526 17.3148227596 30.4833150378 15.6455064757 48.9421665874 23.292455755 14.5734982719 207.244964 219.730335522 11.1370598711 263.508383512 314.280425384 50.3577628917 7242.53755722 7218.98513126 7197.97831697 7157.76805704 7139.06915496 6917.89581297 6906.70704356
-9999.0 -9999.0 -9999.0 -9999.0 -9999.0 -9999.0 -9999.0 -9999.0 -9999.0 -9999.0 -9999.0 -9999.0 -9999.0 -9999.0 6.16797365083 14.5424591166 26.8431588795 227.059544625 260.235001102 33.0850829176 32.0109174419 31.2305248458 468.922804167 528.939252641 29.0011577057 29.1739791158 26.8276795048 107.000892257 132.919316285 72.4195695093 90.8798809082 598.326826662 619.12368375 657.991777253 1057.00488428 23069.0773884 17.2120499343 14.666910928 72.8148995225 60.2791391384 10.8311380466 36.9384562522 48.4420246417 232.771182651 244.680372413 588.154428893 321.354027716 56.9635605776 7451.9487881 107.706526053 7179.25456468 7168.86022044 204.883683485 9.00429315557 20.2660481885
-9999.0 -9999.0 -9999.0 -9999.0 -9999.0 -9999.0 -9999.0 -9999.0 -9999.0 -9999.0 -9999.0 -9999.0 -9999.0 -9999.0 32.199171602 52.555242514 112.563443627 195.255098192 284.238549833 346.64593377 378.024588632 409.496235712 439.775062829 30.0651832189 28.4733299193 56.373144074 53.7754712024 26.9382819173 514.914150991 540.536351826 564.875839457 587.841105053 336.706927415 356.637142546 379.382470099 23076.8168195 27.6416018144 36.9417033962 116.199459645 10.4526059698 21.9983771169 11.0129687309 10.914729004 59.02059332 10.2109837001 10.8896396921 8095.06939904 7497.63087777 7486.46565319 36.9943565686 97.7232074287 64.3641983001 16.6425409581 186.082854167 56.8569681444
-9999.0 -9999.0 -9999.0 -9999.0 -9999.0 -9999.0 -9999.0 -9999.0 -9999.0 -9999.0 -9999.0 -9999.0 -9999.0 -9999.0 22.3877156919 20.529546914 39.8716876629 61.5867919841 31.764178039 33.6384803447 66.0545697147 98.2439082966 159.080983195 189.333336229 217.861622233 303.026986458 329.598148387 356.805629647 25.9491381553 258.140578436 280.964788307 300.930152716 16.1781491924 9.16851136076 16.7205212104 23458.1435231 23465.587422 23509.4525201 143.374508998 20.1163948897 38.9730369942 13.9084684884 19.9495657516 68.2389051398 87.1709929052 20.0316820589 8143.22011861 15.2284682956 20.7773909872 22.3622476787 18.6607638492 33.6093934552 14.8223486546 113.5618633 87.0697666957
-9999.0 -9999.0 -9999.0 -9999.0 -9999.0 -9999.0 -9999.0 -9999.0 -9999.0 -9999.0 -9999.0 -9999.0 -9999.0 -9999.0 -9999.0 19.2742631052 38.3853922078 19.907388188 41.0514788781 258.286678939 288.143609247 320.29368434 30.6169027856 30.3571363362 59.0476138878 87.5786432403 140.812730299 167.479678748 181.97039366 206.922960976 22.6033736134 20.9277453943 332.5102072 340.81117468 348.876444503 356.82223615 288.953276205 23831.3651984 24028.5353707 24036.4353706 24082.8348805 24127.3974376 24160.5330629 11.2318334209 96.5594482059 8154.63005239 30.0776505529 15.3654787035 13.6772820367 11.2562812396 19.8938943941 19.3542485146 10.6810708373 13.3938689493 12.709940337
-9999.0 -9999.0 -9999.0 -9999.0 -9999.0 -9999.0 -9999.0 -9999.0 -9999.0 -9999.0 -9999.0 -9999.0 -9999.0 -9999.0 -9999.0 -9999.0 57.0295674364 78.6587570647 141.890503233 192.769538777 28.2088451101 380.879003876 411.060370359 441.275185011 29.2607175616 57.984429905 26.6720378347 194.067050925 207.878445621 229.944223697 253.64048261 311.457491149 318.325007088 4.72902537743 258.489431318 273.92945808 281.281880575 314.186405425 46.0473918638 30.7840039331 20.4483051122 19.4635292005 24193.4847303 24210.4599152 24371.2849439 8166.90880874 74.9893422655 33.4787810443 22.4575991132 7.52109425407 59.5353191862 30.8293302708 9.76368850052 50.7434054706 42.0824864907
-9999.0 -9999.0 -9999.0 -9999.0 -9999.0 -9999.0 -9999.0 -9999.0 -9999.0 -9999.0 -9999.0 -9999.0 -9999.0 -9999.0 -9999.0 -9999.0 21.4920049216 99.5597058589 121.902518599 30.0741906093 32.2038263847 64.0652612277 93.7809289994 565.002973272 29.1127607652 116.550659309 143.500814996 169.934415689 14.6478766944 35.5146864869 47.9376715464 209.511613453 232.713533323 238.773942928 7.33652638837 7.79901744337 9.72414351259 17.7313158519 7.89519130542 8.6671438207 18.0732798774 14.0955282148 16.0039832196 51.0286745292 24389.3294093 32602.6750757 95.6531489487 11.9151426455 8.94514231602 180.052370313 163.985347644 94.405504176 84.3057926719 62.936486732 12.9978049073
-9999.0 -9999.0 -9999.0 -9999.0 -9999.0 -9999.0 -9999.0 -9999.0 -9999.0 -9999.0 -9999.0 -9999.0 -9999.0 -9999.0 -9999.0 17.3467669529 58.8297238282 19.8470931392 33.359570643 34.176593131 66.6559865484 98.6169172083 126.948072325 714.074333304 742.59984241 29.0417197196 56.11041267 83.1896239697 101.783553567 122.957620567 185.986600181 201.879127427 14.7263169781 13.1032879846 11.4634865032 16.8980078754 18.5732827998 16.9404653346 15.4037976615 16.8610629665 66.9753795911 29.9181291601 14.7710588105 14.2620501392 15.7411749422 30.288324297 33127.955691 419.652630245 212.98790243 14.2802254067 6.01014968721 6.44158355832 23.5432207958 16.7959224129 8.72527734082
-9999.0 -9999.0 -9999.0 -9999.0 -9999.0 -9999.0 -9999.0 -9999.0 -9999.0 -9999.0 -9999.0 -9999.0 -9999.0 -9999.0 18.1068958076 35.2265442865 131.358782221 19.6542769034 62.6710291968 96.7113549595 129.601635886 32.7844109413 62.8687849198 89.1691985538 852.976868427 28.3164622837 54.7531156567 81.1400001904 24.3449997437 48.3016214704 63.1330350898 79.2453209095 1717.92135982 1747.64385672 1776.37526579 1904.40905773 1953.85871086 2058.14829831 38.7906709695 77.7939779145 86.0474836125 2420.38273683 2450.05244133 13.5646952265 26.5601664625 39.1532220417 33138.8547271 399.340084604 164.470536386 157.398961884 134.980900928 123.873975457 31.4050363646 7.34322673033 15.1580455836
-9999.0 -9999.0 -9999.0 -9999.0 -9999.0 -9999.0 -9999.0 -9999.0 -9999.0 -9999.0 -9999.0 -9999.0 -9999.0 -9999.0 18.3311961551 55.6061837856 205.193590341 301.765603624 17.8997720524 402.219526545 553.41080704 31.7550384929 61.65548376 89.2328592209 1106.01066779 1129.4717247 25.4383856792 132.274142977 156.132756461 176.254695933 1547.17200057 1593.85209851 1623.6472768 14.6458324596 87.6248149364 104.116567928 50.4015455841 72.9970197976 2164.01645765 2277.7020593 2298.3024601 2318.45899956 2480.66297986 15.0494879385 13.936753574 64.9538449279 33151.6416389 14.101574074 5.75410928488 16.6073120601 5.83360070226 112.049250827 96.1811974645 55.8705878934 40.9048278901
-9999.0 -9999.0 -9999.0 -9999.0 -9999.0 -9999.0 -9999.0 -9999.0 -9999.0 -9999.0 -9999.0 -9999.0 -9999.0 -9999.0 -9999.0 -9999.0 38.965250197 78.7558015325 359.6871293 380.727976647 571.962540671 593.658573302 30.7647726319 61.3945901291 145.71231985 1149.98052312 1201.14892672 1224.57667223 20.4080959903 1307.25160382 1354.85977547 30.734650568 14.768823223 29.3001611413 57.3921490461 13.9649220148 29.1023718203 68.2087468159 86.6329784047 16.3700233795 13.013227277 26.7181007274 2569.70110129 2599.7216611 2612.31599797 2704.9800906 33163.6278724 11.0144116025 5.28753539122 5.10540810542 5.13570979173 5.19606379068 4.90333404711 9.45509289439 5.17188084795
-9999.0 -9999.0 -9999.0 -9999.0 -9999.0 -9999.0 -9999.0 -9999.0 -9999.0 -9999.0 -9999.0 -9999.0 -9999.0 -9999.0 -9999.0 -9999.0 20.4110709539 20.0722060769 20.2522744107 43.3741264422 19.3888410338 631.863719549 651.794257721 28.7625695706 57.350675849 28.8717735336 25.587233177 25.3132818249 1269.73347037 15.8914650496 31.0283302421 16.7115775522 15.3534756589 14.1590634983 12.2994523701 12.578131383 37.8699091676 51.127914663 11.1450292436 10.3473846972 21.7869817718 34.8412486737 43.766796478 11.9016446754 2626.60364418 2717.46157613 33172.3020066 33.0784813965 15.9333369578 3.91215664518 8.6559402578 3.56891984245 3.044141382 12.6834428322 27.1222000403
-9999.0 -9999.0 -9999.0 -9999.0 -9999.0 -9999.0 -9999.0 -9999.0 -9999.0 -9999.0 -9999.0 -9999.0 -9999.0 -9999.0 -9999.0 -9999.0 -9999.0 -9999.0 19.8174306716 61.9835116647 79.1914979084 97.822585386 669.701994137 687.392413907 706.2662012 730.476110519 755.398230821 806.101094305 822.22484431 837.367531558 852.322955581 14.675403976 14.0610082385 14.203567806 51.9222604144 13.2879900451 12.8481099635 11.2573128496 33.1404257537 12.4462216798 10.5438749979 10.0301539377 8.84658662264 17.6674145201 25.9578332006 2771.93142507 35987.2348115 6.02715357103 14.9541764774 3.66791967872 13.1630865895 8.48786769074 6.11489167666 62.697280735 45.5951811022
-9999.0 -9999.0 -9999.0 -9999.0 -9999.0 -9999.0 -9999.0 -9999.0 -9999.0 -9999.0 -9999.0 -9999.0 -9999.0 -9999.0 -9999.0 -9999.0 -9999.0 -9999.0 -9999.0 17.0601895245 131.710609012 266.07450968 286.213066573 27.4449051278 55.6985700908 84.377840617 110.114503839 272.891631974 288.44473273 15.1401821695 14.7471567829 884.424565467 913.84538941 927.013674127 63.2195204273 10.7718832207 24.2972744211 35.8708043637 106.749149917 130.350108265 150.576526483 19.0839197052 27.1274120998 9.10766356909 18.6173252777 9.26877671554 36006.3716854 6.27397113762 26.4477898567 12.2621459872 32.9326985751 71.5835001355 81.0281783413 146.861513195 59.4793782388
-9999.0 -9999.0 -9999.0 -9999.0 -9999.0 -9999.0 -9999.0 -9999.0 -9999.0 -9999.0 -9999.0 -9999.0 -9999.0 -9999.0 -9999.0 -9999.0 -9999.0 -9999.0 18.5748315639 58.5606706716 114.986138759 150.694789134 395.203032158 418.877421751 58.4003329925 87.1095991644 112.821968412 138.634664202 304.37060704 335.189268097 588.912135336 608.455203328 623.466710796 940.628290009 1040.93108643 24.5243331753 14.3470299778 14.0507762186 27.3293373999 12.7551600914 174.953050578 184.62461204 36.8542054822 46.9939754037 12.1283898623 6695.93660936 6716.46920729 42736.5304122 42772.3337297 5.70639239594 44.7181867317 12.4114878857 10.6099526066 169.914727634 237.317857354
-9999.0 -9999.0 -9999.0 -9999.0 -9999.0 -9999.0 -9999.0 -9999.0 -9999.0 -9999.0 -9999.0 -9999.0 -9999.0 -9999.0 -9999.0 -9999.0 -9999.0 -9999.0 -9999.0 20.7010893961 20.131927782 38.5176854837 91.97241658 436.345119685 29.5947959739 29.3027163655 55.0071610902 80.6921532559 196.888235396 214.465851296 12.2001810951 12.5774696791 638.880784498 653.723911402 1709.14497902 1722.64829233 9.89833913714 9.06420144579 7.95525692736 8.01535720887 8.22641889508 6522.86505445 6576.18021963 6631.15584888 6651.33375474 6685.53793668 10.108707136 38.4140453407 50.5300632935 42842.4911519 42848.6938303 42854.0555015 42865.3419296 42873.0480484 252.032785985
-9999.0 -9999.0 -9999.0 -9999.0 -9999.0 -9999.0 -9999.0 -9999.0 -9999.0 -9999.0 -9999.0 -9999.0 -9999.0 -9999.0 -9999.0 -9999.0 -9999.0 -9999.0 -9999.0 -9999.0 18.829710486 19.5198245961 36.5269917463 507.80878157 528.270300103 29.0838305578 54.6489342364 80.5548290065 99.3145934208 17.0794567569 33.6680465353 1271.92042732 1286.91415991 1300.43690831 1396.18786608 3130.59000861 6171.63041861 6193.05259778 6213.00640553 6232.32159352 6305.897173 6328.78318088 44.9633148958 21.2042368932 11.9867276822 23.0529483028 19.0916917006 29.684756125 9.72877155722 202.020520191 226.843642141 245.168115639 252.980498014 42881.4544827 43146.4606657
-9999.0 -9999.0 -9999.0 -9999.0 -9999.0 -9999.0 -9999.0 -9999.0 -9999.0 -9999.0 -9999.0 -9999.0 -9999.0 -9999.0 -9999.0 -9999.0 -9999.0 -9999.0 -9999.0 -9999.0 -9999.0 19.1499172497 36.7914714893 54.4798609312 543.423852723 23.5198416084 755.293992481 781.833711908 799.807083981 817.46835861 1204.45595424 1221.81257525 14.9309378475 71.3483896275 85.7936586567 14.5252925401 3019.17743964 2992.48436115 9.71528804023 21.1419581557 55.9009038847 11.9332663178 12.5547410902 10.7273135007 9.74730473714 8.2079641085 9.24389213062 169.191990377 178.741912014 190.158204409 13.2311404397 9.18525939892 258.671712643 267.611911824 274.059688083
-9999.0 -9999.0 -9999.0 -9999.0 -9999.0 -9999.0 -9999.0 -9999.0 -9999.0 -9999.0 -9999.0 -9999.0 -9999.0 -9999.0 -9999.0 -9999.0 -9999.0 -9999.0 -9999.0 -9999.0 -9999.0 17.718056417 16.6780534881 86.1233296941 665.355681988 706.82690885 729.753251267 26.8740939746 346.675018484 362.81732711 370.486876093 15.9291438833 31.9798214506 47.0319038061 712.034928112 724.097256815 734.935750959 2971.95644254 1763.54034701 11.2587571861 11.710173332 11.4472130735 10.0149805402 98.2111814271 119.341840269 138.595464446 149.144058731 159.43052765 903.496235916 913.665125 922.875609157 943.420956107 1052.3071632 1059.58287233 1341.83508722
-9999.0 -9999.0 -9999.0 -9999.0 -9999.0 -9999.0 -9999.0 -9999.0 -9999.0 -9999.0 -9999.0 -9999.0 -9999.0 -9999.0 -9999.0 -9999.0 -9999.0 -9999.0 -9999.0 -9999.0 -9999.0 -9999.0 34.6983376404 52.816433288 20.125243117 29.4796201793 249.395336949 277.115474809 299.352838301 146.989475283 162.358999578 178.718992224 193.839905115 686.169056811 700.315605769 437.960464658 1185.39876413 1197.46838573 1753.43373453 23.6392350452 11.9441066766 9.66087449638 66.7820912694 78.2816053014 8.58311591723 8.1780712152 866.422188495 885.701506536 895.480303986 10.086189526 14.5516436632 1030.05614267 12.1220325112 54.438287531 61.2823144097
-9999.0 -9999.0 -9999.0 -9999.0 -9999.0 -9999.0 -9999.0 -9999.0 -9999.0 -9999.0 -9999.0 -9999.0 -9999.0 -9999.0 -9999.0 -9999.0 -9999.0 -9999.0 -9999.0 -9999.0 -9999.0 -9999.0 17.3692528672 34.433657973 146.886144595 167.641930942 193.02671241 107.310633644 131.136913653 16.0636807379 448.283087577 463.17518639 477.83255666 14.5225426637 410.777067398 425.105633162 12.2750200365 1693.11879889 24.9958149342 12.4647999061 35.0878192669 47.0578561019 10.2067622462 8.94008985952 774.602856387 848.490295958 859.345032487 11.0079200633 27.0041593347 34.4521847608 43.2768290646 80.1343351056 20.1497246218 44.4187871654 9.46760341853
-9999.0 -9999.0 -9999.0 -9999.0 -9999.0 -9999.0 -9999.0 -9999.0 -9999.0 -9999.0 -9999.0 -9999.0 -9999.0 -9999.0 -9999.0 -9999.0 -9999.0 -9999.0 -9999.0 -9999.0 -9999.0 -9999.0 17.2677671001 54.4788375041 95.1522480985 24.2381975002 52.5441110337 80.8075782051 382.773787663 401.886182894 417.413902339 15.0646212145 326.101681167 368.900180884 383.284793212 12.4456415465 1642.02157695 1668.92672014 13.0055554707 12.4565340231 24.7886198272 11.0033383432 716.5499172 737.126175705 748.690515836 44.8719160806 56.1254377645 10.294235959 19.0990048574 8.86009717229 62.2174702705 9.09564234833 11.1541361537 12.1319260762 12.5214330493
-9999.0 -9999.0 -9999.0 -9999.0 -9999.0 -9999.0 -9999.0 -9999.0 -9999.0 -9999.0 -9999.0 -9999.0 -9999.0 -9999.0 -9999.0 -9999.0 -9999.0 -9999.0 -9999.0 -9999.0 -9999.0 -9999.0 -9999.0 19.3275305565 21.2768578904 27.6368033463 248.768912556 276.438446633 357.308241 21.7368716669 264.131641634 297.051269126 14.7727826444 29.4021825974 12.5102881819 1603.7933449 13.3122807805 39.6476725542 50.9334403477 63.801238047 645.97459083 684.300910724 696.4095848 12.0592335504 23.2293232239 33.7113814435 7.84740687342 7.32175203988 1734.03877601 1741.54065735 1748.05620568 1805.37228783 1813.42110661 1825.64397068 1836.06219753
