data/baseflow/mHMbf_acc530.asc
ncols                  80
nrows                 72
xllcorner      4374000.0
yllcorner      5656000.0
cellsize            500
NODATA_value       -9999
[rows 25 to 49 of 72, columns 0 to 54 of 80]
-9999.0 -9999.0 -9999.0 -9999.0 -9999.0 -9999.0 -9999.0 -9999.0 -9999.0 -9999.0 -9999.0 -9999.0 39.7704819596 78.8375148666 37.5644796874 75.8218226265 37.3959846961 267.246416004 341.260757986 378.2498313 35.6878381026 68.967228189 627.016647984 788.31399731 819.23226003 70.2238341962 72.761808193 106.947333397 27.4223507461 26.8519863998 51.7278165937 22.8712313092 954.313917098 977.934622838 1005.15640826 8266.42793049 16457.2368994 16295.1321617 44.383626526 18.2319984363 16.9057120629 67.8249810043 48.6415705291 108.029480192 143.80174385 288.459237687 26.6386966367 26.6920801047 245.999780991 271.099066259 527.866310226 546.433969388 591.983211075 612.446966261 17.9222521479
-9999.0 -9999.0 -9999.0 -9999.0 -9999.0 -9999.0 -9999.0 -9999.0 -9999.0 -9999.0 -9999.0 -9999.0 -9999.0 39.1232980311 77.7505037284 115.904174491 191.3545187 39.0577409343 37.6480715909 236.657151504 272.345745348 562.767432202 596.684600094 98.187771861 36.1393888826 35.8813591931 35.3314712489 800.628648041 829.663541731 857.808133363 883.282385017 930.916380331 221.300200315 245.138211702 1278.94491798 26011.4073747 138.758875802 119.188292083 62.3009597018 15.3516900188 14.7629675912 101.354958862 114.78562757 141.917230168 17.5814701936 309.112152969 48.6145045207 48.2924921921 16.1272500765 11.8195268858 9.54721068532 7.91097185949 8.86514023306 621.030062543 8001.52114354
-9999.0 -9999.0 -9999.0 -9999.0 -9999.0 -9999.0 -9999.0 -9999.0 -9999.0 -9999.0 -9999.0 -9999.0 -9999.0 -9999.0 39.0137819772 69.3112495393 96.119139312 123.893110107 161.43479297 199.372523815 113.027492199 186.005116718 34.5412165593 34.6479665599 630.101656374 699.36631253 732.82622575 768.177246136 31.5777554097 60.5527872723 147.691756842 175.4633992 199.413277178 24.943710877 18.1244290151 26062.5287326 19.9600819876 32.8596608319 18.0149563927 58.9182249051 27.7671702631 15.7315433125 270.438805565 280.319443806 9.93442194519 319.07347431 381.7221507 64.6615766557 8356.38511392 8329.21596398 8306.79950441 8269.53680372 8254.49388177 8043.2334311 8033.49057643
-9999.0 -9999.0 -9999.0 -9999.0 -9999.0 -9999.0 -9999.0 -9999.0 -9999.0 -9999.0 -9999.0 -9999.0 -9999.0 -9999.0 5.87185914053 13.8367067796 26.3625763681 214.172898277 253.308160396 38.8126936604 38.0387292341 36.9793271272 490.312011983 561.036564193 34.6746042283 35.4335441477 33.3821445604 133.367736328 166.171790461 94.4220687001 119.101744655 737.008460666 765.018580667 811.783457688 1315.07875123 27387.3082972 19.5344678223 15.6213820526 87.181164595 73.0397575526 10.4779247218 37.3961253071 48.1027273639 291.80266989 301.292922763 708.081558591 387.658907394 72.16164071 8552.94032854 84.2008913531 8287.68355975 8278.89338403 197.016488198 6.0432310714 25.1220816764
-9999.0 -9999.0 -9999.0 -9999.0 -9999.0 -9999.0 -9999.0 -9999.0 -9999.0 -9999.0 -9999.0 -9999.0 -9999.0 -9999.0 29.1893776593 47.9274867766 104.963685317 180.04312912 276.33463407 344.56903725 381.948580946 419.273155696 455.227592667 35.4498687828 35.0037904826 69.5501939502 66.9090221483 33.4344410806 629.786263066 662.322025258 693.310671944 722.679078988 434.552976731 463.319400702 486.751473562 27395.5360984 31.0860935237 43.3505995521 138.666422056 13.0106856088 19.729627701 9.49966282234 10.2120239692 57.2370015869 8.359990577 8.79740490501 9304.45172806 8589.37712011 8581.00155018 30.9790188987 73.0613175403 48.8534913802 12.896713011 184.725235602 57.0814779601
-9999.0 -9999.0 -9999.0 -9999.0 -9999.0 -9999.0 -9999.0 -9999.0 -9999.0 -9999.0 -9999.0 -9999.0 -9999.0 -9999.0 20.3099316042 18.5070260369 36.0305879735 55.8141836166 34.8008600583 38.3118877932 76.0913982833 114.338666274 187.173403596 223.329957398 258.784419641 364.051262736 397.651244119 431.448508315 32.7955510811 323.700651744 353.842160297 382.028798921 25.3484412963 16.0615530008 26.9640684586 27897.8227124 27905.7618397 27954.8510037 172.198458685 24.9929152043 39.1760571041 12.4637437704 18.346494003 65.3264452213 81.038394742 16.1653485379 9341.4266391 10.8419426998 17.3526199787 19.4553804532 13.5840173818 25.8673139299 10.7675376629 112.885498412 90.8561268466
-9999.0 -9999.0 -9999.0 -9999.0 -9999.0 -9999.0 -9999.0 -9999.0 -9999.0 -9999.0 -9999.0 -9999.0 -9999.0 -9999.0 -9999.0 17.3985685938 34.7335911027 18.223660831 38.6110760749 243.352002201 277.39479872 316.158397594 36.4369547198 36.4498316345 72.0246799393 107.340284611 174.536620216 207.89577705 226.382803664 258.444242956 29.7546494596 28.6476165691 432.575589629 447.119679636 457.330774534 466.83022107 375.06651672 28368.1293354 28601.2982217 28610.4536553 28658.1826968 28705.3552329 28733.7434181 9.12958634163 88.6823512757 9349.86486252 22.2426341556 11.3439821972 9.2814692814 7.75084674685 14.0965300043 14.9296466891 8.11041994002 10.8657752307 10.8199932003
-9999.0 -9999.0 -9999.0 -9999.0 -9999.0 -9999.0 -9999.0 -9999.0 -9999.0 -9999.0 -9999.0 -9999.0 -9999.0 -9999.0 -9999.0 -9999.0 51.6830183883 71.7743269716 130.426230651 180.612393147 28.8562477667 383.089349867 419.250293954 456.196035349 36.2989861312 72.0834779567 33.8491397172 242.183010388 260.034329193 288.348944364 319.588589879 397.617276979 408.905893277 7.24660536283 339.656919021 358.073712301 366.192422251 404.999456283 52.6662874566 34.9349207025 23.2082891315 21.2896344188 28764.7719916 28779.2441982 28925.7880106 9358.68400895 54.7307960829 24.3531674528 16.0917064243 5.90117818646 44.7485107977 23.8390299214 7.55790941618 40.3489798277 33.5926793449
-9999.0 -9999.0 -9999.0 -9999.0 -9999.0 -9999.0 -9999.0 -9999.0 -9999.0 -9999.0 -9999.0 -9999.0 -9999.0 -9999.0 -9999.0 -9999.0 19.7366471106 90.9076492956 111.609713993 31.0584893613 38.3403870589 75.7149465711 111.278787393 603.8236338 36.0820951758 144.43362037 178.431950929 211.790449375 19.042195256 46.1116632925 63.7180042092 272.850058111 307.364700793 314.498771975 8.81988564316 9.67603274687 12.0263587692 21.6989482066 9.74690135266 10.7376349292 21.5064263248 15.7893365143 19.3312619388 48.3949194496 28938.7015399 38330.7811544 69.3543615829 12.3729080119 6.21849449201 138.555872761 126.020609904 73.7639463396 66.2974585279 50.0276440489 10.577267448
-9999.0 -9999.0 -9999.0 -9999.0 -9999.0 -9999.0 -9999.0 -9999.0 -9999.0 -9999.0 -9999.0 -9999.0 -9999.0 -9999.0 -9999.0 15.6973402143 53.9185471492 18.2276027064 37.4433917748 40.0848277314 78.4516038015 115.817285039 148.309192458 774.730851445 810.087677563 35.9039451623 69.8560723882 103.77059314 127.951608192 156.150686183 244.570086206 263.283158942 24.3799310279 18.129964347 16.0619147542 16.338027228 21.4647573744 20.0018139972 19.1184251062 20.8975579536 71.2100160435 29.4964559141 10.6340701693 10.216558201 11.4429546482 22.2266629226 38763.2215218 354.077041356 162.745163522 8.86502879889 3.67251602469 4.34809750604 17.0814384097 12.5388687456 6.71380271644
-9999.0 -9999.0 -9999.0 -9999.0 -9999.0 -9999.0 -9999.0 -9999.0 -9999.0 -9999.0 -9999.0 -9999.0 -9999.0 -9999.0 16.2625828112 31.8539627819 119.695750523 17.8488273733 68.2088583724 108.414313132 147.803750078 38.8196986553 75.2419234499 103.99102059 936.20353104 35.245961799 68.6410700016 101.946276877 31.4639563646 62.6698421461 87.1642594899 107.272171481 2031.82079424 2070.15810772 2108.51775956 2259.64008284 2313.97124457 2425.11883863 46.7995793377 94.9209238644 95.0243900063 2801.37631812 2823.89038394 9.84313710883 19.7291160345 29.2840067469 38769.7284441 332.424290641 159.373339477 155.372185126 114.769149946 98.3884088272 22.7570350097 5.09242427616 11.301128614
-9999.0 -9999.0 -9999.0 -9999.0 -9999.0 -9999.0 -9999.0 -9999.0 -9999.0 -9999.0 -9999.0 -9999.0 -9999.0 -9999.0 16.4098801532 49.9868135375 186.22524702 273.040678682 16.078135774 365.28954536 534.494601177 37.8279112332 73.9677742459 105.127709013 1233.14586567 1259.17459311 32.2737616417 166.69371087 197.486534017 224.374148433 1797.67221389 1866.80962291 1901.99628614 17.2193274851 102.002186985 122.70127821 51.4820002922 74.4089480315 2529.34266743 2656.90865093 2675.33672645 2693.03270726 2848.09093846 11.9255918762 10.4859284527 48.5886227735 38777.4180722 6.23789720043 12.5420154694 37.0824673674 13.1544677872 90.7376157438 67.1113140058 38.6454290721 28.827685878
-9999.0 -9999.0 -9999.0 -9999.0 -9999.0 -9999.0 -9999.0 -9999.0 -9999.0 -9999.0 -9999.0 -9999.0 -9999.0 -9999.0 -9999.0 -9999.0 35.2460223898 71.0272641367 325.37227544 344.752374219 551.387230026 572.682082459 36.8408709463 73.4903753789 174.082129562 1279.27443515 1341.971135 1371.24714068 24.5956796509 1475.4863465 1548.96244865 44.533402435 16.7596931335 33.8449723712 64.9762445778 15.1962372633 30.6977484638 69.9311334205 87.2817948667 15.3571192271 11.3174624638 22.9691492641 2930.1082066 2962.49244713 2972.06567845 3041.44977031 38784.8004058 3.97433642099 10.4824021278 11.2651969977 11.0433082835 11.2039321921 9.96880461178 19.1688488256 3.27904721903
-9999.0 -9999.0 -9999.0 -9999.0 -9999.0 -9999.0 -9999.0 -9999.0 -9999.0 -9999.0 -9999.0 -9999.0 -9999.0 -9999.0 -9999.0 -9999.0 18.422863708 18.0622718043 18.3536685447 40.5676738279 17.86657871 607.824374368 627.421646825 33.7956165635 68.4239562444 35.831213524 31.4077096075 30.9840963243 1428.67649805 25.3223041272 49.9724102492 22.4883002294 18.1957607524 15.9750116579 13.0897962722 13.407981319 39.8337908886 53.8361364682 10.9053666925 9.76075732128 20.2327818183 32.3470351325 41.8594980349 14.1152412632 2983.07559778 3050.8601104 38790.0603975 35.8832251055 28.3872893065 8.3604888641 18.2907359879 7.33588454902 5.86264372444 25.3488545732 17.6232926181
-9999.0 -9999.0 -9999.0 -9999.0 -9999.0 -9999.0 -9999.0 -9999.0 -9999.0 -9999.0 -9999.0 -9999.0 -9999.0 -9999.0 -9999.0 -9999.0 -9999.0 -9999.0 17.8740803339 57.2416115059 72.5193202074 89.5544515973 643.877424647 660.522915138 678.933831168 705.034447844 735.690759252 797.790201842 822.423926088 847.199447991 868.284423958 17.9026940787 16.7659628243 16.6408023832 56.9178333755 14.2848893038 13.4598062231 11.6536478418 33.290515556 11.7832573702 9.64875594919 9.18173546777 7.84749699764 15.6726856248 22.6474688596 3096.9954822 41929.1435008 3.47797454757 8.91632542157 7.9319713357 26.0918466 15.7556289593 11.7755543577 57.9908510502 29.7211587788
-9999.0 -9999.0 -9999.0 -9999.0 -9999.0 -9999.0 -9999.0 -9999.0 -9999.0 -9999.0 -9999.0 -9999.0 -9999.0 -9999.0 -9999.0 -9999.0 -9999.0 -9999.0 -9999.0 14.9677540223 117.837576389 240.037744657 258.736388661 28.9335295911 62.1397335335 96.7925372007 129.364251841 329.026063993 348.286928469 18.5962558514 17.7345237881 907.769068617 941.957625795 957.073104355 68.6618118584 10.5129766091 23.767177252 35.0500372974 104.511745083 126.805941464 145.148971624 17.3230046628 24.4493863208 8.00564384391 15.6350482139 7.83188081754 41944.0722929 3.68183352291 15.5752971764 13.0395936643 43.9786300091 78.6686661584 92.5008784544 152.40902012 41.0219951744
-9999.0 -9999.0 -9999.0 -9999.0 -9999.0 -9999.0 -9999.0 -9999.0 -9999.0 -9999.0 -9999.0 -9999.0 -9999.0 -9999.0 -9999.0 -9999.0 -9999.0 -9999.0 16.6164932839 52.6579583455 103.158815031 134.89604904 355.905788283 379.87770194 70.0503047591 104.61298818 136.70587378 169.518286826 370.40390628 409.119314806 734.371578563 759.7852596 779.137418762 971.635048272 1076.04059184 23.8144425184 14.1753784602 13.6879228601 26.0621133241 11.7497834924 167.35043961 176.032912704 32.5007169914 42.9980068687 13.5039711916 7480.70965752 7498.41802887 49451.6640979 49472.0924384 3.21719506915 50.492121444 8.3093777132 7.98480821263 170.172897983 215.795941636
-9999.0 -9999.0 -9999.0 -9999.0 -9999.0 -9999.0 -9999.0 -9999.0 -9999.0 -9999.0 -9999.0 -9999.0 -9999.0 -9999.0 -9999.0 -9999.0 -9999.0 -9999.0 -9999.0 18.7059066486 18.2257810443 34.6185259036 82.0850640662 395.925946935 35.3273610169 35.0062112814 66.8127255417 98.8477906121 249.021499561 274.368599971 17.3991538933 16.2619004341 797.677803458 811.673529742 1902.9653423 1918.34059616 9.11240586412 8.43477317312 7.29035971803 7.33668564022 7.51962342652 7318.33342005 7366.80709793 7418.1354403 7440.29805812 7470.07026276 8.39251597731 32.0292486486 40.5235993807 49525.9877034 49529.3190603 49532.4319062 49541.038101 49548.4092363 229.574369598
-9999.0 -9999.0 -9999.0 -9999.0 -9999.0 -9999.0 -9999.0 -9999.0 -9999.0 -9999.0 -9999.0 -9999.0 -9999.0 -9999.0 -9999.0 -9999.0 -9999.0 -9999.0 -9999.0 -9999.0 16.8381651952 17.5677561752 32.5645633458 459.509512001 479.667601013 34.84813997 66.5697001197 98.7548991496 125.07808408 24.7222255004 46.8467525962 1300.67506887 1316.64094729 1332.2878489 1442.52723679 3374.84000817 6984.44530701 7004.72978806 7023.11328102 7041.01303148 7111.86028656 7133.84155754 40.9362951143 18.8512406894 10.5006457798 20.0872407057 16.068585796 24.8868578586 7.65835405947 184.970500839 203.402445873 216.283613916 221.420481939 49553.421246 49794.9049061
-9999.0 -9999.0 -9999.0 -9999.0 -9999.0 -9999.0 -9999.0 -9999.0 -9999.0 -9999.0 -9999.0 -9999.0 -9999.0 -9999.0 -9999.0 -9999.0 -9999.0 -9999.0 -9999.0 -9999.0 -9999.0 17.0641512799 32.6710565775 48.362198923 493.371361426 25.6451770161 699.84425801 732.519798907 758.475088917 781.869112214 1209.97733515 1232.50471789 15.6838297702 80.4213125643 97.7450793948 14.6879064934 3589.32595302 3562.53953002 9.4468265182 20.4861437005 54.4096132995 11.7265565174 12.155355864 9.67464670826 8.60582170831 7.2841022881 7.89965422308 159.826156049 167.615182063 176.514856881 11.7483499128 8.07245688727 224.913199631 230.368580348 234.501775125
-9999.0 -9999.0 -9999.0 -9999.0 -9999.0 -9999.0 -9999.0 -9999.0 -9999.0 -9999.0 -9999.0 -9999.0 -9999.0 -9999.0 -9999.0 -9999.0 -9999.0 -9999.0 -9999.0 -9999.0 -9999.0 15.6037226645 14.5873958399 75.5418476046 601.709858185 643.898932276 668.378852773 33.395390918 370.379218678 394.546359054 405.481605266 20.7908012174 38.5253712447 53.5920075606 867.955856933 880.13518446 890.821993188 3542.53919556 2067.3607567 10.8413601356 11.4298108049 11.1629162826 9.65935098144 97.8173036512 116.547268231 133.626457731 142.674425629 151.485197952 1039.36508314 1046.46929764 1056.30135341 1076.34117763 1171.27757237 1176.16893928 1415.66624077
-9999.0 -9999.0 -9999.0 -9999.0 -9999.0 -9999.0 -9999.0 -9999.0 -9999.0 -9999.0 -9999.0 -9999.0 -9999.0 -9999.0 -9999.0 -9999.0 -9999.0 -9999.0 -9999.0 -9999.0 -9999.0 -9999.0 30.3843276236 46.3900829239 18.8197853453 35.1194779382 247.279091173 281.761110976 308.733341078 178.844912848 203.424851813 227.724267024 244.739453567 841.842455314 856.702004029 549.083451834 1452.5104005 1464.56285541 2057.69220223 23.6361019508 12.0139259432 9.68564499823 67.513385413 78.9104175799 7.82829662051 7.36068517381 1008.44017558 1024.986495 1032.88542027 8.4670138031 13.4432899642 1152.1129502 8.93048175966 35.1361663385 39.4711046508
-9999.0 -9999.0 -9999.0 -9999.0 -9999.0 -9999.0 -9999.0 -9999.0 -9999.0 -9999.0 -9999.0 -9999.0 -9999.0 -9999.0 -9999.0 -9999.0 -9999.0 -9999.0 -9999.0 -9999.0 -9999.0 -9999.0 15.1586263148 30.0338315164 131.33892488 151.274532073 179.684599263 126.217794499 154.188810402 24.548990058 539.087089453 561.51141164 582.02730228 16.5903196114 520.737751219 535.918309619 12.361693874 1997.16178788 25.3547664502 12.624620115 35.8286073211 47.8695785115 10.0999631001 8.90427876617 923.018373375 993.051518656 1002.34061053 9.60043964128 23.0930196856 29.3291824212 36.7933150563 68.5117005002 13.1353043169 28.68378714 5.68256882087
-9999.0 -9999.0 -9999.0 -9999.0 -9999.0 -9999.0 -9999.0 -9999.0 -9999.0 -9999.0 -9999.0 -9999.0 -9999.0 -9999.0 -9999.0 -9999.0 -9999.0 -9999.0 -9999.0 -9999.0 -9999.0 -9999.0 14.9257560524 47.7526244476 85.5150955008 24.7713321682 59.0638057151 93.6779731375 442.306759319 469.188608546 492.272583575 22.3614347082 411.334744419 473.516153341 490.826583124 15.5170119613 1944.64851259 1972.90432156 13.620928112 12.909646343 25.5329580026 11.1622505291 866.424879205 886.863845799 898.256817912 44.203663636 54.2497225606 9.13292264436 16.4935598434 7.40652113417 52.2121142517 7.1860356271 7.25486873392 7.85763397037 7.48631636147
-9999.0 -9999.0 -9999.0 -9999.0 -9999.0 -9999.0 -9999.0 -9999.0 -9999.0 -9999.0 -9999.0 -9999.0 -9999.0 -9999.0 -9999.0 -9999.0 -9999.0 -9999.0 -9999.0 -9999.0 -9999.0 -9999.0 -9999.0 17.1897564662 19.9399394158 30.1808469083 280.835978921 314.733881887 412.327508319 28.0793729009 319.915010674 368.385567496 21.8704885911 43.2472619109 17.4954430525 1898.65779611 17.110150736 45.9272505202 57.8067474128 70.3171029384 792.44406172 834.051274847 846.104391914 12.0963363829 23.0971019179 33.4087187038 7.21432517782 6.60271874977 2050.04387062 2056.3435462 2061.54697006 2109.01858296 2114.92527844 2123.01536521 2129.28644479
