data/baseflow/mHMbf_acc439.asc
ncols                  80
nrows                 72
xllcorner      4374000.0
yllcorner      5656000.0
cellsize            500
NODATA_value       -9999
[rows 24 to 47 of 72, columns 0 to 54 of 80]
-9999.0 -9999.0 -9999.0 -9999.0 -9999.0 -9999.0 -9999.0 -9999.0 -9999.0 -9999.0 -9999.0 -9999.0 11.4749617099 30.0537657594 38.8012841911 66.5121891925 7.37661005995 14.9848184526 21.7932269972 85.8724503252 90.173738152 92.1283694205 95.8466508421 100.629550756 159.265135268 171.346646277 176.357193985 1.40129175138 9.57408435351 10.7799455971 304.937908005 308.550376415 310.396334661 312.333674963 313.85005882 1318.90482851 1.22912428122 2910.15496833 1.36266864439 0.530402085022 19.3884022118 17.8526984574 1.85986567168 9.84860307127 14.8724432221 14.6506383351 9.5230091398 15.6512919822 24.8352068963 9.38239316887 23.6223296449 1.5819313201 2.26060487072 0.174576500711 0.12537043185
-9999.0 -9999.0 -9999.0 -9999.0 -9999.0 -9999.0 -9999.0 -9999.0 -9999.0 -9999.0 -9999.0 -9999.0 10.2656338875 20.1786243273 8.87953826093 18.9865514445 7.58785711963 58.6611320409 72.088999199 79.6213295935 5.96429966843 10.8107329509 127.393377006 152.273160889 155.787746119 8.62836382531 6.11812375362 7.87412805286 0.879335638449 0.704189051847 1.28797849552 0.790786313914 235.716260208 236.872747539 237.365078405 1321.94217122 2918.94096491 2910.59288255 0.703245901938 0.412222675096 0.379605711592 2.6722432508 2.38778879672 10.8369535748 16.8929998933 34.4795996657 2.98132879404 2.95231823306 26.930067273 29.0773452264 56.7592805902 57.6483632106 60.0978724094 60.419655344 0.231103628251
-9999.0 -9999.0 -9999.0 -9999.0 -9999.0 -9999.0 -9999.0 -9999.0 -9999.0 -9999.0 -9999.0 -9999.0 -9999.0 8.88213949294 17.8742051201 27.0958733698 43.1315162727 8.36262783236 7.03412308172 61.8481418902 67.6791811088 118.692684181 124.751434351 16.8309512719 4.85521469738 3.99546343269 3.11787422183 230.311306518 231.734892761 232.686720459 233.315807413 234.768901983 15.4674512718 16.4381761808 254.34993949 4497.21078625 5.45618359641 3.32086920488 1.35632667557 0.439454382512 0.302318120246 3.35353244673 3.5392375221 11.3797566381 0.288305990966 34.9867669615 4.16704250777 4.02657733405 0.323508505882 0.175461133104 0.144778432836 0.287222583272 0.147885079595 60.6257200669 744.739382672
-9999.0 -9999.0 -9999.0 -9999.0 -9999.0 -9999.0 -9999.0 -9999.0 -9999.0 -9999.0 -9999.0 -9999.0 -9999.0 -9999.0 8.47580699744 19.3697893041 29.8999351108 40.5384607199 47.7728780361 55.3400584954 20.5648090999 33.9414877479 5.81050775485 5.57418577318 208.112272749 218.617375562 222.98705896 227.587695371 2.53058899492 4.05644903584 11.9495469193 12.8008633833 13.9154116387 1.33198400802 1.05003182791 4503.30560244 2.18374351085 1.47335875958 0.650306368999 2.37071155066 1.16309119566 0.515990436243 15.4132065203 16.1070579715 0.326139299015 35.4296462037 39.7051482451 4.12901977866 756.981332818 756.509355689 756.116326785 755.095536919 754.502167498 747.079762069 746.500534228
-9999.0 -9999.0 -9999.0 -9999.0 -9999.0 -9999.0 -9999.0 -9999.0 -9999.0 -9999.0 -9999.0 -9999.0 -9999.0 -9999.0 3.84519003451 7.978252334 10.5085652207 122.391113004 129.688895042 7.51176397405 6.83310678892 6.64358119203 185.586668992 197.452219441 5.45108688043 5.94217117002 4.09759152741 16.8279811155 20.7971588142 8.00702382885 9.95755027004 102.895958973 105.04900528 110.13576126 163.513445276 4669.14327671 2.18372170441 0.494727407856 3.87299346289 3.16035702177 0.632533983095 1.81549116815 2.43193363787 16.7271013388 17.244548642 57.9809376466 40.0424153457 4.49925032243 767.537363158 3.75383235442 755.747315091 755.445609099 6.90517462535 1.18677390477 0.505579019334
-9999.0 -9999.0 -9999.0 -9999.0 -9999.0 -9999.0 -9999.0 -9999.0 -9999.0 -9999.0 -9999.0 -9999.0 -9999.0 -9999.0 19.3475178532 32.0151989905 62.3280895613 112.381322294 140.866486557 159.441142003 166.801069053 173.837895401 180.271228928 5.67795229146 4.68750631679 9.12882320262 8.44692687811 4.43274374361 91.224919691 95.0482826643 98.4981707445 101.742421798 47.9529048436 48.8391052813 51.7694799044 4671.1650544 4.50072159228 1.24474771712 5.84560975028 0.806456768361 1.60327135851 0.950258073662 0.567039289047 3.16639167189 0.401137833653 0.412168464239 828.124375651 769.793075248 769.324565095 1.89682845267 3.58056267904 2.12201470251 0.329496878162 4.96720018316 0.987145422127
-9999.0 -9999.0 -9999.0 -9999.0 -9999.0 -9999.0 -9999.0 -9999.0 -9999.0 -9999.0 -9999.0 -9999.0 -9999.0 -9999.0 13.2758485091 13.1815502012 26.2651724074 38.5312767275 8.7973275464 7.99304362996 14.8550494324 21.4591225912 33.1005671915 39.1652762827 44.1308856564 58.3148887124 62.2865370185 66.8589682184 3.64628091905 40.9231946865 43.6218531215 45.3759323397 0.91770858347 0.254781630235 0.680600051197 4723.57695385 4725.46854236 4732.65912405 8.54818335192 1.81596296326 2.0812808287 0.391464726398 1.00082960125 3.66490051544 4.4358360111 0.727382648205 830.079751412 0.683007115562 0.989986952318 1.09097336824 0.86815601489 1.43507178293 0.571678147724 3.80551512233 2.54958522677
-9999.0 -9999.0 -9999.0 -9999.0 -9999.0 -9999.0 -9999.0 -9999.0 -9999.0 -9999.0 -9999.0 -9999.0 -9999.0 -9999.0 -9999.0 13.0713156033 25.254830202 10.8731975345 21.6072024789 136.42401171 143.957315751 150.256906036 5.79867659685 5.87034113888 11.0928034758 15.9879359157 23.7166178857 27.830987613 30.3426471947 33.6651541329 2.62786254499 1.8437084327 46.815781156 47.1779617314 48.2230007702 49.7094488428 45.5287491844 4784.50907242 4801.29226419 4802.35857585 4805.40230285 4808.66747105 4810.14158656 0.33434739215 4.79600215461 830.413478426 0.677449578542 0.347888309301 0.567031545589 0.627759779904 1.0445264496 0.76733734897 0.454161186526 0.786349231059 0.588818865152
-9999.0 -9999.0 -9999.0 -9999.0 -9999.0 -9999.0 -9999.0 -9999.0 -9999.0 -9999.0 -9999.0 -9999.0 -9999.0 -9999.0 -9999.0 -9999.0 37.3671542858 48.5095307451 82.3897998039 104.895244305 10.5726328033 168.76350179 174.476986957 179.834298681 5.14486164024 9.89103192284 3.85628166963 31.8318539954 34.1038496265 37.1906078324 39.7317711489 45.6717509557 46.3326313363 0.465383503081 38.9844147673 42.1449018323 44.055777837 49.9438599194 6.5287305997 3.6833204113 1.67175105413 1.66090769591 4811.51172593 4812.06409043 4819.75944607 830.720020269 2.16038768084 1.23317050403 0.877214276654 0.246417401507 2.63701039645 1.27278482378 0.382423062274 2.13633637118 1.81902796598
-9999.0 -9999.0 -9999.0 -9999.0 -9999.0 -9999.0 -9999.0 -9999.0 -9999.0 -9999.0 -9999.0 -9999.0 -9999.0 -9999.0 -9999.0 -9999.0 12.0221151034 60.2630728409 71.9533427699 10.9933251682 6.74406974472 13.6302456581 19.9356277536 205.954513587 5.08828863375 20.3783350414 24.5847575795 28.5597404965 2.3282658327 5.16808000317 6.21462126703 30.8262281148 33.6436040595 35.3441784052 1.64281887338 1.32034005486 1.29277799706 2.43585417057 0.922551105236 0.951865804478 1.05747750867 1.22209345845 1.1428575111 2.45674206428 4820.40753753 5652.47231961 2.54353031059 0.792583086124 0.256515200691 7.82192809476 7.27830337537 4.20632680611 3.74665484665 2.72891056545 0.72836865758
-9999.0 -9999.0 -9999.0 -9999.0 -9999.0 -9999.0 -9999.0 -9999.0 -9999.0 -9999.0 -9999.0 -9999.0 -9999.0 -9999.0 -9999.0 11.5475665298 34.0193343298 10.755146096 9.61307267296 8.05465212144 14.8743328086 21.4554836343 28.1707740102 242.545504236 247.378423701 5.0088791771 9.28132860412 13.7005083002 16.5653655385 19.0920033112 25.94078932 29.2043932578 0.681235429908 1.14859240092 1.1053737467 0.939070679182 1.04822691861 1.3226703876 1.12922077451 1.76591654296 3.89364646286 1.91182960545 0.618781157574 0.60632210621 0.422871772186 0.766923803364 5679.41207688 23.2878799892 9.89592475934 1.40879506626 0.722154985118 0.388686515289 1.13748189268 0.699987274471 0.323957702736
-9999.0 -9999.0 -9999.0 -9999.0 -9999.0 -9999.0 -9999.0 -9999.0 -9999.0 -9999.0 -9999.0 -9999.0 -9999.0 -9999.0 12.617644283 23.4621895723 79.3810149003 10.2265211398 19.8334715394 27.5146180299 34.2864324968 7.20075753589 13.0329567859 21.072492522 275.807437968 4.63819299933 8.53070040857 12.3432463421 3.4080126712 6.57120535218 7.10607326613 9.56073571935 403.747800297 405.891127292 407.735321845 415.520107107 418.884464175 425.106240078 1.41734741318 3.60305450145 4.39813515775 441.634660223 442.651745952 0.544022011845 0.820542521785 1.09171172064 5680.14699098 21.7569699362 9.92552519332 8.94202204031 7.83587972488 6.97644868694 1.50337777924 0.410624163232 0.654385340478
-9999.0 -9999.0 -9999.0 -9999.0 -9999.0 -9999.0 -9999.0 -9999.0 -9999.0 -9999.0 -9999.0 -9999.0 -9999.0 -9999.0 12.6911082868 38.2288832573 129.823773183 192.919243807 8.97725666323 246.994087161 290.371789279 6.54377040868 12.2707306751 19.7283738945 332.614784473 338.671029281 3.03951755471 18.3228493275 20.9355223565 23.1039253576 388.701126327 391.257998929 393.490220305 1.08206649012 6.05438547564 6.99928938114 2.73221684008 3.75239847439 430.40899669 435.484853875 436.209688238 436.870899587 443.329859052 0.32432047001 0.284821871234 1.63586296833 5680.81527038 0.901989508403 0.107489748555 0.308438803873 0.135544699692 5.91286369009 5.58612335904 3.38027745835 2.26799514057
-9999.0 -9999.0 -9999.0 -9999.0 -9999.0 -9999.0 -9999.0 -9999.0 -9999.0 -9999.0 -9999.0 -9999.0 -9999.0 -9999.0 -9999.0 -9999.0 25.9740739208 52.1189201202 226.548214093 238.108400187 300.400794843 309.763237613 6.27347991198 12.5554023954 29.6212930861 345.118754807 352.297763286 354.649654257 1.61879363713 362.236679556 364.719242262 1.72155496712 1.17268402351 2.23997967992 4.29610901381 1.02212906872 1.92309016392 3.92694814983 4.74406524654 0.888983154919 0.538657818072 1.01849821288 447.81502818 449.106739222 449.362218614 451.788025586 5681.40058143 0.742114168765 0.0561960841393 0.0693806249045 0.0691906790089 0.0727457564464 0.0618044570121 0.110023673928 0.428602853949
-9999.0 -9999.0 -9999.0 -9999.0 -9999.0 -9999.0 -9999.0 -9999.0 -9999.0 -9999.0 -9999.0 -9999.0 -9999.0 -9999.0 -9999.0 -9999.0 13.5482077816 13.2040149287 12.2870692005 22.6832539675 9.30684483709 328.571503887 336.946503547 6.25667972154 11.5901976651 4.63769444444 3.29317359551 3.12592939554 359.182967261 0.67570710879 1.40889957291 1.15152444805 1.26594376658 1.04030299269 0.734099140244 0.775396203883 2.39967167395 3.33509794648 0.584570221929 0.483046209724 1.0697675023 1.85318226138 2.80798656381 0.801826283218 449.831147347 452.051560187 5681.87967498 1.74484440427 0.138983000304 0.0272992714708 0.0900665407162 0.0217896357292 0.0172362703604 0.130225334871 1.99902368366
-9999.0 -9999.0 -9999.0 -9999.0 -9999.0 -9999.0 -9999.0 -9999.0 -9999.0 -9999.0 -9999.0 -9999.0 -9999.0 -9999.0 -9999.0 -9999.0 -9999.0 -9999.0 12.9322881102 34.137543345 43.4525119145 52.6785575181 345.962901704 355.048070357 363.067119247 369.967175948 372.963244651 379.228420278 379.952550551 380.512493869 381.162922736 1.06870040993 0.973067246349 1.02565789618 3.37586970416 0.90442071658 0.847777749201 0.615111490343 1.76382803736 0.689087748606 0.50459603093 0.461455794234 0.405692270064 0.809377317483 1.15799885234 454.340531365 6138.43998299 0.819593939957 1.232899803 0.0174292764202 0.117935372305 0.0573109624155 0.0347335328061 3.77906378137 3.38733716708
-9999.0 -9999.0 -9999.0 -9999.0 -9999.0 -9999.0 -9999.0 -9999.0 -9999.0 -9999.0 -9999.0 -9999.0 -9999.0 -9999.0 -9999.0 -9999.0 -9999.0 -9999.0 -9999.0 10.558541812 84.5978114524 159.62483682 168.380924142 9.59398900546 15.8229390308 21.1928976487 24.745224635 51.4164986063 52.5226596436 1.09367948281 1.02442393813 383.158101549 384.930654874 385.797380974 3.94781335731 0.453575211208 1.21038699564 1.77930681238 5.47743334076 6.75652061841 7.70453035032 0.85673089047 1.18327058849 0.396400559207 0.791873204122 0.41131079403 6139.30052607 0.503226659051 2.35594356776 0.370393485038 0.647159413903 3.35843799729 3.69508517028 7.83373985788 2.91375854676
-9999.0 -9999.0 -9999.0 -9999.0 -9999.0 -9999.0 -9999.0 -9999.0 -9999.0 -9999.0 -9999.0 -9999.0 -9999.0 -9999.0 -9999.0 -9999.0 -9999.0 -9999.0 11.9311307884 38.2208900222 74.3934601633 96.8006652813 236.377231185 245.661098298 11.4274610356 16.6336910555 20.6593055734 24.0004324443 53.310753933 55.3899348505 89.8590063791 92.471874887 93.2879538486 386.580606058 392.209391905 1.1352168419 0.818211239805 0.753852180804 1.40642015143 0.626425128617 8.94048252696 9.38270512549 1.53485355115 2.14800956525 0.38187246053 1604.30676362 1605.12177025 7745.02667873 7748.20043762 0.726200475318 2.1948988391 0.909348745484 0.531384713641 8.57815678551 11.7581083722
-9999.0 -9999.0 -9999.0 -9999.0 -9999.0 -9999.0 -9999.0 -9999.0 -9999.0 -9999.0 -9999.0 -9999.0 -9999.0 -9999.0 -9999.0 -9999.0 -9999.0 -9999.0 -9999.0 13.729424317 13.1923424633 24.7213761415 58.061782257 255.752614392 5.9313021408 5.84646674479 9.71964185001 13.8652598432 30.2389706099 31.4511374423 0.933061028774 1.79642178438 94.5774981437 95.3378097362 488.268296016 488.86528707 0.36065147891 0.314498895985 0.258163775692 0.260595032 0.311052131331 1594.660114 1597.53745747 1600.52956716 1601.74525953 1603.76439681 0.466381587504 1.67430197893 1.919532002 7751.05493552 7751.51360753 7752.74494899 7753.56899763 7754.38949586 12.0215531977
-9999.0 -9999.0 -9999.0 -9999.0 -9999.0 -9999.0 -9999.0 -9999.0 -9999.0 -9999.0 -9999.0 -9999.0 -9999.0 -9999.0 -9999.0 -9999.0 -9999.0 -9999.0 -9999.0 -9999.0 11.9303723545 12.5753845351 22.9978259237 300.333156276 308.821411574 5.68471680307 9.64980334043 13.9285235778 15.4942386559 1.13385390878 2.78519605805 553.636875336 554.582026841 555.748475362 563.94226655 1053.79887087 1576.56734142 1577.58800256 1578.47738203 1579.33801069 1583.43367186 1584.81679545 2.37619451552 1.00246803781 0.648877958564 1.19660292691 0.825696323433 1.33366022954 0.411527795236 9.65014005887 11.1458394622 12.8625429938 12.9864604031 7754.72684964 7767.24902923
-9999.0 -9999.0 -9999.0 -9999.0 -9999.0 -9999.0 -9999.0 -9999.0 -9999.0 -9999.0 -9999.0 -9999.0 -9999.0 -9999.0 -9999.0 -9999.0 -9999.0 -9999.0 -9999.0 -9999.0 -9999.0 12.1445831452 23.0595393602 34.0702868729 317.561971855 6.63004659571 416.279727386 420.730052275 421.819524811 423.61981408 546.928722208 548.951929354 1.04222412792 6.08634247767 7.17801196978 0.974883926255 521.815836625 520.03663499 0.487914200607 1.20012486648 3.29280992047 0.75023382042 0.798737485482 0.502915490128 0.417745175793 0.317252186354 0.379569226879 8.44127315062 8.84548614063 9.35390682004 1.2210790839 1.44832840732 13.7032769427 13.8987894152 13.9906114983
-9999.0 -9999.0 -9999.0 -9999.0 -9999.0 -9999.0 -9999.0 -9999.0 -9999.0 -9999.0 -9999.0 -9999.0 -9999.0 -9999.0 -9999.0 -9999.0 -9999.0 -9999.0 -9999.0 -9999.0 -9999.0 10.9685003469 10.0963083516 52.5937468862 389.49420737 405.472531662 412.310032948 3.90792555151 120.63410518 121.545511609 122.089731376 1.83638953478 3.0276150807 3.9347205796 121.252155198 121.991777886 122.603832767 518.959293862 337.661292207 0.681367777947 0.72277523154 0.674299318756 0.496878797726 5.27442626286 6.2488840787 7.09066165123 7.56891765459 8.02554376566 80.1925767154 80.5009599987 81.0846743273 82.6839203824 86.6126190033 86.7379084423 100.851569286
-9999.0 -9999.0 -9999.0 -9999.0 -9999.0 -9999.0 -9999.0 -9999.0 -9999.0 -9999.0 -9999.0 -9999.0 -9999.0 -9999.0 -9999.0 -9999.0 -9999.0 -9999.0 -9999.0 -9999.0 -9999.0 -9999.0 21.2620208435 32.408976632 9.58360060929 5.83598850161 109.029300163 113.095493886 115.211741122 26.0390911694 26.6227339022 27.4521939298 28.5499888041 119.530928296 120.692510662 56.5742244464 179.985389605 180.711164147 337.158468813 1.39720634938 0.712861043547 0.460217965992 3.68123614455 4.31693042502 0.332474172866 0.302939708898 78.7041428298 79.4982787861 79.8946591947 0.728138011886 1.13182534029 86.2261196351 0.207673256263 0.758877440626 0.847636571212
-9999.0 -9999.0 -9999.0 -9999.0 -9999.0 -9999.0 -9999.0 -9999.0 -9999.0 -9999.0 -9999.0 -9999.0 -9999.0 -9999.0 -9999.0 -9999.0 -9999.0 -9999.0 -9999.0 -9999.0 -9999.0 -9999.0 10.5844539447 20.8784802838 82.571712248 92.0472919828 98.6851315295 22.6908461975 25.4086173679 0.747382780251 88.6487245855 89.2482723441 89.9043817309 0.932500881406 54.4769016022 55.7061300766 0.784059659686 333.453534646 1.65413263631 0.826569883265 2.02190887982 2.73808779771 0.496348988396 0.39301572149 74.5045031337 77.9759060862 78.4630022961 0.491248110801 1.0003831522 1.26973639418 1.49126894419 2.99131163281 0.283705251 0.620894233094 0.128438032521
