data/baseflow/mHMbf_acc286.asc
ncols                  80
nrows                 72
xllcorner      4374000.0
yllcorner      5656000.0
cellsize            500
NODATA_value       -9999
[rows 25 to 49 of 72, columns 0 to 54 of 80]
-9999.0 -9999.0 -9999.0 -9999.0 -9999.0 -9999.0 -9999.0 -9999.0 -9999.0 -9999.0 -9999.0 -9999.0 14.8586959847 29.3089242116 12.5063542225 24.7599908951 9.18850677607 79.7455637921 96.0174763613 104.674870367 7.24737121573 13.5014183451 158.803614587 191.066268975 195.729936026 11.3811011114 10.2152764419 14.0307732799 1.8106947943 1.50627884912 2.74077723202 1.30758090943 264.889403993 266.429945303 267.287263818 1730.795178 3703.61998991 3691.88546326 1.61309105897 0.914301289844 0.850587452631 4.07213486949 3.41622844112 12.6657995883 20.2789703854 41.1999564076 3.56057511256 3.51840051508 33.2892603412 36.0416066418 70.4604001614 71.917565305 75.359999764 76.1662856994 0.709089638008
-9999.0 -9999.0 -9999.0 -9999.0 -9999.0 -9999.0 -9999.0 -9999.0 -9999.0 -9999.0 -9999.0 -9999.0 -9999.0 12.8449120557 25.9143565518 39.4242528822 59.7731309518 10.7616132633 8.6551924193 74.4162249632 81.7138473499 146.812627264 154.842351676 21.9085520115 6.44103078642 5.38079636448 4.76961513685 254.844625043 257.243201307 259.315918552 260.790630016 263.514467475 23.9387025456 25.3894897823 293.711905163 5729.95018317 8.4568371181 6.32216455995 2.81476890019 0.848826018389 0.66685291196 5.65638960862 6.10281621254 13.8899233151 0.625647629515 42.1048482956 5.13519928505 4.9680006264 0.616647220689 0.373445123356 0.340461668681 0.499353395242 0.380789372838 76.5899947332 1082.25774722
-9999.0 -9999.0 -9999.0 -9999.0 -9999.0 -9999.0 -9999.0 -9999.0 -9999.0 -9999.0 -9999.0 -9999.0 -9999.0 -9999.0 11.993783891 25.263599256 36.9730582416 48.5186696079 57.2109126285 66.4160314772 25.777463468 43.4587999499 7.55474449847 6.89480093808 226.804207316 239.577635644 244.962381045 251.053113346 3.63097506358 6.0208082253 17.5196658295 19.8452746166 21.9388127333 1.97204745521 1.69932542359 5736.48088062 2.13458350178 2.59443198321 1.31243347319 3.35685680633 1.58731598168 0.955455392966 20.8805264422 21.9914941817 0.545298865552 42.8287964639 48.3301773301 5.30060559762 1108.7336284 1107.73223495 1106.90203287 1104.80146143 1103.78882172 1085.96144952 1085.26087529
-9999.0 -9999.0 -9999.0 -9999.0 -9999.0 -9999.0 -9999.0 -9999.0 -9999.0 -9999.0 -9999.0 -9999.0 -9999.0 -9999.0 3.82914571526 8.19613143656 12.0061429792 120.543245719 129.640447621 9.48486400094 8.72758440046 8.8833783303 197.678931415 213.995737542 7.5108538784 7.58711422944 5.01986216887 21.9201758782 27.2097278969 11.500956108 14.6229490202 140.594244154 143.610794396 150.41058134 228.492655858 5967.30523668 2.26256403182 0.972958275221 5.0850705002 4.23109695882 0.826727513413 2.75395903358 3.74446874168 23.0325290692 23.9030819424 73.7158911269 48.6399026765 5.7362048035 1126.13620605 7.59319018845 1106.09119304 1105.49348387 16.8057206576 1.22329435695 1.53999894687
-9999.0 -9999.0 -9999.0 -9999.0 -9999.0 -9999.0 -9999.0 -9999.0 -9999.0 -9999.0 -9999.0 -9999.0 -9999.0 -9999.0 19.038629315 31.3238856134 62.225622986 109.159872853 140.922964071 164.609261813 173.25725248 182.320196697 190.769126733 7.7085973768 6.2484983542 12.0525849653 10.8828515093 5.90494413704 124.720374925 129.757332629 134.26477642 138.423250326 69.2860396724 71.2330644472 75.3835741558 5969.38001795 4.60024182735 2.81814649473 8.79284572785 0.831458566163 2.5056699283 1.4842705406 0.896704702618 4.90019415652 0.665696432507 0.69398761666 1204.42960387 1130.14058122 1129.35993727 3.47092474346 7.22676255674 4.39839717621 0.770311011163 14.2428590052 3.29708965066
-9999.0 -9999.0 -9999.0 -9999.0 -9999.0 -9999.0 -9999.0 -9999.0 -9999.0 -9999.0 -9999.0 -9999.0 -9999.0 -9999.0 13.1881910532 12.3440857941 24.2109741851 36.3244242012 12.4695541153 12.3848297936 22.0539095575 31.2737474439 47.7435930592 55.8010365326 62.0707160221 80.8164055787 86.3602998968 92.9148715852 5.41094958634 57.292457631 61.2786391514 64.5702211312 2.23801092621 1.36292568481 2.26630135684 6047.65367817 6049.62472174 6057.40907468 11.6883533362 1.9957595611 3.17090424534 0.797706025904 1.58847472781 5.70090927546 6.98150312158 1.25162281945 1207.93378482 1.26904350929 1.89602005886 2.11394995617 1.72994729089 2.93059231896 1.20195485225 10.4159508899 7.79799350909
-9999.0 -9999.0 -9999.0 -9999.0 -9999.0 -9999.0 -9999.0 -9999.0 -9999.0 -9999.0 -9999.0 -9999.0 -9999.0 -9999.0 -9999.0 11.6593328585 22.6881475934 10.5299054931 21.810613921 136.007936701 144.983680724 153.251662284 8.19560423468 8.21987452469 14.4463921563 21.0597040208 31.6910809907 37.4861114604 41.882602533 46.8394939212 3.60606603013 2.89867542173 69.1200198188 70.9210186348 72.2055198787 73.8436872891 65.4622988755 6130.22640638 6151.77279943 6152.86894701 6156.93115195 6161.0123113 6163.45277543 0.600498397943 7.59240648598 1208.55439775 1.35316020024 0.696538277281 1.10655282165 1.13643732721 1.89383124094 1.48026889736 0.906501526454 1.55725916227 1.34241981485
-9999.0 -9999.0 -9999.0 -9999.0 -9999.0 -9999.0 -9999.0 -9999.0 -9999.0 -9999.0 -9999.0 -9999.0 -9999.0 -9999.0 -9999.0 -9999.0 33.6404135602 44.6464727379 78.4126895778 102.941779807 12.6729633329 176.722616451 184.658017057 191.645183176 6.70696615279 12.9730477674 5.23306784289 42.6258545847 46.436736606 51.4491275083 55.7740326814 65.5480598731 67.6762394746 1.44655508601 58.288538532 61.840620059 63.9073411652 70.7815868491 8.03859156245 4.66317678103 2.3337916279 2.14673721942 6165.69961707 6166.83768243 6179.62481337 1209.2033927 4.30042966502 2.40544087369 1.7024371208 0.457130629146 5.03718788951 2.50827045973 0.801646004919 4.72233275 4.0691477772
-9999.0 -9999.0 -9999.0 -9999.0 -9999.0 -9999.0 -9999.0 -9999.0 -9999.0 -9999.0 -9999.0 -9999.0 -9999.0 -9999.0 -9999.0 -9999.0 11.2667999962 55.9468850334 67.9452420966 13.0018185751 9.26795167794 19.4977027299 28.0046214307 227.124957537 6.59554062395 26.6705228205 32.2834824153 37.7498695921 3.86193929759 8.35487591979 10.7302524411 46.1163901886 50.9414784627 53.1852956937 1.9917252426 1.53242401188 1.68315626711 3.13803068721 1.25843616889 1.24802930531 1.35480585202 1.24833744074 1.45794922067 4.3278569393 6180.92436122 7393.04494818 5.11070638278 0.897360769798 0.517920011121 15.9106695543 14.885685167 8.98354309019 8.07455988089 5.97951304224 1.61496757602
-9999.0 -9999.0 -9999.0 -9999.0 -9999.0 -9999.0 -9999.0 -9999.0 -9999.0 -9999.0 -9999.0 -9999.0 -9999.0 -9999.0 -9999.0 9.67246532187 30.8513074922 10.010155156 12.2032211917 11.0605596789 20.7297257426 30.2913488198 39.0689512722 275.424289531 281.65958173 6.51520336025 12.2029243863 18.0308592395 22.6410365025 26.7005655126 39.4765829265 43.8853258891 2.07232568914 1.93832039991 1.44733719534 1.2038872472 1.38751228146 1.9587367626 1.65289653243 2.24095280128 5.17179337506 2.55000214636 1.35969603287 1.33362114218 0.977879782879 1.77375935138 7443.05599963 43.8412454786 19.6295474477 2.41454588922 1.14601741585 0.77228478496 2.43015392559 1.54430912058 0.747960424037
-9999.0 -9999.0 -9999.0 -9999.0 -9999.0 -9999.0 -9999.0 -9999.0 -9999.0 -9999.0 -9999.0 -9999.0 -9999.0 -9999.0 10.3255007857 19.6722503352 69.1563648992 8.74378819383 23.7890315979 34.1659406399 43.1326745662 9.76468803121 17.3358067058 26.8719722324 316.887392664 5.91920010186 11.0138044762 16.3789730344 4.86236073516 9.46056779237 11.2226167621 14.5857113552 498.251403852 502.171519174 505.549311358 521.797321932 525.862062611 536.839778239 2.43492663522 5.53828918918 5.98034032303 566.567052371 568.79798996 1.20881779735 1.84272296134 2.4636794098 7444.29188936 42.1586416056 19.4550390476 18.0779072098 16.1870672992 14.8130396337 3.20195906285 0.850054863146 1.43270272789
-9999.0 -9999.0 -9999.0 -9999.0 -9999.0 -9999.0 -9999.0 -9999.0 -9999.0 -9999.0 -9999.0 -9999.0 -9999.0 -9999.0 10.7508505087 32.246376576 111.9379672 164.403695857 7.39146080611 211.37759807 263.96290531 8.61226848302 16.0887152808 25.2024686082 388.698759245 395.91365194 4.32084743115 25.1635966618 29.2190785862 32.7134355151 470.948178604 477.677279692 482.168349923 2.17074921282 12.044513886 14.3139787959 5.5790375426 7.85099337682 547.846609147 556.572275507 558.257450586 559.790397854 570.421592136 0.782109252628 0.706621256808 3.80732533553 7445.77570856 1.70784185446 0.247200792342 0.73652226055 0.311340996204 13.0002639019 11.8383992852 7.18958715123 4.98640212767
-9999.0 -9999.0 -9999.0 -9999.0 -9999.0 -9999.0 -9999.0 -9999.0 -9999.0 -9999.0 -9999.0 -9999.0 -9999.0 -9999.0 -9999.0 -9999.0 22.0926965095 43.7770466305 192.79962396 203.119739142 272.735707154 282.379232739 8.39551494064 16.8118801106 38.7569974877 402.948500864 413.101394501 416.560703939 2.68376790753 429.102210809 435.973845983 4.4521575207 2.21758279194 4.1709860035 8.11505654482 1.97361007098 3.79586364694 7.94965803813 9.74388473755 1.8675142247 1.13192556609 2.16643587052 578.870580202 581.069354846 581.681999449 587.397068033 7447.07455818 1.21136695754 0.153102033839 0.190314193931 0.193955863907 0.201100973978 0.178594123671 0.326582194722 0.867218186009
-9999.0 -9999.0 -9999.0 -9999.0 -9999.0 -9999.0 -9999.0 -9999.0 -9999.0 -9999.0 -9999.0 -9999.0 -9999.0 -9999.0 -9999.0 -9999.0 11.390235695 10.9861577546 10.5538819001 20.2518053247 8.48195702021 299.46795816 308.19487854 7.87492927545 15.0069722773 6.54092511988 4.86812355645 4.61264910554 423.905339211 2.17471696033 4.60017044777 2.57620759214 2.34138303742 1.98281858661 1.42829439359 1.51567251691 4.7972031035 6.69479123153 1.20214316554 0.978705443627 2.21365970814 3.87542257012 5.02631477789 1.28372363717 582.808403876 588.06310521 7448.14128371 2.95717150453 0.556569247839 0.097035034859 0.272103606234 0.0806847900215 0.0628103152945 0.397730087358 4.15207641966
-9999.0 -9999.0 -9999.0 -9999.0 -9999.0 -9999.0 -9999.0 -9999.0 -9999.0 -9999.0 -9999.0 -9999.0 -9999.0 -9999.0 -9999.0 -9999.0 -9999.0 -9999.0 10.8492408149 29.6868748165 37.4222937426 45.6882429811 316.683167465 325.621615708 334.115444055 342.418104147 346.826490357 356.200645103 358.266643648 360.198120806 361.801593368 1.82731777752 1.7159406134 1.8855066607 6.47843026852 1.78402774275 1.71567760522 1.21623391977 3.5621285289 1.44572210334 1.04649028086 0.94548559626 0.741041260891 1.4776608407 2.19487376562 592.710937841 8044.86030871 1.1489732056 2.17642934537 0.0722020888655 0.36208909236 0.184774069706 0.126574064145 7.77609281513 6.80537396682
-9999.0 -9999.0 -9999.0 -9999.0 -9999.0 -9999.0 -9999.0 -9999.0 -9999.0 -9999.0 -9999.0 -9999.0 -9999.0 -9999.0 -9999.0 -9999.0 -9999.0 -9999.0 -9999.0 8.37720978263 71.1714608444 135.737111823 144.179044102 11.7209525248 19.8820390064 27.1456791755 32.4631726907 71.0553287757 72.9831487898 1.8656544795 1.86468777745 365.752281175 369.154198683 370.68956165 7.58739372204 0.917284074958 2.65396427055 3.86278961308 11.7392608619 14.4613928105 16.45896805 1.77727731407 2.45087816141 0.848570440611 1.71132312078 0.903714549627 8046.67219016 0.973386091131 4.10832981458 1.0328410103 1.79706268376 6.10810579197 6.83896178167 15.256449369 6.56651174797
-9999.0 -9999.0 -9999.0 -9999.0 -9999.0 -9999.0 -9999.0 -9999.0 -9999.0 -9999.0 -9999.0 -9999.0 -9999.0 -9999.0 -9999.0 -9999.0 -9999.0 -9999.0 9.89582017863 32.3818985646 62.9349535636 81.5583974965 202.316961765 212.768767065 15.7813604524 23.1923922109 29.1578221719 34.3930802841 74.8962745315 78.6589003412 134.678161928 139.226366727 140.82056428 372.185058816 383.272574462 2.36291416279 1.8331113755 1.68102327107 3.18876271419 1.42403163797 19.2372546116 20.1853021155 3.24093955159 4.01172367985 0.646716343581 2011.72034618 2013.72197972 10061.732349 10067.4600095 1.07846106185 4.04272685431 1.41680098161 1.19301555302 17.1890602021 24.5044989966
-9999.0 -9999.0 -9999.0 -9999.0 -9999.0 -9999.0 -9999.0 -9999.0 -9999.0 -9999.0 -9999.0 -9999.0 -9999.0 -9999.0 -9999.0 -9999.0 -9999.0 -9999.0 -9999.0 11.9145410262 11.5570572388 21.2312770119 49.683860356 222.184217212 8.31773543151 8.17252376796 13.9474195924 20.2035882423 46.6126514025 49.6457099407 2.97037613867 3.28260986009 143.319869793 144.861176017 529.502753844 530.58522402 0.790480574799 0.676477861671 0.57209372354 0.578564211652 0.684311453847 1993.87367906 2000.08971441 2005.09313354 2006.77569939 2011.00956422 1.09297710859 3.89631093351 4.61685896957 10074.3066744 10075.245032 10076.6832171 10077.7395759 10079.0135815 25.1687250595
-9999.0 -9999.0 -9999.0 -9999.0 -9999.0 -9999.0 -9999.0 -9999.0 -9999.0 -9999.0 -9999.0 -9999.0 -9999.0 -9999.0 -9999.0 -9999.0 -9999.0 -9999.0 -9999.0 -9999.0 10.1158870831 10.837345077 19.6911755904 260.732424588 269.934892299 7.88881901887 13.6758810266 20.163877541 24.0619947626 3.13246618382 6.00526127394 538.706566658 540.439506975 542.466660348 557.672015924 1089.86783433 1954.27644243 1956.48826233 1958.50293892 1960.42766913 1969.59166353 1972.69358607 5.43232047218 2.28205948677 1.5098678638 2.77817633603 1.91735128181 3.11577529014 1.00269934909 21.8893456579 25.323142061 27.8728048536 28.2492578181 10079.6109994 10105.5913634
-9999.0 -9999.0 -9999.0 -9999.0 -9999.0 -9999.0 -9999.0 -9999.0 -9999.0 -9999.0 -9999.0 -9999.0 -9999.0 -9999.0 -9999.0 -9999.0 -9999.0 -9999.0 -9999.0 -9999.0 -9999.0 10.4152994458 19.8171073709 29.3385277132 277.956394254 8.00027885593 373.210399583 380.080321015 383.178092478 386.372208735 526.052228821 529.721104439 2.01907963258 11.3024225149 13.6660056415 2.11613164869 862.321707204 858.465169639 1.10807255734 2.70808736759 7.43037083439 1.69904202595 1.82995214675 1.14597396286 0.947432740001 0.685181293572 0.87600038258 18.8186113108 19.8015751121 21.0600231457 2.60457173843 1.76736381684 29.4349298031 30.0718242714 30.3621150768
-9999.0 -9999.0 -9999.0 -9999.0 -9999.0 -9999.0 -9999.0 -9999.0 -9999.0 -9999.0 -9999.0 -9999.0 -9999.0 -9999.0 -9999.0 -9999.0 -9999.0 -9999.0 -9999.0 -9999.0 -9999.0 9.15010588341 8.51224701643 44.7292423769 341.362630758 358.772434617 367.452995477 6.30043501697 131.126612981 134.317312539 136.668061967 3.33373740994 5.74170792041 7.61034794877 191.610561999 193.119090305 194.421765255 856.058192246 550.960469192 1.56543662921 1.62740897701 1.52252700259 1.10258207852 11.4820836723 13.7300423478 15.6353645356 16.7694543423 17.8473608723 151.739779248 152.512219447 153.573286248 155.840137891 164.121323862 164.487139973 195.271203853
-9999.0 -9999.0 -9999.0 -9999.0 -9999.0 -9999.0 -9999.0 -9999.0 -9999.0 -9999.0 -9999.0 -9999.0 -9999.0 -9999.0 -9999.0 -9999.0 -9999.0 -9999.0 -9999.0 -9999.0 -9999.0 -9999.0 17.9286811908 27.6952904608 9.95595427627 8.42854077841 110.810402062 117.544460986 121.494019109 39.2518105605 41.5667760263 44.1975341867 46.3955036547 188.048365707 190.455479572 106.029661086 302.223328328 303.812890566 549.815924838 3.11631102983 1.57897088561 0.970488040678 7.92871309931 9.3513266102 0.719041725877 0.645993896247 148.166674019 150.03337334 151.018580452 1.00037515064 1.58113102637 163.146718779 0.662890679022 2.71318983897 3.00991361824
-9999.0 -9999.0 -9999.0 -9999.0 -9999.0 -9999.0 -9999.0 -9999.0 -9999.0 -9999.0 -9999.0 -9999.0 -9999.0 -9999.0 -9999.0 -9999.0 -9999.0 -9999.0 -9999.0 -9999.0 -9999.0 -9999.0 9.07524033493 17.8884789035 76.637963303 87.0450233035 95.6555867989 32.06763934 36.8354701385 2.76299157973 134.961932818 137.276491531 139.511639402 2.2060732579 101.705420375 104.263307372 1.66772269431 541.549912071 3.69227317709 1.81927409406 4.32092925826 5.90749879241 1.08482829525 0.821180063444 138.718876333 146.457667745 147.631334343 1.1711097421 2.32922639569 2.88116162101 3.28504713713 6.61861718753 0.982320360143 2.23003377835 0.485124488466
-9999.0 -9999.0 -9999.0 -9999.0 -9999.0 -9999.0 -9999.0 -9999.0 -9999.0 -9999.0 -9999.0 -9999.0 -9999.0 -9999.0 -9999.0 -9999.0 -9999.0 -9999.0 -9999.0 -9999.0 -9999.0 -9999.0 8.91876997207 28.2114859321 49.8223792775 11.2314585336 18.932606882 26.344274919 123.483964387 127.41879578 129.979550922 2.14126871769 88.3021546877 95.4135294736 97.6778281336 1.28273444062 534.198698873 538.321177078 1.85114516046 1.61377848655 3.20800201886 1.1967393767 132.949011972 135.086744228 136.448520638 5.01880756793 6.15538923203 0.940606784591 1.68076724152 0.748495882728 5.06762187295 0.84886074543 0.572344427671 0.597937008568 0.68572284966
-9999.0 -9999.0 -9999.0 -9999.0 -9999.0 -9999.0 -9999.0 -9999.0 -9999.0 -9999.0 -9999.0 -9999.0 -9999.0 -9999.0 -9999.0 -9999.0 -9999.0 -9999.0 -9999.0 -9999.0 -9999.0 -9999.0 -9999.0 9.75953389112 11.2807085903 11.2607536058 90.1347309015 97.1238253142 117.751878773 4.39847623554 77.9878111957 84.3841995206 2.42397397847 5.2229919727 1.64264125184 529.433095018 2.03021485245 5.02900037903 6.19396518883 7.26411204794 125.888776626 129.484547434 130.946895446 1.49268141458 2.74001513434 3.8200112668 0.581360493013 0.501734362597 425.162432435 425.729061298 426.214512021 431.52210249 432.229289561 433.054639953 433.604422504
