data/baseflow/mHMbf_acc278.asc
ncols                  80
nrows                 72
xllcorner      4374000.0
yllcorner      5656000.0
cellsize            500
NODATA_value       -9999
[rows 25 to 49 of 72, columns 0 to 54 of 80]
-9999.0 -9999.0 -9999.0 -9999.0 -9999.0 -9999.0 -9999.0 -9999.0 -9999.0 -9999.0 -9999.0 -9999.0 27.7415616055 55.179298434 25.7632345861 51.7430645162 22.5259399507 173.08020026 216.18625084 237.989598877 20.3375366019 39.5200015674 375.034977614 467.016030199 482.273211956 33.1615314043 29.1964630412 42.1855765476 9.11826843262 8.6216844963 16.4635953178 7.82274966163 537.730098317 548.184300028 554.209417694 4633.51892704 9571.49516499 9521.14557772 11.6788672894 5.49483657164 5.22997224356 26.9297234409 21.4338123055 56.3892551047 80.2150105629 160.956522818 14.3746970782 14.3021465394 133.258582851 146.154257407 279.586024583 286.67977524 305.446109929 311.287844239 4.91752276523
-9999.0 -9999.0 -9999.0 -9999.0 -9999.0 -9999.0 -9999.0 -9999.0 -9999.0 -9999.0 -9999.0 -9999.0 -9999.0 26.3404720049 52.516201108 78.7726328008 125.741581104 24.709715428 22.0486158513 146.349199432 166.995107541 338.167830217 358.839984997 58.5871932433 19.34322515 16.8797909703 14.5287895541 484.102123646 494.647560493 504.264543118 512.392155819 528.333560763 100.139485207 107.075490276 666.552345355 14876.2570854 42.6586941852 33.7180509645 17.5310594548 4.9618776834 4.50745705245 36.66541357 40.0677333298 66.1449385542 5.25601287497 168.157745537 24.1673345997 23.7590946242 5.13435332912 3.24322839973 2.57654595174 2.51242143468 2.53737942432 314.098361893 3801.13312906
-9999.0 -9999.0 -9999.0 -9999.0 -9999.0 -9999.0 -9999.0 -9999.0 -9999.0 -9999.0 -9999.0 -9999.0 -9999.0 -9999.0 25.4499936978 45.8873893371 63.1926156935 80.4914843013 102.415478556 124.819112594 66.5822160925 110.504474328 20.5352401718 19.8626924258 396.725127171 435.175794703 453.433138019 471.705144746 12.8970340537 23.4312539045 65.8212923744 78.0111088135 89.5899212974 8.57202463879 4.93368384028 14895.9306144 8.33990015047 10.1124138622 5.02061498663 19.3026175561 9.50019930474 4.4507890578 110.437252701 113.762938932 2.98024931703 171.309233864 198.313996245 26.5919755004 3917.45396254 3909.78678054 3903.78174989 3892.96050014 3888.23938624 3819.64721296 3817.08329383
-9999.0 -9999.0 -9999.0 -9999.0 -9999.0 -9999.0 -9999.0 -9999.0 -9999.0 -9999.0 -9999.0 -9999.0 -9999.0 -9999.0 4.35206370533 9.77655949459 17.10169897 148.6729896 171.972148887 23.5930782812 22.1862659921 22.1223283943 316.025477369 358.381263189 20.5076911486 20.5673088416 17.7525714114 73.3084213356 91.2968534492 41.3985570836 54.6354721361 415.768635141 429.935653881 450.281180387 706.850013406 15607.8683061 7.27296612787 4.13086350484 28.6535745577 24.2033403522 3.88679977068 12.5045416554 16.4756468788 117.609531561 120.741555937 327.17054393 200.581841506 30.27045729 3987.86230447 25.8279263848 3898.55468368 3895.8682228 64.1803796003 4.45694151322 12.1129532544
-9999.0 -9999.0 -9999.0 -9999.0 -9999.0 -9999.0 -9999.0 -9999.0 -9999.0 -9999.0 -9999.0 -9999.0 -9999.0 -9999.0 21.4666196767 35.424116744 74.3514866553 127.397690328 186.569265651 230.441976266 252.326254036 274.535576745 295.973468497 20.8553849822 19.3605258696 38.2765879296 36.4911668452 18.9694305157 357.703603005 375.353004165 391.946362056 407.791641837 231.841361945 242.540139966 251.672795466 15612.2383998 13.1083053404 9.34168481155 42.0959392963 4.97454457224 7.64503074973 3.82724425935 3.78133495798 20.0487107105 2.74861342006 2.82656613369 4329.1582686 3999.81357837 3997.10290573 10.3141519119 23.4080126142 15.4494909769 3.81979167085 57.2055262685 16.7490412606
-9999.0 -9999.0 -9999.0 -9999.0 -9999.0 -9999.0 -9999.0 -9999.0 -9999.0 -9999.0 -9999.0 -9999.0 -9999.0 -9999.0 14.7274486433 13.6257590498 26.6693844292 40.5355967492 22.7800574046 25.0709662129 48.1555014412 70.9003880074 114.129124076 135.406166269 154.261223094 212.007996796 229.962533825 249.355910948 17.7413046499 176.850183856 192.597260038 206.893572552 11.7380366945 7.12841723837 12.3491674987 15874.9388844 15879.0449043 15899.2630287 57.1372312523 10.6517028388 11.1391760964 3.45671292021 6.777668096 23.1160953745 28.4976303138 5.20370792677 4341.0828644 3.52496558099 5.5140261081 6.29165961743 4.39968338996 8.523470421 3.60496983655 36.6292535653 28.92007955
-9999.0 -9999.0 -9999.0 -9999.0 -9999.0 -9999.0 -9999.0 -9999.0 -9999.0 -9999.0 -9999.0 -9999.0 -9999.0 -9999.0 -9999.0 12.8669821231 25.2554582795 12.2432639853 25.7930818249 165.033920204 184.977550582 206.990432981 21.5565148711 21.4874941839 40.3251430197 59.9022307011 95.2103091607 113.584390796 124.728761019 141.769715721 15.0160245431 14.0462985652 228.188387491 234.942127551 240.458522932 245.835928107 202.210271242 16123.125531 16211.4053206 16215.8921383 16231.0124202 16249.5310965 16258.8413394 2.7778446479 31.1435605992 4343.51294077 6.30049960762 3.21919189468 2.87877465315 2.61781342404 4.84341428472 5.14440778565 2.88530954931 3.99973078629 3.87152657533
-9999.0 -9999.0 -9999.0 -9999.0 -9999.0 -9999.0 -9999.0 -9999.0 -9999.0 -9999.0 -9999.0 -9999.0 -9999.0 -9999.0 -9999.0 -9999.0 37.5145996654 50.7628585877 90.4940355945 123.919060911 18.9121849081 249.867758583 270.858511595 290.890661468 19.4561467916 38.577382883 17.3429223196 130.441709292 140.99223013 156.688629801 172.433909215 212.325438281 218.146901674 3.85432451483 181.868321165 192.37510916 197.192372672 219.447899869 26.7511512867 16.464054548 9.81365176703 9.59495134498 16266.9974819 16270.2868909 16319.991726 4345.95957822 16.5150366643 7.85983137819 5.16845478304 1.93589433717 15.4555482164 8.2845075211 2.63946451153 14.3330636143 12.0101233264
-9999.0 -9999.0 -9999.0 -9999.0 -9999.0 -9999.0 -9999.0 -9999.0 -9999.0 -9999.0 -9999.0 -9999.0 -9999.0 -9999.0 -9999.0 -9999.0 12.8993583705 63.7244898561 77.9127860553 20.0606289502 22.9367181086 46.3431297663 67.8779533635 379.062331993 19.6088233581 78.3629390087 96.2676098217 113.94225561 11.0276553019 25.7958401632 35.1395291402 145.852128158 162.883341305 167.557560692 5.38011725014 5.40616944532 6.6289576523 12.2495780636 5.4067398077 5.71862891256 7.46951546538 7.84216419283 7.7458372577 16.1339791813 16323.587259 20679.1164959 19.5724275848 3.68444954383 1.87506987949 48.5999483074 44.4440445914 26.3293025698 23.6597462715 17.8080439492 3.9186778358
-9999.0 -9999.0 -9999.0 -9999.0 -9999.0 -9999.0 -9999.0 -9999.0 -9999.0 -9999.0 -9999.0 -9999.0 -9999.0 -9999.0 -9999.0 10.7477676261 35.1387957312 11.4914919946 23.2209160893 24.859002951 48.3240210381 71.3077633591 90.665463933 482.923164116 501.71653872 19.1889240902 37.0023121758 54.9500094342 68.7523077924 83.7728391735 129.753769328 140.039322011 10.6939875407 9.05448414669 7.4937237476 5.96289672095 7.30847925878 8.40716204379 7.67338945607 10.8442097509 23.9321237491 11.6286262044 3.21145185307 3.08325513208 3.45540538265 6.63484915012 20828.6900664 125.523464875 56.2832462006 3.68703705414 1.58914170877 1.65954950836 6.31492860507 4.55084804965 2.40009368164
-9999.0 -9999.0 -9999.0 -9999.0 -9999.0 -9999.0 -9999.0 -9999.0 -9999.0 -9999.0 -9999.0 -9999.0 -9999.0 -9999.0 11.4289158271 21.8364672073 77.7451907221 9.7457270763 40.3016624214 64.697296682 87.9441092592 23.8485800205 44.3967964239 61.2435180923 575.457162402 18.4175824664 35.3786327378 52.8884668087 16.4817027197 32.6992788164 43.1038463308 53.4632194248 1086.82333728 1103.27038629 1116.85541925 1166.22033573 1188.24034381 1229.22949408 11.2882411102 26.194205063 28.1396552135 1344.98525618 1351.50256319 2.93067721137 5.76732673423 8.50615955333 20830.5879143 117.318392737 56.7955301065 54.9996237652 41.7341947218 36.0150627066 8.40751906921 1.93553184387 4.11612467521
-9999.0 -9999.0 -9999.0 -9999.0 -9999.0 -9999.0 -9999.0 -9999.0 -9999.0 -9999.0 -9999.0 -9999.0 -9999.0 -9999.0 11.9021218547 35.6094368344 125.044053525 182.260090127 8.31445556258 235.000883616 335.410744095 21.7182540474 42.0858126812 60.306620213 744.754823198 758.326082452 13.2068572992 79.5957760784 92.8773256436 106.2828534 985.313463301 1011.12966034 1024.27939201 6.23628484226 36.5163016454 42.9729211808 17.7140828751 25.066361642 1265.5288362 1302.18603433 1307.87898412 1313.2305542 1358.49291494 3.44746280357 3.10880232617 14.2298313762 20832.7442457 2.47231032667 4.03850677679 11.7109934154 4.29135543505 32.9200543017 25.8988083426 15.1492540626 11.219608341
-9999.0 -9999.0 -9999.0 -9999.0 -9999.0 -9999.0 -9999.0 -9999.0 -9999.0 -9999.0 -9999.0 -9999.0 -9999.0 -9999.0 -9999.0 -9999.0 24.1742089911 47.6663751153 213.513528414 224.960794154 345.230855238 357.57138976 21.3096388648 42.6106032186 98.7184509519 767.587610982 792.637400526 802.804485382 8.70096799833 841.258418803 867.929305107 15.9064061711 6.31652273513 13.0191417682 24.8425042541 5.84957192666 11.5205587322 25.7436547305 31.44878303 5.47968560982 3.96330368195 7.80533451636 1389.10380916 1398.69382554 1401.4603869 1422.34750603 20834.7539024 1.6263294823 3.19633480714 3.3984061137 3.36591137196 3.43203794164 3.06637161588 5.83182366053 1.39287502195
-9999.0 -9999.0 -9999.0 -9999.0 -9999.0 -9999.0 -9999.0 -9999.0 -9999.0 -9999.0 -9999.0 -9999.0 -9999.0 -9999.0 -9999.0 -9999.0 12.3042273121 11.8899764115 11.5339160748 22.908973974 9.61450209486 376.906626384 388.298681747 19.0892527216 38.4300909928 15.7256597554 12.150856421 11.7497785525 824.147671115 8.66323590909 17.4452294551 8.72951168023 7.3346840419 5.99534378603 4.84166094102 5.00706674207 15.3617720818 20.9711897504 4.15464825569 3.53955152081 7.53087521184 12.2994514645 17.886558856 5.50756580909 1405.18512211 1425.11079708 20836.0861552 10.7438333537 7.59740482048 2.24050331735 5.25768952554 1.92682000527 1.48519508757 7.42487210996 7.47561427345
-9999.0 -9999.0 -9999.0 -9999.0 -9999.0 -9999.0 -9999.0 -9999.0 -9999.0 -9999.0 -9999.0 -9999.0 -9999.0 -9999.0 -9999.0 -9999.0 -9999.0 -9999.0 11.7836075688 33.2367939741 41.8574497114 51.1696925313 398.063358782 408.745154564 419.740466773 433.487201941 444.982983209 468.654064669 476.984763032 485.201158393 492.54173006 6.65432543192 6.43136346678 6.37950871704 21.4485810715 5.48051277292 5.30941925826 4.36935010601 12.6440897939 4.49014307498 3.60982736195 3.39334264555 2.94302477452 5.87479896299 8.54171310151 1442.39398509 22290.8173652 1.4742194809 3.37874907054 1.95848481318 7.42753957365 4.41214411655 2.98244263178 21.331859411 12.7187233767
-9999.0 -9999.0 -9999.0 -9999.0 -9999.0 -9999.0 -9999.0 -9999.0 -9999.0 -9999.0 -9999.0 -9999.0 -9999.0 -9999.0 -9999.0 -9999.0 -9999.0 -9999.0 -9999.0 9.21565580129 77.4237905227 149.275878869 159.045178955 18.2001498417 37.3839714216 56.9545109282 72.5620349526 176.45511168 183.48238728 6.77155592344 6.78633387887 506.101247765 518.654285622 524.507274299 25.7030637773 3.40751004701 8.24269457171 12.330488654 38.1172509192 46.7549415799 53.6885669103 6.45831630542 9.08366521045 3.03346398426 5.98540486217 3.04313806116 22295.8965317 1.3766881934 6.0002310158 3.75728027807 12.8309097068 23.3390672344 27.2446000335 49.4721113239 17.6762138295
-9999.0 -9999.0 -9999.0 -9999.0 -9999.0 -9999.0 -9999.0 -9999.0 -9999.0 -9999.0 -9999.0 -9999.0 -9999.0 -9999.0 -9999.0 -9999.0 -9999.0 -9999.0 10.789304029 35.1111206399 68.3511332039 88.736992756 222.406804379 236.915039242 40.5099066 60.3881702853 77.7330738602 92.5931047253 191.301361013 205.362572023 371.843366944 386.058098953 392.19489022 529.609443555 566.885594672 7.79743138411 5.08124220154 4.80017547212 9.1893210171 4.27083444624 62.0844552614 65.4020920389 11.9738572826 16.0401727338 2.9233629633 3860.50666331 3866.55286166 26165.072746 26172.4141321 1.37566618773 15.6932901245 1.71379840838 1.63283181068 53.2937962761 72.6704547001
-9999.0 -9999.0 -9999.0 -9999.0 -9999.0 -9999.0 -9999.0 -9999.0 -9999.0 -9999.0 -9999.0 -9999.0 -9999.0 -9999.0 -9999.0 -9999.0 -9999.0 -9999.0 -9999.0 12.8312157135 12.4693689192 23.0024087476 54.0352003514 247.640973748 20.7397741033 20.5637803634 37.4613640791 54.7848618122 132.60245967 143.448669943 9.28254070669 9.44231181072 399.930583714 404.44075819 976.214526757 980.397329501 2.95869500481 2.68528125542 2.37858548057 2.39653068724 2.71082918609 3796.71977819 3815.94165248 3836.89268012 3844.69406447 3857.06525054 3.28683177688 12.2273468712 14.9185698199 26191.7383079 26192.3559406 26194.951876 26198.8999719 26202.3439377 75.1579161164
-9999.0 -9999.0 -9999.0 -9999.0 -9999.0 -9999.0 -9999.0 -9999.0 -9999.0 -9999.0 -9999.0 -9999.0 -9999.0 -9999.0 -9999.0 -9999.0 -9999.0 -9999.0 -9999.0 -9999.0 10.9888686706 11.732903547 21.4307781149 289.678318729 301.791910312 20.2738977883 37.0343644405 54.6375615544 68.0551216464 12.0736705665 23.0957228465 761.181444763 767.135894812 774.238524169 822.508922205 1809.14920314 3670.02160452 3677.18948934 3683.76213319 3690.24275571 3718.98677381 3728.07589296 16.0845452253 7.19137206417 4.16293626032 7.9040962181 6.06891716646 9.54779413175 3.00903735266 69.0068465305 74.3923357539 78.5371669521 80.2179996122 26203.2874436 26280.5279639
-9999.0 -9999.0 -9999.0 -9999.0 -9999.0 -9999.0 -9999.0 -9999.0 -9999.0 -9999.0 -9999.0 -9999.0 -9999.0 -9999.0 -9999.0 -9999.0 -9999.0 -9999.0 -9999.0 -9999.0 -9999.0 11.2536010982 21.4919944131 31.8600209347 310.991081315 14.2569341129 437.398806956 455.355560529 467.87189737 479.596074966 715.81572356 727.392753626 5.91536758839 35.0372564018 41.9172452962 5.54373336973 1853.96494199 1843.41869063 3.77196358235 8.4707571569 22.497084396 4.88984629825 4.94709042329 3.61111902355 3.12871735183 2.5536802502 2.88105319993 59.7490698793 62.7140620357 66.1661796067 3.06930858151 2.41395407702 81.7388403459 83.6258464992 85.0025434924
-9999.0 -9999.0 -9999.0 -9999.0 -9999.0 -9999.0 -9999.0 -9999.0 -9999.0 -9999.0 -9999.0 -9999.0 -9999.0 -9999.0 -9999.0 -9999.0 -9999.0 -9999.0 -9999.0 -9999.0 -9999.0 9.94258732237 9.31430499557 48.714538112 381.133531904 406.431915094 420.730286106 15.5838286862 207.277378243 219.070405965 225.016880826 10.9547401653 17.7117015596 22.792203193 416.528259436 421.239970753 425.531678311 1835.57520052 1139.57920911 4.51853507548 4.74917725549 4.59567757847 3.74588910837 36.8833689003 43.813248245 50.0211865614 53.4013946507 56.6773878501 421.116236944 423.630781977 427.568523893 437.766988773 469.166472589 470.750922747 557.470487589
-9999.0 -9999.0 -9999.0 -9999.0 -9999.0 -9999.0 -9999.0 -9999.0 -9999.0 -9999.0 -9999.0 -9999.0 -9999.0 -9999.0 -9999.0 -9999.0 -9999.0 -9999.0 -9999.0 -9999.0 -9999.0 -9999.0 19.4976128772 30.0793117049 11.7251652575 20.6227351989 153.248869138 169.086893408 179.979178347 84.4583631336 93.8969120806 103.747669607 110.449067406 406.550526256 412.695052386 256.877174976 687.343749663 691.965457565 1135.83123049 9.22770542813 4.70862417116 3.55262417258 25.3150135206 29.6573631339 2.65922264536 2.44653100102 410.338483077 416.038733613 418.784753322 4.50169506873 7.14015997229 464.984776376 2.57129645136 10.6707205517 12.0739087762
-9999.0 -9999.0 -9999.0 -9999.0 -9999.0 -9999.0 -9999.0 -9999.0 -9999.0 -9999.0 -9999.0 -9999.0 -9999.0 -9999.0 -9999.0 -9999.0 -9999.0 -9999.0 -9999.0 -9999.0 -9999.0 -9999.0 9.86592568292 19.4581341621 85.025879616 97.9344680747 114.523040817 63.5248641237 75.4152139656 9.18039145885 274.160088151 282.496956035 290.397788114 6.43120233027 245.355075296 251.719266822 4.94782882703 1112.04792446 10.2309098789 5.14694028199 13.3946962272 18.1164811994 3.71445067106 3.15114938303 380.696809836 405.167773622 408.413074687 3.44433147383 7.81038632881 9.95401184795 11.8730501108 23.457806518 3.9805182819 8.67838301836 1.9099357744
-9999.0 -9999.0 -9999.0 -9999.0 -9999.0 -9999.0 -9999.0 -9999.0 -9999.0 -9999.0 -9999.0 -9999.0 -9999.0 -9999.0 -9999.0 -9999.0 -9999.0 -9999.0 -9999.0 -9999.0 -9999.0 -9999.0 9.66226858431 30.5511962594 55.384342412 15.6805332931 34.6078826141 50.0640882106 236.935032279 247.986547806 256.771479614 8.21383148331 203.696730324 227.032730004 233.676908563 5.24156660106 1091.45414227 1102.52977131 5.22355630598 4.83831015844 9.54424225772 3.98712185254 360.67646941 367.986489136 372.083062809 15.6790036573 19.0727874819 3.02107966011 5.51088376755 2.50788058761 17.3195902597 2.59841593707 2.18373860258 2.30290872839 2.39019969792
-9999.0 -9999.0 -9999.0 -9999.0 -9999.0 -9999.0 -9999.0 -9999.0 -9999.0 -9999.0 -9999.0 -9999.0 -9999.0 -9999.0 -9999.0 -9999.0 -9999.0 -9999.0 -9999.0 -9999.0 -9999.0 -9999.0 -9999.0 10.5955711833 13.1071181592 18.9308061578 166.408545807 180.710170381 224.03649007 11.834989818 168.618265532 188.02598371 8.40996729223 16.7153573833 5.94440974187 1075.0425693 6.2898311955 16.3833331245 20.5879434448 24.6309099342 336.991954945 349.321404349 353.62662343 4.40607698644 8.32159162888 11.9216378408 2.29677529982 2.02632065355 995.184001839 997.233189197 998.998136227 1015.31864311 1017.50419323 1020.08790983 1022.09967519
