data/baseflow/mHMbf_acc546.asc
ncols                  80
nrows                 72
xllcorner      4374000.0
yllcorner      5656000.0
cellsize            500
NODATA_value       -9999
[rows 0 to 24 of 72, columns 0 to 54 of 80]
-9999.0 -9999.0 -9999.0 -9999.0 -9999.0 -9999.0 -9999.0 -9999.0 -9999.0 -9999.0 -9999.0 -9999.0 23.3432156901 21.9189060351 -9999.0 -9999.0 -9999.0 -9999.0 -9999.0 -9999.0 -9999.0 -9999.0 -9999.0 -9999.0 -9999.0 -9999.0 -9999.0 -9999.0 -9999.0 -9999.0 -9999.0 -9999.0 -9999.0 -9999.0 -9999.0 -9999.0 -9999.0 -9999.0 -9999.0 -9999.0 -9999.0 -9999.0 -9999.0 -9999.0 -9999.0 -9999.0 -9999.0 -9999.0 -9999.0 -9999.0 -9999.0 -9999.0 -9999.0 -9999.0 -9999.0
-9999.0 -9999.0 -9999.0 -9999.0 -9999.0 -9999.0 -9999.0 -9999.0 -9999.0 -9999.0 -9999.0 -9999.0 46.0761087069 109.118310028 19.1229737015 -9999.0 16.4050389419 -9999.0 -9999.0 -9999.0 -9999.0 -9999.0 -9999.0 -9999.0 -9999.0 -9999.0 -9999.0 -9999.0 -9999.0 -9999.0 -9999.0 -9999.0 -9999.0 -9999.0 -9999.0 -9999.0 -9999.0 -9999.0 -9999.0 -9999.0 -9999.0 -9999.0 -9999.0 -9999.0 -9999.0 -9999.0 -9999.0 -9999.0 -9999.0 -9999.0 -9999.0 -9999.0 -9999.0 -9999.0 -9999.0
-9999.0 -9999.0 -9999.0 -9999.0 -9999.0 -9999.0 -9999.0 -9999.0 -9999.0 -9999.0 21.9842415045 21.3340287337 22.0491011813 21.579586926 149.550604073 169.225151512 45.7766506523 14.5110672699 -9999.0 -9999.0 -9999.0 -9999.0 -9999.0 -9999.0 -9999.0 -9999.0 -9999.0 -9999.0 -9999.0 -9999.0 -9999.0 -9999.0 -9999.0 -9999.0 -9999.0 -9999.0 -9999.0 -9999.0 -9999.0 -9999.0 -9999.0 -9999.0 -9999.0 -9999.0 -9999.0 -9999.0 -9999.0 -9999.0 -9999.0 -9999.0 -9999.0 -9999.0 -9999.0 -9999.0 -9999.0
-9999.0 -9999.0 -9999.0 -9999.0 -9999.0 -9999.0 -9999.0 -9999.0 -9999.0 21.5664658575 43.2421084261 85.8447812463 42.324515931 20.5116952619 40.0268910262 188.42362054 269.259863638 16.8249287201 -9999.0 20.373971954 -9999.0 -9999.0 -9999.0 -9999.0 31.1215671861 15.7270422824 -9999.0 -9999.0 -9999.0 -9999.0 -9999.0 -9999.0 -9999.0 -9999.0 -9999.0 -9999.0 -9999.0 -9999.0 -9999.0 -9999.0 -9999.0 -9999.0 -9999.0 -9999.0 -9999.0 -9999.0 -9999.0 -9999.0 -9999.0 -9999.0 -9999.0 -9999.0 -9999.0 -9999.0 -9999.0
-9999.0 -9999.0 -9999.0 -9999.0 -9999.0 -9999.0 -9999.0 -9999.0 24.8897808811 69.6647803755 90.614985776 111.645135142 148.234763666 19.456230459 77.6063126325 96.4048410883 404.292680109 19.7652121474 18.0300223051 38.573795999 56.0113467313 18.1688626233 -9999.0 82.2297286774 67.1012614455 18.706325208 -9999.0 -9999.0 -9999.0 -9999.0 -9999.0 -9999.0 -9999.0 -9999.0 -9999.0 -9999.0 -9999.0 -9999.0 -9999.0 -9999.0 -9999.0 -9999.0 -9999.0 -9999.0 -9999.0 -9999.0 -9999.0 -9999.0 -9999.0 -9999.0 -9999.0 -9999.0 -9999.0 -9999.0 -9999.0
-9999.0 -9999.0 -9999.0 -9999.0 -9999.0 -9999.0 24.7931423013 22.3940472642 21.7383152536 22.1303923468 22.2530566488 156.390092947 325.531602373 346.114326503 362.004937669 14.5455269604 437.653387811 455.530505418 34.9850685523 17.8199977823 73.0889226304 126.738231409 18.6392999297 139.5266126 18.8643977665 19.6874394905 19.2889094442 -9999.0 -9999.0 -9999.0 -9999.0 -9999.0 -9999.0 -9999.0 -9999.0 -9999.0 -9999.0 -9999.0 -9999.0 -9999.0 -9999.0 -9999.0 -9999.0 -9999.0 -9999.0 -9999.0 -9999.0 -9999.0 -9999.0 -9999.0 -9999.0 -9999.0 -9999.0 -9999.0 -9999.0
-9999.0 -9999.0 -9999.0 -9999.0 -9999.0 -9999.0 49.6369893621 72.990682026 164.039127823 228.61560341 20.0029587723 20.4991041551 19.5826699631 57.1572228454 436.879401003 15.6746344479 472.90657922 537.08026273 50.4190109991 34.4032920844 143.261146997 17.7837096536 156.71280223 34.9334587989 17.7372743976 37.1665433277 38.1309638458 18.7549805944 18.3144240976 17.9242558759 18.8383199639 37.7781095459 -9999.0 -9999.0 -9999.0 -9999.0 -9999.0 -9999.0 -9999.0 -9999.0 -9999.0 -9999.0 -9999.0 -9999.0 -9999.0 -9999.0 -9999.0 -9999.0 -9999.0 -9999.0 -9999.0 -9999.0 -9999.0 -9999.0 -9999.0
-9999.0 -9999.0 -9999.0 -9999.0 -9999.0 26.5344348818 51.3690704643 24.5056475145 47.6518387522 252.247759857 294.643575356 336.428379446 1068.25877198 18.530017541 455.859797186 1668.90483159 1681.35190271 2239.70918665 13.2289184455 50.7092834457 159.911046254 16.5195588793 353.175015372 179.743865031 110.638046272 93.1967685009 18.494479032 55.2976859484 53.3619569359 35.5965862555 17.2971966599 55.6394895541 17.2024813773 17.0192086762 -9999.0 -9999.0 -9999.0 -9999.0 -9999.0 -9999.0 -9999.0 -9999.0 -9999.0 -9999.0 -9999.0 -9999.0 -9999.0 -9999.0 -9999.0 -9999.0 -9999.0 -9999.0 -9999.0 -9999.0 -9999.0
-9999.0 -9999.0 -9999.0 -9999.0 -9999.0 26.5393961368 77.0613261981 153.422897289 176.738372084 349.643670286 371.474809889 439.736649648 712.8815436 1122.65746181 1161.59828228 1179.91521421 33.0553421218 2297.55138877 2325.17040008 2408.70831119 2989.59637095 403.984397595 370.597032887 127.893495694 16.6512380504 107.084068198 72.6457988528 16.9135012456 69.6605623993 15.2369283708 31.1710323699 87.693522483 104.139179906 33.3163321458 16.2262284687 16.0832392153 -9999.0 -9999.0 -9999.0 -9999.0 15.7738988717 13.9537498312 -9999.0 -9999.0 -9999.0 -9999.0 -9999.0 -9999.0 -9999.0 -9999.0 -9999.0 -9999.0 -9999.0 -9999.0 -9999.0
-9999.0 -9999.0 -9999.0 -9999.0 -9999.0 25.690991028 24.5075174578 102.067775207 125.754637655 150.224769702 23.1829845581 45.9334144915 258.386161983 44.1376149077 21.3764890637 19.9320992271 17.9882249651 18.849729215 17.4349344778 19.0366574171 3007.38096629 3057.39238523 16.2049778033 49.189196599 33.1841035619 123.373346976 33.7481081603 16.4628045852 86.6793404332 29.5557005277 70.5953559647 183.629635062 169.888174952 49.5540796623 48.8742749679 16.3244550696 16.1865455531 -9999.0 -9999.0 16.0318502934 33.8502236024 76.8332551044 14.6080710042 -9999.0 -9999.0 -9999.0 -9999.0 -9999.0 -9999.0 -9999.0 -9999.0 -9999.0 -9999.0 -9999.0 -9999.0
-9999.0 -9999.0 -9999.0 -9999.0 -9999.0 -9999.0 26.4447080841 26.7659268667 50.6408374567 74.9191988492 168.553030948 215.105910628 237.435938981 22.4992266846 19.1577511375 253.594019479 312.157384956 330.661544823 406.202611286 423.778655926 17.2619111344 3074.74598134 3154.0998456 62.70033563 8.27261137891 137.120291944 305.50640223 119.302894159 30.7120472997 15.1284901486 283.731129302 198.967195306 15.0088454118 14.9983885445 63.976768413 47.8196734999 15.3720910575 15.8674372971 15.4096935013 31.1425290424 14.8775065043 93.4144301961 108.179362238 14.6565819268 -9999.0 -9999.0 -9999.0 -9999.0 16.0683776316 15.4402169716 4.02462352472 -9999.0 -9999.0 -9999.0 -9999.0
-9999.0 -9999.0 -9999.0 -9999.0 -9999.0 -9999.0 -9999.0 26.1295889996 22.2672514897 47.083567572 71.226455959 23.479598891 20.3126832938 131.341325469 173.127121075 215.571530957 20.0489451544 38.8908394545 19.1506230848 441.707246098 978.875561917 994.879666186 4182.99535387 16.2503033885 25.5153984691 7.92177768904 320.889981695 15.5721420875 46.1031508743 14.9656676179 298.853206492 313.925701499 30.0043776235 29.5946784131 157.923150094 78.6188815841 31.2568121321 15.8101339458 30.8279644768 46.328321171 75.7664879573 14.7374014068 138.247559698 153.778208941 14.600597044 15.2643399617 15.5574980347 14.7140392944 14.1640772565 45.8124024527 17.0695553122 11.1482783901 -9999.0 -9999.0 -9999.0
-9999.0 -9999.0 -9999.0 -9999.0 -9999.0 -9999.0 -9999.0 -9999.0 46.5826706886 67.3820881946 23.007656259 46.748126924 68.8300299998 112.190565126 21.9551876579 21.2527108403 18.8273977886 19.0850865094 17.613134761 501.453401287 18.9850546394 37.1755605501 4238.69390286 4284.18835186 22.0105638043 68.6624220572 405.181034929 30.3383203168 59.9794699276 28.7983022208 42.3400983931 371.61662653 43.7823377008 229.261718485 185.905588156 13.825228543 75.8314755406 30.3396351776 45.0023224269 14.1208091393 90.2377483248 119.900801145 133.994242051 147.639593405 209.613241552 28.0932798513 28.8608960531 27.4462271814 26.3017671429 58.504922923 12.3354289054 40.7570022081 52.1620778234 -9999.0 -9999.0
-9999.0 -9999.0 -9999.0 -9999.0 -9999.0 -9999.0 -9999.0 -9999.0 24.9584088395 116.34926588 138.802566619 22.4920421187 44.0316564507 21.5212509924 20.0912383356 19.736471831 247.255722388 330.023742412 407.705998668 484.587801672 19.7246153322 18.5301989002 21.2291046435 4375.31608308 4426.0018204 4448.98447583 548.512496046 121.553499181 105.123551093 14.2762716479 56.2346372066 441.645889639 13.9844898055 243.070439758 14.0353744081 96.5281770548 90.3776592352 14.3429078492 59.0518375783 28.1150272597 41.861625284 14.4294319119 13.3335702674 161.180884887 173.974126182 222.380801275 42.1067845091 40.3243077755 38.8523458894 71.2417728224 95.9984774811 12.3224809012 63.6708572113 11.6755932867 22.5693679143
-9999.0 -9999.0 -9999.0 -9999.0 -9999.0 -9999.0 -9999.0 -9999.0 -9999.0 25.0961881403 162.08058138 184.096123949 65.5795207613 108.669055249 149.124985405 169.566198958 20.6376148918 63.7034453182 41.3540728178 20.6715576786 20.0520430877 18.3458166317 36.8772032216 65.7953957233 26.8467948254 5047.40599688 5069.59931302 20.3729614379 14.2905522861 27.7775568717 41.1061114641 481.822493976 26.973082462 255.916374265 148.314159095 121.568569491 13.7575127967 27.8786324989 72.233796264 13.1070917952 54.6955849796 27.2068563394 21.7434248483 7.46438705322 200.818659594 434.25346853 52.4002369964 50.809068911 49.9450837963 10.9571278146 106.857425195 10.6877413621 86.3665048565 10.6728247314 33.2741025027
-9999.0 -9999.0 -9999.0 -9999.0 -9999.0 -9999.0 -9999.0 -9999.0 -9999.0 -9999.0 22.1386191277 228.712628269 21.4539617325 42.9659995244 62.7764203201 102.906582397 20.811007785 42.9202535348 20.8115712695 20.1206691201 18.7877593412 37.36290511 17.2517666732 20.1124196488 43.4821149916 25.4011070759 5092.99766437 5135.47563088 5192.67152191 56.5013536926 13.3392109352 26.5747146022 495.202435001 469.444256356 175.486404919 13.4132032041 54.9545269961 41.3852195557 85.4522302331 26.2751554359 107.644076516 39.9766810901 32.8927663063 3.64623869282 7.70365616791 446.858383227 458.741568622 572.893296969 83.623129889 22.2997163109 118.397908018 140.315810134 237.086421595 21.2165485666 10.0469282348
-9999.0 -9999.0 -9999.0 -9999.0 -9999.0 -9999.0 -9999.0 -9999.0 -9999.0 -9999.0 -9999.0 11.0287097089 251.598937024 19.5990791524 39.062530065 181.874363017 20.761233352 20.6707568944 18.3537208877 38.6710160254 17.9530775674 73.2041277304 107.11592156 123.321791983 59.59993493 78.5651141396 21.5657881448 23.4466682714 21.6686511009 5284.71113437 5327.55788316 507.627492285 493.950910787 481.743241356 25.3238520651 12.5355661831 67.5084905199 178.095821941 98.0626060413 38.847174291 158.678738063 57.1646129626 45.4081438469 6.75933436938 3.01151083403 3.40390918223 5.24555588523 597.447939411 713.707524791 10.4859056665 10.1816965237 10.3109702983 247.040780961 277.67270359 18.3281287913
-9999.0 -9999.0 -9999.0 -9999.0 -9999.0 -9999.0 -9999.0 -9999.0 -9999.0 -9999.0 -9999.0 10.301947768 276.632907225 340.036441457 19.5729066747 220.843300011 19.4660957049 18.8594952148 36.1846289356 92.8888868889 17.5634615353 18.3080222279 16.2686565507 156.405128944 172.174695111 266.575880701 303.159376187 319.975535869 339.317620313 357.89917941 5705.48998315 6244.18391263 6769.01928414 6784.95437488 13.8081057415 12.5979596698 203.233683274 190.775042824 12.3882279769 12.0858021494 170.055371623 239.346706494 10.0803056035 87.2760467886 80.5994672178 14.5820451912 9.12410191607 14.9741775893 11.594174179 735.470251214 10.9858477691 30.5073768456 39.6967368085 340.10230585 361.083433979
-9999.0 -9999.0 -9999.0 -9999.0 -9999.0 -9999.0 -9999.0 -9999.0 -9999.0 -9999.0 -9999.0 22.7498730483 43.6181355349 360.48619732 397.786232079 18.7816182912 259.429277132 17.5550330146 52.9480303226 109.763834206 34.1232392227 16.5046940768 33.7435081518 15.4614220776 29.3795098997 13.8965947313 12.1674661571 8.86996375718 7.09757983931 6.76363634399 6.9959597856 11.2999883355 15.5107879114 19.8317926979 6834.53330294 262.259846863 232.958292422 13.9862392774 36.0577242095 8.92414611458 7.26311528282 250.72394793 371.737287947 99.3980459476 74.4799585944 7.78077676235 3.6211896356 3.29514588374 12.5614966655 758.978532755 780.518399004 11.0712698845 11.1586235055 8.13194569177 3.03768378018
-9999.0 -9999.0 -9999.0 -9999.0 -9999.0 -9999.0 -9999.0 -9999.0 -9999.0 -9999.0 -9999.0 -9999.0 19.8883969021 263.001717308 680.252798258 737.975256966 1015.6794922 1034.44426499 248.803342522 177.83386315 50.9365904971 16.3239580211 65.6928135161 81.0485943142 124.493465449 28.273814229 25.6384700868 22.5043166366 42.7123167994 19.7212295485 19.0481820824 8.83728506571 3.65314853555 6.15485182847 6849.78015783 7121.6897427 7139.98236443 14.8378161656 104.921395597 40.0846011608 12.0974450608 408.277597701 25.3176369118 12.9825730738 50.5388171336 9.46216989095 9.57682432305 18.70635431 28.0155649124 38.3176159362 799.796751345 9.31750899492 8.46067189345 8.46494133781 6.13720275041
-9999.0 -9999.0 -9999.0 -9999.0 -9999.0 -9999.0 -9999.0 -9999.0 -9999.0 -9999.0 -9999.0 21.4441832794 200.095422516 242.930136492 39.6100736372 11.3254125178 25.8625962528 1077.94909807 1095.55628907 1362.04304006 15.2357677291 31.435752589 14.1010052548 14.3156809563 138.297080438 180.352599865 218.579073735 12.6837664091 55.1582810734 87.1159690173 51.4479510939 20.6957498321 12.6883125048 10.6788691958 12.4204954541 8.60446251018 7154.49022204 7167.65385611 7297.83810867 21.750778066 11.0694259432 420.489229635 26.2501961687 13.4355780163 14.0432050348 13.89901541 13.0451140397 22.973545155 69.5305829885 118.762104651 927.768127813 7.5242027571 22.6292838017 15.2829898718 12.39113068
-9999.0 -9999.0 -9999.0 -9999.0 -9999.0 -9999.0 -9999.0 -9999.0 -9999.0 -9999.0 -9999.0 21.9561180016 137.834980934 21.9100979253 19.4147565106 98.811154688 116.505019022 134.719429494 151.5024669 1829.47070166 1842.41036007 1870.79004622 2084.41437535 2125.96252349 2148.29558341 2162.60915869 2404.49650385 2432.49524474 2444.55266229 2544.18350476 2608.61816372 2620.60972437 2652.48113567 21.9248867334 18.334752493 3.57900169089 5.89878954312 7180.52930824 7344.55231068 33.7735458727 494.56395456 483.521998025 50.9709726845 12.4187485408 12.5417822685 12.3519830144 12.0366162018 24.2673398651 35.7006492367 11.5928930923 936.775407056 946.145752778 992.383397009 1000.46225684 1020.44740883
-9999.0 -9999.0 -9999.0 -9999.0 -9999.0 -9999.0 -9999.0 -9999.0 -9999.0 -9999.0 -9999.0 70.5428250562 93.2214181225 43.3520715299 63.9274204057 20.315753267 229.738850082 248.832705017 286.031910393 299.21313243 119.646943904 2012.47441014 2024.960841 12.5478404702 8.22666298354 6.02233303918 14.6736172214 6.07530997034 3.85408696356 3.48729753841 4.84268765905 2628.50764359 2661.55220447 2695.45551214 2724.56974978 2745.61551737 9.15219261775 4.37954122544 7873.16248468 516.398284925 505.908537369 11.3338025972 11.1277291879 10.7317116852 23.5137546327 23.3846500275 10.8159367275 10.6871365518 10.123679361 21.5843444285 30.0278384764 7.49251064625 13.9534363853 4.73220827812 1.47952120103
-9999.0 -9999.0 -9999.0 -9999.0 -9999.0 -9999.0 -9999.0 -9999.0 -9999.0 -9999.0 -9999.0 -9999.0 47.4775054444 22.2488627854 20.4970678784 192.003089484 211.684839066 19.5335830403 75.4440750349 92.5016247966 106.803287935 15.955438524 13.5901261809 295.53414778 306.941442411 317.25098356 823.92421431 830.298476479 838.079551814 896.264978115 919.419429704 922.712000804 2.86691339228 3.01300905001 4.25934349273 2763.40221165 7.32826588987 7976.98431577 7963.81485982 80.3617367297 69.0045010024 44.0080729125 10.9932893576 21.4078428043 34.4946084665 34.3455249198 21.3581769753 10.3313825027 20.3556497647 20.1443272726 39.2242427386 6.06821367264 20.2077537817 32.2938951749 35.4412325039
-9999.0 -9999.0 -9999.0 -9999.0 -9999.0 -9999.0 -9999.0 -9999.0 -9999.0 -9999.0 -9999.0 -9999.0 24.2801016288 67.5806317143 88.3255015321 151.432155548 19.5015216799 39.3611979729 57.9844392911 216.422408809 230.065263751 237.433952925 251.521346651 268.68240666 429.230054741 476.82861305 498.630890875 6.49803186991 49.5574148677 54.563547992 907.973113955 927.04822348 934.057686352 941.035763044 949.020062699 3721.78217377 11.6919782377 8010.05626522 10.9856088305 3.76689053774 58.2332071398 52.3122909941 6.75485187322 30.727897392 44.0011093894 43.7259613388 30.3361344504 49.5657622878 78.3135808178 29.0288121648 76.6714614805 5.90959828784 7.99682550923 1.36006554181 1.12829300084
