data/baseflow/mHMbf_acc345.asc
ncols                  80
nrows                 72
xllcorner      4374000.0
yllcorner      5656000.0
cellsize            500
NODATA_value       -9999
[rows 0 to 24 of 72, columns 0 to 54 of 80]
-9999.0 -9999.0 -9999.0 -9999.0 -9999.0 -9999.0 -9999.0 -9999.0 -9999.0 -9999.0 -9999.0 -9999.0 13.0344809098 16.2184660002 -9999.0 -9999.0 -9999.0 -9999.0 -9999.0 -9999.0 -9999.0 -9999.0 -9999.0 -9999.0 -9999.0 -9999.0 -9999.0 -9999.0 -9999.0 -9999.0 -9999.0 -9999.0 -9999.0 -9999.0 -9999.0 -9999.0 -9999.0 -9999.0 -9999.0 -9999.0 -9999.0 -9999.0 -9999.0 -9999.0 -9999.0 -9999.0 -9999.0 -9999.0 -9999.0 -9999.0 -9999.0 -9999.0 -9999.0 -9999.0 -9999.0
-9999.0 -9999.0 -9999.0 -9999.0 -9999.0 -9999.0 -9999.0 -9999.0 -9999.0 -9999.0 -9999.0 -9999.0 22.9431645044 64.5066097384 13.1564765765 -9999.0 13.0526083055 -9999.0 -9999.0 -9999.0 -9999.0 -9999.0 -9999.0 -9999.0 -9999.0 -9999.0 -9999.0 -9999.0 -9999.0 -9999.0 -9999.0 -9999.0 -9999.0 -9999.0 -9999.0 -9999.0 -9999.0 -9999.0 -9999.0 -9999.0 -9999.0 -9999.0 -9999.0 -9999.0 -9999.0 -9999.0 -9999.0 -9999.0 -9999.0 -9999.0 -9999.0 -9999.0 -9999.0 -9999.0 -9999.0
-9999.0 -9999.0 -9999.0 -9999.0 -9999.0 -9999.0 -9999.0 -9999.0 -9999.0 -9999.0 9.41011739574 9.02087506543 9.45617172424 9.27787842883 81.8065797533 93.598050427 36.9697927828 12.019636051 -9999.0 -9999.0 -9999.0 -9999.0 -9999.0 -9999.0 -9999.0 -9999.0 -9999.0 -9999.0 -9999.0 -9999.0 -9999.0 -9999.0 -9999.0 -9999.0 -9999.0 -9999.0 -9999.0 -9999.0 -9999.0 -9999.0 -9999.0 -9999.0 -9999.0 -9999.0 -9999.0 -9999.0 -9999.0 -9999.0 -9999.0 -9999.0 -9999.0 -9999.0 -9999.0 -9999.0 -9999.0
-9999.0 -9999.0 -9999.0 -9999.0 -9999.0 -9999.0 -9999.0 -9999.0 -9999.0 9.10019346183 18.4891018675 36.6411038359 18.1573309656 8.79263774973 17.2224214864 101.908103193 163.943419877 12.5414843819 -9999.0 8.90803386349 -9999.0 -9999.0 -9999.0 -9999.0 25.295674299 12.993106978 -9999.0 -9999.0 -9999.0 -9999.0 -9999.0 -9999.0 -9999.0 -9999.0 -9999.0 -9999.0 -9999.0 -9999.0 -9999.0 -9999.0 -9999.0 -9999.0 -9999.0 -9999.0 -9999.0 -9999.0 -9999.0 -9999.0 -9999.0 -9999.0 -9999.0 -9999.0 -9999.0 -9999.0 -9999.0
-9999.0 -9999.0 -9999.0 -9999.0 -9999.0 -9999.0 -9999.0 -9999.0 10.5369596248 29.3250157079 38.049638488 46.9188157945 63.3342282912 8.26473441207 32.9337578896 40.8824093593 225.766178127 9.30483662698 7.52672534423 16.7921878978 24.3993470888 7.91397877196 -9999.0 62.9551104193 51.5138013942 13.3765125092 -9999.0 -9999.0 -9999.0 -9999.0 -9999.0 -9999.0 -9999.0 -9999.0 -9999.0 -9999.0 -9999.0 -9999.0 -9999.0 -9999.0 -9999.0 -9999.0 -9999.0 -9999.0 -9999.0 -9999.0 -9999.0 -9999.0 -9999.0 -9999.0 -9999.0 -9999.0 -9999.0 -9999.0 -9999.0
-9999.0 -9999.0 -9999.0 -9999.0 -9999.0 -9999.0 10.6598052915 9.52706021985 9.00094184645 9.18066867024 9.31451162062 65.8092573278 138.059043861 146.817885537 152.628495979 4.82856627694 239.450465203 247.051961996 15.3781983202 7.76703698086 31.8597057022 55.1318209217 9.23892137247 91.0268323705 8.06752816559 9.19059283953 8.30738476073 -9999.0 -9999.0 -9999.0 -9999.0 -9999.0 -9999.0 -9999.0 -9999.0 -9999.0 -9999.0 -9999.0 -9999.0 -9999.0 -9999.0 -9999.0 -9999.0 -9999.0 -9999.0 -9999.0 -9999.0 -9999.0 -9999.0 -9999.0 -9999.0 -9999.0 -9999.0 -9999.0 -9999.0
-9999.0 -9999.0 -9999.0 -9999.0 -9999.0 -9999.0 21.1730449395 31.004348833 69.4512768964 96.1189823616 8.26182088679 8.61109660902 8.19897898019 23.9748578819 183.773173438 5.92406989247 254.399444881 283.261144152 22.620840247 14.7549711613 62.2122328811 7.63551911141 98.5404076684 15.204592524 7.6052715186 16.5653379939 16.3931770628 8.17004477575 8.36164128176 8.21593890073 8.51948491287 17.0878294714 -9999.0 -9999.0 -9999.0 -9999.0 -9999.0 -9999.0 -9999.0 -9999.0 -9999.0 -9999.0 -9999.0 -9999.0 -9999.0 -9999.0 -9999.0 -9999.0 -9999.0 -9999.0 -9999.0 -9999.0 -9999.0 -9999.0 -9999.0
-9999.0 -9999.0 -9999.0 -9999.0 -9999.0 11.6640023639 22.3570264131 10.5296240174 20.3071397318 106.061264902 123.709612747 141.220944983 457.760994348 7.95640654763 191.632469136 712.37299988 718.023421289 1011.58508743 6.34408978832 21.8182524427 69.3425545378 7.06885180229 184.523397166 78.6629748028 48.5607388315 40.8666490214 8.02406716933 24.3151314371 24.4643168486 16.3246988895 7.92757183289 25.237345165 7.8623747238 7.79504758165 -9999.0 -9999.0 -9999.0 -9999.0 -9999.0 -9999.0 -9999.0 -9999.0 -9999.0 -9999.0 -9999.0 -9999.0 -9999.0 -9999.0 -9999.0 -9999.0 -9999.0 -9999.0 -9999.0 -9999.0 -9999.0
-9999.0 -9999.0 -9999.0 -9999.0 -9999.0 11.6715661086 33.6178459084 66.8374536118 76.8055234336 151.636634454 160.939277606 190.217724943 308.535680868 483.029500899 499.741010968 507.522802671 13.7490417931 1036.61932003 1049.574869 1085.59891202 1368.48817776 206.317398172 192.092055959 56.0530967868 7.38564055066 46.6785214131 31.7246562069 7.15940760166 31.8598769206 7.25307988382 14.950124093 40.4361442345 48.0396755557 15.3443895783 7.45761193038 7.47213305616 -9999.0 -9999.0 -9999.0 -9999.0 11.4618229929 10.5139730538 -9999.0 -9999.0 -9999.0 -9999.0 -9999.0 -9999.0 -9999.0 -9999.0 -9999.0 -9999.0 -9999.0 -9999.0 -9999.0
-9999.0 -9999.0 -9999.0 -9999.0 -9999.0 11.1565515422 10.5199299688 44.4036828551 54.5964980023 65.1951776327 9.97534023059 19.7165407723 111.858533406 20.4586453902 9.18417926007 8.30525862309 7.39905233876 8.41995510641 8.01266637365 8.08668281932 1376.11403707 1397.48125395 7.02948691523 21.6361571612 14.7008910623 53.8713354327 14.4424389121 7.00450256628 39.3385266804 14.1801695504 34.2302831946 84.5991148061 78.2145149577 22.6731046373 22.1716367995 7.56647825864 7.50796541189 -9999.0 -9999.0 7.53509480812 22.7261354448 55.0724607629 10.9444127711 -9999.0 -9999.0 -9999.0 -9999.0 -9999.0 -9999.0 -9999.0 -9999.0 -9999.0 -9999.0 -9999.0 -9999.0
-9999.0 -9999.0 -9999.0 -9999.0 -9999.0 -9999.0 11.675805751 11.8028367563 21.9061265156 32.4176117951 72.5998738611 92.7203945057 102.941820002 11.2310383295 8.22108213769 109.766708937 134.315437835 142.019190557 174.203278721 181.613062651 7.33967738766 1404.88873645 1438.57971026 26.4709710829 2.16533339285 59.3617769152 133.444137182 53.1201154844 13.7192301108 6.91367307144 132.32736543 91.617169368 6.78113624493 6.91354052106 29.199330181 22.2112366625 7.08084366645 6.99519482213 7.3112383088 14.7206811846 7.08644726304 66.7917724787 73.5660430497 6.51759050631 -9999.0 -9999.0 -9999.0 -9999.0 7.22419601434 6.90238969977 2.18905358356 -9999.0 -9999.0 -9999.0 -9999.0
-9999.0 -9999.0 -9999.0 -9999.0 -9999.0 -9999.0 -9999.0 11.1978087443 9.0885005217 19.9993073758 30.5733264172 10.1346430715 9.20182383544 57.6072610279 75.422104728 93.593736425 8.47642968913 16.640122025 8.20271609744 189.233118693 433.928495463 444.956129905 1900.63566397 6.90838997844 7.04657303058 2.14058882557 140.169050863 6.76526155828 20.7461916949 6.81428624401 139.014669528 145.695519013 13.6180422497 13.6688378537 72.918124928 36.5252966877 14.2714750133 7.24416977149 14.6210522305 21.9349995842 35.7350051103 6.6789793837 86.2501565527 92.0205202879 5.26012949529 5.57210468262 5.80375310337 5.34080650331 5.09400121251 20.0531990031 8.03555728924 5.179195508 -9999.0 -9999.0 -9999.0
-9999.0 -9999.0 -9999.0 -9999.0 -9999.0 -9999.0 -9999.0 -9999.0 20.4400676335 28.6407605534 9.97996428844 20.3917415048 29.9409344295 49.1502753071 9.7754808692 9.30147112033 8.04636605535 8.14395253917 7.4707109629 229.301945217 8.2888396919 16.2164501334 1928.4406839 1946.85421155 7.14442443554 21.2037871595 167.791800006 13.34755049 26.9538573054 12.7305480515 18.9091607021 171.747630538 19.902631873 105.960613427 86.112775433 6.72642721227 35.2528343435 14.1748318549 21.4390529881 6.82660675001 42.3650183842 55.1295321279 60.2119876109 65.0686122723 111.880271932 10.0074252554 10.5167303304 9.74874226718 9.21618297764 25.0704160801 5.38033985824 18.7059446222 23.6973946519 -9999.0 -9999.0
-9999.0 -9999.0 -9999.0 -9999.0 -9999.0 -9999.0 -9999.0 -9999.0 10.9343581192 50.1603169837 59.8609112317 9.70319606517 18.9875394256 9.26830977796 8.63059466484 8.48862089827 105.868200353 140.476208302 177.410739338 217.376618866 10.0544448183 8.08209289404 7.97188776908 1988.20215236 2010.94319585 2019.18043727 228.82635923 53.5150193596 46.7200393598 6.04618881358 24.8297239883 202.635608166 6.03698951883 112.086819205 6.59914595359 45.6828724638 42.2734583861 6.84992437741 28.213520744 13.5717901842 20.1671246769 6.0143139925 4.66842178814 69.8729797247 74.2832928553 116.27949789 15.1990971239 14.2355376209 13.6297975128 30.6796392005 41.5256609569 5.40700382235 28.8761430617 5.52073308692 10.5603658785
-9999.0 -9999.0 -9999.0 -9999.0 -9999.0 -9999.0 -9999.0 -9999.0 -9999.0 11.2267920035 70.0799021051 79.5627075946 28.2911298916 46.7506302253 64.0084902854 72.6561424188 8.83756894973 26.4995469455 17.5684942307 9.00634670172 8.88780185262 7.99859549304 15.8718523109 26.9770830112 10.530534358 2267.53467146 2274.97773485 6.90059840591 5.50729940097 12.2166870867 18.2670124905 220.562814401 11.9432701576 117.681778097 70.2701464105 57.8555865072 6.58173288492 13.3185475043 34.5155276254 6.27748659742 26.2710699524 12.0340512921 7.08005866148 1.90804585985 82.2913714452 202.269394826 18.568663557 17.6914508356 18.1044635435 4.63076670165 46.1352503913 4.51077915539 38.8658632973 4.97662749809 15.5904842432
-9999.0 -9999.0 -9999.0 -9999.0 -9999.0 -9999.0 -9999.0 -9999.0 -9999.0 -9999.0 9.54465778407 98.8139073161 9.25490468917 18.4733825452 26.8351680942 43.3486085047 8.40150961253 17.5251688639 8.60776913494 8.20060867945 7.81555960179 15.5384964438 7.08129072953 7.64332219657 15.5697985961 9.04677685204 2283.94309901 2298.85848501 2319.48031174 24.2286415015 6.09878656772 12.1528065455 226.768929573 217.980720785 83.0288131606 6.31586786459 26.2757158378 19.7769165961 40.8340511371 12.5680771456 50.5643957654 18.0982067675 11.7794648467 0.601423138754 2.10661929426 206.652254107 210.798979631 250.733474945 32.5291804507 9.52753388232 51.0731345913 60.4090676019 103.713477828 9.78028877317 4.66490044385
-9999.0 -9999.0 -9999.0 -9999.0 -9999.0 -9999.0 -9999.0 -9999.0 -9999.0 -9999.0 -9999.0 5.11837352184 109.098185256 8.80375440472 17.0272661364 76.8466078292 8.54458933976 8.47319459895 7.75807155132 16.2844803366 8.07563105082 31.6497677457 46.0050098311 52.758257735 21.9938332384 28.2624032921 7.18843451648 8.42983650274 8.7823023698 2360.10518097 2378.72981241 232.303668722 229.107804052 223.598102596 11.4740858824 5.62473156453 32.2553036921 85.092420591 46.869623249 18.5678337915 74.9155470703 20.4387397179 14.8930972107 1.22393321422 0.519902408046 0.608057782328 1.15129540055 257.283153211 302.719201746 4.62143880033 4.30365842093 4.63797991719 108.27744961 122.32287595 8.27727073099
-9999.0 -9999.0 -9999.0 -9999.0 -9999.0 -9999.0 -9999.0 -9999.0 -9999.0 -9999.0 -9999.0 4.83284673446 120.509398229 147.992519075 8.35463545268 93.4573650721 7.9506637588 7.66169853858 15.541722001 39.7330616112 7.80340737189 8.13050156741 7.0488604666 66.8267987854 73.5949149178 109.112545973 122.098317141 127.993106745 134.782433041 142.407344599 2529.31102551 2772.29841692 3012.00537011 3018.39271467 5.35702879415 5.68355152277 97.0786033119 91.1333851553 5.93370819056 5.87410569956 80.517041843 106.739396043 4.50338863815 35.043733463 32.6426604097 3.044945983 1.95357923765 3.37699461109 4.26415479306 310.513296828 3.90188934619 12.3389097817 15.5439010905 145.475002914 154.50912825
-9999.0 -9999.0 -9999.0 -9999.0 -9999.0 -9999.0 -9999.0 -9999.0 -9999.0 -9999.0 -9999.0 9.96524500284 19.0464176011 156.858934018 172.768977775 8.03519722825 112.639006646 6.85654750839 21.2976328881 46.8981916991 15.1337880907 7.30465612237 15.0206853505 6.4610307365 12.6546284405 6.33144685455 5.35450307044 3.22023179116 2.34687825873 1.87116036713 1.6736166951 3.04466753086 4.85594344956 7.23912567029 3037.74302264 117.118528533 106.786063616 4.63818432918 17.1367553615 4.49048305653 3.85211669371 112.184847033 163.108663714 40.8830324537 31.4650700264 1.79137740565 0.721732675345 0.631403352984 3.82761461009 318.392845432 326.169283846 4.03829709593 4.17064497506 2.50005953694 0.83227721037
-9999.0 -9999.0 -9999.0 -9999.0 -9999.0 -9999.0 -9999.0 -9999.0 -9999.0 -9999.0 -9999.0 -9999.0 8.53836809774 116.110209379 297.220808775 322.281744767 443.582522987 454.682206971 108.579303446 76.8073496765 22.5681491694 7.22190621287 29.3062921392 36.2659890925 55.3460566774 12.9056991165 11.6372259427 9.59292515757 18.1645199908 8.01162677026 7.29312278267 3.44311224353 0.803087756224 1.41642152323 3043.80733996 3166.13025277 3172.4214326 4.69096497108 46.3616806031 19.7615899294 5.79847927882 180.73513322 12.2752660217 6.29525697713 24.4923415967 3.91425013072 3.43943386973 6.4789405554 9.7676777575 13.5576860023 332.878256187 3.19505127235 2.87276194818 2.87889925245 1.86972322134
-9999.0 -9999.0 -9999.0 -9999.0 -9999.0 -9999.0 -9999.0 -9999.0 -9999.0 -9999.0 -9999.0 9.28384457335 88.6264670201 107.385404217 17.0990218858 5.45273478919 12.0891754227 474.267203706 483.372772899 602.642762313 6.61924219635 13.7830316766 6.25683644794 6.35381841281 61.6307133204 80.8085783014 98.4753886924 5.91267359199 24.1265332019 37.992201795 21.9769131982 9.10585782207 4.6322196035 2.75374767611 3.1421804239 2.08501078943 3177.48442241 3181.69726557 3235.77934833 10.0408650234 5.28379224134 188.191878618 13.2070017878 6.74185493312 7.11891072597 7.05356639222 6.51082262101 10.0713524111 31.2989783333 48.961319581 385.129881392 2.53294358739 7.62908194844 5.17294155014 3.98703806512
-9999.0 -9999.0 -9999.0 -9999.0 -9999.0 -9999.0 -9999.0 -9999.0 -9999.0 -9999.0 -9999.0 9.51659545444 61.7030498884 9.63825812139 8.40786090892 43.6331633712 51.0627638912 58.585685648 65.7067048209 804.342672514 810.59622922 823.545984004 914.890618063 931.666616116 940.150867833 946.604269515 1053.1534482 1065.53363 1071.53679703 1115.26763537 1143.52563634 1149.25399485 1162.21624874 8.11689104145 5.17939553872 0.6236324125 1.06808988728 3185.76309551 3254.0975258 14.5678332278 226.718203519 221.125861072 25.2082292989 6.08819844784 6.20172665463 6.05418932164 5.98125057208 12.0015625224 17.134185065 4.84773983879 388.308297929 391.658820377 407.400743047 410.229003671 416.899789398
-9999.0 -9999.0 -9999.0 -9999.0 -9999.0 -9999.0 -9999.0 -9999.0 -9999.0 -9999.0 -9999.0 31.9462597464 42.1527523169 19.324703438 28.3652459182 8.89581116154 100.903704804 108.745610622 124.282906253 128.764409997 49.8362223769 882.765595918 888.33329599 3.87557686059 2.03828889147 1.18043383846 3.59920898556 1.60321499807 0.81649002901 0.775359338588 1.3543328383 1152.20660571 1165.95445991 1180.41870136 1191.20829016 1195.85691505 1.52890195906 0.790154839127 3493.86007391 236.138574398 232.588901898 5.54701136864 5.31328814984 4.97955239138 11.3406676757 11.2069972988 5.2623707914 5.28738664989 4.92582661921 9.70100509645 12.88394364 2.42504223111 4.45823526979 1.50243900476 0.325255664009
-9999.0 -9999.0 -9999.0 -9999.0 -9999.0 -9999.0 -9999.0 -9999.0 -9999.0 -9999.0 -9999.0 -9999.0 21.6417669379 10.0008885819 9.09938129402 85.2685470555 93.3818532572 8.17474051493 31.9329363321 38.946139801 44.1846145833 6.27347514084 4.6082924616 122.916649397 126.609541987 129.702801441 358.144461513 359.637522137 361.184498757 381.163140014 386.150140208 386.830741378 0.727204104037 0.77204869791 1.3407005277 1201.87541152 1.97871988911 3537.11200783 3533.06142405 36.194603159 32.1896192005 21.3372985341 5.35569770402 9.92248910282 16.4617420414 16.3429558451 10.3253081801 5.10939948755 9.94519986611 9.82955888959 17.2635616337 2.94702454882 7.04962649966 11.3208915641 11.9863939995
-9999.0 -9999.0 -9999.0 -9999.0 -9999.0 -9999.0 -9999.0 -9999.0 -9999.0 -9999.0 -9999.0 -9999.0 11.1935834313 30.3144533 39.4835419871 67.5987310549 8.21054223041 16.6007472829 24.5127565138 94.9133432332 100.012008822 101.869928338 107.14790008 113.818603752 199.117041057 218.463602318 226.164604803 1.49946280444 18.2527085627 19.3192121351 383.454640934 387.733222503 389.544753785 391.434713838 393.491057917 1598.50033512 4.03130229901 3547.51151695 2.44683919449 0.709334907339 26.9741283167 25.0018635852 2.76423482584 14.3335977878 21.0034262107 20.7588808419 14.5051403501 23.8067328594 37.623177199 14.0292488454 35.2357407179 2.43766836103 3.42569415361 0.248694797048 0.209791192094
