data/baseflow/mHMbf_acc531.asc
ncols                  80
nrows                 72
xllcorner      4374000.0
yllcorner      5656000.0
cellsize            500
NODATA_value       -9999
[rows 25 to 49 of 72, columns 0 to 54 of 80]
-9999.0 -9999.0 -9999.0 -9999.0 -9999.0 -9999.0 -9999.0 -9999.0 -9999.0 -9999.0 -9999.0 -9999.0 36.2462687161 72.0762249624 34.4915908156 69.450061243 33.9763605163 243.728787987 310.870617218 344.534006146 32.5059455972 62.5082643984 573.063573456 719.178828662 746.322049286 63.2433828566 64.5649582706 93.171639544 21.2921240234 20.8026767538 40.3324270757 19.2780942429 870.254929248 890.938072584 915.524145247 7418.25579647 15275.5848989 15130.0071951 37.5020059488 15.2664279821 14.2243727799 57.6475610506 41.7526035715 98.6530602804 133.025413585 267.430293984 24.8494886485 24.878798844 226.502769395 249.264701637 488.189261279 505.331843311 544.651810363 562.883996805 16.0249708783
-9999.0 -9999.0 -9999.0 -9999.0 -9999.0 -9999.0 -9999.0 -9999.0 -9999.0 -9999.0 -9999.0 -9999.0 -9999.0 35.7589655981 71.0890806602 106.086313617 174.689748698 35.4639670463 34.1295378041 219.182356168 251.653933455 515.723712266 546.865146151 89.838792226 32.7318914696 32.3456574849 31.6472986461 743.549723177 768.374332603 790.811594865 810.852963071 850.178735226 194.55768572 216.911253527 1158.21495438 23860.3718634 123.718555844 106.028773857 53.6628873143 13.6333175043 12.7748282608 86.0197312715 97.7473713107 127.334839706 14.7538267257 284.872162662 44.2504187981 43.828394907 13.7097017909 10.3641338686 8.56725767143 7.78634019905 8.02536850243 570.643119625 7339.0160229
-9999.0 -9999.0 -9999.0 -9999.0 -9999.0 -9999.0 -9999.0 -9999.0 -9999.0 -9999.0 -9999.0 -9999.0 -9999.0 -9999.0 35.3090683654 64.2383209399 90.1063856503 116.934433965 150.999551973 185.422139955 102.576433863 169.153824777 31.6723763838 31.5966401608 588.880335029 651.728118518 682.223049956 714.377024059 28.3754707953 53.629923426 132.247563939 154.570590548 174.93127544 23.12875708 18.3655507672 23909.6264182 18.3840636167 30.3354307501 16.1183781923 52.0461284839 24.5598513319 14.2355742261 237.899061024 247.909265752 9.65796850125 294.715724967 350.710459611 56.7310911425 7661.37457732 7637.91277372 7617.96393223 7583.06066783 7568.09690439 7374.54071755 7365.44317662
-9999.0 -9999.0 -9999.0 -9999.0 -9999.0 -9999.0 -9999.0 -9999.0 -9999.0 -9999.0 -9999.0 -9999.0 -9999.0 -9999.0 5.6688159018 13.3399790145 25.4722089747 207.475684893 242.857727338 35.1656169157 34.4963129617 33.6791005918 461.762567749 526.208868235 31.6106755359 32.2092053315 30.2441365684 121.675741636 151.749182918 84.6235402704 106.391122965 671.194977045 696.592599147 740.769437223 1197.45354878 25116.2905013 18.1198589283 14.2881845059 77.0728207553 64.4024687741 10.1777904565 35.2527243365 45.6992288038 259.150442543 268.649742054 644.003198514 356.595512809 63.0539284177 7845.19727314 82.8855939307 7600.52899568 7592.05998601 179.873956855 6.23537392249 20.1201219907
-9999.0 -9999.0 -9999.0 -9999.0 -9999.0 -9999.0 -9999.0 -9999.0 -9999.0 -9999.0 -9999.0 -9999.0 -9999.0 -9999.0 28.4887806696 46.6988408322 101.995864207 175.367862402 265.311467355 329.109546192 363.116883019 397.076893923 429.887691602 32.2032208024 31.7016512728 62.8751776248 60.871094554 30.6831957049 573.822341682 603.628412828 632.146894403 659.101302023 391.916510093 416.747220538 439.25550646 25124.0535804 28.9706767625 38.6134638597 122.657061929 11.311181273 19.7147402909 9.61373771478 9.97789560502 54.8947006196 8.40827590001 8.82100232995 8532.55524958 7881.37926347 7872.89776565 30.325256759 72.9868837085 48.5067730561 12.5947010112 167.096556601 51.3188313044
-9999.0 -9999.0 -9999.0 -9999.0 -9999.0 -9999.0 -9999.0 -9999.0 -9999.0 -9999.0 -9999.0 -9999.0 -9999.0 -9999.0 19.8162739452 18.0859106913 35.2145533566 54.5341558637 32.2950613073 34.9986977775 69.3656043917 104.081065269 170.489917644 203.396618074 235.5387176 330.851541223 361.542871967 392.663694664 30.0261647284 294.601294265 321.914580173 346.571927867 21.3151102309 12.230602713 21.0237354215 25567.7307785 25575.201234 25620.9476939 151.874946322 21.7120211745 37.0383429162 11.7966261285 18.0819687054 63.0168968071 78.8336845252 16.3063802093 8570.05292562 11.1691230885 17.1182717608 18.9959317217 13.8148057595 25.7036853393 10.8298244132 102.214656872 80.9613468075
-9999.0 -9999.0 -9999.0 -9999.0 -9999.0 -9999.0 -9999.0 -9999.0 -9999.0 -9999.0 -9999.0 -9999.0 -9999.0 -9999.0 -9999.0 17.0102108685 33.9807248905 17.7972536276 37.5338181155 236.917690934 268.572732414 303.606824042 33.1648210479 33.1953961999 65.3972577201 97.5330577206 158.809593534 189.347931913 205.747948402 234.793834007 27.1122146445 25.3936527074 386.190667086 397.051003564 406.010785829 414.67127609 336.334225559 25992.2283958 26199.8808014 26207.9713242 26252.5485605 26295.6448648 26324.2583184 9.42558242874 86.6391903789 8578.90018323 23.1077752176 11.7725845643 9.84924461473 8.15566313537 14.7213653183 14.9984422796 8.10034806091 10.5913257139 10.3237210775
-9999.0 -9999.0 -9999.0 -9999.0 -9999.0 -9999.0 -9999.0 -9999.0 -9999.0 -9999.0 -9999.0 -9999.0 -9999.0 -9999.0 -9999.0 -9999.0 50.5768008764 70.2457944978 127.657860887 176.112070147 27.8244344362 366.216070447 399.075409413 432.380877148 32.8875240438 65.3735967037 30.8845218824 220.500834664 236.427365674 261.68258633 289.03050994 358.297371145 366.996618042 5.72635055181 303.610234513 320.517600789 328.190618021 363.514581384 48.0594810843 31.9611517249 21.1092416761 19.5784117378 26354.0213495 26368.683354 26512.7685416 8588.41159801 57.0643240001 25.2288598421 16.7808105754 6.04484491065 45.5006306062 23.8715165854 7.58419127389 39.9252109253 33.1010411153
-9999.0 -9999.0 -9999.0 -9999.0 -9999.0 -9999.0 -9999.0 -9999.0 -9999.0 -9999.0 -9999.0 -9999.0 -9999.0 -9999.0 -9999.0 -9999.0 19.2970744666 88.9529653349 109.194069171 29.7306932439 34.8205155926 68.9878735304 101.623400623 566.960897439 32.8255070276 131.239300978 162.345322675 192.840504182 16.6992781153 40.8122624444 55.8495874786 244.992077738 274.738335622 281.403296929 8.12712362403 8.7267312828 10.6991271656 19.388531476 8.53556254886 9.35565362657 19.3773313482 14.265758451 17.7751015634 47.3646680069 26526.1357548 35149.7528914 71.5787922747 11.2385769508 6.33673020502 139.325396973 126.51736223 73.3978887106 65.7979436441 49.4592238196 10.296884416
-9999.0 -9999.0 -9999.0 -9999.0 -9999.0 -9999.0 -9999.0 -9999.0 -9999.0 -9999.0 -9999.0 -9999.0 -9999.0 -9999.0 -9999.0 15.3873407079 52.8175416811 17.8680784725 34.886888794 36.3878932912 71.2480375651 105.295826485 135.787638185 724.854570398 757.046668442 32.6623403282 63.7336108643 94.8107027759 116.666034807 142.040370396 218.261309052 236.284245421 20.3113055568 16.0645319428 14.1985215749 16.3685414446 19.5744869606 18.1663977565 16.523718904 18.1384626629 66.5236233599 28.3574039045 11.4447618657 11.0406829509 12.0340329664 23.4008969645 35577.5799257 347.807840011 164.049604992 9.50231297915 3.96149017644 4.66272829929 17.6680022036 12.8179612932 6.76808187983
-9999.0 -9999.0 -9999.0 -9999.0 -9999.0 -9999.0 -9999.0 -9999.0 -9999.0 -9999.0 -9999.0 -9999.0 -9999.0 -9999.0 15.9089858665 31.2150593628 117.283463249 17.4934973999 64.4250496214 100.850727291 136.468690065 35.246204042 68.389919285 95.9645830652 874.69588839 32.0490080116 62.5676811818 93.0924631725 28.946699154 57.491068119 77.4987116526 96.41134484 1867.42747109 1901.91179194 1935.66555708 2075.07414163 2126.53059397 2231.92576337 41.1037181353 83.1491424442 87.5688571183 2587.26869397 2611.20381698 10.6687973143 21.136240858 31.2942165043 35584.8359398 328.295708536 153.045812614 148.771529145 113.053099682 98.4688840313 23.5730224263 5.37686297926 11.6149204717
-9999.0 -9999.0 -9999.0 -9999.0 -9999.0 -9999.0 -9999.0 -9999.0 -9999.0 -9999.0 -9999.0 -9999.0 -9999.0 -9999.0 16.0436377364 48.8769556762 182.350427494 267.225899402 15.8365027165 357.582120881 515.028634595 34.2974557245 67.2134342246 96.7286856966 1148.97815008 1174.06816452 29.532112126 152.344473315 180.707649429 204.870323306 1660.16962083 1719.10926308 1751.62362451 16.0233917508 94.825670085 113.651222083 49.8837889182 72.1647952105 2334.20603378 2449.79445353 2468.19561716 2485.95718503 2636.45920387 12.4581335315 11.0555482766 51.8359345863 35593.3540998 6.79799582708 10.896728163 31.9226161764 11.0950298323 90.2278627131 69.731023041 40.1352381954 29.7189152862
-9999.0 -9999.0 -9999.0 -9999.0 -9999.0 -9999.0 -9999.0 -9999.0 -9999.0 -9999.0 -9999.0 -9999.0 -9999.0 -9999.0 -9999.0 -9999.0 34.4400436614 69.3874368069 318.507634343 337.446421829 531.608290002 552.483856959 33.5677552402 66.9897856129 160.02426896 1193.86494004 1251.57832102 1278.5099973 22.9903005021 1373.26172198 1434.63073381 38.0872936926 15.7341624716 31.8320205826 61.3509704699 14.4469862503 29.4470621204 68.0583042476 85.1742430531 15.0236535315 11.3354868001 23.1268725483 2716.6550967 2746.46485424 2756.63796671 2830.22995347 35601.5572013 4.44200227432 9.07755945003 9.64141142673 9.28429736512 9.42295606216 8.36362047384 16.0565341976 3.5539101408
-9999.0 -9999.0 -9999.0 -9999.0 -9999.0 -9999.0 -9999.0 -9999.0 -9999.0 -9999.0 -9999.0 -9999.0 -9999.0 -9999.0 -9999.0 -9999.0 17.9807544305 17.6414290451 17.9482267485 39.6297477186 17.5326200578 586.971655667 606.263571906 31.3238369663 63.0769425272 32.4746721726 28.7524316162 28.3951792412 1330.15390055 20.5905024827 40.7505192091 19.8433261418 17.0501306727 15.1068008618 12.6449664025 12.9282340031 38.5234363973 52.0157589337 10.768024301 9.72001961003 20.1121917233 32.0057824855 40.7558304603 12.640598483 2767.93986336 2840.3117794 35607.5677353 32.734910891 24.3752476081 7.20457738119 15.4250192529 6.22502397244 4.98659775345 21.3422788746 18.761205685
-9999.0 -9999.0 -9999.0 -9999.0 -9999.0 -9999.0 -9999.0 -9999.0 -9999.0 -9999.0 -9999.0 -9999.0 -9999.0 -9999.0 -9999.0 -9999.0 -9999.0 -9999.0 17.4716136211 55.9723745175 71.0136807799 87.7379514527 622.456516567 638.852469387 657.032778265 682.302911419 710.431671006 767.331217023 787.731413744 807.644159537 825.946850456 16.6886725184 15.7957204055 15.6981362703 54.5181263986 13.6984565961 13.0163610277 11.3959014509 32.7546425769 11.5871768718 9.62549056513 9.18584498713 7.90346087021 15.7855514028 22.8583119011 2887.13343503 38534.4226465 3.90512757849 9.97106911844 6.7166001368 22.1566551088 13.7578518507 10.015117504 56.111228878 31.5865046531
-9999.0 -9999.0 -9999.0 -9999.0 -9999.0 -9999.0 -9999.0 -9999.0 -9999.0 -9999.0 -9999.0 -9999.0 -9999.0 -9999.0 -9999.0 -9999.0 -9999.0 -9999.0 -9999.0 14.7129730502 115.368843383 235.11698727 253.515120673 27.8883340248 58.8574810574 90.6792764428 120.507444341 303.625038102 321.269721003 17.1153281693 16.4810312029 861.782484002 893.639874992 908.046236129 66.0538672804 10.4707721151 23.4946995864 34.6844623458 103.215126818 125.278047039 143.67825088 17.4317432328 24.6857192902 8.1081182166 15.8530210549 7.93374282253 38549.8463538 4.20836139575 17.5481180615 12.4740870821 39.7998006477 73.7193680557 86.0024281922 144.219029582 42.4349622096
-9999.0 -9999.0 -9999.0 -9999.0 -9999.0 -9999.0 -9999.0 -9999.0 -9999.0 -9999.0 -9999.0 -9999.0 -9999.0 -9999.0 -9999.0 -9999.0 -9999.0 -9999.0 16.2684951351 51.4803931163 100.932476715 132.059126196 348.812378767 372.241400347 64.3989723716 96.1605319177 125.638761184 155.528960819 340.379235806 375.56158362 668.680030534 691.309664425 708.199512033 922.071704121 1023.43203651 23.4957339405 13.8273867753 13.4064820914 25.6767028942 11.6906318677 165.802951403 174.567161762 32.7942374711 42.3671973876 11.9727531697 6999.51920739 7017.06143595 45576.6763568 45599.7379183 3.61109897914 47.0737227506 8.51227511092 8.06211122676 161.627457531 208.877649144
-9999.0 -9999.0 -9999.0 -9999.0 -9999.0 -9999.0 -9999.0 -9999.0 -9999.0 -9999.0 -9999.0 -9999.0 -9999.0 -9999.0 -9999.0 -9999.0 -9999.0 -9999.0 -9999.0 18.2609652361 17.8124417584 33.8929426143 80.4623026089 388.054113168 32.4997871583 32.2339003661 61.5179817729 90.8986712121 225.985625004 247.78819912 15.0416181032 14.7765875294 725.57522387 739.193770669 1776.66931098 1790.55087322 9.30910050401 8.6639454748 7.58884043576 7.63542709752 7.75310581244 6841.22382784 6889.85240844 6940.10499232 6960.04621552 6989.81984349 8.47711822983 32.4678846736 41.5022631779 45655.5308938 45659.4367157 45662.9684291 45671.2087573 45677.7825426 221.262774323
-9999.0 -9999.0 -9999.0 -9999.0 -9999.0 -9999.0 -9999.0 -9999.0 -9999.0 -9999.0 -9999.0 -9999.0 -9999.0 -9999.0 -9999.0 -9999.0 -9999.0 -9999.0 -9999.0 -9999.0 16.5031688982 17.1924758629 31.925565627 450.469407082 470.365503058 32.075476187 61.258075537 90.8085097654 113.804841743 21.2476731762 41.2870635636 1238.43981222 1253.74948342 1267.71284632 1370.17489926 3173.50083501 6507.45643187 6527.88926093 6546.61621392 6564.87728129 6636.09735167 6658.04571211 41.0222704417 19.0255095964 10.4748171092 20.0991831536 16.2827534933 25.1626641077 7.78208703124 185.970642623 204.806168661 218.177927175 223.800034622 45683.2612603 45915.4742952
-9999.0 -9999.0 -9999.0 -9999.0 -9999.0 -9999.0 -9999.0 -9999.0 -9999.0 -9999.0 -9999.0 -9999.0 -9999.0 -9999.0 -9999.0 -9999.0 -9999.0 -9999.0 -9999.0 -9999.0 -9999.0 16.7241101187 32.0451411502 47.44743322 483.929891449 24.8325154924 684.577190936 714.656630899 736.889503436 757.88243103 1157.17172896 1177.55949982 15.0948739355 75.4175547415 91.3848545425 14.2755282647 3313.45736834 3287.2083188 9.55317169494 20.6086288855 54.4339117933 11.6544827453 12.0233637242 9.7580563811 8.71991937755 7.44238656229 8.019394734 160.251585703 168.144870325 177.100632336 11.5377016998 7.97407297243 227.488294067 233.523622567 238.078395239
-9999.0 -9999.0 -9999.0 -9999.0 -9999.0 -9999.0 -9999.0 -9999.0 -9999.0 -9999.0 -9999.0 -9999.0 -9999.0 -9999.0 -9999.0 -9999.0 -9999.0 -9999.0 -9999.0 -9999.0 -9999.0 15.3363678064 14.354338558 74.2589766654 590.540777394 631.714082584 655.598017384 30.6138628168 350.381458603 370.823126378 380.082520091 18.8631387721 35.7651607412 50.3331931276 791.278907558 803.253004719 813.929647761 3267.16661476 1922.57265035 10.856825516 11.3901779363 11.1403037807 9.72264818708 97.6543384727 116.523028393 133.807030967 142.919200079 151.807974272 979.303133509 986.519068019 995.222353952 1013.55184884 1107.40932756 1112.73238952 1356.29637669
-9999.0 -9999.0 -9999.0 -9999.0 -9999.0 -9999.0 -9999.0 -9999.0 -9999.0 -9999.0 -9999.0 -9999.0 -9999.0 -9999.0 -9999.0 -9999.0 -9999.0 -9999.0 -9999.0 -9999.0 -9999.0 -9999.0 29.8717742828 45.5737334779 18.572695045 32.3997270443 238.721314938 270.268268344 294.977514361 163.772203191 184.221101454 205.023762887 221.172957349 765.69560385 780.061855544 496.011120425 1322.30609134 1334.14567371 1912.96051704 23.4556503947 11.9188926251 9.76749640102 67.2426259157 78.5819793419 7.98954898009 7.5344152349 948.024594682 964.734649502 972.683811734 8.20330262741 12.5857455773 1088.80104124 9.30225233415 38.0870499811 42.8739726393
-9999.0 -9999.0 -9999.0 -9999.0 -9999.0 -9999.0 -9999.0 -9999.0 -9999.0 -9999.0 -9999.0 -9999.0 -9999.0 -9999.0 -9999.0 -9999.0 -9999.0 -9999.0 -9999.0 -9999.0 -9999.0 -9999.0 14.895680361 29.5232616964 129.212599404 148.869152815 176.172700518 117.526595834 143.524824632 20.2536092702 493.065142964 511.994637262 530.011826602 15.4852041537 468.50090069 483.142732417 12.2091825943 1853.19407652 24.993256108 12.4743138027 35.5173374499 47.4613999614 10.1451763129 9.01534033632 862.113516167 932.430672827 941.78118727 9.65520795087 23.4868473937 29.8730335512 37.0379294925 68.8169197619 14.2613635276 31.0440306285 6.22128282649
-9999.0 -9999.0 -9999.0 -9999.0 -9999.0 -9999.0 -9999.0 -9999.0 -9999.0 -9999.0 -9999.0 -9999.0 -9999.0 -9999.0 -9999.0 -9999.0 -9999.0 -9999.0 -9999.0 -9999.0 -9999.0 -9999.0 14.67731154 46.9013806412 84.0912488812 24.2528134979 56.0029334746 87.6393407005 411.622375495 434.526402877 454.01697539 18.8714512754 370.205197294 424.01620729 440.010080176 14.1952952453 1801.68595483 1829.23879148 13.3394604261 12.7083137448 25.1762601312 11.1382312669 805.078685282 825.606031119 836.934345115 44.0946666262 54.1780401034 9.22825520368 16.7359570687 7.5524310478 52.7007995026 7.31770836511 7.81407442397 8.4812201028 8.07383759597
-9999.0 -9999.0 -9999.0 -9999.0 -9999.0 -9999.0 -9999.0 -9999.0 -9999.0 -9999.0 -9999.0 -9999.0 -9999.0 -9999.0 -9999.0 -9999.0 -9999.0 -9999.0 -9999.0 -9999.0 -9999.0 -9999.0 -9999.0 16.8719705222 19.6281325079 29.0157177123 263.44765435 294.351974781 383.739302368 24.9083987472 292.699042894 333.614009258 18.8251600708 37.3210548078 15.4894067329 1758.87469674 15.6719321242 43.2236927027 54.9253817733 67.0666595962 732.381009657 772.706120819 784.669814891 11.9922025255 22.9643131474 33.3015186006 7.37960593025 6.77811397086 1919.93912034 1926.41117934 1931.77726412 1979.88651695 1985.96395303 1994.48098348 2001.30000219
