data/baseflow/mHMbf_acc272.asc
ncols                  80
nrows                 72
xllcorner      4374000.0
yllcorner      5656000.0
cellsize            500
NODATA_value       -9999
[rows 25 to 49 of 72, columns 0 to 54 of 80]
-9999.0 -9999.0 -9999.0 -9999.0 -9999.0 -9999.0 -9999.0 -9999.0 -9999.0 -9999.0 -9999.0 -9999.0 17.0439252648 33.5892936742 14.9350835593 29.4963066202 11.4158912616 95.426542851 116.623317457 128.026817323 10.3841908752 20.1640278763 197.730242113 245.232084407 252.222679301 14.5126876876 12.47826975 18.3695989479 4.61823881842 4.04113821166 7.80758557547 3.27598513613 305.38010597 309.478173572 310.726073944 2304.78582098 4358.5753891 4339.56061328 4.45843114631 2.69210273921 2.56871677578 13.5958881409 11.418339134 28.3736915121 40.4242170475 80.565269821 7.10458169947 7.02849421379 65.713484851 72.5982680689 136.777734414 139.582065626 148.805066841 150.977336686 1.81364079867
-9999.0 -9999.0 -9999.0 -9999.0 -9999.0 -9999.0 -9999.0 -9999.0 -9999.0 -9999.0 -9999.0 -9999.0 -9999.0 14.7172014109 30.008070822 45.7538798904 70.8723201075 12.9608129377 11.0769115147 78.4703239761 88.7119001571 177.70417413 189.541891458 32.3426699347 9.21710384999 6.96102913565 5.83960228838 281.025827813 285.477955032 290.165496535 294.291324565 301.372069148 47.7666388771 49.3623629584 361.157959366 7027.0576767 16.1739815197 12.2727889242 6.92394596607 2.13970312694 2.03951096656 18.0899118921 19.3998183183 32.5667611687 2.32955094536 84.0996678366 12.5769781373 12.3051991044 2.3827842918 1.28369932669 0.967243295977 0.814120211395 0.987627764061 152.080815347 1691.07149345
-9999.0 -9999.0 -9999.0 -9999.0 -9999.0 -9999.0 -9999.0 -9999.0 -9999.0 -9999.0 -9999.0 -9999.0 -9999.0 -9999.0 14.1282005308 26.1080757332 36.1568336972 45.5371014567 56.504022641 68.1941125517 33.2086184566 57.4179327868 11.2886683671 10.1741591253 239.934654368 259.139393486 267.771883256 276.285098524 5.35000597859 9.5017087564 29.8452835605 36.2598328142 42.9942091216 2.42383059124 1.05361264041 7034.30617175 3.07997425693 3.82356731745 1.98175841573 7.89415209529 3.97648818892 1.62760809346 53.6107387903 54.6963465523 0.957377655521 85.1272873186 98.80799012 13.3397880856 1739.17132727 1735.75510733 1733.28520732 1728.97591605 1727.43629731 1700.98378715 1700.05741028
-9999.0 -9999.0 -9999.0 -9999.0 -9999.0 -9999.0 -9999.0 -9999.0 -9999.0 -9999.0 -9999.0 -9999.0 -9999.0 -9999.0 3.59936550215 7.2781389245 10.1850933735 107.759483096 118.676168692 11.4532584779 11.3690737737 11.8766299908 197.316332016 220.717141693 11.4674449083 11.3914674644 7.92022505047 34.5718660412 43.4657937724 18.1238822257 25.1908739093 208.463522335 215.854804347 224.60034827 351.364617434 7388.66493913 2.66084268229 1.47679586779 11.4670523518 9.814536837 1.34307906719 4.50238823356 6.0244777471 56.0751330639 57.1548221734 158.619958462 99.5489451982 15.4126996401 1768.41883041 7.96198687152 1731.2728518 1730.18718048 24.8669347696 1.71454591189 6.55591769873
-9999.0 -9999.0 -9999.0 -9999.0 -9999.0 -9999.0 -9999.0 -9999.0 -9999.0 -9999.0 -9999.0 -9999.0 -9999.0 -9999.0 16.9829577692 28.3028552116 55.4755253235 97.0178644671 127.831685905 152.379283824 163.569971323 175.524256426 187.489088447 11.1016544413 9.46003033793 18.2084369735 17.1751239105 9.35633421279 179.224144311 187.686009795 195.727569666 203.252151235 117.475175393 121.847519225 125.353000388 7391.44253917 5.77702570299 3.23276272001 17.2250977681 2.0580746876 2.7951855825 1.42503459553 1.41796979293 7.32155859562 0.895135639475 0.924265804046 1932.01730338 1772.65308642 1771.64825291 3.45200696209 7.12945737331 4.66972524515 1.09054504417 22.2097394045 5.97037581868
-9999.0 -9999.0 -9999.0 -9999.0 -9999.0 -9999.0 -9999.0 -9999.0 -9999.0 -9999.0 -9999.0 -9999.0 -9999.0 -9999.0 11.5488038138 11.1518810837 22.1524446762 32.5938070099 13.5068207374 15.1049413225 27.6052975002 39.5399882271 62.1909284614 73.1462289306 81.7634216929 109.37558708 117.838133298 128.041834973 8.8770611802 86.8229510579 94.8230015685 103.21889439 7.45151170079 5.41760434614 9.10212973118 7528.98337752 7531.61205372 7540.88703157 24.9367629509 5.19519391404 3.73373808463 1.19910722726 2.4843671963 8.42263834182 10.2103922948 1.66186671486 1935.87272262 1.04892934708 1.61121516301 1.81234707999 1.24604993454 2.70803832814 1.12218248468 15.1242527665 12.0441833054
-9999.0 -9999.0 -9999.0 -9999.0 -9999.0 -9999.0 -9999.0 -9999.0 -9999.0 -9999.0 -9999.0 -9999.0 -9999.0 -9999.0 -9999.0 10.8096971267 20.8559614433 9.10888198046 18.9284242987 119.074162235 128.565850435 138.950358938 11.2900570588 11.2391101585 19.7874704584 29.3356265046 45.1964955507 54.1478825058 61.5569988277 69.6353123084 6.79545312773 6.58854918307 112.819084443 118.814997599 122.285210528 125.535342336 110.785784073 7665.56104358 7707.7661877 7710.51276677 7716.43661983 7723.89678789 7727.08716683 0.702614912338 11.0202517683 1936.52158724 1.29102242338 0.661795736171 0.687348933544 0.769959041659 1.43943631526 1.66193000722 0.991676327875 1.64480190908 1.59863490979
-9999.0 -9999.0 -9999.0 -9999.0 -9999.0 -9999.0 -9999.0 -9999.0 -9999.0 -9999.0 -9999.0 -9999.0 -9999.0 -9999.0 -9999.0 -9999.0 30.9126337423 40.1203506311 69.1028063561 90.6243322339 11.4470669714 163.883140222 174.497854143 183.483985241 8.97632519415 17.3844775192 7.45421333771 58.7977367824 65.2730081614 73.3740893778 81.4196055845 101.738875536 107.342519046 3.58264088962 98.6065923823 104.862861701 107.769544372 121.784014573 14.3835406259 7.73018537254 3.78516526096 3.71094778601 7729.40026984 7730.24521071 7746.49542573 1937.02578387 3.98649681581 2.24946435918 1.4116601151 0.567481437206 4.97327148901 2.80577753611 0.847927656048 4.88838721707 4.18829405318
-9999.0 -9999.0 -9999.0 -9999.0 -9999.0 -9999.0 -9999.0 -9999.0 -9999.0 -9999.0 -9999.0 -9999.0 -9999.0 -9999.0 -9999.0 -9999.0 9.68856709484 49.8562890112 60.1485495579 11.4814497978 11.566076944 24.5240691096 35.9325281454 228.986464236 8.82693037641 35.8002426065 43.7868237634 51.5491903467 6.74727965857 14.0438669704 19.7899384303 74.4408065838 85.3195663514 88.6084651538 3.51218507828 3.2199847458 4.15811433529 7.91357124495 3.63020122765 3.55409525442 2.24383605063 3.2582109531 2.53616986051 4.59135312204 7747.53167358 9686.82564181 4.64775978691 1.36154552648 0.543937945516 16.2046539908 14.9451052848 9.08246428865 8.18665033786 6.1846254458 1.55622466116
-9999.0 -9999.0 -9999.0 -9999.0 -9999.0 -9999.0 -9999.0 -9999.0 -9999.0 -9999.0 -9999.0 -9999.0 -9999.0 -9999.0 -9999.0 8.89287361307 26.7043590597 8.30681356177 12.1903672869 12.5276208004 24.2237505489 36.07794356 45.7853780701 282.140852418 290.30616327 8.57351364654 16.4413574418 24.5245191225 32.0189803113 39.4291982258 65.7863308057 70.8034972704 6.9453123363 4.35764121613 2.96433523793 1.33427283247 2.11516813368 3.38159401466 3.34661679977 6.3401945572 7.56090245903 4.09615653059 0.709754189398 0.681741777523 0.756396407634 1.41290275513 9739.99445867 46.5048249116 19.0672698503 1.62925676712 0.786238139082 0.521340941175 1.97495242912 1.40817132426 0.745884350452
-9999.0 -9999.0 -9999.0 -9999.0 -9999.0 -9999.0 -9999.0 -9999.0 -9999.0 -9999.0 -9999.0 -9999.0 -9999.0 -9999.0 9.54418738212 18.1064591263 61.179376899 7.26213491802 20.6573685826 32.284887893 42.8240335043 11.6275813223 21.1719248651 29.6952406737 326.623813972 7.72020881302 14.7182894673 22.3426149474 7.6656251447 15.2159390782 21.0593845282 25.7858222926 560.737313449 568.045619983 573.54555691 593.281262625 599.851418722 614.1895449 4.02508159858 11.1729157948 8.45640750022 653.476007137 654.819941258 0.618769691006 1.16531898405 1.68440900554 9740.69586249 43.1026923629 21.8959616993 20.8515342713 15.5741565979 13.1193674382 2.61248611279 0.59989712088 1.22301091306
-9999.0 -9999.0 -9999.0 -9999.0 -9999.0 -9999.0 -9999.0 -9999.0 -9999.0 -9999.0 -9999.0 -9999.0 -9999.0 -9999.0 9.99172250158 29.9052660432 100.875309281 149.721521984 6.39460961857 190.271478719 240.52327536 10.2092766916 19.4204651508 28.3062854075 408.373874523 414.448256205 4.85095313683 32.2891625972 37.6381949407 43.9642863467 511.903500137 524.915172147 530.913386703 2.69266032997 15.2122510245 17.9321731809 6.30884115269 8.30636986242 626.895708096 641.488217096 642.966326773 644.310793279 656.269008783 0.701545843897 0.644215504767 2.82795682777 9741.45530698 1.08578568227 1.48947070042 4.43027041394 1.69264033706 11.87643771 8.8983601282 5.3583209138 3.9001038678
-9999.0 -9999.0 -9999.0 -9999.0 -9999.0 -9999.0 -9999.0 -9999.0 -9999.0 -9999.0 -9999.0 -9999.0 -9999.0 -9999.0 -9999.0 -9999.0 20.5779563827 40.7881905655 175.247157505 184.098539548 248.171982639 255.696126029 10.4869391972 21.0108930286 47.1154888556 419.618796488 429.53590227 433.056037726 3.0363725042 448.33751783 461.780143988 7.89504319807 2.74849490572 5.33887240672 10.2670602681 2.54514915644 4.75522344219 9.7446919261 11.6070617261 2.26921387762 1.43286440248 2.64464073113 668.510494981 671.973542937 672.523795817 677.198950375 9742.12939252 0.821692186845 1.01657326367 1.2143479964 1.16628422952 1.20072036632 1.06653503902 1.98423066526 0.52000121795
-9999.0 -9999.0 -9999.0 -9999.0 -9999.0 -9999.0 -9999.0 -9999.0 -9999.0 -9999.0 -9999.0 -9999.0 -9999.0 -9999.0 -9999.0 -9999.0 10.6179845879 10.2525908442 9.55087611888 17.1577134188 7.06959297086 270.036350106 276.973493892 8.74301956207 17.9537161191 6.70404047832 5.01671012981 4.72669370761 441.890375298 4.19797506169 9.16226063236 4.17119617364 3.05577499094 2.39837958617 1.80453194518 1.91041931666 6.10198942449 8.5090561847 1.58386247989 1.30747017184 2.96430554901 5.16423242404 8.00614272299 2.46617103904 673.760401096 677.74777869 9742.64786218 4.53851313434 2.78326142883 0.725164103699 1.75723757266 0.605795098182 0.509456467947 2.54553813304 2.81048624869
-9999.0 -9999.0 -9999.0 -9999.0 -9999.0 -9999.0 -9999.0 -9999.0 -9999.0 -9999.0 -9999.0 -9999.0 -9999.0 -9999.0 -9999.0 -9999.0 -9999.0 -9999.0 10.1406237503 25.8948881272 32.9237285208 39.9453859576 284.146820339 291.83400131 298.777386952 305.290469424 309.81446487 319.524212072 323.330282 327.214526089 330.206940219 2.39934658311 2.32996592364 2.4302450726 8.21587549803 2.23447215154 2.18724469507 1.57513230547 4.67329493425 1.90133103928 1.41412852147 1.28325624062 1.04656242949 2.0870084691 3.11498327894 684.131842275 10431.8754388 0.883911401718 1.40896897369 0.575893745377 2.41336776373 1.33287210769 1.02486432249 7.80458001027 4.88958291263
-9999.0 -9999.0 -9999.0 -9999.0 -9999.0 -9999.0 -9999.0 -9999.0 -9999.0 -9999.0 -9999.0 -9999.0 -9999.0 -9999.0 -9999.0 -9999.0 -9999.0 -9999.0 -9999.0 7.98975272401 66.9047792877 124.45222928 131.259575849 10.4959041403 19.7943266462 28.8679954167 35.5133917872 83.5021158957 86.0663726984 2.42873536838 2.58513455422 335.332799021 339.949548508 342.048788996 9.61689266554 1.03532183527 2.87538760872 4.29774171669 13.8511347114 17.4315281667 20.1324069811 2.41486941501 3.34029246884 1.15487231867 2.34720414902 1.24763483852 10434.0180798 0.606315897184 2.72168307338 1.05199884539 3.90244180017 8.53540462144 9.94715693124 18.1945703735 6.43681141317
-9999.0 -9999.0 -9999.0 -9999.0 -9999.0 -9999.0 -9999.0 -9999.0 -9999.0 -9999.0 -9999.0 -9999.0 -9999.0 -9999.0 -9999.0 -9999.0 -9999.0 -9999.0 9.30545866505 30.3235047302 59.0439965586 76.6662994733 185.788705001 194.293215455 19.5375463298 28.952609984 37.2843372559 43.5684661712 89.3151391773 94.5230768988 176.477943852 184.462846672 186.621049399 343.780074324 357.161537013 2.56412333308 1.94663353837 1.78493521654 3.42655593685 1.63880522814 23.5638007926 24.8463532682 4.41585433661 5.98877612667 1.08237958233 2119.88928276 2122.5593147 12557.6452352 12561.300036 0.822001038036 5.65380009218 1.09529708858 0.769163428577 19.7826421407 26.8128607662
-9999.0 -9999.0 -9999.0 -9999.0 -9999.0 -9999.0 -9999.0 -9999.0 -9999.0 -9999.0 -9999.0 -9999.0 -9999.0 -9999.0 -9999.0 -9999.0 -9999.0 -9999.0 -9999.0 11.106972904 10.7563604347 19.8171624659 46.6352230714 202.693080516 10.2040112128 10.0164519848 17.7626261224 26.3364955999 65.1849719322 70.6659863449 6.00836528992 5.44543721045 189.776276862 191.331444396 550.230132253 551.610776091 0.845302053784 0.728133374841 0.630466481121 0.637129692468 0.84001901124 2093.04135231 2101.16608242 2109.33815049 2112.83445838 2118.54286294 1.45672639012 5.1453694144 5.82557040876 12569.0431625 12569.5073379 12570.7434264 12572.4210423 12574.9819208 27.6318723691
-9999.0 -9999.0 -9999.0 -9999.0 -9999.0 -9999.0 -9999.0 -9999.0 -9999.0 -9999.0 -9999.0 -9999.0 -9999.0 -9999.0 -9999.0 -9999.0 -9999.0 -9999.0 -9999.0 -9999.0 9.46799644066 10.1080289542 18.5027611679 238.676648207 246.104608535 9.6267324932 17.3724673176 26.2928626856 34.4682994057 6.95330973822 12.3119726685 531.575000288 533.561564308 536.829579749 558.059779467 1112.24664754 2044.69942221 2047.18490401 2049.4462867 2051.66290842 2063.01682314 2066.91035735 6.95660866439 2.96672492072 1.96419104543 3.62734539141 2.52144887505 4.11125472717 1.31653155443 26.9560301973 29.4821115957 31.5991219404 31.9346199046 12575.3990689 12603.8727716
-9999.0 -9999.0 -9999.0 -9999.0 -9999.0 -9999.0 -9999.0 -9999.0 -9999.0 -9999.0 -9999.0 -9999.0 -9999.0 -9999.0 -9999.0 -9999.0 -9999.0 -9999.0 -9999.0 -9999.0 -9999.0 9.70744139312 18.5571255692 27.4857819727 253.407715744 6.79217867054 342.231161036 351.262379903 357.846181074 363.362086786 508.32635995 514.260518602 2.10599821849 15.2805827099 18.1292476558 2.2501739613 930.194202523 925.835145703 1.38973759182 3.31532564508 9.16045756971 2.10086372008 2.24941584843 1.45528450653 1.21314120767 0.886972515123 1.1301196389 23.1944526185 24.472614432 26.0876424049 1.94663172129 1.69114115868 32.8600763699 33.2826745406 33.5441509478
-9999.0 -9999.0 -9999.0 -9999.0 -9999.0 -9999.0 -9999.0 -9999.0 -9999.0 -9999.0 -9999.0 -9999.0 -9999.0 -9999.0 -9999.0 -9999.0 -9999.0 -9999.0 -9999.0 -9999.0 -9999.0 8.5983169236 8.07339985131 42.1679049577 311.935624192 326.971275534 334.728410796 7.05764568463 127.873609918 134.866539625 139.238740001 5.46217184267 8.04275776611 9.88249554526 205.397460641 207.188789631 208.797539874 922.853297774 583.442153317 1.87862325099 2.00024445064 1.89318304392 1.39021079925 13.8269661447 16.6860233635 19.1208165878 20.5685037127 21.9472272498 183.124412454 184.13131253 186.265502488 191.390115788 203.164131026 203.512560818 237.424058627
-9999.0 -9999.0 -9999.0 -9999.0 -9999.0 -9999.0 -9999.0 -9999.0 -9999.0 -9999.0 -9999.0 -9999.0 -9999.0 -9999.0 -9999.0 -9999.0 -9999.0 -9999.0 -9999.0 -9999.0 -9999.0 -9999.0 16.9039929146 26.0189605321 8.21144211869 9.84023327584 104.143989151 111.089675868 115.657184756 39.7784580728 44.53438999 49.4383277089 52.0651548022 201.390920604 204.154650495 125.029873719 335.915951889 337.805462761 581.982129556 3.70809341223 1.88585233382 1.18218590368 9.42202327899 11.137485275 0.912188294784 0.825252676764 178.654878237 180.98137852 182.175896939 1.90935356241 3.44656283394 202.096664019 0.595235681989 2.33322765657 2.60098649716
-9999.0 -9999.0 -9999.0 -9999.0 -9999.0 -9999.0 -9999.0 -9999.0 -9999.0 -9999.0 -9999.0 -9999.0 -9999.0 -9999.0 -9999.0 -9999.0 -9999.0 -9999.0 -9999.0 -9999.0 -9999.0 -9999.0 8.57136243661 16.8820818191 68.7307922486 77.4268826625 85.8898005973 30.3405652908 35.5387530968 4.65403306745 138.742745341 143.00411102 147.034015093 2.86413642371 120.052298538 122.991758615 1.97845612863 572.11167325 4.38947168519 2.16668183335 5.06067855466 6.95501193321 1.32504574164 1.01472960923 167.199673797 176.561407705 177.987861933 1.4747253042 2.95624739537 3.68046073554 4.31257581322 8.87146705315 0.867460677692 1.91787672217 0.422857887987
-9999.0 -9999.0 -9999.0 -9999.0 -9999.0 -9999.0 -9999.0 -9999.0 -9999.0 -9999.0 -9999.0 -9999.0 -9999.0 -9999.0 -9999.0 -9999.0 -9999.0 -9999.0 -9999.0 -9999.0 -9999.0 -9999.0 8.41960300919 25.9166614467 44.1072649982 9.24526598199 18.019165506 24.9081317137 119.953792065 125.538432019 129.982638923 3.78705228487 99.5918650641 111.947848663 115.087704925 2.07323216019 563.62402496 568.294079653 2.1073454385 1.84444370944 3.71235674213 1.417192905 160.122204124 162.721491633 164.351923483 6.03358500495 7.438362963 1.16981356452 2.11885371899 0.959323336972 6.59398119288 1.09685562539 0.511975476051 0.49976476642 0.57643975385
-9999.0 -9999.0 -9999.0 -9999.0 -9999.0 -9999.0 -9999.0 -9999.0 -9999.0 -9999.0 -9999.0 -9999.0 -9999.0 -9999.0 -9999.0 -9999.0 -9999.0 -9999.0 -9999.0 -9999.0 -9999.0 -9999.0 -9999.0 8.58262948952 9.37960458113 10.2646413135 88.2688662091 94.6151217025 114.216922933 5.48431894723 81.8042714356 92.3936659566 4.47500853354 9.19801399948 2.84510654115 556.489291779 3.19698895649 6.6987964057 8.14865649174 9.50960848077 151.695423364 156.0134057 157.721820615 1.77254377879 3.27542017174 4.58584377531 0.729352542968 0.632916024776 468.155940229 468.875750463 469.503052331 476.177737058 477.073641293 477.884012873 478.362453348
