data/baseflow/mHMbf_acc236.asc
ncols                  80
nrows                 72
xllcorner      4374000.0
yllcorner      5656000.0
cellsize            500
NODATA_value       -9999
[rows 25 to 49 of 72, columns 0 to 54 of 80]
-9999.0 -9999.0 -9999.0 -9999.0 -9999.0 -9999.0 -9999.0 -9999.0 -9999.0 -9999.0 -9999.0 -9999.0 15.2545736058 30.1158619425 12.9850307425 26.1080919756 9.90272660126 83.3732792474 101.102092477 110.704759551 7.97079475164 14.645334485 169.817558312 203.701956205 208.526723333 12.2980850234 11.0342797149 15.2203920515 1.80443913299 1.46169125089 2.63946945141 1.32661590274 286.09394991 287.625635741 288.461218891 1782.4045533 3510.22030706 3498.99232268 1.29190309794 0.730522740071 0.631548079703 3.22245862486 2.78361446681 11.1560184351 17.7773925309 36.0897309397 3.01909531078 2.97967445507 28.2052091133 30.5407560358 59.2007991904 60.3184089189 63.1166318137 63.6716850762 0.52491594112
-9999.0 -9999.0 -9999.0 -9999.0 -9999.0 -9999.0 -9999.0 -9999.0 -9999.0 -9999.0 -9999.0 -9999.0 -9999.0 13.1234375697 26.512273579 40.3193077064 62.1182593284 11.4810994555 9.39717901842 78.9335911923 86.8502527116 157.244339133 165.755772136 22.821341976 7.11033095107 5.89856132906 5.08467972886 275.950573674 278.491945585 280.586607865 282.025399912 284.753286686 24.6921297886 26.0965320738 315.533791968 5610.14724821 7.91096372009 5.66049713879 2.39210511764 0.721309430197 0.51099458362 4.42835403771 4.74153428834 12.0088757944 0.428333596079 36.7641140801 4.34152585394 4.18148895402 0.435680504696 0.247881039375 0.233979597896 0.365909874316 0.278796096602 63.9840417152 975.310052529
-9999.0 -9999.0 -9999.0 -9999.0 -9999.0 -9999.0 -9999.0 -9999.0 -9999.0 -9999.0 -9999.0 -9999.0 -9999.0 -9999.0 12.5206810185 26.2798151919 38.5354314598 50.6502311288 60.2047270699 70.3235157863 27.9560336647 47.0043693417 8.13528646802 7.53258385685 244.745789984 259.069956466 265.155007443 271.872594121 3.88951378195 6.41439708646 18.2908312089 20.5493523161 22.6453243303 2.01824344127 1.51573462413 5616.89014162 2.32238740646 2.37608817423 1.18618776382 3.13612559333 1.45104071693 0.824185098189 17.5082168971 18.3896928137 0.406006985991 37.3178439946 41.913910726 4.40171264512 998.240333824 997.528759913 996.949023125 995.316820448 994.580337112 978.392983343 977.683922416
-9999.0 -9999.0 -9999.0 -9999.0 -9999.0 -9999.0 -9999.0 -9999.0 -9999.0 -9999.0 -9999.0 -9999.0 -9999.0 -9999.0 3.92378387772 8.54278103853 12.4950178272 129.702255581 139.411281272 10.1250214832 9.46471415174 9.46630560287 212.811489789 230.440437846 8.26330673955 8.45803498294 5.52009748574 23.5203800379 29.1483644904 12.2540693858 15.2327100666 148.93730747 152.155388318 159.646481796 241.933639244 5861.33543237 2.45028840608 0.896694932494 5.01332250787 4.08743069925 0.732850036771 2.40616105045 3.23278878879 19.2838410671 19.9972376067 63.0995106294 42.1986833634 4.75212540977 1013.06889311 6.42508755069 996.368750767 995.889446405 15.4638571642 1.19778668375 0.902236177414
-9999.0 -9999.0 -9999.0 -9999.0 -9999.0 -9999.0 -9999.0 -9999.0 -9999.0 -9999.0 -9999.0 -9999.0 -9999.0 -9999.0 20.147353286 33.0440593161 66.0099550935 117.778399465 151.571011189 176.642786243 186.186205622 196.05741546 205.369708757 8.30890464795 6.8185268464 13.0541772853 11.8012753121 6.27228478656 132.721178858 138.066346391 142.826914224 147.13777147 73.0637694189 75.2256333604 79.6934490938 5863.56096458 4.99367201692 2.87326745022 8.85403619391 0.900546794622 2.06853808646 1.22055228401 0.736916758059 4.15348888529 0.513829519273 0.546000763621 1080.15124097 1016.62449169 1016.00077806 3.18914359732 6.14211788967 3.74673976725 0.628982940067 13.1802176178 2.92583154315
-9999.0 -9999.0 -9999.0 -9999.0 -9999.0 -9999.0 -9999.0 -9999.0 -9999.0 -9999.0 -9999.0 -9999.0 -9999.0 -9999.0 14.1449616804 13.5686226163 26.8437701151 40.0634851545 13.1186278287 12.7812204014 22.8768523646 32.4402309557 49.571030939 58.1746967709 65.1589378117 85.6442488561 91.7500924005 98.7135851748 5.78968294927 60.8614067142 65.0598757815 68.4263240793 2.08721681059 0.674224448885 1.46445517607 5944.22883021 5946.33638595 5954.79981989 12.1231284176 2.23510061647 2.78959838227 0.690827718659 1.30584130127 4.80810611906 5.80328013846 0.975624922284 1082.98996328 1.03728049046 1.71344434769 1.93223219193 1.46854456034 2.59871412221 1.00832886188 9.83615265325 7.37952383882
-9999.0 -9999.0 -9999.0 -9999.0 -9999.0 -9999.0 -9999.0 -9999.0 -9999.0 -9999.0 -9999.0 -9999.0 -9999.0 -9999.0 -9999.0 12.9838276811 25.2657795783 11.5706185806 23.7366580157 147.729399964 157.218934478 165.958600343 8.60466820072 8.6678335024 15.6014966538 22.7678593525 34.3464155717 40.5198674712 44.5328263815 49.7395221299 3.75959480315 2.99315938178 72.489519175 73.728808306 75.1079131598 76.8979697968 66.3746880693 6028.95092519 6051.34531673 6052.50640032 6056.27315459 6060.38988164 6062.34334275 0.4420079694 6.26279202556 1083.43480691 0.908229721451 0.470341168051 0.757812678682 0.837485205518 1.38423721225 1.15230319189 0.734961327538 1.48649916731 1.29538271491
-9999.0 -9999.0 -9999.0 -9999.0 -9999.0 -9999.0 -9999.0 -9999.0 -9999.0 -9999.0 -9999.0 -9999.0 -9999.0 -9999.0 -9999.0 -9999.0 37.4663268497 49.3910560038 86.1426748866 112.24015985 13.2735012468 190.657597333 199.041784259 206.53640527 7.38192770797 14.2177405967 5.77803608769 46.6549635231 50.0662461811 55.1330175911 59.8173906096 69.3824818737 71.3143227794 1.24537938902 58.6597151359 62.4885503943 64.6654339989 71.9859867309 8.32912909544 4.83218863247 2.34701962538 2.17379352461 6064.5197219 6065.42122344 6076.23623317 1083.85884344 3.02795167359 1.78467029106 1.21863742654 0.336566722704 3.91394738315 2.04594530228 0.627516195657 3.98565581546 3.49911271474
-9999.0 -9999.0 -9999.0 -9999.0 -9999.0 -9999.0 -9999.0 -9999.0 -9999.0 -9999.0 -9999.0 -9999.0 -9999.0 -9999.0 -9999.0 -9999.0 12.376292399 61.8276834491 74.8394427681 13.535358496 9.67014656585 19.9990584632 28.8618914903 243.549904035 7.22693447063 29.2485000763 35.4760841566 41.4965457844 3.63887898557 8.11029987277 10.0005913397 46.6360753757 51.3278908574 53.4887676271 2.0991809616 1.66795179511 1.79829246368 3.33184009926 1.30827377406 1.32087025138 1.42941146256 1.30096711613 1.4710419848 3.91534484752 6077.32498236 7163.40730514 3.71226174888 0.97404025629 0.375111394865 12.9709522606 12.1999262423 7.59265647532 6.86292405947 5.11644749612 1.53470712743
-9999.0 -9999.0 -9999.0 -9999.0 -9999.0 -9999.0 -9999.0 -9999.0 -9999.0 -9999.0 -9999.0 -9999.0 -9999.0 -9999.0 -9999.0 10.9667573686 34.2011950636 11.0169332799 12.5836668407 11.3371984252 21.3281064901 31.0194303775 40.19603619 293.543506097 300.334517527 7.11168774041 13.3721523996 19.7971373114 24.160794265 28.1520920986 39.9960072988 44.4694941985 1.94709839321 1.79456974149 1.43639596916 1.43563169001 1.50475579632 2.27619913285 1.89966600323 2.41660507657 5.46455205111 2.57639927654 1.02262884735 0.9873778877 0.751282367422 1.333709926 7206.31748333 38.0594075874 16.1370709378 2.08567299734 0.995064841858 0.556745932436 1.80066828962 1.15843304467 0.568319111737
-9999.0 -9999.0 -9999.0 -9999.0 -9999.0 -9999.0 -9999.0 -9999.0 -9999.0 -9999.0 -9999.0 -9999.0 -9999.0 -9999.0 11.7178976622 22.3186794669 77.6827561969 9.95213447654 24.4400970853 35.0438138903 44.4318516022 10.2544586978 18.4112122973 28.4886107648 337.608278589 6.43764598426 12.0154657072 17.8303747486 5.09835316513 9.91275782245 11.4376713202 14.9069975656 531.713682549 535.551675018 539.006005424 556.798018002 561.302863349 573.485865928 2.54112749674 5.87649495364 6.4034474728 604.801106027 606.467691012 0.864570586822 1.30344877358 1.72557867351 7207.475335 36.290174297 17.2435638402 15.9091454388 13.61841181 12.1332747161 2.36714604317 0.617280705737 1.03200683654
-9999.0 -9999.0 -9999.0 -9999.0 -9999.0 -9999.0 -9999.0 -9999.0 -9999.0 -9999.0 -9999.0 -9999.0 -9999.0 -9999.0 12.240027717 36.6420007617 126.348022102 186.901586278 8.65934323283 240.443444433 295.035038245 9.13870331184 17.139215761 26.8034902569 414.716157003 422.236649052 4.69182676689 27.348321154 31.5865689275 35.2187538599 503.171463405 510.371505253 515.378652708 2.3996434192 13.0607061227 15.6045659477 6.08680711787 8.60969912124 585.103701195 594.417731085 596.177596505 597.755443392 607.797078335 0.631781577743 0.54013056474 2.70718702495 7208.61099362 1.59978671686 0.418567135616 1.23996033328 0.560177775829 10.6913950738 9.41649575525 5.7971518415 4.00836157009
-9999.0 -9999.0 -9999.0 -9999.0 -9999.0 -9999.0 -9999.0 -9999.0 -9999.0 -9999.0 -9999.0 -9999.0 -9999.0 -9999.0 -9999.0 -9999.0 25.2733247495 50.299797112 219.603776954 231.226339554 305.089570917 315.506238006 9.04170095316 18.1077106055 41.8597986971 429.924816076 440.922231633 444.679915776 2.86033766626 458.463939245 465.792617092 4.8604251952 2.4563980734 4.47484367172 8.76047282014 2.15694091689 4.13411496439 8.37149202828 10.3445005913 2.0894045571 1.1143590858 2.10319319757 616.522339033 618.942335214 619.390143814 623.78795788 7209.56835441 1.04646790029 0.209125233059 0.27910135211 0.279127324434 0.294300061792 0.253959868049 0.448730404912 0.64251709801
-9999.0 -9999.0 -9999.0 -9999.0 -9999.0 -9999.0 -9999.0 -9999.0 -9999.0 -9999.0 -9999.0 -9999.0 -9999.0 -9999.0 -9999.0 -9999.0 13.0624619323 12.6522327354 12.0429422075 22.8559783311 9.63815279345 334.926699249 344.336700331 8.42376207741 16.218681743 7.15749273967 5.4369988387 5.14548720782 452.912681717 2.26187903163 4.90191935925 2.85115174168 2.50127265006 2.14416697913 1.47477220054 1.58296856634 5.03529331698 7.08720463645 1.19901506232 0.964329914285 2.22602599521 4.02864466153 5.20201044 1.38244215424 620.499548043 624.28817511 7210.32814165 2.7569466232 0.603751360801 0.120850078079 0.369743408268 0.0945638266959 0.0742685179609 0.535938295823 3.1576942773
-9999.0 -9999.0 -9999.0 -9999.0 -9999.0 -9999.0 -9999.0 -9999.0 -9999.0 -9999.0 -9999.0 -9999.0 -9999.0 -9999.0 -9999.0 -9999.0 -9999.0 -9999.0 12.4840250272 33.8310650826 42.9173084703 52.3613555609 353.908715596 363.836416905 373.024924699 381.729309129 386.631163491 397.128177588 399.325334484 401.287060854 402.941064606 1.87977728606 1.73588195821 1.95855791144 6.77276770862 1.9225878475 1.82084041579 1.2069572904 3.52356160303 1.53168864765 1.0352130013 0.918509737182 0.71290452361 1.42093112843 2.08779478067 628.722733714 7842.57215747 1.01519648855 1.75195014629 0.0796598878426 0.482375251577 0.230181579321 0.149771917568 6.1798317306 5.24833076643
-9999.0 -9999.0 -9999.0 -9999.0 -9999.0 -9999.0 -9999.0 -9999.0 -9999.0 -9999.0 -9999.0 -9999.0 -9999.0 -9999.0 -9999.0 -9999.0 -9999.0 -9999.0 -9999.0 9.95565964222 82.3378005362 156.610029328 166.098146648 12.4799916963 21.2845262174 29.1303417071 34.8188683579 76.1823732572 78.2062840472 1.94892770877 1.96316190321 407.121714696 410.617634777 412.174893649 7.8795596929 0.937522562039 2.95026736927 4.22109711678 12.5861756311 15.4624333862 17.4564105953 1.73845631852 2.37467129775 0.830529559381 1.67973085993 0.895167016769 7844.27822097 0.775463885828 3.35140669315 0.761000864386 1.53789185575 5.78515258024 6.40142052449 13.1105009363 5.06128419197
-9999.0 -9999.0 -9999.0 -9999.0 -9999.0 -9999.0 -9999.0 -9999.0 -9999.0 -9999.0 -9999.0 -9999.0 -9999.0 -9999.0 -9999.0 -9999.0 -9999.0 -9999.0 11.5228407031 37.2898937159 72.5806522908 94.3187007636 233.221040114 244.378708722 17.1062405896 25.0184375933 31.2652231692 36.8286670651 80.2305314189 84.1886527105 143.397203084 147.667991393 149.373199683 413.757932775 425.51958347 2.6185314007 2.14470197604 1.95952161985 3.70551329028 1.61894015434 20.5397707625 21.4947688083 3.14154922703 3.99845629792 0.768359865416 2238.56799487 2240.59191448 10086.0908482 10090.8709562 0.981717834808 3.75880235453 1.44974714938 1.07195652494 14.8157007675 20.4369728385
-9999.0 -9999.0 -9999.0 -9999.0 -9999.0 -9999.0 -9999.0 -9999.0 -9999.0 -9999.0 -9999.0 -9999.0 -9999.0 -9999.0 -9999.0 -9999.0 -9999.0 -9999.0 -9999.0 13.5486363894 13.1146956694 24.3081162563 57.2585246765 255.00088007 9.02022851067 8.85236826057 15.0875478074 21.7231648105 50.0072043898 53.3272210006 2.3802185109 3.0073508039 152.108384471 153.931590447 581.030463769 582.323093122 0.807939149136 0.664481414643 0.536497400881 0.543688418273 0.650550862345 2219.16055933 2226.06044803 2231.12403279 2232.97444341 2237.73734087 1.13560425971 3.98079342197 4.58236636478 10097.3893862 10098.1318801 10099.6863152 10100.7364393 10102.0654592 21.1754979588
-9999.0 -9999.0 -9999.0 -9999.0 -9999.0 -9999.0 -9999.0 -9999.0 -9999.0 -9999.0 -9999.0 -9999.0 -9999.0 -9999.0 -9999.0 -9999.0 -9999.0 -9999.0 -9999.0 -9999.0 11.644955291 12.3836437055 22.7142689443 299.385069871 309.225324837 8.51920413389 14.8011231547 21.7176432062 25.8285475627 3.15710165135 6.16965841503 606.415907069 608.261657003 610.257867537 626.624147174 1210.63184324 2176.85205511 2179.23693915 2181.39245239 2183.39249969 2193.2479145 2196.64634896 5.99025452074 2.46144394908 1.68341801627 3.05189064398 1.95494284117 3.2227135716 1.00576313724 23.2426698354 26.5753891771 29.400824252 29.6322801056 10102.6027312 10124.6357571
-9999.0 -9999.0 -9999.0 -9999.0 -9999.0 -9999.0 -9999.0 -9999.0 -9999.0 -9999.0 -9999.0 -9999.0 -9999.0 -9999.0 -9999.0 -9999.0 -9999.0 -9999.0 -9999.0 -9999.0 -9999.0 11.9257712128 22.7879486134 33.7748404112 318.22683884 8.35566058867 425.421367521 432.784031746 435.839948047 439.155349208 593.153718244 597.118125108 2.28618225476 12.2247579589 14.8533783972 2.53530217575 963.975458069 959.478493206 1.16115144456 2.9426270439 8.15809878574 1.90628078484 2.08145561039 1.24415742836 0.980578514585 0.671085468094 0.882742451412 20.1414970853 21.1435067775 22.4887896081 2.71712060351 2.2950282824 30.8553798431 31.2722229301 31.4382237852
-9999.0 -9999.0 -9999.0 -9999.0 -9999.0 -9999.0 -9999.0 -9999.0 -9999.0 -9999.0 -9999.0 -9999.0 -9999.0 -9999.0 -9999.0 -9999.0 -9999.0 -9999.0 -9999.0 -9999.0 -9999.0 10.6161563579 9.93855887624 51.9514254592 391.171295348 410.001897983 419.226494435 6.97215399185 146.196220853 149.173928838 150.86398418 3.39490448609 6.14624488494 8.38483919901 210.859703788 212.512398685 213.907077525 956.904939406 618.449945985 1.74890400732 1.80561714492 1.67224940245 1.12114600844 12.4031158504 14.8158138991 16.8143714059 18.0149212897 19.1443221011 179.256696518 180.014422271 181.33995846 183.941054315 192.685534388 192.929545878 224.626940445
-9999.0 -9999.0 -9999.0 -9999.0 -9999.0 -9999.0 -9999.0 -9999.0 -9999.0 -9999.0 -9999.0 -9999.0 -9999.0 -9999.0 -9999.0 -9999.0 -9999.0 -9999.0 -9999.0 -9999.0 -9999.0 -9999.0 20.8435162002 32.0678711073 10.9567250267 9.14788962602 123.875335345 131.193051901 135.598305964 42.7643614256 45.3457026781 48.3285249193 50.8110825075 206.767848951 209.59983684 119.190727808 335.16826372 337.006955328 617.17708211 3.5106677148 1.76744457589 0.984079576195 8.67019127665 10.2232186681 0.723370622668 0.649618013938 175.492181413 177.49779361 178.550364806 1.13530717729 1.78850647779 191.634724168 0.691417722792 1.96224224959 2.13607384573
-9999.0 -9999.0 -9999.0 -9999.0 -9999.0 -9999.0 -9999.0 -9999.0 -9999.0 -9999.0 -9999.0 -9999.0 -9999.0 -9999.0 -9999.0 -9999.0 -9999.0 -9999.0 -9999.0 -9999.0 -9999.0 -9999.0 10.539314113 20.7929474293 86.8204200071 98.122435392 107.3810286 34.8038884859 40.0975646028 3.15406875064 148.121004692 150.807864456 153.462971578 2.61736587138 114.175542627 117.195419141 1.89288629649 607.623065268 4.3250996695 2.1070203339 4.83046389642 6.60791890919 1.12070580045 0.805009085052 165.207726851 173.67000047 174.97415528 1.29159148197 2.41620793023 2.95794473376 3.41858266741 6.99498128732 0.70292748239 1.63467941123 0.314852363135
-9999.0 -9999.0 -9999.0 -9999.0 -9999.0 -9999.0 -9999.0 -9999.0 -9999.0 -9999.0 -9999.0 -9999.0 -9999.0 -9999.0 -9999.0 -9999.0 -9999.0 -9999.0 -9999.0 -9999.0 -9999.0 -9999.0 10.3609965748 32.331433331 56.0235051523 11.9028048588 20.4426911535 28.5219972002 134.843316658 139.381267287 142.409412141 2.45396103118 97.9702465632 106.696446477 109.488953232 1.4907684595 599.098279163 603.964380008 2.16102083739 1.83251990713 3.67109218407 1.30192180897 159.218763101 161.465507282 162.976894655 5.55419609434 6.84096408211 1.02591594174 1.78903474113 0.77312700262 5.29191099417 0.87335124107 0.436989564605 0.444893760337 0.509630645735
-9999.0 -9999.0 -9999.0 -9999.0 -9999.0 -9999.0 -9999.0 -9999.0 -9999.0 -9999.0 -9999.0 -9999.0 -9999.0 -9999.0 -9999.0 -9999.0 -9999.0 -9999.0 -9999.0 -9999.0 -9999.0 -9999.0 -9999.0 10.9945744942 12.2853390062 11.9732749333 97.9832740843 105.675944797 128.500086852 4.99687219032 85.659818991 93.467166311 2.96013402017 6.44134985273 2.03460510999 593.328336239 2.60724029157 6.09005982286 7.36440291811 8.5353593533 150.845371148 155.405701252 157.100500683 1.72439832781 3.08639641614 4.23119643648 0.566217173459 0.491158217449 501.158984443 501.713938258 502.164594166 507.7836382 508.458395885 509.205424148 509.593628041
