data/baseflow/mHMbf_acc359.asc
ncols                  80
nrows                 72
xllcorner      4374000.0
yllcorner      5656000.0
cellsize            500
NODATA_value       -9999
[rows 0 to 24 of 72, columns 0 to 54 of 80]
-9999.0 -9999.0 -9999.0 -9999.0 -9999.0 -9999.0 -9999.0 -9999.0 -9999.0 -9999.0 -9999.0 -9999.0 27.4774063246 21.0154690728 -9999.0 -9999.0 -9999.0 -9999.0 -9999.0 -9999.0 -9999.0 -9999.0 -9999.0 -9999.0 -9999.0 -9999.0 -9999.0 -9999.0 -9999.0 -9999.0 -9999.0 -9999.0 -9999.0 -9999.0 -9999.0 -9999.0 -9999.0 -9999.0 -9999.0 -9999.0 -9999.0 -9999.0 -9999.0 -9999.0 -9999.0 -9999.0 -9999.0 -9999.0 -9999.0 -9999.0 -9999.0 -9999.0 -9999.0 -9999.0 -9999.0
-9999.0 -9999.0 -9999.0 -9999.0 -9999.0 -9999.0 -9999.0 -9999.0 -9999.0 -9999.0 -9999.0 -9999.0 54.5163649439 115.602135874 17.3928624991 -9999.0 13.9938207685 -9999.0 -9999.0 -9999.0 -9999.0 -9999.0 -9999.0 -9999.0 -9999.0 -9999.0 -9999.0 -9999.0 -9999.0 -9999.0 -9999.0 -9999.0 -9999.0 -9999.0 -9999.0 -9999.0 -9999.0 -9999.0 -9999.0 -9999.0 -9999.0 -9999.0 -9999.0 -9999.0 -9999.0 -9999.0 -9999.0 -9999.0 -9999.0 -9999.0 -9999.0 -9999.0 -9999.0 -9999.0 -9999.0
-9999.0 -9999.0 -9999.0 -9999.0 -9999.0 -9999.0 -9999.0 -9999.0 -9999.0 -9999.0 26.2711568786 25.2874752771 26.1238615695 25.508410676 163.620455828 181.692430482 38.7648499996 12.3455071047 -9999.0 -9999.0 -9999.0 -9999.0 -9999.0 -9999.0 -9999.0 -9999.0 -9999.0 -9999.0 -9999.0 -9999.0 -9999.0 -9999.0 -9999.0 -9999.0 -9999.0 -9999.0 -9999.0 -9999.0 -9999.0 -9999.0 -9999.0 -9999.0 -9999.0 -9999.0 -9999.0 -9999.0 -9999.0 -9999.0 -9999.0 -9999.0 -9999.0 -9999.0 -9999.0 -9999.0 -9999.0
-9999.0 -9999.0 -9999.0 -9999.0 -9999.0 -9999.0 -9999.0 -9999.0 -9999.0 25.5533091433 51.4857472539 102.281791532 50.5462092505 24.6532102983 48.1586599128 204.432591815 272.678731675 14.2067892251 -9999.0 24.752265532 -9999.0 -9999.0 -9999.0 -9999.0 26.6791182587 13.5927366965 -9999.0 -9999.0 -9999.0 -9999.0 -9999.0 -9999.0 -9999.0 -9999.0 -9999.0 -9999.0 -9999.0 -9999.0 -9999.0 -9999.0 -9999.0 -9999.0 -9999.0 -9999.0 -9999.0 -9999.0 -9999.0 -9999.0 -9999.0 -9999.0 -9999.0 -9999.0 -9999.0 -9999.0 -9999.0
-9999.0 -9999.0 -9999.0 -9999.0 -9999.0 -9999.0 -9999.0 -9999.0 27.8775535642 79.9653872289 104.290924825 128.713459612 176.354780475 22.7599746577 92.3602576382 113.899497089 420.844494013 18.5379976815 19.5385523168 45.9817230328 66.3708671239 21.4265189203 -9999.0 70.0727205138 57.6649802367 16.0684689678 -9999.0 -9999.0 -9999.0 -9999.0 -9999.0 -9999.0 -9999.0 -9999.0 -9999.0 -9999.0 -9999.0 -9999.0 -9999.0 -9999.0 -9999.0 -9999.0 -9999.0 -9999.0 -9999.0 -9999.0 -9999.0 -9999.0 -9999.0 -9999.0 -9999.0 -9999.0 -9999.0 -9999.0 -9999.0
-9999.0 -9999.0 -9999.0 -9999.0 -9999.0 -9999.0 28.330197458 26.184247897 25.295927417 25.6338360419 25.579421995 180.061290262 380.86854104 404.964845765 425.424034513 20.1824513119 460.393050912 479.959973035 40.3895510956 20.9839058336 86.3118640554 148.731276373 19.7666101828 130.137847974 22.0371809721 21.196430701 22.8658491494 -9999.0 -9999.0 -9999.0 -9999.0 -9999.0 -9999.0 -9999.0 -9999.0 -9999.0 -9999.0 -9999.0 -9999.0 -9999.0 -9999.0 -9999.0 -9999.0 -9999.0 -9999.0 -9999.0 -9999.0 -9999.0 -9999.0 -9999.0 -9999.0 -9999.0 -9999.0 -9999.0 -9999.0
-9999.0 -9999.0 -9999.0 -9999.0 -9999.0 -9999.0 56.1310109596 82.6506601191 186.547730509 261.207105166 22.7247416543 23.6478150442 22.2023625857 65.1797739684 510.042363725 18.192781268 498.161001177 574.483095175 59.0039349382 38.840076881 166.998267188 20.0858727642 149.972485826 39.4382666808 19.9265749668 40.3913338075 45.1385445599 22.74129042 23.5335859945 22.9408913902 24.1583341232 48.3935159626 -9999.0 -9999.0 -9999.0 -9999.0 -9999.0 -9999.0 -9999.0 -9999.0 -9999.0 -9999.0 -9999.0 -9999.0 -9999.0 -9999.0 -9999.0 -9999.0 -9999.0 -9999.0 -9999.0 -9999.0 -9999.0 -9999.0 -9999.0
-9999.0 -9999.0 -9999.0 -9999.0 -9999.0 29.3247821087 57.2902933278 27.6386141675 53.6714066639 287.562656079 335.584909264 383.49623342 1207.96369412 21.7643426567 530.877051538 1905.22260719 1920.95580718 2522.10743246 16.813481062 56.7321536589 185.379370021 18.1597397796 374.063142459 204.901096915 126.380112086 106.214623288 21.9838803024 67.8966606996 68.586366038 45.6797645168 22.0497978089 71.1645559564 21.7290628949 21.3292664794 -9999.0 -9999.0 -9999.0 -9999.0 -9999.0 -9999.0 -9999.0 -9999.0 -9999.0 -9999.0 -9999.0 -9999.0 -9999.0 -9999.0 -9999.0 -9999.0 -9999.0 -9999.0 -9999.0 -9999.0 -9999.0
-9999.0 -9999.0 -9999.0 -9999.0 -9999.0 29.3358155789 85.8507045274 170.994212137 197.30469112 389.399617402 414.380330744 491.832427002 803.209377505 1272.2576465 1316.36418137 1336.83480377 37.5500240852 2589.13858803 2622.95746331 2718.17513456 3351.35946422 430.193798639 393.952529099 145.933772147 19.2917965794 127.165838272 87.3232520967 18.5637894505 88.3716663747 20.0311024084 41.6213160187 112.781872904 133.53252764 41.6846067008 20.1643718646 19.8436876499 -9999.0 -9999.0 -9999.0 -9999.0 13.2005578763 11.5418575695 -9999.0 -9999.0 -9999.0 -9999.0 -9999.0 -9999.0 -9999.0 -9999.0 -9999.0 -9999.0 -9999.0 -9999.0 -9999.0
-9999.0 -9999.0 -9999.0 -9999.0 -9999.0 28.8180249185 27.6873899375 112.573011162 139.112110047 166.286376107 26.1938383344 52.030734819 293.273622398 51.2930550609 24.254344493 22.2102556339 19.4860403481 21.7844675111 20.2997198652 21.1285401131 3370.27120288 3424.78121562 17.9624908793 55.9691404018 38.3736349306 145.415054753 37.4746778507 17.8649344017 108.560284634 39.6748337442 95.8376404017 234.216385657 215.666790575 61.66509828 59.5792797695 20.5884236849 20.3379721693 -9999.0 -9999.0 20.4838729635 30.0278084687 65.838824049 12.2309145462 -9999.0 -9999.0 -9999.0 -9999.0 -9999.0 -9999.0 -9999.0 -9999.0 -9999.0 -9999.0 -9999.0 -9999.0
-9999.0 -9999.0 -9999.0 -9999.0 -9999.0 -9999.0 29.0960120296 28.6952251058 56.2487885868 83.7125403589 190.28311724 243.2668074 269.483007916 26.6111891414 21.758184519 291.158570745 356.291960287 376.573101244 460.987287516 480.033830635 18.8425211172 3443.80382926 3536.1868833 73.8904520388 15.9436463899 162.267856348 358.923614803 143.166583141 34.6700084678 17.5152150805 365.677600254 252.434571926 17.5574544009 17.280972165 77.415962427 59.7897091447 18.8483043481 17.7988664949 19.6140690136 39.6072825526 18.7312570363 79.9804135989 97.8621084613 16.4044214682 -9999.0 -9999.0 -9999.0 -9999.0 19.2772862349 18.1077274104 6.08507221332 -9999.0 -9999.0 -9999.0 -9999.0
-9999.0 -9999.0 -9999.0 -9999.0 -9999.0 -9999.0 -9999.0 28.7539483557 26.098578215 53.7411667187 80.8300365302 26.7092111663 24.3506070164 152.46193011 199.934692408 248.380597505 22.4073109262 44.1023108307 21.5896472438 499.89805763 1098.93106585 1111.83986235 4681.63181795 18.0814315638 46.4741487501 14.7735775862 375.093824871 16.9713792213 52.4683468167 17.0516567645 382.840102974 400.004853 35.2107490147 34.5237555259 194.290773429 97.7664767482 36.5105847197 18.7911147731 39.076323045 58.7645013672 95.178853684 17.4550653166 130.23965295 145.257094063 13.4122978893 14.7360379451 15.4004752521 13.757809299 13.1152348193 52.6971282483 21.5867802407 14.742006415 -9999.0 -9999.0 -9999.0
-9999.0 -9999.0 -9999.0 -9999.0 -9999.0 -9999.0 -9999.0 -9999.0 54.1592862982 79.3013891186 26.5979163179 53.7109357739 79.032768805 129.604769172 25.6105570525 24.79434799 21.379214483 21.6354928537 19.3641578152 558.938167408 22.0048166062 43.0192673901 4738.82677868 4777.69229594 17.5182985802 81.8327250869 473.029240918 33.2030994757 67.4424509098 31.0930320291 45.5165646383 465.205611877 50.4762336841 276.331149825 227.0624311 16.6627091261 90.7026214625 36.7465747006 56.4990582591 17.1543214893 111.392287439 144.071836808 156.629866111 168.373237421 194.942589128 25.2340674642 27.0689898061 24.3280658509 22.9210566784 64.7316883636 12.8937735451 49.7204631722 61.7605705523 -9999.0 -9999.0
-9999.0 -9999.0 -9999.0 -9999.0 -9999.0 -9999.0 -9999.0 -9999.0 27.9284596498 134.509603779 160.611476079 26.1487103848 51.1882063058 25.0145376144 23.2201376253 22.8208346937 285.597232422 379.082974737 462.506357755 544.711474843 20.2031097263 21.431449491 22.7596812801 4868.71990278 4907.39735669 4923.41460599 625.839307578 133.830573294 116.073479697 13.950893864 59.4456300957 539.104860222 14.44146993 290.96455463 16.5129272438 118.20051854 109.023720891 17.6159498929 73.8674708386 34.3642628464 51.1234225624 15.0484819234 11.5707607216 179.925733302 190.307698407 205.290720825 38.6278117438 35.1853063733 33.5212309114 78.3023835747 104.468347503 13.0646842888 74.3123338606 13.6610228252 25.7832623986
-9999.0 -9999.0 -9999.0 -9999.0 -9999.0 -9999.0 -9999.0 -9999.0 -9999.0 28.0040134093 187.471132323 213.301496774 76.4471398095 126.449106788 173.148353942 196.737232993 23.9566812694 72.0441780771 47.767865696 24.2846511953 23.7130583084 21.597567729 43.0474496767 74.0429240642 23.6748552417 5590.2030104 5607.73762572 15.9216005135 11.9140917371 28.3333233981 42.061923868 580.701644611 27.9132240164 303.463146626 180.361625168 149.716324047 16.3527834229 33.4813351577 89.211145038 15.3309110056 65.947173902 29.3704236844 20.1787406784 10.1226222202 220.052232527 433.345554518 45.8266664716 42.6016401649 43.4576614596 10.2181775825 114.813184441 9.99881372414 97.8733123402 11.7279197989 37.8478967086
-9999.0 -9999.0 -9999.0 -9999.0 -9999.0 -9999.0 -9999.0 -9999.0 -9999.0 -9999.0 25.6275304778 264.837351973 25.1169616009 49.9456597644 72.713636474 117.980310744 23.1677966357 47.8915622883 23.6385350005 22.2682421461 20.9582311923 41.4575620406 18.4529740241 21.5234447227 41.5930188811 22.4982798264 5625.33253465 5657.32918889 5702.84736632 56.1223077724 14.3406840629 28.5995137109 595.631308815 554.526966671 211.335991681 15.3180706139 65.4261441714 49.337303458 104.600135401 30.6161431531 125.191352512 44.0235246533 32.4123309396 9.26018065 10.7249553154 445.117299084 454.72407556 551.093959234 75.7615535074 21.242878446 126.179504183 147.281201177 255.190721412 22.9675595059 10.8343023135
-9999.0 -9999.0 -9999.0 -9999.0 -9999.0 -9999.0 -9999.0 -9999.0 -9999.0 -9999.0 -9999.0 14.115334478 295.897022824 23.8569999415 46.2938008502 209.388911755 23.1937084033 22.998529747 20.1193787385 43.3554064855 21.2639704491 83.569933974 120.250010049 137.062377151 57.5338614855 72.1136493038 16.4110007252 20.6151927124 18.7662788817 5790.23223574 5831.75857504 608.455930227 580.36447279 567.519477867 26.5412402929 12.8066980061 79.6053187984 212.781877145 119.025859099 44.8502586735 183.797173484 75.510575699 62.4655036635 18.4602579489 7.52051683104 6.63306722737 7.37944897363 589.248704117 696.17545204 10.1654925579 9.21090781217 10.1043474126 265.326674488 298.094113627 19.5026671391
-9999.0 -9999.0 -9999.0 -9999.0 -9999.0 -9999.0 -9999.0 -9999.0 -9999.0 -9999.0 -9999.0 13.2511477791 328.118200864 402.832389482 22.6069235701 254.346119275 21.4647282831 20.5371099127 40.8832556453 105.406579125 20.6225649784 21.6527122717 18.1108612717 172.904276972 189.645786098 279.459895038 312.2440708 330.296830938 345.632142791 364.386511316 6211.99093852 6849.81863768 7455.64335003 7465.47390489 11.3512717753 12.9373375007 241.271168065 227.127131274 14.1651043296 14.2001860384 198.010294053 287.570467739 11.9582786088 150.636661046 139.195033485 39.3224094424 17.5233508685 29.1629155143 12.0539460431 715.230630267 9.94260552472 28.9031149325 36.2910493513 364.67772152 393.187618808
-9999.0 -9999.0 -9999.0 -9999.0 -9999.0 -9999.0 -9999.0 -9999.0 -9999.0 -9999.0 -9999.0 27.0723436634 51.7830858868 427.061487402 470.313354095 21.6904794507 292.684138139 18.5073502226 57.114460185 124.293583641 39.829642442 19.106312509 38.3694798377 15.8006221175 30.3925781219 15.1713021182 14.2833799833 13.2928783059 12.6601463445 12.6859563446 12.6839766694 15.6276750346 16.9681206304 17.9342389429 7506.42068709 281.243896711 260.132910732 8.76752230274 40.3009585404 11.6859016995 10.4114728149 300.282691836 490.5147857 164.932779067 122.197081253 23.9999549709 9.95240927932 8.9175464091 18.4159338361 743.287515466 761.772768374 9.74360853659 10.387644541 10.8081717314 9.71617691631
-9999.0 -9999.0 -9999.0 -9999.0 -9999.0 -9999.0 -9999.0 -9999.0 -9999.0 -9999.0 -9999.0 -9999.0 23.6338384508 317.581716646 810.737090295 879.52327212 1191.71510731 1208.17778521 275.452660384 203.121937304 59.3326632365 18.7992556055 75.0803490031 92.2823590512 138.195666938 31.1363329048 28.9595316097 28.2813815917 55.3431744754 26.8044056889 26.4164930027 13.194797834 11.7729306437 11.6771761564 7520.13686724 7809.92219819 7820.40720344 8.78492818568 107.579719994 49.0835453778 13.8129552535 533.998852944 30.886461357 15.9989152873 68.9348812167 14.8676661386 11.5826597195 21.3961221545 29.4039201977 38.3497198791 776.796928509 7.06310330231 6.26871320168 6.31944571262 5.44283604143
-9999.0 -9999.0 -9999.0 -9999.0 -9999.0 -9999.0 -9999.0 -9999.0 -9999.0 -9999.0 -9999.0 25.9816699218 242.260997212 293.519592556 47.2544460144 14.8980996983 34.1559676517 1262.5139599 1278.75064705 1569.86160183 16.9650828584 35.5762731079 15.4446961201 15.6973076714 153.395173896 199.684630161 242.37956664 13.5275017836 68.7485746181 108.688682983 64.7423210839 25.9156959022 23.1850035475 22.450377368 21.3344796374 10.3048673043 7828.6906183 7834.60831602 7955.74061927 22.3472541838 12.0410841527 543.0298788 33.4189468425 17.1662034854 18.8831591871 18.7461652651 16.5758481639 29.7575514601 82.3293314763 130.764978144 914.985251938 5.20441842579 16.0355572663 11.0582747661 9.86346588795
-9999.0 -9999.0 -9999.0 -9999.0 -9999.0 -9999.0 -9999.0 -9999.0 -9999.0 -9999.0 -9999.0 26.5130568294 167.20808944 26.1115060853 23.1525018726 121.62701812 142.45555147 163.19622634 182.170889961 2138.39935017 2155.47693527 2189.08931963 2445.8905916 2495.3248553 2524.02952755 2539.80173449 2820.72460946 2860.42838085 2874.82623362 2998.94176271 3078.40294533 3091.18650454 3139.49920024 34.3354133686 32.3086042457 8.31297012879 6.75931016555 7842.49251756 7993.08602112 31.4454366735 624.883287863 614.523983165 62.9263634128 14.9615588521 15.4864243686 14.9000344605 14.8494772305 29.9686807632 42.605091713 11.8715523305 921.938600866 929.44582115 962.955938281 969.063986547 984.754436471
-9999.0 -9999.0 -9999.0 -9999.0 -9999.0 -9999.0 -9999.0 -9999.0 -9999.0 -9999.0 -9999.0 85.8644522005 113.567650465 53.2348454658 78.3347749823 24.8229292613 283.23979324 305.286285083 348.348287309 367.333595974 143.856779103 2361.41072721 2378.97598034 17.4755661329 13.0861044976 12.730882137 26.657291997 13.5790583214 11.4650110249 11.0074829538 10.8913499734 3104.56721838 3152.83282858 3199.24965292 3241.66261632 3268.07456566 11.7311056979 3.25112099929 8640.92883604 642.244173763 636.227385728 12.8043610508 11.8779767034 11.0113889385 27.1493263991 26.5210580732 12.3871088224 12.4674772283 11.0417307124 22.5813331746 29.2509411161 4.89393798552 9.02471973606 3.82258451629 3.48853813084
-9999.0 -9999.0 -9999.0 -9999.0 -9999.0 -9999.0 -9999.0 -9999.0 -9999.0 -9999.0 -9999.0 -9999.0 58.0644286107 27.284026213 25.3500861535 239.142902003 261.950116931 22.6889079665 88.7146479757 108.977408382 127.285253216 20.0827893887 16.0505059337 368.527740609 381.619780468 394.440384294 1007.1808035 1018.05554324 1039.24764416 1131.94286728 1191.62835426 1200.98197005 10.0014357992 10.5214029512 9.1226470986 3277.8863397 4.60619071333 8742.30002522 8736.2989981 89.4491213018 80.9138807858 48.5404084628 12.3093148731 21.6197621361 38.5129029737 38.0559815628 24.0907898204 11.8577225065 22.7093191687 22.0033508604 38.6829405441 7.28192485639 16.0503138946 26.1774519068 33.6906808529
-9999.0 -9999.0 -9999.0 -9999.0 -9999.0 -9999.0 -9999.0 -9999.0 -9999.0 -9999.0 -9999.0 -9999.0 29.833340244 84.3793841697 110.339876221 189.389716042 23.119672392 46.8116322476 68.6549765474 266.746727955 285.291880157 301.710976098 319.55114951 338.477988063 517.042392357 571.62102775 602.170982636 13.7476446535 70.7233582357 83.9221109664 1162.352911 1212.35666526 1235.67234266 1259.14965562 1277.8917126 4561.18184172 3.80767634785 8767.52866857 16.2018726419 8.02828515906 69.107015583 58.7118058039 9.15301547007 31.2494672119 47.998868063 47.0859908268 32.6690954067 53.3218939057 83.9194356199 30.7883886773 77.6392196621 7.25822951874 12.7984694975 2.68960458393 2.11904438327
