data/baseflow/mHMbf_acc295.asc
ncols                  80
nrows                 72
xllcorner      4374000.0
yllcorner      5656000.0
cellsize            500
NODATA_value       -9999
[rows 0 to 24 of 72, columns 0 to 54 of 80]
-9999.0 -9999.0 -9999.0 -9999.0 -9999.0 -9999.0 -9999.0 -9999.0 -9999.0 -9999.0 -9999.0 -9999.0 17.6044231093 16.5260111463 -9999.0 -9999.0 -9999.0 -9999.0 -9999.0 -9999.0 -9999.0 -9999.0 -9999.0 -9999.0 -9999.0 -9999.0 -9999.0 -9999.0 -9999.0 -9999.0 -9999.0 -9999.0 -9999.0 -9999.0 -9999.0 -9999.0 -9999.0 -9999.0 -9999.0 -9999.0 -9999.0 -9999.0 -9999.0 -9999.0 -9999.0 -9999.0 -9999.0 -9999.0 -9999.0 -9999.0 -9999.0 -9999.0 -9999.0 -9999.0 -9999.0
-9999.0 -9999.0 -9999.0 -9999.0 -9999.0 -9999.0 -9999.0 -9999.0 -9999.0 -9999.0 -9999.0 -9999.0 34.7873846415 82.2717631483 14.2519544241 -9999.0 11.5100952445 -9999.0 -9999.0 -9999.0 -9999.0 -9999.0 -9999.0 -9999.0 -9999.0 -9999.0 -9999.0 -9999.0 -9999.0 -9999.0 -9999.0 -9999.0 -9999.0 -9999.0 -9999.0 -9999.0 -9999.0 -9999.0 -9999.0 -9999.0 -9999.0 -9999.0 -9999.0 -9999.0 -9999.0 -9999.0 -9999.0 -9999.0 -9999.0 -9999.0 -9999.0 -9999.0 -9999.0 -9999.0 -9999.0
-9999.0 -9999.0 -9999.0 -9999.0 -9999.0 -9999.0 -9999.0 -9999.0 -9999.0 -9999.0 15.8314598223 15.5170057013 16.2251595725 16.063937242 112.245756492 126.666398664 31.4480145737 9.89722618023 -9999.0 -9999.0 -9999.0 -9999.0 -9999.0 -9999.0 -9999.0 -9999.0 -9999.0 -9999.0 -9999.0 -9999.0 -9999.0 -9999.0 -9999.0 -9999.0 -9999.0 -9999.0 -9999.0 -9999.0 -9999.0 -9999.0 -9999.0 -9999.0 -9999.0 -9999.0 -9999.0 -9999.0 -9999.0 -9999.0 -9999.0 -9999.0 -9999.0 -9999.0 -9999.0 -9999.0 -9999.0
-9999.0 -9999.0 -9999.0 -9999.0 -9999.0 -9999.0 -9999.0 -9999.0 -9999.0 15.5493375897 31.2151544569 62.1548279392 31.1352721722 15.0842307346 29.361498987 140.742265763 196.869999318 11.7969110655 -9999.0 15.0466312569 -9999.0 -9999.0 -9999.0 -9999.0 21.7615958069 11.039576219 -9999.0 -9999.0 -9999.0 -9999.0 -9999.0 -9999.0 -9999.0 -9999.0 -9999.0 -9999.0 -9999.0 -9999.0 -9999.0 -9999.0 -9999.0 -9999.0 -9999.0 -9999.0 -9999.0 -9999.0 -9999.0 -9999.0 -9999.0 -9999.0 -9999.0 -9999.0 -9999.0 -9999.0 -9999.0
-9999.0 -9999.0 -9999.0 -9999.0 -9999.0 -9999.0 -9999.0 -9999.0 18.2697173746 50.6400536437 65.6161006576 80.566174349 107.659532643 13.7701495675 55.9766798756 69.1659969354 292.821475743 13.5941804338 12.6167123844 28.0090708484 40.6594788145 13.2751097426 -9999.0 58.0460661669 47.7176189726 13.4633403089 -9999.0 -9999.0 -9999.0 -9999.0 -9999.0 -9999.0 -9999.0 -9999.0 -9999.0 -9999.0 -9999.0 -9999.0 -9999.0 -9999.0 -9999.0 -9999.0 -9999.0 -9999.0 -9999.0 -9999.0 -9999.0 -9999.0 -9999.0 -9999.0 -9999.0 -9999.0 -9999.0 -9999.0 -9999.0
-9999.0 -9999.0 -9999.0 -9999.0 -9999.0 -9999.0 17.8255073031 16.1987728073 15.5020645066 15.867086379 16.1321402131 113.074902258 235.892181178 250.679664169 261.770512776 10.1131930993 316.523262348 329.338550102 25.5522293779 12.8488653775 53.0520904195 92.0281874975 14.0183334516 100.947267887 14.3240584674 14.7636356018 14.8080796616 -9999.0 -9999.0 -9999.0 -9999.0 -9999.0 -9999.0 -9999.0 -9999.0 -9999.0 -9999.0 -9999.0 -9999.0 -9999.0 -9999.0 -9999.0 -9999.0 -9999.0 -9999.0 -9999.0 -9999.0 -9999.0 -9999.0 -9999.0 -9999.0 -9999.0 -9999.0 -9999.0 -9999.0
-9999.0 -9999.0 -9999.0 -9999.0 -9999.0 -9999.0 35.4896898126 52.1649291302 117.610010502 163.498603581 13.9444375765 14.2985080336 13.7046192826 40.4405508871 314.451068762 10.5340501707 341.270469348 388.379750896 37.2213863757 24.1893285816 103.639643702 12.7118573622 113.364601781 26.0793657139 13.3199172496 27.6293805696 29.2678308902 14.0958313933 14.2278866863 13.7943965117 14.9748486078 29.9467388454 -9999.0 -9999.0 -9999.0 -9999.0 -9999.0 -9999.0 -9999.0 -9999.0 -9999.0 -9999.0 -9999.0 -9999.0 -9999.0 -9999.0 -9999.0 -9999.0 -9999.0 -9999.0 -9999.0 -9999.0 -9999.0 -9999.0 -9999.0
-9999.0 -9999.0 -9999.0 -9999.0 -9999.0 19.3531988544 37.3283325946 17.7427139514 34.4995074502 180.767998917 211.071649499 240.743409422 777.344641039 13.4603811421 327.718022315 1211.73258688 1220.57782905 1624.81663951 10.0904261388 35.6076207492 115.312901033 11.5340627044 259.907869325 134.494831583 83.7664221189 70.530637173 14.307217974 41.7868637463 41.325926902 27.493728881 13.4363942468 43.8408070447 13.4059302076 13.1627348909 -9999.0 -9999.0 -9999.0 -9999.0 -9999.0 -9999.0 -9999.0 -9999.0 -9999.0 -9999.0 -9999.0 -9999.0 -9999.0 -9999.0 -9999.0 -9999.0 -9999.0 -9999.0 -9999.0 -9999.0 -9999.0
-9999.0 -9999.0 -9999.0 -9999.0 -9999.0 19.4579660458 56.3579622768 112.007641933 128.982025298 256.039537628 271.826172556 321.760485836 523.147334387 819.218971037 847.685308176 861.311592482 23.1972872669 1666.59430196 1687.22561487 1746.0967033 2168.87599263 295.787639685 272.548469754 96.164833336 12.1997172028 80.6598663478 54.8444571832 12.2105998192 53.7170470342 11.8224151635 24.9056384204 69.3334585975 82.2263559755 25.8215381801 12.8298807027 12.4410628794 -9999.0 -9999.0 -9999.0 -9999.0 11.6207841844 10.0659071932 -9999.0 -9999.0 -9999.0 -9999.0 -9999.0 -9999.0 -9999.0 -9999.0 -9999.0 -9999.0 -9999.0 -9999.0 -9999.0
-9999.0 -9999.0 -9999.0 -9999.0 -9999.0 18.6859330191 17.7436395988 75.2677014368 92.6568856135 110.696289015 17.0331968905 33.626104755 191.185841013 34.5594748342 15.7094582997 14.2075412476 12.6151684804 14.4135108792 13.197653595 13.589853797 2181.44421361 2216.31512887 11.4139617934 35.4227390142 24.2341265759 92.6407041661 24.8818044275 12.1571489953 66.4964593278 23.0111299438 55.6191149763 143.683561502 133.439453809 38.4837848227 37.9112015553 12.852165934 12.7685269949 -9999.0 -9999.0 12.7370669047 25.3673484413 56.6652233791 10.7707851027 -9999.0 -9999.0 -9999.0 -9999.0 -9999.0 -9999.0 -9999.0 -9999.0 -9999.0 -9999.0 -9999.0 -9999.0
-9999.0 -9999.0 -9999.0 -9999.0 -9999.0 -9999.0 19.6273663918 20.1170017116 37.4149240285 55.2336197183 124.281216331 158.543864655 175.959925957 18.5936978683 13.8465463446 187.820742383 229.753812206 242.626150741 296.36293145 308.3597332 12.0004002874 2228.54674551 2285.49485423 45.0483595106 5.95298672238 102.385096989 228.334567161 90.2291120453 22.4321753149 11.1514041316 221.544830449 155.399125475 11.5919506191 11.6067687089 49.9805419112 37.6719223879 12.2642222987 12.331352829 12.3902130707 24.8399371462 11.947611523 68.9609378605 80.9151619185 11.7443300639 -9999.0 -9999.0 -9999.0 -9999.0 13.3260642592 12.6269435275 3.05726720905 -9999.0 -9999.0 -9999.0 -9999.0
-9999.0 -9999.0 -9999.0 -9999.0 -9999.0 -9999.0 -9999.0 19.2302537423 16.192812982 34.7171290562 52.7801093797 17.2324364166 15.652880806 98.7918909858 129.414180913 160.783834926 14.6518913285 27.8301764367 13.9248755827 320.970319616 713.114337921 724.05740892 3033.38478459 11.3556347599 18.01851861 5.50354853424 239.504443425 11.1579972745 33.8255644612 11.0331304114 232.797902454 244.031379803 23.2715598288 22.8746047011 124.33057791 62.1458084365 25.0376324228 12.5957238509 24.6975770764 36.9668059014 60.4057158843 11.5414570536 104.619955005 116.458692825 10.7885922009 11.1104676841 12.0915651352 11.0711080697 10.6067933369 37.2327387024 12.9566172523 8.23276131095 -9999.0 -9999.0 -9999.0
-9999.0 -9999.0 -9999.0 -9999.0 -9999.0 -9999.0 -9999.0 -9999.0 35.1098385725 49.9957759475 16.9822952293 34.8006697678 51.291852414 84.2964601006 16.6600551415 15.7430943869 13.2836055647 13.4124038066 12.0514777535 366.376311554 14.208661686 27.4727722816 3072.86768876 3101.58031464 12.526842573 43.1076717292 293.068496435 21.6205460931 43.7511477452 20.4281341705 30.4672122291 287.871677965 33.6807197354 179.301034538 146.212167752 11.0572003018 60.6319606593 24.2416860714 36.0079890157 11.3150960259 72.2917824347 95.3656178619 105.70208887 115.504276273 156.782981819 20.1422772386 21.8301097782 20.1012958962 19.0661397356 46.8685740693 9.63117904275 30.730666325 39.1512192597 -9999.0 -9999.0
-9999.0 -9999.0 -9999.0 -9999.0 -9999.0 -9999.0 -9999.0 -9999.0 18.659279082 86.8567757914 103.295612414 16.4221631104 32.0576074279 15.5866280154 14.2619265852 14.014808854 179.827841114 240.473429369 296.74159713 354.553761686 14.6174304766 13.6525140616 14.4000744926 3163.98814993 3195.92706415 3208.7821085 393.968045946 87.261752582 75.9062823462 9.75929667261 39.9064833333 337.653662839 9.82139486042 189.383000196 10.8323333002 77.4264490107 72.5101711591 11.4344846011 47.2800820265 22.4916793738 33.5111026279 10.8063494408 9.55286646254 125.182899315 134.150430936 165.725831378 31.4978448669 29.3161289435 28.0977874129 56.9638942435 76.4163640607 9.69599841156 47.9962058869 9.27537793137 17.6275227547
-9999.0 -9999.0 -9999.0 -9999.0 -9999.0 -9999.0 -9999.0 -9999.0 -9999.0 19.3493143522 120.968388374 137.056788219 47.8121792014 79.3599433028 108.638827021 123.778272563 15.696165221 47.0481956631 30.9580443107 16.1459085994 15.3667822101 13.5212592308 26.9848923737 47.0113175294 18.0249663285 3634.77150227 3647.70813068 11.398957121 9.12813744251 19.2941939655 28.8469337353 366.641560729 19.4116931079 198.36518424 117.131246735 96.94540362 10.7979622577 21.9250013725 57.5229259954 10.2266392038 43.523425817 21.0296987427 15.729867157 6.00310920905 154.7431539 327.937958778 38.3523481409 36.3442394067 36.2486131981 8.13385408025 84.5329232479 7.91858994242 65.5155597067 8.21082803585 26.000152626
-9999.0 -9999.0 -9999.0 -9999.0 -9999.0 -9999.0 -9999.0 -9999.0 -9999.0 -9999.0 16.5512704035 170.353452964 15.6035031814 31.4020156514 45.7774877169 74.0744041949 14.5031620534 30.9182873687 14.8903533057 13.9232845869 13.1185196877 26.0959682187 11.6711979905 13.2003713775 27.4361980655 16.3839763754 3662.21750129 3686.44619751 3720.57120541 38.7712281957 9.44382233624 18.8315656018 376.586974954 363.990274579 137.893676031 10.1792833544 43.0396159566 32.4088718579 67.7963947919 20.4326181464 84.9551868496 31.1700690111 24.3165983288 3.15422537679 6.39001973456 337.532231828 346.178306707 428.427279606 61.6955391732 16.7758512835 93.3111985995 109.783278082 183.007064931 16.351954329 7.67803464023
-9999.0 -9999.0 -9999.0 -9999.0 -9999.0 -9999.0 -9999.0 -9999.0 -9999.0 -9999.0 -9999.0 8.10641328453 187.262483096 15.0442126821 29.1974206085 132.023285948 15.0887585484 14.907697567 12.8350171917 27.1222899056 13.229609393 52.5600391232 76.1984918593 87.1778377631 37.9639754529 48.6321560747 12.1928082305 14.7783836818 13.699141712 3782.0644268 3810.16255837 385.303439531 381.69019129 372.982218335 18.4429270207 8.96299403602 52.5734381821 139.65440812 77.5635078322 30.0803078913 124.772041854 44.6812090109 35.4052805896 5.9548785124 2.53746608032 2.8464782604 3.91618593396 448.94639834 535.807877549 8.14073698562 7.56399231973 8.16276959836 190.869429494 214.475576072 13.9182394517
-9999.0 -9999.0 -9999.0 -9999.0 -9999.0 -9999.0 -9999.0 -9999.0 -9999.0 -9999.0 -9999.0 7.34238096981 205.310123669 253.133764251 14.305857172 160.545608302 13.9033693267 12.8633570183 25.4079155697 65.4195410695 12.5540564268 13.3318460471 11.4610256632 110.194596408 120.947373343 181.200038539 203.664446082 214.847552948 225.982932968 237.839647741 4060.42914531 4464.98674464 4865.6498011 4874.79708799 9.41827741899 9.01108195627 158.813870852 149.305183774 9.58207993399 9.42538440778 133.917790946 188.539364901 8.08655925973 81.0826343348 75.3481123663 14.407267742 7.88122986463 13.3877567685 9.23057890574 551.869539837 8.2047540454 23.1031701345 29.523070672 262.03174987 278.488841044
-9999.0 -9999.0 -9999.0 -9999.0 -9999.0 -9999.0 -9999.0 -9999.0 -9999.0 -9999.0 -9999.0 17.5255099822 33.6034062143 268.686240563 295.723688354 13.8447871045 187.876167731 11.5202579098 35.4443199251 77.0978639689 24.2329990863 11.6098250795 24.3399221895 10.2595199831 19.6331259341 9.37733958299 8.31865257972 6.12223985086 5.24110042645 4.75990207806 4.80874386111 7.6963103819 10.8338949285 12.9152768541 4906.78371013 191.102338976 175.022224967 7.51618876686 27.6329430722 6.6963206472 5.66885103652 197.666024811 306.802053497 91.4098376665 69.9344292221 8.37357356412 3.59303330806 3.10751326909 10.1208823267 570.263039454 586.141174995 8.26890460786 8.46548152015 6.49857629482 3.06510649112
-9999.0 -9999.0 -9999.0 -9999.0 -9999.0 -9999.0 -9999.0 -9999.0 -9999.0 -9999.0 -9999.0 -9999.0 14.3535427203 207.254864694 517.314780892 561.813309821 763.07876697 776.251825074 172.491053441 125.065397972 36.0781788384 11.4085878484 46.8445313213 57.8466892964 87.1000288554 19.29101254 17.445575191 15.4532369659 29.7629642284 13.6413516613 13.3089820019 6.49993996438 2.88375016269 4.12434707524 4916.74379942 5114.24873588 5123.83685492 7.73329448935 74.8801156131 31.061195409 9.60129301146 338.134623091 22.3075200391 11.563487494 47.0267703279 9.00080930477 7.87439323486 14.8272959029 21.3973749948 28.8865105984 599.765739156 6.42968611411 5.69484987519 5.67636454714 4.14372369989
-9999.0 -9999.0 -9999.0 -9999.0 -9999.0 -9999.0 -9999.0 -9999.0 -9999.0 -9999.0 -9999.0 16.3095779537 158.324414912 192.176214611 30.8932473545 8.78958124934 19.6187519827 808.655361938 820.827820303 1005.53276804 10.3911508524 21.6734530514 9.49985096951 9.66686933522 96.5725634648 125.304661698 151.369289006 8.39097249381 38.1535192291 60.0023298894 35.9209776732 14.6547854179 9.29368299719 7.58577591921 8.2830905511 5.08190861112 5131.87251469 5138.14828467 5226.38113656 16.7378071432 8.7658872515 346.819990804 22.9062147687 11.9226045537 13.1259515541 13.0354363703 11.4260542394 19.9434129592 58.1831696336 95.3436272668 701.691347237 4.91945597219 14.8830177683 10.0981972197 8.19367045241
-9999.0 -9999.0 -9999.0 -9999.0 -9999.0 -9999.0 -9999.0 -9999.0 -9999.0 -9999.0 -9999.0 16.8025349071 111.787123695 17.4817738933 14.7779157438 78.9206651422 91.9495519622 105.083549845 116.754830507 1371.5251861 1381.29565998 1401.44930581 1558.75007968 1587.51471462 1602.89169386 1612.79191328 1780.73801674 1800.6881968 1809.34957659 1878.71539216 1924.24069997 1932.50779773 1955.9574905 15.4123957045 12.8540737465 2.31026934194 3.34839496572 5145.45561011 5257.7416037 24.8388445555 407.016130571 398.60297851 43.3450379469 10.3042024299 10.5103135479 10.1538335723 10.2553572391 20.6862560566 30.0244266743 9.35439936219 708.027213975 714.729889169 745.538230698 751.106149788 764.547211714
-9999.0 -9999.0 -9999.0 -9999.0 -9999.0 -9999.0 -9999.0 -9999.0 -9999.0 -9999.0 -9999.0 58.3696726177 76.9362058026 35.203270539 51.9413035732 16.4745225792 185.416009987 199.569346784 227.467280811 237.38545753 90.3488821111 1508.3882485 1517.63290348 8.97866172251 5.55588918799 4.27408813202 10.4332756433 4.77640748759 2.90288566969 2.57360156847 3.58069699222 1938.8430557 1963.28462094 1987.60646955 2008.25608408 2019.91234109 5.03294059529 1.88324302498 5685.70872586 421.809035716 415.938097191 9.21601850775 9.03996988598 8.29087867942 18.9404285608 18.6424461211 8.53117404688 8.59141171287 8.00600051267 17.1519364263 23.1451068456 4.76018999413 8.69437121206 3.21333858048 1.24842174106
-9999.0 -9999.0 -9999.0 -9999.0 -9999.0 -9999.0 -9999.0 -9999.0 -9999.0 -9999.0 -9999.0 -9999.0 39.5152863925 18.1926128663 16.2923165012 157.088937276 171.991598124 14.8563315295 57.8732756753 70.6669575806 81.3236493477 12.0002200927 9.07086057729 228.475353006 235.688737062 242.254628827 631.92208145 636.067932781 641.73034033 685.709447883 703.246352528 705.580202851 2.35110024339 2.54420226624 3.38176339537 2028.34666106 3.49210796262 5759.28346429 5753.74239088 62.4479503737 55.2356868401 35.1707541825 8.75102497411 16.5804029061 27.4959893414 27.1976031263 16.729774876 8.23907550636 16.1273099916 15.7370946852 30.0878855366 4.23641739133 12.7382643806 21.1366890363 23.7196032994
-9999.0 -9999.0 -9999.0 -9999.0 -9999.0 -9999.0 -9999.0 -9999.0 -9999.0 -9999.0 -9999.0 -9999.0 20.5190003197 56.1017029639 73.1334149022 125.00333753 15.2485644337 30.6499447223 44.9099947487 172.55823656 183.034762816 188.907269225 198.896053233 211.140107866 334.552646723 368.608056365 384.741894842 5.16787212084 37.1267300406 41.5889564166 695.076006003 709.348150523 715.86108099 722.461155738 728.700820635 2761.55880224 4.16209600807 5776.41301981 7.70998597089 2.87656124524 46.6806029703 41.6226010116 5.2932383902 23.6303247327 34.8708070259 34.5630483726 23.6010356976 38.5947001842 60.9194659469 22.3102034159 58.5779652009 4.18146557803 5.75049012214 0.917709919398 0.735313043532
