data/baseflow/mHMbf_acc311.asc
ncols                  80
nrows                 72
xllcorner      4374000.0
yllcorner      5656000.0
cellsize            500
NODATA_value       -9999
[rows 25 to 49 of 72, columns 0 to 54 of 80]
-9999.0 -9999.0 -9999.0 -9999.0 -9999.0 -9999.0 -9999.0 -9999.0 -9999.0 -9999.0 -9999.0 -9999.0 23.9958839927 47.6116464625 21.9583976476 43.687397584 17.8009294696 144.179288031 177.401354114 194.424031289 15.1114358152 29.1370682913 300.792539113 368.715002439 379.707664701 25.5002560737 22.3672149693 32.3697511061 7.44380027956 6.54211883438 11.8606172383 4.54306503638 448.873614235 453.125736517 456.202570561 3424.94589281 6760.29519064 6731.62067225 6.79227868225 3.39077241736 2.94426727293 10.3152177968 7.9247147195 22.6289585122 34.2466783921 68.6736935112 5.48640353421 5.41768771657 51.9391163227 56.6311830553 109.544844504 112.310152058 119.584262362 121.802539167 1.87129171455
-9999.0 -9999.0 -9999.0 -9999.0 -9999.0 -9999.0 -9999.0 -9999.0 -9999.0 -9999.0 -9999.0 -9999.0 -9999.0 22.6330703721 45.1606218492 67.9038868548 106.084872881 20.2409406155 17.4151048255 127.392364906 142.593486263 273.433794862 289.7826449 44.64103456 13.8452645904 12.1461303704 10.9259924771 414.240154211 421.482416093 429.017137843 434.949951828 444.793952973 60.1898499162 64.0625447567 523.198679964 10710.5119314 23.3592755087 19.4129898172 10.2826319847 2.53933902143 2.14148766124 16.0609794831 17.6711178741 26.5209244809 1.86122047651 70.9473452225 8.46314165963 8.2402228502 1.51440103186 1.00171080447 0.931283002183 0.924415095173 1.0099624722 123.246446359 1927.08084929
-9999.0 -9999.0 -9999.0 -9999.0 -9999.0 -9999.0 -9999.0 -9999.0 -9999.0 -9999.0 -9999.0 -9999.0 -9999.0 -9999.0 21.4405256782 40.9298389775 58.1632179622 75.4242047297 92.7895774517 110.878342652 51.2932203254 85.6315229224 15.5182324501 14.2918039013 353.896130567 380.527889259 392.155453391 405.061939289 8.85519689067 15.7412163578 42.3105950135 49.91180575 55.7092233263 5.03442007117 3.82184400785 10721.7742324 3.99250435813 5.76292510734 2.76792892991 9.44936165556 4.46920818804 2.28645586167 46.5714964472 48.6662795069 1.18667582835 72.4135948146 81.9534806131 9.45881470036 1985.10425427 1982.75310507 1980.66716603 1976.41365844 1974.78284933 1934.50136332 1933.28566397
-9999.0 -9999.0 -9999.0 -9999.0 -9999.0 -9999.0 -9999.0 -9999.0 -9999.0 -9999.0 -9999.0 -9999.0 -9999.0 -9999.0 4.53569554433 10.2975003564 17.2458665338 157.306527534 175.236614508 18.4174351571 17.3425137155 17.2092715458 294.797535438 327.051773559 15.3533424896 15.2777407699 10.6729442901 45.4680745165 56.2239302021 27.0211931411 35.2260773527 281.659299949 288.140721222 300.545421983 462.324452255 11186.8528736 3.9116149367 2.03317074563 13.8644759273 11.6698790187 1.84126647349 6.18833532052 8.05153561646 50.8536289412 52.506218188 137.691871175 82.7693729591 10.5555603507 2017.89273345 14.2898884607 1978.75596822 1977.69226604 38.537455614 2.06941906456 4.43970560733
-9999.0 -9999.0 -9999.0 -9999.0 -9999.0 -9999.0 -9999.0 -9999.0 -9999.0 -9999.0 -9999.0 -9999.0 -9999.0 -9999.0 23.4301378251 38.1560406225 79.0947027853 138.444685563 191.128491096 229.540674733 246.448663313 263.965366012 280.455644192 15.5966726156 13.37430533 25.9723299237 22.709635622 12.2874668314 248.356800111 258.586535663 267.488981949 276.344217957 143.980584859 149.342662194 156.684026147 11189.2131926 7.37356250204 5.63892621588 21.2030813228 2.01146973723 4.22139036401 2.39323566522 1.64186176865 9.90401151984 1.17593719993 1.28977108458 2163.59192815 2025.15598315 2023.94387768 6.73393397708 13.4020898311 8.3072153612 1.65464293419 34.4706708286 8.87512035286
-9999.0 -9999.0 -9999.0 -9999.0 -9999.0 -9999.0 -9999.0 -9999.0 -9999.0 -9999.0 -9999.0 -9999.0 -9999.0 -9999.0 16.4428454021 15.0740301015 29.3922651349 45.019500644 20.07177242 21.5111901168 39.8567231457 57.5651112053 89.9299679735 105.755283255 118.659194971 158.276894693 169.560901899 182.812850722 10.6127447249 114.460314277 122.908980249 131.25784254 6.80067034485 4.94258766548 7.10639434049 11354.0623418 11356.1726755 11367.8781794 26.8691638929 4.12351489405 5.86913678554 1.4225070259 2.76414526714 11.1591321855 13.2969668052 2.22903832455 2169.70185407 2.22771199402 3.71675102417 4.1430594796 3.08098208471 5.40725094066 2.10452137419 24.086505026 19.1288310004
-9999.0 -9999.0 -9999.0 -9999.0 -9999.0 -9999.0 -9999.0 -9999.0 -9999.0 -9999.0 -9999.0 -9999.0 -9999.0 -9999.0 -9999.0 14.0385355764 27.7814461074 13.7493166734 28.5945994466 179.70869019 195.609278834 212.186141429 16.1152245812 16.0167902799 28.8523438878 42.2897489219 63.9467554635 75.5588167602 83.7231126967 93.8100451977 7.27429431792 6.64399168537 145.067409622 150.213392132 152.606588588 155.277915414 128.218416216 11506.8360391 11548.5991318 11549.7809268 11556.4302209 11563.2450767 11566.6140388 0.955133023196 14.210090049 2170.5086711 2.17291916708 1.13059829432 1.63650507661 1.68750129517 2.75792416922 2.37748865357 1.50373052013 2.79900378938 2.56058741808
-9999.0 -9999.0 -9999.0 -9999.0 -9999.0 -9999.0 -9999.0 -9999.0 -9999.0 -9999.0 -9999.0 -9999.0 -9999.0 -9999.0 -9999.0 -9999.0 41.3451079891 56.2313144625 100.871457083 135.299983315 18.574135837 250.132900899 265.723440757 280.001272032 13.5197948126 26.3506909899 10.6050267069 87.3657498893 94.7610090092 105.189028061 113.476103987 134.720692213 139.935613894 3.12904046772 117.370023602 122.917239721 125.808459992 136.724702401 12.9603109477 7.86295512431 4.42471695581 4.10972847892 11570.2155559 11571.4636433 11594.66011 2171.22010311 6.58147207914 3.72422593889 2.55067435261 0.648330208502 7.84683036698 4.13615626446 1.24175997826 7.59547476527 6.64151778751
-9999.0 -9999.0 -9999.0 -9999.0 -9999.0 -9999.0 -9999.0 -9999.0 -9999.0 -9999.0 -9999.0 -9999.0 -9999.0 -9999.0 -9999.0 -9999.0 15.0549894267 71.0858616619 86.92119141 19.4323991562 17.689416893 36.6347278811 52.9257261934 347.743310164 13.3431410972 53.9068515024 65.2179842919 76.6102624793 7.4938453902 17.0575874816 23.2762532664 94.7022673156 105.296201708 108.609671094 3.03621240427 2.57173764087 2.93240714184 5.45753755838 2.20221383192 2.21539512608 3.07113677893 2.54003828558 3.05696212276 8.45032094498 11596.2553544 13771.3113358 8.02574502749 1.57338177313 0.684017783974 25.1656766228 23.6607162937 14.4734953256 13.0773109565 9.76217579397 2.76052379714
-9999.0 -9999.0 -9999.0 -9999.0 -9999.0 -9999.0 -9999.0 -9999.0 -9999.0 -9999.0 -9999.0 -9999.0 -9999.0 -9999.0 -9999.0 12.1781204838 40.9685169945 13.7183695208 20.3185654422 20.2663135157 38.5416399244 56.5040722726 71.8246303342 433.077477321 445.550438201 13.0077314589 24.2779341758 35.73528856 44.9818327365 54.3190231566 84.1396325157 90.8554244416 6.32256860607 4.7713109937 3.37295255611 3.50241809976 3.23121028019 3.79409064914 3.04797328749 3.97880090658 10.9598485856 5.25729071457 2.1367805994 2.04828946672 1.62239139653 2.887145152 13857.1129986 77.0569646117 30.2212456001 3.18915628326 1.44898385907 0.899257744779 3.08638601859 2.04827424586 1.03307545233
-9999.0 -9999.0 -9999.0 -9999.0 -9999.0 -9999.0 -9999.0 -9999.0 -9999.0 -9999.0 -9999.0 -9999.0 -9999.0 -9999.0 12.9877266328 24.7707068765 91.0344579869 12.8607137159 38.3453389417 57.7869672901 75.0895271524 18.341895883 33.2738350342 48.3865155611 506.155675108 11.8981510648 21.9864388484 32.5153473025 9.32189986385 18.3723924911 24.1707931251 29.797527383 872.585284912 881.495953901 888.617937809 925.858055913 935.91920463 960.764498073 4.51243833457 10.7326947899 13.0800228173 1025.17739747 1028.70348156 1.79234751199 2.73163094568 3.62274366235 13858.1858254 74.1246465813 39.5962437261 37.7401939292 27.0930366691 22.0120380058 4.05671961131 1.02431087711 1.77921142
-9999.0 -9999.0 -9999.0 -9999.0 -9999.0 -9999.0 -9999.0 -9999.0 -9999.0 -9999.0 -9999.0 -9999.0 -9999.0 -9999.0 13.4276336697 40.3623481863 144.564684206 212.54375093 11.247941945 279.369712292 368.207421893 16.5794973218 31.2137958029 46.3972682031 636.562637303 647.857897571 9.04147844086 51.0242586563 59.0951688613 66.5227109312 808.961265489 828.125796635 838.807481415 5.0192532858 27.2056703367 32.3502749249 13.0266167895 18.4863509326 985.385424135 1003.41383727 1007.1793473 1010.61371156 1031.59145366 1.40248653773 1.12709792696 5.62052508985 13859.2951752 2.46780749301 2.99271918366 9.16446243341 3.77758982966 19.8409157119 14.9414664137 8.99946233643 6.2650360977
-9999.0 -9999.0 -9999.0 -9999.0 -9999.0 -9999.0 -9999.0 -9999.0 -9999.0 -9999.0 -9999.0 -9999.0 -9999.0 -9999.0 -9999.0 -9999.0 28.0212000498 56.1292919018 251.773163511 266.24576663 380.60725218 394.670695191 16.0748574056 32.1662459486 72.9573957321 659.271351819 679.917336155 687.667464401 5.8490418843 715.992920528 736.318061501 12.7546939617 5.11014612453 9.37752448578 18.3495575386 4.42040261127 8.52484488523 17.5093716299 21.6746431413 4.19547846585 2.32097130336 4.4508550591 1048.81426927 1053.52283851 1054.37425133 1063.09337735 13860.0879095 1.53114020612 1.72638871798 2.35994882993 2.26426817274 2.35961625251 1.91213190565 3.45906141997 0.91390664449
-9999.0 -9999.0 -9999.0 -9999.0 -9999.0 -9999.0 -9999.0 -9999.0 -9999.0 -9999.0 -9999.0 -9999.0 -9999.0 -9999.0 -9999.0 -9999.0 14.6345818048 14.2363932355 14.1728058934 28.9502345141 12.6836767479 419.877919413 432.432878248 14.3274795564 28.0510516556 13.1209524535 10.2490876068 9.80957727418 704.29545805 7.06652066478 14.6505546047 6.48153136699 5.06314951584 4.57762142849 3.1746358462 3.38178691159 10.3995808062 14.4545466769 2.43802224151 2.01283211298 4.4820225033 7.87285832156 10.066682166 2.6002507489 1056.36322797 1063.9985819 13860.4189858 6.88575334131 3.94174788476 1.06886649232 3.0597749741 0.821832528545 0.585011086901 4.118907286 4.40767026425
-9999.0 -9999.0 -9999.0 -9999.0 -9999.0 -9999.0 -9999.0 -9999.0 -9999.0 -9999.0 -9999.0 -9999.0 -9999.0 -9999.0 -9999.0 -9999.0 -9999.0 -9999.0 14.020573592 41.6649133186 52.7993375375 65.0257114563 444.411641071 456.596305451 468.562320294 481.629978782 491.017180647 510.736968284 516.89677343 523.515516209 528.14802832 4.04346876956 3.65216330064 4.14868765299 14.3744551057 3.99001026711 3.6747436758 2.54140696152 7.23643399306 3.08473588221 2.05210001634 1.82845571685 1.39647931317 2.78323674269 3.93583618059 1071.94074899 14939.552806 1.31366878985 2.4774783275 0.785113761388 3.92976006801 1.76718721716 1.17715959144 11.6679257765 7.01882573108
-9999.0 -9999.0 -9999.0 -9999.0 -9999.0 -9999.0 -9999.0 -9999.0 -9999.0 -9999.0 -9999.0 -9999.0 -9999.0 -9999.0 -9999.0 -9999.0 -9999.0 -9999.0 -9999.0 11.3725908498 92.4563632048 182.606700245 195.461041395 17.6147447329 32.1645349348 46.0266936633 56.0284202329 130.034541418 134.566739262 4.32681175128 4.20955175369 536.514919061 543.573965157 546.724454994 16.6923896794 2.11024606192 6.00210893118 8.65754311542 25.4409972152 31.1061966163 34.9501486047 3.36702600431 4.50244934504 1.47761660898 2.87223083428 1.47560309595 14941.3714548 1.0534513075 4.51760976213 1.79058488529 6.13839510709 12.5259999734 14.2596159248 26.5390220858 6.7783826314
-9999.0 -9999.0 -9999.0 -9999.0 -9999.0 -9999.0 -9999.0 -9999.0 -9999.0 -9999.0 -9999.0 -9999.0 -9999.0 -9999.0 -9999.0 -9999.0 -9999.0 -9999.0 12.9725812442 41.7524297881 81.3550774264 105.84989755 271.107955661 286.296890516 29.7018825571 43.9235373341 54.948931786 65.1797569644 140.021773862 149.130719122 262.593130125 271.521292789 275.213731778 550.172379122 575.417518472 5.72559905702 4.23926116153 3.95491879766 7.35460568292 3.15716966817 40.7755196474 42.5599553994 5.85407576756 7.37550974443 1.21858710344 3370.99406114 3373.86690959 18316.0983131 18321.5168417 1.15545305087 8.63391723277 1.65017635742 1.30585134175 28.6907668891 36.1641514681
-9999.0 -9999.0 -9999.0 -9999.0 -9999.0 -9999.0 -9999.0 -9999.0 -9999.0 -9999.0 -9999.0 -9999.0 -9999.0 -9999.0 -9999.0 -9999.0 -9999.0 -9999.0 -9999.0 15.09365124 14.5902485713 27.2710585361 64.2395677583 298.635536312 15.4904060389 15.2616608778 26.0890077623 37.5006975103 90.7017403694 98.3799978327 7.10515956206 6.45683688353 280.608273762 284.557784136 863.234158127 866.024755388 1.73772089545 1.43003500345 1.07771617473 1.09289524926 1.18206347757 3339.35559872 3350.47749598 3359.56211878 3362.43127136 3369.80253692 1.67741552911 5.87751484651 6.78413219189 18329.9709692 18329.8846833 18330.6262849 18330.9941565 18331.4809719 37.0522686584
-9999.0 -9999.0 -9999.0 -9999.0 -9999.0 -9999.0 -9999.0 -9999.0 -9999.0 -9999.0 -9999.0 -9999.0 -9999.0 -9999.0 -9999.0 -9999.0 -9999.0 -9999.0 -9999.0 -9999.0 13.1369586515 13.8774580977 25.4698502287 348.408543281 361.365284899 14.8226144565 25.5528065692 37.3890031617 46.7357998779 8.05955432286 13.8714013911 776.792747234 780.7968053 784.948869035 818.464514466 1688.02485822 3260.85009442 3265.46210136 3269.40641076 3273.0595606 3289.60974837 3295.15789861 9.6974660179 4.05793727862 2.61138251137 4.7632081516 2.88092803351 4.74654283533 1.40256722004 36.2084614113 40.1008373784 42.9765692505 43.2712330469 18331.1362478 18368.2226163
-9999.0 -9999.0 -9999.0 -9999.0 -9999.0 -9999.0 -9999.0 -9999.0 -9999.0 -9999.0 -9999.0 -9999.0 -9999.0 -9999.0 -9999.0 -9999.0 -9999.0 -9999.0 -9999.0 -9999.0 -9999.0 13.4435314285 25.6188102422 37.8953099663 371.602493976 12.2024306816 503.217005735 515.72265995 523.830751257 530.569152843 750.55338708 757.359504096 4.87264743163 25.188021957 30.3205663613 4.79711518433 1568.34421882 1560.08706985 1.9934546172 5.02655298368 13.7070486921 3.14892698726 3.26338266723 2.03742582682 1.52682022918 1.05479178583 1.29456144296 31.9300024096 33.2909658869 35.102379823 3.0455856751 2.17633494087 44.5059540952 45.0168853989 45.2026048798
-9999.0 -9999.0 -9999.0 -9999.0 -9999.0 -9999.0 -9999.0 -9999.0 -9999.0 -9999.0 -9999.0 -9999.0 -9999.0 -9999.0 -9999.0 -9999.0 -9999.0 -9999.0 -9999.0 -9999.0 -9999.0 12.0741901096 11.2178666938 58.5721217444 454.862417301 479.619650679 492.58067714 11.9202713049 198.968636367 208.247309759 213.51712572 6.78203672848 12.1832434105 16.840078033 361.241553946 364.477263459 367.072011255 1555.67277665 960.278571319 2.8837692779 2.99056979825 2.79559450702 1.82539726192 20.2515870451 23.9760850061 27.07511037 28.8238942156 30.4717956927 297.94839359 298.949572384 300.343586167 303.609722731 314.662417894 314.940651688 360.424071052
-9999.0 -9999.0 -9999.0 -9999.0 -9999.0 -9999.0 -9999.0 -9999.0 -9999.0 -9999.0 -9999.0 -9999.0 -9999.0 -9999.0 -9999.0 -9999.0 -9999.0 -9999.0 -9999.0 -9999.0 -9999.0 -9999.0 23.552334986 36.1438927362 13.7268754339 15.6178837256 157.577808739 170.494466155 178.973450746 73.130124035 80.2699679021 87.4775059678 92.380413898 353.572683718 358.594827763 219.283144341 589.823194931 592.932027584 958.202230382 5.74493666895 2.89801614977 1.66346292474 14.257184206 16.6876013019 1.07932756089 0.973429153365 293.130454548 295.811968762 297.058614573 1.62759390186 2.38895278766 313.468610151 0.830382168285 2.35144560281 2.54262378632
-9999.0 -9999.0 -9999.0 -9999.0 -9999.0 -9999.0 -9999.0 -9999.0 -9999.0 -9999.0 -9999.0 -9999.0 -9999.0 -9999.0 -9999.0 -9999.0 -9999.0 -9999.0 -9999.0 -9999.0 -9999.0 -9999.0 11.8177425544 23.364666881 101.320387502 115.593018422 129.348433799 55.5857374086 65.4021824527 8.48511619101 242.787198245 249.99207688 256.320426358 5.38485534236 210.219572775 215.501398169 3.40455478561 942.663101813 7.07373834681 3.54508195428 7.97012165421 10.8825509469 1.77820967665 1.27985360591 278.74037969 290.805612991 292.473754017 1.79420350646 3.20946386554 3.94881907691 4.48680294507 8.93027166739 0.831438639831 1.95903687756 0.359519820069
-9999.0 -9999.0 -9999.0 -9999.0 -9999.0 -9999.0 -9999.0 -9999.0 -9999.0 -9999.0 -9999.0 -9999.0 -9999.0 -9999.0 -9999.0 -9999.0 -9999.0 -9999.0 -9999.0 -9999.0 -9999.0 -9999.0 11.6358659102 37.1655626697 66.0478428373 15.9800740109 30.2310004708 44.09828932 209.497683535 219.458498698 227.31778127 6.88906289743 173.785227185 195.30241853 200.933438832 3.85430868778 928.102224054 936.257339442 3.61573399121 3.1233640143 6.01791416901 2.09828901578 269.801489948 273.241087224 275.360203773 7.97351315191 9.70386104876 1.38599701261 2.36189681406 0.988261720902 6.80062821051 1.05830036979 0.515884202193 0.531199038618 0.584567451851
-9999.0 -9999.0 -9999.0 -9999.0 -9999.0 -9999.0 -9999.0 -9999.0 -9999.0 -9999.0 -9999.0 -9999.0 -9999.0 -9999.0 -9999.0 -9999.0 -9999.0 -9999.0 -9999.0 -9999.0 -9999.0 -9999.0 -9999.0 13.230066353 15.1606518395 17.2574723791 147.21856968 160.244873934 198.540510208 9.97786057563 142.923796672 161.213937481 7.29371064429 15.3394427567 5.37944137059 915.705023696 5.37750134074 12.1427598836 14.4552922778 16.5588263211 256.302702776 264.013450866 266.498343906 2.53595947941 4.46697189925 6.09458967474 0.777789350926 0.677948993167 727.162908454 727.838615046 728.360667385 735.106985297 735.859195969 736.698578028 737.096691443
