data/baseflow/mHMbf_acc600.asc
ncols                  80
nrows                 72
xllcorner      4374000.0
yllcorner      5656000.0
cellsize            500
NODATA_value       -9999
[rows 25 to 49 of 72, columns 0 to 54 of 80]
-9999.0 -9999.0 -9999.0 -9999.0 -9999.0 -9999.0 -9999.0 -9999.0 -9999.0 -9999.0 -9999.0 -9999.0 27.9463342085 55.253942421 25.3415518955 50.4970319688 21.3371563966 168.550552328 207.79216813 227.940869549 17.64166594 34.7588924382 344.604362132 422.32144595 435.773997598 25.8958646352 27.9177793568 41.0521056557 8.26249062485 7.38336713256 13.4955277637 5.18295648662 493.36521883 498.943227811 504.245013892 4089.2219175 7931.55337451 7901.75393535 6.06933144549 3.35867962727 3.02231093196 13.5142082137 10.9052423332 27.1598762331 39.1849710959 77.7563321108 6.41914037714 6.35080452287 59.9729927602 65.8963401248 123.516534465 126.044323959 134.007354004 136.021873569 2.33201960473
-9999.0 -9999.0 -9999.0 -9999.0 -9999.0 -9999.0 -9999.0 -9999.0 -9999.0 -9999.0 -9999.0 -9999.0 -9999.0 26.1778950272 52.3045136553 78.6418582645 123.68303564 23.5602812715 20.4197805316 141.288155986 159.061955741 311.926378988 329.915249945 49.5069026311 15.038389345 12.5929329757 10.8205727052 454.478481212 462.161775402 470.411097885 476.876444662 487.972191897 71.7474015656 74.6252062196 581.68100266 12604.326007 23.2694209435 17.9324037477 9.12564381971 2.52952645997 2.25869185697 18.9474427419 20.4076702063 31.2895698972 2.16696989492 80.8126696813 10.6735513431 10.4707670021 1.96751380432 1.13996305094 0.907093973403 0.750174978341 0.882035429277 136.907007647 1835.83843735
-9999.0 -9999.0 -9999.0 -9999.0 -9999.0 -9999.0 -9999.0 -9999.0 -9999.0 -9999.0 -9999.0 -9999.0 -9999.0 -9999.0 25.0657933312 45.5628149118 62.9553952372 80.2155295042 100.633256368 121.781929435 59.7791177078 99.3626389355 17.7247423031 16.5473479664 388.853521828 418.926460099 431.879218865 445.600531494 8.8749134662 16.0578491035 45.0393856656 57.9386568844 65.9985133935 4.08743477698 2.01988935612 12614.1366377 4.37323548462 6.39497218737 4.01969864964 11.0905766735 4.74227278834 2.75127527726 53.5358238998 54.8435136968 0.970315415159 81.8837204048 94.6162865693 14.830909336 1880.90395951 1876.9743404 1874.59103014 1871.04347471 1869.76602605 1843.30797166 1841.92631487
-9999.0 -9999.0 -9999.0 -9999.0 -9999.0 -9999.0 -9999.0 -9999.0 -9999.0 -9999.0 -9999.0 -9999.0 -9999.0 -9999.0 4.94410543268 11.0812405025 17.5748321549 167.29282905 188.430006268 21.5839859279 20.0108585991 19.9213125867 322.239615863 358.84754753 16.9676847417 17.1476209705 11.8464684337 51.4711824106 63.6884552476 28.3018056666 37.873299137 321.016916919 329.255404484 340.293402778 528.915160732 13145.9026761 4.94523729743 2.84093888533 17.0901739184 13.5589716261 1.49123436398 5.91933933339 7.44915568475 56.3804096241 57.5104258036 154.512878611 95.0937014379 15.8680582352 1910.98381219 8.41193523796 1872.83924342 1872.00712379 25.1494522045 0.706648701796 4.1004593181
-9999.0 -9999.0 -9999.0 -9999.0 -9999.0 -9999.0 -9999.0 -9999.0 -9999.0 -9999.0 -9999.0 -9999.0 -9999.0 -9999.0 24.8436629717 40.7007115013 83.8352415941 147.039759414 204.097015679 246.857928708 266.654185282 286.910376222 305.640922631 17.8089850428 15.035766891 29.4291628182 25.3745534125 14.0055700328 283.569455561 295.309230401 305.50721076 315.178024776 168.264153062 178.10999792 186.033942668 13148.3042102 8.64522665163 11.0715310189 30.7918297209 2.81119157616 3.14429772371 1.67674292637 1.4030424507 8.82219336841 0.88248279754 0.935982611417 2070.4326346 1915.39062801 1914.56594183 4.06348436591 7.63867378396 4.88387694742 0.997989475187 23.3094501953 5.9312690246
-9999.0 -9999.0 -9999.0 -9999.0 -9999.0 -9999.0 -9999.0 -9999.0 -9999.0 -9999.0 -9999.0 -9999.0 -9999.0 -9999.0 17.2809405442 16.3329441068 32.078902413 48.3535752313 23.2611158337 26.2376611227 47.2126997756 67.6038639573 104.634949627 122.762889195 137.22207617 181.993413049 194.350179601 208.962004362 13.7554148242 131.197332791 141.081710272 151.418886486 8.9761039264 7.29658684959 11.17882536 13348.1211777 13350.196232 13363.8400264 39.0357730731 6.02762978442 6.62071242702 2.12596684542 2.39240048845 9.86652755168 11.5564605783 1.63859854339 2074.33795563 1.2264726004 2.06759107391 2.35765306794 1.54340131279 3.08925171032 1.20098188961 16.3728714795 13.1138428143
-9999.0 -9999.0 -9999.0 -9999.0 -9999.0 -9999.0 -9999.0 -9999.0 -9999.0 -9999.0 -9999.0 -9999.0 -9999.0 -9999.0 -9999.0 15.6147677809 30.5603124126 14.8537244525 30.9327147975 187.839324768 205.098075799 224.445110005 18.3258249131 18.3044967124 32.6971062782 47.9512303203 71.4180823034 84.5046579367 94.1553664513 106.185848439 8.6623417346 8.68843184982 171.661789699 179.505961886 182.925430437 186.150420999 140.988258676 13516.8279248 13572.9217904 13574.6880631 13582.3987792 13590.8111547 13593.3275442 0.6854255131 12.2915779313 2074.80563218 1.28047425084 0.659713074718 0.868233037621 0.984300187637 1.69914620529 1.66618485263 1.00136043448 1.78956151485 1.67899848589
-9999.0 -9999.0 -9999.0 -9999.0 -9999.0 -9999.0 -9999.0 -9999.0 -9999.0 -9999.0 -9999.0 -9999.0 -9999.0 -9999.0 -9999.0 -9999.0 45.2506928081 60.2735226912 105.664079986 140.40992504 18.2087972339 264.640722154 282.302557804 298.642084429 15.0812760273 29.3673177264 11.3559406557 95.0975184462 102.872437404 115.854101322 129.689706963 156.679672651 163.310844532 3.96431540293 129.133973258 135.24670862 138.180470289 150.7333351 15.0328231315 8.94786024052 5.07100637938 4.48228232468 13598.1896338 13598.5469176 13614.6937581 2075.13977992 4.07480341531 2.37690088518 1.56489754879 0.537246619626 5.27404878881 2.85866953176 0.880326681368 5.21085271178 4.49830532976
-9999.0 -9999.0 -9999.0 -9999.0 -9999.0 -9999.0 -9999.0 -9999.0 -9999.0 -9999.0 -9999.0 -9999.0 -9999.0 -9999.0 -9999.0 -9999.0 15.5378200962 75.6030101208 91.6273180388 19.4740059125 20.3547292023 41.8634645347 60.4719427081 376.167173717 14.9338067012 60.14750505 72.2281202843 84.0235197947 9.19376478307 20.049393041 26.2421065337 102.280516435 115.312822504 118.686508146 3.50093128733 2.95205460537 3.51249817636 6.64686131403 3.17888892358 3.27063719153 2.16106924746 3.08598252069 1.09544811974 3.82142287623 13615.2180249 15692.0336658 7.03522083162 2.05295727501 0.663191599969 17.137142773 15.9381213862 9.74623491402 8.80848651307 6.63043000302 1.76214619912
-9999.0 -9999.0 -9999.0 -9999.0 -9999.0 -9999.0 -9999.0 -9999.0 -9999.0 -9999.0 -9999.0 -9999.0 -9999.0 -9999.0 -9999.0 13.4515666529 42.7436790081 13.8920182847 21.670495028 23.1449127337 43.7779850027 64.115473589 80.0093521065 468.829266802 482.766308727 14.4999154727 26.6408211456 39.0663679778 47.2716184058 57.2660169873 92.1493739633 98.5034623482 8.88391823312 4.74317414087 1.87415071391 1.33154674427 4.05267888478 4.01532663186 5.07619297982 5.97539607529 10.280222489 4.1435981292 1.02680789796 0.994585221983 0.843967634826 1.54014256596 15765.5140367 65.8683399867 21.0312518751 2.38329113924 1.21762786048 0.627030770619 2.18381513707 1.47751847311 0.768772801375
-9999.0 -9999.0 -9999.0 -9999.0 -9999.0 -9999.0 -9999.0 -9999.0 -9999.0 -9999.0 -9999.0 -9999.0 -9999.0 -9999.0 14.2095335338 27.3509557116 96.7910548536 13.0150609068 38.9726217772 61.3315180505 81.2205688793 20.8246971149 37.8221323762 52.4454880218 546.353186206 13.3691294847 24.3912881413 36.0798057428 10.4945977389 20.8616871853 28.808049888 34.7076898136 926.169899324 936.656884127 945.842228715 980.25764141 986.773277929 1005.93981587 9.86188722095 20.7012709863 12.6264504623 1065.51132424 1067.25662101 0.882063399576 1.43484997147 1.95989888077 15765.545901 62.7674563081 35.3137114843 33.5268705491 20.4099436434 16.2689327986 2.86608823595 0.692311297527 1.30655691354
-9999.0 -9999.0 -9999.0 -9999.0 -9999.0 -9999.0 -9999.0 -9999.0 -9999.0 -9999.0 -9999.0 -9999.0 -9999.0 -9999.0 14.5149089832 43.8935393248 154.983856628 228.873344615 11.3106210494 296.443965634 390.656367867 18.8898754396 35.569414971 50.8466552122 687.173108426 697.595986535 8.61851549362 53.6758519529 61.6483911767 70.4373349346 858.265026007 877.61715714 886.427746308 3.9941238909 23.9857055503 28.2220428876 8.8909071875 12.2000997101 1023.07359856 1048.26917777 1050.28279925 1052.09108673 1068.85707049 0.794082850948 0.668531221071 3.14480477131 15765.7784105 4.39532453415 6.79502720794 11.7784502427 2.93758339225 14.5141616757 10.5291097801 6.41191410833 4.47759946468
-9999.0 -9999.0 -9999.0 -9999.0 -9999.0 -9999.0 -9999.0 -9999.0 -9999.0 -9999.0 -9999.0 -9999.0 -9999.0 -9999.0 -9999.0 -9999.0 30.3940245358 60.9673187714 269.754815059 284.303073813 403.204404596 416.423537351 18.0069802354 36.0179873297 79.7912970205 707.124823236 726.380399621 733.046747609 4.8366806309 758.809301493 779.755130353 12.1918427324 4.07300789512 7.74767731772 14.8088711009 3.44187308165 6.360359295 13.0613677327 15.611602062 2.88901223993 1.66029703329 3.09428804363 1084.82051187 1089.67182375 1090.17688357 1095.2520349 15765.8488449 3.56608148462 5.50155751729 2.02330644601 1.96752525056 2.02897669693 1.69200526957 3.1399762059 0.720569450088
-9999.0 -9999.0 -9999.0 -9999.0 -9999.0 -9999.0 -9999.0 -9999.0 -9999.0 -9999.0 -9999.0 -9999.0 -9999.0 -9999.0 -9999.0 -9999.0 15.841193304 15.4408759636 14.8430025707 28.8255171127 12.1809763337 440.827984724 452.499091668 15.4357532779 30.5490572474 13.1527955817 9.21043983813 8.74748332285 748.495165566 7.32923204592 14.9867448558 6.31073661627 4.35468650613 3.6412089634 2.50106294724 2.65024365662 8.11055974212 11.2554863224 1.93186438024 1.62617550065 3.59171848042 6.22048935878 8.77772795686 2.865738068 1091.50609678 1095.79487385 15765.7535887 13.3621798713 8.21720058859 1.18630634792 2.91292094618 0.968892861571 0.719799558427 3.9286469225 3.5978385605
-9999.0 -9999.0 -9999.0 -9999.0 -9999.0 -9999.0 -9999.0 -9999.0 -9999.0 -9999.0 -9999.0 -9999.0 -9999.0 -9999.0 -9999.0 -9999.0 -9999.0 -9999.0 15.1612190716 42.4347565434 53.9201464432 65.8325252329 464.11425592 475.93980007 486.978980714 498.546222488 506.925999492 524.745861758 531.160794986 538.068537987 542.849483346 3.7023515891 3.3014232938 3.53424251379 11.5570321339 3.10304028053 2.85178688775 2.03293895632 5.78525547638 2.37879172794 1.66956380131 1.5141647809 1.21326497359 2.42012267613 3.47333440358 1102.80247969 16881.750871 1.50927653764 2.2704165462 0.944777443899 5.84121072116 7.4655850341 1.44643055087 10.5494343321 6.181756243
-9999.0 -9999.0 -9999.0 -9999.0 -9999.0 -9999.0 -9999.0 -9999.0 -9999.0 -9999.0 -9999.0 -9999.0 -9999.0 -9999.0 -9999.0 -9999.0 -9999.0 -9999.0 -9999.0 12.381867543 99.4728303875 191.959066664 203.820555463 16.6378876184 31.9419944024 47.3492896853 57.9945090148 136.744534584 141.047158805 4.08033450212 3.87665611208 553.629542244 561.011109511 563.875116191 13.4319808622 1.51068880991 4.201252306 6.1393630846 18.6208565682 23.0435482683 26.2261536435 2.85151959936 3.91734276683 1.32181137659 2.62574845744 1.34217893284 16883.2018 1.04390156954 4.55269304738 1.63980784162 7.91082117049 23.2267798893 25.2400694871 36.4693729877 6.30660026355
-9999.0 -9999.0 -9999.0 -9999.0 -9999.0 -9999.0 -9999.0 -9999.0 -9999.0 -9999.0 -9999.0 -9999.0 -9999.0 -9999.0 -9999.0 -9999.0 -9999.0 -9999.0 13.9906574512 44.8555568807 87.4381192938 113.835767658 284.602507026 298.648384741 32.6362597739 48.2798188109 60.2499522518 70.6737504917 146.634150273 155.412048176 278.986135088 288.365285971 294.015775208 566.508110068 585.696127502 3.90781371289 2.91269632066 2.67029029648 4.94713874248 2.19123855229 30.5467351583 32.0545326527 5.22788859107 7.976831236 3.14009370016 3348.4302016 3351.2048379 20234.6358472 20239.7031113 1.43503043218 10.8930700257 4.42452738059 2.3488631989 40.7307978949 47.7775784269
-9999.0 -9999.0 -9999.0 -9999.0 -9999.0 -9999.0 -9999.0 -9999.0 -9999.0 -9999.0 -9999.0 -9999.0 -9999.0 -9999.0 -9999.0 -9999.0 -9999.0 -9999.0 -9999.0 16.1398615976 15.5821622943 29.207597994 68.7695188114 311.134914136 16.9091494089 16.6886290143 28.1889358595 40.5326412622 99.5905242343 108.098979828 6.9782173446 5.8498616418 298.41769092 301.43898018 892.436402298 896.244305634 1.21829546617 1.03646286311 0.831869100899 0.841018833956 1.01584891399 3316.10026121 3325.81777646 3335.03517252 3340.09978466 3346.31221027 1.5919127328 5.76087061352 6.50108677386 20247.4005328 20247.1145398 20246.6219002 20246.8395498 20247.8163315 50.448937487
-9999.0 -9999.0 -9999.0 -9999.0 -9999.0 -9999.0 -9999.0 -9999.0 -9999.0 -9999.0 -9999.0 -9999.0 -9999.0 -9999.0 -9999.0 -9999.0 -9999.0 -9999.0 -9999.0 -9999.0 14.0999271779 14.8556487469 27.2549537174 364.090768704 375.99868916 16.2904669408 27.8794860044 40.6054503728 51.7674743915 9.97692196332 16.9503750237 808.978489848 812.430974059 818.494686106 846.368171876 1745.05146866 3255.10246117 3258.40651324 3261.24649431 3263.96395881 3278.02006404 3282.66398688 8.60282483873 3.67943129438 2.29302526874 4.22942364818 2.88361934842 4.62522465184 1.36200901073 35.2260840561 41.3094693957 45.8012674342 46.0941199384 20247.2697497 20297.6842966
-9999.0 -9999.0 -9999.0 -9999.0 -9999.0 -9999.0 -9999.0 -9999.0 -9999.0 -9999.0 -9999.0 -9999.0 -9999.0 -9999.0 -9999.0 -9999.0 -9999.0 -9999.0 -9999.0 -9999.0 -9999.0 14.3780250069 27.3617595344 40.4409795786 386.512892219 11.2991825997 519.701606362 532.903175038 543.105373401 551.485863473 777.743350139 785.576295873 3.34426934016 21.2358915786 25.0524472933 3.54804753514 1506.97613572 1500.69113796 1.69143363945 4.14503125586 11.6195410574 2.68931828974 2.87039601774 1.89511665666 1.53384117061 1.134764892 1.36475047611 30.9534655414 32.3797217041 34.2844448294 5.40441071596 3.87729158005 47.7170668427 48.1730277508 48.3881255713
-9999.0 -9999.0 -9999.0 -9999.0 -9999.0 -9999.0 -9999.0 -9999.0 -9999.0 -9999.0 -9999.0 -9999.0 -9999.0 -9999.0 -9999.0 -9999.0 -9999.0 -9999.0 -9999.0 -9999.0 -9999.0 12.9710012662 12.0167102698 62.5974065197 473.408678732 496.735161586 508.226419212 11.7157442549 198.435390313 209.162445111 214.587466533 7.07492412486 11.2642922024 14.5315819096 346.020957321 348.588136068 350.71439536 1497.07513918 927.054605004 2.3069831553 2.5599424196 2.41952767164 1.74095587142 19.3392874709 22.9556545261 26.0472530315 27.7919307399 29.4522879512 296.624796057 297.984521268 300.60649863 305.631841773 319.109063578 319.416880691 368.092506945
-9999.0 -9999.0 -9999.0 -9999.0 -9999.0 -9999.0 -9999.0 -9999.0 -9999.0 -9999.0 -9999.0 -9999.0 -9999.0 -9999.0 -9999.0 -9999.0 -9999.0 -9999.0 -9999.0 -9999.0 -9999.0 -9999.0 25.2500233162 38.5770071019 12.8018730797 16.7900736469 158.286623465 170.423188997 178.113008403 69.1062288389 76.9763827111 84.7898644815 88.9248968917 340.023539584 344.105400595 212.006759969 565.539517049 568.075444137 925.338227151 5.07900177244 2.6444693849 1.65283076702 13.5892949652 15.9402901027 1.22781630743 1.12824444541 291.383254 294.295369516 295.648509531 2.11229921654 3.44874325898 317.645676399 0.585394738764 2.49483201673 2.73061484871
-9999.0 -9999.0 -9999.0 -9999.0 -9999.0 -9999.0 -9999.0 -9999.0 -9999.0 -9999.0 -9999.0 -9999.0 -9999.0 -9999.0 -9999.0 -9999.0 -9999.0 -9999.0 -9999.0 -9999.0 -9999.0 -9999.0 12.6275180958 24.9377268582 102.526251781 115.624906181 128.419378424 52.258083167 61.0527826319 8.60071601455 233.897159594 241.10882142 247.339225472 4.5910505277 204.638432664 208.960421373 2.82764645861 911.917582179 6.02054840438 3.0351568762 7.52858384934 10.1843758574 1.80820619032 1.39235592592 275.736327255 288.871380444 290.593930896 1.89393089823 3.8636826503 4.80423069211 5.79612216682 10.5008238112 0.929446025346 2.07560340361 0.386824858442
-9999.0 -9999.0 -9999.0 -9999.0 -9999.0 -9999.0 -9999.0 -9999.0 -9999.0 -9999.0 -9999.0 -9999.0 -9999.0 -9999.0 -9999.0 -9999.0 -9999.0 -9999.0 -9999.0 -9999.0 -9999.0 -9999.0 12.430226574 38.6598362255 65.9473058168 14.3944380949 28.8934150354 41.9154176732 200.303264223 210.464634989 218.289149134 6.93295180832 171.220503468 191.846675813 196.908370796 3.60448703269 899.505511847 906.632116059 3.25905379531 2.8547008795 5.64581275572 2.11775741899 266.045772503 269.668006396 271.94151058 8.58805494335 10.5440857103 1.63020004271 2.84260922114 1.2252466556 8.55555314737 1.27449574331 0.575285071114 0.567822588167 0.601006794363
-9999.0 -9999.0 -9999.0 -9999.0 -9999.0 -9999.0 -9999.0 -9999.0 -9999.0 -9999.0 -9999.0 -9999.0 -9999.0 -9999.0 -9999.0 -9999.0 -9999.0 -9999.0 -9999.0 -9999.0 -9999.0 -9999.0 -9999.0 13.1804791689 14.1009902277 16.1413752196 143.756102755 155.968933211 190.739303566 9.76006454864 138.763257329 158.451503819 7.27469125756 14.9773763157 4.94891911929 887.978636088 5.05808225092 11.2757918474 13.5363920828 16.445391344 252.173078883 260.028911121 262.526415507 2.57746463271 4.6899661064 6.52633820472 1.01270689387 0.90366056618 759.728785521 760.609548455 761.294974421 769.593244099 770.510877945 771.39857198 771.834615069
