data/baseflow/mHMbf_acc309.asc
ncols                  80
nrows                 72
xllcorner      4374000.0
yllcorner      5656000.0
cellsize            500
NODATA_value       -9999
[rows 24 to 47 of 72, columns 0 to 54 of 80]
-9999.0 -9999.0 -9999.0 -9999.0 -9999.0 -9999.0 -9999.0 -9999.0 -9999.0 -9999.0 -9999.0 -9999.0 22.0267985349 59.8780164308 77.7248509912 131.790625107 15.1596854341 30.8590222227 45.0178675371 176.240005913 186.360623119 192.054317964 201.214988882 212.63683561 330.105666592 361.729353455 376.359019413 4.55216546553 33.224538233 37.0006384881 676.719134466 688.057434592 692.926774537 697.855806005 702.360071344 2764.87106909 4.21366446417 5934.11651948 5.9541882153 2.14964278556 37.472930362 33.7054987118 3.67631173315 18.5946620906 28.9868857126 28.6402659283 18.6283462918 30.2830704777 47.441727384 16.6386236368 43.6952054274 2.63471407932 3.81300753851 0.515486099435 0.394351623927
-9999.0 -9999.0 -9999.0 -9999.0 -9999.0 -9999.0 -9999.0 -9999.0 -9999.0 -9999.0 -9999.0 -9999.0 20.1906192655 40.0642636524 18.0714815017 36.4736656833 15.224091443 120.148005811 148.307431231 163.073176499 12.8141606558 23.8093520971 256.873929895 312.097135954 320.76074789 21.4709750516 19.7747313437 27.1841947025 3.08935522103 2.65343105968 4.82170049124 2.72840612331 397.826024506 400.942985408 403.646851112 2770.60444342 5960.51177942 5936.5007939 3.06401614184 1.4531625193 1.26043255096 5.98443240697 4.97379976833 20.7069011426 32.8090790284 66.7458842986 5.2352318086 5.1769632381 51.1597212545 55.0335207969 105.842219039 108.133850883 112.540324148 113.514950409 0.835833947753
-9999.0 -9999.0 -9999.0 -9999.0 -9999.0 -9999.0 -9999.0 -9999.0 -9999.0 -9999.0 -9999.0 -9999.0 -9999.0 18.4947240598 37.0476677542 55.8924704507 88.1991143794 16.9659762717 14.7493294043 113.24150425 126.066841757 236.690713644 249.993078097 36.3492493117 11.8689794488 10.5047056498 9.42317973414 378.864985807 383.733129096 387.33489315 389.801708414 395.105353115 44.3027435387 48.0652078419 454.752115833 9188.76147723 17.6484856035 13.5039777438 5.46449171838 1.56707323771 1.03764838067 8.42661566608 9.14242682386 22.370903077 0.780066404139 67.9119497421 7.32276791834 7.06034841339 0.667633615801 0.435922462219 0.413149689342 0.863603623932 0.445485415406 114.016715964 1575.34751414
-9999.0 -9999.0 -9999.0 -9999.0 -9999.0 -9999.0 -9999.0 -9999.0 -9999.0 -9999.0 -9999.0 -9999.0 -9999.0 -9999.0 17.6124929433 35.8071318626 52.3108435353 68.9930619414 83.8787160749 99.3548133756 43.9523378521 73.1027567275 12.970019667 12.3112421545 325.857156444 349.252844698 359.557753696 370.918262541 7.35803783755 12.4043769258 33.3215093373 37.1944334124 40.6363311099 4.71627690408 4.25156795775 9201.76824804 4.32514581138 5.43128757628 2.61663582357 6.80510531976 3.07854888844 2.02612003664 33.3157546215 35.5653037743 1.09849629469 69.3824660654 77.2183205756 7.55183552255 1609.71028443 1608.55498402 1607.53380622 1604.53168533 1602.82168642 1579.72017609 1578.36552859
-9999.0 -9999.0 -9999.0 -9999.0 -9999.0 -9999.0 -9999.0 -9999.0 -9999.0 -9999.0 -9999.0 -9999.0 -9999.0 -9999.0 4.40021071872 9.87423149 16.5649923806 152.088212933 167.435169931 15.7315893603 14.8404961186 14.6581731541 275.136996592 302.546574929 12.9749480258 13.3028208734 9.49749593758 39.641406489 48.9460651773 22.2272862874 27.3515476601 241.223947426 246.408564869 259.473734874 396.944478093 9602.39332512 4.39420655743 2.01750462883 10.7123123037 8.73137091289 1.74545286047 5.72405262131 7.5428347365 37.6624981991 39.3690389949 119.554118887 77.8666898938 8.0860278534 1638.98660679 13.9757737133 1606.47678207 1605.58448926 21.6588273345 2.07119104523 1.03476374203
-9999.0 -9999.0 -9999.0 -9999.0 -9999.0 -9999.0 -9999.0 -9999.0 -9999.0 -9999.0 -9999.0 -9999.0 -9999.0 -9999.0 22.7501887157 36.9968205304 76.5038877634 134.583667793 183.056930847 218.511448346 233.333102602 248.478918432 262.811918753 13.2291879875 11.4866137822 22.2744404564 20.0030265099 10.4198235559 214.356979343 223.233567488 231.102968638 238.50581637 119.18634202 123.025648897 131.463234729 9605.66290593 8.31259556852 6.48051677386 18.7490112462 1.73525163121 4.47093307135 2.58414344893 1.62120927487 9.5462450803 1.25036593261 1.34412293357 1766.97892075 1646.44723824 1645.0386679 6.5381724597 13.3390692565 7.99153864169 1.40488544289 17.3716383346 3.76290768568
-9999.0 -9999.0 -9999.0 -9999.0 -9999.0 -9999.0 -9999.0 -9999.0 -9999.0 -9999.0 -9999.0 -9999.0 -9999.0 -9999.0 16.0285364146 14.7326414661 28.7684219568 44.0207435023 18.1637687565 18.015252644 33.4536849965 48.4022594193 75.8365274448 89.5886144508 101.27382098 135.795320671 145.990712981 157.291445029 9.35248683151 99.8350069577 106.724802859 112.001094973 2.96933741055 1.09324656646 2.44018008409 9735.53901911 9738.58102572 9752.50574756 24.2683253312 3.86756968468 6.2241883496 1.49632036655 2.80089551971 10.9002333654 13.1811355052 2.35277837338 1773.57937127 2.46052158521 3.69755370227 4.04680534159 3.29656841442 5.26653958673 2.09734862404 12.8388849332 8.73673115849
-9999.0 -9999.0 -9999.0 -9999.0 -9999.0 -9999.0 -9999.0 -9999.0 -9999.0 -9999.0 -9999.0 -9999.0 -9999.0 -9999.0 -9999.0 13.751484317 27.1963316587 13.4482705213 28.0069658921 175.365231846 190.235619625 204.457627691 13.7042662082 13.8222335204 25.4523241683 37.3514905544 56.8584759347 67.1189736322 73.0094691473 81.7044313561 6.24208839181 4.99813040498 117.49012986 118.913636913 121.224062832 124.074880445 102.182821614 9866.45815112 9906.92920409 9908.70806148 9916.33832765 9923.73411081 9928.01466787 1.1346802644 14.2153637237 1774.70645096 2.65057813299 1.37453634584 1.94247618708 1.92082547215 3.11012722141 2.35141370542 1.44891933557 2.49112383868 1.95435565895
-9999.0 -9999.0 -9999.0 -9999.0 -9999.0 -9999.0 -9999.0 -9999.0 -9999.0 -9999.0 -9999.0 -9999.0 -9999.0 -9999.0 -9999.0 -9999.0 40.4938014411 55.0722029559 98.7419845495 131.996214922 17.8438758512 239.207699437 252.74531514 265.425314726 12.2485845216 23.7840815165 9.72671079081 77.8832530506 83.0049445463 91.2372973284 98.547119496 114.001933067 115.756537412 1.25082920631 90.4384521069 96.3133131526 99.5041099236 110.781543844 13.3294171595 8.08244367162 4.34210907451 3.99452006206 9932.65673355 9934.83831125 9959.24755455 1775.81580586 7.68122590322 4.13043977536 2.88694109365 0.691066000171 8.0659669168 3.99491348216 1.19207550113 6.77571924698 5.8335717744
-9999.0 -9999.0 -9999.0 -9999.0 -9999.0 -9999.0 -9999.0 -9999.0 -9999.0 -9999.0 -9999.0 -9999.0 -9999.0 -9999.0 -9999.0 -9999.0 14.7964754589 69.6251947663 85.0655260091 18.5976112319 15.2359083558 31.081021745 45.1694173477 323.93200494 12.0035210496 48.5034024817 58.8126308206 68.95917157 5.45680625739 12.7942732089 15.680002077 74.3299290097 80.4453656981 83.3014129272 3.08742768478 2.63953330692 2.82451405527 5.25338831215 2.0518309515 2.07024576629 2.86031328496 2.22266864788 2.86594228338 8.76933011865 9961.75395747 11743.0317692 9.4327320752 1.61911920417 0.773085256591 24.3708428472 22.7871572906 13.3604463598 11.9254290698 8.70963220915 2.37048723085
-9999.0 -9999.0 -9999.0 -9999.0 -9999.0 -9999.0 -9999.0 -9999.0 -9999.0 -9999.0 -9999.0 -9999.0 -9999.0 -9999.0 -9999.0 12.0638853981 40.4550922797 13.5622130097 18.8190208235 17.5121149365 33.1770607119 48.3652473851 62.7494970677 400.314405725 411.68199398 11.8248938341 22.1566214041 32.6866240471 39.6525984276 46.4108457308 64.5512442318 71.3601528137 2.42302066138 2.93514239491 2.34108627992 3.30751371803 3.01253618654 3.82551007419 2.99060835651 3.70028185842 11.0655237223 5.29395641769 2.53821057453 2.44623748098 1.91000742667 3.43131887475 11818.2453981 64.3000414555 29.9788250184 3.52811477041 1.59476281997 1.03733553292 3.23400897449 2.06000185388 0.97182855691
-9999.0 -9999.0 -9999.0 -9999.0 -9999.0 -9999.0 -9999.0 -9999.0 -9999.0 -9999.0 -9999.0 -9999.0 -9999.0 -9999.0 12.8592151052 24.5275545009 90.038871526 12.7308509404 36.5362356326 53.3871759536 68.6113748439 16.0480886075 29.4273004477 44.4318760954 468.580034955 10.8718097489 20.2319828415 29.8987887902 8.25373775932 16.0862620997 18.1782693275 23.6429560596 785.29765388 791.989489279 798.020369405 830.478759319 839.655274402 862.51295611 4.79250718647 10.8849905685 13.1953404391 924.557322792 928.814262946 2.1722278559 3.33462364442 4.45144290394 11820.4140202 61.6111037579 26.8778310981 24.8700499003 21.607161853 19.4648730995 4.28057560092 1.14278690154 1.82618130733
-9999.0 -9999.0 -9999.0 -9999.0 -9999.0 -9999.0 -9999.0 -9999.0 -9999.0 -9999.0 -9999.0 -9999.0 -9999.0 -9999.0 13.2849420393 39.9362298698 143.037872799 210.56129986 11.2173787763 277.132936517 359.592352939 14.8172933025 28.0534280282 42.9462214204 590.0642318 601.733419154 8.57853072881 47.3139012027 54.8887300181 60.7923063479 740.057638385 750.858977978 759.296187533 4.23281214195 23.2727735824 27.7113478598 11.6860325989 16.8171199116 884.739776231 902.460244445 906.173552828 909.604893403 932.143836855 1.60184351494 1.31942260254 6.86237876225 11822.6308605 2.74722771406 0.55132612707 1.63742086308 0.709854803648 17.0217431446 15.7244560401 9.41340636585 6.40855773227
-9999.0 -9999.0 -9999.0 -9999.0 -9999.0 -9999.0 -9999.0 -9999.0 -9999.0 -9999.0 -9999.0 -9999.0 -9999.0 -9999.0 -9999.0 -9999.0 27.8246103255 55.7484681043 249.598272085 263.986996942 371.944910533 386.063235609 14.3987910228 28.805036919 67.2438076056 613.382548217 632.974489809 640.356070727 5.69905200128 665.389238747 676.199278437 7.35430137165 4.30737060447 8.02872849322 15.6448860638 3.76246557544 7.37311158893 15.3452997491 19.1926503388 3.66795144269 2.14588871357 4.20139159455 947.293312788 951.436156129 952.523548219 962.761180231 11824.4998275 1.72088583316 0.259427829229 0.367473080448 0.346645493182 0.367406620933 0.282224055718 0.491015240143 1.02745326733
-9999.0 -9999.0 -9999.0 -9999.0 -9999.0 -9999.0 -9999.0 -9999.0 -9999.0 -9999.0 -9999.0 -9999.0 -9999.0 -9999.0 -9999.0 -9999.0 14.5463945839 14.1525112504 14.0993951347 28.8984255295 12.6828952015 411.256977886 424.010501687 13.6873225728 26.249938481 12.0336420235 9.51729780866 9.16389820368 654.751990116 3.36014672583 6.81259565411 4.45685197277 4.34728562962 3.87364032734 2.77864819511 2.93650364007 8.9513258237 12.3746385054 2.14793668525 1.78049828043 3.90976964765 6.73771042618 8.35236970676 2.01204168567 954.495022923 963.904711174 11825.8162776 3.86176984825 0.576113442039 0.126602314003 0.430730509104 0.0883219002283 0.0578147529244 0.560210490087 4.78101222161
-9999.0 -9999.0 -9999.0 -9999.0 -9999.0 -9999.0 -9999.0 -9999.0 -9999.0 -9999.0 -9999.0 -9999.0 -9999.0 -9999.0 -9999.0 -9999.0 -9999.0 -9999.0 13.9435339899 41.5496262683 52.6722616984 64.8921973273 436.002499254 448.22308156 460.388988522 473.687344827 482.538667389 501.088847182 504.536767275 507.474218661 510.322059051 3.59710201181 3.25726889001 3.61930495893 12.4869288475 3.39832947699 3.13280319925 2.26163651625 6.4298095702 2.61171927178 1.8029222586 1.62459607644 1.24987549648 2.49200040693 3.55577560618 971.201666466 12802.2368755 1.46550308934 2.85669644125 0.0786272751263 0.536404356993 0.21917280996 0.116575216624 8.74385526407 7.56906994252
-9999.0 -9999.0 -9999.0 -9999.0 -9999.0 -9999.0 -9999.0 -9999.0 -9999.0 -9999.0 -9999.0 -9999.0 -9999.0 -9999.0 -9999.0 -9999.0 -9999.0 -9999.0 -9999.0 11.3496088955 92.0813924329 182.017012551 194.906139962 17.3779172254 31.1964488791 43.8622669168 53.3104311356 120.734644069 124.573059594 3.73423681877 3.58258700131 517.941922797 524.329030851 527.193815639 14.6314092105 1.95325092816 5.22549506156 7.57161362432 22.2374496495 27.0908474157 30.4805504637 3.00496220612 4.03692493058 1.31926900564 2.56985429585 1.31321272903 12804.7255858 1.21844011837 5.18565969202 1.29765595224 2.27787986828 7.60015162946 8.3485383086 17.7760962117 5.99999555103
-9999.0 -9999.0 -9999.0 -9999.0 -9999.0 -9999.0 -9999.0 -9999.0 -9999.0 -9999.0 -9999.0 -9999.0 -9999.0 -9999.0 -9999.0 -9999.0 -9999.0 -9999.0 12.9244256579 41.5704859041 81.0039981021 105.421237531 270.205684232 285.46817495 26.9312503847 39.7147875315 49.6913034051 59.1259514005 127.989089421 135.409251159 226.830780325 233.018975788 236.174273239 530.274639951 552.505063119 5.07791886475 3.57605242593 3.35425635065 6.26438837521 2.70214974987 35.4565841875 37.0381163996 5.25890763881 6.44636400613 1.0689742851 2950.01396338 2952.64311074 15759.2853853 15766.5422616 1.29028500059 5.0560846251 1.81216824421 1.45558606766 20.0502539558 26.8097458514
-9999.0 -9999.0 -9999.0 -9999.0 -9999.0 -9999.0 -9999.0 -9999.0 -9999.0 -9999.0 -9999.0 -9999.0 -9999.0 -9999.0 -9999.0 -9999.0 -9999.0 -9999.0 -9999.0 15.0142435703 14.499716096 27.1117742961 63.9209886109 297.789815565 13.9759952493 13.7822197355 23.714119869 34.0849027895 77.3245436952 82.0262815049 3.10143392926 4.2961828232 240.658753624 244.066097888 799.223522901 801.475162993 1.62037421793 1.36700514533 1.05359397511 1.06726946534 1.12092082148 2923.3602622 2932.74044187 2940.50771661 2942.83448626 2948.93767465 1.43745140945 5.0626735143 6.02915716014 15775.2148343 15776.1952512 15778.0991872 15779.2093291 15780.4270242 27.6063043999
-9999.0 -9999.0 -9999.0 -9999.0 -9999.0 -9999.0 -9999.0 -9999.0 -9999.0 -9999.0 -9999.0 -9999.0 -9999.0 -9999.0 -9999.0 -9999.0 -9999.0 -9999.0 -9999.0 -9999.0 13.0653674859 13.7958613762 25.3482473563 347.28975267 360.432189409 13.4232096212 23.3745600499 34.1061951127 39.5501328207 4.19810206616 8.58675185486 738.700951221 742.126209535 745.23692091 771.004972032 1575.10249006 2854.24531478 2858.43573134 2862.05341387 2865.45474403 2879.95738827 2884.76003711 8.11002402309 3.44131942877 2.15980065527 3.97328837728 2.46750467134 4.05119899438 1.22392297855 30.4784590056 34.7588315115 37.9263285831 38.2702140973 15781.0731715 15809.5924158
-9999.0 -9999.0 -9999.0 -9999.0 -9999.0 -9999.0 -9999.0 -9999.0 -9999.0 -9999.0 -9999.0 -9999.0 -9999.0 -9999.0 -9999.0 -9999.0 -9999.0 -9999.0 -9999.0 -9999.0 -9999.0 13.3504117409 25.4584341408 37.6626019259 370.743303403 12.4122624212 501.504185932 512.723510858 516.815700521 521.718627189 719.882513303 725.478225103 3.96045771416 19.6411144831 23.5679834145 3.96688903509 1275.02923183 1268.10150654 1.83792470666 4.48044368518 11.7716130728 2.61313122752 2.65479689035 1.70622089922 1.29646470331 0.915039481849 1.10191912506 26.7200117488 27.8716640898 29.3752015821 3.28730163566 2.31186723273 39.6020096831 40.2119109997 40.424962774
-9999.0 -9999.0 -9999.0 -9999.0 -9999.0 -9999.0 -9999.0 -9999.0 -9999.0 -9999.0 -9999.0 -9999.0 -9999.0 -9999.0 -9999.0 -9999.0 -9999.0 -9999.0 -9999.0 -9999.0 -9999.0 11.996673629 11.1652075468 58.2327185082 453.623349508 478.603997321 491.765669439 10.9043610111 188.185260617 191.933701954 193.877904369 4.98809920094 9.50942289024 13.4045707371 298.447426427 301.22564387 303.489729388 1263.98292856 791.76350423 2.6055293374 2.51238620353 2.35197296823 1.58414608144 16.93486029 20.041281672 22.6507038794 24.1074230013 25.4870752532 216.028199501 216.912173702 218.069801524 220.44612101 229.592235747 229.911556719 270.670414232
-9999.0 -9999.0 -9999.0 -9999.0 -9999.0 -9999.0 -9999.0 -9999.0 -9999.0 -9999.0 -9999.0 -9999.0 -9999.0 -9999.0 -9999.0 -9999.0 -9999.0 -9999.0 -9999.0 -9999.0 -9999.0 -9999.0 23.4064575463 35.9118958013 13.6902603868 13.9379968979 153.357712761 164.716581501 171.768938655 62.7436227043 65.8037937433 69.5321096907 73.4631080874 292.02345706 296.114335984 160.627274585 467.135258539 469.88467885 789.782028225 4.88027155054 2.38208933402 1.44077832309 11.8408601395 13.8527378074 0.92758195591 0.834383325756 211.705313703 214.03543491 215.201908348 1.13498123223 1.68005325756 228.434124904 0.809806424818 2.53642597614 2.74974921883
-9999.0 -9999.0 -9999.0 -9999.0 -9999.0 -9999.0 -9999.0 -9999.0 -9999.0 -9999.0 -9999.0 -9999.0 -9999.0 -9999.0 -9999.0 -9999.0 -9999.0 -9999.0 -9999.0 -9999.0 -9999.0 -9999.0 11.7467968896 23.2234989462 100.55245642 114.762554198 128.209245215 50.8878697973 59.2675671131 3.96259755191 208.135444037 211.383691919 214.554869189 3.76691615823 153.198449453 157.486682775 2.82273462782 776.56861114 5.89039790779 2.8888447157 6.54288345003 8.93621849861 1.51512816932 1.11786844023 199.518245499 209.572941186 211.068807508 1.46852530381 2.65817233938 3.28488644049 3.7401505232 7.3319450294 0.888798711752 2.10041467413 0.391908784964
