data/baseflow/mHMbf_acc547.asc
ncols                  80
nrows                 72
xllcorner      4374000.0
yllcorner      5656000.0
cellsize            500
NODATA_value       -9999
[rows 0 to 24 of 72, columns 0 to 54 of 80]
-9999.0 -9999.0 -9999.0 -9999.0 -9999.0 -9999.0 -9999.0 -9999.0 -9999.0 -9999.0 -9999.0 -9999.0 18.9920240655 20.1659961744 -9999.0 -9999.0 -9999.0 -9999.0 -9999.0 -9999.0 -9999.0 -9999.0 -9999.0 -9999.0 -9999.0 -9999.0 -9999.0 -9999.0 -9999.0 -9999.0 -9999.0 -9999.0 -9999.0 -9999.0 -9999.0 -9999.0 -9999.0 -9999.0 -9999.0 -9999.0 -9999.0 -9999.0 -9999.0 -9999.0 -9999.0 -9999.0 -9999.0 -9999.0 -9999.0 -9999.0 -9999.0 -9999.0 -9999.0 -9999.0 -9999.0
-9999.0 -9999.0 -9999.0 -9999.0 -9999.0 -9999.0 -9999.0 -9999.0 -9999.0 -9999.0 -9999.0 -9999.0 36.6998543556 93.0981398032 17.5237931174 -9999.0 15.8593323894 -9999.0 -9999.0 -9999.0 -9999.0 -9999.0 -9999.0 -9999.0 -9999.0 -9999.0 -9999.0 -9999.0 -9999.0 -9999.0 -9999.0 -9999.0 -9999.0 -9999.0 -9999.0 -9999.0 -9999.0 -9999.0 -9999.0 -9999.0 -9999.0 -9999.0 -9999.0 -9999.0 -9999.0 -9999.0 -9999.0 -9999.0 -9999.0 -9999.0 -9999.0 -9999.0 -9999.0 -9999.0 -9999.0
-9999.0 -9999.0 -9999.0 -9999.0 -9999.0 -9999.0 -9999.0 -9999.0 -9999.0 -9999.0 16.8525834617 16.3815013553 16.9736035296 16.6762677004 123.890958361 140.999599083 44.1034285672 14.0031827692 -9999.0 -9999.0 -9999.0 -9999.0 -9999.0 -9999.0 -9999.0 -9999.0 -9999.0 -9999.0 -9999.0 -9999.0 -9999.0 -9999.0 -9999.0 -9999.0 -9999.0 -9999.0 -9999.0 -9999.0 -9999.0 -9999.0 -9999.0 -9999.0 -9999.0 -9999.0 -9999.0 -9999.0 -9999.0 -9999.0 -9999.0 -9999.0 -9999.0 -9999.0 -9999.0 -9999.0 -9999.0
-9999.0 -9999.0 -9999.0 -9999.0 -9999.0 -9999.0 -9999.0 -9999.0 -9999.0 16.6139159821 33.1204972533 65.8003067654 32.4129913265 15.6438402969 30.2806824891 155.349056183 232.089563113 15.9160561592 -9999.0 15.2492330798 -9999.0 -9999.0 -9999.0 -9999.0 29.9064803289 15.1873705454 -9999.0 -9999.0 -9999.0 -9999.0 -9999.0 -9999.0 -9999.0 -9999.0 -9999.0 -9999.0 -9999.0 -9999.0 -9999.0 -9999.0 -9999.0 -9999.0 -9999.0 -9999.0 -9999.0 -9999.0 -9999.0 -9999.0 -9999.0 -9999.0 -9999.0 -9999.0 -9999.0 -9999.0 -9999.0
-9999.0 -9999.0 -9999.0 -9999.0 -9999.0 -9999.0 -9999.0 -9999.0 19.929102807 54.8340668269 70.8922122781 86.9673838066 113.370973133 14.5977016238 58.1753840335 72.1045174912 336.589155786 15.6998479561 13.1841501156 28.6183462072 41.3851281514 13.3642764023 -9999.0 77.7318672725 63.4611865784 17.3523272273 -9999.0 -9999.0 -9999.0 -9999.0 -9999.0 -9999.0 -9999.0 -9999.0 -9999.0 -9999.0 -9999.0 -9999.0 -9999.0 -9999.0 -9999.0 -9999.0 -9999.0 -9999.0 -9999.0 -9999.0 -9999.0 -9999.0 -9999.0 -9999.0 -9999.0 -9999.0 -9999.0 -9999.0 -9999.0
-9999.0 -9999.0 -9999.0 -9999.0 -9999.0 -9999.0 19.62905794 17.5042417512 16.8508355533 17.2401601002 17.2819327879 121.760952522 251.060012937 266.665222528 277.76505345 9.80825155862 360.856594047 374.00286276 25.5557376143 13.0935533109 53.8700768129 93.2532896683 14.3527884593 122.509684155 13.9664332523 15.1736894555 14.3199028678 -9999.0 -9999.0 -9999.0 -9999.0 -9999.0 -9999.0 -9999.0 -9999.0 -9999.0 -9999.0 -9999.0 -9999.0 -9999.0 -9999.0 -9999.0 -9999.0 -9999.0 -9999.0 -9999.0 -9999.0 -9999.0 -9999.0 -9999.0 -9999.0 -9999.0 -9999.0 -9999.0 -9999.0
-9999.0 -9999.0 -9999.0 -9999.0 -9999.0 -9999.0 39.5079567592 58.042375625 129.845385808 179.916337161 15.2097627103 15.6105839472 14.7193610051 42.9189922573 333.688626315 11.0565111253 386.6766477 433.449015371 36.7245107564 25.1225193446 105.255654148 13.0158806634 135.052583996 25.5585620142 13.0038938466 27.9704031082 28.3177365695 13.9269024796 13.5968263705 13.2381482435 14.1219246652 28.2942292466 -9999.0 -9999.0 -9999.0 -9999.0 -9999.0 -9999.0 -9999.0 -9999.0 -9999.0 -9999.0 -9999.0 -9999.0 -9999.0 -9999.0 -9999.0 -9999.0 -9999.0 -9999.0 -9999.0 -9999.0 -9999.0 -9999.0 -9999.0
-9999.0 -9999.0 -9999.0 -9999.0 -9999.0 21.8439158183 41.8442628075 19.7330047025 38.0606650975 198.786747533 231.547650269 263.655218063 854.680501298 13.9207899242 347.803107175 1312.83460206 1321.95949464 1771.26389299 9.73052019868 36.9157723668 117.351210429 11.9882421471 279.960278321 132.733532661 82.2378876157 69.4504422458 13.7006928714 40.9913893161 39.4630904716 26.3033455609 12.7494049842 41.5026358781 12.6656241357 12.4926890738 -9999.0 -9999.0 -9999.0 -9999.0 -9999.0 -9999.0 -9999.0 -9999.0 -9999.0 -9999.0 -9999.0 -9999.0 -9999.0 -9999.0 -9999.0 -9999.0 -9999.0 -9999.0 -9999.0 -9999.0 -9999.0
-9999.0 -9999.0 -9999.0 -9999.0 -9999.0 22.0656473153 63.5818990302 125.933969045 144.600443747 286.25861662 303.319525368 357.206067414 576.808947507 897.190890841 926.901660226 940.973126791 24.3772139939 1813.97519264 1834.06978005 1895.00100472 2341.70062045 316.973425105 292.711946623 94.8365312135 12.1388273447 78.9927305382 53.7236785275 12.3686396459 51.4025654497 11.1218827111 22.8335417305 64.945048056 77.0232057875 24.4255020177 11.9025900159 11.7365152675 -9999.0 -9999.0 -9999.0 -9999.0 14.6040985343 13.1390827322 -9999.0 -9999.0 -9999.0 -9999.0 -9999.0 -9999.0 -9999.0 -9999.0 -9999.0 -9999.0 -9999.0 -9999.0 -9999.0
-9999.0 -9999.0 -9999.0 -9999.0 -9999.0 21.1497857478 19.8936773199 84.7069160711 103.797662008 123.650227833 18.3786176319 36.3118682251 208.347627129 34.6894455695 16.3533029776 15.0151883812 13.2802716304 13.9340502082 12.6748674002 14.0557347164 2354.74635561 2391.10890438 11.7523622152 35.7663768661 24.178122641 90.835507474 24.6870933227 12.0089276425 63.9297834743 21.5164296851 51.5128938288 135.311803199 125.235856012 36.3256554903 35.8072585287 11.9760745905 11.8529149054 -9999.0 -9999.0 11.7270308427 30.2689564444 70.7635572977 13.7694761095 -9999.0 -9999.0 -9999.0 -9999.0 -9999.0 -9999.0 -9999.0 -9999.0 -9999.0 -9999.0 -9999.0 -9999.0
-9999.0 -9999.0 -9999.0 -9999.0 -9999.0 -9999.0 22.2023347275 22.7467522174 41.9437057717 61.7400582157 137.357892247 174.590078053 192.238101442 17.773696637 14.4041702276 197.106762848 241.058584619 254.762055312 310.920069201 323.75733655 12.5865343587 2403.80935548 2460.74127209 44.7797593882 4.67254981284 100.294099156 223.78824938 87.7082021286 22.2926691932 10.9610609421 208.283273897 146.481471112 10.9356466642 10.9192662134 46.8414855087 35.0171847403 11.2207991832 11.6000461891 11.2667538695 22.7517729135 10.8340405022 86.0142273742 96.7633969532 10.6564695707 -9999.0 -9999.0 -9999.0 -9999.0 11.816872655 11.2953047147 2.91619208991 -9999.0 -9999.0 -9999.0 -9999.0
-9999.0 -9999.0 -9999.0 -9999.0 -9999.0 -9999.0 -9999.0 21.7932412024 17.8099974395 38.3266416246 57.9034104304 18.7702193716 15.5797661565 103.80004411 135.890699289 168.599227439 15.1366137635 29.1159350203 14.2538460882 336.945010173 755.474867196 770.114599137 3257.52945497 11.713901807 14.6741660442 4.47449935354 234.931212378 11.3153652981 33.4613907522 10.8348916415 219.269905718 230.234632781 21.8698095932 21.519417773 115.554807348 57.5079468579 22.8710583916 11.5947241176 22.5223530827 33.8279889099 55.2411112776 10.7008186907 118.622837217 129.975746445 10.6340210629 11.162523152 11.4062796738 10.7213129808 10.3029975247 33.4856686401 12.3517279332 8.04966130542 -9999.0 -9999.0 -9999.0
-9999.0 -9999.0 -9999.0 -9999.0 -9999.0 -9999.0 -9999.0 -9999.0 38.1584963912 54.5258481449 18.4706086292 37.7945147241 55.2633189036 89.2452955877 17.0913051334 16.3746300741 14.0284945558 14.2213332948 12.8984708192 392.178970464 14.182417645 27.6368127271 3301.95050443 3337.45591886 15.7091852944 45.4761146036 291.651318719 21.9803371182 43.453828164 20.7906705223 30.5477784798 272.1215476 31.8374508363 167.265572799 135.808209484 9.98551632191 55.4011438397 22.1785592249 32.8126229406 10.2376108565 65.7624173276 87.3163376463 97.5877189547 107.504719748 170.612994609 20.4611487167 21.0795828418 19.944991084 19.0797560033 42.6471150139 8.90190651864 29.462110593 37.6606138399 -9999.0 -9999.0
-9999.0 -9999.0 -9999.0 -9999.0 -9999.0 -9999.0 -9999.0 -9999.0 20.7462136529 95.2502859322 113.138467425 17.8965825961 34.6724706292 16.7438765201 15.2038827181 14.9133258372 190.465584405 253.522187705 314.460429348 376.640357407 15.7893690115 13.7623202233 15.5002315825 3409.01108122 3450.47765312 3467.8346288 395.376808308 88.0196457085 76.1359226564 10.3004825268 40.5661047607 322.630623496 10.1104374412 177.233092734 10.1708029384 70.4325046421 65.9850546913 10.4314022127 43.0159336223 20.3917938841 30.3545495109 10.4235098504 9.61344169468 117.339852259 126.608512965 179.862411517 30.7074850029 29.283409791 28.1584984805 51.8570528041 69.7376327584 8.9001535703 45.9428650135 8.39571454257 16.2008300577
-9999.0 -9999.0 -9999.0 -9999.0 -9999.0 -9999.0 -9999.0 -9999.0 -9999.0 21.2352295238 132.144442661 149.621086557 51.5192883547 85.2236072144 116.098275004 131.861408406 15.8959404097 48.7912462483 31.449050722 15.9092727535 15.1723889947 13.6006756593 27.2529123481 48.7124228014 20.5226318491 3901.74862471 3917.77502472 14.6230908156 10.2393187337 20.0048910083 29.5994880965 351.594260898 19.4643197609 186.471277423 107.870786054 88.53414146 9.97165111133 20.2195549798 52.5322133407 9.464559797 39.6101522494 19.649583464 14.9794814454 4.50225810711 144.258882663 332.100382732 38.128337425 36.8397649816 36.1389607865 7.8804330418 77.5538753635 7.68516765424 62.2964762312 7.65692991648 23.8904574164
-9999.0 -9999.0 -9999.0 -9999.0 -9999.0 -9999.0 -9999.0 -9999.0 -9999.0 -9999.0 17.7961692311 185.492570447 16.7296895689 33.5837541646 48.7076454217 79.024808514 15.6707351332 32.6563661116 15.637945984 14.9850646924 13.8788818821 27.5954076283 12.6228026383 14.6866983155 31.5922798736 18.6998908978 3935.80731909 3967.09515206 4008.62142795 40.6435265391 9.59075247721 19.1062369293 361.250120943 341.38532165 127.53837428 9.68830581179 39.8141335685 29.9875298772 62.0760974828 18.9676512035 77.8604430692 28.8765824035 22.8006629726 1.78866646494 4.69939598049 341.116766373 349.736614032 432.583765281 60.3928892134 16.0421577765 85.885449064 101.674735605 171.459839156 15.2393437341 7.19401686233
-9999.0 -9999.0 -9999.0 -9999.0 -9999.0 -9999.0 -9999.0 -9999.0 -9999.0 -9999.0 -9999.0 8.90858247507 203.260842339 15.0728036868 29.9178016695 139.112538814 15.6869677509 15.5763592538 13.5589263978 28.7370946253 13.283925385 54.1115584607 78.9028910018 90.6984894253 43.241330586 56.889101276 15.5669945771 16.9953190982 16.3324262801 4076.58214715 4107.6706159 370.171744177 359.04430715 350.246723753 18.2320663874 9.02272048322 48.8588347669 129.054477939 71.1722538534 28.0265880073 114.693272377 37.8618760571 29.3873187664 3.25979300274 1.42968199065 1.67641711189 2.99522192836 447.560907176 531.385063622 7.53793084406 7.3394435687 7.41645894257 178.612696923 200.548332427 12.9674227632
-9999.0 -9999.0 -9999.0 -9999.0 -9999.0 -9999.0 -9999.0 -9999.0 -9999.0 -9999.0 -9999.0 8.18337527117 222.810608723 273.16274383 14.951590641 168.775937402 14.5676340534 14.0166227371 26.7330280284 68.833289172 12.9218479951 13.5658378311 11.8429939023 114.819561593 126.28288457 194.699605017 220.79427464 232.422862715 246.319903279 259.703136136 4382.61350497 4774.68488311 5155.76809988 5168.24019502 9.89893346646 9.05407950179 147.172341987 138.194504031 8.92902580162 8.69510690592 122.904479588 169.555162784 7.01668184994 57.7892905521 53.7295927793 7.48087423279 5.01306899326 8.39482187204 8.30673933456 547.106200058 7.93758850275 21.7946144035 28.4171862667 244.215837187 258.446871125
-9999.0 -9999.0 -9999.0 -9999.0 -9999.0 -9999.0 -9999.0 -9999.0 -9999.0 -9999.0 -9999.0 18.5568639614 35.1254683243 289.273570943 317.468237121 14.2316427168 200.040688297 12.9570594125 39.046662625 81.2095399456 25.0314707569 12.0616593704 24.7707381969 11.2135302143 21.2415382939 9.99594621462 8.45308635728 5.52566885447 4.14454586598 3.75915637812 3.79041323898 6.75369933542 10.0926997306 14.1876522652 5204.48843395 189.309888594 168.401555685 9.97727780082 25.9353864419 6.40776556238 5.22653455321 177.748878662 259.763191653 66.6268183521 50.8215910969 4.14095651243 1.88124764532 1.65795393199 8.05233533063 563.112469731 578.868359073 8.11760092095 8.20195963857 5.30490402486 1.51342360303
-9999.0 -9999.0 -9999.0 -9999.0 -9999.0 -9999.0 -9999.0 -9999.0 -9999.0 -9999.0 -9999.0 -9999.0 15.3118825392 212.675644722 545.028489087 589.507070678 803.701942502 820.062042749 185.839005391 131.139029479 37.334852047 11.9095119891 48.0428633252 59.193322472 90.5672343548 20.3678731996 18.1323012189 15.3328941908 28.899370554 13.0625167439 12.3066736369 5.60369325746 1.70424499 3.2153929371 5215.52931841 5412.26926968 5426.13550939 10.5905230196 75.3676439581 28.8778335498 8.74339627155 286.463615995 18.5953864258 9.56568822765 37.0740696715 6.34999109812 6.41646046275 12.5823985735 19.1843599327 26.6349149557 592.858711669 6.75973537159 6.1184794731 6.12181881713 4.12981590006
-9999.0 -9999.0 -9999.0 -9999.0 -9999.0 -9999.0 -9999.0 -9999.0 -9999.0 -9999.0 -9999.0 17.1784919056 162.567285668 196.975904979 30.8361385769 8.79637701587 19.5201642499 852.715785969 867.035316034 1068.22671439 11.0403537035 22.8511199606 10.1584616573 10.3197704283 100.512964807 130.808858954 157.956365908 9.09394114965 37.8268823511 59.6607477055 34.7945313183 14.1051681365 7.69851523863 5.59319245073 6.85742020114 4.93948460563 5437.02181532 5446.75983171 5540.23514695 15.676429699 7.99140961731 297.102854313 19.3382716086 9.94349350954 10.5610437274 10.4528290698 9.64768503506 16.3736315183 50.430704855 85.0307936889 684.581848531 5.4400398273 16.3528655217 11.0459374509 8.64172927506
-9999.0 -9999.0 -9999.0 -9999.0 -9999.0 -9999.0 -9999.0 -9999.0 -9999.0 -9999.0 -9999.0 17.6858574601 113.619587617 17.7309870311 14.9508258687 78.7888572198 92.1084248602 105.745711187 118.045502627 1431.77800438 1441.22155541 1461.86361781 1618.07370333 1647.2791618 1662.30736004 1672.64766682 1845.16347715 1864.1583797 1872.81680694 1941.27027856 1985.45445527 1994.05980409 2014.70183884 13.64664999 10.2847882075 1.60762488199 3.06028345857 5455.96369866 5573.85478744 24.3185379239 353.698353387 345.364757595 37.4163273976 9.05403291846 9.16791607412 9.01686633883 8.82431477448 17.8012243108 26.1344545947 8.44818347123 691.133803176 697.980906381 731.438319733 737.313056266 751.472816707
-9999.0 -9999.0 -9999.0 -9999.0 -9999.0 -9999.0 -9999.0 -9999.0 -9999.0 -9999.0 -9999.0 58.8894950654 77.5315996567 35.2434220089 51.5548721765 16.058139963 181.984053422 196.432923371 224.428063564 233.255979306 88.5394986702 1566.19635292 1575.06357554 8.26523821449 4.83937471419 3.17529350102 8.36007576937 3.23342907319 1.8132287685 1.61057912679 2.54828727779 1998.9180857 2020.61696384 2043.4303477 2061.93104632 2073.35490735 4.50044400627 2.29073536093 5952.40896106 369.785746243 362.299067057 8.22541356456 8.08572743441 7.78997100065 17.1508376187 17.0435572506 7.877505464 7.76711805681 7.3357235335 15.6731362263 21.7476323976 5.38007082467 9.9868333256 3.18373152866 0.687248950481
-9999.0 -9999.0 -9999.0 -9999.0 -9999.0 -9999.0 -9999.0 -9999.0 -9999.0 -9999.0 -9999.0 -9999.0 39.5712238411 18.2248866595 16.0827714645 153.427083571 168.43702923 14.8778031619 56.8982459716 69.4324792837 79.2970531836 11.3446645967 9.31846412227 220.68114117 228.298845114 234.929913918 616.234504777 619.762528523 623.45905198 660.571135098 671.928513327 673.444405277 1.32835473747 1.41084275101 2.31977394546 2086.29379483 4.74532615667 6025.73942861 6016.3323851 56.8162295801 48.801730213 31.8678008124 7.95255398048 15.5204833864 25.146151293 25.0251006438 15.5471325735 7.49220668271 14.7554069751 14.5727972231 28.3691104203 4.3238197654 14.2751766015 22.7080326081 24.1850926339
-9999.0 -9999.0 -9999.0 -9999.0 -9999.0 -9999.0 -9999.0 -9999.0 -9999.0 -9999.0 -9999.0 -9999.0 20.4395832258 55.5937184242 71.9915856665 121.692241509 14.8014674611 29.9679347228 43.9436483585 166.219257584 175.560816058 179.657977912 189.423164649 202.12416227 327.019715955 361.748355866 376.418845021 3.60457545367 32.7790851566 35.4095468685 666.326629307 675.653684709 679.10552828 682.553323992 686.612391262 2779.64962731 9.76426804623 6049.70127636 6.06691361571 1.85462400051 41.0153674476 37.4824122051 4.35235458652 22.1750083937 32.0010184557 31.7923433519 22.0327948442 35.9550409874 56.764118814 20.979078624 55.4134001586 3.90310645554 5.2368413563 0.64435972236 0.532697048439
