data/baseflow/mHMbf_acc291.asc
ncols                  80
nrows                 72
xllcorner      4374000.0
yllcorner      5656000.0
cellsize            500
NODATA_value       -9999
[rows 25 to 49 of 72, columns 0 to 54 of 80]
-9999.0 -9999.0 -9999.0 -9999.0 -9999.0 -9999.0 -9999.0 -9999.0 -9999.0 -9999.0 -9999.0 -9999.0 28.3309750828 56.1498064069 26.0839471895 53.1446048763 23.9883253994 180.36479585 226.341534098 249.666524391 21.674127138 42.8550568251 401.02127551 502.170352285 521.278750534 41.6826311052 37.9722871318 56.658366913 16.2794176022 15.0878413111 28.4808337391 11.4760239233 596.531103365 609.654756232 618.726175943 5127.37167196 10348.4481629 10272.3796339 22.1414270428 10.0597411726 9.45647078044 39.5439836233 30.001781534 63.0664604987 84.1442199528 167.593805147 15.4979186984 15.4732313059 142.870326112 158.605448203 310.860517099 321.527456148 350.699915785 362.153180486 9.93361000216
-9999.0 -9999.0 -9999.0 -9999.0 -9999.0 -9999.0 -9999.0 -9999.0 -9999.0 -9999.0 -9999.0 -9999.0 -9999.0 27.4020346215 54.1739624807 80.882953521 130.332476971 26.2826311766 23.6263104573 152.817414602 174.7067062 358.65123488 380.782114197 63.1255687782 21.3464841689 20.5158349575 18.9330449626 511.530693532 527.411902586 544.403854667 558.977985996 584.036204944 129.813962743 139.103161436 765.244200753 16246.0826714 66.5482674496 55.4414185042 31.6908625035 7.95010759245 7.77165826958 57.8121341698 64.2344282949 80.5046314582 9.13800484099 178.865839841 28.889915683 28.6212955619 8.64798838558 5.83993462986 5.00152202997 3.90422949368 5.16567600776 368.675537976 5295.31099066
-9999.0 -9999.0 -9999.0 -9999.0 -9999.0 -9999.0 -9999.0 -9999.0 -9999.0 -9999.0 -9999.0 -9999.0 -9999.0 -9999.0 26.3530417587 46.0806812457 63.0503978838 80.4609232505 104.873111398 129.849712834 71.7216701657 118.601322846 21.8575576967 21.2392975022 413.233162425 454.473950854 473.71009995 494.551039806 17.0388140606 32.0541610761 83.0224634709 101.67303846 117.428727188 11.5066325611 6.44770688477 16269.9016896 10.3327842282 13.4698151563 6.64618781386 30.5588895679 15.2552897731 6.45721217724 151.745409038 156.134596717 4.39413372926 183.360748646 217.574817794 34.6019840982 5532.96241584 5519.41061913 5508.04002843 5487.67879182 5480.44431294 5332.23503433 5327.83990323
-9999.0 -9999.0 -9999.0 -9999.0 -9999.0 -9999.0 -9999.0 -9999.0 -9999.0 -9999.0 -9999.0 -9999.0 -9999.0 -9999.0 4.2787288233 9.78614295316 16.8231403997 149.511021872 175.057969147 25.6596236553 23.9139474323 23.6441655395 326.724680868 372.140635112 22.0303170594 22.2126946446 19.106058794 78.4083335936 97.7033575599 51.9293574417 68.4899967936 449.592471609 466.99184847 491.164637764 795.44896475 17070.9061668 9.22359241522 5.30814921881 44.737426435 37.8739665407 5.43903339894 17.6160317567 22.9227157406 161.7344549 166.199250712 396.301433533 221.527498225 40.9366052015 5644.62516164 45.4761758535 5497.91847801 5493.0267783 140.450624864 6.97127649264 27.7110330711
-9999.0 -9999.0 -9999.0 -9999.0 -9999.0 -9999.0 -9999.0 -9999.0 -9999.0 -9999.0 -9999.0 -9999.0 -9999.0 -9999.0 21.5930807061 35.4248259009 74.0816506891 127.75786445 189.96517025 233.857021283 258.317957559 282.236357263 305.287171211 22.4178789659 20.800501949 41.0413836752 39.126325728 20.1993949724 385.099157736 404.013175885 421.946459321 439.422270382 268.146854884 285.717126263 297.633142617 17075.6092915 15.696875579 12.627348548 62.9556715044 7.27685354886 9.25305668763 4.51907309905 4.93279931952 27.240505625 3.71804440016 3.95994320424 6063.89033646 5664.58860081 5660.62308003 18.1037044578 41.1277129772 27.7678776072 7.40154228068 129.93168075 39.4960088581
-9999.0 -9999.0 -9999.0 -9999.0 -9999.0 -9999.0 -9999.0 -9999.0 -9999.0 -9999.0 -9999.0 -9999.0 -9999.0 -9999.0 14.9503130837 13.6883602712 26.6418748646 40.7319178264 22.6887975065 26.3546611349 51.1654583493 75.6472697376 122.192970374 145.206950184 165.994189579 228.391187876 248.060605767 269.117154037 19.4919994721 194.759618017 213.25834477 232.617761704 18.6167624838 13.3679826362 22.4470613755 17399.9027832 17404.4200034 17428.8567458 84.0660114483 15.2591005917 15.0359501989 4.49011405214 8.65819147598 30.9919847415 38.0932089838 7.20760500728 6081.31521818 5.20963179879 9.91531032225 11.5343052904 7.55335944076 15.3425774382 6.26144400445 81.8242124365 67.5240154618
-9999.0 -9999.0 -9999.0 -9999.0 -9999.0 -9999.0 -9999.0 -9999.0 -9999.0 -9999.0 -9999.0 -9999.0 -9999.0 -9999.0 -9999.0 12.8004179121 25.1804591319 12.4025285512 25.9234076734 166.112158427 186.467768634 210.472882249 23.2212863252 23.1730698514 44.0385675139 65.3937280413 104.478286536 124.522052348 137.410636663 156.22872774 17.1626861316 17.3999953619 270.846493796 283.072150598 290.495534644 296.879944396 248.904572327 17704.7171342 17828.6860526 17834.7143956 17855.1682925 17881.1150826 17893.0483832 3.5044342176 41.4164894786 6084.63142044 8.94172343071 4.59630037877 4.08146972996 3.63533308858 6.7501846288 8.05842579805 4.71292481345 7.10650899822 7.59026895406
-9999.0 -9999.0 -9999.0 -9999.0 -9999.0 -9999.0 -9999.0 -9999.0 -9999.0 -9999.0 -9999.0 -9999.0 -9999.0 -9999.0 -9999.0 -9999.0 37.4024750206 50.9729869412 91.3784636198 125.064097068 18.6510682624 254.750398066 277.784440763 300.247824797 22.0299060039 43.2642384241 19.4176517206 145.691373519 157.984780295 175.934096438 194.787982063 243.942414228 253.925478273 6.13000695508 225.302673611 237.755893023 243.05120014 270.99221616 34.9297369091 21.9631068228 14.1221549219 13.7535461566 17906.1211822 17910.9366019 17981.0760646 6087.82136648 23.4462003615 11.4731284198 7.45762849307 2.72230869747 23.5309327247 13.2245408647 4.28982878091 24.8921826309 21.2373166455
-9999.0 -9999.0 -9999.0 -9999.0 -9999.0 -9999.0 -9999.0 -9999.0 -9999.0 -9999.0 -9999.0 -9999.0 -9999.0 -9999.0 -9999.0 -9999.0 13.5154923186 64.3544813717 78.7069260419 20.194274585 24.711137914 49.5917240415 72.991195641 396.641443322 21.8891935391 87.605773691 107.405512694 127.131071149 12.8470378076 29.7927958677 42.8951866793 176.561459569 202.230230599 207.216172786 5.94396493788 6.75608815304 9.06394458849 16.6478275377 7.65123707924 8.17398254342 12.0791943776 11.4575837147 12.265936488 25.4469887571 17986.6488045 24088.6112455 28.4057774852 5.68739405611 2.52699270565 78.1344924016 72.1676576324 44.5305169324 40.4469940724 30.9294098769 7.24980617122
-9999.0 -9999.0 -9999.0 -9999.0 -9999.0 -9999.0 -9999.0 -9999.0 -9999.0 -9999.0 -9999.0 -9999.0 -9999.0 -9999.0 -9999.0 10.907596758 36.6405792047 12.1937750515 24.8618447055 27.9506195515 53.1966149446 77.7436180899 97.6696686605 507.863710602 529.324919437 22.0504379631 42.2215091018 62.4867593784 78.7139580829 97.4716448368 159.309938064 170.090354485 18.9237141298 12.4510757069 11.2739905488 11.2043042684 12.5273817114 13.4646371697 11.9477774783 15.758391056 38.0610956802 17.6556298458 4.51812312537 4.28643312398 5.1432478281 9.77538096298 24326.9044177 203.262710613 88.6303635586 4.85191732127 2.04113682796 2.17206787406 9.5457772576 7.13488366346 3.96071765387
-9999.0 -9999.0 -9999.0 -9999.0 -9999.0 -9999.0 -9999.0 -9999.0 -9999.0 -9999.0 -9999.0 -9999.0 -9999.0 -9999.0 11.6244699108 22.1771572201 81.2856378998 11.3116969575 43.9680252089 71.6003786715 97.8107809502 26.4051373506 50.1800788554 67.6944213321 609.833128302 21.1068871495 40.3801399203 60.1787701927 18.9063118834 37.8516127926 56.1533113791 67.7014616983 1304.78762307 1327.83555058 1348.28329159 1428.69801715 1465.73888546 1534.21137452 17.3759453485 40.6602686084 46.057926536 1724.30993315 1733.62145012 4.00138824495 7.98314204819 11.7606048784 24330.0356222 190.74350113 96.4945649136 94.2453784004 69.0559732774 58.4943059436 12.6096170241 2.72095180049 6.34523537459
-9999.0 -9999.0 -9999.0 -9999.0 -9999.0 -9999.0 -9999.0 -9999.0 -9999.0 -9999.0 -9999.0 -9999.0 -9999.0 -9999.0 12.0048993481 36.0610965001 129.107630021 189.057763289 9.8502352165 248.667597381 359.819511331 25.5353833054 49.4027888729 68.8306313401 802.873301839 817.308162039 18.4457296163 98.1921884309 116.633089256 133.976430897 1150.66476582 1200.14600329 1222.52999028 10.1003686563 58.3303063285 69.0956696296 29.9065037929 43.4524154535 1594.21922213 1652.89530469 1663.22000578 1672.82076311 1744.54830086 5.34970110284 4.70729289324 20.1027042221 24333.2231366 3.46009231679 7.85550772856 23.2644996726 8.7811537273 54.5160541644 38.85478971 22.8658709211 17.3677314162
-9999.0 -9999.0 -9999.0 -9999.0 -9999.0 -9999.0 -9999.0 -9999.0 -9999.0 -9999.0 -9999.0 -9999.0 -9999.0 -9999.0 -9999.0 -9999.0 24.8683837011 49.6226988091 223.572892112 236.38822014 370.792989139 384.183215871 24.9178960419 49.7370830045 113.512673336 828.653324524 865.660350078 881.797512142 13.1722464842 944.910061476 998.649142104 31.406100733 10.2473753802 20.6194718866 39.7039775954 9.27685720788 18.5036666653 41.5644369453 51.6345258727 9.32763333813 6.2823066091 12.4122232514 1794.0939549 1810.79605634 1814.82674792 1845.36573198 24336.1296283 2.06709272428 5.89697200877 6.67559253946 6.61638700883 6.76447974477 6.07026287537 11.4548713963 1.85732786472
-9999.0 -9999.0 -9999.0 -9999.0 -9999.0 -9999.0 -9999.0 -9999.0 -9999.0 -9999.0 -9999.0 -9999.0 -9999.0 -9999.0 -9999.0 -9999.0 12.9085083467 12.5374761518 12.4826415088 26.5150500733 11.425224706 406.804166578 419.05994217 21.769547793 44.3629268891 22.8667913097 19.4120728691 18.933808354 918.439644704 18.8030987215 38.1774916538 15.8894478488 11.5353528136 9.84679910729 7.70622218 8.01000260333 24.4976877289 33.5286358422 6.48446998145 5.58243536983 11.9589774848 19.7477783179 28.0667726728 8.86683860023 1820.98585782 1849.48517657 24337.9389892 19.7567858485 15.8953374423 4.34792007341 10.2349997042 3.69627623884 2.95101569283 14.6657515221 10.4737639484
-9999.0 -9999.0 -9999.0 -9999.0 -9999.0 -9999.0 -9999.0 -9999.0 -9999.0 -9999.0 -9999.0 -9999.0 -9999.0 -9999.0 -9999.0 -9999.0 -9999.0 -9999.0 12.4126844535 37.6830296944 47.4725602608 58.4048992385 429.81375238 440.94284049 452.489660116 467.792689007 486.235126548 524.589621581 542.069462162 560.232228807 574.036505625 10.2923975879 9.73578566132 10.0105780994 34.1274315208 8.87772209927 8.48396565384 6.77124747935 19.5377373177 7.30774603425 5.68271601561 5.28945962846 4.61997691377 9.21984770771 13.1832868347 1876.11354113 26236.0442076 1.71896594098 4.2908562254 3.75536696759 14.252608615 8.28452166536 5.93426381015 33.7319697304 17.591002218
-9999.0 -9999.0 -9999.0 -9999.0 -9999.0 -9999.0 -9999.0 -9999.0 -9999.0 -9999.0 -9999.0 -9999.0 -9999.0 -9999.0 -9999.0 -9999.0 -9999.0 -9999.0 -9999.0 9.97006633906 82.0534744967 162.754226297 174.697056313 19.2046835614 41.1930206822 64.3096728643 84.6670001956 216.664392657 228.493863985 11.2486607346 11.1477000865 595.530437316 614.760727343 623.77417466 40.8620905254 5.76849223028 14.655561517 21.4900958929 64.1071071509 78.1214121432 89.0700587507 10.0830052657 14.0675988969 4.70935470138 9.25078696923 4.70432187092 26244.0868671 1.68590929668 7.42266343347 6.13386169758 22.7405961291 38.6629146168 45.697884308 80.4878386254 27.7792718913
-9999.0 -9999.0 -9999.0 -9999.0 -9999.0 -9999.0 -9999.0 -9999.0 -9999.0 -9999.0 -9999.0 -9999.0 -9999.0 -9999.0 -9999.0 -9999.0 -9999.0 -9999.0 11.4525756145 37.0029401728 72.2378350754 93.9975290321 242.475103606 257.954539636 48.559942274 71.5415088161 92.2108297038 113.11355768 243.914379703 268.135965305 498.551736469 518.343750568 529.001835612 632.4317802 693.991159029 13.8919873125 9.42376101102 8.89892447815 16.8672940983 7.47854369614 103.296591823 108.55078556 18.5232416927 25.3173006204 5.07316872046 5330.48110403 5339.92837148 31588.4374694 31597.8496481 1.61233258205 26.1820544959 2.12899528393 2.16071076884 86.1126483744 116.252846571
-9999.0 -9999.0 -9999.0 -9999.0 -9999.0 -9999.0 -9999.0 -9999.0 -9999.0 -9999.0 -9999.0 -9999.0 -9999.0 -9999.0 -9999.0 -9999.0 -9999.0 -9999.0 -9999.0 13.4381676162 13.0920314056 24.4137146784 57.597535927 269.147959549 24.8931008448 24.5924176478 45.2365573421 66.3261659629 173.00411589 192.698008038 14.9345382037 12.7298875924 542.223357512 551.021175278 1254.49808553 1262.7517409 5.18427663224 4.60709565682 3.89439544897 3.9299419426 4.22987127234 5227.00717737 5258.6628415 5291.66863285 5304.09445703 5324.67698629 5.18984245286 19.1738730401 23.4413746887 31628.0665881 31629.0165425 31632.7600282 31639.3465104 31644.6503074 121.073683797
-9999.0 -9999.0 -9999.0 -9999.0 -9999.0 -9999.0 -9999.0 -9999.0 -9999.0 -9999.0 -9999.0 -9999.0 -9999.0 -9999.0 -9999.0 -9999.0 -9999.0 -9999.0 -9999.0 -9999.0 11.743771653 12.4306039176 22.8517845016 314.027975164 327.11532782 24.3132324077 44.842161471 66.2257043613 87.4290816848 19.994896795 35.5255928213 909.5000984 920.154828018 932.254587186 1014.85835992 2288.36546011 5017.35420722 5029.80451707 5041.01926704 5051.85803222 5098.46947937 5113.248257 26.2774894253 11.7116509974 6.80420115054 12.8438061934 9.52280941692 15.058958061 4.71090512572 111.28884778 118.585753156 123.694396734 125.981724403 31646.5787908 31771.9717008
-9999.0 -9999.0 -9999.0 -9999.0 -9999.0 -9999.0 -9999.0 -9999.0 -9999.0 -9999.0 -9999.0 -9999.0 -9999.0 -9999.0 -9999.0 -9999.0 -9999.0 -9999.0 -9999.0 -9999.0 -9999.0 12.0695773066 23.0749970377 34.1714746712 336.647498041 15.8626646829 476.132798701 498.146184312 518.981804207 535.59511011 844.15499025 859.655311348 11.6778829499 59.7947684457 72.4498047278 10.6188424672 2716.74407091 2697.56495761 6.23662483986 14.0032376729 36.9022351069 8.03766905978 8.14793269192 5.93129353098 4.9879452691 3.95093229274 4.51014363291 96.5620036338 101.205852773 106.729089122 3.95237325845 2.85654592025 127.779371846 130.342017494 132.085452386
-9999.0 -9999.0 -9999.0 -9999.0 -9999.0 -9999.0 -9999.0 -9999.0 -9999.0 -9999.0 -9999.0 -9999.0 -9999.0 -9999.0 -9999.0 -9999.0 -9999.0 -9999.0 -9999.0 -9999.0 -9999.0 10.8053040609 10.119278555 52.8689256172 412.568367977 440.039900124 455.602181308 22.354790194 260.608488766 281.483280082 291.278504934 15.0288377094 27.7115052909 38.0216811257 655.609755382 663.812341692 670.998353777 2684.27997673 1544.86903435 7.59891697659 7.75056656333 7.49532225134 5.84248379589 59.9572309564 71.1644050102 81.0658855015 86.4817490188 91.7078577433 708.151750759 711.997101035 718.193994586 733.867110035 783.785674228 785.945234658 920.405713441
-9999.0 -9999.0 -9999.0 -9999.0 -9999.0 -9999.0 -9999.0 -9999.0 -9999.0 -9999.0 -9999.0 -9999.0 -9999.0 -9999.0 -9999.0 -9999.0 -9999.0 -9999.0 -9999.0 -9999.0 -9999.0 -9999.0 21.2072273293 32.6351095547 13.0579411702 25.2762541336 173.26558036 196.666242049 216.955848551 129.868391884 151.170515166 171.691005411 184.151558664 637.453355116 648.568625233 444.175363485 1124.03617148 1132.33495019 1538.48226369 15.6009924179 7.80228212648 5.64286177259 41.5728450347 48.5803595623 4.10548090249 3.78397102406 691.038526283 700.127352707 704.509756937 7.17560604413 11.0385837462 776.330796354 4.80725921893 15.879761019 17.6708681226
-9999.0 -9999.0 -9999.0 -9999.0 -9999.0 -9999.0 -9999.0 -9999.0 -9999.0 -9999.0 -9999.0 -9999.0 -9999.0 -9999.0 -9999.0 -9999.0 -9999.0 -9999.0 -9999.0 -9999.0 -9999.0 -9999.0 10.7142233282 21.1760268472 93.4237752447 107.370109435 125.942401484 87.3308675489 108.228074099 22.2002115232 404.414331879 424.466663215 442.413800527 13.0297446191 423.418753694 434.938062248 8.60225295134 1497.55996622 17.6876556546 8.77699418818 22.384908033 30.2113913008 5.84589606337 4.811265718 644.099077279 682.785735608 688.075082677 5.55207378237 12.0749424524 15.4013573073 18.4755116675 36.955673128 5.79122801621 13.0045605733 2.74881980994
-9999.0 -9999.0 -9999.0 -9999.0 -9999.0 -9999.0 -9999.0 -9999.0 -9999.0 -9999.0 -9999.0 -9999.0 -9999.0 -9999.0 -9999.0 -9999.0 -9999.0 -9999.0 -9999.0 -9999.0 -9999.0 -9999.0 10.5969332436 33.9225930655 61.1727386211 17.1283901708 41.3682768385 65.5723610631 317.057106071 340.931999018 362.480474667 20.1549124542 329.133311098 386.6720349 400.983076768 11.9765864921 1461.23210263 1480.82266505 9.06233925753 8.33402619521 16.1864004705 6.50790537297 613.027447613 624.52632577 631.021588826 24.8767200677 30.3445675441 4.78635314337 8.59913194028 3.8446181155 26.9368949972 4.00555931324 3.29938185373 3.50881410101 3.74697606935
-9999.0 -9999.0 -9999.0 -9999.0 -9999.0 -9999.0 -9999.0 -9999.0 -9999.0 -9999.0 -9999.0 -9999.0 -9999.0 -9999.0 -9999.0 -9999.0 -9999.0 -9999.0 -9999.0 -9999.0 -9999.0 -9999.0 -9999.0 12.114371078 14.4153961366 20.9480227956 200.93941703 224.125379771 294.70789222 23.1215522847 244.58461149 290.942718345 20.3740646294 40.8152038433 14.862177588 1425.79333523 14.2657376113 33.3868258307 40.7385829741 47.8344810165 570.842118057 594.761482697 601.844157008 7.18392023407 13.3355738001 18.9084657922 3.39579136137 3.02911705173 1351.15234982 1354.202173 1356.77308567 1381.92315937 1385.22179209 1389.35999572 1392.3387678
