data/baseflow/mHMbf_acc254.asc
ncols                  80
nrows                 72
xllcorner      4374000.0
yllcorner      5656000.0
cellsize            500
NODATA_value       -9999
[rows 0 to 24 of 72, columns 0 to 54 of 80]
-9999.0 -9999.0 -9999.0 -9999.0 -9999.0 -9999.0 -9999.0 -9999.0 -9999.0 -9999.0 -9999.0 -9999.0 21.7866276209 18.3579145224 -9999.0 -9999.0 -9999.0 -9999.0 -9999.0 -9999.0 -9999.0 -9999.0 -9999.0 -9999.0 -9999.0 -9999.0 -9999.0 -9999.0 -9999.0 -9999.0 -9999.0 -9999.0 -9999.0 -9999.0 -9999.0 -9999.0 -9999.0 -9999.0 -9999.0 -9999.0 -9999.0 -9999.0 -9999.0 -9999.0 -9999.0 -9999.0 -9999.0 -9999.0 -9999.0 -9999.0 -9999.0 -9999.0 -9999.0 -9999.0 -9999.0
-9999.0 -9999.0 -9999.0 -9999.0 -9999.0 -9999.0 -9999.0 -9999.0 -9999.0 -9999.0 -9999.0 -9999.0 43.1500568753 94.8948300266 15.3315464571 -9999.0 12.8640380859 -9999.0 -9999.0 -9999.0 -9999.0 -9999.0 -9999.0 -9999.0 -9999.0 -9999.0 -9999.0 -9999.0 -9999.0 -9999.0 -9999.0 -9999.0 -9999.0 -9999.0 -9999.0 -9999.0 -9999.0 -9999.0 -9999.0 -9999.0 -9999.0 -9999.0 -9999.0 -9999.0 -9999.0 -9999.0 -9999.0 -9999.0 -9999.0 -9999.0 -9999.0 -9999.0 -9999.0 -9999.0 -9999.0
-9999.0 -9999.0 -9999.0 -9999.0 -9999.0 -9999.0 -9999.0 -9999.0 -9999.0 -9999.0 20.837673927 19.9861272913 20.7144746999 20.2255063886 133.220888002 148.65381748 35.9452854859 11.441698341 -9999.0 -9999.0 -9999.0 -9999.0 -9999.0 -9999.0 -9999.0 -9999.0 -9999.0 -9999.0 -9999.0 -9999.0 -9999.0 -9999.0 -9999.0 -9999.0 -9999.0 -9999.0 -9999.0 -9999.0 -9999.0 -9999.0 -9999.0 -9999.0 -9999.0 -9999.0 -9999.0 -9999.0 -9999.0 -9999.0 -9999.0 -9999.0 -9999.0 -9999.0 -9999.0 -9999.0 -9999.0
-9999.0 -9999.0 -9999.0 -9999.0 -9999.0 -9999.0 -9999.0 -9999.0 -9999.0 20.1583790896 40.90776556 81.1365202655 40.1474141588 19.5952888117 38.4922143878 167.151073291 230.366949163 13.1166237055 -9999.0 19.9923870153 -9999.0 -9999.0 -9999.0 -9999.0 25.0360861193 12.7225378819 -9999.0 -9999.0 -9999.0 -9999.0 -9999.0 -9999.0 -9999.0 -9999.0 -9999.0 -9999.0 -9999.0 -9999.0 -9999.0 -9999.0 -9999.0 -9999.0 -9999.0 -9999.0 -9999.0 -9999.0 -9999.0 -9999.0 -9999.0 -9999.0 -9999.0 -9999.0 -9999.0 -9999.0 -9999.0
-9999.0 -9999.0 -9999.0 -9999.0 -9999.0 -9999.0 -9999.0 -9999.0 21.9881660466 63.070521339 82.4704515399 102.092281373 140.307379798 18.6312033014 74.9097164226 92.9495319665 353.335002209 15.5852861323 16.7038529794 38.0185297229 55.4723423672 18.0413073058 -9999.0 65.5929279856 53.6828054255 14.8332081765 -9999.0 -9999.0 -9999.0 -9999.0 -9999.0 -9999.0 -9999.0 -9999.0 -9999.0 -9999.0 -9999.0 -9999.0 -9999.0 -9999.0 -9999.0 -9999.0 -9999.0 -9999.0 -9999.0 -9999.0 -9999.0 -9999.0 -9999.0 -9999.0 -9999.0 -9999.0 -9999.0 -9999.0 -9999.0
-9999.0 -9999.0 -9999.0 -9999.0 -9999.0 -9999.0 22.2331826508 20.5915582659 20.0120313352 20.2458910181 20.2637596479 142.889408114 302.778487782 322.173009445 339.325370353 16.897171176 386.773196178 403.461458922 34.4246594358 17.749676776 72.6336702486 125.617628776 16.9496985492 116.324013708 18.1066173628 17.4156607426 18.7713328266 -9999.0 -9999.0 -9999.0 -9999.0 -9999.0 -9999.0 -9999.0 -9999.0 -9999.0 -9999.0 -9999.0 -9999.0 -9999.0 -9999.0 -9999.0 -9999.0 -9999.0 -9999.0 -9999.0 -9999.0 -9999.0 -9999.0 -9999.0 -9999.0 -9999.0 -9999.0 -9999.0 -9999.0
-9999.0 -9999.0 -9999.0 -9999.0 -9999.0 -9999.0 44.3923199757 65.627294137 148.580244852 207.990456441 18.6759251348 19.3612838973 18.430520709 54.024538769 410.023962691 16.0055097913 419.8216653 485.514138357 50.7881816826 33.8001361548 141.850904704 17.2950097617 133.580266394 33.8606255199 16.9031998725 33.851135798 37.1343186485 19.0387355036 19.6900313949 19.404151395 20.0502892744 40.2161364061 -9999.0 -9999.0 -9999.0 -9999.0 -9999.0 -9999.0 -9999.0 -9999.0 -9999.0 -9999.0 -9999.0 -9999.0 -9999.0 -9999.0 -9999.0 -9999.0 -9999.0 -9999.0 -9999.0 -9999.0 -9999.0 -9999.0 -9999.0
-9999.0 -9999.0 -9999.0 -9999.0 -9999.0 23.4348969953 45.7573487016 22.1162833263 42.9936848902 229.045430853 267.949127425 306.820694634 978.974338631 17.8917098695 427.577580072 1544.79301609 1558.32731739 2067.32411018 14.5115097315 49.9220346111 158.191954761 16.2325561377 323.969041817 173.534798679 105.627291626 88.4846545657 18.1018246173 56.8967629591 57.8219530765 38.5826276471 18.8765434412 59.5627193893 18.803403508 18.6325515681 -9999.0 -9999.0 -9999.0 -9999.0 -9999.0 -9999.0 -9999.0 -9999.0 -9999.0 -9999.0 -9999.0 -9999.0 -9999.0 -9999.0 -9999.0 -9999.0 -9999.0 -9999.0 -9999.0 -9999.0 -9999.0
-9999.0 -9999.0 -9999.0 -9999.0 -9999.0 23.6955544213 69.3596334941 137.692759849 159.06062757 315.446394384 335.759787776 398.551041379 654.334339045 1032.33331623 1068.33007284 1084.95263864 31.8018645467 2124.40693563 2153.89814074 2236.79342802 2784.47598596 373.46450345 341.124004456 122.649258337 16.9044250371 107.501759069 73.454266636 16.1353818108 75.1234064037 17.0988063517 35.6242330369 95.6605591937 113.76804996 36.6000814155 17.910908354 17.9540976797 -9999.0 -9999.0 -9999.0 -9999.0 13.5010557042 11.7578882335 -9999.0 -9999.0 -9999.0 -9999.0 -9999.0 -9999.0 -9999.0 -9999.0 -9999.0 -9999.0 -9999.0 -9999.0 -9999.0
-9999.0 -9999.0 -9999.0 -9999.0 -9999.0 23.209343224 22.3773532944 91.7537305756 113.322348369 135.409687232 21.2203580965 42.1654953132 240.221598207 41.8050807353 19.7056324052 18.4509198722 16.6094626854 18.2094468776 17.5047281273 17.8295478393 2801.11837376 2849.6988796 16.1197037595 49.6539151989 33.7055754892 123.711893795 32.4255464029 15.6308732914 92.5591324582 33.8725372938 82.597198228 201.642433482 185.68866965 54.0239121331 53.0306084067 18.2112735039 18.3107520112 -9999.0 -9999.0 18.6862907843 29.4515177397 65.7054274164 12.3393058947 -9999.0 -9999.0 -9999.0 -9999.0 -9999.0 -9999.0 -9999.0 -9999.0 -9999.0 -9999.0 -9999.0 -9999.0
-9999.0 -9999.0 -9999.0 -9999.0 -9999.0 -9999.0 23.8755409367 23.5766307945 46.0221386176 68.55350573 156.153978997 199.48093347 220.798061547 21.9042443325 18.2929668971 239.56939269 293.901922063 311.274258848 382.847527717 399.68216357 16.5658037782 2866.30416423 2947.94597323 65.3766659946 14.1016188266 139.045919954 309.060710692 123.070722951 31.5461527166 15.9727699575 316.088034477 217.953459822 15.8331004089 15.9279800993 69.3619377998 53.5819829586 17.1177813858 16.3458590974 18.0055633893 36.3993514677 17.7308646834 79.8091496662 96.8804139968 16.0046215797 -9999.0 -9999.0 -9999.0 -9999.0 18.2750969949 17.5072094026 6.22815891291 -9999.0 -9999.0 -9999.0 -9999.0
-9999.0 -9999.0 -9999.0 -9999.0 -9999.0 -9999.0 -9999.0 23.4308569534 21.5845359969 44.3285992305 66.5007761412 21.8337757752 20.0622370237 125.207714572 163.911143042 203.319228021 18.4492630826 36.9691082576 18.028115839 416.768610561 917.552389613 930.225668917 3908.61218732 16.1391114901 41.9092762404 13.5042759475 323.817353832 15.3743392504 47.6858398845 15.6993961223 331.680768207 347.285110112 31.7941195129 31.8321359056 174.528202889 87.9710018309 33.3908575491 17.1454158222 36.0001814878 54.1746028111 88.8144698498 16.6215655942 128.217681251 142.630573444 13.4789728949 14.5454645103 15.0526288702 13.8043769141 13.3925201843 51.0504909387 22.0637346394 15.0151175618 -9999.0 -9999.0 -9999.0
-9999.0 -9999.0 -9999.0 -9999.0 -9999.0 -9999.0 -9999.0 -9999.0 44.9338851238 66.0356345436 21.873415754 44.1598442048 64.8537888774 106.290974015 20.8210490259 20.3368686449 18.148332142 18.3734173314 16.9965551796 466.472841664 18.2072971509 35.8994110764 3958.36533505 3991.50390235 14.8278804501 71.6259406703 409.716645839 30.3438152393 61.8882832571 29.0833827605 42.892739537 407.424702891 46.2613378148 251.370567184 205.456780349 15.6686403722 83.5378904999 33.8032187565 52.674165894 16.5650998175 104.661050452 135.9594796 148.674862705 160.79464501 193.831999618 25.9313976249 27.3142508032 25.2634643022 24.2987795704 63.9910482898 13.6589590518 51.1734346249 64.4724303954 -9999.0 -9999.0
-9999.0 -9999.0 -9999.0 -9999.0 -9999.0 -9999.0 -9999.0 -9999.0 23.1198131731 111.784231344 133.302040234 21.5616073752 42.1788782323 20.6128780438 19.4951417724 19.2045340622 236.796532039 313.524580662 384.15461496 453.039095576 16.7909753982 17.9182510719 18.0818364705 4070.09370795 4105.85623322 4119.994405 547.351529145 121.665643893 106.473979583 13.1218390014 56.3977173827 477.570230017 13.9020538325 265.359370443 15.5812300238 109.148069606 100.406115698 16.468366846 69.2490841816 33.0710007385 49.501986196 14.8167528863 11.9629630872 172.776147814 184.089805184 205.117034468 39.4956982776 36.9313001721 35.8490907269 78.1498657368 105.689451239 13.7358582645 78.1765256221 14.496173865 28.0506999677
-9999.0 -9999.0 -9999.0 -9999.0 -9999.0 -9999.0 -9999.0 -9999.0 -9999.0 23.2455783109 155.378580036 176.728929421 62.9746892663 104.088234616 142.945843897 162.341910597 19.4573798739 58.5987058615 38.8412155149 19.5566395006 19.351312147 18.115130474 35.5404924331 61.1728900234 20.1294269297 4702.90397507 4718.41810428 13.6244886709 11.4758465004 26.8692998837 40.2224865673 517.855906428 27.0631515247 277.694393196 168.376376011 138.948949419 15.663366853 31.8776819102 84.5688295191 15.2656135 64.6625346225 29.4929583475 21.422496224 10.4046522077 215.894275974 430.559799709 48.4328539077 46.0531190828 47.2384776626 11.7177161251 117.404892339 11.4690768527 104.060519989 13.1057082887 41.2631205282
-9999.0 -9999.0 -9999.0 -9999.0 -9999.0 -9999.0 -9999.0 -9999.0 -9999.0 -9999.0 21.1157419935 219.210779755 20.7273944167 41.2144128575 60.16388378 97.8806947009 19.1623225354 39.0970565612 19.4072194345 18.5365324715 17.6111413645 34.8155635914 15.9137345053 17.2722044466 34.2394034419 19.0190000633 4734.08399379 4762.2149043 4802.93945998 52.9878307764 13.8849202383 27.6798229143 532.152941795 514.974093532 198.050479961 14.7808444863 62.7418308794 47.2643710824 99.924536462 30.5619626682 124.517940476 44.4991660174 34.5985915482 9.26882102332 11.1752844702 442.854098559 453.695479599 557.745243346 83.6417556212 24.0684405546 129.860046927 153.550611255 269.208067239 25.8006995076 12.4377299655
-9999.0 -9999.0 -9999.0 -9999.0 -9999.0 -9999.0 -9999.0 -9999.0 -9999.0 -9999.0 -9999.0 12.9359195857 247.063800788 19.8365698095 38.5490434944 173.748115345 19.0005591087 18.8834101591 17.1316087983 36.474344451 17.8531157676 70.2479773583 101.796320514 116.443746283 47.7430213533 59.7792744494 14.0512731327 17.2452237075 16.6187146239 4886.09863437 4927.44836282 544.425861019 539.897456446 527.492321052 26.2052545537 12.8083162414 76.8751759921 205.455380302 114.474509596 45.0275890125 183.728669311 79.4871656841 65.8880841755 19.0180635004 8.0104408269 7.52741689451 8.51740863378 597.483797279 715.6867142 11.7154648142 10.764588957 11.6605854277 280.840468707 318.136270554 22.8504161097
-9999.0 -9999.0 -9999.0 -9999.0 -9999.0 -9999.0 -9999.0 -9999.0 -9999.0 -9999.0 -9999.0 12.2053190421 275.629003686 337.152870134 18.8574287335 211.265631885 17.7811065016 17.3270947739 34.8223873913 89.2072151402 17.5588882921 18.1618042196 15.722824266 147.406729449 162.344179907 237.690413854 265.512412856 280.291049047 293.874800736 312.037750869 5254.69482324 5825.85424189 6390.28752237 6400.61023669 11.3662499402 12.9060405708 233.782288466 219.722200072 14.3211648695 14.2800879596 197.982762589 291.630152683 12.8638794609 148.229328291 135.968482357 38.4750333627 18.2225507354 29.5263570655 12.3117999787 737.003494056 10.8614651041 32.9771494374 41.9742992425 391.266126383 423.532440399
-9999.0 -9999.0 -9999.0 -9999.0 -9999.0 -9999.0 -9999.0 -9999.0 -9999.0 -9999.0 -9999.0 22.0871680528 42.2625938846 357.029799361 393.090588587 17.9897386369 243.616851556 15.7115349475 48.7580288592 105.49479304 34.057686256 16.4516904814 32.8643488301 13.8184696396 27.3462445784 14.0430568961 13.3693103407 12.4349133572 11.7961514866 11.1599429589 10.8046987437 13.4156550195 15.2272434711 15.9245254468 6440.69484282 276.750893891 254.62599146 9.82030145238 41.3030380497 12.1765115198 10.5658146702 304.857544219 494.015043348 162.62065781 117.774745569 22.1364560966 9.45396589801 8.77244645201 18.9143576603 766.484259239 786.524745189 10.3875891051 10.6956384945 10.7125052807 9.49159577434
-9999.0 -9999.0 -9999.0 -9999.0 -9999.0 -9999.0 -9999.0 -9999.0 -9999.0 -9999.0 -9999.0 -9999.0 19.6649391744 257.969945941 669.931758335 726.317959162 986.131223422 1000.47721025 235.247333116 172.951148567 50.7832696483 16.2945251201 64.7905994835 79.934203554 121.490330073 28.5418351646 27.1473176256 26.3854720602 51.7904870974 24.5978546847 24.0135292185 12.5144216053 10.2800029599 10.2236865767 6454.67459983 6742.14150788 6754.01645275 9.99363316215 112.301063259 50.2910133988 14.1143847518 537.195062353 30.1971103048 15.4694971333 65.0197706592 14.7985858665 12.2038985883 22.6486508066 31.8516390741 41.7959837591 803.879116002 8.32701582154 7.50918675296 7.57612991985 6.62318867702
-9999.0 -9999.0 -9999.0 -9999.0 -9999.0 -9999.0 -9999.0 -9999.0 -9999.0 -9999.0 -9999.0 21.146784466 196.631247791 238.192966425 38.3762077 13.1878579186 29.2490487922 1046.59350648 1060.56277011 1309.72667027 14.9563929224 31.1404687658 13.9925410168 14.1840078243 135.301452831 177.631358299 217.714132708 12.8196465889 64.5836185619 101.767121645 61.1851928197 24.9270478036 21.7582785231 20.4604834594 19.9754740888 9.76294021087 6763.86698861 6771.93929607 6901.7530453 24.1728270648 12.708649353 547.438046939 31.8343898499 16.2025210226 17.2242378999 17.080796105 15.7935582156 28.5951742416 81.3869085656 133.832172724 946.187753969 6.48361177663 19.7272303841 13.4907640469 12.1050372744
-9999.0 -9999.0 -9999.0 -9999.0 -9999.0 -9999.0 -9999.0 -9999.0 -9999.0 -9999.0 -9999.0 21.5416445635 135.146555496 21.1493182083 18.9627093424 98.8125544124 115.938531405 133.125004578 149.291297699 1769.81980452 1784.32979085 1813.72123874 2029.44914964 2072.08220182 2096.66886021 2110.77910821 2360.80306749 2396.37025855 2409.58274616 2525.15880631 2599.99149985 2612.510398 2658.57865683 32.5007812842 30.8314067312 7.75962522483 7.74363696965 6781.15735824 6944.65988641 34.4695198301 629.294321187 617.87194906 60.633085943 14.80039359 15.2079450083 14.8347200193 14.595294131 29.2877394941 42.216626859 12.1211032716 954.241591214 962.73255845 1003.4357932 1010.66642572 1029.6304346
-9999.0 -9999.0 -9999.0 -9999.0 -9999.0 -9999.0 -9999.0 -9999.0 -9999.0 -9999.0 -9999.0 69.3089606933 91.6678012001 43.0035566638 63.1569454699 19.934482316 226.072202289 243.778167168 278.664815397 294.589409236 117.01376159 1954.97408058 1969.97757949 13.9379409383 10.500150807 9.81170148403 21.2565110108 11.2130060422 9.60245038802 9.43991713224 10.096649533 2624.7756968 2671.02893469 2715.01010403 2756.28207769 2784.84287124 13.5440419166 4.81364708313 7601.69576098 649.003146024 641.067304907 12.8524638023 12.0405957477 11.3449876434 27.0962425563 26.689918599 12.6016027805 12.6530417415 11.8974921107 23.8604114651 31.5257400614 5.94238707565 11.082962578 4.67081765987 3.75959864421
-9999.0 -9999.0 -9999.0 -9999.0 -9999.0 -9999.0 -9999.0 -9999.0 -9999.0 -9999.0 -9999.0 -9999.0 46.7369065467 22.0334420905 20.3805901848 190.688871396 208.792639709 18.1843725806 70.7249803671 87.4371793199 102.764435729 16.5956597306 12.9968894625 295.318075592 306.133579479 316.695070694 813.492125976 822.510677769 839.945818558 913.818507002 964.32271703 972.65302778 9.11580505804 9.36972761515 9.11090787492 2796.94481078 5.69406180378 7712.52901735 7702.83137626 93.2921620548 83.6360808274 49.8401196731 12.730682703 22.5142499141 38.7100788542 38.3523173794 24.6498343212 12.2661004842 23.9961319747 23.7833182505 42.157644236 8.83720251919 19.9598419005 31.8209344997 39.8924036331
-9999.0 -9999.0 -9999.0 -9999.0 -9999.0 -9999.0 -9999.0 -9999.0 -9999.0 -9999.0 -9999.0 -9999.0 23.9739643401 67.5326084454 88.2581324463 150.699797764 18.1297533146 36.8119123582 54.2387499573 212.488763381 228.011197363 241.717899452 256.114828902 270.947512515 419.258125567 463.367323615 487.701410282 10.6968254636 56.5780890188 66.6062252839 938.258899597 981.671674688 1001.56815856 1021.80417242 1039.35874968 3842.51639396 5.61131213961 7741.48252124 16.6479483414 7.81164062161 71.2715221147 60.8577032964 10.2235824519 33.3974231271 49.3548033878 48.6330562715 34.4235780607 56.6711939311 89.8034508869 33.7832611691 85.1644129328 8.59484140425 14.3432599209 3.28547939786 2.69357777273
