data/baseflow/mHMbf_acc599.asc
ncols                  80
nrows                 72
xllcorner      4374000.0
yllcorner      5656000.0
cellsize            500
NODATA_value       -9999
[rows 25 to 49 of 72, columns 0 to 54 of 80]
-9999.0 -9999.0 -9999.0 -9999.0 -9999.0 -9999.0 -9999.0 -9999.0 -9999.0 -9999.0 -9999.0 -9999.0 23.5242398506 46.4332536793 21.0455388935 41.8005768577 17.0317022321 138.205356879 169.634238885 185.971742197 14.3371299013 28.127476718 282.419191309 345.574344756 356.304633988 20.9576459152 21.7722363911 31.9432630485 6.23817538787 5.43823839874 9.90410939861 3.74965593019 419.949501055 423.871393309 427.213490837 3268.3216904 6270.32301504 6248.30969002 4.2675435694 2.48490883293 2.21666292015 9.73798899777 7.94183762225 20.3366724202 29.5497247942 58.749678188 4.92921088006 4.86911882455 45.0268346483 49.4824887042 93.6871890516 95.5358244767 101.207449327 102.613765531 1.56297313654
-9999.0 -9999.0 -9999.0 -9999.0 -9999.0 -9999.0 -9999.0 -9999.0 -9999.0 -9999.0 -9999.0 -9999.0 -9999.0 21.6984556513 43.4911283721 65.5864931006 101.993024099 19.2188047408 16.3897506805 118.257019553 132.513017363 255.963092535 270.844610978 40.616446889 12.1886903774 9.93089048848 8.55069346233 391.242938043 396.996247109 403.218696925 408.033145313 416.11957402 55.0140215694 57.0702526327 486.196909045 10026.5073582 16.6930146892 12.8349900968 6.55870846514 1.84749570517 1.63248109423 13.7199448574 14.7528144408 23.2728837934 1.53324565073 60.9343657344 8.07142046999 7.89068640879 1.3875419408 0.785812058494 0.629831776918 0.54648828605 0.629815993464 103.25649321 1409.19415418
-9999.0 -9999.0 -9999.0 -9999.0 -9999.0 -9999.0 -9999.0 -9999.0 -9999.0 -9999.0 -9999.0 -9999.0 -9999.0 -9999.0 20.4584770488 38.4594799731 53.9024260384 69.2268618027 85.6293842335 102.742744422 48.003124687 80.114716305 14.5593943158 13.4628051969 339.115351493 363.170778202 373.364187867 384.406490172 6.89271070698 12.2375651452 34.7493607619 44.7003516915 50.7425544635 3.01705812638 1.64896565523 10034.3492837 3.2195296193 4.62669486076 2.78518718514 7.72079680734 3.3445914809 1.90422036636 39.4051038444 40.4903609619 0.701216405431 61.7476110353 71.1675385643 10.7198117974 1443.23241495 1440.53220667 1438.84950924 1436.10870353 1435.11822195 1414.53873105 1413.4842772
-9999.0 -9999.0 -9999.0 -9999.0 -9999.0 -9999.0 -9999.0 -9999.0 -9999.0 -9999.0 -9999.0 -9999.0 -9999.0 -9999.0 4.7574895937 10.4668194533 15.7284832987 157.242629428 174.097690778 17.2979627512 16.0644555766 16.0183996381 285.454196626 315.100723291 13.8048146455 13.9558998773 9.17904831773 40.6327809072 50.3428666079 22.0060565864 29.2993409729 255.916281318 262.215441095 271.33100816 419.485159298 10456.4097088 3.77094174746 1.95387757498 11.7788867954 9.42965238682 1.15249308448 4.36483932538 5.56172952366 41.7118467727 42.6246538351 115.562503584 71.5141101747 11.3861928059 1465.71459983 6.6516301151 1437.57054656 1436.89491809 19.5309101654 0.601014986989 2.63452279671
-9999.0 -9999.0 -9999.0 -9999.0 -9999.0 -9999.0 -9999.0 -9999.0 -9999.0 -9999.0 -9999.0 -9999.0 -9999.0 -9999.0 23.8777464005 39.1445773087 79.3506324186 140.147110329 188.556869644 224.767596669 240.632599085 256.968247415 272.204399772 14.3340641595 11.9689304974 23.2914009907 19.9749486712 11.2158321059 226.58796064 235.849183812 243.888558423 251.488547266 131.942365139 139.149920281 145.7303638 10458.631206 6.85687722943 7.79958848917 21.4173484027 1.87577929104 2.60447984764 1.44211691058 1.08581616065 6.69823941184 0.691467430866 0.735360130993 1585.46265028 1469.41891711 1468.69389976 3.2765942267 6.10933627015 3.82962218163 0.727450419735 17.8633253567 4.38345242756
-9999.0 -9999.0 -9999.0 -9999.0 -9999.0 -9999.0 -9999.0 -9999.0 -9999.0 -9999.0 -9999.0 -9999.0 -9999.0 -9999.0 16.6256495513 15.8359704901 31.1796690429 46.6975811367 19.7064767866 21.9202005874 38.7707768627 55.062653021 84.7243805655 99.2032964227 110.662395371 146.239703855 155.930177742 167.75704023 10.8884348416 103.615077202 111.287106985 119.265548263 6.80844590362 5.42151515497 8.06239217963 10614.2755291 10616.2382415 10627.3856035 27.0900602268 4.10793934488 4.90410495116 1.47885544416 1.86811304747 7.54552100181 8.87492661571 1.2921608551 1588.71150627 1.04744814054 1.65424563305 1.86384949745 1.29482600262 2.49863793777 0.973938049889 12.7886158813 10.1524317342
-9999.0 -9999.0 -9999.0 -9999.0 -9999.0 -9999.0 -9999.0 -9999.0 -9999.0 -9999.0 -9999.0 -9999.0 -9999.0 -9999.0 -9999.0 15.2070898179 29.6749588852 14.1196661087 29.2843077695 177.204193292 191.342342471 206.619719519 14.6450385359 14.650492836 26.0346410513 38.2155766623 56.4797472015 66.7872853227 74.4628101943 83.8555137977 6.59242973986 6.35162538222 133.879985788 140.231764391 142.741631463 145.279642855 111.064329539 10748.2998593 10789.0527941 10790.4363603 10796.2117893 10802.3441545 10804.4979561 0.536746814184 9.45572200858 1589.15141085 0.970839369048 0.500704859436 0.756162206748 0.878706498065 1.47471623525 1.31672772153 0.804425005987 1.49004996042 1.35327788499
-9999.0 -9999.0 -9999.0 -9999.0 -9999.0 -9999.0 -9999.0 -9999.0 -9999.0 -9999.0 -9999.0 -9999.0 -9999.0 -9999.0 -9999.0 -9999.0 43.9221356137 58.070809788 101.184358815 132.979995205 16.2424570696 240.719180114 254.847812559 267.784782378 11.97378768 23.1806153038 8.81535921987 74.8300680353 80.9617756096 91.1862411283 102.093687796 122.541712577 127.894930479 3.16764089608 101.392774756 106.310552284 108.83196493 118.809274809 11.8011472946 6.92730470576 3.76095676758 3.30940027176 10808.1320746 10808.6193147 10821.5024789 1589.49570646 3.26810881146 1.96343011618 1.30830846163 0.418377842287 4.32879490607 2.28936294767 0.697319883902 4.16128848194 3.60481334484
-9999.0 -9999.0 -9999.0 -9999.0 -9999.0 -9999.0 -9999.0 -9999.0 -9999.0 -9999.0 -9999.0 -9999.0 -9999.0 -9999.0 -9999.0 -9999.0 14.8823830045 72.7441410357 87.9303878729 17.2289793892 16.2040499312 33.5859485854 48.6109632346 329.993184999 11.7884006649 47.6362955499 57.1019970821 66.3409270744 7.07230187431 15.5556617765 20.105522589 79.9168424683 90.0807255805 92.9660236457 2.89925856213 2.27320321871 2.66341665137 5.0620895937 2.34970153132 2.34732969691 1.55832133816 2.11719304941 0.87732901223 3.20407830491 10822.1374404 12413.2713103 5.33375403489 1.5036790183 0.520703485782 13.9161672173 12.9746061706 7.89294630617 7.11488322391 5.32221907283 1.46225406138
-9999.0 -9999.0 -9999.0 -9999.0 -9999.0 -9999.0 -9999.0 -9999.0 -9999.0 -9999.0 -9999.0 -9999.0 -9999.0 -9999.0 -9999.0 13.1128946053 41.1283913463 13.3064612616 18.1667256823 18.6179918588 35.151600566 51.3668193524 64.5918560045 406.157641238 417.115214258 11.473715079 20.9869348547 30.7523306669 37.1432995463 44.866922868 71.3923933939 76.8589586573 6.65985753355 3.48655052261 1.31300773198 0.990019212813 2.68653206511 2.84464131331 3.4213908613 4.17243409666 7.42111834661 3.0382486787 0.937469492177 0.916922822762 0.693580472659 1.25058378859 12472.5331683 53.3367411882 17.5719056487 2.39057287014 1.24355685924 0.58263454242 1.8665229353 1.20789867229 0.608028325868
-9999.0 -9999.0 -9999.0 -9999.0 -9999.0 -9999.0 -9999.0 -9999.0 -9999.0 -9999.0 -9999.0 -9999.0 -9999.0 -9999.0 13.8560275146 26.6694539562 93.6737195825 12.5451261373 33.5670335831 51.3964273388 67.2036290942 16.7143619272 30.2876291337 43.0143112904 470.299018807 10.4168634897 18.9077123018 27.975471584 8.23208956811 16.2974446307 22.0443195622 26.8232198044 772.737177622 780.318163415 786.714158221 812.963555221 817.51089609 831.859374959 6.48675280057 13.8164520885 9.01203817413 875.367875719 876.896767861 0.807345646181 1.23927429181 1.65206304973 12472.9340329 51.0822781407 27.4548117048 25.6193900869 17.1113037721 14.0069498059 2.44436163834 0.618469659621 1.07583137808
-9999.0 -9999.0 -9999.0 -9999.0 -9999.0 -9999.0 -9999.0 -9999.0 -9999.0 -9999.0 -9999.0 -9999.0 -9999.0 -9999.0 14.1721279065 42.8584735012 150.513053053 223.111929653 10.9603706488 288.620986181 367.881303739 15.1195509003 28.3983230991 41.336092945 585.926676615 594.992720139 6.62297660024 41.5359866605 47.7206603554 54.4248401552 720.619118277 735.305078976 742.318020151 3.18985742327 18.4731775857 21.8306949719 7.02594866529 9.57724429209 845.269375738 862.705915379 864.303275482 865.73232964 878.144307018 0.608496019743 0.518165325146 2.58250007723 12473.5222153 3.96168353781 4.02172717502 7.12796351244 1.86621556603 12.267721513 9.48252921298 5.83240899819 3.97892321801
-9999.0 -9999.0 -9999.0 -9999.0 -9999.0 -9999.0 -9999.0 -9999.0 -9999.0 -9999.0 -9999.0 -9999.0 -9999.0 -9999.0 -9999.0 -9999.0 29.8342210168 59.9283579166 263.072090662 277.208855544 380.081622988 392.433772962 14.4963791622 29.0013859909 64.6475070099 603.916105689 619.401700357 624.529190954 3.70925400721 644.392711711 660.237094891 9.32078604363 3.2590437821 6.05638012974 11.6373932102 2.76325531818 5.0979054431 10.1974168851 12.2346092306 2.37750363379 1.33141166906 2.46405782094 890.263149727 893.743545858 894.150279426 898.335115458 12473.9409734 3.40936041814 3.07350523579 1.22967336727 1.19609538162 1.2377491024 1.03201254698 1.89998286212 0.714264284254
-9999.0 -9999.0 -9999.0 -9999.0 -9999.0 -9999.0 -9999.0 -9999.0 -9999.0 -9999.0 -9999.0 -9999.0 -9999.0 -9999.0 -9999.0 -9999.0 15.6008104614 15.1999601863 14.5396233961 27.7852236148 11.7427733583 415.994599794 426.939461922 12.630121457 24.8156836631 10.6445617478 7.36123004356 6.94683817349 636.456058223 5.47441185406 11.3484120591 4.83749062442 3.39311218567 2.83657420892 1.91520273721 2.04243977612 6.32341237889 8.82632052133 1.49914662417 1.25259451778 2.82386399626 4.98358566782 6.82919980534 2.07181237722 895.247411126 898.77400975 12474.2266207 9.88715039362 4.82434034976 0.673443230789 1.72815542478 0.546572369389 0.40946371727 2.35388301818 3.47286400074
-9999.0 -9999.0 -9999.0 -9999.0 -9999.0 -9999.0 -9999.0 -9999.0 -9999.0 -9999.0 -9999.0 -9999.0 -9999.0 -9999.0 -9999.0 -9999.0 -9999.0 -9999.0 14.9200464158 41.1346405129 52.3589669499 63.8831832315 438.178097225 449.524566703 459.958647311 470.209463703 476.818281943 491.005271579 495.715018563 500.818105517 504.25165157 2.77309039476 2.46551288548 2.69594095528 8.8904307564 2.43353880532 2.24605471747 1.5434785777 4.43918894352 1.90092267543 1.31385974668 1.18045816865 0.947289139762 1.88915540661 2.72651614121 904.285508411 13388.6128212 1.58407620422 2.33634706053 0.519633971849 3.2519179138 3.96812904255 0.823546710046 8.74830266196 5.97438115788
-9999.0 -9999.0 -9999.0 -9999.0 -9999.0 -9999.0 -9999.0 -9999.0 -9999.0 -9999.0 -9999.0 -9999.0 -9999.0 -9999.0 -9999.0 -9999.0 -9999.0 -9999.0 -9999.0 12.1794099522 97.9032358168 187.968470156 199.309625378 14.7285744332 27.2724934255 39.5326677245 47.8218957167 110.367667295 113.566718115 3.03427915928 2.89879671935 511.736182168 516.933909413 519.059500125 10.2764867983 1.12059386113 3.23388454559 4.70469424596 14.3535128886 17.8520765404 20.3423143608 2.20682016908 3.02159966869 1.03104413277 2.04616296006 1.07684771791 13390.0549451 1.09662837336 4.73543368872 1.21272475246 4.79779816633 16.6734648106 18.0809322547 27.5358485306 5.66786018918
-9999.0 -9999.0 -9999.0 -9999.0 -9999.0 -9999.0 -9999.0 -9999.0 -9999.0 -9999.0 -9999.0 -9999.0 -9999.0 -9999.0 -9999.0 -9999.0 -9999.0 -9999.0 13.7653248387 44.1578453765 86.0625118392 112.043899208 278.735029858 291.561947178 26.0945236776 38.5865969964 48.0481275374 56.2143416528 117.63763248 124.128071259 219.999008309 226.965109916 230.655498457 521.04291572 535.692001269 2.96780650395 2.28627778587 2.08277944351 3.87422468767 1.72595024509 23.7789566011 24.951042828 3.9893105865 5.70312141492 1.96571338997 2814.82040758 2817.11282348 16207.7398856 16213.5609526 1.50677309953 7.93039700765 4.40513009146 2.31512460796 31.2815328671 37.6165245169
-9999.0 -9999.0 -9999.0 -9999.0 -9999.0 -9999.0 -9999.0 -9999.0 -9999.0 -9999.0 -9999.0 -9999.0 -9999.0 -9999.0 -9999.0 -9999.0 -9999.0 -9999.0 -9999.0 15.8956167739 15.3298808817 28.7112991242 67.6312559617 303.677012143 13.5154585248 13.3215850653 22.3039219863 32.1108007344 78.2594637171 84.6505667463 5.22859070296 4.51905232167 234.065083087 236.332151184 775.576649605 778.117223291 0.888370734181 0.746095998177 0.597207466076 0.604300036891 0.752046563468 2790.3267622 2798.14143437 2804.82752763 2808.22191038 2813.4090827 1.30826006228 4.67579234466 5.26433110407 16220.2858885 16220.5318861 16220.5559614 16220.968684 16221.9186883 39.4474924343
-9999.0 -9999.0 -9999.0 -9999.0 -9999.0 -9999.0 -9999.0 -9999.0 -9999.0 -9999.0 -9999.0 -9999.0 -9999.0 -9999.0 -9999.0 -9999.0 -9999.0 -9999.0 -9999.0 -9999.0 13.8554689031 14.6056204534 26.8078585265 355.688011724 366.794272251 12.9599295161 22.0183891941 32.19194293 40.8737702669 7.55731623977 12.7469761595 748.408333113 750.9204197 755.128650336 775.989458588 1555.88857469 2742.81959777 2745.36578226 2747.57344376 2749.67416148 2760.54080854 2764.2535702 6.88406185523 2.90832630865 1.89774852493 3.47655853549 2.32668328361 3.76933824892 1.13132919304 27.5430655294 33.1862495188 37.5512196203 37.784993263 16221.8307838 16261.5488086
-9999.0 -9999.0 -9999.0 -9999.0 -9999.0 -9999.0 -9999.0 -9999.0 -9999.0 -9999.0 -9999.0 -9999.0 -9999.0 -9999.0 -9999.0 -9999.0 -9999.0 -9999.0 -9999.0 -9999.0 -9999.0 14.1232215863 26.8859288468 39.7377372109 377.067544197 9.77454777741 502.507106123 513.022368624 520.513556773 526.653356704 724.805903125 730.782279266 2.52341697427 15.9529844247 18.857794627 2.75112936623 1184.58092159 1179.68887657 1.25318355763 3.13784314015 8.97650950626 2.11617014139 2.31960386201 1.4857447825 1.20286947172 0.864692998863 1.08343659023 24.0514652201 25.2225327429 26.7802504778 5.04939243184 3.77534625571 39.4576215959 39.8604622 40.0341990521
-9999.0 -9999.0 -9999.0 -9999.0 -9999.0 -9999.0 -9999.0 -9999.0 -9999.0 -9999.0 -9999.0 -9999.0 -9999.0 -9999.0 -9999.0 -9999.0 -9999.0 -9999.0 -9999.0 -9999.0 -9999.0 12.7325273694 11.8124661416 61.5106527262 462.095085477 483.46075086 493.662737479 9.27243955017 177.200470123 185.298195268 189.438518054 5.35845268426 8.55378734405 11.0404350462 274.684840392 276.624323783 278.218921146 1176.96782838 731.25022968 1.77745385652 2.00819449876 1.88250873092 1.33196590893 14.7663238703 17.6511209059 20.0873475609 21.5049639472 22.8481079036 223.237465096 224.248761865 225.998382307 229.443109982 239.919917373 240.174520089 280.455857127
-9999.0 -9999.0 -9999.0 -9999.0 -9999.0 -9999.0 -9999.0 -9999.0 -9999.0 -9999.0 -9999.0 -9999.0 -9999.0 -9999.0 -9999.0 -9999.0 -9999.0 -9999.0 -9999.0 -9999.0 -9999.0 -9999.0 24.8054080069 37.8999300003 12.2090463475 13.2014165005 146.229752521 155.816251858 161.592123865 55.3919543789 60.9453871191 66.5403777162 69.6137868495 270.072608954 273.267229478 161.921616852 442.308128048 444.237332669 729.961825938 3.90008431501 2.04439326717 1.21348968735 10.3276833334 12.1610141824 0.935201483314 0.85563840107 218.943119789 221.303281564 222.436837354 1.51184143441 2.41027684012 238.814805313 0.479411674603 2.01241426424 2.20224198416
-9999.0 -9999.0 -9999.0 -9999.0 -9999.0 -9999.0 -9999.0 -9999.0 -9999.0 -9999.0 -9999.0 -9999.0 -9999.0 -9999.0 -9999.0 -9999.0 -9999.0 -9999.0 -9999.0 -9999.0 -9999.0 -9999.0 12.4166161975 24.5148381871 99.7293890737 112.008372301 122.844748352 42.7243790535 49.6145067327 6.33478303688 187.896388606 193.090288852 197.580776543 3.42179817925 156.211331652 159.612389453 2.14921773126 719.622173204 4.66942761254 2.35229996926 5.73559480512 7.78997194865 1.37077652509 1.02684181842 206.5362061 216.893698806 218.321999703 1.54079963799 3.06820388647 3.80389468402 4.51317021547 8.35763737917 0.746721251981 1.67593035954 0.317703905188
-9999.0 -9999.0 -9999.0 -9999.0 -9999.0 -9999.0 -9999.0 -9999.0 -9999.0 -9999.0 -9999.0 -9999.0 -9999.0 -9999.0 -9999.0 -9999.0 -9999.0 -9999.0 -9999.0 -9999.0 -9999.0 -9999.0 12.2230026468 37.8837839897 63.9552201494 12.8917942022 24.2582154419 34.6429877677 163.351833653 170.962983491 176.547349547 4.80930074822 131.851746002 146.67479003 150.402285344 2.44314700863 710.070600965 715.603616206 2.50871026403 2.16546899773 4.33324261966 1.59631287986 199.107443057 201.869967064 203.683597912 6.75015441947 8.33333354816 1.29738260779 2.26554528693 0.979232174653 6.77542448851 1.04948201307 0.464622342841 0.457892273102 0.498741796337
-9999.0 -9999.0 -9999.0 -9999.0 -9999.0 -9999.0 -9999.0 -9999.0 -9999.0 -9999.0 -9999.0 -9999.0 -9999.0 -9999.0 -9999.0 -9999.0 -9999.0 -9999.0 -9999.0 -9999.0 -9999.0 -9999.0 -9999.0 12.837099144 13.3945957072 13.6951435407 118.685172335 128.374735765 155.845772489 7.35378844407 108.714342431 123.070368217 5.1880762366 10.858025965 3.47651534032 701.812450231 3.72621855097 8.17297194632 9.80487644214 11.6697515751 188.663930734 194.482027633 196.462119757 2.03717373979 3.69962811484 5.12447019239 0.766660298368 0.681393727645 590.180075563 590.885437451 591.443236286 598.260640454 599.038581171 599.795789248 600.174773125
