data/baseflow/mHMbf_acc576.asc
ncols                  80
nrows                 72
xllcorner      4374000.0
yllcorner      5656000.0
cellsize            500
NODATA_value       -9999
[rows 0 to 24 of 72, columns 0 to 54 of 80]
-9999.0 -9999.0 -9999.0 -9999.0 -9999.0 -9999.0 -9999.0 -9999.0 -9999.0 -9999.0 -9999.0 -9999.0 36.2236488462 26.6272087574 -9999.0 -9999.0 -9999.0 -9999.0 -9999.0 -9999.0 -9999.0 -9999.0 -9999.0 -9999.0 -9999.0 -9999.0 -9999.0 -9999.0 -9999.0 -9999.0 -9999.0 -9999.0 -9999.0 -9999.0 -9999.0 -9999.0 -9999.0 -9999.0 -9999.0 -9999.0 -9999.0 -9999.0 -9999.0 -9999.0 -9999.0 -9999.0 -9999.0 -9999.0 -9999.0 -9999.0 -9999.0 -9999.0 -9999.0 -9999.0 -9999.0
-9999.0 -9999.0 -9999.0 -9999.0 -9999.0 -9999.0 -9999.0 -9999.0 -9999.0 -9999.0 -9999.0 -9999.0 73.4681716176 154.676178043 23.4957732962 -9999.0 17.9066008744 -9999.0 -9999.0 -9999.0 -9999.0 -9999.0 -9999.0 -9999.0 -9999.0 -9999.0 -9999.0 -9999.0 -9999.0 -9999.0 -9999.0 -9999.0 -9999.0 -9999.0 -9999.0 -9999.0 -9999.0 -9999.0 -9999.0 -9999.0 -9999.0 -9999.0 -9999.0 -9999.0 -9999.0 -9999.0 -9999.0 -9999.0 -9999.0 -9999.0 -9999.0 -9999.0 -9999.0 -9999.0 -9999.0
-9999.0 -9999.0 -9999.0 -9999.0 -9999.0 -9999.0 -9999.0 -9999.0 -9999.0 -9999.0 37.4868709977 36.1562460272 37.0584170298 35.2025581517 222.887218971 248.923235449 49.682569931 15.6566939552 -9999.0 -9999.0 -9999.0 -9999.0 -9999.0 -9999.0 -9999.0 -9999.0 -9999.0 -9999.0 -9999.0 -9999.0 -9999.0 -9999.0 -9999.0 -9999.0 -9999.0 -9999.0 -9999.0 -9999.0 -9999.0 -9999.0 -9999.0 -9999.0 -9999.0 -9999.0 -9999.0 -9999.0 -9999.0 -9999.0 -9999.0 -9999.0 -9999.0 -9999.0 -9999.0 -9999.0 -9999.0
-9999.0 -9999.0 -9999.0 -9999.0 -9999.0 -9999.0 -9999.0 -9999.0 -9999.0 36.4927334385 73.3662254343 145.177118996 71.3181062749 34.672991251 68.3503936285 282.507983167 372.854350273 19.075775351 -9999.0 36.6769339878 -9999.0 -9999.0 -9999.0 -9999.0 34.2751021817 17.192628806 -9999.0 -9999.0 -9999.0 -9999.0 -9999.0 -9999.0 -9999.0 -9999.0 -9999.0 -9999.0 -9999.0 -9999.0 -9999.0 -9999.0 -9999.0 -9999.0 -9999.0 -9999.0 -9999.0 -9999.0 -9999.0 -9999.0 -9999.0 -9999.0 -9999.0 -9999.0 -9999.0 -9999.0 -9999.0
-9999.0 -9999.0 -9999.0 -9999.0 -9999.0 -9999.0 -9999.0 -9999.0 39.3325632258 113.511533815 148.887921868 184.23761137 250.510352787 33.4042227436 134.091773675 167.357688156 594.071160977 30.1140179061 32.953153669 69.66143015 101.763949362 33.3397413725 -9999.0 93.4349170944 76.3188648509 22.1512039833 -9999.0 -9999.0 -9999.0 -9999.0 -9999.0 -9999.0 -9999.0 -9999.0 -9999.0 -9999.0 -9999.0 -9999.0 -9999.0 -9999.0 -9999.0 -9999.0 -9999.0 -9999.0 -9999.0 -9999.0 -9999.0 -9999.0 -9999.0 -9999.0 -9999.0 -9999.0 -9999.0 -9999.0 -9999.0
-9999.0 -9999.0 -9999.0 -9999.0 -9999.0 -9999.0 38.9069105869 36.9015052659 36.4964766724 36.7370451293 36.7559213452 257.388786986 542.882543754 577.748349327 609.323086928 31.1903025197 657.054668067 688.911270323 65.8855784928 31.9492458981 133.12102258 231.158165374 31.3583142391 188.138672754 34.6028446242 33.4599455349 35.8351638002 -9999.0 -9999.0 -9999.0 -9999.0 -9999.0 -9999.0 -9999.0 -9999.0 -9999.0 -9999.0 -9999.0 -9999.0 -9999.0 -9999.0 -9999.0 -9999.0 -9999.0 -9999.0 -9999.0 -9999.0 -9999.0 -9999.0 -9999.0 -9999.0 -9999.0 -9999.0 -9999.0 -9999.0
-9999.0 -9999.0 -9999.0 -9999.0 -9999.0 -9999.0 77.545772169 115.236084373 262.875248754 371.010398264 34.2465993822 34.8751594886 33.59956255 100.387871722 741.111341476 30.0219421145 721.937541678 845.935288097 97.3556948327 62.2246298548 261.599949025 32.5438546626 220.354170962 66.0573771737 33.6318483971 66.2999668864 70.3697392869 34.572349809 34.7525459709 34.4233682523 35.3531662709 71.2478429613 -9999.0 -9999.0 -9999.0 -9999.0 -9999.0 -9999.0 -9999.0 -9999.0 -9999.0 -9999.0 -9999.0 -9999.0 -9999.0 -9999.0 -9999.0 -9999.0 -9999.0 -9999.0 -9999.0 -9999.0 -9999.0 -9999.0 -9999.0
-9999.0 -9999.0 -9999.0 -9999.0 -9999.0 40.4553764823 79.206295532 38.4429244445 75.3607968745 408.274504655 478.803890912 548.587438765 1708.76696662 33.6861058986 774.012943841 2729.62005006 2753.65058835 3639.45447393 25.3700977256 93.57745243 292.405183975 30.6851026361 584.906641993 333.277077703 203.350849991 170.306631186 34.19789703 103.126092935 101.514585168 67.9829402657 33.4954507567 105.861084696 33.8872399991 33.818912409 -9999.0 -9999.0 -9999.0 -9999.0 -9999.0 -9999.0 -9999.0 -9999.0 -9999.0 -9999.0 -9999.0 -9999.0 -9999.0 -9999.0 -9999.0 -9999.0 -9999.0 -9999.0 -9999.0 -9999.0 -9999.0
-9999.0 -9999.0 -9999.0 -9999.0 -9999.0 40.5489745516 118.750816028 236.408335868 273.411705848 541.169812103 576.913748762 687.157543404 1126.62108527 1799.76089744 1864.77011367 1895.07500905 59.4924281708 3745.65417833 3800.53554318 3955.24093746 4960.59454834 680.046394358 617.212825133 235.688640416 31.7897104867 201.425309363 136.144867639 32.4074239744 132.793786312 31.3074062329 63.6355939401 172.06633618 204.682108095 66.4931835619 32.8796251359 32.9870279167 -9999.0 -9999.0 -9999.0 -9999.0 18.8302793186 15.9682482519 -9999.0 -9999.0 -9999.0 -9999.0 -9999.0 -9999.0 -9999.0 -9999.0 -9999.0 -9999.0 -9999.0 -9999.0 -9999.0
-9999.0 -9999.0 -9999.0 -9999.0 -9999.0 40.0473372014 38.7503522163 156.260341899 193.286691033 231.24103474 37.2356441499 74.1593499466 413.791969881 72.533110921 35.6060386179 34.3756051504 31.4724444538 35.325430927 34.665391389 33.4757361255 4993.79361629 5087.07354255 30.6873188584 93.9525278142 63.4504673919 232.981291319 64.5963326828 31.6411035728 164.885968968 61.3586177912 146.234429538 363.099892598 336.365561153 99.7250359502 99.3604570088 32.8469778338 33.1729235236 -9999.0 -9999.0 32.7264441768 44.2279645595 93.7375574862 16.9555375457 -9999.0 -9999.0 -9999.0 -9999.0 -9999.0 -9999.0 -9999.0 -9999.0 -9999.0 -9999.0 -9999.0 -9999.0
-9999.0 -9999.0 -9999.0 -9999.0 -9999.0 -9999.0 40.2197682582 39.4785380063 78.7103586941 117.214075068 266.763044076 341.837233829 378.970326713 37.6629831301 33.9006030942 430.330246679 531.480427019 564.367905073 697.540357675 729.630065704 32.2213860538 5118.66958916 5274.58768447 124.981008673 28.6469862831 263.328267554 587.144761644 228.185515071 61.6341898651 30.6002244723 568.905566397 394.007109252 31.0098314502 30.4505951722 129.991180453 97.2038945809 32.648914769 32.8829183784 32.2762933284 64.3858177198 31.9587128081 114.193870094 146.612791878 31.8049272002 -9999.0 -9999.0 -9999.0 -9999.0 35.0713461643 33.9535422781 8.98312293533 -9999.0 -9999.0 -9999.0 -9999.0
-9999.0 -9999.0 -9999.0 -9999.0 -9999.0 -9999.0 -9999.0 40.6507317393 36.8391295459 74.8838841038 112.726206736 38.065836622 36.7903612374 220.306405704 291.63767493 363.571390861 34.1447686022 67.8178604135 33.3148903382 761.298919111 1668.97888653 1688.04861411 7019.43735298 31.8011092917 85.7712846495 27.8041401132 617.812868637 30.4276755887 92.5872213026 30.4683954859 599.825910175 630.142874998 61.6544645012 60.6026703845 323.052961182 161.679990823 64.3379688699 32.0806500858 64.8363624799 96.3363672306 160.010981562 32.1857612392 212.041351641 245.464567637 31.849480799 33.2318301125 33.7015594758 32.287623578 31.1273932219 100.396004845 38.2388082804 25.2892291367 -9999.0 -9999.0 -9999.0
-9999.0 -9999.0 -9999.0 -9999.0 -9999.0 -9999.0 -9999.0 -9999.0 77.0405305716 113.670447651 37.6672567174 75.4787345433 111.634338399 185.820111005 36.6022681279 36.3487907212 33.2166414935 33.9637506405 32.4121019317 843.153828806 33.4156168205 66.1097709573 7108.90550743 7188.78804076 47.4275746915 178.670124782 828.875246175 60.5997464421 121.963887905 59.7907818894 88.6293105819 750.327945041 90.9897357519 474.919440925 384.871272725 31.5584099216 158.101689696 63.1166941102 95.8211305782 31.0797145217 192.033370959 257.042376 288.554640251 319.152835402 369.561704546 62.3830730114 63.5821079316 61.1079429193 58.7444894099 129.52888095 28.6046982909 92.5023221783 119.657150003 -9999.0 -9999.0
-9999.0 -9999.0 -9999.0 -9999.0 -9999.0 -9999.0 -9999.0 -9999.0 39.0614149634 190.699638635 227.883006359 37.4031330518 73.9289296705 36.5982086415 35.4193498943 34.6170010589 427.143252452 572.18436114 701.774738353 823.081801996 30.7078599759 33.0516830984 41.8637589161 7344.01211767 7426.28940458 7469.69388701 1122.00759379 247.316146445 213.914046036 30.0523380783 118.394809324 898.281371516 29.7633121537 504.717086647 30.2294298468 203.716120044 189.486814973 30.735516777 126.325267315 61.5739744118 91.9848889804 32.5992158516 30.8291511433 349.533893022 378.815751133 398.737076268 93.3428568861 90.1543545129 87.2612256677 158.558112129 215.50336863 28.2281450467 146.418215458 27.1030482364 53.5462117493
-9999.0 -9999.0 -9999.0 -9999.0 -9999.0 -9999.0 -9999.0 -9999.0 -9999.0 38.3393012499 265.281650932 302.598266841 110.90013238 184.244952174 255.320322512 291.016348548 35.7419883936 111.545991829 73.1629684539 35.5677900844 35.7319804923 34.0619906716 68.8525766269 122.872123694 49.9848946796 8682.75657289 8730.73275713 45.9961035363 33.0321513295 60.0301693058 89.9902721106 986.604118277 58.43021703 533.583550169 318.266389383 259.699707569 30.567729487 61.0380334252 156.371775898 29.7240585751 121.509301642 61.9801790683 58.9499304028 29.7938045788 467.353296622 893.201450918 118.984874966 115.917767656 114.155263134 26.5942521024 241.778129902 26.0341225819 199.853456453 26.1421109243 79.8518326474
-9999.0 -9999.0 -9999.0 -9999.0 -9999.0 -9999.0 -9999.0 -9999.0 -9999.0 -9999.0 36.4209529707 376.496311925 37.2528362722 74.5414288355 109.6772825 182.250691885 37.9145003054 76.4791743563 38.0517416391 36.9988943432 35.0092852538 69.1849981668 33.1226486413 39.2018927891 88.7139807114 50.930666546 8773.97020588 8863.49867407 8989.51858525 127.511038547 30.3264089601 60.2863281997 1015.85806649 998.573174383 377.711313805 29.7741627945 121.29790357 91.2110132864 186.519854128 59.8056386257 242.342482764 91.265835531 87.8930712836 28.4666103284 30.1167795539 924.60981816 953.649633325 1215.47656971 196.344741332 54.668943364 269.820715014 322.649679354 547.778781877 51.5120973276 24.6990278317
-9999.0 -9999.0 -9999.0 -9999.0 -9999.0 -9999.0 -9999.0 -9999.0 -9999.0 -9999.0 -9999.0 19.5839941931 420.845179561 36.675797799 71.5341360493 326.240752838 37.4380882686 37.5612256317 33.5608990711 70.8070067874 33.1880750937 135.303802915 200.809628059 232.550675431 122.97255595 164.696722275 47.6346102956 50.8645350844 45.4178179585 9187.35278457 9283.8545038 1044.97374429 1056.78989248 1027.81093672 58.8204068343 29.0271334316 150.145414316 394.717801844 215.852651061 89.2807635217 360.521308903 199.194076598 170.73383116 55.725960999 26.6533013759 26.535886031 26.3956335236 1328.72199307 1609.50584987 26.7345765539 25.4705471192 25.5675909949 572.942605169 648.946420352 47.6944051751
-9999.0 -9999.0 -9999.0 -9999.0 -9999.0 -9999.0 -9999.0 -9999.0 -9999.0 -9999.0 -9999.0 18.9298126405 467.093460796 576.317873777 34.6988675296 396.13307396 35.036449034 34.2091602304 66.178022879 169.888566556 32.9908778616 34.059397534 32.3020624879 297.72656702 330.287080552 527.638836919 610.0381538 650.97851129 695.952702122 739.083218611 10064.5798472 11192.4185827 12328.0289975 12359.4491282 32.7159169812 28.4749321097 452.276661924 423.881892485 28.674479592 29.340606767 389.075683531 616.971368062 27.2691723808 345.688533877 319.042607388 112.279771066 55.2858564009 85.2845026403 30.6858403815 1665.03643215 28.118491688 78.2168787884 102.093433601 830.284863148 901.689124586
-9999.0 -9999.0 -9999.0 -9999.0 -9999.0 -9999.0 -9999.0 -9999.0 -9999.0 -9999.0 -9999.0 38.1139285455 74.3510241415 612.225878444 680.9376703 34.6415134378 457.332276368 33.2719147956 99.9552565456 202.516661831 65.4602298856 32.4312752946 65.5900305061 31.9803716099 61.7741008645 30.0539506325 29.415690682 28.0127319274 27.4449089877 29.6560970494 34.7034650184 42.4852045441 47.7117891497 47.6011070319 12475.8353162 605.24114395 530.231983621 36.6513578491 87.020358422 22.6646879028 18.260800861 644.705120602 1074.90428612 375.004299435 265.287284683 57.67689607 28.6377229406 27.7412848178 55.5566010233 1748.45397153 1802.44961798 27.6771573637 27.2499036528 27.4016687348 24.0114533321
-9999.0 -9999.0 -9999.0 -9999.0 -9999.0 -9999.0 -9999.0 -9999.0 -9999.0 -9999.0 -9999.0 -9999.0 36.5278324651 457.148467868 1173.44419288 1279.6988121 1769.00554513 1794.69248185 458.423466915 333.782043416 98.5845906876 32.2209276848 129.485274797 160.688271567 252.627859521 60.8949185756 59.5999962403 58.4323920761 115.872173897 59.3982998734 63.9266180009 28.1001699869 27.8341449241 34.0871815868 12512.7134643 13136.7906781 13176.2989334 39.5155023307 261.361912786 98.7893193528 28.9764067666 1161.94177428 59.8333678673 30.5495888101 123.927235067 29.6531483734 29.829902274 58.4189381699 84.258761545 111.199603805 1851.7852446 24.0724913872 21.9597424894 21.9482907698 20.6017882018
-9999.0 -9999.0 -9999.0 -9999.0 -9999.0 -9999.0 -9999.0 -9999.0 -9999.0 -9999.0 -9999.0 38.3567699868 347.010003607 421.517108159 71.2275480455 21.5136106254 51.7221813812 1879.86912431 1907.6180054 2390.37811946 30.8409433428 62.8515007878 29.712638876 30.2793105822 282.653159259 373.549000193 463.395023799 29.1401325774 145.234201894 233.41284679 148.560211249 56.4802983519 54.8430562723 59.8146169402 64.7134494191 38.9878317187 13210.089158 13242.7606719 13572.4965034 55.5165975212 28.1101149994 1180.71890836 60.3435571867 30.8484371765 31.8077852772 31.4190883968 29.9589229362 60.7762162027 175.764880408 314.997194404 2191.01153934 20.8086291096 62.1383628986 41.6616272885 38.9804087226
-9999.0 -9999.0 -9999.0 -9999.0 -9999.0 -9999.0 -9999.0 -9999.0 -9999.0 -9999.0 -9999.0 39.1178941474 234.214884207 37.7331345281 35.3549524894 172.488631633 205.408824999 239.644898387 272.471239422 3242.95227326 3270.47592515 3329.50033357 3762.92463251 3857.45745207 3918.80329537 3949.5178542 4496.26190836 4577.89232623 4606.67511817 4870.1607422 5048.50989956 5076.91707965 5186.84513195 87.2484938513 90.76428886 31.9790757003 38.2469360938 13276.9151762 13695.0962316 87.1514470115 1341.48692765 1316.34917515 118.86293593 29.5663563774 30.5124639719 30.0149078943 28.944482531 58.1901827578 86.9677570989 29.5467245798 2214.80719858 2239.32794625 2365.94572867 2388.18058124 2448.19483126
-9999.0 -9999.0 -9999.0 -9999.0 -9999.0 -9999.0 -9999.0 -9999.0 -9999.0 -9999.0 -9999.0 118.012163336 155.934466786 73.161243748 109.470732361 36.0073444405 409.547765482 444.797479105 514.318137524 546.415565326 233.776383573 3610.39247575 3638.93647574 33.7471104857 31.0534696647 30.732924869 62.33567721 30.1219336371 27.9800316839 27.0260534017 26.9563758084 5104.68622566 5214.68265189 5326.37045514 5440.15158323 5575.26722099 73.5866017077 30.9578225869 15125.3479144 1395.57437981 1366.95113507 28.1359941193 27.838976982 27.2424824789 57.4026711799 57.1940986462 26.5582194979 26.5288549884 26.3779716509 55.6412365057 79.2073074468 24.9351939579 45.2904013203 18.4096806064 18.9432359656
-9999.0 -9999.0 -9999.0 -9999.0 -9999.0 -9999.0 -9999.0 -9999.0 -9999.0 -9999.0 -9999.0 -9999.0 78.9115757454 37.2476735597 36.7478892604 339.215169453 375.350575454 35.4964021712 140.483972594 173.825851923 206.504716449 33.8463549148 33.4798631595 593.192240119 624.691716399 655.856968982 1673.95063558 1703.37839995 1759.64689173 1979.45509213 2144.65173527 2171.23097082 24.7096451424 25.2357252342 23.2878289855 5625.51237341 27.72894749 15429.7498147 15381.444839 224.130235036 191.816994278 110.636082925 27.7344398652 54.5975804239 84.0909688965 83.7472602338 52.3145016895 25.6194661189 51.9842041726 52.4223423562 103.984191209 16.6779540712 64.073244245 104.819168556 143.779756854
-9999.0 -9999.0 -9999.0 -9999.0 -9999.0 -9999.0 -9999.0 -9999.0 -9999.0 -9999.0 -9999.0 -9999.0 40.0921456765 114.943920292 152.345536567 265.817320774 36.3010477008 72.7574799013 107.358986111 397.812146428 429.010178818 458.445205761 491.68286954 527.599484248 817.615414877 921.252852896 988.812176339 31.5385124312 161.759012009 192.251398884 2064.58760439 2200.72720599 2253.04704219 2304.84995283 2359.97568956 8012.03272737 23.4278723025 15541.8980186 66.0683783116 31.1864250934 164.401899865 136.892534678 24.7967121729 79.9654827249 109.472132604 108.94448257 77.0498695632 127.513594152 203.249903828 76.8940872032 204.633155932 21.6199170678 38.4327228654 17.6829530733 14.1856926133
