data/baseflow/mHMbf_acc334.asc
ncols                  80
nrows                 72
xllcorner      4374000.0
yllcorner      5656000.0
cellsize            500
NODATA_value       -9999
[rows 24 to 47 of 72, columns 0 to 54 of 80]
-9999.0 -9999.0 -9999.0 -9999.0 -9999.0 -9999.0 -9999.0 -9999.0 -9999.0 -9999.0 -9999.0 -9999.0 7.97339095381 20.8886405695 27.0078577191 45.9386693575 5.56354127054 11.0282803643 16.0595485404 62.6756920289 65.562918779 66.8823451172 69.8652818913 74.3111387587 135.762591432 147.97896724 152.631685221 0.745028070271 11.031987944 11.5981887731 251.408114701 253.355489186 254.401556017 255.570275245 256.439389254 1006.58547319 5.50395800153 2280.16506777 1.14437331347 0.295664669299 14.7448590099 13.8677789539 1.27491579697 8.31773896015 12.0895098885 11.9999563836 8.0525216492 13.1785096958 20.7895355296 7.63294857151 20.297774962 1.07941835603 1.54575421815 0.108464348492 0.0894999947128
-9999.0 -9999.0 -9999.0 -9999.0 -9999.0 -9999.0 -9999.0 -9999.0 -9999.0 -9999.0 -9999.0 -9999.0 7.04179779367 13.9285562046 6.31108162557 12.711355028 5.33471456377 42.6335814822 52.6981285111 57.9938112974 4.59065174734 8.14072666766 108.29879902 128.652771149 131.858646849 8.1160076633 8.13510684223 10.168343629 0.442933504794 0.375198048041 0.685725953491 0.585389192982 236.86308452 237.799038337 238.735589194 1010.80226562 2292.33683337 2280.52685117 0.425603819885 0.223070469485 0.200438131362 1.7285982476 1.55168373277 8.86604185887 13.5297137772 28.0434979631 2.49584893155 2.49024124377 22.2680941497 23.7146122506 47.2118946165 48.0480588256 49.7144819855 49.9239198209 0.187657803285
-9999.0 -9999.0 -9999.0 -9999.0 -9999.0 -9999.0 -9999.0 -9999.0 -9999.0 -9999.0 -9999.0 -9999.0 -9999.0 6.54140847425 13.1711025358 19.9148003383 31.2860949111 6.15200269115 5.27196791897 57.5683377521 62.1659640593 101.787916513 106.530735264 13.294615132 4.3509206664 4.08542743108 3.90141351375 232.956210726 234.161982001 234.748099769 235.124780923 236.148417014 15.2357715294 17.1795963774 257.587018269 3562.77497334 6.76105008716 4.51931120772 1.05322328556 0.384900613832 0.204541395113 2.13469918719 2.28000152994 9.19912481574 0.163561832456 28.3409826927 3.23110115546 3.14236455306 0.164430451012 0.101820463731 0.0968308915293 0.478025706266 0.101832373883 50.038114324 687.501488306
-9999.0 -9999.0 -9999.0 -9999.0 -9999.0 -9999.0 -9999.0 -9999.0 -9999.0 -9999.0 -9999.0 -9999.0 -9999.0 -9999.0 6.18941264741 17.3227343827 28.8108285771 41.3351025041 46.8707699054 52.6086307535 16.2319203245 26.6060741788 4.7038282527 4.48255359861 212.810599672 221.611278999 225.5663477 229.835887341 2.7227114527 4.22033124722 12.1421172666 12.9208543985 13.8333128746 2.04159123023 3.75680834258 3572.79137621 2.76960513246 2.74232408759 1.30376854189 2.55186518138 1.15216414167 0.917357908124 12.0737293656 13.9287972317 0.566385346227 29.2341589734 32.5811126938 3.2595730202 702.447609228 702.158901833 701.917481745 700.911983502 699.889155572 689.957188501 688.966611284
-9999.0 -9999.0 -9999.0 -9999.0 -9999.0 -9999.0 -9999.0 -9999.0 -9999.0 -9999.0 -9999.0 -9999.0 -9999.0 -9999.0 4.13778562309 8.95717948068 12.0655638824 136.05746724 141.935044984 5.98029035445 5.39900243315 5.24414007914 194.278853504 204.042004733 4.6278229188 4.83082961693 3.81510482814 15.6991620909 19.5178322961 8.16352803879 9.8407657172 93.1957329067 95.0457195942 101.170367342 159.772354378 3735.14735924 3.23275157606 1.1628093662 4.44128664044 3.46622371178 1.00802289431 3.00877044884 4.04996279939 15.1219703522 16.2778130725 50.5140561364 32.9414170941 3.49122482791 717.875854431 8.40616000027 701.637910297 701.300018756 8.86369479543 1.36886106412 0.291270076485
-9999.0 -9999.0 -9999.0 -9999.0 -9999.0 -9999.0 -9999.0 -9999.0 -9999.0 -9999.0 -9999.0 -9999.0 -9999.0 -9999.0 21.4534765585 35.044027712 69.3122197769 126.390046877 155.636561697 173.59395915 179.210564156 184.675230439 189.820338067 4.73188018008 4.23105758565 8.28079045101 7.84266387007 4.09128991218 81.6865607942 85.4050285024 88.837265234 91.9029633823 46.450003893 47.2809142814 52.7625879233 3737.32639011 6.01639518298 3.62931307421 8.62518888849 0.809306599717 3.60952063381 2.30710966858 0.960608137661 5.6788652123 0.905489844917 0.931903940118 773.316476677 722.064058885 721.122058531 3.26097973386 8.14509595892 4.41919728458 0.531768747727 4.98560564192 0.740954276605
-9999.0 -9999.0 -9999.0 -9999.0 -9999.0 -9999.0 -9999.0 -9999.0 -9999.0 -9999.0 -9999.0 -9999.0 -9999.0 -9999.0 15.1182888908 14.7125236688 28.9234124022 43.1503445989 8.44748124929 6.70417541762 12.2614972049 17.6696815528 27.726525863 32.7279064788 37.3010429597 50.2218603335 54.2633724548 58.6185961585 3.8939312565 40.1527568999 42.7586553029 44.2372415154 0.816959246683 0.561076793563 0.876362133485 3791.41208394 3793.47498949 3803.35378983 10.9739900575 1.64088110695 4.76689463767 0.966223668978 1.7967721176 6.70955932726 8.38107453701 1.71901697808 778.317156365 2.1390261994 2.01447163983 1.96618214648 2.47025165666 3.05947890142 1.39418476515 4.10692700722 2.21216926965
-9999.0 -9999.0 -9999.0 -9999.0 -9999.0 -9999.0 -9999.0 -9999.0 -9999.0 -9999.0 -9999.0 -9999.0 -9999.0 -9999.0 -9999.0 14.2813485269 27.9992430995 13.0254080443 26.2648261689 160.422821953 167.678310265 172.920693575 4.96830460785 5.01493404474 9.59481939652 14.0649960038 22.0870663063 26.1120534917 28.8690413632 32.517392592 2.75579431135 1.8381198851 48.0558995403 48.7388836307 49.5817225035 51.0039492839 48.7468467983 3858.37556067 3878.18372743 3878.97902549 3884.44536377 3888.39177651 3891.55448893 1.01659231434 9.23298238635 779.335269854 2.3730091124 1.21344094243 2.39743519295 2.32973298616 3.56194864823 1.71762407371 0.980520295269 1.27880317352 0.774354742425
-9999.0 -9999.0 -9999.0 -9999.0 -9999.0 -9999.0 -9999.0 -9999.0 -9999.0 -9999.0 -9999.0 -9999.0 -9999.0 -9999.0 -9999.0 -9999.0 41.6255226268 55.310280763 96.0550305104 121.769518974 11.8756897782 190.946947885 195.890762873 200.691144669 4.82322031189 9.37497758813 4.12437726862 31.040473579 33.5435815879 36.9472205427 39.9809565598 46.3235457919 47.4842899073 0.800513527534 41.8214922874 45.1067556577 47.3088931002 53.0035247133 7.14834362482 4.2517489557 2.14715045082 1.98801263886 3894.65460656 3896.5522777 3914.08183367 780.610278525 7.57061977339 4.11820938178 3.15959894004 0.609007928426 7.12553100162 2.78265535206 0.906048438884 4.42494711287 3.63895529246
-9999.0 -9999.0 -9999.0 -9999.0 -9999.0 -9999.0 -9999.0 -9999.0 -9999.0 -9999.0 -9999.0 -9999.0 -9999.0 -9999.0 -9999.0 -9999.0 15.1467616207 69.5116443506 83.4288649831 12.1189991031 5.55672017811 11.3646394032 16.590329666 222.441130291 4.77078747674 19.1004347471 23.3915637859 27.5136794039 2.45325001006 5.5804258809 6.85647490047 32.8002024929 35.9561548169 37.8040682595 1.63744961692 1.23025737071 1.07339148189 1.98050856514 0.710506141589 0.739237457599 1.44459646993 1.05775749721 1.43909523553 6.87035977351 3915.99071692 4701.69793184 9.20773263599 1.22024480747 0.782159052079 18.825094353 17.4823218629 9.25434293388 8.04792035699 5.58884862167 1.28004117023
-9999.0 -9999.0 -9999.0 -9999.0 -9999.0 -9999.0 -9999.0 -9999.0 -9999.0 -9999.0 -9999.0 -9999.0 -9999.0 -9999.0 -9999.0 13.4699785121 42.636130877 14.0490415001 9.64097464552 6.82368473181 12.5094097919 17.9850887008 24.8839660026 258.760772491 263.420193821 4.79945829989 9.16167579401 13.5690916913 16.52488685 18.9102675453 26.57733209 31.0749867784 0.813803603078 1.1932887976 1.14973731262 1.76015989402 1.50058971951 1.48555049313 1.1949306388 1.39693828046 7.8067094625 4.10688199533 3.39737519206 3.41941312305 1.82571636097 3.32123466451 4782.14957181 70.3197355282 26.6207881694 5.50559206288 2.75175271033 1.50885955011 3.80601987401 2.04960523089 0.831931350537
-9999.0 -9999.0 -9999.0 -9999.0 -9999.0 -9999.0 -9999.0 -9999.0 -9999.0 -9999.0 -9999.0 -9999.0 -9999.0 -9999.0 14.3370766977 27.3658168953 97.8578789488 14.1693305268 23.0668733288 29.6724600896 35.666921774 6.21443013131 11.419218288 21.236037591 295.251820002 4.54737213068 8.67150620034 12.7499201304 3.70020643143 7.07526077849 7.80206016722 10.9375711128 446.270346892 449.15917075 452.066108354 467.072990987 471.707394943 482.382671457 2.67190758361 5.64636563618 9.20954792053 518.228774622 523.40137303 3.12594597358 4.34484270543 5.57119351159 4785.21854122 68.437360419 34.2681526185 30.9206435594 27.3995317873 24.5714827272 5.0011980822 1.52644273979 2.05471221386
-9999.0 -9999.0 -9999.0 -9999.0 -9999.0 -9999.0 -9999.0 -9999.0 -9999.0 -9999.0 -9999.0 -9999.0 -9999.0 -9999.0 14.1999023755 43.5316400672 155.636692744 231.304914328 13.1949596481 304.306691114 352.744855439 5.78345996282 10.9976240804 19.4207984688 353.749562002 362.195476261 4.07251951481 20.8540860855 24.4267115249 26.6768046102 428.572092763 431.334564219 434.600096629 1.87504413235 10.7662029598 12.7368046977 5.67838082107 8.05539332962 494.235088065 503.621524281 505.624094516 507.564827485 526.191871897 1.36911409371 1.22375847258 8.0765799735 4788.37984489 3.93903144805 0.243412487926 0.7186362318 0.275633119236 20.5750121616 20.1593861243 12.333042852 7.8482478729
-9999.0 -9999.0 -9999.0 -9999.0 -9999.0 -9999.0 -9999.0 -9999.0 -9999.0 -9999.0 -9999.0 -9999.0 -9999.0 -9999.0 -9999.0 -9999.0 30.6126676426 61.831225441 275.343687311 290.66536879 366.396738936 379.592758907 5.58949310383 11.1686166913 28.175993848 373.669884402 383.427990235 387.188698176 3.19097193803 398.241878207 400.90240554 1.9018215288 1.89689330984 3.70265090398 7.24854372679 1.72726491712 3.4813230378 8.02032285438 9.97565185673 1.83126966688 1.35359416253 2.73986425348 535.204541871 537.709765462 538.80404829 549.751184154 4791.02678123 3.14639701922 0.144777967425 0.18372205876 0.169800292045 0.176485239885 0.139117219498 0.252518810907 1.84436706152
-9999.0 -9999.0 -9999.0 -9999.0 -9999.0 -9999.0 -9999.0 -9999.0 -9999.0 -9999.0 -9999.0 -9999.0 -9999.0 -9999.0 -9999.0 -9999.0 16.1032659718 15.8472352094 15.6295004719 30.6496731761 13.7137079608 406.812963372 418.839733055 6.2961351538 11.3049654889 5.10528457993 4.39947548222 4.30757205667 393.089295584 0.713847803311 1.48735766169 1.27850195558 1.97003435355 1.82415129341 1.48374438676 1.53024669632 4.58410418095 6.22908280594 1.26557885878 1.15850348951 2.43749555103 3.95369501565 4.80281165182 1.09667227567 540.188147486 550.973007169 4793.12889282 6.69304208636 0.341673341022 0.0961426752803 0.237410239412 0.0700311523258 0.0470954969684 0.305873779663 7.76257315622
-9999.0 -9999.0 -9999.0 -9999.0 -9999.0 -9999.0 -9999.0 -9999.0 -9999.0 -9999.0 -9999.0 -9999.0 -9999.0 -9999.0 -9999.0 -9999.0 -9999.0 -9999.0 15.6254329613 45.2275776778 58.3340899352 71.760686466 431.465545413 443.671163806 455.230795341 465.108128992 469.318502705 477.944798762 478.680222307 479.299134884 480.069257747 1.79607403967 1.67675038352 1.76955159021 6.37069486494 1.66052336494 1.56325419382 1.29886706118 3.76678847406 1.45529632655 1.15470936467 1.08074617931 0.912812412221 1.82195237089 2.61130320866 556.38545241 5358.10617914 3.08561754758 5.68140800111 0.0657420655991 0.315859501012 0.158803551767 0.094731548461 13.8516018254 12.4800740962
-9999.0 -9999.0 -9999.0 -9999.0 -9999.0 -9999.0 -9999.0 -9999.0 -9999.0 -9999.0 -9999.0 -9999.0 -9999.0 -9999.0 -9999.0 -9999.0 -9999.0 -9999.0 -9999.0 13.5760868499 104.329496666 204.687475387 218.497958978 11.8501156822 18.1945791942 23.2440719982 27.3902780812 55.0864383728 56.7744873306 1.72751578641 1.63065759734 483.85014791 487.193009896 488.771740271 7.69736791972 1.29937801548 2.92320553607 4.30349914105 12.5278094847 15.3043160311 17.5328774083 2.05851122661 2.85938925399 0.950357302204 1.86293539182 0.94529862187 5359.9645053 2.61425202464 10.6762557809 2.45323514989 3.2964636508 13.6723345949 14.9813497315 30.1378155809 8.73921353916
-9999.0 -9999.0 -9999.0 -9999.0 -9999.0 -9999.0 -9999.0 -9999.0 -9999.0 -9999.0 -9999.0 -9999.0 -9999.0 -9999.0 -9999.0 -9999.0 -9999.0 -9999.0 14.6881483772 46.3775608774 91.0742177843 119.278775072 304.544859952 317.461578895 10.7043294308 15.6659221403 19.8425101983 23.8698758434 57.6927464939 60.7577688434 97.4349002189 100.336399586 101.90743844 490.451339207 502.634070441 2.97190118281 1.75852497878 1.70127877094 3.25564648701 1.50065936724 20.3865393795 21.4583804282 3.75927195738 4.55434223375 0.797390018116 2071.17616984 2073.10715286 7434.75467463 7449.13166994 2.74054314784 9.32598247394 3.53985243778 2.63514177901 33.5303652139 43.3475697999
-9999.0 -9999.0 -9999.0 -9999.0 -9999.0 -9999.0 -9999.0 -9999.0 -9999.0 -9999.0 -9999.0 -9999.0 -9999.0 -9999.0 -9999.0 -9999.0 -9999.0 -9999.0 -9999.0 16.4575353729 15.9773869315 30.6226462269 72.8293684916 330.614453722 5.54744923159 5.46488215036 9.74828737845 14.0957150435 30.965985296 32.2737106188 1.53426202383 2.05943363416 103.974348246 105.805695777 609.922650997 611.280137139 1.19457209541 1.08692149145 0.899227099607 0.907438523506 0.884585395077 2053.24827054 2059.48805706 2064.90592674 2066.50372285 2070.39621905 1.05327518482 3.90304875375 4.95094290524 7457.31490612 7459.00351278 7461.22751271 7462.05199616 7462.71015031 44.1580157506
-9999.0 -9999.0 -9999.0 -9999.0 -9999.0 -9999.0 -9999.0 -9999.0 -9999.0 -9999.0 -9999.0 -9999.0 -9999.0 -9999.0 -9999.0 -9999.0 -9999.0 -9999.0 -9999.0 -9999.0 14.9897891729 15.5127742893 28.8866248917 387.144029749 399.42757244 5.35111328257 9.64693555496 14.0891921597 15.8678831091 1.42502142705 3.31030694901 719.537845565 721.374031258 722.983839997 736.023467777 1348.73344667 2011.59643678 2014.23742752 2016.59519867 2018.87274718 2027.90180906 2030.71526509 5.2701617711 2.40838189855 1.37098947607 2.5963435599 1.94314689952 3.06694539081 0.95856674606 22.7010535233 28.2950343251 33.3721614274 33.9301281668 7463.38382528 7508.36693815
-9999.0 -9999.0 -9999.0 -9999.0 -9999.0 -9999.0 -9999.0 -9999.0 -9999.0 -9999.0 -9999.0 -9999.0 -9999.0 -9999.0 -9999.0 -9999.0 -9999.0 -9999.0 -9999.0 -9999.0 -9999.0 15.2900932986 29.2723360579 43.2704644963 410.782578801 8.87350261989 540.446125135 545.124251343 546.631776243 548.6437293 711.391662121 713.981806659 2.02824981176 9.85766133847 11.8019352759 1.99736724265 660.193771232 656.573352621 1.17683684078 2.72934398205 7.0778449022 1.5092133954 1.57166128655 1.2306504809 1.03458180601 0.810022217141 0.926783573738 19.5396157167 20.4924877789 21.6373822719 4.11624810426 3.44832240377 36.2443946732 37.3632093015 37.792008325
-9999.0 -9999.0 -9999.0 -9999.0 -9999.0 -9999.0 -9999.0 -9999.0 -9999.0 -9999.0 -9999.0 -9999.0 -9999.0 -9999.0 -9999.0 -9999.0 -9999.0 -9999.0 -9999.0 -9999.0 -9999.0 14.2096480501 13.2640439754 68.4429311341 505.225930657 526.706390588 536.137535095 4.6912376421 157.686107396 159.17742706 160.967772439 2.23764689321 4.46437843624 6.49239529011 155.321044113 156.926498629 158.310166878 654.023916014 419.046795477 1.52584639421 1.49198620919 1.41424383797 1.12784760024 11.9506222786 14.2772470141 16.3250718701 17.4502769371 18.5352600176 125.462580466 126.24749091 126.982392072 128.816424326 138.329280042 138.846121888 177.218328289
-9999.0 -9999.0 -9999.0 -9999.0 -9999.0 -9999.0 -9999.0 -9999.0 -9999.0 -9999.0 -9999.0 -9999.0 -9999.0 -9999.0 -9999.0 -9999.0 -9999.0 -9999.0 -9999.0 -9999.0 -9999.0 -9999.0 27.684130948 41.9618208198 13.8636074611 5.73415819441 143.396711937 148.322028594 151.24520995 33.3007344876 34.2465531879 35.3732712573 37.2991295738 151.69584097 153.810740953 71.9450802429 231.973591864 233.596814729 417.82706229 3.07531699148 1.52502213849 1.11730272761 8.32113882042 9.71489347016 0.860537772759 0.802936064332 121.584450088 123.644091961 124.723341229 0.947409710533 1.35704639275 136.7780165 1.07592726384 4.04333303545 4.48786287708
-9999.0 -9999.0 -9999.0 -9999.0 -9999.0 -9999.0 -9999.0 -9999.0 -9999.0 -9999.0 -9999.0 -9999.0 -9999.0 -9999.0 -9999.0 -9999.0 -9999.0 -9999.0 -9999.0 -9999.0 -9999.0 -9999.0 13.7773233288 27.2940779412 111.437408575 124.75937447 132.819525386 28.502470165 32.373196572 1.05342034758 110.40074995 111.324080367 112.28653637 1.49597433871 67.9606078929 70.1368525534 1.67528505503 409.856518949 3.39976197199 1.6918794353 4.53170602904 6.06140148549 1.16774425127 0.957164321283 111.182565673 119.651618446 120.904360834 1.19717309523 2.61450321899 3.28521165378 3.83927340006 7.39971014775 1.45867284845 3.32020239993 0.67454685488
