data/baseflow/mHMbf_acc518.asc
ncols                  80
nrows                 72
xllcorner      4374000.0
yllcorner      5656000.0
cellsize            500
NODATA_value       -9999
[rows 25 to 49 of 72, columns 0 to 54 of 80]
-9999.0 -9999.0 -9999.0 -9999.0 -9999.0 -9999.0 -9999.0 -9999.0 -9999.0 -9999.0 -9999.0 -9999.0 26.0232832094 51.7135645598 23.8829421725 47.6342300464 20.6005527129 160.773792861 199.955879649 219.843558339 17.972994137 35.3167564643 345.887346321 428.443384582 444.29068519 30.4868627373 34.8480542254 52.5297835597 10.7351357575 9.85482275875 18.3631251977 7.2857558291 521.588814693 529.627293423 535.734068332 4195.3285892 8029.61850624 7979.58075598 10.3994836327 5.1652726941 4.58668814939 19.4404946132 15.1931245216 36.3448022822 50.0572312513 99.6841912349 8.77008303217 8.70180488821 79.8226120406 87.9264594875 166.838125306 170.948333042 183.291948602 186.946665491 3.38867427781
-9999.0 -9999.0 -9999.0 -9999.0 -9999.0 -9999.0 -9999.0 -9999.0 -9999.0 -9999.0 -9999.0 -9999.0 -9999.0 24.8294283574 49.4960224227 74.3196324567 117.593708242 22.536454969 20.277719334 138.284522809 156.674174659 312.040749548 330.642305718 51.7207723195 16.6509232413 14.9702597196 15.4042229326 467.84769346 478.197625954 489.131156259 498.272526169 513.995759836 90.9763623317 96.2494476603 640.202017517 12868.3460443 39.4515702631 30.7437568666 15.3401948264 4.05905925397 3.68189989344 28.2445755557 30.9907226937 43.5715683623 3.71353568743 104.570874669 15.1765309644 14.9461486716 3.34496928973 2.11208043467 1.71142633648 1.43636717663 1.66618245891 188.617669048 2450.48709002
-9999.0 -9999.0 -9999.0 -9999.0 -9999.0 -9999.0 -9999.0 -9999.0 -9999.0 -9999.0 -9999.0 -9999.0 -9999.0 -9999.0 23.7603302544 43.5846574155 60.6908566529 77.7212112939 97.9136345432 118.705402483 60.495141875 100.920118905 18.4401216415 17.4954280837 391.658753538 425.250988909 440.345088724 456.17055133 11.6452059575 21.4838277496 57.0711658638 72.0401683962 82.892977413 6.74698677564 3.98826335523 12884.9836499 7.87124345965 10.51996732 6.60256481456 18.3556049588 8.02311778509 4.91205813499 77.8714639515 80.2077151317 1.84403096499 106.571026509 125.313215114 20.5229728881 2532.53012089 2527.00271897 2522.91680366 2515.81860053 2513.2665108 2464.70748633 2461.9518623
-9999.0 -9999.0 -9999.0 -9999.0 -9999.0 -9999.0 -9999.0 -9999.0 -9999.0 -9999.0 -9999.0 -9999.0 -9999.0 -9999.0 4.86823924841 10.9777131894 17.699195456 162.449897858 183.514897308 21.3975187599 20.4941083308 20.4356549943 319.243800513 357.904746838 18.4763648814 18.5793825278 14.8028958464 61.4233030322 76.2029062274 36.3502118162 47.4403724886 362.523506648 373.7777176 389.263122771 616.684848456 13505.4557845 8.04381477994 4.90726809777 29.1275452811 23.950984408 2.52789877388 10.2457654248 12.8496195688 82.9828500014 85.1151993719 215.077857886 126.287445261 23.060079401 2585.79247847 18.5493715472 2519.50675668 2517.78176928 46.0088843308 1.34911806597 8.61221956928
-9999.0 -9999.0 -9999.0 -9999.0 -9999.0 -9999.0 -9999.0 -9999.0 -9999.0 -9999.0 -9999.0 -9999.0 -9999.0 -9999.0 23.7146459149 39.2941300169 81.9232505065 142.75795115 199.133374511 241.023638979 261.277917915 281.839761555 301.463843879 18.9523271335 16.7625907112 33.0319438768 30.6095504969 16.1242352671 314.992067589 329.375980791 342.37985338 354.711625313 202.313714683 213.746135354 222.97241766 13508.8006259 13.3862787802 17.5880825328 50.6711311876 5.41612920426 5.18372677806 2.70198276003 2.40054192634 15.1530473519 1.679528374 1.80006707469 2810.65696577 2594.42008761 2592.73349255 7.81079459264 15.6077134087 10.0739057171 2.24886798803 42.7654566487 11.3879410796
-9999.0 -9999.0 -9999.0 -9999.0 -9999.0 -9999.0 -9999.0 -9999.0 -9999.0 -9999.0 -9999.0 -9999.0 -9999.0 -9999.0 16.5622069662 15.6704670496 30.8550278444 46.4892900524 22.6001837169 24.7530427339 46.4172306062 67.6092484045 107.28413466 126.759456525 143.189718039 193.259484343 208.240054187 225.059624418 15.2208640339 154.180838681 166.949866141 179.878472 11.6146767034 8.37798247378 13.9985548078 13751.7762645 13754.9388607 13775.9632026 65.1347063843 10.7577921337 11.8822474041 3.31431646387 4.17791798032 17.0003363334 20.1902586969 3.20659956536 2818.44076779 2.4448356043 4.10937510267 4.68493314688 3.13195135283 6.10296474518 2.39525852121 29.0378476056 23.0987679728
-9999.0 -9999.0 -9999.0 -9999.0 -9999.0 -9999.0 -9999.0 -9999.0 -9999.0 -9999.0 -9999.0 -9999.0 -9999.0 -9999.0 -9999.0 14.9338244856 29.3211435556 14.3614425898 30.7131726625 185.399094553 204.242734376 224.425200629 19.735376881 19.6501306164 36.1895264721 53.3400734093 82.8166641814 98.3295487027 109.566019313 124.744638877 11.7572240112 11.6780764512 207.352180977 215.916549631 220.854873506 225.398342972 179.299357008 13972.7353376 14064.0153645 14067.4498339 14082.2262828 14097.980397 14103.0258136 1.44629425181 21.6146671422 2819.61082246 3.02527440553 1.55876283515 1.74593818358 1.79572672043 3.11937659151 3.14553104798 1.87013497604 3.16598502684 3.0029229269
-9999.0 -9999.0 -9999.0 -9999.0 -9999.0 -9999.0 -9999.0 -9999.0 -9999.0 -9999.0 -9999.0 -9999.0 -9999.0 -9999.0 -9999.0 -9999.0 43.4932898758 58.164584442 102.808944845 137.281769449 18.6586684841 265.64179407 284.808514458 302.631082569 17.1158169013 33.6493657007 14.4305969265 112.11433505 121.793423324 137.62315358 155.06475243 189.847735099 197.040915609 4.5040166953 162.283652476 171.203075785 175.189668143 193.410693292 22.9389603706 14.3088520333 8.79244840854 7.39279436521 14110.9255873 14112.9984432 14147.4449579 2820.58842309 8.79425995573 4.76992310737 3.10952403594 1.05837776098 9.87842054671 5.38158927914 1.64683191875 9.49045060223 8.14883635054
-9999.0 -9999.0 -9999.0 -9999.0 -9999.0 -9999.0 -9999.0 -9999.0 -9999.0 -9999.0 -9999.0 -9999.0 -9999.0 -9999.0 -9999.0 -9999.0 15.0242288485 73.0117076745 88.8258320072 19.442034809 21.290105182 43.3742943926 63.2630053579 384.290079995 17.1560523904 68.6812268186 83.7597793903 98.5058868228 11.1893150782 25.4476590329 33.5397627463 128.398782817 144.813364824 148.924931583 4.57829271569 4.62979035918 5.60975827253 9.99432759855 4.69501711471 5.03030316548 6.961109142 5.28227599443 5.74195091813 12.1072713364 14149.2343008 16974.4514556 12.0357409618 4.45714438649 1.2419992469 31.7862819162 29.4294857922 17.8199642645 16.061802158 12.0712251801 3.09087697672
-9999.0 -9999.0 -9999.0 -9999.0 -9999.0 -9999.0 -9999.0 -9999.0 -9999.0 -9999.0 -9999.0 -9999.0 -9999.0 -9999.0 -9999.0 12.809415749 41.2697620951 13.4500097168 21.8905524962 23.5207225868 45.1425725438 66.6098587251 83.897680712 481.608067868 497.851944892 16.7446116621 31.6508324438 46.7207758726 58.0465264341 70.4873367942 115.372126928 123.411807955 10.9910392529 6.94658752957 5.55759866266 2.85729840121 6.78856928243 6.57134002593 8.42975835071 9.5147461145 21.7599751073 8.21919492127 2.08523629462 1.99923666912 1.91698257108 3.53483796051 17093.6997849 105.357970611 39.2704918024 3.421847579 1.58718185426 1.07173697103 3.90502253068 2.72715053245 1.42581947422
-9999.0 -9999.0 -9999.0 -9999.0 -9999.0 -9999.0 -9999.0 -9999.0 -9999.0 -9999.0 -9999.0 -9999.0 -9999.0 -9999.0 13.5387095999 26.0380846725 92.8870803393 12.4422482713 39.1865941327 62.0870974121 83.099216877 21.7521581997 40.232809006 55.966993888 566.159737854 15.7929743603 29.7333584528 44.0361392959 13.2968939373 26.474540777 37.31283884 45.1651845332 1028.71583423 1042.39141977 1058.20308423 1112.35768508 1126.26894171 1158.23744041 17.9021214645 37.8151081706 29.9983708598 1270.79384809 1274.55876004 1.80070341069 3.112553253 4.35747657958 17094.3115228 97.669131059 53.8470005942 51.7730175613 35.1640625888 28.0338593648 5.15632733769 1.21951064615 2.36684794543
-9999.0 -9999.0 -9999.0 -9999.0 -9999.0 -9999.0 -9999.0 -9999.0 -9999.0 -9999.0 -9999.0 -9999.0 -9999.0 -9999.0 13.8226950093 41.8480365938 148.465809553 218.643520581 10.8876890545 284.256462872 380.653319152 20.1188204912 38.3165890185 54.7800119375 719.529595916 731.593835505 11.4743944123 67.2571541246 78.0439011495 89.1908081595 937.290966253 963.556089007 975.950699951 6.15007930104 35.9454901174 44.1095258625 14.2658236761 20.0655262605 1185.48248171 1231.23395944 1235.2413139 1238.91106293 1278.21461373 1.79595076958 1.54920683964 7.09866577778 17095.3159138 2.45008124328 5.02494773813 14.9320063115 5.64332908693 25.5340589515 17.9497687801 10.7494749366 7.67381875628
-9999.0 -9999.0 -9999.0 -9999.0 -9999.0 -9999.0 -9999.0 -9999.0 -9999.0 -9999.0 -9999.0 -9999.0 -9999.0 -9999.0 -9999.0 -9999.0 29.0208682818 58.0406262629 257.961361839 272.139361479 392.946823063 406.380543711 19.4859988301 38.9648516876 87.7186806746 742.283204527 765.967577381 775.219163157 7.12558246444 809.922240318 837.574164142 16.4897577635 5.76700572852 10.8705755104 20.9554844347 5.00150074578 9.56182999553 19.6151478138 24.0944844851 4.6425486156 2.87036781499 5.49790392651 1302.22188195 1313.0517511 1314.28537657 1325.37887151 17096.0577172 1.69250593058 3.37991410196 4.08179887961 3.86420781267 3.98445404999 3.28504239232 6.07796325008 1.04718186092
-9999.0 -9999.0 -9999.0 -9999.0 -9999.0 -9999.0 -9999.0 -9999.0 -9999.0 -9999.0 -9999.0 -9999.0 -9999.0 -9999.0 -9999.0 -9999.0 15.0649871862 14.6439453998 14.2573564559 28.0515827869 12.0664663939 430.488462641 442.569001939 16.8140045974 33.676534085 15.2318082723 11.6242735362 11.1410357087 795.361946202 9.5833432568 19.4602878641 8.20640591131 5.88861070354 5.10939684401 3.69847291793 3.8856536655 11.7884192548 16.2421410577 2.94902248533 2.53897278806 5.57607413007 9.49617597876 13.3107886118 5.90687480021 1316.85876874 1326.65813419 17096.3692976 11.4537200408 7.92743314928 2.3663906412 5.71812410315 1.90033378896 1.41456591757 7.63023725608 5.43781891806
-9999.0 -9999.0 -9999.0 -9999.0 -9999.0 -9999.0 -9999.0 -9999.0 -9999.0 -9999.0 -9999.0 -9999.0 -9999.0 -9999.0 -9999.0 -9999.0 -9999.0 -9999.0 14.4779891802 41.0089583964 52.0653042943 63.8020825232 454.176795265 466.168514027 477.797603083 490.755427573 501.473439464 523.783461132 532.544864765 541.699314867 548.343116229 5.19284142012 4.69108212739 4.96432449671 16.6991454345 4.44249890439 4.10234496456 3.06875522865 8.80794677898 3.55206824073 2.62616003694 2.40547121277 1.986060802 3.96239194811 5.74108636986 1338.30894529 18446.4485886 1.72918851469 3.06949986698 1.91476275753 7.79423707227 4.23658737738 2.84344919158 17.5314575956 9.17756348205
-9999.0 -9999.0 -9999.0 -9999.0 -9999.0 -9999.0 -9999.0 -9999.0 -9999.0 -9999.0 -9999.0 -9999.0 -9999.0 -9999.0 -9999.0 -9999.0 -9999.0 -9999.0 -9999.0 11.5575058703 94.7325162875 184.102150372 196.106998703 17.5796204295 34.3288346016 51.3901866353 64.1859078647 154.347166083 160.161015055 5.53605354894 5.30475804087 562.722983793 573.016518184 577.075214808 19.5291307499 2.41295129738 6.38572031547 9.31177130612 28.2882029908 34.8235381549 39.7764658836 4.47870775261 6.20551552921 2.10887264035 4.21495163638 2.20000733243 18449.4142878 1.32928999454 5.82783515456 3.16371202854 11.7929496666 24.8728946327 28.4783092911 46.862500259 10.2331528396
-9999.0 -9999.0 -9999.0 -9999.0 -9999.0 -9999.0 -9999.0 -9999.0 -9999.0 -9999.0 -9999.0 -9999.0 -9999.0 -9999.0 -9999.0 -9999.0 -9999.0 -9999.0 13.2703112493 42.7245501995 83.3607918118 108.532740597 273.775737713 288.548547885 35.7505889049 53.0539353998 67.2486480748 80.0110146335 167.582223715 179.425226558 324.309200341 336.379212361 345.394059237 580.970316409 609.600486575 6.12687155285 4.31878393236 4.02159345529 7.56116129616 3.3609994624 46.314404797 48.6338628059 8.31253709885 12.2615867024 5.55957625974 3753.25053916 3758.76549578 22209.4091701 22216.2257089 1.66204322582 15.2891125974 4.50610871021 3.63210249513 53.699006201 65.2595892513
-9999.0 -9999.0 -9999.0 -9999.0 -9999.0 -9999.0 -9999.0 -9999.0 -9999.0 -9999.0 -9999.0 -9999.0 -9999.0 -9999.0 -9999.0 -9999.0 -9999.0 -9999.0 -9999.0 15.4357128228 15.0230027732 28.0255397179 66.036200013 300.892112901 18.4210911764 18.1935568382 31.8052005805 46.1089183464 114.15354283 124.57818679 8.26431459039 7.27299258031 351.569112681 355.563133473 970.850445341 976.6741457 1.92240825479 1.65258169756 1.34372557978 1.35791275716 1.6252504891 3700.41809898 3715.38872255 3730.5407325 3739.57348933 3749.37439216 2.64206585164 9.66942136715 11.325722484 22230.3040319 22230.2508693 22230.0997921 22231.5574253 22233.8295776 70.3023278501
-9999.0 -9999.0 -9999.0 -9999.0 -9999.0 -9999.0 -9999.0 -9999.0 -9999.0 -9999.0 -9999.0 -9999.0 -9999.0 -9999.0 -9999.0 -9999.0 -9999.0 -9999.0 -9999.0 -9999.0 13.4790266363 14.2653203932 26.1899320911 351.838223361 364.316734122 17.8174875351 31.3503799901 45.992374173 58.7758378861 11.7226289791 20.5190518676 827.968358987 832.221643341 839.273834565 880.970353344 1862.88494709 3609.7646043 3614.6854469 3619.00680649 3623.11625095 3643.02818928 3649.64613173 12.9827775635 5.68920138337 3.56537145628 6.63481480609 4.84908619795 7.71527493989 2.35924205704 55.9614254156 63.7613710916 69.5236638831 70.2162559402 22233.6534707 22306.5551385
-9999.0 -9999.0 -9999.0 -9999.0 -9999.0 -9999.0 -9999.0 -9999.0 -9999.0 -9999.0 -9999.0 -9999.0 -9999.0 -9999.0 -9999.0 -9999.0 -9999.0 -9999.0 -9999.0 -9999.0 -9999.0 13.7586818543 26.2527522183 38.8564615244 374.695872474 12.643285997 509.883536506 524.966252731 537.091337497 547.063957237 788.850306677 799.23724365 4.72717513632 29.1163854326 36.1701457535 4.85694818396 1742.13993156 1733.61624406 2.35961251134 5.62548526408 16.112460714 3.73892471343 4.17162956264 2.93279974764 2.51697115292 1.9016981436 2.31927365912 48.4973132711 50.9560999355 54.0068442867 6.39894582635 4.6953619717 72.3553778329 73.3713022307 73.8855538639
-9999.0 -9999.0 -9999.0 -9999.0 -9999.0 -9999.0 -9999.0 -9999.0 -9999.0 -9999.0 -9999.0 -9999.0 -9999.0 -9999.0 -9999.0 -9999.0 -9999.0 -9999.0 -9999.0 -9999.0 -9999.0 12.312210817 11.4678073774 59.8385395667 458.794175138 483.67135965 496.351582403 13.6623698425 210.447094964 222.456828176 228.404567484 9.09683614348 14.7614970933 19.4507106595 394.965786067 398.522796913 401.442028148 1728.50874009 1068.56079942 3.12741012218 3.57883822372 3.40714435345 2.68259204585 29.4015714131 35.2335510306 40.2730988408 43.181296776 45.9623118381 418.113958208 420.183623901 424.615515392 433.18038946 463.326590927 464.050043697 538.649184545
-9999.0 -9999.0 -9999.0 -9999.0 -9999.0 -9999.0 -9999.0 -9999.0 -9999.0 -9999.0 -9999.0 -9999.0 -9999.0 -9999.0 -9999.0 -9999.0 -9999.0 -9999.0 -9999.0 -9999.0 -9999.0 -9999.0 24.0329124649 36.9014312376 13.0282270891 18.3834575935 162.166710312 176.488973935 186.176327201 79.5923241613 89.3526154346 99.0007823811 104.548226907 386.74358756 392.099519544 248.088516016 653.508432504 657.150006815 1066.12309333 7.34587871011 3.83475735877 2.54137034555 20.5147187336 24.134421286 2.12233885168 1.96507671714 408.72610047 413.837090678 416.326672882 3.17552891219 5.59899469353 457.932324443 2.01414755793 6.26358119037 6.8352093627
-9999.0 -9999.0 -9999.0 -9999.0 -9999.0 -9999.0 -9999.0 -9999.0 -9999.0 -9999.0 -9999.0 -9999.0 -9999.0 -9999.0 -9999.0 -9999.0 -9999.0 -9999.0 -9999.0 -9999.0 -9999.0 -9999.0 12.0742130172 23.8463911335 100.691228956 114.381158142 128.712602093 59.2976620364 69.7741082893 10.2875636282 260.26255195 269.214452563 277.081840129 6.04196330376 238.279542018 243.888295702 3.89438460189 1046.99141085 8.35478532317 4.16228695898 11.3220361662 15.1712182622 2.88116323966 2.28084479441 381.82083182 404.184390364 407.235073034 3.22502685731 7.02247451685 8.72985205107 11.1945556442 21.4375351286 2.29551082767 5.216959904 0.944407680448
-9999.0 -9999.0 -9999.0 -9999.0 -9999.0 -9999.0 -9999.0 -9999.0 -9999.0 -9999.0 -9999.0 -9999.0 -9999.0 -9999.0 -9999.0 -9999.0 -9999.0 -9999.0 -9999.0 -9999.0 -9999.0 -9999.0 11.8484669338 37.3508514992 65.2057645852 15.5181291402 31.985909154 46.8462385404 219.754559538 231.578323836 241.223343045 8.77313955202 195.215712768 221.206166576 227.929658415 5.13187482695 1029.55589054 1039.5646673 4.68957127529 4.20270982591 8.47055021365 3.37409227881 365.590191985 371.549277157 375.374350772 14.4618978931 17.9081692199 2.93531321488 5.17811059081 2.26494212798 16.2354804846 2.33377054509 1.41570921039 1.46226283108 1.51687563739
-9999.0 -9999.0 -9999.0 -9999.0 -9999.0 -9999.0 -9999.0 -9999.0 -9999.0 -9999.0 -9999.0 -9999.0 -9999.0 -9999.0 -9999.0 -9999.0 -9999.0 -9999.0 -9999.0 -9999.0 -9999.0 -9999.0 -9999.0 12.9523743559 14.520038029 17.5453882866 153.893706052 167.736113592 208.025561583 11.579981837 156.841436579 178.797055123 9.10044445447 18.5721126706 6.67470180034 1013.42997764 6.79039407473 16.3541291361 19.8167959618 23.6096466273 341.888315036 355.675380935 359.761135805 4.15577451939 7.7455071707 10.9305194738 1.90016472644 1.71267830475 997.20217191 998.905037925 1000.25645532 1015.8211805 1017.56744283 1019.61403393 1020.73444905
