data/baseflow/mHMbf_acc414.asc
ncols                  80
nrows                 72
xllcorner      4374000.0
yllcorner      5656000.0
cellsize            500
NODATA_value       -9999
[rows 0 to 24 of 72, columns 0 to 54 of 80]
-9999.0 -9999.0 -9999.0 -9999.0 -9999.0 -9999.0 -9999.0 -9999.0 -9999.0 -9999.0 -9999.0 -9999.0 15.7353731602 17.3215408323 -9999.0 -9999.0 -9999.0 -9999.0 -9999.0 -9999.0 -9999.0 -9999.0 -9999.0 -9999.0 -9999.0 -9999.0 -9999.0 -9999.0 -9999.0 -9999.0 -9999.0 -9999.0 -9999.0 -9999.0 -9999.0 -9999.0 -9999.0 -9999.0 -9999.0 -9999.0 -9999.0 -9999.0 -9999.0 -9999.0 -9999.0 -9999.0 -9999.0 -9999.0 -9999.0 -9999.0 -9999.0 -9999.0 -9999.0 -9999.0 -9999.0
-9999.0 -9999.0 -9999.0 -9999.0 -9999.0 -9999.0 -9999.0 -9999.0 -9999.0 -9999.0 -9999.0 -9999.0 29.701074417 76.3281099337 14.5637708841 -9999.0 14.1946904633 -9999.0 -9999.0 -9999.0 -9999.0 -9999.0 -9999.0 -9999.0 -9999.0 -9999.0 -9999.0 -9999.0 -9999.0 -9999.0 -9999.0 -9999.0 -9999.0 -9999.0 -9999.0 -9999.0 -9999.0 -9999.0 -9999.0 -9999.0 -9999.0 -9999.0 -9999.0 -9999.0 -9999.0 -9999.0 -9999.0 -9999.0 -9999.0 -9999.0 -9999.0 -9999.0 -9999.0 -9999.0 -9999.0
-9999.0 -9999.0 -9999.0 -9999.0 -9999.0 -9999.0 -9999.0 -9999.0 -9999.0 -9999.0 12.906394886 12.4612867355 13.2921154859 13.1944841622 100.956736424 114.465427466 39.95878151 12.9277146674 -9999.0 -9999.0 -9999.0 -9999.0 -9999.0 -9999.0 -9999.0 -9999.0 -9999.0 -9999.0 -9999.0 -9999.0 -9999.0 -9999.0 -9999.0 -9999.0 -9999.0 -9999.0 -9999.0 -9999.0 -9999.0 -9999.0 -9999.0 -9999.0 -9999.0 -9999.0 -9999.0 -9999.0 -9999.0 -9999.0 -9999.0 -9999.0 -9999.0 -9999.0 -9999.0 -9999.0 -9999.0
-9999.0 -9999.0 -9999.0 -9999.0 -9999.0 -9999.0 -9999.0 -9999.0 -9999.0 12.3425180691 25.4752726618 50.5758796593 25.6437217931 12.4619225217 24.4374149262 126.233695839 193.519848485 13.6165748767 -9999.0 12.8643087666 -9999.0 -9999.0 -9999.0 -9999.0 27.4609227453 14.1329556809 -9999.0 -9999.0 -9999.0 -9999.0 -9999.0 -9999.0 -9999.0 -9999.0 -9999.0 -9999.0 -9999.0 -9999.0 -9999.0 -9999.0 -9999.0 -9999.0 -9999.0 -9999.0 -9999.0 -9999.0 -9999.0 -9999.0 -9999.0 -9999.0 -9999.0 -9999.0 -9999.0 -9999.0 -9999.0
-9999.0 -9999.0 -9999.0 -9999.0 -9999.0 -9999.0 -9999.0 -9999.0 14.2830599937 39.8759612087 52.0301176721 64.3957754933 88.2346746899 11.6122320238 46.8863571459 58.0972037009 276.489248987 11.8215008264 10.9142415989 24.2039703417 35.3056599378 11.561892489 -9999.0 68.7651096766 56.3132181308 14.761715988 -9999.0 -9999.0 -9999.0 -9999.0 -9999.0 -9999.0 -9999.0 -9999.0 -9999.0 -9999.0 -9999.0 -9999.0 -9999.0 -9999.0 -9999.0 -9999.0 -9999.0 -9999.0 -9999.0 -9999.0 -9999.0 -9999.0 -9999.0 -9999.0 -9999.0 -9999.0 -9999.0 -9999.0 -9999.0
-9999.0 -9999.0 -9999.0 -9999.0 -9999.0 -9999.0 14.0994344548 12.8255913237 12.3447100799 12.5942381025 12.964282425 90.6992550454 191.48350027 203.785344425 213.009331665 8.28322591085 296.465776953 307.382450563 22.2619521175 11.2540696915 46.2149391771 80.2049388526 12.5261274569 106.967271953 12.4664304462 12.9757660065 12.9477286695 -9999.0 -9999.0 -9999.0 -9999.0 -9999.0 -9999.0 -9999.0 -9999.0 -9999.0 -9999.0 -9999.0 -9999.0 -9999.0 -9999.0 -9999.0 -9999.0 -9999.0 -9999.0 -9999.0 -9999.0 -9999.0 -9999.0 -9999.0 -9999.0 -9999.0 -9999.0 -9999.0 -9999.0
-9999.0 -9999.0 -9999.0 -9999.0 -9999.0 -9999.0 28.3227595686 41.7954027533 94.4747283025 131.282240113 11.6203530654 12.0815316082 11.5923192266 33.7419336619 257.028473475 8.99219595015 317.695948658 358.765629746 32.5415095251 21.1933214141 90.4479524056 11.0791008894 118.015577586 22.8345436504 11.5833415128 24.1877097518 25.7329683923 12.7547283583 13.0231442099 12.7162316792 13.5853388048 27.1706046879 -9999.0 -9999.0 -9999.0 -9999.0 -9999.0 -9999.0 -9999.0 -9999.0 -9999.0 -9999.0 -9999.0 -9999.0 -9999.0 -9999.0 -9999.0 -9999.0 -9999.0 -9999.0 -9999.0 -9999.0 -9999.0 -9999.0 -9999.0
-9999.0 -9999.0 -9999.0 -9999.0 -9999.0 15.284886956 29.7163814616 14.2484116901 27.8265020221 145.089995736 169.962734598 194.657735401 637.52808576 11.1197497228 268.190825787 995.665737499 1003.29234681 1375.79364977 8.67974363658 31.1985085759 100.737728293 10.1840707126 247.298286936 118.511034223 73.7711563089 62.0014215617 12.6327300729 38.014173338 38.0897099416 25.3569495738 12.4737517951 39.9747864352 12.4762728514 12.2983545797 -9999.0 -9999.0 -9999.0 -9999.0 -9999.0 -9999.0 -9999.0 -9999.0 -9999.0 -9999.0 -9999.0 -9999.0 -9999.0 -9999.0 -9999.0 -9999.0 -9999.0 -9999.0 -9999.0 -9999.0 -9999.0
-9999.0 -9999.0 -9999.0 -9999.0 -9999.0 15.5896178158 45.4774000094 90.1172356902 104.125649057 208.267202284 221.501652506 262.984700813 431.564611442 672.811018306 696.853446627 708.163887127 19.3842740992 1410.87624466 1428.83075023 1480.09470854 1870.00551561 278.896090818 258.460199001 84.7543795106 10.9905467284 72.4820889185 49.4982159615 10.9971213099 49.5794845272 10.9271060084 23.0941354479 63.7282900815 75.7659249156 24.1667635482 11.9536916356 11.7327044793 -9999.0 -9999.0 -9999.0 -9999.0 13.284251629 12.0439440369 -9999.0 -9999.0 -9999.0 -9999.0 -9999.0 -9999.0 -9999.0 -9999.0 -9999.0 -9999.0 -9999.0 -9999.0 -9999.0
-9999.0 -9999.0 -9999.0 -9999.0 -9999.0 15.0409084935 14.5148031551 61.4871536643 75.7848681999 90.5515236468 14.0985517929 27.890563997 159.873964638 28.9828067651 13.2182319995 11.9514511599 10.5893412661 12.0525239945 11.4012360167 11.6655828781 1880.96919216 1911.81947543 10.2419215801 31.9263981564 21.8530086462 83.2246257753 22.2744953556 10.7361593573 61.3478806196 21.2509838074 51.4312974299 132.902590542 123.515326269 35.8310839965 35.2847104935 12.04036182 11.9671905564 -9999.0 -9999.0 11.9995423262 27.1557058144 64.2501971911 12.5979553093 -9999.0 -9999.0 -9999.0 -9999.0 -9999.0 -9999.0 -9999.0 -9999.0 -9999.0 -9999.0 -9999.0 -9999.0
-9999.0 -9999.0 -9999.0 -9999.0 -9999.0 -9999.0 16.0997817562 16.4047625087 30.8529558835 45.7590920081 103.551725838 132.415827553 147.101052419 15.8194170329 11.9727732896 160.280071442 195.997697718 207.108716909 253.917868426 264.537406751 10.550575762 1922.55500099 1973.38295504 40.2621741264 5.13000968736 91.9802641806 206.365593685 82.336841783 20.7004252736 10.3645915312 204.841069463 143.69466286 10.6133229917 10.7616406504 46.4442836855 35.2363655576 11.3624927145 11.1122116214 11.5952934453 23.3825490716 11.1964871184 77.9525674253 88.8974622957 10.4100677755 -9999.0 -9999.0 -9999.0 -9999.0 11.4441004658 10.8964489401 2.85947601253 -9999.0 -9999.0 -9999.0 -9999.0
-9999.0 -9999.0 -9999.0 -9999.0 -9999.0 -9999.0 -9999.0 15.6845066229 13.437789198 28.854258194 43.9598304844 14.5054778789 13.2631171576 83.9287144755 110.050229752 136.76980099 12.4896888837 24.2791124546 12.0345904112 275.61750976 623.987270941 636.339756257 2631.89385405 10.0973827115 15.7740770489 4.87707647317 216.448045856 10.1289816659 31.2550447982 10.206136834 215.16394307 225.487721438 21.3587852059 21.2631567902 115.730832756 57.9459993138 22.8260417892 11.6353678858 23.1269805061 34.7821892732 56.7194087651 10.6781541091 109.064361287 118.285378164 8.4008490623 8.91606566371 9.23570946957 8.47977957261 8.06321437713 31.5892798692 11.818087918 7.5511492633 -9999.0 -9999.0 -9999.0
-9999.0 -9999.0 -9999.0 -9999.0 -9999.0 -9999.0 -9999.0 -9999.0 29.5574026022 42.0952565098 14.4856911408 29.5615413842 43.6309172269 71.5740918257 14.3039201717 13.5947062495 11.7561277177 11.8528644625 10.7804606372 325.769450499 12.3778050118 24.1116201501 2669.42204342 2693.02791308 9.4715995642 34.7242927828 260.411142372 19.7018289963 40.372983408 18.8422908306 28.0749822768 265.628241387 30.8882734348 166.630675652 135.987650433 10.2918156924 55.8224498396 22.4198922523 33.6898967642 10.555905911 67.186656133 87.4117266657 95.5027973845 103.219676958 150.032478584 16.0037242794 16.7353413203 15.4864908662 14.5872617585 39.3152657631 8.09116231061 27.6408237673 34.9072517335 -9999.0 -9999.0
-9999.0 -9999.0 -9999.0 -9999.0 -9999.0 -9999.0 -9999.0 -9999.0 15.6276441815 73.0354868528 87.1445496422 14.0996283929 27.6375789218 13.5052408524 12.5302806688 12.3546657921 155.49890514 207.712161319 258.809835454 312.411489098 13.1536609258 11.9999290755 11.5575340417 2749.56478151 2777.54514432 2787.62932984 350.38099108 79.5431066466 69.5919330105 8.87956093849 36.7420312557 311.394551284 9.04763276081 175.885747512 10.0961069609 71.3042437988 66.7755693268 10.6307784031 44.226166358 21.0215952456 31.2742193367 9.34438536046 7.51293481284 110.849977752 117.895840668 157.0600957 24.185868336 22.6214808666 21.4944488316 47.9189470149 64.2861046011 8.16918490302 42.5398471168 8.13127298214 15.2904294587
-9999.0 -9999.0 -9999.0 -9999.0 -9999.0 -9999.0 -9999.0 -9999.0 -9999.0 16.1303000971 102.104047826 115.983698689 41.2806638976 68.4292287652 93.7674822778 106.630883541 13.263181021 40.3124490279 26.7497744758 13.7034282676 13.3049958615 12.0516613887 23.828376746 40.0389363656 13.9098807965 3163.61775889 3173.79992139 9.11685300938 7.75365422185 17.74464758 26.5075398161 337.884095848 17.7684515996 184.050299151 107.822548898 89.1722722068 9.94466979423 20.3456963336 53.7157261629 9.47931932937 40.5041491913 18.5505720911 12.2830253987 4.54431793842 133.649092511 296.62785692 29.5870678226 28.1260093356 28.1912299643 6.87381167109 71.0453770603 6.58923836055 57.2563182928 7.06007253026 22.3140288009
-9999.0 -9999.0 -9999.0 -9999.0 -9999.0 -9999.0 -9999.0 -9999.0 -9999.0 -9999.0 14.1163573052 144.36789966 13.5442066632 27.1218036716 39.476582432 64.1593211242 12.7574234858 26.7346985282 13.1199516311 12.4092213821 11.8340552337 23.5497108454 10.5727914782 11.1532131777 21.9694501965 12.6774024548 3185.58368024 3205.01154059 3233.10804844 34.9507526781 8.76334744608 17.4847354474 347.033145249 336.055748942 126.922672716 9.39355705231 39.8763242432 30.0560688495 63.2279765876 18.9396761575 77.6707795267 27.7435007406 19.5277221752 2.37113195927 4.78900966761 303.954307962 310.612672537 374.183173156 49.5897422097 14.126391011 78.3142117143 92.0317964825 155.648262677 13.919074178 6.49918245546
-9999.0 -9999.0 -9999.0 -9999.0 -9999.0 -9999.0 -9999.0 -9999.0 -9999.0 -9999.0 -9999.0 6.76107376272 158.510057584 12.9835603383 25.1968834668 114.380332384 13.0627816013 12.9125482542 11.5889489887 24.3059805457 11.9181090122 47.390156516 68.8002107411 78.7576886112 31.2642127352 39.8640758147 9.98278986502 11.7551656556 11.3737765489 3287.83816565 3313.47299586 354.737370028 351.648156772 343.976570002 16.6331954555 8.10531517396 48.6373836688 129.538337508 72.1505635163 27.7682767767 114.012196382 36.5303271632 28.4287902161 4.59950107653 1.99213751841 2.20162116349 3.00385879318 389.202422708 458.163706708 6.67770353898 6.14218658303 6.68827961134 162.037192796 181.935159812 11.5292060552
-9999.0 -9999.0 -9999.0 -9999.0 -9999.0 -9999.0 -9999.0 -9999.0 -9999.0 -9999.0 -9999.0 6.3301210063 173.978268279 214.836897788 12.3949459126 139.286199387 12.1449544923 11.5944929164 23.0089721123 58.9443329994 11.4067737629 11.9359795907 10.4336526259 99.5948686536 109.418148519 159.83450047 178.703622588 187.628123455 196.659587377 206.421578911 3530.12834451 3900.41311956 4267.4683174 4275.37206725 7.70667952105 8.21841730554 147.133775602 138.387968104 8.78642630893 8.6255607214 122.100286419 167.236720893 6.93376800032 65.2284303656 60.3746176092 10.4095441819 5.73591377993 9.59620939842 6.84615588137 470.269935851 6.10693927438 18.3117759166 23.0503433506 218.203701521 231.67731217
-9999.0 -9999.0 -9999.0 -9999.0 -9999.0 -9999.0 -9999.0 -9999.0 -9999.0 -9999.0 -9999.0 14.737866458 28.3947674034 228.145978606 251.886608476 12.0957759657 164.798775631 10.3950700883 32.0106104069 69.4543624062 22.0779346968 10.6231294217 21.983403436 9.41588853427 18.1414934684 8.84911961895 7.84926443621 5.68498325076 4.68679278076 4.08703429623 3.83549618435 5.90214323843 8.26904620628 10.3005453213 4301.87382144 175.188605652 160.638786387 6.36826932005 25.0251103537 6.0733030649 5.08600740339 175.096313243 263.978092571 73.8444716429 56.0826953367 5.83785726648 2.49304922031 2.24376671801 7.55062450126 484.041679174 495.87328767 6.13806940433 6.18114329706 4.63409786998 2.15218757605
-9999.0 -9999.0 -9999.0 -9999.0 -9999.0 -9999.0 -9999.0 -9999.0 -9999.0 -9999.0 -9999.0 -9999.0 12.5702262119 173.721048474 437.993405536 475.808855066 652.641790709 665.813327872 157.520374515 113.07055347 32.8757233105 10.4811505616 42.639139177 52.7128797078 79.8750872077 18.0833812751 16.5480909128 14.5310829907 27.8427937105 12.5753904371 11.8504927997 5.95505635737 2.46952085881 3.44439142733 4310.04282206 4491.12146838 4499.29425116 6.55938607591 66.0058368666 27.7604738609 8.48308803655 290.175632409 18.5003138945 9.5541044564 38.7038061337 7.22765195963 5.94168039911 11.2428426728 16.3616202673 22.1420414899 506.12130296 4.86770824451 4.27247553876 4.27216433094 3.04621803293
-9999.0 -9999.0 -9999.0 -9999.0 -9999.0 -9999.0 -9999.0 -9999.0 -9999.0 -9999.0 -9999.0 13.7946181566 132.360001194 160.713592528 25.9901232013 7.24207262962 16.5013659787 693.500512661 704.972827826 875.054348759 9.49609412185 19.887059387 8.80704932826 8.92952334628 88.6326803993 115.451779889 140.238194067 8.0366064609 35.9006414271 56.3972329212 33.0395276769 13.645447636 8.32770308249 6.51141578211 6.81459595641 4.0878908584 4505.98805046 4511.6199002 4588.72730643 14.0940828183 7.459589178 298.836959682 19.7535546709 10.12870151 10.9071645835 10.8267836863 9.63887947165 15.8779292405 46.4664848397 74.7481171682 585.786437928 3.75700549964 11.2441022139 7.59497694547 6.02842596647
-9999.0 -9999.0 -9999.0 -9999.0 -9999.0 -9999.0 -9999.0 -9999.0 -9999.0 -9999.0 -9999.0 14.119956282 92.4479448795 14.5594144931 12.6523880649 65.7885726815 76.8795004141 88.2574031264 98.6491595834 1184.17683765 1192.75333705 1210.97249962 1347.97467464 1373.18689628 1386.59167887 1395.63022181 1549.75088592 1567.85093979 1575.93602471 1640.82160714 1682.618123 1690.40590906 1711.449402 13.8066313778 10.8416621487 1.94361038529 2.73324947115 4517.51414998 4614.61403489 20.3390547322 352.416899043 345.18048079 37.2453159813 8.93504789677 9.0284932603 8.71025518761 8.59059567165 17.2582552846 24.4769808608 6.89493785439 590.520507568 595.524136778 618.663380468 622.792295231 632.634071318
-9999.0 -9999.0 -9999.0 -9999.0 -9999.0 -9999.0 -9999.0 -9999.0 -9999.0 -9999.0 -9999.0 47.9470410322 63.3262216674 29.3407544798 43.249299972 13.7056625855 155.607115119 167.805869649 191.726730257 199.928378466 77.3242994285 1302.31773583 1310.11412853 7.02382833212 4.39007523098 3.27393573979 8.19493824283 3.83147322634 2.39353965163 2.2132415185 3.08402512432 1695.81670742 1717.64983108 1739.49937874 1757.34481977 1767.2489783 4.25086094708 1.74993764309 4984.49707427 364.671946983 359.96355637 7.81812192484 7.50622639278 6.8854010842 16.0945431697 15.7981341973 7.14593716812 7.19101669434 6.62343578448 13.414451872 17.8000734591 3.54094632059 6.42157138776 2.33916275401 0.914212824781
-9999.0 -9999.0 -9999.0 -9999.0 -9999.0 -9999.0 -9999.0 -9999.0 -9999.0 -9999.0 -9999.0 -9999.0 32.4939755472 15.1073109471 13.7588282563 131.271379706 144.034485531 12.7170412609 49.5481599168 60.4529406302 69.4675341187 10.0977496477 7.34728708679 192.495024014 198.46822434 203.849460528 536.869426328 540.282176881 544.910828026 579.606334061 593.569380378 595.552152987 1.99419238054 2.11378111969 2.85344537609 1775.18323219 3.05932402055 5046.67852794 5040.79372395 51.8197498601 46.3477689852 29.899151269 7.49426542562 13.7690531202 23.2264354618 22.9363704042 14.0225152291 6.91798836017 13.3988763343 13.2556991313 23.5374961002 3.71704677767 9.82703185619 15.9969749226 17.913021068
-9999.0 -9999.0 -9999.0 -9999.0 -9999.0 -9999.0 -9999.0 -9999.0 -9999.0 -9999.0 -9999.0 -9999.0 16.8007575771 46.2331069164 60.5167790745 104.146125048 12.8501508182 26.0349897625 38.3003970469 146.957033366 155.757764233 160.352456905 168.575376626 178.317290098 288.527977592 316.07889509 328.825444032 3.81779168472 29.5548821004 32.6875723199 586.544905036 598.226564181 603.172347643 608.229199634 613.192339519 2392.39440402 4.89769636651 5062.03207093 5.63033835988 2.12877270236 39.1457054454 35.2893614927 4.41282829966 19.7340312526 29.3568621465 28.8550555186 19.4366917536 31.6751717622 49.9023120563 18.6950254209 47.181440846 3.38011366142 4.86928596075 0.774309976209 0.657218083446
