data/baseflow/mHMbf_acc393.asc
ncols                  80
nrows                 72
xllcorner      4374000.0
yllcorner      5656000.0
cellsize            500
NODATA_value       -9999
[rows 25 to 49 of 72, columns 0 to 54 of 80]
-9999.0 -9999.0 -9999.0 -9999.0 -9999.0 -9999.0 -9999.0 -9999.0 -9999.0 -9999.0 -9999.0 -9999.0 29.2403455903 57.9687851255 26.972209597 54.3310968022 24.1162849397 184.30578733 230.915143305 255.183799358 22.5102823172 42.8654586507 421.259862751 523.190636582 540.853116613 42.7046008853 40.7664977314 57.9417972914 11.6830579606 10.7463053762 20.7409286913 9.93827684859 660.966042008 670.906303557 682.696653451 4780.3959507 9269.10828269 9184.76686249 19.9962248702 8.86686914076 8.08769583549 27.0316603923 19.5831741342 53.4364498503 75.7202962638 153.316407683 13.7337946431 13.6204716905 127.028889319 139.230943531 273.768612993 284.085481115 303.608787638 314.518053063 9.95510626266
-9999.0 -9999.0 -9999.0 -9999.0 -9999.0 -9999.0 -9999.0 -9999.0 -9999.0 -9999.0 -9999.0 -9999.0 -9999.0 27.5810672832 55.4981990608 83.6870212213 134.373963007 26.1431645038 24.0549483253 170.011346888 192.497241513 381.551155588 405.151948716 65.3273524333 22.7843642642 21.1982488776 19.8840415649 593.574725113 607.527903296 620.068537756 630.967149248 651.482507109 117.806610428 130.29654491 825.389055179 14879.9837042 70.9172980647 61.7250911785 30.30080068 8.04667132696 7.19136008383 43.6718039529 50.6114119174 68.1772568094 7.05975634304 160.917729582 22.791330471 22.1594541178 6.32053247213 5.48821306558 5.34989863538 5.78826549954 5.56391138761 320.685741773 4243.91528613
-9999.0 -9999.0 -9999.0 -9999.0 -9999.0 -9999.0 -9999.0 -9999.0 -9999.0 -9999.0 -9999.0 -9999.0 -9999.0 -9999.0 26.9255541064 51.7334342447 74.4222076651 97.8873456959 122.069548451 147.000828275 73.2383097337 122.561007435 23.141051452 22.2995737535 489.697794071 533.156094489 553.349719936 575.766779625 17.5542249141 31.640301964 82.1058109145 95.8737440235 107.540151421 13.7732137018 14.1402420246 14911.9812084 9.89458502757 19.0251512642 8.99035951775 28.8881445065 13.8896453067 8.29553621893 127.771896399 136.317685414 6.53258715995 168.246114413 197.02890092 27.9887962259 4483.06931547 4471.08981744 4459.16773205 4433.45560862 4422.32993954 4264.049375 4258.6132235
-9999.0 -9999.0 -9999.0 -9999.0 -9999.0 -9999.0 -9999.0 -9999.0 -9999.0 -9999.0 -9999.0 -9999.0 -9999.0 -9999.0 5.55093233196 12.8416048427 22.6447381489 202.13260086 227.226323059 25.4882770663 24.6716435418 24.6592434525 398.184389879 446.310317165 23.5433723941 23.969894266 19.3130592491 79.3343989581 98.975606462 52.5455207061 66.172411661 457.911785718 472.146901642 501.789167327 804.583404589 15722.8891816 9.86262112761 8.00811564758 42.0506602755 35.2622058962 7.34528064879 23.5394496021 31.1884989884 145.104546722 153.133823786 368.392326828 201.758889903 30.7283259709 4614.14235472 70.9064190516 4447.73119503 4440.90875176 147.620978264 7.438323052 10.2753099021
-9999.0 -9999.0 -9999.0 -9999.0 -9999.0 -9999.0 -9999.0 -9999.0 -9999.0 -9999.0 -9999.0 -9999.0 -9999.0 -9999.0 29.2813759232 47.4704748624 100.269582679 176.486608055 248.628604999 301.365079369 326.141829836 351.284483661 376.029330959 23.4988394824 21.5201005901 42.1124432309 40.0263681444 20.5557194996 396.832109808 415.741586664 433.624500839 450.912718573 255.734746968 269.30291895 286.808137247 15728.3944843 16.8973696736 21.1240872586 66.9448794164 5.29877092499 15.5797679658 8.25909946802 7.0430829668 38.5826306323 6.60182012457 7.06648755801 5020.12912988 4645.90471379 4638.45973803 26.0099493479 64.9970032334 41.9233789729 10.0964725652 132.236183557 38.4981609018
-9999.0 -9999.0 -9999.0 -9999.0 -9999.0 -9999.0 -9999.0 -9999.0 -9999.0 -9999.0 -9999.0 -9999.0 -9999.0 -9999.0 20.6660563316 19.0538952441 37.1576534752 57.0614727098 27.0494393571 28.5453139531 54.2533737355 79.4073003686 127.449530262 151.429670124 173.174715869 237.780113495 258.262850484 280.2748941 19.8090577426 197.451490843 214.505349778 230.255081841 12.5614611562 6.25004990388 10.7658996247 16011.9317981 16017.150949 16044.9309598 81.3603275853 10.551131145 23.4216011434 6.92435874638 12.7589173825 44.6742424409 56.8521330198 13.0147281861 5052.47762981 10.5988763826 14.2992011191 15.3710502166 13.0047134455 23.2173577249 10.1517067688 84.2912111574 65.0531321963
-9999.0 -9999.0 -9999.0 -9999.0 -9999.0 -9999.0 -9999.0 -9999.0 -9999.0 -9999.0 -9999.0 -9999.0 -9999.0 -9999.0 -9999.0 17.9814641125 35.7467759568 17.891967954 37.0991821893 233.692661286 257.112481921 281.171362498 24.0341694665 24.1177764091 45.8471069874 68.0330356358 107.748952083 128.320770289 139.783793798 158.658922511 15.2520566641 13.692279224 249.493260197 256.125785378 261.427856013 267.074430181 223.195313526 16292.044319 16410.2504711 16414.453402 16441.1508762 16464.8835883 16485.3250958 6.64502719214 62.6369287493 5059.37488512 17.048584386 8.72719888048 9.11168337179 8.09146517574 14.0635748556 12.9760422937 7.462377817 10.0566034178 9.37247303227
-9999.0 -9999.0 -9999.0 -9999.0 -9999.0 -9999.0 -9999.0 -9999.0 -9999.0 -9999.0 -9999.0 -9999.0 -9999.0 -9999.0 -9999.0 -9999.0 53.2099483905 72.7783244442 130.391606565 175.630738857 24.8397108222 333.563539244 357.487646832 380.192827027 22.6565871472 44.2263760998 19.7019277617 148.548100239 159.007248309 176.35707698 193.758043826 233.780327751 240.259599992 4.13185729594 200.857235055 212.175306357 217.864107874 241.554739751 31.5442032578 20.4773650513 13.0215770068 12.1172589186 16503.8746553 16514.0518655 16619.2219816 5066.49683221 45.8602296371 22.3060717211 14.9461051756 4.66784705738 41.1054848892 21.1794914912 6.65101395874 35.3054556217 29.6018122353
-9999.0 -9999.0 -9999.0 -9999.0 -9999.0 -9999.0 -9999.0 -9999.0 -9999.0 -9999.0 -9999.0 -9999.0 -9999.0 -9999.0 -9999.0 -9999.0 20.237527147 91.9826195015 112.211383697 26.0793129505 25.5275007883 51.8482689657 76.4073516256 480.148827558 22.2544394157 89.6470548224 110.190702997 130.43371338 11.0886076817 26.9083682383 35.7980771385 161.92053966 180.484903428 185.517565576 5.85480771228 5.47489415103 6.64465372864 12.3910256803 5.27600148672 5.29505669905 10.3097448746 6.9342564094 10.7733289854 34.6928625288 16630.7530782 21726.0156678 55.4480293429 5.81510488413 4.6944789154 125.044324359 114.761531583 66.6048935186 59.4345338401 44.1690046881 9.76752448032
-9999.0 -9999.0 -9999.0 -9999.0 -9999.0 -9999.0 -9999.0 -9999.0 -9999.0 -9999.0 -9999.0 -9999.0 -9999.0 -9999.0 -9999.0 16.6161324266 55.6268397177 18.6250140266 28.7356039813 28.4445691308 54.4275901947 79.9546337607 103.242762072 603.17573517 624.804356141 22.3008616693 42.9688243166 63.9265228519 78.6595902343 95.4159103114 142.884171716 156.153313192 11.8200271067 9.16526803292 6.91835115762 11.5237109046 9.55583903999 10.1052565217 8.02401227583 9.53662106251 38.4995342957 18.6245607455 10.3390873164 10.0353802898 9.96238481652 18.8135290466 22095.592947 309.939296049 148.103448279 12.0346210381 5.17837161344 4.81488391454 16.7759750493 11.6143144766 5.89674100087
-9999.0 -9999.0 -9999.0 -9999.0 -9999.0 -9999.0 -9999.0 -9999.0 -9999.0 -9999.0 -9999.0 -9999.0 -9999.0 -9999.0 17.704407904 33.7619120214 124.724964815 18.3539178258 54.6182879056 82.2836498728 108.274241788 26.8505506364 50.5671330096 73.3390249895 717.071733001 20.9895835406 40.1948210612 59.9217555987 18.2743965579 36.0628642206 46.4195679581 58.4360219365 1396.00036899 1416.2972418 1434.20814346 1529.12205424 1559.26418682 1629.72554156 16.8982039119 36.7264089001 47.9335182254 1853.68546419 1872.99287205 9.38107718789 16.959164001 24.2782719487 22104.6814193 300.007763809 137.376932011 131.502116827 106.964178896 95.3222283807 22.3196819268 5.42681974441 10.3711686797
-9999.0 -9999.0 -9999.0 -9999.0 -9999.0 -9999.0 -9999.0 -9999.0 -9999.0 -9999.0 -9999.0 -9999.0 -9999.0 -9999.0 17.5890166214 53.7255053641 196.061400457 288.859526036 16.7846386244 383.543114912 511.507956844 25.5999044488 49.1572736564 72.5739832614 925.165857846 944.787812597 18.8877720356 98.2784719497 116.511547948 131.487861355 1265.71120679 1303.95486658 1328.05346727 11.7539663731 67.0014869604 79.7967599721 37.5294677516 53.7525288883 1706.64987172 1768.78987696 1782.85660955 1796.36324354 1891.55013203 9.08685596703 8.37117243432 39.7171033086 22113.7202189 8.46194781659 6.51447400863 19.4639117865 7.08575496954 85.8932979961 71.5418813073 41.9409477356 30.1534365756
-9999.0 -9999.0 -9999.0 -9999.0 -9999.0 -9999.0 -9999.0 -9999.0 -9999.0 -9999.0 -9999.0 -9999.0 -9999.0 -9999.0 -9999.0 -9999.0 37.5650738032 75.7614095235 343.980324941 363.912317966 529.142242503 549.120473011 25.1378378445 50.2398811555 118.801709017 963.592673177 1003.6882365 1020.88221041 15.071111989 1083.65380497 1122.34533998 25.1741392937 11.8875389947 22.779347363 44.8863787365 11.1251534252 22.8281299161 50.9114081675 64.4770362131 12.6764937849 9.37564736104 18.8595242065 1952.98228643 1970.61828158 1977.9544859 2035.85536258 22121.912896 5.59154675691 4.901319839 5.75427094433 5.5705777197 5.69061254831 5.10487448739 9.59999239728 4.12005447547
-9999.0 -9999.0 -9999.0 -9999.0 -9999.0 -9999.0 -9999.0 -9999.0 -9999.0 -9999.0 -9999.0 -9999.0 -9999.0 -9999.0 -9999.0 -9999.0 19.6302365326 19.3059303024 19.4163879807 40.793744275 18.2170089514 585.122279223 603.40306163 23.3907280036 46.6004064463 23.1728228162 20.1864248702 19.733390797 1055.56095839 12.7593387326 25.9578901057 13.2255463234 11.9327308439 11.0177567231 9.14486445259 9.46308750291 28.8577161358 39.3357972994 8.19542323388 7.47870308255 16.0641932535 26.2757797696 31.84661471 7.65441755985 1987.86528334 2043.23142592 22127.6387716 24.1486506508 13.5526414592 3.54149322827 8.33573975635 2.85023412379 2.1651381386 12.0607711319 20.7960443052
-9999.0 -9999.0 -9999.0 -9999.0 -9999.0 -9999.0 -9999.0 -9999.0 -9999.0 -9999.0 -9999.0 -9999.0 -9999.0 -9999.0 -9999.0 -9999.0 -9999.0 -9999.0 19.0962058552 58.6521851258 75.0267042162 92.5853875551 620.388297782 637.158881528 654.708923839 676.082902877 695.374483041 735.310621697 747.730813704 759.735899221 770.303586676 10.4630374833 9.89877180087 10.6119932003 39.0518996462 10.3353544546 9.94217947227 8.12019241749 24.0575394993 9.52458835871 7.71968713143 7.20416523489 6.32078235204 12.6138290937 18.3235649111 2080.99585655 24239.111265 4.84002225624 11.3103723563 2.88286642993 11.3679301049 6.12259338169 4.36295694521 48.9091773017 33.8072271487
-9999.0 -9999.0 -9999.0 -9999.0 -9999.0 -9999.0 -9999.0 -9999.0 -9999.0 -9999.0 -9999.0 -9999.0 -9999.0 -9999.0 -9999.0 -9999.0 -9999.0 -9999.0 -9999.0 16.4293139863 126.616977209 254.205774692 272.889335372 24.7631019774 48.2432809119 71.1604088782 91.3268334479 221.541104188 232.623063658 10.7339675155 10.6708043982 791.748377174 811.216176798 820.315493907 46.8973592501 7.64552955682 17.9948435182 26.4870003069 78.970774833 96.9464266804 111.709351889 13.5979909802 18.9219481133 6.39924477847 12.8041109291 6.6392825765 24251.8748933 4.68183098288 19.8856802941 8.88617312664 24.0328526405 48.4858613274 55.2623192106 106.517608048 38.7000864
-9999.0 -9999.0 -9999.0 -9999.0 -9999.0 -9999.0 -9999.0 -9999.0 -9999.0 -9999.0 -9999.0 -9999.0 -9999.0 -9999.0 -9999.0 -9999.0 -9999.0 -9999.0 17.8557390796 56.3048610304 110.53660688 144.859568399 377.071950071 398.54764753 47.4560205611 70.439606734 90.9059427753 111.44206268 244.275278914 266.195312205 467.066557615 481.847013819 491.328462997 830.164534616 904.139574276 17.9424269903 11.0892310082 10.7179466412 20.8090513743 9.71036448182 130.339886487 137.368826165 24.9539203552 29.4009008407 5.13962371711 5382.8282614 5396.45342127 29657.3536489 29684.1528361 4.3451094731 33.4104225229 5.47400364734 5.16174615234 117.254305882 160.384111046
-9999.0 -9999.0 -9999.0 -9999.0 -9999.0 -9999.0 -9999.0 -9999.0 -9999.0 -9999.0 -9999.0 -9999.0 -9999.0 -9999.0 -9999.0 -9999.0 -9999.0 -9999.0 -9999.0 19.8998091452 19.3147321817 36.9356644587 87.9763888718 415.127898356 24.1821252332 23.8900840318 43.9675888662 64.7716460607 158.171931918 172.423293859 10.157737478 10.2732584363 503.80081918 514.359503014 1426.90106744 1434.54059461 6.85146812024 6.10772707988 5.18849817285 5.24048305756 5.48530675085 5267.79571766 5307.56793937 5341.94286736 5351.8032528 5378.19634812 7.3154762558 26.784404792 33.9917374056 29731.2944118 29735.1175229 29740.3420308 29744.6753713 29748.5779212 165.864865886
-9999.0 -9999.0 -9999.0 -9999.0 -9999.0 -9999.0 -9999.0 -9999.0 -9999.0 -9999.0 -9999.0 -9999.0 -9999.0 -9999.0 -9999.0 -9999.0 -9999.0 -9999.0 -9999.0 -9999.0 18.0566418246 18.7231784132 34.9182786421 483.196791553 501.749206511 23.4599107639 43.5729511699 64.8619442938 80.8223621561 13.8463319912 25.7421028104 1133.45033136 1144.04166297 1152.39299753 1223.28638508 2665.88852069 5008.71938133 5024.18964064 5038.44147829 5052.1303556 5106.24070668 5123.63313996 33.3988862209 15.3285139703 9.12824184682 17.3137138887 13.1610647533 20.9452991289 6.88735087684 138.26072251 152.595823396 163.178775639 166.894387446 29752.551768 29923.0942474
-9999.0 -9999.0 -9999.0 -9999.0 -9999.0 -9999.0 -9999.0 -9999.0 -9999.0 -9999.0 -9999.0 -9999.0 -9999.0 -9999.0 -9999.0 -9999.0 -9999.0 -9999.0 -9999.0 -9999.0 -9999.0 18.284041593 35.024051916 51.8182275404 516.036210133 19.5554736788 707.343719104 729.025532499 742.23751102 754.531634875 1082.87828465 1096.08405432 11.3745175195 53.3284223131 64.5233161174 11.269801819 2327.16082004 2306.54235796 7.04056021895 15.7866120389 41.9203594739 9.11695150227 9.63015387429 7.6110603205 6.58388040025 5.08785653954 6.0928071843 116.563329044 123.054681353 130.773397531 7.72918934489 5.54514366229 170.681083132 175.510987604 178.028616783
-9999.0 -9999.0 -9999.0 -9999.0 -9999.0 -9999.0 -9999.0 -9999.0 -9999.0 -9999.0 -9999.0 -9999.0 -9999.0 -9999.0 -9999.0 -9999.0 -9999.0 -9999.0 -9999.0 -9999.0 -9999.0 16.9057591339 15.8289254888 81.6027381503 631.223763767 667.665181977 687.970257611 21.8835096053 296.729076751 310.225304899 316.253725017 12.4392369847 24.8079204454 35.9732597538 562.309189518 571.183593739 579.062711451 2291.48458647 1351.13043178 8.71722625809 8.86710289015 8.54877579691 6.92163732801 67.8246884617 82.5899394751 95.5241241253 102.876522599 109.975527086 621.162405807 626.464520688 631.005349243 641.49296122 700.970093368 704.226921407 886.025609702
-9999.0 -9999.0 -9999.0 -9999.0 -9999.0 -9999.0 -9999.0 -9999.0 -9999.0 -9999.0 -9999.0 -9999.0 -9999.0 -9999.0 -9999.0 -9999.0 -9999.0 -9999.0 -9999.0 -9999.0 -9999.0 -9999.0 32.9245448669 50.0004058595 18.5409663835 23.2085134119 221.106699711 242.930702727 259.583733053 115.523904998 127.156600048 139.516398087 150.573115541 542.992331457 554.082395557 334.600960288 923.1797772 932.193983262 1343.66504269 17.3240954416 8.66187980114 6.26101040685 45.9700818715 54.0820081368 5.2112724845 4.83657655064 596.855699115 609.486300462 616.005708347 5.55858212845 7.81326094069 690.648365082 7.37998240564 25.5568338433 28.0751431888
-9999.0 -9999.0 -9999.0 -9999.0 -9999.0 -9999.0 -9999.0 -9999.0 -9999.0 -9999.0 -9999.0 -9999.0 -9999.0 -9999.0 -9999.0 -9999.0 -9999.0 -9999.0 -9999.0 -9999.0 -9999.0 -9999.0 16.3940004472 32.4776851209 136.859292043 155.817475382 177.256256461 85.1901912554 103.605670134 12.6816351232 358.666900685 370.264561917 381.557255797 10.9571698642 313.754350374 325.141282673 9.06847028823 1298.61130663 19.1139254989 9.42049188498 24.3856443117 33.0738489563 6.78613940711 5.49225243225 536.819511737 585.300417714 592.831494743 7.49103535686 16.1341673234 20.4482200202 23.9659099976 46.2722971535 9.1232603041 20.9117801657 4.32816692966
-9999.0 -9999.0 -9999.0 -9999.0 -9999.0 -9999.0 -9999.0 -9999.0 -9999.0 -9999.0 -9999.0 -9999.0 -9999.0 -9999.0 -9999.0 -9999.0 -9999.0 -9999.0 -9999.0 -9999.0 -9999.0 -9999.0 16.2046857687 50.8498172334 88.2613566885 21.3089827903 43.4113459644 65.1782550103 308.353416931 322.998966609 334.619693922 10.6106130247 249.238548225 282.444889712 293.180380056 8.22421604209 1260.77350196 1280.73032998 9.43633343851 8.73619044706 17.4692243642 7.29944235061 499.800696949 513.288122655 521.135713369 30.0391245134 37.3831052425 6.42672889368 11.5697434277 5.19195140162 35.566341198 5.49638558249 5.20447834518 5.62879319519 5.93579433958
-9999.0 -9999.0 -9999.0 -9999.0 -9999.0 -9999.0 -9999.0 -9999.0 -9999.0 -9999.0 -9999.0 -9999.0 -9999.0 -9999.0 -9999.0 -9999.0 -9999.0 -9999.0 -9999.0 -9999.0 -9999.0 -9999.0 -9999.0 17.883101512 19.513451548 23.5140260124 204.53311821 225.885064809 288.596998835 16.1873551238 203.773712913 229.008212253 11.3164193709 23.2567788243 9.34239157364 1233.81476062 10.2682145718 27.3325057561 34.6232250156 41.5098154791 453.823786107 478.590029196 487.038332711 8.46018997958 15.8989527324 22.6480574723 4.18176485753 3.74242474739 1214.03850412 1218.00707906 1221.22421931 1254.86764685 1259.34848032 1265.88834877 1270.4993641
