data/baseflow/mHMbf_acc594.asc
ncols                  80
nrows                 72
xllcorner      4374000.0
yllcorner      5656000.0
cellsize            500
NODATA_value       -9999
[rows 0 to 24 of 72, columns 0 to 54 of 80]
-9999.0 -9999.0 -9999.0 -9999.0 -9999.0 -9999.0 -9999.0 -9999.0 -9999.0 -9999.0 -9999.0 -9999.0 18.3282696647 17.40394976 -9999.0 -9999.0 -9999.0 -9999.0 -9999.0 -9999.0 -9999.0 -9999.0 -9999.0 -9999.0 -9999.0 -9999.0 -9999.0 -9999.0 -9999.0 -9999.0 -9999.0 -9999.0 -9999.0 -9999.0 -9999.0 -9999.0 -9999.0 -9999.0 -9999.0 -9999.0 -9999.0 -9999.0 -9999.0 -9999.0 -9999.0 -9999.0 -9999.0 -9999.0 -9999.0 -9999.0 -9999.0 -9999.0 -9999.0 -9999.0 -9999.0
-9999.0 -9999.0 -9999.0 -9999.0 -9999.0 -9999.0 -9999.0 -9999.0 -9999.0 -9999.0 -9999.0 -9999.0 35.6344008362 83.4641140422 14.4220985881 -9999.0 14.0950633018 -9999.0 -9999.0 -9999.0 -9999.0 -9999.0 -9999.0 -9999.0 -9999.0 -9999.0 -9999.0 -9999.0 -9999.0 -9999.0 -9999.0 -9999.0 -9999.0 -9999.0 -9999.0 -9999.0 -9999.0 -9999.0 -9999.0 -9999.0 -9999.0 -9999.0 -9999.0 -9999.0 -9999.0 -9999.0 -9999.0 -9999.0 -9999.0 -9999.0 -9999.0 -9999.0 -9999.0 -9999.0 -9999.0
-9999.0 -9999.0 -9999.0 -9999.0 -9999.0 -9999.0 -9999.0 -9999.0 -9999.0 -9999.0 16.0485875264 15.5035408605 16.4313836281 16.1920008986 113.738406171 127.201669182 38.3297881625 12.1855511406 -9999.0 -9999.0 -9999.0 -9999.0 -9999.0 -9999.0 -9999.0 -9999.0 -9999.0 -9999.0 -9999.0 -9999.0 -9999.0 -9999.0 -9999.0 -9999.0 -9999.0 -9999.0 -9999.0 -9999.0 -9999.0 -9999.0 -9999.0 -9999.0 -9999.0 -9999.0 -9999.0 -9999.0 -9999.0 -9999.0 -9999.0 -9999.0 -9999.0 -9999.0 -9999.0 -9999.0 -9999.0
-9999.0 -9999.0 -9999.0 -9999.0 -9999.0 -9999.0 -9999.0 -9999.0 -9999.0 15.4332518689 31.557905458 62.671879909 31.5699490052 15.3047635097 29.9877964035 141.501337717 205.770691873 13.0036821856 -9999.0 15.9675830571 -9999.0 -9999.0 -9999.0 -9999.0 26.281300842 13.5850191697 -9999.0 -9999.0 -9999.0 -9999.0 -9999.0 -9999.0 -9999.0 -9999.0 -9999.0 -9999.0 -9999.0 -9999.0 -9999.0 -9999.0 -9999.0 -9999.0 -9999.0 -9999.0 -9999.0 -9999.0 -9999.0 -9999.0 -9999.0 -9999.0 -9999.0 -9999.0 -9999.0 -9999.0 -9999.0
-9999.0 -9999.0 -9999.0 -9999.0 -9999.0 -9999.0 -9999.0 -9999.0 17.9212494696 49.9499871796 64.9608540406 80.1058560451 108.884435261 14.1483179344 57.4552884079 71.0596496861 301.972214944 12.6620595149 12.6725355688 29.6431283073 43.0545244585 14.0452478413 -9999.0 65.2806532337 53.6633557598 14.0452995524 -9999.0 -9999.0 -9999.0 -9999.0 -9999.0 -9999.0 -9999.0 -9999.0 -9999.0 -9999.0 -9999.0 -9999.0 -9999.0 -9999.0 -9999.0 -9999.0 -9999.0 -9999.0 -9999.0 -9999.0 -9999.0 -9999.0 -9999.0 -9999.0 -9999.0 -9999.0 -9999.0 -9999.0 -9999.0
-9999.0 -9999.0 -9999.0 -9999.0 -9999.0 -9999.0 17.2534161128 15.8154679326 15.4204746652 15.7414724556 16.066735281 112.563462384 236.774471941 251.796736016 263.750679482 11.2186489491 326.234064134 338.90951063 25.8867107896 13.5430973182 56.1993565765 97.1895703045 13.9507787374 107.463310355 14.7454834915 14.63082374 15.4790058393 -9999.0 -9999.0 -9999.0 -9999.0 -9999.0 -9999.0 -9999.0 -9999.0 -9999.0 -9999.0 -9999.0 -9999.0 -9999.0 -9999.0 -9999.0 -9999.0 -9999.0 -9999.0 -9999.0 -9999.0 -9999.0 -9999.0 -9999.0 -9999.0 -9999.0 -9999.0 -9999.0 -9999.0
-9999.0 -9999.0 -9999.0 -9999.0 -9999.0 -9999.0 34.8183560595 51.564258347 116.725674778 162.547767507 14.2111168976 14.7409746561 14.0050836963 40.7257953252 316.872773431 11.1732041421 351.013909448 399.739494285 38.2145154072 25.2731118192 109.321516677 13.2151432921 120.67642787 26.5270689901 13.3739053134 27.5251626622 30.5383808602 15.4999175004 15.9481323434 15.5080051864 16.8405270581 33.710621587 -9999.0 -9999.0 -9999.0 -9999.0 -9999.0 -9999.0 -9999.0 -9999.0 -9999.0 -9999.0 -9999.0 -9999.0 -9999.0 -9999.0 -9999.0 -9999.0 -9999.0 -9999.0 -9999.0 -9999.0 -9999.0 -9999.0 -9999.0
-9999.0 -9999.0 -9999.0 -9999.0 -9999.0 19.1637969617 37.0221093664 17.7364017358 34.4732325223 179.653171482 210.131944089 240.257387571 781.581394906 13.319484895 330.222710846 1218.31789581 1227.70726139 1644.14749654 10.5329773377 36.8314045794 121.51912044 12.0708956215 271.757553715 138.251141298 85.7051804078 72.0603584193 14.7933201324 46.0712020548 46.3835708548 30.8830820434 15.2054161759 49.4337109563 15.2812128298 15.016580539 -9999.0 -9999.0 -9999.0 -9999.0 -9999.0 -9999.0 -9999.0 -9999.0 -9999.0 -9999.0 -9999.0 -9999.0 -9999.0 -9999.0 -9999.0 -9999.0 -9999.0 -9999.0 -9999.0 -9999.0 -9999.0
-9999.0 -9999.0 -9999.0 -9999.0 -9999.0 19.4158574737 56.497306904 111.927325955 129.107449232 256.92900429 272.995375248 323.490838743 528.09308481 822.868297423 851.521167073 864.726707515 23.2306659263 1685.85903401 1707.00218021 1767.54465965 2209.93904161 308.882608032 284.969100505 98.6937171853 12.972686249 86.1525350525 59.1856910585 12.5583020593 59.9945320164 12.9690873454 27.9525289454 77.9753880329 92.368741943 29.1711399165 14.2667134794 13.9555472051 -9999.0 -9999.0 -9999.0 -9999.0 12.3638603898 11.3337503217 -9999.0 -9999.0 -9999.0 -9999.0 -9999.0 -9999.0 -9999.0 -9999.0 -9999.0 -9999.0 -9999.0 -9999.0 -9999.0
-9999.0 -9999.0 -9999.0 -9999.0 -9999.0 18.7829375721 17.9872950865 75.5548185896 93.0673582737 111.175420049 17.1820332619 33.9872340547 193.699442672 33.3522401449 15.7937230419 14.2762113062 12.5213823861 13.9311577875 13.1551558636 13.7371292781 2222.67610678 2258.83212407 12.0341834155 37.6399229993 25.8156220646 98.6159706942 25.4255848265 12.1438336971 73.8768899795 25.4202948498 62.2635988636 161.562142491 149.728650128 43.1686203808 41.9735577732 14.3865900459 14.2542515911 -9999.0 -9999.0 14.1987602372 26.0782014198 61.0701623393 11.9128400628 -9999.0 -9999.0 -9999.0 -9999.0 -9999.0 -9999.0 -9999.0 -9999.0 -9999.0 -9999.0 -9999.0 -9999.0
-9999.0 -9999.0 -9999.0 -9999.0 -9999.0 -9999.0 19.736798225 19.9695108792 37.8361280789 56.0416232929 126.613848539 161.621544639 178.351478271 17.265053117 13.9186940437 189.800060071 232.03352888 245.106891287 299.999080788 312.362890067 12.3543961169 2271.33504736 2332.05440892 48.428711965 7.91661426175 109.342573244 243.206574346 97.4979270954 23.9763285475 12.0484796561 247.989953729 174.153907214 12.2941791214 12.2526415993 54.5987272531 41.7165262341 13.1389194136 12.5013879131 13.4520198636 27.3429853471 12.8837733173 73.8738828974 86.1443805216 11.3823650102 -9999.0 -9999.0 -9999.0 -9999.0 12.6502757036 11.9297298251 3.43332788485 -9999.0 -9999.0 -9999.0 -9999.0
-9999.0 -9999.0 -9999.0 -9999.0 -9999.0 -9999.0 -9999.0 19.3882059874 16.8295677133 35.5331026497 53.8115167139 17.6277645186 15.3624766145 100.012297185 130.693524901 162.288314783 14.7080889412 28.5567608866 14.115625669 325.270884624 725.335257519 736.668713585 3092.56238725 11.9114943728 23.5214263226 7.29747404899 254.528715476 11.7063286746 36.2011905404 11.8732622935 260.033384682 272.074021681 24.6973424739 24.4245057118 135.941862424 68.1140520292 25.6708203289 13.205243989 26.8359362199 40.5242622259 65.7181115307 12.0224694897 107.813411631 117.143311319 8.28206404804 8.98299375558 9.2916308806 8.31232729635 7.78732591866 34.2476569906 13.402547846 8.4847248222 -9999.0 -9999.0 -9999.0
-9999.0 -9999.0 -9999.0 -9999.0 -9999.0 -9999.0 -9999.0 -9999.0 35.6877030629 51.5417634479 17.5259425087 35.7254553501 52.5384676082 85.4993525187 16.6809481519 16.0737110782 13.8017397427 13.9390033352 12.5371651019 373.648396694 14.5050225547 28.2110675394 3132.22684734 3153.23186145 7.99433729301 39.7878563961 304.233069781 22.7399431708 46.6481806891 21.4320465954 31.780787949 317.972460701 35.4923759355 193.761329212 158.844567635 11.5588843066 63.090278861 25.5181267393 38.8004232994 11.8523092094 77.1261371478 99.0910788985 106.803692192 114.057345317 147.779005819 15.5199256746 16.2845524478 14.7237152558 13.6825471752 41.8217610144 8.44655091031 30.5514550151 38.2943664255 -9999.0 -9999.0
-9999.0 -9999.0 -9999.0 -9999.0 -9999.0 -9999.0 -9999.0 -9999.0 18.9956519253 89.0329133059 106.085982558 17.059004246 33.3209650986 16.2274578324 14.8805841504 14.6429381608 185.324532347 246.278408517 302.957746628 361.32441023 14.169110352 14.0383068185 12.0849785972 3209.73884258 3232.13757629 3239.93981052 404.440649253 91.002719962 79.9900476524 9.69029934428 41.4934688678 369.576251354 10.1069237828 204.094026075 11.3807182578 81.2496850971 75.6251451396 12.1124766275 50.7116646183 23.6806606223 35.2251765452 9.84814607813 7.10572113227 121.205754306 127.685502729 154.239509093 23.2186800585 21.2850556187 20.0471945166 50.8363263686 67.9374857971 8.53510071453 46.6884063227 9.07197345039 17.1256958609
-9999.0 -9999.0 -9999.0 -9999.0 -9999.0 -9999.0 -9999.0 -9999.0 -9999.0 19.418647587 124.1175151 140.906709983 49.7254548641 82.3119357216 112.42423405 127.733666166 15.7057919962 47.0147870615 31.215068644 16.1797417592 15.619121107 14.106629655 27.5483234614 43.9443355474 12.0903972523 3664.93147453 3672.96319786 7.38270532362 7.22475391915 19.5940337612 29.306607106 398.941742684 19.7156962719 212.80695759 122.777898469 101.709931839 11.1685101101 23.0037255834 61.2914791717 10.5616980171 45.4592279993 19.866753972 11.9509731382 5.13272502208 144.102341781 303.440836178 27.8380835675 26.0292628874 26.577320895 6.92513236881 74.7813085089 6.65160345814 62.2254004704 7.81852669886 24.9356549474
-9999.0 -9999.0 -9999.0 -9999.0 -9999.0 -9999.0 -9999.0 -9999.0 -9999.0 -9999.0 16.9796209609 174.691359475 16.1329869412 32.0635042228 46.7432434299 75.7462816809 14.8348251371 31.0018742472 15.1674067109 14.1168913511 13.3920459763 26.4644430588 11.8088917613 11.642443138 20.7379564253 10.7697262853 3681.89116822 3697.04098915 3720.40189231 38.2707638818 9.90157887962 19.753536734 409.274175703 384.14392063 144.160411849 10.57366945 44.8935437151 33.886045894 71.8995525053 21.1098152002 85.9626615667 30.047911719 19.8685972711 3.56342571159 5.60126250756 310.419361733 316.51055566 375.533980778 48.6160400115 14.4362237514 82.2285867909 96.1766964809 164.920730901 15.3538751719 7.15409050633
-9999.0 -9999.0 -9999.0 -9999.0 -9999.0 -9999.0 -9999.0 -9999.0 -9999.0 -9999.0 -9999.0 8.74259295117 193.122069531 15.2495548605 29.7414576779 134.500763266 14.8480062539 14.6648525375 12.9774244833 27.6647079595 13.6519036542 53.594324138 77.2569409982 88.0363532 29.817643828 36.2820594588 7.3071959924 9.72302323486 9.17661025277 3776.38958447 3803.59810308 417.567063962 401.389961104 392.880976195 17.8263082749 8.65514383692 54.567626613 145.942130724 81.7164229878 30.8170561619 126.149142508 41.4848090413 32.6306568589 6.94162748512 2.67335456281 2.58116611448 3.34913246682 393.125724637 461.081208806 6.87507177723 6.22586372432 7.06142074159 171.788786648 193.629151397 12.6966896081
-9999.0 -9999.0 -9999.0 -9999.0 -9999.0 -9999.0 -9999.0 -9999.0 -9999.0 -9999.0 -9999.0 8.20860507065 212.894851677 261.937427352 14.673636773 163.670947647 13.7032283494 13.127880799 26.2833928808 67.5167906397 13.2166503163 13.9078340212 11.7001905268 111.055210174 121.98098057 169.915266229 186.338401743 194.790554071 201.968670329 208.846553389 4019.90155524 4450.58464943 4864.27322493 4869.90140688 6.7744678093 8.70669972706 165.370300404 155.71993106 9.65508598484 9.4648612662 135.744086917 186.659717748 7.74891503509 77.8607205767 71.659784654 14.6876409645 7.22376824877 12.3589403412 6.84335723795 472.216827138 5.59175664083 18.4973905428 22.8429440234 230.488543461 246.405054279
-9999.0 -9999.0 -9999.0 -9999.0 -9999.0 -9999.0 -9999.0 -9999.0 -9999.0 -9999.0 -9999.0 17.9081093323 34.1932229413 277.793556708 305.549464544 13.9507576991 190.117620526 11.8241953539 36.6361888906 79.741919599 25.5080991654 12.2361411021 24.927872498 10.1277013519 19.8211441041 9.95478554555 8.99265027657 7.19874950402 6.35264310163 5.32715312645 4.60840398931 6.09732628841 7.57652980844 8.40685888653 4890.63687835 191.599945522 175.145085717 4.67316782393 26.9868446569 6.52211464333 5.62745334739 195.141644004 298.714805471 87.1402444639 65.4941937588 8.91143807473 3.48690740769 3.05579505136 8.16544012164 486.003712762 496.192656446 5.33865478509 5.4544915772 4.94560040109 3.44508642794
-9999.0 -9999.0 -9999.0 -9999.0 -9999.0 -9999.0 -9999.0 -9999.0 -9999.0 -9999.0 -9999.0 -9999.0 15.1137751836 209.941452729 530.209877235 574.723363068 777.857827861 790.383173734 178.473372679 130.189607674 37.964784152 12.0693183838 48.5392567445 59.7966002384 89.7797798124 20.3710352481 18.6313272696 17.021916918 32.8574471267 14.6342999485 13.5256442609 7.39776123963 3.98432101992 4.12626501162 4896.39298458 5093.26959828 5100.47355444 4.56936673239 66.7938876736 30.1586721316 9.18314342977 327.047394702 20.0178345969 10.3682358111 42.6360397218 8.63070622781 6.27808513583 11.442177801 16.0419043826 21.2246244382 504.791242338 4.02330039827 3.50734895946 3.51074194691 2.77170191788
-9999.0 -9999.0 -9999.0 -9999.0 -9999.0 -9999.0 -9999.0 -9999.0 -9999.0 -9999.0 -9999.0 16.8232239015 160.382454202 194.381770533 30.8521315577 9.1863628567 20.5590504011 823.888927931 835.577367764 1026.17682553 10.9993528121 22.964213365 10.0928842254 10.2361063197 99.6810864096 129.925957527 157.45895198 8.78140897123 41.4934780388 64.5899484571 37.2338445517 15.6559395784 10.7230805458 8.55524891272 8.07047442862 3.83937051035 5104.92579126 5108.36873082 5182.1719998 14.6851184168 7.98384310424 334.414467009 21.2841287173 10.9264863969 11.8022826332 11.6953113997 10.3190004331 16.944696193 48.2375061598 74.9868381756 583.909082846 3.02970414802 9.18177547858 6.24233061185 5.26776202672
-9999.0 -9999.0 -9999.0 -9999.0 -9999.0 -9999.0 -9999.0 -9999.0 -9999.0 -9999.0 -9999.0 17.2598168447 112.047019632 17.4744018756 15.0196324728 79.5093210846 92.7422865998 106.147144328 118.293416527 1395.07862743 1405.50849884 1427.21584838 1588.25365008 1617.70050003 1633.32771999 1643.46540945 1818.0614606 1839.80967521 1848.69402553 1922.90732944 1969.72075927 1978.03647526 2003.46229268 16.3556993602 13.3867251053 2.46142525734 2.43954555462 5112.29788948 5205.36840664 19.9019223638 388.826085566 381.543836001 39.6024947307 9.47069116796 9.578672605 9.24324979464 9.2015640918 18.4480007878 25.7702095232 6.65121750539 587.809162995 591.955254037 610.936732556 614.331524171 622.772480505
-9999.0 -9999.0 -9999.0 -9999.0 -9999.0 -9999.0 -9999.0 -9999.0 -9999.0 -9999.0 -9999.0 58.0901401195 76.6551595258 35.3066091259 51.9044278342 16.3443332148 185.788498678 199.988271041 227.840038009 238.558068049 90.691116726 1535.19783154 1544.93939578 8.64975449583 5.46946968343 4.59114103074 10.6813547409 5.35241104039 3.70512101599 3.48317831077 4.31020211348 1985.00381833 2011.03184648 2035.69673212 2056.15612403 2065.66178776 3.96492685491 1.37812715668 5608.76824772 400.131663971 396.526425866 8.3165720021 7.6164134299 6.64957272322 16.394779467 16.0742467235 7.5415570755 7.61925651689 6.94865195574 13.4648012684 17.4536913781 4.06358192335 6.84094571651 2.15944232383 1.17534918395
-9999.0 -9999.0 -9999.0 -9999.0 -9999.0 -9999.0 -9999.0 -9999.0 -9999.0 -9999.0 -9999.0 -9999.0 39.3178668369 18.2082697184 16.5264165446 157.337751578 172.109709949 14.716444091 57.1061557942 70.0746973491 81.0834736826 12.2595663166 8.26652679346 226.815453886 233.190630802 239.168326108 619.379869208 623.580535814 630.374779545 673.272915957 693.296765096 696.248894281 3.26801650537 3.49751784468 3.99303487192 2071.00856793 2.22013125658 5669.86028677 5666.09299925 54.3091506347 49.7787300187 31.2886468173 7.86562408957 13.4344185568 23.3449097899 22.9673968887 14.5463207164 7.28653673162 14.0809036357 13.8537511001 23.4057133874 3.38246851372 9.88834451266 15.5066459541 17.9515491932
-9999.0 -9999.0 -9999.0 -9999.0 -9999.0 -9999.0 -9999.0 -9999.0 -9999.0 -9999.0 -9999.0 -9999.0 20.3266212453 56.1503583164 73.3529003367 124.717076778 14.8441774011 30.1481677987 44.1788323026 173.189043353 184.094266996 191.136502361 201.00830305 211.397219789 330.954158038 360.510398429 375.588078652 5.22125659066 35.5336975829 40.1730853675 683.198244382 700.148101329 708.353154569 716.754215046 723.591833202 2797.58928066 6.06492862429 5684.65475347 5.65021913067 2.52785236077 42.0813799366 37.3083619089 5.06295289908 19.6374602392 29.6182720523 29.0331210375 20.1072654777 32.9185828182 52.0262411273 19.4443968226 47.988986972 3.90205649859 5.12862406539 0.847165977097 0.680239009637
