data/baseflow/mHMbf_acc470.asc
ncols                  80
nrows                 72
xllcorner      4374000.0
yllcorner      5656000.0
cellsize            500
NODATA_value       -9999
[rows 25 to 49 of 72, columns 0 to 54 of 80]
-9999.0 -9999.0 -9999.0 -9999.0 -9999.0 -9999.0 -9999.0 -9999.0 -9999.0 -9999.0 -9999.0 -9999.0 37.4758782761 74.3509262014 34.8454068766 70.0581352577 32.9955336872 244.118655857 309.419914384 342.220428584 31.0680223412 60.2032434545 560.437534267 701.714992109 729.24141492 62.2045976068 64.6042692229 95.2600778352 23.8709303922 23.1100021165 44.7640804407 19.9946066551 861.388739631 881.529988635 907.608523634 7248.46145455 14370.2633186 14215.7209502 43.6095379203 17.9246404935 16.5538135329 60.240169622 42.6097090526 93.7710445207 125.144763252 250.655271937 23.2045310225 23.2607218084 213.552068224 236.168680028 465.694825716 484.579670781 529.201082313 552.113064171 21.3873489377
-9999.0 -9999.0 -9999.0 -9999.0 -9999.0 -9999.0 -9999.0 -9999.0 -9999.0 -9999.0 -9999.0 -9999.0 -9999.0 36.5470895476 72.5628895315 108.393570054 176.080720465 35.4588520116 33.4790311803 214.59059071 245.875424695 503.482280195 533.703592358 86.3706282582 31.3784770684 31.2470247396 31.591359966 726.963052525 752.500310321 777.182380523 799.540320732 841.171178644 194.513904667 215.892428279 1149.881477 22775.5244145 134.87667231 117.515914419 61.6903222321 15.0559738951 14.4982187975 93.8060544903 107.69815451 127.058703156 16.8342174435 269.240111742 43.2165095431 42.857742651 15.8682521317 12.3954871681 10.7198609403 8.95815551102 10.6746783922 562.624837619 7752.8043338
-9999.0 -9999.0 -9999.0 -9999.0 -9999.0 -9999.0 -9999.0 -9999.0 -9999.0 -9999.0 -9999.0 -9999.0 -9999.0 -9999.0 35.7225227818 64.1932592991 88.9741984879 114.391499404 147.781072956 181.766787809 100.741872782 166.047285527 30.4769127001 30.0844512111 579.020569955 638.890302004 667.528836629 698.545136827 28.0030564233 53.2912442437 129.376332365 154.581158338 175.883356456 22.764568757 18.3793212855 22822.4069659 17.780704447 31.5760463001 16.7472709481 56.5596843642 27.0730810965 15.3039073149 249.513355616 260.090172103 10.3056337651 279.813601473 337.316153689 58.5027309594 8182.41667229 8154.9052002 8131.04368519 8088.08548346 8071.54828857 7798.44286461 7789.09954891
-9999.0 -9999.0 -9999.0 -9999.0 -9999.0 -9999.0 -9999.0 -9999.0 -9999.0 -9999.0 -9999.0 -9999.0 -9999.0 -9999.0 5.69986195429 13.3782494363 25.0722516768 207.056586025 241.99315158 34.8808332997 33.9742672231 33.0379049416 456.264454217 519.234458525 30.6166285746 31.2437941884 28.1754110041 113.518546692 141.35457792 82.326292769 103.896014222 640.073766657 664.307113557 706.100901471 1148.50508897 23978.6983352 17.2501066302 14.5856246695 83.0210945936 69.7685698525 10.5211817104 37.1582582779 48.2399716642 272.546983692 283.223184605 647.396436386 343.821252699 66.3704937012 8400.53820598 105.50658813 8109.75544972 8099.3265402 256.475149169 8.32154450076 29.7991495183
-9999.0 -9999.0 -9999.0 -9999.0 -9999.0 -9999.0 -9999.0 -9999.0 -9999.0 -9999.0 -9999.0 -9999.0 -9999.0 -9999.0 29.2857403004 47.8127303083 102.608329692 176.283739255 263.793659622 326.645929717 359.991097422 393.467997956 425.675202279 31.3271921865 30.1270235068 59.5770775525 56.9064060719 28.8106514746 549.064664857 576.498003758 602.685477793 627.538900462 376.696699704 403.090670025 425.252639914 23985.132441 27.4042101875 39.3228321165 129.945225841 12.0921600035 19.9621388016 9.73374800247 10.4435357086 57.6424955848 9.00062165551 9.65722313065 9097.72413702 8443.04843136 8433.77133827 36.9689075783 93.8899897311 63.0997980983 17.3213428613 239.971973591 75.9000757221
-9999.0 -9999.0 -9999.0 -9999.0 -9999.0 -9999.0 -9999.0 -9999.0 -9999.0 -9999.0 -9999.0 -9999.0 -9999.0 -9999.0 20.4116231954 18.3328811801 35.5478602189 55.1689273076 32.6904445366 36.0601759278 70.1498453188 104.306323267 169.107787529 201.216382198 231.865595374 322.566629268 351.35211646 380.855268192 28.1556685345 279.362751878 305.335560328 330.340077798 22.8223074137 14.6009812806 24.9818283923 24426.8697918 24433.1233438 24475.6951707 161.168854956 23.2974840096 37.6373129624 12.3146543648 18.9598540792 66.1706165238 83.2030943437 17.8315478009 9140.14066117 13.1876562514 20.7419410719 23.0646586026 17.2449349362 32.933233511 14.2013613311 144.716058875 116.733989561
-9999.0 -9999.0 -9999.0 -9999.0 -9999.0 -9999.0 -9999.0 -9999.0 -9999.0 -9999.0 -9999.0 -9999.0 -9999.0 -9999.0 -9999.0 16.9315444996 33.7442753077 17.8414238745 37.5247485487 234.597340079 264.798976083 298.978384256 32.4111913383 32.3882517392 63.1003990516 93.7528514872 151.24151753 179.810836525 196.254681994 223.807845052 25.0374941433 24.5018349138 378.917683754 392.181480566 401.544725418 410.073634264 332.389503225 24843.0890399 25062.3067812 25070.04956 25114.8398451 25160.6295742 25189.3420301 9.5945065539 91.5235446831 9149.05963815 25.863102654 13.2783537099 11.0889760928 9.13795343927 16.5943825238 18.3382504857 10.404303706 13.6873898558 14.0326737268
-9999.0 -9999.0 -9999.0 -9999.0 -9999.0 -9999.0 -9999.0 -9999.0 -9999.0 -9999.0 -9999.0 -9999.0 -9999.0 -9999.0 -9999.0 -9999.0 50.1359505808 69.357674467 126.233271617 174.016823365 27.253453654 361.126056346 393.298288485 425.544037629 31.7849038892 62.9042657904 29.1081830524 211.583882233 227.200790031 252.141173743 279.964809589 347.302866563 357.897619335 6.72622804418 300.198655606 316.882236206 324.317262298 360.769396022 51.2950178243 34.3406595897 23.3456648044 21.8282065481 25220.1411779 25235.8774004 25392.27348 9158.61655228 64.8140808174 29.4770381175 19.277371388 6.92313311292 54.6394990012 29.7022059795 9.58977203704 51.7323081413 43.4002674627
-9999.0 -9999.0 -9999.0 -9999.0 -9999.0 -9999.0 -9999.0 -9999.0 -9999.0 -9999.0 -9999.0 -9999.0 -9999.0 -9999.0 -9999.0 -9999.0 19.0271323169 87.9669588654 108.254461032 28.9773364395 34.4089862522 68.4536763431 100.439781947 558.065069436 31.6358985232 126.661359774 156.209835557 185.192648032 16.7162486731 40.2731224547 55.9062133102 239.708903602 270.991029769 277.385374768 7.94910708439 8.8080102965 11.4471882068 20.7707889875 9.47168963403 10.3674239638 21.6371731178 15.8775385653 20.6043752739 54.7678643793 25407.6905248 34606.905917 80.7251257707 12.0049693064 7.05113364772 173.396578956 158.549360875 94.417740914 84.9546306644 64.1369750445 13.6120846446
-9999.0 -9999.0 -9999.0 -9999.0 -9999.0 -9999.0 -9999.0 -9999.0 -9999.0 -9999.0 -9999.0 -9999.0 -9999.0 -9999.0 -9999.0 14.8179169926 51.3710852801 17.3501061465 34.2113077155 36.7602422574 71.5741934739 105.436066466 134.387949467 713.053542653 744.010830642 31.6130465551 61.3788371692 91.1607888918 112.355067397 136.912100663 215.212542627 231.440544647 22.3721229332 15.9999710059 14.7221238329 17.1826231401 20.9796153123 19.7424763619 18.5233816139 20.2235848559 72.6258118624 31.7085867623 12.7915396556 12.2262497851 14.609222701 28.0780921219 35166.4586728 470.719056355 201.143755414 11.4753421278 4.65834547141 5.45907360319 21.9179599559 16.1458385792 8.70526953335
-9999.0 -9999.0 -9999.0 -9999.0 -9999.0 -9999.0 -9999.0 -9999.0 -9999.0 -9999.0 -9999.0 -9999.0 -9999.0 -9999.0 15.73722427 30.1144126792 113.477680155 16.8247031558 62.2792728656 98.8035568 134.123392186 35.2948721071 67.7686458536 93.6541803549 857.591884372 30.6801708952 59.5629342213 88.3984401322 26.7975622964 53.4508181327 75.4822695773 92.6429283255 1852.10201598 1887.1624193 1922.65112299 2075.53012758 2131.13374292 2249.41231099 43.8415716894 89.8670520394 95.5198427839 2649.07088679 2675.46193356 11.5637695286 23.3597384944 34.6291244726 35173.6356925 448.973784895 234.5807896 229.590883401 159.791148901 133.100071032 29.1303293249 6.47850480476 14.3951252258
-9999.0 -9999.0 -9999.0 -9999.0 -9999.0 -9999.0 -9999.0 -9999.0 -9999.0 -9999.0 -9999.0 -9999.0 -9999.0 -9999.0 15.9241247593 48.2568062841 177.502446316 259.66135436 14.8318092455 345.903772462 499.644479175 34.0310141079 66.3198260277 94.266078321 1125.04672877 1147.87540393 28.9099995122 146.532733622 173.819996675 197.295074373 1636.44030196 1703.22551107 1739.18491742 17.6262961604 103.796405156 124.84394332 56.694428056 82.3358127383 2366.7126422 2494.72427284 2516.93833441 2538.38833897 2705.8510673 14.9675977196 13.6481314562 59.2010430659 35182.8161288 8.29014705024 22.2260176182 65.4505316384 22.7125015196 123.530694781 88.1323111976 51.2588759193 38.4111453092
-9999.0 -9999.0 -9999.0 -9999.0 -9999.0 -9999.0 -9999.0 -9999.0 -9999.0 -9999.0 -9999.0 -9999.0 -9999.0 -9999.0 -9999.0 -9999.0 33.5051605717 67.3697064001 308.684548713 327.017102721 515.512492492 535.20325356 33.4377496683 66.7248903815 156.825835263 1166.69605949 1223.50115993 1249.71873159 22.2278741057 1346.83419073 1417.02742913 43.8603072765 17.1570557619 34.4131826808 66.999324476 16.0729750192 33.2047192052 77.0366921207 97.2458018524 17.6857937905 13.3337937903 27.180346826 2799.83491348 2833.69657179 2845.61361225 2931.95341913 35191.3392117 4.98534119917 18.7839921093 20.1519998281 19.6319051641 19.8949458669 18.0664561525 34.6853047827 4.33696682736
-9999.0 -9999.0 -9999.0 -9999.0 -9999.0 -9999.0 -9999.0 -9999.0 -9999.0 -9999.0 -9999.0 -9999.0 -9999.0 -9999.0 -9999.0 -9999.0 17.4602037884 17.0572212651 17.2841613288 37.8672700426 16.7569037147 568.227378479 586.357942991 30.2037171175 61.5674519881 32.911223574 29.528784011 29.0336806191 1304.07556067 24.1406817293 48.2665224154 22.3340457119 18.4994864568 16.5592182601 13.8580307869 14.2783767534 43.4495423323 58.9748214984 12.2876728298 10.9348190349 23.2583110639 37.5900213826 48.1994287089 14.7126749452 2860.1468883 2944.17131763 35196.7110963 55.1006904772 45.7189858921 14.9095909605 32.5648183439 13.1149432508 10.8958250121 46.2143541099 23.9230306498
-9999.0 -9999.0 -9999.0 -9999.0 -9999.0 -9999.0 -9999.0 -9999.0 -9999.0 -9999.0 -9999.0 -9999.0 -9999.0 -9999.0 -9999.0 -9999.0 -9999.0 -9999.0 16.8410226936 53.4234114463 67.572377301 83.5303848323 602.020219708 617.872039539 635.150251243 659.112639612 687.64526694 745.681086175 769.039441488 792.476578058 812.800719791 16.958949079 16.285460233 16.7335717078 59.5735590663 15.3759945846 14.8898559511 12.5230112359 36.7268342325 13.5746516168 11.2102909397 10.5907298985 9.27380273228 18.5190169561 27.1253377845 3000.42808767 38258.854751 4.32355226725 11.7988409713 13.8501459736 46.5211181949 28.1121006099 21.8742902546 90.4590361032 40.3856437014
-9999.0 -9999.0 -9999.0 -9999.0 -9999.0 -9999.0 -9999.0 -9999.0 -9999.0 -9999.0 -9999.0 -9999.0 -9999.0 -9999.0 -9999.0 -9999.0 -9999.0 -9999.0 -9999.0 13.8584863311 110.577023025 224.635088183 242.293621836 27.3608943269 57.7170412296 89.2659726381 117.987633881 300.212390646 318.640217097 17.7147556308 17.6170219209 850.745505319 885.032828214 900.149024483 72.1121208925 11.6394560696 27.3448429148 40.4270371161 120.133900275 146.264243044 167.959823257 20.360189328 28.9854240126 9.76622503793 19.3506973907 9.8493598407 38276.5426545 4.80657834368 20.3929338803 21.1676523131 74.2670428129 123.414296217 148.041970873 241.010538119 57.1788008116
-9999.0 -9999.0 -9999.0 -9999.0 -9999.0 -9999.0 -9999.0 -9999.0 -9999.0 -9999.0 -9999.0 -9999.0 -9999.0 -9999.0 -9999.0 -9999.0 -9999.0 -9999.0 15.5571525914 49.5993337807 96.996023984 126.616996912 333.276124125 355.691933816 64.6232508947 96.1910420127 124.427491487 154.074724528 340.302119791 377.484934264 679.002526019 703.07585652 721.767906396 915.628977882 1028.34795569 26.938192999 16.5222137434 16.0372260421 31.1065536193 14.3600553779 195.188869358 205.656210954 38.666199834 49.3747931151 12.6198740344 7498.65054217 7520.05989105 45807.7894508 45833.5051524 4.13506354681 82.8975604995 6.92246433394 7.1673517968 258.803287525 322.276464827
-9999.0 -9999.0 -9999.0 -9999.0 -9999.0 -9999.0 -9999.0 -9999.0 -9999.0 -9999.0 -9999.0 -9999.0 -9999.0 -9999.0 -9999.0 -9999.0 -9999.0 -9999.0 -9999.0 17.7275067806 17.2350107626 32.4779690826 76.9335512332 370.861476089 32.8733658281 32.5191084476 61.0897321322 89.5025986155 227.517701518 251.856724968 16.7393109827 15.4086135451 741.755740155 757.667413867 1801.99637313 1817.59131177 10.9673358587 9.87863277569 8.72729674547 8.79685342425 9.21809039733 7308.50186492 7369.16867419 7428.24067407 7450.45773456 7488.19160269 10.8965566171 41.1981336525 53.5594038314 45903.7394424 45906.5333243 45909.3211812 45917.8760425 45924.1765689 335.898899717
-9999.0 -9999.0 -9999.0 -9999.0 -9999.0 -9999.0 -9999.0 -9999.0 -9999.0 -9999.0 -9999.0 -9999.0 -9999.0 -9999.0 -9999.0 -9999.0 -9999.0 -9999.0 -9999.0 -9999.0 15.7247504499 16.5020584194 30.5285244375 430.518765336 449.501191336 32.2201732601 60.6167296905 89.2936777696 114.152986606 23.2454268594 43.5418687687 1225.06899861 1242.28691407 1258.39804147 1377.3612553 3209.98214635 6909.56230255 6933.60445369 6956.09838788 6977.89658909 7065.34087951 7092.52462816 51.398251874 23.7653361247 13.3206353256 25.5290757029 20.5250273856 31.9920986172 10.215649231 229.963842039 250.538008132 263.951931157 271.268562372 45929.3421431 46275.3981855
-9999.0 -9999.0 -9999.0 -9999.0 -9999.0 -9999.0 -9999.0 -9999.0 -9999.0 -9999.0 -9999.0 -9999.0 -9999.0 -9999.0 -9999.0 -9999.0 -9999.0 -9999.0 -9999.0 -9999.0 -9999.0 15.990673844 30.6018815609 45.3311687144 462.424118793 23.4250532075 655.679936879 685.308861522 709.731192159 731.098537442 1140.90969185 1162.19144647 17.9296794011 86.7156476614 105.899317366 17.3161454117 3675.14488952 3643.24954867 11.6100840026 25.410382589 67.5368637903 14.5373782832 15.0135989916 12.1179077408 10.7156049297 8.98559356953 9.93917283648 196.150369746 206.269214445 217.88421796 10.5273363879 6.50173466687 275.246702014 283.273227424 289.153617405
-9999.0 -9999.0 -9999.0 -9999.0 -9999.0 -9999.0 -9999.0 -9999.0 -9999.0 -9999.0 -9999.0 -9999.0 -9999.0 -9999.0 -9999.0 -9999.0 -9999.0 -9999.0 -9999.0 -9999.0 -9999.0 14.5190603058 13.5772112755 70.5503465099 564.598544335 604.225865267 627.294336284 31.262108542 354.438721544 377.510814092 388.129135554 19.5628062574 39.5881984196 56.9254432817 870.041554927 884.17687763 896.986335466 3619.03752679 2105.55164803 13.5555642218 14.1901654998 13.8667069076 11.8273788991 118.130551941 141.585150007 162.897076039 174.412619865 185.608989254 1148.45904095 1157.45311208 1167.68202525 1190.22873086 1303.31415983 1310.13879024 1606.69425319
-9999.0 -9999.0 -9999.0 -9999.0 -9999.0 -9999.0 -9999.0 -9999.0 -9999.0 -9999.0 -9999.0 -9999.0 -9999.0 -9999.0 -9999.0 -9999.0 -9999.0 -9999.0 -9999.0 -9999.0 -9999.0 -9999.0 28.3401154904 43.4103256349 18.2832767771 32.9785068302 235.168293506 267.851332756 295.856967569 175.70554268 200.360122922 224.914916311 244.070529953 839.41661616 856.780589232 574.123421286 1486.25358149 1500.73608265 2093.55319777 28.83527461 14.6345275113 11.4715472333 80.9938595771 94.8992214664 9.56930296475 9.02550609341 1109.38044799 1130.10692213 1140.1064577 10.3873014739 15.7089399369 1282.08819606 12.9865896158 52.1772223 58.3608506853
-9999.0 -9999.0 -9999.0 -9999.0 -9999.0 -9999.0 -9999.0 -9999.0 -9999.0 -9999.0 -9999.0 -9999.0 -9999.0 -9999.0 -9999.0 -9999.0 -9999.0 -9999.0 -9999.0 -9999.0 -9999.0 -9999.0 14.195691985 28.113880433 125.284194139 144.836841849 171.804528192 121.65249918 150.697393139 25.3270249686 531.294831774 555.305367194 578.062903771 18.9184379292 541.00167484 558.70313637 14.9096701691 2019.76114354 30.8868838439 15.3997729407 42.885416375 57.5512974535 12.1821020032 10.4778060582 1004.66494598 1090.19909577 1101.86300445 12.1309884375 28.8858289568 36.797748055 44.3756589746 84.0960909826 19.0420059559 42.6600725344 8.66947232921
-9999.0 -9999.0 -9999.0 -9999.0 -9999.0 -9999.0 -9999.0 -9999.0 -9999.0 -9999.0 -9999.0 -9999.0 -9999.0 -9999.0 -9999.0 -9999.0 -9999.0 -9999.0 -9999.0 -9999.0 -9999.0 -9999.0 13.9811920407 45.0659028489 82.0172878578 23.9782783941 56.5354311112 90.2221212965 429.466216219 457.282863246 482.146452189 24.0747614475 417.016720956 486.419685196 506.468205266 17.8946415719 1957.16179518 1990.57700015 16.1708145143 15.3308484979 30.5225476316 13.3429758217 936.62301134 961.200866868 975.026414052 53.7019062453 66.1473758484 11.2531138873 20.5156428835 9.32041427973 64.1529085163 9.3276269302 10.6293709863 11.727803846 11.7127503407
-9999.0 -9999.0 -9999.0 -9999.0 -9999.0 -9999.0 -9999.0 -9999.0 -9999.0 -9999.0 -9999.0 -9999.0 -9999.0 -9999.0 -9999.0 -9999.0 -9999.0 -9999.0 -9999.0 -9999.0 -9999.0 -9999.0 -9999.0 16.3740147364 19.6547017466 28.8780755788 268.496127659 301.325239649 398.606154629 29.0892572023 318.440573179 370.319677496 24.2244758639 48.0871069425 20.0492519265 1903.51759822 19.9895733534 53.7125725875 67.6415357175 82.2607031679 848.729486147 897.904400548 912.563095849 14.7036514789 28.074087782 40.5362686737 8.70768215838 7.99995445329 2119.89602897 2127.77409485 2134.47283403 2194.53326186 2202.42566653 2214.11705011 2223.51330775
