data/baseflow/mHMbf_acc463.asc
ncols                  80
nrows                 72
xllcorner      4374000.0
yllcorner      5656000.0
cellsize            500
NODATA_value       -9999
[rows 0 to 24 of 72, columns 0 to 54 of 80]
-9999.0 -9999.0 -9999.0 -9999.0 -9999.0 -9999.0 -9999.0 -9999.0 -9999.0 -9999.0 -9999.0 -9999.0 17.7351283498 17.5158129648 -9999.0 -9999.0 -9999.0 -9999.0 -9999.0 -9999.0 -9999.0 -9999.0 -9999.0 -9999.0 -9999.0 -9999.0 -9999.0 -9999.0 -9999.0 -9999.0 -9999.0 -9999.0 -9999.0 -9999.0 -9999.0 -9999.0 -9999.0 -9999.0 -9999.0 -9999.0 -9999.0 -9999.0 -9999.0 -9999.0 -9999.0 -9999.0 -9999.0 -9999.0 -9999.0 -9999.0 -9999.0 -9999.0 -9999.0 -9999.0 -9999.0
-9999.0 -9999.0 -9999.0 -9999.0 -9999.0 -9999.0 -9999.0 -9999.0 -9999.0 -9999.0 -9999.0 -9999.0 36.5705638179 87.7749043085 15.6788361486 -9999.0 12.947956868 -9999.0 -9999.0 -9999.0 -9999.0 -9999.0 -9999.0 -9999.0 -9999.0 -9999.0 -9999.0 -9999.0 -9999.0 -9999.0 -9999.0 -9999.0 -9999.0 -9999.0 -9999.0 -9999.0 -9999.0 -9999.0 -9999.0 -9999.0 -9999.0 -9999.0 -9999.0 -9999.0 -9999.0 -9999.0 -9999.0 -9999.0 -9999.0 -9999.0 -9999.0 -9999.0 -9999.0 -9999.0 -9999.0
-9999.0 -9999.0 -9999.0 -9999.0 -9999.0 -9999.0 -9999.0 -9999.0 -9999.0 -9999.0 16.5158457482 16.1576331728 17.7521397351 17.6853427501 120.428625366 136.241221465 36.1886828905 11.5441913725 -9999.0 -9999.0 -9999.0 -9999.0 -9999.0 -9999.0 -9999.0 -9999.0 -9999.0 -9999.0 -9999.0 -9999.0 -9999.0 -9999.0 -9999.0 -9999.0 -9999.0 -9999.0 -9999.0 -9999.0 -9999.0 -9999.0 -9999.0 -9999.0 -9999.0 -9999.0 -9999.0 -9999.0 -9999.0 -9999.0 -9999.0 -9999.0 -9999.0 -9999.0 -9999.0 -9999.0 -9999.0
-9999.0 -9999.0 -9999.0 -9999.0 -9999.0 -9999.0 -9999.0 -9999.0 -9999.0 15.6492316 32.5058980415 64.7364254075 33.7503959905 16.2317787416 31.7344809725 151.305681544 215.707043866 13.4826624102 -9999.0 17.5946782547 -9999.0 -9999.0 -9999.0 -9999.0 25.3102633903 12.8404400398 -9999.0 -9999.0 -9999.0 -9999.0 -9999.0 -9999.0 -9999.0 -9999.0 -9999.0 -9999.0 -9999.0 -9999.0 -9999.0 -9999.0 -9999.0 -9999.0 -9999.0 -9999.0 -9999.0 -9999.0 -9999.0 -9999.0 -9999.0 -9999.0 -9999.0 -9999.0 -9999.0 -9999.0 -9999.0
-9999.0 -9999.0 -9999.0 -9999.0 -9999.0 -9999.0 -9999.0 -9999.0 19.5614851806 52.8424030684 68.5856298258 84.3011207466 113.922133889 14.6435244026 60.4870855304 74.8559177829 321.515323088 15.5777913223 14.3668329104 32.6392998691 47.5610454246 15.8509576391 -9999.0 68.0608960035 55.7889851744 15.852283759 -9999.0 -9999.0 -9999.0 -9999.0 -9999.0 -9999.0 -9999.0 -9999.0 -9999.0 -9999.0 -9999.0 -9999.0 -9999.0 -9999.0 -9999.0 -9999.0 -9999.0 -9999.0 -9999.0 -9999.0 -9999.0 -9999.0 -9999.0 -9999.0 -9999.0 -9999.0 -9999.0 -9999.0 -9999.0
-9999.0 -9999.0 -9999.0 -9999.0 -9999.0 -9999.0 18.0677276949 15.9682674876 15.8669956876 16.3576281861 17.2787832521 119.239732682 249.638061325 265.611746955 277.9968175 11.6967679408 348.115701776 362.22532824 29.2061178707 14.8828814062 62.1048427779 108.788141823 16.2347379476 118.584790536 17.2151667654 17.4507213166 18.0364297634 -9999.0 -9999.0 -9999.0 -9999.0 -9999.0 -9999.0 -9999.0 -9999.0 -9999.0 -9999.0 -9999.0 -9999.0 -9999.0 -9999.0 -9999.0 -9999.0 -9999.0 -9999.0 -9999.0 -9999.0 -9999.0 -9999.0 -9999.0 -9999.0 -9999.0 -9999.0 -9999.0 -9999.0
-9999.0 -9999.0 -9999.0 -9999.0 -9999.0 -9999.0 36.6863463608 53.9759207545 121.754745106 168.912581175 14.6937462684 15.1315390261 14.8417645366 43.8587839666 335.341774574 11.4546370436 375.345268547 429.581154912 42.7308163304 27.8656328265 122.555592371 15.3802948808 133.809808219 31.4205127866 16.0502880616 32.9623437027 36.1396435968 18.4107221016 18.6468527648 17.9524279882 20.0602461182 40.0824349439 -9999.0 -9999.0 -9999.0 -9999.0 -9999.0 -9999.0 -9999.0 -9999.0 -9999.0 -9999.0 -9999.0 -9999.0 -9999.0 -9999.0 -9999.0 -9999.0 -9999.0 -9999.0 -9999.0 -9999.0 -9999.0 -9999.0 -9999.0
-9999.0 -9999.0 -9999.0 -9999.0 -9999.0 20.725616716 39.7042639247 18.7700204311 36.604569014 187.411519967 219.884860739 251.54880932 839.013167017 14.7183773783 350.131954234 1309.23645222 1319.65734391 1768.19204437 11.895995216 40.8596036412 136.413529518 13.6522124649 312.226347289 163.753494407 101.958346704 85.7934823669 17.7117456184 54.406180762 53.8933507905 35.8124500291 17.6755026754 58.4364991785 17.8082163307 17.3863818437 -9999.0 -9999.0 -9999.0 -9999.0 -9999.0 -9999.0 -9999.0 -9999.0 -9999.0 -9999.0 -9999.0 -9999.0 -9999.0 -9999.0 -9999.0 -9999.0 -9999.0 -9999.0 -9999.0 -9999.0 -9999.0
-9999.0 -9999.0 -9999.0 -9999.0 -9999.0 21.0057584877 60.6918905371 120.234919547 138.573011829 276.49197998 293.751503027 348.699432628 573.000687173 885.58576692 918.440176318 934.095767377 27.2705057991 1817.1095823 1841.33003925 1910.03570932 2415.85094009 355.610552019 327.954906535 117.351912799 15.3790744701 102.922534849 70.7304607882 15.5214973551 70.1777051641 15.7340752808 32.8753687237 92.2544805582 109.520013805 34.2473667678 17.3466679659 16.5460202474 -9999.0 -9999.0 -9999.0 -9999.0 13.7248469609 11.7431421768 -9999.0 -9999.0 -9999.0 -9999.0 -9999.0 -9999.0 -9999.0 -9999.0 -9999.0 -9999.0 -9999.0 -9999.0 -9999.0
-9999.0 -9999.0 -9999.0 -9999.0 -9999.0 19.9688994627 19.0123411998 81.8227052183 100.700751709 120.371862919 18.7905992278 37.040287056 212.059614488 37.9197095265 18.1624696283 16.3285546956 14.6557966834 16.4108088884 15.2300120152 16.278351597 2430.88384627 2473.0614869 13.9423223695 44.1509596029 30.5545238631 117.81454066 31.3300475857 14.9514719451 87.1360788668 30.7064809842 74.3352377378 191.967367928 177.814518362 51.2650312425 50.9306900156 17.3095230017 17.2722221397 -9999.0 -9999.0 17.2074713853 31.0238358742 67.438402732 12.4685958283 -9999.0 -9999.0 -9999.0 -9999.0 -9999.0 -9999.0 -9999.0 -9999.0 -9999.0 -9999.0 -9999.0 -9999.0
-9999.0 -9999.0 -9999.0 -9999.0 -9999.0 -9999.0 21.5229316962 22.1608690784 41.0323342951 60.6173158586 137.286497234 175.534676543 195.080710076 19.8065147823 15.9638957691 214.762098223 264.181749442 279.469103627 343.777613644 358.105584223 14.5773601894 2487.90148218 2559.44605146 56.803278381 9.37101167815 130.256072539 292.441342263 116.962791505 29.3263098617 14.4505690151 296.043985976 207.542537551 15.5511192625 15.2313963362 66.8477294543 50.848144551 16.620886603 15.9730376879 16.8202876077 33.5467329474 16.1050036672 82.2684363527 98.2979722031 14.8435338351 -9999.0 -9999.0 -9999.0 -9999.0 17.4928290477 16.3066495139 4.74035362182 -9999.0 -9999.0 -9999.0 -9999.0
-9999.0 -9999.0 -9999.0 -9999.0 -9999.0 -9999.0 -9999.0 20.9621201224 17.8589167775 38.3518151064 58.6133936328 19.239846533 17.2027548019 111.153414905 146.948397395 183.628212427 17.5636445114 33.1575366974 16.8002947712 373.238622615 840.207310037 853.451852345 3442.26421413 14.0883206397 26.9985942734 8.1526872518 306.475379212 14.5242653308 44.0936794673 14.3090378972 311.138690786 326.240663536 31.1861134574 30.2320834723 167.243216972 83.9266834395 32.6785472509 16.8330263849 33.4555228285 49.9013882828 81.6093424311 15.4513050146 127.955275273 142.407525066 13.1078997756 14.1044536328 14.5599560771 13.1429304437 12.4954367843 47.61315198 18.1039360471 11.342936897 -9999.0 -9999.0 -9999.0
-9999.0 -9999.0 -9999.0 -9999.0 -9999.0 -9999.0 -9999.0 -9999.0 38.264721227 54.532502802 19.0668983096 39.174694279 58.1029668381 95.2663786283 19.274714599 18.325391242 15.8337024743 16.0029997942 14.487556996 435.278832194 17.7485220676 34.3668146283 3491.81246745 3528.11060745 16.1981156569 59.2821379298 379.076331992 27.7497423495 56.9548394434 26.7817416054 39.5916770874 384.532082911 44.9410164265 240.528749593 196.809375023 14.8808577505 80.5617671493 32.6043315893 48.5847768318 14.888255763 96.7550875748 126.852231403 139.745876257 151.951396999 192.448492659 25.2861485722 26.3945676439 24.0534459095 22.6262216886 59.4115750798 11.921538002 41.7310921174 52.6847982461 -9999.0 -9999.0
-9999.0 -9999.0 -9999.0 -9999.0 -9999.0 -9999.0 -9999.0 -9999.0 20.6355197364 95.3631577687 113.740029684 18.347283034 36.2205014686 17.8098243854 16.5706166187 16.2569762402 208.573828953 281.258053487 350.036888723 421.084899569 17.9809289488 17.08592714 18.1916207762 3608.41042282 3649.52146351 3666.14963673 509.988272392 113.339252637 98.5737708425 12.8815948239 52.3941911487 449.97264091 13.3938369666 253.965008664 14.4878826169 103.742047287 96.772954146 15.4193275785 63.6792161982 29.8124623653 44.465945366 14.2424696283 11.9418853816 163.997421109 175.091622956 203.511392561 38.1366089999 35.2044579548 33.4551266271 71.953105543 96.1450829819 12.067452203 64.1349267934 11.8907578768 22.3664984775
-9999.0 -9999.0 -9999.0 -9999.0 -9999.0 -9999.0 -9999.0 -9999.0 -9999.0 21.625408258 133.708947553 151.636530067 54.2455979697 90.3408602463 124.440035034 142.115810337 18.800027879 56.4248049497 38.2886241605 19.8036019545 19.36317902 17.1132724208 34.8433503287 60.6767535568 22.8717704673 4217.12062742 4234.60041833 15.5522592436 11.8835300308 24.9764237525 37.1953073712 488.009692279 25.7367865451 265.868023597 157.614485161 130.438837021 14.5209578795 29.421316036 77.2223891666 13.5321944316 57.6007051002 27.5948318144 20.31573533 8.94247432818 203.867217481 416.749940309 46.6905687132 43.9705540067 43.8247731302 10.3687983014 106.533292305 10.086699193 86.1453348993 10.3208562395 32.9569487204
-9999.0 -9999.0 -9999.0 -9999.0 -9999.0 -9999.0 -9999.0 -9999.0 -9999.0 -9999.0 18.5684814561 188.973246936 17.8183237714 35.865663478 52.5971460495 86.2650708985 17.6704590575 37.1728924784 18.6049472781 17.2980974568 16.6482226306 32.9750727503 15.3309550687 17.6333243731 36.1293928137 20.9604208537 4253.8713159 4286.66954767 4332.61914037 50.2668371212 12.2879237972 24.4848409914 501.061885417 487.67395588 185.240838726 13.5316172158 57.666500029 43.416446467 90.8131116531 27.0110490469 112.184076869 41.0181592492 31.7141688489 6.64346451697 9.56692410921 429.065858027 439.940146361 539.929473204 76.2750044159 21.312083411 117.846037862 138.987366763 235.078686517 20.723475865 9.46032832626
-9999.0 -9999.0 -9999.0 -9999.0 -9999.0 -9999.0 -9999.0 -9999.0 -9999.0 -9999.0 -9999.0 9.97175395073 209.420933312 16.808321003 33.2011893337 152.902283896 17.6377877644 17.3678357257 15.336668862 33.1414356445 16.4242378938 65.7340494963 96.0641312874 110.043911351 50.0612275258 64.4649112685 16.9436127167 19.7466000062 18.4674336814 4412.59709465 4449.79548368 512.829690356 511.54409045 499.713452616 24.6492162377 12.0039406382 70.1745958492 186.268812713 103.614299519 39.610409998 164.578999855 64.3394242334 52.2222597537 12.4353323961 5.2110693683 5.16260676893 6.43261866017 572.997441576 681.333719623 10.1619231376 9.70285582057 10.0303801533 244.678871948 274.356756199 17.181844299
-9999.0 -9999.0 -9999.0 -9999.0 -9999.0 -9999.0 -9999.0 -9999.0 -9999.0 -9999.0 -9999.0 8.93836051503 231.188340573 285.204008923 16.5705541154 185.643848684 16.0242998356 15.1238725446 30.5559012983 79.3401839336 15.6631182698 16.784429786 14.5693909975 139.370540074 153.668561932 232.86441198 263.617288426 278.534152331 294.543075551 310.302458067 4777.39796138 5319.35921705 5858.62341698 5871.49722032 12.3770155944 11.633315902 211.430901394 198.963373752 12.5122920268 12.4850759887 177.447031701 255.035459911 10.5694725182 125.389549069 117.001024567 28.4011099373 14.180643635 23.6690142105 12.1057445559 701.798142762 10.4712859156 29.4461865846 37.5863906468 338.003790044 360.565633331
-9999.0 -9999.0 -9999.0 -9999.0 -9999.0 -9999.0 -9999.0 -9999.0 -9999.0 -9999.0 -9999.0 19.7299855836 38.053081594 302.834277836 333.321479121 15.5179546262 217.794694746 13.6872070289 42.1860550055 93.2270899554 29.918765492 14.1559388522 30.2074107683 13.1968319914 24.9891020581 11.7499808313 10.8697810866 8.44268643314 8.0702177663 7.93476200106 8.63732741684 12.441960659 15.8872699021 17.9767263007 5914.27603917 257.031427616 234.018632263 10.6030104224 35.9396355659 8.64971610168 7.83780301394 266.781243612 429.118608655 139.125295811 105.870756692 16.9658017195 7.23438530346 6.34618963013 15.6542295045 727.919502503 747.842428543 10.4145596718 10.6400984496 9.55176372437 6.62487394481
-9999.0 -9999.0 -9999.0 -9999.0 -9999.0 -9999.0 -9999.0 -9999.0 -9999.0 -9999.0 -9999.0 -9999.0 16.0132363757 234.874206621 584.645357921 635.668136114 868.808449473 884.548377397 209.102688589 151.76810525 44.416327725 13.8646349989 57.8259435926 71.2960006764 108.373244113 24.2734451525 22.7138644072 20.5843029368 40.6848047508 19.683914616 19.921233085 9.22112526676 5.96106097272 7.54002509473 5927.4832127 6191.9722951 6205.52014378 10.8110897974 98.5434402364 40.5791273477 12.4001144902 470.911291624 30.1040638665 15.6964895925 65.4102675839 13.178250437 10.7857477963 20.0936737271 28.4506468381 37.9204927408 764.688277798 7.96786732248 6.90531088584 6.90648560797 5.52913083949
-9999.0 -9999.0 -9999.0 -9999.0 -9999.0 -9999.0 -9999.0 -9999.0 -9999.0 -9999.0 -9999.0 17.9242884589 179.331241137 217.882602428 35.552914938 10.8525715558 23.6897708888 922.763243022 937.192559959 1161.0048103 12.1855639291 25.8747137061 11.4943645074 11.7374319247 120.429927563 156.715473058 190.705621045 11.0808578613 52.1186136455 82.9491028998 50.8390614862 20.217047923 14.7056432845 13.4493907443 14.4887807011 8.55510250686 6216.4785544 6225.32013744 6341.99182773 21.6766922676 11.2278823617 481.5166032 30.7168100405 16.1549588794 18.115347135 17.9967229275 15.4547836377 27.3184762108 77.7390045951 126.229490304 899.152882345 6.09132380465 18.2618482309 12.3714143813 10.5208740823
-9999.0 -9999.0 -9999.0 -9999.0 -9999.0 -9999.0 -9999.0 -9999.0 -9999.0 -9999.0 -9999.0 18.5424057675 127.54368609 19.9913784686 16.9271105585 91.6060923142 106.881164885 122.315360571 135.815458062 1585.72985742 1597.78995893 1622.19506863 1811.37349562 1847.43130323 1868.64153494 1881.34441174 2097.78891812 2126.46941228 2138.69593247 2234.7590238 2298.74942227 2309.87602399 2344.54767093 23.811817899 21.4360994741 5.2307313489 6.12772793724 6235.35946386 6383.34061045 32.631103605 560.358166701 549.811358628 58.1842659771 13.7177386787 14.1095257866 13.5518889878 13.6769028659 27.6613854778 39.9448378398 12.0698137831 907.061778582 915.518600063 953.432480015 960.403818072 977.470879215
-9999.0 -9999.0 -9999.0 -9999.0 -9999.0 -9999.0 -9999.0 -9999.0 -9999.0 -9999.0 -9999.0 66.9426235205 88.3268518231 40.269047512 59.6700823767 19.0685434934 213.253596227 229.993632373 263.049036831 275.253423248 106.688429036 1749.61288345 1761.91461662 11.9897791335 8.68644824874 7.53887573708 17.3821334287 8.18106555775 6.10283555089 5.28392402771 6.26488036141 2319.52615654 2355.08001175 2390.58172535 2422.11125264 2444.26124529 10.0518775381 3.48847623314 6971.6573414 579.95116018 571.715350066 11.7009680953 11.3920517888 10.9071947099 25.1408537412 24.6178985976 11.0576042973 11.018940819 10.0015334123 21.7131846825 29.0500195054 5.46451410146 9.70769807541 4.08562068309 2.48894485071
-9999.0 -9999.0 -9999.0 -9999.0 -9999.0 -9999.0 -9999.0 -9999.0 -9999.0 -9999.0 -9999.0 -9999.0 45.7400080981 20.9191254635 18.8216080105 179.87070367 197.556928226 17.500020959 67.3135681836 82.5619477135 95.6945568596 14.8071372632 11.7267929867 271.672529711 281.91056166 291.438720642 768.36268614 775.653255821 787.773607836 853.276986885 888.925906039 893.929636178 4.75881590559 5.17457735089 5.55347462951 2457.01149948 5.40929415145 7070.19628834 7061.5135757 82.2053861587 72.0036154592 44.4590290794 11.029793539 21.4323437226 36.2178169886 35.7563839937 21.6787639264 10.4701555131 20.3467163533 19.5069971975 37.5782986514 4.69946577405 14.3574654723 25.081956342 30.4814917996
-9999.0 -9999.0 -9999.0 -9999.0 -9999.0 -9999.0 -9999.0 -9999.0 -9999.0 -9999.0 -9999.0 -9999.0 23.8355070602 64.3974003039 84.0785933146 142.717223329 17.2162225529 35.1681442461 52.1112677787 199.855230957 212.71234725 221.290132467 233.767400514 249.04407058 401.586210202 445.351590376 469.001022837 8.85954045726 51.5757432088 60.1901441968 872.78641134 901.587222082 914.82603177 928.198035259 940.155351075 3403.80444547 6.33902467587 7097.27518425 13.6279800213 6.03497310724 61.022767543 52.9184577348 7.04018506794 30.2290158827 45.1459780157 44.6914650105 30.0917822373 49.053077578 77.2169432593 27.6592669214 73.0661539852 5.7538921952 8.00612991588 2.00744417516 1.61172101292
