data/baseflow/mHMbf_acc374.asc
ncols                  80
nrows                 72
xllcorner      4374000.0
yllcorner      5656000.0
cellsize            500
NODATA_value       -9999
[rows 0 to 24 of 72, columns 0 to 54 of 80]
-9999.0 -9999.0 -9999.0 -9999.0 -9999.0 -9999.0 -9999.0 -9999.0 -9999.0 -9999.0 -9999.0 -9999.0 25.1848460303 20.7583391825 -9999.0 -9999.0 -9999.0 -9999.0 -9999.0 -9999.0 -9999.0 -9999.0 -9999.0 -9999.0 -9999.0 -9999.0 -9999.0 -9999.0 -9999.0 -9999.0 -9999.0 -9999.0 -9999.0 -9999.0 -9999.0 -9999.0 -9999.0 -9999.0 -9999.0 -9999.0 -9999.0 -9999.0 -9999.0 -9999.0 -9999.0 -9999.0 -9999.0 -9999.0 -9999.0 -9999.0 -9999.0 -9999.0 -9999.0 -9999.0 -9999.0
-9999.0 -9999.0 -9999.0 -9999.0 -9999.0 -9999.0 -9999.0 -9999.0 -9999.0 -9999.0 -9999.0 -9999.0 50.3318179759 110.355688686 17.7384885722 -9999.0 14.6512836869 -9999.0 -9999.0 -9999.0 -9999.0 -9999.0 -9999.0 -9999.0 -9999.0 -9999.0 -9999.0 -9999.0 -9999.0 -9999.0 -9999.0 -9999.0 -9999.0 -9999.0 -9999.0 -9999.0 -9999.0 -9999.0 -9999.0 -9999.0 -9999.0 -9999.0 -9999.0 -9999.0 -9999.0 -9999.0 -9999.0 -9999.0 -9999.0 -9999.0 -9999.0 -9999.0 -9999.0 -9999.0 -9999.0
-9999.0 -9999.0 -9999.0 -9999.0 -9999.0 -9999.0 -9999.0 -9999.0 -9999.0 -9999.0 25.1562808812 24.2754129303 24.7313273793 23.845089694 156.232443899 174.849161208 40.8365825405 13.0082989088 -9999.0 -9999.0 -9999.0 -9999.0 -9999.0 -9999.0 -9999.0 -9999.0 -9999.0 -9999.0 -9999.0 -9999.0 -9999.0 -9999.0 -9999.0 -9999.0 -9999.0 -9999.0 -9999.0 -9999.0 -9999.0 -9999.0 -9999.0 -9999.0 -9999.0 -9999.0 -9999.0 -9999.0 -9999.0 -9999.0 -9999.0 -9999.0 -9999.0 -9999.0 -9999.0 -9999.0 -9999.0
-9999.0 -9999.0 -9999.0 -9999.0 -9999.0 -9999.0 -9999.0 -9999.0 -9999.0 24.3190452912 49.3357159165 97.8043757307 47.6811329192 23.199322803 45.9113599352 197.331305658 269.530884628 15.0527920677 -9999.0 24.2327310306 -9999.0 -9999.0 -9999.0 -9999.0 28.2827498766 14.3515712884 -9999.0 -9999.0 -9999.0 -9999.0 -9999.0 -9999.0 -9999.0 -9999.0 -9999.0 -9999.0 -9999.0 -9999.0 -9999.0 -9999.0 -9999.0 -9999.0 -9999.0 -9999.0 -9999.0 -9999.0 -9999.0 -9999.0 -9999.0 -9999.0 -9999.0 -9999.0 -9999.0 -9999.0 -9999.0
-9999.0 -9999.0 -9999.0 -9999.0 -9999.0 -9999.0 -9999.0 -9999.0 26.5287526636 76.0958567981 99.6842462714 123.383832498 168.344156086 22.4166016381 89.8400324725 111.819901502 417.987892262 19.6796361571 21.0660494311 46.0506458155 67.3246946379 22.0186582249 -9999.0 74.79896876 61.3602288685 17.2018136015 -9999.0 -9999.0 -9999.0 -9999.0 -9999.0 -9999.0 -9999.0 -9999.0 -9999.0 -9999.0 -9999.0 -9999.0 -9999.0 -9999.0 -9999.0 -9999.0 -9999.0 -9999.0 -9999.0 -9999.0 -9999.0 -9999.0 -9999.0 -9999.0 -9999.0 -9999.0 -9999.0 -9999.0 -9999.0
-9999.0 -9999.0 -9999.0 -9999.0 -9999.0 -9999.0 26.8143276288 24.9247032136 24.1797277131 24.4391620594 24.6463658676 172.73455493 364.619759716 387.973922794 408.563412642 20.0695320446 458.62470046 479.386086742 42.4322379211 21.3835667712 88.2044688341 153.012019396 21.206179473 138.888760142 23.2734310489 22.5512149953 24.2883171304 -9999.0 -9999.0 -9999.0 -9999.0 -9999.0 -9999.0 -9999.0 -9999.0 -9999.0 -9999.0 -9999.0 -9999.0 -9999.0 -9999.0 -9999.0 -9999.0 -9999.0 -9999.0 -9999.0 -9999.0 -9999.0 -9999.0 -9999.0 -9999.0 -9999.0 -9999.0 -9999.0 -9999.0
-9999.0 -9999.0 -9999.0 -9999.0 -9999.0 -9999.0 53.0097243032 78.1070972818 177.397695557 249.17221224 22.5884803044 23.1944992471 22.2571342057 65.6415921771 494.683681267 19.5217179804 499.434060356 579.129628504 62.2211194555 41.108833899 173.020375852 21.3344790013 160.094724731 43.0944072442 21.852843956 43.8244169591 47.3608429332 23.0584284944 23.1836095652 22.8705420131 23.9750356935 48.1944618166 -9999.0 -9999.0 -9999.0 -9999.0 -9999.0 -9999.0 -9999.0 -9999.0 -9999.0 -9999.0 -9999.0 -9999.0 -9999.0 -9999.0 -9999.0 -9999.0 -9999.0 -9999.0 -9999.0 -9999.0 -9999.0 -9999.0 -9999.0
-9999.0 -9999.0 -9999.0 -9999.0 -9999.0 27.5311652367 53.848628425 25.9691733923 50.9160541444 274.419580487 321.349114653 367.935426763 1148.92621139 21.7252155107 516.177729589 1829.12873631 1844.85968295 2450.41513852 16.8169180276 60.9029650552 193.181252587 20.034694282 400.839074895 220.074606218 134.932543371 113.290648889 23.4119347344 68.5093607366 67.7638024182 45.2999703283 22.4972363864 71.3775960426 22.5980958936 22.4565660109 -9999.0 -9999.0 -9999.0 -9999.0 -9999.0 -9999.0 -9999.0 -9999.0 -9999.0 -9999.0 -9999.0 -9999.0 -9999.0 -9999.0 -9999.0 -9999.0 -9999.0 -9999.0 -9999.0 -9999.0 -9999.0
-9999.0 -9999.0 -9999.0 -9999.0 -9999.0 27.4915416818 80.3038996839 160.12818677 185.181480842 366.162059387 390.157472757 464.44489932 759.438894763 1210.44304525 1253.67561619 1273.64265415 38.7441248739 2518.94099767 2553.82023363 2654.78696404 3330.01571642 462.237986178 422.117055069 156.103839336 20.9888901702 133.549518099 90.0629614979 20.8202018242 88.8504998467 20.6822187337 42.6471771888 115.02171735 136.921685495 44.2659016904 21.7358489591 21.7589642297 -9999.0 -9999.0 -9999.0 -9999.0 14.5086069347 12.541502891 -9999.0 -9999.0 -9999.0 -9999.0 -9999.0 -9999.0 -9999.0 -9999.0 -9999.0 -9999.0 -9999.0 -9999.0 -9999.0
-9999.0 -9999.0 -9999.0 -9999.0 -9999.0 27.0179687254 25.9280757209 105.281390563 130.505753013 156.381067172 25.123882436 49.9432407207 277.557886709 49.0432516758 23.6949410992 22.4054300135 20.5297317065 22.2940458755 21.5129501356 21.9121238887 3350.5844175 3411.12162532 20.0399023769 61.6607636834 41.8392658577 154.049204984 41.76298093 20.4469112855 110.318444875 40.9686206716 98.3527383093 243.283030047 224.359429357 65.8806855283 65.0340479401 21.9174867206 21.9513692268 -9999.0 -9999.0 21.7539662842 32.6636589079 71.6027017721 13.3322929823 -9999.0 -9999.0 -9999.0 -9999.0 -9999.0 -9999.0 -9999.0 -9999.0 -9999.0 -9999.0 -9999.0 -9999.0
-9999.0 -9999.0 -9999.0 -9999.0 -9999.0 -9999.0 27.1709795611 26.8275371202 52.753804219 78.3946048777 178.807805675 229.373199675 254.361190426 25.3334979372 21.8899138197 284.323915381 350.371113748 371.62857481 458.866427409 479.602789283 20.7605003084 3431.75069295 3533.29327876 81.2150686229 17.1764988744 173.339181162 384.895944476 150.588460283 40.0226690886 20.0430431993 381.507487732 263.758264336 20.1604223174 20.063718359 85.4240818629 64.7460569192 21.1812078768 21.0655343589 21.4025377955 42.7706488246 20.9760846856 87.1698561318 107.83582689 20.4369944748 -9999.0 -9999.0 -9999.0 -9999.0 22.7122903245 21.8364822081 6.38800661619 -9999.0 -9999.0 -9999.0 -9999.0
-9999.0 -9999.0 -9999.0 -9999.0 -9999.0 -9999.0 -9999.0 27.1838624274 24.3400815366 50.0147068081 75.7859000357 25.5522962128 23.8045817672 146.56382492 193.505893382 240.914688421 22.378633028 44.6760556006 22.0562503978 500.526807071 1104.12189833 1118.40989728 4689.3577853 20.3732477755 51.4771659487 16.6267874835 404.185996711 19.6502189633 60.3310578262 19.812353742 401.45288102 421.256724044 40.297146276 39.9334687999 213.574266856 107.122551234 42.0814515555 21.2060536752 42.863109336 63.9052012659 105.213983009 20.4676786791 149.583021286 170.853312441 19.945923987 20.7735501928 21.4673577344 20.2807071125 19.5831708875 64.6086765122 24.9366412507 16.9070353659 -9999.0 -9999.0 -9999.0
-9999.0 -9999.0 -9999.0 -9999.0 -9999.0 -9999.0 -9999.0 -9999.0 50.5673167728 74.197026453 25.2341921391 50.8603586023 75.1024022277 124.00922211 24.8484882761 24.232110786 21.8822571556 22.2211250625 20.9401756113 561.116794741 22.3582569037 44.1168452742 4750.23549351 4799.90414745 28.411650778 107.293839027 531.572445692 38.912511927 78.7402327417 37.6651367397 55.7696281159 498.556983699 58.980290694 311.026035015 252.620930998 19.6232818034 103.921834325 41.7320999745 63.1505195739 20.2664849192 125.285764463 166.024096733 185.325193298 203.984186224 247.046053591 38.2714863893 39.8084543565 37.6880178118 35.9782056749 81.9884095957 16.9217749683 59.0183449404 75.0609409596 -9999.0 -9999.0
-9999.0 -9999.0 -9999.0 -9999.0 -9999.0 -9999.0 -9999.0 -9999.0 26.0557360351 125.731863654 150.529572339 24.8881279307 49.116491566 24.2390242301 23.2030717782 22.7798138439 281.443307764 376.133161539 462.432048913 545.854176251 20.9024677057 22.0305284769 25.9506683962 4902.16799034 4954.60647882 4981.00081688 717.81697635 158.152076836 136.887572453 17.931810156 73.7317112274 590.556633407 18.3217696939 329.477277349 19.5550159931 134.327126854 124.702559738 20.2942721167 83.2666648933 40.3108757564 60.1317639725 19.9685233617 18.5735178283 222.489255979 239.913590818 264.432005038 58.059625972 55.3457991713 53.100257785 99.4991710374 133.464876034 16.9014861147 91.3423424758 16.96702272 32.9470222638
-9999.0 -9999.0 -9999.0 -9999.0 -9999.0 -9999.0 -9999.0 -9999.0 -9999.0 26.0954954066 175.872871292 200.546604483 73.5575814759 122.0095831 168.493712821 191.827075583 23.6151419474 72.7583051994 47.9997848576 23.7473164151 23.8008332107 22.3402324169 45.4198881293 80.201136517 31.0557303721 5755.57971984 5784.227184 26.8255409906 19.0109827201 36.4905011032 54.7441716136 644.578670355 35.8453961111 346.439294691 208.85557422 171.402117076 19.652077366 39.6043868678 102.204716424 18.8492977171 78.6574201085 38.2107947724 33.7724690252 16.1937455407 288.105524387 567.19920567 71.3834897495 68.9763338971 68.1010188185 14.8444470769 148.21479413 14.493280414 122.922626908 15.5863714801 48.6871459202
-9999.0 -9999.0 -9999.0 -9999.0 -9999.0 -9999.0 -9999.0 -9999.0 -9999.0 -9999.0 24.3215853322 249.532237729 24.3779129154 48.5399173516 71.3524832498 117.695656842 23.9570152683 49.2739917561 24.4274456662 23.5446091766 22.4024871774 44.3918986486 20.8789905698 24.7871181693 54.7124589181 31.3525098155 5810.77204338 5863.81444125 5938.12852856 75.6918700513 18.6403786798 37.1444619642 663.094114667 646.52785469 246.835557745 18.8972735984 78.258374727 58.87587469 121.195309383 37.7613280867 154.020900225 56.5867995521 50.8664717565 13.8161609311 16.3685412209 585.494800513 601.482689402 756.050449741 114.189058309 30.5197021427 163.930957757 193.712352673 331.038737614 30.7507280898 14.65480535
-9999.0 -9999.0 -9999.0 -9999.0 -9999.0 -9999.0 -9999.0 -9999.0 -9999.0 -9999.0 -9999.0 13.4037121657 279.435352516 23.4792062951 46.0569395023 210.447012587 24.3931808646 24.3580561787 21.6657513406 45.8317892224 22.156049797 88.5452303971 129.998231121 149.664573824 74.9397321558 99.2659680074 28.2975159972 30.5825629575 27.8814386982 6057.66186892 6115.72671508 680.4514701 680.862545577 663.796719913 36.0323131439 17.5929316375 96.1863102705 253.439069855 139.374843521 55.8548243567 227.542272042 110.224638625 93.1141668267 27.0764960094 11.8946062222 11.6678319216 12.9230329007 813.415991196 974.224011088 14.7857336048 13.7351508714 14.4083133969 345.210135424 389.771837738 27.2021992923
-9999.0 -9999.0 -9999.0 -9999.0 -9999.0 -9999.0 -9999.0 -9999.0 -9999.0 -9999.0 -9999.0 12.7010897842 310.439211426 382.308203494 22.6156567981 255.809231471 22.7795704649 21.7533607419 43.2264989774 110.879329604 21.7667767186 22.5218984391 20.5205561532 190.688992853 210.498025129 330.270701114 379.28116456 403.595503717 429.934133975 457.731260897 6598.96217712 7326.81413922 8052.05111111 8070.26548777 19.4051548818 17.7106981929 289.34137494 271.548828053 17.8545560734 17.7870115356 245.026451457 373.071437481 16.0342807032 190.300525111 175.097080099 53.5542996013 26.7469610696 42.4033923941 17.35174844 1004.670984 15.6225757725 43.4203642994 55.6674282123 488.649470664 527.74926112
-9999.0 -9999.0 -9999.0 -9999.0 -9999.0 -9999.0 -9999.0 -9999.0 -9999.0 -9999.0 -9999.0 25.5665494349 49.1868578193 405.589562504 449.252212346 21.9831253577 296.24157455 20.1109554387 61.7324833699 131.317120851 42.4730859749 20.6520682991 41.9199992647 18.8650080844 37.3009252322 18.7875725867 18.0550017148 16.6416157917 15.7940943557 16.377800699 18.4899214144 23.6006591285 26.8761464845 28.1948894644 8139.55019164 368.280077115 330.952005404 19.577298885 52.4748212352 14.7493253488 12.0948277297 390.063362264 631.346213893 208.277999833 149.825775702 28.987479784 13.4958328485 12.7225451383 27.3620399487 1047.11903244 1076.04505996 15.0216775362 15.2952398332 15.4024879446 12.3644001813
-9999.0 -9999.0 -9999.0 -9999.0 -9999.0 -9999.0 -9999.0 -9999.0 -9999.0 -9999.0 -9999.0 -9999.0 23.2062993466 300.706169074 772.566794309 840.240188276 1156.7116601 1173.97165053 293.734461393 215.554556301 63.5104806295 20.4539928618 82.4401737359 102.067524158 158.389937857 38.2307355864 36.6681113349 35.5035827522 69.7562366711 34.5921598654 36.3043361311 16.7411499465 14.2167410184 17.6506745365 8161.99876547 8542.06552065 8562.87776986 20.4532371272 154.810385344 62.2709027684 18.0471691659 685.740869852 37.6381491598 19.3058788263 78.8720149141 18.0072209181 16.581028821 31.8221253183 44.8210947228 58.8513714027 1100.74283329 11.8552366339 10.3974906668 10.5135033366 9.10760352944
-9999.0 -9999.0 -9999.0 -9999.0 -9999.0 -9999.0 -9999.0 -9999.0 -9999.0 -9999.0 -9999.0 24.6656659333 228.936366196 277.608947585 46.0225417461 14.2333507516 33.5616159298 1228.57307945 1246.73857391 1557.47606708 19.6482248369 39.9490592782 18.6387215174 18.9266011542 177.079422664 233.965193312 288.238644497 17.5028834629 87.3230419883 139.14844437 86.4035950669 33.5546690016 29.5548085522 31.1331567116 33.2155460346 19.9119597154 8580.93152181 8596.63531142 8784.84541538 31.3223942527 16.1461145002 697.395940416 38.7110593833 19.78138844 20.7271590243 20.5531288887 19.0207118225 36.5278251527 103.84349851 177.949865755 1290.50756178 8.87648208112 26.8280513789 18.3365961988 16.1409877354
-9999.0 -9999.0 -9999.0 -9999.0 -9999.0 -9999.0 -9999.0 -9999.0 -9999.0 -9999.0 -9999.0 25.1866542006 156.64778269 24.7416117218 22.7442079386 115.298498776 136.466056838 157.904638131 178.870092103 2114.89751422 2132.81429163 2170.41220254 2447.89519259 2506.11397295 2541.80814705 2561.02906034 2895.66845671 2943.36172031 2961.32027598 3119.24700002 3224.11649785 3240.96387141 3302.58377422 47.1232773899 47.4333154058 14.375044116 16.3033479835 8614.24026463 8848.99521551 48.0906485959 797.045819901 782.771604303 74.4875582261 18.1959168371 18.5356778142 18.0650380845 17.747896393 35.7504987416 52.2526962875 16.4130002471 1301.76942524 1313.72487808 1369.0323569 1378.79286271 1403.96300676
-9999.0 -9999.0 -9999.0 -9999.0 -9999.0 -9999.0 -9999.0 -9999.0 -9999.0 -9999.0 -9999.0 79.8160820502 105.73768699 49.8876263295 73.8121490507 23.6888226472 270.817903942 293.136123958 337.661278525 357.66723257 151.077262201 2351.57686141 2370.32013765 20.0109328801 16.7113716035 15.4913729737 32.9018091521 16.0052514199 13.6629521361 13.1459343801 13.8414495497 3257.16967045 3319.01854863 3381.27131074 3442.06139423 3498.99377959 28.3599607704 10.1435853783 9688.9678565 825.225205109 811.77376078 16.3996474461 15.6969923366 14.985861865 33.5757679063 33.153383114 15.3101302148 15.3596916043 14.4009016495 30.563291424 40.8569335141 7.90777452286 14.3619914405 6.12284136971 5.18025407483
-9999.0 -9999.0 -9999.0 -9999.0 -9999.0 -9999.0 -9999.0 -9999.0 -9999.0 -9999.0 -9999.0 -9999.0 53.926618157 25.5074633772 24.2061463525 226.292596594 249.21546672 22.7823296309 91.2290951987 112.663820883 132.985581238 21.5581028999 19.8300055312 380.658325684 398.492515305 415.852500378 1074.53961286 1089.53107006 1116.25775022 1230.82427394 1308.28448778 1320.63173855 11.9565510854 12.32121003 11.8577664326 3522.46722984 11.8168064319 9844.21345231 9826.69706195 123.247357502 106.682819284 63.3499708197 15.9795322104 29.7357054725 48.3207566749 47.9591137069 29.9849528563 14.771231608 28.9897169758 28.6825325366 53.55644425 9.69746202107 24.4660289168 39.9865377994 51.0467542014
-9999.0 -9999.0 -9999.0 -9999.0 -9999.0 -9999.0 -9999.0 -9999.0 -9999.0 -9999.0 -9999.0 -9999.0 27.4692350789 78.1694120962 102.804560472 178.575628201 23.7799451944 47.3348085567 69.7324960318 262.484889638 282.466915713 299.538187267 320.014243306 342.239373391 541.819838223 606.230542328 643.169352007 16.1695760556 87.224609546 102.131100096 1270.13583341 1334.47560863 1360.54658035 1386.78424238 1413.02559747 4947.71837951 8.27119225347 9893.00186195 29.3457027319 13.2998722311 91.1170622289 77.2460005828 12.694929087 43.053712504 61.3979548877 60.6930115927 42.0318032739 68.9966538554 109.187585358 40.7265500407 105.532733394 10.3408867264 17.358915002 4.26289428113 3.28308391228
