data/baseflow/mHMbf_acc504.asc
ncols                  80
nrows                 72
xllcorner      4374000.0
yllcorner      5656000.0
cellsize            500
NODATA_value       -9999
[rows 0 to 24 of 72, columns 0 to 54 of 80]
-9999.0 -9999.0 -9999.0 -9999.0 -9999.0 -9999.0 -9999.0 -9999.0 -9999.0 -9999.0 -9999.0 -9999.0 23.4755243495 17.9290632824 -9999.0 -9999.0 -9999.0 -9999.0 -9999.0 -9999.0 -9999.0 -9999.0 -9999.0 -9999.0 -9999.0 -9999.0 -9999.0 -9999.0 -9999.0 -9999.0 -9999.0 -9999.0 -9999.0 -9999.0 -9999.0 -9999.0 -9999.0 -9999.0 -9999.0 -9999.0 -9999.0 -9999.0 -9999.0 -9999.0 -9999.0 -9999.0 -9999.0 -9999.0 -9999.0 -9999.0 -9999.0 -9999.0 -9999.0 -9999.0 -9999.0
-9999.0 -9999.0 -9999.0 -9999.0 -9999.0 -9999.0 -9999.0 -9999.0 -9999.0 -9999.0 -9999.0 -9999.0 47.5888647699 98.7921555335 14.5876115683 -9999.0 13.4358224404 -9999.0 -9999.0 -9999.0 -9999.0 -9999.0 -9999.0 -9999.0 -9999.0 -9999.0 -9999.0 -9999.0 -9999.0 -9999.0 -9999.0 -9999.0 -9999.0 -9999.0 -9999.0 -9999.0 -9999.0 -9999.0 -9999.0 -9999.0 -9999.0 -9999.0 -9999.0 -9999.0 -9999.0 -9999.0 -9999.0 -9999.0 -9999.0 -9999.0 -9999.0 -9999.0 -9999.0 -9999.0 -9999.0
-9999.0 -9999.0 -9999.0 -9999.0 -9999.0 -9999.0 -9999.0 -9999.0 -9999.0 -9999.0 22.8953389415 21.9588125077 22.9777080501 22.5869796177 141.410520537 155.899424207 36.3681535196 11.5243972534 -9999.0 -9999.0 -9999.0 -9999.0 -9999.0 -9999.0 -9999.0 -9999.0 -9999.0 -9999.0 -9999.0 -9999.0 -9999.0 -9999.0 -9999.0 -9999.0 -9999.0 -9999.0 -9999.0 -9999.0 -9999.0 -9999.0 -9999.0 -9999.0 -9999.0 -9999.0 -9999.0 -9999.0 -9999.0 -9999.0 -9999.0 -9999.0 -9999.0 -9999.0 -9999.0 -9999.0 -9999.0
-9999.0 -9999.0 -9999.0 -9999.0 -9999.0 -9999.0 -9999.0 -9999.0 -9999.0 21.659976262 44.8513114608 89.0807741578 44.3482251464 21.5863519588 42.5933748245 176.185818064 238.186120594 12.8039081908 -9999.0 22.6242400697 -9999.0 -9999.0 -9999.0 -9999.0 25.2305786897 13.0250291021 -9999.0 -9999.0 -9999.0 -9999.0 -9999.0 -9999.0 -9999.0 -9999.0 -9999.0 -9999.0 -9999.0 -9999.0 -9999.0 -9999.0 -9999.0 -9999.0 -9999.0 -9999.0 -9999.0 -9999.0 -9999.0 -9999.0 -9999.0 -9999.0 -9999.0 -9999.0 -9999.0 -9999.0 -9999.0
-9999.0 -9999.0 -9999.0 -9999.0 -9999.0 -9999.0 -9999.0 -9999.0 24.7483241081 69.6169217539 90.8116987074 112.173538693 154.305340736 20.216267396 82.3746013883 101.915151809 368.598312521 15.6149775166 17.7124952554 42.2693906155 61.4268695792 20.0381776414 -9999.0 64.0614704999 52.7472316347 14.1235191099 -9999.0 -9999.0 -9999.0 -9999.0 -9999.0 -9999.0 -9999.0 -9999.0 -9999.0 -9999.0 -9999.0 -9999.0 -9999.0 -9999.0 -9999.0 -9999.0 -9999.0 -9999.0 -9999.0 -9999.0 -9999.0 -9999.0 -9999.0 -9999.0 -9999.0 -9999.0 -9999.0 -9999.0 -9999.0
-9999.0 -9999.0 -9999.0 -9999.0 -9999.0 -9999.0 24.3479798945 22.2035627632 21.7752701899 22.1853113969 22.5155917081 157.521697851 333.593381114 354.993234409 374.12737394 19.1054696719 405.028757218 423.011311741 38.570105437 19.4206350208 80.1941192405 138.813500912 18.091396622 117.414501239 19.7877532276 18.4337973076 20.5259685606 -9999.0 -9999.0 -9999.0 -9999.0 -9999.0 -9999.0 -9999.0 -9999.0 -9999.0 -9999.0 -9999.0 -9999.0 -9999.0 -9999.0 -9999.0 -9999.0 -9999.0 -9999.0 -9999.0 -9999.0 -9999.0 -9999.0 -9999.0 -9999.0 -9999.0 -9999.0 -9999.0 -9999.0
-9999.0 -9999.0 -9999.0 -9999.0 -9999.0 -9999.0 49.0722067127 72.4183291511 163.369680368 227.980528843 20.0290760185 20.9270208651 20.0103536869 59.4027509124 451.409047733 17.2657586815 440.560497276 518.575223474 60.4792521077 36.5789884739 156.311143882 19.0081298793 136.213694983 36.841585599 18.3980400695 36.111936245 40.6278457909 20.9989485223 21.8990768066 21.3778541156 22.6666862433 45.3910816136 -9999.0 -9999.0 -9999.0 -9999.0 -9999.0 -9999.0 -9999.0 -9999.0 -9999.0 -9999.0 -9999.0 -9999.0 -9999.0 -9999.0 -9999.0 -9999.0 -9999.0 -9999.0 -9999.0 -9999.0 -9999.0 -9999.0 -9999.0
-9999.0 -9999.0 -9999.0 -9999.0 -9999.0 26.2919938319 51.1925063154 24.672198736 47.8092518293 251.556302135 294.187549473 336.628390304 1088.71667533 20.4223330951 470.404981574 1715.52444539 1731.03643269 2277.81239323 18.0806573471 54.2018182977 173.911219732 17.4203620665 343.248285374 188.777941259 114.84751389 96.0175427592 19.8216967422 62.477737876 63.9407649571 42.5854925414 20.8147175894 66.8224127349 20.7380624128 20.3968531425 -9999.0 -9999.0 -9999.0 -9999.0 -9999.0 -9999.0 -9999.0 -9999.0 -9999.0 -9999.0 -9999.0 -9999.0 -9999.0 -9999.0 -9999.0 -9999.0 -9999.0 -9999.0 -9999.0 -9999.0 -9999.0
-9999.0 -9999.0 -9999.0 -9999.0 -9999.0 26.5755421247 77.6294877049 154.060818332 177.900496249 352.945147513 375.465254506 445.675659309 732.729217324 1150.73747642 1191.30402434 1210.12524156 34.6061132622 2342.84554882 2379.42648252 2471.29803961 3059.40778835 397.013871477 362.089104592 133.40485943 18.332634647 117.153773563 80.3626101582 17.0467744279 82.6740886889 19.052342466 41.4811741661 108.407579313 128.155596764 39.8149837357 19.2963763026 19.1325413979 -9999.0 -9999.0 -9999.0 -9999.0 12.3320276959 11.1343925699 -9999.0 -9999.0 -9999.0 -9999.0 -9999.0 -9999.0 -9999.0 -9999.0 -9999.0 -9999.0 -9999.0 -9999.0 -9999.0
-9999.0 -9999.0 -9999.0 -9999.0 -9999.0 25.9543317603 24.9128191686 102.772842787 126.932434855 151.780830621 23.8079903924 47.20431221 270.235256356 49.2079492627 22.3086063552 20.2922844326 18.1494459418 22.6163149795 22.5031501759 20.0273665546 3077.668857 3130.16711871 17.2432192824 53.4462028552 36.4914852451 134.50831044 34.566367087 16.5113535279 101.541027218 38.1101017998 93.5625909339 222.595005589 206.320188067 58.668232297 56.5863119118 19.7374329753 19.6407968149 -9999.0 -9999.0 19.7437594244 27.3059691656 61.9278977575 11.8677998228 -9999.0 -9999.0 -9999.0 -9999.0 -9999.0 -9999.0 -9999.0 -9999.0 -9999.0 -9999.0 -9999.0 -9999.0
-9999.0 -9999.0 -9999.0 -9999.0 -9999.0 -9999.0 26.703656415 26.6650225667 51.5838085499 76.7030170199 174.749662802 223.273440952 248.593236329 26.8555547782 20.1857325197 270.678106672 330.581837657 349.262699238 427.957442046 445.989095143 17.9831698273 3148.39818197 3237.44895159 71.2248054742 16.0573906748 151.099744772 334.228992006 133.508383954 33.0804650146 16.8915251746 349.927264714 240.179694649 16.8185315885 16.7608791355 73.8906631485 57.6200453805 17.9447666714 16.2464273934 18.9170796883 38.2443910778 18.2578918088 75.0057885805 92.1245793336 15.2007885558 -9999.0 -9999.0 -9999.0 -9999.0 17.4821008737 16.3927785259 5.64402305471 -9999.0 -9999.0 -9999.0 -9999.0
-9999.0 -9999.0 -9999.0 -9999.0 -9999.0 -9999.0 -9999.0 26.3465375157 24.1570861352 49.5963574102 74.6063028332 24.4541966396 24.4841902362 143.60083687 186.958784066 231.270103977 20.7235829419 40.8052815759 20.2967228928 464.709305534 1010.17312173 1021.59490025 4290.09342205 17.4429129167 47.1610221123 15.1191553309 349.748296072 16.0876506988 50.1990776505 16.4841548164 366.384578774 382.826754984 33.7896768476 33.508329569 186.463484666 94.0904411021 34.2715359612 17.8252161802 37.7165386255 56.7815493286 92.1003042207 16.5941104537 120.685401535 132.741577743 10.7160647213 11.7662557681 12.2785708255 10.7849595606 10.1599218955 46.5028290298 19.5769514525 11.9432872576 -9999.0 -9999.0 -9999.0
-9999.0 -9999.0 -9999.0 -9999.0 -9999.0 -9999.0 -9999.0 -9999.0 51.3544866828 74.828541392 24.363269735 49.3241172318 72.5036152699 121.116999531 23.3397496912 22.6545020539 19.730550363 19.9616898465 18.0659689934 507.583196268 20.4838777189 39.989456274 4341.70087169 4370.49246252 11.8436648683 71.1874701569 434.596156553 31.8661950605 64.7300104107 29.5687697028 43.8857009635 445.766145436 48.6871093992 267.09682864 219.275060885 17.114517648 86.679519517 35.3325767855 54.8705414712 16.9865865888 108.123325334 138.484511376 149.37653077 159.545375711 174.08978611 20.9704427607 21.5905339663 19.2220409996 17.9378875426 56.5787862756 11.4701865753 43.3429757629 54.7261364052 -9999.0 -9999.0
-9999.0 -9999.0 -9999.0 -9999.0 -9999.0 -9999.0 -9999.0 -9999.0 25.8138521881 125.854135435 149.703408581 23.8824458493 46.744002183 22.8299244904 21.218027158 20.8595466574 261.099543491 345.904019973 420.951469048 495.217534016 17.7886173279 19.9122263465 18.0696546506 4448.05410839 4477.07719718 4487.55757076 574.829672931 126.515540249 111.1746956 12.9434638446 56.8312409391 516.484155221 13.4509995556 281.152842017 16.2702475474 114.383338032 104.749584843 17.2272762438 71.953484022 33.9476526912 50.6467292482 13.9602895741 10.0518206381 169.550529471 178.663710745 183.172986831 30.8131455735 27.8840943885 26.390859551 68.8324220443 92.1413805375 11.6382543472 66.9004937927 13.6017671573 25.8491586576
-9999.0 -9999.0 -9999.0 -9999.0 -9999.0 -9999.0 -9999.0 -9999.0 -9999.0 26.0278135572 174.421323228 197.99986903 69.7967700466 115.422725543 158.050947309 179.570196918 21.9575684485 65.1159405543 43.3253502042 22.3566031365 21.6820775309 19.6812280562 38.3588482873 63.8801941943 17.7207706035 5092.00634118 5103.79925975 10.1176681417 9.16477306317 26.9146046221 40.2639885494 556.446594472 26.6723244661 292.968573651 174.364686906 144.583660011 16.0952504616 32.9088706382 87.2989737533 15.3265333786 65.6166563567 28.3597604168 18.2571440776 9.45637940918 206.591726606 397.029938272 37.426270263 34.6999029113 36.0469452051 10.2207813428 102.321775541 9.88727658155 88.931951325 11.9646631539 37.9277663345
-9999.0 -9999.0 -9999.0 -9999.0 -9999.0 -9999.0 -9999.0 -9999.0 -9999.0 -9999.0 23.4377364877 245.133432768 22.8990817691 45.5070148463 66.2288181266 107.006583069 20.6863114244 42.8937929194 21.1202949563 19.6158111377 18.4720485639 36.4733396444 16.1757453989 16.3592939567 29.8804755138 16.5930270461 5116.18398843 5136.80238528 5168.22800572 50.5200546246 13.9580608871 27.8506339231 571.12126213 535.901344169 204.960756853 15.1706799005 64.447967094 48.5808677971 102.687292999 30.6186304196 123.985028628 43.0390460822 30.3653646606 8.61930766726 10.3508098023 407.647419188 416.480191875 496.103888324 68.4579001141 21.4125419812 113.342748539 134.030195065 232.58854895 23.1488658098 11.1224674095
-9999.0 -9999.0 -9999.0 -9999.0 -9999.0 -9999.0 -9999.0 -9999.0 -9999.0 -9999.0 -9999.0 13.9210962073 276.21545744 23.8073284782 44.2005998497 191.536588003 20.5068823618 20.2785342099 17.8328424605 38.6025532544 19.2852752279 74.5955146167 107.055239614 121.645464627 41.8779973967 50.1572948936 9.89808542853 14.0291336639 11.7975486339 5242.62941355 5284.49235367 582.479084174 559.942421154 548.11185369 25.0378503703 11.9796568109 78.5210584863 209.625551668 117.053301763 44.8180108489 182.537927415 73.9282359106 60.8610870987 17.9398500217 7.26436743079 6.58730554027 6.93800793259 531.838105004 630.318997763 10.6456319293 9.09463361278 10.6875591576 243.323012369 276.861958671 20.39648519
-9999.0 -9999.0 -9999.0 -9999.0 -9999.0 -9999.0 -9999.0 -9999.0 -9999.0 -9999.0 -9999.0 12.9951965105 307.331659065 375.4004813 20.5553978674 232.243845332 18.8734424735 17.997270692 36.6827648791 94.5193198512 18.705734011 19.6686451044 16.254690052 153.253448656 168.145515676 234.658309895 257.046179435 269.1629185 278.661090602 288.294742148 5582.92816918 6185.64368959 6764.31438053 6770.78411727 8.8710305749 12.1003884336 237.896141734 223.851504043 14.1203997042 14.2659467195 199.632912097 287.541046316 12.3726318197 149.523211368 137.160345754 37.682503867 16.4275867279 27.3282695659 10.800820764 647.389739553 8.73660295851 28.1932956972 34.7665317412 338.747192166 368.885418131
-9999.0 -9999.0 -9999.0 -9999.0 -9999.0 -9999.0 -9999.0 -9999.0 -9999.0 -9999.0 -9999.0 24.7467686672 47.2659720455 397.417250058 436.548493029 19.5530291072 264.221591446 16.0349723502 50.2796294547 111.643608501 36.10627237 17.3227258579 35.0370745247 13.6663836549 26.8762138361 14.1077146563 13.4647189841 13.0549104136 12.3905107212 10.3357314688 8.77350651472 10.8478295413 13.1181178721 12.7363394671 6798.77090698 272.750433989 251.027284264 6.13492547975 40.0207689402 9.87278961186 11.1154705177 300.37937173 489.936986317 163.814091599 120.053596755 22.7379904058 8.97592380043 8.1504324267 16.6745841045 672.639137511 688.249562113 8.17931505779 8.40644521207 8.99457809035 9.52391367115
-9999.0 -9999.0 -9999.0 -9999.0 -9999.0 -9999.0 -9999.0 -9999.0 -9999.0 -9999.0 -9999.0 -9999.0 21.4106145203 288.864284767 746.167812897 809.677898751 1091.09499803 1103.93128523 245.077506189 183.114671298 53.7527046022 17.0850251907 68.6646976396 84.6051439738 125.905669565 28.9074837366 27.0155627844 26.8703711256 52.5734716985 23.4078905292 21.7534431933 13.0133071814 10.494112477 8.47048508959 6806.93428186 7088.34555391 7100.17465161 6.02843170865 100.989679739 48.0314424681 13.8872067059 533.30633346 30.8055425306 15.944893839 67.8353563641 15.5009027761 10.8576501415 19.7399307423 26.9883693839 34.9728857352 701.262092068 6.04587199616 5.22023598299 5.22612820164 4.65478834939
-9999.0 -9999.0 -9999.0 -9999.0 -9999.0 -9999.0 -9999.0 -9999.0 -9999.0 -9999.0 -9999.0 23.6106852132 220.33508413 267.061462008 42.8136812238 14.4871210729 33.8105389264 1156.00606072 1169.48750224 1427.29402494 15.7928616136 32.7338884473 14.3540959681 14.561786734 139.838795149 182.63947257 222.285474371 12.3053828199 64.6793487914 99.9790240112 57.9969793303 24.7580182856 21.7406409235 19.3072733437 18.0857452592 6.96147056418 7105.90582853 7110.16474934 7221.03807142 21.7776511899 12.0485744582 541.167525083 32.4768698604 16.6032728915 18.0901833112 17.9595128875 15.7908013803 27.4303724352 76.1350300058 119.6841234 827.351049541 4.53237303536 13.666800952 9.28454839837 8.34455440033
-9999.0 -9999.0 -9999.0 -9999.0 -9999.0 -9999.0 -9999.0 -9999.0 -9999.0 -9999.0 -9999.0 24.161992974 152.308257414 23.8967060795 20.9033191464 109.544609958 128.187581727 146.929017441 164.382524473 1939.55348017 1957.15731581 1991.34788417 2227.36558776 2270.78589616 2294.89598554 2309.14828935 2561.63167609 2599.03666681 2612.44964346 2726.6416649 2798.18393289 2810.06112196 2856.17667102 30.6090818043 29.3810626643 6.16023580012 4.97383749256 7115.81296047 7254.7171457 29.0115150479 619.522459413 609.318416455 60.4255372553 14.4260726966 14.8356706465 14.1989538484 14.2937824911 28.6758443325 40.2332627411 10.5178198932 833.356597505 839.728952628 868.110340626 873.269074344 886.423400683
-9999.0 -9999.0 -9999.0 -9999.0 -9999.0 -9999.0 -9999.0 -9999.0 -9999.0 -9999.0 -9999.0 78.1010692071 103.27025236 48.2598606261 71.0514845676 22.4899018869 253.723201091 273.155069001 311.733091753 330.145792775 128.308094771 2146.9841605 2163.88799666 13.7256115679 9.74770233746 9.41742061277 20.0274275012 11.6104413548 9.43851686457 9.60808441063 10.0396015497 2823.15826957 2869.24498081 2910.63176243 2949.39561688 2968.90519067 8.63243019685 2.6366513794 7894.26233427 635.174182902 630.336049321 12.6978887906 11.635680938 10.2941107358 25.4297788342 24.8146381007 11.6507323396 11.9613836557 10.961232311 21.2947215715 27.5319315282 4.65434620909 8.75147568512 3.61499698883 3.39980726097
-9999.0 -9999.0 -9999.0 -9999.0 -9999.0 -9999.0 -9999.0 -9999.0 -9999.0 -9999.0 -9999.0 -9999.0 52.7174835766 24.7544527019 22.8952327236 214.586120028 234.728427533 20.1050680384 78.2811270673 96.9472689313 114.088960236 18.6772282706 12.1356468333 320.212329947 329.675531315 339.053733774 864.224659854 872.238495456 888.757443919 970.779990541 1018.89534752 1026.92388824 9.91011870568 10.2999529727 9.48294966608 2975.40993064 3.22901309776 7990.84361256 7985.94666455 87.197691967 80.6773962127 48.143285727 12.1125907707 20.6710927869 36.0281646728 35.5242033447 22.4813650561 11.5027801561 22.2390170384 22.1032268432 37.2598877091 6.57721534158 16.4848899133 25.7080223857 32.7852265194
-9999.0 -9999.0 -9999.0 -9999.0 -9999.0 -9999.0 -9999.0 -9999.0 -9999.0 -9999.0 -9999.0 -9999.0 27.0365155617 76.119083397 99.4897574499 169.677888319 20.1812290168 40.9978189999 60.1324823179 235.896803653 253.45930691 269.640496217 284.142445599 298.038746407 451.32137115 493.71689296 517.416373459 10.278337689 65.7351189485 75.564421229 993.510345302 1035.53932252 1057.54254033 1080.41246219 1096.97189002 4075.77249662 4.50950309301 8011.23519454 12.3076062941 6.22604747528 68.9616760338 58.8738188711 10.1157139877 30.8678312999 46.2864218765 45.2421425575 31.4781053243 52.038426767 82.5510227487 31.4053357819 77.2668289549 7.7140498085 12.3323626137 2.47583167228 1.94075410899
