data/baseflow/mHMbf_acc579.asc
ncols                  80
nrows                 72
xllcorner      4374000.0
yllcorner      5656000.0
cellsize            500
NODATA_value       -9999
[rows 25 to 49 of 72, columns 0 to 54 of 80]
-9999.0 -9999.0 -9999.0 -9999.0 -9999.0 -9999.0 -9999.0 -9999.0 -9999.0 -9999.0 -9999.0 -9999.0 28.2979430809 56.345026379 27.1045454321 54.5079342632 25.2977131892 187.042153585 236.786520743 261.463548191 23.2384936558 43.9831022163 432.058790781 535.205978765 553.832772355 43.7773247152 42.9599627137 60.1988608698 9.18797131514 8.96661548946 17.3667062022 10.2079945663 666.149180123 677.88202381 694.294101453 5202.06895462 11066.5284708 10971.1934648 18.442054615 7.37438355107 6.9934987793 29.2627668367 21.9080861167 64.0081137494 90.0130225043 182.220723517 16.9649480829 17.0289439732 153.266572167 167.704819812 333.016925118 344.634662556 367.466096497 378.290890144 10.5055076774
-9999.0 -9999.0 -9999.0 -9999.0 -9999.0 -9999.0 -9999.0 -9999.0 -9999.0 -9999.0 -9999.0 -9999.0 -9999.0 27.900570223 55.6149546444 83.160478392 134.890235702 26.9262474961 25.3881007798 178.802326832 202.378521557 393.788854363 416.203306481 64.2342682739 22.8039689332 22.3774418812 21.0957779364 602.929144928 616.864614924 627.238191767 635.821542094 655.355655292 117.24242766 132.121254373 843.530536627 17119.2580294 77.7832807215 65.0936074134 28.5742171043 8.0378998095 6.771617526 43.4508880314 49.7792591052 77.8380231721 6.89615011188 190.655783323 28.1201856001 27.6726881485 6.84444702568 5.7326995621 5.15036678506 6.81341403478 5.03770957955 383.178308243 5029.11938452
-9999.0 -9999.0 -9999.0 -9999.0 -9999.0 -9999.0 -9999.0 -9999.0 -9999.0 -9999.0 -9999.0 -9999.0 -9999.0 -9999.0 27.3488761341 53.7522881457 77.9650761451 102.810807549 128.087243763 153.739525801 75.2204237619 123.920122027 22.6193846796 22.5118189569 496.624763592 540.532002589 561.52680149 583.64733353 18.2383823452 33.1443933164 83.5643357677 94.5747358878 105.328203373 15.1540067913 16.8397457851 17160.8122327 13.6942810043 22.3516618096 11.3443188041 32.8637515052 15.4234641921 10.2709921562 136.931181254 146.822562606 7.80993938082 199.348034103 234.040122133 34.0186492377 5261.09807909 5247.77122254 5235.77923409 5210.06479259 5196.58207275 5054.22119331 5045.75857559
-9999.0 -9999.0 -9999.0 -9999.0 -9999.0 -9999.0 -9999.0 -9999.0 -9999.0 -9999.0 -9999.0 -9999.0 -9999.0 -9999.0 5.75632102791 13.4802458192 24.1209988508 209.234074452 235.44623902 26.1791858695 25.2354032975 24.5680857018 405.550520095 452.367689892 22.5074182409 22.564522157 20.7272825535 82.8257457054 102.839409424 53.6822823914 66.6419643856 464.429072751 479.459328901 509.731045709 811.301232764 17980.2089991 13.8962679129 10.6350622835 50.0886026602 41.0734425457 8.07839728258 26.9478554737 35.5309628397 156.511814405 165.50064799 420.275708768 239.012667446 38.2146825685 5410.21935271 78.5545647951 5224.4801009 5217.52094903 131.109411303 7.11158102703 11.0473378813
-9999.0 -9999.0 -9999.0 -9999.0 -9999.0 -9999.0 -9999.0 -9999.0 -9999.0 -9999.0 -9999.0 -9999.0 -9999.0 -9999.0 30.1506621645 49.2636353679 104.477396874 182.2112334 257.425145314 309.596824485 334.323708269 359.095880392 382.792199723 23.4082785069 22.0417014321 43.543383986 41.5683623012 20.907701174 401.069893679 420.851520969 439.566394066 457.125253463 253.368563329 266.037013424 284.735041769 17987.0089144 22.6558107895 27.1562838568 81.8547920934 7.519430304 17.5406761439 9.06498411909 8.15128445227 43.982235175 7.68421750258 8.1330976773 5871.81016322 5444.49710318 5436.09564915 27.4419389244 72.0460552626 46.4481718397 11.108394174 115.66986002 33.6342420701
-9999.0 -9999.0 -9999.0 -9999.0 -9999.0 -9999.0 -9999.0 -9999.0 -9999.0 -9999.0 -9999.0 -9999.0 -9999.0 -9999.0 20.9730705658 19.4123352536 37.7835370284 58.0456391247 26.1659605246 26.4396019244 52.0232132074 77.396688816 125.091102891 148.78697538 171.060165114 237.035092979 257.650285471 278.809590728 19.7783733915 199.695720298 216.594371495 230.076706897 9.72752825324 4.89484559416 9.54697940189 18269.5221229 18276.0737823 18312.4284632 101.561140617 14.492664359 29.7297003444 10.080462695 15.00559938 51.1225791693 65.4156914763 15.0084146715 5908.53184993 12.0355115913 15.6029340754 16.5727553602 14.629178575 25.1618365759 11.1867638188 73.0089501275 53.9547912897
-9999.0 -9999.0 -9999.0 -9999.0 -9999.0 -9999.0 -9999.0 -9999.0 -9999.0 -9999.0 -9999.0 -9999.0 -9999.0 -9999.0 -9999.0 18.3175288761 36.4144567889 18.6253554691 38.2195835811 239.588138547 264.440168652 289.759404557 23.9819382254 23.778273551 46.1566567053 68.3687875588 109.746892347 130.372327759 141.341596678 160.405951984 17.0356008959 14.826068141 249.524388755 253.970167806 259.867094566 266.138622336 217.894666702 18556.535951 18700.124715 18706.2772379 18741.8081391 18774.9083044 18800.3774561 8.54096466906 72.5887794259 5917.24891111 22.5161236294 11.4944446 11.1917989687 9.36438979622 16.2885396376 14.621870515 8.05701046017 10.0289487226 9.01530064876
-9999.0 -9999.0 -9999.0 -9999.0 -9999.0 -9999.0 -9999.0 -9999.0 -9999.0 -9999.0 -9999.0 -9999.0 -9999.0 -9999.0 -9999.0 -9999.0 54.0921864109 74.2323846371 133.232597792 179.135549841 25.0312447821 340.465325892 364.082396352 387.706235161 22.8517958256 45.3333850341 20.8043390166 151.753081503 162.238518599 178.9728952 196.317774284 238.009752549 241.799314877 2.84038165571 193.163536916 205.563196817 211.774826624 237.3724686 35.4018423202 23.5431818903 15.2240345933 14.4663491601 18825.3517312 18838.7093852 18961.2113153 5926.84506264 57.4937794693 26.1113738303 17.8322330322 5.70829419243 46.2200985309 23.2505766934 7.40036085534 38.0572574736 31.469015971
-9999.0 -9999.0 -9999.0 -9999.0 -9999.0 -9999.0 -9999.0 -9999.0 -9999.0 -9999.0 -9999.0 -9999.0 -9999.0 -9999.0 -9999.0 -9999.0 20.1198248445 93.8099228701 114.588140449 26.4565781326 25.4300422436 50.6588179863 74.0254075854 485.189786664 22.8451683821 91.3179223759 112.399254553 133.065898885 11.008828855 26.8577466426 35.1610282575 158.019795558 173.256230777 178.268408395 5.90462552313 6.05068823951 7.20859767432 13.1370319121 5.63672070766 6.1732767623 13.1240517504 10.1044513672 11.8559828702 39.336562798 18975.2867239 24938.2582141 72.868472535 9.0487063903 6.88625041315 137.765096033 125.587613564 71.6129742578 63.7415195499 47.2319433577 9.78697195966
-9999.0 -9999.0 -9999.0 -9999.0 -9999.0 -9999.0 -9999.0 -9999.0 -9999.0 -9999.0 -9999.0 -9999.0 -9999.0 -9999.0 -9999.0 16.4789716217 55.2876847719 18.5804672199 27.887527441 27.1405166658 52.8403899333 78.1258593517 101.669728108 606.931007456 629.285385661 22.737174779 43.8835713812 65.0012357502 79.2938646976 94.8252939066 138.642921966 151.961387798 8.2515235569 9.2407702788 8.3669539602 12.6023627664 13.4242957729 12.2995806642 10.9245168623 11.9847292276 50.5521049237 22.8915891186 12.3272201672 11.9680776724 12.1786813377 23.3156068716 25343.9124135 324.988686221 165.269322961 12.761262508 5.4968285392 5.51257739294 18.9986562301 13.1867716187 6.67096255068
-9999.0 -9999.0 -9999.0 -9999.0 -9999.0 -9999.0 -9999.0 -9999.0 -9999.0 -9999.0 -9999.0 -9999.0 -9999.0 -9999.0 17.1949988973 33.4587174578 123.885453097 18.3792758703 53.9138138912 80.9171751392 106.848818039 25.9213225647 49.6111067412 72.5118995659 720.94455224 22.1641956244 42.7987622201 63.3452652993 18.804034763 37.0918534504 45.5363253558 58.4008553062 1379.46410657 1400.72535915 1421.5448308 1516.24285697 1552.6399803 1629.49346541 27.6396688732 55.4618315611 64.3139448814 1897.0974662 1920.99485209 11.3489137085 21.2490672088 30.9026874253 25353.5420351 309.861790342 125.129660362 118.628337985 106.283383764 98.6135162206 25.3593962232 6.15851627849 12.0538827488
-9999.0 -9999.0 -9999.0 -9999.0 -9999.0 -9999.0 -9999.0 -9999.0 -9999.0 -9999.0 -9999.0 -9999.0 -9999.0 -9999.0 17.4063775643 52.7914574384 193.983483851 285.490999664 16.7806770356 379.496314415 506.161444356 25.0400533441 48.5869422801 71.9855281311 925.569068338 945.923364907 19.7303588808 102.956490173 121.316014183 136.044097303 1260.174527 1289.74489297 1311.33710818 10.9226305332 65.0960392978 77.3266358544 37.4958175988 54.2286342146 1708.48031383 1790.61567397 1805.92169846 1820.90289671 1943.90163995 11.2548028653 10.4706023225 50.5761508312 25364.7680785 12.2869903131 1.90373910187 6.99289351561 2.79897697024 88.152590667 79.4839581437 46.3588892311 33.3863456522
-9999.0 -9999.0 -9999.0 -9999.0 -9999.0 -9999.0 -9999.0 -9999.0 -9999.0 -9999.0 -9999.0 -9999.0 -9999.0 -9999.0 -9999.0 -9999.0 36.9444120832 74.637333463 340.03920423 359.716724972 523.578984177 543.535704384 24.2373909677 48.3834324929 115.963646378 964.518240333 1004.84733334 1023.01813235 15.7446384552 1084.62269793 1114.13636202 19.5991591507 11.0128430208 21.8633407217 42.8371926137 10.4183325249 21.7090712113 50.988391769 64.681879989 12.1602471483 9.71637264553 19.9521241881 2009.78130773 2031.63171401 2041.15703911 2112.85730026 25375.2168616 9.91759434001 1.56946558385 2.34082585768 2.35821842416 2.3943777741 2.26223773801 4.32435470126 4.64193514269
-9999.0 -9999.0 -9999.0 -9999.0 -9999.0 -9999.0 -9999.0 -9999.0 -9999.0 -9999.0 -9999.0 -9999.0 -9999.0 -9999.0 -9999.0 -9999.0 19.3332440771 19.0143827996 19.0945699805 40.3559603894 18.0498058823 579.160863647 597.489349548 23.3434559923 45.7591899372 22.4271222562 19.787248356 19.5560297425 1056.26021418 9.4350328299 18.2502607144 11.3436275289 11.4578768756 10.5786847542 9.20173922032 9.40798876612 28.3463027065 38.2705247277 8.35538211965 7.75352826288 16.31803085 26.0639600304 32.5548307921 8.67457104042 2051.88194665 2122.41456682 25383.0677379 22.1731551469 6.51253393253 1.70196229539 3.8616167928 1.52976306347 1.31011180865 5.73388281686 23.5462002675
-9999.0 -9999.0 -9999.0 -9999.0 -9999.0 -9999.0 -9999.0 -9999.0 -9999.0 -9999.0 -9999.0 -9999.0 -9999.0 -9999.0 -9999.0 -9999.0 -9999.0 -9999.0 18.7739747409 57.9613251239 74.1706341958 91.563171696 614.222357242 630.748793281 648.137753789 669.332751148 688.575022811 727.628685014 737.541481807 746.339891247 756.050461847 10.9593035538 10.4919247139 10.6081926673 38.8217369266 9.93423654638 9.61906728021 8.44079017656 24.8598535858 9.29250830271 7.90702297582 7.52869580441 6.66000045126 13.3009793376 19.55655998 2163.46716296 27577.4018463 5.65465741841 13.4692361838 1.54367925807 5.17571077606 2.76581424467 2.6339742196 48.9362990608 39.3405001179
-9999.0 -9999.0 -9999.0 -9999.0 -9999.0 -9999.0 -9999.0 -9999.0 -9999.0 -9999.0 -9999.0 -9999.0 -9999.0 -9999.0 -9999.0 -9999.0 -9999.0 -9999.0 -9999.0 16.1789219731 124.802774615 250.930383399 269.583728348 24.1483053168 47.0761859215 69.577045194 89.4380296245 216.142422246 227.505563309 11.1467094599 10.7764811228 779.633429481 801.338800192 811.168919993 47.2753472206 8.07124887461 18.1667010862 26.8396238221 79.914113197 97.5757053633 112.766425417 14.3464011947 20.423710024 6.86835588986 14.0013790667 6.99266181842 27592.2997977 5.79287796213 24.1692687093 9.08390923688 19.9721557007 49.9693739663 55.6660787681 107.526524349 47.5549511266
-9999.0 -9999.0 -9999.0 -9999.0 -9999.0 -9999.0 -9999.0 -9999.0 -9999.0 -9999.0 -9999.0 -9999.0 -9999.0 -9999.0 -9999.0 -9999.0 -9999.0 -9999.0 17.6024838394 55.4786907912 108.944378634 142.785577362 372.82230811 394.28855899 45.9354259914 68.4720361559 88.4331792963 108.214231814 237.887927868 260.06045412 447.389025171 461.711526293 472.57993182 821.321892623 896.276914845 18.304397737 10.6845250531 10.4667530911 20.3800788889 9.53343291857 131.011332621 138.287278538 27.6758896943 34.950788394 8.66358770795 5342.76236791 5358.26591291 32961.7126354 32994.7945045 5.36555332095 31.0533327943 11.3949647268 9.47507833089 126.150004393 180.216181709
-9999.0 -9999.0 -9999.0 -9999.0 -9999.0 -9999.0 -9999.0 -9999.0 -9999.0 -9999.0 -9999.0 -9999.0 -9999.0 -9999.0 -9999.0 -9999.0 -9999.0 -9999.0 -9999.0 19.606034332 19.0697384287 36.4966504487 87.1474783964 410.765643475 23.2913147089 23.0748178431 43.0025898677 62.7764258799 148.377189062 159.846894036 7.88098515703 9.30545965176 484.07922719 495.064504154 1401.7694352 1411.52640541 7.45042598744 6.83845885266 6.02944596017 6.07425400668 6.21975310376 5213.64257468 5253.86352511 5294.7838283 5309.40433247 5335.19996173 7.64556375009 29.0993153632 38.3190160851 33049.4770194 33055.4635867 33060.5638639 33069.2896864 33075.318714 190.845788894
-9999.0 -9999.0 -9999.0 -9999.0 -9999.0 -9999.0 -9999.0 -9999.0 -9999.0 -9999.0 -9999.0 -9999.0 -9999.0 -9999.0 -9999.0 -9999.0 -9999.0 -9999.0 -9999.0 -9999.0 17.8446068727 18.4935864953 34.6094679681 478.487697748 497.268985172 22.8952535113 42.6466557901 62.6127090303 74.8604336507 10.7597680915 22.6698577297 1116.62856463 1127.69267383 1137.41152211 1208.21141451 2628.39501078 4949.2502412 4965.42500631 4980.53675882 4995.18582854 5050.84887221 5068.16265555 33.850369811 15.9690421352 9.00727470291 17.3375554986 14.4703021843 22.4737079706 7.38952894774 152.95250716 174.090766967 190.283764029 196.367705154 33082.260243 33283.1333917
-9999.0 -9999.0 -9999.0 -9999.0 -9999.0 -9999.0 -9999.0 -9999.0 -9999.0 -9999.0 -9999.0 -9999.0 -9999.0 -9999.0 -9999.0 -9999.0 -9999.0 -9999.0 -9999.0 -9999.0 -9999.0 18.1461168281 34.8626611779 51.625772109 511.581569748 20.4342286728 703.707128715 724.208494324 735.552638493 748.10767244 1068.80345013 1081.70046184 11.1175088977 52.8303962536 63.5398312741 10.8446277572 2304.3626893 2284.32327555 7.32226029995 15.9848865965 42.2393167318 9.00220314273 9.46521182291 8.09140704859 7.37867586508 6.23230118852 7.01792912066 128.071137404 135.33565792 143.940446146 11.7946348361 8.4141815627 201.665919671 209.000443275 214.079511638
-9999.0 -9999.0 -9999.0 -9999.0 -9999.0 -9999.0 -9999.0 -9999.0 -9999.0 -9999.0 -9999.0 -9999.0 -9999.0 -9999.0 -9999.0 -9999.0 -9999.0 -9999.0 -9999.0 -9999.0 -9999.0 16.8000532317 15.8106946803 81.616382492 626.752611154 663.961308271 683.975284147 20.630424014 295.39126072 304.976248578 309.763999909 11.7289991413 23.6843080419 34.884564475 538.51167918 547.573033732 555.745033814 2268.91415193 1373.28067072 8.51193165821 8.85887612282 8.64018127406 7.59239660748 74.3469706754 90.3146433463 104.886869494 112.873820689 120.666952622 659.211632349 666.810374353 673.414028009 688.357232745 770.794462814 776.47798639 996.983993658
-9999.0 -9999.0 -9999.0 -9999.0 -9999.0 -9999.0 -9999.0 -9999.0 -9999.0 -9999.0 -9999.0 -9999.0 -9999.0 -9999.0 -9999.0 -9999.0 -9999.0 -9999.0 -9999.0 -9999.0 -9999.0 -9999.0 32.8918566968 50.0409649273 18.6892047415 23.2275758661 222.957399924 244.356543405 260.757272002 113.772741116 122.689744903 132.821331286 143.938911965 519.092049889 529.715379943 313.518452092 878.592002501 887.559135958 1365.82573465 17.8115566765 9.02429682894 7.32995280227 50.543248938 59.2485802916 6.52753054981 6.21832574391 631.036478486 645.665706716 653.10701317 7.43510175531 10.6522312501 754.044419144 9.29952391064 42.1065736888 47.4993244449
-9999.0 -9999.0 -9999.0 -9999.0 -9999.0 -9999.0 -9999.0 -9999.0 -9999.0 -9999.0 -9999.0 -9999.0 -9999.0 -9999.0 -9999.0 -9999.0 -9999.0 -9999.0 -9999.0 -9999.0 -9999.0 -9999.0 16.4573717446 32.6225882078 138.173525344 157.305379444 178.745123607 86.4366109954 104.523352187 9.39372660989 346.644705522 355.316257408 364.297976073 10.1691454554 293.102573219 303.859350017 9.23596552718 1320.6396365 18.7635128091 9.39587177555 26.5279197893 35.5718885472 7.74729105665 6.80355420416 561.161502849 617.37497055 625.637170835 8.33734835704 20.5889069741 26.2858755048 32.8382404529 60.9603906823 15.623827056 34.3320892501 7.38899447292
-9999.0 -9999.0 -9999.0 -9999.0 -9999.0 -9999.0 -9999.0 -9999.0 -9999.0 -9999.0 -9999.0 -9999.0 -9999.0 -9999.0 -9999.0 -9999.0 -9999.0 -9999.0 -9999.0 -9999.0 -9999.0 -9999.0 16.3607281427 51.432397397 89.316112415 21.7942947018 43.9685461297 65.8979124655 307.45420661 319.557517082 328.63796298 8.77841725071 238.478348184 263.523634586 273.18873199 7.86438272506 1282.16470802 1302.46449406 9.81348288991 9.40311496065 18.723200262 8.33253367604 517.00565979 532.636288912 541.420534855 34.0495828946 42.5798247351 7.8194676526 14.5456821474 6.76760038598 47.3067757254 6.96514376946 8.61935046319 9.35994499581 9.67895394348
-9999.0 -9999.0 -9999.0 -9999.0 -9999.0 -9999.0 -9999.0 -9999.0 -9999.0 -9999.0 -9999.0 -9999.0 -9999.0 -9999.0 -9999.0 -9999.0 -9999.0 -9999.0 -9999.0 -9999.0 -9999.0 -9999.0 -9999.0 18.1387061413 19.740393133 23.8206317855 204.67502958 225.900999055 287.790306117 15.1062650588 202.39989736 221.56553151 8.62870966792 17.2118543797 7.3613407354 1256.79481409 8.48599904993 27.3875748725 35.7232834128 44.9513115745 465.109780007 492.54006456 501.707994535 9.12503479335 17.6083321421 25.5814839444 6.00249313808 5.59685666193 1330.89338171 1336.66900103 1341.71669673 1385.62502708 1391.85971561 1401.27001611 1409.40687617
