data/baseflow/mHMbf_acc349.asc
ncols                  80
nrows                 72
xllcorner      4374000.0
yllcorner      5656000.0
cellsize            500
NODATA_value       -9999
[rows 0 to 24 of 72, columns 0 to 54 of 80]
-9999.0 -9999.0 -9999.0 -9999.0 -9999.0 -9999.0 -9999.0 -9999.0 -9999.0 -9999.0 -9999.0 -9999.0 19.5755256898 16.4205959373 -9999.0 -9999.0 -9999.0 -9999.0 -9999.0 -9999.0 -9999.0 -9999.0 -9999.0 -9999.0 -9999.0 -9999.0 -9999.0 -9999.0 -9999.0 -9999.0 -9999.0 -9999.0 -9999.0 -9999.0 -9999.0 -9999.0 -9999.0 -9999.0 -9999.0 -9999.0 -9999.0 -9999.0 -9999.0 -9999.0 -9999.0 -9999.0 -9999.0 -9999.0 -9999.0 -9999.0 -9999.0 -9999.0 -9999.0 -9999.0 -9999.0
-9999.0 -9999.0 -9999.0 -9999.0 -9999.0 -9999.0 -9999.0 -9999.0 -9999.0 -9999.0 -9999.0 -9999.0 39.9291540512 85.312784203 13.2220779733 -9999.0 12.2461558738 -9999.0 -9999.0 -9999.0 -9999.0 -9999.0 -9999.0 -9999.0 -9999.0 -9999.0 -9999.0 -9999.0 -9999.0 -9999.0 -9999.0 -9999.0 -9999.0 -9999.0 -9999.0 -9999.0 -9999.0 -9999.0 -9999.0 -9999.0 -9999.0 -9999.0 -9999.0 -9999.0 -9999.0 -9999.0 -9999.0 -9999.0 -9999.0 -9999.0 -9999.0 -9999.0 -9999.0 -9999.0 -9999.0
-9999.0 -9999.0 -9999.0 -9999.0 -9999.0 -9999.0 -9999.0 -9999.0 -9999.0 -9999.0 19.9190514698 19.0275606979 19.893570818 19.4372486211 122.201495161 135.237002859 34.2254868107 11.0276081227 -9999.0 -9999.0 -9999.0 -9999.0 -9999.0 -9999.0 -9999.0 -9999.0 -9999.0 -9999.0 -9999.0 -9999.0 -9999.0 -9999.0 -9999.0 -9999.0 -9999.0 -9999.0 -9999.0 -9999.0 -9999.0 -9999.0 -9999.0 -9999.0 -9999.0 -9999.0 -9999.0 -9999.0 -9999.0 -9999.0 -9999.0 -9999.0 -9999.0 -9999.0 -9999.0 -9999.0 -9999.0
-9999.0 -9999.0 -9999.0 -9999.0 -9999.0 -9999.0 -9999.0 -9999.0 -9999.0 19.0259846733 38.9237459853 77.2471884915 38.286715923 18.5918427813 36.9401218982 152.90734483 211.080403945 11.9262103587 -9999.0 19.3731821441 -9999.0 -9999.0 -9999.0 -9999.0 23.0690226503 11.8767947177 -9999.0 -9999.0 -9999.0 -9999.0 -9999.0 -9999.0 -9999.0 -9999.0 -9999.0 -9999.0 -9999.0 -9999.0 -9999.0 -9999.0 -9999.0 -9999.0 -9999.0 -9999.0 -9999.0 -9999.0 -9999.0 -9999.0 -9999.0 -9999.0 -9999.0 -9999.0 -9999.0 -9999.0 -9999.0
-9999.0 -9999.0 -9999.0 -9999.0 -9999.0 -9999.0 -9999.0 -9999.0 21.8273786793 61.2441189749 79.975306779 98.8347857178 134.236229926 18.1962422285 73.0497777435 90.9192349674 327.933257814 13.7991932065 15.4279504168 37.1821196988 54.213009471 17.7215182084 -9999.0 58.1578721848 47.5912046145 12.5680242042 -9999.0 -9999.0 -9999.0 -9999.0 -9999.0 -9999.0 -9999.0 -9999.0 -9999.0 -9999.0 -9999.0 -9999.0 -9999.0 -9999.0 -9999.0 -9999.0 -9999.0 -9999.0 -9999.0 -9999.0 -9999.0 -9999.0 -9999.0 -9999.0 -9999.0 -9999.0 -9999.0 -9999.0 -9999.0
-9999.0 -9999.0 -9999.0 -9999.0 -9999.0 -9999.0 21.3432337567 19.5180990501 19.177077997 19.495199826 19.8288243352 138.724845188 292.374084605 311.509054652 329.485454633 18.4844057853 361.835235103 377.782711762 32.8700255663 17.5810166182 70.9273281053 123.165180471 15.0007566869 101.55119225 15.4198654872 14.3842767409 15.2076078167 -9999.0 -9999.0 -9999.0 -9999.0 -9999.0 -9999.0 -9999.0 -9999.0 -9999.0 -9999.0 -9999.0 -9999.0 -9999.0 -9999.0 -9999.0 -9999.0 -9999.0 -9999.0 -9999.0 -9999.0 -9999.0 -9999.0 -9999.0 -9999.0 -9999.0 -9999.0 -9999.0 -9999.0
-9999.0 -9999.0 -9999.0 -9999.0 -9999.0 -9999.0 42.9578327184 63.4330128414 143.709645041 200.735302882 18.0941259531 18.8855360256 18.4881815945 53.9881566249 400.145334391 16.3661122423 393.764207122 458.455149027 49.1095947355 33.4002857736 139.034089746 17.1903831346 118.352497353 30.9271877013 14.8880115928 28.7587289728 31.3210202887 17.4125216423 17.7450384934 17.3905641618 17.9661199979 36.0036258626 -9999.0 -9999.0 -9999.0 -9999.0 -9999.0 -9999.0 -9999.0 -9999.0 -9999.0 -9999.0 -9999.0 -9999.0 -9999.0 -9999.0 -9999.0 -9999.0 -9999.0 -9999.0 -9999.0 -9999.0 -9999.0 -9999.0 -9999.0
-9999.0 -9999.0 -9999.0 -9999.0 -9999.0 23.1943333133 45.0847305866 21.7186998243 42.1525112432 221.532584309 259.771311958 297.851133381 962.819282266 17.8917881136 417.740886196 1523.1386281 1537.45608296 2021.14196811 15.296093346 49.2517609963 155.002854818 15.8229428945 290.220205593 155.540329923 91.2989522983 75.8496111349 15.1486727337 51.4683144556 51.8689394549 34.5873437227 16.5753898121 53.0604901746 16.103677093 15.8681877058 -9999.0 -9999.0 -9999.0 -9999.0 -9999.0 -9999.0 -9999.0 -9999.0 -9999.0 -9999.0 -9999.0 -9999.0 -9999.0 -9999.0 -9999.0 -9999.0 -9999.0 -9999.0 -9999.0 -9999.0 -9999.0
-9999.0 -9999.0 -9999.0 -9999.0 -9999.0 23.0880012853 67.6017402228 134.861608677 155.850157311 309.453919988 329.606673497 392.471232723 647.302497943 1018.04576057 1055.44704178 1072.70043696 32.9399873031 2080.80697091 2111.86020207 2195.11295308 2704.23170897 338.756270701 307.196851712 108.050851441 16.3132582201 96.1385709683 65.9465340974 14.1820782476 67.5989528936 15.8188242566 31.8320530351 84.5961381191 100.361416927 31.4173397785 14.9565334239 15.0142185421 -9999.0 -9999.0 -9999.0 -9999.0 10.6522547899 9.74891245423 -9999.0 -9999.0 -9999.0 -9999.0 -9999.0 -9999.0 -9999.0 -9999.0 -9999.0 -9999.0 -9999.0 -9999.0 -9999.0
-9999.0 -9999.0 -9999.0 -9999.0 -9999.0 22.4754734544 21.8622717677 89.9190665516 111.208819442 133.1461967 21.3323795512 42.2908371011 238.066175678 42.757796205 20.5756379715 18.8745044768 16.920211454 18.7571180805 17.7517627808 18.3114315418 2720.50595606 2767.92028581 15.6122115767 47.8816387739 32.5176827872 111.292140751 28.4698150863 13.4026728506 83.293970807 31.5061330981 76.5908793714 177.326925899 162.190436594 46.2752521063 43.9352980077 15.4018821507 15.051380803 -9999.0 -9999.0 14.9971216966 22.7072627497 52.7045648964 10.1377662497 -9999.0 -9999.0 -9999.0 -9999.0 -9999.0 -9999.0 -9999.0 -9999.0 -9999.0 -9999.0 -9999.0 -9999.0
-9999.0 -9999.0 -9999.0 -9999.0 -9999.0 -9999.0 23.3833754731 23.2806750187 45.1313962035 67.137271874 153.670305366 196.512124112 218.179034062 21.9818027736 18.5585496013 239.602531613 295.549615628 313.219838594 386.561988704 403.481779439 16.4169220252 2784.36124311 2864.68312015 64.5000944744 16.7276267429 126.410504546 277.069015704 109.50103262 28.7758884223 14.7513148298 283.018752934 192.157491288 13.5901149081 13.531694205 57.2335999245 45.0236066554 13.7862543629 12.3226403688 14.6334469079 29.3234131923 13.9414710835 63.9138766876 76.3452831586 10.72532733 -9999.0 -9999.0 -9999.0 -9999.0 12.3078049241 11.5436454718 6.12693204121 -9999.0 -9999.0 -9999.0 -9999.0
-9999.0 -9999.0 -9999.0 -9999.0 -9999.0 -9999.0 -9999.0 22.9907406417 21.3917592986 43.7437096979 65.8602338494 21.6088128079 19.9658488289 123.570677981 162.746404437 202.986506614 19.2632813393 38.1513903154 18.6680668485 420.882093621 919.607515507 930.649958149 3823.50988752 15.7425145275 47.972991367 15.3602844391 289.931524048 14.2168003481 43.6545048851 14.3769516911 296.812632452 310.688074152 27.3272137103 27.3465039828 145.522612976 73.5731810531 25.7799183011 13.5940021474 29.2020083295 43.6872294259 70.5672770211 12.2710094489 96.3302062012 104.74716162 7.54060199905 8.5437367713 8.45594980622 7.46437094409 7.15757373014 32.8192466635 17.1702054936 11.5411390123 -9999.0 -9999.0 -9999.0
-9999.0 -9999.0 -9999.0 -9999.0 -9999.0 -9999.0 -9999.0 -9999.0 43.6655553139 64.3296453264 21.3279710759 43.2398335286 63.7062280353 105.004834763 20.9439512986 20.5016158822 18.5284227035 18.747475468 17.1035352552 463.961007656 18.9528092156 37.146858469 3871.5910896 3897.20309049 10.3741439157 69.1239860124 371.097814858 28.0762103184 56.2928684631 26.1046631283 37.9434456373 362.13612624 39.5855712974 210.819297075 171.713093377 13.4030951651 67.1846896739 27.6712126721 42.6658070567 13.1934760675 81.7542839857 103.317037974 110.524998891 117.272605662 133.13804315 14.5528915182 15.0430710496 13.4573933499 12.7143561772 40.0808727616 8.48090995458 37.8504710486 46.8190877665 -9999.0 -9999.0
-9999.0 -9999.0 -9999.0 -9999.0 -9999.0 -9999.0 -9999.0 -9999.0 22.5907666471 108.781471549 129.626234332 20.8849886271 41.1771312884 20.2766975001 19.448028165 19.129331434 235.72876956 312.873600061 382.983561816 451.917134606 16.3274519793 18.5183839893 15.3722236465 3967.71044617 3993.92768893 4003.33829393 492.470045246 110.005032883 96.9273106208 11.1466427513 49.4667150688 423.333339707 11.6396278107 222.493098106 13.3245310065 90.8923162971 81.4981378919 13.8608126323 56.0662488841 26.508021805 39.3996910357 9.9117676328 6.66001696234 123.915070985 129.85678846 139.063370533 21.569540427 19.6034454559 18.7490897844 49.0661579295 66.2789055202 8.59530723683 56.1467329398 10.2174844786 19.5779124212
-9999.0 -9999.0 -9999.0 -9999.0 -9999.0 -9999.0 -9999.0 -9999.0 -9999.0 22.7031627946 151.18105126 171.666748544 61.4968407025 101.777316612 140.581683077 160.009629735 20.1772820015 58.6945442164 39.7710892923 20.5716257322 20.0949173389 18.4554407742 35.4882099856 57.6387266753 15.4722480224 4522.12559267 4532.66134324 9.48205194063 8.83763485046 23.471656659 34.9926943287 457.171862071 22.5320617384 232.571984295 141.760677756 116.989224939 13.0894058505 26.6539529567 68.3380512621 12.2447031285 51.1090666975 20.8328912262 12.00321426 6.51390092034 149.103957225 292.900242799 25.85705601 24.0263855047 25.1774385112 6.89202600452 73.2283009296 6.75772040909 72.7597873338 9.09772221843 28.7768521734
-9999.0 -9999.0 -9999.0 -9999.0 -9999.0 -9999.0 -9999.0 -9999.0 -9999.0 -9999.0 20.2768496868 212.452757281 20.2128529985 40.1256913862 58.9395286269 96.1798796457 18.9314816645 38.3357561641 19.3421455911 18.0789484974 17.2467309894 33.7815855596 15.3919742678 15.2436627844 27.7388660924 14.5419936728 4543.15865776 4562.26301602 4591.50249116 44.7934040062 12.2001326398 24.3208407225 469.432559772 431.454264495 166.774437372 12.469122712 52.3341802756 39.4316199089 80.6415635564 24.4880772133 95.2870661231 32.2483889923 21.1752005815 7.74486029166 7.54268984831 299.738771123 305.498877721 360.073740797 47.2977041132 14.5008346502 80.7649722882 94.900706471 175.044378114 17.7229296517 8.55791796091
-9999.0 -9999.0 -9999.0 -9999.0 -9999.0 -9999.0 -9999.0 -9999.0 -9999.0 -9999.0 -9999.0 13.1131569472 241.41903646 19.1892404495 37.850710837 170.009310942 17.9136584775 17.7354909755 16.3246802915 35.7905655898 18.1409591853 69.5581198474 99.6319247084 113.022016253 39.3153536107 47.5237529733 9.24047554236 12.8942903313 12.0730072013 4660.01514339 4693.77507117 479.76778491 452.476635101 441.988409708 21.3360320472 10.3713507209 63.8485979553 167.50582028 92.1726431428 35.9272677075 141.84223495 57.9991027424 47.8841682748 16.3392024505 6.27866037799 4.98146929707 5.40260053644 388.199456751 456.52233311 7.49911672442 6.65048817309 7.49839311282 182.686532924 208.077504288 15.5750349761
-9999.0 -9999.0 -9999.0 -9999.0 -9999.0 -9999.0 -9999.0 -9999.0 -9999.0 -9999.0 -9999.0 12.3146318511 270.549045318 329.790943984 18.8252509951 206.943713639 16.571244285 16.3225744899 34.1793027861 88.1026484214 17.8832300396 18.635922436 15.450704665 142.530684127 156.837291165 219.418509271 240.664020287 252.6247842 261.94228317 276.033627343 4979.76716372 5478.41343688 5946.67686963 5952.59335488 7.47874784645 10.3201943074 190.585590155 179.131140727 11.3448055915 11.3490399535 153.055238278 221.714209454 9.4052450747 120.569001284 110.70304344 32.9509979752 13.4983020637 22.313912949 7.52123913605 468.352220318 6.04457636148 20.1462617586 24.8557753385 254.587013153 279.096720913
-9999.0 -9999.0 -9999.0 -9999.0 -9999.0 -9999.0 -9999.0 -9999.0 -9999.0 -9999.0 -9999.0 21.1758637769 40.7513979811 348.967395049 384.271583666 17.4066259432 235.741709188 14.5591834112 46.201603995 104.179956884 34.4995140292 16.5474458871 32.5892830916 12.5523606833 25.3234350268 13.4486648857 13.0077580292 13.0089127051 12.7221084049 11.5271339469 9.89268976412 10.7157778888 10.7347641416 10.6919943467 5977.89879623 216.463045493 201.349579625 5.23107958828 32.1655529004 10.4310866188 10.1338679123 231.529761014 382.011363413 131.137439349 95.5342265119 20.8809159025 8.03686774596 7.23716618137 13.3350740581 487.680361927 498.331678698 5.61249499114 6.0767648582 7.25998575287 9.0123037911
-9999.0 -9999.0 -9999.0 -9999.0 -9999.0 -9999.0 -9999.0 -9999.0 -9999.0 -9999.0 -9999.0 -9999.0 18.8896904815 247.179321274 650.300242736 706.358279672 957.164664461 969.102670276 229.771501478 172.152038796 51.3521748689 16.3311478268 64.4048167484 79.1713159537 118.163429102 27.4645376639 26.1242745963 26.3308992411 51.8204933215 24.1092676401 22.0327935867 12.4167773988 11.8522517333 9.01373920838 5986.38978429 6211.42255941 6217.29642063 4.94055522925 84.418368524 41.801234049 10.7530425954 414.239412825 22.5999310816 11.668123535 51.5538597046 11.7986471636 8.0479706087 14.5017567089 19.7081583932 25.3766607823 507.159027548 4.16763157177 3.71683478966 3.86395027153 3.51069558867
-9999.0 -9999.0 -9999.0 -9999.0 -9999.0 -9999.0 -9999.0 -9999.0 -9999.0 -9999.0 -9999.0 19.9748557897 188.205515005 228.062856613 38.2906618323 14.2769622457 30.8738275569 1016.35185408 1028.60521988 1270.54838281 14.4159538121 30.6081693539 13.3352151525 13.5463590151 131.349052901 171.967036404 210.36572992 12.1809352598 63.9021055213 99.8734101351 56.6986226675 23.6321614035 22.2527991605 20.1443618787 17.6474302372 6.35300500739 6221.75404697 6225.08916247 6316.57595631 17.5733909932 9.43232105844 421.415601663 25.1812911182 12.8298944163 13.9890320132 13.8754925502 11.9921620047 21.0260225843 57.8027134198 89.4397644592 601.140082761 3.15244570332 9.62943868626 6.72754539707 6.26574245202
-9999.0 -9999.0 -9999.0 -9999.0 -9999.0 -9999.0 -9999.0 -9999.0 -9999.0 -9999.0 -9999.0 20.42520288 129.590965521 20.382415384 18.7687429927 96.0479588895 113.177569394 130.197986458 145.947790067 1715.84475697 1730.94208596 1759.93116876 1974.46440706 2015.7216761 2040.19748918 2053.51859108 2299.67916407 2337.25035535 2349.8777735 2463.27809315 2532.37008815 2543.54141282 2588.56895013 30.5402469186 28.1687452366 6.76983560405 4.103983829 6229.12226457 6343.00588799 23.3932359179 483.789006247 475.645037802 47.2317365713 11.3136576789 11.6090357359 11.2336065989 10.9203762804 21.8643023448 30.5641809337 7.74978587049 605.233517575 609.615495109 629.7443998 633.351825204 643.169525401
-9999.0 -9999.0 -9999.0 -9999.0 -9999.0 -9999.0 -9999.0 -9999.0 -9999.0 -9999.0 -9999.0 66.3809283634 87.8284312089 40.7734563904 60.2334678134 19.2178872811 214.585265035 231.893032269 266.253220325 283.62120835 114.896046172 1900.82795025 1916.91839591 13.8461928403 11.057213658 11.5955401686 23.6947504055 12.8744436158 12.2472700176 12.1031859696 11.1616030328 2556.0728497 2600.18763324 2640.27349425 2676.58942056 2695.21321835 7.54562136738 2.28365694392 6842.18788603 496.308564898 492.334936021 9.74814230699 8.7110015412 7.96847491542 20.2080175514 19.6839133095 9.33863642064 9.38255378681 8.52845210747 16.1521151622 20.6013458175 3.0508254455 5.63071229359 2.433624985 2.74674768623
-9999.0 -9999.0 -9999.0 -9999.0 -9999.0 -9999.0 -9999.0 -9999.0 -9999.0 -9999.0 -9999.0 -9999.0 44.9009543134 21.0628480138 19.6854498209 179.929814061 197.472036548 17.8268115668 67.6647796776 84.4885118477 100.212359963 17.2259814694 12.2119048476 285.792196648 295.814764998 305.902810574 784.543999352 794.19051274 815.852898166 893.356181098 952.016868852 962.084546345 11.0619144819 11.4011196604 9.16494170275 2701.18654315 2.69447065075 6918.11793882 6913.92721059 68.8117101229 63.649566365 37.2138325174 9.47713137857 15.525155464 27.9736337975 27.5347187543 18.1891149904 9.06436857816 17.4360863117 17.2206502443 28.1770661308 6.88388993479 11.9819172381 18.5287250844 24.4233680701
-9999.0 -9999.0 -9999.0 -9999.0 -9999.0 -9999.0 -9999.0 -9999.0 -9999.0 -9999.0 -9999.0 -9999.0 22.9849097469 63.837391423 83.4424922984 141.507459527 16.770124324 34.4726384188 51.5446685434 203.008567841 219.300635154 236.58065439 250.093442128 263.392511942 405.864739534 445.343002435 469.79498255 12.3062676088 56.4720692952 68.8775546869 921.506249251 972.512130565 996.595838045 1021.36063839 1037.92522116 3742.06682474 2.89334006114 6933.99856244 10.1414110377 5.65897319951 54.4111131921 45.8334235676 8.07675389366 23.5105900835 35.5165723825 34.5955234999 24.915735853 40.9317468248 64.6317351741 24.3279796744 59.0031169162 6.30991871809 11.9674580941 2.05718284362 1.58874146642
