data/baseflow/mHMbf_acc234.asc
ncols                  80
nrows                 72
xllcorner      4374000.0
yllcorner      5656000.0
cellsize            500
NODATA_value       -9999
[rows 25 to 49 of 72, columns 0 to 54 of 80]
-9999.0 -9999.0 -9999.0 -9999.0 -9999.0 -9999.0 -9999.0 -9999.0 -9999.0 -9999.0 -9999.0 -9999.0 19.2856830626 38.1305495949 17.0670050924 34.317723652 13.8785916751 112.277877036 138.066629177 151.70050088 11.7934143592 22.1111068351 236.346778013 287.110698437 294.60153443 18.1712175839 16.3311974886 23.0336278856 3.82078993212 3.19159739705 5.81833693145 2.62125422658 369.992448466 373.027028448 374.740926548 2556.67908518 4941.02017671 4921.92254112 2.9977672807 1.61415271728 1.3992300997 6.58598088476 5.50901707624 18.7610458216 28.6932725885 57.9607938629 4.89545262314 4.84401341486 45.2179886083 49.1912701049 94.6684986511 96.6375296302 101.865001342 103.054281444 1.08245080139
-9999.0 -9999.0 -9999.0 -9999.0 -9999.0 -9999.0 -9999.0 -9999.0 -9999.0 -9999.0 -9999.0 -9999.0 -9999.0 17.2640301082 34.800122287 52.7120969362 82.6754585752 15.8477667762 13.5313510986 102.855749913 114.633057972 216.861967171 229.181903991 33.6599511568 10.6420410571 8.9207066901 7.65883787054 350.197118676 354.662262986 358.760815263 361.816866845 367.295101881 41.9236184446 44.4289284704 420.956336879 7921.27091085 14.5407610381 10.7843628358 5.03108861719 1.43691870585 1.10982535272 9.27274515894 10.0165825414 20.7635875041 1.0066981748 59.4329796705 7.40694087742 7.176451488 0.965764410095 0.574022676167 0.51604224234 0.665117503592 0.582132347159 103.744373747 1465.61502144
-9999.0 -9999.0 -9999.0 -9999.0 -9999.0 -9999.0 -9999.0 -9999.0 -9999.0 -9999.0 -9999.0 -9999.0 -9999.0 -9999.0 16.6554366118 33.0116747484 47.5429763668 62.0712297532 75.8270197907 90.2192042949 40.3592064977 67.4673174641 11.9835261904 11.2431363619 303.079667539 324.503451858 333.932493699 343.893422215 6.16913788587 10.5495474702 29.7608733162 34.2082575764 38.2437892616 3.44305236761 2.33389163599 7931.20567124 3.7702807898 3.94052872073 1.95369705531 6.13564630972 2.89029286224 1.48853615457 32.1861413368 33.5533369053 0.775589542909 60.4065066688 68.3987613872 7.73225449863 1504.48447501 1502.99355933 1501.78206445 1498.90977979 1497.65786649 1470.77336855 1469.63456056
-9999.0 -9999.0 -9999.0 -9999.0 -9999.0 -9999.0 -9999.0 -9999.0 -9999.0 -9999.0 -9999.0 -9999.0 -9999.0 -9999.0 4.28652648658 9.49951373962 14.7111412258 144.538708127 158.518295793 14.428082407 13.6259087517 13.4853249203 256.282846557 281.67391498 12.0488770797 12.2562038062 8.70332721282 36.7137862313 45.5416723979 19.5284858725 24.7861460777 223.234171419 228.853522111 239.753540664 367.822281071 8302.17648875 3.77648057255 1.52599227574 9.66823426414 7.94158129748 1.31779486289 4.27336416834 5.64820691645 35.0268189832 36.1942931594 106.865847903 69.0138026615 8.54102870712 1528.7641104 10.0511831337 1500.6455811 1499.85054416 25.671607077 1.94562210412 2.03902090301
-9999.0 -9999.0 -9999.0 -9999.0 -9999.0 -9999.0 -9999.0 -9999.0 -9999.0 -9999.0 -9999.0 -9999.0 -9999.0 -9999.0 21.8512838527 35.9108294106 73.0350936727 129.201576788 172.414059522 204.269098782 217.949585276 231.896565712 245.154079214 12.1398722225 10.3600049733 20.012971041 18.3640315117 9.71592025157 196.963549665 205.428123371 213.025392632 220.050325874 114.568501928 118.717608748 124.628571208 8304.89390494 7.2376670216 4.4133154886 15.7194925716 1.74336513051 3.14419561262 1.76394038535 1.24548152301 7.05680128729 0.877546309469 0.932381667633 1641.56940674 1534.04817179 1533.08913393 4.76868895009 9.46237677698 5.89614941621 1.12389682855 22.2814166659 5.37294394598
-9999.0 -9999.0 -9999.0 -9999.0 -9999.0 -9999.0 -9999.0 -9999.0 -9999.0 -9999.0 -9999.0 -9999.0 -9999.0 -9999.0 15.2721490963 14.5766615758 28.790308201 43.211040576 16.5506959505 16.9982598277 31.1782045216 44.7829238874 69.6897104303 82.1426552671 92.6590228493 123.727923145 133.098124135 143.578384774 8.97364644118 92.8311331513 99.7501026561 105.702552594 4.17857394591 1.57593211356 3.09353861534 8432.43280304 8434.98490413 8446.64577022 21.4505709679 3.99168059619 4.50582979318 1.17666646818 2.2106635711 8.12322093827 9.81720117415 1.67153408327 1646.05325787 1.55843329695 2.54930675711 2.87038168285 2.12187073556 3.87003135213 1.52698252231 16.0289084376 12.3692625261
-9999.0 -9999.0 -9999.0 -9999.0 -9999.0 -9999.0 -9999.0 -9999.0 -9999.0 -9999.0 -9999.0 -9999.0 -9999.0 -9999.0 -9999.0 13.9305625434 27.2278513329 12.7347722294 26.296250117 164.441256343 177.411959145 190.195878562 12.4869875664 12.531402936 22.992634489 33.7412807363 51.7349752839 61.2103270655 67.2326818715 75.4625699449 6.29158007058 5.33354542616 114.132020678 116.732270463 118.982564719 121.63116372 101.85807869 8559.3712445 8595.63272721 8597.32675853 8603.26769017 8610.1134637 8613.07044931 0.782720069262 10.6017554243 1646.74985122 1.63029363843 0.841889666554 1.13741223019 1.20056257032 2.03639685998 1.83175440587 1.13527674077 2.11598889424 1.91093220709
-9999.0 -9999.0 -9999.0 -9999.0 -9999.0 -9999.0 -9999.0 -9999.0 -9999.0 -9999.0 -9999.0 -9999.0 -9999.0 -9999.0 -9999.0 -9999.0 40.4177020365 53.748474414 94.3614272984 124.438520996 15.7640636533 221.488877772 233.63325876 244.811858446 10.9993386991 21.3845035372 8.96780216011 70.8003091708 76.1125162969 83.9898416863 91.4652916303 107.808499411 111.455608378 2.12358832722 90.9769237493 96.4659211858 99.3565006401 110.079559334 12.3880099332 7.38726213591 3.90226814004 3.69763378647 8616.40703128 8617.54815427 8635.30304083 1647.40758907 5.05044498017 2.83091251923 1.89694544473 0.572369338375 6.01291994463 3.19204940193 0.979976924838 5.95010486652 5.16989010209
-9999.0 -9999.0 -9999.0 -9999.0 -9999.0 -9999.0 -9999.0 -9999.0 -9999.0 -9999.0 -9999.0 -9999.0 -9999.0 -9999.0 -9999.0 -9999.0 13.5879684146 67.3792429317 81.7517523636 16.3120602161 13.7178376431 28.0380209857 40.7275177539 297.469926363 10.8889904587 43.8434403554 53.3898068739 62.6690274967 5.63578257041 12.7526245414 16.2032681455 72.6700224161 80.3685992779 83.2813593 2.91986259396 2.54034653355 2.82742739492 5.22015671829 2.11699153064 2.19055937597 2.68142185004 2.52845169091 2.70273222085 6.44018446192 8636.70066161 10287.3466077 6.21294996589 1.65002238206 0.608708557182 19.6486065432 18.3566091149 11.2809259604 10.1776486422 7.60527084157 2.13093672669
-9999.0 -9999.0 -9999.0 -9999.0 -9999.0 -9999.0 -9999.0 -9999.0 -9999.0 -9999.0 -9999.0 -9999.0 -9999.0 -9999.0 -9999.0 11.879709301 37.519114561 12.1717382398 16.293668759 15.6215847208 29.7062376025 43.3169423262 55.7934865665 364.95792288 375.248293234 10.6914125067 20.2380009893 29.9743616142 36.7621226783 43.3753258139 63.3167836421 69.4615770096 3.89007921744 3.25788441459 2.68578029758 2.66629391419 2.83883564668 3.66916832671 3.13013950327 4.08380545634 9.65927193567 4.51661683593 1.49708493971 1.43859450416 1.22412248775 2.21398346173 10355.9657 60.7786662591 23.9263761686 2.61365972701 1.21357291153 0.774377531088 2.62067989778 1.74574207266 0.874534675736
-9999.0 -9999.0 -9999.0 -9999.0 -9999.0 -9999.0 -9999.0 -9999.0 -9999.0 -9999.0 -9999.0 -9999.0 -9999.0 -9999.0 12.6566465827 24.1604321079 84.7902906809 10.9663406311 30.6080135548 45.4702005936 58.9931578572 14.4387324283 26.4172784747 39.2342352712 425.1389413 9.86801893279 18.5548348123 27.544572148 8.00676716546 15.6779312161 18.8604999346 24.0842268335 710.678624848 717.203599345 722.958979895 749.548816502 758.036067404 777.289934202 4.29562649876 10.0717407602 11.4319166713 828.085221661 830.648689764 1.28064294434 2.05750913355 2.8026743084 10357.2482498 57.6310696604 30.1625295602 28.5770072501 21.443054579 17.8376116031 3.45854189948 0.871370897134 1.54621486204
-9999.0 -9999.0 -9999.0 -9999.0 -9999.0 -9999.0 -9999.0 -9999.0 -9999.0 -9999.0 -9999.0 -9999.0 -9999.0 -9999.0 13.1896710881 39.4841005102 137.240280973 202.291012002 9.56541219827 260.99517462 331.838086637 13.1215043764 24.868728064 37.6394538036 532.364546027 542.210358554 7.14630497992 41.9757705041 48.4862186587 54.4343663894 664.347761413 676.432612901 683.862262539 3.53412981319 19.4993660802 23.2025080505 9.21946841818 13.0348157576 795.059521911 810.376960116 813.07538759 815.532155497 832.924717405 1.10139866922 0.937568186206 4.49854588537 10358.445026 1.98819724692 2.00298130778 5.8700912235 2.49171637475 15.9866246435 12.8488036682 7.79950314627 5.47246435622
-9999.0 -9999.0 -9999.0 -9999.0 -9999.0 -9999.0 -9999.0 -9999.0 -9999.0 -9999.0 -9999.0 -9999.0 -9999.0 -9999.0 -9999.0 -9999.0 27.1336020128 53.949951066 237.755240185 250.426106806 342.838467496 354.861288872 12.9097001398 25.8392205162 59.7784517001 551.243667661 566.878653073 572.583161158 4.43706982129 593.456044151 605.943774686 7.97581668324 3.60520523739 6.7275168486 13.0998783846 3.19066004889 6.15440383487 12.7165056353 15.6934512509 3.0653314068 1.74983645488 3.34456734713 846.707809294 850.857091428 851.621510741 858.734915807 10359.4247258 1.2742469909 1.04930281318 1.3732502686 1.32401804893 1.39200291453 1.15610563931 2.0585047944 0.821839895956
-9999.0 -9999.0 -9999.0 -9999.0 -9999.0 -9999.0 -9999.0 -9999.0 -9999.0 -9999.0 -9999.0 -9999.0 -9999.0 -9999.0 -9999.0 -9999.0 13.9706439554 13.5496867331 12.9863199544 25.133312306 10.6549375543 376.287596302 387.221232148 11.8442447932 23.1615519397 10.0247472935 7.75267651373 7.39796038338 584.856015746 3.95582970401 8.49104030339 4.40573119613 3.72986175818 3.20159564343 2.29105634771 2.43366113005 7.60979479906 10.6079502097 1.85754908394 1.53062905434 3.43498800101 6.03665286389 8.08746237995 2.32747174573 853.293281519 859.564903695 10360.103213 4.93979012489 2.35358388257 0.60133889874 1.76840777177 0.462405723961 0.352418381449 2.46610926888 4.10676703715
-9999.0 -9999.0 -9999.0 -9999.0 -9999.0 -9999.0 -9999.0 -9999.0 -9999.0 -9999.0 -9999.0 -9999.0 -9999.0 -9999.0 -9999.0 -9999.0 -9999.0 -9999.0 13.3772067481 36.9748517275 46.8968511353 57.2972386176 397.800816127 408.882013734 419.491518936 430.398448257 437.504840326 452.47986417 456.232995043 459.778465162 462.638399515 2.99922820981 2.77335136985 3.02539091355 10.3992521858 2.86931627376 2.7092876169 1.90462262785 5.51526905757 2.28993048624 1.60206017807 1.44372732957 1.17700947791 2.34696048424 3.39458224955 866.560919745 11232.3003256 1.20751363533 2.20612482625 0.411520277097 2.31568553055 1.11931024281 0.709879353483 9.81984806666 6.81354706982
-9999.0 -9999.0 -9999.0 -9999.0 -9999.0 -9999.0 -9999.0 -9999.0 -9999.0 -9999.0 -9999.0 -9999.0 -9999.0 -9999.0 -9999.0 -9999.0 -9999.0 -9999.0 -9999.0 10.7481639042 88.2774567993 169.174563084 179.767486188 15.0423337426 27.1705409383 38.4873237573 46.8859193172 106.24949608 109.481440364 3.11685846883 3.0953437159 469.131469715 474.657591737 477.145143051 12.1936710538 1.53481097965 4.41195136165 6.38111821029 19.0506673026 23.3572103486 26.4341897737 2.73241729272 3.7503529777 1.28274470609 2.5642657016 1.34253895275 11234.4599792 0.963993068086 4.1556109796 1.33618914285 4.13345288833 10.1141022428 11.4060291208 21.867160669 7.13060224386
-9999.0 -9999.0 -9999.0 -9999.0 -9999.0 -9999.0 -9999.0 -9999.0 -9999.0 -9999.0 -9999.0 -9999.0 -9999.0 -9999.0 -9999.0 -9999.0 -9999.0 -9999.0 12.3710102734 39.9112624633 77.7427965662 101.11539841 251.827409421 264.971784485 24.1209884902 35.4897960027 44.7526579612 52.8284449991 112.840124518 119.207518097 206.601163992 213.15111892 215.960946337 479.621592362 497.859695357 4.06458733798 3.0824197115 2.85373515063 5.40197686891 2.38329266744 30.9575292192 32.4272723954 4.94660417103 6.53529124448 1.34060506661 2755.30263598 2758.145176 13993.8918908 13999.3644961 1.16566170177 6.76959381199 1.69532564215 1.30370919071 24.0975188066 31.9962701792
-9999.0 -9999.0 -9999.0 -9999.0 -9999.0 -9999.0 -9999.0 -9999.0 -9999.0 -9999.0 -9999.0 -9999.0 -9999.0 -9999.0 -9999.0 -9999.0 -9999.0 -9999.0 -9999.0 14.4510464804 13.9981337601 26.0247420113 61.3956927928 276.596692075 12.5297833564 12.3449275382 21.5496584122 31.1097787034 72.6349572475 77.7722996231 3.77955971361 4.50029658229 219.9555416 222.662555808 723.066247595 725.221655175 1.31874119266 1.11041047569 0.903387090249 0.914207543705 1.04833072297 2725.822456 2735.71977704 2744.05839207 2747.17317632 2753.88563489 1.61557541568 5.73378492394 6.68076223091 14008.2638044 14008.7700373 14010.4994065 14011.825874 14013.2730329 33.2157775221
-9999.0 -9999.0 -9999.0 -9999.0 -9999.0 -9999.0 -9999.0 -9999.0 -9999.0 -9999.0 -9999.0 -9999.0 -9999.0 -9999.0 -9999.0 -9999.0 -9999.0 -9999.0 -9999.0 -9999.0 12.490171487 13.2500444229 24.3593076623 324.26801223 335.695991525 11.9924343011 21.2116600101 31.0846414639 37.4987514251 5.16474829188 9.95536496246 693.018016051 695.908002408 699.098865346 723.532092286 1451.50350589 2663.34225264 2666.89368943 2670.0804429 2673.07055424 2687.20798732 2691.93787469 8.45754989476 3.56597791638 2.33319481917 4.27486046385 2.81972168093 4.60277520297 1.42827344761 33.156967933 37.0933076235 40.5110631322 40.8997964322 14013.6262536 14047.7890066
-9999.0 -9999.0 -9999.0 -9999.0 -9999.0 -9999.0 -9999.0 -9999.0 -9999.0 -9999.0 -9999.0 -9999.0 -9999.0 -9999.0 -9999.0 -9999.0 -9999.0 -9999.0 -9999.0 -9999.0 -9999.0 12.7695978123 24.4236672735 36.2117841783 345.581371563 10.7256913532 467.159666559 477.435580387 482.396030396 487.608473389 672.353464352 678.181993814 3.34496516207 18.1311606407 21.8944731901 3.50068378291 1208.43505644 1202.20354575 1.72806131501 4.24328039735 11.5844440043 2.65097808311 2.82620689173 1.79481768953 1.43384038071 1.0279300566 1.28516495307 28.7650438721 30.1761615989 32.0175026805 3.0339662196 2.67577367763 42.3229054555 42.9443298388 43.2253930575
-9999.0 -9999.0 -9999.0 -9999.0 -9999.0 -9999.0 -9999.0 -9999.0 -9999.0 -9999.0 -9999.0 -9999.0 -9999.0 -9999.0 -9999.0 -9999.0 -9999.0 -9999.0 -9999.0 -9999.0 -9999.0 11.4161184723 10.6990459884 55.8244347141 424.431552067 446.725266989 458.092473047 9.4842522922 172.360345516 177.254785858 179.811033245 5.14110517592 9.03929116963 12.2353296938 271.453246942 273.880615821 275.945855264 1198.45938519 758.903548436 2.45337070526 2.52647437031 2.367466475 1.64704379244 17.7010598705 21.1416961846 24.0450415816 25.7345568407 27.3339850823 239.045850937 240.135088787 242.07699145 246.221930291 259.570508494 259.959063839 303.590082258
-9999.0 -9999.0 -9999.0 -9999.0 -9999.0 -9999.0 -9999.0 -9999.0 -9999.0 -9999.0 -9999.0 -9999.0 -9999.0 -9999.0 -9999.0 -9999.0 -9999.0 -9999.0 -9999.0 -9999.0 -9999.0 -9999.0 22.4011977133 34.4211188779 12.1792419116 12.5357506635 141.512047813 151.258994785 157.403576577 55.8058003785 59.8840913996 64.3783029686 67.9304451096 265.73588393 269.52168408 156.17455809 434.952905245 437.504997325 757.087070354 4.89594633861 2.46479686909 1.48243553443 12.3186033452 14.4933673749 1.08609626724 0.98696258414 233.824447684 236.621160254 238.037578554 1.86268788073 2.88593940653 257.798401721 1.12645556178 3.09014989815 3.38289883028
-9999.0 -9999.0 -9999.0 -9999.0 -9999.0 -9999.0 -9999.0 -9999.0 -9999.0 -9999.0 -9999.0 -9999.0 -9999.0 -9999.0 -9999.0 -9999.0 -9999.0 -9999.0 -9999.0 -9999.0 -9999.0 -9999.0 11.3087393005 22.3247484125 93.9513175094 106.679446048 118.570337307 44.4804599899 51.6353142352 4.77412714422 186.288328945 190.411700247 194.363293813 3.65481629517 149.351569872 153.349891646 2.67128328925 743.946241256 5.88765681495 2.89323599588 6.78095799178 9.25764423185 1.63305188181 1.22524235407 219.457091913 231.301005347 233.063663221 1.78910825197 3.46167114824 4.30752651101 5.10284691099 10.3649883144 1.11327936614 2.56289029263 0.498583955938
-9999.0 -9999.0 -9999.0 -9999.0 -9999.0 -9999.0 -9999.0 -9999.0 -9999.0 -9999.0 -9999.0 -9999.0 -9999.0 -9999.0 -9999.0 -9999.0 -9999.0 -9999.0 -9999.0 -9999.0 -9999.0 -9999.0 11.1145177307 34.7157892265 60.644916923 13.8730033684 25.4576739946 35.8940732964 166.925268487 173.11352656 177.561544474 3.71972020834 126.263544766 138.96977346 142.78462168 2.28355214987 732.326074237 738.815140345 2.93594127915 2.55127539951 5.07309392762 1.86637879442 210.788564475 214.026866493 216.091258254 7.70622212527 9.47624277411 1.44426175444 2.53498177147 1.10351410618 7.69980027225 1.21218698977 0.675993705712 0.69516750203 0.772822196753
-9999.0 -9999.0 -9999.0 -9999.0 -9999.0 -9999.0 -9999.0 -9999.0 -9999.0 -9999.0 -9999.0 -9999.0 -9999.0 -9999.0 -9999.0 -9999.0 -9999.0 -9999.0 -9999.0 -9999.0 -9999.0 -9999.0 -9999.0 11.8528851811 13.4822339322 14.6040503685 120.107668498 129.964590383 158.681893101 6.68806388859 108.451136928 119.382562228 4.35695255455 9.30681377593 3.07889604578 723.97528453 3.67619957926 8.56821192264 10.4519395557 12.2066627741 198.925025124 205.402828987 207.712564991 2.35363215022 4.24494637152 5.86546715537 0.857097980207 0.754529179334 624.675483899 625.469257024 626.114104312 633.804532719 634.725059973 635.773013344 636.341510461
