data/baseflow/mHMbf_acc500.asc
ncols                  80
nrows                 72
xllcorner      4374000.0
yllcorner      5656000.0
cellsize            500
NODATA_value       -9999
[rows 25 to 49 of 72, columns 0 to 54 of 80]
-9999.0 -9999.0 -9999.0 -9999.0 -9999.0 -9999.0 -9999.0 -9999.0 -9999.0 -9999.0 -9999.0 -9999.0 10.526187111 20.6584771305 8.63604039195 17.3266517357 6.41035392529 55.4442922063 67.2097686696 73.5219387769 5.19360756489 9.41789246685 116.857104389 138.346412956 141.445916838 7.68628918462 6.68045167181 8.90217676841 1.09907967348 0.874489953766 1.61673561725 0.830910735931 229.973102126 230.939915966 231.633382775 1188.52230296 2693.95920173 2684.00267824 1.02304384777 0.599355514854 0.537650411986 2.60811698592 2.24216355802 8.61570639172 13.7668527264 27.854463695 2.33925893064 2.30662071313 21.3036508954 23.1756237373 45.5097858953 46.4421629585 48.5297457616 49.0485960279 0.517707332551
-9999.0 -9999.0 -9999.0 -9999.0 -9999.0 -9999.0 -9999.0 -9999.0 -9999.0 -9999.0 -9999.0 -9999.0 -9999.0 8.64262619533 17.5677719546 26.8561623028 41.169244651 7.90683257944 6.32957106298 57.2823374328 62.4446318884 108.754146366 114.320605108 14.624063312 4.40885163637 3.57166059794 3.10258769656 223.778865945 225.291177726 226.525491708 227.409407815 229.093901688 15.2882035245 16.174976575 248.88737095 4132.62646635 6.3998123091 4.70461363679 1.91030379637 0.593772883011 0.437906986531 3.65029863076 3.96101307095 9.35865751436 0.369219890081 28.4295583303 3.46537134194 3.34036436502 0.383203386351 0.235016598255 0.236687941567 0.420310403685 0.278415980403 49.3427446147 758.5221779
-9999.0 -9999.0 -9999.0 -9999.0 -9999.0 -9999.0 -9999.0 -9999.0 -9999.0 -9999.0 -9999.0 -9999.0 -9999.0 -9999.0 8.16082983106 18.5499103642 28.3425547023 38.2459276153 44.687158751 51.5700905701 18.7579983209 31.2376758299 5.22078463113 4.71968075039 204.443422496 213.334410291 217.174056746 221.32073716 2.37041699795 3.88232027639 11.2402785618 12.6340004105 13.9667820035 1.22852578846 1.37244380802 4137.84911546 1.75717074798 2.13600377617 1.1538229124 2.73348152681 1.25404940036 0.882099475559 14.0604755461 15.0505478843 0.443623282979 29.035906503 32.823155579 3.68724921118 779.736081156 779.064156251 778.504333008 776.790829658 775.965367373 761.128675752 760.342130844
-9999.0 -9999.0 -9999.0 -9999.0 -9999.0 -9999.0 -9999.0 -9999.0 -9999.0 -9999.0 -9999.0 -9999.0 -9999.0 -9999.0 4.00894325583 8.33674664608 10.4232438518 125.602101583 132.127167506 6.84917045298 6.3940202409 6.18587573201 184.315897935 195.582439677 5.22449232879 5.31562531916 3.32619882397 14.4647091753 17.9953655884 7.50940397614 9.30990269645 94.5645668573 96.6959144268 101.548370701 155.560037029 4295.19081708 2.10761481501 0.88887571771 4.37676912057 3.54147599325 0.686872794351 2.34951922473 3.12161134885 15.9393574123 16.7321493837 50.7880663891 33.0643590558 3.95053869012 794.209074552 7.05910710748 777.919720263 777.404916619 14.0362334831 0.75491852607 0.682891070419
-9999.0 -9999.0 -9999.0 -9999.0 -9999.0 -9999.0 -9999.0 -9999.0 -9999.0 -9999.0 -9999.0 -9999.0 -9999.0 -9999.0 20.157996549 33.3017831252 64.4701711127 117.026569411 143.219111194 160.718080538 166.975194575 173.518333506 179.580310636 5.26373263643 4.28950682706 8.10628139585 7.21561144345 3.9219976369 84.2972493936 87.6258847724 90.643250558 93.4437011156 46.5129796467 47.8337417409 51.5790149366 4296.79202727 4.18434346431 3.26001201896 8.34422596997 0.72301763568 2.01817784817 1.23830289367 0.689142990861 4.0418423908 0.568238035313 0.611874245966 849.084896851 797.816574273 797.111774595 3.06612799976 6.6059719505 3.97527739918 0.665099741125 11.7666442645 2.48748825746
-9999.0 -9999.0 -9999.0 -9999.0 -9999.0 -9999.0 -9999.0 -9999.0 -9999.0 -9999.0 -9999.0 -9999.0 -9999.0 -9999.0 14.0882481063 13.949928708 27.7331787249 40.6969528439 8.97540415554 8.41683672041 14.9989486107 21.2508979292 32.2476434568 37.7074874909 42.1421631786 55.0442363994 58.8940943125 63.3152164422 3.54453717306 38.4029620541 41.0786267481 43.3024616631 1.50288676379 0.458639665579 0.974500035807 4350.60978364 4352.15288356 4359.24933837 10.6505245289 1.62564184374 2.95014665348 0.756875533821 1.23697483926 4.68030539858 5.75029962857 1.09935295439 852.297636832 1.21345415409 1.63771896057 1.75519991207 1.5798968085 2.69524175436 1.13027875567 8.89384277367 6.40961021645
-9999.0 -9999.0 -9999.0 -9999.0 -9999.0 -9999.0 -9999.0 -9999.0 -9999.0 -9999.0 -9999.0 -9999.0 -9999.0 -9999.0 -9999.0 13.5939341994 26.4066052063 11.8308929346 23.9836994387 144.387560589 150.748432391 156.549646702 5.51258673258 5.53947603348 9.87798898553 14.4118107896 21.6321462958 25.465234897 28.2934039771 31.5299036861 2.34762180792 1.80801270694 48.110159186 49.0381996284 49.9427285971 51.172766662 44.4933614271 4409.38852825 4427.79276057 4428.47844155 4431.95727503 4435.1377401 4436.89505812 0.457091367249 6.23519270509 852.785230072 1.00656582549 0.519387610955 1.01885846273 1.15926699533 1.84973085815 1.34740728338 0.853716463617 1.4904591163 1.25509463569
-9999.0 -9999.0 -9999.0 -9999.0 -9999.0 -9999.0 -9999.0 -9999.0 -9999.0 -9999.0 -9999.0 -9999.0 -9999.0 -9999.0 -9999.0 -9999.0 39.07138663 50.6218915936 86.7871873085 109.554408395 10.4817861235 174.461449535 179.809311921 184.571839229 4.7235539461 9.09867404258 3.653374747 29.9396071495 32.0464557745 35.6056449906 39.1682798209 45.3925468439 47.2448035262 1.07055191299 38.8250641301 41.5546875184 43.2844516358 48.5783069187 6.41202505124 3.70593458777 1.85110047251 1.64497349199 4438.89874256 4439.85264056 4450.4573382 853.237863745 3.63883181631 2.23917382337 1.56979346609 0.400111517919 4.80152047857 2.3692623651 0.746233675157 4.38363624816 3.800633127
-9999.0 -9999.0 -9999.0 -9999.0 -9999.0 -9999.0 -9999.0 -9999.0 -9999.0 -9999.0 -9999.0 -9999.0 -9999.0 -9999.0 -9999.0 -9999.0 12.7297626968 63.1369756795 75.6941500983 10.4716958286 6.30513072281 13.0223804863 18.6692744932 208.40988877 4.65523992237 18.8411103751 22.8124900657 26.6874767893 2.57630398883 5.54071918068 6.57684731949 30.0564562105 33.4072884737 34.9960045617 1.49970559664 1.11502719029 1.20679138923 2.25412277017 0.922751258025 0.899839417877 1.13037358356 0.849504433706 1.16368792775 3.83351396977 4451.44306301 5306.90759293 4.69011956099 0.972615045965 0.54217939991 15.0914659533 14.1718984981 8.53140065552 7.6423241722 5.6124181168 1.54635568672
-9999.0 -9999.0 -9999.0 -9999.0 -9999.0 -9999.0 -9999.0 -9999.0 -9999.0 -9999.0 -9999.0 -9999.0 -9999.0 -9999.0 -9999.0 11.7771879271 35.6633893018 11.331028514 8.83499092058 7.62710310103 14.2991716784 20.6231107828 26.8326517897 243.706395386 248.014560127 4.54272597713 8.5134021778 12.5876785975 15.1775756237 17.7369631482 25.611645089 28.7184203993 1.44226156786 1.09289071907 0.793446195162 0.681270607193 1.06125755156 1.38329332143 1.33099080425 1.61034087922 4.72273605817 2.1734462242 1.26707337945 1.26405430132 0.814764858997 1.44284327111 5367.92502486 55.7513326699 20.673921783 3.83286508217 2.05993484717 0.854941912428 2.46625501993 1.46553710551 0.694372877206
-9999.0 -9999.0 -9999.0 -9999.0 -9999.0 -9999.0 -9999.0 -9999.0 -9999.0 -9999.0 -9999.0 -9999.0 -9999.0 -9999.0 12.381907401 23.9546967695 82.4755411629 10.8431755039 18.1950588159 25.2803729338 31.4199625118 6.78641358149 12.069042849 19.4811830941 274.969521871 4.04998088828 7.53262762122 11.1872743783 3.15027699882 6.11861925244 7.2029888656 9.42303154037 404.279184675 406.682870914 409.13288145 422.06639105 424.683790417 432.996411439 2.53326195859 5.43292164845 5.82391908867 459.14082186 461.046408281 1.10638716403 1.57730983232 2.03327221866 5369.04715986 54.1936635241 28.1000239695 25.3935956843 20.9844848028 18.0274050454 3.20937172835 0.876759131885 1.33752259646
-9999.0 -9999.0 -9999.0 -9999.0 -9999.0 -9999.0 -9999.0 -9999.0 -9999.0 -9999.0 -9999.0 -9999.0 -9999.0 -9999.0 12.5674866556 38.2463773779 133.291768775 198.392772542 9.75815588489 255.534536366 296.178213531 5.89453209577 11.0181916107 17.6765151055 327.788294124 333.190274013 2.89572060758 17.0764212971 19.6286515375 21.8449720491 386.201166176 390.513310929 393.918641933 1.68097641891 9.18067615868 11.080781574 4.43177146308 6.17247126146 441.845130508 450.05359296 451.463635527 452.74523168 462.330784273 0.616480856168 0.575540394351 3.09693174131 5370.47897532 2.52279708219 0.725059808873 2.17012361534 0.90266529746 15.245904223 13.7860187129 8.66192689555 5.73177813521
-9999.0 -9999.0 -9999.0 -9999.0 -9999.0 -9999.0 -9999.0 -9999.0 -9999.0 -9999.0 -9999.0 -9999.0 -9999.0 -9999.0 -9999.0 -9999.0 26.7390027146 53.7271922509 234.132983172 246.471832828 307.102417697 316.73957809 5.88083367468 11.7831715207 27.0702586781 340.559955609 347.632414505 350.030299703 1.90391627501 358.686126463 362.908122621 2.90794720272 1.69641985675 2.996753489 6.00021948131 1.55674145751 3.04750850858 6.303779739 7.85548522368 1.73030845248 1.05818604689 2.0015893548 470.421050166 472.756623463 473.22394503 478.132882355 5371.60968794 2.29878879397 0.367555111458 0.510361900468 0.473705691719 0.499024118188 0.394167428621 0.694381033129 1.22109212745
-9999.0 -9999.0 -9999.0 -9999.0 -9999.0 -9999.0 -9999.0 -9999.0 -9999.0 -9999.0 -9999.0 -9999.0 -9999.0 -9999.0 -9999.0 -9999.0 13.9471337654 13.5907759345 12.9524546269 23.4797115931 10.2344533343 337.311706196 346.005585935 5.43384381288 10.430341828 4.51642642194 3.49642372936 3.29096913686 355.182617237 1.22208672551 2.77919765004 1.71031395094 1.62606833988 1.45768306776 1.07833295838 1.15199401178 3.77317924698 5.3202890667 1.01290277248 0.871835871934 2.05997168932 3.70456074013 4.734557837 1.24399192437 474.407996146 478.668493015 5372.57589385 6.01960580607 0.915256483359 0.229893871937 0.632072984541 0.165329940541 0.117260004641 0.832142765337 5.78049011333
-9999.0 -9999.0 -9999.0 -9999.0 -9999.0 -9999.0 -9999.0 -9999.0 -9999.0 -9999.0 -9999.0 -9999.0 -9999.0 -9999.0 -9999.0 -9999.0 -9999.0 -9999.0 13.4346036719 35.4779062188 45.6789918075 55.8385551487 355.952318474 365.830749931 374.485168582 381.014381447 384.12316301 390.751858554 391.94341652 392.989588338 393.952263756 1.16871214745 1.12073462809 1.28820239261 4.79083187047 1.38584457869 1.37902629045 0.934973844685 2.8694948269 1.33250100688 0.989945894085 0.884831968022 0.754308509717 1.5040463724 2.23267687859 483.432319219 5862.84123743 2.70429734403 4.04820154719 0.150322366847 0.821168236927 0.385448406545 0.23634376987 11.4273461601 9.93378460511
-9999.0 -9999.0 -9999.0 -9999.0 -9999.0 -9999.0 -9999.0 -9999.0 -9999.0 -9999.0 -9999.0 -9999.0 -9999.0 -9999.0 -9999.0 -9999.0 -9999.0 -9999.0 -9999.0 10.9272027706 88.1382149846 167.696286531 177.545524303 9.39067042426 15.1556124041 20.1523764144 23.5222965457 49.342681865 50.5328222041 1.15288423223 1.20367826717 396.613218758 398.886763369 399.89802725 5.58870084892 0.728089713678 2.30563016815 3.30800543934 10.0793741568 12.5692382519 14.4900141777 1.68716823767 2.35787006624 0.862545255761 1.79679151829 0.984994981787 5864.57417688 1.96081220641 8.30085894813 1.4328192411 2.6501776785 13.6496202197 14.9037124455 27.5675275253 8.52146737445
-9999.0 -9999.0 -9999.0 -9999.0 -9999.0 -9999.0 -9999.0 -9999.0 -9999.0 -9999.0 -9999.0 -9999.0 -9999.0 -9999.0 -9999.0 -9999.0 -9999.0 -9999.0 12.325389232 39.5293429697 77.3591968164 100.959901665 249.913095 259.279641417 11.0110380578 16.0971453536 19.9168783967 23.1474205871 51.6483315743 53.9548605888 90.4748420352 93.0967133123 94.3997481668 400.960336301 409.507056534 1.98540157388 1.63958305271 1.51077792009 2.95577116515 1.3710951199 17.2417662613 18.1690715711 3.16631938936 3.93409891119 0.963233777654 1845.73588704 1848.17202278 7713.9720326 7724.87574788 2.631961034 8.19283690968 4.60131765613 3.02082309168 31.7648998653 41.3152632631
-9999.0 -9999.0 -9999.0 -9999.0 -9999.0 -9999.0 -9999.0 -9999.0 -9999.0 -9999.0 -9999.0 -9999.0 -9999.0 -9999.0 -9999.0 -9999.0 -9999.0 -9999.0 -9999.0 14.2280561904 13.8545118027 25.9697255891 61.5163011902 270.156960644 5.82497434641 5.70801354001 9.61739547026 13.6126850033 31.0301636118 32.8840711885 1.43250927501 1.79906326529 96.1716453627 97.4629341101 508.228660635 509.354636085 0.679028451578 0.563952644203 0.490546333626 0.49713263541 0.625760397795 1826.11707972 1833.14066116 1837.99011188 1839.94192641 1844.94242458 1.33778252384 4.75614034589 5.58591568742 7732.92444501 7734.00175298 7734.82708667 7735.47632772 7736.39217022 42.4109056042
-9999.0 -9999.0 -9999.0 -9999.0 -9999.0 -9999.0 -9999.0 -9999.0 -9999.0 -9999.0 -9999.0 -9999.0 -9999.0 -9999.0 -9999.0 -9999.0 -9999.0 -9999.0 -9999.0 -9999.0 12.5393311062 13.2088309411 24.4176750436 317.571179799 326.486820149 5.46585579044 9.3608745586 13.5445385366 16.0864644673 1.94082873283 3.8367590956 593.417319558 594.57689814 595.989372845 607.132865326 1117.6970874 1789.76423039 1791.64964125 1793.47534792 1795.17026303 1803.94255468 1806.99030255 6.14585006903 2.61559646235 1.81288563916 3.31760119091 2.35863668225 3.84033784847 1.25596046464 25.3998516975 31.1632859511 35.8853444475 36.2218205821 7736.81579437 7779.98802079
-9999.0 -9999.0 -9999.0 -9999.0 -9999.0 -9999.0 -9999.0 -9999.0 -9999.0 -9999.0 -9999.0 -9999.0 -9999.0 -9999.0 -9999.0 -9999.0 -9999.0 -9999.0 -9999.0 -9999.0 -9999.0 12.7980964591 24.4987749961 36.2634569478 335.86832284 5.90455132635 440.238758224 444.672626649 446.505316053 448.497916477 585.139906302 587.631669863 1.49718666352 8.05578718299 10.0453628199 1.86207649655 670.263756054 666.888688782 0.991963550308 2.47295925155 7.22221945219 1.72889318801 2.04755878971 1.34215218146 1.14544615138 0.797213961523 1.09157863414 21.4107817419 22.6938089193 24.3777228294 4.81262046377 3.78353912757 38.9843298289 39.6811624009 39.9299324983
-9999.0 -9999.0 -9999.0 -9999.0 -9999.0 -9999.0 -9999.0 -9999.0 -9999.0 -9999.0 -9999.0 -9999.0 -9999.0 -9999.0 -9999.0 -9999.0 -9999.0 -9999.0 -9999.0 -9999.0 -9999.0 11.5488504242 10.842533043 56.3196523878 413.300381528 429.586520987 436.454015794 4.0604002771 131.137393155 132.98957641 134.009306521 2.12076067046 3.93597985285 5.50694726924 141.789021264 143.003012128 144.096108911 664.799558287 440.192431018 1.4647398582 1.6426079351 1.52476930442 1.1228678059 12.2549028887 15.0303465661 17.3477903304 18.8068528359 20.1852435021 150.737412535 151.719030529 152.896240484 155.441439165 167.447342649 167.80798652 208.140346758
-9999.0 -9999.0 -9999.0 -9999.0 -9999.0 -9999.0 -9999.0 -9999.0 -9999.0 -9999.0 -9999.0 -9999.0 -9999.0 -9999.0 -9999.0 -9999.0 -9999.0 -9999.0 -9999.0 -9999.0 -9999.0 -9999.0 22.6368886856 34.6499516018 10.6577279257 5.84172556184 118.059304546 122.438860481 125.062009826 28.9428522714 30.3247367168 31.9727571187 33.5904116747 138.734838043 140.833478882 76.2784132596 222.020120797 223.484053245 439.126239345 3.20510253057 1.67924732857 0.960445476337 8.420419157 10.0266584749 0.885470203478 0.815558220226 145.804383436 148.391111691 149.811832038 1.23972511786 1.85026344126 165.781866261 1.02788663398 3.33224918798 3.60690100927
-9999.0 -9999.0 -9999.0 -9999.0 -9999.0 -9999.0 -9999.0 -9999.0 -9999.0 -9999.0 -9999.0 -9999.0 -9999.0 -9999.0 -9999.0 -9999.0 -9999.0 -9999.0 -9999.0 -9999.0 -9999.0 -9999.0 11.4018052495 22.5132005073 90.8035622613 101.175440977 107.532720648 24.3504327788 27.6216803438 1.61243999359 100.354252143 101.806682678 103.405266458 1.74283764209 72.5592163597 74.7999425234 1.5154010462 430.694307832 3.73894917333 1.82319046612 4.63515119376 6.32336580307 1.1794153519 0.859742671191 133.245206587 143.440610903 145.106096682 1.63724878072 3.33016836587 4.10862566899 4.84261374158 9.67876494162 1.19050740861 2.7888318168 0.535793166417
-9999.0 -9999.0 -9999.0 -9999.0 -9999.0 -9999.0 -9999.0 -9999.0 -9999.0 -9999.0 -9999.0 -9999.0 -9999.0 -9999.0 -9999.0 -9999.0 -9999.0 -9999.0 -9999.0 -9999.0 -9999.0 -9999.0 11.2584177194 34.8037068391 58.095216868 9.63269167797 15.053009683 20.3634077304 93.3313763722 95.7789928363 97.3677602149 1.25641164711 62.1478699697 67.3016572274 69.2836850735 1.01693694073 423.601462505 427.763515357 1.95022728474 1.66536548677 3.51130756968 1.33164621298 126.479944599 128.922291088 130.690115004 6.46932587597 8.1868099623 1.3947400142 2.4773077936 1.09640075821 7.49716065999 1.2513687897 0.758759310533 0.777239399096 0.908947609883
-9999.0 -9999.0 -9999.0 -9999.0 -9999.0 -9999.0 -9999.0 -9999.0 -9999.0 -9999.0 -9999.0 -9999.0 -9999.0 -9999.0 -9999.0 -9999.0 -9999.0 -9999.0 -9999.0 -9999.0 -9999.0 -9999.0 -9999.0 11.7421561245 11.8333981772 8.55638665341 69.8878472022 74.7601665214 89.3326741393 2.85217395384 55.5815668024 59.7456909803 1.71290152257 3.82488847734 1.35980567146 419.189598798 2.04360214283 4.93036090518 6.09709710385 7.18668807086 117.296438244 122.346657762 124.219648938 1.8969416881 3.50430050526 4.87094179168 0.767129228731 0.691368145294 429.991870517 430.777630551 431.427405379 439.495468098 440.474376825 441.700964682 442.365069178
