data/baseflow/mHMbf_acc332.asc
ncols                  80
nrows                 72
xllcorner      4374000.0
yllcorner      5656000.0
cellsize            500
NODATA_value       -9999
[rows 24 to 47 of 72, columns 0 to 54 of 80]
-9999.0 -9999.0 -9999.0 -9999.0 -9999.0 -9999.0 -9999.0 -9999.0 -9999.0 -9999.0 -9999.0 -9999.0 10.8292690092 30.032657359 39.3057402809 68.5265249095 9.31204879854 18.2577199516 26.6600296082 98.8528593978 103.956917891 105.727657296 111.471258365 119.44941067 212.662579622 234.966608017 243.847224005 1.67278677712 21.1219805422 22.2531600376 413.983929877 418.424364288 420.072954274 421.7336931 423.871686183 1623.28821334 7.85843582574 3653.0540159 3.53468622677 1.00992517763 27.3748394973 25.3312231114 2.61772274616 15.2694713294 21.9395773256 21.8696422528 14.7396838517 24.1405996481 38.0963612542 13.846928613 37.3856295769 2.16846782661 2.7891961618 0.386447290821 0.336486331351
-9999.0 -9999.0 -9999.0 -9999.0 -9999.0 -9999.0 -9999.0 -9999.0 -9999.0 -9999.0 -9999.0 -9999.0 10.235917913 20.1912606527 9.33009763303 19.2484307451 8.71198492299 65.3736022997 82.1978991923 90.9651093204 7.7549925213 13.7899262776 165.850822874 199.640343779 205.451212819 14.8053651268 14.8520846847 19.1631431945 0.992180859514 0.906406579381 1.72372940163 1.59890783342 316.834627619 318.991460128 321.577995849 1629.65199295 3676.80284508 3654.46712462 1.53770271516 0.673377839258 0.605685429974 3.7501745794 3.19999137213 16.3478349227 24.8334452264 51.2494752734 4.50921355437 4.50293330313 41.0501904347 43.9655933075 87.5250958196 89.5811598428 92.7980104826 93.5563894245 0.697252265762
-9999.0 -9999.0 -9999.0 -9999.0 -9999.0 -9999.0 -9999.0 -9999.0 -9999.0 -9999.0 -9999.0 -9999.0 -9999.0 9.61634716885 19.257294775 28.9435893478 47.1190294685 9.8579615784 8.73002737995 81.713271389 89.4656415716 155.027422573 162.674789034 21.4064765536 7.70092180094 7.49503068972 7.18086056644 307.165812681 310.030128378 311.389691438 312.290676507 315.053015561 29.6823324198 33.7862564362 359.110521243 5668.65419044 14.8894870385 11.0654170274 3.23581104525 1.10901934104 0.645821019483 4.97247504095 5.45995428859 17.3533763043 0.47430269209 52.020346104 6.10891863719 5.92779199943 0.471667633096 0.350318846276 0.35019158963 1.18627476282 0.367201883376 93.9003997354 1284.61580249
-9999.0 -9999.0 -9999.0 -9999.0 -9999.0 -9999.0 -9999.0 -9999.0 -9999.0 -9999.0 -9999.0 -9999.0 -9999.0 -9999.0 9.47502029618 24.0871501391 38.7071919845 54.748843437 63.9546756263 73.4019096128 26.9518347357 43.7875568518 7.68980099582 7.60063817477 271.19418749 286.376688917 293.386649474 301.060953543 5.42100548981 8.84674439733 23.3845999129 25.0677824535 26.8651789529 4.24728773883 6.38044040894 5684.62317586 4.56005459312 5.67069778009 2.68108188541 5.7459544764 2.57089232253 2.06201257497 24.3692718612 27.6420744618 1.39851497809 53.9665486172 60.4823201521 6.27887599827 1317.79186528 1316.88902988 1316.06246169 1313.03082533 1310.56338486 1288.81096336 1286.9346163
-9999.0 -9999.0 -9999.0 -9999.0 -9999.0 -9999.0 -9999.0 -9999.0 -9999.0 -9999.0 -9999.0 -9999.0 -9999.0 -9999.0 4.40131751897 9.94171887825 15.0570202114 154.01349801 163.783590735 9.84647930601 8.91402822532 8.49994730493 240.10394565 256.104399441 7.72984259438 8.11776971217 6.76625392684 27.1464780731 33.697920631 15.7831942225 18.6472907782 155.297001017 158.841058897 169.706811958 267.471378146 5955.84318071 5.03239634352 2.41285517107 9.56648882025 7.58596868063 2.09815100537 6.40893797027 8.56871025608 30.1104129854 32.435218448 96.8399846257 61.3520064605 6.6953294402 1349.62879809 17.8188252122 1315.09967246 1314.12436524 19.5842031126 2.47799402809 0.478820432951
-9999.0 -9999.0 -9999.0 -9999.0 -9999.0 -9999.0 -9999.0 -9999.0 -9999.0 -9999.0 -9999.0 -9999.0 -9999.0 -9999.0 23.4751987725 38.0559951753 77.3961747515 140.089697796 180.077507556 205.860117069 215.169443026 224.085658111 232.55234553 7.85983969177 7.2904555715 14.3045248847 13.6901989176 6.90260348368 136.082821447 142.494072118 148.486047915 153.857821229 78.6384002263 80.7603251467 89.0921680228 5959.02535607 8.93649470536 7.10650843201 17.6991977802 1.60057339979 6.17836746657 3.69643183465 1.99813489887 11.4089374162 1.86795378471 1.94719543634 1456.6792558 1358.26815365 1356.28324878 6.81746141423 17.0672833311 9.89951264197 1.57460081917 13.347756896 2.64305752526
-9999.0 -9999.0 -9999.0 -9999.0 -9999.0 -9999.0 -9999.0 -9999.0 -9999.0 -9999.0 -9999.0 -9999.0 -9999.0 -9999.0 16.6983941025 15.8998079074 31.0770422105 46.9967631441 12.1093661149 9.80184878486 18.6534394509 27.3267873033 43.5263031136 51.7867088087 59.7011377996 81.954175879 89.0040654678 96.2156383612 6.59707555736 67.3104618863 72.0371938103 74.6991458119 1.17934126867 0.319497503821 0.905296023581 6046.45150386 6049.47171886 6064.19929129 22.1235340889 3.1581082182 8.58520872187 2.01252272305 3.68844050592 13.3766805981 16.812639153 3.58702749313 1466.48696557 3.82673169443 4.10346035251 4.14457013356 4.53050203375 6.3617145557 2.87419481163 10.0710479921 5.89556183027
-9999.0 -9999.0 -9999.0 -9999.0 -9999.0 -9999.0 -9999.0 -9999.0 -9999.0 -9999.0 -9999.0 -9999.0 -9999.0 -9999.0 -9999.0 15.2444373905 30.0715706824 14.527463879 29.5407026877 181.912249197 192.905507205 201.633633781 8.09710601111 8.19278168056 16.1314488186 23.7458879085 37.745333569 44.6303460084 48.0861401936 54.307742429 4.952348263 3.48489936205 79.1179837852 79.5099871341 81.0301086508 83.2906382362 72.8527651763 6146.70337404 6183.05211589 6184.6208994 6194.61104729 6202.37540596 6208.89514565 2.07964708877 18.5324758808 1468.60398657 5.0749910248 2.59508977235 3.9986008147 3.69950283587 5.89758129905 3.57817763779 2.03498075714 2.60454116577 1.82146415023
-9999.0 -9999.0 -9999.0 -9999.0 -9999.0 -9999.0 -9999.0 -9999.0 -9999.0 -9999.0 -9999.0 -9999.0 -9999.0 -9999.0 -9999.0 -9999.0 44.7456194319 60.365283405 106.318055575 137.461604378 15.2563767798 226.505604993 234.668884892 242.86151833 8.25918505676 16.1042679798 7.2331585494 53.3671917474 56.4858209555 61.8679343911 67.1877261876 77.8331646926 78.4325217083 0.486027063595 62.6333866895 67.5774904106 70.6123860493 79.4865025806 11.5736554798 7.26952174614 4.06354545691 3.77543031301 6215.117634 6218.94928333 6252.80901511 1471.11984468 14.8111283876 7.59028374972 5.58565547465 1.27400309802 13.289811451 5.76650147157 1.87884117201 9.36398975354 7.72645406065
-9999.0 -9999.0 -9999.0 -9999.0 -9999.0 -9999.0 -9999.0 -9999.0 -9999.0 -9999.0 -9999.0 -9999.0 -9999.0 -9999.0 -9999.0 -9999.0 16.9143179482 76.2007402543 92.0027011701 15.919762283 8.99243331285 17.8096585104 26.1257189087 277.710231056 8.17427788785 32.6735516967 40.131950727 47.3243846584 3.32729102722 8.25211867029 9.70634462508 51.1169821725 55.0459848373 57.3130747115 2.42869483028 2.01233867263 1.90485008404 3.49927759242 1.29320836769 1.3578501852 2.97872160248 2.07147443841 2.96210918964 12.4088874602 6256.71387488 7737.97760089 18.0010458349 2.15462577594 1.49689062873 37.0215364882 34.2178219764 18.776978476 16.4852453183 11.7435231252 2.59630392556
-9999.0 -9999.0 -9999.0 -9999.0 -9999.0 -9999.0 -9999.0 -9999.0 -9999.0 -9999.0 -9999.0 -9999.0 -9999.0 -9999.0 -9999.0 14.4512936702 47.1675769279 15.7449145352 14.2990869353 11.004386185 20.1603825702 28.8275297739 39.195805578 331.012031381 339.023038424 8.20929239364 15.7459891757 23.3335673957 27.7494115213 31.7895076481 42.381418429 48.9174885179 0.880516318351 1.94016728223 2.01661814256 3.66766031239 3.04605500082 2.94216806958 2.32760887061 2.55535836504 14.2235784133 7.23657223982 5.3428374822 5.31076620096 3.52376864427 6.52571978967 7867.03126794 109.194947337 48.2479145006 7.21625399301 3.43206509956 2.28920039992 6.50897113336 3.88687210068 1.72387498456
-9999.0 -9999.0 -9999.0 -9999.0 -9999.0 -9999.0 -9999.0 -9999.0 -9999.0 -9999.0 -9999.0 -9999.0 -9999.0 -9999.0 15.3721143087 29.3550898275 107.08710286 15.8695830104 31.9300615389 42.7436320425 52.7254851021 10.1463582458 18.8944810853 32.343142978 384.640074328 7.86916891729 15.0853983382 22.1516156187 6.24255446667 12.0216981829 12.8325085335 17.8641070472 629.578544433 634.888533299 640.376597628 669.645535669 679.104666444 700.556357774 5.47047224766 11.3586800019 17.166229496 771.754931435 780.548447091 4.91836198306 7.43143611684 9.92350134049 7871.84966428 105.827883335 48.0778727562 44.0400308848 40.5993270341 37.480377317 8.62412652012 2.44847702128 3.75298768317
-9999.0 -9999.0 -9999.0 -9999.0 -9999.0 -9999.0 -9999.0 -9999.0 -9999.0 -9999.0 -9999.0 -9999.0 -9999.0 -9999.0 15.2114980288 46.6383808323 168.991109253 250.125785392 14.7131548596 331.383766448 399.386681413 9.6043677203 18.3649483252 30.623927849 474.016101217 485.744943862 7.3929341356 36.8968659824 43.4062960909 47.4172402127 598.406316602 603.767941474 610.17607334 3.58564014729 20.7443792098 24.5604892299 11.3726781319 16.2856407492 724.246643882 743.228909938 747.416281514 751.486120076 786.475855062 2.90570362327 2.60084349982 15.0549084485 7876.79999471 5.20007088441 0.01007189228 0.0272880653148 0.00926932812062 32.1161517578 31.6078085056 18.9983174489 12.6283799156
-9999.0 -9999.0 -9999.0 -9999.0 -9999.0 -9999.0 -9999.0 -9999.0 -9999.0 -9999.0 -9999.0 -9999.0 -9999.0 -9999.0 -9999.0 -9999.0 32.770686883 66.1984174243 298.234126028 315.256700035 414.477027543 430.130616098 9.21528953966 18.4009954341 45.9022804681 499.83560631 516.639333877 523.571273463 5.97791702268 544.603118735 549.533001842 3.75207548059 3.62055572014 7.15281139534 13.970413095 3.32265481161 6.79630980549 15.7464099674 19.7332930607 3.60341829949 2.73900299717 5.58969478625 804.217003487 809.220080956 811.558002211 832.400858358 7881.11272004 3.87389099455 0.00581544848018 0.00655063728387 0.00562721666731 0.00586214781991 0.00451216483158 0.00813581803138 2.49154691192
-9999.0 -9999.0 -9999.0 -9999.0 -9999.0 -9999.0 -9999.0 -9999.0 -9999.0 -9999.0 -9999.0 -9999.0 -9999.0 -9999.0 -9999.0 -9999.0 17.2255347005 16.9664259845 16.9705553762 34.5714281167 15.5125722098 460.79816926 475.066590054 10.0151389957 18.3502866019 8.86799754724 7.79822519325 7.68642361931 534.707849369 1.2635956668 2.41149629338 2.63495135815 3.78020190826 3.50333414289 2.91149605679 2.98841396877 8.88784166383 12.0186359498 2.48808528395 2.28934682017 4.77446372783 7.64312691727 9.13942851168 2.05481258074 814.406087352 834.925171493 7884.40163025 7.6978791413 0.064699603643 0.00299316894706 0.0075279072904 0.00198125273491 0.00130307718101 0.00967373420281 10.9787563128
-9999.0 -9999.0 -9999.0 -9999.0 -9999.0 -9999.0 -9999.0 -9999.0 -9999.0 -9999.0 -9999.0 -9999.0 -9999.0 -9999.0 -9999.0 -9999.0 -9999.0 -9999.0 16.7289699318 50.3042817187 64.6686204696 79.7364542161 489.233634139 503.009420723 516.599937991 529.915195334 537.470285011 552.910248072 554.466588465 555.520799214 557.283644952 3.55028904438 3.31732790231 3.45759229261 12.4288323391 3.19365032196 3.00703442418 2.57001447312 7.43924618611 2.79486746561 2.27043793646 2.13865194689 1.83158656665 3.65629907822 5.24310195899 845.764809746 8741.11426923 3.62048452168 7.32999744083 0.00207473734988 0.0100924634632 0.0054163081925 0.00263741618251 19.1539046003 17.5741598464
-9999.0 -9999.0 -9999.0 -9999.0 -9999.0 -9999.0 -9999.0 -9999.0 -9999.0 -9999.0 -9999.0 -9999.0 -9999.0 -9999.0 -9999.0 -9999.0 -9999.0 -9999.0 -9999.0 14.5852718287 111.721003604 222.280605846 238.15775122 15.5879073094 25.5147133502 33.8491225332 41.0891251903 87.6505559922 91.1029572036 3.49191911873 3.2966629027 564.655935594 571.232582469 574.350804544 15.0740975587 2.59729806351 5.65370667078 8.35548181736 24.3627311304 29.6985517078 34.0632849979 4.06180545845 5.65581144512 1.86814142613 3.66247223082 1.8542813572 8745.00241944 3.2374025985 13.3788820705 3.41421369013 4.528220697 16.9575472414 18.511776217 39.2640451183 13.9994127703
-9999.0 -9999.0 -9999.0 -9999.0 -9999.0 -9999.0 -9999.0 -9999.0 -9999.0 -9999.0 -9999.0 -9999.0 -9999.0 -9999.0 -9999.0 -9999.0 -9999.0 -9999.0 15.7444315047 49.6283592617 97.4832707553 127.724250595 330.436380142 346.327474059 17.3751402745 25.4978523594 32.3513939056 39.5205663253 93.1166169955 99.4828348673 158.661506451 162.680423321 165.733859377 577.66373003 601.561070457 5.83766193734 3.32026877011 3.23915027877 6.21217041103 2.87252834057 39.5031959999 41.5943834082 7.43037487924 8.86774397763 1.53190214312 2690.11885788 2693.89936651 11442.2952615 11460.6256288 3.21504956483 11.6016799941 4.14835204084 3.35310407068 44.1508607864 59.9419786412
-9999.0 -9999.0 -9999.0 -9999.0 -9999.0 -9999.0 -9999.0 -9999.0 -9999.0 -9999.0 -9999.0 -9999.0 -9999.0 -9999.0 -9999.0 -9999.0 -9999.0 -9999.0 -9999.0 17.5754542656 17.0657960248 32.7735907881 77.9937986452 360.737733582 8.89801751523 8.78365035833 15.927846819 22.9339831478 50.009565063 52.3064429229 1.32360212156 2.68393831547 169.587837655 173.111965943 777.380409016 779.901699283 2.37249892421 2.17597033049 1.80566829615 1.82152590912 1.75753973753 2656.34545891 2667.99825045 2678.40558678 2681.33051789 2688.62343886 2.01546025113 7.50603906915 9.69310425287 11475.8260009 11478.3825192 11481.8184314 11483.5965334 11484.9413425 61.5561933537
-9999.0 -9999.0 -9999.0 -9999.0 -9999.0 -9999.0 -9999.0 -9999.0 -9999.0 -9999.0 -9999.0 -9999.0 -9999.0 -9999.0 -9999.0 -9999.0 -9999.0 -9999.0 -9999.0 -9999.0 16.059806368 16.5973142942 30.9363431487 421.350254079 435.954268468 8.66015785014 15.8246905631 22.9403026192 25.2051434578 1.68555881463 4.82423430141 816.757480666 820.273306799 822.882149302 845.188167022 1627.56604142 2576.23405023 2581.39210185 2585.99902466 2590.47113736 2607.40008503 2612.64458444 9.74914163047 4.51937460878 2.53319971637 4.83731467915 3.72563538186 5.85953469267 1.86804569098 42.4168563555 50.1066709723 56.6307915355 57.8172044659 11486.544554 11549.9638068
-9999.0 -9999.0 -9999.0 -9999.0 -9999.0 -9999.0 -9999.0 -9999.0 -9999.0 -9999.0 -9999.0 -9999.0 -9999.0 -9999.0 -9999.0 -9999.0 -9999.0 -9999.0 -9999.0 -9999.0 -9999.0 16.3699178415 31.3478076501 46.3421396172 448.336248712 12.1460618866 596.447281292 603.860234784 605.567180148 608.757934487 804.061099439 808.183573822 3.77936853356 16.9899958248 20.3863949458 3.63904943411 943.419331421 936.769377744 2.26562114503 5.09443640731 13.0651533491 2.74300191048 2.81646445214 2.28992674058 1.96094568692 1.57059645532 1.773750702 36.271797793 38.0912948908 40.2309956942 5.06055751745 4.01609770761 60.552149305 62.5478584372 63.4606886262
-9999.0 -9999.0 -9999.0 -9999.0 -9999.0 -9999.0 -9999.0 -9999.0 -9999.0 -9999.0 -9999.0 -9999.0 -9999.0 -9999.0 -9999.0 -9999.0 -9999.0 -9999.0 -9999.0 -9999.0 -9999.0 15.2427467325 14.2288182233 73.3987036008 550.575275778 576.837589387 589.332501231 8.05086088707 190.876651156 192.007899973 192.742056277 3.42962295752 7.54409650786 11.3420419532 227.739111457 230.776680352 233.404453709 931.841803354 582.747282018 2.80626376213 2.71805642745 2.6052440762 2.14663780151 22.0070453406 26.3465411359 30.2106900893 32.3200289906 34.3633975998 196.896787099 198.425316368 199.703353846 202.797648343 220.885342437 221.982960511 286.682754995
-9999.0 -9999.0 -9999.0 -9999.0 -9999.0 -9999.0 -9999.0 -9999.0 -9999.0 -9999.0 -9999.0 -9999.0 -9999.0 -9999.0 -9999.0 -9999.0 -9999.0 -9999.0 -9999.0 -9999.0 -9999.0 -9999.0 29.684984206 44.9924880327 15.8038457084 9.06392909683 165.647690068 174.024741512 179.528544566 49.8419432624 50.9213856399 52.5714935619 56.2073837131 221.085643711 224.808505531 106.820037118 343.383710478 346.411167441 580.37963801 5.6036729026 2.75385916647 2.12104040909 15.2158138712 17.7567395512 1.64170616431 1.53616881748 189.606346781 193.430049999 195.434849572 1.66283159141 2.3016081313 217.696415683 2.23426934367 8.47455937222 9.41753614518
-9999.0 -9999.0 -9999.0 -9999.0 -9999.0 -9999.0 -9999.0 -9999.0 -9999.0 -9999.0 -9999.0 -9999.0 -9999.0 -9999.0 -9999.0 -9999.0 -9999.0 -9999.0 -9999.0 -9999.0 -9999.0 -9999.0 14.7607377787 29.262610984 121.778970677 137.293840849 148.782462539 41.8727756988 48.6897420679 1.24656294317 158.479493779 159.610503957 161.031303586 2.76562383077 99.7047415411 103.494391024 3.05569370555 565.895224377 6.08107546282 3.01470393517 8.18505840326 10.9461548986 2.18934991085 1.83431946878 170.612529191 185.990781031 188.285534825 2.19124961941 4.9048240679 6.21430664967 7.28833658888 13.9781434066 3.05299280468 6.95086966239 1.42401977669
