data/baseflow/mHMbf_acc420.asc
ncols                  80
nrows                 72
xllcorner      4374000.0
yllcorner      5656000.0
cellsize            500
NODATA_value       -9999
[rows 0 to 24 of 72, columns 0 to 54 of 80]
-9999.0 -9999.0 -9999.0 -9999.0 -9999.0 -9999.0 -9999.0 -9999.0 -9999.0 -9999.0 -9999.0 -9999.0 19.5367626856 16.6555693565 -9999.0 -9999.0 -9999.0 -9999.0 -9999.0 -9999.0 -9999.0 -9999.0 -9999.0 -9999.0 -9999.0 -9999.0 -9999.0 -9999.0 -9999.0 -9999.0 -9999.0 -9999.0 -9999.0 -9999.0 -9999.0 -9999.0 -9999.0 -9999.0 -9999.0 -9999.0 -9999.0 -9999.0 -9999.0 -9999.0 -9999.0 -9999.0 -9999.0 -9999.0 -9999.0 -9999.0 -9999.0 -9999.0 -9999.0 -9999.0 -9999.0
-9999.0 -9999.0 -9999.0 -9999.0 -9999.0 -9999.0 -9999.0 -9999.0 -9999.0 -9999.0 -9999.0 -9999.0 39.8020808014 85.9861763921 13.5276294192 -9999.0 13.25063002 -9999.0 -9999.0 -9999.0 -9999.0 -9999.0 -9999.0 -9999.0 -9999.0 -9999.0 -9999.0 -9999.0 -9999.0 -9999.0 -9999.0 -9999.0 -9999.0 -9999.0 -9999.0 -9999.0 -9999.0 -9999.0 -9999.0 -9999.0 -9999.0 -9999.0 -9999.0 -9999.0 -9999.0 -9999.0 -9999.0 -9999.0 -9999.0 -9999.0 -9999.0 -9999.0 -9999.0 -9999.0 -9999.0
-9999.0 -9999.0 -9999.0 -9999.0 -9999.0 -9999.0 -9999.0 -9999.0 -9999.0 -9999.0 19.3441863459 18.4644547884 19.2936560709 18.9569598663 121.197970308 134.076526453 36.6991104548 11.8281944993 -9999.0 -9999.0 -9999.0 -9999.0 -9999.0 -9999.0 -9999.0 -9999.0 -9999.0 -9999.0 -9999.0 -9999.0 -9999.0 -9999.0 -9999.0 -9999.0 -9999.0 -9999.0 -9999.0 -9999.0 -9999.0 -9999.0 -9999.0 -9999.0 -9999.0 -9999.0 -9999.0 -9999.0 -9999.0 -9999.0 -9999.0 -9999.0 -9999.0 -9999.0 -9999.0 -9999.0 -9999.0
-9999.0 -9999.0 -9999.0 -9999.0 -9999.0 -9999.0 -9999.0 -9999.0 -9999.0 18.5992964073 37.7726466754 75.0188844948 37.0573080763 17.9650978467 35.091060513 150.542772732 211.786297288 12.3800589554 -9999.0 17.9856365985 -9999.0 -9999.0 -9999.0 -9999.0 24.77196717 12.8723058868 -9999.0 -9999.0 -9999.0 -9999.0 -9999.0 -9999.0 -9999.0 -9999.0 -9999.0 -9999.0 -9999.0 -9999.0 -9999.0 -9999.0 -9999.0 -9999.0 -9999.0 -9999.0 -9999.0 -9999.0 -9999.0 -9999.0 -9999.0 -9999.0 -9999.0 -9999.0 -9999.0 -9999.0 -9999.0
-9999.0 -9999.0 -9999.0 -9999.0 -9999.0 -9999.0 -9999.0 -9999.0 21.5984282881 60.21244508 78.1122401611 96.1296454752 129.489269866 16.8573690475 68.0291969055 84.1230649699 320.725363276 12.9967203486 14.1685584162 33.693030382 48.742658542 15.6863407582 -9999.0 60.9638187707 50.0401691749 12.881560243 -9999.0 -9999.0 -9999.0 -9999.0 -9999.0 -9999.0 -9999.0 -9999.0 -9999.0 -9999.0 -9999.0 -9999.0 -9999.0 -9999.0 -9999.0 -9999.0 -9999.0 -9999.0 -9999.0 -9999.0 -9999.0 -9999.0 -9999.0 -9999.0 -9999.0 -9999.0 -9999.0 -9999.0 -9999.0
-9999.0 -9999.0 -9999.0 -9999.0 -9999.0 -9999.0 21.2870194161 19.2358685816 18.6354117143 19.0045012296 19.1062043576 134.659383178 282.333832007 300.191943327 316.045849027 16.0485000626 350.8961172 365.430639393 29.6073479619 15.5007101978 63.507572676 109.559585551 13.9630374999 102.434618306 15.0267946078 14.1404559837 15.3105009075 -9999.0 -9999.0 -9999.0 -9999.0 -9999.0 -9999.0 -9999.0 -9999.0 -9999.0 -9999.0 -9999.0 -9999.0 -9999.0 -9999.0 -9999.0 -9999.0 -9999.0 -9999.0 -9999.0 -9999.0 -9999.0 -9999.0 -9999.0 -9999.0 -9999.0 -9999.0 -9999.0 -9999.0
-9999.0 -9999.0 -9999.0 -9999.0 -9999.0 -9999.0 42.8186892511 63.009093171 141.763801024 197.021104095 16.9323148679 17.7533991811 16.7533999768 48.7674766605 379.596502004 14.4099076506 379.624856674 436.539621102 43.5738662996 29.3206077015 123.46391453 15.0429621613 117.118641123 28.065370079 13.8049322837 27.4447653254 30.4336293135 15.8605077315 16.2070165812 15.8216978599 16.4727766408 32.9920104694 -9999.0 -9999.0 -9999.0 -9999.0 -9999.0 -9999.0 -9999.0 -9999.0 -9999.0 -9999.0 -9999.0 -9999.0 -9999.0 -9999.0 -9999.0 -9999.0 -9999.0 -9999.0 -9999.0 -9999.0 -9999.0 -9999.0 -9999.0
-9999.0 -9999.0 -9999.0 -9999.0 -9999.0 23.4992801145 45.3739088364 21.6939266829 41.6491076193 217.443663739 253.623655966 289.601388643 945.932299567 16.1220595423 395.251543964 1471.4266841 1483.76017494 1942.04764271 12.9800563802 43.1736400895 137.453508287 13.8625796493 275.082313323 143.682029633 86.5147922973 72.3702243032 14.8251590441 47.0122388301 47.2458167876 31.4824525592 15.048275366 48.5014861486 14.6645749055 14.4454182551 -9999.0 -9999.0 -9999.0 -9999.0 -9999.0 -9999.0 -9999.0 -9999.0 -9999.0 -9999.0 -9999.0 -9999.0 -9999.0 -9999.0 -9999.0 -9999.0 -9999.0 -9999.0 -9999.0 -9999.0 -9999.0
-9999.0 -9999.0 -9999.0 -9999.0 -9999.0 23.7422352823 69.0183947283 136.776104958 157.448605911 311.527344157 330.749542316 391.094931591 640.379727581 997.766734677 1031.55665342 1047.14313459 28.5130086996 1994.09776768 2021.06574263 2093.52377591 2562.21963494 317.628468691 289.894871484 101.138210759 14.2249110913 88.2841388347 60.3221138977 12.845500496 61.2527087014 13.8449288912 28.384906899 76.8697138289 91.0675042911 28.441396318 13.5563838718 13.5989727681 -9999.0 -9999.0 -9999.0 -9999.0 11.0957167703 10.3505872061 -9999.0 -9999.0 -9999.0 -9999.0 -9999.0 -9999.0 -9999.0 -9999.0 -9999.0 -9999.0 -9999.0 -9999.0 -9999.0
-9999.0 -9999.0 -9999.0 -9999.0 -9999.0 23.0194174004 21.9157112561 91.2098814641 112.279598423 134.037053673 20.529687074 40.6191757699 233.959055104 40.2711925976 18.62167721 16.7990402063 14.7871774246 16.4993441525 15.4860127279 16.0282531303 2576.61461863 2618.33112345 13.6439004322 41.7690491132 28.333825438 101.627839896 25.9104802819 12.2876098608 75.3262109777 27.436263056 67.2323318913 160.022116975 146.970491954 41.889792888 39.9681088654 13.9638427529 13.7534793352 -9999.0 -9999.0 13.80345043 22.8304931243 54.7293772426 10.8245093717 -9999.0 -9999.0 -9999.0 -9999.0 -9999.0 -9999.0 -9999.0 -9999.0 -9999.0 -9999.0 -9999.0 -9999.0
-9999.0 -9999.0 -9999.0 -9999.0 -9999.0 -9999.0 23.9006771765 23.9076712505 45.5353049843 67.5301570648 153.097682371 195.013696355 215.710946811 21.0046253506 16.5773143312 225.542164745 274.985349887 290.443771481 355.137510062 369.914910393 14.4510680986 2632.86235463 2702.845041 55.9873448499 13.5877481973 114.725230837 251.325934582 99.3275900803 25.1572439371 12.8539365024 252.534795906 173.041970237 12.0725242039 11.9949792494 52.0664237908 40.7922886806 12.6039268124 11.5649614095 13.368619071 26.8953574022 12.8288070884 66.2477647907 77.8701719354 10.3605607969 -9999.0 -9999.0 -9999.0 -9999.0 11.7475066061 11.0117754993 5.36046365574 -9999.0 -9999.0 -9999.0 -9999.0
-9999.0 -9999.0 -9999.0 -9999.0 -9999.0 -9999.0 -9999.0 23.2886487899 21.1557951065 43.6807120189 65.4916590159 21.1148527192 18.6614719759 119.54349644 155.760234071 192.915376278 17.0458512087 33.8902077548 16.4525412856 385.150767678 848.16031261 859.121805806 3587.36453175 13.840074221 39.4396138774 12.6601666842 262.914341385 12.4596828615 38.1563520701 12.5338288322 264.674964717 276.865139581 24.2686223745 24.1837670269 131.914861349 66.638717692 24.0762959432 12.5675052067 26.6756725307 40.0191707759 64.7693994171 11.4057807893 96.8309270144 104.595771931 6.795864987 7.58813725374 7.80957874466 6.82455173215 6.3730841919 30.9409155384 15.3063483015 9.99254005498 -9999.0 -9999.0 -9999.0
-9999.0 -9999.0 -9999.0 -9999.0 -9999.0 -9999.0 -9999.0 -9999.0 43.8214641624 64.1380546956 21.1161866974 42.9635303785 62.7787326552 102.192299111 19.8334472706 19.1605411448 16.4732167369 16.6683357104 15.0525323691 432.369194914 16.6844963961 32.5749915125 3630.99046049 3652.86682607 7.81803269362 55.4847901539 328.86413208 24.7872504766 49.3290169063 22.8570310352 33.4274205467 322.655722416 35.1780507885 189.863245868 155.220741963 11.9434909756 61.4769923823 25.1303176489 38.88532994 12.008099051 75.3659105902 95.3301833474 101.855375131 107.933825304 130.018892489 12.9685062354 13.6386029145 12.0938827814 11.1572897711 37.3190235543 7.52960644886 33.2632091413 40.7735136516 -9999.0 -9999.0
-9999.0 -9999.0 -9999.0 -9999.0 -9999.0 -9999.0 -9999.0 -9999.0 22.8227454325 109.257475935 129.810831612 20.5649271101 40.0502862394 19.4523251315 17.890882331 17.5874078398 221.341162038 292.767796593 356.793673618 420.301107318 14.7097915392 16.226149719 13.4197975881 3715.95449968 3738.80869052 3746.03448214 434.584743614 96.8618675336 85.1457926179 9.8924405321 43.613875214 376.709629239 10.2937621683 200.219033601 11.8454240771 82.0426395572 74.2488646122 12.3721741097 51.045876992 24.0895564035 35.8572711712 8.780540366 5.9836835235 113.910796399 119.231325934 135.322639032 19.4104709253 17.5069779619 16.3642369793 45.4758592568 60.7753120786 7.63955243589 48.7947476487 9.08845586876 17.2192332091
-9999.0 -9999.0 -9999.0 -9999.0 -9999.0 -9999.0 -9999.0 -9999.0 -9999.0 23.306842522 151.504929824 171.8211274 59.8128445918 98.7385426951 134.758999566 152.976834143 18.4735362979 55.0491427401 36.2804724481 18.7088402961 17.9096762321 16.2765102031 31.2665740304 50.678558905 13.085659194 4202.51363179 4210.52471919 7.0956208595 6.85380848709 20.8943430687 31.1821090883 406.8770018 20.0680364444 208.997981044 126.831072587 104.805145907 11.739714468 23.8451359621 62.1463622176 11.0837803711 46.5780856879 18.7823053543 10.7115552323 5.7347147331 135.997950263 275.564006837 23.1912855503 21.4045874181 22.0854777889 6.21548564325 66.8781614501 5.92573787731 63.2603887093 8.04666830597 25.2082888849
-9999.0 -9999.0 -9999.0 -9999.0 -9999.0 -9999.0 -9999.0 -9999.0 -9999.0 -9999.0 20.2369141076 212.491789073 19.6119751989 38.9102864551 56.4443171679 90.9346127452 17.5002484436 36.2967190483 17.7074766611 16.5653262806 15.5118930779 30.5723992288 13.6230760061 13.3120637731 22.8920631072 11.8455711699 4219.34010912 4233.87380037 4256.46133004 38.8815913814 10.9231171607 21.789890811 417.981929564 387.15845261 149.393460829 11.231513119 46.8913139604 35.3086313004 73.273715008 22.1548558371 86.6721803417 29.164940034 18.6699625135 5.93507150733 6.29759315262 281.80527467 286.879178148 335.685165418 41.8857382422 12.9881225703 73.5229742593 85.9543935126 155.299750788 15.5257606953 7.3934762439
-9999.0 -9999.0 -9999.0 -9999.0 -9999.0 -9999.0 -9999.0 -9999.0 -9999.0 -9999.0 -9999.0 13.0576865514 240.433361864 18.5738317663 35.9757092659 161.214706728 17.370368289 17.1929575728 15.2275641818 32.7474158662 16.1924317969 62.6142270544 89.712743815 102.053823558 32.7643163832 39.2091449385 7.22722106403 10.0909329455 9.72447174994 4315.47645728 4344.3235951 427.054051766 406.246607225 396.723572719 19.1301669277 9.26200095502 57.4070987347 151.762955439 83.8587551416 32.639507786 129.14276688 49.9502412886 40.5817323425 12.6563925894 4.98500161854 4.01391834441 4.32851458622 358.818456982 419.004422054 6.57026060756 5.69744323813 6.51774207997 162.04194308 184.394273031 13.5235241284
-9999.0 -9999.0 -9999.0 -9999.0 -9999.0 -9999.0 -9999.0 -9999.0 -9999.0 -9999.0 -9999.0 12.227549953 268.797276083 327.9438201 17.5451661639 195.989804238 16.0359435065 15.5256090753 31.2614335596 80.3195673636 15.8013789617 16.5238645733 13.6687611031 128.683881637 141.332995726 193.88667359 211.024278416 220.139140524 226.99971838 238.189361272 4590.53016171 5031.84114721 5450.31411677 5455.09325235 5.85195658761 9.10986160131 172.861518129 162.37677144 10.4286238324 10.3399876841 139.16529001 199.067602198 8.67898650687 105.621147478 96.701647948 26.8922465173 10.8181970296 18.1541198475 6.56551818661 428.967668623 4.96130727455 17.103883186 20.9380647571 222.490973691 243.209198659
-9999.0 -9999.0 -9999.0 -9999.0 -9999.0 -9999.0 -9999.0 -9999.0 -9999.0 -9999.0 -9999.0 21.7686935022 41.3257796749 347.016727452 380.686401235 16.7691008227 224.612314606 14.1607963133 43.8705751757 95.1326753592 30.7521508767 14.8929541458 29.2470230756 11.7231568423 23.1759960547 12.069188926 11.4655165168 11.2342814172 10.6677600485 8.90159396365 6.91672754246 7.7317160386 8.22969233267 8.3610815595 5474.98326602 193.808393436 181.117443428 3.99593586612 29.2177849153 9.0469119379 8.52937512468 208.235149532 341.978793367 115.635775086 84.6207825413 17.2247711826 6.35572238735 5.69759086879 10.8881716261 444.986941592 453.927718881 4.7161925516 4.82460179671 5.49775882231 6.88750237219
-9999.0 -9999.0 -9999.0 -9999.0 -9999.0 -9999.0 -9999.0 -9999.0 -9999.0 -9999.0 -9999.0 -9999.0 18.5280885985 255.137306916 653.745393956 707.801032985 947.061814749 959.377103423 211.654554714 156.316077128 45.9053077199 14.7106928839 57.8963364015 71.2722248316 106.726189171 24.6446180619 23.0783616795 23.0318673357 44.9603514894 19.9959833172 17.6470827546 10.7795600619 9.15214489878 6.39707497888 5481.79644409 5683.54811348 5688.32504181 3.75778637111 74.7280362653 37.5043207431 10.1168472565 372.45992018 21.4347712015 11.0612082848 47.4993817036 10.905475422 6.82573814565 12.3448575653 16.7863816363 21.6510923381 461.278937272 3.44261567295 2.92659323375 2.95775933864 2.53467426673
-9999.0 -9999.0 -9999.0 -9999.0 -9999.0 -9999.0 -9999.0 -9999.0 -9999.0 -9999.0 -9999.0 20.6396771669 195.211517938 236.159952081 37.2846811208 13.5025688224 28.9668007754 1004.08403694 1016.26885156 1240.1428878 13.5862390554 28.1745100367 12.4302261399 12.6113300466 118.816683636 155.522790203 189.625030188 10.9150841247 55.6374432951 86.1412530561 48.3819497117 20.8448590229 18.4925301339 15.961239824 14.2686019042 4.57260811888 5691.93365547 5694.61979637 5775.08244602 15.8423591814 8.71216439485 379.375065193 23.2881567534 11.8254958907 12.7434085202 12.6400186058 11.0670310259 18.5814346081 51.4103656126 78.3212069407 543.272932814 2.55639146762 7.62273201032 5.18041732841 4.50655025222
-9999.0 -9999.0 -9999.0 -9999.0 -9999.0 -9999.0 -9999.0 -9999.0 -9999.0 -9999.0 -9999.0 21.1363512066 135.933578729 20.9811848732 18.1604612375 98.4360802964 114.664541472 130.911069622 145.951455341 1692.41579217 1705.98106735 1732.60532909 1937.0282429 1974.95718457 1996.30400246 2008.62223341 2226.98001828 2258.5399614 2269.55427354 2367.71555247 2427.35175289 2437.4560562 2476.44944567 25.3916642051 23.6080065396 4.67068373742 2.87076541538 5697.88287084 5798.20825267 20.6078067161 437.455031516 429.960251403 43.5502795548 10.4563937378 10.5830879486 10.2335757595 10.0608298926 20.121413716 27.6238028031 6.5644441476 546.658234756 550.290660868 566.093925667 568.945526229 576.047458421
-9999.0 -9999.0 -9999.0 -9999.0 -9999.0 -9999.0 -9999.0 -9999.0 -9999.0 -9999.0 -9999.0 70.3125810578 92.831506799 42.8839106879 62.9531431854 19.8140993112 224.649889005 241.717578178 275.314236819 291.259153957 112.517586224 1869.14374246 1883.69727673 12.3532634499 8.98574979883 9.03613181432 18.7647693163 10.2801181302 9.20173039169 9.42114068635 9.10492482371 2448.59541659 2487.12360716 2521.48309198 2552.74181974 2565.95724456 5.25291485508 1.58346476904 6249.21214242 448.575222652 445.433666689 9.16696981833 7.7698660694 6.99771545641 17.9862629153 17.549619993 8.42072771388 8.47965263184 7.55600810874 14.0390209741 17.6800355169 2.42896322305 4.4783928694 1.89862429138 1.94384826548
-9999.0 -9999.0 -9999.0 -9999.0 -9999.0 -9999.0 -9999.0 -9999.0 -9999.0 -9999.0 -9999.0 -9999.0 47.5647273388 22.132460275 20.2178870041 190.488710581 208.044711247 17.6325381507 68.4261356985 84.4733318611 99.2473881459 16.1184560755 10.8230990253 284.919965565 293.401079665 301.838833455 765.357097288 772.830817229 788.874272886 850.82589727 895.692858621 903.163245891 9.21618265373 9.57010169569 8.0056095637 2570.62311169 2.01943117133 6317.24899469 6313.88022173 62.2265508536 58.0768639133 34.3205164295 8.71105466843 13.835684678 25.0359498738 24.6345934755 16.2295072692 8.1467208712 15.5821637158 15.4323190037 24.4367708523 6.18428485974 9.72710589526 14.9696071817 19.1612941862
-9999.0 -9999.0 -9999.0 -9999.0 -9999.0 -9999.0 -9999.0 -9999.0 -9999.0 -9999.0 -9999.0 -9999.0 24.5719696735 68.1135188008 88.8310645911 150.93048589 17.594023975 35.9014498423 52.7694625996 209.654832871 224.864753791 239.689858158 252.661180775 265.118769608 400.058082375 436.156589578 456.47862227 9.66647359818 46.3118845856 55.7216944242 871.899985918 911.08291965 931.364906815 952.341702109 965.755019109 3538.70604223 2.52836766626 6329.76541007 7.52317691169 4.2352592214 49.5717062842 42.2342311854 7.33376808008 21.1620304295 31.9479018094 30.9615127761 22.2732571332 36.6931907458 57.9183676102 21.9535420723 52.3001383329 5.52049762502 10.2275335698 1.4719465269 1.09436399593
