data/baseflow/mHMbf_acc560.asc
ncols                  80
nrows                 72
xllcorner      4374000.0
yllcorner      5656000.0
cellsize            500
NODATA_value       -9999
[rows 0 to 24 of 72, columns 0 to 54 of 80]
-9999.0 -9999.0 -9999.0 -9999.0 -9999.0 -9999.0 -9999.0 -9999.0 -9999.0 -9999.0 -9999.0 -9999.0 15.2119067863 15.8980353374 -9999.0 -9999.0 -9999.0 -9999.0 -9999.0 -9999.0 -9999.0 -9999.0 -9999.0 -9999.0 -9999.0 -9999.0 -9999.0 -9999.0 -9999.0 -9999.0 -9999.0 -9999.0 -9999.0 -9999.0 -9999.0 -9999.0 -9999.0 -9999.0 -9999.0 -9999.0 -9999.0 -9999.0 -9999.0 -9999.0 -9999.0 -9999.0 -9999.0 -9999.0 -9999.0 -9999.0 -9999.0 -9999.0 -9999.0 -9999.0 -9999.0
-9999.0 -9999.0 -9999.0 -9999.0 -9999.0 -9999.0 -9999.0 -9999.0 -9999.0 -9999.0 -9999.0 -9999.0 31.9701465641 75.7798519939 13.0079571143 -9999.0 13.4857502352 -9999.0 -9999.0 -9999.0 -9999.0 -9999.0 -9999.0 -9999.0 -9999.0 -9999.0 -9999.0 -9999.0 -9999.0 -9999.0 -9999.0 -9999.0 -9999.0 -9999.0 -9999.0 -9999.0 -9999.0 -9999.0 -9999.0 -9999.0 -9999.0 -9999.0 -9999.0 -9999.0 -9999.0 -9999.0 -9999.0 -9999.0 -9999.0 -9999.0 -9999.0 -9999.0 -9999.0 -9999.0 -9999.0
-9999.0 -9999.0 -9999.0 -9999.0 -9999.0 -9999.0 -9999.0 -9999.0 -9999.0 -9999.0 14.6358456719 14.3203601198 15.5290422254 15.5665970373 103.57043381 115.673066876 36.486551883 11.5525649702 -9999.0 -9999.0 -9999.0 -9999.0 -9999.0 -9999.0 -9999.0 -9999.0 -9999.0 -9999.0 -9999.0 -9999.0 -9999.0 -9999.0 -9999.0 -9999.0 -9999.0 -9999.0 -9999.0 -9999.0 -9999.0 -9999.0 -9999.0 -9999.0 -9999.0 -9999.0 -9999.0 -9999.0 -9999.0 -9999.0 -9999.0 -9999.0 -9999.0 -9999.0 -9999.0 -9999.0 -9999.0
-9999.0 -9999.0 -9999.0 -9999.0 -9999.0 -9999.0 -9999.0 -9999.0 -9999.0 14.1632798912 28.7742950842 57.3727112972 29.392317251 14.090141022 26.8656551846 127.930107401 189.390389446 12.7697261571 -9999.0 13.8782745341 -9999.0 -9999.0 -9999.0 -9999.0 25.7081794145 13.0021471971 -9999.0 -9999.0 -9999.0 -9999.0 -9999.0 -9999.0 -9999.0 -9999.0 -9999.0 -9999.0 -9999.0 -9999.0 -9999.0 -9999.0 -9999.0 -9999.0 -9999.0 -9999.0 -9999.0 -9999.0 -9999.0 -9999.0 -9999.0 -9999.0 -9999.0 -9999.0 -9999.0 -9999.0 -9999.0
-9999.0 -9999.0 -9999.0 -9999.0 -9999.0 -9999.0 -9999.0 -9999.0 18.0245143879 48.4045355354 62.1757116533 75.9008867158 99.7225266689 12.1437005424 50.2441100181 61.5023781764 273.617943128 11.0952523206 10.1240956412 24.984669039 35.5803584147 11.419484357 -9999.0 64.9720526944 53.6678164442 14.0764716115 -9999.0 -9999.0 -9999.0 -9999.0 -9999.0 -9999.0 -9999.0 -9999.0 -9999.0 -9999.0 -9999.0 -9999.0 -9999.0 -9999.0 -9999.0 -9999.0 -9999.0 -9999.0 -9999.0 -9999.0 -9999.0 -9999.0 -9999.0 -9999.0 -9999.0 -9999.0 -9999.0 -9999.0 -9999.0
-9999.0 -9999.0 -9999.0 -9999.0 -9999.0 -9999.0 17.3241060443 14.9316782269 14.4329475979 14.967667248 15.3582978762 107.001805677 220.737162361 234.210097969 244.231771094 9.70111234257 294.07395149 304.410781013 21.4380664955 11.0196709913 45.8612405716 79.111665151 11.287541775 100.231201101 12.0863345935 12.1666866599 12.5661145996 -9999.0 -9999.0 -9999.0 -9999.0 -9999.0 -9999.0 -9999.0 -9999.0 -9999.0 -9999.0 -9999.0 -9999.0 -9999.0 -9999.0 -9999.0 -9999.0 -9999.0 -9999.0 -9999.0 -9999.0 -9999.0 -9999.0 -9999.0 -9999.0 -9999.0 -9999.0 -9999.0 -9999.0
-9999.0 -9999.0 -9999.0 -9999.0 -9999.0 -9999.0 35.0630930531 51.3030681027 113.865690743 156.618404286 12.5323042665 13.0181880142 12.1251983742 36.0798520203 290.561953048 8.69826778747 314.237556138 357.224666513 33.1172018898 20.0254197533 88.4158800029 10.7296524756 110.482751019 20.7522237556 10.4896816433 22.2813631038 24.9572640287 12.6946233042 12.584374548 11.9311395667 13.4742946709 26.8448971965 -9999.0 -9999.0 -9999.0 -9999.0 -9999.0 -9999.0 -9999.0 -9999.0 -9999.0 -9999.0 -9999.0 -9999.0 -9999.0 -9999.0 -9999.0 -9999.0 -9999.0 -9999.0 -9999.0 -9999.0 -9999.0 -9999.0 -9999.0
-9999.0 -9999.0 -9999.0 -9999.0 -9999.0 19.7676519947 37.6293559133 17.6779825736 34.0030243554 173.602506863 201.940403529 229.490966779 769.489631685 12.4455961899 302.020070396 1172.66503662 1181.4154505 1555.44509417 10.5143872073 29.0151118146 97.7800079775 9.1867747499 230.419719681 110.146048111 69.0526510618 58.3967088785 11.9758580714 36.9821630029 35.9823717535 23.8468550632 11.302232209 38.6871932844 11.0135291829 10.6570225518 -9999.0 -9999.0 -9999.0 -9999.0 -9999.0 -9999.0 -9999.0 -9999.0 -9999.0 -9999.0 -9999.0 -9999.0 -9999.0 -9999.0 -9999.0 -9999.0 -9999.0 -9999.0 -9999.0 -9999.0 -9999.0
-9999.0 -9999.0 -9999.0 -9999.0 -9999.0 20.0944601307 57.9612473214 114.361462329 131.213206666 260.197254408 275.447819803 324.45774455 528.249520212 811.459138453 838.510158887 851.49221526 20.6228425297 1594.10403887 1613.93000951 1663.67020197 2030.05481962 259.402253591 241.03107779 79.3296494371 9.89880126089 68.2606382643 47.3052314825 9.72759871933 46.208978244 10.3405994895 21.9479265326 60.0489820801 70.5550306226 20.8210466564 10.341024798 9.77245296013 -9999.0 -9999.0 -9999.0 -9999.0 11.5954688425 10.6972880054 -9999.0 -9999.0 -9999.0 -9999.0 -9999.0 -9999.0 -9999.0 -9999.0 -9999.0 -9999.0 -9999.0 -9999.0 -9999.0
-9999.0 -9999.0 -9999.0 -9999.0 -9999.0 19.2044320523 17.9421728015 77.3111777444 94.7268254088 112.925494576 16.8180731298 33.0744206223 193.10981295 33.8905549719 15.0881021686 13.0187847501 10.9195638017 13.5750410998 12.1748030645 12.1151386537 2040.43442911 2068.42150542 9.05166450947 28.3904974228 19.6249414372 77.6035895107 19.6245674757 9.22013822562 57.072938815 19.9179617089 48.7923249828 120.558252494 111.828115705 30.9267033434 30.1817232837 10.3733402233 10.2494408089 -9999.0 -9999.0 10.301963108 23.8266633609 56.9895471838 11.3334811419 -9999.0 -9999.0 -9999.0 -9999.0 -9999.0 -9999.0 -9999.0 -9999.0 -9999.0 -9999.0 -9999.0 -9999.0
-9999.0 -9999.0 -9999.0 -9999.0 -9999.0 -9999.0 20.3780278906 20.9219192879 38.5732475004 56.7428430623 127.065847762 161.4659745 178.749440764 18.1316278372 12.7270898874 183.224008078 221.668544027 232.962713013 281.095380832 291.103362457 9.89100851878 2078.52326531 2124.78644948 36.6693747472 5.69832562659 85.238901441 187.920793259 75.179754615 17.3095518027 8.54300986588 186.6850382 129.677177943 8.83319392867 8.79970869652 39.4308775317 30.1277255358 9.53142381278 9.55658631259 9.92995754597 19.9058103272 9.4090521454 69.1935581169 78.3410010966 8.61589375128 -9999.0 -9999.0 -9999.0 -9999.0 10.4796848806 9.65159872969 2.80925604721 -9999.0 -9999.0 -9999.0 -9999.0
-9999.0 -9999.0 -9999.0 -9999.0 -9999.0 -9999.0 -9999.0 19.8635600491 16.6943337306 35.822290159 54.2254511969 17.2870317626 15.4182384393 98.9170320791 128.301220151 158.716374289 13.8187961561 25.5155999724 12.6576439771 302.007748967 673.222906031 683.977066043 2828.29200543 9.09739830748 16.2145486801 4.82624769998 196.148437871 8.71672702936 26.0823823866 8.37481500153 195.274249795 203.947162869 17.7972899825 17.3621298318 98.3240776897 49.2631724827 19.3623882015 10.0853653726 19.7165485788 29.5112078515 47.8341344891 8.71725546198 95.3076709327 103.699873087 7.54625715908 8.27595860286 8.71007953766 7.66610730918 7.22754150856 28.0001066343 10.3212332902 6.26948158834 -9999.0 -9999.0 -9999.0
-9999.0 -9999.0 -9999.0 -9999.0 -9999.0 -9999.0 -9999.0 -9999.0 36.1586542418 51.3196708575 17.1459488259 35.4049536563 51.9253123325 84.8949287758 16.2479538519 15.206404088 11.9348811405 12.058524019 10.1449481066 348.916310415 12.974748604 24.7033006269 2864.63027633 2886.5730831 8.26617896778 32.8006945156 236.28543587 16.5993104318 33.2543584621 15.004426885 22.0633331918 236.621651178 25.3637387437 139.421298529 114.76571193 8.34808973884 47.0442773698 19.1051639723 28.3609249653 8.48442984785 56.4590380464 73.4204648783 80.7059085114 87.5048845223 132.157062771 14.4337848888 15.4220110676 13.7366383516 12.8111783314 34.415278078 6.56545710131 23.3862860243 29.2034268845 -9999.0 -9999.0
-9999.0 -9999.0 -9999.0 -9999.0 -9999.0 -9999.0 -9999.0 -9999.0 19.2183543701 89.1027943365 105.547937019 16.4033181675 31.7431991164 15.2626140188 13.2759488752 12.9963664983 172.031285265 229.200252615 281.3134466 336.88251834 13.0492149683 12.2385101978 11.2577150764 2941.74687898 2967.75025567 2976.34179315 311.362726311 65.8684913894 57.4644242086 7.02743490583 28.9671715352 272.566865625 7.29875430934 146.623127568 7.97360888524 61.1296863662 56.3798816357 8.7862492349 36.9913433838 17.0036193029 25.3452999049 7.63066064433 6.59571253431 94.1918617229 100.28317797 138.228686616 22.0694198777 19.9736805583 18.7547624652 41.4375859475 54.7955809563 6.66405455364 35.4573826872 6.53221271107 12.2253383677
-9999.0 -9999.0 -9999.0 -9999.0 -9999.0 -9999.0 -9999.0 -9999.0 -9999.0 20.0227011224 123.608216376 139.548534153 47.1912552727 78.1958418885 105.787375097 120.281666235 15.1791905799 44.8355729435 29.4890517852 15.7936106359 14.4963533463 12.103072925 23.5524349042 40.3854226728 13.5946127383 3311.35015643 3320.15089296 7.66635043765 5.91740711564 13.8151484821 20.5735942258 293.235141059 13.9911435849 152.830126118 90.9076504753 76.1156093304 8.11418524648 16.5716151983 44.5106564585 7.51561267936 32.644953168 14.9305980775 10.5470983856 4.26215117654 114.580662785 257.75220805 26.5492114315 24.5425257787 24.1866958476 5.47841885548 60.2800047707 5.30155088221 47.4852465392 5.63295591562 17.9600512895
-9999.0 -9999.0 -9999.0 -9999.0 -9999.0 -9999.0 -9999.0 -9999.0 -9999.0 -9999.0 16.6437238826 172.911316098 15.2194159611 30.6150886154 44.0818736905 70.1983435976 13.4139314319 29.0455341756 13.8003171441 12.5361023033 11.4890169507 22.7304053065 9.67892056319 10.683478211 20.7053284694 11.8577827585 3330.78980807 3347.54763394 3371.05385072 26.7994272054 6.77804033224 13.506060528 300.464130196 278.516888619 106.255985585 7.46347873124 32.298632504 24.3538452222 52.0586434366 14.9956814442 62.5359096458 22.3274247263 16.3640099691 2.52120669087 4.49163872534 264.640462968 270.58100883 326.500885386 41.7171395801 11.2746286282 66.3738615856 77.6060870491 130.414014617 11.2700116113 5.1197907055
-9999.0 -9999.0 -9999.0 -9999.0 -9999.0 -9999.0 -9999.0 -9999.0 -9999.0 -9999.0 -9999.0 9.18802312755 192.002896633 14.7833542406 27.887703385 124.078745152 13.5560072622 13.267012241 11.1799377722 24.039088665 11.4744050764 45.5633479573 64.7631123951 73.3509647492 28.3572574686 35.5461239434 8.7407930599 10.7557408344 9.58323429238 3414.30648424 3434.86025561 306.422171711 291.020563928 284.822968865 13.0207588885 6.38306513564 39.1793969328 105.2036877 59.1614318747 21.9768713358 91.5196309293 31.280624116 24.7399883362 4.65525042717 1.81661104937 1.9488390329 2.748775645 341.328317019 400.03018848 5.34520466673 5.47362669441 5.43917995936 135.640623262 151.702082155 9.10698501213
-9999.0 -9999.0 -9999.0 -9999.0 -9999.0 -9999.0 -9999.0 -9999.0 -9999.0 -9999.0 -9999.0 8.41455914192 211.847829261 258.639979787 13.2977853617 150.190452842 12.0553205717 11.3153712741 22.1470753879 57.5364384305 10.7958599692 11.765355028 9.13125976576 91.6894851255 100.371428236 145.001608978 161.318501567 169.115851077 176.852742769 184.513410244 3628.14924023 3948.28782484 4252.71102569 4259.59152263 6.06851513376 6.31764516098 119.04943942 112.192342552 6.9317282186 6.79337176128 99.3265788937 137.829782301 5.54137225186 63.638183441 59.6416806007 11.2390084703 5.82019955816 10.0720546924 6.63963152814 410.977393361 5.67240297471 15.9718819243 20.1502517896 184.962365644 195.930842119
-9999.0 -9999.0 -9999.0 -9999.0 -9999.0 -9999.0 -9999.0 -9999.0 -9999.0 -9999.0 -9999.0 17.6649962343 33.4556243182 273.75748775 297.842937046 12.2784823474 174.686129683 9.72530488934 30.147737404 67.2863692185 20.5075074836 9.62844200102 20.2141214938 7.90446488492 14.9308271014 7.03126286609 6.0967119057 4.45012142994 3.8884796736 3.31467261921 3.22028949336 5.30859576781 7.45896940194 9.23331992421 4281.04321042 142.047888079 129.951332042 4.99478129632 19.6329027425 4.67007603391 4.63400591265 144.336365289 228.122468235 71.287744151 55.6057489038 6.9805788627 2.8504288172 2.38900458409 7.21910979378 423.919073432 435.161585134 5.95282062708 6.09823602317 4.85697257308 2.29747355823
-9999.0 -9999.0 -9999.0 -9999.0 -9999.0 -9999.0 -9999.0 -9999.0 -9999.0 -9999.0 -9999.0 -9999.0 13.4396823856 204.409747515 515.459761974 557.248097074 743.285104663 755.28370559 149.001351937 107.724216386 30.3965577914 9.3892888895 38.480371336 47.0728213519 69.2732451751 14.5969582646 12.8675869367 11.4154447734 21.9793016277 9.81826805448 9.34174603591 4.62826686887 2.23954524937 2.64702616714 4287.36271752 4433.84017627 4441.5645098 5.22882512649 53.0899312371 22.7893694653 6.98434160029 251.500890933 17.0199310782 8.93058193111 38.0005450836 6.97121305847 5.48582203735 10.2462325621 14.6252636644 19.7438104876 444.30818115 4.32452748084 3.66776957431 3.67255139789 2.66321246452
-9999.0 -9999.0 -9999.0 -9999.0 -9999.0 -9999.0 -9999.0 -9999.0 -9999.0 -9999.0 -9999.0 15.9831499668 156.472873362 189.905045721 29.2835993176 9.35075608888 19.7977405938 785.955225601 796.251578516 956.619259458 8.17540095289 17.4299682156 7.19570677097 7.35860683414 76.3963802302 98.0855330495 117.102622361 6.14860902941 28.1184713174 43.9156632365 25.5381783864 10.495372648 6.60461203354 5.09294081769 5.56979743731 3.18051142364 4447.26951203 4451.5516234 4513.87407905 11.6968880812 6.21252590084 258.677337814 18.0408877409 9.50019417055 10.919442284 10.8380937391 9.08951158146 15.4634253626 44.0061211949 69.6666415613 518.436913236 3.22395841521 9.60668810072 6.50725642776 5.19265952025
-9999.0 -9999.0 -9999.0 -9999.0 -9999.0 -9999.0 -9999.0 -9999.0 -9999.0 -9999.0 -9999.0 16.5379146851 111.711960738 17.3710727969 13.7903592264 78.0736141154 89.7734673851 101.382725297 111.000209375 1304.11160743 1313.5819965 1331.67188018 1466.65589375 1488.96419656 1500.68803795 1508.12788444 1638.28309106 1654.42484734 1660.96054718 1711.85106856 1744.44184957 1750.31659186 1766.86915652 10.6281326757 8.67181299316 1.43531176995 2.02666429118 4456.58330226 4535.58302283 17.2723767006 305.691320146 299.755785852 33.67326862 7.80929874235 8.07132282178 7.77024964804 7.87649540491 15.9151908589 22.6727378296 6.63141466106 522.727211982 527.43701622 547.483541844 551.226639312 559.869571108
-9999.0 -9999.0 -9999.0 -9999.0 -9999.0 -9999.0 -9999.0 -9999.0 -9999.0 -9999.0 -9999.0 58.6025353702 77.2310996956 35.1952608932 51.5453348373 16.0571512 179.946553431 192.956605452 218.121572092 226.874460814 79.3334577424 1425.95223892 1434.32539654 7.21497263709 4.34220311252 3.56856159056 8.2879087369 3.78746859162 2.31362366717 2.02946075632 2.50215178134 1754.82153072 1772.00236544 1789.33574193 1803.70364132 1810.80022547 2.98883694781 1.04551671306 4856.08584842 316.129917595 312.211685669 6.6902778482 6.48275591578 5.95121895795 14.2848681022 14.0067635935 6.46629007066 6.28661256975 5.71923633755 12.172739399 16.0262211313 2.94177507514 5.49178802564 1.89681704821 0.684737239247
-9999.0 -9999.0 -9999.0 -9999.0 -9999.0 -9999.0 -9999.0 -9999.0 -9999.0 -9999.0 -9999.0 -9999.0 39.700951707 18.2556756511 15.7809045508 154.218747732 167.992315893 13.9338599474 51.8724152326 62.9951221692 71.8666794063 10.4003999013 6.9472578434 205.457079509 210.886401918 215.812725548 553.263144292 556.348026829 560.80166853 595.138953354 608.29699044 609.986571805 1.79611224424 1.96867256214 2.26519113877 1817.19165503 2.33077525317 4908.0946823 4904.06368511 44.2324500242 39.3296073448 25.2770023946 6.29084256978 11.8239811439 20.6820568767 20.2882130612 12.6380955439 5.93587443495 11.5576346027 11.2421292453 20.8365551079 2.83850031075 8.367581315 13.6578115619 15.1686052977
-9999.0 -9999.0 -9999.0 -9999.0 -9999.0 -9999.0 -9999.0 -9999.0 -9999.0 -9999.0 -9999.0 -9999.0 20.6425176816 56.4851998664 73.2469698536 123.121480514 13.6238624302 27.9918268276 40.8481249395 160.152232746 168.945602369 174.522978799 182.254414765 192.219910256 294.038715477 321.929784922 333.918334793 4.04486349282 28.7844591166 32.5472619966 602.352390539 612.939979581 618.037043265 623.300601415 627.402375533 2447.86864048 5.4148848543 4922.87659729 5.11063064289 1.9457161352 33.2169845176 29.7030048664 3.55611287369 16.7413141659 25.7875960214 25.2935301403 17.3486392614 27.95899411 43.77663458 15.8881727009 41.0556596684 2.9320870505 3.87964873738 0.588322573252 0.460068085308
