data/baseflow/mHMbf_acc335.asc
ncols                  80
nrows                 72
xllcorner      4374000.0
yllcorner      5656000.0
cellsize            500
NODATA_value       -9999
[rows 0 to 23 of 72, columns 0 to 54 of 80]
-9999.0 -9999.0 -9999.0 -9999.0 -9999.0 -9999.0 -9999.0 -9999.0 -9999.0 -9999.0 -9999.0 -9999.0 9.41949593709 14.8393963534 -9999.0 -9999.0 -9999.0 -9999.0 -9999.0 -9999.0 -9999.0 -9999.0 -9999.0 -9999.0 -9999.0 -9999.0 -9999.0 -9999.0 -9999.0 -9999.0 -9999.0 -9999.0 -9999.0 -9999.0 -9999.0 -9999.0 -9999.0 -9999.0 -9999.0 -9999.0 -9999.0 -9999.0 -9999.0 -9999.0 -9999.0 -9999.0 -9999.0 -9999.0 -9999.0 -9999.0 -9999.0 -9999.0 -9999.0 -9999.0 -9999.0
-9999.0 -9999.0 -9999.0 -9999.0 -9999.0 -9999.0 -9999.0 -9999.0 -9999.0 -9999.0 -9999.0 -9999.0 17.287735165 54.4067104875 12.4900691957 -9999.0 13.0164347855 -9999.0 -9999.0 -9999.0 -9999.0 -9999.0 -9999.0 -9999.0 -9999.0 -9999.0 -9999.0 -9999.0 -9999.0 -9999.0 -9999.0 -9999.0 -9999.0 -9999.0 -9999.0 -9999.0 -9999.0 -9999.0 -9999.0 -9999.0 -9999.0 -9999.0 -9999.0 -9999.0 -9999.0 -9999.0 -9999.0 -9999.0 -9999.0 -9999.0 -9999.0 -9999.0 -9999.0 -9999.0 -9999.0
-9999.0 -9999.0 -9999.0 -9999.0 -9999.0 -9999.0 -9999.0 -9999.0 -9999.0 -9999.0 7.45077170929 6.79993001425 7.32344092563 7.29129436392 67.5099345746 77.4889372562 37.0397776799 12.0886606319 -9999.0 -9999.0 -9999.0 -9999.0 -9999.0 -9999.0 -9999.0 -9999.0 -9999.0 -9999.0 -9999.0 -9999.0 -9999.0 -9999.0 -9999.0 -9999.0 -9999.0 -9999.0 -9999.0 -9999.0 -9999.0 -9999.0 -9999.0 -9999.0 -9999.0 -9999.0 -9999.0 -9999.0 -9999.0 -9999.0 -9999.0 -9999.0 -9999.0 -9999.0 -9999.0 -9999.0 -9999.0
-9999.0 -9999.0 -9999.0 -9999.0 -9999.0 -9999.0 -9999.0 -9999.0 -9999.0 6.8406266979 14.3608242595 28.4228874957 13.9329503589 6.69223198847 13.2044356716 83.459090571 145.276822572 12.5530682787 -9999.0 6.89545111774 -9999.0 -9999.0 -9999.0 -9999.0 25.4246842363 13.0466050905 -9999.0 -9999.0 -9999.0 -9999.0 -9999.0 -9999.0 -9999.0 -9999.0 -9999.0 -9999.0 -9999.0 -9999.0 -9999.0 -9999.0 -9999.0 -9999.0 -9999.0 -9999.0 -9999.0 -9999.0 -9999.0 -9999.0 -9999.0 -9999.0 -9999.0 -9999.0 -9999.0 -9999.0 -9999.0
-9999.0 -9999.0 -9999.0 -9999.0 -9999.0 -9999.0 -9999.0 -9999.0 8.46222793469 22.884798936 29.4612837958 36.2381045883 49.0268009694 6.37746384835 25.380037242 31.3739273091 193.630172239 6.52927333296 4.88743597764 12.804370449 18.3939277061 5.89132457115 -9999.0 62.9449588599 51.4510312663 13.2285818609 -9999.0 -9999.0 -9999.0 -9999.0 -9999.0 -9999.0 -9999.0 -9999.0 -9999.0 -9999.0 -9999.0 -9999.0 -9999.0 -9999.0 -9999.0 -9999.0 -9999.0 -9999.0 -9999.0 -9999.0 -9999.0 -9999.0 -9999.0 -9999.0 -9999.0 -9999.0 -9999.0 -9999.0 -9999.0
-9999.0 -9999.0 -9999.0 -9999.0 -9999.0 -9999.0 8.41962415769 7.15282198807 6.83941727766 7.04128258156 7.20050022431 51.0082721435 107.104952878 113.979404805 119.021237504 4.86470974625 204.531846669 209.640708546 10.7031953173 5.85765726708 23.8606198484 41.1353669453 6.17118069885 82.9685805218 5.46517372232 6.28839289627 5.59773772882 -9999.0 -9999.0 -9999.0 -9999.0 -9999.0 -9999.0 -9999.0 -9999.0 -9999.0 -9999.0 -9999.0 -9999.0 -9999.0 -9999.0 -9999.0 -9999.0 -9999.0 -9999.0 -9999.0 -9999.0 -9999.0 -9999.0 -9999.0 -9999.0 -9999.0 -9999.0 -9999.0 -9999.0
-9999.0 -9999.0 -9999.0 -9999.0 -9999.0 -9999.0 17.1406199185 24.9965212206 55.4273215942 75.7221677179 6.15383560986 6.79502611493 6.34727079923 17.9959927433 142.185196148 4.70055584015 214.930943876 236.406422563 16.0646413431 10.944139996 46.2450358798 5.63232718289 88.4083266124 9.98799719031 4.92950316546 11.0170233365 11.1021285275 5.86708695208 6.25101236035 6.02375962797 6.40990248574 12.7984182778 -9999.0 -9999.0 -9999.0 -9999.0 -9999.0 -9999.0 -9999.0 -9999.0 -9999.0 -9999.0 -9999.0 -9999.0 -9999.0 -9999.0 -9999.0 -9999.0 -9999.0 -9999.0 -9999.0 -9999.0 -9999.0 -9999.0 -9999.0
-9999.0 -9999.0 -9999.0 -9999.0 -9999.0 10.0914335638 19.057438046 8.91487901127 16.7433541847 83.7221240226 97.2598312672 110.939648744 384.67190209 5.95949609262 147.921885012 585.226120875 590.305914067 836.475646269 5.38685133438 16.0523646459 51.3833173304 5.07910067862 146.683900073 53.0137883149 32.2475086976 27.270333129 5.44922800024 17.4140373028 18.0822527843 12.0170636997 5.63328756435 18.6395749823 5.40526728841 5.28759171332 -9999.0 -9999.0 -9999.0 -9999.0 -9999.0 -9999.0 -9999.0 -9999.0 -9999.0 -9999.0 -9999.0 -9999.0 -9999.0 -9999.0 -9999.0 -9999.0 -9999.0 -9999.0 -9999.0 -9999.0 -9999.0
-9999.0 -9999.0 -9999.0 -9999.0 -9999.0 10.2977138852 29.482257772 58.0394605837 66.4989192204 131.288882389 138.958143888 163.469615586 267.91245219 407.536720769 421.064489118 427.10872011 10.5271542748 856.856984973 868.081535679 895.391066138 1114.15700203 162.406449778 152.211141822 37.6669435508 5.22504566269 32.2076825838 22.179911538 4.47147524129 23.1592567077 5.22464624545 10.6860680951 29.1058270606 34.3509323554 10.4221803858 4.83150090067 4.94740000261 -9999.0 -9999.0 -9999.0 -9999.0 10.9162943742 10.1118725185 -9999.0 -9999.0 -9999.0 -9999.0 -9999.0 -9999.0 -9999.0 -9999.0 -9999.0 -9999.0 -9999.0 -9999.0 -9999.0
-9999.0 -9999.0 -9999.0 -9999.0 -9999.0 9.74335364898 9.07239932849 38.8250121239 47.562494712 56.7120489811 8.40532792525 16.5437139993 97.4609784637 16.9510036201 7.50950448904 6.26209417202 5.33486185133 6.25333990589 5.95856266087 6.2136878911 1119.52364362 1134.75177276 4.97379451437 15.273094681 10.4016572324 36.8727086748 9.08707095207 4.3755111555 28.1710051176 10.3369456841 26.0685639929 59.7387548516 54.647774376 15.1234690108 14.2234770062 5.14144929695 5.04377776476 -9999.0 -9999.0 5.07440290008 20.096026334 51.4571609892 10.7124556204 -9999.0 -9999.0 -9999.0 -9999.0 -9999.0 -9999.0 -9999.0 -9999.0 -9999.0 -9999.0 -9999.0 -9999.0
-9999.0 -9999.0 -9999.0 -9999.0 -9999.0 -9999.0 10.5657601358 10.4809912981 19.2171912301 28.4783448137 64.1868442522 81.5618104329 90.2600108905 9.0645707889 6.24212310015 88.4439947175 106.9905167 112.609342465 137.397073459 142.87889821 5.32214973423 1140.08113938 1164.584292 19.4284539284 3.39175128038 40.882240231 90.5502297574 36.6803977894 8.83339906109 4.60122926797 94.8825391963 64.4333287164 4.15625057393 4.18037660444 18.4708393382 14.9490735752 4.42307558344 4.18182131251 4.9363954643 9.88633294306 4.69317866068 62.4500608625 66.5926948535 3.98580448691 -9999.0 -9999.0 -9999.0 -9999.0 4.60251898876 4.32879204805 2.73142842964 -9999.0 -9999.0 -9999.0 -9999.0
-9999.0 -9999.0 -9999.0 -9999.0 -9999.0 -9999.0 -9999.0 9.66629289364 8.42449879428 18.2295971697 27.5509450439 8.74012916392 7.19449210145 47.9022012343 61.7856032711 76.2553798623 6.56212031237 13.1715915209 6.42619629772 148.649089396 346.7335697 357.049359552 1534.40234542 4.89849465142 9.62088580462 2.99321899182 94.5815638068 4.30545980246 13.4868414269 4.38459711878 99.0538333666 103.270999575 8.37956161334 8.42023629103 47.4986032945 24.2018063724 8.63842231343 4.45505589105 9.83290403624 14.7063875938 23.5835221936 3.99104731017 74.3586330422 78.0884165462 3.38278466421 3.46578019888 3.84286623383 3.54994194717 3.40953809508 12.5388157256 6.20555767868 3.39911082515 -9999.0 -9999.0 -9999.0
-9999.0 -9999.0 -9999.0 -9999.0 -9999.0 -9999.0 -9999.0 -9999.0 18.2643820235 25.9198986177 8.70700237042 17.9808766263 25.9030758862 41.5179467963 8.01569094175 7.64729045781 6.2929453367 6.3572166349 5.54997388764 186.443169324 6.55218109932 12.6345144763 1558.21715195 1571.97350104 3.97322645911 17.4882602624 115.787874831 8.6430841272 17.2690124552 7.82673823297 11.4315525797 118.959389745 12.0982554735 67.7118982152 55.7212867983 4.29763449523 22.1091942383 9.02611949956 14.2672294347 4.34036907939 27.5534259954 35.2062671415 38.4989823201 41.6502446525 90.8967239337 6.39882188324 6.96874827961 6.50103404032 6.20105383256 15.5818585911 3.14184861163 12.7452130803 15.5471050441 -9999.0 -9999.0
-9999.0 -9999.0 -9999.0 -9999.0 -9999.0 -9999.0 -9999.0 -9999.0 9.85597804311 45.3108963856 53.6768929066 8.35389341754 16.1426642799 7.76002898174 6.93418992036 6.80800873963 85.6047657595 112.264866412 141.928488411 175.192414048 7.41694279687 6.27691588518 4.73400318202 1604.86020916 1623.99235679 1629.31591426 153.705126327 33.7483885093 29.6927585864 3.46542045422 14.8458510683 137.315847331 3.48001605105 71.2378927219 4.22435421915 30.5237474388 26.7739534015 4.48499811601 18.6848214073 8.72057094574 12.9803488285 3.45666642071 3.00322730803 44.7691590668 47.6920833092 93.8128087369 10.0762856866 9.49515343243 9.10454943022 18.900762473 25.2394226825 3.15822959177 18.4708831664 3.26163836598 6.20945111524
-9999.0 -9999.0 -9999.0 -9999.0 -9999.0 -9999.0 -9999.0 -9999.0 -9999.0 10.3381498522 62.7730420041 70.8498195319 23.9724214707 39.1921859855 52.8659510952 59.6412259244 7.03553635333 20.5559750791 13.6627000208 7.35107527817 6.95627095404 6.01894403428 11.2166861509 17.6535889987 6.54218215085 1796.15596968 1800.16563394 3.89587457433 3.02246790913 7.24864835788 10.7704006598 147.601880479 6.85164855998 74.3540929786 46.3613438057 38.6961038625 4.22481417081 8.58843230875 22.6546583034 3.963075668 16.8113943571 6.99770887082 4.40814502856 1.31891210534 53.1547143448 149.517573977 12.4620949518 11.9024319434 11.7336029966 2.6762022016 27.8939324635 2.59899821796 24.1930978167 2.91394375879 9.13809377755
-9999.0 -9999.0 -9999.0 -9999.0 -9999.0 -9999.0 -9999.0 -9999.0 -9999.0 -9999.0 7.98242748101 86.8915369725 7.73248839569 15.1301217196 21.5389399865 33.8258607 6.18997471355 13.2528760662 6.36564755881 5.79162915077 5.40192818685 10.6493472008 4.62277421927 4.48025076998 8.88260837119 5.17624683224 1805.96960835 1814.83361473 1826.45802596 14.0666467834 3.76416309747 7.5034048806 151.464316355 138.530410767 54.3335937791 3.96156934939 16.8433025546 12.6880256445 26.6364325126 7.92070302366 31.3816210502 10.6464434084 7.04422312115 0.921513247092 1.41038632795 152.332596681 155.134557654 182.021429348 20.064890544 5.50667523122 30.7563536387 36.1358294583 62.8275650531 5.61603933735 2.69898753143
-9999.0 -9999.0 -9999.0 -9999.0 -9999.0 -9999.0 -9999.0 -9999.0 -9999.0 -9999.0 -9999.0 6.93222054343 100.004466297 6.8872135585 13.1611158671 59.1494135306 6.2412974174 6.13882807438 5.23711025185 11.5724270969 6.04497759146 22.4289711669 31.7018302419 35.9327043936 12.5341171758 16.2270651618 4.11834513283 4.59847117503 5.32640550045 1850.39899386 1861.38176263 154.562387898 144.883203131 141.734292806 6.56211913431 3.18687545587 20.5457798974 54.6427139038 30.404978926 11.6492643281 46.4798136534 14.0407492226 10.7726365085 1.9589440724 0.854912651265 0.696220697582 0.820578362836 187.53369578 215.434362648 2.65658998046 2.47770844581 2.63363383443 65.4742725083 73.5622697255 4.76040913975
-9999.0 -9999.0 -9999.0 -9999.0 -9999.0 -9999.0 -9999.0 -9999.0 -9999.0 -9999.0 -9999.0 6.41539654841 113.235028511 136.036258425 6.4345356736 71.6611482945 5.64211773397 5.27699246632 11.1842464489 28.8556201533 5.86499259619 6.24207437937 4.63283866002 45.023705303 49.2853513927 70.1229862877 77.3515933931 80.3510216674 84.1227450003 87.9868438014 1954.32694819 2115.32875036 2266.68864881 2271.36281392 2.97900931408 3.26109039229 62.0716957094 58.3870835308 3.6972233299 3.67922918668 50.0253327289 67.5497182738 2.64353938534 28.2509839463 26.4255357935 5.1805565019 2.06993093569 3.57713440376 2.74813984032 220.562801351 2.56685542865 7.19764762303 9.32906378615 88.2847694211 94.3618469263
-9999.0 -9999.0 -9999.0 -9999.0 -9999.0 -9999.0 -9999.0 -9999.0 -9999.0 -9999.0 -9999.0 8.78589707355 16.2798545368 143.230377091 155.212879312 5.83249053764 87.141343507 4.61681690171 14.6447495497 33.9551002632 11.2383732911 5.34330328543 10.5629829325 3.98478116301 7.78414303404 4.14331169242 3.50625450162 2.67767662756 2.16731935887 1.44769491064 1.00545733046 1.37812638094 2.1702448277 3.89546138412 2282.66712564 74.605344462 68.3068466676 2.95847512333 10.5034947219 3.19131307055 3.39003359212 70.7641889761 108.597245447 31.8470839553 24.4315669496 3.4586094849 1.21136404277 1.04560951811 3.04980917178 226.290523338 231.594265121 2.74167831472 2.75585402125 1.43845841472 1.17025459375
-9999.0 -9999.0 -9999.0 -9999.0 -9999.0 -9999.0 -9999.0 -9999.0 -9999.0 -9999.0 -9999.0 -9999.0 6.8942852288 101.868885514 263.773441987 283.486222984 376.578058782 386.246226822 79.6808767674 56.1032543036 16.6906613558 5.25347818607 20.7523702899 25.3296491355 37.3489009599 8.50387954942 7.49362948427 6.74387515703 12.7892718438 5.25607179093 4.4943155964 2.63588848265 1.59528635874 0.985369300999 2285.84540041 2363.29192086 2367.71716918 3.12189751292 30.2655853028 13.697223997 3.64172929685 119.527935811 7.77956313256 4.03693751183 16.5658011297 2.85571008002 1.99243248292 3.90155632693 6.06795289181 8.62962142528 236.297141089 2.27301957753 2.06632562976 2.0551809993 1.1238837443
-9999.0 -9999.0 -9999.0 -9999.0 -9999.0 -9999.0 -9999.0 -9999.0 -9999.0 -9999.0 -9999.0 7.86016181204 78.8411035959 94.6095224883 13.7650673194 6.62071149963 12.4747935069 404.046293817 410.697822261 499.315585704 4.66862437793 9.86874607404 4.22553458166 4.29755948746 41.474726757 54.0910073724 65.3361402432 3.68154186551 16.4185903936 25.2314152006 13.9174718903 6.06436595535 4.05702454744 2.86417178006 2.89764291035 0.968615876807 2371.34712327 2374.54283934 2409.81414055 5.84855213871 3.12976145928 125.925806554 8.67101603917 4.37890039792 4.81025365001 4.76472186953 4.04875403797 6.19102178419 19.0879081744 30.388802485 268.953057642 1.87458564009 5.61147997218 3.77199880733 2.71025895544
-9999.0 -9999.0 -9999.0 -9999.0 -9999.0 -9999.0 -9999.0 -9999.0 -9999.0 -9999.0 -9999.0 8.12425955214 56.4295820796 8.219160088 6.65310256018 38.8873685792 44.5707756687 50.1547177603 55.3867959836 668.58942576 673.765974033 683.235636873 753.498467453 765.261127657 771.324635256 775.475190741 848.369039433 857.9406191 861.683690873 890.646435373 908.433202234 911.81676452 921.567951853 6.08908113054 4.84475976209 0.661101125524 0.482548853099 2377.00240117 2421.05998852 8.5380949027 152.61153307 149.212705787 15.9716045561 3.76934479014 3.8492505261 3.70921042664 3.63093251426 7.26439976018 10.2347967809 2.88982249743 271.188390511 273.52533308 284.998980628 287.023827557 291.653747259
-9999.0 -9999.0 -9999.0 -9999.0 -9999.0 -9999.0 -9999.0 -9999.0 -9999.0 -9999.0 -9999.0 29.9752804424 39.3892624811 17.2098722924 24.8957868704 7.51362465917 86.5511408064 92.4251591557 104.096130448 108.652227483 38.0392444822 730.277827355 735.075669737 3.05839195951 1.86786035676 1.7466303868 3.78981910108 1.93469710241 1.6525470748 1.71826060772 1.69275435527 914.373091801 924.245184592 934.321299766 942.629848096 945.267941981 0.807492629399 0.339547578207 2582.15887421 158.557244904 156.205053632 3.39741970189 3.05653560003 2.84133577588 6.75294897667 6.62819309412 3.03539411139 3.05371498395 2.77981992398 5.63714397943 7.66664832974 1.77585002982 3.21624222083 0.920315079948 0.289362405919
-9999.0 -9999.0 -9999.0 -9999.0 -9999.0 -9999.0 -9999.0 -9999.0 -9999.0 -9999.0 -9999.0 -9999.0 20.5924294814 9.18708426398 7.92041260679 74.742060546 80.8748165302 6.21330301188 24.0409523547 29.4087641719 33.4788461731 5.12797047839 3.12338835493 101.188631452 103.592103372 105.701389596 287.013404913 288.410256351 291.259000635 308.548441806 316.786863887 318.044837201 1.82316982419 1.90981269274 1.58738255359 949.948257002 1.08499374633 2609.88198268 2605.93544099 22.1137707143 19.7281606552 12.7300189966 3.13316177185 5.67933180848 9.6788723761 9.55715338922 5.89835274538 2.92620006526 5.66610069185 5.66650808147 10.2158652355 1.83465443306 4.64903744083 7.36676039585 8.02225288646
