data/baseflow/mHMbf_acc468.asc
ncols                  80
nrows                 72
xllcorner      4374000.0
yllcorner      5656000.0
cellsize            500
NODATA_value       -9999
[rows 25 to 49 of 72, columns 0 to 54 of 80]
-9999.0 -9999.0 -9999.0 -9999.0 -9999.0 -9999.0 -9999.0 -9999.0 -9999.0 -9999.0 -9999.0 -9999.0 34.8414021169 68.7868107083 31.6151577031 63.4691422783 28.6178023711 217.688622455 273.96466458 302.595212825 26.5933920918 51.9039215577 488.626458814 610.676406738 635.460323877 53.4987995363 56.6786853519 85.9932578063 25.4261060654 23.7896838586 45.3307479211 17.6599175545 766.937714723 783.589124287 803.559166487 6390.126298 12201.3586584 12073.6421197 38.7296099018 16.6150700545 15.096682777 53.8276703624 38.6441578152 77.029116075 101.396280525 202.05788757 18.4433608021 18.4431989602 169.780973864 188.609630419 371.825041014 387.037172056 426.860589091 445.312467203 17.4573309873
-9999.0 -9999.0 -9999.0 -9999.0 -9999.0 -9999.0 -9999.0 -9999.0 -9999.0 -9999.0 -9999.0 -9999.0 -9999.0 32.9818343206 65.7225284378 98.4960038787 158.06996523 31.4110685106 29.0005597271 188.18561201 214.848735354 437.803563173 464.361309407 74.7363246182 26.8057690441 25.9773627339 27.255881122 639.266519194 662.388731738 687.82170847 710.763948031 749.319126074 171.736810679 187.433616125 1011.34825365 19608.0390028 112.071138852 97.9102415632 54.0863425445 12.5155923989 12.4042628372 84.3293687502 95.7781932018 105.853282916 14.6680807264 218.919541791 35.7143553711 35.4901230594 13.7491030711 9.91363155351 8.5287219603 6.27007691889 8.74533728729 454.153478518 6488.19171012
-9999.0 -9999.0 -9999.0 -9999.0 -9999.0 -9999.0 -9999.0 -9999.0 -9999.0 -9999.0 -9999.0 -9999.0 -9999.0 -9999.0 32.0875039457 57.5623527971 79.4209987063 101.561168934 130.440065599 160.139188454 87.0092365181 143.964316618 26.4438928923 25.6310415293 514.117321376 565.142697173 589.179429454 615.584813154 23.9982878002 45.7986707786 110.48509993 136.478570569 156.525719696 17.9930185769 12.2756390333 19642.3808464 14.0194463268 25.1188011853 13.9569824907 47.3950635911 22.6748036088 12.4224182182 213.542706929 220.973814969 7.17160540883 226.33358136 274.631370744 50.5189735155 6868.42936698 6845.07325553 6825.72570163 6791.52487532 6780.1846374 6534.35500858 6527.27190113
-9999.0 -9999.0 -9999.0 -9999.0 -9999.0 -9999.0 -9999.0 -9999.0 -9999.0 -9999.0 -9999.0 -9999.0 -9999.0 -9999.0 5.39946170108 12.4840141158 22.3582363556 190.639300229 220.630935047 30.1912607901 29.4457672681 28.6329648207 408.075537101 463.041905061 26.799066729 27.3113263559 23.2368597734 94.1264069719 117.356797306 70.1809785655 89.1409672749 542.381366444 562.667098275 595.86934357 972.458248732 20620.8388749 13.437290439 11.1601732085 69.5040171352 58.6600083053 7.69380517485 28.5569223401 36.7783288616 230.328088543 238.022251631 531.230110057 278.962001351 57.6224542633 7046.11963928 80.9575065049 6808.82900762 6800.6098161 233.265091164 6.03734392058 33.3852543565
-9999.0 -9999.0 -9999.0 -9999.0 -9999.0 -9999.0 -9999.0 -9999.0 -9999.0 -9999.0 -9999.0 -9999.0 -9999.0 -9999.0 27.6136918223 45.1285551934 95.2803328681 164.200592298 240.161470184 295.761511321 324.582704902 353.804640404 382.082118152 27.1475780297 25.504836213 50.1314889564 47.2913881178 24.2295384876 466.401438678 489.081840684 510.538455388 530.96508785 323.013949777 347.276201699 364.954764738 20625.8615664 21.5647728648 31.9275932212 108.282139389 10.3843946687 14.3616533616 7.05348089024 7.61736123936 43.4829893564 6.14835508546 6.70131622175 7615.19336459 7079.173233 7072.55643433 29.8014539972 71.5242316007 48.3537357424 13.531089449 221.2582432 68.8097162246
-9999.0 -9999.0 -9999.0 -9999.0 -9999.0 -9999.0 -9999.0 -9999.0 -9999.0 -9999.0 -9999.0 -9999.0 -9999.0 -9999.0 19.2667750196 17.3429919679 33.694928843 52.0014291069 29.5234962421 32.9499558817 62.7337959415 92.2380436281 148.063696847 175.717628329 201.554013299 278.168546362 302.064799485 327.230174805 23.7937208995 235.236156816 257.176223022 280.170180677 22.6701021114 15.8472003113 26.0802944924 21015.4656199 21020.334221 21053.8622227 134.825146095 19.9481765122 28.1810696015 8.96176978366 13.5778563994 49.4679958799 61.1360210894 12.1607893006 7645.19334083 9.37913864784 16.3604333116 18.6268587591 12.9232622556 25.8053515248 10.7754726792 135.831368936 112.272268694
-9999.0 -9999.0 -9999.0 -9999.0 -9999.0 -9999.0 -9999.0 -9999.0 -9999.0 -9999.0 -9999.0 -9999.0 -9999.0 -9999.0 -9999.0 16.0140251514 31.755828527 16.5157339828 34.8268471158 215.505179818 241.099661202 270.149302672 27.920591423 27.8719187302 53.7580736941 79.6358729043 126.840660699 150.574090821 165.425900391 188.849704024 20.2316857916 20.6101576034 328.133829861 342.984548092 351.10712227 358.232704783 290.790568889 21374.3585487 21558.488981 21564.8307493 21598.6753654 21635.4305569 21654.4064699 5.93744910175 66.62256799 7650.65017039 16.1378347694 8.3482853971 7.13740465355 6.15640685007 11.1783295226 13.2495040827 7.85729450943 11.4520836015 12.1854256946
-9999.0 -9999.0 -9999.0 -9999.0 -9999.0 -9999.0 -9999.0 -9999.0 -9999.0 -9999.0 -9999.0 -9999.0 -9999.0 -9999.0 -9999.0 -9999.0 47.1251176342 64.5470409446 116.789998718 159.84384297 24.2537215599 325.302484363 352.950634992 380.207746781 26.9184362356 52.8566334059 23.7734349544 176.985799571 190.658501095 212.706548989 237.802502114 295.399930511 307.193698257 7.04256539145 264.005712976 277.946589794 284.114710111 315.245646659 43.9583852438 29.1929101333 19.9540114769 18.3974377406 21677.0452249 21687.2745865 21801.1289583 7656.05196304 41.5341542535 19.9625588346 12.8197099897 4.57649584573 39.1494961288 22.1057220219 7.06625211282 39.9566360772 34.0874768355
-9999.0 -9999.0 -9999.0 -9999.0 -9999.0 -9999.0 -9999.0 -9999.0 -9999.0 -9999.0 -9999.0 -9999.0 -9999.0 -9999.0 -9999.0 -9999.0 17.498705392 81.7665338837 100.480856071 25.6163790665 29.6869757426 59.5637702816 87.2203710056 494.784277208 26.5305313352 106.718135592 131.154407038 155.116383723 14.8539314931 35.3274779883 49.550718362 207.318723762 237.897086907 243.484084484 6.80612314493 7.41099163076 9.94790973405 18.0704079566 8.48513192434 9.14648299189 17.8837637559 13.1564609376 17.1009716094 41.6219076485 21811.5027247 29493.5787249 52.5359524462 9.62710830371 4.61851974015 128.824875818 118.805193175 72.6990946388 65.7684338217 49.9738431183 11.4841169522
-9999.0 -9999.0 -9999.0 -9999.0 -9999.0 -9999.0 -9999.0 -9999.0 -9999.0 -9999.0 -9999.0 -9999.0 -9999.0 -9999.0 -9999.0 13.755539005 47.0429741653 15.7306419759 29.8233612277 32.4431152879 62.7385802758 92.0722885884 116.421925971 628.832092466 654.471659752 26.4226033844 51.0249262242 75.7302404249 93.8160753587 114.791854963 187.195204465 200.290923441 22.9740666366 13.5424726747 12.0681108276 11.4279406344 16.5914979221 15.8789573104 15.8631107792 17.5999717706 56.3793674065 23.8707964127 8.12260902995 7.67554817974 9.68598957166 18.2929861279 29918.426803 366.296158226 148.341875087 8.16956303627 3.27600347009 3.61276659805 15.4275566992 11.5343680422 6.35818232585
-9999.0 -9999.0 -9999.0 -9999.0 -9999.0 -9999.0 -9999.0 -9999.0 -9999.0 -9999.0 -9999.0 -9999.0 -9999.0 -9999.0 14.7628565928 27.988405838 104.156391714 15.0582842214 53.8288289377 85.6544753796 115.872013686 30.7111612276 58.2603413514 80.133196609 751.356280888 25.1620687499 48.4702683833 71.9009094353 21.8666257472 43.7314732365 65.9129365177 79.5127909072 1608.71358709 1638.38916757 1668.80979468 1799.35747928 1841.09026249 1935.53537619 35.4537312819 74.131044554 74.9014255894 2248.3422255 2264.84107041 7.07985437108 14.2221580503 20.9360774368 29922.4372027 348.362377631 190.590496538 186.947090588 126.496460483 102.735448028 20.4050733397 4.41210176234 10.0207369342
-9999.0 -9999.0 -9999.0 -9999.0 -9999.0 -9999.0 -9999.0 -9999.0 -9999.0 -9999.0 -9999.0 -9999.0 -9999.0 -9999.0 14.9805394546 45.3337912584 164.228048823 240.800481054 13.0490120872 318.352285316 451.129958213 29.0666981102 56.2993898915 79.7367408257 978.250903326 996.611130681 23.1133872167 118.684272392 140.568873227 160.315388509 1413.78406195 1479.70853942 1511.18397636 15.1254314868 87.9351890188 106.794192692 45.3288062968 65.6845048998 2027.20235578 2130.59842273 2147.65652892 2163.83303618 2284.88991612 9.81527527719 8.87054733477 36.358933873 29927.9576502 5.94285837121 19.1936279608 57.3664034783 20.982313832 96.2724651235 63.2542740724 37.0987886656 28.0551146245
-9999.0 -9999.0 -9999.0 -9999.0 -9999.0 -9999.0 -9999.0 -9999.0 -9999.0 -9999.0 -9999.0 -9999.0 -9999.0 -9999.0 -9999.0 -9999.0 31.3863639137 63.0580174519 285.510818425 302.259059059 465.438954426 482.56004388 28.8614751522 57.6026470239 133.109721595 1012.30140967 1058.68324867 1079.2386085 16.7513594355 1160.14207687 1232.34939102 43.5148300587 14.5236168544 28.5518273837 55.6772487974 13.4713848507 27.4314180523 61.3614068421 77.3212278331 14.4820763474 10.1035763871 20.1969450086 2359.92047814 2388.05383303 2395.37522192 2450.68031466 29932.8507282 3.30344384566 14.6004499633 17.0632401793 16.7162706696 17.0606444997 15.1858102849 28.6180925395 2.93386715631
-9999.0 -9999.0 -9999.0 -9999.0 -9999.0 -9999.0 -9999.0 -9999.0 -9999.0 -9999.0 -9999.0 -9999.0 -9999.0 -9999.0 -9999.0 -9999.0 16.3818557235 15.9471029102 15.953977125 33.9285931842 14.8791828006 511.965064973 527.575720438 25.1902699925 51.8621528657 28.1778426867 24.9674567461 24.2830448182 1126.03129483 25.4041517989 52.1283902007 21.0523152797 15.5445862409 13.7068571825 10.912368875 11.385252253 35.2622320927 48.3211741515 9.57803606255 8.24426948893 18.0658438251 30.0804779373 39.7916242276 13.3356537595 2406.36531633 2458.31168792 29935.4934904 43.8881597669 37.7227489309 11.278728858 26.2507685615 9.70870224525 7.92603997163 37.1311327363 16.8010894831
-9999.0 -9999.0 -9999.0 -9999.0 -9999.0 -9999.0 -9999.0 -9999.0 -9999.0 -9999.0 -9999.0 -9999.0 -9999.0 -9999.0 -9999.0 -9999.0 -9999.0 -9999.0 15.7080478378 48.2065818608 60.8491106087 75.0675726471 541.589444401 555.816516293 570.807426973 590.714995892 614.348097969 663.05156865 686.071981926 710.818363497 729.14018901 13.2978240226 12.7072093527 13.4895532166 47.7101053664 12.6708011506 12.2934428076 9.63411728421 28.3888898324 10.9918496235 8.66847079407 8.04507763259 6.9574902713 13.8875429971 20.3579893808 2500.52838323 32483.328815 2.73886463489 7.4350308656 10.0502257599 36.3472876975 20.3015799227 15.9298042361 67.8091472473 28.1773492651
-9999.0 -9999.0 -9999.0 -9999.0 -9999.0 -9999.0 -9999.0 -9999.0 -9999.0 -9999.0 -9999.0 -9999.0 -9999.0 -9999.0 -9999.0 -9999.0 -9999.0 -9999.0 -9999.0 12.6126087268 102.516514086 205.614788004 221.0118779 23.9306846683 49.6058014235 76.2739180818 99.5493376698 252.62132065 267.513147633 14.1264747835 14.2950227953 760.784523342 788.362864794 800.004647418 57.0169508642 8.40978843874 21.5258462485 31.6865488349 94.880437134 115.89779564 132.631460146 15.3957929514 21.7575774146 7.45236773594 14.8848221457 7.70422168263 32496.2399476 2.91572349097 12.7071351795 14.5939857419 55.2339200351 89.6247271317 107.38680923 176.897960759 41.1737365441
-9999.0 -9999.0 -9999.0 -9999.0 -9999.0 -9999.0 -9999.0 -9999.0 -9999.0 -9999.0 -9999.0 -9999.0 -9999.0 -9999.0 -9999.0 -9999.0 -9999.0 -9999.0 14.4121516229 46.2509309404 90.1796811373 117.43487566 304.844144308 324.202508389 55.446832752 82.2306922293 105.562780922 129.870659642 287.540411834 318.1415194 583.744950046 605.434949789 621.955541771 812.067669625 900.047641662 20.6048335117 13.8340589076 13.2326586519 25.5895678263 11.6678412924 154.81833418 162.863596388 29.0688701881 37.9851715529 10.5277386845 6701.83481663 6719.09240306 39223.015005 39238.7031762 2.63250544711 60.8266056477 4.82671130496 5.16579590996 190.595406647 236.277254727
-9999.0 -9999.0 -9999.0 -9999.0 -9999.0 -9999.0 -9999.0 -9999.0 -9999.0 -9999.0 -9999.0 -9999.0 -9999.0 -9999.0 -9999.0 -9999.0 -9999.0 -9999.0 -9999.0 16.6348090814 16.1236888528 30.1261844514 71.0658991414 337.961964421 28.437149672 28.0176670139 51.6510714075 75.3786375289 197.696455185 221.18776273 16.5263202022 13.8083032334 639.409061144 652.114275208 1565.79240361 1579.02957441 7.79884954662 6.75643229825 5.84896234613 5.90787216849 6.60480680464 6545.61854681 6595.60036641 6642.03535641 6661.39169404 6693.24048687 8.92247542042 33.0807225723 41.7673914765 39292.174557 39293.1797082 39294.2924544 39300.7462348 39306.4852224 247.615765451
-9999.0 -9999.0 -9999.0 -9999.0 -9999.0 -9999.0 -9999.0 -9999.0 -9999.0 -9999.0 -9999.0 -9999.0 -9999.0 -9999.0 -9999.0 -9999.0 -9999.0 -9999.0 -9999.0 -9999.0 14.5088559317 15.334219695 28.1907046901 392.805937194 409.121332912 27.5625401325 51.0617179066 75.1657680463 99.2167499374 22.7042540318 40.0879161446 1099.39176157 1113.06255982 1127.71404452 1232.0797211 2824.37344632 6229.66247466 6247.90642392 6264.91436314 6281.21486506 6352.04116052 6374.84565634 42.8146350004 19.2382013915 11.3471508699 21.4755616276 16.4590443779 25.9864235145 8.27213521652 186.977166624 202.348704943 211.837537442 216.275765747 39308.9967644 39564.0875475
-9999.0 -9999.0 -9999.0 -9999.0 -9999.0 -9999.0 -9999.0 -9999.0 -9999.0 -9999.0 -9999.0 -9999.0 -9999.0 -9999.0 -9999.0 -9999.0 -9999.0 -9999.0 -9999.0 -9999.0 -9999.0 14.7675306747 28.1850376103 41.7220294494 420.711574045 19.0770363661 590.099338532 615.134102817 638.73662439 657.173716705 1024.30139886 1043.28476107 14.8806934722 74.6412775991 92.3138389 14.8453247302 3386.9537288 3359.90118454 8.94534595461 20.3850369204 56.0018115411 12.4625201557 13.1186148683 9.81967558834 8.49009718271 6.77658573005 7.85603235248 160.013247779 168.246989346 178.055894931 8.62560096728 5.17689855568 219.160296607 224.251320287 227.710666859
-9999.0 -9999.0 -9999.0 -9999.0 -9999.0 -9999.0 -9999.0 -9999.0 -9999.0 -9999.0 -9999.0 -9999.0 -9999.0 -9999.0 -9999.0 -9999.0 -9999.0 -9999.0 -9999.0 -9999.0 -9999.0 13.2404968179 12.3358517754 64.3687051311 513.56937918 547.267314424 566.755411589 26.3280012264 311.531893265 335.239719797 346.0159886 17.275881635 34.4094737776 48.7751151075 804.386759283 815.792813046 825.977844942 3341.10945673 1922.99384127 11.0626345433 12.0455587886 11.6684105131 9.46024849303 96.7955481938 115.926498163 132.89671144 142.390900585 151.545165547 1040.82543398 1047.84586518 1057.15004578 1077.49714919 1166.96194776 1171.20249671 1403.51792904
-9999.0 -9999.0 -9999.0 -9999.0 -9999.0 -9999.0 -9999.0 -9999.0 -9999.0 -9999.0 -9999.0 -9999.0 -9999.0 -9999.0 -9999.0 -9999.0 -9999.0 -9999.0 -9999.0 -9999.0 -9999.0 -9999.0 25.8319327519 39.7012439032 16.2473046783 28.4091103399 207.706869817 235.541197058 259.99507058 157.740445154 184.34726316 209.441323253 225.878520425 779.028245169 794.264601885 557.486707359 1396.11494911 1408.01929761 1913.54712752 24.0871457333 12.4192873267 8.85812094432 66.5835142432 78.3064060464 7.29668550517 6.80197921724 1009.94029257 1026.49712496 1034.44599621 9.06001276603 14.1088611525 1151.38892735 9.4966523617 34.8971274964 38.5674939232
-9999.0 -9999.0 -9999.0 -9999.0 -9999.0 -9999.0 -9999.0 -9999.0 -9999.0 -9999.0 -9999.0 -9999.0 -9999.0 -9999.0 -9999.0 -9999.0 -9999.0 -9999.0 -9999.0 -9999.0 -9999.0 -9999.0 12.9709680021 25.6480641118 113.633559934 130.997210342 153.731662229 105.112822985 130.423614933 28.2867401749 487.726284661 514.415088762 538.468930462 17.3820683629 528.961845148 544.650062733 12.481933245 1851.33838218 26.4832408856 13.2540919705 35.7442433592 48.1987869426 9.7604208912 7.95712495939 924.775147931 995.055251004 1004.5180636 10.1174697063 22.8293320122 28.8623107809 34.6502115417 66.7318579226 12.4971070398 28.7537161154 5.63180372612
-9999.0 -9999.0 -9999.0 -9999.0 -9999.0 -9999.0 -9999.0 -9999.0 -9999.0 -9999.0 -9999.0 -9999.0 -9999.0 -9999.0 -9999.0 -9999.0 -9999.0 -9999.0 -9999.0 -9999.0 -9999.0 -9999.0 12.7198179967 41.0239691461 74.3993442966 20.8444528522 48.8670656584 78.4528688975 376.050148088 405.234346912 433.140701186 26.4247310629 400.805420429 478.872172083 498.500812401 17.1020090935 1798.12313278 1827.25877949 13.9668357357 12.9237301238 25.9306413663 10.8459976189 870.774876837 890.517825678 902.284290648 45.0212264047 55.4091223826 9.10505342066 16.4000800212 7.35152355378 50.7146425731 7.54610634208 7.26578684317 8.00268716578 8.25043192238
-9999.0 -9999.0 -9999.0 -9999.0 -9999.0 -9999.0 -9999.0 -9999.0 -9999.0 -9999.0 -9999.0 -9999.0 -9999.0 -9999.0 -9999.0 -9999.0 -9999.0 -9999.0 -9999.0 -9999.0 -9999.0 -9999.0 -9999.0 14.8202520323 17.7463102592 24.9429835455 235.37002236 264.151949876 349.469797667 27.7548900224 291.189558515 350.06534556 27.3535360844 54.7771986643 21.713754074 1746.76335774 20.78206185 49.9656399387 61.3106413538 73.3806967433 795.915899442 839.189802963 851.742519361 12.64124039 23.8572471232 34.0410211404 6.51041150297 5.90526571484 1919.96984561 1925.91534371 1930.91894111 1979.75648357 1985.94077342 1994.707838 2000.96927261
