data/baseflow/mHMbf_acc402.asc
ncols                  80
nrows                 72
xllcorner      4374000.0
yllcorner      5656000.0
cellsize            500
NODATA_value       -9999
[rows 0 to 24 of 72, columns 0 to 54 of 80]
-9999.0 -9999.0 -9999.0 -9999.0 -9999.0 -9999.0 -9999.0 -9999.0 -9999.0 -9999.0 -9999.0 -9999.0 21.5842658309 22.2230352681 -9999.0 -9999.0 -9999.0 -9999.0 -9999.0 -9999.0 -9999.0 -9999.0 -9999.0 -9999.0 -9999.0 -9999.0 -9999.0 -9999.0 -9999.0 -9999.0 -9999.0 -9999.0 -9999.0 -9999.0 -9999.0 -9999.0 -9999.0 -9999.0 -9999.0 -9999.0 -9999.0 -9999.0 -9999.0 -9999.0 -9999.0 -9999.0 -9999.0 -9999.0 -9999.0 -9999.0 -9999.0 -9999.0 -9999.0 -9999.0 -9999.0
-9999.0 -9999.0 -9999.0 -9999.0 -9999.0 -9999.0 -9999.0 -9999.0 -9999.0 -9999.0 -9999.0 -9999.0 38.1995888192 98.7564544208 18.8074554193 -9999.0 16.2146935096 -9999.0 -9999.0 -9999.0 -9999.0 -9999.0 -9999.0 -9999.0 -9999.0 -9999.0 -9999.0 -9999.0 -9999.0 -9999.0 -9999.0 -9999.0 -9999.0 -9999.0 -9999.0 -9999.0 -9999.0 -9999.0 -9999.0 -9999.0 -9999.0 -9999.0 -9999.0 -9999.0 -9999.0 -9999.0 -9999.0 -9999.0 -9999.0 -9999.0 -9999.0 -9999.0 -9999.0 -9999.0 -9999.0
-9999.0 -9999.0 -9999.0 -9999.0 -9999.0 -9999.0 -9999.0 -9999.0 -9999.0 -9999.0 16.5324598245 16.0394830421 16.3899834521 15.8102212653 129.467599303 148.606581851 46.5181144765 15.0231578497 -9999.0 -9999.0 -9999.0 -9999.0 -9999.0 -9999.0 -9999.0 -9999.0 -9999.0 -9999.0 -9999.0 -9999.0 -9999.0 -9999.0 -9999.0 -9999.0 -9999.0 -9999.0 -9999.0 -9999.0 -9999.0 -9999.0 -9999.0 -9999.0 -9999.0 -9999.0 -9999.0 -9999.0 -9999.0 -9999.0 -9999.0 -9999.0 -9999.0 -9999.0 -9999.0 -9999.0 -9999.0
-9999.0 -9999.0 -9999.0 -9999.0 -9999.0 -9999.0 -9999.0 -9999.0 -9999.0 16.2618430338 32.5677906938 64.5327753785 31.7909782912 15.5347870903 30.7659404724 163.946828051 245.66630987 16.8442936548 -9999.0 16.0219138379 -9999.0 -9999.0 -9999.0 -9999.0 31.8746103579 16.128650147 -9999.0 -9999.0 -9999.0 -9999.0 -9999.0 -9999.0 -9999.0 -9999.0 -9999.0 -9999.0 -9999.0 -9999.0 -9999.0 -9999.0 -9999.0 -9999.0 -9999.0 -9999.0 -9999.0 -9999.0 -9999.0 -9999.0 -9999.0 -9999.0 -9999.0 -9999.0 -9999.0 -9999.0 -9999.0
-9999.0 -9999.0 -9999.0 -9999.0 -9999.0 -9999.0 -9999.0 -9999.0 17.3364110583 50.2556048881 66.0988072053 82.0442799546 111.726186247 15.1982923062 60.0144850409 75.0525306654 356.611156492 17.1894915004 15.0160398913 30.9133451027 45.4227319402 14.881660523 -9999.0 83.6480252147 68.1272169407 18.7894808527 -9999.0 -9999.0 -9999.0 -9999.0 -9999.0 -9999.0 -9999.0 -9999.0 -9999.0 -9999.0 -9999.0 -9999.0 -9999.0 -9999.0 -9999.0 -9999.0 -9999.0 -9999.0 -9999.0 -9999.0 -9999.0 -9999.0 -9999.0 -9999.0 -9999.0 -9999.0 -9999.0 -9999.0 -9999.0
-9999.0 -9999.0 -9999.0 -9999.0 -9999.0 -9999.0 17.9390491192 16.8678944535 16.1614094327 16.2673152675 16.3635320646 114.803495314 242.274922325 257.954988909 269.439332989 9.69407695074 382.686391419 397.41277579 29.7067450159 14.6030679436 59.7137099689 103.865050362 16.8933857962 134.487829596 15.3190911878 16.8698781881 15.7548961803 -9999.0 -9999.0 -9999.0 -9999.0 -9999.0 -9999.0 -9999.0 -9999.0 -9999.0 -9999.0 -9999.0 -9999.0 -9999.0 -9999.0 -9999.0 -9999.0 -9999.0 -9999.0 -9999.0 -9999.0 -9999.0 -9999.0 -9999.0 -9999.0 -9999.0 -9999.0 -9999.0 -9999.0
-9999.0 -9999.0 -9999.0 -9999.0 -9999.0 -9999.0 35.3778292033 52.220765984 118.764712959 166.898718376 15.4711650773 15.7132472151 15.2189706013 45.0225294532 328.650876735 12.2918091637 411.847617438 467.432767999 43.7008482005 28.6530038248 117.954163373 14.717191378 148.962699197 29.8834193495 15.0716392442 31.6517910608 31.0849742649 15.1847201088 15.2479750356 15.1289462914 15.3951149396 30.9413061885 -9999.0 -9999.0 -9999.0 -9999.0 -9999.0 -9999.0 -9999.0 -9999.0 -9999.0 -9999.0 -9999.0 -9999.0 -9999.0 -9999.0 -9999.0 -9999.0 -9999.0 -9999.0 -9999.0 -9999.0 -9999.0 -9999.0 -9999.0
-9999.0 -9999.0 -9999.0 -9999.0 -9999.0 18.0648343794 35.5179249329 17.1627530021 33.8035606895 183.644533409 215.374014819 246.871585337 766.673805553 14.8216457962 343.697027554 1220.51868888 1231.11815104 1716.55354213 11.4892883349 42.7777197384 132.139568746 14.1312311751 315.138847938 151.97284234 93.1547411411 78.0882249089 15.2572635131 45.319237818 44.8706703874 29.9999419601 14.7436956885 46.0336209947 14.7293407814 14.6902057519 -9999.0 -9999.0 -9999.0 -9999.0 -9999.0 -9999.0 -9999.0 -9999.0 -9999.0 -9999.0 -9999.0 -9999.0 -9999.0 -9999.0 -9999.0 -9999.0 -9999.0 -9999.0 -9999.0 -9999.0 -9999.0
-9999.0 -9999.0 -9999.0 -9999.0 -9999.0 18.0487893465 52.9864141112 105.794361961 122.486044583 243.125086942 259.256211085 308.815513208 504.8140088 807.99097248 837.154348978 850.724228478 26.7689357749 1763.70332722 1787.61492887 1857.77934533 2362.31877293 358.124537711 329.808457823 107.803264566 14.3737651166 89.4640364851 60.1833128974 14.6036553064 59.1308541112 13.7509506054 28.0252157194 74.803999377 89.2257705721 29.0998026784 14.3780050892 14.3985073843 -9999.0 -9999.0 -9999.0 -9999.0 16.6951133533 14.5218751377 -9999.0 -9999.0 -9999.0 -9999.0 -9999.0 -9999.0 -9999.0 -9999.0 -9999.0 -9999.0 -9999.0 -9999.0 -9999.0
-9999.0 -9999.0 -9999.0 -9999.0 -9999.0 17.7572883489 17.2891833089 70.2700792771 87.0293470783 104.165953318 16.7077991262 33.2684521845 184.734343234 33.2648363543 15.882040179 15.3308874175 14.4097441708 15.4122779502 15.0197683652 15.0410160431 2376.9057064 2419.66352976 14.1220360285 42.7020193383 28.6639075246 103.87829801 29.2774350047 14.3859447718 73.6606814526 27.0724763398 64.4214815439 159.011593832 146.890843093 43.4291377912 43.1300443199 14.407360704 14.4198823906 -9999.0 -9999.0 14.4416713586 35.0605010999 79.8408199916 15.2299363343 -9999.0 -9999.0 -9999.0 -9999.0 -9999.0 -9999.0 -9999.0 -9999.0 -9999.0 -9999.0 -9999.0 -9999.0
-9999.0 -9999.0 -9999.0 -9999.0 -9999.0 -9999.0 18.050359739 17.9085491808 35.2273363084 52.4499612624 118.49742702 152.25373868 169.03100468 17.6186104015 15.195538271 193.683810289 239.420799686 254.446443896 315.127543428 329.84190783 14.5818078186 2434.20870619 2501.58421161 53.0475562785 5.50339382739 115.655126362 261.560381947 102.502795459 27.8788871879 13.8598480575 250.481970825 172.960116548 13.8973804854 14.0210250387 57.298674038 42.8816494542 14.2300014458 14.4851195511 14.2319538649 28.4806827599 14.03548932 97.4361542895 111.491205345 13.8651164241 -9999.0 -9999.0 -9999.0 -9999.0 14.9045111351 14.5121337575 3.86465894552 -9999.0 -9999.0 -9999.0 -9999.0
-9999.0 -9999.0 -9999.0 -9999.0 -9999.0 -9999.0 -9999.0 18.079551717 15.1698928476 32.3750749594 49.4904523369 17.0466850434 16.2806326897 98.9778570999 131.144591944 163.410709277 15.4370709673 30.8081490883 15.1658915724 344.507495669 783.000791545 799.946903174 3333.39560611 14.0235801551 18.0751956328 5.71419025397 275.85317205 14.0267417274 41.9235775842 13.8134055654 264.26782919 277.944802169 27.785834956 27.696462477 142.768314021 71.3420879416 28.9625523319 14.4944027514 28.5276740747 42.5973399724 70.3514766655 13.9860099562 139.722206755 153.930471545 13.726187137 14.2606595317 14.2933423271 13.8703848034 13.4988098694 43.0551833774 16.6249941429 11.0588433941 -9999.0 -9999.0 -9999.0
-9999.0 -9999.0 -9999.0 -9999.0 -9999.0 -9999.0 -9999.0 -9999.0 33.7950238621 48.2846535378 16.8336185394 33.8340679577 50.2295114528 83.3809267304 16.8983200139 16.4538628975 15.1483797119 15.3678927162 14.9030766966 408.877904783 15.3276160593 30.3982885851 3384.07490284 3428.40839258 21.6388993362 60.1503470406 350.872438431 27.7443807229 55.2791541261 26.9843404914 40.2601790335 332.505578321 41.2074968431 211.096815681 169.959679319 13.6132859358 71.2239793809 28.4799400773 42.4243614532 14.0164746979 84.7393345208 113.064231817 126.74485045 140.159220682 207.988746804 27.1948082816 27.5243337948 26.7929600098 26.0464442971 55.9015469379 12.4544011573 40.3358495155 52.0115900998 -9999.0 -9999.0
-9999.0 -9999.0 -9999.0 -9999.0 -9999.0 -9999.0 -9999.0 -9999.0 17.5680315271 83.0622440825 99.6837844707 16.6876906212 33.0960607848 16.4257122977 15.9422434115 15.6917660767 192.326826345 257.21718792 323.788662859 391.068464542 17.8073870785 15.1923027406 18.5386815629 3512.24593163 3564.02443701 3587.74593967 484.164198435 112.300206459 97.0469070507 13.505025734 53.3812466201 399.195756526 13.2780567697 224.510350634 13.5189925951 91.5573194724 85.3343162354 13.8741365581 56.2053339226 27.7718107794 41.3971724556 14.2951759775 13.1418034874 153.511611872 166.477507946 220.926579747 40.7213227269 39.7830209054 38.8547531041 68.678690553 93.60732714 12.4013823347 63.7965788788 11.9962524162 23.3853265006
-9999.0 -9999.0 -9999.0 -9999.0 -9999.0 -9999.0 -9999.0 -9999.0 -9999.0 17.5097470667 116.561692964 133.224499948 49.6984651943 82.6261475808 114.549466762 130.531677373 16.005485945 49.6446167725 32.508063492 15.9616139799 16.0963437185 15.3311159257 31.4952067166 56.3350234048 25.5837010311 4120.54752387 4142.71022795 21.0261988061 14.8235100748 26.731828687 39.8933219522 438.653597489 26.311477522 237.31846092 143.404618305 116.998417019 13.6953894121 27.4251262858 69.5793886892 13.3005979389 54.5402257748 27.570483958 21.7082935424 6.99123612233 193.870068393 427.307700746 52.7067739642 51.8514753763 50.7347042603 11.6644454187 105.152060762 11.4063957104 87.3318784512 11.4097435976 34.8042304818
-9999.0 -9999.0 -9999.0 -9999.0 -9999.0 -9999.0 -9999.0 -9999.0 -9999.0 -9999.0 16.4260661502 166.36364479 16.6087246362 33.1770503715 48.9572313725 81.0514119617 16.4848884689 33.7582147081 16.632076232 16.3976135999 15.7060443484 31.3516461296 15.0574392923 17.9157925991 40.5315366528 23.6568588373 4165.81007608 4209.65072886 4268.76818366 55.6610787761 13.086743947 26.0849703614 451.853220727 446.574880672 170.422111766 13.4127198726 54.4963942397 40.9478487318 82.9848242252 26.6679744479 108.524152702 40.743944629 33.471865612 3.14353173388 7.4978675395 440.071390977 453.111890237 570.045821501 86.6469854153 23.8351394529 117.299598272 140.537820898 239.002106073 22.7054311676 10.8405121945
-9999.0 -9999.0 -9999.0 -9999.0 -9999.0 -9999.0 -9999.0 -9999.0 -9999.0 -9999.0 -9999.0 8.30879866726 184.402477444 16.3367424415 32.0899496938 145.734704477 16.9453340365 16.979430627 15.8768811799 32.3263368246 15.4899670894 62.4276611245 92.914471413 107.840590297 56.2337948867 75.5060967865 21.7817567456 23.124585443 22.7967763712 4361.85616955 4405.5094604 464.819339044 471.74187013 459.233660477 26.0114045983 12.8395972147 67.5307309192 176.739865951 96.2017344816 39.8615016163 161.413513287 57.9748634035 45.2498910543 6.08598276654 3.03072554895 3.53205493108 5.4335231881 595.133519442 718.119697147 11.7097035413 11.1969119497 11.4777886296 250.018027327 283.173883057 20.1280082504
-9999.0 -9999.0 -9999.0 -9999.0 -9999.0 -9999.0 -9999.0 -9999.0 -9999.0 -9999.0 -9999.0 8.20770138463 204.667775798 253.934838395 15.7699451265 177.63095287 16.1646915658 15.8700524843 31.0235782868 78.5967694494 15.2081037198 15.5490654438 14.9699684478 138.118155328 152.693801864 243.281396069 279.395977849 295.6662362 316.193992406 336.252903994 4763.45012814 5260.50474045 5765.58850997 5784.10144263 15.3313009895 13.0719983515 202.829293227 189.884995786 13.0138767809 12.9373074318 173.741436812 244.715280567 10.9565989774 88.0067177608 81.195728801 13.6632134974 8.9244577788 14.2249815145 12.3535897571 742.85920754 12.1925530845 33.7877606148 44.8808908031 352.051251939 374.59576824
-9999.0 -9999.0 -9999.0 -9999.0 -9999.0 -9999.0 -9999.0 -9999.0 -9999.0 -9999.0 -9999.0 17.1388096038 33.3550039606 270.009613869 301.181003955 15.846747006 213.491784892 15.0472844877 45.5195949486 93.4989003917 30.1266845086 14.9008802766 30.4270604608 14.6765095283 28.3696062113 13.6674740429 11.9581611319 8.18942505661 6.48597985869 6.10768991959 6.54069152269 10.706219852 15.3761336606 20.7495079328 5840.00999321 270.872641724 239.460388537 17.4804130363 38.7136285539 10.1070322475 8.04268521835 257.291617498 382.219290004 101.21506188 75.2378097566 6.82505632611 3.35382626407 3.20164791487 13.8311942192 769.484880272 794.450835354 12.662569748 12.5613786186 8.16407163495 2.64613163835
-9999.0 -9999.0 -9999.0 -9999.0 -9999.0 -9999.0 -9999.0 -9999.0 -9999.0 -9999.0 -9999.0 -9999.0 16.1860518594 204.336657777 521.252058513 568.486143718 798.852339977 818.410187708 218.222749436 153.705900922 45.2452887263 14.8220179512 59.8628275627 74.5099656777 116.647288683 27.6588508029 25.4858770906 21.842428546 41.6942582431 19.3445298756 18.8928804674 8.51955886583 3.13965242835 5.89184079411 5857.46160021 6138.74487492 6158.96013248 18.6832741861 118.28580312 43.7934956955 13.0186315142 421.648069361 27.0068300609 13.7125012409 51.9837801821 9.39378908075 10.276440574 20.6469626401 32.0368890133 44.4030451504 817.961592104 11.5483880969 10.8398488251 10.8350416202 7.649135997
-9999.0 -9999.0 -9999.0 -9999.0 -9999.0 -9999.0 -9999.0 -9999.0 -9999.0 -9999.0 -9999.0 16.9512637654 155.104929086 188.41829358 31.8242171753 9.45271481325 22.6271772363 856.494326065 874.463399616 1111.51993113 14.2447748132 28.9917533019 13.7079824348 13.8755036582 130.472207915 171.942622046 210.692225098 13.172001437 54.8408050952 87.1450403227 52.6377643327 21.1978066906 12.6292044129 10.2605202548 12.9655327548 9.36354395274 6177.11640336 6194.94360279 6345.60191088 24.6737363774 12.3471548381 436.634524987 28.0108580346 14.2411490936 14.4213017026 14.2972475262 13.9149667246 24.2492261852 76.7207029743 133.998402534 963.396382303 10.2122440135 30.3607933235 20.2919198953 16.483106039
-9999.0 -9999.0 -9999.0 -9999.0 -9999.0 -9999.0 -9999.0 -9999.0 -9999.0 -9999.0 -9999.0 17.2425425801 105.203840443 16.8725267526 15.8461420192 77.7944199559 92.6739410275 108.024681134 122.975310441 1490.74167287 1503.09600206 1530.04686696 1720.32113086 1758.79496991 1779.83746262 1794.05330129 2026.57087591 2055.27864584 2068.45533082 2168.18548498 2234.42121876 2247.21054944 2279.70820535 22.4880723073 18.9060809415 3.66373264544 6.67794508619 6210.39075913 6402.10860363 39.3345303906 519.076402354 506.213923042 54.8128635539 13.5267599775 13.6005771013 13.431918861 13.2454990675 26.6442291205 39.6009427135 13.286471878 974.75506069 986.320336391 1047.61374152 1058.07941397 1084.50591737
-9999.0 -9999.0 -9999.0 -9999.0 -9999.0 -9999.0 -9999.0 -9999.0 -9999.0 -9999.0 -9999.0 53.2922337932 70.5838926421 33.475668107 49.7854203967 16.1692466162 184.193910733 199.980050048 231.30776025 241.272796822 102.959909308 1651.92640032 1663.61850059 10.5144212432 7.01588464009 4.6506858315 12.3278394413 5.50224513017 3.36469543537 3.14894984928 4.68084171641 2254.81972092 2288.81839155 2324.6893548 2355.98084328 2380.70774643 10.6089856551 6.20250720742 6965.31409557 546.580264526 532.339660665 12.6443362271 12.6357222913 12.2491688921 26.0349627413 25.9563545881 12.265428525 12.2829915685 11.6956401948 24.8475883457 35.8636712008 9.74297089907 18.1504052545 6.73706141606 1.88873487878
-9999.0 -9999.0 -9999.0 -9999.0 -9999.0 -9999.0 -9999.0 -9999.0 -9999.0 -9999.0 -9999.0 -9999.0 35.8962475004 17.020874959 16.4632972196 152.813356155 168.95704909 16.0653592812 64.5398109297 78.9505533989 90.7709906608 13.110146846 12.5332925962 253.042902391 264.076074101 273.758923645 742.208655651 747.899253317 754.652333865 811.076370357 831.860089126 834.94614039 2.77537099493 2.86090548166 4.32830751718 2405.01823224 9.83813544491 7090.1305627 7070.24625094 91.7030793235 77.5934941174 49.703681849 12.4687427878 24.4802985951 38.4862753156 38.4038997444 24.272291442 11.9682738907 23.5842338448 23.1792260151 46.6359183206 7.13806420324 25.269035967 41.8547598154 45.7264489597
-9999.0 -9999.0 -9999.0 -9999.0 -9999.0 -9999.0 -9999.0 -9999.0 -9999.0 -9999.0 -9999.0 -9999.0 18.256241948 52.0800425736 68.6514979185 120.274240056 16.5328927357 33.0678873256 49.1857158495 181.944888597 193.204722854 198.124963968 211.175879289 227.526644219 392.960336053 439.991889187 460.652094498 5.3351081052 49.2356624851 53.2000808145 821.099876452 838.535194341 844.812521288 851.077944377 859.06333035 3276.57358179 14.3604029119 7130.79553422 12.1082239016 3.95228127841 65.3639155702 59.1155432836 7.67197149938 35.4653678606 49.8086771704 49.7465883228 35.1545156987 58.0047059495 92.018164788 33.8679204377 90.7268026874 7.22661250206 9.29691979269 1.89770005424 1.66275608095
