data/baseflow/mHMbf_acc524.asc
ncols                  80
nrows                 72
xllcorner      4374000.0
yllcorner      5656000.0
cellsize            500
NODATA_value       -9999
[rows 24 to 47 of 72, columns 0 to 54 of 80]
-9999.0 -9999.0 -9999.0 -9999.0 -9999.0 -9999.0 -9999.0 -9999.0 -9999.0 -9999.0 -9999.0 -9999.0 18.5117486722 48.9656167018 62.9527807075 104.685170791 11.3005044821 23.1338847407 33.4884555186 133.310584037 140.909958614 146.778393502 153.054041946 160.65227939 244.872128358 266.328854167 276.771729787 3.7206357621 25.6484451146 29.2217759051 502.845148853 514.051978141 520.33103864 527.063988595 531.080167423 2115.90092191 3.3745327488 4278.69315315 3.13368853144 1.40353592171 27.4715531223 24.4346679333 3.12390479143 13.1282373487 20.6630464279 20.2497318297 13.5687921057 22.1763441785 34.9086795864 12.6539189379 31.2433551017 2.34937445628 3.69108092725 0.422577058523 0.292992533222
-9999.0 -9999.0 -9999.0 -9999.0 -9999.0 -9999.0 -9999.0 -9999.0 -9999.0 -9999.0 -9999.0 -9999.0 16.8397938058 32.9893632845 13.9299520112 28.0449157895 11.1790192154 92.1428645925 112.902396601 123.685125988 9.27738873552 17.2932278572 192.394745596 232.322371459 238.953585694 14.4576468164 14.4103280562 20.2319885177 2.7847399816 2.33058562737 4.21638104657 1.8185279691 315.050026631 317.32510307 318.72429315 2119.66896179 4297.814842 4279.6633484 1.97442274077 1.15318424005 1.04053891695 5.62803939289 4.78022997868 15.6552605882 23.8815088315 48.1901869473 4.07628054805 4.03138577194 38.0645885912 41.3723885987 78.284049312 79.6936151059 83.8206865617 84.5787792287 0.666675200886
-9999.0 -9999.0 -9999.0 -9999.0 -9999.0 -9999.0 -9999.0 -9999.0 -9999.0 -9999.0 -9999.0 -9999.0 -9999.0 14.4287000108 28.9302897344 43.7779588414 67.9892093056 13.0769770663 10.9599356373 87.0447177674 96.3748996369 177.223076921 186.65169352 25.7820164181 8.24909550867 7.02402830324 6.32197328424 300.949151056 304.122472347 307.071873279 309.243046555 313.052857295 33.1014497052 34.9456959213 356.137227426 6775.33316488 12.1443098797 8.22337632405 3.36185637702 1.00132280037 0.796624094991 7.57281887978 8.10166616851 17.2125704245 0.826249253202 49.4478812614 6.27392039888 6.10578662042 0.82013410699 0.443843389461 0.350095326732 0.461557306581 0.351304156674 84.9357681558 1084.83055921
-9999.0 -9999.0 -9999.0 -9999.0 -9999.0 -9999.0 -9999.0 -9999.0 -9999.0 -9999.0 -9999.0 -9999.0 -9999.0 -9999.0 13.8560842211 28.3509743313 41.2112006307 54.1676858579 65.2109884552 76.7874699092 32.4276013913 53.7157239988 9.14998207323 8.64021189267 264.612979754 281.070871748 288.365646766 296.053559817 4.61810095188 7.77590522037 22.2189666205 26.8808390877 30.2783924648 2.47923268173 1.99786493839 6783.82031101 3.68393640199 3.73914950354 2.2607947835 5.38454128796 2.27707887665 1.525307463 26.300735323 27.4316683534 0.570639423052 50.1867210984 57.13877766 7.37446765403 1108.12283505 1106.95625578 1106.15372569 1104.53299332 1103.73708706 1089.67781263 1088.60027261
-9999.0 -9999.0 -9999.0 -9999.0 -9999.0 -9999.0 -9999.0 -9999.0 -9999.0 -9999.0 -9999.0 -9999.0 -9999.0 -9999.0 4.35594791408 9.41179759294 13.3436098685 136.732218805 148.111990181 11.7300337392 10.9656418302 10.6862001062 228.571723117 248.182472136 9.18224255222 9.33083802794 6.7450990394 28.2429286723 34.960374781 14.5589735349 18.5773742613 174.194853454 178.367614207 186.2033238 286.487829002 7072.55407843 4.14506511214 1.59666383002 8.99230918585 7.25077046408 0.955349354243 3.55759938561 4.57528626459 28.532974002 29.4228366178 88.0588958135 57.4276561307 8.04881238659 1127.8701292 7.1239266984 1105.48003319 1105.05332666 13.3347847858 0.646168250108 2.11746857404
-9999.0 -9999.0 -9999.0 -9999.0 -9999.0 -9999.0 -9999.0 -9999.0 -9999.0 -9999.0 -9999.0 -9999.0 -9999.0 -9999.0 21.0278690134 34.8215873888 69.9497317528 123.704549463 160.832366615 187.699175409 198.449989254 209.54131911 219.814029844 9.44306033872 8.12945609223 15.7174361484 14.1487742556 7.41756510122 153.824804985 160.2694954 166.016448252 171.38305434 88.8931544335 91.8675068801 97.3550058516 7074.53745925 7.4124332677 6.96039001767 17.546764683 1.81467595035 2.50280334745 1.45436599817 0.922416116951 5.69519080235 0.662371791624 0.702719385088 1220.05955691 1131.59129807 1130.94513107 3.4427378039 6.41377838709 3.83350022478 0.616406378161 11.5382676933 2.50886272849
-9999.0 -9999.0 -9999.0 -9999.0 -9999.0 -9999.0 -9999.0 -9999.0 -9999.0 -9999.0 -9999.0 -9999.0 -9999.0 -9999.0 14.7087783365 14.0580182569 27.766978256 41.4210107551 14.096212043 13.812600854 25.1278293643 36.0776979436 55.5801592229 65.2795446345 73.469564859 97.8136399007 104.99798691 112.888138248 6.75030524533 71.9983802549 77.1592788733 81.7377914213 3.56669970377 2.29506544056 4.05349362492 7179.79472955 7181.65358403 7193.39409963 23.0336045628 3.93368694961 4.73766823057 1.10364441929 1.61569248895 6.47843319414 7.73248969462 1.24119295336 1223.34678397 1.21920230404 1.84193719769 2.04183150342 1.56385944979 2.61203536576 1.01011129484 8.62329049915 6.30790142763
-9999.0 -9999.0 -9999.0 -9999.0 -9999.0 -9999.0 -9999.0 -9999.0 -9999.0 -9999.0 -9999.0 -9999.0 -9999.0 -9999.0 -9999.0 13.4683576693 26.2408759382 12.3315495649 26.1521565415 156.174582102 166.825338488 177.197624981 9.79636174108 9.80955232419 17.9286324406 26.2790084469 40.0226308347 47.2460983823 52.4124272825 58.9010114365 4.72747415986 4.03123600673 91.6278330751 94.7557850549 96.7962435286 99.1062083282 81.0092229247 7283.26699494 7319.03663814 7320.20210285 7325.81243193 7331.49761456 7333.24733256 0.556852280772 8.30075649908 1223.75949757 1.15959160399 0.599035722016 0.931164425091 1.00821645987 1.64358696618 1.25828415445 0.762949868611 1.40051676614 1.10891454702
-9999.0 -9999.0 -9999.0 -9999.0 -9999.0 -9999.0 -9999.0 -9999.0 -9999.0 -9999.0 -9999.0 -9999.0 -9999.0 -9999.0 -9999.0 -9999.0 38.851679594 51.2464429431 89.5067078343 116.711359368 13.8123501038 203.290115978 212.811690772 221.67100099 8.54046420884 16.6112354699 6.80442576974 54.4363590694 58.506342768 65.2559063168 72.3285090827 85.4336833723 88.9894167935 2.01647834461 71.5811432922 76.3268220969 78.8343937071 87.9422703792 11.0220287255 6.5847109622 3.52505257213 2.93888689593 7336.15893426 7336.77349431 7350.03514323 1224.1239243 3.67854945137 2.10939013865 1.46073643064 0.400445224847 4.36027907761 2.18046800353 0.650201375871 3.7209454878 3.20287362919
-9999.0 -9999.0 -9999.0 -9999.0 -9999.0 -9999.0 -9999.0 -9999.0 -9999.0 -9999.0 -9999.0 -9999.0 -9999.0 -9999.0 -9999.0 -9999.0 13.1159029489 64.2229729742 77.7180667639 14.2495419199 11.006750874 22.3917512932 32.1312498311 263.082342352 8.41694435907 33.9672911068 41.1899153922 48.2446858165 4.88220568528 10.7994600701 13.4605031475 56.2022130686 62.4511410611 64.7959882736 2.49928797299 2.20229205139 2.4075338852 4.32447317854 1.92460575774 2.0089982877 2.35506456735 1.81638818942 2.02399486513 4.86918824799 7350.59997209 8576.42804276 5.00574650275 1.88465145163 0.505798141912 13.3557178652 12.4534465111 7.34587470254 6.55941469641 4.80163543104 1.33027363674
-9999.0 -9999.0 -9999.0 -9999.0 -9999.0 -9999.0 -9999.0 -9999.0 -9999.0 -9999.0 -9999.0 -9999.0 -9999.0 -9999.0 -9999.0 11.4777852156 36.1261885227 11.6308099503 13.7957186773 12.9088984662 24.2891976756 35.249417756 45.2347650094 318.55329341 326.391390384 8.16660793111 15.2939011732 22.5521156253 27.4700101493 32.3915358795 49.145828247 53.8131217844 3.27635011447 2.3163101213 1.83139502524 1.02322866372 2.30072709487 2.49890313054 3.19478795409 3.71020327412 8.38239274971 3.24160192915 1.14417439392 1.10958642306 0.825682858167 1.47841867973 8630.13444381 48.2791836981 17.5076093003 2.28786573231 1.10774559218 0.60640123599 1.83693113767 1.15770900056 0.546326766954
-9999.0 -9999.0 -9999.0 -9999.0 -9999.0 -9999.0 -9999.0 -9999.0 -9999.0 -9999.0 -9999.0 -9999.0 -9999.0 -9999.0 12.106172503 23.3478663313 82.0642450932 10.8336255096 26.601360171 38.8598171479 49.6892881508 11.5510266764 20.8533324868 31.483965401 367.071158867 7.52015551783 13.9684696515 20.681766046 5.84664964573 11.4486893946 14.3662259333 18.1925895216 580.490405206 585.143116594 590.675937698 610.819307057 615.554980878 627.603930092 6.26360624132 13.4167768621 11.0741912829 669.2445885 671.070932941 0.978054661858 1.48007174491 1.96466895932 8630.33705492 45.261598276 24.5374607604 23.0281640365 16.5157202452 13.2554867205 2.4264504245 0.648136109857 1.029166049
-9999.0 -9999.0 -9999.0 -9999.0 -9999.0 -9999.0 -9999.0 -9999.0 -9999.0 -9999.0 -9999.0 -9999.0 -9999.0 -9999.0 12.3856803013 37.5766976435 131.992286616 195.422079761 9.41539669792 252.744729478 313.001044656 10.2970829038 19.3280923289 29.5335027776 450.755441238 458.605265477 5.1637536782 31.1535234305 35.7074587465 39.9277865222 547.943938107 555.59636263 560.338577254 2.38731503419 13.719359837 16.7021173838 5.59901185115 7.84406115551 638.090811607 654.586106788 656.121955626 657.510434526 672.388280189 0.652878092166 0.568957804202 3.01168309661 8630.76717373 1.68136665437 1.75475407531 5.31532304551 2.20361443038 11.6482748763 9.43584973717 5.73815800324 3.86689646547
-9999.0 -9999.0 -9999.0 -9999.0 -9999.0 -9999.0 -9999.0 -9999.0 -9999.0 -9999.0 -9999.0 -9999.0 -9999.0 -9999.0 -9999.0 -9999.0 26.2541368741 52.576396571 230.350116747 242.827026485 323.75248857 334.577980145 9.96958410156 19.9465023401 45.4805076845 466.848862418 478.670844321 482.784967871 3.10064754977 497.018931971 504.926106602 4.93559052671 2.35466413548 4.27020735064 8.27663310016 2.02571466866 3.8327691682 7.59291040181 9.34583944765 1.87940081033 1.08831138483 2.0634759802 681.424942931 685.172468414 685.60289506 690.155910027 8631.00963411 1.19482279831 0.998916293729 1.31902935204 1.25724846249 1.31231888688 1.04836983787 1.89638386764 0.661947370681
-9999.0 -9999.0 -9999.0 -9999.0 -9999.0 -9999.0 -9999.0 -9999.0 -9999.0 -9999.0 -9999.0 -9999.0 -9999.0 -9999.0 -9999.0 -9999.0 13.6950861766 13.289246018 12.7636720827 24.3137416921 10.3392672435 355.307985906 364.922078777 9.06262597602 17.4258791736 7.64583947723 5.59490907202 5.29897514159 491.155123411 2.52225823941 5.38310949655 2.70148690723 2.33100430382 1.9943371155 1.37993176763 1.46712062552 4.563179874 6.36786398306 1.11345445184 0.930524006426 2.10957651889 3.72230673585 5.1371671173 2.10692729523 686.578278858 690.621859855 8631.03238036 4.58359730403 2.06967246718 0.638881689016 1.74184424606 0.499562145082 0.367013657577 2.30593931527 3.17747975889
-9999.0 -9999.0 -9999.0 -9999.0 -9999.0 -9999.0 -9999.0 -9999.0 -9999.0 -9999.0 -9999.0 -9999.0 -9999.0 -9999.0 -9999.0 -9999.0 -9999.0 -9999.0 13.1079172312 35.9267251999 45.6123651756 55.7351613882 374.851186992 384.963996013 394.265085127 403.15539068 408.198405369 418.885892747 421.221864745 423.494766813 425.190323044 1.88904562253 1.71139988659 1.87366327451 6.32467166075 1.73881433896 1.6228090382 1.13315976873 3.28980021078 1.39113847717 0.992074105135 0.895143594872 0.736306028026 1.46846642489 2.13544083764 694.959384857 9330.5455199 1.23549060376 2.03319179848 0.46410854955 2.28641864488 1.11416497127 0.73782291632 8.06367562136 5.34487203459
-9999.0 -9999.0 -9999.0 -9999.0 -9999.0 -9999.0 -9999.0 -9999.0 -9999.0 -9999.0 -9999.0 -9999.0 -9999.0 -9999.0 -9999.0 -9999.0 -9999.0 -9999.0 -9999.0 10.3332098058 85.3622920947 163.943826619 173.96152555 12.4116711234 21.4410734647 29.7328063792 35.4859706137 77.9039317334 79.8565584047 1.89625442495 1.82862115112 430.121308495 433.649612379 435.093988589 7.32444001898 0.841925200258 2.44024101188 3.52056304745 10.7496530841 13.2825896115 15.1432233362 1.654856081 2.28267428812 0.786767301505 1.59028140146 0.842809182587 9331.36581246 0.890454065555 3.93069087051 1.19997452041 3.78704847418 11.2068988675 12.4473918865 21.0984490228 4.66591355515
-9999.0 -9999.0 -9999.0 -9999.0 -9999.0 -9999.0 -9999.0 -9999.0 -9999.0 -9999.0 -9999.0 -9999.0 -9999.0 -9999.0 -9999.0 -9999.0 -9999.0 -9999.0 11.9690471971 38.6432975692 75.2266408477 97.8009442813 243.48289454 254.71902481 17.5912520666 25.9918120232 32.507733335 38.0451531866 81.81167197 85.6304156773 145.611109026 150.278859166 153.269865658 436.501475815 447.124175534 2.23133056717 1.71719629703 1.57288638446 2.96418326497 1.30964876561 17.7082923173 18.5736109234 3.03399806559 4.37653011734 1.94657522783 2099.683066 2101.67137152 11433.2622397 11437.7626412 1.18597583835 6.28710604234 3.44988397316 2.49784634338 24.7417376802 30.0442174601
-9999.0 -9999.0 -9999.0 -9999.0 -9999.0 -9999.0 -9999.0 -9999.0 -9999.0 -9999.0 -9999.0 -9999.0 -9999.0 -9999.0 -9999.0 -9999.0 -9999.0 -9999.0 -9999.0 13.9958095048 13.5696547844 25.2149817382 59.2188270291 265.408642817 9.09107276497 8.94249876885 15.2128536392 21.7781306331 50.2836936166 53.3944792571 2.63616510137 2.87910505761 155.589265617 157.04747007 606.125023728 608.051655809 0.66802181315 0.564438258449 0.46243733209 0.467798665403 0.581569925212 2080.11543253 2085.98588644 2091.31768302 2094.47635754 2098.43703156 1.04089927006 3.74363385168 4.3509895325 11443.0681223 11442.8888956 11442.6192555 11442.7086426 11443.3400619 31.8543682311
-9999.0 -9999.0 -9999.0 -9999.0 -9999.0 -9999.0 -9999.0 -9999.0 -9999.0 -9999.0 -9999.0 -9999.0 -9999.0 -9999.0 -9999.0 -9999.0 -9999.0 -9999.0 -9999.0 -9999.0 12.0978634712 12.8452907208 23.4740260538 310.820201601 320.575521927 8.67299315991 14.935100348 21.7019211569 26.1060006925 3.69231694727 6.79379901217 615.393631934 616.934725156 619.492541105 634.797835517 1244.63049637 2045.55519226 2047.32177623 2048.89247961 2050.36776983 2058.17080497 2060.79038977 5.20384940083 2.20203704761 1.47118815401 2.69796970614 1.86449217968 3.01012484222 0.917832723756 21.5735536576 26.9810918683 31.2065344062 31.4490609246 11442.9065293 11475.1883354
-9999.0 -9999.0 -9999.0 -9999.0 -9999.0 -9999.0 -9999.0 -9999.0 -9999.0 -9999.0 -9999.0 -9999.0 -9999.0 -9999.0 -9999.0 -9999.0 -9999.0 -9999.0 -9999.0 -9999.0 -9999.0 12.3286908891 23.4626642905 34.6981330485 329.509560648 8.06898937852 436.14298702 443.043677509 446.559573185 449.933308816 601.452951438 605.452117002 1.74443021949 10.7694225598 13.3551307672 1.8970860245 799.261202541 795.968597971 0.897303484391 2.22789902853 6.45175572815 1.52730246629 1.75587539977 1.12978907592 0.952786941648 0.691119371962 0.874820742513 18.6786168501 19.6247468099 20.8461209398 4.76380245184 3.64645968188 33.0046404014 33.4598090664 33.6368399157
-9999.0 -9999.0 -9999.0 -9999.0 -9999.0 -9999.0 -9999.0 -9999.0 -9999.0 -9999.0 -9999.0 -9999.0 -9999.0 -9999.0 -9999.0 -9999.0 -9999.0 -9999.0 -9999.0 -9999.0 -9999.0 10.9660203706 10.1694798226 53.1208343097 403.210530977 421.54186433 430.110538877 6.21771560819 141.251713391 144.934244563 146.839685938 3.40245528805 5.55940656022 7.29602828379 182.548505006 183.841952288 184.91011105 794.063876663 508.739741808 1.2975097849 1.45828112068 1.35950353317 1.02314954547 11.293716129 13.5654210803 15.4912320074 16.6294773163 17.7093584888 157.201099623 157.943582365 159.723306636 162.969523739 173.578194204 173.821891393 207.698864244
-9999.0 -9999.0 -9999.0 -9999.0 -9999.0 -9999.0 -9999.0 -9999.0 -9999.0 -9999.0 -9999.0 -9999.0 -9999.0 -9999.0 -9999.0 -9999.0 -9999.0 -9999.0 -9999.0 -9999.0 -9999.0 -9999.0 21.3435565976 32.7772478828 10.6905850291 8.70137561611 121.900892225 128.310822255 131.868159387 38.165444982 40.4479707329 42.8927524484 44.8120919128 179.439128623 181.550935013 96.4573497984 282.916904157 284.302419306 507.827280683 2.91766455917 1.5214087736 0.925294749531 7.85935897833 9.29370609542 0.773501646522 0.708155137468 153.502745208 155.507629808 156.527015646 1.13153809006 2.08977007054 171.84977185 0.690094919371 2.20337823429 2.39857740556
-9999.0 -9999.0 -9999.0 -9999.0 -9999.0 -9999.0 -9999.0 -9999.0 -9999.0 -9999.0 -9999.0 -9999.0 -9999.0 -9999.0 -9999.0 -9999.0 -9999.0 -9999.0 -9999.0 -9999.0 -9999.0 -9999.0 10.7046756829 21.1190772717 86.8949846272 97.7853304161 106.26521369 31.5432808569 35.8497743248 2.66973884616 128.579801157 130.741878411 132.732694337 1.91019157528 92.6653228377 94.9152977078 1.47306444105 500.200753892 3.38921264498 1.66167877948 4.35241288146 5.88090825571 1.08852928901 0.827426541224 142.954899413 151.678694485 152.940766491 1.26542464223 2.60352641883 3.21914726237 3.99984362337 7.69357995941 0.801310154584 1.83676848241 0.328342701664
