data/baseflow/mHMbf_acc461.asc
ncols                  80
nrows                 72
xllcorner      4374000.0
yllcorner      5656000.0
cellsize            500
NODATA_value       -9999
[rows 25 to 49 of 72, columns 0 to 54 of 80]
-9999.0 -9999.0 -9999.0 -9999.0 -9999.0 -9999.0 -9999.0 -9999.0 -9999.0 -9999.0 -9999.0 -9999.0 24.658863558 48.9341235746 22.8730543463 45.9374216584 20.8800539083 156.575437506 197.726254268 218.866479319 19.4476566782 36.3730848147 359.315701774 442.368673434 456.552937361 34.9161944596 32.7754098594 45.9517949663 9.37630426062 8.5339035947 16.2365234199 7.70975986917 545.845746016 554.180906392 561.464928299 4247.83989464 8920.94635842 8864.51799914 11.4445218627 5.37942386524 4.76923906748 19.7503346128 15.2790365847 45.9431654457 65.9597011646 133.323168753 11.3856044546 11.3457512063 106.20057969 116.040067218 225.8330461 232.223981582 246.163607412 251.203547195 4.3203939614
-9999.0 -9999.0 -9999.0 -9999.0 -9999.0 -9999.0 -9999.0 -9999.0 -9999.0 -9999.0 -9999.0 -9999.0 -9999.0 22.9538087977 46.2790675924 69.7862921541 113.13331897 22.7746333663 21.217774876 146.858573875 166.366902632 327.611467596 346.47446353 52.7729070202 18.5514679272 17.3130509417 15.8112533453 494.107627879 504.851055508 514.416618225 522.465996192 537.965136499 90.3246023251 98.6421121745 667.908170109 13841.1081686 44.2299877554 35.4215269495 17.4940324843 4.69321441328 3.96396699294 28.9898183562 32.1039477792 54.0359428257 4.08426728999 138.555177001 18.5577763108 18.1310862394 3.82726214117 2.58867484244 2.23955402486 2.4294545845 2.35841115877 253.626451436 3323.06439463
-9999.0 -9999.0 -9999.0 -9999.0 -9999.0 -9999.0 -9999.0 -9999.0 -9999.0 -9999.0 -9999.0 -9999.0 -9999.0 -9999.0 22.6322904084 44.1717285999 63.5550827146 83.3007958736 104.581907528 126.442749309 63.4942359717 105.109541018 18.6838146025 18.0701998677 408.634719569 444.786571358 462.14316171 480.134140322 13.8113326612 24.6602422033 63.0348906857 72.6886228763 81.7505001035 9.85543305565 7.12603370203 13863.6681982 8.77489790663 11.2228104003 5.54657667423 17.8957785193 8.17661302716 4.44069939064 90.5486246748 94.4065913461 2.87395293206 141.803908063 162.712821406 20.6401067209 3436.25283462 3430.31692644 3425.14387603 3414.73858093 3410.13320199 3336.12308796 3333.25280889
-9999.0 -9999.0 -9999.0 -9999.0 -9999.0 -9999.0 -9999.0 -9999.0 -9999.0 -9999.0 -9999.0 -9999.0 -9999.0 -9999.0 4.750938726 10.8467586825 19.4227317328 168.300530475 189.826215185 21.7833682559 21.4634277896 20.8287256277 333.351762891 372.638279448 18.906774724 19.2945808112 15.4594774403 63.1792102594 78.7622345225 40.907256133 51.0226689111 372.060827516 383.509109846 405.763296668 638.886985129 14507.7546465 9.12380710219 4.31000098404 26.7683194731 22.421270623 3.86477709008 12.5379741281 16.557653847 98.6049002041 102.003855724 272.168610433 164.381828355 22.5867356551 3502.65026492 29.0871721414 3420.43525646 3417.74020781 69.6128694209 2.8281754648 6.49234682994
-9999.0 -9999.0 -9999.0 -9999.0 -9999.0 -9999.0 -9999.0 -9999.0 -9999.0 -9999.0 -9999.0 -9999.0 -9999.0 -9999.0 24.5188121615 40.0261798119 84.294328843 146.455669658 207.352417196 251.48887041 272.623848819 294.055705076 314.657099117 19.2344943213 17.9500467242 34.9267248066 31.7504372284 16.2898406434 323.66935237 338.81622889 352.966400552 366.265201172 202.062382041 212.897875176 225.101189507 14512.2471618 15.4631716528 15.0645121848 45.110893721 4.25459602241 8.27550186629 4.32920491689 3.73642715443 20.3749467207 2.81895346893 2.94926208345 3790.96611126 3516.54447771 3513.61869282 12.2138806705 26.9465299777 17.4246543519 4.0636403514 63.7114451971 18.1135193507
-9999.0 -9999.0 -9999.0 -9999.0 -9999.0 -9999.0 -9999.0 -9999.0 -9999.0 -9999.0 -9999.0 -9999.0 -9999.0 -9999.0 17.0421870247 15.643390733 30.5476398811 46.8545095289 22.3909299082 22.9943048087 44.3133673844 65.3709207424 104.903807436 124.619957621 143.161864874 197.20907119 213.689146549 230.496724148 15.22732632 158.211865538 171.176952248 182.639107258 9.14588364806 4.36338186455 7.83575746562 14742.7511127 14747.0391393 14771.7954188 57.8081125133 9.08832116506 13.3032823927 3.30012251129 6.643624259 23.4534261831 28.8441243168 5.36893453379 3804.01708715 4.16444092565 6.68532810744 7.60894833371 5.48575823531 10.0946884406 4.17459936008 41.7626896064 32.9363882152
-9999.0 -9999.0 -9999.0 -9999.0 -9999.0 -9999.0 -9999.0 -9999.0 -9999.0 -9999.0 -9999.0 -9999.0 -9999.0 -9999.0 -9999.0 14.6989011789 29.0724093678 14.6714959011 30.4592672174 190.791242468 210.678647359 231.386846943 19.8377832902 19.87099872 38.2349485933 56.5421330126 88.5475650309 104.309043213 113.781261329 128.241490662 12.1854775579 10.7042799834 203.667944691 208.912110999 213.319987706 218.0663338 175.79740859 14966.7005943 15053.1649728 15056.8499917 15073.3193248 15089.8927901 15099.5134294 2.85267338501 31.4494024564 3806.60017571 6.636121092 3.40644524597 3.44830543551 3.1097496161 5.53731848512 5.44361920122 3.15378218653 4.71669859534 4.48814212748
-9999.0 -9999.0 -9999.0 -9999.0 -9999.0 -9999.0 -9999.0 -9999.0 -9999.0 -9999.0 -9999.0 -9999.0 -9999.0 -9999.0 -9999.0 -9999.0 43.1020916067 58.7544898452 105.279038346 142.51367699 20.754658228 274.399571207 293.882701984 312.920276424 18.9119980454 37.2041949433 16.5933881065 123.972091006 132.199400882 145.529239759 159.702446962 191.350833184 196.874237506 3.37784502405 157.211242767 166.598494569 171.252215178 190.429922765 24.3389664444 15.462675176 9.23970683575 8.34619277184 15109.566394 15113.4835414 15164.6949245 3809.29519004 17.8137120898 8.67735482443 5.80348126849 1.91822037058 16.8199764154 8.89373209349 2.79959908188 15.5686234203 13.1745097601
-9999.0 -9999.0 -9999.0 -9999.0 -9999.0 -9999.0 -9999.0 -9999.0 -9999.0 -9999.0 -9999.0 -9999.0 -9999.0 -9999.0 -9999.0 -9999.0 15.5820687877 74.1051041132 90.6167384905 21.7780972844 21.0689771453 42.2630816151 61.8036296157 394.151298273 18.7706235313 75.3875549925 92.5772300205 109.379730291 9.08379216722 21.26676247 27.6091172687 126.126119116 140.232662935 144.456760827 4.79247129742 4.58625462809 5.38319571342 9.83676608865 4.20533157938 4.46199181011 6.95106510838 5.4292952762 6.52969011074 16.870602626 15169.1694834 18989.6122804 21.379718176 4.27609434699 1.86460531352 52.7939643061 48.6076584834 28.9125496356 25.9941392183 19.4989356485 4.60160234607
-9999.0 -9999.0 -9999.0 -9999.0 -9999.0 -9999.0 -9999.0 -9999.0 -9999.0 -9999.0 -9999.0 -9999.0 -9999.0 -9999.0 -9999.0 12.7333113132 42.3387256494 14.0419865548 23.0725006101 22.6516622778 44.0554079414 64.8054428708 84.0394185709 493.747559796 511.765217597 18.4940092215 35.6276272342 52.8820690302 63.8207043114 75.754739884 111.511458652 121.412354058 8.50250703987 6.64943331494 5.41368221807 5.02197705371 6.87841596512 7.44799865413 7.34731252061 8.42528874208 23.5938457982 9.86100134534 4.04783206236 3.89411378405 3.9692515259 7.48410059015 19157.8310746 143.823585815 61.6360028119 4.42733407457 1.87198034826 1.90203562392 6.85797030546 4.82014654607 2.48159089296
-9999.0 -9999.0 -9999.0 -9999.0 -9999.0 -9999.0 -9999.0 -9999.0 -9999.0 -9999.0 -9999.0 -9999.0 -9999.0 -9999.0 13.6635838368 25.8634474206 94.3549497516 13.1972893814 43.3360669715 65.4311534318 86.4762151123 21.6417200545 41.1389382013 59.6614035377 586.105186205 17.5898510432 33.7494912022 49.8069605569 13.9143525617 27.4257741262 34.7692054477 44.0490384486 1090.29792146 1104.16968462 1117.46384761 1174.34690492 1191.70288643 1233.1418972 13.8130310063 29.858696461 30.1165353008 1362.13546875 1369.87844794 3.64473252674 6.6576365362 9.56782120801 19160.4070908 136.350551605 69.5302353903 67.4549290358 48.9742321413 40.9498445531 9.12816947608 2.17946821778 4.32361714323
-9999.0 -9999.0 -9999.0 -9999.0 -9999.0 -9999.0 -9999.0 -9999.0 -9999.0 -9999.0 -9999.0 -9999.0 -9999.0 -9999.0 13.7528294461 41.607773406 149.411819533 218.258057118 11.2528221753 285.823723984 387.262401151 20.3523389273 39.4763145854 58.4977010046 752.817422508 768.354587965 14.4067785626 78.5837130654 91.5861522757 102.429187965 999.883160777 1024.87723441 1039.31063258 6.87453198489 40.055392515 47.7170971556 20.0526762465 28.7224194507 1273.13509451 1315.04337896 1321.77557359 1328.08283705 1377.55574039 3.7593890817 3.35377952504 15.7416728232 19163.4934124 3.14819820955 5.69774208133 16.6706058647 6.3744924216 37.3693256777 28.593041552 16.6829848704 12.1428712133
-9999.0 -9999.0 -9999.0 -9999.0 -9999.0 -9999.0 -9999.0 -9999.0 -9999.0 -9999.0 -9999.0 -9999.0 -9999.0 -9999.0 -9999.0 -9999.0 28.3515153258 56.7583987524 257.462155328 272.025426463 399.648511053 414.659433738 20.2537710549 40.4799722126 95.8745565892 780.884582586 810.009149678 821.813756274 9.42161577902 863.466739909 889.132333619 16.2276429697 6.9927808968 13.8470746895 26.7458903573 6.42657239443 12.737792004 27.7409089306 34.3682312667 6.24358843676 4.21712586168 8.32196867352 1407.99213169 1417.44127092 1420.36729038 1443.56201158 19166.3145272 1.96278829535 3.83016930963 4.52201251448 4.37277349223 4.50893631955 3.93967987886 7.28313665883 1.59828591481
-9999.0 -9999.0 -9999.0 -9999.0 -9999.0 -9999.0 -9999.0 -9999.0 -9999.0 -9999.0 -9999.0 -9999.0 -9999.0 -9999.0 -9999.0 -9999.0 14.6814513778 14.2742097257 14.0159034248 29.2561017751 12.5329172854 439.578622857 453.206021437 18.8011021538 37.4863880835 17.8285998992 14.260378533 13.8100755913 845.478400145 8.16851297164 17.1246667496 8.77051017648 7.68989208907 6.50046788398 5.03863872332 5.25703341691 16.2862817466 22.3838442776 4.29866080957 3.60054794383 7.83496859717 13.0949747524 17.0214788597 4.87184665214 1424.5498746 1446.56630203 19168.2873633 12.668904948 9.02937588031 2.56054250461 6.34558495178 2.03437517976 1.58542287272 9.0633846831 8.22704977945
-9999.0 -9999.0 -9999.0 -9999.0 -9999.0 -9999.0 -9999.0 -9999.0 -9999.0 -9999.0 -9999.0 -9999.0 -9999.0 -9999.0 -9999.0 -9999.0 -9999.0 -9999.0 13.9977595398 41.8671390252 52.7046775405 64.7262000017 465.152505325 477.595153745 490.588400096 506.946343471 520.432133402 548.084214676 555.984953998 563.58348155 570.293916861 6.65192403958 6.34313578075 6.58249724494 22.4262327733 5.88977606944 5.6913786248 4.45105326834 12.9466542311 4.80659787261 3.74867904429 3.47580339598 2.94620345486 5.87959797448 8.56847209436 1464.25389446 20647.436537 1.63976273048 3.98256143952 1.98454904433 8.63062975253 4.67313371572 3.19070625447 23.8443213288 13.4818609688
-9999.0 -9999.0 -9999.0 -9999.0 -9999.0 -9999.0 -9999.0 -9999.0 -9999.0 -9999.0 -9999.0 -9999.0 -9999.0 -9999.0 -9999.0 -9999.0 -9999.0 -9999.0 -9999.0 11.1397383938 90.6391342431 179.864734498 192.462479693 19.7284821811 38.6399650713 57.0811264666 71.6540390787 169.999453045 176.952770889 6.72440607332 6.64418920269 584.010441145 595.959086332 601.618856366 26.709841127 3.57654389548 9.14322013681 13.5128657314 41.2023219787 50.436896622 57.6564936006 6.61453596638 9.24049936176 3.13699837766 6.24430792839 3.21884484656 20653.0728646 1.68299624926 7.05637007846 4.21271233028 14.4615614466 25.9754960075 30.1939824034 55.0175488911 15.8078826121
-9999.0 -9999.0 -9999.0 -9999.0 -9999.0 -9999.0 -9999.0 -9999.0 -9999.0 -9999.0 -9999.0 -9999.0 -9999.0 -9999.0 -9999.0 -9999.0 -9999.0 -9999.0 12.790968788 41.0666925998 79.843322006 103.800213864 265.578706791 282.118043164 38.0473976809 56.5700207445 71.4780275608 85.986984966 184.217007739 197.964487767 343.967890108 354.879857893 361.256558642 607.013598817 646.500760078 8.57935407518 5.86830029418 5.52664645256 10.6052702398 4.84114047705 67.0070390166 70.4694836111 12.0755735956 15.3103847748 3.48081577951 3860.45008635 3866.73952644 24523.2016787 24532.3567828 1.51588043022 17.5784301983 2.17572944314 2.1758857459 59.5577121735 77.0868979408
-9999.0 -9999.0 -9999.0 -9999.0 -9999.0 -9999.0 -9999.0 -9999.0 -9999.0 -9999.0 -9999.0 -9999.0 -9999.0 -9999.0 -9999.0 -9999.0 -9999.0 -9999.0 -9999.0 14.7591057226 14.2253215872 26.4802654624 62.134341322 294.173074826 19.3575152982 19.1399798593 34.487813036 49.4291189831 117.776698189 127.311768744 6.79288071335 7.35130303825 369.089140923 374.225385385 1025.76286685 1030.36461571 3.15410414466 2.80459001304 2.45958013567 2.48163362194 2.81366891037 3797.97183363 3818.83124247 3837.31794254 3844.21624255 3857.53122735 3.61195493751 13.2727182566 16.2249025263 24554.0281718 24555.2590041 24556.3248601 24558.6759513 24561.6101508 80.4249682773
-9999.0 -9999.0 -9999.0 -9999.0 -9999.0 -9999.0 -9999.0 -9999.0 -9999.0 -9999.0 -9999.0 -9999.0 -9999.0 -9999.0 -9999.0 -9999.0 -9999.0 -9999.0 -9999.0 -9999.0 12.7196702896 13.4834107995 24.6196918584 341.91643282 355.854088006 18.8080369763 34.0397204814 49.2934109671 60.0982210396 9.21807895562 18.1010137604 812.328431432 818.384141582 824.485713266 868.836522954 1904.30383048 3660.1711697 3667.99755947 3675.24009297 3682.26761064 3713.82940261 3724.01864362 18.0227678594 7.91606104749 4.71036200066 8.86710200476 6.58253522102 10.4458769655 3.27557931989 75.8171310305 82.9918097511 88.0776687748 89.6665671413 24562.6834223 24645.3565868
-9999.0 -9999.0 -9999.0 -9999.0 -9999.0 -9999.0 -9999.0 -9999.0 -9999.0 -9999.0 -9999.0 -9999.0 -9999.0 -9999.0 -9999.0 -9999.0 -9999.0 -9999.0 -9999.0 -9999.0 -9999.0 12.8877451482 24.4972236436 36.2449056204 366.05368127 15.6164312154 504.293054853 519.84632986 528.741350105 537.701898684 775.444043398 785.312551433 6.14727416691 32.5097114565 39.5582990975 6.3057515682 1748.29291338 1736.48884771 4.06222862178 9.2849271582 24.9869795587 5.52624027618 5.7082100187 3.9881479158 3.39478475938 2.64992195779 3.0991088811 65.5695612564 68.8057264671 72.6885369439 4.56083118621 3.05981208937 91.1692904916 93.1887966183 94.3905136154
-9999.0 -9999.0 -9999.0 -9999.0 -9999.0 -9999.0 -9999.0 -9999.0 -9999.0 -9999.0 -9999.0 -9999.0 -9999.0 -9999.0 -9999.0 -9999.0 -9999.0 -9999.0 -9999.0 -9999.0 -9999.0 11.514165919 10.623969258 55.5078271039 445.722631367 473.803118593 489.51336291 15.5087489972 215.551764456 224.242150981 228.413898041 8.88577548992 16.2445237842 22.0009166326 408.248757713 413.218039644 417.741679018 1728.00665794 1054.68045998 5.10621838517 5.34095071092 5.12236062026 4.03120829248 40.4436578897 48.1144858432 54.8487002659 58.6033738167 62.2210764453 424.579466446 427.120540622 430.714137494 438.223552709 468.41938965 469.914907987 565.903605734
-9999.0 -9999.0 -9999.0 -9999.0 -9999.0 -9999.0 -9999.0 -9999.0 -9999.0 -9999.0 -9999.0 -9999.0 -9999.0 -9999.0 -9999.0 -9999.0 -9999.0 -9999.0 -9999.0 -9999.0 -9999.0 -9999.0 22.3163999917 34.2523211574 13.4470144639 18.6490056421 163.090997178 178.823209636 189.726756043 85.7649973039 93.5637497641 101.883511624 108.693720749 397.416780053 404.154740532 240.549293541 663.808669313 668.922663329 1050.54894539 10.3557062911 5.28296800207 3.72817962468 27.7643826878 32.6513140582 2.83744756395 2.58773314381 412.478844208 418.92850768 422.078647841 3.0995251568 5.07163630925 464.471691929 2.41065086545 11.195195178 12.4558053931
-9999.0 -9999.0 -9999.0 -9999.0 -9999.0 -9999.0 -9999.0 -9999.0 -9999.0 -9999.0 -9999.0 -9999.0 -9999.0 -9999.0 -9999.0 -9999.0 -9999.0 -9999.0 -9999.0 -9999.0 -9999.0 -9999.0 11.1344233283 21.996585567 95.7365118146 110.179390868 127.543451864 65.8384072973 78.0744463236 8.32027279853 267.354883849 274.994850819 282.571909203 6.6192356551 228.073422851 235.084394087 5.35546803375 1023.68927471 11.6177158084 5.77032920325 14.7971621916 20.0978247898 4.03102049164 3.27950967515 378.841549185 406.621861233 410.418665036 3.92273704025 8.55378505657 10.7912684772 12.3980879337 23.6113387472 4.11605911504 9.15650228883 1.86968212076
-9999.0 -9999.0 -9999.0 -9999.0 -9999.0 -9999.0 -9999.0 -9999.0 -9999.0 -9999.0 -9999.0 -9999.0 -9999.0 -9999.0 -9999.0 -9999.0 -9999.0 -9999.0 -9999.0 -9999.0 -9999.0 -9999.0 10.8396281031 34.6438537766 62.26887165 16.8436309426 34.8055090749 51.2565834831 233.839162832 243.738737471 251.599182436 6.99450741733 186.403287229 208.998581197 215.87168772 4.89437800388 1000.9745823 1013.31595885 5.83863768947 5.31502979731 10.6769934631 4.37700743397 357.039075624 365.069794693 369.804025832 17.9627822378 21.8930264438 3.43003054699 6.15730891082 2.75114902715 18.447551503 2.84749644725 2.32666033398 2.47638290444 2.51345124731
-9999.0 -9999.0 -9999.0 -9999.0 -9999.0 -9999.0 -9999.0 -9999.0 -9999.0 -9999.0 -9999.0 -9999.0 -9999.0 -9999.0 -9999.0 -9999.0 -9999.0 -9999.0 -9999.0 -9999.0 -9999.0 -9999.0 -9999.0 12.2705864965 14.6076370727 19.0326519519 160.344868503 175.881187131 220.444923456 10.9705845885 155.360035738 173.023251681 7.86567214523 16.2457235799 6.0498419263 984.145015977 6.90301033946 16.9304198737 21.2938630465 25.1951774607 329.836988003 344.328976187 349.385387453 5.14417448766 9.61611714557 13.652156605 2.41161851669 2.11316510541 958.318694378 960.480458262 962.266790042 980.508431686 982.792798893 985.644781495 987.689614135
