data/baseflow/mHMbf_acc342.asc
ncols                  80
nrows                 72
xllcorner      4374000.0
yllcorner      5656000.0
cellsize            500
NODATA_value       -9999
[rows 25 to 49 of 72, columns 0 to 54 of 80]
-9999.0 -9999.0 -9999.0 -9999.0 -9999.0 -9999.0 -9999.0 -9999.0 -9999.0 -9999.0 -9999.0 -9999.0 23.6925788671 47.0456112494 22.3191057052 44.8811897214 20.7634376869 152.813666308 192.370518031 212.626350388 18.9937587729 36.3554578272 350.895289684 438.024463722 453.512326493 34.4571562939 32.8855876601 46.4480182876 7.36394564199 6.94093755946 13.3014309314 7.48816934394 550.274610889 559.410925144 567.21181965 4188.9540696 8666.72792466 8609.9629171 10.3411606067 4.44173691838 3.95760627021 19.7589357842 15.7853781883 45.7767664676 65.86617747 132.717252712 12.1233470241 12.0924848901 110.499092304 121.037015943 233.127824059 239.262149695 254.129669487 258.713756811 4.08800839002
-9999.0 -9999.0 -9999.0 -9999.0 -9999.0 -9999.0 -9999.0 -9999.0 -9999.0 -9999.0 -9999.0 -9999.0 -9999.0 22.9038762918 45.6005556369 68.2529496661 110.756296429 21.5364348258 20.2033427453 142.423240359 161.37167867 318.429096344 337.532664267 54.5019552495 18.8673287798 17.4066415813 15.9246366392 501.766347293 512.479491444 520.765201678 527.409853228 542.036381111 95.2017175671 104.155183311 678.89538322 13540.7104137 45.6387006245 35.6306652915 16.4714211482 4.66947858217 3.69884684523 27.6892783697 30.6841426416 53.0063545343 3.65425585547 137.972566914 19.9599914322 19.550287419 3.52817298374 2.35586499034 2.11997697342 2.66842755717 2.19975948221 261.655651992 3200.8015609
-9999.0 -9999.0 -9999.0 -9999.0 -9999.0 -9999.0 -9999.0 -9999.0 -9999.0 -9999.0 -9999.0 -9999.0 -9999.0 -9999.0 22.3188366999 43.2691455307 62.4840221061 82.0065772132 102.147214532 122.691064353 60.7949678474 101.116985274 19.1774964648 18.7628243843 415.173475221 451.961798177 469.407998559 487.69176613 13.8150849027 24.9054240823 66.0509757054 76.1288527054 85.6436549959 10.2541993742 7.75278821011 13567.2147812 10.0209064824 11.611386051 5.54701505957 20.3518857642 9.60745680037 5.03753393903 88.3828539235 92.6796475899 3.24565883021 141.619971283 163.982538721 22.374938156 3323.18016623 3317.30700108 3312.32842401 3300.82600708 3295.57521379 3219.6136259 3215.31965644
-9999.0 -9999.0 -9999.0 -9999.0 -9999.0 -9999.0 -9999.0 -9999.0 -9999.0 -9999.0 -9999.0 -9999.0 -9999.0 -9999.0 5.13834440203 11.730892449 19.3152502867 177.64331106 198.67368254 21.0999866224 20.4465294577 20.3669215479 339.598215559 378.670228093 19.0183629581 19.4898813268 17.1475302437 69.920020341 87.0855146407 42.3933576408 53.9134445444 391.065251325 403.940500032 427.445209273 676.801710329 14250.9214439 9.6051773668 4.83715880242 32.0957790331 26.2671683807 4.67940854059 14.5038575554 18.7740994408 97.3875321832 101.302925384 275.321962096 167.372730892 25.6915358375 3399.3221354 33.4284973736 3307.49802615 3304.32465006 71.3925082083 5.77048839399 10.1613972451
-9999.0 -9999.0 -9999.0 -9999.0 -9999.0 -9999.0 -9999.0 -9999.0 -9999.0 -9999.0 -9999.0 -9999.0 -9999.0 -9999.0 25.8649565063 42.5212204157 89.0257144654 156.211690215 216.869095565 260.082059919 280.479979655 301.035557076 320.93927425 19.3233053502 18.2871086434 36.1932962487 34.89826571 17.9359903813 336.867782456 353.753127579 369.568548908 384.509543577 216.864662514 227.360778239 240.435539778 14256.8847736 16.6553002526 12.8824649898 49.1406123461 5.62621045095 8.80205077043 4.58933897871 3.96298846499 22.7804187093 3.20415906647 3.41780010837 3693.16673835 3415.10667013 3411.58379975 13.1821608306 30.4996628046 19.7800423701 4.52505608326 62.0298605278 17.0165843971
-9999.0 -9999.0 -9999.0 -9999.0 -9999.0 -9999.0 -9999.0 -9999.0 -9999.0 -9999.0 -9999.0 -9999.0 -9999.0 -9999.0 17.9881421558 16.9738928788 33.1940603048 50.4479658473 22.1136052158 22.6156383664 43.5877930002 64.4576877605 104.591129776 124.429938448 142.784540705 197.699811591 215.083812809 233.424498304 17.1812549368 169.879007511 184.551010467 196.640114475 8.64521471487 4.50585265685 9.36296982712 14501.3026123 14507.0342556 14534.0365901 65.7004317347 11.8370619018 14.7379377435 3.9408583991 7.13410618805 26.1047459908 32.1573901732 6.28974005235 3708.84398046 4.94921812456 7.35955978379 8.12329551886 6.15304042977 11.5122485162 4.88682778199 41.1971755613 31.3425283609
-9999.0 -9999.0 -9999.0 -9999.0 -9999.0 -9999.0 -9999.0 -9999.0 -9999.0 -9999.0 -9999.0 -9999.0 -9999.0 -9999.0 -9999.0 16.2443831028 32.1872975883 15.8275395879 32.7695638887 203.966595037 224.154696948 244.651681501 19.8913220191 19.9784012869 38.3816648106 57.0379667918 91.4941779444 109.077689552 119.494971997 135.957437653 14.2626214153 12.7040917846 212.72485455 217.214510884 223.022296002 228.91269841 192.377957654 14751.244025 14852.9953842 14858.6089607 14878.4383626 14900.4149843 14911.7345773 3.30408900264 35.0544350118 3712.16629658 7.7312581744 3.96356652986 4.09602724332 3.78914642803 6.61735578067 6.36451789679 3.68023042967 5.21823126242 4.93674763404
-9999.0 -9999.0 -9999.0 -9999.0 -9999.0 -9999.0 -9999.0 -9999.0 -9999.0 -9999.0 -9999.0 -9999.0 -9999.0 -9999.0 -9999.0 -9999.0 47.9062975558 64.9565453122 115.026501212 152.896235044 20.2781220634 286.658293548 306.249391031 325.515815516 18.9245235313 37.4116248026 17.1675971027 125.862025218 135.510298472 150.458745381 165.777246119 201.977852142 206.052468848 2.9964080594 169.520192467 181.239418854 186.813200192 211.220983838 30.1797919587 18.9276170025 11.4275773784 11.0769899293 14924.4636428 14930.1367388 14991.5163441 3715.54367377 21.0526691839 10.4903267844 6.94517022417 2.28471145023 20.0635093027 10.5332132899 3.42073404928 18.6413735532 15.7213353266
-9999.0 -9999.0 -9999.0 -9999.0 -9999.0 -9999.0 -9999.0 -9999.0 -9999.0 -9999.0 -9999.0 -9999.0 -9999.0 -9999.0 -9999.0 -9999.0 17.5604802718 81.7245735695 99.0977317558 21.2563254519 20.9807305803 42.2397528573 62.3981165747 407.321375001 18.799502746 75.3848047794 92.8775563937 110.081253323 10.2402601417 24.1859284165 31.5851462843 136.34031477 150.324585639 155.051774019 5.74987755549 5.88639945127 7.13353327577 13.1188855931 5.69582660955 6.05755273661 9.55505733369 8.46993821814 9.51043662818 22.1968609585 14997.5764157 18727.8619525 26.0678904175 5.35369643245 2.27517299333 63.2906142484 58.266293511 34.6933668036 31.1371668317 23.2994455961 5.29957194986
-9999.0 -9999.0 -9999.0 -9999.0 -9999.0 -9999.0 -9999.0 -9999.0 -9999.0 -9999.0 -9999.0 -9999.0 -9999.0 -9999.0 -9999.0 14.9945769968 48.9467347156 16.2817002494 22.864328117 22.2764158904 43.21252515 63.7455534442 83.052346709 506.935262309 525.328313417 18.7400532815 36.3484427943 54.0436549164 66.8918687551 80.6012342255 119.678484713 130.72711549 7.61384407711 8.08711939463 7.65216171719 9.82468752802 9.9765173737 10.6255309997 9.15962829424 11.5512907055 33.2897718622 15.3619885789 5.31999732129 5.14827287166 4.97519208441 9.4059166201 18913.6935854 153.336942424 75.4189010009 6.37739059592 2.90936544908 2.33729168086 8.63177870516 6.05182453755 3.14676058915
-9999.0 -9999.0 -9999.0 -9999.0 -9999.0 -9999.0 -9999.0 -9999.0 -9999.0 -9999.0 -9999.0 -9999.0 -9999.0 -9999.0 15.8938539077 30.4297942075 110.494953235 15.8194923381 43.8559274689 65.9199205654 87.1232095842 21.3473042422 40.8163351575 59.4566728981 600.542421284 18.1426688646 35.1161056496 52.344681981 16.2529999858 32.0852811851 39.2042873275 49.9286887774 1136.90761998 1153.45000809 1168.82952794 1234.16480002 1263.99834894 1318.95068434 14.5817000981 33.4996347452 40.913065427 1482.4809428 1492.71923594 4.80766830046 8.59905151557 12.2416373084 18919.20332 142.932342848 59.1762377067 55.7032658116 50.6647389302 47.1545900694 11.4441135291 2.71073946195 5.42414643821
-9999.0 -9999.0 -9999.0 -9999.0 -9999.0 -9999.0 -9999.0 -9999.0 -9999.0 -9999.0 -9999.0 -9999.0 -9999.0 -9999.0 15.8359074173 48.2712970705 174.549490913 257.185205756 14.4520234993 339.004874888 442.874724225 20.4731212181 39.8934537216 59.1473052984 770.379624834 786.649585052 15.3146122863 83.2339467655 97.999562238 110.860110606 1037.288775 1062.44801877 1078.92363587 8.05533729482 46.7892600404 55.4409219932 24.7902582377 35.6559765065 1369.82621869 1419.24535612 1427.95006369 1436.23179894 1503.12802282 5.07209177643 4.41316511978 20.288380919 18924.2347696 4.69395820111 0.735957287761 2.11673578521 0.864095461875 42.205798328 37.4858363872 22.2028890462 16.0094934675
-9999.0 -9999.0 -9999.0 -9999.0 -9999.0 -9999.0 -9999.0 -9999.0 -9999.0 -9999.0 -9999.0 -9999.0 -9999.0 -9999.0 -9999.0 -9999.0 33.622156332 67.6200211673 305.554294653 322.753435523 458.15654998 475.046492782 20.172575404 40.2838242595 96.5766526896 801.282138627 832.305579779 845.453837603 11.0787171508 892.526254835 917.488222448 16.3327993243 8.15259944224 16.3420200659 31.6604863961 7.48896004996 15.1642031174 34.6118649256 43.1731685443 8.01357064069 5.71787831509 11.4284932125 1545.91413715 1560.29380546 1564.19295807 1594.64141002 18928.8280572 3.29345348193 0.471799202757 0.555517770019 0.567422778583 0.587293699568 0.533957025642 0.974982219725 2.20024855767
-9999.0 -9999.0 -9999.0 -9999.0 -9999.0 -9999.0 -9999.0 -9999.0 -9999.0 -9999.0 -9999.0 -9999.0 -9999.0 -9999.0 -9999.0 -9999.0 17.5656901235 17.2449801175 17.205408729 34.8823897158 15.5233445586 505.878588598 521.496338428 19.2909941343 38.2319422103 18.3440271651 15.4789050022 15.1123626616 871.573073944 7.74014780669 15.4284822985 9.61895548774 8.9303999709 7.85434269684 6.38686800347 6.59856742151 19.9898267346 27.2229869466 5.51593243096 4.9938359134 10.5929810039 17.2702011342 23.2848426656 6.95743443641 1570.03108803 1598.81097392 18932.3395301 8.86499308041 2.3626740892 0.33503328245 0.835029409499 0.276278284718 0.218895753335 1.22360659668 11.1739009414
-9999.0 -9999.0 -9999.0 -9999.0 -9999.0 -9999.0 -9999.0 -9999.0 -9999.0 -9999.0 -9999.0 -9999.0 -9999.0 -9999.0 -9999.0 -9999.0 -9999.0 -9999.0 17.0737665017 50.7758676574 65.110187786 80.1791863458 536.107528079 550.736422332 565.669581427 582.893434374 597.718666289 628.227787919 636.309465854 643.361620719 651.02902551 8.12706176196 7.70967734944 7.90749373042 27.7477738323 7.188591245 6.86173036347 5.64952681505 16.4368168483 6.32149376279 5.04165273922 4.71542079377 4.25315980098 8.48925278203 12.0014410677 1623.20367612 20568.2851497 3.05935363367 6.35370774435 0.2686757558 1.15436050339 0.644096716165 0.441689597935 21.3567609741 18.5300769142
-9999.0 -9999.0 -9999.0 -9999.0 -9999.0 -9999.0 -9999.0 -9999.0 -9999.0 -9999.0 -9999.0 -9999.0 -9999.0 -9999.0 -9999.0 -9999.0 -9999.0 -9999.0 -9999.0 14.6732407874 114.156959964 225.700623946 241.759336079 20.3914679717 39.9661222282 59.1937779522 76.1696076419 183.783244979 192.472441065 8.44038641976 8.323641548 668.038458057 683.376486375 690.589596986 33.4752270433 5.29756943901 12.4672085689 18.3698585071 54.1977328987 66.3080924366 76.1051792628 9.05559902539 12.6777734624 4.27307179842 8.41202734561 4.28203224737 20576.959612 2.76568658059 11.5570646454 3.37398540498 6.67868554558 19.0408414821 20.9016834666 43.7074810022 23.133931682
-9999.0 -9999.0 -9999.0 -9999.0 -9999.0 -9999.0 -9999.0 -9999.0 -9999.0 -9999.0 -9999.0 -9999.0 -9999.0 -9999.0 -9999.0 -9999.0 -9999.0 -9999.0 16.0085747018 50.7642074526 99.751098013 130.565610613 336.567702755 354.92273475 39.6695247281 58.8817455542 76.1651071516 92.9267282168 200.891971567 217.971077558 383.252815951 397.138477588 405.308783082 697.78083722 749.785187225 12.3178614509 7.65002216524 7.35900170271 14.1097625776 6.48987448904 88.5792387024 93.3263874669 16.7324935757 22.2114870419 4.99351001587 4751.52094222 4760.501519 25343.5046845 25359.865393 2.78059813909 12.7993592376 3.61174988984 2.9696684474 49.7821035554 75.2253915877
-9999.0 -9999.0 -9999.0 -9999.0 -9999.0 -9999.0 -9999.0 -9999.0 -9999.0 -9999.0 -9999.0 -9999.0 -9999.0 -9999.0 -9999.0 -9999.0 -9999.0 -9999.0 -9999.0 18.1089840589 17.6788190619 33.7529747599 80.2530110905 370.119503263 20.3053817958 20.0927273899 37.5315047925 55.1511032832 131.063972823 141.665223041 7.49418569351 8.94979195965 415.287807585 422.913173452 1180.31609947 1187.2900027 4.93468115231 4.46087714741 3.77312276695 3.80691080877 3.91348538432 4658.45128978 4688.13886937 4716.36796012 4727.07549051 4746.1515136 4.90496442526 18.3230863367 22.6677648374 25391.2774072 25394.3179999 25400.6540565 25407.6797206 25413.4213342 80.2922544617
-9999.0 -9999.0 -9999.0 -9999.0 -9999.0 -9999.0 -9999.0 -9999.0 -9999.0 -9999.0 -9999.0 -9999.0 -9999.0 -9999.0 -9999.0 -9999.0 -9999.0 -9999.0 -9999.0 -9999.0 16.4799358568 17.1052981444 31.8371008572 432.891727504 449.366130061 19.8716426058 37.2883914034 55.1034747388 66.3947024377 9.78287424447 20.7686449373 1014.84503133 1023.37230839 1031.77921247 1093.68820586 2288.80731415 4475.05540057 4486.34889697 4496.60392979 4506.52410943 4547.29821786 4560.20884494 24.2131798333 11.0816337173 6.30213270327 11.9481148671 9.18655700957 14.4134002964 4.46553628345 106.881208495 115.956886571 123.33410062 125.454859441 25417.2585245 25503.70215
-9999.0 -9999.0 -9999.0 -9999.0 -9999.0 -9999.0 -9999.0 -9999.0 -9999.0 -9999.0 -9999.0 -9999.0 -9999.0 -9999.0 -9999.0 -9999.0 -9999.0 -9999.0 -9999.0 -9999.0 -9999.0 16.8864204467 32.3753905593 47.9180515863 462.587753172 17.369864412 636.648597909 655.188725072 665.431096576 677.00378049 970.780094264 982.950172342 9.17875275218 45.5116859624 54.9793363514 8.65802817704 2174.92183669 2159.00793129 5.3666069346 12.0213584646 31.9269397891 6.93348543972 7.26083499667 5.71291161653 4.90586026182 3.89502684173 4.44994792694 92.2408397672 96.8168632587 102.276009014 5.41166631724 4.66306341464 128.149305725 130.972460903 132.620325326
-9999.0 -9999.0 -9999.0 -9999.0 -9999.0 -9999.0 -9999.0 -9999.0 -9999.0 -9999.0 -9999.0 -9999.0 -9999.0 -9999.0 -9999.0 -9999.0 -9999.0 -9999.0 -9999.0 -9999.0 -9999.0 15.6432166691 14.6462205908 75.7522683226 569.15391264 601.744838344 619.071294157 18.6127536769 269.996517934 278.4974686 282.995342093 11.0568809119 21.0170962353 29.6149735403 498.370406243 505.367759536 511.538512531 2147.46331212 1316.72516041 6.52856520652 6.74577726734 6.51770718201 5.32255272833 56.2806680062 67.2340173799 76.9359331294 82.2789189138 87.4408337605 588.697494523 592.524781738 597.995448203 611.389344731 665.108780104 667.279543464 802.16921727
-9999.0 -9999.0 -9999.0 -9999.0 -9999.0 -9999.0 -9999.0 -9999.0 -9999.0 -9999.0 -9999.0 -9999.0 -9999.0 -9999.0 -9999.0 -9999.0 -9999.0 -9999.0 -9999.0 -9999.0 -9999.0 -9999.0 30.5831484728 46.5008954368 17.0624890886 20.7775189294 204.62842818 224.015648704 238.608425174 103.224991921 111.780365262 121.684306555 131.356853292 482.76219487 491.95478421 297.81685126 817.106117655 824.460603733 1311.05582448 14.1132251413 7.10468862202 5.33045901106 39.1476820369 45.7628413612 4.24659584075 3.97511882339 570.565279443 580.271587223 585.085733363 6.42637585765 9.57143471488 656.16592085 5.67197579413 17.8166501296 19.6428764325
-9999.0 -9999.0 -9999.0 -9999.0 -9999.0 -9999.0 -9999.0 -9999.0 -9999.0 -9999.0 -9999.0 -9999.0 -9999.0 -9999.0 -9999.0 -9999.0 -9999.0 -9999.0 -9999.0 -9999.0 -9999.0 -9999.0 15.2794802397 30.2819961538 128.386596687 145.784059554 164.894805162 78.6787387828 94.7982090411 8.74253003587 325.351865078 333.61872196 342.353416847 9.05277444151 280.453711898 289.880126058 7.49436089283 1274.42463376 15.5040842362 7.69091079381 21.1775051879 28.3032174607 5.62339537881 4.69038971191 520.840065552 561.638016578 567.35211571 5.78898498721 13.1785995595 16.7264201322 20.2859366692 40.2067738729 6.53742069586 14.7212056076 2.7919512615
-9999.0 -9999.0 -9999.0 -9999.0 -9999.0 -9999.0 -9999.0 -9999.0 -9999.0 -9999.0 -9999.0 -9999.0 -9999.0 -9999.0 -9999.0 -9999.0 -9999.0 -9999.0 -9999.0 -9999.0 -9999.0 -9999.0 15.2678458655 47.8399963917 83.0223853616 19.6660098044 40.2725840728 60.5741691755 287.604478353 299.539987988 308.471231908 8.34356971373 228.78528614 254.084579612 263.349243597 7.00516779114 1242.14859936 1259.70997225 8.31221114565 7.76400903408 15.3710512309 6.4794713638 489.474327783 500.988176312 507.713830076 25.7930617727 31.8657021898 5.35030978306 9.57470311237 4.25907123051 29.57386546 4.34864123501 3.85704935864 4.14421306471 4.19704768731
-9999.0 -9999.0 -9999.0 -9999.0 -9999.0 -9999.0 -9999.0 -9999.0 -9999.0 -9999.0 -9999.0 -9999.0 -9999.0 -9999.0 -9999.0 -9999.0 -9999.0 -9999.0 -9999.0 -9999.0 -9999.0 -9999.0 -9999.0 16.7729439899 18.2515289296 21.4641914798 190.501114693 210.184401856 269.50231634 14.5482980633 192.886504692 212.626806206 8.8346926784 17.798928541 7.02137438339 1219.10354849 8.38164353413 24.8085233096 31.4889356326 37.9220621127 448.151469954 470.808958509 478.044042098 7.25420044102 13.642198907 19.4840581195 3.75439489115 3.41335669865 1265.60181483 1269.05476113 1271.89715359 1300.70310922 1304.28199393 1309.15316859 1312.51845332
