data/baseflow/mHMbf_acc392.asc
ncols                  80
nrows                 72
xllcorner      4374000.0
yllcorner      5656000.0
cellsize            500
NODATA_value       -9999
[rows 25 to 49 of 72, columns 0 to 54 of 80]
-9999.0 -9999.0 -9999.0 -9999.0 -9999.0 -9999.0 -9999.0 -9999.0 -9999.0 -9999.0 -9999.0 -9999.0 28.7252606255 56.7912195819 26.2063977188 53.0566986878 23.5873877771 179.479248757 225.053466581 248.880116746 22.0163861805 41.6806035634 410.825022338 509.769162282 526.859161789 42.0145892887 40.5956562778 57.5169189567 10.929948955 10.0388342832 19.4212956973 9.71206379326 644.710176962 654.613700996 666.599263197 4701.16218105 9371.75116331 9288.77407887 18.9003714147 8.33471834143 7.57489824473 25.9820508155 19.006850678 53.4879290345 75.7532320572 153.495140351 13.7876899795 13.6985731201 127.773570509 139.940951473 275.538140146 285.807795973 304.600089917 314.85136993 9.41728791018
-9999.0 -9999.0 -9999.0 -9999.0 -9999.0 -9999.0 -9999.0 -9999.0 -9999.0 -9999.0 -9999.0 -9999.0 -9999.0 26.6821366895 53.7460311911 81.1170776246 130.683416549 25.6182860149 23.5247859784 165.919660116 187.839993852 372.586279387 395.523163764 63.4364565079 22.2500208593 20.9526683457 19.7373952775 579.642315112 593.322175186 605.220531409 615.490451812 635.309307558 115.173576065 127.912589276 807.184376402 14885.192833 69.5443522147 60.3495932797 28.9981694848 7.81916749519 6.85110694416 41.6352098202 48.1443397308 67.3846001838 6.66846811783 160.87405153 22.7578353361 22.1264061115 6.06882172501 5.17647262427 5.02863908059 5.70322529841 5.24697361161 320.422073652 4298.79644274
-9999.0 -9999.0 -9999.0 -9999.0 -9999.0 -9999.0 -9999.0 -9999.0 -9999.0 -9999.0 -9999.0 -9999.0 -9999.0 -9999.0 26.2946630539 50.3575746279 72.3540791226 95.2628396318 118.995537068 143.479694463 71.85603731 120.051254194 22.4873127569 21.7731753034 477.071785517 519.914340524 539.781349829 561.834726145 17.4389039521 31.3928362988 80.6237413148 93.6139543464 104.883002118 13.8599741494 14.3889645738 14917.5595985 9.96585076826 19.0191456701 8.99665696267 28.024212058 13.3811578418 8.19284567724 124.306987519 132.781470828 6.42909365119 168.115136148 196.508160239 27.3918995479 4529.78452591 4518.41640196 4507.2319219 4482.62980124 4471.67048924 4317.6291777 4312.20359772
-9999.0 -9999.0 -9999.0 -9999.0 -9999.0 -9999.0 -9999.0 -9999.0 -9999.0 -9999.0 -9999.0 -9999.0 -9999.0 -9999.0 5.35746036859 12.3614560955 21.8538399794 195.147458407 219.860753838 25.0912599252 24.1782905829 24.0598499676 387.057920352 434.202773769 23.1423679439 23.5820431479 19.0290774279 77.6947274657 96.8913632998 51.844430565 64.7084205014 447.529910078 461.684906256 491.812316891 789.219717601 15713.1079021 9.97344257541 8.0456109835 40.8970678073 34.2387051748 7.23482849048 23.2419291268 30.845511468 141.49221176 149.417326266 363.714641056 201.002484216 29.9494898713 4659.05399087 70.2900313967 4496.43766451 4489.84655211 143.740754801 7.36441045472 8.92206342046
-9999.0 -9999.0 -9999.0 -9999.0 -9999.0 -9999.0 -9999.0 -9999.0 -9999.0 -9999.0 -9999.0 -9999.0 -9999.0 -9999.0 28.1718373968 45.6783871726 96.5530056347 169.996806019 240.587508297 292.171109817 316.521323018 341.155386372 365.441136295 22.9890444879 21.0581427915 41.1438383333 39.2665083504 19.990665549 388.104189076 406.648579618 424.284581921 441.033409539 250.013121465 263.445580423 281.175310881 15718.6021685 17.1472983748 21.8481774545 66.5816381985 5.20167754363 15.5326107451 8.20189311687 7.02334191607 38.2079919146 6.53742262409 6.98316301989 5059.88470645 4690.45952848 4683.18714027 25.8846873733 64.702772134 41.7328915877 10.0110421657 128.613503175 37.0832357447
-9999.0 -9999.0 -9999.0 -9999.0 -9999.0 -9999.0 -9999.0 -9999.0 -9999.0 -9999.0 -9999.0 -9999.0 -9999.0 -9999.0 19.8873406432 18.3308516074 35.7479739949 54.9222009133 26.3857903673 27.7501489019 52.8499828446 77.3518673264 124.091101871 147.544189841 169.014818732 232.286446874 252.394860568 273.822037234 19.3579824127 193.34917335 210.073254556 225.262114509 11.988480543 5.36624796824 9.81864185781 15996.2483945 16001.467767 16029.6658341 81.2363079812 10.6563655332 23.355714661 6.97281382089 12.7598171362 44.3050460185 56.4043173197 12.8828819014 5091.88307434 10.5210104227 14.3155998329 15.4037190121 13.0026215054 23.1810601379 10.1306296984 82.4262933564 63.3646468726
-9999.0 -9999.0 -9999.0 -9999.0 -9999.0 -9999.0 -9999.0 -9999.0 -9999.0 -9999.0 -9999.0 -9999.0 -9999.0 -9999.0 -9999.0 17.3068795184 34.3998494794 17.2311254679 35.7131561309 225.210392037 248.093359487 271.606720332 23.4677705491 23.5483054947 45.0236710393 66.7435070163 105.847371744 125.947426397 137.034653909 155.384335889 15.2149933676 13.5707315168 244.847130855 251.137870983 256.475435784 262.157301759 218.418160532 16272.0775211 16390.140884 16394.2679801 16420.8939795 16444.6169664 16465.1189055 6.71913531427 62.2062684806 5098.74200766 17.2010001351 8.80175771532 9.09469320663 7.99391536141 13.9204570269 12.8881749323 7.39635963625 9.98342406192 9.31182685297
-9999.0 -9999.0 -9999.0 -9999.0 -9999.0 -9999.0 -9999.0 -9999.0 -9999.0 -9999.0 -9999.0 -9999.0 -9999.0 -9999.0 -9999.0 -9999.0 51.1947130028 70.0518821802 125.542086516 169.314242043 24.0763603145 322.692322961 346.104495127 368.389687204 22.3887179306 43.6338743082 19.524404337 146.219253943 156.247573214 172.962610082 190.205230634 229.551675273 236.166602719 4.14681453582 195.965514265 207.353002743 213.039783591 236.879363823 31.5249514348 20.4178151876 12.8876927549 11.9829486264 16483.7245684 16493.9813356 16598.7297015 5105.92899085 45.9742794931 22.1671761891 14.8777207051 4.66009860349 40.7556098223 21.0151637472 6.6129414116 35.2039430147 29.5161758826
-9999.0 -9999.0 -9999.0 -9999.0 -9999.0 -9999.0 -9999.0 -9999.0 -9999.0 -9999.0 -9999.0 -9999.0 -9999.0 -9999.0 -9999.0 -9999.0 19.5609959229 88.5688290344 108.05436216 25.3385702346 24.9466241647 50.4918851979 74.3678322296 465.939390118 21.95571163 88.4395088104 108.751750978 128.656500082 10.762662612 25.9271956598 34.191091582 157.630662778 175.673266644 180.564939499 5.83328278867 5.5339087442 6.72973923428 12.5170941805 5.33226711397 5.39988937023 10.2132379169 6.89902813862 10.5939044919 34.6607232379 16610.2443932 21745.0742189 55.5848731047 5.87897899106 4.69510463127 124.237870005 114.008049805 66.274054942 59.18094461 44.0188512933 9.73800997759
-9999.0 -9999.0 -9999.0 -9999.0 -9999.0 -9999.0 -9999.0 -9999.0 -9999.0 -9999.0 -9999.0 -9999.0 -9999.0 -9999.0 -9999.0 16.0328621465 53.7117365909 17.9715886332 28.3021771211 28.1305545256 53.6140376063 78.5903114845 101.325816913 586.440052204 607.793647162 22.0309493931 42.5019798776 63.2402359164 77.4927884433 93.6210483685 139.01032096 152.067137851 11.4981763517 8.81599528526 6.81301033763 11.5730693576 9.57409588423 10.6025926059 8.49623512137 9.85608357023 38.6246590106 18.671624795 10.3937760398 10.0829591442 10.0452506161 19.0014691172 22114.7571021 309.810875926 146.735439163 11.5992111607 4.96577545708 4.73370502596 16.6206208147 11.5495104326 5.8782858771
-9999.0 -9999.0 -9999.0 -9999.0 -9999.0 -9999.0 -9999.0 -9999.0 -9999.0 -9999.0 -9999.0 -9999.0 -9999.0 -9999.0 17.08121286 32.5765033684 120.405701603 17.7318127968 53.5052299514 80.842133192 106.513643996 26.5373167239 49.8808896006 72.1056028892 698.296855376 20.7559256913 39.8852840074 59.3296158484 17.9877853701 35.4967121765 45.4462140306 57.4461780378 1371.45625104 1391.49311081 1409.42734817 1505.18435929 1535.26349775 1607.02070726 17.7279120678 38.0660306366 48.1468838513 1834.77442578 1854.32036522 9.45325158421 17.1659473012 24.6249629313 22123.6470169 299.784456093 139.027779538 133.42831802 106.801651082 94.4440125993 22.1226724867 5.35794987148 10.3416550265
-9999.0 -9999.0 -9999.0 -9999.0 -9999.0 -9999.0 -9999.0 -9999.0 -9999.0 -9999.0 -9999.0 -9999.0 -9999.0 -9999.0 16.9348898794 51.780493782 189.155338246 278.492133366 16.2121028235 369.802726104 495.371064998 25.2529268232 48.4636917939 71.4050218217 903.141883063 922.399970416 19.0254190192 97.8026635631 116.037591662 130.780474837 1242.42107318 1280.36810433 1304.53746611 11.7981418617 67.5546557597 80.4383534178 37.9907819312 54.4899396833 1685.18266724 1749.00749879 1763.29885223 1777.03322942 1873.21992619 9.26673993368 8.49188408883 40.3170736532 22132.4832032 8.23525007738 7.30094187303 21.7872333816 8.00005073857 85.2873855725 70.3943552184 41.2011476935 29.7077521736
-9999.0 -9999.0 -9999.0 -9999.0 -9999.0 -9999.0 -9999.0 -9999.0 -9999.0 -9999.0 -9999.0 -9999.0 -9999.0 -9999.0 -9999.0 -9999.0 36.165123358 72.9209863571 331.613609118 350.807269966 512.363123468 531.669577394 24.8212227447 49.6081708561 117.270411191 940.703962849 980.876179757 998.320332334 15.3246817331 1061.57084011 1100.0085064 25.07824926 11.9310552052 22.9955667866 45.2904151269 11.1905177403 23.001115789 51.716983988 65.4523315604 12.7611405017 9.42370837772 18.991626812 1935.01041399 1952.63409459 1960.09386443 2018.71908902 22140.5249252 5.40021683352 5.36355835441 6.36382670117 6.14511064265 6.28944060943 5.60871566256 10.4997444141 4.002556186
-9999.0 -9999.0 -9999.0 -9999.0 -9999.0 -9999.0 -9999.0 -9999.0 -9999.0 -9999.0 -9999.0 -9999.0 -9999.0 -9999.0 -9999.0 -9999.0 18.8825551767 18.5754065922 18.6936718458 39.3753723889 17.5775128079 566.382127394 584.05930521 23.0403274068 46.02670945 23.0141461725 20.3047332888 19.8855330986 1033.2481479 12.5600124477 25.7564016236 13.2801732281 12.0911697002 11.14032793 9.28654044163 9.60203820094 29.2881638715 39.9132315729 8.31798534493 7.58114789782 16.2389066833 26.5360544597 32.0690926716 7.60661982225 1970.03734439 2026.23511375 22146.1316809 24.4586802097 14.2660887591 3.82730851645 9.09923136726 3.05103599976 2.30614568446 13.1300689975 20.2701555096
-9999.0 -9999.0 -9999.0 -9999.0 -9999.0 -9999.0 -9999.0 -9999.0 -9999.0 -9999.0 -9999.0 -9999.0 -9999.0 -9999.0 -9999.0 -9999.0 -9999.0 -9999.0 18.384486468 56.5784089114 72.3794832357 89.3186763389 600.404227645 616.578825683 633.556812152 654.395618805 673.852834107 714.055297965 726.378469289 738.161807804 748.771378945 10.6536610646 10.1335941363 10.7868153633 39.6456818311 10.4696861226 10.0880369316 8.27428350479 24.4718807879 9.6272944541 7.79406675322 7.28247199934 6.33135498914 12.6352950566 18.3592229413 2064.15476572 24240.9682032 4.64950752837 11.0036411841 3.06111015311 12.36605986 6.60415207459 4.6460995855 49.1013520051 32.9696380822
-9999.0 -9999.0 -9999.0 -9999.0 -9999.0 -9999.0 -9999.0 -9999.0 -9999.0 -9999.0 -9999.0 -9999.0 -9999.0 -9999.0 -9999.0 -9999.0 -9999.0 -9999.0 -9999.0 15.8307926523 121.938859552 244.988602258 263.067397057 24.1640843881 47.4228582684 70.1557261422 90.2225616905 219.645890621 230.883616685 10.9029571818 10.878669461 770.678532698 790.672471727 800.043724682 47.7154637391 7.832579544 18.4379960981 27.1287133359 80.6570316255 98.8882648272 113.832354215 13.7876032102 19.2031817341 6.47625654375 12.9124189173 6.66352385694 24253.6573419 4.55099803633 19.2980947041 8.95230464003 25.1231717852 49.3515790859 56.3332500384 107.685241354 37.934562523
-9999.0 -9999.0 -9999.0 -9999.0 -9999.0 -9999.0 -9999.0 -9999.0 -9999.0 -9999.0 -9999.0 -9999.0 -9999.0 -9999.0 -9999.0 -9999.0 -9999.0 -9999.0 17.1806749724 54.1804298455 106.427226482 139.508410621 363.562604632 384.408840211 47.2454836825 69.9950317573 90.1532836825 110.551248943 242.552351558 264.748509831 465.041943701 479.702059665 489.276214338 810.102534154 885.495039489 18.3414889047 11.3347300667 10.9594885315 21.2676347627 9.90749835616 132.776561808 139.91216872 25.3236950091 29.8857797548 5.16442339835 5413.43765791 5427.01437414 29689.5412214 29715.3604107 4.16138235449 34.0624556764 5.21052952928 4.92218447135 118.103296828 160.34319579
-9999.0 -9999.0 -9999.0 -9999.0 -9999.0 -9999.0 -9999.0 -9999.0 -9999.0 -9999.0 -9999.0 -9999.0 -9999.0 -9999.0 -9999.0 -9999.0 -9999.0 -9999.0 -9999.0 19.1575526189 18.611935095 35.6170092524 84.8606645835 400.405551418 24.1258042601 23.826868957 43.7983918405 64.4098694367 157.558717975 171.884183911 10.0396525144 10.1135169061 501.969254562 512.781107997 1406.86201372 1414.67220937 7.09470765344 6.34521069574 5.39963181989 5.45201526363 5.65843843764 5297.11703653 5337.46543521 5372.37287364 5382.26072099 5408.74665328 7.3051504961 26.8087589746 34.0370010049 29762.2699013 29765.8746752 29771.1612772 29775.5273317 29779.4469886 165.741718856
-9999.0 -9999.0 -9999.0 -9999.0 -9999.0 -9999.0 -9999.0 -9999.0 -9999.0 -9999.0 -9999.0 -9999.0 -9999.0 -9999.0 -9999.0 -9999.0 -9999.0 -9999.0 -9999.0 -9999.0 17.4209563117 18.053685209 33.6827728527 466.123531532 484.130186349 23.3868631089 43.4103242651 64.5141531445 80.4873764789 13.778903971 25.8631386946 1107.8177535 1118.67503676 1127.08171163 1199.52029664 2622.35227148 5031.93034585 5047.88035086 5062.57547822 5076.69008596 5132.47133365 5150.28446768 33.9632984521 15.5801738955 9.18957524176 17.4273372492 13.1844983903 20.9558825801 6.82811097399 140.816495211 154.836307071 165.150284513 168.924585959 29783.2413656 29953.6044912
-9999.0 -9999.0 -9999.0 -9999.0 -9999.0 -9999.0 -9999.0 -9999.0 -9999.0 -9999.0 -9999.0 -9999.0 -9999.0 -9999.0 -9999.0 -9999.0 -9999.0 -9999.0 -9999.0 -9999.0 -9999.0 17.6625890865 33.8382093993 50.0600410053 497.939568069 19.2790243361 684.294855143 705.85415741 719.164533974 731.626837324 1056.7192841 1070.11856609 11.6979040334 54.4931039968 65.9686271535 11.631355195 2393.42395621 2372.13685024 7.32355653204 16.3708509384 43.2611341035 9.37762757542 9.83005014571 7.75942429669 6.66969589362 5.19127736951 6.12464891556 119.228874538 125.680401351 133.349180184 7.48233126493 5.34541535813 172.517481159 177.307595546 179.905035234
-9999.0 -9999.0 -9999.0 -9999.0 -9999.0 -9999.0 -9999.0 -9999.0 -9999.0 -9999.0 -9999.0 -9999.0 -9999.0 -9999.0 -9999.0 -9999.0 -9999.0 -9999.0 -9999.0 -9999.0 -9999.0 16.3436525682 15.3068344447 78.9239023464 609.346266775 644.953888995 664.878255773 22.0422353671 293.295905809 306.794077739 312.858755856 12.444813371 25.1982757292 36.7036013086 574.173294986 583.344946169 591.515443385 2356.49014711 1390.11218025 9.02025377747 9.11894138747 8.79995301259 7.10365951388 70.068545938 85.0061894278 98.1280481847 105.498406924 112.616873005 646.603352073 651.905613383 656.696301268 667.430435234 726.670825908 729.98053075 913.653225769
-9999.0 -9999.0 -9999.0 -9999.0 -9999.0 -9999.0 -9999.0 -9999.0 -9999.0 -9999.0 -9999.0 -9999.0 -9999.0 -9999.0 -9999.0 -9999.0 -9999.0 -9999.0 -9999.0 -9999.0 -9999.0 -9999.0 31.8502930778 48.3666993584 17.9696367267 23.3139580047 216.478488835 238.565498377 255.724695144 117.258009519 129.416228325 142.289853574 153.803994352 554.162885309 565.642366329 347.018953382 948.436800368 957.842243474 1382.2796692 17.9465617834 8.94705601933 6.52803744245 47.6542820292 55.9797297997 5.33252445301 4.95382944722 622.245958031 634.960904335 641.462471649 5.5469098676 7.86565301037 716.480329859 7.23154826823 25.4629661535 28.0488947778
-9999.0 -9999.0 -9999.0 -9999.0 -9999.0 -9999.0 -9999.0 -9999.0 -9999.0 -9999.0 -9999.0 -9999.0 -9999.0 -9999.0 -9999.0 -9999.0 -9999.0 -9999.0 -9999.0 -9999.0 -9999.0 -9999.0 15.8684737628 31.4374583205 132.655108003 151.074261382 172.391846707 86.1416129905 104.979328902 13.0883635361 365.083080955 377.210917709 389.1171992 11.4045355351 325.413218633 337.194884155 9.42619775775 1335.45350785 19.8332851213 9.76691018538 25.3079264253 34.2815885185 6.99543353096 5.70700716835 561.203168778 610.597392112 618.148816585 7.5197121655 16.2122857235 20.5232903894 24.0052522058 46.1414112063 9.12228855631 20.8161401207 4.28062044009
-9999.0 -9999.0 -9999.0 -9999.0 -9999.0 -9999.0 -9999.0 -9999.0 -9999.0 -9999.0 -9999.0 -9999.0 -9999.0 -9999.0 -9999.0 -9999.0 -9999.0 -9999.0 -9999.0 -9999.0 -9999.0 -9999.0 15.7144144798 49.3142191439 85.6196384089 20.8945349283 43.3061705183 65.6433366946 312.655499055 327.856740414 340.112760404 11.1916148872 257.362911829 292.707532384 304.025340464 8.73488591677 1296.11318281 1316.85346938 9.80656933575 9.09522386893 18.122864824 7.58055076669 523.131454828 537.037437416 545.032462331 30.7061178004 38.092563917 6.47753050534 11.6234654055 5.19354794025 35.505414329 5.42206503558 5.16528301563 5.59531762793 5.8014169904
-9999.0 -9999.0 -9999.0 -9999.0 -9999.0 -9999.0 -9999.0 -9999.0 -9999.0 -9999.0 -9999.0 -9999.0 -9999.0 -9999.0 -9999.0 -9999.0 -9999.0 -9999.0 -9999.0 -9999.0 -9999.0 -9999.0 -9999.0 17.3568945096 18.9491648294 23.3257720456 205.624244891 227.573190725 292.338985453 16.7380083672 209.198845037 235.923091233 12.0554274986 24.7748064413 9.98084304656 1267.5726579 10.9115468728 28.7718219365 36.4269087658 43.6985416485 475.388378121 501.206074456 509.872456549 8.67977895776 16.2699788505 23.1735978261 4.29480647147 3.85067752042 1255.77794693 1259.78474134 1263.01964468 1296.41325035 1300.80232195 1307.20948753 1311.73948206
