data/baseflow/mHMbf_acc288.asc
ncols                  80
nrows                 72
xllcorner      4374000.0
yllcorner      5656000.0
cellsize            500
NODATA_value       -9999
[rows 0 to 24 of 72, columns 0 to 54 of 80]
-9999.0 -9999.0 -9999.0 -9999.0 -9999.0 -9999.0 -9999.0 -9999.0 -9999.0 -9999.0 -9999.0 -9999.0 17.4391864094 15.2074967429 -9999.0 -9999.0 -9999.0 -9999.0 -9999.0 -9999.0 -9999.0 -9999.0 -9999.0 -9999.0 -9999.0 -9999.0 -9999.0 -9999.0 -9999.0 -9999.0 -9999.0 -9999.0 -9999.0 -9999.0 -9999.0 -9999.0 -9999.0 -9999.0 -9999.0 -9999.0 -9999.0 -9999.0 -9999.0 -9999.0 -9999.0 -9999.0 -9999.0 -9999.0 -9999.0 -9999.0 -9999.0 -9999.0 -9999.0 -9999.0 -9999.0
-9999.0 -9999.0 -9999.0 -9999.0 -9999.0 -9999.0 -9999.0 -9999.0 -9999.0 -9999.0 -9999.0 -9999.0 35.6177844482 79.0016116046 12.6764668448 -9999.0 10.5916357349 -9999.0 -9999.0 -9999.0 -9999.0 -9999.0 -9999.0 -9999.0 -9999.0 -9999.0 -9999.0 -9999.0 -9999.0 -9999.0 -9999.0 -9999.0 -9999.0 -9999.0 -9999.0 -9999.0 -9999.0 -9999.0 -9999.0 -9999.0 -9999.0 -9999.0 -9999.0 -9999.0 -9999.0 -9999.0 -9999.0 -9999.0 -9999.0 -9999.0 -9999.0 -9999.0 -9999.0 -9999.0 -9999.0
-9999.0 -9999.0 -9999.0 -9999.0 -9999.0 -9999.0 -9999.0 -9999.0 -9999.0 -9999.0 16.3413816482 15.6017031132 16.7625216826 16.764573384 109.233950113 120.814793843 27.9839477204 8.6989670693 -9999.0 -9999.0 -9999.0 -9999.0 -9999.0 -9999.0 -9999.0 -9999.0 -9999.0 -9999.0 -9999.0 -9999.0 -9999.0 -9999.0 -9999.0 -9999.0 -9999.0 -9999.0 -9999.0 -9999.0 -9999.0 -9999.0 -9999.0 -9999.0 -9999.0 -9999.0 -9999.0 -9999.0 -9999.0 -9999.0 -9999.0 -9999.0 -9999.0 -9999.0 -9999.0 -9999.0 -9999.0
-9999.0 -9999.0 -9999.0 -9999.0 -9999.0 -9999.0 -9999.0 -9999.0 -9999.0 15.4454980981 31.8688851065 63.5044915771 32.0917535393 15.5206096086 29.9448527348 134.187580616 182.803789341 10.2544972283 -9999.0 15.3844471608 -9999.0 -9999.0 -9999.0 -9999.0 19.142296238 9.86717308347 -9999.0 -9999.0 -9999.0 -9999.0 -9999.0 -9999.0 -9999.0 -9999.0 -9999.0 -9999.0 -9999.0 -9999.0 -9999.0 -9999.0 -9999.0 -9999.0 -9999.0 -9999.0 -9999.0 -9999.0 -9999.0 -9999.0 -9999.0 -9999.0 -9999.0 -9999.0 -9999.0 -9999.0 -9999.0
-9999.0 -9999.0 -9999.0 -9999.0 -9999.0 -9999.0 -9999.0 -9999.0 18.4123971248 50.7577316259 65.457755837 80.206575371 109.914448562 13.4810483913 55.9862592993 68.3615516942 271.734382051 10.3878838516 10.4739711061 27.7237795825 39.385891795 12.4538962729 -9999.0 49.5507534675 41.00186197 11.2400709318 -9999.0 -9999.0 -9999.0 -9999.0 -9999.0 -9999.0 -9999.0 -9999.0 -9999.0 -9999.0 -9999.0 -9999.0 -9999.0 -9999.0 -9999.0 -9999.0 -9999.0 -9999.0 -9999.0 -9999.0 -9999.0 -9999.0 -9999.0 -9999.0 -9999.0 -9999.0 -9999.0 -9999.0 -9999.0
-9999.0 -9999.0 -9999.0 -9999.0 -9999.0 -9999.0 17.7241056334 15.6423061715 15.3305069982 15.8005818641 16.110382851 112.878637721 238.099183737 252.901876495 264.893970203 12.180159071 294.796331874 305.551397425 22.5714124707 12.3152976639 50.7561181586 86.7018369389 11.1081847531 83.9945828146 12.5306711426 11.9480234566 13.0129043174 -9999.0 -9999.0 -9999.0 -9999.0 -9999.0 -9999.0 -9999.0 -9999.0 -9999.0 -9999.0 -9999.0 -9999.0 -9999.0 -9999.0 -9999.0 -9999.0 -9999.0 -9999.0 -9999.0 -9999.0 -9999.0 -9999.0 -9999.0 -9999.0 -9999.0 -9999.0 -9999.0 -9999.0
-9999.0 -9999.0 -9999.0 -9999.0 -9999.0 -9999.0 35.8025504797 52.5839486306 117.638750538 162.739818155 13.1365819471 14.1226039354 12.9840723513 37.6335373949 313.220935476 9.92255380622 315.302680372 358.468402523 32.7537895071 22.0200105494 96.6866976245 11.318368674 95.0225922774 21.0488120458 10.5069446628 21.9186041756 25.8403928381 13.5155177835 14.144983213 13.5007336399 14.8279259998 29.5482496521 -9999.0 -9999.0 -9999.0 -9999.0 -9999.0 -9999.0 -9999.0 -9999.0 -9999.0 -9999.0 -9999.0 -9999.0 -9999.0 -9999.0 -9999.0 -9999.0 -9999.0 -9999.0 -9999.0 -9999.0 -9999.0 -9999.0 -9999.0
-9999.0 -9999.0 -9999.0 -9999.0 -9999.0 20.088664898 38.5685994867 18.3731476642 35.1743928478 180.036104388 209.413795778 238.679696394 795.941753148 12.7227794383 324.980330735 1226.14961654 1235.82584773 1611.18459346 10.371557278 31.6943913077 106.717797847 9.85250733007 217.982018043 112.362065367 69.7827503682 58.9494679168 12.4108450197 40.0263698315 40.7457984277 27.0127379343 12.6975361283 42.7831142594 12.1888966994 11.7965938452 -9999.0 -9999.0 -9999.0 -9999.0 -9999.0 -9999.0 -9999.0 -9999.0 -9999.0 -9999.0 -9999.0 -9999.0 -9999.0 -9999.0 -9999.0 -9999.0 -9999.0 -9999.0 -9999.0 -9999.0 -9999.0
-9999.0 -9999.0 -9999.0 -9999.0 -9999.0 20.3443051795 59.0254976066 116.8214587 134.357432286 266.184369642 282.276448297 333.309704244 545.174120947 838.979223441 867.055561808 880.141851635 22.0182125103 1651.21612471 1671.24150481 1725.24665318 2089.57019276 248.436924225 228.978060087 80.4467799027 10.3961792996 71.6562090156 50.0234418576 9.33654531275 51.6796851088 11.0938428482 23.5782921826 65.7193517921 77.1885477548 22.8860553539 10.9456805867 10.6952948657 -9999.0 -9999.0 -9999.0 -9999.0 9.86498820768 8.85853889981 -9999.0 -9999.0 -9999.0 -9999.0 -9999.0 -9999.0 -9999.0 -9999.0 -9999.0 -9999.0 -9999.0 -9999.0 -9999.0
-9999.0 -9999.0 -9999.0 -9999.0 -9999.0 19.5518567331 18.5814154023 78.3438139821 96.3358101114 114.963356307 17.4135341822 34.3536071849 199.482840317 33.9557174779 15.5771288364 13.1881722588 10.9650759693 12.8553029265 11.357436031 12.3393685949 2099.77569699 2128.65985819 9.49725108657 29.8509313222 20.6433288254 81.0564185163 18.9980857403 8.81788609173 62.6982502046 22.1856465489 55.1551237419 133.236048247 122.048556961 33.5346791088 31.8849288613 11.3770425438 11.2584917258 -9999.0 -9999.0 11.6161474597 21.2580068443 48.9116449446 9.5552731443 -9999.0 -9999.0 -9999.0 -9999.0 -9999.0 -9999.0 -9999.0 -9999.0 -9999.0 -9999.0 -9999.0 -9999.0
-9999.0 -9999.0 -9999.0 -9999.0 -9999.0 -9999.0 20.7257272372 20.7443894737 39.1506642203 58.0226088531 131.19465436 166.854580222 184.465709504 17.3948699882 12.8447060052 184.593529164 223.071112336 234.329024481 283.165322964 293.446513127 9.96036352003 2138.9258346 2188.00179131 39.2814509793 8.49298698845 89.4489928856 195.106760104 79.3251926133 17.2309468212 8.84037338506 206.647128088 142.621034205 8.76131049997 8.56485880942 40.9627659438 32.7132506498 9.97894138912 8.89535620139 10.9836534886 22.2563464858 10.4358225595 59.500477911 69.1562657245 8.43139578041 -9999.0 -9999.0 -9999.0 -9999.0 10.7321832388 9.82475290205 4.43645693056 -9999.0 -9999.0 -9999.0 -9999.0
-9999.0 -9999.0 -9999.0 -9999.0 -9999.0 -9999.0 -9999.0 19.8668437785 17.8419395343 37.4755578448 56.2744535749 17.9050912639 15.2143956235 99.812738823 129.133663975 159.76063408 13.7101504336 26.1238889421 12.8139146868 304.612945126 669.089304605 677.919978834 2884.50548028 9.26797247258 23.8438373544 7.37322491574 202.642622453 8.35625404972 26.2289816787 8.53853743973 215.120662852 223.67324057 17.6640464633 17.3535478493 104.131080121 52.9046075048 18.8204106186 9.90584889282 21.7895769608 32.8840921573 52.8746441311 9.12773571545 85.3479329144 92.8952105508 6.71897035716 7.5408326409 8.13555013535 7.02902170792 6.66791135315 28.1774349546 12.6362578422 8.43821800989 -9999.0 -9999.0 -9999.0
-9999.0 -9999.0 -9999.0 -9999.0 -9999.0 -9999.0 -9999.0 -9999.0 37.1804151369 53.7903226474 17.8460413923 36.5870736113 53.2352788837 85.9529757414 16.3937005028 15.604107763 12.2486536104 12.3365589569 10.270355176 341.891567964 13.1135103011 25.0090301757 2918.28285371 2935.57209612 6.04996577095 36.2231300667 245.391364956 16.0461593267 33.0380157777 14.5368009078 21.0395806625 255.068924295 24.7750251235 144.325534376 120.284476793 8.30616280122 47.3169937766 19.3751790137 31.0393925183 8.97647458891 61.0527055189 77.3915205093 83.5669616571 89.2705316988 117.718619372 12.6743089407 13.9756668292 12.2528330645 11.4943484239 33.9967107094 6.22823438212 27.6151388246 33.3472421152 -9999.0 -9999.0
-9999.0 -9999.0 -9999.0 -9999.0 -9999.0 -9999.0 -9999.0 -9999.0 19.6732488287 92.4073375521 109.657313372 17.2093483905 33.1720689208 15.8893096222 13.8819561829 13.6282964608 175.180208529 230.272477543 280.217585317 331.994895493 11.9677352585 12.3888318337 10.2416291717 2982.81572978 3000.47014198 3006.22396004 315.981030564 63.5236945869 55.9180815456 5.85709677969 27.0457829122 288.493031824 6.42971402807 150.894492538 8.23733938602 62.9142589446 57.0503032357 9.22564398253 40.2971016583 18.10713894 27.0815657129 7.14391177046 5.57773803687 94.867530847 99.9386356749 122.771835497 19.7527075944 17.6352160235 16.7000890291 40.6916501789 53.4049806044 6.3468874614 39.5170103063 6.96853687227 12.9649885179
-9999.0 -9999.0 -9999.0 -9999.0 -9999.0 -9999.0 -9999.0 -9999.0 -9999.0 20.1440604812 128.015763223 144.560953674 49.0411842255 80.612422025 108.609720786 122.886209044 14.8289203465 42.8473268725 28.9219791243 15.506338501 14.3221898396 12.2513986755 23.191710978 37.8945662017 10.2003812959 3339.18691046 3345.09874885 5.1797343923 4.25478068892 12.1025674177 18.0385631561 306.605997216 12.2606315985 155.995594826 93.6021990927 78.9193740406 8.20144417546 17.0758619306 47.9803475554 7.69630281256 34.601708981 14.2164290698 9.48016648064 4.76174187215 114.434038244 241.151922129 23.3236012811 21.3025264083 21.3968307812 4.79692181721 58.2583286175 4.66901914275 50.9051553817 5.82055135383 18.9280231511
-9999.0 -9999.0 -9999.0 -9999.0 -9999.0 -9999.0 -9999.0 -9999.0 -9999.0 -9999.0 16.7976929319 178.219341039 15.6151803323 30.9792440664 44.2674976853 69.8176645007 13.0362551717 27.4324086345 13.5251040897 11.9242520746 10.9478210065 21.44447416 8.83022201493 9.45249594763 16.6945303201 8.84938948695 3351.89116135 3362.77078735 3378.7628659 22.9819096104 6.31367555776 12.5926549352 313.483463921 281.401575625 108.374342498 7.27135887788 32.9708246139 24.9298046107 55.691026317 15.3321365124 63.9819982335 21.558239736 15.2502228098 4.39465969729 5.29155293848 247.070041073 251.947657606 300.555424746 36.7159102344 10.0391010278 63.6570464094 73.5881235203 129.171550944 11.3462688357 5.30722193086
-9999.0 -9999.0 -9999.0 -9999.0 -9999.0 -9999.0 -9999.0 -9999.0 -9999.0 -9999.0 -9999.0 10.0900003516 199.5083448 13.9552958075 26.5542379246 120.912648968 12.5163006523 12.2048836747 9.92281509503 22.8854634404 11.3686094599 43.7696624479 60.9752592003 68.256880474 22.5971651536 26.9283643427 5.04155379813 7.56196158177 7.17681352822 3414.683307 3431.54493911 318.497092697 292.152677124 286.819759596 11.3996537046 5.4171131671 39.5964578109 108.895735447 62.6855922825 22.1814069645 92.8537996849 35.4846826389 29.2751834727 8.61022800145 3.66732345277 3.10182939517 3.47316623391 319.669997922 371.931485429 4.86264652874 4.34123353742 4.93235721438 134.126508497 150.218478863 9.38273459225
-9999.0 -9999.0 -9999.0 -9999.0 -9999.0 -9999.0 -9999.0 -9999.0 -9999.0 -9999.0 -9999.0 9.29991246074 221.419596871 267.261110068 12.8458019512 146.016944274 11.0373992812 10.2395278477 21.0093829751 55.3771193752 10.8223643037 11.7379077249 8.48004815278 84.6036488744 92.0682457184 127.203666901 138.222481916 144.449714952 149.347549202 155.877097265 3593.27204246 3921.70426568 4222.8467148 4226.63025744 4.22784537557 5.44355624338 122.251356897 115.624424037 6.83892208356 6.85532544022 100.032721018 142.436798346 5.63258389513 79.2342040554 73.9627384448 19.6579341475 8.61060037174 14.661217492 6.26655047596 381.531585471 4.91617840333 13.8940815472 17.48352572 182.204994563 195.728813905
-9999.0 -9999.0 -9999.0 -9999.0 -9999.0 -9999.0 -9999.0 -9999.0 -9999.0 -9999.0 -9999.0 17.5217931568 32.735522461 281.869442082 304.610561443 11.2440890687 166.800563185 8.37706450438 27.0749238444 64.5460643292 20.2245383466 9.31972511392 18.9761064258 6.37877923425 12.3829759656 6.42545875325 5.83182326868 5.25666351724 4.91784509604 4.15541981469 3.75744335099 4.99246745802 5.89814537356 6.64288615518 4241.71677889 136.720062747 128.73744528 3.01679440844 18.9979848293 5.7576047279 6.01427017136 148.421381962 247.213120544 86.5189345192 65.8314824794 12.298308529 5.01123134494 4.40907867485 9.12206314337 395.625525119 404.769576746 4.83148664702 5.11783407249 5.1718603761 4.58482319312
-9999.0 -9999.0 -9999.0 -9999.0 -9999.0 -9999.0 -9999.0 -9999.0 -9999.0 -9999.0 -9999.0 -9999.0 13.3314664341 198.053324983 515.4938007 554.280514817 730.865858451 740.291737206 139.585552819 103.944326895 29.7686507901 9.08853915651 36.4406404485 44.2813885994 63.3393694934 13.3727802278 11.9352420531 11.5566831149 22.4753138271 9.98326643486 9.44520948912 5.34874767525 4.32137337323 3.53466016836 4246.73003211 4387.27369237 4391.31043233 2.93760267805 50.0930743617 24.6295098911 6.74768890162 269.395940634 16.2720561835 8.53131674905 38.9979001482 7.91654235426 5.63139101525 10.5133477315 14.5525067509 19.1286144269 412.213520362 3.46867805165 3.0230152407 3.03462405785 2.39105090178
-9999.0 -9999.0 -9999.0 -9999.0 -9999.0 -9999.0 -9999.0 -9999.0 -9999.0 -9999.0 -9999.0 15.5064042286 151.905595067 183.6029405 27.3432430886 10.0636075387 20.871037136 770.877072302 778.898713545 927.60248574 7.50444076816 16.4680481655 6.46008681639 6.59572693045 69.6053993577 89.2134681417 106.517908944 5.25099213231 27.7081144958 42.7855909391 24.6476188877 10.3595661738 8.64091326945 7.52029956214 7.23866477427 2.93254576486 4394.36653769 4396.47874054 4451.22708317 9.95974944784 5.54597535484 275.349899903 18.095195958 9.33084303757 11.0470850228 10.9805184843 9.01087620528 15.632106538 42.5713207502 66.7709860622 482.630526244 2.50448950152 7.66375068928 5.26447002907 4.42146354611
-9999.0 -9999.0 -9999.0 -9999.0 -9999.0 -9999.0 -9999.0 -9999.0 -9999.0 -9999.0 -9999.0 15.9972079915 108.105275018 16.4442778236 12.9107177089 76.1591309928 87.0908737087 97.5338833656 106.40441121 1255.02612773 1263.99495003 1279.48763544 1404.7487167 1425.296802 1436.57708116 1443.14360213 1565.06045108 1581.26386981 1587.14747511 1636.45166321 1667.34502934 1672.41918586 1691.29051723 12.2698417225 11.4658893592 2.43934114053 1.78801332384 4399.14029135 4466.93581999 13.5762598963 319.643065578 314.645389792 33.1930342105 7.70522046126 8.19118943126 7.75976262315 7.79687391599 15.7067860406 21.9282385718 5.86173938049 486.032401096 489.70428242 505.738090349 508.680195243 515.862675781
-9999.0 -9999.0 -9999.0 -9999.0 -9999.0 -9999.0 -9999.0 -9999.0 -9999.0 -9999.0 -9999.0 56.6428075892 74.7633389951 33.9416597123 49.2735907767 15.0628956509 169.454656697 180.765097091 202.684284128 212.077841138 71.2510497374 1365.83144711 1375.08496576 6.9292029423 4.71136898015 4.63057217033 9.68837171319 4.882548359 4.03279373486 3.80324666798 3.95443779147 1677.93715272 1696.87654654 1714.66686721 1730.70871873 1738.17139301 3.09724357509 0.837141666046 4796.44431055 327.448932138 325.068524138 5.91431200199 5.49713935578 4.93538659539 13.5851356747 13.1340680485 5.99476131171 6.04847162743 5.34889382746 11.0462471968 14.2690900103 2.3762750214 4.34426571967 1.69469138862 1.50358652538
-9999.0 -9999.0 -9999.0 -9999.0 -9999.0 -9999.0 -9999.0 -9999.0 -9999.0 -9999.0 -9999.0 -9999.0 38.5049380223 17.783408525 15.2705611126 146.578082374 158.617371221 11.9739274692 44.9053366059 54.9358503033 63.2336884941 9.67666897205 6.00722405732 190.135315417 194.791640342 199.313914388 501.090912808 504.814944566 512.209690731 547.042524548 568.409482377 571.740840928 3.7539790358 4.00631296533 3.49860295568 1741.4890865 1.32025069022 4840.62680714 4838.3688129 39.8981343275 36.6944785177 22.4529867805 5.77371660372 9.73794675342 18.8746738103 18.4898632292 11.5704104176 5.72200515085 10.9670000236 10.7238897875 18.8316008659 3.38001733046 7.32130409228 12.0325125741 15.3291566989
-9999.0 -9999.0 -9999.0 -9999.0 -9999.0 -9999.0 -9999.0 -9999.0 -9999.0 -9999.0 -9999.0 -9999.0 20.0092500113 54.2535178249 70.1109133023 116.809348183 11.8683393649 24.5731230142 35.3513408259 147.599234009 156.334957504 164.251893019 171.1360823 179.026182238 264.237020644 286.26760684 298.223311702 5.20118586848 26.7449595366 31.8756357467 558.073932687 576.099850718 585.41616398 595.158944012 601.672827721 2344.8219028 1.87512488725 4849.94027904 5.35276637773 2.79148827367 31.3477045733 26.8670311162 3.88982545659 14.0711147626 23.2666144863 22.6193576546 15.5154394536 25.2703926498 39.8741042299 14.8874105169 37.6457598814 3.20942265852 5.81863877323 1.14508896689 0.877182074689
