data/baseflow/mHMbf_acc415.asc
ncols                  80
nrows                 72
xllcorner      4374000.0
yllcorner      5656000.0
cellsize            500
NODATA_value       -9999
[rows 0 to 23 of 72, columns 0 to 54 of 80]
-9999.0 -9999.0 -9999.0 -9999.0 -9999.0 -9999.0 -9999.0 -9999.0 -9999.0 -9999.0 -9999.0 -9999.0 12.6561731831 15.8603087631 -9999.0 -9999.0 -9999.0 -9999.0 -9999.0 -9999.0 -9999.0 -9999.0 -9999.0 -9999.0 -9999.0 -9999.0 -9999.0 -9999.0 -9999.0 -9999.0 -9999.0 -9999.0 -9999.0 -9999.0 -9999.0 -9999.0 -9999.0 -9999.0 -9999.0 -9999.0 -9999.0 -9999.0 -9999.0 -9999.0 -9999.0 -9999.0 -9999.0 -9999.0 -9999.0 -9999.0 -9999.0 -9999.0 -9999.0 -9999.0 -9999.0
-9999.0 -9999.0 -9999.0 -9999.0 -9999.0 -9999.0 -9999.0 -9999.0 -9999.0 -9999.0 -9999.0 -9999.0 23.3718903864 64.9392823511 13.2904979403 -9999.0 13.6900289277 -9999.0 -9999.0 -9999.0 -9999.0 -9999.0 -9999.0 -9999.0 -9999.0 -9999.0 -9999.0 -9999.0 -9999.0 -9999.0 -9999.0 -9999.0 -9999.0 -9999.0 -9999.0 -9999.0 -9999.0 -9999.0 -9999.0 -9999.0 -9999.0 -9999.0 -9999.0 -9999.0 -9999.0 -9999.0 -9999.0 -9999.0 -9999.0 -9999.0 -9999.0 -9999.0 -9999.0 -9999.0 -9999.0
-9999.0 -9999.0 -9999.0 -9999.0 -9999.0 -9999.0 -9999.0 -9999.0 -9999.0 -9999.0 9.74410026745 9.42175633508 10.098207233 10.0496138675 83.5212562219 95.2695739951 38.4469830695 12.4662152475 -9999.0 -9999.0 -9999.0 -9999.0 -9999.0 -9999.0 -9999.0 -9999.0 -9999.0 -9999.0 -9999.0 -9999.0 -9999.0 -9999.0 -9999.0 -9999.0 -9999.0 -9999.0 -9999.0 -9999.0 -9999.0 -9999.0 -9999.0 -9999.0 -9999.0 -9999.0 -9999.0 -9999.0 -9999.0 -9999.0 -9999.0 -9999.0 -9999.0 -9999.0 -9999.0 -9999.0 -9999.0
-9999.0 -9999.0 -9999.0 -9999.0 -9999.0 -9999.0 -9999.0 -9999.0 -9999.0 9.31864040524 19.2129718283 38.1646190256 19.375795584 9.37562696091 18.3101934557 104.042490402 167.920621024 12.8556158454 -9999.0 9.58168290887 -9999.0 -9999.0 -9999.0 -9999.0 26.3416735487 13.6245828073 -9999.0 -9999.0 -9999.0 -9999.0 -9999.0 -9999.0 -9999.0 -9999.0 -9999.0 -9999.0 -9999.0 -9999.0 -9999.0 -9999.0 -9999.0 -9999.0 -9999.0 -9999.0 -9999.0 -9999.0 -9999.0 -9999.0 -9999.0 -9999.0 -9999.0 -9999.0 -9999.0 -9999.0 -9999.0
-9999.0 -9999.0 -9999.0 -9999.0 -9999.0 -9999.0 -9999.0 -9999.0 11.2025998327 30.7314838845 39.9068624256 49.2131671403 66.5392141376 8.6420956442 34.8940402026 43.1927170891 232.123396751 9.43865187087 8.03817073804 17.9060749856 26.0279913461 8.49699296695 -9999.0 64.9011471641 53.1693150602 13.6512204806 -9999.0 -9999.0 -9999.0 -9999.0 -9999.0 -9999.0 -9999.0 -9999.0 -9999.0 -9999.0 -9999.0 -9999.0 -9999.0 -9999.0 -9999.0 -9999.0 -9999.0 -9999.0 -9999.0 -9999.0 -9999.0 -9999.0 -9999.0 -9999.0 -9999.0 -9999.0 -9999.0 -9999.0 -9999.0
-9999.0 -9999.0 -9999.0 -9999.0 -9999.0 -9999.0 10.9043816304 9.77206158292 9.35742525732 9.59141351934 9.91504398207 69.3467606177 145.363435388 154.611311882 161.057485988 5.60145640315 246.768079844 254.871255503 16.3813048885 8.26366742705 33.9970097977 58.9642127593 9.6666736716 94.7156395554 9.15713266318 9.94286846026 9.47741290219 -9999.0 -9999.0 -9999.0 -9999.0 -9999.0 -9999.0 -9999.0 -9999.0 -9999.0 -9999.0 -9999.0 -9999.0 -9999.0 -9999.0 -9999.0 -9999.0 -9999.0 -9999.0 -9999.0 -9999.0 -9999.0 -9999.0 -9999.0 -9999.0 -9999.0 -9999.0 -9999.0 -9999.0
-9999.0 -9999.0 -9999.0 -9999.0 -9999.0 -9999.0 21.9249580915 32.25258267 72.6411063061 100.524189749 8.69404957542 9.04624506425 8.65422803555 25.1920940308 193.815225503 6.36445881727 262.448670473 292.603506427 23.8940893582 15.5185775154 66.4322826502 8.14058280137 102.765856423 16.7308182337 8.48089620689 18.1273239764 18.8384257449 9.28418763986 9.42959043708 9.18281727274 9.85003303777 19.6929112457 -9999.0 -9999.0 -9999.0 -9999.0 -9999.0 -9999.0 -9999.0 -9999.0 -9999.0 -9999.0 -9999.0 -9999.0 -9999.0 -9999.0 -9999.0 -9999.0 -9999.0 -9999.0 -9999.0 -9999.0 -9999.0 -9999.0 -9999.0
-9999.0 -9999.0 -9999.0 -9999.0 -9999.0 12.0897226342 23.3273869532 11.0788016532 21.5460819995 111.262639008 130.155580536 148.797886667 492.811736652 8.31483651874 202.137906843 763.233740236 768.84127631 1071.74070316 6.44424220839 22.8246993615 73.9357227923 7.41848492418 197.776906406 87.1787120645 54.4642400711 45.8410337655 9.24451881823 27.6014234912 27.5206517002 18.3140502608 8.97204281023 28.9176675243 8.94623829677 8.80873045329 -9999.0 -9999.0 -9999.0 -9999.0 -9999.0 -9999.0 -9999.0 -9999.0 -9999.0 -9999.0 -9999.0 -9999.0 -9999.0 -9999.0 -9999.0 -9999.0 -9999.0 -9999.0 -9999.0 -9999.0 -9999.0
-9999.0 -9999.0 -9999.0 -9999.0 -9999.0 12.3209624957 35.7061488306 70.7268594062 81.5520547402 163.121611684 173.215130992 205.162440062 335.574641802 520.083663834 538.37094272 547.030799511 14.3809980728 1097.93238215 1111.21317727 1148.86425447 1451.2103893 220.886669728 205.956464049 62.4952036289 7.98662685933 52.7149089976 35.9769917871 7.98105351593 35.799865988 7.85687245148 16.5844622088 45.9557813744 54.5932227963 17.3146195572 8.55651097981 8.38405136495 -9999.0 -9999.0 -9999.0 -9999.0 12.2563935764 11.3073037066 -9999.0 -9999.0 -9999.0 -9999.0 -9999.0 -9999.0 -9999.0 -9999.0 -9999.0 -9999.0 -9999.0 -9999.0 -9999.0
-9999.0 -9999.0 -9999.0 -9999.0 -9999.0 11.7604556114 11.25941931 48.4651180798 59.5830901281 71.1497766429 10.9042587856 21.5131681398 123.900484355 22.5310918889 10.0824456651 8.99006487255 7.88463180142 9.10058514933 8.46890738268 8.70952692108 1459.2944664 1481.84554842 7.44048220851 23.1749947373 15.8683947965 60.531843639 16.1933757726 7.78881163245 44.3046793329 15.2590017005 36.8991184274 95.5274091777 88.8204219869 25.6782186264 25.2504064132 8.61943017726 8.55422798825 -9999.0 -9999.0 8.56685840016 24.1744558012 59.0046032851 11.8303609901 -9999.0 -9999.0 -9999.0 -9999.0 -9999.0 -9999.0 -9999.0 -9999.0 -9999.0 -9999.0 -9999.0 -9999.0
-9999.0 -9999.0 -9999.0 -9999.0 -9999.0 -9999.0 12.7653173181 13.1706902157 24.2275221745 35.8048899342 80.5096048083 102.804938106 114.192804507 12.412449819 8.95717981153 122.272203392 149.097177766 157.349355326 192.247106734 200.052592143 7.74989969151 1489.7568148 1526.27045859 28.7766221138 2.89782897201 66.5609032375 149.392754344 59.5594518742 14.8946545611 7.44903882841 147.136368733 103.28723799 7.61320572884 7.73092327939 33.2682673338 25.2120631642 8.12882098083 7.96673346442 8.28396400471 16.6931698918 7.98682612474 71.543671785 79.3558695971 7.43312799298 -9999.0 -9999.0 -9999.0 -9999.0 8.19769058855 7.79042147739 2.02966952022 -9999.0 -9999.0 -9999.0 -9999.0
-9999.0 -9999.0 -9999.0 -9999.0 -9999.0 -9999.0 -9999.0 12.3645240227 10.1914410419 22.3121633369 34.1303595809 11.2050881357 10.0871386263 64.4840228725 84.3689238699 104.744228379 9.43983765237 18.1629401897 9.01342049069 208.251487503 478.077002616 489.377574338 2033.13210873 7.31101814148 9.07951760797 2.75882168561 156.719003086 7.32288427212 22.4938972746 7.33205207969 154.543674677 161.949907449 15.3260416144 15.2453721591 82.8574572507 41.4664809077 16.3896682517 8.35188809284 16.5187395299 24.8308657479 40.4669186864 7.61198408714 93.7628162016 100.370354932 6.00894685309 6.37813957421 6.61872262166 6.06346067496 5.7608214109 22.5825732924 8.3901522325 5.35027482501 -9999.0 -9999.0 -9999.0
-9999.0 -9999.0 -9999.0 -9999.0 -9999.0 -9999.0 -9999.0 -9999.0 22.8703166051 32.1608401358 11.1419309441 22.8749821809 33.6889509582 55.1619888973 10.9779751384 10.3240570955 8.73340776855 8.80804816042 7.92441433542 253.078622601 9.25793862281 17.950772471 2063.22982246 2081.64553561 6.77419124902 22.6350482779 186.001061185 14.23435806 29.0408968135 13.5275735217 20.1730101387 190.765208913 22.1599874525 119.325719934 97.3540672765 7.37038855774 40.0147444625 16.0655499197 24.0552062358 7.53885173191 47.9732355481 62.4250677433 68.2240506303 73.7486796207 123.079465683 11.4460988114 11.9830368 11.0683704017 10.4165319286 28.0877175116 5.76266723084 19.6288070327 24.7875830187 -9999.0 -9999.0
-9999.0 -9999.0 -9999.0 -9999.0 -9999.0 -9999.0 -9999.0 -9999.0 12.2701483224 56.4352917781 67.2170502769 10.7657743898 21.0373367921 10.2384561008 9.35816737496 9.21305012768 117.46067766 157.029760509 197.248685819 240.786759865 10.5317460119 8.9257824458 8.47849822699 2126.20182753 2149.24344844 2156.86870877 250.863986732 57.3431012166 50.1541524577 6.40880032639 26.3747494159 223.615802498 6.46983284639 125.956944342 7.22008291989 51.0829664429 47.8548803793 7.59868094869 31.5731564254 15.0042396374 22.3127598854 6.67446220994 5.33447168384 79.2099636839 84.2473109863 128.103727163 17.3114810954 16.1666836682 15.345490994 34.2198666456 45.8796789552 5.81954717208 30.2133361001 5.78572988548 10.8694672921
-9999.0 -9999.0 -9999.0 -9999.0 -9999.0 -9999.0 -9999.0 -9999.0 -9999.0 12.8298343951 78.8571573976 89.4172028557 31.3972124412 52.0474489268 71.1021105253 80.858765125 10.119293623 30.6914945356 20.2778126853 10.4780914753 10.0271187014 8.92068893887 17.5922974966 29.6896750907 10.688525609 2427.63788764 2435.00957233 6.55224400059 5.56788539577 12.7991489816 19.1123574577 242.639111353 12.7402786776 131.815890383 77.1570366163 63.8375565867 7.10942749038 14.5370788083 38.3387297842 6.75863111509 28.8870030812 13.2487076952 8.32936473396 2.63664021761 94.3069126203 226.640679158 21.1684868191 20.0968045161 20.1168074783 4.89644312104 50.6944534694 4.6919018663 40.6840694887 5.0154181138 15.8608319381
-9999.0 -9999.0 -9999.0 -9999.0 -9999.0 -9999.0 -9999.0 -9999.0 -9999.0 -9999.0 10.8403999071 111.22033803 10.2623987062 20.5899635458 29.8810621516 48.3727156281 9.57320819614 20.2654857713 9.85822266177 9.25058320079 8.75816960873 17.4392685245 7.74894131733 8.1195839044 15.9543721443 9.41049875228 2444.13961022 2458.47060361 2478.91748595 25.1630236354 6.28349348931 12.536255129 249.198749428 240.624017275 90.8447007997 6.71969698558 28.4899639509 21.472395804 45.1208743051 13.5025853647 55.4045892342 19.8012665428 13.3523625928 1.0577016114 2.8232024458 231.780519333 236.557509059 282.01181565 35.3732922973 10.0679526774 55.878510461 65.652995278 110.859504987 9.88868811732 4.61406617194
-9999.0 -9999.0 -9999.0 -9999.0 -9999.0 -9999.0 -9999.0 -9999.0 -9999.0 -9999.0 -9999.0 5.11076605892 121.664818696 9.81356600482 18.9940652442 86.1877273216 9.8702189648 9.73543776489 8.60281621483 18.0825794527 8.84564534492 35.1492302431 50.9188453662 58.2289870434 22.7270854148 28.9654609485 7.26805686737 8.57062679099 8.55093684059 2519.28633339 2537.83601283 254.73019324 251.806962431 246.312549941 11.9014213609 5.7959728552 34.7446854692 92.4773279572 51.4856468566 19.7977841055 81.3185999107 23.5496679423 17.7746228165 2.03407947704 0.879001118272 1.02923560594 1.62915175655 290.594629376 339.681456279 4.76078512106 4.37684744826 4.7734990502 115.414105161 129.51750364 8.09183732348
-9999.0 -9999.0 -9999.0 -9999.0 -9999.0 -9999.0 -9999.0 -9999.0 -9999.0 -9999.0 -9999.0 4.76065673819 133.260003687 164.512272244 9.32403841523 104.926769693 9.09478097162 8.60926688769 17.0181103216 43.695172785 8.39606495176 8.84356402534 7.65148750481 73.545192839 80.7099231516 117.438423029 130.978208882 137.164223542 143.66674691 150.63174555 2696.2335088 2961.92030869 3224.70407419 3230.87982662 5.51735766581 5.8761261187 105.041252866 98.7970956866 6.2653292491 6.14754721641 87.0845575112 116.780840588 4.76486907315 41.2820743334 38.4126142863 4.75194560261 2.88529788935 4.91616531331 4.78746745164 348.298211188 4.33450289833 12.9227506952 16.292844588 154.241067139 163.182489169
-9999.0 -9999.0 -9999.0 -9999.0 -9999.0 -9999.0 -9999.0 -9999.0 -9999.0 -9999.0 -9999.0 11.4238096576 21.9047142334 174.664237618 192.467855552 9.11896200875 125.698957929 7.6849153359 23.6298758889 51.4321348341 16.2310244873 7.79496449818 16.2537787451 6.91548180743 13.2500075112 6.40402796483 5.48278797189 3.57207627704 2.75326658115 2.28594920969 2.07320576233 3.54209872231 5.42146516018 7.35334549644 3250.20218974 125.053068964 114.662308966 4.53236721337 17.8357577909 4.31405882914 3.61612751224 122.387723969 180.385871564 47.445972322 36.5266905228 2.65356597244 1.12511332785 1.00088086948 4.58543855824 357.33780923 365.819992845 4.4038725563 4.43271343781 2.85801425225 0.945799137655
-9999.0 -9999.0 -9999.0 -9999.0 -9999.0 -9999.0 -9999.0 -9999.0 -9999.0 -9999.0 -9999.0 -9999.0 9.43040024931 134.642801204 336.454317853 365.196750967 500.284461514 511.78437192 117.964179833 83.5153220261 24.1652435473 7.67828028451 31.3865143774 38.7850264532 58.5743835209 13.1094655687 11.7618346592 9.96520049264 18.9326462164 8.39573371386 7.73382209767 3.76923272342 1.11806030749 1.77882413336 3256.0766402 3385.66155955 3391.872831 4.67170391221 47.0245154424 19.777082801 6.05371539539 199.148857755 13.2711800879 6.86186282505 27.2745801941 4.62439577623 3.87502933078 7.37564647452 10.9607857037 15.0872763433 373.151443241 3.47732604484 3.04668774054 3.0444537131 2.00122003759
-9999.0 -9999.0 -9999.0 -9999.0 -9999.0 -9999.0 -9999.0 -9999.0 -9999.0 -9999.0 -9999.0 10.5533496998 102.838088966 124.777128266 19.8703782592 5.49128491698 12.3438069866 532.498970798 541.898956015 670.779552904 6.94475277222 14.5507501348 6.40325083855 6.49809129461 64.9446148465 84.4069420784 102.127908176 5.80303129042 24.7424528093 38.8446473499 22.4375950117 9.29175259986 4.99732256684 3.376083942 3.66100650808 2.33203746324 3396.88755367 3401.05720486 3456.01969124 10.0520171608 5.32240997872 206.666223295 14.157799959 7.27165418693 7.85632162599 7.79746740301 6.90324316964 10.9434376788 32.7911198077 52.2668009916 428.931598568 2.67921212253 8.01619241056 5.41253022787 4.12555052712
-9999.0 -9999.0 -9999.0 -9999.0 -9999.0 -9999.0 -9999.0 -9999.0 -9999.0 -9999.0 -9999.0 10.8516325982 72.5374595517 11.333072932 9.58431789184 50.7137538248 59.0309939234 67.5560760959 75.2381551307 906.822826152 913.130423879 926.493264239 1027.71952974 1045.73745306 1054.99217171 1061.59108466 1172.6658593 1185.12493742 1190.96528281 1235.82097792 1264.60411865 1270.20726466 1283.77573499 8.594243162 5.96523201242 0.855231869086 1.40693030425 3405.26902957 3474.51388962 14.5094136284 246.896515115 241.475803452 26.6511682306 6.37607227004 6.44105230838 6.2108054786 6.13592813573 12.3291387803 17.4791972702 4.92773524967 432.317623181 435.900189884 452.403563525 455.353306361 462.201884585
-9999.0 -9999.0 -9999.0 -9999.0 -9999.0 -9999.0 -9999.0 -9999.0 -9999.0 -9999.0 -9999.0 37.9037245825 49.9643542475 22.7961291884 33.546329534 10.5685609461 120.051310641 129.298001456 147.403132226 152.989133874 57.8013011936 994.487521967 1000.07234755 4.75232396832 2.67479280431 1.81653066383 4.84713931034 2.14680079046 1.15396726829 1.04616255288 1.62999219856 1273.54518571 1287.80355194 1302.54935445 1313.84472986 1319.14373101 2.06747469097 0.912993101695 3734.16028663 255.907506929 252.55846183 5.60430750743 5.3826069623 4.92069391831 11.4793807241 11.2679024797 5.08602348044 5.1194975072 4.71221268719 9.56327106057 12.6887062498 2.53152001034 4.58492708245 1.55783338605 0.401071758812
-9999.0 -9999.0 -9999.0 -9999.0 -9999.0 -9999.0 -9999.0 -9999.0 -9999.0 -9999.0 -9999.0 -9999.0 25.7241010864 11.8074089144 10.545171084 101.581140635 111.355349681 9.70071113996 37.651597564 45.7420912818 52.1095117074 7.29772778512 5.12455512297 143.997307534 148.062301963 151.60173776 404.944022073 406.894710084 409.1550412 432.057489545 438.983740752 439.906912973 0.907377957822 0.96977038911 1.53155536995 1324.94086159 1.97595381594 3777.64771053 3773.38814384 36.1464968329 32.3080040187 21.373354996 5.34123349929 9.84751178581 16.5804012392 16.3721864266 9.97939225795 4.9219669573 9.53292065088 9.42595332394 16.7642339776 2.63135781338 6.90812906476 11.1668611339 12.0033840919
