data/baseflow/mHMbf_acc558.asc
ncols                  80
nrows                 72
xllcorner      4374000.0
yllcorner      5656000.0
cellsize            500
NODATA_value       -9999
[rows 25 to 49 of 72, columns 0 to 54 of 80]
-9999.0 -9999.0 -9999.0 -9999.0 -9999.0 -9999.0 -9999.0 -9999.0 -9999.0 -9999.0 -9999.0 -9999.0 23.1632040749 45.6863565696 20.3864342797 40.9391115616 17.4222821449 137.450769639 170.548889272 187.93401149 15.4099260573 28.5412384403 298.802012634 364.625276647 375.793829037 26.7548094695 25.5505534721 35.81042354 4.85546037993 4.29007152879 8.02904747554 4.4244541937 468.49478328 473.674353041 478.599397698 3302.09572058 6717.88875032 6675.01322592 6.2008398343 2.88305854369 2.5971594342 11.6467020419 9.42517575064 30.6383848738 46.0168504161 92.8148581186 8.28184188187 8.24094610941 74.8256219053 81.7316524772 159.574093942 163.840729864 172.673102686 175.413390124 2.37287283942
-9999.0 -9999.0 -9999.0 -9999.0 -9999.0 -9999.0 -9999.0 -9999.0 -9999.0 -9999.0 -9999.0 -9999.0 -9999.0 20.9500152993 42.019109264 63.4244768502 100.433838299 19.8032589263 17.4292681444 127.806155537 143.100268795 274.235539969 289.638007794 42.4853610029 14.3875536392 13.1188171479 13.0372874064 437.966211756 445.155522426 450.770871888 454.997553328 463.788085836 62.3779010081 68.1993478029 554.185065367 10578.127227 32.1711547756 24.8548805193 10.4270943448 3.01016969181 2.30018583867 16.8827557607 18.7276150279 34.9235359359 2.1077247175 95.7903193376 13.0592493346 12.7051094395 2.04558177065 1.39990560655 1.3076803966 1.90442816689 1.36897522938 176.818033273 2247.60992716
-9999.0 -9999.0 -9999.0 -9999.0 -9999.0 -9999.0 -9999.0 -9999.0 -9999.0 -9999.0 -9999.0 -9999.0 -9999.0 -9999.0 20.3607221545 40.0518965599 57.6241157608 75.5533304431 93.1610527741 111.393351314 52.484202048 86.634892108 15.0879416815 14.3406855543 372.917067211 400.803152854 413.620729424 427.638440883 10.0183753886 17.420701503 45.3167212344 50.8096356416 56.4590546117 6.99502117127 6.12041570831 10597.7088403 7.45863530339 9.63056003064 5.19998712089 13.4552460145 6.02279434295 4.16647725104 57.0980212919 60.6389571745 2.27968921777 98.5387549582 113.413542139 14.5927195108 2328.04804623 2324.65378289 2321.76844284 2314.07837606 2310.41462754 2257.7041483 2254.46634669
-9999.0 -9999.0 -9999.0 -9999.0 -9999.0 -9999.0 -9999.0 -9999.0 -9999.0 -9999.0 -9999.0 -9999.0 -9999.0 -9999.0 5.04457861689 11.1197119433 18.0452539519 171.560228673 189.733795752 18.5420448888 17.7877464345 17.2103101641 313.582322985 345.521751946 15.1851132963 15.6318800921 11.7028033669 49.6589805518 61.826976004 30.0965134226 37.0727864045 298.237965738 306.546290093 323.804782001 504.382973725 11106.8710434 8.03765809659 4.43923179346 21.6645381549 17.670975928 3.02640824431 10.5431231122 13.7919210209 64.3412716127 67.5216317725 187.028818736 114.679435491 16.171246676 2386.19134802 28.126632801 2318.76302023 2316.57776382 49.6195280211 2.37050375576 3.80492527115
-9999.0 -9999.0 -9999.0 -9999.0 -9999.0 -9999.0 -9999.0 -9999.0 -9999.0 -9999.0 -9999.0 -9999.0 -9999.0 -9999.0 25.8057358832 42.3402185371 86.5416016683 152.416151867 206.915893646 245.850062681 263.82480637 282.17857305 298.992668905 15.4064808033 14.0046124567 27.1387094371 24.6807423786 13.0488006014 261.247821732 273.045501962 283.952584729 294.161235528 156.439870573 162.437374 172.974098587 11111.0306825 13.6821930604 14.1113612248 38.4033610873 3.79909146262 7.02599075669 3.83091671964 2.96320272262 17.0429807197 2.47790455937 2.66061584795 2588.89888033 2399.83697103 2397.0598294 11.7892078187 25.4506484108 15.9356165418 3.26872280619 43.9658649845 10.8446511306
-9999.0 -9999.0 -9999.0 -9999.0 -9999.0 -9999.0 -9999.0 -9999.0 -9999.0 -9999.0 -9999.0 -9999.0 -9999.0 -9999.0 18.1148708618 16.9278726115 33.1786920039 50.1108789202 19.4273357174 19.3706053402 37.3936532926 55.0469416771 87.38336145 103.464542752 118.054877404 160.794627894 174.250905712 188.245221893 11.7800045878 126.044396607 136.037096778 144.054821055 5.27502310156 2.03645504325 4.51589603821 11287.8536969 11291.9361179 11314.2258156 49.2221946372 7.80535917243 12.6934293715 3.65037057958 5.33224304969 19.6180954749 24.2593054853 4.84954954292 2601.65416308 4.39739363546 6.55821975804 7.19507033371 5.61854803091 9.80213285844 4.00105576853 30.7214711617 22.6206927014
-9999.0 -9999.0 -9999.0 -9999.0 -9999.0 -9999.0 -9999.0 -9999.0 -9999.0 -9999.0 -9999.0 -9999.0 -9999.0 -9999.0 -9999.0 16.0429068418 31.6007021556 15.2525700127 31.8255218134 197.431482633 214.333789303 231.620756238 16.1988211196 16.2730528412 30.5075558556 45.1424298912 70.731849248 83.4777959628 90.8615484451 102.368453522 9.52438530569 7.8151854067 157.849467146 160.245526618 163.869216651 167.946196105 139.426655573 11470.6058328 11545.3725065 11548.6457452 11564.2643469 11579.8297985 11587.9921667 2.46144919794 26.458515621 2604.07654257 5.89345584789 3.03350641686 3.49293131067 3.30466832184 5.57605371041 4.86047647445 2.87507287108 4.52182177428 3.94116195629
-9999.0 -9999.0 -9999.0 -9999.0 -9999.0 -9999.0 -9999.0 -9999.0 -9999.0 -9999.0 -9999.0 -9999.0 -9999.0 -9999.0 -9999.0 -9999.0 46.9513231886 63.1041314813 111.908591044 148.255506667 19.3420727953 270.623785536 286.617083207 301.935501909 15.3068934971 29.9887755706 13.1144286471 99.7424048191 106.402711981 117.186495003 128.13145027 151.560109385 154.624034449 2.04096007966 122.765685222 131.178059676 135.498267233 152.173016988 21.5624698161 13.7816466404 8.26501894594 7.39215445171 11597.9095386 11603.0652857 11650.4283697 2606.59534685 16.6002071354 8.48967759118 5.68150493543 1.69763244861 16.0270205932 8.25812454995 2.56308522323 14.0247031619 11.9087595157
-9999.0 -9999.0 -9999.0 -9999.0 -9999.0 -9999.0 -9999.0 -9999.0 -9999.0 -9999.0 -9999.0 -9999.0 -9999.0 -9999.0 -9999.0 -9999.0 16.7183639819 79.4735849786 96.649693129 20.0544342285 17.9916512488 36.1320414199 52.4337489367 370.331203731 15.1863099734 61.0388370642 74.7200186568 88.1017382763 7.21094576995 17.1049589415 21.4911177452 100.011273308 108.953947464 112.514151234 4.1278847842 4.02644547745 4.5968736975 8.30153578823 3.4609421538 3.69821688283 6.70139651001 4.78252896275 6.70682997833 18.0237447534 11655.1343978 14273.1503861 21.5611645965 4.46479226116 2.04999947042 49.6534555362 45.8655642413 27.0258686207 24.1318424017 17.8423327017 4.41021137938
-9999.0 -9999.0 -9999.0 -9999.0 -9999.0 -9999.0 -9999.0 -9999.0 -9999.0 -9999.0 -9999.0 -9999.0 -9999.0 -9999.0 -9999.0 14.1634399438 46.1629858666 15.2308571175 20.9050847442 20.2339984524 38.801786874 56.6586424375 73.1169819761 458.51697858 473.104883029 15.0598813267 28.7770107601 42.7399090673 51.9250550622 61.3890282176 87.4101172171 96.0923721052 4.20439628154 4.97776485847 4.67048727707 4.81248765588 6.53171506133 6.57059722291 6.36360191638 7.08362288645 24.7314062486 10.6971325759 4.56585112518 4.41345413672 4.07975762489 7.56523521338 14433.7923592 135.930574817 61.9182526129 6.01506359555 2.70442587867 2.01516091904 6.6848994608 4.51580392983 2.23587328568
-9999.0 -9999.0 -9999.0 -9999.0 -9999.0 -9999.0 -9999.0 -9999.0 -9999.0 -9999.0 -9999.0 -9999.0 -9999.0 -9999.0 14.4765047641 28.775950455 104.312039357 14.8609783462 39.9528362081 59.5188678946 77.6087007803 18.8443500523 35.1685311361 51.8249829406 538.98452503 14.1482483804 26.9458473022 40.4654684204 11.4758427857 22.5331919867 26.611996433 34.4014854135 960.039610405 970.826750814 982.519712071 1037.30550112 1054.15903376 1093.58198835 14.6256951884 30.1295928674 32.0795487408 1224.32525344 1232.59100305 4.04558116312 6.92303807271 9.6952614593 14436.9460901 128.454895428 58.838959651 55.5185866014 45.7642824259 40.016204975 8.88604247537 2.21885440748 3.94979499289
-9999.0 -9999.0 -9999.0 -9999.0 -9999.0 -9999.0 -9999.0 -9999.0 -9999.0 -9999.0 -9999.0 -9999.0 -9999.0 -9999.0 14.7811926525 45.188421241 164.658133537 244.827832079 13.5046435243 322.861648451 415.683614384 17.5544695115 33.66922341 50.4987396817 683.562651416 697.203006248 11.9669339537 64.7053352261 75.5213202741 84.2343965015 890.634737816 908.174857916 920.986645574 6.68427118388 37.5033513381 45.5436030207 19.3139165953 27.8849372941 1132.28232531 1174.85053443 1181.82540193 1188.40769633 1240.44925659 3.82667971487 3.39821307116 15.940843506 14441.0150188 4.25328280679 1.73620268472 6.95869958082 3.28386986664 35.5770045656 30.5227079124 18.0906386652 12.6587938301
-9999.0 -9999.0 -9999.0 -9999.0 -9999.0 -9999.0 -9999.0 -9999.0 -9999.0 -9999.0 -9999.0 -9999.0 -9999.0 -9999.0 -9999.0 -9999.0 32.626820593 65.88330972 291.355200145 308.047342811 430.345197415 445.858830271 17.2940943185 34.5760264509 81.2072920443 710.765554701 736.403139809 746.759670468 8.60704726502 783.503407063 801.032239666 11.7924869772 6.43458579134 12.3264036903 24.1069549492 5.85642942514 11.831117963 26.0405786067 32.849494412 6.38882089145 4.33185261666 8.62148054992 1271.54310586 1282.78609276 1285.70867732 1309.73066927 14444.5795004 3.04302002702 0.969245916602 1.98380061896 1.9418092179 2.03030359081 1.69571391991 3.01847531104 1.87489980483
-9999.0 -9999.0 -9999.0 -9999.0 -9999.0 -9999.0 -9999.0 -9999.0 -9999.0 -9999.0 -9999.0 -9999.0 -9999.0 -9999.0 -9999.0 -9999.0 17.2104780519 16.8263829662 16.6555590737 33.3859136008 14.8214935284 475.285920286 489.529321744 16.1741615127 31.7621393386 15.4494195281 12.931508187 12.5447396059 767.612881057 5.42977126207 11.0250489658 6.91418711518 6.65522041032 5.94983481947 4.69078124989 4.88836588767 14.9969491484 20.5704076797 4.07029162337 3.61335061306 7.86103936987 13.122086784 16.6277349575 5.16901822804 1290.370032 1312.92764171 14447.2529165 8.93661512464 2.63641995011 0.843961938423 2.54411944412 0.630611212518 0.45248140707 3.5526802819 9.32305791189
-9999.0 -9999.0 -9999.0 -9999.0 -9999.0 -9999.0 -9999.0 -9999.0 -9999.0 -9999.0 -9999.0 -9999.0 -9999.0 -9999.0 -9999.0 -9999.0 -9999.0 -9999.0 16.6728139686 48.6568950615 62.2266971476 76.6144129356 503.49315441 517.320971909 531.080607513 546.232673405 558.49752259 584.112677267 589.682386171 594.532150273 599.491700081 5.77876510821 5.42815619393 5.75904953792 20.4841758487 5.45502087213 5.21225262041 4.09343513202 12.0187139843 4.79198412102 3.75627512393 3.4782803826 2.92885929383 5.84469133168 8.51389330903 1330.76688007 15789.8204336 3.12963597917 6.21582692647 0.562982637711 3.03954311089 1.18939214156 0.912099118317 20.2295763481 15.3021463816
-9999.0 -9999.0 -9999.0 -9999.0 -9999.0 -9999.0 -9999.0 -9999.0 -9999.0 -9999.0 -9999.0 -9999.0 -9999.0 -9999.0 -9999.0 -9999.0 -9999.0 -9999.0 -9999.0 13.916019209 110.806437397 217.731113011 232.871457527 18.9153679853 35.3826116444 51.0450455681 63.9387218301 149.117170089 155.23056635 5.95436689343 5.85259991214 612.276647244 623.407525805 628.424125828 24.5039481578 3.74805986962 9.40696330722 13.7342437689 40.7203687557 49.8266884193 57.1108483677 6.66749528346 9.34671032506 3.21364274215 6.30510649692 3.32219669941 15796.0740118 2.91494060634 11.7884796903 3.61535216533 8.20200110335 24.1106759263 26.3885305202 48.0536808597 15.450452222
-9999.0 -9999.0 -9999.0 -9999.0 -9999.0 -9999.0 -9999.0 -9999.0 -9999.0 -9999.0 -9999.0 -9999.0 -9999.0 -9999.0 -9999.0 -9999.0 -9999.0 -9999.0 15.5442759736 49.5567134136 97.0960478304 126.862961048 324.762478643 341.51683756 32.8652047284 48.5530335352 61.3369834902 73.8470733017 160.855671784 172.761814887 295.449768146 304.599588254 311.054737769 633.607120559 671.846547596 9.14114676508 6.02198344084 5.75600685293 11.0902716693 5.06104863103 66.7674995905 70.2877087878 12.4444368511 16.0110402237 4.57554936245 3893.50212905 3901.47273695 19702.0297238 19717.922151 3.00908296468 14.3649953467 7.00356119718 5.5662295737 57.3289242376 75.0858526154
-9999.0 -9999.0 -9999.0 -9999.0 -9999.0 -9999.0 -9999.0 -9999.0 -9999.0 -9999.0 -9999.0 -9999.0 -9999.0 -9999.0 -9999.0 -9999.0 -9999.0 -9999.0 -9999.0 17.7424126583 17.3160000926 32.7520369155 77.8539548896 355.86243667 16.9413578275 16.7229761323 29.9539330729 43.0019161979 100.100440636 107.217893572 4.65000849862 6.02220223779 318.381179932 323.992733588 1001.17616789 1006.51297842 3.47637192887 3.08253562349 2.64304487419 2.66870225648 2.86789442471 3825.85468391 3848.07459924 3867.58173855 3875.56219245 3889.76354978 3.90032543553 14.4976913717 18.0137218917 19742.9195861 19745.0387543 19747.1284762 19750.2746259 19753.1986315 79.770072899
-9999.0 -9999.0 -9999.0 -9999.0 -9999.0 -9999.0 -9999.0 -9999.0 -9999.0 -9999.0 -9999.0 -9999.0 -9999.0 -9999.0 -9999.0 -9999.0 -9999.0 -9999.0 -9999.0 -9999.0 15.8919982331 16.6310070742 30.9128199011 416.268978596 431.196447902 16.383742744 29.9509308055 43.2748388105 51.0743339579 6.34938718216 13.410084981 908.940957875 914.474093678 919.985002832 964.081048779 1975.93159404 3688.83953719 3696.97339198 3704.49070578 3711.66031761 3742.17401883 3751.97431831 18.8735328698 8.55493944867 5.05136680122 9.51124776206 7.24995398477 11.4269279751 3.56446366773 82.1028022045 93.5262216927 102.377100087 103.955312954 19755.0059827 19838.908428
-9999.0 -9999.0 -9999.0 -9999.0 -9999.0 -9999.0 -9999.0 -9999.0 -9999.0 -9999.0 -9999.0 -9999.0 -9999.0 -9999.0 -9999.0 -9999.0 -9999.0 -9999.0 -9999.0 -9999.0 -9999.0 16.2466012131 31.1809208285 46.1842385013 443.599623293 14.6464608928 602.934943748 616.859798385 623.182835147 630.399675049 879.745198996 888.176558044 6.47774090245 32.0647970692 39.4351238462 6.63606538471 1704.76371825 1692.79712873 3.87157734735 8.8786914083 24.0577192433 5.32205092212 5.73006111575 4.40056546176 3.81228980008 2.98610788346 3.4920551384 70.5345102952 74.1630574891 78.3730743406 8.25510671663 6.32595911791 107.386600156 109.814901569 110.949057621
-9999.0 -9999.0 -9999.0 -9999.0 -9999.0 -9999.0 -9999.0 -9999.0 -9999.0 -9999.0 -9999.0 -9999.0 -9999.0 -9999.0 -9999.0 -9999.0 -9999.0 -9999.0 -9999.0 -9999.0 -9999.0 14.8151334596 13.9449486225 72.399129013 545.121997047 574.233354168 589.808150871 14.1741384905 234.358407449 239.817219226 242.600385338 7.49799492093 14.8690455821 21.3761881561 390.757997186 395.785104951 400.202146818 1684.55307229 1048.3492075 4.91369648189 5.16965068173 4.95088800981 4.0196986179 42.32167718 50.9083090044 58.4581277873 62.6852762956 66.760048274 424.246103767 427.155000314 430.775472969 438.549576743 479.876024154 481.473602195 594.063852812
-9999.0 -9999.0 -9999.0 -9999.0 -9999.0 -9999.0 -9999.0 -9999.0 -9999.0 -9999.0 -9999.0 -9999.0 -9999.0 -9999.0 -9999.0 -9999.0 -9999.0 -9999.0 -9999.0 -9999.0 -9999.0 -9999.0 29.1051490595 44.5283679642 15.8945807174 16.9676304175 186.26755711 201.107512398 211.689270243 82.3564067541 87.441938869 93.5314174636 100.281579216 379.324411456 386.219996642 220.595481377 626.496634476 631.81530862 1044.35942634 10.6001253087 5.38335518876 3.90258183654 29.2822668419 34.3573774303 3.30612675805 3.10007295409 409.776256177 417.531496804 421.416726783 3.52748455772 5.3906933453 472.137793876 4.10031629719 13.9646942783 15.2446265506
-9999.0 -9999.0 -9999.0 -9999.0 -9999.0 -9999.0 -9999.0 -9999.0 -9999.0 -9999.0 -9999.0 -9999.0 -9999.0 -9999.0 -9999.0 -9999.0 -9999.0 -9999.0 -9999.0 -9999.0 -9999.0 -9999.0 14.6528373422 29.0083463679 122.049477281 138.177779649 154.328470202 64.7044372895 76.9626032084 5.90991646722 261.684530911 266.915739906 272.360264845 6.34127185411 207.756519072 214.876923919 5.48351291707 1016.94304896 11.718025877 5.79949179211 15.8226672448 21.2238523513 4.24553688919 3.49582076536 370.574911269 402.62124656 407.259026958 4.62081749392 10.4380870081 13.04103766 16.096119696 30.8884040616 5.09750300787 11.536029816 2.10011896123
-9999.0 -9999.0 -9999.0 -9999.0 -9999.0 -9999.0 -9999.0 -9999.0 -9999.0 -9999.0 -9999.0 -9999.0 -9999.0 -9999.0 -9999.0 -9999.0 -9999.0 -9999.0 -9999.0 -9999.0 -9999.0 -9999.0 14.5363877814 45.7492434145 78.9385819851 17.7857051932 34.0483626593 50.4228754308 236.888140229 245.096794025 250.681839504 4.99006691566 173.584452687 189.397960629 195.590029327 4.13108231008 993.095024216 1006.22807795 6.23233741838 5.73484292011 11.5367590251 4.84294652792 346.615819697 355.36079761 360.597395463 20.0830758946 24.9468937861 4.27497634625 7.63576183897 3.38986653142 23.4521821282 3.4200235726 3.02638664009 3.23500952489 3.17541331964
-9999.0 -9999.0 -9999.0 -9999.0 -9999.0 -9999.0 -9999.0 -9999.0 -9999.0 -9999.0 -9999.0 -9999.0 -9999.0 -9999.0 -9999.0 -9999.0 -9999.0 -9999.0 -9999.0 -9999.0 -9999.0 -9999.0 -9999.0 16.0124852289 17.2386236224 18.9191879782 161.357686049 177.140986694 223.116297601 10.2106533128 151.943751101 164.181501855 5.38529190292 11.2261722741 4.22586624895 978.365063152 5.40020270675 16.5037593635 21.1731802518 25.6225026207 316.056240351 332.367502879 338.021680953 5.66159862247 10.6253363022 15.1465840063 2.91713429673 2.67399964336 964.716520529 967.397516028 969.520332176 991.909803522 994.606618219 998.430124763 1000.93579876
