data/baseflow/mHMbf_acc260.asc
ncols                  80
nrows                 72
xllcorner      4374000.0
yllcorner      5656000.0
cellsize            500
NODATA_value       -9999
[rows 24 to 47 of 72, columns 0 to 54 of 80]
-9999.0 -9999.0 -9999.0 -9999.0 -9999.0 -9999.0 -9999.0 -9999.0 -9999.0 -9999.0 -9999.0 -9999.0 5.2765993183 13.9207828763 18.0239206037 30.701613484 3.49473806925 7.09626681944 10.366880668 40.9185474413 42.7375229236 43.2501451942 45.0651196812 47.6487969562 87.6400545153 94.9507936784 97.565986985 0.35241079028 6.15421727601 6.38453487814 158.467506841 159.351316654 159.771373342 160.232228365 160.701268673 670.378506843 2.05560206308 1572.38660102 0.561776989622 0.136601728293 9.91179716484 9.37302218536 0.869990161858 5.37879027907 8.04832578875 7.92164001992 5.40863561811 8.85323364338 14.007589316 5.30957260658 13.4129987877 0.790031807549 1.37032401379 0.0465976972198 0.038787817699
-9999.0 -9999.0 -9999.0 -9999.0 -9999.0 -9999.0 -9999.0 -9999.0 -9999.0 -9999.0 -9999.0 -9999.0 4.6438390903 9.25670197685 4.22368431659 8.57418480386 3.53552032418 27.8158788729 34.3633115105 37.8554537957 2.9824249568 5.24274018482 69.8730208633 83.2136727935 85.502547307 4.99743688014 4.62727990862 5.80430908253 0.179419585258 0.151546316255 0.281318195277 0.305844014856 166.75625631 167.330068487 167.70396527 673.400421472 1579.908305 1572.59368774 0.179123710131 0.0942029198601 0.0840773645185 1.05788341706 0.987273075525 5.68139439176 9.03864805935 18.686307986 1.72179827643 1.71133709322 15.0222370557 16.0189000186 31.6004626072 32.0372468102 33.4605225048 33.5501923531 0.0815075404772
-9999.0 -9999.0 -9999.0 -9999.0 -9999.0 -9999.0 -9999.0 -9999.0 -9999.0 -9999.0 -9999.0 -9999.0 -9999.0 4.29396274201 8.56653477152 12.9171716558 20.3743864483 3.97480765228 3.41962827708 37.4226243818 40.386611589 65.7917700124 68.8717923903 8.60900156695 2.70406393023 2.41491976111 2.21289367094 164.761058879 165.415918841 165.675801313 165.827529124 166.338290801 9.00429638633 9.8151329448 178.138180598 2433.25100158 4.03912697676 2.11469083004 0.497478527156 0.187836449143 0.0904791740574 1.22285404881 1.27720716153 5.81540407224 0.0673332845609 18.8355021062 2.19760034027 2.12844269601 0.0755701518983 0.041877344611 0.0390574615126 0.204664679995 0.043166629782 33.6050183774 441.932577162
-9999.0 -9999.0 -9999.0 -9999.0 -9999.0 -9999.0 -9999.0 -9999.0 -9999.0 -9999.0 -9999.0 -9999.0 -9999.0 -9999.0 3.91981627099 11.4284740554 19.1481245151 27.0832003485 30.578425953 34.2198826052 10.3026762415 17.0059538837 3.04139168626 2.87757255793 152.386234729 157.93138755 160.441795575 163.080940102 1.52745405133 2.3306626835 7.17231437617 7.58200054873 8.10298723401 0.990390310103 1.38125297972 2439.63776089 2.12470913958 1.2973682299 0.628628110354 1.6894040088 0.794137364303 0.457109678453 7.37793804794 8.1561321652 0.237135791898 19.2112879007 21.4537999519 2.17657543931 450.039187561 449.904225851 449.79577795 449.307150175 448.864969206 443.775484693 443.116865812
-9999.0 -9999.0 -9999.0 -9999.0 -9999.0 -9999.0 -9999.0 -9999.0 -9999.0 -9999.0 -9999.0 -9999.0 -9999.0 -9999.0 3.38773577598 7.01427821349 8.19695642807 103.416337315 107.009565361 3.68257086336 3.48348506103 3.37504331451 140.679340959 146.893548443 2.95254523742 3.07881141665 2.38675731073 10.0549620614 12.5318911352 4.83119770322 5.9344668451 59.5478091216 60.7131466566 64.2600397411 99.7383654625 2541.61244714 2.38904243287 0.524037254103 3.06673746452 2.38970824607 0.520155726236 1.51677500342 2.01030459238 8.70139382764 9.20218408076 31.4419584678 21.6931153158 2.38029563011 458.00618314 3.74151616245 449.667027153 449.501193919 4.63996824591 0.96463468204 0.153243143649
-9999.0 -9999.0 -9999.0 -9999.0 -9999.0 -9999.0 -9999.0 -9999.0 -9999.0 -9999.0 -9999.0 -9999.0 -9999.0 -9999.0 16.6719362388 27.804808001 53.5241907721 97.5088233735 116.174174977 127.462030031 130.991880535 134.517718637 137.839342309 3.00003093277 2.67137954101 5.21851747434 4.97278404192 2.65825216137 52.1524359802 54.5628472448 56.7917776748 58.8246438021 29.4081149033 29.8651016669 33.1545941466 2543.49950794 4.75827084486 1.54465705047 5.15083659663 0.67774944671 1.67929909456 1.0786873148 0.453913022709 2.76024781364 0.378760332138 0.389283687731 491.770026653 460.013105168 459.596923404 1.61915320531 3.6099938903 1.97344894654 0.231439592779 2.52291172854 0.346397009472
-9999.0 -9999.0 -9999.0 -9999.0 -9999.0 -9999.0 -9999.0 -9999.0 -9999.0 -9999.0 -9999.0 -9999.0 -9999.0 -9999.0 11.555769688 11.7580541911 23.4871883661 34.0845391496 5.42948742773 4.19388787997 7.77440929478 11.2470101339 17.7052958787 20.9163880637 23.7582650671 31.9212112422 34.4844215342 37.3243637179 2.52317701295 25.7133387969 27.38971828 28.2212027442 0.323578369062 0.114820999878 0.375819428191 2578.23139213 2580.05752162 2587.80245454 7.3966763899 1.52113793069 2.33548018854 0.431463573588 0.841844683665 3.23839353695 3.95990103524 0.712940776255 493.887685319 0.888153731328 0.953062470162 0.960318195371 1.07176544836 1.41742648941 0.609372709406 2.11676322729 1.12402328014
-9999.0 -9999.0 -9999.0 -9999.0 -9999.0 -9999.0 -9999.0 -9999.0 -9999.0 -9999.0 -9999.0 -9999.0 -9999.0 -9999.0 -9999.0 11.711091032 22.5856866805 9.72439608848 19.5480793749 119.720383289 124.368650792 127.729681919 3.18223205957 3.2247804794 6.06011500095 8.91513039333 13.9675967915 16.5714279783 18.3866467761 20.7641364206 1.78576746001 1.15357443272 30.2027044586 30.3840801825 31.1841988716 32.4479254758 33.6155128489 2626.95888731 2641.89557729 2642.74623086 2645.85753207 2648.85563892 2650.23444933 0.379987496382 4.32019432207 494.268320931 0.79011456992 0.40574581776 0.866576096778 0.936704939655 1.43670259434 0.736683888001 0.436280657128 0.677707552562 0.422120152738
-9999.0 -9999.0 -9999.0 -9999.0 -9999.0 -9999.0 -9999.0 -9999.0 -9999.0 -9999.0 -9999.0 -9999.0 -9999.0 -9999.0 -9999.0 -9999.0 33.5008172665 43.2935651255 73.3499162917 91.5205129986 8.06784854464 139.866989693 143.056510838 146.084320917 3.02322740804 5.90961270436 2.57486570668 19.8438931547 21.4606030685 23.7655872501 25.7080664963 29.6502576353 30.0268193464 0.291032698645 27.6074972663 30.4598933956 32.3229982608 37.3747037388 5.9917135544 3.4513856706 1.59511231456 1.5285814584 2651.91574896 2652.65498853 2660.7479436 494.691933148 2.71494058136 1.57875862282 1.18442748706 0.249798969337 2.99075314074 1.23043907967 0.384046782531 2.00983480887 1.68974605537
-9999.0 -9999.0 -9999.0 -9999.0 -9999.0 -9999.0 -9999.0 -9999.0 -9999.0 -9999.0 -9999.0 -9999.0 -9999.0 -9999.0 -9999.0 -9999.0 10.6794466334 53.7514351412 64.0212872574 7.95323597004 3.63081360485 7.37296727235 10.8004391682 160.108832747 3.0325960316 12.1269826279 14.8445304001 17.479638862 1.68047539094 3.82784624825 4.47658012243 21.1204411216 23.1597918603 24.5414437352 1.37925006974 1.11412764626 1.01189997518 1.85156323817 0.684657877083 0.737098380215 1.07617906051 1.00714164681 1.0779941395 3.22806203048 2661.55382521 3158.13879851 3.37223165372 0.891912214359 0.318382043338 8.21472426651 7.66040712204 4.19565740413 3.67642148684 2.57462718662 0.666773983159
-9999.0 -9999.0 -9999.0 -9999.0 -9999.0 -9999.0 -9999.0 -9999.0 -9999.0 -9999.0 -9999.0 -9999.0 -9999.0 -9999.0 -9999.0 10.3160455431 30.5961253675 9.76500573058 5.96047272589 4.26464742365 8.0572558804 11.6862771064 16.2585879693 183.976515018 186.931761814 3.05106795266 5.82029207635 8.63180793479 10.686544889 12.1921608029 16.9077612773 19.8619128931 0.243965807113 0.77329788401 0.977084517804 1.07875100303 1.14713094141 1.23879544053 1.10034882414 1.42332651229 4.85255931587 2.36699428418 1.25248082423 1.25600362539 0.66095392718 1.17908658851 3195.7274749 33.3016913495 12.0034622128 2.76512935154 1.44340354365 0.65439832963 1.58327498248 0.831650486099 0.339062311565
-9999.0 -9999.0 -9999.0 -9999.0 -9999.0 -9999.0 -9999.0 -9999.0 -9999.0 -9999.0 -9999.0 -9999.0 -9999.0 -9999.0 10.9719790048 20.9575613973 71.5825783128 9.50700622161 13.9406016974 18.033047199 21.7855392565 3.94384660565 7.285775601 13.5014564244 207.349435 2.85848564387 5.43427093708 8.05375317343 2.4054667709 4.58725356574 4.79745414195 6.8266014611 298.716149468 300.396905577 302.275463749 310.157703541 313.582486222 320.025892258 1.60140382202 3.79350423947 5.67561086544 339.612331414 341.473985419 1.11742092251 1.52132589263 1.92392200877 3197.14464683 31.8149704179 15.8928081547 14.0339781289 12.4693730892 11.057382382 2.06489150382 0.628654069802 0.815269886971
-9999.0 -9999.0 -9999.0 -9999.0 -9999.0 -9999.0 -9999.0 -9999.0 -9999.0 -9999.0 -9999.0 -9999.0 -9999.0 -9999.0 11.2516718564 33.8850200355 116.595234669 174.63814861 8.7706504113 225.957980361 256.153355964 3.70836947225 7.06961790319 12.4193846367 245.578500062 250.79037253 2.24776447099 12.5765153936 14.6700528767 16.0687490892 288.491094238 289.737569595 291.505142369 1.00957900327 5.71029015966 6.78751698724 2.91640969384 4.14368641185 325.929520705 331.548732885 332.512088009 333.416081559 342.507730558 0.499765416624 0.433466529201 2.78756623433 3198.44620327 1.94867086924 0.00936119916899 0.0261782803657 0.0109666518872 9.06695605 8.97229374795 5.57519952351 3.50102710554
-9999.0 -9999.0 -9999.0 -9999.0 -9999.0 -9999.0 -9999.0 -9999.0 -9999.0 -9999.0 -9999.0 -9999.0 -9999.0 -9999.0 -9999.0 -9999.0 23.8128729129 47.8881448696 206.556006166 217.466248553 265.919899679 274.653645664 3.63740990019 7.27462525748 18.2931461325 257.85411199 263.203411169 265.095678419 1.53244506307 270.907596306 272.011306624 0.871440009389 1.02531890829 1.96451553337 3.85057004194 0.932698531243 1.85963637014 4.09372631434 5.09520209325 0.988967333068 0.653466851986 1.28367402748 347.466991072 349.088278816 349.467244613 353.422171432 3199.50727314 1.65629435701 0.0047030529577 0.00570706480465 0.00540012988026 0.00570081499931 0.00479357227464 0.00844651373967 0.875417386716
-9999.0 -9999.0 -9999.0 -9999.0 -9999.0 -9999.0 -9999.0 -9999.0 -9999.0 -9999.0 -9999.0 -9999.0 -9999.0 -9999.0 -9999.0 -9999.0 12.4993006703 12.2017129878 11.601870518 21.4548142087 9.34639207332 293.415954892 301.528038109 4.06691508662 7.35060596955 3.0822872378 2.46989951766 2.3713914797 268.314291352 0.236629313219 0.467491500746 0.663318630314 1.06540470962 0.957468460226 0.752569705747 0.78485714146 2.40439072979 3.30132311776 0.644710360314 0.5741379456 1.23536687699 2.06031502612 2.77238681014 0.813025996724 350.110174466 353.85326887 3200.43801664 3.53210376316 0.0169090440069 0.00228432860374 0.0070391575095 0.00171334912893 0.0013557058769 0.0100370516038 3.76996629502
-9999.0 -9999.0 -9999.0 -9999.0 -9999.0 -9999.0 -9999.0 -9999.0 -9999.0 -9999.0 -9999.0 -9999.0 -9999.0 -9999.0 -9999.0 -9999.0 -9999.0 -9999.0 12.0978730939 32.3150151681 41.5683196582 50.8176957802 310.5668957 319.391009944 327.400186069 333.570651999 335.856604505 340.578985679 340.882060324 341.068909527 341.43235016 0.913789332335 0.860334769612 0.917471818143 3.28360884534 0.879084858011 0.835965175354 0.652788721058 1.9056809963 0.765190608736 0.582867671469 0.538994533113 0.468263790786 0.934406691253 1.32822262731 356.550745632 3561.31612334 1.80135960692 2.86642824255 0.00138721084271 0.00932548970026 0.00482619711442 0.00273290732257 6.77357538061 6.28210949911
-9999.0 -9999.0 -9999.0 -9999.0 -9999.0 -9999.0 -9999.0 -9999.0 -9999.0 -9999.0 -9999.0 -9999.0 -9999.0 -9999.0 -9999.0 -9999.0 -9999.0 -9999.0 -9999.0 10.0894511117 80.5806754336 153.09686843 162.293908846 7.74440272898 11.9022086895 15.2253947386 17.7937648612 35.312188217 36.1755084535 0.877050833459 0.845508836085 343.369441239 345.084472606 345.889651744 3.92309563582 0.59162634914 1.48918625691 2.17612054033 6.43610486838 7.89219310602 9.02061775467 1.03076022449 1.42686967801 0.477523362221 0.937578254216 0.478272360686 3562.28403074 1.4238150406 5.756726068 0.998569522676 1.2111625875 7.11649615109 7.7994315087 15.3648304634 4.45438056134
-9999.0 -9999.0 -9999.0 -9999.0 -9999.0 -9999.0 -9999.0 -9999.0 -9999.0 -9999.0 -9999.0 -9999.0 -9999.0 -9999.0 -9999.0 -9999.0 -9999.0 -9999.0 11.316884207 36.097236003 70.6493222793 92.2746197032 228.744484641 237.25079853 7.0305998629 10.3278919726 13.0400054785 15.4708554941 36.602082686 38.1642223153 60.3857960006 62.2815453991 63.2399287873 346.711938349 352.798432636 1.44212491493 0.959723587812 0.912322161514 1.74233794882 0.791154174876 10.5282375373 11.0726022752 1.87636841305 2.51751624761 0.546807188764 1363.55314195 1364.54682516 4927.64751655 4935.33822234 1.66688618215 4.76075512087 2.08067231502 1.39251725655 17.0840796078 21.99760254
-9999.0 -9999.0 -9999.0 -9999.0 -9999.0 -9999.0 -9999.0 -9999.0 -9999.0 -9999.0 -9999.0 -9999.0 -9999.0 -9999.0 -9999.0 -9999.0 -9999.0 -9999.0 -9999.0 12.9253527241 12.5809394333 23.7387409706 56.4874252745 247.15302189 3.63987981897 3.58979964475 6.3342898535 9.09646116052 19.3336514669 19.928192061 0.505546916606 1.23030110846 64.4221599487 65.3357609253 419.06720483 419.91362767 0.53896189301 0.476609867722 0.398247377486 0.402177961728 0.419757181996 1353.03626809 1356.37504012 1359.59364562 1360.78523251 1362.94890427 0.53374124804 1.94168055755 2.33738111635 4939.16396236 4940.05783036 4941.67624532 4942.38744226 4943.00217855 22.4652836614
-9999.0 -9999.0 -9999.0 -9999.0 -9999.0 -9999.0 -9999.0 -9999.0 -9999.0 -9999.0 -9999.0 -9999.0 -9999.0 -9999.0 -9999.0 -9999.0 -9999.0 -9999.0 -9999.0 -9999.0 11.5036239521 12.0556764292 22.4378318754 290.92576225 299.324049567 3.50696773937 6.24577349508 9.07359158405 9.81127065352 0.513116624718 1.61007184134 526.63972192 527.601263395 528.714060519 536.326224808 957.239302859 1331.54895222 1332.85493616 1334.037293 1335.16859446 1339.88612863 1341.39725914 2.7291116 1.22140393353 0.724467435391 1.35610903641 0.958597330859 1.53416562836 0.475552412939 10.9960754494 14.1387390414 17.3133751195 17.4880690049 4943.38971604 4966.4594984
-9999.0 -9999.0 -9999.0 -9999.0 -9999.0 -9999.0 -9999.0 -9999.0 -9999.0 -9999.0 -9999.0 -9999.0 -9999.0 -9999.0 -9999.0 -9999.0 -9999.0 -9999.0 -9999.0 -9999.0 -9999.0 11.7316930338 22.5721885981 33.4615120648 308.089270853 5.62917380984 403.717676641 406.642520655 407.145292243 408.25734604 522.090472247 523.647129509 1.08959061631 5.52240526121 6.69322898617 1.06981307029 373.013219299 371.07064995 0.606069354112 1.44425934874 3.73525117859 0.803588849373 0.832101705605 0.614887385389 0.503168482483 0.385399258679 0.445984786603 9.51708281551 9.98162788607 10.5532776334 2.59998943989 2.52256796664 19.0127269066 19.3973987946 19.517860054
-9999.0 -9999.0 -9999.0 -9999.0 -9999.0 -9999.0 -9999.0 -9999.0 -9999.0 -9999.0 -9999.0 -9999.0 -9999.0 -9999.0 -9999.0 -9999.0 -9999.0 -9999.0 -9999.0 -9999.0 -9999.0 10.692725477 10.1045022902 52.3028546802 379.838278533 394.814522283 401.007112298 2.78714589251 112.292518596 112.622760414 112.966479343 1.3180022982 2.48530966991 3.52067047579 89.7149772948 90.5272542155 91.2370102544 369.758547311 238.602547659 0.821195304682 0.789783485992 0.741608303023 0.557820363048 5.79659155112 6.94717627073 7.94840186493 8.5008144985 9.0307630893 60.8429800038 61.2185252437 61.7781886223 63.0832501633 67.8242368835 67.9947702763 87.6908381967
-9999.0 -9999.0 -9999.0 -9999.0 -9999.0 -9999.0 -9999.0 -9999.0 -9999.0 -9999.0 -9999.0 -9999.0 -9999.0 -9999.0 -9999.0 -9999.0 -9999.0 -9999.0 -9999.0 -9999.0 -9999.0 -9999.0 21.0206858948 32.1020249321 9.73432164196 3.60044729073 104.127813365 107.060189195 108.623459224 20.0170969862 20.2271084756 20.5943100916 21.5710238017 87.8856957837 89.0013839524 37.5081106546 129.629946086 130.450610526 237.973474956 1.55298492556 0.765516635541 0.531927366646 4.01232777412 4.69281240287 0.396944846545 0.36846178644 59.0071243998 59.9770993011 60.4894312362 0.618942330128 0.918730505404 67.0810895946 0.455610316064 1.28543956654 1.40902046333
-9999.0 -9999.0 -9999.0 -9999.0 -9999.0 -9999.0 -9999.0 -9999.0 -9999.0 -9999.0 -9999.0 -9999.0 -9999.0 -9999.0 -9999.0 -9999.0 -9999.0 -9999.0 -9999.0 -9999.0 -9999.0 -9999.0 10.5942046864 20.9347242889 83.0308204639 92.2810945385 97.4631444816 17.6922629622 19.8025596184 0.244766209459 64.73463862 64.9488345715 65.2421658547 0.716360726515 35.4401853982 36.5986515606 0.851409182147 233.896611714 1.76874682629 0.876663607834 2.17239380103 2.94075015869 0.553086761844 0.443669398426 54.2016179482 58.0969149474 58.7021661154 0.571252911789 1.17486551641 1.48760576485 1.79709404908 3.58040149314 0.46526322645 1.05901858926 0.207495850819
