data/baseflow/mHMbf_acc492.asc
ncols                  80
nrows                 72
xllcorner      4374000.0
yllcorner      5656000.0
cellsize            500
NODATA_value       -9999
[rows 25 to 49 of 72, columns 0 to 54 of 80]
-9999.0 -9999.0 -9999.0 -9999.0 -9999.0 -9999.0 -9999.0 -9999.0 -9999.0 -9999.0 -9999.0 -9999.0 16.9525506968 33.5443099596 15.54357694 30.6963107507 12.6543495692 102.265664028 125.70576676 137.77979305 10.6600436002 20.6703854679 223.879967042 274.176448032 283.742418812 17.8140476794 20.5905239456 29.8003455961 4.17760406645 3.76030190837 7.08846467096 3.13859333937 386.490162792 389.973259966 393.132260355 2501.65454695 5210.6515376 5177.73644646 5.15795108271 2.6821391633 2.45891260437 9.43084937329 7.39028710431 21.3051306306 30.8724931558 62.2801038222 5.69917263264 5.65732004848 50.2010062317 54.7760925093 107.006213275 109.65022683 116.991872052 119.525740349 2.68462318446
-9999.0 -9999.0 -9999.0 -9999.0 -9999.0 -9999.0 -9999.0 -9999.0 -9999.0 -9999.0 -9999.0 -9999.0 -9999.0 15.921127497 32.038580974 48.4054090977 75.5005535393 14.027820666 12.2260245573 99.7397097417 110.664473252 204.561674453 216.292987179 31.9129011524 9.68495514688 8.47305284737 8.99239574669 363.60508652 368.384176783 372.877675036 376.573829212 383.206424694 48.5139380359 51.8173597587 449.699140435 8165.39588638 23.680875702 17.8888271654 8.08917858096 2.30812887431 2.03530165384 14.2686566359 15.9577096062 24.9713245235 1.7831215681 64.5253530485 8.89951827853 8.70741515789 1.58980144567 1.18681897486 1.18546889111 1.36623390772 1.26686218067 120.807627297 1645.15494929
-9999.0 -9999.0 -9999.0 -9999.0 -9999.0 -9999.0 -9999.0 -9999.0 -9999.0 -9999.0 -9999.0 -9999.0 -9999.0 -9999.0 15.053515914 31.8041083115 47.5319727177 63.2504801736 75.4140355037 88.1072312157 36.3901233154 61.4223389035 11.4621147987 10.5387907066 319.341840886 339.249743176 347.905264904 357.07174298 6.40872633647 11.1781281251 31.5119205118 39.1675335541 44.4120864563 3.90713508818 4.6731793938 8181.00338519 5.62820393519 7.13656344207 4.12344618835 10.8002533854 4.90688736629 3.24741362241 43.3026041478 46.200177089 1.5762248945 66.4680372995 77.6329065525 11.5400483547 1712.47910513 1709.23730013 1706.59608934 1700.64652825 1697.96112401 1654.46770637 1652.11250998
-9999.0 -9999.0 -9999.0 -9999.0 -9999.0 -9999.0 -9999.0 -9999.0 -9999.0 -9999.0 -9999.0 -9999.0 -9999.0 -9999.0 5.1181409277 11.5472546233 16.7353892924 167.402628959 180.074768143 13.0223571177 12.3322170284 12.6075911476 275.274987962 299.277083271 11.3687845682 11.3547589744 8.64404419278 36.5952538843 45.5901263487 20.1694648021 26.0830220069 220.750886844 226.476057394 236.852470363 375.531791587 8560.79018848 6.22942856395 3.35269436518 17.1880911728 14.0521845044 2.10783374053 7.67737048892 9.92650582317 48.75141813 51.0449827561 132.897920476 78.5161683076 12.8817758255 1753.14626595 18.8303130174 1704.02152466 1702.43398687 40.5982088646 2.02335897588 4.5962467887
-9999.0 -9999.0 -9999.0 -9999.0 -9999.0 -9999.0 -9999.0 -9999.0 -9999.0 -9999.0 -9999.0 -9999.0 -9999.0 -9999.0 25.6813758499 42.4058757456 86.1125889134 152.586986831 196.36098691 227.669756882 239.907351239 252.54531173 264.662507315 11.6132267822 9.85742265764 19.3881763645 18.1165424798 9.80619443355 191.987276897 200.6974774 208.644805421 216.070332764 118.915478966 123.630720702 132.118617977 8564.54300958 11.1079271515 11.2078013311 30.7049166846 3.00753329609 5.65826022495 3.31193215988 2.06274511965 12.5207453618 1.8062565773 1.91174034166 1896.38104802 1761.94437801 1759.93103762 7.04809860658 16.8203237729 10.2315122969 1.95544502949 34.9968839821 9.14117631858
-9999.0 -9999.0 -9999.0 -9999.0 -9999.0 -9999.0 -9999.0 -9999.0 -9999.0 -9999.0 -9999.0 -9999.0 -9999.0 -9999.0 17.9173034828 17.1210268405 33.6581454778 50.5455419462 16.7303445533 16.5462044739 30.0975762043 43.1236095525 67.7110834218 79.6457207887 89.2690697308 118.743358947 127.647281762 138.194036179 9.5074551361 94.5477040015 101.828010404 108.390688934 5.26720471107 3.87487213314 6.82271770462 8710.31321092 8713.92238951 8732.27088834 39.1376388466 6.14954787019 9.47464204421 2.65780882405 3.7464146387 14.4186974681 17.7845605752 3.51024172054 1905.66178124 3.33029861948 3.89989179067 4.05147057566 3.93137288336 6.40553042622 2.8197828275 24.2084333786 18.6444464115
-9999.0 -9999.0 -9999.0 -9999.0 -9999.0 -9999.0 -9999.0 -9999.0 -9999.0 -9999.0 -9999.0 -9999.0 -9999.0 -9999.0 -9999.0 16.3492092175 32.2286619382 15.6944295314 32.7324480945 195.186839375 208.409143123 220.321372971 12.1067916649 12.053424578 21.7410835623 31.9598299637 49.4410352008 58.8825521185 66.7529116361 76.2890867656 6.80120605774 6.06506293021 123.883479915 128.513430194 131.626762252 135.023877006 115.755648867 8862.13312346 8921.51295001 8924.10486422 8935.70730543 8946.60575758 8952.44108624 1.70235492561 19.3723503136 1907.41472569 3.75282180957 1.9184351993 3.19811381401 3.2413737338 5.26850821297 3.70709702058 2.1800391607 3.1306533206 2.72640187684
-9999.0 -9999.0 -9999.0 -9999.0 -9999.0 -9999.0 -9999.0 -9999.0 -9999.0 -9999.0 -9999.0 -9999.0 -9999.0 -9999.0 -9999.0 -9999.0 47.8176706297 63.7041013243 112.065462772 145.086641784 16.6669921301 251.297110187 262.97072377 273.423161106 10.0913192363 19.7118001395 8.45518934716 65.9262510349 72.4678775938 83.3858181966 95.0800323989 115.218644789 119.687901936 2.85687607075 101.737193371 108.793623009 112.568127613 126.174322635 16.9046566518 10.2346022129 5.76134489579 4.99658553576 8959.05954086 8962.35392314 8995.63721346 1909.23282543 12.1752650172 6.81107229962 4.83304064842 1.29250017402 13.1202123967 6.17102242991 1.98626044349 10.6835166087 9.00922761787
-9999.0 -9999.0 -9999.0 -9999.0 -9999.0 -9999.0 -9999.0 -9999.0 -9999.0 -9999.0 -9999.0 -9999.0 -9999.0 -9999.0 -9999.0 -9999.0 16.6381057215 79.9774988118 96.8863969909 16.793915213 12.948926712 27.1618881409 39.7952548028 324.170691932 10.0179119633 40.3181690448 49.2166311965 57.909563549 7.75826819185 17.2263552126 21.5190468531 78.9085201101 88.3123610763 91.8543994326 3.66137566151 3.27326152961 3.63090643925 6.50695320716 2.91358859511 3.04994528038 4.30117327356 3.17663560191 3.87918387618 11.7876849833 8998.72091276 10915.5413346 15.3584111607 2.96830476323 1.72498461372 38.8693714588 36.0079011239 20.6919751686 18.3880223011 13.4517492819 3.18133892682
-9999.0 -9999.0 -9999.0 -9999.0 -9999.0 -9999.0 -9999.0 -9999.0 -9999.0 -9999.0 -9999.0 -9999.0 -9999.0 -9999.0 -9999.0 14.3498198748 46.0744085025 15.0797256702 15.2882432452 14.2594615175 27.3561416542 40.5328744966 52.6556460328 390.540453833 399.991479465 9.78994232064 18.6110045932 27.5679414949 34.7427505494 41.76236532 68.2921016728 75.1962581085 4.86042080343 3.70079996768 3.37020411064 2.46309349215 4.16340789499 4.17161694924 4.9072842505 5.66370688496 16.2614851388 7.25595036611 3.98645928544 3.98173297683 2.66507126375 4.88107710527 11062.3180158 129.460749425 51.6062565557 7.90558883373 3.99034404324 2.3238906243 6.54615987104 3.93964534059 1.84201859053
-9999.0 -9999.0 -9999.0 -9999.0 -9999.0 -9999.0 -9999.0 -9999.0 -9999.0 -9999.0 -9999.0 -9999.0 -9999.0 -9999.0 15.088251093 29.1605186743 104.574929245 14.6755916458 30.9568382306 44.6114111979 56.9836761133 13.1542730683 24.0481945799 37.2052864574 449.868259047 9.09489605244 17.2152272387 25.6369854041 8.26946894366 16.2248989391 20.839678436 26.4509053288 739.528334681 747.447970374 756.944286087 794.054949976 803.794471636 827.417985307 10.252741182 21.6782194864 20.9783747915 910.587618509 916.948230193 3.63655927592 5.44780140553 7.23288865945 11065.808102 124.505298875 62.6113977449 57.8500954095 48.438107351 42.5681932239 8.59273102396 2.36459166782 3.71938975312
-9999.0 -9999.0 -9999.0 -9999.0 -9999.0 -9999.0 -9999.0 -9999.0 -9999.0 -9999.0 -9999.0 -9999.0 -9999.0 -9999.0 15.2532772304 46.3484270074 166.143656841 245.470868084 13.281182606 321.245223276 392.35605125 11.8064938422 22.4389440975 34.7226468114 551.045709893 561.651042037 6.91982386065 39.6802395997 46.4479218205 52.6255977851 687.99319515 701.095748763 709.597779147 4.43074175445 25.2126718195 30.7412755243 11.6142925246 16.2276456405 851.003257328 880.099094559 883.881692253 887.445269127 921.359556845 2.14711019302 1.98171485705 11.0580069236 11069.9764412 5.20048046339 1.73191504336 5.29367766809 2.05560992334 36.5357837327 32.3801410235 19.7124278241 13.144971392
-9999.0 -9999.0 -9999.0 -9999.0 -9999.0 -9999.0 -9999.0 -9999.0 -9999.0 -9999.0 -9999.0 -9999.0 -9999.0 -9999.0 -9999.0 -9999.0 32.3454320118 65.1042348006 291.126482696 307.36088081 406.74037868 421.257250338 11.6509965469 23.3182795315 54.0663989484 574.040237392 589.6751659 595.731999759 4.97810479867 617.138744846 630.435528683 8.57620984901 4.21492496662 7.76813761477 15.378448298 3.84318361918 7.62601015671 16.43537222 20.4600090503 4.1885358957 2.91478951425 5.68351226851 942.735653513 950.10873016 951.835845625 968.042243856 11073.5296325 4.48128822348 1.19744310273 1.52603127994 1.51571456831 1.5566274008 1.38712292837 2.5740292101 2.80265887055
-9999.0 -9999.0 -9999.0 -9999.0 -9999.0 -9999.0 -9999.0 -9999.0 -9999.0 -9999.0 -9999.0 -9999.0 -9999.0 -9999.0 -9999.0 -9999.0 16.8558861598 16.4844653882 16.237592447 31.5228050697 14.1706554484 449.463138238 462.753580047 10.7484883541 20.8615440957 9.23947539849 7.61208399132 7.30639752138 607.722742135 4.36982956042 9.05833032428 4.50286281774 4.08577104511 3.78454677877 2.98788675124 3.12218521677 9.68071168431 13.3302346166 2.70190861008 2.48400737427 5.44798466113 9.1248016788 11.7906881748 3.73151302007 954.802591385 969.919035548 11076.5586283 12.8681738785 3.49771353662 0.89768053029 2.2362254267 0.741044961268 0.573207235084 3.21641198046 12.8337296136
-9999.0 -9999.0 -9999.0 -9999.0 -9999.0 -9999.0 -9999.0 -9999.0 -9999.0 -9999.0 -9999.0 -9999.0 -9999.0 -9999.0 -9999.0 -9999.0 -9999.0 -9999.0 16.3224543437 46.449376948 59.7466898614 73.5920501636 476.280686706 489.75558976 502.776524967 514.693217324 521.70497212 536.346335086 540.30394788 544.38519696 547.736967626 3.42204248634 3.23039325924 3.51360400068 12.9354245185 3.52116862106 3.39083652239 2.61923969544 7.82229399075 3.3195942209 2.6130356684 2.41464421526 2.05127220106 4.0932746808 5.99560203062 982.387412384 12074.5507216 4.77952489335 8.39073433661 0.713294765235 2.99719167522 1.53328219132 1.1541916328 26.3204391929 21.3383906747
-9999.0 -9999.0 -9999.0 -9999.0 -9999.0 -9999.0 -9999.0 -9999.0 -9999.0 -9999.0 -9999.0 -9999.0 -9999.0 -9999.0 -9999.0 -9999.0 -9999.0 -9999.0 -9999.0 13.5402380402 107.370427224 210.366571068 224.5297945 15.1992381871 26.1897593088 36.3066493581 43.96528971 98.6216848461 102.140845448 3.41489517329 3.39969978491 556.507577548 563.539759623 566.446289574 15.3138196305 2.25881363913 5.87065282586 8.57989891875 25.8673270916 32.0628367437 37.0824884733 4.57850817417 6.40252269474 2.20183201586 4.42424635855 2.31603958082 12078.9532871 4.07921336769 16.6086453177 4.18399936194 8.35599838227 28.1104980133 31.4094669 60.0864551276 18.6356915501
-9999.0 -9999.0 -9999.0 -9999.0 -9999.0 -9999.0 -9999.0 -9999.0 -9999.0 -9999.0 -9999.0 -9999.0 -9999.0 -9999.0 -9999.0 -9999.0 -9999.0 -9999.0 15.0508439224 47.9338057969 94.0085503932 122.961023264 313.112144665 327.782053879 21.5028852869 31.8244112874 40.4884761327 48.1100708431 105.850743878 112.781964077 196.407430905 203.774995683 208.876925438 569.474389026 593.159664455 5.57502392583 3.80900888156 3.62150119041 7.00128988609 3.27219552737 43.5207395035 45.9215709508 8.60027086331 11.0451589401 3.01225546169 2970.02392925 2975.48438092 15057.5931895 15079.7237666 4.61783934646 17.9990246815 7.26961714003 5.46249278512 68.2361305694 89.2411822746
-9999.0 -9999.0 -9999.0 -9999.0 -9999.0 -9999.0 -9999.0 -9999.0 -9999.0 -9999.0 -9999.0 -9999.0 -9999.0 -9999.0 -9999.0 -9999.0 -9999.0 -9999.0 -9999.0 17.1219582856 16.6957344357 31.5366005478 74.9800941448 341.717986252 11.1533357052 10.9900378681 19.2253562405 28.0323749269 66.8808525861 71.9493009904 4.42383989913 4.55876685114 213.245136308 216.652900849 813.669406137 817.492265193 2.04848993495 1.79199136527 1.55497529348 1.57096912156 1.74429004472 2924.38116681 2939.02870741 2952.43072273 2957.84503705 2967.57905102 2.70867645705 9.9224944664 12.074681204 15097.8060599 15100.6889346 15102.9877667 15104.8661866 15106.9100014 92.0422604922
-9999.0 -9999.0 -9999.0 -9999.0 -9999.0 -9999.0 -9999.0 -9999.0 -9999.0 -9999.0 -9999.0 -9999.0 -9999.0 -9999.0 -9999.0 -9999.0 -9999.0 -9999.0 -9999.0 -9999.0 15.2998616278 16.0180824257 29.7727768736 399.715917201 413.305547521 10.6749710971 18.8692470852 27.9607912588 34.5352262501 5.68202336787 10.520747171 815.921074856 819.075304603 823.420024889 852.177433689 1673.36074089 2836.82955302 2841.80288041 2846.45518273 2850.88307874 2869.83706279 2876.09155728 12.4317097042 5.65797210075 3.45438189307 6.50493063164 4.92140072086 7.82812567539 2.53279860535 51.5152654092 61.50548591 69.8414932882 70.9515435008 15108.3335102 15202.6719491
-9999.0 -9999.0 -9999.0 -9999.0 -9999.0 -9999.0 -9999.0 -9999.0 -9999.0 -9999.0 -9999.0 -9999.0 -9999.0 -9999.0 -9999.0 -9999.0 -9999.0 -9999.0 -9999.0 -9999.0 -9999.0 15.5707103393 29.863860971 44.2216440721 425.35958969 10.838707105 566.792746062 576.12006059 581.783236683 586.970831141 794.138332461 800.548147705 3.69607183473 20.2666488421 25.2226012796 4.06810894451 1158.53207409 1151.13119347 2.29996961963 5.4302912164 14.9524370252 3.36162718637 3.68178269111 2.85852097796 2.47711112064 1.90286602918 2.31450474068 43.5949658974 46.0959008432 49.1090236007 7.45811728139 5.68211274855 75.3600804012 77.3584913055 78.1850237669
-9999.0 -9999.0 -9999.0 -9999.0 -9999.0 -9999.0 -9999.0 -9999.0 -9999.0 -9999.0 -9999.0 -9999.0 -9999.0 -9999.0 -9999.0 -9999.0 -9999.0 -9999.0 -9999.0 -9999.0 -9999.0 14.1895923426 13.3519656008 69.1328056738 522.160504288 546.87306906 558.718433709 8.4735360311 190.118833991 195.708510173 199.023657765 5.40397825192 9.63538853171 13.4609555938 264.136242468 267.147256144 269.819967045 1146.23579795 717.469432953 3.0115556607 3.25523102224 3.09485579845 2.44522535515 24.9663626164 30.6016528756 35.5166487688 38.3533841303 41.0811644405 264.933756025 267.06638668 269.45329795 274.600573119 299.399704668 300.486152863 379.884701445
-9999.0 -9999.0 -9999.0 -9999.0 -9999.0 -9999.0 -9999.0 -9999.0 -9999.0 -9999.0 -9999.0 -9999.0 -9999.0 -9999.0 -9999.0 -9999.0 -9999.0 -9999.0 -9999.0 -9999.0 -9999.0 -9999.0 27.7868884317 42.4563203544 14.7906292545 11.0411235859 161.411026221 170.35776797 176.235325357 53.9998276106 58.3301465685 62.8761909144 66.6752680363 257.280808354 261.525135195 149.884971207 423.032687964 426.116029843 715.029220372 6.27024621354 3.24558898937 2.22317273506 17.0219062145 20.0617470037 1.97374153299 1.86561485018 255.560048032 260.501090502 263.049869754 2.42956668168 3.65101705906 295.280770475 2.30775408186 8.35439429687 9.21912206078
-9999.0 -9999.0 -9999.0 -9999.0 -9999.0 -9999.0 -9999.0 -9999.0 -9999.0 -9999.0 -9999.0 -9999.0 -9999.0 -9999.0 -9999.0 -9999.0 -9999.0 -9999.0 -9999.0 -9999.0 -9999.0 -9999.0 13.9532642566 27.605753944 115.32446544 130.103628891 141.330690758 42.6105299957 49.5969200913 4.80115232605 178.351713579 182.59593595 186.644819378 3.97712450102 142.087510444 146.507687445 3.27103703534 698.71071993 7.0485835753 3.54094382282 9.13389698053 12.3915903425 2.46824398014 1.97532743315 232.240746855 251.121820294 254.023391178 2.97944819159 6.48999620954 8.16976913274 9.94208141856 19.0898381059 3.05328299447 6.86510389248 1.43873778621
-9999.0 -9999.0 -9999.0 -9999.0 -9999.0 -9999.0 -9999.0 -9999.0 -9999.0 -9999.0 -9999.0 -9999.0 -9999.0 -9999.0 -9999.0 -9999.0 -9999.0 -9999.0 -9999.0 -9999.0 -9999.0 -9999.0 13.7905469569 43.2463224318 74.2981936948 14.853234793 24.846591569 34.5792794229 158.994771883 164.931727945 169.422968148 3.98327836628 117.605489193 130.543471973 134.652999551 2.85114018861 684.637686118 692.437370132 3.65723536105 3.30012930436 6.6556088756 2.69511830935 218.483087901 223.43952437 226.474475329 11.5265245862 14.520150547 2.59214744103 4.67718043688 2.10462449817 14.6815388155 2.24982427799 1.78624383282 1.84752860761 2.0031357735
-9999.0 -9999.0 -9999.0 -9999.0 -9999.0 -9999.0 -9999.0 -9999.0 -9999.0 -9999.0 -9999.0 -9999.0 -9999.0 -9999.0 -9999.0 -9999.0 -9999.0 -9999.0 -9999.0 -9999.0 -9999.0 -9999.0 -9999.0 15.0528433469 16.0080735696 14.0577726873 115.103421169 124.23847481 151.05217574 6.3811106843 99.7455842629 110.096384776 4.3389690965 9.15592904458 3.53236501731 674.849918628 3.95830715794 10.2286636509 12.8049419952 15.4969033806 201.412917176 210.52440433 213.781527454 3.27105074866 6.11621323536 8.66359632328 1.65615190843 1.53883323503 620.837837379 622.475404684 623.833942575 637.669491972 639.527378729 641.931173205 643.544248222
