data/baseflow/mHMbf_acc350.asc
ncols                  80
nrows                 72
xllcorner      4374000.0
yllcorner      5656000.0
cellsize            500
NODATA_value       -9999
[rows 0 to 24 of 72, columns 0 to 54 of 80]
-9999.0 -9999.0 -9999.0 -9999.0 -9999.0 -9999.0 -9999.0 -9999.0 -9999.0 -9999.0 -9999.0 -9999.0 21.5320429001 17.8514226679 -9999.0 -9999.0 -9999.0 -9999.0 -9999.0 -9999.0 -9999.0 -9999.0 -9999.0 -9999.0 -9999.0 -9999.0 -9999.0 -9999.0 -9999.0 -9999.0 -9999.0 -9999.0 -9999.0 -9999.0 -9999.0 -9999.0 -9999.0 -9999.0 -9999.0 -9999.0 -9999.0 -9999.0 -9999.0 -9999.0 -9999.0 -9999.0 -9999.0 -9999.0 -9999.0 -9999.0 -9999.0 -9999.0 -9999.0 -9999.0 -9999.0
-9999.0 -9999.0 -9999.0 -9999.0 -9999.0 -9999.0 -9999.0 -9999.0 -9999.0 -9999.0 -9999.0 -9999.0 43.153974459 92.6729282612 14.3687602615 -9999.0 13.11325579 -9999.0 -9999.0 -9999.0 -9999.0 -9999.0 -9999.0 -9999.0 -9999.0 -9999.0 -9999.0 -9999.0 -9999.0 -9999.0 -9999.0 -9999.0 -9999.0 -9999.0 -9999.0 -9999.0 -9999.0 -9999.0 -9999.0 -9999.0 -9999.0 -9999.0 -9999.0 -9999.0 -9999.0 -9999.0 -9999.0 -9999.0 -9999.0 -9999.0 -9999.0 -9999.0 -9999.0 -9999.0 -9999.0
-9999.0 -9999.0 -9999.0 -9999.0 -9999.0 -9999.0 -9999.0 -9999.0 -9999.0 -9999.0 21.1056476032 20.227068607 21.082753899 20.5497683417 131.524817509 146.01810362 36.8457895157 11.8947702207 -9999.0 -9999.0 -9999.0 -9999.0 -9999.0 -9999.0 -9999.0 -9999.0 -9999.0 -9999.0 -9999.0 -9999.0 -9999.0 -9999.0 -9999.0 -9999.0 -9999.0 -9999.0 -9999.0 -9999.0 -9999.0 -9999.0 -9999.0 -9999.0 -9999.0 -9999.0 -9999.0 -9999.0 -9999.0 -9999.0 -9999.0 -9999.0 -9999.0 -9999.0 -9999.0 -9999.0 -9999.0
-9999.0 -9999.0 -9999.0 -9999.0 -9999.0 -9999.0 -9999.0 -9999.0 -9999.0 20.403645334 41.3605095074 82.0328752176 40.6974751846 19.8074318235 38.9601250936 164.680157713 227.614174425 12.8550132694 -9999.0 20.2404101958 -9999.0 -9999.0 -9999.0 -9999.0 24.8712187177 12.7845449308 -9999.0 -9999.0 -9999.0 -9999.0 -9999.0 -9999.0 -9999.0 -9999.0 -9999.0 -9999.0 -9999.0 -9999.0 -9999.0 -9999.0 -9999.0 -9999.0 -9999.0 -9999.0 -9999.0 -9999.0 -9999.0 -9999.0 -9999.0 -9999.0 -9999.0 -9999.0 -9999.0 -9999.0 -9999.0
-9999.0 -9999.0 -9999.0 -9999.0 -9999.0 -9999.0 -9999.0 -9999.0 22.8210039593 64.7593174939 84.4911791422 104.410141278 142.234063891 19.0563204002 76.4815046028 95.1171389167 351.887927082 15.6479474501 17.3131833235 38.8935809977 56.6818594126 18.4315639892 -9999.0 63.105084786 51.6179058313 13.7411797497 -9999.0 -9999.0 -9999.0 -9999.0 -9999.0 -9999.0 -9999.0 -9999.0 -9999.0 -9999.0 -9999.0 -9999.0 -9999.0 -9999.0 -9999.0 -9999.0 -9999.0 -9999.0 -9999.0 -9999.0 -9999.0 -9999.0 -9999.0 -9999.0 -9999.0 -9999.0 -9999.0 -9999.0 -9999.0
-9999.0 -9999.0 -9999.0 -9999.0 -9999.0 -9999.0 22.9361994574 21.1594714628 20.4555766378 20.7320888989 20.7209452682 146.095024857 308.479443129 328.40464923 346.426820761 17.9344306697 386.57179122 403.795266594 35.6147014856 18.3730540114 74.1550158879 128.214940841 16.7366868325 112.272743226 17.6212660394 16.6103532269 17.3858711948 -9999.0 -9999.0 -9999.0 -9999.0 -9999.0 -9999.0 -9999.0 -9999.0 -9999.0 -9999.0 -9999.0 -9999.0 -9999.0 -9999.0 -9999.0 -9999.0 -9999.0 -9999.0 -9999.0 -9999.0 -9999.0 -9999.0 -9999.0 -9999.0 -9999.0 -9999.0 -9999.0 -9999.0
-9999.0 -9999.0 -9999.0 -9999.0 -9999.0 -9999.0 45.8946167393 67.7588630836 152.943086716 213.609022777 19.0523993409 19.784108669 19.1551422655 56.0122070659 419.522357426 16.5274535283 420.382187513 488.219294131 52.3043422191 34.7383553748 144.634483965 17.6081740345 129.808906589 34.1847146875 16.9659565003 33.0800648088 35.445430594 18.7475353072 19.1524091874 18.8430461384 19.2101002694 38.5335826945 -9999.0 -9999.0 -9999.0 -9999.0 -9999.0 -9999.0 -9999.0 -9999.0 -9999.0 -9999.0 -9999.0 -9999.0 -9999.0 -9999.0 -9999.0 -9999.0 -9999.0 -9999.0 -9999.0 -9999.0 -9999.0 -9999.0 -9999.0
-9999.0 -9999.0 -9999.0 -9999.0 -9999.0 24.5370057397 47.6931239995 22.9024130678 44.3004541603 235.271170678 275.160238946 314.935031467 1010.92879373 18.5300701138 437.536446756 1593.17597685 1607.39222739 2120.41026069 15.2098933072 51.1605329972 161.169787488 16.4059429212 319.095286523 172.196251878 103.477223704 86.1835308809 17.3438042226 55.8732386592 56.1142008469 37.446545817 17.9334804182 56.9584085926 17.4807939262 17.2912457489 -9999.0 -9999.0 -9999.0 -9999.0 -9999.0 -9999.0 -9999.0 -9999.0 -9999.0 -9999.0 -9999.0 -9999.0 -9999.0 -9999.0 -9999.0 -9999.0 -9999.0 -9999.0 -9999.0 -9999.0 -9999.0
-9999.0 -9999.0 -9999.0 -9999.0 -9999.0 24.6437822741 72.043610086 143.175630075 165.073088225 326.64316169 347.523433156 412.310454826 677.538090125 1066.87779735 1104.89102008 1122.39979245 32.984606365 2179.92858763 2210.94080128 2296.37332106 2842.79808733 369.159532875 336.50982532 120.721507213 17.0410283297 105.750139175 72.4381992678 16.1311733911 72.9420621176 16.7246368929 34.0612682916 90.9636196901 107.964703612 34.1297394403 16.3702639948 16.452630287 -9999.0 -9999.0 -9999.0 -9999.0 11.6308118639 10.5463072189 -9999.0 -9999.0 -9999.0 -9999.0 -9999.0 -9999.0 -9999.0 -9999.0 -9999.0 -9999.0 -9999.0 -9999.0 -9999.0
-9999.0 -9999.0 -9999.0 -9999.0 -9999.0 24.0995216273 23.2075704319 95.2559346345 117.395624377 140.133805528 21.932121458 43.5429395735 248.641940883 43.7267487248 20.8434095881 19.3193224719 17.1044255618 18.8970080338 18.0704302352 18.4735939159 2859.64161844 2908.74594261 16.2233281561 49.9803129913 33.9609017829 122.015189228 32.4437471097 15.5432377607 89.8460084476 33.2227255807 80.6219622778 190.810771481 175.113099037 50.3750147516 48.5359212492 16.7406723692 16.470114837 -9999.0 -9999.0 16.5708379446 24.9975320157 57.4300310057 10.9560585726 -9999.0 -9999.0 -9999.0 -9999.0 -9999.0 -9999.0 -9999.0 -9999.0 -9999.0 -9999.0 -9999.0 -9999.0
-9999.0 -9999.0 -9999.0 -9999.0 -9999.0 -9999.0 24.7056735103 24.5785301954 47.7671254361 71.025441285 161.444809258 206.03965886 228.266546835 22.7129447361 19.2367592127 249.552896627 306.457159204 324.565385944 399.362595331 416.763924533 16.8712219917 2925.68040592 3008.25283505 66.1728438115 14.689319623 137.446858514 304.62824774 120.278707815 30.8571312927 15.6565748148 302.100200456 206.488420096 14.8304282694 14.8929947781 63.4402364611 48.9710486602 15.4030752142 14.5012390641 16.0552745862 32.3261537818 15.4372607277 69.6307695082 83.9842993431 12.9155821167 -9999.0 -9999.0 -9999.0 -9999.0 14.5623936216 13.7892094711 6.10230443429 -9999.0 -9999.0 -9999.0 -9999.0
-9999.0 -9999.0 -9999.0 -9999.0 -9999.0 -9999.0 -9999.0 24.4378513412 22.398015473 45.8986267792 68.7780764486 22.4897848769 20.7801505873 129.189528192 169.975636101 211.462520678 19.3954449876 38.9355518866 18.7842926715 434.472000554 954.551176418 966.465605636 4004.58031684 16.263134322 43.3626874644 13.9282510662 319.279938115 15.105369363 46.6991165366 15.3460533857 316.948612331 331.795098521 29.7868181837 29.8792407345 159.689220833 80.3508719371 29.8563959046 15.417255203 32.086118807 48.1386092168 78.116694495 14.1650656731 108.191904815 118.375655304 9.16541121489 10.2587825799 10.2158327241 9.11042809589 8.74409522795 39.3592612591 18.8210371071 12.7035412452 -9999.0 -9999.0 -9999.0
-9999.0 -9999.0 -9999.0 -9999.0 -9999.0 -9999.0 -9999.0 -9999.0 46.1244150086 67.8474961652 22.5001888322 45.4843441989 66.7801280151 109.647789661 21.9198452639 21.2804621029 19.1137933945 19.355771953 17.6084705407 484.602215983 19.13155514 37.6365249629 4054.42658387 4084.36593964 12.9081422473 69.5231876531 402.340211647 29.6875704783 60.258805731 28.149535321 41.072781808 387.766408012 43.0649784826 230.884816405 188.028422684 14.4130310189 75.470117748 30.6803476224 46.9285379156 14.6679029648 91.4545126675 116.908676152 125.665767438 133.904010772 152.871818205 17.6276471712 18.2537998721 16.4750508594 15.6098266473 48.3451845761 10.4555443507 42.6108670036 53.1602917884 -9999.0 -9999.0
-9999.0 -9999.0 -9999.0 -9999.0 -9999.0 -9999.0 -9999.0 -9999.0 23.7806294132 114.744094044 136.817753526 22.1225073178 43.3078417126 21.1793322928 20.3171239831 19.9939440088 245.60307868 326.761905701 400.116456124 471.668263003 17.1643159025 18.7779239603 17.4567033156 4162.21031054 4193.45407533 4205.36291736 534.49088406 118.209729183 103.803496654 12.946712479 53.7117092895 454.307742538 12.8192267648 243.787919338 14.3304654069 100.131335359 90.9556471368 15.0627106069 61.678682907 29.3458510267 43.6282288805 11.8059587851 8.1345429308 142.023526415 149.326106094 160.152079383 26.2236442848 24.0136724849 23.057730503 59.3850676819 80.5824337453 10.5840506507 64.0427648106 11.6792270347 22.4732735029
-9999.0 -9999.0 -9999.0 -9999.0 -9999.0 -9999.0 -9999.0 -9999.0 -9999.0 23.8291072488 159.439667565 181.197669501 64.5921079105 106.743672079 147.175179635 167.327107387 20.6306143629 62.0876285147 41.5204798544 20.9448690657 20.6490896305 19.2134770823 37.1055963035 63.070549334 18.6873351936 4772.21671975 4785.61057286 11.7526456182 10.5300939212 26.2037249495 38.7995827019 491.584959885 24.8638241521 255.261415289 154.493625684 127.690203082 14.1523134803 28.9577238525 75.1817369872 13.4517190572 56.6306928105 24.2243961788 14.616605725 7.50404185642 171.384540169 337.409221085 31.532884432 29.4899128733 31.0121097952 8.51181930874 89.138106505 8.3320661721 84.0726684118 10.4963974233 33.0712803624
-9999.0 -9999.0 -9999.0 -9999.0 -9999.0 -9999.0 -9999.0 -9999.0 -9999.0 -9999.0 21.5172468611 224.496141576 21.2040408173 42.1445407711 61.7812808885 101.267400049 20.2996272172 41.3567394139 20.7175223144 19.7746867012 18.7913868799 37.2222923018 16.7950090506 17.1735999415 32.6059294449 17.858429373 4799.05343384 4823.03054913 4859.06706601 50.4466516528 13.115933342 26.137950795 504.758784699 472.346310505 181.486381081 13.4509293433 56.7933073747 42.8296825676 88.7196019495 26.9319927854 106.782552792 36.9612617664 25.2112465843 7.23415735495 8.16167879431 345.658045352 352.569113156 419.406596155 57.9562396632 17.7257901756 98.365008003 115.742470464 208.582736265 20.5481044352 9.94457762285
-9999.0 -9999.0 -9999.0 -9999.0 -9999.0 -9999.0 -9999.0 -9999.0 -9999.0 -9999.0 -9999.0 13.0952166829 253.207744945 20.1937863614 39.6350171593 179.879853504 19.9948238894 19.8549695469 18.1679668898 38.7414437006 18.9154537763 74.8030269274 108.225659116 123.786706906 46.405465031 57.0429290795 12.0000881755 15.8637520695 14.7168184925 4937.93644504 4975.80309886 516.195145144 495.121562881 483.783992136 23.6916211617 11.5832670053 69.4026403272 183.421661992 101.436633546 39.5813660409 158.266369419 62.4506587356 51.0633768469 15.2961210978 5.99108846084 5.24279674018 5.82128170976 448.299168978 530.780342637 8.83201375693 8.00482412955 8.85833160718 217.505029466 246.983276677 18.0706657016
-9999.0 -9999.0 -9999.0 -9999.0 -9999.0 -9999.0 -9999.0 -9999.0 -9999.0 -9999.0 -9999.0 12.3869745132 282.570170494 344.884815337 19.6093080581 218.928070451 18.6912922541 18.267951015 36.8495661697 94.5118308874 18.5861316962 19.2525504904 16.3755189515 156.384883748 171.560573983 244.56074368 270.216808841 284.452947357 295.967938432 313.012438741 5301.25066733 5839.8849056 6354.23840024 6361.70317952 9.0439741237 11.6362549475 208.687001651 196.152337306 12.5120364583 12.465655711 170.470364738 244.773137521 10.6138478507 123.167979791 112.742005863 30.9804144719 13.3522508054 22.104497134 8.58369198692 544.685856228 7.07953868482 23.8641230756 29.4795234609 299.882989984 326.171636244
-9999.0 -9999.0 -9999.0 -9999.0 -9999.0 -9999.0 -9999.0 -9999.0 -9999.0 -9999.0 -9999.0 22.3351301102 42.759310794 364.974448696 402.205738061 18.5566626218 251.485272415 16.299296674 50.6511904609 111.273750508 35.7978774427 17.1557954995 34.6734089499 14.669308554 28.3328309632 14.1986868884 13.5668601742 12.8172002685 12.0823292394 11.4957748255 10.4721781312 12.1882862928 12.8483259425 13.1319565584 6393.0783724 239.84888313 222.155812943 6.49052597207 35.8598463355 10.9535773351 10.2378437418 255.856949285 412.629087681 134.953887901 98.3833471753 19.020527834 7.50302147238 6.82654319563 13.8623055398 565.614296473 578.618928388 6.81038266779 7.27125862824 8.05156387543 8.34634405905
-9999.0 -9999.0 -9999.0 -9999.0 -9999.0 -9999.0 -9999.0 -9999.0 -9999.0 -9999.0 -9999.0 -9999.0 19.9092864093 259.686463407 681.414994535 739.574918912 1007.62378949 1021.22771344 245.30739963 181.735881221 53.2625962971 16.9717724327 67.7209411056 83.2600755716 125.971215017 28.9041362616 27.4736431694 26.9012764658 52.5616593292 24.9076696407 23.4121834416 12.4645473359 10.5312806774 9.5457769142 6403.81565852 6654.10780286 6661.78928629 6.2349786835 93.7686567228 44.8195434695 11.9811142855 448.347354104 24.846312347 12.7664896167 55.517506104 12.4395110577 9.15531801712 16.5532496208 22.6849190444 29.3381993495 589.505690491 5.15576496461 4.63169844216 4.75032708092 4.17661948631
-9999.0 -9999.0 -9999.0 -9999.0 -9999.0 -9999.0 -9999.0 -9999.0 -9999.0 -9999.0 -9999.0 21.0681668983 197.957973889 239.689903814 39.5854699918 14.002681079 30.6499067555 1069.00438452 1082.50549619 1341.02042555 15.1028218689 31.9498205348 14.0754129696 14.2956576779 139.867578941 182.644478988 223.202159447 12.9920142625 65.468242795 103.059455951 59.96034238 24.5842538343 21.5863267868 19.8564281797 17.5937710859 7.46875791953 6667.77006619 6672.38330197 6775.94841842 20.1499387556 10.6870122458 456.419557786 27.5459992022 14.0037604204 15.0861647159 14.9455174941 13.316633206 23.4154673735 65.2712910279 101.946036717 696.91271698 3.9377673684 12.0268722102 8.32891517732 7.51584972759
-9999.0 -9999.0 -9999.0 -9999.0 -9999.0 -9999.0 -9999.0 -9999.0 -9999.0 -9999.0 -9999.0 21.4937883607 136.199714489 21.268806165 19.5387121435 100.265995621 117.720552536 135.238338622 151.602308904 1809.9930933 1825.15288708 1855.14246013 2077.9574186 2121.29601689 2146.47800932 2160.63437762 2418.55065275 2456.09049648 2469.38553581 2586.42681874 2659.65499539 2671.87078457 2717.14576904 31.254990246 28.0432667166 6.76019800794 4.82857057705 6677.8997625 6807.38067384 27.1637699396 525.654340103 516.21373681 52.0395775901 12.6061035627 12.9778881869 12.622266616 12.2178404387 24.4934561804 34.5705520873 9.00682555729 702.002227766 707.418173865 732.463883891 736.963982673 748.776228583
-9999.0 -9999.0 -9999.0 -9999.0 -9999.0 -9999.0 -9999.0 -9999.0 -9999.0 -9999.0 -9999.0 69.9740490746 92.5642959874 43.2385972489 63.561023662 20.0850514436 230.049657392 248.438347957 284.327804926 300.973344545 120.849642814 2001.60752289 2017.49704255 14.4005724819 11.0017328035 10.605871228 22.7287677758 12.1027984343 10.6753207949 10.4202260324 10.5445905825 2684.15775118 2729.11578239 2770.99950772 2808.38401414 2829.18919124 8.63092221663 2.79931888762 7351.94476485 540.411129305 535.46970504 10.9721365613 10.2442272509 9.52856450462 23.1167990201 22.6917662225 10.7060841274 10.7459828658 9.92958271102 18.8226307926 24.155107739 3.68076842244 6.82058054496 2.94636497191 2.74712341735
-9999.0 -9999.0 -9999.0 -9999.0 -9999.0 -9999.0 -9999.0 -9999.0 -9999.0 -9999.0 -9999.0 -9999.0 47.4649750784 22.2189288624 20.5812009715 193.269988545 212.233112145 18.9251197412 73.205452352 90.303713797 106.074966553 17.193219519 13.3637360295 303.680334063 314.565763627 325.312121737 833.294357374 842.771930581 861.839298076 937.708619251 990.435912822 999.487417446 9.48349876335 9.71889001121 8.88861401494 2836.77871749 3.44167791654 7439.73364289 7434.21292512 78.0078211116 71.7205138526 42.5633694208 10.8363393112 18.712079198 32.6383881613 32.3041284169 20.9443792571 10.4291353174 20.1716772358 20.0070319634 32.9763656787 7.69045583726 14.1041810796 21.9269512944 27.7681413757
-9999.0 -9999.0 -9999.0 -9999.0 -9999.0 -9999.0 -9999.0 -9999.0 -9999.0 -9999.0 -9999.0 -9999.0 24.4224220388 68.6283905227 89.6359710123 152.914766479 18.7846148009 38.2081748292 56.4931853053 218.983211603 235.123992539 249.785184403 264.26442716 278.980048059 430.323205165 473.83597929 498.677541971 11.4290331022 57.3562154655 68.0980043729 962.82581416 1008.73866175 1029.2934047 1050.0816066 1066.3242106 3907.1182339 3.30357926308 7458.25952532 11.261443545 5.79331188864 61.22434847 52.2366284045 8.98088258195 27.954513078 41.4313268215 40.5991883328 28.8417624943 47.3946160821 74.9258828577 28.2984092808 68.8712027124 7.16934180595 12.534298587 2.06546517144 1.61495068369
