data/baseflow/mHMbf_acc532.asc
ncols                  80
nrows                 72
xllcorner      4374000.0
yllcorner      5656000.0
cellsize            500
NODATA_value       -9999
[rows 0 to 24 of 72, columns 0 to 54 of 80]
-9999.0 -9999.0 -9999.0 -9999.0 -9999.0 -9999.0 -9999.0 -9999.0 -9999.0 -9999.0 -9999.0 -9999.0 33.2337940755 25.1765637736 -9999.0 -9999.0 -9999.0 -9999.0 -9999.0 -9999.0 -9999.0 -9999.0 -9999.0 -9999.0 -9999.0 -9999.0 -9999.0 -9999.0 -9999.0 -9999.0 -9999.0 -9999.0 -9999.0 -9999.0 -9999.0 -9999.0 -9999.0 -9999.0 -9999.0 -9999.0 -9999.0 -9999.0 -9999.0 -9999.0 -9999.0 -9999.0 -9999.0 -9999.0 -9999.0 -9999.0 -9999.0 -9999.0 -9999.0 -9999.0 -9999.0
-9999.0 -9999.0 -9999.0 -9999.0 -9999.0 -9999.0 -9999.0 -9999.0 -9999.0 -9999.0 -9999.0 -9999.0 64.7788925611 139.913418764 21.803416226 -9999.0 16.5126803829 -9999.0 -9999.0 -9999.0 -9999.0 -9999.0 -9999.0 -9999.0 -9999.0 -9999.0 -9999.0 -9999.0 -9999.0 -9999.0 -9999.0 -9999.0 -9999.0 -9999.0 -9999.0 -9999.0 -9999.0 -9999.0 -9999.0 -9999.0 -9999.0 -9999.0 -9999.0 -9999.0 -9999.0 -9999.0 -9999.0 -9999.0 -9999.0 -9999.0 -9999.0 -9999.0 -9999.0 -9999.0 -9999.0
-9999.0 -9999.0 -9999.0 -9999.0 -9999.0 -9999.0 -9999.0 -9999.0 -9999.0 -9999.0 31.6111397943 30.6046850049 31.4746701467 30.4632565176 199.313386144 224.398304694 46.4508430624 14.6857470533 -9999.0 -9999.0 -9999.0 -9999.0 -9999.0 -9999.0 -9999.0 -9999.0 -9999.0 -9999.0 -9999.0 -9999.0 -9999.0 -9999.0 -9999.0 -9999.0 -9999.0 -9999.0 -9999.0 -9999.0 -9999.0 -9999.0 -9999.0 -9999.0 -9999.0 -9999.0 -9999.0 -9999.0 -9999.0 -9999.0 -9999.0 -9999.0 -9999.0 -9999.0 -9999.0 -9999.0 -9999.0
-9999.0 -9999.0 -9999.0 -9999.0 -9999.0 -9999.0 -9999.0 -9999.0 -9999.0 30.5886429003 62.4255759535 123.662485452 61.380005764 30.1046667547 59.8248585357 254.113243488 338.956904451 17.6243477279 -9999.0 31.4497564026 -9999.0 -9999.0 -9999.0 -9999.0 32.2885725843 16.1450795717 -9999.0 -9999.0 -9999.0 -9999.0 -9999.0 -9999.0 -9999.0 -9999.0 -9999.0 -9999.0 -9999.0 -9999.0 -9999.0 -9999.0 -9999.0 -9999.0 -9999.0 -9999.0 -9999.0 -9999.0 -9999.0 -9999.0 -9999.0 -9999.0 -9999.0 -9999.0 -9999.0 -9999.0 -9999.0
-9999.0 -9999.0 -9999.0 -9999.0 -9999.0 -9999.0 -9999.0 -9999.0 32.0088783619 93.6655981695 123.81437653 154.336974366 214.891987561 29.5818953874 117.89478108 147.383142604 537.918175769 28.3300932831 29.515004519 61.1597630593 90.1949026234 29.6232559466 -9999.0 88.5597752478 72.2827762995 21.0429531733 -9999.0 -9999.0 -9999.0 -9999.0 -9999.0 -9999.0 -9999.0 -9999.0 -9999.0 -9999.0 -9999.0 -9999.0 -9999.0 -9999.0 -9999.0 -9999.0 -9999.0 -9999.0 -9999.0 -9999.0 -9999.0 -9999.0 -9999.0 -9999.0 -9999.0 -9999.0 -9999.0 -9999.0 -9999.0
-9999.0 -9999.0 -9999.0 -9999.0 -9999.0 -9999.0 32.9558270298 30.8363027892 30.4155242842 30.5410008906 30.8895328184 216.321597549 461.557341257 491.844564918 518.123294723 24.6460713317 591.292999366 619.925485234 58.172826338 29.1424320356 118.87485427 206.474891827 29.5026592278 176.314569974 30.5566551484 30.5676952048 31.4664563819 -9999.0 -9999.0 -9999.0 -9999.0 -9999.0 -9999.0 -9999.0 -9999.0 -9999.0 -9999.0 -9999.0 -9999.0 -9999.0 -9999.0 -9999.0 -9999.0 -9999.0 -9999.0 -9999.0 -9999.0 -9999.0 -9999.0 -9999.0 -9999.0 -9999.0 -9999.0 -9999.0 -9999.0
-9999.0 -9999.0 -9999.0 -9999.0 -9999.0 -9999.0 65.8581630196 97.4884041986 221.85753232 312.70445961 29.8031928848 30.3549127341 29.6011995072 86.9894808052 633.064188632 26.2186006643 648.406866144 754.660939531 83.8990582398 56.8772300925 234.343936173 28.9064321354 205.326332925 58.7954596357 29.7417239066 60.0462210625 62.1350898857 30.98559544 30.827687098 30.7086286513 31.003812473 62.3193018562 -9999.0 -9999.0 -9999.0 -9999.0 -9999.0 -9999.0 -9999.0 -9999.0 -9999.0 -9999.0 -9999.0 -9999.0 -9999.0 -9999.0 -9999.0 -9999.0 -9999.0 -9999.0 -9999.0 -9999.0 -9999.0 -9999.0 -9999.0
-9999.0 -9999.0 -9999.0 -9999.0 -9999.0 33.3314042735 65.7658992881 32.0195790715 63.375821142 344.004331071 404.625435998 465.139987826 1447.17153706 28.2972867196 662.130526864 2321.29435752 2341.33982906 3128.88839253 20.9662064171 84.5959714458 262.384151716 27.9586500733 531.706146759 297.813988297 181.554945062 152.071538009 30.4063409515 92.2076909908 91.1066837066 60.9273147257 30.1337130863 93.0270351802 30.5318794214 30.5165539598 -9999.0 -9999.0 -9999.0 -9999.0 -9999.0 -9999.0 -9999.0 -9999.0 -9999.0 -9999.0 -9999.0 -9999.0 -9999.0 -9999.0 -9999.0 -9999.0 -9999.0 -9999.0 -9999.0 -9999.0 -9999.0
-9999.0 -9999.0 -9999.0 -9999.0 -9999.0 33.6394971555 99.0660783286 197.127205582 228.678991378 454.813863214 485.719950696 580.115810879 952.937577293 1523.84352858 1580.21895174 1606.35058715 51.5880778016 3218.69284457 3263.61633802 3400.78840659 4308.01365437 616.417534509 560.479624084 210.327755419 28.6970718136 180.276082826 121.737416794 29.295562019 120.204423455 27.771022434 56.2310571945 151.574087525 181.237829209 60.2233429504 29.7780796885 29.9202659131 -9999.0 -9999.0 -9999.0 -9999.0 18.6621282751 15.7429686269 -9999.0 -9999.0 -9999.0 -9999.0 -9999.0 -9999.0 -9999.0 -9999.0 -9999.0 -9999.0 -9999.0 -9999.0 -9999.0
-9999.0 -9999.0 -9999.0 -9999.0 -9999.0 33.3142898582 32.4482429485 131.142260884 162.721202938 194.859155144 31.7409584435 63.2943035105 350.982430257 61.5807612067 30.6835536469 29.7896235252 27.9378820013 28.9687096973 28.4182792648 29.2428303924 4336.86268375 4420.82476888 27.9173169612 85.1236697972 57.3270084131 208.767952954 58.4071876492 28.8600256295 149.839851958 54.3393945695 129.216150561 324.93380663 300.198608675 89.6252158508 89.4160277664 29.8397104127 29.9670103572 -9999.0 -9999.0 30.0243845202 43.9337374311 92.2303578259 16.3421857322 -9999.0 -9999.0 -9999.0 -9999.0 -9999.0 -9999.0 -9999.0 -9999.0 -9999.0 -9999.0 -9999.0 -9999.0
-9999.0 -9999.0 -9999.0 -9999.0 -9999.0 -9999.0 33.6949160163 33.1285057175 65.9927296872 98.4884324689 225.133850838 289.226298046 320.700183076 31.5125888342 29.5531270803 370.027564455 458.549132423 487.63342554 605.189505564 633.866622955 28.4057252725 4449.10610247 4587.00396149 109.935819301 19.6376679185 234.60801377 527.472272601 206.872049846 56.2638243577 27.9722072331 508.685178234 353.073656043 28.1976205897 28.4681599015 118.076859502 88.6399599277 29.2314312278 29.6476736363 29.4512606098 59.1606871198 29.1511654424 112.241144555 141.080949057 28.5826023732 -9999.0 -9999.0 -9999.0 -9999.0 30.1429159568 29.5287977864 8.05641532111 -9999.0 -9999.0 -9999.0 -9999.0
-9999.0 -9999.0 -9999.0 -9999.0 -9999.0 -9999.0 -9999.0 33.7506418203 30.5068388791 62.7555169498 95.0198420965 32.3474007339 30.3482354287 187.65040133 249.052257292 310.899581254 29.7719777948 59.6310706631 29.2252336642 662.351657791 1457.10286109 1475.81512655 6115.60884578 27.891752865 60.3146207862 19.5480324943 555.233613628 27.8516185188 84.4827989734 27.9029769707 536.665511595 564.546544693 56.4423157812 56.5536610103 293.865095601 146.932530255 58.8778174596 29.6619605173 59.0393226553 88.4414002061 146.284638755 28.7793002301 198.807877989 227.119346664 27.0558064108 27.7949300894 28.1578696522 27.2977214089 26.5807827739 87.6257658338 34.5193801683 22.7589337712 -9999.0 -9999.0 -9999.0
-9999.0 -9999.0 -9999.0 -9999.0 -9999.0 -9999.0 -9999.0 -9999.0 63.816643788 93.8555782115 32.2577860505 64.6259017082 96.004293325 158.442769244 31.7051406152 31.4170732517 29.5580825647 29.9394052083 28.8460258755 737.496505169 29.354397591 58.3945002496 6195.94442874 6265.70418638 39.2817108267 137.214382833 721.159615711 54.7753460849 110.960756797 54.0713841232 80.3084912231 674.057742069 83.1571440508 432.113162725 348.908238859 27.4763704291 145.169216002 58.1292888999 87.4875985807 28.4475200609 174.914540374 232.292687147 258.661797481 284.516172786 331.668135245 52.4430286137 53.6044914271 52.0303203606 50.3532579237 113.693308089 25.6620702846 83.1702984977 107.471991643 -9999.0 -9999.0
-9999.0 -9999.0 -9999.0 -9999.0 -9999.0 -9999.0 -9999.0 -9999.0 32.9132662545 158.976060682 190.956702404 32.1063363856 63.6807895947 31.6164127803 30.9661698892 30.5445036035 370.733177991 495.353853688 609.851445754 718.144830481 28.6000939639 29.1995172346 34.7040612303 6401.97320846 6474.61902541 6512.99940398 981.913908858 222.324329884 193.000942612 26.6324442108 106.733919386 807.100210364 26.6944527396 458.760829212 27.4396448893 185.748371393 173.728603058 28.2976613794 115.728601851 56.6559078686 84.6674742536 28.4877382 25.6002330261 310.247079918 334.872691518 356.255068904 78.9789404985 76.9423236907 75.1626841472 139.937500818 191.264327626 25.5654233124 132.087594506 24.9368308359 48.7789657765
-9999.0 -9999.0 -9999.0 -9999.0 -9999.0 -9999.0 -9999.0 -9999.0 -9999.0 32.4635808181 222.997579701 254.989677986 95.4584799004 158.567153949 220.184364886 250.811961138 30.5958890484 94.9142143099 62.3183772789 30.4865879071 30.8944139698 29.8255199746 60.705796474 106.407281464 42.3910256128 7573.1151003 7612.5484429 37.313667357 28.138124251 52.5039440397 78.4178636417 885.344795601 52.4419999436 484.171687894 288.879123195 235.891253401 27.5175043872 55.6087813974 142.879061759 27.0200545002 111.486927288 55.2262076095 46.0898783572 19.2034730451 397.05708211 775.395351177 99.7517861311 98.1818515797 98.9510185022 23.7014210973 214.665837211 23.2103770658 180.57905774 23.5950342572 72.2747241394
-9999.0 -9999.0 -9999.0 -9999.0 -9999.0 -9999.0 -9999.0 -9999.0 -9999.0 -9999.0 31.454273321 318.399073173 31.827148126 63.5130824135 93.8839125252 155.924030413 31.9196495017 64.6153667637 31.9888931349 31.7748650665 30.6320958296 60.9814779504 29.1666120957 33.9216749589 74.6571518526 41.9802213346 7649.77840212 7724.25278764 7829.10400496 108.124854682 25.9483810699 51.7320102462 911.466882927 903.338184048 342.368172898 26.6517227845 110.148258302 82.8686802281 170.080293246 54.1664420467 220.461861922 82.0301425732 70.9516161645 14.7734422913 19.9562990667 799.585436326 822.735695294 1042.85834668 171.228167602 48.0532423754 238.949109482 285.968299632 489.143829102 46.9436025198 22.6136251296
-9999.0 -9999.0 -9999.0 -9999.0 -9999.0 -9999.0 -9999.0 -9999.0 -9999.0 -9999.0 -9999.0 16.0560242884 353.563984096 30.3705226009 60.5415164796 278.424119185 31.9556098621 32.040894373 30.3032491686 62.1821690747 29.4541946048 119.898660386 177.770310104 206.098522687 103.858916321 138.61304071 38.7934806736 41.5202731788 36.9429090538 7996.08402099 8077.97542805 936.642822453 952.841025252 928.170426937 51.2860542969 25.4834537849 136.097146788 358.421562681 196.421565519 80.5061746469 326.92780435 144.997569439 119.63588806 29.8150262485 13.8391340441 13.9186531214 15.9847345321 1112.51970062 1352.80210261 23.2808829456 22.409587944 23.1178030365 511.400529067 579.988345308 42.5291244687
-9999.0 -9999.0 -9999.0 -9999.0 -9999.0 -9999.0 -9999.0 -9999.0 -9999.0 -9999.0 -9999.0 15.3806843891 391.633872689 485.027666773 30.2413434008 338.873583918 30.8270183085 30.5775183135 59.7665825628 151.471894815 29.3933531868 29.8819843122 28.4034541012 263.441262278 291.498104896 458.274353867 525.556282965 557.988227809 594.140112869 628.362879948 8740.53223383 9738.64512372 10751.3562817 10778.4095917 28.6071856812 25.8599911783 410.324658801 384.541415085 26.0208069668 25.5410101478 350.403463057 521.087701481 23.5587976879 239.02860158 219.143364291 60.1268117558 30.8780051421 48.4064583257 23.0754518308 1396.18326063 21.3603052366 66.1745033524 85.192745695 719.633831636 775.378399973
-9999.0 -9999.0 -9999.0 -9999.0 -9999.0 -9999.0 -9999.0 -9999.0 -9999.0 -9999.0 -9999.0 32.2181853784 62.842752283 515.490261797 574.207291311 29.4339892562 394.738164059 28.9748538289 87.656606941 179.818880584 57.7199996776 28.3052659992 57.4486558904 27.5789240312 53.7504551626 26.1220708811 24.6167054666 20.9667933947 19.1355123048 19.5676101886 21.2869716448 27.92001211 33.6491769604 37.6337900201 10872.9186898 530.956774531 471.400372406 29.4114227894 76.8116588521 19.2055736176 15.099037156 545.902836717 859.318008693 264.818062683 190.105924123 31.6154741871 14.7206869162 14.2209151715 34.7991152591 1453.09805754 1494.83034304 21.2316283879 21.0660103407 18.7204210575 13.8187241381
-9999.0 -9999.0 -9999.0 -9999.0 -9999.0 -9999.0 -9999.0 -9999.0 -9999.0 -9999.0 -9999.0 -9999.0 30.8202978713 380.941198366 985.019967209 1073.83122654 1496.89318713 1521.68062381 406.366583404 294.638619174 86.3884218282 28.1917536422 113.199991239 140.562553524 220.554702609 52.7323379196 50.6635242238 47.1753582424 92.1289232222 45.2220068228 46.1290469168 21.3421652449 15.5951917984 20.6482130044 10902.2787135 11449.591374 11482.6240707 30.3646785811 221.919728495 85.1315752722 25.7519482952 936.509717753 52.6911616693 26.7116833336 106.656257718 23.3637336393 22.8261625724 43.9331610002 64.1567884353 85.477866179 1533.8047934 18.949012333 17.5555171125 17.5588641975 14.2022662368
-9999.0 -9999.0 -9999.0 -9999.0 -9999.0 -9999.0 -9999.0 -9999.0 -9999.0 -9999.0 -9999.0 31.7093301367 288.408762778 350.708839638 59.9567063877 17.3552222459 41.0807259386 1591.36952102 1617.64933945 2047.59723377 26.8768389325 54.9485927196 26.0355278208 26.3311353303 246.543010068 325.247819392 401.037659116 25.1243561141 117.239558615 187.277498665 116.337742539 45.8567280654 37.2096833952 36.7686056876 40.0861823302 24.733708028 11509.6150683 11535.3172922 11807.9101335 48.067111221 24.3606726013 954.732086202 54.7360779032 27.711289466 28.2356733873 28.0250825285 27.1741091507 50.1615363629 148.295654493 255.748859649 1808.2797137 16.1541894677 48.1758842412 32.2675160971 27.7377688421
-9999.0 -9999.0 -9999.0 -9999.0 -9999.0 -9999.0 -9999.0 -9999.0 -9999.0 -9999.0 -9999.0 32.1375323618 194.395305377 31.4348389866 30.0012687151 145.910999679 173.795348805 202.738963587 230.753153373 2759.88817919 2782.13745176 2831.45596683 3193.1705033 3269.91839344 3315.43483173 3341.96230573 3796.66502853 3857.08496425 3881.26016924 4093.51159329 4235.53321606 4260.22969051 4341.7187084 60.7351746136 58.2251286343 16.98794402 20.6254495077 11560.9354011 11907.7098648 73.8262275437 1100.82024779 1077.87645007 107.011774509 26.5519777223 26.8478091344 26.5545206494 25.7829622177 51.7762388526 76.1467771365 24.1380646701 1826.65698615 1845.33104118 1942.61551233 1959.08012649 2002.22616509
-9999.0 -9999.0 -9999.0 -9999.0 -9999.0 -9999.0 -9999.0 -9999.0 -9999.0 -9999.0 -9999.0 98.0109131757 130.063633177 62.5511026133 92.9745941957 30.2031749088 341.352587402 371.088785215 429.560980635 453.552142697 195.176077016 3064.01486398 3086.15824646 23.7707487394 19.2338470561 16.5577005029 36.7150461011 17.7053387175 14.8669836447 14.445723157 16.5288292374 4280.46168364 4363.3370224 4446.45308807 4525.80853018 4601.74925928 36.951221568 16.7845507114 13080.5571251 1147.86196558 1124.13732931 24.5727960885 24.3058525778 23.5536049249 50.8743815993 50.6926833587 24.0257184016 23.9510005579 23.0697238431 47.1205298104 66.3761755355 15.7109928478 29.4867159891 12.3580230106 8.14641533687
-9999.0 -9999.0 -9999.0 -9999.0 -9999.0 -9999.0 -9999.0 -9999.0 -9999.0 -9999.0 -9999.0 -9999.0 65.9053452837 31.6526788497 30.7852411928 282.582862072 312.522720042 29.9701754855 119.121410473 146.929775424 172.332120216 27.0408500365 25.2266822494 484.339726819 507.200802967 528.871610743 1371.55448762 1388.85207084 1417.88684544 1555.4818542 1642.0212765 1656.12195239 13.5768649292 13.8598435229 14.9488964876 4638.72877691 18.3758299718 13319.7683247 13288.1466455 185.255344234 160.264704685 97.0932185207 24.4991199773 47.2618824861 74.9192968971 74.6384624316 47.5304871884 23.4718326898 46.3048169645 45.9806548981 87.6725573663 12.5634037739 42.6727103556 71.6917740985 88.3499551442
-9999.0 -9999.0 -9999.0 -9999.0 -9999.0 -9999.0 -9999.0 -9999.0 -9999.0 -9999.0 -9999.0 -9999.0 33.3319900663 96.4167882853 127.329824963 221.525321305 30.5200138839 61.1926303814 90.7643065404 336.50628765 361.452282888 379.749328134 405.874494314 434.452306984 695.059527497 778.470239838 823.368342148 17.5328285788 108.267385268 123.811249543 1598.06322812 1670.93024285 1700.0724033 1729.24864342 1761.00430412 6418.94869252 17.8308297114 13392.4479726 36.7300322147 15.8726338852 136.234654431 118.094185143 19.0420926025 69.1818980729 97.0370491615 96.6392563188 68.6279577604 113.069129231 179.301888232 66.8630488093 174.343566829 16.1963312418 23.3073370928 7.30517155267 5.76703147403
