data/baseflow/mHMbf_acc305.asc
ncols                  80
nrows                 72
xllcorner      4374000.0
yllcorner      5656000.0
cellsize            500
NODATA_value       -9999
[rows 0 to 24 of 72, columns 0 to 54 of 80]
-9999.0 -9999.0 -9999.0 -9999.0 -9999.0 -9999.0 -9999.0 -9999.0 -9999.0 -9999.0 -9999.0 -9999.0 22.1477826799 17.3879992106 -9999.0 -9999.0 -9999.0 -9999.0 -9999.0 -9999.0 -9999.0 -9999.0 -9999.0 -9999.0 -9999.0 -9999.0 -9999.0 -9999.0 -9999.0 -9999.0 -9999.0 -9999.0 -9999.0 -9999.0 -9999.0 -9999.0 -9999.0 -9999.0 -9999.0 -9999.0 -9999.0 -9999.0 -9999.0 -9999.0 -9999.0 -9999.0 -9999.0 -9999.0 -9999.0 -9999.0 -9999.0 -9999.0 -9999.0 -9999.0 -9999.0
-9999.0 -9999.0 -9999.0 -9999.0 -9999.0 -9999.0 -9999.0 -9999.0 -9999.0 -9999.0 -9999.0 -9999.0 45.178750265 96.8246337029 15.0288172434 -9999.0 11.7257398109 -9999.0 -9999.0 -9999.0 -9999.0 -9999.0 -9999.0 -9999.0 -9999.0 -9999.0 -9999.0 -9999.0 -9999.0 -9999.0 -9999.0 -9999.0 -9999.0 -9999.0 -9999.0 -9999.0 -9999.0 -9999.0 -9999.0 -9999.0 -9999.0 -9999.0 -9999.0 -9999.0 -9999.0 -9999.0 -9999.0 -9999.0 -9999.0 -9999.0 -9999.0 -9999.0 -9999.0 -9999.0 -9999.0
-9999.0 -9999.0 -9999.0 -9999.0 -9999.0 -9999.0 -9999.0 -9999.0 -9999.0 -9999.0 21.945393835 21.3201056031 22.2129021596 21.7558026097 138.427669442 154.761817266 32.465525842 10.2364504593 -9999.0 -9999.0 -9999.0 -9999.0 -9999.0 -9999.0 -9999.0 -9999.0 -9999.0 -9999.0 -9999.0 -9999.0 -9999.0 -9999.0 -9999.0 -9999.0 -9999.0 -9999.0 -9999.0 -9999.0 -9999.0 -9999.0 -9999.0 -9999.0 -9999.0 -9999.0 -9999.0 -9999.0 -9999.0 -9999.0 -9999.0 -9999.0 -9999.0 -9999.0 -9999.0 -9999.0 -9999.0
-9999.0 -9999.0 -9999.0 -9999.0 -9999.0 -9999.0 -9999.0 -9999.0 -9999.0 21.2032002802 43.2553345104 85.9235480348 42.991669678 20.9706424977 41.4076945749 174.952084192 233.626034273 12.3450778228 -9999.0 21.6368570539 -9999.0 -9999.0 -9999.0 -9999.0 22.3580073322 11.286238427 -9999.0 -9999.0 -9999.0 -9999.0 -9999.0 -9999.0 -9999.0 -9999.0 -9999.0 -9999.0 -9999.0 -9999.0 -9999.0 -9999.0 -9999.0 -9999.0 -9999.0 -9999.0 -9999.0 -9999.0 -9999.0 -9999.0 -9999.0 -9999.0 -9999.0 -9999.0 -9999.0 -9999.0 -9999.0
-9999.0 -9999.0 -9999.0 -9999.0 -9999.0 -9999.0 -9999.0 -9999.0 23.3264798192 66.6272824436 87.3123603082 108.124340412 149.279162283 19.8375857841 80.465718549 99.9409479397 366.315356708 17.8045674858 18.7595348428 41.0775776593 60.0626208121 19.6939447276 -9999.0 60.4643396926 49.5453839762 14.1871479204 -9999.0 -9999.0 -9999.0 -9999.0 -9999.0 -9999.0 -9999.0 -9999.0 -9999.0 -9999.0 -9999.0 -9999.0 -9999.0 -9999.0 -9999.0 -9999.0 -9999.0 -9999.0 -9999.0 -9999.0 -9999.0 -9999.0 -9999.0 -9999.0 -9999.0 -9999.0 -9999.0 -9999.0 -9999.0
-9999.0 -9999.0 -9999.0 -9999.0 -9999.0 -9999.0 23.0673080209 21.3891012677 20.9665676878 21.2747963275 21.7330940489 151.833583566 322.172070191 342.958925085 361.07687521 17.6100602178 402.493545479 421.267433609 38.0189787367 19.2224630128 78.7238783501 136.767086515 18.8784978906 116.972574005 20.3064765939 19.5975601977 20.8296608844 -9999.0 -9999.0 -9999.0 -9999.0 -9999.0 -9999.0 -9999.0 -9999.0 -9999.0 -9999.0 -9999.0 -9999.0 -9999.0 -9999.0 -9999.0 -9999.0 -9999.0 -9999.0 -9999.0 -9999.0 -9999.0 -9999.0 -9999.0 -9999.0 -9999.0 -9999.0 -9999.0 -9999.0
-9999.0 -9999.0 -9999.0 -9999.0 -9999.0 -9999.0 45.8509758421 67.6800937413 153.937460079 216.096462155 19.6753976475 20.2041678893 19.7191133346 57.9441915809 437.217104766 16.9115779695 439.217793313 510.215452553 55.8328754502 36.6552397483 154.504815981 19.049170414 135.655989733 37.868171584 19.0637212299 38.1250713704 41.1761479696 20.3191609961 20.475384724 20.06284736 21.0580985963 42.1840729217 -9999.0 -9999.0 -9999.0 -9999.0 -9999.0 -9999.0 -9999.0 -9999.0 -9999.0 -9999.0 -9999.0 -9999.0 -9999.0 -9999.0 -9999.0 -9999.0 -9999.0 -9999.0 -9999.0 -9999.0 -9999.0 -9999.0 -9999.0
-9999.0 -9999.0 -9999.0 -9999.0 -9999.0 23.7082635915 46.6935168798 22.7312290392 44.7055790917 238.367429455 279.754690943 320.801525488 1013.035757 19.1258898066 456.510005276 1617.71851246 1631.2484381 2164.8758178 15.0035288098 54.1604687028 172.335580892 17.6706689428 346.894396291 193.01667478 118.062138944 98.887771494 20.2084428207 60.3945606949 59.9344438446 39.9448279994 19.5043235338 62.2178024698 19.3379610316 19.066179426 -9999.0 -9999.0 -9999.0 -9999.0 -9999.0 -9999.0 -9999.0 -9999.0 -9999.0 -9999.0 -9999.0 -9999.0 -9999.0 -9999.0 -9999.0 -9999.0 -9999.0 -9999.0 -9999.0 -9999.0 -9999.0
-9999.0 -9999.0 -9999.0 -9999.0 -9999.0 23.7294981944 69.6913253127 139.294595139 161.464673827 321.703898405 343.079028482 409.396079127 673.024564141 1068.82027427 1108.17631298 1126.58468789 34.2998387329 2225.88123417 2256.74036238 2345.84778671 2936.92089947 401.18261802 365.746538175 136.694995706 18.2985398173 116.672362511 79.0428225912 17.9390806757 78.2921400743 17.6387361125 36.549758405 99.4155274334 118.151173893 37.5490356103 18.4469184793 18.0927017707 -9999.0 -9999.0 -9999.0 -9999.0 12.1906908301 10.442169827 -9999.0 -9999.0 -9999.0 -9999.0 -9999.0 -9999.0 -9999.0 -9999.0 -9999.0 -9999.0 -9999.0 -9999.0 -9999.0
-9999.0 -9999.0 -9999.0 -9999.0 -9999.0 23.1714512175 22.6093564788 93.1238459552 115.556680298 138.554422334 22.4373420375 44.5441577147 248.834053765 45.2550365806 21.5865527488 20.1655208258 18.5168361423 20.4115319047 19.4616245798 19.890299914 2955.46870108 3008.52674001 17.4810779292 53.6312356282 36.4320553982 134.506762239 36.2007218313 17.5066451457 96.9933379796 34.5440080594 82.8640460353 208.005878991 192.544683805 55.8768890954 54.5795418793 18.5774888244 18.3725041133 -9999.0 -9999.0 18.279241805 27.6263195428 59.9855221274 11.0765903622 -9999.0 -9999.0 -9999.0 -9999.0 -9999.0 -9999.0 -9999.0 -9999.0 -9999.0 -9999.0 -9999.0 -9999.0
-9999.0 -9999.0 -9999.0 -9999.0 -9999.0 -9999.0 24.0548330776 24.0744861003 46.9224298613 69.9301372856 160.061678083 205.135483784 227.872892672 23.9007815032 19.7351414556 255.21409694 314.995631228 333.894149637 412.17592268 430.395370228 18.1855967448 3026.80344245 3114.98847033 70.3206278939 13.9435480365 150.635568089 334.390614213 131.377721633 33.6427719555 16.8240913157 324.07543564 225.334085291 16.8770034516 16.8007538241 71.7592153594 54.4848525403 17.701100577 17.2579178872 17.8844047045 35.8015929378 17.2662189603 73.0368839751 90.0182877103 16.2310800533 -9999.0 -9999.0 -9999.0 -9999.0 18.1077929634 17.2347731323 4.6235813342 -9999.0 -9999.0 -9999.0 -9999.0
-9999.0 -9999.0 -9999.0 -9999.0 -9999.0 -9999.0 -9999.0 23.7670223818 21.757073625 45.1122121802 68.2758134779 22.695416026 21.3128362439 131.448013138 173.524695509 216.333655203 20.5486132106 40.1071801191 20.1019892913 449.195350152 983.875140065 996.204767603 4144.076521 17.5355925955 40.8990865733 12.8931741035 350.812414611 16.7841941639 50.7273972311 16.6427364108 340.797630441 357.481864157 33.8450537082 33.4209891742 179.402521081 89.9333781269 35.1335340824 17.8625073144 35.6848420199 53.3634468892 87.2913901958 16.5763925528 121.962972457 137.169447554 14.0564601685 14.922370831 15.4427358944 14.2455541539 13.6217631856 50.2070875667 18.8189259371 12.1855999511 -9999.0 -9999.0 -9999.0
-9999.0 -9999.0 -9999.0 -9999.0 -9999.0 -9999.0 -9999.0 -9999.0 45.5131771802 66.3116731913 22.4417982861 45.4371355035 67.3709344404 111.366580728 22.3538829176 21.6447931554 19.4216888103 19.6188465649 18.2231340886 496.857281441 20.2202674789 39.6709603901 4197.25114839 4235.2857965 18.1687181843 77.270609391 443.686307445 32.7805102106 65.7656396502 30.9524501028 45.7906745819 421.714947564 49.1607618681 259.998699801 211.538554397 16.2306989103 86.6335449823 34.8718067931 52.2487872012 16.4656670666 103.731265118 135.827608088 149.574283192 162.689157825 190.886258009 27.070309372 28.2965379056 26.2407982495 24.8252184496 63.0000285578 13.0970937629 44.3938584522 56.2268786136 -9999.0 -9999.0
-9999.0 -9999.0 -9999.0 -9999.0 -9999.0 -9999.0 -9999.0 -9999.0 23.5862732335 112.856702768 134.85020448 22.0198119277 43.5062116608 21.4621730453 20.3830281449 20.0814902758 249.52365786 333.251464192 409.378484492 483.754061781 18.8857605369 19.7733606724 20.6765582196 4319.40684075 4358.6058568 4375.83987382 594.20608221 131.233649377 114.312247356 14.5659764195 60.0483299919 496.566503774 14.6709188812 274.918267536 16.038131817 111.37934431 103.914853078 16.7552968851 68.7467717754 32.8485167808 48.9398379371 15.1679607813 12.9440418209 175.654865073 187.710467302 202.911846618 41.0656029809 38.4633108885 36.7121900755 76.7746573017 103.2362813 13.194431588 68.5084839211 12.9707134381 24.5813354248
-9999.0 -9999.0 -9999.0 -9999.0 -9999.0 -9999.0 -9999.0 -9999.0 -9999.0 23.7570919868 157.584839826 179.269540449 65.0550863918 108.01797548 149.062616675 169.797830562 21.2198636634 64.1239120406 42.5889066816 21.5391123005 21.219674112 19.6616878381 39.4764218384 66.7493873314 23.1333571355 5011.47505826 5030.03888542 16.7243485875 13.2402386977 28.993043518 43.2250901295 539.538882796 28.7824910209 288.264191105 170.866091654 140.726825568 15.9879008108 32.3438918694 83.9303217918 15.1563726427 63.7312805622 29.9118863378 23.0891689603 10.9893034668 221.183288026 434.356140399 50.4779551032 48.1029020907 48.0621238189 11.4272859933 114.54373935 11.0321518026 92.5436590821 11.5435993586 36.2137907767
-9999.0 -9999.0 -9999.0 -9999.0 -9999.0 -9999.0 -9999.0 -9999.0 -9999.0 -9999.0 21.7832044671 223.068069908 21.4400068214 42.8603198894 62.9466065631 103.211310254 20.7346367588 42.7330331966 21.1719673475 20.1839139337 19.2779747994 38.2948833064 17.6613368963 19.4459470024 39.707110121 22.3958242584 5048.89301123 5083.00926903 5131.53553566 57.6760920301 14.3551755462 28.6224981166 554.457385671 531.292816679 201.724687596 15.2310569383 63.6749513161 47.9185987758 99.1560322066 30.2952337985 123.543454738 44.6983745521 35.8258017208 8.97002830864 11.3594604615 447.717359523 459.317621547 568.096194629 83.6555177476 23.5175713333 126.758621557 149.702294755 252.934654382 22.8612976009 10.6436445268
-9999.0 -9999.0 -9999.0 -9999.0 -9999.0 -9999.0 -9999.0 -9999.0 -9999.0 -9999.0 -9999.0 11.1236111811 247.346261553 20.6552150343 40.4801965296 183.979188713 20.8572012868 20.6935094208 18.6414272962 39.3915017202 19.2847300769 76.7721599064 112.062660028 128.43438017 55.3755540844 71.0627324955 17.7956817109 20.8129886777 18.8305474288 5219.5492245 5261.45045537 567.452237366 557.621448026 544.598226983 27.6295487448 13.4104108739 77.951034668 205.889487222 113.694910366 44.6830782627 182.416548303 78.1439895777 64.6205485593 17.7434806006 7.52434528772 7.61356943188 8.28295855792 607.81029746 726.250525238 11.3890504113 10.5281616387 11.2053105452 263.704121077 296.749026217 19.5409061081
-9999.0 -9999.0 -9999.0 -9999.0 -9999.0 -9999.0 -9999.0 -9999.0 -9999.0 -9999.0 -9999.0 10.2999068701 272.802713166 336.549341304 20.011121205 223.975140302 19.5251450156 18.7085464844 37.2702882902 95.6169464771 18.6831205062 19.5122477515 17.3001477341 162.859379397 179.247349086 267.608150858 301.09812648 318.015058405 334.430073235 352.011390767 5630.21423945 6227.66617436 6813.22807022 6825.05657469 13.3286047113 13.361390677 234.544145824 220.323672629 14.28004019 14.1100504017 196.024567701 288.527595616 12.3882112096 146.170783164 135.00854641 37.7683466731 18.0077862277 29.1938832955 12.7945294222 748.260688565 11.2850704559 32.4116853587 41.2421537909 367.589660861 394.123394138
-9999.0 -9999.0 -9999.0 -9999.0 -9999.0 -9999.0 -9999.0 -9999.0 -9999.0 -9999.0 -9999.0 22.5723127271 43.8412878578 357.410012947 395.716150121 19.3562071576 259.069614974 17.1953702539 52.7645566543 113.127979985 36.2895130744 17.530495484 35.8882873784 15.5475807982 29.8752694456 14.5327115818 13.5161418322 11.7359482584 11.0804451276 10.7856789291 11.1310292147 14.5853916982 17.2521583537 18.5434994971 6870.19946075 282.671207405 258.605105338 11.2572244708 41.146537271 10.4579371479 8.77214634136 301.803857352 488.894495271 160.894100153 118.531865594 21.4960923646 9.21680352577 8.37687275262 18.7467968794 778.140792041 799.566452833 11.1544718024 11.3292374026 10.568335477 7.8843284081
-9999.0 -9999.0 -9999.0 -9999.0 -9999.0 -9999.0 -9999.0 -9999.0 -9999.0 -9999.0 -9999.0 -9999.0 20.1361584392 266.73089972 682.469247929 742.900112645 1019.96001116 1035.23710885 252.243494285 185.031884594 54.1157309157 17.2982735227 70.0617647167 86.6680549897 131.408538843 29.8206218343 27.6664102666 26.17656434 51.2483786666 24.5096379101 24.472359869 12.0317604208 9.21495471344 10.3051665367 6884.64397521 7175.5066792 7188.33762181 11.5162439019 111.810267133 46.9378186841 14.1855350137 533.351242307 31.3887180901 16.1857978721 66.8050551806 14.7146221331 12.2466458151 22.9544146405 32.2785692675 42.5587910348 817.927681813 8.75964407613 7.70137209276 7.71218892069 6.37494264132
-9999.0 -9999.0 -9999.0 -9999.0 -9999.0 -9999.0 -9999.0 -9999.0 -9999.0 -9999.0 -9999.0 21.5891240512 202.45737212 246.196516144 41.294541644 12.0076280337 27.9087388672 1081.46410538 1097.2660198 1364.37703854 15.9542736744 33.0811839354 14.6531055505 14.8961343639 145.971982081 190.311749484 231.269094672 13.0504213161 64.2618874668 101.51226472 61.2723832746 24.557268996 20.1264400024 19.027453608 19.450739343 10.6135371453 7199.31241346 7208.07576021 7339.35732518 24.3913742061 12.7503358683 543.131655247 32.6308989811 16.7748509616 17.8697946213 17.7296110019 15.9476926868 28.9382159419 81.9982187227 135.739076127 962.587919785 6.74793199814 20.272884066 13.7475324509 11.8685582237
-9999.0 -9999.0 -9999.0 -9999.0 -9999.0 -9999.0 -9999.0 -9999.0 -9999.0 -9999.0 -9999.0 22.0303646006 139.36870162 22.3007434572 20.2606545564 102.3564424 120.831366163 139.615984249 157.139355991 1853.85249305 1868.60812939 1899.40972277 2130.56529121 2175.43392292 2201.27704786 2216.30094217 2478.69036199 2512.94764756 2526.37101013 2642.56614018 2718.25820352 2730.84220235 2774.75078187 30.9532754881 29.1242069593 7.63849644475 8.22668178216 7218.65741553 7384.96320878 36.1713904404 625.741178091 614.384762582 62.087857241 14.9588649556 15.1311910669 14.6281204104 14.4789115053 29.1414674682 41.9878335912 12.5659490663 971.169977581 980.255846098 1022.12554461 1029.65658715 1048.57277403
-9999.0 -9999.0 -9999.0 -9999.0 -9999.0 -9999.0 -9999.0 -9999.0 -9999.0 -9999.0 -9999.0 71.2436829989 94.3988987944 44.6229527457 66.1695143596 21.3102874412 239.496451952 259.137765544 298.154376356 314.705837692 128.992471654 2053.46644361 2067.69691912 14.540454896 10.8787734411 9.89608127108 21.5950960842 10.7444993876 8.63421707057 8.0205927049 8.84625368994 2742.81089446 2787.26124812 2830.41451156 2870.17542413 2899.52726293 13.8608127888 4.73214223275 8040.17329289 646.419936688 637.716552937 13.2317996878 12.692597337 11.8690155816 27.1283320328 26.684367504 12.0748024308 12.1450757539 11.1864417949 23.5342782623 31.596092419 6.33865350044 11.5651935112 4.6993219525 3.28049336791
-9999.0 -9999.0 -9999.0 -9999.0 -9999.0 -9999.0 -9999.0 -9999.0 -9999.0 -9999.0 -9999.0 -9999.0 48.0298771763 22.8154142316 21.5210653667 200.254637558 220.57260817 20.2449017215 79.4156847861 98.0279262616 114.941192615 18.178106763 14.1000046194 319.567485493 331.456012439 342.847027102 884.32230914 893.415501372 909.756942878 988.822887588 1036.34137205 1043.64780193 7.4236357429 7.87549692542 7.88395242721 2912.62977835 6.23730314686 8151.68285151 8142.54360025 93.9119278511 83.0179313929 50.4937452958 12.6005342286 23.6000462823 39.1719939326 38.7865134362 23.6451281611 11.6226560755 22.634266039 22.1777606556 41.3246610479 6.14730529079 17.6687538776 29.5940033109 36.5165346169
-9999.0 -9999.0 -9999.0 -9999.0 -9999.0 -9999.0 -9999.0 -9999.0 -9999.0 -9999.0 -9999.0 -9999.0 24.458357092 69.0644477817 91.0090065419 157.740600995 20.3829740213 41.1293243744 60.8291675093 230.620021056 247.370050688 260.448736408 275.827303433 292.625272473 457.58798969 505.749152309 532.004843687 10.8413328202 61.7651594294 72.0616141404 1013.31375222 1052.85835505 1070.92232119 1089.32134344 1105.69156901 4025.22294077 5.35212726366 8181.16349837 17.1696614296 7.75176698054 70.6592669195 60.76826584 9.05489119397 33.8483368353 49.4956700925 48.932052982 33.0427544554 54.0165520634 85.1798152011 31.4250144742 81.3881243761 6.76930719561 10.5504856225 2.67981862722 2.10651526338
