data/baseflow/mHMbf_acc285.asc
ncols                  80
nrows                 72
xllcorner      4374000.0
yllcorner      5656000.0
cellsize            500
NODATA_value       -9999
[rows 0 to 24 of 72, columns 0 to 54 of 80]
-9999.0 -9999.0 -9999.0 -9999.0 -9999.0 -9999.0 -9999.0 -9999.0 -9999.0 -9999.0 -9999.0 -9999.0 15.4381209577 14.9308296974 -9999.0 -9999.0 -9999.0 -9999.0 -9999.0 -9999.0 -9999.0 -9999.0 -9999.0 -9999.0 -9999.0 -9999.0 -9999.0 -9999.0 -9999.0 -9999.0 -9999.0 -9999.0 -9999.0 -9999.0 -9999.0 -9999.0 -9999.0 -9999.0 -9999.0 -9999.0 -9999.0 -9999.0 -9999.0 -9999.0 -9999.0 -9999.0 -9999.0 -9999.0 -9999.0 -9999.0 -9999.0 -9999.0 -9999.0 -9999.0 -9999.0
-9999.0 -9999.0 -9999.0 -9999.0 -9999.0 -9999.0 -9999.0 -9999.0 -9999.0 -9999.0 -9999.0 -9999.0 33.5724689737 76.7808684681 12.7776451093 -9999.0 10.6658801887 -9999.0 -9999.0 -9999.0 -9999.0 -9999.0 -9999.0 -9999.0 -9999.0 -9999.0 -9999.0 -9999.0 -9999.0 -9999.0 -9999.0 -9999.0 -9999.0 -9999.0 -9999.0 -9999.0 -9999.0 -9999.0 -9999.0 -9999.0 -9999.0 -9999.0 -9999.0 -9999.0 -9999.0 -9999.0 -9999.0 -9999.0 -9999.0 -9999.0 -9999.0 -9999.0 -9999.0 -9999.0 -9999.0
-9999.0 -9999.0 -9999.0 -9999.0 -9999.0 -9999.0 -9999.0 -9999.0 -9999.0 -9999.0 14.9543784492 14.5513261786 16.1448563808 16.2783947154 105.45514545 117.43214184 28.5040692575 8.91377558571 -9999.0 -9999.0 -9999.0 -9999.0 -9999.0 -9999.0 -9999.0 -9999.0 -9999.0 -9999.0 -9999.0 -9999.0 -9999.0 -9999.0 -9999.0 -9999.0 -9999.0 -9999.0 -9999.0 -9999.0 -9999.0 -9999.0 -9999.0 -9999.0 -9999.0 -9999.0 -9999.0 -9999.0 -9999.0 -9999.0 -9999.0 -9999.0 -9999.0 -9999.0 -9999.0 -9999.0 -9999.0
-9999.0 -9999.0 -9999.0 -9999.0 -9999.0 -9999.0 -9999.0 -9999.0 -9999.0 14.2313287346 29.4049717041 58.5526175725 30.3897483011 14.4852404381 27.55744904 129.929359049 179.677918526 10.4355153319 -9999.0 14.1845314245 -9999.0 -9999.0 -9999.0 -9999.0 19.547084914 10.0446484392 -9999.0 -9999.0 -9999.0 -9999.0 -9999.0 -9999.0 -9999.0 -9999.0 -9999.0 -9999.0 -9999.0 -9999.0 -9999.0 -9999.0 -9999.0 -9999.0 -9999.0 -9999.0 -9999.0 -9999.0 -9999.0 -9999.0 -9999.0 -9999.0 -9999.0 -9999.0 -9999.0 -9999.0 -9999.0
-9999.0 -9999.0 -9999.0 -9999.0 -9999.0 -9999.0 -9999.0 -9999.0 18.5860943197 49.1149848269 62.7866552537 76.5284727589 101.947275195 12.1079890552 50.9522241262 62.1671525744 263.083815012 10.4281391588 9.57401458397 25.1920358951 35.6726620766 11.3247175724 -9999.0 50.8437771929 41.9926240484 11.5518010797 -9999.0 -9999.0 -9999.0 -9999.0 -9999.0 -9999.0 -9999.0 -9999.0 -9999.0 -9999.0 -9999.0 -9999.0 -9999.0 -9999.0 -9999.0 -9999.0 -9999.0 -9999.0 -9999.0 -9999.0 -9999.0 -9999.0 -9999.0 -9999.0 -9999.0 -9999.0 -9999.0 -9999.0 -9999.0
-9999.0 -9999.0 -9999.0 -9999.0 -9999.0 -9999.0 16.8207039772 14.6053566819 14.1587652035 14.7667881114 15.4607761809 108.074433424 224.197473133 237.763955502 248.070593012 10.2702283371 284.122202332 294.337555779 20.466559478 10.9740351852 45.8398693347 78.6191445759 10.8890633799 84.1963448071 11.242931845 11.2723084457 11.6210534716 -9999.0 -9999.0 -9999.0 -9999.0 -9999.0 -9999.0 -9999.0 -9999.0 -9999.0 -9999.0 -9999.0 -9999.0 -9999.0 -9999.0 -9999.0 -9999.0 -9999.0 -9999.0 -9999.0 -9999.0 -9999.0 -9999.0 -9999.0 -9999.0 -9999.0 -9999.0 -9999.0 -9999.0
-9999.0 -9999.0 -9999.0 -9999.0 -9999.0 -9999.0 34.2526621296 50.3618059921 112.495608741 154.271319601 12.185352928 12.756566131 11.9108527748 35.0681619648 293.238180609 8.58260745096 303.501326405 342.523122753 29.8970040783 19.7167384031 87.6216032004 10.4332599098 94.0916136305 19.4848973667 9.60767373215 20.3221308198 22.9971347918 12.1567345272 12.4007770649 11.6832110986 13.3877984876 26.6347376348 -9999.0 -9999.0 -9999.0 -9999.0 -9999.0 -9999.0 -9999.0 -9999.0 -9999.0 -9999.0 -9999.0 -9999.0 -9999.0 -9999.0 -9999.0 -9999.0 -9999.0 -9999.0 -9999.0 -9999.0 -9999.0 -9999.0 -9999.0
-9999.0 -9999.0 -9999.0 -9999.0 -9999.0 20.3057603627 38.3748830981 17.937310845 34.3807126396 171.473075076 199.514347394 226.694608134 779.692398458 11.9393308687 304.558687513 1185.77669641 1194.23096415 1552.82065311 9.60790001335 28.4960705235 96.6746826741 8.8678703159 206.238045245 102.706314935 63.7514263955 53.7556102878 11.0404761809 35.3682075862 35.3129501707 23.3755158607 11.0090584908 38.2044630964 10.6194562091 10.2251066464 -9999.0 -9999.0 -9999.0 -9999.0 -9999.0 -9999.0 -9999.0 -9999.0 -9999.0 -9999.0 -9999.0 -9999.0 -9999.0 -9999.0 -9999.0 -9999.0 -9999.0 -9999.0 -9999.0 -9999.0 -9999.0
-9999.0 -9999.0 -9999.0 -9999.0 -9999.0 20.6789933815 59.2424055938 116.937483822 133.966600431 267.087736838 282.243162942 331.622042467 541.512240585 822.597729017 849.403788769 862.268702263 20.1222929668 1590.40748902 1608.88135212 1657.32211508 1996.81029725 234.167603294 216.340192007 73.4999608983 9.3315689706 63.9088892542 44.4848150046 8.41398395874 44.9503217493 9.43596706491 20.1818888457 58.1044453006 68.1227329797 19.8636936797 9.90391547251 9.26443971633 -9999.0 -9999.0 -9999.0 -9999.0 10.3012015771 9.15896929266 -9999.0 -9999.0 -9999.0 -9999.0 -9999.0 -9999.0 -9999.0 -9999.0 -9999.0 -9999.0 -9999.0 -9999.0 -9999.0
-9999.0 -9999.0 -9999.0 -9999.0 -9999.0 19.370530252 18.1786431584 80.5687927663 98.3426035913 117.094094838 17.0470455485 33.3894991815 198.456655974 34.2233920798 14.987010896 12.6427862526 10.4698563939 12.7310176936 10.9170871951 11.7505588401 2006.59641821 2033.01953002 8.5264631323 26.7225077535 18.4877214835 72.6436255152 17.2488796057 8.02973862843 54.8463017406 18.5018460817 46.2400338909 116.257569451 107.322119189 29.3307772261 28.2521429082 9.93962317787 9.86630045946 -9999.0 -9999.0 10.1021437861 22.1105715799 50.686503984 9.88184280147 -9999.0 -9999.0 -9999.0 -9999.0 -9999.0 -9999.0 -9999.0 -9999.0 -9999.0 -9999.0 -9999.0 -9999.0
-9999.0 -9999.0 -9999.0 -9999.0 -9999.0 -9999.0 21.5419614508 22.4322908154 40.2145037453 58.9938817642 131.755948127 166.698533935 184.262075051 18.0373507942 12.2056186043 178.315335474 215.328874853 225.994988467 271.720660757 281.113164672 9.23145531441 2042.56161605 2086.23139962 34.6706211907 6.04973135676 79.6971446931 174.209509545 70.365477678 15.5051683103 7.80988461795 178.459212534 124.67691053 8.02029827825 8.02361592253 36.7738436616 28.7070974224 8.91784520062 8.18579915159 9.63215050001 19.3891038499 9.16584774939 61.7322225472 70.488274223 7.85236419895 -9999.0 -9999.0 -9999.0 -9999.0 10.08035884 9.21927956953 3.78990213931 -9999.0 -9999.0 -9999.0 -9999.0
-9999.0 -9999.0 -9999.0 -9999.0 -9999.0 -9999.0 -9999.0 20.6525442687 17.4054688712 37.6001133467 56.6765966578 17.546605684 14.673442117 97.6930880003 125.557614883 154.855079637 13.3653076982 24.2193034581 12.1198197582 291.449120239 636.860869615 646.18527197 2750.64775391 8.40450304768 16.7330394129 4.96281687374 181.50967907 7.75000202534 23.5106880052 7.65920511394 186.192129553 194.023198105 16.2279652317 15.936634563 92.5244782774 46.6638824701 17.4480992405 9.16622217816 19.088619953 28.665624425 46.3215702226 8.16728054982 85.7075127344 92.8380973454 6.36481022158 7.01964321296 7.69753849502 6.64951989758 6.34069870049 26.5575508302 11.092819261 6.7361831527 -9999.0 -9999.0 -9999.0
-9999.0 -9999.0 -9999.0 -9999.0 -9999.0 -9999.0 -9999.0 -9999.0 36.9753769112 52.4218731389 17.2853173484 36.0478694809 52.4214151802 84.7021835137 15.7333318828 14.6317379536 11.1444464295 11.243954224 9.30283309829 324.503411869 12.2008052435 23.0965780057 2783.1304317 2800.39875816 5.67133692452 28.3268076294 216.092826801 14.7695356607 29.8839716402 13.2633189899 19.5541379541 223.428013974 23.0191697635 129.821784775 107.481645545 7.63738602753 43.2487919766 17.6434647753 27.2858774918 8.01250751845 54.225915421 69.4497378505 75.4519617274 81.0211831883 116.676339437 12.110101543 13.3833312251 11.7734225383 11.1186329348 32.3135018378 6.15855515924 24.180947539 29.7337085697 -9999.0 -9999.0
-9999.0 -9999.0 -9999.0 -9999.0 -9999.0 -9999.0 -9999.0 -9999.0 20.1491541259 91.6708035117 108.072808872 16.3292507972 31.2128567075 14.7888412994 12.551764764 12.2762528345 163.55020145 215.53409419 263.185188907 314.177160743 12.1523249734 11.426844546 9.76171541696 2846.13026693 2864.5247101 2870.34687642 281.246175911 58.4784754988 51.2083622758 5.80295339176 25.2103720077 254.694845401 6.01394126603 136.05753907 7.44454530102 56.7891599279 51.9892157679 8.23712012417 35.4881127352 16.0924430813 24.0970973691 6.84606161181 5.39991799174 86.4933258426 91.5280066131 121.694287899 19.011375661 17.0411886024 16.2706691007 38.8298335869 51.3815332198 6.26589288448 35.8245610045 6.59505550191 12.3288667261
-9999.0 -9999.0 -9999.0 -9999.0 -9999.0 -9999.0 -9999.0 -9999.0 -9999.0 21.1068174381 126.266510173 141.71097946 45.9641192859 75.7841847269 101.63299208 115.092921801 14.1627822879 40.4117015531 27.0560294407 14.925804167 13.5629724867 11.0876210887 21.3477296976 35.7995554837 10.3574094337 3168.68240063 3174.37266657 5.04566178971 4.58062804294 11.6961513565 17.5217811426 272.410647265 11.8760842464 141.24482591 84.07935076 70.6620064223 7.47205613581 15.3688327132 42.4580797366 6.98110744405 30.9519242867 13.698433689 8.84459535365 3.98483981104 104.78530617 230.584947614 22.783010162 20.9176436627 21.2037994645 5.02134827921 56.4737487736 4.91785499506 47.1972627108 5.5769039761 18.1127084845
-9999.0 -9999.0 -9999.0 -9999.0 -9999.0 -9999.0 -9999.0 -9999.0 -9999.0 -9999.0 16.390321414 174.587015116 14.4637318294 29.1589636362 41.5475109119 64.9042386312 11.8019722051 25.4759963344 12.2340207189 10.739359768 9.8068373148 19.294303868 7.95336796198 8.72263985995 15.5811280538 8.5141807424 3181.48941537 3192.38068789 3208.72230347 22.5752337785 5.88072126946 11.726921752 278.831813093 255.854662 97.8160135001 6.70907252233 29.8180977319 22.5035630229 49.4546938237 13.9058897191 58.8344040899 20.7355424197 14.23781654 3.15978540564 4.61252964394 236.414578518 241.555834671 289.512416682 37.1492667181 10.4539135511 62.0944079232 72.500513654 124.54328029 11.1006105488 5.12206590376
-9999.0 -9999.0 -9999.0 -9999.0 -9999.0 -9999.0 -9999.0 -9999.0 -9999.0 -9999.0 -9999.0 9.93501007431 194.264851659 13.1852726007 24.9832926665 112.435025464 11.5435154447 11.2454799863 9.23396548658 20.7304704764 10.2138415456 39.5660505413 55.5553027812 62.4543179614 21.5844549132 26.0913152867 5.14178580519 7.40908918092 7.04821888888 3243.584167 3259.30311095 283.912735875 266.559930635 261.29928175 11.1553376401 5.34657256888 35.9891308797 98.0920227815 55.9435398329 20.2559767174 85.6689283357 30.4461024777 24.3661644047 6.02047340338 2.41587730286 2.19163916522 2.65076945298 305.71419756 358.718842475 5.10639175021 4.68527819805 5.24910883684 129.60741975 145.379339292 9.04490651643
-9999.0 -9999.0 -9999.0 -9999.0 -9999.0 -9999.0 -9999.0 -9999.0 -9999.0 -9999.0 -9999.0 8.75914383034 214.274789143 257.94818373 12.0899611569 135.96798623 10.1184452944 9.30988932584 18.948437017 49.7997159639 9.53841792045 10.4866809194 7.74346780376 77.6212247243 84.5823682161 118.509076735 129.519999858 135.31814508 140.331304031 145.686455145 3410.95735736 3704.0804664 3979.72617015 3984.18281179 4.66356626074 5.32317289766 110.533596312 104.362981372 6.3370913592 6.30585834697 92.3347060559 129.540515642 5.25193425537 68.7737339078 64.6228615615 14.7808139852 6.73851135671 11.846771411 6.15573526128 368.486910142 5.01126636906 14.4046075285 18.1515487829 176.34488539 188.306845704
-9999.0 -9999.0 -9999.0 -9999.0 -9999.0 -9999.0 -9999.0 -9999.0 -9999.0 -9999.0 -9999.0 16.8471933702 31.4559725936 271.815168576 292.922481714 10.7280351579 156.635409077 7.69607020055 24.6042906775 58.1378556628 17.8460912149 8.22776154925 17.5606133906 6.23292858101 11.9698409936 5.85021326911 5.03580375394 3.72251437108 3.43508844384 2.8456469219 2.56573867658 3.82284628598 5.32005086391 6.45430946414 3999.65124135 125.964512381 117.621044021 3.35826415659 17.8431551594 4.78917399469 4.8718647276 135.521498815 223.378667163 76.0186360293 59.0888053865 9.53141937942 3.79495043669 3.17122965485 7.56620484401 381.185418337 390.780170347 5.04987643947 5.27850993653 4.53802146469 3.46338736815
-9999.0 -9999.0 -9999.0 -9999.0 -9999.0 -9999.0 -9999.0 -9999.0 -9999.0 -9999.0 -9999.0 -9999.0 12.0150469806 189.114758119 493.818735073 530.544513195 697.010801076 707.285872433 127.032028347 93.0351133567 26.297990461 8.00413847332 33.1054316544 40.3942170322 58.4410369605 12.1813948196 10.6561816218 9.52236878346 18.5402153244 8.26980064931 7.71698803808 3.98215325112 2.41309094091 2.23573824096 4004.27953989 4133.57535038 4137.94645009 3.26866208212 46.966398604 21.9416689336 6.43402712565 245.533042934 16.285881337 8.56429893218 37.7901233283 7.25700665986 5.2811535834 9.66970445564 13.5622430502 18.1189286967 398.767010238 3.71223774441 3.25914714187 3.23921628964 2.30855203763
-9999.0 -9999.0 -9999.0 -9999.0 -9999.0 -9999.0 -9999.0 -9999.0 -9999.0 -9999.0 -9999.0 14.445268066 145.195428916 175.903121701 25.9087498419 9.2045018725 18.0899793846 734.61155569 743.318700671 880.116471014 6.75846846553 14.6450309811 5.89886779088 6.02597618729 64.2745749098 82.26128496 98.0726576686 4.96890631755 23.5410528728 36.6824165286 21.2043587198 8.81294107876 6.01487158743 4.57902252371 4.72333289126 2.17831359289 4141.56218345 4144.29067572 4196.74530494 10.3599128447 5.6608289337 252.475116499 17.3742828032 9.17832983214 10.7763455949 10.6853551055 8.95931872421 15.1108983397 41.8570560074 65.1572842819 467.802821321 2.7971685275 8.48979899134 5.76699618092 4.63532777958
-9999.0 -9999.0 -9999.0 -9999.0 -9999.0 -9999.0 -9999.0 -9999.0 -9999.0 -9999.0 -9999.0 15.0431076811 104.999508282 16.1082126601 12.1491355827 71.4616669847 81.5436207187 91.3506465582 99.4084163589 1185.11705701 1192.57991195 1206.42997792 1317.84276395 1336.08631425 1345.64055818 1351.78135483 1461.11219087 1474.17236702 1479.51779931 1522.05880401 1549.24957075 1554.13277474 1568.66241445 9.17966703494 7.57093983803 1.34643403634 1.3085174792 4147.33073288 4213.91878375 14.4927963942 296.853789605 291.386363537 31.9041911567 7.40308038956 7.74051598121 7.3278619159 7.5843899619 15.309269485 21.5870198819 5.98136310741 471.507075792 475.466804677 493.147221201 496.394075516 504.101283218
-9999.0 -9999.0 -9999.0 -9999.0 -9999.0 -9999.0 -9999.0 -9999.0 -9999.0 -9999.0 -9999.0 55.6845252248 73.2102377371 32.5338474651 47.0965544094 14.2232948452 158.789131681 169.261522635 189.811305392 197.386879061 64.6817804067 1284.03243651 1291.06100551 5.8057236741 3.44744517059 3.08606986732 6.87848259556 3.19855238292 2.20064438325 1.94284632592 2.2527020124 1558.08833471 1573.13050112 1588.08761567 1600.55807855 1605.71697306 2.00975502876 0.626346154284 4522.15414942 305.614793535 302.773869048 5.91505089801 5.79097401665 5.15460772795 13.1299954643 12.7447903711 5.82139617355 5.88369634746 5.40986758449 11.1944306 14.742734233 2.7504303469 5.02112392334 1.79577687817 0.979858894079
-9999.0 -9999.0 -9999.0 -9999.0 -9999.0 -9999.0 -9999.0 -9999.0 -9999.0 -9999.0 -9999.0 -9999.0 37.8816547281 17.0746847152 14.0158630849 137.699825956 148.907302044 11.2723425874 41.7360146612 51.0594778497 58.2662608421 8.57059458233 5.26306439928 171.07725509 175.052844519 178.706637356 453.777119943 456.23500506 460.36249245 488.524624174 500.694352624 502.349358764 1.90506238465 2.09939041606 2.14747983981 1609.61200831 1.35741975309 4565.81390045 4563.22642973 38.8207218009 35.285634484 22.5992446912 5.75656791149 10.298956729 18.6346695408 18.2761147369 11.2564822903 5.5669151751 10.8609082561 10.5434680139 19.2103174203 2.58774347413 7.16456426699 12.0304455257 14.1149161525
-9999.0 -9999.0 -9999.0 -9999.0 -9999.0 -9999.0 -9999.0 -9999.0 -9999.0 -9999.0 -9999.0 -9999.0 19.8593588442 52.2430989902 67.0361587121 110.323086807 10.9008882557 22.5072350632 32.633167123 135.064137229 142.370302845 147.662523514 153.706061948 161.237364081 241.655154975 262.18722894 272.452028108 3.68438124093 22.9907947123 26.5624536932 495.196607272 505.166784196 510.648554521 516.378250929 520.246181125 2131.80989502 2.44312987834 4574.6778722 3.85614760096 1.76473622185 29.8004207228 26.4298271301 3.18077095491 14.5582698388 23.1237522403 22.7601483272 15.4517636754 25.2007254638 39.8984624025 14.6719423756 37.7706345038 2.58839232097 4.02975342891 0.68260561707 0.522926621051
