data/baseflow/mHMbf_acc289.asc
ncols                  80
nrows                 72
xllcorner      4374000.0
yllcorner      5656000.0
cellsize            500
NODATA_value       -9999
[rows 25 to 49 of 72, columns 0 to 54 of 80]
-9999.0 -9999.0 -9999.0 -9999.0 -9999.0 -9999.0 -9999.0 -9999.0 -9999.0 -9999.0 -9999.0 -9999.0 13.8757860014 27.37604611 12.3330837935 24.2530231749 9.89818342958 80.8146454739 99.3007112899 108.685128455 8.45585293153 16.3555823692 171.885813005 211.965847786 218.787562268 13.9349143704 11.4680627597 16.7276417494 3.9003905279 3.46383994381 6.78432756706 2.88878480792 277.304501538 280.409016492 282.067716789 1969.2304111 4010.59429515 3991.01479057 4.4520579862 2.38984609064 2.16236590652 8.52357510209 6.65226115946 16.2172181554 23.97642996 47.9294870992 4.40904192825 4.36181126661 40.283604635 44.3865840374 86.6202199287 89.073388137 96.4358111087 98.7903426235 2.08970765814
-9999.0 -9999.0 -9999.0 -9999.0 -9999.0 -9999.0 -9999.0 -9999.0 -9999.0 -9999.0 -9999.0 -9999.0 -9999.0 12.6555887992 25.4674572211 38.5423096564 59.7682122279 10.9377361397 9.69032948039 73.9589227904 82.6094263261 156.072020814 165.544919917 26.3999432167 7.63189418801 6.4372869578 5.58368096843 256.400061503 260.336881263 264.354645809 268.006014644 274.260372318 38.6508583649 40.662652843 324.253951682 6306.14266734 16.0720907305 12.6244131897 6.81684515188 1.93643955544 1.79927516842 12.6390086526 14.0252544874 20.0690753538 2.01648765777 50.5388436583 7.96057196862 7.79642125075 2.00526504514 1.28096028621 1.07549827514 0.910794283158 1.16330904539 100.347604864 1356.84189313
-9999.0 -9999.0 -9999.0 -9999.0 -9999.0 -9999.0 -9999.0 -9999.0 -9999.0 -9999.0 -9999.0 -9999.0 -9999.0 -9999.0 12.0915281162 24.3041492845 35.0955543176 45.5201413202 54.8886953225 64.7450494544 28.0449448535 47.841400733 8.81543278579 8.01182573163 223.327282846 238.230208808 244.777019799 251.780442241 4.7714670622 8.50344788374 25.377783272 30.592962285 35.2128949114 2.74654795844 1.76845967089 6313.96347081 3.17002906965 3.77321442546 1.84135234048 7.61930665487 3.79109180248 1.62522477432 35.8356786453 37.1407147786 1.00649802411 51.6549172608 60.7608738944 9.05256023838 1416.00602605 1412.94807017 1410.42075175 1405.41968141 1403.73838433 1367.72053101 1366.58315171
-9999.0 -9999.0 -9999.0 -9999.0 -9999.0 -9999.0 -9999.0 -9999.0 -9999.0 -9999.0 -9999.0 -9999.0 -9999.0 -9999.0 3.48646223144 7.63023417205 10.9884892016 111.087895323 120.515951155 9.79032349858 9.62888576454 9.85124505868 189.599884779 208.436294025 8.94212697413 8.67693172939 6.20503158728 26.6355112578 33.2512440856 15.1856047061 21.1715166225 165.977907844 171.042308699 178.359106857 279.344363034 6595.86055376 3.1272624876 1.59601336775 11.5742903431 9.71317226334 1.46779364034 4.69509109842 6.20553483294 38.6856363714 40.011337563 103.946040628 61.792958668 11.22014498 1446.80026648 11.9578599964 1408.21558217 1406.8979537 34.1444184621 2.28171446563 7.86424828091
-9999.0 -9999.0 -9999.0 -9999.0 -9999.0 -9999.0 -9999.0 -9999.0 -9999.0 -9999.0 -9999.0 -9999.0 -9999.0 -9999.0 17.454182023 28.790195378 57.2964456422 100.389489026 130.723395269 153.013912938 162.108196806 171.985119348 181.410547663 9.0593321813 7.63119052902 14.8177232577 13.2506714 7.18327496505 143.064946073 149.397290981 155.467044366 161.508930768 90.4038684253 94.0488821738 98.61425664 6598.09341408 5.85298869978 3.60367491576 17.0203197943 2.0795641673 3.00980934796 1.62101714387 1.38286966998 7.59421005018 1.05532188074 1.11716939228 1557.39704241 1452.60786338 1451.42315756 5.15407502522 10.8118241296 7.02428536788 1.68856881676 30.4360734503 8.41770759187
-9999.0 -9999.0 -9999.0 -9999.0 -9999.0 -9999.0 -9999.0 -9999.0 -9999.0 -9999.0 -9999.0 -9999.0 -9999.0 -9999.0 12.053232445 11.355731793 22.3008310071 33.3989264968 11.8688277355 12.1820204807 22.776655944 32.9173852546 51.5282226211 60.5198432819 67.3142915036 89.6247699251 96.1745086296 103.977859189 6.63260767877 68.1235099512 74.1148328718 80.2040087586 5.391155357 4.69528109041 7.74935600227 6708.84285351 6710.96681129 6720.33827694 23.6524458499 4.67367300769 4.41821205052 1.32628032406 2.5426095174 8.81295945616 10.9012515813 2.05535377016 1562.48742756 1.58492423515 2.60295144325 2.99867007628 2.09898058579 4.10549338944 1.64898618805 20.2267187542 16.1362011175
-9999.0 -9999.0 -9999.0 -9999.0 -9999.0 -9999.0 -9999.0 -9999.0 -9999.0 -9999.0 -9999.0 -9999.0 -9999.0 -9999.0 -9999.0 10.7445298271 20.9064805763 9.64876894787 19.8840588994 124.354240253 133.316404184 142.491262357 9.3011575113 9.16001889162 15.9085696722 23.5414116462 35.9693812334 42.8712714172 48.8318489163 55.1562222982 5.24386381262 4.97569803667 91.0159673748 95.4747041433 98.1397017395 100.653350824 92.269412453 6823.5616724 6862.46494873 6864.65658268 6870.90556661 6879.09729067 6882.49325413 0.906358267112 11.8683087503 1563.33299108 1.96073297887 1.01009060883 1.12680389132 1.16625961213 2.06643198383 2.14123967683 1.30084907107 2.20484828933 2.15619728584
-9999.0 -9999.0 -9999.0 -9999.0 -9999.0 -9999.0 -9999.0 -9999.0 -9999.0 -9999.0 -9999.0 -9999.0 -9999.0 -9999.0 -9999.0 -9999.0 30.9752321151 41.0004139892 71.8682969753 94.2181215616 11.6226325144 164.803292642 173.698796177 181.532858816 7.1822437659 14.1087721221 5.81688445763 47.5486311902 53.1831882577 59.9692196689 66.0129193822 82.266737265 86.7351787502 2.8737871527 82.6129654144 87.4835215926 89.9310343395 100.947138793 13.0712920289 7.80552136419 4.61502134492 4.4582092439 6886.05487891 6887.27613775 6907.36317207 1564.08762166 5.94405593125 3.26511076421 2.09258062821 0.747181702565 6.64749119891 3.63804850049 1.13948550112 6.64729736069 5.71223973225
-9999.0 -9999.0 -9999.0 -9999.0 -9999.0 -9999.0 -9999.0 -9999.0 -9999.0 -9999.0 -9999.0 -9999.0 -9999.0 -9999.0 -9999.0 -9999.0 10.2521997539 51.3370844398 62.3186625143 11.8204404525 9.61374888124 20.2147261622 29.4572940557 218.868181693 7.07191330324 28.766312953 34.8496622119 41.1168193793 5.75081235827 12.0718052062 17.4088259629 62.8351462773 72.0215468493 74.8450051806 2.62141395139 2.43611244774 3.26364081372 6.10649420434 2.76198160439 2.81123848431 3.3997070721 3.51611878078 3.70716540287 7.36373707665 6908.91769145 8476.61770773 7.16082659535 1.78587146941 0.72680189898 21.8526520732 20.185364613 12.3573120226 11.1562427865 8.40375462078 2.16501862346
-9999.0 -9999.0 -9999.0 -9999.0 -9999.0 -9999.0 -9999.0 -9999.0 -9999.0 -9999.0 -9999.0 -9999.0 -9999.0 -9999.0 -9999.0 8.79381768713 27.9639570094 9.02252880187 11.2469664073 10.7419710433 20.7072914415 30.6799044584 39.5165483361 266.598449259 273.217825053 6.90760047247 13.0297880948 19.2573149866 26.006260369 32.2384533958 55.0104217156 59.6273677873 5.63743182878 4.23204170696 3.7252189287 2.69560420754 3.29769796096 3.80015287248 3.45652893515 5.23922442593 10.7856191737 5.21905029422 1.31267176926 1.26593469856 1.318765295 2.43768870671 8555.20407448 69.3147301491 26.0367062821 2.38711702418 1.08421906703 0.814962469366 2.87358182015 1.98778750982 1.03861243204
-9999.0 -9999.0 -9999.0 -9999.0 -9999.0 -9999.0 -9999.0 -9999.0 -9999.0 -9999.0 -9999.0 -9999.0 -9999.0 -9999.0 9.38848422102 17.8926124262 62.7374317093 7.88721415855 21.4314855827 31.592578775 40.5170167957 9.65307556254 17.5803783912 26.2032647846 306.762845992 6.29858304372 11.7893041458 17.9378462146 6.12878206495 12.1191629709 17.0178967353 21.072853086 519.945370207 527.13532823 533.594494484 557.26292232 567.362671562 586.933837277 4.53366208129 11.3730278528 12.6174193217 639.547837227 641.885883637 1.14297461647 2.05322527893 2.91856215179 8556.27609525 65.164111969 36.2097160862 34.8991330903 23.9925556185 19.6893654894 3.7883023136 0.90681144805 1.76556285187
-9999.0 -9999.0 -9999.0 -9999.0 -9999.0 -9999.0 -9999.0 -9999.0 -9999.0 -9999.0 -9999.0 -9999.0 -9999.0 -9999.0 9.78725884977 29.3385289705 101.64291361 149.136098187 6.63293551308 191.286122711 240.178478626 8.73872956169 16.4901824794 24.905455024 377.733164348 384.045154969 4.52618207351 27.5147766718 32.5496130301 37.6923502343 475.430292101 488.480364705 495.241317005 3.08088575441 17.3416297779 20.6773788705 8.73192079689 12.4162407747 604.015156583 620.538504983 623.275910943 625.749504107 644.416650338 1.23147702819 1.12167805797 4.91308968122 8557.46460277 1.64920144518 3.23412552344 9.81415323479 3.31293472644 17.9008374619 13.1554131488 7.92069468117 5.7120552985
-9999.0 -9999.0 -9999.0 -9999.0 -9999.0 -9999.0 -9999.0 -9999.0 -9999.0 -9999.0 -9999.0 -9999.0 -9999.0 -9999.0 -9999.0 -9999.0 20.0125805842 39.6403071585 174.736073852 184.009736259 248.117318319 256.680894752 8.62998233997 17.2828004799 39.1562563463 390.244239836 400.344873536 403.999989146 3.18288048251 419.40568167 432.574004696 8.29310072527 3.14117072849 5.96128783054 11.7074343029 2.93058073318 5.84313558694 12.1409555479 15.0903939936 3.05839741766 1.91007454311 3.63924171781 660.246266558 665.351308798 666.279150753 674.116502783 8558.48181741 1.10060059776 2.22231829109 2.7182586948 2.27498061013 2.34009824588 2.07139306869 3.86081098502 0.816583942286
-9999.0 -9999.0 -9999.0 -9999.0 -9999.0 -9999.0 -9999.0 -9999.0 -9999.0 -9999.0 -9999.0 -9999.0 -9999.0 -9999.0 -9999.0 -9999.0 10.2937796657 9.92903459237 9.50960028333 18.1001054553 7.6333359568 272.064656167 279.763225167 7.64057528715 15.0616013673 6.59800727302 5.07428860111 4.79912349975 412.807569231 4.1590034177 9.09607819743 4.25129351815 3.31785362291 2.83258360014 2.19477555006 2.31440081304 7.30688450875 10.1431455001 2.01253490477 1.68670378639 3.76217443026 6.44859746884 9.55525066195 3.11337598808 668.141194789 675.086897108 8559.20268511 7.77550876676 5.60782241468 1.71763126536 3.64126354787 1.40064915566 1.19996549507 5.17746103752 4.23133378269
-9999.0 -9999.0 -9999.0 -9999.0 -9999.0 -9999.0 -9999.0 -9999.0 -9999.0 -9999.0 -9999.0 -9999.0 -9999.0 -9999.0 -9999.0 -9999.0 -9999.0 -9999.0 9.8150373821 26.6194988451 33.6093614891 41.0582458472 287.392678739 295.425414818 302.954781514 310.248224431 314.811165862 324.772168101 328.527862375 332.427057367 335.647979088 2.6348827124 2.54229453569 2.73918893932 9.73609527767 2.67368451235 2.59701103977 1.91083786628 5.84163444582 2.38014273167 1.79341563987 1.63876073855 1.41733360082 2.82693325348 4.14228993664 683.567559943 9251.30544928 1.01721229054 2.00762125686 1.38766891458 5.11195799991 2.97642236122 2.41207103483 12.9048743307 7.13120822192
-9999.0 -9999.0 -9999.0 -9999.0 -9999.0 -9999.0 -9999.0 -9999.0 -9999.0 -9999.0 -9999.0 -9999.0 -9999.0 -9999.0 -9999.0 -9999.0 -9999.0 -9999.0 -9999.0 7.55094997974 64.3629007688 122.48686448 130.086262826 10.5863031581 18.6542704087 26.2974622753 32.3227246398 74.8265415587 77.7299080553 2.76283369573 2.90237778001 341.177635498 346.269032826 348.678336209 11.6431134449 1.56463603108 4.3981915679 6.41956403369 19.4992058338 24.0694187427 27.5551610026 3.14324991396 4.37983250489 1.51888794139 3.06595386755 1.6173654222 9253.99665607 0.863051814606 3.71855664202 2.31625959562 8.1057501763 15.082139383 18.0722465946 31.580085266 9.18699815192
-9999.0 -9999.0 -9999.0 -9999.0 -9999.0 -9999.0 -9999.0 -9999.0 -9999.0 -9999.0 -9999.0 -9999.0 -9999.0 -9999.0 -9999.0 -9999.0 -9999.0 -9999.0 8.93949432908 29.2685393595 56.921072042 73.7694106259 182.906737516 192.218197455 16.5146513833 24.677477032 31.7598312623 37.7651111453 81.3364969412 87.2156115961 162.722430096 170.815216268 173.677961667 350.963523488 368.469589261 3.96817587817 3.0019493247 2.76715912262 5.29825306499 2.38581383811 32.2447496742 33.9317651828 5.79410385901 7.89384063282 1.49881396621 2248.21561727 2251.62021688 11507.0566284 11511.9088023 0.9606584507 10.134685689 1.29289167049 1.15354142791 33.9060067276 44.0003830133
-9999.0 -9999.0 -9999.0 -9999.0 -9999.0 -9999.0 -9999.0 -9999.0 -9999.0 -9999.0 -9999.0 -9999.0 -9999.0 -9999.0 -9999.0 -9999.0 -9999.0 -9999.0 -9999.0 10.7770374641 10.4850765114 19.2638783081 45.1388618391 200.757067009 8.71046428833 8.57354246314 15.4560462006 22.9082829628 57.3831810888 62.7573704174 6.39215302198 5.65251383165 177.892288627 180.40385665 551.764021693 554.177030998 1.36479961168 1.17437684164 1.006607511 1.01745035079 1.23708337004 2213.03105004 2223.91120707 2234.60528741 2238.90089979 2246.39607785 1.88424870912 6.76158046524 7.95147266131 11522.4172325 11522.9224005 11524.3545082 11526.4362862 11528.4282492 45.3748597233
-9999.0 -9999.0 -9999.0 -9999.0 -9999.0 -9999.0 -9999.0 -9999.0 -9999.0 -9999.0 -9999.0 -9999.0 -9999.0 -9999.0 -9999.0 -9999.0 -9999.0 -9999.0 -9999.0 -9999.0 9.17765974461 9.83348137594 17.8968914208 235.830890073 244.043680367 8.29736854223 15.1024170156 22.7905996883 29.851872526 6.22967124387 11.1459151535 527.148434253 530.148990169 534.337908751 562.384000697 1120.34798425 2146.69242306 2150.34652159 2153.69862207 2156.92059002 2172.28316026 2177.39787601 9.1569370694 3.96034747943 2.49650965693 4.64608414545 3.32519199543 5.36518859607 1.72560421465 36.7129278486 40.1767292913 42.7328666691 43.3184516069 11528.9168659 11575.4800774
-9999.0 -9999.0 -9999.0 -9999.0 -9999.0 -9999.0 -9999.0 -9999.0 -9999.0 -9999.0 -9999.0 -9999.0 -9999.0 -9999.0 -9999.0 -9999.0 -9999.0 -9999.0 -9999.0 -9999.0 -9999.0 9.47385705904 18.0334757733 26.703032939 251.298023386 7.21027313381 339.72629321 347.749441042 353.813497317 358.861330812 505.958990356 511.39650308 3.48717567793 19.7627509029 24.1777847122 3.4366820268 1022.87399175 1016.58824476 1.90873052347 4.52485906736 12.3481993788 2.79126202636 2.92649642697 1.96539125202 1.64358193447 1.23450995262 1.51845491009 31.5833003497 33.2565390278 35.321362023 2.41209965631 1.74509360996 44.4477425588 45.226390018 45.6689597649
-9999.0 -9999.0 -9999.0 -9999.0 -9999.0 -9999.0 -9999.0 -9999.0 -9999.0 -9999.0 -9999.0 -9999.0 -9999.0 -9999.0 -9999.0 -9999.0 -9999.0 -9999.0 -9999.0 -9999.0 -9999.0 8.3179177323 7.74188341386 40.7239457579 309.027774573 324.787292405 332.878897759 7.11540269478 130.270178115 136.863003527 141.629383308 5.50762305814 9.34455138164 12.3766855341 225.97338432 228.485889867 230.725955522 1012.50138583 632.390168207 2.52387913222 2.67061778665 2.54099209745 1.88352567625 19.114241336 22.9222001994 26.2045291313 28.1050830875 29.9233741172 232.607568622 233.929878471 236.042420478 241.573621513 258.051348044 258.621994315 304.919721906
-9999.0 -9999.0 -9999.0 -9999.0 -9999.0 -9999.0 -9999.0 -9999.0 -9999.0 -9999.0 -9999.0 -9999.0 -9999.0 -9999.0 -9999.0 -9999.0 -9999.0 -9999.0 -9999.0 -9999.0 -9999.0 -9999.0 16.3221880571 25.230717404 9.06916952509 9.09480227388 104.809665563 112.463404408 117.796367265 44.0119615808 49.345632554 54.7389609009 58.1707612604 220.253804478 224.026366842 141.625899018 375.234619184 377.880164108 630.359615614 5.09313487946 2.58275977981 1.6846296273 13.1179042878 15.4528435337 1.29424904885 1.18050561215 226.705304463 229.822349857 231.376427143 2.53840472604 3.98023173253 255.990383717 1.33980787595 4.26796773167 4.72796344809
-9999.0 -9999.0 -9999.0 -9999.0 -9999.0 -9999.0 -9999.0 -9999.0 -9999.0 -9999.0 -9999.0 -9999.0 -9999.0 -9999.0 -9999.0 -9999.0 -9999.0 -9999.0 -9999.0 -9999.0 -9999.0 -9999.0 8.27646136854 16.3120066703 70.1232594088 79.6415034777 87.9137990253 33.293129085 39.2367184381 5.1471768282 149.147916644 154.141205448 158.915758977 3.74173552623 134.759288896 138.739423381 2.78286665054 616.793342472 5.97930481773 2.97074853203 7.04984703481 9.64284562222 1.84263186482 1.43801081068 210.947408855 223.93711822 225.789258091 1.96163502892 4.06374975977 5.12568722037 6.07519704073 12.4591655576 1.55172083842 3.50883099899 0.754087871578
-9999.0 -9999.0 -9999.0 -9999.0 -9999.0 -9999.0 -9999.0 -9999.0 -9999.0 -9999.0 -9999.0 -9999.0 -9999.0 -9999.0 -9999.0 -9999.0 -9999.0 -9999.0 -9999.0 -9999.0 -9999.0 -9999.0 8.15344608566 25.7719510047 45.6675542826 10.4184724514 18.8875725716 26.9992627354 127.757446339 133.975845421 139.142679365 4.59611998556 108.571361722 123.892842632 128.053633766 2.98878003819 605.185305995 611.446941036 2.84577275802 2.52791148675 5.14767149739 2.04159378818 201.044561995 204.700789553 206.928160075 8.38504388501 10.2851561517 1.61194451434 2.91530756869 1.31633773698 9.11592734833 1.45435224652 0.908909719279 0.93313993155 1.05673824112
-9999.0 -9999.0 -9999.0 -9999.0 -9999.0 -9999.0 -9999.0 -9999.0 -9999.0 -9999.0 -9999.0 -9999.0 -9999.0 -9999.0 -9999.0 -9999.0 -9999.0 -9999.0 -9999.0 -9999.0 -9999.0 -9999.0 -9999.0 8.90003195964 10.3900861482 10.7994457996 89.8600206597 97.2678450655 120.887898816 6.29577367247 87.7165377139 99.6211826243 5.32344604667 11.0466033139 3.9153035232 595.342060513 4.25900324866 9.40169973686 11.4393895079 13.3354129592 188.31490403 195.16254305 197.576896713 2.47308781724 4.54783370336 6.3763167017 1.04857993531 0.926087626471 519.129363087 520.13537248 521.002901948 529.939103716 531.127976678 532.430137263 533.260697003
