data/baseflow/mHMbf_acc537.asc
ncols                  80
nrows                 72
xllcorner      4374000.0
yllcorner      5656000.0
cellsize            500
NODATA_value       -9999
[rows 25 to 49 of 72, columns 0 to 54 of 80]
-9999.0 -9999.0 -9999.0 -9999.0 -9999.0 -9999.0 -9999.0 -9999.0 -9999.0 -9999.0 -9999.0 -9999.0 12.7236095902 25.0282039326 11.1209124899 22.3005095441 9.60852530093 74.4693274395 93.2055173145 103.062221231 9.14740529752 16.1858205331 183.495596904 223.280436105 229.517786822 17.6356440836 15.112537975 19.2437783264 1.73189098885 1.50847266125 2.88956540601 2.18523877656 339.027199029 341.752837447 344.683097232 1936.35905806 4591.34759661 4564.0761068 2.60482683313 1.24994812076 1.11843719873 5.45137102792 4.56531788954 21.2951896255 32.4707934159 66.8933249571 5.97916840301 5.94324646867 54.2812328452 58.32437819 115.710203848 118.436435896 122.902709489 124.156931135 1.09354421361
-9999.0 -9999.0 -9999.0 -9999.0 -9999.0 -9999.0 -9999.0 -9999.0 -9999.0 -9999.0 -9999.0 -9999.0 -9999.0 11.0762790123 22.4065851614 33.9920423846 54.252453179 10.7550096429 9.71398769765 87.2368485835 96.1297995165 170.322625534 179.669641199 25.736278369 9.22766806189 8.66245860216 7.80097665747 325.455146356 329.125813705 331.233618118 332.763978854 336.704329501 36.797535092 41.4094469916 390.079596225 6921.20807025 18.6763874538 14.291331537 5.05027720125 1.62136424295 1.06827487402 7.71497863881 8.53702508393 23.0492929103 0.821383071649 68.083900476 8.28101967539 8.0019878494 0.789379108511 0.587985538246 0.586652331563 1.40205133413 0.639322743787 124.814019739 1675.75334679
-9999.0 -9999.0 -9999.0 -9999.0 -9999.0 -9999.0 -9999.0 -9999.0 -9999.0 -9999.0 -9999.0 -9999.0 -9999.0 -9999.0 10.7824096168 26.4987918975 42.0372309068 58.0511002758 67.867719656 78.0602382019 29.2679368367 48.7509707084 9.11923815688 8.70326389893 283.146987302 300.671169397 309.143595457 318.446297222 6.58948918544 10.7689557871 28.8839228497 30.8437244061 33.2326098366 5.11240964509 6.59866845563 6938.50482431 5.12619793771 6.46881497156 2.89620558509 7.00892957879 3.18597467779 2.28960716089 33.727192241 37.2333299188 1.65295317698 70.3116087811 79.170719092 8.49452141945 1723.06130531 1721.64413536 1720.25913681 1715.81070735 1712.94522349 1680.99412705 1678.94837325
-9999.0 -9999.0 -9999.0 -9999.0 -9999.0 -9999.0 -9999.0 -9999.0 -9999.0 -9999.0 -9999.0 -9999.0 -9999.0 -9999.0 4.68292565709 10.1816870543 15.4232811365 155.973355056 165.7714772 10.0091911305 9.94445081588 9.63758493738 246.992944361 265.724912259 9.30729591666 9.52399684205 7.6751342189 31.523888928 39.4732120854 19.2182341835 23.0505067143 179.872114684 184.522868581 198.215955667 312.558990511 7255.33439312 5.84340804934 2.65560752398 11.2139926585 9.02714089871 2.4826558776 7.49072426103 10.1425876567 40.2112029884 42.9221195145 126.677900159 80.1147581903 9.0350376361 1762.96269157 21.3250695874 1718.76233369 1717.38460285 29.441533164 2.2788343797 0.942078059914
-9999.0 -9999.0 -9999.0 -9999.0 -9999.0 -9999.0 -9999.0 -9999.0 -9999.0 -9999.0 -9999.0 -9999.0 -9999.0 -9999.0 24.14031427 39.4578009389 79.5361956011 142.26929497 181.921928696 208.723936653 218.512059858 228.552263819 238.402087775 9.04866611074 8.57906714493 16.6014663871 15.8635150861 8.13465022514 155.981890647 163.685583888 171.114980962 177.9350447 92.7140345652 95.5442522677 105.177055313 7258.97890026 10.5622927553 7.9109225692 20.4267939531 1.77702741018 6.96509644358 4.06428525227 2.44448537022 13.3842972087 2.16228148692 2.25638378162 1902.27875354 1773.76184825 1771.40789336 8.87455576287 20.3731244597 12.1616337478 2.1105102361 23.5693567312 5.10178757101
-9999.0 -9999.0 -9999.0 -9999.0 -9999.0 -9999.0 -9999.0 -9999.0 -9999.0 -9999.0 -9999.0 -9999.0 -9999.0 -9999.0 16.8155071391 16.0139003951 31.5552333424 47.5378532532 12.9001837745 10.933205774 20.8023050025 30.4867905169 48.7961085646 57.9271283419 66.6915806473 92.3834494233 100.632850285 109.229434778 7.77800635722 77.5362388016 83.4666230057 87.1512973302 1.93439134828 0.563345371832 1.36081380618 7360.99900399 7364.51844379 7381.97126025 25.7931767706 3.7625873233 9.75451386148 2.32699397732 4.5356793714 15.7780381425 19.8650417138 4.18547484266 1913.541204 4.18229730729 5.13594171275 5.39735558376 5.0725678291 7.78806905669 3.32500586469 17.3370171636 11.5512491885
-9999.0 -9999.0 -9999.0 -9999.0 -9999.0 -9999.0 -9999.0 -9999.0 -9999.0 -9999.0 -9999.0 -9999.0 -9999.0 -9999.0 -9999.0 15.3736702364 30.2782196126 14.4160515528 29.4413274712 183.004278006 194.323693287 203.740086566 9.17447876622 9.23646673337 17.8852764024 26.5589652878 42.4611061274 50.4876473989 54.9391677573 62.1239348702 5.96914493432 4.13949745077 91.5768376449 92.3382370543 94.2175865395 96.9477618966 88.438416279 7482.34086826 7525.53226 7527.33469465 7538.66762379 7547.82891915 7555.37502088 2.37732567637 21.9238040791 1915.90193991 5.51789478367 2.82488228404 3.93514744836 3.66582589274 5.97951099931 4.11589879159 2.37629924159 3.46933749944 2.67634952841
-9999.0 -9999.0 -9999.0 -9999.0 -9999.0 -9999.0 -9999.0 -9999.0 -9999.0 -9999.0 -9999.0 -9999.0 -9999.0 -9999.0 -9999.0 -9999.0 44.9848391525 60.2994297341 106.638768904 138.564758742 16.5233963095 231.00250681 240.087268795 248.898817718 9.02182313487 17.6523269295 8.09371617964 59.4624170128 63.43528807 69.8575312938 76.0989870636 89.2808393128 90.4971775636 0.920734395546 76.158681365 82.0766428929 85.6891371914 96.8409474196 14.2447260251 8.84240371773 4.82789485096 4.56451341794 7562.49309009 7566.61721018 7605.57167234 1918.66847025 16.1856996364 8.26314240441 5.84159697245 1.53683851867 14.7669277931 6.87748593948 2.18602389229 11.4281709431 9.56670142053
-9999.0 -9999.0 -9999.0 -9999.0 -9999.0 -9999.0 -9999.0 -9999.0 -9999.0 -9999.0 -9999.0 -9999.0 -9999.0 -9999.0 -9999.0 -9999.0 15.9489955759 75.8438139571 92.0364753963 16.5004893906 9.75418403348 19.7439318358 28.9599522265 286.924399519 8.8680621397 35.7772608214 44.1628407891 52.3649180689 4.28269728772 10.151888002 12.1875498085 60.7633994848 66.3499603571 69.3118711877 3.04743364263 2.45356517743 2.49873180513 4.66937724341 1.76542301436 1.81920884291 3.42610821639 2.51931041811 3.53445978831 13.9183317002 7609.97336213 9539.85760694 19.827011801 2.66954135953 1.76103130633 43.2440919986 39.871780107 22.6041388834 19.9759807123 14.4699964285 3.45970999027
-9999.0 -9999.0 -9999.0 -9999.0 -9999.0 -9999.0 -9999.0 -9999.0 -9999.0 -9999.0 -9999.0 -9999.0 -9999.0 -9999.0 -9999.0 13.8046486926 44.4786336384 14.6803435049 13.8431225002 10.7730565363 20.9157064642 30.6098608802 42.2239296993 343.638691065 352.192265509 8.81584051638 17.2082162385 25.6839893973 31.293762944 36.4237060723 50.1015075094 57.9219294187 1.65379099715 2.65506815239 2.55366710971 3.84182156254 3.50594013925 3.87094133881 3.03763939418 3.4370125828 15.8267481397 7.69817417145 5.2613034083 5.18365161751 3.94255004658 7.3059268401 9680.2825524 118.56144594 54.9418374022 6.80046174557 3.10383631036 2.39664545102 6.93107643293 4.33830562111 1.99500350888
-9999.0 -9999.0 -9999.0 -9999.0 -9999.0 -9999.0 -9999.0 -9999.0 -9999.0 -9999.0 -9999.0 -9999.0 -9999.0 -9999.0 14.2548068908 28.0253016337 101.025889146 14.4004042989 30.3902685645 40.73430277 50.5657991757 10.306919046 19.5168376616 33.5084308095 399.481800948 8.30674542781 16.1738540956 24.1462741631 7.35258060713 14.1537874652 15.4393096045 21.448639725 669.485872265 676.051759284 682.305820472 717.529917654 728.126913129 755.607160982 6.98251891641 14.2524823762 19.2603868779 843.829595061 852.778047722 4.81808260563 7.63844867279 10.4209487583 9684.30310136 114.355934655 50.5327688107 46.9112783684 42.7462823156 39.4777702841 9.21708020465 2.50844921148 4.01266713715
-9999.0 -9999.0 -9999.0 -9999.0 -9999.0 -9999.0 -9999.0 -9999.0 -9999.0 -9999.0 -9999.0 -9999.0 -9999.0 -9999.0 14.4445803373 44.0565354269 159.749901326 236.811051266 13.2050449408 312.304011344 377.605124319 9.66947919571 18.7712029507 31.4999125274 493.359993934 505.636886838 7.77893497356 39.8473544211 47.2030349681 52.0129450276 629.096765212 637.425499059 645.974240606 4.44268244141 25.2856795158 29.9364254825 14.650207576 21.0470664728 786.119090037 810.271384523 815.842992667 821.14188639 859.798127942 3.42873135966 3.12023117954 16.4394003853 9689.19449883 5.08698950657 0.354704055306 1.04297532357 0.435616535937 34.2568452223 32.4414786999 19.2912183027 13.1302336791
-9999.0 -9999.0 -9999.0 -9999.0 -9999.0 -9999.0 -9999.0 -9999.0 -9999.0 -9999.0 -9999.0 -9999.0 -9999.0 -9999.0 -9999.0 -9999.0 31.3526181299 63.2218944598 281.657519822 297.68679943 391.801699996 406.863779371 9.83352080622 19.6654852976 49.3952608503 519.230943413 536.74564747 543.856300283 6.23403031615 567.079789333 574.9188344 5.81024396895 4.57517527258 8.79674846314 17.4247939198 4.36524749775 8.98215811277 20.4123547946 25.7655729658 5.02592663787 3.5631151385 7.13221232 883.872501074 890.330910738 893.099756192 916.907997235 9693.54618842 3.66243451557 0.191923758548 0.25591314599 0.248447040946 0.260444164595 0.206481469019 0.365701085385 2.37170917688
-9999.0 -9999.0 -9999.0 -9999.0 -9999.0 -9999.0 -9999.0 -9999.0 -9999.0 -9999.0 -9999.0 -9999.0 -9999.0 -9999.0 -9999.0 -9999.0 16.4399636289 16.0888628364 15.9237930608 31.9871403551 14.2989106085 435.244643444 449.2013989 10.4429113126 19.7111047284 9.52255683716 8.47464427619 8.2533574133 556.382497668 2.10390164267 4.43849483538 3.75488635064 4.71064297814 4.27965861524 3.58170560437 3.72474002375 11.6981440989 16.0687974129 3.33532074603 2.94006130214 6.44802316277 10.7491726301 13.0296790075 2.81206764947 897.098244028 919.979425851 9697.09438239 7.8840912442 0.701478431504 0.10750698048 0.322316937041 0.0773751727812 0.0507663331797 0.426363418777 11.0691933996
-9999.0 -9999.0 -9999.0 -9999.0 -9999.0 -9999.0 -9999.0 -9999.0 -9999.0 -9999.0 -9999.0 -9999.0 -9999.0 -9999.0 -9999.0 -9999.0 -9999.0 -9999.0 15.9483862641 46.6380155787 59.7343824159 73.6098005028 462.746914003 476.190601932 489.773680091 503.507111702 511.569221457 528.256811987 530.569524663 532.362495463 534.769926547 3.90548752245 3.83647115727 4.11386566336 15.327773657 4.13177821474 4.1045219224 3.25901111211 9.7672719157 3.87541052738 3.11118679534 2.88564663235 2.46609814655 4.92145898162 7.2071719174 935.367412266 10643.9048963 3.478937575 7.23339791773 0.0715723512482 0.413199920187 0.188234130269 0.102504137893 20.179758953 17.987789323
-9999.0 -9999.0 -9999.0 -9999.0 -9999.0 -9999.0 -9999.0 -9999.0 -9999.0 -9999.0 -9999.0 -9999.0 -9999.0 -9999.0 -9999.0 -9999.0 -9999.0 -9999.0 -9999.0 13.3127965667 105.468527426 207.997243177 222.533875471 15.9437022867 26.8374028554 36.0623555836 44.2372317799 96.6792408257 100.386296722 3.68916075173 3.7878632693 542.326672995 549.625550025 553.219913915 18.4530190537 2.91955298237 7.48637087565 10.9856691514 32.8996687724 40.393957582 46.5006396844 5.59187746936 7.88735807149 2.75466972758 5.53192276396 2.8775252165 10649.5793946 3.42243072622 13.6582704855 3.76184759643 5.77925173096 21.1061829197 22.9243757046 44.8368450272 16.4778676988
-9999.0 -9999.0 -9999.0 -9999.0 -9999.0 -9999.0 -9999.0 -9999.0 -9999.0 -9999.0 -9999.0 -9999.0 -9999.0 -9999.0 -9999.0 -9999.0 -9999.0 -9999.0 14.832026777 47.1315040476 92.3673786391 120.770170311 309.577307871 325.120969398 19.4786112985 28.7621219626 36.9224509128 44.976114907 103.035503336 110.004359259 182.089404295 187.576050762 190.646923526 557.012909893 585.95549463 6.98156361245 4.72784587694 4.51764874853 8.86902667713 4.15110764459 54.5448236604 57.534128426 10.4419997911 12.4689866344 2.38774590739 2972.88090636 2979.04279759 13633.0174012 13651.4428915 3.28869741365 12.4813758238 6.77676371596 5.43669343339 52.9597569542 71.7510191273
-9999.0 -9999.0 -9999.0 -9999.0 -9999.0 -9999.0 -9999.0 -9999.0 -9999.0 -9999.0 -9999.0 -9999.0 -9999.0 -9999.0 -9999.0 -9999.0 -9999.0 -9999.0 -9999.0 16.7930292023 16.3873774566 31.0130166489 73.6737290501 338.897799421 10.0674629204 9.92386675462 18.3257346927 26.7873726608 59.9655078775 63.4046438432 2.44881718947 3.92099012451 195.655921285 199.770930918 789.104063803 792.189825881 2.83577095929 2.52617958652 2.27976551207 2.30123407584 2.51890044349 2919.8374887 2938.97508658 2953.76856903 2958.39358262 2970.76468469 3.43424621827 12.7741960462 16.0508812417 13674.8628553 13677.7963129 13680.0656127 13682.2675432 13684.2961083 74.45849406
-9999.0 -9999.0 -9999.0 -9999.0 -9999.0 -9999.0 -9999.0 -9999.0 -9999.0 -9999.0 -9999.0 -9999.0 -9999.0 -9999.0 -9999.0 -9999.0 -9999.0 -9999.0 -9999.0 -9999.0 15.0532237348 15.7448648655 29.2470853194 395.928760336 410.285084172 9.68045053994 18.0878783039 26.7569468111 30.4938631808 2.77899697694 6.90796045314 796.481439373 800.593408939 803.775691763 832.334957646 1627.71775724 2804.13904706 2810.827843 2817.28740211 2823.49213525 2850.49302193 2859.14583192 16.4548397525 7.43655400261 4.38170501238 8.26807992967 6.38724160136 10.0599409948 3.18029279989 71.5147868189 83.2187578665 92.375289077 94.1093437124 13686.155918 13763.1429808
-9999.0 -9999.0 -9999.0 -9999.0 -9999.0 -9999.0 -9999.0 -9999.0 -9999.0 -9999.0 -9999.0 -9999.0 -9999.0 -9999.0 -9999.0 -9999.0 -9999.0 -9999.0 -9999.0 -9999.0 -9999.0 15.2763357763 29.3233760087 43.447033729 422.227211378 12.4921275404 565.883656213 574.923242415 577.634114833 581.631306456 779.58089034 784.896182408 4.55511537367 21.3497171371 25.982183657 5.0211664076 1169.75487849 1160.30410505 3.45345963375 7.90713616777 21.2883250996 4.67966474387 5.01661657989 3.82141416074 3.32602028423 2.58962149995 3.07670674682 60.96722727 64.2148283256 68.1113909667 8.24325639023 6.03305964967 97.3848462173 100.172702723 101.525058965
-9999.0 -9999.0 -9999.0 -9999.0 -9999.0 -9999.0 -9999.0 -9999.0 -9999.0 -9999.0 -9999.0 -9999.0 -9999.0 -9999.0 -9999.0 -9999.0 -9999.0 -9999.0 -9999.0 -9999.0 -9999.0 13.9284460249 13.1055996433 67.8262537828 517.712831717 544.007000499 557.668316459 9.3866452141 190.557166589 192.872585512 194.304650172 4.6344269657 9.81848875003 14.3910383394 261.417654579 265.280552325 268.923392808 1153.13171827 733.775200754 4.43633858711 4.5657073055 4.36033963571 3.54651454141 36.2456278325 43.7401384117 50.318132458 54.0447723899 57.6382994784 312.779129336 315.4334136 317.735858162 323.09987967 355.725342689 357.429536663 460.82653163
-9999.0 -9999.0 -9999.0 -9999.0 -9999.0 -9999.0 -9999.0 -9999.0 -9999.0 -9999.0 -9999.0 -9999.0 -9999.0 -9999.0 -9999.0 -9999.0 -9999.0 -9999.0 -9999.0 -9999.0 -9999.0 -9999.0 27.238942526 41.6315169265 15.0195407769 10.0527920738 160.694590767 170.374354784 176.798085741 55.4471323916 57.7027986095 60.6665288469 65.2215337818 252.769038164 257.973027071 137.613131088 411.189897309 415.559356859 730.092615007 9.11608135226 4.63787375316 3.3285796344 24.8083181748 29.2426569888 2.87320075567 2.66919003821 299.549460327 306.550571357 310.191256971 2.80575451462 3.9571468452 350.464809267 3.34460443575 14.2625699476 15.7567376607
-9999.0 -9999.0 -9999.0 -9999.0 -9999.0 -9999.0 -9999.0 -9999.0 -9999.0 -9999.0 -9999.0 -9999.0 -9999.0 -9999.0 -9999.0 -9999.0 -9999.0 -9999.0 -9999.0 -9999.0 -9999.0 -9999.0 13.6547810616 27.0258957098 113.711739433 128.812832421 141.499073055 45.353607162 53.2134041792 2.55423785209 177.476615997 179.911288704 182.866216949 4.05452980223 127.935016955 133.317332106 4.39880634209 706.603865371 9.92985772388 4.88308074407 13.20862481 17.8618779884 3.69816424832 3.02211356011 264.930985143 293.030694534 297.232405135 4.08156475146 9.27289541552 11.5943874365 13.5045462849 25.8542895905 5.23180141018 11.7271755629 2.30511673872
-9999.0 -9999.0 -9999.0 -9999.0 -9999.0 -9999.0 -9999.0 -9999.0 -9999.0 -9999.0 -9999.0 -9999.0 -9999.0 -9999.0 -9999.0 -9999.0 -9999.0 -9999.0 -9999.0 -9999.0 -9999.0 -9999.0 13.4474726231 42.3358273148 73.3117260503 15.7605153318 25.853196518 36.2597269609 165.99446956 169.980490047 172.568504243 2.22859061928 107.308106005 115.50117789 119.500840598 2.43130090355 687.502747723 697.936980329 5.05282374341 4.64751396469 9.53721788901 4.06485407232 244.037808302 251.621210352 256.236454501 17.5774620717 21.8607131841 3.76117849058 6.77194872371 3.03743432555 20.1821035405 3.13858854142 3.02842702432 3.26015544495 3.30838477805
-9999.0 -9999.0 -9999.0 -9999.0 -9999.0 -9999.0 -9999.0 -9999.0 -9999.0 -9999.0 -9999.0 -9999.0 -9999.0 -9999.0 -9999.0 -9999.0 -9999.0 -9999.0 -9999.0 -9999.0 -9999.0 -9999.0 -9999.0 14.803317437 16.0422420303 14.8284694424 116.487026538 126.561162874 156.816593426 5.52566759566 96.8138581849 102.938493115 2.7469918135 5.83681534729 2.41105136715 677.640360338 3.6336557944 11.6177879095 15.2523336947 18.526393933 219.037341785 231.889150188 236.765615594 4.891289082 9.26473466403 13.2409510912 2.55449633673 2.30805067622 730.473219116 732.872430437 734.818074127 755.321445045 757.873365739 761.559642028 764.233455836
