data/baseflow/mHMbf_acc521.asc
ncols                  80
nrows                 72
xllcorner      4374000.0
yllcorner      5656000.0
cellsize            500
NODATA_value       -9999
[rows 0 to 24 of 72, columns 0 to 54 of 80]
-9999.0 -9999.0 -9999.0 -9999.0 -9999.0 -9999.0 -9999.0 -9999.0 -9999.0 -9999.0 -9999.0 -9999.0 20.304128155 17.6313168252 -9999.0 -9999.0 -9999.0 -9999.0 -9999.0 -9999.0 -9999.0 -9999.0 -9999.0 -9999.0 -9999.0 -9999.0 -9999.0 -9999.0 -9999.0 -9999.0 -9999.0 -9999.0 -9999.0 -9999.0 -9999.0 -9999.0 -9999.0 -9999.0 -9999.0 -9999.0 -9999.0 -9999.0 -9999.0 -9999.0 -9999.0 -9999.0 -9999.0 -9999.0 -9999.0 -9999.0 -9999.0 -9999.0 -9999.0 -9999.0 -9999.0
-9999.0 -9999.0 -9999.0 -9999.0 -9999.0 -9999.0 -9999.0 -9999.0 -9999.0 -9999.0 -9999.0 -9999.0 39.398008242 89.308533533 14.7446300906 -9999.0 12.9723000396 -9999.0 -9999.0 -9999.0 -9999.0 -9999.0 -9999.0 -9999.0 -9999.0 -9999.0 -9999.0 -9999.0 -9999.0 -9999.0 -9999.0 -9999.0 -9999.0 -9999.0 -9999.0 -9999.0 -9999.0 -9999.0 -9999.0 -9999.0 -9999.0 -9999.0 -9999.0 -9999.0 -9999.0 -9999.0 -9999.0 -9999.0 -9999.0 -9999.0 -9999.0 -9999.0 -9999.0 -9999.0 -9999.0
-9999.0 -9999.0 -9999.0 -9999.0 -9999.0 -9999.0 -9999.0 -9999.0 -9999.0 -9999.0 17.7756047597 17.0924379637 18.0031495071 17.8596010982 122.402093851 136.627782338 35.137375109 11.0914888577 -9999.0 -9999.0 -9999.0 -9999.0 -9999.0 -9999.0 -9999.0 -9999.0 -9999.0 -9999.0 -9999.0 -9999.0 -9999.0 -9999.0 -9999.0 -9999.0 -9999.0 -9999.0 -9999.0 -9999.0 -9999.0 -9999.0 -9999.0 -9999.0 -9999.0 -9999.0 -9999.0 -9999.0 -9999.0 -9999.0 -9999.0 -9999.0 -9999.0 -9999.0 -9999.0 -9999.0 -9999.0
-9999.0 -9999.0 -9999.0 -9999.0 -9999.0 -9999.0 -9999.0 -9999.0 -9999.0 17.1632503529 35.0483338946 69.5595571701 34.7991820649 16.9365067748 32.9784573552 152.20085306 212.692682442 12.4538771546 -9999.0 16.8655128691 -9999.0 -9999.0 -9999.0 -9999.0 24.6203645628 12.6641411835 -9999.0 -9999.0 -9999.0 -9999.0 -9999.0 -9999.0 -9999.0 -9999.0 -9999.0 -9999.0 -9999.0 -9999.0 -9999.0 -9999.0 -9999.0 -9999.0 -9999.0 -9999.0 -9999.0 -9999.0 -9999.0 -9999.0 -9999.0 -9999.0 -9999.0 -9999.0 -9999.0 -9999.0 -9999.0
-9999.0 -9999.0 -9999.0 -9999.0 -9999.0 -9999.0 -9999.0 -9999.0 19.2603996756 54.5557950074 71.0164674008 87.8036441754 120.441387576 15.5773024712 63.0434467612 77.7938622489 316.930073208 13.5654263915 13.5712065131 31.4446213377 45.5443951246 14.6832559244 -9999.0 63.0001864626 51.9375281372 14.0657913599 -9999.0 -9999.0 -9999.0 -9999.0 -9999.0 -9999.0 -9999.0 -9999.0 -9999.0 -9999.0 -9999.0 -9999.0 -9999.0 -9999.0 -9999.0 -9999.0 -9999.0 -9999.0 -9999.0 -9999.0 -9999.0 -9999.0 -9999.0 -9999.0 -9999.0 -9999.0 -9999.0 -9999.0 -9999.0
-9999.0 -9999.0 -9999.0 -9999.0 -9999.0 -9999.0 19.3085675821 17.6433704526 17.0193869701 17.3345905956 17.4519336935 123.238876593 260.416396611 276.857000291 289.967367075 12.3166448019 343.258906604 356.965461669 28.3725707224 14.454390942 59.3955618379 102.274798179 14.5088050711 106.972537691 15.2416809338 15.2329704734 15.7817915378 -9999.0 -9999.0 -9999.0 -9999.0 -9999.0 -9999.0 -9999.0 -9999.0 -9999.0 -9999.0 -9999.0 -9999.0 -9999.0 -9999.0 -9999.0 -9999.0 -9999.0 -9999.0 -9999.0 -9999.0 -9999.0 -9999.0 -9999.0 -9999.0 -9999.0 -9999.0 -9999.0 -9999.0
-9999.0 -9999.0 -9999.0 -9999.0 -9999.0 -9999.0 38.9909705121 57.7336650313 129.940575237 180.544127703 15.6390038118 16.3480699652 15.3227261077 44.8748320694 348.174278409 12.2064498779 370.163142677 424.788149696 42.5343183732 26.9174845739 115.029427429 13.7844690362 120.709220562 27.491244737 13.8576660426 28.6357534848 31.2160239841 15.8663869721 16.1829379907 15.7861200602 16.6200721065 33.2338340584 -9999.0 -9999.0 -9999.0 -9999.0 -9999.0 -9999.0 -9999.0 -9999.0 -9999.0 -9999.0 -9999.0 -9999.0 -9999.0 -9999.0 -9999.0 -9999.0 -9999.0 -9999.0 -9999.0 -9999.0 -9999.0 -9999.0 -9999.0
-9999.0 -9999.0 -9999.0 -9999.0 -9999.0 20.955383625 40.7705279756 19.663414814 38.1034437461 199.151866846 232.380098456 265.583829963 862.393264703 15.0338417279 362.524536307 1341.13368159 1351.92915212 1795.26439812 11.7992667383 39.5611954177 127.846460637 12.6868517019 277.007327656 142.914763287 88.3664152886 74.2744724292 15.1963731044 47.0897310478 47.3193987807 31.4909384016 15.22068278 48.8732729647 14.9516136699 14.7094458837 -9999.0 -9999.0 -9999.0 -9999.0 -9999.0 -9999.0 -9999.0 -9999.0 -9999.0 -9999.0 -9999.0 -9999.0 -9999.0 -9999.0 -9999.0 -9999.0 -9999.0 -9999.0 -9999.0 -9999.0 -9999.0
-9999.0 -9999.0 -9999.0 -9999.0 -9999.0 21.3071298465 62.4316433366 123.578136278 142.598877784 283.322303865 301.008165572 356.115585688 581.945263381 908.35051152 938.895650696 953.093019568 24.7674010509 1840.44941503 1864.39913889 1929.75863857 2386.33777927 315.996804646 290.697803529 101.849557579 13.4061323659 88.4176753015 60.6294282481 12.9940104576 61.2055038394 13.9408922322 29.2231349095 78.1814338212 92.5134050141 28.8104463289 14.0491754974 13.8347948822 -9999.0 -9999.0 -9999.0 -9999.0 12.1920697406 10.9292950301 -9999.0 -9999.0 -9999.0 -9999.0 -9999.0 -9999.0 -9999.0 -9999.0 -9999.0 -9999.0 -9999.0 -9999.0 -9999.0
-9999.0 -9999.0 -9999.0 -9999.0 -9999.0 20.8313481348 20.0403702341 83.0657699239 102.379284487 122.172425569 18.6758605678 37.0136421297 213.441963751 36.9719837526 16.7634574581 15.2154623106 13.1625398193 15.3715467571 14.8100418627 14.2842919748 2399.87076913 2437.79322985 12.5823814218 39.0676220432 26.6914502135 101.287789152 26.2748376586 12.6141542872 75.3593113189 27.3118231637 66.1626344099 161.215705375 149.27601842 42.579607124 41.3437571842 14.2489822952 14.1416293871 -9999.0 -9999.0 14.2891610029 26.4097609103 60.2638775253 11.5623578633 -9999.0 -9999.0 -9999.0 -9999.0 -9999.0 -9999.0 -9999.0 -9999.0 -9999.0 -9999.0 -9999.0 -9999.0
-9999.0 -9999.0 -9999.0 -9999.0 -9999.0 -9999.0 21.5822725966 21.5691940706 41.5281987424 61.7330621257 139.470587105 177.835067261 196.801315229 19.7453692462 15.3189911902 206.752112097 251.506754582 265.395657509 323.624823168 336.809972316 12.9510356396 2450.95471777 2514.00484747 50.1557804647 7.94028916743 112.465592014 250.079246281 99.8783848107 24.6243313367 12.3974278668 251.972808243 174.008251509 12.3482935479 12.3789345139 54.0944526624 41.6300367258 13.2901309138 12.6655240046 13.7431022826 27.7588709884 13.2182104697 73.1143788786 85.8004689684 11.795133909 -9999.0 -9999.0 -9999.0 -9999.0 13.2797392969 12.5551040641 3.80188851933 -9999.0 -9999.0 -9999.0 -9999.0
-9999.0 -9999.0 -9999.0 -9999.0 -9999.0 -9999.0 -9999.0 21.1348850531 18.7959960312 39.3849900019 59.2110918082 19.2774358771 17.4986904581 110.11840388 142.992986303 176.649431348 15.4726824697 30.4804322677 14.770643578 350.508808203 775.020826151 786.288011159 3325.34911748 12.4325491471 24.0977362072 7.59160355252 261.787282218 12.081224427 37.1986185423 12.1478505167 264.185563417 276.409743627 24.8370284312 24.6859438399 135.759435906 68.2940392737 26.0538451258 13.3978838835 27.3939453746 41.2440789314 67.0818319462 12.3784097934 108.612246229 118.890440681 9.28194620046 9.97954555124 10.3923052715 9.41143590943 8.89441461258 36.2554191383 14.2983712261 8.95616602063 -9999.0 -9999.0 -9999.0
-9999.0 -9999.0 -9999.0 -9999.0 -9999.0 -9999.0 -9999.0 -9999.0 40.0759534124 58.0292234894 19.3578625291 39.2723868348 57.4887588586 93.8610171159 17.8441477944 17.2720800603 14.8509385961 14.9844625007 13.4233627463 396.806100831 15.1502524896 29.5922717533 3367.04181299 3394.31160754 11.9509791416 48.0265412622 320.95271789 23.5822449279 48.0234980401 22.3024958809 32.9262353887 323.007145652 35.8720072621 195.184617331 159.697765064 12.3105225904 64.5574572754 26.087783085 39.7944742175 12.2699872793 78.9376575863 102.044843219 110.885250889 119.249830492 153.602965917 17.5428460811 18.5167371828 16.8944204664 15.7980775998 44.6639922372 8.99014145712 32.5056019002 40.5551654826 -9999.0 -9999.0
-9999.0 -9999.0 -9999.0 -9999.0 -9999.0 -9999.0 -9999.0 -9999.0 20.8457366391 99.147320554 118.094176101 18.9430629427 36.6915130905 17.7152920212 16.2043681016 15.9796734625 200.15718298 264.675901385 324.272963315 384.502535208 14.994049767 14.7351656789 14.6711464711 3458.72442025 3488.19475697 3499.98345914 428.751029181 94.7708476511 82.7261716553 10.22450782 43.0222300174 376.554676735 10.4476126023 205.870003216 11.8297348853 83.8269172345 77.5355834488 12.4939471667 52.1671563905 24.5492068778 36.5499044261 10.6431922098 8.18885718103 127.50384539 135.008198059 161.084830524 26.5774761101 24.5452905855 23.2012451193 54.3238151228 72.5756321594 9.11284070491 49.1457005839 9.35241760497 17.4251079695
-9999.0 -9999.0 -9999.0 -9999.0 -9999.0 -9999.0 -9999.0 -9999.0 -9999.0 20.9790686233 137.74652187 156.297988808 54.5113874095 89.848287957 122.260325227 138.513745024 16.3859484351 49.5953252756 32.6936990519 16.700966553 16.2791752001 14.9285598111 29.3194208568 49.7130287022 16.504324132 3958.40124296 3970.94437845 11.1470801318 8.97721685722 20.6389349832 30.7533611432 407.121294799 20.4574761137 215.189402438 127.412936564 105.448538302 11.6948187461 23.8993682989 63.2599022168 11.0828522378 47.3068792466 21.191995652 13.8100453307 5.80380686549 153.710596587 320.847054895 32.0149375812 30.1248105417 30.3547118845 7.38697610754 79.8780161998 7.080123659 65.4170041385 7.94812829604 25.3501502417
-9999.0 -9999.0 -9999.0 -9999.0 -9999.0 -9999.0 -9999.0 -9999.0 -9999.0 -9999.0 18.7000002428 193.878520478 17.7076610729 35.3093038486 50.9945776251 82.0535959751 15.8882713321 32.912194641 16.0911149419 15.1850922843 14.3697560044 28.4494232435 12.7464977333 13.9805488862 27.5954354101 15.4867933822 3984.30080231 4007.48350217 4040.74741784 40.769843259 10.3595717099 20.664418326 417.867317378 393.996554348 149.744864996 11.0342260989 46.8398470986 35.2996410737 74.3807036014 22.1380992319 90.1530304287 31.8402023517 22.1621380633 3.78217357243 6.22048277341 328.976815845 336.045675933 404.228716241 53.5369457239 15.3145058235 87.8282643739 102.692177316 174.918117546 15.5959403696 7.2043975909
-9999.0 -9999.0 -9999.0 -9999.0 -9999.0 -9999.0 -9999.0 -9999.0 -9999.0 -9999.0 -9999.0 9.87472374907 214.564767754 17.0302617089 32.4464444593 145.465142046 15.8854143525 15.7183203161 13.9789067246 29.7492345812 14.5530662819 57.3849981898 82.8675519452 94.6529184565 38.5853991994 48.753142444 11.8303850768 14.4106792307 12.8286552292 4104.66033808 4137.16696101 427.000510874 412.244861747 403.233320307 19.331504198 9.37329175994 57.1310863804 152.249152924 84.8400611736 32.4775269892 132.595863595 45.4390370629 36.05152156 7.58374437961 3.20273018847 3.18136079764 4.0692370047 424.376576976 499.369348152 7.33235368005 6.52303948507 7.34488969897 181.941455292 204.171997609 12.7920636841
-9999.0 -9999.0 -9999.0 -9999.0 -9999.0 -9999.0 -9999.0 -9999.0 -9999.0 -9999.0 -9999.0 9.24065176014 236.690511826 289.241048605 15.6981492444 176.672848709 14.7738370991 14.1809638842 28.2925656339 72.6039161095 14.1445479034 14.7918020333 12.5764351865 119.550741544 131.328863195 192.535358486 215.229582886 226.822276777 237.801745636 248.34057217 4396.7386741 4843.11022737 5273.21929844 5281.31076933 8.67156566035 9.53599651563 172.921575285 162.648693471 10.293235939 10.3336559721 143.487631394 198.935809873 8.2348583652 86.8009321351 80.0971733109 16.8030913373 8.35255690672 14.0089678535 7.84058326068 512.531052824 6.72445454566 20.107886048 25.1083670381 245.913910383 262.125559043
-9999.0 -9999.0 -9999.0 -9999.0 -9999.0 -9999.0 -9999.0 -9999.0 -9999.0 -9999.0 -9999.0 19.0753796554 36.4091212509 306.195290258 335.724599065 14.7767916162 204.726824455 12.6329562399 39.2549910434 85.5817563142 27.2755415812 13.0720055778 26.6032782913 11.0891501039 21.4894108844 10.6836659141 9.77797225105 7.91226496794 6.87362103482 6.36709339948 6.07842352806 8.61087148673 10.754836378 12.5317900625 5310.42309747 206.589757391 187.379263617 6.73405813552 29.433819864 7.18781602389 6.8447742612 208.152004891 322.77472687 96.9061250664 72.9371723195 9.91669821933 4.12010363701 3.71141717717 9.84221969561 529.133075731 541.763104092 6.60118239141 6.71514919754 5.97925901687 3.78707631388
-9999.0 -9999.0 -9999.0 -9999.0 -9999.0 -9999.0 -9999.0 -9999.0 -9999.0 -9999.0 -9999.0 -9999.0 16.2207748703 218.353153711 569.706811684 616.809162045 835.440989253 848.452563897 190.822402948 139.452952205 40.5733256381 12.8971162121 51.8512521969 63.874649119 96.2574928031 21.8494268247 20.2427203929 18.5597028537 35.7673554303 16.532173451 15.7983765699 8.08010283179 4.55476518918 5.55960137597 5319.11530362 5532.75312461 5543.86043016 6.86307516622 76.9400921964 33.5382425238 9.96342568154 353.516676511 21.7591668017 11.2445049901 47.0815391491 9.48525839946 7.31737854597 13.5733143719 19.0881445382 25.2858107288 552.347567168 4.95032746385 4.24187477026 4.24672728274 3.26585698969
-9999.0 -9999.0 -9999.0 -9999.0 -9999.0 -9999.0 -9999.0 -9999.0 -9999.0 -9999.0 -9999.0 17.6731988887 166.173205831 201.669595748 32.0780403915 9.99280045696 22.6854306117 884.655506141 896.840528603 1100.13453163 11.5496670481 24.3345085902 10.6500987322 10.8136428308 106.817491621 139.200925267 169.376641242 9.67188628473 45.4358872632 71.4624878018 42.1211908165 17.2896719587 12.1678575212 10.6442844787 10.5800353418 5.83505503785 5550.777714 5556.12508837 5644.30134798 16.3504739698 8.76777671816 361.198883767 23.6600397154 12.1092096499 13.1092397224 13.004864428 11.6124130427 19.5562986978 55.3457182169 87.4465005265 644.961945475 3.68558783165 11.0243353277 7.46475543357 6.11765645663
-9999.0 -9999.0 -9999.0 -9999.0 -9999.0 -9999.0 -9999.0 -9999.0 -9999.0 -9999.0 -9999.0 18.046191641 115.073869619 18.1676675171 15.7617832135 82.380963036 96.1379786752 110.09454508 122.81741186 1479.89622512 1491.6581765 1515.13557149 1683.75600922 1715.29684851 1732.54002045 1743.43732566 1932.46672998 1957.06778122 1967.30106976 2049.26562023 2101.87397321 2111.2079738 2139.77501725 19.3638866537 16.6113405145 3.47167365028 3.85441529516 5562.53175946 5672.71205378 23.1548055459 421.041950959 413.105230836 44.3085752733 10.6468466302 10.7725998009 10.3452642999 10.2858292017 20.6807884584 29.0335672049 7.84913322654 649.856107353 655.069062739 677.920120804 682.068493259 691.972349798
-9999.0 -9999.0 -9999.0 -9999.0 -9999.0 -9999.0 -9999.0 -9999.0 -9999.0 -9999.0 -9999.0 59.145968611 78.2877379667 36.6925594937 53.6960581746 16.7563238346 189.671644951 204.314719225 232.982080543 244.029053088 93.2336655093 1626.49335898 1637.21412986 9.51254594011 6.36909643286 5.14966184345 12.2342231926 6.17571635533 4.34884397201 4.16091793874 5.16563399731 2118.86914682 2148.07944443 2176.54855082 2201.05767348 2215.29845317 6.24357678814 2.12129190823 6112.08926081 434.38137288 429.552925059 9.26962033463 8.70636629876 7.8359176087 18.8441512081 18.4339110545 8.4622338453 8.57881853928 7.73881826947 15.438055146 20.1696341663 3.75791202544 6.79816828507 2.47983059558 1.39946996008
-9999.0 -9999.0 -9999.0 -9999.0 -9999.0 -9999.0 -9999.0 -9999.0 -9999.0 -9999.0 -9999.0 -9999.0 39.897229492 18.8641042036 17.0685124805 160.498359552 175.640102986 15.1658815206 58.4203232407 71.7682752955 83.116638472 12.6609577883 9.49977559157 234.80876337 242.535388711 249.749886268 648.929106303 654.091557383 662.191506014 713.604487127 737.564037232 741.234243402 3.81703486576 3.995239153 4.63548277687 2223.0932671 3.36509067782 6184.67187028 6179.54552644 62.6754151519 56.5124780338 35.2997301209 8.90923598358 15.683736384 26.9612363638 26.5963279255 16.4585328783 8.20288042795 15.7649959971 15.4817203696 26.7017817655 4.29330032718 11.2650553433 17.8342044158 20.800688018
-9999.0 -9999.0 -9999.0 -9999.0 -9999.0 -9999.0 -9999.0 -9999.0 -9999.0 -9999.0 -9999.0 -9999.0 20.4397698071 57.1965858627 74.6389176043 126.968826602 15.0991589929 30.6893714152 45.0539932389 176.116302185 187.410688415 194.633464085 205.138299536 216.791563438 341.320630705 376.125632185 393.326444025 5.82817018069 43.0258640133 47.9806431758 725.24945449 745.618290865 754.577047812 763.701968605 772.192655374 2999.48333476 5.37324634449 6202.95154157 8.41991458757 3.52471585896 47.9467294513 42.2086165666 5.94173974914 22.7369429531 34.1134046754 33.4543526302 22.7387298201 37.1699566846 58.5322399785 21.8039441176 54.1968844127 4.43690873284 6.45232307156 1.09650294316 0.818254222786
