data/baseflow/mHMbf_acc436.asc
ncols                  80
nrows                 72
xllcorner      4374000.0
yllcorner      5656000.0
cellsize            500
NODATA_value       -9999
[rows 0 to 24 of 72, columns 0 to 54 of 80]
-9999.0 -9999.0 -9999.0 -9999.0 -9999.0 -9999.0 -9999.0 -9999.0 -9999.0 -9999.0 -9999.0 -9999.0 17.3715618627 15.8049345893 -9999.0 -9999.0 -9999.0 -9999.0 -9999.0 -9999.0 -9999.0 -9999.0 -9999.0 -9999.0 -9999.0 -9999.0 -9999.0 -9999.0 -9999.0 -9999.0 -9999.0 -9999.0 -9999.0 -9999.0 -9999.0 -9999.0 -9999.0 -9999.0 -9999.0 -9999.0 -9999.0 -9999.0 -9999.0 -9999.0 -9999.0 -9999.0 -9999.0 -9999.0 -9999.0 -9999.0 -9999.0 -9999.0 -9999.0 -9999.0 -9999.0
-9999.0 -9999.0 -9999.0 -9999.0 -9999.0 -9999.0 -9999.0 -9999.0 -9999.0 -9999.0 -9999.0 -9999.0 33.0903361287 76.6458770555 12.9947648987 -9999.0 11.7589758423 -9999.0 -9999.0 -9999.0 -9999.0 -9999.0 -9999.0 -9999.0 -9999.0 -9999.0 -9999.0 -9999.0 -9999.0 -9999.0 -9999.0 -9999.0 -9999.0 -9999.0 -9999.0 -9999.0 -9999.0 -9999.0 -9999.0 -9999.0 -9999.0 -9999.0 -9999.0 -9999.0 -9999.0 -9999.0 -9999.0 -9999.0 -9999.0 -9999.0 -9999.0 -9999.0 -9999.0 -9999.0 -9999.0
-9999.0 -9999.0 -9999.0 -9999.0 -9999.0 -9999.0 -9999.0 -9999.0 -9999.0 -9999.0 15.037655617 14.2047910046 15.0903655431 14.9388143893 104.769149882 117.95408961 33.3739227616 10.9297963909 -9999.0 -9999.0 -9999.0 -9999.0 -9999.0 -9999.0 -9999.0 -9999.0 -9999.0 -9999.0 -9999.0 -9999.0 -9999.0 -9999.0 -9999.0 -9999.0 -9999.0 -9999.0 -9999.0 -9999.0 -9999.0 -9999.0 -9999.0 -9999.0 -9999.0 -9999.0 -9999.0 -9999.0 -9999.0 -9999.0 -9999.0 -9999.0 -9999.0 -9999.0 -9999.0 -9999.0 -9999.0
-9999.0 -9999.0 -9999.0 -9999.0 -9999.0 -9999.0 -9999.0 -9999.0 -9999.0 14.2039093369 29.6320315434 58.6019235919 29.2762167302 14.2712768309 28.2831911237 131.976932198 188.648624331 11.2037755688 -9999.0 14.8488049902 -9999.0 -9999.0 -9999.0 -9999.0 23.0618195556 11.9870231316 -9999.0 -9999.0 -9999.0 -9999.0 -9999.0 -9999.0 -9999.0 -9999.0 -9999.0 -9999.0 -9999.0 -9999.0 -9999.0 -9999.0 -9999.0 -9999.0 -9999.0 -9999.0 -9999.0 -9999.0 -9999.0 -9999.0 -9999.0 -9999.0 -9999.0 -9999.0 -9999.0 -9999.0 -9999.0
-9999.0 -9999.0 -9999.0 -9999.0 -9999.0 -9999.0 -9999.0 -9999.0 15.6773821989 44.7291833699 58.6086435503 73.0182414075 101.982264035 13.7184431753 55.0541535117 68.3745751758 281.506984352 12.0692578869 12.8712390326 28.1720919777 41.2591995805 13.5538405116 -9999.0 57.6407334863 47.3773002056 12.4850041871 -9999.0 -9999.0 -9999.0 -9999.0 -9999.0 -9999.0 -9999.0 -9999.0 -9999.0 -9999.0 -9999.0 -9999.0 -9999.0 -9999.0 -9999.0 -9999.0 -9999.0 -9999.0 -9999.0 -9999.0 -9999.0 -9999.0 -9999.0 -9999.0 -9999.0 -9999.0 -9999.0 -9999.0 -9999.0
-9999.0 -9999.0 -9999.0 -9999.0 -9999.0 -9999.0 16.1046123197 15.1655593218 14.0741557006 14.2942048399 14.5848084912 102.849145928 219.418265125 233.789395709 245.504143443 10.9187149627 306.375675326 319.977430113 25.9924887821 13.2684464077 54.1517798148 94.1245207803 14.7388912733 99.2866132414 13.5429579352 13.5476241002 13.9986711902 -9999.0 -9999.0 -9999.0 -9999.0 -9999.0 -9999.0 -9999.0 -9999.0 -9999.0 -9999.0 -9999.0 -9999.0 -9999.0 -9999.0 -9999.0 -9999.0 -9999.0 -9999.0 -9999.0 -9999.0 -9999.0 -9999.0 -9999.0 -9999.0 -9999.0 -9999.0 -9999.0 -9999.0
-9999.0 -9999.0 -9999.0 -9999.0 -9999.0 -9999.0 32.3196964467 47.8977460589 108.700856861 150.760846361 13.4760029514 14.2759912971 13.7625313497 39.4496741284 297.211621054 11.3304466091 332.274736227 380.537531004 37.8701514397 25.3419549876 106.377999914 13.0768513353 112.224656435 27.4693714442 13.4613995486 25.7624192661 27.6119278646 14.021005898 14.6783834989 14.3742490356 15.0707960806 30.1438383529 -9999.0 -9999.0 -9999.0 -9999.0 -9999.0 -9999.0 -9999.0 -9999.0 -9999.0 -9999.0 -9999.0 -9999.0 -9999.0 -9999.0 -9999.0 -9999.0 -9999.0 -9999.0 -9999.0 -9999.0 -9999.0 -9999.0 -9999.0
-9999.0 -9999.0 -9999.0 -9999.0 -9999.0 17.4096859995 33.8739432402 16.3116300584 31.7904515905 166.168807341 194.483144393 223.16846384 725.466619052 12.8309409898 310.36262921 1138.89127644 1148.30325239 1544.97071167 10.2043217833 37.2435086651 118.679028377 12.1952323125 260.095340871 135.213765475 82.0822011676 67.8852677722 14.0023965108 41.5841303889 43.0536691907 28.6686678921 13.9532834099 44.4373393769 13.758316297 13.5508938879 -9999.0 -9999.0 -9999.0 -9999.0 -9999.0 -9999.0 -9999.0 -9999.0 -9999.0 -9999.0 -9999.0 -9999.0 -9999.0 -9999.0 -9999.0 -9999.0 -9999.0 -9999.0 -9999.0 -9999.0 -9999.0
-9999.0 -9999.0 -9999.0 -9999.0 -9999.0 17.7491187997 51.8786807075 102.629012258 118.639291005 235.71406597 250.996101418 298.248795769 489.143465445 764.477925442 792.243442386 804.965211766 23.3855799929 1586.4151636 1607.57239414 1669.09661227 2097.63169622 297.569771848 273.12057785 94.9331952175 12.8086817732 80.0894242476 54.1465629689 11.5152825183 55.8597611331 12.3885356549 25.6184224649 70.3302089981 83.6103424699 26.6319613184 12.9827897472 12.8547358554 -9999.0 -9999.0 -9999.0 -9999.0 11.1989367434 9.83957075953 -9999.0 -9999.0 -9999.0 -9999.0 -9999.0 -9999.0 -9999.0 -9999.0 -9999.0 -9999.0 -9999.0 -9999.0 -9999.0
-9999.0 -9999.0 -9999.0 -9999.0 -9999.0 17.3328445657 16.6359607366 68.5926224387 84.7972410915 101.384302164 15.9656285266 31.7022997113 179.692477731 31.1872675738 15.1839321212 13.7937912912 12.41423784 13.3943337378 12.904755859 13.7470371354 2110.59487684 2147.32401511 12.1168164003 37.3449166757 25.3985747016 93.2348179531 24.4874224778 11.6204359517 68.5130579075 24.145459489 58.6416344643 147.684569769 135.953842498 39.1858296732 37.4449163749 13.2140832427 13.1184957503 -9999.0 -9999.0 13.2577032701 23.8517296299 54.2004344695 10.313832727 -9999.0 -9999.0 -9999.0 -9999.0 -9999.0 -9999.0 -9999.0 -9999.0 -9999.0 -9999.0 -9999.0 -9999.0
-9999.0 -9999.0 -9999.0 -9999.0 -9999.0 -9999.0 17.9514559544 17.6661707816 34.2753076722 51.0991575651 116.425831336 149.049754125 164.82642835 15.9028656341 13.8650822676 180.369343788 221.607318676 234.619198172 289.702427317 302.442962556 12.5362514153 2160.04162726 2220.36549074 47.9081734251 7.56405382333 104.049877203 231.543781943 91.4772187884 22.9168785965 11.761781524 229.74774639 159.748994907 11.4033494575 12.0774872223 50.1795855374 38.5843850674 12.437231867 11.2599799669 12.7968729038 25.8258471423 12.3978320352 65.5754286743 77.7566846537 11.0185217559 -9999.0 -9999.0 -9999.0 -9999.0 12.3642702629 11.7831618926 3.84315033681 -9999.0 -9999.0 -9999.0 -9999.0
-9999.0 -9999.0 -9999.0 -9999.0 -9999.0 -9999.0 -9999.0 17.3370158986 15.6179102137 32.704626181 49.4687767924 16.4055553342 14.3401792279 93.4734892837 122.783278134 152.88521114 14.2743836469 28.5086688367 14.0542404065 315.612388922 699.324931428 710.171679557 2954.61879297 11.9882448045 23.0132562481 7.28930552964 243.98851973 11.2521762665 34.9408716155 11.5627651253 240.975188684 252.106036461 23.0320701048 23.5869583671 126.117579821 63.4791417801 25.1256643158 12.5785260751 25.5160709681 38.4066313524 62.3263503455 11.4468185977 98.9994041457 107.844312347 7.81890671086 8.12086535478 8.96348229695 8.07687676647 7.69153952334 33.9345787477 13.0549387239 8.34915294983 -9999.0 -9999.0 -9999.0
-9999.0 -9999.0 -9999.0 -9999.0 -9999.0 -9999.0 -9999.0 -9999.0 32.7117303096 47.7507715352 16.4626656285 33.3114814632 49.0644993016 79.6266249004 16.4905041412 15.7487801638 13.904270642 14.0070432318 12.8472350425 357.230066184 14.2681421926 27.9544950446 2993.62210432 3016.31789085 9.0556027597 41.3598653627 295.623601335 22.3065979165 45.3083918198 20.6581642353 32.0015419672 296.027382731 33.613601086 182.061018266 147.965927996 11.0898093138 61.2140092078 24.4422101238 37.1777952782 12.1335708249 74.6632288137 96.2480869883 103.703648233 110.739572574 136.802500364 14.4913888748 15.8841303794 14.4462207797 13.595736301 41.8031396347 8.86166079459 29.9672142415 37.1400768951 -9999.0 -9999.0
-9999.0 -9999.0 -9999.0 -9999.0 -9999.0 -9999.0 -9999.0 -9999.0 17.3799852734 82.2058734606 98.3776645735 16.1848570076 31.7714877681 15.5697641202 14.6960162549 14.5185227417 178.430690403 235.554378395 290.131285331 345.541630005 14.0935987148 13.9264845141 12.7291301001 3073.4088945 3097.27438383 3106.18639714 395.280405966 89.6448873822 78.5800161689 9.83399201694 40.295627581 346.212921701 8.52062122471 192.057549429 11.1982999051 78.7600325823 73.1197542407 11.7035032797 48.8160419125 23.6951244329 35.0603824322 10.4567714472 6.89195609483 117.678632601 123.998292685 143.103157256 22.7493411932 20.9586873283 20.0418230299 51.1252336304 69.0467335967 8.94769389595 45.5310797446 10.1516936106 18.6825837731
-9999.0 -9999.0 -9999.0 -9999.0 -9999.0 -9999.0 -9999.0 -9999.0 -9999.0 17.6257632383 115.126731753 131.17404828 47.4858306241 78.3873456296 107.500606245 121.929858474 14.613478368 43.2490352915 29.0130054035 14.8665976458 14.8030412688 13.7490528072 27.0094080153 44.6757884946 13.5705624687 3525.20738907 3533.9781796 8.24693940047 7.90605964205 20.6756941717 31.1933293213 375.753705714 18.9652008085 200.913346579 119.931889806 99.3564338321 11.0402438809 22.4985557516 59.3846364552 10.5600791158 45.3852289176 21.2673873466 12.16458567 5.21303842896 140.964570823 289.142760675 27.3406351913 25.7152441629 26.980924753 7.34132828755 76.3428000127 7.10762866875 61.2653525679 8.30021141272 27.0022237198
-9999.0 -9999.0 -9999.0 -9999.0 -9999.0 -9999.0 -9999.0 -9999.0 -9999.0 -9999.0 15.9678862317 163.315534771 15.6526693468 31.0882545891 45.1112386616 72.5344828775 13.8035465739 28.4633162401 14.2234163732 13.2331279554 12.7798790719 25.4372380838 10.9282569277 11.0843797705 20.9947657814 12.3952092191 3544.10992383 3560.62780777 3586.61481551 39.4424017458 9.90333711164 19.7672280407 385.968793886 369.290972464 141.161918572 10.4428285073 44.2010681766 33.2899046897 69.9769316501 21.0972815237 87.3846011163 31.4678062564 20.0767591687 3.29012171143 5.83537617302 296.050998444 302.46661307 361.214471158 50.6387868584 15.8671536767 84.1981033945 99.0153716155 166.362422806 15.7855398071 7.71224925093
-9999.0 -9999.0 -9999.0 -9999.0 -9999.0 -9999.0 -9999.0 -9999.0 -9999.0 -9999.0 -9999.0 8.456068007 181.124190705 14.2739568073 28.1958712446 128.627716276 14.2826559423 14.1665462363 13.4840146006 27.2020573289 14.2558840497 54.0359587486 78.2043080811 89.2405091251 31.1476135755 38.9084127444 8.48002959062 11.1166953895 10.5509271506 3646.01802388 3673.16089281 394.278678958 385.357735615 377.750497445 17.3174820725 8.12028163696 53.9569202456 143.630522989 79.9282828383 30.9473019978 127.837655818 41.8320251479 32.8620057733 6.83566935794 2.9221444803 3.08485839676 3.15077706573 378.677379302 450.103911483 8.02004370901 6.13086553806 8.48774424317 174.59262462 197.588944017 13.8026281806
-9999.0 -9999.0 -9999.0 -9999.0 -9999.0 -9999.0 -9999.0 -9999.0 -9999.0 -9999.0 -9999.0 8.02176494671 200.394621502 247.13610523 14.2385635595 157.745705807 13.4189566173 12.7688002112 26.7962409215 67.5377077472 13.2842587185 13.8072265234 12.1503156366 112.862808177 123.24339363 175.149607493 193.442971662 202.576686823 210.372418709 221.009317914 3903.09534871 4311.4667994 4710.34993207 4715.77509283 7.68295488385 8.77169380933 163.22157342 153.477332206 9.81182619289 9.56091682529 136.870756844 188.176268173 7.9934166317 80.0229913972 73.6374293105 15.5356479915 7.17165915762 12.0362708577 6.8066618302 461.580694185 5.70111509331 19.6693665556 23.8235439146 235.190664018 252.431720633
-9999.0 -9999.0 -9999.0 -9999.0 -9999.0 -9999.0 -9999.0 -9999.0 -9999.0 -9999.0 -9999.0 16.7331422957 32.2177576463 262.364312354 290.809121224 14.6683618451 183.76110774 11.1517110177 35.4519795092 79.8555122374 25.752994626 12.421600933 26.4585248047 10.7623603272 20.7053209075 10.3280999096 9.3682918888 7.56171044277 6.43758491755 5.43801354096 4.64812280947 6.33141211491 8.68015046431 9.00129656564 4739.00341998 185.933117428 173.038369202 4.72187385533 27.5120198836 7.73878622374 6.54526241454 196.788299922 303.285673043 89.5183976618 66.9376606998 8.82204354459 3.56579248316 3.24358541596 8.57754554538 476.234016931 486.7799571 5.4517769922 5.48724012758 4.43994712287 3.54104684794
-9999.0 -9999.0 -9999.0 -9999.0 -9999.0 -9999.0 -9999.0 -9999.0 -9999.0 -9999.0 -9999.0 -9999.0 14.8042490687 196.318994892 501.602596536 544.095889913 741.849284724 754.496799085 177.490027096 130.830216522 38.3487888308 12.2810932556 50.7632339669 63.2959993084 94.5128199166 21.0559752019 19.3924450188 17.7416887129 33.9940892046 15.1031150088 13.8333443276 7.59515961387 4.03275756403 4.32690246616 4746.37401651 4939.08185869 4944.63462658 4.52436716953 69.9821286879 32.813467673 9.49284470665 332.02922833 20.24366247 10.4188710458 42.9540248848 8.72006411792 6.57264314376 12.0320763146 16.9180015074 22.4852850845 496.090327446 4.14981486917 3.64143012882 3.53922096261 2.51001804809
-9999.0 -9999.0 -9999.0 -9999.0 -9999.0 -9999.0 -9999.0 -9999.0 -9999.0 -9999.0 -9999.0 16.0101937656 149.417878133 181.222994872 29.2234187088 8.98918154645 20.2666419385 788.28239551 800.55799429 989.908185456 11.1919569042 23.3814589275 10.3358089526 10.4569733413 104.59353153 135.707188277 164.263558561 9.15079327907 43.0361938162 67.0419678021 38.3201559396 16.1247231445 10.9863089494 8.91404116646 8.17012681267 3.89258243293 4948.9781765 4952.41352382 5028.87509452 14.4860042841 8.16928618325 338.814448354 21.8807812196 11.1203371246 11.833200656 11.7351047381 10.7152317638 17.4822977081 50.0293735145 78.1916817507 578.648277294 3.08974745003 9.39093352741 6.28830619754 5.01348479578
-9999.0 -9999.0 -9999.0 -9999.0 -9999.0 -9999.0 -9999.0 -9999.0 -9999.0 -9999.0 -9999.0 16.3009810258 102.927157935 16.2086957543 14.5035072129 74.8661406887 87.8813402922 100.822006599 113.059627695 1338.52491826 1348.79126654 1369.99494145 1528.85358688 1558.16699823 1573.69177752 1584.00518218 1765.70186382 1787.4068154 1796.53475964 1873.33159405 1921.33680161 1929.97427537 1955.83204735 16.9255495143 13.6267427731 2.60077476144 2.41130681707 4956.40710161 5051.5895476 19.4451329094 393.121688605 385.659760852 39.9113948308 9.69331879523 9.88212068535 9.40120712855 9.58802821962 19.2135255182 26.8806849894 7.13172446147 582.847536283 587.09625515 606.487959611 609.946108998 618.171121162
-9999.0 -9999.0 -9999.0 -9999.0 -9999.0 -9999.0 -9999.0 -9999.0 -9999.0 -9999.0 -9999.0 52.8305694231 69.8862258357 32.765312585 48.0974170969 15.1259704218 173.21648914 186.404816762 212.850105932 223.315848658 87.7669977179 1474.800891 1484.84345102 8.05328974002 5.17454113944 4.23302346141 9.94711300776 4.85796991638 3.6598746736 3.58872421131 4.36808337643 1936.82543581 1963.22102238 1988.33974261 2008.97716985 2018.57691535 3.89449508422 1.28944741937 5459.03042686 404.328817152 400.852955882 9.09169063638 8.78248112077 6.8802760789 16.4100170488 16.1437105257 7.49748510728 8.1082544911 7.47723243823 14.5386513756 19.2540575578 3.05469426565 5.58165513266 2.43150931097 1.47114374726
-9999.0 -9999.0 -9999.0 -9999.0 -9999.0 -9999.0 -9999.0 -9999.0 -9999.0 -9999.0 -9999.0 -9999.0 35.6108095168 16.8118072388 15.618705533 146.445166357 160.143253046 13.8421943394 54.2149858404 66.7481496976 77.5775290881 11.7504746167 8.04692418117 216.123174779 222.383074017 228.225653818 582.393741063 586.50167337 593.158577247 627.659854436 646.788106332 649.843759743 3.35245471502 3.50399606629 4.01032071948 2023.42094833 2.0549681311 5522.21137131 5518.95532194 57.1632302573 52.8178502053 34.0310616312 8.38108518124 14.7501289744 23.8785542723 23.6361787609 14.2276995618 7.81156659703 15.1065240277 15.0859558788 25.8585013605 4.76419296597 9.54999679624 15.6970444841 18.5133075274
-9999.0 -9999.0 -9999.0 -9999.0 -9999.0 -9999.0 -9999.0 -9999.0 -9999.0 -9999.0 -9999.0 -9999.0 18.2602117713 50.8951583973 66.7380499552 115.951351571 13.8944311937 27.9987496708 41.2972322783 164.443572598 175.093268737 181.981116195 191.269518383 200.979695988 310.122884728 336.790247116 349.535770482 4.56556099183 27.9300025378 31.753938862 636.473596034 653.148352167 660.71655433 668.581504936 675.240984376 2701.10745721 2.05294792019 5532.19600376 5.26483732715 2.35235893611 45.0034004646 40.2576154445 5.52061460194 21.5031417177 31.5627740531 30.9949836065 20.5279513789 34.2367152119 54.7667467532 21.2687970302 52.8198558526 4.45001733164 6.75249923623 0.851867223624 0.633394513243
