data/baseflow/mHMbf_acc262.asc
ncols                  80
nrows                 72
xllcorner      4374000.0
yllcorner      5656000.0
cellsize            500
NODATA_value       -9999
[rows 24 to 47 of 72, columns 0 to 54 of 80]
-9999.0 -9999.0 -9999.0 -9999.0 -9999.0 -9999.0 -9999.0 -9999.0 -9999.0 -9999.0 -9999.0 -9999.0 3.22721224897 8.10678403587 10.4270879364 17.6423397209 1.90520928543 3.88089187373 5.67677128909 22.9804727243 23.8929137835 24.201379321 25.0858143921 26.4505527399 52.4553550546 56.2740921821 57.5893238177 0.139228411814 3.10896960806 3.21707009449 90.3078421314 90.7338886791 91.0436536182 91.409255623 91.6398198893 383.456527579 1.43827437955 955.028448757 0.188946237358 0.0469715826197 5.41884905882 5.16120730266 0.445043999687 2.92294840348 4.39693757167 4.3037467391 2.92838757873 4.78757665141 7.59568893312 2.97243452131 7.42705776997 0.399479522906 0.768610348008 0.023018621858 0.0180435836877
-9999.0 -9999.0 -9999.0 -9999.0 -9999.0 -9999.0 -9999.0 -9999.0 -9999.0 -9999.0 -9999.0 -9999.0 2.65901607543 5.33655070424 2.46578446956 4.94316145298 1.96423112537 15.8181541082 19.3781103241 21.3183375463 1.62990464777 2.82836026709 42.8894274431 50.1547833894 51.3389219945 2.60469792599 2.43840690925 2.95590743493 0.0790660302681 0.0639442645591 0.11902271585 0.111718835671 128.126379746 128.373851128 128.508427181 385.444538158 959.296069259 955.077137199 0.0625108639171 0.0400552032691 0.0375900277202 0.5634173535 0.531588312445 3.11782554277 4.90999523807 10.1783212067 0.966815787031 0.96014178654 8.13525856958 8.6662497008 17.2556816703 17.4478169911 18.2406509106 18.2824724178 0.0381445719379
-9999.0 -9999.0 -9999.0 -9999.0 -9999.0 -9999.0 -9999.0 -9999.0 -9999.0 -9999.0 -9999.0 -9999.0 -9999.0 2.49223489993 4.98689676864 7.54356765186 11.6991201927 2.19877526341 1.86336982668 25.1941946224 26.7910958457 40.6771214903 42.3996022248 4.77805702343 1.43366170469 1.2548923986 1.15869108783 127.334931426 127.59481583 127.698899544 127.765891508 127.956196705 4.42754566173 4.80855801073 133.591686819 1479.52222019 2.01253595494 0.910675265609 0.181072689705 0.0682048949972 0.034952277967 0.634271229236 0.655677997839 3.1861882014 0.0382222732539 10.259833316 1.22414962154 1.18953526432 0.046717051794 0.0210930748091 0.0175914698159 0.0852340231504 0.0201310060377 18.3062670459 255.610689503
-9999.0 -9999.0 -9999.0 -9999.0 -9999.0 -9999.0 -9999.0 -9999.0 -9999.0 -9999.0 -9999.0 -9999.0 -9999.0 -9999.0 2.1758778704 7.62146657596 13.5028428526 19.5508667851 21.4635695139 23.4660682186 5.61992729905 9.31427752471 1.70537975902 1.57197706742 120.779338828 123.767837763 125.106727263 126.506191795 0.7407028788 1.07679562061 3.54600639659 3.71854826155 3.98691593971 0.470038040292 0.811309740811 1483.59720986 1.27248468137 0.623181430821 0.303702553462 0.772047035215 0.368844183287 0.201547529819 3.95268407737 4.39227032874 0.0973845632877 10.4327654811 11.6756100299 1.20791767587 259.872248675 259.806172002 259.762283614 259.58754466 259.404671518 256.678684655 256.340748407
-9999.0 -9999.0 -9999.0 -9999.0 -9999.0 -9999.0 -9999.0 -9999.0 -9999.0 -9999.0 -9999.0 -9999.0 -9999.0 -9999.0 3.01611848824 6.09410208547 6.37062116321 90.3676245673 92.3247057941 2.01381130442 1.90044475193 1.85671465095 114.454759885 117.834235572 1.59094714179 1.6781281756 1.2650996446 5.44409004837 6.81049564416 2.432757279 2.95834987948 32.5446333518 33.1299158804 35.1566136043 55.0002058053 1540.13068781 1.51756935792 0.250737207612 1.42523150752 1.10440345046 0.246924099954 0.706217286107 0.944345771225 4.65463906875 4.90351301165 16.9077904712 11.7701446272 1.29294101546 263.840519619 1.80733535603 259.715932545 259.657717085 2.49233349081 0.527091081659 0.0853534104279
-9999.0 -9999.0 -9999.0 -9999.0 -9999.0 -9999.0 -9999.0 -9999.0 -9999.0 -9999.0 -9999.0 -9999.0 -9999.0 -9999.0 14.8187092937 24.8146767664 46.8813785847 86.4749844665 99.9033756481 107.215915548 109.162544888 111.106140291 112.933613878 1.61448626861 1.41998671238 2.7692045998 2.66772899676 1.46917890732 28.5264526332 29.8511444957 31.0768720329 32.16680745 15.958945758 16.1359841979 18.2835658555 1541.41644045 3.1850955776 0.784627249402 2.47348309781 0.32250878542 0.98470990348 0.670662498623 0.218557515219 1.37354401647 0.184085215701 0.186694678821 281.857200179 264.806500262 264.613298909 0.7768050841 1.76018731919 0.904591886342 0.0816026300693 1.19547746583 0.160345169994
-9999.0 -9999.0 -9999.0 -9999.0 -9999.0 -9999.0 -9999.0 -9999.0 -9999.0 -9999.0 -9999.0 -9999.0 -9999.0 -9999.0 10.2640334931 10.7395876401 21.6041763803 30.9114030432 3.43785024119 2.43685778734 4.40232001759 6.30362688776 9.86992654709 11.6199919061 13.1448334421 17.5006788062 18.8775593378 20.4609560603 1.39727655057 14.0144548978 14.8852509338 15.311441256 0.225282367455 0.0743286559799 0.167280016584 1560.4073895 1561.64905978 1566.80800648 3.59080282651 0.739721876475 1.29458890849 0.20651105242 0.41062220782 1.62381044068 1.97589435814 0.342244745389 282.935536119 0.495467191051 0.466975897326 0.454647400085 0.584196213763 0.684230072091 0.297496276759 1.01747143603 0.550439971332
-9999.0 -9999.0 -9999.0 -9999.0 -9999.0 -9999.0 -9999.0 -9999.0 -9999.0 -9999.0 -9999.0 -9999.0 -9999.0 -9999.0 -9999.0 10.869630681 20.8247115526 8.60357823692 17.1092309038 104.464680721 107.362345341 109.179715143 1.72917629642 1.76491076984 3.28556609991 4.82667985694 7.52867190317 8.94083437937 9.98273673875 11.2812620291 0.945368272343 0.568410874616 16.2651023278 16.3723946814 16.7735861827 17.5333303466 20.1345833109 1590.42266595 1598.62964979 1599.03361028 1600.69258153 1602.17395849 1602.82172742 0.18568784324 2.15473486758 283.112234433 0.369870341502 0.189927581253 0.519110469134 0.58887112556 0.869462033087 0.357396736428 0.212787600359 0.337239581129 0.1883693496
-9999.0 -9999.0 -9999.0 -9999.0 -9999.0 -9999.0 -9999.0 -9999.0 -9999.0 -9999.0 -9999.0 -9999.0 -9999.0 -9999.0 -9999.0 -9999.0 30.8605146751 39.319032046 65.555650815 80.3392192832 6.04057273118 117.512258851 119.237330848 120.855643092 1.62832603003 3.1751846234 1.37674092537 10.6485233344 11.5642505793 12.8207736765 13.8586318149 15.8860534412 16.1271950513 0.168976997938 16.1931914178 18.0117170878 19.3335268059 22.4330100258 3.64347508037 1.99653328317 0.818922200792 0.779818209526 1603.63872465 1603.98210409 1608.12822111 283.32003638 1.40513502703 0.861090479486 0.672406576406 0.120015495456 1.62482069559 0.598895464218 0.186771640147 0.967857695549 0.812859012804
-9999.0 -9999.0 -9999.0 -9999.0 -9999.0 -9999.0 -9999.0 -9999.0 -9999.0 -9999.0 -9999.0 -9999.0 -9999.0 -9999.0 -9999.0 -9999.0 9.45003265033 48.5733817477 57.4524963748 5.81062228417 1.98798697476 4.11757221539 6.05743759266 128.659344106 1.63527815776 6.53677224112 7.99846493739 9.40326613697 0.919388801772 2.08496657518 2.40887039536 11.8900919662 13.3187203137 14.2729643777 0.873171808965 0.635805159015 0.516077880843 0.944477092373 0.328962057141 0.352882809368 0.504744367263 0.476650668974 0.508949946235 1.74753108422 1608.50075956 1892.74158854 1.74124198805 0.488723283828 0.166581623967 4.23181756072 3.96511415628 2.09674458122 1.82299715834 1.2461968578 0.333180753657
-9999.0 -9999.0 -9999.0 -9999.0 -9999.0 -9999.0 -9999.0 -9999.0 -9999.0 -9999.0 -9999.0 -9999.0 -9999.0 -9999.0 -9999.0 9.56293636178 27.4290393444 8.63128723495 3.7511595005 2.3463540758 4.41101658121 6.38752343801 9.23346619623 143.962612205 145.551924088 1.64553538966 3.13622781719 4.65517885937 5.76365451312 6.51396500806 9.12643260856 11.1047943021 0.216564825534 0.370854119202 0.471201023141 0.50324152851 0.53804802714 0.586184443054 0.522216891442 0.679231888139 2.560307735 1.27525729666 0.794496849061 0.806899883068 0.341343526625 0.598775007195 1917.54418485 22.6335722771 6.93235049786 2.11397762093 1.15508950587 0.430450079486 0.945448498107 0.442859457952 0.165435951469
-9999.0 -9999.0 -9999.0 -9999.0 -9999.0 -9999.0 -9999.0 -9999.0 -9999.0 -9999.0 -9999.0 -9999.0 -9999.0 -9999.0 10.1736628959 19.4284115256 65.0212515434 8.42161576305 9.68416471806 11.9210027236 13.9584371828 2.15937866306 3.97107087438 8.36707173631 159.355435616 1.53283154102 2.91083126383 4.31921245633 1.32821214013 2.50787973583 2.68619012167 3.90243152206 214.182963022 214.992553765 215.905947748 219.742718286 221.347428216 224.412400114 0.756314602418 1.79398199269 2.94424379993 233.979289668 235.085126014 0.708700247933 0.90423034636 1.10200222135 1918.42057855 21.855095332 11.8023903468 10.264557651 8.77453650531 7.52865552993 1.21769519783 0.391418421004 0.452724224564
-9999.0 -9999.0 -9999.0 -9999.0 -9999.0 -9999.0 -9999.0 -9999.0 -9999.0 -9999.0 -9999.0 -9999.0 -9999.0 -9999.0 10.4345997487 31.4248144794 106.764680623 160.532951733 7.81878493706 206.387017061 227.284828653 2.01836199519 3.83907281468 7.3521726375 183.316929476 186.984502277 1.17619026505 6.68019633377 7.78055291621 8.49020026521 208.717567419 209.277585383 210.107216724 0.495677578661 2.79662877361 3.32213924727 1.40265034276 1.98048945063 227.25355727 229.917924034 230.36969336 230.793077864 235.567692856 0.233891869044 0.203041504225 1.52228403802 1919.22193846 1.46999784722 0.0766430960707 0.229381160733 0.0978247678765 6.0192443906 5.90917833426 3.75024153779 2.27135243109
-9999.0 -9999.0 -9999.0 -9999.0 -9999.0 -9999.0 -9999.0 -9999.0 -9999.0 -9999.0 -9999.0 -9999.0 -9999.0 -9999.0 -9999.0 -9999.0 22.08403521 44.4070443523 189.552853974 199.267483737 236.05319827 243.325467161 1.98826594242 3.97732828572 10.2998564199 192.675450203 195.597140416 196.577369623 0.790960396165 199.461924783 199.976938756 0.380045163107 0.503893940891 0.961727864038 1.88549228062 0.45812175363 0.906358355865 1.98760423955 2.46375220334 0.479597228533 0.31357370885 0.613112031629 237.964396932 238.735751932 238.911755747 241.002626533 1919.84256072 1.3426246049 0.0440256356277 0.0565408758029 0.0558649921621 0.0582744359982 0.0513697342039 0.0931202714095 0.646904565385
-9999.0 -9999.0 -9999.0 -9999.0 -9999.0 -9999.0 -9999.0 -9999.0 -9999.0 -9999.0 -9999.0 -9999.0 -9999.0 -9999.0 -9999.0 -9999.0 11.5926089936 11.3140056831 10.5940100314 19.0016153605 8.18508317854 259.828079087 266.583573874 2.38481796047 4.17534653862 1.63368341937 1.29987915711 1.24519091123 198.170316115 0.112701719555 0.243493665318 0.282465806921 0.524215528978 0.467840653233 0.364480924242 0.380986165909 1.17276975735 1.61461393114 0.312798289935 0.277197988425 0.600329910894 1.00929689413 1.35859873263 0.394553206314 239.217053399 241.209293449 1920.4104268 3.01898289409 0.0931839412808 0.0286327186332 0.0787160682565 0.0236200388675 0.0196255951899 0.115061726298 2.74128721603
-9999.0 -9999.0 -9999.0 -9999.0 -9999.0 -9999.0 -9999.0 -9999.0 -9999.0 -9999.0 -9999.0 -9999.0 -9999.0 -9999.0 -9999.0 -9999.0 -9999.0 -9999.0 11.2168530265 29.0019948814 37.3956572548 45.5656407708 274.569365776 282.306042391 289.035340296 293.508718434 294.707827593 297.186214059 297.307476546 297.402310692 297.544087665 0.442891332981 0.417356643803 0.446640484542 1.59633202831 0.429930819635 0.409573418994 0.315414680427 0.922638654784 0.374723499874 0.283098963774 0.260938243311 0.224734718939 0.44841788183 0.639648610957 242.510780752 2166.37417177 1.53406775209 2.2777816656 0.0194936207075 0.105203473104 0.0545063681329 0.0394397095916 5.10413298534 4.66304245844
-9999.0 -9999.0 -9999.0 -9999.0 -9999.0 -9999.0 -9999.0 -9999.0 -9999.0 -9999.0 -9999.0 -9999.0 -9999.0 -9999.0 -9999.0 -9999.0 -9999.0 -9999.0 -9999.0 9.34738667917 74.7113882975 140.27637875 148.19584332 5.66746671518 8.12243979853 9.93722792965 11.3109569721 20.7832350826 21.1807518507 0.410976679702 0.394478363798 298.489353887 299.323922869 299.715257314 1.90405178568 0.283160846445 0.72310478486 1.05513294159 3.1246153678 3.83669485394 4.38472522209 0.498808305751 0.689987300763 0.231906295081 0.456804315476 0.234152762924 2166.80146826 1.14837517143 4.66681425341 0.715631852397 0.917827872126 5.91288753191 6.48332515244 12.2324280337 3.15025032815
-9999.0 -9999.0 -9999.0 -9999.0 -9999.0 -9999.0 -9999.0 -9999.0 -9999.0 -9999.0 -9999.0 -9999.0 -9999.0 -9999.0 -9999.0 -9999.0 -9999.0 -9999.0 10.4897760977 33.473803199 65.5102788365 85.553944782 209.724855226 216.502598989 3.86710026125 5.66316694543 7.14683268407 8.41845999021 21.3500183158 22.0537565508 34.1269317288 35.1190462722 35.5766340368 300.112805268 303.058728018 0.694842848043 0.469906171412 0.445015037197 0.85008806073 0.38621546134 5.12363555643 5.38792652097 0.907909749755 1.21694969193 0.262898360686 1063.46196666 1063.94757113 3231.12149759 3237.2219968 1.41959349717 3.94078087077 1.7726682526 1.09112946376 13.4853362932 16.9117611932
-9999.0 -9999.0 -9999.0 -9999.0 -9999.0 -9999.0 -9999.0 -9999.0 -9999.0 -9999.0 -9999.0 -9999.0 -9999.0 -9999.0 -9999.0 -9999.0 -9999.0 -9999.0 -9999.0 11.992308283 11.6712148815 22.0108682548 52.3680356973 225.466281715 2.01246380321 1.98210883367 3.46896607923 4.99822165536 10.6600397444 10.9469488345 0.294291861404 0.666806216692 36.1609625619 36.6026284866 340.110390893 340.515178446 0.257914787522 0.227461650136 0.190035981351 0.191931439782 0.20171848859 1058.34303964 1059.9826703 1061.53541992 1062.1100985 1063.17730168 0.265062872212 0.959321789083 1.14648006962 3239.20591769 3239.77740819 3240.81450849 3241.1083832 3241.36446771 17.1363120736
-9999.0 -9999.0 -9999.0 -9999.0 -9999.0 -9999.0 -9999.0 -9999.0 -9999.0 -9999.0 -9999.0 -9999.0 -9999.0 -9999.0 -9999.0 -9999.0 -9999.0 -9999.0 -9999.0 -9999.0 10.663437596 11.1789904004 20.8013064637 266.008362799 272.966898008 1.92981609921 3.41861803633 4.99150261103 5.46628441184 0.356838582645 0.937176579427 465.685454853 466.153897423 466.708593613 470.535797301 811.539532865 1047.88384331 1048.51110061 1049.07882986 1049.62099355 1051.94232368 1052.68516397 1.35322851534 0.600509708141 0.36316344762 0.676786838251 0.473245727596 0.760353559269 0.235917089226 5.41646482513 7.81472682621 10.3881651988 10.4704613434 3241.50166732 3258.87840043
-9999.0 -9999.0 -9999.0 -9999.0 -9999.0 -9999.0 -9999.0 -9999.0 -9999.0 -9999.0 -9999.0 -9999.0 -9999.0 -9999.0 -9999.0 -9999.0 -9999.0 -9999.0 -9999.0 -9999.0 -9999.0 10.8769362355 20.925947111 31.0204603651 280.946422675 3.98193688444 365.034709071 366.674891467 367.037766284 367.633211881 463.128084066 463.999618588 0.532380392442 2.788785744 3.36727435265 0.529640856303 235.724689589 234.768265928 0.293158891238 0.713809399474 1.85144672977 0.400051522841 0.418174062956 0.302130067351 0.246551817318 0.186997688911 0.219202359939 4.68606512548 4.91716038422 5.20507898722 2.09497178858 2.15137035526 11.7563864013 11.9712356104 12.0281074192
-9999.0 -9999.0 -9999.0 -9999.0 -9999.0 -9999.0 -9999.0 -9999.0 -9999.0 -9999.0 -9999.0 -9999.0 -9999.0 -9999.0 -9999.0 -9999.0 -9999.0 -9999.0 -9999.0 -9999.0 -9999.0 9.90896429565 9.36364131605 48.4527429923 346.8074456 359.033676282 363.55692636 1.48823471658 94.4412166836 94.7431835706 95.0283743026 0.704875294328 1.28476646441 1.79074445449 57.8410829568 58.2374400427 58.582850177 234.138893105 152.154887989 0.410469933492 0.394402453983 0.366863967708 0.272788580884 2.84927294608 3.41744859693 3.9093948773 4.18371068472 4.44624028286 32.6459337729 32.8301468682 33.1119075041 33.7567523621 36.0684498632 36.1481079008 48.2593008222
-9999.0 -9999.0 -9999.0 -9999.0 -9999.0 -9999.0 -9999.0 -9999.0 -9999.0 -9999.0 -9999.0 -9999.0 -9999.0 -9999.0 -9999.0 -9999.0 -9999.0 -9999.0 -9999.0 -9999.0 -9999.0 -9999.0 19.4816936079 29.7329271399 8.42583071259 2.01243594208 90.2451890098 91.8035961169 92.5522740758 12.804267943 12.9664740175 13.1759035227 13.643748006 56.9355757474 57.4975443474 22.2378723609 81.2531812001 81.6509557304 151.8573964 0.76645660277 0.379043790977 0.258187201256 1.97341102083 2.30994720301 0.193032243168 0.178835470851 31.7320805947 32.2150046102 32.4742208401 0.304427889086 0.453936004283 35.7184781278 0.214386898308 0.608155927341 0.666633332299
-9999.0 -9999.0 -9999.0 -9999.0 -9999.0 -9999.0 -9999.0 -9999.0 -9999.0 -9999.0 -9999.0 -9999.0 -9999.0 -9999.0 -9999.0 -9999.0 -9999.0 -9999.0 -9999.0 -9999.0 -9999.0 -9999.0 9.82053592834 19.3937495581 75.3050379997 83.1012654148 86.5386414795 11.564520774 12.6611774802 0.165171868048 42.4605369096 42.6034075982 42.7606230534 0.321621072687 21.2025942655 21.7894138914 0.420893503716 149.852954572 0.877439646175 0.436834060125 1.07122600339 1.45173341565 0.270409970195 0.215083064653 29.3443692724 31.2787992724 31.583120639 0.284591637688 0.579093793042 0.730735505349 0.879549444196 1.75956509205 0.220362819588 0.50121904254 0.0983316370645
