data/baseflow/mHMbf_acc455.asc
ncols                  80
nrows                 72
xllcorner      4374000.0
yllcorner      5656000.0
cellsize            500
NODATA_value       -9999
[rows 0 to 24 of 72, columns 0 to 54 of 80]
-9999.0 -9999.0 -9999.0 -9999.0 -9999.0 -9999.0 -9999.0 -9999.0 -9999.0 -9999.0 -9999.0 -9999.0 24.5649969813 17.621192023 -9999.0 -9999.0 -9999.0 -9999.0 -9999.0 -9999.0 -9999.0 -9999.0 -9999.0 -9999.0 -9999.0 -9999.0 -9999.0 -9999.0 -9999.0 -9999.0 -9999.0 -9999.0 -9999.0 -9999.0 -9999.0 -9999.0 -9999.0 -9999.0 -9999.0 -9999.0 -9999.0 -9999.0 -9999.0 -9999.0 -9999.0 -9999.0 -9999.0 -9999.0 -9999.0 -9999.0 -9999.0 -9999.0 -9999.0 -9999.0 -9999.0
-9999.0 -9999.0 -9999.0 -9999.0 -9999.0 -9999.0 -9999.0 -9999.0 -9999.0 -9999.0 -9999.0 -9999.0 51.879699276 105.224997811 15.0385794616 -9999.0 11.8998743854 -9999.0 -9999.0 -9999.0 -9999.0 -9999.0 -9999.0 -9999.0 -9999.0 -9999.0 -9999.0 -9999.0 -9999.0 -9999.0 -9999.0 -9999.0 -9999.0 -9999.0 -9999.0 -9999.0 -9999.0 -9999.0 -9999.0 -9999.0 -9999.0 -9999.0 -9999.0 -9999.0 -9999.0 -9999.0 -9999.0 -9999.0 -9999.0 -9999.0 -9999.0 -9999.0 -9999.0 -9999.0 -9999.0
-9999.0 -9999.0 -9999.0 -9999.0 -9999.0 -9999.0 -9999.0 -9999.0 -9999.0 -9999.0 25.5322141185 24.5225429249 25.8327181069 25.5756255096 152.996913725 169.10177658 32.9418266541 10.5242115493 -9999.0 -9999.0 -9999.0 -9999.0 -9999.0 -9999.0 -9999.0 -9999.0 -9999.0 -9999.0 -9999.0 -9999.0 -9999.0 -9999.0 -9999.0 -9999.0 -9999.0 -9999.0 -9999.0 -9999.0 -9999.0 -9999.0 -9999.0 -9999.0 -9999.0 -9999.0 -9999.0 -9999.0 -9999.0 -9999.0 -9999.0 -9999.0 -9999.0 -9999.0 -9999.0 -9999.0 -9999.0
-9999.0 -9999.0 -9999.0 -9999.0 -9999.0 -9999.0 -9999.0 -9999.0 -9999.0 24.423149301 49.99291467 99.4192857858 49.6955418738 24.1200073648 47.4078091156 191.491575835 249.943436245 12.09091264 -9999.0 24.6437441931 -9999.0 -9999.0 -9999.0 -9999.0 22.6772082672 11.6355341515 -9999.0 -9999.0 -9999.0 -9999.0 -9999.0 -9999.0 -9999.0 -9999.0 -9999.0 -9999.0 -9999.0 -9999.0 -9999.0 -9999.0 -9999.0 -9999.0 -9999.0 -9999.0 -9999.0 -9999.0 -9999.0 -9999.0 -9999.0 -9999.0 -9999.0 -9999.0 -9999.0 -9999.0 -9999.0
-9999.0 -9999.0 -9999.0 -9999.0 -9999.0 -9999.0 -9999.0 -9999.0 28.2233119367 78.7621082348 102.373661258 126.116318577 172.410977136 22.486125691 91.7645996281 113.471335002 395.440836084 17.6462898491 19.5928946446 46.1545390751 67.0543630027 21.826734898 -9999.0 59.8150408106 49.214734675 13.7741561865 -9999.0 -9999.0 -9999.0 -9999.0 -9999.0 -9999.0 -9999.0 -9999.0 -9999.0 -9999.0 -9999.0 -9999.0 -9999.0 -9999.0 -9999.0 -9999.0 -9999.0 -9999.0 -9999.0 -9999.0 -9999.0 -9999.0 -9999.0 -9999.0 -9999.0 -9999.0 -9999.0 -9999.0 -9999.0
-9999.0 -9999.0 -9999.0 -9999.0 -9999.0 -9999.0 27.4043547937 24.7722495472 24.2471014279 24.7638464669 25.2701754971 177.114652888 373.895285366 397.771522119 419.467963426 22.1965038238 436.91082046 457.049554208 42.2703481027 21.3491536338 87.5722131604 151.868937816 19.3844337823 117.305191327 21.2214141107 19.7170492326 21.6330951796 -9999.0 -9999.0 -9999.0 -9999.0 -9999.0 -9999.0 -9999.0 -9999.0 -9999.0 -9999.0 -9999.0 -9999.0 -9999.0 -9999.0 -9999.0 -9999.0 -9999.0 -9999.0 -9999.0 -9999.0 -9999.0 -9999.0 -9999.0 -9999.0 -9999.0 -9999.0 -9999.0 -9999.0
-9999.0 -9999.0 -9999.0 -9999.0 -9999.0 -9999.0 54.8971176141 80.6959615571 182.037175984 253.768386727 22.0762028192 23.1266525798 22.2691756528 66.0287214721 505.573590984 19.497207626 476.537620513 562.002038671 66.1865597861 40.5135262253 171.32044744 21.0801399023 137.841259339 40.0517143973 19.8296676836 38.7420504766 43.1985993232 22.342644994 22.8825474356 22.2052966335 23.7125878502 47.3987287784 -9999.0 -9999.0 -9999.0 -9999.0 -9999.0 -9999.0 -9999.0 -9999.0 -9999.0 -9999.0 -9999.0 -9999.0 -9999.0 -9999.0 -9999.0 -9999.0 -9999.0 -9999.0 -9999.0 -9999.0 -9999.0 -9999.0 -9999.0
-9999.0 -9999.0 -9999.0 -9999.0 -9999.0 29.7140791122 57.5955034207 27.655053054 53.5234344073 280.255099158 327.666174505 374.767050023 1210.3444246 22.637953343 526.859112341 1912.82909645 1929.82808707 2522.8446344 19.9453540456 59.954618077 190.862748656 19.3492301408 361.838898731 204.016397333 123.073509239 102.740367289 21.2177552499 66.1631932767 66.5741429259 44.2858294029 21.333382016 69.4032077964 20.9123934129 20.5190812747 -9999.0 -9999.0 -9999.0 -9999.0 -9999.0 -9999.0 -9999.0 -9999.0 -9999.0 -9999.0 -9999.0 -9999.0 -9999.0 -9999.0 -9999.0 -9999.0 -9999.0 -9999.0 -9999.0 -9999.0 -9999.0
-9999.0 -9999.0 -9999.0 -9999.0 -9999.0 29.6655611742 86.4741196244 172.312176614 198.691475306 393.114904926 418.008369016 496.150616739 814.157279998 1279.86370963 1325.4923904 1346.71093339 38.9481958296 2595.70694571 2635.73417149 2737.25860284 3368.76585178 421.642276273 382.771075038 143.678667729 20.143028072 125.477492387 85.5317569645 18.464879081 86.5426646099 19.9402563289 43.5047998277 112.162967557 132.635143028 40.6220282505 19.7633981281 19.5397503415 -9999.0 -9999.0 -9999.0 -9999.0 11.385753026 9.81977050543 -9999.0 -9999.0 -9999.0 -9999.0 -9999.0 -9999.0 -9999.0 -9999.0 -9999.0 -9999.0 -9999.0 -9999.0 -9999.0
-9999.0 -9999.0 -9999.0 -9999.0 -9999.0 28.7182248093 27.5064510389 114.126084218 141.041581648 168.863257455 26.579018182 52.5779750034 299.09428324 55.3393501926 25.1724065006 22.6594139171 20.5320473237 25.4355657185 24.7918600736 22.4836370384 3388.97064265 3447.50077768 19.1904132733 58.9511360391 40.0922351352 144.612202894 37.525871555 17.9013112384 106.668432488 39.8741187769 98.11648652 230.277910411 213.080462371 60.2014542004 58.0703018796 20.2158222339 19.977066648 -9999.0 -9999.0 19.9356893853 26.2580216105 56.6530948246 10.3608085233 -9999.0 -9999.0 -9999.0 -9999.0 -9999.0 -9999.0 -9999.0 -9999.0 -9999.0 -9999.0 -9999.0 -9999.0
-9999.0 -9999.0 -9999.0 -9999.0 -9999.0 -9999.0 29.6684105297 29.8123966687 56.8204125839 84.3235740509 192.866767018 246.310281352 274.897184097 30.0273029712 22.3917277089 300.105039889 367.43051794 388.402612394 476.876429371 497.127611487 20.2040822811 3467.83303245 3566.9422052 79.3139414541 20.2433924684 163.343519016 359.688679266 141.955572282 36.3893437079 18.5256652306 365.127907591 249.393891086 18.0472780928 17.9377184339 76.3660107114 59.4592775971 18.8956739156 17.4422857032 19.7260640174 39.2482237402 19.0049080544 68.9212765751 86.7988781099 16.0407130051 -9999.0 -9999.0 -9999.0 -9999.0 18.1256131099 16.9635254078 5.66845607423 -9999.0 -9999.0 -9999.0 -9999.0
-9999.0 -9999.0 -9999.0 -9999.0 -9999.0 -9999.0 -9999.0 28.8667652702 26.6197482738 55.0120064701 82.9627043824 26.891675227 26.9870403456 158.448212912 206.888377057 256.411101236 23.429391284 45.7560997972 22.9027356269 518.215549811 1124.75093773 1136.68293083 4738.2972109 19.5189883421 58.2499934675 18.7207857508 377.056196915 17.9945876704 55.1538302693 18.0845162224 383.055102755 401.002923514 36.2783100812 35.8907618817 193.73729188 97.8612336438 36.4765964792 18.8714525532 39.2967981124 58.5749671089 95.3791939683 17.3750152422 116.761360874 129.405190204 10.9259597302 12.0984908852 12.6164981836 10.8853059004 10.0420355201 47.8538479729 19.4654204704 11.779619294 -9999.0 -9999.0 -9999.0
-9999.0 -9999.0 -9999.0 -9999.0 -9999.0 -9999.0 -9999.0 -9999.0 56.4910933828 81.7394691736 26.5603608198 54.1959025267 79.8694491932 133.706128928 26.0925557306 25.1567423405 22.0346858435 22.239842483 20.3770939532 563.726260546 23.3049573854 45.3753105488 4796.21754023 4831.2082004 14.3849287987 87.5778112853 480.489267231 35.8574643692 71.6165004729 32.9378204276 48.9960711006 469.915033001 52.8427088451 281.118166136 229.310921338 18.3968979557 92.7148388906 37.7727235189 57.6433326286 18.1455282198 112.40365981 143.917511197 154.789512069 164.850443977 170.673566766 20.9730916004 22.16115865 19.4353186935 17.7007719057 58.1642314193 11.5846138907 43.2184418665 53.682678161 -9999.0 -9999.0
-9999.0 -9999.0 -9999.0 -9999.0 -9999.0 -9999.0 -9999.0 -9999.0 28.4113783523 137.925833539 163.758437736 25.8309521684 50.8523822052 24.9669388691 23.3405422801 22.9761048609 287.830788206 383.224751459 467.989434449 550.919255621 20.128120215 22.5842872908 22.1395535099 4919.34745687 4953.01972062 4965.57953856 638.848053051 142.025527151 124.107396338 14.7319988203 63.4501873501 548.976701299 14.8615921682 296.720009818 17.7951343736 122.555182062 112.063245475 18.6047256892 75.9631265286 36.3236532001 54.1798635667 14.3404891191 9.94211876415 174.727408506 183.488975899 179.407014555 31.6027855165 28.2386715372 26.1497028425 70.8219038522 94.4174053351 11.7834368856 65.2266080804 13.4805355284 25.0825607208
-9999.0 -9999.0 -9999.0 -9999.0 -9999.0 -9999.0 -9999.0 -9999.0 -9999.0 29.2681609888 191.130333292 216.513534826 76.0202948611 125.897260284 172.938616288 196.7913011 24.7720664437 73.375375756 49.2661876963 25.578681376 24.6873328776 22.3048829609 44.0588097789 74.1430585687 21.6318228139 5640.19656767 5654.28608615 12.7413710583 11.0875594015 31.0483560082 46.5463894794 594.337871105 29.9575890062 310.058106256 188.82188976 155.87561058 17.8637941523 35.9922992732 92.8561414805 16.9012159621 70.6258250559 30.1213683156 18.6339152464 10.549771069 213.812256079 400.359857554 37.9225751416 34.8041450152 35.5363775993 9.91879798551 104.118257703 9.37669761964 86.8370692238 11.7632195499 36.8268595634
-9999.0 -9999.0 -9999.0 -9999.0 -9999.0 -9999.0 -9999.0 -9999.0 -9999.0 -9999.0 25.4968016558 267.691286142 24.9489542668 49.5979298015 72.4500512668 117.646085921 23.1176946683 48.1175804004 23.8526558942 22.0863271845 21.0403212722 41.5573962003 18.8091121115 19.7026517187 36.3498137827 20.1231970693 5669.09203637 5694.38214859 5733.13560684 59.0892508879 16.1530585308 32.23480286 611.10475532 576.568225542 223.194553967 17.0214750667 71.0033903805 53.3771085635 109.790867909 33.7315701861 133.702361844 46.1991686526 31.4030560282 10.7897930624 11.5958051725 411.343430293 420.207428764 500.314165848 67.3404882067 20.9553235049 114.797906058 134.607041268 230.422524381 22.5589771739 10.6085521643
-9999.0 -9999.0 -9999.0 -9999.0 -9999.0 -9999.0 -9999.0 -9999.0 -9999.0 -9999.0 -9999.0 15.6475159777 302.439982275 26.1750394153 48.7281362679 211.2083338 22.9331841762 22.6443898971 20.2689724905 43.4796536908 21.9908677409 85.0810116628 123.014895011 140.30881253 51.2529203054 61.9546282325 12.7466226494 18.0160757021 15.3275397719 5820.47479482 5867.65266688 624.773214626 604.788790755 590.910786585 28.6652551876 13.617288753 86.9627004964 228.92586966 126.034159248 49.7431297227 198.873671798 83.9181544927 69.3967128046 22.9461850984 9.41570224 7.96863028852 7.59301770248 542.655235433 641.047699164 10.7611671835 8.87981222161 10.699995632 241.163543203 274.02217881 19.6049064577
-9999.0 -9999.0 -9999.0 -9999.0 -9999.0 -9999.0 -9999.0 -9999.0 -9999.0 -9999.0 -9999.0 14.3509772016 336.859555263 411.828696241 22.7841680363 256.334381149 21.1193945252 20.1594411673 41.5121274792 106.66592153 21.2982526519 22.372118024 18.9879537375 177.442351387 195.162861794 276.203046467 304.67045106 320.57138423 332.949308737 345.968044584 6226.070995 6877.10424627 7504.39300071 7511.49397529 10.2341257418 13.8012074782 260.998273642 245.057015485 15.9793270364 16.0135363888 217.059632226 316.792627204 13.6316557204 181.344714443 167.035186967 50.1045246605 20.0159514014 33.4779809841 11.5130481137 658.075591801 8.48602947803 27.7824087331 33.99094153 336.451227406 367.611014818
-9999.0 -9999.0 -9999.0 -9999.0 -9999.0 -9999.0 -9999.0 -9999.0 -9999.0 -9999.0 -9999.0 27.3070595728 52.3329987659 436.188079437 479.722128782 21.7812305145 292.507104825 18.2737097741 57.0849136062 126.218926799 41.3400902766 19.9502851368 40.411087743 16.4325443016 32.432269284 16.8352191715 16.4489059598 16.438188272 16.2666383454 14.2824113983 12.3462889528 14.9751036394 16.56609189 15.70515073 7544.43659369 297.345636653 274.912071462 6.64509714564 45.0370058355 11.1726547624 11.8738527886 331.206615883 557.822995714 197.741744235 144.86511741 31.14443134 11.8017015032 10.605033208 19.6729004007 686.609595484 701.674592818 7.94778732549 8.02541621952 9.12981009987 11.6590226655
-9999.0 -9999.0 -9999.0 -9999.0 -9999.0 -9999.0 -9999.0 -9999.0 -9999.0 -9999.0 -9999.0 -9999.0 23.3577877929 324.642484419 827.547154789 898.912124686 1210.7832849 1225.55965543 278.830118916 208.051561464 61.6236417109 19.674993506 79.2626244511 97.8104457467 147.426692192 34.4423917537 32.9593222574 33.2572184941 65.8582312395 30.3157308579 28.0487330346 16.2275149443 15.0471066223 11.5089345608 7553.974954 7860.04286521 7870.71879465 6.19808950529 112.344426202 53.8772806484 15.8470541571 607.293377754 35.371673074 18.2726346303 77.6724663179 18.2906177838 12.0819426208 21.851127241 29.3943916955 37.7509006811 714.125076929 5.70070533614 4.75123583934 4.74484458513 4.17653764505
-9999.0 -9999.0 -9999.0 -9999.0 -9999.0 -9999.0 -9999.0 -9999.0 -9999.0 -9999.0 -9999.0 25.7364156838 248.191921996 300.507560135 48.4153585075 16.5260449739 37.9365316066 1284.12189277 1299.89306542 1593.30083188 18.1790617699 37.6773776609 16.9100986799 17.1438415631 164.314311719 215.594269857 264.253402656 15.3345439502 81.1791376925 126.515108172 72.6258257388 30.5904773963 28.4236380822 25.7464664849 23.2652879757 8.37209215407 7876.01556761 7879.59226077 8000.02111242 24.388136889 13.4475498238 615.537001263 36.9275782013 18.8440801539 20.4360487352 20.3080914688 17.7650273823 30.8301273007 83.9796053136 130.583323814 850.861555507 4.17825980091 12.4354475983 8.39349645307 7.44244680229
-9999.0 -9999.0 -9999.0 -9999.0 -9999.0 -9999.0 -9999.0 -9999.0 -9999.0 -9999.0 -9999.0 26.3790859039 173.737984235 26.8899077566 23.4792049336 124.67062604 145.861315054 167.155861135 187.023680667 2178.63479422 2197.94172981 2236.15720537 2507.73721271 2560.37083248 2591.16914473 2608.4934231 2913.46841183 2960.4542899 2976.78218064 3121.07358531 3210.32894392 3224.69112387 3282.85559083 39.049794563 37.1231057552 8.46521856088 5.12797577348 7884.69784524 8035.85538398 32.3686835563 703.011458073 691.838453507 68.6832333598 16.3749644605 16.6210422418 15.8850046716 15.9297364417 31.9675077411 44.3674355908 11.2333538957 856.563841976 862.607072554 888.453035569 893.170873648 904.931924688
-9999.0 -9999.0 -9999.0 -9999.0 -9999.0 -9999.0 -9999.0 -9999.0 -9999.0 -9999.0 -9999.0 90.2364470294 119.250420227 54.9504384339 80.9669629829 25.6631489669 290.171244757 312.456644113 356.761548012 378.314896436 147.938223516 2415.38817524 2434.73943741 17.8384704749 13.5421871548 13.9829295627 28.8553500907 16.84497065 14.52954145 14.377876635 13.6232573554 3241.35429646 3298.83322175 3350.63201736 3398.37885148 3421.27274115 9.22736599359 2.49719722073 8758.97087845 719.828067202 714.890122703 14.3079428013 12.6761765444 10.9869354265 27.722554208 27.0189211031 12.3094590692 12.6923720289 11.3335215695 22.3038583177 28.5148456631 3.83113093696 7.03217477936 3.40844107638 3.80721601532
-9999.0 -9999.0 -9999.0 -9999.0 -9999.0 -9999.0 -9999.0 -9999.0 -9999.0 -9999.0 -9999.0 -9999.0 61.1891117393 28.4944416585 25.9828156113 245.276043254 268.482604543 23.1316469675 90.0718285536 111.47754665 131.633397316 21.7835382376 15.4007974633 377.185239933 389.57209424 401.985223479 1014.16092235 1025.68319303 1051.31816254 1156.50602383 1226.06344477 1237.83829188 13.7053823182 14.3775924133 11.8505687348 3427.62062992 3.16443190508 8862.78246627 8858.87286308 96.4681129298 89.5325640956 52.9736733855 13.1478959492 22.0747268729 38.8921604378 38.3054523277 23.5480262148 12.0855075243 23.2206508199 22.8760880868 38.3971359342 6.4983384461 14.135605844 23.1480781646 31.0985525909
-9999.0 -9999.0 -9999.0 -9999.0 -9999.0 -9999.0 -9999.0 -9999.0 -9999.0 -9999.0 -9999.0 -9999.0 31.5847716724 87.4380067955 114.19869052 194.299140272 23.1106291858 47.0373219184 69.2350329334 272.503618315 292.948756455 313.997977511 331.61678499 349.030845171 519.08143355 570.289041884 601.560554636 14.57358525 80.3903932886 95.133477604 1189.5532202 1250.37420434 1281.32579732 1313.65236477 1334.77418847 4765.39788322 2.71488426917 8881.23733222 13.0350672368 7.27582035432 76.6674172123 64.5855303832 10.9080887198 32.7881788977 49.5698141281 48.3074753661 32.6213768131 53.8488765945 85.2649532222 32.2475326543 79.2694278543 7.82156869657 13.3021588312 2.49094397072 1.80604217472
