data/baseflow/mHMbf_acc275.asc
ncols                  80
nrows                 72
xllcorner      4374000.0
yllcorner      5656000.0
cellsize            500
NODATA_value       -9999
[rows 25 to 49 of 72, columns 0 to 54 of 80]
-9999.0 -9999.0 -9999.0 -9999.0 -9999.0 -9999.0 -9999.0 -9999.0 -9999.0 -9999.0 -9999.0 -9999.0 25.6115617079 50.736147834 23.8399933847 47.2845023229 20.3120808174 158.31697301 197.518664742 217.711789297 18.9834413192 37.7694580149 344.890704652 432.685998623 447.29941183 29.4127837649 24.8117125429 37.2090783699 10.8741583106 9.99001037428 19.1008624651 7.77766919733 493.201852284 502.897278209 506.798354648 4288.51439486 8175.65934107 8133.93430454 11.2164631885 5.96669016287 5.62991827117 27.992126862 22.5386789085 51.7168794513 71.1097275307 141.246652801 12.774128668 12.6719614905 115.291903435 127.814160601 244.322472167 250.448534805 269.406256393 274.975425209 4.66726818077
-9999.0 -9999.0 -9999.0 -9999.0 -9999.0 -9999.0 -9999.0 -9999.0 -9999.0 -9999.0 -9999.0 -9999.0 -9999.0 24.0029812664 48.2931149042 72.8412713543 115.737851544 22.1424654463 20.1373078816 128.647685029 147.627565845 306.884937598 327.262474655 56.8931973021 17.8035245756 14.2637912968 12.203301053 436.867917593 446.930081862 457.721553211 467.264948555 483.934845866 98.7067391971 103.213813226 613.180193479 13081.1825171 36.4896199008 29.0058408336 16.5659168893 4.74709569986 4.620254959 38.1447836198 41.3929904939 61.7210040539 5.5081764348 148.902105113 23.0098430378 22.6545851394 5.47787719131 3.21823882457 2.47074559408 1.94295359387 2.47545053006 277.791692613 3366.6464278
-9999.0 -9999.0 -9999.0 -9999.0 -9999.0 -9999.0 -9999.0 -9999.0 -9999.0 -9999.0 -9999.0 -9999.0 -9999.0 -9999.0 23.1061784242 40.3117862988 54.7569417759 68.6238885875 88.586421341 109.283944125 60.1663991902 101.580604881 19.9073099322 18.593390499 358.094976263 393.772351248 410.54202427 426.862808095 11.2952389273 20.7848924885 61.3290865969 75.2824799124 88.7833540891 6.17065321491 2.75810089625 13095.1777519 6.37998837074 8.04126147239 4.04257534985 17.3603638158 8.75813569053 3.56309230886 106.700034146 108.995474399 2.2671169849 151.223312479 176.920303995 25.2558262806 3478.02405489 3470.16563464 3464.25541799 3454.47362451 3450.92774231 3388.21977708 3386.41807008
-9999.0 -9999.0 -9999.0 -9999.0 -9999.0 -9999.0 -9999.0 -9999.0 -9999.0 -9999.0 -9999.0 -9999.0 -9999.0 -9999.0 4.06125145627 8.72046769345 14.2438181468 132.263602429 152.403056947 20.6305503296 20.3904104256 20.5792428553 282.246714817 322.545780141 19.7954767109 19.7592881776 15.8355773272 66.8611025102 83.8008596221 37.4387798216 51.5355022848 385.642636254 399.762946141 415.749233553 657.694918142 13756.9849567 5.20912907249 3.2122575626 25.0456587676 21.4952538775 3.01991819094 9.8946580849 13.0814617205 111.940852698 114.271720538 297.408779924 178.69125996 29.2436170669 3538.34015484 18.9131304219 3459.37653405 3457.03224399 58.9966282488 3.55955929247 16.3111256488
-9999.0 -9999.0 -9999.0 -9999.0 -9999.0 -9999.0 -9999.0 -9999.0 -9999.0 -9999.0 -9999.0 -9999.0 -9999.0 -9999.0 19.7119106083 32.636796076 66.6652902768 114.762560961 164.591725215 202.65402258 222.651001036 243.370502381 263.825652724 19.6538944271 17.9214711365 35.139755036 33.1391121314 17.8445612192 329.759493584 346.190660607 361.686338301 376.617354592 222.977343858 232.746938132 239.21656841 13760.6263554 9.87161687431 6.58008124506 35.6226736494 4.30705022513 5.69147104591 2.78870594866 3.0139915317 15.7307334225 2.01962723455 2.08129487487 3846.20340334 3547.24430912 3545.20835174 7.69875172831 16.8559801482 11.2965829063 2.90259921441 53.6651785799 15.6699565014
-9999.0 -9999.0 -9999.0 -9999.0 -9999.0 -9999.0 -9999.0 -9999.0 -9999.0 -9999.0 -9999.0 -9999.0 -9999.0 -9999.0 13.4509956193 12.5873905516 24.8084285349 37.2323420636 20.4406223128 23.9011468731 45.2800529153 66.1058679639 106.344045716 125.940081412 142.733496946 195.632558806 211.848832517 230.42956889 16.6241382355 162.303911809 177.807127929 194.096211715 15.1699052202 10.9269269692 17.253643816 14018.67642 14022.046035 14037.1029243 49.0701775053 9.42773082692 7.98140253521 2.63421487326 5.3469975849 18.0823225764 22.1026953598 3.80139189693 3854.71069882 2.34736918656 3.82490922657 4.42332533709 2.88933385076 6.18969433102 2.58707098715 34.7038534472 28.2444166992
-9999.0 -9999.0 -9999.0 -9999.0 -9999.0 -9999.0 -9999.0 -9999.0 -9999.0 -9999.0 -9999.0 -9999.0 -9999.0 -9999.0 -9999.0 11.9732086637 23.3482518468 10.8076597165 22.7332647862 145.292524604 161.933745595 181.438762936 19.9413272271 19.8470297578 36.5673131524 54.4812887488 85.5547063966 102.327110864 113.817048006 129.598757661 13.7111433128 13.7255464331 216.177980197 226.447600009 232.003561447 236.997362345 198.235888494 14255.8572925 14332.7732459 14337.0131637 14348.5430359 14363.7282276 14370.4079586 1.81219183247 24.004570135 3856.2223482 3.73945480468 1.91318257389 1.66944962337 1.65529152703 3.16703083794 3.81031828868 2.1977890999 3.28747935662 3.34553365188
-9999.0 -9999.0 -9999.0 -9999.0 -9999.0 -9999.0 -9999.0 -9999.0 -9999.0 -9999.0 -9999.0 -9999.0 -9999.0 -9999.0 -9999.0 -9999.0 34.6429038625 45.9869257442 80.9860511285 109.714701372 16.2341554092 219.846887853 239.072289966 256.708113383 17.2421301004 33.8790752377 14.8593193246 114.843892858 125.598711609 140.624146975 155.490193551 195.064246184 203.569225254 5.27630784492 179.921230456 189.489697175 193.675625689 214.998803453 24.0668485754 14.1132498165 8.18534147284 8.05185115446 14375.5969627 14377.3195764 14413.805977 3857.52726945 10.3812918134 5.31317219936 3.3582869556 1.38499675947 11.1449503925 6.26660337966 1.96070944393 11.0304195715 9.34864481298
-9999.0 -9999.0 -9999.0 -9999.0 -9999.0 -9999.0 -9999.0 -9999.0 -9999.0 -9999.0 -9999.0 -9999.0 -9999.0 -9999.0 -9999.0 -9999.0 11.4855138093 57.5110976656 70.0528651928 16.7636469125 20.5214303076 42.4254224977 62.6009113149 337.39778721 17.145349977 69.0738749899 84.6740271535 100.128299669 11.0604295143 25.0439696694 35.9780198582 140.410993962 160.515567733 165.047977923 5.11390093915 5.07504457837 6.57144633681 12.3545198603 5.64559491858 5.70495176946 5.65867068788 6.95476826486 6.18747621702 11.2744032967 14415.8911754 18278.8355142 12.1553911071 2.73473780201 1.28741876735 36.2259667949 33.2141916861 20.1016278212 18.1412279635 13.7741635823 3.18301519814
-9999.0 -9999.0 -9999.0 -9999.0 -9999.0 -9999.0 -9999.0 -9999.0 -9999.0 -9999.0 -9999.0 -9999.0 -9999.0 -9999.0 -9999.0 9.83134211963 31.1794958054 9.95851703044 19.6803523646 21.8366013929 42.5647142532 63.2230698517 79.7699573504 427.758297432 443.864187681 16.6524729057 31.9864560969 47.5589057775 60.9600919396 75.979914717 126.138600314 134.750866619 14.1847716094 9.0978969649 6.48491781136 3.74486951459 5.23505769065 6.52844667451 6.15468086045 10.4124624968 17.6037465671 9.04215149333 1.70483147527 1.6225719042 2.03620604711 3.88777784851 18395.3960682 100.904844575 41.5648001158 2.59070197737 1.13402798633 1.0850134292 4.42423293939 3.27063699351 1.77564041548
-9999.0 -9999.0 -9999.0 -9999.0 -9999.0 -9999.0 -9999.0 -9999.0 -9999.0 -9999.0 -9999.0 -9999.0 -9999.0 -9999.0 10.5298889559 20.0102383318 69.765054948 8.48211387699 32.9537359597 53.9379726324 73.5645316051 20.6512875216 38.749001699 52.4535575167 506.165751032 15.5149286386 29.5632501682 44.5428102682 14.9383318556 29.8222315897 43.0394874891 51.8430060151 957.551409989 972.768836841 984.111656653 1024.00238191 1040.39964312 1071.46491775 8.10298501667 20.7825312892 20.0971523248 1156.34558607 1159.83970165 1.51928130328 3.13747360252 4.68022043615 18396.1990986 94.0725242919 49.4922631597 48.126104369 34.1036064265 28.2687762656 5.86981876209 1.29232036462 2.88123586761
-9999.0 -9999.0 -9999.0 -9999.0 -9999.0 -9999.0 -9999.0 -9999.0 -9999.0 -9999.0 -9999.0 -9999.0 -9999.0 -9999.0 11.0097862214 32.9579373848 113.522395549 167.047367501 7.23027111715 213.802779163 297.421860134 19.0028404602 36.6618537254 51.6331337195 652.382959593 662.627295233 10.0088954036 64.9766121905 75.7000791884 88.4786185989 857.570539102 884.884473744 896.536320284 5.25411176514 30.2502461508 35.596181531 13.4336542471 18.3985787312 1098.78358182 1127.0861491 1130.79135687 1134.20321495 1163.95222304 2.02519878006 1.86195287362 8.0116187138 18397.1688269 1.69122347608 4.26449078067 12.8780029951 4.79723960616 26.1619687849 18.3762255936 10.854648496 8.16143155549
-9999.0 -9999.0 -9999.0 -9999.0 -9999.0 -9999.0 -9999.0 -9999.0 -9999.0 -9999.0 -9999.0 -9999.0 -9999.0 -9999.0 -9999.0 -9999.0 22.6180334117 44.7464015353 195.585540301 205.894828186 306.184930542 316.22424516 19.064306318 38.1474872235 86.1966360432 669.757745405 689.026274436 696.380939341 6.34704423668 727.358029097 756.062021089 16.4305914932 5.33987709 10.7704451406 20.5577943301 4.94643517209 9.47341726937 20.2431025097 24.3962647397 4.49137610552 3.08344573938 5.87318101297 1189.36358684 1197.02772828 1198.62825773 1211.09632356 18398.032523 1.1142243163 3.23815020062 3.77227785088 3.68659439066 3.76360042422 3.40466014886 6.46207998771 0.923040140506
-9999.0 -9999.0 -9999.0 -9999.0 -9999.0 -9999.0 -9999.0 -9999.0 -9999.0 -9999.0 -9999.0 -9999.0 -9999.0 -9999.0 -9999.0 -9999.0 11.6353260444 11.2120009073 10.6707502226 20.1077773694 8.33589708393 333.061565172 342.29227986 15.985446139 33.0761453698 12.7840809511 9.55928604642 9.11460513935 713.864761947 9.45270577602 19.7453350236 8.44691040788 6.13131936261 4.86450497976 3.80838225252 3.97843122039 12.4421759079 17.1446070147 3.32996945181 2.80587995949 6.14589428902 10.314587277 15.926921449 5.07246147879 1201.4023275 1212.67889033 18398.4841965 10.8642129242 8.64006926066 2.58316613271 5.9026990065 2.25627549069 1.90453582359 8.50209953784 5.23630842401
-9999.0 -9999.0 -9999.0 -9999.0 -9999.0 -9999.0 -9999.0 -9999.0 -9999.0 -9999.0 -9999.0 -9999.0 -9999.0 -9999.0 -9999.0 -9999.0 -9999.0 -9999.0 11.0955347934 29.6689524886 37.4336941928 45.592503957 350.788570531 360.095639333 369.191200848 379.626904765 388.441299331 406.967785139 415.259071267 424.284753248 431.207585251 5.24302607594 5.07413116279 5.1147797899 17.1182774403 4.48204374571 4.37301050746 3.39929915601 9.97921691006 3.76550352844 2.95028207808 2.73400052421 2.34537427573 4.67976861898 6.8914789985 1226.64572168 19636.6007399 1.0501306987 2.13762257844 2.24150694271 8.23572943355 4.71250331945 3.82578599343 18.3716498395 9.09700486956
-9999.0 -9999.0 -9999.0 -9999.0 -9999.0 -9999.0 -9999.0 -9999.0 -9999.0 -9999.0 -9999.0 -9999.0 -9999.0 -9999.0 -9999.0 -9999.0 -9999.0 -9999.0 -9999.0 8.56075594865 72.7583334929 137.584334106 145.800154681 15.311465929 31.7224763655 48.7206854418 61.3875133 150.770604385 156.441949656 5.38395869741 5.54579113988 441.911213769 451.794944986 456.364265103 20.2749679604 2.38714493654 6.14721399608 9.226601526 29.369923744 36.546243147 42.2078784761 5.18778173392 7.27331053607 2.48343175705 4.98557000392 2.59737012371 19640.563343 0.847520892795 3.84984921841 3.25239537753 12.6539078764 21.8533581707 26.3051391191 45.3124882501 14.2513435499
-9999.0 -9999.0 -9999.0 -9999.0 -9999.0 -9999.0 -9999.0 -9999.0 -9999.0 -9999.0 -9999.0 -9999.0 -9999.0 -9999.0 -9999.0 -9999.0 -9999.0 -9999.0 10.1103549925 33.0885102147 64.3271277592 83.410906469 205.065736375 216.858420755 35.6928386746 53.2241685691 68.6145085489 80.697806967 163.836960693 175.437415574 331.461117258 345.829945209 350.575191049 460.158292632 488.72035051 5.62352549432 3.95668706202 3.67220611163 7.05802162527 3.35772359578 49.0875113216 51.7919560213 9.61259265014 13.0044197885 2.29865879421 3422.12658767 3427.45909581 23069.6356862 23074.0894268 0.985363836688 14.7377832574 1.31142286404 1.16794343933 48.2698251958 63.7819324068
-9999.0 -9999.0 -9999.0 -9999.0 -9999.0 -9999.0 -9999.0 -9999.0 -9999.0 -9999.0 -9999.0 -9999.0 -9999.0 -9999.0 -9999.0 -9999.0 -9999.0 -9999.0 -9999.0 12.1633878445 11.7804132869 21.595248576 50.6580803826 226.456887592 18.3735334311 18.1428093901 32.6857350505 48.1567203404 121.633314075 132.897610784 11.4961579995 9.80049537477 356.963078707 360.217464172 852.623027368 855.646273281 1.99573532027 1.76961031856 1.57390918427 1.58772480086 1.9859230334 3366.80280015 3383.28457607 3400.93440072 3408.14120483 3419.28026549 2.9397824916 10.7173936935 12.5650177276 23089.8443983 23089.8932569 23091.3555427 23094.4797961 23097.8833307 65.6519335653
-9999.0 -9999.0 -9999.0 -9999.0 -9999.0 -9999.0 -9999.0 -9999.0 -9999.0 -9999.0 -9999.0 -9999.0 -9999.0 -9999.0 -9999.0 -9999.0 -9999.0 -9999.0 -9999.0 -9999.0 10.2806698416 11.0290696627 20.093099869 265.571510434 275.404935405 17.6907848033 32.1067704192 47.9863147678 63.6437768978 14.2625749946 24.8000847385 695.568491742 699.951714308 706.283693385 748.223391744 1609.2589548 3266.49525562 3271.76097271 3276.60784067 3281.39355404 3304.69618774 3312.38758378 13.9332580025 6.11650859641 3.76722821819 7.07377743181 5.30499971816 8.45330116127 2.70037887072 57.765343521 61.8175078792 64.8930008913 65.9632405946 23098.1894413 23165.0890182
-9999.0 -9999.0 -9999.0 -9999.0 -9999.0 -9999.0 -9999.0 -9999.0 -9999.0 -9999.0 -9999.0 -9999.0 -9999.0 -9999.0 -9999.0 -9999.0 -9999.0 -9999.0 -9999.0 -9999.0 -9999.0 10.5408207841 20.1076901611 29.7805659357 283.646099549 10.9023252739 394.45243594 410.519339198 424.719634914 435.897100818 650.287667024 661.123301898 4.42935604614 30.0843085349 35.9022334045 4.38575546924 1652.32077087 1643.83662906 2.87737719867 6.68740192972 18.4977931917 4.17430467743 4.37505972535 3.04665012838 2.63483691669 2.06212328933 2.47036200611 49.7522101733 52.425835744 55.6326594273 2.56050806797 2.0526225583 67.1763641765 68.3598193294 69.2425948944
-9999.0 -9999.0 -9999.0 -9999.0 -9999.0 -9999.0 -9999.0 -9999.0 -9999.0 -9999.0 -9999.0 -9999.0 -9999.0 -9999.0 -9999.0 -9999.0 -9999.0 -9999.0 -9999.0 -9999.0 -9999.0 9.24394925376 8.65930719016 45.3811249655 348.009591705 368.697501768 380.380089578 12.7788063945 180.603739087 195.49492545 203.235852625 10.5094829135 15.7220869582 19.4598388124 366.091277376 369.755917011 373.116255831 1637.87767144 1020.00894734 3.58415027865 4.01017028902 3.85453148224 3.04807052035 29.9837732717 35.9596763095 41.205948681 44.2015669009 47.0853029771 375.916209305 378.10363321 381.75675526 391.765621842 419.244960318 420.306524302 490.68751594
-9999.0 -9999.0 -9999.0 -9999.0 -9999.0 -9999.0 -9999.0 -9999.0 -9999.0 -9999.0 -9999.0 -9999.0 -9999.0 -9999.0 -9999.0 -9999.0 -9999.0 -9999.0 -9999.0 -9999.0 -9999.0 -9999.0 18.1572366036 28.0563860657 10.0255084285 17.9038390148 135.30678931 148.11540587 156.901323578 71.1992689802 81.643773132 91.9679066702 97.2966209355 358.233742612 363.372107608 234.180820919 611.201607891 614.794024399 1017.12865943 7.4760570346 3.91642004803 2.73735456521 20.4473805422 24.093822145 2.15556213372 1.97326092764 366.674263696 371.567495171 373.930793404 4.31715389758 7.11869920416 416.252757403 1.78676065831 7.29091634424 8.21078606402
-9999.0 -9999.0 -9999.0 -9999.0 -9999.0 -9999.0 -9999.0 -9999.0 -9999.0 -9999.0 -9999.0 -9999.0 -9999.0 -9999.0 -9999.0 -9999.0 -9999.0 -9999.0 -9999.0 -9999.0 -9999.0 -9999.0 9.21862278442 18.154751766 77.1988968713 88.1965867782 101.866508473 51.6932463978 61.5149626694 10.0663897337 239.109181311 248.195767158 256.487284511 5.62863047545 224.720973249 230.11371616 3.98489652417 997.766180537 8.4734241583 4.3076680602 10.8564965257 14.7862835484 2.99387800782 2.43938832112 341.650507934 362.383483726 365.174747701 3.08391010423 6.79296265612 8.58098556479 10.179265173 20.6002653607 2.72940980664 5.96332263587 1.32207174426
-9999.0 -9999.0 -9999.0 -9999.0 -9999.0 -9999.0 -9999.0 -9999.0 -9999.0 -9999.0 -9999.0 -9999.0 -9999.0 -9999.0 -9999.0 -9999.0 -9999.0 -9999.0 -9999.0 -9999.0 -9999.0 -9999.0 9.02437717305 28.2932293603 50.0868557723 12.8470777775 28.8918581023 41.4182243801 199.255672655 210.725351984 220.16792839 8.5304784957 183.296143219 208.679056364 214.93022616 4.83063746148 981.052897181 990.258241353 4.31005153718 3.89567370183 7.82777285361 3.18339850728 325.390124534 331.300762023 334.835741959 13.3197655925 16.3519872044 2.63270579408 4.82843356952 2.21453337457 15.1860047225 2.4137681806 1.55463507917 1.57886046268 1.73220621863
-9999.0 -9999.0 -9999.0 -9999.0 -9999.0 -9999.0 -9999.0 -9999.0 -9999.0 -9999.0 -9999.0 -9999.0 -9999.0 -9999.0 -9999.0 -9999.0 -9999.0 -9999.0 -9999.0 -9999.0 -9999.0 -9999.0 -9999.0 9.63846732304 11.4405089195 15.6740241612 142.530550539 153.929793575 189.034250106 10.9248441445 145.546708871 167.023280065 9.23647463857 18.5494080823 6.2546741146 965.667107683 6.54466544239 14.6551191165 17.9831803506 21.1502198475 305.827439274 316.175279678 319.817549401 3.76565847382 7.1034453917 10.109605006 1.85701505877 1.63278497971 907.51732488 909.250390043 910.771768644 925.779500539 927.786237655 929.845773809 931.276680288
