data/baseflow/mHMbf_acc263.asc
ncols                  80
nrows                 72
xllcorner      4374000.0
yllcorner      5656000.0
cellsize            500
NODATA_value       -9999
[rows 24 to 47 of 72, columns 0 to 54 of 80]
-9999.0 -9999.0 -9999.0 -9999.0 -9999.0 -9999.0 -9999.0 -9999.0 -9999.0 -9999.0 -9999.0 -9999.0 5.31564034492 12.7905564933 16.2682228235 26.5537347355 2.38509839174 4.96388282114 7.31853458287 32.874374612 34.7622959639 36.6047811858 37.9586346973 39.5444732693 67.7286431532 72.1143171384 74.1663011379 0.687221878898 4.73611687104 5.46343241851 126.325275945 129.449365219 131.713949207 134.302395373 135.491017958 573.155879968 1.25947538754 1249.2014576 0.380345181829 0.222010368239 7.88295612432 7.07860725169 1.00751686226 3.55709657588 5.34915232276 5.11324510519 3.59443700597 5.91631886695 9.46417755904 4.02654722739 9.54187696636 0.777567042399 1.40007834943 0.111642089849 0.0812785149585
-9999.0 -9999.0 -9999.0 -9999.0 -9999.0 -9999.0 -9999.0 -9999.0 -9999.0 -9999.0 -9999.0 -9999.0 4.15832420215 8.31353214876 3.85908125017 7.28077124078 2.63570322993 23.4326019591 28.0996408911 30.6346840808 2.28141064529 4.47223902673 54.0463365645 65.0084688501 66.4933334237 3.01465025928 2.75177146256 3.62436132326 0.570444081945 0.483783364362 0.896410395018 0.34597929996 139.214619724 139.7891507 139.918182581 574.932676174 1253.66428505 1249.27046633 0.342716818318 0.243727985544 0.230977920556 1.76263439155 1.56180489331 4.51893266331 6.38482217259 12.8472785679 1.35004859232 1.33970746063 10.4828646181 11.5339139339 22.9269286561 23.2484153675 24.7574405983 24.9551618764 0.168085664227
-9999.0 -9999.0 -9999.0 -9999.0 -9999.0 -9999.0 -9999.0 -9999.0 -9999.0 -9999.0 -9999.0 -9999.0 -9999.0 3.95062758934 7.95782672308 12.0973374779 17.8227899527 2.91135546583 2.42493171371 27.8578042422 30.0758402613 49.6642789081 52.3873883237 7.62646254735 1.83841663917 1.42536315135 1.31735061158 136.324084681 136.89259834 137.476160031 137.953161051 138.720980784 8.28555494984 8.63246238301 148.774073675 1978.4513691 2.47178613859 1.37208841736 0.583644761693 0.201434282998 0.17901002316 2.17563365274 2.28994374238 4.91777549087 0.228905514727 13.2461500992 2.128785156 2.09410550967 0.248961300937 0.114472875286 0.0852707251445 0.103978660756 0.0909975837259 25.0827119582 324.23620569
-9999.0 -9999.0 -9999.0 -9999.0 -9999.0 -9999.0 -9999.0 -9999.0 -9999.0 -9999.0 -9999.0 -9999.0 -9999.0 -9999.0 3.28061814088 8.88248641203 14.7203566338 20.6031535128 23.0246646178 25.591185315 7.26395749735 12.557536457 2.64238101826 2.21600896467 128.147023573 132.061117832 133.750684061 135.419733742 0.948468600608 1.52023190853 5.5095861373 6.35647279208 7.45261181437 0.463694067985 0.671555928296 1982.09945613 1.17580693981 0.658367438663 0.330202794987 1.13106272223 0.559607038395 0.233824643782 7.38692679721 7.77787405979 0.118904784621 13.4215909754 15.6414150302 2.19733275993 331.472066535 331.14669137 330.939731012 330.551305958 330.350308992 326.090333483 325.77716144
-9999.0 -9999.0 -9999.0 -9999.0 -9999.0 -9999.0 -9999.0 -9999.0 -9999.0 -9999.0 -9999.0 -9999.0 -9999.0 -9999.0 3.21137875345 6.26058453012 6.34292780195 91.6972378594 94.163322666 2.56809650263 2.46267571311 2.62074674215 119.291871154 124.234718735 2.30457057852 2.30595928772 1.63478827325 7.68590993658 9.7334445404 3.39908266414 4.7590141473 47.5810313537 48.8700832784 50.9671649771 80.6498826117 2064.15240846 1.37601981937 0.262294796879 1.87974166886 1.52526686222 0.255742054535 0.76208938179 1.01673533002 8.04434078669 8.28277201545 24.3196776094 15.7707856426 2.52886661838 336.768699411 1.68627817613 330.770825578 330.669742777 3.98767777409 0.519534651564 0.844594469142
-9999.0 -9999.0 -9999.0 -9999.0 -9999.0 -9999.0 -9999.0 -9999.0 -9999.0 -9999.0 -9999.0 -9999.0 -9999.0 -9999.0 15.2388220124 25.6546803327 47.9360774878 87.7068860127 101.5824894 109.640916745 112.111973799 114.695082743 117.204198204 2.32227517968 1.94480396671 3.80028048316 3.62903574928 2.23117795349 40.597753671 42.5721206494 44.3747392756 46.0324170606 25.9754385931 26.4426662406 28.3365615897 2065.32496373 2.96798581029 0.722847114892 3.02609282328 0.412842283211 0.914387097158 0.608692907598 0.233694711271 1.4122862498 0.178813485496 0.182792151485 362.110569497 337.662019611 337.480233776 0.719591904408 1.59551795841 0.851048226085 0.098422407846 2.78151547758 0.61190529975
-9999.0 -9999.0 -9999.0 -9999.0 -9999.0 -9999.0 -9999.0 -9999.0 -9999.0 -9999.0 -9999.0 -9999.0 -9999.0 -9999.0 10.3807867654 10.8598965974 21.8641441386 31.174027596 4.06819071499 3.87093395479 6.69016627149 9.42230009141 14.7601875049 17.1574532706 19.0026239851 24.7879259317 26.5733140033 29.0089664456 2.08543925204 20.2376301302 21.8633029116 23.3901776791 1.40982797836 1.30357675981 1.80282302635 2097.9331344 2099.05354535 2103.76039036 4.44588575451 0.960348227502 1.188795549 0.20996132111 0.429818688986 1.65517270234 2.00182709437 0.334201809328 363.093184448 0.423947492575 0.403413810099 0.393220465931 0.491337569565 0.622328786433 0.270183711936 2.10750110103 1.56268066314
-9999.0 -9999.0 -9999.0 -9999.0 -9999.0 -9999.0 -9999.0 -9999.0 -9999.0 -9999.0 -9999.0 -9999.0 -9999.0 -9999.0 -9999.0 11.000852716 21.0423028534 8.5869884555 17.0934269441 104.603507463 107.684541151 110.036145215 2.50402826189 2.51036409043 4.3464848121 6.41073996136 9.89495727624 11.8973643169 14.2225987076 16.1523059429 1.54072154451 1.31586212998 26.6772830106 28.1582101415 28.7654141275 29.6136627046 31.4258949521 2139.03566531 2148.2634477 2148.68682707 2150.22250933 2151.69105126 2152.23027982 0.161541640211 2.16845448995 363.235801157 0.300965726425 0.154368781374 0.435785347895 0.510701308083 0.760464018208 0.354613965099 0.213272556472 0.356209993528 0.253290388156
-9999.0 -9999.0 -9999.0 -9999.0 -9999.0 -9999.0 -9999.0 -9999.0 -9999.0 -9999.0 -9999.0 -9999.0 -9999.0 -9999.0 -9999.0 -9999.0 31.1765789286 39.5580256602 65.711896126 80.5063061841 6.06787150855 119.279079396 121.642032415 123.657558584 1.9867174598 3.87423958578 1.65323318629 13.096687669 15.2175837063 17.2302178519 18.9649863935 23.5760160997 25.5514977664 1.33689641098 27.2983054769 29.2735567612 30.5840225434 34.1978166897 3.90186124522 2.03206936966 0.805759660239 0.784461101379 2152.83920009 2153.03183824 2156.86264982 363.393340447 1.20618075612 0.764754494774 0.586841002673 0.117529255579 1.51502834277 0.600031322456 0.186171517554 1.0174317158 0.864306822994
-9999.0 -9999.0 -9999.0 -9999.0 -9999.0 -9999.0 -9999.0 -9999.0 -9999.0 -9999.0 -9999.0 -9999.0 -9999.0 -9999.0 -9999.0 -9999.0 9.39505101226 48.7800281173 57.6415845804 5.80790980152 2.70033469641 6.07097609405 8.94832337231 134.760590941 1.99285820654 8.00327811825 9.76786491976 11.4649643932 1.91570240253 3.81315708057 5.34467541281 19.5191330953 22.602484413 23.9948150205 1.03547618682 0.770526968616 0.759980813023 1.42001945956 0.561266472712 0.56872690109 0.490528483157 0.608062891898 0.505094299403 1.55095750133 2157.08182776 2521.12766992 1.47658552023 0.47587846206 0.152149533124 4.11699849912 3.8553105769 2.10962430597 1.85469674002 1.30429426528 0.351889192219
-9999.0 -9999.0 -9999.0 -9999.0 -9999.0 -9999.0 -9999.0 -9999.0 -9999.0 -9999.0 -9999.0 -9999.0 -9999.0 -9999.0 -9999.0 9.60619141423 27.2995879647 8.53717167213 4.05935032217 3.07318124091 5.83826572613 8.68135705489 11.8194975669 152.45347518 154.373499672 2.00428655985 3.80165031815 5.64392139764 7.56505973491 9.21964580075 16.0604154766 18.1736348643 1.48546093577 0.994981270523 0.732696516926 0.438065431608 0.531565452303 0.650629417034 0.626017303813 1.05945594025 2.42071750199 1.26985273171 0.671618421567 0.684746004151 0.277874020737 0.486749078753 2545.70129439 22.7340863641 6.59202351809 1.9521971596 1.08180399005 0.380887567776 0.860834026862 0.414522121391 0.165357538052
-9999.0 -9999.0 -9999.0 -9999.0 -9999.0 -9999.0 -9999.0 -9999.0 -9999.0 -9999.0 -9999.0 -9999.0 -9999.0 -9999.0 10.2267992843 19.5194566318 64.89412782 8.29166689054 9.71949706038 12.5969240331 15.1553957214 2.77962246169 5.03231980374 9.33603405994 168.939487265 1.83606128765 3.4675037381 5.23763520225 2.00381821596 3.90280958142 5.27813709217 6.76713333386 236.811506172 238.374937386 239.610060939 244.042474326 245.678982777 248.907490827 0.815762443435 2.16736046961 2.74279596688 258.575168183 259.492827052 0.598360804023 0.756735613999 0.916605031002 2546.35620464 21.8331623953 12.3253500808 10.8645665984 8.72224581158 7.25861143045 1.10482256924 0.345722260575 0.416871477026
-9999.0 -9999.0 -9999.0 -9999.0 -9999.0 -9999.0 -9999.0 -9999.0 -9999.0 -9999.0 -9999.0 -9999.0 -9999.0 -9999.0 10.5077002863 31.6263974007 106.900681035 160.874126147 7.69883514678 206.251911195 228.144330053 2.54100654348 4.79916129873 8.35246363326 195.739751259 199.24116132 1.22227852914 7.71122329898 9.01711894659 10.4674305943 226.017508046 228.162253491 229.345240991 0.604922385362 3.37943301462 3.97990974985 1.46493877843 1.97152665279 251.901137224 254.906854567 255.287308553 255.640690782 259.883203775 0.191717291773 0.1664744395 1.25885874885 2546.94793228 1.34398936739 0.310467646957 0.9501720061 0.378560192871 5.86401073085 5.39708021324 3.44144440297 2.09761851916
-9999.0 -9999.0 -9999.0 -9999.0 -9999.0 -9999.0 -9999.0 -9999.0 -9999.0 -9999.0 -9999.0 -9999.0 -9999.0 -9999.0 -9999.0 -9999.0 22.2072868731 44.6220604969 189.767906297 199.389391716 236.82562916 243.889758179 2.52735308249 5.05982601104 12.3060242475 204.653973461 207.610194963 208.570780922 0.772733773375 211.934083885 214.175480835 1.27747480324 0.616773426901 1.17769670462 2.29028069841 0.552475101065 1.03793465708 2.23447846105 2.68370031631 0.516432931138 0.32080584131 0.606840629154 262.632850415 263.479486078 263.617483802 265.363617672 2547.37764472 1.25846994886 0.194001059286 0.249830255824 0.236785981328 0.245297912283 0.208352172689 0.383486759906 0.588939091935
-9999.0 -9999.0 -9999.0 -9999.0 -9999.0 -9999.0 -9999.0 -9999.0 -9999.0 -9999.0 -9999.0 -9999.0 -9999.0 -9999.0 -9999.0 -9999.0 11.6521391594 11.3621520033 10.5794891925 18.7687830921 8.03101790224 260.109996624 266.678392376 2.64125360275 4.88739265926 1.76725005041 1.35995541567 1.28945824264 210.476028253 0.71737621437 1.5614158277 0.684894405983 0.660161009397 0.563418655512 0.419273923344 0.441838450499 1.370961927 1.90205745161 0.352785628452 0.308022600723 0.676810907072 1.16474054995 1.7469478988 0.529612307462 263.896822461 265.525931662 2547.77186146 3.23697426579 0.464030318151 0.137982271132 0.345051570968 0.111117119213 0.0876914425591 0.47982366573 2.52331088104
-9999.0 -9999.0 -9999.0 -9999.0 -9999.0 -9999.0 -9999.0 -9999.0 -9999.0 -9999.0 -9999.0 -9999.0 -9999.0 -9999.0 -9999.0 -9999.0 -9999.0 -9999.0 11.2613729914 28.764230192 37.0920366089 45.1314357905 274.550101484 282.202357656 288.772589236 293.017972694 294.250179579 296.832179107 297.382631144 298.054114734 298.517164589 0.542036360313 0.509140846518 0.541073035616 1.87892252264 0.51166274047 0.483947550225 0.355747800476 1.03826545562 0.437735894635 0.316567698026 0.288551083095 0.24103972801 0.48080032673 0.688606897843 266.91119827 2818.18200271 1.46648098501 2.11971487894 0.101505785756 0.462136106379 0.238859043299 0.176205544003 5.11098753007 4.34077262885
-9999.0 -9999.0 -9999.0 -9999.0 -9999.0 -9999.0 -9999.0 -9999.0 -9999.0 -9999.0 -9999.0 -9999.0 -9999.0 -9999.0 -9999.0 -9999.0 -9999.0 -9999.0 -9999.0 9.35276940854 74.9836153973 140.123802101 147.842728204 5.63583598599 8.40432929878 10.695016435 12.3945072168 24.588113423 25.1450003328 0.549578156134 0.546428570793 299.677030549 300.69611301 301.174353182 2.2215411027 0.294973712451 0.779017952686 1.14061387638 3.4289157687 4.25396512374 4.86561166543 0.549948615122 0.755997495785 0.254687892485 0.502311159971 0.25931798577 2818.51980381 1.06999609276 4.37191837322 0.711665589459 1.26444198726 6.22377578851 6.89263329953 12.6119228699 3.1463841723
-9999.0 -9999.0 -9999.0 -9999.0 -9999.0 -9999.0 -9999.0 -9999.0 -9999.0 -9999.0 -9999.0 -9999.0 -9999.0 -9999.0 -9999.0 -9999.0 -9999.0 -9999.0 10.5189405936 33.6214715455 65.7771513566 85.8677747053 209.524197028 216.12011672 4.94895618178 7.30205920331 9.46538736914 11.0406617652 25.7013603544 26.7779623616 47.4795605882 49.759688384 50.3039040655 301.619233134 304.934683489 0.73537475231 0.519291082418 0.484931588959 0.920304557798 0.422744249416 5.6971694319 5.9913137803 0.993301747413 1.4012028943 0.293095141591 1168.53180323 1169.055579 3987.77733952 3993.35271704 1.35708115669 4.15453747118 1.69708992969 1.01194075788 13.7880890803 17.1820376719
-9999.0 -9999.0 -9999.0 -9999.0 -9999.0 -9999.0 -9999.0 -9999.0 -9999.0 -9999.0 -9999.0 -9999.0 -9999.0 -9999.0 -9999.0 -9999.0 -9999.0 -9999.0 -9999.0 12.0675116284 11.7380832247 22.0956232555 52.5348124351 225.055327603 2.60419494981 2.55820012368 4.5240299579 6.79825452875 16.5426094638 17.6487809889 1.8068713904 1.60857532778 51.0651821172 51.5407214164 357.003541402 357.464672065 0.260178649513 0.227152225562 0.188005613723 0.189908281989 0.208755497172 1162.43749261 1164.29924115 1166.19276382 1166.97033215 1168.20610373 0.298400824597 1.06394387379 1.22484324736 3995.23503094 3995.62569768 3996.43921583 3996.64162672 3996.8735839 17.396723552
-9999.0 -9999.0 -9999.0 -9999.0 -9999.0 -9999.0 -9999.0 -9999.0 -9999.0 -9999.0 -9999.0 -9999.0 -9999.0 -9999.0 -9999.0 -9999.0 -9999.0 -9999.0 -9999.0 -9999.0 10.693589358 11.2252753754 20.8662666422 265.697619617 272.479788939 2.47062461201 4.4331142368 6.78723912788 8.86761258492 1.85118372742 3.22426828258 479.80090538 480.355733167 481.281975865 487.399703168 845.585294133 1150.90760979 1151.56977367 1152.1571403 1152.71881367 1155.3137038 1156.16346677 1.56222089088 0.679056094359 0.425828224648 0.784970311801 0.524605901151 0.851234299783 0.258818750967 6.05475069809 8.29489617823 10.7346951888 10.8036482055 3996.86665098 4014.36051881
-9999.0 -9999.0 -9999.0 -9999.0 -9999.0 -9999.0 -9999.0 -9999.0 -9999.0 -9999.0 -9999.0 -9999.0 -9999.0 -9999.0 -9999.0 -9999.0 -9999.0 -9999.0 -9999.0 -9999.0 -9999.0 10.9127360194 20.9875393791 31.1093941327 280.445900936 3.87914938159 364.80754438 367.257819123 369.183735539 370.717513415 473.574487344 475.203719341 0.626498184321 4.46459797806 5.22142054302 0.623026815591 304.688727658 303.56047015 0.311594800434 0.781128198663 2.10515571595 0.472916575345 0.496863548631 0.34041265207 0.271372336608 0.200454213157 0.239963491945 5.2783598984 5.5348753327 5.86216338529 1.98728880244 2.07858690704 12.0348142611 12.2129192799 12.2610847867
-9999.0 -9999.0 -9999.0 -9999.0 -9999.0 -9999.0 -9999.0 -9999.0 -9999.0 -9999.0 -9999.0 -9999.0 -9999.0 -9999.0 -9999.0 -9999.0 -9999.0 -9999.0 -9999.0 -9999.0 -9999.0 9.92350403843 9.37559825045 48.5358606293 346.284970889 358.352402405 362.825142914 1.83615113189 97.0782610064 99.1518386262 101.39227221 1.48335109879 2.18703561201 2.75385466197 71.3728787383 71.8398694825 72.2381361706 302.896642881 194.33659397 0.437677044223 0.457832348616 0.426642534605 0.302424672398 3.22860404632 3.86714388416 4.41287079136 4.7207215844 5.01366152281 45.8761894635 46.0742271642 46.4556930605 47.3532062569 49.8397029682 49.907065055 62.2362222206
-9999.0 -9999.0 -9999.0 -9999.0 -9999.0 -9999.0 -9999.0 -9999.0 -9999.0 -9999.0 -9999.0 -9999.0 -9999.0 -9999.0 -9999.0 -9999.0 -9999.0 -9999.0 -9999.0 -9999.0 -9999.0 -9999.0 19.513549662 29.7916368451 8.29365474064 2.64275885981 91.2181931224 93.0917193532 94.1477316199 14.710354753 15.8137042281 16.8891552947 17.5383535208 70.2785922886 71.0030358653 35.056797781 107.783016736 108.220950456 194.040384398 0.861290537374 0.440220937523 0.283941695752 2.24990397413 2.63208317151 0.206426031212 0.190469801468 44.9519303229 45.4551838367 45.7032501576 0.399449298539 0.62631064316 49.5326791775 0.178345814297 0.509888538337 0.559580238523
-9999.0 -9999.0 -9999.0 -9999.0 -9999.0 -9999.0 -9999.0 -9999.0 -9999.0 -9999.0 -9999.0 -9999.0 -9999.0 -9999.0 -9999.0 -9999.0 -9999.0 -9999.0 -9999.0 -9999.0 -9999.0 -9999.0 9.8419812608 19.4290842981 75.1039612116 82.7903036882 86.3380378217 12.2993077486 13.735811531 1.05680148251 50.3750896841 51.2916322245 52.0865955958 0.626463738725 33.7416315397 34.5087193356 0.506449311498 191.779776761 1.02627641868 0.526204257747 1.23438048738 1.67648303868 0.298096882613 0.232135351972 42.3933384647 44.506990655 44.8124231241 0.318976736363 0.625703769983 0.784926733859 0.939558710808 1.89520123211 0.186416113726 0.420709191679 0.0828467331969
