data/baseflow/mHMbf_acc535.asc
ncols                  80
nrows                 72
xllcorner      4374000.0
yllcorner      5656000.0
cellsize            500
NODATA_value       -9999
[rows 25 to 49 of 72, columns 0 to 54 of 80]
-9999.0 -9999.0 -9999.0 -9999.0 -9999.0 -9999.0 -9999.0 -9999.0 -9999.0 -9999.0 -9999.0 -9999.0 20.5872430865 40.5149359616 18.493981493 37.2401803289 16.8827362132 126.735182348 160.143414017 177.53468345 16.4774889736 30.13474843 306.735033441 379.204702063 391.008732497 32.0812902388 28.5457303521 38.2525303832 6.17936865756 5.60821186393 10.8664084128 6.25831806697 507.782968357 514.656313346 522.397216155 3467.40343939 7501.64954939 7444.70891742 9.80737395254 4.41619951053 3.91538288166 15.2090333377 11.7383403777 41.1192860909 59.9928498128 122.533485808 11.0354420076 10.9816287333 100.864061954 109.446562045 216.035031421 222.461998256 233.775742082 238.560494975 4.24820862036
-9999.0 -9999.0 -9999.0 -9999.0 -9999.0 -9999.0 -9999.0 -9999.0 -9999.0 -9999.0 -9999.0 -9999.0 -9999.0 18.455022652 37.3051747105 56.4213756051 91.6108781299 18.4653575645 17.1870487488 131.442451619 147.552599993 280.748724168 297.423502108 46.4404204715 16.8296578947 15.9592408806 14.620862992 467.825189997 476.917006083 483.725891213 489.384020924 501.500987413 79.378358162 88.8776859115 620.031639374 11594.1763275 44.3363152884 36.7194772813 16.0687495408 4.62858247093 3.65584854636 23.2534171782 26.3965625672 47.9599716465 3.25304104655 126.530939932 16.843555639 16.3530556795 2.96942217883 2.36422596323 2.27147888074 3.25014316974 2.40871040337 240.987480316 3265.92581913
-9999.0 -9999.0 -9999.0 -9999.0 -9999.0 -9999.0 -9999.0 -9999.0 -9999.0 -9999.0 -9999.0 -9999.0 -9999.0 -9999.0 18.413252874 39.3997868083 59.3417384833 79.8707733671 97.1736060897 115.001661666 51.8613902811 86.4728677046 16.414524486 15.8937031103 389.770586359 421.814253499 437.374338891 454.291634009 13.0915369292 22.7723044092 58.7974226722 64.9466666559 71.6577253913 10.4002359743 10.8956621289 11621.5457272 8.50864288231 13.0545315089 5.98535119434 17.2674658407 8.03066460334 5.08884404292 79.5918156928 85.5332917322 3.86066208237 131.126822696 150.310407117 18.3924332865 3390.78112663 3385.4271387 3380.18357739 3367.35870189 3360.89454132 3277.31332821 3273.45529609
-9999.0 -9999.0 -9999.0 -9999.0 -9999.0 -9999.0 -9999.0 -9999.0 -9999.0 -9999.0 -9999.0 -9999.0 -9999.0 -9999.0 5.16351144266 11.5351299898 19.503863968 179.324774731 196.649594258 17.5804600736 17.5799683069 17.1291222762 324.075461278 357.829492551 16.9052265743 17.2193454182 14.3641071023 58.5074107607 73.2194945695 38.3447893374 46.9497499125 328.620182152 338.936682231 363.228361922 578.546638784 12206.2070326 9.14788495187 5.50418488598 26.0347811608 21.4855214722 4.92869961395 15.3787477905 20.5956992966 91.3499586746 96.5018469068 257.220072453 152.598555028 19.8967267449 3471.96486118 42.5308947814 3375.00100322 3371.37933579 77.8434117207 3.94165936003 3.95505116545
-9999.0 -9999.0 -9999.0 -9999.0 -9999.0 -9999.0 -9999.0 -9999.0 -9999.0 -9999.0 -9999.0 -9999.0 -9999.0 -9999.0 26.6985940525 43.5269949767 90.2572028076 159.190912993 215.852736823 255.867093692 273.204699085 290.881859112 308.389800598 16.4481387369 15.7475766979 30.6462343426 29.4920634016 14.9777338933 283.244026448 297.555483126 311.394233772 324.276575323 179.383163761 187.666733099 202.085139428 12211.4393238 15.8037211486 15.3923844651 44.0736900786 3.72694868179 11.6262267021 6.30561374761 4.84633675717 26.0410667238 4.24777440607 4.47311392103 3753.35626832 3492.44722975 3487.81850982 16.9108076125 39.7915615576 25.0887810406 5.42464066538 68.7510350396 18.2898745903
-9999.0 -9999.0 -9999.0 -9999.0 -9999.0 -9999.0 -9999.0 -9999.0 -9999.0 -9999.0 -9999.0 -9999.0 -9999.0 -9999.0 18.585172796 17.317242983 33.9322241907 51.818382841 19.6568839817 18.5555530681 36.0033719201 53.2037375039 86.1090018979 102.564936566 118.507509717 165.578516733 180.734290681 196.410817937 14.4650652101 142.660013033 154.74965436 164.117015777 6.52616165698 2.42606742812 4.71950821883 12408.7693154 12413.8245256 12439.816638 54.7763902164 7.67794118586 17.4364878694 4.78929757439 8.90332845498 30.4295044527 38.4397797375 8.3036846184 3774.35236457 7.06520215484 9.57902081404 10.327351741 8.65903984132 14.7490171132 6.27613949293 46.1240077822 34.3577418762
-9999.0 -9999.0 -9999.0 -9999.0 -9999.0 -9999.0 -9999.0 -9999.0 -9999.0 -9999.0 -9999.0 -9999.0 -9999.0 -9999.0 -9999.0 16.4259733637 32.5627830736 16.122754248 33.201347874 208.786973776 226.607515995 243.453628323 16.5456202425 16.5970070093 32.3916319658 48.2136103162 77.6395981736 92.4756590021 100.56226837 114.019992058 11.7301256855 9.36260270657 176.151285216 179.133338519 182.793008078 187.254358999 160.66488697 12619.7163149 12703.2976079 12706.7840531 12727.3015427 12745.2212424 12759.8766532 4.65368043536 42.411504298 3778.99123464 11.1555297327 5.70528577903 6.31722332961 5.61021933353 9.56233497958 8.02305510921 4.56820917546 6.44346815629 5.67682906668
-9999.0 -9999.0 -9999.0 -9999.0 -9999.0 -9999.0 -9999.0 -9999.0 -9999.0 -9999.0 -9999.0 -9999.0 -9999.0 -9999.0 -9999.0 -9999.0 48.4208614784 65.912301237 118.195594693 157.342944681 21.4093480833 283.344049749 299.689305608 315.665747712 16.3200301539 32.0417741953 14.8988990366 108.303455373 115.685932919 127.585221231 139.893891318 167.869144961 171.805183509 2.54770562248 142.047928204 151.276637891 156.300832576 174.73007137 23.9705021302 15.3555371407 9.14414268704 8.6703407916 12773.5681736 12781.3320269 12854.5523787 3784.18653858 30.5086500758 14.784788458 10.05697242 3.06195263891 26.5594824584 13.2627761021 4.22194378069 22.3314491573 18.6892089417
-9999.0 -9999.0 -9999.0 -9999.0 -9999.0 -9999.0 -9999.0 -9999.0 -9999.0 -9999.0 -9999.0 -9999.0 -9999.0 -9999.0 -9999.0 -9999.0 17.7657397028 83.2130491996 101.602518731 21.8590230762 17.2243446272 34.5994543667 50.9888606007 382.950316507 16.0856726469 64.782706898 80.1331831576 95.1511417164 7.92671571063 18.8929282418 24.0128621655 113.844166935 125.924477477 130.270056394 4.72694169739 4.21050141412 4.76917603551 8.88232500363 3.56916495502 3.70396524389 7.10570425322 5.2247496676 7.21568338021 24.9654354278 12862.7191088 16667.6317604 37.3749765711 4.82090492232 3.26329648574 80.4226562357 73.7501152158 42.6277837173 37.9503689387 28.0394885641 6.3902651524
-9999.0 -9999.0 -9999.0 -9999.0 -9999.0 -9999.0 -9999.0 -9999.0 -9999.0 -9999.0 -9999.0 -9999.0 -9999.0 -9999.0 -9999.0 14.7923653954 49.0903338094 16.3929186164 20.9630165459 18.4706876642 36.1530335371 53.1916563238 71.2782107557 472.113261985 487.671471893 15.9718719219 31.2883368356 46.7231940913 57.1489062768 67.8866643241 97.5709359398 109.173579249 6.21759571634 6.04555800437 5.29184247323 7.73048574773 7.26482299123 7.84035506092 6.22214498198 7.01700342943 29.1530890859 13.7101622935 7.98167530803 7.78248915739 7.13221789124 13.4684933153 16910.0541292 201.10617976 97.4704519294 8.66930046299 3.7776457605 3.51199661095 11.5210384941 7.78599357085 3.84538716009
-9999.0 -9999.0 -9999.0 -9999.0 -9999.0 -9999.0 -9999.0 -9999.0 -9999.0 -9999.0 -9999.0 -9999.0 -9999.0 -9999.0 15.2747320381 30.0231375101 110.288802748 16.0330837177 42.5804080845 60.5207977866 77.8700361204 17.9278321039 34.3900142639 53.689038457 558.635138968 15.1866590585 29.6771437793 44.3020842758 13.6215182136 26.5884941228 31.5988926032 41.6880319717 1046.53747677 1060.57597582 1073.44876182 1141.86340186 1163.47120958 1216.81791273 14.4867847658 29.5258204278 36.3270227455 1387.26371506 1402.03701038 7.33725334231 12.8224001982 18.1744437935 16916.0869639 193.131339821 84.7673031315 80.5040505559 69.9845654289 64.0589289106 15.3578135059 3.85341375619 7.05071373207
-9999.0 -9999.0 -9999.0 -9999.0 -9999.0 -9999.0 -9999.0 -9999.0 -9999.0 -9999.0 -9999.0 -9999.0 -9999.0 -9999.0 15.4570807756 47.1315455516 173.098647423 255.318234135 14.6350900497 338.829480175 434.292179373 17.0133705683 33.2445300591 52.0332366448 710.757440093 727.880532859 14.28483472 73.0804817493 86.6921173084 96.7677764223 958.889724981 981.864544266 998.953359042 8.48127137702 48.5200169971 57.6681482886 27.9083237246 40.1734072887 1274.8658578 1323.25404897 1333.90529698 1344.07880364 1415.83129577 6.75191910622 6.13136744195 29.6958252644 16923.3192382 6.46511207243 2.31009039624 6.80065112632 2.54449991827 57.1303403199 49.9850523214 29.3363772885 20.8209694986
-9999.0 -9999.0 -9999.0 -9999.0 -9999.0 -9999.0 -9999.0 -9999.0 -9999.0 -9999.0 -9999.0 -9999.0 -9999.0 -9999.0 -9999.0 -9999.0 33.4167671593 67.3493129418 303.989347696 321.662425144 449.883208713 467.68792963 17.2758175323 34.5358554203 84.8110475039 744.430296986 774.696635061 787.747454802 11.4683636195 832.791105709 855.515234714 15.4667275995 8.62523057817 16.7732772448 33.068624158 8.21412185876 16.9298043243 38.6490708872 48.7876920126 9.37400666915 6.77671413094 13.6316067023 1461.77341147 1474.83586817 1480.31717616 1523.68277608 16929.9825281 4.4059472345 1.55884998707 1.8721638616 1.77405892928 1.82894542567 1.57027963189 2.89103602492 3.11245453921
-9999.0 -9999.0 -9999.0 -9999.0 -9999.0 -9999.0 -9999.0 -9999.0 -9999.0 -9999.0 -9999.0 -9999.0 -9999.0 -9999.0 -9999.0 -9999.0 17.4789926938 17.1211972774 17.1671888674 35.8111100912 16.0319902618 499.391524109 515.904191793 17.1763926404 33.6186279384 16.7599219943 15.0891570326 14.7561372563 812.312113912 6.82674822256 14.5023927543 8.7398372509 8.96014682292 8.10953606869 6.85152847304 7.09520575522 22.0554506579 30.1697371752 6.31487515347 5.61385880197 12.1553469497 20.02685668 24.5044238296 5.66017213363 1487.78363599 1529.53616134 16935.2211566 14.0715247202 5.61754266755 1.15990123802 2.63682806548 0.891515894907 0.659219243824 3.64470525976 15.4299573017
-9999.0 -9999.0 -9999.0 -9999.0 -9999.0 -9999.0 -9999.0 -9999.0 -9999.0 -9999.0 -9999.0 -9999.0 -9999.0 -9999.0 -9999.0 -9999.0 -9999.0 -9999.0 16.9723637413 51.5265226151 65.7872785359 81.2281888427 530.996220447 546.114681226 562.042875068 580.485310228 594.959969885 624.752584776 631.694637856 637.90995008 644.424241173 7.67892458077 7.51568670692 7.93328218508 29.2738395281 7.77743642774 7.67650790068 6.24628852755 18.6051015909 7.21884290647 5.86408784885 5.47485220816 4.6924288352 9.3660912023 13.7015698388 1558.58614098 18513.5077366 4.00903839663 9.16665034797 0.924241558029 3.63218866128 2.0046482137 1.32981697652 31.5154669112 25.3530027962
-9999.0 -9999.0 -9999.0 -9999.0 -9999.0 -9999.0 -9999.0 -9999.0 -9999.0 -9999.0 -9999.0 -9999.0 -9999.0 -9999.0 -9999.0 -9999.0 -9999.0 -9999.0 -9999.0 14.2207304688 112.203086703 224.389331277 240.931463482 20.9722081967 38.6777044079 54.9468362947 69.7406861057 163.076090152 170.720459082 7.48814436519 7.68351036123 659.537252142 674.005246296 681.025338073 35.3415574179 5.65860476457 14.0832906261 20.6999715519 61.9129132715 75.8569388542 87.3273586172 10.584372885 14.9494108546 5.16031121791 10.3136155423 5.32415077939 18524.1679138 4.13987542662 16.7833611351 5.97283111791 12.7201204785 33.1640654675 36.6333109945 70.2260559964 28.0742258751
-9999.0 -9999.0 -9999.0 -9999.0 -9999.0 -9999.0 -9999.0 -9999.0 -9999.0 -9999.0 -9999.0 -9999.0 -9999.0 -9999.0 -9999.0 -9999.0 -9999.0 -9999.0 15.7961584124 50.0941415518 98.2119819587 128.476883274 333.642398952 352.707915643 33.8840188747 50.2335862994 64.9961731561 79.7219950201 177.694164628 192.517475919 332.275223804 342.98178726 349.287986207 688.341633422 743.723880669 13.3308506862 8.74685779953 8.39502370698 16.4411701265 7.67873827871 102.136180083 107.731941674 19.8179971899 23.9382151819 4.876843434 4423.08253011 4434.50883405 22966.3315179 22989.1985029 3.77739259621 20.4041089139 7.85111763399 6.80309696793 82.2540585685 113.970264228
-9999.0 -9999.0 -9999.0 -9999.0 -9999.0 -9999.0 -9999.0 -9999.0 -9999.0 -9999.0 -9999.0 -9999.0 -9999.0 -9999.0 -9999.0 -9999.0 -9999.0 -9999.0 -9999.0 17.8054967161 17.3817752698 32.9622921167 78.3584237831 367.734137828 17.3519501033 17.1387251752 32.1879940992 47.3297689905 111.753148988 120.546766643 6.39329339383 7.56467669535 358.804444041 366.57109797 1116.99373 1123.18312633 5.43150784467 4.88324464825 4.4010130117 4.43956030579 4.77775125078 4324.64798675 4359.1603726 4387.56441747 4396.76887865 4418.82925666 6.18975427807 23.157214794 29.2873876624 23030.3469334 23034.4344193 23037.8185926 23042.2229341 23046.195855 119.426055093
-9999.0 -9999.0 -9999.0 -9999.0 -9999.0 -9999.0 -9999.0 -9999.0 -9999.0 -9999.0 -9999.0 -9999.0 -9999.0 -9999.0 -9999.0 -9999.0 -9999.0 -9999.0 -9999.0 -9999.0 16.0181228706 16.7283468515 31.108001696 428.47047095 445.488396516 16.8039982812 31.8484092453 47.307984261 56.963687552 7.88057949883 16.6289679221 962.252760887 970.20483106 976.510093048 1031.05506812 2160.51735403 4110.5337636 4123.07076296 4135.10422898 4146.70063099 4195.55443502 4211.0985004 29.5253606823 13.4683659027 7.79872046687 14.7850412855 11.5736513896 18.156887093 5.742453283 128.791516551 144.504286685 156.057735581 159.438997992 23049.8562456 23174.4007263
-9999.0 -9999.0 -9999.0 -9999.0 -9999.0 -9999.0 -9999.0 -9999.0 -9999.0 -9999.0 -9999.0 -9999.0 -9999.0 -9999.0 -9999.0 -9999.0 -9999.0 -9999.0 -9999.0 -9999.0 -9999.0 16.2359982667 31.1760361808 46.1983931969 458.470996804 17.1904768056 626.566693408 642.499589614 650.162399355 658.740967902 926.281943729 936.516458185 8.54768758906 40.6130062306 49.4156298782 9.13716802372 1937.46958771 1920.3085879 6.36360707225 14.2420831357 38.1707108451 8.342596272 8.84244931711 6.89713759479 6.04168019029 4.80590045792 5.58960100902 109.799181406 115.626038204 122.515561527 10.0708763615 7.01119196627 163.212113259 167.794730215 170.456128139
-9999.0 -9999.0 -9999.0 -9999.0 -9999.0 -9999.0 -9999.0 -9999.0 -9999.0 -9999.0 -9999.0 -9999.0 -9999.0 -9999.0 -9999.0 -9999.0 -9999.0 -9999.0 -9999.0 -9999.0 -9999.0 14.839718381 13.9634428462 72.2202064882 561.182798835 593.743211518 611.887103057 16.4995015063 248.007363482 255.264865895 259.116330918 9.18213291955 18.8584260815 27.358050273 441.034049821 448.207509355 454.944853798 1907.08351731 1168.26827888 7.84402940892 8.11793569444 7.82874210219 6.47180617996 65.2829270355 78.750943022 90.6885359817 97.3495703464 103.792288 586.788876276 591.684109593 596.229657131 606.515251807 666.791130149 670.077219919 844.123954573
-9999.0 -9999.0 -9999.0 -9999.0 -9999.0 -9999.0 -9999.0 -9999.0 -9999.0 -9999.0 -9999.0 -9999.0 -9999.0 -9999.0 -9999.0 -9999.0 -9999.0 -9999.0 -9999.0 -9999.0 -9999.0 -9999.0 29.0017149293 44.3121216141 16.9819316478 17.1268880234 192.294728886 209.082043201 221.395843051 91.044018031 98.502991549 106.825965204 115.607966342 425.233796689 434.534436672 260.500913154 723.829092324 731.771195722 1161.4668461 16.2573900973 8.25775410304 6.13343537785 44.6125160788 52.5029653075 5.27227370974 4.92066305119 563.432506573 575.797838805 582.072271043 5.22476317303 7.49144765499 656.59553196 6.29807796606 26.6647858992 29.5813510693
-9999.0 -9999.0 -9999.0 -9999.0 -9999.0 -9999.0 -9999.0 -9999.0 -9999.0 -9999.0 -9999.0 -9999.0 -9999.0 -9999.0 -9999.0 -9999.0 -9999.0 -9999.0 -9999.0 -9999.0 -9999.0 -9999.0 14.5208135798 28.7595155564 123.343639333 140.828054618 159.219097015 69.9763405035 83.9774490018 7.74434078606 285.096881878 292.746464416 301.07183828 8.4407290151 243.067687996 252.64572719 7.96106438243 1119.50736296 17.6362852855 8.68197929071 23.6223070302 31.9045904457 6.70543426565 5.59185126672 502.297822343 551.978091306 559.232802197 7.21667778666 16.6736556379 20.9441235996 24.7072215934 47.0700296737 9.81868482382 21.8738890469 4.35611108153
-9999.0 -9999.0 -9999.0 -9999.0 -9999.0 -9999.0 -9999.0 -9999.0 -9999.0 -9999.0 -9999.0 -9999.0 -9999.0 -9999.0 -9999.0 -9999.0 -9999.0 -9999.0 -9999.0 -9999.0 -9999.0 -9999.0 14.2964334801 45.3193131421 79.863896799 19.5305127999 36.7868100947 54.2202797285 252.264263855 262.042836113 269.89684654 7.01409639747 193.052279409 217.725453877 226.637140098 6.52849031179 1085.38875098 1103.80335146 8.93317778461 8.29980976681 16.9242406792 7.31271293488 464.480799615 478.159876043 486.262070728 31.0557928795 38.5796955034 6.68187148629 12.0922347328 5.45448323982 36.5641734079 5.5853115156 5.61008008297 6.05142029526 6.09663621482
-9999.0 -9999.0 -9999.0 -9999.0 -9999.0 -9999.0 -9999.0 -9999.0 -9999.0 -9999.0 -9999.0 -9999.0 -9999.0 -9999.0 -9999.0 -9999.0 -9999.0 -9999.0 -9999.0 -9999.0 -9999.0 -9999.0 -9999.0 16.0548440281 18.0559434521 20.3531844117 168.929171915 185.879148319 236.576857286 11.5305474322 161.524506316 179.116109314 8.39264208468 17.4253795344 7.4210789907 1062.22747694 9.08707017203 24.4785241796 31.447337075 38.0038130287 417.353699477 442.739852353 451.298625706 8.57746986764 16.3024899221 23.3944401403 4.70952373403 4.27785806122 1203.69946404 1208.0815567 1211.66466633 1247.91535067 1252.50646166 1259.13892278 1264.1086935
