data/baseflow/mHMbf_acc550.asc
ncols                  80
nrows                 72
xllcorner      4374000.0
yllcorner      5656000.0
cellsize            500
NODATA_value       -9999
[rows 25 to 49 of 72, columns 0 to 54 of 80]
-9999.0 -9999.0 -9999.0 -9999.0 -9999.0 -9999.0 -9999.0 -9999.0 -9999.0 -9999.0 -9999.0 -9999.0 15.272198203 30.0553667685 13.1925250793 25.9447430847 9.9085637773 85.5244573936 104.008160427 113.726722707 8.47414196187 15.9644703391 183.596364665 222.428165094 228.890575083 15.194577128 14.5318653956 19.9861106743 3.24045789054 2.72629458685 5.03533169506 2.11377969008 327.323162177 329.545333314 331.341404691 1909.72115206 3639.00020621 3617.31979887 2.9425758609 1.67487280476 1.47965893355 5.77604899952 4.66542380541 14.7420102873 21.740617786 44.0805349576 4.1723311948 4.14199289839 35.3475976913 38.5898341037 76.8962574866 78.6666879312 83.1907281225 84.448982623 1.20434780278
-9999.0 -9999.0 -9999.0 -9999.0 -9999.0 -9999.0 -9999.0 -9999.0 -9999.0 -9999.0 -9999.0 -9999.0 -9999.0 13.6571743012 27.6407052024 42.0673341933 63.9712870709 11.659647219 9.82752614481 84.9739636868 93.5117800106 168.847534726 178.4697037 25.5742639194 7.92099295811 6.98031694362 6.86627328703 310.883115355 314.495340662 317.953867824 320.675364014 325.231085331 35.2302607774 37.7698308944 371.9113229 5923.0741708 14.8787618556 11.0931229651 4.87813144996 1.39790813725 1.16165404043 8.724991896 9.63843041795 16.8973851402 1.05346152348 45.4519450722 6.34463818439 6.17513282937 0.971884572838 0.645896097857 0.603493649874 0.770365711112 0.648933178951 85.1254397085 1135.9144938
-9999.0 -9999.0 -9999.0 -9999.0 -9999.0 -9999.0 -9999.0 -9999.0 -9999.0 -9999.0 -9999.0 -9999.0 -9999.0 -9999.0 12.5671145059 27.5537245371 41.4711786154 55.5572537403 65.4248174316 75.8556805358 29.5694982332 49.9233426427 9.20367738798 8.24107661563 275.643228558 291.145613363 297.812468348 305.503859549 5.25824189854 8.84945365758 24.3580374825 29.0571562661 32.3777312805 3.07434660964 3.69554579095 5934.90351773 4.06330670318 4.58182186307 2.43775036562 6.27986385664 2.85444979097 1.84572643897 28.0472365581 30.0872497808 0.922415163979 46.6887945161 54.1148231827 7.57318115697 1176.51732377 1174.81007669 1173.39860398 1170.20085386 1168.7332068 1141.4831976 1139.93904753
-9999.0 -9999.0 -9999.0 -9999.0 -9999.0 -9999.0 -9999.0 -9999.0 -9999.0 -9999.0 -9999.0 -9999.0 -9999.0 -9999.0 4.69988428273 10.1135764164 14.456480277 150.273474007 160.474757718 10.592436136 10.1082230144 10.1775610164 240.977320879 260.129660563 8.98653977043 9.09468043214 6.2116307958 27.2763266648 34.1387271981 16.0304994189 20.035928569 171.155412792 175.459580927 184.630029593 289.699445724 6227.75930649 4.71962318805 2.01055174429 10.0003694263 8.1174543321 1.42028129831 4.85806294219 6.39229207413 31.8648381407 33.4157827581 90.0339806567 54.5966877934 8.25940316819 1203.94702698 12.6625904806 1172.10988009 1171.23555336 25.6902357902 1.28020220154 2.18695473239
-9999.0 -9999.0 -9999.0 -9999.0 -9999.0 -9999.0 -9999.0 -9999.0 -9999.0 -9999.0 -9999.0 -9999.0 -9999.0 -9999.0 23.6010042397 38.7432198488 77.1844877993 137.328435895 175.001729401 202.544969837 212.518288386 222.916006663 232.844586515 9.06599034871 7.52897623722 14.5333953183 13.4111254727 7.48178871946 150.365448958 156.923778572 162.910472579 168.479955363 89.0740561411 92.4055208436 99.5396472238 6230.45558125 8.53456006043 6.79434137986 18.1449683646 1.69202342559 4.084926414 2.45375374475 1.38034015258 8.24460963965 1.160928932 1.23772919059 1301.30793323 1210.39256434 1209.13423356 5.52310485465 11.6437793174 6.88026074394 1.13247092567 22.0685958827 5.09577986643
-9999.0 -9999.0 -9999.0 -9999.0 -9999.0 -9999.0 -9999.0 -9999.0 -9999.0 -9999.0 -9999.0 -9999.0 -9999.0 -9999.0 16.510032661 15.5908767741 30.660462676 45.9664571959 14.6895073572 14.6148837653 25.6300598798 36.1079524362 55.5366044934 64.9075998763 72.4835368475 95.0795049602 101.886568377 110.168787009 7.02776622542 71.2141713193 76.6280467717 81.5141183436 3.89577647817 2.20363365396 3.61458645255 6335.41702869 6337.99265432 6351.82939748 23.0812715759 3.53060361077 6.43316384597 1.62672199313 2.48429496169 9.52883887017 11.6890514275 2.24228443819 1307.56609484 2.40288131089 3.06167706423 3.23990993297 2.94964229461 4.6193938303 1.90035245175 16.1265567136 12.151404901
-9999.0 -9999.0 -9999.0 -9999.0 -9999.0 -9999.0 -9999.0 -9999.0 -9999.0 -9999.0 -9999.0 -9999.0 -9999.0 -9999.0 -9999.0 14.8948520619 29.2288943183 13.8089564916 28.8607615927 174.776615419 185.32151175 194.83212622 9.51995851273 9.56637050304 17.0855008368 25.0090086995 38.1212308782 45.2785203022 50.9441506704 57.578089206 4.93322861499 4.07405550498 91.2403434478 94.2764410396 96.175253275 98.5662761943 85.7997061397 6447.83154266 6485.28285885 6486.61796747 6494.13093514 6500.90175099 6504.54873585 1.11181956968 12.7045477501 1308.61580765 2.4832774387 1.27590031044 2.19561688854 2.2079554563 3.49882936973 2.31971489507 1.39480286908 2.35034241301 1.92659357506
-9999.0 -9999.0 -9999.0 -9999.0 -9999.0 -9999.0 -9999.0 -9999.0 -9999.0 -9999.0 -9999.0 -9999.0 -9999.0 -9999.0 -9999.0 -9999.0 43.3944321631 57.6582663854 101.271597651 131.271173243 15.109669259 222.266547444 231.508912995 239.755976504 8.0617292571 15.6079747782 6.46568964706 51.5417495612 55.8914683532 63.2402044931 70.8723597703 84.7383138973 88.4713253169 2.13798418528 75.3520522931 80.5055272335 83.4904054729 93.4054844434 12.0988157653 7.26900743891 3.88970246903 3.4529407695 6508.89544236 6510.97987337 6533.38142806 1309.78176441 8.02786812954 4.49687341085 3.21550223217 0.7768778565 8.53624868475 4.00339908566 1.2392076118 6.85282669243 5.84592168829
-9999.0 -9999.0 -9999.0 -9999.0 -9999.0 -9999.0 -9999.0 -9999.0 -9999.0 -9999.0 -9999.0 -9999.0 -9999.0 -9999.0 -9999.0 -9999.0 15.1019363311 72.4392440029 87.7341705603 15.3419437158 10.5468613519 22.4487526242 32.6901890611 281.19707587 7.93021239884 32.0616632002 38.9547802128 45.6918073485 4.97590871433 11.1827867106 13.8330318111 58.2037608591 65.3927311912 68.0354494686 2.72943209603 2.23893097795 2.43574319457 4.50242002116 1.82799032558 1.82424191711 2.64633106276 2.00446843879 2.49560478376 8.50404478638 6535.36750198 7850.27533458 10.327131694 2.17975928507 1.03926731708 25.3279777896 23.5816191136 13.610903128 12.0908881529 8.79053738715 2.31512893864
-9999.0 -9999.0 -9999.0 -9999.0 -9999.0 -9999.0 -9999.0 -9999.0 -9999.0 -9999.0 -9999.0 -9999.0 -9999.0 -9999.0 -9999.0 13.1247658717 41.9046978647 13.7014286408 13.8524972586 12.3680913775 23.3637688329 34.1803446081 44.4675171785 337.775325032 345.273937427 7.85899318973 14.802752814 21.8876050213 26.9582312365 32.2779968795 49.9335416161 55.6519254816 3.87710801433 2.49812361454 2.07613773082 1.96600097626 2.75487624979 2.99061531422 2.78904682273 3.31119620382 11.3721230124 5.1899143374 3.08232913972 3.05864483999 1.9557698343 3.53764736835 7952.67366059 90.9573968463 33.7087324706 5.07587645816 2.45729008991 1.4507462797 4.02734526353 2.40842478137 1.09211983134
-9999.0 -9999.0 -9999.0 -9999.0 -9999.0 -9999.0 -9999.0 -9999.0 -9999.0 -9999.0 -9999.0 -9999.0 -9999.0 -9999.0 13.6300880125 26.6722640074 95.5834695708 13.5849656513 28.418385541 40.0134986328 50.2599721357 11.1298030563 20.0622508764 31.7093735735 388.058757308 7.15005846133 13.4031597514 19.9465536046 6.37186824798 12.4426667367 15.7853132518 20.2574959505 630.965620983 636.550691825 642.538683204 670.609824041 677.434212368 695.758361539 6.05763199813 12.7508550875 14.1874574702 754.868756762 759.716019802 2.77543780159 4.03667791597 5.28227335769 7954.71164805 87.4914781802 46.701870221 43.6528450227 33.4324982686 28.095990535 5.30548603298 1.48395722816 2.21381336686
-9999.0 -9999.0 -9999.0 -9999.0 -9999.0 -9999.0 -9999.0 -9999.0 -9999.0 -9999.0 -9999.0 -9999.0 -9999.0 -9999.0 13.8567664233 42.2305670201 151.827411187 226.592044444 12.3546167367 297.963839371 360.928396205 10.0012798519 18.7882377773 29.6257948278 474.751953269 484.061654632 5.79305912572 31.7677138676 37.3328223934 42.0869387507 590.024601341 601.12642166 608.352181691 3.59419789143 19.8102865075 23.8238157145 9.48918236284 13.3389411028 714.641440761 733.281983552 736.302984273 739.117944042 762.960365336 1.58729691387 1.41524550357 8.02615517045 7957.37949335 3.83879867192 2.53054936096 7.66053146476 3.03369932675 24.4030167236 20.4744122211 12.4033526394 8.19024324556
-9999.0 -9999.0 -9999.0 -9999.0 -9999.0 -9999.0 -9999.0 -9999.0 -9999.0 -9999.0 -9999.0 -9999.0 -9999.0 -9999.0 -9999.0 -9999.0 30.3677269406 61.4792203395 269.675355129 285.043205934 374.376877848 387.507957143 9.90357429766 19.8236937807 46.1002376754 495.380107127 509.461546514 514.528525763 4.06343369322 532.727165301 544.24671675 7.4332355536 3.57245200895 6.47628780877 12.8147492095 3.18937917378 6.24163479571 13.2220288075 16.4528993539 3.36818039095 2.11222261707 4.10439977575 778.630219748 783.455367668 784.647761658 796.425889412 7959.57930002 2.96208704403 1.51091788935 1.98978092566 1.8671248668 1.94086529974 1.57413898783 2.85586235605 1.63765600635
-9999.0 -9999.0 -9999.0 -9999.0 -9999.0 -9999.0 -9999.0 -9999.0 -9999.0 -9999.0 -9999.0 -9999.0 -9999.0 -9999.0 -9999.0 -9999.0 16.1075818203 15.7285689407 15.4583420226 30.1244138855 13.3965274573 414.155494953 426.143421186 9.3244227588 17.9094501132 8.5881442396 6.88552413213 6.55414996475 524.969843259 3.79459700478 8.13558654437 3.89942765281 3.48163925513 3.16843552639 2.36511188339 2.49663783984 7.79634103884 10.8284554281 2.05313211116 1.80517477077 4.04491149623 7.00213049156 8.86550282958 2.41668303785 786.831666627 797.798904494 7961.39256036 9.65305743008 3.54716474695 1.00824481289 2.59137133001 0.751497790795 0.528830299475 3.46224619371 7.39909143056
-9999.0 -9999.0 -9999.0 -9999.0 -9999.0 -9999.0 -9999.0 -9999.0 -9999.0 -9999.0 -9999.0 -9999.0 -9999.0 -9999.0 -9999.0 -9999.0 -9999.0 -9999.0 15.5688572241 44.30252641 56.7775697475 69.8459904492 438.732183544 450.943560184 462.615472855 473.576261576 479.824193994 493.068174122 496.392922573 499.868811234 502.419948202 2.78621625915 2.59312481037 2.88821939483 10.4438530569 2.89794578219 2.76217662977 2.01029846178 5.95905464198 2.58030474258 1.91735325449 1.74288884137 1.44056313517 2.87335288325 4.17527163097 806.600196998 8779.26664701 3.07035510281 5.5446549327 0.71858327258 3.41333842702 1.67487349416 1.06473899522 16.587361792 12.0650912151
-9999.0 -9999.0 -9999.0 -9999.0 -9999.0 -9999.0 -9999.0 -9999.0 -9999.0 -9999.0 -9999.0 -9999.0 -9999.0 -9999.0 -9999.0 -9999.0 -9999.0 -9999.0 -9999.0 12.8952252388 103.135244647 201.083664606 214.515597434 14.130296996 23.8206143664 32.4521673462 39.1483787692 86.6848310549 89.6222882381 2.85704552357 2.83256727147 508.944789436 514.295447921 516.654446537 12.3211154333 1.76714311529 4.8388412506 6.99005177328 20.7353907088 25.5661678581 29.2720507248 3.31993919708 4.61243577663 1.61226985514 3.24494789433 1.70763442461 8782.06658441 2.79402205492 10.9744673202 3.16489375413 7.31010707788 21.9987240102 24.3227132514 42.2788950045 9.87171482791
-9999.0 -9999.0 -9999.0 -9999.0 -9999.0 -9999.0 -9999.0 -9999.0 -9999.0 -9999.0 -9999.0 -9999.0 -9999.0 -9999.0 -9999.0 -9999.0 -9999.0 -9999.0 14.4603746417 46.1907652415 90.4341310429 118.09283343 299.686296528 313.113209791 18.7659457936 27.5595682918 34.7749124573 41.5735564134 92.6770030978 98.427910886 170.356754396 175.985416755 179.217989162 519.165502386 538.261368217 4.53017192095 3.25798328946 3.05746225866 5.8700368104 2.67317388903 34.447550334 36.2302869439 6.14965609194 7.82696089507 2.05643806322 2780.26746286 2784.17955816 11568.2008068 11582.524423 2.95484746553 13.3433100556 6.13633571689 4.4479610938 48.5753514281 59.8864061151
-9999.0 -9999.0 -9999.0 -9999.0 -9999.0 -9999.0 -9999.0 -9999.0 -9999.0 -9999.0 -9999.0 -9999.0 -9999.0 -9999.0 -9999.0 -9999.0 -9999.0 -9999.0 -9999.0 16.5656962399 16.1468351968 30.444152988 72.224565121 326.055426909 9.88117865803 9.69280025858 16.7332736935 24.3282386662 58.2579489181 62.8760108499 3.64344573875 3.75362941921 183.041201625 186.010137553 727.166420476 729.840589028 1.62845190295 1.41164994935 1.19819014519 1.21117545914 1.34241366258 2745.31281108 2757.45547456 2766.86625217 2770.57476682 2778.65391997 2.13436706886 7.77715457061 9.36627995728 11596.0164131 11597.5524089 11598.7626528 11599.7085501 11600.7317472 61.9637848907
-9999.0 -9999.0 -9999.0 -9999.0 -9999.0 -9999.0 -9999.0 -9999.0 -9999.0 -9999.0 -9999.0 -9999.0 -9999.0 -9999.0 -9999.0 -9999.0 -9999.0 -9999.0 -9999.0 -9999.0 14.7446865695 15.4669671974 28.6688195856 381.883354586 394.280464041 9.34236999599 16.3777312113 24.2747740375 30.2285177364 4.9881893514 8.96114364872 769.442702905 772.219238463 775.544800897 799.840167969 1532.35462015 2674.69738045 2678.70202344 2682.40165187 2685.87875533 2701.98488578 2707.32240089 10.5903917393 4.65137114522 2.93150985923 5.42559463682 3.89067201187 6.22158551881 1.90835084863 44.7067032751 53.3403095846 60.5696651477 61.2750589857 11601.2072392 11664.424824
-9999.0 -9999.0 -9999.0 -9999.0 -9999.0 -9999.0 -9999.0 -9999.0 -9999.0 -9999.0 -9999.0 -9999.0 -9999.0 -9999.0 -9999.0 -9999.0 -9999.0 -9999.0 -9999.0 -9999.0 -9999.0 15.0587711198 28.8730301091 42.750708825 405.478032775 10.0244343861 539.058830118 547.438955757 552.333297551 556.709581048 751.2662461 756.460329331 3.39727090604 17.7614057675 21.8443256787 3.75739472658 1138.41120918 1131.77423195 1.91112454752 4.61873817417 13.048097088 3.01305933176 3.38876572886 2.40845618037 2.0326276543 1.49857904453 1.85405314999 38.4441148123 40.4292153432 42.9402848413 6.79428375663 5.34858843686 64.3414323324 65.7735942018 66.3000613542
-9999.0 -9999.0 -9999.0 -9999.0 -9999.0 -9999.0 -9999.0 -9999.0 -9999.0 -9999.0 -9999.0 -9999.0 -9999.0 -9999.0 -9999.0 -9999.0 -9999.0 -9999.0 -9999.0 -9999.0 -9999.0 13.6793617986 12.8616705599 66.7795726409 498.259376505 521.075658488 532.082824473 8.10722766639 180.305183177 185.515537761 188.225850973 4.44786660193 8.41508546912 11.9221863089 257.587563933 260.196602088 262.441665273 1127.72634686 707.968087153 2.62508756266 2.89749141189 2.72557701347 2.08057420449 22.9589191837 27.7152984087 31.7821342931 34.1465546066 36.4010290698 262.401980015 263.977526302 265.767800828 269.691001443 289.900000934 290.618007876 357.664552786
-9999.0 -9999.0 -9999.0 -9999.0 -9999.0 -9999.0 -9999.0 -9999.0 -9999.0 -9999.0 -9999.0 -9999.0 -9999.0 -9999.0 -9999.0 -9999.0 -9999.0 -9999.0 -9999.0 -9999.0 -9999.0 -9999.0 26.8325969311 41.0720774045 13.8833678379 9.97576425398 152.976021461 161.666256757 167.32482967 52.246530301 56.4072444561 60.7298597203 64.2950792835 251.262039577 255.359342662 149.300014939 414.834396974 417.632980605 706.039116547 5.84096244854 3.03419275572 1.95911439323 15.9767947608 18.8201706403 1.69048380834 1.57149343457 254.535350305 258.82478251 260.969177349 1.9509380601 2.86060141522 286.789532984 1.72440613971 6.51766767544 7.11989289446
-9999.0 -9999.0 -9999.0 -9999.0 -9999.0 -9999.0 -9999.0 -9999.0 -9999.0 -9999.0 -9999.0 -9999.0 -9999.0 -9999.0 -9999.0 -9999.0 -9999.0 -9999.0 -9999.0 -9999.0 -9999.0 -9999.0 13.5004237521 26.7096919611 110.599177453 124.316775088 134.853854175 40.9996671984 47.9420202912 4.91909171076 175.033956108 179.270134188 183.209287398 3.79283639193 141.8766203 146.189216918 3.01314368632 690.867318487 6.67682588317 3.32984640793 8.80407436826 11.8510711361 2.23081937274 1.73268092606 232.625485885 250.672306986 253.289737459 2.66330377867 5.67049603104 7.00069258036 8.32013495718 15.947681097 2.38885452512 5.40070022526 0.984066586168
-9999.0 -9999.0 -9999.0 -9999.0 -9999.0 -9999.0 -9999.0 -9999.0 -9999.0 -9999.0 -9999.0 -9999.0 -9999.0 -9999.0 -9999.0 -9999.0 -9999.0 -9999.0 -9999.0 -9999.0 -9999.0 -9999.0 13.3679179641 41.9955291444 71.2885932516 13.9539695799 23.2857331306 33.1782698935 155.186596415 161.413211309 166.040794813 3.92751745559 117.015073982 130.74592354 134.88522807 2.59568846136 677.331692227 685.117478558 3.64148649555 3.22444781971 6.5875940902 2.61184478823 219.981391109 224.618861651 227.640420386 11.4286181006 14.2804512183 2.40902650635 4.22467666313 1.83510388788 12.4393251916 1.89605401411 1.43766839025 1.52252489871 1.52384876105
-9999.0 -9999.0 -9999.0 -9999.0 -9999.0 -9999.0 -9999.0 -9999.0 -9999.0 -9999.0 -9999.0 -9999.0 -9999.0 -9999.0 -9999.0 -9999.0 -9999.0 -9999.0 -9999.0 -9999.0 -9999.0 -9999.0 -9999.0 14.6212880285 15.1053302998 13.3042457558 110.165766515 119.491889266 147.125666938 6.44353206783 98.3452446805 109.707842777 4.52238386469 9.86713608047 3.60924107721 667.831328125 4.13961888577 10.2091383758 12.6092364862 14.9458220373 202.777779064 212.189229404 215.481627474 3.32250897504 6.13641786123 8.61471895406 1.47257827954 1.34200747212 632.201902016 633.558862075 634.608257196 647.239366908 648.647636349 650.548789334 651.728127815
