data/baseflow/mHMbf_acc612.asc
ncols                  80
nrows                 72
xllcorner      4374000.0
yllcorner      5656000.0
cellsize            500
NODATA_value       -9999
[rows 25 to 49 of 72, columns 0 to 54 of 80]
-9999.0 -9999.0 -9999.0 -9999.0 -9999.0 -9999.0 -9999.0 -9999.0 -9999.0 -9999.0 -9999.0 -9999.0 19.464058648 38.377023563 17.7232109497 35.0243780567 14.1665331199 116.568728625 141.488122221 154.709795324 11.0308384906 21.7528771806 235.475007737 285.839530075 293.917128518 15.8974021371 17.0285274913 24.3572784682 4.43554293425 3.85396100999 6.98808621708 2.62363481536 371.173441737 373.841686563 376.192759817 2475.86505445 4375.25121328 4358.64369217 2.96375188886 1.76241496812 1.62073530227 7.24872289604 5.95980990855 15.6131976168 23.3141507226 46.4592500504 4.2991775377 4.24759970038 38.2242626091 42.1624434973 81.8715364548 83.6855707712 88.9820340389 90.326492605 1.48729497957
-9999.0 -9999.0 -9999.0 -9999.0 -9999.0 -9999.0 -9999.0 -9999.0 -9999.0 -9999.0 -9999.0 -9999.0 -9999.0 18.247125387 36.8530954261 55.7959987723 86.6143935902 15.7925005148 13.2347912985 101.364967233 112.767484503 214.636731442 226.952961031 32.8317838569 9.27762765725 7.68877010961 6.73673719044 349.888084361 354.285188723 359.007698415 362.645870462 368.533542223 42.5796257331 44.1300590942 421.681410053 7274.20239473 12.3171819363 9.34635351443 4.6562416957 1.33180236249 1.18544641403 10.1537960166 10.9113426016 17.894080413 1.22979851484 48.206231345 7.03513679491 6.87691871729 1.29325923613 0.739653217668 0.601698298205 0.538871502984 0.603614272417 90.9438244211 1220.03302129
-9999.0 -9999.0 -9999.0 -9999.0 -9999.0 -9999.0 -9999.0 -9999.0 -9999.0 -9999.0 -9999.0 -9999.0 -9999.0 -9999.0 17.5562047885 33.8146152212 48.1071501758 62.0009208066 75.1688206448 89.0409216028 39.7341229928 67.3693693146 11.8605106532 10.5844603152 309.217668826 328.525368217 336.099955629 344.506710429 5.35371018026 9.45268568863 27.1693219963 35.08186533 39.4413618386 2.25596132594 1.38532998308 7280.60538352 2.54641825875 3.55056369359 2.16713365599 5.81951913223 2.52418004663 1.46571332208 29.8909764251 30.8253200768 0.582981994155 48.904144541 57.1119708306 9.41745209402 1253.31687635 1250.79556687 1249.21493352 1246.54524418 1245.56251916 1225.21814245 1224.24024858
-9999.0 -9999.0 -9999.0 -9999.0 -9999.0 -9999.0 -9999.0 -9999.0 -9999.0 -9999.0 -9999.0 -9999.0 -9999.0 -9999.0 4.54942807445 9.98458857617 14.8579614312 151.133026642 165.141556069 14.5450900966 13.4252010676 14.0754545974 264.731624825 290.185087175 11.4620001241 11.7386364976 7.30128371537 32.5877387117 40.3789949999 17.3374583203 23.0097843789 217.488241669 222.259713718 229.271552283 353.806475341 7636.43178124 2.90731974254 1.43901093266 8.86355707564 7.09569818049 0.890021216765 3.3738944758 4.34863880417 31.8206999011 32.6067247916 91.2069553981 57.4195237867 9.98200080551 1275.12752722 7.06283037981 1247.98097817 1247.31887754 19.3234178599 0.606685591787 2.72857617832
-9999.0 -9999.0 -9999.0 -9999.0 -9999.0 -9999.0 -9999.0 -9999.0 -9999.0 -9999.0 -9999.0 -9999.0 -9999.0 -9999.0 23.4810834119 38.2266562636 76.6275325062 136.178358986 179.104397469 212.850273006 226.515918298 240.785175202 253.904648177 12.0687279165 9.56531978032 18.6934517079 15.9876397679 9.04594955489 194.144919114 201.568687989 207.939001526 213.94921227 111.926180103 117.370534133 122.386612762 7638.14999998 5.18882263005 5.48614586349 15.624240365 1.40900651073 2.15583559161 1.23352481337 0.876579167669 5.3231636606 0.584676778152 0.619373588497 1370.71308939 1279.06382526 1278.38786247 3.64008755163 6.55445947686 4.05985693916 0.752958083316 17.6789910009 4.34165994991
-9999.0 -9999.0 -9999.0 -9999.0 -9999.0 -9999.0 -9999.0 -9999.0 -9999.0 -9999.0 -9999.0 -9999.0 -9999.0 -9999.0 16.3540456456 15.4678473752 30.5127424124 45.9452594743 18.8671453471 20.787098142 36.1410734031 50.919877104 77.4861627251 90.3307012838 99.6844779352 128.618104257 136.844115479 146.97214185 9.07527470944 89.1888124687 95.5243380828 102.102081989 5.3704593774 4.71059747844 6.73963047972 7773.24846716 7774.72477763 7783.04003774 19.4663321246 2.83896428544 3.70233854172 0.979808724178 1.47631952268 5.98553520006 7.09172579285 1.06211442696 1373.63084211 1.01890790422 1.86464616791 2.14634267485 1.46736349733 2.69288792938 1.01326497993 12.6308091439 9.93550129507
-9999.0 -9999.0 -9999.0 -9999.0 -9999.0 -9999.0 -9999.0 -9999.0 -9999.0 -9999.0 -9999.0 -9999.0 -9999.0 -9999.0 -9999.0 14.7978661116 28.915228349 13.8134557989 28.4959472183 173.713300018 186.340300869 199.54841471 13.0107306345 13.0881542824 22.381705493 32.684124896 48.3730163249 57.0951795436 64.7532188911 72.5780147714 5.4530706344 5.1758706081 117.44924345 122.871583303 124.706141405 126.566704418 97.4620112728 7887.77110819 7916.82530453 7917.80639508 7922.12280885 7926.40528063 7928.13215636 0.398974485613 7.56638503497 1373.98206884 0.902693813766 0.467350836977 0.774081218545 0.87193795774 1.46178961478 1.30008737643 0.801704875128 1.55184092281 1.37389502071
-9999.0 -9999.0 -9999.0 -9999.0 -9999.0 -9999.0 -9999.0 -9999.0 -9999.0 -9999.0 -9999.0 -9999.0 -9999.0 -9999.0 -9999.0 -9999.0 42.9372941779 56.971170056 99.7747102413 130.80363572 15.995499161 232.595213887 245.421976818 256.431247386 10.1849039708 19.7321818544 7.63618570831 64.200091969 69.6613965471 79.2445517688 89.0956962427 107.196824574 112.639495974 3.0537264457 90.2338827601 93.9946461718 95.8846645051 103.157187197 8.26715702408 4.87677904165 2.68510150317 2.36734044932 7930.72842756 7931.14144196 7941.52673276 1374.25222483 3.00011667363 1.81560629928 1.26548968311 0.368318424813 4.22360915787 2.23582798696 0.676033110543 4.13162878018 3.59838543415
-9999.0 -9999.0 -9999.0 -9999.0 -9999.0 -9999.0 -9999.0 -9999.0 -9999.0 -9999.0 -9999.0 -9999.0 -9999.0 -9999.0 -9999.0 -9999.0 14.6741621659 71.4952541265 86.6297193962 16.5460003757 15.1201058271 31.759442777 45.980015823 314.367763631 10.0307317188 40.5427436827 48.7335325049 56.7275952653 7.12657528091 14.5358477211 18.4959318611 72.0571153548 80.6378193602 83.2145556062 2.19484603488 1.73954409718 1.93418077204 3.6765291249 1.5462178684 1.52778764857 1.09739411593 1.43285369383 0.688285208342 2.59748184051 7942.12144771 9317.77611881 4.65499047237 1.17631584974 0.415552612642 13.5987536707 12.76604089 7.82471678725 7.07920676088 5.29382771787 1.50244805557
-9999.0 -9999.0 -9999.0 -9999.0 -9999.0 -9999.0 -9999.0 -9999.0 -9999.0 -9999.0 -9999.0 -9999.0 -9999.0 -9999.0 -9999.0 12.9189770275 40.6275496219 13.2230133647 17.0642833544 17.2995198491 32.7650479963 48.4017734294 60.916929074 386.657603296 396.342135557 10.1232941968 18.5598131352 27.3394472752 33.1180932016 40.1425835595 64.4053848155 69.4189454097 5.61487811662 2.94119721162 1.06441476273 0.841031985125 2.1241766444 2.06667097683 2.20095043793 2.70260147553 5.27344314857 2.18816215454 0.787572594661 0.760330581983 0.580175855783 1.03132169405 9368.53348987 45.6318049629 16.4638899705 1.85159587457 0.907383105039 0.504765364427 1.72991195968 1.14090048089 0.576810678424
-9999.0 -9999.0 -9999.0 -9999.0 -9999.0 -9999.0 -9999.0 -9999.0 -9999.0 -9999.0 -9999.0 -9999.0 -9999.0 -9999.0 13.7401138647 26.2910826539 92.6086640849 12.5645918675 31.9384310076 48.4282613687 62.9200299446 15.6054334633 27.7545412159 39.9358718536 446.185806173 9.21660982943 16.765182054 25.0157104046 7.48047493622 14.8064375568 19.9964311349 24.2754367054 733.429683178 740.097808105 745.546178378 769.726229636 773.41407449 785.584492364 4.38874315995 9.37064882561 6.36654218814 819.236132906 820.49670449 0.661167412006 1.0007588052 1.32509599359 9368.89696445 43.8933869386 22.7460423834 21.4497733871 14.6621143773 12.2259594255 2.27171186803 0.573744348254 1.01531029385
-9999.0 -9999.0 -9999.0 -9999.0 -9999.0 -9999.0 -9999.0 -9999.0 -9999.0 -9999.0 -9999.0 -9999.0 -9999.0 -9999.0 14.2004952906 42.7569952621 149.295352973 222.00750293 11.083346107 288.237162199 363.216959358 14.4305165774 26.6482584196 39.0440820856 555.549203375 564.453254131 6.35136020395 38.1542317113 44.1471873462 50.4531775379 685.350412064 699.435566941 706.067337481 3.03179473947 17.3628241131 20.4338970162 6.26511659112 8.59735072814 797.450040543 809.837884033 811.202885294 812.411689976 821.473612945 0.473393583558 0.411193130711 2.06300024389 9369.43537664 3.2946752489 3.37370527097 5.82691376354 1.56668820595 10.8997581868 8.55720018319 5.20449424214 3.61313777915
-9999.0 -9999.0 -9999.0 -9999.0 -9999.0 -9999.0 -9999.0 -9999.0 -9999.0 -9999.0 -9999.0 -9999.0 -9999.0 -9999.0 -9999.0 -9999.0 29.8770058769 60.0640353942 262.227206959 276.550604701 375.45785793 387.834623942 13.6074349821 27.2474093769 60.7892901644 573.695670063 588.866225343 593.979282924 3.7063943217 613.969674292 629.366935873 9.04675332923 3.09776322669 5.78776169611 11.0465136498 2.51127715212 4.54208123492 9.15951121778 10.8827124101 1.97277989469 1.0382445668 1.91570840577 831.126361282 833.822776999 834.142761758 837.525093959 9369.83464148 2.67361961274 2.50306229999 0.949759386467 0.969824109121 1.00599511661 0.859475953738 1.57823363615 0.565941618933
-9999.0 -9999.0 -9999.0 -9999.0 -9999.0 -9999.0 -9999.0 -9999.0 -9999.0 -9999.0 -9999.0 -9999.0 -9999.0 -9999.0 -9999.0 -9999.0 15.6950257946 15.292752162 14.6687518307 28.511317757 12.0880007626 411.98961472 422.975962273 12.0669591864 23.4491231922 10.2472764139 7.39202746703 7.03911516569 606.094577889 5.48335803528 11.1309778948 4.69401888939 3.2583777238 2.76486570207 1.76936907047 1.89275683952 5.73035173243 7.98935037479 1.27088487469 1.02962001782 2.32311380293 4.13916603212 5.62445109606 1.6507276784 835.049395576 837.883103842 9370.07406653 7.48759947104 3.79907241527 0.501996088147 1.38384026966 0.424978506559 0.332105787369 1.94408560304 2.76582537827
-9999.0 -9999.0 -9999.0 -9999.0 -9999.0 -9999.0 -9999.0 -9999.0 -9999.0 -9999.0 -9999.0 -9999.0 -9999.0 -9999.0 -9999.0 -9999.0 -9999.0 -9999.0 14.9593044204 41.9263423457 53.2210818666 65.025922567 434.292063649 445.668814209 456.077980913 466.478812656 473.20582498 487.61630088 492.378368484 497.520623346 500.918533556 2.74801895008 2.35535007502 2.59739052262 8.34069523024 2.27137268773 2.0184094606 1.36004267862 3.81615078182 1.61162789715 1.06740063993 0.949194060635 0.749960849194 1.49536848498 2.15833960841 842.266385405 10220.0499603 0.948565916702 1.52879607408 0.38579270408 2.54469986973 3.31912893893 0.667684362637 6.90380290271 4.62000110694
-9999.0 -9999.0 -9999.0 -9999.0 -9999.0 -9999.0 -9999.0 -9999.0 -9999.0 -9999.0 -9999.0 -9999.0 -9999.0 -9999.0 -9999.0 -9999.0 -9999.0 -9999.0 -9999.0 12.2557224837 98.5405595715 189.915194731 201.691415582 15.2074764716 27.2109244594 38.9299586084 47.3007790531 108.604184445 111.966377414 3.19041760161 2.9594962321 508.696230034 513.78182445 515.861239295 9.63003503233 1.02778082987 2.97381191684 4.30134668094 12.8155371873 15.8117293906 17.8481953363 1.78370320082 2.43819767785 0.836568549166 1.64086781338 0.880847960535 10221.2732054 0.655891716718 2.95407563954 0.904594956018 3.69892857296 12.5640502372 13.6326092093 21.0061076516 4.40825221432
-9999.0 -9999.0 -9999.0 -9999.0 -9999.0 -9999.0 -9999.0 -9999.0 -9999.0 -9999.0 -9999.0 -9999.0 -9999.0 -9999.0 -9999.0 -9999.0 -9999.0 -9999.0 13.8890874331 44.5774821187 86.691829836 112.74060304 281.329330127 294.480986923 25.0302686446 36.9649364982 46.3972491509 54.6662378351 116.263825627 123.091889947 219.458808198 226.31846679 230.053846725 517.826541176 531.552136507 2.78451919982 2.14315588451 1.93735394561 3.5376845517 1.52075219354 20.8174116867 21.7825348923 3.18861141894 4.51807119069 1.48062769391 2822.64236613 2824.52680253 13046.3603128 13050.032052 0.906135289144 5.59538522411 3.35558151732 1.72172060631 23.9103401323 28.8242794421
-9999.0 -9999.0 -9999.0 -9999.0 -9999.0 -9999.0 -9999.0 -9999.0 -9999.0 -9999.0 -9999.0 -9999.0 -9999.0 -9999.0 -9999.0 -9999.0 -9999.0 -9999.0 -9999.0 16.0600704121 15.4026520994 28.8457462065 67.8394527999 306.563384683 13.1292830765 12.9172810659 21.9309893656 31.915524871 78.2771522063 84.8597288741 5.23696575975 4.42660402142 233.445070644 235.782803556 770.788072 773.254881102 0.794616938151 0.662112556113 0.506527161242 0.512871190149 0.631159485349 2802.18900964 2809.04532731 2814.36488586 2817.05943744 2821.55734996 1.11424403998 3.96890977453 4.46528781657 13055.7719546 13055.9418844 13055.9747877 13056.3424443 13057.0845587 30.3357763362
-9999.0 -9999.0 -9999.0 -9999.0 -9999.0 -9999.0 -9999.0 -9999.0 -9999.0 -9999.0 -9999.0 -9999.0 -9999.0 -9999.0 -9999.0 -9999.0 -9999.0 -9999.0 -9999.0 -9999.0 13.9183718095 14.6765889881 26.8822896166 358.599741783 369.806255364 12.4918934694 21.6398776755 31.9807202003 40.803626035 7.75904608093 12.904703136 756.960925863 759.466776914 763.764082181 785.125980779 1560.12343136 2760.00251553 2762.36182832 2764.33750516 2766.20611937 2776.07657405 2779.44644693 6.07456213088 2.51876725829 1.64739775793 3.00359646031 1.98319776263 3.21825748432 0.958318355272 24.9670339375 29.6112858007 33.0827501562 33.2717866528 13057.0572305 13087.6031056
-9999.0 -9999.0 -9999.0 -9999.0 -9999.0 -9999.0 -9999.0 -9999.0 -9999.0 -9999.0 -9999.0 -9999.0 -9999.0 -9999.0 -9999.0 -9999.0 -9999.0 -9999.0 -9999.0 -9999.0 -9999.0 14.2069279672 26.9910702201 39.8545158861 379.883439563 9.96983350797 506.209152933 516.993184603 524.827706064 531.127558511 733.33114512 739.254492304 2.63282060008 16.4109995327 19.4038133285 2.79399325309 1197.71741127 1192.86174094 1.12176301898 2.8817968891 8.24669472211 1.95109302339 2.12873208335 1.30749000594 1.04098743402 0.730874452734 0.927667839572 21.9896751113 22.9972649453 24.3245073214 4.16433417239 3.04734114764 34.4104420709 34.7457558643 34.8852697288
-9999.0 -9999.0 -9999.0 -9999.0 -9999.0 -9999.0 -9999.0 -9999.0 -9999.0 -9999.0 -9999.0 -9999.0 -9999.0 -9999.0 -9999.0 -9999.0 -9999.0 -9999.0 -9999.0 -9999.0 -9999.0 12.7892268993 11.8076813969 61.6245175421 465.003042846 486.64527047 497.153396096 9.64196767888 179.557297383 187.928394696 192.237650132 5.33771840002 8.63975424399 11.2718902223 282.118010734 284.047881196 285.560834467 1190.34809994 732.613681147 1.64383167462 1.84965840538 1.72607838375 1.19460870097 13.9005942257 16.4263178928 18.5401592914 19.7790671909 20.9493228473 220.503008772 221.311074725 222.626294944 225.446688535 234.383400295 234.589912284 269.674012249
-9999.0 -9999.0 -9999.0 -9999.0 -9999.0 -9999.0 -9999.0 -9999.0 -9999.0 -9999.0 -9999.0 -9999.0 -9999.0 -9999.0 -9999.0 -9999.0 -9999.0 -9999.0 -9999.0 -9999.0 -9999.0 -9999.0 24.8732956766 38.0203798583 12.3543480857 12.9998290013 147.061187468 157.000243108 163.267269538 56.9326959572 62.84218043 68.7516089803 71.9739062957 277.457585546 280.718276699 166.710952026 454.420089365 456.329961616 731.448668041 3.71625745841 1.93963305621 1.11970033992 9.86314110374 11.5800966862 0.81510367474 0.739018446378 216.792713124 218.85858624 219.841913781 1.32995792505 2.05406619437 233.541800656 0.411059510625 1.70491165895 1.85696068692
-9999.0 -9999.0 -9999.0 -9999.0 -9999.0 -9999.0 -9999.0 -9999.0 -9999.0 -9999.0 -9999.0 -9999.0 -9999.0 -9999.0 -9999.0 -9999.0 -9999.0 -9999.0 -9999.0 -9999.0 -9999.0 -9999.0 12.4348304878 24.5542214876 100.407040634 113.000939307 123.84748762 43.4055506647 50.6820450282 6.77575669798 192.136869885 197.709378149 202.433217805 3.62576226012 160.881971302 164.350109453 2.12128364942 721.526953393 4.50708265469 2.27023706511 5.5744707588 7.52394783019 1.2653777957 0.925771302923 205.388210326 215.00796237 216.269737085 1.37318296587 2.70025307607 3.32950482231 3.8717655188 7.20723892762 0.626878875541 1.42570010239 0.25920011241
-9999.0 -9999.0 -9999.0 -9999.0 -9999.0 -9999.0 -9999.0 -9999.0 -9999.0 -9999.0 -9999.0 -9999.0 -9999.0 -9999.0 -9999.0 -9999.0 -9999.0 -9999.0 -9999.0 -9999.0 -9999.0 -9999.0 12.2349688548 38.1926527824 64.6233207935 13.3443801754 24.4487800203 35.0013586882 165.970880893 173.953311359 179.960757901 5.25582031301 135.111566579 150.907401168 154.814739067 2.61442230884 711.987309702 717.563272081 2.49770228529 2.15150281219 4.26778862985 1.53980456727 198.553681192 201.136245847 202.86028402 6.4001144831 7.84238225785 1.16960779532 2.01391436515 0.854568429112 5.86346799396 0.915557939444 0.396304338663 0.395858664083 0.429015655435
-9999.0 -9999.0 -9999.0 -9999.0 -9999.0 -9999.0 -9999.0 -9999.0 -9999.0 -9999.0 -9999.0 -9999.0 -9999.0 -9999.0 -9999.0 -9999.0 -9999.0 -9999.0 -9999.0 -9999.0 -9999.0 -9999.0 -9999.0 13.0918320849 13.6857862248 14.0559538945 119.581918757 129.708165987 157.975531945 7.71972018444 110.244601428 125.559789555 5.48997666498 11.474505071 3.70444416832 703.441841607 3.80441117607 8.50257249547 10.1030703745 11.9691731836 188.333999352 194.136244222 196.041947622 1.96004690063 3.53331681343 4.87280346942 0.678421837432 0.598046033294 571.29347468 571.908555534 572.395084248 578.554479792 579.222993954 579.882043755 580.201819649
