data/baseflow/mHMbf_acc237.asc
ncols                  80
nrows                 72
xllcorner      4374000.0
yllcorner      5656000.0
cellsize            500
NODATA_value       -9999
[rows 0 to 24 of 72, columns 0 to 54 of 80]
-9999.0 -9999.0 -9999.0 -9999.0 -9999.0 -9999.0 -9999.0 -9999.0 -9999.0 -9999.0 -9999.0 -9999.0 11.1247635502 12.7844216932 -9999.0 -9999.0 -9999.0 -9999.0 -9999.0 -9999.0 -9999.0 -9999.0 -9999.0 -9999.0 -9999.0 -9999.0 -9999.0 -9999.0 -9999.0 -9999.0 -9999.0 -9999.0 -9999.0 -9999.0 -9999.0 -9999.0 -9999.0 -9999.0 -9999.0 -9999.0 -9999.0 -9999.0 -9999.0 -9999.0 -9999.0 -9999.0 -9999.0 -9999.0 -9999.0 -9999.0 -9999.0 -9999.0 -9999.0 -9999.0 -9999.0
-9999.0 -9999.0 -9999.0 -9999.0 -9999.0 -9999.0 -9999.0 -9999.0 -9999.0 -9999.0 -9999.0 -9999.0 23.9558223559 59.0482012769 10.7583895311 -9999.0 10.5889947806 -9999.0 -9999.0 -9999.0 -9999.0 -9999.0 -9999.0 -9999.0 -9999.0 -9999.0 -9999.0 -9999.0 -9999.0 -9999.0 -9999.0 -9999.0 -9999.0 -9999.0 -9999.0 -9999.0 -9999.0 -9999.0 -9999.0 -9999.0 -9999.0 -9999.0 -9999.0 -9999.0 -9999.0 -9999.0 -9999.0 -9999.0 -9999.0 -9999.0 -9999.0 -9999.0 -9999.0 -9999.0 -9999.0
-9999.0 -9999.0 -9999.0 -9999.0 -9999.0 -9999.0 -9999.0 -9999.0 -9999.0 -9999.0 10.7606220134 10.3096860083 11.6072426168 11.6749207072 79.4776109274 88.9305490044 27.9504942288 8.7539028779 -9999.0 -9999.0 -9999.0 -9999.0 -9999.0 -9999.0 -9999.0 -9999.0 -9999.0 -9999.0 -9999.0 -9999.0 -9999.0 -9999.0 -9999.0 -9999.0 -9999.0 -9999.0 -9999.0 -9999.0 -9999.0 -9999.0 -9999.0 -9999.0 -9999.0 -9999.0 -9999.0 -9999.0 -9999.0 -9999.0 -9999.0 -9999.0 -9999.0 -9999.0 -9999.0 -9999.0 -9999.0
-9999.0 -9999.0 -9999.0 -9999.0 -9999.0 -9999.0 -9999.0 -9999.0 -9999.0 10.0855490068 21.0411663529 41.7975461021 21.6450568162 10.2305834964 19.6337037064 97.8674488617 145.169356048 9.88609667187 -9999.0 10.5030560177 -9999.0 -9999.0 -9999.0 -9999.0 19.6194377121 10.2373291007 -9999.0 -9999.0 -9999.0 -9999.0 -9999.0 -9999.0 -9999.0 -9999.0 -9999.0 -9999.0 -9999.0 -9999.0 -9999.0 -9999.0 -9999.0 -9999.0 -9999.0 -9999.0 -9999.0 -9999.0 -9999.0 -9999.0 -9999.0 -9999.0 -9999.0 -9999.0 -9999.0 -9999.0 -9999.0
-9999.0 -9999.0 -9999.0 -9999.0 -9999.0 -9999.0 -9999.0 -9999.0 13.9204435202 35.9823902152 45.8833054869 55.8933019667 73.006594562 8.84322317333 36.8014078391 45.0888147562 207.360488448 8.04717836252 7.22991490458 18.788692937 26.6998312199 8.6190650671 -9999.0 49.3890004801 40.8472301481 10.8072440393 -9999.0 -9999.0 -9999.0 -9999.0 -9999.0 -9999.0 -9999.0 -9999.0 -9999.0 -9999.0 -9999.0 -9999.0 -9999.0 -9999.0 -9999.0 -9999.0 -9999.0 -9999.0 -9999.0 -9999.0 -9999.0 -9999.0 -9999.0 -9999.0 -9999.0 -9999.0 -9999.0 -9999.0 -9999.0
-9999.0 -9999.0 -9999.0 -9999.0 -9999.0 -9999.0 12.7917623835 10.7523619751 10.2061826631 10.7029605472 11.3700389022 79.1925600065 162.706778487 172.725158616 180.167386511 7.33633952998 222.919156458 230.599834476 15.4769633566 8.25100092921 34.3506741205 59.4995902322 8.47271705991 75.5799872759 8.64458053202 8.76398959529 8.91837465815 -9999.0 -9999.0 -9999.0 -9999.0 -9999.0 -9999.0 -9999.0 -9999.0 -9999.0 -9999.0 -9999.0 -9999.0 -9999.0 -9999.0 -9999.0 -9999.0 -9999.0 -9999.0 -9999.0 -9999.0 -9999.0 -9999.0 -9999.0 -9999.0 -9999.0 -9999.0 -9999.0 -9999.0
-9999.0 -9999.0 -9999.0 -9999.0 -9999.0 -9999.0 26.1431222089 38.2419358533 84.7278819153 114.985548214 8.93002680176 9.47622879593 8.97483509236 26.1698952034 213.913683325 6.40081222374 237.765536352 267.252083056 22.8270188723 15.041282225 66.4680575781 8.17647649469 83.205695134 15.2092111158 7.5195687415 15.8241772059 17.7759511622 9.17855328266 9.27491186878 8.68311003933 10.0657862437 20.030011082 -9999.0 -9999.0 -9999.0 -9999.0 -9999.0 -9999.0 -9999.0 -9999.0 -9999.0 -9999.0 -9999.0 -9999.0 -9999.0 -9999.0 -9999.0 -9999.0 -9999.0 -9999.0 -9999.0 -9999.0 -9999.0 -9999.0 -9999.0
-9999.0 -9999.0 -9999.0 -9999.0 -9999.0 16.007383111 29.8936382818 13.7269625204 26.1311639358 127.981268744 148.855224501 169.082281296 596.762195373 8.87586412105 222.531069648 898.468196795 904.603444368 1183.58823665 7.17463288539 21.8776822694 73.4771440002 6.86203876096 170.37642362 79.9296583065 49.5464997497 41.7640430063 8.58168017961 26.6564319125 26.2371978746 17.360826847 8.10058856823 28.6031863146 7.79395006123 7.47523103664 -9999.0 -9999.0 -9999.0 -9999.0 -9999.0 -9999.0 -9999.0 -9999.0 -9999.0 -9999.0 -9999.0 -9999.0 -9999.0 -9999.0 -9999.0 -9999.0 -9999.0 -9999.0 -9999.0 -9999.0 -9999.0
-9999.0 -9999.0 -9999.0 -9999.0 -9999.0 16.3919121336 46.468022913 91.3136946117 104.332788098 207.213972389 218.798642181 256.918391479 419.133600981 630.231307651 651.50367225 661.63524038 15.5301920917 1212.65805122 1227.18935782 1264.90481528 1537.61194553 192.379422506 178.371687985 57.2454600705 7.27082879867 48.893761627 33.8672306373 6.58490182829 33.4645492696 7.00684877581 14.7796603468 43.2643271431 50.6718610092 14.5827331111 7.19634240984 6.74427212204 -9999.0 -9999.0 -9999.0 -9999.0 9.06556319916 8.32561585816 -9999.0 -9999.0 -9999.0 -9999.0 -9999.0 -9999.0 -9999.0 -9999.0 -9999.0 -9999.0 -9999.0 -9999.0 -9999.0
-9999.0 -9999.0 -9999.0 -9999.0 -9999.0 15.2360855665 13.9784939307 62.5681265595 76.2196680972 90.7251529559 13.2174189536 25.8334847666 154.180305563 27.4076105745 11.9460008013 9.89632290197 8.26544996874 10.2897511273 8.97709243749 9.62859061014 1545.45997758 1566.36839364 6.67238868996 20.8115488239 14.3843964263 55.6868686925 13.5170926613 6.2855541199 40.9616557063 13.5676355002 33.2682364448 85.6342337499 79.5045227226 21.5583815221 20.6682947904 7.27725761163 7.17091671414 -9999.0 -9999.0 7.22016849669 18.3828286958 44.4857351585 9.04954021584 -9999.0 -9999.0 -9999.0 -9999.0 -9999.0 -9999.0 -9999.0 -9999.0 -9999.0 -9999.0 -9999.0 -9999.0
-9999.0 -9999.0 -9999.0 -9999.0 -9999.0 -9999.0 16.9135476336 17.5675079592 31.1582282078 45.6197240186 101.886899218 129.10172554 143.150475306 14.8395896685 9.63930058962 141.407350381 170.911526289 179.403532293 216.542155827 224.105162262 7.45967358151 1573.9869338 1608.15074815 27.0729887698 4.55984548386 61.1845122 133.199863127 53.1358035716 11.8672351076 5.97359552269 130.882721037 92.0411979129 5.99587801185 6.00906363154 27.0121287766 21.0188366422 6.54973343966 6.08926027863 6.94358431816 13.8868918539 6.54159702088 54.0060760493 60.3728937348 5.67921275703 -9999.0 -9999.0 -9999.0 -9999.0 7.54535421013 6.80521982999 2.29873467611 -9999.0 -9999.0 -9999.0 -9999.0
-9999.0 -9999.0 -9999.0 -9999.0 -9999.0 -9999.0 -9999.0 16.0377931175 13.2147829597 28.8703595017 43.8514723567 13.6884292104 11.4921300623 76.9709857939 99.3997956052 122.952406074 10.8224335956 19.6773818349 9.94803501339 232.48736933 516.143230016 524.719716466 2147.63170364 6.69513419053 12.7138970576 3.78975636598 138.854698611 5.99405487358 18.0187102826 5.81880173434 136.708942391 142.59030319 12.1219140016 11.8486379584 67.9796043775 34.2523646396 12.9708254451 6.77833852331 13.7515441153 20.5475578461 33.099153876 5.88304497539 71.2786678136 76.380906254 4.4606356993 5.02004010956 5.53429132502 4.6400006226 4.40161910404 19.4256989917 7.38882107769 4.44349681292 -9999.0 -9999.0 -9999.0
-9999.0 -9999.0 -9999.0 -9999.0 -9999.0 -9999.0 -9999.0 -9999.0 28.6278510804 40.2665653956 13.5531378363 28.369618293 41.3848502785 66.9744969372 12.8939753931 11.8529346749 9.03212055862 9.12595745874 7.53850398493 266.653093168 10.0325594734 18.9505894344 2174.8080241 2188.30243677 4.23843872204 21.3743236564 164.833019486 11.4905383944 22.8371730861 10.057697371 14.7912669493 164.557736007 17.1646012612 95.6738328 79.076119011 5.71739288306 31.9435577149 13.0031154928 19.647166532 5.79175376032 38.8323935416 49.6690437691 53.8103632551 57.581696642 92.7999355389 8.37434455807 9.36812751089 7.98911623597 7.48798202249 23.2336395452 4.24800619076 16.238791578 19.9879022433 -9999.0 -9999.0
-9999.0 -9999.0 -9999.0 -9999.0 -9999.0 -9999.0 -9999.0 -9999.0 15.7378073369 71.1371245979 83.9225847899 12.7325887144 24.5250052039 11.7140973639 10.0249165935 9.77939458041 130.872940938 173.614484606 213.453388478 256.968522902 10.1938695097 9.37321863728 7.63442062332 2226.27948492 2241.53533807 2245.75832193 214.740167764 44.9377441175 39.3899434317 4.38823458597 18.9802305488 188.068253434 4.43700678989 100.291428579 5.51922958249 41.5219126319 38.3782750539 6.03196122521 25.5465064775 11.5952549158 17.280460423 4.7187379488 3.64691527216 61.2691979582 64.5669067897 96.0856566235 13.1520352926 11.4621240391 10.8522422525 27.7516766682 36.4508386791 4.34377683877 24.1594231231 4.65722227235 8.62967164461
-9999.0 -9999.0 -9999.0 -9999.0 -9999.0 -9999.0 -9999.0 -9999.0 -9999.0 16.8617278872 98.5435954679 110.787125581 36.3967348759 60.1539128486 80.896078096 91.7438143375 11.5808402407 33.391906944 22.2579210426 12.2175915359 11.1678399855 8.98008442328 17.3116396967 28.951127414 8.23595763943 2474.14461897 2478.34078851 3.67931034369 3.08988263016 8.91989323179 13.296981977 201.172489043 8.75667941665 104.056883843 61.3971216266 51.5910297838 5.47001770562 11.2119343586 30.484617328 4.95318725579 22.0257675342 9.46066979416 5.78057040409 2.59321031172 73.0531472456 171.605180237 15.3935735389 13.7713841211 13.9912870524 3.25056617033 39.8021567961 3.21194245921 31.8868440825 3.81509981803 12.6959373674
-9999.0 -9999.0 -9999.0 -9999.0 -9999.0 -9999.0 -9999.0 -9999.0 -9999.0 -9999.0 13.000019438 136.901450128 11.6371452296 23.4371985739 33.3717523685 52.2883607219 9.70331518932 21.1725058538 10.1303029831 8.86128533036 8.04770294429 15.8616822029 6.51794853016 6.80437772532 12.0836539921 6.8351571224 2483.93999509 2491.92925076 2503.55507799 16.8128739674 4.4290153599 8.83056468987 205.970377642 187.818508318 71.6088394394 4.95523415834 21.7322007478 16.3950097267 35.4436555799 9.85528424008 41.3175153358 14.3049726253 9.21999803865 1.92149166288 3.00842214276 175.548483089 178.847213268 210.567645844 24.4328357869 6.82355967311 43.5904281851 50.4814160265 85.5723084596 7.54055789566 3.51475327551
-9999.0 -9999.0 -9999.0 -9999.0 -9999.0 -9999.0 -9999.0 -9999.0 -9999.0 -9999.0 -9999.0 7.15187643074 151.067637232 10.7657628111 20.4137095725 91.348853882 9.6922954178 9.42659612912 7.61371455215 17.1406798417 8.49873861783 32.7343931191 45.8722860632 51.495161651 16.619809281 19.9115735768 3.98856278707 5.69354168057 5.43099427752 2529.91563812 2541.55437113 209.606645629 195.573649247 191.778670185 8.06095456715 3.82427610756 26.1553956125 70.5735532333 40.0091518437 14.3059018864 60.0916657322 19.5886659183 15.5269039966 3.66953681641 1.42621597027 1.27495752067 1.59743614294 220.89342292 255.666004031 3.29024570466 3.01493291012 3.5007136513 89.0517959228 99.7408719381 6.18450767775
-9999.0 -9999.0 -9999.0 -9999.0 -9999.0 -9999.0 -9999.0 -9999.0 -9999.0 -9999.0 -9999.0 6.33221867171 165.757808394 202.114961473 9.92867173398 110.706960801 8.41103646294 7.64821528785 15.5792345633 41.0367915074 7.84905628864 8.68760182189 6.34127654666 63.9436163578 69.5542828436 95.8764111252 104.305572369 108.636624008 112.260495565 116.401213866 2662.3880096 2878.69815559 3080.48936835 3083.27588958 2.96332568996 3.74581769176 79.4937511902 75.0735644493 4.44730284632 4.41061850103 64.6470834842 88.8505597954 3.38096144477 46.8594972774 44.2047179723 9.37570786288 4.24269824634 7.61945437266 4.2534728543 262.06881312 3.40017598419 9.50004295478 11.8476336484 120.776225786 129.265068268
-9999.0 -9999.0 -9999.0 -9999.0 -9999.0 -9999.0 -9999.0 -9999.0 -9999.0 -9999.0 -9999.0 14.2120091346 26.4797129704 213.694181992 231.392906758 9.04402132183 128.350220189 6.38926426549 20.2614976269 47.9301175643 14.7523968284 6.83414457918 14.5062321397 5.07382288875 9.64037037585 4.70450973088 4.0112652487 3.01052791078 2.73312839433 2.13450845734 1.80215455081 2.8133023018 3.97101823804 4.70211733526 3093.77697064 89.089447036 83.6185378802 1.90276565226 12.3082690573 3.37172532408 3.29977128011 92.8514173885 152.34869018 51.7638412356 40.8618545218 6.23640504506 2.41362983698 1.98582342834 4.85218448216 270.234398493 276.529410269 3.37908853519 3.68105084201 3.29665739207 2.76609349348
-9999.0 -9999.0 -9999.0 -9999.0 -9999.0 -9999.0 -9999.0 -9999.0 -9999.0 -9999.0 -9999.0 -9999.0 9.9963054945 163.058024664 404.360128884 435.531867916 572.124818555 581.026434245 105.221883377 76.8793121915 21.7818510878 6.63861738227 27.4114638776 33.4526282136 48.0011332974 9.84425824299 8.46170887862 7.62204335759 14.7101775198 6.35035097099 5.73876181085 3.10742938229 1.8318800379 1.51762684831 3096.78344659 3188.29832869 3190.90954132 1.86053713258 31.5682179454 15.1907234291 4.43825779036 167.599693505 11.3517042817 6.03313751835 27.0812359058 4.99687970953 3.47069797868 6.25592421227 8.64914503912 11.5361545288 281.450067002 2.2541943315 1.94808773988 1.93614495782 1.47027573219
-9999.0 -9999.0 -9999.0 -9999.0 -9999.0 -9999.0 -9999.0 -9999.0 -9999.0 -9999.0 -9999.0 12.4216832114 125.662128227 152.038941097 22.1522539168 7.02137117979 14.3125024476 603.163224973 610.493894332 724.298377834 5.65304611427 12.1815310792 4.84891216136 4.96392112692 52.7674530815 67.3497263641 79.9342076456 3.94743427544 18.6335259796 28.7929575233 16.0976424754 6.80165103173 4.55594012825 3.39910904662 3.3912708263 1.39949029709 3192.88861656 3194.07866664 3228.28368147 6.88019798767 3.82343337535 172.358807651 12.4959686018 6.63455836696 7.90472986195 7.82287198006 6.45896673256 10.6691661475 28.8860460165 43.8168769003 327.658190825 1.57695056161 4.88914028764 3.36952710174 2.80807143192
-9999.0 -9999.0 -9999.0 -9999.0 -9999.0 -9999.0 -9999.0 -9999.0 -9999.0 -9999.0 -9999.0 12.997473099 91.4922020193 13.8883227484 10.3782774054 61.0622062975 69.5650140606 77.8768622056 84.7233778783 987.956024501 994.043471952 1005.52000348 1100.3412405 1115.54028485 1123.37801551 1128.3223534 1217.55523058 1228.11383333 1232.30261416 1265.82247956 1286.56046669 1290.19406517 1301.1849029 6.80862374834 5.55506186339 0.86951336629 0.743122726545 3195.72137302 3238.75409696 9.31487897631 203.429015154 199.886027957 22.4787979693 5.09578982997 5.31251863454 4.96989631644 5.25479219787 10.6151925141 14.8403101763 3.98781647977 329.896506472 332.359222744 342.709312553 344.663956211 349.355016882
-9999.0 -9999.0 -9999.0 -9999.0 -9999.0 -9999.0 -9999.0 -9999.0 -9999.0 -9999.0 -9999.0 48.7430040479 63.9917126076 28.2271496273 40.8601559292 12.2954620829 138.580727232 147.677171952 165.515946695 171.991926847 56.2231147634 1072.45823524 1078.21124165 4.99181383964 2.89400335616 2.59416319545 5.78393576006 2.71212601478 1.88733682977 1.70083254056 1.8649174775 1293.36224778 1304.67034061 1315.81481174 1324.81906807 1327.74425976 1.13409826137 0.293417131187 3448.70810398 208.883118098 207.418509244 4.21050168516 3.91160538333 3.40890824065 8.85292274592 8.52840910814 3.86720882895 3.92328267196 3.61356655182 7.44953526362 9.56840191514 1.56208520022 2.85146196661 1.04375830892 0.737244239288
-9999.0 -9999.0 -9999.0 -9999.0 -9999.0 -9999.0 -9999.0 -9999.0 -9999.0 -9999.0 -9999.0 -9999.0 33.064254172 14.848196895 12.1626246483 120.27447379 130.105664704 9.85000518449 36.6178469882 44.6539872005 50.9012362093 7.48344321226 4.4151124278 149.131305618 152.376609357 155.375409616 395.812673496 397.803406942 401.243027149 424.873560375 434.961108578 436.306628536 1.62933451634 1.78276862053 1.70401518622 1329.8409742 0.710501814326 3477.16369749 3476.17823447 26.5074257717 24.4126452301 15.5316372312 3.88529194846 6.76993956198 12.4586423217 12.1714986278 7.42657366198 3.66673141614 7.18248624393 7.06246237819 12.5424111807 1.96277152749 4.48697775351 7.41571374509 8.99235748955
-9999.0 -9999.0 -9999.0 -9999.0 -9999.0 -9999.0 -9999.0 -9999.0 -9999.0 -9999.0 -9999.0 -9999.0 17.3728103562 45.5200519909 58.4326714331 96.6550359855 9.60537045928 19.831679775 28.7361079318 118.515090049 124.815075867 129.262859259 134.430677194 140.974586556 212.01237426 229.669107116 238.370828745 3.13325436407 19.3494074465 22.3541842107 430.397681288 438.616471242 443.21371932 448.022976633 450.932335512 1781.76941564 1.45089540664 3482.4362572 2.54274551145 1.17009555397 20.6557258624 18.2248264362 2.22093758669 9.64035889492 15.4767733547 15.1297833511 10.1266739854 16.4634401697 26.0814318123 9.78431492379 24.8993086848 1.73060127406 3.11587034556 0.445468727877 0.35579850278
