data/baseflow/mHMbf_acc367.asc
ncols                  80
nrows                 72
xllcorner      4374000.0
yllcorner      5656000.0
cellsize            500
NODATA_value       -9999
[rows 25 to 49 of 72, columns 0 to 54 of 80]
-9999.0 -9999.0 -9999.0 -9999.0 -9999.0 -9999.0 -9999.0 -9999.0 -9999.0 -9999.0 -9999.0 -9999.0 26.8985307895 53.2789617789 25.0566700014 50.4334021285 22.2093028624 170.963313396 213.533754665 235.571819877 19.9131386194 37.6713767659 381.287514198 467.417787973 481.586886263 34.7122970817 32.5680637394 46.3755780085 8.23602434475 7.3899022981 13.7076214862 6.59136179915 573.869807745 580.537244311 586.852995577 4186.56951069 8539.91552426 8497.55884957 8.601303273 3.90166670069 3.26225990884 12.1987739821 9.44276835343 32.56160897 48.4269559892 98.1163945693 7.50647372914 7.41424852783 73.9412158638 79.8625199981 151.084501241 154.818145979 161.61308195 163.891310117 1.95453182665
-9999.0 -9999.0 -9999.0 -9999.0 -9999.0 -9999.0 -9999.0 -9999.0 -9999.0 -9999.0 -9999.0 -9999.0 -9999.0 25.0895982278 50.9725286443 77.1989987404 124.347538983 24.5736245808 22.2028447182 157.317864376 177.315257014 347.21619607 367.901919415 56.153017581 19.0061835044 17.2885977043 15.4919817812 528.966308038 538.996367398 547.717892835 554.471784704 567.723148689 82.1220597433 89.4208976245 682.372372675 13412.3369624 34.2153598203 28.8967718289 13.5748499696 3.51157986664 2.6192963178 18.6556701852 20.5826951242 36.9271949376 2.00477020651 100.687688912 11.0545372002 10.6750878529 1.53525800568 1.06972500378 0.992125028843 1.36358650195 1.05218143746 165.026548248 2329.84291198
-9999.0 -9999.0 -9999.0 -9999.0 -9999.0 -9999.0 -9999.0 -9999.0 -9999.0 -9999.0 -9999.0 -9999.0 -9999.0 -9999.0 25.2019349651 48.581997865 69.7542626845 90.9066978058 113.168223609 136.211947128 66.360909612 111.09411058 20.1189854763 19.2643078395 442.951414052 480.090326808 496.94224366 515.309995153 12.9610516913 22.99083615 58.3885076804 67.7060106722 75.2840791378 8.8233802067 7.002188997 13430.2187616 5.59948102614 9.38033438159 4.44503971385 12.677866231 5.71602937247 3.56756589428 60.9763888178 64.2334895431 1.90147029914 103.028865752 115.398688432 11.879063739 2392.16863839 2389.45945143 2386.98113098 2381.13802327 2378.49534617 2335.26588851 2333.50193309
-9999.0 -9999.0 -9999.0 -9999.0 -9999.0 -9999.0 -9999.0 -9999.0 -9999.0 -9999.0 -9999.0 -9999.0 -9999.0 -9999.0 5.09233563614 11.7515299886 21.1809709181 186.034681483 208.844503856 23.3436010629 22.4006752389 22.3478063026 363.099432066 405.728749081 20.4064433665 20.6557197235 15.4212847284 63.4218237816 78.3841923487 38.8683699372 47.5298455721 373.794615245 383.46642857 404.943986763 625.015183251 14059.5394676 5.45268480331 3.55632871576 18.8001012373 15.641890373 2.88070985466 9.6744655656 12.5912627433 67.6391962086 70.2523516412 190.622526315 116.458105227 12.6142844569 2436.14154493 20.7446152151 2384.6464453 2383.0353293 40.8973575235 2.47441238537 1.55319558796
-9999.0 -9999.0 -9999.0 -9999.0 -9999.0 -9999.0 -9999.0 -9999.0 -9999.0 -9999.0 -9999.0 -9999.0 -9999.0 -9999.0 26.8580278444 43.579237201 92.4117377232 162.507616327 228.31313139 276.913442128 299.149554636 322.012693695 343.922347308 20.6232865152 18.1040739832 35.1580996284 32.0868468961 16.4319324863 330.570951051 344.933292687 357.824605237 369.829332869 190.735741749 199.707191606 211.170761097 14063.354518 9.76257342756 11.1744874571 32.0905027315 2.55523194683 6.56463693737 3.59950412927 2.618780382 15.46941216 1.92838485663 2.09310897884 2639.24480471 2447.16383483 2445.05705333 9.68505641901 19.6027380523 12.1148447397 2.44347760291 35.7958943483 9.00726388354
-9999.0 -9999.0 -9999.0 -9999.0 -9999.0 -9999.0 -9999.0 -9999.0 -9999.0 -9999.0 -9999.0 -9999.0 -9999.0 -9999.0 18.986825593 17.6257139402 34.4046582126 52.7700596228 25.2414057719 26.265668064 49.4351541807 71.9101342074 113.220036558 133.958601952 151.870567504 205.677368903 221.653475619 238.912510073 14.7354260734 153.454136716 165.082697368 175.397413887 7.05882276987 2.24832522821 4.43198987377 14262.3840022 14265.8560034 14282.3239787 39.2700772444 5.24023703794 9.40537947194 2.50497666356 4.51278016297 17.5537633852 21.084589284 3.66025345621 2649.1399142 3.469029698 5.41640458499 5.99935189203 4.50940753728 7.68192612122 3.04584819241 24.9088517198 18.5402342649
-9999.0 -9999.0 -9999.0 -9999.0 -9999.0 -9999.0 -9999.0 -9999.0 -9999.0 -9999.0 -9999.0 -9999.0 -9999.0 -9999.0 -9999.0 16.6752326214 33.0689057381 16.5249369531 34.4554494521 214.982284829 235.756477281 257.047046379 20.8040975888 20.8395405113 38.686493037 56.8550857423 87.3139659946 103.298203663 111.204001121 124.861732525 10.3513008805 9.05470090074 181.042178301 184.234291901 187.255929838 190.679890449 144.440657563 14440.8989562 14499.9094947 14502.2049204 14513.4485129 14523.9294442 14530.8151882 1.8115144288 22.6755345725 2650.85762389 4.05353927946 2.10391457304 2.5918669125 2.4942115798 4.0863843607 3.43626707739 2.11423561563 3.61617670371 3.11525577358
-9999.0 -9999.0 -9999.0 -9999.0 -9999.0 -9999.0 -9999.0 -9999.0 -9999.0 -9999.0 -9999.0 -9999.0 -9999.0 -9999.0 -9999.0 -9999.0 49.1950579344 67.0712172106 119.927858454 161.131966851 22.6097512759 304.00125291 324.124628704 342.967169568 18.2516057758 35.5936953997 15.0560439781 116.861910654 123.383000865 135.178788656 147.077691172 172.747436085 176.499033821 2.27378107981 130.996337937 137.830412982 141.35245035 154.901983285 16.419565511 10.2984911349 6.01642270303 5.46538673354 14537.7920091 14541.3044915 14579.1869234 2652.51512429 11.2787811885 5.90659431748 4.00694300617 1.04157910078 11.4330527602 5.92598812453 1.76814680004 10.0453943318 8.66421223621
-9999.0 -9999.0 -9999.0 -9999.0 -9999.0 -9999.0 -9999.0 -9999.0 -9999.0 -9999.0 -9999.0 -9999.0 -9999.0 -9999.0 -9999.0 -9999.0 17.9728288991 84.579864823 103.169944367 23.6094304038 22.2854522307 45.3521138242 65.8827783143 428.497784903 17.9228655803 72.3490387032 88.1485488637 103.626398021 7.11073614849 17.4766310933 21.7968470179 108.536618078 118.586026906 121.850241188 3.66966047611 3.17585126169 3.61226070983 6.73332745366 2.61379807878 2.58167081254 4.14295290927 2.91003229865 4.04267779302 13.0039376647 14583.1004258 17244.0227159 13.9002531641 2.08942377319 1.11203438325 35.3879814253 33.0098165203 19.610037303 17.5646475906 12.9388852595 3.43480890766
-9999.0 -9999.0 -9999.0 -9999.0 -9999.0 -9999.0 -9999.0 -9999.0 -9999.0 -9999.0 -9999.0 -9999.0 -9999.0 -9999.0 -9999.0 15.055289511 49.5991335136 16.4860794267 24.6938542833 24.4015216777 46.7745281436 68.7762661717 88.2598516275 533.774327298 550.550071535 17.3341531568 32.826248259 48.5677087686 57.7375416521 68.2540216526 95.8905708137 105.033448229 5.78029228005 4.42312474154 3.17102874784 5.29678599025 4.3586556094 5.32901323452 3.9218301876 4.52862809061 15.6248074203 7.44628537942 3.60743022491 3.4447236633 2.92048519039 5.2801948717 17350.0666228 90.125699416 42.5335811148 4.22895562771 1.86712348828 1.31337691396 4.41390819357 2.93196815086 1.4391368834
-9999.0 -9999.0 -9999.0 -9999.0 -9999.0 -9999.0 -9999.0 -9999.0 -9999.0 -9999.0 -9999.0 -9999.0 -9999.0 -9999.0 15.9648716636 30.5649924566 111.293225498 15.7495469257 46.6082922863 70.1772792576 91.6924016808 22.6093096548 41.8598588591 61.1219743356 627.451218108 16.1772254892 30.4445241912 45.0671003292 12.4914013952 24.5408438815 29.5562307124 37.4331561613 1098.36158081 1109.07415092 1118.39358525 1170.18339433 1183.78628982 1219.06976067 7.05118713557 15.6108623772 19.0129931936 1315.22322831 1321.58192842 3.06948086841 4.89276527 6.63081604566 17353.1304904 86.6511848151 38.3173410407 35.9530246922 30.2712583871 27.0820482388 5.84550707658 1.49151128975 2.54750548476
-9999.0 -9999.0 -9999.0 -9999.0 -9999.0 -9999.0 -9999.0 -9999.0 -9999.0 -9999.0 -9999.0 -9999.0 -9999.0 -9999.0 16.0799875253 48.7692318487 176.018104991 258.596502533 14.2007673896 340.066174353 448.723143653 20.5524522778 39.1630712689 58.464684077 792.575962709 807.878753814 13.1231219361 71.6426331636 83.2745748119 92.7086435085 1021.45574725 1042.38302253 1056.09737157 6.67632756122 36.9003076294 43.8654517045 18.7967656394 26.9702120858 1254.925202 1281.61943403 1287.59952132 1293.19489705 1327.0969274 2.65252272048 2.12822252587 10.4373981384 17356.186897 3.42396699563 1.34508331171 3.79287214144 1.51941604868 24.1306749055 20.972010829 12.5033044794 8.67988597038
-9999.0 -9999.0 -9999.0 -9999.0 -9999.0 -9999.0 -9999.0 -9999.0 -9999.0 -9999.0 -9999.0 -9999.0 -9999.0 -9999.0 -9999.0 -9999.0 33.7533209225 67.6872002666 306.518602666 323.719138481 463.911998977 481.104061893 20.1113248699 40.2407357435 92.6987627701 822.570635619 850.682223062 862.131554282 9.05046366532 901.543081311 922.554807907 13.8608914919 6.77581767099 12.6985846503 24.72835026 5.95867725859 11.7307847028 24.591804039 30.7244963471 5.75755727354 3.46419590186 6.83051383384 1350.70384851 1356.94824458 1358.69376764 1374.4694981 17358.8058639 2.03732313748 0.681383187849 0.883136222668 0.820996860725 0.866561709898 0.667749036152 1.1582794573 1.26464086497
-9999.0 -9999.0 -9999.0 -9999.0 -9999.0 -9999.0 -9999.0 -9999.0 -9999.0 -9999.0 -9999.0 -9999.0 -9999.0 -9999.0 -9999.0 -9999.0 17.5404032481 17.1939235221 17.0680868727 34.944465653 15.4074598365 511.718164518 527.282401887 18.2000078271 35.6311788621 16.8237418179 13.7824172925 13.3836604989 884.538050806 6.81628916851 13.7892268967 7.62120598558 6.75872166626 6.09823680974 4.48582585167 4.71538758639 14.2096953986 19.5356635865 3.42524505063 2.87427712596 6.24186054797 10.6334979785 12.7897218691 2.90668591072 1361.87027133 1376.31866104 17360.6621493 5.61350687204 1.67458227595 0.294271568416 1.00656577227 0.195473955271 0.124414552803 1.30942193848 6.10834487595
-9999.0 -9999.0 -9999.0 -9999.0 -9999.0 -9999.0 -9999.0 -9999.0 -9999.0 -9999.0 -9999.0 -9999.0 -9999.0 -9999.0 -9999.0 -9999.0 -9999.0 -9999.0 16.9931659613 50.6740965967 64.6994638481 79.6082316081 541.877518749 556.63147225 571.459141509 588.348354907 601.403546878 628.549642244 635.370586672 641.567230881 647.052290918 5.78512684323 5.23547442752 5.75972439066 19.9702050916 5.36819724134 4.92544135722 3.65311421897 10.3153231153 4.11713303409 2.87491142739 2.60683792888 2.01449911592 4.0169414268 5.70388774704 1388.01771802 18756.2806213 1.7679994269 3.58750936218 0.185839759183 1.26043078835 0.528562989385 0.251230455065 11.80240342 9.6841921233
-9999.0 -9999.0 -9999.0 -9999.0 -9999.0 -9999.0 -9999.0 -9999.0 -9999.0 -9999.0 -9999.0 -9999.0 -9999.0 -9999.0 -9999.0 -9999.0 -9999.0 -9999.0 -9999.0 14.443183175 113.056881549 223.596800625 239.350700538 21.0709484519 39.1315911726 56.2999020733 70.0126264398 162.978895911 169.18670113 6.00076014541 5.77369567087 659.194782902 669.417480074 674.000358345 23.463420854 3.27767192743 8.2511749008 12.0393661018 35.2648116711 42.8881769507 48.2900434529 4.82499701713 6.51913183539 2.1270945647 4.13398981307 2.09946100222 18760.3441485 1.52329153769 6.49225165252 1.82643390125 3.80962867492 10.9727213519 12.0219346147 24.6743111706 8.35178655084
-9999.0 -9999.0 -9999.0 -9999.0 -9999.0 -9999.0 -9999.0 -9999.0 -9999.0 -9999.0 -9999.0 -9999.0 -9999.0 -9999.0 -9999.0 -9999.0 -9999.0 -9999.0 15.9000160139 50.4617227249 98.9282676024 129.322740023 332.794863475 351.23615058 35.8740594757 53.1593968892 67.1315306362 80.8069087253 175.429505807 187.633327014 317.60703338 325.388799733 330.322017251 679.005116642 714.965627596 8.29913287908 5.50519179338 5.22469762935 9.78750075139 4.26846718606 56.1211396387 58.6403987111 8.50600418675 10.2504071709 1.74785921687 3877.69717853 3881.98274455 22645.4374687 22654.7567598 1.61159086021 7.37828084177 2.28722184466 1.81782270661 27.7767797594 37.1745832255
-9999.0 -9999.0 -9999.0 -9999.0 -9999.0 -9999.0 -9999.0 -9999.0 -9999.0 -9999.0 -9999.0 -9999.0 -9999.0 -9999.0 -9999.0 -9999.0 -9999.0 -9999.0 -9999.0 17.9975671296 17.5246561397 33.3429079486 79.1550111615 366.273630798 18.3750918863 18.1446031801 31.9405367493 46.1216238795 108.014560713 116.004751826 4.37626715721 5.30828188982 337.123344088 342.59010045 1061.4981204 1064.89848726 2.71238676708 2.29792127344 1.75018147475 1.77189677853 1.85189058942 3835.06665377 3850.46099408 3862.61688927 3866.13412164 3876.01497929 2.36637799831 8.50443996606 10.2247595298 22669.2027159 22670.718374 22673.4430007 22675.2169212 22676.9325384 38.4977639395
-9999.0 -9999.0 -9999.0 -9999.0 -9999.0 -9999.0 -9999.0 -9999.0 -9999.0 -9999.0 -9999.0 -9999.0 -9999.0 -9999.0 -9999.0 -9999.0 -9999.0 -9999.0 -9999.0 -9999.0 16.2374143488 16.9082773902 31.4007406626 427.979086177 443.955980623 17.717762677 31.5679788027 46.1641050651 55.2157535439 7.33520574272 14.0816384089 935.071486217 940.489139655 944.691789193 982.105445156 2050.63740021 3725.23481572 3731.97877646 3737.77070066 3743.22802159 3766.2958514 3773.90720935 13.249483619 5.71446248335 3.49837430386 6.46956308375 4.20264231795 6.80334335802 2.00558228964 53.3064680785 59.1528037562 63.6917332783 64.2957672195 22678.1374905 22718.2586812
-9999.0 -9999.0 -9999.0 -9999.0 -9999.0 -9999.0 -9999.0 -9999.0 -9999.0 -9999.0 -9999.0 -9999.0 -9999.0 -9999.0 -9999.0 -9999.0 -9999.0 -9999.0 -9999.0 -9999.0 -9999.0 16.6047926335 31.7668305517 47.0074243152 456.799005029 15.5917337454 620.855495347 635.850295723 642.789163749 650.157964362 906.120159002 914.153540243 6.09459431743 28.8139816629 34.5788632226 6.02632673057 1667.86260765 1657.23539509 2.91722312973 6.95296320293 18.620588448 4.15222745153 4.3007762075 2.90507238119 2.27816076143 1.64857342163 1.95104955044 46.8059951602 48.8005055214 51.3852260648 4.26277518397 3.27103614065 66.0775264653 67.1205404891 67.52587575
-9999.0 -9999.0 -9999.0 -9999.0 -9999.0 -9999.0 -9999.0 -9999.0 -9999.0 -9999.0 -9999.0 -9999.0 -9999.0 -9999.0 -9999.0 -9999.0 -9999.0 -9999.0 -9999.0 -9999.0 -9999.0 15.3035052336 14.2762168507 73.9034605965 560.775238802 591.390319618 607.436797915 15.1528043894 240.499634848 246.929982166 249.277761723 6.90287600568 13.8172161295 19.8903550795 397.085633909 401.524219608 405.124308763 1650.65098112 1011.16980472 3.99112308951 3.99897456556 3.78011559971 2.69963869288 29.7151212886 35.1043190853 39.6806278361 42.2229826719 44.6369524328 346.132405536 347.697817192 349.461089119 353.106133598 370.812196603 371.421295318 439.561582017
-9999.0 -9999.0 -9999.0 -9999.0 -9999.0 -9999.0 -9999.0 -9999.0 -9999.0 -9999.0 -9999.0 -9999.0 -9999.0 -9999.0 -9999.0 -9999.0 -9999.0 -9999.0 -9999.0 -9999.0 -9999.0 -9999.0 29.834394416 45.3759717415 16.4950520021 17.7456278161 190.606295618 206.068841682 216.495601925 83.1297372822 88.8264362927 95.3411882486 101.569430866 386.961761443 393.169957625 221.239960264 631.223710317 635.725711713 1008.01760894 8.16666845992 4.03726036641 2.58247893037 20.8959752807 24.4496662222 1.77795455504 1.61532769217 338.14169152 342.512844426 344.658511704 1.85704173509 2.6364686838 368.418947002 1.67106795741 5.42354194946 5.85885824424
-9999.0 -9999.0 -9999.0 -9999.0 -9999.0 -9999.0 -9999.0 -9999.0 -9999.0 -9999.0 -9999.0 -9999.0 -9999.0 -9999.0 -9999.0 -9999.0 -9999.0 -9999.0 -9999.0 -9999.0 -9999.0 -9999.0 14.8662102989 29.4534465437 124.277018514 141.221915437 157.940376062 65.1727825993 76.9898919323 6.72891171246 267.640644137 273.490669098 279.197059587 6.05906614938 209.772957815 216.205753469 4.55779854286 986.27405558 9.4806301093 4.65386991208 11.5859487828 15.6398012967 2.75801604995 2.09749267916 314.625283549 334.116044749 336.880768748 2.72202242897 5.3091151651 6.52581020439 7.45431970787 14.3527945819 1.91537300259 4.52985129346 0.762550418368
-9999.0 -9999.0 -9999.0 -9999.0 -9999.0 -9999.0 -9999.0 -9999.0 -9999.0 -9999.0 -9999.0 -9999.0 -9999.0 -9999.0 -9999.0 -9999.0 -9999.0 -9999.0 -9999.0 -9999.0 -9999.0 -9999.0 14.7699852164 46.1918951441 80.2269137739 18.7707245651 35.1136794973 51.0283993846 240.437588384 249.126687346 255.224605107 5.40244131055 175.863391586 192.787570681 198.56639252 3.85786208184 966.625079986 977.33730025 4.89857264707 4.42050980644 8.64086359268 3.30138712451 300.046345794 305.610487587 309.000906271 12.793334872 15.5866965674 2.31417362323 3.946487188 1.6508669808 11.1670942799 1.67424331654 1.18423963985 1.29133697332 1.31666344413
-9999.0 -9999.0 -9999.0 -9999.0 -9999.0 -9999.0 -9999.0 -9999.0 -9999.0 -9999.0 -9999.0 -9999.0 -9999.0 -9999.0 -9999.0 -9999.0 -9999.0 -9999.0 -9999.0 -9999.0 -9999.0 -9999.0 -9999.0 16.0816243713 17.6860064122 19.8706954643 166.771138239 182.273977998 227.038678743 10.184079388 151.916734822 165.853231288 5.74464369437 12.0163578646 4.35008641265 953.486907606 5.04778422912 13.9700293849 17.3679204323 20.5502406361 279.465506512 290.727613628 294.588450276 3.87589382668 7.00838139918 9.73783581719 1.39856200879 1.22801222411 822.162556507 823.398722183 824.338797849 835.758724896 837.00272692 838.74198886 839.698370648
