data/baseflow/mHMbf_acc497.asc
ncols                  80
nrows                 72
xllcorner      4374000.0
yllcorner      5656000.0
cellsize            500
NODATA_value       -9999
[rows 25 to 49 of 72, columns 0 to 54 of 80]
-9999.0 -9999.0 -9999.0 -9999.0 -9999.0 -9999.0 -9999.0 -9999.0 -9999.0 -9999.0 -9999.0 -9999.0 15.2560828825 30.3856569127 13.7301479036 27.3349452075 10.8829660129 89.9968325764 110.208174165 120.728101218 9.02767374881 17.1297007099 189.912385275 229.315630195 235.94801242 13.96550209 14.4042726076 20.3625276627 3.29535905722 2.86209296903 5.39096667853 2.44071721961 325.566115165 328.128097864 330.544971554 2045.61191685 4390.64031211 4366.65275416 4.33027894479 2.20048511852 2.03060302319 7.56090279588 5.97719214723 17.1142123262 25.8210616496 51.8138685323 4.60860717758 4.55680422021 41.0435427304 45.1676219195 88.9665032142 91.4385078685 97.7392804408 100.206463001 2.67339581709
-9999.0 -9999.0 -9999.0 -9999.0 -9999.0 -9999.0 -9999.0 -9999.0 -9999.0 -9999.0 -9999.0 -9999.0 -9999.0 13.9865921396 28.2093543466 42.7505983399 66.4004514182 12.6786123106 10.7076096834 84.8381155635 94.0223570861 174.398770937 184.084687816 26.0626224454 7.87865411365 6.64764471882 6.53176852678 307.682251004 311.490315461 315.067983181 317.941652806 323.096377175 34.5993351795 36.8159660914 370.463729977 6808.93939224 17.8851150356 14.2793738978 6.84322495034 1.89762878862 1.67381317153 11.6119040876 13.039377997 20.2640638524 1.54276794525 53.776493039 7.49159863701 7.28766702434 1.52702230568 1.11324369907 1.14679527818 1.19166553072 1.29421690861 101.537213259 1542.18505542
-9999.0 -9999.0 -9999.0 -9999.0 -9999.0 -9999.0 -9999.0 -9999.0 -9999.0 -9999.0 -9999.0 -9999.0 -9999.0 -9999.0 13.0745452925 26.9669867232 39.8091075164 52.7635244923 63.5501386002 74.8612719268 31.9138331528 53.308872513 9.32640930771 8.57282914934 272.544911778 288.385261165 295.261811876 302.680644569 4.92267031663 8.62626762088 23.8914742373 28.0853434268 31.6102780252 2.87880324162 2.7243008734 6818.71401469 3.55498186317 5.1837645762 2.9551379608 8.02940283651 3.78733529287 2.4596309108 35.4081588261 37.3731354457 1.27981724391 55.2848055214 64.5568395763 9.1054841336 1609.15640432 1606.09680467 1603.52825492 1597.52380551 1595.2519626 1549.91945347 1548.12519002
-9999.0 -9999.0 -9999.0 -9999.0 -9999.0 -9999.0 -9999.0 -9999.0 -9999.0 -9999.0 -9999.0 -9999.0 -9999.0 -9999.0 4.42331394502 9.6521352308 13.6756823203 145.69972583 156.902552363 11.582737547 10.8311332039 10.7539949295 236.93700297 256.670649315 9.15789608452 9.21516094132 6.42274797131 27.7940510933 34.5583215279 15.5314806735 19.7341628716 173.748641869 178.391486789 186.896125092 291.669852221 7113.29857926 3.95770650014 2.33530105861 12.3466932546 10.1619098001 1.59004593904 5.8273363107 7.58759986501 39.3918538615 41.1647049009 109.152849026 65.2881178526 10.0418436735 1643.58826755 16.5598579416 1600.99121215 1599.37148732 42.9422904412 1.50630576217 3.99729348345
-9999.0 -9999.0 -9999.0 -9999.0 -9999.0 -9999.0 -9999.0 -9999.0 -9999.0 -9999.0 -9999.0 -9999.0 -9999.0 -9999.0 22.603311037 37.2455325442 74.3203201013 133.077815603 170.458650602 196.328094564 207.018740537 218.011981177 228.304040524 9.40324331252 7.79783794815 15.0114020738 13.7564692446 7.49010367595 153.473138539 159.936932041 165.792134115 171.282309169 90.4757576769 94.5979156286 100.751960337 7115.89450768 7.25863544249 7.43211772657 21.362903586 1.92043914395 3.87087907732 2.20100336096 1.59462724966 9.37769857082 1.34257794625 1.45550377819 1761.61590782 1651.29944808 1649.66623636 6.48388316619 14.8366610287 9.45586108411 2.10320827632 38.9937027821 10.5442150574
-9999.0 -9999.0 -9999.0 -9999.0 -9999.0 -9999.0 -9999.0 -9999.0 -9999.0 -9999.0 -9999.0 -9999.0 -9999.0 -9999.0 15.7765842533 15.3397272127 30.3154189233 45.0556481395 13.4682219272 13.9834244521 25.4623226041 36.5262261804 56.5949538778 66.4461236608 74.3056299694 97.6921533531 104.748531421 112.978139153 6.98135065504 71.9399457736 77.4519384311 82.5649774799 3.91080570129 1.73285882579 3.26671873029 7218.84253109 7221.35160972 7233.51168275 26.8126822022 3.96958951416 6.37568510533 1.99077856726 2.84939075425 10.748813182 13.2594315021 2.62928486751 1768.67510373 2.39293165977 3.434750278 3.74147257368 3.05708559797 5.71611175573 2.4281990622 26.4889664491 21.0117974893
-9999.0 -9999.0 -9999.0 -9999.0 -9999.0 -9999.0 -9999.0 -9999.0 -9999.0 -9999.0 -9999.0 -9999.0 -9999.0 -9999.0 -9999.0 14.7936000193 28.9807335986 13.6102087231 27.8067311261 168.243749335 178.77358563 189.090508782 9.98506883479 9.99838814782 17.794815428 26.0941263906 39.6989571441 47.0213678773 51.9204528054 58.4805503445 4.88398025359 4.2665331362 90.5462118119 92.7324532564 94.7049982804 96.9634253055 82.493207906 7325.99025442 7367.27235476 7368.94276703 7376.67793766 7384.47017533 7388.63006212 1.11672735197 14.3907067432 1769.86686815 2.58707669754 1.33197721577 1.95409339324 2.07226562188 3.45956656389 3.05013112336 1.8750116645 2.93714375095 2.82961964624
-9999.0 -9999.0 -9999.0 -9999.0 -9999.0 -9999.0 -9999.0 -9999.0 -9999.0 -9999.0 -9999.0 -9999.0 -9999.0 -9999.0 -9999.0 -9999.0 42.9550349135 56.5795729211 98.4391219638 126.59955631 13.8206432883 215.382323278 225.052426518 233.662699012 8.38082613971 16.3430028757 6.7464092053 54.3458748783 58.444264051 65.217769458 72.0879862561 85.3406373151 87.8735808113 1.55983066188 72.9309752347 77.6757200011 80.3335451992 89.897501059 12.1281119091 7.403887331 4.23600001422 3.78739685523 7393.44020073 7395.76738471 7419.96226591 1770.94416071 8.33274283738 4.79537620336 3.23671157844 0.960525768167 10.0200952529 5.21963006165 1.66064620131 9.48695728472 8.14968500036
-9999.0 -9999.0 -9999.0 -9999.0 -9999.0 -9999.0 -9999.0 -9999.0 -9999.0 -9999.0 -9999.0 -9999.0 -9999.0 -9999.0 -9999.0 -9999.0 14.4942514288 70.80132471 85.391623841 14.0455177 11.1516390947 22.9849729598 33.2907692141 276.170052795 8.41118085788 33.7518452192 40.9919878548 48.058509018 4.62753402385 10.5269516366 13.1581085426 57.5189055614 64.2294563872 66.6510364051 2.49578026622 2.14470998157 2.49917232666 4.61382809333 2.0132560606 2.01660036 2.98925541164 2.23324045742 2.98092485554 8.4768504098 7422.23667011 9198.33452429 10.8168857055 2.106571129 1.23924433926 31.8520159587 29.6741824806 17.8957750713 16.0838706118 12.0004938554 2.99176974133
-9999.0 -9999.0 -9999.0 -9999.0 -9999.0 -9999.0 -9999.0 -9999.0 -9999.0 -9999.0 -9999.0 -9999.0 -9999.0 -9999.0 -9999.0 12.8983742279 40.3340933397 13.0231119342 13.3755001824 12.8863967216 24.4086473391 35.6536609254 45.668469137 332.832117677 340.757249838 8.25895338746 15.5305501921 22.9592802106 28.1049895528 33.5254060514 50.1926967434 55.1519390462 3.66856138362 2.57160787265 2.00634001059 1.74241468391 2.80824863545 3.15540878941 3.06076196149 3.64892465233 10.996629173 4.88815169579 2.31316271647 2.28204749497 1.81519190282 3.30034814869 9308.89907668 98.2976346772 40.8021101111 5.41388795855 2.77442922482 1.44937208001 4.67100572394 3.01812240829 1.52729337556
-9999.0 -9999.0 -9999.0 -9999.0 -9999.0 -9999.0 -9999.0 -9999.0 -9999.0 -9999.0 -9999.0 -9999.0 -9999.0 -9999.0 13.562669121 26.218368668 92.1725139433 12.448644081 26.0433011671 38.3078829786 49.1526585669 11.6274116857 21.0590887628 31.6777304623 382.339812527 7.55172522711 14.1030818919 20.9706237867 6.19131904563 12.1646653544 15.2416704345 19.259064258 618.130901082 623.83317857 629.823247299 658.141848514 664.964328251 683.313244439 6.33137571975 13.4445771504 13.9656244162 742.983562521 746.786671647 2.0401758358 3.21028107734 4.3310108246 9310.94998325 94.7397929522 46.6591509764 43.1762185783 35.8494723074 31.3654404228 6.10833084946 1.54861130816 2.70300682358
-9999.0 -9999.0 -9999.0 -9999.0 -9999.0 -9999.0 -9999.0 -9999.0 -9999.0 -9999.0 -9999.0 -9999.0 -9999.0 -9999.0 13.7405188361 41.7615203797 147.643908328 218.456785132 11.2177520101 283.321135145 344.037845677 10.4156365186 19.6668534803 29.8361612001 468.974558955 477.019816041 5.53442173566 32.2506779331 37.444183243 42.2394190215 578.308217311 589.287848181 596.268367394 3.50994273986 19.4442157305 23.6990204992 9.33919874 13.1438651023 702.106718127 721.485220368 724.628569136 727.54317146 749.981873155 1.53965586802 1.42691260003 6.90905797171 9313.49699882 3.58062736962 1.51381546409 4.39336085738 1.78819685926 27.3405260487 23.1887273774 14.233992336 9.77802983292
-9999.0 -9999.0 -9999.0 -9999.0 -9999.0 -9999.0 -9999.0 -9999.0 -9999.0 -9999.0 -9999.0 -9999.0 -9999.0 -9999.0 -9999.0 -9999.0 29.0299212947 58.2836573938 258.208744311 272.139940446 356.394118618 368.319345059 10.2497763545 20.5246141705 46.8081015949 486.52772976 499.078871641 503.754705794 3.77510180919 521.251586928 532.392057926 7.25737017466 3.37298747761 6.19039429908 12.2896109527 3.09628618872 6.15969820051 13.1010858865 16.3982464141 3.434379935 2.30317213139 4.44534720095 767.316577925 772.987301891 774.173331709 785.038949497 9315.61969647 3.07286146422 0.959110156583 1.17446354478 1.20821822359 1.25016550291 1.13939955789 2.07458654129 1.80491533806
-9999.0 -9999.0 -9999.0 -9999.0 -9999.0 -9999.0 -9999.0 -9999.0 -9999.0 -9999.0 -9999.0 -9999.0 -9999.0 -9999.0 -9999.0 -9999.0 15.0833005278 14.7291612984 14.2751693348 26.88059881 11.8868937494 392.102599607 402.927022024 9.19998867023 18.0516203681 7.8742908777 6.25682954244 5.97332753965 513.951209144 3.59631286441 7.61469024422 3.90057593879 3.31019121104 3.01908544181 2.32895266042 2.45310522578 7.75708757454 10.761938118 2.13439032529 1.90160058434 4.30095245635 7.37851200571 9.62293886048 2.8675431618 776.678944471 786.332413066 9317.36659008 9.53124579227 2.93039627641 0.603331013855 1.69495790935 0.503420496308 0.4084477827 2.53956841079 8.75846402417
-9999.0 -9999.0 -9999.0 -9999.0 -9999.0 -9999.0 -9999.0 -9999.0 -9999.0 -9999.0 -9999.0 -9999.0 -9999.0 -9999.0 -9999.0 -9999.0 -9999.0 -9999.0 14.5730358344 40.0644272109 51.5335862758 63.2310863016 414.401359084 425.918047905 436.561699549 445.824172423 451.539697407 463.58050582 467.031906806 470.317936437 473.079664055 2.63206888934 2.49307982518 2.76797954327 10.1833863837 2.8263920946 2.75781390974 2.03450936803 6.13933697504 2.66509164533 2.07396386875 1.89263749373 1.62393493061 3.23959300196 4.7875946977 796.408943125 10124.9254617 3.4091718346 5.56696110184 0.453710518599 2.27026768565 1.15749277747 0.823247997865 18.4512055931 14.8303980466
-9999.0 -9999.0 -9999.0 -9999.0 -9999.0 -9999.0 -9999.0 -9999.0 -9999.0 -9999.0 -9999.0 -9999.0 -9999.0 -9999.0 -9999.0 -9999.0 -9999.0 -9999.0 -9999.0 11.9853700521 95.7934984482 185.035921863 196.728404161 12.7331605705 22.2817109701 31.2402537338 37.7194766393 85.1238038422 87.950482664 2.71096710495 2.75106860573 479.46839401 484.84459708 487.105504749 11.9935169466 1.68979433735 4.70973405653 6.85196517142 20.7762836497 25.7608665125 29.7555306104 3.59244307739 5.03636674952 1.78402989929 3.65896685244 1.95837574831 10128.5980045 2.66518709891 11.1459835209 2.51221278633 5.68387711028 20.457922138 22.697425405 42.7816600858 14.4947208876
-9999.0 -9999.0 -9999.0 -9999.0 -9999.0 -9999.0 -9999.0 -9999.0 -9999.0 -9999.0 -9999.0 -9999.0 -9999.0 -9999.0 -9999.0 -9999.0 -9999.0 -9999.0 13.4186176252 42.8613380899 83.9706401299 109.711889492 275.620101578 287.686322901 19.2993481105 28.4098357033 35.6588606186 42.0269448408 91.0885710104 96.7147243597 168.480897282 173.941476238 177.219426427 489.476176566 507.988465909 4.34843071043 3.17295633007 2.99078260711 5.8137353832 2.70118203744 35.0891946753 37.0043954898 6.8223345227 8.65625447069 2.27161241647 2653.28211825 2658.19620684 12789.3202175 12804.2084761 3.31025470147 12.6390684989 5.72008804917 4.11967067801 49.4312028556 65.7409385786
-9999.0 -9999.0 -9999.0 -9999.0 -9999.0 -9999.0 -9999.0 -9999.0 -9999.0 -9999.0 -9999.0 -9999.0 -9999.0 -9999.0 -9999.0 -9999.0 -9999.0 -9999.0 -9999.0 15.3609365641 14.9749896936 28.2005337538 66.9229515906 299.934206284 10.1004107685 9.94741510342 17.0951627021 24.5258250083 58.4222409713 62.9709350094 3.43342723691 3.61802299395 180.879432571 183.657444704 694.466942093 697.064208863 1.54743843507 1.317362141 1.13411790582 1.14784376902 1.35857545499 2614.74875428 2627.5662152 2638.22198835 2642.61044544 2651.36725205 2.44116573547 8.85923238027 10.6644915177 12819.3384844 12821.1248874 12822.6275753 12824.2947197 12826.2038344 68.2388822321
-9999.0 -9999.0 -9999.0 -9999.0 -9999.0 -9999.0 -9999.0 -9999.0 -9999.0 -9999.0 -9999.0 -9999.0 -9999.0 -9999.0 -9999.0 -9999.0 -9999.0 -9999.0 -9999.0 -9999.0 13.6534829417 14.3312083558 26.5673397263 351.677520705 362.814664267 9.63191458972 16.7265560934 24.4434523646 30.1657693311 4.73544812903 8.7472611156 710.872750241 713.409991505 716.510739182 739.604772178 1439.35639573 2542.89941073 2546.85228601 2550.58420486 2554.10197624 2570.33569417 2575.80980679 10.9579658923 4.87976762174 3.1222390248 5.83461464603 4.40186285113 7.04766365603 2.31244789627 46.4985189129 54.477460589 60.752850751 61.5442089012 12827.3258476 12897.5235882
-9999.0 -9999.0 -9999.0 -9999.0 -9999.0 -9999.0 -9999.0 -9999.0 -9999.0 -9999.0 -9999.0 -9999.0 -9999.0 -9999.0 -9999.0 -9999.0 -9999.0 -9999.0 -9999.0 -9999.0 -9999.0 13.9189097628 26.668922032 39.4880446488 373.361786923 8.67604685522 496.154606304 504.2968187 509.019730592 513.461919506 693.192236498 698.197904432 3.12665101249 16.7067913122 20.7209659151 3.52112869798 1099.64908806 1093.28034163 1.94605343009 4.59693026273 13.0089226137 2.99832485147 3.38761081584 2.48599596549 2.17167628796 1.61125152653 2.06477974873 39.2066768793 41.5229053294 44.3946698606 6.18384635444 4.67149877498 64.9817018395 66.3197613585 66.9010466217
-9999.0 -9999.0 -9999.0 -9999.0 -9999.0 -9999.0 -9999.0 -9999.0 -9999.0 -9999.0 -9999.0 -9999.0 -9999.0 -9999.0 -9999.0 -9999.0 -9999.0 -9999.0 -9999.0 -9999.0 -9999.0 12.6303414059 11.8654685057 61.5371561609 458.924569003 479.576175257 489.133212848 7.48422857694 167.741749418 172.477337719 174.742565439 4.37892871074 8.02833359703 11.2681994923 237.566874933 240.069177121 242.276057372 1089.1624771 695.843433715 2.60457072877 2.87840559624 2.72784705224 2.13602505006 22.4827601818 27.5192078374 31.8455153681 34.4490494108 36.9387509835 269.22097887 271.201908031 273.516910769 278.604042684 302.152494109 302.976071261 370.790630085
-9999.0 -9999.0 -9999.0 -9999.0 -9999.0 -9999.0 -9999.0 -9999.0 -9999.0 -9999.0 -9999.0 -9999.0 -9999.0 -9999.0 -9999.0 -9999.0 -9999.0 -9999.0 -9999.0 -9999.0 -9999.0 -9999.0 24.7395583576 37.8255351164 12.5491911349 10.2172002379 141.965061061 149.941247864 155.347849416 48.1067037453 52.1647030443 56.5392565474 59.9486347358 231.661057564 235.463017212 143.136814629 388.410958933 391.141950678 693.840115372 5.70060116594 2.95532118875 1.90830725172 15.4108578604 18.2260298753 1.73362937212 1.62127089126 260.539870591 265.087215801 267.466762009 2.46170745372 3.68781522855 298.346598567 2.22898183261 7.12548841218 7.75622234299
-9999.0 -9999.0 -9999.0 -9999.0 -9999.0 -9999.0 -9999.0 -9999.0 -9999.0 -9999.0 -9999.0 -9999.0 -9999.0 -9999.0 -9999.0 -9999.0 -9999.0 -9999.0 -9999.0 -9999.0 -9999.0 -9999.0 12.4365847824 24.5836741268 101.333165979 113.854550557 123.402494118 37.8638773479 44.0623995563 4.49998690991 160.188107697 164.25092292 168.241870309 3.7208675798 136.221515225 140.200299839 2.87052848391 679.063574467 6.43921827319 3.1923936546 8.38402543755 11.3517430892 2.21434561836 1.71296992443 238.586404421 256.401991297 259.184300082 2.81921306978 6.09307826368 7.60895757604 9.31382168059 18.2468078031 2.55997568004 5.92408923527 1.16732090237
-9999.0 -9999.0 -9999.0 -9999.0 -9999.0 -9999.0 -9999.0 -9999.0 -9999.0 -9999.0 -9999.0 -9999.0 -9999.0 -9999.0 -9999.0 -9999.0 -9999.0 -9999.0 -9999.0 -9999.0 -9999.0 -9999.0 12.2863800993 38.2517842214 65.1181051755 12.5025417878 21.9408066845 30.7654249333 141.410040358 147.266818676 151.757622684 3.89923746626 112.117225243 125.335333248 129.483620703 2.8072033184 666.223912324 673.502897147 3.41612185327 3.03957307431 6.21785305277 2.47385936157 226.031513789 230.56328432 233.535670314 11.1170215832 14.0259707052 2.46992954406 4.44913864648 2.00014485428 13.9426452019 2.2004192361 1.58327198198 1.63716456196 1.84698524845
-9999.0 -9999.0 -9999.0 -9999.0 -9999.0 -9999.0 -9999.0 -9999.0 -9999.0 -9999.0 -9999.0 -9999.0 -9999.0 -9999.0 -9999.0 -9999.0 -9999.0 -9999.0 -9999.0 -9999.0 -9999.0 -9999.0 -9999.0 13.1102261029 13.7825423538 12.1883220762 102.039665814 110.171040326 134.23074391 6.18169229537 93.922355065 104.717645291 4.47642461509 9.45692051744 3.55632949669 656.449281106 4.13854675372 10.3036076346 12.6832322747 15.1990851457 209.123431623 218.595041715 221.748852211 3.16978221386 5.92946914817 8.36046293447 1.50495554165 1.38137883026 659.300436031 660.817025136 662.086768172 675.974378515 677.76767874 680.093582258 681.493449349
