data/baseflow/mHMbf_acc416.asc
ncols                  80
nrows                 72
xllcorner      4374000.0
yllcorner      5656000.0
cellsize            500
NODATA_value       -9999
[rows 24 to 47 of 72, columns 0 to 54 of 80]
-9999.0 -9999.0 -9999.0 -9999.0 -9999.0 -9999.0 -9999.0 -9999.0 -9999.0 -9999.0 -9999.0 -9999.0 10.5958160676 28.0217382036 36.4213542745 62.1037024744 7.3437184046 14.9232117808 21.8489008257 84.1666116299 88.4231395773 90.125166145 94.0988606887 99.4250570127 167.391073429 181.991035364 187.98473596 1.26689560312 13.7667398197 14.7192137743 319.985118413 323.026539752 324.343504625 325.725599132 327.032402599 1316.04598638 3.3157609385 2848.59332114 1.58507606596 0.464343927846 18.7332217325 17.4517338302 1.75495776204 9.88588273207 14.7717998746 14.5219819135 9.70263826521 15.7985801494 24.8757711459 9.29615462548 23.4612263433 1.39080297902 2.05222404137 0.144930706115 0.121950509159
-9999.0 -9999.0 -9999.0 -9999.0 -9999.0 -9999.0 -9999.0 -9999.0 -9999.0 -9999.0 -9999.0 -9999.0 9.56228482629 18.820540418 8.43960609535 17.2701531123 7.31732290959 56.7346411334 70.4711676361 77.7628572988 6.21197639842 11.130684563 133.084136254 159.003893126 162.988454133 9.83098945839 9.42623311838 12.3392622117 0.733461549632 0.613498365423 1.11447474759 0.883014450345 258.784027354 260.108903632 261.094014905 1320.15757265 2861.22563809 2849.16145733 0.650033249377 0.322001201953 0.281651557028 2.31374627749 2.07961895399 10.6023704333 16.7025181458 34.2606661501 3.01330741723 2.99236496536 26.8082465761 28.7341548646 56.0094673369 56.9480561749 59.1645171042 59.4476081663 0.254762410987
-9999.0 -9999.0 -9999.0 -9999.0 -9999.0 -9999.0 -9999.0 -9999.0 -9999.0 -9999.0 -9999.0 -9999.0 -9999.0 8.37546394834 16.9804365532 25.7846594094 41.3347655233 8.277565434 7.19323692333 65.1692407605 71.3451444395 124.337033232 130.499070888 16.9905763504 5.55490911141 4.87147276652 4.39189768465 253.0500322 254.73256263 255.636240559 256.192710178 257.741899704 18.7749484643 20.457421419 282.882083265 4466.50899827 7.59775264914 4.91861323071 1.46078695989 0.514753126645 0.285347228754 2.86493076592 3.05322875882 11.0220074336 0.203856199498 34.6487865988 4.00808355404 3.87745229636 0.212064284522 0.135276491991 0.13156275782 0.474645955718 0.137547018469 59.6072309751 755.321201514
-9999.0 -9999.0 -9999.0 -9999.0 -9999.0 -9999.0 -9999.0 -9999.0 -9999.0 -9999.0 -9999.0 -9999.0 -9999.0 -9999.0 8.18458518799 19.9178211161 31.5395924267 43.4631739 50.8059604079 58.4484028806 21.4298559297 35.3433338269 6.16626653644 5.91412047285 227.676860493 239.083189375 244.210633305 249.551036583 3.21074263243 5.12951279738 14.5556872571 15.6793198351 16.953210331 2.0323410705 2.3680209829 4475.41389871 2.9333578343 2.61616987016 1.26953750881 3.19727999417 1.46121037356 0.96282428706 14.771147245 16.1600577947 0.563423885765 35.4490735547 39.6131584689 4.0344839526 770.570594623 770.186859883 769.858668668 768.608423991 767.618194943 758.042749334 757.005093017
-9999.0 -9999.0 -9999.0 -9999.0 -9999.0 -9999.0 -9999.0 -9999.0 -9999.0 -9999.0 -9999.0 -9999.0 -9999.0 -9999.0 4.11563872385 8.82294706864 12.0255898047 135.818016155 143.276394142 7.64849020841 7.2011205157 6.95951047084 203.547648085 216.37245473 6.05677148616 6.32482344313 4.72216214061 19.5904214227 24.2947436004 9.90139019332 11.9507990605 116.254742213 118.705867092 125.340183102 191.28792596 4669.43085513 3.16977702888 1.04136034543 5.48636019238 4.3326065057 0.9857215873 2.98420408147 3.94864216475 17.2300841537 18.2018753445 59.5426800839 40.1056358831 4.36964032525 785.137875178 6.85893520158 769.479745823 769.073658272 8.72145857832 1.40721216995 0.350703341584
-9999.0 -9999.0 -9999.0 -9999.0 -9999.0 -9999.0 -9999.0 -9999.0 -9999.0 -9999.0 -9999.0 -9999.0 -9999.0 -9999.0 21.0382094868 34.6601593162 68.9443639943 125.514067233 156.154390216 176.208923654 183.499683767 190.836793833 197.708503105 6.18284329264 5.40829467492 10.4952583047 9.7933185577 5.12561697916 102.690019998 107.249184818 111.391479485 115.064768992 56.4394275005 57.6684938193 62.3131387693 4671.72928471 6.07610461029 3.00937733448 9.28511580475 1.06899093567 2.8107666622 1.71391316131 0.887961450355 5.2245402464 0.763088632327 0.79159250324 849.029628106 788.838115331 788.001976457 2.95555342409 6.51788254533 3.75798575073 0.543132530254 5.64344169686 0.973788674718
-9999.0 -9999.0 -9999.0 -9999.0 -9999.0 -9999.0 -9999.0 -9999.0 -9999.0 -9999.0 -9999.0 -9999.0 -9999.0 -9999.0 14.7734538953 14.7610911279 29.3505550217 43.2293104485 9.83867432966 8.38535217475 15.5735566676 22.5102669507 35.1917902633 41.6465979157 47.3289801544 63.7162058978 68.7074091904 74.0890296049 4.70735121479 48.5739671605 51.8161444753 53.7325114387 0.847775145192 0.233719395011 0.664320870164 4733.51339153 4735.69642691 4745.47840627 12.5086491464 2.24210913747 3.95507183461 0.833539651581 1.6075715139 6.07267030537 7.48797491933 1.43487650561 852.926154849 1.47386034175 1.67516915802 1.72703389714 1.70384544741 2.52635351645 1.08488738135 4.47049440768 2.59797782595
-9999.0 -9999.0 -9999.0 -9999.0 -9999.0 -9999.0 -9999.0 -9999.0 -9999.0 -9999.0 -9999.0 -9999.0 -9999.0 -9999.0 -9999.0 14.6489247116 28.5414607986 12.7850475578 25.7750471198 157.99764942 166.304047784 173.075896569 6.33216187088 6.42230012222 12.0841540466 17.7378315681 27.3449649945 32.3037615968 35.0791568312 39.3979095761 3.28255669824 2.32496133774 55.7090564132 56.0264990358 57.1545725182 58.8121473852 51.9006100148 4804.45646852 4826.79892581 4827.91374569 4832.87267664 4837.30835763 4839.81805063 0.730080533484 8.16601277835 853.662924026 1.54818159193 0.792228227034 1.41598791981 1.50093508287 2.37601187465 1.41706392632 0.817618318905 1.1957892829 0.826099393337
-9999.0 -9999.0 -9999.0 -9999.0 -9999.0 -9999.0 -9999.0 -9999.0 -9999.0 -9999.0 -9999.0 -9999.0 -9999.0 -9999.0 -9999.0 -9999.0 42.3544480227 55.4388058879 94.8462774601 120.134780705 11.913509544 192.860877242 199.100739358 205.052127038 5.85661641015 11.420402518 4.85445324228 37.5214315483 39.9558376482 43.7728439299 47.4026577206 54.674577345 55.2528759966 0.435118622746 44.3618281267 47.9786234594 50.2368456474 56.8220257174 7.94196180343 4.70479559668 2.35145051906 2.23064038405 4842.4737137 4843.6483071 4857.58368737 854.405532756 4.96191522382 2.78742295534 2.03483085509 0.49230816198 5.33114709469 2.32792771506 0.726456036472 3.74475770036 3.12822436488
-9999.0 -9999.0 -9999.0 -9999.0 -9999.0 -9999.0 -9999.0 -9999.0 -9999.0 -9999.0 -9999.0 -9999.0 -9999.0 -9999.0 -9999.0 -9999.0 14.1117591526 69.0612072457 82.5231817159 12.044368016 7.05387500568 14.1657391096 20.6781817603 232.066756417 5.81109995111 23.3377811227 28.4574014903 33.3637297401 2.56216900353 6.04241614114 7.13991180638 35.583604631 38.5727263314 40.3759603267 1.78861493252 1.47416016764 1.41492116335 2.60110964954 0.986999940194 1.04231240569 1.62066855206 1.44260988831 1.62886136449 4.90600807855 4858.85128799 5716.32014751 6.07484379484 1.28911071129 0.586824996839 14.8588009791 13.7717462071 7.58529914377 6.67055122587 4.7575226887 1.15548555251
-9999.0 -9999.0 -9999.0 -9999.0 -9999.0 -9999.0 -9999.0 -9999.0 -9999.0 -9999.0 -9999.0 -9999.0 -9999.0 -9999.0 -9999.0 13.4669672265 40.3811025756 12.9679951167 9.96550974688 7.94752616934 15.0519393704 21.8344132163 29.5362686304 272.225105517 277.711396467 5.65947659179 10.7241753652 15.87643472 19.0753203183 21.8090731455 29.5592704893 33.8415345163 0.609846104347 1.27862727529 1.37319756506 1.6262331263 1.67188533823 1.77210612619 1.5227962445 1.96658098637 6.84831280753 3.29673606144 1.7640296104 1.76707553046 1.06501327328 1.93777940509 5775.93695425 52.3316565425 20.5408025327 3.9846894422 2.13375056999 0.991499738979 2.57733798935 1.45724250949 0.635978102084
-9999.0 -9999.0 -9999.0 -9999.0 -9999.0 -9999.0 -9999.0 -9999.0 -9999.0 -9999.0 -9999.0 -9999.0 -9999.0 -9999.0 14.2869128136 27.328025205 94.0615463122 12.6797219888 21.6172988128 29.2541243525 36.2637115237 7.36675591057 13.6401583519 23.1008983149 310.466290206 5.30346236573 9.99974890664 14.7790206988 4.19972070559 8.07915893034 8.6105272017 11.7894060904 463.419740521 466.3176094 469.294648659 482.463099515 487.429335002 497.288211816 2.41157081555 5.59818718365 8.10476386907 527.120495847 529.884848735 1.59849669429 2.30416663977 3.00189417931 5777.87847581 50.1804095176 24.0333757007 21.2978024091 18.8518863025 16.6706573821 3.37979541326 0.97400633942 1.39179556085
-9999.0 -9999.0 -9999.0 -9999.0 -9999.0 -9999.0 -9999.0 -9999.0 -9999.0 -9999.0 -9999.0 -9999.0 -9999.0 -9999.0 14.2688509048 43.3485470498 151.569783602 225.436479202 11.8005015214 292.042005026 339.73204563 6.7200704614 12.8313226966 21.2946370246 373.763148612 381.385529344 3.88660541115 22.569220314 26.0362713644 28.616256499 444.885273922 447.662519065 450.801861861 1.7078918912 9.54141421374 11.3244433057 4.71597780007 6.63231156949 506.705149025 515.207873923 516.7104369 518.123268812 531.58351555 0.825317448429 0.733570519846 4.43216526154 5779.59100819 2.58281215938 0.0442481638832 0.127855682219 0.0511550510689 13.6649967543 13.4128646841 8.22582989433 5.27280987963
-9999.0 -9999.0 -9999.0 -9999.0 -9999.0 -9999.0 -9999.0 -9999.0 -9999.0 -9999.0 -9999.0 -9999.0 -9999.0 -9999.0 -9999.0 -9999.0 30.0324812256 60.4807592901 266.591712708 280.590086509 352.390528012 364.176778018 6.58766174056 13.1796659095 32.0074531274 390.718461911 399.543107226 402.793719201 2.55123186117 412.816671178 415.350149466 1.89410101637 1.73412224359 3.27275336268 6.38549548366 1.55645458145 3.06805956629 6.56986309875 8.15303525554 1.59968591288 1.10479193073 2.16482604681 539.624035397 542.116776591 542.760780978 549.085932624 5781.01747321 2.42522113255 0.0210695541223 0.0277027108072 0.024356320221 0.0258042195641 0.0185816194438 0.0323911951858 1.24480159059
-9999.0 -9999.0 -9999.0 -9999.0 -9999.0 -9999.0 -9999.0 -9999.0 -9999.0 -9999.0 -9999.0 -9999.0 -9999.0 -9999.0 -9999.0 -9999.0 15.6294558331 15.3622405992 14.6865009966 27.4197457827 12.0219598538 388.291117996 399.092003569 6.81448016369 12.5854659787 5.16426403837 4.05239517445 3.90101393641 408.357715622 0.621776264222 1.23408156591 1.32930946142 1.74971841641 1.56310118854 1.21127343063 1.26266555948 3.85814997261 5.29478309268 1.04169427293 0.943155333637 2.03855314187 3.38726796834 4.4530571641 1.26048616196 543.82124877 549.77705725 5782.23043699 5.26203467309 0.0521424318288 0.00882280436729 0.029809521001 0.00573621085322 0.00352724070874 0.0366055711109 5.4538655309
-9999.0 -9999.0 -9999.0 -9999.0 -9999.0 -9999.0 -9999.0 -9999.0 -9999.0 -9999.0 -9999.0 -9999.0 -9999.0 -9999.0 -9999.0 -9999.0 -9999.0 -9999.0 15.1822156781 41.3190813253 53.432911979 65.3401346579 410.68899213 422.111345665 432.621430484 441.222560227 445.000052332 452.834280585 453.572068176 454.07745586 454.86339042 1.52425126892 1.41215092723 1.5026177792 5.30957850655 1.41323411082 1.33946486031 1.04855928933 3.07062755662 1.23981319956 0.972237420174 0.902181922737 0.807074710806 1.61070718909 2.29454855767 554.399128058 6342.94652967 2.71105201928 4.16750777152 0.0052001637794 0.0370819788775 0.0154460332402 0.0071107470669 9.85887690265 9.14848980972
-9999.0 -9999.0 -9999.0 -9999.0 -9999.0 -9999.0 -9999.0 -9999.0 -9999.0 -9999.0 -9999.0 -9999.0 -9999.0 -9999.0 -9999.0 -9999.0 -9999.0 -9999.0 -9999.0 13.0853895662 100.795684878 193.447285288 205.121829362 10.8523658712 17.6744774679 23.4334488884 27.7124012914 57.4577744879 58.9306444262 1.47545154333 1.40119649707 458.069457687 460.84049447 462.100668512 6.28671786602 0.90348624128 2.23856784294 3.2861336269 9.88853581166 12.1975918101 14.0480048416 1.69534410796 2.35640129703 0.796222905025 1.58467758884 0.817455122124 6344.52584941 1.97751771402 8.29314497789 1.32478423011 1.73048023414 10.3833196443 11.2910224042 22.2186869826 6.82829624624
-9999.0 -9999.0 -9999.0 -9999.0 -9999.0 -9999.0 -9999.0 -9999.0 -9999.0 -9999.0 -9999.0 -9999.0 -9999.0 -9999.0 -9999.0 -9999.0 -9999.0 -9999.0 14.2155493451 44.825106843 88.0035917017 115.309804193 287.686904098 299.051122923 12.0670751922 17.7985778834 22.420888813 26.4137322402 59.8240504493 62.5506886987 100.719110565 103.500661234 104.940403747 463.372983914 472.908377466 2.16738825275 1.42819150276 1.35500717816 2.58992314988 1.19179955214 16.3792461464 17.2555612702 3.10885770731 4.06628918629 0.905942516738 1928.21376739 1929.93705946 8275.65469146 8286.48514848 2.44537936201 6.98815115147 2.9362041283 1.86269386929 24.6704845254 32.188428593
-9999.0 -9999.0 -9999.0 -9999.0 -9999.0 -9999.0 -9999.0 -9999.0 -9999.0 -9999.0 -9999.0 -9999.0 -9999.0 -9999.0 -9999.0 -9999.0 -9999.0 -9999.0 -9999.0 15.8382813104 15.3824159087 29.3841639724 70.001956237 311.556510521 6.20252505144 6.13031522104 10.7621584859 15.4617642074 33.3283426128 34.5422296039 0.883517165973 1.85936729472 106.704388672 108.03972161 582.243619693 583.402867593 0.785233749178 0.69705921653 0.58682770829 0.592568092375 0.646725593319 1911.22467318 1916.66820653 1921.77346614 1923.672005 1927.2755548 0.931553489102 3.42707347563 4.1212387344 8292.75221872 8293.95885407 8295.94002787 8296.96597408 8297.83170643 32.9909819738
-9999.0 -9999.0 -9999.0 -9999.0 -9999.0 -9999.0 -9999.0 -9999.0 -9999.0 -9999.0 -9999.0 -9999.0 -9999.0 -9999.0 -9999.0 -9999.0 -9999.0 -9999.0 -9999.0 -9999.0 14.3525515141 14.8912089845 27.7851761033 365.776991852 376.695558898 6.00004093467 10.6353297157 15.4533550659 16.9635146477 1.08154583524 2.99425392454 675.248980344 676.654229646 678.183152716 689.212472882 1273.97003493 1878.30148288 1880.20696717 1881.93549146 1883.59800669 1890.76201859 1893.09600066 4.47058555868 2.01882631912 1.21201850248 2.28070241216 1.70693700287 2.7056166096 0.846101853098 18.9413397561 22.9210022229 27.0738186257 27.3855357689 8298.43576775 8332.32440144
-9999.0 -9999.0 -9999.0 -9999.0 -9999.0 -9999.0 -9999.0 -9999.0 -9999.0 -9999.0 -9999.0 -9999.0 -9999.0 -9999.0 -9999.0 -9999.0 -9999.0 -9999.0 -9999.0 -9999.0 -9999.0 14.55391046 27.912442305 41.3299908567 387.743891185 8.01590733298 509.793978629 514.780472573 515.838564232 517.857249257 667.39899861 669.989819738 1.55119333733 8.12549582182 9.80046876532 1.54263556402 602.45135231 599.63278665 0.87886360485 2.08951378957 5.6593446368 1.25333542266 1.35645777287 1.02773245762 0.884577031326 0.681976256023 0.809844518611 16.285776464 17.1328653034 18.1587045171 3.14981099298 3.25185010645 29.3980651594 29.9996885067 30.2153792288
-9999.0 -9999.0 -9999.0 -9999.0 -9999.0 -9999.0 -9999.0 -9999.0 -9999.0 -9999.0 -9999.0 -9999.0 -9999.0 -9999.0 -9999.0 -9999.0 -9999.0 -9999.0 -9999.0 -9999.0 -9999.0 13.4861674127 12.6351147155 65.0645159178 477.029084719 496.737341883 505.197437242 4.52606426085 146.699753688 147.404265346 147.951274995 2.1481037849 3.86305746603 5.35184222416 137.909380196 139.106882625 140.143126262 597.734722503 391.860087568 1.17538437752 1.22564132116 1.15824040543 0.922596549838 9.71031893382 11.7143878293 13.4651783792 14.4543671005 15.4065908759 110.191546999 110.886085864 111.788562739 114.006387558 123.027106647 123.340502413 153.875110559
-9999.0 -9999.0 -9999.0 -9999.0 -9999.0 -9999.0 -9999.0 -9999.0 -9999.0 -9999.0 -9999.0 -9999.0 -9999.0 -9999.0 -9999.0 -9999.0 -9999.0 -9999.0 -9999.0 -9999.0 -9999.0 -9999.0 26.2819286551 39.8269035284 12.2059130488 6.1662203657 133.328221441 137.990782275 140.524803584 29.8922165665 30.3758131714 31.1524200802 32.6604473281 135.215178308 136.871185565 62.1673641421 203.631193971 204.855011837 390.946433902 2.45521744199 1.25053088366 0.876034444785 6.71052531204 7.87939368408 0.72713288501 0.679788947455 106.825920683 108.610122552 109.543302594 1.09734671506 1.60720457046 121.641099377 0.822497778621 2.4431816537 2.66933497377
-9999.0 -9999.0 -9999.0 -9999.0 -9999.0 -9999.0 -9999.0 -9999.0 -9999.0 -9999.0 -9999.0 -9999.0 -9999.0 -9999.0 -9999.0 -9999.0 -9999.0 -9999.0 -9999.0 -9999.0 -9999.0 -9999.0 13.0835109837 25.8846826712 102.634039269 114.337587732 121.960127056 26.1195524287 29.3870875878 0.562174932265 99.8802428466 100.36030726 100.973797341 1.20039718851 59.0967010658 60.8152101883 1.27972320485 384.596345015 2.7322175278 1.35730148399 3.64373222487 4.89877518148 0.958197133188 0.773024728173 97.9140465142 105.172301163 106.263987061 1.05632595582 2.30894290345 2.92600106132 3.55066306744 6.92378061543 0.895200011274 2.01790075695 0.380013839365
