data/baseflow/mHMbf_acc238.asc
ncols                  80
nrows                 72
xllcorner      4374000.0
yllcorner      5656000.0
cellsize            500
NODATA_value       -9999
[rows 25 to 49 of 72, columns 0 to 54 of 80]
-9999.0 -9999.0 -9999.0 -9999.0 -9999.0 -9999.0 -9999.0 -9999.0 -9999.0 -9999.0 -9999.0 -9999.0 23.3918093842 46.1756028333 20.6829887956 41.6063170906 17.3468031733 137.801334049 170.441428633 187.370426472 15.074605426 29.6188919097 291.64222521 361.310677173 373.779332046 26.7162378595 21.6235158081 32.3181166688 9.08423976148 7.88932789593 14.5235386459 5.21821484575 440.533471081 446.050636798 448.355742086 3450.40555173 6540.15176323 6511.22344056 7.25818280918 4.03291771547 3.64442295562 15.7466338967 12.672842176 29.3222807341 41.653140093 82.8801173379 7.32668231186 7.24046305641 69.0682883541 76.5849120168 147.669485657 151.487948963 165.05938084 168.753816763 3.3522406711
-9999.0 -9999.0 -9999.0 -9999.0 -9999.0 -9999.0 -9999.0 -9999.0 -9999.0 -9999.0 -9999.0 -9999.0 -9999.0 21.3879442795 42.714027464 64.3123980866 101.211617176 19.4551985894 16.9850850884 117.483569213 132.614732203 262.498809752 278.203229579 43.9579285101 14.6715963214 12.6879212125 10.5143129715 398.161139122 406.21238421 415.577926919 423.216906144 435.131724769 72.4907449278 75.502228049 525.857780378 10519.0324458 24.5052317308 19.1508716559 10.9776676749 3.00047689328 2.83664841309 22.5839708138 24.5325074252 35.1617514201 3.12170633413 87.1144038442 13.1241049354 12.8808490288 3.14022323882 1.82329558203 1.56689949129 1.15706699423 1.75281207612 171.279072255 2705.20582923
-9999.0 -9999.0 -9999.0 -9999.0 -9999.0 -9999.0 -9999.0 -9999.0 -9999.0 -9999.0 -9999.0 -9999.0 -9999.0 -9999.0 20.3478997492 37.2630347393 51.9058119693 66.5648033325 83.6239425135 101.358393638 50.7355862286 84.365847553 15.3755848129 14.5769336769 334.671460344 362.696867137 375.390034914 389.285355932 8.9883558376 16.2893677475 46.7449570064 57.4740372094 66.5023479452 4.42830955403 2.18634285733 10529.7211381 4.77157345191 5.24051477172 2.6236281104 11.8910622529 5.92141224988 2.21047541787 62.0809547531 63.570824711 1.20938911581 88.4339211548 103.136731248 14.7000962918 2806.93136443 2802.42255881 2798.9471169 2792.48023879 2790.48384404 2726.15873201 2724.4591923
-9999.0 -9999.0 -9999.0 -9999.0 -9999.0 -9999.0 -9999.0 -9999.0 -9999.0 -9999.0 -9999.0 -9999.0 -9999.0 -9999.0 4.22456767109 9.33795312045 14.6782807423 143.331707009 160.957270987 17.9957390062 17.1346950411 16.8591567578 274.780587096 306.783762471 15.3540730102 15.6167589457 12.1551967147 50.7798141355 63.2083163553 29.1807303324 39.5326882506 301.428064247 311.029684059 323.492380967 513.305618631 11046.1885812 4.41737063417 2.00629568741 17.9568039087 15.1168300812 1.87789653783 6.15655536198 8.09874399105 65.5686672853 67.0780868583 173.987243606 104.424775744 18.0169669357 2851.8473249 15.8921364769 2795.8729966 2794.29905794 61.8721766913 3.29419724284 16.2896555111
-9999.0 -9999.0 -9999.0 -9999.0 -9999.0 -9999.0 -9999.0 -9999.0 -9999.0 -9999.0 -9999.0 -9999.0 -9999.0 -9999.0 21.6068050206 35.3910385416 71.8841363171 126.602065082 174.608166864 209.347030633 226.315390516 243.641600514 260.184432886 15.5787668603 13.9172151607 27.2391929809 25.330769452 13.3663102049 261.361439196 273.362871312 284.233234687 294.88620342 172.83922932 180.286247292 186.786809207 11048.894886 8.36400431202 4.89236573708 25.9877024884 3.2888106415 3.64814107104 1.91361118439 1.75545129768 9.74292790524 1.15593059251 1.23940165659 3034.04416385 2859.29248952 2858.09118542 7.24796111591 14.5580353273 9.64635925595 2.24153930685 56.9683694046 15.7722087195
-9999.0 -9999.0 -9999.0 -9999.0 -9999.0 -9999.0 -9999.0 -9999.0 -9999.0 -9999.0 -9999.0 -9999.0 -9999.0 -9999.0 15.114330789 14.1973591528 27.9366104774 42.0785197491 18.2671929502 20.5842575834 38.3858603865 55.6663691515 87.9288212821 103.921313837 117.999018575 159.853966548 172.728030891 186.928700967 12.6282853925 127.974330128 139.340241894 151.774619036 11.9817678664 9.7766969367 15.2376344497 11257.4861632 11260.0188474 11272.9645302 36.5781253103 7.45615392428 5.50393327274 1.58074914345 3.06387812328 11.1081885147 13.385887889 2.2366016346 3039.75580024 1.83249683116 3.75673702551 4.47058731019 2.80280747838 5.98569748554 2.32267005528 38.6983207383 32.2572863553
-9999.0 -9999.0 -9999.0 -9999.0 -9999.0 -9999.0 -9999.0 -9999.0 -9999.0 -9999.0 -9999.0 -9999.0 -9999.0 -9999.0 -9999.0 13.4486726835 26.269534827 12.3191290347 25.4132455365 160.82570207 175.549306479 192.103209728 16.0553451418 16.0799144767 30.1332991532 44.4737581055 69.5857782229 82.6838837547 91.3653492271 103.266270518 9.63570324648 9.72473371685 173.191624719 182.248088963 186.583273416 190.45750856 161.875434617 11451.0718035 11509.645447 11512.461477 11520.2903505 11531.4391696 11534.8262901 0.935437247664 14.4052559267 3040.47952317 2.03287115253 1.05192837847 1.20889137593 1.28654695197 2.3408587439 2.83930232211 1.79073804158 3.43708494158 3.64779865464
-9999.0 -9999.0 -9999.0 -9999.0 -9999.0 -9999.0 -9999.0 -9999.0 -9999.0 -9999.0 -9999.0 -9999.0 -9999.0 -9999.0 -9999.0 -9999.0 38.9704198077 51.9458603079 91.5584270619 121.973455203 16.1155297358 227.378685061 243.249961591 258.324911818 14.7755866856 28.8816570774 12.4567383229 96.4405831056 104.485943643 116.004746713 127.543064726 156.15698121 163.576683558 4.39868771965 147.092652681 154.909030514 158.385534342 175.368352666 19.352254553 11.3762580867 6.6122428171 6.39628137131 11538.9609127 11539.7584554 11563.9843735 3041.06780454 6.34954189881 3.64084298676 2.32995877867 0.840415346596 8.47899956332 4.93661095207 1.56506712349 10.1869625356 8.94419869523
-9999.0 -9999.0 -9999.0 -9999.0 -9999.0 -9999.0 -9999.0 -9999.0 -9999.0 -9999.0 -9999.0 -9999.0 -9999.0 -9999.0 -9999.0 -9999.0 13.3833764755 65.2878350814 79.3649317598 16.9837826983 17.5294511329 35.7380563483 52.2091610293 326.111738644 14.562920062 58.6928080477 71.7510950588 84.6368554534 8.28901191159 19.0476949316 27.415439805 114.614785692 131.588061725 135.015716526 3.99139556363 4.09052002379 5.28953566052 9.86654694441 4.47665899416 4.60394349757 4.89225249675 5.35801230632 5.08805749729 9.5178819334 11565.1943615 14609.4845079 7.68933524043 2.53796609461 0.800582165204 30.1610906733 28.2608532284 18.2503588117 16.7029368895 12.8483612436 3.60657944782
-9999.0 -9999.0 -9999.0 -9999.0 -9999.0 -9999.0 -9999.0 -9999.0 -9999.0 -9999.0 -9999.0 -9999.0 -9999.0 -9999.0 -9999.0 11.404532291 36.6156463159 11.9377263224 18.8959301429 20.0787335419 38.1396716935 55.6021124385 69.9352987243 407.622601038 421.675590973 14.5304002086 27.7612314254 41.1607549842 51.4230924057 63.2322573698 103.155411001 110.371711349 12.4293650507 7.41909742472 6.01882731493 4.30977918987 5.16288823109 6.38871911367 5.77216031248 8.69491114699 15.5744939953 7.47146406083 1.43463325894 1.35696966373 1.45303994783 2.65172685183 14716.3745188 96.6472502816 34.7545745023 2.55422586261 1.14152598786 0.842938966573 3.6006279049 2.6308431401 1.45754246784
-9999.0 -9999.0 -9999.0 -9999.0 -9999.0 -9999.0 -9999.0 -9999.0 -9999.0 -9999.0 -9999.0 -9999.0 -9999.0 -9999.0 12.1971354282 23.2160595208 82.6140580425 11.1148045023 34.3391294693 53.6476401605 71.3277203827 18.4711693379 34.2250762076 47.6979754519 480.033196725 13.6117692057 25.7953734626 38.4157812922 11.8858805004 23.706852107 35.014477508 41.899097568 909.293919186 921.724711659 932.039022454 973.004201806 988.581977106 1020.10690906 7.09719738776 17.9972707883 18.258626354 1099.60998823 1102.19936352 1.20115757261 2.14366707881 3.02764178405 14716.9397985 90.6687015706 52.6057352554 51.1403427138 34.3127020554 26.9420978721 4.7218724722 1.04522020244 2.28629848756
-9999.0 -9999.0 -9999.0 -9999.0 -9999.0 -9999.0 -9999.0 -9999.0 -9999.0 -9999.0 -9999.0 -9999.0 -9999.0 -9999.0 12.7171490994 38.1224370988 133.232426876 197.295577397 9.56147611851 256.492324113 339.483241784 17.1727278805 32.8061932037 46.96952943 613.925626878 624.565714613 10.1422003372 59.2252600003 68.9086518936 79.5966131011 819.396582303 847.960823178 860.521996431 5.5205795456 30.431959741 36.2174999694 13.9508745313 19.8702602443 1046.92217826 1072.62499673 1076.54765922 1080.02615331 1105.10877998 1.42427198391 1.23655828778 5.1616290119 14717.4847904 1.92197316218 5.17065376967 15.668857443 6.34247111228 25.0988328602 16.4290916148 9.96018252822 7.42359544921
-9999.0 -9999.0 -9999.0 -9999.0 -9999.0 -9999.0 -9999.0 -9999.0 -9999.0 -9999.0 -9999.0 -9999.0 -9999.0 -9999.0 -9999.0 -9999.0 26.5685039462 53.1349548566 232.747354521 245.647809605 350.526847343 362.430669979 16.9085055432 33.7912158938 77.315944325 633.956083671 656.385490392 664.28594047 6.13817330193 697.393019833 728.447832031 18.1291061688 5.64169920711 10.6287913661 20.6219980453 4.95165020783 9.46715540022 19.5664017961 24.0591078908 4.78025294877 2.63950500404 4.96057630336 1128.31196286 1135.87543615 1136.82189009 1145.53894001 14717.8312048 1.13598496953 3.30525023498 4.14199756262 4.05468516423 4.19280561681 3.67425516459 6.78013621947 0.847253551878
-9999.0 -9999.0 -9999.0 -9999.0 -9999.0 -9999.0 -9999.0 -9999.0 -9999.0 -9999.0 -9999.0 -9999.0 -9999.0 -9999.0 -9999.0 -9999.0 13.8634223756 13.4467626884 13.0216898429 25.8009196057 10.9674296052 384.366968888 395.152202959 14.7173617856 30.041104597 15.3900522477 11.4967189333 10.8509098179 684.382255889 10.7685087207 22.8245150546 8.99826248444 6.00785134549 5.07496729351 3.56391498828 3.79548839106 11.9187896209 16.6586007321 2.92115164973 2.41998018494 5.46541800692 9.64226119148 14.3180367825 4.73392450163 1139.27918337 1146.5616607 14717.8281436 10.4314795928 8.16949935334 2.31819872993 5.9255869931 1.92022162749 1.546042451 8.48452128161 4.73424882919
-9999.0 -9999.0 -9999.0 -9999.0 -9999.0 -9999.0 -9999.0 -9999.0 -9999.0 -9999.0 -9999.0 -9999.0 -9999.0 -9999.0 -9999.0 -9999.0 -9999.0 -9999.0 13.2735292736 37.5767534871 47.4543473659 58.09033823 405.741262216 416.505958441 426.935519533 438.936595118 449.223428487 471.200430853 480.636695866 490.825801658 497.571153286 4.77051576111 4.42173760964 4.81326099621 16.3327854918 4.51709986539 4.26063523152 2.95762795147 8.61330529911 3.65031616684 2.55662490389 2.29710075346 1.88598870539 3.75997310058 5.44334691285 1157.70998194 15886.0045105 1.02471497046 1.98222288975 1.83154454362 7.99214605492 4.18795090399 3.10945035892 17.0016342484 7.93095956439
-9999.0 -9999.0 -9999.0 -9999.0 -9999.0 -9999.0 -9999.0 -9999.0 -9999.0 -9999.0 -9999.0 -9999.0 -9999.0 -9999.0 -9999.0 -9999.0 -9999.0 -9999.0 -9999.0 10.577275851 87.5363884645 169.108214421 180.135429716 15.8608615077 31.0050145125 46.4375624609 59.3557787567 143.843403086 149.464583508 5.28862172624 5.34879394957 507.79287737 516.602214115 520.621318301 19.1191404345 2.27967214415 6.9966892862 10.0310110449 30.0246754785 36.9069684393 41.8407585812 4.36570555344 5.99633589817 2.07543177562 4.15749891813 2.18785342038 15888.8249348 0.816329390437 3.63483136664 2.71135417874 11.4460577054 20.1231939788 23.7864447362 41.3821612963 12.0078363515
-9999.0 -9999.0 -9999.0 -9999.0 -9999.0 -9999.0 -9999.0 -9999.0 -9999.0 -9999.0 -9999.0 -9999.0 -9999.0 -9999.0 -9999.0 -9999.0 -9999.0 -9999.0 12.2715492113 39.6480725806 77.1666891565 100.291432336 251.81365271 265.018517841 32.6321212108 48.1613866042 61.5560506086 74.4632953741 157.399513902 169.010830792 316.080221315 328.766695269 333.716107132 524.486076949 552.807960711 6.2407045225 5.03092315009 4.59572181435 8.62854765664 3.74050733315 49.0253960824 51.3934318084 7.91732537158 11.2334967188 2.36798091842 3822.06708462 3826.64879908 19716.4931581 19720.5240535 0.99404212308 13.6933517141 1.50276384772 1.25722507439 44.0969437437 57.1092294199
-9999.0 -9999.0 -9999.0 -9999.0 -9999.0 -9999.0 -9999.0 -9999.0 -9999.0 -9999.0 -9999.0 -9999.0 -9999.0 -9999.0 -9999.0 -9999.0 -9999.0 -9999.0 -9999.0 14.384414611 13.9384871189 25.9118079363 61.0704321388 276.302960831 16.9162081919 16.6540962905 30.100865793 43.9278302456 112.782326981 125.360755164 10.0249454392 8.14205336522 340.831638543 345.166302859 902.747366123 906.753414933 1.95279886449 1.628808518 1.31924419648 1.33561115969 1.61251122468 3770.03935265 3786.31293463 3801.55596456 3807.96076427 3819.31888422 2.65612180556 9.44075249306 10.8563484906 19733.7546812 19733.422014 19734.6615293 19736.9957645 19739.511278 59.2965474704
-9999.0 -9999.0 -9999.0 -9999.0 -9999.0 -9999.0 -9999.0 -9999.0 -9999.0 -9999.0 -9999.0 -9999.0 -9999.0 -9999.0 -9999.0 -9999.0 -9999.0 -9999.0 -9999.0 -9999.0 12.435052046 13.1968544115 24.2294182166 323.620173853 334.969854201 16.2714901648 29.6985494295 43.830234155 58.1004375048 13.362389593 22.875826549 792.446083792 797.322419893 804.197991342 851.493993063 1764.0841901 3671.21951739 3676.6707394 3681.52357682 3686.06342331 3708.75716987 3716.35371342 13.8170909266 5.84872193422 3.79705705635 6.96328419782 4.66107039046 7.58224871439 2.35718630967 54.4662484817 58.7236149095 62.0829720588 62.6760112385 19739.2769097 19799.6941406
-9999.0 -9999.0 -9999.0 -9999.0 -9999.0 -9999.0 -9999.0 -9999.0 -9999.0 -9999.0 -9999.0 -9999.0 -9999.0 -9999.0 -9999.0 -9999.0 -9999.0 -9999.0 -9999.0 -9999.0 -9999.0 12.7435479752 24.3655897652 36.0998934394 344.520746952 11.7317370586 471.672814923 486.511862021 500.311982984 510.74266876 751.045132662 760.930976989 6.06678024746 33.9425095354 41.3574044015 5.98248113015 1901.99827346 1891.55429861 2.80697309418 6.81305774393 18.7352720514 4.32130686142 4.61073065879 2.95685622103 2.36990521315 1.69409819515 2.1343287814 47.3524266542 49.696086786 52.7095860893 3.11239561391 2.57270562558 64.0095334302 64.8010380541 65.235942479
-9999.0 -9999.0 -9999.0 -9999.0 -9999.0 -9999.0 -9999.0 -9999.0 -9999.0 -9999.0 -9999.0 -9999.0 -9999.0 -9999.0 -9999.0 -9999.0 -9999.0 -9999.0 -9999.0 -9999.0 -9999.0 11.3584826762 10.621862501 55.6129947672 422.934442714 446.027225084 458.280903191 15.3037646408 208.341651021 222.758526484 229.671390258 9.39437289817 16.1539397075 21.5913319549 444.426835516 448.406338297 451.776361933 1885.48312019 1128.08892125 3.89325241701 4.08740046459 3.85219412518 2.68805319973 29.1191648336 34.7801977706 39.5556819238 42.3405683987 44.9819299108 430.220738734 432.013619295 435.543239586 444.266747569 467.694087302 468.287242786 534.150816258
-9999.0 -9999.0 -9999.0 -9999.0 -9999.0 -9999.0 -9999.0 -9999.0 -9999.0 -9999.0 -9999.0 -9999.0 -9999.0 -9999.0 -9999.0 -9999.0 -9999.0 -9999.0 -9999.0 -9999.0 -9999.0 -9999.0 22.3135338232 34.3608665583 12.2544442437 17.1168023221 153.027427949 169.448628978 180.634851964 87.6209690369 100.678753414 113.305545549 119.748200306 434.890265237 441.380340524 293.336676782 749.807618849 754.033864436 1125.0983144 8.01714192483 4.04770842478 2.43720553245 20.3226434245 23.871830506 1.79209861364 1.62962505778 421.743647028 426.290407708 428.543944877 3.87501576425 6.1356960228 464.876842402 1.74884992826 4.67149946366 5.12221218109
-9999.0 -9999.0 -9999.0 -9999.0 -9999.0 -9999.0 -9999.0 -9999.0 -9999.0 -9999.0 -9999.0 -9999.0 -9999.0 -9999.0 -9999.0 -9999.0 -9999.0 -9999.0 -9999.0 -9999.0 -9999.0 -9999.0 11.2933177689 22.2940575896 94.434048902 107.189592902 121.057095953 62.5696460277 74.748328127 13.9817940698 286.457597266 298.617252574 309.229255898 7.44297126531 281.687451431 288.582830134 4.45316559635 1103.41814463 9.74594567033 4.79995031539 11.2268229377 15.2937501613 2.6814570966 2.00611150586 398.482209326 417.717489428 420.517386991 2.93536943353 5.7395600484 7.14252840499 8.49158617164 17.6654090975 1.6912922104 3.87121725488 0.778022384652
-9999.0 -9999.0 -9999.0 -9999.0 -9999.0 -9999.0 -9999.0 -9999.0 -9999.0 -9999.0 -9999.0 -9999.0 -9999.0 -9999.0 -9999.0 -9999.0 -9999.0 -9999.0 -9999.0 -9999.0 -9999.0 -9999.0 11.1158154471 35.0900033666 61.2808077775 14.438218875 31.1461913079 48.6970163879 231.334519479 247.423803232 260.688399506 11.6345507001 224.478448545 260.788849507 269.336192849 6.05254439982 1083.91413936 1094.90480112 4.91692522212 4.2612777846 8.41481604599 3.08622806438 384.313599672 389.623915958 392.964660356 12.5551683599 15.449131087 2.38021467724 4.19049254155 1.8311939005 12.7789907487 2.01284799555 1.02926135586 1.03973811405 1.1724622078
-9999.0 -9999.0 -9999.0 -9999.0 -9999.0 -9999.0 -9999.0 -9999.0 -9999.0 -9999.0 -9999.0 -9999.0 -9999.0 -9999.0 -9999.0 -9999.0 -9999.0 -9999.0 -9999.0 -9999.0 -9999.0 -9999.0 -9999.0 12.1829757938 13.7060822336 16.382667259 152.139872229 168.499328626 217.493249819 14.631735155 171.395812135 202.833178291 12.6424743917 26.3690808595 8.73257651172 1064.54389828 8.78925460707 18.0022804108 21.3696242177 24.5305844134 363.350575698 375.515304284 379.247790155 3.82273161481 6.90073072635 9.55227878086 1.41037727579 1.24079054997 936.198323698 937.509012304 938.576060527 951.169315577 952.703351925 954.32355166 955.190668359
