data/baseflow/mHMbf_acc300.asc
ncols                  80
nrows                 72
xllcorner      4374000.0
yllcorner      5656000.0
cellsize            500
NODATA_value       -9999
[rows 25 to 49 of 72, columns 0 to 54 of 80]
-9999.0 -9999.0 -9999.0 -9999.0 -9999.0 -9999.0 -9999.0 -9999.0 -9999.0 -9999.0 -9999.0 -9999.0 19.0792271545 37.7506991588 18.9307501525 37.3880967884 16.3861405333 125.414336112 157.425482562 173.867197411 15.9591042136 31.5467261772 289.711070333 365.495494718 379.271137498 28.0411093439 24.030139759 35.9971311761 10.033958953 8.99985630708 16.8781285092 6.6595514847 443.853646051 451.173461627 455.243828474 3535.47097698 6569.00342116 6526.75591193 10.4639417618 5.27143625861 4.72697185375 19.4900004819 15.2477795144 33.5207648578 44.9743246829 89.3131826508 8.82592018904 8.75288113094 74.7221378486 83.2309634688 163.466814746 168.2720656 183.794087182 188.544614839 4.14841931902
-9999.0 -9999.0 -9999.0 -9999.0 -9999.0 -9999.0 -9999.0 -9999.0 -9999.0 -9999.0 -9999.0 -9999.0 -9999.0 17.9620718181 37.216419738 56.6650425095 91.1267044945 17.7097127253 16.3451436397 112.098018944 127.748689914 258.070212692 275.148170016 47.8680643899 15.2774835662 13.0862246834 11.61319817 394.137252 403.555185208 413.718727333 422.32813003 436.849974993 85.304111638 90.0438739875 548.860890807 10657.4913241 35.3025727989 27.9041294724 15.5449223468 4.08660076448 3.79196643263 28.5761673432 31.4640867816 41.265697612 3.99294577115 94.4880042394 15.6373125551 15.3896514174 3.75483916073 2.40898696204 2.06686863175 1.69682252072 2.20532574237 191.826779693 2639.20066995
-9999.0 -9999.0 -9999.0 -9999.0 -9999.0 -9999.0 -9999.0 -9999.0 -9999.0 -9999.0 -9999.0 -9999.0 -9999.0 -9999.0 18.2637895724 34.4612562461 49.122992309 63.6008217273 79.64552545 96.2574754534 48.4984574016 82.3595556543 16.6183839666 15.5260728247 327.405649205 356.608432666 370.224407263 384.360349464 10.6442516839 19.451249305 55.4623314257 67.3406400867 77.7209993892 6.24565226777 3.8306090277 10673.9782011 6.93376988473 7.53742895114 3.64529855883 16.7910921392 8.31048835247 3.33709453016 76.2781125186 78.7488215297 1.96021573258 96.6347096567 114.499689743 18.0916236485 2755.06006638 2749.27972199 2744.46455796 2735.39103875 2732.24453168 2661.53570108 2658.95123043
-9999.0 -9999.0 -9999.0 -9999.0 -9999.0 -9999.0 -9999.0 -9999.0 -9999.0 -9999.0 -9999.0 -9999.0 -9999.0 -9999.0 4.08771346825 9.18848872453 14.6075893761 138.161704216 154.278048606 16.4799152298 16.3773301921 16.7189247834 265.304850579 298.265219886 16.3472195933 16.1553756828 12.884560979 55.0867110818 69.3748827572 33.6352519527 46.485891534 318.235093808 329.19226715 343.942211993 549.996915189 11228.5377909 6.29824133977 2.88924516058 25.469034646 21.3606610868 2.91180980041 9.31688729858 12.0848922507 81.7155220074 84.0428386852 204.612643742 116.622162973 22.3256579246 2813.66161595 22.0460888553 2740.19885876 2737.94354307 67.2326072381 4.2634584282 16.3702664555
-9999.0 -9999.0 -9999.0 -9999.0 -9999.0 -9999.0 -9999.0 -9999.0 -9999.0 -9999.0 -9999.0 -9999.0 -9999.0 -9999.0 20.7824879517 34.1184575439 69.8655537984 122.361214237 167.904035369 201.129756457 217.038588731 233.700031367 250.24056715 16.0724933859 14.8401020459 29.1332529329 27.2644092793 14.8618483405 270.362980456 284.15109932 296.871119645 309.590681713 184.973284325 193.303848871 201.55944188 11232.4436677 11.2618579718 6.70495742638 35.8877252922 4.57667976144 5.38431727206 2.82603863711 2.52549836454 14.5265584099 1.81411251959 1.94457966236 3030.31043348 2824.27270847 2822.25414015 9.5905514026 20.0148002983 13.0377515525 3.09584125234 60.6282125741 17.2106005967
-9999.0 -9999.0 -9999.0 -9999.0 -9999.0 -9999.0 -9999.0 -9999.0 -9999.0 -9999.0 -9999.0 -9999.0 -9999.0 -9999.0 14.4483896768 13.4461098295 26.4323531644 40.1307811801 17.4704278178 19.2056138141 36.5020113358 53.3724098087 86.1717394448 102.050278584 115.458498392 158.972837668 172.391387183 188.073718259 14.1655483542 136.032984248 148.751761678 162.214989351 12.1503434907 10.9829982426 17.023316914 11456.7717147 11460.4490995 11478.1029777 49.3915699389 9.64165114648 8.39091811129 2.24394512783 4.41897253402 16.5064831369 19.9765040337 3.49055616811 3039.16880897 2.81444724326 5.07040158546 5.8193007201 3.98347660516 7.79513981664 3.07504643392 40.1328042374 32.5541192596
-9999.0 -9999.0 -9999.0 -9999.0 -9999.0 -9999.0 -9999.0 -9999.0 -9999.0 -9999.0 -9999.0 -9999.0 -9999.0 -9999.0 -9999.0 12.6361615434 24.8996117914 11.9856494781 24.9362406084 157.027101822 171.522816747 187.243531188 16.2420658483 16.125971225 29.4661492406 44.0654986276 69.8254001165 83.8947498617 94.5738148559 108.19430301 11.2675094303 11.0999196337 183.455833528 193.662165315 198.69321434 203.265245062 178.845184993 11675.9479232 11751.7691956 11755.953268 11768.0991137 11783.4110696 11789.2927972 1.55091330678 21.5421713166 3040.62210361 3.43198795605 1.77250487591 2.02394494754 2.03200351926 3.57736856534 3.79419057695 2.31593581298 4.0291097967 4.03080246543
-9999.0 -9999.0 -9999.0 -9999.0 -9999.0 -9999.0 -9999.0 -9999.0 -9999.0 -9999.0 -9999.0 -9999.0 -9999.0 -9999.0 -9999.0 -9999.0 37.0462724979 49.848132972 88.801077418 118.479751547 16.0615413968 221.15507702 236.948543432 251.460238994 13.9073015191 27.4016406487 12.2234878786 94.5234180815 104.834703286 118.74795581 131.110116225 165.048402884 173.338439327 5.14967115751 161.584281471 170.590111325 174.652387333 193.95679927 22.6267927897 13.6724064529 8.21146901733 8.0220811125 11796.0240338 11798.2123161 11834.8258347 3041.89485203 10.0625331616 5.47970104839 3.57995827501 1.19387740434 11.6049201456 6.42381605763 1.9728503878 11.8669186339 10.2651990215
-9999.0 -9999.0 -9999.0 -9999.0 -9999.0 -9999.0 -9999.0 -9999.0 -9999.0 -9999.0 -9999.0 -9999.0 -9999.0 -9999.0 -9999.0 -9999.0 13.0107831769 62.7990569786 76.6411597297 16.5033226612 16.582169322 34.4537081709 51.0110957601 317.101687595 13.780841733 55.6875553786 68.4471162896 81.4497059928 10.6342395387 23.8552198836 34.5774457697 125.852030314 143.238101288 147.474358864 4.63679492512 4.68454983807 5.88844711034 10.9208019094 4.91097189408 5.1661025633 6.66011019256 6.84382288352 6.85995677459 13.6748945878 11837.5424317 14885.6264301 12.2594409329 3.43118069304 1.15477820893 38.1557454177 35.4817472141 21.8526300567 19.7968989884 15.0011826128 3.94461704032
-9999.0 -9999.0 -9999.0 -9999.0 -9999.0 -9999.0 -9999.0 -9999.0 -9999.0 -9999.0 -9999.0 -9999.0 -9999.0 -9999.0 -9999.0 10.8213626794 35.5913271049 11.7886191083 17.0601149522 17.4445988209 34.3236953984 51.2158176074 65.9317969167 394.941804917 408.005828605 13.5664977597 26.2503787337 39.1169904179 52.0216206621 65.6965464663 112.203942409 120.357629988 11.6233529362 8.68124941108 7.43878947026 5.9815410545 6.72717277612 7.32301091269 6.63626559903 9.8225698651 21.4662288331 10.2441244977 2.41506860122 2.30908710238 2.27232892205 4.16870178896 15008.510449 106.472308109 44.6446915633 3.58007432801 1.58673030987 1.22787994821 4.62164324575 3.24598806382 1.71484031261
-9999.0 -9999.0 -9999.0 -9999.0 -9999.0 -9999.0 -9999.0 -9999.0 -9999.0 -9999.0 -9999.0 -9999.0 -9999.0 -9999.0 11.5438459442 22.008018477 79.6383599671 10.9750556546 32.163523963 48.9711950744 64.9092138408 16.7095782834 31.5171801042 45.0921093714 464.068393703 12.5246780351 24.0975401341 36.6095947792 13.0262424854 25.927144401 36.980337489 44.7809571636 885.250821094 899.665035477 911.995389 958.373540073 979.000594681 1016.96200436 8.65142925277 21.8850113498 25.4452653104 1117.83567763 1122.19992526 2.07217792999 3.58659091656 5.02141361965 15010.5009505 98.7820998881 49.6819526886 47.7722592036 35.7905486186 30.3693376613 6.0933779422 1.43355937238 2.8476358447
-9999.0 -9999.0 -9999.0 -9999.0 -9999.0 -9999.0 -9999.0 -9999.0 -9999.0 -9999.0 -9999.0 -9999.0 -9999.0 -9999.0 12.0047772499 36.0039185223 127.427733916 187.998859221 9.57401558587 246.135000675 322.958164702 15.7169407503 30.2911148019 44.2247172607 591.019554127 601.771802145 9.69541223675 56.730813366 67.1846617252 78.3436525679 791.907488238 819.459028082 833.007467711 6.14051672324 33.7761399836 40.2544108286 16.6270406892 23.7675179853 1048.90848713 1080.4290935 1085.55885839 1090.21420606 1126.607538 2.13719479492 1.8383861701 8.26540402156 15012.4227297 2.60596918146 3.4239111869 10.4077053466 4.00224318617 27.736834244 20.6753680174 12.3279157677 8.91437469783
-9999.0 -9999.0 -9999.0 -9999.0 -9999.0 -9999.0 -9999.0 -9999.0 -9999.0 -9999.0 -9999.0 -9999.0 -9999.0 -9999.0 -9999.0 -9999.0 25.0875274103 50.2041177328 222.398499722 235.091766428 333.784248014 345.929271553 15.6518487413 31.313818052 72.8073840478 611.699704788 632.104687859 640.179239294 6.93523357651 673.670203058 702.529461554 17.5634878813 6.25341144101 11.6781335446 22.7970154693 5.56976397977 10.8674130787 22.5532143662 28.0771913119 5.56712628154 3.31877634776 6.37175870037 1153.79922135 1162.88423813 1164.38293936 1177.45984129 15014.0449261 1.62413414272 2.28820920005 2.85662415189 2.71108350082 2.79371492194 2.36693839965 4.39137474871 1.18137661274
-9999.0 -9999.0 -9999.0 -9999.0 -9999.0 -9999.0 -9999.0 -9999.0 -9999.0 -9999.0 -9999.0 -9999.0 -9999.0 -9999.0 -9999.0 -9999.0 13.1076884147 12.7067563324 12.5244280996 25.2512049631 10.9821428636 367.790435111 378.846149923 13.9909590147 28.2829655039 12.9168391624 10.7362335257 10.2357160396 659.332752752 9.86601416229 20.5049557021 8.70308984281 6.37016050783 5.58025666953 4.12812039281 4.35263664327 13.4695976192 18.649815105 3.41996311963 2.91084023131 6.41019271015 10.9872425279 16.0017157722 5.17421189941 1167.44782496 1179.01490317 15015.1234647 9.31388692511 6.18924542091 1.6290275054 3.98099275802 1.30183847903 0.993526983569 5.48283119362 6.04857668705
-9999.0 -9999.0 -9999.0 -9999.0 -9999.0 -9999.0 -9999.0 -9999.0 -9999.0 -9999.0 -9999.0 -9999.0 -9999.0 -9999.0 -9999.0 -9999.0 -9999.0 -9999.0 12.5464995581 36.4541648879 46.1102020257 56.70759751 389.324482667 400.068696903 410.712467421 422.453564508 432.228505507 453.035536068 461.730613662 471.084302348 477.879624586 5.27772111933 4.91256255179 5.31111920635 18.4674144366 5.02471775424 4.74348928268 3.48323227877 10.1245596763 4.14178674642 3.00781074954 2.74136165388 2.33156746075 4.6504700728 6.64669583788 1192.35309476 16217.9502411 1.41447244658 2.91224473671 1.32248133916 5.34310455958 2.75655590217 1.99829284259 16.1608556735 9.87568346745
-9999.0 -9999.0 -9999.0 -9999.0 -9999.0 -9999.0 -9999.0 -9999.0 -9999.0 -9999.0 -9999.0 -9999.0 -9999.0 -9999.0 -9999.0 -9999.0 -9999.0 -9999.0 -9999.0 9.99016371241 82.5442372386 161.564247721 172.641703532 15.3017070221 29.4655265766 43.6141384483 55.2966217699 134.237772034 140.159974091 5.62520421914 5.62615836967 488.688282314 498.251860498 502.663647105 21.7306921869 2.81343615754 7.84658759602 11.3618014662 34.1073853882 41.8673459842 47.6102036172 5.16325195717 7.0927849747 2.38497875431 4.71134433255 2.43739174603 16221.9544402 1.23970955527 5.29860034859 2.68238407604 8.90730074214 17.1827170627 19.9295911827 36.8697027735 12.3978733849
-9999.0 -9999.0 -9999.0 -9999.0 -9999.0 -9999.0 -9999.0 -9999.0 -9999.0 -9999.0 -9999.0 -9999.0 -9999.0 -9999.0 -9999.0 -9999.0 -9999.0 -9999.0 11.563488216 37.3767863161 72.7548898673 94.5741536834 240.141938238 253.324116349 29.4309266208 44.1724602166 57.7426068559 69.4023196036 147.822069214 159.891135705 301.818485462 316.040979926 321.486943394 507.052670664 539.614484222 7.29464667663 5.38973766707 5.01349544593 9.46646655721 4.15475757242 55.5468767085 58.2734681676 9.30795080823 13.0210390259 2.59014448575 3345.82628614 3350.75894026 19574.95091 19581.9440429 1.31150296893 11.7249937019 1.80772410775 1.59385125221 39.9864222456 53.5351200575
-9999.0 -9999.0 -9999.0 -9999.0 -9999.0 -9999.0 -9999.0 -9999.0 -9999.0 -9999.0 -9999.0 -9999.0 -9999.0 -9999.0 -9999.0 -9999.0 -9999.0 -9999.0 -9999.0 13.5526840186 13.1179402799 24.3507927525 57.3939660484 264.230192772 15.0579377878 14.8800920726 27.943298267 41.9545589521 107.352872816 118.096808087 11.3450759243 9.58576671412 328.536823963 333.256007692 877.990073471 882.471862459 2.38146453441 2.03433456263 1.67426211803 1.69317500326 1.92928655959 3289.6752281 3306.79786857 3324.24953103 3331.0745619 3342.68153101 2.74060476002 9.81509757132 11.4973034366 19597.0658069 19597.7793932 19600.3433838 19603.6930897 19606.639778 55.6056612044
-9999.0 -9999.0 -9999.0 -9999.0 -9999.0 -9999.0 -9999.0 -9999.0 -9999.0 -9999.0 -9999.0 -9999.0 -9999.0 -9999.0 -9999.0 -9999.0 -9999.0 -9999.0 -9999.0 -9999.0 11.6792313689 12.4064399476 22.7719995294 308.645197064 320.104368692 14.5436291925 27.4811111147 41.8940262583 55.976943531 12.7018768782 21.7698764098 745.554575929 750.825825193 757.803333724 805.056573709 1693.7948085 3179.85281355 3186.08402969 3191.68024431 3196.98030065 3220.78350385 3228.74208959 14.2680968747 6.175081692 3.8576835677 7.14734558674 4.82787291589 7.81391979934 2.40592480111 55.4835932287 60.3133473208 63.8827162099 64.5729600714 19607.336742 19664.8953902
-9999.0 -9999.0 -9999.0 -9999.0 -9999.0 -9999.0 -9999.0 -9999.0 -9999.0 -9999.0 -9999.0 -9999.0 -9999.0 -9999.0 -9999.0 -9999.0 -9999.0 -9999.0 -9999.0 -9999.0 -9999.0 11.9427583371 22.8310631195 33.8158926776 329.336140127 11.1728438208 450.049247479 464.186159722 476.739664769 486.56867121 705.964747291 715.388692748 6.0749799263 33.9115563109 41.0202385114 5.84961379957 1480.03776748 1469.63142408 2.90444486138 6.9906578479 19.163332458 4.35517076073 4.55404260883 3.07765538653 2.48274117768 1.8398909683 2.20802796905 48.2411161068 50.5723341587 53.5003994728 3.38598096223 2.46136060974 66.0542496884 67.0313020894 67.5018170481
-9999.0 -9999.0 -9999.0 -9999.0 -9999.0 -9999.0 -9999.0 -9999.0 -9999.0 -9999.0 -9999.0 -9999.0 -9999.0 -9999.0 -9999.0 -9999.0 -9999.0 -9999.0 -9999.0 -9999.0 -9999.0 10.6327057906 9.96468875515 52.0470319808 403.226401752 425.533371913 437.823370123 12.5836995164 187.853476349 201.636176008 209.541787174 9.58934801673 16.0895061308 21.5622576056 353.72661061 357.861987621 361.42266754 1463.36825792 867.176286119 3.87499748699 4.1602707495 3.94850887064 2.84071833307 29.5441774297 35.3541851054 40.3307536639 43.1368464183 45.8127712989 349.678677116 351.49378175 354.611022533 362.655695755 385.640414805 386.30973858 454.499565702
-9999.0 -9999.0 -9999.0 -9999.0 -9999.0 -9999.0 -9999.0 -9999.0 -9999.0 -9999.0 -9999.0 -9999.0 -9999.0 -9999.0 -9999.0 -9999.0 -9999.0 -9999.0 -9999.0 -9999.0 -9999.0 -9999.0 20.8490885739 32.1167164116 11.9512500306 14.5221994034 142.278667286 155.107713386 164.723785458 70.8031729159 80.6408259688 90.3705517621 96.2626879434 344.350710906 350.373204033 222.851001912 588.706379976 592.756186266 864.120546262 7.84816197513 4.02726582657 2.58154405928 20.4135752231 23.981500772 1.89655129644 1.73570620842 341.504205858 345.962139919 348.049216808 3.69939750681 5.6794645687 382.725788935 1.84311018762 5.08781471975 5.56766465971
-9999.0 -9999.0 -9999.0 -9999.0 -9999.0 -9999.0 -9999.0 -9999.0 -9999.0 -9999.0 -9999.0 -9999.0 -9999.0 -9999.0 -9999.0 -9999.0 -9999.0 -9999.0 -9999.0 -9999.0 -9999.0 -9999.0 10.5341720867 20.8048506698 89.3216594525 101.736645367 114.629122723 50.3322188918 61.0173484806 10.5160503403 224.721681339 234.081150843 242.493522904 6.55931284947 211.886856005 218.214829421 4.38395250938 843.230717254 9.2687385964 4.66335971884 11.0883003336 15.1325280633 2.78131077257 2.14874725214 318.398845431 337.63562933 340.271974515 2.88117823358 5.67777057899 7.14684994013 8.48056652537 17.2725651608 1.83096916224 4.20233926536 0.823706814802
-9999.0 -9999.0 -9999.0 -9999.0 -9999.0 -9999.0 -9999.0 -9999.0 -9999.0 -9999.0 -9999.0 -9999.0 -9999.0 -9999.0 -9999.0 -9999.0 -9999.0 -9999.0 -9999.0 -9999.0 -9999.0 -9999.0 10.3451573724 32.9304216864 58.0418088129 13.5301897791 26.6720961216 39.3431379984 183.965830271 195.476892207 205.091779141 8.57574396895 166.768769767 193.561422042 200.566042956 5.13929165413 824.716686088 834.924990309 4.65156978925 4.12172801481 8.16036853011 3.11219234978 303.747652297 309.217509028 312.50896095 12.4345124331 15.2245218494 2.33870528677 4.10903205262 1.78903280852 12.5433067116 1.88946659161 1.09517531019 1.12763564472 1.21944630303
-9999.0 -9999.0 -9999.0 -9999.0 -9999.0 -9999.0 -9999.0 -9999.0 -9999.0 -9999.0 -9999.0 -9999.0 -9999.0 -9999.0 -9999.0 -9999.0 -9999.0 -9999.0 -9999.0 -9999.0 -9999.0 -9999.0 -9999.0 11.605477837 13.1322568511 14.4785125772 125.174134119 136.860778691 172.69405227 11.0694119216 129.158233536 150.67555959 9.21040335003 19.1550489913 6.89611328787 808.230292695 7.11211342326 15.5528569292 18.8552207201 21.9183532 283.498474505 294.869047551 298.544418575 3.73995577711 6.78988174151 9.45621820938 1.4663832117 1.30179415192 717.542584908 718.883409105 719.964247566 731.801767027 733.25235798 734.891959536 735.817338641
