data/baseflow/mHMbf_acc556.asc
ncols                  80
nrows                 72
xllcorner      4374000.0
yllcorner      5656000.0
cellsize            500
NODATA_value       -9999
[rows 0 to 24 of 72, columns 0 to 54 of 80]
-9999.0 -9999.0 -9999.0 -9999.0 -9999.0 -9999.0 -9999.0 -9999.0 -9999.0 -9999.0 -9999.0 -9999.0 25.1471163564 20.1518835748 -9999.0 -9999.0 -9999.0 -9999.0 -9999.0 -9999.0 -9999.0 -9999.0 -9999.0 -9999.0 -9999.0 -9999.0 -9999.0 -9999.0 -9999.0 -9999.0 -9999.0 -9999.0 -9999.0 -9999.0 -9999.0 -9999.0 -9999.0 -9999.0 -9999.0 -9999.0 -9999.0 -9999.0 -9999.0 -9999.0 -9999.0 -9999.0 -9999.0 -9999.0 -9999.0 -9999.0 -9999.0 -9999.0 -9999.0 -9999.0 -9999.0
-9999.0 -9999.0 -9999.0 -9999.0 -9999.0 -9999.0 -9999.0 -9999.0 -9999.0 -9999.0 -9999.0 -9999.0 50.7387269834 106.434793677 15.6066972271 -9999.0 14.8980083293 -9999.0 -9999.0 -9999.0 -9999.0 -9999.0 -9999.0 -9999.0 -9999.0 -9999.0 -9999.0 -9999.0 -9999.0 -9999.0 -9999.0 -9999.0 -9999.0 -9999.0 -9999.0 -9999.0 -9999.0 -9999.0 -9999.0 -9999.0 -9999.0 -9999.0 -9999.0 -9999.0 -9999.0 -9999.0 -9999.0 -9999.0 -9999.0 -9999.0 -9999.0 -9999.0 -9999.0 -9999.0 -9999.0
-9999.0 -9999.0 -9999.0 -9999.0 -9999.0 -9999.0 -9999.0 -9999.0 -9999.0 -9999.0 24.5635294748 23.488451455 24.4941896336 24.1604777404 151.039395208 167.170013209 40.8686931827 12.947511095 -9999.0 -9999.0 -9999.0 -9999.0 -9999.0 -9999.0 -9999.0 -9999.0 -9999.0 -9999.0 -9999.0 -9999.0 -9999.0 -9999.0 -9999.0 -9999.0 -9999.0 -9999.0 -9999.0 -9999.0 -9999.0 -9999.0 -9999.0 -9999.0 -9999.0 -9999.0 -9999.0 -9999.0 -9999.0 -9999.0 -9999.0 -9999.0 -9999.0 -9999.0 -9999.0 -9999.0 -9999.0
-9999.0 -9999.0 -9999.0 -9999.0 -9999.0 -9999.0 -9999.0 -9999.0 -9999.0 23.8819671895 48.368601881 95.8579113889 47.3326666541 23.0284360129 44.8644657991 188.36389265 258.835538686 14.6402377031 -9999.0 22.906345834 -9999.0 -9999.0 -9999.0 -9999.0 28.3729551106 14.4509359249 -9999.0 -9999.0 -9999.0 -9999.0 -9999.0 -9999.0 -9999.0 -9999.0 -9999.0 -9999.0 -9999.0 -9999.0 -9999.0 -9999.0 -9999.0 -9999.0 -9999.0 -9999.0 -9999.0 -9999.0 -9999.0 -9999.0 -9999.0 -9999.0 -9999.0 -9999.0 -9999.0 -9999.0 -9999.0
-9999.0 -9999.0 -9999.0 -9999.0 -9999.0 -9999.0 -9999.0 -9999.0 26.6715444292 75.754049117 98.5833922008 121.940535899 165.455633201 21.6346391234 86.8153205881 107.265582623 398.701686674 17.3124473826 18.6665740239 43.1723447674 62.6911398821 20.2992714531 -9999.0 73.589346657 60.3884258616 16.5567104766 -9999.0 -9999.0 -9999.0 -9999.0 -9999.0 -9999.0 -9999.0 -9999.0 -9999.0 -9999.0 -9999.0 -9999.0 -9999.0 -9999.0 -9999.0 -9999.0 -9999.0 -9999.0 -9999.0 -9999.0 -9999.0 -9999.0 -9999.0 -9999.0 -9999.0 -9999.0 -9999.0 -9999.0 -9999.0
-9999.0 -9999.0 -9999.0 -9999.0 -9999.0 -9999.0 28.2526278683 24.8328106257 23.8094653831 24.1981032795 24.0974021837 170.833705596 359.389128985 382.136199564 401.531163944 19.0143995939 435.849822371 454.64988535 39.2837644277 19.9631367731 81.8562257999 141.42857567 19.417131291 131.405672524 21.1321569833 20.2198764632 22.3500677314 -9999.0 -9999.0 -9999.0 -9999.0 -9999.0 -9999.0 -9999.0 -9999.0 -9999.0 -9999.0 -9999.0 -9999.0 -9999.0 -9999.0 -9999.0 -9999.0 -9999.0 -9999.0 -9999.0 -9999.0 -9999.0 -9999.0 -9999.0 -9999.0 -9999.0 -9999.0 -9999.0 -9999.0
-9999.0 -9999.0 -9999.0 -9999.0 -9999.0 -9999.0 56.6436425806 82.8565444827 183.771439464 254.589416034 21.8909552218 22.9627234693 21.4529742111 62.2898513037 482.478188208 17.8204454421 472.308565894 548.515521845 59.6660537087 37.5218791995 159.425180737 19.3902388917 150.850393755 38.2555620531 19.2139954075 39.2662192788 44.1289803908 22.8208803718 23.0545124375 22.586840158 23.7520821267 47.5671323035 -9999.0 -9999.0 -9999.0 -9999.0 -9999.0 -9999.0 -9999.0 -9999.0 -9999.0 -9999.0 -9999.0 -9999.0 -9999.0 -9999.0 -9999.0 -9999.0 -9999.0 -9999.0 -9999.0 -9999.0 -9999.0 -9999.0 -9999.0
-9999.0 -9999.0 -9999.0 -9999.0 -9999.0 29.5247632841 57.2429174379 27.4044607984 52.9834841313 280.307576163 326.495047717 372.844352097 1202.60106727 20.6283979371 502.459235726 1867.00647383 1881.71344644 2456.21542706 16.6913305442 55.2807105919 177.532627795 17.9463640093 369.97252525 200.173130071 123.357080489 103.771522773 21.2359027414 67.4818856291 67.5245529616 44.9909369674 22.0464961251 70.1829596648 22.0231285466 21.7690048484 -9999.0 -9999.0 -9999.0 -9999.0 -9999.0 -9999.0 -9999.0 -9999.0 -9999.0 -9999.0 -9999.0 -9999.0 -9999.0 -9999.0 -9999.0 -9999.0 -9999.0 -9999.0 -9999.0 -9999.0 -9999.0
-9999.0 -9999.0 -9999.0 -9999.0 -9999.0 30.0029791086 87.5301646828 173.135954746 199.46437824 394.986112657 419.591404172 495.917816325 809.419395437 1266.30899021 1308.87708881 1328.2635501 34.3294487821 2519.11812103 2553.35012826 2645.87854229 3265.9601407 425.17611535 389.572189537 142.726949854 19.3699615279 126.022965805 86.9686218212 19.2438235805 87.9041700547 19.4041520731 42.3183833642 113.121961505 134.452686929 42.8704755045 21.0192201 21.0088832963 -9999.0 -9999.0 -9999.0 -9999.0 14.5436490996 12.9094037758 -9999.0 -9999.0 -9999.0 -9999.0 -9999.0 -9999.0 -9999.0 -9999.0 -9999.0 -9999.0 -9999.0 -9999.0 -9999.0
-9999.0 -9999.0 -9999.0 -9999.0 -9999.0 29.2959945901 27.9354137211 115.769707709 142.435948248 169.763782334 25.822304963 51.2501700326 296.232457149 50.8603330751 23.3535900905 21.2557608466 18.3128392815 21.5609146655 21.1568546999 20.1804699779 3284.27034376 3338.99733416 18.1586724458 56.49404826 38.58977697 144.435091736 38.3625531266 18.3981600157 109.163749923 38.9543784675 95.4322287975 236.058277498 218.460603822 62.9089081094 62.2786966771 21.4113954556 21.4031456288 -9999.0 -9999.0 21.6526556375 32.2505137785 71.962665586 13.43779546 -9999.0 -9999.0 -9999.0 -9999.0 -9999.0 -9999.0 -9999.0 -9999.0 -9999.0 -9999.0 -9999.0 -9999.0
-9999.0 -9999.0 -9999.0 -9999.0 -9999.0 -9999.0 30.196575729 30.0550758401 57.6621909093 85.6267989852 193.857200982 246.965229704 273.019921124 27.0499356116 21.4778900006 290.252324078 353.258454466 373.015076573 456.262673351 475.326923444 18.8408911274 3357.98749488 3450.90981552 74.2126894473 15.0273791132 161.862949226 362.536701216 145.931042958 37.3636294556 18.604822395 368.523260289 255.296285739 18.5095105125 19.3215882037 82.1985065312 63.1458218383 19.5263608234 20.4675031322 21.0326372657 42.3329898812 20.5018770435 87.4044234735 106.192289571 18.5174853855 -9999.0 -9999.0 -9999.0 -9999.0 20.6874766891 19.7442825105 6.19449932406 -9999.0 -9999.0 -9999.0 -9999.0
-9999.0 -9999.0 -9999.0 -9999.0 -9999.0 -9999.0 -9999.0 29.4804878302 26.7032443677 55.1489370557 82.4784873261 26.7191256878 24.6024280132 154.093965284 200.465633746 247.804479436 21.7964636822 43.5363236984 21.003317711 494.919816467 1092.42052374 1106.06136099 4591.3104602 18.4053749463 44.8040816584 14.3110257232 380.220566959 18.3853269519 56.2941128878 18.2071936159 386.696302488 405.150152313 37.4079461289 38.0035010847 205.612633164 103.074262476 41.0695085108 21.3313984237 42.0152847437 63.0686307468 102.627268811 18.4887265844 142.515491174 159.767710036 15.7738015875 16.8191034368 17.4839113973 16.0233373311 15.2767402289 57.7287916056 22.970468477 13.9602970052 -9999.0 -9999.0 -9999.0
-9999.0 -9999.0 -9999.0 -9999.0 -9999.0 -9999.0 -9999.0 -9999.0 56.590491161 82.4993427026 26.8965862714 54.4664830842 79.8666639153 130.718568931 25.246266394 24.4862921248 21.369247755 21.6111009326 19.6525473794 557.468089671 21.7733120314 42.684368457 4649.3915382 4690.05206874 19.8751218 84.516387959 482.035981368 35.8557944968 72.5936579897 33.2333461468 49.7402205914 476.103503399 54.4850822262 296.924572999 242.240579427 18.565893943 101.328011645 41.0400625 61.5285043776 19.3856511676 121.683564174 158.475359667 173.756199536 188.314659596 219.703325901 30.2420302283 31.7929430348 29.3562204244 27.727195897 72.5499441372 15.1411341461 52.403083529 66.4472732437 -9999.0 -9999.0
-9999.0 -9999.0 -9999.0 -9999.0 -9999.0 -9999.0 -9999.0 -9999.0 28.8992289367 139.746974803 166.129267308 26.4042320372 51.440526995 25.0099641114 23.2397823641 22.9084088046 284.995672017 378.067478437 460.6923978 542.626228618 19.9925682483 21.2775357819 22.4216051814 4784.30811731 4827.56151353 4846.21045004 646.83928946 143.414032268 124.897063972 16.2144753256 66.0709751041 557.93233604 16.9615163985 313.332644471 18.3314763973 130.949156311 121.486317488 19.4591687324 80.9473229697 38.7044789441 57.7533328 17.2766626104 14.3862531097 202.704190959 216.038527781 233.002404829 46.0051911378 42.9444853975 40.9810118982 88.4582588912 119.018513312 15.2411160351 81.8073430592 15.9994038396 30.622356726
-9999.0 -9999.0 -9999.0 -9999.0 -9999.0 -9999.0 -9999.0 -9999.0 -9999.0 29.3051466261 193.536796349 219.71873896 76.8273066074 126.82286688 173.319458721 196.604277825 23.4239684671 71.6734185513 46.4482681437 23.7748914993 23.5204979856 21.3953154369 42.6240007363 74.4441030762 25.3027877139 5536.7880141 5557.2009689 19.0919616697 15.4293980696 32.6153867624 49.0891398068 606.813718492 33.0075890004 328.255175561 199.707480453 165.350583698 18.6054531618 37.716023363 98.9066232813 17.8961943739 75.3640875691 34.3098918963 26.3364473035 12.8867525022 254.764520404 499.071759777 56.3634296539 53.5399957494 54.0328801199 13.1893624364 132.108291235 12.7974655338 110.639943789 14.4073569821 45.0686211542
-9999.0 -9999.0 -9999.0 -9999.0 -9999.0 -9999.0 -9999.0 -9999.0 -9999.0 -9999.0 26.1468041581 271.914823375 25.129181451 49.7850078374 72.4079529865 117.011555304 22.6265068945 48.0334843481 22.8301999052 22.3163231749 21.2334775928 42.1753416596 18.9132321047 21.8758598935 44.2986048034 23.7436376356 5577.59891044 5616.14713405 5673.6254884 65.5577703967 16.5128964661 32.9114201525 623.856191421 610.040721802 235.562034301 17.5796753079 74.3102577602 55.9467311291 116.911668708 35.8211429387 144.876519006 51.6342247657 41.1188649186 10.1299519647 13.198528451 513.733432783 527.037494186 648.275170673 95.9589098467 26.9969967881 146.325516969 173.0187286 296.807572666 28.5432802007 13.4612394904
-9999.0 -9999.0 -9999.0 -9999.0 -9999.0 -9999.0 -9999.0 -9999.0 -9999.0 -9999.0 -9999.0 13.9822378591 302.178467619 25.1327495931 47.7042385613 209.924668343 23.4115119936 23.2393942319 22.032250678 44.6134738943 21.6153346784 85.2240125425 123.402467936 141.369720438 61.718960387 78.7463563905 20.4078313697 24.9606833344 20.9267412153 5775.41298777 5828.17686321 638.444794033 639.355220921 624.825136355 30.6446840622 15.5135054201 91.1851080113 242.184013273 134.160660049 52.9683185557 214.307773874 90.5270397182 74.955110024 20.7536844818 9.16485842884 8.32852381721 10.0343518779 694.942668398 831.02033289 12.9619706382 13.6082130922 13.6862384868 310.308645703 351.679642375 25.0464846525
-9999.0 -9999.0 -9999.0 -9999.0 -9999.0 -9999.0 -9999.0 -9999.0 -9999.0 -9999.0 -9999.0 13.3417671447 334.494975329 410.496911213 22.9236038157 255.275248389 21.9120821691 21.8435006762 43.3912528011 109.616129677 21.1516221542 21.9994685029 18.38295472 178.493975937 197.319040461 295.170164485 334.253047086 354.417601143 373.615743168 391.848500502 6238.55009447 6912.63349741 7585.28690546 7599.64543661 16.0434915431 16.4682913917 276.00213619 259.229751822 16.9540398256 16.6292556459 231.48591509 338.256704721 14.3317668089 168.517361937 155.261711166 43.1148067537 21.1857321796 34.2616778114 14.7795740216 855.447318611 12.0065934913 38.8909678494 48.9378595789 436.277007521 470.888704567
-9999.0 -9999.0 -9999.0 -9999.0 -9999.0 -9999.0 -9999.0 -9999.0 -9999.0 -9999.0 -9999.0 27.4032413272 52.4765105585 435.140984731 479.144530704 21.949748224 294.349234271 19.4637251733 59.9480263546 129.372115816 41.2611867043 20.0379593277 40.3664366023 17.2633103992 34.0642460908 16.9864643473 16.1806428367 14.5331492645 13.4296026803 13.2465632648 14.0978859748 18.2973011685 21.2088573357 22.8805041539 7653.17880376 341.463443805 306.173502571 14.086675902 49.0200431903 12.1331687818 11.3785233056 353.856778358 568.916246516 185.091624825 135.110532288 24.5647121956 10.9082911243 10.1388659452 22.6143751128 890.919834108 914.588627271 12.3728698917 12.4846944429 12.7310726929 10.2016151226
-9999.0 -9999.0 -9999.0 -9999.0 -9999.0 -9999.0 -9999.0 -9999.0 -9999.0 -9999.0 -9999.0 -9999.0 24.0750436012 321.189896052 823.491319062 893.285145863 1207.61627226 1224.41772863 287.169345087 211.398716181 61.657219229 19.808352328 79.2587615251 97.8488310493 149.146537103 34.6221833823 32.9578304253 31.5451669822 61.6294365499 29.6785047401 30.2125831787 14.7961818678 11.4285570912 13.7878841759 7669.56669298 8022.5521535 8042.34415593 14.6269531374 134.898096439 56.529836962 16.8605614669 618.895671188 35.0087018638 18.0121846389 75.7332477191 16.8188069321 14.8603518135 27.7771090575 39.0314636017 51.2422271234 935.203770015 9.76854027646 8.54715243678 8.55481802252 7.32531923609
-9999.0 -9999.0 -9999.0 -9999.0 -9999.0 -9999.0 -9999.0 -9999.0 -9999.0 -9999.0 -9999.0 26.1400994472 244.896078607 296.811180743 47.5642132118 14.4417212128 34.0815661871 1279.28118596 1296.54707683 1600.26769224 18.3295453949 37.9796725291 17.1335428284 17.4011657691 166.196866356 217.837805 266.74772147 15.9158799969 77.6072135246 122.983859663 75.7073761329 30.2600161803 25.4416115189 25.303792855 25.7853939848 14.5094994667 8056.16533152 8067.35637238 8227.00367442 29.365697791 15.2342994968 629.562067777 38.1821170964 19.4185545248 20.3739390742 20.1631972974 18.8059855898 34.5719957296 96.5254739015 160.682364211 1105.91615966 7.6499684344 22.7644842496 15.3524654092 13.4499799543
-9999.0 -9999.0 -9999.0 -9999.0 -9999.0 -9999.0 -9999.0 -9999.0 -9999.0 -9999.0 -9999.0 26.6346661867 169.085530078 26.4616622812 23.56777782 121.838051481 142.738026293 164.064369945 183.953853601 2175.3814601 2192.94914038 2229.27101281 2498.66604462 2551.53624184 2582.60970983 2600.15816756 2905.79211904 2949.4518544 2966.03216512 3106.24174231 3199.01140867 3214.62614054 3269.77170417 40.1894201746 38.40801732 10.6374176733 11.168989791 8080.81895768 8282.72928783 44.076363634 724.559483944 711.294632647 71.7042151714 17.1642916133 17.3107916136 17.1456220598 16.8593792484 33.9167686433 48.9219371367 14.6357537697 1115.49618424 1125.74756141 1172.72717094 1181.20790245 1202.52136045
-9999.0 -9999.0 -9999.0 -9999.0 -9999.0 -9999.0 -9999.0 -9999.0 -9999.0 -9999.0 -9999.0 87.0938006246 115.128214104 53.9185392952 79.1332348112 24.890517336 284.558463913 307.475389124 352.048900604 371.366686729 148.03015152 2407.31610775 2425.13947829 17.5874349124 13.6359776441 12.349136962 27.09300956 14.068207794 11.2444017683 10.7836820731 11.9096227515 3229.43465164 3285.11485103 3339.79828837 3391.25045067 3432.83270465 19.8891938529 6.92860196984 9045.17387106 749.934089363 738.658703207 16.3638967155 15.2530833435 13.6328181974 31.4803758142 31.3763958168 15.2230765072 14.6835674701 14.0219227242 28.5737043262 38.5652745455 8.61640863352 16.353728266 5.96727426361 4.55041581718
-9999.0 -9999.0 -9999.0 -9999.0 -9999.0 -9999.0 -9999.0 -9999.0 -9999.0 -9999.0 -9999.0 -9999.0 58.8766331259 27.6292005095 25.5288272344 240.361445423 263.264756144 23.9156207607 91.7506431035 112.728798104 131.628282031 21.4912329453 17.1678665179 378.183598846 392.831753276 407.022670782 1048.40733892 1060.21819608 1081.43952562 1187.53550298 1250.10216296 1260.29848511 9.98063653873 10.3295903787 10.536963322 3450.85461352 8.94305032448 9187.27707521 9173.93690277 117.028829427 103.502587169 61.8406024215 15.2576500071 27.8108367215 46.4089646985 45.6021012079 29.7874148324 14.114308796 27.8450792739 28.1781632459 51.2817539626 8.61186189283 26.2804793686 41.2769476579 50.9223343255
-9999.0 -9999.0 -9999.0 -9999.0 -9999.0 -9999.0 -9999.0 -9999.0 -9999.0 -9999.0 -9999.0 -9999.0 30.3532804751 85.3265190066 111.455919347 190.381593589 23.3550870474 47.5627064475 70.8189263471 271.651427754 291.282272186 306.913474267 325.613605734 345.563804405 536.387627134 596.04688974 629.079452591 13.5577556419 84.240192629 96.7650440907 1218.98304802 1271.74496672 1294.18668295 1316.78676594 1339.14762523 4799.73068356 10.5088614568 9231.31118124 23.9018324278 10.7002491291 88.4162213034 75.4998096618 12.431073064 41.2718943177 59.9244435613 58.5794820927 41.9146495906 67.8487320322 106.790258205 40.6043018849 103.539339215 9.95821501975 15.5503934211 4.07569623326 3.23158805441
