data/baseflow/mHMbf_acc268.asc
ncols                  80
nrows                 72
xllcorner      4374000.0
yllcorner      5656000.0
cellsize            500
NODATA_value       -9999
[rows 0 to 24 of 72, columns 0 to 54 of 80]
-9999.0 -9999.0 -9999.0 -9999.0 -9999.0 -9999.0 -9999.0 -9999.0 -9999.0 -9999.0 -9999.0 -9999.0 18.4633577883 13.6780958167 -9999.0 -9999.0 -9999.0 -9999.0 -9999.0 -9999.0 -9999.0 -9999.0 -9999.0 -9999.0 -9999.0 -9999.0 -9999.0 -9999.0 -9999.0 -9999.0 -9999.0 -9999.0 -9999.0 -9999.0 -9999.0 -9999.0 -9999.0 -9999.0 -9999.0 -9999.0 -9999.0 -9999.0 -9999.0 -9999.0 -9999.0 -9999.0 -9999.0 -9999.0 -9999.0 -9999.0 -9999.0 -9999.0 -9999.0 -9999.0 -9999.0
-9999.0 -9999.0 -9999.0 -9999.0 -9999.0 -9999.0 -9999.0 -9999.0 -9999.0 -9999.0 -9999.0 -9999.0 36.5003914875 73.107247011 9.93786316152 -9999.0 9.78576427655 -9999.0 -9999.0 -9999.0 -9999.0 -9999.0 -9999.0 -9999.0 -9999.0 -9999.0 -9999.0 -9999.0 -9999.0 -9999.0 -9999.0 -9999.0 -9999.0 -9999.0 -9999.0 -9999.0 -9999.0 -9999.0 -9999.0 -9999.0 -9999.0 -9999.0 -9999.0 -9999.0 -9999.0 -9999.0 -9999.0 -9999.0 -9999.0 -9999.0 -9999.0 -9999.0 -9999.0 -9999.0 -9999.0
-9999.0 -9999.0 -9999.0 -9999.0 -9999.0 -9999.0 -9999.0 -9999.0 -9999.0 -9999.0 16.503644561 15.2559311505 16.3398861866 16.4044006166 102.088280658 110.763167904 26.0905865913 8.27858829204 -9999.0 -9999.0 -9999.0 -9999.0 -9999.0 -9999.0 -9999.0 -9999.0 -9999.0 -9999.0 -9999.0 -9999.0 -9999.0 -9999.0 -9999.0 -9999.0 -9999.0 -9999.0 -9999.0 -9999.0 -9999.0 -9999.0 -9999.0 -9999.0 -9999.0 -9999.0 -9999.0 -9999.0 -9999.0 -9999.0 -9999.0 -9999.0 -9999.0 -9999.0 -9999.0 -9999.0 -9999.0
-9999.0 -9999.0 -9999.0 -9999.0 -9999.0 -9999.0 -9999.0 -9999.0 -9999.0 15.5247098261 32.1874010387 63.6964278586 31.3563700432 15.147097846 29.3248296164 123.836034452 166.540958004 8.62867597829 -9999.0 14.5312266659 -9999.0 -9999.0 -9999.0 -9999.0 17.5050683648 9.2438705965 -9999.0 -9999.0 -9999.0 -9999.0 -9999.0 -9999.0 -9999.0 -9999.0 -9999.0 -9999.0 -9999.0 -9999.0 -9999.0 -9999.0 -9999.0 -9999.0 -9999.0 -9999.0 -9999.0 -9999.0 -9999.0 -9999.0 -9999.0 -9999.0 -9999.0 -9999.0 -9999.0 -9999.0 -9999.0
-9999.0 -9999.0 -9999.0 -9999.0 -9999.0 -9999.0 -9999.0 -9999.0 17.8979428896 49.8206958374 64.1161825891 79.0202460736 109.319167349 13.6432762857 55.512744805 67.8506453219 250.187262564 8.28234527424 9.42032538604 26.4943439467 37.6486511434 11.7513889522 -9999.0 41.7369525741 34.4931088026 8.5855561255 -9999.0 -9999.0 -9999.0 -9999.0 -9999.0 -9999.0 -9999.0 -9999.0 -9999.0 -9999.0 -9999.0 -9999.0 -9999.0 -9999.0 -9999.0 -9999.0 -9999.0 -9999.0 -9999.0 -9999.0 -9999.0 -9999.0 -9999.0 -9999.0 -9999.0 -9999.0 -9999.0 -9999.0 -9999.0
-9999.0 -9999.0 -9999.0 -9999.0 -9999.0 -9999.0 18.1311060852 15.91766345 14.9813910677 15.3889253652 15.4950335581 110.956967793 235.31338369 249.954336452 262.190381216 12.3750455457 272.492134624 282.72637158 21.2579373453 11.9421168498 48.5801093465 82.4907061991 9.70853984288 69.7484004682 10.4716851675 9.58471435658 10.9004368699 -9999.0 -9999.0 -9999.0 -9999.0 -9999.0 -9999.0 -9999.0 -9999.0 -9999.0 -9999.0 -9999.0 -9999.0 -9999.0 -9999.0 -9999.0 -9999.0 -9999.0 -9999.0 -9999.0 -9999.0 -9999.0 -9999.0 -9999.0 -9999.0 -9999.0 -9999.0 -9999.0 -9999.0
-9999.0 -9999.0 -9999.0 -9999.0 -9999.0 -9999.0 36.6702081538 53.9148955266 119.648080945 163.906433106 13.1355548998 14.4606651615 13.0571799474 36.9083919274 309.542963104 10.2835983341 292.694128491 334.376091751 31.5851947532 21.4060969169 92.0911446574 10.6192591894 80.2151943011 18.5443226919 8.85445118305 17.9868401405 21.6345006982 12.3134932708 13.2266012448 12.7124123913 13.5394854895 26.9784415911 -9999.0 -9999.0 -9999.0 -9999.0 -9999.0 -9999.0 -9999.0 -9999.0 -9999.0 -9999.0 -9999.0 -9999.0 -9999.0 -9999.0 -9999.0 -9999.0 -9999.0 -9999.0 -9999.0 -9999.0 -9999.0 -9999.0 -9999.0
-9999.0 -9999.0 -9999.0 -9999.0 -9999.0 20.7489532121 39.6763007841 18.870164778 35.6940783576 180.872860826 209.579492415 238.80263683 802.897085969 12.2375374306 320.945930867 1227.75568822 1237.09946424 1588.65566252 10.0688625837 30.8922784544 101.727192142 9.50177270371 188.22873671 97.8738029151 58.9434755886 49.4384374629 10.3677302222 36.4882452164 38.3444974157 25.4390138939 11.8554466735 39.2377635036 11.3022265931 11.0105461718 -9999.0 -9999.0 -9999.0 -9999.0 -9999.0 -9999.0 -9999.0 -9999.0 -9999.0 -9999.0 -9999.0 -9999.0 -9999.0 -9999.0 -9999.0 -9999.0 -9999.0 -9999.0 -9999.0 -9999.0 -9999.0
-9999.0 -9999.0 -9999.0 -9999.0 -9999.0 21.0200088498 61.0258631615 120.44247729 138.1410248 272.197921434 288.225022767 338.756391801 551.95013587 847.024841618 873.654375674 885.662648393 19.1791858301 1625.19959931 1644.84024001 1695.92049596 2023.92069313 217.21285771 198.526297533 68.9863702507 9.86941134032 63.8902546388 44.8841810047 8.06044304587 48.6218066591 10.4055445023 22.0319476179 60.6790091823 71.4346378391 21.4815422245 10.0455326861 10.1374202566 -9999.0 -9999.0 -9999.0 -9999.0 7.83744707706 7.47299735292 -9999.0 -9999.0 -9999.0 -9999.0 -9999.0 -9999.0 -9999.0 -9999.0 -9999.0 -9999.0 -9999.0 -9999.0 -9999.0
-9999.0 -9999.0 -9999.0 -9999.0 -9999.0 20.3477063487 19.1285667012 80.0768296466 98.2197058747 116.971674928 17.2100835991 33.9852818417 200.810376644 34.3958544282 14.7328333548 12.2894961367 9.74075415457 11.707214782 10.8192825632 11.3374413261 2033.83157084 2061.47532318 9.15986386028 28.5820933174 19.6374313932 72.6279134619 16.3729185906 7.53303065099 58.7735429884 20.4359349689 51.5953810675 122.931995604 113.003715243 30.9223993984 28.8822587638 10.6433757707 10.5219809313 -9999.0 -9999.0 10.9213746643 16.4062660705 39.4714121016 7.8322384596 -9999.0 -9999.0 -9999.0 -9999.0 -9999.0 -9999.0 -9999.0 -9999.0 -9999.0 -9999.0 -9999.0 -9999.0
-9999.0 -9999.0 -9999.0 -9999.0 -9999.0 -9999.0 21.1642578966 21.0421390915 39.6945804099 58.910866322 133.146236753 168.731635285 186.183662948 18.7391496728 12.523678022 178.142208563 213.901119155 224.461878201 271.097480087 281.090647192 9.50027812687 2071.20634158 2118.37298842 37.8531652731 8.17453999513 81.0469704763 177.016095455 73.0610743584 16.5220039903 8.63406653963 191.660572323 131.850208438 7.89908466425 8.07416812345 37.2711987053 30.7261717027 9.00412224195 7.73378105898 10.4151749747 21.0785934115 9.94868432961 47.6277480437 56.1239583018 7.15574554158 -9999.0 -9999.0 -9999.0 -9999.0 8.77477205931 8.10022061099 4.60737120769 -9999.0 -9999.0 -9999.0 -9999.0
-9999.0 -9999.0 -9999.0 -9999.0 -9999.0 -9999.0 -9999.0 20.0681585211 18.5660100129 38.5316341493 57.2961055315 17.8498125514 14.8035558108 98.1753997864 125.167729605 153.717690986 12.6289561362 25.2182249687 11.925331525 291.77213311 634.352704065 641.403763643 2776.07016605 8.9532980657 23.4904344254 7.35819020906 183.944677399 7.91071460417 25.247866236 8.24886877054 199.549777207 207.584610674 16.0760186741 16.3835089769 96.3667817664 49.3940778179 16.7601004607 9.05441763578 20.6992266962 31.2278729886 49.9960423046 8.00227184338 68.5906153569 73.1047882047 3.9780901364 4.47854718877 4.78742435461 4.13731838281 3.92244458469 22.4002682825 11.8391382149 7.24438736117 -9999.0 -9999.0 -9999.0
-9999.0 -9999.0 -9999.0 -9999.0 -9999.0 -9999.0 -9999.0 -9999.0 38.1296143521 55.5921091366 18.0112447235 36.907287675 53.233553174 85.1406003059 15.8354442765 15.2237452235 12.1334393292 12.2026207332 10.1964738196 321.155489147 12.3008093047 23.691529509 2805.64852432 2814.45988394 2.50977264013 28.7599061928 217.905804922 15.5286380009 31.9705073668 14.0515875741 20.3616192065 236.678947908 22.8370914775 134.767673254 112.034194413 8.19434627843 43.7239957162 18.1335936335 29.6851817212 8.73361299209 57.2811001268 70.5064454973 74.176620489 77.5810338458 87.8622901906 7.54566588855 8.24067132489 7.24760450643 6.79038464718 26.5758253915 5.2922617446 24.6902960768 29.9959301992 -9999.0 -9999.0
-9999.0 -9999.0 -9999.0 -9999.0 -9999.0 -9999.0 -9999.0 -9999.0 19.9529800316 94.9692038248 112.438481655 17.4293031651 33.3322939842 15.8432198186 13.8835506096 13.6910588295 171.711714159 222.510769043 267.111038791 313.173125999 10.2850003247 11.7601670094 5.76791419957 2848.60135691 2856.70702466 2859.04637363 280.622421074 59.6880654559 53.7759012735 5.42487482698 26.2177204513 268.963990806 6.11922869685 140.96493442 8.03951748592 59.4688912298 53.002912902 8.8960786626 38.6749537586 17.6290090123 26.3395712288 5.46674057778 3.35243837332 80.9256660449 83.9589828208 90.8849701544 11.6587952279 10.4456719323 9.9631191157 32.2782162396 43.0374386582 5.37194998818 35.8134202189 6.63452952298 12.4759150053
-9999.0 -9999.0 -9999.0 -9999.0 -9999.0 -9999.0 -9999.0 -9999.0 -9999.0 20.5393664836 131.020046757 147.923803316 49.294902995 80.4604642253 107.674613132 121.021911023 13.5373337621 38.9170153682 26.0776639667 14.1680309107 13.4225499656 11.7224584251 20.6937482348 28.4300227382 4.10765961866 3146.42406386 3148.75820564 2.23796280749 2.93899098612 11.8681152782 17.8176578148 286.61001432 11.8454280049 145.854073059 88.9131335099 74.6449234674 8.03686126267 16.6753360093 46.3367008542 7.66868137086 33.8423290245 12.2947652795 5.96845841574 3.08610042585 93.3772596762 186.645354607 13.8096861625 12.6804533395 13.7276193915 4.19870038517 47.1999457709 4.03991236504 46.0014584471 5.66530699222 18.1610211785
-9999.0 -9999.0 -9999.0 -9999.0 -9999.0 -9999.0 -9999.0 -9999.0 -9999.0 -9999.0 16.9356019037 181.919118305 15.7823417372 31.0768124592 43.7184197277 67.4302131799 11.782070679 24.7438888381 11.9988437265 10.7716437198 10.0299341677 19.4829238245 8.05220382208 5.95531574648 8.88056845205 3.5381938746 3151.31710548 3155.77956261 3163.61835712 21.0468511133 6.47746131528 12.9283365869 293.461961182 266.05128403 103.448677692 7.21193520403 32.3740877296 24.4567326144 54.0188761062 15.2961732028 61.032923331 19.4705971305 10.8189918196 2.77369861635 3.61393380509 190.208938825 193.237252919 222.210362228 27.0192577208 8.73953590372 51.7427381558 60.23036531 110.449155329 10.9086279044 5.2383860411
-9999.0 -9999.0 -9999.0 -9999.0 -9999.0 -9999.0 -9999.0 -9999.0 -9999.0 -9999.0 -9999.0 11.1738747245 204.580823286 14.242149872 26.6450119269 117.045067641 11.3168790216 11.0691392511 9.77029594902 21.8581259935 11.4345971703 41.7950929649 57.7345326412 64.50291122 13.2502808328 15.0620802428 1.89445977935 3.13256563229 3.05199713348 3193.60958854 3208.9264799 297.968201751 276.089147954 271.132360935 11.1552472313 5.39229626823 39.1283356297 106.959677682 61.0853074712 22.2590200874 89.8036005142 28.405217967 22.4827603612 6.20854190998 2.51261022762 2.03829938121 2.38863500224 234.954832018 273.501970107 4.38073646125 3.92129166072 4.5974939679 115.171616686 130.770438352 9.41564371532
-9999.0 -9999.0 -9999.0 -9999.0 -9999.0 -9999.0 -9999.0 -9999.0 -9999.0 -9999.0 -9999.0 10.244050756 227.361500236 274.477190691 12.9165652321 142.098101702 10.1563449488 9.8922741323 21.2682270458 54.9329627718 11.0704082097 11.785801011 8.25408048561 79.9551771595 87.3554044078 110.483867925 116.831881044 120.158141989 122.211733812 125.706557336 3336.92123736 3638.90583858 3918.44688986 3919.99059433 2.54937573138 5.2160413909 120.544646921 113.790645474 6.95045885787 6.85211144619 96.5614128867 131.301462747 5.48628906683 67.3285805123 61.9401563959 14.1516953664 5.70199926824 9.69290057419 4.00196201665 279.532490677 2.96069937703 11.4596454923 13.857309266 154.546819513 167.691314777
-9999.0 -9999.0 -9999.0 -9999.0 -9999.0 -9999.0 -9999.0 -9999.0 -9999.0 -9999.0 -9999.0 17.9757060859 33.4932719281 289.48579664 313.109786605 11.4268886627 159.416911913 8.25138950265 26.9649464921 64.506408568 21.0257065774 9.89129864867 19.1556548539 6.18472956365 12.6739362427 7.11713479687 6.63978486015 6.22079830877 5.62082768979 3.74501073528 2.29950945951 2.24901276118 2.37906820972 2.7903880807 3927.22816299 129.890751438 123.497805071 1.48025471022 18.9078850443 5.59324711198 6.11812918736 137.146494349 222.52335022 73.8417663769 55.6452539637 9.21716627262 3.22588331683 2.89111916007 6.06426177304 288.727604011 293.976973921 2.76677937147 2.90077100117 3.29176892027 3.63761368205
-9999.0 -9999.0 -9999.0 -9999.0 -9999.0 -9999.0 -9999.0 -9999.0 -9999.0 -9999.0 -9999.0 -9999.0 14.1461785817 205.042120342 531.388672873 570.74480331 739.375947806 746.340988703 139.081943546 105.79476663 31.0937068758 9.71193126204 37.7110704143 45.8901339832 65.8664823112 14.6236099746 13.3917215573 13.1185493712 25.302345642 10.1793025626 8.60368671635 6.13652750964 3.9185156616 2.36568062317 3929.63232852 4064.44964523 4066.1490875 1.29204477142 46.6825231594 24.7391097353 6.76869921394 242.419247493 14.342688301 7.47998244477 34.4607465853 7.53666604463 4.34865333359 7.72471384738 10.4629695247 13.4564621927 298.343663397 2.0182292281 1.76031599613 1.78408261541 1.5469717241
-9999.0 -9999.0 -9999.0 -9999.0 -9999.0 -9999.0 -9999.0 -9999.0 -9999.0 -9999.0 -9999.0 16.2879697536 157.660156779 190.055877272 27.4520208272 11.0208899144 21.6767917034 778.11464689 785.020342677 931.58214613 8.29435434439 17.9093836469 7.27558596145 7.38113262817 72.8108499173 94.3559391722 113.951501989 6.06043950972 31.2715637131 47.3119210373 25.9386096702 11.7989165432 9.10156317314 6.99073598582 6.18604026524 1.52396246113 4067.4061095 4068.28793311 4116.78729624 9.72279325572 5.59615132496 246.387283695 17.1755362447 8.67431211762 9.60418479646 9.48651433079 8.05078167494 12.6289588277 33.9365470787 50.5071660123 351.0340622 1.48313734471 4.50989249123 3.09746880795 2.73921140511
-9999.0 -9999.0 -9999.0 -9999.0 -9999.0 -9999.0 -9999.0 -9999.0 -9999.0 -9999.0 -9999.0 16.6910523415 111.616169058 16.7402841402 13.4323240013 77.7146505402 88.5254523838 99.1310876339 108.637955661 1264.25862428 1273.61831469 1290.77570582 1420.22495249 1441.05570234 1451.99345452 1458.97192945 1586.86951906 1604.09139351 1610.32850676 1664.71925511 1697.26177056 1702.98182432 1723.6177125 12.3601167505 11.1183502798 1.59047307887 0.848774034201 4069.32129357 4129.4302709 11.8734168827 285.765658489 281.128177772 30.7058987084 7.26756126537 7.35223792514 6.99547893811 6.81156111917 13.5232222235 18.1760435998 3.92475650047 353.00576611 355.107479461 364.489332289 366.171017392 370.474921138
-9999.0 -9999.0 -9999.0 -9999.0 -9999.0 -9999.0 -9999.0 -9999.0 -9999.0 -9999.0 -9999.0 58.5795778504 77.3101319416 35.2065644094 50.6693478913 15.1224044023 171.274862723 182.276098543 204.004462924 214.416095093 71.3117238927 1378.73485248 1387.48266725 5.73770623494 3.75876321256 3.57194543762 7.81966250936 4.46232429741 3.80900541399 3.96397838623 4.22425575 1709.1640605 1729.73416399 1747.38291642 1762.97967187 1767.41465609 1.57081907403 0.48229787065 4422.36179098 292.067265186 290.707534024 5.923785827 4.94191399585 4.25540263753 12.0456001416 11.6286881177 5.45477009318 5.49998498318 5.14047552139 9.05461697428 11.3863034517 1.43986001386 2.72653616312 1.19634720136 1.02157153417
-9999.0 -9999.0 -9999.0 -9999.0 -9999.0 -9999.0 -9999.0 -9999.0 -9999.0 -9999.0 -9999.0 -9999.0 39.7293315725 18.425420383 15.8431975359 149.354877822 160.516709784 11.7270283448 43.8382811413 54.3305143018 63.1762758437 10.343164962 5.01843441662 191.808622765 195.521456895 199.175467473 489.370411152 492.408341181 498.834545259 526.10071794 544.65633372 547.74977466 4.06038880956 4.2527358333 3.98496497822 1769.01973224 0.697481199957 4462.67344785 4461.54492775 38.2805093987 36.5337882533 22.2052827337 5.79996099739 8.5299412932 16.5357936454 16.0925773803 10.4961705487 5.27445181075 10.245911364 10.541772215 15.9611133462 3.65774156052 5.69481214675 8.97430754735 11.0993126176
-9999.0 -9999.0 -9999.0 -9999.0 -9999.0 -9999.0 -9999.0 -9999.0 -9999.0 -9999.0 -9999.0 -9999.0 20.6666070914 55.9302210102 72.1580359478 119.090032284 11.1039072814 23.2494087471 33.989078677 152.031791222 161.822626026 170.517699381 177.022894238 182.80247164 261.147982798 278.176937593 287.209500858 4.04026592987 21.0985828177 24.8951551464 534.425802518 550.941969482 560.090742814 569.992158063 575.87956106 2345.70769378 0.928241482502 4467.28660467 2.76399492422 1.5840548231 31.0969060141 27.096504925 4.48820579024 13.2438331961 21.1123366654 20.2998445833 14.3330182298 23.4322700685 37.1972674739 14.8299332541 34.6825854122 3.21022483339 5.57890243702 0.630019039783 0.468729975828
