data/baseflow/mHMbf_acc580.asc
ncols                  80
nrows                 72
xllcorner      4374000.0
yllcorner      5656000.0
cellsize            500
NODATA_value       -9999
[rows 25 to 49 of 72, columns 0 to 54 of 80]
-9999.0 -9999.0 -9999.0 -9999.0 -9999.0 -9999.0 -9999.0 -9999.0 -9999.0 -9999.0 -9999.0 -9999.0 23.0132819295 45.9295887634 22.1223915939 44.5017906267 20.4495950189 152.542310688 193.182749877 213.303323 18.8498004935 35.09836492 358.639362914 441.559356847 456.149447984 35.6421599107 33.7843946276 46.3972999105 6.19174327501 5.93086487354 11.482934289 7.14397163901 573.366479695 581.726032648 592.528720907 4129.73598277 9017.03540127 8945.96645539 11.7763134933 4.93990209059 4.66271994561 19.7604499577 15.146638167 50.1292542186 72.1438605575 146.750981755 13.5534077851 13.5882972824 121.669535213 132.58070219 264.723304044 273.331662813 289.343140823 296.531130367 6.516645584
-9999.0 -9999.0 -9999.0 -9999.0 -9999.0 -9999.0 -9999.0 -9999.0 -9999.0 -9999.0 -9999.0 -9999.0 -9999.0 22.6352017865 45.2810192781 67.8725375783 109.919075237 22.1906520713 20.8269037346 154.019059089 173.239069685 328.988180509 347.283726543 52.1593175186 18.5473486586 18.13421457 17.0945519874 529.348762041 539.529226996 546.61494949 552.356273188 565.799199724 87.4137042376 98.8611022425 703.927990642 13856.8330521 55.9456698792 45.9005457806 19.0590537045 5.60970546303 4.50817855557 29.1583293643 33.2477881962 58.8847443628 4.31645162046 152.178078474 21.3902864075 20.9593094674 4.33436246027 3.63036335674 3.3923030309 5.12798996862 3.40563146088 299.857743151 4002.99354252
-9999.0 -9999.0 -9999.0 -9999.0 -9999.0 -9999.0 -9999.0 -9999.0 -9999.0 -9999.0 -9999.0 -9999.0 -9999.0 -9999.0 22.0031369304 45.9043396152 68.3939588527 91.6215271579 112.402620714 133.548337241 61.7502418658 101.550468623 18.378569534 18.2061658468 443.221374936 478.822620552 495.979460498 513.999893955 14.3795446465 25.4998762712 64.4444216584 71.0794267455 78.4369474461 11.7590729331 14.1177907252 13891.7035654 11.1247726705 17.0860882454 8.41307898631 23.4002621543 10.9370081252 7.43629134507 98.9101944234 107.175846449 5.7983791542 158.923355276 183.954469035 24.1496945715 4167.79606243 4159.8895782 4152.3928768 4134.32110432 4124.08861693 4020.12210928 4013.62497484
-9999.0 -9999.0 -9999.0 -9999.0 -9999.0 -9999.0 -9999.0 -9999.0 -9999.0 -9999.0 -9999.0 -9999.0 -9999.0 -9999.0 5.6334984267 13.0429135774 22.5540247206 202.976229376 224.446682664 21.5136695312 20.762147895 20.0286577898 369.012844451 407.147311643 18.3424210535 18.2516887346 16.7625544919 66.5825122038 82.679843375 42.1157995275 51.3526124581 374.037125736 385.346770614 410.189830859 648.090518969 14546.8476367 11.5542622002 7.87135522996 36.0291695325 29.470001438 6.36258299064 20.5874782288 27.3741779117 114.82405613 122.014843301 321.525264725 187.619376549 26.8125821262 4280.29556667 60.9247462675 4144.7919316 4139.75871668 95.39821274 5.93220747742 6.02485061662
-9999.0 -9999.0 -9999.0 -9999.0 -9999.0 -9999.0 -9999.0 -9999.0 -9999.0 -9999.0 -9999.0 -9999.0 -9999.0 -9999.0 29.7935446224 48.6918361675 101.897081792 179.096248162 245.613442936 290.496991993 310.757117092 331.073764084 350.512046461 19.0257591872 17.8375571219 35.0008427115 33.4850131749 16.8345556382 324.082535308 339.948377406 354.951739667 368.95093861 198.924612974 206.962996501 222.82693434 14552.7675545 19.1974459584 20.355409038 59.7338645433 5.47825294501 14.7478427161 7.8654102387 6.42992655148 34.483442401 6.08963115774 6.41359209877 4634.62731386 4307.55940833 4300.90532725 21.6898495391 56.4301968319 35.6401150194 7.93025445004 81.9764813715 22.7958244004
-9999.0 -9999.0 -9999.0 -9999.0 -9999.0 -9999.0 -9999.0 -9999.0 -9999.0 -9999.0 -9999.0 -9999.0 -9999.0 -9999.0 20.7619699581 19.4119611329 37.8874295777 57.8173978703 21.8985497037 20.9000951281 41.8376479607 62.4874186756 101.181238567 120.459118926 138.685808958 192.036451186 208.76785531 225.911052472 15.3594544536 159.938678746 173.017583412 182.706408197 6.39389784798 2.41130858783 5.21541105257 14770.2627624 14775.9610817 14806.8670146 74.2432843586 10.5851395214 23.5781467683 7.41292659672 11.8829112765 40.2896458797 51.6303850733 11.8360699282 4664.11449318 10.0082840937 12.3858167086 12.9973109014 12.0755748095 19.9740521092 8.92866520887 53.3851984859 38.5466286776
-9999.0 -9999.0 -9999.0 -9999.0 -9999.0 -9999.0 -9999.0 -9999.0 -9999.0 -9999.0 -9999.0 -9999.0 -9999.0 -9999.0 -9999.0 18.4158904335 36.5188096573 18.2883282881 37.2497455742 233.866927281 255.272551763 275.916716041 19.5010324668 19.2980887765 37.5929321348 55.608849771 89.200578344 105.669579524 114.049746055 128.930752528 13.295997417 10.7302996445 194.689516415 196.908352061 201.275722413 206.355770651 171.899469515 15000.0082487 15107.8495502 15112.4987203 15140.4574855 15165.261886 15185.4700468 6.72950177267 57.3435949544 4670.96870729 17.4296549171 8.89712280534 9.53225682892 8.15656250798 13.9626257608 11.6440213558 6.4482055149 8.08580965802 6.96079705572
-9999.0 -9999.0 -9999.0 -9999.0 -9999.0 -9999.0 -9999.0 -9999.0 -9999.0 -9999.0 -9999.0 -9999.0 -9999.0 -9999.0 -9999.0 -9999.0 54.229713711 73.9483715651 132.038310792 175.635399008 23.3169344605 320.324626518 339.57713397 358.804924792 18.6971522715 37.0524163428 16.9956921034 123.968745736 132.008366497 144.821082055 157.648061607 188.427729792 190.53903925 1.70599330196 151.176012086 161.424335281 166.872140044 187.341070809 28.0145549465 18.479884392 11.5702941634 10.9740489016 15204.6168972 15215.2638623 15312.840361 4678.61606612 45.8166049836 21.3334804484 14.7967149601 4.50288555439 37.8146634458 18.5438464391 5.90233135741 30.1831700722 24.9443934554
-9999.0 -9999.0 -9999.0 -9999.0 -9999.0 -9999.0 -9999.0 -9999.0 -9999.0 -9999.0 -9999.0 -9999.0 -9999.0 -9999.0 -9999.0 -9999.0 19.9144583814 93.3376587231 113.748148851 24.4094124582 20.7359298448 41.2816410822 60.2518295675 438.213893415 18.7070928023 74.7895522237 92.0780622851 109.018603484 8.37271152566 20.5539829129 26.115090228 124.415051445 135.201608348 139.486731866 4.89683930457 4.79045803344 5.42105329649 9.87633621475 4.07290369094 4.44685355827 9.71508612581 7.31425187267 9.19015274204 31.7753669564 15324.0626427 20031.5100614 57.4305469756 7.01833965721 5.41852165729 111.239673928 101.612846993 57.4877554545 51.021285986 37.5433720644 7.89641944344
-9999.0 -9999.0 -9999.0 -9999.0 -9999.0 -9999.0 -9999.0 -9999.0 -9999.0 -9999.0 -9999.0 -9999.0 -9999.0 -9999.0 -9999.0 16.5729756585 54.9363472431 18.3762193484 24.2678307398 22.3793169097 43.551614455 64.2408341578 84.6168650524 541.936333232 560.17714433 18.583458048 35.877469107 53.1340781848 64.4455944436 76.2737171369 107.817915449 119.493867177 4.84096068386 6.6996411507 6.17962855418 9.69645912392 9.73377279989 8.97656826521 7.83172854989 8.61333359579 39.0992788746 18.0484611966 10.6744245609 10.4154340661 9.77914282836 18.589772369 20370.2828889 275.447997369 135.25738249 11.9968988785 5.27929207439 4.91045002477 16.0310975815 10.815670432 5.32995728446
-9999.0 -9999.0 -9999.0 -9999.0 -9999.0 -9999.0 -9999.0 -9999.0 -9999.0 -9999.0 -9999.0 -9999.0 -9999.0 -9999.0 17.2922158512 33.6511574122 123.627804292 18.1850122343 48.3876085271 70.5479498842 91.7608338694 21.3529849218 40.7804463247 61.6406332785 639.952761852 18.0319125834 34.8122718041 51.4221780369 15.01323598 29.4379763319 34.5967668791 45.2755984962 1172.45922461 1187.96268203 1203.16372516 1276.74760902 1304.15674182 1363.08127488 19.8467136931 39.8585769054 49.1173360259 1567.56549531 1587.46315888 9.82514852765 17.5745253853 25.1694738302 20378.7256162 263.969156311 110.631530399 104.341698689 92.80232227 85.1839971221 21.3922630134 5.38101151989 9.97780835958
-9999.0 -9999.0 -9999.0 -9999.0 -9999.0 -9999.0 -9999.0 -9999.0 -9999.0 -9999.0 -9999.0 -9999.0 -9999.0 -9999.0 17.5085497976 53.1106862523 194.161258896 286.252987781 16.6437129468 379.458694314 490.311934851 20.5072565266 39.7703964547 60.4737422317 813.01910014 831.455474248 16.0626053654 83.6245435722 98.3485012882 109.506175779 1082.87617725 1103.74557396 1120.62232064 8.71325300641 51.1199721937 60.7365673713 29.4885405774 42.4910786918 1425.12639638 1485.81551009 1497.6992508 1509.31209397 1605.1584348 8.6934230168 8.11632505937 40.6095724447 20388.5851671 11.1398562058 1.21127922974 6.35592983915 2.89849172497 75.5051057409 68.8845458805 40.370744228 28.5913628522
-9999.0 -9999.0 -9999.0 -9999.0 -9999.0 -9999.0 -9999.0 -9999.0 -9999.0 -9999.0 -9999.0 -9999.0 -9999.0 -9999.0 -9999.0 -9999.0 37.1992070201 75.1515812512 340.764209538 360.296409825 507.648873584 526.953575045 19.9505215503 39.8386928146 96.4081986364 849.242591729 882.709316876 897.500841873 12.7809666959 946.210798902 966.780238288 14.037706994 8.78870032444 17.3232193881 34.0028867605 8.31412850468 17.2637050704 40.2728286112 51.0108891702 9.62837821579 7.64817612129 15.6578398558 1656.05816516 1672.24539246 1679.61644575 1736.94842785 20397.6417709 9.3029915653 0.807696163204 2.24583202708 2.20933245868 2.26178906616 2.04754796309 3.83484869749 4.33484711043
-9999.0 -9999.0 -9999.0 -9999.0 -9999.0 -9999.0 -9999.0 -9999.0 -9999.0 -9999.0 -9999.0 -9999.0 -9999.0 -9999.0 -9999.0 -9999.0 19.4704456662 19.1449056414 19.122173469 39.7680971279 17.8000808677 562.142013279 579.866478907 19.7026885595 38.1071642566 18.4179909939 16.2420768908 16.0150411048 923.628052856 6.31883083033 12.3693649547 8.35006352522 9.06675989328 8.38540810284 7.26048574525 7.43595694356 22.4840040747 30.4056120605 6.60458994675 6.09953301057 12.8933182433 20.671635091 25.5000830274 6.48024616249 1688.0556211 1744.4305172 20404.5661132 18.8797563747 3.95242511958 1.38090159061 3.33673807469 1.15808338173 0.933872219833 4.87491177217 21.35842211
-9999.0 -9999.0 -9999.0 -9999.0 -9999.0 -9999.0 -9999.0 -9999.0 -9999.0 -9999.0 -9999.0 -9999.0 -9999.0 -9999.0 -9999.0 -9999.0 -9999.0 -9999.0 18.9054174457 57.4470177341 73.633484203 90.8389426518 596.430439131 612.744642063 629.630728251 649.107994735 664.828913011 696.694814709 703.425996917 709.214552735 715.965576549 8.55579907849 8.19399257895 8.34820992287 30.6561089143 7.89157194649 7.65352857453 6.65016642265 19.6219383923 7.37139897972 6.25075129628 5.93836444927 5.25298327329 10.4902810251 15.4432395272 1776.78825197 22207.6653848 5.53560147232 12.6212765619 1.13697385563 3.91085800105 1.58813367422 1.87969213839 43.7792119768 35.4231652648
-9999.0 -9999.0 -9999.0 -9999.0 -9999.0 -9999.0 -9999.0 -9999.0 -9999.0 -9999.0 -9999.0 -9999.0 -9999.0 -9999.0 -9999.0 -9999.0 -9999.0 -9999.0 -9999.0 16.2766732173 125.656588706 251.219422896 269.494763034 22.2943826596 41.7125958065 60.0953584528 75.9748797333 178.677164185 187.344913846 8.55722464727 8.27660796014 733.688093662 750.161035193 757.815993506 37.2542038482 6.30151328735 14.3031115655 21.1351017857 63.0758191889 77.085428322 89.0943463306 11.3112748483 16.0909080162 5.43109058337 11.0153667188 5.56326202483 22219.4490812 5.54867468798 22.9669702488 7.97408454272 16.2651954097 43.5408880656 48.3378404873 94.9484376715 39.5415434305
-9999.0 -9999.0 -9999.0 -9999.0 -9999.0 -9999.0 -9999.0 -9999.0 -9999.0 -9999.0 -9999.0 -9999.0 -9999.0 -9999.0 -9999.0 -9999.0 -9999.0 -9999.0 17.7211610295 55.8671325287 109.699805656 143.767106498 373.379766621 393.79764946 37.6924146607 56.1305625171 72.147698648 87.9058952471 194.588647977 211.29073789 356.232324726 366.931303935 374.816774278 765.751510427 824.682161415 14.3427008281 8.45971455578 8.27073787721 16.121697957 7.55460042282 103.585741462 109.337073648 21.6573730415 26.898558114 6.23287745815 4541.41762315 4553.60208386 26782.0516084 26813.2930098 5.25844610376 27.1339563956 10.9492095598 8.8095943084 110.565287546 155.594917041
-9999.0 -9999.0 -9999.0 -9999.0 -9999.0 -9999.0 -9999.0 -9999.0 -9999.0 -9999.0 -9999.0 -9999.0 -9999.0 -9999.0 -9999.0 -9999.0 -9999.0 -9999.0 -9999.0 19.7475011009 19.2078961316 36.7433335493 87.7317102635 410.238096947 19.1299596063 18.9442280281 35.069574548 50.77875653 117.099145847 125.134816809 5.18527762535 7.0767455515 383.859448257 392.339672229 1224.56791759 1231.66475765 5.81049184442 5.31759637001 4.69541782234 4.7312009439 4.8849120565 4441.16420005 4473.20507068 4504.64786739 4515.30746721 4535.95505803 6.12159996781 23.2182980849 30.4519330853 26857.5214074 26862.8883825 26867.3088364 26873.6853219 26878.0768645 163.281929637
-9999.0 -9999.0 -9999.0 -9999.0 -9999.0 -9999.0 -9999.0 -9999.0 -9999.0 -9999.0 -9999.0 -9999.0 -9999.0 -9999.0 -9999.0 -9999.0 -9999.0 -9999.0 -9999.0 -9999.0 17.9599949689 18.6197510944 34.8420216846 478.37085593 496.48155687 18.7566121813 34.6456321634 50.5507752041 59.0533431251 7.16249748057 15.994471609 1046.95494678 1055.3389843 1062.36779358 1116.85552089 2355.06847194 4231.98128382 4244.6668614 4256.54423824 4268.0519997 4312.34332449 4326.16065245 27.0241085774 12.6960180839 7.22704191809 13.8884421821 11.5365873709 17.9557302726 5.92389554183 121.397106122 140.112900889 154.9524914 159.722223622 26883.3682126 27054.0045841
-9999.0 -9999.0 -9999.0 -9999.0 -9999.0 -9999.0 -9999.0 -9999.0 -9999.0 -9999.0 -9999.0 -9999.0 -9999.0 -9999.0 -9999.0 -9999.0 -9999.0 -9999.0 -9999.0 -9999.0 -9999.0 18.2592839972 35.0824506487 51.9532335965 510.778612075 18.4694896647 695.306976728 711.647098497 719.02213259 727.983284678 1011.73835461 1021.54612491 8.67932832613 40.7420556223 49.0901697187 8.58380771694 1864.00503924 1848.12840608 5.78162591945 12.7304768348 33.7230542826 7.20857904338 7.60428886037 6.42289340925 5.85081670394 4.90603159513 5.57481616576 101.657697575 107.468766911 114.283148372 10.9904390458 8.07495980477 164.885820648 171.016844372 174.995444677
-9999.0 -9999.0 -9999.0 -9999.0 -9999.0 -9999.0 -9999.0 -9999.0 -9999.0 -9999.0 -9999.0 -9999.0 -9999.0 -9999.0 -9999.0 -9999.0 -9999.0 -9999.0 -9999.0 -9999.0 -9999.0 16.8968910944 15.9055262066 82.0914218584 626.14605637 661.198615971 679.534616541 16.5662319548 267.772074222 273.683574971 276.62149836 8.87455996134 18.2374270718 27.0077590324 435.845284616 442.975870535 449.418432376 1836.01750112 1124.26687483 6.82408380049 7.10051054953 6.89719052443 6.02601476654 58.9115045694 71.6169130436 83.170381933 89.5478212185 95.764198217 508.477905723 514.236075233 519.003341054 529.981249844 594.097822557 598.547778266 778.598346844
-9999.0 -9999.0 -9999.0 -9999.0 -9999.0 -9999.0 -9999.0 -9999.0 -9999.0 -9999.0 -9999.0 -9999.0 -9999.0 -9999.0 -9999.0 -9999.0 -9999.0 -9999.0 -9999.0 -9999.0 -9999.0 -9999.0 33.0830777042 50.3258154403 18.3265821508 18.9561350234 211.213593453 228.502421115 241.160775511 93.5188649909 99.2109521986 105.9815663 114.542647061 420.532448364 428.983919547 241.685703849 698.464608607 705.497009393 1118.47631721 14.1553290854 7.18481579661 5.76219118152 40.0044230634 46.939230276 5.14024593532 4.88490677583 486.004512025 497.653323819 503.624185345 5.55897872298 7.89033302117 581.363788726 7.29167476232 32.9799638184 37.2015005657
-9999.0 -9999.0 -9999.0 -9999.0 -9999.0 -9999.0 -9999.0 -9999.0 -9999.0 -9999.0 -9999.0 -9999.0 -9999.0 -9999.0 -9999.0 -9999.0 -9999.0 -9999.0 -9999.0 -9999.0 -9999.0 -9999.0 16.5551394903 32.8085700782 137.749518337 156.324918395 175.239715144 73.2111153264 87.5829839412 6.17859432507 285.627978533 291.337040335 297.448752501 7.601938497 225.498208995 234.076094586 7.31102110751 1082.66795743 14.9486142493 7.4918015281 20.9989534973 28.2000876292 6.13116458228 5.3462102263 430.378569337 475.105423641 481.745704657 6.65323260122 16.3077359256 20.8061485274 25.6781590908 47.9611398532 12.2342404014 26.8897072314 5.81974266799
-9999.0 -9999.0 -9999.0 -9999.0 -9999.0 -9999.0 -9999.0 -9999.0 -9999.0 -9999.0 -9999.0 -9999.0 -9999.0 -9999.0 -9999.0 -9999.0 -9999.0 -9999.0 -9999.0 -9999.0 -9999.0 -9999.0 16.4503689908 51.5327669124 88.8311464263 20.5006146959 38.5765278232 56.5087137458 259.560386651 267.889453399 273.809026995 5.60180654061 186.486032152 203.204775614 210.210704291 5.29766656298 1052.20159235 1068.3239292 7.79137558826 7.4324900448 14.8420491084 6.57380568485 395.494085498 407.851961314 414.852255548 27.086627029 33.8749298661 6.19902247111 11.5294517252 5.36441709857 37.210262231 5.55801421671 6.75620935653 7.31831378498 7.60990668168
-9999.0 -9999.0 -9999.0 -9999.0 -9999.0 -9999.0 -9999.0 -9999.0 -9999.0 -9999.0 -9999.0 -9999.0 -9999.0 -9999.0 -9999.0 -9999.0 -9999.0 -9999.0 -9999.0 -9999.0 -9999.0 -9999.0 -9999.0 18.0586705758 19.3520435244 21.3752588015 176.522199019 193.726522056 243.66390717 11.0831125729 163.370671935 175.695046363 5.71590949821 11.5673501238 4.89156721323 1034.09849507 6.00531501557 20.1240296836 26.5155370109 33.1404138468 355.540600327 376.157895334 383.456687876 7.27750406084 14.0295343811 20.3543556477 4.70790686738 4.37610513263 1067.12005417 1071.65730714 1075.623262 1110.53408094 1115.49318546 1122.91631854 1129.30516196
