data/baseflow/mHMbf_acc366.asc
ncols                  80
nrows                 72
xllcorner      4374000.0
yllcorner      5656000.0
cellsize            500
NODATA_value       -9999
[rows 0 to 24 of 72, columns 0 to 54 of 80]
-9999.0 -9999.0 -9999.0 -9999.0 -9999.0 -9999.0 -9999.0 -9999.0 -9999.0 -9999.0 -9999.0 -9999.0 28.2399740744 22.4778718145 -9999.0 -9999.0 -9999.0 -9999.0 -9999.0 -9999.0 -9999.0 -9999.0 -9999.0 -9999.0 -9999.0 -9999.0 -9999.0 -9999.0 -9999.0 -9999.0 -9999.0 -9999.0 -9999.0 -9999.0 -9999.0 -9999.0 -9999.0 -9999.0 -9999.0 -9999.0 -9999.0 -9999.0 -9999.0 -9999.0 -9999.0 -9999.0 -9999.0 -9999.0 -9999.0 -9999.0 -9999.0 -9999.0 -9999.0 -9999.0 -9999.0
-9999.0 -9999.0 -9999.0 -9999.0 -9999.0 -9999.0 -9999.0 -9999.0 -9999.0 -9999.0 -9999.0 -9999.0 57.7758240891 124.761857941 19.5393427674 -9999.0 15.0396401206 -9999.0 -9999.0 -9999.0 -9999.0 -9999.0 -9999.0 -9999.0 -9999.0 -9999.0 -9999.0 -9999.0 -9999.0 -9999.0 -9999.0 -9999.0 -9999.0 -9999.0 -9999.0 -9999.0 -9999.0 -9999.0 -9999.0 -9999.0 -9999.0 -9999.0 -9999.0 -9999.0 -9999.0 -9999.0 -9999.0 -9999.0 -9999.0 -9999.0 -9999.0 -9999.0 -9999.0 -9999.0 -9999.0
-9999.0 -9999.0 -9999.0 -9999.0 -9999.0 -9999.0 -9999.0 -9999.0 -9999.0 -9999.0 27.2192702375 26.8302430473 28.261636002 27.929407894 178.127225258 199.109040112 42.0759194715 13.3660530249 -9999.0 -9999.0 -9999.0 -9999.0 -9999.0 -9999.0 -9999.0 -9999.0 -9999.0 -9999.0 -9999.0 -9999.0 -9999.0 -9999.0 -9999.0 -9999.0 -9999.0 -9999.0 -9999.0 -9999.0 -9999.0 -9999.0 -9999.0 -9999.0 -9999.0 -9999.0 -9999.0 -9999.0 -9999.0 -9999.0 -9999.0 -9999.0 -9999.0 -9999.0 -9999.0 -9999.0 -9999.0
-9999.0 -9999.0 -9999.0 -9999.0 -9999.0 -9999.0 -9999.0 -9999.0 -9999.0 26.4618561362 53.8988087762 107.390515568 54.8909975125 26.8528618321 52.7435684306 224.69999216 300.205071561 15.7483077077 -9999.0 27.7813072229 -9999.0 -9999.0 -9999.0 -9999.0 29.1483103549 14.7007690532 -9999.0 -9999.0 -9999.0 -9999.0 -9999.0 -9999.0 -9999.0 -9999.0 -9999.0 -9999.0 -9999.0 -9999.0 -9999.0 -9999.0 -9999.0 -9999.0 -9999.0 -9999.0 -9999.0 -9999.0 -9999.0 -9999.0 -9999.0 -9999.0 -9999.0 -9999.0 -9999.0 -9999.0 -9999.0
-9999.0 -9999.0 -9999.0 -9999.0 -9999.0 -9999.0 -9999.0 -9999.0 29.0829125448 83.0989468272 108.938985848 134.764933376 187.638656053 24.5879115461 101.259397736 125.243281117 466.235618175 22.0027147758 23.183204203 52.3265233937 76.308807264 25.1012867998 -9999.0 78.3854352712 64.3102372348 18.3172554089 -9999.0 -9999.0 -9999.0 -9999.0 -9999.0 -9999.0 -9999.0 -9999.0 -9999.0 -9999.0 -9999.0 -9999.0 -9999.0 -9999.0 -9999.0 -9999.0 -9999.0 -9999.0 -9999.0 -9999.0 -9999.0 -9999.0 -9999.0 -9999.0 -9999.0 -9999.0 -9999.0 -9999.0 -9999.0
-9999.0 -9999.0 -9999.0 -9999.0 -9999.0 -9999.0 28.2419592018 26.5197771415 26.1362191225 26.5326603367 27.1449157148 189.292566531 403.221350079 429.096495388 451.692860523 22.1997972115 511.441606667 534.648975157 47.5767383085 24.4155996768 99.8229437231 173.42501008 23.7679971846 150.114961927 25.8774640527 24.9375251064 26.5998769616 -9999.0 -9999.0 -9999.0 -9999.0 -9999.0 -9999.0 -9999.0 -9999.0 -9999.0 -9999.0 -9999.0 -9999.0 -9999.0 -9999.0 -9999.0 -9999.0 -9999.0 -9999.0 -9999.0 -9999.0 -9999.0 -9999.0 -9999.0 -9999.0 -9999.0 -9999.0 -9999.0 -9999.0
-9999.0 -9999.0 -9999.0 -9999.0 -9999.0 -9999.0 56.0250169697 82.831210947 188.995561263 266.235138464 24.2284781884 24.6418250768 24.0440679695 71.2717603747 545.24325446 20.0333556974 556.073464155 643.849726041 69.5951248641 45.4901883307 195.18294275 23.8418768137 173.541357299 47.4387773494 23.8245900441 47.9691232315 52.7825520961 26.7887777146 26.9120053012 26.1979266458 27.6121515183 55.1981529178 -9999.0 -9999.0 -9999.0 -9999.0 -9999.0 -9999.0 -9999.0 -9999.0 -9999.0 -9999.0 -9999.0 -9999.0 -9999.0 -9999.0 -9999.0 -9999.0 -9999.0 -9999.0 -9999.0 -9999.0 -9999.0 -9999.0 -9999.0
-9999.0 -9999.0 -9999.0 -9999.0 -9999.0 29.3410386333 57.4183890394 27.8196969865 54.8033190726 293.684584954 344.810160076 395.29053508 1237.20097196 23.7299631754 569.031307384 1988.38940904 2004.61398064 2676.97611753 18.5251526317 66.6585106554 217.038561658 21.5760056914 439.909715562 243.640267456 149.847103363 125.59233552 25.8394505378 79.1944066636 78.6586374467 52.3114490951 25.1318389342 81.0976198943 24.4621558033 23.9345552467 -9999.0 -9999.0 -9999.0 -9999.0 -9999.0 -9999.0 -9999.0 -9999.0 -9999.0 -9999.0 -9999.0 -9999.0 -9999.0 -9999.0 -9999.0 -9999.0 -9999.0 -9999.0 -9999.0 -9999.0 -9999.0
-9999.0 -9999.0 -9999.0 -9999.0 -9999.0 29.1316600196 85.4573569826 170.920069332 197.71620164 392.43331078 418.411938287 499.038039301 818.232588355 1305.39077399 1354.3890045 1377.65466034 43.1356028313 2753.32801921 2791.23342244 2901.0642317 3646.25487175 506.834735954 463.591600258 173.063484631 22.8424494057 149.992211033 102.467068498 22.3023813821 102.198482876 22.8751146756 47.0708670474 128.340655456 152.02455397 47.0910112481 23.3401607268 22.2925628281 -9999.0 -9999.0 -9999.0 -9999.0 14.9892267897 12.8862539134 -9999.0 -9999.0 -9999.0 -9999.0 -9999.0 -9999.0 -9999.0 -9999.0 -9999.0 -9999.0 -9999.0 -9999.0 -9999.0
-9999.0 -9999.0 -9999.0 -9999.0 -9999.0 28.4068338297 27.5636925634 113.515534829 140.68836357 168.533478275 27.2787061528 54.1231137146 301.399183913 55.6040357587 26.8772591768 25.1918975547 23.3358570758 25.7928738437 24.2377313272 25.0141260244 3669.27473011 3733.91797945 21.3470898406 66.30117942 45.4215956141 172.172061597 45.1170252033 21.6026629506 126.347713009 44.6202207697 106.13991096 265.481530322 245.855711941 70.4099808486 68.2303151334 23.2384215836 22.7417752749 -9999.0 -9999.0 22.5826902891 34.3611812973 74.330955241 13.6744153829 -9999.0 -9999.0 -9999.0 -9999.0 -9999.0 -9999.0 -9999.0 -9999.0 -9999.0 -9999.0 -9999.0 -9999.0
-9999.0 -9999.0 -9999.0 -9999.0 -9999.0 -9999.0 29.0425850943 29.3771638151 56.6108640142 84.1753374776 193.015567133 247.58036545 275.720996488 29.2845309918 24.553428177 315.243988306 390.312268962 413.804834075 510.988446644 532.991735549 22.1238057552 3756.43528522 3865.60427567 87.0851844173 17.6350016706 191.763705695 425.112502406 168.551266187 41.4561526287 20.6298340937 412.852899827 286.977340239 21.0591352596 20.7270975659 89.499664841 67.7046735777 21.8826294877 20.8639079943 21.9322831423 43.9806753588 20.7064713222 90.474320532 110.630043515 18.8344644194 -9999.0 -9999.0 -9999.0 -9999.0 20.5216617534 19.4127762076 4.79847104307 -9999.0 -9999.0 -9999.0 -9999.0
-9999.0 -9999.0 -9999.0 -9999.0 -9999.0 -9999.0 -9999.0 28.7604251185 26.1358672401 54.2789917583 82.4321592982 27.4215098269 26.387863524 161.476569071 213.840466701 267.226103235 26.0160431836 49.762065661 25.3490659425 556.210625449 1223.6676366 1238.89932716 5144.81091134 21.2987338634 50.7297964791 15.7733040332 445.153970992 20.7391906847 62.4411640769 20.4617609619 433.602533695 454.394028571 42.2743292867 41.2962569187 223.082251129 111.56553021 42.8985051825 22.0262939039 43.6424019496 65.3866747595 106.217563572 19.8628386658 147.897657847 165.648647871 16.1290511407 17.1228837166 17.5140917165 16.1949930896 15.3098429622 56.7292409798 20.5187857382 13.0441007673 -9999.0 -9999.0 -9999.0
-9999.0 -9999.0 -9999.0 -9999.0 -9999.0 -9999.0 -9999.0 -9999.0 54.0063331061 78.6001071816 27.1089891597 54.9967079083 82.1217446769 136.535678991 27.7549017118 26.8454830796 23.8746820692 24.0561099271 21.9297929708 620.15202734 25.9970692328 50.7369235817 5213.07399192 5261.5250562 23.2330475005 97.1437553831 562.046142168 40.0893252292 80.7821244207 37.6933353734 55.5060462112 533.653360455 60.9622219872 321.568172331 262.138738067 19.6605781393 105.719741528 42.6933924383 63.384822736 19.4661767552 125.434707379 163.511057029 179.203516335 194.176989184 226.515214008 30.6802385988 31.820848827 29.5305235237 27.5674871165 70.7943885252 13.8822891789 47.8121000326 59.9243900732 -9999.0 -9999.0
-9999.0 -9999.0 -9999.0 -9999.0 -9999.0 -9999.0 -9999.0 -9999.0 28.0193445049 134.225632816 160.774773797 26.5454018645 52.7992113797 26.2037006191 25.0466625758 24.691419282 308.006210703 412.355895547 507.84256529 603.836584065 24.1745427003 25.2470466352 26.3982626342 5368.63866896 5418.18152255 5440.54855449 748.023849239 161.534641091 139.961554748 17.4845094809 72.5512609893 624.042864108 17.5805846626 339.510332903 19.3040346865 135.280917959 126.813011411 20.2696376717 83.1052884926 38.9887275006 57.8067566262 17.8934307286 14.7410248452 208.980362382 222.444668966 239.94466293 46.0322249337 43.1224118039 40.5926755205 85.7806772562 113.9149933 14.0388228387 72.6709368786 13.3501584531 24.7303561852
-9999.0 -9999.0 -9999.0 -9999.0 -9999.0 -9999.0 -9999.0 -9999.0 -9999.0 28.6660399962 188.443147034 214.585001799 79.1080277814 131.843290794 182.730701075 208.712291799 27.1222784521 79.8702044024 54.5385863087 28.1417024399 27.7790945026 25.4076714007 50.9923124757 85.612643858 29.212905815 6240.21711048 6264.01291891 21.9339550968 17.0616189044 34.7143511548 51.6581571777 675.581839601 34.4098234063 355.231370574 206.187357273 170.001116191 18.9736061315 38.6344792053 100.636578033 17.5335750156 74.5617436059 34.894489176 25.8746980355 11.8817465748 258.608159389 509.687466587 55.9548425934 53.2875882009 52.4164977619 11.7920464705 125.391036976 11.145432947 97.422628436 11.2995181834 35.9705749566
-9999.0 -9999.0 -9999.0 -9999.0 -9999.0 -9999.0 -9999.0 -9999.0 -9999.0 -9999.0 26.5981304787 268.026725317 26.1432545098 52.5190547827 77.5610413112 127.188762499 25.4022489912 52.3581737478 26.5022571928 24.8815545711 24.1069243505 47.7549854712 21.7351084769 25.2118268746 50.9881811845 27.7101931839 6287.62177972 6332.00290538 6395.24489523 70.5805814105 17.0656638016 34.0437670974 693.415676555 646.869299765 242.791487187 18.0189326071 75.6733692197 56.9979867803 118.220530059 34.9857480079 143.84274949 52.0203313832 40.4667902546 9.55276622462 12.1392303537 524.113313107 536.580278334 656.655795532 89.4595101332 24.3857034391 137.861902397 161.197998803 269.15579195 22.6264584982 10.0398085567
-9999.0 -9999.0 -9999.0 -9999.0 -9999.0 -9999.0 -9999.0 -9999.0 -9999.0 -9999.0 -9999.0 13.554746656 297.641956527 25.2509723884 49.694496938 225.70795305 25.21473682 24.9053494901 22.631568443 48.4365559354 24.2839103832 96.1733030613 139.610520792 159.529784792 70.9762630389 91.6933068643 23.1822653105 26.7022355306 23.7350861996 6502.88889806 6553.42123984 709.839547141 678.980624145 663.073368072 32.4861431573 15.6999375243 92.1364437363 243.358042727 134.784872374 51.2936773913 211.389844784 85.870195693 70.3914029838 18.3085572016 7.29791927012 7.28826565475 8.12677464905 696.678682179 821.775393667 11.568540442 10.2878869685 11.1281289339 279.20051107 311.146786877 17.629557478
-9999.0 -9999.0 -9999.0 -9999.0 -9999.0 -9999.0 -9999.0 -9999.0 -9999.0 -9999.0 -9999.0 12.3608488114 328.464809166 406.614274238 24.6349215866 274.40549382 23.3803756521 22.2973784458 45.5972042821 117.571864339 23.3422928175 24.696801138 21.3727844788 201.808095041 222.045804255 335.200737644 378.92539342 401.592900217 423.531182965 445.498993925 7020.41122664 7770.0516284 8485.49234183 8501.13934263 16.7543739144 15.7613254402 276.47833614 260.030958652 16.2515502883 16.1749043762 226.907703844 329.533156401 13.7720094085 155.794479334 143.907402348 37.0699187935 17.6407709253 28.9481276741 13.2215527948 844.132405245 11.3079696509 31.9927107333 40.3032105143 379.364766812 402.5730502
-9999.0 -9999.0 -9999.0 -9999.0 -9999.0 -9999.0 -9999.0 -9999.0 -9999.0 -9999.0 -9999.0 27.6940965393 54.0596834711 432.397146498 478.140044008 23.2310933374 316.837572435 19.8273055516 62.1316998369 138.556442964 44.8264032871 21.3516655313 44.6301928242 18.6691903713 36.2115442227 17.5796932307 16.6148382315 14.5212367022 14.1921285815 14.5892245736 15.3475752645 19.5823318685 21.9782574407 23.2085658875 8557.36388867 336.437306226 306.450085381 14.0508477657 46.7287297959 10.7970711745 8.75677938658 344.551010395 546.535812518 172.526870496 128.031200762 21.2688682306 8.9621098996 8.07730818637 18.5841387616 874.262557582 895.77961859 11.1966872226 11.2169386917 10.1297331956 6.75205507791
-9999.0 -9999.0 -9999.0 -9999.0 -9999.0 -9999.0 -9999.0 -9999.0 -9999.0 -9999.0 -9999.0 -9999.0 24.1099779355 329.819143229 832.238592964 906.912666725 1245.46415618 1264.1336239 306.275709338 226.412320439 66.586505886 20.9678023517 86.2053899518 106.419285026 160.723200058 36.2407021699 33.9547415053 32.2936699766 63.7167100643 31.4264583904 31.5167682971 14.7041509051 11.1907354732 13.3353150395 8574.71215394 8919.41238217 8935.18685364 14.5362414909 126.412432487 50.3567547727 15.7008435447 597.408215987 35.8959589204 18.5316181899 75.8908053797 16.0412004482 12.8691781893 23.9953593657 33.3903456974 43.8968525752 914.149140164 8.69872806973 7.49894226957 7.48949851585 5.60322403947
-9999.0 -9999.0 -9999.0 -9999.0 -9999.0 -9999.0 -9999.0 -9999.0 -9999.0 -9999.0 -9999.0 26.1847342193 250.098808262 304.634170314 51.4217344981 14.7032334246 33.7130565509 1319.73343368 1338.45223265 1662.5603591 18.6329584107 39.3614178971 17.2988768777 17.6002318716 178.339955943 232.132899472 282.393295766 15.8620616931 79.7691818304 126.886846744 75.8272406187 29.7171799059 23.7291464396 23.2776353922 23.0956500623 13.3869923186 8948.90881343 8960.23837397 9110.36432313 26.8148210048 13.9611941337 608.930595328 37.0592723917 19.2534386376 20.6677836006 20.5590515457 17.7684447151 31.6457042442 89.0025109287 144.443391607 1067.26892919 6.48036863827 19.383589288 13.0895590184 10.5481788224
-9999.0 -9999.0 -9999.0 -9999.0 -9999.0 -9999.0 -9999.0 -9999.0 -9999.0 -9999.0 -9999.0 26.7325730647 173.649413754 27.840252556 24.9888661891 129.040905535 151.831709356 174.5406685 194.960262225 2272.59563702 2290.32692377 2326.54572479 2606.18009177 2660.49815134 2692.81519726 2711.26904716 3033.2221673 3075.72988782 3092.83385881 3238.61053289 3332.28714354 3347.45730326 3399.68620488 37.0739462798 33.8085596151 9.31039160441 9.9408596692 8973.23481116 9161.90399989 40.1673916633 702.907346118 690.307669114 70.5295137968 16.8704240543 17.0242873259 16.4464114338 16.0314316977 32.3641406934 45.8978892369 13.1088957395 1075.61124646 1084.47257007 1124.3361271 1131.40528064 1148.38167475
-9999.0 -9999.0 -9999.0 -9999.0 -9999.0 -9999.0 -9999.0 -9999.0 -9999.0 -9999.0 -9999.0 89.408556126 118.50654005 56.3692640064 83.7680474393 27.1252716968 302.410313276 326.460546001 374.147340362 394.377364701 156.954520666 2513.76067958 2531.45572955 18.2737457615 14.0710763634 13.0808027499 28.4016186325 14.1949945744 11.3226735225 10.2603364552 10.7491287418 3362.25463075 3414.59877626 3466.19627943 3512.01582142 3547.39500137 16.5347039552 5.55769150618 9898.42509922 725.937801832 716.185115932 14.1979461058 13.7769925828 12.8481476482 29.9209122259 29.3884255048 12.7972890248 12.8937358947 11.0003529506 23.7152251821 31.1768687542 6.00826091225 10.6640411891 4.03090922026 2.33017500034
-9999.0 -9999.0 -9999.0 -9999.0 -9999.0 -9999.0 -9999.0 -9999.0 -9999.0 -9999.0 -9999.0 -9999.0 60.6992714693 28.7299274276 27.0136699876 254.166453039 279.131696231 24.9488758062 97.2984241076 120.023845065 140.476819726 22.2037713535 17.4539084765 397.231241607 412.272485635 426.763657151 1094.74503384 1106.85228553 1128.60243253 1229.14011296 1289.07219618 1298.11298466 8.114013336 8.7563129772 8.33175186867 3563.87823715 7.58953057732 10019.6521439 10008.3335806 99.8805730975 87.5356354428 54.1101185439 13.5952403651 25.437552113 42.8488503086 42.4249335932 25.0145018014 12.295577439 23.1131296782 21.4813656042 39.7527056519 4.74438836 15.0606960238 25.3605550945 30.29966341
-9999.0 -9999.0 -9999.0 -9999.0 -9999.0 -9999.0 -9999.0 -9999.0 -9999.0 -9999.0 -9999.0 -9999.0 31.164295612 88.6860844475 116.698640354 200.741970674 24.958774684 50.7378618639 74.9217642961 287.786712527 308.197850447 324.679769835 343.554976038 363.948741739 562.986086566 622.232582971 655.580613473 14.1305236029 77.7631465856 91.0734226046 1260.15467466 1309.64665038 1330.36986009 1351.53374728 1369.69452163 4942.39741225 6.60149360603 10053.6884848 18.804439244 8.32602240503 74.2239841177 64.2159905037 8.4060249737 35.3264746937 52.6906222296 52.2663627356 33.854588718 55.0114463405 85.642929608 29.5075263456 76.3081981808 4.99025479868 7.49595644174 1.81528613052 1.33929162055
