data/baseflow/mHMbf_acc555.asc
ncols                  80
nrows                 72
xllcorner      4374000.0
yllcorner      5656000.0
cellsize            500
NODATA_value       -9999
[rows 25 to 49 of 72, columns 0 to 54 of 80]
-9999.0 -9999.0 -9999.0 -9999.0 -9999.0 -9999.0 -9999.0 -9999.0 -9999.0 -9999.0 -9999.0 -9999.0 30.2461252135 60.1492022575 28.1345138792 56.1289156458 25.7454960764 194.04686806 243.029841081 268.856090639 24.1703948443 46.8410355617 436.296439243 545.329500788 566.45510949 43.4359613223 48.2717650464 72.2709102781 16.9661769891 15.8990445978 30.4403295699 12.7486617053 667.100200439 680.772039886 695.29790553 5404.50066168 10117.4948726 10019.0555577 24.8424282722 10.9547091814 9.96442364044 39.0022959598 29.0278176034 61.4622542841 81.663920993 162.222664913 15.1041958509 15.0799888828 134.615607356 149.45978497 290.921702093 300.831715994 327.8736578 339.151708441 11.0319565568
-9999.0 -9999.0 -9999.0 -9999.0 -9999.0 -9999.0 -9999.0 -9999.0 -9999.0 -9999.0 -9999.0 -9999.0 -9999.0 29.4922291927 58.6752356066 87.8906246529 141.057533492 27.6440821871 25.4806998457 166.596874447 190.06814046 391.411957087 415.514590992 67.5937609121 23.1654088371 21.4196532641 22.4459248785 575.624362057 592.744776856 610.42029391 626.076484124 653.57122876 140.289645442 151.802698326 863.877595078 16391.5839994 82.6293116619 69.0822087474 35.7151033102 8.97002344922 8.56348124307 59.1648074539 66.8736870281 80.160132803 9.4850891069 173.691646024 28.2003016392 27.9300947071 8.62580493434 6.1574549034 5.35933452464 4.2994493879 5.35660004063 344.483804005 4541.57424193
-9999.0 -9999.0 -9999.0 -9999.0 -9999.0 -9999.0 -9999.0 -9999.0 -9999.0 -9999.0 -9999.0 -9999.0 -9999.0 -9999.0 28.2217217881 50.7825072792 70.429653271 90.4414043403 116.081355468 142.313708248 78.3187373449 129.801669747 24.099011978 22.9753269396 469.318109633 513.668949352 534.510954675 557.483356789 18.7245190734 35.1656437424 90.0423406809 110.60773563 127.124733865 13.6192713549 9.23723690696 16422.0737599 12.8615276966 20.3795206885 11.9348013583 36.7067002186 17.0418176216 10.1992933822 155.439630006 161.084298969 5.28740189978 179.162426588 217.051892232 39.9361310782 4777.08644568 4761.42437148 4748.90231932 4726.0544089 4718.0255462 4573.95221126 4567.37876658
-9999.0 -9999.0 -9999.0 -9999.0 -9999.0 -9999.0 -9999.0 -9999.0 -9999.0 -9999.0 -9999.0 -9999.0 -9999.0 -9999.0 5.25321930877 11.9335377439 20.2630597938 181.31238152 208.135654279 27.0048071037 26.533169297 26.1463872831 378.190733772 426.727289588 23.2836460442 24.5900532035 19.3242033404 84.6821605906 106.047549782 57.0367533087 73.6183389909 493.24668864 511.807852485 539.915480716 876.142582294 17304.8612518 13.0978503571 10.2516186199 56.2970417292 46.6234075841 5.90526951374 22.5687667505 28.7858713906 168.046904493 173.807753626 404.581598574 220.145750098 45.4464162512 4904.75163182 54.3127058251 4737.90240001 4732.25360353 135.867217834 3.75929857434 20.78383885
-9999.0 -9999.0 -9999.0 -9999.0 -9999.0 -9999.0 -9999.0 -9999.0 -9999.0 -9999.0 -9999.0 -9999.0 -9999.0 -9999.0 26.3489946633 43.3070925643 90.7437103383 157.771439078 226.411779232 276.495705377 303.139459036 329.955912117 355.436450133 23.5153825436 22.5503807399 44.5455061484 41.3782540191 22.4174176442 423.499396274 444.444150723 464.145706944 482.874188339 291.17203453 311.040468643 326.650567416 17310.6097058 21.1608038371 30.4532775969 92.939782437 9.27115619581 11.2962170349 5.61121428743 5.75172272687 33.9801744009 4.70902254176 5.09079022777 5336.96898773 4928.49277265 4923.34671878 20.4748542271 46.2358067536 30.7288767233 7.92889308114 127.803496106 37.7868730064
-9999.0 -9999.0 -9999.0 -9999.0 -9999.0 -9999.0 -9999.0 -9999.0 -9999.0 -9999.0 -9999.0 -9999.0 -9999.0 -9999.0 18.4249703001 17.0479219499 33.3284445497 50.7296702684 26.3011656135 29.4422215841 56.2826959863 83.2600890088 134.428317258 159.370933139 182.51438266 251.384253156 273.700723335 297.191960754 21.9446618352 215.050877879 235.006262054 254.996534501 18.4148911809 12.4083789911 21.4058438385 17662.1914614 17667.8516438 17701.7538241 117.581497808 18.3335733743 24.8573150261 8.47425216434 10.3287174162 38.6154520989 47.4972557164 9.36672585716 5359.60680369 6.83030699515 11.1111666839 12.4943312135 8.62087077058 17.0033690619 6.94472685264 80.9894527992 65.4128356519
-9999.0 -9999.0 -9999.0 -9999.0 -9999.0 -9999.0 -9999.0 -9999.0 -9999.0 -9999.0 -9999.0 -9999.0 -9999.0 -9999.0 -9999.0 16.1085854018 31.8820952408 15.9421374672 33.8713838775 208.330940471 231.352039579 258.085991054 25.1837442452 25.5306927699 47.9647810609 71.788912646 114.502093805 136.437484519 150.44522531 171.968833106 18.7083130798 18.5934088892 297.620925307 309.34701205 317.125251801 324.090689463 266.442952453 17997.334364 18160.5200535 18167.3045939 18198.2646566 18231.5298442 18246.7844243 4.66172854933 51.635763024 5364.14039152 11.1144994202 5.70806793422 5.07928117908 4.64138122193 8.28051924047 8.9848279212 5.19296785461 7.75652945809 7.81591164758
-9999.0 -9999.0 -9999.0 -9999.0 -9999.0 -9999.0 -9999.0 -9999.0 -9999.0 -9999.0 -9999.0 -9999.0 -9999.0 -9999.0 -9999.0 -9999.0 47.4353735678 64.3630160345 114.924422415 154.760492667 21.975905298 308.854282495 333.621048888 357.581042658 24.3300207374 48.0124449441 21.7127035606 161.829871403 174.773318747 195.632439357 219.112943338 271.639796738 281.17127452 5.99860488283 240.145970227 253.887567037 259.95258285 289.607837402 39.6272106115 25.7048618256 16.8645545961 15.0903652113 18266.7095654 18275.7180929 18364.3019431 5368.58024215 29.7057519032 14.6117255631 9.27730755875 3.34556919371 27.5447814092 15.1089189651 4.72586144623 25.9717905497 21.9809878788
-9999.0 -9999.0 -9999.0 -9999.0 -9999.0 -9999.0 -9999.0 -9999.0 -9999.0 -9999.0 -9999.0 -9999.0 -9999.0 -9999.0 -9999.0 -9999.0 17.1863767867 81.1285218325 98.926647823 23.0383285682 27.625032869 55.4067315785 81.4477122272 463.892805524 24.3548395395 97.3997282771 119.786806146 141.710993119 14.0415339033 33.3117871829 45.6809111746 189.823661593 215.486571587 220.836971294 6.65848621077 7.27599034682 9.40748744507 16.9519405684 7.88625128422 8.55306058067 14.8772599512 11.1220723133 13.2798557627 32.0402270398 18372.2973454 23760.6654497 39.7238184225 8.93391732005 3.91975907396 88.0295778131 80.6554236314 48.2338868943 43.360253064 32.6982347253 7.54443496006
-9999.0 -9999.0 -9999.0 -9999.0 -9999.0 -9999.0 -9999.0 -9999.0 -9999.0 -9999.0 -9999.0 -9999.0 -9999.0 -9999.0 -9999.0 14.2925519497 47.3552111561 15.753835993 27.2504016656 29.631335733 57.3600968227 84.3927037649 106.963478417 587.812814615 611.652117947 24.4458112786 47.117144574 70.3099062709 87.0598391886 106.575075379 170.728800923 183.079086691 18.3901738198 12.2180421694 10.8109512626 9.29577916714 15.1444976091 14.390003702 15.1367824419 16.6019133597 49.2505155314 20.2856958316 6.42781933457 6.14636048524 7.0168383929 13.3118804585 24052.4813691 245.709980771 106.049443726 7.25267329219 3.12302549508 2.7980473765 10.7324106239 7.79337252626 4.14789635817
-9999.0 -9999.0 -9999.0 -9999.0 -9999.0 -9999.0 -9999.0 -9999.0 -9999.0 -9999.0 -9999.0 -9999.0 -9999.0 -9999.0 14.5812285777 29.0275210316 106.460436209 15.4219555894 49.3678429811 78.5665788697 106.408118234 28.2146166478 53.8299216489 74.2324240343 701.98188357 23.3813087289 44.9857410088 67.7454076599 20.8168543433 41.5691222791 59.5096391744 72.4104377272 1461.30957174 1486.96584126 1514.93018874 1626.05694581 1661.59613929 1740.94052263 35.0330897034 71.9178271821 66.4586358987 2011.70922781 2024.62946176 5.72224562607 11.1301908364 16.2708201672 24056.6088998 229.708095918 114.246681744 110.482959556 80.8266144877 68.5268116702 14.2476871668 3.21338632036 6.70777120391
-9999.0 -9999.0 -9999.0 -9999.0 -9999.0 -9999.0 -9999.0 -9999.0 -9999.0 -9999.0 -9999.0 -9999.0 -9999.0 -9999.0 14.8747124071 45.4630682051 167.195678169 248.099360858 14.0455021381 329.015182604 452.118671202 27.192202541 52.8282568288 74.910229078 915.848876448 933.216469551 20.2633101077 108.987568304 128.592026971 147.091601967 1296.48425827 1348.03553972 1373.88812525 12.6591131343 74.5803997634 90.618934921 36.9181664983 53.2605520857 1816.10717242 1911.88671986 1925.16833942 1937.75326639 2039.95448642 7.48611787976 6.60760251797 28.0370489947 24061.9569408 5.52396052953 8.85397689501 26.4735559392 9.49493721273 62.9380267724 45.0792934796 26.3569677153 19.2763556414
-9999.0 -9999.0 -9999.0 -9999.0 -9999.0 -9999.0 -9999.0 -9999.0 -9999.0 -9999.0 -9999.0 -9999.0 -9999.0 -9999.0 -9999.0 -9999.0 32.8748548531 66.4024797223 295.710832272 312.95558839 467.248774398 484.115177242 26.820684253 53.5598071612 124.875513816 948.451793583 989.021759086 1006.44922996 14.9981618577 1076.21363849 1131.3133055 33.4692523807 12.0513130946 23.7082109902 46.217187402 11.0842622756 22.5010204969 50.8046682182 63.7986974313 12.1306415728 8.47382116366 16.8936154109 2104.31247612 2129.93013339 2135.64894277 2178.71141445 24066.8003979 3.65597050951 6.70730599441 7.7719338966 7.34885274119 7.50835102864 6.441788287 12.1506943994 2.3292628892
-9999.0 -9999.0 -9999.0 -9999.0 -9999.0 -9999.0 -9999.0 -9999.0 -9999.0 -9999.0 -9999.0 -9999.0 -9999.0 -9999.0 -9999.0 -9999.0 17.3404372924 16.9696408403 16.9707598247 34.995512862 15.574655874 514.939244434 530.579804827 24.0052237684 49.1038122837 24.8489183415 21.2562911269 20.769753823 1046.67867907 19.0396141648 38.683671941 16.8141171861 12.8673298665 11.4667496086 9.31929212852 9.65042726536 29.3899751251 40.1042368488 8.15134535168 7.37261871627 15.7576561722 25.8488764407 33.9432648334 11.975407228 2144.56873426 2184.78641963 24070.2675669 26.7254772879 19.4884102847 5.2750083413 11.5252796577 4.26458791281 3.22778117836 15.6740567978 12.4565278269
-9999.0 -9999.0 -9999.0 -9999.0 -9999.0 -9999.0 -9999.0 -9999.0 -9999.0 -9999.0 -9999.0 -9999.0 -9999.0 -9999.0 -9999.0 -9999.0 -9999.0 -9999.0 16.8292764615 50.5077048372 64.4689062402 79.504112914 545.17736829 559.70041736 574.716979516 593.253392088 613.784852195 656.15846011 674.043620814 692.462895723 707.269856675 11.5947869844 10.9873655706 11.3724865215 40.4028936054 10.5808230905 10.1298401896 8.25307680576 24.1718597931 9.41660356466 7.53619132676 7.04760949996 5.95098913639 11.8785172868 17.2648751741 2220.98028584 26322.0007386 3.44043062551 7.43061038973 4.64053716971 16.036757744 9.17633609969 6.49480456641 38.395908214 20.8352170296
-9999.0 -9999.0 -9999.0 -9999.0 -9999.0 -9999.0 -9999.0 -9999.0 -9999.0 -9999.0 -9999.0 -9999.0 -9999.0 -9999.0 -9999.0 -9999.0 -9999.0 -9999.0 -9999.0 14.1187554492 112.020591093 222.324859556 238.483001864 22.4214620869 46.8213408194 72.3871473495 95.0527460605 237.878412927 250.964458365 12.5016426716 12.4403804607 735.861972037 760.174834839 770.53391193 48.747597631 7.75023969048 18.8990929618 27.6694239676 81.6972924758 99.7983612381 114.549399794 13.6493484311 19.2205333547 6.55087638661 12.9411088433 6.61458195221 26334.2012912 3.35804701779 13.7303278892 8.59308554826 27.8709988978 54.5912552152 62.7352017671 102.803024817 26.6150501806
-9999.0 -9999.0 -9999.0 -9999.0 -9999.0 -9999.0 -9999.0 -9999.0 -9999.0 -9999.0 -9999.0 -9999.0 -9999.0 -9999.0 -9999.0 -9999.0 -9999.0 -9999.0 15.7212753346 50.0404378946 98.1058205705 128.250129055 331.5746522 350.468124855 52.6071715047 77.9873955305 100.249780135 122.66503901 267.267701219 293.869403195 537.495996869 557.520135539 573.469059556 780.984345868 857.592464176 18.5308499999 11.8417717374 11.3895749538 21.9634113077 10.0641323299 133.706370781 140.907245428 25.9637611971 35.0216469623 11.707811143 6172.89923687 6189.09179912 32530.8833949 32549.2811791 3.30428838957 34.6278639693 7.965310221 6.89665502117 118.020029551 148.330053491
-9999.0 -9999.0 -9999.0 -9999.0 -9999.0 -9999.0 -9999.0 -9999.0 -9999.0 -9999.0 -9999.0 -9999.0 -9999.0 -9999.0 -9999.0 -9999.0 -9999.0 -9999.0 -9999.0 17.8853130271 17.4705143805 33.1091134454 78.7829322733 365.244717824 26.9332749561 26.6370509453 49.2608193829 72.1310487343 184.830340318 204.659370371 14.112136508 12.4922458476 588.174371346 599.718214412 1470.36868475 1483.40893256 7.30910644086 6.54584795497 5.64910622414 5.69952461885 6.03312818656 6029.8451689 6073.93949888 6116.71123207 6136.27602484 6163.58576838 7.54006071677 28.3518264437 35.1280814067 32595.6948383 32598.2286975 32600.9052313 32607.8414306 32614.2058941 159.579178063
-9999.0 -9999.0 -9999.0 -9999.0 -9999.0 -9999.0 -9999.0 -9999.0 -9999.0 -9999.0 -9999.0 -9999.0 -9999.0 -9999.0 -9999.0 -9999.0 -9999.0 -9999.0 -9999.0 -9999.0 16.0840352306 16.8073667965 31.2861299037 426.457145661 442.977867248 26.3176789085 49.2582428291 72.3869413934 93.5995609394 19.7494589985 36.0588849449 1124.28723211 1136.15767737 1149.57076702 1242.23022145 2737.63404689 5753.7056103 5770.41244383 5785.88303886 5800.70511418 5862.08704625 5881.53955156 37.2306071295 17.1431636441 9.67000906449 18.3426119974 14.2297850524 22.2347020223 6.80916191058 163.103555368 178.494322882 189.441294191 192.526115016 32617.6483983 32786.461604
-9999.0 -9999.0 -9999.0 -9999.0 -9999.0 -9999.0 -9999.0 -9999.0 -9999.0 -9999.0 -9999.0 -9999.0 -9999.0 -9999.0 -9999.0 -9999.0 -9999.0 -9999.0 -9999.0 -9999.0 -9999.0 16.4357116771 31.5642484412 46.7595579597 455.790938507 18.7430146715 635.396602005 659.468668009 680.190544458 697.680477032 1055.31927828 1072.90723162 13.0216438357 66.3733556588 81.7545470093 13.0818297292 2999.25133582 2975.46958471 8.03592937296 17.8727994319 47.9756869799 10.5063851006 11.0403306899 8.8419441641 7.64967810054 6.15843803067 6.93201417377 140.774164507 147.760732076 155.952134284 10.2323165896 7.3361569894 196.345860991 200.224667714 202.455205221
-9999.0 -9999.0 -9999.0 -9999.0 -9999.0 -9999.0 -9999.0 -9999.0 -9999.0 -9999.0 -9999.0 -9999.0 -9999.0 -9999.0 -9999.0 -9999.0 -9999.0 -9999.0 -9999.0 -9999.0 -9999.0 15.0183329631 14.1487384238 73.4233533124 559.570588072 593.474953498 612.479833583 24.1289620246 308.846638686 328.810748778 338.163188048 15.9860905617 30.7045589921 43.6507020216 705.813547267 715.999891837 725.101562107 2958.48051138 1730.2559553 9.612834358 10.1694385316 9.87491691581 8.1182573685 85.1381086001 102.108051899 117.22386846 125.418269786 133.353669765 906.898989271 913.255484228 921.932099101 940.167054796 1025.33889609 1028.48121857 1234.079251
-9999.0 -9999.0 -9999.0 -9999.0 -9999.0 -9999.0 -9999.0 -9999.0 -9999.0 -9999.0 -9999.0 -9999.0 -9999.0 -9999.0 -9999.0 -9999.0 -9999.0 -9999.0 -9999.0 -9999.0 -9999.0 -9999.0 29.5108047757 45.147394317 16.90498534 27.1705262704 217.102800736 241.935044134 263.065709748 141.240493655 162.113322078 182.558755895 196.732820679 683.06178535 696.456234915 472.177084434 1208.59027479 1219.24547769 1722.0107155 21.0572300126 10.7018338852 8.09860605815 58.9903454161 69.0149709259 6.79078000797 6.4155059683 879.238467315 894.222669133 901.330776458 7.94143305919 12.4473630806 1008.77326813 7.84172825241 26.5435858533 29.0498255645
-9999.0 -9999.0 -9999.0 -9999.0 -9999.0 -9999.0 -9999.0 -9999.0 -9999.0 -9999.0 -9999.0 -9999.0 -9999.0 -9999.0 -9999.0 -9999.0 -9999.0 -9999.0 -9999.0 -9999.0 -9999.0 -9999.0 14.8546520332 29.4235087678 125.599582441 143.033313992 164.82370865 97.5077884067 120.265224531 21.4799136304 434.187616812 454.388287087 473.215601836 14.8763581378 446.993701357 460.741898965 11.0171211775 1667.5790548 23.1464902328 11.5141912553 31.7253471593 42.4577892085 8.5924414825 7.2469001657 802.527158397 865.558998621 874.213901007 8.95303721096 20.7184472201 25.9691993218 33.0498150462 62.1325751112 9.75479770697 21.8919276809 3.97324272139
-9999.0 -9999.0 -9999.0 -9999.0 -9999.0 -9999.0 -9999.0 -9999.0 -9999.0 -9999.0 -9999.0 -9999.0 -9999.0 -9999.0 -9999.0 -9999.0 -9999.0 -9999.0 -9999.0 -9999.0 -9999.0 -9999.0 14.7397390613 46.6540440485 81.4951299999 20.3540341996 46.8999245037 73.5620215908 348.015203289 371.591732205 392.751100017 20.0999704796 344.452569538 404.059055398 420.502640411 14.2286552435 1620.31131406 1646.06186837 12.3040451809 11.4558756299 22.9361089386 9.81669484073 754.054846163 771.743082467 781.949351685 39.5512673217 49.0105512294 8.44096069146 15.0951139646 6.70532297057 47.2464901082 6.57796938682 5.74448571642 6.11334824138 5.86768448766
-9999.0 -9999.0 -9999.0 -9999.0 -9999.0 -9999.0 -9999.0 -9999.0 -9999.0 -9999.0 -9999.0 -9999.0 -9999.0 -9999.0 -9999.0 -9999.0 -9999.0 -9999.0 -9999.0 -9999.0 -9999.0 -9999.0 -9999.0 16.5084467156 18.2175274814 23.8363478589 222.672455885 248.635065726 324.366019996 23.5471712836 260.302417733 305.55795109 20.7287388678 41.6062209462 16.9708520992 1577.18684116 16.9056430917 42.660855119 52.9563654101 64.2750758268 686.785693638 725.370873944 736.485226731 11.1054311268 20.8476112776 29.8325149375 5.99569263102 5.54823357907 1717.83466531 1723.27042531 1727.56864341 1770.75731077 1775.94428762 1783.08394786 1787.78709758
