data/baseflow/mHMbf_acc510.asc
ncols                  80
nrows                 72
xllcorner      4374000.0
yllcorner      5656000.0
cellsize            500
NODATA_value       -9999
[rows 25 to 49 of 72, columns 0 to 54 of 80]
-9999.0 -9999.0 -9999.0 -9999.0 -9999.0 -9999.0 -9999.0 -9999.0 -9999.0 -9999.0 -9999.0 -9999.0 24.2602441826 47.9572865675 22.0480847782 44.3048301181 19.6323146397 149.343101347 187.593474912 207.303717893 18.2294519866 34.1583217216 338.126123429 417.615229243 430.450151607 31.907979253 29.8208692361 41.3158004678 6.74813718005 6.0800714071 11.4587881959 6.05625757818 518.519972806 525.7416641 532.163002539 3915.98944119 8304.80040212 8256.9844583 7.88520639875 3.58001299367 3.0908622721 14.2414683005 11.4382188631 38.4329578315 55.8928917316 113.363927524 9.73121005575 9.67396931895 89.1465564754 96.8769290792 186.05908549 190.469152891 199.043893626 201.600885592 2.18494989604
-9999.0 -9999.0 -9999.0 -9999.0 -9999.0 -9999.0 -9999.0 -9999.0 -9999.0 -9999.0 -9999.0 -9999.0 -9999.0 22.1080043944 44.5141567447 67.2095336657 108.257143567 21.5990416737 19.7491573854 138.633195527 156.748815972 307.939802627 326.3812219 51.2663081995 17.6714789688 16.1009384101 14.4949249366 477.565894283 486.725091001 494.180588461 500.005181279 512.016029035 79.5003789951 86.7048146376 626.766560395 12851.6849965 36.7199677674 29.1796506025 12.77484721 3.58074997714 2.70386543112 20.3224231835 22.3654446221 43.2838771325 2.37533316253 116.746612492 15.0193847971 14.600689971 2.11708261772 1.41903849682 1.22237034459 1.84338404967 1.22004235954 202.848451937 2453.24438574
-9999.0 -9999.0 -9999.0 -9999.0 -9999.0 -9999.0 -9999.0 -9999.0 -9999.0 -9999.0 -9999.0 -9999.0 -9999.0 -9999.0 21.7920885251 42.3547039253 60.7529918932 79.4199833023 99.2790541182 119.736646985 59.1471296001 98.3781417967 18.1643170878 17.4898442673 396.766606793 431.407352222 447.800579046 464.991395742 12.3415029801 21.7062250944 57.2318937319 64.470329552 71.7186373589 8.65909969456 6.70874020542 12872.1756271 7.63662500616 10.6123357325 5.52009091099 14.6745271929 6.53643301608 4.3283809595 69.3128268412 72.9769164742 2.40796135111 119.610680594 136.322457558 16.3133718981 2522.98241004 2519.42082652 2516.38384299 2509.23299556 2505.63878118 2461.54136137 2458.72644675
-9999.0 -9999.0 -9999.0 -9999.0 -9999.0 -9999.0 -9999.0 -9999.0 -9999.0 -9999.0 -9999.0 -9999.0 -9999.0 -9999.0 4.84824925353 10.6536769024 18.1976172711 168.661967251 188.701828197 20.4069971647 20.0349480327 19.5522170002 324.29824923 362.123029176 18.5457824756 18.7790455244 15.2871448498 62.6118408076 77.8566570056 37.4852600289 46.6809466983 357.471331594 368.14718516 389.309082137 609.385700874 13486.4767478 7.96273435524 4.59909236893 22.9048371262 18.7466427403 3.32465282973 11.3080414782 14.7675561935 76.7853479122 79.9739170376 222.6149565 137.636422544 17.6337446205 2578.34333871 25.0571149694 2513.55665924 2511.531758 41.1875465993 2.17639301151 2.64659393856
-9999.0 -9999.0 -9999.0 -9999.0 -9999.0 -9999.0 -9999.0 -9999.0 -9999.0 -9999.0 -9999.0 -9999.0 -9999.0 -9999.0 24.8504826701 40.6980718066 84.2147157405 148.182843267 205.620039939 247.356432878 267.086233594 287.185830953 306.741194433 18.4572295009 17.165324196 33.4181695261 31.4964694887 16.1549203382 311.350191078 326.155678784 339.91330183 352.816401981 191.825857258 200.41976473 212.081139003 13490.8042972 13.5347308797 14.6000797876 40.2292743044 3.7113930383 7.48302805038 3.99533046358 3.19889032473 18.1962878602 2.54012272573 2.69710289338 2815.9045845 2591.20706828 2588.44792942 10.9948915921 23.0381814794 14.3658594997 2.90062025895 36.0367396591 8.69288142883
-9999.0 -9999.0 -9999.0 -9999.0 -9999.0 -9999.0 -9999.0 -9999.0 -9999.0 -9999.0 -9999.0 -9999.0 -9999.0 -9999.0 17.32784326 16.3569176526 32.162733813 48.6222903956 21.2389620896 21.8163627685 41.9430178148 61.6635991499 98.9771066118 117.620327831 134.963523349 186.300215362 202.439460546 219.448155575 15.0308446994 152.684422061 165.195971446 175.589397125 7.01825734672 2.58936368435 5.21840965903 13697.0912198 13701.2133319 13723.3310635 50.774438911 7.62382769822 12.7453774074 3.58911747183 5.74011843292 20.9302818368 25.7155279523 4.88765737264 2828.31106816 4.14420892195 6.08432829107 6.73932425002 5.08776817269 8.77600055522 3.5505797641 25.2525015084 18.1662563214
-9999.0 -9999.0 -9999.0 -9999.0 -9999.0 -9999.0 -9999.0 -9999.0 -9999.0 -9999.0 -9999.0 -9999.0 -9999.0 -9999.0 -9999.0 15.5730732559 30.6516610837 14.8644776281 30.6281888259 192.125292544 210.611880877 229.804858645 18.7603356939 18.7593383659 35.9845934869 53.3651053001 84.589710803 100.545955785 109.072007073 122.974819031 11.8507903496 10.0353971335 185.538176497 188.49753872 192.315406124 196.569490314 157.113280281 13897.5778582 13973.5645955 13976.8715514 13992.462556 14007.6274013 14016.4320273 2.57730144263 28.0104490857 2830.76958525 5.86697087435 3.01558262351 3.25720387866 3.04849615342 5.17268953125 4.44681318275 2.58407393479 3.99095426183 3.34752819003
-9999.0 -9999.0 -9999.0 -9999.0 -9999.0 -9999.0 -9999.0 -9999.0 -9999.0 -9999.0 -9999.0 -9999.0 -9999.0 -9999.0 -9999.0 -9999.0 45.4683606647 61.0479307811 108.301385956 144.73901209 19.9279608057 270.788173354 289.139542858 306.802274917 17.70665293 34.7528162463 15.6690154402 116.569538738 124.085771515 136.257075333 148.327331764 177.129550116 180.759856152 2.35871388321 140.447647111 148.897694434 153.1244711 169.923351478 21.1322084446 13.4694678225 8.00114171475 7.29877255537 14026.2966065 14030.9913297 14078.2634721 2833.29583108 16.0182719767 7.96611592245 5.31053226229 1.62416410803 14.7056240649 7.51676835298 2.29663184063 12.2651838645 10.3564000043
-9999.0 -9999.0 -9999.0 -9999.0 -9999.0 -9999.0 -9999.0 -9999.0 -9999.0 -9999.0 -9999.0 -9999.0 -9999.0 -9999.0 -9999.0 -9999.0 16.0329485855 76.7796953415 93.4690090953 20.632568186 19.6962040208 39.6938268015 58.188035898 383.144100749 17.5246561554 70.4904935198 86.754035804 102.650920639 8.02902259404 19.1213689695 24.3893514777 114.998333311 125.88505578 129.687983498 4.31615995556 4.0582339137 4.572688401 8.41604983403 3.44374849429 3.59024545335 6.08902536007 4.53192401596 5.76272807924 16.2784311854 14082.9242689 16927.2378699 20.5372879708 3.87623995712 1.86226107094 44.7707384552 41.1795804423 23.901966283 21.2552287368 15.6324415032 3.81465671545
-9999.0 -9999.0 -9999.0 -9999.0 -9999.0 -9999.0 -9999.0 -9999.0 -9999.0 -9999.0 -9999.0 -9999.0 -9999.0 -9999.0 -9999.0 13.5933154779 44.099925073 14.4689539397 21.9571876046 21.4320549126 41.511770448 60.9893019602 79.140747475 477.329321113 493.921400316 17.0573905809 32.9723990291 49.0384796875 59.2911251035 70.6742633102 100.974334719 110.755950209 5.87141275211 5.72608853821 4.45036548911 4.88508702992 6.18966851391 6.47650683802 5.74427532194 6.64886322406 22.3359096486 9.62884999639 4.14957573444 3.99429872372 3.82267211175 7.1165147174 17069.3157138 118.70777615 55.4138337468 5.3377937827 2.41172138292 1.82992420332 5.99030173193 4.04381362018 1.97757955722
-9999.0 -9999.0 -9999.0 -9999.0 -9999.0 -9999.0 -9999.0 -9999.0 -9999.0 -9999.0 -9999.0 -9999.0 -9999.0 -9999.0 14.2235138051 27.6214418089 99.2490876737 13.6154893776 40.9888190263 61.7721473308 81.3688377805 20.3483679593 38.4551961922 56.0334223258 564.225014282 16.1385475714 31.0821898628 46.2424026503 13.5898613675 26.7211013015 32.040692533 41.0732153301 1024.64556425 1037.0695419 1048.73087415 1103.17217757 1119.25782043 1157.92470633 12.9866954374 27.0017601527 28.563349545 1279.55836703 1287.26105366 3.6870129693 6.43638628807 9.08953598286 17072.3139081 112.372296527 49.8917479465 46.871162924 39.478007105 35.1631860155 7.98766235566 2.00689040491 3.53475904821
-9999.0 -9999.0 -9999.0 -9999.0 -9999.0 -9999.0 -9999.0 -9999.0 -9999.0 -9999.0 -9999.0 -9999.0 -9999.0 -9999.0 14.4381561494 43.9169627705 157.651785982 232.121052666 12.0170282525 303.335447297 399.392575607 18.8549208684 36.4862376084 54.4265617689 719.6913333 734.214155687 13.2286026788 72.8398387369 85.0851582152 95.2914366225 944.637322644 964.558031316 977.865979678 6.62151721843 37.5625821583 45.070612014 19.1696852438 27.632431771 1195.56974038 1234.4233165 1241.02531569 1247.23457426 1294.56525253 3.55452383628 3.11925467324 14.8300455523 17076.0296675 3.94293302945 1.68602860475 4.87967711238 2.0807299499 31.1560567214 27.3516255993 16.212679367 11.3623549237
-9999.0 -9999.0 -9999.0 -9999.0 -9999.0 -9999.0 -9999.0 -9999.0 -9999.0 -9999.0 -9999.0 -9999.0 -9999.0 -9999.0 -9999.0 -9999.0 30.6195423045 61.3727877494 274.434644153 289.716746977 412.769772559 427.611765028 18.7915500312 37.5789029857 88.5519228323 746.860823517 773.618081948 784.590230623 9.05426329736 822.992971368 842.758287354 12.9971679272 6.60911649733 12.7003605429 24.6144472504 5.962105619 11.8927693065 25.561139891 32.068795314 6.08752733307 4.06580452548 8.06860649063 1323.54085708 1333.06221002 1335.76856562 1357.87993204 17079.3460442 2.71422705374 0.917411582305 1.1860062045 1.18547763624 1.24308519043 1.05880471296 1.87429398437 1.6877867335
-9999.0 -9999.0 -9999.0 -9999.0 -9999.0 -9999.0 -9999.0 -9999.0 -9999.0 -9999.0 -9999.0 -9999.0 -9999.0 -9999.0 -9999.0 -9999.0 15.8942741482 15.4865790833 15.1931231993 30.3183761141 13.2356808495 454.011108971 467.575233953 17.3683593022 34.4272773484 16.1054826633 13.1893993379 12.7657587283 806.043538705 6.08303782967 12.3565249126 7.404863838 6.86938572289 5.97744508163 4.6431424789 4.84029265006 14.7756304309 20.2624615424 3.88675414517 3.36546899201 7.29931719313 12.1846451604 15.393693352 4.30014148949 1339.91437033 1360.73154883 17081.8081836 7.84779742187 2.30714589993 0.492922157972 1.53774822963 0.369559436828 0.266624160146 2.19254197935 8.55663571823
-9999.0 -9999.0 -9999.0 -9999.0 -9999.0 -9999.0 -9999.0 -9999.0 -9999.0 -9999.0 -9999.0 -9999.0 -9999.0 -9999.0 -9999.0 -9999.0 -9999.0 -9999.0 15.3236807299 44.1724504828 56.2478921205 69.0938049761 480.371390765 493.435656283 506.626678778 522.042261757 534.477466028 560.160334913 566.357374438 571.850959183 577.296727407 6.03834435447 5.66047557728 5.9168490636 20.5043358626 5.41253378263 5.12522804638 4.01673993334 11.6351304761 4.49737364874 3.47106764885 3.21115505623 2.68346501391 5.35541755643 7.79381365187 1376.94616339 18469.2868987 2.7077400428 5.29229669227 0.326139782628 1.98736178709 0.933221901876 0.537843302989 17.7441519788 14.2850309671
-9999.0 -9999.0 -9999.0 -9999.0 -9999.0 -9999.0 -9999.0 -9999.0 -9999.0 -9999.0 -9999.0 -9999.0 -9999.0 -9999.0 -9999.0 -9999.0 -9999.0 -9999.0 -9999.0 12.4240970767 100.51377892 196.956318757 210.313284159 19.0019896489 36.5310478744 53.3517067078 67.1461346461 158.295853956 164.545985611 6.07018763562 5.97578605601 590.187105058 601.285456034 606.368789056 24.385522757 3.44943097559 8.70811865629 12.751245858 38.2365489842 46.726819566 53.3748059559 6.07885428467 8.4759952831 2.86619373237 5.70655476729 2.94880252063 18474.9731063 2.30920775918 9.88022344889 2.81872913559 6.23436714134 19.8067454099 21.5900469925 40.6697512024 14.6079098182
-9999.0 -9999.0 -9999.0 -9999.0 -9999.0 -9999.0 -9999.0 -9999.0 -9999.0 -9999.0 -9999.0 -9999.0 -9999.0 -9999.0 -9999.0 -9999.0 -9999.0 -9999.0 14.0902158862 45.1317694965 88.2628349343 115.153781675 293.080096596 309.323724281 34.9313819316 51.8704182098 66.2006093677 79.7085931621 170.517010994 182.74769574 314.63172847 324.056760261 329.91411259 611.396284613 648.393959956 8.42051331933 5.61897556315 5.3326571822 10.2042067998 4.60655751437 62.1508690564 65.3206717398 11.2341068519 14.2112516298 3.7077269497 3738.03396041 3744.66187106 22223.7034202 22237.1371516 2.59689930946 11.6664324222 5.78654358722 4.66142370111 48.4374399784 65.1521688227
-9999.0 -9999.0 -9999.0 -9999.0 -9999.0 -9999.0 -9999.0 -9999.0 -9999.0 -9999.0 -9999.0 -9999.0 -9999.0 -9999.0 -9999.0 -9999.0 -9999.0 -9999.0 -9999.0 16.2118759946 15.8132556557 29.6547053988 70.2086484907 322.602420617 17.8336806808 17.6375375975 32.0478562024 46.4441699684 108.243181324 116.025703528 5.13907845389 6.36396424992 336.940021574 342.143868899 995.431664802 999.978816988 3.02134047549 2.66435526735 2.26589613333 2.28803472629 2.51356010173 3679.6051798 3698.9359449 3715.97242573 3722.53548761 3735.00229955 3.38527564017 12.4590042936 15.3913098176 22258.5952091 22260.5686914 22262.3392266 22264.967476 22267.5696235 68.8637408705
-9999.0 -9999.0 -9999.0 -9999.0 -9999.0 -9999.0 -9999.0 -9999.0 -9999.0 -9999.0 -9999.0 -9999.0 -9999.0 -9999.0 -9999.0 -9999.0 -9999.0 -9999.0 -9999.0 -9999.0 14.3112185848 15.079061242 27.8664133159 376.953545112 390.994259283 17.3103642661 31.6779899953 46.3801171869 55.2279037218 7.26616671837 15.0722427619 849.878463531 855.392348118 860.584649918 901.043202079 1905.59075332 3554.23629007 3561.54892359 3568.22837589 3574.62571382 3602.16468814 3611.09493384 16.5672092639 7.38992524567 4.43264109331 8.33185641105 6.19260192105 9.82727001643 3.08497213029 70.8086356163 80.860029651 88.3026121586 89.7034768063 22269.2421496 22341.3961352
-9999.0 -9999.0 -9999.0 -9999.0 -9999.0 -9999.0 -9999.0 -9999.0 -9999.0 -9999.0 -9999.0 -9999.0 -9999.0 -9999.0 -9999.0 -9999.0 -9999.0 -9999.0 -9999.0 -9999.0 -9999.0 14.5795377121 27.9218317135 41.3700088517 402.364362672 14.7022734608 550.328279474 565.398532988 572.523642615 580.720043804 818.229289572 826.759703557 5.90170186967 30.1388191173 36.5377227356 6.03688036314 1641.40873485 1630.47834412 3.49209748832 8.02731714558 21.736606453 4.81933738723 5.12482217885 3.75516198579 3.21496967483 2.49611554129 2.93526763221 60.8718925674 63.9469244983 67.6742813987 7.29861621359 5.27061781297 92.7104499655 94.7773727983 95.823357732
-9999.0 -9999.0 -9999.0 -9999.0 -9999.0 -9999.0 -9999.0 -9999.0 -9999.0 -9999.0 -9999.0 -9999.0 -9999.0 -9999.0 -9999.0 -9999.0 -9999.0 -9999.0 -9999.0 -9999.0 -9999.0 13.1495351909 12.3311986102 64.115480457 493.004537351 521.103432845 536.291629384 14.6745590085 221.641687524 228.00976892 230.908539791 7.76209302662 14.6406737555 20.4643253908 379.476904167 384.067154198 388.072969838 1622.99072484 1006.16613159 4.46999892125 4.67355721182 4.466238383 3.55662636609 36.9478566737 44.2472561003 50.6392492435 54.2309625982 57.6857715907 391.510396545 394.080018382 397.083681573 403.488831079 435.358056913 436.736358832 534.020862447
-9999.0 -9999.0 -9999.0 -9999.0 -9999.0 -9999.0 -9999.0 -9999.0 -9999.0 -9999.0 -9999.0 -9999.0 -9999.0 -9999.0 -9999.0 -9999.0 -9999.0 -9999.0 -9999.0 -9999.0 -9999.0 -9999.0 25.7330027073 39.4583893916 14.3752096568 17.4990607957 172.929557647 187.937917057 198.08616776 79.7453439336 85.1982769792 91.6217786955 97.9255518277 369.197693625 375.494545741 214.813514879 608.018743649 612.797325507 1002.53721581 9.41304629307 4.76903893259 3.37028264107 25.5268951382 29.9806938741 2.70706706912 2.5088840248 379.416982207 385.849138899 389.108176225 2.99862051208 4.4978663025 429.770657798 3.02878880485 11.2127109908 12.3371889508
-9999.0 -9999.0 -9999.0 -9999.0 -9999.0 -9999.0 -9999.0 -9999.0 -9999.0 -9999.0 -9999.0 -9999.0 -9999.0 -9999.0 -9999.0 -9999.0 -9999.0 -9999.0 -9999.0 -9999.0 -9999.0 -9999.0 12.940671795 25.5816547334 108.543167713 123.514638833 139.931057698 62.6649361951 74.1770945792 6.01867770585 254.348134544 259.729341077 265.249432416 5.93852366346 203.138537878 209.664424956 4.90425548933 978.076691816 10.5025206195 5.18539356589 13.7828338662 18.5683551942 3.67206110333 2.99083946028 346.647235932 373.473881714 377.345359898 3.84722901551 8.41562594565 10.546476955 12.7344026549 24.2226234068 4.06827890388 9.23502438999 1.77795303798
-9999.0 -9999.0 -9999.0 -9999.0 -9999.0 -9999.0 -9999.0 -9999.0 -9999.0 -9999.0 -9999.0 -9999.0 -9999.0 -9999.0 -9999.0 -9999.0 -9999.0 -9999.0 -9999.0 -9999.0 -9999.0 -9999.0 12.7189471782 40.0909201935 70.2252823141 16.9240737841 33.5286856783 49.009607136 229.335675299 237.441018333 243.085990242 5.05493493079 170.331190001 186.138941603 191.945112864 3.88592356198 956.841008404 968.493378447 5.48653650646 5.01143102702 10.0569850401 4.13859283737 326.299546048 333.77324166 338.259208537 17.0744659789 21.0343241437 3.44003581146 6.12250238177 2.70713503449 18.6868742681 2.77457041108 2.37738021715 2.54782641585 2.59389394948
-9999.0 -9999.0 -9999.0 -9999.0 -9999.0 -9999.0 -9999.0 -9999.0 -9999.0 -9999.0 -9999.0 -9999.0 -9999.0 -9999.0 -9999.0 -9999.0 -9999.0 -9999.0 -9999.0 -9999.0 -9999.0 -9999.0 -9999.0 13.965195495 15.7081624329 18.7023288164 158.098886876 172.913303077 216.384626206 9.87019767044 147.93263596 160.780727805 5.4607795047 11.28508349 4.13078014112 943.199617856 5.14558673091 14.8702710217 18.9065791358 22.7945602302 300.188321037 314.188748054 319.041080366 4.87937540124 9.10892579868 12.926073082 2.33574647647 2.09907079834 899.194345394 901.326777543 903.046905184 920.991984366 923.195619591 926.250441279 928.286776471
