data/baseflow/mHMbf_acc454.asc
ncols                  80
nrows                 72
xllcorner      4374000.0
yllcorner      5656000.0
cellsize            500
NODATA_value       -9999
[rows 0 to 24 of 72, columns 0 to 54 of 80]
-9999.0 -9999.0 -9999.0 -9999.0 -9999.0 -9999.0 -9999.0 -9999.0 -9999.0 -9999.0 -9999.0 -9999.0 16.0414213688 14.1915043455 -9999.0 -9999.0 -9999.0 -9999.0 -9999.0 -9999.0 -9999.0 -9999.0 -9999.0 -9999.0 -9999.0 -9999.0 -9999.0 -9999.0 -9999.0 -9999.0 -9999.0 -9999.0 -9999.0 -9999.0 -9999.0 -9999.0 -9999.0 -9999.0 -9999.0 -9999.0 -9999.0 -9999.0 -9999.0 -9999.0 -9999.0 -9999.0 -9999.0 -9999.0 -9999.0 -9999.0 -9999.0 -9999.0 -9999.0 -9999.0 -9999.0
-9999.0 -9999.0 -9999.0 -9999.0 -9999.0 -9999.0 -9999.0 -9999.0 -9999.0 -9999.0 -9999.0 -9999.0 34.4829959155 76.12661581 12.2698151818 -9999.0 10.7331016147 -9999.0 -9999.0 -9999.0 -9999.0 -9999.0 -9999.0 -9999.0 -9999.0 -9999.0 -9999.0 -9999.0 -9999.0 -9999.0 -9999.0 -9999.0 -9999.0 -9999.0 -9999.0 -9999.0 -9999.0 -9999.0 -9999.0 -9999.0 -9999.0 -9999.0 -9999.0 -9999.0 -9999.0 -9999.0 -9999.0 -9999.0 -9999.0 -9999.0 -9999.0 -9999.0 -9999.0 -9999.0 -9999.0
-9999.0 -9999.0 -9999.0 -9999.0 -9999.0 -9999.0 -9999.0 -9999.0 -9999.0 -9999.0 16.0446415446 15.3458212788 16.7093268752 16.7747987691 106.267726913 118.158974958 29.52969768 9.48153577213 -9999.0 -9999.0 -9999.0 -9999.0 -9999.0 -9999.0 -9999.0 -9999.0 -9999.0 -9999.0 -9999.0 -9999.0 -9999.0 -9999.0 -9999.0 -9999.0 -9999.0 -9999.0 -9999.0 -9999.0 -9999.0 -9999.0 -9999.0 -9999.0 -9999.0 -9999.0 -9999.0 -9999.0 -9999.0 -9999.0 -9999.0 -9999.0 -9999.0 -9999.0 -9999.0 -9999.0 -9999.0
-9999.0 -9999.0 -9999.0 -9999.0 -9999.0 -9999.0 -9999.0 -9999.0 -9999.0 15.1331053801 31.3471123553 62.3572080635 31.6167757152 15.1351111312 29.3926758074 131.638312933 182.52280328 10.4431446669 -9999.0 15.327566409 -9999.0 -9999.0 -9999.0 -9999.0 20.3079811566 10.5332592857 -9999.0 -9999.0 -9999.0 -9999.0 -9999.0 -9999.0 -9999.0 -9999.0 -9999.0 -9999.0 -9999.0 -9999.0 -9999.0 -9999.0 -9999.0 -9999.0 -9999.0 -9999.0 -9999.0 -9999.0 -9999.0 -9999.0 -9999.0 -9999.0 -9999.0 -9999.0 -9999.0 -9999.0 -9999.0
-9999.0 -9999.0 -9999.0 -9999.0 -9999.0 -9999.0 -9999.0 -9999.0 19.1258822226 51.1858028847 65.691413931 80.3194969921 108.187530728 13.3744629452 55.516356363 68.1418203669 272.702926597 11.1166080635 10.798960879 27.7510334533 39.7057450823 12.8149720141 -9999.0 51.7989137948 42.6993954145 11.5025855614 -9999.0 -9999.0 -9999.0 -9999.0 -9999.0 -9999.0 -9999.0 -9999.0 -9999.0 -9999.0 -9999.0 -9999.0 -9999.0 -9999.0 -9999.0 -9999.0 -9999.0 -9999.0 -9999.0 -9999.0 -9999.0 -9999.0 -9999.0 -9999.0 -9999.0 -9999.0 -9999.0 -9999.0 -9999.0
-9999.0 -9999.0 -9999.0 -9999.0 -9999.0 -9999.0 17.776022458 15.4813270363 14.9524507012 15.5098184393 16.1837867188 113.283313945 236.774764858 251.517392104 263.544278103 12.1829133618 296.583000051 308.04890865 24.109284376 12.3799303102 51.3328576868 88.8122716617 11.7976754246 87.3962587819 12.2391361841 11.9369267456 12.491129872 -9999.0 -9999.0 -9999.0 -9999.0 -9999.0 -9999.0 -9999.0 -9999.0 -9999.0 -9999.0 -9999.0 -9999.0 -9999.0 -9999.0 -9999.0 -9999.0 -9999.0 -9999.0 -9999.0 -9999.0 -9999.0 -9999.0 -9999.0 -9999.0 -9999.0 -9999.0 -9999.0 -9999.0
-9999.0 -9999.0 -9999.0 -9999.0 -9999.0 -9999.0 35.7986253994 52.387541764 117.158259943 161.207841921 13.0261062208 13.8607142308 13.2072518191 39.1685685484 314.069203684 10.2775966166 318.734735065 369.549818134 39.0916902768 22.8012336692 99.5038150783 12.1838607691 98.9572512116 22.3893871455 10.9783365158 22.2784112875 25.0171223077 13.2173240408 13.5488590835 12.845469013 14.4701747933 28.8156252329 -9999.0 -9999.0 -9999.0 -9999.0 -9999.0 -9999.0 -9999.0 -9999.0 -9999.0 -9999.0 -9999.0 -9999.0 -9999.0 -9999.0 -9999.0 -9999.0 -9999.0 -9999.0 -9999.0 -9999.0 -9999.0 -9999.0 -9999.0
-9999.0 -9999.0 -9999.0 -9999.0 -9999.0 20.8269412249 39.4827688407 18.5266597359 35.4185963789 178.783095587 208.222469982 237.146154433 796.588028437 13.6969199804 326.619577157 1235.51226929 1245.85397 1635.66484833 13.0354805502 33.276022711 110.253461652 10.5676148854 226.05510085 116.027547466 70.6024322788 59.1636766516 12.1957056487 38.6840730367 38.7591899388 25.6836290015 12.1093339302 41.4994815171 11.6866269385 11.2887946833 -9999.0 -9999.0 -9999.0 -9999.0 -9999.0 -9999.0 -9999.0 -9999.0 -9999.0 -9999.0 -9999.0 -9999.0 -9999.0 -9999.0 -9999.0 -9999.0 -9999.0 -9999.0 -9999.0 -9999.0 -9999.0
-9999.0 -9999.0 -9999.0 -9999.0 -9999.0 20.7784880471 59.6853331465 118.519778939 135.856919759 268.049957476 283.857892724 334.898108898 546.927567976 844.171253118 873.316556562 886.988968829 22.7825127249 1679.98238408 1704.88785644 1762.68596233 2142.7134095 259.459207716 238.079408409 82.2737306101 11.1826307486 71.5088613656 49.2832887724 9.8437770058 49.8115524639 11.1433902139 25.4332725258 65.5742434496 76.9290424073 22.2563271773 10.8469838995 10.4024492676 -9999.0 -9999.0 -9999.0 -9999.0 9.31955439752 8.31427923442 -9999.0 -9999.0 -9999.0 -9999.0 -9999.0 -9999.0 -9999.0 -9999.0 -9999.0 -9999.0 -9999.0 -9999.0 -9999.0
-9999.0 -9999.0 -9999.0 -9999.0 -9999.0 19.6755692038 18.3427850127 78.8377560405 96.8412179991 115.764329841 17.5635594312 34.4823016848 199.789628838 37.9894783817 16.2667061342 13.7824352978 11.9427574649 16.1541291039 15.2274979486 13.6461831882 2154.19826206 2186.28127073 10.3728816439 32.2365203782 22.1755351232 81.8956550741 20.1588197399 9.38652591295 61.0677490327 22.2775401943 56.1424239799 130.560484299 121.024919766 32.9117438365 31.2425226707 11.0930103472 10.8582883619 -9999.0 -9999.0 10.7820871253 20.0204985854 45.8551822498 8.84163430694 -9999.0 -9999.0 -9999.0 -9999.0 -9999.0 -9999.0 -9999.0 -9999.0 -9999.0 -9999.0 -9999.0 -9999.0
-9999.0 -9999.0 -9999.0 -9999.0 -9999.0 -9999.0 20.8522063857 21.3734748538 38.8833233521 57.2288971317 129.548140295 164.8023456 184.548627519 21.234990768 13.4758438271 191.635870006 232.625813034 244.772101101 297.649533175 308.94456469 11.3113221799 2197.74999968 2251.47514814 42.7813975852 9.23097083953 91.217543903 199.396086237 79.5181110588 18.9183689664 9.63433549754 206.147898342 140.785302425 9.41911648542 9.33999137036 40.9036644202 32.2690406565 10.0357402679 9.00270120809 10.6753079984 21.0911724508 10.0374446143 55.7547011141 64.9971818922 8.06916693988 -9999.0 -9999.0 -9999.0 -9999.0 9.68765234276 8.80561432759 2.9950051344 -9999.0 -9999.0 -9999.0 -9999.0
-9999.0 -9999.0 -9999.0 -9999.0 -9999.0 -9999.0 -9999.0 19.8543876478 17.2466030111 36.8424611428 55.9382097434 17.7160983172 17.6142049605 103.878811034 134.209912732 165.727989729 14.737701933 27.735549282 14.0694564141 321.188981712 703.981684282 713.512845143 2985.80864788 10.5355915284 25.7412956624 7.902673817 208.305009101 9.444476375 28.7617381629 9.33757685493 215.456547736 224.82211698 19.0186570766 18.6319210481 104.247018873 52.8041604456 19.2569747011 10.1119262879 21.1712938818 31.3920031963 50.5632547992 8.76446088473 80.187088229 86.9038193091 5.72403638762 6.45165362141 6.78625211024 5.69324675923 5.20635997948 24.8854489141 9.77309298698 5.7365718737 -9999.0 -9999.0 -9999.0
-9999.0 -9999.0 -9999.0 -9999.0 -9999.0 -9999.0 -9999.0 -9999.0 37.9867743313 53.4350525645 17.3498541104 36.0115821103 52.8397165917 88.4515641129 17.0180591931 15.9637360818 12.9649668249 13.082549131 11.345624732 357.659557982 14.4453420772 27.5631796976 3022.96617705 3042.47653745 6.75953966397 39.5696827918 255.584636515 18.5814585755 36.8851204267 16.4870596305 24.3870251009 260.106861265 27.3173400313 148.78435888 122.320572986 9.36613843474 48.9818091821 20.1039629633 30.6398595707 9.27850344585 59.2399033836 75.2304528226 80.9320023302 86.1328656771 108.424016935 10.9752434297 11.7135941604 10.0185950936 9.03874284585 29.9242497341 5.6224925844 21.354739013 26.3324238147 -9999.0 -9999.0
-9999.0 -9999.0 -9999.0 -9999.0 -9999.0 -9999.0 -9999.0 -9999.0 19.3797538382 91.697467779 108.257068131 16.5097046774 32.2614288207 15.6706082424 13.994852472 13.7160921112 177.924172483 236.824244432 290.754295141 347.213160823 13.4231597609 13.661491719 11.5930327001 3095.36448109 3116.07431621 3122.46134638 336.25530676 72.7550893944 63.7655891122 7.21652457963 31.4291658339 299.148885731 7.30373921209 156.416711173 9.05793858042 65.478567724 59.2771233418 9.72323406714 40.1094246842 18.6153623897 27.7236702258 7.17098688219 5.07267282731 91.2211640943 95.6720310307 112.859743946 16.5780204179 14.4962991458 13.2668866005 36.1143020796 47.6113520399 5.74105818804 31.9278923257 6.53890719025 12.0362087238
-9999.0 -9999.0 -9999.0 -9999.0 -9999.0 -9999.0 -9999.0 -9999.0 -9999.0 20.6665256027 126.701603918 142.695352 48.0933119725 79.5629078338 108.184072774 122.971878854 15.8452177187 45.7705499241 31.0641236972 16.8550533143 15.6991402697 13.2622850412 25.4795260652 42.2591982516 12.1371323945 3478.53927101 3485.1201813 5.92420653968 5.1848514327 15.1090952734 22.6255067504 321.273821509 14.648389319 162.782185412 98.8071649244 82.3579061361 9.10963201844 18.4316762737 48.4598830929 8.36721413963 35.7959514046 14.9773668498 8.7352585219 4.5203530246 109.518756926 225.890952136 19.6609476987 17.6932804451 17.7469621654 4.71081919359 52.2487140873 4.4541097723 42.3548698698 5.59568382844 17.7005332532
-9999.0 -9999.0 -9999.0 -9999.0 -9999.0 -9999.0 -9999.0 -9999.0 -9999.0 -9999.0 16.5441018652 175.861397279 15.5700493801 31.0564827076 44.809914491 71.4070277177 13.6429732446 29.2055306476 14.3402403417 12.677971228 11.8465868512 23.2862708715 10.0114784823 10.0769783398 18.2194577836 10.4102626497 3493.19141599 3505.48514974 3524.01759174 28.5255634017 7.80537721139 15.5656560281 329.564810239 299.62327593 116.042489281 8.45908748443 36.0623131203 27.14232279 56.8408126973 16.6674872666 67.2122572794 23.0049803606 14.6588606866 4.15109476434 5.20316823454 231.571615425 236.144225043 277.097805456 32.9610488317 9.96521328338 57.4582459786 66.9799456734 113.63571693 10.8128305172 4.9750820926
-9999.0 -9999.0 -9999.0 -9999.0 -9999.0 -9999.0 -9999.0 -9999.0 -9999.0 -9999.0 -9999.0 10.7389345977 198.784686885 16.6570951767 30.1560283874 127.848257719 13.4972468197 13.1812409395 11.1794029547 24.8200172527 12.808192173 48.5548684429 68.8088620555 77.6026045667 25.4545445264 30.4410224221 6.02739755574 8.88163531841 8.01034512665 3566.97848716 3588.55623753 336.016173735 313.168467962 306.526484934 13.7436314276 6.50139303942 43.7863100174 116.269220477 64.7805514151 24.4362068506 99.3016827102 36.2448972654 29.2121456031 8.59834085019 3.4833868758 2.85590241112 2.99311452134 295.657723005 343.993066531 5.08065218543 4.27802225018 5.15583279964 118.77644599 134.376130516 8.97940158407
-9999.0 -9999.0 -9999.0 -9999.0 -9999.0 -9999.0 -9999.0 -9999.0 -9999.0 -9999.0 -9999.0 9.6178662075 221.335019839 269.312207113 13.7828679104 154.888072772 11.9416875065 11.0748845791 23.2088181651 60.5028615629 12.0579642563 13.0993932727 10.0675453681 97.1134132394 106.209454018 146.859213073 160.266609891 167.506916431 173.285495712 179.519703434 3774.44932706 4121.79821751 4444.91926526 4448.61900084 4.72842126539 6.49917532169 131.826529175 124.110309759 7.7588505041 7.6977482345 108.938006142 153.070604243 6.21879412198 86.0712953835 80.3057685551 20.4118992913 8.21978488886 14.2937922569 6.07770256824 352.644127613 4.34609986621 13.4312866126 16.4642694424 163.518022559 176.712075511
-9999.0 -9999.0 -9999.0 -9999.0 -9999.0 -9999.0 -9999.0 -9999.0 -9999.0 -9999.0 -9999.0 18.1885538645 34.4415995775 284.819914159 310.328879218 12.8582790588 177.786783922 9.62276996483 30.5491609422 71.1783673543 23.0061656295 10.8564072093 22.4313158373 8.13419204319 15.8812799031 8.15522118482 7.4887711596 6.60497484285 6.33592248553 5.10831521721 4.15163768913 5.61653836005 6.98928878052 7.39361443738 4464.12961357 147.510095671 137.832817231 2.84779332476 21.5364708994 5.25110153323 6.1253977785 159.959616226 268.240985548 94.4843974207 72.0740697774 13.2748605657 4.87017145819 4.19950837716 8.55943629989 365.802261458 373.578397977 4.15612645057 4.25341183847 4.25122967876 4.55419996806
-9999.0 -9999.0 -9999.0 -9999.0 -9999.0 -9999.0 -9999.0 -9999.0 -9999.0 -9999.0 -9999.0 -9999.0 13.9901280521 216.818694029 541.238479156 585.822094197 775.21840225 785.909469694 156.756092568 116.460005989 34.129933838 10.5935004533 43.2121510956 52.9350958699 77.2655305734 16.9471952057 15.3649879374 14.7241301088 28.8262983094 12.6598315691 11.3611792867 6.65677355795 5.10010505986 3.69450280182 4468.38678846 4619.66141171 4624.06377426 2.64980000105 53.7885838773 26.4068569344 7.81087813244 294.073202321 19.0266631207 10.0180065833 43.4501241199 9.15207934078 5.74889300582 10.3372522102 13.9405958323 18.128701731 379.773755409 2.81506102934 2.31190945965 2.30617791039 1.84522006549
-9999.0 -9999.0 -9999.0 -9999.0 -9999.0 -9999.0 -9999.0 -9999.0 -9999.0 -9999.0 -9999.0 16.452185434 166.92307224 201.726391532 30.8566681154 11.2319617013 24.4487787561 822.112042792 832.066326498 999.268253577 9.34943853019 19.7910272292 8.29037476036 8.46438527326 85.5393601879 110.718955085 133.240659169 7.11543720074 35.9279870281 55.501329327 31.0552431664 13.2875841692 10.6049585725 8.68203912583 8.01843186295 2.72128956593 4626.41808431 4627.81312814 4684.63203752 11.6965528584 6.55095934984 299.601159358 20.1263980735 10.501061585 12.0139907304 11.9125475794 9.7245888605 16.1925118208 43.5393277846 66.2768524213 449.090319795 1.99299122046 5.97076048457 4.04904737263 3.41236220715
-9999.0 -9999.0 -9999.0 -9999.0 -9999.0 -9999.0 -9999.0 -9999.0 -9999.0 -9999.0 -9999.0 17.0599441355 120.439582455 18.193287441 14.6050517978 83.1049549073 95.7356564143 108.148433526 119.007450159 1372.69050527 1384.14202195 1405.37982184 1556.94106581 1582.91636178 1597.2515908 1605.79972308 1756.82070267 1778.35930161 1786.02297442 1850.17370363 1889.33057388 1895.88498356 1919.17301792 14.7683246853 13.1586381065 2.4095304461 1.43392468278 4629.82797434 4701.20677853 15.3273535139 346.979075031 341.316472112 36.1918344215 8.33861870779 8.49198567681 7.9618472756 8.18668808729 16.4767569595 22.7541286037 5.73052843583 451.894405855 454.932179183 467.437582086 469.758841781 475.305913819
-9999.0 -9999.0 -9999.0 -9999.0 -9999.0 -9999.0 -9999.0 -9999.0 -9999.0 -9999.0 -9999.0 63.9870763249 84.2419108925 37.5334706904 54.9134259917 17.0104267673 192.231563761 205.550901801 232.075842643 243.501031834 85.7042249792 1509.11796279 1519.80597795 8.64661259176 5.79676911621 5.72142430475 12.1355831921 6.49249335443 5.22269175737 4.93553206674 4.82615562459 1902.6929253 1926.04108767 1947.51629628 1966.06546979 1972.57339355 2.42476471499 0.603870607027 5057.5661468 355.211611264 353.14109766 7.01752692957 6.15730670514 5.21059428894 13.7825124446 13.2730815108 5.94531251828 6.11559265046 5.51535211485 11.0745200408 14.00550807 1.68518892095 3.00320720289 1.43498397996 1.25681404135
-9999.0 -9999.0 -9999.0 -9999.0 -9999.0 -9999.0 -9999.0 -9999.0 -9999.0 -9999.0 -9999.0 -9999.0 43.6710625509 19.7761471218 17.0131963197 165.23586582 179.449482789 14.20882473 54.0739820372 66.5462965126 77.1510271955 12.1702521797 7.47443869427 225.927132223 231.666166441 237.208686898 594.633636427 599.132764409 608.42136308 652.960359943 678.109763951 682.04191048 4.6024727721 4.94091766139 4.21706008549 1975.19697826 1.07313369712 5104.5134743 5103.33086556 44.6616500771 41.6515349916 25.5714291886 6.35009859424 10.4541445095 19.1573207391 18.6845870849 11.2953771974 5.74518404402 11.1297234016 10.9722564216 18.6159052538 2.63993117008 5.58018805906 9.62690816631 12.2981052266
-9999.0 -9999.0 -9999.0 -9999.0 -9999.0 -9999.0 -9999.0 -9999.0 -9999.0 -9999.0 -9999.0 -9999.0 22.9106764863 61.0174680504 79.0265747951 132.081176752 13.9335277044 28.744443848 42.0191811109 173.386781944 184.195516117 193.897190338 202.507069105 212.22716875 311.422215371 338.25909868 353.130243414 6.20932651847 34.7936454459 41.0185935591 665.511312999 687.024537921 698.465650683 710.502446205 717.530836405 2693.8521088 1.47451111966 5111.46135713 4.31413768312 2.36623840142 35.4069095535 30.5150278038 4.35644684869 15.300096636 24.0913330678 23.3789434919 15.4917142857 25.4304247443 40.3188497339 15.2793256161 37.8768211986 3.19412930707 4.91393009733 0.776307284728 0.561376245877
