data/baseflow/mHMbf_acc610.asc
ncols                  80
nrows                 72
xllcorner      4374000.0
yllcorner      5656000.0
cellsize            500
NODATA_value       -9999
[rows 0 to 23 of 72, columns 0 to 54 of 80]
-9999.0 -9999.0 -9999.0 -9999.0 -9999.0 -9999.0 -9999.0 -9999.0 -9999.0 -9999.0 -9999.0 -9999.0 8.81072070131 12.827994879 -9999.0 -9999.0 -9999.0 -9999.0 -9999.0 -9999.0 -9999.0 -9999.0 -9999.0 -9999.0 -9999.0 -9999.0 -9999.0 -9999.0 -9999.0 -9999.0 -9999.0 -9999.0 -9999.0 -9999.0 -9999.0 -9999.0 -9999.0 -9999.0 -9999.0 -9999.0 -9999.0 -9999.0 -9999.0 -9999.0 -9999.0 -9999.0 -9999.0 -9999.0 -9999.0 -9999.0 -9999.0 -9999.0 -9999.0 -9999.0 -9999.0
-9999.0 -9999.0 -9999.0 -9999.0 -9999.0 -9999.0 -9999.0 -9999.0 -9999.0 -9999.0 -9999.0 -9999.0 16.8971497728 50.9113805071 11.2570738735 -9999.0 12.1950505878 -9999.0 -9999.0 -9999.0 -9999.0 -9999.0 -9999.0 -9999.0 -9999.0 -9999.0 -9999.0 -9999.0 -9999.0 -9999.0 -9999.0 -9999.0 -9999.0 -9999.0 -9999.0 -9999.0 -9999.0 -9999.0 -9999.0 -9999.0 -9999.0 -9999.0 -9999.0 -9999.0 -9999.0 -9999.0 -9999.0 -9999.0 -9999.0 -9999.0 -9999.0 -9999.0 -9999.0 -9999.0 -9999.0
-9999.0 -9999.0 -9999.0 -9999.0 -9999.0 -9999.0 -9999.0 -9999.0 -9999.0 -9999.0 6.89673715111 6.49687815608 7.13316260211 7.13476378645 63.5905287763 72.6279798001 32.7077712255 10.394244749 -9999.0 -9999.0 -9999.0 -9999.0 -9999.0 -9999.0 -9999.0 -9999.0 -9999.0 -9999.0 -9999.0 -9999.0 -9999.0 -9999.0 -9999.0 -9999.0 -9999.0 -9999.0 -9999.0 -9999.0 -9999.0 -9999.0 -9999.0 -9999.0 -9999.0 -9999.0 -9999.0 -9999.0 -9999.0 -9999.0 -9999.0 -9999.0 -9999.0 -9999.0 -9999.0 -9999.0 -9999.0
-9999.0 -9999.0 -9999.0 -9999.0 -9999.0 -9999.0 -9999.0 -9999.0 -9999.0 6.46356416354 13.4322250107 26.6273538774 13.4092770383 6.37867918801 12.3795058158 78.2855171268 131.791431327 10.7567670916 -9999.0 6.64564059097 -9999.0 -9999.0 -9999.0 -9999.0 22.4439315949 11.7863764698 -9999.0 -9999.0 -9999.0 -9999.0 -9999.0 -9999.0 -9999.0 -9999.0 -9999.0 -9999.0 -9999.0 -9999.0 -9999.0 -9999.0 -9999.0 -9999.0 -9999.0 -9999.0 -9999.0 -9999.0 -9999.0 -9999.0 -9999.0 -9999.0 -9999.0 -9999.0 -9999.0 -9999.0 -9999.0
-9999.0 -9999.0 -9999.0 -9999.0 -9999.0 -9999.0 -9999.0 -9999.0 8.30550053472 22.0076357531 28.0768465123 34.268715123 45.9499566397 5.54860693259 22.8900364296 28.0556043259 175.001621798 6.35766116244 4.69721132104 11.7959182088 16.8427632821 5.4166139726 -9999.0 54.2522834938 44.6976869513 11.3518077051 -9999.0 -9999.0 -9999.0 -9999.0 -9999.0 -9999.0 -9999.0 -9999.0 -9999.0 -9999.0 -9999.0 -9999.0 -9999.0 -9999.0 -9999.0 -9999.0 -9999.0 -9999.0 -9999.0 -9999.0 -9999.0 -9999.0 -9999.0 -9999.0 -9999.0 -9999.0 -9999.0 -9999.0 -9999.0
-9999.0 -9999.0 -9999.0 -9999.0 -9999.0 -9999.0 7.92610942121 6.71018087793 6.33117519507 6.58070428934 6.82333643786 48.2690627186 100.623665243 106.781600833 110.768919245 3.6183970743 184.023068626 188.628527232 9.53953214138 5.10995814078 21.7472807229 37.3896149306 6.1528481019 74.3751304845 5.88877712963 6.67725234812 6.21076403651 -9999.0 -9999.0 -9999.0 -9999.0 -9999.0 -9999.0 -9999.0 -9999.0 -9999.0 -9999.0 -9999.0 -9999.0 -9999.0 -9999.0 -9999.0 -9999.0 -9999.0 -9999.0 -9999.0 -9999.0 -9999.0 -9999.0 -9999.0 -9999.0 -9999.0 -9999.0 -9999.0 -9999.0
-9999.0 -9999.0 -9999.0 -9999.0 -9999.0 -9999.0 16.0687635511 23.4324227096 51.758905845 70.4330572008 5.43256442703 5.82996059909 5.41459602316 15.4611123127 130.634940021 3.57633589949 192.847873926 211.143899769 14.2028967535 9.23567628165 41.7489814996 4.96313952323 79.2980092288 10.0684191688 5.18924434653 11.6298572674 12.2979458623 6.18534141044 6.47954539786 6.14401938174 7.1708775624 14.2899911406 -9999.0 -9999.0 -9999.0 -9999.0 -9999.0 -9999.0 -9999.0 -9999.0 -9999.0 -9999.0 -9999.0 -9999.0 -9999.0 -9999.0 -9999.0 -9999.0 -9999.0 -9999.0 -9999.0 -9999.0 -9999.0 -9999.0 -9999.0
-9999.0 -9999.0 -9999.0 -9999.0 -9999.0 9.8269003761 18.2652136293 8.35730021457 15.7201157019 78.089214386 90.4590502214 102.618409269 353.57624229 5.06625989609 135.647181011 534.312606206 537.994490108 756.109630974 4.34452866805 13.1560632453 46.1364171284 4.31522076259 138.337483497 54.3240093902 34.5525321534 29.3285736233 5.9292141079 18.3888930308 18.5001652233 12.2670071096 5.99541490536 20.5792793374 6.01224878701 5.82329457405 -9999.0 -9999.0 -9999.0 -9999.0 -9999.0 -9999.0 -9999.0 -9999.0 -9999.0 -9999.0 -9999.0 -9999.0 -9999.0 -9999.0 -9999.0 -9999.0 -9999.0 -9999.0 -9999.0 -9999.0 -9999.0
-9999.0 -9999.0 -9999.0 -9999.0 -9999.0 9.99352561009 28.1747978109 55.3817718554 63.095392449 124.067048876 130.849365602 152.963282771 246.112186375 373.192584492 385.104901095 390.505868255 8.31974874138 771.501380327 779.441182165 801.323882879 1003.34136453 151.768852273 143.352848123 39.4213046815 4.85384494744 33.907124155 23.5444603687 4.82621541996 23.7088706149 4.89965587313 10.9250411633 31.5205559247 37.230425267 11.3525924062 5.67961144213 5.43497239716 -9999.0 -9999.0 -9999.0 -9999.0 10.1008037203 9.47946258926 -9999.0 -9999.0 -9999.0 -9999.0 -9999.0 -9999.0 -9999.0 -9999.0 -9999.0 -9999.0 -9999.0 -9999.0 -9999.0
-9999.0 -9999.0 -9999.0 -9999.0 -9999.0 9.30777455265 8.40070982541 37.1207982009 45.1747850679 53.7137454026 7.6446315094 14.9684000848 88.6994138023 16.1212103089 6.6522367912 5.50374823272 4.54531522296 5.30204502351 4.83536644809 5.30254755606 1007.96381475 1021.06323395 4.32878498913 13.8354244707 9.62868659015 38.4722148968 9.78772177578 4.63266665243 29.0892028988 9.50933494779 23.7552091417 64.3233921055 59.6979212937 16.8515565736 16.6307096593 5.76131247479 5.80349640655 -9999.0 -9999.0 5.887358561 19.910259223 49.4115506289 10.1494872631 -9999.0 -9999.0 -9999.0 -9999.0 -9999.0 -9999.0 -9999.0 -9999.0 -9999.0 -9999.0 -9999.0 -9999.0
-9999.0 -9999.0 -9999.0 -9999.0 -9999.0 -9999.0 10.0367078436 10.3594638288 18.1091747871 26.5002643489 58.6937502608 74.3866606803 82.3523293711 9.03809917084 5.26396447221 80.5008444699 96.8891424302 101.700237738 123.084890492 127.583812896 4.56696340856 1025.73038259 1047.47064505 17.1603886829 2.07067648939 41.8604378398 93.8566080954 38.092197856 8.88203791186 4.44851891817 97.3233841057 69.1828746723 4.78914669559 4.66335581156 21.6134442819 16.8102799301 5.4105389468 5.11234273676 5.67287344063 11.3663016551 5.47100802998 59.8779298282 65.3276497816 5.00647508415 -9999.0 -9999.0 -9999.0 -9999.0 6.31444147051 5.82578677794 1.6752026956 -9999.0 -9999.0 -9999.0 -9999.0
-9999.0 -9999.0 -9999.0 -9999.0 -9999.0 -9999.0 -9999.0 9.35676988631 7.30917239055 16.3691175689 24.9807590882 7.89569762522 6.32395427005 43.8550218338 56.7766002817 70.1576049118 5.94578232712 11.3461007493 5.63454435327 132.445720095 314.644591597 323.151010698 1382.0395108 4.27420089104 5.88938310755 1.72517951029 97.9575213682 4.27813930475 13.4307252258 4.34258642993 101.899313548 106.460132868 9.60408260478 9.29449971225 54.5126176006 27.5545710205 10.5073403655 5.39805286589 11.2653089464 16.8490754912 27.5042054743 5.13726278949 75.2251813478 80.0439283046 4.38450332174 4.80693560609 5.13093945982 4.51290896735 4.30444114086 16.9106884959 6.35720098107 3.98631553061 -9999.0 -9999.0 -9999.0
-9999.0 -9999.0 -9999.0 -9999.0 -9999.0 -9999.0 -9999.0 -9999.0 16.4299974491 22.8456307568 7.89900272324 16.5030337383 23.9310520202 38.2944742123 7.43417052542 6.89575749051 5.37221253093 5.43453847682 4.64468226936 171.804148243 6.06957718515 11.5190736469 1402.52061652 1414.28013613 3.65511009218 13.2532780341 114.884909474 8.29022833774 17.1708506313 7.90913757018 11.6419995865 124.012648849 13.6802102469 76.5071974225 63.2375989648 4.27992956132 25.7528597358 10.4802278109 16.1967187166 4.84086582436 32.3855569288 42.1128466239 46.1900359706 49.9955333124 96.3697110527 8.28499292103 8.98563569001 8.00464598141 7.55043252467 20.8032970268 4.0893760601 14.5689859062 18.2377068655 -9999.0 -9999.0
-9999.0 -9999.0 -9999.0 -9999.0 -9999.0 -9999.0 -9999.0 -9999.0 9.18854910263 41.3161334253 48.800512529 7.45994466674 14.3754375946 6.87624174108 5.95712588511 5.8185263716 77.5573794592 103.725280977 131.152909747 162.377179185 7.19782759955 5.70439065501 5.05095258509 1443.83190894 1459.36279637 1463.82059268 152.838645648 33.6493569352 29.493338838 3.61157333761 15.2428493617 143.051089545 3.88200919355 80.4671227088 4.37320386814 33.1723182888 30.9818272326 4.94885314318 21.1177311088 9.69841701484 14.5388156491 4.41467090343 3.63620220714 53.7392545782 57.1811664601 99.8009992043 12.8033144849 11.5894431335 11.0414011414 25.0965153733 33.407967842 4.1462756416 22.0790504569 4.16494083784 7.78653107217
-9999.0 -9999.0 -9999.0 -9999.0 -9999.0 -9999.0 -9999.0 -9999.0 -9999.0 10.2624520835 57.5472615739 64.958096151 21.5627780171 35.564496349 47.9117587422 54.3674168332 6.87965232559 20.7250390616 13.7688933862 7.37922949954 6.89778134733 5.73422245613 11.1030347506 18.9589964558 6.91058506856 1629.48953563 1633.55070153 3.51877233896 2.93415471151 7.15626227715 10.6764567534 154.047075706 7.46262066804 83.8299766441 49.5480820837 41.4355476648 4.55234581051 9.31129788509 25.3985843805 4.28021799513 18.7561760493 8.59567268585 5.31889761701 1.65660927593 63.7897975156 166.291560658 15.2675410565 14.1217993974 14.3129728057 3.33063886207 36.7747642992 3.25219267244 29.4379443229 3.51771254423 11.4035254462
-9999.0 -9999.0 -9999.0 -9999.0 -9999.0 -9999.0 -9999.0 -9999.0 -9999.0 -9999.0 7.6690638219 80.1793414946 6.93547596505 13.7024994609 19.6677922205 31.4331721657 6.18375915369 13.4787850397 6.46093112078 5.7746733129 5.37843861437 10.615535017 4.68289559907 4.85036931854 9.32750848575 5.65418896878 1639.26224508 1647.36285249 1658.52393555 14.0325463307 3.60652046933 7.18917522409 157.984070704 152.444258232 57.958031437 4.12132155377 18.1288809353 13.6725778548 29.6957545864 8.53782135861 35.9531667546 12.8218622481 8.47655512548 0.877354783876 1.97661445979 169.942917613 173.18134925 205.266852875 24.7091823898 6.86471344234 40.4812096795 47.349477359 79.9485332874 6.95337299914 3.18963744069
-9999.0 -9999.0 -9999.0 -9999.0 -9999.0 -9999.0 -9999.0 -9999.0 -9999.0 -9999.0 -9999.0 4.51940009902 88.7846926257 6.43992451369 12.5081305651 56.117403435 6.37360360497 6.23547228832 5.05092115511 11.1831448299 5.64853683959 21.7739091441 31.1072422443 35.33623163 13.0672408036 16.408475865 3.91738140489 4.88353237698 5.11475119642 1681.51920094 1691.84652458 161.07137671 159.100623645 155.812333702 7.20874343134 3.44145189977 21.9609252763 59.4892801381 33.7052518601 12.4723275398 52.3770840521 15.3460952545 11.6938787894 1.67006729213 0.715403454892 0.663810585183 1.03245673966 212.147243801 246.600525672 3.20975799752 2.96030794246 3.23490890426 83.0791343937 92.8811999038 5.45848855463
-9999.0 -9999.0 -9999.0 -9999.0 -9999.0 -9999.0 -9999.0 -9999.0 -9999.0 -9999.0 -9999.0 3.83945731863 97.5323556509 120.942266629 6.24292170899 68.4076841259 5.63884650632 5.18392753985 10.3420211988 27.021668028 5.29750065717 5.8041387083 4.57216152942 44.4318690607 48.6109766269 69.5308205247 76.7582037537 80.0905064733 83.6072857416 87.0386859926 1783.38654859 1950.56155677 2115.62116668 2119.26986798 3.04407895617 3.3431611119 67.2064215191 63.3822457062 3.91385043554 3.60298900521 56.1038949973 75.4737745068 2.92897239247 33.1849973372 31.4523884457 4.92835074325 2.4502069405 4.46378646435 3.75177209028 252.76115512 3.20426635259 8.94454728671 11.2334028714 110.985124925 117.506457906
-9999.0 -9999.0 -9999.0 -9999.0 -9999.0 -9999.0 -9999.0 -9999.0 -9999.0 -9999.0 -9999.0 9.23925974414 17.1930923367 128.480810525 140.324322647 5.96897696164 82.987488781 4.72685703497 14.4339112295 31.830912608 10.1884288349 4.8476511119 9.99277299179 3.98443642474 7.48503065857 3.60730338318 2.97424113668 1.8862596836 1.52250256883 1.12132554896 0.924972960902 1.6815331814 2.82376487395 4.3128433037 2129.91510089 78.0831941508 72.0014862235 2.23219208608 10.7691539388 2.48550063336 2.19980198779 79.07494186 123.363601597 37.4681474901 29.832250783 3.31417471009 1.30265789745 1.05173318481 3.59310051026 259.544916522 265.684229034 3.24732507916 3.39473708767 2.3550894156 1.24625594613
-9999.0 -9999.0 -9999.0 -9999.0 -9999.0 -9999.0 -9999.0 -9999.0 -9999.0 -9999.0 -9999.0 -9999.0 6.68976513657 114.498302181 261.480063377 282.403016188 371.288297009 379.937619891 74.5485814152 52.0087515359 15.1737284494 4.72384865344 19.2345739546 23.556453693 34.7776516745 7.49709697122 6.47208834689 5.49135424429 10.5001974699 4.5105944045 4.07185593588 2.06386137692 0.858526941104 0.813261378819 2132.87531909 2213.15651622 2216.95216129 2.24082522248 27.840380025 12.2921440991 3.97345250675 136.498381518 9.61807566838 5.06152297242 21.6926740573 3.50295201446 2.76229924071 5.15593629162 7.5076912222 10.3489895203 270.616880633 2.3074013454 1.97326557077 1.97594302114 1.25441264959
-9999.0 -9999.0 -9999.0 -9999.0 -9999.0 -9999.0 -9999.0 -9999.0 -9999.0 -9999.0 -9999.0 8.52625891355 89.3470868583 107.20874237 15.2729759298 4.77883782485 9.62705084516 395.098300733 401.580955745 484.322427368 4.2491695019 8.89932067292 3.74949252775 3.83453064684 38.5026025565 49.706505192 59.1620827968 3.16913140652 13.6747564596 21.2728523938 12.1343229598 5.11286213909 2.90879188104 1.83585670116 1.99900705078 0.965355629542 2219.5111027 2221.31413958 2252.68659082 6.30245893358 3.43902619361 141.96758179 10.5524072044 5.52888524575 6.46932402243 6.39985593943 5.52084339566 8.76985342294 25.3044090073 38.9360774752 311.955536912 1.66662866457 5.03556906788 3.43365870334 2.54637734753
-9999.0 -9999.0 -9999.0 -9999.0 -9999.0 -9999.0 -9999.0 -9999.0 -9999.0 -9999.0 -9999.0 8.90070591673 65.9887292053 9.4049817066 7.20439794536 43.3222620848 49.3108997429 55.2286616423 60.2457631834 677.489892348 681.831694684 690.491253092 761.075860428 772.432351385 778.168100443 782.080512724 847.021448039 854.489753492 857.728245766 882.575192073 898.496065914 901.564241055 909.418173464 4.73323453778 3.33063795183 0.408539027317 0.458624608875 2223.31373029 2263.16499246 8.80462061478 170.918298672 167.386417061 19.531195032 4.53166947232 4.71161805069 4.44014585086 4.61708484689 9.33803580474 13.278171214 3.75536025093 314.237708142 316.716149876 327.233441047 329.174014585 333.497661799
-9999.0 -9999.0 -9999.0 -9999.0 -9999.0 -9999.0 -9999.0 -9999.0 -9999.0 -9999.0 -9999.0 36.0566229345 47.0877488992 20.1444149543 29.2145480287 8.82840137723 103.649418802 110.463270507 123.831104502 128.184079652 42.4592123732 740.56741863 744.809607504 3.46161175984 1.84654693887 1.5082854904 3.5599148842 1.57420565943 0.97014441919 0.861613935936 1.03674132468 903.652790722 911.912441822 920.601029151 927.216246226 929.180471707 0.650182836256 0.217967474613 2441.06475545 176.391639039 174.791656565 3.72745588652 3.62617478114 3.35190851051 8.26911039036 8.00754911379 3.64756958828 3.67707363116 3.3945298414 7.03416591588 9.102640196 1.56722905273 2.60723719822 0.870372055188 0.292591727889
-9999.0 -9999.0 -9999.0 -9999.0 -9999.0 -9999.0 -9999.0 -9999.0 -9999.0 -9999.0 -9999.0 -9999.0 24.7715008742 10.7144458648 8.88871705526 89.9139928014 97.2857366669 7.28503463783 28.320654177 34.2424343255 38.6156116159 5.38816178652 3.37598797397 118.193787605 120.675629697 122.844153365 325.42838781 326.651335712 328.460616283 344.466034729 349.989644867 350.670317348 0.802464636401 0.887369302553 0.969895446978 931.683384549 0.712049707281 2467.20587767 2465.71489142 23.3824758551 21.3235513878 14.1554585424 3.59442573521 6.59410193427 11.8215158371 11.6125789021 7.12275865511 3.46278148638 6.76800974052 6.68703083126 11.8927715118 1.28607868256 3.65184407302 6.28191637616 6.93745341527
