data/baseflow/mHMbf_acc422.asc
ncols                  80
nrows                 72
xllcorner      4374000.0
yllcorner      5656000.0
cellsize            500
NODATA_value       -9999
[rows 25 to 49 of 72, columns 0 to 54 of 80]
-9999.0 -9999.0 -9999.0 -9999.0 -9999.0 -9999.0 -9999.0 -9999.0 -9999.0 -9999.0 -9999.0 -9999.0 31.4711980677 62.4587436358 29.2434535356 59.1701671358 27.3726730935 202.501456906 255.421233002 282.336819058 25.0213679822 49.0998597459 452.532269556 566.733757306 588.160380206 45.2321696358 40.0482877736 60.1585313657 18.3986214848 17.2508174205 32.5060776231 12.8786321885 676.918203232 691.015228766 699.554949499 5785.05807676 10841.7539834 10772.5288658 19.0877989231 9.14625995484 8.17462120026 36.8920883474 28.5468495976 60.0062669233 78.6204142164 156.309704889 14.319409306 14.304181672 130.826469275 144.914785249 275.653167946 282.934336409 307.145837672 314.463883462 5.97516555464
-9999.0 -9999.0 -9999.0 -9999.0 -9999.0 -9999.0 -9999.0 -9999.0 -9999.0 -9999.0 -9999.0 -9999.0 -9999.0 30.5743747942 60.5116111202 90.3130113604 146.511242733 29.0278054188 27.0215985684 172.484273191 197.470202151 405.188149859 429.718152695 70.766902953 24.0236211148 22.6080094313 19.7691202156 584.74668133 601.600227632 619.716843801 635.477808024 663.022774016 137.991225597 147.19572274 853.578023906 17486.3603953 59.6301496876 47.9934748472 27.2775657732 7.0715363688 6.71518796895 52.5137860758 57.8366356164 74.5478683411 7.69748454482 166.636083332 26.9835765167 26.8170339072 7.13917292176 4.43201580463 3.44479686519 2.60606865587 3.26936518444 319.263891088 3696.51439851
-9999.0 -9999.0 -9999.0 -9999.0 -9999.0 -9999.0 -9999.0 -9999.0 -9999.0 -9999.0 -9999.0 -9999.0 -9999.0 -9999.0 29.6422057772 51.9571791764 71.5834979806 91.5303300494 118.547782631 146.093059854 80.659374184 133.230563726 24.5402959411 24.2434157946 474.923797035 521.844502509 543.80416444 566.783967067 17.9879776305 33.9959703338 88.3887438195 107.707962313 124.575749705 11.3584342199 5.9073270933 17511.2859729 10.7332641485 12.0081475646 5.76336300077 28.464867522 14.0866931009 5.45117436257 137.930917676 141.441481843 3.39548857554 170.071242452 201.163434858 31.9766116318 3843.63466878 3832.94002601 3824.49384113 3811.04918605 3806.27315859 3727.12016492 3723.39785184
-9999.0 -9999.0 -9999.0 -9999.0 -9999.0 -9999.0 -9999.0 -9999.0 -9999.0 -9999.0 -9999.0 -9999.0 -9999.0 -9999.0 5.13611233403 11.6689851085 19.5219502639 179.764996543 207.930632896 28.210500877 26.9972761459 26.4886264696 378.084539184 428.294395824 24.1348900307 24.7447503029 21.5590195027 87.4831665441 108.702666411 55.5857155187 73.0751241302 496.896297921 515.232002726 539.442065902 861.252364504 18378.9012604 9.49658311614 4.88887779151 42.8116561967 35.9885865723 4.76684168923 15.0545502772 19.2692486801 145.780012977 149.173731591 361.174305887 205.400066343 38.7204406319 3925.67789143 25.6446780429 3817.6550938 3814.49754268 74.3176605026 5.46651854782 22.5438360411
-9999.0 -9999.0 -9999.0 -9999.0 -9999.0 -9999.0 -9999.0 -9999.0 -9999.0 -9999.0 -9999.0 -9999.0 -9999.0 -9999.0 25.6480692428 42.3678936276 88.9344595283 155.301931799 225.569350976 274.769211513 301.574148527 328.42277726 354.052524689 24.9251818882 23.267679312 46.1162066539 43.7490239363 22.3324555069 426.602515976 447.497087329 467.057004076 485.914293415 288.68015674 305.120920548 315.974422019 18384.2620345 16.5883207081 10.845420729 59.6089346574 7.62729431888 7.76339433241 3.8022567254 3.95860124726 22.7419419428 2.87060175716 3.03745971614 4301.48970565 3938.10185358 3935.2052531 10.5536091933 22.1430413568 14.7037714273 3.72404083947 66.5133266093 19.4506800124
-9999.0 -9999.0 -9999.0 -9999.0 -9999.0 -9999.0 -9999.0 -9999.0 -9999.0 -9999.0 -9999.0 -9999.0 -9999.0 -9999.0 17.7398288441 16.8905252094 33.2117266824 50.1166952741 25.4582275481 29.2233372307 56.6042185791 83.7840393501 134.927857105 160.324746467 183.491803515 253.272788065 274.823303139 297.494686839 20.8974522218 212.321455859 231.863983687 251.774544573 18.8850433991 13.9639967632 23.2618013002 18727.8421905 18732.8661309 18758.2398608 81.6020217774 15.8393908264 13.0381229653 3.65013315856 6.97314657692 25.7578143421 31.2058958366 5.47463648743 4313.69959297 3.38489807188 5.36260168512 6.07586189119 3.90091172197 8.05615195406 3.25212493161 42.7358280642 34.6617362733
-9999.0 -9999.0 -9999.0 -9999.0 -9999.0 -9999.0 -9999.0 -9999.0 -9999.0 -9999.0 -9999.0 -9999.0 -9999.0 -9999.0 -9999.0 16.371300664 32.2074278501 15.4294588971 31.7226248515 200.834065864 224.006532333 250.897795029 25.5008554267 25.5188824671 48.7887329223 72.3879743944 115.03294794 136.811575519 150.608079181 170.825306344 18.5157547785 18.5706354651 287.644506748 300.347758327 308.089278649 314.835514626 257.783156433 19043.6553049 19163.125052 19169.6380317 19188.5987358 19212.0323297 19221.3656027 2.63486488226 33.6819711404 4315.95417277 5.37277938541 2.74849852279 2.45119964713 2.41316360522 4.37751174693 4.77580884486 2.69589359269 4.05871764958 4.03458297933
-9999.0 -9999.0 -9999.0 -9999.0 -9999.0 -9999.0 -9999.0 -9999.0 -9999.0 -9999.0 -9999.0 -9999.0 -9999.0 -9999.0 -9999.0 -9999.0 47.8218915696 64.322252687 112.915117359 151.337394999 20.708025203 299.690266055 324.66167756 349.30057054 23.8327668794 47.1024709384 21.145734574 157.773426001 170.777230718 189.387729356 208.702636459 260.418245852 270.233717067 6.15470292095 233.085678959 246.082275301 251.594292505 280.088714963 32.5159375573 19.4964901724 11.6789028424 11.6446839137 19230.7853804 19233.7785391 19287.3420445 4317.86220819 14.3729965878 7.21318998916 4.60320686592 1.7614721113 14.3003535402 7.82010479955 2.34374815984 12.8181259249 10.8141207213
-9999.0 -9999.0 -9999.0 -9999.0 -9999.0 -9999.0 -9999.0 -9999.0 -9999.0 -9999.0 -9999.0 -9999.0 -9999.0 -9999.0 -9999.0 -9999.0 16.7982179658 80.6247048163 97.5319604205 22.2775774073 27.3187882292 54.6266161718 79.9523290103 454.019183847 23.7472257174 95.0895428853 116.632748996 137.913586141 13.6891699711 31.432126215 44.7267419289 183.776173589 209.211978914 214.374592025 6.26182339946 6.99580543596 9.04264636722 16.6686756439 7.59102346313 8.1243397844 10.0172891362 10.850269696 9.91801101104 17.8876679478 19290.6035168 23616.3433735 17.3622288805 5.17097584243 1.63813507409 44.3482000143 40.5147982078 23.7884370356 21.3689401877 16.1258768192 3.71048881815
-9999.0 -9999.0 -9999.0 -9999.0 -9999.0 -9999.0 -9999.0 -9999.0 -9999.0 -9999.0 -9999.0 -9999.0 -9999.0 -9999.0 -9999.0 14.8350476696 46.8792816662 15.3079392093 26.6219172813 29.5125935255 56.7809254133 83.4611615741 105.055397677 574.714296613 597.696856041 23.5094280762 45.0433134552 66.6694412973 83.2996683002 102.370220729 165.787925689 176.933240842 18.441958571 12.4353871983 10.7142305034 9.05181264002 10.6058586068 11.5555122837 10.5231582055 15.5097569247 31.3292169126 14.9140238151 2.75826539893 2.64949110125 2.82181964479 5.37957683679 23773.6032393 133.655323393 52.134396201 3.96864601858 1.90417257802 1.36207362198 5.07140381698 3.63714727572 1.93583718261
-9999.0 -9999.0 -9999.0 -9999.0 -9999.0 -9999.0 -9999.0 -9999.0 -9999.0 -9999.0 -9999.0 -9999.0 -9999.0 -9999.0 15.7360127977 30.1065990575 106.776649391 14.7111508142 47.273133128 76.4912197183 104.164159188 27.836237416 52.6415364269 71.5700539271 683.931256423 22.6762833409 43.4000716516 64.51408582 19.7983718543 39.6005258689 57.8608891629 69.8388195821 1358.57957079 1380.36826284 1398.48386066 1460.67569076 1492.59770557 1544.27104449 14.0073382581 34.6659879407 37.1655251948 1682.70185837 1688.23914731 2.47202608166 4.70783114576 6.84132713275 23775.7326905 122.042526956 64.7451084284 62.3141479233 42.3415917434 34.0742670444 6.71695869887 1.5232437185 3.17658886768
-9999.0 -9999.0 -9999.0 -9999.0 -9999.0 -9999.0 -9999.0 -9999.0 -9999.0 -9999.0 -9999.0 -9999.0 -9999.0 -9999.0 15.7838096808 47.8192263364 170.163577941 250.838762494 13.211039205 327.366816736 447.057579227 26.4319106966 50.941494559 71.4089209186 885.367103514 901.228677517 17.5192342004 100.102415197 117.165231751 134.729384192 1214.43912411 1256.91683797 1274.98020345 8.16848483646 46.0748324235 54.2024740252 20.8933172202 29.093296525 1585.01255073 1631.29080256 1636.92769541 1642.19374588 1694.10568133 2.88202584869 2.41774599796 11.1714062807 23777.3542154 2.56130438838 6.00822855662 17.9231686845 6.41893412135 30.9445762954 21.1593673947 12.3943129376 8.94539028142
-9999.0 -9999.0 -9999.0 -9999.0 -9999.0 -9999.0 -9999.0 -9999.0 -9999.0 -9999.0 -9999.0 -9999.0 -9999.0 -9999.0 -9999.0 -9999.0 32.9237094015 66.1359754403 296.48525565 312.647130207 461.309527127 476.91986855 25.5054341429 50.9073478882 117.169170623 913.923946996 947.759044464 961.813994895 11.4416570909 1015.99987359 1062.0736767 26.352911991 8.28132574208 16.4412105783 31.2869188069 7.27195910637 13.9353467746 29.4571765336 35.8024556609 6.5075673238 4.26481073761 8.24926190652 1729.49378773 1741.71957305 1743.8077861 1760.54335191 23778.7755967 2.05143626845 4.45623672477 5.14037916196 4.78704482983 4.89843446685 4.1185031858 7.77138205873 1.20231400473
-9999.0 -9999.0 -9999.0 -9999.0 -9999.0 -9999.0 -9999.0 -9999.0 -9999.0 -9999.0 -9999.0 -9999.0 -9999.0 -9999.0 -9999.0 -9999.0 17.0844897147 16.7441043687 16.2721142041 32.4079516977 13.9706963699 504.818983997 519.042856421 22.36781696 45.5604365328 21.4016007684 16.8395371934 16.2918479844 992.806394745 16.0071526883 32.2226905225 13.0925370508 9.07918319759 7.60455592087 5.72199859168 5.94558566152 17.6763367706 24.1316869272 4.45573691867 3.92306246462 8.25726584822 13.6035209562 21.0703912742 7.2102692969 1747.17452955 1762.51798556 23779.6542303 15.3228038923 11.0305360765 3.1892818727 7.33616285367 2.59737896665 2.00478483172 9.92410209954 6.17030296478
-9999.0 -9999.0 -9999.0 -9999.0 -9999.0 -9999.0 -9999.0 -9999.0 -9999.0 -9999.0 -9999.0 -9999.0 -9999.0 -9999.0 -9999.0 -9999.0 -9999.0 -9999.0 16.5126085631 47.5156980325 60.7095687623 74.3322913763 532.424300755 545.939484995 559.441103366 575.614500769 591.527546407 624.463358169 639.203867048 654.737309991 666.207889273 8.57556732762 7.78795152628 7.83323512335 25.7519688818 6.60111223181 6.04312887362 4.81339583271 13.56741652 5.13127014516 3.85762636265 3.59230460419 3.17457576408 6.33578235467 8.86843079547 1779.55868827 25575.4989085 2.15756215931 3.60908095764 2.74642044612 10.0966544313 5.58747863705 4.02792729343 21.2729676971 10.519102237
-9999.0 -9999.0 -9999.0 -9999.0 -9999.0 -9999.0 -9999.0 -9999.0 -9999.0 -9999.0 -9999.0 -9999.0 -9999.0 -9999.0 -9999.0 -9999.0 -9999.0 -9999.0 -9999.0 13.9599144208 108.907554051 212.787706526 226.637030927 19.8406682328 41.8110519292 65.0483615165 84.8651221116 211.654857812 221.491763822 9.37270389554 8.91312919002 683.616193639 698.721638839 705.712654757 30.5455211807 4.01064779209 9.4110641987 13.9232812851 42.0013007403 51.5459210341 58.8057878306 6.69182060884 9.1859977496 2.94495094746 5.70760264939 2.86511788747 25579.9561058 1.54590711382 6.8278250947 4.00284384164 15.1797981161 28.2398784366 33.0727422211 55.2574547902 14.1826970574
-9999.0 -9999.0 -9999.0 -9999.0 -9999.0 -9999.0 -9999.0 -9999.0 -9999.0 -9999.0 -9999.0 -9999.0 -9999.0 -9999.0 -9999.0 -9999.0 -9999.0 -9999.0 15.3615566209 48.672509799 95.3025786219 124.609075521 315.434845408 332.198359174 47.5896354667 70.8896169288 91.5902517352 110.996701007 234.253812644 254.369667421 470.585856503 489.577874086 497.831388336 712.019300771 756.700920005 9.49474283492 5.97547467806 5.64861773934 10.5088866858 4.70900102206 67.8880309686 71.2821969317 11.9693446007 17.8111501166 4.07667054161 4869.30482129 4874.73949931 30456.6154324 30464.9046771 1.913889774 19.2910035507 2.33356784321 1.56689494754 58.4084581573 73.6692080215
-9999.0 -9999.0 -9999.0 -9999.0 -9999.0 -9999.0 -9999.0 -9999.0 -9999.0 -9999.0 -9999.0 -9999.0 -9999.0 -9999.0 -9999.0 -9999.0 -9999.0 -9999.0 -9999.0 17.2817372854 16.7327722679 31.7615941053 75.3057167739 346.183168362 24.1882440461 23.9124945099 44.3056071985 65.0808655471 165.915443473 182.908262126 13.846237696 11.9632799647 507.523743349 513.462868356 1276.9986705 1283.08497721 3.17422243162 2.84352328392 2.29030013898 2.30920092395 2.46061896025 4797.66525491 4817.02157244 4841.34686826 4851.69207265 4864.37773278 2.95744711331 10.7476825538 12.4830659679 30480.6734503 30481.1155289 30484.0585519 30488.7045975 30492.8586233 76.3173016724
-9999.0 -9999.0 -9999.0 -9999.0 -9999.0 -9999.0 -9999.0 -9999.0 -9999.0 -9999.0 -9999.0 -9999.0 -9999.0 -9999.0 -9999.0 -9999.0 -9999.0 -9999.0 -9999.0 -9999.0 15.4525565939 16.1157055175 29.8692795952 404.452884946 418.935031601 23.6539947471 43.9543111847 64.959138902 84.591636317 18.5926190338 33.1925549863 1020.69229841 1028.30034419 1038.51465972 1102.06931474 2393.82785523 4666.5123393 4674.28605747 4680.90916582 4687.34413084 4714.51660134 4723.23715054 15.479991231 6.91244011168 4.05243766394 7.61141049849 5.29734124753 8.46789786052 2.54269243221 61.3152716594 65.5273192453 69.6899042427 70.4941541724 30493.5673967 30572.41632
-9999.0 -9999.0 -9999.0 -9999.0 -9999.0 -9999.0 -9999.0 -9999.0 -9999.0 -9999.0 -9999.0 -9999.0 -9999.0 -9999.0 -9999.0 -9999.0 -9999.0 -9999.0 -9999.0 -9999.0 -9999.0 15.6745298309 29.9508227977 44.3195666783 431.119581747 16.1873663733 593.599200108 615.068093825 634.456142698 650.332010294 959.541102563 973.940545911 7.66095654951 45.8429979117 54.5033338538 6.62278042311 2265.16509874 2253.2041239 3.58764574164 8.17674702517 21.4595074894 4.68935924657 4.7012967856 3.43078252323 2.79330670799 2.19724201701 2.44706309609 53.8802092113 56.3329504883 59.2923453408 2.90121033197 3.17262937244 72.1846048557 73.0752301598 73.6411479112
-9999.0 -9999.0 -9999.0 -9999.0 -9999.0 -9999.0 -9999.0 -9999.0 -9999.0 -9999.0 -9999.0 -9999.0 -9999.0 -9999.0 -9999.0 -9999.0 -9999.0 -9999.0 -9999.0 -9999.0 -9999.0 14.401750611 13.4078446396 69.3263058138 527.985033484 557.74949 573.370257008 20.0525316712 265.267151539 284.377709712 293.582797242 13.8798705497 22.2870574246 28.8866570129 547.93512465 553.282345219 557.723979018 2245.35326807 1325.24269244 4.41944878974 4.50577048418 4.33854041914 3.25112198877 33.5051559456 39.8349235209 45.4032379504 48.376490758 51.2372571512 477.798706774 479.795876705 484.44720393 496.577643695 524.739351762 525.505510303 599.863559993
-9999.0 -9999.0 -9999.0 -9999.0 -9999.0 -9999.0 -9999.0 -9999.0 -9999.0 -9999.0 -9999.0 -9999.0 -9999.0 -9999.0 -9999.0 -9999.0 -9999.0 -9999.0 -9999.0 -9999.0 -9999.0 -9999.0 27.9937418044 42.5375731705 14.6065365416 24.0215602145 191.993809056 212.417258551 227.575712693 110.698120514 127.74134238 144.06791035 152.405307556 536.336914787 543.515591768 347.796402786 910.848991947 915.800468768 1321.55410929 8.87711329944 4.41591773327 3.14353199545 23.3087642619 27.1413512272 2.19968645837 2.04944889343 468.898103977 473.707606753 475.937756265 5.17961217576 8.34399535381 521.0498057 1.80741959054 4.88715884756 5.44036763211
-9999.0 -9999.0 -9999.0 -9999.0 -9999.0 -9999.0 -9999.0 -9999.0 -9999.0 -9999.0 -9999.0 -9999.0 -9999.0 -9999.0 -9999.0 -9999.0 -9999.0 -9999.0 -9999.0 -9999.0 -9999.0 -9999.0 13.9222695745 27.5423998688 113.459582693 128.421205186 146.574855522 77.9694019664 93.7908130699 17.1184567289 349.053734015 364.053264828 376.803983116 8.7543773415 334.449328774 341.907314518 5.23794986169 1297.91796698 10.3730978582 5.17576066791 12.6473134104 17.0779035265 3.15864674151 2.60065125876 444.146863618 464.592815112 467.391156597 2.97887433466 6.14005106174 7.91566812006 9.96344833095 20.068615677 1.82255183223 3.99628304413 0.793280483557
-9999.0 -9999.0 -9999.0 -9999.0 -9999.0 -9999.0 -9999.0 -9999.0 -9999.0 -9999.0 -9999.0 -9999.0 -9999.0 -9999.0 -9999.0 -9999.0 -9999.0 -9999.0 -9999.0 -9999.0 -9999.0 -9999.0 13.7468473323 42.5607310079 72.7117408244 17.1117460632 39.6100936225 59.8932093493 282.87157681 301.437895793 317.184941531 14.6731197533 270.574261693 310.571235862 319.687899111 7.54811337533 1276.15470667 1287.83526122 5.27124440232 4.79571115504 9.19377891758 3.5882076245 427.632637252 433.792695408 437.16708239 13.0421203347 15.91874947 2.49148945106 4.38764132893 1.91280363116 14.1191909696 1.92259841376 1.03860003915 1.04151407698 1.03221905741
-9999.0 -9999.0 -9999.0 -9999.0 -9999.0 -9999.0 -9999.0 -9999.0 -9999.0 -9999.0 -9999.0 -9999.0 -9999.0 -9999.0 -9999.0 -9999.0 -9999.0 -9999.0 -9999.0 -9999.0 -9999.0 -9999.0 -9999.0 14.5306730037 15.5580450674 20.2346101717 190.520802506 209.704797879 265.954026282 17.7091724028 208.631557951 243.272294838 14.4199775583 28.6731216643 9.65581628416 1254.24966276 8.88082076825 20.141149572 24.3186909544 28.3339272558 405.25039594 417.764525852 421.56574913 3.88736348176 7.06844652504 9.92927286183 1.71312266294 1.5526962691 1046.5856205 1048.08732632 1049.30128644 1061.31587784 1062.77589771 1064.2337093 1065.07555371
