data/baseflow/mHMbf_acc457.asc
ncols                  80
nrows                 72
xllcorner      4374000.0
yllcorner      5656000.0
cellsize            500
NODATA_value       -9999
[rows 0 to 24 of 72, columns 0 to 54 of 80]
-9999.0 -9999.0 -9999.0 -9999.0 -9999.0 -9999.0 -9999.0 -9999.0 -9999.0 -9999.0 -9999.0 -9999.0 28.0042529053 18.78736818 -9999.0 -9999.0 -9999.0 -9999.0 -9999.0 -9999.0 -9999.0 -9999.0 -9999.0 -9999.0 -9999.0 -9999.0 -9999.0 -9999.0 -9999.0 -9999.0 -9999.0 -9999.0 -9999.0 -9999.0 -9999.0 -9999.0 -9999.0 -9999.0 -9999.0 -9999.0 -9999.0 -9999.0 -9999.0 -9999.0 -9999.0 -9999.0 -9999.0 -9999.0 -9999.0 -9999.0 -9999.0 -9999.0 -9999.0 -9999.0 -9999.0
-9999.0 -9999.0 -9999.0 -9999.0 -9999.0 -9999.0 -9999.0 -9999.0 -9999.0 -9999.0 -9999.0 -9999.0 57.3482104277 114.998937786 16.0693854603 -9999.0 11.7656995326 -9999.0 -9999.0 -9999.0 -9999.0 -9999.0 -9999.0 -9999.0 -9999.0 -9999.0 -9999.0 -9999.0 -9999.0 -9999.0 -9999.0 -9999.0 -9999.0 -9999.0 -9999.0 -9999.0 -9999.0 -9999.0 -9999.0 -9999.0 -9999.0 -9999.0 -9999.0 -9999.0 -9999.0 -9999.0 -9999.0 -9999.0 -9999.0 -9999.0 -9999.0 -9999.0 -9999.0 -9999.0 -9999.0
-9999.0 -9999.0 -9999.0 -9999.0 -9999.0 -9999.0 -9999.0 -9999.0 -9999.0 -9999.0 28.5927917203 27.8496707946 28.7338681162 27.8979673396 168.678551025 187.13202048 33.006883346 10.5268471196 -9999.0 -9999.0 -9999.0 -9999.0 -9999.0 -9999.0 -9999.0 -9999.0 -9999.0 -9999.0 -9999.0 -9999.0 -9999.0 -9999.0 -9999.0 -9999.0 -9999.0 -9999.0 -9999.0 -9999.0 -9999.0 -9999.0 -9999.0 -9999.0 -9999.0 -9999.0 -9999.0 -9999.0 -9999.0 -9999.0 -9999.0 -9999.0 -9999.0 -9999.0 -9999.0 -9999.0 -9999.0
-9999.0 -9999.0 -9999.0 -9999.0 -9999.0 -9999.0 -9999.0 -9999.0 -9999.0 27.9054718866 56.2924644686 111.811512881 55.7017456917 27.2193579948 53.6146944635 213.302380687 273.464814773 12.4976645737 -9999.0 28.1019394272 -9999.0 -9999.0 -9999.0 -9999.0 22.7222689384 11.5063907701 -9999.0 -9999.0 -9999.0 -9999.0 -9999.0 -9999.0 -9999.0 -9999.0 -9999.0 -9999.0 -9999.0 -9999.0 -9999.0 -9999.0 -9999.0 -9999.0 -9999.0 -9999.0 -9999.0 -9999.0 -9999.0 -9999.0 -9999.0 -9999.0 -9999.0 -9999.0 -9999.0 -9999.0 -9999.0
-9999.0 -9999.0 -9999.0 -9999.0 -9999.0 -9999.0 -9999.0 -9999.0 30.2069133707 86.957260445 114.085232836 141.230375712 193.956655334 25.9938000862 105.010405859 130.789435995 442.499216785 21.7006556104 24.7791788961 53.8820829232 78.9776173488 25.8676724029 -9999.0 61.8411637227 50.6797065775 14.6624425786 -9999.0 -9999.0 -9999.0 -9999.0 -9999.0 -9999.0 -9999.0 -9999.0 -9999.0 -9999.0 -9999.0 -9999.0 -9999.0 -9999.0 -9999.0 -9999.0 -9999.0 -9999.0 -9999.0 -9999.0 -9999.0 -9999.0 -9999.0 -9999.0 -9999.0 -9999.0 -9999.0 -9999.0 -9999.0
-9999.0 -9999.0 -9999.0 -9999.0 -9999.0 -9999.0 29.7971840115 28.0210529743 27.7671787333 28.0264838274 28.208010748 197.624879538 418.728540224 445.684660174 470.619860433 24.7306610307 490.810040119 515.37084688 50.837500713 25.2629253023 103.649903034 180.106666181 23.7702165794 131.463433812 25.534116156 24.1313194219 26.1144224384 -9999.0 -9999.0 -9999.0 -9999.0 -9999.0 -9999.0 -9999.0 -9999.0 -9999.0 -9999.0 -9999.0 -9999.0 -9999.0 -9999.0 -9999.0 -9999.0 -9999.0 -9999.0 -9999.0 -9999.0 -9999.0 -9999.0 -9999.0 -9999.0 -9999.0 -9999.0 -9999.0 -9999.0
-9999.0 -9999.0 -9999.0 -9999.0 -9999.0 -9999.0 59.4711334602 88.0455698848 200.506221257 282.788557078 26.1133827799 26.6051384543 25.90716348 77.2137447267 572.325940912 23.721148721 540.115312263 638.906231581 77.011860284 49.49361857 204.116807375 25.3478132696 156.495769686 49.7633823081 24.8005986198 48.1954008773 51.7594703438 26.5152689488 26.6790050955 26.3633894221 27.0096639868 54.2345904442 -9999.0 -9999.0 -9999.0 -9999.0 -9999.0 -9999.0 -9999.0 -9999.0 -9999.0 -9999.0 -9999.0 -9999.0 -9999.0 -9999.0 -9999.0 -9999.0 -9999.0 -9999.0 -9999.0 -9999.0 -9999.0 -9999.0 -9999.0
-9999.0 -9999.0 -9999.0 -9999.0 -9999.0 30.8977711194 60.5654931772 29.3845087056 57.6606576381 311.429562439 365.475268372 419.009500029 1310.38161942 25.8849375592 597.779377068 2101.5770097 2120.9383236 2793.11858615 21.3067374888 74.0404282354 228.311681279 24.0879235803 431.140967532 250.16158846 150.379510225 125.378383644 25.4437882703 78.6379647023 78.3315507818 52.3271802305 25.5681853527 80.445146534 25.4408954226 25.2939557296 -9999.0 -9999.0 -9999.0 -9999.0 -9999.0 -9999.0 -9999.0 -9999.0 -9999.0 -9999.0 -9999.0 -9999.0 -9999.0 -9999.0 -9999.0 -9999.0 -9999.0 -9999.0 -9999.0 -9999.0 -9999.0
-9999.0 -9999.0 -9999.0 -9999.0 -9999.0 30.8448873766 90.5967368057 180.759192929 209.096753199 414.83284307 442.256209158 526.850630688 865.989615404 1382.56549251 1433.15216955 1456.73185178 47.0322242208 2877.90841078 2923.04436913 3046.7981596 3805.44462024 505.530734751 456.551308457 175.726212202 24.6738989289 152.141864041 102.874569471 23.6698224895 102.703739171 23.7868015595 49.9279966351 131.126416713 155.968949604 50.0488906345 24.5731625561 24.5742641558 -9999.0 -9999.0 -9999.0 -9999.0 12.3842340373 10.3930734457 -9999.0 -9999.0 -9999.0 -9999.0 -9999.0 -9999.0 -9999.0 -9999.0 -9999.0 -9999.0 -9999.0 -9999.0 -9999.0
-9999.0 -9999.0 -9999.0 -9999.0 -9999.0 30.3229042516 29.4467921999 120.116393204 148.645428961 177.857374389 28.5694302643 56.8205561034 318.853838192 57.5066199156 27.6947802876 26.5067239046 25.0710209932 28.4096062498 28.2931428241 26.8218526387 3830.83661841 3905.2217483 24.2552680667 73.3228636499 49.2420886646 176.340443912 47.6932159174 23.1659485388 127.38196513 47.2738609754 114.036335937 275.759806087 255.024244886 74.5378068605 73.0841446285 24.744795954 24.6684766085 -9999.0 -9999.0 24.6557892215 29.7714173193 61.8103312911 10.8819763106 -9999.0 -9999.0 -9999.0 -9999.0 -9999.0 -9999.0 -9999.0 -9999.0 -9999.0 -9999.0 -9999.0 -9999.0
-9999.0 -9999.0 -9999.0 -9999.0 -9999.0 -9999.0 30.8423381425 30.7540198533 60.2468271644 89.6384046488 204.920909257 262.428951429 291.953476785 30.3436604245 25.9981100065 332.449436836 411.01622537 436.533111957 540.964810516 566.289294304 25.5931050807 3930.60071014 4053.25809283 98.0527103701 23.0777950487 200.277651866 444.19529646 173.506260554 46.888983242 23.5495963339 435.63947074 299.492082117 23.1540555695 23.14977273 96.3364846167 73.2283599366 23.8565925993 22.9464242292 24.2382274173 48.5352843734 23.7562140078 75.2461107645 98.2109727336 21.5031880193 -9999.0 -9999.0 -9999.0 -9999.0 23.1801669748 22.2927216435 6.89069823422 -9999.0 -9999.0 -9999.0 -9999.0
-9999.0 -9999.0 -9999.0 -9999.0 -9999.0 -9999.0 -9999.0 30.8693925275 28.3583339268 57.8884588398 87.1891315914 29.024307394 28.9760439778 171.296126789 225.835770172 280.959609628 26.6084452269 52.7539176277 26.4767442823 591.610289326 1284.40984429 1297.82551748 5394.50495622 24.8947739598 68.8669598958 22.4269593691 467.286216938 23.2995111189 70.67584213 23.3417521211 458.819686584 481.844906709 46.3328447953 46.1268846614 241.508596307 121.211692279 46.7001051175 23.8539015084 48.5207703976 72.5209435316 119.253045611 22.786299327 140.203528539 158.82721774 16.5963494465 17.7566268938 18.231435284 16.5676469828 15.568428097 64.6487112501 26.3823800145 16.7749921706 -9999.0 -9999.0 -9999.0
-9999.0 -9999.0 -9999.0 -9999.0 -9999.0 -9999.0 -9999.0 -9999.0 59.329131645 87.107097678 28.8056642017 58.0321055758 86.0506088611 143.961598415 28.4185048295 27.9838093727 25.85406249 26.2460994552 25.3799068957 641.61520479 26.249217997 51.892737908 5461.54323425 5514.26302232 27.9858553647 125.18274286 616.38914323 47.137138292 93.2115972677 44.7751688754 66.8443545573 572.535609514 68.6496969054 355.373936883 287.306841306 23.23609991 117.265499866 47.4036370519 71.7871191766 23.2160237506 141.811615906 185.240192465 201.690553353 217.317818765 222.053015324 31.9254862471 33.0943370938 30.3774707607 28.2553832013 81.3661440296 17.6546433193 61.1408545756 77.9328688974 -9999.0 -9999.0
-9999.0 -9999.0 -9999.0 -9999.0 -9999.0 -9999.0 -9999.0 -9999.0 29.8886167626 146.241886333 174.619147527 28.4667013419 56.3646513343 27.9134453402 27.1010035155 26.6555375807 327.636483489 437.244348313 535.471455605 627.700852914 23.3082814196 25.9238883262 30.9182981565 5626.30778807 5678.58222887 5703.1428981 834.547497303 188.594578626 163.376966923 21.4687696978 88.0671259059 682.47125613 21.2452424719 377.150496563 22.7894813997 152.693394513 141.15984349 23.3369080036 94.8832445448 46.2526372155 69.0085865726 21.1818940342 15.5249238817 232.755049747 246.820761385 236.083481247 47.8499725426 44.4579667334 42.0996260594 99.8978307042 135.461148793 17.7332947968 95.6434656461 19.1313586914 37.1249523048
-9999.0 -9999.0 -9999.0 -9999.0 -9999.0 -9999.0 -9999.0 -9999.0 -9999.0 29.9161449418 203.528220163 231.76951702 84.4614573691 140.381543882 194.735377519 222.047184135 27.6993780905 83.6221820139 55.7138921031 27.8319776939 27.7914301847 26.2024252028 52.8092093505 93.1849733078 34.2107357335 6596.32555185 6624.15376684 25.9407075964 21.0198625806 44.3295546937 66.6763032326 747.687052731 43.0035525541 397.71571831 239.437433515 195.567478355 22.9644855031 46.005445043 117.121232539 22.1385289127 90.7670194875 42.5160705468 30.0166166842 15.7361717993 293.489103245 541.856344002 58.9624593574 55.983856017 57.9237587162 16.2565127298 151.434166204 15.6704911222 129.723398557 18.0724238693 55.1733592654
-9999.0 -9999.0 -9999.0 -9999.0 -9999.0 -9999.0 -9999.0 -9999.0 -9999.0 -9999.0 27.9774408819 288.074912836 28.0494201433 56.0000576665 82.7877028274 136.814351515 27.6385805937 56.0693012752 28.0676188475 27.027115374 26.0150373209 51.4221629005 24.2784429779 27.7480330519 58.4762681087 33.4386571838 6649.59376152 6699.93234664 6774.27413439 89.4260645628 22.7872714292 45.4043839315 770.492979865 746.683948013 284.894354849 22.6820701636 91.3304352611 68.6293917263 139.411226808 44.3562022034 176.807991073 64.055495271 49.5243570449 15.8855160071 17.3024776445 558.299056215 572.654894978 700.483128371 109.079098921 33.8953551337 168.392237856 200.682713823 345.64590099 35.314880202 16.9901402242
-9999.0 -9999.0 -9999.0 -9999.0 -9999.0 -9999.0 -9999.0 -9999.0 -9999.0 -9999.0 -9999.0 15.8844770861 323.825760052 28.5813169256 55.0995706183 245.26035163 27.2307976571 27.1923426308 25.5269146185 53.2052285797 25.9007161868 103.01829802 152.021580572 175.415304966 81.5989648822 103.903726017 25.4801636705 32.0839475473 27.0284213349 6909.60264899 6980.83945684 791.77797713 788.791528508 767.910336723 42.5756562904 20.7522166064 113.123102247 296.221071417 161.359454898 66.2316654512 264.330696995 124.54115136 103.860509068 34.2836166888 14.1678910569 12.9364721216 12.5502736805 761.960893612 920.68748516 17.4142548009 15.0571349264 17.2100478731 363.010870241 415.322493116 32.7723599676
-9999.0 -9999.0 -9999.0 -9999.0 -9999.0 -9999.0 -9999.0 -9999.0 -9999.0 -9999.0 -9999.0 14.976149407 360.394671345 443.355320517 26.4990808056 298.013608048 25.7472483635 25.3415711466 51.0239305825 129.923481429 25.6803674115 26.3904518613 24.6247510637 224.189896296 248.196849528 376.884016223 426.760762781 454.503125341 480.29215042 505.862898894 7510.38423174 8353.27074375 9185.90960097 9201.14045133 20.2474724144 21.053940432 339.839566207 318.20315667 21.6119755466 21.4979524022 286.452367584 432.414905787 19.7625581833 234.047857635 214.297780401 66.0467478812 29.0871637876 46.9198179117 16.8457428354 948.595661887 13.7725483542 45.8936924751 57.3983625806 516.877454641 566.759206076
-9999.0 -9999.0 -9999.0 -9999.0 -9999.0 -9999.0 -9999.0 -9999.0 -9999.0 -9999.0 -9999.0 29.1479172793 56.4754077965 470.343600062 521.575681222 25.7160418822 341.418570812 23.5922920903 73.1276235602 154.643803016 50.5806676596 24.8611854509 50.2943623377 22.9392089862 45.8680235361 23.3928785882 23.0200598862 22.4008336479 21.9739687735 22.4692015401 23.8523761833 28.9152155697 30.2847225305 28.4096127405 9265.30826875 414.458772538 373.039240938 16.0249358219 63.4763290333 16.2184306385 14.6908115594 453.176861645 749.591530743 255.842184199 181.666556164 37.4634392774 16.0489257246 15.0624974165 29.4701832865 992.460581651 1017.07639815 12.7075395909 12.6870910042 14.1097850888 17.4903051924
-9999.0 -9999.0 -9999.0 -9999.0 -9999.0 -9999.0 -9999.0 -9999.0 -9999.0 -9999.0 -9999.0 -9999.0 26.9762067136 346.459571246 894.435274887 974.428922473 1339.32288103 1356.80311356 345.287612646 255.489472428 75.8525677478 24.6963681666 99.3742918507 123.354183634 192.768663442 47.3624653592 46.3351935037 45.9180811543 90.9842898686 45.3373969265 46.2567048789 22.1721843698 21.2593942991 22.7667638574 9284.94537435 9713.31069436 9734.44607941 15.4859788455 169.669255498 73.9396815055 21.7700654661 815.136630354 45.1565981871 23.0327802301 93.8084362365 22.4553192728 18.7114591979 33.9697694064 46.7177466588 60.3404957745 1038.82818023 10.0773684047 8.77253998813 8.76522798162 8.13811384647
-9999.0 -9999.0 -9999.0 -9999.0 -9999.0 -9999.0 -9999.0 -9999.0 -9999.0 -9999.0 -9999.0 28.3377602748 263.382648811 319.706646536 53.7335905254 17.0511505497 40.6633926567 1422.79153072 1443.10128368 1805.82359541 24.0324046735 48.5855178663 23.2845392899 23.603855149 216.193398764 286.954567604 356.015389666 22.4676237001 113.482797992 180.948803796 111.146058155 43.658552966 41.7341643469 42.9053486073 39.7912214368 19.7270891352 9747.784656 9758.65620855 9951.07839964 38.7992024182 20.1552169926 826.753774308 46.1782731691 23.4791416832 24.1441170553 23.962692994 22.5696678475 41.7785654422 118.111070795 192.902052935 1242.87105962 8.12879921189 23.9945942149 16.0678937427 14.7905744754
-9999.0 -9999.0 -9999.0 -9999.0 -9999.0 -9999.0 -9999.0 -9999.0 -9999.0 -9999.0 -9999.0 28.8584247775 179.921517989 28.599636813 26.5335315821 133.199926439 158.225337438 183.913973138 209.225812547 2454.67612307 2476.83421961 2523.78235287 2857.00183106 2929.67863755 2975.01940028 2998.93417677 3415.93841556 3480.25865131 3502.76064187 3707.43894217 3841.62071267 3863.16276373 3947.49057446 63.3739249224 59.880965334 19.2090823409 14.6492437923 9771.96292047 10017.4441691 55.8571632204 943.067059402 925.552332619 88.7124546435 21.8113872687 21.9116721659 21.4107314135 21.3368496881 42.8305593218 61.984200695 18.0317715213 1253.28443441 1263.89441554 1313.30352446 1322.14761905 1345.14881291
-9999.0 -9999.0 -9999.0 -9999.0 -9999.0 -9999.0 -9999.0 -9999.0 -9999.0 -9999.0 -9999.0 91.7495210601 121.528635638 57.5037766913 85.3168156658 27.5687326538 311.516930623 337.436813192 389.405020297 414.302516009 176.632355081 2737.66834806 2760.64379547 25.1927353014 21.6586487849 21.6900532701 44.8267045307 23.741596637 21.7180559977 21.0793171588 20.7476779592 3885.38881244 3969.3894833 4050.93176713 4127.26280374 4187.66941551 27.0077264567 9.21295408649 11001.7883875 973.939603136 961.124484076 20.6073937569 19.1835520241 17.5719108489 39.272641625 38.8444409958 18.65945795 18.9658083354 18.0723006909 35.8605501214 47.954153442 8.16276860203 15.4866821461 7.38438875843 7.65669719364
-9999.0 -9999.0 -9999.0 -9999.0 -9999.0 -9999.0 -9999.0 -9999.0 -9999.0 -9999.0 -9999.0 -9999.0 61.9630727605 29.3198514026 27.9231479567 259.806486626 286.129076758 26.3848274966 104.682156756 130.140017809 155.383401169 26.5420420421 23.781664007 444.50712253 465.345230044 486.188535423 1243.69062182 1263.51298813 1304.20963809 1462.74943151 1576.01283971 1596.01155444 19.385346825 19.7938289388 17.8119860903 4205.30640371 9.42302000184 11178.8104885 11164.7952582 152.530726235 136.619029481 79.0198365994 19.687556163 35.4954550261 56.6426668798 56.2683950157 36.2480143811 18.398436809 36.3381189944 36.1455355772 64.6114480777 10.857481388 27.6373253956 45.6835927626 61.2716394686
-9999.0 -9999.0 -9999.0 -9999.0 -9999.0 -9999.0 -9999.0 -9999.0 -9999.0 -9999.0 -9999.0 -9999.0 31.6118123954 90.5236011968 118.923304774 204.576996928 26.4120767238 53.311226172 79.4258072212 302.197244031 326.594883683 349.567132033 374.482145208 399.590753967 616.852144109 691.546850998 738.404670172 22.0674313573 118.80972424 140.546088451 1518.14293679 1615.88582411 1657.05878026 1698.18048912 1735.72523587 5949.82390175 6.95005310537 11223.4658903 29.653634973 15.1834020739 116.911754755 97.7547243496 17.8979532346 53.3118104122 74.2921048754 73.4972837777 52.5489853144 87.3682672904 139.111996947 52.4590083425 132.556442401 14.2726527032 23.5045480829 5.58573172431 4.14905572351
