data/baseflow/mHMbf_acc484.asc
ncols                  80
nrows                 72
xllcorner      4374000.0
yllcorner      5656000.0
cellsize            500
NODATA_value       -9999
[rows 25 to 49 of 72, columns 0 to 54 of 80]
-9999.0 -9999.0 -9999.0 -9999.0 -9999.0 -9999.0 -9999.0 -9999.0 -9999.0 -9999.0 -9999.0 -9999.0 34.5998373598 68.919554162 33.0113426691 66.3295445234 31.8700361943 231.362334182 294.611242734 326.60208884 30.8400479172 59.127684293 547.136812078 686.388738347 712.519497504 60.6751072628 61.8390478489 88.6000406249 18.7237184256 18.1702326618 35.1456003999 17.4454079248 848.296556864 866.983180809 890.7290894 6958.69049512 14259.5119738 14120.5529041 33.4743093261 13.5425753471 12.4095196739 47.9781108477 34.792872166 85.4218714676 115.895213142 233.353086569 21.8457389012 21.8600179578 196.703597979 216.496121588 426.747610268 442.730539618 478.381374795 497.396553755 18.4599540096
-9999.0 -9999.0 -9999.0 -9999.0 -9999.0 -9999.0 -9999.0 -9999.0 -9999.0 -9999.0 -9999.0 -9999.0 -9999.0 34.2362591878 67.964064189 101.426396174 166.248232982 33.6388604176 32.1607569154 212.620585212 243.232226718 493.046894157 522.856337054 85.4579332758 31.0468244471 30.62122378 30.3084401082 734.940520383 757.703029459 777.68316997 795.192067529 830.337085511 179.651319745 201.165042548 1116.43949561 22343.323509 117.302536001 100.702769601 49.0392236928 12.7537603943 11.542438722 73.3845478604 84.6809228897 110.055000391 12.2333081181 247.603472427 38.3805204527 37.903897381 11.4830180016 9.57584270079 9.1238908979 9.3900811295 9.21142638839 506.298422253 6750.51605183
-9999.0 -9999.0 -9999.0 -9999.0 -9999.0 -9999.0 -9999.0 -9999.0 -9999.0 -9999.0 -9999.0 -9999.0 -9999.0 -9999.0 33.3029701947 62.3548135057 88.9594621036 116.501995277 148.497801107 180.974149048 96.7152635437 159.868873874 30.1824551625 29.8322283002 589.014310934 647.929454873 676.603213645 707.39542116 26.7559496451 50.0561689346 123.442435519 143.715792142 161.798195399 22.2375131386 20.6883092664 22394.6127714 17.4319408125 30.1488353089 15.3338114881 48.5276058587 22.9816743807 13.9126132501 207.931783161 219.79190104 10.593978146 258.739763482 308.361578645 49.0018361644 7119.41343811 7097.51014634 7077.71189903 7037.14389811 7018.85448757 6786.56750459 6776.63066043
-9999.0 -9999.0 -9999.0 -9999.0 -9999.0 -9999.0 -9999.0 -9999.0 -9999.0 -9999.0 -9999.0 -9999.0 -9999.0 -9999.0 6.13300123885 14.3955512145 26.6833149793 224.570933947 257.88517685 33.1885309957 32.4342374153 31.75872693 469.524937487 530.281185602 29.672203688 30.283381902 27.9193957208 113.121601749 141.067315232 79.04650598 98.9998239856 625.950539362 649.061652047 691.828169398 1118.4392095 23522.7993794 17.4105923965 14.3665372863 72.1462601332 60.0553566061 10.5302573537 35.6932909755 46.7390690959 232.236982353 243.558632689 579.981641602 315.220384253 54.9480633439 7316.73121485 101.449473314 7058.5397278 7048.11896414 215.142347844 8.93408489355 19.7166933033
-9999.0 -9999.0 -9999.0 -9999.0 -9999.0 -9999.0 -9999.0 -9999.0 -9999.0 -9999.0 -9999.0 -9999.0 -9999.0 -9999.0 31.8685799723 51.9556980328 111.424722758 193.070040372 282.120680794 344.540746601 376.555882137 408.641647382 439.740684127 30.2503864712 29.5035422671 58.3610598089 56.4619630856 28.7926196902 535.732839674 563.356369458 589.796647648 614.746360026 359.808814606 382.778803849 405.834563684 23531.0383534 28.1808089742 36.9167849404 115.503794633 10.4360093005 21.6237972279 10.9369856743 10.4308753333 56.9577811287 9.914035472 10.5007368397 7948.1965798 7359.14231959 7348.47198904 33.8548890872 90.8094839311 60.1729878605 15.5882173203 196.168425782 61.7009575025
-9999.0 -9999.0 -9999.0 -9999.0 -9999.0 -9999.0 -9999.0 -9999.0 -9999.0 -9999.0 -9999.0 -9999.0 -9999.0 -9999.0 22.185764655 20.1893678379 39.1861860525 60.6717358013 31.5632769439 33.6591887137 66.0000824926 98.6175361529 160.945048522 191.730814181 221.445741516 309.949284899 338.313072934 367.540991729 27.8441082946 273.1775715 298.120694044 320.139398965 18.1628001811 10.8869649514 18.7987800593 23939.1015322 23947.0592343 23992.2036954 142.572871133 20.0765766331 37.8101762232 12.7670387283 19.193759415 65.9181012294 84.3234292565 19.6782947598 7994.42826438 14.2100148484 19.0764244263 20.5290326554 17.074009455 31.3360196881 14.0774331668 118.89440872 93.3941935273
-9999.0 -9999.0 -9999.0 -9999.0 -9999.0 -9999.0 -9999.0 -9999.0 -9999.0 -9999.0 -9999.0 -9999.0 -9999.0 -9999.0 -9999.0 18.8268230078 37.6798102013 19.7477192057 41.1039738801 257.589544577 287.774408358 320.427923039 31.064447825 31.1157961936 60.9117913445 90.7967273 147.012116936 175.309349331 191.01091968 217.95393739 24.5933834632 22.7848992241 354.301296471 364.091207632 372.501931579 380.831242565 310.872808561 24337.6649817 24534.8897749 24542.9573224 24588.2033719 24631.1086365 24663.2455387 10.8823581003 93.3861272513 8005.6913201 27.9968665596 14.2469028742 13.2236989975 11.2347184584 20.1056452417 19.480839181 10.6645269954 12.7280155838 12.4460885127
-9999.0 -9999.0 -9999.0 -9999.0 -9999.0 -9999.0 -9999.0 -9999.0 -9999.0 -9999.0 -9999.0 -9999.0 -9999.0 -9999.0 -9999.0 -9999.0 56.0232311523 77.5200306298 140.842503893 191.788985063 28.5126100632 381.950991893 412.623412668 443.451532991 30.4095087309 60.2820173418 28.2028841338 203.193648821 218.137486942 241.936139116 267.641574209 330.606333263 338.287111189 5.22223026774 278.785876545 295.206435758 302.976280447 337.226767555 46.5598691403 30.7883494085 20.1401838602 18.862956422 24694.3671264 24712.2196031 24870.6873921 8017.67676197 72.2922562305 33.2175853677 22.2354407139 7.72558336141 59.9610829276 30.7375436726 10.0462361927 51.9961275484 42.9001470765
-9999.0 -9999.0 -9999.0 -9999.0 -9999.0 -9999.0 -9999.0 -9999.0 -9999.0 -9999.0 -9999.0 -9999.0 -9999.0 -9999.0 -9999.0 -9999.0 21.4113551511 98.262105558 120.606993463 30.1760754332 32.6539905861 64.9181811455 95.5876151338 569.67711967 30.2892008516 121.23334454 149.780068612 177.768084134 15.6850201909 38.2063138133 51.7017679907 224.547465745 250.904167068 257.559363096 7.94222120974 8.30634411481 10.1352457838 18.4290717253 8.05960580815 8.76526371893 18.2896381593 13.4247613106 17.4069406635 51.9703118512 24887.6008638 32950.0532266 88.9482587869 10.9409426125 8.67920005145 182.172464072 165.66020832 95.5653910676 85.3893711407 63.8983430813 12.6081025974
-9999.0 -9999.0 -9999.0 -9999.0 -9999.0 -9999.0 -9999.0 -9999.0 -9999.0 -9999.0 -9999.0 -9999.0 -9999.0 -9999.0 -9999.0 16.9096758936 58.3159777299 19.7132831631 33.4993075291 34.2415334179 66.865805012 98.6935830379 127.686901526 720.291076068 749.825487331 30.0683366237 58.5301837191 87.0562117804 107.221123251 130.123089823 198.891086112 216.198660374 17.0552387625 14.357989509 13.1315382309 17.0732208754 18.4646747581 17.1941792298 15.31778374 16.9102593866 66.6258594018 30.3102146584 14.7742148356 14.3894392946 15.0739240169 29.2171382165 33489.3645367 441.246772864 217.718811793 16.30680099 7.2754295687 7.20019023385 25.6334516943 17.9826962524 9.30808671032
-9999.0 -9999.0 -9999.0 -9999.0 -9999.0 -9999.0 -9999.0 -9999.0 -9999.0 -9999.0 -9999.0 -9999.0 -9999.0 -9999.0 17.6377105541 34.33488226 129.364416013 19.4117042552 63.1353595075 97.2496563627 130.436814227 33.0340054829 63.7828627975 90.8593407605 862.933884881 29.2851389503 57.0087182368 84.8924376948 26.3022933541 52.1674562222 68.8773779116 86.3569199089 1780.71145446 1812.48399137 1843.90034903 1979.42359327 2030.36418989 2135.84005232 37.884629262 76.7229482731 86.0251188098 2496.80853347 2526.21959265 13.7815552351 26.6078669067 39.0542173678 33501.0489619 422.239282045 185.287608453 177.463077196 150.303702227 136.707108276 34.1131587249 8.10110542697 16.5752091099
-9999.0 -9999.0 -9999.0 -9999.0 -9999.0 -9999.0 -9999.0 -9999.0 -9999.0 -9999.0 -9999.0 -9999.0 -9999.0 -9999.0 17.7194502957 53.9943248123 201.155755833 294.248713598 17.5356984857 392.809992838 545.253514114 31.8357864389 62.2365153506 90.4409295531 1120.97129153 1145.16093872 26.8621004561 138.973568747 164.851757286 186.619725943 1592.4112779 1645.62867818 1677.48471664 15.8852117185 92.7139249187 110.944784384 51.5214538611 74.2283778104 2243.47541752 2355.7593144 2375.72886738 2395.19743518 2556.27385741 14.8139243063 13.7792070576 64.7878345318 33514.5737001 11.0087762862 6.83586426913 20.1274884333 7.04639242786 122.863114822 105.037485912 61.280439626 44.4551652723
-9999.0 -9999.0 -9999.0 -9999.0 -9999.0 -9999.0 -9999.0 -9999.0 -9999.0 -9999.0 -9999.0 -9999.0 -9999.0 -9999.0 -9999.0 -9999.0 37.7050724484 75.9520469173 350.638466105 371.391799232 563.572391128 585.677297358 31.3079936875 62.4790977967 148.802323048 1166.24592306 1219.67889261 1244.66956062 21.5686334137 1332.9271636 1387.9149543 34.842808157 15.6164550312 30.9478276187 60.4021095928 14.6091921488 30.2807266962 70.383216961 88.8944528764 16.5419350365 13.3549388312 27.3461216323 2645.43540034 2675.0221931 2687.66138231 2780.05545758 33527.3585478 8.11620567942 5.80288059851 6.19062296859 6.09554716946 6.17296948024 5.77208118991 11.1147444223 6.37095277936
-9999.0 -9999.0 -9999.0 -9999.0 -9999.0 -9999.0 -9999.0 -9999.0 -9999.0 -9999.0 -9999.0 -9999.0 -9999.0 -9999.0 -9999.0 -9999.0 19.5917653415 19.2404948469 19.6346994962 42.4054171396 19.168768537 623.413257 643.854582596 29.1679588078 58.5098327346 29.6614459557 26.952858657 26.5842427419 1292.71115839 18.3327827484 36.2902834319 18.3463742316 16.2398271584 14.8770995619 12.7631837151 13.0641663164 39.3109205641 53.1132700533 11.5808248823 10.9210352181 22.8371312049 36.1707106711 44.9434190952 12.1914168317 2701.88853142 2792.71622135 33537.1160306 34.4793237842 18.6355434336 4.70326020536 10.1564632824 4.13034493867 3.45746512115 14.8312806662 32.2899934576
-9999.0 -9999.0 -9999.0 -9999.0 -9999.0 -9999.0 -9999.0 -9999.0 -9999.0 -9999.0 -9999.0 -9999.0 -9999.0 -9999.0 -9999.0 -9999.0 -9999.0 -9999.0 19.0588540393 60.2939766458 76.9921560939 95.3527215328 661.731622684 679.720003836 699.226027522 724.081194393 750.308366164 803.651353172 821.894353287 839.454110181 855.803917235 15.4080511421 14.6630122647 14.9297963272 54.1319604206 13.8542710286 13.3429196711 11.6386800576 34.3240490878 12.8857578912 11.0802009747 10.5669638281 9.31951761076 18.6130781199 27.3446310007 2849.653541 36432.0526628 7.63320796493 17.6874816939 4.37857172532 14.5678494496 8.95149354562 6.95587980786 74.4286128303 54.4252885195
-9999.0 -9999.0 -9999.0 -9999.0 -9999.0 -9999.0 -9999.0 -9999.0 -9999.0 -9999.0 -9999.0 -9999.0 -9999.0 -9999.0 -9999.0 -9999.0 -9999.0 -9999.0 -9999.0 16.1455290378 125.572604185 255.950559001 275.987943096 27.7895228289 56.7277311994 86.0562563187 112.891893221 281.229066776 297.432482205 15.7178525916 15.3118889406 889.202475632 919.418294707 932.89047173 65.6379586018 11.1968781295 25.0022180525 36.9660055018 109.753641623 134.283935114 155.620424466 20.187820083 28.7679440131 9.63381061056 19.1609404169 9.7581266477 36452.4923092 7.74792506128 32.1766149556 14.102208738 35.9202915905 77.6042207635 88.8460442413 167.433183168 67.4127987254
-9999.0 -9999.0 -9999.0 -9999.0 -9999.0 -9999.0 -9999.0 -9999.0 -9999.0 -9999.0 -9999.0 -9999.0 -9999.0 -9999.0 -9999.0 -9999.0 -9999.0 -9999.0 17.6705528519 55.8223515636 109.6745798 143.750623694 379.942827636 404.053640498 59.6776327289 89.0262732202 115.793112627 142.768139402 314.710486832 346.934924727 613.27044759 634.29139005 650.00984146 946.754403624 1050.31258067 25.0906080412 14.5313717571 14.2187491048 27.6423048456 13.0078493601 180.701053323 190.946213422 38.5657108817 47.9360318864 11.199284839 6862.83177209 6884.36448971 43350.9225854 43394.3683089 7.32427564254 51.1059959659 11.3400297506 10.4133374204 188.600456373 263.976724969
-9999.0 -9999.0 -9999.0 -9999.0 -9999.0 -9999.0 -9999.0 -9999.0 -9999.0 -9999.0 -9999.0 -9999.0 -9999.0 -9999.0 -9999.0 -9999.0 -9999.0 -9999.0 -9999.0 19.7597431454 19.2750043217 36.741339503 87.6114210396 421.344487344 30.2154244375 29.9248074003 56.4845153051 83.1417872088 205.292112655 224.744937125 13.4249511067 13.6783860307 666.795419602 681.066788514 1744.98317431 1758.18548185 10.4189965639 9.60479348327 8.57934397104 8.64145681734 8.74362788618 6686.46619415 6742.44587793 6798.86462527 6818.08970382 6853.16342117 10.4881145883 39.9917035649 52.2671789603 43467.7965471 43475.3029007 43482.4303985 43492.105993 43499.153888 275.874342663
-9999.0 -9999.0 -9999.0 -9999.0 -9999.0 -9999.0 -9999.0 -9999.0 -9999.0 -9999.0 -9999.0 -9999.0 -9999.0 -9999.0 -9999.0 -9999.0 -9999.0 -9999.0 -9999.0 -9999.0 17.9233926768 18.6323556365 34.7919063405 489.389819282 510.405775978 29.6840915849 56.1335522962 83.0424756047 103.34195547 18.4569998094 36.3450430534 1263.9280972 1278.61339115 1291.83716313 1391.08110464 3161.67695433 6321.7460376 6344.03613698 6364.97197303 6385.34741356 6461.79625043 6485.48914006 46.6618003988 22.2141180473 12.2232891875 23.6534700412 19.8962368653 30.8024240662 10.0818308934 207.814939812 231.623448033 249.263653706 257.237017406 43508.4085256 43796.0675403
-9999.0 -9999.0 -9999.0 -9999.0 -9999.0 -9999.0 -9999.0 -9999.0 -9999.0 -9999.0 -9999.0 -9999.0 -9999.0 -9999.0 -9999.0 -9999.0 -9999.0 -9999.0 -9999.0 -9999.0 -9999.0 18.1766271974 34.8958645949 51.6820051278 525.344419608 23.8522130923 734.065475913 761.564699666 780.776465157 799.494774626 1191.20983027 1209.97318513 15.1230347578 73.3450952287 88.8128091919 14.6953054654 3137.34239556 3110.1150896 10.1843249584 21.9846948227 57.8443552598 12.3118017873 12.8286874831 11.2236004351 10.219174013 8.68735788348 9.64326261348 174.944599089 184.796855395 195.758443351 12.7267972992 8.7933352528 264.021841726 273.297163405 279.568065599
-9999.0 -9999.0 -9999.0 -9999.0 -9999.0 -9999.0 -9999.0 -9999.0 -9999.0 -9999.0 -9999.0 -9999.0 -9999.0 -9999.0 -9999.0 -9999.0 -9999.0 -9999.0 -9999.0 -9999.0 -9999.0 16.7479159803 15.7520181544 81.3156908535 642.146163884 684.113708118 707.815930375 27.8378831209 348.358033318 365.829007856 374.090206901 17.1596406742 33.772291103 48.7366805271 741.820302089 754.074634377 765.196851881 3088.79161515 1824.97125929 11.6943621856 12.0761962126 11.8143425306 10.3652102403 101.265244944 123.199994254 143.305747422 154.168255724 164.799369932 943.082595043 952.256555066 960.416519165 978.917423333 1087.85668093 1095.226835 1383.00384878
-9999.0 -9999.0 -9999.0 -9999.0 -9999.0 -9999.0 -9999.0 -9999.0 -9999.0 -9999.0 -9999.0 -9999.0 -9999.0 -9999.0 -9999.0 -9999.0 -9999.0 -9999.0 -9999.0 -9999.0 -9999.0 -9999.0 32.7118462898 49.855331821 20.2684274577 30.0895864355 246.685810453 275.103999694 298.27053091 152.60901511 170.439379448 188.93335282 204.43463912 715.470802064 729.963447189 462.321171006 1240.32338874 1252.62967789 1814.48795067 24.3367552914 12.2957896151 10.0017534271 68.7451258746 80.5469137973 8.97830537984 8.62434014863 904.850719679 924.718560086 934.650250218 9.10402246501 13.1768730989 1066.3479085 12.4901291525 52.3777176915 58.8574944391
-9999.0 -9999.0 -9999.0 -9999.0 -9999.0 -9999.0 -9999.0 -9999.0 -9999.0 -9999.0 -9999.0 -9999.0 -9999.0 -9999.0 -9999.0 -9999.0 -9999.0 -9999.0 -9999.0 -9999.0 -9999.0 -9999.0 16.3471797443 32.4093119487 141.870096863 163.077808239 189.076635772 110.001094386 134.656868457 18.1949999168 463.224812804 480.121087715 496.439100299 15.0571772131 434.565623212 449.30194004 12.5235542443 1752.41526804 25.8097560328 12.8456498492 36.0275839056 48.3495024252 10.5398301804 9.27574964622 810.366536399 886.216952054 897.321107742 11.2264209631 27.6184695056 35.3189607171 43.454100616 81.4353071709 19.4937416957 42.5239094755 9.24074846889
-9999.0 -9999.0 -9999.0 -9999.0 -9999.0 -9999.0 -9999.0 -9999.0 -9999.0 -9999.0 -9999.0 -9999.0 -9999.0 -9999.0 -9999.0 -9999.0 -9999.0 -9999.0 -9999.0 -9999.0 -9999.0 -9999.0 16.1698438521 51.5682458209 92.2972917795 24.7951973783 53.8876639737 82.8497073741 389.85765346 410.883836118 428.296024915 16.6651038144 342.728147119 391.109220302 406.347824649 13.1226879071 1700.09951795 1727.71658199 13.3620608134 12.7394461668 25.3895142855 11.2840866755 750.464908614 771.675732293 783.431558832 45.8454153202 57.2377345517 10.5288392983 19.4669166765 8.99248531028 62.4131294664 9.07990074787 10.66419961 11.3859695689 11.4268136937
-9999.0 -9999.0 -9999.0 -9999.0 -9999.0 -9999.0 -9999.0 -9999.0 -9999.0 -9999.0 -9999.0 -9999.0 -9999.0 -9999.0 -9999.0 -9999.0 -9999.0 -9999.0 -9999.0 -9999.0 -9999.0 -9999.0 -9999.0 18.580225669 21.4356750367 28.2306809487 252.214416532 280.496885049 363.405015179 23.1660536543 273.696006937 310.568145342 16.7719324547 33.509041413 13.9887750357 1659.60761604 14.6308415207 41.3141515676 52.8373158672 64.9730983092 677.964601954 717.38583305 729.744683477 12.3273770976 23.7145711438 34.4363050537 8.09040750662 7.63784886996 1802.07599279 1809.76057586 1816.35671251 1872.62674537 1880.58198334 1892.14229356 1901.97338894
