data/baseflow/mHMbf_acc243.asc
ncols                  80
nrows                 72
xllcorner      4374000.0
yllcorner      5656000.0
cellsize            500
NODATA_value       -9999
[rows 25 to 49 of 72, columns 0 to 54 of 80]
-9999.0 -9999.0 -9999.0 -9999.0 -9999.0 -9999.0 -9999.0 -9999.0 -9999.0 -9999.0 -9999.0 -9999.0 35.0750898376 69.8866700484 32.9549484726 66.85934544 31.4603820211 229.020677302 289.689309151 320.450897382 28.8614313341 56.0890380391 519.218404459 648.671970514 671.513991047 54.1012069603 51.4995241614 74.3631236239 17.5956580811 16.9599928916 32.5710112962 14.8765468938 770.669222762 787.517283621 803.119771634 6602.27902932 13485.3609391 13379.8585715 28.1123056372 12.0200345969 11.2433314401 46.8810026733 34.6829439123 81.7102482632 110.894429742 222.734216502 20.4903488722 20.4915568295 189.765092532 208.994749367 409.775606247 423.988395536 458.194091292 473.686467216 13.7078087323
-9999.0 -9999.0 -9999.0 -9999.0 -9999.0 -9999.0 -9999.0 -9999.0 -9999.0 -9999.0 -9999.0 -9999.0 -9999.0 34.5234203742 68.0678215606 101.428256675 165.257719228 32.8230058153 30.831056602 200.111644806 229.03806896 467.115867697 495.091598258 80.5051124755 28.6141314481 27.7386597349 25.6861973839 668.599225251 688.595970612 707.211008257 723.674288159 754.651441479 162.793439829 179.13979801 996.396360786 21090.6524697 90.9618182154 77.2235044162 40.6538132937 10.5172061493 9.94013216727 69.2469289421 78.0887438261 104.263739665 11.7107180596 236.735988813 36.6155164504 36.2395151001 11.0981833996 8.10813531458 6.94905567108 6.09661308906 6.97639819041 481.626381597 6789.39867084
-9999.0 -9999.0 -9999.0 -9999.0 -9999.0 -9999.0 -9999.0 -9999.0 -9999.0 -9999.0 -9999.0 -9999.0 -9999.0 -9999.0 33.2806187518 59.9313013291 83.2371285577 107.37903664 138.412301271 169.815702124 92.7543380064 152.783718684 28.3925924534 28.3587728457 535.084895021 590.64133235 617.00995799 644.770159494 23.0264402069 43.1540199393 109.166524895 128.85664713 146.681622342 18.0174581417 13.0712245147 21127.8617771 14.1484858982 20.6981822341 9.99130555476 39.87470627 19.5513137503 9.33690763798 192.138143755 199.513952363 6.97881882409 243.945628548 288.013547745 43.964397764 7083.01064591 7065.13160781 7049.65842881 7021.51881751 7010.06806266 6821.91088017 6815.28358229
-9999.0 -9999.0 -9999.0 -9999.0 -9999.0 -9999.0 -9999.0 -9999.0 -9999.0 -9999.0 -9999.0 -9999.0 -9999.0 -9999.0 5.12413717265 12.1555510061 22.9509827233 191.04450693 223.408047832 32.297836815 30.9898242955 30.3505534709 421.731954753 479.786047676 28.1928302978 28.8624962168 26.4432168581 106.78384327 132.722514077 69.739627046 88.585341907 592.612826025 614.200825047 649.886332724 1047.72640354 22182.9415317 13.457591084 8.82750430263 58.6912646619 49.3197225156 8.2081602393 26.1516745565 34.3037735413 208.216615921 215.458623137 523.215070982 293.99419568 49.9584841071 7234.20070608 68.9791625343 7035.73281402 7028.88186344 176.727594761 9.33323521351 20.3560114579
-9999.0 -9999.0 -9999.0 -9999.0 -9999.0 -9999.0 -9999.0 -9999.0 -9999.0 -9999.0 -9999.0 -9999.0 -9999.0 -9999.0 26.5214281003 43.2357088592 93.5735073518 161.651165699 243.621255432 301.888509986 332.979685634 363.741634054 393.377702915 28.9224469582 27.6914708233 55.0398996686 53.3977481985 26.9985123744 509.329078886 534.972501915 559.178208367 582.119538969 346.193727245 367.056539469 384.609045305 22189.0153472 22.1227530587 21.4154926734 85.9933936423 8.86873391785 15.2626903722 7.51535318989 7.71522276695 41.4281246642 6.25821474807 6.58918584087 7791.99513541 7263.72329599 7257.44324397 25.8207859786 62.726245283 41.8020435965 10.8375058926 161.600208606 49.7517135457
-9999.0 -9999.0 -9999.0 -9999.0 -9999.0 -9999.0 -9999.0 -9999.0 -9999.0 -9999.0 -9999.0 -9999.0 -9999.0 -9999.0 18.5772133523 16.9681899197 32.9920463154 50.9377370845 29.6411340806 32.593208023 63.879313656 95.0772328748 154.811558729 184.660611977 213.199365581 296.957279094 323.863710346 351.439492836 26.0866241121 259.840994991 283.641415039 305.882763892 19.8076263398 10.7966138409 18.0580534156 22583.2231668 22589.1029122 22623.6672462 109.749127854 17.4560991182 24.9198291154 7.60887837097 13.9806862111 47.7570635182 59.7510855398 12.2673214347 7821.03985964 8.93585943427 14.5789016016 16.3417924861 11.9818982964 22.7867922176 9.67673555914 100.106812026 80.537826278
-9999.0 -9999.0 -9999.0 -9999.0 -9999.0 -9999.0 -9999.0 -9999.0 -9999.0 -9999.0 -9999.0 -9999.0 -9999.0 -9999.0 -9999.0 15.9003037339 31.5473216105 16.1246834886 33.7321383062 215.698142946 244.112554704 275.462941947 29.8065037174 29.9110590854 58.5743614865 87.1092222915 141.196230485 168.220211434 182.766268727 207.969709246 23.153094663 22.1046382387 345.131241436 355.165466123 362.63145045 369.857251288 301.401189879 22954.6995011 23111.409585 23117.892385 23148.8573937 23182.5505824 23203.6209958 6.79933006228 65.6655004627 7827.28345713 17.1330687018 8.75989838704 7.65376619305 6.46897142668 11.8543545339 12.8250176838 7.2073418641 9.86306725384 9.95099291633
-9999.0 -9999.0 -9999.0 -9999.0 -9999.0 -9999.0 -9999.0 -9999.0 -9999.0 -9999.0 -9999.0 -9999.0 -9999.0 -9999.0 -9999.0 -9999.0 46.9381283528 64.9084370634 117.191830866 161.418653819 24.9876336688 332.739726659 362.444081545 392.260926715 29.5234496458 58.527882119 27.3453922954 197.13996593 211.085335824 233.47921701 257.898001676 318.461808672 327.203392789 5.42712607997 273.656539756 288.014914775 294.572907541 324.886419374 40.8014935091 26.8633359634 17.5733100627 16.9667735496 23224.886457 23234.6757236 23346.6034091 7834.09042696 43.8037367593 20.1849267609 13.3478263063 4.83896585521 38.38824943 20.6717519656 6.7642639101 37.2552362044 31.2763648217
-9999.0 -9999.0 -9999.0 -9999.0 -9999.0 -9999.0 -9999.0 -9999.0 -9999.0 -9999.0 -9999.0 -9999.0 -9999.0 -9999.0 -9999.0 -9999.0 17.6100021083 82.1082721954 100.572741773 26.973711882 31.7681736588 63.0463242454 93.0110404878 515.379973887 29.534526142 117.880813184 145.58472124 172.686953122 14.7490744936 36.0242855702 49.4473276749 220.725534541 248.565491877 254.305539913 6.85375825148 7.40753013074 9.20689786731 16.8043104385 7.40222894945 8.05406386338 15.7846914272 12.8077043538 15.5001683081 39.0760164623 23357.0076028 31218.9025545 52.8296473099 8.23720766718 4.61382016891 122.821452122 112.456919009 67.4632985294 60.8629122736 46.0613964786 10.0177895808
-9999.0 -9999.0 -9999.0 -9999.0 -9999.0 -9999.0 -9999.0 -9999.0 -9999.0 -9999.0 -9999.0 -9999.0 -9999.0 -9999.0 -9999.0 14.166578654 48.2098298845 16.2864978302 32.2911798139 34.2900626842 66.2201597531 97.3318234542 124.430303702 659.397170104 688.619318427 29.6594484695 57.7120266716 85.8092464195 105.214459714 128.093872327 197.564246422 213.219622006 19.7447489881 14.3401988069 12.4734725442 17.3580613685 16.4762095352 15.9689871994 13.6598437941 15.7254977355 54.0002403357 24.6908676087 9.34545337952 8.97165593178 9.94344063721 19.1631503186 31607.6569057 328.057770651 141.148774593 8.29498241079 3.45608632221 3.9877191089 16.0681663408 11.757670633 6.32910541239
-9999.0 -9999.0 -9999.0 -9999.0 -9999.0 -9999.0 -9999.0 -9999.0 -9999.0 -9999.0 -9999.0 -9999.0 -9999.0 -9999.0 15.0192717061 28.7597302616 107.205336829 15.7560836697 59.0618408098 93.2338022517 126.190624304 32.8354710076 63.2542137273 87.9242123652 795.688826592 29.0510677708 56.5103118365 83.8995749683 25.6399485438 51.0078802681 70.5600332135 86.975800193 1703.72665128 1733.48323686 1759.73334472 1877.32402028 1926.88116602 2022.83757134 25.1019235343 54.3693050754 67.5313201383 2313.09637537 2332.32468521 8.56341674575 16.841404163 24.8226460189 31614.2369716 312.028614355 161.113817248 157.408555412 112.855516941 95.0864491007 21.3477152875 4.79817082623 10.715581683
-9999.0 -9999.0 -9999.0 -9999.0 -9999.0 -9999.0 -9999.0 -9999.0 -9999.0 -9999.0 -9999.0 -9999.0 -9999.0 -9999.0 15.3549901143 46.2239452527 168.563451129 247.245599549 14.2106017435 329.399028293 474.446361354 32.0059820469 62.4834562189 89.2783216861 1048.84210287 1071.2994241 26.5824407097 137.302849457 162.435793334 184.482503985 1514.00732071 1569.49886118 1599.45238651 14.3081203258 83.9275373482 99.2440055611 45.836855314 66.4484289754 2117.6636828 2201.67616237 2218.48070981 2234.57351993 2353.82514387 10.597344282 9.34664823399 41.974161186 31620.9499329 6.07358651504 13.9383169377 41.3183369498 14.7672189186 88.0182645491 64.8981644348 37.9058130386 28.4331054974
-9999.0 -9999.0 -9999.0 -9999.0 -9999.0 -9999.0 -9999.0 -9999.0 -9999.0 -9999.0 -9999.0 -9999.0 -9999.0 -9999.0 -9999.0 -9999.0 32.1206377558 64.4977779123 294.062147444 311.299552217 489.511142826 508.3224844 31.1756897072 62.228372993 148.171046372 1088.98182256 1141.43298308 1165.27120456 20.4906733992 1251.53314177 1309.70753347 35.9373747437 14.4480343291 29.4413813674 56.969426579 13.3359326188 27.1989912385 63.7220550976 79.5769701675 14.0562965139 10.2312159588 20.7267145169 2427.30851275 2451.2808889 2459.65954373 2520.77508965 31627.2823991 3.76772260777 11.383783434 12.4217689887 12.1281474362 12.3240236923 11.1830069439 21.4100184491 3.29943096904
-9999.0 -9999.0 -9999.0 -9999.0 -9999.0 -9999.0 -9999.0 -9999.0 -9999.0 -9999.0 -9999.0 -9999.0 -9999.0 -9999.0 -9999.0 -9999.0 16.7379611731 16.3920380462 16.5506642618 36.4176792435 16.0186122968 539.871134496 557.338150439 28.9767299911 58.594365498 30.2470648529 26.4539661164 26.0705665762 1213.09081909 19.890775556 39.5648679895 18.6524843853 16.0300755818 14.2294779143 11.8669051147 12.1724830586 36.5233299678 49.455937262 10.1509479969 9.07956476734 18.8720201293 30.2510213615 39.2551816185 10.9252161781 2470.03434773 2529.39012624 31631.6922277 36.0972162105 28.9914136056 9.08697796033 19.8878135087 7.88238974434 6.42670862279 28.2662970325 17.8663614568
-9999.0 -9999.0 -9999.0 -9999.0 -9999.0 -9999.0 -9999.0 -9999.0 -9999.0 -9999.0 -9999.0 -9999.0 -9999.0 -9999.0 -9999.0 -9999.0 -9999.0 -9999.0 16.2333933826 51.4991985072 65.2596504455 80.5446010223 572.249156216 587.287227504 603.812130062 626.952126598 652.681121087 704.919198605 724.360568462 743.732344381 760.814191044 15.2969983518 14.5689118852 14.622647561 51.1945575199 13.0167683997 12.4133292268 10.672384112 30.7541140418 11.0658351353 8.9823561305 8.51159014644 7.41989228294 14.8149706496 21.2773089959 2572.82940311 34245.8716553 3.27638600981 8.51668375867 8.31245211175 28.3272079923 17.1340137433 12.9103720481 61.2484941475 30.1565477823
-9999.0 -9999.0 -9999.0 -9999.0 -9999.0 -9999.0 -9999.0 -9999.0 -9999.0 -9999.0 -9999.0 -9999.0 -9999.0 -9999.0 -9999.0 -9999.0 -9999.0 -9999.0 -9999.0 13.7505540197 108.292864675 218.74259468 235.752110045 25.8985582753 54.8336340227 84.7549425139 112.564177459 283.774507033 300.513628157 16.2063631198 15.8202009295 792.16512573 821.024534713 834.814856302 62.358782868 10.1687513385 23.3615376662 34.4026150794 101.054275011 122.526756526 140.009801702 16.4383316266 23.1607143825 7.65190369112 14.899693951 7.44659019355 34259.391018 3.52368104588 14.8342540943 13.3077898541 46.1549263906 77.2833933452 92.1956882117 155.30002183 44.7843029648
-9999.0 -9999.0 -9999.0 -9999.0 -9999.0 -9999.0 -9999.0 -9999.0 -9999.0 -9999.0 -9999.0 -9999.0 -9999.0 -9999.0 -9999.0 -9999.0 -9999.0 -9999.0 15.2403141662 48.371988092 94.7920450247 123.949053595 325.511234166 347.03777956 60.9780740957 90.6136406251 117.782297663 145.587904023 318.996206402 352.446948886 631.544299901 652.839561303 667.098500524 848.390937531 945.649613769 23.2304958805 14.0157277264 13.5636934683 25.9745470063 11.7658350382 162.056226827 170.543726392 30.4961168666 39.1264125926 7.6876937627 6788.67884641 6803.32740263 41070.8656723 41089.8048758 3.04408886022 52.5796989312 3.69913400622 3.70147910325 164.639996664 213.502169022
-9999.0 -9999.0 -9999.0 -9999.0 -9999.0 -9999.0 -9999.0 -9999.0 -9999.0 -9999.0 -9999.0 -9999.0 -9999.0 -9999.0 -9999.0 -9999.0 -9999.0 -9999.0 -9999.0 17.23517231 16.7846450461 31.8756492473 75.8979964199 361.871276607 30.9212668142 30.6629820514 58.0876450106 85.4680363081 214.415119783 235.712112665 14.6294546131 13.9609071432 684.411469931 698.399978281 1657.09888919 1669.253415 9.48728908785 8.7342739971 7.53950374148 7.59224552518 7.53149453102 6638.82389196 6686.98188255 6734.983135 6750.6900658 6780.70006557 7.94563935202 29.9793227926 37.9475204255 41139.7566318 41142.1435019 41148.5786548 41156.6888409 41162.0109594 221.291105349
-9999.0 -9999.0 -9999.0 -9999.0 -9999.0 -9999.0 -9999.0 -9999.0 -9999.0 -9999.0 -9999.0 -9999.0 -9999.0 -9999.0 -9999.0 -9999.0 -9999.0 -9999.0 -9999.0 -9999.0 15.505269707 16.1681644243 30.1376054017 421.146195259 439.547818066 30.4922328436 57.8456289521 85.4124444406 108.115006512 21.2728474705 40.4029395141 1178.73401427 1194.42942512 1207.96954056 1312.58451001 2994.81943609 6307.70380717 6328.54562659 6347.55399165 6366.00715802 6437.8861957 6459.81181915 39.7498561767 18.3191502604 10.0430615697 19.19497907 14.9199611864 23.2814191565 7.27056892932 173.0039802 185.316705604 194.665792058 199.494504624 41166.2388205 41394.8218812
-9999.0 -9999.0 -9999.0 -9999.0 -9999.0 -9999.0 -9999.0 -9999.0 -9999.0 -9999.0 -9999.0 -9999.0 -9999.0 -9999.0 -9999.0 -9999.0 -9999.0 -9999.0 -9999.0 -9999.0 -9999.0 15.8206213819 30.4081859123 45.0721537223 452.390889773 23.2483844244 642.594617829 671.016223317 693.416002486 713.572516083 1100.38014505 1119.83647191 16.3702234792 77.7286607226 93.5994933771 15.1329413456 3291.89341636 3264.20534825 9.99840007508 21.6657652142 55.5204706562 11.6968400186 11.682318102 9.30872621218 7.97319855253 6.64825096181 7.19298665434 149.618451489 156.78431456 165.01786306 5.84541897175 4.70630218278 202.398683395 207.559599105 211.369535018
-9999.0 -9999.0 -9999.0 -9999.0 -9999.0 -9999.0 -9999.0 -9999.0 -9999.0 -9999.0 -9999.0 -9999.0 -9999.0 -9999.0 -9999.0 -9999.0 -9999.0 -9999.0 -9999.0 -9999.0 -9999.0 14.5261905214 13.6762115493 70.8569313781 554.149376594 592.887737705 615.132726932 29.2813423078 337.286371858 358.323888306 367.369432352 18.0590878339 35.6319010122 51.0126133107 787.98258338 800.429529129 811.610548235 3243.16213778 1889.5287016 11.4917411285 11.4125018827 11.1383304049 9.19732216498 92.404080666 109.830441 125.616841699 133.922126897 141.997826418 934.472117083 940.629055254 947.856138581 965.940823586 1043.5070097 1047.91503057 1264.07764207
-9999.0 -9999.0 -9999.0 -9999.0 -9999.0 -9999.0 -9999.0 -9999.0 -9999.0 -9999.0 -9999.0 -9999.0 -9999.0 -9999.0 -9999.0 -9999.0 -9999.0 -9999.0 -9999.0 -9999.0 -9999.0 -9999.0 28.495625593 43.5253487836 17.644587436 31.1789308176 228.726562656 259.036438654 283.931957604 161.236957009 182.500738003 203.612850635 220.460870174 761.184615099 776.307372626 505.663025989 1330.20947968 1342.58784889 1879.36437504 23.3158349596 11.5618795257 9.23070282718 63.8366931966 74.3740279449 6.90984026575 6.46447240259 907.025768823 921.594004704 928.577212813 8.98669724323 13.0299577485 1030.14700443 8.60343001742 30.7216087529 34.554061602
-9999.0 -9999.0 -9999.0 -9999.0 -9999.0 -9999.0 -9999.0 -9999.0 -9999.0 -9999.0 -9999.0 -9999.0 -9999.0 -9999.0 -9999.0 -9999.0 -9999.0 -9999.0 -9999.0 -9999.0 -9999.0 -9999.0 14.3101699426 28.3573297403 123.959214858 142.61385319 168.617677044 113.898467171 140.025857305 21.3080736766 486.394060904 506.473296129 525.401352101 16.3158788558 476.753733668 492.184410855 12.6829979472 1818.95200824 25.5387210278 12.6965239778 33.8881112954 45.4759075066 9.27393211549 8.05770640994 832.746254843 893.573544496 901.842355835 8.53391209969 19.5590552129 25.038068685 30.1221773777 58.3917238467 11.332422798 24.989508854 5.29855663345
-9999.0 -9999.0 -9999.0 -9999.0 -9999.0 -9999.0 -9999.0 -9999.0 -9999.0 -9999.0 -9999.0 -9999.0 -9999.0 -9999.0 -9999.0 -9999.0 -9999.0 -9999.0 -9999.0 -9999.0 -9999.0 -9999.0 14.1895105689 45.1145998025 80.7497172122 23.0829621821 53.9411036973 84.8859085836 400.89006621 424.36981254 445.142067933 20.1569217579 372.276448496 430.05394065 446.806858781 14.9107173806 1766.47598003 1794.03501737 13.052007957 12.3491362816 24.0239639459 10.2521196655 782.573256409 800.924736212 810.746302296 38.3347485004 46.8318890686 7.6526858045 13.8367762084 6.22644568331 43.3433510105 6.23333765329 6.18360876859 6.68696664459 6.72247619344
-9999.0 -9999.0 -9999.0 -9999.0 -9999.0 -9999.0 -9999.0 -9999.0 -9999.0 -9999.0 -9999.0 -9999.0 -9999.0 -9999.0 -9999.0 -9999.0 -9999.0 -9999.0 -9999.0 -9999.0 -9999.0 -9999.0 -9999.0 16.127846077 18.826764678 27.7286234706 254.245499827 284.317919877 372.824918425 25.1008437579 289.728555443 333.179202537 20.0693600467 39.9116664721 16.6004035597 1722.24275138 16.2391535382 43.5917278924 54.8477322205 65.8350483615 717.713433465 753.683323421 764.414740286 10.7926232451 20.2575492191 29.0673413631 5.85292488416 5.28596717965 1763.05568958 1768.20303304 1772.48873203 1811.75026972 1816.94663492 1823.9870271 1829.52041923
