data/baseflow/mHMbf_acc430.asc
ncols                  80
nrows                 72
xllcorner      4374000.0
yllcorner      5656000.0
cellsize            500
NODATA_value       -9999
[rows 0 to 23 of 72, columns 0 to 54 of 80]
-9999.0 -9999.0 -9999.0 -9999.0 -9999.0 -9999.0 -9999.0 -9999.0 -9999.0 -9999.0 -9999.0 -9999.0 10.8533459085 12.864202018 -9999.0 -9999.0 -9999.0 -9999.0 -9999.0 -9999.0 -9999.0 -9999.0 -9999.0 -9999.0 -9999.0 -9999.0 -9999.0 -9999.0 -9999.0 -9999.0 -9999.0 -9999.0 -9999.0 -9999.0 -9999.0 -9999.0 -9999.0 -9999.0 -9999.0 -9999.0 -9999.0 -9999.0 -9999.0 -9999.0 -9999.0 -9999.0 -9999.0 -9999.0 -9999.0 -9999.0 -9999.0 -9999.0 -9999.0 -9999.0 -9999.0
-9999.0 -9999.0 -9999.0 -9999.0 -9999.0 -9999.0 -9999.0 -9999.0 -9999.0 -9999.0 -9999.0 -9999.0 22.2776290126 56.6790773699 10.7606177749 -9999.0 11.5754672583 -9999.0 -9999.0 -9999.0 -9999.0 -9999.0 -9999.0 -9999.0 -9999.0 -9999.0 -9999.0 -9999.0 -9999.0 -9999.0 -9999.0 -9999.0 -9999.0 -9999.0 -9999.0 -9999.0 -9999.0 -9999.0 -9999.0 -9999.0 -9999.0 -9999.0 -9999.0 -9999.0 -9999.0 -9999.0 -9999.0 -9999.0 -9999.0 -9999.0 -9999.0 -9999.0 -9999.0 -9999.0 -9999.0
-9999.0 -9999.0 -9999.0 -9999.0 -9999.0 -9999.0 -9999.0 -9999.0 -9999.0 -9999.0 9.99164988201 9.41797220671 10.312934246 10.3274132408 75.0878943949 84.2286512792 31.9008602948 10.3366526928 -9999.0 -9999.0 -9999.0 -9999.0 -9999.0 -9999.0 -9999.0 -9999.0 -9999.0 -9999.0 -9999.0 -9999.0 -9999.0 -9999.0 -9999.0 -9999.0 -9999.0 -9999.0 -9999.0 -9999.0 -9999.0 -9999.0 -9999.0 -9999.0 -9999.0 -9999.0 -9999.0 -9999.0 -9999.0 -9999.0 -9999.0 -9999.0 -9999.0 -9999.0 -9999.0 -9999.0 -9999.0
-9999.0 -9999.0 -9999.0 -9999.0 -9999.0 -9999.0 -9999.0 -9999.0 -9999.0 9.35521592592 19.4666586809 38.621193153 19.4910674403 9.31509657103 18.1070460898 92.4447142074 144.505190321 10.396853773 -9999.0 9.60855030977 -9999.0 -9999.0 -9999.0 -9999.0 21.4849646102 11.273842152 -9999.0 -9999.0 -9999.0 -9999.0 -9999.0 -9999.0 -9999.0 -9999.0 -9999.0 -9999.0 -9999.0 -9999.0 -9999.0 -9999.0 -9999.0 -9999.0 -9999.0 -9999.0 -9999.0 -9999.0 -9999.0 -9999.0 -9999.0 -9999.0 -9999.0 -9999.0 -9999.0 -9999.0 -9999.0
-9999.0 -9999.0 -9999.0 -9999.0 -9999.0 -9999.0 -9999.0 -9999.0 11.9706892313 31.8697390398 40.8043547245 49.9097161249 66.8864387801 8.27071000071 34.0710358727 41.7853043564 202.456561414 7.29124913278 6.45055649079 17.2934239421 24.734334556 7.98303326047 -9999.0 51.6339851076 42.4796126791 10.6310237061 -9999.0 -9999.0 -9999.0 -9999.0 -9999.0 -9999.0 -9999.0 -9999.0 -9999.0 -9999.0 -9999.0 -9999.0 -9999.0 -9999.0 -9999.0 -9999.0 -9999.0 -9999.0 -9999.0 -9999.0 -9999.0 -9999.0 -9999.0 -9999.0 -9999.0 -9999.0 -9999.0 -9999.0 -9999.0
-9999.0 -9999.0 -9999.0 -9999.0 -9999.0 -9999.0 11.35736022 9.73010773808 9.30520028019 9.64999335296 9.96778748442 70.2989502275 146.621622449 155.719953393 162.751373387 7.03389636709 216.831097499 223.62322263 14.0338918345 7.63882100305 31.9681819494 55.1305136865 7.67075206065 75.366420728 7.75394007033 7.88123780262 8.13951957309 -9999.0 -9999.0 -9999.0 -9999.0 -9999.0 -9999.0 -9999.0 -9999.0 -9999.0 -9999.0 -9999.0 -9999.0 -9999.0 -9999.0 -9999.0 -9999.0 -9999.0 -9999.0 -9999.0 -9999.0 -9999.0 -9999.0 -9999.0 -9999.0 -9999.0 -9999.0 -9999.0 -9999.0
-9999.0 -9999.0 -9999.0 -9999.0 -9999.0 -9999.0 23.1081305829 33.8113983771 75.0446730914 102.544892049 8.09293038034 8.73594221293 8.16297541816 23.4819664286 192.965451201 6.02782173118 230.140084597 257.484797288 20.72999565 13.9084381971 61.6336948146 7.41494024485 82.5728202433 13.6530993652 6.73298230921 14.2406534898 16.1590115559 8.68266085366 9.18278220161 8.72432214049 9.9492897262 19.8219851359 -9999.0 -9999.0 -9999.0 -9999.0 -9999.0 -9999.0 -9999.0 -9999.0 -9999.0 -9999.0 -9999.0 -9999.0 -9999.0 -9999.0 -9999.0 -9999.0 -9999.0 -9999.0 -9999.0 -9999.0 -9999.0 -9999.0 -9999.0
-9999.0 -9999.0 -9999.0 -9999.0 -9999.0 13.9035245143 26.0432638545 12.0532312203 22.7730036802 113.659673943 131.953001469 150.061316244 518.929727081 7.87484658674 200.492761619 788.418379517 794.599274626 1064.01877357 6.84162246039 20.2107690184 68.1759010389 6.43578745035 162.017836442 72.5476228889 44.6833579072 37.6854875335 7.77296329537 25.5877226965 26.306713644 17.4386719822 8.3777266435 28.5877450237 8.23696100385 7.95881353881 -9999.0 -9999.0 -9999.0 -9999.0 -9999.0 -9999.0 -9999.0 -9999.0 -9999.0 -9999.0 -9999.0 -9999.0 -9999.0 -9999.0 -9999.0 -9999.0 -9999.0 -9999.0 -9999.0 -9999.0 -9999.0
-9999.0 -9999.0 -9999.0 -9999.0 -9999.0 14.1706244936 40.3013088457 79.2567213405 90.5660381657 178.983072939 189.085817333 221.746696099 361.257342417 548.698239909 566.572661258 574.852058202 13.5527165272 1089.96785366 1103.66791462 1138.03729713 1394.73427721 182.27815214 169.364109934 51.8160115686 6.96645529559 46.009613231 32.0976625979 6.06664175283 33.5064644464 7.20624531357 15.4824856126 43.9750919338 51.6855684299 15.4078187142 7.3735800318 7.13680122827 -9999.0 -9999.0 -9999.0 -9999.0 8.91061036444 8.4916718431 -9999.0 -9999.0 -9999.0 -9999.0 -9999.0 -9999.0 -9999.0 -9999.0 -9999.0 -9999.0 -9999.0 -9999.0 -9999.0
-9999.0 -9999.0 -9999.0 -9999.0 -9999.0 13.3034086654 12.2194185293 53.5699078691 65.3248663654 77.7064307748 11.2508579958 22.077624895 130.963314029 22.7664378094 9.9765849062 8.33866644802 6.94214384798 8.38875465151 7.64660949296 8.1107365464 1401.67794595 1420.94298932 6.33931375811 19.9833219166 13.8283068821 52.3328222945 12.3801389456 5.75267765849 40.7976864989 14.1874752641 36.1784638641 88.8214696268 81.7501278088 22.4727474739 21.1521061456 7.60812615501 7.43115735914 -9999.0 -9999.0 7.38682789302 17.5658222098 43.8283796776 8.94106629126 -9999.0 -9999.0 -9999.0 -9999.0 -9999.0 -9999.0 -9999.0 -9999.0 -9999.0 -9999.0 -9999.0 -9999.0
-9999.0 -9999.0 -9999.0 -9999.0 -9999.0 -9999.0 14.4449251088 14.8382242766 26.38701065 38.7654969235 86.7201081697 109.81378246 121.453379946 12.1646499541 8.18071764357 118.304259165 142.948808314 150.17884235 182.082952718 188.838512704 6.73597513885 1427.74825575 1460.27847266 25.9782114982 5.14085772731 57.7970202559 127.174139533 51.9564923596 11.8259031612 6.07255964918 137.371412288 95.3174956511 5.89118360405 5.9028112897 27.2807878312 21.7662743066 6.34870683825 5.66548799967 6.97750912717 14.1197361397 6.49728394727 52.9715920306 58.7001483295 4.98980090019 -9999.0 -9999.0 -9999.0 -9999.0 6.20335567532 5.6197873637 3.13475715141 -9999.0 -9999.0 -9999.0 -9999.0
-9999.0 -9999.0 -9999.0 -9999.0 -9999.0 -9999.0 -9999.0 13.5356397179 11.4484474126 24.698211343 37.239498878 11.6121089198 9.62388469733 64.4628156455 83.0284783074 102.505679209 8.87956474531 16.9078532392 8.44064423301 196.142989816 441.766154236 450.318130262 1924.42255994 6.2994194747 14.2762532643 4.34771285078 132.479272717 5.77267883434 18.0151266652 5.8485933153 143.178075326 149.075405349 11.9339200762 11.8248493062 69.0855168918 34.9487182365 12.1421688466 6.45800101033 13.8397898805 20.8494980121 33.139530577 5.43160284041 68.0390230793 72.1530252975 3.5304825879 3.96705328146 4.21605220925 3.56350537185 3.32019021014 15.8888171045 7.60553650331 4.29754179345 -9999.0 -9999.0 -9999.0
-9999.0 -9999.0 -9999.0 -9999.0 -9999.0 -9999.0 -9999.0 -9999.0 24.5659855316 34.9174128519 11.5566596971 24.0139991326 34.7855566996 55.9619030639 10.6423292486 10.0020757807 7.92771393 8.00872817952 6.81624465588 230.529382884 8.73840039642 16.6350259748 1949.44674344 1961.36619671 3.63532452552 21.7086142706 158.596267446 11.2538530297 22.871062844 10.0858051475 14.7739935978 170.6932198 16.9212705892 96.6137326955 80.129065448 5.73230330461 30.7785405117 12.6637537689 19.6964175227 5.69886208298 38.2529256115 47.9171047856 51.258792139 54.3223554231 85.2022167826 6.65873082747 7.17331764484 6.17676149028 5.6784446069 18.9802044979 3.5468777179 15.5997163232 18.8810104861 -9999.0 -9999.0
-9999.0 -9999.0 -9999.0 -9999.0 -9999.0 -9999.0 -9999.0 -9999.0 13.3248646072 61.2668019679 72.2885084276 10.9901373728 21.1408498422 10.0986097638 8.78523273415 8.60143964461 112.294513268 148.07635053 182.855449588 221.048522064 8.71427281767 8.24140572784 5.9223304602 1995.02785202 2009.59705274 2013.58156336 206.868089274 44.0305383678 38.9712721443 4.25860859863 19.0465969917 194.231306209 4.4292106299 101.156152089 5.59462898513 41.4483188162 37.1685578138 6.03696954874 25.5470576324 11.4690069677 17.0410952027 4.17059023266 2.95727990352 57.3233617912 59.9743718197 87.8447769197 10.0949204007 8.87773207536 8.26499816035 22.7698650755 30.0039088039 3.60977843685 22.533757966 4.18634572353 7.85215374579
-9999.0 -9999.0 -9999.0 -9999.0 -9999.0 -9999.0 -9999.0 -9999.0 -9999.0 14.2877920626 84.6097423691 95.2611555386 31.3947829948 51.6143793192 69.4668256117 78.6208437334 9.64491937558 27.828118639 18.6846753533 10.1935384655 9.51088050683 7.92212898856 14.7991431563 23.7824011188 6.95551433293 2232.57373079 2236.1870111 3.3429090002 3.03300524784 8.87631428026 13.2545406817 207.192612232 8.66217109413 104.832263581 61.6176296862 51.7428574156 5.38437176159 11.1922293562 30.4587776273 4.9143971658 21.739527541 8.61119238915 4.68479107111 2.05555859255 66.7050643957 156.555366743 11.8767522975 10.7198696412 10.9133508637 2.7961644931 32.8077508962 2.70542916535 29.1157922755 3.5106614478 11.4626774444
-9999.0 -9999.0 -9999.0 -9999.0 -9999.0 -9999.0 -9999.0 -9999.0 -9999.0 -9999.0 10.9408052461 117.224587582 10.0894919118 20.0478717674 28.5390153225 44.7268936341 8.23371124749 17.7169991847 8.56995516747 7.56242612797 6.99819074612 13.7309720042 5.82436084514 5.46733252659 9.89409473637 5.70176696492 2241.23485527 2248.51667694 2259.0726327 16.6282178417 4.6042504338 9.17606854079 212.051825086 188.363143205 71.7530729516 4.98692928824 21.6154183126 16.3462531203 35.3889798122 9.80003349311 39.8593243314 13.2408409905 7.879389349 1.74186545539 2.34436386167 159.611379607 162.182545795 186.824014567 19.870997903 5.86142872096 35.9332020117 41.6768327007 73.49690897 6.79388404547 3.21511439064
-9999.0 -9999.0 -9999.0 -9999.0 -9999.0 -9999.0 -9999.0 -9999.0 -9999.0 -9999.0 -9999.0 8.46449005307 133.431172119 9.23257566816 17.5404707842 78.1340237306 8.10264378542 7.90824124255 6.60939275546 14.8375834206 7.60896876018 28.6610018572 40.2927856898 45.3248029758 13.9350856944 16.9919623428 3.4816696858 4.7347418127 4.94204013134 2285.34646796 2297.52260498 215.614441455 195.898424545 192.189942547 7.68453177061 3.68768710832 25.997931028 70.224737064 39.8580225745 14.1883484196 58.2336070635 17.9620747159 14.1232092177 3.52381171937 1.33240375026 1.04205937169 1.21653902977 194.940362963 223.100769906 2.83699676421 2.54351481743 2.96562443173 76.5258461629 86.1690815898 5.63601355704
-9999.0 -9999.0 -9999.0 -9999.0 -9999.0 -9999.0 -9999.0 -9999.0 -9999.0 -9999.0 -9999.0 7.66116682673 149.764098685 180.842000114 8.52506970099 94.6829417606 7.11443036714 6.61989848121 13.9076759455 36.3085004697 7.21512724541 7.85942595824 5.73871933126 56.471542859 61.6972960494 84.5028784982 91.8132195545 95.3343907693 98.5510325137 102.687147794 2404.21144364 2625.3597697 2826.29896641 2829.06382098 2.69984259891 3.69503984645 79.0407398737 74.6723593553 4.36552684467 4.31140232865 62.5175093641 84.7070140585 3.20745785875 39.7487681344 37.0681905634 8.22430923259 3.37652336783 6.03215783071 3.16343425928 227.799575914 2.37621049695 7.60380970625 9.31430524319 101.956183431 109.730222671
-9999.0 -9999.0 -9999.0 -9999.0 -9999.0 -9999.0 -9999.0 -9999.0 -9999.0 -9999.0 -9999.0 12.0829352718 22.4774194926 190.746220288 206.277510825 7.71878371061 110.429381966 5.66098904514 18.0190858555 42.5660811866 13.6437265542 6.37569934045 13.0864576998 4.59427701562 9.00057864874 4.68532880855 4.10400361935 3.31064034839 2.99353582554 2.13133574158 1.52295691475 2.01593094568 2.77689979337 3.71022334571 2838.17231697 88.0523219627 82.7052008525 1.762622047 11.9833210507 3.33473784379 3.5886120058 88.3728224228 139.401706993 43.9893097293 33.7823730292 5.52202159722 1.93654143283 1.62452547902 3.72970623507 233.935289446 238.261206348 2.31193778252 2.41200249175 2.04525272088 2.10922641531
-9999.0 -9999.0 -9999.0 -9999.0 -9999.0 -9999.0 -9999.0 -9999.0 -9999.0 -9999.0 -9999.0 -9999.0 8.93979700915 140.730190368 355.756500854 382.593116937 500.137342413 508.546214001 95.127886756 69.3625067298 20.1837165243 6.22355632557 25.1778303604 30.6955181698 44.5305781007 9.70974354954 8.60797830909 7.93945161521 15.3353180056 6.42396525233 5.51361022523 3.31400693992 2.1177135663 1.36501754525 2840.80903149 2931.69149073 2934.04218184 1.67754081258 30.5610563381 14.9944350142 4.16290376353 152.520709979 9.57839438307 5.05266287233 21.7426657823 4.25551478329 2.64309818529 4.75922807185 6.60850615566 8.80836363368 241.713502869 1.5849501356 1.33742827896 1.32972841124 0.904960442022
-9999.0 -9999.0 -9999.0 -9999.0 -9999.0 -9999.0 -9999.0 -9999.0 -9999.0 -9999.0 -9999.0 10.7928179422 108.82696982 131.044422011 18.9959202716 8.13068619412 15.3418748974 530.731839844 537.42455797 640.654035878 5.35567420526 11.4952214826 4.69933661363 4.79984412814 49.1434821238 63.4456944782 76.1697355626 3.99313702346 19.2870334483 29.5614320543 16.0563140484 6.98013688388 4.86268311905 3.52329223916 3.23679699611 0.983307553657 2935.74785513 2936.92335751 2969.59170252 6.14274749827 3.4075942882 157.070387489 10.3561009509 5.37264607951 6.16895709725 6.09701491823 5.02505437944 7.91729092432 21.8613935835 33.0234260353 276.355524464 1.10545269868 3.37282987814 2.30075265358 1.7811758251
-9999.0 -9999.0 -9999.0 -9999.0 -9999.0 -9999.0 -9999.0 -9999.0 -9999.0 -9999.0 -9999.0 11.2061377355 78.8068561349 11.6380358905 8.99785549753 53.612854715 61.0856661895 68.3736271221 74.6737281139 869.77282068 875.773891314 886.707784457 972.894572069 986.765976269 993.941822696 998.646309668 1083.68448191 1094.35464415 1098.44397052 1132.50448922 1152.91976043 1156.53529157 1167.67187209 6.89038123637 5.51542248553 0.776503469894 0.456552178934 2938.16896418 2978.73893787 8.19978946636 183.827982578 180.59516619 18.5289938301 4.26420274037 4.33049806025 4.09003577131 4.18373442457 8.39696747654 11.5915059052 2.9035037715 277.878467638 279.532972297 286.575217372 287.858257379 290.827857523
-9999.0 -9999.0 -9999.0 -9999.0 -9999.0 -9999.0 -9999.0 -9999.0 -9999.0 -9999.0 -9999.0 42.1509510121 55.2557970129 24.105905666 34.8423306643 10.4833171986 118.959220119 126.72065157 141.993568428 148.10092386 48.5464368341 945.967227688 951.821183318 4.0798573006 2.44051968787 2.30851188971 5.0093420901 2.5296895064 1.99869852434 1.93979297571 1.92758641034 1159.55471362 1170.78948546 1181.57014854 1190.29547353 1192.58316053 0.719828571677 0.201269391564 3168.17128157 188.545596562 187.244942999 3.56453933679 3.1089385178 2.68637311452 7.10844462733 6.87608317578 3.11107197627 3.14868204713 2.92945474093 5.78329705816 7.33365650983 1.06717143842 1.94320216493 0.665273413124 0.419572079145
-9999.0 -9999.0 -9999.0 -9999.0 -9999.0 -9999.0 -9999.0 -9999.0 -9999.0 -9999.0 -9999.0 -9999.0 28.748632639 12.7675668414 10.6239101194 103.314572075 111.567533701 8.32191394007 30.9297339875 37.9447465987 43.3725509034 6.62883292031 3.71993461341 129.302185703 132.045282225 134.564251305 339.058428224 340.819026832 344.291863922 362.990985168 372.227896942 373.659401826 1.85680103518 1.99457281979 1.71621590462 1194.62262858 0.571256312899 3192.04790187 3190.91805165 22.0649477159 20.4352361592 13.0891182164 3.2688615159 5.39393755668 9.92020983347 9.685667601 5.95548201256 2.9735427892 5.82437765725 5.88549299812 9.88491689839 1.74173668503 3.2691693414 5.25907915347 6.16210340512
