data/baseflow/mHMbf_acc434.asc
ncols                  80
nrows                 72
xllcorner      4374000.0
yllcorner      5656000.0
cellsize            500
NODATA_value       -9999
[rows 0 to 24 of 72, columns 0 to 54 of 80]
-9999.0 -9999.0 -9999.0 -9999.0 -9999.0 -9999.0 -9999.0 -9999.0 -9999.0 -9999.0 -9999.0 -9999.0 21.358456825 17.0735853627 -9999.0 -9999.0 -9999.0 -9999.0 -9999.0 -9999.0 -9999.0 -9999.0 -9999.0 -9999.0 -9999.0 -9999.0 -9999.0 -9999.0 -9999.0 -9999.0 -9999.0 -9999.0 -9999.0 -9999.0 -9999.0 -9999.0 -9999.0 -9999.0 -9999.0 -9999.0 -9999.0 -9999.0 -9999.0 -9999.0 -9999.0 -9999.0 -9999.0 -9999.0 -9999.0 -9999.0 -9999.0 -9999.0 -9999.0 -9999.0 -9999.0
-9999.0 -9999.0 -9999.0 -9999.0 -9999.0 -9999.0 -9999.0 -9999.0 -9999.0 -9999.0 -9999.0 -9999.0 41.956088756 90.4007493154 14.0715363487 -9999.0 12.2817083156 -9999.0 -9999.0 -9999.0 -9999.0 -9999.0 -9999.0 -9999.0 -9999.0 -9999.0 -9999.0 -9999.0 -9999.0 -9999.0 -9999.0 -9999.0 -9999.0 -9999.0 -9999.0 -9999.0 -9999.0 -9999.0 -9999.0 -9999.0 -9999.0 -9999.0 -9999.0 -9999.0 -9999.0 -9999.0 -9999.0 -9999.0 -9999.0 -9999.0 -9999.0 -9999.0 -9999.0 -9999.0 -9999.0
-9999.0 -9999.0 -9999.0 -9999.0 -9999.0 -9999.0 -9999.0 -9999.0 -9999.0 -9999.0 19.9548238173 19.3345590109 20.1396699312 19.8285778904 128.428366054 142.92605089 34.7009695665 11.3035720947 -9999.0 -9999.0 -9999.0 -9999.0 -9999.0 -9999.0 -9999.0 -9999.0 -9999.0 -9999.0 -9999.0 -9999.0 -9999.0 -9999.0 -9999.0 -9999.0 -9999.0 -9999.0 -9999.0 -9999.0 -9999.0 -9999.0 -9999.0 -9999.0 -9999.0 -9999.0 -9999.0 -9999.0 -9999.0 -9999.0 -9999.0 -9999.0 -9999.0 -9999.0 -9999.0 -9999.0 -9999.0
-9999.0 -9999.0 -9999.0 -9999.0 -9999.0 -9999.0 -9999.0 -9999.0 -9999.0 19.2746804698 39.3519213901 78.2287538015 39.2129619143 19.2076733207 37.8735074227 161.566907183 220.813898179 11.8502883332 -9999.0 19.6951812307 -9999.0 -9999.0 -9999.0 -9999.0 23.8827720901 12.3657668702 -9999.0 -9999.0 -9999.0 -9999.0 -9999.0 -9999.0 -9999.0 -9999.0 -9999.0 -9999.0 -9999.0 -9999.0 -9999.0 -9999.0 -9999.0 -9999.0 -9999.0 -9999.0 -9999.0 -9999.0 -9999.0 -9999.0 -9999.0 -9999.0 -9999.0 -9999.0 -9999.0 -9999.0 -9999.0
-9999.0 -9999.0 -9999.0 -9999.0 -9999.0 -9999.0 -9999.0 -9999.0 21.194648474 60.6763999367 79.664783757 98.8320516849 136.220919661 18.3674466112 74.0877734602 92.0749140375 341.169169674 14.9311215751 16.914318427 37.5602484019 55.1947092064 18.2009322974 -9999.0 60.3587066981 49.5954060745 13.2508718821 -9999.0 -9999.0 -9999.0 -9999.0 -9999.0 -9999.0 -9999.0 -9999.0 -9999.0 -9999.0 -9999.0 -9999.0 -9999.0 -9999.0 -9999.0 -9999.0 -9999.0 -9999.0 -9999.0 -9999.0 -9999.0 -9999.0 -9999.0 -9999.0 -9999.0 -9999.0 -9999.0 -9999.0 -9999.0
-9999.0 -9999.0 -9999.0 -9999.0 -9999.0 -9999.0 20.8544837268 19.8367236103 19.3424834745 19.576087369 19.7874553736 138.674598015 294.207050126 313.298569551 330.29437676 16.5851306557 374.796125159 392.205261646 34.9945592714 17.7743936332 72.5820404872 126.347737174 17.1649759299 110.44630951 17.8170253353 17.0533007161 18.3390134583 -9999.0 -9999.0 -9999.0 -9999.0 -9999.0 -9999.0 -9999.0 -9999.0 -9999.0 -9999.0 -9999.0 -9999.0 -9999.0 -9999.0 -9999.0 -9999.0 -9999.0 -9999.0 -9999.0 -9999.0 -9999.0 -9999.0 -9999.0 -9999.0 -9999.0 -9999.0 -9999.0 -9999.0
-9999.0 -9999.0 -9999.0 -9999.0 -9999.0 -9999.0 41.7711143942 62.1498803956 142.466054767 200.17876873 18.4087821347 19.0149628625 18.4747333529 54.1777608151 401.401807704 16.167713955 408.832158313 475.490168895 51.6763520996 34.255139276 143.009187849 17.6572323011 127.918670692 34.935364821 17.1531786459 33.2656491531 36.2271257037 18.4616785188 19.2528259601 18.9499224906 19.6659299515 39.3862166855 -9999.0 -9999.0 -9999.0 -9999.0 -9999.0 -9999.0 -9999.0 -9999.0 -9999.0 -9999.0 -9999.0 -9999.0 -9999.0 -9999.0 -9999.0 -9999.0 -9999.0 -9999.0 -9999.0 -9999.0 -9999.0 -9999.0 -9999.0
-9999.0 -9999.0 -9999.0 -9999.0 -9999.0 22.4382480189 43.7454144681 21.1472440775 41.5077964448 220.746359515 259.12220689 297.469613603 951.738830842 17.9587908047 419.181537294 1510.35219954 1523.76252681 2022.73809642 14.7505715739 50.7900823769 159.73908518 16.6130972501 319.682964126 174.647110849 105.010525548 87.3914804358 18.1737719296 54.8207531657 56.6098282215 37.7421401605 18.4563999514 58.258801355 18.219582709 17.9986589525 -9999.0 -9999.0 -9999.0 -9999.0 -9999.0 -9999.0 -9999.0 -9999.0 -9999.0 -9999.0 -9999.0 -9999.0 -9999.0 -9999.0 -9999.0 -9999.0 -9999.0 -9999.0 -9999.0 -9999.0 -9999.0
-9999.0 -9999.0 -9999.0 -9999.0 -9999.0 22.7916688053 66.7072457429 132.150428475 152.992619969 304.479758498 324.537744626 386.375886747 636.351771676 1004.76186001 1041.4945019 1058.59699729 32.9095983399 2081.55975522 2111.94843206 2196.52075093 2743.19265709 370.51078598 337.268252582 122.413857472 17.3327745213 105.935063922 71.4283619701 15.3777805212 73.7300197157 16.8478821817 35.0679774941 93.654348564 111.335931708 35.4762210527 17.3522364653 17.202698841 -9999.0 -9999.0 -9999.0 -9999.0 11.516455891 10.2594459475 -9999.0 -9999.0 -9999.0 -9999.0 -9999.0 -9999.0 -9999.0 -9999.0 -9999.0 -9999.0 -9999.0 -9999.0 -9999.0
-9999.0 -9999.0 -9999.0 -9999.0 -9999.0 22.3259441269 21.497653567 88.4609708776 109.500230054 131.006235516 20.8730985221 41.4875763522 234.412939756 41.6840144544 20.0917180216 18.8382557825 17.265450262 18.9499467137 18.2647804777 18.4792659782 2760.35371101 2810.3716324 16.5288427522 50.7370628094 34.4033273067 123.017882837 32.0191784725 15.4680500555 90.5418560533 33.3415011527 81.1990340289 197.08874098 181.324639109 52.4771152707 50.1433042077 17.5743897104 17.4312114903 -9999.0 -9999.0 17.5476065698 25.5469968926 57.1838068867 10.7479024282 -9999.0 -9999.0 -9999.0 -9999.0 -9999.0 -9999.0 -9999.0 -9999.0 -9999.0 -9999.0 -9999.0 -9999.0
-9999.0 -9999.0 -9999.0 -9999.0 -9999.0 -9999.0 22.9495766997 22.8377774569 44.3951025405 66.0632454786 151.04827159 193.519641927 214.737862462 21.5612559715 18.7543662222 240.132290535 296.136833389 314.030579798 388.076105768 405.395234435 17.0925754287 2827.56695066 2911.06468592 66.6784874267 13.6976448098 138.735636086 307.079745458 121.164809202 31.23376629 16.0882286255 310.122316734 213.457432356 15.5286020634 16.0136272651 66.4886627449 51.4274743664 16.6837731809 14.8534659047 17.0544071759 34.3255991621 16.5597210441 69.2491566931 85.3103132356 14.4530014223 -9999.0 -9999.0 -9999.0 -9999.0 16.1312429252 15.4031947183 5.50613173136 -9999.0 -9999.0 -9999.0 -9999.0
-9999.0 -9999.0 -9999.0 -9999.0 -9999.0 -9999.0 -9999.0 22.6635286911 20.6697279066 42.5465919458 64.2674751739 21.3815322226 20.043582211 124.30876425 163.084052917 203.064469711 19.1321001439 38.1361948641 18.8194947893 423.155362589 926.441581935 938.069025751 3879.62979411 16.5533696343 40.9058861658 13.1963787029 322.65289867 15.3226841439 47.6117865187 15.8526255813 325.436223943 340.567333377 31.2886372952 31.6416058048 168.052228315 84.8493637015 31.8052832772 16.5889537244 34.0403596624 51.1315254689 83.144725559 15.3101665964 113.026621945 124.45871863 10.0363633305 10.4716062299 11.5593044332 10.3690071169 9.86099399019 44.3788850497 17.8253159845 11.3493735985 -9999.0 -9999.0 -9999.0
-9999.0 -9999.0 -9999.0 -9999.0 -9999.0 -9999.0 -9999.0 -9999.0 43.2740772673 63.5105976222 21.400482294 43.1953360468 63.863239668 105.197441386 21.0994912726 20.6289048009 18.6654930584 18.8235205734 17.495427811 467.547475623 19.076788302 37.4942818618 3928.96277978 3957.27341479 11.6929138178 64.7012855714 401.358380457 30.6252838111 62.0663864227 28.4333018652 42.9778968088 400.568408159 45.8609283802 244.171263895 198.220335533 15.4853761925 80.1930843814 32.6286567884 49.8289261038 16.1005797169 98.2941049475 126.628287353 136.221023178 145.257126615 161.613054429 18.6149172408 20.4265749987 18.5112334352 17.396901858 54.657584729 11.7912661516 40.5967733102 50.3265250753 -9999.0 -9999.0
-9999.0 -9999.0 -9999.0 -9999.0 -9999.0 -9999.0 -9999.0 -9999.0 22.2783526125 107.692286794 128.758125937 21.1050744257 41.6031068308 20.4892789512 19.5539767971 19.3076256994 238.210929464 314.857905602 385.484298352 455.072997379 17.3628837872 18.6936839423 17.0308703489 4030.90508746 4059.62658834 4070.3998764 536.827872507 122.500889119 107.425365588 13.3587863518 54.3674821582 468.570087617 11.6385074618 257.860871285 15.3119830507 104.961773868 96.4357263693 15.8531862678 65.570389945 31.7577250372 47.1336690716 13.386014109 8.91981515691 154.16493098 162.235499903 169.660267923 29.2204211478 26.8411107816 25.6593294581 67.0083091774 90.8280958325 11.8934005022 61.7001532987 13.4462334158 25.2670856251
-9999.0 -9999.0 -9999.0 -9999.0 -9999.0 -9999.0 -9999.0 -9999.0 -9999.0 22.4867599342 150.436009835 171.428658122 62.2981436424 103.302568759 142.472918326 162.138388294 19.8859624508 57.9727885111 39.0908640314 20.0784385091 19.8205052187 18.5692894551 36.5207805696 60.3160473714 17.5131362075 4636.84448417 4647.99404475 10.6085373162 10.35906137 27.8992981597 41.7828800261 507.618396845 25.202211882 269.952865638 162.013619705 133.742271504 15.1474526559 30.7076838105 80.0997786581 14.5114317441 61.3067461818 27.6128504343 16.2825954256 7.98340587957 186.269730563 362.383641124 35.0530055055 32.8948012439 34.8034980011 9.77357451064 100.544470375 9.47461576042 82.8062709338 11.5058960506 36.804739537
-9999.0 -9999.0 -9999.0 -9999.0 -9999.0 -9999.0 -9999.0 -9999.0 -9999.0 -9999.0 20.8568599997 213.358125108 20.62806754 41.1037352977 60.2714939544 97.5736230218 18.5606580953 37.9943436846 19.1218471806 17.7680109151 17.1925675953 34.1401627852 14.9098062994 14.8231524351 27.7355103684 16.2199306802 4660.24614662 4680.90407921 4714.18044754 52.7126957694 13.8591678844 27.6637926251 521.774004267 498.31471186 191.171021531 14.4348164685 60.5341884617 45.5533043013 94.6592362486 29.0070839146 117.354635817 41.6369414202 27.6650453539 6.67757177791 8.68798735181 371.460949209 379.329613266 454.140028877 65.9329284964 20.6768186665 110.982799063 130.705064077 221.688243862 21.7153162494 10.7503061347
-9999.0 -9999.0 -9999.0 -9999.0 -9999.0 -9999.0 -9999.0 -9999.0 -9999.0 -9999.0 -9999.0 12.4111488925 240.436715715 19.9583002304 38.935808285 174.049427901 18.9767252687 18.8512782665 17.7134617958 36.2440897189 18.7813190701 71.4644880269 103.012795301 118.007190833 41.2481000206 51.1913412187 10.8035993888 14.4032040775 13.3013210958 4792.62951195 4830.32308253 533.518077874 520.843899008 510.197356509 23.9273682962 11.1502103 74.1006863216 196.077863656 108.429250293 42.6619883434 173.227234915 65.5039353864 52.84400369 14.2406349913 5.75865644432 5.48676150909 5.10893390513 482.4029903 575.765877251 10.3408858904 8.16084927639 10.5142159636 232.149520453 263.929631968 19.519352437
-9999.0 -9999.0 -9999.0 -9999.0 -9999.0 -9999.0 -9999.0 -9999.0 -9999.0 -9999.0 -9999.0 11.7790104764 268.458786857 329.995145895 19.1241683143 212.339935041 17.8356894357 17.1047509325 35.6997478185 90.2030558519 18.0936478744 18.7079884334 16.6604511034 150.214735499 164.482137119 232.351172134 256.681495327 269.386990099 279.554570527 294.244662953 5135.7662218 5689.07664289 6227.47240298 6233.77454841 9.37236521253 12.0382886599 223.29460602 209.755134456 13.5938597303 13.4499763442 186.58003563 265.401668741 11.8294357247 128.414642401 117.347296858 29.9059059275 12.5530479297 20.8783996402 9.05342974522 590.684076319 7.44856659161 25.4758123213 30.8857457179 316.171888726 343.252966241
-9999.0 -9999.0 -9999.0 -9999.0 -9999.0 -9999.0 -9999.0 -9999.0 -9999.0 -9999.0 -9999.0 21.8368229993 42.1943410855 350.062597208 387.44774674 18.8214985437 244.079056202 15.1571276226 48.258434773 107.160045183 35.258096401 17.112318975 34.6531958496 14.5935499021 28.5611456889 14.6067054483 13.8325559621 12.7379962831 11.8109194766 10.1845458411 8.60461626503 10.4128020068 11.8793807852 11.7624829546 6262.67295144 253.061056398 235.675822153 6.00457438645 38.283157126 11.0230385688 10.0249808079 277.636833651 443.878985207 141.744042447 103.621660588 17.6066111462 6.87134215469 6.30933980847 13.6273527263 611.985628352 625.493642631 6.99891706084 7.07932053558 6.59781709185 7.41076772499
-9999.0 -9999.0 -9999.0 -9999.0 -9999.0 -9999.0 -9999.0 -9999.0 -9999.0 -9999.0 -9999.0 -9999.0 19.7388051434 258.062154401 664.870733162 722.67579356 983.816096757 997.515152405 237.94115385 177.06206567 52.5984917729 16.9492153095 68.259379127 84.7162792157 128.098781479 29.7034698772 28.0427578693 27.139898889 52.849958326 23.8949466103 21.8687354309 12.4871855275 9.03780313275 7.93359730429 6272.07125565 6534.28907122 6541.01524824 5.65583484874 97.2709088378 46.7734502884 13.1381512275 484.119033199 28.1862383151 14.4603705055 60.697013568 13.5645340696 9.55692764298 17.2246406349 23.6903272135 30.9011999898 637.060706117 5.31113040817 4.67521409775 4.5536063409 3.51392644624
-9999.0 -9999.0 -9999.0 -9999.0 -9999.0 -9999.0 -9999.0 -9999.0 -9999.0 -9999.0 -9999.0 21.1233094247 196.211917693 238.134523697 39.2518262364 13.1813715724 29.7839509738 1045.27605838 1059.72741268 1311.09556546 15.6738814479 32.5104194062 14.6419331066 14.7990443683 142.379476809 186.333874777 227.641797687 13.0793428985 65.7557842642 102.372532013 58.4532599769 24.6471765277 19.89353645 17.3569490887 15.4330328346 6.19147492572 6546.08106839 6550.01405645 6655.01609654 20.0052306726 11.4013708484 491.798782024 29.9313832941 15.2241133704 16.2329577318 16.1301998865 14.6006871115 24.6168707345 69.7297499425 108.119067089 750.787727325 3.95495428677 12.0423281168 8.08067395982 6.73611921317
-9999.0 -9999.0 -9999.0 -9999.0 -9999.0 -9999.0 -9999.0 -9999.0 -9999.0 -9999.0 -9999.0 21.4941917877 134.552113956 21.3066216985 19.3418332178 99.8598786484 117.754827582 135.490925296 152.433934564 1779.54397765 1794.612236 1825.14292355 2049.57360636 2092.15024588 2115.6634781 2130.14814933 2387.12183665 2421.76516715 2435.06772052 2551.62231967 2623.64125679 2635.86086794 2678.90670241 28.7605563771 25.3969529099 5.41841275723 4.0929445429 6554.83004724 6685.18407545 26.4432378853 564.089486149 554.127832623 54.8876578156 13.4213626279 13.8351952044 13.1881322546 13.4989385818 27.0187101839 37.6763247465 9.69191529472 756.107130565 761.519335207 786.369995051 790.776889603 801.618245297
-9999.0 -9999.0 -9999.0 -9999.0 -9999.0 -9999.0 -9999.0 -9999.0 -9999.0 -9999.0 -9999.0 68.8040289063 91.0749542847 42.9605257465 63.4991435398 20.3359210948 228.649437716 246.510133217 282.556474687 299.026651222 121.754903223 1972.01205781 1987.33349251 12.6217369535 8.95655493451 8.31212473468 18.1041480995 9.80750923829 8.28476330384 8.4353119874 8.84909105501 2647.68166415 2690.70471549 2730.17290375 2764.71557224 2781.56025568 6.97904513785 2.21138184027 7267.60850786 578.881497197 574.372888505 12.0713217613 11.1695420754 9.35541731323 22.7624325643 22.3820064376 10.5545495628 11.6086143285 10.4819752392 20.0412980459 25.9520256136 3.90580074453 7.27316701699 3.20542104861 2.75930729204
-9999.0 -9999.0 -9999.0 -9999.0 -9999.0 -9999.0 -9999.0 -9999.0 -9999.0 -9999.0 -9999.0 -9999.0 46.3767306417 21.9453305884 20.6829692406 192.193948562 210.660907174 18.6175478698 73.1504041951 90.6753050992 106.951242667 17.0593691636 11.8089252522 296.805393953 306.11658844 315.182685229 799.763704339 807.221133081 821.820950492 881.628200327 922.450575706 929.352384311 8.08241032731 8.36266050487 7.89413381074 2787.58874928 2.82653819623 7355.28238444 7351.09707892 80.144209787 74.3469941362 45.8550044105 11.7250243932 19.4151230646 32.8721579826 32.5515056728 19.9143937291 11.2122847109 21.5092980661 21.1366170588 35.2217285028 7.30564477098 13.6054335253 21.7758509682 27.232126278
-9999.0 -9999.0 -9999.0 -9999.0 -9999.0 -9999.0 -9999.0 -9999.0 -9999.0 -9999.0 -9999.0 -9999.0 23.6971505596 67.0574668564 88.1507093578 151.536852795 18.6076320196 37.5104078441 55.5366719843 217.982784745 234.135557844 247.973839364 261.703286193 274.929363403 419.631323824 456.872036292 477.016870908 8.72829257026 46.025175246 53.9692231376 900.159473182 936.174686475 953.532256465 971.755926214 985.144842011 3775.70192578 2.34557919044 7369.5168846 8.97339834696 4.49413110648 63.4317363294 55.3047980164 8.88332704097 28.9677797218 42.6339851454 41.7835748748 28.5561003671 48.2257008845 77.4962720127 29.8231514167 73.0489265184 6.94822656812 11.7553435538 1.71593182068 1.2634511308
