data/baseflow/mHMbf_acc386.asc
ncols                  80
nrows                 72
xllcorner      4374000.0
yllcorner      5656000.0
cellsize            500
NODATA_value       -9999
[rows 0 to 24 of 72, columns 0 to 54 of 80]
-9999.0 -9999.0 -9999.0 -9999.0 -9999.0 -9999.0 -9999.0 -9999.0 -9999.0 -9999.0 -9999.0 -9999.0 28.3592723015 22.018379973 -9999.0 -9999.0 -9999.0 -9999.0 -9999.0 -9999.0 -9999.0 -9999.0 -9999.0 -9999.0 -9999.0 -9999.0 -9999.0 -9999.0 -9999.0 -9999.0 -9999.0 -9999.0 -9999.0 -9999.0 -9999.0 -9999.0 -9999.0 -9999.0 -9999.0 -9999.0 -9999.0 -9999.0 -9999.0 -9999.0 -9999.0 -9999.0 -9999.0 -9999.0 -9999.0 -9999.0 -9999.0 -9999.0 -9999.0 -9999.0 -9999.0
-9999.0 -9999.0 -9999.0 -9999.0 -9999.0 -9999.0 -9999.0 -9999.0 -9999.0 -9999.0 -9999.0 -9999.0 57.2648820103 121.203330963 18.5819348451 -9999.0 15.3207324241 -9999.0 -9999.0 -9999.0 -9999.0 -9999.0 -9999.0 -9999.0 -9999.0 -9999.0 -9999.0 -9999.0 -9999.0 -9999.0 -9999.0 -9999.0 -9999.0 -9999.0 -9999.0 -9999.0 -9999.0 -9999.0 -9999.0 -9999.0 -9999.0 -9999.0 -9999.0 -9999.0 -9999.0 -9999.0 -9999.0 -9999.0 -9999.0 -9999.0 -9999.0 -9999.0 -9999.0 -9999.0 -9999.0
-9999.0 -9999.0 -9999.0 -9999.0 -9999.0 -9999.0 -9999.0 -9999.0 -9999.0 -9999.0 29.9181314411 28.7543805751 29.0159389566 27.1730807936 174.385444664 195.292300739 43.240548598 13.8173577926 -9999.0 -9999.0 -9999.0 -9999.0 -9999.0 -9999.0 -9999.0 -9999.0 -9999.0 -9999.0 -9999.0 -9999.0 -9999.0 -9999.0 -9999.0 -9999.0 -9999.0 -9999.0 -9999.0 -9999.0 -9999.0 -9999.0 -9999.0 -9999.0 -9999.0 -9999.0 -9999.0 -9999.0 -9999.0 -9999.0 -9999.0 -9999.0 -9999.0 -9999.0 -9999.0 -9999.0 -9999.0
-9999.0 -9999.0 -9999.0 -9999.0 -9999.0 -9999.0 -9999.0 -9999.0 -9999.0 28.7206995766 58.4461849016 115.492308986 55.5531566572 26.9078904758 53.5053257455 222.162679116 299.25764896 16.1469838021 -9999.0 28.9810883402 -9999.0 -9999.0 -9999.0 -9999.0 29.5620648577 14.972209739 -9999.0 -9999.0 -9999.0 -9999.0 -9999.0 -9999.0 -9999.0 -9999.0 -9999.0 -9999.0 -9999.0 -9999.0 -9999.0 -9999.0 -9999.0 -9999.0 -9999.0 -9999.0 -9999.0 -9999.0 -9999.0 -9999.0 -9999.0 -9999.0 -9999.0 -9999.0 -9999.0 -9999.0 -9999.0
-9999.0 -9999.0 -9999.0 -9999.0 -9999.0 -9999.0 -9999.0 -9999.0 30.8116432929 88.9739017522 116.922505534 144.870359997 197.831686315 26.4594749989 105.858584096 132.60487528 475.588097812 24.147035246 26.6913394788 55.3398343227 81.2171269271 26.7538719141 -9999.0 78.4170303019 64.0582539677 18.0080560032 -9999.0 -9999.0 -9999.0 -9999.0 -9999.0 -9999.0 -9999.0 -9999.0 -9999.0 -9999.0 -9999.0 -9999.0 -9999.0 -9999.0 -9999.0 -9999.0 -9999.0 -9999.0 -9999.0 -9999.0 -9999.0 -9999.0 -9999.0 -9999.0 -9999.0 -9999.0 -9999.0 -9999.0 -9999.0
-9999.0 -9999.0 -9999.0 -9999.0 -9999.0 -9999.0 31.2678047635 29.3304242504 28.5745916073 28.7115331928 29.0060475934 202.528097955 427.81716763 455.238229836 480.581135779 24.9698698957 525.940451073 551.813870534 52.3209521884 25.4562977774 106.518479483 185.597609861 26.0949595714 152.006003148 25.5691969758 24.774356656 25.3371317314 -9999.0 -9999.0 -9999.0 -9999.0 -9999.0 -9999.0 -9999.0 -9999.0 -9999.0 -9999.0 -9999.0 -9999.0 -9999.0 -9999.0 -9999.0 -9999.0 -9999.0 -9999.0 -9999.0 -9999.0 -9999.0 -9999.0 -9999.0 -9999.0 -9999.0 -9999.0 -9999.0 -9999.0
-9999.0 -9999.0 -9999.0 -9999.0 -9999.0 -9999.0 61.5213458035 90.636172405 206.493776824 291.286487531 27.0593073931 27.51784916 26.791871518 79.5635089987 585.486318 24.4467949768 577.72973275 676.968103344 77.3276513759 50.5653073464 210.66159733 26.5206444813 178.080360603 51.9080570816 25.1985556665 49.4181819962 50.5528058385 26.7710778767 26.9297463503 26.8370047772 27.2562395264 55.0988130504 -9999.0 -9999.0 -9999.0 -9999.0 -9999.0 -9999.0 -9999.0 -9999.0 -9999.0 -9999.0 -9999.0 -9999.0 -9999.0 -9999.0 -9999.0 -9999.0 -9999.0 -9999.0 -9999.0 -9999.0 -9999.0 -9999.0 -9999.0
-9999.0 -9999.0 -9999.0 -9999.0 -9999.0 30.9790720248 61.1824300859 29.6387575224 58.6279666186 320.539166557 376.011915099 430.835519629 1326.84382687 26.3024727305 611.863785639 2134.75248152 2154.52207735 2864.48263578 20.9453443553 75.8816291113 236.016820643 25.2844982349 460.340771332 256.896085389 152.976103452 126.686665324 24.4906739417 79.5194601866 78.6356588113 52.7929860072 26.0833283062 82.122702165 26.5644024699 26.6510449618 -9999.0 -9999.0 -9999.0 -9999.0 -9999.0 -9999.0 -9999.0 -9999.0 -9999.0 -9999.0 -9999.0 -9999.0 -9999.0 -9999.0 -9999.0 -9999.0 -9999.0 -9999.0 -9999.0 -9999.0 -9999.0
-9999.0 -9999.0 -9999.0 -9999.0 -9999.0 30.8243441264 90.2578069513 180.718172645 209.667108851 415.375241833 443.309937588 529.566272666 869.961409516 1399.14538827 1450.58066337 1474.25512966 48.4475546745 2950.17196457 2994.19037235 3120.35991795 3919.97184235 537.75376501 486.715042244 179.465350901 25.9186138957 153.985290767 104.375614836 25.5289385191 103.711530123 24.4532275098 49.7417636175 133.855023521 160.069389205 53.0545439779 25.5632537483 26.0877639462 -9999.0 -9999.0 -9999.0 -9999.0 15.6177888902 13.3364625405 -9999.0 -9999.0 -9999.0 -9999.0 -9999.0 -9999.0 -9999.0 -9999.0 -9999.0 -9999.0 -9999.0 -9999.0 -9999.0
-9999.0 -9999.0 -9999.0 -9999.0 -9999.0 30.427382395 29.6130593269 118.442943403 147.388464627 177.142250464 29.1598517876 58.0705448939 319.854567629 57.5378376189 28.1683616365 27.3663924073 25.7372189726 27.8270954869 27.2348700913 27.2292863246 3946.12798117 4023.41354026 25.355683072 76.9237001602 51.6877713829 180.000859735 50.5572251713 23.9638269339 129.377970855 48.4118409176 115.541752806 287.12049147 264.982206757 79.279568626 77.0924148444 25.6642486718 25.8944076281 -9999.0 -9999.0 25.7258919497 35.2536662572 76.5397693583 14.0604644027 -9999.0 -9999.0 -9999.0 -9999.0 -9999.0 -9999.0 -9999.0 -9999.0 -9999.0 -9999.0 -9999.0 -9999.0
-9999.0 -9999.0 -9999.0 -9999.0 -9999.0 -9999.0 30.4191784734 29.6921775009 59.7815726535 89.1259091879 204.566178648 263.458199246 292.418880212 29.9529281332 26.4577337257 338.558474754 419.094076249 445.654910111 553.613330489 580.211040709 26.6975045968 4049.50475419 4177.82361168 102.694647788 24.0172261569 205.448564338 459.930254725 178.380504003 50.4343239564 25.0436583113 451.404137956 312.231524012 24.8225148487 25.0853961099 102.243341831 76.5756068779 25.6935826261 25.0867670462 25.7106326981 50.9391867529 25.4302073709 93.4322158114 118.291246289 22.6257110732 -9999.0 -9999.0 -9999.0 -9999.0 23.8364964688 23.1154611974 7.86099770998 -9999.0 -9999.0 -9999.0 -9999.0
-9999.0 -9999.0 -9999.0 -9999.0 -9999.0 -9999.0 -9999.0 30.8863501863 28.0236460917 56.8900613948 86.5699245911 29.9226308926 28.4864810073 172.410479869 229.071239095 285.759093441 26.9182660555 54.373556933 27.0404039781 606.251842068 1329.29736471 1345.54259399 5570.41632825 26.4706328567 72.0787830288 23.4622944834 485.762733921 24.9009095132 75.9254389458 24.9196911255 476.242068648 500.668058365 49.4452493921 49.2538951379 255.231212188 127.844896202 50.453187295 25.8496722529 51.7497786281 76.4391757296 126.414116292 24.7992815678 164.511732279 187.468833147 22.9098663084 26.027808244 21.9341038626 20.9287224345 20.3054618758 68.4217326589 31.0426951098 20.7755043982 -9999.0 -9999.0 -9999.0
-9999.0 -9999.0 -9999.0 -9999.0 -9999.0 -9999.0 -9999.0 -9999.0 58.3961709727 86.3731730776 29.54244108 59.1507713598 87.4552562905 145.337823821 29.5942084823 28.9143726332 26.817860213 27.4672864014 26.9340961607 670.492127895 26.6622379646 52.9863873152 5642.76246526 5708.15671731 40.9415936093 151.787316226 664.678539359 50.2486089747 100.457936002 49.2965787639 73.7722190971 598.946008011 73.8754025983 378.024262836 304.167157723 24.4624277523 125.61257767 50.7600031542 76.5588433191 25.2800148756 150.677522669 199.231572059 221.526937099 243.187113281 278.534529168 46.8592668714 42.7547245609 40.990223602 39.8199782191 89.8255184311 20.9926818083 74.2202498424 96.5666824724 -9999.0 -9999.0
-9999.0 -9999.0 -9999.0 -9999.0 -9999.0 -9999.0 -9999.0 -9999.0 29.7681592906 145.046058537 174.204246872 29.372592963 58.1520871761 28.8583791376 28.147717059 27.4745603134 338.676204438 451.755620202 556.25143106 653.475741965 24.4370266671 26.5222569247 33.7325546477 5835.6009878 5904.77556494 5942.28024414 908.045151215 204.387619369 176.770017415 25.2414826141 98.422463639 721.943279976 24.5043617537 402.666388983 24.3839422484 162.582012742 150.769831293 24.6968455127 100.923472958 49.6639519366 73.8683261819 26.1196828709 21.7105932136 264.696058913 285.53679719 299.322404603 63.4916842739 61.2253688119 60.0722467614 110.948327667 152.8247398 20.8067293058 118.808837125 22.615531795 44.9100630163
-9999.0 -9999.0 -9999.0 -9999.0 -9999.0 -9999.0 -9999.0 -9999.0 -9999.0 29.1728115091 203.503999976 232.926613179 87.4555969071 145.35997482 201.706572279 229.909318321 28.1915572011 86.1395859288 57.729229797 27.7531695472 28.5965432984 27.0909981054 54.893930758 100.076644319 41.6128881556 6926.76405207 6967.88463402 39.0524227254 27.39708062 50.2966815511 75.3036532845 795.473146188 48.8236145475 426.85107024 257.345297559 209.409874644 24.8144776579 49.3417450375 125.199332913 24.0007014308 97.6533082227 50.0717238936 42.1470297329 21.3885280426 353.157629514 672.284997284 82.4633787282 80.5246953766 80.7873379189 20.3612224867 173.138809522 20.1573648652 160.987623376 22.1650383309 67.430908539
-9999.0 -9999.0 -9999.0 -9999.0 -9999.0 -9999.0 -9999.0 -9999.0 -9999.0 -9999.0 28.4802056366 290.534826883 29.3771550517 58.5404615291 86.4168004524 143.995588536 29.9304126573 58.5885943622 30.2321510136 29.8239394303 28.380061262 55.9483012853 27.0680080183 31.5405823957 73.6295198771 43.0028878296 7004.68765864 7080.84173345 7187.66807353 104.27535584 24.9741997488 49.6459727308 820.006741516 806.76106532 306.980094651 24.7878243177 98.2905182659 73.8729063894 149.556900716 48.3156770825 195.101533931 73.6764746977 65.6806268246 24.2694916518 25.617046574 695.379738796 719.382066114 902.224469253 145.565726647 42.7381886157 194.541011711 235.360409537 417.8604734 43.6574837453 21.3399756805
-9999.0 -9999.0 -9999.0 -9999.0 -9999.0 -9999.0 -9999.0 -9999.0 -9999.0 -9999.0 -9999.0 15.888709508 326.8202325 28.8099344262 56.6467478446 256.47859705 28.1674954778 28.3033763275 28.4354683345 58.5450171967 27.5581436538 111.200000509 165.433574689 191.109566408 101.830415876 136.449917257 39.1848228544 43.0363419301 38.16813288 7351.13921211 7430.62803096 844.132802036 854.152837302 830.601859928 48.8076247594 24.1975550366 122.343402477 320.026711731 173.735913885 72.6397159144 291.369272134 159.364014915 136.052843853 47.7346043917 22.4118958179 21.5125091894 22.7251179834 997.798029778 1214.16903189 22.2362959174 21.5047951626 21.8346196294 439.566020345 504.401855189 41.7498859135
-9999.0 -9999.0 -9999.0 -9999.0 -9999.0 -9999.0 -9999.0 -9999.0 -9999.0 -9999.0 -9999.0 15.2357329428 364.14876736 450.088441199 27.6360024975 312.528808981 26.5743141415 27.7019295704 55.2592759852 140.765155943 27.1972524632 27.8517691153 26.8983657499 244.497811529 271.145977978 434.987727085 502.794299071 536.879846304 575.27323224 614.271355513 8080.72005899 8995.29478108 9916.32083585 9942.49684551 27.8124107926 24.2973512021 367.994856952 344.320744426 23.6555820474 23.4226518552 313.789280444 496.53909575 22.311037682 283.974101312 261.776921948 93.5807773432 46.9505318225 72.0745643267 25.4756129234 1261.7552674 24.3277741999 67.0240961514 88.6146346334 662.340957904 725.339216514
-9999.0 -9999.0 -9999.0 -9999.0 -9999.0 -9999.0 -9999.0 -9999.0 -9999.0 -9999.0 -9999.0 30.250509502 58.1505175905 477.761305938 533.032840567 28.1720616941 359.713632652 27.0070327783 80.7616962471 167.366476993 53.7892588781 26.5833752905 54.5660803819 25.7301839604 50.8599650483 25.2239185562 24.7197573749 23.6785817523 23.2564614905 25.320771442 29.7245865581 36.3963834098 40.5745818419 40.3550523143 10042.2919288 491.874754787 434.748995652 31.5468734443 70.765501677 19.321658328 15.6383542404 519.450930418 872.123827606 307.688838794 216.12264976 48.5149093417 24.1183489001 23.4240456553 46.8909633672 1332.18876079 1373.69720349 21.2888821593 22.9197578477 24.5122715165 21.9560652414
-9999.0 -9999.0 -9999.0 -9999.0 -9999.0 -9999.0 -9999.0 -9999.0 -9999.0 -9999.0 -9999.0 -9999.0 28.7466156314 358.785631644 919.679025328 1002.14684857 1387.81220214 1408.17469076 375.928200803 275.022996188 80.9602423144 26.4555048613 107.34208733 133.566313974 209.667682719 51.0065266111 50.0575009064 49.1652846877 97.5198674051 50.2496453447 54.1477161216 23.5977369903 23.7871884193 29.1223437116 10074.5625955 10582.7129811 10613.7640373 33.6010367943 217.131744483 82.2130758577 23.8340746895 942.734781451 48.1588696038 24.5184740774 98.800252189 24.1372678987 24.9648634639 48.9402669279 70.9627164948 93.7396384618 1412.06588097 18.3624324008 16.8118747642 18.7117619648 18.3998978216
-9999.0 -9999.0 -9999.0 -9999.0 -9999.0 -9999.0 -9999.0 -9999.0 -9999.0 -9999.0 -9999.0 30.162763302 273.40705263 331.305245416 55.3641100003 17.2896651529 41.919642251 1477.78548133 1500.96786177 1897.15636516 25.8085478782 52.1010551161 25.0549941773 25.545589548 234.986875235 311.299482901 386.045855411 24.7249987554 122.343561537 196.942302084 125.469615518 47.5308220741 46.6714522992 51.1684752398 55.9436245819 33.9888303129 10642.7033955 10670.1288657 10944.7290808 45.3985004503 22.8080855033 957.774573807 48.3186034122 24.6692671393 25.1314330254 24.7990918214 24.0219107248 49.8547364376 144.53583675 262.165952625 1695.2395122 15.7971844639 47.0852758928 33.5251763035 32.4040327443
-9999.0 -9999.0 -9999.0 -9999.0 -9999.0 -9999.0 -9999.0 -9999.0 -9999.0 -9999.0 -9999.0 30.862950548 184.610924123 29.3471268465 27.5962491981 135.634065404 162.329331062 189.887401085 217.191264104 2569.73169607 2592.34627398 2641.15654498 2995.30881836 3074.87058459 3126.75753714 3152.55901759 3609.56457683 3678.99120424 3702.96104196 3924.91407416 4075.12284507 4099.01194828 4192.19240851 74.267393034 78.0818568316 27.7637282537 31.6132675457 10698.9692423 11044.9062631 71.5347935541 1086.49372401 1066.16339672 94.7594284159 23.5343714479 24.1938759268 23.9562559872 23.3161280527 46.8614265059 70.8430093116 24.8120384822 1713.69978332 1732.79265068 1830.89141626 1847.96481404 1896.81599516
-9999.0 -9999.0 -9999.0 -9999.0 -9999.0 -9999.0 -9999.0 -9999.0 -9999.0 -9999.0 -9999.0 92.8437013096 123.010225164 57.9271251049 86.0932308395 27.8981724057 317.524486354 345.690675003 401.767352306 428.346625216 188.403908825 2868.70869759 2892.66951693 28.4327571867 26.4505344953 26.1216694083 52.9337765496 25.9364968337 24.4963184406 23.5980658925 23.4103060104 4122.55882841 4215.65680828 4310.29027694 4407.59076104 4519.81259059 58.3951119938 23.6815634059 12204.4611486 1132.27740265 1107.17742717 23.1103604364 22.6126518982 21.9419518655 46.4762093113 46.5073126387 22.1624688041 22.166056672 21.6692247429 46.3141357018 66.6541035599 15.8554456177 30.2719528889 14.2422591637 14.3085643884
-9999.0 -9999.0 -9999.0 -9999.0 -9999.0 -9999.0 -9999.0 -9999.0 -9999.0 -9999.0 -9999.0 -9999.0 62.2849247187 29.5342356996 28.6975476652 261.912991901 290.438682459 28.5581770386 110.780346558 137.849719946 164.870079452 28.2372716635 28.3723519165 478.68845584 505.567454287 532.185069599 1363.32658956 1388.51338444 1437.14571584 1621.87770911 1764.539669 1787.91017023 21.467937452 21.8423179318 19.9825444952 4561.69276263 22.3224513023 12453.5583235 12415.878558 185.426490796 158.184490228 90.3553726321 22.4737070645 43.5422043931 67.434509546 67.381206164 43.6415788791 21.4498053536 43.1301433849 43.074126033 87.4213019069 14.6215675781 47.1234298604 80.6651571694 110.509902716
-9999.0 -9999.0 -9999.0 -9999.0 -9999.0 -9999.0 -9999.0 -9999.0 -9999.0 -9999.0 -9999.0 -9999.0 31.2680427741 89.2182109834 117.843118323 205.409369613 26.6648100755 54.8751629318 83.336444284 313.282622977 339.505733993 364.35756276 392.572712787 422.925707351 662.590635722 750.264742529 805.871588775 26.6400167568 135.022501359 161.031778749 1695.03190849 1813.02232667 1858.2800785 1902.89253125 1950.66845297 6533.83023081 14.53763247 12542.9822719 56.0693183662 26.5946730828 135.672158652 112.408765356 20.9641599004 64.7442881612 88.572126322 88.4514845114 64.3100394166 106.497082826 169.670673631 63.6301113147 171.189115862 18.8541710821 34.4253616402 13.0380023917 10.5000606119
