data/baseflow/mHMbf_acc536.asc
ncols                  80
nrows                 72
xllcorner      4374000.0
yllcorner      5656000.0
cellsize            500
NODATA_value       -9999
[rows 25 to 49 of 72, columns 0 to 54 of 80]
-9999.0 -9999.0 -9999.0 -9999.0 -9999.0 -9999.0 -9999.0 -9999.0 -9999.0 -9999.0 -9999.0 -9999.0 15.3449081466 30.1809128029 13.6359926243 27.4497587127 12.246934089 92.8465812468 116.981566005 129.623324618 11.8963066799 21.3589116348 228.514545201 280.616041252 288.947843713 23.1523965383 20.179747504 26.3333140658 3.14176694583 2.80383529565 5.41384637449 3.61071435211 398.379514085 402.585583473 407.253410719 2472.27108817 5560.29826794 5522.32467202 4.91001856357 2.25773579747 1.99602324165 8.62940328495 6.95045539763 28.4322443985 42.4358018289 87.1149468649 7.84635362602 7.80381253696 71.4569395397 77.1401661058 152.71985573 156.795282947 163.58472993 165.987295362 2.13451171553
-9999.0 -9999.0 -9999.0 -9999.0 -9999.0 -9999.0 -9999.0 -9999.0 -9999.0 -9999.0 -9999.0 -9999.0 -9999.0 13.5647500105 27.4732795541 41.6290808301 67.2864543841 13.4914670999 12.4503180112 102.958613128 114.556124073 210.674599072 222.772325863 33.5195802395 12.1329289872 11.4563458851 10.3905782261 375.714039049 381.360484408 385.043910462 387.912349938 394.662874816 52.5438462884 59.0054714899 472.021033221 8508.69593073 27.8481064961 22.2407902104 8.74452234178 2.68248247358 1.92714740231 12.7333680636 14.301099976 31.7919536465 1.58079275362 89.2240889045 11.3879970083 11.022763881 1.48704912465 1.15243205057 1.13711493192 2.09467985817 1.2330504369 167.24178296 2251.35026453
-9999.0 -9999.0 -9999.0 -9999.0 -9999.0 -9999.0 -9999.0 -9999.0 -9999.0 -9999.0 -9999.0 -9999.0 -9999.0 -9999.0 13.4835218446 31.0237347672 48.0579927636 65.5883766194 78.1393020458 91.1136396506 37.6025408892 62.7565656075 11.8538239096 11.4187259193 319.762755636 342.818742832 353.986702326 366.213802391 9.05892614872 15.2727941779 40.1683397401 43.5427314013 47.4390177011 7.122752602 8.26724327422 8529.88459903 6.40591794885 8.96706543122 4.04917899546 10.6621235787 4.88652845908 3.32356888818 49.367525618 53.815806462 2.47035328467 92.3497212143 104.867080102 11.9897051614 2326.95641822 2324.26586202 2321.62215022 2314.1445907 2309.91518987 2258.81160019 2256.06725043
-9999.0 -9999.0 -9999.0 -9999.0 -9999.0 -9999.0 -9999.0 -9999.0 -9999.0 -9999.0 -9999.0 -9999.0 -9999.0 -9999.0 4.74330325712 10.4603777813 16.7808637483 161.581811805 174.120101809 12.7595201974 12.7663182818 12.4406500755 272.378968993 296.815544744 12.2171455082 12.4737027117 10.226133307 41.7740861109 52.2949369255 26.4454310004 32.0482229386 236.201791311 242.963182208 260.749368223 413.241396222 8948.14502432 7.0910738956 3.72939478684 16.5734540468 13.5017546594 3.42429372522 10.4866274046 14.1293608741 57.8936270308 61.5554989334 173.193958821 106.311325884 12.8715538823 2382.63718026 29.6470510025 2318.87252568 2316.64811559 47.422585148 2.94321584447 1.94520317774
-9999.0 -9999.0 -9999.0 -9999.0 -9999.0 -9999.0 -9999.0 -9999.0 -9999.0 -9999.0 -9999.0 -9999.0 -9999.0 -9999.0 24.5616423084 40.0752487897 81.9013211702 145.550319393 191.173934303 222.858184589 235.457355718 248.346884793 261.103849547 11.8553979768 11.3104089895 21.9441863752 21.0584810351 10.7230043123 204.168900924 214.382323178 224.254979056 233.382906109 125.500444099 130.268607165 141.751404398 8952.44424113 12.5292301617 10.7533155519 29.1370959714 2.50305534757 8.77455123432 4.93566571469 3.36888986914 18.2297542279 2.9679757702 3.11318711523 2573.04149773 2397.28427989 2394.03471308 12.0670147832 28.0596809301 17.2533676777 3.37450418596 40.2736788943 9.7979370417
-9999.0 -9999.0 -9999.0 -9999.0 -9999.0 -9999.0 -9999.0 -9999.0 -9999.0 -9999.0 -9999.0 -9999.0 -9999.0 -9999.0 17.1040171965 16.1141766884 31.6678514245 48.0394729459 15.4142134215 13.6903760953 26.3960501852 38.8972474033 62.7147224249 74.6277194055 86.1286496438 119.969124981 130.886759066 142.19534308 10.3420202636 102.472598249 110.748051172 116.513768417 3.48799736046 1.15873158447 2.50005389749 9090.45990797 9094.61729253 9115.3488456 36.5267452062 5.24043040801 12.6963627589 3.26471060224 6.22524867105 21.4053368123 27.0143112955 5.78371114439 2588.14257135 5.33286423729 6.90940492331 7.36331173365 6.51577400287 10.5873236333 4.51314306882 28.2312570161 20.0543289844
-9999.0 -9999.0 -9999.0 -9999.0 -9999.0 -9999.0 -9999.0 -9999.0 -9999.0 -9999.0 -9999.0 -9999.0 -9999.0 -9999.0 -9999.0 15.3777824744 30.3881504792 14.7583318341 30.2211141614 189.116028656 202.880983595 215.057231485 11.9725852627 12.0308166703 23.4029814023 34.8172716525 55.9303530462 66.5719515913 72.4089667954 81.9915372064 8.15966830684 6.08291308138 123.666124175 125.154216531 127.721507656 131.123258031 115.906051497 9246.07687888 9304.47855991 9306.98708178 9321.89416905 9334.48063818 9344.84675155 3.26153978717 29.8186929457 2591.40232518 7.70822199579 3.94490195537 4.87274311768 4.42935904036 7.39026076636 5.66155181611 3.25269905896 4.67687785694 3.8854218839
-9999.0 -9999.0 -9999.0 -9999.0 -9999.0 -9999.0 -9999.0 -9999.0 -9999.0 -9999.0 -9999.0 -9999.0 -9999.0 -9999.0 -9999.0 -9999.0 45.1720511824 61.0227103173 108.696549233 142.908696595 18.2415669984 246.959024874 258.82202321 270.348870291 11.8162787979 23.1547130237 10.7178732899 78.2161297573 83.5025923646 92.0370814648 100.616940915 119.373646713 121.543958855 1.52136087272 101.190079133 108.38792461 112.53209905 126.514802864 18.0140526411 11.3739884129 6.50283540138 6.16197266239 9354.57072268 9360.18463505 9412.53194513 2595.13269973 21.8123759161 10.8515515479 7.50756023437 2.13539228904 19.4551767931 9.42857839908 3.00334425807 15.833306755 13.2633994407
-9999.0 -9999.0 -9999.0 -9999.0 -9999.0 -9999.0 -9999.0 -9999.0 -9999.0 -9999.0 -9999.0 -9999.0 -9999.0 -9999.0 -9999.0 -9999.0 16.2947420965 76.8987223501 93.6167321612 18.3897696583 12.5632551294 25.3025006054 37.2373784632 319.401070306 11.6242091014 46.8656967814 57.9421130986 68.7771887298 5.70476763384 13.5334289719 16.7090809367 81.0687577615 88.9628474215 92.4570486303 3.70461579596 3.13969071698 3.38949419324 6.32780481743 2.47089268898 2.55084381455 4.82773347118 3.54965979647 4.95474487387 18.2771592046 9418.50901595 12028.7464233 26.708754579 3.49628949377 2.34970197796 58.1759761695 53.5012290653 30.7125516635 27.2553358094 19.9634247118 4.66999307358
-9999.0 -9999.0 -9999.0 -9999.0 -9999.0 -9999.0 -9999.0 -9999.0 -9999.0 -9999.0 -9999.0 -9999.0 -9999.0 -9999.0 -9999.0 13.8338719012 45.2423512288 15.0247181064 16.475699832 13.6004567563 26.5687452399 39.0469026229 53.1506266732 388.169582685 399.415547063 11.5683852066 22.6479898418 33.8306756113 41.3272248553 48.6152723814 68.2338585268 77.5188873677 3.21929297373 3.94319305217 3.59772597418 5.37165905641 4.94218799886 5.42674222031 4.27111522071 4.82545733044 20.9708967162 10.0413832815 6.34154560893 6.2120988645 5.23196935881 9.78708588933 12208.1339789 149.834377451 71.9445286109 7.50124983388 3.33890616383 2.83950502898 8.78396860128 5.73843738824 2.74595819295
-9999.0 -9999.0 -9999.0 -9999.0 -9999.0 -9999.0 -9999.0 -9999.0 -9999.0 -9999.0 -9999.0 -9999.0 -9999.0 -9999.0 14.2863104339 28.0813617514 102.200610135 14.7191071599 34.8047019081 47.9442679814 60.5916867452 13.1613243303 25.1366688607 41.0955241623 455.487916756 10.9457576611 21.3729151139 31.93233274 9.78548133207 18.9740033965 21.5116269971 29.1132575388 809.554357756 818.999927805 827.791561796 876.383576916 891.260250286 929.216004408 9.84703608983 20.0892075562 25.8215643275 1050.4036217 1061.66942553 5.81387428557 9.69110020994 13.491558565 12213.0248435 144.178860019 62.6244840801 58.793064235 53.0077793186 49.0296570566 11.6990792476 3.04996451949 5.23678529127
-9999.0 -9999.0 -9999.0 -9999.0 -9999.0 -9999.0 -9999.0 -9999.0 -9999.0 -9999.0 -9999.0 -9999.0 -9999.0 -9999.0 14.4714099293 44.1256726581 161.013996231 238.124621108 13.4736507107 315.072639874 391.276824863 12.4624054717 24.3004324943 39.3410979012 571.656319384 585.757272755 10.3315185992 52.7824657172 62.6051377563 69.4595736366 751.011396294 764.941612195 776.975088991 6.08815350208 34.7169494593 41.1738487589 20.0999006686 28.9108545606 971.113181085 1004.80811552 1012.4829005 1019.79377536 1071.43546719 4.77197853485 4.34065635098 21.7332726206 12218.9298574 5.61603842301 0.844755963503 2.46403311367 0.963254871736 43.1632600045 39.5306105604 23.3525669614 16.2623768922
-9999.0 -9999.0 -9999.0 -9999.0 -9999.0 -9999.0 -9999.0 -9999.0 -9999.0 -9999.0 -9999.0 -9999.0 -9999.0 -9999.0 -9999.0 -9999.0 31.3550688022 63.2129591989 283.398999002 299.712759465 405.699610158 421.58083331 12.6997875552 25.3931786631 63.1576752184 600.333889162 622.895905447 632.34718547 8.31496861247 664.287375672 677.75975496 9.54513746262 6.23291209532 12.050673185 23.8331661221 5.95104943927 12.2636212129 27.9698876309 35.3116559667 6.84834069195 4.893455279 9.81439325743 1104.55873841 1113.61946954 1117.48217991 1149.2204963 12224.2845868 3.91755752537 0.522674772756 0.647317711732 0.622829558677 0.646341432831 0.553308831134 1.00211453397 2.65471634802
-9999.0 -9999.0 -9999.0 -9999.0 -9999.0 -9999.0 -9999.0 -9999.0 -9999.0 -9999.0 -9999.0 -9999.0 -9999.0 -9999.0 -9999.0 -9999.0 16.423054933 16.0797891462 16.0236056093 32.8049298244 14.6869611481 450.677008592 465.410146238 13.0629841479 25.1515376995 12.3968318716 11.1341542268 10.8646733837 649.705903305 3.85894458856 8.19179794954 5.75584657234 6.45059668936 5.85333097934 4.92524727169 5.11386740389 16.0051000801 21.9497881029 4.57693459012 4.04829010432 8.83880473482 14.6687014392 17.8407949404 3.93888456661 1122.96113947 1153.43379972 12228.575686 9.65179600486 2.05608244609 0.363279192757 0.883477884583 0.271303071237 0.196446713177 1.23241693309 12.7966150815
-9999.0 -9999.0 -9999.0 -9999.0 -9999.0 -9999.0 -9999.0 -9999.0 -9999.0 -9999.0 -9999.0 -9999.0 -9999.0 -9999.0 -9999.0 -9999.0 -9999.0 -9999.0 15.9414708719 47.5088814145 60.7579372618 74.9548479358 479.28461655 493.11647576 507.398048055 522.890833792 533.525326111 555.500545384 559.569210438 562.975676669 566.965158438 5.40799181293 5.30983289215 5.66353120963 21.052609987 5.6462278994 5.5994002714 4.48738973933 13.4268475282 5.28708133228 4.26577359781 3.96574204316 3.39301886877 6.7716627892 9.91579972453 1174.58244915 13417.2837226 3.6367833589 7.95073503546 0.264157149955 1.19595267853 0.631462603372 0.396521572368 24.1909109509 20.8934134132
-9999.0 -9999.0 -9999.0 -9999.0 -9999.0 -9999.0 -9999.0 -9999.0 -9999.0 -9999.0 -9999.0 -9999.0 -9999.0 -9999.0 -9999.0 -9999.0 -9999.0 -9999.0 -9999.0 13.3352404572 105.440264054 209.401970332 224.455036968 17.795958955 31.3780456431 43.3794407846 54.2082291872 122.953580243 128.234209269 5.20570361722 5.36413975265 577.497339113 587.653103331 592.634359602 25.3834251714 4.04523075953 10.2680105165 15.0781904892 45.1193967991 55.3576207135 63.7341993157 7.69002529552 10.8549031186 3.78041034391 7.58134101239 3.93438663955 13425.1609824 3.67286776559 14.7719854624 4.50287655648 7.92805335238 24.8296096916 27.0973789127 53.1393580148 21.1669626052
-9999.0 -9999.0 -9999.0 -9999.0 -9999.0 -9999.0 -9999.0 -9999.0 -9999.0 -9999.0 -9999.0 -9999.0 -9999.0 -9999.0 -9999.0 -9999.0 -9999.0 -9999.0 14.8357970002 47.096055591 92.3172237347 120.737146608 311.542358297 328.263541749 25.1758400366 37.2489036539 48.0604307795 58.7957128629 132.577880322 142.678632478 241.812465954 249.420879502 253.74384726 597.873596757 637.72160646 9.62435411453 6.44693325943 6.17100528417 12.1123828259 5.66949686661 74.7051983343 78.8077880731 14.3824319873 17.2302258725 3.3589226737 3539.3942888 3547.84717152 16978.8981669 16999.0326451 3.43597272923 14.9276982253 7.0919531002 5.92878444228 62.8021745925 86.8410595945
-9999.0 -9999.0 -9999.0 -9999.0 -9999.0 -9999.0 -9999.0 -9999.0 -9999.0 -9999.0 -9999.0 -9999.0 -9999.0 -9999.0 -9999.0 -9999.0 -9999.0 -9999.0 -9999.0 16.7599843704 16.3585150195 30.9903313906 73.6554921186 342.217471059 12.9581301213 12.7850903859 23.8647068425 35.0405984672 80.6856389816 86.2609841533 4.01992259177 5.41826253143 260.640376534 266.292385047 908.733599774 913.058593728 3.92374328689 3.50479270115 3.16350501668 3.19273034281 3.47753577777 3466.73407665 3492.73679582 3513.20373643 3519.68270311 3536.41775489 4.66268373503 17.3794419267 21.8872910174 17030.3224352 17033.8051881 17036.6156807 17039.7910704 17042.711607 90.6406434348
-9999.0 -9999.0 -9999.0 -9999.0 -9999.0 -9999.0 -9999.0 -9999.0 -9999.0 -9999.0 -9999.0 -9999.0 -9999.0 -9999.0 -9999.0 -9999.0 -9999.0 -9999.0 -9999.0 -9999.0 15.0510048117 15.7304933556 29.2415084359 399.279579643 414.462230684 12.5001977384 23.5885425348 35.0236680471 41.1036976249 4.74789358474 10.7333323273 847.222856739 852.915301745 857.352348389 896.768356558 1814.28134255 3308.53654541 3317.7356561 3326.61085818 3335.14584989 3371.84347324 3383.59158533 22.3057386629 10.1180605102 5.91768571034 11.1861193884 8.69023487638 13.6668370269 4.32290263638 97.0868738836 110.378317442 120.411862177 122.825423742 17045.3977915 17139.6808632
-9999.0 -9999.0 -9999.0 -9999.0 -9999.0 -9999.0 -9999.0 -9999.0 -9999.0 -9999.0 -9999.0 -9999.0 -9999.0 -9999.0 -9999.0 -9999.0 -9999.0 -9999.0 -9999.0 -9999.0 -9999.0 15.26555336 29.3121378844 43.435743076 426.540858337 14.2817891022 577.238060789 589.10310513 593.72063634 599.54768815 822.685800761 830.025768384 6.24135823345 29.4133755533 35.8100430911 6.815938552 1485.07058446 1472.22296176 4.73152192823 10.719552276 28.8340323611 6.33041850191 6.75457058778 5.19477976262 4.53024055537 3.55135807004 4.19091062993 82.7567675418 87.1648104411 92.4263237281 8.88939222716 6.31720157889 126.261347953 129.817042564 131.70393142
-9999.0 -9999.0 -9999.0 -9999.0 -9999.0 -9999.0 -9999.0 -9999.0 -9999.0 -9999.0 -9999.0 -9999.0 -9999.0 -9999.0 -9999.0 -9999.0 -9999.0 -9999.0 -9999.0 -9999.0 -9999.0 13.9354467089 13.1162561396 67.8615722179 522.595280692 551.026039401 566.407765239 12.3343350991 210.977379697 215.159743107 217.556436238 6.49614012986 13.5840501463 19.8281206022 333.667369566 338.95364817 343.943703562 1462.38335547 913.345137688 5.96631443266 6.16252074904 5.91402252179 4.83501621121 49.1893164404 59.3582798239 68.312056122 73.359800671 78.2325656407 432.042586655 435.68262324 438.90237992 446.343429139 491.056492685 493.423871406 627.72578195
-9999.0 -9999.0 -9999.0 -9999.0 -9999.0 -9999.0 -9999.0 -9999.0 -9999.0 -9999.0 -9999.0 -9999.0 -9999.0 -9999.0 -9999.0 -9999.0 -9999.0 -9999.0 -9999.0 -9999.0 -9999.0 -9999.0 27.2495782631 41.646030971 15.515651138 12.868721419 170.435165984 183.064112962 191.95233009 69.6884710202 73.9365981342 79.0364791302 85.3839017294 321.913512659 328.925350064 187.567427924 537.835974962 543.801134045 908.269927776 12.3300357285 6.26970156629 4.55378719329 33.6456246882 39.639692989 3.9294757683 3.65631121456 414.219436527 423.655134474 428.507325836 3.85999490533 5.46956155828 483.740584132 4.6199596486 19.6447090358 21.7259912013
-9999.0 -9999.0 -9999.0 -9999.0 -9999.0 -9999.0 -9999.0 -9999.0 -9999.0 -9999.0 -9999.0 -9999.0 -9999.0 -9999.0 -9999.0 -9999.0 -9999.0 -9999.0 -9999.0 -9999.0 -9999.0 -9999.0 13.655118522 27.0360421666 114.918302098 130.713845203 145.671085121 55.1676414345 65.598693083 4.57370546738 220.560438664 225.037655254 230.183665125 5.93497053828 174.487059639 181.725483995 5.97372540554 876.43300756 13.4218506719 6.59782733228 17.8751270485 24.1648609365 5.03248008341 4.13939825466 367.565507842 405.467124435 411.074812763 5.51398334661 12.6047551375 15.7816103174 18.4487383584 35.2784449476 7.21317688357 16.1417152317 3.18527027542
-9999.0 -9999.0 -9999.0 -9999.0 -9999.0 -9999.0 -9999.0 -9999.0 -9999.0 -9999.0 -9999.0 -9999.0 -9999.0 -9999.0 -9999.0 -9999.0 -9999.0 -9999.0 -9999.0 -9999.0 -9999.0 -9999.0 13.4467100236 42.4897167439 74.2622664297 17.0744620075 30.0708011465 43.352311349 200.646321752 206.988536171 211.639581014 4.0830398151 141.701706847 156.471746057 162.60169881 4.1295792255 850.617522255 864.644215243 6.80000263016 6.27923445147 12.868589295 5.51756763303 339.133463428 349.443069468 355.660580921 23.727440799 29.5032355043 5.09215930307 9.18651149443 4.12969293254 27.4953710951 4.25628905872 4.16023300325 4.48140573944 4.53854157205
-9999.0 -9999.0 -9999.0 -9999.0 -9999.0 -9999.0 -9999.0 -9999.0 -9999.0 -9999.0 -9999.0 -9999.0 -9999.0 -9999.0 -9999.0 -9999.0 -9999.0 -9999.0 -9999.0 -9999.0 -9999.0 -9999.0 -9999.0 14.9609435564 16.5364493598 16.948484738 136.982450352 149.902062062 188.722100674 8.02683249392 122.976050858 133.610855972 4.99065530987 10.4690234002 4.44174841905 835.036392518 6.00348318269 17.2373733548 22.3360141187 27.022113264 304.16061506 322.661555801 329.231849695 6.5852568387 12.4877381776 17.8727102605 3.49790402856 3.16629428307 936.621223426 939.904501977 942.574448815 970.314683736 973.792458577 978.815834541 982.497433611
