data/baseflow/mHMbf_acc396.asc
ncols                  80
nrows                 72
xllcorner      4374000.0
yllcorner      5656000.0
cellsize            500
NODATA_value       -9999
[rows 0 to 24 of 72, columns 0 to 54 of 80]
-9999.0 -9999.0 -9999.0 -9999.0 -9999.0 -9999.0 -9999.0 -9999.0 -9999.0 -9999.0 -9999.0 -9999.0 29.7523589366 23.312109402 -9999.0 -9999.0 -9999.0 -9999.0 -9999.0 -9999.0 -9999.0 -9999.0 -9999.0 -9999.0 -9999.0 -9999.0 -9999.0 -9999.0 -9999.0 -9999.0 -9999.0 -9999.0 -9999.0 -9999.0 -9999.0 -9999.0 -9999.0 -9999.0 -9999.0 -9999.0 -9999.0 -9999.0 -9999.0 -9999.0 -9999.0 -9999.0 -9999.0 -9999.0 -9999.0 -9999.0 -9999.0 -9999.0 -9999.0 -9999.0 -9999.0
-9999.0 -9999.0 -9999.0 -9999.0 -9999.0 -9999.0 -9999.0 -9999.0 -9999.0 -9999.0 -9999.0 -9999.0 60.0673456757 128.950509455 20.1106375245 -9999.0 16.1248960456 -9999.0 -9999.0 -9999.0 -9999.0 -9999.0 -9999.0 -9999.0 -9999.0 -9999.0 -9999.0 -9999.0 -9999.0 -9999.0 -9999.0 -9999.0 -9999.0 -9999.0 -9999.0 -9999.0 -9999.0 -9999.0 -9999.0 -9999.0 -9999.0 -9999.0 -9999.0 -9999.0 -9999.0 -9999.0 -9999.0 -9999.0 -9999.0 -9999.0 -9999.0 -9999.0 -9999.0 -9999.0 -9999.0
-9999.0 -9999.0 -9999.0 -9999.0 -9999.0 -9999.0 -9999.0 -9999.0 -9999.0 -9999.0 29.5310319217 28.5225538083 29.4685133229 29.0167609711 184.169764017 205.690634351 45.5156674409 14.5548325974 -9999.0 -9999.0 -9999.0 -9999.0 -9999.0 -9999.0 -9999.0 -9999.0 -9999.0 -9999.0 -9999.0 -9999.0 -9999.0 -9999.0 -9999.0 -9999.0 -9999.0 -9999.0 -9999.0 -9999.0 -9999.0 -9999.0 -9999.0 -9999.0 -9999.0 -9999.0 -9999.0 -9999.0 -9999.0 -9999.0 -9999.0 -9999.0 -9999.0 -9999.0 -9999.0 -9999.0 -9999.0
-9999.0 -9999.0 -9999.0 -9999.0 -9999.0 -9999.0 -9999.0 -9999.0 -9999.0 28.6311603333 57.9809293484 115.344445182 57.2011320961 27.9692269921 55.1284005553 232.07933205 313.386544247 17.0166999926 -9999.0 28.4064554245 -9999.0 -9999.0 -9999.0 -9999.0 31.6007890589 15.9506806853 -9999.0 -9999.0 -9999.0 -9999.0 -9999.0 -9999.0 -9999.0 -9999.0 -9999.0 -9999.0 -9999.0 -9999.0 -9999.0 -9999.0 -9999.0 -9999.0 -9999.0 -9999.0 -9999.0 -9999.0 -9999.0 -9999.0 -9999.0 -9999.0 -9999.0 -9999.0 -9999.0 -9999.0 -9999.0
-9999.0 -9999.0 -9999.0 -9999.0 -9999.0 -9999.0 -9999.0 -9999.0 31.4850368536 90.2213046111 118.164433785 146.203845362 199.999977021 26.7476908614 107.59352491 133.472180528 489.717999737 22.9176862057 24.1134320202 54.0283090997 79.0032222738 25.8785487452 -9999.0 84.6030489625 69.2096620215 19.5879190485 -9999.0 -9999.0 -9999.0 -9999.0 -9999.0 -9999.0 -9999.0 -9999.0 -9999.0 -9999.0 -9999.0 -9999.0 -9999.0 -9999.0 -9999.0 -9999.0 -9999.0 -9999.0 -9999.0 -9999.0 -9999.0 -9999.0 -9999.0 -9999.0 -9999.0 -9999.0 -9999.0 -9999.0 -9999.0
-9999.0 -9999.0 -9999.0 -9999.0 -9999.0 -9999.0 31.6816308863 29.478235235 28.7377901845 29.1277065357 29.2479109939 204.965616609 433.319657205 461.302296966 486.007948902 24.4629972938 537.969320587 562.185830323 49.3436354852 25.4049306958 103.580793303 180.063322224 24.0928432162 157.347410268 26.1093972148 25.1505382723 26.7553751076 -9999.0 -9999.0 -9999.0 -9999.0 -9999.0 -9999.0 -9999.0 -9999.0 -9999.0 -9999.0 -9999.0 -9999.0 -9999.0 -9999.0 -9999.0 -9999.0 -9999.0 -9999.0 -9999.0 -9999.0 -9999.0 -9999.0 -9999.0 -9999.0 -9999.0 -9999.0 -9999.0 -9999.0
-9999.0 -9999.0 -9999.0 -9999.0 -9999.0 -9999.0 63.4153510763 93.8094867727 213.001629251 298.524787907 26.9181000136 27.8265580283 26.7889319494 78.6334484096 588.999652861 23.1520888483 585.353603794 678.73228536 72.6865671488 48.500749713 203.575196251 25.1789845595 182.145266651 49.2090115093 24.7283129568 49.2550519989 53.322289758 26.9917122434 27.5204198441 26.9539319411 28.1441487298 56.3380082853 -9999.0 -9999.0 -9999.0 -9999.0 -9999.0 -9999.0 -9999.0 -9999.0 -9999.0 -9999.0 -9999.0 -9999.0 -9999.0 -9999.0 -9999.0 -9999.0 -9999.0 -9999.0 -9999.0 -9999.0 -9999.0 -9999.0 -9999.0
-9999.0 -9999.0 -9999.0 -9999.0 -9999.0 33.3760998267 65.3297942748 31.6886781292 61.7497818266 328.939299533 385.264633438 441.463877843 1404.7437704 26.0305410042 614.62693012 2219.62943588 2238.11203633 2948.19124748 20.0839983157 71.5522311755 227.185858567 23.3957114493 457.888821102 251.530768057 152.815359627 127.911829326 26.3125542411 80.5176504296 80.6531220846 53.7219680147 26.1396200996 83.1414514191 25.7946643817 25.4318135941 -9999.0 -9999.0 -9999.0 -9999.0 -9999.0 -9999.0 -9999.0 -9999.0 -9999.0 -9999.0 -9999.0 -9999.0 -9999.0 -9999.0 -9999.0 -9999.0 -9999.0 -9999.0 -9999.0 -9999.0 -9999.0
-9999.0 -9999.0 -9999.0 -9999.0 -9999.0 33.5287941214 98.6255128193 196.21139089 227.006177876 450.447027747 479.971996705 571.07994786 937.480030546 1480.38347952 1533.5535002 1558.19287925 47.1157042454 3031.10534509 3072.5605101 3192.05799114 3972.3030176 530.185132635 483.17058121 177.796065452 24.611913314 154.779961075 105.117021157 23.8332980037 105.485432448 24.4757951201 49.9058665313 133.495255357 158.935418135 50.5307391346 24.9656893859 24.6619106357 -9999.0 -9999.0 -9999.0 -9999.0 17.1769853274 14.6356669885 -9999.0 -9999.0 -9999.0 -9999.0 -9999.0 -9999.0 -9999.0 -9999.0 -9999.0 -9999.0 -9999.0 -9999.0 -9999.0
-9999.0 -9999.0 -9999.0 -9999.0 -9999.0 32.9825549501 32.0134031118 130.416440901 161.485203798 193.183972503 30.748309807 61.1294965098 344.989524417 60.4485959358 29.1165888676 27.1687015612 24.911813989 26.9070418943 25.5923232589 26.4559317102 3996.52046516 4068.0037755 23.4915738757 72.1464056473 49.0350200758 178.41969858 47.965026661 23.2107896375 130.624755841 48.452651588 115.571995047 281.810842665 259.47379478 75.3541503988 74.113255938 25.3032947611 25.2095369746 -9999.0 -9999.0 25.370189679 38.7094128542 84.1018804557 15.5236143763 -9999.0 -9999.0 -9999.0 -9999.0 -9999.0 -9999.0 -9999.0 -9999.0 -9999.0 -9999.0 -9999.0 -9999.0
-9999.0 -9999.0 -9999.0 -9999.0 -9999.0 -9999.0 33.6793094594 33.3100708568 65.4614532556 97.5657234489 222.975644168 285.41457472 316.357729901 31.1387847662 27.0066652397 351.506616942 432.40933854 458.226917042 565.160518836 590.017126372 24.7117251428 4092.8314098 4212.5592839 95.4085787327 21.182232408 200.788928273 447.023961624 176.414708626 46.1479702585 23.1882151392 444.203025377 305.725282596 23.3027336663 22.887104711 97.5785647473 74.9307203682 24.5902478079 23.6745383618 25.1483617762 50.0727989443 24.4981163153 102.692449382 126.752531567 22.7928107152 -9999.0 -9999.0 -9999.0 -9999.0 25.0813003308 24.0926408872 7.22290038424 -9999.0 -9999.0 -9999.0 -9999.0
-9999.0 -9999.0 -9999.0 -9999.0 -9999.0 -9999.0 -9999.0 33.2799797936 30.72997091 63.0840135555 94.9458161291 31.425249319 29.1512831392 181.775129983 239.546426888 298.174919881 27.7197308909 55.2472097288 27.1997960536 615.6342713 1359.38154236 1376.755668 5634.14027548 23.893889997 62.0936800557 19.9545653918 468.806827196 22.8328275276 69.6047624764 22.8404073906 467.255692086 490.280896188 46.6651947676 45.9056398125 246.396210343 124.181701052 48.0371621328 24.4609456413 50.1767201859 74.8143347268 123.07113634 23.7216052033 172.007649962 193.508347589 20.2061698456 21.3043541355 21.7420309992 20.5100376708 19.8027838779 70.772379031 28.5846613678 19.2917995807 -9999.0 -9999.0 -9999.0
-9999.0 -9999.0 -9999.0 -9999.0 -9999.0 -9999.0 -9999.0 -9999.0 63.9786569846 94.0244516434 31.4878499314 63.5216699039 93.7377366609 153.972931297 30.6639829832 29.9776669694 27.097789832 27.3461771778 25.3955122026 691.979610539 27.7844956173 54.6771303163 5709.59996296 5766.21447782 27.6288386148 117.075307882 608.948075803 45.1826830701 90.6164548826 42.9168725886 63.1442824617 579.319799869 68.1404214586 358.700811218 291.816831699 22.837539273 120.449953987 48.6881118988 73.9639781482 23.5148316606 146.100827953 191.992121039 211.93476527 231.227888705 271.981303406 39.5552846168 40.7943032406 38.6766213191 37.0750926941 89.8153418883 18.8953721966 67.3622544004 84.8091061303 -9999.0 -9999.0
-9999.0 -9999.0 -9999.0 -9999.0 -9999.0 -9999.0 -9999.0 -9999.0 32.8791100325 159.291247662 190.286090807 31.0467975217 61.1541400782 30.0895264316 28.6059445233 28.2206277616 349.702038076 465.645956384 571.067684768 673.485860113 25.6596203187 27.2658107055 29.9527230074 5886.43843755 5944.33921304 5971.05592519 819.602223391 182.346355885 157.475327506 19.7392704604 83.0641450939 683.045642427 20.7354318859 379.62350853 22.802785764 156.208912039 145.015656563 23.9065271601 97.690811137 47.08888056 70.3944264748 22.0253625723 19.0933947708 250.366164956 268.548865314 290.12764633 59.7580774449 57.072450152 55.080502009 109.799175434 148.044494089 19.0965695194 102.656653696 18.8837715118 35.6941865385
-9999.0 -9999.0 -9999.0 -9999.0 -9999.0 -9999.0 -9999.0 -9999.0 -9999.0 33.1475439943 222.252361542 253.224614358 91.6841217427 151.943145231 209.549240255 238.625529523 29.3688387622 88.8683809819 58.7050417333 29.5761311993 29.2100815119 27.4732185232 55.7030714465 93.4963335446 32.4667420237 6849.69446951 6877.62667804 26.7973054497 20.3213302525 40.0488639583 59.7923606422 743.270674078 40.4066548771 398.283128798 244.191602841 200.241490953 23.252462894 46.6248111822 119.964892846 22.2716125681 92.2436348718 43.5301720833 34.8750324444 16.4640423274 319.391325111 626.054893442 75.2963649438 72.8198963881 72.0379263902 16.7497494118 164.604509313 16.1245619343 137.803559392 17.1191472351 52.8590951985
-9999.0 -9999.0 -9999.0 -9999.0 -9999.0 -9999.0 -9999.0 -9999.0 -9999.0 -9999.0 30.649685298 314.792827142 30.4055075776 60.4579020841 88.8540398154 145.584743308 28.9278767857 59.404377828 29.2729173598 28.1092183493 26.9217671754 53.4145437779 24.9149850015 29.4324328823 59.3126061385 31.4752941412 6904.73120913 6957.93022904 7033.50333625 82.4802012241 20.4615147016 40.8251728512 764.753026478 746.841320372 288.693227342 22.0522313349 92.3120195413 69.3364090481 142.291273604 44.4719378421 179.885963081 65.2797491336 54.3623965166 15.2736607071 17.018441828 645.42258517 663.211050726 827.591712892 124.126393021 34.4329673987 182.444717361 216.035553335 369.577808459 33.9396335673 15.6274335313
-9999.0 -9999.0 -9999.0 -9999.0 -9999.0 -9999.0 -9999.0 -9999.0 -9999.0 -9999.0 -9999.0 16.8666177351 352.218793086 29.5097257068 57.8930940045 260.691055104 29.2427439372 29.1023803887 26.4211164596 55.4174778586 27.4554587542 107.983506306 157.780715403 181.390361248 83.1198349823 108.425927538 27.5889604581 30.8236658743 28.5985156878 7161.32443804 7223.90099806 784.43867262 785.861892008 766.408936428 40.7068702021 19.6599702177 113.482581212 298.649088828 164.033408152 65.9198113413 267.121426272 123.537944774 103.078530648 30.8076562708 14.1067932191 13.529037747 14.3448348637 891.784912715 1069.42687638 17.0712775834 15.4817812982 16.3378613415 385.385519236 434.583720016 29.0036065002
-9999.0 -9999.0 -9999.0 -9999.0 -9999.0 -9999.0 -9999.0 -9999.0 -9999.0 -9999.0 -9999.0 15.829403361 391.039341673 482.41430244 28.504476237 317.600337947 27.653424651 26.7807162149 53.2972355501 135.981087391 26.8596674926 27.8429105477 24.875887979 230.765405396 254.446421268 387.343144695 438.782180313 465.135861265 491.479365987 518.871596959 7768.68908827 8601.40291509 9432.46856967 9452.76941838 21.3654403586 19.9449016415 341.19714983 320.054627487 21.3807553776 21.6396059865 288.355273502 433.772109273 19.069741479 232.5954215 214.777599924 64.6686009123 30.1272612527 47.3615133222 19.4607443163 1104.4704975 17.6157049921 48.8671531646 63.8394540151 546.630505515 588.481090076
-9999.0 -9999.0 -9999.0 -9999.0 -9999.0 -9999.0 -9999.0 -9999.0 -9999.0 -9999.0 -9999.0 32.5077741214 62.7311988328 512.228286927 567.989821553 27.9699869655 367.748622995 25.3261811716 77.0583630467 161.618123505 52.709651009 25.759673999 51.5378018587 22.8910450487 44.324159593 21.9147786905 20.6584298296 19.1218344188 18.294915685 19.1224354585 20.2831422431 23.7421802383 25.862923358 28.6847019395 9525.98485049 428.94715983 387.191978248 21.9291148118 62.8496448346 17.4892691069 14.2755568155 454.152681467 750.135819265 255.294170053 184.924202304 36.0800663541 15.9928937656 15.2576342553 32.4982115006 1154.96459505 1189.39906816 17.6649660881 17.6939601953 16.7289567177 14.3822983261
-9999.0 -9999.0 -9999.0 -9999.0 -9999.0 -9999.0 -9999.0 -9999.0 -9999.0 -9999.0 -9999.0 -9999.0 29.5755842412 386.068917853 983.01169796 1069.87527459 1463.33891559 1485.44084269 364.682794053 266.585686232 78.8599810708 25.4722980106 101.812161353 126.01399676 192.71644658 44.8358330183 41.9345421182 40.8356176782 80.1363773408 39.7109222136 40.3890259771 19.1140174501 17.6280479574 19.6989805962 9549.70211995 9990.61812111 10013.6059508 22.9007507206 181.899216648 73.9639202758 21.689889628 817.860856415 47.4015490294 24.1713492048 98.8340193594 22.1013182771 19.1154615859 36.7884466212 53.055928472 70.4411808087 1220.4946703 15.1354200356 13.7065175088 13.7850711308 11.8324892071
-9999.0 -9999.0 -9999.0 -9999.0 -9999.0 -9999.0 -9999.0 -9999.0 -9999.0 -9999.0 -9999.0 31.7140829318 293.869050082 356.306217543 59.1605051253 18.1506090295 42.6802141559 1555.07723688 1578.01977611 1964.34287202 24.0587664552 49.31475468 22.5013094212 22.8097013332 215.121329458 282.300837863 344.44770732 20.0373861894 100.045023815 159.256660309 97.2849238638 38.2418039683 34.7447236957 35.2982082239 36.6333516151 20.651913299 10034.5275783 10054.1281598 10275.3805999 38.2540053677 19.7038295895 833.871985735 49.3324166714 25.0565796296 26.1903364927 26.0422340796 24.3158723445 44.5093181075 129.363681655 218.293646629 1454.3902218 12.8457283936 37.943233306 25.4849301076 22.5828747885
-9999.0 -9999.0 -9999.0 -9999.0 -9999.0 -9999.0 -9999.0 -9999.0 -9999.0 -9999.0 -9999.0 32.2534686802 201.328192425 31.6852091007 29.2244636847 148.643521339 175.899169207 203.416607877 229.468695876 2679.63651509 2701.93049484 2748.21102346 3094.72216965 3164.7385665 3206.80437646 3229.9764453 3628.71744742 3685.10660319 3706.80809487 3888.61306303 4007.93682551 4027.11868773 4099.66951297 53.4586288287 52.910327862 17.1143948999 17.7673369217 10073.5361931 10354.1880161 58.683946259 962.162460761 944.419179653 95.4558490516 23.2718056929 23.6477205295 23.0700918396 22.7344276313 45.8079873372 66.4939819332 20.1747668886 1469.50283815 1485.18555613 1562.67177372 1576.36989016 1611.86108554
-9999.0 -9999.0 -9999.0 -9999.0 -9999.0 -9999.0 -9999.0 -9999.0 -9999.0 -9999.0 -9999.0 102.886707211 136.257490047 64.4434404765 95.3059192625 30.5967546779 348.850267163 377.538909489 434.269114805 459.837154295 191.271002894 2977.03289285 3000.00722364 23.7642116077 19.1739323562 18.4902876088 38.341724918 19.4737515019 17.154788851 16.392808792 16.4642284061 4046.99330077 4119.77511531 4192.06507952 4261.36353847 4329.03637263 33.734417685 14.3055587446 11373.2528853 999.219888436 981.164899089 20.5564800933 19.7412764078 18.9407522662 43.188695278 42.5836195396 19.8626576675 19.939570064 18.0445931495 37.6903429507 51.82368754 12.2278939059 22.6164286157 9.48160672931 7.76166517596
-9999.0 -9999.0 -9999.0 -9999.0 -9999.0 -9999.0 -9999.0 -9999.0 -9999.0 -9999.0 -9999.0 -9999.0 69.3680252843 32.9330345711 31.2319664374 291.559483083 320.883476191 29.2272975319 116.15207312 143.355216666 168.715747647 26.968647412 23.2270760269 483.90123355 504.004259572 523.573386861 1346.2097399 1363.2312336 1395.88729472 1532.36880658 1626.45981568 1641.42743252 14.6834739006 15.3104198354 13.8944636272 4359.42729895 14.8640571581 11570.6574037 11543.870609 152.860817584 132.683247198 79.2612957136 20.0484465387 37.2550002552 62.3502925298 61.9966019924 39.0391735582 19.2203239666 36.9888422612 35.7453812427 67.3936807216 10.8129810151 34.0104786007 57.1966321121 74.1016976269
-9999.0 -9999.0 -9999.0 -9999.0 -9999.0 -9999.0 -9999.0 -9999.0 -9999.0 -9999.0 -9999.0 -9999.0 35.4505093099 101.377081603 133.149448711 230.036466727 29.9024752574 60.1249418885 88.949684997 338.539820711 364.034117244 387.20660348 412.817949037 439.168458153 685.014443544 762.070175155 805.405437541 19.3497722035 103.489756632 121.729994986 1580.19758337 1658.1598239 1691.72366803 1725.97317268 1757.82303081 6132.78251691 13.9101073981 11634.6147505 34.4843331319 16.5218613001 113.26183039 96.0330367989 15.2563101317 53.7094098901 78.7229174718 77.9916731684 54.4507538628 89.430416247 140.748690533 50.9357798924 132.513000091 13.2405223034 20.8323564926 8.59853263534 7.39816131081
