data/baseflow/mHMbf_acc312.asc
ncols                  80
nrows                 72
xllcorner      4374000.0
yllcorner      5656000.0
cellsize            500
NODATA_value       -9999
[rows 0 to 24 of 72, columns 0 to 54 of 80]
-9999.0 -9999.0 -9999.0 -9999.0 -9999.0 -9999.0 -9999.0 -9999.0 -9999.0 -9999.0 -9999.0 -9999.0 25.8419816552 19.8972102637 -9999.0 -9999.0 -9999.0 -9999.0 -9999.0 -9999.0 -9999.0 -9999.0 -9999.0 -9999.0 -9999.0 -9999.0 -9999.0 -9999.0 -9999.0 -9999.0 -9999.0 -9999.0 -9999.0 -9999.0 -9999.0 -9999.0 -9999.0 -9999.0 -9999.0 -9999.0 -9999.0 -9999.0 -9999.0 -9999.0 -9999.0 -9999.0 -9999.0 -9999.0 -9999.0 -9999.0 -9999.0 -9999.0 -9999.0 -9999.0 -9999.0
-9999.0 -9999.0 -9999.0 -9999.0 -9999.0 -9999.0 -9999.0 -9999.0 -9999.0 -9999.0 -9999.0 -9999.0 52.7534030842 111.952728537 17.1774659976 -9999.0 13.0453122581 -9999.0 -9999.0 -9999.0 -9999.0 -9999.0 -9999.0 -9999.0 -9999.0 -9999.0 -9999.0 -9999.0 -9999.0 -9999.0 -9999.0 -9999.0 -9999.0 -9999.0 -9999.0 -9999.0 -9999.0 -9999.0 -9999.0 -9999.0 -9999.0 -9999.0 -9999.0 -9999.0 -9999.0 -9999.0 -9999.0 -9999.0 -9999.0 -9999.0 -9999.0 -9999.0 -9999.0 -9999.0 -9999.0
-9999.0 -9999.0 -9999.0 -9999.0 -9999.0 -9999.0 -9999.0 -9999.0 -9999.0 -9999.0 25.9422566974 24.7182152578 25.8814605824 25.1590193662 159.378796736 177.445210428 35.8549701859 11.2339483005 -9999.0 -9999.0 -9999.0 -9999.0 -9999.0 -9999.0 -9999.0 -9999.0 -9999.0 -9999.0 -9999.0 -9999.0 -9999.0 -9999.0 -9999.0 -9999.0 -9999.0 -9999.0 -9999.0 -9999.0 -9999.0 -9999.0 -9999.0 -9999.0 -9999.0 -9999.0 -9999.0 -9999.0 -9999.0 -9999.0 -9999.0 -9999.0 -9999.0 -9999.0 -9999.0 -9999.0 -9999.0
-9999.0 -9999.0 -9999.0 -9999.0 -9999.0 -9999.0 -9999.0 -9999.0 -9999.0 24.7682672219 50.5717901289 100.320224549 49.7145960001 24.1192768387 47.460536178 200.082604066 265.136110644 13.8420929342 -9999.0 25.056118913 -9999.0 -9999.0 -9999.0 -9999.0 24.8126263546 12.4886772576 -9999.0 -9999.0 -9999.0 -9999.0 -9999.0 -9999.0 -9999.0 -9999.0 -9999.0 -9999.0 -9999.0 -9999.0 -9999.0 -9999.0 -9999.0 -9999.0 -9999.0 -9999.0 -9999.0 -9999.0 -9999.0 -9999.0 -9999.0 -9999.0 -9999.0 -9999.0 -9999.0 -9999.0 -9999.0
-9999.0 -9999.0 -9999.0 -9999.0 -9999.0 -9999.0 -9999.0 -9999.0 27.8803319144 78.9157346758 102.975786398 127.135305373 173.513233057 22.737458707 91.9196117745 113.831929051 414.117670939 19.0263555903 20.3929261759 46.8048488718 67.7447046875 21.9192909975 -9999.0 67.32862095 55.2621811953 15.9013625627 -9999.0 -9999.0 -9999.0 -9999.0 -9999.0 -9999.0 -9999.0 -9999.0 -9999.0 -9999.0 -9999.0 -9999.0 -9999.0 -9999.0 -9999.0 -9999.0 -9999.0 -9999.0 -9999.0 -9999.0 -9999.0 -9999.0 -9999.0 -9999.0 -9999.0 -9999.0 -9999.0 -9999.0 -9999.0
-9999.0 -9999.0 -9999.0 -9999.0 -9999.0 -9999.0 27.9598873843 25.4079169069 24.7396249756 25.1492970327 25.5036657556 178.36794706 376.3467303 400.455743287 421.556642983 21.1172053963 455.104125843 475.280994961 41.6415797911 21.3647873764 88.2248585733 152.285800524 20.3631623627 128.827677253 22.4495095001 21.5076296357 23.2043864021 -9999.0 -9999.0 -9999.0 -9999.0 -9999.0 -9999.0 -9999.0 -9999.0 -9999.0 -9999.0 -9999.0 -9999.0 -9999.0 -9999.0 -9999.0 -9999.0 -9999.0 -9999.0 -9999.0 -9999.0 -9999.0 -9999.0 -9999.0 -9999.0 -9999.0 -9999.0 -9999.0 -9999.0
-9999.0 -9999.0 -9999.0 -9999.0 -9999.0 -9999.0 55.8578129662 82.2659665736 185.559623559 258.969669677 22.744577587 23.7540213701 22.5355398598 66.0717779459 507.609128658 19.0651867062 494.429764068 573.312691262 61.0236480546 40.2674905571 171.43754454 20.8288108157 149.405230659 41.1306530209 20.7676454659 41.5855347492 45.9190268026 22.9697282721 23.3681505525 22.796706394 23.8782023991 47.8971426722 -9999.0 -9999.0 -9999.0 -9999.0 -9999.0 -9999.0 -9999.0 -9999.0 -9999.0 -9999.0 -9999.0 -9999.0 -9999.0 -9999.0 -9999.0 -9999.0 -9999.0 -9999.0 -9999.0 -9999.0 -9999.0 -9999.0 -9999.0
-9999.0 -9999.0 -9999.0 -9999.0 -9999.0 29.4476888732 57.553102252 27.7798849288 54.0027285079 285.623717188 333.843404631 381.83220597 1227.27004938 22.0184093869 528.880398648 1927.41449971 1943.63310495 2544.56466729 17.3411607718 59.1954351044 190.731953872 19.1082153421 380.895208817 211.534064865 129.769534816 108.896533875 22.2742659954 68.2743687305 67.886639013 45.2720924988 21.7519952692 70.4286561391 21.6767061868 21.3691264125 -9999.0 -9999.0 -9999.0 -9999.0 -9999.0 -9999.0 -9999.0 -9999.0 -9999.0 -9999.0 -9999.0 -9999.0 -9999.0 -9999.0 -9999.0 -9999.0 -9999.0 -9999.0 -9999.0 -9999.0 -9999.0
-9999.0 -9999.0 -9999.0 -9999.0 -9999.0 29.7370491694 86.9775271902 172.819253672 199.846519941 396.775021394 422.320434051 501.882230076 823.973499024 1293.49095376 1338.83610572 1359.70219038 38.9327563916 2614.11206294 2649.31318639 2748.69575837 3397.79056114 439.735584758 401.52951835 150.167281883 20.094351883 129.615413099 88.5360918081 19.5039975179 87.9868281759 20.0916094283 41.2150436385 112.122345545 132.943607763 41.9389430787 20.2460238382 20.2004443895 -9999.0 -9999.0 -9999.0 -9999.0 13.2778291212 11.3742468589 -9999.0 -9999.0 -9999.0 -9999.0 -9999.0 -9999.0 -9999.0 -9999.0 -9999.0 -9999.0 -9999.0 -9999.0 -9999.0
-9999.0 -9999.0 -9999.0 -9999.0 -9999.0 29.1261382962 28.0782708705 115.174529314 142.471430475 170.496701944 26.9602124018 53.5115924241 303.42862961 52.7646872612 24.9403437681 22.8530376552 20.3127889215 22.5829316858 21.1497313504 21.9866960066 3417.57096958 3475.22424986 18.9465784447 58.6359131548 40.0089000724 148.85015885 39.2458280984 18.8337372598 108.440736218 39.9112559434 95.9680360633 234.22904858 215.53544815 62.109662813 60.3444806824 20.6740650781 20.5115985826 -9999.0 -9999.0 20.3472055003 30.1875353692 65.5521425647 12.131963272 -9999.0 -9999.0 -9999.0 -9999.0 -9999.0 -9999.0 -9999.0 -9999.0 -9999.0 -9999.0 -9999.0 -9999.0
-9999.0 -9999.0 -9999.0 -9999.0 -9999.0 -9999.0 29.9642508527 29.6353489102 57.996642319 86.3257847344 196.869923387 251.962319956 279.03970117 27.3965041044 22.4325454725 301.709521209 368.875769148 389.974755927 478.057490715 498.252415547 19.9383020636 3495.24540729 3592.79986991 78.0654237514 18.3292811338 167.028676706 368.629022432 145.135782249 36.6111101126 18.4473295253 367.147326567 253.134270966 18.2193554101 18.0140508451 78.7417823326 60.4611311202 19.304967991 18.609219644 19.890457861 39.7804291328 19.1631021993 79.8112200646 98.2562073949 17.1531003096 -9999.0 -9999.0 -9999.0 -9999.0 19.993752451 18.8791513115 6.38880282867 -9999.0 -9999.0 -9999.0 -9999.0
-9999.0 -9999.0 -9999.0 -9999.0 -9999.0 -9999.0 -9999.0 29.645620243 27.1091464232 55.6294596318 83.8268553239 27.8107250324 25.1295053077 157.786994965 207.242070476 257.558697693 23.0741643991 45.7951050417 22.4726215461 519.045103985 1142.17480044 1155.39536012 4783.65968533 19.2733707542 53.255646003 17.0278241951 385.923533832 17.9714022282 55.3524384842 18.082894193 385.148829964 403.076276739 36.4710896529 35.9478841968 197.569117262 99.347543201 37.7718313249 19.2799330397 39.7275279912 59.2919162534 96.6668806268 18.1858820384 132.808615429 149.862710583 15.7119020087 17.0038190305 17.4812733854 15.9647962361 15.2563381141 55.3525074445 22.6419803295 15.3293600139 -9999.0 -9999.0 -9999.0
-9999.0 -9999.0 -9999.0 -9999.0 -9999.0 -9999.0 -9999.0 -9999.0 56.4557667674 82.9553743719 27.5322086576 55.5890149717 81.844300718 134.26085527 26.7007376729 25.8881210663 22.2467757466 22.5890647332 20.4207963068 581.172260518 22.7672762316 44.5394608762 4843.20021255 4886.45067129 21.3030330658 96.0278734588 499.22744705 35.2705493011 71.2405624222 33.0802390167 48.3026690771 471.165568018 52.5182849498 283.489899929 231.933814902 17.3936820787 93.7421633389 37.8718647291 57.8759953027 17.9725581931 113.805550457 148.630859214 163.385897835 177.367866843 208.338774123 29.6175597586 31.1715336606 28.5833729116 26.9020771591 68.612084576 13.2446454557 51.7591938732 63.9041525954 -9999.0 -9999.0
-9999.0 -9999.0 -9999.0 -9999.0 -9999.0 -9999.0 -9999.0 -9999.0 29.0895451333 140.375550586 167.382019682 27.07636225 53.2006362114 26.1123311578 24.2669522987 23.7762805658 297.743749676 395.629521114 482.57866154 566.887913405 20.5782692882 22.1999530731 24.1951815939 4983.45071962 5027.50617607 5047.03365503 663.951522855 142.150087617 123.130070667 14.9287248671 63.1165943422 549.654150946 15.3446951798 299.026962427 17.3306756831 122.108871199 112.65918204 18.2924830841 75.9122564069 35.8870525697 53.4096660603 16.476801659 13.8242595795 191.166198884 203.666725979 220.803968394 44.7567452044 41.486817317 39.2680013668 82.6231639507 109.47994622 13.3955234774 76.4960578572 13.6964919576 25.7635538648
-9999.0 -9999.0 -9999.0 -9999.0 -9999.0 -9999.0 -9999.0 -9999.0 -9999.0 29.1125586974 195.170526299 221.974336323 79.6459300284 131.852258487 180.66469162 205.318721575 24.931508278 75.6068899632 49.9208538674 25.1293766892 24.6387971475 22.5026728671 44.9945726526 78.0121566656 26.5589166103 5757.9567504 5779.33603853 19.7121617242 14.0578448718 30.0693213197 44.5423572713 593.45407506 29.4378569933 312.231396402 187.661058409 155.363439813 17.2303534577 35.0206361379 92.0443366749 16.0942072632 68.90748932 31.425350609 24.5287769876 12.6159803479 240.119633732 470.815191334 53.5528655623 50.4645647093 49.7710934697 10.5267723168 119.957033933 10.137844202 100.303655495 11.5912054524 37.5187432867
-9999.0 -9999.0 -9999.0 -9999.0 -9999.0 -9999.0 -9999.0 -9999.0 -9999.0 -9999.0 26.5084551212 275.329812257 26.3106219154 52.2510317966 76.0617356946 123.724540525 24.5370743098 50.6013737067 24.9859580463 23.6083439761 22.1101232541 43.7467393898 19.7536658919 23.4806638866 47.4013289126 25.9101227247 5799.87499182 5839.0615221 5894.13282226 60.7964453912 15.0761283315 30.0336356137 609.077761862 573.91723229 220.166620757 16.0866036968 68.6667360475 51.728885024 108.230664506 32.1685428727 131.450526938 46.6341951712 37.8172461911 12.6220068866 13.0372015588 484.458363128 495.794504776 609.289209391 82.9260097547 21.8392872361 131.413537717 152.732571713 263.025295945 22.6924968615 10.6395441105
-9999.0 -9999.0 -9999.0 -9999.0 -9999.0 -9999.0 -9999.0 -9999.0 -9999.0 -9999.0 -9999.0 14.8849067956 308.321696309 24.8976637564 48.3488071552 219.61991251 24.5791690897 24.4075191439 21.1954825365 45.7615004995 22.1476126544 87.7070753566 126.834120743 144.863052422 64.8659377096 83.2077377437 20.3420664531 24.4459080042 21.6362925401 5989.67788055 6035.10257927 622.471942539 600.520671175 587.302186297 27.785165399 13.3798053159 83.3750920559 221.236581329 123.193440525 46.9497534154 192.484146663 88.2616105293 74.8804836238 24.4361448342 10.042628751 9.08764616121 9.41645541405 655.831237991 771.934633678 10.2861942601 9.14240376345 10.0037556864 272.726162642 304.853604184 18.8290692066
-9999.0 -9999.0 -9999.0 -9999.0 -9999.0 -9999.0 -9999.0 -9999.0 -9999.0 -9999.0 -9999.0 13.9266328201 342.101162569 419.675162984 23.5746662119 266.652755594 22.6513450613 21.6339374739 42.7656582727 110.501110102 21.5369769175 22.620827552 19.310260916 183.146575645 201.211864927 303.416188864 341.734894428 362.485318322 381.538715177 403.039215594 6456.62004046 7115.93910164 7748.34174278 7760.78504888 13.9282362955 13.6176440079 250.770447491 236.139652071 14.6429527368 14.812869324 207.383055204 310.042748831 12.2980482508 167.57317952 155.380689928 49.195916916 22.1401350228 36.0223454075 13.194935551 793.281172667 11.0222612205 29.8152872193 37.6708085896 375.135003615 403.660533018
-9999.0 -9999.0 -9999.0 -9999.0 -9999.0 -9999.0 -9999.0 -9999.0 -9999.0 -9999.0 -9999.0 28.1635974388 53.7362792738 444.724825584 489.446593097 22.472809633 306.206008671 19.4890504185 60.1590211511 130.296699384 41.5940222902 19.9736100869 40.4489178526 16.8643853254 32.2151595765 15.9719311355 15.2181730655 14.6622296415 14.2170192484 14.7692362297 16.5343226694 20.1480822877 20.5517319979 21.1440463662 7809.82070558 300.447392664 275.758946758 11.6223230208 42.0311184313 12.6158548257 10.8957466372 322.880655597 530.685273251 182.060026906 133.491444667 28.7040638898 12.54004533 11.3945031856 22.0036674903 826.04340173 846.31595113 10.6319080424 11.0225416858 11.6994653226 10.5821121236
-9999.0 -9999.0 -9999.0 -9999.0 -9999.0 -9999.0 -9999.0 -9999.0 -9999.0 -9999.0 -9999.0 -9999.0 24.5704831184 328.216645918 841.367702248 912.350153167 1238.47434479 1254.9379119 288.120042695 212.577479489 61.995493543 19.7001047137 79.1226649512 97.477011856 146.061325842 32.8982033542 30.712546938 30.508978573 59.889635251 29.6138401544 30.9467908432 14.3468386271 14.2249428351 15.6049334469 7825.78237962 8135.23850267 8148.39971881 11.9558477853 117.250554415 50.9641057495 14.0756975329 574.586137892 31.2151666468 16.1782771218 69.8551192843 15.4875762318 12.8164867982 24.1453893069 33.1378825887 43.1046529435 862.997370153 7.88392301531 6.76789122199 6.85641380642 5.66073121835
-9999.0 -9999.0 -9999.0 -9999.0 -9999.0 -9999.0 -9999.0 -9999.0 -9999.0 -9999.0 -9999.0 26.9971139326 250.261325844 303.314038263 48.7674693824 15.5546618877 35.6315661617 1311.3991504 1327.97516276 1631.94588561 17.8309273847 37.3068316662 15.9803665443 16.3105233353 161.800404996 210.384841122 255.519124833 14.2727530959 74.1080555012 117.595066823 71.5051824861 27.609782471 26.3452677126 27.9657687742 26.0461627709 13.708242271 8159.43535258 8168.03924792 8304.51830697 23.0770008928 12.0093679484 583.901127403 33.8947201967 17.3714792437 18.9587153058 18.8013339875 16.3867371068 30.9109821658 84.1603043095 138.245495727 1009.20888504 5.52949700232 16.8500034568 11.6230924173 9.86802941834
-9999.0 -9999.0 -9999.0 -9999.0 -9999.0 -9999.0 -9999.0 -9999.0 -9999.0 -9999.0 -9999.0 27.6017913787 172.281586039 27.0700697908 23.8632492926 125.157134115 146.710397859 168.209456692 188.083722421 2216.9747054 2234.90082993 2270.2463231 2538.58723914 2591.125832 2623.53581398 2639.91843425 2942.11055537 2986.72513919 3002.27693625 3136.48809199 3223.3907373 3236.71350734 3290.08371488 40.268754613 37.8327067691 11.7394333575 10.5238505338 8178.67418095 8347.7553197 34.3217498782 667.178528835 656.773414979 63.9133575627 15.203267779 15.7718175211 15.157474907 14.7227085739 29.7126449693 42.4212462815 12.2939492969 1016.67550548 1024.76022405 1059.88478071 1066.21163278 1081.86723841
-9999.0 -9999.0 -9999.0 -9999.0 -9999.0 -9999.0 -9999.0 -9999.0 -9999.0 -9999.0 -9999.0 87.942705499 116.463275891 54.7107808706 80.4796419298 25.4645037842 289.158411316 311.857014873 356.431740661 377.083742311 149.666728021 2450.25877903 2468.83612889 19.2545805851 16.1826801761 16.5045637012 33.5338679621 16.5320937402 14.8889811604 13.9653632361 13.1509368907 3251.56307527 3304.26325191 3356.70086897 3404.71649122 3443.38040243 18.4727361742 5.29326562286 9041.68996265 685.931992254 678.189686316 12.4997335101 11.7619734276 11.0370454103 27.2968428579 26.6761246722 11.9123979579 11.9818008168 10.5055541442 22.5059893055 28.8915064704 4.89168393132 8.7117424352 3.53290869524 3.56380867396
-9999.0 -9999.0 -9999.0 -9999.0 -9999.0 -9999.0 -9999.0 -9999.0 -9999.0 -9999.0 -9999.0 -9999.0 59.209220932 28.0473665243 26.0663174249 243.752176814 267.306298065 23.3493710964 91.1847771213 112.339968904 132.027713362 21.3252701598 17.7576868808 381.844288553 397.159544486 412.415076612 1044.95948111 1059.25892931 1087.74573735 1200.63562366 1279.34748082 1292.13683263 12.0940200712 12.5853423106 10.4130728722 3456.68241595 6.4987806573 9151.04524927 9141.79671119 91.929828798 81.4034542962 47.7183642471 12.0574978778 21.696977261 38.5223177217 38.0506526555 23.2022916928 11.4215751107 21.7658664285 21.0319737734 37.6367346244 7.23450083704 15.7347747674 25.2988753497 33.2271223877
-9999.0 -9999.0 -9999.0 -9999.0 -9999.0 -9999.0 -9999.0 -9999.0 -9999.0 -9999.0 -9999.0 -9999.0 30.0947436685 85.109421214 111.652776545 192.581308606 23.7687582075 48.1025408846 70.4112206978 270.465733191 290.19945373 309.388909821 327.893279259 348.102306873 526.319776769 583.630018886 619.197077021 17.2668953467 83.1161895692 100.553460188 1241.77883662 1307.38278854 1335.08755135 1362.95573578 1386.41239808 4850.02477324 4.97745023596 9184.26710434 21.5874459868 10.9107167219 69.837049055 58.1390931323 9.53947040972 31.3733093145 47.5592036526 46.6012837408 31.1841703291 50.8242455901 79.7066910276 29.0918463197 74.1754467694 7.14844465748 12.8642127866 3.04567746156 2.28823347364
