data/baseflow/mHMbf_acc611.asc
ncols                  80
nrows                 72
xllcorner      4374000.0
yllcorner      5656000.0
cellsize            500
NODATA_value       -9999
[rows 24 to 47 of 72, columns 0 to 54 of 80]
-9999.0 -9999.0 -9999.0 -9999.0 -9999.0 -9999.0 -9999.0 -9999.0 -9999.0 -9999.0 -9999.0 -9999.0 18.1136354784 46.6973416068 60.0672282097 99.7037990372 9.83019268525 20.4099091156 29.6437741098 127.622578579 134.708515357 141.028027226 146.629364899 153.546410565 231.138696963 249.582669902 259.278942814 3.80400150815 21.6065815914 25.1735670676 470.774544961 481.227721905 486.898478079 492.882356944 496.187941807 1809.8167733 3.0842630624 3261.33851323 2.34631748738 1.19664593445 21.4070575122 18.8651171913 2.40635320194 10.0044344199 16.1566315764 15.6657096037 10.7066852613 17.4093092659 27.5295123765 10.6549535987 26.603992432 1.99535371668 2.83839443416 0.42876357203 0.301638783309
-9999.0 -9999.0 -9999.0 -9999.0 -9999.0 -9999.0 -9999.0 -9999.0 -9999.0 -9999.0 -9999.0 -9999.0 15.8078409584 31.0728500235 13.8565211237 27.2895379946 10.3073425766 90.5165599127 109.298489374 119.109988362 8.15072569486 15.6849647227 183.858426211 220.48856522 225.947308096 12.5610770249 11.4311990128 16.0872584352 2.83325844315 2.38408043262 4.26895267227 1.61104807934 314.908632878 316.573767011 317.717664566 1812.63060543 3273.16231939 3261.94511851 1.69626060138 1.05264513573 0.95929574679 4.52994676216 3.81069248702 12.0670828943 18.7048742896 37.6621131599 3.41846367298 3.3731446543 30.2079697614 33.0501203636 64.6015179323 65.8739408775 69.1649388647 69.9385186207 0.776797716229
-9999.0 -9999.0 -9999.0 -9999.0 -9999.0 -9999.0 -9999.0 -9999.0 -9999.0 -9999.0 -9999.0 -9999.0 -9999.0 14.5024353415 29.3900525522 44.7135713921 67.8567215615 12.3522088394 10.1489407213 84.110296471 92.615991485 169.079233434 178.372353726 24.5569051117 7.12641458532 5.98303677051 5.29725308597 301.458951323 304.405199194 307.457104019 309.708974528 313.310879918 28.3031001458 29.5108821261 348.16620055 5434.90361329 7.88039632341 5.97060222067 2.82381453352 0.826256524309 0.69422412747 6.26105939365 6.69887440504 13.3997409218 0.716252975752 38.7045837776 5.2160568375 5.0681117279 0.766704393192 0.427532167971 0.35093340514 0.387343025497 0.36002030333 70.3106788408 952.130594571
-9999.0 -9999.0 -9999.0 -9999.0 -9999.0 -9999.0 -9999.0 -9999.0 -9999.0 -9999.0 -9999.0 -9999.0 -9999.0 -9999.0 13.597147187 28.0390883578 40.9694841336 53.7921165193 63.9590273366 74.7399615023 30.5069308867 51.3245046467 8.86476634125 7.84957671043 270.329911503 284.92265959 290.767322689 297.339471697 4.01454529424 6.817566219 19.2588341958 23.4874525889 26.1617316945 1.75110696779 1.34188439034 5440.00040689 1.8765891384 2.41140317618 1.32523100565 3.45216682117 1.54168028488 0.911587246341 20.8567904186 21.7074091931 0.418091976141 39.25564821 45.0519344174 6.18360997975 974.00922197 972.670959302 971.803985127 970.136095382 969.439568491 955.120973476 954.460104362
-9999.0 -9999.0 -9999.0 -9999.0 -9999.0 -9999.0 -9999.0 -9999.0 -9999.0 -9999.0 -9999.0 -9999.0 -9999.0 -9999.0 4.42354217934 9.53384782974 13.5792425545 144.838330277 155.618449905 11.245203447 10.4195419027 10.5743973625 236.59360057 255.775844738 8.67885858809 8.82268045237 5.53851681052 24.3018069623 30.1391158068 12.8532412983 16.3006596987 164.188353263 167.477762109 173.579774236 263.327664327 5704.78311852 2.20100118548 0.908680047428 5.24013545062 4.25125710055 0.703905456081 2.42502255813 3.20811610053 22.5287322534 23.1995545664 69.354662331 45.2699818521 6.4732415785 989.965550632 5.85681426862 971.090494365 970.657970658 13.6119069543 0.545291286122 1.23932345757
-9999.0 -9999.0 -9999.0 -9999.0 -9999.0 -9999.0 -9999.0 -9999.0 -9999.0 -9999.0 -9999.0 -9999.0 -9999.0 -9999.0 22.9600011313 37.3511364833 73.7542585522 131.999600466 168.822192846 197.311473697 207.680146357 218.528493336 228.510644631 9.06075815743 7.16074010817 13.8204404594 11.9974087259 6.73299031688 147.445432784 152.972620343 157.733352045 162.182355852 80.4492463274 83.4398423507 87.5181381384 5705.98948885 4.13579094492 3.23126231364 9.15511640901 0.799742024103 1.93091101432 1.15505682923 0.6977359209 4.08349465464 0.485900241083 0.514166307093 1062.99590744 993.298407871 992.752580804 3.10170343402 5.53059317639 3.31004515046 0.530574652577 12.0570837251 2.71275259987
-9999.0 -9999.0 -9999.0 -9999.0 -9999.0 -9999.0 -9999.0 -9999.0 -9999.0 -9999.0 -9999.0 -9999.0 -9999.0 -9999.0 16.0233474465 15.2190750081 30.0485385486 45.0413093004 15.8903325393 17.1150991608 28.8278062282 39.972900135 59.8573394818 69.4916688824 76.777643686 98.4335134285 104.660777154 112.297145565 6.21185372173 65.4400949441 69.9198354505 74.218684666 3.33120137498 2.16257981025 2.9317531644 5797.89980882 5798.93948607 5805.40637452 11.3446042919 1.5912177121 2.84289031286 0.659748936361 1.19416284445 4.65509491674 5.57427436356 0.886213103856 1065.52686093 0.956673916201 1.61872741383 1.82795292721 1.35023719862 2.29437047211 0.864116975396 8.92789733661 6.76413991632
-9999.0 -9999.0 -9999.0 -9999.0 -9999.0 -9999.0 -9999.0 -9999.0 -9999.0 -9999.0 -9999.0 -9999.0 -9999.0 -9999.0 -9999.0 14.5915576609 28.4418703476 13.3439165938 27.3486644189 167.054639554 177.369469161 187.40533008 9.77235389527 9.79318288771 17.0340178465 24.7646652638 36.7861598303 43.1800526129 48.1711705266 53.620457474 3.89024051602 3.2511774664 82.8766995814 85.4972775235 86.4716785241 87.7320948358 69.1380668069 5879.62538423 5897.81103337 5898.12096351 5901.08337127 5903.71174082 5904.91734829 0.350478452683 5.97833271724 1065.81698337 0.793668062595 0.411376751117 0.754152903381 0.845340739113 1.37637304089 1.06723729089 0.663164431567 1.31092215504 1.06936145432
-9999.0 -9999.0 -9999.0 -9999.0 -9999.0 -9999.0 -9999.0 -9999.0 -9999.0 -9999.0 -9999.0 -9999.0 -9999.0 -9999.0 -9999.0 -9999.0 42.2062362144 55.7343648252 97.2097670587 126.416122333 14.6379560893 215.37607565 225.088370064 233.601036364 7.96284131855 15.3958705862 5.98607784891 49.9615878413 53.5381208995 59.7841179489 65.7893110387 77.2332848215 80.3283075051 1.66314660111 63.6279412905 66.3799092738 67.9867368963 73.1390713294 5.99951229144 3.55205439696 1.85297354541 1.65061447411 5906.47243883 5906.65279533 5915.09511379 1066.05893569 2.69172441144 1.63436470938 1.16291228727 0.302610925325 3.66351091456 1.85404350755 0.555042276038 3.35235743132 2.91879199838
-9999.0 -9999.0 -9999.0 -9999.0 -9999.0 -9999.0 -9999.0 -9999.0 -9999.0 -9999.0 -9999.0 -9999.0 -9999.0 -9999.0 -9999.0 -9999.0 14.3307454883 69.9114178743 84.5710646654 15.1482710478 11.5090761685 24.3154358141 35.0078638108 277.758596326 7.84614157665 31.7218640321 38.1671810229 44.4587026543 4.4261110214 9.33256233157 11.5606759489 51.6202554369 57.1600680203 59.1173421778 1.58165291273 1.15374760502 1.21170026017 2.28510310806 0.837401660408 0.805651602383 0.82056758239 0.861597279023 0.625237725532 2.47115631908 5915.43435821 6982.58970642 3.85132228954 0.85168305352 0.346764587661 11.4881866001 10.8002233108 6.51673350662 5.86218498541 4.32444145648 1.26056356453
-9999.0 -9999.0 -9999.0 -9999.0 -9999.0 -9999.0 -9999.0 -9999.0 -9999.0 -9999.0 -9999.0 -9999.0 -9999.0 -9999.0 -9999.0 12.7396792749 39.7632818856 12.891769423 14.5531899696 13.8337594686 25.9914561902 38.0415683139 48.3996727012 336.929204494 344.463375447 7.91385839829 14.5412632794 21.3333120689 25.5063070365 30.3716585747 45.4141814653 49.768790258 3.24507242283 1.89142847837 0.721051637063 0.700789542515 1.21810273365 1.29744806315 1.12439556258 1.40604616389 3.86701025219 1.62767806268 0.819610188121 0.794860383722 0.555075112065 0.978695027642 7027.01919446 40.5196666962 14.2846100842 1.88959212879 0.932965970182 0.496081144 1.5584632119 0.980268257374 0.469849850184
-9999.0 -9999.0 -9999.0 -9999.0 -9999.0 -9999.0 -9999.0 -9999.0 -9999.0 -9999.0 -9999.0 -9999.0 -9999.0 -9999.0 13.5426498265 25.9317867365 90.9963682099 12.3520972214 28.2981199568 41.2932183739 52.578095788 12.295652187 21.7838772305 32.7692411781 386.675986248 7.15325136834 13.0491165397 19.2654841854 5.51554502792 10.8180611196 13.8704109975 17.2718423384 610.192980589 614.278016201 617.287145034 634.657016485 637.168843095 646.219066047 2.3381167872 5.00586296122 4.61413809369 670.37376186 671.631485712 0.691508001758 1.00568284396 1.30874151191 7027.17377169 39.2795362905 20.4555182589 19.118925767 13.3958808137 11.1161075181 2.04958481266 0.546977410395 0.88240322679
-9999.0 -9999.0 -9999.0 -9999.0 -9999.0 -9999.0 -9999.0 -9999.0 -9999.0 -9999.0 -9999.0 -9999.0 -9999.0 -9999.0 13.9855857102 42.1526515824 146.8853659 218.832739116 10.9379317725 284.026478038 348.123326862 11.2715254986 20.7822829531 31.5192809964 475.965139752 484.101225485 5.09715787615 29.7150907779 34.2463672625 38.5622760563 576.887611862 586.12309117 591.086641915 2.34497031763 12.7395609258 15.0773193734 5.02157559828 6.92946664018 655.651511105 663.159808091 664.327879967 665.363328511 672.49036175 0.424658573472 0.369618934359 1.98759429866 7027.50824205 3.0949037435 2.57487338574 4.73021140746 1.3825782841 9.77340395927 8.03333201825 4.90706417321 3.32966033205
-9999.0 -9999.0 -9999.0 -9999.0 -9999.0 -9999.0 -9999.0 -9999.0 -9999.0 -9999.0 -9999.0 -9999.0 -9999.0 -9999.0 -9999.0 -9999.0 29.5342245721 59.4262628718 258.588655432 272.673812152 360.197260548 372.079663753 10.7313101141 21.4890047094 48.507655396 493.098145084 505.686194227 509.80991715 2.94541493687 524.93462098 534.998196849 6.05993008009 2.39951511782 4.38458896903 8.43248003935 1.97165723333 3.60019372306 7.16839256892 8.60577571911 1.62391899147 0.852705901614 1.58152038636 679.622139191 681.459344075 681.729781482 684.845366257 7027.69573915 2.66047804302 1.77253514501 0.805958473966 0.806516476648 0.840366580797 0.698787622195 1.27087959282 0.572551051198
-9999.0 -9999.0 -9999.0 -9999.0 -9999.0 -9999.0 -9999.0 -9999.0 -9999.0 -9999.0 -9999.0 -9999.0 -9999.0 -9999.0 -9999.0 -9999.0 15.5437589329 15.1464473204 14.501768458 27.9724057582 11.866952384 395.797468899 406.374877855 9.81333189048 18.7430807849 8.39838148451 6.03005299661 5.69541193516 518.962152361 3.53493945177 7.24104334789 3.22851897815 2.45677639414 2.09098109371 1.33788472014 1.43802105989 4.4342233619 6.21694382303 0.993677789811 0.794040636521 1.8272926969 3.30489774076 4.26449485226 1.09783106688 682.484766615 685.154040912 7027.72442619 6.34373768339 2.61535891209 0.399121240898 1.12331142495 0.326413128797 0.247966904228 1.54715000875 2.71949393927
-9999.0 -9999.0 -9999.0 -9999.0 -9999.0 -9999.0 -9999.0 -9999.0 -9999.0 -9999.0 -9999.0 -9999.0 -9999.0 -9999.0 -9999.0 -9999.0 -9999.0 -9999.0 14.8285514378 41.2603277188 52.443685347 64.0545412577 417.497983955 428.575103871 438.657971677 448.317443761 453.716756296 465.273272123 468.280497831 471.541214821 473.65917468 1.98659821791 1.71158845679 1.92708320034 6.29729800978 1.7485746813 1.58094760158 1.03817452037 2.95549079142 1.27568023141 0.84380416503 0.745869573999 0.593987874258 1.18418647681 1.71737479613 688.621684522 7722.67413972 1.00161976872 1.60547520006 0.292980638679 1.8877664716 2.17060639906 0.498581382367 6.4140437826 4.52926079326
-9999.0 -9999.0 -9999.0 -9999.0 -9999.0 -9999.0 -9999.0 -9999.0 -9999.0 -9999.0 -9999.0 -9999.0 -9999.0 -9999.0 -9999.0 -9999.0 -9999.0 -9999.0 -9999.0 12.1529793171 97.653440717 187.810004681 199.351511704 13.8437139291 23.6474502544 32.6859987352 38.9595786421 86.0581513778 88.3887190913 2.23116565052 2.06818412311 478.248442006 481.552481377 483.038068119 7.2508396428 0.772468184264 2.33679160045 3.3620209021 10.0520994398 12.4121517918 14.0145509866 1.39441994741 1.90441703938 0.659815707771 1.28667252057 0.708980508398 7723.39075954 0.697068714148 3.11578506915 0.835913384885 2.92442324539 10.7467835429 11.6581143877 18.5581162456 3.9220262651
-9999.0 -9999.0 -9999.0 -9999.0 -9999.0 -9999.0 -9999.0 -9999.0 -9999.0 -9999.0 -9999.0 -9999.0 -9999.0 -9999.0 -9999.0 -9999.0 -9999.0 -9999.0 13.7536505284 44.1438262493 85.8881097096 111.727950215 278.344498504 290.724433263 19.546004477 28.767946566 35.7469433173 41.9991978442 91.1181637333 95.7741645797 164.209765102 168.381409801 170.306599444 484.48338471 494.863441515 2.13076208498 1.70072147113 1.53435402423 2.82919307116 1.22128013579 16.396579251 17.1518503399 2.4612461247 3.19014262773 0.82111904681 2365.16717163 2366.60474846 10090.1813827 10093.7583816 0.955730970716 4.922074958 3.39777776259 1.72541662707 21.1010162314 25.4906581413
-9999.0 -9999.0 -9999.0 -9999.0 -9999.0 -9999.0 -9999.0 -9999.0 -9999.0 -9999.0 -9999.0 -9999.0 -9999.0 -9999.0 -9999.0 -9999.0 -9999.0 -9999.0 -9999.0 15.9063969927 15.2635437979 28.5940645333 67.2848490379 302.586957504 10.2623073152 10.0744712596 16.8543524355 24.1426725907 57.3115329306 61.5741532431 3.04155585147 2.95524690521 172.822271668 174.490123696 671.176108304 672.546013352 0.609957155946 0.505443221725 0.394971152888 0.400070785929 0.493287526888 2350.33815883 2355.73413908 2359.44271033 2360.98947401 2364.59127377 0.905145536911 3.19283988012 3.61775905967 10098.1912598 10098.076023 10097.8144988 10097.6974906 10097.7485368 26.3749744764
-9999.0 -9999.0 -9999.0 -9999.0 -9999.0 -9999.0 -9999.0 -9999.0 -9999.0 -9999.0 -9999.0 -9999.0 -9999.0 -9999.0 -9999.0 -9999.0 -9999.0 -9999.0 -9999.0 -9999.0 13.8013032947 14.5477168374 26.6652601674 354.153436943 364.912896499 9.70601778464 16.4976195058 24.086427524 29.7338716012 4.79645294899 8.13753927097 701.772322196 703.478272774 705.728064886 720.453927073 1394.15923535 2317.50779789 2319.268128 2320.76985427 2322.17734378 2329.88343597 2332.50009897 4.84424477104 1.98391387254 1.34564535427 2.44191246781 1.58405512688 2.59302822528 0.784699741742 19.3818122515 23.849486553 27.3112120036 27.4741931572 10097.3953731 10123.5734805
-9999.0 -9999.0 -9999.0 -9999.0 -9999.0 -9999.0 -9999.0 -9999.0 -9999.0 -9999.0 -9999.0 -9999.0 -9999.0 -9999.0 -9999.0 -9999.0 -9999.0 -9999.0 -9999.0 -9999.0 -9999.0 14.0694406272 26.7496483654 39.5032638152 374.862169233 8.94764827539 495.459075044 503.364212796 508.061482215 511.923846648 686.453229091 690.370312898 1.93167858227 11.336098795 13.5114207852 2.1212251621 921.742312226 918.0856127 0.870648756902 2.26045795614 6.49795426101 1.5470012145 1.71331370928 1.01966975793 0.81193075199 0.55954415058 0.729087591019 16.9866528544 17.7956719038 18.8414227671 4.01131605513 3.02916520148 28.6486175586 28.9695451059 29.0889618235
-9999.0 -9999.0 -9999.0 -9999.0 -9999.0 -9999.0 -9999.0 -9999.0 -9999.0 -9999.0 -9999.0 -9999.0 -9999.0 -9999.0 -9999.0 -9999.0 -9999.0 -9999.0 -9999.0 -9999.0 -9999.0 12.6768586618 11.7246274988 61.1339151271 459.060938444 479.382928608 488.855112152 7.35962071854 161.787063425 166.81756284 169.160090368 3.5307328127 5.96435901821 7.90755262425 218.929059235 220.339296129 221.462088018 916.200917725 570.364529665 1.31724388231 1.46793954316 1.35852576301 0.929732892556 10.5945861013 12.5881743378 14.2438233936 15.2330172353 16.1642906303 157.419827006 157.989352839 158.73127928 160.432502432 167.146489987 167.313876295 196.568159907
-9999.0 -9999.0 -9999.0 -9999.0 -9999.0 -9999.0 -9999.0 -9999.0 -9999.0 -9999.0 -9999.0 -9999.0 -9999.0 -9999.0 -9999.0 -9999.0 -9999.0 -9999.0 -9999.0 -9999.0 -9999.0 -9999.0 24.6700056666 37.6976192502 12.0250902109 10.0005063696 137.972269209 145.656794882 150.104697609 45.3721942508 48.857074053 52.4214129492 54.6620406357 215.484043619 217.910169983 120.345783554 343.412934292 344.823184898 569.493847926 2.86555559893 1.49599028123 0.834661844798 7.45642727422 8.79288153108 0.618648563337 0.557497027921 154.443635385 156.084608971 156.890669809 0.867725691976 1.27589664906 166.501802144 0.354873679689 1.45717860281 1.58706865035
-9999.0 -9999.0 -9999.0 -9999.0 -9999.0 -9999.0 -9999.0 -9999.0 -9999.0 -9999.0 -9999.0 -9999.0 -9999.0 -9999.0 -9999.0 -9999.0 -9999.0 -9999.0 -9999.0 -9999.0 -9999.0 -9999.0 12.3383907622 24.3628092935 98.8972707531 110.960525214 120.325076458 36.0954489977 41.5314927194 4.29576671478 152.369554036 155.753915031 158.612923095 2.43235297406 116.039084066 118.635794448 1.58097148116 561.892122105 3.47960285108 1.7432506834 4.18858252171 5.69251107966 0.966545807821 0.694896732294 145.5521969 153.007945878 154.034968099 1.08828139599 2.08530598391 2.56943731958 2.94071379648 5.57780708139 0.531511380158 1.21704304647 0.223573305253
