data/baseflow/mHMbf_acc320.asc
ncols                  80
nrows                 72
xllcorner      4374000.0
yllcorner      5656000.0
cellsize            500
NODATA_value       -9999
[rows 0 to 24 of 72, columns 0 to 54 of 80]
-9999.0 -9999.0 -9999.0 -9999.0 -9999.0 -9999.0 -9999.0 -9999.0 -9999.0 -9999.0 -9999.0 -9999.0 24.2357256016 20.7386585825 -9999.0 -9999.0 -9999.0 -9999.0 -9999.0 -9999.0 -9999.0 -9999.0 -9999.0 -9999.0 -9999.0 -9999.0 -9999.0 -9999.0 -9999.0 -9999.0 -9999.0 -9999.0 -9999.0 -9999.0 -9999.0 -9999.0 -9999.0 -9999.0 -9999.0 -9999.0 -9999.0 -9999.0 -9999.0 -9999.0 -9999.0 -9999.0 -9999.0 -9999.0 -9999.0 -9999.0 -9999.0 -9999.0 -9999.0 -9999.0 -9999.0
-9999.0 -9999.0 -9999.0 -9999.0 -9999.0 -9999.0 -9999.0 -9999.0 -9999.0 -9999.0 -9999.0 -9999.0 49.392404811 110.390185194 18.0902035208 -9999.0 13.8290368435 -9999.0 -9999.0 -9999.0 -9999.0 -9999.0 -9999.0 -9999.0 -9999.0 -9999.0 -9999.0 -9999.0 -9999.0 -9999.0 -9999.0 -9999.0 -9999.0 -9999.0 -9999.0 -9999.0 -9999.0 -9999.0 -9999.0 -9999.0 -9999.0 -9999.0 -9999.0 -9999.0 -9999.0 -9999.0 -9999.0 -9999.0 -9999.0 -9999.0 -9999.0 -9999.0 -9999.0 -9999.0 -9999.0
-9999.0 -9999.0 -9999.0 -9999.0 -9999.0 -9999.0 -9999.0 -9999.0 -9999.0 -9999.0 23.5781423722 22.9870086049 23.8373669973 23.1892804389 153.564980341 172.618015829 38.9480244072 12.3712250873 -9999.0 -9999.0 -9999.0 -9999.0 -9999.0 -9999.0 -9999.0 -9999.0 -9999.0 -9999.0 -9999.0 -9999.0 -9999.0 -9999.0 -9999.0 -9999.0 -9999.0 -9999.0 -9999.0 -9999.0 -9999.0 -9999.0 -9999.0 -9999.0 -9999.0 -9999.0 -9999.0 -9999.0 -9999.0 -9999.0 -9999.0 -9999.0 -9999.0 -9999.0 -9999.0 -9999.0 -9999.0
-9999.0 -9999.0 -9999.0 -9999.0 -9999.0 -9999.0 -9999.0 -9999.0 -9999.0 23.306978519 46.3721391464 92.0521368607 45.59692828 22.0479507872 42.5304360765 192.996657433 263.835854879 14.9906698682 -9999.0 21.6470952398 -9999.0 -9999.0 -9999.0 -9999.0 26.9888282402 13.5156939454 -9999.0 -9999.0 -9999.0 -9999.0 -9999.0 -9999.0 -9999.0 -9999.0 -9999.0 -9999.0 -9999.0 -9999.0 -9999.0 -9999.0 -9999.0 -9999.0 -9999.0 -9999.0 -9999.0 -9999.0 -9999.0 -9999.0 -9999.0 -9999.0 -9999.0 -9999.0 -9999.0 -9999.0 -9999.0
-9999.0 -9999.0 -9999.0 -9999.0 -9999.0 -9999.0 -9999.0 -9999.0 26.538372752 74.5670237374 96.5861035409 118.581161093 158.327003458 19.9037080987 80.9985314136 99.9055785992 399.644538906 18.4764905342 17.5733496617 39.6874955302 56.9551341772 18.3423495729 -9999.0 73.2781769408 59.9387321169 17.2260190571 -9999.0 -9999.0 -9999.0 -9999.0 -9999.0 -9999.0 -9999.0 -9999.0 -9999.0 -9999.0 -9999.0 -9999.0 -9999.0 -9999.0 -9999.0 -9999.0 -9999.0 -9999.0 -9999.0 -9999.0 -9999.0 -9999.0 -9999.0 -9999.0 -9999.0 -9999.0 -9999.0 -9999.0 -9999.0
-9999.0 -9999.0 -9999.0 -9999.0 -9999.0 -9999.0 26.5306850287 24.2847565609 23.0856252826 23.522910309 23.526918927 165.813073614 345.84563842 367.15538435 384.2068587 16.4558508026 434.602655538 452.447713826 35.307894186 17.7259772767 73.73978751 127.139849206 18.6844225562 130.173020829 19.241811225 19.4923330867 19.8414665297 -9999.0 -9999.0 -9999.0 -9999.0 -9999.0 -9999.0 -9999.0 -9999.0 -9999.0 -9999.0 -9999.0 -9999.0 -9999.0 -9999.0 -9999.0 -9999.0 -9999.0 -9999.0 -9999.0 -9999.0 -9999.0 -9999.0 -9999.0 -9999.0 -9999.0 -9999.0 -9999.0 -9999.0
-9999.0 -9999.0 -9999.0 -9999.0 -9999.0 -9999.0 52.6730809542 77.5576631255 174.183810428 242.371506543 20.5502071821 20.9723454168 19.698237003 58.4499172395 459.974296096 15.1167087976 468.437022977 533.083275822 51.020227199 32.934578274 142.59808361 17.3041092287 146.845616742 34.9807210799 17.7111057751 36.5121337235 39.0686779187 19.1934226913 19.2117257344 18.5299101977 20.0683359326 40.2199191629 -9999.0 -9999.0 -9999.0 -9999.0 -9999.0 -9999.0 -9999.0 -9999.0 -9999.0 -9999.0 -9999.0 -9999.0 -9999.0 -9999.0 -9999.0 -9999.0 -9999.0 -9999.0 -9999.0 -9999.0 -9999.0 -9999.0 -9999.0
-9999.0 -9999.0 -9999.0 -9999.0 -9999.0 28.4101432956 54.8510986575 26.0519292247 50.4124564743 267.281381325 311.273645361 354.39166642 1130.98923951 19.554800008 478.816459515 1758.98206682 1771.44161365 2325.94380047 13.3970136135 48.2316141833 158.201973873 15.393975195 342.576419834 179.718230185 111.759641532 93.9736720104 18.9395430209 56.5159206551 55.3104258091 36.822960001 17.7142481094 58.7279730576 17.5432380039 17.1849078634 -9999.0 -9999.0 -9999.0 -9999.0 -9999.0 -9999.0 -9999.0 -9999.0 -9999.0 -9999.0 -9999.0 -9999.0 -9999.0 -9999.0 -9999.0 -9999.0 -9999.0 -9999.0 -9999.0 -9999.0 -9999.0
-9999.0 -9999.0 -9999.0 -9999.0 -9999.0 28.5934758835 82.9440985616 164.492836099 189.036894015 373.065195619 395.73258217 467.000480104 757.358694367 1189.36802147 1229.08958179 1247.84449391 32.2158987879 2384.10251137 2412.1953054 2492.3595417 3056.4312255 390.52057938 359.520729233 128.404649115 16.1439573195 107.862129658 73.6943257925 16.2404650552 71.4862943704 15.5158151387 32.5650357877 92.0013739107 108.750655443 33.6171290933 16.7357943374 16.0942313689 -9999.0 -9999.0 -9999.0 -9999.0 14.4229407787 12.1730384178 -9999.0 -9999.0 -9999.0 -9999.0 -9999.0 -9999.0 -9999.0 -9999.0 -9999.0 -9999.0 -9999.0 -9999.0 -9999.0
-9999.0 -9999.0 -9999.0 -9999.0 -9999.0 27.8282911333 26.2488455722 109.432006649 134.384500573 160.217491245 24.2551428418 48.0086696342 275.406694346 47.616541793 21.8969724488 20.1721808535 17.3973537915 19.9674654946 17.8881577741 18.6168770589 3073.00261801 3119.55903475 15.074946958 46.7896538389 32.0442395142 123.832381511 32.8846175936 15.8499662954 88.3423549514 30.3090397001 72.7829911311 188.785646189 175.409397051 50.228307043 49.4199664617 16.6576553273 16.5753394634 -9999.0 -9999.0 16.5894353742 31.5993452299 69.5393380074 13.0555589472 -9999.0 -9999.0 -9999.0 -9999.0 -9999.0 -9999.0 -9999.0 -9999.0 -9999.0 -9999.0 -9999.0 -9999.0
-9999.0 -9999.0 -9999.0 -9999.0 -9999.0 -9999.0 28.4436087468 28.6201411272 54.5505177214 80.5457693321 180.51547432 229.698150849 253.930210585 25.2248769515 19.5200327225 266.784997251 325.403571237 343.377496807 417.524472507 433.891306181 16.2707544424 3135.98843972 3212.46491511 60.7022374346 10.0792418325 137.12003861 304.262287131 119.674825702 29.2626674509 14.4296512438 290.239159042 203.876679239 15.0052505513 14.9603795584 64.9269044032 48.6144783113 16.0119186613 15.9952531684 15.9883064511 32.0952086514 15.3708814495 84.7391990619 100.437642605 15.1341886756 -9999.0 -9999.0 -9999.0 -9999.0 17.7440242319 16.7534209316 4.01117059798 -9999.0 -9999.0 -9999.0 -9999.0
-9999.0 -9999.0 -9999.0 -9999.0 -9999.0 -9999.0 -9999.0 28.3051161152 24.2871735401 50.8380171642 76.4154264777 24.8216848967 22.4078583661 141.239161778 184.552836444 228.673158622 20.2666036686 38.6921537894 19.0005775977 450.994083545 995.03686059 1008.99852825 4252.7366429 15.3352795635 29.2827587009 8.91141699758 319.21439987 14.6783369496 44.0862362574 14.3203003208 304.85133388 319.34369032 30.0450215441 29.3165028125 160.854121276 80.3171144104 32.3865048446 16.3624411909 31.8954072752 47.6716519597 77.9287925346 15.1666874686 131.685456825 148.06916405 15.5030033544 16.1985220629 16.7819854554 15.7494949084 15.2562698219 49.6065472244 17.2631438269 10.7296314056 -9999.0 -9999.0 -9999.0
-9999.0 -9999.0 -9999.0 -9999.0 -9999.0 -9999.0 -9999.0 -9999.0 51.4288471079 74.3751648882 24.5983195487 50.0748910413 73.4733872138 120.406129708 23.3337187002 22.273591421 18.4776961838 18.7728328458 16.5367989542 509.341945373 19.2008226455 37.199493284 4306.62386102 4350.50922914 21.5992375715 71.6020002086 405.507904531 28.4786033874 57.1189005321 26.8658862507 40.0104207345 376.204851031 43.5360518289 231.489040129 188.818294189 14.0030269865 78.0600062778 31.2605751594 46.3222643411 14.4768154809 93.2822099897 124.049132611 139.081654899 153.56735143 207.434015803 29.8329907307 31.0888590463 29.3328605458 28.242540658 62.847549671 12.6889011018 40.8359506134 52.0974897165 -9999.0 -9999.0
-9999.0 -9999.0 -9999.0 -9999.0 -9999.0 -9999.0 -9999.0 -9999.0 26.9608540891 127.450522982 151.370302689 23.9492963326 46.5077940471 22.5214478821 20.3776800314 19.9206534834 256.444718347 341.171902598 417.566891042 494.318788449 19.1140686625 18.5043510855 20.5350127251 4441.13872048 4491.19610017 4513.57429907 542.831636844 115.710572792 99.8999280497 13.3449431015 52.5361803584 441.78663026 12.8960395514 244.729575085 13.802004756 99.3159459265 93.3018234335 14.5875214953 60.6268864042 28.6597137773 42.6271419491 15.044491307 14.221991155 167.923948807 181.521839856 220.997636398 45.3229063383 43.1012419524 41.6502662453 75.9618576467 101.531772441 12.7233374739 63.7152549146 12.0087514891 22.9209693653
-9999.0 -9999.0 -9999.0 -9999.0 -9999.0 -9999.0 -9999.0 -9999.0 -9999.0 27.3370398532 176.565352576 200.136023229 69.3070100731 114.839568305 156.596644722 178.103909776 21.7639102898 65.6979404017 42.848144402 21.8489135502 21.0893827749 18.7051704846 37.3624421074 66.7567668274 27.1888739446 5106.24536528 5128.54401026 20.5104770157 14.0205983927 26.1029426307 38.9335572427 480.28144959 25.6396667943 256.978570535 150.345242528 124.372668941 13.9195772069 28.088043899 73.7022023395 13.0051124123 55.3011057595 28.1601669118 23.9340810193 9.57600811138 213.781913728 446.548234451 56.2607279426 54.2004973 52.86265664 10.9062115427 112.500681405 10.7165856116 86.6672693589 10.5943137657 33.8445850113
-9999.0 -9999.0 -9999.0 -9999.0 -9999.0 -9999.0 -9999.0 -9999.0 -9999.0 -9999.0 23.9294272271 248.324168473 22.6283341068 45.4644079015 66.0524880879 106.711911564 20.848235744 43.7238337479 21.1485912164 19.8197439906 18.3389369901 36.438460979 16.238445284 19.2680343959 42.6877571935 25.480048176 5152.00345883 5194.6533318 5252.65534291 53.9772900082 12.5272193551 24.9184347287 493.218126992 471.243112244 177.222864245 13.1774146074 55.1938181973 41.5590251556 86.8309006066 26.04026136 109.372774309 41.0826642921 35.5642943327 6.40053111375 10.0699770094 460.519169556 473.595265009 595.720848624 86.9514219381 22.5088329734 124.396796449 146.627693718 243.637231109 21.1251497454 9.88172022768
-9999.0 -9999.0 -9999.0 -9999.0 -9999.0 -9999.0 -9999.0 -9999.0 -9999.0 -9999.0 -9999.0 12.2322890955 274.199759095 21.8644094157 42.1975236743 189.924937103 21.3005413102 21.1024024829 18.0478468036 38.3374394165 18.2518866302 72.9858822244 105.935970296 121.340903247 58.4572777032 77.5707460299 22.1607627118 24.4267162073 22.6400714279 5341.60184254 5381.56117309 505.338251999 495.118323712 483.374673624 24.7081546375 12.0153310215 67.4780041783 179.060755156 99.3405810272 38.4309523612 160.259022721 66.7398754942 54.8278618844 11.782841674 5.227067651 5.51871606602 6.97699871416 629.819218061 752.167693917 10.7261836238 10.1028018275 10.619654801 253.769706766 284.19845581 17.9304875853
-9999.0 -9999.0 -9999.0 -9999.0 -9999.0 -9999.0 -9999.0 -9999.0 -9999.0 -9999.0 -9999.0 11.2231392193 301.357317215 370.04666715 20.4586582505 230.801522946 19.4762099963 18.3154666783 35.4505472853 91.6681621555 17.3403720916 18.5266006811 15.9203917673 153.507894498 168.444283479 262.096572792 299.620836456 317.122941653 337.469028333 356.801820112 5759.59557271 6299.60628635 6829.26532008 6845.80052477 14.5555447955 12.0916004243 203.707916245 191.536583962 12.1826439208 12.0291572712 171.930575672 251.393023361 10.3862716969 117.640325976 109.699644851 26.6008436913 14.1024822756 23.0781936311 13.4465323362 776.644532001 12.5386846869 32.1654900385 42.2008091635 354.579262554 376.90947902
-9999.0 -9999.0 -9999.0 -9999.0 -9999.0 -9999.0 -9999.0 -9999.0 -9999.0 -9999.0 -9999.0 25.1956805814 47.9527998265 392.241396017 430.858073466 19.8419820847 268.531426506 16.5540891668 50.4048952498 108.012830148 33.4527702293 16.0167647302 33.9714251028 14.7874367722 27.8172940069 12.8757829304 11.5639699005 8.95117437579 8.08056767726 8.23749485088 9.2078244895 13.8484326609 18.3311809078 21.5829767029 6899.29695143 262.83300232 235.332336656 14.7935619535 35.5984869832 8.43684360027 6.89451847048 263.076349472 416.580666656 130.87401427 99.076416959 14.9715863738 6.76995521011 6.10959067931 16.9548923087 806.065273836 830.414538647 12.5752103347 12.8197223011 10.1971173503 5.45734025311
-9999.0 -9999.0 -9999.0 -9999.0 -9999.0 -9999.0 -9999.0 -9999.0 -9999.0 -9999.0 -9999.0 -9999.0 21.0002327084 294.350784166 745.590948108 808.302137911 1095.39877215 1113.33723668 241.517502084 174.449691206 49.9063972943 15.7184160301 64.9383416527 80.1071958189 121.097244204 26.5290157032 24.1898364069 21.8524785172 42.4171357007 20.4661774289 20.79031489 9.24674637887 5.62123963706 8.14705382211 6915.661873 7186.67640935 7203.98755609 15.7044081259 105.51205395 39.2554616665 12.2608426506 456.564693386 28.4415696723 14.763652432 61.1075057972 12.1368028047 11.3704362016 22.1102077139 32.2987898883 43.732088573 851.734167707 10.1946102155 9.14986306141 9.14036752228 6.94893734416
-9999.0 -9999.0 -9999.0 -9999.0 -9999.0 -9999.0 -9999.0 -9999.0 -9999.0 -9999.0 -9999.0 23.8318864155 225.004917668 272.758904202 43.3247200764 12.4328569417 27.9325041291 1159.55529769 1176.53177684 1434.45964133 14.4562809451 29.9749220204 13.1457584178 13.4627992485 134.303622886 173.999168997 210.305464592 11.9174891755 54.3770335712 86.4851926585 52.5172497135 20.613395406 14.5808834434 13.7772048766 16.1544457529 10.7463230811 7219.60081192 7233.42750526 7366.35196554 22.0831710065 11.3072457065 467.797341432 29.4953250962 15.4598258715 16.9793298872 16.8210462479 14.910272936 27.3390192171 79.8290648492 136.155149529 998.182809109 7.92452974551 23.9599080091 16.2754798141 13.4736138581
-9999.0 -9999.0 -9999.0 -9999.0 -9999.0 -9999.0 -9999.0 -9999.0 -9999.0 -9999.0 -9999.0 24.4873177073 157.159530234 24.4912698 21.0323450017 110.888635589 129.554237605 148.384587643 164.920489431 1954.35918899 1967.68921363 1995.30177801 2218.89441417 2260.81570491 2284.88024096 2298.81825102 2536.97055366 2566.77232874 2578.9457716 2678.55546971 2744.26441515 2755.76579357 2790.48698763 24.4661457533 22.9044056903 5.67651166354 8.14583555435 7247.61457333 7415.2993851 34.9822482073 545.764722486 534.975462902 56.1745026347 13.3687422262 13.8337816383 13.3433204688 13.4173150323 27.1709781188 39.9868695051 13.2057100165 1008.14558791 1018.65580816 1068.1433888 1077.04224123 1098.92001505
-9999.0 -9999.0 -9999.0 -9999.0 -9999.0 -9999.0 -9999.0 -9999.0 -9999.0 -9999.0 -9999.0 81.4394359395 107.362007187 49.5080661066 72.7617089189 22.9429790593 262.88348354 283.202002108 322.971871583 338.340062559 129.543966718 2148.70046666 2162.04743107 14.4170890194 10.4086422052 8.75764129282 19.6362556304 8.88519781363 6.14308499171 5.3170050026 6.33050443052 2765.23506877 2800.86045297 2837.3277178 2870.70676401 2898.98551742 13.3430823264 5.48924218926 7996.75050652 568.303472031 557.27457017 11.931449541 11.9188490122 11.2118447177 25.1313350501 24.7701706924 11.1818890435 11.2477724605 10.3531808245 23.2226451469 31.9252769887 7.40811390149 13.3437499107 4.98540127206 2.45377550895
-9999.0 -9999.0 -9999.0 -9999.0 -9999.0 -9999.0 -9999.0 -9999.0 -9999.0 -9999.0 -9999.0 -9999.0 55.0173662101 25.4067195386 22.9442203957 222.3295632 243.568524326 21.0824337392 82.4940158266 100.83605354 116.649078997 17.5262021907 14.7675905598 336.176070753 349.025837879 360.925143535 925.190449703 933.664825525 946.177846876 1023.90523975 1061.08868774 1066.15442318 4.36736140768 4.71862634409 5.32292351095 2918.22669475 8.21469941674 8108.27811589 8094.33425468 86.1213117505 73.435558087 45.6584880434 11.3007975979 22.3562262934 36.6440026718 36.3327251154 21.9219150503 10.7041006911 20.9623172192 20.2051748729 40.7767557274 5.09751572486 18.4990960036 31.3352587366 36.6556186383
-9999.0 -9999.0 -9999.0 -9999.0 -9999.0 -9999.0 -9999.0 -9999.0 -9999.0 -9999.0 -9999.0 -9999.0 28.4703438359 79.4960156678 103.57739967 176.973078303 21.6182507453 43.6637199608 64.0164364493 246.092205832 261.694791648 272.583503396 288.063901877 307.047785477 474.459490498 527.477700699 554.599308883 9.7930597555 63.2641348576 71.9157625939 1044.40433459 1073.79587089 1085.82383899 1097.84929817 1109.82284435 4038.33913116 9.26107368821 8144.98471565 16.4876400592 6.68255929923 62.3091039165 54.3080863655 7.14634714301 31.4924265309 46.0735360854 45.8180577036 30.8394034894 50.4392462258 79.5244081974 28.6293760971 77.3619790997 5.65470983353 7.97120434501 2.22354747791 1.830983535
