data/baseflow/mHMbf_acc247.asc
ncols                  80
nrows                 72
xllcorner      4374000.0
yllcorner      5656000.0
cellsize            500
NODATA_value       -9999
[rows 0 to 24 of 72, columns 0 to 54 of 80]
-9999.0 -9999.0 -9999.0 -9999.0 -9999.0 -9999.0 -9999.0 -9999.0 -9999.0 -9999.0 -9999.0 -9999.0 21.4067305494 19.9899190683 -9999.0 -9999.0 -9999.0 -9999.0 -9999.0 -9999.0 -9999.0 -9999.0 -9999.0 -9999.0 -9999.0 -9999.0 -9999.0 -9999.0 -9999.0 -9999.0 -9999.0 -9999.0 -9999.0 -9999.0 -9999.0 -9999.0 -9999.0 -9999.0 -9999.0 -9999.0 -9999.0 -9999.0 -9999.0 -9999.0 -9999.0 -9999.0 -9999.0 -9999.0 -9999.0 -9999.0 -9999.0 -9999.0 -9999.0 -9999.0 -9999.0
-9999.0 -9999.0 -9999.0 -9999.0 -9999.0 -9999.0 -9999.0 -9999.0 -9999.0 -9999.0 -9999.0 -9999.0 40.3273493284 97.7478746657 17.3993551182 -9999.0 13.6128494065 -9999.0 -9999.0 -9999.0 -9999.0 -9999.0 -9999.0 -9999.0 -9999.0 -9999.0 -9999.0 -9999.0 -9999.0 -9999.0 -9999.0 -9999.0 -9999.0 -9999.0 -9999.0 -9999.0 -9999.0 -9999.0 -9999.0 -9999.0 -9999.0 -9999.0 -9999.0 -9999.0 -9999.0 -9999.0 -9999.0 -9999.0 -9999.0 -9999.0 -9999.0 -9999.0 -9999.0 -9999.0 -9999.0
-9999.0 -9999.0 -9999.0 -9999.0 -9999.0 -9999.0 -9999.0 -9999.0 -9999.0 -9999.0 17.9222518333 17.6205973932 18.2102253126 17.8627780922 131.897966792 150.254354489 38.4684244832 12.2382610605 -9999.0 -9999.0 -9999.0 -9999.0 -9999.0 -9999.0 -9999.0 -9999.0 -9999.0 -9999.0 -9999.0 -9999.0 -9999.0 -9999.0 -9999.0 -9999.0 -9999.0 -9999.0 -9999.0 -9999.0 -9999.0 -9999.0 -9999.0 -9999.0 -9999.0 -9999.0 -9999.0 -9999.0 -9999.0 -9999.0 -9999.0 -9999.0 -9999.0 -9999.0 -9999.0 -9999.0 -9999.0
-9999.0 -9999.0 -9999.0 -9999.0 -9999.0 -9999.0 -9999.0 -9999.0 -9999.0 17.6413627661 35.4051105175 70.4581959896 35.2538450069 17.2059260834 33.7483065926 166.789380761 236.305079221 14.4700961832 -9999.0 17.5520829706 -9999.0 -9999.0 -9999.0 -9999.0 27.0949233173 13.6220694132 -9999.0 -9999.0 -9999.0 -9999.0 -9999.0 -9999.0 -9999.0 -9999.0 -9999.0 -9999.0 -9999.0 -9999.0 -9999.0 -9999.0 -9999.0 -9999.0 -9999.0 -9999.0 -9999.0 -9999.0 -9999.0 -9999.0 -9999.0 -9999.0 -9999.0 -9999.0 -9999.0 -9999.0 -9999.0
-9999.0 -9999.0 -9999.0 -9999.0 -9999.0 -9999.0 -9999.0 -9999.0 19.383360896 55.3982584819 72.3632918721 89.2891255101 122.09048276 15.970069962 64.6811740206 80.3701661254 351.467055769 17.351461104 15.5897274068 33.1545437264 48.5035896812 15.8836049757 -9999.0 73.175013742 59.8057589359 17.0652815702 -9999.0 -9999.0 -9999.0 -9999.0 -9999.0 -9999.0 -9999.0 -9999.0 -9999.0 -9999.0 -9999.0 -9999.0 -9999.0 -9999.0 -9999.0 -9999.0 -9999.0 -9999.0 -9999.0 -9999.0 -9999.0 -9999.0 -9999.0 -9999.0 -9999.0 -9999.0 -9999.0 -9999.0 -9999.0
-9999.0 -9999.0 -9999.0 -9999.0 -9999.0 -9999.0 19.2058643308 17.9373034699 17.4190460854 17.670446458 17.8287529052 125.016834518 264.061599999 280.799114973 293.463759045 11.2197942697 379.481439009 394.945047981 31.0869255006 15.3745937782 63.5910177775 110.27685032 17.4826908138 126.207960984 16.8195582927 17.9623881251 17.3451821122 -9999.0 -9999.0 -9999.0 -9999.0 -9999.0 -9999.0 -9999.0 -9999.0 -9999.0 -9999.0 -9999.0 -9999.0 -9999.0 -9999.0 -9999.0 -9999.0 -9999.0 -9999.0 -9999.0 -9999.0 -9999.0 -9999.0 -9999.0 -9999.0 -9999.0 -9999.0 -9999.0 -9999.0
-9999.0 -9999.0 -9999.0 -9999.0 -9999.0 -9999.0 38.0712084844 56.1761666471 127.615935478 179.173461865 16.0511739083 16.2645683414 15.7812259261 46.8560729451 354.940120004 12.6039286816 409.6469038 466.753408468 45.2674526635 29.5427746809 124.63571501 15.2659844153 141.25627331 31.3973341744 15.9409030425 33.5454228974 34.0348880343 16.4783285045 16.693510947 16.4197855583 17.3328996292 34.7678397858 -9999.0 -9999.0 -9999.0 -9999.0 -9999.0 -9999.0 -9999.0 -9999.0 -9999.0 -9999.0 -9999.0 -9999.0 -9999.0 -9999.0 -9999.0 -9999.0 -9999.0 -9999.0 -9999.0 -9999.0 -9999.0 -9999.0 -9999.0
-9999.0 -9999.0 -9999.0 -9999.0 -9999.0 20.1049643464 39.1684528034 18.8353403564 36.8458907938 197.565268524 231.296874717 264.476435572 828.013921532 15.5250229934 370.525841714 1315.38503821 1325.96288831 1811.60337731 11.960574872 43.8243130262 139.086161255 14.3537907746 316.848824244 160.883500192 99.7404330866 83.8390293007 16.6169310554 49.1765757117 48.9210796007 32.6403235956 16.222318991 51.4219939847 16.4321353219 16.2989243823 -9999.0 -9999.0 -9999.0 -9999.0 -9999.0 -9999.0 -9999.0 -9999.0 -9999.0 -9999.0 -9999.0 -9999.0 -9999.0 -9999.0 -9999.0 -9999.0 -9999.0 -9999.0 -9999.0 -9999.0 -9999.0
-9999.0 -9999.0 -9999.0 -9999.0 -9999.0 20.0830396779 58.6171490131 116.876565415 134.84832743 266.896853262 283.951845581 337.000164181 547.900495823 872.263170408 903.2645955 917.982650822 27.3255519586 1860.22576899 1884.53267186 1955.90147703 2470.12826746 360.624164024 331.854111882 114.636018391 14.7426044352 95.6928349625 64.7907646614 15.1116491752 63.8425517658 14.2592635131 30.1135432322 82.6269812313 98.3366391638 31.909984653 15.9526510475 15.744366104 -9999.0 -9999.0 -9999.0 -9999.0 15.1918388268 12.8243654142 -9999.0 -9999.0 -9999.0 -9999.0 -9999.0 -9999.0 -9999.0 -9999.0 -9999.0 -9999.0 -9999.0 -9999.0 -9999.0
-9999.0 -9999.0 -9999.0 -9999.0 -9999.0 19.5463315184 18.7396527303 77.5210438489 95.75298636 114.505804886 17.9733420239 35.6467374701 199.397168129 35.9801383791 16.9694022473 16.0618007981 14.886265313 16.3112538723 15.548596992 15.6607517956 2485.21616441 2528.06666339 14.144455419 43.3667203416 29.3628137501 110.446304334 30.4377163286 14.9824554774 79.1623136523 27.8775280981 67.4008819396 173.852815053 161.405393048 47.566649839 47.6690006685 15.9159116417 16.1362598401 -9999.0 -9999.0 16.3907853624 33.4936897319 73.0541186073 13.4785069974 -9999.0 -9999.0 -9999.0 -9999.0 -9999.0 -9999.0 -9999.0 -9999.0 -9999.0 -9999.0 -9999.0 -9999.0
-9999.0 -9999.0 -9999.0 -9999.0 -9999.0 -9999.0 19.9593454584 20.1191354211 38.6060177338 57.2007055746 128.793707577 164.724880495 182.824325632 19.0980302723 15.5171958653 201.491960866 248.643407567 263.68276987 324.804428726 339.262687201 14.4993525508 2542.6534089 2611.2940846 54.3012665997 6.49569887083 122.298442438 275.606230547 108.776903542 28.2832323193 14.012914887 268.964491054 188.31209687 14.6284715697 14.7229160652 62.8498108519 47.015409292 15.6192861502 15.9121076693 15.7494880083 31.8704799902 15.672797107 88.888169003 105.031850501 16.0526840488 -9999.0 -9999.0 -9999.0 -9999.0 17.9984681282 17.5013719243 4.46458390852 -9999.0 -9999.0 -9999.0 -9999.0
-9999.0 -9999.0 -9999.0 -9999.0 -9999.0 -9999.0 -9999.0 19.8183322294 16.6479824755 35.6556198508 54.2285099837 18.0886776486 17.0123400477 104.387687396 137.407265205 170.834464936 15.996737884 31.0660247563 15.5473281092 353.953993303 787.233254865 801.765902409 3443.53105266 13.9302375663 20.3832034965 6.36639286503 289.936660498 14.0007310213 42.5245724194 13.9630921309 283.228840645 297.379198064 29.253585082 28.9846307629 155.733596931 77.807662257 31.8366463247 15.908745632 31.5164493738 47.4225909629 78.4717987671 15.6916602444 137.715534658 154.165944228 15.865882841 16.4147582364 16.9977662205 16.2161157075 16.0133696702 52.03047372 19.5779192811 12.6755493907 -9999.0 -9999.0 -9999.0
-9999.0 -9999.0 -9999.0 -9999.0 -9999.0 -9999.0 -9999.0 -9999.0 36.2912944262 51.7058698962 17.7810890511 36.0933626033 53.3617717725 88.3052658824 17.4526588664 16.8020921245 15.0375320982 15.2151400055 14.354235226 403.716963289 15.425496535 30.3312019738 3490.69839096 3530.49549779 18.3475962466 56.5841244021 360.902586749 27.3985531462 55.6640066574 26.8732663297 40.2595934023 353.786695095 42.936712533 226.708503191 184.032278895 14.1688178514 77.0031211546 30.6695768728 46.288536547 14.8935572722 94.3110218409 125.951693098 141.139243597 155.904450638 215.324710502 30.6947228067 31.9806191108 30.6082227553 30.0655260909 67.1628227751 14.9826795848 47.3131885923 61.4392875897 -9999.0 -9999.0
-9999.0 -9999.0 -9999.0 -9999.0 -9999.0 -9999.0 -9999.0 -9999.0 19.0794578677 89.3821720243 106.781324523 17.411393451 34.2102409243 16.7807830478 15.8402129945 15.599138422 195.00442103 260.036843886 324.081558717 388.5851827 17.1133247174 15.1308244129 18.2220663929 3606.65754074 3650.98602489 3670.8336239 491.835245012 111.946833589 96.9809905036 13.4001220593 53.3372584831 420.473200477 13.4325387859 240.343400212 14.0143164998 98.0722295135 91.9416489112 14.602790743 60.9415269178 29.4977951578 44.2019156769 15.6237238413 14.4294752079 170.568245365 184.812696666 229.542883105 46.9051956973 45.1532264593 44.7532306121 82.2548667543 112.298297577 14.9596109099 75.7571997704 14.5473361203 28.6049515337
-9999.0 -9999.0 -9999.0 -9999.0 -9999.0 -9999.0 -9999.0 -9999.0 -9999.0 19.3786509102 124.855524641 141.971067399 51.0238690989 84.7483064332 116.771093818 133.021941199 16.4530815594 49.7412862148 32.7268076484 16.5196099823 16.1920662081 14.9762990927 30.5914789146 54.1068287137 23.0788516873 4205.61604886 4224.71584895 17.5823343007 13.9058064584 26.2023395867 39.200657402 460.056031278 26.563800482 253.210648205 150.309449791 123.512441784 14.1255794088 28.5239116131 74.8418157847 13.8262859818 58.0469528281 29.7638146805 24.1925219895 8.62839555963 216.085862206 458.337307006 59.1436390457 57.6344170367 58.4527387763 13.4837094645 125.963266275 13.4866651592 103.962065537 13.5358425386 42.5476207908
-9999.0 -9999.0 -9999.0 -9999.0 -9999.0 -9999.0 -9999.0 -9999.0 -9999.0 -9999.0 17.317783905 176.82887063 16.7461523202 33.6292602078 49.4147801405 80.90443556 16.0516300752 33.1837338162 16.2869967247 15.7510567585 15.0807927285 30.1283353982 14.1922238581 16.8138124365 36.3330953209 21.2263070541 4245.45785278 4282.47306655 4333.65554359 53.965153257 12.8168796488 25.543567041 473.24660024 469.587183871 177.653012234 13.5293236139 56.3651784804 42.4167569759 88.778654404 27.7119670243 115.782102713 43.7381579741 37.1386300688 4.93377395462 9.30939403227 472.477273637 486.370929431 616.140351978 99.9122783764 27.5020820876 140.355040754 167.878452037 285.182206142 26.9855643579 13.1104864201
-9999.0 -9999.0 -9999.0 -9999.0 -9999.0 -9999.0 -9999.0 -9999.0 -9999.0 -9999.0 -9999.0 8.49501552681 194.717134856 16.293099827 31.8356743015 144.323712252 16.3497273663 16.2763450498 14.9180384452 30.8047301197 14.8055268538 59.8244292965 88.4321401566 102.231604406 50.7119412597 67.0273242844 18.4323969393 19.9911377385 19.4373160833 4418.88495747 4458.76446139 485.610637543 494.203839449 482.016007926 25.8360925332 12.7286278367 69.4142483661 184.609477591 102.17469141 41.0658783032 170.388418031 67.028232442 53.8090030446 9.43349422628 4.39695941719 4.88156414932 6.83236462358 647.862815751 788.49750267 13.2410874116 12.9355985971 13.2834581267 298.288893366 337.614527751 24.3652632846
-9999.0 -9999.0 -9999.0 -9999.0 -9999.0 -9999.0 -9999.0 -9999.0 -9999.0 -9999.0 -9999.0 7.96764998887 214.283029219 264.512931361 15.5879334638 175.620992588 15.4653585239 14.9153244076 29.2533749921 74.5768952106 14.3696602534 14.8666540584 13.8729506356 130.319403894 143.832065844 224.970951534 256.929993813 271.823637734 289.181291116 305.606745154 4783.3345489 5298.05975918 5822.25716335 5838.11919921 14.7721273605 12.8605793411 210.739397969 197.783969331 13.1666575925 12.9428485256 182.832762477 263.491544673 11.7728979844 107.838308749 99.6673757146 20.8530262536 12.4512333209 20.0876151179 14.0318527551 815.41768788 13.6235555467 38.8205813728 51.1905835901 418.75988947 447.949232494
-9999.0 -9999.0 -9999.0 -9999.0 -9999.0 -9999.0 -9999.0 -9999.0 -9999.0 -9999.0 -9999.0 17.9258530193 34.5515818143 280.828861906 310.965321809 15.3913959431 208.460252721 13.8950901252 42.1431035017 88.344029795 28.0585705408 13.6530469082 28.4722420863 13.3146560255 25.6704470036 12.2829974729 10.8488094806 7.62048471778 6.37471323753 6.19849478897 6.86371568145 10.4296410454 14.7846457161 18.5136193619 5887.78846954 268.088169765 241.000576301 14.380133933 38.796776746 9.42204246796 7.67500069155 276.406599564 423.402079745 121.854251878 90.6318887046 11.0502449837 5.26040959919 4.90129521801 16.4277928598 845.255970332 871.806535739 13.5808228891 13.9073458757 10.398054751 5.27007238461
-9999.0 -9999.0 -9999.0 -9999.0 -9999.0 -9999.0 -9999.0 -9999.0 -9999.0 -9999.0 -9999.0 -9999.0 15.7435669689 210.5715562 537.006732884 584.058810208 808.410329433 825.648171209 202.620993914 144.136981959 41.9282329079 13.5330655644 55.3560073977 68.7310668372 106.820617194 24.9373506647 23.0284203846 19.9379886632 38.4880699152 18.2397527526 18.3611461029 8.25076201604 3.81141507708 6.27986729295 5903.18401068 6179.78570682 6196.47923197 14.9494940154 112.100037118 43.120778637 13.3041719985 465.266032718 29.0872960784 14.8730770631 58.5396272553 11.4036533002 11.7887181871 22.8136886026 34.3802098129 47.0407337106 896.047250821 11.7738130177 11.1158783744 11.1146742404 8.8335875401
-9999.0 -9999.0 -9999.0 -9999.0 -9999.0 -9999.0 -9999.0 -9999.0 -9999.0 -9999.0 -9999.0 17.1099222784 160.220821908 194.584902377 31.9876575539 9.09304362499 21.106258382 861.332325803 877.228934006 1095.90432049 12.8221821253 26.2658988121 12.2307753078 12.3907477354 119.067484839 156.233995389 190.961091678 11.5342662307 50.0788031632 79.7312305783 49.4010311028 19.7156256371 12.7937185883 10.8940362315 12.8596771408 8.65489143309 6211.32456714 6224.64001062 6363.21850442 24.6530849399 12.5756099782 478.087318366 29.2736285896 15.0490609823 15.9729748011 15.8417915204 15.1694424354 27.1025112177 83.5518477352 143.937108064 1051.74327078 9.92926401257 30.2763731772 20.5419330224 17.885960819
-9999.0 -9999.0 -9999.0 -9999.0 -9999.0 -9999.0 -9999.0 -9999.0 -9999.0 -9999.0 -9999.0 17.4837349676 110.692695931 17.5471016063 15.6385938141 79.4621935902 93.7172292933 108.325044907 122.084342324 1474.22428392 1485.35440141 1509.63465403 1686.25200259 1721.22562372 1740.192199 1752.85840632 1963.39473055 1988.77919386 2000.21273235 2091.40674465 2153.31596303 2164.91377322 2196.57569713 22.1817076136 19.067706145 4.1443971554 6.71005382673 6237.93089153 6415.42648048 38.4603643368 559.751261601 547.114949607 56.9322420766 13.9105875571 14.3986427398 14.1456165508 14.3212855969 28.8587253104 43.1613843376 14.5475054347 1063.31039071 1075.22292362 1137.14549869 1147.98013164 1176.44566455
-9999.0 -9999.0 -9999.0 -9999.0 -9999.0 -9999.0 -9999.0 -9999.0 -9999.0 -9999.0 -9999.0 56.9329341801 75.1867896233 35.0943885958 51.8123498819 16.5350280061 187.101924888 202.312516401 232.343160454 242.325065483 97.3925405991 1624.78100942 1635.12637768 9.89749571838 6.46215609522 4.63769810096 11.8155921213 5.48636285629 3.54333050789 3.24352472066 4.74395755185 2172.4470705 2205.64996526 2239.99086674 2270.46291958 2294.0891409 10.8011537016 5.0819334683 7013.22924257 584.706282143 572.749668697 12.8706266935 13.0597317486 12.5688416969 27.1936122816 27.0609958073 12.8523412096 12.8923196147 12.5272552924 26.8593903009 38.1259919301 9.49267546948 17.9601852224 7.11413189559 3.19472941096
-9999.0 -9999.0 -9999.0 -9999.0 -9999.0 -9999.0 -9999.0 -9999.0 -9999.0 -9999.0 -9999.0 -9999.0 38.2986446152 17.9472097171 16.5201359958 156.767816862 172.504228479 15.6648430511 61.6431732205 75.4236936128 86.8116218785 12.6637826854 11.0499117072 242.404520628 251.806237351 260.170950472 691.947648038 697.189041707 704.201338349 757.152849634 779.524142788 782.80665281 3.13293350765 3.27785136607 4.69903696071 2312.20795212 7.72840153486 7131.06064627 7117.34021577 92.9074084495 79.8397196627 50.4939097776 12.6422775424 25.1572490459 40.1736560723 40.0400560438 25.3559833147 12.4982970233 24.9441996391 24.6769432845 49.7454885472 6.58537818058 24.6790296466 42.1195192091 48.7400117938
-9999.0 -9999.0 -9999.0 -9999.0 -9999.0 -9999.0 -9999.0 -9999.0 -9999.0 -9999.0 -9999.0 -9999.0 19.6792973973 55.1981852174 72.1529039421 124.123553618 15.9189124958 31.9484537143 47.1988524804 177.861776465 188.741161187 194.100847754 206.04006438 220.510578675 364.529477441 406.079467216 425.059157607 5.43062518187 45.2604656657 49.7272952316 768.483045973 787.057597135 794.660373129 802.209854254 811.48024622 3133.14224757 9.20797502346 7164.44651949 13.4721865162 5.00331720067 67.4965338237 60.1393163302 8.15882404675 36.1519172796 51.7137243915 51.6753814631 36.7055186052 60.5030288783 96.3568028561 35.7857430325 96.4505716642 7.69269196147 10.1476977359 2.75022787574 2.42139668273
