data/baseflow/mHMbf_acc290.asc
ncols                  80
nrows                 72
xllcorner      4374000.0
yllcorner      5656000.0
cellsize            500
NODATA_value       -9999
[rows 0 to 24 of 72, columns 0 to 54 of 80]
-9999.0 -9999.0 -9999.0 -9999.0 -9999.0 -9999.0 -9999.0 -9999.0 -9999.0 -9999.0 -9999.0 -9999.0 20.492891796 16.2386341322 -9999.0 -9999.0 -9999.0 -9999.0 -9999.0 -9999.0 -9999.0 -9999.0 -9999.0 -9999.0 -9999.0 -9999.0 -9999.0 -9999.0 -9999.0 -9999.0 -9999.0 -9999.0 -9999.0 -9999.0 -9999.0 -9999.0 -9999.0 -9999.0 -9999.0 -9999.0 -9999.0 -9999.0 -9999.0 -9999.0 -9999.0 -9999.0 -9999.0 -9999.0 -9999.0 -9999.0 -9999.0 -9999.0 -9999.0 -9999.0 -9999.0
-9999.0 -9999.0 -9999.0 -9999.0 -9999.0 -9999.0 -9999.0 -9999.0 -9999.0 -9999.0 -9999.0 -9999.0 41.855886986 88.9320752294 13.5616042727 -9999.0 10.9701214844 -9999.0 -9999.0 -9999.0 -9999.0 -9999.0 -9999.0 -9999.0 -9999.0 -9999.0 -9999.0 -9999.0 -9999.0 -9999.0 -9999.0 -9999.0 -9999.0 -9999.0 -9999.0 -9999.0 -9999.0 -9999.0 -9999.0 -9999.0 -9999.0 -9999.0 -9999.0 -9999.0 -9999.0 -9999.0 -9999.0 -9999.0 -9999.0 -9999.0 -9999.0 -9999.0 -9999.0 -9999.0 -9999.0
-9999.0 -9999.0 -9999.0 -9999.0 -9999.0 -9999.0 -9999.0 -9999.0 -9999.0 -9999.0 20.3241010913 19.7411920054 20.6607390238 20.0264470929 127.17488822 140.835165603 29.2025841968 9.06051452214 -9999.0 -9999.0 -9999.0 -9999.0 -9999.0 -9999.0 -9999.0 -9999.0 -9999.0 -9999.0 -9999.0 -9999.0 -9999.0 -9999.0 -9999.0 -9999.0 -9999.0 -9999.0 -9999.0 -9999.0 -9999.0 -9999.0 -9999.0 -9999.0 -9999.0 -9999.0 -9999.0 -9999.0 -9999.0 -9999.0 -9999.0 -9999.0 -9999.0 -9999.0 -9999.0 -9999.0 -9999.0
-9999.0 -9999.0 -9999.0 -9999.0 -9999.0 -9999.0 -9999.0 -9999.0 -9999.0 19.6746985719 39.8516489565 79.1428780331 39.6685272225 19.2479511701 37.9874972089 159.161380201 210.78499007 10.9919336992 -9999.0 19.9054181671 -9999.0 -9999.0 -9999.0 -9999.0 19.7328846393 10.1226028265 -9999.0 -9999.0 -9999.0 -9999.0 -9999.0 -9999.0 -9999.0 -9999.0 -9999.0 -9999.0 -9999.0 -9999.0 -9999.0 -9999.0 -9999.0 -9999.0 -9999.0 -9999.0 -9999.0 -9999.0 -9999.0 -9999.0 -9999.0 -9999.0 -9999.0 -9999.0 -9999.0 -9999.0 -9999.0
-9999.0 -9999.0 -9999.0 -9999.0 -9999.0 -9999.0 -9999.0 -9999.0 22.1319234669 62.6166636335 81.613275587 100.534821149 137.545509916 18.1145647685 73.7350875837 91.4297921268 328.699442674 14.4393352968 16.2008724424 37.5618881435 54.5725839242 17.8167340544 -9999.0 51.8543487762 42.7047456102 11.877741112 -9999.0 -9999.0 -9999.0 -9999.0 -9999.0 -9999.0 -9999.0 -9999.0 -9999.0 -9999.0 -9999.0 -9999.0 -9999.0 -9999.0 -9999.0 -9999.0 -9999.0 -9999.0 -9999.0 -9999.0 -9999.0 -9999.0 -9999.0 -9999.0 -9999.0 -9999.0 -9999.0 -9999.0 -9999.0
-9999.0 -9999.0 -9999.0 -9999.0 -9999.0 -9999.0 21.4606014045 19.8736661397 19.6057898635 19.9288233523 20.1947709481 140.924117374 298.021711873 317.266248448 334.738706106 17.7864964559 362.358808715 378.73845199 33.4205573386 17.333520241 71.203380388 123.436479559 15.867424649 97.6297626497 16.3620550155 15.3543414638 16.6717564182 -9999.0 -9999.0 -9999.0 -9999.0 -9999.0 -9999.0 -9999.0 -9999.0 -9999.0 -9999.0 -9999.0 -9999.0 -9999.0 -9999.0 -9999.0 -9999.0 -9999.0 -9999.0 -9999.0 -9999.0 -9999.0 -9999.0 -9999.0 -9999.0 -9999.0 -9999.0 -9999.0 -9999.0
-9999.0 -9999.0 -9999.0 -9999.0 -9999.0 -9999.0 42.8120535616 63.2555898891 143.380543741 201.190964094 17.9011433624 18.4236414491 18.0164072399 53.4250052835 404.702016445 15.8521555289 394.687921341 459.380330475 49.4434352967 32.9861754972 139.181588052 17.1115352905 114.289490453 32.040851874 15.5326628602 30.3599400085 33.4900878559 17.971591688 18.2045023596 17.7876000344 18.6736435959 37.4802548671 -9999.0 -9999.0 -9999.0 -9999.0 -9999.0 -9999.0 -9999.0 -9999.0 -9999.0 -9999.0 -9999.0 -9999.0 -9999.0 -9999.0 -9999.0 -9999.0 -9999.0 -9999.0 -9999.0 -9999.0 -9999.0 -9999.0 -9999.0
-9999.0 -9999.0 -9999.0 -9999.0 -9999.0 22.6722956723 44.2319391798 21.3211895348 41.6729927597 221.954811353 260.067004605 297.63734833 946.838754736 17.9327334336 422.197302795 1507.74880966 1521.64356604 2004.41526119 14.7221669295 48.6867458664 155.050352747 15.7381163562 292.07040137 161.650728102 96.6987879405 80.4423460542 16.082017414 53.1436701655 52.9018082866 35.2977523191 17.0214151089 55.1277265797 16.8369586377 16.6201277164 -9999.0 -9999.0 -9999.0 -9999.0 -9999.0 -9999.0 -9999.0 -9999.0 -9999.0 -9999.0 -9999.0 -9999.0 -9999.0 -9999.0 -9999.0 -9999.0 -9999.0 -9999.0 -9999.0 -9999.0 -9999.0
-9999.0 -9999.0 -9999.0 -9999.0 -9999.0 22.7330144829 66.3936133405 132.255800328 152.738853111 303.060535107 322.719311656 384.166637972 631.901856451 999.780699605 1036.50919618 1053.70447345 33.1187594558 2063.39069897 2093.15318285 2175.41327662 2686.10392291 340.290331535 308.784231875 113.245012633 16.0751187303 99.4159325861 68.1419388493 14.9275462711 68.4027052701 15.4259462608 32.0396307388 87.3116517635 103.330475141 32.4730365121 15.8586893007 15.7009123957 -9999.0 -9999.0 -9999.0 -9999.0 10.5547426407 9.31109300477 -9999.0 -9999.0 -9999.0 -9999.0 -9999.0 -9999.0 -9999.0 -9999.0 -9999.0 -9999.0 -9999.0 -9999.0 -9999.0
-9999.0 -9999.0 -9999.0 -9999.0 -9999.0 22.1748749563 21.4186576093 88.2711494783 108.992016378 130.350818935 20.865026281 41.3787191144 232.211174473 41.6882945158 20.2725298376 18.764316617 16.963579518 18.8741436951 17.5766678034 18.2190476626 2702.26198013 2749.23507171 15.4102121069 47.1964148823 32.0213622783 114.867218031 29.8978666132 13.9041764044 84.1796256549 30.7100057592 74.7064154258 181.933175486 167.235933671 48.1706580906 46.9807298348 16.0060339808 16.0023797623 -9999.0 -9999.0 16.1840640108 23.5511310611 52.582371892 10.0179861353 -9999.0 -9999.0 -9999.0 -9999.0 -9999.0 -9999.0 -9999.0 -9999.0 -9999.0 -9999.0 -9999.0 -9999.0
-9999.0 -9999.0 -9999.0 -9999.0 -9999.0 -9999.0 22.8687515631 22.8434496507 44.4174718825 65.9546560693 150.003081868 191.793052201 212.743273074 21.1924491083 18.0491607618 236.005885274 291.175704988 308.458477914 379.678374529 396.08351079 16.2532334132 2765.30795787 2844.27419717 63.4823337536 16.0597058094 129.80682366 284.544106244 111.448843965 28.998894635 14.5789941443 285.748562972 196.856147355 14.4728303825 14.2916397486 61.4777197874 47.1556783406 15.0228761485 13.9757258938 15.5432667888 31.3641982723 15.1418058788 63.9481406985 78.6182061068 12.7439209269 -9999.0 -9999.0 -9999.0 -9999.0 14.861698624 14.0438893476 5.61485868919 -9999.0 -9999.0 -9999.0 -9999.0
-9999.0 -9999.0 -9999.0 -9999.0 -9999.0 -9999.0 -9999.0 22.8322571231 20.6356803887 42.3866408649 63.8683284926 21.1251045842 19.6640904283 121.299703742 160.452721346 200.525464201 19.0195189638 36.6822379685 18.2461771863 412.884997895 898.64480952 908.701618698 3780.62624554 15.6539219465 46.5521361339 14.9676687657 298.10926977 14.415012072 43.7754723709 14.4015763843 300.099229959 314.4073006 28.9696558015 28.585292019 154.358659774 77.5844662937 28.7723675429 14.9683148969 31.0795213069 46.6239619393 76.2599168919 14.31929244 103.732953547 115.762473779 11.5780780063 13.3377289772 12.3961998702 11.1148690246 10.6900434072 40.8612989297 19.1528301486 13.0114932315 -9999.0 -9999.0 -9999.0
-9999.0 -9999.0 -9999.0 -9999.0 -9999.0 -9999.0 -9999.0 -9999.0 42.6838039005 62.6874009412 20.8730884069 42.232551833 62.3187888828 102.943876356 20.7850649486 20.1922248257 17.5839896265 17.8619192027 16.3588611088 451.989405629 18.1746568808 35.4478575534 3826.36178315 3857.10566341 15.0644858732 77.1985250447 388.726521326 28.3331199878 56.8413843489 26.6814142015 39.227776851 369.223284976 42.110563517 223.388368182 182.077784116 13.9723745316 73.0343146969 29.8087842 45.649647223 14.4567018861 89.8537073174 116.56929444 127.670695603 138.12021699 160.617977024 23.0984403077 22.8700009122 20.729115295 19.7552893937 51.5954356149 11.1405706589 44.1631315856 55.7057880614 -9999.0 -9999.0
-9999.0 -9999.0 -9999.0 -9999.0 -9999.0 -9999.0 -9999.0 -9999.0 22.0864366201 106.140308444 126.543904732 20.4700251407 40.1869938926 19.7074611706 18.9423564282 18.5453726304 230.313645408 306.178971455 374.526138951 440.992800996 16.0222043015 17.658381117 18.4845282806 3929.2465155 3959.99799525 3972.75495342 518.137000995 112.881263729 98.4093346885 11.8324262869 51.5990276207 433.399324357 12.5994026971 236.044386604 13.8987427754 96.3495756993 88.1186209749 14.6154415876 60.092576861 28.8240142674 43.0665132142 13.4249076399 10.3768529583 148.4184916 158.073413223 170.247937742 33.2555676246 30.5659355178 29.5194373522 63.1349849544 85.6082804114 11.2018888556 67.5594533673 12.4075302831 24.1293260767
-9999.0 -9999.0 -9999.0 -9999.0 -9999.0 -9999.0 -9999.0 -9999.0 -9999.0 22.092209605 147.553547391 167.647566436 59.9592197419 99.4669906537 137.724463577 157.155088583 19.8814793545 58.0800094876 39.3662440345 20.0856287098 19.4859599428 17.6772228666 34.7986079841 59.8714131594 19.9604227096 4523.96826914 4538.49145598 13.2161005083 11.1480129071 24.3760837563 36.5960427035 470.097325949 24.5715828297 247.210916894 149.813734042 123.404186989 14.0108786844 28.3242579379 73.577017976 13.4248796837 56.3232762732 26.3959595762 19.801800018 11.2207604665 191.655008346 370.132078158 40.9294710774 38.4702712864 39.1697912614 9.73713181019 95.3908386886 9.56867058784 89.5831763798 11.557026666 35.8721076025
-9999.0 -9999.0 -9999.0 -9999.0 -9999.0 -9999.0 -9999.0 -9999.0 -9999.0 -9999.0 20.075595661 208.048900742 19.6612932501 39.2907163049 57.9817246715 95.1726136958 19.0667006371 38.1067661021 19.4421629762 18.0896371024 16.9354304696 33.1196402581 15.1312882132 17.2090070253 34.5733109172 18.8953306192 4551.61076043 4577.63239592 4615.98343225 49.0742225007 12.6970002242 25.2955142802 483.051977971 459.533758847 176.502527888 13.3029519129 55.7902580575 42.004406995 87.1023949761 26.8889750656 109.404312976 39.6140620164 32.2032213819 13.875565057 13.3977569001 381.648252475 391.868657364 479.600611146 70.4308808128 20.524272222 105.961216587 125.788546383 225.628054829 22.8430467633 10.9576650829
-9999.0 -9999.0 -9999.0 -9999.0 -9999.0 -9999.0 -9999.0 -9999.0 -9999.0 -9999.0 -9999.0 11.7901699081 234.344629817 18.794950126 36.9854911287 167.457443624 17.5913352867 17.4177820093 16.0121608423 35.0345143718 16.8786826139 66.6278161927 96.0054725223 108.924860506 47.0040619206 57.6591955651 11.8488433426 17.033909624 15.2644293848 4690.78117062 4727.11266315 494.498965114 482.98136415 471.299906317 24.0062004461 11.6885372429 68.4320578519 181.080848134 100.051658545 39.7645494128 161.932634559 85.6430646939 73.3127286704 27.9292620765 11.5941019911 9.97456211216 10.6301407794 530.369558133 635.024256646 10.7304653248 9.73918648067 10.590083185 236.27768899 269.662307733 20.8516701791
-9999.0 -9999.0 -9999.0 -9999.0 -9999.0 -9999.0 -9999.0 -9999.0 -9999.0 -9999.0 -9999.0 11.1030685156 261.247383235 319.214850562 18.2356878826 203.573993083 16.1480202949 16.1630183891 32.5765479749 84.4730183343 16.5259110536 17.339107474 14.7891389039 137.321922967 151.263395008 223.449981772 248.676067115 264.36848644 277.138791093 293.813960497 5033.70656641 5554.32842195 6059.45365767 6067.16349711 10.9609396293 11.6548506905 206.392177376 193.850077768 12.7084126534 12.6889216345 174.771930537 273.323593311 11.9450287395 167.891820214 155.322545909 53.3771220668 25.0138583439 40.1608971823 12.9114178043 656.102253199 10.8241323535 31.3153606018 40.1585853377 345.69270015 379.163281125
-9999.0 -9999.0 -9999.0 -9999.0 -9999.0 -9999.0 -9999.0 -9999.0 -9999.0 -9999.0 -9999.0 20.9131540297 40.0758321838 337.92772535 371.867447757 17.0536744504 231.504956171 14.5529306387 45.477652368 99.805961344 31.8440207889 15.2577678935 30.7972741678 12.0955945942 24.5031990379 12.7723160409 12.428202488 12.5267133866 12.7359591127 12.9830281334 13.6146886403 15.5308676759 15.8942160371 15.3775858356 6102.90918012 242.9756301 224.123474747 8.37062113798 36.9798305504 10.9767281938 9.90704420371 285.407599213 491.193721074 181.267546128 129.555347951 30.6292062272 14.2124496839 13.0370953381 23.7991012222 690.443405385 709.009160371 9.74109952391 10.3909431562 12.874288809 13.5001941883
-9999.0 -9999.0 -9999.0 -9999.0 -9999.0 -9999.0 -9999.0 -9999.0 -9999.0 -9999.0 -9999.0 -9999.0 18.1600376893 244.18591193 634.032052366 688.455305042 934.733214409 946.149597198 219.093614938 162.796284855 47.4254768554 15.0557967966 60.3211539149 74.302917273 111.788900328 26.1107851843 24.897722628 25.2031741243 50.2533001695 25.1070533895 25.680318575 12.4788449164 13.6778770409 12.8489660499 6114.9824196 6365.80264178 6374.54893541 8.19031079247 100.813346987 45.877970826 12.7834908438 531.349747372 28.2419843015 14.5305611523 62.1688735509 14.7684921537 13.3514493235 24.681297571 33.9025853526 43.7506287901 724.834682537 7.51701735327 6.69222366634 6.99967005144 6.81554474173
-9999.0 -9999.0 -9999.0 -9999.0 -9999.0 -9999.0 -9999.0 -9999.0 -9999.0 -9999.0 -9999.0 19.7520569311 186.05009423 225.777461325 37.4197307696 12.8751577263 28.8388796605 990.89656317 1002.88087617 1233.41488171 13.7965241074 28.7140614793 12.8395249615 13.0606672471 124.532106529 163.35188295 199.950687672 11.6051948967 61.8124111784 98.2458295368 60.4443310237 23.7240547772 24.7458799864 24.8385509682 23.2037268153 10.5718891331 6381.57161015 6386.66726048 6499.78607959 22.464823068 11.7751239165 539.394667994 29.2576201079 15.0556930926 16.3010364823 16.1596422375 14.6436399191 29.2077147774 80.3018828132 135.079853578 868.166582248 5.79252550269 17.5673749429 12.2658383907 11.6725635205
-9999.0 -9999.0 -9999.0 -9999.0 -9999.0 -9999.0 -9999.0 -9999.0 -9999.0 -9999.0 -9999.0 20.2797476991 128.658239091 20.3435359793 18.143967828 94.6321474306 111.331306192 127.899044694 143.130779959 1673.84872035 1687.89758824 1715.05255008 1921.96369187 1963.8512965 1989.59404017 2002.57609187 2240.01700756 2276.47144391 2288.39733019 2399.60407777 2472.44668498 2483.54281374 2531.84909847 35.698351646 34.9511226246 10.4784464498 8.13270615116 6393.50890742 6537.35274687 32.2762968901 613.021876515 602.955246742 56.0453292984 13.6304788268 14.1085004824 13.7222035135 13.6440354748 27.4507352866 40.2116748922 12.692578513 875.495144454 883.264024775 919.85765278 926.339056862 944.135161656
-9999.0 -9999.0 -9999.0 -9999.0 -9999.0 -9999.0 -9999.0 -9999.0 -9999.0 -9999.0 -9999.0 66.0067916819 87.230241803 40.5394310235 59.8910032518 19.1207783915 214.909417345 232.005081684 265.848549878 282.202443306 113.031259904 1852.37027482 1867.38651678 15.5448188611 12.8476894639 13.5013727277 27.0293926854 13.9037450282 13.1740298838 12.7421431422 12.205055916 2496.51711975 2544.54688146 2590.36009655 2634.37324803 2665.83438016 14.5203103401 4.46056035905 7172.93474102 630.39931056 623.584345484 11.9634092935 11.2138285946 10.4234231386 25.2734550812 24.8507079956 11.9240433655 11.9648529802 11.2900001121 23.7714017404 31.6957619843 5.55369656741 10.5362186815 4.9069493809 5.66752720848
-9999.0 -9999.0 -9999.0 -9999.0 -9999.0 -9999.0 -9999.0 -9999.0 -9999.0 -9999.0 -9999.0 -9999.0 44.6363851488 20.8171108364 19.2732618014 180.757286043 198.282494186 17.6209836482 67.2628581923 83.5556206802 99.0912355914 16.5901101491 13.9905083789 288.571041578 300.119956724 311.797890462 792.295108067 803.301112895 827.306324569 917.668266051 985.61071003 997.071986365 12.2672857032 12.6657283222 10.792440024 2674.52425375 4.68893482226 7275.26715762 7268.80619318 90.1869723044 81.1488144096 46.24591646 11.805825052 20.468445227 35.6120603584 35.244477498 23.2883855984 11.5410132845 22.7310657692 22.3996627188 41.9591134421 7.98692077383 19.0016926222 31.3222660034 43.353036038
-9999.0 -9999.0 -9999.0 -9999.0 -9999.0 -9999.0 -9999.0 -9999.0 -9999.0 -9999.0 -9999.0 -9999.0 22.8963985378 64.4734793322 84.1582701266 142.715397655 16.8074030805 34.7707008872 51.4989332554 201.035128747 216.519143152 232.584865692 247.145738855 262.644481376 397.979093059 442.211059355 470.444142665 14.3467701362 65.8031435352 80.4710782554 951.959297515 1009.77835284 1036.98400266 1064.33675103 1086.39610326 3765.09691412 3.14410363483 7301.35392556 19.176462704 9.96040113702 69.601967051 57.3123775994 10.5582790872 30.7014225277 45.7531771958 45.2186043129 33.0511334297 54.4754163979 86.4585002287 32.1906068543 83.5910482312 9.18962797388 16.9341251966 4.40970809426 3.39777297793
