data/baseflow/mHMbf_acc523.asc
ncols                  80
nrows                 72
xllcorner      4374000.0
yllcorner      5656000.0
cellsize            500
NODATA_value       -9999
[rows 24 to 47 of 72, columns 0 to 54 of 80]
-9999.0 -9999.0 -9999.0 -9999.0 -9999.0 -9999.0 -9999.0 -9999.0 -9999.0 -9999.0 -9999.0 -9999.0 16.6440009293 44.5694567462 57.4337042874 95.8731120286 10.5563976684 21.5773542948 31.268862085 123.936763296 130.370290343 133.538893442 139.386604588 146.807248942 231.689153515 252.627707655 261.610580692 2.35118523896 20.9025567752 22.7339545244 459.88070334 465.814653908 468.393689738 471.037472546 473.564803096 1935.65726074 3.91640778675 4056.18783406 2.84793793294 0.972563236447 25.5916240392 23.3548710801 2.63276806847 12.8905779724 19.7062649075 19.331988096 12.8825086345 20.9188369275 32.8030075065 12.0299955449 30.0665866759 2.02833654462 2.75946795014 0.246819200213 0.183762517059
-9999.0 -9999.0 -9999.0 -9999.0 -9999.0 -9999.0 -9999.0 -9999.0 -9999.0 -9999.0 -9999.0 -9999.0 15.2303889379 29.9416757726 12.8788024137 25.8392372491 10.3887967499 85.2735298827 104.794512691 114.887103888 8.71555188556 15.8686232566 182.455809949 219.617205603 225.619610619 14.1290424344 13.6573901372 18.0619331598 1.45556991654 1.23686623695 2.25772910912 1.52400055105 308.681048476 310.781510741 312.489142217 1940.12590979 4075.87410234 4057.38558505 1.33197341655 0.66166306388 0.579325776237 3.81080170568 3.33857983662 14.2557106098 22.5143333379 45.7930597825 3.92845642976 3.89025774028 35.5651535393 38.3905419417 73.6627049328 74.9929742405 78.0243398939 78.4879755358 0.407407742766
-9999.0 -9999.0 -9999.0 -9999.0 -9999.0 -9999.0 -9999.0 -9999.0 -9999.0 -9999.0 -9999.0 -9999.0 -9999.0 13.2583138779 26.6256543467 40.3287399021 62.7837385514 12.1652857718 10.3172367575 84.9546828036 93.7623265213 169.440476617 178.27089504 24.0933759112 7.82208220127 6.95471641474 6.32498307765 298.329164751 301.143945912 302.947144279 304.116307645 306.952839497 28.150724047 30.3866473559 345.713029181 6364.18548643 11.8176618014 7.87826416636 2.62321536154 0.844192100518 0.52980663085 4.92851749829 5.26518314267 15.1027337721 0.423692927596 46.5433306148 5.56602839705 5.37749550816 0.433977076872 0.254318421235 0.218071978817 0.505351444116 0.220374532521 78.7172704362 971.596243021
-9999.0 -9999.0 -9999.0 -9999.0 -9999.0 -9999.0 -9999.0 -9999.0 -9999.0 -9999.0 -9999.0 -9999.0 -9999.0 -9999.0 12.7050221363 27.3527336335 40.5958399057 53.9706151949 64.3910888873 75.2723415276 30.6469528043 50.5937195545 8.5713441971 8.055824954 263.359812437 278.88776491 285.883303279 293.333281717 4.66336953427 7.69176930668 21.3000011155 23.3829841772 25.468150526 2.85633410609 2.45944990887 6374.2970356 3.94470328213 3.93774029532 2.26695869288 4.93051551254 2.06760015836 1.55708374372 21.34512369 22.6576031434 0.629669969874 47.3881159964 53.3109291063 5.83736539723 990.866789096 990.128894299 989.55337716 987.81815081 986.794319993 975.294283072 974.034669296
-9999.0 -9999.0 -9999.0 -9999.0 -9999.0 -9999.0 -9999.0 -9999.0 -9999.0 -9999.0 -9999.0 -9999.0 -9999.0 -9999.0 4.38124788767 9.44442902819 13.7142970032 140.566736552 151.303738821 11.0511383255 10.3781746693 10.0377104716 229.560970092 247.868303851 8.55625935173 8.7020205348 6.37657074058 26.6470715496 33.033868482 14.2608091111 17.5394077869 164.163587066 167.891318949 176.486167265 268.625374573 6645.94291598 4.40323903896 1.74743799583 8.47527230266 6.71241559474 1.06527101408 3.81284524748 4.93891726207 23.8890764104 24.9086895455 79.908891342 53.6396106826 6.32950212337 1009.89786667 8.10408731856 988.974838363 988.441479135 10.6977322106 0.756929629761 0.792094029605
-9999.0 -9999.0 -9999.0 -9999.0 -9999.0 -9999.0 -9999.0 -9999.0 -9999.0 -9999.0 -9999.0 -9999.0 -9999.0 -9999.0 21.6641048584 35.7654287574 71.7843120813 127.480695979 164.522850024 191.000513975 201.184872423 211.645550275 221.303478752 8.80223958449 7.67614302738 14.7926081942 13.3156055073 7.0136862148 145.332525435 151.502052224 157.083890045 162.254482058 80.1873334694 82.5785661978 88.6304576481 6648.63796429 7.78573033954 6.60751963994 16.3621685776 1.68766846215 2.84568379239 1.65243302709 1.0276914543 6.21785309355 0.764881063735 0.807954913963 1094.91642102 1014.37258591 1013.4928719 3.8728368208 7.48845722567 4.45804858669 0.716270492584 8.6320137436 1.64755261717
-9999.0 -9999.0 -9999.0 -9999.0 -9999.0 -9999.0 -9999.0 -9999.0 -9999.0 -9999.0 -9999.0 -9999.0 -9999.0 -9999.0 15.1428336879 14.5552932005 28.7782633804 42.8925634356 13.6074984893 12.7321395781 23.3673226745 33.6838268742 52.0582571194 61.1896861954 69.0558495241 92.1126320856 99.0310192318 106.501869884 6.36466251127 67.6989158179 72.3774438418 75.5873375851 1.65633435352 0.615455995491 1.54875442345 6738.43129881 6740.99287578 6753.85170245 21.3093759629 3.52963156057 5.13948019622 1.26343642578 1.82200205077 7.11916360553 8.56727445582 1.43558771843 1098.89183899 1.44418847245 2.13918922487 2.35923137457 1.85752795628 3.00957659694 1.18176907639 6.62762546865 4.23149942711
-9999.0 -9999.0 -9999.0 -9999.0 -9999.0 -9999.0 -9999.0 -9999.0 -9999.0 -9999.0 -9999.0 -9999.0 -9999.0 -9999.0 -9999.0 13.9810356812 27.2600942084 12.7728948586 26.7261219945 161.445620713 172.13196289 182.015479888 9.20692905436 9.22879490198 17.0040156513 24.937662293 38.2073607882 45.0258960759 49.2425243432 55.2516580456 4.5457678399 3.45707448709 80.6347894724 81.3954762847 83.1832533431 85.4486327971 71.5050621755 6834.60161031 6869.09057427 6870.78777555 6877.39702116 6883.94562405 6886.69710111 0.690805362138 9.24475256707 1099.57008504 1.4883953334 0.768811526146 1.12477113058 1.1778949352 1.91773959215 1.42772246086 0.856412099335 1.47891774118 1.10037608631
-9999.0 -9999.0 -9999.0 -9999.0 -9999.0 -9999.0 -9999.0 -9999.0 -9999.0 -9999.0 -9999.0 -9999.0 -9999.0 -9999.0 -9999.0 -9999.0 40.3851831111 53.2968589431 93.0757641792 121.153925532 14.2615778753 207.901621299 216.933209055 225.41601484 8.21675524631 16.0380189883 6.69898274973 52.817378937 56.3651501577 62.1757493592 67.687412804 78.5330077353 79.6616613358 0.817140230986 62.0726016475 66.7526626089 69.3382186225 78.1202323687 10.7954657061 6.63207195848 3.60140039097 3.11721367407 6890.64323616 6892.1725717 6907.95400635 1100.21085486 4.51753094197 2.50116244167 1.73603409776 0.467848081174 4.98619983545 2.45140570799 0.738544307207 4.09353536204 3.49738774158
-9999.0 -9999.0 -9999.0 -9999.0 -9999.0 -9999.0 -9999.0 -9999.0 -9999.0 -9999.0 -9999.0 -9999.0 -9999.0 -9999.0 -9999.0 -9999.0 13.5980519617 66.7534264281 80.764368989 14.6138355856 10.4651461443 21.2512518422 30.5096910482 264.8152465 8.15365332678 32.815415899 39.8836592827 46.7924241568 3.93900451625 9.11208842984 10.8975656783 50.1397461363 54.3054627621 56.5689154571 2.42187270652 2.08425362269 2.15568777488 3.92945800614 1.5881109588 1.66373140812 2.46872657579 1.89091120897 2.21511231083 5.65361445283 6909.41470788 8012.71797452 6.14251059346 1.88664292269 0.597977322034 15.0506989067 14.0008128936 8.15849747824 7.2562844634 5.27233673934 1.41334738937
-9999.0 -9999.0 -9999.0 -9999.0 -9999.0 -9999.0 -9999.0 -9999.0 -9999.0 -9999.0 -9999.0 -9999.0 -9999.0 -9999.0 -9999.0 11.968207543 37.6028478168 12.1284998199 13.7689851589 12.2785782648 23.1940922541 33.6808431246 43.847115823 319.464859585 327.12772982 7.94635729501 14.9284941943 22.0162796132 26.5307881915 30.8123272841 42.9855000097 47.8993227376 1.26938806137 1.95583685702 1.77111523972 1.31702696543 2.49098210592 2.57569965683 2.66025233656 3.08044666509 9.15211243219 3.63522302708 1.3877903472 1.34298201307 1.0422817577 1.87644049609 8064.04629587 43.8629722475 19.7377170045 2.57017787588 1.23405610792 0.704322937241 2.12678831486 1.34147152011 0.627024135162
-9999.0 -9999.0 -9999.0 -9999.0 -9999.0 -9999.0 -9999.0 -9999.0 -9999.0 -9999.0 -9999.0 -9999.0 -9999.0 -9999.0 12.6094732161 24.3373178679 85.4660514501 11.2668437204 27.0402760331 38.7433390688 49.1503947916 11.0650678149 20.0707662701 31.1688383757 368.04018568 7.36896747654 13.7782559287 20.364911748 5.64683324616 10.9699243678 12.0871186721 16.036893348 574.333116818 578.714829112 583.762645425 604.214976798 609.727864054 623.035327132 5.76913350751 12.1508111681 11.823671612 666.90402799 669.221571134 1.19063195981 1.83892970189 2.46448507458 8065.19076974 40.8944189906 17.5551457479 15.8891397896 14.3844645896 13.1365965717 2.81671440388 0.754949464099 1.19806381496
-9999.0 -9999.0 -9999.0 -9999.0 -9999.0 -9999.0 -9999.0 -9999.0 -9999.0 -9999.0 -9999.0 -9999.0 -9999.0 -9999.0 12.8993269712 39.1158460864 137.45005051 203.298911523 9.8733463222 262.980665335 323.270243844 9.99117232452 18.7850041081 29.3480052042 451.387845761 459.770305527 5.44221748568 31.3720125045 36.1204281091 39.9166377416 546.789224026 552.163410351 556.824313022 2.44941782231 13.8756067328 16.8028753833 6.21748525318 8.86917997388 634.764902572 650.492286435 652.410439984 654.16796267 670.971741611 0.838600149161 0.732625776903 3.81184324694 8066.60579742 1.90218372921 0.0618455392734 0.17644512099 0.0749368361635 11.3173222273 10.8175758179 6.55909898434 4.42673910699
-9999.0 -9999.0 -9999.0 -9999.0 -9999.0 -9999.0 -9999.0 -9999.0 -9999.0 -9999.0 -9999.0 -9999.0 -9999.0 -9999.0 -9999.0 -9999.0 27.2559342264 54.5303533181 239.612953517 252.529022812 334.484830691 345.878244179 9.65034709175 19.3116678494 44.8060328687 468.594424559 480.863748149 485.322068422 3.40687907044 499.956282308 505.133253165 3.60791013649 2.42234292845 4.47614439924 8.66879648219 2.10603346715 4.07425618891 8.22558744247 10.2438500891 2.02124408576 1.22471276676 2.3643298974 680.663839919 684.487069637 685.107850895 690.912237356 8067.80708494 1.33900079501 0.0284546590225 0.0369536839045 0.0341557642814 0.0363010850595 0.0262708327004 0.0456140542736 0.75427221562
-9999.0 -9999.0 -9999.0 -9999.0 -9999.0 -9999.0 -9999.0 -9999.0 -9999.0 -9999.0 -9999.0 -9999.0 -9999.0 -9999.0 -9999.0 -9999.0 14.1768228323 13.7686152576 13.2303918919 25.2892889341 10.7969296223 367.527967641 377.693683811 9.16456150278 17.3092536367 7.64799306547 5.77727630121 5.51850528635 493.699833777 1.46531401904 2.9572085439 2.32366226748 2.42334159574 2.09826066227 1.4991547635 1.58313981707 4.86188023998 6.73503574659 1.20447747535 1.01417373577 2.26518220704 3.91637572364 5.25586174473 1.9137562166 686.314468646 691.576061174 8068.73379641 2.90154311897 0.101138236408 0.0123496737726 0.0421874450175 0.00842449618976 0.0053370266363 0.0519487765651 3.6261195736
-9999.0 -9999.0 -9999.0 -9999.0 -9999.0 -9999.0 -9999.0 -9999.0 -9999.0 -9999.0 -9999.0 -9999.0 -9999.0 -9999.0 -9999.0 -9999.0 -9999.0 -9999.0 13.5889441068 37.3696030677 47.5134470487 58.0847056707 388.100749665 398.727886013 408.556664661 418.001554061 423.302152361 434.419324257 435.988698921 437.220621721 438.629559916 2.04675763611 1.85421495062 2.00182248214 6.79076047592 1.83679749697 1.70862516992 1.24073435547 3.58515653592 1.4592148428 1.06974071282 0.974040762752 0.809995948072 1.61586235058 2.3557729052 696.444877209 8769.01999773 1.37058129772 2.31241588086 0.00767766755735 0.0531967419185 0.0238796036849 0.0107657387851 6.61988444869 6.08597227415
-9999.0 -9999.0 -9999.0 -9999.0 -9999.0 -9999.0 -9999.0 -9999.0 -9999.0 -9999.0 -9999.0 -9999.0 -9999.0 -9999.0 -9999.0 -9999.0 -9999.0 -9999.0 -9999.0 10.7994176327 88.721206092 170.599270226 181.127261384 12.9536764489 22.055142387 30.1612662416 36.0081328871 77.8126512138 79.889332512 2.03618532923 1.93806370452 443.628574224 447.447663727 449.047499088 7.91778889119 0.968725405688 2.65453819766 3.85099629197 11.70215482 14.384400906 16.398361642 1.8079863247 2.50649046571 0.861006388581 1.73981417759 0.917551384562 8770.86648743 1.00901361959 4.442219397 0.880795122928 1.30449916714 8.28836817245 8.86833949661 16.1457865936 5.3149782124
-9999.0 -9999.0 -9999.0 -9999.0 -9999.0 -9999.0 -9999.0 -9999.0 -9999.0 -9999.0 -9999.0 -9999.0 -9999.0 -9999.0 -9999.0 -9999.0 -9999.0 -9999.0 12.442459799 40.0959160671 78.1211270832 101.638392698 253.517442211 265.372656323 17.1528959222 25.3488964108 31.6000840163 37.2038153165 81.5190818719 85.4771601509 140.061911368 144.049014802 146.730442046 450.628931306 462.281886104 2.5076358334 1.82338451347 1.69109346924 3.19468792693 1.41279902561 19.1325072462 20.07403331 3.34157985254 4.63699052226 1.74977995599 2093.28441331 2095.58672402 10867.8491105 10874.0113752 1.31588594365 4.07826698427 3.76070223323 2.74820454274 20.1219923531 26.1942285526
-9999.0 -9999.0 -9999.0 -9999.0 -9999.0 -9999.0 -9999.0 -9999.0 -9999.0 -9999.0 -9999.0 -9999.0 -9999.0 -9999.0 -9999.0 -9999.0 -9999.0 -9999.0 -9999.0 14.4951056418 14.0649681099 26.1940444043 61.623368568 276.587560438 8.85456539945 8.72009055522 14.9485283883 21.21070205 46.7924798078 49.0823318825 1.5771759174 2.54615608938 149.14824756 150.795640699 615.016036927 616.863798794 0.773917492312 0.659839392242 0.539503458443 0.5456129515 0.662902169374 2072.61135871 2078.92193231 2084.66714756 2087.68857297 2091.93249432 1.11518925168 4.05470943514 4.81947886239 10880.997128 10881.8814173 10882.6700975 10883.8602659 10885.2732261 27.942422295
-9999.0 -9999.0 -9999.0 -9999.0 -9999.0 -9999.0 -9999.0 -9999.0 -9999.0 -9999.0 -9999.0 -9999.0 -9999.0 -9999.0 -9999.0 -9999.0 -9999.0 -9999.0 -9999.0 -9999.0 12.5853501984 13.3365259952 24.4323842637 323.949356511 334.282413044 8.4735059317 14.6752234173 21.1110912435 23.8562480869 2.06003207618 4.79382939025 629.215959382 630.923292377 633.204647164 647.992511027 1266.62100813 2034.50102486 2036.59758751 2038.47180694 2040.24777989 2048.69921635 2051.57914669 5.43533606671 2.34261612147 1.5151655777 2.80547764697 2.0206576853 3.23637900453 1.00626138487 23.2196593655 29.0490084133 33.6372457636 33.9590012968 10885.8938397 10915.3451864
-9999.0 -9999.0 -9999.0 -9999.0 -9999.0 -9999.0 -9999.0 -9999.0 -9999.0 -9999.0 -9999.0 -9999.0 -9999.0 -9999.0 -9999.0 -9999.0 -9999.0 -9999.0 -9999.0 -9999.0 -9999.0 12.8245825432 24.4375098488 36.1559567209 343.68605322 8.61481674488 455.319206066 461.922663239 463.891438824 466.811103546 617.924118158 621.401730765 1.9072872991 10.6594761969 13.100357189 2.00619563632 765.863390163 762.300740038 0.968620413133 2.38002284687 6.80541389764 1.58169042911 1.78413110985 1.20074704054 1.03117549369 0.768336989564 0.955558970741 20.0095870585 21.0392774991 22.3346029889 5.02438840561 3.88411603085 35.6781575837 36.2563764638 36.49457678
-9999.0 -9999.0 -9999.0 -9999.0 -9999.0 -9999.0 -9999.0 -9999.0 -9999.0 -9999.0 -9999.0 -9999.0 -9999.0 -9999.0 -9999.0 -9999.0 -9999.0 -9999.0 -9999.0 -9999.0 -9999.0 11.4529148808 10.6399110042 55.5105924737 420.8263304 440.237311166 449.31259051 6.29620205668 145.926722965 147.547768461 148.47726867 2.98438027672 5.27849659138 7.18500322966 175.775663676 177.209667594 178.395241405 760.166402866 491.042779728 1.36729215252 1.52447704496 1.42858933979 1.11208892862 12.1031463425 14.5156770694 16.5870188751 17.8006653926 18.9586797892 146.756002312 147.612688841 149.123759263 152.089197441 163.761473041 164.104196781 200.946767132
-9999.0 -9999.0 -9999.0 -9999.0 -9999.0 -9999.0 -9999.0 -9999.0 -9999.0 -9999.0 -9999.0 -9999.0 -9999.0 -9999.0 -9999.0 -9999.0 -9999.0 -9999.0 -9999.0 -9999.0 -9999.0 -9999.0 22.3085970325 34.2271796129 11.2622528462 8.52112435303 126.746867128 133.245138517 136.886548458 38.076086434 39.1815602695 40.7310325182 42.769022612 172.418386568 174.62075128 86.4024004575 266.454753355 267.95469447 490.029981895 3.06975918449 1.59503019557 1.02434178831 8.41483791247 9.92985821226 0.861562405101 0.791445429465 142.690848915 144.868844921 145.991498573 1.20158241834 1.99628291877 161.749404136 0.893777299218 2.88148370744 3.14135750137
-9999.0 -9999.0 -9999.0 -9999.0 -9999.0 -9999.0 -9999.0 -9999.0 -9999.0 -9999.0 -9999.0 -9999.0 -9999.0 -9999.0 -9999.0 -9999.0 -9999.0 -9999.0 -9999.0 -9999.0 -9999.0 -9999.0 11.1878189672 22.08095097 90.983384893 102.46974187 111.340455965 32.3525057682 36.8679595129 1.40151875524 125.187704982 126.326827074 127.591230317 1.81468910011 82.4049877728 84.7191089597 1.57782242396 482.041407697 3.4947125349 1.72705248785 4.63607935462 6.23819461489 1.18606289541 0.925196229738 131.286007932 140.679457518 142.038823507 1.34052583872 2.87262016974 3.56814313724 4.44541959339 8.5620388568 1.04516782363 2.3986733746 0.433556665779
