data/baseflow/mHMbf_acc307.asc
ncols                  80
nrows                 72
xllcorner      4374000.0
yllcorner      5656000.0
cellsize            500
NODATA_value       -9999
[rows 25 to 49 of 72, columns 0 to 54 of 80]
-9999.0 -9999.0 -9999.0 -9999.0 -9999.0 -9999.0 -9999.0 -9999.0 -9999.0 -9999.0 -9999.0 -9999.0 28.1654526881 55.6393584655 25.8594654943 52.2753279815 23.3576204825 176.690943133 221.386477125 244.318382044 20.9860442569 40.1560061129 391.826232445 484.16841793 499.274564083 35.6600519639 32.2785793243 46.2501130734 8.78264215948 7.88550572342 14.701663509 6.85823560942 567.353561758 574.714766043 581.268529777 4482.6104922 9428.16741164 9377.9988091 11.0050332749 4.92931723174 4.36609163078 17.1110266489 13.202730606 39.8235093754 59.3359795225 119.693613685 9.55717693469 9.4603976655 94.1639287553 102.388470744 195.536924443 200.943499609 212.14369333 216.052422474 3.35871994574
-9999.0 -9999.0 -9999.0 -9999.0 -9999.0 -9999.0 -9999.0 -9999.0 -9999.0 -9999.0 -9999.0 -9999.0 -9999.0 26.3248080079 52.7686886881 79.3264900154 128.163883284 25.321911771 23.0918742536 157.134165458 178.28468479 355.456930443 376.958332316 59.9112743835 19.8310085155 17.7364571067 15.5928821542 519.024321842 529.493943806 538.968321081 546.41709764 560.546378432 89.204360532 96.5282657502 683.985526465 14599.1010649 40.9816516307 33.9594176076 16.8864282483 4.28559729975 3.47838925381 25.6536719499 28.4165659994 46.3998203963 3.15444165573 123.661088284 14.8879117562 14.4429752101 2.60092598044 1.82327908072 1.67959851772 2.02242032888 1.78097165935 218.187861485 2977.91825806
-9999.0 -9999.0 -9999.0 -9999.0 -9999.0 -9999.0 -9999.0 -9999.0 -9999.0 -9999.0 -9999.0 -9999.0 -9999.0 -9999.0 26.1686971876 48.3769621038 68.1855835 88.0796664186 111.155195304 134.927505429 68.9086875223 115.02739405 21.073576522 20.3187025854 430.069234653 468.966962537 486.539423193 505.25552427 13.1993219712 23.5218397589 62.3046775297 72.9157384214 81.6717194301 9.04129971863 6.78632239766 14619.2579732 7.01826397026 10.3178332211 4.96168632237 16.3067910959 7.63950538208 4.27228970608 79.1968913564 82.9621819592 2.55138613135 126.673186965 143.613983608 16.5785732846 3073.03736159 3068.51379314 3064.42462963 3055.28120539 3051.35787358 2988.46163171 2985.87795689
-9999.0 -9999.0 -9999.0 -9999.0 -9999.0 -9999.0 -9999.0 -9999.0 -9999.0 -9999.0 -9999.0 -9999.0 -9999.0 -9999.0 4.71593937691 10.863943748 19.5096286052 168.065842679 191.797247773 24.1254129986 23.2428401642 23.1331234954 346.617656333 391.140589696 21.5145806049 21.694176283 16.519787461 68.0330609293 84.0793924536 40.2525893897 51.2037847759 401.340795939 412.216670919 434.084919424 677.438059456 15301.9958143 6.75723379111 3.90959972059 24.2739605911 20.2438710421 3.48383798819 11.5918030533 15.1326767125 87.0162308112 90.2625698128 240.683867934 145.248711198 18.1032528409 3133.90497094 28.2608020598 3060.56610382 3058.10264147 59.296602527 3.74317198582 4.76633871397
-9999.0 -9999.0 -9999.0 -9999.0 -9999.0 -9999.0 -9999.0 -9999.0 -9999.0 -9999.0 -9999.0 -9999.0 -9999.0 -9999.0 24.1266607112 39.34389176 83.482686589 144.994974027 209.415955731 256.905552798 279.886063851 303.388808235 326.079938093 21.800712885 19.6071143419 38.2486001186 34.4176995193 17.6734397665 352.791808983 368.195570089 382.043363904 395.418151184 212.853565384 222.675437547 234.962171278 15306.7205968 12.2136764536 11.6767113137 39.0982513895 3.56936691975 7.35702392966 3.95481002762 3.17823287608 18.4639167982 2.45480378353 2.66560194071 3390.89278354 3148.19877691 3145.36567458 12.5284609918 26.4090571082 16.7426930026 3.73773358563 52.3454765865 14.0824536395
-9999.0 -9999.0 -9999.0 -9999.0 -9999.0 -9999.0 -9999.0 -9999.0 -9999.0 -9999.0 -9999.0 -9999.0 -9999.0 -9999.0 16.893967936 15.3768835391 29.9646676156 46.3064983252 24.6791325065 26.3235381023 50.4719431751 74.1281942286 118.46579586 140.591913295 159.853310534 218.192968344 235.561576309 254.475095217 16.1125050589 169.118510474 182.25187866 194.404392068 8.9071354751 4.64382772333 8.48976507126 15544.3368449 15548.7596797 15569.2328722 49.946924772 7.76225826903 10.9126140064 2.95270412884 5.46150800762 20.941526704 25.4195216346 4.68057738076 3403.27941076 4.16782798501 6.89063540904 7.73533688535 5.64980596636 10.0896995069 4.01829239167 35.1080153805 26.5980352415
-9999.0 -9999.0 -9999.0 -9999.0 -9999.0 -9999.0 -9999.0 -9999.0 -9999.0 -9999.0 -9999.0 -9999.0 -9999.0 -9999.0 -9999.0 14.2968902024 28.432758842 14.4678574613 30.3717072339 192.273507049 213.458011919 236.121632124 22.284958777 22.2600251906 41.4549121824 61.2852579499 94.7903081642 112.317697352 122.552493795 137.761954787 11.59889866 10.4724197065 209.695957177 215.244782363 219.664053287 224.247479647 180.144955677 15768.5889764 15845.3478551 15848.8215177 15862.5267078 15876.7624612 15885.1259922 2.21236954266 27.4194583735 3405.53912638 5.36010634136 2.77722164251 3.10928260927 2.93744969166 4.9782125302 4.63609632682 2.83151892069 4.70473388131 4.24735027027
-9999.0 -9999.0 -9999.0 -9999.0 -9999.0 -9999.0 -9999.0 -9999.0 -9999.0 -9999.0 -9999.0 -9999.0 -9999.0 -9999.0 -9999.0 -9999.0 42.3867374682 58.3484254407 105.693615051 144.187479045 21.5370807486 283.002606784 305.005228577 325.808303354 20.0254702528 39.1530521148 16.5203928322 129.637333363 138.80686703 153.33654713 166.847843172 197.978821516 203.42065011 3.49197614121 162.456213012 171.541381241 175.940947926 194.666435724 22.3582682912 13.8179501606 8.08707587245 7.51021582297 15894.0005228 15898.1439595 15944.3937629 3407.67380279 14.5497302816 7.46672999602 4.99343164078 1.39446133721 14.7008404954 7.81290471395 2.33770845283 13.3923558959 11.5243598148
-9999.0 -9999.0 -9999.0 -9999.0 -9999.0 -9999.0 -9999.0 -9999.0 -9999.0 -9999.0 -9999.0 -9999.0 -9999.0 -9999.0 -9999.0 -9999.0 15.8426353007 73.9225734737 90.7279699077 22.714110864 23.8440074925 48.1904484466 70.4554092445 417.620581085 19.6810221754 79.4414589369 96.7493415014 113.946392165 9.86991519072 22.9436213434 29.8353822314 132.525064547 145.770238731 149.910534235 4.73788180937 4.45709933324 5.33137099286 9.91627704151 4.13699021654 4.18758731761 5.83356167011 4.57150616197 5.82967348719 16.050364081 15949.1720503 19367.1712275 17.829326585 2.91908705502 1.43136241009 45.9235339709 42.7441345582 25.5194017965 22.9255290259 17.0769233981 4.43804079254
-9999.0 -9999.0 -9999.0 -9999.0 -9999.0 -9999.0 -9999.0 -9999.0 -9999.0 -9999.0 -9999.0 -9999.0 -9999.0 -9999.0 -9999.0 12.6266334427 43.1698080125 14.5950731105 25.5006562603 26.250601977 50.6194629942 74.5780376244 95.4195372784 529.157220768 547.956646779 19.4420320804 36.7534053216 54.3069917181 66.7813477675 80.1598661299 117.963610731 127.747696488 7.81796401661 6.44431618824 4.76445388953 6.64991019976 6.12082683258 7.63614881482 6.03145998818 7.51236085038 20.5144002124 9.58784628691 3.84678590995 3.66943197558 3.49594017351 6.39715515169 19494.6575007 106.654385876 54.0451098106 4.5556663768 1.96077280805 1.5384071111 5.47345899948 3.76428611409 1.90620927132
-9999.0 -9999.0 -9999.0 -9999.0 -9999.0 -9999.0 -9999.0 -9999.0 -9999.0 -9999.0 -9999.0 -9999.0 -9999.0 -9999.0 13.4303917046 25.6584763411 95.4100046617 13.6675413892 46.9832765854 72.5847690945 96.377977901 24.6506761439 46.1083842289 65.4729109133 628.451356728 18.1024011043 34.002743811 50.4686343387 14.3811022094 28.3835535626 35.3885770599 44.2135189636 1160.35401022 1173.96116078 1185.52436551 1244.07566867 1262.67160136 1306.00580294 9.63817447392 21.9811334805 24.8620354803 1424.3145222 1431.33479113 3.30499067928 5.59123402384 7.76167240923 19498.1351439 101.504918037 41.5553361138 39.16505833 34.3693648897 31.5218413714 7.25614649205 1.77714780093 3.25672516711
-9999.0 -9999.0 -9999.0 -9999.0 -9999.0 -9999.0 -9999.0 -9999.0 -9999.0 -9999.0 -9999.0 -9999.0 -9999.0 -9999.0 13.8696555184 41.6612083345 150.720003238 221.086273503 12.059355531 292.466067146 404.722272557 23.2822838897 44.5649896552 64.9272009351 811.410317795 826.915521673 14.4644303158 79.8870127137 93.0720519092 104.576200806 1068.30524882 1094.21866847 1109.88668334 7.49289305193 41.7181169037 49.6556988247 21.5400279796 31.140094629 1347.34029037 1382.2085416 1389.32427022 1395.93375844 1437.99318342 3.20634179133 2.65916054307 12.4906136949 19501.6520985 3.53944530516 0.973973394642 2.83819591467 1.12163182621 28.2665533406 24.4554271668 14.422372176 10.2327435964
-9999.0 -9999.0 -9999.0 -9999.0 -9999.0 -9999.0 -9999.0 -9999.0 -9999.0 -9999.0 -9999.0 -9999.0 -9999.0 -9999.0 -9999.0 -9999.0 28.9782583165 58.0176889424 262.314366753 277.669914044 417.91056171 433.935595056 22.7017393972 45.3939219981 105.096983939 840.582375007 871.576328283 884.031001547 9.90787489677 928.801926714 955.354068657 16.9408883478 7.61053165888 14.4226298907 28.0606220345 6.74610357921 13.3683341731 28.2262970528 35.4381210849 6.74771431082 4.10740647504 8.08650603523 1467.13485508 1475.51462122 1477.72519483 1496.68853358 19504.743317 2.09180252918 0.592074047111 0.733197961633 0.704005993552 0.731995632936 0.591224537464 1.06502298453 1.36480694118
-9999.0 -9999.0 -9999.0 -9999.0 -9999.0 -9999.0 -9999.0 -9999.0 -9999.0 -9999.0 -9999.0 -9999.0 -9999.0 -9999.0 -9999.0 -9999.0 15.1079550328 14.7128507171 14.8078934977 31.2966730812 13.7641937295 461.199599827 475.793979479 20.6534210072 40.9785286804 19.0987230501 15.4881771846 14.9868251285 909.760282127 8.82885694411 17.7788099403 9.24163241077 7.78728841382 6.92326740244 5.13796826397 5.39660931601 16.379517674 22.5337375948 4.04738622467 3.39993443422 7.39557571598 12.5549423952 15.8487654927 4.05185594572 1481.54881547 1498.94386107 19506.9244684 5.8456865585 1.93238304813 0.31452824895 0.921108070517 0.225604458788 0.147873989409 1.23757017913 6.79592127536
-9999.0 -9999.0 -9999.0 -9999.0 -9999.0 -9999.0 -9999.0 -9999.0 -9999.0 -9999.0 -9999.0 -9999.0 -9999.0 -9999.0 -9999.0 -9999.0 -9999.0 -9999.0 14.5106921935 44.548978401 56.3659790578 69.5521634417 488.788799299 502.154595038 516.009042058 532.947694437 547.496464095 577.880007207 586.547081986 594.691127365 601.566182102 6.66013793925 6.07894838101 6.61573919257 22.8840826668 6.13809900057 5.69367176728 4.25711845546 12.1364473924 4.81886759343 3.43159626683 3.11674311301 2.46863617298 4.92277947266 7.01030887725 1513.24542081 21028.4029616 1.7075466188 3.65625484062 0.227902690204 1.18765538699 0.548355160472 0.298440675835 12.8802569052 10.7506467345
-9999.0 -9999.0 -9999.0 -9999.0 -9999.0 -9999.0 -9999.0 -9999.0 -9999.0 -9999.0 -9999.0 -9999.0 -9999.0 -9999.0 -9999.0 -9999.0 -9999.0 -9999.0 -9999.0 11.8768840502 95.9254938878 191.712558363 205.895695901 21.4226557835 42.0827930897 62.4675024453 78.4319008702 188.709312562 196.065549673 7.06828937515 6.83925580487 615.565060119 627.486315016 632.887443685 26.9813946946 3.73213613933 9.6554055454 14.0501389894 41.4041731359 50.4112664906 56.8820165038 5.78596376715 7.80990906167 2.55165463761 4.9727314723 2.5349539867 21033.4133804 1.49695053582 6.45742444123 1.94054119289 4.03073168612 10.8536443248 11.9539557696 25.6675938048 10.2995845962
-9999.0 -9999.0 -9999.0 -9999.0 -9999.0 -9999.0 -9999.0 -9999.0 -9999.0 -9999.0 -9999.0 -9999.0 -9999.0 -9999.0 -9999.0 -9999.0 -9999.0 -9999.0 13.4759448635 43.2476807602 84.3274280902 109.824934678 284.471185462 302.359020607 42.6198815528 63.3448196768 80.380969332 96.3628264548 203.995573109 218.609006012 382.42830647 394.243165122 400.374056263 638.609141803 679.801786667 9.48244337665 6.47168099599 6.11267818355 11.478789753 4.99518779307 66.101853545 69.1319890886 10.1835655546 12.6317521235 2.18356795529 4184.55864149 4189.63891911 25226.7530236 25236.2091264 1.50442952167 7.27015094708 2.10315779217 1.82453841901 29.091578801 40.6178059076
-9999.0 -9999.0 -9999.0 -9999.0 -9999.0 -9999.0 -9999.0 -9999.0 -9999.0 -9999.0 -9999.0 -9999.0 -9999.0 -9999.0 -9999.0 -9999.0 -9999.0 -9999.0 -9999.0 15.57856255 15.0554555345 28.210805445 66.612236019 315.494539116 21.8795804992 21.6326341222 38.4023049505 55.8961680236 133.207746331 143.715295564 7.71657099291 8.07762168145 408.599133239 414.800984731 1099.78455398 1104.22517322 3.12350851306 2.66384339627 2.0789085463 2.10466304616 2.1991819885 4132.94956037 4150.5740737 4165.95696153 4170.7555413 4182.29971198 2.73172159039 9.68559496829 11.6190035752 25252.5963096 25254.2988477 25257.4012371 25259.8696473 25262.5100692 42.249697032
-9999.0 -9999.0 -9999.0 -9999.0 -9999.0 -9999.0 -9999.0 -9999.0 -9999.0 -9999.0 -9999.0 -9999.0 -9999.0 -9999.0 -9999.0 -9999.0 -9999.0 -9999.0 -9999.0 -9999.0 13.6123628729 14.3496677144 26.4217958112 367.164147668 382.24571888 21.2072659628 37.9545342649 55.9437695929 68.3333477924 10.3981872699 19.1567752486 884.825772858 891.299762104 897.338772304 945.091335405 2054.48906571 4003.8199556 4011.69714052 4018.55794534 4025.05166417 4051.91924447 4060.78506842 15.0273377854 6.4887435391 3.97717918329 7.37251733334 4.7268816174 7.71342209633 2.34695385372 57.2463989998 62.89712525 66.8819507668 67.5893634967 25263.9978358 25308.2985629
-9999.0 -9999.0 -9999.0 -9999.0 -9999.0 -9999.0 -9999.0 -9999.0 -9999.0 -9999.0 -9999.0 -9999.0 -9999.0 -9999.0 -9999.0 -9999.0 -9999.0 -9999.0 -9999.0 -9999.0 -9999.0 13.8899488831 26.5177766211 39.2456539651 393.275774589 16.2495836324 543.69486446 562.196581465 572.343403187 582.101114134 847.017073558 857.064768226 7.24549503619 36.1065541965 43.3729388238 6.98106460278 1941.52652791 1929.17708064 3.47406575991 8.21679905302 21.5415260609 4.74221696294 4.78399372036 3.211103375 2.48191218493 1.78817993229 2.12201397468 50.054414875 52.2546573137 55.0687139574 3.94174047516 2.69202491822 69.1516020498 70.2105392043 70.6510495046
-9999.0 -9999.0 -9999.0 -9999.0 -9999.0 -9999.0 -9999.0 -9999.0 -9999.0 -9999.0 -9999.0 -9999.0 -9999.0 -9999.0 -9999.0 -9999.0 -9999.0 -9999.0 -9999.0 -9999.0 -9999.0 12.5149846883 11.6691184765 60.7897459031 480.60293091 510.506434023 527.31019728 17.8478258667 240.386947167 250.700133571 255.608551728 9.39823799485 17.4582137442 24.3941580165 460.909237794 465.975662488 470.189992491 1921.41472818 1169.07738227 4.67802280745 4.5591389336 4.32175567047 3.01232924509 31.5133628391 37.3672748494 42.3309624711 45.0810936045 47.6970327103 382.609448851 384.331576221 386.675207413 391.551153643 409.662784075 410.323835652 481.665967989
-9999.0 -9999.0 -9999.0 -9999.0 -9999.0 -9999.0 -9999.0 -9999.0 -9999.0 -9999.0 -9999.0 -9999.0 -9999.0 -9999.0 -9999.0 -9999.0 -9999.0 -9999.0 -9999.0 -9999.0 -9999.0 -9999.0 24.4243081803 37.4631590318 15.0121143505 21.5805630323 180.475473462 198.697277616 211.129621828 95.4668813029 103.521535272 112.346775015 119.527767223 449.519474423 456.553907987 267.257120848 742.873913448 747.898886323 1165.26948088 8.8804872879 4.34701029739 2.75943367538 21.9197683104 25.6451611561 1.80968601726 1.63515724097 374.428727641 378.828230076 380.993890921 2.31643227043 3.43819694009 407.268735892 1.65851421545 5.13920085498 5.57934279147
-9999.0 -9999.0 -9999.0 -9999.0 -9999.0 -9999.0 -9999.0 -9999.0 -9999.0 -9999.0 -9999.0 -9999.0 -9999.0 -9999.0 -9999.0 -9999.0 -9999.0 -9999.0 -9999.0 -9999.0 -9999.0 -9999.0 12.2540876108 24.2398452849 106.519954349 122.398028725 140.732382412 73.0194207533 86.79022795 9.34532119138 307.64294425 315.600256609 323.03081193 7.20408171645 254.337341543 261.656874481 5.08081399569 1141.28545106 10.5245719701 5.16646284001 12.0032683276 16.3687879576 2.88086681906 2.17170613547 351.537864818 370.431322743 373.190092525 2.76186506713 5.1371066268 6.38941972142 7.32938306564 14.342675779 1.80391654841 4.24979756714 0.7974758641
-9999.0 -9999.0 -9999.0 -9999.0 -9999.0 -9999.0 -9999.0 -9999.0 -9999.0 -9999.0 -9999.0 -9999.0 -9999.0 -9999.0 -9999.0 -9999.0 -9999.0 -9999.0 -9999.0 -9999.0 -9999.0 -9999.0 12.0476186958 38.6289194531 69.5229364832 18.5077887078 38.0986335912 56.6970576223 270.568579952 282.213876967 290.546675212 7.42475417371 212.275984297 234.511693051 241.398633529 4.66933421915 1119.91497531 1131.34708959 5.1259475321 4.574768367 8.84706060137 3.29036010742 336.894824597 342.496051323 345.764136528 12.3305561756 14.9571900751 2.16991781143 3.73847314258 1.58658681421 10.9524723084 1.66318383946 1.07887061826 1.1473942523 1.22196658749
-9999.0 -9999.0 -9999.0 -9999.0 -9999.0 -9999.0 -9999.0 -9999.0 -9999.0 -9999.0 -9999.0 -9999.0 -9999.0 -9999.0 -9999.0 -9999.0 -9999.0 -9999.0 -9999.0 -9999.0 -9999.0 -9999.0 -9999.0 13.8691485947 16.3027958879 21.1717986778 185.224187243 203.111121666 255.185676097 12.8460127279 179.709982709 198.670735134 7.63195749633 15.8330452152 5.50624627058 1104.56808778 6.04956587972 15.4129625458 18.9501845235 22.2524510431 316.850477829 327.757392677 331.536839411 3.80941584031 6.81315778642 9.41686716859 1.30544994735 1.13699307617 888.107486298 889.294077735 890.232528003 900.795155892 902.07313863 903.702315886 904.621523147
