data/baseflow/mHMbf_acc487.asc
ncols                  80
nrows                 72
xllcorner      4374000.0
yllcorner      5656000.0
cellsize            500
NODATA_value       -9999
[rows 25 to 49 of 72, columns 0 to 54 of 80]
-9999.0 -9999.0 -9999.0 -9999.0 -9999.0 -9999.0 -9999.0 -9999.0 -9999.0 -9999.0 -9999.0 -9999.0 19.4540575727 38.5044708836 17.8865825205 36.0066911492 16.868532082 124.437268491 157.820616299 174.817301882 16.1561758811 29.5399023953 303.041422394 374.233871888 386.791968475 31.5926406062 29.7631495773 39.6923333773 4.16079529024 3.9169925415 7.6023751895 5.41744104202 507.399946563 514.142105809 522.459373677 3445.15440123 7804.6068654 7747.45202754 7.90826538662 3.2862761753 3.01489286902 14.1836156373 11.2746233006 40.8844719561 59.9682220976 122.597509146 11.3914592873 11.3614771512 103.335700638 112.163904305 222.146454081 228.815541375 240.458540103 245.194643207 4.50774050375
-9999.0 -9999.0 -9999.0 -9999.0 -9999.0 -9999.0 -9999.0 -9999.0 -9999.0 -9999.0 -9999.0 -9999.0 -9999.0 18.4568353652 36.7513385381 55.034182464 89.6716017162 18.1609616239 17.0875369748 132.51284643 148.510863631 278.722571296 294.314978675 44.375172113 16.3497364314 15.9265454144 14.9873902944 474.429880359 482.610489448 487.658608951 491.525570316 501.449821331 74.6877339709 84.601272043 617.016512938 11872.4131508 43.3485936756 34.9224973458 13.5666104963 4.09671030924 3.01771229322 20.3171925755 22.9851525446 46.5118708319 2.74312229725 126.324767047 17.3336910318 16.8705276298 2.77541883929 2.25455050773 2.26255897293 4.12537336268 2.37788419342 247.528083487 3229.96693349
-9999.0 -9999.0 -9999.0 -9999.0 -9999.0 -9999.0 -9999.0 -9999.0 -9999.0 -9999.0 -9999.0 -9999.0 -9999.0 -9999.0 18.0830030854 39.4401323782 60.0125911908 81.3470523044 98.4365767417 115.863822394 51.2850999039 84.5755710045 15.6671266406 15.4233903919 398.975269037 429.762523234 444.740391902 461.057403649 12.56876587 21.6766661122 56.0812661972 61.3630773444 67.1015729403 10.4452178852 12.4074900186 11903.0356732 9.38100030166 13.8801703416 6.59934509913 17.2810083055 7.98673991657 5.67200125245 74.6648815966 81.6918100999 4.49178239197 131.718611527 151.423142129 18.9417420687 3358.98266116 3353.70147491 3348.73515563 3334.97297992 3326.64183052 3242.90804067 3237.98778858
-9999.0 -9999.0 -9999.0 -9999.0 -9999.0 -9999.0 -9999.0 -9999.0 -9999.0 -9999.0 -9999.0 -9999.0 -9999.0 -9999.0 5.46847637674 12.455949269 20.7445749685 192.392395927 209.985489114 17.636891545 17.2291990384 16.6952591064 336.512864224 368.35930131 15.5972449715 15.9785460728 14.2857684671 57.7319485919 71.9988080294 36.7091791426 44.7963445164 321.514313669 331.07794571 354.482677966 562.78437563 12472.4658302 9.9358551927 6.18950053485 27.0054081219 21.9812785596 5.18768003825 16.4359544696 21.9813988379 87.9681516823 93.9610913279 257.698925089 154.294957083 20.7346580675 3450.61597982 50.6136656062 3343.37938021 3339.34186117 76.648729535 5.37383851195 4.11284235897
-9999.0 -9999.0 -9999.0 -9999.0 -9999.0 -9999.0 -9999.0 -9999.0 -9999.0 -9999.0 -9999.0 -9999.0 -9999.0 -9999.0 28.7676708993 46.8968713452 97.1222019089 171.582260614 230.380856233 270.469483684 287.438416121 304.526045207 321.018222983 15.7673197673 15.3661701429 30.2039290017 28.9491182989 14.68696845 277.235019324 291.278120382 304.759609855 317.277726973 171.741497608 178.654228564 193.647210493 12478.1395108 17.0702598176 16.754132731 46.5198348257 4.16388429243 12.8126640593 7.06231255013 5.19697231428 28.0864685568 5.08640620408 5.32538693052 3735.928942 3473.52148403 3467.91468661 18.1204675141 47.2464265182 29.6315581117 6.29132951765 64.0021830669 17.0337369692
-9999.0 -9999.0 -9999.0 -9999.0 -9999.0 -9999.0 -9999.0 -9999.0 -9999.0 -9999.0 -9999.0 -9999.0 -9999.0 -9999.0 20.0284935807 18.707052346 36.5368160188 55.767923543 19.5942587229 17.8391036515 34.7948825011 51.8039826447 83.9902217992 100.009014534 115.630912393 161.753561823 176.563181231 191.627273612 14.0592222378 139.811731463 151.253383895 159.055435642 4.60749943568 1.81348813795 4.04973174962 12665.8787345 12671.3471004 12699.3136539 58.099231915 8.34976043899 19.3279454517 5.63041444615 9.67393036386 32.9609447718 42.4168931066 9.97462823093 3760.99480035 8.61462154962 10.4207795778 10.9179780374 10.3217488975 16.9856057788 7.68300475793 42.7817979024 30.2125996833
-9999.0 -9999.0 -9999.0 -9999.0 -9999.0 -9999.0 -9999.0 -9999.0 -9999.0 -9999.0 -9999.0 -9999.0 -9999.0 -9999.0 -9999.0 17.6915312853 35.165742587 17.6177578494 35.9486033139 223.64282476 241.977681893 259.01169736 16.1104264439 16.1527598063 31.7255598655 47.2562438419 76.3080107631 90.8220703708 98.5192223547 111.822341197 11.5672138583 9.05379056555 167.578245045 169.427586726 173.24800673 177.923283411 152.009790304 12870.9491332 12958.9250357 12962.8107159 12985.6387404 13005.3532529 13022.1380422 5.59312141098 47.1733570509 3766.89957818 14.1989561889 7.23127697047 8.50504542621 7.5551747429 12.8960287684 10.19666753 5.66788580694 6.97351662661 5.94764022919
-9999.0 -9999.0 -9999.0 -9999.0 -9999.0 -9999.0 -9999.0 -9999.0 -9999.0 -9999.0 -9999.0 -9999.0 -9999.0 -9999.0 -9999.0 -9999.0 52.2350833966 71.0711617414 127.182823008 167.979151527 21.6219016588 298.190019599 314.172831694 330.194744369 15.9483486927 31.5068886812 14.6785553442 106.067761658 113.226726522 124.673061285 136.037997799 162.528579387 164.463177374 1.58873428281 132.584923778 142.161475799 147.430197557 166.075318164 24.6720168016 15.8768772999 9.49079912602 8.99045874935 13037.5011265 13046.9413453 13129.1867391 3773.4706592 39.0630101305 18.8668177567 13.1683439116 3.93811199146 33.8621296298 16.215278093 5.29717280961 27.0459175146 22.3032911094
-9999.0 -9999.0 -9999.0 -9999.0 -9999.0 -9999.0 -9999.0 -9999.0 -9999.0 -9999.0 -9999.0 -9999.0 -9999.0 -9999.0 -9999.0 -9999.0 19.2458611452 89.7362927888 109.371195461 22.2937383198 17.0661420344 33.9156682506 49.778564477 396.03564977 15.8107110476 63.44354814 78.3883597334 93.0263400675 7.53752327865 18.2573237033 22.8181092901 107.748470144 117.288194584 121.54439499 4.7604501855 4.3442198167 4.70184975756 8.64905176654 3.51535535522 3.72944440925 7.64243476645 5.56862611909 7.74155484497 27.6991803344 13138.6843366 16936.8931293 47.4462478195 5.33495840104 4.58953665585 99.4541686878 90.9789959154 51.4511656067 45.6112744446 33.4879524266 6.98220652425
-9999.0 -9999.0 -9999.0 -9999.0 -9999.0 -9999.0 -9999.0 -9999.0 -9999.0 -9999.0 -9999.0 -9999.0 -9999.0 -9999.0 -9999.0 15.8937078335 53.0242803285 17.7306134109 20.9043376442 18.1438328821 35.35955382 52.0023817017 69.9335306054 484.532753971 499.876944563 15.6551414105 30.5205299671 45.4530207229 55.3782888818 65.3666776666 91.796357857 103.13655519 3.72673479401 5.50805812515 5.30737115779 8.05882334663 7.47439646012 7.44845379112 6.20360633493 7.03086520599 31.9591974921 15.5323392809 9.78663035252 9.6427251933 8.36366854132 15.886750619 17241.5415944 252.712071389 123.381673312 13.1999566939 6.18097315142 5.07850766382 15.7787896738 10.2806260455 4.96565873533
-9999.0 -9999.0 -9999.0 -9999.0 -9999.0 -9999.0 -9999.0 -9999.0 -9999.0 -9999.0 -9999.0 -9999.0 -9999.0 -9999.0 16.5363445261 32.2716716374 119.010695653 17.4764459816 43.2258883629 61.1373182332 78.4244236283 17.4455320146 33.5636623273 52.9019584162 570.563269619 15.1141704591 29.4145106835 43.8187814313 13.1836134831 25.6999587236 29.0401720517 38.847321429 1027.49470893 1040.64942849 1053.38274803 1116.35421736 1138.73620134 1188.5320506 14.9063672265 30.3745396147 39.5633577409 1357.05529873 1374.71256182 9.10343847832 15.7110749609 22.2043070196 17249.9346789 244.011536462 104.493930832 97.6393048277 90.3174931175 84.1124408262 20.986297024 5.45167870592 9.68477211874
-9999.0 -9999.0 -9999.0 -9999.0 -9999.0 -9999.0 -9999.0 -9999.0 -9999.0 -9999.0 -9999.0 -9999.0 -9999.0 -9999.0 16.6184738051 50.6926058552 186.440898033 273.990157701 15.8717743939 363.051321452 459.899482925 16.6762216031 32.5726584795 51.1448896724 719.506030695 736.645148142 13.8713002932 71.7430258549 84.7491093174 94.0843946877 952.72990014 969.024982052 983.640366329 7.65419765316 43.940492094 52.2508789233 25.5136297526 36.7389248175 1241.85220294 1290.0456551 1300.12093576 1309.8997191 1389.66905445 7.35051503178 6.95383107824 35.5874027857 17259.6527868 8.86559636908 0.430814003347 1.22254316448 0.521189094473 73.3472258376 69.5764382503 41.1881427718 28.6766335258
-9999.0 -9999.0 -9999.0 -9999.0 -9999.0 -9999.0 -9999.0 -9999.0 -9999.0 -9999.0 -9999.0 -9999.0 -9999.0 -9999.0 -9999.0 -9999.0 35.4884598349 71.5086205363 326.032302729 344.848981277 476.644476566 495.361233785 16.5585259702 33.0684527524 81.6981613471 754.014469425 783.279975199 796.135857333 11.1832841164 838.120538489 853.783583201 11.013063141 7.70830724483 15.0437454583 29.5598273271 7.27683831796 15.128832493 34.7876736229 44.1353018349 8.47717045179 6.75375310928 13.7701305435 1433.4085012 1446.06163463 1452.41591915 1502.78270394 17268.5586563 6.95459513569 0.291589732359 0.329151124264 0.362580261678 0.373700755008 0.384789256933 0.709188520149 5.06002447132
-9999.0 -9999.0 -9999.0 -9999.0 -9999.0 -9999.0 -9999.0 -9999.0 -9999.0 -9999.0 -9999.0 -9999.0 -9999.0 -9999.0 -9999.0 -9999.0 18.4570621774 18.1134675178 18.2174391163 37.6308322131 17.0878225976 529.153888705 546.471502413 16.8602226787 32.4767404332 15.7774376439 14.2883840372 14.0418971021 818.551178007 4.44831775166 8.85162059141 6.90159762287 7.89221617313 7.25825153842 6.20421091461 6.37969627571 19.4555605277 26.411570715 5.75313502581 5.37614382624 11.4452186537 18.3782768372 22.3281967941 5.1142544861 1459.92228887 1509.3505348 17275.7000517 15.473333088 1.59739356149 0.209113354933 0.544134748837 0.18798187855 0.167646436393 0.903118617113 24.1931723688
-9999.0 -9999.0 -9999.0 -9999.0 -9999.0 -9999.0 -9999.0 -9999.0 -9999.0 -9999.0 -9999.0 -9999.0 -9999.0 -9999.0 -9999.0 -9999.0 -9999.0 -9999.0 17.9402346092 54.3465770094 69.7395988564 86.2449808855 562.611561194 578.694124746 595.424897309 613.797511705 627.617274059 655.865533427 660.811541579 664.732015993 669.851944252 7.15953028465 6.86809392318 7.14171255476 26.3006782445 6.85289212907 6.67045695897 5.66633665421 16.8995299686 6.51285863366 5.58047900377 5.28502228727 4.69814573582 9.38133510748 13.879514528 1538.55146703 18837.0807464 6.82353438156 14.3430957324 0.164201686469 0.763733360109 0.445211173472 0.338516895633 44.9012204104 40.2259504415
-9999.0 -9999.0 -9999.0 -9999.0 -9999.0 -9999.0 -9999.0 -9999.0 -9999.0 -9999.0 -9999.0 -9999.0 -9999.0 -9999.0 -9999.0 -9999.0 -9999.0 -9999.0 -9999.0 15.1694588594 118.367137395 237.437880581 255.035148623 20.7309451692 37.7570290642 53.3667424767 67.2492317947 155.492201124 162.555490262 6.98331874668 6.8688786563 684.236477772 697.749475763 704.085020183 31.7940630435 5.35784778978 12.3599166384 18.2475691802 54.504372489 66.9047504554 77.6701667351 10.0982012537 14.3934867489 4.9150151315 9.91386133696 5.13392092452 18848.1352966 6.56475788724 26.9161604543 7.46330287179 12.0623432804 39.5997677613 43.5046984791 92.0052189174 41.5227634022
-9999.0 -9999.0 -9999.0 -9999.0 -9999.0 -9999.0 -9999.0 -9999.0 -9999.0 -9999.0 -9999.0 -9999.0 -9999.0 -9999.0 -9999.0 -9999.0 -9999.0 -9999.0 16.6353523345 52.6314830193 103.408396096 135.513858057 353.044350126 372.589327986 32.2152912218 47.854125705 61.6605908423 75.3295775161 168.10441447 181.593749095 305.834986582 315.074682385 321.126036981 710.735517331 760.964255201 12.2055557628 7.33957030467 7.14065145533 13.9622008529 6.60795561402 90.5361748584 95.7146275189 19.2069614261 22.9316458691 4.38774458843 4221.42964847 4232.51478698 23089.1164834 23125.548356 6.58020966013 25.7528725914 9.75843439368 8.22321954733 105.446020903 152.166475712
-9999.0 -9999.0 -9999.0 -9999.0 -9999.0 -9999.0 -9999.0 -9999.0 -9999.0 -9999.0 -9999.0 -9999.0 -9999.0 -9999.0 -9999.0 -9999.0 -9999.0 -9999.0 -9999.0 18.6657077758 18.2167601819 34.667359178 82.7012163716 388.55989171 16.4532548117 16.2814889255 30.4321709054 44.4407108727 101.486954899 108.100217907 4.32748833226 6.30334336739 329.229442081 336.270784077 1102.91404724 1108.22771968 5.01990995569 4.57961348927 4.10792420257 4.14103374845 4.32033178146 4133.98589962 4163.48460795 4190.30176703 4198.30786235 4217.45524518 5.7433115859 21.6750336126 28.25139695 23167.5927976 23173.5930837 23178.7924457 23183.4379498 23187.0818722 157.256108888
-9999.0 -9999.0 -9999.0 -9999.0 -9999.0 -9999.0 -9999.0 -9999.0 -9999.0 -9999.0 -9999.0 -9999.0 -9999.0 -9999.0 -9999.0 -9999.0 -9999.0 -9999.0 -9999.0 -9999.0 16.8948972445 17.583965686 32.8485224712 452.81924087 470.588533545 16.0656728362 30.1959332233 44.4199724404 51.3788707463 5.53894942017 13.0150242747 980.960989684 987.970371547 993.3996574 1039.92466657 2153.46073647 3949.33302285 3960.37756619 3970.8401566 3980.98728968 4020.62590164 4033.11418014 24.8003966757 11.6669376433 6.683087463 12.8487030923 10.7569085201 16.7718482756 5.62437019691 110.639805658 127.841573001 141.522275972 145.79253331 23192.0971644 23354.7393233
-9999.0 -9999.0 -9999.0 -9999.0 -9999.0 -9999.0 -9999.0 -9999.0 -9999.0 -9999.0 -9999.0 -9999.0 -9999.0 -9999.0 -9999.0 -9999.0 -9999.0 -9999.0 -9999.0 -9999.0 -9999.0 17.1619355954 32.9754154259 48.8551600954 484.474325609 17.107689381 659.261161303 674.014455644 679.687170401 687.322809547 951.269187372 959.829968921 7.53906358924 35.1654736749 42.2866871513 7.61812890357 1784.66538768 1770.54338421 5.1376438731 11.3850197518 30.2690855522 6.51481537534 6.96047671973 5.88949361534 5.38612052578 4.45476684968 5.162688657 92.3754864347 97.8503740051 104.072639228 10.2027290974 7.37906733199 151.835442337 157.707950204 161.061175215
-9999.0 -9999.0 -9999.0 -9999.0 -9999.0 -9999.0 -9999.0 -9999.0 -9999.0 -9999.0 -9999.0 -9999.0 -9999.0 -9999.0 -9999.0 -9999.0 -9999.0 -9999.0 -9999.0 -9999.0 -9999.0 15.7877843042 14.8805098213 76.8537675226 593.806999832 627.341507166 645.272703367 15.1864029701 250.824606421 255.54301376 258.000556106 7.68989874876 16.0360703444 23.5942300983 408.376234271 414.559827233 420.157783086 1759.6982068 1091.91021622 6.22379310935 6.4046090435 6.18992888132 5.3683706922 52.8536265967 64.5732754751 75.1698761902 81.1083567428 86.8969627255 476.526205747 481.367155909 484.968217936 493.557688897 549.262694026 553.214993962 718.821054375
-9999.0 -9999.0 -9999.0 -9999.0 -9999.0 -9999.0 -9999.0 -9999.0 -9999.0 -9999.0 -9999.0 -9999.0 -9999.0 -9999.0 -9999.0 -9999.0 -9999.0 -9999.0 -9999.0 -9999.0 -9999.0 -9999.0 30.9040148255 47.1309302677 18.0780553102 16.7355660115 200.164640785 215.837025705 227.164651011 86.2491201188 91.0709009742 97.0221053353 104.62128085 394.750168118 402.529295904 228.493826214 655.462008647 661.97004233 1086.46382053 12.8687671457 6.49151124891 5.04337083859 35.8499773776 42.1261165254 4.64329812005 4.4318075365 455.029105968 466.058327227 471.900302962 4.52756839693 6.30016278836 539.055175813 6.52327372096 28.6586666771 32.130099085
-9999.0 -9999.0 -9999.0 -9999.0 -9999.0 -9999.0 -9999.0 -9999.0 -9999.0 -9999.0 -9999.0 -9999.0 -9999.0 -9999.0 -9999.0 -9999.0 -9999.0 -9999.0 -9999.0 -9999.0 -9999.0 -9999.0 15.4825099237 30.67786568 131.809875776 150.257634014 168.15491223 68.2992832882 81.3997769996 5.23181774158 272.126000552 277.064620454 282.493866842 6.83916211048 213.773439602 221.73377581 6.52896358779 1053.4354221 13.765458612 6.80586383491 18.9208709125 25.4293684182 5.46816444867 4.68468968757 403.688325977 444.65286135 450.989725429 6.18618989979 14.9357571981 19.0280777325 22.6470818487 42.9923394677 10.6103850373 23.2962632747 5.15429867645
-9999.0 -9999.0 -9999.0 -9999.0 -9999.0 -9999.0 -9999.0 -9999.0 -9999.0 -9999.0 -9999.0 -9999.0 -9999.0 -9999.0 -9999.0 -9999.0 -9999.0 -9999.0 -9999.0 -9999.0 -9999.0 -9999.0 15.3333930408 48.5185925217 85.378126387 20.0694359469 36.6592448755 53.2931372397 248.816047997 256.572178093 262.064071203 4.97008086289 177.51540632 193.519753306 200.07808387 4.54408119188 1025.61892278 1040.52114275 7.135005481 6.7080270526 13.4841755955 5.88186002758 372.422780324 383.501409921 389.909199086 24.7202012816 30.9940793934 5.70940834486 10.5779426308 4.90271054339 33.2695959428 5.12333356909 5.85789523821 6.23109252494 6.4516803377
-9999.0 -9999.0 -9999.0 -9999.0 -9999.0 -9999.0 -9999.0 -9999.0 -9999.0 -9999.0 -9999.0 -9999.0 -9999.0 -9999.0 -9999.0 -9999.0 -9999.0 -9999.0 -9999.0 -9999.0 -9999.0 -9999.0 -9999.0 17.2328460832 19.2141510659 20.3686699802 168.940336397 185.188745962 233.8207096 10.2301644891 155.292813279 167.971120767 5.4313019562 11.2394871654 4.41215532275 1009.49438051 5.57806345993 18.2135012664 23.7717795393 29.0985138465 336.651419128 355.008615689 361.708963373 6.6896264152 12.8417932541 18.5599066251 4.17665738169 3.91184073707 1012.43453663 1016.52701542 1020.05835096 1051.48941963 1056.0180332 1062.60459832 1068.10615537
