data/baseflow/mHMbf_acc364.asc
ncols                  80
nrows                 72
xllcorner      4374000.0
yllcorner      5656000.0
cellsize            500
NODATA_value       -9999
[rows 25 to 49 of 72, columns 0 to 54 of 80]
-9999.0 -9999.0 -9999.0 -9999.0 -9999.0 -9999.0 -9999.0 -9999.0 -9999.0 -9999.0 -9999.0 -9999.0 27.862080173 55.5141866544 26.1541609216 52.5790477497 23.781299575 178.460802659 223.895146101 247.024578461 21.3066900556 41.0374822384 399.055660635 493.863857933 509.981030844 38.1458684907 35.9834382329 51.3268157034 10.9269534517 10.2157997903 19.3371172845 8.79498802336 605.075112094 615.049837581 623.801827717 4811.02920568 10159.0891175 10097.7535793 15.0602975409 6.59003880817 5.93142061751 24.341277284 18.5333767718 50.0841023164 70.9523420234 142.679971285 11.9318886167 11.840787813 112.497797985 122.822764846 234.209034867 240.645084612 255.523357581 260.794482553 4.40125082865
-9999.0 -9999.0 -9999.0 -9999.0 -9999.0 -9999.0 -9999.0 -9999.0 -9999.0 -9999.0 -9999.0 -9999.0 -9999.0 26.924761195 53.6455296409 80.4674525299 129.593705524 25.2610474391 23.341973206 160.751414819 182.23516 361.397288954 382.761000656 59.9495226321 20.7047903953 19.4990910835 17.5778687904 544.211089716 556.653893796 568.133300963 577.781773979 595.947200602 104.582703295 114.086138656 745.854269819 15720.5339506 51.4059711263 42.980587697 22.213140406 5.57359570653 4.85348263687 35.9957880866 39.9183345924 59.6949870986 4.76572698872 148.631465872 19.2844700299 18.8681613319 3.98111654615 2.76081108469 2.35821884786 2.45276794312 2.33962268598 263.81020382 3444.80220079
-9999.0 -9999.0 -9999.0 -9999.0 -9999.0 -9999.0 -9999.0 -9999.0 -9999.0 -9999.0 -9999.0 -9999.0 -9999.0 -9999.0 26.0301499482 49.1913912093 69.9519738626 91.0208447669 114.299765805 138.053478616 69.8340972752 115.988652691 21.342936698 20.8193033388 449.168826426 489.520930282 508.428530815 528.572981122 15.0822043852 27.508667971 71.1887200177 83.7852844378 94.7838169039 11.0686693555 8.12011748766 15744.060164 8.55420193058 12.0305837063 5.76127083406 21.8166378935 10.3946667178 5.21093801159 104.862688262 109.035652871 3.16853341299 152.151955509 174.303655647 22.144354214 3561.81250414 3555.2991076 3549.64834965 3538.5675459 3533.89262242 3458.78107227 3455.37134882
-9999.0 -9999.0 -9999.0 -9999.0 -9999.0 -9999.0 -9999.0 -9999.0 -9999.0 -9999.0 -9999.0 -9999.0 -9999.0 -9999.0 5.04699870677 11.729770618 20.7813680541 182.913488311 207.038832427 24.3236485457 23.5752208155 23.3674617477 364.60066076 408.860031115 21.2784494216 21.5452661626 18.2688667115 74.8980687325 92.9145358282 46.146690509 58.2724224695 427.351825468 440.93535573 465.031487134 734.504636924 16483.8123334 8.18053084875 4.74929314658 32.6406783669 27.1776044209 4.4634607067 14.375092635 18.5863589666 113.760364087 117.450640887 300.742773846 176.985092362 24.6743032376 3635.3007641 32.3234934572 3544.59902029 3541.7628217 70.8009157748 4.7206577408 7.28892148985
-9999.0 -9999.0 -9999.0 -9999.0 -9999.0 -9999.0 -9999.0 -9999.0 -9999.0 -9999.0 -9999.0 -9999.0 -9999.0 -9999.0 26.2610343869 42.8476533336 90.9157151062 159.153697801 225.965525105 273.843313089 297.242572 320.929365674 343.601514038 21.7812669151 20.0787868598 39.4955064731 37.4227673749 19.2785043985 371.709095708 389.332386942 405.61989795 421.080009129 235.292161502 248.264256961 260.450621439 16488.2625428 13.9028362115 12.5943780501 48.7488308996 4.98342262634 8.54218944496 4.42334783714 3.8946019323 22.4324336593 2.92268857759 3.13057766793 3953.80288434 3650.78593479 3647.71545656 13.6030836726 29.7928710985 19.1083123745 4.39664505988 62.7619338694 17.5365991261
-9999.0 -9999.0 -9999.0 -9999.0 -9999.0 -9999.0 -9999.0 -9999.0 -9999.0 -9999.0 -9999.0 -9999.0 -9999.0 -9999.0 18.4311709851 17.2216220165 33.5918704427 51.3020113632 24.6425962448 26.3718677074 50.6732564652 74.6545571351 119.935467043 142.488040754 162.834806922 223.203270604 241.978164823 261.881361709 17.9652633546 182.205029515 197.538290253 211.565216119 11.414359746 5.50592453062 9.54861744523 16747.4495295 16751.6400321 16773.7568569 62.0849903185 9.79506731227 13.7403529805 3.69864654039 6.8662962324 25.5371737033 31.0361038119 5.62380590961 3968.13833322 4.71023506979 7.68952037625 8.57306730367 6.31461481556 11.3553337224 4.65675511167 41.180188317 31.6848003198
-9999.0 -9999.0 -9999.0 -9999.0 -9999.0 -9999.0 -9999.0 -9999.0 -9999.0 -9999.0 -9999.0 -9999.0 -9999.0 -9999.0 -9999.0 16.4107865297 32.4766617714 16.1179817934 33.6287944556 211.047904054 233.313752468 256.779353723 22.6048106714 22.6598597586 43.0149473852 63.6658393367 100.666831865 119.627544524 129.703854251 146.827974595 14.4874205446 13.3545663822 230.223472525 235.759917544 240.327727751 245.034065794 195.293241573 16988.3982906 17079.3738928 17083.2029451 17100.2574189 17118.1422073 17128.1188122 2.88818840421 33.6145481867 3970.82049303 6.76412171846 3.49118696447 3.64332993054 3.34452977371 5.77590226837 5.61360536349 3.32231671246 5.08038196195 4.70372418817
-9999.0 -9999.0 -9999.0 -9999.0 -9999.0 -9999.0 -9999.0 -9999.0 -9999.0 -9999.0 -9999.0 -9999.0 -9999.0 -9999.0 -9999.0 -9999.0 48.3544205231 65.9795638771 117.609336675 158.190122584 22.2706480082 304.43427071 326.72941889 348.410197533 21.0479584818 41.5926765062 18.5223465589 138.651795054 147.715376865 163.028395925 178.813534202 216.125087887 221.029488952 3.08267401902 176.896569412 186.338565486 190.912628182 210.242007461 24.6987057366 15.8283674484 9.85131268039 9.36480703762 17139.1018919 17143.7845037 17200.636821 3973.47243228 18.0720099762 9.01504621807 6.01510609142 1.87682358513 17.5878668869 9.39051315868 2.9426050498 16.460703081 14.0314653441
-9999.0 -9999.0 -9999.0 -9999.0 -9999.0 -9999.0 -9999.0 -9999.0 -9999.0 -9999.0 -9999.0 -9999.0 -9999.0 -9999.0 -9999.0 -9999.0 17.7040833548 83.1142083794 101.165288339 23.4860290241 24.3025229318 48.8919468287 71.6877888394 442.119588619 20.9738233686 84.0911656366 103.112582974 121.877412117 9.51235274017 23.6172383727 31.0585311861 144.151201656 160.244676837 164.450896149 4.79779638226 4.66177318941 5.56551485223 10.2199491886 4.32088576933 4.57482839684 8.13163354906 6.54576149842 7.96338830245 20.2840722307 17205.8266711 21191.6513855 22.4297919623 4.1620145615 1.8681410137 55.7635264102 51.6166571662 30.9847225272 27.8800633688 20.803547521 5.00746586599
-9999.0 -9999.0 -9999.0 -9999.0 -9999.0 -9999.0 -9999.0 -9999.0 -9999.0 -9999.0 -9999.0 -9999.0 -9999.0 -9999.0 -9999.0 15.0283904271 49.2335298625 16.4082815593 26.0034542629 26.5102066913 51.1132790274 75.2895259917 96.6188722205 556.327054443 576.691436883 20.8046577087 39.9238415134 59.1859799558 71.8309114516 86.4915398114 128.128931635 139.16258042 10.3566367883 7.93418777628 6.73054003106 9.2266359412 8.69968417707 8.74851738494 7.17804400292 8.6055043334 28.496674043 13.1240454014 4.7798712824 4.54570813599 4.45811591153 8.25892472116 21357.5711211 139.596520513 65.5471336746 5.10622835116 2.21208510269 1.87803772507 7.03370859839 4.93612118716 2.55851571267
-9999.0 -9999.0 -9999.0 -9999.0 -9999.0 -9999.0 -9999.0 -9999.0 -9999.0 -9999.0 -9999.0 -9999.0 -9999.0 -9999.0 15.9036884925 30.4908265551 110.883061088 15.831640928 48.8049417217 74.900802089 99.2971844037 24.8215400377 47.0093169183 67.38039223 660.666630175 19.9877065924 38.2227361611 56.7924359257 16.7478865121 33.1269858747 43.0065844245 53.541034103 1257.67993208 1274.17917267 1288.94263677 1357.34208314 1383.38999572 1435.90246462 12.1154693932 27.7162931956 35.1765164114 1587.14605386 1596.19425353 4.13493168595 7.25392656214 10.22883596 21361.4933001 131.898455853 59.7343428186 57.0716796942 46.0787544432 41.0380209637 9.32564828501 2.22275877302 4.37413412052
-9999.0 -9999.0 -9999.0 -9999.0 -9999.0 -9999.0 -9999.0 -9999.0 -9999.0 -9999.0 -9999.0 -9999.0 -9999.0 -9999.0 15.9995277024 48.5217509168 175.278402964 257.858083013 14.4053512114 340.1370814 456.948795639 23.7206154021 45.8461306536 67.075310794 850.741159946 868.047027837 16.9158227946 90.9684795401 106.507776715 120.050609168 1146.78744291 1177.67137437 1195.44784628 8.58393675313 48.971052121 57.9698817262 25.6411936506 36.9680443682 1486.82703659 1530.20154993 1538.92103726 1547.17909395 1605.26729154 4.41238577824 3.65493261785 16.7648798252 21365.0625471 3.96748875976 3.02647650705 8.81850688873 3.08006090338 37.2127072356 31.0076127742 18.3207954447 13.2053823643
-9999.0 -9999.0 -9999.0 -9999.0 -9999.0 -9999.0 -9999.0 -9999.0 -9999.0 -9999.0 -9999.0 -9999.0 -9999.0 -9999.0 -9999.0 -9999.0 33.685699522 67.6149295498 306.041900906 323.260241849 472.221952048 489.842424651 23.0982258954 46.1611956661 108.522011151 883.423547773 917.845135229 932.521861415 11.8665463327 984.151546362 1016.03320385 20.0348165392 8.68450783785 17.0850467462 33.1258146333 7.79312130311 15.5814196777 34.715173929 43.2438076905 7.73542445482 5.1016546301 10.1819101114 1642.53679032 1654.50218598 1657.57078343 1682.73109763 21368.175348 2.35424450793 1.99037982807 2.38619535565 2.10214506676 2.17322178689 1.62820306904 2.97863119232 1.70159722411
-9999.0 -9999.0 -9999.0 -9999.0 -9999.0 -9999.0 -9999.0 -9999.0 -9999.0 -9999.0 -9999.0 -9999.0 -9999.0 -9999.0 -9999.0 -9999.0 17.5515134005 17.2315836863 17.1512369338 35.6139269309 15.6783405827 520.940586545 537.170739947 21.4744255764 42.6008985219 20.4029355175 17.0810073611 16.703771262 961.707854413 10.7631017848 21.4839463792 10.666551486 9.22293093858 8.27578939008 6.42478822202 6.67652964268 20.0279712389 27.3181001441 5.11676622837 4.43468533998 9.40515857882 15.5293784031 20.1427782477 5.63924421513 1662.4582586 1685.96566424 21370.240886 9.62617838507 5.09188521568 1.17257074477 2.90048535082 0.823598520216 0.520787625503 3.56482155868 8.69406445152
-9999.0 -9999.0 -9999.0 -9999.0 -9999.0 -9999.0 -9999.0 -9999.0 -9999.0 -9999.0 -9999.0 -9999.0 -9999.0 -9999.0 -9999.0 -9999.0 -9999.0 -9999.0 17.0379879511 51.4594607573 65.6810922738 80.826625304 551.953150697 566.873724827 582.272914181 600.874429618 617.275222251 650.748376459 661.26828699 671.492392055 680.359343891 8.37057843172 7.74101087947 8.14237091734 28.2207679849 7.37368715763 6.86896919916 5.45676279171 15.4959873995 5.86940515523 4.39709614852 4.08058957832 3.46701976395 6.91831633546 9.75736276442 1705.59454658 23087.8164026 2.04036474987 4.52289211349 0.922441711784 3.85509511398 2.00705207863 1.04872043678 18.8555932921 14.0645959372
-9999.0 -9999.0 -9999.0 -9999.0 -9999.0 -9999.0 -9999.0 -9999.0 -9999.0 -9999.0 -9999.0 -9999.0 -9999.0 -9999.0 -9999.0 -9999.0 -9999.0 -9999.0 -9999.0 14.6294131064 113.953965101 226.016248986 242.287232379 22.2738478403 43.8003703036 65.2776493481 83.5363451276 201.810043217 210.983584629 8.86549428674 8.54754481149 697.786025003 712.987283978 720.032202721 33.6897138272 5.08455985471 12.1534015793 17.8510866378 52.1983540675 63.3080457684 71.7203235818 7.72343758968 10.6820591387 3.50157644623 6.78353829536 3.39900129979 23093.924819 1.87077228487 8.03266437264 3.20806816728 8.55844998045 18.8108402715 20.9122753315 40.8361898624 15.7944284289
-9999.0 -9999.0 -9999.0 -9999.0 -9999.0 -9999.0 -9999.0 -9999.0 -9999.0 -9999.0 -9999.0 -9999.0 -9999.0 -9999.0 -9999.0 -9999.0 -9999.0 -9999.0 16.0184234918 50.7766230328 99.6420041275 130.317262658 336.824726106 356.284149167 44.3339903782 65.8804453623 84.321728917 102.381155671 220.834145992 239.064953552 419.086377723 431.960510175 440.049209435 727.38249159 779.581853817 12.2790111573 7.73109554177 7.42661087871 14.0219694139 6.20621281418 83.1721904094 87.1785348137 13.9988927704 18.2174054517 3.83142360929 4849.37167876 4856.15318597 27954.1869932 27965.0662858 1.88629055243 12.7565317627 2.60665426413 2.23161423204 45.2586374325 62.7299639245
-9999.0 -9999.0 -9999.0 -9999.0 -9999.0 -9999.0 -9999.0 -9999.0 -9999.0 -9999.0 -9999.0 -9999.0 -9999.0 -9999.0 -9999.0 -9999.0 -9999.0 -9999.0 -9999.0 18.1047475671 17.6492747419 33.6898580624 80.0645211895 371.588068362 22.6718973644 22.4660869387 40.9106082549 59.4888889503 143.952296371 156.197209082 7.98192703961 8.50595618662 449.978867076 457.87117761 1244.55861608 1250.96530427 4.47527513375 3.91761566479 3.12941542579 3.16055198036 3.2447111653 4775.27559694 4799.71512785 4822.30774239 4830.13594126 4845.494993 3.742406728 13.9029310648 17.0703447683 27987.8999988 27989.3407991 27993.0856775 27996.6073547 27999.3345303 65.9499961541
-9999.0 -9999.0 -9999.0 -9999.0 -9999.0 -9999.0 -9999.0 -9999.0 -9999.0 -9999.0 -9999.0 -9999.0 -9999.0 -9999.0 -9999.0 -9999.0 -9999.0 -9999.0 -9999.0 -9999.0 16.4388703313 17.0763607931 31.7637654891 434.218154797 451.220490776 22.1896579432 40.5679566309 59.4531659083 73.2449282965 12.2855781568 23.216223375 1036.75989387 1045.27590508 1052.95533229 1112.41413085 2370.27665756 4608.57182469 4618.98482861 4628.10241005 4636.80683089 4672.71109228 4684.09177177 20.2285852528 9.03840799048 5.15756742177 9.70288610128 6.94100070739 10.9634332631 3.26425515643 86.5716049089 93.7339059497 99.6045747225 100.98234379 28001.0582296 28070.0341613
-9999.0 -9999.0 -9999.0 -9999.0 -9999.0 -9999.0 -9999.0 -9999.0 -9999.0 -9999.0 -9999.0 -9999.0 -9999.0 -9999.0 -9999.0 -9999.0 -9999.0 -9999.0 -9999.0 -9999.0 -9999.0 16.8539104001 32.2581146278 47.7330350044 464.452457731 18.3551607082 640.970356632 660.588703696 673.273836514 685.329374918 990.822271231 1002.775223 9.2531028166 44.7096987716 53.6579592201 8.59026214018 2227.78548849 2212.40077667 4.73084151849 10.7926891607 28.5082266972 6.20744283928 6.29444469481 4.65183180773 3.81445193091 3.00102668193 3.33877097614 75.8804848281 79.1888744186 83.2027794713 4.50247388467 3.91440737481 103.085646802 104.989150747 105.986957877
-9999.0 -9999.0 -9999.0 -9999.0 -9999.0 -9999.0 -9999.0 -9999.0 -9999.0 -9999.0 -9999.0 -9999.0 -9999.0 -9999.0 -9999.0 -9999.0 -9999.0 -9999.0 -9999.0 -9999.0 -9999.0 15.5878587566 14.5473030577 75.2909258743 570.743325509 604.493610928 622.583688824 19.5740094996 277.262908268 289.14410177 293.817922063 10.9467337054 20.9709169423 29.7739118241 528.200781365 534.925851175 540.590505475 2202.09521044 1324.59370386 5.93420161336 6.02036786929 5.7849420805 4.4524115313 48.0140195379 56.6634785433 64.2789781356 68.351321962 72.2669020989 538.107957657 540.849440751 544.343340203 552.908165574 588.770093565 590.147629721 697.520304046
-9999.0 -9999.0 -9999.0 -9999.0 -9999.0 -9999.0 -9999.0 -9999.0 -9999.0 -9999.0 -9999.0 -9999.0 -9999.0 -9999.0 -9999.0 -9999.0 -9999.0 -9999.0 -9999.0 -9999.0 -9999.0 -9999.0 30.4145144124 46.2265265349 17.1966487182 22.8040202844 208.279120009 228.80459516 243.78519158 109.718144364 120.596158817 131.986702008 141.474225274 513.218150151 522.033364913 317.57526375 865.299269507 871.979825718 1319.80675902 12.5319585754 6.24778492184 4.48466027436 33.7042832422 39.3036578352 3.2406813425 3.0075469502 524.971285023 532.145087803 535.51277666 4.35909228038 6.24473162022 582.988657583 3.8597375705 11.3210491632 12.3884436741
-9999.0 -9999.0 -9999.0 -9999.0 -9999.0 -9999.0 -9999.0 -9999.0 -9999.0 -9999.0 -9999.0 -9999.0 -9999.0 -9999.0 -9999.0 -9999.0 -9999.0 -9999.0 -9999.0 -9999.0 -9999.0 -9999.0 15.1585972228 30.0448808924 127.606090198 145.344780848 165.319257 82.1607205404 98.4646001045 11.6072855108 342.513137801 352.966545404 362.762500081 9.16907409608 300.957570193 309.99224147 6.94969965908 1287.21075413 14.0434453838 6.98665943335 18.4180660548 24.6853976414 4.63860940649 3.79561582898 486.318238976 518.326865358 522.612141529 4.35849203058 9.44357687453 11.9199444778 14.1935175387 27.4460723863 4.07739175454 9.38542706012 1.67641084294
-9999.0 -9999.0 -9999.0 -9999.0 -9999.0 -9999.0 -9999.0 -9999.0 -9999.0 -9999.0 -9999.0 -9999.0 -9999.0 -9999.0 -9999.0 -9999.0 -9999.0 -9999.0 -9999.0 -9999.0 -9999.0 -9999.0 15.106138079 47.2962896593 82.4848414386 20.4529267123 42.0715626021 63.0262189787 295.785056561 309.529899277 320.600540514 10.4233605934 244.828230003 274.925149097 284.082941905 7.37147337985 1257.71474378 1273.63609249 7.45146472552 6.92574467722 13.476763983 5.46619264306 461.282446405 470.664606906 476.039784399 20.6685104951 25.1933216708 3.93039780779 6.87734766767 2.97152433496 20.5699574358 2.91893095392 2.42760078153 2.65042281447 2.64245566294
-9999.0 -9999.0 -9999.0 -9999.0 -9999.0 -9999.0 -9999.0 -9999.0 -9999.0 -9999.0 -9999.0 -9999.0 -9999.0 -9999.0 -9999.0 -9999.0 -9999.0 -9999.0 -9999.0 -9999.0 -9999.0 -9999.0 -9999.0 16.5344662377 18.3088414959 22.7165872043 198.561128727 218.75844357 277.627447634 15.20532749 201.028750534 225.125743675 10.3973026785 20.9797598058 8.1525367883 1234.99845095 8.33062946281 23.3833096169 29.2329239928 34.812112399 426.635748691 445.894477429 451.905700606 6.02257971399 11.1032151355 15.6952826269 2.74253392056 2.47102132577 1154.22207304 1156.61896593 1158.52352549 1178.16747876 1180.46468053 1183.6464067 1185.64514016
