data/baseflow/mHMbf_acc383.asc
ncols                  80
nrows                 72
xllcorner      4374000.0
yllcorner      5656000.0
cellsize            500
NODATA_value       -9999
[rows 25 to 49 of 72, columns 0 to 54 of 80]
-9999.0 -9999.0 -9999.0 -9999.0 -9999.0 -9999.0 -9999.0 -9999.0 -9999.0 -9999.0 -9999.0 -9999.0 20.158064737 39.9702244791 18.6962333747 36.7341980583 15.3190296179 122.156126256 151.570960421 166.77853327 13.9028845015 26.8565276601 269.486291585 333.326722903 344.807858553 24.507235056 21.8281314695 31.1519682834 6.10838409825 5.45391357044 10.2027330823 4.48080889671 429.623559404 434.193674127 437.748082592 3123.29445254 6230.13576032 6197.71868311 6.47500208845 3.22036976218 2.77196994383 10.5647105055 8.26825972456 23.5529778906 34.1129777834 68.6488453792 6.22727341063 6.16908747213 54.7909642286 59.9842420841 117.705990153 120.661129794 128.725481555 131.031112978 1.97031969879
-9999.0 -9999.0 -9999.0 -9999.0 -9999.0 -9999.0 -9999.0 -9999.0 -9999.0 -9999.0 -9999.0 -9999.0 -9999.0 19.1576638776 38.295749011 57.675504453 89.969057679 16.8329727143 15.1362560629 115.290308304 129.053353836 244.745620581 259.48523951 41.1230532293 12.6829394804 11.3283437005 10.4868326109 398.393472316 404.953105483 411.119086596 416.110745945 425.294645664 58.8926428636 63.3302006065 504.807172082 9861.07804965 25.468504199 20.3310288767 10.0320395897 2.64380360746 2.20053084009 16.0360868969 17.7258814995 27.5012887967 1.92105961733 71.1320074507 9.81961817531 9.57818288185 1.70610473323 1.13918686121 1.01846176915 1.14610896073 1.06956022517 132.736286411 1833.61729228
-9999.0 -9999.0 -9999.0 -9999.0 -9999.0 -9999.0 -9999.0 -9999.0 -9999.0 -9999.0 -9999.0 -9999.0 -9999.0 -9999.0 17.6045399696 35.8472333115 52.784758313 70.0753616971 85.1568647207 100.788133273 44.3126029465 74.3358925285 14.285252543 13.1792105512 342.492416598 366.675859492 377.68853215 389.672725851 8.58501876068 15.0869821906 41.1972847998 48.0652457982 53.8895469299 5.34849683493 5.30978273814 9876.20208416 5.25788228106 6.68471554912 3.14138101356 11.0479355837 5.25312979886 2.68119806975 47.8629109542 50.5538626549 1.46065800634 72.944627415 83.9569279433 11.0835570736 1894.8687395 1892.21034314 1889.88339562 1885.03008349 1882.9536437 1843.00253479 1841.19022265
-9999.0 -9999.0 -9999.0 -9999.0 -9999.0 -9999.0 -9999.0 -9999.0 -9999.0 -9999.0 -9999.0 -9999.0 -9999.0 -9999.0 4.87278778138 11.0476697634 17.1545297524 167.574542199 182.650675689 15.4128614542 14.9094322221 14.8824021643 290.194022893 318.319388827 13.3953384741 13.4414617966 10.1192334999 43.2742188867 53.9497404577 26.0464441343 33.9902552552 255.82468171 262.653796244 275.69277793 428.867443582 10308.5404543 5.1467373046 2.52123180156 16.9025749704 14.0084428295 2.34545666977 7.53165595691 9.76345264367 53.1487932676 55.244338396 143.611929331 85.3423852955 12.7510575219 1933.99217919 17.0434747245 1887.76872928 1886.51383522 37.889200612 2.84466055865 5.40234582809
-9999.0 -9999.0 -9999.0 -9999.0 -9999.0 -9999.0 -9999.0 -9999.0 -9999.0 -9999.0 -9999.0 -9999.0 -9999.0 -9999.0 25.3351987191 41.4465277756 84.8835721903 150.422058153 199.328948348 233.315713172 247.957044319 263.001379296 277.369347197 13.6893318186 12.0343757219 23.4597318955 21.3950336961 11.6922907415 221.990744751 232.264566442 241.562959529 250.59284722 133.160041481 137.944704137 146.473979915 10311.4871721 9.23739917522 6.70189001857 25.7376257726 2.71182144454 5.29749386671 3.01817649891 2.009792716 12.108528805 1.54370550914 1.66946765086 2087.19317351 1942.52670325 1940.92586422 7.53435795574 15.8342525793 9.65077167657 1.88189481567 32.510719019 8.22048106381
-9999.0 -9999.0 -9999.0 -9999.0 -9999.0 -9999.0 -9999.0 -9999.0 -9999.0 -9999.0 -9999.0 -9999.0 -9999.0 -9999.0 17.7537014587 16.8036190283 32.981736858 49.704374914 17.2188388376 17.7707917449 32.8722885592 47.5844030732 75.7755032769 89.375381506 100.638704733 135.999295715 146.316799798 158.462738725 10.3342155689 105.223813423 113.558470652 121.081328018 5.89288084204 4.66025944064 7.39026085367 10462.3444502 10464.9737083 10479.452428 33.2424392679 5.43353106348 7.73529229219 1.82019199364 3.497816974 13.7708721419 16.6062093928 2.93045996047 2095.07872203 2.89827756473 4.11299936345 4.42819401979 3.68704979309 6.20154117959 2.51326361646 22.7679824325 17.3255418913
-9999.0 -9999.0 -9999.0 -9999.0 -9999.0 -9999.0 -9999.0 -9999.0 -9999.0 -9999.0 -9999.0 -9999.0 -9999.0 -9999.0 -9999.0 16.0592217675 31.6545363837 15.0869348072 30.9980621274 191.365361405 205.658624129 219.503121804 13.8349365463 13.8050555822 25.0273715804 36.9395018487 56.6327335777 67.3747990457 75.1718473658 84.9971048662 7.59802311316 6.65878719784 129.660867955 134.268506408 137.253702664 140.47522041 119.629040338 10611.9118215 10663.082765 10664.9907359 10674.1642102 10683.1736041 10687.8013839 1.3589905107 17.8685306969 2096.2494009 2.93575250043 1.51974354342 2.20328272885 2.22283427142 3.60012362537 2.88552228466 1.78087379059 3.10689924822 2.69815370689
-9999.0 -9999.0 -9999.0 -9999.0 -9999.0 -9999.0 -9999.0 -9999.0 -9999.0 -9999.0 -9999.0 -9999.0 -9999.0 -9999.0 -9999.0 -9999.0 46.9645198651 62.7725633583 110.232318506 144.067717297 17.4023291606 252.459369672 265.557814318 277.484662518 11.4346745892 22.3748703914 9.44913236171 75.1828241626 82.2163384728 91.8738032143 100.048078864 121.072150006 125.152797685 2.69153940799 106.912418565 113.349782099 116.658308553 129.666950253 15.4185352289 9.34831042571 5.33866661429 5.05134183426 10692.7132954 10694.5863827 10724.1710934 2097.34195611 8.85504316275 4.91022316449 3.38234508856 0.870539467484 9.76417003554 4.97224103929 1.4764495289 8.55723113202 7.39664663575
-9999.0 -9999.0 -9999.0 -9999.0 -9999.0 -9999.0 -9999.0 -9999.0 -9999.0 -9999.0 -9999.0 -9999.0 -9999.0 -9999.0 -9999.0 -9999.0 16.5545684152 78.7666515797 95.3287667633 17.9168556619 14.3255253529 29.8961043672 43.9706642929 333.794330949 11.3730579821 45.7919754867 55.7481281048 65.6832338446 7.10003848343 16.0842645371 21.8573828464 84.8103418181 94.3187197054 97.7335753208 3.45795522864 3.03919627442 3.50483042318 6.56002235977 2.74778206717 2.76040975921 3.9179619647 3.37681194286 3.99974385069 10.6982360089 10726.4456575 12829.1579188 10.9565505957 2.27853427152 0.931035310358 30.0869172811 28.1029415829 16.6846034506 14.9538694814 11.0181491143 2.97863842627
-9999.0 -9999.0 -9999.0 -9999.0 -9999.0 -9999.0 -9999.0 -9999.0 -9999.0 -9999.0 -9999.0 -9999.0 -9999.0 -9999.0 -9999.0 14.2896279398 45.8888690839 15.0720960292 16.9028385824 15.6119856331 29.8562840016 43.9574508276 57.4078201763 405.018392801 415.443011763 10.831639629 20.4746572876 30.2543494427 38.7432282132 46.8047781388 73.78245292 80.8873754216 5.02350716154 4.45930077414 3.7364289995 4.00330089282 3.81308110374 4.15017277615 3.46627116021 4.93832064147 14.453083294 7.06128529597 2.96542762851 2.87194839607 2.13794438664 3.82829456217 12929.5811535 88.0484553543 36.8604048628 4.14096702601 1.84569065376 1.19873005428 3.8502773146 2.50694689744 1.2201008747
-9999.0 -9999.0 -9999.0 -9999.0 -9999.0 -9999.0 -9999.0 -9999.0 -9999.0 -9999.0 -9999.0 -9999.0 -9999.0 -9999.0 15.1667463638 29.021018549 104.163895847 14.6759858959 34.0018886541 49.0103943795 62.5948663534 14.3227161129 26.4556354363 40.5862646354 468.689659417 10.0201664675 18.8463500048 28.0939471504 8.85883399279 17.372185617 22.0157477025 27.9035273263 778.041574329 786.492474979 793.924377509 827.927134454 839.769441969 864.600117344 5.27553779075 13.0076542976 17.2684903368 935.565040051 940.386188568 2.53924451275 3.83110177257 5.07310916171 12931.6474718 83.8035133684 41.2751101606 38.8764138645 30.0061733499 25.6154264179 5.08568489328 1.32116581153 2.19205676583
-9999.0 -9999.0 -9999.0 -9999.0 -9999.0 -9999.0 -9999.0 -9999.0 -9999.0 -9999.0 -9999.0 -9999.0 -9999.0 -9999.0 15.1575900709 46.1769354291 165.416656783 244.087842834 13.1004795804 319.128662578 395.755006709 12.6536178131 24.1588758695 37.400358104 576.226165679 587.294185358 7.70378460357 43.8090836369 51.1660564693 57.6450978669 723.413824915 737.320678413 746.55899032 4.52055769098 24.4481140541 29.1792007588 12.3928348931 17.4755957267 888.401138925 908.93748286 912.808237077 916.409850877 943.982440655 1.75197218167 1.46991012593 7.75389436944 12933.4814916 3.22473584856 2.27994304156 6.96768071495 2.74636464561 22.8046668058 18.791082775 11.2727094179 7.75099583148
-9999.0 -9999.0 -9999.0 -9999.0 -9999.0 -9999.0 -9999.0 -9999.0 -9999.0 -9999.0 -9999.0 -9999.0 -9999.0 -9999.0 -9999.0 -9999.0 32.0550385024 64.5142834688 289.094228663 305.079223739 409.859941784 424.287010784 12.6236935378 25.2612140433 58.2206552899 599.634747134 616.938664426 623.663731969 5.43943001419 646.995065971 660.875499445 9.16476688855 4.59486129847 8.27251651916 16.3198110871 4.09459425748 8.04816501579 16.4658114912 20.6436629797 4.24269057193 2.58228251172 5.00648137288 962.996423919 968.784306901 969.942816621 981.569615981 12934.8847443 1.9986955166 1.38511588499 1.84716387318 1.72968214461 1.79532057647 1.45274050592 2.65423644656 1.15617971013
-9999.0 -9999.0 -9999.0 -9999.0 -9999.0 -9999.0 -9999.0 -9999.0 -9999.0 -9999.0 -9999.0 -9999.0 -9999.0 -9999.0 -9999.0 -9999.0 16.7308051407 16.3780390065 16.0315121291 31.5316495221 13.8516695061 451.909640176 464.879121801 11.4847103659 22.1864230204 10.295852762 8.39764974106 8.05519456108 636.66446805 4.48477414512 9.34663291051 4.76028550572 4.31267011552 3.97427469666 2.96567983297 3.12279754764 9.6013963356 13.2745831824 2.45382099176 2.12685587862 4.70740424532 8.11786359074 10.7117122013 3.04126803022 972.30833487 982.7958675 12935.6461243 7.06157695445 3.20442942661 0.914762278249 2.41191799581 0.704472809656 0.507849446096 3.21983683507 5.49878953982
-9999.0 -9999.0 -9999.0 -9999.0 -9999.0 -9999.0 -9999.0 -9999.0 -9999.0 -9999.0 -9999.0 -9999.0 -9999.0 -9999.0 -9999.0 -9999.0 -9999.0 -9999.0 16.1825185771 46.3794800006 59.3909756268 72.9041926202 478.103082267 491.167876692 503.730306057 516.190200713 523.902728504 540.043149971 544.060323806 548.207275567 551.588238212 3.57895954136 3.30095052286 3.64789678254 13.0827291646 3.59165943262 3.36997458277 2.47649736119 7.20645232316 3.06272221669 2.2002552487 1.99243976983 1.65726910259 3.30431538067 4.69947209238 992.234400686 13935.6887721 1.72630625825 3.36261985826 0.688127840361 3.1471720113 1.48763484191 1.02085660859 12.6848415037 8.75099953015
-9999.0 -9999.0 -9999.0 -9999.0 -9999.0 -9999.0 -9999.0 -9999.0 -9999.0 -9999.0 -9999.0 -9999.0 -9999.0 -9999.0 -9999.0 -9999.0 -9999.0 -9999.0 -9999.0 13.5610678962 106.717774717 208.625063635 222.418098912 15.4644485724 26.885852801 37.2810516238 45.4707723712 102.15464139 105.817619574 3.56234371059 3.48943142443 558.847165339 565.201277397 568.069837927 15.3248617653 2.10502627558 5.58026109599 8.10063667017 24.2691644079 29.8666671162 33.9936954047 3.67996338121 5.00525498468 1.67870902839 3.32707773802 1.73265625314 13938.0991763 1.43328851333 6.08051664112 2.13832175139 5.87137868982 13.4932123755 15.2222409956 28.6626734557 8.26637348744
-9999.0 -9999.0 -9999.0 -9999.0 -9999.0 -9999.0 -9999.0 -9999.0 -9999.0 -9999.0 -9999.0 -9999.0 -9999.0 -9999.0 -9999.0 -9999.0 -9999.0 -9999.0 15.0084155678 47.6920259916 93.4412619039 122.095951274 310.377892923 324.882193077 21.8559631421 32.5297184035 41.5076403599 49.6761316745 109.538421585 116.716585103 201.098469515 208.80850426 212.156136295 571.142328171 594.615524174 5.42458559968 3.77707067639 3.56857369022 6.7906355809 3.05040373917 39.7697510172 41.6898492301 6.55647727437 8.46688081186 1.6983820914 2892.91312034 2896.4245396 16835.9378209 16843.5783231 1.51164408126 9.19451031646 2.15239678121 1.69616064391 31.4384882616 40.6370405661
-9999.0 -9999.0 -9999.0 -9999.0 -9999.0 -9999.0 -9999.0 -9999.0 -9999.0 -9999.0 -9999.0 -9999.0 -9999.0 -9999.0 -9999.0 -9999.0 -9999.0 -9999.0 -9999.0 17.017255265 16.5805895477 31.4439622154 74.5755673293 338.451904336 11.2216959234 11.0515897689 19.5329528758 28.4648186343 67.270448382 72.2455556054 5.22650212515 5.37469596547 216.568135691 220.005428445 817.696502907 820.431037279 1.75234834663 1.48183329276 1.16789695992 1.18263541759 1.31321900566 2856.23918794 2868.46763399 2879.05896221 2882.84486831 2891.22655542 2.01633374845 7.19489081209 8.47467914928 16854.6134575 16854.850145 16856.3454088 16857.3093704 16858.2689533 42.0058878343
-9999.0 -9999.0 -9999.0 -9999.0 -9999.0 -9999.0 -9999.0 -9999.0 -9999.0 -9999.0 -9999.0 -9999.0 -9999.0 -9999.0 -9999.0 -9999.0 -9999.0 -9999.0 -9999.0 -9999.0 15.2811630306 15.9518800227 29.5822930992 396.204517097 409.265229656 10.7368874919 19.1544733945 28.3558471596 34.6574938717 5.35455124126 10.0842768224 801.877226777 805.320413114 809.091770305 836.912063212 1660.6892416 2779.48990591 2783.82902542 2787.67728361 2791.27334866 2807.39441478 2812.78920845 10.3414135955 4.48629764606 2.88822658051 5.31998169414 3.5503879128 5.76595564859 1.75832207899 40.9339926669 45.91227874 50.0022015195 50.4535682366 16858.2287175 16900.8175203
-9999.0 -9999.0 -9999.0 -9999.0 -9999.0 -9999.0 -9999.0 -9999.0 -9999.0 -9999.0 -9999.0 -9999.0 -9999.0 -9999.0 -9999.0 -9999.0 -9999.0 -9999.0 -9999.0 -9999.0 -9999.0 15.5942776177 29.8010720918 44.0865266648 420.903158117 10.9859757921 561.077171671 570.441920484 575.563048914 580.543473605 781.505561875 786.989170835 3.99960430074 20.4207235084 24.7601517196 3.96806486054 1114.50108841 1107.53093188 1.91139093157 4.67086371139 13.0585344069 3.00128892172 3.30713139591 2.26580321251 1.83823652039 1.31484363684 1.63219303126 35.454495196 37.1900192013 39.4290678037 3.71856808437 3.03694292729 52.048870281 52.853597692 53.1479765391
-9999.0 -9999.0 -9999.0 -9999.0 -9999.0 -9999.0 -9999.0 -9999.0 -9999.0 -9999.0 -9999.0 -9999.0 -9999.0 -9999.0 -9999.0 -9999.0 -9999.0 -9999.0 -9999.0 -9999.0 -9999.0 14.3186936766 13.3339902032 69.0746665314 516.842033423 541.102051266 552.935131575 8.81891445295 187.29595776 192.680606975 196.312890651 5.21048700916 9.51229766374 13.344122191 256.623450777 259.437895902 261.799150532 1103.40333258 691.29084502 2.64095692919 2.88209561571 2.71209254673 1.99949082039 21.4362462435 25.8015619815 29.4880289863 31.6183383241 33.6399800129 245.929092928 247.239543219 249.034986841 253.537692831 269.943439715 270.37711196 323.96049143
-9999.0 -9999.0 -9999.0 -9999.0 -9999.0 -9999.0 -9999.0 -9999.0 -9999.0 -9999.0 -9999.0 -9999.0 -9999.0 -9999.0 -9999.0 -9999.0 -9999.0 -9999.0 -9999.0 -9999.0 -9999.0 -9999.0 27.8907850886 42.4258662787 14.2114102304 10.7838555895 158.210532702 167.386655402 173.253656455 53.5284670196 57.4106681892 61.547532327 65.2678583532 250.115104504 254.201079903 142.264076376 407.106733754 409.880845846 689.329328764 5.59237289874 2.88941678687 1.81589541057 14.8555896776 17.4930782579 1.40387632871 1.28196902253 239.499793754 243.028892504 244.738440413 2.27640660615 3.32609129172 267.749179726 1.4981697281 3.83140528983 4.14125176932
-9999.0 -9999.0 -9999.0 -9999.0 -9999.0 -9999.0 -9999.0 -9999.0 -9999.0 -9999.0 -9999.0 -9999.0 -9999.0 -9999.0 -9999.0 -9999.0 -9999.0 -9999.0 -9999.0 -9999.0 -9999.0 -9999.0 13.8955884837 27.5067398712 112.949477342 127.086395778 138.406121213 42.3854066534 49.5348479881 4.42008975726 173.454008222 177.312277384 180.974492731 3.77842464924 134.797066912 139.069371348 3.01685691178 674.705244671 6.45715269477 3.24165146493 8.17189522347 11.0735713533 2.03034690209 1.53248685042 221.17079414 236.385403089 238.564171952 2.27594348807 4.43789333682 5.5083179602 6.44825937097 12.8662005418 1.36024218963 3.19264309192 0.560790119142
-9999.0 -9999.0 -9999.0 -9999.0 -9999.0 -9999.0 -9999.0 -9999.0 -9999.0 -9999.0 -9999.0 -9999.0 -9999.0 -9999.0 -9999.0 -9999.0 -9999.0 -9999.0 -9999.0 -9999.0 -9999.0 -9999.0 13.7814678198 42.7757782501 72.4632502134 14.389992861 24.2242072551 34.1040310846 155.813674756 161.312436315 165.294081792 3.48395596206 112.262086419 123.933806438 127.740607805 2.49319388114 661.617312618 668.978231013 3.42280267951 3.03493656998 6.09432500388 2.34467056 210.229102322 214.317069667 216.916971891 9.80660866092 12.1208971036 1.9070276097 3.28530336306 1.39466160771 9.63633436865 1.45470360249 0.842088457575 0.88553726155 0.921955624196
-9999.0 -9999.0 -9999.0 -9999.0 -9999.0 -9999.0 -9999.0 -9999.0 -9999.0 -9999.0 -9999.0 -9999.0 -9999.0 -9999.0 -9999.0 -9999.0 -9999.0 -9999.0 -9999.0 -9999.0 -9999.0 -9999.0 -9999.0 14.6587243197 15.2574899644 13.8313374744 111.696824798 120.909629652 147.774334771 6.09628472064 96.4184224581 105.720792881 3.88572405236 8.30523260045 3.14712799874 652.776618125 3.65269417111 9.5064100641 11.7843301964 13.8692985784 195.047022191 203.429748591 206.321169276 2.92752355235 5.33728680443 7.42681540201 1.11027504402 0.983158576722 605.276577498 606.266691988 607.027673343 616.536372144 617.57771654 618.867776691 619.514713403
