data/baseflow/mHMbf_acc593.asc
ncols                  80
nrows                 72
xllcorner      4374000.0
yllcorner      5656000.0
cellsize            500
NODATA_value       -9999
[rows 0 to 24 of 72, columns 0 to 54 of 80]
-9999.0 -9999.0 -9999.0 -9999.0 -9999.0 -9999.0 -9999.0 -9999.0 -9999.0 -9999.0 -9999.0 -9999.0 21.2591365315 18.1217038465 -9999.0 -9999.0 -9999.0 -9999.0 -9999.0 -9999.0 -9999.0 -9999.0 -9999.0 -9999.0 -9999.0 -9999.0 -9999.0 -9999.0 -9999.0 -9999.0 -9999.0 -9999.0 -9999.0 -9999.0 -9999.0 -9999.0 -9999.0 -9999.0 -9999.0 -9999.0 -9999.0 -9999.0 -9999.0 -9999.0 -9999.0 -9999.0 -9999.0 -9999.0 -9999.0 -9999.0 -9999.0 -9999.0 -9999.0 -9999.0 -9999.0
-9999.0 -9999.0 -9999.0 -9999.0 -9999.0 -9999.0 -9999.0 -9999.0 -9999.0 -9999.0 -9999.0 -9999.0 41.5758069143 92.1533452747 14.9120819375 -9999.0 13.9970632079 -9999.0 -9999.0 -9999.0 -9999.0 -9999.0 -9999.0 -9999.0 -9999.0 -9999.0 -9999.0 -9999.0 -9999.0 -9999.0 -9999.0 -9999.0 -9999.0 -9999.0 -9999.0 -9999.0 -9999.0 -9999.0 -9999.0 -9999.0 -9999.0 -9999.0 -9999.0 -9999.0 -9999.0 -9999.0 -9999.0 -9999.0 -9999.0 -9999.0 -9999.0 -9999.0 -9999.0 -9999.0 -9999.0
-9999.0 -9999.0 -9999.0 -9999.0 -9999.0 -9999.0 -9999.0 -9999.0 -9999.0 -9999.0 19.3730925328 18.6481053354 19.4502513145 19.0643818914 128.164628087 142.636310287 38.191035669 12.1326103222 -9999.0 -9999.0 -9999.0 -9999.0 -9999.0 -9999.0 -9999.0 -9999.0 -9999.0 -9999.0 -9999.0 -9999.0 -9999.0 -9999.0 -9999.0 -9999.0 -9999.0 -9999.0 -9999.0 -9999.0 -9999.0 -9999.0 -9999.0 -9999.0 -9999.0 -9999.0 -9999.0 -9999.0 -9999.0 -9999.0 -9999.0 -9999.0 -9999.0 -9999.0 -9999.0 -9999.0 -9999.0
-9999.0 -9999.0 -9999.0 -9999.0 -9999.0 -9999.0 -9999.0 -9999.0 -9999.0 18.7544981908 38.1429543207 75.6583129112 37.6764096663 18.3783623191 36.0834439458 159.969267921 224.600704525 13.0930761466 -9999.0 18.8539184197 -9999.0 -9999.0 -9999.0 -9999.0 26.1595199932 13.468305623 -9999.0 -9999.0 -9999.0 -9999.0 -9999.0 -9999.0 -9999.0 -9999.0 -9999.0 -9999.0 -9999.0 -9999.0 -9999.0 -9999.0 -9999.0 -9999.0 -9999.0 -9999.0 -9999.0 -9999.0 -9999.0 -9999.0 -9999.0 -9999.0 -9999.0 -9999.0 -9999.0 -9999.0 -9999.0
-9999.0 -9999.0 -9999.0 -9999.0 -9999.0 -9999.0 -9999.0 -9999.0 20.527805467 58.7495897526 76.7456619299 95.0088260681 130.96507178 17.222633195 69.5796879874 86.1457683606 338.358045789 14.4160170883 15.3949255543 35.4043770572 51.5277223867 16.6929765035 -9999.0 65.5503676701 53.8400452651 14.2399705359 -9999.0 -9999.0 -9999.0 -9999.0 -9999.0 -9999.0 -9999.0 -9999.0 -9999.0 -9999.0 -9999.0 -9999.0 -9999.0 -9999.0 -9999.0 -9999.0 -9999.0 -9999.0 -9999.0 -9999.0 -9999.0 -9999.0 -9999.0 -9999.0 -9999.0 -9999.0 -9999.0 -9999.0 -9999.0
-9999.0 -9999.0 -9999.0 -9999.0 -9999.0 -9999.0 20.4015671713 19.0726066856 18.5294338379 18.7812194966 18.8762640013 133.112988501 282.279936453 300.262465587 315.416412752 14.4765287978 368.263273422 383.696046929 31.5527284254 16.3732857569 67.3916324973 116.104818737 16.1359131837 113.627455171 17.2438232097 16.7216281259 17.988936802 -9999.0 -9999.0 -9999.0 -9999.0 -9999.0 -9999.0 -9999.0 -9999.0 -9999.0 -9999.0 -9999.0 -9999.0 -9999.0 -9999.0 -9999.0 -9999.0 -9999.0 -9999.0 -9999.0 -9999.0 -9999.0 -9999.0 -9999.0 -9999.0 -9999.0 -9999.0 -9999.0 -9999.0
-9999.0 -9999.0 -9999.0 -9999.0 -9999.0 -9999.0 40.8784105938 60.6790839002 137.680588796 192.684226112 17.2051148951 17.8375459915 16.8783779186 49.2377285075 379.728586698 14.1483801905 398.682692912 458.156882178 46.6377829793 30.7036021287 130.784274922 15.6530935072 129.410362075 31.4140543726 15.7699307555 32.0261527304 35.3693016917 17.9446152296 18.4618035911 18.1455895976 18.9903845322 38.0759554097 -9999.0 -9999.0 -9999.0 -9999.0 -9999.0 -9999.0 -9999.0 -9999.0 -9999.0 -9999.0 -9999.0 -9999.0 -9999.0 -9999.0 -9999.0 -9999.0 -9999.0 -9999.0 -9999.0 -9999.0 -9999.0 -9999.0 -9999.0
-9999.0 -9999.0 -9999.0 -9999.0 -9999.0 21.7776649382 42.4383619044 20.5434379116 40.03011187 212.339273832 248.351301164 284.300526259 902.851408629 16.1799041514 395.692987573 1423.10068926 1434.58164783 1912.50383484 12.5432696591 44.9448333142 145.538469824 14.6403930158 307.10496173 162.266663433 99.8984569908 83.8159193074 17.1483155303 53.4988059644 54.1229668907 36.0977625084 17.7171962816 56.2717492884 17.7234357929 17.5379471224 -9999.0 -9999.0 -9999.0 -9999.0 -9999.0 -9999.0 -9999.0 -9999.0 -9999.0 -9999.0 -9999.0 -9999.0 -9999.0 -9999.0 -9999.0 -9999.0 -9999.0 -9999.0 -9999.0 -9999.0 -9999.0
-9999.0 -9999.0 -9999.0 -9999.0 -9999.0 21.9091863691 64.2034934084 127.549274033 147.347312177 292.09555927 310.857510062 368.933851425 602.356161061 950.448007269 983.401220865 998.569206935 27.4964717344 1961.78866062 1987.1432913 2060.13229275 2571.97062692 351.583948471 322.626369831 115.255638048 15.4063211474 100.598129804 68.8643932536 14.8896650462 70.1705496148 15.5949399446 33.0302873124 89.8819802556 106.656636977 34.1566416614 16.6161591912 16.5393491937 -9999.0 -9999.0 -9999.0 -9999.0 12.6205161156 11.4477023106 -9999.0 -9999.0 -9999.0 -9999.0 -9999.0 -9999.0 -9999.0 -9999.0 -9999.0 -9999.0 -9999.0 -9999.0 -9999.0
-9999.0 -9999.0 -9999.0 -9999.0 -9999.0 21.4982784951 20.726905331 84.8519134545 104.848556861 125.330168583 19.6365360934 38.9965392114 220.514316354 38.2310878033 18.0447976294 16.6989675276 14.7267772114 16.3377546754 15.7041149786 15.8807178109 2587.37537687 2630.77947038 14.5115069311 45.0390014995 30.7066938074 115.474296887 30.0681565949 14.4705254813 86.3993502868 30.4614785469 74.0877910165 187.484706434 173.635350923 50.4148851894 49.125104688 16.8151848272 16.7707624388 -9999.0 -9999.0 16.9199231427 27.1928201228 62.4733462434 11.9876716741 -9999.0 -9999.0 -9999.0 -9999.0 -9999.0 -9999.0 -9999.0 -9999.0 -9999.0 -9999.0 -9999.0 -9999.0
-9999.0 -9999.0 -9999.0 -9999.0 -9999.0 -9999.0 21.9150179026 21.7698345936 42.4396288148 63.1433564323 143.407592237 183.336278186 202.668451934 19.9986392561 16.5390952624 219.071301739 268.215778181 283.729854918 348.048132201 362.924098628 14.6859031415 2645.62173246 2718.63189106 58.3809543684 10.7693438271 128.827369991 286.520512153 114.506767182 28.724603646 14.4838650979 290.187930684 202.329980557 14.4862734766 14.5955961304 64.0764768465 49.0353744927 15.471387469 14.8635394096 16.0533881834 32.6908643637 15.5851540773 75.5700117528 90.3091119052 13.8185425426 -9999.0 -9999.0 -9999.0 -9999.0 15.2327578399 14.515119644 4.23333924487 -9999.0 -9999.0 -9999.0 -9999.0
-9999.0 -9999.0 -9999.0 -9999.0 -9999.0 -9999.0 -9999.0 21.6816979412 19.4937043633 40.3797706067 60.8442527401 20.1080798393 18.196043173 114.805850097 150.07965029 186.229970635 16.8097771162 33.4238773499 16.2276825461 378.193840243 836.058360797 847.753363035 3593.73418898 14.3072247402 32.3476386827 10.317083205 300.1572764 13.9955965441 43.3694579878 14.2825943502 304.444838123 318.702692683 29.1120568753 29.107628566 159.802681921 80.1479339272 30.4201029328 15.6043065215 32.0876909487 48.5185420842 78.9483276361 14.4729470674 116.495237725 127.567840946 9.93758300614 10.6930427154 11.1065385711 10.0484573514 9.48838034198 41.670839009 16.6581482893 10.5884910944 -9999.0 -9999.0 -9999.0
-9999.0 -9999.0 -9999.0 -9999.0 -9999.0 -9999.0 -9999.0 -9999.0 40.7787084558 59.6080574281 20.0737913236 40.5550549041 59.6956017087 97.6732281998 18.9776078183 18.5545860078 16.4113202235 16.5685043539 15.1145486239 426.979452396 16.5820077988 32.574234733 3638.24626325 3662.19594621 9.57481529573 51.8271450389 364.016554062 27.3131820939 56.0391829956 25.8740581168 38.4255134032 373.258727803 42.0644247884 229.205092185 187.459894606 14.0732314233 75.1154838141 30.3231424282 46.62391763 14.4508499427 92.7577437971 119.180321516 128.371520588 137.068159386 164.359478414 18.6095690686 19.5886658825 17.88699092 16.7547226195 51.0851435523 10.5993632428 38.0879331348 47.8896269937 -9999.0 -9999.0
-9999.0 -9999.0 -9999.0 -9999.0 -9999.0 -9999.0 -9999.0 -9999.0 21.1920926885 101.538258994 121.27131783 19.7639018234 38.6887136159 18.9111723194 17.6766339852 17.4421874862 216.095140457 286.214153644 350.333374486 414.340640869 15.6294986674 16.2426376087 14.0424171239 3726.18239796 3750.60889025 3759.77085307 483.993612785 109.126883919 96.0164130723 11.7447412312 50.198275698 435.620587398 12.1848246194 241.641574207 13.7599305207 96.8767944833 90.0289242415 14.5437412064 61.0840553192 28.8435573288 42.9768327257 11.9218828451 8.56977979442 145.650969109 153.509368401 172.194951081 28.0061372186 25.8921015031 24.594116308 62.3255724404 83.7504421132 10.693255608 58.5320325227 11.5099121396 21.811750876
-9999.0 -9999.0 -9999.0 -9999.0 -9999.0 -9999.0 -9999.0 -9999.0 -9999.0 21.2879699033 141.590140711 161.178341822 57.7845553553 95.5434323024 130.846435657 148.49557076 17.7568032085 53.6882803785 35.4295518076 18.0537006211 17.7241185905 16.5474961155 32.2238034347 50.87442696 13.4791165177 4266.93937536 4276.51126143 8.85405519194 8.84681619674 23.886696594 35.7461098147 471.21959983 23.8653335912 252.252088039 147.117517589 121.584417898 13.5372490238 27.8346379981 74.1252964125 13.0100594381 55.6805069832 24.2629084862 15.0369900671 6.98452850977 174.942498551 353.389918109 33.7047792092 31.7465342714 32.7764508781 8.71575606028 92.3712522518 8.3975112525 78.1368261533 9.98168670819 31.7596124113
-9999.0 -9999.0 -9999.0 -9999.0 -9999.0 -9999.0 -9999.0 -9999.0 -9999.0 -9999.0 19.4814467358 200.171703068 18.9223241189 37.5955883215 54.7920840903 88.8869566331 17.3175759698 35.7714749779 17.5176112122 16.6432935574 15.8773049036 31.4149289249 14.0981386061 13.7955095452 24.5124658801 12.3760000067 4286.63707004 4304.53639124 4332.52639233 46.8671725676 12.1014911024 24.1481383169 483.725535146 458.349112992 172.980654298 12.8336442376 54.49079103 41.112062128 87.1961886291 26.0228270207 105.409347896 36.8193516573 25.0308964771 5.61967231737 7.52476330078 361.808975283 369.198187338 441.009583339 60.4715063946 18.1464526153 101.694204711 119.240431429 205.634081696 19.5613184313 9.19061079711
-9999.0 -9999.0 -9999.0 -9999.0 -9999.0 -9999.0 -9999.0 -9999.0 -9999.0 -9999.0 -9999.0 10.2668547461 222.352428032 18.0890429421 35.1580837205 158.240041982 17.3854009748 17.2493820287 15.7289595452 32.9772175642 16.2337913169 63.6879905128 92.0325016067 105.128043149 35.5258142353 43.3491302435 8.67843556536 11.4082265264 10.5540658799 4400.03816085 4433.47395828 493.836255908 479.237089979 468.929745114 21.6868714513 10.5984874312 66.4366091627 177.718868403 99.3517871478 38.074753599 155.049854935 55.9898271069 45.0168175786 11.3947542131 4.52375595647 4.21323789055 4.93620858151 465.825280622 550.271630831 8.66103774926 7.90075695529 8.97063712471 214.386179431 242.301594801 16.4825530327
-9999.0 -9999.0 -9999.0 -9999.0 -9999.0 -9999.0 -9999.0 -9999.0 -9999.0 -9999.0 -9999.0 9.69409020753 245.676977823 302.512494697 17.2723855122 192.679036833 16.3347985209 15.898466044 31.8474151977 81.154928975 15.9105609932 16.4855671866 14.0943022161 132.857884351 146.06836765 203.407148647 223.271815382 233.612360418 242.155317532 250.233647817 4692.24096928 5202.13674159 5696.26372546 5702.811373 8.28606583026 10.7939314073 201.689163802 189.773728817 11.9823393071 11.876667806 167.059287202 234.565909701 9.94072692052 104.799791705 95.9671992579 23.3520797117 10.9374068222 18.1669508262 8.29908003111 563.900611071 6.81089209186 23.3721551894 28.7775000812 290.48904507 312.861884556
-9999.0 -9999.0 -9999.0 -9999.0 -9999.0 -9999.0 -9999.0 -9999.0 -9999.0 -9999.0 -9999.0 20.4010999609 39.1147448506 320.924334128 354.14829794 16.5945106378 222.607544562 14.4262790839 44.6319258133 96.053611211 30.8940291931 14.9367609219 29.9643089811 12.4075070611 24.427918316 12.3816919805 11.4415137836 9.91726560385 8.99840942984 7.73109868595 6.66353720862 8.01941220577 9.36919261473 9.94570032363 5727.70436245 234.447843842 213.713624031 5.78794605451 33.7122981596 8.2454718638 7.11574032263 245.102501272 381.839454099 116.097800258 85.3864329739 13.9214834303 5.54983115942 5.02148201648 11.5322998012 582.303256537 594.773232624 6.50475770129 6.64347475276 6.60781504115 6.02208400636
-9999.0 -9999.0 -9999.0 -9999.0 -9999.0 -9999.0 -9999.0 -9999.0 -9999.0 -9999.0 -9999.0 -9999.0 18.0856183619 240.010795147 611.526112462 663.56550005 901.407962206 914.845393219 214.433761333 157.304789896 46.0542937852 14.7894732034 58.8257664973 72.5855682772 109.595323506 25.2139802296 23.41321753 22.0720560983 42.80621657 19.2874246228 17.8675203983 9.99156394124 6.64300487266 6.28056291008 5734.73265934 5975.70009065 5984.49604694 5.62654929076 83.3551437696 37.7358250308 11.4004706896 416.117252381 23.9765010323 12.3329873764 51.3443668636 11.1180877642 8.16145945763 14.8407091352 20.6426262955 27.0466498822 605.440395967 5.00268857918 4.40072362487 4.40467803488 3.68029359765
-9999.0 -9999.0 -9999.0 -9999.0 -9999.0 -9999.0 -9999.0 -9999.0 -9999.0 -9999.0 -9999.0 19.6017630095 182.979564817 221.762628055 35.6103683242 10.7879791261 24.5666690847 955.029026123 968.241066473 1195.7477309 13.63080292 28.3193618859 12.595248391 12.7464656222 121.848520925 159.290057711 193.925994633 10.9836470855 53.558091694 83.409503895 48.2631091474 20.3047443455 15.6134650581 13.2586518379 12.3620958193 5.473275069 5989.92994682 5994.26450139 6086.54244406 18.3018892561 9.9632107329 424.050031927 25.8962201116 13.159436925 13.9165009994 13.7852461087 12.5638066684 21.0446753222 59.5393882185 93.3168209846 703.881089864 3.80879252534 11.5495646154 7.84888265147 6.83598584675
-9999.0 -9999.0 -9999.0 -9999.0 -9999.0 -9999.0 -9999.0 -9999.0 -9999.0 -9999.0 -9999.0 19.9801565989 126.087568508 19.7589187296 17.6282070116 91.0569893633 106.663823335 122.593832896 137.403546907 1624.88164337 1637.65235625 1664.37345282 1859.54288426 1896.34671483 1916.37968036 1928.89750942 2145.76932547 2173.99818529 2185.04861772 2280.35897974 2340.3674045 2350.82606796 2385.91288536 23.0648441173 20.1943705637 4.29764912667 3.75088561711 5999.21636937 6115.49044492 24.7312419289 489.164376774 480.346187652 48.3910943913 11.6897455924 11.828957595 11.481338471 11.3581858443 22.7265608252 31.7502417949 8.13151517765 708.732988231 713.861575919 737.696152637 741.939763289 752.751520514
-9999.0 -9999.0 -9999.0 -9999.0 -9999.0 -9999.0 -9999.0 -9999.0 -9999.0 -9999.0 -9999.0 64.788909338 85.6715794329 40.1835190059 59.1041794593 18.6804920641 213.708943866 230.428221658 263.157952223 276.899396315 108.458134893 1793.85077062 1805.72043586 10.9379614145 7.46580731153 6.68752000996 14.8191746901 7.75657053447 6.07466241753 5.95404974475 6.74442967542 2360.4802454 2395.97050755 2428.91888564 2457.65434465 2472.7480516 6.48400965154 2.19626062907 6622.71946103 502.986424881 498.430540272 10.3722398509 9.53587598088 8.30278271456 20.3789806774 20.0490044971 9.53243684613 9.62705250959 8.83707062879 16.8384579674 21.9011082215 5.30386077265 8.91896781897 2.89482452503 2.17251230028
-9999.0 -9999.0 -9999.0 -9999.0 -9999.0 -9999.0 -9999.0 -9999.0 -9999.0 -9999.0 -9999.0 -9999.0 43.7804826768 20.5634444876 19.1316066593 180.359403337 197.459261453 17.1545682529 67.4044375192 82.8983589944 96.5725955122 14.8890138378 10.3645756044 271.780704655 279.893617484 287.691542942 741.197119841 747.250553745 758.200080919 816.677466625 848.933214249 854.028580175 5.76229758662 6.0657662537 6.19962014447 2479.46484284 2.98582659633 6701.42126317 6696.28952572 69.5542766688 63.8993826586 39.2958006897 9.91879792959 16.8499338883 29.1201356881 28.6853784647 18.4017286707 9.24788389471 17.8808147488 17.6894748748 29.5587906255 4.45028555112 13.0365363511 20.3341164418 24.8111794635
-9999.0 -9999.0 -9999.0 -9999.0 -9999.0 -9999.0 -9999.0 -9999.0 -9999.0 -9999.0 -9999.0 -9999.0 22.5050081042 63.5737944169 83.3554439272 142.638700021 17.4827391047 35.3673028735 51.9730939159 203.447009163 217.330324419 227.784271178 240.275317175 252.499254797 392.010881651 427.41777346 447.17210721 7.56632768063 47.2891370123 54.0307114147 832.345435681 859.938242303 873.430542227 887.235789636 898.334416697 3381.65516932 6.87205772224 6720.66925739 8.59954964484 4.16023743427 54.2567192797 47.3598830063 7.11843034436 24.8407763923 37.1513947283 36.4256468805 25.5068874719 41.7920150346 66.1113938016 24.8787557891 61.0445987894 5.42464582583 7.75172606603 1.57680757258 1.26404700995
