data/baseflow/mHMbf_acc394.asc
ncols                  80
nrows                 72
xllcorner      4374000.0
yllcorner      5656000.0
cellsize            500
NODATA_value       -9999
[rows 25 to 49 of 72, columns 0 to 54 of 80]
-9999.0 -9999.0 -9999.0 -9999.0 -9999.0 -9999.0 -9999.0 -9999.0 -9999.0 -9999.0 -9999.0 -9999.0 28.0248144257 55.6548026532 26.1214385066 52.2202788123 22.9644524502 177.120511707 221.648137728 244.62022328 21.2950638083 40.8031051652 401.674537642 498.810196021 515.751766529 39.9418285787 37.7709186232 53.792513239 11.2135678763 10.4107809446 19.9892927175 9.34866002925 626.749556503 636.046493914 646.726811002 4595.61933686 8902.26581585 8825.54235562 18.3182156168 8.14130733056 7.42164821232 24.8086840208 17.8809342307 48.2590414737 68.4803697374 138.466895862 12.3739179544 12.2630656019 113.323396871 124.196110708 244.347420577 253.429171045 271.093303228 280.779453794 8.78009983617
-9999.0 -9999.0 -9999.0 -9999.0 -9999.0 -9999.0 -9999.0 -9999.0 -9999.0 -9999.0 -9999.0 -9999.0 -9999.0 26.728285287 53.7092408058 80.9458039207 129.269139547 25.0787450337 23.0023446703 162.833572942 184.212718768 363.605105725 386.101462024 62.226275295 21.2315379945 19.7158308789 18.5314571425 563.450107672 576.469628709 588.321844359 598.592639757 617.884782026 110.01167112 121.362433533 779.210814859 14281.4874291 64.5140508366 55.9589779801 27.5889616257 7.33162655766 6.55397350002 39.955307083 46.223110507 61.4961401103 6.32606524239 145.248151757 20.3986804941 19.8487231179 5.55158692498 4.85302780343 4.71498193032 5.12934650435 4.85225174398 286.315761688 3791.76983891
-9999.0 -9999.0 -9999.0 -9999.0 -9999.0 -9999.0 -9999.0 -9999.0 -9999.0 -9999.0 -9999.0 -9999.0 -9999.0 -9999.0 25.7780230444 49.6426655881 71.4654185746 93.9488159935 117.008311651 140.774044293 69.5429919303 116.229467138 21.9876304926 20.9580154429 467.016427322 507.54866508 526.347249469 547.091516328 16.2574750587 29.3768172753 76.6041193188 89.6389834267 100.526370439 12.560916268 12.8051642036 14310.5824056 9.22544677569 17.2217442624 8.12909787637 26.7938731961 12.8885127523 7.54091227202 115.723889583 123.483888551 5.86442497773 151.827148923 177.530378065 25.21307595 3997.74600451 3987.35245203 3976.99718693 3954.95599695 3945.21664676 3809.95475866 3805.13954306
-9999.0 -9999.0 -9999.0 -9999.0 -9999.0 -9999.0 -9999.0 -9999.0 -9999.0 -9999.0 -9999.0 -9999.0 -9999.0 -9999.0 5.37883936534 12.4877105324 21.813829583 195.53964804 219.385565193 24.235834735 23.4363082635 23.3441121129 381.225887646 426.508433806 22.0218937705 22.3234296266 17.9534556525 74.1066691034 92.4940399962 48.8823009341 61.9760227661 430.135628586 443.20894628 469.844798824 750.432010234 15066.4586595 9.10302689227 7.23902712736 39.2090364075 32.8365216545 6.73462479181 21.4520007646 28.3210259404 131.352436996 138.536307084 332.552965753 181.945737361 27.8593008858 4113.38996103 61.9688156945 3967.07098419 3961.27901425 125.97682271 6.71810190571 9.58156244979
-9999.0 -9999.0 -9999.0 -9999.0 -9999.0 -9999.0 -9999.0 -9999.0 -9999.0 -9999.0 -9999.0 -9999.0 -9999.0 -9999.0 28.4250724181 46.1141969083 97.2283034908 171.074916745 239.973663788 290.039418862 313.388784154 337.138874829 360.350993197 22.1278571071 20.1480252686 39.4688083964 37.2536694618 19.3726590437 372.630074729 390.336835749 406.979262348 423.257191843 238.281363324 250.428803883 266.197138258 15071.1271568 15.5242040135 18.5025396286 61.1340308148 5.07576722201 14.1840598758 7.56197059127 6.32818726167 35.030217074 5.92244289087 6.3302501998 4478.67231538 4141.05724243 4134.56380856 22.7184061479 56.6838347575 36.376576544 8.62743161242 111.993497904 32.5668385994
-9999.0 -9999.0 -9999.0 -9999.0 -9999.0 -9999.0 -9999.0 -9999.0 -9999.0 -9999.0 -9999.0 -9999.0 -9999.0 -9999.0 20.0414458236 18.5006190928 36.0832451755 55.3531364745 25.6888977915 27.2247562885 51.6056991675 75.4414778391 120.909790108 143.437506067 163.650449281 224.052929453 243.008408935 263.665727913 18.4738103801 184.30931121 200.117945603 214.68541289 11.6570400893 6.3668049291 10.4728830654 15335.7103433 15340.07754 15365.046227 74.3074744161 9.73989032433 21.3483068144 6.18238080295 11.4442510778 40.5009199418 51.4000356207 11.6458264859 4507.36399463 9.46762109431 12.4996966594 13.3772075476 11.477042208 20.2292456401 8.86599410704 71.4842457389 54.8420753191
-9999.0 -9999.0 -9999.0 -9999.0 -9999.0 -9999.0 -9999.0 -9999.0 -9999.0 -9999.0 -9999.0 -9999.0 -9999.0 -9999.0 -9999.0 17.4556134151 34.6977439543 17.3140149879 35.9160093778 226.026154928 248.23138727 271.063540903 22.6461069054 22.6721320678 42.8635528987 63.558195529 100.390207543 119.488417884 130.397804053 148.111763951 14.1436497219 12.7400084782 233.157609607 239.38987649 244.162037305 249.28111352 207.967902699 15594.1862896 15701.3294996 15704.7644389 15728.7173196 15749.8130154 15767.6810199 5.91926176764 56.5523976114 4513.35041231 15.0129896821 7.68373545013 8.19757066806 7.35254314296 12.7129878709 11.4479384576 6.56283290685 8.77039623666 8.04418079279
-9999.0 -9999.0 -9999.0 -9999.0 -9999.0 -9999.0 -9999.0 -9999.0 -9999.0 -9999.0 -9999.0 -9999.0 -9999.0 -9999.0 -9999.0 -9999.0 51.6489002862 70.5629396081 126.327658672 169.844196674 23.8181187507 320.757208271 343.211135927 364.475591742 21.0480625614 41.1855864206 18.2618085732 138.64387246 148.698962318 165.166890524 181.160167264 218.530470493 224.281068 3.70163967366 187.6509509 197.938663625 203.149682285 224.471847238 28.4511453339 18.4979810091 11.7790118786 10.9982096205 15783.8504121 15792.4599579 15886.5862368 4519.49960107 40.6040772423 19.8605703048 13.3589421758 4.12974206898 36.5247987955 18.6400550134 5.84550111396 30.7896502463 25.7697500798
-9999.0 -9999.0 -9999.0 -9999.0 -9999.0 -9999.0 -9999.0 -9999.0 -9999.0 -9999.0 -9999.0 -9999.0 -9999.0 -9999.0 -9999.0 -9999.0 19.5297643331 89.149082678 108.735899893 24.9665057466 24.1201671954 49.198160412 72.4309800846 458.882060976 20.776127086 83.5935557279 102.647240665 121.528240631 10.4774637868 25.586528067 34.1946240998 151.825229039 169.005475447 173.757128072 5.33716359421 4.94336972952 5.92054425474 11.0317773216 4.6535431943 4.68248759383 9.41231269255 6.42542128507 9.7621056695 31.0496759937 15896.3384998 20440.6687509 49.0999378062 5.25640543795 4.17467000492 110.208182977 101.112185323 58.3482761441 51.9873050485 38.5257392007 8.47864915539
-9999.0 -9999.0 -9999.0 -9999.0 -9999.0 -9999.0 -9999.0 -9999.0 -9999.0 -9999.0 -9999.0 -9999.0 -9999.0 -9999.0 -9999.0 16.0795547067 53.711337826 17.9667634844 27.1089148452 26.7731125093 51.3752842559 75.5511397522 97.5582542687 575.354718325 595.475094868 20.7469432097 39.8707616727 59.2351973963 73.1320395261 88.8947074367 133.963806425 146.330868697 10.7956027701 8.70404901551 6.58295851301 10.5494094744 8.76762753018 8.81793942391 6.96720961188 8.40005741712 35.0248350049 16.9657107523 9.34582826681 9.08686086408 8.79480101531 16.5888358306 20776.8040556 283.891549982 131.390211883 11.2707173207 4.90143962186 4.39416223822 14.9708742238 10.2550491623 5.15761937115
-9999.0 -9999.0 -9999.0 -9999.0 -9999.0 -9999.0 -9999.0 -9999.0 -9999.0 -9999.0 -9999.0 -9999.0 -9999.0 -9999.0 17.1256053591 32.6707346106 120.472089485 17.6583578291 51.6624486741 77.7066037685 102.09656667 25.2150525779 47.4281300656 69.014180683 682.504269125 19.5256624332 37.2859004558 55.5333205326 16.9944201072 33.5288096789 43.2865535131 54.3672869089 1308.54932064 1327.26606174 1343.56301698 1428.65314694 1456.37531407 1518.99431465 14.7529576768 32.3604702373 43.5325862641 1717.72784565 1734.96463694 8.47779706156 15.136336448 21.5720402988 20784.5205659 274.929384469 129.890914896 124.30304645 98.4222725871 86.4952035715 19.9156297585 4.90440437146 9.18053893312
-9999.0 -9999.0 -9999.0 -9999.0 -9999.0 -9999.0 -9999.0 -9999.0 -9999.0 -9999.0 -9999.0 -9999.0 -9999.0 -9999.0 17.039458967 52.0103075508 189.531018283 279.188600461 16.1573156483 370.303076156 491.280472748 23.9686215025 45.9878080395 68.0606876004 877.308950875 895.724533216 17.2775380616 90.6311212556 107.24202567 121.085567624 1189.47057186 1223.89178586 1245.5043212 10.5967012838 60.2880799138 71.7055840656 33.3469967764 47.63781096 1587.22667749 1641.92320114 1654.18228253 1665.95834492 1751.17335848 7.95768968603 7.31280892116 35.0939350078 20792.1522247 7.86755203565 6.96827000818 21.0592653804 7.59872291702 77.7289219973 64.4202470838 37.8066321906 26.9720276455
-9999.0 -9999.0 -9999.0 -9999.0 -9999.0 -9999.0 -9999.0 -9999.0 -9999.0 -9999.0 -9999.0 -9999.0 -9999.0 -9999.0 -9999.0 -9999.0 36.3170300057 73.206206705 332.32202398 351.504212431 508.265412958 527.432298998 23.4795913684 46.931377779 110.744742873 913.571587275 950.277354443 965.899729083 13.5872813561 1022.55106625 1057.46342744 22.6143681424 10.7134736873 20.5291467437 40.4102298342 9.9760384443 20.3780261049 45.39497531 57.3237288959 11.1770211849 8.29427803935 16.6720779182 1805.62914462 1821.35560922 1827.7217796 1878.64197151 20798.9739195 5.28512351544 5.37610656586 6.34837932802 6.12826772484 6.24728310088 5.55614659605 10.5027049205 3.82351336269
-9999.0 -9999.0 -9999.0 -9999.0 -9999.0 -9999.0 -9999.0 -9999.0 -9999.0 -9999.0 -9999.0 -9999.0 -9999.0 -9999.0 -9999.0 -9999.0 18.957421391 18.6436735988 18.7210249999 39.172385341 17.5005832039 562.03714099 579.557027766 21.8541296794 43.3707121695 21.2946710818 18.3536652113 17.9251116722 997.117233704 11.6250234486 23.4298664722 11.8686384366 10.7301982176 9.93718867729 8.21932811982 8.50043113621 25.8037146784 35.1352049163 7.29168804555 6.66710475131 14.267098975 23.2672665029 28.325146738 6.89728916481 1836.31650583 1885.03681046 20803.5877871 23.632178595 13.5667107163 3.982579108 9.22400645526 3.18844778537 2.35670035563 13.164307196 19.0150953797
-9999.0 -9999.0 -9999.0 -9999.0 -9999.0 -9999.0 -9999.0 -9999.0 -9999.0 -9999.0 -9999.0 -9999.0 -9999.0 -9999.0 -9999.0 -9999.0 -9999.0 -9999.0 18.4361245555 56.4082789606 72.1852237401 89.0656202635 595.904758004 612.068999475 628.885449505 649.033093027 666.540160705 702.717239541 713.840211908 724.831523682 734.419549278 9.47561295481 8.90880852113 9.56308043283 35.1039341783 9.26673365066 8.86568091131 7.26467386398 21.4464056149 8.45405255203 6.84614820306 6.39424964682 5.63630326304 11.2481087514 16.2749212586 1918.34901188 22750.613646 4.61899833551 10.5541080013 3.24414399305 12.5390599864 6.66764586644 4.74415653667 46.7665894513 30.8432143444
-9999.0 -9999.0 -9999.0 -9999.0 -9999.0 -9999.0 -9999.0 -9999.0 -9999.0 -9999.0 -9999.0 -9999.0 -9999.0 -9999.0 -9999.0 -9999.0 -9999.0 -9999.0 -9999.0 15.8660984374 122.245424321 245.084502466 262.990912519 23.5286755903 45.3892524393 66.6452027086 85.0842052481 205.043542145 215.114902403 9.76107749244 9.62938917092 753.744294579 771.206569404 779.360441108 42.1219369634 6.8622776916 15.9784612488 23.5425357614 70.1197779454 86.0544151365 99.1233838125 12.0488107153 16.7406707428 5.63895423396 11.2553855571 5.82310744636 22761.1526761 4.4040800394 18.6631516158 8.7436208712 24.544305938 48.4550743892 55.4453354841 104.41443954 34.0619123557
-9999.0 -9999.0 -9999.0 -9999.0 -9999.0 -9999.0 -9999.0 -9999.0 -9999.0 -9999.0 -9999.0 -9999.0 -9999.0 -9999.0 -9999.0 -9999.0 -9999.0 -9999.0 17.2471669648 54.3717709247 106.724525285 139.855016685 363.522720935 384.048583934 44.0415061654 65.4295360849 84.2561671162 102.988192975 225.715299387 245.641546106 430.382694648 444.157466875 452.825463025 788.209609745 854.540755303 16.0489099563 9.81416352893 9.49304757044 18.3819345477 8.56421176489 115.538222986 121.747942552 22.0518183778 26.0699811062 4.5672510456 4991.07756332 5002.83268948 27771.1533788 27795.5454421 4.14737789877 33.5081718888 5.22903917071 4.8530586165 114.068882443 152.074300805
-9999.0 -9999.0 -9999.0 -9999.0 -9999.0 -9999.0 -9999.0 -9999.0 -9999.0 -9999.0 -9999.0 -9999.0 -9999.0 -9999.0 -9999.0 -9999.0 -9999.0 -9999.0 -9999.0 19.2094632879 18.6410957776 35.6451154456 84.9011163729 400.055243182 22.4486877256 22.1834829549 40.6551276325 59.7189378401 145.460697645 158.370650124 9.4801337848 9.6066336129 464.036491721 473.493809117 1335.65223673 1342.61607298 6.09369699207 5.4340816752 4.58538105289 4.63143220854 4.82755103653 4890.16883574 4924.96366857 4955.41032973 4964.08597436 4987.02983125 6.36987790803 23.3386623745 29.569733633 27836.0141628 27838.7767034 27842.6537086 27845.6294085 27848.0938454 156.788405113
-9999.0 -9999.0 -9999.0 -9999.0 -9999.0 -9999.0 -9999.0 -9999.0 -9999.0 -9999.0 -9999.0 -9999.0 -9999.0 -9999.0 -9999.0 -9999.0 -9999.0 -9999.0 -9999.0 -9999.0 17.4237726321 18.0681039084 33.6976606207 465.741818326 483.490589746 21.7793602229 40.2327502232 59.7402390145 74.2497053988 12.6528249458 23.5062650967 1078.03250531 1087.57847882 1095.27877222 1159.70635218 2509.69423106 4662.09967372 4675.71341555 4688.16046662 4700.12404113 4747.42970393 4762.56073652 29.2095492525 13.4309346414 7.94662086572 15.0905800927 11.4739649657 18.2444197757 5.97861193614 120.82473175 133.829075317 143.627813128 146.800051007 27850.838056 28010.9093273
-9999.0 -9999.0 -9999.0 -9999.0 -9999.0 -9999.0 -9999.0 -9999.0 -9999.0 -9999.0 -9999.0 -9999.0 -9999.0 -9999.0 -9999.0 -9999.0 -9999.0 -9999.0 -9999.0 -9999.0 -9999.0 17.636512583 33.7861823422 49.9919570352 497.263047465 18.3785607551 679.820649896 699.691249917 711.940686172 723.285942801 1031.88815148 1043.93305564 10.2529612245 48.4709856231 58.5384664052 10.0222637269 2138.60767379 2120.38225167 6.12226497576 13.7927564488 36.6995710518 7.98337372178 8.39469258399 6.66725539227 5.75963293317 4.45230923442 5.31626231164 102.028903953 107.665568993 114.346385633 7.17696868274 5.25785084668 150.407818899 154.654758338 156.773672809
-9999.0 -9999.0 -9999.0 -9999.0 -9999.0 -9999.0 -9999.0 -9999.0 -9999.0 -9999.0 -9999.0 -9999.0 -9999.0 -9999.0 -9999.0 -9999.0 -9999.0 -9999.0 -9999.0 -9999.0 -9999.0 16.3080466031 15.2677083347 78.702524114 608.290336333 642.929150946 662.026610634 19.8999573959 279.305474213 291.852846756 297.526327169 11.517456342 22.5908967264 32.6015778551 516.765589242 524.684080935 531.655203809 2107.34392871 1245.57547255 7.56733454255 7.77375862297 7.49391019158 6.06151437271 59.5125408307 72.4056782641 83.7044177266 90.1043991163 96.2867570751 552.665415157 557.246338641 560.990035167 569.980323116 621.769208632 624.527407222 784.500075641
-9999.0 -9999.0 -9999.0 -9999.0 -9999.0 -9999.0 -9999.0 -9999.0 -9999.0 -9999.0 -9999.0 -9999.0 -9999.0 -9999.0 -9999.0 -9999.0 -9999.0 -9999.0 -9999.0 -9999.0 -9999.0 -9999.0 31.7530992754 48.2186992565 17.800340647 21.5813736642 210.558255007 230.534259862 245.48390888 106.725813189 117.443587301 128.701446848 138.619334359 499.546581642 509.422593647 307.027352987 846.950414099 854.771700201 1239.20398409 15.1202940581 7.59781374257 5.49925523542 40.3830317622 47.4746563834 4.55158946302 4.22518696299 531.78984028 542.69485274 548.261101435 4.92442228423 6.8166962072 612.799356416 6.40345173314 21.977125749 24.1043865304
-9999.0 -9999.0 -9999.0 -9999.0 -9999.0 -9999.0 -9999.0 -9999.0 -9999.0 -9999.0 -9999.0 -9999.0 -9999.0 -9999.0 -9999.0 -9999.0 -9999.0 -9999.0 -9999.0 -9999.0 -9999.0 -9999.0 15.8058339848 31.3126197325 131.740984808 149.92990299 169.932858024 78.8835009711 95.6454212553 11.6840371582 330.478432388 341.064648445 351.169573496 9.82014053159 288.436593346 298.576298143 8.04375191206 1200.01988867 16.6875470597 8.28971315174 21.4558523937 29.0758277748 5.9409488987 4.8036864995 479.635250275 521.915512796 528.364851461 6.51430881333 14.0359815266 17.8180717775 20.9381859638 40.35308202 7.84043249296 17.9879495565 3.71773078531
-9999.0 -9999.0 -9999.0 -9999.0 -9999.0 -9999.0 -9999.0 -9999.0 -9999.0 -9999.0 -9999.0 -9999.0 -9999.0 -9999.0 -9999.0 -9999.0 -9999.0 -9999.0 -9999.0 -9999.0 -9999.0 -9999.0 15.6125272542 48.954933079 84.9092601026 20.2975394905 40.6754846158 60.6077294994 284.202413078 297.645149541 308.399958098 9.91159365876 230.242138118 260.487501082 270.026358341 7.43192192726 1166.68584791 1184.31340558 8.32858270878 7.71837216135 15.3796535213 6.4134646674 447.363732127 459.145471867 465.960728892 26.1900477284 32.5770459831 5.5978434476 10.0680405699 4.5128500704 31.0001255378 4.76582848994 4.48629513343 4.84697939742 5.11749239739
-9999.0 -9999.0 -9999.0 -9999.0 -9999.0 -9999.0 -9999.0 -9999.0 -9999.0 -9999.0 -9999.0 -9999.0 -9999.0 -9999.0 -9999.0 -9999.0 -9999.0 -9999.0 -9999.0 -9999.0 -9999.0 -9999.0 -9999.0 17.1883926189 18.7392296856 22.1782839517 190.303715905 209.659383733 266.335726475 14.7957702477 188.120562038 211.455182195 10.3076395439 21.1107080622 8.43691045573 1142.79733395 8.98625472461 24.2977634887 30.7274144611 36.784000095 407.351585935 428.842147438 436.197087844 7.38412583709 13.8652607426 19.7486328603 3.63107631583 3.24870509352 1091.87120734 1095.27995083 1098.02505669 1127.14051846 1130.98459344 1136.59629698 1140.53562537
