data/baseflow/mHMbf_acc280.asc
ncols                  80
nrows                 72
xllcorner      4374000.0
yllcorner      5656000.0
cellsize            500
NODATA_value       -9999
[rows 0 to 24 of 72, columns 0 to 54 of 80]
-9999.0 -9999.0 -9999.0 -9999.0 -9999.0 -9999.0 -9999.0 -9999.0 -9999.0 -9999.0 -9999.0 -9999.0 24.2566442571 18.2963194871 -9999.0 -9999.0 -9999.0 -9999.0 -9999.0 -9999.0 -9999.0 -9999.0 -9999.0 -9999.0 -9999.0 -9999.0 -9999.0 -9999.0 -9999.0 -9999.0 -9999.0 -9999.0 -9999.0 -9999.0 -9999.0 -9999.0 -9999.0 -9999.0 -9999.0 -9999.0 -9999.0 -9999.0 -9999.0 -9999.0 -9999.0 -9999.0 -9999.0 -9999.0 -9999.0 -9999.0 -9999.0 -9999.0 -9999.0 -9999.0 -9999.0
-9999.0 -9999.0 -9999.0 -9999.0 -9999.0 -9999.0 -9999.0 -9999.0 -9999.0 -9999.0 -9999.0 -9999.0 46.4403709177 99.4355948604 14.8597456156 -9999.0 11.2344457597 -9999.0 -9999.0 -9999.0 -9999.0 -9999.0 -9999.0 -9999.0 -9999.0 -9999.0 -9999.0 -9999.0 -9999.0 -9999.0 -9999.0 -9999.0 -9999.0 -9999.0 -9999.0 -9999.0 -9999.0 -9999.0 -9999.0 -9999.0 -9999.0 -9999.0 -9999.0 -9999.0 -9999.0 -9999.0 -9999.0 -9999.0 -9999.0 -9999.0 -9999.0 -9999.0 -9999.0 -9999.0 -9999.0
-9999.0 -9999.0 -9999.0 -9999.0 -9999.0 -9999.0 -9999.0 -9999.0 -9999.0 -9999.0 21.5193960167 20.5818777436 21.3283169991 21.0281316938 139.087295829 155.124278942 30.627463759 9.61456782841 -9999.0 -9999.0 -9999.0 -9999.0 -9999.0 -9999.0 -9999.0 -9999.0 -9999.0 -9999.0 -9999.0 -9999.0 -9999.0 -9999.0 -9999.0 -9999.0 -9999.0 -9999.0 -9999.0 -9999.0 -9999.0 -9999.0 -9999.0 -9999.0 -9999.0 -9999.0 -9999.0 -9999.0 -9999.0 -9999.0 -9999.0 -9999.0 -9999.0 -9999.0 -9999.0 -9999.0 -9999.0
-9999.0 -9999.0 -9999.0 -9999.0 -9999.0 -9999.0 -9999.0 -9999.0 -9999.0 20.8819971656 42.4811195847 84.1667168789 41.6117321704 20.3952444632 40.0215759515 174.337437041 229.142500691 11.3702314385 -9999.0 20.3075164288 -9999.0 -9999.0 -9999.0 -9999.0 21.0655012311 10.7314421053 -9999.0 -9999.0 -9999.0 -9999.0 -9999.0 -9999.0 -9999.0 -9999.0 -9999.0 -9999.0 -9999.0 -9999.0 -9999.0 -9999.0 -9999.0 -9999.0 -9999.0 -9999.0 -9999.0 -9999.0 -9999.0 -9999.0 -9999.0 -9999.0 -9999.0 -9999.0 -9999.0 -9999.0 -9999.0
-9999.0 -9999.0 -9999.0 -9999.0 -9999.0 -9999.0 -9999.0 -9999.0 22.2408372194 64.490234354 84.4393790374 104.898643254 145.568202544 19.4355734823 77.71665271 96.4227138938 356.782624474 17.0969695679 17.7507360096 38.8939953643 56.9653689968 18.5212414381 -9999.0 56.4147988728 46.4224384868 13.234347604 -9999.0 -9999.0 -9999.0 -9999.0 -9999.0 -9999.0 -9999.0 -9999.0 -9999.0 -9999.0 -9999.0 -9999.0 -9999.0 -9999.0 -9999.0 -9999.0 -9999.0 -9999.0 -9999.0 -9999.0 -9999.0 -9999.0 -9999.0 -9999.0 -9999.0 -9999.0 -9999.0 -9999.0 -9999.0
-9999.0 -9999.0 -9999.0 -9999.0 -9999.0 -9999.0 23.1802316396 21.601618687 20.56845255 20.7822800542 20.6950452992 146.875674615 312.71871762 332.803131264 349.442974741 15.5578259749 390.24517461 407.989744224 36.2797705961 18.437517281 74.8311657174 129.454953459 18.3423411648 111.092968356 19.4254447474 19.2245592575 19.9195195327 -9999.0 -9999.0 -9999.0 -9999.0 -9999.0 -9999.0 -9999.0 -9999.0 -9999.0 -9999.0 -9999.0 -9999.0 -9999.0 -9999.0 -9999.0 -9999.0 -9999.0 -9999.0 -9999.0 -9999.0 -9999.0 -9999.0 -9999.0 -9999.0 -9999.0 -9999.0 -9999.0 -9999.0
-9999.0 -9999.0 -9999.0 -9999.0 -9999.0 -9999.0 46.3207594084 68.6488316522 154.930842497 216.097394978 19.3517726204 20.1503795691 19.1843819967 55.8406829964 422.589673881 16.280939473 425.407233554 493.18798738 53.2436626782 35.2743315846 146.48198436 17.8312310206 128.986766789 35.9903357159 18.165408597 37.0249801717 39.6755262477 19.9987525958 20.6804064434 20.4238558082 21.0521479869 42.1618404446 -9999.0 -9999.0 -9999.0 -9999.0 -9999.0 -9999.0 -9999.0 -9999.0 -9999.0 -9999.0 -9999.0 -9999.0 -9999.0 -9999.0 -9999.0 -9999.0 -9999.0 -9999.0 -9999.0 -9999.0 -9999.0 -9999.0 -9999.0
-9999.0 -9999.0 -9999.0 -9999.0 -9999.0 23.8828563635 47.1475978625 23.0720245321 44.6764921766 237.670058197 277.71425424 318.031633884 1009.92879711 18.3329734045 440.800459139 1591.88196527 1604.83560414 2120.20180959 14.2050084206 52.2121164199 163.572102584 16.993867699 331.557119081 184.964289491 113.557037577 95.267690144 19.5700170415 60.1592837296 61.0219103968 40.6927292972 20.030575134 62.5509652816 19.7163670208 19.5568774783 -9999.0 -9999.0 -9999.0 -9999.0 -9999.0 -9999.0 -9999.0 -9999.0 -9999.0 -9999.0 -9999.0 -9999.0 -9999.0 -9999.0 -9999.0 -9999.0 -9999.0 -9999.0 -9999.0 -9999.0 -9999.0
-9999.0 -9999.0 -9999.0 -9999.0 -9999.0 24.0481978941 71.0322473171 141.590037483 163.756014126 324.81668186 345.889453427 410.612664991 673.24662176 1063.70469598 1100.83756873 1117.93297161 31.7811813141 2176.52736192 2205.58167454 2290.50033713 2854.34996929 383.254086656 349.361344934 131.226505769 17.6947674016 114.701625633 78.1475983264 17.5188188354 79.3446023439 17.8444452332 37.4591331552 100.438184542 119.475112305 38.4422256945 18.9458086878 18.8841525998 -9999.0 -9999.0 -9999.0 -9999.0 12.6190432481 10.7679199806 -9999.0 -9999.0 -9999.0 -9999.0 -9999.0 -9999.0 -9999.0 -9999.0 -9999.0 -9999.0 -9999.0 -9999.0 -9999.0
-9999.0 -9999.0 -9999.0 -9999.0 -9999.0 23.675200376 23.2645810151 94.1600666869 116.488776259 139.214664221 21.8008378372 43.3795033108 247.97737008 43.3733981635 20.2753733437 18.8657772369 17.0354133177 18.5231362588 18.1124395442 18.1812588148 2871.95796286 2922.79128142 16.9623189219 52.0927235805 35.2864885961 131.968290389 35.2497750908 17.2606471578 97.8467884278 34.9518176029 84.7421496801 211.100639275 195.266881222 56.8954767464 56.2833321841 19.1699722456 19.146064115 -9999.0 -9999.0 19.7346297386 29.738224536 62.9688398155 11.3427236645 -9999.0 -9999.0 -9999.0 -9999.0 -9999.0 -9999.0 -9999.0 -9999.0 -9999.0 -9999.0 -9999.0 -9999.0
-9999.0 -9999.0 -9999.0 -9999.0 -9999.0 -9999.0 24.2429414294 23.8034615517 47.2479178046 70.7043113928 160.960372092 205.718860313 227.808984385 23.0118888652 19.0362560335 247.805209387 303.699933423 321.595672644 395.805667888 413.335780761 17.2059874356 2940.10598449 3024.13658986 66.9315420247 11.3044106411 147.375257187 330.141783307 131.512988149 33.8383560272 17.0017025769 329.300364825 228.422037784 17.0121186816 17.2033249432 73.9415887179 56.3670744023 18.3651101826 18.1976671532 18.9033898695 38.4143767626 18.5152199781 76.6365203366 94.8069326061 17.7200163606 -9999.0 -9999.0 -9999.0 -9999.0 19.062363731 18.4749157223 5.21945445085 -9999.0 -9999.0 -9999.0 -9999.0
-9999.0 -9999.0 -9999.0 -9999.0 -9999.0 -9999.0 -9999.0 23.760789211 21.944899496 45.5441028743 68.329466851 22.5011992124 20.6484222953 129.455959573 169.413427788 210.028171039 19.026098446 38.3169557545 18.6419744807 431.169203217 946.831575582 958.46301163 4014.68378299 16.7334670829 34.641989574 11.1588831105 346.394314052 16.5729387212 50.9986626571 16.7938915147 346.117263013 362.930743601 34.1825834791 34.3136650273 185.020429425 92.9176756721 36.81891261 18.5635084698 37.7559729753 57.1199092192 93.6154337332 17.9217675426 128.431099835 142.438111467 12.7407956534 13.4028255951 14.1730330483 13.171524144 12.6507546199 53.4943816909 21.2118603854 14.0585036366 -9999.0 -9999.0 -9999.0
-9999.0 -9999.0 -9999.0 -9999.0 -9999.0 -9999.0 -9999.0 -9999.0 46.6892358491 68.0480680578 22.7670981043 45.8780866393 67.3315026474 109.941216065 21.5540560471 21.0429485478 18.9148775637 19.0545064831 17.7609284458 479.790468216 19.0003041485 37.46464076 4064.19415295 4095.46481542 13.3785279068 61.8379918101 423.654689717 32.50615612 66.3625237347 31.5405615652 46.6964068142 428.054726035 49.8739161529 268.306930332 218.448501368 16.9572902181 90.4311329782 36.1944117694 55.3660592074 17.5324186134 110.785546716 144.110734023 156.218771851 167.876982999 190.700886578 24.3117352044 25.7437124332 24.1536331167 23.0337445461 66.9282623314 14.5283921912 50.0995852952 63.6772518947 -9999.0 -9999.0
-9999.0 -9999.0 -9999.0 -9999.0 -9999.0 -9999.0 -9999.0 -9999.0 23.985402852 115.592352136 138.065995234 22.500472774 43.8987473401 21.3853601561 20.1880370387 19.9767773292 244.879923916 324.171691034 396.822435266 467.351221204 18.4138578644 18.6914186411 18.7280927108 4170.26633267 4199.59637383 4212.19634762 569.460465397 130.873019961 114.47958379 14.7464725241 61.4475661276 504.609146092 15.280653306 283.750700713 16.6724735955 116.24656699 108.233191336 17.4734146347 72.9380357034 35.0318903713 52.3609213857 15.3825906276 11.4803650352 179.432540685 190.294052655 201.539315541 37.2546759685 35.2876860164 34.2525918127 82.1362460632 111.425366549 14.6276832677 77.6765581146 14.5983265069 27.8736351738
-9999.0 -9999.0 -9999.0 -9999.0 -9999.0 -9999.0 -9999.0 -9999.0 -9999.0 24.036062707 161.010962337 183.313387579 65.4724083657 107.967825304 147.952651432 167.741017437 19.8447689801 60.4821903972 39.9791872425 20.1191119629 19.9967943256 18.9158087659 37.8360076442 62.4602337066 18.4389626777 4813.4186954 4826.90264009 12.6246428802 12.6258059028 29.5872859848 44.1485525381 548.970251384 29.8102876814 297.604915239 178.122793888 146.706832784 16.6402204658 33.8536170129 89.1673128121 16.2163254718 68.3618796139 31.2059215819 20.2656359184 8.43681508853 217.847149932 428.888375291 46.0691366337 44.3989958612 46.6117636019 12.7991011549 124.057924927 12.4068200354 104.755974493 13.1098427265 40.9441741912
-9999.0 -9999.0 -9999.0 -9999.0 -9999.0 -9999.0 -9999.0 -9999.0 -9999.0 -9999.0 22.0881356957 227.735104126 21.518790649 42.7183011481 62.1045682719 100.808767632 19.7393308969 40.453113519 19.9527952693 19.3064039121 18.6106347164 37.0027596095 17.1511169421 18.5475802143 33.7239587218 17.2710902068 4840.69201523 4865.96169737 4905.78922854 57.6835238201 14.7932807463 29.5325390638 564.227308943 550.341785682 209.777572083 15.7066607169 66.7247113133 50.2272706849 105.424482441 32.4105192006 131.717585398 47.1143901617 33.4326701187 6.05570287984 8.99271134232 440.230647774 450.640578554 550.752431088 85.7876206351 26.0030425893 137.347658203 162.864738869 279.745978958 26.0049807785 12.315852704
-9999.0 -9999.0 -9999.0 -9999.0 -9999.0 -9999.0 -9999.0 -9999.0 -9999.0 -9999.0 -9999.0 11.287012336 252.245359955 20.5162590572 39.7209834543 179.428880088 19.9458611916 19.8375831724 18.3304477701 38.2360125205 18.8097801604 74.4921391329 108.773366439 125.041901151 48.9241508844 60.6004165091 12.353706687 16.1998441526 15.2349880319 4990.82614822 5031.251987 577.419043387 576.925109075 563.732254 28.7735647017 14.1088283626 81.7921292161 217.703209973 120.859006758 47.7305848468 194.463242449 70.2841294296 55.9313796005 12.6897314294 5.64792408985 5.60698102704 6.66775346478 581.621463164 701.532571559 12.4330980476 11.7573323742 12.4205246269 291.624775111 329.085320108 22.4658009252
-9999.0 -9999.0 -9999.0 -9999.0 -9999.0 -9999.0 -9999.0 -9999.0 -9999.0 -9999.0 -9999.0 10.7156795315 278.288771107 342.150104245 19.5221729476 218.485870923 19.0428990974 18.5373612982 36.9358127384 93.9730600681 18.4381831674 18.945276438 16.9667485042 158.753312529 174.913391889 252.286581555 279.457629455 293.826787525 306.058394831 320.565666141 5364.40157246 5963.15759003 6560.36250818 6569.52642086 12.4191855557 14.1137696201 247.923854362 232.88010684 15.2625830181 15.1571376705 208.922349976 294.109797828 13.045446836 129.2854295 118.785143889 27.0230820004 13.2819795824 21.3830332307 11.1632876467 721.402988983 9.81843185244 33.6358182114 42.2354001008 396.686153886 425.223430526
-9999.0 -9999.0 -9999.0 -9999.0 -9999.0 -9999.0 -9999.0 -9999.0 -9999.0 -9999.0 -9999.0 22.7811460062 43.7909429487 362.887824543 400.650556995 18.8381376314 252.590761368 17.0460996879 52.3235384623 111.286600026 35.9387014023 17.4559045476 35.0826286842 15.453122372 30.2251967297 15.1186254359 13.9946425934 11.6514205336 10.2506574131 9.53359414939 8.65467910685 10.4995437281 12.4562301155 14.8646150972 6607.25839971 290.852239136 267.80095215 9.71420878799 44.1063721784 11.308506261 9.62093671985 308.180184045 480.027243017 144.35912502 106.246029049 15.1917800226 6.49003770972 6.09145569585 15.5093313745 747.075896775 765.989564492 9.73085799418 9.81721468474 8.79894991928 6.47374832379
-9999.0 -9999.0 -9999.0 -9999.0 -9999.0 -9999.0 -9999.0 -9999.0 -9999.0 -9999.0 -9999.0 -9999.0 20.3769507889 264.891037541 685.161063029 743.520210087 1013.811329 1028.61860066 248.936421688 182.50762419 53.5919588078 17.3163622428 69.0920850543 85.5126687603 131.045164704 30.6718396008 28.8442184869 26.673756986 51.6209289894 24.0627761205 22.706567179 11.8260201454 7.46643078723 8.43296099553 6619.22593568 6919.19092206 6929.39614931 9.35459686357 114.34558963 50.2367598724 14.9753130015 525.371807831 31.5947508511 16.1371599203 65.8694062723 13.5507613401 11.2718730866 20.9541119277 30.0033251497 39.7588098354 782.996333725 8.1895891603 7.43492057416 7.47241982962 5.99737991496
-9999.0 -9999.0 -9999.0 -9999.0 -9999.0 -9999.0 -9999.0 -9999.0 -9999.0 -9999.0 -9999.0 21.7443379834 201.392017685 244.256977637 39.5748524499 11.7953838016 27.5966603743 1073.87087439 1089.30732839 1352.79749859 15.9481320553 33.1641400842 15.0250218542 15.1712507262 145.816853513 191.235689691 234.178873931 13.8029602376 65.4002370974 103.06495762 60.9891279187 25.1533314956 18.7712196888 16.3288494329 15.5862557107 8.09391488485 6937.89422704 6945.04694824 7073.99969276 25.7099329479 13.5210683014 536.084024188 34.003223389 17.1914256368 17.9450988029 17.8217818164 16.7571092601 28.111195942 81.78147699 131.599403994 922.862374246 6.67834063098 20.0053357238 13.5086324503 11.5377573613
-9999.0 -9999.0 -9999.0 -9999.0 -9999.0 -9999.0 -9999.0 -9999.0 -9999.0 -9999.0 -9999.0 22.0540590653 137.973926612 21.7496615207 19.7306916069 100.555983154 118.092231856 135.94837069 152.954443016 1826.03592421 1840.52635953 1871.07635737 2091.12113295 2133.982523 2157.5086204 2172.5923593 2433.55852256 2466.92269642 2480.71969768 2598.06422317 2673.63895732 2687.06130119 2729.51943975 29.1932392103 24.7599343659 5.96185431232 5.60225984755 6952.72138376 7117.42462057 36.4206759252 623.345366415 610.740196246 65.0587959124 15.8775761748 16.0698442151 15.6548665123 15.3120641057 30.7001251734 43.6120586705 11.9558920555 930.848338345 939.077132484 979.876383944 986.940153849 1005.09563248
-9999.0 -9999.0 -9999.0 -9999.0 -9999.0 -9999.0 -9999.0 -9999.0 -9999.0 -9999.0 -9999.0 70.5745987242 93.5486417176 44.5590006342 65.2580674614 20.4602874616 233.834586062 252.182107335 288.344377446 303.110560336 119.552016211 2013.71149458 2027.46917769 12.1799648919 8.48782375489 7.30427711535 16.690090769 8.69417977494 6.86692714071 6.73688954467 7.85768871838 2697.90813765 2741.21870884 2783.13001606 2819.35928508 2842.24516584 9.84722762575 3.89103300037 7768.88967008 644.425674993 636.281513615 13.8015108231 13.3372062769 12.671617517 29.258122521 28.8448726536 13.3376588885 13.3849407603 12.5499396345 24.3923085602 32.89521744 6.34102057161 11.8009891533 4.86704785173 2.99984890916
-9999.0 -9999.0 -9999.0 -9999.0 -9999.0 -9999.0 -9999.0 -9999.0 -9999.0 -9999.0 -9999.0 -9999.0 47.5957954636 22.7396831267 21.1039913164 197.327739618 216.004688533 18.8782256667 73.6669983461 90.8211165373 105.864015415 16.3913407368 12.2499626276 298.451234281 308.379727432 317.770011784 815.094178234 822.291003869 834.874845516 896.7948555 933.673996517 939.702108805 6.28795094806 6.50677132492 7.1180198844 2853.05970572 5.16231388053 7879.01694753 7871.10429821 95.6459016372 86.3324220012 53.8385137905 13.7235517416 25.2515893561 42.3738652854 42.0133099111 26.3235580198 13.0255577895 25.3235799776 25.1060372031 44.0503591823 6.8977045189 18.0642171172 30.29726291 36.4392022312
-9999.0 -9999.0 -9999.0 -9999.0 -9999.0 -9999.0 -9999.0 -9999.0 -9999.0 -9999.0 -9999.0 -9999.0 24.3363709582 69.2015190179 90.7167032171 155.983639613 18.8976399582 38.1779597501 56.3390667715 221.559893817 236.659913698 247.415590319 261.477072541 275.367794097 427.239610949 468.534612305 489.363711352 7.94202435115 49.561256465 56.5358118069 914.213699741 945.991986476 959.978017285 974.26868326 987.527438057 3846.09521641 4.34617489483 7900.85277368 11.9357871857 5.43094549078 73.2193398074 64.5927903041 9.47996438396 36.5941956784 53.8355607021 53.2039772367 36.818368786 60.2614030577 95.2409840862 35.6645967543 89.5084694706 7.57976341294 11.099444344 2.23351152197 1.71365903076
