data/baseflow/mHMbf_acc397.asc
ncols                  80
nrows                 72
xllcorner      4374000.0
yllcorner      5656000.0
cellsize            500
NODATA_value       -9999
[rows 25 to 49 of 72, columns 0 to 54 of 80]
-9999.0 -9999.0 -9999.0 -9999.0 -9999.0 -9999.0 -9999.0 -9999.0 -9999.0 -9999.0 -9999.0 -9999.0 35.911362329 71.3386541894 34.1211932237 68.729688837 32.3745986395 237.354205816 300.916756718 332.880715591 30.3406502761 59.242404685 550.00134275 687.893036 711.390226042 55.6022883468 50.5654478986 73.543136341 18.9821039325 18.3353972615 35.2308519536 15.5299371206 824.537325347 841.081042088 858.933271202 6732.88625023 12993.3902594 12877.711906 32.8159205023 13.7503293967 12.7782891407 45.6800379947 32.2470150365 76.0196631518 103.962908241 208.77270533 18.1711703394 18.0514662644 172.736024448 189.627919861 365.505813677 379.479590489 412.664210357 431.338103926 16.8516050472
-9999.0 -9999.0 -9999.0 -9999.0 -9999.0 -9999.0 -9999.0 -9999.0 -9999.0 -9999.0 -9999.0 -9999.0 -9999.0 35.3448390962 70.2281588984 104.998829217 171.274358378 34.0461092261 32.4033590873 211.564184135 242.267019312 493.631524135 523.877144572 86.2706951353 30.3111149656 28.8897084858 25.765630006 718.799934259 739.138173513 758.888245639 776.526407042 809.064240792 167.238264615 184.573340518 1060.24683517 20792.4294295 100.918238378 88.4398035327 46.7868055711 11.9033064685 11.4426377975 71.7161528822 83.1320544552 100.821414409 12.2146518456 221.675132551 31.8137468741 31.3359880901 10.7816564711 9.47027796806 8.94426700835 8.03216829993 8.90516232975 441.684223127 5902.48603582
-9999.0 -9999.0 -9999.0 -9999.0 -9999.0 -9999.0 -9999.0 -9999.0 -9999.0 -9999.0 -9999.0 -9999.0 -9999.0 -9999.0 34.5866287019 62.8203817589 88.357460576 114.609757009 146.936189635 179.70866425 97.3125123114 161.104432534 30.3560094277 29.9231020299 579.455079359 638.242144066 666.126164081 695.14522229 22.9723433825 43.2393737806 112.167083113 133.409530165 151.869637916 18.3501295057 16.3245089379 20831.1163556 13.1875131161 23.4383644178 11.028733067 43.8952562048 21.5696844895 11.0047263042 195.781250055 205.75173234 9.21932425948 231.190008495 272.757460464 41.7602776701 6242.73764626 6223.03469118 6203.8414399 6167.5628883 6152.37910264 5937.29055053 5929.71940269
-9999.0 -9999.0 -9999.0 -9999.0 -9999.0 -9999.0 -9999.0 -9999.0 -9999.0 -9999.0 -9999.0 -9999.0 -9999.0 -9999.0 5.67194459544 13.5695686398 25.2342520591 213.513377719 247.048887337 33.5690144327 32.6397351465 32.1542332321 458.500907256 520.819259315 30.4443606049 30.8065959377 27.5707835896 111.100119908 137.900859465 70.7813985413 91.6670559186 621.66561311 642.368659919 677.846532698 1090.52408396 21928.402707 12.4936778941 10.1408153785 63.6560184562 53.6616872907 9.91671430426 31.0693878028 40.5347787963 216.379836039 225.962490223 525.26820731 281.054411271 47.8572679065 6409.16896193 83.8757182295 6185.7975567 6176.92565714 200.078570225 9.52517538749 22.3742284172
-9999.0 -9999.0 -9999.0 -9999.0 -9999.0 -9999.0 -9999.0 -9999.0 -9999.0 -9999.0 -9999.0 -9999.0 -9999.0 -9999.0 29.8618848622 48.5070073971 104.929969825 182.737378478 269.99636412 331.804916232 364.171785378 396.687715488 428.274886941 31.0095071729 29.5529023585 58.6356441147 55.8325418965 28.2360634141 534.658346279 560.956275848 585.500831495 609.705209885 358.335593063 378.617944724 396.510090973 21934.046707 20.5231336358 23.9351938976 93.1353535686 8.74658226839 18.282239112 9.26664588534 8.8896253312 49.1594455376 8.36650585518 8.87826402015 6976.51506072 6444.03623864 6435.35520517 28.1928398048 74.9704228929 49.7143138627 13.0891928442 182.165046862 57.9565116589
-9999.0 -9999.0 -9999.0 -9999.0 -9999.0 -9999.0 -9999.0 -9999.0 -9999.0 -9999.0 -9999.0 -9999.0 -9999.0 -9999.0 20.9989834456 19.247314371 37.4083868505 57.8613545398 31.6374172856 34.639803263 67.7710461381 100.690065477 164.019823633 195.589198793 225.401310109 314.269633929 342.330552279 371.391999749 26.6828129584 270.153999656 294.154080507 317.438770037 20.8041255742 13.046544535 20.7275594396 22344.1250214 22349.4246572 22381.4957121 115.188781681 16.4683341006 29.6426845663 8.69846846575 16.106346725 56.5787725044 71.9924573479 16.5246364188 7014.73399986 11.7092327352 15.6421593141 16.7927324508 13.9383389126 25.7686092897 11.5353545688 110.016981744 88.2027913058
-9999.0 -9999.0 -9999.0 -9999.0 -9999.0 -9999.0 -9999.0 -9999.0 -9999.0 -9999.0 -9999.0 -9999.0 -9999.0 -9999.0 -9999.0 18.1099717961 36.1796634452 18.5726274928 38.6767834374 245.312739716 275.044639494 307.811325561 31.6243576608 31.6210954028 61.4851395881 91.5027145712 147.332680397 175.451767703 191.135602298 217.229301587 22.498528175 21.6587370909 357.41233819 369.695294574 376.76840472 383.525771016 311.459999907 22720.5014802 22878.5486905 22884.1170334 22918.6691224 22950.2911691 22975.8449354 8.78802327574 79.3546533579 7023.45176999 22.3603440572 11.3854942641 10.5760387235 9.15855890164 16.3556776846 16.038781564 8.84557760648 10.8114140284 10.7201697538
-9999.0 -9999.0 -9999.0 -9999.0 -9999.0 -9999.0 -9999.0 -9999.0 -9999.0 -9999.0 -9999.0 -9999.0 -9999.0 -9999.0 -9999.0 -9999.0 53.9182971361 74.5871906769 134.59932955 183.54268072 27.4243320387 369.192551098 400.723358587 432.035029009 30.6340512439 60.7313618972 27.9427261584 204.93114539 220.067915123 243.946461624 267.566667425 328.416211447 338.846005144 6.42941187671 285.57215218 298.982467149 305.187460723 333.404726419 37.4324419501 24.4466629651 16.0638273546 15.4505471527 22998.7664939 23010.7625784 23141.512928 7032.47135743 57.7160278027 26.8008401636 17.8831146594 6.14295689096 49.0878863982 25.3811238859 8.15019816503 42.5947921299 35.316557321
-9999.0 -9999.0 -9999.0 -9999.0 -9999.0 -9999.0 -9999.0 -9999.0 -9999.0 -9999.0 -9999.0 -9999.0 -9999.0 -9999.0 -9999.0 -9999.0 20.7197438009 94.3792001126 115.431538214 29.1803356321 33.3152662579 66.6041338165 98.3679327487 561.799605599 30.5096715145 122.224731919 150.686573407 178.878564226 15.9949413504 38.7257482107 53.9192889988 231.398094703 259.856942303 265.966956583 6.70457841242 6.84843481176 8.4696106881 15.5467762342 6.81042880553 7.29835048235 14.8935917141 11.2487515365 14.7190284918 41.9944602631 23154.1836235 30220.6641755 69.4034270947 8.07948759971 5.91713291843 148.995108002 135.756674741 78.4192511452 70.1337622465 52.5267253715 10.6016007751
-9999.0 -9999.0 -9999.0 -9999.0 -9999.0 -9999.0 -9999.0 -9999.0 -9999.0 -9999.0 -9999.0 -9999.0 -9999.0 -9999.0 -9999.0 16.8845631691 57.2072880737 19.3791692036 33.6448226801 35.4841987802 69.0737745251 102.007159271 130.903302816 714.828626292 744.852794009 30.5053367944 59.1175564792 87.8018193563 108.628558827 132.912823936 207.497994442 223.419341455 19.9010645773 15.1243613883 12.2891593695 16.9446196468 14.7576171193 14.0175560165 11.6653301009 13.9222677469 52.7435065724 25.0758825302 11.7932354965 11.4698863189 11.8709235575 22.9317236581 30683.2336877 387.160432229 175.215576625 12.9086369043 5.64116158471 5.50353634842 19.9229622865 14.0662593713 7.32997155512
-9999.0 -9999.0 -9999.0 -9999.0 -9999.0 -9999.0 -9999.0 -9999.0 -9999.0 -9999.0 -9999.0 -9999.0 -9999.0 -9999.0 17.8864107751 34.2605072382 127.801141643 19.1067400558 62.9372155625 98.1921268855 132.195096405 34.1048342479 65.7511066545 92.3397447343 858.668605474 29.6858949315 57.3412043865 85.2157362504 25.5880860219 50.8761619889 70.6863611581 86.4525992162 1774.17932615 1803.63097639 1828.80572903 1943.17707129 1989.16909327 2078.68325521 23.6549032362 51.8653775086 66.5317994141 2364.31866011 2387.59606825 10.9298921408 20.895856215 30.5421309476 30692.8230118 372.301714617 181.966262939 175.725724178 132.755690891 114.70363178 26.4843069102 6.24271172139 12.7758400428
-9999.0 -9999.0 -9999.0 -9999.0 -9999.0 -9999.0 -9999.0 -9999.0 -9999.0 -9999.0 -9999.0 -9999.0 -9999.0 -9999.0 17.7870260883 54.1893491798 199.741204995 293.011424105 17.6103742888 391.014694728 544.834575874 33.22928475 64.7896791926 93.0613004109 1123.94715181 1147.75978421 26.1766360699 137.9361102 162.250940724 184.109894502 1587.8999118 1642.459845 1671.66904604 14.0751224802 81.4391950664 96.260588298 44.6196916427 63.6718942217 2171.70892834 2253.33163963 2269.52316522 2285.29412184 2411.20741868 11.6667871468 10.617310198 50.2381181909 30701.8610076 8.61038577444 12.5168875304 37.4692633325 13.0495797625 104.126039398 81.5877073045 47.499173951 34.5075052353
-9999.0 -9999.0 -9999.0 -9999.0 -9999.0 -9999.0 -9999.0 -9999.0 -9999.0 -9999.0 -9999.0 -9999.0 -9999.0 -9999.0 -9999.0 -9999.0 37.6499906129 75.8886869747 349.229727147 369.599786153 562.990504974 584.747448918 32.4399954689 64.7932904943 153.906477353 1168.32789208 1220.35909581 1243.73193055 20.0770057451 1327.15438692 1383.95051047 35.0386055342 14.1859475094 28.2120552738 54.9919214543 13.1044454416 26.7685712051 62.0934429113 77.6187120841 14.121256172 11.1426364745 22.6811409426 2485.55576931 2508.70622058 2518.27663012 2589.74199312 30710.2212486 6.0184795043 10.6646269507 11.7289298181 11.4604007826 11.5970378364 10.6184193515 20.4673656188 4.59961760372
-9999.0 -9999.0 -9999.0 -9999.0 -9999.0 -9999.0 -9999.0 -9999.0 -9999.0 -9999.0 -9999.0 -9999.0 -9999.0 -9999.0 -9999.0 -9999.0 19.5927244037 19.3148545988 19.5833555719 42.3383587002 19.0054039561 622.229665309 642.329246697 30.0358464229 60.6708409332 30.0402745575 25.7029529588 25.3108790287 1289.86021744 19.7615817788 39.0487621404 17.6643648618 14.815911724 13.7048487454 11.5903609063 11.8563903582 35.162055665 47.4133154085 10.0298889181 9.4030871033 19.4478991606 30.7747030797 38.5870584935 10.0063587635 2529.33659172 2599.10366224 30715.8820857 39.1413980472 27.6077050031 8.47861091782 18.4864029268 7.17115534187 5.53747238665 26.5257012903 23.2557902695
-9999.0 -9999.0 -9999.0 -9999.0 -9999.0 -9999.0 -9999.0 -9999.0 -9999.0 -9999.0 -9999.0 -9999.0 -9999.0 -9999.0 -9999.0 -9999.0 -9999.0 -9999.0 19.10265778 60.4319384376 77.2988280413 95.5356520104 660.043494749 677.677246733 696.773081581 721.632443277 746.603130237 797.221451688 816.258187185 835.536608116 851.787806336 14.1723520528 13.2170687947 13.6679879026 49.2351041225 12.5477941055 11.8464326931 10.3326272618 29.9836651787 11.1519075085 9.30680314603 8.84639477574 8.0621727327 16.0983731999 22.9135840789 2644.97983195 33406.3973959 5.36617853748 12.5698420806 7.57767837178 25.9131772051 14.8858987367 11.1356052835 68.220268503 38.2843124283
-9999.0 -9999.0 -9999.0 -9999.0 -9999.0 -9999.0 -9999.0 -9999.0 -9999.0 -9999.0 -9999.0 -9999.0 -9999.0 -9999.0 -9999.0 -9999.0 -9999.0 -9999.0 -9999.0 16.7177177131 127.20824523 258.141965203 277.918546316 27.6738425494 57.444752562 88.1322641901 115.515507039 288.093994041 303.670672044 15.0576640097 14.4748504635 880.062032619 905.806541231 918.037897466 59.6861595577 10.2862349807 22.143905724 32.7672750356 96.2269962189 117.385810014 135.162757521 16.724395891 23.3496839266 7.66509958299 15.0260206584 7.58234079663 33420.2820404 5.19615547559 22.0874593668 14.2204903006 44.8298423166 79.99795723 93.7376380563 164.487784643 47.8335168807
-9999.0 -9999.0 -9999.0 -9999.0 -9999.0 -9999.0 -9999.0 -9999.0 -9999.0 -9999.0 -9999.0 -9999.0 -9999.0 -9999.0 -9999.0 -9999.0 -9999.0 -9999.0 17.9812222781 56.3852353885 110.862729485 145.483065684 382.924580448 406.677862232 62.4270798461 93.1541036924 120.859122149 148.237162407 321.350214531 352.566525345 633.057709699 654.433900248 667.54733732 930.96008092 1025.27059155 22.930791431 12.855709033 12.5842479565 24.1567399499 11.2106201898 156.449301377 164.906674106 30.6390847307 37.8748858378 7.26533395777 6727.8802193 6742.58204991 40171.6308542 40200.003113 4.80336303503 55.209334632 5.79904864462 5.43087686923 175.979118293 228.592743555
-9999.0 -9999.0 -9999.0 -9999.0 -9999.0 -9999.0 -9999.0 -9999.0 -9999.0 -9999.0 -9999.0 -9999.0 -9999.0 -9999.0 -9999.0 -9999.0 -9999.0 -9999.0 -9999.0 19.8109894081 19.2678392313 37.0516973164 88.511022754 423.866234989 31.5580687038 31.3269852326 59.0316688379 86.8300317004 217.024139762 237.928989991 15.7362438962 14.4090192128 683.240852575 696.629248441 1733.52846036 1744.65823499 9.20272918168 8.47230099306 7.12585215072 7.18270571772 6.98826789633 6588.51824816 6633.57669899 6678.76279472 6692.53698432 6720.91377979 7.85654827475 29.3967733895 37.7442376279 40250.8403468 40254.0708621 40259.1164418 40264.7895443 40268.4522614 235.607062764
-9999.0 -9999.0 -9999.0 -9999.0 -9999.0 -9999.0 -9999.0 -9999.0 -9999.0 -9999.0 -9999.0 -9999.0 -9999.0 -9999.0 -9999.0 -9999.0 -9999.0 -9999.0 -9999.0 -9999.0 18.1668234515 18.7542167429 35.1401848641 492.711968257 513.229028861 31.0974280546 58.6595926858 86.7522514146 110.161183599 21.8242410194 39.6383118219 1285.38435818 1299.69888748 1311.69914503 1407.0469945 3163.26271304 6279.80511501 6299.32039853 6316.81330748 6333.81523756 6396.40192736 6415.68774181 36.7871924414 17.31993058 9.57863904602 18.4301439508 14.5250330867 22.756241753 7.3248397112 156.599153975 171.102357152 182.340813578 187.015520121 40273.2615819 40514.8061348
-9999.0 -9999.0 -9999.0 -9999.0 -9999.0 -9999.0 -9999.0 -9999.0 -9999.0 -9999.0 -9999.0 -9999.0 -9999.0 -9999.0 -9999.0 -9999.0 -9999.0 -9999.0 -9999.0 -9999.0 -9999.0 18.3750651262 35.2863997882 52.2647424982 528.13785318 23.9235817104 738.37931259 767.07086122 789.731629918 809.074197552 1210.5799367 1228.85637782 14.827620109 71.7461253124 85.6924594175 13.4333406664 3096.64429302 3072.2385656 8.48668632318 18.4567353647 47.7442519195 10.0843229794 10.2184100432 8.65267826176 7.53233630323 6.1314400667 6.87345550139 133.354725425 140.309022255 148.239173413 7.20609791699 5.66983003793 190.984616298 196.494158392 199.630354082
-9999.0 -9999.0 -9999.0 -9999.0 -9999.0 -9999.0 -9999.0 -9999.0 -9999.0 -9999.0 -9999.0 -9999.0 -9999.0 -9999.0 -9999.0 -9999.0 -9999.0 -9999.0 -9999.0 -9999.0 -9999.0 17.1419069346 16.082982165 82.7166239474 645.961418304 687.573446676 711.026276586 28.538515669 350.484398391 372.871753804 382.819084206 17.8585709903 33.4403647155 47.5681308225 755.333902235 766.614041192 776.423398068 3054.04040252 1772.60900662 9.81299719567 9.87076173781 9.64135561152 8.05521848576 79.2597019339 95.653421978 110.376727238 118.318076116 126.05148229 815.974801281 821.812705768 827.461242997 841.604701878 912.7812942 916.778702545 1120.97018091
-9999.0 -9999.0 -9999.0 -9999.0 -9999.0 -9999.0 -9999.0 -9999.0 -9999.0 -9999.0 -9999.0 -9999.0 -9999.0 -9999.0 -9999.0 -9999.0 -9999.0 -9999.0 -9999.0 -9999.0 -9999.0 -9999.0 33.3743714082 50.5990747843 19.7551160938 31.2063257651 247.218123195 276.405342224 299.110124852 154.651258041 174.837890595 194.769289414 209.530220189 731.156642891 744.411999205 473.193132531 1260.79219519 1271.56496138 1763.77935862 19.8498935862 9.84856386663 7.76079719928 54.176034721 63.2392248374 6.17453411085 5.8013014499 789.992163159 803.635360587 810.357380177 7.37424547316 10.4041140029 899.431186035 8.75370127794 30.0309631138 33.1479526543
-9999.0 -9999.0 -9999.0 -9999.0 -9999.0 -9999.0 -9999.0 -9999.0 -9999.0 -9999.0 -9999.0 -9999.0 -9999.0 -9999.0 -9999.0 -9999.0 -9999.0 -9999.0 -9999.0 -9999.0 -9999.0 -9999.0 16.5723717059 32.880815748 140.618598719 161.035450507 187.261339303 110.248067225 134.129684569 20.6574322551 471.612497014 490.578943733 507.77287537 14.6901855094 447.742106702 461.217001023 11.0158551941 1712.33989525 21.6149258461 10.7854417102 28.7321075759 38.6015774219 7.94888973985 6.73936027428 724.054666788 777.643790064 785.392594346 7.97497009944 17.957430137 23.2016354156 28.1270379329 53.6503848497 10.8667563872 24.4525580052 5.14538992627
-9999.0 -9999.0 -9999.0 -9999.0 -9999.0 -9999.0 -9999.0 -9999.0 -9999.0 -9999.0 -9999.0 -9999.0 -9999.0 -9999.0 -9999.0 -9999.0 -9999.0 -9999.0 -9999.0 -9999.0 -9999.0 -9999.0 16.384497981 51.5538793623 90.8309853314 23.9912306676 54.3035643097 83.0970545483 389.900859108 412.443766825 432.14097593 18.9881328531 352.853295657 406.28519708 420.950329777 13.3167111119 1667.32201667 1690.72832479 11.039909631 10.4835565788 20.3620943764 8.6817876909 681.127989725 696.788607379 705.213496094 32.9560632498 40.7726622406 7.05453927029 12.7340490052 5.72478349114 40.4404675019 5.8247656064 6.05459324803 6.55701043186 6.70923500515
-9999.0 -9999.0 -9999.0 -9999.0 -9999.0 -9999.0 -9999.0 -9999.0 -9999.0 -9999.0 -9999.0 -9999.0 -9999.0 -9999.0 -9999.0 -9999.0 -9999.0 -9999.0 -9999.0 -9999.0 -9999.0 -9999.0 -9999.0 18.2561709724 20.580016867 27.8300669619 254.469139519 282.25732163 364.377617719 23.3691312618 275.117589891 316.658978167 18.4783009075 36.8458925787 14.9531964015 1628.90145456 13.9041493914 37.2827495249 46.7407232389 55.8090514643 626.803987579 656.704390274 665.882131699 9.19471753032 17.3206889765 24.8697563579 4.94816481365 4.48344956397 1535.58981371 1540.08812441 1543.70014658 1579.28913753 1584.06471547 1591.07507827 1596.43497883
