data/baseflow/mHMbf_acc271.asc
ncols                  80
nrows                 72
xllcorner      4374000.0
yllcorner      5656000.0
cellsize            500
NODATA_value       -9999
[rows 25 to 49 of 72, columns 0 to 54 of 80]
-9999.0 -9999.0 -9999.0 -9999.0 -9999.0 -9999.0 -9999.0 -9999.0 -9999.0 -9999.0 -9999.0 -9999.0 15.3250464698 30.1502918056 13.2027285733 26.1106715416 9.91225023992 83.3770237869 101.382206702 111.106256361 8.56228752637 16.4992889818 168.303372005 206.519752248 211.891451334 11.4590885737 10.0609910799 14.6093079232 3.30778654656 2.86013980556 5.49716597166 2.34799752139 269.188240102 272.145506754 272.967442067 1968.83068625 3916.60914793 3903.05386108 2.98679029313 1.86892562304 1.79422778151 9.78827756141 8.31707753796 21.8039882861 31.928908396 63.6736079434 5.53138623111 5.47228420785 51.1909655253 56.3789611952 106.018986972 107.998013008 114.580231395 115.987055813 1.17458209989
-9999.0 -9999.0 -9999.0 -9999.0 -9999.0 -9999.0 -9999.0 -9999.0 -9999.0 -9999.0 -9999.0 -9999.0 -9999.0 13.0291113839 26.4711103555 40.3656562023 62.1072145033 11.2662870561 9.4353620351 69.7547175843 78.2048704036 152.458050579 162.108804098 26.3199399942 7.35859514508 5.5117034818 4.66495041147 251.852866974 255.132031537 258.463576579 261.327395422 266.321443477 35.4346067273 36.5762585386 310.263167754 6197.48175253 11.4111776286 8.52255434384 4.71755035273 1.49194869035 1.38842108733 12.8846805912 13.7448740271 24.5641425189 1.53232966781 66.0597033941 9.43924298533 9.22108135638 1.56026512006 0.823034576015 0.624194802692 0.568406588188 0.638762716214 116.681984738 1298.22045156
-9999.0 -9999.0 -9999.0 -9999.0 -9999.0 -9999.0 -9999.0 -9999.0 -9999.0 -9999.0 -9999.0 -9999.0 -9999.0 -9999.0 12.2875285288 23.3973183407 32.7554424498 41.6221222456 51.0266114836 61.0317225342 28.1909757222 48.3497955783 9.25451214886 8.29817050736 218.807494598 234.44100204 241.37115477 248.146598611 4.12275260977 7.22319150423 22.5604859343 27.0127385014 31.8733773561 1.74978993267 0.795775295369 6202.93752504 2.33303710205 2.80928970529 1.47053279958 5.64676925245 2.82132655176 1.1739165825 39.4552549838 40.2679634404 0.665492305486 66.7871667865 76.9382637427 9.87915128746 1329.95569433 1327.82701105 1326.33196219 1323.75731897 1322.77765202 1304.56096935 1303.92172717
-9999.0 -9999.0 -9999.0 -9999.0 -9999.0 -9999.0 -9999.0 -9999.0 -9999.0 -9999.0 -9999.0 -9999.0 -9999.0 -9999.0 3.58005766942 7.15336409198 9.59384914206 106.241507917 115.673247879 9.8782511384 9.63364512828 9.93641857079 184.010904233 203.192083739 9.2827793552 9.29048179658 6.33086633129 27.8298988627 34.9301471183 14.0507700629 19.0488261307 169.918322246 175.457024568 182.282786249 281.70460494 6486.79156406 2.10703374976 1.06841751247 8.28034444424 7.05025509438 0.976608151847 3.26444475393 4.3673542972 41.2648432822 42.0386436061 120.811127981 77.4467599914 11.2350583711 1350.81726698 5.64571287352 1325.11729126 1324.48291136 17.2323564599 1.32347762238 3.83605382767
-9999.0 -9999.0 -9999.0 -9999.0 -9999.0 -9999.0 -9999.0 -9999.0 -9999.0 -9999.0 -9999.0 -9999.0 -9999.0 -9999.0 16.9140732628 28.2180107175 54.7692807338 96.4789076651 124.507705711 146.422086609 155.979013717 166.070791813 175.97292092 9.0405851868 7.61924131926 14.6420283856 13.7516477351 7.60526337308 147.274310646 154.026131951 160.317666998 166.060720765 92.5340209962 95.5625624968 98.2611054171 6488.73429323 4.63751114166 2.3608247079 12.4787540001 1.50786419161 2.12631439397 1.11197496617 1.02577567032 5.3454051777 0.63809926891 0.658068423222 1474.88709059 1353.66691228 1353.05814293 2.48219602215 5.09458403431 3.29649601341 0.720007918591 15.1389129185 3.91552988852
-9999.0 -9999.0 -9999.0 -9999.0 -9999.0 -9999.0 -9999.0 -9999.0 -9999.0 -9999.0 -9999.0 -9999.0 -9999.0 -9999.0 11.5055636329 11.270332753 22.4371952395 32.7867341236 12.0046220423 13.1000203596 23.6431435753 33.6813457166 52.5153518476 61.6299031613 68.7519214416 91.1358377554 97.9263030829 106.176704659 7.08078681327 70.2228161631 76.3289115864 82.4217549126 5.14866785765 2.92382103489 5.05725351464 6593.37906957 6595.18824065 6602.29058042 17.9094396908 3.67752980071 2.81940476519 0.853766026359 1.78953603061 6.14517674367 7.41730583072 1.1799516756 1477.55206571 0.776651275628 1.1688339544 1.29706536693 0.932334290052 1.98268744527 0.826857247164 10.5464539281 8.28872042573
-9999.0 -9999.0 -9999.0 -9999.0 -9999.0 -9999.0 -9999.0 -9999.0 -9999.0 -9999.0 -9999.0 -9999.0 -9999.0 -9999.0 -9999.0 11.0198200655 21.196469478 9.10184869023 18.8166941698 117.966771723 126.394790755 135.270956847 9.32248148191 9.32276380256 16.3911594593 24.1941276061 36.9910549201 44.1552572607 50.1673452159 56.5315257623 5.26601917477 4.92803145048 89.1539588043 92.7400505634 95.1218176459 97.5459373565 85.3683541881 6697.61922461 6728.01686978 6729.6106913 6733.65197382 6738.58622609 6740.54788407 0.488233175281 7.9881733747 1477.88862408 0.880815174128 0.451252587434 0.532684754666 0.615503762506 1.12849690759 1.22771467747 0.736122135277 1.23737298802 1.17751665144
-9999.0 -9999.0 -9999.0 -9999.0 -9999.0 -9999.0 -9999.0 -9999.0 -9999.0 -9999.0 -9999.0 -9999.0 -9999.0 -9999.0 -9999.0 -9999.0 31.4190907013 40.5830464598 69.3483293645 89.9672334802 10.6272813345 157.515247145 166.322154458 173.860533725 7.48069509791 14.5052144809 6.10744883554 48.5557337642 53.6527584312 59.8245651829 66.0660872969 81.2806680451 85.5595069408 2.74254174278 75.9726491057 80.7488490067 83.1121452215 93.3557784929 10.5820558272 5.66986687161 2.64018328195 2.58297666566 6741.90388343 6742.18175172 6753.54038085 1478.1250451 2.83491002648 1.64567403442 1.05468577929 0.408194174124 3.73397484125 2.07212108729 0.634903497359 3.69446611892 3.17070802437
-9999.0 -9999.0 -9999.0 -9999.0 -9999.0 -9999.0 -9999.0 -9999.0 -9999.0 -9999.0 -9999.0 -9999.0 -9999.0 -9999.0 -9999.0 -9999.0 9.7261963595 50.3302232743 60.4748540766 10.6571604984 9.90549208972 20.9865445684 30.6242607961 212.586013105 7.41590957021 29.9618181935 36.5254390174 42.8461855006 5.29133722164 10.80097471 14.6733139504 57.5758480002 65.4560875605 68.3166883524 2.68581852744 2.3537059442 2.88009560632 5.48513979411 2.45547247873 2.39479335254 1.54585051436 2.23282924368 1.72121499119 3.24540119036 6753.94196499 8233.23333982 3.31671829421 1.06545690914 0.401756226454 12.1748351412 11.2687535415 6.8718608081 6.19898238973 4.67172377115 1.19415990382
-9999.0 -9999.0 -9999.0 -9999.0 -9999.0 -9999.0 -9999.0 -9999.0 -9999.0 -9999.0 -9999.0 -9999.0 -9999.0 -9999.0 -9999.0 9.17212388551 27.1005792268 8.41487200232 11.1117272231 11.0850206472 21.1754530985 31.2778114332 39.7331721139 259.391257483 266.265039026 7.21533214262 13.7158673573 20.3937568994 26.0174800298 31.4495600945 50.4134829419 54.6091326712 4.58878520127 2.97030925046 1.9842493404 0.981584277351 1.511989354 2.3116021888 2.28705356648 4.25956558375 5.42877483476 2.90395054194 0.578505914206 0.561727726005 0.540925797185 1.00390587685 8277.03510534 39.4188440129 14.6177937897 1.49572203364 0.760092902963 0.429584927875 1.56331964729 1.08412579317 0.567551731302
-9999.0 -9999.0 -9999.0 -9999.0 -9999.0 -9999.0 -9999.0 -9999.0 -9999.0 -9999.0 -9999.0 -9999.0 -9999.0 -9999.0 9.82350754649 18.6646206612 62.5645948711 7.43088235902 19.1796685761 29.5183260422 38.7476555441 10.1345019924 18.2951342446 26.0874906678 298.626272243 6.51829221343 12.3165099479 18.5692204996 6.10306433646 12.058329004 15.8317266679 19.640281702 488.171901776 493.308617249 497.189728532 512.036501931 516.609971617 526.865720817 2.7813795746 7.64997148305 6.09896658809 554.935517613 555.951332535 0.505994520762 0.888421721444 1.25360097844 8277.18781552 36.8909392648 20.2181034106 19.1927452706 13.4642489245 10.8658012368 2.06137727182 0.487298599429 0.959644446771
-9999.0 -9999.0 -9999.0 -9999.0 -9999.0 -9999.0 -9999.0 -9999.0 -9999.0 -9999.0 -9999.0 -9999.0 -9999.0 -9999.0 10.2585609172 30.7178860326 103.325905553 153.528164097 6.60798408742 194.902011501 241.001117751 8.93718268055 16.8916908504 24.9230241288 370.280544402 375.799614729 3.95232316375 26.6151281454 30.7631042109 35.5499441094 452.487956886 461.364170368 465.82608865 2.04753031967 11.5139060674 13.5520894162 4.68034408078 6.13324825424 536.270464637 546.393544449 547.42801966 548.365030745 556.943002953 0.492817710373 0.447595992576 2.05784554077 8277.36320093 1.00031347327 1.64464081575 4.90134276958 1.84728359188 9.73246197763 7.32913128781 4.46129998833 3.18660222885
-9999.0 -9999.0 -9999.0 -9999.0 -9999.0 -9999.0 -9999.0 -9999.0 -9999.0 -9999.0 -9999.0 -9999.0 -9999.0 -9999.0 -9999.0 -9999.0 21.1056455769 41.8602752482 179.699649514 188.650593948 248.807582283 256.264767794 9.00816634398 18.046419951 40.5340843326 380.809170198 389.103005906 391.96101352 2.37771038054 403.757542735 412.836779709 5.46713771743 2.09068609355 4.03825494937 7.76747400856 1.91447600656 3.54857220266 7.28773757224 8.64166964273 1.67357252717 1.04281216573 1.91826764922 565.89396155 568.41106184 568.766500875 572.089698854 8277.45584479 0.818037907405 1.06943383185 1.31024985143 1.2137578858 1.25411143271 1.06295504607 1.96191769774 0.476025024366
-9999.0 -9999.0 -9999.0 -9999.0 -9999.0 -9999.0 -9999.0 -9999.0 -9999.0 -9999.0 -9999.0 -9999.0 -9999.0 -9999.0 -9999.0 -9999.0 10.8912469019 10.5362072916 9.77052069959 17.4693021945 7.18684999806 270.848053212 277.710936998 7.72463448967 15.5158425307 5.61635997755 4.10478069169 3.86667663644 398.817813577 2.77556693545 6.0849035393 2.98203531598 2.30996600242 1.82701289262 1.35519998361 1.43579434264 4.57703917523 6.38764054701 1.17452738803 0.968976337273 2.195839159 3.83795785845 5.88653095785 1.80426386966 569.623752419 572.452232089 8277.44450144 4.17576761054 2.38754804325 0.71798969776 1.76756109702 0.570126638324 0.455212102624 2.46761308024 2.47717923089
-9999.0 -9999.0 -9999.0 -9999.0 -9999.0 -9999.0 -9999.0 -9999.0 -9999.0 -9999.0 -9999.0 -9999.0 -9999.0 -9999.0 -9999.0 -9999.0 -9999.0 -9999.0 10.4144015718 26.4853583628 33.7470879917 40.9076932063 284.958116698 292.653708114 299.473335125 305.47006524 309.165746219 317.068806228 319.610489655 322.134185667 324.171500452 1.82718353655 1.75768937797 1.83623127331 6.18707064444 1.68464100491 1.64091946665 1.17523438457 3.47154370667 1.41821639532 1.04381979609 0.945878633765 0.771299021289 1.53805116139 2.28223576132 577.078850134 8858.66412346 0.924285324369 1.38598934115 0.542112941989 2.38847981385 1.26563712572 0.915057975427 7.10064388158 4.3220805535
-9999.0 -9999.0 -9999.0 -9999.0 -9999.0 -9999.0 -9999.0 -9999.0 -9999.0 -9999.0 -9999.0 -9999.0 -9999.0 -9999.0 -9999.0 -9999.0 -9999.0 -9999.0 -9999.0 8.30199822706 68.8917808498 127.924611204 134.822751041 9.8226052979 17.974640202 25.7752738849 31.1440149112 71.2483299053 73.1793254016 1.8470546 1.92626324352 328.106817244 331.583592411 333.15342019 7.22917304464 0.779794410868 2.1753707293 3.23951353327 10.3706149409 13.0291374124 15.0170482709 1.77588341273 2.4529943359 0.845486946791 1.71206241334 0.907015281798 8859.74059824 0.620611556959 2.74412684679 0.959949952986 3.66036486636 8.22026030107 9.49883696852 17.030333008 5.19105290224
-9999.0 -9999.0 -9999.0 -9999.0 -9999.0 -9999.0 -9999.0 -9999.0 -9999.0 -9999.0 -9999.0 -9999.0 -9999.0 -9999.0 -9999.0 -9999.0 -9999.0 -9999.0 9.59777306053 31.1737646672 60.7349980398 78.9162056968 191.022095675 199.30028095 16.8605324401 24.8790653755 31.5869619196 36.5729530787 75.4046166384 79.2732695218 143.114165931 148.815646404 150.446245959 334.455879712 344.529552154 1.94039922257 1.47775113086 1.35395905849 2.58765638874 1.22565787478 17.5671278722 18.5078298863 3.24078407805 4.45411268622 0.85098623142 1884.33462863 1886.1945337 10746.1679001 10749.2492258 0.858694792825 5.49043368042 1.12683280167 0.726553930385 18.350381476 23.9999317716
-9999.0 -9999.0 -9999.0 -9999.0 -9999.0 -9999.0 -9999.0 -9999.0 -9999.0 -9999.0 -9999.0 -9999.0 -9999.0 -9999.0 -9999.0 -9999.0 -9999.0 -9999.0 -9999.0 11.3857177758 11.0266161814 20.3997306202 48.0568866031 207.884940259 8.84035777751 8.68465480869 15.0344632589 21.9500364719 52.4481887872 56.2243511935 3.76195324794 3.89260834257 152.773777461 153.963119244 499.786417512 500.821192252 0.639569923457 0.551486977096 0.473102848113 0.478042465814 0.618291423247 1864.79536382 1870.7389457 1876.70650813 1879.23204311 1883.37092782 1.05944174192 3.74305522945 4.2208863923 10754.3637831 10754.2250588 10754.7947179 10755.5250699 10756.7969046 24.6548909804
-9999.0 -9999.0 -9999.0 -9999.0 -9999.0 -9999.0 -9999.0 -9999.0 -9999.0 -9999.0 -9999.0 -9999.0 -9999.0 -9999.0 -9999.0 -9999.0 -9999.0 -9999.0 -9999.0 -9999.0 9.77136600584 10.3963100828 19.065627354 245.01091495 252.357958408 8.36128418561 14.7145605075 21.9089907641 27.5659581525 4.66881309402 8.63280907983 513.557899063 515.034505592 517.383729312 532.898551144 1035.51943649 1829.27379235 1831.06915513 1832.68585011 1834.26368233 1842.6128327 1845.42162227 5.14179738772 2.18616613727 1.45013253865 2.67260323614 1.83735480726 2.99572451001 0.949443836323 19.9489978643 22.1812914309 24.2351252985 24.4696119998 10756.5665669 10781.346192
-9999.0 -9999.0 -9999.0 -9999.0 -9999.0 -9999.0 -9999.0 -9999.0 -9999.0 -9999.0 -9999.0 -9999.0 -9999.0 -9999.0 -9999.0 -9999.0 -9999.0 -9999.0 -9999.0 -9999.0 -9999.0 10.0201914097 19.1577919162 28.3723493331 259.8395435 6.3793854207 348.082066823 355.443639299 359.847648617 364.008668636 496.51567403 501.093543285 1.60574929837 11.2969795314 13.3723923477 1.72282021073 792.125700067 788.867578996 1.02084581866 2.46432252516 6.81367246555 1.56465425153 1.67602918501 1.07766447756 0.89287148106 0.653500870694 0.826341818606 17.2341561761 18.1599390303 19.3355915548 1.80278651817 1.70898860105 25.3836179101 25.696478503 25.880006715
-9999.0 -9999.0 -9999.0 -9999.0 -9999.0 -9999.0 -9999.0 -9999.0 -9999.0 -9999.0 -9999.0 -9999.0 -9999.0 -9999.0 -9999.0 -9999.0 -9999.0 -9999.0 -9999.0 -9999.0 -9999.0 8.92511494108 8.37115891858 43.6649255344 320.125145608 334.767612665 341.862504442 5.72248659185 121.19205454 125.529898227 128.434758368 4.00209637225 5.96944509848 7.39948605378 171.963231187 173.307014151 174.499088268 786.721526738 508.25945865 1.3963402653 1.49153493013 1.40696120123 1.02714462191 10.3501508629 12.4585294999 14.2537095212 15.3138677858 16.3226832365 142.055386717 142.776593381 144.33452719 148.066484247 156.69272187 156.92815949 183.051639044
-9999.0 -9999.0 -9999.0 -9999.0 -9999.0 -9999.0 -9999.0 -9999.0 -9999.0 -9999.0 -9999.0 -9999.0 -9999.0 -9999.0 -9999.0 -9999.0 -9999.0 -9999.0 -9999.0 -9999.0 -9999.0 -9999.0 17.5303368266 26.9220116038 8.25801219609 8.70586982785 102.528541584 108.23934959 111.768119517 33.961984285 36.9540268993 40.1780355815 42.1544228518 168.922079568 171.02400529 99.9181774636 275.956618562 277.339931418 507.232322853 2.7714537691 1.41488594651 0.887713816195 7.085555843 8.36354336361 0.673169753166 0.610001487935 138.844219411 140.532515861 141.386761189 1.42420650385 2.52578252822 155.885295582 0.439258046851 1.61006151017 1.79675725667
-9999.0 -9999.0 -9999.0 -9999.0 -9999.0 -9999.0 -9999.0 -9999.0 -9999.0 -9999.0 -9999.0 -9999.0 -9999.0 -9999.0 -9999.0 -9999.0 -9999.0 -9999.0 -9999.0 -9999.0 -9999.0 -9999.0 8.8698848631 17.476447516 70.4120348757 79.0243325992 86.6490257906 27.0675177506 31.2304690555 3.05724084537 119.643715355 122.376550572 125.003146475 2.0870585193 96.1313706147 98.3727252451 1.49281701251 499.89954085 3.28937551052 1.63105794744 3.82012955002 5.24119240139 0.986795329507 0.758668184818 130.404350463 137.335056497 138.369367772 1.08102141056 2.1540104422 2.68860930213 3.17403739998 6.49699608285 0.600250201898 1.32330498493 0.289546479486
-9999.0 -9999.0 -9999.0 -9999.0 -9999.0 -9999.0 -9999.0 -9999.0 -9999.0 -9999.0 -9999.0 -9999.0 -9999.0 -9999.0 -9999.0 -9999.0 -9999.0 -9999.0 -9999.0 -9999.0 -9999.0 -9999.0 8.73039549516 26.7335764219 45.0431232984 8.99125481831 16.590878344 22.4678759277 107.19000629 111.093156239 113.964107987 2.40954187824 82.2718301181 90.2523510415 92.4507891594 1.35396646246 493.521682663 497.061235149 1.6051521859 1.40347670201 2.80953557853 1.06633245535 125.177111223 127.103506922 128.301658914 4.47523310278 5.50684642613 0.858521223533 1.54487601685 0.693787494543 4.81394348086 0.783629999441 0.353674799173 0.344132314414 0.391320954682
-9999.0 -9999.0 -9999.0 -9999.0 -9999.0 -9999.0 -9999.0 -9999.0 -9999.0 -9999.0 -9999.0 -9999.0 -9999.0 -9999.0 -9999.0 -9999.0 -9999.0 -9999.0 -9999.0 -9999.0 -9999.0 -9999.0 -9999.0 8.79192026075 9.37841275831 9.66511801315 80.85898695 86.2628185756 102.526846234 4.10977549747 70.7378393564 77.743866185 2.86961189365 5.97130067121 1.80016487631 488.689487719 2.14017386151 4.74478679005 5.8233340019 6.83390066413 119.002634086 122.118431689 123.384410252 1.32167482239 2.43394773568 3.40374422802 0.539357644921 0.469603296871 398.123993564 398.626718604 399.057912399 403.801563413 404.414548037 404.957539071 405.263100396
