data/baseflow/mHMbf_acc583.asc
ncols                  80
nrows                 72
xllcorner      4374000.0
yllcorner      5656000.0
cellsize            500
NODATA_value       -9999
[rows 25 to 49 of 72, columns 0 to 54 of 80]
-9999.0 -9999.0 -9999.0 -9999.0 -9999.0 -9999.0 -9999.0 -9999.0 -9999.0 -9999.0 -9999.0 -9999.0 9.80787001328 19.471896695 9.18747693752 18.5801057232 8.31379336315 63.5281281251 80.4258175842 88.7642781037 7.69060467707 13.5049886842 164.110586029 197.598726216 203.186880374 14.7639815619 13.1154368966 16.750474494 0.982112966951 0.884213294136 1.70000353043 1.5453204669 320.577536482 322.70249833 325.085286977 1617.40067036 3770.73578973 3746.2944329 1.64186023429 0.745394102958 0.684830301925 4.11058700495 3.52438723012 18.4203410244 28.0071542449 57.9005379309 5.3131974248 5.31663838662 47.1249691331 50.536994542 101.712999454 104.087419453 108.052334397 109.022765469 0.797282108533
-9999.0 -9999.0 -9999.0 -9999.0 -9999.0 -9999.0 -9999.0 -9999.0 -9999.0 -9999.0 -9999.0 -9999.0 -9999.0 9.28493630823 18.7523501223 28.2885316425 45.7135181965 9.50818051933 8.76326157934 81.7371316425 89.6646523444 153.6624334 161.244146535 21.3509834521 7.64885106528 7.40915932191 6.93551783893 311.310839346 313.999201738 315.286377699 316.176348165 318.834520507 27.9855255981 31.9416750825 360.904487183 5752.49945984 15.9153967449 11.5853492169 3.44300185688 1.18801854423 0.72874176871 5.49958441097 6.06897326277 19.5884360102 0.55806530868 58.7725397735 7.2157777387 7.01067879432 0.599994198467 0.470845013292 0.467293695198 1.48390852607 0.486392101194 109.510936912 1447.04204556
-9999.0 -9999.0 -9999.0 -9999.0 -9999.0 -9999.0 -9999.0 -9999.0 -9999.0 -9999.0 -9999.0 -9999.0 -9999.0 -9999.0 9.09384756753 24.1300090094 39.4636219347 55.4184396178 64.2077019698 73.2357993457 26.0372824461 42.6602692311 7.51553190866 7.39472900568 276.247860056 290.913946627 298.008384881 305.471917843 5.23051602796 8.46321792082 22.3954829127 23.5192286449 25.139221736 4.15436976545 6.7018554399 5770.05631056 5.15640628519 5.93611488079 2.77639402349 6.25273355066 2.85272295486 2.1936612362 27.4317459219 31.1967540014 1.65399130867 61.0757083306 68.693828743 7.31607447181 1487.88055727 1486.84272839 1485.82354774 1481.96220704 1478.85357453 1452.42514406 1449.94640637
-9999.0 -9999.0 -9999.0 -9999.0 -9999.0 -9999.0 -9999.0 -9999.0 -9999.0 -9999.0 -9999.0 -9999.0 -9999.0 -9999.0 4.75610722287 10.5843766105 15.7143248111 163.234337011 172.255064191 9.11717318885 8.81143508874 8.31707886808 245.317463404 261.249306086 7.70613582984 7.58273576854 6.78486625796 26.623709064 33.0570881597 15.183906447 17.8711341344 151.182427364 154.664601833 165.563604353 259.747779355 6033.97885021 5.84058136455 2.58747613789 10.3675060857 8.25081728837 2.30437501561 6.97731020724 9.46457265302 34.0145813059 36.7882868115 110.128087581 69.703396734 7.86041387708 1526.14431353 21.5533885345 1484.57938203 1483.34452678 23.7028689299 2.61059598234 0.624567348533
-9999.0 -9999.0 -9999.0 -9999.0 -9999.0 -9999.0 -9999.0 -9999.0 -9999.0 -9999.0 -9999.0 -9999.0 -9999.0 -9999.0 25.2468798604 41.4472446825 83.2754147 149.888975764 188.548695776 212.414654871 220.910145772 229.48331202 237.702816026 7.90360476758 7.31049139909 14.1604019265 13.4839635245 6.7325260995 132.026006048 138.325765981 144.287769556 149.736405166 75.1934018416 76.8065661213 85.2940054298 6037.48258871 10.3571017541 7.29848676667 18.7846522054 1.77061289318 6.90212957856 4.09851493013 2.33463854421 12.7623127666 2.25175841115 2.3346397262 1648.78953038 1536.63379006 1534.15155428 8.20880285736 20.5673197106 11.9460445757 1.93749945297 16.7350493776 3.38451617215
-9999.0 -9999.0 -9999.0 -9999.0 -9999.0 -9999.0 -9999.0 -9999.0 -9999.0 -9999.0 -9999.0 -9999.0 -9999.0 -9999.0 17.6435836095 17.1269576846 33.7614749558 50.4315892397 10.997670753 8.45104681356 17.2491304049 25.7991269474 41.6596428105 49.6400962639 57.2501886271 79.0872714711 85.9224499767 92.8915452112 5.94314458226 64.4320643377 68.9819174148 71.4389597114 1.08922396994 0.23654370249 0.76282186282 6120.89218537 6124.26251012 6141.14330499 23.7788160316 3.52536181288 9.75762295681 2.42328346368 4.38461019318 15.1336349421 19.3422406662 4.30876122136 1660.52222046 4.55846624677 4.82275899407 4.86594214018 5.35856816057 7.55852253525 3.39782846994 12.5274892466 7.49525982134
-9999.0 -9999.0 -9999.0 -9999.0 -9999.0 -9999.0 -9999.0 -9999.0 -9999.0 -9999.0 -9999.0 -9999.0 -9999.0 -9999.0 -9999.0 16.5918384183 32.5926958787 15.3324888453 30.6464943654 190.852726131 201.786859049 210.348276685 8.06013002323 7.94356614223 15.5668619767 22.9450088884 36.650768908 43.1989345263 46.5097743762 52.2690222125 4.85678668314 3.12989776329 74.9605335434 75.249238086 76.7969533811 79.1751649928 72.0049259237 6223.44626862 6262.63896045 6264.41738869 6275.84540207 6284.68772079 6292.35489902 2.49294924086 21.5110805483 1663.07643578 6.13973689592 3.13683126576 4.71242806301 4.32886794087 6.95192137089 4.28434455183 2.40453851533 3.12090318706 2.1851757703
-9999.0 -9999.0 -9999.0 -9999.0 -9999.0 -9999.0 -9999.0 -9999.0 -9999.0 -9999.0 -9999.0 -9999.0 -9999.0 -9999.0 -9999.0 -9999.0 48.3412156271 64.4447798821 112.765654094 144.808991881 15.7624676314 235.077362396 243.106446743 251.102340688 7.84352976267 15.46200405 7.01581279195 51.5726827313 54.653197948 59.5749249407 64.0517705808 73.9796843762 74.4710880799 0.412858876893 61.1157912132 66.2727941985 69.5430006565 78.9798056098 12.4228726063 7.796838255 4.29567399878 4.03876230044 6299.4788024 6303.76268685 6342.25808542 1666.09973983 17.9099441231 9.05273843861 6.64316577864 1.62066503154 15.7893661587 6.89227537271 2.17741368652 10.794527581 8.88701699896
-9999.0 -9999.0 -9999.0 -9999.0 -9999.0 -9999.0 -9999.0 -9999.0 -9999.0 -9999.0 -9999.0 -9999.0 -9999.0 -9999.0 -9999.0 -9999.0 16.9029314779 80.9178560417 97.7281685174 15.9571729919 8.63704322511 17.1463140838 24.9239158642 284.043984642 7.80970590753 31.3142922757 38.5180869767 45.5725969266 3.22948203449 7.88859346248 9.24989009606 49.3950399229 53.3023484375 55.6802813828 2.47643593197 2.07965864989 1.99165263674 3.62868235554 1.34113068549 1.45220670396 3.21405905182 2.34969568589 3.33589887914 13.5830732021 6346.76939932 8024.40158495 22.1786659451 2.82318739595 2.10421518684 43.6143380438 40.1204400367 21.7842876201 19.0767841686 13.587770457 3.02913983171
-9999.0 -9999.0 -9999.0 -9999.0 -9999.0 -9999.0 -9999.0 -9999.0 -9999.0 -9999.0 -9999.0 -9999.0 -9999.0 -9999.0 -9999.0 14.9357364822 47.3316171426 15.5579110605 12.8169071259 9.64091209283 18.7112161598 27.4181984369 37.9711362861 336.033719606 343.611645152 7.76189703848 14.9772553708 22.1695289452 26.6616699623 30.569616609 40.6013977586 47.1001159723 0.683544243768 1.9664980712 2.05104266579 3.40924687732 3.13728004249 2.99122609358 2.5319179239 2.79943425199 15.3874328725 7.50473668962 5.68101584882 5.63511572985 3.9763321177 7.35863628611 8178.34690735 129.516719613 57.1913569638 8.2954925236 3.91724631396 2.7639912519 7.44254912277 4.43982654035 1.95025872145
-9999.0 -9999.0 -9999.0 -9999.0 -9999.0 -9999.0 -9999.0 -9999.0 -9999.0 -9999.0 -9999.0 -9999.0 -9999.0 -9999.0 15.5903387651 30.334211607 108.30467169 15.4593838606 28.9525447897 38.3690343959 47.2984549139 9.15586266063 17.3472163037 30.3381766517 386.995125237 7.42940085748 14.3210618758 21.0701016212 5.95992635487 11.4403092707 12.1367347804 17.0683598874 614.98125062 619.822227883 624.829906619 652.007567126 661.401479237 682.797001517 6.35300207895 12.7851896927 18.6225564752 757.298328261 766.65460205 5.21103052147 8.05962897662 10.9007280137 8183.09410555 125.224579451 55.27494047 50.4071824345 46.37709622 42.7401804296 9.88535627767 2.80721038391 4.24787510767
-9999.0 -9999.0 -9999.0 -9999.0 -9999.0 -9999.0 -9999.0 -9999.0 -9999.0 -9999.0 -9999.0 -9999.0 -9999.0 -9999.0 15.7983277606 47.9431743974 171.996196482 255.304146016 14.2646248117 335.258906483 397.231751745 8.67583702983 16.7717675057 28.3840342761 471.221617355 482.56545711 6.68457996218 34.4410367764 40.3597618245 44.0320175983 585.545970255 590.45136136 596.520618771 3.37824794046 19.2415028366 22.8954612262 11.167903687 16.0099030562 706.193199762 726.780470337 731.185454798 735.46129318 772.967524659 3.09189632073 2.89369053372 16.6484186199 8188.67343005 7.33116245685 0.0103444180431 0.052540422715 0.0233769581235 36.3987910764 35.6617707 21.3056579693 14.1287388755
-9999.0 -9999.0 -9999.0 -9999.0 -9999.0 -9999.0 -9999.0 -9999.0 -9999.0 -9999.0 -9999.0 -9999.0 -9999.0 -9999.0 -9999.0 -9999.0 33.6987826566 68.111985918 303.374646426 320.179504631 412.281487127 427.336654883 8.54786460385 17.0797004526 43.0802464888 495.909691662 510.949603625 517.115678146 5.28022210882 535.712393086 540.240402888 3.47052862412 3.41421532784 6.60260094731 13.0395674844 3.23725294616 6.6875476417 15.3385558493 19.4106042045 3.74356989439 2.87461032982 5.83798241633 791.597873013 797.020624595 799.632421275 822.741966855 8193.55964619 6.81127010842 0.00683315645866 0.0175436129991 0.0162996009479 0.0168026267473 0.0142539314171 0.0262054517221 2.862655175
-9999.0 -9999.0 -9999.0 -9999.0 -9999.0 -9999.0 -9999.0 -9999.0 -9999.0 -9999.0 -9999.0 -9999.0 -9999.0 -9999.0 -9999.0 -9999.0 17.6722316287 17.3614346505 17.0000159935 33.4723584033 14.9533817279 457.065971517 470.883107004 9.35521468343 17.2199688453 7.97894955806 7.034279668 6.88690254027 526.980001317 1.13893858886 2.27478611866 2.39370970234 3.46221771944 3.20940590413 2.73543419619 2.81932220502 8.63726452892 11.7516514447 2.50373173365 2.27694052222 4.88873902836 7.96211565605 9.6057309592 2.21356192134 802.827137863 825.515140655 8197.54506227 11.4425588498 0.106905027206 0.00982001859521 0.0235162733587 0.00745516338777 0.00553185594104 0.0325709877507 12.9073497807
-9999.0 -9999.0 -9999.0 -9999.0 -9999.0 -9999.0 -9999.0 -9999.0 -9999.0 -9999.0 -9999.0 -9999.0 -9999.0 -9999.0 -9999.0 -9999.0 -9999.0 -9999.0 17.1491030113 49.338549891 63.5659067533 78.1846941287 484.963794123 498.655205659 512.008343267 524.640895039 531.351309174 544.985672626 546.337431491 547.291181955 548.841002513 3.11236762391 2.99372066898 3.12164445354 11.5912552776 3.0473881271 2.97393375824 2.49014337082 7.39136999219 2.85103875735 2.36729067194 2.22837042838 1.95591813643 3.90504727269 5.75405086512 837.57311316 9050.39544654 4.44421378198 8.77362727948 0.00775603517729 0.0277657855581 0.0114432615593 0.0111865642525 23.1230909737 21.0664982853
-9999.0 -9999.0 -9999.0 -9999.0 -9999.0 -9999.0 -9999.0 -9999.0 -9999.0 -9999.0 -9999.0 -9999.0 -9999.0 -9999.0 -9999.0 -9999.0 -9999.0 -9999.0 -9999.0 14.7087882037 113.956727829 223.371203744 238.379664692 14.6647573271 24.0276764702 31.8262835008 38.2803679986 81.224325842 84.1378211125 2.94585594904 2.86026510968 554.939421971 560.697059704 563.49341212 14.0139859788 2.31745205909 5.46339533463 8.05571496414 24.09654167 29.5194286228 34.0768039337 4.24574154172 6.01240542544 2.05013069413 4.11030394406 2.12789752135 9054.91597781 4.12308941778 16.7101767121 4.1827429213 5.70814633336 24.6898792828 26.775196861 52.0368797876 17.7444437831
-9999.0 -9999.0 -9999.0 -9999.0 -9999.0 -9999.0 -9999.0 -9999.0 -9999.0 -9999.0 -9999.0 -9999.0 -9999.0 -9999.0 -9999.0 -9999.0 -9999.0 -9999.0 16.0583880598 50.7010576064 99.528093045 130.395049601 332.429013468 347.433484521 16.2391371039 24.0906844949 30.6539712034 36.9693950671 85.8427484567 91.211493277 145.5539047 149.337994051 151.906510042 566.439653487 588.578979656 5.38077447061 3.31615820308 3.2175761519 6.28482768703 2.9472680644 39.7498127978 41.9366081038 7.98439945927 9.67357878175 2.01129780342 2562.18195367 2566.77853965 11625.5645482 11648.130766 4.22488811885 14.4517683985 8.63339720373 6.16330088818 60.479992607 80.8465848349
-9999.0 -9999.0 -9999.0 -9999.0 -9999.0 -9999.0 -9999.0 -9999.0 -9999.0 -9999.0 -9999.0 -9999.0 -9999.0 -9999.0 -9999.0 -9999.0 -9999.0 -9999.0 -9999.0 17.9500156432 17.457420451 33.3330473041 79.5652994004 361.832848982 8.29787512982 8.19969442608 14.9865595744 21.4254194576 46.3086053017 48.2860901844 1.20945277367 2.58346847865 155.390168249 158.520010904 749.592416214 751.950904768 2.15010770476 1.9433827631 1.71302026959 1.72749995062 1.81666044993 2524.60890168 2537.25150739 2548.58168682 2552.13924722 2560.38254551 2.38660254781 8.94286669598 11.5861174957 11666.4868208 11669.889839 11672.446571 11674.6606848 11676.2640354 83.3140232265
-9999.0 -9999.0 -9999.0 -9999.0 -9999.0 -9999.0 -9999.0 -9999.0 -9999.0 -9999.0 -9999.0 -9999.0 -9999.0 -9999.0 -9999.0 -9999.0 -9999.0 -9999.0 -9999.0 -9999.0 16.2759174669 16.8967121603 31.6002404593 423.507452657 437.539624332 8.06651580155 14.7048919177 21.2647453277 23.3145111436 1.48821038001 4.30671444335 806.703990789 809.687401856 812.022811877 832.279737746 1586.57057771 2443.55929604 2448.4076356 2452.96909625 2457.36927085 2474.9227106 2480.47387336 10.704582088 4.95074445303 2.89122225219 5.51524056505 4.43168876823 6.95439796049 2.28925155452 46.8655899524 58.2303930205 68.23473723 69.9026964193 11678.1969731 11764.0417262
-9999.0 -9999.0 -9999.0 -9999.0 -9999.0 -9999.0 -9999.0 -9999.0 -9999.0 -9999.0 -9999.0 -9999.0 -9999.0 -9999.0 -9999.0 -9999.0 -9999.0 -9999.0 -9999.0 -9999.0 -9999.0 16.5509342559 31.8036568066 47.0995352627 450.141360279 11.4360732574 597.09197329 603.870086512 605.338960076 607.992220999 795.395382792 798.984808284 3.3056823656 15.1639279173 18.3832961533 3.41412771816 852.086830943 845.75051791 2.24048277663 5.10654279564 13.5337970157 2.91119078484 3.08916574141 2.4982272683 2.23620742522 1.82122024735 2.11690252689 39.3885659964 41.6233724444 44.2145916192 7.9210052252 6.36427760478 73.9915919717 76.7373882802 78.1078020085
-9999.0 -9999.0 -9999.0 -9999.0 -9999.0 -9999.0 -9999.0 -9999.0 -9999.0 -9999.0 -9999.0 -9999.0 -9999.0 -9999.0 -9999.0 -9999.0 -9999.0 -9999.0 -9999.0 -9999.0 -9999.0 15.2857354817 14.3989718231 74.3062910714 553.092676328 578.589617216 590.550055067 7.01196852036 183.901889281 184.910494454 185.538340045 3.13283088221 6.74260939781 10.113712112 202.114968861 204.865576585 207.356972756 841.030226919 531.097083702 2.82513463958 2.87585161551 2.7512527961 2.32110871213 22.8949253046 27.8271567326 32.2482084277 34.7256995579 37.1299724955 192.56203769 194.544891071 196.121712043 199.789424679 222.978149861 224.539379797 304.425874148
-9999.0 -9999.0 -9999.0 -9999.0 -9999.0 -9999.0 -9999.0 -9999.0 -9999.0 -9999.0 -9999.0 -9999.0 -9999.0 -9999.0 -9999.0 -9999.0 -9999.0 -9999.0 -9999.0 -9999.0 -9999.0 -9999.0 29.9485464574 45.5479147865 15.1433295641 8.18869940723 162.051736895 169.486200783 174.112391842 44.5876142568 45.5806062104 47.0368040769 50.1477693574 196.106841256 199.535018313 94.3471947385 304.66510478 307.465574232 528.807276694 5.65531076849 2.85571827076 2.17480747984 15.559702836 18.2912187993 1.91553975745 1.80679060542 183.716093136 188.287770684 190.727749368 1.88382585421 2.65222943407 218.597552421 2.62186116956 11.7163409737 13.171940406
-9999.0 -9999.0 -9999.0 -9999.0 -9999.0 -9999.0 -9999.0 -9999.0 -9999.0 -9999.0 -9999.0 -9999.0 -9999.0 -9999.0 -9999.0 -9999.0 -9999.0 -9999.0 -9999.0 -9999.0 -9999.0 -9999.0 15.002972582 29.7052715666 121.017819928 135.808516228 146.591655255 37.7804130436 43.5551921036 1.15423822718 140.167578206 141.248857072 142.614706073 2.46999209657 87.8678723548 91.3737586709 2.88830543577 514.388970226 6.06873778278 3.02188387812 8.21378692874 11.0774923744 2.34897373302 1.9918516843 161.984504077 179.400455812 182.097344254 2.59012900549 6.11569553947 7.76845973266 9.38009683953 17.7002663058 4.33012528362 9.5644917964 2.0579018317
-9999.0 -9999.0 -9999.0 -9999.0 -9999.0 -9999.0 -9999.0 -9999.0 -9999.0 -9999.0 -9999.0 -9999.0 -9999.0 -9999.0 -9999.0 -9999.0 -9999.0 -9999.0 -9999.0 -9999.0 -9999.0 -9999.0 14.9009120906 46.1181309973 77.4275998394 14.6330586046 22.5148141578 30.5242101655 134.830516304 136.833298288 137.96145102 0.997233038028 76.9380629737 80.3287781989 82.3831530332 1.17960217892 502.228896291 508.717499951 3.10705146313 2.91586838955 5.85679388985 2.53028486983 148.72210654 153.45825551 156.206972956 10.5561614168 13.1825453853 2.3595434071 4.35152152108 2.00644171528 13.752284369 2.09837606809 2.41121010495 2.60204524239 2.72359665696
-9999.0 -9999.0 -9999.0 -9999.0 -9999.0 -9999.0 -9999.0 -9999.0 -9999.0 -9999.0 -9999.0 -9999.0 -9999.0 -9999.0 -9999.0 -9999.0 -9999.0 -9999.0 -9999.0 -9999.0 -9999.0 -9999.0 -9999.0 15.8040335184 15.9928317407 12.9328968096 98.1829777522 105.785071882 127.946532125 3.40525340374 72.654910604 75.0167676102 1.13557184156 2.39130947502 0.96249693459 497.205744381 1.54768194737 6.33262456505 8.5792747792 10.5853110277 134.444293945 141.258088826 144.151778323 2.88999920516 5.51664282706 7.94306661512 1.7157363054 1.5814320805 465.361998772 467.026459448 468.464326647 481.639174716 483.483687172 486.219987601 488.496308537
