data/baseflow/mHMbf_acc502.asc
ncols                  80
nrows                 72
xllcorner      4374000.0
yllcorner      5656000.0
cellsize            500
NODATA_value       -9999
[rows 0 to 24 of 72, columns 0 to 54 of 80]
-9999.0 -9999.0 -9999.0 -9999.0 -9999.0 -9999.0 -9999.0 -9999.0 -9999.0 -9999.0 -9999.0 -9999.0 16.8558073543 14.9016740343 -9999.0 -9999.0 -9999.0 -9999.0 -9999.0 -9999.0 -9999.0 -9999.0 -9999.0 -9999.0 -9999.0 -9999.0 -9999.0 -9999.0 -9999.0 -9999.0 -9999.0 -9999.0 -9999.0 -9999.0 -9999.0 -9999.0 -9999.0 -9999.0 -9999.0 -9999.0 -9999.0 -9999.0 -9999.0 -9999.0 -9999.0 -9999.0 -9999.0 -9999.0 -9999.0 -9999.0 -9999.0 -9999.0 -9999.0 -9999.0 -9999.0
-9999.0 -9999.0 -9999.0 -9999.0 -9999.0 -9999.0 -9999.0 -9999.0 -9999.0 -9999.0 -9999.0 -9999.0 36.1333124935 77.4990886225 12.1717506202 -9999.0 12.3893318046 -9999.0 -9999.0 -9999.0 -9999.0 -9999.0 -9999.0 -9999.0 -9999.0 -9999.0 -9999.0 -9999.0 -9999.0 -9999.0 -9999.0 -9999.0 -9999.0 -9999.0 -9999.0 -9999.0 -9999.0 -9999.0 -9999.0 -9999.0 -9999.0 -9999.0 -9999.0 -9999.0 -9999.0 -9999.0 -9999.0 -9999.0 -9999.0 -9999.0 -9999.0 -9999.0 -9999.0 -9999.0 -9999.0
-9999.0 -9999.0 -9999.0 -9999.0 -9999.0 -9999.0 -9999.0 -9999.0 -9999.0 -9999.0 16.7533143023 15.8490840923 17.4184625633 17.4937293311 108.916756017 119.433317025 33.2885992112 10.5793138417 -9999.0 -9999.0 -9999.0 -9999.0 -9999.0 -9999.0 -9999.0 -9999.0 -9999.0 -9999.0 -9999.0 -9999.0 -9999.0 -9999.0 -9999.0 -9999.0 -9999.0 -9999.0 -9999.0 -9999.0 -9999.0 -9999.0 -9999.0 -9999.0 -9999.0 -9999.0 -9999.0 -9999.0 -9999.0 -9999.0 -9999.0 -9999.0 -9999.0 -9999.0 -9999.0 -9999.0 -9999.0
-9999.0 -9999.0 -9999.0 -9999.0 -9999.0 -9999.0 -9999.0 -9999.0 -9999.0 15.4959075835 32.7169691796 65.0004123953 33.1278103653 15.9230047687 31.0584639727 133.517147049 188.649679666 11.3543870613 -9999.0 16.6455689393 -9999.0 -9999.0 -9999.0 -9999.0 23.1449348249 12.0525129787 -9999.0 -9999.0 -9999.0 -9999.0 -9999.0 -9999.0 -9999.0 -9999.0 -9999.0 -9999.0 -9999.0 -9999.0 -9999.0 -9999.0 -9999.0 -9999.0 -9999.0 -9999.0 -9999.0 -9999.0 -9999.0 -9999.0 -9999.0 -9999.0 -9999.0 -9999.0 -9999.0 -9999.0 -9999.0
-9999.0 -9999.0 -9999.0 -9999.0 -9999.0 -9999.0 -9999.0 -9999.0 19.3591156214 52.1796745754 67.0185468349 82.1606587149 112.87265184 13.8055400993 58.1833432148 71.0717441218 278.939048937 9.66151733007 10.6398154471 29.7001589149 42.4158997749 13.695040888 -9999.0 57.0113674472 47.0766125208 12.1484031236 -9999.0 -9999.0 -9999.0 -9999.0 -9999.0 -9999.0 -9999.0 -9999.0 -9999.0 -9999.0 -9999.0 -9999.0 -9999.0 -9999.0 -9999.0 -9999.0 -9999.0 -9999.0 -9999.0 -9999.0 -9999.0 -9999.0 -9999.0 -9999.0 -9999.0 -9999.0 -9999.0 -9999.0 -9999.0
-9999.0 -9999.0 -9999.0 -9999.0 -9999.0 -9999.0 18.284611121 15.9410578279 15.3304451557 15.9426201255 16.5718223647 116.047173004 244.844478949 260.152529727 273.401151756 13.9444015365 303.971981344 315.361013124 25.4385384838 13.0732376531 54.7704749021 94.2815289071 11.9024352747 92.7358429918 13.3652457051 12.2525459266 14.0846894412 -9999.0 -9999.0 -9999.0 -9999.0 -9999.0 -9999.0 -9999.0 -9999.0 -9999.0 -9999.0 -9999.0 -9999.0 -9999.0 -9999.0 -9999.0 -9999.0 -9999.0 -9999.0 -9999.0 -9999.0 -9999.0 -9999.0 -9999.0 -9999.0 -9999.0 -9999.0 -9999.0 -9999.0
-9999.0 -9999.0 -9999.0 -9999.0 -9999.0 -9999.0 37.1418185698 54.5547958078 121.610436935 166.803713349 13.2033090203 14.3253264655 13.4203643949 39.8682816988 324.445345916 10.5856051319 325.934715538 380.982553811 42.2923529401 23.3433738077 105.064713301 12.4602137532 104.852903265 23.0921194293 11.3349563094 22.748903032 27.8023674049 14.7841535016 15.8442289971 15.054389542 17.047657702 33.9684004373 -9999.0 -9999.0 -9999.0 -9999.0 -9999.0 -9999.0 -9999.0 -9999.0 -9999.0 -9999.0 -9999.0 -9999.0 -9999.0 -9999.0 -9999.0 -9999.0 -9999.0 -9999.0 -9999.0 -9999.0 -9999.0 -9999.0 -9999.0
-9999.0 -9999.0 -9999.0 -9999.0 -9999.0 21.5905045895 41.0797667709 19.3850282196 36.8847310504 184.88616945 214.927311246 244.778123661 833.960886992 14.3029917845 336.859792222 1287.11109733 1298.27887423 1701.69632526 14.4857607942 33.987119407 115.900864069 10.6218043904 238.308803269 121.886813411 75.1075857644 63.0694895298 13.3515491469 43.6800183842 45.5035796769 30.1405123845 14.5085356851 49.1263538784 14.2877485382 13.7675484451 -9999.0 -9999.0 -9999.0 -9999.0 -9999.0 -9999.0 -9999.0 -9999.0 -9999.0 -9999.0 -9999.0 -9999.0 -9999.0 -9999.0 -9999.0 -9999.0 -9999.0 -9999.0 -9999.0 -9999.0 -9999.0
-9999.0 -9999.0 -9999.0 -9999.0 -9999.0 21.8342157696 62.9366948169 124.373071711 142.735455142 282.171399456 298.808560589 352.193627391 576.492891467 884.520866364 914.229258995 928.019666541 22.2705845662 1746.50131275 1773.47316885 1832.65106091 2230.21345507 271.660715383 250.505968631 86.8810458959 11.5398871284 77.7678932047 54.4062896344 9.78573062494 57.6286327202 12.8897000818 30.1050713467 78.2329306309 91.4692239012 26.4971486079 12.7386241018 12.233915066 -9999.0 -9999.0 -9999.0 -9999.0 10.4191330123 9.75792525322 -9999.0 -9999.0 -9999.0 -9999.0 -9999.0 -9999.0 -9999.0 -9999.0 -9999.0 -9999.0 -9999.0 -9999.0 -9999.0
-9999.0 -9999.0 -9999.0 -9999.0 -9999.0 20.8507451344 19.5409322106 83.1718163587 102.145953584 121.927442953 18.309641921 36.0100046989 211.515273815 40.0868751337 16.5889495012 13.7244178214 11.4437662624 16.6599748825 16.2532629043 13.5150837114 2241.55115192 2272.77234919 10.3136225701 32.814348902 22.8588682733 88.1803128619 20.2327237198 9.2518243876 69.7621396043 25.964278824 66.11021008 153.994321087 143.155287123 38.6374973817 36.3170729873 13.1488109242 12.9536073129 -9999.0 -9999.0 12.9954981211 21.5267530463 51.9964188835 10.4928974973 -9999.0 -9999.0 -9999.0 -9999.0 -9999.0 -9999.0 -9999.0 -9999.0 -9999.0 -9999.0 -9999.0 -9999.0
-9999.0 -9999.0 -9999.0 -9999.0 -9999.0 -9999.0 21.9741995332 22.3378022568 41.1898344369 60.8441362504 137.929449657 175.250195197 195.837883015 22.9210550144 13.6380335552 198.003763447 238.386634868 250.064770352 302.034681528 312.866661436 10.8043021029 2283.82687771 2338.48585875 44.0285959329 10.8589928326 97.7577045757 213.197470201 87.3610465705 18.8910373904 9.81363319954 240.480139067 164.737900067 9.83567997292 9.82038017966 46.7627996915 37.5247521105 11.1017109985 9.52239651623 12.1922183985 24.7444271002 11.4040855306 62.9196657194 73.1789051408 8.64343341981 -9999.0 -9999.0 -9999.0 -9999.0 10.8952221139 9.81348309532 3.65626777493 -9999.0 -9999.0 -9999.0 -9999.0
-9999.0 -9999.0 -9999.0 -9999.0 -9999.0 -9999.0 -9999.0 20.9936861739 19.0217896072 39.6587400748 59.6086300691 18.7385449957 18.8548920696 109.576709401 140.092167889 172.041407584 14.5857196288 27.5834547497 13.9385841988 324.81118962 703.328048699 712.419508886 3069.78541772 10.188094502 29.9428421074 9.21326336457 221.546713805 9.05353427837 28.9241836415 9.40485173502 249.905626598 259.421092688 19.9400246754 19.6770604258 118.776062682 60.2849267085 20.9056236819 11.0954132752 24.1470865746 36.4728569015 58.0247214633 9.58232819697 89.4113077923 96.6715108695 6.30053945464 7.13664934265 7.57748980313 6.3605119979 5.89901232797 27.7238796807 11.1955141512 6.38041195211 -9999.0 -9999.0 -9999.0
-9999.0 -9999.0 -9999.0 -9999.0 -9999.0 -9999.0 -9999.0 -9999.0 40.8839184944 58.494641557 18.5756830517 38.2809198218 55.7717276409 93.2028014028 17.4673687674 16.396286121 12.8013736764 12.8967836238 10.7450030375 354.107398612 14.2533203873 27.0727273097 3105.60470636 3120.91981799 5.05943169573 40.3034742796 268.320526636 17.5341167094 36.3778058755 15.6498887891 23.0384324205 294.685390558 27.9344604841 164.566958771 137.49542149 10.0341883116 52.7143647074 21.6654561791 34.206033175 9.82183015803 66.877715151 83.6650576129 89.5758262517 94.9635070904 119.962569296 11.9067350605 12.871989321 11.0106521428 10.1022601329 32.9582120575 5.90255529307 23.7359988287 29.0456768277 -9999.0 -9999.0
-9999.0 -9999.0 -9999.0 -9999.0 -9999.0 -9999.0 -9999.0 -9999.0 20.5759463944 99.0940462354 116.927073255 17.7772662438 34.2954598153 16.4214877615 14.2110137781 13.9318652554 181.410402716 238.368392227 289.378776888 343.94753834 12.1077119157 13.4002323066 9.42173386766 3169.24973191 3186.28971761 3190.83074344 343.625717119 69.0589364391 61.3353425366 6.22264719149 29.3169514439 330.939891808 6.72515243646 171.712200567 9.26528914631 70.7723031991 63.8304341801 10.2572916182 44.2788581947 19.7348493837 29.3878022329 7.20139298091 5.2851107497 100.234379991 104.929509747 124.641062614 18.0995531187 15.8249490097 14.6632223885 39.3917039554 51.4701823409 6.03033150824 34.9767598303 7.01833902223 12.9438501722
-9999.0 -9999.0 -9999.0 -9999.0 -9999.0 -9999.0 -9999.0 -9999.0 -9999.0 21.4977859412 136.3520313 153.507557522 50.8162352072 83.5518502093 112.312941675 127.026226007 15.5973133015 44.1305350539 30.0659180675 16.5927095738 15.3107370398 12.7045745873 23.5338661908 37.8078113127 9.08103725208 3549.166437 3553.99099409 4.18849845491 3.82507711166 13.1633148601 19.7583337876 350.75503574 13.2864762632 177.192013749 103.699285029 87.5873863042 8.99510725078 18.8112266626 52.5287822574 8.27122780692 37.3705351485 14.7838088596 9.14951553196 5.02312006502 119.83612771 248.031803128 21.2961475389 19.1035649039 19.0892651906 4.65677491162 56.1318976279 4.47568645391 45.8002781107 5.78320959837 18.8218225382
-9999.0 -9999.0 -9999.0 -9999.0 -9999.0 -9999.0 -9999.0 -9999.0 -9999.0 -9999.0 17.5923597796 188.764670623 16.2252355942 32.1930146885 45.7793182245 71.3896707316 12.9279405229 27.7109563732 13.5934127537 11.7061257612 10.7944136218 21.1055535434 8.61802821886 7.88202442746 13.8356761352 7.86903382032 3559.86136833 3568.61545104 3581.93474776 24.1782123147 6.99620208759 13.9525835423 358.44752789 315.621468716 120.178267249 8.09105574293 36.1641364351 27.3701471299 60.8109628865 16.4654449727 68.3856003292 22.6664692398 14.9329843715 4.87169968109 5.76433277209 253.864380776 258.505661581 302.523068794 34.1453287936 9.87147441262 61.3672114883 70.9346097101 121.1199161 11.1138374706 5.17034820026
-9999.0 -9999.0 -9999.0 -9999.0 -9999.0 -9999.0 -9999.0 -9999.0 -9999.0 -9999.0 -9999.0 11.5488413031 213.866608686 17.3780874045 30.4963648367 126.731012995 12.5608865481 12.2003025994 9.97128174014 22.9941354455 12.0505543512 44.7287626617 62.026788162 69.1043743821 19.0629548413 22.2655559677 4.05552848212 6.29174185796 5.5604641386 3617.29262039 3636.76450571 363.568179984 327.003979797 321.446676055 11.9466604022 5.60906460302 43.3314996825 118.768511232 68.2887022757 23.7722510221 99.2892000429 37.831977188 31.3194275247 9.83374186651 3.93128823987 3.25275452924 3.41652140021 323.02707982 372.259336535 4.91461476029 4.16048277257 5.02602865709 126.223186386 142.168511914 9.30591532786
-9999.0 -9999.0 -9999.0 -9999.0 -9999.0 -9999.0 -9999.0 -9999.0 -9999.0 -9999.0 -9999.0 10.2816236901 237.607375162 286.722614973 13.494427588 153.055151974 10.891460595 9.94530999661 21.3534250371 56.2351923103 11.2277449512 12.3399844621 8.60851352689 85.4395761699 92.8584575289 123.874825981 133.526886986 138.731152818 142.675497503 146.712781669 3787.99066401 4160.05351126 4495.08140398 4497.96460669 3.73432058817 5.62113484677 133.215289587 126.050736472 7.30031825328 7.41269162899 109.882342168 155.047663337 5.95855289702 88.1967713032 82.0130601623 22.7737085064 9.40167471623 16.1875461519 6.1393706356 381.144670375 4.62461737893 13.4919617077 16.6482138156 173.291380989 187.9008266
-9999.0 -9999.0 -9999.0 -9999.0 -9999.0 -9999.0 -9999.0 -9999.0 -9999.0 -9999.0 -9999.0 18.9318433218 35.4925057866 302.476405886 326.855271314 12.1848816221 172.831347994 8.09290914123 26.4695705772 65.6580941429 20.9841088575 9.65945653763 19.9762177749 6.26295181517 12.3380715804 6.65272812723 6.25596297382 6.11776217836 5.99723057879 4.45020266297 3.44498249254 4.37526607819 5.65744167004 5.70371720772 4510.02381044 147.526178701 138.392551419 2.38496056193 20.0906145313 4.76605516521 6.56534018039 161.329343344 269.947970667 95.8262422925 72.6850718126 14.7122581072 5.48751312217 4.74003570808 9.14304829947 394.795653605 402.936719672 4.34865619391 4.53697991146 4.82529668081 5.39067488497
-9999.0 -9999.0 -9999.0 -9999.0 -9999.0 -9999.0 -9999.0 -9999.0 -9999.0 -9999.0 -9999.0 -9999.0 14.0800479948 216.514426878 557.1050764 600.482632765 783.411757117 791.977558342 140.708723788 106.61001851 30.9015861847 9.38786517921 38.1448416518 46.3592337859 65.6214362257 13.8810442738 12.5717550243 12.6492915306 24.8929443237 10.5075783754 9.50362972732 6.24786359323 5.22455503927 3.35054950651 4513.24764619 4664.25569615 4668.98325208 2.33992645967 50.290337488 25.0534048169 7.16767647997 293.525637931 17.4476027401 9.23103874461 41.7750573813 9.20399094395 5.66760270473 10.2404664692 13.7795627339 17.8550519819 409.336164595 2.94109134968 2.44989346977 2.45386588088 2.10584784569
-9999.0 -9999.0 -9999.0 -9999.0 -9999.0 -9999.0 -9999.0 -9999.0 -9999.0 -9999.0 -9999.0 17.0228790085 166.260092682 201.143797751 29.7599543811 11.2749149193 24.8089126726 827.284015316 834.720176703 983.805256648 7.86061651516 17.1079686947 6.7352928689 6.88355206363 72.1860016615 92.5953816019 110.702404096 5.43456969282 30.2843190778 46.0341896022 26.0638503868 11.4960342236 10.180452391 8.5408857231 8.19839151754 2.47701312487 4671.20946703 4672.62529424 4726.23639058 10.3201871358 5.89390501876 298.649286382 18.8934197691 9.84229189186 11.5203103155 11.4235096978 9.23440206526 15.6769050141 41.4409781257 63.8270671409 476.30311098 2.08556200933 6.29807899489 4.29994613465 3.76431488024
-9999.0 -9999.0 -9999.0 -9999.0 -9999.0 -9999.0 -9999.0 -9999.0 -9999.0 -9999.0 -9999.0 17.6296218181 118.987043125 18.1918864291 14.0871607678 81.2757236568 92.7689062551 103.875135613 113.310131657 1336.39684887 1348.08537328 1368.28478222 1502.09781652 1523.50758435 1535.23384816 1541.94407683 1667.83776004 1686.9762731 1693.13237936 1746.13934125 1778.70734967 1783.88767163 1805.30531219 13.5603848128 13.5021285032 2.34233006986 1.61842027044 4674.59391645 4741.16446559 13.4012006556 342.791413166 337.948439178 33.6006108906 7.68453973667 7.91715374698 7.35550879659 7.67494221118 15.4302506182 21.2789402149 5.37581932899 479.208559133 482.397463003 495.622379436 498.090309271 504.138862511
-9999.0 -9999.0 -9999.0 -9999.0 -9999.0 -9999.0 -9999.0 -9999.0 -9999.0 -9999.0 -9999.0 62.4361318096 82.2644562377 37.1997821524 54.0532859433 16.4609033053 183.264193067 195.044293384 218.398071581 229.651157531 75.1787062888 1460.33399111 1470.24619407 7.27695468504 4.93042569108 5.07619334447 10.4570257136 5.81499859022 4.8032608562 4.73482410842 4.6859992077 1790.28501849 1811.66111996 1830.47631231 1848.30093005 1854.79816267 2.73924415836 0.699643376534 5092.48704753 349.954338198 348.111238769 6.36402351717 5.5608278363 4.73286162855 12.8224861815 12.2730363059 5.56037888211 5.75205840783 5.26691667676 10.5353534986 13.3505176246 1.988322895 3.60329547327 1.50549989283 1.51005938181
-9999.0 -9999.0 -9999.0 -9999.0 -9999.0 -9999.0 -9999.0 -9999.0 -9999.0 -9999.0 -9999.0 -9999.0 42.278441245 19.4393227555 16.6483821547 159.204407885 171.858346063 12.728174562 47.320525021 58.3980662171 67.8653971307 10.9973463039 5.90441127617 203.134411575 207.59532554 212.026823775 523.297817167 527.093656199 535.450522956 578.223719551 602.295495139 606.086975667 4.96506522582 5.28139116265 4.46292122619 1857.27974168 1.04208331937 5137.1523202 5135.49435525 41.6709939344 38.998761852 23.3155366902 5.84911883668 9.46536144833 17.7541640157 17.2601569593 10.5859167018 5.40752259863 10.5352880076 10.5486245268 17.8319554464 2.84260662738 6.79938189928 10.8719900612 14.1095731727
-9999.0 -9999.0 -9999.0 -9999.0 -9999.0 -9999.0 -9999.0 -9999.0 -9999.0 -9999.0 -9999.0 -9999.0 22.0020903733 59.0100504561 76.3369669174 127.06170975 12.2639787977 25.4922948262 36.9429526711 157.59251725 167.616934966 177.903238848 184.952230983 192.491617564 273.372631647 295.107036157 307.833778894 5.70806973148 33.7952257263 39.6991629596 590.255559869 610.916989258 622.934866268 635.764699437 643.09588298 2501.44698664 2.66598885306 5146.21487121 5.01320904064 2.7368497196 33.318983931 28.2372246095 4.6125224701 14.1097903558 22.4920015267 21.7479841952 14.622678816 24.0678540945 38.2615174755 14.793653542 36.5259335944 3.42067832122 5.60318945634 1.07497427979 0.827532418199
