data/baseflow/mHMbf_acc410.asc
ncols                  80
nrows                 72
xllcorner      4374000.0
yllcorner      5656000.0
cellsize            500
NODATA_value       -9999
[rows 25 to 49 of 72, columns 0 to 54 of 80]
-9999.0 -9999.0 -9999.0 -9999.0 -9999.0 -9999.0 -9999.0 -9999.0 -9999.0 -9999.0 -9999.0 -9999.0 26.9976450523 53.75743405 25.3857117624 50.7951627803 22.8442021266 172.912683721 216.386911446 238.278379538 20.1934156498 39.6486566279 380.461395038 471.368332177 487.224331311 34.1498773972 30.6781013701 44.7531904773 10.7773191113 10.0300658678 18.8331441406 8.06958272861 574.530140783 583.796082331 589.949598081 4563.56980981 8932.15174759 8878.17815937 12.8183865928 6.13495109105 5.61102295005 23.028207292 17.7131802462 43.5370688982 60.3771454868 120.57250505 10.8203887327 10.7770953229 98.4081354304 108.20314944 206.883467971 212.362557772 228.749205026 234.559405976 5.03098136322
-9999.0 -9999.0 -9999.0 -9999.0 -9999.0 -9999.0 -9999.0 -9999.0 -9999.0 -9999.0 -9999.0 -9999.0 -9999.0 26.44848956 52.4642381811 78.4843903783 125.762973304 24.3088104075 22.3405680071 151.037723715 171.657232711 343.004048313 363.352601947 57.9198272751 18.5475734172 16.9336833043 15.1037747789 517.376542888 528.62253724 539.749545673 549.030381122 565.944997708 97.0053181676 103.72145913 699.125282331 14199.550602 44.6832832103 35.5818042728 19.0256003431 5.1662903962 4.72906039661 34.0290782931 38.0571908751 52.7768148311 4.62059854383 126.383457483 18.4624554378 18.2061624164 4.11773566003 3.03270347217 2.77793440325 2.58024401275 2.7373103114 238.494154252 3012.4091693
-9999.0 -9999.0 -9999.0 -9999.0 -9999.0 -9999.0 -9999.0 -9999.0 -9999.0 -9999.0 -9999.0 -9999.0 -9999.0 -9999.0 25.3371340938 46.2203432124 65.2641507977 84.5064799648 106.603473428 129.175931692 66.4166688552 110.532657896 20.3462604608 19.5981689629 432.665579839 469.808185049 486.78983408 504.191735806 12.9999580935 23.940166067 64.1046465182 76.7152243681 87.8200125258 8.01186890466 6.05124332872 14221.6831178 8.84030950523 10.1845152162 4.90848947346 21.7359335557 10.6084156497 4.71252801919 95.535118169 99.4564545756 3.16110097523 129.777510393 151.46615373 22.3145925189 3135.57941612 3128.68143615 3122.49144475 3110.84703263 3106.08657024 3032.44355782 3028.73226378
-9999.0 -9999.0 -9999.0 -9999.0 -9999.0 -9999.0 -9999.0 -9999.0 -9999.0 -9999.0 -9999.0 -9999.0 -9999.0 -9999.0 5.32804974941 12.0639753628 19.1529048012 183.270031182 206.349941926 23.2622878575 22.3619685227 22.3637023129 353.511887395 395.647845807 20.0381373806 20.1429576749 16.5777175964 69.0211442505 85.5301981306 40.4210210016 53.1946660404 400.377067096 413.14274963 431.747409505 680.747397491 14907.7508201 8.30884223755 4.08782672463 33.1000421744 27.5219164985 4.25904278566 13.2546576552 17.0467634417 103.598910157 107.085479605 268.584060658 155.241367159 26.5195922142 3204.16032359 27.1418153429 3116.85203908 3113.98629714 68.9674508768 4.96372784304 12.8118863716
-9999.0 -9999.0 -9999.0 -9999.0 -9999.0 -9999.0 -9999.0 -9999.0 -9999.0 -9999.0 -9999.0 -9999.0 -9999.0 -9999.0 26.8494320595 44.2569891655 91.8004056127 161.843178702 224.524968183 267.810858546 289.83133474 312.261953293 333.587506788 20.7793319249 18.7608801002 37.0414137926 34.2591122189 17.9910572504 347.252077112 363.415784179 378.10424291 392.249347139 221.324404227 231.776694939 241.973269935 14912.122619 14.7188903094 9.57196116539 46.8718522069 5.67024854098 7.80873201317 4.13708365737 3.52668556039 20.6164069666 2.90610838873 3.08659763048 3487.64841343 3216.80125864 3213.85340625 10.5159434138 23.9314807415 15.4241813845 3.55022206546 60.4813179488 17.1531550396
-9999.0 -9999.0 -9999.0 -9999.0 -9999.0 -9999.0 -9999.0 -9999.0 -9999.0 -9999.0 -9999.0 -9999.0 -9999.0 -9999.0 18.6292973918 17.85460724 35.0617546241 52.7980613789 22.4654919469 25.3358640237 48.6370438232 71.7056992516 115.128271744 136.475406831 154.749151002 210.766778834 227.623551563 246.132674166 16.337831258 168.497240007 182.755520267 196.886011443 12.3715731117 8.54409142502 14.320187526 15169.7570307 15173.8629907 15196.4029198 62.8155454539 11.5533648121 12.7696697966 3.21342433309 6.22166344213 23.4388385042 28.8074836103 5.59200776717 3500.76513986 4.070930826 5.5738338365 6.03250605106 4.69422898086 8.80874563593 3.7346710178 39.7714320718 31.5478209079
-9999.0 -9999.0 -9999.0 -9999.0 -9999.0 -9999.0 -9999.0 -9999.0 -9999.0 -9999.0 -9999.0 -9999.0 -9999.0 -9999.0 -9999.0 17.3119713362 34.1302720043 16.3578244463 33.5286155182 209.396017033 229.598857291 252.021242473 21.5998605924 21.5679661094 39.8393974535 58.9865798809 92.1408647247 109.511779573 120.58724675 136.246760856 13.4132257129 12.985374105 220.169075696 228.318900074 233.732608354 238.874313975 198.084634341 15415.5485697 15507.8911714 15512.1349076 15528.7367702 15546.3782599 15554.8481586 2.63920681432 31.2456997917 3503.16490385 5.69994480185 2.90892641717 3.55524416968 3.53438088418 6.04694400033 5.34333554712 3.02372858761 4.27335008343 4.06072813043
-9999.0 -9999.0 -9999.0 -9999.0 -9999.0 -9999.0 -9999.0 -9999.0 -9999.0 -9999.0 -9999.0 -9999.0 -9999.0 -9999.0 -9999.0 -9999.0 50.7556990635 68.2533002455 119.695769693 157.709776306 19.9050867795 295.897256771 316.984740657 337.037106338 18.9570859437 37.5282197416 16.2626738796 125.309820997 135.665427602 150.479693719 164.74298612 202.279859474 209.433654893 4.46976566001 178.199198028 188.439323193 193.262663383 214.908553615 25.4379962354 15.3920284054 9.01279343475 8.88736199762 15563.4374535 15566.3907039 15616.4224088 3505.30585623 16.5265322037 8.75308604991 5.92567838307 1.92196999076 17.1254918641 8.69596180067 2.71207408145 14.5258055267 12.1928200342
-9999.0 -9999.0 -9999.0 -9999.0 -9999.0 -9999.0 -9999.0 -9999.0 -9999.0 -9999.0 -9999.0 -9999.0 -9999.0 -9999.0 -9999.0 -9999.0 18.0165331381 85.5884753077 103.356072773 20.9357789967 23.1490884393 46.7801859568 68.4631115173 425.739848506 19.0214081736 76.1664611869 92.9334050543 109.547978561 10.9208208224 24.9324542514 34.7082085986 141.877702872 159.485576764 163.826593504 4.92133956831 5.20892455914 6.49480431669 11.9036611785 5.27763864519 5.69197577828 7.72224875912 7.73273381704 7.65343543675 16.7753387667 15619.6632802 19133.5755246 20.0624893467 4.62816296541 1.91836189921 51.4645811959 47.2610087538 27.2961650118 24.4098847785 18.1979585064 4.09130254759
-9999.0 -9999.0 -9999.0 -9999.0 -9999.0 -9999.0 -9999.0 -9999.0 -9999.0 -9999.0 -9999.0 -9999.0 -9999.0 -9999.0 -9999.0 15.9760441264 50.6346575041 16.6534619286 23.1670141443 24.847566059 48.0789054671 71.1096476441 90.2565592158 532.247289821 550.505348273 18.6994995781 35.4492207417 52.3420807664 65.6575464387 80.0958860404 126.92116014 136.385006345 11.6915291412 8.62104021702 7.62401879735 7.28098750046 8.0104166117 8.60765148502 7.78331514773 10.9145094031 26.4307591198 12.6093025174 4.05274573401 4.01031126276 3.24034858114 6.09672363041 19322.7384784 164.888029991 63.2818213829 6.9704027496 3.48545061488 2.21625988211 7.09428360921 4.66290445785 2.35500294587
-9999.0 -9999.0 -9999.0 -9999.0 -9999.0 -9999.0 -9999.0 -9999.0 -9999.0 -9999.0 -9999.0 -9999.0 -9999.0 -9999.0 16.9364001292 32.4157450053 115.683043308 16.3948687255 43.1405928968 67.6042060047 90.4585382447 23.2553285024 43.6790701101 61.3347021268 626.993468657 17.8778500915 33.7892873129 50.2923905816 15.2110304317 30.2600122002 41.7989351243 50.9894134728 1149.32580994 1164.56263882 1177.94413761 1228.29657459 1252.2811905 1293.1862355 10.9316487344 26.6798237236 31.8753847766 1411.141471 1418.25764271 3.7197782841 6.16564123367 8.53445188768 19326.1825364 155.572458969 83.2973463118 79.124646949 56.9544605532 46.8615953641 9.33978842267 2.33995491025 4.25393676998
-9999.0 -9999.0 -9999.0 -9999.0 -9999.0 -9999.0 -9999.0 -9999.0 -9999.0 -9999.0 -9999.0 -9999.0 -9999.0 -9999.0 16.907958224 51.3300452407 183.762593741 271.635039491 15.208435025 356.716240046 463.758276847 21.9703326324 42.224311874 60.4853549315 798.684099061 813.302263683 13.0025775596 76.7391626683 89.1499188588 101.897077196 1047.82851347 1075.77618128 1089.92422893 6.61772785773 37.0408403936 43.7513551159 17.6289159252 24.4902587755 1328.63173703 1365.94524331 1371.15150985 1376.05748686 1424.27645562 2.9683662274 2.62366979486 13.3954146993 19328.9966864 4.45818211319 6.27209466454 18.5460004007 6.74689207112 41.3943446496 31.7214299678 18.8915961629 13.0317132457
-9999.0 -9999.0 -9999.0 -9999.0 -9999.0 -9999.0 -9999.0 -9999.0 -9999.0 -9999.0 -9999.0 -9999.0 -9999.0 -9999.0 -9999.0 -9999.0 35.5749974629 71.7217002098 322.465980449 340.295651895 479.71314085 496.523841539 21.1949518462 42.3613033482 97.1236296425 827.5922736 854.552103475 865.384969356 8.69948984394 905.054029083 934.290911719 17.6411530871 6.70473365353 12.8529428969 24.9575985235 5.98091311088 11.6801584577 25.197103969 30.9733308804 6.02612409225 4.24973067397 8.28107527868 1457.06434142 1468.04920658 1470.29919302 1489.96275284 19331.3522201 3.86989371432 4.70535206306 5.37703143886 5.17426739831 5.28901440417 4.57084811614 8.6148480731 2.3428780373
-9999.0 -9999.0 -9999.0 -9999.0 -9999.0 -9999.0 -9999.0 -9999.0 -9999.0 -9999.0 -9999.0 -9999.0 -9999.0 -9999.0 -9999.0 -9999.0 18.5306903188 18.2499592211 17.9406912436 35.7767431208 15.9019416193 528.136988633 543.589486219 18.8713463303 37.7342093542 16.7469000835 13.0157926086 12.5796685029 887.986027764 10.0734873178 20.2949016768 8.97814443785 6.85331040319 6.14775636425 4.78874356905 4.96842738508 14.9686284965 20.437672863 4.07454107708 3.7881757564 8.05146796022 13.1928578015 18.7434817951 5.98858320045 1474.01643115 1492.21619551 19333.1080754 19.0573686733 11.0665036583 3.4096752389 7.87137790822 2.76589719965 2.04741855078 10.8711011637 10.8628491682
-9999.0 -9999.0 -9999.0 -9999.0 -9999.0 -9999.0 -9999.0 -9999.0 -9999.0 -9999.0 -9999.0 -9999.0 -9999.0 -9999.0 -9999.0 -9999.0 -9999.0 -9999.0 18.034298101 52.5564845594 67.6542958188 83.1705262484 558.596067142 573.468374084 588.233579283 603.764063611 615.96390321 641.246382704 650.610350889 660.237842034 667.738844596 6.24394644825 5.72350905343 5.98956828971 20.9518554246 5.48733498527 5.14292030569 4.13658821479 12.0338299789 4.84727778871 3.82446190891 3.5713668359 3.30400845962 6.59462809139 9.2394896168 1510.19440739 20863.9062423 4.04147896906 7.01810378917 2.80404055678 10.8619101599 6.06553344738 4.11600154438 30.3053892247 17.9835087704
-9999.0 -9999.0 -9999.0 -9999.0 -9999.0 -9999.0 -9999.0 -9999.0 -9999.0 -9999.0 -9999.0 -9999.0 -9999.0 -9999.0 -9999.0 -9999.0 -9999.0 -9999.0 -9999.0 15.6837104002 119.947995004 236.021598004 251.949629289 19.0518746462 37.726014956 56.9414402645 71.9920341521 174.357565059 181.28201946 6.64569067303 6.33359924961 680.412633733 691.454288635 696.522280239 24.829463134 3.58209531941 8.54896599342 12.591886073 37.9191295736 46.8770116407 54.1121403461 6.67937169611 9.26257267686 3.06989824672 6.03527025748 3.07663847618 20868.5909238 3.28444489143 13.5535745576 5.49955368753 17.6992203789 37.1444976141 42.8090695314 74.8168925185 18.9096518809
-9999.0 -9999.0 -9999.0 -9999.0 -9999.0 -9999.0 -9999.0 -9999.0 -9999.0 -9999.0 -9999.0 -9999.0 -9999.0 -9999.0 -9999.0 -9999.0 -9999.0 -9999.0 16.9389259197 53.2554889401 104.629246945 137.196926481 350.460717948 367.89567987 39.8402056271 59.3986561411 75.9324028736 90.5804830577 189.630597986 203.620836002 370.293013195 384.640304386 390.916590935 701.529396182 738.990611269 8.44422946745 5.36072226807 5.10757604236 9.69688017729 4.47970056594 62.914995606 66.3177423673 12.156852018 17.0251938002 4.08353940342 4387.90974609 4393.94668045 25264.7482857 25281.492937 3.63572363382 25.4810218257 4.26020127479 3.09414292306 79.9112484386 100.499240907
-9999.0 -9999.0 -9999.0 -9999.0 -9999.0 -9999.0 -9999.0 -9999.0 -9999.0 -9999.0 -9999.0 -9999.0 -9999.0 -9999.0 -9999.0 -9999.0 -9999.0 -9999.0 -9999.0 18.7569536096 18.2206711259 34.9272300962 83.2979648905 383.322141896 20.4301912822 20.2457550485 36.3063265762 52.9969081014 130.919794683 142.37956099 10.329695039 9.25345548935 398.026197509 403.167627318 1147.89446391 1153.13926227 3.03986198788 2.72304744981 2.27107502709 2.29134876457 2.45311294723 4318.95878599 4339.27179278 4361.34048545 4370.20041207 4383.61424875 3.3714870068 12.4529711959 14.8032258295 25300.9158765 25302.1284678 25305.2706521 25308.7182837 25311.389191 103.756341407
-9999.0 -9999.0 -9999.0 -9999.0 -9999.0 -9999.0 -9999.0 -9999.0 -9999.0 -9999.0 -9999.0 -9999.0 -9999.0 -9999.0 -9999.0 -9999.0 -9999.0 -9999.0 -9999.0 -9999.0 17.0959113897 17.6918804384 33.0649632371 447.909694877 463.626463399 19.9612080736 35.9121973427 52.8917875956 67.5918145329 13.50605359 23.8925030095 1019.69385523 1025.42561188 1033.01616198 1082.34758992 2242.05555367 4196.30362468 4203.34338352 4209.60246954 4215.64204777 4241.33722368 4249.56385988 16.3402661026 7.50074104619 4.38645304954 8.29498739758 6.21088483869 9.80499910715 3.01385764534 68.3056788584 75.0621637618 81.5743924187 82.6609778156 25312.2991684 25418.5328921
-9999.0 -9999.0 -9999.0 -9999.0 -9999.0 -9999.0 -9999.0 -9999.0 -9999.0 -9999.0 -9999.0 -9999.0 -9999.0 -9999.0 -9999.0 -9999.0 -9999.0 -9999.0 -9999.0 -9999.0 -9999.0 17.3164202496 33.2195520132 49.1801788237 477.14277681 15.2230155877 646.642065192 664.162899462 678.348598085 690.174117063 975.233125491 986.014929214 6.26115934274 35.7035177098 42.8067692111 5.7885070971 1947.29269903 1936.8910508 3.26481971264 7.46873323353 20.2741229411 4.49780177779 4.80674604998 3.80873339039 3.26197051807 2.55821291023 2.95455972012 59.0362295952 62.0464605072 65.6301582128 4.61104715346 4.52527531822 85.5712941002 87.1441634261 87.8892713625
-9999.0 -9999.0 -9999.0 -9999.0 -9999.0 -9999.0 -9999.0 -9999.0 -9999.0 -9999.0 -9999.0 -9999.0 -9999.0 -9999.0 -9999.0 -9999.0 -9999.0 -9999.0 -9999.0 -9999.0 -9999.0 16.0973451166 15.0813014411 77.6227747137 585.275349079 615.534200786 630.567964365 15.5858978016 252.213305947 266.388809488 273.554577754 10.3851397957 16.9797784258 22.7019404569 444.424935347 449.001625127 452.898853702 1929.92138771 1189.38678138 4.05037070541 4.34583785639 4.18491561184 3.35402517672 35.1047995666 42.4233540142 48.8670503068 52.4217028559 55.8521683649 461.273359955 463.708272341 467.886882191 478.50649978 513.039712549 514.084990094 603.012064156
-9999.0 -9999.0 -9999.0 -9999.0 -9999.0 -9999.0 -9999.0 -9999.0 -9999.0 -9999.0 -9999.0 -9999.0 -9999.0 -9999.0 -9999.0 -9999.0 -9999.0 -9999.0 -9999.0 -9999.0 -9999.0 -9999.0 31.3436684946 47.504502905 16.2264285206 20.6357436271 197.412820813 213.576865068 224.648961463 89.8073965277 100.52446378 111.16122977 117.615874755 434.276963109 440.443694682 274.614328883 732.313849345 736.794532585 1186.0502562 8.78416729646 4.49137112834 3.23264236873 24.2615402762 28.4052433771 2.66147037809 2.51224685099 449.944383282 456.055466999 458.996318787 5.00274280333 7.54118321216 507.718297901 2.92567674876 7.90315045828 8.67426402285
-9999.0 -9999.0 -9999.0 -9999.0 -9999.0 -9999.0 -9999.0 -9999.0 -9999.0 -9999.0 -9999.0 -9999.0 -9999.0 -9999.0 -9999.0 -9999.0 -9999.0 -9999.0 -9999.0 -9999.0 -9999.0 -9999.0 15.5817254253 30.8647602028 126.603429113 142.831470358 159.126343939 66.9637948056 78.9979247213 11.1871541614 292.175418655 301.947580231 310.612007149 6.92333931596 263.099998094 269.489032157 4.76011363708 1163.25280365 9.83726113663 4.91926185881 13.1501876498 17.6551507714 3.45083558101 2.82897730048 419.390666351 444.489743571 448.041607377 3.73419449967 8.17593052487 10.4933425011 13.0898870196 25.7131517074 2.9242052988 6.50549928094 1.25190339124
-9999.0 -9999.0 -9999.0 -9999.0 -9999.0 -9999.0 -9999.0 -9999.0 -9999.0 -9999.0 -9999.0 -9999.0 -9999.0 -9999.0 -9999.0 -9999.0 -9999.0 -9999.0 -9999.0 -9999.0 -9999.0 -9999.0 15.428336618 47.731349274 81.0005521517 17.5900027022 36.3371412403 52.8243747155 248.017056467 260.920405212 271.397627493 9.68132510879 215.361616315 243.51212082 250.954233332 6.0538927019 1142.86417867 1154.10835903 5.29412681354 4.85939770812 9.59532265626 3.92196685633 400.430479289 407.368582041 411.425452659 15.6706322718 19.4910103923 3.347013141 5.92453198053 2.60077634928 18.7347249398 2.61987848222 1.72686707957 1.75979881703 1.7674871052
-9999.0 -9999.0 -9999.0 -9999.0 -9999.0 -9999.0 -9999.0 -9999.0 -9999.0 -9999.0 -9999.0 -9999.0 -9999.0 -9999.0 -9999.0 -9999.0 -9999.0 -9999.0 -9999.0 -9999.0 -9999.0 -9999.0 -9999.0 16.3838323681 17.09120402 19.1182375108 174.226738079 189.645844631 234.816363082 12.8350287224 173.663615973 197.204016246 9.81000809374 19.9102535711 7.48267682374 1124.39608511 7.43405541513 18.3970645505 22.5734151242 26.5557989235 374.618060104 389.238603104 393.635035265 4.46197575307 8.32006174824 11.8145292144 2.21671230406 2.04039805533 1063.23864423 1065.21560818 1066.75932172 1083.44966601 1085.42212017 1087.74600975 1089.12666036
