data/baseflow/mHMbf_acc256.asc
ncols                  80
nrows                 72
xllcorner      4374000.0
yllcorner      5656000.0
cellsize            500
NODATA_value       -9999
[rows 0 to 24 of 72, columns 0 to 54 of 80]
-9999.0 -9999.0 -9999.0 -9999.0 -9999.0 -9999.0 -9999.0 -9999.0 -9999.0 -9999.0 -9999.0 -9999.0 16.0276106566 16.2242840346 -9999.0 -9999.0 -9999.0 -9999.0 -9999.0 -9999.0 -9999.0 -9999.0 -9999.0 -9999.0 -9999.0 -9999.0 -9999.0 -9999.0 -9999.0 -9999.0 -9999.0 -9999.0 -9999.0 -9999.0 -9999.0 -9999.0 -9999.0 -9999.0 -9999.0 -9999.0 -9999.0 -9999.0 -9999.0 -9999.0 -9999.0 -9999.0 -9999.0 -9999.0 -9999.0 -9999.0 -9999.0 -9999.0 -9999.0 -9999.0 -9999.0
-9999.0 -9999.0 -9999.0 -9999.0 -9999.0 -9999.0 -9999.0 -9999.0 -9999.0 -9999.0 -9999.0 -9999.0 29.8143234757 73.3422801807 13.3852271481 -9999.0 12.1744352597 -9999.0 -9999.0 -9999.0 -9999.0 -9999.0 -9999.0 -9999.0 -9999.0 -9999.0 -9999.0 -9999.0 -9999.0 -9999.0 -9999.0 -9999.0 -9999.0 -9999.0 -9999.0 -9999.0 -9999.0 -9999.0 -9999.0 -9999.0 -9999.0 -9999.0 -9999.0 -9999.0 -9999.0 -9999.0 -9999.0 -9999.0 -9999.0 -9999.0 -9999.0 -9999.0 -9999.0 -9999.0 -9999.0
-9999.0 -9999.0 -9999.0 -9999.0 -9999.0 -9999.0 -9999.0 -9999.0 -9999.0 -9999.0 13.2720535078 12.4562813101 13.0838708074 12.8486391604 97.2994401427 109.701325587 33.8959315281 10.8261673764 -9999.0 -9999.0 -9999.0 -9999.0 -9999.0 -9999.0 -9999.0 -9999.0 -9999.0 -9999.0 -9999.0 -9999.0 -9999.0 -9999.0 -9999.0 -9999.0 -9999.0 -9999.0 -9999.0 -9999.0 -9999.0 -9999.0 -9999.0 -9999.0 -9999.0 -9999.0 -9999.0 -9999.0 -9999.0 -9999.0 -9999.0 -9999.0 -9999.0 -9999.0 -9999.0 -9999.0 -9999.0
-9999.0 -9999.0 -9999.0 -9999.0 -9999.0 -9999.0 -9999.0 -9999.0 -9999.0 12.5816664396 26.0110277051 51.4014929734 25.2913106205 12.2978720905 24.2247536892 121.264697212 179.533029817 11.9871942909 -9999.0 12.5631112084 -9999.0 -9999.0 -9999.0 -9999.0 23.4986858913 12.0420514144 -9999.0 -9999.0 -9999.0 -9999.0 -9999.0 -9999.0 -9999.0 -9999.0 -9999.0 -9999.0 -9999.0 -9999.0 -9999.0 -9999.0 -9999.0 -9999.0 -9999.0 -9999.0 -9999.0 -9999.0 -9999.0 -9999.0 -9999.0 -9999.0 -9999.0 -9999.0 -9999.0 -9999.0 -9999.0
-9999.0 -9999.0 -9999.0 -9999.0 -9999.0 -9999.0 -9999.0 -9999.0 13.7223052556 39.2797553137 51.2672931191 63.6401091556 88.6622044953 11.6819051813 46.7422236332 57.9610949943 260.37291647 10.9149450042 10.322825027 23.7615314911 34.551059681 11.1702862904 -9999.0 59.9553186012 49.1016518705 13.1557614033 -9999.0 -9999.0 -9999.0 -9999.0 -9999.0 -9999.0 -9999.0 -9999.0 -9999.0 -9999.0 -9999.0 -9999.0 -9999.0 -9999.0 -9999.0 -9999.0 -9999.0 -9999.0 -9999.0 -9999.0 -9999.0 -9999.0 -9999.0 -9999.0 -9999.0 -9999.0 -9999.0 -9999.0 -9999.0
-9999.0 -9999.0 -9999.0 -9999.0 -9999.0 -9999.0 14.3354902617 12.9161446414 12.3129089379 12.4895771521 12.5972846223 89.3153555791 190.346855935 202.562811398 212.111704295 8.71822841173 280.138610155 290.525125443 21.4386355643 11.0533800763 45.1610303388 77.901675432 11.4340309234 94.4823360235 11.290659377 11.6435658234 11.7037449513 -9999.0 -9999.0 -9999.0 -9999.0 -9999.0 -9999.0 -9999.0 -9999.0 -9999.0 -9999.0 -9999.0 -9999.0 -9999.0 -9999.0 -9999.0 -9999.0 -9999.0 -9999.0 -9999.0 -9999.0 -9999.0 -9999.0 -9999.0 -9999.0 -9999.0 -9999.0 -9999.0 -9999.0
-9999.0 -9999.0 -9999.0 -9999.0 -9999.0 -9999.0 28.5721645276 42.0547687267 94.3115834872 130.860533186 11.4486222541 12.1452758519 11.488725498 33.207248878 255.3533963 9.22920770876 300.746410536 341.545032082 31.7210053404 20.8965522198 87.853182919 10.628930165 105.07361817 20.7828597818 10.3577426914 21.6913697637 23.109074812 11.7890725971 12.2616063008 12.0492350134 12.4629813463 24.9741854664 -9999.0 -9999.0 -9999.0 -9999.0 -9999.0 -9999.0 -9999.0 -9999.0 -9999.0 -9999.0 -9999.0 -9999.0 -9999.0 -9999.0 -9999.0 -9999.0 -9999.0 -9999.0 -9999.0 -9999.0 -9999.0 -9999.0 -9999.0
-9999.0 -9999.0 -9999.0 -9999.0 -9999.0 15.181050056 29.5448030312 14.2110049614 27.4458034873 144.063595579 168.071645456 192.336513988 622.253971296 10.9595269383 266.162371841 974.785466988 982.999775847 1338.69170872 8.87175498733 30.816090565 97.8650204649 9.93639323811 223.196452218 107.778296808 66.1330014937 55.5907744457 11.2592238258 35.2429950519 35.9737181283 23.9842036253 11.6497549265 36.9188337062 11.5334499566 11.4070068144 -9999.0 -9999.0 -9999.0 -9999.0 -9999.0 -9999.0 -9999.0 -9999.0 -9999.0 -9999.0 -9999.0 -9999.0 -9999.0 -9999.0 -9999.0 -9999.0 -9999.0 -9999.0 -9999.0 -9999.0 -9999.0
-9999.0 -9999.0 -9999.0 -9999.0 -9999.0 15.3809830638 44.9316373718 89.0852855919 102.760134151 203.323913683 216.186489337 256.058037957 418.894935746 656.367625425 678.989004158 689.278125853 18.8779241951 1372.72144802 1390.75647324 1441.58252637 1802.90759348 253.51934083 233.704893667 76.5379562082 10.3297544965 66.2126065975 45.330611432 9.77367276226 46.5460492532 10.4933262259 21.947430395 59.0627755072 70.1450758244 22.3786149315 10.8533530308 10.920319005 -9999.0 -9999.0 -9999.0 -9999.0 12.0197890442 10.728956869 -9999.0 -9999.0 -9999.0 -9999.0 -9999.0 -9999.0 -9999.0 -9999.0 -9999.0 -9999.0 -9999.0 -9999.0 -9999.0
-9999.0 -9999.0 -9999.0 -9999.0 -9999.0 15.0155812638 14.4045187644 59.1403073043 72.983447464 87.1774167115 13.4880949699 26.7744858533 153.474079617 27.2039105621 12.3769473812 11.2642973328 9.93531600869 11.1133843901 10.8985748526 11.0004114617 1813.29992991 1842.94688468 9.82471348403 30.2886320682 20.5805030678 76.0769929608 19.6987588397 9.48977612343 57.1798131942 20.6241436054 50.2551262148 123.446778798 113.924237866 32.8189080798 32.0005367989 11.118930416 11.1475809369 -9999.0 -9999.0 11.4089079617 24.8182541853 57.8927170227 11.2521005126 -9999.0 -9999.0 -9999.0 -9999.0 -9999.0 -9999.0 -9999.0 -9999.0 -9999.0 -9999.0 -9999.0 -9999.0
-9999.0 -9999.0 -9999.0 -9999.0 -9999.0 -9999.0 15.5470746789 15.1593500588 29.5168390672 44.045501844 99.8219875571 127.533550985 141.263755946 14.7044939381 11.3229190579 149.781143693 182.998265341 193.510202223 237.748296564 248.067730909 10.0997358967 1853.13025149 1901.53301494 38.4579559099 5.43039456587 84.6039244655 188.616769927 75.6252569317 19.001171846 9.65030991373 192.825065375 133.29794321 9.39574931266 9.61551765606 41.8854400218 32.5817828352 10.3217703751 9.90570062813 10.9579634967 22.183196915 10.7485811252 70.2744438535 80.5623802356 9.69191880346 -9999.0 -9999.0 -9999.0 -9999.0 11.1128409574 10.6359563279 3.53798048797 -9999.0 -9999.0 -9999.0 -9999.0
-9999.0 -9999.0 -9999.0 -9999.0 -9999.0 -9999.0 -9999.0 14.8883908538 13.313450816 28.0756897294 42.329875992 13.947898464 12.4580087865 78.9988497679 102.897766516 127.367044477 11.3668797002 22.9971428984 11.1686540571 258.603410958 580.307490286 591.354968666 2513.56738521 9.67206106697 16.9018788472 5.35769343858 197.545041978 9.25390908174 28.7745760541 9.45303104739 202.134036039 211.469527195 18.9307980916 19.163941077 105.632049245 53.3416266423 20.3834624595 10.4682370016 21.8938848008 32.9889671758 53.8801932373 9.98263486721 99.4928834257 108.193611721 8.12185550628 8.71617858219 9.10090456078 8.3595411276 8.12197496568 30.9855443976 12.9618443689 8.75027570937 -9999.0 -9999.0 -9999.0
-9999.0 -9999.0 -9999.0 -9999.0 -9999.0 -9999.0 -9999.0 -9999.0 28.7504479947 41.4391855003 14.0120479046 28.3634278178 41.4653825854 67.4567390784 13.2466929578 12.8402280235 11.2698678692 11.3943722802 10.4239964582 300.568571811 11.310575932 22.2482283219 2547.69934603 2569.93067042 8.95896132485 34.8185711748 240.946734546 18.2474818718 37.2085334711 17.3434724732 25.6114427188 247.196985793 27.4964792543 151.711069132 124.181491614 9.4642410377 50.7267244013 20.4975971643 31.9184550654 9.9834434719 63.4331345023 82.2185993291 89.8355004467 97.0995909004 138.911981013 15.5351571885 16.4689669679 15.2508066052 14.6896657957 38.7345817915 8.1824153334 30.1172032136 37.9446857407 -9999.0 -9999.0
-9999.0 -9999.0 -9999.0 -9999.0 -9999.0 -9999.0 -9999.0 -9999.0 14.9545467425 71.0106474913 84.7650451913 13.768825058 26.83084746 13.0512882173 12.1879537394 12.0140854026 147.514090807 194.731281129 241.242995115 288.752259566 11.7598698652 11.0974052991 10.9734991832 2622.10205174 2647.72398728 2657.06498271 323.724965928 73.0800489628 63.92338651 7.80652731769 33.5486467418 288.870112237 8.19478646465 159.992707183 9.34602779016 65.9279428055 60.8912388761 9.90829325065 41.8925169067 19.90933846 29.7631504371 8.82244787194 7.07945141623 104.281825686 111.060993872 145.673793521 23.7895713161 22.2661715464 21.6362530743 47.2259366968 63.7339733477 8.23433156132 46.0603026294 8.64633276971 16.6530089588
-9999.0 -9999.0 -9999.0 -9999.0 -9999.0 -9999.0 -9999.0 -9999.0 -9999.0 15.1084609757 98.9579239849 112.539582776 39.9951025581 65.7901116597 89.7810495149 101.573191115 11.8297964755 36.0510884311 23.8325908442 12.0088828472 11.9559842569 11.146404344 21.8068898571 37.3871837337 12.8932802222 3004.26235001 3013.64920451 8.31155112097 6.86133393757 16.0545016825 24.0410509927 312.770553335 16.0265736973 167.281410657 101.014578607 83.5329191254 9.37445009432 19.1169443302 51.0285557102 9.10803024908 38.7840838927 17.5451135017 11.6404746129 4.35035560973 126.397102633 277.781673577 29.1288398808 27.7115986758 28.3960471046 6.94355483796 70.6903502639 6.80466820878 61.4355156682 7.73278008312 24.4630471682
-9999.0 -9999.0 -9999.0 -9999.0 -9999.0 -9999.0 -9999.0 -9999.0 -9999.0 -9999.0 13.3991883744 139.52499733 13.119201804 25.9352084705 37.4389564933 60.3722538877 11.7429160705 24.1040311002 11.9021558971 11.3632529974 10.780683057 21.3294341092 9.61247582689 10.413248701 20.6076602423 11.6422613559 3024.08918294 3041.80130925 3066.86415838 31.7267607713 8.25509050248 16.4597293792 321.291661845 309.179612961 118.757343664 8.80881948202 37.5773357624 28.3143707137 60.1862177358 18.2264750341 74.3593421096 26.4226545157 18.9450330413 2.50563105467 4.8505588533 284.826462341 291.329629993 353.906899248 49.8875694712 14.2241816862 78.098003287 92.1719386237 160.446689247 15.2001222609 7.33292722962
-9999.0 -9999.0 -9999.0 -9999.0 -9999.0 -9999.0 -9999.0 -9999.0 -9999.0 -9999.0 -9999.0 7.44813040522 155.183351944 12.3632723523 23.7659612427 107.051758088 11.7617692847 11.6729531461 10.5902727407 22.519978209 11.1115005457 43.3825952218 62.5545511423 71.4286230861 28.7499375288 36.0805620045 8.5679267741 10.5720594988 10.7352174217 3118.64427047 3143.57489455 328.397796314 323.607620688 316.448754897 15.4560933108 7.55181334435 45.9865916906 123.224115875 68.8421302953 26.8229583946 109.509949959 36.7011573046 28.7911067357 5.12920098315 2.29575765257 2.27610631789 3.27923005576 369.649036301 439.634682725 6.86811831315 6.37139093488 6.93088435229 167.356511353 189.238115935 13.1979636962
-9999.0 -9999.0 -9999.0 -9999.0 -9999.0 -9999.0 -9999.0 -9999.0 -9999.0 -9999.0 -9999.0 7.14108985038 172.037502779 210.901200155 11.6324249406 130.271987707 10.9952745822 10.6767523653 21.5613816477 55.2054296036 10.845904661 11.2463594904 9.52174759542 90.1938693055 99.17148171 144.765672375 161.223347095 169.542633184 177.692441976 188.201568313 3341.49978245 3684.25568858 4021.55649464 4028.57490353 6.82663994487 7.70598664173 140.088901342 131.715555085 8.51949356269 8.49374990885 117.871094912 162.824709051 7.02792660955 65.5271298767 60.2960275631 11.1668225219 6.10063398131 10.1476295364 7.06705183553 452.281615605 6.39247309172 19.2199122779 24.5542095669 228.345408346 244.121909209
-9999.0 -9999.0 -9999.0 -9999.0 -9999.0 -9999.0 -9999.0 -9999.0 -9999.0 -9999.0 -9999.0 14.099322225 26.8338053337 223.418782255 245.763774498 11.1047847133 152.962346829 9.56997654552 29.753712832 65.1613509046 20.995629694 10.1166253873 20.2498541243 8.35899160832 16.5007617208 8.48132357738 7.62070062831 5.92251165409 4.88814744811 4.24623558776 3.90662805788 5.69856475585 7.50581748314 9.53289916385 4053.39737394 166.081640098 152.738957248 5.93839174231 24.5388047199 6.9733829391 6.01353613783 170.561924352 259.478290741 73.9215420398 55.2250968873 6.33348587292 2.73633864753 2.53653162449 8.12271296426 466.763785479 478.841151674 6.25367804367 6.44199436113 5.06852144406 2.65736311594
-9999.0 -9999.0 -9999.0 -9999.0 -9999.0 -9999.0 -9999.0 -9999.0 -9999.0 -9999.0 -9999.0 -9999.0 12.3083638766 163.939515601 421.491157179 456.334574563 619.993199462 631.508948153 147.292769647 106.701121065 31.2774034622 10.0113289537 39.8381888751 49.1320405228 74.2313538695 17.2596692666 15.9136809018 14.3281693466 27.3907541292 12.3110969855 11.61124804 6.07934208701 2.91048279375 3.69098180066 4061.81685162 4234.91609391 4242.88092485 6.08924263798 66.3881410553 29.3439274199 8.38354172279 284.716422165 17.6845444295 9.07141072629 36.960301366 7.19472911217 6.26655294353 11.8157246401 17.2028654 23.1871112582 489.321084586 5.0195435055 4.54115488707 4.56880420177 3.52225783133
-9999.0 -9999.0 -9999.0 -9999.0 -9999.0 -9999.0 -9999.0 -9999.0 -9999.0 -9999.0 -9999.0 13.3823636243 125.193115121 151.459183136 23.7382092182 7.75889746277 17.4676901859 659.295181261 669.401035711 827.887551444 9.12630688001 19.0663025067 8.48482206993 8.60064802013 82.5497690996 108.112802198 131.817648997 7.6693420259 35.034783152 54.8647618925 32.3540094213 13.4651839754 8.90141841028 7.26902298086 7.38633251022 4.17220334957 4249.30205558 4254.47514787 4331.39967675 14.1703306514 7.48624693469 292.856157445 19.0957504606 9.68320934156 10.2601156319 10.1642430603 9.46093627086 15.9099967713 46.9998404087 76.533893054 570.974327719 3.91631288471 11.9259245377 8.14640663878 6.84412578192
-9999.0 -9999.0 -9999.0 -9999.0 -9999.0 -9999.0 -9999.0 -9999.0 -9999.0 -9999.0 -9999.0 13.637550482 86.4446733781 13.4046082257 11.8440042568 61.7422189944 72.1197171192 82.57690018 92.483668581 1112.46264683 1121.315172 1139.31435315 1268.12129843 1292.50910263 1305.43692015 1313.97138218 1460.389441 1478.90299547 1486.79155571 1549.57482468 1590.13591627 1597.61814379 1619.2529482 14.4026149706 11.8504429264 2.22449913685 2.77296577438 4260.00493283 4356.76853635 20.2433194338 344.325019608 337.109666936 36.057111788 8.77066657406 8.96286085995 8.71380948454 8.57649962362 17.2143541382 24.7676459211 7.12188858819 575.850149132 580.988583857 605.604783474 609.991398916 621.005715082
-9999.0 -9999.0 -9999.0 -9999.0 -9999.0 -9999.0 -9999.0 -9999.0 -9999.0 -9999.0 -9999.0 44.503618913 58.8441011956 27.415564898 39.9912928034 12.3833458389 141.884407796 152.683921195 173.994778266 182.075173663 70.0145049918 1223.20397422 1231.78877871 6.93922983422 4.40515104849 3.33029179595 8.24207678496 4.0828767224 2.77402128242 2.70270463497 3.5836449687 1603.1867454 1625.48188636 1647.4617727 1666.15005128 1676.60546215 4.50114156082 1.80771484746 4718.21733627 356.507333227 351.786194449 7.68502591516 7.15879121124 6.70012724769 15.9817171869 15.7201639216 7.37475983324 7.40708289959 7.01751689333 14.0622060882 18.6866798421 3.6163444173 6.72769764718 2.56067073022 1.13189069148
-9999.0 -9999.0 -9999.0 -9999.0 -9999.0 -9999.0 -9999.0 -9999.0 -9999.0 -9999.0 -9999.0 -9999.0 30.0450575909 14.1355047909 12.9356180658 120.412109894 131.428250331 11.1866300537 43.3792687218 53.3692311833 61.6658470187 9.44261331704 7.16595675329 177.917603848 183.668866198 188.937997078 498.329514237 501.839159027 506.977886261 540.552621519 556.185292457 558.586327735 2.54170375666 2.62742047059 3.3538427885 1684.09364701 3.00795612272 4780.78969393 4775.36686816 52.6383458441 47.0818444443 29.6232500336 7.55088255772 13.3315547022 22.8886571948 22.6443230998 14.4426739638 7.17107767535 14.0538882731 14.0759181256 24.9765479837 5.03154532598 11.5018016427 18.3231075951 20.7356187787
-9999.0 -9999.0 -9999.0 -9999.0 -9999.0 -9999.0 -9999.0 -9999.0 -9999.0 -9999.0 -9999.0 -9999.0 15.4576366235 42.7555259443 55.8082585886 95.3040855845 11.0983066213 22.5602067795 33.2608000173 133.578984607 142.002978578 147.001753541 155.110155345 164.227804643 266.35953437 293.064777489 305.193910635 3.8486567281 28.3305302068 31.3810030414 547.944975462 561.313783757 567.032144696 572.865384701 578.694307095 2266.6852667 4.31199126842 4796.07406647 6.25796092173 2.44294199736 39.7991092376 35.4725873479 4.98010914362 19.675524677 29.230031325 28.7408417664 20.1491178645 33.0900809028 52.4362509077 19.9690051606 50.382244943 4.27308559282 6.57897516955 0.97206638785 0.81031269839
