data/baseflow/mHMbf_acc239.asc
ncols                  80
nrows                 72
xllcorner      4374000.0
yllcorner      5656000.0
cellsize            500
NODATA_value       -9999
[rows 25 to 49 of 72, columns 0 to 54 of 80]
-9999.0 -9999.0 -9999.0 -9999.0 -9999.0 -9999.0 -9999.0 -9999.0 -9999.0 -9999.0 -9999.0 -9999.0 33.0194174312 65.2383100404 30.3206214825 61.4264756096 27.4595122264 207.033013825 259.654576677 286.667288532 24.6035315487 48.7942623149 452.951449529 566.799463697 588.363170712 46.5862369217 40.7303198112 61.8466660676 20.5812682797 18.9367201006 35.5082672707 13.1500734831 676.567556253 689.718120476 697.609089296 5773.21231796 10901.784234 10830.3945259 21.3991185256 10.4937140954 9.51977578308 39.1967517195 29.897256832 60.7187478731 81.0557655132 160.902583798 14.4304841478 14.3879867285 134.351004453 149.419506015 290.233798756 299.369536302 328.444460413 338.201178234 8.39910105314
-9999.0 -9999.0 -9999.0 -9999.0 -9999.0 -9999.0 -9999.0 -9999.0 -9999.0 -9999.0 -9999.0 -9999.0 -9999.0 31.5509875163 62.6387792534 93.6693031833 150.546269683 29.6960087856 27.0868935298 172.140721663 196.712707264 404.481528557 429.262738364 70.6607201829 24.3133073832 22.5608171673 20.2502542892 576.480637859 594.667186836 615.378265861 633.532160135 662.998092392 142.149403337 150.925943771 854.874845862 17534.0459723 63.1320444637 52.2884796243 30.6365360307 7.81597630303 7.66190584056 57.4203451356 63.2528552869 77.567205668 8.96342683033 172.406093023 27.6152688151 27.4087442754 8.41926656081 5.21706523382 4.26747419139 2.98736606207 4.41353294575 344.3122581 5069.79109237
-9999.0 -9999.0 -9999.0 -9999.0 -9999.0 -9999.0 -9999.0 -9999.0 -9999.0 -9999.0 -9999.0 -9999.0 -9999.0 -9999.0 30.346858646 52.5526300974 71.5875046504 91.001234999 118.143719555 146.003044274 81.1999964031 133.786873291 24.6946893725 24.0125829004 465.871785835 513.019652223 534.844076788 558.195558291 18.4991106649 35.3593423309 91.6478123644 112.347247905 129.558770647 11.380785837 5.54093740317 17555.8857681 10.1169225552 12.422143315 6.08198512355 30.1041553413 15.0751962861 5.62180969587 146.959599292 150.409872504 3.43630095584 175.8877096 208.057933173 32.6247400084 5281.98235374 5269.93291348 5260.45331041 5244.89247198 5239.9192007 5107.46845733 5103.94688732
-9999.0 -9999.0 -9999.0 -9999.0 -9999.0 -9999.0 -9999.0 -9999.0 -9999.0 -9999.0 -9999.0 -9999.0 -9999.0 -9999.0 4.76933252716 10.8429484161 18.7776197535 169.599622496 197.971713921 28.4847254543 27.3562476973 26.5265211166 368.510748166 419.017352972 24.5271175559 25.3166817462 21.4444201644 87.266607457 108.631852934 57.4450437642 75.7038075563 501.802999718 519.842214674 544.062780266 876.386461252 18436.955953 8.97767346641 4.94642324388 44.5270661583 37.7068823026 4.78482791992 15.4647458929 20.0760971038 155.172745134 158.77767797 377.212202146 211.675909603 39.7552348663 5380.53042927 36.0533887618 5252.44439934 5248.89184529 126.662973717 6.57728792572 29.8108915027
-9999.0 -9999.0 -9999.0 -9999.0 -9999.0 -9999.0 -9999.0 -9999.0 -9999.0 -9999.0 -9999.0 -9999.0 -9999.0 -9999.0 24.4232180536 39.923757052 83.5091120204 145.369747539 214.817671933 264.093743287 291.224641307 318.469279938 344.553922715 25.0141855892 23.3886169056 46.1695452729 43.648856719 22.6157751207 431.719266444 452.580840711 471.803414008 490.615868622 297.899983625 314.978926037 326.5397846 18440.774868 15.5361749864 11.2052782354 61.6909711524 7.59610090596 8.04975347849 3.92293398974 4.267484935 23.716313098 2.94662682669 3.14525473084 5775.07571179 5396.13196261 5393.50765224 15.404147418 32.4601274094 21.9042897628 5.63724015574 117.254627002 34.3809036976
-9999.0 -9999.0 -9999.0 -9999.0 -9999.0 -9999.0 -9999.0 -9999.0 -9999.0 -9999.0 -9999.0 -9999.0 -9999.0 -9999.0 17.0680047639 15.7503052907 30.8304279183 46.9957887434 25.6407228601 30.1908364558 57.8436746009 85.1329322627 136.924663899 162.699357926 186.78601679 257.501888107 279.563838404 303.050423146 21.421945425 216.612033262 236.834741038 258.646888649 21.43658757 15.9890151158 25.7568813296 18799.6348164 18803.2115099 18826.4078058 83.3543841783 15.7209910168 13.1231895294 3.92284328268 7.497585162 26.9485508951 32.6851457524 5.72301026239 5788.40196238 4.07653539302 8.17498830376 9.68901209715 5.91963604196 12.6149885296 4.97409845299 76.0903778297 63.3612224121
-9999.0 -9999.0 -9999.0 -9999.0 -9999.0 -9999.0 -9999.0 -9999.0 -9999.0 -9999.0 -9999.0 -9999.0 -9999.0 -9999.0 -9999.0 14.816975715 29.1524209233 14.1909461891 29.4653021323 188.929252709 211.758060656 238.900968961 25.6939599515 25.7851603085 49.9839891984 74.0210199341 117.855856565 139.941960606 153.637635965 174.234758972 18.1101777336 18.6066323392 300.565705425 314.989292247 322.583209936 329.055407261 272.368467198 19125.0948316 19247.1462797 19252.2413046 19269.8779551 19294.0269908 19302.7512502 2.6834718744 35.3211890765 5790.24521924 6.13038644563 3.15866580713 2.8212240012 2.68834842012 5.03255348842 6.35551216523 3.80977232206 6.45568019059 6.92747125552
-9999.0 -9999.0 -9999.0 -9999.0 -9999.0 -9999.0 -9999.0 -9999.0 -9999.0 -9999.0 -9999.0 -9999.0 -9999.0 -9999.0 -9999.0 -9999.0 43.2988401369 58.6787400557 104.620546715 142.609881363 20.8820093124 288.869055227 314.436679639 339.94331362 25.1259473794 49.3949929053 22.1081362849 165.193684288 178.212137515 197.565498171 217.631542221 269.941744972 281.476070119 6.89970788162 248.411676666 261.135210601 266.471344327 294.794390974 34.7480128701 21.6185852848 13.7740178076 13.4728101284 19312.8717062 19315.3095892 19374.1835172 5791.86729205 16.8411648197 8.66298675838 5.48780995379 2.11229465706 18.5342322717 10.7247050004 3.41358141611 20.7410965046 17.9146018369
-9999.0 -9999.0 -9999.0 -9999.0 -9999.0 -9999.0 -9999.0 -9999.0 -9999.0 -9999.0 -9999.0 -9999.0 -9999.0 -9999.0 -9999.0 -9999.0 15.5644979844 74.0241650343 90.3447542868 22.5987503369 27.81583829 55.7731560543 81.9802092477 447.65053688 24.7949341916 99.6058804746 122.283075257 144.716919491 13.5395259401 31.9130378474 46.4447223315 195.389281272 224.272224863 229.259133442 6.14573412389 6.89871884685 9.18107468881 16.9329497578 7.79422025887 8.30303903472 11.7240012207 11.5639162301 11.7534672693 22.4282205955 19377.3157805 25177.8741989 20.3647701954 5.48433870897 1.92969048375 63.5961348938 58.9393670941 37.1128566106 33.8336736682 25.986959405 6.59735476442
-9999.0 -9999.0 -9999.0 -9999.0 -9999.0 -9999.0 -9999.0 -9999.0 -9999.0 -9999.0 -9999.0 -9999.0 -9999.0 -9999.0 -9999.0 12.7709896311 42.3105620076 13.990325723 27.7290179881 30.9862887049 59.1854106872 86.2354292568 107.961388741 570.817679455 595.013303449 24.8714329924 47.8619892153 70.9598980879 88.0482719717 108.640294905 177.245987986 188.690222497 21.9952806274 13.5317122881 11.5704725406 11.3007682025 12.2450750845 13.321962335 11.8719124792 16.0284166138 36.157390184 16.7630418567 3.36217932546 3.16380133392 3.85440479164 7.24863155533 25414.1213612 210.999080333 72.1035041008 4.01652998418 1.68100518562 1.64525853673 7.39725339533 5.57409866158 3.12360329198
-9999.0 -9999.0 -9999.0 -9999.0 -9999.0 -9999.0 -9999.0 -9999.0 -9999.0 -9999.0 -9999.0 -9999.0 -9999.0 -9999.0 13.6473849247 25.9881725493 94.6163856119 13.2449682552 48.9696088416 79.44516748 108.204342203 29.0310495704 54.9241134737 74.1730847479 683.61164686 23.8151628181 45.6441394476 67.6409178754 20.567397369 41.2231505816 62.3628538022 74.4598116055 1448.42489505 1472.99450247 1493.56261877 1578.65456707 1615.83528717 1684.81913691 16.0330113383 38.443924081 43.5941511241 1865.45845042 1872.21037483 2.90506819018 5.75769420498 8.4441041333 25414.8019674 198.449264566 121.50120123 119.506100897 73.5887159968 55.411523345 9.75008932272 2.07168048582 4.86302251412
-9999.0 -9999.0 -9999.0 -9999.0 -9999.0 -9999.0 -9999.0 -9999.0 -9999.0 -9999.0 -9999.0 -9999.0 -9999.0 -9999.0 14.1342402727 42.4363566295 150.946100509 222.667851577 11.5209941235 292.551583516 415.615760703 27.7092255908 53.465544953 74.611432072 895.096610645 911.35464889 19.6982380416 107.567181482 126.097701534 145.035495985 1276.77106952 1333.81937586 1358.72202289 11.0415382805 62.3836324449 73.9369731029 30.3942178161 43.8377810958 1744.13532819 1799.94576186 1809.25784979 1817.76156472 1880.58298187 4.14126697497 3.53297088971 14.5977078999 25415.3686678 2.97108882765 14.6732869953 44.2936940063 16.7173465685 52.3049573593 30.9700629555 18.3678382151 13.9809921375
-9999.0 -9999.0 -9999.0 -9999.0 -9999.0 -9999.0 -9999.0 -9999.0 -9999.0 -9999.0 -9999.0 -9999.0 -9999.0 -9999.0 -9999.0 -9999.0 29.5815266002 59.2649088015 263.55222678 278.60233785 428.528296791 443.516661293 27.0884247676 54.042542568 124.688276385 924.191427948 964.592411226 981.33665735 13.6034392528 1048.72061283 1111.30135693 37.1038368166 11.2238906588 22.0518270935 42.4800745163 9.96392235843 19.4605829023 42.0486947783 51.9555998102 9.67396507064 5.88635731125 11.4000352201 1929.21281561 1945.72242202 1948.54456537 1971.52538512 25415.6701283 1.66353356921 10.457718945 12.4979279332 11.9996324015 12.3074955444 10.6774988481 20.0482019435 1.41167148057
-9999.0 -9999.0 -9999.0 -9999.0 -9999.0 -9999.0 -9999.0 -9999.0 -9999.0 -9999.0 -9999.0 -9999.0 -9999.0 -9999.0 -9999.0 -9999.0 15.4443329071 15.0305004346 14.8355251854 30.921526734 13.2706089441 469.849403622 483.551882398 23.5543181063 48.7072810666 25.8408512117 21.103572552 20.3825273778 1020.83614443 22.1589347327 45.6644333894 17.9394631807 12.3413859122 10.5167672417 7.84706537548 8.22040078533 25.1093494996 34.5750676332 6.35176295888 5.40465617832 11.6834676685 19.7253077695 28.5563558523 9.33761369955 1953.90109799 1974.44545553 25415.1479524 27.7409862035 24.5612615449 7.87533800808 18.421506946 6.55551461469 5.18524270124 25.6445105653 8.18996700996
-9999.0 -9999.0 -9999.0 -9999.0 -9999.0 -9999.0 -9999.0 -9999.0 -9999.0 -9999.0 -9999.0 -9999.0 -9999.0 -9999.0 -9999.0 -9999.0 -9999.0 -9999.0 14.8576878153 44.3167640613 55.9121635055 68.6698500484 496.103920265 508.819541984 521.916955203 539.274367615 558.930047572 599.907818827 619.7565528 641.417686361 656.959510891 10.8233542597 10.0669514924 10.462726814 35.2877704733 9.33936102209 8.75215901174 6.66702694125 19.1042950345 7.44672599092 5.47300241537 5.03154023514 4.26308536406 8.504397445 12.1372424298 1998.77959268 27441.3210694 1.40147398725 3.24814678303 6.6966901362 25.3027963901 13.8739297114 10.41599192 40.5387336466 13.789259123
-9999.0 -9999.0 -9999.0 -9999.0 -9999.0 -9999.0 -9999.0 -9999.0 -9999.0 -9999.0 -9999.0 -9999.0 -9999.0 -9999.0 -9999.0 -9999.0 -9999.0 -9999.0 -9999.0 12.0495419149 98.2149713546 193.529257686 207.214732885 21.2320975361 44.9832709408 70.1922706835 92.2053106979 233.106760711 245.78704192 11.9999583505 11.8665498747 679.310085571 699.137128837 708.384568421 41.9480619006 5.62947546885 15.0621266538 21.8560968584 64.8055923804 78.9753081709 89.5250633703 9.59042069096 13.2532985514 4.43490006566 8.69947003753 4.44376314463 27446.7027799 1.26887994151 5.66794985065 8.39426336552 35.482664749 55.8628966754 67.125637643 108.501163305 23.2325168124
-9999.0 -9999.0 -9999.0 -9999.0 -9999.0 -9999.0 -9999.0 -9999.0 -9999.0 -9999.0 -9999.0 -9999.0 -9999.0 -9999.0 -9999.0 -9999.0 -9999.0 -9999.0 13.7839445008 44.2981978955 86.3972620995 112.499355233 287.953036422 305.062390574 52.1682021401 77.2418189608 99.3365764422 121.579012326 263.312916728 289.501291599 539.342029689 560.283629767 571.082420212 717.231229328 780.374985345 14.2725776195 10.1428794357 9.48215787617 17.8008633339 7.73926009834 104.082026029 109.142518369 17.4105500788 24.3891616406 5.04430321399 5889.09769367 5897.73204841 33345.9051318 33350.9078926 1.33479453545 38.4453788421 1.92622725134 1.81146311338 113.159777074 138.23198222
-9999.0 -9999.0 -9999.0 -9999.0 -9999.0 -9999.0 -9999.0 -9999.0 -9999.0 -9999.0 -9999.0 -9999.0 -9999.0 -9999.0 -9999.0 -9999.0 -9999.0 -9999.0 -9999.0 15.9860249575 15.5075265978 29.0311080995 68.6104209654 317.987306477 26.7143257474 26.3318500636 48.7894472935 71.3306190273 187.206397404 209.289121593 16.4645038204 13.3252765959 585.014229304 594.455652472 1384.84391643 1393.72849858 4.89146415345 4.25014955705 3.46480422466 3.49955625067 3.83482459543 5786.36280765 5817.91733755 5850.09717307 5862.51244581 5883.38134683 5.00329891111 18.185155397 21.5113171933 33376.0264806 33374.3869971 33375.7730732 33379.8251097 33382.8975695 142.637593392
-9999.0 -9999.0 -9999.0 -9999.0 -9999.0 -9999.0 -9999.0 -9999.0 -9999.0 -9999.0 -9999.0 -9999.0 -9999.0 -9999.0 -9999.0 -9999.0 -9999.0 -9999.0 -9999.0 -9999.0 13.9968446419 14.7700376993 27.226215154 371.242606295 385.665800904 25.9738406164 48.3859671156 71.2327540529 94.9478283357 22.6226650842 39.371318218 1035.94934923 1046.98556732 1059.81633595 1149.37823445 2554.71246702 5579.46734879 5591.53352069 5602.16099301 5612.2545442 5657.91610369 5672.51351151 26.3543840188 11.5323510616 6.92023381319 12.8977514003 9.00658572493 14.4119484474 4.42005837552 107.031097872 113.392458633 118.24185982 119.805214686 33382.003071 33526.5309064
-9999.0 -9999.0 -9999.0 -9999.0 -9999.0 -9999.0 -9999.0 -9999.0 -9999.0 -9999.0 -9999.0 -9999.0 -9999.0 -9999.0 -9999.0 -9999.0 -9999.0 -9999.0 -9999.0 -9999.0 -9999.0 14.3256281241 27.4165639852 40.6076873251 396.659238556 17.2887866032 556.201951969 579.953587059 603.516023992 621.627730777 964.665306425 981.331724681 12.5973649634 64.5618097253 78.4808269578 11.6221830602 3013.00642777 2992.63881608 5.95752002138 13.8375195139 36.9109716431 8.2085712037 8.38474423656 5.82970768351 4.73181488516 3.61540872658 4.20423999357 93.5311709063 97.8905665128 103.245420891 3.89190351846 3.26104171165 121.504338789 123.271418342 124.428647159
-9999.0 -9999.0 -9999.0 -9999.0 -9999.0 -9999.0 -9999.0 -9999.0 -9999.0 -9999.0 -9999.0 -9999.0 -9999.0 -9999.0 -9999.0 -9999.0 -9999.0 -9999.0 -9999.0 -9999.0 -9999.0 12.877544835 12.0535964927 62.9306567824 486.1469999 516.705640699 533.834044036 24.7040363021 290.167091506 314.144766087 324.916022213 16.0312772761 29.7031710195 40.9597737192 727.767952113 736.156104906 743.32064781 2979.90518998 1712.97482224 7.57354088466 7.84452321898 7.51794002851 5.53858472798 58.4119114478 69.3014390132 78.7557769836 83.9676845902 88.9598816481 762.907455457 766.345883548 772.392326533 788.100936888 834.185053235 835.641799233 961.58796895
-9999.0 -9999.0 -9999.0 -9999.0 -9999.0 -9999.0 -9999.0 -9999.0 -9999.0 -9999.0 -9999.0 -9999.0 -9999.0 -9999.0 -9999.0 -9999.0 -9999.0 -9999.0 -9999.0 -9999.0 -9999.0 -9999.0 25.2747601092 38.8282735493 14.7132400727 26.8196660009 195.530171937 221.749891692 242.662272713 143.220484779 167.523720844 190.485620903 203.706533889 708.713793317 720.775470844 499.267909795 1251.61592422 1259.96474604 1706.74121953 15.5785249714 7.82685382801 5.30213812319 40.7640495339 47.6132534273 3.76218906296 3.46073311017 747.198010901 755.721420203 759.731520597 7.31351281948 11.1699261206 827.844820087 3.93528542453 11.0693565091 12.2501514982
-9999.0 -9999.0 -9999.0 -9999.0 -9999.0 -9999.0 -9999.0 -9999.0 -9999.0 -9999.0 -9999.0 -9999.0 -9999.0 -9999.0 -9999.0 -9999.0 -9999.0 -9999.0 -9999.0 -9999.0 -9999.0 -9999.0 12.7628007197 25.2215122556 108.587874986 124.0768612 144.570320295 96.8648216897 118.760363461 25.5436017018 448.865705346 472.480346332 493.322658669 14.5300666917 477.051502112 489.657377426 8.88823291714 1665.15201521 18.3277576636 9.13959777926 22.2418833679 30.0960346678 5.51232768615 4.39504896192 702.817711817 739.730623038 744.69823266 5.39653020688 11.1095655136 14.0443869513 16.9367722775 34.4627870257 4.03328391411 9.101981787 1.8468986744
-9999.0 -9999.0 -9999.0 -9999.0 -9999.0 -9999.0 -9999.0 -9999.0 -9999.0 -9999.0 -9999.0 -9999.0 -9999.0 -9999.0 -9999.0 -9999.0 -9999.0 -9999.0 -9999.0 -9999.0 -9999.0 -9999.0 12.5950946192 40.0018743411 70.7028960905 18.5971868636 45.0465931047 72.9009778974 347.907997553 375.154929068 400.058220193 23.3327667978 368.099006938 436.504329777 452.684388418 13.2338311506 1627.6376051 1648.17839334 9.35480427225 8.40704674716 16.3210802058 6.29960829175 673.965695677 684.770619625 690.981441274 23.941020855 29.2394750934 4.5193475771 7.99993067771 3.51402619009 24.7816556141 3.67304000694 2.34635023023 2.43689999406 2.58843704359
-9999.0 -9999.0 -9999.0 -9999.0 -9999.0 -9999.0 -9999.0 -9999.0 -9999.0 -9999.0 -9999.0 -9999.0 -9999.0 -9999.0 -9999.0 -9999.0 -9999.0 -9999.0 -9999.0 -9999.0 -9999.0 -9999.0 -9999.0 14.1168459296 16.1734561348 22.6114411598 219.295395867 245.837409633 324.517271673 25.3235301197 269.46025484 323.680833174 23.8904916376 48.3711702747 17.6557475355 1588.53026938 16.4768972119 36.038502366 43.2480509385 50.1209240288 631.937626425 656.44839049 663.435123912 7.14844279581 13.014036732 18.2267531107 2.99418954317 2.66358717124 1462.69460191 1465.30494078 1467.41904987 1490.32411925 1493.11968102 1496.31202172 1498.23893056
