data/baseflow/mHMbf_acc607.asc
ncols                  80
nrows                 72
xllcorner      4374000.0
yllcorner      5656000.0
cellsize            500
NODATA_value       -9999
[rows 25 to 49 of 72, columns 0 to 54 of 80]
-9999.0 -9999.0 -9999.0 -9999.0 -9999.0 -9999.0 -9999.0 -9999.0 -9999.0 -9999.0 -9999.0 -9999.0 17.240600512 33.8787259714 15.114934909 30.5690633887 12.9008953404 104.617775336 130.350217581 143.145396325 11.3076437629 20.6287120954 236.178902205 285.577380236 293.133119225 20.0771941788 16.8676848603 22.9422757908 2.71643167618 2.32048579679 4.33812221231 2.54961264616 391.23271947 394.422114716 397.183743175 2319.33610758 4839.06467435 4815.60200214 3.12112366607 1.56062283902 1.43323862952 7.47448469922 6.31933664852 24.3605788642 38.3219932617 77.7772890418 6.63833409306 6.56535795883 62.4211124815 67.7597214009 130.360169935 133.188590883 138.582553697 139.98230638 1.24389501958
-9999.0 -9999.0 -9999.0 -9999.0 -9999.0 -9999.0 -9999.0 -9999.0 -9999.0 -9999.0 -9999.0 -9999.0 -9999.0 15.7055634197 31.8247609491 48.2608126893 76.346902684 15.4245626409 13.6453306079 106.262233017 118.23538278 218.584769209 230.358158984 32.4490452427 11.128925678 10.1241820335 8.8026619514 373.209249563 377.720394517 381.035894432 383.425087665 388.462952025 41.4574909776 44.6793486473 444.686325922 7605.55444107 17.0668600534 13.1796662684 5.54729382601 1.67283887076 1.24655141326 10.2531037424 11.1213084352 26.648326992 1.17069905599 79.5495231943 9.87930940531 9.54973822398 1.2397810463 0.7632653274 0.665091788215 0.999439611381 0.675735803553 140.685269382 1754.78442224
-9999.0 -9999.0 -9999.0 -9999.0 -9999.0 -9999.0 -9999.0 -9999.0 -9999.0 -9999.0 -9999.0 -9999.0 -9999.0 -9999.0 15.5370897119 32.9400821302 48.968606241 65.3522912055 79.0383021007 93.2703317433 40.989258736 67.5602551047 11.4563672612 11.022162544 323.2381853 345.17363854 355.151909057 365.842011748 6.87731444961 11.5744488143 31.1948621881 34.0578403293 37.5548183091 4.21641864456 3.1275939626 7616.56541176 3.89701048423 5.34174275812 2.81628100171 7.11851267193 3.19204951697 2.13738486563 39.6248470643 41.5213009731 1.14498982832 80.9841155372 91.7228837528 10.4598307473 1797.68134257 1795.53924109 1793.83770351 1789.66205575 1787.69136768 1760.20631861 1758.6074797
-9999.0 -9999.0 -9999.0 -9999.0 -9999.0 -9999.0 -9999.0 -9999.0 -9999.0 -9999.0 -9999.0 -9999.0 -9999.0 -9999.0 4.66907922384 10.1911709773 16.3049444224 160.404358963 174.71488206 14.639394971 13.9928637966 13.4164612532 275.400956469 300.93025387 12.1902294967 12.1028231149 9.46845474608 38.0739686919 47.1857529642 21.1241976548 25.6927585824 229.423149179 235.004356211 247.19303944 378.774556674 7998.60692187 4.33078259598 2.14306382681 11.0784199588 8.94551093078 1.69681181068 5.74410472395 7.59804531224 43.5114381691 45.1413672871 139.873647464 92.335362064 11.0651848887 1830.87209092 14.1610460355 1792.24034676 1791.04707174 25.8630280481 1.2067016365 1.76533631013
-9999.0 -9999.0 -9999.0 -9999.0 -9999.0 -9999.0 -9999.0 -9999.0 -9999.0 -9999.0 -9999.0 -9999.0 -9999.0 -9999.0 24.3950307162 39.7928678508 80.651436719 143.513578065 190.323302859 223.047230251 236.606750967 250.510198208 263.736765172 12.460553747 10.9349692987 21.0160597246 19.315847692 9.82513966921 202.876669285 211.645079784 219.626935188 227.058913609 116.402540308 120.035972883 127.342118206 8001.44372631 7.73566275963 7.21083462558 19.7078646136 1.7422085012 4.0516951691 2.25130261279 1.68084561018 9.46991907754 1.23159486008 1.31135566543 1979.66595174 1838.73577373 1837.24639256 6.99097058346 13.3143014885 8.26309103796 1.55289602481 22.8966004869 5.19365406421
-9999.0 -9999.0 -9999.0 -9999.0 -9999.0 -9999.0 -9999.0 -9999.0 -9999.0 -9999.0 -9999.0 -9999.0 -9999.0 -9999.0 17.0751382176 16.1745648664 31.846417283 47.9491055115 16.3511794842 15.5474675588 30.1262778396 44.1261025092 69.6054775252 82.4472974257 93.9264075742 126.792598925 136.822257902 147.52537181 8.6659268731 95.8012451194 102.905010712 108.402597732 3.38137062327 0.873114117862 1.92905433709 8128.07845829 8130.70351371 8143.60324615 24.8243094948 3.6640501281 6.43193208263 1.77521074039 2.91992658551 10.8297553897 13.1522188453 2.2900648818 1985.95981511 2.15218775897 3.76861141405 4.28278961714 2.99319269163 5.34206690282 2.06235118574 16.6061522634 11.9836456623
-9999.0 -9999.0 -9999.0 -9999.0 -9999.0 -9999.0 -9999.0 -9999.0 -9999.0 -9999.0 -9999.0 -9999.0 -9999.0 -9999.0 -9999.0 15.4981387323 30.3889839728 14.4364818445 29.2979054808 184.657931707 198.954455555 212.51953623 12.9575106326 12.8225345276 24.2746764622 35.5930515251 55.4216315346 65.1316699852 70.1972262387 78.347561987 6.60687318542 5.03585271192 116.270860455 117.415561817 119.357841728 121.783402313 98.9160242965 8252.74949747 8292.37608825 8294.10230209 8301.92067098 8309.59078073 8313.78022342 1.01292750024 14.2088557014 1986.98901837 2.44903758827 1.26722174879 1.66180978104 1.6771261758 2.8469083394 2.53667669551 1.52928505791 2.6723775847 2.25183720267
-9999.0 -9999.0 -9999.0 -9999.0 -9999.0 -9999.0 -9999.0 -9999.0 -9999.0 -9999.0 -9999.0 -9999.0 -9999.0 -9999.0 -9999.0 -9999.0 45.0952546646 60.326611837 106.250208303 140.126832544 17.6916490492 245.797075331 258.864944944 271.363714209 12.1345762975 23.6900760787 10.1351055348 78.0451668363 82.6279816206 90.0864007617 97.1750087778 112.644353383 114.554648431 1.25655884474 88.8986316182 93.9009696346 96.6355621829 106.400868713 12.302935576 7.68969880177 4.37196430545 3.98234080638 8318.87486251 8320.62179469 8342.4632322 1987.9084916 7.16090418337 3.92617852753 2.68931378609 0.784555506982 8.24154178673 4.32516844463 1.31963892726 7.55935290405 6.49600118441
-9999.0 -9999.0 -9999.0 -9999.0 -9999.0 -9999.0 -9999.0 -9999.0 -9999.0 -9999.0 -9999.0 -9999.0 -9999.0 -9999.0 -9999.0 -9999.0 15.8426411345 75.8943882351 92.1003721377 18.5129405056 14.3646590251 28.9390362669 41.8223626987 326.027753766 11.9534636465 48.2086172128 58.8352698721 69.221206087 4.9730968634 11.7159619846 14.3837664383 73.9022323286 79.9078641005 82.518451161 2.71504115283 2.22168916801 2.47071015633 4.59772261296 1.85970304493 1.85939048518 2.41348439304 2.23387945784 1.83830693257 6.42016977322 8344.5717876 10337.0062528 10.1603107197 1.91910819837 0.887218370326 25.9406530607 24.179686874 14.5125738855 13.0395642088 9.67239125909 2.57490867239
-9999.0 -9999.0 -9999.0 -9999.0 -9999.0 -9999.0 -9999.0 -9999.0 -9999.0 -9999.0 -9999.0 -9999.0 -9999.0 -9999.0 -9999.0 13.7180533841 43.7758220063 14.327398975 18.2831481427 16.6990098416 31.9670558966 46.7251915022 60.9088339872 400.480167834 412.049278406 11.9694969373 22.7611394142 33.6277797516 40.2564191231 47.1627538208 64.445420771 71.2083054576 2.64885474851 3.15218296315 1.75358058251 2.04607857654 2.9230589152 3.15397509859 2.84099735196 3.37403175301 9.91211365184 4.06682893368 1.77150606462 1.69217177342 1.54275104178 2.80144767151 10414.8472978 66.1685076141 30.9292673141 2.88889048487 1.33893886815 0.936673960227 3.30839408053 2.24823938991 1.12828751744
-9999.0 -9999.0 -9999.0 -9999.0 -9999.0 -9999.0 -9999.0 -9999.0 -9999.0 -9999.0 -9999.0 -9999.0 -9999.0 -9999.0 14.5061612859 27.8946637301 99.3971037803 13.7751991985 35.7526146831 51.8080562256 66.512792505 15.4292374727 28.5912239226 43.3353422495 467.751514937 11.1774243716 21.1551380588 31.0969923199 8.56058256447 16.7178723489 19.2185359632 24.9174189426 791.075326636 797.932359882 803.515716022 835.491598947 842.242840068 862.722794484 6.03978483299 12.6458517836 12.1299960511 921.571631845 924.722295874 1.51277835084 2.49783332434 3.43754810855 10416.2486473 63.2415930926 25.5093518237 23.6759179484 21.0805981282 19.2410680926 4.3865716031 1.08796415 1.98960145459
-9999.0 -9999.0 -9999.0 -9999.0 -9999.0 -9999.0 -9999.0 -9999.0 -9999.0 -9999.0 -9999.0 -9999.0 -9999.0 -9999.0 14.8343612654 44.8162862083 158.82830251 235.052614643 12.2627616746 306.883494352 387.255584808 14.4784983598 27.5579724647 42.2086793508 588.417457989 600.293290016 9.07438169958 49.3809875537 57.1667745056 63.4759753574 743.4693301 755.121276287 763.388756681 4.05031759227 22.7262127812 27.0313894526 10.6348601244 15.2022014685 883.227325613 901.874537552 905.105184266 908.051488788 927.526127387 1.34523648803 1.16394512435 5.52613739051 10417.9947035 4.82538107588 0.344664883418 1.21293042368 0.588592427976 17.0985512695 15.2922029482 9.13219546497 6.45851635217
-9999.0 -9999.0 -9999.0 -9999.0 -9999.0 -9999.0 -9999.0 -9999.0 -9999.0 -9999.0 -9999.0 -9999.0 -9999.0 -9999.0 -9999.0 -9999.0 31.1899453505 62.7172755688 278.046907294 293.364952076 400.569851111 414.694705616 14.1846200682 28.365389383 67.1112719595 611.762394429 631.808667459 639.330311121 5.67144644152 664.789163497 676.410442496 7.79301458287 4.12554453488 7.84371038493 15.1624713774 3.60902390876 6.98417204546 14.6264275339 18.034098228 3.40857407861 2.03436625771 3.90941262683 943.530388295 948.160729573 949.135065413 957.833382147 10419.5203984 3.82903948506 0.182420633081 0.293018474533 0.289142342046 0.30557188708 0.2487173127 0.437700679775 0.925088455039
-9999.0 -9999.0 -9999.0 -9999.0 -9999.0 -9999.0 -9999.0 -9999.0 -9999.0 -9999.0 -9999.0 -9999.0 -9999.0 -9999.0 -9999.0 -9999.0 16.3105483619 15.9404921944 15.4729846749 30.8760364111 13.2764413774 441.14213973 453.898988581 13.6391328021 26.3661160801 12.5070321504 9.76333203711 9.3772746621 654.179504508 3.58370665997 7.3401470179 4.67430209447 4.35348719527 3.730125744 2.67471328801 2.82718475198 8.74863252889 12.1301385594 2.14832352391 1.77209683303 3.96321166232 6.86941378603 8.84519663127 2.37398490752 951.124000984 958.889029757 10420.6540645 5.8985673903 0.632579339605 0.11098524881 0.371061056837 0.0854331974441 0.0643016691202 0.513058623914 4.65429552445
-9999.0 -9999.0 -9999.0 -9999.0 -9999.0 -9999.0 -9999.0 -9999.0 -9999.0 -9999.0 -9999.0 -9999.0 -9999.0 -9999.0 -9999.0 -9999.0 -9999.0 -9999.0 15.6659328553 45.1013292935 57.3975698992 70.310962761 466.398372427 478.924969971 491.080236468 504.365966385 513.417123368 532.251884223 535.906369124 539.050789205 542.112921979 3.64812373941 3.32673884662 3.59472421445 12.1405266165 3.28045235474 3.0855754257 2.23056190559 6.42475871226 2.57759816768 1.86616981245 1.69242250073 1.39226503883 2.7773129619 4.03407640612 967.18880007 11394.9644187 1.35307828471 2.46184194159 0.0748557314762 0.449348139923 0.198313846671 0.12971485569 8.82104396788 7.68422245562
-9999.0 -9999.0 -9999.0 -9999.0 -9999.0 -9999.0 -9999.0 -9999.0 -9999.0 -9999.0 -9999.0 -9999.0 -9999.0 -9999.0 -9999.0 -9999.0 -9999.0 -9999.0 -9999.0 13.0288465924 103.389980537 201.641294871 214.896009835 16.9919302454 30.7765803918 43.4799586292 53.3464570818 121.372325956 125.309640066 3.8214897033 3.66298770108 549.753242907 556.194654573 559.151266979 14.2318096808 1.76992679024 4.89559032182 7.1270473909 21.4193056987 26.2557441263 29.8115090639 3.18264010254 4.4005226908 1.50661476538 2.99058810082 1.57388817896 11397.9678396 1.0360042647 4.61004143613 1.07968121072 2.11791812291 10.1569209406 10.912467941 20.4249034733 7.65613817128
-9999.0 -9999.0 -9999.0 -9999.0 -9999.0 -9999.0 -9999.0 -9999.0 -9999.0 -9999.0 -9999.0 -9999.0 -9999.0 -9999.0 -9999.0 -9999.0 -9999.0 -9999.0 14.5572071642 46.458099348 90.7138863329 118.300840461 299.215130762 314.274121961 26.8057636516 39.6645793243 49.9514893286 59.718120024 128.930172232 136.580845034 230.102836557 236.226763074 239.509807256 562.078346009 583.110409774 4.57293780873 3.35694237585 3.11487765853 5.86479230894 2.58273351081 34.7701558313 36.4547807776 5.78846841415 7.49167701048 1.98615339689 3031.42674744 3034.84129672 14434.8603767 14441.3118695 1.28957892366 4.80768706852 4.51813562552 2.58999499809 24.8652750036 33.5324924016
-9999.0 -9999.0 -9999.0 -9999.0 -9999.0 -9999.0 -9999.0 -9999.0 -9999.0 -9999.0 -9999.0 -9999.0 -9999.0 -9999.0 -9999.0 -9999.0 -9999.0 -9999.0 -9999.0 16.6407217597 16.0703211313 30.3071819618 71.6322984954 327.331732316 13.8268927829 13.6296415396 24.1415922346 34.6035320173 78.8818124236 83.9293319639 3.21500738232 4.33272447589 244.036537585 247.262923959 833.428780098 835.983423598 1.49737844628 1.27780648098 1.03846761499 1.05045780399 1.22445260825 2998.70792154 3009.83059549 3018.74013023 3022.46344347 3029.77863764 1.87897207788 6.79285466806 7.99019497429 14452.3988512 14453.4448788 14454.2836094 14455.7535095 14457.5166786 35.6486198905
-9999.0 -9999.0 -9999.0 -9999.0 -9999.0 -9999.0 -9999.0 -9999.0 -9999.0 -9999.0 -9999.0 -9999.0 -9999.0 -9999.0 -9999.0 -9999.0 -9999.0 -9999.0 -9999.0 -9999.0 14.688713733 15.3997226414 28.4060217804 382.608360262 395.721698761 13.3120508024 23.6937908889 34.4562346177 40.2720043261 4.56762869651 9.54257530436 795.549671253 798.925901686 802.108188475 827.573026314 1665.93650524 2927.82182299 2931.86239519 2935.45763785 2938.8805495 2955.08975227 2960.50525905 9.65977668737 4.12450273433 2.62021833382 4.8435603102 3.37314634295 5.42552134652 1.6696356149 40.1444528033 47.0578204057 51.9671116134 52.479237747 14458.345923 14495.2986715
-9999.0 -9999.0 -9999.0 -9999.0 -9999.0 -9999.0 -9999.0 -9999.0 -9999.0 -9999.0 -9999.0 -9999.0 -9999.0 -9999.0 -9999.0 -9999.0 -9999.0 -9999.0 -9999.0 -9999.0 -9999.0 14.9742646921 28.5629949371 42.2266242908 406.829711572 12.5882762513 546.928805756 558.093999008 562.470238243 567.575175247 774.899224372 780.786579354 3.68984632459 19.4149823401 23.2567606317 3.84986294545 1258.00899635 1251.09774061 1.98544590967 4.78174677724 13.1524543632 2.99104930175 3.21225229736 2.10730974425 1.74372225891 1.29196769986 1.57968139188 34.8875414847 36.5756604294 38.7463501052 5.77024931639 3.99056636015 54.0549692273 54.8594576989 55.241689225
-9999.0 -9999.0 -9999.0 -9999.0 -9999.0 -9999.0 -9999.0 -9999.0 -9999.0 -9999.0 -9999.0 -9999.0 -9999.0 -9999.0 -9999.0 -9999.0 -9999.0 -9999.0 -9999.0 -9999.0 -9999.0 13.6146495991 12.6565375282 65.7789697363 498.49442372 523.894843781 536.755281166 11.2737137825 197.378361239 201.180741171 203.002404923 5.29152152796 9.74561572463 13.378735449 295.626576008 298.412634409 300.766957587 1246.76242459 781.493567382 2.73525286361 2.87353594402 2.70791162107 2.01156173518 21.6115090432 25.7049164415 29.2099488923 31.2255787101 33.1467037061 256.888075453 258.322417589 260.18511836 264.107742072 279.345306998 279.887296965 335.679195208
-9999.0 -9999.0 -9999.0 -9999.0 -9999.0 -9999.0 -9999.0 -9999.0 -9999.0 -9999.0 -9999.0 -9999.0 -9999.0 -9999.0 -9999.0 -9999.0 -9999.0 -9999.0 -9999.0 -9999.0 -9999.0 -9999.0 26.5379492745 40.48544101 13.869100522 13.5806188065 161.280822545 173.074040655 180.276374713 63.3567153279 66.500543301 70.4009274739 74.4522361501 289.20111855 293.384909449 155.991749565 459.965691813 462.887223504 779.387076645 5.73282793828 2.91503314553 1.86682062245 15.0539521816 17.7100321956 1.4019772644 1.27763707235 250.359764443 253.850459253 255.621623043 1.8642387851 2.79606411209 277.444675502 1.01604629491 4.29189124389 4.70077952697
-9999.0 -9999.0 -9999.0 -9999.0 -9999.0 -9999.0 -9999.0 -9999.0 -9999.0 -9999.0 -9999.0 -9999.0 -9999.0 -9999.0 -9999.0 -9999.0 -9999.0 -9999.0 -9999.0 -9999.0 -9999.0 -9999.0 13.2689443315 26.231882978 108.520462337 122.618234232 136.119508186 51.5234075579 59.9548612687 3.8300745163 204.250646072 207.479007956 210.815549858 3.81898840379 148.382171243 152.767131664 3.02848967348 764.275035232 6.62964465764 3.26488539034 8.24976458741 11.1775355271 2.06977624495 1.60006408357 232.081752694 247.154157816 249.317062301 2.15855760384 4.45452584257 5.55843562885 6.53117084741 12.1508297091 1.56335705834 3.56298759106 0.668354093495
-9999.0 -9999.0 -9999.0 -9999.0 -9999.0 -9999.0 -9999.0 -9999.0 -9999.0 -9999.0 -9999.0 -9999.0 -9999.0 -9999.0 -9999.0 -9999.0 -9999.0 -9999.0 -9999.0 -9999.0 -9999.0 -9999.0 13.1001957388 40.8843945779 69.8719755723 15.343786675 28.0802795749 40.7107883631 188.497322329 193.967589986 197.305278043 2.8655534438 128.357692169 137.612829388 141.25229024 2.11977560598 750.899874142 758.394170864 3.45585936271 3.07097298817 6.13118389488 2.36780510211 220.867086607 225.043471416 227.675627478 9.81987617049 12.0281623086 1.85279942516 3.259090488 1.42092735098 9.75516345248 1.49942658804 0.950605184558 0.9919435668 1.04413983718
-9999.0 -9999.0 -9999.0 -9999.0 -9999.0 -9999.0 -9999.0 -9999.0 -9999.0 -9999.0 -9999.0 -9999.0 -9999.0 -9999.0 -9999.0 -9999.0 -9999.0 -9999.0 -9999.0 -9999.0 -9999.0 -9999.0 -9999.0 14.0887921213 15.0129603064 16.0549040233 132.322483522 144.351428549 178.633755993 6.95202429054 115.572968043 123.063768783 3.17383526489 6.70890121426 2.29920074763 742.896772867 3.14303750386 8.92453356274 11.2372560259 13.488456302 206.249177427 213.993368193 216.85536303 2.9017024659 5.33445743047 7.4648464175 1.17895914785 1.04071286628 663.403801826 664.497976141 665.388800655 675.237188106 676.421629011 677.813979651 678.635693813
