data/baseflow/mHMbf_acc589.asc
ncols                  80
nrows                 72
xllcorner      4374000.0
yllcorner      5656000.0
cellsize            500
NODATA_value       -9999
[rows 25 to 49 of 72, columns 0 to 54 of 80]
-9999.0 -9999.0 -9999.0 -9999.0 -9999.0 -9999.0 -9999.0 -9999.0 -9999.0 -9999.0 -9999.0 -9999.0 21.8375931637 43.3145674276 20.3613922426 40.2800113623 17.7849194718 136.466827987 169.364483875 186.484924216 15.6860728572 31.7204672318 296.537169416 370.354850223 382.336860606 20.878334145 28.9031973265 40.4074522752 8.22863147752 7.53709934575 14.0898016964 5.37171111474 445.803715494 452.364736585 458.826404957 3562.90137211 6622.42220101 6583.14524674 7.50801478187 4.14203817599 3.81175811273 17.7754358565 14.2732160035 31.437376991 41.7394320254 82.6719200227 7.75219094088 7.71384778585 69.3925728963 76.7336299269 144.606587532 147.794959714 159.240032633 162.638929351 4.63577780738
-9999.0 -9999.0 -9999.0 -9999.0 -9999.0 -9999.0 -9999.0 -9999.0 -9999.0 -9999.0 -9999.0 -9999.0 -9999.0 21.1156515289 42.1551883858 63.2641664629 100.187577428 18.5215701688 16.9240965789 114.800312246 130.455601559 264.748108905 281.317018565 46.0716315443 13.4981045612 10.7355622401 9.30617116247 404.778945933 412.27315002 420.667427426 427.77268018 439.627517846 79.631716223 82.8326286687 545.184565414 10733.2842572 30.2323533186 22.4134032071 11.1088590563 3.21601916026 3.0890892294 24.9121616631 27.2422683945 37.5507218772 3.21543347994 87.109554668 13.9286357554 13.8159784782 3.00715370896 1.89753572305 1.58062210422 1.22907512596 1.55732291822 164.181395474 2029.99378087
-9999.0 -9999.0 -9999.0 -9999.0 -9999.0 -9999.0 -9999.0 -9999.0 -9999.0 -9999.0 -9999.0 -9999.0 -9999.0 -9999.0 20.1360613906 36.0052899605 50.2807422089 64.3499697853 81.1729307787 98.4531420612 50.7172792925 85.6427762656 16.5269225991 15.4960374071 343.698619652 372.361827861 384.783531148 396.897212304 8.16222478541 15.1789474844 46.5293922146 62.38817469 72.5594703776 4.10704818291 2.83888008175 10747.250725 6.12820335353 8.42884601601 5.62405072062 15.866210304 6.7671895254 4.00441467888 67.2634591868 69.2239710923 1.51988708705 88.7248093083 106.613580292 21.739003198 2102.5402413 2095.53813212 2091.20368342 2085.07882526 2082.87406161 2043.01964304 2040.34285495
-9999.0 -9999.0 -9999.0 -9999.0 -9999.0 -9999.0 -9999.0 -9999.0 -9999.0 -9999.0 -9999.0 -9999.0 -9999.0 -9999.0 4.55973636726 10.1142537496 14.627622283 148.644041206 166.116976775 17.7200751996 17.1293345629 17.6695015357 281.956162401 315.569013718 15.9597157752 16.3460941685 12.4331870601 55.0360755809 68.6577553489 27.8210692831 39.4494524053 322.699498611 333.249212543 344.460520726 559.368780427 11310.7194046 7.64873892865 4.52813694337 25.5813318787 19.7228175058 1.99641393949 8.1867804279 10.2410957506 71.3242339379 73.0352670556 183.528001877 107.474874216 23.8641398884 2146.85709132 12.320058444 2088.11279807 2086.67207738 37.4117963658 1.17825607947 7.28741091526
-9999.0 -9999.0 -9999.0 -9999.0 -9999.0 -9999.0 -9999.0 -9999.0 -9999.0 -9999.0 -9999.0 -9999.0 -9999.0 -9999.0 22.2009542694 36.7546996025 75.0880650369 133.105963056 180.051810353 214.733636933 232.01126235 249.620112077 266.632999411 16.3883347969 14.4475180403 28.8076707553 26.7619843907 14.7281238187 278.713036826 292.033545834 303.905491849 315.209583812 189.617391349 201.15602921 211.05098176 11314.1044709 12.9230708545 17.786212888 47.5766714404 4.64846996408 4.34290036791 2.34177107992 1.92561177831 12.1921283238 1.41500578712 1.48964665511 2337.26844472 2152.71951903 2151.33333289 4.79043803016 10.8458459584 6.88529995878 1.5392358642 34.2131394894 9.53576468625
-9999.0 -9999.0 -9999.0 -9999.0 -9999.0 -9999.0 -9999.0 -9999.0 -9999.0 -9999.0 -9999.0 -9999.0 -9999.0 -9999.0 15.4272978687 15.0331479111 29.7384104608 44.3185518664 19.216912174 22.381103402 40.7883017084 59.004033453 94.0284067085 111.001315536 124.9123116 168.423329643 181.77168351 197.250043751 15.7485856437 141.427282729 153.6181862 166.884198336 12.3257254704 11.0915656676 17.711107458 11553.3704712 11556.4977106 11576.9819437 61.8324411586 10.3604978466 11.1032048097 4.02715101746 3.43217832902 13.7646000327 16.4740275253 2.70170918263 2343.55747954 1.96581497735 2.43138050947 2.5653824926 2.18458198348 4.03153677674 1.73340334045 23.0001304729 18.7517211083
-9999.0 -9999.0 -9999.0 -9999.0 -9999.0 -9999.0 -9999.0 -9999.0 -9999.0 -9999.0 -9999.0 -9999.0 -9999.0 -9999.0 -9999.0 14.6373923746 28.6744525159 13.6144491637 28.4306105651 170.186146967 185.074426201 202.174430885 17.1838757988 17.2823358478 31.1609661116 46.3498657079 72.1217215996 86.5775742823 98.1011983787 112.267664759 11.1719107268 11.7196942456 196.156688502 208.281696862 213.517785893 218.065585427 173.630771299 11767.3835321 11854.0406674 11857.3779263 11870.9207617 11885.1518789 11889.2712563 1.23387710868 17.7053634219 2344.56741144 2.35209506183 1.20068062419 1.73671819582 1.83687241256 3.06974907887 2.59181085027 1.49204688783 2.21920640693 2.15793995618
-9999.0 -9999.0 -9999.0 -9999.0 -9999.0 -9999.0 -9999.0 -9999.0 -9999.0 -9999.0 -9999.0 -9999.0 -9999.0 -9999.0 -9999.0 -9999.0 42.5218037271 56.2509603084 97.7256109829 127.267721082 15.1639266268 236.690353293 253.363839675 268.572109359 14.6085849096 28.7396825423 12.3057641873 95.9634384193 105.201830029 120.65999213 138.315019035 174.172088768 183.548537361 5.65979908372 157.232157304 165.614035794 169.537438813 187.103773015 21.652455498 12.7074385986 7.21765365281 6.36759464124 11897.9245938 11898.9436734 11923.2282248 2345.46006793 7.5117832397 4.24764672007 2.89443070387 0.938245967213 8.52006136516 4.28956638807 1.33744097108 7.33298635051 6.1977888986
-9999.0 -9999.0 -9999.0 -9999.0 -9999.0 -9999.0 -9999.0 -9999.0 -9999.0 -9999.0 -9999.0 -9999.0 -9999.0 -9999.0 -9999.0 -9999.0 14.2959869343 70.2642600447 84.7078472362 15.5803239057 18.1835640388 37.5530473121 55.4393145306 339.94560211 14.5764695499 58.4734450639 71.3072917507 83.8382934499 11.4961691801 24.65099065 33.407836504 121.014501268 138.746805974 142.722324884 4.56915764779 4.16264241362 4.97404252798 9.43742967333 5.08153252444 5.44828534633 3.23467453307 5.17362731479 1.58190462148 5.9991297758 11924.3823004 14273.377071 13.0148394837 3.81521213965 1.38214684591 25.8050544241 23.754403774 13.8173830442 12.3669056893 9.21794851929 2.15241099295
-9999.0 -9999.0 -9999.0 -9999.0 -9999.0 -9999.0 -9999.0 -9999.0 -9999.0 -9999.0 -9999.0 -9999.0 -9999.0 -9999.0 -9999.0 12.8734856726 40.0379621737 12.9662316314 17.23256681 19.2170366265 37.1690739064 55.3073105616 69.6963192232 421.616055067 435.649457584 14.4113064656 27.2696440263 40.4661354566 50.3842243074 63.0153816629 109.156033788 116.409402257 12.8484544667 6.74308260395 2.75695874173 1.88622294301 6.65905775302 6.02989940241 9.24595556468 10.3667445582 17.3917463005 7.12611917005 2.14924641724 2.14378960678 1.49001080343 2.76821657311 14391.0372932 102.826633676 33.2428036777 4.42114734878 2.23606396709 1.23742967495 3.72497173833 2.36134449996 1.17755261741
-9999.0 -9999.0 -9999.0 -9999.0 -9999.0 -9999.0 -9999.0 -9999.0 -9999.0 -9999.0 -9999.0 -9999.0 -9999.0 -9999.0 13.5074949771 26.1481365384 91.6252334625 12.3349017526 31.2071435332 49.9542939917 67.5414461766 18.1018040925 34.0172229726 46.9856144864 493.617090012 13.6790304129 25.7553322449 38.8894093484 13.0061066916 26.0103953846 38.1468313165 45.4502543423 891.475368976 905.754935641 920.074230751 959.642180445 969.720024305 993.934462839 18.2061395493 37.3566543413 21.5572576914 1084.39056582 1087.89183283 1.94749764875 3.02276096963 4.0697340667 14392.0423927 96.9890757697 53.964283178 50.9430088652 32.8170849396 26.8907922336 4.87690149397 1.25775284602 2.16877879875
-9999.0 -9999.0 -9999.0 -9999.0 -9999.0 -9999.0 -9999.0 -9999.0 -9999.0 -9999.0 -9999.0 -9999.0 -9999.0 -9999.0 13.7445120964 41.5853690884 146.844853357 217.576487391 11.238295383 282.385799724 362.177208588 17.0533510091 32.8609945187 46.4305437199 626.023966431 636.337800868 8.38539369876 56.0195123189 64.8359130362 76.0207454865 807.450601731 829.615627372 838.856579146 4.19759924074 27.2504294911 31.7143374191 9.88201778606 13.1940572061 1013.92437183 1056.7883953 1059.18896911 1061.44135814 1090.58427229 1.33776827104 1.18065878816 6.27977775472 14393.3924748 6.34562514133 8.97630053141 15.7487273033 3.77495476913 23.5831125218 17.9398716848 10.8760492685 7.34307426287
-9999.0 -9999.0 -9999.0 -9999.0 -9999.0 -9999.0 -9999.0 -9999.0 -9999.0 -9999.0 -9999.0 -9999.0 -9999.0 -9999.0 -9999.0 -9999.0 28.9423097094 58.1352806428 257.13857891 270.878791713 374.403109841 386.811730315 16.7087561589 33.4078777551 75.5622010557 646.00300649 663.16851715 669.694948517 5.29698408784 696.045295157 719.862582611 13.5072611111 4.25818738348 8.29140944935 15.9191176529 3.74424310872 7.03561435045 14.9773945846 17.9308609329 3.3826517089 2.27766107725 4.32742466852 1113.30533077 1120.92324418 1121.90611847 1131.21731657 14394.3980703 5.31907522373 8.00728193591 2.91788629875 2.80956389529 2.87729967795 2.47555087059 4.65276096806 1.42651513934
-9999.0 -9999.0 -9999.0 -9999.0 -9999.0 -9999.0 -9999.0 -9999.0 -9999.0 -9999.0 -9999.0 -9999.0 -9999.0 -9999.0 -9999.0 -9999.0 15.0677702051 14.7359677859 14.1933867029 26.9921673527 11.7960659839 410.432236901 421.843081661 14.3800617001 29.2403660099 11.1243429281 8.35266671504 8.04380280459 684.973075526 8.38060067833 16.9901116641 6.67089593231 4.54912912683 3.90058623216 2.93898536185 3.06269112187 9.21065611503 12.6138947998 2.4066097772 2.17252926358 4.66375641004 7.76273232598 11.4898701981 4.24800577278 1123.78206422 1132.23688669 14395.1531229 21.0182926552 12.8928666508 1.83172929898 4.29952361957 1.52140421876 1.17523108238 5.92634628041 6.60061383596
-9999.0 -9999.0 -9999.0 -9999.0 -9999.0 -9999.0 -9999.0 -9999.0 -9999.0 -9999.0 -9999.0 -9999.0 -9999.0 -9999.0 -9999.0 -9999.0 -9999.0 -9999.0 14.5527062911 40.2052051341 51.6988450646 63.3070304547 433.243839133 444.779502517 455.812441612 466.52174867 474.345509399 490.839463177 498.360048643 506.443119585 512.092429233 4.19941218866 3.80772768858 3.89031124549 13.1277524361 3.42877672081 3.1731016154 2.49135202526 7.17106857977 2.88702423478 2.20047857218 2.04043748336 1.69427239678 3.38134209869 4.89896687972 1142.24729303 15558.9452671 2.73529560128 4.53347080061 1.52314031454 9.31513655908 11.1650501784 2.3616162944 17.9507986017 11.1189915235
-9999.0 -9999.0 -9999.0 -9999.0 -9999.0 -9999.0 -9999.0 -9999.0 -9999.0 -9999.0 -9999.0 -9999.0 -9999.0 -9999.0 -9999.0 -9999.0 -9999.0 -9999.0 -9999.0 12.236430794 96.4544850102 185.855960052 197.474342178 14.3446780373 28.7627975924 44.0156178738 55.6484721042 135.428360916 140.256877159 4.60273984787 4.38196708916 526.697208915 536.196723389 539.633017639 15.5210665977 2.03456400833 4.86767030924 7.23336654376 22.089727443 27.4527599433 31.6427796456 3.84235487315 5.34044856271 1.7833766404 3.71101628299 1.80873104004 15561.2761986 2.2240412659 9.0609196568 3.22303904989 13.4461540488 37.2335164962 40.7133046368 59.9141498925 10.6600458483
-9999.0 -9999.0 -9999.0 -9999.0 -9999.0 -9999.0 -9999.0 -9999.0 -9999.0 -9999.0 -9999.0 -9999.0 -9999.0 -9999.0 -9999.0 -9999.0 -9999.0 -9999.0 13.5489118457 43.1214669252 84.459936512 110.386789174 276.637624188 289.635266721 31.666095824 47.0638916396 60.9516853726 71.7570194024 146.680198651 156.576367361 296.547100737 308.868426714 317.422559686 542.724779987 565.431452184 4.8317579141 3.09871793741 2.9317982769 5.53360575247 2.58087142406 36.8144335217 38.7988001307 7.42411358405 12.5699587682 6.18711119662 3401.69386784 3405.74691873 18967.7963028 18978.8650976 2.59687262212 18.8214907602 6.40811493887 3.95142542515 67.2431321606 79.3314819611
-9999.0 -9999.0 -9999.0 -9999.0 -9999.0 -9999.0 -9999.0 -9999.0 -9999.0 -9999.0 -9999.0 -9999.0 -9999.0 -9999.0 -9999.0 -9999.0 -9999.0 -9999.0 -9999.0 15.4021849313 14.9510931513 28.2771490339 67.1863710736 301.897601691 16.3037770814 16.1498602932 28.9650895869 43.3621611269 110.434478932 120.183035523 9.00530903364 6.92794278155 322.021191919 325.47265097 898.911668645 904.570467307 1.67408893314 1.48673898132 1.22671262201 1.23750348908 1.40231903664 3354.96670677 3366.52415175 3380.95737107 3390.02301421 3397.49615766 2.04796220639 7.52452998152 8.70922740465 18990.1210651 18990.6240209 18990.6590608 18992.0721211 18994.6478941 84.9275319362
-9999.0 -9999.0 -9999.0 -9999.0 -9999.0 -9999.0 -9999.0 -9999.0 -9999.0 -9999.0 -9999.0 -9999.0 -9999.0 -9999.0 -9999.0 -9999.0 -9999.0 -9999.0 -9999.0 -9999.0 13.7308975083 14.3553177219 26.6685602048 353.953991098 365.721366612 15.8976668273 29.0244673729 43.6768786738 58.3283876983 13.7158206883 23.0265761387 827.327340885 831.453183758 840.519282647 872.438256347 1780.00836494 3282.29871036 3286.37723342 3289.92797108 3293.37355772 3309.25379945 3314.36204141 10.0325977977 4.53760203391 2.70873140395 5.08804468284 3.76140268789 5.95979237474 1.81427873409 42.2440103652 50.73413574 57.4645557726 58.0407886992 18994.4533251 19080.4867127
-9999.0 -9999.0 -9999.0 -9999.0 -9999.0 -9999.0 -9999.0 -9999.0 -9999.0 -9999.0 -9999.0 -9999.0 -9999.0 -9999.0 -9999.0 -9999.0 -9999.0 -9999.0 -9999.0 -9999.0 -9999.0 13.9963388082 26.8244801156 39.7175018392 376.433566892 11.1596869858 510.202680097 524.967656329 539.414334227 550.698969012 785.979281792 795.822830376 3.59803174901 24.5333480611 28.3417218443 3.62283990294 1498.35840507 1491.77533879 2.02345542536 4.66145582098 12.6942247972 2.8362180271 3.02902262129 2.31033071118 1.96472059691 1.53607231655 1.78930197926 36.4885068964 38.3443164598 40.834326613 7.15830396491 5.25735524315 60.6610499137 61.579754958 62.0227809678
-9999.0 -9999.0 -9999.0 -9999.0 -9999.0 -9999.0 -9999.0 -9999.0 -9999.0 -9999.0 -9999.0 -9999.0 -9999.0 -9999.0 -9999.0 -9999.0 -9999.0 -9999.0 -9999.0 -9999.0 -9999.0 12.7992621601 12.0177565846 62.2172254035 462.701956204 485.753370093 497.077459445 11.4638036609 197.286649348 212.134629641 219.339759723 9.03757024791 13.3316945023 16.8213077347 341.594501054 344.537366699 347.000450331 1487.42853716 915.12079686 2.54262643987 2.73053848091 2.62037962071 2.06011611147 21.9085713502 26.3663833405 30.279486325 32.458022655 34.553694558 321.763441344 324.112317448 329.084199029 337.878356022 358.706334604 359.295464985 421.892861763
-9999.0 -9999.0 -9999.0 -9999.0 -9999.0 -9999.0 -9999.0 -9999.0 -9999.0 -9999.0 -9999.0 -9999.0 -9999.0 -9999.0 -9999.0 -9999.0 -9999.0 -9999.0 -9999.0 -9999.0 -9999.0 -9999.0 25.0678195406 38.2076421223 12.5411088825 16.4127158087 156.779559944 168.154389882 176.141652095 66.6891661983 76.3654907292 85.639348415 90.1174248459 335.036505735 339.20608924 216.940747971 567.072238909 569.972207993 913.085301954 5.56169593361 2.82977926476 2.00110542295 15.2332218217 17.8191912162 1.62552678475 1.53198535376 314.743053872 318.521793459 320.352418982 3.23308451682 5.65600891948 355.536544431 0.969409247359 4.31154033356 4.78472519721
-9999.0 -9999.0 -9999.0 -9999.0 -9999.0 -9999.0 -9999.0 -9999.0 -9999.0 -9999.0 -9999.0 -9999.0 -9999.0 -9999.0 -9999.0 -9999.0 -9999.0 -9999.0 -9999.0 -9999.0 -9999.0 -9999.0 12.5773496687 24.8683012373 101.318359691 113.918584264 126.301892041 48.5636096706 57.2383418452 9.73232779428 225.431384228 233.816773579 240.911714341 4.93940304793 209.207253882 213.552346003 3.09476143321 898.552503096 6.33961926151 3.16675635943 8.31133786726 11.1504165943 2.13054408684 1.74720044484 295.769332607 311.344340316 313.55564544 2.32099964688 5.10066409303 6.40817401126 8.44207964021 14.8502889595 1.62292582782 3.55210627265 0.703874157144
-9999.0 -9999.0 -9999.0 -9999.0 -9999.0 -9999.0 -9999.0 -9999.0 -9999.0 -9999.0 -9999.0 -9999.0 -9999.0 -9999.0 -9999.0 -9999.0 -9999.0 -9999.0 -9999.0 -9999.0 -9999.0 -9999.0 12.4657202657 38.4148847297 64.8451940563 13.2906398999 27.9463560559 39.1502994018 187.493950619 198.380456804 207.486917163 8.3486359115 171.803923932 195.360777135 200.807373711 4.43825640517 885.255734953 892.625536319 3.4113819083 3.10383901417 6.10684029502 2.45362011073 284.021591849 288.321279697 290.859361434 9.76872344696 12.1535245727 2.07241797172 3.69599261653 1.63784065178 12.0392701931 1.68266705653 0.959065064954 0.95767133622 0.989054144155
-9999.0 -9999.0 -9999.0 -9999.0 -9999.0 -9999.0 -9999.0 -9999.0 -9999.0 -9999.0 -9999.0 -9999.0 -9999.0 -9999.0 -9999.0 -9999.0 -9999.0 -9999.0 -9999.0 -9999.0 -9999.0 -9999.0 -9999.0 12.9901514888 13.5164846034 14.4237991993 135.661908506 146.411810336 178.200393397 10.0517629477 134.208484716 156.277780797 8.40172866319 16.9096604765 5.80487882606 872.049039926 5.471735005 12.6666207545 15.3225926138 19.4341226263 268.22910154 277.038837727 279.780027678 2.80395145866 5.20724095841 7.3745054616 1.38724189928 1.28253531486 768.529401346 769.79067871 770.81601957 781.523154151 782.814244561 784.143543539 784.932899831
