data/baseflow/mHMbf_acc528.asc
ncols                  80
nrows                 72
xllcorner      4374000.0
yllcorner      5656000.0
cellsize            500
NODATA_value       -9999
[rows 25 to 49 of 72, columns 0 to 54 of 80]
-9999.0 -9999.0 -9999.0 -9999.0 -9999.0 -9999.0 -9999.0 -9999.0 -9999.0 -9999.0 -9999.0 -9999.0 35.3725751804 70.0656248839 32.8736066386 66.0390632102 31.5742949044 230.758828361 292.872817195 324.047059352 29.7715810285 58.032764808 530.65244386 666.126754583 692.196289877 56.0166031292 59.4846698468 87.7767356551 18.6442071633 17.7552981568 33.7149878457 15.219565994 787.644565787 805.70525693 822.458575283 6780.76042466 13350.3146941 13239.2712163 25.5010760445 11.0174566697 10.1914325939 47.5126249069 36.5005088406 83.8217536118 112.861849219 225.494108184 21.1281216817 21.1112591461 191.317254456 211.31684161 408.283707786 420.601217153 452.155082209 463.446922458 10.0044021846
-9999.0 -9999.0 -9999.0 -9999.0 -9999.0 -9999.0 -9999.0 -9999.0 -9999.0 -9999.0 -9999.0 -9999.0 -9999.0 34.5776070983 68.4164784633 101.990018865 166.283808345 33.2830197393 31.6684004164 201.46484793 231.334594628 476.068138262 505.021823868 83.0961878873 29.4749247766 28.3499851665 28.2059807378 681.719121268 702.537852032 722.255441608 738.974436618 770.670273006 172.904996885 187.740499862 1031.05244385 21169.2224346 91.2519898581 74.4359038754 37.0812990821 9.53526285868 8.80088726603 67.4152692827 74.713541192 103.631821688 10.4931604103 239.242066834 38.124227939 37.7720579905 10.116387741 6.6396728604 5.25827500604 4.6236193446 4.98161543342 468.332699966 5713.36284014
-9999.0 -9999.0 -9999.0 -9999.0 -9999.0 -9999.0 -9999.0 -9999.0 -9999.0 -9999.0 -9999.0 -9999.0 -9999.0 -9999.0 33.7659903216 60.1146087678 83.1913315777 106.86423055 138.333720956 170.256433435 94.7748484561 156.65713775 29.3390305667 29.0504297005 545.086112978 602.279468694 629.397350071 657.955073672 23.548913652 44.069930271 112.620150864 135.894736579 155.719799635 17.2622899068 10.7499195747 21206.8704491 16.5350035839 23.2112935532 13.7506080236 40.5027480719 18.3870737469 11.1267465916 186.872980807 192.897077753 5.66170173725 245.106619139 291.805887881 49.2538891979 5938.98101236 5922.58670514 5909.9890881 5887.93803636 5879.1824512 5747.06335212 5739.71136208
-9999.0 -9999.0 -9999.0 -9999.0 -9999.0 -9999.0 -9999.0 -9999.0 -9999.0 -9999.0 -9999.0 -9999.0 -9999.0 -9999.0 5.48208738614 12.683125415 22.9628862601 193.810701562 226.594490972 32.6857655771 31.861160652 31.2667061996 427.8939251 487.962061314 29.3441665376 29.8419511447 27.113918897 109.51361103 136.635380631 71.745302761 92.2250238271 611.99943906 634.529665677 668.89784685 1077.8027918 22292.6034775 16.4457955634 10.9796552066 62.737579853 51.8956673825 6.59686810838 24.8756734582 31.7133506906 200.144830087 205.992236739 512.222945002 295.139415075 55.0851492176 6078.27988291 54.4651570631 5899.22865719 5893.82417569 123.966623307 3.79800498725 20.1947764603
-9999.0 -9999.0 -9999.0 -9999.0 -9999.0 -9999.0 -9999.0 -9999.0 -9999.0 -9999.0 -9999.0 -9999.0 -9999.0 -9999.0 27.0411854152 44.462715943 95.6840654311 164.808766959 246.648503385 305.181938672 336.614533612 368.142358837 398.579600461 29.9731508229 28.873108596 57.3224952811 54.8139725448 27.8166152439 523.686615924 550.460177924 575.69394852 599.631730864 358.476067406 380.183713942 398.874492065 22299.4287039 26.3311799895 34.7932507686 104.512612284 10.6694309274 12.618330318 6.19053139465 6.44636288058 37.5398726659 4.94924244 5.22770932901 6619.15944354 6102.82909804 6097.64208463 21.6805355589 46.8887950801 31.0389453031 7.75163857448 116.00561733 33.789838507
-9999.0 -9999.0 -9999.0 -9999.0 -9999.0 -9999.0 -9999.0 -9999.0 -9999.0 -9999.0 -9999.0 -9999.0 -9999.0 -9999.0 18.8653799342 17.3359357247 33.8094194794 51.878215778 30.2452776287 33.4507716646 65.4987221873 97.7239708326 159.290137086 189.735086363 218.650575465 305.306266741 332.541624327 360.856991014 27.3087208874 267.486020385 292.25448441 315.855797448 20.7063294902 12.5483352681 21.9332621702 22713.7779412 22720.4460749 22762.1303767 133.154233649 21.1486293493 28.3429364588 8.29672978998 11.4743024372 42.597639626 52.0123492277 9.51572545583 6641.81915111 6.81529174101 11.9264684826 13.7012135298 8.97813885591 17.3528437015 6.94964934433 73.9421021783 58.7695893748
-9999.0 -9999.0 -9999.0 -9999.0 -9999.0 -9999.0 -9999.0 -9999.0 -9999.0 -9999.0 -9999.0 -9999.0 -9999.0 -9999.0 -9999.0 16.3411540517 32.3814297975 16.5614994555 35.208641799 219.330922066 247.752088957 279.939104264 30.7009686803 30.6874974295 59.7430649962 88.9281778879 143.152804855 170.62969844 186.687774724 213.476009165 23.9571770367 23.3187549668 356.222534273 368.052493388 377.006142883 385.27742015 311.868013224 23107.2708373 23293.7502887 23301.6937497 23337.427148 23375.2406623 23391.8544944 5.00880821715 56.5178368489 6646.45352497 12.0507088959 6.17473967709 5.38386795873 4.7401230219 8.58687437651 9.26832816097 5.21143355806 7.72654722735 7.5598125457
-9999.0 -9999.0 -9999.0 -9999.0 -9999.0 -9999.0 -9999.0 -9999.0 -9999.0 -9999.0 -9999.0 -9999.0 -9999.0 -9999.0 -9999.0 -9999.0 48.1048071841 65.9756707036 118.778107219 162.831020185 24.8640814496 337.338063976 367.692708714 398.123199893 29.6968246838 58.8062390908 26.9632175974 196.891985823 212.173589772 236.532280617 263.586003052 327.924349049 337.509295585 6.29213341852 280.954979485 297.029384698 304.108006696 338.133617621 46.2354112345 30.4225436013 20.0363455109 17.7183631302 23414.4752068 23422.9131789 23517.9327531 6651.03414999 30.7655052772 14.4915708537 9.50528053271 3.45077353812 27.9016968968 15.1556443736 4.74764112863 26.2271264354 22.1114353568
-9999.0 -9999.0 -9999.0 -9999.0 -9999.0 -9999.0 -9999.0 -9999.0 -9999.0 -9999.0 -9999.0 -9999.0 -9999.0 -9999.0 -9999.0 -9999.0 17.8319156529 83.3489058324 102.002191703 26.6817960411 32.3219398786 64.3880650411 94.6967406749 523.046034524 29.4867776362 118.176547181 145.531906015 172.342321546 16.4827834419 39.5593545002 54.3315991432 224.993236097 252.99421249 259.117109304 7.64985542601 8.47472972557 10.6143039937 19.0572013326 8.79158903582 9.64178391881 17.5658055085 12.992259993 15.2880192291 33.6472943484 23525.454037 30195.1149931 40.6026986124 10.4038498235 3.74701177833 88.3137236413 80.8752568529 48.1989166878 43.4285619834 32.8100427667 7.51629215345
-9999.0 -9999.0 -9999.0 -9999.0 -9999.0 -9999.0 -9999.0 -9999.0 -9999.0 -9999.0 -9999.0 -9999.0 -9999.0 -9999.0 -9999.0 14.4467638302 48.724091098 16.3095205558 31.8894322535 34.2297126636 66.6487029494 98.3601508978 125.397945746 667.394653338 696.119779261 29.2685647161 56.576419365 83.9595409153 104.118991282 127.630213585 201.854251267 216.891150296 19.4089126904 14.617133476 12.4629530919 9.21602967911 16.8014589491 15.8037037529 17.1144375207 18.7412432606 55.4880068854 21.4488625899 6.03849434768 5.75381078602 6.53241828643 12.4696986235 30465.8704364 223.085129146 104.754899761 5.9807293473 2.49771867112 2.6699581162 10.6310818772 7.80520046866 4.18687949528
-9999.0 -9999.0 -9999.0 -9999.0 -9999.0 -9999.0 -9999.0 -9999.0 -9999.0 -9999.0 -9999.0 -9999.0 -9999.0 -9999.0 15.0658889131 29.3416221401 108.637921918 15.7812875699 57.8435765519 91.9561087728 124.848729064 32.749014835 62.976128074 86.8477108157 801.203613652 28.4472145555 54.9113608067 81.5912042339 25.8040253691 51.4251131427 70.9595819858 86.9783690824 1656.15438532 1685.5738409 1716.50215956 1831.2621169 1869.0161789 1948.89935908 40.2117184369 82.6329207214 75.8109609604 2227.57422049 2240.00912173 5.41882941659 10.6486172765 15.6640451326 30469.4086937 204.897806393 93.0843079863 90.2076162834 70.0268758727 61.269322795 14.1389883609 3.16014077503 6.9221109257
-9999.0 -9999.0 -9999.0 -9999.0 -9999.0 -9999.0 -9999.0 -9999.0 -9999.0 -9999.0 -9999.0 -9999.0 -9999.0 -9999.0 15.2601789896 46.4324299194 170.383287526 250.478222091 13.8860285971 332.111894102 475.091560169 31.6038410253 61.55664272 87.3692762926 1047.72077531 1068.3801889 24.4787657234 130.736029407 154.009907547 176.081918206 1476.07337351 1526.67100425 1552.26116537 12.6531918674 75.2940192524 91.8464014608 34.9632632176 50.7211667238 2017.62734777 2121.41709723 2133.3721764 2144.58896736 2253.42487654 6.5719801013 5.7754048538 26.1111864964 30473.7693159 4.21188803412 5.90380324967 17.7400074669 6.55163527863 56.3738813443 43.1047736422 25.0476605744 18.6503012474
-9999.0 -9999.0 -9999.0 -9999.0 -9999.0 -9999.0 -9999.0 -9999.0 -9999.0 -9999.0 -9999.0 -9999.0 -9999.0 -9999.0 -9999.0 -9999.0 32.7070038589 65.8393828115 297.560790021 314.960085828 490.11176627 508.24574112 30.8266445298 61.5230135499 144.263923001 1084.61286586 1131.98407094 1152.57248237 16.5472362529 1227.31103314 1280.18244605 31.9619061977 12.108811979 24.1075700555 46.1358624316 10.7975795446 21.4723828817 46.9746951895 58.6046125723 10.7081980515 7.28989938001 14.4934320704 2310.85945826 2336.75131807 2341.85240979 2380.44112916 30477.815271 2.57202798483 4.59490713844 5.25976414509 5.16723139483 5.26708099985 4.61052956176 8.77741520586 2.09099838402
-9999.0 -9999.0 -9999.0 -9999.0 -9999.0 -9999.0 -9999.0 -9999.0 -9999.0 -9999.0 -9999.0 -9999.0 -9999.0 -9999.0 -9999.0 -9999.0 17.1307135896 16.7369474743 16.7690777043 35.7887907996 15.5658823746 538.995616022 555.535816088 27.8851788658 56.4992434369 28.6294600277 23.6303636593 23.0670760299 1194.49317924 17.9064935429 35.4510052717 16.84638328 13.2074809293 11.2715540911 8.75560435182 9.06448070201 27.2714156417 37.1844023898 7.19459288423 6.2788350726 13.363314314 21.9716449373 29.8572457716 12.1577182663 2348.95840736 2385.53416375 30480.5497222 17.8152888717 12.887502105 3.60781173825 8.25387242755 3.13254629913 2.48709744525 11.4165038004 11.4280855385
-9999.0 -9999.0 -9999.0 -9999.0 -9999.0 -9999.0 -9999.0 -9999.0 -9999.0 -9999.0 -9999.0 -9999.0 -9999.0 -9999.0 -9999.0 -9999.0 -9999.0 -9999.0 16.5313790716 50.9506769741 64.4237866275 79.3382088006 569.992595963 584.661315371 600.278559494 621.34022373 643.953203424 690.219612634 707.188451256 724.304736959 738.945400433 12.4426672621 11.5362655565 11.6104523256 38.900833488 9.95525997091 9.35017847711 7.61716564671 21.8261346923 8.05883063884 6.36397621563 5.96858760649 5.08094806833 10.1439344452 14.7289306732 2415.5988536 32917.2332224 2.2608976001 5.44145120416 3.2834685589 11.4984530772 6.54004760869 4.99547446633 32.4779175392 19.2649373147
-9999.0 -9999.0 -9999.0 -9999.0 -9999.0 -9999.0 -9999.0 -9999.0 -9999.0 -9999.0 -9999.0 -9999.0 -9999.0 -9999.0 -9999.0 -9999.0 -9999.0 -9999.0 -9999.0 13.4842430612 108.315241237 217.349780022 233.340355327 24.5832367923 52.0856288735 80.7474236287 106.543447419 267.789814377 281.435759029 13.1077337995 12.5442364856 768.94771623 793.281540931 803.580643612 46.4022881648 6.41782145724 15.6104631716 22.9095968152 69.0708495802 84.2035071367 96.289002546 11.23048467 15.8018122989 5.27568982255 10.4283440308 5.32737678183 32926.8619902 2.19659468657 9.55180949556 6.25413238686 20.5904246852 40.8047039798 47.1414542657 80.9142455179 26.1268881861
-9999.0 -9999.0 -9999.0 -9999.0 -9999.0 -9999.0 -9999.0 -9999.0 -9999.0 -9999.0 -9999.0 -9999.0 -9999.0 -9999.0 -9999.0 -9999.0 -9999.0 -9999.0 15.2465102759 48.6801349849 95.0979045458 124.047989851 322.288719575 342.584352131 58.3398014827 87.0215256167 113.490815368 139.210126 297.28174369 324.774097721 588.818793214 610.383009886 626.807423294 813.2614802 882.41037154 15.2316993624 9.86866911213 9.35815308177 17.7281067319 7.90297102802 111.426967597 117.137957822 21.1045296771 29.645829699 11.7445514201 6049.95936769 6062.81540395 38995.3605431 39007.8655875 2.13179048671 24.9891642259 6.7600532144 6.42103482721 94.9016791093 124.125865954
-9999.0 -9999.0 -9999.0 -9999.0 -9999.0 -9999.0 -9999.0 -9999.0 -9999.0 -9999.0 -9999.0 -9999.0 -9999.0 -9999.0 -9999.0 -9999.0 -9999.0 -9999.0 -9999.0 17.4310828475 16.9407546238 31.9175702874 75.3548865279 356.990897722 29.5401877402 29.2401156299 55.042787107 81.6019192145 204.225910698 224.044243352 14.6199595741 13.64088075 640.775674042 650.167268324 1544.60096894 1556.97606424 5.39701310233 4.867985175 4.147613398 4.17988901475 4.61196847999 5929.81110711 5964.1225325 6000.30788087 6019.47630301 6041.16111531 5.99293525014 22.5050965181 27.6592910356 39044.1495479 39045.9109506 39047.6149723 39054.26494 39061.286309 136.611894932
-9999.0 -9999.0 -9999.0 -9999.0 -9999.0 -9999.0 -9999.0 -9999.0 -9999.0 -9999.0 -9999.0 -9999.0 -9999.0 -9999.0 -9999.0 -9999.0 -9999.0 -9999.0 -9999.0 -9999.0 15.4467118132 16.2263034067 29.883609332 415.140428181 432.141036944 29.0090710416 54.7667530757 81.5661685752 103.82843309 20.6252605291 38.6737458509 1125.96277346 1136.84674473 1150.14797577 1236.67565415 2804.82197037 5707.54317358 5720.41290677 5731.99417418 5743.19271458 5791.52354556 5807.08243756 29.2140929933 13.1197203695 7.71791954299 14.5802005184 11.2791107526 17.6574435746 5.45149986898 130.342059601 144.767219851 154.705329292 157.534478327 39063.9462521 39210.5701485
-9999.0 -9999.0 -9999.0 -9999.0 -9999.0 -9999.0 -9999.0 -9999.0 -9999.0 -9999.0 -9999.0 -9999.0 -9999.0 -9999.0 -9999.0 -9999.0 -9999.0 -9999.0 -9999.0 -9999.0 -9999.0 15.7130514036 29.9689918424 44.3177994542 444.319580813 20.6685140966 623.19252013 650.483405967 672.023605892 691.329652932 1051.03485931 1070.05366162 11.0380523864 61.4406998076 75.6926383654 10.6328648962 2890.0788049 2870.92265269 6.00753590275 13.6670813828 37.8330699635 8.46621407177 9.05605485912 6.74808711628 5.94198121366 4.83126415852 5.48332328471 112.74365429 118.325908851 124.91113496 10.3708369905 7.10624340655 160.25350378 163.443051512 165.698139561
-9999.0 -9999.0 -9999.0 -9999.0 -9999.0 -9999.0 -9999.0 -9999.0 -9999.0 -9999.0 -9999.0 -9999.0 -9999.0 -9999.0 -9999.0 -9999.0 -9999.0 -9999.0 -9999.0 -9999.0 -9999.0 14.1896991152 13.1841883541 68.6065546615 541.994440712 577.32973111 597.544650185 26.6131320379 310.563193989 330.521085732 339.899686987 17.3513163235 30.3184878568 40.8948005353 688.945473435 697.304230519 704.489358019 2858.0875235 1696.67846 7.28265432197 8.18564071886 7.90891597254 6.61348768757 68.9770881789 82.2378717779 94.0827455172 100.587111733 106.87560571 790.338534623 795.305663862 804.344251835 821.877987656 892.987337369 895.777788711 1064.29362605
-9999.0 -9999.0 -9999.0 -9999.0 -9999.0 -9999.0 -9999.0 -9999.0 -9999.0 -9999.0 -9999.0 -9999.0 -9999.0 -9999.0 -9999.0 -9999.0 -9999.0 -9999.0 -9999.0 -9999.0 -9999.0 -9999.0 27.5943808503 42.2510329718 16.3659975312 29.3461847595 214.409722 241.764180414 262.158134446 141.911336348 159.980822393 178.475246031 190.983318259 670.494801353 681.698688963 432.952185726 1146.23664137 1154.49438107 1690.47434592 16.6513822223 8.68705618267 6.48047844834 47.8223111274 56.0647856954 5.27987542407 4.92525746737 768.960321053 780.545951904 786.030878696 6.65943353688 11.3750769591 878.553327832 5.80836944708 20.728569555 23.1148605367
-9999.0 -9999.0 -9999.0 -9999.0 -9999.0 -9999.0 -9999.0 -9999.0 -9999.0 -9999.0 -9999.0 -9999.0 -9999.0 -9999.0 -9999.0 -9999.0 -9999.0 -9999.0 -9999.0 -9999.0 -9999.0 -9999.0 13.7897298897 27.2750468663 117.982236741 135.286550324 158.591748764 101.830822814 123.72592867 18.3892837957 436.875750803 453.282990554 468.500143504 12.4043740002 411.981464416 423.560235361 8.80316133661 1647.62862919 18.2865415147 9.21987129394 25.766033171 34.4794527704 6.99422742489 5.92788215705 707.957402059 758.53567022 765.089254238 7.02674161599 16.2712911267 20.5167305163 26.2063387741 49.5953520016 7.69767787546 17.0208097857 3.29092905967
-9999.0 -9999.0 -9999.0 -9999.0 -9999.0 -9999.0 -9999.0 -9999.0 -9999.0 -9999.0 -9999.0 -9999.0 -9999.0 -9999.0 -9999.0 -9999.0 -9999.0 -9999.0 -9999.0 -9999.0 -9999.0 -9999.0 13.5331758561 43.2506365305 76.7551831334 21.0308730858 49.1375118264 76.8065545661 363.530355418 384.956858826 402.289573155 16.3948263871 330.739596244 376.816945036 390.020321785 10.750355044 1609.46679988 1630.74505852 10.1405182974 9.38097895381 18.7369157922 7.89076189552 668.621618573 682.920617856 691.383936014 32.3748342942 39.7909992379 6.56106484012 11.7511835503 5.2291915104 37.3721181241 5.19456598961 4.39097772975 4.69292415725 4.57674130612
-9999.0 -9999.0 -9999.0 -9999.0 -9999.0 -9999.0 -9999.0 -9999.0 -9999.0 -9999.0 -9999.0 -9999.0 -9999.0 -9999.0 -9999.0 -9999.0 -9999.0 -9999.0 -9999.0 -9999.0 -9999.0 -9999.0 -9999.0 15.4414597618 17.6362096258 25.3987614218 235.877918768 262.645054229 340.205162483 22.588447972 262.038094295 299.586271782 16.349182537 32.5567130266 12.2794541101 1576.36865287 12.834281153 33.762156374 42.0033342442 50.8065517038 615.099457998 645.538352964 654.506609067 9.04252954309 17.1027098546 24.4904491431 4.84433080573 4.401088011 1659.10595093 1663.40594848 1666.94698884 1701.42831925 1705.5987799 1710.97012259 1714.69528653
