data/baseflow/mHMbf_acc508.asc
ncols                  80
nrows                 72
xllcorner      4374000.0
yllcorner      5656000.0
cellsize            500
NODATA_value       -9999
[rows 25 to 49 of 72, columns 0 to 54 of 80]
-9999.0 -9999.0 -9999.0 -9999.0 -9999.0 -9999.0 -9999.0 -9999.0 -9999.0 -9999.0 -9999.0 -9999.0 29.4114786269 58.658532129 27.8338466189 55.6553598958 25.5661312633 189.374470799 238.882617074 264.199873978 23.8872926914 46.1024456183 427.892370257 534.204766625 553.019538439 41.8624615098 43.3999468216 62.7003101011 12.1478381027 11.3828910754 21.7306263485 10.390731048 637.33173318 649.874318163 661.217560934 5379.83037865 11292.9865432 11214.6696673 16.7647158033 7.35482876984 6.66252819103 30.2307722355 23.4994649965 61.5121733195 85.448531203 171.67682903 15.3634048152 15.3099734939 139.312463632 153.046472717 294.945734935 303.041770114 321.715224463 328.387841285 6.03238926085
-9999.0 -9999.0 -9999.0 -9999.0 -9999.0 -9999.0 -9999.0 -9999.0 -9999.0 -9999.0 -9999.0 -9999.0 -9999.0 28.3531944239 56.4897379338 84.6730321733 136.973901902 26.9547762414 25.239052546 165.727073539 189.404906704 385.42863689 409.185477926 67.0053952549 22.9608617791 21.2162838311 20.2815097678 566.532450268 580.773672084 593.632911188 604.447296432 625.626360402 121.791311349 132.320528647 807.053536241 17485.104723 63.5090591958 51.6676314353 25.0387204793 6.60074406129 5.7570894074 43.2749804473 48.0052805026 73.4020446411 6.08820775421 179.786249043 26.1753386921 25.7198233642 5.60189355215 3.78328158563 3.14493986029 3.32438516232 3.05963379148 331.43288479 3997.47227369
-9999.0 -9999.0 -9999.0 -9999.0 -9999.0 -9999.0 -9999.0 -9999.0 -9999.0 -9999.0 -9999.0 -9999.0 -9999.0 -9999.0 27.2675096223 50.0068763247 69.9338295634 90.1809026784 115.407961141 141.138618888 75.4967255681 125.661819263 23.7683658378 23.0697622108 460.893385188 505.796266237 527.196909935 549.463750545 17.1636052769 31.3692874665 81.885074923 96.3100064953 109.43881833 12.4802641407 8.41657612309 17512.6689353 11.4849851076 16.6454835433 9.36870536389 27.159168445 12.325674096 7.63404268777 127.69026124 132.632940232 4.16844068791 184.29678542 215.386378652 31.5172924926 4140.51937871 4130.99608677 4123.34520767 4108.34113462 4101.94326239 4016.05376892 4011.11817132
-9999.0 -9999.0 -9999.0 -9999.0 -9999.0 -9999.0 -9999.0 -9999.0 -9999.0 -9999.0 -9999.0 -9999.0 -9999.0 -9999.0 4.99249715602 11.2753245339 19.9271698581 177.374240221 203.133596671 25.9564435441 25.4439473072 25.1534522671 367.776416734 416.007033918 23.5127151067 23.7879725632 20.628313134 84.8190967248 105.622464458 52.5497291188 66.9832450694 476.394641976 493.306446145 520.663437663 828.595256371 18347.2682096 11.576099846 7.64910923817 41.816361202 34.4932452554 5.02155908129 18.1214652578 23.3495460361 138.287005408 142.986442268 369.129428242 217.784946507 34.7438154965 4236.68642106 40.7571295445 4116.56725499 4112.65294871 80.2605481376 3.1510602954 9.44367836107
-9999.0 -9999.0 -9999.0 -9999.0 -9999.0 -9999.0 -9999.0 -9999.0 -9999.0 -9999.0 -9999.0 -9999.0 -9999.0 -9999.0 25.4483690558 41.779119002 88.0106274993 153.520925799 220.845816817 269.483395616 294.682095438 320.104702708 344.799637806 23.7524237875 22.4142373309 44.0932867589 42.2815169535 21.8768021896 410.679598186 431.08584565 450.27163335 468.409138235 268.862945219 284.505565712 299.016354002 18352.4841142 18.8532159894 23.9662354029 70.4486110314 6.84552100641 10.0735792823 5.07115310745 4.89657554578 28.0115645853 3.88458921601 4.12954566746 4628.2271405 4255.81221271 4251.58598651 16.3558101691 36.0546209138 23.4469332594 5.56571349816 73.3763800908 20.3820869548
-9999.0 -9999.0 -9999.0 -9999.0 -9999.0 -9999.0 -9999.0 -9999.0 -9999.0 -9999.0 -9999.0 -9999.0 -9999.0 -9999.0 17.7358476297 16.704396199 32.7888390454 49.6447618586 25.034091142 27.4426659593 53.2452434009 78.8771215716 127.923086828 152.145196256 174.577347066 241.671222347 262.848103575 285.314993195 20.5965643489 205.052264134 223.333745313 239.984073851 13.4566777037 6.87810641108 12.5053956413 18650.8057752 18655.8223795 18685.8925954 89.0784611057 13.6972608785 19.9473055313 6.07622238115 8.78591659635 32.0139208297 39.376048347 7.53195065452 4646.54422184 5.6675710915 8.96372852238 10.0991713405 7.14291385128 13.3335153092 5.45985390756 47.802616887 36.4916963477
-9999.0 -9999.0 -9999.0 -9999.0 -9999.0 -9999.0 -9999.0 -9999.0 -9999.0 -9999.0 -9999.0 -9999.0 -9999.0 -9999.0 -9999.0 15.9122880252 31.3826512881 15.4684650666 32.1852903787 201.33886914 224.182674888 249.287880445 24.442952163 24.4625820663 46.890202592 69.7092330967 111.375163609 132.743043933 144.731506995 164.29051959 17.5017318306 16.1802398821 261.761665847 268.175162194 274.342379984 280.371145789 225.554283915 18935.6367961 19062.0580488 19067.3584926 19091.9992286 19117.3948681 19130.3748433 3.94249668357 42.9035469866 4650.33909068 9.2998313362 4.77024134019 4.39393350377 3.97184350022 7.03967270019 7.08334213474 4.05307457232 5.92885949028 5.48547287288
-9999.0 -9999.0 -9999.0 -9999.0 -9999.0 -9999.0 -9999.0 -9999.0 -9999.0 -9999.0 -9999.0 -9999.0 -9999.0 -9999.0 -9999.0 -9999.0 46.5811684357 62.8510315596 111.701028498 150.679346297 21.6168642618 297.593809013 321.547280191 344.811972992 22.9959513234 45.4560870907 20.7775505993 152.967877665 163.887482578 181.46926207 200.155567936 245.235278096 250.789521933 3.74584639213 202.821255561 214.556600472 219.928088198 244.435216205 32.1087619964 20.8821294727 13.290413039 11.9428706394 19146.2060131 19152.9846849 19224.8256903 4654.1614629 24.4405782827 11.7551834739 7.6532287344 2.64902391328 22.0534553806 11.7774218392 3.66713223501 19.7258838693 16.6090667296
-9999.0 -9999.0 -9999.0 -9999.0 -9999.0 -9999.0 -9999.0 -9999.0 -9999.0 -9999.0 -9999.0 -9999.0 -9999.0 -9999.0 -9999.0 -9999.0 16.5320549679 79.032048126 96.2524896643 22.7059572897 25.6787328494 51.7246941167 76.1374662327 444.583378149 22.9816563093 92.003415223 113.353806124 134.239038763 11.5977013563 27.8423952435 37.1601215934 164.07070722 182.715048827 187.567010524 5.80297215559 6.02730484562 7.35165457699 13.3474204769 5.86701290306 6.29266701682 11.0196900222 8.26112787768 10.0291479272 24.8502057079 19231.2282925 23901.2824876 31.8541794368 6.61501692336 2.97447294145 68.9057825808 63.1192637859 37.1959296164 33.2898354103 24.855726819 5.72467480962
-9999.0 -9999.0 -9999.0 -9999.0 -9999.0 -9999.0 -9999.0 -9999.0 -9999.0 -9999.0 -9999.0 -9999.0 -9999.0 -9999.0 -9999.0 13.9321055505 45.4814827211 14.9861396159 26.342312453 27.6106069383 53.5602609433 79.0492554999 101.183224469 561.939169753 584.124033144 22.6623028709 43.8853658258 65.2545304035 79.8053714757 96.8339069426 146.200009294 158.184287407 12.0972687231 9.73739849064 7.91268678615 7.16980547307 11.0494631314 10.7310481757 10.6273362384 11.9460048566 37.1514066043 15.2660330567 5.28222992255 5.05269384907 5.57037370905 10.5458346022 24114.6716839 176.896705664 83.2581423948 6.21724985864 2.74975787057 2.38847848774 8.76193544514 6.23788120059 3.22871769572
-9999.0 -9999.0 -9999.0 -9999.0 -9999.0 -9999.0 -9999.0 -9999.0 -9999.0 -9999.0 -9999.0 -9999.0 -9999.0 -9999.0 14.5876213785 28.2998789962 102.142227864 14.1118452692 47.4954668869 74.6577961311 100.487973655 26.2823261312 50.0755539991 69.9754187618 669.519933007 21.7946680554 42.100655562 62.7048412929 19.1879837927 38.0702131649 49.6647131999 61.8409138954 1306.26747876 1326.39681076 1346.90785578 1429.17797493 1455.5177666 1514.18436921 24.5621671823 50.7566727434 49.1708679882 1710.97528137 1721.47714206 4.72530700315 9.01619072819 13.1319645905 24118.172775 165.559827254 74.3735359936 71.030003563 57.0816929732 50.6205143108 11.6716751189 2.73009358835 5.45098814743
-9999.0 -9999.0 -9999.0 -9999.0 -9999.0 -9999.0 -9999.0 -9999.0 -9999.0 -9999.0 -9999.0 -9999.0 -9999.0 -9999.0 14.7926908075 44.9569580047 161.899043669 238.003764345 12.4519459497 311.669970789 427.836906893 24.9923097094 48.5362054517 69.8404674771 867.781125401 884.614021834 17.9076742581 98.6962473451 115.977990522 131.698485511 1180.36056649 1214.47051898 1233.47267428 9.41105004406 55.2731659978 66.944416776 27.405796391 39.6146894943 1569.05969973 1637.0631632 1646.81664426 1656.03208091 1732.80569234 5.54059358705 4.92208520236 22.061107059 24122.5629533 4.49607867858 3.78973546245 11.1360419368 3.93721038296 45.7516776471 37.6672027644 22.1600084907 16.0779902971
-9999.0 -9999.0 -9999.0 -9999.0 -9999.0 -9999.0 -9999.0 -9999.0 -9999.0 -9999.0 -9999.0 -9999.0 -9999.0 -9999.0 -9999.0 -9999.0 31.2726527663 62.6745014485 281.477801022 297.22635107 441.605873543 457.340283551 24.595941242 49.1521261623 115.248597534 898.061629908 932.850428905 947.461571705 12.1276525106 1001.09919681 1036.00053129 21.668254326 9.14943433767 18.0779183055 34.9238036543 8.35601735566 16.8039160302 37.1646229765 46.5754619851 8.68828490172 6.06428643621 12.087893412 1777.90567845 1795.06121394 1799.3615924 1832.35860136 24126.564793 3.03915287777 2.63059392537 3.08912372978 2.78367859831 2.86613957105 2.27475191402 4.20452743479 2.07092317407
-9999.0 -9999.0 -9999.0 -9999.0 -9999.0 -9999.0 -9999.0 -9999.0 -9999.0 -9999.0 -9999.0 -9999.0 -9999.0 -9999.0 -9999.0 -9999.0 16.2273026115 15.8226487691 15.5848482812 31.5571831407 13.7482631835 484.722341786 499.148797224 22.3106263622 45.0561011457 21.2461759339 17.2702143465 16.7709442291 977.516705999 11.3828929437 22.8641874795 11.7212538892 9.86343121418 8.52152879899 6.80082121799 7.04866383926 21.4902601607 29.3557224138 5.82449681665 5.122600105 10.995269034 18.0943928848 23.5875374738 7.84093360681 1805.6091987 1836.80926959 24129.4108729 13.1547237777 6.99963875953 1.76879819437 4.05520449734 1.31013831644 0.895128546267 5.21151665019 11.0684279641
-9999.0 -9999.0 -9999.0 -9999.0 -9999.0 -9999.0 -9999.0 -9999.0 -9999.0 -9999.0 -9999.0 -9999.0 -9999.0 -9999.0 -9999.0 -9999.0 -9999.0 -9999.0 15.6505767292 45.7580349964 58.1926057909 71.502711809 512.372916675 525.923187379 539.853060508 557.264940811 573.668142126 607.331415536 618.535670779 629.239549125 638.951045621 8.96641639031 8.47938640343 8.64397787139 29.8638603055 7.76000039683 7.41827564341 6.01233418118 17.4703206561 6.6045800323 5.2641647282 4.91831633097 4.18528176798 8.35491614533 12.1851087372 1862.06191922 26007.9037632 2.9926093068 6.19980813708 1.41212599825 5.52627598383 3.09407850994 1.802079818 25.6258864674 18.7481434281
-9999.0 -9999.0 -9999.0 -9999.0 -9999.0 -9999.0 -9999.0 -9999.0 -9999.0 -9999.0 -9999.0 -9999.0 -9999.0 -9999.0 -9999.0 -9999.0 -9999.0 -9999.0 -9999.0 12.7373261563 102.757251535 202.265804418 216.240195664 21.2709078339 43.6904746835 66.4669130593 85.7675512203 210.633046693 220.22796048 9.24590685784 9.10458589606 659.702842803 677.10921905 684.8212179 35.7607259495 5.20084388477 12.8643118309 18.8964804481 56.7691482289 69.3325528143 79.4684262724 9.37568131013 13.1893776922 4.45528400156 8.84768460518 4.5418916464 26016.3882314 2.63726197172 11.3848954243 4.51612900074 12.4481444107 30.3512963771 33.635922638 60.8057391147 22.7397431261
-9999.0 -9999.0 -9999.0 -9999.0 -9999.0 -9999.0 -9999.0 -9999.0 -9999.0 -9999.0 -9999.0 -9999.0 -9999.0 -9999.0 -9999.0 -9999.0 -9999.0 -9999.0 14.4114794577 46.1187030421 90.2084083721 117.707505286 300.904124638 318.518885827 46.8919957795 69.7893996942 89.909917351 108.981302672 230.736474762 249.894485249 445.849841835 460.873565917 471.523271369 692.233360117 746.606796349 12.4262981397 8.120163926 7.74758898705 14.886573082 6.77414830392 92.4259683526 97.2881481362 17.6277031078 23.284637167 7.26840292785 4884.59126648 4895.19991958 30917.0776517 30932.1978476 2.88394272112 18.4800728069 6.58461469405 5.68994806461 72.0706181827 97.8757918625
-9999.0 -9999.0 -9999.0 -9999.0 -9999.0 -9999.0 -9999.0 -9999.0 -9999.0 -9999.0 -9999.0 -9999.0 -9999.0 -9999.0 -9999.0 -9999.0 -9999.0 -9999.0 -9999.0 16.5539269209 16.1475825978 30.3250298142 71.7964338592 332.212686926 23.8902605755 23.6678970522 43.5968765193 63.736060446 155.28759975 168.948946809 9.51365776434 9.77873354627 482.000758077 489.554651443 1244.54601168 1252.62979986 4.65890922441 4.16048335626 3.60936852171 3.64126571536 3.97608068348 4791.02676039 4820.12945332 4848.21461886 4860.47844489 4878.87739622 5.13679313833 19.1570986916 23.8555605666 30964.2213164 30966.2840992 30968.2347143 30972.7477923 30976.9889664 105.283255361
-9999.0 -9999.0 -9999.0 -9999.0 -9999.0 -9999.0 -9999.0 -9999.0 -9999.0 -9999.0 -9999.0 -9999.0 -9999.0 -9999.0 -9999.0 -9999.0 -9999.0 -9999.0 -9999.0 -9999.0 14.6473553218 15.4166842091 28.4941486116 387.842272617 402.87197981 23.3612610287 43.1988639895 63.6569322778 79.1604913978 13.7760102835 26.5621352027 972.146938896 980.421880026 989.329226018 1052.30408063 2312.60895236 4603.57171596 4614.51637324 4624.61399776 4634.33763946 4675.71271982 4688.90458879 24.7715543848 11.2229705997 6.53619707714 12.3813253428 9.55639741913 15.0199982721 4.72981854065 108.172337534 120.783235188 129.721844628 132.16125932 30979.4257072 31090.729622
-9999.0 -9999.0 -9999.0 -9999.0 -9999.0 -9999.0 -9999.0 -9999.0 -9999.0 -9999.0 -9999.0 -9999.0 -9999.0 -9999.0 -9999.0 -9999.0 -9999.0 -9999.0 -9999.0 -9999.0 -9999.0 14.9237495027 28.5764692924 42.3358649743 414.608634954 17.2555515426 575.849899376 596.858466494 611.029985736 624.696272521 919.659228639 933.083713025 8.66089377253 45.8229146508 56.0526293003 8.7175136234 2280.08684401 2264.19872714 5.3515489601 12.0181557429 32.4058623348 7.12380415298 7.50104110424 5.72387315973 4.98608453351 3.99769984511 4.58977947703 92.8917718991 97.6375982721 103.236822643 8.62446018041 6.05602605485 135.558611819 138.649625444 140.537181638
-9999.0 -9999.0 -9999.0 -9999.0 -9999.0 -9999.0 -9999.0 -9999.0 -9999.0 -9999.0 -9999.0 -9999.0 -9999.0 -9999.0 -9999.0 -9999.0 -9999.0 -9999.0 -9999.0 -9999.0 -9999.0 13.4802151844 12.6325191412 65.6728708367 507.762903661 538.921720166 556.167935528 20.1038875848 263.624977644 276.763303518 282.550144822 12.3256113098 22.3771859733 30.8348280971 527.836835347 534.645765208 540.693451746 2252.92225314 1366.09664058 6.53599676658 6.91187006405 6.67140971529 5.47695560913 56.1834495456 67.313663547 77.2069727866 82.6759524674 87.9633690591 604.867079966 609.048154228 614.568617067 626.082851765 680.379673034 682.770880646 825.844488331
-9999.0 -9999.0 -9999.0 -9999.0 -9999.0 -9999.0 -9999.0 -9999.0 -9999.0 -9999.0 -9999.0 -9999.0 -9999.0 -9999.0 -9999.0 -9999.0 -9999.0 -9999.0 -9999.0 -9999.0 -9999.0 -9999.0 26.3670237662 40.4148622472 15.0516978366 23.7520966275 192.764766458 213.413514804 228.411265913 108.223947903 120.007127637 132.521831001 142.06430589 512.80118178 521.852016535 325.773491713 873.935789581 880.924445233 1360.6783437 13.9868647593 7.12632920132 5.27663751282 38.7409851484 45.4391127404 4.30835445167 4.02694377499 586.45859467 596.247784185 601.081213962 5.09129815732 7.9090470564 669.919424891 5.27026217341 18.8763534163 20.9005467672
-9999.0 -9999.0 -9999.0 -9999.0 -9999.0 -9999.0 -9999.0 -9999.0 -9999.0 -9999.0 -9999.0 -9999.0 -9999.0 -9999.0 -9999.0 -9999.0 -9999.0 -9999.0 -9999.0 -9999.0 -9999.0 -9999.0 13.2492856595 26.1986173087 111.966491851 127.813636798 147.663629813 80.3965083436 96.6054908204 12.0007250481 340.495791964 351.458162857 362.013924758 9.40058107993 308.848272169 318.18659414 7.27229207367 1324.6507109 15.3948657622 7.64931582688 20.7567612727 27.9043297952 5.67212985675 4.75123856827 536.633905662 577.448123705 583.167312525 5.83905957946 13.3204538182 16.7947613637 20.9419562098 39.7555365239 6.90334733366 15.5107023478 3.0595667917
-9999.0 -9999.0 -9999.0 -9999.0 -9999.0 -9999.0 -9999.0 -9999.0 -9999.0 -9999.0 -9999.0 -9999.0 -9999.0 -9999.0 -9999.0 -9999.0 -9999.0 -9999.0 -9999.0 -9999.0 -9999.0 -9999.0 13.0284588095 41.1604542493 72.5679443223 18.6330442105 41.2591203263 61.9160933285 291.611639014 306.120364865 317.71480795 10.7855396996 250.087028456 281.938375518 291.724248439 7.59416908931 1293.43805721 1310.48621755 8.11122617269 7.49697010897 15.0004476919 6.31812604845 505.039551166 516.547331378 523.27554984 25.8188347505 31.8486838747 5.33467921809 9.60514046867 4.30498227645 30.2648232621 4.38105430518 3.98181956375 4.26748537745 4.34292402973
-9999.0 -9999.0 -9999.0 -9999.0 -9999.0 -9999.0 -9999.0 -9999.0 -9999.0 -9999.0 -9999.0 -9999.0 -9999.0 -9999.0 -9999.0 -9999.0 -9999.0 -9999.0 -9999.0 -9999.0 -9999.0 -9999.0 -9999.0 14.406356975 16.4288921139 21.9649553861 196.002049318 215.737684334 273.89452853 15.8367938707 203.94532716 229.497764758 11.1639421851 22.5088043779 8.55016774217 1269.1734754 9.29535598552 25.0270278518 31.4592366335 38.0732790907 463.702646585 486.59468075 493.804546501 7.25059485643 13.6578225001 19.5235478199 3.81481862982 3.46483874391 1284.15622373 1287.64018043 1290.51676398 1318.7353572 1322.30788884 1327.22588409 1330.68506898
