data/baseflow/mHMbf_acc406.asc
ncols                  80
nrows                 72
xllcorner      4374000.0
yllcorner      5656000.0
cellsize            500
NODATA_value       -9999
[rows 24 to 47 of 72, columns 0 to 54 of 80]
-9999.0 -9999.0 -9999.0 -9999.0 -9999.0 -9999.0 -9999.0 -9999.0 -9999.0 -9999.0 -9999.0 -9999.0 10.5506244793 27.0306495933 34.6553883289 57.6542706953 6.15954254603 12.5551073697 18.4401806748 74.4492151658 78.0122913751 79.9349080574 83.5923341535 89.0268803924 155.147750066 169.977631939 176.20069524 1.33854938125 14.3775559852 15.5587685138 298.931598538 302.337726452 304.035100291 305.847678231 307.067411506 1259.74283501 6.84254020337 2888.05781907 1.47607142254 0.454600130172 18.1358769948 16.9731972049 1.58761705371 10.0245401324 14.5675727217 14.4382186018 9.93819818045 16.3267960138 25.8772433574 9.63906502958 25.4906874607 1.44264589024 2.19064228838 0.158455999861 0.127593572749
-9999.0 -9999.0 -9999.0 -9999.0 -9999.0 -9999.0 -9999.0 -9999.0 -9999.0 -9999.0 -9999.0 -9999.0 9.08434825631 17.988254037 7.92982764801 15.7345682473 6.32370646993 51.2071756006 62.7670033107 68.9637161617 5.41789060862 9.72507770249 122.150406819 146.380108998 150.417627145 9.82410770466 9.90508966692 12.6550031103 0.888212245034 0.727068086388 1.29806808689 0.797360614272 261.423512767 262.581083881 263.715336822 1265.06421693 2903.21155385 2888.45740515 0.67475401354 0.385719235648 0.34620778584 2.2643853393 1.99213935353 10.7352520025 16.3773281312 33.9932438716 3.14883283434 3.14265188189 27.7544639474 29.5814873951 59.2079849416 60.2731567672 62.6454713975 62.9536450467 0.268403932951
-9999.0 -9999.0 -9999.0 -9999.0 -9999.0 -9999.0 -9999.0 -9999.0 -9999.0 -9999.0 -9999.0 -9999.0 -9999.0 8.13910287266 16.2937948712 24.6426266402 38.053691606 6.93702091508 5.97444534491 63.756691206 69.0416343742 114.262091248 119.869893322 15.6535401336 5.10541350571 4.794905487 4.67560885252 255.900035678 257.451600454 258.417083058 259.05411092 260.499318542 18.2550114644 20.5987029215 286.33392453 4457.15214766 8.53230784417 5.54467829257 1.44685482072 0.487903898242 0.289126612132 2.93646192312 3.15175047172 11.2093364007 0.228740524193 34.3711996074 4.06087196586 3.94948293046 0.222257873815 0.149207280629 0.144607078833 0.659740609054 0.146359420844 63.1049671977 821.947544428
-9999.0 -9999.0 -9999.0 -9999.0 -9999.0 -9999.0 -9999.0 -9999.0 -9999.0 -9999.0 -9999.0 -9999.0 -9999.0 -9999.0 7.42258202371 19.8267603071 32.6247877611 45.7979487551 51.8421638484 58.1381399382 17.8520905086 29.7888297441 5.55385536552 5.21410899335 232.519407754 242.541888795 247.123804093 252.170287659 3.30907458333 5.15174599047 14.397874831 15.4563430565 16.5632010419 2.4393332288 4.52201063953 4469.67133049 3.64523538916 3.25075834875 1.55846395792 3.30729689568 1.52005318422 1.12406187038 15.094872789 17.4378149334 0.751747665274 35.5360980232 39.7739398389 4.1177810101 841.081875613 840.689494873 840.343774948 839.076338917 837.647080972 825.005784 823.622770655
-9999.0 -9999.0 -9999.0 -9999.0 -9999.0 -9999.0 -9999.0 -9999.0 -9999.0 -9999.0 -9999.0 -9999.0 -9999.0 -9999.0 4.56713081287 9.98925735859 13.2532461004 148.247464598 154.441038146 6.32416780955 5.99271343364 5.9471087179 211.380840502 222.536344599 5.2753974818 5.47439587661 4.33448696767 18.0560292044 22.5087566973 9.7742463755 11.6763672742 105.282284065 107.390973202 114.557672818 180.434332065 4653.26987772 4.19607463358 1.39031868708 5.69340578847 4.46603794662 1.2565618745 3.69804804651 4.9863502966 18.8843875733 20.3495766054 62.366133371 40.316884164 4.38877199111 859.940366012 10.2801619892 839.964728238 839.549380033 11.0773151367 1.79316153243 0.230831202608
-9999.0 -9999.0 -9999.0 -9999.0 -9999.0 -9999.0 -9999.0 -9999.0 -9999.0 -9999.0 -9999.0 -9999.0 -9999.0 -9999.0 23.2907666625 38.3611832526 76.2704807589 138.249668393 169.035475244 188.30579401 194.365275852 200.500930844 206.341500602 5.37658847263 4.78172995035 9.37509849568 8.96987733609 4.73455508407 92.0915442975 96.426959413 100.438369727 104.038198941 51.6036202096 52.5858626666 59.0224746505 4655.90162902 7.74992000002 4.27270058812 10.6761210768 1.04560794229 4.48200044086 2.84845179236 1.21435692939 7.07115758825 1.21926312041 1.22580993237 928.481131694 865.05657676 863.829595038 3.89995735368 9.92730605009 5.38974249441 0.638129304773 6.10938819315 0.948177597516
-9999.0 -9999.0 -9999.0 -9999.0 -9999.0 -9999.0 -9999.0 -9999.0 -9999.0 -9999.0 -9999.0 -9999.0 -9999.0 -9999.0 16.2807367399 16.0348873936 31.7056162318 47.0273452868 9.31839878646 7.65194285599 13.8396819147 19.8537076295 31.0899661692 36.6105027378 41.5677953039 56.0345144691 60.517293804 65.4398274391 4.42339091334 44.5679581818 47.4809596572 49.1176283558 0.909441972663 0.376996276952 0.699465370373 4713.42082771 4715.90337475 4728.39111488 13.7866198877 2.15991074725 6.03436076791 1.21263568993 2.31220727375 8.42106523107 10.6897651481 2.30192682238 934.862097006 2.67858728249 2.40052135379 2.3243515663 2.98114961332 3.65973449785 1.69058353329 4.99652713457 2.77610492614
-9999.0 -9999.0 -9999.0 -9999.0 -9999.0 -9999.0 -9999.0 -9999.0 -9999.0 -9999.0 -9999.0 -9999.0 -9999.0 -9999.0 -9999.0 15.7476117149 30.8664307972 14.1768842042 28.627575275 174.41789768 182.391844509 188.112132219 5.51067479531 5.57880735589 10.5421895366 15.4994024916 24.2744265041 28.8079180462 31.7326107146 35.8826679462 3.13894633206 2.01867956592 50.8251936808 51.3701584855 52.4167157692 54.1921769585 53.2689864834 4789.17376008 4813.65641346 4814.60119641 4821.5010287 4826.44654627 4830.61670499 1.45831499503 11.9023511107 936.307148503 3.32736914652 1.68694092642 3.26645769937 3.11707326996 4.83054674682 2.24757409354 1.21580876789 1.4921823296 0.898906715925
-9999.0 -9999.0 -9999.0 -9999.0 -9999.0 -9999.0 -9999.0 -9999.0 -9999.0 -9999.0 -9999.0 -9999.0 -9999.0 -9999.0 -9999.0 -9999.0 45.8740510849 60.6134300771 104.588450809 132.148741745 12.9151379186 207.801489435 213.130155327 218.236759692 5.10528877514 9.97898137701 4.42491711964 33.0877723236 35.628181446 39.3692400842 42.6645359519 49.4420548517 50.2631213342 0.509747568129 44.7801174678 48.7869125534 51.456567676 58.375570527 8.66641061545 5.18659441418 2.59626609772 2.44101006354 4834.57188597 4836.88770151 4859.18201878 938.188515059 10.5318747165 5.51837906413 4.28831688991 0.888694705908 9.38811294285 3.523002213 1.13710017346 5.40427535174 4.36823338628
-9999.0 -9999.0 -9999.0 -9999.0 -9999.0 -9999.0 -9999.0 -9999.0 -9999.0 -9999.0 -9999.0 -9999.0 -9999.0 -9999.0 -9999.0 -9999.0 15.8651178237 75.7482733458 90.7640533722 12.8226065165 6.02930609773 12.5072470873 18.2654397292 241.852101938 5.04427265899 20.2613376673 24.8373684283 29.2479588686 2.57153043612 6.0494907216 7.12762515882 34.7181423657 38.2426097486 40.3215469557 1.98579897724 1.51387703656 1.3047872413 2.37517888598 0.841624408863 0.910920584983 1.85035115645 1.39504520802 1.81888621181 8.46182048553 4861.41959692 5805.98950448 12.7143021476 1.64083049217 1.1651056229 23.9294957463 22.0415937019 11.2669640652 9.75174004336 6.76796736672 1.46583783232
-9999.0 -9999.0 -9999.0 -9999.0 -9999.0 -9999.0 -9999.0 -9999.0 -9999.0 -9999.0 -9999.0 -9999.0 -9999.0 -9999.0 -9999.0 14.6777742704 45.2270972153 14.7573000546 9.51682060123 6.78898870165 12.813339366 18.6807379589 26.1405575703 280.530524973 285.355949209 4.96444801893 9.51676932086 14.1221905104 17.2579324764 19.6908899968 27.5692306941 32.790281884 0.742181346319 1.19203020699 1.43507248667 2.1261807747 1.89102349366 1.85770256888 1.53851678198 1.73529337304 9.84109625586 5.09598273597 4.26161607044 4.3345015518 2.27093224738 4.19886886336 5911.88340898 92.0396059624 34.4362995774 7.3559073953 3.81146510373 2.18078867469 5.06771575109 2.6428344821 1.04305235248
-9999.0 -9999.0 -9999.0 -9999.0 -9999.0 -9999.0 -9999.0 -9999.0 -9999.0 -9999.0 -9999.0 -9999.0 -9999.0 -9999.0 15.5812212169 29.789497429 104.779669645 14.8445354383 23.0293963557 29.5544233247 35.5500885505 6.24481016519 11.5435553247 21.9137767358 319.015647853 4.71967905011 9.04775125246 13.3871466849 4.03722265442 7.68083890756 8.3270617537 11.8800289236 476.210266147 479.223012741 482.506214686 497.580937238 503.304855548 514.908642248 3.36934230237 7.04821603166 11.6437161769 555.690424627 562.230848757 4.05112542383 5.71402511273 7.41785592375 5915.92599828 89.5714711704 45.349686908 40.8655895763 35.9431313732 31.8656446499 6.65553735873 2.06187457333 2.73451178636
-9999.0 -9999.0 -9999.0 -9999.0 -9999.0 -9999.0 -9999.0 -9999.0 -9999.0 -9999.0 -9999.0 -9999.0 -9999.0 -9999.0 15.4834541853 47.1534636985 167.37686953 249.005957796 14.0855362731 326.446198382 375.546153482 5.72344968703 10.9182782491 19.5962690785 379.256614381 388.562614092 4.21642959882 21.8399307544 25.7440349946 28.0214865156 457.769754709 460.403317953 463.626982825 1.87143174455 10.6917616918 12.6592213387 5.81284591381 8.27575043958 527.034944431 538.029777524 540.167694463 542.25888107 565.572066653 1.65250897826 1.5288755744 10.6883140551 5919.89475359 4.80024755586 0.324837887993 0.972211055932 0.3984754618 26.0973571128 25.5850379067 15.5106364489 9.73194280125
-9999.0 -9999.0 -9999.0 -9999.0 -9999.0 -9999.0 -9999.0 -9999.0 -9999.0 -9999.0 -9999.0 -9999.0 -9999.0 -9999.0 -9999.0 -9999.0 32.9219234687 66.5261641792 295.994227959 312.132989711 390.227853894 404.242925758 5.57611658711 11.1420382337 28.4445104503 401.093149101 411.21996907 415.170352119 3.30620603672 426.311809638 428.895041357 1.82166391343 1.8920235067 3.66769739893 7.16147628483 1.72226744916 3.49562153466 8.0450868955 10.0724011417 1.86916714844 1.47664284829 3.0211540768 575.214498971 578.077024675 579.512001705 593.592928948 5923.3224475 4.43821650272 0.188003022962 0.245572525216 0.236470000924 0.246582298673 0.196403363578 0.353358510009 2.60924823385
-9999.0 -9999.0 -9999.0 -9999.0 -9999.0 -9999.0 -9999.0 -9999.0 -9999.0 -9999.0 -9999.0 -9999.0 -9999.0 -9999.0 -9999.0 -9999.0 17.2022008095 16.9620882172 16.5391331339 32.0035649917 14.4291353314 432.978007771 446.003410134 6.36796853332 11.3540490746 5.14077216239 4.44473346139 4.35641916312 421.001547733 0.688579846416 1.43941156908 1.18726340526 1.92402355591 1.77651420921 1.47725790159 1.51351277758 4.51710328656 6.11446097354 1.29854298668 1.23340436197 2.55673320121 4.07118020264 4.95233549872 1.16282923824 581.012836512 595.135908529 5926.37061832 9.54462852105 0.383740636391 0.103805117569 0.308881352698 0.0757182580145 0.0479184120453 0.410010947655 10.8670658233
-9999.0 -9999.0 -9999.0 -9999.0 -9999.0 -9999.0 -9999.0 -9999.0 -9999.0 -9999.0 -9999.0 -9999.0 -9999.0 -9999.0 -9999.0 -9999.0 -9999.0 -9999.0 16.7753637783 47.6366966751 61.7749719712 75.9545691897 459.713916562 472.891784761 485.563382648 496.231945388 500.504116429 509.243279464 509.929677713 510.525891505 511.215194053 1.81358345689 1.69393385955 1.75129706475 6.30110134798 1.61644870156 1.53073186699 1.32357982832 3.86298512385 1.46192221476 1.22667635688 1.16970693066 1.04325827142 2.08373363167 3.00425682676 601.262814049 6539.76942091 4.69822184993 8.26362019436 0.0675762788289 0.39506453754 0.177030126555 0.0965516651641 19.6461475499 17.6765235825
-9999.0 -9999.0 -9999.0 -9999.0 -9999.0 -9999.0 -9999.0 -9999.0 -9999.0 -9999.0 -9999.0 -9999.0 -9999.0 -9999.0 -9999.0 -9999.0 -9999.0 -9999.0 -9999.0 14.7870947075 112.017200401 218.712942729 233.075886466 11.9263216753 18.2646073605 23.2349455467 27.4678651518 54.9251304404 56.5495800874 1.68025781194 1.54681054202 514.93267422 518.254284836 519.809250937 7.62815432471 1.30775254485 2.86151978968 4.20951316929 12.3610060646 15.109853689 17.4471760024 2.20994514232 3.10930161427 1.02243081002 2.01306163359 1.01495384146 6541.77633035 4.0236757222 16.1117236687 3.39580742798 4.51655662977 19.3597081202 21.2313131215 42.8075321256 12.0448953858
-9999.0 -9999.0 -9999.0 -9999.0 -9999.0 -9999.0 -9999.0 -9999.0 -9999.0 -9999.0 -9999.0 -9999.0 -9999.0 -9999.0 -9999.0 -9999.0 -9999.0 -9999.0 15.8239743673 49.5803016848 97.5501188553 128.108702026 325.194317463 338.520879989 10.3468964409 15.2604493325 19.4594487788 23.5630134774 57.3432751561 60.2576909355 94.6587226322 97.2386292311 98.820749773 521.437175311 533.445456326 2.90234939215 1.65773286946 1.6132982074 3.09814976454 1.43954564653 20.2061606295 21.3156459568 4.09288292517 4.9853764773 0.942067054936 2059.8577156 2061.89086578 8605.45821405 8626.42301341 4.22884847865 13.4788245032 4.8260588773 3.4812128055 47.1736061951 60.6276442654
-9999.0 -9999.0 -9999.0 -9999.0 -9999.0 -9999.0 -9999.0 -9999.0 -9999.0 -9999.0 -9999.0 -9999.0 -9999.0 -9999.0 -9999.0 -9999.0 -9999.0 -9999.0 -9999.0 17.3981974476 16.8998147598 32.5173536455 77.8375451668 352.558986791 5.30953541467 5.23333948602 9.39630732408 13.6668020055 29.5936527935 30.6922109828 0.894013687493 1.75028354177 100.748742171 102.437876166 637.30539968 638.643834151 1.19318823124 1.11859824451 0.968551419748 0.975027664115 0.933522675961 2041.71701189 2047.68382001 2053.52451405 2055.2309571 2058.97308344 1.07355579517 4.05014698979 5.27191934471 8635.67920289 8638.2745092 8640.93836097 8641.82537277 8642.3999979 61.6244437524
-9999.0 -9999.0 -9999.0 -9999.0 -9999.0 -9999.0 -9999.0 -9999.0 -9999.0 -9999.0 -9999.0 -9999.0 -9999.0 -9999.0 -9999.0 -9999.0 -9999.0 -9999.0 -9999.0 -9999.0 15.9589136406 16.4587503304 30.9154498984 412.91301756 425.972034052 5.12835818576 9.31132524732 13.6663669123 15.106334868 1.10786301717 2.76804998582 753.788984494 755.552299613 757.028760807 768.475316942 1408.45903282 2001.38088484 2003.91760151 2006.22880663 2008.47588923 2016.80132432 2019.34183011 4.94462096668 2.3190001902 1.30823401119 2.50670694688 2.00574868778 3.13240960968 1.01374386659 21.5449761323 28.083537504 34.6511049954 35.452059037 8643.30149298 8705.90334724
-9999.0 -9999.0 -9999.0 -9999.0 -9999.0 -9999.0 -9999.0 -9999.0 -9999.0 -9999.0 -9999.0 -9999.0 -9999.0 -9999.0 -9999.0 -9999.0 -9999.0 -9999.0 -9999.0 -9999.0 -9999.0 16.1340765106 31.0357466599 45.9715871431 438.453230639 9.2794274762 575.717120195 580.222337594 581.322824993 583.030537005 746.567132253 748.905429912 1.82648539415 8.64220479439 10.3380699909 1.73022039064 590.35482361 587.21736597 1.09304378223 2.47582846447 6.35249698898 1.33113881037 1.39817491462 1.16993601927 1.03733049036 0.860195594125 0.960556539825 18.2495112011 19.2278280229 20.3514736127 4.68839659504 4.26084201278 38.5561310985 40.0593752925 40.6432242756
-9999.0 -9999.0 -9999.0 -9999.0 -9999.0 -9999.0 -9999.0 -9999.0 -9999.0 -9999.0 -9999.0 -9999.0 -9999.0 -9999.0 -9999.0 -9999.0 -9999.0 -9999.0 -9999.0 -9999.0 -9999.0 15.0715116988 14.2100023453 72.8651504742 538.961200067 561.644321583 571.592368719 4.55447787255 160.478193283 161.476306383 162.208834169 1.93988938105 3.92577486268 5.72202705017 142.397796766 143.825729082 145.073319308 584.8949736 374.39785885 1.36328536314 1.32806497207 1.26434970442 1.07611055507 10.7420548115 13.0017868981 15.0450529193 16.1524174358 17.2304656765 103.885679809 104.728256685 105.481119636 107.226716072 117.290405441 117.9826831 159.414031423
-9999.0 -9999.0 -9999.0 -9999.0 -9999.0 -9999.0 -9999.0 -9999.0 -9999.0 -9999.0 -9999.0 -9999.0 -9999.0 -9999.0 -9999.0 -9999.0 -9999.0 -9999.0 -9999.0 -9999.0 -9999.0 -9999.0 29.4131660183 44.4971602689 14.2580115642 5.21656911962 147.168069647 151.857570763 154.444126155 31.3427716211 31.9806376513 32.7690114501 34.3981421213 139.260140282 141.009945778 61.3870429584 207.900660199 209.272794345 373.292438793 2.66561539503 1.32507651803 1.04974013814 7.35445587925 8.59339096456 0.874388857763 0.828947276216 99.9263715996 101.981583009 103.080403124 0.900293399117 1.2638931542 115.396969821 1.21370599573 4.86183671677 5.43963564267
-9999.0 -9999.0 -9999.0 -9999.0 -9999.0 -9999.0 -9999.0 -9999.0 -9999.0 -9999.0 -9999.0 -9999.0 -9999.0 -9999.0 -9999.0 -9999.0 -9999.0 -9999.0 -9999.0 -9999.0 -9999.0 -9999.0 14.6397043328 29.0004158662 115.950210812 129.439714901 137.459946206 27.1127168578 30.6472717437 0.814821421648 101.811553632 102.444793382 103.07148424 1.14132513759 58.0565345629 59.8496281689 1.42407513224 366.493243306 2.86199511772 1.42949421423 3.9082769633 5.23674037652 1.08480849828 0.935724467937 90.1870358298 97.9796961064 99.1886576879 1.13207795236 2.61630943694 3.35656179371 4.02988251182 7.64005111049 1.79463099672 3.94141884424 0.856399414017
