data/baseflow/mHMbf_acc355.asc
ncols                  80
nrows                 72
xllcorner      4374000.0
yllcorner      5656000.0
cellsize            500
NODATA_value       -9999
[rows 0 to 24 of 72, columns 0 to 54 of 80]
-9999.0 -9999.0 -9999.0 -9999.0 -9999.0 -9999.0 -9999.0 -9999.0 -9999.0 -9999.0 -9999.0 -9999.0 23.4126672206 18.9254914125 -9999.0 -9999.0 -9999.0 -9999.0 -9999.0 -9999.0 -9999.0 -9999.0 -9999.0 -9999.0 -9999.0 -9999.0 -9999.0 -9999.0 -9999.0 -9999.0 -9999.0 -9999.0 -9999.0 -9999.0 -9999.0 -9999.0 -9999.0 -9999.0 -9999.0 -9999.0 -9999.0 -9999.0 -9999.0 -9999.0 -9999.0 -9999.0 -9999.0 -9999.0 -9999.0 -9999.0 -9999.0 -9999.0 -9999.0 -9999.0 -9999.0
-9999.0 -9999.0 -9999.0 -9999.0 -9999.0 -9999.0 -9999.0 -9999.0 -9999.0 -9999.0 -9999.0 -9999.0 48.351811257 103.380221851 15.7801467999 -9999.0 13.4206979995 -9999.0 -9999.0 -9999.0 -9999.0 -9999.0 -9999.0 -9999.0 -9999.0 -9999.0 -9999.0 -9999.0 -9999.0 -9999.0 -9999.0 -9999.0 -9999.0 -9999.0 -9999.0 -9999.0 -9999.0 -9999.0 -9999.0 -9999.0 -9999.0 -9999.0 -9999.0 -9999.0 -9999.0 -9999.0 -9999.0 -9999.0 -9999.0 -9999.0 -9999.0 -9999.0 -9999.0 -9999.0 -9999.0
-9999.0 -9999.0 -9999.0 -9999.0 -9999.0 -9999.0 -9999.0 -9999.0 -9999.0 -9999.0 23.1168718231 22.6447024204 23.516224675 23.2590288391 146.585993034 162.814615649 37.4856481589 12.0347905214 -9999.0 -9999.0 -9999.0 -9999.0 -9999.0 -9999.0 -9999.0 -9999.0 -9999.0 -9999.0 -9999.0 -9999.0 -9999.0 -9999.0 -9999.0 -9999.0 -9999.0 -9999.0 -9999.0 -9999.0 -9999.0 -9999.0 -9999.0 -9999.0 -9999.0 -9999.0 -9999.0 -9999.0 -9999.0 -9999.0 -9999.0 -9999.0 -9999.0 -9999.0 -9999.0 -9999.0 -9999.0
-9999.0 -9999.0 -9999.0 -9999.0 -9999.0 -9999.0 -9999.0 -9999.0 -9999.0 22.8653588921 45.6096310502 90.8354645807 45.3436697743 22.05755397 42.5971079008 182.819611357 247.922833747 13.3995983892 -9999.0 21.4328725463 -9999.0 -9999.0 -9999.0 -9999.0 25.6897481542 13.1422601429 -9999.0 -9999.0 -9999.0 -9999.0 -9999.0 -9999.0 -9999.0 -9999.0 -9999.0 -9999.0 -9999.0 -9999.0 -9999.0 -9999.0 -9999.0 -9999.0 -9999.0 -9999.0 -9999.0 -9999.0 -9999.0 -9999.0 -9999.0 -9999.0 -9999.0 -9999.0 -9999.0 -9999.0 -9999.0
-9999.0 -9999.0 -9999.0 -9999.0 -9999.0 -9999.0 -9999.0 -9999.0 25.7597745254 72.7857617842 94.4237089236 116.050327194 156.70288464 19.5818298859 80.4979759393 98.7749882224 377.514318568 16.3629229468 16.5748047241 39.151473251 56.1666382584 18.0275329964 -9999.0 66.4486105063 54.6246666981 14.9294817356 -9999.0 -9999.0 -9999.0 -9999.0 -9999.0 -9999.0 -9999.0 -9999.0 -9999.0 -9999.0 -9999.0 -9999.0 -9999.0 -9999.0 -9999.0 -9999.0 -9999.0 -9999.0 -9999.0 -9999.0 -9999.0 -9999.0 -9999.0 -9999.0 -9999.0 -9999.0 -9999.0 -9999.0 -9999.0
-9999.0 -9999.0 -9999.0 -9999.0 -9999.0 -9999.0 25.5735346414 23.6209030491 22.6245888983 23.063819806 23.0640912996 162.471528557 340.742149947 361.840523772 379.060683498 17.0100281851 411.496526357 428.525259439 34.1676842777 17.6100987632 72.7775163159 125.169088798 17.1189599398 118.878328612 19.0891703682 18.3748504599 19.8412179836 -9999.0 -9999.0 -9999.0 -9999.0 -9999.0 -9999.0 -9999.0 -9999.0 -9999.0 -9999.0 -9999.0 -9999.0 -9999.0 -9999.0 -9999.0 -9999.0 -9999.0 -9999.0 -9999.0 -9999.0 -9999.0 -9999.0 -9999.0 -9999.0 -9999.0 -9999.0 -9999.0 -9999.0
-9999.0 -9999.0 -9999.0 -9999.0 -9999.0 -9999.0 50.8153206776 74.9165247117 168.8833943 235.612812711 19.8331539175 20.3921799328 19.0515520344 56.2439985542 451.894110517 14.8132231236 443.73276862 506.124753483 49.317936421 32.1140171457 140.109436412 16.7457263791 135.144703831 33.2549435032 16.8385203469 34.4844052108 38.8864069906 19.2168062275 19.5003904697 18.7368668396 20.4765880251 40.8790848749 -9999.0 -9999.0 -9999.0 -9999.0 -9999.0 -9999.0 -9999.0 -9999.0 -9999.0 -9999.0 -9999.0 -9999.0 -9999.0 -9999.0 -9999.0 -9999.0 -9999.0 -9999.0 -9999.0 -9999.0 -9999.0 -9999.0 -9999.0
-9999.0 -9999.0 -9999.0 -9999.0 -9999.0 27.2774076559 52.8270456445 25.2653025832 48.9992383114 259.845115031 302.634055275 344.82623976 1094.85088538 18.8291184889 469.860934975 1710.50195953 1722.38510764 2249.54766999 13.1582068437 46.685908993 155.129460192 14.7714998763 324.285468414 173.468453634 108.149455415 91.0343236062 18.9962997485 56.7652619491 56.3433441918 37.4147106125 17.9166007328 59.4942757266 17.5182823465 17.0409262242 -9999.0 -9999.0 -9999.0 -9999.0 -9999.0 -9999.0 -9999.0 -9999.0 -9999.0 -9999.0 -9999.0 -9999.0 -9999.0 -9999.0 -9999.0 -9999.0 -9999.0 -9999.0 -9999.0 -9999.0 -9999.0
-9999.0 -9999.0 -9999.0 -9999.0 -9999.0 27.4248841879 79.7151961752 158.273834465 182.100333578 359.110419881 381.276038974 450.785148553 731.473277541 1152.18912664 1190.90893498 1209.3408637 30.9041615631 2305.29550038 2332.34242764 2409.43160293 2949.44482021 370.364501022 340.726265404 124.189269011 15.6639908187 106.556166222 73.0577578693 15.2629718163 72.4914087503 15.6408559064 32.9745225417 92.7034635768 109.386694502 33.2673226807 16.4300829152 15.6576495226 -9999.0 -9999.0 -9999.0 -9999.0 12.2019536321 10.8312637165 -9999.0 -9999.0 -9999.0 -9999.0 -9999.0 -9999.0 -9999.0 -9999.0 -9999.0 -9999.0 -9999.0 -9999.0 -9999.0
-9999.0 -9999.0 -9999.0 -9999.0 -9999.0 26.6899622337 25.238912581 104.70213293 128.930983755 153.851939865 23.6079442158 46.7387336343 265.946039911 46.6899490786 21.3846777324 19.3195990701 16.6780714772 19.0647174718 17.1421853729 17.8597422893 2965.43095175 3009.74110061 14.4489453021 45.1373585599 31.092302385 121.55392698 31.0801724966 14.7525413839 89.1304867558 30.4569322482 73.6772872632 188.880629294 175.300979213 49.4533132518 47.9286336718 16.4980174128 16.2795999242 -9999.0 -9999.0 16.3770266843 26.8210552649 60.3846424122 11.462914752 -9999.0 -9999.0 -9999.0 -9999.0 -9999.0 -9999.0 -9999.0 -9999.0 -9999.0 -9999.0 -9999.0 -9999.0
-9999.0 -9999.0 -9999.0 -9999.0 -9999.0 -9999.0 27.0298271238 27.2857936912 51.9612190919 76.9219539604 173.631230186 221.237788059 244.991515915 24.6899443932 18.7162101596 256.869336535 313.089089715 330.163500353 401.107870296 416.63135738 15.3776272548 3025.47216769 3099.75439566 59.1141160509 10.9980883857 134.458108104 296.146796338 117.739236658 27.4510245224 13.7270521355 290.199127295 203.41925702 14.1196378785 13.929971784 62.5565284795 47.8211099993 15.3035411804 14.484455977 15.7163959613 31.6363221662 14.9438273963 73.2769745099 87.9752237577 13.4909544264 -9999.0 -9999.0 -9999.0 -9999.0 16.3557831547 15.2177470817 4.21810707004 -9999.0 -9999.0 -9999.0 -9999.0
-9999.0 -9999.0 -9999.0 -9999.0 -9999.0 -9999.0 -9999.0 26.7082821474 23.6375664557 49.1811108074 73.9056282146 23.9421370441 21.5764846628 136.347867092 177.84951074 220.374437842 19.5244347909 37.1584693585 18.3250011717 433.137783107 950.421025317 962.475133231 4090.41203101 14.4737059099 31.424296865 9.56860764774 309.367902153 13.6741999215 41.4901301862 13.4901459187 303.910737573 317.669426019 28.4087185067 27.6892151465 156.226895454 78.3790718963 30.0986395826 15.5196740061 31.2341758829 46.8979838459 76.0903329791 14.0085828096 113.823905234 125.375569144 10.2860515214 11.2276009948 12.0095785492 10.6249633033 10.1415863247 43.6422267535 16.369898284 10.344163709 -9999.0 -9999.0 -9999.0
-9999.0 -9999.0 -9999.0 -9999.0 -9999.0 -9999.0 -9999.0 -9999.0 48.9866175336 71.0721939428 23.7413926398 48.3502425522 71.039481915 116.33670043 22.5404142075 21.3920902189 17.7483013585 17.9307070587 15.6832538794 483.921702796 18.6635426218 36.1111629066 4139.22239099 4169.00407628 12.1439478245 55.9569752507 377.210743021 26.3029337227 53.0527135749 24.0796525103 35.349170489 369.666685009 40.432874112 221.422186707 182.200935477 13.1878086189 73.7098679965 29.7976240064 44.9505324425 13.4967456612 89.5768144745 115.558609258 125.296510893 134.391310583 163.703373402 19.4216331249 21.1063724017 18.8638294453 17.8233829821 53.1754654193 10.4032008541 37.4813825584 46.7960114477 -9999.0 -9999.0
-9999.0 -9999.0 -9999.0 -9999.0 -9999.0 -9999.0 -9999.0 -9999.0 25.5639317501 121.527276236 144.59529829 23.0483534417 44.6625015174 21.5496193716 19.4204726183 19.0709067049 245.386019691 326.415703073 398.145137872 470.713724176 17.5575806439 17.9484614213 17.0088192805 4243.91032807 4275.39457868 4287.07049737 495.558506578 105.005857716 91.5500923163 10.9496771017 45.8413424537 426.664593144 11.0284269208 232.770683051 12.8954450199 94.5133239823 88.3503168429 13.9386896404 58.6572416926 27.0312731006 40.2523956874 11.6133499853 8.91966068298 143.337794825 151.446033564 171.784151566 30.1173542894 27.3264078819 26.1397384334 64.2083263454 85.413685271 10.5859540903 56.7265772794 10.6996186141 20.058231976
-9999.0 -9999.0 -9999.0 -9999.0 -9999.0 -9999.0 -9999.0 -9999.0 -9999.0 26.0008574104 168.896815612 191.347409221 66.378272625 109.874937841 149.636312396 170.134109916 21.0271953177 62.8622508232 41.3703020484 21.4997233478 20.4162203227 18.0219370282 35.5346704646 59.786718869 18.558953095 4814.5313909 4827.23144144 11.0471985715 9.05589662844 21.8122901319 32.403060076 458.829935275 21.5332495121 242.35617989 141.34220595 117.794337399 12.7988755419 26.2164735718 70.448828893 11.8007223943 51.6226352596 23.012688004 15.2721215423 7.20723491696 173.537306127 351.706874209 35.8958950339 33.2744759929 34.1433010015 8.23283407254 93.8128726894 8.09606077597 75.6547549163 9.0957740342 29.5513598215
-9999.0 -9999.0 -9999.0 -9999.0 -9999.0 -9999.0 -9999.0 -9999.0 -9999.0 -9999.0 22.9799357601 237.529546767 21.5037781865 43.1951655666 62.6962085999 100.984966601 19.5666496102 41.3548499946 19.9897811423 18.5871806168 17.3510080096 34.4722475801 14.9658725055 16.2801568239 30.7988870018 17.0311746664 4841.08017515 4864.17740369 4897.77261966 42.5870126151 10.7272126427 21.3870108686 470.304368732 438.258989598 165.447842234 11.7944142984 51.0469697542 38.4957212672 82.2845798926 23.5219043946 97.994806432 34.5506057773 24.5053964722 5.36510162771 7.69455378475 360.978575679 368.787406084 444.43626797 60.2885453178 17.1521134595 103.120276415 120.293455297 203.992835404 18.0572781494 8.40304827046
-9999.0 -9999.0 -9999.0 -9999.0 -9999.0 -9999.0 -9999.0 -9999.0 -9999.0 -9999.0 -9999.0 11.7484661583 262.17595108 20.5809010862 39.742166769 179.309533189 20.0482137909 19.7744761575 16.8931468488 36.0591553063 17.4276747948 69.2815299929 99.5329157051 113.365246213 43.1572634116 53.7777897126 12.1331431788 15.2827083338 13.7953911985 4963.45274061 4993.71410168 479.932830317 457.879670489 448.20340885 20.339419562 9.73084831769 61.8008820994 165.864626346 93.3306400162 34.3475910336 143.18548459 52.3444148419 42.2204841425 10.2854688007 4.06020693107 3.98177564757 4.86267795398 470.171473699 555.302489024 8.2568392683 7.57329887519 8.3949435516 212.227796265 237.975998898 15.03084139
-9999.0 -9999.0 -9999.0 -9999.0 -9999.0 -9999.0 -9999.0 -9999.0 -9999.0 -9999.0 -9999.0 10.5995049488 287.799890175 353.118539956 19.331507316 217.852566969 18.3855439463 17.2181482853 33.6341655449 86.8860394824 16.5633152517 17.6567880419 14.6078785244 142.636817475 155.972825613 224.214346918 248.596660964 261.214371686 272.241532079 285.016408486 5290.80291612 5791.34312714 6268.19739867 6275.99292404 8.6778284509 9.64688250616 187.535540974 176.790691546 10.7877604835 10.6965335413 153.776140527 217.375516104 8.95870828878 109.075491184 101.464910207 23.3074662626 11.0478095892 18.7878332492 9.37909943024 570.558685233 7.95286676163 23.4031034208 29.3495628875 288.996484391 308.760980113
-9999.0 -9999.0 -9999.0 -9999.0 -9999.0 -9999.0 -9999.0 -9999.0 -9999.0 -9999.0 -9999.0 24.0424090491 45.8052795508 374.269759499 410.612977584 18.5797518546 251.553998792 15.2742540185 46.9359245846 102.164177572 31.7926638483 15.1299793174 31.4521811103 12.9305176811 24.2579022721 11.4862012358 10.3259991241 8.48266383705 7.83177985442 7.38252662967 7.18678045086 9.920052387 12.147676772 12.92804914 6306.21124626 216.762108523 201.06708706 6.34303281525 30.503640874 7.46839011705 6.68689994399 227.315722391 367.85870764 120.832454586 92.2934886935 14.3307350839 5.78087341961 5.03360380038 12.2236960767 590.628798028 605.810785909 7.98471328379 8.47649747047 8.0004942917 5.72775909826
-9999.0 -9999.0 -9999.0 -9999.0 -9999.0 -9999.0 -9999.0 -9999.0 -9999.0 -9999.0 -9999.0 -9999.0 19.7770696458 279.752644937 709.608955649 769.031105878 1037.48393642 1052.48303448 225.723256313 165.017737265 47.2639733757 14.8371317379 60.4643124945 74.3604763619 110.49184159 23.792593213 21.2942799931 19.7804057095 38.3559489558 17.8330034115 17.1701095535 8.64995993797 5.46860740258 6.16776216079 6315.8087673 6538.66087957 6546.53563557 6.30423977722 78.6612147756 34.8740720827 10.7119726195 403.619549082 25.9092903002 13.5106164004 58.0350538385 11.9359139367 8.81749378907 16.0519861656 22.2385585008 29.2838679666 618.28541977 5.82304135709 5.17466965821 5.16714532458 4.22910470664
-9999.0 -9999.0 -9999.0 -9999.0 -9999.0 -9999.0 -9999.0 -9999.0 -9999.0 -9999.0 -9999.0 22.4268615312 213.693516472 259.156282138 41.1719125459 11.8777295289 26.1847498144 1095.51608937 1109.7502423 1349.30974181 13.3004363468 27.9598533182 11.8885649014 12.1215050091 122.208423106 157.670820697 189.275169254 10.0004106878 48.251552223 75.71852789 44.1799774085 17.9782769792 13.0526049325 11.5037495784 11.3327564975 6.02148605882 6553.06043345 6557.94568922 6647.28367634 17.536921594 9.44107095047 411.80117032 27.4678917956 14.3459682803 16.1118222209 15.998716522 13.8562564175 23.8580762738 66.9349296294 104.32499686 728.772867542 4.31678264252 13.3031364709 9.12846580626 7.94828832125
-9999.0 -9999.0 -9999.0 -9999.0 -9999.0 -9999.0 -9999.0 -9999.0 -9999.0 -9999.0 -9999.0 23.0030628339 149.768785045 23.3414555186 19.8646873826 105.854823934 123.133617777 140.515304143 155.706271624 1840.42914592 1852.84630548 1878.40148399 2085.15086969 2122.46300594 2142.97929143 2155.28848741 2368.40407437 2394.64085332 2405.19801909 2492.81514215 2548.48550595 2557.94708582 2588.5920483 20.1556587716 17.5824945481 3.84473628529 3.91850452102 6564.07145832 6676.83279351 24.6923787721 479.671922213 471.243560063 51.4363307136 12.1086591282 12.5792231854 12.0217206714 12.2495765156 24.7242097343 35.0560209333 9.69182850666 734.616610241 740.903090006 768.789732556 773.963516744 786.879748509
-9999.0 -9999.0 -9999.0 -9999.0 -9999.0 -9999.0 -9999.0 -9999.0 -9999.0 -9999.0 -9999.0 77.8436614049 102.695985406 47.4784599232 69.6715634193 21.8956019917 249.767200712 268.658668422 305.370628499 320.038701225 119.848814679 2020.36153033 2032.84018322 12.4401097328 8.31985522761 7.30467676469 16.324594119 7.93525757224 5.54738265519 4.91815155143 5.69308055425 2566.93059371 2598.15324036 2628.21604278 2653.97528682 2668.60624533 6.32174360799 2.0146631814 7175.45933701 493.87887131 488.995904316 10.1285879743 9.78357889074 8.8714455291 21.8392015143 21.317676319 9.77815085776 9.86464774855 8.92110973524 18.2665116285 23.8632900724 4.20744313106 7.74247694169 3.11333657592 2.00317495232
-9999.0 -9999.0 -9999.0 -9999.0 -9999.0 -9999.0 -9999.0 -9999.0 -9999.0 -9999.0 -9999.0 -9999.0 52.7157394573 24.4119191933 21.8288451192 211.933515458 231.851607853 19.712403821 76.5939600751 93.4928617193 108.158611989 16.2027811684 11.7191200241 305.452794343 314.732699677 323.53302831 821.182529602 827.652199442 838.184681757 898.766729658 929.025273695 933.317319086 4.15509458349 4.53254415236 4.85734998372 2676.1616216 3.23627772239 7253.18990242 7248.39956686 68.304089146 61.7489239132 38.4106120201 9.68184073076 17.5817416312 31.1818746658 30.7538353819 19.012331197 9.33826297252 18.0918083497 17.4960850183 31.3271776807 4.55724821793 12.1485670384 20.322271825 24.5031342597
-9999.0 -9999.0 -9999.0 -9999.0 -9999.0 -9999.0 -9999.0 -9999.0 -9999.0 -9999.0 -9999.0 -9999.0 27.3501218715 76.2499114681 99.1527118821 168.842472466 20.3046609575 41.0049760059 59.7649774625 230.150830536 244.775937948 255.350821399 268.730716566 283.470067862 427.723243455 469.517482634 490.791408647 8.26955914389 48.7487337113 56.2109022867 914.839160385 939.577890014 951.073679092 962.771849885 972.347203715 3652.7168257 3.48790352425 7270.58025703 9.49106932807 4.19956136446 52.4542437373 45.6992349148 6.19821173969 24.982557044 38.7658677332 38.1811310072 26.0023811908 42.377746649 66.851128908 24.428087239 62.2921662686 4.81111234562 7.2271311352 1.41617608279 1.16259860882
