data/baseflow/mHMbf_acc337.asc
ncols                  80
nrows                 72
xllcorner      4374000.0
yllcorner      5656000.0
cellsize            500
NODATA_value       -9999
[rows 25 to 49 of 72, columns 0 to 54 of 80]
-9999.0 -9999.0 -9999.0 -9999.0 -9999.0 -9999.0 -9999.0 -9999.0 -9999.0 -9999.0 -9999.0 -9999.0 21.7143234157 42.9985731285 20.1088756137 39.6118212318 16.9263645112 134.474272145 166.613446786 182.680295593 14.8853392365 29.8621173787 289.95876683 361.192965427 373.119555214 22.3021109783 18.4668233584 27.3229643259 7.84292478612 7.15574024548 13.2522203217 5.02996448332 434.378284656 440.136012095 442.67897721 3391.6932879 6085.93570485 6055.46628016 6.97173266331 3.80390732721 3.44939176854 14.7184574081 11.6346109696 26.4424644418 36.555498552 72.4684674034 6.44853345151 6.41496716155 59.3702773784 65.3700791621 122.35641537 125.091504805 136.215549572 139.115442591 2.44666936692
-9999.0 -9999.0 -9999.0 -9999.0 -9999.0 -9999.0 -9999.0 -9999.0 -9999.0 -9999.0 -9999.0 -9999.0 -9999.0 20.777256562 41.6739907853 62.7210009475 98.71665967 18.587241856 16.6699054763 114.997701555 130.420308414 260.004398992 276.087277949 46.0067464502 13.2035728267 10.9497442971 9.2626329543 396.199535132 403.320881527 411.2015127 417.856259982 428.940625861 68.3505633644 71.6174296424 516.666511022 9998.01819596 24.8894440954 18.7359077954 10.4353564533 3.02154797446 2.82326621776 21.3203703354 23.4769375819 31.7347786074 2.69040044182 76.0827145726 11.3417846893 11.2355982651 2.35747557111 1.52341613727 1.32625781652 1.08196375176 1.33433144989 141.394971306 1736.43710644
-9999.0 -9999.0 -9999.0 -9999.0 -9999.0 -9999.0 -9999.0 -9999.0 -9999.0 -9999.0 -9999.0 -9999.0 -9999.0 -9999.0 20.0255766675 36.1447307222 50.757618538 65.5257915015 81.8585756079 98.7513837201 49.5856259431 83.5654836995 15.5952270344 14.5020006901 337.641607477 364.704586276 376.729977287 388.280347641 7.86342764264 14.556126726 43.9673088783 53.5492086213 62.1877632429 4.08249293554 3.10963239485 10011.9310098 5.69753963527 5.44288703604 2.64942111604 13.5305815068 6.70299459507 2.49709392775 57.5759825735 59.5585369002 1.41462715741 77.6268697884 90.5269845703 13.4705518785 1806.96144102 1803.28862816 1800.22079142 1794.76048895 1792.76870698 1753.45644073 1751.42553469
-9999.0 -9999.0 -9999.0 -9999.0 -9999.0 -9999.0 -9999.0 -9999.0 -9999.0 -9999.0 -9999.0 -9999.0 -9999.0 -9999.0 4.47227299533 9.99968623424 14.9037651076 148.049653667 165.284271769 17.5759049231 16.7995811115 17.221120809 277.934378062 310.635099039 15.4712117252 15.1923568596 11.957798703 50.9648564567 63.2033030878 26.068907504 37.4505838925 304.665950102 313.808583005 324.305802994 510.185463493 10526.1966716 5.27348014997 2.22107097234 21.2166086936 17.6037832581 2.37403371524 7.22996830952 9.20835257105 61.6628027579 63.3203056012 158.650933025 92.4996913805 17.1966123025 1844.67507999 11.9401786213 1797.54140264 1796.22417155 37.1046412313 2.91127038623 12.4407381917
-9999.0 -9999.0 -9999.0 -9999.0 -9999.0 -9999.0 -9999.0 -9999.0 -9999.0 -9999.0 -9999.0 -9999.0 -9999.0 -9999.0 22.2896665522 36.7545512779 74.8217816396 131.858629976 179.736453625 213.310119797 229.625096858 246.68590096 262.9402222 16.0094695224 14.1100186019 27.8360104426 25.086628646 13.5744505629 262.322667567 274.244892344 284.860996783 295.57181702 169.415394189 175.449425956 181.626905799 10529.6839525 9.77216259234 4.96731544451 29.7719632593 4.21297425518 4.36383045762 2.39094874786 1.8282685194 11.1213319722 1.3368879368 1.42193443662 2010.03839775 1850.42535136 1849.10211936 4.66664721675 10.4560187811 6.57518526988 1.38317554066 32.1981134735 8.87154127088
-9999.0 -9999.0 -9999.0 -9999.0 -9999.0 -9999.0 -9999.0 -9999.0 -9999.0 -9999.0 -9999.0 -9999.0 -9999.0 -9999.0 15.3974883967 14.5941774367 28.5826103048 43.1414677384 17.8110353859 20.690491094 38.8676518237 56.7303741083 90.5463881697 106.797121321 119.786771681 161.380844234 173.581577891 187.736267266 12.1701904806 127.475088432 138.200748008 149.754313698 10.6864211352 10.8880437835 17.0244702276 10743.3807958 10746.6411183 10761.7194473 42.2520650351 8.85950517409 6.98517676005 1.67459329773 3.2216901805 12.5970059964 15.1195459912 2.58133011669 2016.28683498 1.99653411582 2.47630601816 2.60471745483 2.22082065122 3.99603182769 1.71252543686 21.8795840145 17.8094319891
-9999.0 -9999.0 -9999.0 -9999.0 -9999.0 -9999.0 -9999.0 -9999.0 -9999.0 -9999.0 -9999.0 -9999.0 -9999.0 -9999.0 -9999.0 13.9671451457 27.5454069533 13.1830834424 26.9861084864 168.091114562 182.740739078 199.383179418 16.7325176674 16.575244785 29.5306198225 43.7542097127 67.6690331069 80.6312793742 91.6552657721 103.489921243 9.78940803225 9.8298459681 173.43752415 183.895259306 188.757551052 193.033578489 169.54864839 10949.0310674 11013.880651 11017.6329301 11027.9451512 11039.9771596 11044.2124814 1.19177448684 16.2489286171 2017.34196979 2.31344432282 1.18284730084 1.78069682255 1.86811794864 3.07801408874 2.488825264 1.44694357577 2.15017600738 2.06513254273
-9999.0 -9999.0 -9999.0 -9999.0 -9999.0 -9999.0 -9999.0 -9999.0 -9999.0 -9999.0 -9999.0 -9999.0 -9999.0 -9999.0 -9999.0 -9999.0 40.9517747475 54.9427165211 96.6352645598 126.83558648 15.617937719 233.743042744 249.848407927 264.56393368 13.6194854851 26.9402094614 11.3457259529 90.6456386215 101.284331412 113.734732079 124.207920141 155.036483 163.925094437 5.68409861406 153.349971287 161.915111892 165.712315744 183.89740617 19.3319365198 10.8576158665 5.96705540975 6.0213324875 11048.7506668 11050.2291734 11077.2849187 2018.31782552 7.40252941542 4.21636602862 2.8904560126 0.86672657343 8.36563118216 4.16326714705 1.3265632017 7.25254462327 6.13812183853
-9999.0 -9999.0 -9999.0 -9999.0 -9999.0 -9999.0 -9999.0 -9999.0 -9999.0 -9999.0 -9999.0 -9999.0 -9999.0 -9999.0 -9999.0 -9999.0 14.8323883153 69.0946430968 83.5750930753 16.2813493233 17.6963354355 36.6077781544 53.4184457384 332.735635342 13.5533589702 54.6422562173 66.372264601 78.2467098916 10.8643212181 22.8615970035 33.3917367913 118.735565531 134.925655772 139.214728591 4.34842403921 4.49811296212 5.59617318341 10.4497832088 4.75405208584 4.98822109192 5.04599637649 6.03556592179 4.92004079666 9.87796601951 11078.8458376 13101.4234427 9.01137605292 2.88230996492 0.881995746325 25.4257840696 23.4987972708 13.7296666359 12.2864863954 9.12665536809 2.13749226964
-9999.0 -9999.0 -9999.0 -9999.0 -9999.0 -9999.0 -9999.0 -9999.0 -9999.0 -9999.0 -9999.0 -9999.0 -9999.0 -9999.0 -9999.0 12.7698525403 41.1318932871 13.5054830862 17.63753827 19.0149685968 36.8664463383 54.8794714972 69.1808563712 414.170989259 427.164080479 13.3656425173 25.255268523 37.2666469417 49.5303751715 61.7314764257 106.229905054 113.172410093 10.6336665407 7.88513813298 6.58110265382 4.63084161412 5.50887861477 6.20377807008 5.85862425715 9.58297137381 17.6649142247 8.88813110776 2.4716970375 2.46013552457 1.6370812757 3.02974190604 13204.5529881 90.7384999629 32.2356611777 4.34759216728 2.17203698255 1.20506485128 3.7544923448 2.37377401742 1.17554091018
-9999.0 -9999.0 -9999.0 -9999.0 -9999.0 -9999.0 -9999.0 -9999.0 -9999.0 -9999.0 -9999.0 -9999.0 -9999.0 -9999.0 13.5874558934 25.9463016369 93.2491175686 13.1490001978 32.7947517014 51.2634117529 68.1617932061 17.6228928133 32.4720160296 45.5335916052 483.987124161 12.6262587455 23.7143580672 35.6765456533 11.5595523416 23.0622900513 33.5774446476 40.3135239307 868.64647299 880.972364057 891.192795116 926.178287365 943.144936449 971.432504056 7.47014651064 19.6847874385 20.8322165126 1050.04924851 1054.11470353 2.23939758736 3.39194418837 4.51019826844 13206.6121593 84.1396634785 45.9592937468 43.2523521003 31.9573539348 26.5941328313 4.91707735284 1.2800608653 2.182876395
-9999.0 -9999.0 -9999.0 -9999.0 -9999.0 -9999.0 -9999.0 -9999.0 -9999.0 -9999.0 -9999.0 -9999.0 -9999.0 -9999.0 13.5586394585 41.3895451299 148.157356963 218.830954203 12.0059694914 286.653643346 367.696113311 16.1481992728 30.8740769191 44.2752460548 610.2796755 620.647288352 8.41283488519 52.967689685 61.4902155975 71.5168652011 789.284716797 811.578620719 821.829173185 4.69581060235 26.4966448555 31.1508000652 11.6314698513 15.7728693098 995.478803057 1021.81512748 1024.78395735 1027.57088388 1057.2986613 1.56569600581 1.31391875491 6.95617758599 13208.4991541 3.04909513303 3.00265556625 9.04858539174 3.32841989567 23.4218021426 18.1786899044 11.012792452 7.42114926157
-9999.0 -9999.0 -9999.0 -9999.0 -9999.0 -9999.0 -9999.0 -9999.0 -9999.0 -9999.0 -9999.0 -9999.0 -9999.0 -9999.0 -9999.0 -9999.0 28.8200168907 57.9358434414 259.653363109 274.030249697 380.407159418 393.511365701 15.7808404199 31.5644517321 71.2904030144 631.3282 649.294428551 656.262201489 5.76231350078 683.644412952 707.429585595 14.0130723842 4.76325591376 9.26718993222 17.9976938878 4.22844453722 8.06766078048 17.8799841499 21.4608027874 3.98337248041 2.65309779565 5.08266427193 1080.18857494 1087.92350827 1089.03080084 1099.49089468 13210.0207704 2.43986441615 2.13398765978 2.58549799606 2.44474047062 2.50728311269 2.09279224389 3.91330278128 1.40069835632
-9999.0 -9999.0 -9999.0 -9999.0 -9999.0 -9999.0 -9999.0 -9999.0 -9999.0 -9999.0 -9999.0 -9999.0 -9999.0 -9999.0 -9999.0 -9999.0 15.0575748195 14.7683886618 14.5838286142 28.5442019415 12.7044659039 418.778346293 430.725361204 13.5880647513 27.5489166592 11.35024488 8.84409398427 8.504166087 672.073617007 8.31850882478 17.1212110227 6.94693143124 5.0611150534 4.5205419876 3.48868286778 3.63172125738 10.9336725122 14.960952156 2.88015454073 2.63641988627 5.58404059391 9.22654195894 14.1808356496 4.78725162265 1091.21174142 1100.69979458 13211.1585553 10.5143778062 5.52637288598 1.56237971414 3.64908088194 1.23314943827 0.881320990268 4.8778643544 6.29134291331
-9999.0 -9999.0 -9999.0 -9999.0 -9999.0 -9999.0 -9999.0 -9999.0 -9999.0 -9999.0 -9999.0 -9999.0 -9999.0 -9999.0 -9999.0 -9999.0 -9999.0 -9999.0 14.5887191651 42.0318761444 54.0495153905 66.4670726776 442.594195612 454.48523558 465.980588818 477.264372589 485.464840874 502.671873251 510.092401474 518.094330704 523.908792495 4.47767404985 4.16661894479 4.37654969008 15.3224989727 4.04932772614 3.76484125832 2.96840588908 8.5399126732 3.48293520571 2.60430056576 2.40824885912 2.13889048221 4.26773946685 5.86582989148 1112.12249136 14334.7965565 2.4328982995 4.2698691266 1.26497959043 4.93928491542 2.59782818854 1.77178868316 16.004244381 10.3048813104
-9999.0 -9999.0 -9999.0 -9999.0 -9999.0 -9999.0 -9999.0 -9999.0 -9999.0 -9999.0 -9999.0 -9999.0 -9999.0 -9999.0 -9999.0 -9999.0 -9999.0 -9999.0 -9999.0 12.4454436127 97.1485794498 190.145729676 202.973794843 15.1866527973 29.2565709043 43.7617083046 54.6340351935 132.442440113 137.538795497 4.86798958071 4.81956351973 533.144021275 541.369351283 545.253676765 18.235743018 2.64032676232 6.34223654706 9.3681801457 27.7329909664 34.2897836877 39.316630034 4.58727581741 6.30610965063 2.077997181 3.99537340861 2.00105598143 14337.8172619 1.97448746745 8.11005652455 2.9368351567 8.53402893002 19.4208403678 22.1339156309 39.1718695954 10.5147925462
-9999.0 -9999.0 -9999.0 -9999.0 -9999.0 -9999.0 -9999.0 -9999.0 -9999.0 -9999.0 -9999.0 -9999.0 -9999.0 -9999.0 -9999.0 -9999.0 -9999.0 -9999.0 13.619284133 43.2853053284 84.9597238811 111.106244373 283.285098406 297.17067661 30.7126829474 45.8030386766 59.0022806258 69.5114024668 144.133340257 154.519555065 294.882292436 309.604305685 314.562478539 549.023351675 576.635715533 6.27560785151 4.02146406246 3.81839115913 7.17029601127 3.29704377532 45.772670568 48.1887961242 8.24972287433 12.2477791872 2.78653561812 3746.18095711 3750.10097259 18089.387866 18099.8537381 2.16271687318 13.3004844821 2.81242691377 2.02158161817 42.2357453982 53.6665169013
-9999.0 -9999.0 -9999.0 -9999.0 -9999.0 -9999.0 -9999.0 -9999.0 -9999.0 -9999.0 -9999.0 -9999.0 -9999.0 -9999.0 -9999.0 -9999.0 -9999.0 -9999.0 -9999.0 15.4784786777 15.0685858016 28.6781225454 68.058033319 309.797541753 16.0183347081 15.8307528038 28.6192423786 42.3118936368 107.124884893 116.906418523 11.7794272605 9.66536757318 320.41849958 324.488857881 906.02715733 910.52274156 2.34246902378 2.08025690035 1.67564498487 1.69183734836 1.77380594094 3693.51821153 3708.87034521 3725.78489366 3733.01006619 3742.82790965 2.23774040643 8.24448633324 9.53807642867 18112.476253 18113.2933116 18115.7042416 18118.4876007 18121.0521561 55.443147679
-9999.0 -9999.0 -9999.0 -9999.0 -9999.0 -9999.0 -9999.0 -9999.0 -9999.0 -9999.0 -9999.0 -9999.0 -9999.0 -9999.0 -9999.0 -9999.0 -9999.0 -9999.0 -9999.0 -9999.0 13.9790987768 14.5437257227 26.992259261 362.756101228 375.345096728 15.5054127818 28.1642460404 42.1135363382 56.0197433363 12.938781217 22.1044630507 849.480193371 854.136333491 861.158134745 906.883867891 1823.49965408 3600.63908611 3606.23721903 3611.08720057 3615.77234517 3636.41377637 3642.97346754 12.3235374171 5.58561996548 3.14703049083 5.90848313297 4.15568895048 6.56615773434 1.87558717166 51.5839459235 56.2809231637 60.6574455902 61.1663474933 18121.5000181 18178.5164355
-9999.0 -9999.0 -9999.0 -9999.0 -9999.0 -9999.0 -9999.0 -9999.0 -9999.0 -9999.0 -9999.0 -9999.0 -9999.0 -9999.0 -9999.0 -9999.0 -9999.0 -9999.0 -9999.0 -9999.0 -9999.0 14.3166689841 27.3852613598 40.4908810589 386.23249436 11.7396257086 524.756585377 539.423730577 553.364356908 564.103805896 809.212241384 818.955091311 5.38489274759 32.8360204984 39.2743183544 4.94625307259 1771.64293626 1762.69569354 2.70459825583 6.23419329922 16.577847152 3.64484104827 3.76264181724 2.89666457591 2.33508547116 1.79141913097 2.00575178168 45.6714265644 47.6451441565 50.0597423393 3.48384035294 3.21339100934 63.0949197019 63.9589248241 64.3264778458
-9999.0 -9999.0 -9999.0 -9999.0 -9999.0 -9999.0 -9999.0 -9999.0 -9999.0 -9999.0 -9999.0 -9999.0 -9999.0 -9999.0 -9999.0 -9999.0 -9999.0 -9999.0 -9999.0 -9999.0 -9999.0 13.2032900591 12.3213595907 63.8312696789 475.275179336 499.447715855 511.568511526 12.0816094372 210.401078332 225.213524659 234.193221646 9.99684029209 15.5865632827 20.4113060672 393.079662824 397.016984929 400.339297865 1756.77730165 1087.87904544 3.3972825591 3.51392427861 3.37631853626 2.5539160888 28.6588053766 33.9838727528 38.6239571554 41.1044139938 43.4856261834 420.020675019 421.586647497 424.824691325 433.878560102 457.525102955 458.063292185 522.891173228
-9999.0 -9999.0 -9999.0 -9999.0 -9999.0 -9999.0 -9999.0 -9999.0 -9999.0 -9999.0 -9999.0 -9999.0 -9999.0 -9999.0 -9999.0 -9999.0 -9999.0 -9999.0 -9999.0 -9999.0 -9999.0 -9999.0 25.7880160195 39.2248406763 13.700434931 16.9034392322 165.721368974 178.705164441 188.105173217 75.8501738231 86.6099478329 96.9998405719 102.846215857 384.096750737 389.714873037 256.885674565 661.54954656 665.601091092 1085.01833616 7.45706202889 3.74030111003 2.64173621223 20.2712201359 23.574581579 1.93263225198 1.81152495331 412.251627406 416.57815088 418.579495218 4.10903221591 6.42511070133 454.613348624 1.63087374081 4.31282324697 4.71441899029
-9999.0 -9999.0 -9999.0 -9999.0 -9999.0 -9999.0 -9999.0 -9999.0 -9999.0 -9999.0 -9999.0 -9999.0 -9999.0 -9999.0 -9999.0 -9999.0 -9999.0 -9999.0 -9999.0 -9999.0 -9999.0 -9999.0 12.885529869 25.5160247676 106.818710772 120.685617636 134.055548282 55.3715769899 65.4892115241 10.7735508122 257.384333763 267.134472672 275.780914065 6.45817536438 246.414412706 252.240212874 4.23636264115 1065.28333486 8.55658487324 4.26846656575 11.2284170418 14.9808737746 2.71361726334 2.19596868235 389.21786315 408.396874082 410.944699356 2.69040566957 5.6771002571 7.19020065969 8.78999547284 17.5619527048 1.59786766308 3.58248996555 0.633357536018
-9999.0 -9999.0 -9999.0 -9999.0 -9999.0 -9999.0 -9999.0 -9999.0 -9999.0 -9999.0 -9999.0 -9999.0 -9999.0 -9999.0 -9999.0 -9999.0 -9999.0 -9999.0 -9999.0 -9999.0 -9999.0 -9999.0 12.8535852826 40.1208403984 68.9359743157 15.0808902225 30.8202665543 44.2940831767 213.834671666 226.161072496 237.054241117 10.025858012 198.062013574 227.881275887 235.220592334 6.07500644035 1046.93364247 1057.10747798 4.68200509527 4.28547765451 8.30575765646 3.2972040698 374.573948487 380.083630536 383.256042114 12.2762964917 15.0899207418 2.41843970825 4.17929668085 1.77719648512 12.6271687402 1.7409758422 0.975825872144 0.997369272708 0.986652987902
-9999.0 -9999.0 -9999.0 -9999.0 -9999.0 -9999.0 -9999.0 -9999.0 -9999.0 -9999.0 -9999.0 -9999.0 -9999.0 -9999.0 -9999.0 -9999.0 -9999.0 -9999.0 -9999.0 -9999.0 -9999.0 -9999.0 -9999.0 13.947738242 14.8718233699 16.1523325575 150.419172409 163.006982066 202.426570499 11.6194557194 154.289711936 179.069951896 10.4021499068 21.1235158185 7.75077756512 1028.9417341 7.284342388 17.5259298498 21.2066256683 24.6976379381 353.188925261 365.427823022 368.999805567 3.62435658315 6.61485037919 9.29882143217 1.58954687667 1.45540535032 949.62249388 950.998569326 952.058882353 963.778101817 965.055275915 966.461997074 967.230359624
