data/baseflow/mHMbf_acc425.asc
ncols                  80
nrows                 72
xllcorner      4374000.0
yllcorner      5656000.0
cellsize            500
NODATA_value       -9999
[rows 25 to 49 of 72, columns 0 to 54 of 80]
-9999.0 -9999.0 -9999.0 -9999.0 -9999.0 -9999.0 -9999.0 -9999.0 -9999.0 -9999.0 -9999.0 -9999.0 18.6325297344 37.1595045868 17.338681414 35.0567520028 15.634626964 118.299190369 147.862417737 163.163982883 13.7103543104 25.7824697672 261.74364941 321.501148182 332.154008063 23.6864448357 22.3050932716 30.8894515593 3.73242359749 3.42909651763 6.4134227293 3.90027803752 411.693243632 416.658105604 420.179874129 2974.42074834 6092.70934702 6062.91931014 3.97987186441 1.85862813994 1.64145099374 9.49855056714 7.94878453394 25.8274343009 37.8760985883 76.6423584064 7.07199463221 7.05639251241 62.1227502931 67.8292102985 131.910839336 134.716624003 141.936369332 143.418544798 1.25384045531
-9999.0 -9999.0 -9999.0 -9999.0 -9999.0 -9999.0 -9999.0 -9999.0 -9999.0 -9999.0 -9999.0 -9999.0 -9999.0 17.9678796681 35.7462038429 53.613154426 86.0262486433 16.8750259908 15.2201200695 111.833811116 125.430251296 239.99047795 253.345945786 37.6935662051 12.5772006198 11.7479232584 10.5914500047 386.305211869 392.398456695 396.706556204 399.848323769 407.235791634 55.5710696029 60.2631781373 483.98330186 9555.48510563 22.5339797974 16.0154001369 6.79900244624 2.07787575041 1.50113154535 12.6486171497 13.6942628634 28.532678451 1.39154626039 78.9219820284 11.0872510687 10.825935649 1.38009646614 0.826101290297 0.685225848623 1.06600404656 0.67861209022 144.267681931 1670.37463012
-9999.0 -9999.0 -9999.0 -9999.0 -9999.0 -9999.0 -9999.0 -9999.0 -9999.0 -9999.0 -9999.0 -9999.0 -9999.0 -9999.0 17.0435747204 34.277584386 50.0003490908 66.118552484 81.4562898124 97.1741713897 45.2249538534 74.6508040151 13.4054617493 13.0781269655 329.323876122 353.826110694 365.073432043 377.1834101 8.70238513738 15.1201764592 39.8379028853 45.0224897274 50.0035055451 5.73046091317 4.05253810677 9572.19644086 6.39736581856 6.04583058874 2.90937117825 9.94801815181 4.6444292656 2.39666442184 44.2580504069 46.3807564221 1.37405316827 80.552601754 92.4665897007 11.7503959669 1712.90241744 1710.73246411 1709.02073766 1705.01173398 1702.89899723 1678.0120719 1676.09699348
-9999.0 -9999.0 -9999.0 -9999.0 -9999.0 -9999.0 -9999.0 -9999.0 -9999.0 -9999.0 -9999.0 -9999.0 -9999.0 -9999.0 4.53812971806 10.0992057086 16.0557583169 155.712082808 171.640247366 16.0726314718 15.0867454945 14.821848714 277.937765115 305.006711787 12.6247448014 13.0754782018 10.7940494798 44.6199120233 55.4157323933 26.2214827724 32.5827709284 259.263144368 266.793604285 281.016135365 434.278403831 10011.3404924 6.15158552375 2.46326784604 16.1542834449 13.1287572796 2.22353968436 6.93652287979 9.01180667365 48.5518983409 50.3236020688 147.027601259 93.8789661523 13.436687358 1746.34156398 12.5235846402 1707.41598015 1706.2825394 23.1995158582 2.78867563177 3.13901077584
-9999.0 -9999.0 -9999.0 -9999.0 -9999.0 -9999.0 -9999.0 -9999.0 -9999.0 -9999.0 -9999.0 -9999.0 -9999.0 -9999.0 23.0096804135 37.9114154401 78.1229011422 138.360640773 186.746657984 220.715413869 235.899305411 251.056873916 265.187248191 13.2534868654 11.8908802303 23.3652714998 22.1655519832 11.5547294547 226.150770357 236.72969862 246.538132385 255.563837463 134.930078113 140.471006967 148.371418586 10015.4951462 11.0969351679 6.36764894129 24.9500987359 3.15846479988 4.65356676025 2.50569558746 1.93673495695 11.1031864982 1.44661800566 1.51053014978 1901.39010576 1753.15533396 1751.60386201 5.66212959536 11.4771208255 7.16268209187 1.41907739555 18.7406772489 4.53065055054
-9999.0 -9999.0 -9999.0 -9999.0 -9999.0 -9999.0 -9999.0 -9999.0 -9999.0 -9999.0 -9999.0 -9999.0 -9999.0 -9999.0 16.0393618354 15.5044009047 30.5996969896 45.7545504935 17.1560580155 17.3338136987 32.7108614128 47.8520486786 75.6275700101 89.4606072923 101.706819898 137.624398436 148.675889324 160.510346171 10.7069965735 109.165339784 117.851864728 124.417598498 4.10420526463 1.88940237293 4.32833287507 10166.2835001 10170.2196605 10187.8548742 34.6485795901 6.79465265782 7.23901557915 1.85788333724 3.46381995199 12.7407712743 15.4894458005 2.72561255759 1908.04907688 2.11395620061 3.02863062625 3.34859798468 2.45563593391 4.37249337012 1.76799609153 13.2259980941 9.47867535154
-9999.0 -9999.0 -9999.0 -9999.0 -9999.0 -9999.0 -9999.0 -9999.0 -9999.0 -9999.0 -9999.0 -9999.0 -9999.0 -9999.0 -9999.0 15.1384392298 29.6514239971 13.8773260294 28.51516077 177.205972584 192.344682659 207.19470435 13.7851173766 13.9032936423 26.1768116867 38.5771409232 60.3810624035 71.5719812672 77.9701437963 88.0753169111 8.60707828767 7.25583311908 133.04370663 134.879769895 138.388825828 142.245183263 119.153663388 10322.7446171 10379.1257238 10382.5813773 10392.9751411 10404.8894352 10410.1437836 1.41610763644 16.7948636348 1909.36976997 2.87387557235 1.47236467293 1.65796286036 1.6546379121 2.82844582803 2.41932277998 1.38110014817 2.12856681185 1.78533631402
-9999.0 -9999.0 -9999.0 -9999.0 -9999.0 -9999.0 -9999.0 -9999.0 -9999.0 -9999.0 -9999.0 -9999.0 -9999.0 -9999.0 -9999.0 -9999.0 43.9916656002 58.5893163666 101.856859852 133.674009198 16.407226098 239.971115288 253.525410039 266.706557058 12.7268683654 25.0666854886 10.9787336667 83.0636245474 88.861461003 97.877077894 107.265348425 128.300280933 130.115415463 1.4196801542 103.911502434 111.631076884 115.477304923 130.834470192 17.8578686244 10.831396341 6.00466855356 5.85328026361 10415.75209 10417.9723051 10445.8746675 1910.61337696 7.98452982231 4.0799067624 2.73985669376 0.876134554347 7.87980453557 3.98882808374 1.19917467425 6.43582089929 5.41948988796
-9999.0 -9999.0 -9999.0 -9999.0 -9999.0 -9999.0 -9999.0 -9999.0 -9999.0 -9999.0 -9999.0 -9999.0 -9999.0 -9999.0 -9999.0 -9999.0 15.0739243239 73.2427288828 88.2183471093 17.3677215477 15.3905514268 30.9165813796 45.0623791118 325.378177752 12.7637632542 50.9684894067 62.2999175428 73.3339939571 6.05865423339 14.3881667691 18.2817191771 84.1250169353 91.8158297055 94.9730355542 3.72086613407 3.73523857192 4.2086767828 7.74029633928 3.23236440654 3.45075018524 4.5842280626 4.65879847322 4.53684830222 9.48824129686 10448.236007 12364.0790954 9.73886488841 2.66181819216 0.907490516476 23.5495000475 21.6320949337 12.4261893639 11.0638145288 8.16357718891 1.97362546384
-9999.0 -9999.0 -9999.0 -9999.0 -9999.0 -9999.0 -9999.0 -9999.0 -9999.0 -9999.0 -9999.0 -9999.0 -9999.0 -9999.0 -9999.0 13.6853417296 42.3763668293 13.7392450993 18.0116952285 17.1703718011 32.6615865655 47.7281199494 61.7414660374 400.068626163 412.495452541 12.739995444 24.2084329937 35.7881192251 43.4494958855 51.3449882096 73.1296469938 80.5378460045 3.48651081435 4.33557483271 4.30885625257 4.43856992529 5.00674681079 5.38209282404 4.71687273704 6.5591015509 15.6891998122 7.33974758797 2.01458541894 1.95291898181 1.70077204853 3.17638250562 12440.5658052 63.2798505507 28.8983823947 3.0901634614 1.52068384782 0.954391823221 3.0525243459 2.03304992056 1.00022851462
-9999.0 -9999.0 -9999.0 -9999.0 -9999.0 -9999.0 -9999.0 -9999.0 -9999.0 -9999.0 -9999.0 -9999.0 -9999.0 -9999.0 14.5216828404 27.7731185002 97.2498218802 13.2066053955 34.400676817 51.2312147337 66.8308314725 15.9315644473 29.7506331344 43.9073498155 468.323892806 12.1814243788 23.1039479608 34.1999667055 10.0804492892 19.7963099476 23.0813616051 29.9260870584 811.389536189 820.308236408 828.701516275 861.021661382 875.844251784 901.592375477 6.72807473326 16.0297266981 18.5552545183 971.804601868 975.519303723 1.80077991374 3.04867552607 4.25708509155 12442.7001298 58.0178775247 24.8916870437 22.9025767622 19.7555973229 17.6208774789 4.05456011941 1.01946946142 1.81300589805
-9999.0 -9999.0 -9999.0 -9999.0 -9999.0 -9999.0 -9999.0 -9999.0 -9999.0 -9999.0 -9999.0 -9999.0 -9999.0 -9999.0 14.5808501863 44.1689517041 155.796775831 230.207679317 11.9091159152 299.167053194 379.280158545 15.1126151435 28.871644907 43.1979236593 591.125231877 602.871948397 9.640109131 53.6919474727 62.779871782 70.4693355679 756.440459114 769.032939233 777.477675939 4.17837348281 23.6429156796 27.8765316053 11.0316258683 15.5769655507 923.007718981 945.282304421 948.444691669 951.397820207 978.763937381 1.57260167369 1.31652276795 6.69420477475 12444.5361874 2.07594209982 0.509648779375 1.48565470305 0.640822078318 15.2495161362 13.7334365239 8.14168503069 5.62772866128
-9999.0 -9999.0 -9999.0 -9999.0 -9999.0 -9999.0 -9999.0 -9999.0 -9999.0 -9999.0 -9999.0 -9999.0 -9999.0 -9999.0 -9999.0 -9999.0 30.4004723948 61.0473747582 271.810606099 286.361417785 392.153191982 405.605372497 14.492270355 28.9511345866 68.5597865724 613.594763322 633.546262015 641.419971201 6.29994398754 668.746910497 681.448361003 8.16815595682 4.24015120219 8.39817168506 16.0119089611 3.71340922455 7.18285693413 15.2305893158 18.6541210409 3.38827097376 2.1831272608 4.25601960227 995.982616852 1001.65693053 1002.82928359 1012.7100993 12446.1886863 1.68416892581 0.290158653396 0.361250664954 0.366531940469 0.382788600237 0.333140886216 0.601353405952 0.914378992991
-9999.0 -9999.0 -9999.0 -9999.0 -9999.0 -9999.0 -9999.0 -9999.0 -9999.0 -9999.0 -9999.0 -9999.0 -9999.0 -9999.0 -9999.0 -9999.0 15.7760125974 15.4586577874 14.8792753519 29.0636214359 12.4736222654 430.573558991 442.810010004 13.9260724181 26.9963388558 12.2304864735 9.63757132139 9.32709705886 656.771583637 3.8728297284 7.58055965879 5.03438788229 4.64988486967 3.91612734334 2.91802368897 3.03793812608 9.03667581012 12.3554607859 2.24635570942 1.95202647653 4.13043231449 6.84917551925 9.89965869117 3.13746527757 1004.67593739 1013.86697565 12447.4726729 4.33438155673 0.79248004494 0.16774300001 0.501536300267 0.139836624816 0.113535794153 0.73020489146 4.43665348506
-9999.0 -9999.0 -9999.0 -9999.0 -9999.0 -9999.0 -9999.0 -9999.0 -9999.0 -9999.0 -9999.0 -9999.0 -9999.0 -9999.0 -9999.0 -9999.0 -9999.0 -9999.0 15.2314011233 42.9459013508 54.950670177 67.1700372052 454.783160463 466.82363483 478.473281942 490.976565369 500.087312877 518.92747034 523.020944717 526.471739323 530.190623682 4.33907080573 3.91948169074 3.9889719219 13.1486870329 3.39084796954 3.09519590003 2.43473666622 6.849842486 2.58691326769 1.92763386001 1.78877519885 1.53437382553 3.06211192802 4.32730400837 1022.3938322 13475.5422624 1.78725224432 2.89010975902 0.119807021615 0.665020918686 0.335415996395 0.228546199234 8.83200537925 7.50190227432
-9999.0 -9999.0 -9999.0 -9999.0 -9999.0 -9999.0 -9999.0 -9999.0 -9999.0 -9999.0 -9999.0 -9999.0 -9999.0 -9999.0 -9999.0 -9999.0 -9999.0 -9999.0 -9999.0 12.8826327569 100.536064557 194.868874127 207.129189401 15.6439487676 29.4273131118 42.6437589762 53.5430597038 124.780775426 129.529121279 4.62648605508 4.33141431297 539.351559293 547.084074025 550.649506204 15.6062546009 2.07791758715 4.9046247455 7.23428718326 21.6444693971 26.4813140655 30.1206686432 3.33989286592 4.58428256123 1.4809234479 2.88676669119 1.45718487743 13478.4325883 1.24330818918 5.50629557306 1.07712573918 2.31439164584 8.57793127373 9.44155413609 19.0079898275 7.58400334642
-9999.0 -9999.0 -9999.0 -9999.0 -9999.0 -9999.0 -9999.0 -9999.0 -9999.0 -9999.0 -9999.0 -9999.0 -9999.0 -9999.0 -9999.0 -9999.0 -9999.0 -9999.0 14.1842496104 44.9611820168 87.9956301648 115.019049287 288.984994762 303.048156009 27.4357505735 40.5872216047 51.7981817755 62.3497455933 133.860247905 143.113785835 246.024610265 254.19267266 258.298988599 553.948694094 576.965909671 4.96661548167 3.14181234149 2.96580599305 5.51202442533 2.44656474517 34.7994207872 36.5075143294 5.98697355365 8.47784453748 1.89272701295 3057.03258988 3059.95724677 16540.2700745 16547.751625 1.57814258069 5.69644851708 1.94511131339 1.25070347285 21.1297427835 29.4341473268
-9999.0 -9999.0 -9999.0 -9999.0 -9999.0 -9999.0 -9999.0 -9999.0 -9999.0 -9999.0 -9999.0 -9999.0 -9999.0 -9999.0 -9999.0 -9999.0 -9999.0 -9999.0 -9999.0 15.9736857593 15.4506831956 29.3172488503 69.4838810841 315.777801394 14.0727034246 13.9090942487 25.1471027853 36.4802250008 84.4715258588 90.2485368303 3.88269557477 5.20343511268 263.266826572 266.482341808 846.809173983 849.738197055 1.65348511059 1.4739847925 1.1733098036 1.18375155854 1.25832250797 3022.4874557 3032.47766131 3043.72401311 3048.27881218 3054.81187513 1.54945101668 5.62362059404 6.58889171143 16557.0347808 16558.1663071 16560.9623954 16563.6520597 16566.1154685 30.7631789492
-9999.0 -9999.0 -9999.0 -9999.0 -9999.0 -9999.0 -9999.0 -9999.0 -9999.0 -9999.0 -9999.0 -9999.0 -9999.0 -9999.0 -9999.0 -9999.0 -9999.0 -9999.0 -9999.0 -9999.0 14.2598918425 14.8756432386 27.5576244082 369.523574875 381.982635915 13.6986319995 24.9103445345 36.4436209897 42.9841939313 5.43337471989 11.71723202 787.404426994 791.293500716 795.98718133 826.572462411 1680.1967923 2954.06071116 2958.21802169 2961.75411836 2965.17829258 2979.59848549 2984.28376056 8.1091788499 3.57495868836 2.13038670172 3.98527359837 2.771758129 4.44056193665 1.34967290794 32.7205473603 36.081560102 39.4866143667 39.9349106872 16567.1609046 16599.7681366
-9999.0 -9999.0 -9999.0 -9999.0 -9999.0 -9999.0 -9999.0 -9999.0 -9999.0 -9999.0 -9999.0 -9999.0 -9999.0 -9999.0 -9999.0 -9999.0 -9999.0 -9999.0 -9999.0 -9999.0 -9999.0 14.4739781661 27.6484699579 40.9089531793 393.092949256 12.3254633586 529.962076431 541.95958253 547.585926839 554.406147659 761.923830177 769.146205109 4.03502589605 22.4686747187 26.7827773541 3.60402493343 1269.83587386 1263.34399981 1.86292345902 4.33943964747 11.398486767 2.49547961571 2.52893575793 1.78386597791 1.4534004938 1.1294054845 1.28209001286 28.6884460657 30.0000879801 31.6054552574 2.49713135595 2.67846053455 41.3414136894 41.9329431961 42.2534895829
-9999.0 -9999.0 -9999.0 -9999.0 -9999.0 -9999.0 -9999.0 -9999.0 -9999.0 -9999.0 -9999.0 -9999.0 -9999.0 -9999.0 -9999.0 -9999.0 -9999.0 -9999.0 -9999.0 -9999.0 -9999.0 13.2947123093 12.3689127337 63.9743007213 481.981891125 506.514017029 518.758826873 11.4527299491 194.400027382 198.914419364 201.282662919 6.36699944951 10.9100536805 14.52858088 296.612470446 299.476552079 301.822699413 1259.20353236 786.50836706 2.39159581045 2.41050090538 2.29544123303 1.70668696428 17.9750457226 21.2971088235 24.2023698854 25.7806298664 27.2955934074 239.506016199 240.58776013 242.690776818 247.919247453 262.068789441 262.510882027 305.19097681
-9999.0 -9999.0 -9999.0 -9999.0 -9999.0 -9999.0 -9999.0 -9999.0 -9999.0 -9999.0 -9999.0 -9999.0 -9999.0 -9999.0 -9999.0 -9999.0 -9999.0 -9999.0 -9999.0 -9999.0 -9999.0 -9999.0 25.8444636979 39.2602438896 13.0001310141 14.1716926064 156.286116898 168.079007965 175.963541305 63.5464237661 67.5199118123 72.3294121439 76.659315334 290.267234346 294.231932613 163.064942201 467.793705571 470.460871457 784.644077243 4.80207271679 2.38160775888 1.65372229556 12.5737642753 14.6462152632 1.15383030379 1.06817728184 234.643482829 237.255202476 238.506643743 2.3016524825 3.63018046448 260.213319101 0.968099491735 2.83704064815 3.15304688344
-9999.0 -9999.0 -9999.0 -9999.0 -9999.0 -9999.0 -9999.0 -9999.0 -9999.0 -9999.0 -9999.0 -9999.0 -9999.0 -9999.0 -9999.0 -9999.0 -9999.0 -9999.0 -9999.0 -9999.0 -9999.0 -9999.0 12.8553561641 25.4234321427 103.551601611 116.688925367 129.791631704 50.489133719 59.4546444008 4.29737598625 202.209429657 205.925510101 209.652160395 3.9663715552 155.727395816 159.847884734 2.83335853876 771.933293503 5.61817900985 2.80178648911 6.88711438199 9.27782229561 1.6819741122 1.36556712637 221.018769907 232.252134052 233.823150559 1.60832385728 3.31798034957 4.22756857045 5.19340711475 10.3946163951 1.05319871122 2.32455890608 0.460948053548
-9999.0 -9999.0 -9999.0 -9999.0 -9999.0 -9999.0 -9999.0 -9999.0 -9999.0 -9999.0 -9999.0 -9999.0 -9999.0 -9999.0 -9999.0 -9999.0 -9999.0 -9999.0 -9999.0 -9999.0 -9999.0 -9999.0 12.6979519457 39.1197081448 66.177430282 14.3023584132 27.597364193 39.7651987529 184.112548952 190.275464701 194.278132171 3.63912182534 134.446496087 144.805996052 148.477328317 2.42248731739 759.942158749 766.453801061 2.91116127838 2.63100666056 5.057394272 1.94791854278 212.126618209 215.450607153 217.336975302 7.19316128463 8.76924802572 1.35169694037 2.38492098243 1.04270823024 7.49296490052 1.06858796402 0.605097603887 0.611420615421 0.615376609948
-9999.0 -9999.0 -9999.0 -9999.0 -9999.0 -9999.0 -9999.0 -9999.0 -9999.0 -9999.0 -9999.0 -9999.0 -9999.0 -9999.0 -9999.0 -9999.0 -9999.0 -9999.0 -9999.0 -9999.0 -9999.0 -9999.0 -9999.0 13.2335621462 13.8811423816 15.3334807132 129.101784582 140.648640359 173.982287716 7.77791413368 118.599613492 127.713217743 3.67709712336 7.4518530468 2.46431137846 751.874558743 2.9805426047 8.61225617478 10.7198053866 12.7258903789 200.808848107 206.718875163 208.839902714 2.15726859797 3.9153670643 5.48267594045 0.915500390031 0.821235501887 613.303463308 614.134600454 614.815029957 621.620851953 622.463721293 623.338631327 623.858577888
