data/baseflow/mHMbf_acc548.asc
ncols                  80
nrows                 72
xllcorner      4374000.0
yllcorner      5656000.0
cellsize            500
NODATA_value       -9999
[rows 0 to 24 of 72, columns 0 to 54 of 80]
-9999.0 -9999.0 -9999.0 -9999.0 -9999.0 -9999.0 -9999.0 -9999.0 -9999.0 -9999.0 -9999.0 -9999.0 14.975482245 17.9478606802 -9999.0 -9999.0 -9999.0 -9999.0 -9999.0 -9999.0 -9999.0 -9999.0 -9999.0 -9999.0 -9999.0 -9999.0 -9999.0 -9999.0 -9999.0 -9999.0 -9999.0 -9999.0 -9999.0 -9999.0 -9999.0 -9999.0 -9999.0 -9999.0 -9999.0 -9999.0 -9999.0 -9999.0 -9999.0 -9999.0 -9999.0 -9999.0 -9999.0 -9999.0 -9999.0 -9999.0 -9999.0 -9999.0 -9999.0 -9999.0 -9999.0
-9999.0 -9999.0 -9999.0 -9999.0 -9999.0 -9999.0 -9999.0 -9999.0 -9999.0 -9999.0 -9999.0 -9999.0 28.5241237704 77.4246051721 15.5364599193 -9999.0 14.8398931151 -9999.0 -9999.0 -9999.0 -9999.0 -9999.0 -9999.0 -9999.0 -9999.0 -9999.0 -9999.0 -9999.0 -9999.0 -9999.0 -9999.0 -9999.0 -9999.0 -9999.0 -9999.0 -9999.0 -9999.0 -9999.0 -9999.0 -9999.0 -9999.0 -9999.0 -9999.0 -9999.0 -9999.0 -9999.0 -9999.0 -9999.0 -9999.0 -9999.0 -9999.0 -9999.0 -9999.0 -9999.0 -9999.0
-9999.0 -9999.0 -9999.0 -9999.0 -9999.0 -9999.0 -9999.0 -9999.0 -9999.0 -9999.0 12.5803596127 12.1929284234 12.7311870303 12.5587617712 100.255613737 114.650727344 41.1264753984 13.0781209594 -9999.0 -9999.0 -9999.0 -9999.0 -9999.0 -9999.0 -9999.0 -9999.0 -9999.0 -9999.0 -9999.0 -9999.0 -9999.0 -9999.0 -9999.0 -9999.0 -9999.0 -9999.0 -9999.0 -9999.0 -9999.0 -9999.0 -9999.0 -9999.0 -9999.0 -9999.0 -9999.0 -9999.0 -9999.0 -9999.0 -9999.0 -9999.0 -9999.0 -9999.0 -9999.0 -9999.0 -9999.0
-9999.0 -9999.0 -9999.0 -9999.0 -9999.0 -9999.0 -9999.0 -9999.0 -9999.0 12.3911198204 24.6942104844 49.0462936779 24.1647332679 11.6017101993 22.3243975044 125.110890895 195.656167123 14.5743849066 -9999.0 11.2083824718 -9999.0 -9999.0 -9999.0 -9999.0 27.8313591534 14.2024061665 -9999.0 -9999.0 -9999.0 -9999.0 -9999.0 -9999.0 -9999.0 -9999.0 -9999.0 -9999.0 -9999.0 -9999.0 -9999.0 -9999.0 -9999.0 -9999.0 -9999.0 -9999.0 -9999.0 -9999.0 -9999.0 -9999.0 -9999.0 -9999.0 -9999.0 -9999.0 -9999.0 -9999.0 -9999.0
-9999.0 -9999.0 -9999.0 -9999.0 -9999.0 -9999.0 -9999.0 -9999.0 15.3598011946 41.6036225185 53.4773263732 65.3856885778 84.3396936863 10.6398966259 42.4730135926 52.5167540461 274.605605406 12.1262561944 9.42427949018 20.8076423634 29.9689484117 9.64546094182 -9999.0 71.2125781512 58.1721030993 15.6101232377 -9999.0 -9999.0 -9999.0 -9999.0 -9999.0 -9999.0 -9999.0 -9999.0 -9999.0 -9999.0 -9999.0 -9999.0 -9999.0 -9999.0 -9999.0 -9999.0 -9999.0 -9999.0 -9999.0 -9999.0 -9999.0 -9999.0 -9999.0 -9999.0 -9999.0 -9999.0 -9999.0 -9999.0 -9999.0
-9999.0 -9999.0 -9999.0 -9999.0 -9999.0 -9999.0 15.0526440602 13.156708979 12.5462594943 12.9000790096 12.9556413286 91.5705893027 187.712702863 199.214773935 206.812320842 6.53692596906 291.93590786 301.357013797 18.2344149175 9.40311134068 38.912148944 67.2741670992 10.8131766745 105.586129871 10.2365943486 11.4927302164 10.557391438 -9999.0 -9999.0 -9999.0 -9999.0 -9999.0 -9999.0 -9999.0 -9999.0 -9999.0 -9999.0 -9999.0 -9999.0 -9999.0 -9999.0 -9999.0 -9999.0 -9999.0 -9999.0 -9999.0 -9999.0 -9999.0 -9999.0 -9999.0 -9999.0 -9999.0 -9999.0 -9999.0 -9999.0
-9999.0 -9999.0 -9999.0 -9999.0 -9999.0 -9999.0 30.3841403497 44.5104751295 98.9383189121 136.193247451 11.1369232738 11.4895079072 10.7272028461 31.1456468086 247.221360003 7.59616384382 310.328828439 343.699992759 26.1927727286 17.9160040734 75.8119630135 9.34480513961 114.594459497 18.4399662773 9.42303473415 20.7472241617 20.9172125164 10.2997249842 10.1058384779 9.76323148426 10.6935322459 21.3951564968 -9999.0 -9999.0 -9999.0 -9999.0 -9999.0 -9999.0 -9999.0 -9999.0 -9999.0 -9999.0 -9999.0 -9999.0 -9999.0 -9999.0 -9999.0 -9999.0 -9999.0 -9999.0 -9999.0 -9999.0 -9999.0 -9999.0 -9999.0
-9999.0 -9999.0 -9999.0 -9999.0 -9999.0 17.3208177014 32.8230326583 15.2800878656 29.2470249766 150.643252618 175.015295224 198.818008701 656.693802335 10.0781501036 257.417634086 995.862642065 1002.38181261 1357.64058184 7.06172131193 26.226613709 84.4167392575 8.51811451009 220.175254721 96.8633336953 60.492325787 51.2328680239 10.0990039095 30.2879615432 29.1623651623 19.4136926641 9.40662278306 31.1890523502 9.35346373655 9.18111493237 -9999.0 -9999.0 -9999.0 -9999.0 -9999.0 -9999.0 -9999.0 -9999.0 -9999.0 -9999.0 -9999.0 -9999.0 -9999.0 -9999.0 -9999.0 -9999.0 -9999.0 -9999.0 -9999.0 -9999.0 -9999.0
-9999.0 -9999.0 -9999.0 -9999.0 -9999.0 17.556658455 50.1794782373 99.0925604829 113.428044786 224.304641609 237.156535658 278.179630185 447.587005423 688.904270559 710.976226302 721.447609012 17.4246145007 1388.24576787 1402.57514635 1445.98534759 1785.872896 246.665777811 229.392895492 69.569477389 8.76294601406 57.9708308957 39.5871821943 8.98012778833 37.8972563824 8.09309759093 16.8369738451 48.4032677309 57.3373210187 17.9623493738 8.80703565549 8.60837427161 -9999.0 -9999.0 -9999.0 -9999.0 13.1557469319 12.0201856346 -9999.0 -9999.0 -9999.0 -9999.0 -9999.0 -9999.0 -9999.0 -9999.0 -9999.0 -9999.0 -9999.0 -9999.0 -9999.0
-9999.0 -9999.0 -9999.0 -9999.0 -9999.0 16.651700015 15.4439646688 66.9467509983 81.7064193436 97.1624353942 14.0550913591 27.6885370953 161.122291132 26.4483820001 12.1919204054 10.9648386196 9.50911129406 10.0243038515 9.02487371689 10.1625434571 1795.23471459 1821.21814405 8.39063324511 25.6947687617 17.4401265299 66.4792035988 17.9326031855 8.68710756185 47.112298836 15.6281310599 37.6981202133 100.243333435 92.8307801424 26.7093851803 26.3893821989 8.86694254605 8.77417113485 -9999.0 -9999.0 8.68433598168 26.4632999443 63.5402375074 12.6184208781 -9999.0 -9999.0 -9999.0 -9999.0 -9999.0 -9999.0 -9999.0 -9999.0 -9999.0 -9999.0 -9999.0 -9999.0
-9999.0 -9999.0 -9999.0 -9999.0 -9999.0 -9999.0 17.7345108041 18.30352038 33.0245725015 48.4373435803 106.997711384 135.659467701 149.11733092 13.6153532423 10.526911418 148.804182917 180.966320074 190.858892635 231.85888781 241.048336501 9.03988962962 1830.36345411 1870.89698052 31.7745045471 2.89753282847 72.9862612609 163.207933359 64.3262548647 16.137502716 7.9215452372 153.603243972 108.416504183 8.00274243133 7.98810087457 34.5276101894 25.9158637855 8.28305292882 8.5477053056 8.38917075869 16.859372753 8.02083600982 77.2191092148 85.1497253522 7.82074711144 -9999.0 -9999.0 -9999.0 -9999.0 8.85458237406 8.37931392135 2.15937103913 -9999.0 -9999.0 -9999.0 -9999.0
-9999.0 -9999.0 -9999.0 -9999.0 -9999.0 -9999.0 -9999.0 17.2134665007 13.609608488 29.7982659879 45.081067334 14.4459074375 11.5166908045 79.2887057292 103.377908827 128.015551977 11.2019388877 21.3972570982 10.4470744647 250.569591398 572.312678155 585.29323048 2476.79416676 8.35376219922 9.03128912003 2.6914871093 171.213356517 8.17745978117 24.2288343712 7.81867114963 161.587920318 169.575464022 16.021623478 15.7183228794 85.3643156717 42.5357846121 16.9209938911 8.61255586101 16.7436951011 25.067093256 40.8536568085 7.83249452087 101.134590146 109.47472955 7.75611520699 8.21128415292 8.42313768422 7.81535486671 7.4802004761 24.7630287849 9.01646184925 5.83137624629 -9999.0 -9999.0 -9999.0
-9999.0 -9999.0 -9999.0 -9999.0 -9999.0 -9999.0 -9999.0 -9999.0 29.6892181304 41.9923721811 14.283772207 29.4315369213 42.8551703174 68.6481304085 13.0536228621 12.3636727536 10.2743429512 10.4163312252 9.30247085096 302.458303733 10.5796487331 20.4726687558 2511.99408727 2539.11309682 10.9311566842 30.4847697687 209.6792666 15.856296653 31.3982853679 14.9384632543 21.9648408447 200.107107564 23.2678991398 123.070854498 100.162273285 7.28399492788 41.0486454126 16.4719508726 24.3444901253 7.53914759665 48.6079597516 64.3835343093 71.9170973619 79.1463402035 139.123297369 14.950529619 15.4688373336 14.4810806693 13.7921791051 31.3634877706 6.44200053813 21.4227015489 27.3089536617 -9999.0 -9999.0
-9999.0 -9999.0 -9999.0 -9999.0 -9999.0 -9999.0 -9999.0 -9999.0 16.4329774092 74.3777525705 88.1073708359 13.7212915974 26.4250375877 12.6662469739 11.2552180463 11.0219324353 143.365038344 190.995110926 238.481049218 288.581487131 12.4297658145 10.1807055069 11.1467813474 2595.07434875 2628.28849923 2641.00967632 284.266187752 63.4913293468 54.9733396367 7.39430697806 29.165839737 236.425463937 7.31767902969 130.273399437 7.45023216809 52.2596387433 48.9045104121 7.71982525313 31.887763609 15.0314848756 22.377867355 7.54224503917 6.96080521855 86.3059775608 93.0160670235 145.818528275 22.4758578723 21.2434894078 20.331816332 38.0612533732 51.023650753 6.4528397391 33.2808019844 6.06956218485 11.6601467473
-9999.0 -9999.0 -9999.0 -9999.0 -9999.0 -9999.0 -9999.0 -9999.0 -9999.0 17.2112533593 103.122771633 116.559684544 39.3001188724 64.9513719664 88.015153129 99.9084999491 12.1004050861 37.1425664863 23.9049756845 12.2626798923 11.5876618796 10.0920386992 20.1481661622 36.0255710808 15.3977438548 2954.46968967 2965.80416374 10.2692783362 7.22617819643 14.3712315455 21.2991617444 257.362051736 14.0876891797 136.922729789 79.696962528 65.5826738452 7.37238717008 14.9164879767 38.8673507431 6.94672222244 29.1587151374 14.3019521332 10.4930415631 3.0097342618 105.291468683 256.855639844 27.7999534798 26.6639251864 26.0725511874 5.67936474159 56.6604203219 5.52970989646 45.0917553002 5.51110182268 17.2076759926
-9999.0 -9999.0 -9999.0 -9999.0 -9999.0 -9999.0 -9999.0 -9999.0 -9999.0 -9999.0 13.8286046227 144.429707969 12.7478679137 25.6173521707 36.9117668478 59.4374405145 11.6819163562 24.7332330525 11.7235718162 11.0994712003 10.229578983 20.3342497882 9.22606635869 10.5962692415 22.5862032096 13.5631417107 2979.42339678 3001.95433588 3031.59570528 29.1025599843 6.9174202642 13.7796971025 264.40135498 250.923155104 94.1471178499 7.09231352275 29.350329852 22.1000284321 45.8692642952 13.9111830548 57.1503221488 21.090178456 16.016657285 1.16534333646 3.15499483349 263.461593287 269.720921944 329.820483095 43.5918900089 11.5665630391 62.7073265019 74.1140179261 124.598066044 10.984931014 5.14954675091
-9999.0 -9999.0 -9999.0 -9999.0 -9999.0 -9999.0 -9999.0 -9999.0 -9999.0 -9999.0 -9999.0 6.90878958901 157.867832329 11.3957780428 22.56956733 104.629022684 11.821625267 11.6965612731 9.97876312608 21.2848417529 9.9162176825 40.1133476565 58.2638942115 66.8517629843 30.9464381656 40.5927717682 11.0751657105 12.191986813 12.1254207098 3081.28443853 3103.68241013 270.811017765 263.776804919 257.375963181 13.2579742527 6.54816236153 35.9766052023 95.1479934037 52.5616663266 20.5575224794 84.2115771225 26.6305745088 20.4273438647 2.15233445418 0.90849965365 1.03943860544 1.91072313593 340.428987517 401.002211836 5.43757179798 5.30760412522 5.36598403724 129.767940064 145.538661975 9.18902633168
-9999.0 -9999.0 -9999.0 -9999.0 -9999.0 -9999.0 -9999.0 -9999.0 -9999.0 -9999.0 -9999.0 6.28359457694 172.743679135 212.214791201 11.3070426757 126.966728904 10.8391657882 10.3266929185 19.7024670345 50.8966708465 9.55638747858 10.1493226521 8.64440042719 84.4869486236 92.8626418088 141.932433392 160.418443208 168.44230366 178.270804707 187.75707449 3302.80026726 3589.22017134 3868.84236694 3878.3747547 7.03170862969 6.54074847453 108.433673273 101.852930672 6.55732314176 6.36319642128 90.4020458337 123.545654166 4.99688955139 44.5205128289 41.7875994831 5.79221942366 3.47601885045 6.00940816077 6.12036240715 412.390210831 5.77033068163 15.6659073647 20.4035144775 176.886221184 186.951618552
-9999.0 -9999.0 -9999.0 -9999.0 -9999.0 -9999.0 -9999.0 -9999.0 -9999.0 -9999.0 -9999.0 14.8818687851 27.9605330389 224.82171681 246.059749418 10.7410628857 152.027954497 9.51736214759 28.6515978413 60.0005739016 18.4965563086 8.8945884501 18.3440795622 8.16012790247 15.4209791578 7.22945822524 5.97672125136 3.64932297082 2.72812483881 2.32547208322 2.25161202851 4.25278326644 6.77484702653 10.1651654411 3904.63570962 138.135427883 123.351857365 7.00053451022 18.9493653293 4.67843231548 3.93330843019 129.570562403 192.003050725 51.1913513107 39.8517821506 3.6078264962 1.47020121322 1.20807653092 5.72018830188 423.930792021 435.537967147 6.0131426966 6.0914008001 3.71951689371 1.1215076486
-9999.0 -9999.0 -9999.0 -9999.0 -9999.0 -9999.0 -9999.0 -9999.0 -9999.0 -9999.0 -9999.0 -9999.0 11.6846354945 173.097759643 430.54766117 465.08283457 627.950536221 641.848910237 138.819874239 96.8929655495 27.5900812082 8.75564185059 35.4630421508 43.644647019 66.4198244424 14.7835240864 12.9865115658 10.7720261867 20.3499871023 9.07167321635 8.3732103314 3.80191762586 1.12661600882 1.86348842032 3912.53261985 4056.22827246 4066.48270591 7.4221875715 54.7825249878 21.3775443964 6.50252672932 212.284897742 14.3069882706 7.41755432149 29.4080673224 4.85394290832 4.53213824709 8.83686536484 13.519884745 18.9178339604 445.664854559 4.8907886725 4.38843901959 4.39123190728 2.79750409553
-9999.0 -9999.0 -9999.0 -9999.0 -9999.0 -9999.0 -9999.0 -9999.0 -9999.0 -9999.0 -9999.0 13.6502738226 133.135915067 160.903278529 24.3012629595 6.98039350814 15.0953072557 666.813998617 678.296457376 830.171624203 8.08144228275 16.751192285 7.38510308988 7.51378606446 73.6916906881 95.7302174181 115.235165978 6.58904566384 26.8479159671 42.2913005695 24.4417323387 9.98758723346 5.26582511284 3.42706643638 4.31228737281 2.95563937003 4074.48287719 4081.5016873 4149.04863191 11.5511160173 5.93616252079 221.371353239 15.0968036722 7.83875545191 8.5417922334 8.44467152278 7.53585267253 12.4831131221 38.0226578965 62.8180768729 513.333860577 3.90304274799 11.7128751251 7.91152050837 6.0135524058
-9999.0 -9999.0 -9999.0 -9999.0 -9999.0 -9999.0 -9999.0 -9999.0 -9999.0 -9999.0 -9999.0 14.1334217104 94.8175157009 14.4288941731 11.6623204062 64.0812695583 74.2617530177 84.592615039 93.7196235374 1121.0171112 1128.18709849 1143.62977994 1261.8835331 1283.13650547 1293.896448 1301.47730635 1427.06925505 1440.87326276 1447.21767792 1495.9875746 1527.41339749 1533.6672586 1548.26728169 9.27142782607 6.58997652697 0.888105706893 1.68849453912 4087.98998114 4173.37106339 17.7610318491 266.055414133 259.735451574 28.832862215 6.86330910823 6.94306597119 6.78331759113 6.69251055265 13.5117078806 19.687382115 6.23088190256 518.090873998 523.10766755 547.123498643 551.374981175 561.371174643
-9999.0 -9999.0 -9999.0 -9999.0 -9999.0 -9999.0 -9999.0 -9999.0 -9999.0 -9999.0 -9999.0 50.0347754877 65.6357044475 29.1133593772 42.4010441747 13.0203172322 148.668555597 159.855386815 181.532598755 188.050758188 68.1320411093 1223.83017667 1230.48557101 5.96642566274 3.28433253615 2.21635176619 5.82763314397 2.1568588934 1.28166871561 1.10787877575 1.67775432419 1537.15234644 1552.56136984 1568.94481569 1581.82664059 1588.51344188 2.40738894783 1.21490100116 4457.49512332 277.954295824 272.669845425 6.20162743573 6.04124561578 5.78336068117 12.8709613049 12.7428082319 5.85277357918 5.76404835454 5.43163394327 11.5589200813 15.9115359737 3.81002459955 7.03771540459 2.13352389694 0.387459438765
-9999.0 -9999.0 -9999.0 -9999.0 -9999.0 -9999.0 -9999.0 -9999.0 -9999.0 -9999.0 -9999.0 -9999.0 33.8222233301 15.1936981006 12.994815205 126.527479136 138.290147359 11.643135768 44.4495160033 54.0388084095 61.3129434975 8.62058101725 6.63056764614 174.299612905 179.602783804 184.12910674 487.185872313 489.473717986 492.034711612 519.518906777 527.59432891 528.576743236 0.985067765209 1.0788993857 1.57069752447 1597.82476863 3.04945110009 4510.95299543 4504.16709336 41.8303690998 36.1662240496 23.7998281891 5.92500935848 11.4910205325 18.8143346538 18.6817004517 11.5242078364 5.53161730352 10.8977085593 10.7533506335 20.7323340204 3.06701411245 9.96037293833 15.8263552771 16.679095518
-9999.0 -9999.0 -9999.0 -9999.0 -9999.0 -9999.0 -9999.0 -9999.0 -9999.0 -9999.0 -9999.0 -9999.0 17.7515324835 46.8752352133 60.3806135845 101.026746394 11.6104957577 23.6253242131 34.557815049 133.956768404 140.976562676 144.155970894 151.283781046 161.103854273 262.360220342 288.724950339 299.872458455 2.79026220913 24.0519027896 26.3968405933 523.925804307 530.42125021 533.401268582 536.462047376 539.171796252 2141.76387456 7.9430539482 4528.9590064 3.86411313051 1.22101161495 30.3480166872 27.8136953611 3.02933910653 16.3627918104 23.8664372931 23.6744879337 16.2786727105 26.5149276799 41.8215246781 15.43756389 40.5872381862 2.68054716668 3.67150565913 0.380146590906 0.303906782794
