data/baseflow/mHMbf_acc325.asc
ncols                  80
nrows                 72
xllcorner      4374000.0
yllcorner      5656000.0
cellsize            500
NODATA_value       -9999
[rows 0 to 24 of 72, columns 0 to 54 of 80]
-9999.0 -9999.0 -9999.0 -9999.0 -9999.0 -9999.0 -9999.0 -9999.0 -9999.0 -9999.0 -9999.0 -9999.0 31.2016924725 23.6145071732 -9999.0 -9999.0 -9999.0 -9999.0 -9999.0 -9999.0 -9999.0 -9999.0 -9999.0 -9999.0 -9999.0 -9999.0 -9999.0 -9999.0 -9999.0 -9999.0 -9999.0 -9999.0 -9999.0 -9999.0 -9999.0 -9999.0 -9999.0 -9999.0 -9999.0 -9999.0 -9999.0 -9999.0 -9999.0 -9999.0 -9999.0 -9999.0 -9999.0 -9999.0 -9999.0 -9999.0 -9999.0 -9999.0 -9999.0 -9999.0 -9999.0
-9999.0 -9999.0 -9999.0 -9999.0 -9999.0 -9999.0 -9999.0 -9999.0 -9999.0 -9999.0 -9999.0 -9999.0 62.121693623 132.021414838 20.2245960085 -9999.0 14.6038346237 -9999.0 -9999.0 -9999.0 -9999.0 -9999.0 -9999.0 -9999.0 -9999.0 -9999.0 -9999.0 -9999.0 -9999.0 -9999.0 -9999.0 -9999.0 -9999.0 -9999.0 -9999.0 -9999.0 -9999.0 -9999.0 -9999.0 -9999.0 -9999.0 -9999.0 -9999.0 -9999.0 -9999.0 -9999.0 -9999.0 -9999.0 -9999.0 -9999.0 -9999.0 -9999.0 -9999.0 -9999.0 -9999.0
-9999.0 -9999.0 -9999.0 -9999.0 -9999.0 -9999.0 -9999.0 -9999.0 -9999.0 -9999.0 31.2510550069 30.0134095972 30.7998495217 28.7899889497 187.876177036 210.995150201 42.0900432701 13.4800569713 -9999.0 -9999.0 -9999.0 -9999.0 -9999.0 -9999.0 -9999.0 -9999.0 -9999.0 -9999.0 -9999.0 -9999.0 -9999.0 -9999.0 -9999.0 -9999.0 -9999.0 -9999.0 -9999.0 -9999.0 -9999.0 -9999.0 -9999.0 -9999.0 -9999.0 -9999.0 -9999.0 -9999.0 -9999.0 -9999.0 -9999.0 -9999.0 -9999.0 -9999.0 -9999.0 -9999.0 -9999.0
-9999.0 -9999.0 -9999.0 -9999.0 -9999.0 -9999.0 -9999.0 -9999.0 -9999.0 30.4468562191 61.0289315849 120.37934249 58.9817078398 28.5732866184 56.1760633013 239.155244496 317.390436466 16.5312630926 -9999.0 30.3749035367 -9999.0 -9999.0 -9999.0 -9999.0 29.1350789604 14.4594724406 -9999.0 -9999.0 -9999.0 -9999.0 -9999.0 -9999.0 -9999.0 -9999.0 -9999.0 -9999.0 -9999.0 -9999.0 -9999.0 -9999.0 -9999.0 -9999.0 -9999.0 -9999.0 -9999.0 -9999.0 -9999.0 -9999.0 -9999.0 -9999.0 -9999.0 -9999.0 -9999.0 -9999.0 -9999.0
-9999.0 -9999.0 -9999.0 -9999.0 -9999.0 -9999.0 -9999.0 -9999.0 32.352494833 93.8107738179 122.869949988 151.944170522 207.124335131 27.418453789 109.978402421 137.527274471 502.467020886 26.2027846685 28.3000623519 57.7762374353 84.0737180088 27.3690275428 -9999.0 81.0915200383 66.0684392912 19.5022429969 -9999.0 -9999.0 -9999.0 -9999.0 -9999.0 -9999.0 -9999.0 -9999.0 -9999.0 -9999.0 -9999.0 -9999.0 -9999.0 -9999.0 -9999.0 -9999.0 -9999.0 -9999.0 -9999.0 -9999.0 -9999.0 -9999.0 -9999.0 -9999.0 -9999.0 -9999.0 -9999.0 -9999.0 -9999.0
-9999.0 -9999.0 -9999.0 -9999.0 -9999.0 -9999.0 33.666268299 31.4307567743 30.1720427456 30.2941299872 30.1506936856 211.793317119 447.416267321 475.935171804 501.301369158 24.5371674919 553.978745139 580.946007322 54.8448247474 26.3130205181 109.659906163 190.10338392 27.7063700066 164.177283657 29.8745850568 29.1357914782 30.8788734472 -9999.0 -9999.0 -9999.0 -9999.0 -9999.0 -9999.0 -9999.0 -9999.0 -9999.0 -9999.0 -9999.0 -9999.0 -9999.0 -9999.0 -9999.0 -9999.0 -9999.0 -9999.0 -9999.0 -9999.0 -9999.0 -9999.0 -9999.0 -9999.0 -9999.0 -9999.0 -9999.0 -9999.0
-9999.0 -9999.0 -9999.0 -9999.0 -9999.0 -9999.0 65.786838226 96.6628561754 218.164366954 307.091604961 28.0544978439 28.4441655516 27.3939943324 81.6179172105 608.894148806 24.5455581747 607.012937452 709.16561183 80.2198513849 51.4317118569 215.139838856 26.8447745393 190.64928575 56.3788082006 28.9879545221 57.4241193008 60.3161924816 28.0740283878 28.3659837325 28.2046527795 28.527139371 57.6592537701 -9999.0 -9999.0 -9999.0 -9999.0 -9999.0 -9999.0 -9999.0 -9999.0 -9999.0 -9999.0 -9999.0 -9999.0 -9999.0 -9999.0 -9999.0 -9999.0 -9999.0 -9999.0 -9999.0 -9999.0 -9999.0 -9999.0 -9999.0
-9999.0 -9999.0 -9999.0 -9999.0 -9999.0 33.0274148276 64.996473454 31.2323435933 61.1668447814 337.26058546 394.687857204 451.321044665 1388.63349932 27.0620763006 636.16222474 2225.53495984 2245.43287247 2987.37052275 20.8364970789 76.8067056982 240.528874806 25.2933071019 499.422015838 283.152489489 174.57143298 146.594908145 29.3192623704 83.8902664565 82.6812566587 55.4887157496 27.133841319 85.836581746 27.4568568299 27.4867614836 -9999.0 -9999.0 -9999.0 -9999.0 -9999.0 -9999.0 -9999.0 -9999.0 -9999.0 -9999.0 -9999.0 -9999.0 -9999.0 -9999.0 -9999.0 -9999.0 -9999.0 -9999.0 -9999.0 -9999.0 -9999.0
-9999.0 -9999.0 -9999.0 -9999.0 -9999.0 33.1158552686 96.6311069408 192.677549806 222.403905448 438.774753807 467.507621598 556.242055844 910.630533397 1462.27367787 1515.33942084 1539.80240525 48.7358512413 3073.80608526 3117.91732722 3245.39617562 4087.91304742 576.382352836 525.703516113 200.948887458 25.8791932554 166.235758711 111.92267805 26.9445471507 107.486688915 24.4546923851 50.6944556431 138.300367437 164.292490813 53.6236230417 26.1013776451 26.4946856193 -9999.0 -9999.0 -9999.0 -9999.0 16.2966884899 13.3551572256 -9999.0 -9999.0 -9999.0 -9999.0 -9999.0 -9999.0 -9999.0 -9999.0 -9999.0 -9999.0 -9999.0 -9999.0 -9999.0
-9999.0 -9999.0 -9999.0 -9999.0 -9999.0 32.7640446355 31.505508987 126.824572835 156.479789351 187.002241808 30.0035935429 59.7791992726 333.9902578 58.949995091 29.0417424337 28.3214130796 25.9553487467 28.3731245292 27.5254516566 27.5102071718 4113.92269131 4190.02646367 24.9794470871 76.4072684991 51.5616966364 192.327293559 54.1005403113 26.9494239089 133.129851189 48.3916708652 115.829999729 291.128128346 269.343373649 79.7077106848 79.1676857111 26.1919320129 26.4414300834 -9999.0 -9999.0 26.6545845623 37.3546871059 78.8609048614 14.2042385743 -9999.0 -9999.0 -9999.0 -9999.0 -9999.0 -9999.0 -9999.0 -9999.0 -9999.0 -9999.0 -9999.0 -9999.0
-9999.0 -9999.0 -9999.0 -9999.0 -9999.0 -9999.0 32.7412901325 31.9683488044 64.1383610624 95.3960781033 215.722973247 276.309027689 306.050389822 30.9719574651 26.9013002295 347.526309347 430.244122246 457.404664374 566.224837181 592.685044174 26.236865926 4215.72810153 4341.58354575 100.868068774 21.4580137981 216.559456846 482.491259639 186.528733056 49.0591884332 24.2920038973 454.235018006 315.440580474 24.1900815775 24.4377321146 103.833253488 76.9739763316 25.5349628503 27.2566893213 25.3911693682 51.4862300172 25.080510626 96.0485056226 121.569473214 26.355462266 -9999.0 -9999.0 -9999.0 -9999.0 29.3084981554 28.455606743 7.41315793496 -9999.0 -9999.0 -9999.0 -9999.0
-9999.0 -9999.0 -9999.0 -9999.0 -9999.0 -9999.0 -9999.0 33.4377597182 29.5351744281 60.1575832612 90.5888667324 30.8390073608 29.4986417019 177.581068671 235.765771033 293.845818967 27.5721176259 55.3222162997 27.0662718697 618.588481126 1355.14264815 1371.40891254 5759.6650252 25.7230216118 64.8736263713 20.9688855534 508.08189998 24.2821235443 73.8732728756 24.12913324 478.273770404 501.845116493 48.1292007445 47.7380489302 255.814889427 127.475419629 52.9830251216 26.0110573049 51.1079568945 76.6184666812 126.011735406 25.1802790637 176.460154829 205.152022403 27.5362973283 27.9776479664 29.0994204192 28.1898099333 27.5155675832 84.7144004205 30.5843235262 20.3287481807 -9999.0 -9999.0 -9999.0
-9999.0 -9999.0 -9999.0 -9999.0 -9999.0 -9999.0 -9999.0 -9999.0 62.0779096897 91.546207652 30.4885002623 60.9513035153 89.9542000746 149.599464206 30.5123434826 29.7367269398 27.1075496016 27.8303771414 26.4962353668 684.48133535 26.7660520381 53.1321175136 5832.67199936 5900.68765981 42.546660408 147.501174624 681.814781931 48.0378374265 96.7381431397 47.0353303561 69.9538764725 595.689383993 70.9769078591 373.432859529 302.528255711 23.3369051514 126.498498286 50.0587731426 75.2162878976 24.6494399847 152.447526006 205.291173253 232.00693458 258.088692452 310.956976257 52.8627465681 54.9152859011 53.3193906577 51.8744166568 109.558507735 23.6939449052 74.2208651063 95.4870887474 -9999.0 -9999.0
-9999.0 -9999.0 -9999.0 -9999.0 -9999.0 -9999.0 -9999.0 -9999.0 31.6337038273 153.714959177 183.822671965 30.3546979165 59.8902526886 29.630464935 28.9018386496 28.1261777531 345.811175095 463.828384898 569.277504487 667.37196665 25.2282696391 26.591131816 33.3542665211 6030.8196591 6104.0036782 6143.80229441 918.208254455 196.466015596 169.782796078 24.2833000005 92.9848806223 711.719553928 23.0099356463 396.662160937 23.2529860646 161.887178575 150.842794729 23.7901072275 98.849861427 48.2888823015 71.7857195844 26.5540080313 26.2825405083 284.019811393 309.073416265 335.917266572 80.6494018098 78.5800364498 76.9188101216 133.528057134 180.654761457 23.3456543035 116.577878703 21.4636421323 42.5481070635
-9999.0 -9999.0 -9999.0 -9999.0 -9999.0 -9999.0 -9999.0 -9999.0 -9999.0 30.7007868897 213.771841338 244.039345335 89.7783963913 149.088402189 206.719084229 235.445061899 28.5618381375 90.6835451045 58.5670773499 27.9554789784 28.5196635613 26.8695420297 54.4851936418 100.377447934 43.1156575994 7141.44676468 7183.29613182 39.7407640116 26.3922919865 47.292285682 70.2639248353 779.861360011 45.4526611929 419.233277821 250.955624744 205.938114541 23.6246260838 47.2112505739 122.020445084 22.8665982433 94.4677213993 49.4751475876 49.1374300873 23.5697456786 380.193767153 739.131925207 102.546745422 100.52105403 98.455292752 21.0497740846 201.622041542 20.7908397928 159.712206427 20.5247161759 63.5037815194
-9999.0 -9999.0 -9999.0 -9999.0 -9999.0 -9999.0 -9999.0 -9999.0 -9999.0 -9999.0 29.2478921938 303.281144843 29.9856471685 59.8142841648 88.2011215251 146.963520631 30.6351908983 62.9011866472 30.8855630034 30.5433336603 28.4081215246 56.9041141799 26.6883753311 31.6524355178 74.6699931938 43.8454815451 7220.26027024 7298.32913729 7405.01797451 98.1875094696 22.7601508719 45.2032912439 802.316232107 782.946045477 297.021795301 22.9373558685 93.7164268737 70.5139712358 145.281903392 46.07378491 189.114459943 71.9595005118 71.6397753133 21.5612506904 23.7217188192 764.809194538 788.819490721 1014.46038956 163.542914298 43.2818811056 224.066990981 266.207764257 446.000838038 40.3604189608 19.7183504626
-9999.0 -9999.0 -9999.0 -9999.0 -9999.0 -9999.0 -9999.0 -9999.0 -9999.0 -9999.0 -9999.0 15.599065336 338.62130802 29.1659202405 57.1620942801 263.854797406 31.8848410481 32.0684452509 28.3784221151 58.9109824212 27.1434705852 111.335195345 165.009664541 191.501219302 102.271294344 138.028243713 40.2951586006 43.1336841596 39.2639831994 7563.71295058 7638.69433521 824.331400389 825.935730727 804.627833539 44.5432147111 22.0511955679 115.778034347 305.410955221 167.673158166 68.6017312343 279.62529043 153.995662389 132.435811907 41.2192479651 20.0829250065 20.2399088966 20.9709099766 1102.46427917 1334.33333505 20.849484458 20.160268999 20.3468628483 466.224354673 526.076871938 38.1565809953
-9999.0 -9999.0 -9999.0 -9999.0 -9999.0 -9999.0 -9999.0 -9999.0 -9999.0 -9999.0 -9999.0 14.9863647591 375.295610317 461.957629469 27.7732820629 320.389904041 30.011283376 28.725328719 54.5535531122 139.852400018 26.6708462048 27.5063567902 25.8300199923 244.804324281 269.82348353 433.78779921 501.43589818 534.243509838 573.116738319 612.350926105 8287.93018926 9181.66088072 10073.2243172 10100.4947727 26.8450161802 22.2735399845 349.419159335 327.734006948 21.823549798 21.7142824704 300.66174856 476.357464988 20.4022413423 257.269599495 237.833446156 82.6815154908 42.2932456843 64.9622985544 25.1849636371 1381.61996345 23.9743263211 63.9089009081 85.5590893199 676.15581873 731.180321455
-9999.0 -9999.0 -9999.0 -9999.0 -9999.0 -9999.0 -9999.0 -9999.0 -9999.0 -9999.0 -9999.0 30.6620543842 58.5881777431 489.678275136 544.294339451 27.9446086855 372.835084064 26.483838762 79.9310106405 165.165210933 51.9112576851 25.2155743686 52.7447127115 25.6723096656 48.6789634188 23.0641753115 22.1614387806 20.5402393872 19.6547271561 21.6470862727 26.2147336778 34.2066357971 39.0437660951 40.4090747806 10200.3386711 472.979530963 417.341673602 31.9710083197 65.4502426019 17.5860786172 14.042840816 497.319886381 818.14057065 279.393564507 198.352971378 41.5111101978 21.1820949813 20.671603435 43.7460698397 1448.85161626 1494.89097068 23.4771158958 23.5907938012 22.9183965302 17.5719908721
-9999.0 -9999.0 -9999.0 -9999.0 -9999.0 -9999.0 -9999.0 -9999.0 -9999.0 -9999.0 -9999.0 -9999.0 28.7504573704 359.996555631 931.873629684 1013.33059 1412.09701022 1434.27720232 369.021246422 268.417926627 77.7877622361 25.0411673977 102.286530347 126.716538212 198.509820052 46.7300096723 45.1281477118 43.6736880911 85.9578704303 44.0919161776 48.1316690713 20.4902327017 19.301114049 25.795060078 10232.7728744 10721.837733 10754.0280045 34.7150242347 206.111890114 75.0532836244 21.9306033327 883.83665172 45.1626691793 23.0705069595 94.1076527105 21.9323343074 23.4092515458 46.6422686334 68.6590258458 91.4828752483 1537.35844398 20.9488105608 19.6898454694 19.8509585638 18.4889237483
-9999.0 -9999.0 -9999.0 -9999.0 -9999.0 -9999.0 -9999.0 -9999.0 -9999.0 -9999.0 -9999.0 30.1987186439 274.816943499 332.55656651 54.6902678569 16.489096339 39.912132252 1500.73762589 1523.46317854 1912.40812431 23.6932898682 48.5577914249 22.8556940628 23.3441898549 221.352559558 290.911509148 357.981119351 21.9458744662 107.888701404 173.462197658 110.813049269 41.6641620146 39.0934965509 43.6616398178 49.7635500476 32.1644217365 10783.4768359 10812.0725511 11077.1632371 41.3025818663 20.8353244716 898.622843699 46.2856001594 23.7256088451 24.5177681736 24.1703231356 23.1687594924 47.536689355 138.969394392 254.311281699 1813.11475591 18.1246297357 54.3854245442 36.8164579562 34.3502384536
-9999.0 -9999.0 -9999.0 -9999.0 -9999.0 -9999.0 -9999.0 -9999.0 -9999.0 -9999.0 -9999.0 30.9091367493 186.059930697 29.2525242422 27.2609372855 134.603621466 160.25958104 186.673775788 212.212448071 2580.92865863 2602.01673119 2647.13767614 2985.11067581 3058.53064443 3106.25781803 3129.77589968 3551.75479082 3612.64638618 3634.166117 3829.86560309 3962.90910576 3984.1820944 4063.71718659 64.1358941912 68.2278286772 24.2502691503 29.6461437096 10841.0252917 11174.255176 66.6133987714 1021.48714503 1002.61510167 90.4214565665 22.3781024767 23.2242707336 22.9087715117 22.2563703813 44.8277812116 67.6392174148 24.0341335097 1833.74339549 1854.93778959 1965.80833485 1985.09974175 2038.07065917
-9999.0 -9999.0 -9999.0 -9999.0 -9999.0 -9999.0 -9999.0 -9999.0 -9999.0 -9999.0 -9999.0 94.2467174493 124.560329848 58.2932618935 86.1916650603 27.6228963513 325.326012357 352.853795278 406.861438338 430.959466641 184.666823674 2868.16298358 2890.30532106 26.545359745 24.6418228879 23.6129757909 47.9513163585 22.1536672392 19.8302884646 18.7671429431 19.1169020498 4004.15224817 4083.96758736 4166.76965568 4252.59422623 4357.39783342 55.1197296992 23.5674911371 12268.4741936 1065.66977205 1040.70954946 21.2192889556 21.0345858843 20.4341376035 43.9676675262 43.994199615 20.3862532633 20.3919710006 19.7298010075 43.5660326427 63.109767223 16.7899175304 31.0549129228 13.7753697435 12.1743391806
-9999.0 -9999.0 -9999.0 -9999.0 -9999.0 -9999.0 -9999.0 -9999.0 -9999.0 -9999.0 -9999.0 -9999.0 63.7275140393 29.6631091537 28.4083927506 270.713428976 299.046832424 27.9651520094 112.516199129 137.980693616 162.849591903 26.3171950273 27.2015934253 473.100891139 499.171428131 524.710061862 1341.66968351 1364.86395971 1406.10250375 1576.81461729 1698.3252573 1717.43273468 16.6815847626 17.0285795511 16.3278476032 4400.06311906 22.4740423083 12502.9073682 12463.7017576 168.980120668 142.499364739 82.8470576881 20.5128352824 41.0649852178 64.8773614446 64.7645927929 40.1066844528 19.6310080454 39.3918525859 39.1824558137 81.9654008344 13.2527097467 46.4132603399 78.976393189 104.571800797
-9999.0 -9999.0 -9999.0 -9999.0 -9999.0 -9999.0 -9999.0 -9999.0 -9999.0 -9999.0 -9999.0 -9999.0 32.5412266502 93.2995769576 122.261709489 214.65222622 29.9282608583 58.8833045115 86.5667591947 317.531203857 341.326954933 362.210622299 388.550467866 418.712925951 654.910816458 740.662728602 793.158967993 23.9744001337 127.050300895 149.773826742 1640.8537226 1739.24461592 1774.92533431 1809.93390986 1850.09063725 6271.90682614 15.6474379616 12589.402904 50.9818288082 23.7298812357 122.057863004 102.105643996 17.9630775082 59.9662516945 83.9565932667 83.7457779093 58.6907924121 96.914464668 154.109617816 57.5373637436 157.383422095 16.2550008513 28.7435530374 11.8205668521 9.97633750659
