data/baseflow/mHMbf_acc424.asc
ncols                  80
nrows                 72
xllcorner      4374000.0
yllcorner      5656000.0
cellsize            500
NODATA_value       -9999
[rows 0 to 24 of 72, columns 0 to 54 of 80]
-9999.0 -9999.0 -9999.0 -9999.0 -9999.0 -9999.0 -9999.0 -9999.0 -9999.0 -9999.0 -9999.0 -9999.0 24.5372541286 19.4075343579 -9999.0 -9999.0 -9999.0 -9999.0 -9999.0 -9999.0 -9999.0 -9999.0 -9999.0 -9999.0 -9999.0 -9999.0 -9999.0 -9999.0 -9999.0 -9999.0 -9999.0 -9999.0 -9999.0 -9999.0 -9999.0 -9999.0 -9999.0 -9999.0 -9999.0 -9999.0 -9999.0 -9999.0 -9999.0 -9999.0 -9999.0 -9999.0 -9999.0 -9999.0 -9999.0 -9999.0 -9999.0 -9999.0 -9999.0 -9999.0 -9999.0
-9999.0 -9999.0 -9999.0 -9999.0 -9999.0 -9999.0 -9999.0 -9999.0 -9999.0 -9999.0 -9999.0 -9999.0 48.8186441865 104.809723052 16.1193923867 -9999.0 14.0268674811 -9999.0 -9999.0 -9999.0 -9999.0 -9999.0 -9999.0 -9999.0 -9999.0 -9999.0 -9999.0 -9999.0 -9999.0 -9999.0 -9999.0 -9999.0 -9999.0 -9999.0 -9999.0 -9999.0 -9999.0 -9999.0 -9999.0 -9999.0 -9999.0 -9999.0 -9999.0 -9999.0 -9999.0 -9999.0 -9999.0 -9999.0 -9999.0 -9999.0 -9999.0 -9999.0 -9999.0 -9999.0 -9999.0
-9999.0 -9999.0 -9999.0 -9999.0 -9999.0 -9999.0 -9999.0 -9999.0 -9999.0 -9999.0 23.499940792 22.3916022428 23.3631777504 22.8250010527 147.770066275 164.776278351 39.4704502185 12.735087526 -9999.0 -9999.0 -9999.0 -9999.0 -9999.0 -9999.0 -9999.0 -9999.0 -9999.0 -9999.0 -9999.0 -9999.0 -9999.0 -9999.0 -9999.0 -9999.0 -9999.0 -9999.0 -9999.0 -9999.0 -9999.0 -9999.0 -9999.0 -9999.0 -9999.0 -9999.0 -9999.0 -9999.0 -9999.0 -9999.0 -9999.0 -9999.0 -9999.0 -9999.0 -9999.0 -9999.0 -9999.0
-9999.0 -9999.0 -9999.0 -9999.0 -9999.0 -9999.0 -9999.0 -9999.0 -9999.0 22.6550938464 46.2704417149 91.4869275836 45.210817711 22.0101024997 43.2730475006 185.784828587 253.922597202 13.8176701412 -9999.0 22.32231709 -9999.0 -9999.0 -9999.0 -9999.0 26.6580192103 13.700525205 -9999.0 -9999.0 -9999.0 -9999.0 -9999.0 -9999.0 -9999.0 -9999.0 -9999.0 -9999.0 -9999.0 -9999.0 -9999.0 -9999.0 -9999.0 -9999.0 -9999.0 -9999.0 -9999.0 -9999.0 -9999.0 -9999.0 -9999.0 -9999.0 -9999.0 -9999.0 -9999.0 -9999.0 -9999.0
-9999.0 -9999.0 -9999.0 -9999.0 -9999.0 -9999.0 -9999.0 -9999.0 24.556282967 70.5474123523 92.2081560856 114.43810156 158.128560277 20.9807646554 84.2016428516 104.633352016 392.615513625 18.4237907873 19.4682869493 42.4818028562 61.8458500755 20.0027308628 -9999.0 68.1371780981 55.7734028014 15.0645356157 -9999.0 -9999.0 -9999.0 -9999.0 -9999.0 -9999.0 -9999.0 -9999.0 -9999.0 -9999.0 -9999.0 -9999.0 -9999.0 -9999.0 -9999.0 -9999.0 -9999.0 -9999.0 -9999.0 -9999.0 -9999.0 -9999.0 -9999.0 -9999.0 -9999.0 -9999.0 -9999.0 -9999.0 -9999.0
-9999.0 -9999.0 -9999.0 -9999.0 -9999.0 -9999.0 25.1870100718 23.290843375 22.2866045825 22.5549242848 22.6517199618 160.369389594 340.580750898 362.450555313 381.116382641 17.8196871413 429.937664243 449.435317904 39.4216947459 19.8078594883 80.8773858693 139.758169541 19.5112717534 125.371580016 20.0784729606 19.6884602652 20.5048527954 -9999.0 -9999.0 -9999.0 -9999.0 -9999.0 -9999.0 -9999.0 -9999.0 -9999.0 -9999.0 -9999.0 -9999.0 -9999.0 -9999.0 -9999.0 -9999.0 -9999.0 -9999.0 -9999.0 -9999.0 -9999.0 -9999.0 -9999.0 -9999.0 -9999.0 -9999.0 -9999.0 -9999.0
-9999.0 -9999.0 -9999.0 -9999.0 -9999.0 -9999.0 50.1770990687 74.1890652875 167.453789193 233.541352263 20.8625617023 21.748602965 20.7870555747 60.6105090609 460.625706399 17.8716157591 468.873756889 543.584876359 58.5571428942 38.0862054887 157.978880017 19.3411132436 144.337905904 38.1390842449 18.9823904862 38.1835065382 40.4502983487 20.2364320948 20.4215191066 20.1241981295 20.4335409492 40.991837458 -9999.0 -9999.0 -9999.0 -9999.0 -9999.0 -9999.0 -9999.0 -9999.0 -9999.0 -9999.0 -9999.0 -9999.0 -9999.0 -9999.0 -9999.0 -9999.0 -9999.0 -9999.0 -9999.0 -9999.0 -9999.0 -9999.0 -9999.0
-9999.0 -9999.0 -9999.0 -9999.0 -9999.0 26.367811845 51.5319988053 24.9005333352 48.4601549047 257.07733422 300.529523902 344.122312366 1096.00531259 19.9684777062 480.658977353 1732.07533106 1746.5970455 2314.63385715 15.5782512699 56.5280735386 176.333355678 18.2459190736 355.863597625 192.990939764 117.331086505 98.2023366049 19.805305861 60.0681194871 59.9493356712 40.0047847877 19.2286970925 60.7050456365 18.8465181864 18.6961667048 -9999.0 -9999.0 -9999.0 -9999.0 -9999.0 -9999.0 -9999.0 -9999.0 -9999.0 -9999.0 -9999.0 -9999.0 -9999.0 -9999.0 -9999.0 -9999.0 -9999.0 -9999.0 -9999.0 -9999.0 -9999.0
-9999.0 -9999.0 -9999.0 -9999.0 -9999.0 26.5755667791 77.8846402597 154.80356689 178.730850683 354.105005862 376.873327714 447.325831616 731.673816579 1155.76746935 1196.41871805 1215.03828798 34.3958770401 2376.28582651 2408.72332251 2501.27058243 3107.68743586 411.328978512 374.783439551 136.152643558 18.4089064557 115.713237549 78.3569923312 17.7668264597 78.0181298836 17.6185276437 36.1418900032 97.2016801162 115.354647467 36.7264650467 17.6691479654 17.6842731081 -9999.0 -9999.0 -9999.0 -9999.0 12.6760707242 11.3524379545 -9999.0 -9999.0 -9999.0 -9999.0 -9999.0 -9999.0 -9999.0 -9999.0 -9999.0 -9999.0 -9999.0 -9999.0 -9999.0
-9999.0 -9999.0 -9999.0 -9999.0 -9999.0 26.0488928431 25.1369746922 102.991349077 127.153496004 151.901903728 23.8173788227 47.3184267465 268.562353899 48.3588220833 22.2510254772 20.6504762428 18.5189677941 20.5850159728 20.2038007777 20.1593325132 3127.07127387 3181.6496138 17.8881818278 54.4090566298 36.6819895423 133.809652879 35.7550619065 17.3977325247 96.3454242387 34.350668894 82.1409187526 202.473244063 187.429360927 54.1463178302 52.2198654345 17.9147623091 17.6422534145 -9999.0 -9999.0 17.6716096224 27.6479937004 62.5347356737 11.7984780046 -9999.0 -9999.0 -9999.0 -9999.0 -9999.0 -9999.0 -9999.0 -9999.0 -9999.0 -9999.0 -9999.0 -9999.0
-9999.0 -9999.0 -9999.0 -9999.0 -9999.0 -9999.0 26.6930262247 26.3931528152 51.4330313208 76.6302549093 174.202161337 222.591451422 246.699575075 26.1681473927 20.554211568 267.788545016 328.671488039 348.145997856 428.716950105 447.790307165 18.6821103122 3200.33822202 3289.35040739 70.8994984492 12.7300123171 150.224724893 332.838379218 130.561828715 33.6011871797 16.8718160756 316.994193496 219.33011811 16.0022914442 16.4029226186 68.6508311504 52.3156911141 16.5530066063 16.1901852176 16.9740289414 34.3603812218 16.328501123 75.7323229553 91.1596142698 14.6765302618 -9999.0 -9999.0 -9999.0 -9999.0 15.8574188123 15.1564659881 4.62751813495 -9999.0 -9999.0 -9999.0 -9999.0
-9999.0 -9999.0 -9999.0 -9999.0 -9999.0 -9999.0 -9999.0 26.1444645949 23.796256709 49.2636752965 74.0301329029 24.3874220447 22.4304965293 139.679260544 182.976140256 227.016083729 20.7256467251 41.4703548687 20.2162508467 466.995061458 1022.3840055 1035.56757661 4358.71158733 17.9834431411 38.6596853961 12.3494464272 349.613491867 16.833704534 50.7313301581 16.6682207546 333.201995224 349.377034516 32.1908704876 32.4970722872 171.391114362 85.8513602532 33.0895326645 16.9004494218 33.9446062879 51.1126900011 82.9420785475 15.3489780988 119.359233211 131.770237386 10.9985026937 11.8742383082 12.0624783394 10.9733412235 10.3009822138 43.6750028874 17.6282245449 11.4576926641 -9999.0 -9999.0 -9999.0
-9999.0 -9999.0 -9999.0 -9999.0 -9999.0 -9999.0 -9999.0 -9999.0 49.9602314319 72.9174053168 24.3776538896 49.2356162773 72.4139183338 118.786391454 23.4491089971 22.7904322013 20.2822592018 20.5687550967 19.1513822934 517.040896467 20.1668293898 39.7594354802 4412.74092269 4450.51488615 18.1851371757 75.2710681124 441.13560801 33.1905115639 66.0589268232 31.3064710226 46.3186142953 411.319281748 47.0849267415 249.619087577 202.37785832 15.7628964462 81.799212338 32.9490007475 49.6224111778 15.7204905405 97.9972772105 126.852041755 137.542224584 147.700597833 173.184476423 20.9679561145 21.6203628003 19.843566441 18.4103906634 54.2806993981 11.3422980142 40.7573925356 51.5041643417 -9999.0 -9999.0
-9999.0 -9999.0 -9999.0 -9999.0 -9999.0 -9999.0 -9999.0 -9999.0 25.7541296896 123.824949439 147.78536481 24.0044570567 47.000325125 22.9912659747 21.7494550664 21.3969589527 263.040223663 349.088699721 427.179382274 502.936051302 19.0821030866 19.8474127525 20.7327590619 4536.5287552 4575.48785892 4592.64407346 592.351771722 132.146289529 115.02526893 14.9017965549 60.7634610533 486.78710593 14.4086360569 264.223285835 15.4686563649 105.564589428 98.0495857031 15.8673369023 65.1898213121 31.2273109981 46.3179952984 13.6135614911 10.0013059362 157.736311866 166.768918225 182.191939424 31.1094145107 28.8923139175 27.2152872031 66.2878859144 89.1555690387 11.3998262698 62.8030560747 12.0629834974 23.02986117
-9999.0 -9999.0 -9999.0 -9999.0 -9999.0 -9999.0 -9999.0 -9999.0 -9999.0 25.846533226 172.293877007 195.949119771 70.1301251424 115.831193384 158.916877342 180.237848073 21.3658801751 65.7217679811 43.0598028876 21.4550511221 21.3675989192 20.0292679608 39.7006194399 68.401530504 23.3150625003 5226.5395139 5244.82997626 16.6649860138 13.5984364666 30.140775935 44.8776605388 529.90889156 28.5565682209 277.590495462 162.666306356 133.557718594 15.1954170156 30.8313858834 79.6776237969 14.4175756873 60.2773265827 27.3407371683 17.5185410067 7.72446221931 191.070996681 380.762144562 37.8026321982 35.8064562795 36.7417343986 9.85747381824 98.8079805835 9.46537979885 84.1316499776 10.810115937 33.7628943168
-9999.0 -9999.0 -9999.0 -9999.0 -9999.0 -9999.0 -9999.0 -9999.0 -9999.0 -9999.0 23.4948757251 243.258132051 23.0722742408 45.9051344808 66.7591503301 108.726312355 21.5979311819 44.2840875122 21.7539384733 21.0787414638 19.9046694703 39.5589460999 18.0930562266 19.9789812547 40.451347825 22.6263384667 5263.1673536 5296.8449112 5345.56436988 59.5777259697 14.8261565133 29.5339242856 544.659192935 510.89776665 192.513620761 14.8004674633 60.768175149 45.7659486278 94.2027621538 28.8879324853 115.521585968 41.1211791687 28.6793742942 5.57914172161 8.36525939742 390.578842635 399.110941232 480.176117161 67.3370650535 20.2441326771 109.110007079 128.647660469 222.161154299 21.2352195877 10.0817406738
-9999.0 -9999.0 -9999.0 -9999.0 -9999.0 -9999.0 -9999.0 -9999.0 -9999.0 -9999.0 -9999.0 12.1436425137 269.550100881 22.0865597085 42.77422703 193.687512261 21.8188053721 21.7583264401 19.9660438105 41.5279709985 19.9303472429 79.3810361661 115.784686709 133.039470941 56.771180277 72.3782427603 17.014465663 20.9641008067 18.9999652358 5438.16404847 5481.81782938 557.830064151 536.642988316 523.926850821 26.9395588634 13.2472483622 74.6268664564 196.496317241 108.041472567 42.6763021194 171.210759471 61.5614926462 49.1982559026 11.7075617654 4.8976118488 4.52859653242 5.56573301198 507.321767285 602.560057498 9.87554963857 9.1344743151 9.9891830835 231.933320774 262.657131612 18.5567330996
-9999.0 -9999.0 -9999.0 -9999.0 -9999.0 -9999.0 -9999.0 -9999.0 -9999.0 -9999.0 -9999.0 11.387395826 297.225736536 365.428753643 20.9867094088 235.857644076 20.5940143706 20.0576833999 39.6183514852 101.020325383 19.4841738558 20.1126934471 17.9221096167 168.839413791 185.833631226 276.134034903 309.18167546 326.205664237 342.150316728 361.405572531 5859.39242259 6444.71699375 7005.84535669 7016.52348762 12.3362060145 13.388537212 224.250176748 210.488102754 13.6080487136 13.432196923 183.680039499 257.964856095 10.9869760523 110.369495103 101.087762272 23.7948981401 11.5714610965 19.1784264933 9.59574084715 618.536016418 7.84518905723 26.7126940064 33.1067354932 316.572715595 340.392928592
-9999.0 -9999.0 -9999.0 -9999.0 -9999.0 -9999.0 -9999.0 -9999.0 -9999.0 -9999.0 -9999.0 24.3261143155 46.7587664747 387.518294537 428.083745447 20.4261036851 272.882594771 18.3973874666 56.2940059811 119.521790103 37.9634074693 18.4361998565 37.5107042015 16.5694680499 32.1854222351 15.8304865303 14.664218286 12.5150179849 10.9787716923 10.4243346711 10.0464712325 13.4385926049 15.2864566427 17.0340794517 7058.07115753 266.986868225 244.102648365 9.54707123403 39.2179264688 10.1079116716 8.48849268278 270.111406944 415.971932176 122.92350323 89.918069297 13.7251952971 5.74754644868 5.27678518228 13.0715331313 639.865962997 654.372330307 7.55042703801 7.56644979064 7.26069924898 5.47467332081
-9999.0 -9999.0 -9999.0 -9999.0 -9999.0 -9999.0 -9999.0 -9999.0 -9999.0 -9999.0 -9999.0 -9999.0 21.7599800821 284.370688527 733.438459914 796.084325255 1087.95219649 1104.18886681 266.57660367 194.989806645 56.7140182647 18.2812400695 73.3943042695 90.8197863552 138.990402204 32.1514119002 30.1222067181 28.1402960527 54.1558193907 25.2982251883 24.1611382817 12.2282480722 7.7223739258 9.4987124449 7071.70365434 7349.11108781 7359.86830376 9.3870329786 103.055054207 44.6139798665 13.1277496505 453.988526901 26.2676455393 13.464587024 54.6426989734 11.703701321 9.89993440976 18.0713248346 25.2036317991 32.974889391 666.857003766 5.8928353922 5.08530773406 5.1296497796 4.14410993691
-9999.0 -9999.0 -9999.0 -9999.0 -9999.0 -9999.0 -9999.0 -9999.0 -9999.0 -9999.0 -9999.0 23.251945145 216.412719751 262.518182203 42.5192427476 12.6526978225 29.4883432891 1152.9448947 1169.5722216 1451.65540322 16.9966081957 35.1555436965 15.9011950407 16.1471124353 154.635091776 202.410850819 247.398737505 14.6143909492 68.5645951991 108.025945631 63.3907357122 25.8082651638 19.2951234585 17.8509759047 16.7345981925 9.08864981931 7368.77249666 7376.04285365 7493.99599702 22.6678851118 11.8284334902 463.082532877 28.5535988433 14.4797616769 14.8006521467 14.6233564445 13.7724324626 23.8885206618 67.4809869307 108.66245826 781.686260073 4.56065537017 13.499668093 9.10373234739 7.67384282706
-9999.0 -9999.0 -9999.0 -9999.0 -9999.0 -9999.0 -9999.0 -9999.0 -9999.0 -9999.0 -9999.0 23.6919562846 148.544991141 23.4662623736 21.1604538174 107.426846509 126.280500489 145.640273242 164.042372964 1961.81718114 1977.30926936 2010.13109675 2248.87705218 2296.27614711 2323.13879642 2339.19302661 2618.01856429 2654.32634012 2668.50665961 2791.50704097 2869.63515778 2883.36433143 2927.02035008 30.6213417202 26.0830438481 6.38716759051 5.95258403722 7384.3026662 7533.31268352 32.5832001488 536.470677618 525.799118244 54.063213387 13.1974970071 13.0753754776 12.7335476572 12.3743486111 24.8353497045 35.3891727529 9.90734732175 787.471705922 793.555472205 821.281831045 826.191494101 838.328101791
-9999.0 -9999.0 -9999.0 -9999.0 -9999.0 -9999.0 -9999.0 -9999.0 -9999.0 -9999.0 -9999.0 76.0614831983 100.644150242 47.4097819304 69.6857736693 21.994650282 251.547513408 271.557297627 311.011931514 327.561614386 130.954979914 2166.45006923 2181.33739063 14.7564534855 10.91336405 9.34509099354 20.8734136063 10.2769371465 7.81802599809 7.55127907219 8.64144253159 2894.90353867 2939.05138298 2981.98221284 3019.02320983 3043.09348774 10.1822529184 3.81122220206 8094.91126476 554.874572929 547.544960697 12.2459252416 11.1462190466 10.2857490195 23.5826889207 23.2529837047 10.8198555832 10.8653756957 10.2780398429 20.1454388018 26.4734882617 4.3684423421 8.08043237588 3.34675391272 2.02919867877
-9999.0 -9999.0 -9999.0 -9999.0 -9999.0 -9999.0 -9999.0 -9999.0 -9999.0 -9999.0 -9999.0 -9999.0 51.3906481361 24.2337177868 22.5904244386 211.849539457 232.275213448 20.6050817699 80.8329545873 99.546957011 116.333316837 18.2154530173 14.8612209235 330.953144367 343.497062825 355.457428603 902.800677343 911.956728024 926.754733218 1000.64557619 1042.91390509 1049.73185777 6.57291364076 6.80398403844 7.40413201125 3054.31819832 5.18323881517 8194.52256705 8186.6306891 85.1752104248 76.3505671846 46.5307613778 11.6895949198 20.6320565016 33.9887597837 33.6214089518 21.185521491 10.5082911527 20.5871893163 20.6719223067 35.7365936819 6.70491294038 14.2760470276 23.0363467226 27.2372495704
-9999.0 -9999.0 -9999.0 -9999.0 -9999.0 -9999.0 -9999.0 -9999.0 -9999.0 -9999.0 -9999.0 -9999.0 26.3753529082 74.4063531278 97.4766558289 167.527071786 20.8291719823 41.9931044106 61.9178538629 240.474055899 257.10116167 269.221720973 285.361669052 302.408658708 463.633062824 512.19648695 537.323259272 9.83112061656 58.9604899321 67.354694441 1021.08325235 1057.16053065 1071.83211896 1086.62986858 1100.72692164 4161.03958824 4.47159976063 8216.81878748 12.0632283325 5.36594468789 64.7956442423 56.4868566896 8.68454903687 30.6522524884 43.8952875275 43.228973267 30.0507985933 49.3522426588 78.1306079779 29.706700236 73.8124858914 6.67714047322 10.0761241204 1.54853198639 1.15796914976
