data/baseflow/mHMbf_acc362.asc
ncols                  80
nrows                 72
xllcorner      4374000.0
yllcorner      5656000.0
cellsize            500
NODATA_value       -9999
[rows 25 to 49 of 72, columns 0 to 54 of 80]
-9999.0 -9999.0 -9999.0 -9999.0 -9999.0 -9999.0 -9999.0 -9999.0 -9999.0 -9999.0 -9999.0 -9999.0 24.5579202668 48.7168740567 23.015457873 46.5286843878 21.7384164651 159.599659353 201.987692625 223.421112878 20.0579449745 38.556683051 370.475299787 463.269861371 480.446488373 39.1184159244 34.9927407361 50.2630409756 10.4363544857 9.83148607493 18.6189147644 8.74190082512 578.163230025 588.609712903 597.125329083 4481.12270735 9033.9542776 8972.60293098 14.3894952321 6.13949765694 5.52802100596 24.9413939664 19.3634305476 49.9531618489 69.5498626148 139.613928134 12.4894337046 12.405231851 117.449569155 128.756787639 246.658658359 253.559461739 271.809820021 277.88750352 5.27633543195
-9999.0 -9999.0 -9999.0 -9999.0 -9999.0 -9999.0 -9999.0 -9999.0 -9999.0 -9999.0 -9999.0 -9999.0 -9999.0 24.0448248412 47.5531889594 70.8984431222 115.384028492 22.8137947802 21.6598420121 148.938626418 169.124315941 335.014769759 355.007468566 57.0164770631 20.4994366413 19.9404341118 17.6913745391 517.593873284 530.11369333 541.349826408 550.696244506 568.733359393 107.469294294 116.972148741 721.881140551 14242.2099382 51.3508005062 41.8666187196 21.4390117042 5.46222416817 4.77131105296 35.9573205158 39.792824048 59.821965239 5.05651999503 146.223446266 21.0610822226 20.6867841785 4.70137799596 3.13247118065 2.69389635132 2.63334976873 2.7717317435 281.896037611 3735.17182166
-9999.0 -9999.0 -9999.0 -9999.0 -9999.0 -9999.0 -9999.0 -9999.0 -9999.0 -9999.0 -9999.0 -9999.0 -9999.0 -9999.0 23.3435833573 44.9633904529 64.599459741 84.5962971364 105.972815393 127.738555041 64.5913913816 106.882191636 20.0199316693 19.7243506334 424.329867088 463.27267961 481.756370243 501.929018442 15.2063476413 27.713461987 72.7556279947 85.756115355 97.1204017423 11.1645375732 7.73658384328 14267.0323897 9.54711837255 11.5891283321 5.48297684305 22.6812883456 10.9603466411 5.13507196796 104.775049463 108.723527341 3.13449111749 149.658912677 173.660172611 24.2480202091 3881.25922516 3873.83361954 3867.5883058 3855.02558974 3849.99669605 3756.79398796 3752.72769787
-9999.0 -9999.0 -9999.0 -9999.0 -9999.0 -9999.0 -9999.0 -9999.0 -9999.0 -9999.0 -9999.0 -9999.0 -9999.0 -9999.0 4.94351614941 11.4891167699 19.5825016102 176.313961203 198.452860452 22.1216078116 21.8817245999 21.3687153865 344.587528736 385.65512356 20.0869313003 20.5090484634 18.2437796298 73.6347524896 91.5577171292 46.4874877114 59.818234079 413.045916187 426.831526597 449.930938086 716.361731222 14989.2645917 8.87101035711 4.63093374545 34.7876816213 28.855366127 4.62081257082 14.5199587002 18.7333383867 113.407462917 117.090681622 300.487976461 177.080427213 28.2599341302 3964.28646411 35.7177441491 3861.86285254 3858.63737579 88.3391084451 5.81443994709 13.6785016229
-9999.0 -9999.0 -9999.0 -9999.0 -9999.0 -9999.0 -9999.0 -9999.0 -9999.0 -9999.0 -9999.0 -9999.0 -9999.0 -9999.0 25.4851988046 41.7221892838 87.9455282027 154.112230729 216.583665269 260.631730486 282.061370581 303.785343652 324.757923312 20.4252734795 19.460429918 38.5728731305 36.9298409473 18.7612666507 355.108734825 372.74556423 389.330467732 405.39856643 234.313094086 246.470119539 258.539961841 14994.2709184 15.1243864607 11.4030957176 50.2879236543 5.83098970834 8.32199021307 4.26562063558 3.91316909443 22.5020721463 2.93146562046 3.13393112031 4283.58140339 3980.71605608 3977.54420974 14.6302044012 32.7328800973 21.3252195631 5.13182154422 79.1317854421 22.8596466445
-9999.0 -9999.0 -9999.0 -9999.0 -9999.0 -9999.0 -9999.0 -9999.0 -9999.0 -9999.0 -9999.0 -9999.0 -9999.0 -9999.0 17.8148404052 16.7447720254 32.6967692163 49.7470025273 22.4564511784 23.1413349312 45.2512300466 67.2076300224 109.305249983 130.302095613 149.899058344 208.557346795 227.110574942 246.428337668 17.8754306658 179.459208247 195.271898285 209.505943735 11.7433114027 7.7479606982 13.2916423149 15264.5362432 15269.3156452 15293.3374323 66.5654860192 11.795036944 13.9168397619 3.69843236678 7.00332994196 25.6896684931 31.3166447513 5.7054689561 4298.28055419 4.78637774172 8.2634338882 9.32663542676 6.71635212606 12.5469197465 5.17009888038 51.261437795 40.446926827
-9999.0 -9999.0 -9999.0 -9999.0 -9999.0 -9999.0 -9999.0 -9999.0 -9999.0 -9999.0 -9999.0 -9999.0 -9999.0 -9999.0 -9999.0 16.0438063479 31.6889019658 15.5515833215 32.1162765255 202.961751578 224.002427961 245.945123901 20.9847214963 21.0172197885 40.6890782826 60.5529770288 97.4344818946 116.012143468 126.619879482 143.98134894 15.2223729917 14.1569160123 233.681033576 240.731103985 246.326198782 251.769138209 208.348562445 15524.3196248 15624.6104829 15629.6216893 15648.0887685 15669.4170096 15679.637263 2.93351809794 34.0058481771 4301.05078912 6.94171527819 3.58293778382 3.62876093457 3.33585768362 5.87821417567 6.17148189383 3.6851112317 5.6750413326 5.54083201595
-9999.0 -9999.0 -9999.0 -9999.0 -9999.0 -9999.0 -9999.0 -9999.0 -9999.0 -9999.0 -9999.0 -9999.0 -9999.0 -9999.0 -9999.0 -9999.0 47.1744751835 64.1765461272 113.895355139 152.590082688 21.0085615549 289.792180683 310.701682736 331.571037952 20.3478008694 40.3674373507 18.5064083355 136.05925732 146.275495718 162.252292083 178.113945334 218.095854624 223.525033821 3.65923639647 187.350748029 198.227477838 203.284300986 225.962237492 28.8342817916 18.3858198196 11.609861571 11.2345990273 15691.6327009 15696.4766177 15756.2238622 4303.78887279 18.7523361495 9.42438324539 6.21100008385 2.06088188435 18.9049817988 10.3480066855 3.30489369804 18.9874302312 16.2554982383
-9999.0 -9999.0 -9999.0 -9999.0 -9999.0 -9999.0 -9999.0 -9999.0 -9999.0 -9999.0 -9999.0 -9999.0 -9999.0 -9999.0 -9999.0 -9999.0 17.2639233378 80.799000198 98.1192722703 22.2543148738 22.338326328 44.5230430446 65.6675273629 417.953676554 20.2523604022 81.2464920036 100.018894608 118.780455036 10.7241336544 25.9096659695 35.2260293551 151.02249754 168.349172217 172.943520161 5.46279977246 5.53485596181 6.75371033848 12.4111100787 5.42993745208 5.82282411621 10.0947760161 8.6206976944 9.99596859382 22.6034001677 15761.744126 20078.4855569 23.3033258026 5.01357356489 1.99271253566 61.8477840973 57.3127528 35.0915874036 31.7291889137 23.8837018119 5.77251082606
-9999.0 -9999.0 -9999.0 -9999.0 -9999.0 -9999.0 -9999.0 -9999.0 -9999.0 -9999.0 -9999.0 -9999.0 -9999.0 -9999.0 -9999.0 14.7665715071 48.113294819 16.0275957951 24.3216092081 24.076934413 46.6693425673 68.5979099997 88.876718023 523.811742983 543.6970575 20.3070637292 39.2806428224 58.2977764637 72.2318862729 87.7115704249 134.031113139 145.256926659 10.9163566075 9.73913991452 9.16706428344 10.8230489601 10.3530995641 10.3052110627 8.86703405744 11.2213610993 33.7226443246 15.5305830597 4.6731430509 4.42363744445 4.6341899534 8.59630322232 20261.9877237 154.671802821 72.0525957278 5.14833313772 2.21816011358 1.95446991773 7.76718814323 5.57442275507 2.96813658763
-9999.0 -9999.0 -9999.0 -9999.0 -9999.0 -9999.0 -9999.0 -9999.0 -9999.0 -9999.0 -9999.0 -9999.0 -9999.0 -9999.0 15.6510137312 29.9721888207 108.765940783 15.6394529136 46.4554154498 70.3716069512 93.1201536676 22.7443715963 43.72592099 63.2641218836 623.054125869 19.6208357076 37.8764071583 56.4184124691 17.2499093266 34.1746037641 44.9193252198 55.9402893275 1225.88402716 1244.48637524 1261.26678508 1332.68537593 1364.56461115 1423.53527402 13.5158254106 32.1532707738 41.6124801017 1591.72909853 1600.75387796 4.01728501195 7.27741030559 10.3758751297 20266.2661339 144.622363553 66.1247117141 63.4745279493 51.3735178851 45.675455526 10.2769941204 2.36906456131 4.93456387451
-9999.0 -9999.0 -9999.0 -9999.0 -9999.0 -9999.0 -9999.0 -9999.0 -9999.0 -9999.0 -9999.0 -9999.0 -9999.0 -9999.0 15.7295883042 47.7375418539 172.107569568 253.938090954 14.2097232078 335.300003773 445.362796514 22.1884019134 43.1542231616 63.4417559747 804.386133886 821.438596433 17.6058866944 92.1414660325 108.531880016 122.804279799 1108.91310709 1141.52580912 1160.08036459 8.91831056718 51.0174419586 60.489749719 27.2365382782 39.5674935459 1477.67947403 1526.66244917 1536.17694518 1545.15259868 1610.4272039 4.68990696589 3.94412450822 17.3629414677 20270.0150666 3.83616473207 3.35215880341 9.93637206246 3.7369838396 41.7715766586 33.8670005763 20.072847724 14.7283344766
-9999.0 -9999.0 -9999.0 -9999.0 -9999.0 -9999.0 -9999.0 -9999.0 -9999.0 -9999.0 -9999.0 -9999.0 -9999.0 -9999.0 -9999.0 -9999.0 33.3100552853 67.0114308882 301.670120006 318.736373064 460.452725239 477.550941613 21.7247555839 43.3561339101 103.761317034 836.645714193 871.908918 887.125505319 12.3582372809 941.172289658 974.502735039 20.903172007 9.02621676483 17.9074696756 34.6851184549 8.13994008862 16.3869640429 36.712640675 45.9200627636 8.32724616732 5.48614402088 10.9296188183 1652.26235279 1666.79007941 1670.11394253 1696.69037584 20273.3189234 2.2626920104 2.38347301211 2.83133701728 2.76964616816 2.84361316279 2.45853853382 4.5838379301 1.77130348867
-9999.0 -9999.0 -9999.0 -9999.0 -9999.0 -9999.0 -9999.0 -9999.0 -9999.0 -9999.0 -9999.0 -9999.0 -9999.0 -9999.0 -9999.0 -9999.0 17.436878856 17.1160257519 17.0169823012 35.2546830247 15.5000143071 508.27981674 524.065944499 20.6325370927 41.0898978649 20.9302710266 17.8421068011 17.4270528968 917.712698475 11.1317913524 22.1214360824 11.363245053 9.75203347048 8.66744435574 6.75146708238 7.01927858064 21.1585099912 28.8884586119 5.47886733299 4.78379207904 10.1926793866 16.859101907 22.8751697283 6.99141137302 1675.59411902 1700.21114712 20275.5514912 11.0731861094 6.65650504977 1.74785122553 4.19363722162 1.4550805088 1.14163015184 5.82224583722 9.40586992477
-9999.0 -9999.0 -9999.0 -9999.0 -9999.0 -9999.0 -9999.0 -9999.0 -9999.0 -9999.0 -9999.0 -9999.0 -9999.0 -9999.0 -9999.0 -9999.0 -9999.0 -9999.0 16.9144620358 50.9540096413 65.0174746755 79.9960620489 538.628363974 553.158706991 568.169605342 586.525365053 603.605803147 638.361537603 649.337015511 659.886865397 669.444705517 8.82184833254 8.19842557638 8.5778870386 29.6908637148 7.7637968413 7.27690837807 5.76858574915 16.5041716029 6.32214911751 4.78932855039 4.45078133317 3.92176329819 7.82618000615 11.0560151377 1722.40980437 22011.6342524 2.00921390907 4.52012562269 1.48759083257 5.75132429438 3.17026510453 2.29467254135 22.5268114024 15.3871547171
-9999.0 -9999.0 -9999.0 -9999.0 -9999.0 -9999.0 -9999.0 -9999.0 -9999.0 -9999.0 -9999.0 -9999.0 -9999.0 -9999.0 -9999.0 -9999.0 -9999.0 -9999.0 -9999.0 14.4817267271 113.025075699 223.987417129 240.056389891 21.2632135679 41.9723419797 62.6351712557 81.548653974 198.498455365 208.258940839 9.41095766266 9.15119441711 687.384279181 703.444732064 711.007808346 35.534390619 5.38073619221 13.0492689636 19.140985454 56.0457500293 68.0777427925 77.3103830514 8.49166375749 11.8278383401 3.92155213787 7.6527233329 3.87027996318 22018.7890423 1.83655749066 7.98141107613 3.8130418672 11.3298388815 22.9387207393 26.3262096645 49.9508474473 19.8402863247
-9999.0 -9999.0 -9999.0 -9999.0 -9999.0 -9999.0 -9999.0 -9999.0 -9999.0 -9999.0 -9999.0 -9999.0 -9999.0 -9999.0 -9999.0 -9999.0 -9999.0 -9999.0 15.8837385608 50.3881242242 98.855488018 129.26882309 333.790962979 352.557915119 42.2763610442 63.0044339517 81.5556361415 100.473599917 218.852698248 238.304875576 423.092957491 438.281850141 447.124889071 718.818100613 774.062139357 13.074866569 8.34817488659 8.00856831849 15.1746696927 6.74284447462 89.8402604453 94.274303314 15.5310384868 20.8534651172 4.48056056286 4915.59398894 4923.44916891 26946.9993191 26958.0243764 1.87239288791 15.5308664443 2.58298886337 2.29427204601 54.8104076393 76.5518129927
-9999.0 -9999.0 -9999.0 -9999.0 -9999.0 -9999.0 -9999.0 -9999.0 -9999.0 -9999.0 -9999.0 -9999.0 -9999.0 -9999.0 -9999.0 -9999.0 -9999.0 -9999.0 -9999.0 17.9782375121 17.5156390926 33.4113158863 79.3988068368 367.533235972 21.5259938472 21.2921748411 40.0809406926 58.85050946 143.865980499 157.150359483 9.57724338108 9.9188610164 458.169895202 466.61623786 1248.79866706 1256.34640496 4.80081031147 4.19504427616 3.38909137584 3.42261016738 3.58686288878 4828.31360609 4856.17040671 4882.94805024 4892.82563853 4910.63576013 4.32843130161 16.0635861121 19.7019270091 26984.3332701 26986.0109661 26990.6694451 26995.9845657 26999.9825861 80.5838844422
-9999.0 -9999.0 -9999.0 -9999.0 -9999.0 -9999.0 -9999.0 -9999.0 -9999.0 -9999.0 -9999.0 -9999.0 -9999.0 -9999.0 -9999.0 -9999.0 -9999.0 -9999.0 -9999.0 -9999.0 16.2978946312 16.9411006883 31.5026102206 429.549840733 446.071785617 21.0972143771 39.8003154892 58.7667309433 72.6647786673 12.6284332364 24.570694273 1036.11774749 1045.57495187 1054.57648461 1122.56380377 2387.51056229 4646.60849281 4657.87066467 4667.82973658 4677.32795518 4716.9321934 4729.54285194 22.6847644743 10.1575290055 5.84875896443 11.0013915683 8.00213682032 12.651374689 3.83953570824 97.1098544333 104.496103778 110.558780086 112.196223367 27002.3539335 27087.3622627
-9999.0 -9999.0 -9999.0 -9999.0 -9999.0 -9999.0 -9999.0 -9999.0 -9999.0 -9999.0 -9999.0 -9999.0 -9999.0 -9999.0 -9999.0 -9999.0 -9999.0 -9999.0 -9999.0 -9999.0 -9999.0 16.7125027992 31.9863287955 47.3198824164 459.068031737 17.9574240955 633.665925168 653.321772333 666.577716602 679.3606762 987.126798662 999.815630485 10.2762457436 50.1215066986 60.4333437354 9.33928657474 2247.7425985 2230.98058229 5.19267071068 11.8354533119 31.3944990782 6.86094630601 7.02072257679 5.21510020791 4.32087975952 3.41893752534 3.83420078124 84.6469643137 88.5201258837 93.2045758403 4.43981380971 3.99940353513 114.353792927 116.473504553 117.679529972
-9999.0 -9999.0 -9999.0 -9999.0 -9999.0 -9999.0 -9999.0 -9999.0 -9999.0 -9999.0 -9999.0 -9999.0 -9999.0 -9999.0 -9999.0 -9999.0 -9999.0 -9999.0 -9999.0 -9999.0 -9999.0 15.4291750287 14.40756885 74.6033580849 564.149246453 597.154388749 614.939619976 20.3867578017 277.683496032 289.850477293 295.709713309 12.0874765894 23.0230547924 32.5276537371 538.304700855 545.571101396 551.749254585 2219.668691 1319.44913371 6.49439760635 6.643040105 6.38778244597 4.94149164774 52.907514982 62.7025758282 71.3447264349 76.012980486 80.5019554598 583.785197707 586.975300608 591.326834632 602.644090921 646.504637048 648.134769517 767.465848069
-9999.0 -9999.0 -9999.0 -9999.0 -9999.0 -9999.0 -9999.0 -9999.0 -9999.0 -9999.0 -9999.0 -9999.0 -9999.0 -9999.0 -9999.0 -9999.0 -9999.0 -9999.0 -9999.0 -9999.0 -9999.0 -9999.0 30.1279685519 45.8205668594 16.8562566468 21.5957801183 204.375645494 226.015795911 242.061325964 112.571040963 124.590978364 137.258783716 147.630749067 522.093949156 531.660624466 327.021808127 886.590120272 893.966535286 1313.96251707 13.7593611376 6.88168164812 4.92366920759 37.0169097821 43.2178846653 3.65894816693 3.40942999441 568.559921862 576.800410183 580.749937742 5.68085414579 8.21620320014 639.149208836 4.8402523626 13.0668506063 14.3403449032
-9999.0 -9999.0 -9999.0 -9999.0 -9999.0 -9999.0 -9999.0 -9999.0 -9999.0 -9999.0 -9999.0 -9999.0 -9999.0 -9999.0 -9999.0 -9999.0 -9999.0 -9999.0 -9999.0 -9999.0 -9999.0 -9999.0 15.0366293261 29.794204582 126.004408061 143.211283613 162.804649644 83.2597876302 100.573553564 12.1673503254 342.690942736 353.938892799 364.784276184 10.011268671 309.002239203 318.802539863 7.58881822469 1277.89979722 15.4384290226 7.6773853342 20.1800021866 27.0835803577 5.12543314064 4.20034801153 525.310866621 561.005588953 565.858500733 4.98038584313 10.8247623208 13.7504536795 16.6274961134 32.8170088322 4.70274829616 10.8259054065 1.98164562239
-9999.0 -9999.0 -9999.0 -9999.0 -9999.0 -9999.0 -9999.0 -9999.0 -9999.0 -9999.0 -9999.0 -9999.0 -9999.0 -9999.0 -9999.0 -9999.0 -9999.0 -9999.0 -9999.0 -9999.0 -9999.0 -9999.0 14.9882315671 46.9514951307 81.4049534936 19.6410804004 40.9464132622 63.0147507337 292.919466841 307.500277715 319.40138861 11.3386981149 247.93822478 280.507914643 290.637797636 8.29316387775 1245.71144872 1263.09445813 8.14463524903 7.55731221267 14.7558912223 5.97998237245 497.50643149 507.846321854 513.816639808 22.9206399401 28.0428336547 4.44172648941 7.84127263312 3.42760991157 24.0458639892 3.42196082352 2.79062571584 3.03341732697 3.08824002845
-9999.0 -9999.0 -9999.0 -9999.0 -9999.0 -9999.0 -9999.0 -9999.0 -9999.0 -9999.0 -9999.0 -9999.0 -9999.0 -9999.0 -9999.0 -9999.0 -9999.0 -9999.0 -9999.0 -9999.0 -9999.0 -9999.0 -9999.0 16.4228262959 17.89354459 21.6347217521 190.351547443 211.480117343 273.681260151 16.3248958304 200.772744934 226.247878467 11.3597537127 22.6664785281 9.00552773676 1220.34275333 9.32138754132 25.9661546587 32.389865531 38.4568199181 459.064836342 480.587470573 487.232398171 6.66289677653 12.302526325 17.3894120939 3.09865883928 2.81030184271 1187.19712246 1189.95903272 1192.20053538 1214.76292996 1217.48575444 1221.18576856 1223.49932915
