data/baseflow/mHMbf_acc565.asc
ncols                  80
nrows                 72
xllcorner      4374000.0
yllcorner      5656000.0
cellsize            500
NODATA_value       -9999
[rows 25 to 49 of 72, columns 0 to 54 of 80]
-9999.0 -9999.0 -9999.0 -9999.0 -9999.0 -9999.0 -9999.0 -9999.0 -9999.0 -9999.0 -9999.0 -9999.0 29.9780229702 59.2747763328 27.8636356018 56.1561087117 25.9458871151 193.053666 243.211619802 268.854717001 23.7520652368 46.5969724591 434.141518351 542.332934657 562.199995446 41.4219569804 43.5495658096 64.6010416782 15.0338804294 13.9712503263 25.8578745506 10.122057391 637.597441041 648.686306683 660.854772389 5383.26286632 10263.1639221 10194.969024 16.9511980872 7.93298058488 7.35693605654 30.5463927387 23.4552642191 55.3986649064 74.8879530248 148.866430824 12.8705164731 12.7853905043 122.316259133 134.430347813 251.905270448 258.531297569 277.363736318 283.744843128 6.52657762146
-9999.0 -9999.0 -9999.0 -9999.0 -9999.0 -9999.0 -9999.0 -9999.0 -9999.0 -9999.0 -9999.0 -9999.0 -9999.0 28.9696971533 57.68948969 86.2338169469 139.733373578 27.5958682446 25.6009393329 167.243794089 191.133333979 389.324387506 412.848172839 66.4364272927 22.7980136001 21.2205934058 18.6856658268 563.220740315 577.515496667 592.762898126 605.321091816 627.068481904 122.417530567 129.978654401 800.299340031 16450.1683188 56.8586489311 46.8701211687 24.4992923897 6.20263960437 5.89323300923 44.8696718979 49.6412904671 67.5666313471 6.25197223672 156.708019209 22.3703888568 22.0770467274 5.51968230918 3.67537000922 3.05929053265 2.43311948353 2.89351876711 286.640355092 3521.47242718
-9999.0 -9999.0 -9999.0 -9999.0 -9999.0 -9999.0 -9999.0 -9999.0 -9999.0 -9999.0 -9999.0 -9999.0 -9999.0 -9999.0 28.6391354404 51.4466855164 71.2756978054 91.1170217916 116.417667573 142.30237214 76.3378693748 127.157270357 23.535362719 22.8721836102 460.613518334 504.74415109 525.098221312 546.984444087 15.5897053784 29.1779334775 77.7586637862 97.5664214946 111.776765639 9.34228373939 5.64503605476 16470.5423713 8.95645164945 14.4703556933 8.88654210861 26.2332693978 12.0204239799 7.28806636796 122.661056154 126.269298608 3.15311945424 160.051453213 189.094432564 31.663541385 3659.52553894 3648.91912041 3641.25253171 3629.13362519 3624.90568284 3540.7975669 3537.02060365
-9999.0 -9999.0 -9999.0 -9999.0 -9999.0 -9999.0 -9999.0 -9999.0 -9999.0 -9999.0 -9999.0 -9999.0 -9999.0 -9999.0 4.97163570316 11.4557502233 19.8420989364 175.165252421 201.570763668 26.4647889999 25.5716792504 25.4995633973 367.968849409 416.913614782 23.4393103349 23.7498651559 19.6877200887 81.3082855566 100.735814545 49.0382859601 64.5404851559 465.339891758 480.093988396 500.378484851 801.296282459 17276.3714563 9.46887042674 6.95572799276 39.9240198448 32.5985763018 3.82518270407 15.3438555704 19.3719228006 130.712225596 134.173178589 331.094999506 190.719350922 35.0011669449 3743.325538 30.7693265808 3635.24997234 3632.38490607 79.9565178986 2.12543215946 12.2082012292
-9999.0 -9999.0 -9999.0 -9999.0 -9999.0 -9999.0 -9999.0 -9999.0 -9999.0 -9999.0 -9999.0 -9999.0 -9999.0 -9999.0 25.2021919498 41.3083891872 87.1050364559 151.319292471 219.262976151 268.731236559 294.267410316 320.111819493 344.961299899 24.2270088556 22.0638613083 43.6369574556 40.543615828 21.0480043363 403.800954833 422.823701414 439.859019651 456.057927747 264.81048021 282.645100872 295.209811566 17280.1401955 15.6537271889 22.2544732172 67.0252045866 6.35808788261 7.48262748717 3.79304269581 3.70561727771 22.7779521662 2.7252987292 2.95739291764 4090.82024698 3757.92297293 3755.24645354 13.5223625495 27.1489253382 17.6576130477 4.06514961967 75.123259829 20.4092865899
-9999.0 -9999.0 -9999.0 -9999.0 -9999.0 -9999.0 -9999.0 -9999.0 -9999.0 -9999.0 -9999.0 -9999.0 -9999.0 -9999.0 17.5535380594 16.2161396422 31.6789317324 48.48179789 26.0564727652 28.9084615044 55.4056908549 81.6016609429 130.912083494 155.314082119 176.748301568 242.906175458 263.136880157 284.727060869 20.7410904313 200.096442364 216.8918579 234.229667996 16.0785558681 11.6790907024 18.6250676851 17592.5150093 17596.0196418 17620.4525001 84.4875091867 12.9220267829 16.3533840463 5.67998691675 6.38377676999 25.5284618675 30.5974042787 5.24075926232 4103.6589648 4.09245547186 7.36642126853 8.3531187956 5.46241269378 10.5660390629 4.0766854636 50.2614144221 40.399731246
-9999.0 -9999.0 -9999.0 -9999.0 -9999.0 -9999.0 -9999.0 -9999.0 -9999.0 -9999.0 -9999.0 -9999.0 -9999.0 -9999.0 -9999.0 15.2741622883 30.2448846612 15.3683026908 32.2955602819 198.800923814 221.172398732 246.815586423 24.6964509693 24.5904252861 46.0263411673 68.3360303083 107.55952828 128.175828662 141.528068948 160.779138759 15.5067630646 15.8786769956 267.13449772 278.515984893 284.447323779 289.797365988 228.280861698 17869.2831852 17985.9914327 17989.8944595 18009.3470665 18030.5279501 18038.4927027 2.3717644561 32.8369474755 4105.55948705 5.56177220997 2.86959891849 2.95972132613 2.8748314815 5.00128266839 5.2052229771 3.06329860228 5.1120481167 4.95148848145
-9999.0 -9999.0 -9999.0 -9999.0 -9999.0 -9999.0 -9999.0 -9999.0 -9999.0 -9999.0 -9999.0 -9999.0 -9999.0 -9999.0 -9999.0 -9999.0 44.9398793577 61.134270769 109.342217716 147.8588203 21.2043111948 294.886460332 319.095235621 342.159513876 22.2596138111 43.7906658655 19.2632476692 146.11968716 157.714801442 176.672040876 197.23866335 242.513512977 251.577964852 5.59903523888 208.542181684 218.758054388 223.419816618 245.089065739 28.5748007148 18.0806960915 11.4157023813 10.3909027783 18050.904707 18054.067728 18104.0814796 4107.18576824 15.311279364 8.00212409875 5.21553975651 1.74056335907 16.1678474842 8.8823497082 2.73863397554 15.5975576529 13.365368312
-9999.0 -9999.0 -9999.0 -9999.0 -9999.0 -9999.0 -9999.0 -9999.0 -9999.0 -9999.0 -9999.0 -9999.0 -9999.0 -9999.0 -9999.0 -9999.0 16.3894968754 77.1626863859 94.2247772946 22.4854772892 26.1602979086 52.4300591679 76.838244232 442.581890391 22.0158870791 88.451870905 108.249793627 127.626453597 13.285646235 30.2217640182 40.9956572239 165.625699681 187.790529458 192.520168922 5.35369701456 5.21315476383 6.49283345065 12.0085759583 5.85139878433 6.29663716112 8.03904316754 7.59070773794 5.57256044317 15.7736478934 18107.3550544 22222.888671 22.565420495 5.42531398978 2.14082830328 52.0737137105 48.1879140531 29.1946916264 26.3451065687 19.850859024 4.98725426321
-9999.0 -9999.0 -9999.0 -9999.0 -9999.0 -9999.0 -9999.0 -9999.0 -9999.0 -9999.0 -9999.0 -9999.0 -9999.0 -9999.0 -9999.0 13.412361418 44.7135485233 14.8521104915 26.1794064707 28.1896937191 54.2727680427 80.213302172 101.509872995 559.538726699 580.881335181 21.9127831719 41.9488510372 62.436158439 76.3802909015 93.2342993599 149.913993189 159.855360911 15.9883436982 9.233113799 5.7081093908 4.64782262468 9.93746694307 9.36697985011 10.6756680538 11.9751012373 29.3778769508 11.881517086 3.4734135839 3.30698863249 3.4264208249 6.36119759518 22419.162223 171.19088982 62.1884218 4.60222485886 2.03178743967 1.56908853307 6.08786531629 4.37238737306 2.32651997203
-9999.0 -9999.0 -9999.0 -9999.0 -9999.0 -9999.0 -9999.0 -9999.0 -9999.0 -9999.0 -9999.0 -9999.0 -9999.0 -9999.0 13.8957748817 27.2660720555 100.15337702 14.4576354937 47.3674626678 75.2436549356 101.432852452 26.3926478666 49.7002229366 68.3673503974 663.591159913 20.9458723529 40.0168928919 60.0618711962 17.7953891481 35.5243512152 50.5113623088 60.6405983806 1289.39771762 1309.54345295 1328.40070707 1401.62117313 1421.02547332 1470.23155621 23.0997411228 47.4171656749 38.0806513506 1631.20283423 1637.76905203 3.00057967154 5.39745711804 7.65957116823 22420.0576451 162.103279257 92.3101397125 89.7129552867 56.0070303658 43.8402899762 8.05140519902 1.84055322049 3.74670242742
-9999.0 -9999.0 -9999.0 -9999.0 -9999.0 -9999.0 -9999.0 -9999.0 -9999.0 -9999.0 -9999.0 -9999.0 -9999.0 -9999.0 14.1797082449 43.1607322372 157.601797691 233.169523282 12.9282859096 308.147684634 424.84728622 25.0959997858 48.216855934 68.2357078569 856.522255264 871.969393819 16.8591819155 94.0701086916 108.840151564 124.096126742 1163.43941082 1200.38119637 1218.23660439 8.36890293621 49.8918399966 59.6472040064 22.650544973 32.3996639553 1514.71688087 1575.59079051 1582.90046108 1589.66901646 1644.65232198 3.38057014621 2.88716028177 12.7213737645 22421.626539 4.93103099308 13.3868323586 31.626452728 10.3362336007 40.4750371505 26.5838414814 15.6697148871 11.333626786
-9999.0 -9999.0 -9999.0 -9999.0 -9999.0 -9999.0 -9999.0 -9999.0 -9999.0 -9999.0 -9999.0 -9999.0 -9999.0 -9999.0 -9999.0 -9999.0 30.7490775624 62.0820975211 277.307498417 293.332348094 438.764009778 454.22335077 24.3118838551 48.5375696221 112.169222024 885.373204119 920.179117057 934.108261902 10.5665463963 985.310155424 1024.67047371 23.530140145 8.30356337734 15.9343517 30.9208919345 7.33088218096 14.4166085023 31.1523702306 38.7358096893 7.44565376946 4.77005234241 9.29097421497 1684.13840102 1698.60626326 1700.91697262 1720.74260854 22422.8173938 3.06736090267 10.4018789165 7.70258730019 7.38526897457 7.58689599511 6.26978141395 11.6788996328 1.38231987125
-9999.0 -9999.0 -9999.0 -9999.0 -9999.0 -9999.0 -9999.0 -9999.0 -9999.0 -9999.0 -9999.0 -9999.0 -9999.0 -9999.0 -9999.0 -9999.0 16.2068194554 15.8475811026 15.7697514162 32.4997449886 14.2731399314 482.477229908 496.460407316 21.4171731755 43.6532722551 22.2856096916 17.2348463288 16.6879102014 964.349002263 13.8676784932 27.9975218084 11.8298928608 8.68460587104 7.69245324011 5.79423478422 6.05440324716 18.4724111351 25.3729955108 4.81991515491 4.22904622513 9.20785801519 15.4886172207 20.9267248427 7.20403827196 1705.41800686 1723.18643613 22423.245288 25.1400357632 19.8054837098 4.61027527906 10.9779029771 3.68427911414 2.62002804897 14.5548878309 7.23876168281
-9999.0 -9999.0 -9999.0 -9999.0 -9999.0 -9999.0 -9999.0 -9999.0 -9999.0 -9999.0 -9999.0 -9999.0 -9999.0 -9999.0 -9999.0 -9999.0 -9999.0 -9999.0 15.6627372356 46.8805566098 59.6725608741 73.453972289 509.692036101 522.871011464 536.235484043 552.686719224 568.931082345 602.658491942 615.481196469 628.82889681 638.80076876 7.73324092503 7.10302180428 7.48007506322 25.7321221166 6.81137019295 6.41872863085 4.9518360504 14.3272298945 5.74431063646 4.35844757115 4.0103638126 3.30085273626 6.58594468259 9.45511771011 1742.64848119 24191.5506628 2.13993510064 4.20292187734 3.78112436807 17.0189030896 12.4073464807 5.26574214969 27.4336775455 11.9006121191
-9999.0 -9999.0 -9999.0 -9999.0 -9999.0 -9999.0 -9999.0 -9999.0 -9999.0 -9999.0 -9999.0 -9999.0 -9999.0 -9999.0 -9999.0 -9999.0 -9999.0 -9999.0 -9999.0 13.0276002516 103.737800854 205.583033496 220.184714802 20.4581193751 42.1044727884 64.8166099075 84.076622387 207.522712136 216.347977184 8.41697956285 8.04294270923 659.467160464 675.677722941 681.981783263 30.3954336339 4.19323887497 11.0190520027 16.0218123382 47.8496542449 58.5667456031 66.8738353875 7.55323638423 10.4814091052 3.55518586803 7.12386503007 3.59604194854 24196.4943395 1.87028644694 7.85181463558 5.71840822083 24.1917633014 47.954576797 54.1423361637 82.5584523348 13.5991601587
-9999.0 -9999.0 -9999.0 -9999.0 -9999.0 -9999.0 -9999.0 -9999.0 -9999.0 -9999.0 -9999.0 -9999.0 -9999.0 -9999.0 -9999.0 -9999.0 -9999.0 -9999.0 14.5664703226 46.4610587011 90.9446564599 118.748751607 305.989659888 323.090648296 46.4474486219 69.2590908302 89.411786853 108.029267424 227.530406343 245.506004997 449.475579446 465.262592863 476.262735505 688.261612896 734.415136248 10.5666188382 7.29899188076 6.91454015843 13.1035530343 5.82870359099 77.9684378196 81.9051948474 14.2341052594 20.2866560629 7.42457632161 5035.01368381 5043.38576788 29242.0699212 29251.0803164 2.0503196405 28.4127111809 5.81455825157 4.42095072162 91.8434262951 107.351255832
-9999.0 -9999.0 -9999.0 -9999.0 -9999.0 -9999.0 -9999.0 -9999.0 -9999.0 -9999.0 -9999.0 -9999.0 -9999.0 -9999.0 -9999.0 -9999.0 -9999.0 -9999.0 -9999.0 16.6435082057 16.2085124555 30.6477107592 72.7117460259 336.559774375 23.6943220907 23.4043096974 43.5501019727 64.0855459628 160.219886617 175.323172812 11.6312071754 9.8510565943 485.273935661 492.763646428 1236.76331003 1245.01614456 3.68504884809 3.19980642916 2.62413238152 2.65197754663 2.95631016346 4952.43871767 4977.44184049 5001.70262963 5013.7299952 5029.61383657 4.23497227575 15.6986381172 18.6876195139 29274.0649874 29273.7688409 29273.3812188 29275.3832834 29277.826314 113.859302819
-9999.0 -9999.0 -9999.0 -9999.0 -9999.0 -9999.0 -9999.0 -9999.0 -9999.0 -9999.0 -9999.0 -9999.0 -9999.0 -9999.0 -9999.0 -9999.0 -9999.0 -9999.0 -9999.0 -9999.0 14.8693530764 15.5653496456 28.8587713425 392.92306228 407.560525085 23.0792073954 43.3680945925 64.2142021401 82.2644816398 16.7618988917 29.3846114505 1003.28141902 1011.15293899 1021.38853213 1081.37926135 2332.9591758 4797.11189527 4805.9475837 4813.85313289 4821.34111299 4855.75008863 4866.83357496 21.7158239941 9.70475968117 5.76599149823 10.7893160445 7.92203295527 12.4867334993 3.7086701616 94.5100501305 104.634980793 111.842669226 112.978921027 29277.5271211 29393.5918794
-9999.0 -9999.0 -9999.0 -9999.0 -9999.0 -9999.0 -9999.0 -9999.0 -9999.0 -9999.0 -9999.0 -9999.0 -9999.0 -9999.0 -9999.0 -9999.0 -9999.0 -9999.0 -9999.0 -9999.0 -9999.0 15.2100986423 29.1351217103 43.1222750045 419.093428833 16.4868873468 581.565263184 603.266808228 621.016261038 635.877553659 948.576323124 962.181227131 8.12381964363 44.6865842456 53.6580334764 8.25468122683 2455.41349954 2440.95268463 4.31710049352 10.0072520232 27.7416395255 6.27041762488 6.82757556767 5.06215576197 4.29613992934 3.29154759567 3.85459096382 82.2112998246 86.12095975 91.1231525678 7.67878281879 5.44648546728 115.535290908 117.177112183 117.968688062
-9999.0 -9999.0 -9999.0 -9999.0 -9999.0 -9999.0 -9999.0 -9999.0 -9999.0 -9999.0 -9999.0 -9999.0 -9999.0 -9999.0 -9999.0 -9999.0 -9999.0 -9999.0 -9999.0 -9999.0 -9999.0 13.8546416545 12.990369842 67.5269415213 514.101724249 544.330966713 561.222804584 20.6580717244 269.733677176 287.412633387 295.602551148 12.4395824026 21.8323100905 30.0110931858 573.189490674 579.240568469 584.353238993 2431.70359638 1460.89570626 5.51101726279 6.02696983365 5.78495871026 4.58994048213 50.3829851211 60.1839490095 68.7138661438 73.4622558614 78.0217029772 659.383272045 663.124722403 668.835173514 680.65097799 724.488247854 725.668181871 844.752534018
-9999.0 -9999.0 -9999.0 -9999.0 -9999.0 -9999.0 -9999.0 -9999.0 -9999.0 -9999.0 -9999.0 -9999.0 -9999.0 -9999.0 -9999.0 -9999.0 -9999.0 -9999.0 -9999.0 -9999.0 -9999.0 -9999.0 27.1697216879 41.5645976544 15.218125519 23.8755078797 195.752502418 217.642182763 232.947516288 116.624259097 131.738773236 146.580412984 155.709832011 559.217927984 567.95438312 368.100827419 959.303100417 965.697064692 1456.30014364 12.6511635138 6.50424967203 4.53404406526 35.2536151266 41.3145642887 3.67394916452 3.42745761629 643.861550418 652.399759666 656.493133636 5.21859659595 8.1517482369 717.609823728 2.98890973078 11.0181254846 11.9253620339
-9999.0 -9999.0 -9999.0 -9999.0 -9999.0 -9999.0 -9999.0 -9999.0 -9999.0 -9999.0 -9999.0 -9999.0 -9999.0 -9999.0 -9999.0 -9999.0 -9999.0 -9999.0 -9999.0 -9999.0 -9999.0 -9999.0 13.6580250745 27.040472678 114.882004871 130.603301008 149.867099763 84.7402703081 101.195801972 15.9720484029 368.465911039 382.473457766 394.927652436 9.89028974633 351.936865094 361.006474025 6.65869113389 1423.24373992 14.217006169 7.05228556542 19.3494814011 25.874800461 4.96661735465 4.00248528705 599.042259973 636.260934084 641.285788427 5.27354359103 11.621903628 14.4264192209 18.0846139073 33.1966976648 4.02971630501 9.19309270791 1.54043477335
-9999.0 -9999.0 -9999.0 -9999.0 -9999.0 -9999.0 -9999.0 -9999.0 -9999.0 -9999.0 -9999.0 -9999.0 -9999.0 -9999.0 -9999.0 -9999.0 -9999.0 -9999.0 -9999.0 -9999.0 -9999.0 -9999.0 13.5522679609 42.8428185019 74.5776394022 18.3121928539 41.541048908 64.7442836618 305.028811881 323.466019539 338.726889843 14.2020468134 282.20964721 323.729783291 334.802772096 9.00780569827 1393.72710243 1410.40115165 7.89353023914 7.18083157928 14.3135498347 5.82881596718 571.469791103 581.672338944 587.884175913 23.8762372546 29.5471393205 4.91525693367 8.59398187037 3.71380351353 26.1176421434 3.67418500506 2.50357375787 2.62612805709 2.56184230009
-9999.0 -9999.0 -9999.0 -9999.0 -9999.0 -9999.0 -9999.0 -9999.0 -9999.0 -9999.0 -9999.0 -9999.0 -9999.0 -9999.0 -9999.0 -9999.0 -9999.0 -9999.0 -9999.0 -9999.0 -9999.0 -9999.0 -9999.0 15.1072577843 16.587632271 21.3149167743 200.355933329 222.859622047 286.74999019 18.1711995727 219.986250992 255.419385883 14.3857607301 29.2221958297 11.250752398 1366.22459687 11.1759909748 27.8469124812 34.0087797086 41.8538404985 530.587133618 554.607147263 561.382846394 6.83689965577 12.7274295872 18.0315978518 3.23202587273 2.9427660173 1404.08679947 1406.88934963 1409.02020273 1433.7858059 1436.45831462 1439.88552811 1441.76669406
