data/baseflow/mHMbf_acc549.asc
ncols                  80
nrows                 72
xllcorner      4374000.0
yllcorner      5656000.0
cellsize            500
NODATA_value       -9999
[rows 0 to 24 of 72, columns 0 to 54 of 80]
-9999.0 -9999.0 -9999.0 -9999.0 -9999.0 -9999.0 -9999.0 -9999.0 -9999.0 -9999.0 -9999.0 -9999.0 12.7571177879 17.0959953826 -9999.0 -9999.0 -9999.0 -9999.0 -9999.0 -9999.0 -9999.0 -9999.0 -9999.0 -9999.0 -9999.0 -9999.0 -9999.0 -9999.0 -9999.0 -9999.0 -9999.0 -9999.0 -9999.0 -9999.0 -9999.0 -9999.0 -9999.0 -9999.0 -9999.0 -9999.0 -9999.0 -9999.0 -9999.0 -9999.0 -9999.0 -9999.0 -9999.0 -9999.0 -9999.0 -9999.0 -9999.0 -9999.0 -9999.0 -9999.0 -9999.0
-9999.0 -9999.0 -9999.0 -9999.0 -9999.0 -9999.0 -9999.0 -9999.0 -9999.0 -9999.0 -9999.0 -9999.0 24.1180852267 69.5730751385 14.7283877889 -9999.0 14.8219801813 -9999.0 -9999.0 -9999.0 -9999.0 -9999.0 -9999.0 -9999.0 -9999.0 -9999.0 -9999.0 -9999.0 -9999.0 -9999.0 -9999.0 -9999.0 -9999.0 -9999.0 -9999.0 -9999.0 -9999.0 -9999.0 -9999.0 -9999.0 -9999.0 -9999.0 -9999.0 -9999.0 -9999.0 -9999.0 -9999.0 -9999.0 -9999.0 -9999.0 -9999.0 -9999.0 -9999.0 -9999.0 -9999.0
-9999.0 -9999.0 -9999.0 -9999.0 -9999.0 -9999.0 -9999.0 -9999.0 -9999.0 -9999.0 10.3248117764 9.86590079712 10.4599992471 10.3628807467 88.0779546874 101.037242009 40.9424582145 13.0405850182 -9999.0 -9999.0 -9999.0 -9999.0 -9999.0 -9999.0 -9999.0 -9999.0 -9999.0 -9999.0 -9999.0 -9999.0 -9999.0 -9999.0 -9999.0 -9999.0 -9999.0 -9999.0 -9999.0 -9999.0 -9999.0 -9999.0 -9999.0 -9999.0 -9999.0 -9999.0 -9999.0 -9999.0 -9999.0 -9999.0 -9999.0 -9999.0 -9999.0 -9999.0 -9999.0 -9999.0 -9999.0
-9999.0 -9999.0 -9999.0 -9999.0 -9999.0 -9999.0 -9999.0 -9999.0 -9999.0 10.0333187088 20.1952875972 40.0381925325 19.7251940054 9.41124811695 18.0899392591 109.402667534 178.673409332 14.2473083148 -9999.0 9.17468465059 -9999.0 -9999.0 -9999.0 -9999.0 27.669347198 14.1861304878 -9999.0 -9999.0 -9999.0 -9999.0 -9999.0 -9999.0 -9999.0 -9999.0 -9999.0 -9999.0 -9999.0 -9999.0 -9999.0 -9999.0 -9999.0 -9999.0 -9999.0 -9999.0 -9999.0 -9999.0 -9999.0 -9999.0 -9999.0 -9999.0 -9999.0 -9999.0 -9999.0 -9999.0 -9999.0
-9999.0 -9999.0 -9999.0 -9999.0 -9999.0 -9999.0 -9999.0 -9999.0 12.7577608029 34.1219761926 43.6517953598 53.2992847162 68.759438075 8.53025127042 34.1379960253 42.1050467698 243.938886069 10.045564021 7.31235483033 16.8006278853 24.0934961753 7.73939867643 -9999.0 69.7335146692 57.0028499534 15.0154771912 -9999.0 -9999.0 -9999.0 -9999.0 -9999.0 -9999.0 -9999.0 -9999.0 -9999.0 -9999.0 -9999.0 -9999.0 -9999.0 -9999.0 -9999.0 -9999.0 -9999.0 -9999.0 -9999.0 -9999.0 -9999.0 -9999.0 -9999.0 -9999.0 -9999.0 -9999.0 -9999.0 -9999.0 -9999.0
-9999.0 -9999.0 -9999.0 -9999.0 -9999.0 -9999.0 12.5526312733 10.7163445546 10.0974982515 10.4327720489 10.5431925768 74.7700599395 153.164771534 162.501552194 168.348127211 4.99891507486 257.675622749 265.033991974 14.2902486129 7.47901281029 31.1952369917 53.881898108 8.90120124915 98.4163808094 8.19768256165 9.43517392269 8.53224235593 -9999.0 -9999.0 -9999.0 -9999.0 -9999.0 -9999.0 -9999.0 -9999.0 -9999.0 -9999.0 -9999.0 -9999.0 -9999.0 -9999.0 -9999.0 -9999.0 -9999.0 -9999.0 -9999.0 -9999.0 -9999.0 -9999.0 -9999.0 -9999.0 -9999.0 -9999.0 -9999.0 -9999.0
-9999.0 -9999.0 -9999.0 -9999.0 -9999.0 -9999.0 25.4109005771 37.1104440068 81.9266959852 111.888986476 8.85360415207 9.27707348482 8.58637482075 24.6980270488 200.249876797 5.77003163583 272.000182292 298.346473212 20.6351191883 14.0980219591 60.5882675821 7.44006470417 105.617889426 14.6063250719 7.45572862309 16.7238641844 16.9414972808 8.49252887436 8.57174140962 8.19872179709 9.29686543461 18.5683680668 -9999.0 -9999.0 -9999.0 -9999.0 -9999.0 -9999.0 -9999.0 -9999.0 -9999.0 -9999.0 -9999.0 -9999.0 -9999.0 -9999.0 -9999.0 -9999.0 -9999.0 -9999.0 -9999.0 -9999.0 -9999.0 -9999.0 -9999.0
-9999.0 -9999.0 -9999.0 -9999.0 -9999.0 14.9047089262 27.9891735595 12.8993050122 24.4734559555 123.854580382 143.53971677 162.814235606 549.997727013 7.979168003 208.309650506 825.405460036 830.596264643 1138.27447552 5.70560458744 20.5320815326 67.3476771579 6.67879630955 190.217748497 77.6606747665 48.6977109128 41.324578362 8.16698829283 25.0473970814 24.5599737079 16.3221543337 7.92354163071 26.869543042 7.90554882904 7.70749413486 -9999.0 -9999.0 -9999.0 -9999.0 -9999.0 -9999.0 -9999.0 -9999.0 -9999.0 -9999.0 -9999.0 -9999.0 -9999.0 -9999.0 -9999.0 -9999.0 -9999.0 -9999.0 -9999.0 -9999.0 -9999.0
-9999.0 -9999.0 -9999.0 -9999.0 -9999.0 15.1653609142 43.0558806633 84.7830391172 96.8059444319 191.094246284 201.714656719 235.946773886 379.060084376 577.198357813 595.324984786 603.851704579 13.580515476 1162.33377401 1173.79912971 1207.95316368 1493.45032539 211.232248898 197.651963917 55.9841972452 7.07946038389 47.1773296344 32.4680957934 7.11462720384 31.7452007284 6.72133435769 14.3827680685 41.4238915611 48.9921494539 15.092991484 7.41670193127 7.22306829596 -9999.0 -9999.0 -9999.0 -9999.0 12.7534703435 11.8082552932 -9999.0 -9999.0 -9999.0 -9999.0 -9999.0 -9999.0 -9999.0 -9999.0 -9999.0 -9999.0 -9999.0 -9999.0 -9999.0
-9999.0 -9999.0 -9999.0 -9999.0 -9999.0 14.2590436244 13.0681471114 57.3051054547 69.7565096777 82.8715545779 11.7762249765 23.1377855984 136.342500498 22.4287830073 10.0519021756 8.74947674987 7.41556128503 7.9749790836 7.1909100549 8.14271189605 1500.8990773 1521.45295452 6.64579180612 20.5880066056 14.0731694719 53.9328491939 14.2400731887 6.84888624824 39.2923767137 12.9718035566 31.7962576607 84.9344709607 78.7174804798 22.2919044094 21.9650328125 7.54031411925 7.47825088452 -9999.0 -9999.0 7.43245916032 25.0646229206 61.5196942311 12.4155257421 -9999.0 -9999.0 -9999.0 -9999.0 -9999.0 -9999.0 -9999.0 -9999.0 -9999.0 -9999.0 -9999.0 -9999.0
-9999.0 -9999.0 -9999.0 -9999.0 -9999.0 -9999.0 15.3660357215 15.8286834109 28.1519404998 41.2382344482 90.8464596729 115.020336356 126.49894645 11.7195132263 8.45650458384 123.300072384 149.115027086 156.93393006 190.111237533 197.376285955 7.19443195735 1528.75974846 1561.13830207 25.345974025 2.39158793819 59.021846949 132.363403104 52.8723577707 13.023982767 6.44663710174 129.691477235 91.7225545302 6.51898662128 6.56623286572 28.7279734437 22.0178310942 6.86027487119 6.94061273488 7.21636642165 14.4269000782 6.86040334884 74.7425494297 81.2997655512 6.33694755885 -9999.0 -9999.0 -9999.0 -9999.0 7.40694978507 6.92261209615 1.89434625909 -9999.0 -9999.0 -9999.0 -9999.0
-9999.0 -9999.0 -9999.0 -9999.0 -9999.0 -9999.0 -9999.0 14.6379060227 11.4088441723 25.3108323626 38.3568128205 12.1796475671 9.42080841398 66.4525752086 86.2779438262 106.651447379 9.1295209801 17.4525921163 8.52052278863 204.99412154 477.106882081 489.444769494 2068.05976384 6.63609011204 7.17105836601 2.09556000983 138.682401621 6.52765845774 19.625037226 6.30709770748 136.133717525 142.612213288 13.1023205996 12.9139970075 71.7342423459 35.9497480637 13.9847618854 7.18490561889 14.3712651596 21.4418679612 34.7215426217 6.39520668832 94.1883170851 100.934720976 6.22643283442 6.66370969951 6.88397199641 6.28246653067 5.99075280896 20.3666003398 7.47015663165 4.72077876882 -9999.0 -9999.0 -9999.0
-9999.0 -9999.0 -9999.0 -9999.0 -9999.0 -9999.0 -9999.0 -9999.0 25.321245211 35.493411137 12.1078698274 25.0962373188 36.3968806432 57.9309258292 11.0341218322 10.3480643189 8.34967592135 8.46444392376 7.4321140232 256.36412734 8.85722364797 17.0029298376 2098.91967544 2121.46314417 8.27520069057 23.4430180616 168.381598329 12.7145433997 25.3264518179 11.8582675416 17.4926393541 167.379873923 18.9784999774 102.638938111 83.9770659705 6.08978972669 34.3718433187 13.889918189 20.8197943247 6.3685363188 41.0893561019 53.8830582235 59.9437269273 65.7164215748 124.707469143 12.0113186416 12.5225541371 11.5630882016 10.9665742964 25.5884568018 5.14202478371 17.4587497017 22.1461563541 -9999.0 -9999.0
-9999.0 -9999.0 -9999.0 -9999.0 -9999.0 -9999.0 -9999.0 -9999.0 14.1341942744 63.4695984688 75.0320213638 11.5434715365 22.1521386771 10.5663004268 9.22637180247 9.01994959322 118.783664322 158.072419742 198.672673319 243.078369921 10.6987786936 8.44138145744 8.84617599328 2169.70441238 2198.50934421 2208.57786147 227.883254383 50.9157543562 44.1352554135 5.78013637931 23.1501775424 196.179768599 5.8001772366 108.366294164 6.22025568266 44.1091837596 41.0969475805 6.55611692542 27.2289518637 12.71686242 18.9425851509 6.06434329041 5.52817819027 71.4238136923 76.7411308276 130.011985907 18.1244862845 16.9346372136 16.1336869226 30.9597012616 41.3318851249 5.16424094344 26.9966820624 5.06144039934 9.65435497964
-9999.0 -9999.0 -9999.0 -9999.0 -9999.0 -9999.0 -9999.0 -9999.0 -9999.0 15.1068137311 87.9953332454 99.331386114 33.0031670556 54.4237766075 73.3872613951 83.1992249035 10.1174819309 30.7825494365 19.9549748951 10.4481841572 9.88897229346 8.33735848675 16.5559506633 29.602934596 12.5620652716 2460.36813321 2469.04873973 7.86355080632 5.55367755559 11.3989980006 16.9661506747 212.903310562 11.2438077953 113.595867066 66.9474606663 55.3332709745 6.23428392158 12.595412822 33.0709820751 5.82121918748 24.6126818882 11.6296265024 8.16361217436 2.3837104796 86.619588183 221.141107886 22.2880729184 21.1726358761 20.6522313425 4.48170900505 45.7953603464 4.36470458124 36.4701326588 4.5473337429 14.2656116804
-9999.0 -9999.0 -9999.0 -9999.0 -9999.0 -9999.0 -9999.0 -9999.0 -9999.0 -9999.0 11.7085694302 122.92044018 10.7153070282 21.465031576 30.6923712493 48.9128056467 9.44774530558 20.2962631558 9.57931571956 8.93722837917 8.23077808591 16.3347292598 7.33123181745 8.32839591483 17.5671788811 10.6571523566 2480.11547457 2497.7146206 2520.81157828 23.0265251794 5.60683792798 11.1684358288 218.712558172 208.510738875 79.0029105585 5.90175978984 24.7410317635 18.6260577722 38.9340479713 11.643742284 47.7169929644 17.291914925 12.546146054 1.12283401768 2.64838588226 226.479191856 231.514997947 279.393817162 34.5670733578 9.1614044739 50.6267664278 59.6823478611 100.433652635 9.01649074672 4.21986966678
-9999.0 -9999.0 -9999.0 -9999.0 -9999.0 -9999.0 -9999.0 -9999.0 -9999.0 -9999.0 -9999.0 5.94905546854 134.269311216 9.56275983856 18.7818359565 86.1243918849 9.643188929 9.50724494122 8.04122834254 17.2832018567 8.33031479293 32.8676406763 47.3818125968 54.1711464293 24.0801530884 31.4208773241 8.50675905786 9.60974017719 9.86475417895 2560.76056871 2578.69132433 223.8032373 218.841249856 213.710426785 10.6207372222 5.22481352366 30.2605105631 80.311362463 44.5458001648 17.194450239 70.3280179653 21.7331496106 16.646329668 2.12844815412 0.926114578342 0.851932683282 1.49476061011 288.902604631 337.353829066 4.34908703087 4.22691694516 4.36967481388 104.707585245 117.648118829 7.48155907399
-9999.0 -9999.0 -9999.0 -9999.0 -9999.0 -9999.0 -9999.0 -9999.0 -9999.0 -9999.0 -9999.0 5.33856306547 146.798034437 180.658638209 9.40339424449 104.576039531 8.7290447769 8.25806854526 16.0633362616 41.5742681687 7.94081034453 8.54534529991 6.93740426481 68.2623900853 74.9726487498 113.349146564 127.615100734 133.794538896 141.400068838 148.738559335 2736.62435888 2972.82436748 3204.26019878 3212.11444655 5.47650942524 5.28982699257 91.393532516 85.9066868032 5.48529694263 5.31694347956 75.738846257 102.894073673 4.02290288662 41.2038148218 38.9401458109 6.28140510277 3.25447730244 5.81127415688 5.21738117303 346.581817766 4.67193809877 12.5742800149 16.334041495 143.260309366 151.825916988
-9999.0 -9999.0 -9999.0 -9999.0 -9999.0 -9999.0 -9999.0 -9999.0 -9999.0 -9999.0 -9999.0 13.0223894506 24.3165581565 191.468504039 209.119062469 8.89767425328 126.25324844 7.55366581473 22.8610173015 48.9908326187 15.3535546433 7.36453309063 15.1741430509 6.45248095629 12.2680574196 5.86112385282 4.81891313877 2.92139788136 2.27193315379 1.82914709647 1.68484260148 3.18760268738 5.20282055309 8.14271966187 3233.08255298 114.426940832 102.8751395 5.3725268495 15.7309548 3.87573935346 3.43564682318 107.872217426 163.972159158 46.8569348326 36.9019804358 4.20864739114 1.6560938368 1.33322280151 5.04370805671 356.432575823 365.84123839 4.90295013763 5.00247270932 3.07466004277 1.34156698982
-9999.0 -9999.0 -9999.0 -9999.0 -9999.0 -9999.0 -9999.0 -9999.0 -9999.0 -9999.0 -9999.0 -9999.0 9.84887070892 153.803370271 372.584093256 402.092870285 537.403144266 550.039697052 114.465584168 79.563659404 22.9025979624 7.22209557041 29.324997561 36.0253351891 54.2869057213 12.0467136475 10.5269501157 8.74555446717 16.6378942442 7.3434765238 6.69204806001 3.13722478676 1.1666620265 1.4481855981 3239.3260666 3358.28798199 3366.54934665 5.68143695704 44.9205857509 18.0732442472 5.51401417859 181.281427008 12.3833962988 6.4728903466 26.5282732878 4.39432229668 3.78440164111 7.31560020678 11.079312912 15.5025865031 373.90975166 3.87448323957 3.4473690099 3.44998620612 2.12541681808
-9999.0 -9999.0 -9999.0 -9999.0 -9999.0 -9999.0 -9999.0 -9999.0 -9999.0 -9999.0 -9999.0 11.8615106277 118.949044607 143.355228238 21.0023879782 6.21229875768 13.222271635 571.464162853 581.405944537 707.846903025 6.62390284289 13.7613798239 6.01619449271 6.13330644543 60.2738370673 78.2892335263 94.1242066618 5.36944961836 21.979389551 34.5462299249 19.8905009692 8.22188162666 4.51396503925 2.90827196527 3.55681006384 2.14573513049 3372.95065799 3378.41807037 3433.08844548 9.51782297824 4.967909215 189.611693026 13.4547348273 7.01314526484 7.79509590055 7.69214572273 6.73680407963 11.0438184754 32.7218061601 53.1179547877 430.920492186 3.05577914089 9.16986936408 6.20047722468 4.63497399579
-9999.0 -9999.0 -9999.0 -9999.0 -9999.0 -9999.0 -9999.0 -9999.0 -9999.0 -9999.0 -9999.0 12.3311177771 85.9542753431 12.7642095967 10.0347267543 56.9615571292 65.554664504 74.1608880334 81.7320395891 963.184330535 969.473599624 982.547575635 1082.58640927 1100.20205533 1109.21581663 1115.48819885 1218.670607 1230.54815072 1235.85897853 1275.9447965 1301.76077838 1306.90444684 1319.35882156 7.69534198283 5.53144182273 0.756565847842 1.13644228277 3383.39946088 3452.48492893 14.4032185305 228.923025186 223.641216228 25.0623729211 5.85394041077 5.91496556924 5.71740662413 5.74810829278 11.6160298868 16.7899080804 5.17753607701 434.711478788 438.746595521 457.620536251 460.999270077 468.799077204
-9999.0 -9999.0 -9999.0 -9999.0 -9999.0 -9999.0 -9999.0 -9999.0 -9999.0 -9999.0 -9999.0 45.9887642123 60.1970500672 26.2015022395 38.0171216055 11.5299711498 132.558782162 141.990403349 160.403733786 166.065342007 57.8499235948 1050.93320153 1056.85037139 5.08369756976 2.82089509477 2.10833686955 5.28399513847 2.05690447491 1.3830163934 1.19427438961 1.5639567217 1310.06398821 1323.14313394 1337.00245596 1347.89365827 1352.7557721 1.65810029106 0.744684526032 3695.83668504 238.633606547 234.554581412 5.31726668418 5.00166137258 4.67468790871 10.7156748649 10.5428378017 4.86186939233 4.81553752976 4.5731924526 9.65717614919 13.1353655332 2.96633579249 5.45951994654 1.61823775779 0.371396068474
-9999.0 -9999.0 -9999.0 -9999.0 -9999.0 -9999.0 -9999.0 -9999.0 -9999.0 -9999.0 -9999.0 -9999.0 31.3053109946 13.8048123865 11.6112278918 113.848596505 123.821201932 9.93859466827 37.961267276 46.1468947725 52.1869389999 7.45683777642 5.41951808641 153.418550151 157.710045203 161.377577258 430.289442602 432.268688991 434.961737361 460.094156249 468.473884828 469.492474366 1.11233713894 1.23171799453 1.45522904149 1360.11982671 2.1816727436 3739.97601601 3734.54138931 35.079388043 30.650682699 20.0366478695 4.97517797816 9.29922132926 15.5447587029 15.3631516307 9.50117210748 4.59057565606 9.08295750808 9.05162704736 17.1487185237 2.46837404431 7.74748022042 12.3776112467 13.2332195368
-9999.0 -9999.0 -9999.0 -9999.0 -9999.0 -9999.0 -9999.0 -9999.0 -9999.0 -9999.0 -9999.0 -9999.0 16.6366391306 42.8210675455 54.9800530967 91.3223083907 9.8755021423 20.2183350402 29.595654773 118.902054629 124.987786732 128.176585406 134.181103856 142.70736377 233.565870549 256.265158556 266.362027908 2.79628056741 21.4540753166 24.0553675666 464.860875504 471.535429394 475.010177401 478.619063418 481.196615622 1845.02313699 6.95349368649 3755.25941613 3.1965287927 1.17364720451 25.7399143956 23.4004128674 2.54483743562 13.3559565135 19.772502248 19.5108917939 13.3985249771 21.8307132404 34.5121297688 12.9486946029 33.7689770248 2.20587631415 3.15376935459 0.375953668862 0.297953456939
