data/baseflow/mHMbf_acc409.asc
ncols                  80
nrows                 72
xllcorner      4374000.0
yllcorner      5656000.0
cellsize            500
NODATA_value       -9999
[rows 0 to 24 of 72, columns 0 to 54 of 80]
-9999.0 -9999.0 -9999.0 -9999.0 -9999.0 -9999.0 -9999.0 -9999.0 -9999.0 -9999.0 -9999.0 -9999.0 19.781708931 17.7033544267 -9999.0 -9999.0 -9999.0 -9999.0 -9999.0 -9999.0 -9999.0 -9999.0 -9999.0 -9999.0 -9999.0 -9999.0 -9999.0 -9999.0 -9999.0 -9999.0 -9999.0 -9999.0 -9999.0 -9999.0 -9999.0 -9999.0 -9999.0 -9999.0 -9999.0 -9999.0 -9999.0 -9999.0 -9999.0 -9999.0 -9999.0 -9999.0 -9999.0 -9999.0 -9999.0 -9999.0 -9999.0 -9999.0 -9999.0 -9999.0 -9999.0
-9999.0 -9999.0 -9999.0 -9999.0 -9999.0 -9999.0 -9999.0 -9999.0 -9999.0 -9999.0 -9999.0 -9999.0 39.2500426006 88.0884010037 14.6445169602 -9999.0 13.4742374825 -9999.0 -9999.0 -9999.0 -9999.0 -9999.0 -9999.0 -9999.0 -9999.0 -9999.0 -9999.0 -9999.0 -9999.0 -9999.0 -9999.0 -9999.0 -9999.0 -9999.0 -9999.0 -9999.0 -9999.0 -9999.0 -9999.0 -9999.0 -9999.0 -9999.0 -9999.0 -9999.0 -9999.0 -9999.0 -9999.0 -9999.0 -9999.0 -9999.0 -9999.0 -9999.0 -9999.0 -9999.0 -9999.0
-9999.0 -9999.0 -9999.0 -9999.0 -9999.0 -9999.0 -9999.0 -9999.0 -9999.0 -9999.0 18.7310972301 17.9601129408 18.6681352528 18.1963929494 122.474326439 136.728438326 38.0115095013 12.2694306172 -9999.0 -9999.0 -9999.0 -9999.0 -9999.0 -9999.0 -9999.0 -9999.0 -9999.0 -9999.0 -9999.0 -9999.0 -9999.0 -9999.0 -9999.0 -9999.0 -9999.0 -9999.0 -9999.0 -9999.0 -9999.0 -9999.0 -9999.0 -9999.0 -9999.0 -9999.0 -9999.0 -9999.0 -9999.0 -9999.0 -9999.0 -9999.0 -9999.0 -9999.0 -9999.0 -9999.0 -9999.0
-9999.0 -9999.0 -9999.0 -9999.0 -9999.0 -9999.0 -9999.0 -9999.0 -9999.0 18.0950762091 36.7260313989 72.839082375 36.1200260233 17.6110363526 34.4964730689 153.276931009 218.189160053 13.2590010965 -9999.0 17.9378722247 -9999.0 -9999.0 -9999.0 -9999.0 25.9595789578 13.2935764479 -9999.0 -9999.0 -9999.0 -9999.0 -9999.0 -9999.0 -9999.0 -9999.0 -9999.0 -9999.0 -9999.0 -9999.0 -9999.0 -9999.0 -9999.0 -9999.0 -9999.0 -9999.0 -9999.0 -9999.0 -9999.0 -9999.0 -9999.0 -9999.0 -9999.0 -9999.0 -9999.0 -9999.0 -9999.0
-9999.0 -9999.0 -9999.0 -9999.0 -9999.0 -9999.0 -9999.0 -9999.0 19.8163118478 56.6981791164 74.0205512983 91.5117278689 125.85061108 16.548261302 66.7918098744 82.79565415 328.055662574 13.7258424742 14.7507691104 33.9195046253 49.3817325405 15.9777642433 -9999.0 65.8325672249 53.8184098805 14.3308699293 -9999.0 -9999.0 -9999.0 -9999.0 -9999.0 -9999.0 -9999.0 -9999.0 -9999.0 -9999.0 -9999.0 -9999.0 -9999.0 -9999.0 -9999.0 -9999.0 -9999.0 -9999.0 -9999.0 -9999.0 -9999.0 -9999.0 -9999.0 -9999.0 -9999.0 -9999.0 -9999.0 -9999.0 -9999.0
-9999.0 -9999.0 -9999.0 -9999.0 -9999.0 -9999.0 20.012784445 18.4868967408 17.9347896744 18.1522146713 18.1228659214 127.959994714 271.211895637 288.443865646 303.618322292 14.9373215656 357.568429437 372.226641773 30.4586470195 15.7278142756 64.5762928052 111.306922406 15.204601884 111.178415037 16.0780839869 15.5431328982 16.6502842626 -9999.0 -9999.0 -9999.0 -9999.0 -9999.0 -9999.0 -9999.0 -9999.0 -9999.0 -9999.0 -9999.0 -9999.0 -9999.0 -9999.0 -9999.0 -9999.0 -9999.0 -9999.0 -9999.0 -9999.0 -9999.0 -9999.0 -9999.0 -9999.0 -9999.0 -9999.0 -9999.0 -9999.0
-9999.0 -9999.0 -9999.0 -9999.0 -9999.0 -9999.0 39.9858514204 59.0524149191 133.364006322 186.52411763 16.5818640741 17.1861534799 16.2705307679 47.6046782648 365.733483739 13.9808624065 386.320347617 443.497330906 44.4815451056 29.5770311983 125.450645142 15.1304194597 126.399836735 29.88665176 14.9500117277 30.0836015107 32.873834089 16.8733909282 17.3677295328 17.1191603708 17.5842911582 35.2963720046 -9999.0 -9999.0 -9999.0 -9999.0 -9999.0 -9999.0 -9999.0 -9999.0 -9999.0 -9999.0 -9999.0 -9999.0 -9999.0 -9999.0 -9999.0 -9999.0 -9999.0 -9999.0 -9999.0 -9999.0 -9999.0 -9999.0 -9999.0
-9999.0 -9999.0 -9999.0 -9999.0 -9999.0 21.3650897485 41.4945325755 19.9246244751 38.5511181875 205.344872895 239.907029372 274.3992439 878.214021051 15.7000934001 381.063033621 1380.86232759 1392.3645368 1856.1014531 12.4627813229 43.4719500706 139.68997109 14.1380245487 294.856483463 153.595819667 93.7625113845 78.5128166848 15.9648311593 50.4222412934 50.9329262115 34.002855185 16.5322817937 52.2651135763 16.382197703 16.2640503075 -9999.0 -9999.0 -9999.0 -9999.0 -9999.0 -9999.0 -9999.0 -9999.0 -9999.0 -9999.0 -9999.0 -9999.0 -9999.0 -9999.0 -9999.0 -9999.0 -9999.0 -9999.0 -9999.0 -9999.0 -9999.0
-9999.0 -9999.0 -9999.0 -9999.0 -9999.0 21.6270085782 63.0961409033 125.02442792 144.129692653 285.237245782 303.272664374 359.115151773 588.094460031 925.40129073 957.011878329 971.578007939 27.2305950706 1905.21391368 1930.43967236 2002.07471637 2493.36790656 337.88097777 309.90505528 108.697423513 14.9279519493 95.0031997111 65.036109379 14.3119237544 66.187669765 14.8952683087 30.980201595 83.751996074 99.5067814157 31.9389915979 15.4683519975 15.5907038215 -9999.0 -9999.0 -9999.0 -9999.0 12.767677868 11.4480823113 -9999.0 -9999.0 -9999.0 -9999.0 -9999.0 -9999.0 -9999.0 -9999.0 -9999.0 -9999.0 -9999.0 -9999.0 -9999.0
-9999.0 -9999.0 -9999.0 -9999.0 -9999.0 21.1491495964 20.2355814583 83.2797653543 102.576314998 122.374956645 18.8878841952 37.5187557386 215.458444766 37.0821333424 17.3204855172 16.1634329379 14.2696152433 15.7818095026 15.0307032211 15.3779767088 2507.68632329 2549.74932015 14.0919054107 43.6885177026 29.7615233771 109.258847151 28.7512729348 13.819829538 81.5931998922 29.4236018961 71.5815442106 175.8692578 162.243140699 47.1798245789 46.0003268427 15.7325834306 15.6939781501 -9999.0 -9999.0 15.8144476409 26.7138258828 61.9852834458 11.9723217445 -9999.0 -9999.0 -9999.0 -9999.0 -9999.0 -9999.0 -9999.0 -9999.0 -9999.0 -9999.0 -9999.0 -9999.0
-9999.0 -9999.0 -9999.0 -9999.0 -9999.0 -9999.0 21.7123160825 21.5177131305 41.6877101451 61.9744015124 140.600751895 179.35537387 198.333817684 19.5702666078 16.0884678895 212.877871093 260.40638697 275.556018833 338.098605934 352.69488442 14.3549319502 2564.10967183 2635.67096044 57.4057574336 12.3157291752 122.689917985 272.712580434 108.498716693 27.8148953893 14.1041486821 275.265776883 190.202840806 13.8330547606 13.8707424323 60.1512618362 46.1986431115 14.7282043322 14.1264650516 15.2660491906 30.84286197 14.8949740179 75.3036688456 89.4139596083 13.1520136993 -9999.0 -9999.0 -9999.0 -9999.0 14.4004117271 13.792647116 4.99084933752 -9999.0 -9999.0 -9999.0 -9999.0
-9999.0 -9999.0 -9999.0 -9999.0 -9999.0 -9999.0 -9999.0 21.3385434075 19.4161697026 39.9149014856 59.7785532692 19.5398359568 17.8329373402 111.802661766 146.096474351 180.98324575 16.1416710486 32.5456135912 15.7403668355 367.571107396 816.315233473 828.639085487 3491.21653459 14.068513414 36.5352353827 11.7405928684 285.712018717 13.4819159475 42.0847718093 13.8092899934 288.902078668 302.520297816 27.7524491698 27.7259949615 150.908958492 75.8864598565 28.7838712785 14.7656795872 30.5480693832 45.9344319565 75.0296521462 13.9489423942 115.264530571 127.40350843 11.0147813982 11.9216161508 12.1763076391 11.0952733242 10.4934321266 40.1565525475 17.1528129918 11.5502261746 -9999.0 -9999.0 -9999.0
-9999.0 -9999.0 -9999.0 -9999.0 -9999.0 -9999.0 -9999.0 -9999.0 40.4384548355 59.3874837145 19.6215673644 39.6307970992 58.095021278 95.0322140101 18.5214971525 18.0765050952 16.0350741828 16.2358794545 14.9552780237 418.735469672 16.0941890872 31.7310902264 3536.60925163 3565.92975404 12.8033422361 62.2326629426 360.455979009 26.5910041595 54.434798185 25.560910858 37.5946654658 354.798429913 40.2117128789 217.450493767 177.504751671 13.5322426133 71.8604676169 29.054540825 44.7090411086 14.0849151195 88.1954871218 114.401345041 124.87086657 134.828264179 168.856331029 21.0115839413 21.8234341056 20.084561757 18.8235743955 50.1485347192 10.3922717692 39.424953924 49.3633400258 -9999.0 -9999.0
-9999.0 -9999.0 -9999.0 -9999.0 -9999.0 -9999.0 -9999.0 -9999.0 20.8346842049 100.566838959 119.854315764 19.3321863421 37.7317737316 18.3965055734 17.3080222323 17.0425609232 210.875960808 279.100871826 342.608715539 405.481512717 14.9532911223 15.8386201365 15.5897991743 3637.90484344 3671.45405427 3683.87354918 481.233612761 106.779797889 93.5546077592 11.6486885464 49.390617985 416.17051295 12.0664353229 229.600630303 13.4377071619 93.6773580317 86.3236828851 14.1306046639 58.7766264309 28.0985244009 41.835815521 12.3919724442 9.82364370103 144.667972544 153.69996277 177.864658294 31.4040507712 29.2431196856 27.6438301522 61.1021379883 82.0311449361 10.4349840331 59.632092787 10.9807595841 21.0708504323
-9999.0 -9999.0 -9999.0 -9999.0 -9999.0 -9999.0 -9999.0 -9999.0 -9999.0 20.9345318265 139.665292327 158.817567913 56.3466382861 93.0803504931 127.626005298 144.898871212 17.3316580557 52.2447387794 34.6519115673 17.4584595122 17.2756079458 16.1731864894 31.5510595561 54.4584767572 18.2115993516 4197.2698146 4210.83539191 12.1331139023 10.2701323096 23.7465448561 35.4189797878 451.114907725 23.4367334301 240.394695783 144.020478887 118.890631051 13.3299416753 27.2326496764 71.6239313317 12.7956554087 54.34225473 24.3956965899 17.3378022609 8.26628461975 178.738431127 364.126077935 38.2514986615 36.2162823809 36.301909628 8.93986993425 90.7796518709 8.56742495919 79.0906147885 9.9297330171 30.8902663774
-9999.0 -9999.0 -9999.0 -9999.0 -9999.0 -9999.0 -9999.0 -9999.0 -9999.0 -9999.0 18.9088145518 196.878106181 18.5576324544 36.894616892 53.7643928285 87.3654952834 17.0668700883 34.8762715762 17.3040906334 16.5829292227 15.7915085908 31.1711891718 14.1789372994 15.1072943325 29.9813035838 17.0153358341 4224.94367184 4249.91531336 4286.69038886 46.8548730395 12.0980845603 24.1103831224 463.416844064 443.459013626 169.436877217 12.6543963672 53.4709518418 40.3126359471 84.5034614005 25.6245760737 103.632895146 36.6215944524 27.976178896 7.14480483845 8.6907989908 373.859688389 382.224819921 464.021523324 64.1948546101 18.4223852147 100.111550159 117.813093285 205.399275932 19.3835778697 9.26617234128
-9999.0 -9999.0 -9999.0 -9999.0 -9999.0 -9999.0 -9999.0 -9999.0 -9999.0 -9999.0 -9999.0 11.5214920345 221.562552644 17.7553229752 34.4469160949 155.164832399 16.9701148877 16.8911976637 15.467863554 32.7629369722 16.0619931382 63.0711225112 91.2956981191 104.43101333 42.1809777262 53.1344020364 12.8358845081 15.7491676223 15.1532580649 4360.79832114 4396.66303406 474.094227936 464.874385627 454.221939653 22.4096065029 10.9798738324 65.4010075337 173.934271585 96.6299887773 37.6960942858 152.825368583 63.2891079516 52.1977159724 14.6200410789 6.02181454627 5.53200295124 6.24099345995 493.986578464 584.483308086 8.93231974103 8.04956536118 8.76512239301 214.085052269 242.063621355 16.9559813831
-9999.0 -9999.0 -9999.0 -9999.0 -9999.0 -9999.0 -9999.0 -9999.0 -9999.0 -9999.0 -9999.0 10.8215708311 246.772091765 301.801111488 16.8042265758 188.67683378 15.8780569682 15.6388591893 31.3773442616 80.2206258906 15.816012668 16.3104162312 14.1154316929 132.215401363 145.549433971 212.612161672 237.716695691 250.896327768 262.921384578 279.096132183 4689.17514308 5186.8353371 5673.27366427 5682.43063394 9.72175060158 11.1209314829 197.8290517 185.973789456 11.934454448 11.8270507134 164.310523454 239.107147083 10.2884812127 115.291702402 105.642602801 29.0435117654 13.5344942669 22.2527375098 9.45450351695 600.263233121 7.90514223459 24.4343821723 30.6915331909 295.075738844 318.627263143
-9999.0 -9999.0 -9999.0 -9999.0 -9999.0 -9999.0 -9999.0 -9999.0 -9999.0 -9999.0 -9999.0 19.817994729 37.8235617202 319.532688641 351.86160644 16.154617431 218.31778078 14.1432251681 43.89092496 94.8663498074 30.7560734442 14.8992540254 29.5287350905 12.5019185062 24.5795728664 12.5678063581 11.9498458525 11.0735320834 10.3497273101 9.8818886152 9.42175947775 11.7190485358 13.2521496635 14.0857696739 5717.11316281 234.178661194 215.154302982 8.21249342143 34.3206695741 9.89632327615 8.55032892311 249.80294371 397.732341833 126.745640141 91.9882778802 16.8496829031 7.11432802527 6.54547712202 14.2510324579 622.501234649 637.228961565 7.64985653271 7.69448113718 7.61296069117 6.60276764181
-9999.0 -9999.0 -9999.0 -9999.0 -9999.0 -9999.0 -9999.0 -9999.0 -9999.0 -9999.0 -9999.0 -9999.0 17.6230482451 231.611790698 600.287028828 650.67688065 883.634631589 897.209002925 212.631650271 155.802804893 45.9030629615 14.7577342675 58.3722338493 71.994109632 109.289592132 25.5577586095 24.307339472 23.5810464103 46.0817012103 21.8905358269 21.0674421209 10.9475855714 8.81021385586 8.78004456462 5728.69541789 5972.09554165 5982.01865598 8.35718637663 92.2505514204 41.0864787758 11.5226307184 432.296416226 24.0436938498 12.3372803854 51.874527958 11.528353916 9.3169874755 17.4060574713 24.4280434418 32.0569561741 649.944330294 6.08360905904 5.33418460972 5.37339825351 4.32675505507
-9999.0 -9999.0 -9999.0 -9999.0 -9999.0 -9999.0 -9999.0 -9999.0 -9999.0 -9999.0 -9999.0 18.9653317447 176.754041277 213.964135761 34.2907650175 11.6655212167 25.7377382899 938.135398499 950.968186188 1176.88377056 13.4289519528 28.0815730841 12.5095426816 12.6920749195 121.627854301 159.50312095 195.445839764 11.5532538582 57.5883632611 90.7990693197 53.7752394951 21.8961619995 18.6955483511 17.5573352352 16.4434399799 7.87334448123 5989.95131528 5996.68584216 6102.62960759 19.3835072382 10.1980490842 441.71061337 25.7906577673 13.082351033 13.9474859112 13.8330182793 12.4229770885 22.4010624298 63.4037217056 103.550597224 759.671436151 4.7176633094 14.0831443663 9.53010439586 8.04432789744
-9999.0 -9999.0 -9999.0 -9999.0 -9999.0 -9999.0 -9999.0 -9999.0 -9999.0 -9999.0 -9999.0 19.3325854318 121.587338482 18.9417288788 16.9526780629 88.3214735752 103.547959558 119.000931719 133.576440525 1591.06659942 1603.74712044 1629.85362038 1823.36869979 1861.62341844 1883.87825831 1896.44612549 2121.15759116 2152.94722747 2164.57327346 2267.63855024 2333.31455053 2344.30296562 2383.92550696 27.9953868622 25.5897870458 6.27433925604 5.79275797894 6003.90126424 6136.66239036 27.415974337 509.50595165 500.187352092 48.9121792728 11.8738056457 12.1256957567 11.8249260747 11.4943145256 23.0687971021 32.9853225834 9.27957652782 765.522426372 771.703414561 800.581563486 805.657356124 818.354520347
-9999.0 -9999.0 -9999.0 -9999.0 -9999.0 -9999.0 -9999.0 -9999.0 -9999.0 -9999.0 -9999.0 62.4546419768 82.5598937796 38.5940940619 56.6681039368 17.8767472199 204.198487436 220.205802526 251.662651767 266.034544165 105.412544151 1756.89830815 1770.0003059 12.6135815345 9.70907673183 9.07809243902 19.620248804 10.1488028905 8.65440939184 8.5087392869 8.85142329634 2354.83435146 2394.38669317 2432.2489576 2466.67712722 2488.81137331 10.1285367978 3.62319628733 6667.95213557 525.134360086 519.044452765 10.4163070462 9.70312643538 9.06537988865 21.5968354195 21.2703580636 10.0364974448 10.0768063566 9.23300336557 18.399911439 24.018685969 4.35970904202 7.97906836595 3.1929207463 2.4014034721
-9999.0 -9999.0 -9999.0 -9999.0 -9999.0 -9999.0 -9999.0 -9999.0 -9999.0 -9999.0 -9999.0 -9999.0 42.2635626849 19.7900094656 18.3181425813 172.27408652 188.565516951 16.3906004729 64.1185777395 79.1482078492 92.8997758362 14.9628477886 12.0061603913 268.757486801 278.77257384 288.534040263 738.319983704 746.624537411 762.421728702 829.331929947 873.764241628 881.141749134 7.76854952247 7.97369795425 7.56728082811 2499.05691321 4.42756664591 6756.52278883 6748.00788897 74.3675577691 67.1053940032 40.2691262393 10.2173245721 18.0326613017 30.8462368474 30.5342956292 19.609438743 9.77687140709 18.8791785174 18.6737615974 32.3332239587 6.89384045134 14.6868252117 23.0381570991 28.2577862089
-9999.0 -9999.0 -9999.0 -9999.0 -9999.0 -9999.0 -9999.0 -9999.0 -9999.0 -9999.0 -9999.0 -9999.0 21.760593015 61.1025171445 79.7915210071 136.369980945 16.4303981814 33.3767937064 49.2290540253 192.971454312 206.98214603 219.405316953 232.337640704 246.144441475 379.297759534 419.097008178 441.408304579 9.7661485825 51.2843190733 60.2892022109 850.655376865 888.955584454 905.757483525 922.787095325 936.806373479 3440.85604403 5.85651300621 6779.9016446 11.9225993419 5.80504795964 57.2249712046 49.0904816483 8.07896836923 26.7329446842 39.3622100223 38.5655631674 27.3027607239 44.9306146421 70.9334009659 26.6493093282 66.2116631223 6.55447243064 10.7791599134 2.23435425376 1.83678444932
