data/baseflow/mHMbf_acc294.asc
ncols                  80
nrows                 72
xllcorner      4374000.0
yllcorner      5656000.0
cellsize            500
NODATA_value       -9999
[rows 25 to 49 of 72, columns 0 to 54 of 80]
-9999.0 -9999.0 -9999.0 -9999.0 -9999.0 -9999.0 -9999.0 -9999.0 -9999.0 -9999.0 -9999.0 -9999.0 21.9607133279 43.433217348 20.2050659776 41.2454544725 18.3189509923 138.731950057 173.725042537 191.824237033 16.1946438262 30.5790535444 310.544139086 381.720922297 393.691729682 28.7581995596 26.8071333981 37.5995430262 5.25349962707 4.73035076869 8.91709221436 5.02905673136 468.126793947 474.400803696 479.401459884 3470.09559713 7371.6269839 7330.72717369 6.80997198733 3.07797233295 2.76863751334 13.6206794914 11.0713170362 35.9888652306 53.0651158326 107.432519817 9.51341045875 9.46732580844 87.6698778079 95.6322466109 187.089528874 192.097237752 202.209022777 205.180609709 2.62523691573
-9999.0 -9999.0 -9999.0 -9999.0 -9999.0 -9999.0 -9999.0 -9999.0 -9999.0 -9999.0 -9999.0 -9999.0 -9999.0 20.5868746429 41.2409112395 62.0732838927 100.416566924 20.3233010801 18.1758606792 128.702067125 145.04594344 283.670737571 300.063126463 45.6333709602 15.5076008991 14.3903585778 13.0690540285 433.87590561 441.872967096 448.002077671 452.642948111 462.590315115 71.556574199 77.721521334 562.161475739 11408.2886609 32.4919200879 25.2611746298 11.3187366585 3.27700442438 2.49248622624 19.0315821194 20.884680893 40.6474209344 2.33696097166 110.819476874 14.9395606354 14.5409748396 2.24040217556 1.48490900712 1.32051049422 1.98682695049 1.39090663511 206.683928732 2752.67490874
-9999.0 -9999.0 -9999.0 -9999.0 -9999.0 -9999.0 -9999.0 -9999.0 -9999.0 -9999.0 -9999.0 -9999.0 -9999.0 -9999.0 20.2178295529 39.1756016376 56.0670072316 73.37692128 92.0951914842 111.348976067 55.0844038245 91.0527724301 16.2831502055 15.8006915067 362.266231804 393.252958993 407.418299044 422.553935488 10.919947455 19.1280251381 50.7022406862 57.8187723314 64.6346004651 7.55548401168 5.58826008101 11427.3409551 7.1881567346 8.83400329882 4.31609066496 13.7504330828 6.45163083553 3.65752372595 64.9809466722 68.3263640358 2.31490188796 113.55188365 129.994486919 15.9928903926 2835.134289 2831.4141677 2828.25325046 2820.43172197 2816.50815278 2763.21767115 2760.54846038
-9999.0 -9999.0 -9999.0 -9999.0 -9999.0 -9999.0 -9999.0 -9999.0 -9999.0 -9999.0 -9999.0 -9999.0 -9999.0 -9999.0 4.26118958072 9.73359501851 16.8641010186 150.911661132 170.266658071 19.6299387828 18.488271558 18.1135850665 296.974119163 331.415421544 16.58918053 16.9852139593 13.6462538856 55.7828446037 69.2996870884 33.1134652753 41.4690332987 325.091834945 334.802424623 353.352165072 553.846635381 11986.2909059 6.9279839715 3.50261681557 21.4197775019 17.625458351 3.2474771111 10.4268180601 13.7739506903 71.9373995799 74.9225030726 211.383297015 131.687287208 17.9214882634 2894.1556082 27.1537727015 2825.14588128 2822.9251713 49.9733050675 4.13135976318 4.56954872122
-9999.0 -9999.0 -9999.0 -9999.0 -9999.0 -9999.0 -9999.0 -9999.0 -9999.0 -9999.0 -9999.0 -9999.0 -9999.0 -9999.0 22.109930096 36.0127422526 75.1507746633 131.229842723 185.760457378 225.511823992 244.393062191 263.09704459 281.011550285 16.7959149267 15.2076132561 29.7040630118 28.0371290529 14.3732598206 283.693103013 296.840470109 309.113704258 320.505183496 175.368814203 183.160271688 193.564781683 11990.7065295 12.1605685682 9.69739684889 33.9770800592 3.72131486868 6.97345549549 3.70856003467 3.08290015394 17.0192582612 2.39626576165 2.53224498987 3120.91770918 2907.49898302 2904.8226524 11.6920931528 25.445896951 16.1392568652 3.43845581645 42.7913816227 10.9823155276
-9999.0 -9999.0 -9999.0 -9999.0 -9999.0 -9999.0 -9999.0 -9999.0 -9999.0 -9999.0 -9999.0 -9999.0 -9999.0 -9999.0 15.5028527531 14.2521541181 27.7823758817 42.5272192521 20.2702124185 20.7644946319 39.7540858785 58.2738475877 92.8905146784 110.369879418 126.172805218 172.147278826 186.619170732 201.905274125 13.7639193728 139.741680226 151.240020235 160.690802637 6.24876634977 2.58754933448 5.62455302882 12186.2415723 12190.5013496 12210.4198527 45.2462938484 7.99366763065 10.4808773294 2.92679690259 5.48820897799 19.5983186294 24.1605940409 4.61120566871 3132.90517443 4.00666709694 6.60719256234 7.43522569377 5.57265278225 9.80330733391 4.00595174039 29.3047130819 21.3837937532
-9999.0 -9999.0 -9999.0 -9999.0 -9999.0 -9999.0 -9999.0 -9999.0 -9999.0 -9999.0 -9999.0 -9999.0 -9999.0 -9999.0 -9999.0 13.3283782598 26.2520262624 12.9753506303 27.0829276606 171.680869437 189.291206186 207.408781152 17.3577956839 17.4531711447 33.2485149075 49.1145290098 77.5063342737 91.9125719603 99.8269629918 112.733993691 10.8839880752 9.50022538783 174.14387664 176.821321461 180.929764228 185.295765747 152.967905312 12381.7110103 12453.8631028 12457.7323328 12471.649953 12487.4609128 12495.9411464 2.38633576585 26.3585798596 3135.29872083 5.92612594818 3.05009058201 3.32523256945 3.02093338372 5.2570596753 4.90127584753 2.88149299629 4.42617822891 3.93674223745
-9999.0 -9999.0 -9999.0 -9999.0 -9999.0 -9999.0 -9999.0 -9999.0 -9999.0 -9999.0 -9999.0 -9999.0 -9999.0 -9999.0 -9999.0 -9999.0 39.0256310496 53.1918048279 95.4369719781 129.223627526 18.546774104 246.290150491 263.723895613 280.553063842 16.6454896885 32.5536898403 14.366972635 108.256155314 115.579970669 127.323921821 139.652921705 166.997717706 169.85063574 2.07114265947 135.750250849 144.55148088 148.854613154 166.817644586 22.5687840454 14.2946668812 8.59253242767 8.18032254334 12505.1811003 12509.3983056 12555.6452073 3137.79555218 16.1208131231 8.0350881464 5.42823258167 1.66840088747 15.5581186157 8.12964122743 2.5881965327 14.4252177061 12.2430141226
-9999.0 -9999.0 -9999.0 -9999.0 -9999.0 -9999.0 -9999.0 -9999.0 -9999.0 -9999.0 -9999.0 -9999.0 -9999.0 -9999.0 -9999.0 -9999.0 14.1540515019 67.1961588879 82.1800780304 19.6679050625 18.9720973258 38.0030070544 55.7770659111 354.129191224 16.4854231966 66.1316568775 81.019034494 95.5374341989 7.74940419099 18.5210538695 23.8621697214 110.799755585 121.334444462 125.080285585 4.30230103778 4.34220853768 5.12404720829 9.40844487068 3.96004880766 4.19296642749 6.61039656258 5.78526826758 6.69734271931 16.8441130298 12560.3662284 15709.3847819 19.6426359885 3.46256170404 1.70930671569 49.0575262957 45.3712893528 27.1054840899 24.3347657123 18.1399411719 4.4174066884
-9999.0 -9999.0 -9999.0 -9999.0 -9999.0 -9999.0 -9999.0 -9999.0 -9999.0 -9999.0 -9999.0 -9999.0 -9999.0 -9999.0 -9999.0 11.5159572783 38.5791661825 12.8762014618 21.6007797583 21.4337430649 40.8995922381 59.7120470006 76.9565800658 445.077079231 461.181152431 16.5509175893 31.6625291737 46.9442001218 57.0868874836 67.9094947274 97.2647916536 106.502833089 5.52360383879 5.92130086817 5.59324972871 6.72333697739 6.99587280827 7.61584335539 6.45218078508 7.99437373058 23.1800246101 10.798079665 4.08393215027 3.91679159701 3.85365872169 7.19224479551 15850.1771567 116.909478009 57.7893723198 4.66734240253 2.02548424626 1.82811450022 6.62571858841 4.59339005145 2.33753013207
-9999.0 -9999.0 -9999.0 -9999.0 -9999.0 -9999.0 -9999.0 -9999.0 -9999.0 -9999.0 -9999.0 -9999.0 -9999.0 -9999.0 12.2537721694 23.4019965398 85.6938902224 11.940835759 40.2579448036 61.222097948 80.9375920603 20.2543872002 38.2728804703 55.1324325489 529.460191618 15.702667926 29.9415828007 44.4195285648 13.0972567302 25.8033106125 30.8357631716 39.5010843536 991.544723519 1004.17095964 1016.10508238 1069.69360728 1090.43907911 1133.46111995 10.3569009237 23.2542027727 27.9672167614 1255.01480272 1262.71842134 3.61520194759 6.40027782951 9.0771822861 15853.7574804 110.209958958 46.6395997746 44.334579292 39.0908946478 35.974082716 8.80931634297 2.14212363375 4.13685745696
-9999.0 -9999.0 -9999.0 -9999.0 -9999.0 -9999.0 -9999.0 -9999.0 -9999.0 -9999.0 -9999.0 -9999.0 -9999.0 -9999.0 12.6405587135 37.997947442 136.112087837 199.3530459 10.4854297958 262.192547733 357.049450578 19.4068150927 37.4140787308 55.1138950822 685.243847691 699.106868096 13.3365268728 71.4820339096 84.0057346809 94.3966702935 912.259006975 932.536707592 946.258669177 6.69474564657 38.4263309327 45.6381753086 20.2113995267 29.452959801 1173.77469437 1209.42020851 1216.5686835 1223.24282288 1270.34057516 3.70385934382 3.23169372407 14.9769113555 15857.5781915 3.51437750633 1.14123158189 3.28795237325 1.32714971208 32.3462488403 28.9638540532 17.1183377239 12.3533719026
-9999.0 -9999.0 -9999.0 -9999.0 -9999.0 -9999.0 -9999.0 -9999.0 -9999.0 -9999.0 -9999.0 -9999.0 -9999.0 -9999.0 -9999.0 -9999.0 26.206292154 52.2816706922 235.813117349 249.295780406 368.649474106 382.65888244 19.0233383309 38.0227024721 89.3545281805 710.891846961 738.766123251 750.295616826 9.35654611001 790.990903816 811.124617099 13.3209728998 6.79632265371 13.440743921 26.013694515 6.16137758248 12.3543912371 27.5341130634 34.4182883645 6.2811975561 4.15487396222 8.25613440406 1301.16533002 1310.75061199 1313.55822387 1335.98795347 15861.0464436 2.18346110622 0.628593401052 0.791393279401 0.746793748903 0.7824770951 0.645668385904 1.14787027954 1.68824435889
-9999.0 -9999.0 -9999.0 -9999.0 -9999.0 -9999.0 -9999.0 -9999.0 -9999.0 -9999.0 -9999.0 -9999.0 -9999.0 -9999.0 -9999.0 -9999.0 13.5873076612 13.2085672605 13.1502508346 27.7055007918 12.0363474471 406.523697903 419.386175644 17.8756699882 35.1768075445 16.7716019731 14.0673198111 13.6954626231 773.406457504 6.20895015358 12.4580727921 7.95067773083 7.44822411522 6.43785996448 5.02784860586 5.23820053083 16.0469570216 21.9979384386 4.21046527814 3.58637428664 7.73092343652 12.8609063861 17.0188871044 4.76183709357 1317.79629729 1338.96918744 15863.6133121 5.91208885503 1.79710050436 0.351337828138 0.987779887901 0.252174241968 0.178682080391 1.3597388576 8.59001253905
-9999.0 -9999.0 -9999.0 -9999.0 -9999.0 -9999.0 -9999.0 -9999.0 -9999.0 -9999.0 -9999.0 -9999.0 -9999.0 -9999.0 -9999.0 -9999.0 -9999.0 -9999.0 13.058214376 39.5104653893 49.9008846364 61.4385834085 430.780961578 442.600487156 454.774084603 469.745646793 483.116049942 510.837611095 517.350073357 522.9073351 528.805068748 6.53201764957 6.1609250667 6.43321541818 22.2093398181 5.83962804925 5.57078273983 4.38405634472 12.664063088 4.77856235411 3.66358550857 3.39215471025 2.84444515194 5.67587522246 8.18854292571 1355.93700589 17228.324519 1.85646405231 4.30154808032 0.238208083745 1.29468677379 0.633352109722 0.360463581572 16.6387678856 14.027518452
-9999.0 -9999.0 -9999.0 -9999.0 -9999.0 -9999.0 -9999.0 -9999.0 -9999.0 -9999.0 -9999.0 -9999.0 -9999.0 -9999.0 -9999.0 -9999.0 -9999.0 -9999.0 -9999.0 10.5865286818 86.4665666473 171.433670387 183.945830124 18.7790487312 36.7963417251 54.2679523731 68.8639175191 165.020283768 172.081756714 6.85134152171 6.74762549422 542.670334669 554.949262169 560.676899896 26.5904394478 3.82699941435 9.73424714534 14.2587895212 42.3213750374 51.5250151139 58.6165939826 6.48791111979 9.0217709375 3.03771802779 5.98112505085 3.05264675869 17234.3892011 1.79580806251 7.64427235658 2.53156775892 5.31070543449 13.3592658944 14.7732794168 32.4548452184 15.7766228054
-9999.0 -9999.0 -9999.0 -9999.0 -9999.0 -9999.0 -9999.0 -9999.0 -9999.0 -9999.0 -9999.0 -9999.0 -9999.0 -9999.0 -9999.0 -9999.0 -9999.0 -9999.0 12.0953861515 38.9710916252 76.0690485848 99.0291664679 255.221533898 271.049424884 36.5631310712 53.8841768228 68.7905599987 83.2357947797 178.777029042 192.607441771 334.581461222 345.42292041 351.729449906 566.345748634 606.801019892 9.28099246029 6.28463133661 5.94245075927 11.3064608638 5.02488112032 68.1178982061 71.5384442983 11.8921015974 15.3855654064 2.87375542599 3815.56360713 3821.87759128 21060.5597113 21071.4143057 1.73387670799 8.9913205354 2.29941239966 2.15899623248 36.8442418832 54.4298182488
-9999.0 -9999.0 -9999.0 -9999.0 -9999.0 -9999.0 -9999.0 -9999.0 -9999.0 -9999.0 -9999.0 -9999.0 -9999.0 -9999.0 -9999.0 -9999.0 -9999.0 -9999.0 -9999.0 14.1079193633 13.7161914958 25.6341021559 60.5297418135 282.892105891 18.7224055705 18.5163143242 33.6338906414 48.9305461396 114.993577282 123.625770105 5.67782465318 7.1706772925 359.957403262 365.851601311 978.208433346 983.029724531 3.46458701763 3.06406753764 2.5830715119 2.6083376302 2.79188585646 3751.97669662 3772.93084593 3792.31763807 3798.9788874 3812.38815048 3.42905214214 12.6062648026 15.5277735693 21093.0527278 21095.0630836 21098.9867967 21103.0774307 21106.5671911 57.1121929842
-9999.0 -9999.0 -9999.0 -9999.0 -9999.0 -9999.0 -9999.0 -9999.0 -9999.0 -9999.0 -9999.0 -9999.0 -9999.0 -9999.0 -9999.0 -9999.0 -9999.0 -9999.0 -9999.0 -9999.0 12.3469744285 13.0434867232 24.0146695268 330.071360678 343.665144274 18.2297594443 33.369232066 48.960170631 58.5649395515 7.96479422057 16.7537048015 796.688103164 803.325672308 809.805895991 858.667156657 1847.54878248 3611.72536147 3620.1607864 3627.80637041 3635.17040136 3666.76964215 3676.88100599 17.686177574 7.80771784393 4.57560966902 8.59918342607 6.25439909538 9.93350259574 3.08997078784 74.6132634674 81.5107561622 86.3906070056 87.8602959348 21108.6259859 21168.8772499
-9999.0 -9999.0 -9999.0 -9999.0 -9999.0 -9999.0 -9999.0 -9999.0 -9999.0 -9999.0 -9999.0 -9999.0 -9999.0 -9999.0 -9999.0 -9999.0 -9999.0 -9999.0 -9999.0 -9999.0 -9999.0 12.6609443795 24.2166893263 35.8710255753 353.769582974 15.0626359964 491.00141358 507.02382924 515.025140737 524.259586231 760.998821135 770.978597614 7.2842140972 36.1522478271 43.6788780718 7.04937206911 1755.85793656 1743.02297573 4.16596039556 9.52344218698 25.0655085459 5.46179749238 5.57275695474 3.9616510584 3.29403957898 2.55485927656 2.95277073311 64.7557424113 67.8133198855 71.5189654219 4.24873591337 2.86261756665 89.7059854161 91.7011028793 92.7928890351
-9999.0 -9999.0 -9999.0 -9999.0 -9999.0 -9999.0 -9999.0 -9999.0 -9999.0 -9999.0 -9999.0 -9999.0 -9999.0 -9999.0 -9999.0 -9999.0 -9999.0 -9999.0 -9999.0 -9999.0 -9999.0 11.3812353635 10.6574236203 55.5889782217 433.534494111 460.863978016 476.037301955 15.9979906125 218.289564008 224.868331068 228.21721756 8.86528319211 17.022472754 23.8092898517 411.183444763 416.587610188 421.35051773 1734.07696715 1060.10059803 5.27980693251 5.29130298076 5.06760460823 3.89428480835 40.4491544362 47.9286165064 54.4740644916 58.0822248996 61.5530152455 421.245494735 423.769240948 427.07623463 435.052419802 465.63109986 467.031876911 561.371063205
-9999.0 -9999.0 -9999.0 -9999.0 -9999.0 -9999.0 -9999.0 -9999.0 -9999.0 -9999.0 -9999.0 -9999.0 -9999.0 -9999.0 -9999.0 -9999.0 -9999.0 -9999.0 -9999.0 -9999.0 -9999.0 -9999.0 22.3096381771 34.2787941961 13.6149350684 18.6007675649 163.573389867 179.917167021 192.030347921 86.7053352948 92.8419688899 100.215917883 107.776019483 399.153611188 406.510061228 236.192568586 663.545319317 669.158077877 1055.74738358 10.6431017723 5.30474363157 3.74464464266 28.0899721245 32.8767982918 2.71724945524 2.48595664713 409.505837828 415.755887557 418.859295826 3.80240955641 5.68576868552 461.171923941 3.00111862971 10.8317865717 11.9718048898
-9999.0 -9999.0 -9999.0 -9999.0 -9999.0 -9999.0 -9999.0 -9999.0 -9999.0 -9999.0 -9999.0 -9999.0 -9999.0 -9999.0 -9999.0 -9999.0 -9999.0 -9999.0 -9999.0 -9999.0 -9999.0 -9999.0 11.2448446095 22.2353202717 97.5935156519 112.012790163 128.705962246 66.8952418008 80.4613574382 6.66572412105 271.797710619 277.854297502 284.29615921 7.02962556522 222.506761511 230.130149242 5.73040495526 1027.79800114 12.049382157 5.94748275497 15.1780704003 20.5012859951 3.9353934078 3.18441881813 376.896634665 403.75009866 407.503225246 3.77672462696 8.05262150184 10.1230065037 11.8608254172 23.430857304 3.92214832336 8.89300182748 1.81166171038
-9999.0 -9999.0 -9999.0 -9999.0 -9999.0 -9999.0 -9999.0 -9999.0 -9999.0 -9999.0 -9999.0 -9999.0 -9999.0 -9999.0 -9999.0 -9999.0 -9999.0 -9999.0 -9999.0 -9999.0 -9999.0 -9999.0 11.1079163499 35.463241347 63.7152239983 16.9202453311 34.6111293578 51.5922602224 243.726654668 252.887184387 259.211270887 5.74218487798 184.645492037 202.441906531 209.299098434 4.65409465243 1003.37189402 1016.56985841 6.12730633803 5.60523962308 11.0337750956 4.43795198716 355.808903679 363.659780895 368.227021741 17.3522730849 21.1311754507 3.26701308598 5.80984333679 2.56615116546 17.5481585933 2.66563150922 2.26064219933 2.42998011733 2.55901732823
-9999.0 -9999.0 -9999.0 -9999.0 -9999.0 -9999.0 -9999.0 -9999.0 -9999.0 -9999.0 -9999.0 -9999.0 -9999.0 -9999.0 -9999.0 -9999.0 -9999.0 -9999.0 -9999.0 -9999.0 -9999.0 -9999.0 -9999.0 12.6267853414 14.8901496776 19.0344732224 163.474863427 179.956114705 228.613579347 11.5422256351 159.659560994 173.694756837 6.17561561405 12.669204166 4.73867217572 987.267838331 6.03396614114 17.2139854104 21.7954109278 26.1613784555 328.759520482 343.179751115 348.184648969 5.05507105409 9.34473719222 13.1979807919 2.23755448628 1.97380920526 939.608460295 941.635083304 943.302721158 960.463204139 962.636787589 965.521520664 967.560128146
