data/baseflow/mHMbf_acc249.asc
ncols                  80
nrows                 72
xllcorner      4374000.0
yllcorner      5656000.0
cellsize            500
NODATA_value       -9999
[rows 0 to 24 of 72, columns 0 to 54 of 80]
-9999.0 -9999.0 -9999.0 -9999.0 -9999.0 -9999.0 -9999.0 -9999.0 -9999.0 -9999.0 -9999.0 -9999.0 13.8762201867 16.7863254073 -9999.0 -9999.0 -9999.0 -9999.0 -9999.0 -9999.0 -9999.0 -9999.0 -9999.0 -9999.0 -9999.0 -9999.0 -9999.0 -9999.0 -9999.0 -9999.0 -9999.0 -9999.0 -9999.0 -9999.0 -9999.0 -9999.0 -9999.0 -9999.0 -9999.0 -9999.0 -9999.0 -9999.0 -9999.0 -9999.0 -9999.0 -9999.0 -9999.0 -9999.0 -9999.0 -9999.0 -9999.0 -9999.0 -9999.0 -9999.0 -9999.0
-9999.0 -9999.0 -9999.0 -9999.0 -9999.0 -9999.0 -9999.0 -9999.0 -9999.0 -9999.0 -9999.0 -9999.0 24.6757246211 69.8552583051 14.4265830471 -9999.0 12.6488851992 -9999.0 -9999.0 -9999.0 -9999.0 -9999.0 -9999.0 -9999.0 -9999.0 -9999.0 -9999.0 -9999.0 -9999.0 -9999.0 -9999.0 -9999.0 -9999.0 -9999.0 -9999.0 -9999.0 -9999.0 -9999.0 -9999.0 -9999.0 -9999.0 -9999.0 -9999.0 -9999.0 -9999.0 -9999.0 -9999.0 -9999.0 -9999.0 -9999.0 -9999.0 -9999.0 -9999.0 -9999.0 -9999.0
-9999.0 -9999.0 -9999.0 -9999.0 -9999.0 -9999.0 -9999.0 -9999.0 -9999.0 -9999.0 10.0660024114 9.74027137542 10.2093238361 10.0610563703 88.7034461613 102.399192019 35.5704397169 11.3687240115 -9999.0 -9999.0 -9999.0 -9999.0 -9999.0 -9999.0 -9999.0 -9999.0 -9999.0 -9999.0 -9999.0 -9999.0 -9999.0 -9999.0 -9999.0 -9999.0 -9999.0 -9999.0 -9999.0 -9999.0 -9999.0 -9999.0 -9999.0 -9999.0 -9999.0 -9999.0 -9999.0 -9999.0 -9999.0 -9999.0 -9999.0 -9999.0 -9999.0 -9999.0 -9999.0 -9999.0 -9999.0
-9999.0 -9999.0 -9999.0 -9999.0 -9999.0 -9999.0 -9999.0 -9999.0 -9999.0 9.76781408136 19.8168946109 39.3414119354 19.6142187687 9.50478951276 18.6169402898 111.417404195 173.697679537 12.8515664007 -9999.0 9.67437031336 -9999.0 -9999.0 -9999.0 -9999.0 24.9360203271 12.665611088 -9999.0 -9999.0 -9999.0 -9999.0 -9999.0 -9999.0 -9999.0 -9999.0 -9999.0 -9999.0 -9999.0 -9999.0 -9999.0 -9999.0 -9999.0 -9999.0 -9999.0 -9999.0 -9999.0 -9999.0 -9999.0 -9999.0 -9999.0 -9999.0 -9999.0 -9999.0 -9999.0 -9999.0 -9999.0
-9999.0 -9999.0 -9999.0 -9999.0 -9999.0 -9999.0 -9999.0 -9999.0 11.200695362 31.3369891749 40.6965137913 50.1441006541 68.0474752804 8.78955823921 35.3711045206 43.9018468162 241.967205494 10.7915215083 8.26259780443 18.0910191927 26.3379005224 8.58929550101 -9999.0 65.0313766078 53.1758134489 14.573311213 -9999.0 -9999.0 -9999.0 -9999.0 -9999.0 -9999.0 -9999.0 -9999.0 -9999.0 -9999.0 -9999.0 -9999.0 -9999.0 -9999.0 -9999.0 -9999.0 -9999.0 -9999.0 -9999.0 -9999.0 -9999.0 -9999.0 -9999.0 -9999.0 -9999.0 -9999.0 -9999.0 -9999.0 -9999.0
-9999.0 -9999.0 -9999.0 -9999.0 -9999.0 -9999.0 11.1548738148 10.0677900605 9.63103043586 9.82678808672 9.9993328934 70.3791490892 147.941476901 157.274570156 163.419418026 5.11177774787 256.919137493 265.21930992 16.6429280222 8.30173302211 34.4277467946 59.6271014117 10.3611063478 97.2488208817 9.01900874917 10.4779706959 9.32186110989 -9999.0 -9999.0 -9999.0 -9999.0 -9999.0 -9999.0 -9999.0 -9999.0 -9999.0 -9999.0 -9999.0 -9999.0 -9999.0 -9999.0 -9999.0 -9999.0 -9999.0 -9999.0 -9999.0 -9999.0 -9999.0 -9999.0 -9999.0 -9999.0 -9999.0 -9999.0 -9999.0 -9999.0
-9999.0 -9999.0 -9999.0 -9999.0 -9999.0 -9999.0 22.2845286329 32.7493038773 73.672780609 102.222003326 8.81686158806 9.09237445138 8.72457699843 25.6936020218 196.877308845 6.2982982961 273.116235947 304.033096512 24.329479617 15.8360726895 67.2735849478 8.22109901877 105.305889174 16.7301866064 8.46958651364 18.7166707957 18.2821743905 8.87380891986 9.07232658804 8.86572864556 9.51161811049 19.0567220188 -9999.0 -9999.0 -9999.0 -9999.0 -9999.0 -9999.0 -9999.0 -9999.0 -9999.0 -9999.0 -9999.0 -9999.0 -9999.0 -9999.0 -9999.0 -9999.0 -9999.0 -9999.0 -9999.0 -9999.0 -9999.0 -9999.0 -9999.0
-9999.0 -9999.0 -9999.0 -9999.0 -9999.0 12.3098850359 23.6443479332 11.1906727509 21.6324786328 112.886588054 131.768476801 150.384083544 488.890455818 8.53300404676 205.365651894 760.919838094 766.835190886 1081.70495778 6.71442791516 23.438471081 74.9694762134 7.63337507708 200.020029955 86.8645571621 54.19851193 45.716397886 8.90834488687 26.4505975529 26.4585597615 17.635112606 8.71788627503 28.0414757199 8.79914217148 8.69665082636 -9999.0 -9999.0 -9999.0 -9999.0 -9999.0 -9999.0 -9999.0 -9999.0 -9999.0 -9999.0 -9999.0 -9999.0 -9999.0 -9999.0 -9999.0 -9999.0 -9999.0 -9999.0 -9999.0 -9999.0 -9999.0
-9999.0 -9999.0 -9999.0 -9999.0 -9999.0 12.4525128038 35.9411830651 71.2278975636 81.88990158 162.264119392 172.131298845 203.270136674 329.948803572 515.528039015 533.147819769 541.438866346 14.6604659522 1108.18656325 1121.62940042 1160.00566687 1466.15126294 223.440848692 208.100001764 62.1909058421 7.8795884065 51.1349004763 34.7262759901 7.94905809076 34.397997974 7.62319320012 16.1460800936 44.7111026726 53.1133185002 17.0155643536 8.47521599839 8.35461742308 -9999.0 -9999.0 -9999.0 -9999.0 13.0366378882 11.3741333677 -9999.0 -9999.0 -9999.0 -9999.0 -9999.0 -9999.0 -9999.0 -9999.0 -9999.0 -9999.0 -9999.0 -9999.0 -9999.0
-9999.0 -9999.0 -9999.0 -9999.0 -9999.0 11.918812051 11.2502668764 47.8119642966 58.7339952789 70.0888188139 10.6190950701 20.9741419654 119.870612461 21.5347656484 9.69149150594 8.83302243251 7.96525372838 8.9665316324 8.47466100814 8.58088611216 1474.2824057 1497.12847222 7.5138886471 23.0972347916 15.6769881415 58.9436761374 16.0586724462 7.87105356541 42.5401913446 14.8727225387 36.1398846481 93.3089177701 86.6558115711 25.2569818692 25.2201349281 8.50028643259 8.61048325946 -9999.0 -9999.0 8.74951919159 26.7610437158 61.86456444 11.9644862258 -9999.0 -9999.0 -9999.0 -9999.0 -9999.0 -9999.0 -9999.0 -9999.0 -9999.0 -9999.0 -9999.0 -9999.0
-9999.0 -9999.0 -9999.0 -9999.0 -9999.0 -9999.0 12.6113788218 12.762078298 23.7213403382 35.0366156474 78.1376131446 99.602258873 110.418908471 11.688849651 8.60582294129 115.954239236 141.90492872 150.028286467 183.676518552 191.45092846 7.78285355724 1504.96861317 1540.70725877 28.0782179841 2.25371894668 64.6450720016 146.164548629 58.1070552992 14.8669524082 7.39496345112 144.091710629 100.979971301 7.66714183232 7.78926858344 33.2893289936 25.067598403 8.21688954039 8.36735330078 8.40968381498 16.993054969 8.33717910664 75.2468782952 83.7580557002 8.4394683013 -9999.0 -9999.0 -9999.0 -9999.0 9.642687435 9.30231298727 2.41421771106 -9999.0 -9999.0 -9999.0 -9999.0
-9999.0 -9999.0 -9999.0 -9999.0 -9999.0 -9999.0 -9999.0 12.152251848 9.75503245501 21.563208897 32.8953845826 10.8039756804 9.68186055668 61.2780894109 79.9889263784 99.0385321862 8.92905673797 17.274585494 8.60801417797 199.435026653 456.614429442 468.758993083 2028.4603558 7.31727816814 7.22807238272 2.18451246626 153.705621506 7.35520695612 22.4025658009 7.33405489256 151.541593396 158.948089489 15.3657335793 15.2823406391 82.6766923306 41.357825563 16.887906158 8.46108916766 16.8114121242 25.2715094935 41.6540293767 8.20207875276 100.905836272 109.555899396 8.30982113601 8.60930955589 8.99459397247 8.50622308404 8.38494446743 27.5905321446 10.2562666837 6.54786750121 -9999.0 -9999.0 -9999.0
-9999.0 -9999.0 -9999.0 -9999.0 -9999.0 -9999.0 -9999.0 -9999.0 22.1698804893 30.9665472794 10.6601635697 21.8563455974 31.9999607307 52.3522179175 10.1923478863 9.66362929797 8.29623049088 8.39442077194 7.74522072364 241.056413807 8.57290623556 16.7308868831 2058.90117983 2082.94998804 9.2503089413 25.4897949342 186.648385843 14.4076868751 29.2329019062 13.9918670639 21.005999126 188.482969516 22.5171991717 119.96246228 97.553696922 7.49084707237 40.8661527211 16.2987942346 24.6278004714 7.88743235622 50.0377913688 66.6057442608 74.5720998187 82.2883526036 141.55050929 16.0552669036 16.8369582384 16.0028848638 15.6889682561 35.4519075791 7.80749788551 24.6461459612 31.9322366086 -9999.0 -9999.0
-9999.0 -9999.0 -9999.0 -9999.0 -9999.0 -9999.0 -9999.0 -9999.0 11.9307457186 54.5317441375 64.8536030239 10.3158533817 20.0581858552 9.7188929524 8.88739657448 8.73480046574 110.835763372 147.106166967 186.322153462 228.26310214 10.8521161605 8.33401608416 9.53765301033 2129.57555323 2158.96890939 2170.15553407 255.106099037 58.6998639142 50.8938639529 6.96246245408 27.7520531768 223.150789797 6.94513304201 127.038365103 7.38480159361 52.1696689457 48.8165094027 7.73743077503 32.3853315679 15.6100703298 23.3849906958 8.13577230821 7.42162759239 89.9453266066 97.3680909517 148.959131383 24.6449084119 23.5886490716 23.3271946061 43.3376226883 59.0109145673 7.80465930505 39.3741716012 7.64612144683 14.9615374164
-9999.0 -9999.0 -9999.0 -9999.0 -9999.0 -9999.0 -9999.0 -9999.0 -9999.0 12.4243761181 75.9275890156 86.0281502478 29.8502244422 49.3498232845 67.3061884808 76.4131084985 9.25160946083 27.8499341449 18.2124970912 9.34686937537 9.06315591757 8.11415635917 16.4183241481 28.8774499798 13.1533156094 2450.48221757 2460.23381662 8.99708674743 7.1364731874 13.6672634188 20.4699806206 243.741818898 13.8027571716 133.696013217 79.5592532897 65.560175333 7.45245142481 15.0588747965 39.6846231591 7.2634307161 30.6540908777 15.5524839328 11.3773251418 3.07190328149 110.861607353 266.414747259 30.9872105059 30.054936797 30.4252607866 6.99262624321 66.1027409758 6.98952151897 54.0213121253 7.04948667049 22.2344587819
-9999.0 -9999.0 -9999.0 -9999.0 -9999.0 -9999.0 -9999.0 -9999.0 -9999.0 -9999.0 10.293019129 106.754045103 9.7198530864 19.462537729 28.2154316347 45.4542371422 8.77062933044 18.4201093653 8.91119334648 8.5058617744 8.066299193 16.1137687699 7.46134253022 8.70695664236 18.7082458615 11.2446444248 2472.31044998 2492.1453111 2518.84787481 28.0505702651 6.68580375129 13.3239977968 250.655327119 247.722049331 93.9607000614 7.1006357547 29.7169085964 22.3664486286 47.0043171729 14.5518947342 60.9122076925 22.889174015 17.7288735528 1.09169677134 3.45041468771 273.556368798 280.862208515 348.667117946 51.9792759846 14.2837008857 73.6033399904 87.9042971307 148.819865231 14.0284634038 6.80634081004
-9999.0 -9999.0 -9999.0 -9999.0 -9999.0 -9999.0 -9999.0 -9999.0 -9999.0 -9999.0 -9999.0 5.62813236908 117.73623994 9.30550913223 17.9499637932 80.7652697963 9.01471452655 8.9387836534 8.03405497653 16.7044812061 8.11080442691 32.3423791615 47.4814262288 54.7208032937 26.1530128966 34.5068503537 9.47158158108 10.3338172507 10.9046877998 2565.21211999 2586.33207579 257.025386866 260.44995813 254.163302926 13.3572769324 6.57444804715 36.5432660721 97.3823433628 54.0281640418 21.5436600583 89.5423006775 29.0946755444 22.2295081245 2.08862566808 0.992323180607 1.17081686555 2.11264055001 360.19120106 433.099444546 6.8766072338 6.71091830275 6.94956395256 155.691493671 176.038025961 12.3459387505
-9999.0 -9999.0 -9999.0 -9999.0 -9999.0 -9999.0 -9999.0 -9999.0 -9999.0 -9999.0 -9999.0 5.21531298258 129.791132619 159.381269618 8.75256335528 98.2235590491 8.40177108318 8.02198755461 15.8441182006 40.4945207367 7.78857424982 8.13923227794 7.30766840934 69.5205898157 76.5922489353 118.619819968 134.669564019 141.692484214 150.577084363 158.936315825 2756.03586609 3027.47558527 3303.12689697 3312.72129889 7.60046401904 6.68349430166 111.058365198 104.279107965 6.89723893795 6.77387090467 96.0776962897 132.283536944 5.70371569904 45.7493644466 42.7297951628 5.32924597064 3.60523383497 6.04296572746 7.11276913004 447.052433954 7.02216074241 19.7634162975 26.1237670016 215.09692846 228.569938438
-9999.0 -9999.0 -9999.0 -9999.0 -9999.0 -9999.0 -9999.0 -9999.0 -9999.0 -9999.0 -9999.0 10.9256863035 20.7238688538 168.894994166 185.666455451 8.55190532019 119.674893067 7.37711245871 22.4313731556 47.8676372524 15.1400997604 7.32561872634 15.3508830239 6.96301722021 13.3997392889 6.42152531831 5.2995387842 3.03389002571 2.22097385849 1.90819473338 1.94885712006 3.59661764755 6.12862608475 9.35679740075 3339.11774252 140.473783215 126.527578613 7.34342545427 20.2505295359 4.90693428166 4.05813620039 139.010500147 204.793889291 53.1024773998 40.672999713 2.95170994827 1.31925696458 1.1739115147 6.61190211122 460.710806442 474.656620285 7.15255813023 7.33041092311 4.13977317751 1.24205358542
-9999.0 -9999.0 -9999.0 -9999.0 -9999.0 -9999.0 -9999.0 -9999.0 -9999.0 -9999.0 -9999.0 -9999.0 8.97314474705 126.998459839 321.439815812 348.123114351 477.19210663 490.118205366 112.598001501 77.9626290071 22.5954014094 7.24365038553 29.7086678694 36.8102302536 56.7172516163 13.0670828055 11.6478163734 9.46464054775 18.0278966821 8.17185817448 7.74480894621 3.37756748647 0.867810940372 1.69742700746 3347.06834511 3492.56777243 3502.20001565 7.63693517384 58.2898509959 22.6120300822 6.99420500833 226.822221201 15.3985634696 7.90353874515 30.3719639688 4.98776562275 5.22894812014 10.2160658341 16.0268136464 22.6417525481 487.302112217 6.11706156175 5.75016400928 5.73950081259 3.89287638003
-9999.0 -9999.0 -9999.0 -9999.0 -9999.0 -9999.0 -9999.0 -9999.0 -9999.0 -9999.0 -9999.0 10.167366332 97.2464560871 117.714254288 18.2990686684 5.57462450701 12.256189692 510.320181311 520.741383358 645.3651501 6.79326118642 13.9814161558 6.41237987061 6.5026869983 63.1286326552 82.5958189434 100.331440124 5.98588558999 24.0420396343 38.1297729146 22.9258853154 9.31999523354 4.87324987032 3.02691620637 3.94764847458 2.83312057467 3510.4924076 3517.74322627 3589.43980979 12.7992073575 6.56571894208 236.538741713 15.679351536 8.07781439788 8.64742699382 8.56503133566 8.13294590104 13.3668249458 42.913335254 72.5177619251 565.933272307 5.1258852126 15.6309229607 10.5999280147 8.55536205319
-9999.0 -9999.0 -9999.0 -9999.0 -9999.0 -9999.0 -9999.0 -9999.0 -9999.0 -9999.0 -9999.0 10.4629735293 68.3687773511 10.5642771224 8.90163972121 46.977198503 54.806753661 62.7756406743 70.1884368736 861.164847368 867.225932893 880.25767715 973.745522525 991.121676342 999.870914084 1006.49721048 1114.71363973 1126.75015726 1132.68388526 1176.47469733 1205.94158756 1211.93882899 1225.51826456 8.86755425472 6.08188965229 0.829322623842 1.77826479971 3524.44494102 3616.36259693 19.8932712828 283.685235423 276.490694032 30.1781747395 7.29221999014 7.54276635531 7.38677085726 7.52059439846 15.1572867272 22.5953304341 7.57588869452 571.954273042 578.174791283 610.184658899 615.809405863 629.853293137
-9999.0 -9999.0 -9999.0 -9999.0 -9999.0 -9999.0 -9999.0 -9999.0 -9999.0 -9999.0 -9999.0 35.6722697579 46.9221435693 21.2038365638 30.9435284478 9.57096385607 108.752462763 117.103967069 133.570431319 138.104632225 52.0324782313 941.47558416 946.714275188 4.20344482301 2.19929656753 1.28102803161 3.81778346302 1.622721698 0.805523004027 0.727777231382 1.34080171363 1214.79906187 1229.3699742 1245.34418716 1258.05335917 1264.99481776 2.57030334051 1.396317188 3920.27373296 297.220390726 291.113766982 6.80291851333 6.85259856099 6.52872197926 14.1753222372 14.0894088235 6.65911969017 6.68569188989 6.52458050669 13.9869248301 19.8132910392 4.92161091507 9.29283264925 3.2210766493 0.680571126677
-9999.0 -9999.0 -9999.0 -9999.0 -9999.0 -9999.0 -9999.0 -9999.0 -9999.0 -9999.0 -9999.0 -9999.0 23.9876890897 11.0036689276 9.648397401 92.0900956318 100.825989845 8.71887967282 33.8329712536 41.1475123238 46.5094554157 6.38172474485 5.12743345285 130.464420951 134.600061621 138.010963191 378.561764086 380.146364645 381.740246481 404.320085088 409.684371518 410.393803377 0.717491572258 0.764848693714 1.42688536474 1274.61755659 3.25430484486 3978.90208455 3971.88754919 46.3588609208 39.8716547432 26.4551624724 6.58783169097 13.0904227344 20.9488581026 20.8566991469 13.1254392182 6.46825905042 12.931067985 12.8522443933 25.8399655649 3.37520696917 12.4879209178 20.9529577099 22.354834253
-9999.0 -9999.0 -9999.0 -9999.0 -9999.0 -9999.0 -9999.0 -9999.0 -9999.0 -9999.0 -9999.0 -9999.0 12.4507250601 33.36837975 43.1847816325 73.2768431385 8.7651626211 17.6560405524 25.9902659945 99.8414517774 104.919416282 106.746901272 112.419016264 120.143262729 207.606937987 229.400815439 238.096612073 1.61228652625 20.6905309839 21.8720305387 406.966678616 411.445700966 413.321994238 415.231727492 417.616296523 1697.12215284 6.46851607367 3995.83727607 3.97805201453 1.14832667773 33.4295493854 30.8704116597 3.39053528432 18.708924115 26.9788400411 26.9282657374 18.9911056642 31.2707039502 49.811726169 18.6040708514 50.0921363009 3.31444863657 4.13273359852 0.568114372812 0.499858037332
