data/baseflow/mHMbf_acc336.asc
ncols                  80
nrows                 72
xllcorner      4374000.0
yllcorner      5656000.0
cellsize            500
NODATA_value       -9999
[rows 0 to 24 of 72, columns 0 to 54 of 80]
-9999.0 -9999.0 -9999.0 -9999.0 -9999.0 -9999.0 -9999.0 -9999.0 -9999.0 -9999.0 -9999.0 -9999.0 14.9527743698 16.3305556532 -9999.0 -9999.0 -9999.0 -9999.0 -9999.0 -9999.0 -9999.0 -9999.0 -9999.0 -9999.0 -9999.0 -9999.0 -9999.0 -9999.0 -9999.0 -9999.0 -9999.0 -9999.0 -9999.0 -9999.0 -9999.0 -9999.0 -9999.0 -9999.0 -9999.0 -9999.0 -9999.0 -9999.0 -9999.0 -9999.0 -9999.0 -9999.0 -9999.0 -9999.0 -9999.0 -9999.0 -9999.0 -9999.0 -9999.0 -9999.0 -9999.0
-9999.0 -9999.0 -9999.0 -9999.0 -9999.0 -9999.0 -9999.0 -9999.0 -9999.0 -9999.0 -9999.0 -9999.0 29.2140394942 71.5083943636 13.2913290777 -9999.0 13.1603366913 -9999.0 -9999.0 -9999.0 -9999.0 -9999.0 -9999.0 -9999.0 -9999.0 -9999.0 -9999.0 -9999.0 -9999.0 -9999.0 -9999.0 -9999.0 -9999.0 -9999.0 -9999.0 -9999.0 -9999.0 -9999.0 -9999.0 -9999.0 -9999.0 -9999.0 -9999.0 -9999.0 -9999.0 -9999.0 -9999.0 -9999.0 -9999.0 -9999.0 -9999.0 -9999.0 -9999.0 -9999.0 -9999.0
-9999.0 -9999.0 -9999.0 -9999.0 -9999.0 -9999.0 -9999.0 -9999.0 -9999.0 -9999.0 13.5812470073 12.5925883028 13.4676568449 13.4763099064 95.7448484083 106.864134168 37.1540313593 12.0630493183 -9999.0 -9999.0 -9999.0 -9999.0 -9999.0 -9999.0 -9999.0 -9999.0 -9999.0 -9999.0 -9999.0 -9999.0 -9999.0 -9999.0 -9999.0 -9999.0 -9999.0 -9999.0 -9999.0 -9999.0 -9999.0 -9999.0 -9999.0 -9999.0 -9999.0 -9999.0 -9999.0 -9999.0 -9999.0 -9999.0 -9999.0 -9999.0 -9999.0 -9999.0 -9999.0 -9999.0 -9999.0
-9999.0 -9999.0 -9999.0 -9999.0 -9999.0 -9999.0 -9999.0 -9999.0 -9999.0 12.6465320131 26.2948792875 52.220884749 25.8283038929 12.4927045741 24.4122697821 117.733124063 180.066096374 12.7408435751 -9999.0 12.5125077745 -9999.0 -9999.0 -9999.0 -9999.0 25.4353853932 13.0527994002 -9999.0 -9999.0 -9999.0 -9999.0 -9999.0 -9999.0 -9999.0 -9999.0 -9999.0 -9999.0 -9999.0 -9999.0 -9999.0 -9999.0 -9999.0 -9999.0 -9999.0 -9999.0 -9999.0 -9999.0 -9999.0 -9999.0 -9999.0 -9999.0 -9999.0 -9999.0 -9999.0 -9999.0 -9999.0
-9999.0 -9999.0 -9999.0 -9999.0 -9999.0 -9999.0 -9999.0 -9999.0 15.4105359396 42.0944403159 54.3679987722 66.8991050407 90.3475427465 11.7979948833 47.227135183 58.1694680268 258.085834961 8.79448997435 8.54896443966 23.3952742632 33.6123213283 10.7211225711 -9999.0 63.4168620895 51.9003407247 13.4807122136 -9999.0 -9999.0 -9999.0 -9999.0 -9999.0 -9999.0 -9999.0 -9999.0 -9999.0 -9999.0 -9999.0 -9999.0 -9999.0 -9999.0 -9999.0 -9999.0 -9999.0 -9999.0 -9999.0 -9999.0 -9999.0 -9999.0 -9999.0 -9999.0 -9999.0 -9999.0 -9999.0 -9999.0 -9999.0
-9999.0 -9999.0 -9999.0 -9999.0 -9999.0 -9999.0 15.0357341201 13.1572865559 12.8172513577 13.159100475 13.3018938504 94.0287934913 197.31973626 209.935238966 220.686479713 11.102484401 278.484153283 287.480060613 19.2254544717 10.8381868211 43.6351497556 75.0617845101 9.26833633755 91.9786204092 9.47128217558 9.37532770635 9.70100016369 -9999.0 -9999.0 -9999.0 -9999.0 -9999.0 -9999.0 -9999.0 -9999.0 -9999.0 -9999.0 -9999.0 -9999.0 -9999.0 -9999.0 -9999.0 -9999.0 -9999.0 -9999.0 -9999.0 -9999.0 -9999.0 -9999.0 -9999.0 -9999.0 -9999.0 -9999.0 -9999.0 -9999.0
-9999.0 -9999.0 -9999.0 -9999.0 -9999.0 -9999.0 30.8407075003 45.3700825425 101.466853971 139.609616635 11.6007459491 12.6722156925 11.7127771969 33.424731331 263.738501448 9.52084530926 296.890980357 336.33096749 28.9818307375 20.0996202031 84.3736735251 10.1887968969 101.956314017 17.4601111972 8.43058605251 17.4485416987 19.5275245972 11.1053316009 11.8960189233 11.480815994 12.0419315901 24.0166360926 -9999.0 -9999.0 -9999.0 -9999.0 -9999.0 -9999.0 -9999.0 -9999.0 -9999.0 -9999.0 -9999.0 -9999.0 -9999.0 -9999.0 -9999.0 -9999.0 -9999.0 -9999.0 -9999.0 -9999.0 -9999.0 -9999.0 -9999.0
-9999.0 -9999.0 -9999.0 -9999.0 -9999.0 17.9321105977 34.1270026912 16.1677022243 30.5816105406 154.352375607 179.646350488 205.19602935 708.306543786 11.1343218612 274.150654598 1079.05610641 1088.84021226 1443.67112547 10.4321150587 29.3632702089 93.7226249567 9.24547792615 203.602118361 91.9608362317 54.7548652546 45.9837141937 9.55065287463 32.9674087561 34.5538483806 22.9478317585 10.6626142497 35.0213030947 10.1122931788 9.88917861517 -9999.0 -9999.0 -9999.0 -9999.0 -9999.0 -9999.0 -9999.0 -9999.0 -9999.0 -9999.0 -9999.0 -9999.0 -9999.0 -9999.0 -9999.0 -9999.0 -9999.0 -9999.0 -9999.0 -9999.0 -9999.0
-9999.0 -9999.0 -9999.0 -9999.0 -9999.0 18.4379078753 53.2773052321 104.691775181 120.273023656 238.822763004 253.080992632 298.162621141 492.338633061 749.505044092 774.255165619 785.439525831 20.2045048717 1481.81894997 1502.65120972 1553.15240743 1887.86264156 232.130894177 213.692670102 64.6441044456 9.6207934447 59.1613956983 41.1690096171 7.86525299925 44.2038561911 10.0902066123 20.5076651064 54.7504397467 64.6144348336 19.5378652265 9.04524041307 9.25957261952 -9999.0 -9999.0 -9999.0 -9999.0 11.1921524025 10.3285340464 -9999.0 -9999.0 -9999.0 -9999.0 -9999.0 -9999.0 -9999.0 -9999.0 -9999.0 -9999.0 -9999.0 -9999.0 -9999.0
-9999.0 -9999.0 -9999.0 -9999.0 -9999.0 17.6342700699 16.6424445818 70.9411384209 86.9471341709 103.552618521 15.3828959115 30.3560807887 180.842043272 30.6557631496 13.7064923103 11.6622374456 9.87918897495 11.3585391767 10.6538466837 11.2041928141 1897.39625624 1925.12143502 9.13094972356 28.127167581 19.1777905315 67.5721009276 15.8967620751 7.45615461859 53.6253104315 20.1914075166 51.1423431433 113.169670548 102.742299904 28.3697353729 26.4707498832 9.64151041513 9.43082589614 -9999.0 -9999.0 9.6282595073 21.7170897989 53.7113883271 10.9055220449 -9999.0 -9999.0 -9999.0 -9999.0 -9999.0 -9999.0 -9999.0 -9999.0 -9999.0 -9999.0 -9999.0 -9999.0
-9999.0 -9999.0 -9999.0 -9999.0 -9999.0 -9999.0 19.0975687701 19.0773376377 35.4637960928 52.6218081306 119.482067399 151.649269081 167.541831679 16.1364546241 11.8188247763 166.194514171 200.798140414 211.313104772 257.226192449 267.329141546 9.67248045175 1934.83762894 1981.57018556 37.4440995786 9.22142972829 75.9772396901 166.502808592 67.9611357119 16.2880827381 8.56954152047 181.394505329 121.839912891 7.62634671331 7.5427750476 34.0996538062 27.9960904458 8.2087379811 7.17196287331 9.31779955838 18.7328525899 8.83297116333 65.1787724788 72.6405389907 6.53498503601 -9999.0 -9999.0 -9999.0 -9999.0 7.61086833972 7.08745876587 5.42997600816 -9999.0 -9999.0 -9999.0 -9999.0
-9999.0 -9999.0 -9999.0 -9999.0 -9999.0 -9999.0 -9999.0 17.8651335779 16.5789291155 34.5523643194 51.5851551914 16.1522939942 13.5860124696 90.028371586 115.976717646 143.099806068 12.2149981204 24.5834695455 11.7931711659 277.991855317 622.328790072 633.132792313 2633.26872552 9.10476527677 26.0750262925 8.27967863832 173.333735802 7.85014362787 24.8938835777 8.16835414903 189.066591594 196.864919107 15.3902898411 15.4740918317 88.3571372104 45.2242421894 15.1371893158 8.04547744521 18.5424990633 27.8383472283 44.5517924538 7.2275414711 84.7524913174 90.0732303621 4.77805622663 5.14751607908 5.50613938185 4.93808229961 4.68811558914 20.0756526752 11.8444747765 7.25931094437 -9999.0 -9999.0 -9999.0
-9999.0 -9999.0 -9999.0 -9999.0 -9999.0 -9999.0 -9999.0 -9999.0 34.3878257369 50.1035431561 16.3294071809 33.5205195324 48.4531701421 77.7429769847 14.7597131274 14.283603713 11.8916129224 11.9728600138 10.3477094665 322.835364988 12.2178095655 23.6190824771 2668.0291339 2684.07708773 4.9094080989 35.9896117574 215.36206114 15.7850303082 31.7869232658 14.2807817734 20.5467521381 225.1873867 22.0468310786 125.100970335 103.394216708 7.87374859434 39.99342735 16.5615944687 26.8354961909 8.00798782461 51.1122616263 63.7845457394 68.383329279 72.7233670516 108.063289164 9.09873815725 9.7973716191 8.90427522098 8.37588368467 24.4086183888 4.84886691822 24.1500301732 28.8676139436 -9999.0 -9999.0
-9999.0 -9999.0 -9999.0 -9999.0 -9999.0 -9999.0 -9999.0 -9999.0 18.1433386653 85.8513065487 101.658947691 15.7826453863 30.4738511807 14.6426230396 13.1789659136 12.9930422908 162.696416643 212.612668833 260.625864692 310.955890056 11.0529001337 11.7357779747 7.3510515194 2729.91769034 2749.77571159 2755.34283777 281.469133836 60.7708292943 54.0476524638 5.69341262956 26.5973530939 257.951426859 6.1754641571 131.265106837 7.7945895617 56.3984062887 48.673414855 8.36479669565 35.1185533399 16.219786013 24.1477212573 5.4616679912 4.22090614737 77.0044305023 80.9229809019 111.972323717 14.0548966345 12.9526066716 12.2646410199 29.6269804634 39.4473505131 4.90013662179 33.8218395326 5.66693258485 10.7561033825
-9999.0 -9999.0 -9999.0 -9999.0 -9999.0 -9999.0 -9999.0 -9999.0 -9999.0 18.8046265015 118.586441491 133.935536787 45.2589986941 74.1525021437 100.280095424 113.306649128 13.4284491308 38.3691619223 25.9389550342 14.0035385286 13.2034878127 11.657024146 21.1033272934 31.294818276 8.01715165593 3051.59728821 3056.37894338 4.68691593394 4.13244261798 12.451026066 18.5418252548 275.746176693 11.8950959528 136.355910869 86.3864128594 72.2223779563 7.76457621018 15.9116057866 42.4120915946 7.29483728074 31.156465783 11.6621462819 7.03537983574 3.32694174908 91.4062166846 206.648267416 17.0519767618 15.9935985229 16.0213095582 3.98844222964 43.3764098465 3.83287062401 42.947747407 5.02296909545 15.7395768521
-9999.0 -9999.0 -9999.0 -9999.0 -9999.0 -9999.0 -9999.0 -9999.0 -9999.0 -9999.0 15.2402305264 164.4952062 14.6175059814 28.7123100375 41.0922067163 64.6251237044 11.7007189056 24.4783761742 12.0258794751 10.8113984282 10.1640253804 19.8012023903 8.49754572903 7.35618357206 13.0164313126 6.67942399219 3062.50954914 3072.486459 3086.75100151 23.20423405 6.80885091118 13.5854630618 282.731499027 254.239651048 100.793086797 7.21483298218 31.1098389027 23.4564706124 49.7238109902 14.5642159599 56.594608243 18.2572830603 11.8585141745 3.48364170498 3.60271618689 210.865297019 214.57232815 250.81334993 28.5936974005 8.27998373448 47.6283670071 55.6101414315 102.399910099 9.59680967547 4.62210119831
-9999.0 -9999.0 -9999.0 -9999.0 -9999.0 -9999.0 -9999.0 -9999.0 -9999.0 -9999.0 -9999.0 12.2880738654 189.87016691 13.1618141544 25.2227214711 112.506062974 11.2297064102 11.0146508703 9.61989889927 21.727577901 11.4608806805 42.0783679115 58.7530890421 66.071083481 18.5746396189 22.8464912443 4.72068046213 5.91361903566 6.44978663044 3123.63131422 3141.8417359 287.997252486 265.45224088 259.835611477 11.4444434598 5.5241546177 37.8363820658 101.1169145 56.5695760721 21.3301619431 84.0597662699 30.3535142867 24.5331230741 7.32980639422 3.02649781164 2.38291753943 2.49025820887 264.856454171 305.384894317 4.11283364275 3.63841386638 4.01509798726 106.55970397 120.332237198 8.29709857871
-9999.0 -9999.0 -9999.0 -9999.0 -9999.0 -9999.0 -9999.0 -9999.0 -9999.0 -9999.0 -9999.0 11.4041420984 214.976960419 257.99245269 12.3187163743 136.294521378 10.1457265975 9.76565169762 21.1091648661 54.5947671177 11.2439776382 11.8976266577 8.62909220162 82.4377642227 90.265070093 121.425515153 131.449395045 136.311565656 140.846012254 147.194457705 3294.58399369 3591.27670813 3864.68347385 3869.13483548 3.80064745238 5.51414258653 114.618465461 107.908954797 6.73917823007 6.79542132566 90.9088682962 127.500518124 5.24659016568 66.5166486646 61.3999453151 16.4721281208 6.43443539854 10.8300664035 4.36284002807 312.494033744 3.56148457783 10.9164764573 13.720447687 144.733483353 157.088669378
-9999.0 -9999.0 -9999.0 -9999.0 -9999.0 -9999.0 -9999.0 -9999.0 -9999.0 -9999.0 -9999.0 16.2904343014 30.4422763109 271.664079863 294.256992165 10.8899266519 157.297233551 8.4248195431 27.2937374011 64.2983828378 21.5079162087 10.2080021022 19.5393192217 6.7892987433 13.7651006411 7.78100144901 7.2695121053 6.99945668754 6.37718208604 4.59721385887 3.32753839821 3.57215843363 3.97987728045 5.14052270137 3882.76039762 130.141813989 121.470055738 3.29628991222 18.8117256643 6.74451039537 7.44848704174 133.162230644 217.203135102 72.8741354355 54.2984201141 10.6720500356 3.94392818182 3.51577370642 6.92265769205 323.095350536 329.98283491 3.59921480406 3.66280281053 3.2491905155 3.81135209915
-9999.0 -9999.0 -9999.0 -9999.0 -9999.0 -9999.0 -9999.0 -9999.0 -9999.0 -9999.0 -9999.0 -9999.0 13.1421916857 187.892655704 494.769448871 532.205193845 699.008484951 709.612362989 143.670226618 106.535140916 31.8885702471 10.0457197373 38.88265346 47.3733520973 69.0871830828 15.9395402829 14.7720403221 14.6425052425 28.2737279171 11.7286616597 10.1377959012 6.65712157572 5.27420068428 3.22645125341 3886.98247221 4022.43432461 4026.82065522 3.30593673178 52.3333933645 26.8543016388 6.48100452685 236.594752197 13.8128435091 7.16888415104 31.6371764308 6.72278320541 4.04689155727 7.60257387328 10.775265867 14.3416273756 335.86581805 2.82149244217 2.50062321752 2.50747864698 1.74140693297
-9999.0 -9999.0 -9999.0 -9999.0 -9999.0 -9999.0 -9999.0 -9999.0 -9999.0 -9999.0 -9999.0 14.6463945031 144.570373176 174.094646904 26.1098999865 12.33169046 23.9770955284 743.477303495 752.036712681 906.030479765 8.75069670482 18.7034026086 7.9230123217 8.03518320262 76.7372352458 100.302312919 122.020913859 6.85365903721 35.0118041719 53.3627768682 29.2260751666 12.9339048433 10.7761110025 8.90005150964 8.20716057683 2.36058909217 4030.25908609 4033.11631757 4090.28435841 9.77050254815 5.4001251675 243.300719078 15.7163627637 7.90688522959 8.80818023185 8.74951548664 7.13387129603 11.6635608133 33.0550921605 51.1713613535 389.898091381 2.21182426364 6.62708414825 4.48463311033 3.54213074251
-9999.0 -9999.0 -9999.0 -9999.0 -9999.0 -9999.0 -9999.0 -9999.0 -9999.0 -9999.0 -9999.0 15.0415476755 102.422026396 15.277992221 12.616476658 73.7802015643 84.6911813099 95.216721666 104.932993055 1225.58611377 1235.9705384 1254.21896868 1390.37876376 1413.55230915 1426.39546901 1433.99536006 1574.99691202 1596.11478796 1603.32588772 1664.2487223 1700.51966531 1706.70496775 1729.8566534 14.7481034986 13.6527513835 2.43781662683 1.42915416464 4035.59621716 4105.8729635 13.1277504027 284.511108664 279.488453743 28.8494878933 6.83291344809 7.02060663682 6.75596685629 6.475152043 12.8883186015 17.6522567173 4.33710977454 392.634698821 395.537868573 409.145768945 411.54807965 417.333890155
-9999.0 -9999.0 -9999.0 -9999.0 -9999.0 -9999.0 -9999.0 -9999.0 -9999.0 -9999.0 -9999.0 53.9314744587 71.0877949504 31.9571715033 46.4789491711 14.2665088101 161.468427884 172.479049745 194.26629295 204.926653446 73.0450424084 1345.23423134 1355.70179031 6.90729687679 5.07537472854 5.26681404669 10.7241363949 5.78876146892 5.37768220471 5.59325019972 5.21774961461 1713.39718944 1736.12367589 1756.81196552 1775.48850106 1782.49795204 2.68957733678 0.856769846863 4400.62002916 292.442585353 289.820022082 5.73463782782 4.85272334351 4.47715595648 11.795195349 11.4843230331 5.370281701 5.40076479565 4.70819173778 8.99466287008 11.5976271802 2.06092320009 3.7238953885 1.28118364006 1.01639360355
-9999.0 -9999.0 -9999.0 -9999.0 -9999.0 -9999.0 -9999.0 -9999.0 -9999.0 -9999.0 -9999.0 -9999.0 36.9784255769 16.8360807924 14.8127167712 139.28374759 150.596665541 11.5518751984 44.1540977527 54.6069523997 63.534126188 10.4877101784 6.13336409833 192.708046329 197.585494139 202.343087123 520.103600104 524.292399721 533.683216082 571.896026437 598.377963671 602.641465303 5.62452270526 5.83599100398 4.60343150965 1787.22568752 1.43473118617 4444.99904821 4441.14718315 38.7924530793 35.8021123213 21.5612529267 5.47208632156 8.84226584253 16.3494716 16.0698101097 10.3549326392 5.1946166568 9.84058650289 9.71429073621 15.8780061172 4.23236005057 7.15025453404 10.859467409 13.162246641
-9999.0 -9999.0 -9999.0 -9999.0 -9999.0 -9999.0 -9999.0 -9999.0 -9999.0 -9999.0 -9999.0 -9999.0 19.454261604 51.6114141272 66.7398620243 110.825038385 11.3523500983 23.4682014159 34.2956813397 146.015801007 155.840389651 166.346963022 173.603077853 181.2662122 279.190754575 301.341415044 313.850957739 5.77530002718 28.758160185 34.5947418313 584.540022137 607.407822082 619.671189637 632.88935865 640.316716877 2429.59896016 4.34355734744 4456.59821635 4.2646169819 2.46310714558 30.517070583 26.3142464816 4.28800551391 13.4496878899 20.7018369018 19.993474473 14.1266017651 23.2615124773 36.616920976 13.8216117662 33.4025301956 3.32896983317 6.45167597151 0.935827630728 0.72085980765
