data/baseflow/mHMbf_acc460.asc
ncols                  80
nrows                 72
xllcorner      4374000.0
yllcorner      5656000.0
cellsize            500
NODATA_value       -9999
[rows 0 to 24 of 72, columns 0 to 54 of 80]
-9999.0 -9999.0 -9999.0 -9999.0 -9999.0 -9999.0 -9999.0 -9999.0 -9999.0 -9999.0 -9999.0 -9999.0 26.2176963373 20.5253743364 -9999.0 -9999.0 -9999.0 -9999.0 -9999.0 -9999.0 -9999.0 -9999.0 -9999.0 -9999.0 -9999.0 -9999.0 -9999.0 -9999.0 -9999.0 -9999.0 -9999.0 -9999.0 -9999.0 -9999.0 -9999.0 -9999.0 -9999.0 -9999.0 -9999.0 -9999.0 -9999.0 -9999.0 -9999.0 -9999.0 -9999.0 -9999.0 -9999.0 -9999.0 -9999.0 -9999.0 -9999.0 -9999.0 -9999.0 -9999.0 -9999.0
-9999.0 -9999.0 -9999.0 -9999.0 -9999.0 -9999.0 -9999.0 -9999.0 -9999.0 -9999.0 -9999.0 -9999.0 50.8478305003 111.57148308 17.6433977572 -9999.0 13.3504914762 -9999.0 -9999.0 -9999.0 -9999.0 -9999.0 -9999.0 -9999.0 -9999.0 -9999.0 -9999.0 -9999.0 -9999.0 -9999.0 -9999.0 -9999.0 -9999.0 -9999.0 -9999.0 -9999.0 -9999.0 -9999.0 -9999.0 -9999.0 -9999.0 -9999.0 -9999.0 -9999.0 -9999.0 -9999.0 -9999.0 -9999.0 -9999.0 -9999.0 -9999.0 -9999.0 -9999.0 -9999.0 -9999.0
-9999.0 -9999.0 -9999.0 -9999.0 -9999.0 -9999.0 -9999.0 -9999.0 -9999.0 -9999.0 23.8570795769 23.0117653342 23.9648721762 23.3834965253 156.14269071 175.498499553 37.6823877666 12.0323650673 -9999.0 -9999.0 -9999.0 -9999.0 -9999.0 -9999.0 -9999.0 -9999.0 -9999.0 -9999.0 -9999.0 -9999.0 -9999.0 -9999.0 -9999.0 -9999.0 -9999.0 -9999.0 -9999.0 -9999.0 -9999.0 -9999.0 -9999.0 -9999.0 -9999.0 -9999.0 -9999.0 -9999.0 -9999.0 -9999.0 -9999.0 -9999.0 -9999.0 -9999.0 -9999.0 -9999.0 -9999.0
-9999.0 -9999.0 -9999.0 -9999.0 -9999.0 -9999.0 -9999.0 -9999.0 -9999.0 23.1013981811 47.0506745562 93.2653382136 46.5763864031 22.7799110655 44.8435917929 197.310478064 265.611610227 14.172261877 -9999.0 23.5746648247 -9999.0 -9999.0 -9999.0 -9999.0 25.9587983878 13.1138091163 -9999.0 -9999.0 -9999.0 -9999.0 -9999.0 -9999.0 -9999.0 -9999.0 -9999.0 -9999.0 -9999.0 -9999.0 -9999.0 -9999.0 -9999.0 -9999.0 -9999.0 -9999.0 -9999.0 -9999.0 -9999.0 -9999.0 -9999.0 -9999.0 -9999.0 -9999.0 -9999.0 -9999.0 -9999.0
-9999.0 -9999.0 -9999.0 -9999.0 -9999.0 -9999.0 -9999.0 -9999.0 24.6714294166 71.4336628728 93.8006217454 116.51623256 161.860775174 21.6499760145 86.9801306586 108.168574973 412.913543866 21.1236343519 21.6123339603 45.1850944034 66.1478722142 21.5512149643 -9999.0 70.5394003663 57.685438271 16.6245064187 -9999.0 -9999.0 -9999.0 -9999.0 -9999.0 -9999.0 -9999.0 -9999.0 -9999.0 -9999.0 -9999.0 -9999.0 -9999.0 -9999.0 -9999.0 -9999.0 -9999.0 -9999.0 -9999.0 -9999.0 -9999.0 -9999.0 -9999.0 -9999.0 -9999.0 -9999.0 -9999.0 -9999.0 -9999.0
-9999.0 -9999.0 -9999.0 -9999.0 -9999.0 -9999.0 25.2046742526 23.2838177276 22.8349263582 23.038311299 23.1853680495 163.247053201 347.681815079 370.092326301 388.652238254 17.2194138377 450.892202563 471.493505033 42.3244888128 21.1911734553 86.7959048818 149.930829269 21.8413623374 136.358964544 22.9327131641 22.9147354034 23.6294767563 -9999.0 -9999.0 -9999.0 -9999.0 -9999.0 -9999.0 -9999.0 -9999.0 -9999.0 -9999.0 -9999.0 -9999.0 -9999.0 -9999.0 -9999.0 -9999.0 -9999.0 -9999.0 -9999.0 -9999.0 -9999.0 -9999.0 -9999.0 -9999.0 -9999.0 -9999.0 -9999.0 -9999.0
-9999.0 -9999.0 -9999.0 -9999.0 -9999.0 -9999.0 50.4137179519 74.4462660446 168.252191576 236.040683603 21.6453774492 22.2506775051 21.3248411219 62.2483468843 470.232801987 17.8329260648 490.293377932 565.210750343 59.8769215565 39.9176227182 169.371462709 20.4764338406 157.275702148 42.9849672809 22.0551906467 44.6035088065 46.7701091831 23.5542810609 23.6986816639 23.4345388504 24.0913413344 48.3465452612 -9999.0 -9999.0 -9999.0 -9999.0 -9999.0 -9999.0 -9999.0 -9999.0 -9999.0 -9999.0 -9999.0 -9999.0 -9999.0 -9999.0 -9999.0 -9999.0 -9999.0 -9999.0 -9999.0 -9999.0 -9999.0 -9999.0 -9999.0
-9999.0 -9999.0 -9999.0 -9999.0 -9999.0 26.0575835998 51.0719657954 24.715591182 48.3797887598 259.76710549 304.440051958 349.063293312 1099.40697932 20.259496132 490.605427232 1743.99466827 1757.58214765 2345.24110946 14.3500381528 58.4576024559 188.950109723 19.484915798 397.187476185 219.406903372 135.520547601 113.653573737 22.9436731133 70.1734645922 69.725116209 46.560255841 22.9145736515 71.7811336473 22.9566776892 22.8322348099 -9999.0 -9999.0 -9999.0 -9999.0 -9999.0 -9999.0 -9999.0 -9999.0 -9999.0 -9999.0 -9999.0 -9999.0 -9999.0 -9999.0 -9999.0 -9999.0 -9999.0 -9999.0 -9999.0 -9999.0 -9999.0
-9999.0 -9999.0 -9999.0 -9999.0 -9999.0 26.2587588492 77.097072042 153.314815747 177.24060199 351.645163497 374.686828476 445.609808107 729.644245341 1156.06062219 1197.59998265 1216.80988975 34.737214949 2406.42878054 2436.62500646 2530.62323719 3193.95957945 455.604641444 417.507689069 155.766102411 20.6510028229 135.028478979 91.977747686 21.4525810888 91.1851149979 20.3211724604 42.1460272976 115.323317105 137.422594289 44.8523581536 21.9599054577 21.9758466331 -9999.0 -9999.0 -9999.0 -9999.0 14.2522247023 12.0356586646 -9999.0 -9999.0 -9999.0 -9999.0 -9999.0 -9999.0 -9999.0 -9999.0 -9999.0 -9999.0 -9999.0 -9999.0 -9999.0
-9999.0 -9999.0 -9999.0 -9999.0 -9999.0 25.8202427827 24.990857819 102.1380176 126.228429885 150.843841942 23.9238165971 47.5937890887 268.101392838 45.7247596422 22.6878002627 21.4395593483 18.7676722406 20.1011336917 19.1460921423 20.0309244365 3213.25230652 3269.99655437 19.3851910979 60.4548706936 41.2139062925 155.446935767 42.940516272 21.0261131307 113.246287984 39.8271774258 95.7044511277 244.152272997 225.865789326 66.606161608 65.7034861402 22.1215606974 22.0210002919 -9999.0 -9999.0 22.0452993892 33.2458214382 70.233829078 12.5174547369 -9999.0 -9999.0 -9999.0 -9999.0 -9999.0 -9999.0 -9999.0 -9999.0 -9999.0 -9999.0 -9999.0 -9999.0
-9999.0 -9999.0 -9999.0 -9999.0 -9999.0 -9999.0 26.3757313397 26.1208837321 51.1791011315 76.264266638 173.4667534 222.131453766 245.86172166 23.2883787263 21.3149737822 275.067905248 338.623664582 359.052812571 442.087119499 461.592334585 18.9895564137 3288.93760484 3384.68344555 76.7652266447 12.3038695645 173.011660527 390.768880988 154.905534184 40.4477919523 19.9423388124 378.905500796 264.353903243 20.3057655228 20.4213417832 86.3981055347 65.0862552854 21.1864301728 21.1877038487 21.3338797829 43.0818112283 20.8157617562 85.5429213269 105.901743439 19.6761232911 -9999.0 -9999.0 -9999.0 -9999.0 20.7062758251 20.0392591493 5.58319909237 -9999.0 -9999.0 -9999.0 -9999.0
-9999.0 -9999.0 -9999.0 -9999.0 -9999.0 -9999.0 -9999.0 26.0769281889 23.3750680838 48.6110593025 73.3997924001 24.5269268203 22.3431387291 141.005670388 186.546557213 232.578871628 21.6872297287 43.1335743083 20.4984538692 481.165594098 1066.62854572 1080.88489292 4502.4286117 18.8351999754 38.0104250947 12.1785319247 410.673207572 19.9518792104 60.6511848659 19.807072471 399.015586651 419.048817797 40.6286091057 40.4655712663 214.712312724 107.357854638 42.3793038509 21.5442855556 42.7040587006 64.2073558011 105.424308585 20.4162524903 144.912863976 162.980330399 16.3419192122 17.2073443351 17.5256650841 16.3149730401 15.4114841826 58.7393621454 23.159024809 15.0713394395 -9999.0 -9999.0 -9999.0
-9999.0 -9999.0 -9999.0 -9999.0 -9999.0 -9999.0 -9999.0 -9999.0 48.8305708106 71.4034619158 24.5174403011 49.3968333373 73.0240160764 119.676579569 23.8794238984 23.4090314235 21.33128705 21.6048519865 19.9809919149 545.547114332 21.4022299247 42.2996387558 4561.05528391 4607.2475427 23.8975823842 85.4143187918 514.444468394 37.6444407551 78.4640933591 38.0842259329 55.7366181589 496.01082863 58.8860274586 312.276471695 253.244790843 19.0886322082 103.99089985 41.7282886677 62.7567135772 20.0099738622 125.541071271 165.297037434 181.367967501 196.825265219 225.275227251 31.370829249 32.2090605961 30.1907985232 28.2554241929 74.7539117648 16.2827190192 54.7632905706 70.0106703699 -9999.0 -9999.0
-9999.0 -9999.0 -9999.0 -9999.0 -9999.0 -9999.0 -9999.0 -9999.0 25.5366457384 121.87980957 146.053103408 24.2336102759 47.7611870298 23.53383266 22.6770711666 22.3490788008 272.78110847 364.610228973 448.868560636 530.395397736 21.2628403272 21.1255902405 23.2897906049 4705.86592295 4755.47559037 4778.89636393 693.485218145 154.455399486 135.326850593 18.8915831896 74.2779742528 588.376801106 18.9295580587 330.975931199 19.2618302872 132.746592373 124.235399478 20.0110894975 82.6713404844 39.875119009 59.4189337603 19.2960554747 15.2356821799 212.139629983 226.23828206 239.342236345 46.8111711903 44.2751131039 42.0779705899 91.7718688076 124.497774656 16.3137873289 85.5546107093 15.7929264408 29.9240279899
-9999.0 -9999.0 -9999.0 -9999.0 -9999.0 -9999.0 -9999.0 -9999.0 -9999.0 25.4996067723 170.601495974 194.564872852 71.399239795 118.299847003 163.33817812 185.679618173 22.490534137 70.4137706222 46.4373492066 22.7651898139 22.9319895288 21.7449727934 43.8541733161 77.1930188071 29.058775544 5525.8508337 5550.33338926 22.4614201956 17.035990296 35.6173111884 52.2919023439 640.340044628 35.4590729394 347.913319911 203.257702038 166.91806861 19.0313375184 38.8129828302 101.269467787 18.5157830477 77.6127058775 37.4395207718 26.8991397679 11.2020634053 261.566639057 513.080849239 57.8620966892 55.6767089197 56.771608378 14.9208884273 139.099202427 14.3695701438 115.590236172 14.0004299738 43.7338523325
-9999.0 -9999.0 -9999.0 -9999.0 -9999.0 -9999.0 -9999.0 -9999.0 -9999.0 -9999.0 23.7422394191 242.366329403 23.6025482005 47.0466704784 69.0245509933 114.152591822 23.5287232848 47.9346574804 23.808888811 23.375432113 22.4878329866 44.6956580643 21.2321940895 24.414626508 50.5805388472 28.5178937309 5575.29909837 5620.9899649 5685.09598491 70.4357724139 16.7577838866 33.3783910953 657.195253179 636.613957204 239.393437219 17.8649494076 76.4042677998 57.5796378276 119.908667191 37.0974287638 151.493916295 55.5169555805 42.639121932 7.42159103154 11.1266330592 527.775796801 540.89482641 666.526084195 102.478960341 30.2630438126 154.462130027 183.931739958 313.360971313 27.9430113696 13.0076543025
-9999.0 -9999.0 -9999.0 -9999.0 -9999.0 -9999.0 -9999.0 -9999.0 -9999.0 -9999.0 -9999.0 11.859042809 267.802356672 22.1957685741 43.8936717223 203.084555731 23.4785106525 23.4602632271 21.9261056065 45.364674405 21.2816238962 87.2502608752 129.015488019 149.297202779 70.6905504486 92.3600649113 23.9879159305 26.9163734478 23.9325180194 5795.43650467 5848.60847512 672.61122827 667.1234887 651.97404152 33.2102445565 16.6299129349 93.2537857254 247.269658969 137.205143788 54.3484377638 222.576463819 84.3117556248 68.194896726 14.85532195 6.33577557066 6.65412579291 8.12669571743 702.806803147 845.318897788 13.9936309573 13.7850996899 13.704818055 326.086940845 366.221762661 23.9231030788
-9999.0 -9999.0 -9999.0 -9999.0 -9999.0 -9999.0 -9999.0 -9999.0 -9999.0 -9999.0 -9999.0 11.3457483131 295.727300225 365.064658018 21.8683406849 246.853938314 22.370304914 22.0488504264 43.0925130064 109.718547672 21.0892651339 21.6366411694 19.9926018382 190.121748118 209.930502967 321.450904436 364.126609757 384.351879691 406.21231022 427.286041998 6297.29608077 7006.31716887 7707.61183726 7723.38904412 16.8738343027 16.1410647929 280.994713834 264.272868381 17.0283227369 16.5937617138 238.145786055 338.992974286 14.5531986745 139.455276863 127.895674196 29.4021315683 15.3753718517 24.6859624275 13.3850282209 869.203646229 11.8007855502 38.7015678798 48.4724486575 443.344492001 472.785374642
-9999.0 -9999.0 -9999.0 -9999.0 -9999.0 -9999.0 -9999.0 -9999.0 -9999.0 -9999.0 -9999.0 24.4050694054 47.1623029389 387.560007883 429.461253896 20.9871926832 288.134391145 20.5611700948 62.0989750659 129.195013128 40.6799379742 19.5570315998 40.2842121612 19.5793464565 36.3085572547 16.7063706054 15.4369124082 12.3347533105 10.6651637817 10.4026672719 11.0178050841 15.8788536276 19.8995558477 23.1828357941 7779.16939004 345.318136587 311.769394968 14.7417402053 48.7071325435 11.6528626961 9.66567961228 354.09450305 540.018572963 155.764715649 114.078556168 15.8013343077 7.0010182109 6.57880608001 17.7390621702 899.177136628 922.14535732 11.854800782 11.7557255831 10.2884574336 5.94241012532
-9999.0 -9999.0 -9999.0 -9999.0 -9999.0 -9999.0 -9999.0 -9999.0 -9999.0 -9999.0 -9999.0 -9999.0 22.4109305319 286.460374607 737.534605672 801.733972461 1110.15900562 1128.8085196 289.488427588 209.404466028 60.5446409872 19.4251101821 78.200020683 96.5130198824 149.642149028 33.8450359539 32.0807925252 29.123825396 56.2811560942 26.7381994663 26.6308064314 12.6304869104 7.32175209268 10.4542185118 7796.25511277 8153.065598 8172.33496112 14.7949759808 131.625660068 52.8497433978 16.1421511102 588.600068893 33.7555951438 17.2242344713 70.3319567594 14.4129579268 13.3236587466 24.8926667434 35.5798267742 47.1890486037 942.571806409 9.79535038645 8.65250415274 8.64746890343 6.69453766693
-9999.0 -9999.0 -9999.0 -9999.0 -9999.0 -9999.0 -9999.0 -9999.0 -9999.0 -9999.0 -9999.0 23.4641302152 217.626780601 264.16853104 43.6643252817 12.6390805902 29.2383299742 1177.63580533 1195.9916713 1502.61917426 17.2039022112 36.5191581723 16.4203823855 16.665717588 166.093460161 216.37376391 264.058966887 15.7685014386 72.0920612432 114.375685098 69.4465404469 27.8034189083 19.9225989058 18.4745593815 19.0752791431 11.7973398065 8185.9196669 8197.47307164 8352.00170711 28.24649171 14.4657913641 600.296272104 35.9998676405 18.2698996232 19.2458022198 19.0568875462 17.6900387879 31.1589710656 90.7480818738 150.01582761 1102.29985975 7.82733650131 23.2617384553 15.6044698566 12.9924670783
-9999.0 -9999.0 -9999.0 -9999.0 -9999.0 -9999.0 -9999.0 -9999.0 -9999.0 -9999.0 -9999.0 23.8592290688 148.490524697 23.6213581513 21.7644616489 108.977455872 128.264682396 148.608258503 166.991723399 2022.55658703 2037.10095301 2069.07749882 2312.1852576 2360.39254014 2387.79777897 2404.68865412 2699.45319138 2735.86087993 2751.03205853 2881.13846491 2966.85951417 2982.16137048 3027.98358184 33.0150978943 28.6634650327 7.14711789709 8.08789996547 8210.05769536 8405.38839134 42.3392916575 694.961125715 681.272203838 70.3272281165 17.2641443063 17.7345030643 17.469936776 16.4073683877 32.978650681 47.531295185 14.1146824256 1111.7893569 1121.650024 1169.03574275 1177.30016427 1197.92085172
-9999.0 -9999.0 -9999.0 -9999.0 -9999.0 -9999.0 -9999.0 -9999.0 -9999.0 -9999.0 -9999.0 75.6803306353 100.291117674 47.5724164252 70.195207386 22.380581662 256.109632855 277.744244852 319.200583735 334.682072635 134.931177102 2228.50173028 2242.94958229 14.6116773417 10.7078205959 8.52948070363 20.0569754428 9.29312232943 6.98732265771 6.6264631033 8.25885095074 2993.49074809 3040.16667806 3087.20355708 3128.71471248 3159.51843613 13.4016248434 5.43988239999 9136.17347582 720.175780934 708.908301938 14.6969652472 14.9744888348 15.0254311774 33.0224507869 32.8133739146 14.6753421288 14.3996229701 13.1682401262 27.2011192047 37.0424907335 7.22612362474 13.2831300994 5.52588157377 2.78593093203
-9999.0 -9999.0 -9999.0 -9999.0 -9999.0 -9999.0 -9999.0 -9999.0 -9999.0 -9999.0 -9999.0 -9999.0 51.1433174263 24.2621032607 22.9476486204 213.575128541 235.560429456 21.9409865026 85.3885980073 104.285174538 120.473868701 17.706234219 15.6393434505 339.705909396 353.247791268 365.839836209 943.497862576 952.594245391 966.20707026 1043.51816633 1083.20215153 1089.61685181 5.70061786975 5.88395361641 7.13947195923 3176.24277773 7.67199500364 9263.62092997 9251.80808517 105.956110805 93.1397249344 58.07751281 14.5451515363 29.7134957381 48.3946870769 48.1307237729 29.2187693324 13.9784410347 26.9930535232 26.3300971974 49.0182080213 7.31474617586 20.869263263 34.8078773366 40.5330569807
-9999.0 -9999.0 -9999.0 -9999.0 -9999.0 -9999.0 -9999.0 -9999.0 -9999.0 -9999.0 -9999.0 -9999.0 26.1018761949 74.1991959844 97.4696489969 168.245036451 22.155633892 44.6331403718 65.9951290621 247.896496042 264.167762646 274.45129236 290.680402917 309.143953355 486.559114064 540.370103205 566.986334066 9.12210896711 63.4707617635 71.0152989356 1062.65041176 1096.42560025 1109.03190501 1121.61331909 1135.53949003 4320.35165061 7.60518065565 9294.52628751 14.9277987969 6.10787723602 79.1177360258 69.7884489021 10.1157140598 42.1419033903 60.9212245107 60.4462747486 40.8658472933 66.3917458649 104.332977743 38.0034632553 98.1359730925 8.58440047038 11.3142363611 2.13364256809 1.6219918483
