data/baseflow/mHMbf_acc543.asc
ncols                  80
nrows                 72
xllcorner      4374000.0
yllcorner      5656000.0
cellsize            500
NODATA_value       -9999
[rows 25 to 49 of 72, columns 0 to 54 of 80]
-9999.0 -9999.0 -9999.0 -9999.0 -9999.0 -9999.0 -9999.0 -9999.0 -9999.0 -9999.0 -9999.0 -9999.0 36.9055892564 73.3493158957 34.5436626473 69.3746962103 32.8913678404 241.255965379 306.047066546 338.698190036 31.0298676449 60.5206927798 553.486496776 696.203947655 725.187039853 62.3183567935 67.3353042482 99.9898059115 24.204353484 23.2419482665 44.6218108475 19.88877863 848.749311915 868.738471868 894.724785646 7345.21282356 14963.3841448 14809.4373277 41.6448586061 16.7718358174 15.478104489 58.2875132544 41.715520154 91.7104408772 122.371098569 244.79597962 22.1662802068 22.2111200253 204.86981765 226.36222395 443.861831641 460.705792069 502.414470403 522.339752779 18.9228125302
-9999.0 -9999.0 -9999.0 -9999.0 -9999.0 -9999.0 -9999.0 -9999.0 -9999.0 -9999.0 -9999.0 -9999.0 -9999.0 36.3328240527 71.817460128 107.02276542 174.038147339 34.740279901 33.0870449485 209.866091724 240.862760383 496.176836845 526.342561222 86.2321168295 31.4042666556 31.0476480862 31.916939613 713.855888756 739.613114637 764.747819282 786.92196745 828.419167089 194.836902498 215.455370492 1137.16109874 23454.27076 131.988985655 113.269506331 58.8875368603 14.2774898027 13.5721691707 89.5951293335 102.416672824 121.52750663 15.0149099665 262.355337783 40.9780592732 40.6807119322 13.503837707 10.4260869727 9.26097328568 7.94142814095 9.04224652104 531.210474601 7489.07946524
-9999.0 -9999.0 -9999.0 -9999.0 -9999.0 -9999.0 -9999.0 -9999.0 -9999.0 -9999.0 -9999.0 -9999.0 -9999.0 -9999.0 35.1178554 62.2398973944 86.2364568789 110.974590238 143.899351412 177.370978596 98.8886026456 163.534535282 30.4853542419 30.0028575079 566.794232459 626.026428336 654.461742316 685.648176819 27.7607455928 53.055809287 128.957985501 155.013976803 176.36268965 21.6593875672 17.1600947141 23502.427564 18.5802994873 31.1690795016 17.1694891384 55.3936251989 26.1299507587 15.4458429855 237.749908507 247.698499392 9.71546700867 272.247818881 327.661167249 57.100783854 7866.76437346 7841.58877823 7820.40634198 7781.34802953 7766.13948155 7534.17967049 7524.11771952
-9999.0 -9999.0 -9999.0 -9999.0 -9999.0 -9999.0 -9999.0 -9999.0 -9999.0 -9999.0 -9999.0 -9999.0 -9999.0 -9999.0 5.62480207774 13.0693777264 23.8217646264 202.030497402 236.148417287 34.0376662455 33.3751268754 32.6788600575 445.629157147 507.709811962 30.1574555476 30.7611668903 27.9678729594 113.18692325 141.051818005 82.2795475234 103.936827841 635.074660446 659.405694752 699.818232182 1138.46341857 24650.3470054 18.1960066418 15.1746511857 82.4152064986 68.8123919436 9.81750913443 35.8462448673 46.1038869887 259.247860299 269.014398022 621.361075174 333.322149693 64.7212751078 8065.42986229 91.7896715562 7801.20677064 7791.63904976 217.287043136 6.61608235936 28.4039609836
-9999.0 -9999.0 -9999.0 -9999.0 -9999.0 -9999.0 -9999.0 -9999.0 -9999.0 -9999.0 -9999.0 -9999.0 -9999.0 -9999.0 28.313080246 46.3893372059 99.6755033453 172.265950152 257.471063958 317.787546253 350.674943051 383.691472684 415.398572092 30.8849938697 29.773874125 58.887571663 56.4980428686 28.8299016474 543.465815006 571.024591631 597.311273999 622.26792265 373.913313536 400.561039578 422.426950862 24658.4371684 28.926809501 42.1213069473 132.441876755 12.3973655018 18.7158393504 9.16232458704 9.61839293645 54.8122386697 8.29863802937 8.89925081527 8732.6926297 8104.13574537 8095.22379001 32.4035596995 79.8507170852 53.530560342 14.3952267364 203.635576026 62.9589728438
-9999.0 -9999.0 -9999.0 -9999.0 -9999.0 -9999.0 -9999.0 -9999.0 -9999.0 -9999.0 -9999.0 -9999.0 -9999.0 -9999.0 19.7245080292 18.0802860627 35.2024864868 54.200180176 31.1711738283 35.1366763876 68.5227195928 102.133082752 166.255293648 197.871433788 228.036434841 317.535531867 345.97310156 375.322749098 27.9503667491 276.962716088 302.893963168 327.892961019 22.5369057417 15.2709771675 26.8954054395 25101.8960607 25109.767498 25155.9761429 165.217804845 24.3610380852 37.775271886 12.8644873839 17.2316573686 62.471604704 77.8625445401 16.3691463919 8771.70673458 11.7268600217 18.2096642721 20.2051741072 14.7084428832 28.334931753 12.0349591857 124.590074402 100.310874459
-9999.0 -9999.0 -9999.0 -9999.0 -9999.0 -9999.0 -9999.0 -9999.0 -9999.0 -9999.0 -9999.0 -9999.0 -9999.0 -9999.0 -9999.0 17.044390038 33.9427136285 17.4455710257 36.7907182818 231.202708195 260.509270729 294.068159777 31.9177512305 31.9474987399 62.1807684124 92.4555947581 149.156058307 177.525224295 194.233347458 221.572901569 24.9827363755 24.5184724583 375.03068859 388.923369236 399.113279355 408.191976193 332.434360153 25526.4675528 25751.9975955 25761.5464824 25808.1385086 25855.6773352 25883.2144906 8.84351932958 85.2103787739 8780.55420008 22.380842921 11.448945446 9.7888699954 8.29663852238 14.8617511012 15.7557563184 8.82767869258 11.8285726933 12.0521898785
-9999.0 -9999.0 -9999.0 -9999.0 -9999.0 -9999.0 -9999.0 -9999.0 -9999.0 -9999.0 -9999.0 -9999.0 -9999.0 -9999.0 -9999.0 -9999.0 50.5453146204 69.6931885128 125.956649221 172.14416936 26.0563588669 354.424683539 386.110990023 417.902501065 31.204205883 61.7864290553 28.5835302124 207.471723188 223.174292345 248.243618133 276.386908249 344.00267607 354.508178082 6.83475466356 298.609027055 316.27103996 323.961813868 362.261722718 52.016084404 34.2803233935 22.9697861033 21.0535673353 25914.2579878 25930.5744048 26076.8896348 8789.71505887 56.606266527 26.0938009216 17.0267906185 5.99927589221 47.8210364817 25.6764476669 8.25110096066 44.2402086639 37.0381438542
-9999.0 -9999.0 -9999.0 -9999.0 -9999.0 -9999.0 -9999.0 -9999.0 -9999.0 -9999.0 -9999.0 -9999.0 -9999.0 -9999.0 -9999.0 -9999.0 19.0513313913 88.1674351891 107.968677351 27.7606612399 33.9370408678 67.5640389537 99.3434728644 548.841940239 31.0199421826 124.255090408 153.198702453 181.580249069 16.9013076393 40.5515230231 56.1536688222 237.57619279 268.388356679 274.787607079 8.3473263195 9.41407266211 12.1930166273 22.0039918515 10.1273296808 11.1048481973 21.3345991942 15.7598967382 19.4507063508 50.9054716857 26091.5749521 34918.8486585 72.4808101564 11.9999071295 6.78554489465 150.271319174 137.268796636 81.2038489882 72.9894714884 55.0282970544 11.7483140194
-9999.0 -9999.0 -9999.0 -9999.0 -9999.0 -9999.0 -9999.0 -9999.0 -9999.0 -9999.0 -9999.0 -9999.0 -9999.0 -9999.0 -9999.0 15.4635338942 52.4463730591 17.705597491 33.4634472976 36.346030807 70.6046802163 104.025778898 132.365704999 701.869716704 732.39081362 31.1036904461 60.3383582782 89.6134479398 110.511755494 135.140888366 213.184782118 229.219082008 21.8576723983 15.8250351114 14.9292242373 16.2653270203 21.5967295879 20.0992886212 19.7516173124 21.6029258609 72.0968251617 30.9661229939 11.8404997745 11.3753341354 12.8678097241 24.7559713451 35367.6091132 366.337918811 177.795899865 10.9527960483 4.62127696754 4.85757174856 19.0760236345 13.9311598588 7.46066358115
-9999.0 -9999.0 -9999.0 -9999.0 -9999.0 -9999.0 -9999.0 -9999.0 -9999.0 -9999.0 -9999.0 -9999.0 -9999.0 -9999.0 15.9816813449 31.3767194336 117.24312598 17.5930543069 61.1517602517 97.3514007947 132.156506948 34.6556752861 66.6300979722 91.9020781868 844.366025097 30.2573164262 58.7067612816 87.2557906598 26.8703420134 53.6140522472 75.1170624881 92.0492527083 1832.86982605 1867.52045285 1904.65347195 2055.68056091 2110.33318508 2225.61575157 47.4803702128 96.5365332937 95.9458559088 2621.97350169 2646.46189527 10.8158861054 21.3829361425 31.5136709531 35375.9450598 344.862588139 153.573773738 148.423206608 120.190411225 107.779889882 25.3504148514 5.69122155732 12.3420239011
-9999.0 -9999.0 -9999.0 -9999.0 -9999.0 -9999.0 -9999.0 -9999.0 -9999.0 -9999.0 -9999.0 -9999.0 -9999.0 -9999.0 16.1639965903 49.2280121211 182.825611012 269.784644828 16.1115003273 361.373039063 513.542766997 33.6971312739 65.6765818106 93.0933512561 1109.49167746 1132.22380042 28.3661205395 144.407518065 171.384215846 195.024244299 1619.04038515 1685.76813412 1720.88022536 17.2043671206 101.799822201 122.699712449 54.1248914022 78.4963695746 2338.00111752 2471.07993184 2491.85499212 2511.91696311 2674.28405427 13.6428957003 12.1766836101 53.593279664 35386.2090612 8.1445651355 8.13358842675 23.7339142475 8.33589473454 98.7815713329 77.3993777737 44.991668306 33.3227606661
-9999.0 -9999.0 -9999.0 -9999.0 -9999.0 -9999.0 -9999.0 -9999.0 -9999.0 -9999.0 -9999.0 -9999.0 -9999.0 -9999.0 -9999.0 -9999.0 35.1628298119 71.0988198719 322.368097465 341.670335618 530.506456614 550.59908692 33.0294551079 65.9087015556 155.074183285 1151.55275537 1208.36583143 1234.31495445 21.785379594 1330.68952008 1401.96226631 43.7835380836 16.6179150679 33.3245314063 64.8099054017 15.4012926621 31.7730753659 74.1487938942 93.4588515023 17.227795791 13.0383701272 26.5408852207 2767.36640666 2801.93670605 2812.82365878 2891.78382036 35395.8621969 5.35067468966 6.73249592744 7.17865742254 7.01998999805 7.12981141471 6.39235193636 12.2139701692 3.93723209375
-9999.0 -9999.0 -9999.0 -9999.0 -9999.0 -9999.0 -9999.0 -9999.0 -9999.0 -9999.0 -9999.0 -9999.0 -9999.0 -9999.0 -9999.0 -9999.0 18.53156072 18.1793922317 18.4992931287 40.0245832383 17.9199186559 585.887607271 604.609267699 29.9879963674 61.0887447511 33.1571258983 29.1433436178 28.636598762 1288.45598651 24.6983247105 49.2839163407 22.4414326284 17.9172411789 16.1258980962 13.5012050197 13.865337328 41.8559959125 56.7408460384 11.9929999158 11.0726969636 23.2671714878 37.3308951996 47.6242666297 14.8537586659 2826.79770682 2903.14198228 35403.0525077 32.2170983764 21.8816441295 5.31910022043 11.485941823 4.54142860443 3.55239882729 16.0439423145 21.1079497738
-9999.0 -9999.0 -9999.0 -9999.0 -9999.0 -9999.0 -9999.0 -9999.0 -9999.0 -9999.0 -9999.0 -9999.0 -9999.0 -9999.0 -9999.0 -9999.0 -9999.0 -9999.0 18.0407046242 56.8986181339 72.4725939843 89.6237441218 621.217345338 637.634006664 655.424620179 679.310150828 707.464068951 764.864581988 788.753369516 812.68841412 833.148860233 16.8161442496 15.9648584697 16.2708235628 57.9169188749 14.858169837 14.2752159419 12.189564036 35.6927758648 13.4695036528 11.189795948 10.5964232572 9.10129086545 18.1731083889 26.3591752424 2958.3187886 38401.94545 4.88650669128 11.9739159768 4.94191866412 16.4475489381 10.1502817393 7.14744545346 54.7052396495 35.3256044221
-9999.0 -9999.0 -9999.0 -9999.0 -9999.0 -9999.0 -9999.0 -9999.0 -9999.0 -9999.0 -9999.0 -9999.0 -9999.0 -9999.0 -9999.0 -9999.0 -9999.0 -9999.0 -9999.0 15.3257995139 120.167667787 243.160084949 262.094499657 26.8724871114 56.9838567297 88.4755396728 117.542943263 299.902928899 318.518936232 17.8826763539 17.4772847581 872.089230014 906.272142716 921.148262314 70.2250184744 11.6970098996 27.0142869562 39.7947098626 117.255877636 143.046189595 164.772698722 20.386450453 28.9007269538 9.74816156147 19.1893821742 9.708297285 38421.5718648 5.24721203625 21.4997252121 11.9513765121 34.2758573409 68.6909883049 78.4442149263 135.64416778 47.4527684164
-9999.0 -9999.0 -9999.0 -9999.0 -9999.0 -9999.0 -9999.0 -9999.0 -9999.0 -9999.0 -9999.0 -9999.0 -9999.0 -9999.0 -9999.0 -9999.0 -9999.0 -9999.0 16.8964536421 53.5157260967 105.068572618 137.548218542 362.086013042 384.74334626 64.5073515076 95.9828410479 124.323054697 154.124415847 340.641422083 378.261659625 682.85133468 707.690674425 727.702225496 936.307801245 1047.0244436 26.8191542711 16.1277370194 15.6949605789 30.3271533332 14.0410868558 191.568673378 202.091157181 38.868256699 50.4303792906 14.4082805563 7718.91347168 7741.6182758 46176.4692674 46206.0659365 4.6852975827 43.8173805577 9.82993302604 9.07215202269 156.32864355 209.82062935
-9999.0 -9999.0 -9999.0 -9999.0 -9999.0 -9999.0 -9999.0 -9999.0 -9999.0 -9999.0 -9999.0 -9999.0 -9999.0 -9999.0 -9999.0 -9999.0 -9999.0 -9999.0 -9999.0 19.0223105467 18.603849428 35.4414810413 84.4242500819 400.993746115 32.8575498506 32.5055676658 61.1885122475 89.8181893414 229.158202109 254.150640163 16.8942217035 15.3972654293 747.378625351 763.481513526 1827.30435611 1843.9566354 11.160597441 10.2033240749 8.94430997757 9.01435163803 9.18673099735 7522.30051872 7584.19795085 7644.65636127 7668.93154925 7707.00854689 10.8744661512 41.6802615411 53.5956304262 46278.7238711 46284.1825694 46289.7216931 46300.9351321 46309.8935408 224.958219281
-9999.0 -9999.0 -9999.0 -9999.0 -9999.0 -9999.0 -9999.0 -9999.0 -9999.0 -9999.0 -9999.0 -9999.0 -9999.0 -9999.0 -9999.0 -9999.0 -9999.0 -9999.0 -9999.0 -9999.0 17.2695269018 17.9717631645 33.521659207 466.740603149 486.387971516 32.2384343885 60.7889206277 89.6465690807 114.722445961 23.4426265755 43.8773291703 1293.63085968 1310.4621716 1327.31352804 1447.5370705 3306.75507887 7127.1561683 7151.56208021 7174.24611922 7196.21165161 7282.67285975 7309.49072385 51.9790518265 24.4298146677 13.3364103952 25.6164565008 21.0082259694 32.4292009037 10.0620502899 237.745669575 259.536130417 274.780945302 281.207696605 46317.6546711 46556.9870521
-9999.0 -9999.0 -9999.0 -9999.0 -9999.0 -9999.0 -9999.0 -9999.0 -9999.0 -9999.0 -9999.0 -9999.0 -9999.0 -9999.0 -9999.0 -9999.0 -9999.0 -9999.0 -9999.0 -9999.0 -9999.0 17.5976326524 33.8177177035 50.1095751144 500.476647171 23.7122114337 705.486029302 735.50047318 760.282562832 782.173093554 1208.96301847 1230.32080859 18.0101397586 87.5412188994 106.909900274 17.4157572876 3795.58563366 3763.58757445 11.5619259315 25.0698854766 66.5735529338 14.3078035253 14.9435138607 12.6762549184 11.3163688168 9.45851566516 10.4272729415 203.683444612 214.076987125 225.909127079 12.3829047705 8.57377821481 286.173903389 293.904951178 298.926742026
-9999.0 -9999.0 -9999.0 -9999.0 -9999.0 -9999.0 -9999.0 -9999.0 -9999.0 -9999.0 -9999.0 -9999.0 -9999.0 -9999.0 -9999.0 -9999.0 -9999.0 -9999.0 -9999.0 -9999.0 -9999.0 16.1893714869 15.246784395 78.8935349644 613.111576897 653.699195225 676.760777511 31.8768832834 370.505864225 393.682487636 404.449613875 19.6335866358 39.613695152 57.323375154 900.10161108 914.357335314 927.157906657 3739.20496205 2167.54590345 13.3403113779 13.9691228102 13.6684317013 11.8423409617 122.184033565 146.742747775 169.050244506 181.003533913 192.651806036 1229.12131945 1238.74877382 1249.50458456 1273.04786339 1401.13809743 1407.58801987 1713.26692581
-9999.0 -9999.0 -9999.0 -9999.0 -9999.0 -9999.0 -9999.0 -9999.0 -9999.0 -9999.0 -9999.0 -9999.0 -9999.0 -9999.0 -9999.0 -9999.0 -9999.0 -9999.0 -9999.0 -9999.0 -9999.0 -9999.0 31.717391436 48.4269569529 19.2740568623 33.293351137 247.889836414 281.598622728 310.349603883 180.980660654 206.794522341 232.564813025 252.115057098 868.728111518 886.455414361 601.117178492 1543.83782372 1558.765032 2155.59842514 29.4533116943 14.9244136475 12.0231783551 84.3739586981 98.6212089178 10.3908514509 9.88581206828 1186.93190269 1209.48880814 1220.42598447 10.9482566754 16.4024431311 1375.43292751 13.6931154053 53.5395687787 59.2196607419
-9999.0 -9999.0 -9999.0 -9999.0 -9999.0 -9999.0 -9999.0 -9999.0 -9999.0 -9999.0 -9999.0 -9999.0 -9999.0 -9999.0 -9999.0 -9999.0 -9999.0 -9999.0 -9999.0 -9999.0 -9999.0 -9999.0 15.8952150891 31.5206338431 136.972328718 157.012584615 183.889767622 124.933360804 154.588736132 26.8402373265 549.379304413 574.755184771 598.748032509 19.66269743 567.253312022 585.295918668 15.1640943842 2080.34530522 31.3396872689 15.588956282 44.9199509576 59.8775040983 12.652292972 11.0517208962 1073.79546414 1165.96416191 1178.67674679 12.9768348801 31.9148135523 40.2934740634 50.2244006508 94.1951406993 19.830748557 43.9836505656 8.38443127378
-9999.0 -9999.0 -9999.0 -9999.0 -9999.0 -9999.0 -9999.0 -9999.0 -9999.0 -9999.0 -9999.0 -9999.0 -9999.0 -9999.0 -9999.0 -9999.0 -9999.0 -9999.0 -9999.0 -9999.0 -9999.0 -9999.0 15.7682040597 50.3022183747 89.122114927 24.1740380414 57.3142720396 92.6333230958 440.808736242 470.727092002 497.34943347 25.7625256777 435.747852093 510.206889828 531.586315232 19.2691348813 2015.49211116 2050.44166844 16.9255321424 16.1345221701 32.0895956971 14.2200487639 1001.5605252 1027.57422037 1042.21688352 57.093443869 70.9075754828 12.6727811555 23.0081454962 10.401481794 71.9316357014 10.1636107474 11.3786537921 12.3646843183 11.9385624752
-9999.0 -9999.0 -9999.0 -9999.0 -9999.0 -9999.0 -9999.0 -9999.0 -9999.0 -9999.0 -9999.0 -9999.0 -9999.0 -9999.0 -9999.0 -9999.0 -9999.0 -9999.0 -9999.0 -9999.0 -9999.0 -9999.0 -9999.0 18.0909551548 20.4221496419 28.7757910996 272.611971401 307.047173203 408.946619329 30.8318376624 329.497338678 385.594636012 25.9158319664 51.5213208907 21.4838691209 1958.13249644 21.3096171853 57.8963600574 72.8309616721 88.8941243721 905.934529028 960.03593208 975.549110765 15.4594825244 29.623486838 42.938933843 9.6519947745 9.00981933589 2251.27555629 2260.05565377 2267.23240721 2334.25778508 2342.72154066 2355.38684291 2365.23509114
