data/baseflow/mHMbf_acc495.asc
ncols                  80
nrows                 72
xllcorner      4374000.0
yllcorner      5656000.0
cellsize            500
NODATA_value       -9999
[rows 25 to 49 of 72, columns 0 to 54 of 80]
-9999.0 -9999.0 -9999.0 -9999.0 -9999.0 -9999.0 -9999.0 -9999.0 -9999.0 -9999.0 -9999.0 -9999.0 15.3239506697 30.6642330901 14.2183912889 28.2506610623 11.6409735721 94.4513996472 116.125335434 127.130182185 9.60329943885 18.4657611574 202.155558781 245.618509192 253.616144338 14.6879391171 17.1544960069 24.5557604463 2.96942922133 2.70278777882 5.07639656011 2.48268887588 342.549144848 345.418072716 348.157881062 2199.17275909 4524.74234969 4497.69683923 3.83885958446 1.88600594641 1.74255149924 7.22668502585 5.7416856601 16.9698782881 25.202957548 50.7572149616 4.5558414939 4.51964910588 40.3159097976 44.0087978965 85.4087524189 87.4726674326 93.2032323641 95.0305734994 1.91561379973
-9999.0 -9999.0 -9999.0 -9999.0 -9999.0 -9999.0 -9999.0 -9999.0 -9999.0 -9999.0 -9999.0 -9999.0 -9999.0 14.9456874096 29.7165307504 44.6300430758 69.5451291796 13.1780978877 11.3437668876 90.4687984198 100.416762473 185.591041032 195.717101647 27.7940029969 8.25925199353 7.12035346418 7.39936508369 325.032906188 328.873299465 332.193319822 334.805143717 339.89769455 38.1287499614 40.659084896 392.918646534 7119.70158708 19.191224946 14.1749582473 6.13674971932 1.7821682344 1.51087988508 10.6697212317 11.9031948764 19.6688827407 1.32252019092 52.498331528 7.13526616581 6.97248674396 1.20998791541 0.893886649549 0.874870390728 1.03610405879 0.906036213013 95.9449154062 1311.08517028
-9999.0 -9999.0 -9999.0 -9999.0 -9999.0 -9999.0 -9999.0 -9999.0 -9999.0 -9999.0 -9999.0 -9999.0 -9999.0 -9999.0 13.8486208801 28.7612554603 42.6137302835 56.5364509968 67.8988411556 79.6863162622 33.6841131983 56.134771295 9.93538998448 9.31119501995 287.688013803 304.719992092 312.036036396 319.6639384 5.1266499329 8.9932080916 25.4338521996 30.8202269345 34.802027012 3.07120428934 3.23176017747 7132.15407017 4.81782417566 5.81156138844 3.51418979768 8.89665311652 3.97086651877 2.72820855248 33.4314156884 35.5116596537 1.22502166524 53.9626126197 62.7818694872 9.08557412668 1359.92533717 1357.45305437 1355.4674929 1350.94292677 1348.93221925 1318.34625731 1316.41325067
-9999.0 -9999.0 -9999.0 -9999.0 -9999.0 -9999.0 -9999.0 -9999.0 -9999.0 -9999.0 -9999.0 -9999.0 -9999.0 -9999.0 4.64107032612 10.4200459401 14.8804809321 152.786617028 164.782984355 12.2821784715 11.3674022284 11.3868014076 249.598426749 270.559770958 9.68068203105 9.67300463917 7.32146842827 31.1448381136 38.5655071357 16.3330978255 21.1411062683 190.117156965 194.876146636 203.134742501 318.116500577 7453.86610291 5.33510443405 2.83946144972 14.4902049728 11.7407409127 1.61961911143 6.13313748338 7.85902642653 37.4509339288 39.1516667891 105.185277046 63.4675333065 10.2515885694 1391.25453815 14.0594771203 1353.53790551 1352.31667095 28.587617234 1.39259639612 3.36705843563
-9999.0 -9999.0 -9999.0 -9999.0 -9999.0 -9999.0 -9999.0 -9999.0 -9999.0 -9999.0 -9999.0 -9999.0 -9999.0 -9999.0 23.4045179162 38.7067506096 78.2504240912 139.217006775 179.204612621 206.867442861 218.089441082 229.48247194 240.139384811 10.1647300862 8.48936515325 16.7150783873 15.414798914 8.26314381032 166.852905578 174.046104857 180.507114083 186.550869089 99.5433675254 103.57365451 110.420700331 7457.05459257 9.45782842895 9.70207498409 26.1817619699 2.6653925144 4.17436213756 2.4152815491 1.58556789716 9.75764729852 1.33408216596 1.41839329467 1504.18241933 1397.8774578 1396.38746655 5.3886574296 12.3819304971 7.63038369528 1.51665503913 24.6783553272 6.33603215803
-9999.0 -9999.0 -9999.0 -9999.0 -9999.0 -9999.0 -9999.0 -9999.0 -9999.0 -9999.0 -9999.0 -9999.0 -9999.0 -9999.0 16.330898938 15.8346843202 31.2182338891 46.5429264364 14.5245199905 14.5787557641 26.7912693458 38.6802924316 60.5188337583 71.1993189485 79.5670784089 105.072598903 112.654002032 121.504013269 7.8697062863 80.3588954788 86.3084152356 91.4779160411 3.79868741499 2.5760591026 4.8841247937 7576.78960837 7579.878322 7595.51850322 33.6955721628 5.47356509386 7.70415898488 2.27158972053 2.86081458455 11.1707886247 13.6685942864 2.59274064212 1510.97913898 2.37172043694 2.95557526926 3.12350724557 2.80149371745 4.73038784273 2.03647266652 17.0738300359 12.9201791207
-9999.0 -9999.0 -9999.0 -9999.0 -9999.0 -9999.0 -9999.0 -9999.0 -9999.0 -9999.0 -9999.0 -9999.0 -9999.0 -9999.0 -9999.0 15.2548897478 29.956807396 14.3444720431 29.637338634 177.514887375 189.40406928 200.614614006 10.836660243 10.8090203104 19.1969774728 28.1938916121 43.2197567359 51.3160337362 57.4178710719 65.2728009635 5.58144873341 4.988341335 103.149914722 106.026765861 108.651967949 111.512406316 95.915100985 7703.4602567 7754.54809931 7756.88727653 7766.58166842 7776.24943352 7780.60869572 1.2194465514 14.8299407192 1512.21504476 2.62760389638 1.34608605835 2.14096930388 2.24273848948 3.64510117286 2.68308519849 1.58108158424 2.31195271238 2.00788125931
-9999.0 -9999.0 -9999.0 -9999.0 -9999.0 -9999.0 -9999.0 -9999.0 -9999.0 -9999.0 -9999.0 -9999.0 -9999.0 -9999.0 -9999.0 -9999.0 44.4384233993 58.877937688 102.79921297 132.505433335 14.6364451705 228.221354213 238.781779803 248.238695073 8.93831349156 17.5844590114 7.32281591651 58.543049066 63.8217650789 72.5026429884 81.5974446482 97.5741652445 100.19882947 1.84212022327 84.0679794466 90.0269975034 93.2088003947 104.793825354 14.5184998687 8.85881163977 5.06095214887 4.35581189836 7786.23280093 7788.80986338 7814.33247884 1513.41637953 8.4791017253 4.7966696188 3.33770660508 0.936037853757 9.37931422258 4.51406215781 1.44190537692 7.75756892908 6.55519486273
-9999.0 -9999.0 -9999.0 -9999.0 -9999.0 -9999.0 -9999.0 -9999.0 -9999.0 -9999.0 -9999.0 -9999.0 -9999.0 -9999.0 -9999.0 -9999.0 15.174570535 73.7371554105 89.012769841 14.9770562465 12.0817648142 24.772096207 35.9809589118 294.196747239 9.06732532863 36.196060571 43.9445076949 51.5100714691 6.10486903463 13.7904849197 17.1942272224 66.2358217577 73.4513627155 76.3436813515 3.02584920358 2.77832159757 3.11848727014 5.59101726732 2.49434545963 2.65168486684 3.86398873055 2.88444261281 3.39650103933 9.20042284477 7816.61587414 9335.42016155 11.0927243263 2.61946103513 1.28727311329 28.0864550258 26.0045003308 15.0367426667 13.3789483688 9.80541023742 2.32910368126
-9999.0 -9999.0 -9999.0 -9999.0 -9999.0 -9999.0 -9999.0 -9999.0 -9999.0 -9999.0 -9999.0 -9999.0 -9999.0 -9999.0 -9999.0 13.3987263841 42.260388869 13.7391484578 14.4144706419 14.0372331587 26.5455616612 38.8849557773 49.8542384568 356.03438872 364.724262579 8.97186333982 16.8052224287 24.7657076007 30.9230596053 36.8646738741 57.6440293018 63.2021919466 3.4902876775 3.07872820401 2.87820072446 1.91053980049 3.81072226474 3.80576559768 4.44736623304 5.01883645691 13.9859145557 5.92730390881 2.71490274624 2.70339052768 1.88309518783 3.44394323246 9443.59217087 95.2733590963 37.8086040087 5.95823475091 3.08166168078 1.6054827419 4.59170378195 2.78082379316 1.32234107554
-9999.0 -9999.0 -9999.0 -9999.0 -9999.0 -9999.0 -9999.0 -9999.0 -9999.0 -9999.0 -9999.0 -9999.0 -9999.0 -9999.0 14.0953144156 27.2236234068 96.3473364676 13.1944937534 28.237342528 41.7938627152 53.7344985838 12.5528400199 22.8185685804 34.3791677054 409.972524666 8.37931509834 15.6152307119 23.1513580867 6.99397916237 13.7398966358 17.059075603 21.6313508689 663.250851262 669.827677203 677.978375291 708.805681896 717.203693859 737.009446141 9.46998733332 19.8654473608 18.404143935 807.431509651 811.811236746 2.4430876526 3.70786502436 4.93915950364 9445.98952428 90.863654101 45.0621489513 41.2579677689 34.7470599698 30.4857183213 6.01028428748 1.62775652633 2.58633090715
-9999.0 -9999.0 -9999.0 -9999.0 -9999.0 -9999.0 -9999.0 -9999.0 -9999.0 -9999.0 -9999.0 -9999.0 -9999.0 -9999.0 14.2631431968 43.3120949072 153.851767097 227.257708183 11.9194554435 295.661460119 361.944526444 11.5453236945 21.7545279866 32.8561914294 504.348907227 513.370149252 6.01912660291 35.372579086 41.0951343784 46.4282885018 621.634966331 631.997684655 638.778602603 3.58108222068 20.6741153074 25.2987337512 9.28365466776 13.0454327862 755.848546281 781.556495495 784.581135565 787.419875235 815.123745405 1.60537316103 1.45361228857 7.66349610259 9448.90106216 3.90929652088 1.12541717136 3.26498088977 1.26597577944 26.0047864492 23.2415256427 14.2478003022 9.47246560654
-9999.0 -9999.0 -9999.0 -9999.0 -9999.0 -9999.0 -9999.0 -9999.0 -9999.0 -9999.0 -9999.0 -9999.0 -9999.0 -9999.0 -9999.0 -9999.0 30.0383123054 60.3290749465 268.853086702 283.490883739 374.932924717 387.808938636 11.0582680355 22.134080334 50.7078606828 523.791354677 537.331018666 542.476161559 4.11614009234 560.774038341 571.297338305 6.7669467094 3.36184135748 6.30310067941 12.4165369377 3.04799336128 6.05296087185 13.1641416636 16.3662323573 3.27915682848 2.27106859255 4.42582814504 832.501953688 839.148272324 840.398762986 851.917381858 9451.34710182 3.4674084617 0.757905501404 0.892738912029 0.888201157499 0.915902775457 0.807023402947 1.48254243937 2.02739458757
-9999.0 -9999.0 -9999.0 -9999.0 -9999.0 -9999.0 -9999.0 -9999.0 -9999.0 -9999.0 -9999.0 -9999.0 -9999.0 -9999.0 -9999.0 -9999.0 15.6021861188 15.2524537452 14.870531869 28.4180628505 12.6269084823 413.020552966 424.744314393 10.1498826845 19.6398303278 8.29006902525 6.5350142263 6.27515330991 552.938117072 3.46429065841 6.99513222479 3.74578364881 3.35474719881 3.0789447549 2.41428574933 2.52003357026 7.77849200697 10.6972756254 2.15108889832 1.96751496076 4.29808017619 7.17793920211 9.50069320128 3.3591576558 842.714316053 853.282926887 9453.44388715 9.51385840356 2.10293184021 0.493043813565 1.27353857789 0.398261522027 0.304761920358 1.82654247148 9.35056436217
-9999.0 -9999.0 -9999.0 -9999.0 -9999.0 -9999.0 -9999.0 -9999.0 -9999.0 -9999.0 -9999.0 -9999.0 -9999.0 -9999.0 -9999.0 -9999.0 -9999.0 -9999.0 15.0824076919 42.1443195435 54.2011503362 66.5904036298 436.858493149 449.02455838 460.472073166 470.624733963 476.652805838 489.191861456 492.582430025 495.781539707 498.618697936 2.872401731 2.68454231585 2.89235201233 10.4951414666 2.83364730913 2.71680439074 2.11048484699 6.26468798687 2.61563909866 2.05942510801 1.90625845948 1.61478038375 3.2223940373 4.70789630574 863.083552314 10327.9263183 3.83552959796 6.34244494868 0.374908029313 1.72722535127 0.946799329726 0.613460324985 18.807694051 15.7628519398
-9999.0 -9999.0 -9999.0 -9999.0 -9999.0 -9999.0 -9999.0 -9999.0 -9999.0 -9999.0 -9999.0 -9999.0 -9999.0 -9999.0 -9999.0 -9999.0 -9999.0 -9999.0 -9999.0 12.4838751411 99.2020874506 192.817011847 205.308563545 13.603235138 23.846171345 33.545106652 40.5377367696 91.6642231258 94.7377415428 2.97240247668 2.90750254328 506.38399989 512.471184612 514.910514126 12.4445828322 1.82773684938 4.73210124592 6.92224819282 20.8115217506 25.7246712088 29.7002324009 3.63361986615 5.08980101701 1.75103410694 3.50509281006 1.82549827067 10331.41549 3.09747204743 12.7323623259 2.77625261755 5.36165656564 21.1953423501 23.4149435069 44.0521814398 13.8846539942
-9999.0 -9999.0 -9999.0 -9999.0 -9999.0 -9999.0 -9999.0 -9999.0 -9999.0 -9999.0 -9999.0 -9999.0 -9999.0 -9999.0 -9999.0 -9999.0 -9999.0 -9999.0 13.9141167954 44.3492072422 86.9026274349 113.594779206 286.991290989 300.036340689 20.6048564651 30.4608075581 38.4802569152 45.3572161544 97.9657562366 104.040941318 180.588225666 187.059902085 191.727461448 517.41224805 536.64163382 4.51822815855 3.07253140857 2.92431342143 5.63733243893 2.61803332948 34.8255487208 36.7372555172 6.88823876458 9.24092321344 3.00046817807 2672.26403154 2676.79361433 13010.6398088 13027.6029427 3.7100751845 13.1195533525 6.1961437939 4.47553482111 50.8208611649 66.4568732421
-9999.0 -9999.0 -9999.0 -9999.0 -9999.0 -9999.0 -9999.0 -9999.0 -9999.0 -9999.0 -9999.0 -9999.0 -9999.0 -9999.0 -9999.0 -9999.0 -9999.0 -9999.0 -9999.0 15.8569557558 15.4460847381 29.1558283965 69.2292438594 312.829355554 10.7039484921 10.5720338631 18.2193230449 26.3328794023 62.0181982195 66.4384071896 3.70799405575 3.98474357398 195.42747288 198.254005856 738.339673959 741.777524121 1.66175076443 1.45085980451 1.2497322719 1.26277671885 1.41151726326 2633.71625146 2645.6102284 2656.95681422 2662.15579911 2669.90272126 2.14359709141 7.90247585581 9.55851618431 13041.6011007 13043.6908881 13045.4134736 13047.2325335 13049.2251187 69.2321965645
-9999.0 -9999.0 -9999.0 -9999.0 -9999.0 -9999.0 -9999.0 -9999.0 -9999.0 -9999.0 -9999.0 -9999.0 -9999.0 -9999.0 -9999.0 -9999.0 -9999.0 -9999.0 -9999.0 -9999.0 14.1365019959 14.8103235521 27.4817971072 366.368509818 378.371428122 10.3066712177 17.8829089055 26.2407230563 31.8916946897 4.84345984016 9.14600148945 743.189410413 745.835030043 749.713383796 774.585452269 1519.59451366 2562.93177748 2566.97987913 2570.74706597 2574.33287773 2589.95707424 2595.06473967 10.061670052 4.57712152892 2.74639646973 5.17826811103 3.94015872814 6.23861247561 1.98444248173 42.5017679944 50.7651207702 57.5996513619 58.3763006896 13050.3639675 13121.8844714
-9999.0 -9999.0 -9999.0 -9999.0 -9999.0 -9999.0 -9999.0 -9999.0 -9999.0 -9999.0 -9999.0 -9999.0 -9999.0 -9999.0 -9999.0 -9999.0 -9999.0 -9999.0 -9999.0 -9999.0 -9999.0 14.3948280126 27.5794130528 40.8313206719 389.398366746 9.55197101994 518.065326476 526.715049427 531.680207334 536.486925803 724.06779935 729.755254272 3.11718731229 17.4923968901 21.7706597338 3.37138521499 1039.31640563 1033.19494585 1.95189594616 4.52695296593 12.3705339559 2.76606276184 3.01063735523 2.33555721224 2.02173843798 1.56316585448 1.87641460028 36.2253100586 38.2236502448 40.6266253104 6.4803638663 5.03073403695 62.0514960269 63.4221147642 63.9917009427
-9999.0 -9999.0 -9999.0 -9999.0 -9999.0 -9999.0 -9999.0 -9999.0 -9999.0 -9999.0 -9999.0 -9999.0 -9999.0 -9999.0 -9999.0 -9999.0 -9999.0 -9999.0 -9999.0 -9999.0 -9999.0 13.1023841948 12.3012783761 63.7322710587 478.222424763 500.313813296 510.494774032 7.62607226035 173.753769001 178.427247216 181.097521378 4.83364200232 8.40622450166 11.6165485036 233.424283107 235.93564255 238.157479761 1029.05541362 650.254375029 2.51844494556 2.67739156179 2.55201493312 2.02595009977 21.0956048214 25.682892134 29.6951358499 31.986506982 34.1910208792 237.313419654 239.081157604 241.497851014 246.502860182 268.411937116 269.204735518 334.052789548
-9999.0 -9999.0 -9999.0 -9999.0 -9999.0 -9999.0 -9999.0 -9999.0 -9999.0 -9999.0 -9999.0 -9999.0 -9999.0 -9999.0 -9999.0 -9999.0 -9999.0 -9999.0 -9999.0 -9999.0 -9999.0 -9999.0 25.6350965059 39.1522517542 13.2213006009 10.7401946422 147.759047953 155.88246708 161.231130849 48.4716648365 52.0985392292 56.048326158 59.3359061144 227.699838612 231.247828835 132.993763007 373.990584373 376.611871832 648.244201718 5.32876369531 2.73187216678 1.89169825199 14.484783315 17.0435202422 1.65465528834 1.56354756756 229.624981119 233.693420891 235.763916056 2.19729864523 3.45757609963 264.568904631 1.94950089935 6.37728125751 6.9876159639
-9999.0 -9999.0 -9999.0 -9999.0 -9999.0 -9999.0 -9999.0 -9999.0 -9999.0 -9999.0 -9999.0 -9999.0 -9999.0 -9999.0 -9999.0 -9999.0 -9999.0 -9999.0 -9999.0 -9999.0 -9999.0 -9999.0 12.8631102481 25.4387672862 105.241435342 118.449192085 128.42073784 38.6548120256 44.7371265886 4.00647154369 158.096487247 161.605951216 165.010787274 3.40756632931 126.459370589 130.145311063 2.74745743647 634.457291928 5.95732312554 2.96519316126 7.81245653298 10.5542799824 2.08894120864 1.6816062711 209.90855073 225.900517174 228.328923895 2.45159380596 5.41719548429 6.80003949072 8.54018604196 16.3620478465 2.32497785482 5.26932296039 1.05037015222
-9999.0 -9999.0 -9999.0 -9999.0 -9999.0 -9999.0 -9999.0 -9999.0 -9999.0 -9999.0 -9999.0 -9999.0 -9999.0 -9999.0 -9999.0 -9999.0 -9999.0 -9999.0 -9999.0 -9999.0 -9999.0 -9999.0 12.7065383168 39.6309517543 67.6353711459 13.2166361384 22.682152262 31.4079280349 141.732377311 146.895740859 150.665248953 3.39147709636 106.006604058 116.605767096 120.138187708 2.49852281849 622.483705866 629.126419846 3.12965565465 2.83396682433 5.70992873869 2.3237089075 198.210840981 202.442817706 205.036873892 9.86435961996 12.382185523 2.18525918324 3.92638693204 1.75713298556 12.454645344 1.84618072372 1.39427100751 1.43868921743 1.54893010457
-9999.0 -9999.0 -9999.0 -9999.0 -9999.0 -9999.0 -9999.0 -9999.0 -9999.0 -9999.0 -9999.0 -9999.0 -9999.0 -9999.0 -9999.0 -9999.0 -9999.0 -9999.0 -9999.0 -9999.0 -9999.0 -9999.0 -9999.0 13.6506715308 14.3777931444 12.7292720974 103.666622414 111.663679896 134.695423951 5.71649985685 90.9647961664 99.618040665 3.60398358251 7.49250833605 2.89274069052 614.029770572 3.33922107529 9.00922034598 11.2767057275 13.7745537836 183.14782307 191.361303562 194.148812212 2.79915936164 5.23486230422 7.42103974798 1.41451416173 1.31317627521 577.15901965 578.532881734 579.659431034 591.291684825 592.794625725 594.725052077 595.945882386
