data/baseflow/mHMbf_acc512.asc
ncols                  80
nrows                 72
xllcorner      4374000.0
yllcorner      5656000.0
cellsize            500
NODATA_value       -9999
[rows 0 to 24 of 72, columns 0 to 54 of 80]
-9999.0 -9999.0 -9999.0 -9999.0 -9999.0 -9999.0 -9999.0 -9999.0 -9999.0 -9999.0 -9999.0 -9999.0 15.2322208171 16.3196094211 -9999.0 -9999.0 -9999.0 -9999.0 -9999.0 -9999.0 -9999.0 -9999.0 -9999.0 -9999.0 -9999.0 -9999.0 -9999.0 -9999.0 -9999.0 -9999.0 -9999.0 -9999.0 -9999.0 -9999.0 -9999.0 -9999.0 -9999.0 -9999.0 -9999.0 -9999.0 -9999.0 -9999.0 -9999.0 -9999.0 -9999.0 -9999.0 -9999.0 -9999.0 -9999.0 -9999.0 -9999.0 -9999.0 -9999.0 -9999.0 -9999.0
-9999.0 -9999.0 -9999.0 -9999.0 -9999.0 -9999.0 -9999.0 -9999.0 -9999.0 -9999.0 -9999.0 -9999.0 29.4993992775 75.3094382586 14.1787643443 -9999.0 13.23767708 -9999.0 -9999.0 -9999.0 -9999.0 -9999.0 -9999.0 -9999.0 -9999.0 -9999.0 -9999.0 -9999.0 -9999.0 -9999.0 -9999.0 -9999.0 -9999.0 -9999.0 -9999.0 -9999.0 -9999.0 -9999.0 -9999.0 -9999.0 -9999.0 -9999.0 -9999.0 -9999.0 -9999.0 -9999.0 -9999.0 -9999.0 -9999.0 -9999.0 -9999.0 -9999.0 -9999.0 -9999.0 -9999.0
-9999.0 -9999.0 -9999.0 -9999.0 -9999.0 -9999.0 -9999.0 -9999.0 -9999.0 -9999.0 12.7660813857 12.5285051765 13.4014997574 13.3336198596 99.9228391077 113.315914851 36.1696471804 11.478778083 -9999.0 -9999.0 -9999.0 -9999.0 -9999.0 -9999.0 -9999.0 -9999.0 -9999.0 -9999.0 -9999.0 -9999.0 -9999.0 -9999.0 -9999.0 -9999.0 -9999.0 -9999.0 -9999.0 -9999.0 -9999.0 -9999.0 -9999.0 -9999.0 -9999.0 -9999.0 -9999.0 -9999.0 -9999.0 -9999.0 -9999.0 -9999.0 -9999.0 -9999.0 -9999.0 -9999.0 -9999.0
-9999.0 -9999.0 -9999.0 -9999.0 -9999.0 -9999.0 -9999.0 -9999.0 -9999.0 12.4493304957 25.1792979943 50.1617176774 25.6475002508 12.4031579962 24.005334614 124.649927476 186.526742407 12.7471740595 -9999.0 12.6863099787 -9999.0 -9999.0 -9999.0 -9999.0 25.389329839 13.0221913082 -9999.0 -9999.0 -9999.0 -9999.0 -9999.0 -9999.0 -9999.0 -9999.0 -9999.0 -9999.0 -9999.0 -9999.0 -9999.0 -9999.0 -9999.0 -9999.0 -9999.0 -9999.0 -9999.0 -9999.0 -9999.0 -9999.0 -9999.0 -9999.0 -9999.0 -9999.0 -9999.0 -9999.0 -9999.0
-9999.0 -9999.0 -9999.0 -9999.0 -9999.0 -9999.0 -9999.0 -9999.0 15.0239970107 41.2394248981 53.3871546842 65.5100579164 87.4125419026 11.0741303625 45.3060430487 55.9237146185 267.308446996 12.0700078916 10.3539193497 23.4302779729 34.0309502081 11.1769368653 -9999.0 64.9815583693 53.4673728001 14.4362530693 -9999.0 -9999.0 -9999.0 -9999.0 -9999.0 -9999.0 -9999.0 -9999.0 -9999.0 -9999.0 -9999.0 -9999.0 -9999.0 -9999.0 -9999.0 -9999.0 -9999.0 -9999.0 -9999.0 -9999.0 -9999.0 -9999.0 -9999.0 -9999.0 -9999.0 -9999.0 -9999.0 -9999.0 -9999.0
-9999.0 -9999.0 -9999.0 -9999.0 -9999.0 -9999.0 14.3908801397 12.8992926588 12.5552901307 12.8983475918 13.18568419 92.1225472194 191.832516362 203.80039762 212.237676611 7.45874982685 286.060752873 296.289624867 20.4991735428 10.6251328413 44.3913565477 77.1313902136 12.1374833861 103.099016822 12.3796569479 13.2100810192 12.9614723794 -9999.0 -9999.0 -9999.0 -9999.0 -9999.0 -9999.0 -9999.0 -9999.0 -9999.0 -9999.0 -9999.0 -9999.0 -9999.0 -9999.0 -9999.0 -9999.0 -9999.0 -9999.0 -9999.0 -9999.0 -9999.0 -9999.0 -9999.0 -9999.0 -9999.0 -9999.0 -9999.0 -9999.0
-9999.0 -9999.0 -9999.0 -9999.0 -9999.0 -9999.0 29.1431884705 42.9719969913 96.5830908174 133.892500107 11.3421927065 11.6317599 11.0600110616 32.3663548373 254.379579198 8.07147529212 305.687353124 342.438539935 29.1947097746 19.8550592265 86.7691113021 10.6444869589 113.673668277 21.8974963698 11.2383497063 24.1563780348 25.7536304279 12.8535073062 12.9958784576 12.5484646307 13.8628368856 27.6981088901 -9999.0 -9999.0 -9999.0 -9999.0 -9999.0 -9999.0 -9999.0 -9999.0 -9999.0 -9999.0 -9999.0 -9999.0 -9999.0 -9999.0 -9999.0 -9999.0 -9999.0 -9999.0 -9999.0 -9999.0 -9999.0 -9999.0 -9999.0
-9999.0 -9999.0 -9999.0 -9999.0 -9999.0 16.370550179 31.3329301989 14.8097899022 28.6627151162 148.20250255 173.01639184 197.252342633 649.706281327 10.5957633769 265.099607259 1000.48465977 1007.42356389 1362.28369291 7.72169678572 28.8965999905 96.4640763042 9.56828836125 239.548914157 115.645031613 72.7434570701 61.4899350045 12.5124413282 38.1071774341 37.6535146696 25.0297153331 12.3114878238 40.4540885917 12.3464813354 12.0794331545 -9999.0 -9999.0 -9999.0 -9999.0 -9999.0 -9999.0 -9999.0 -9999.0 -9999.0 -9999.0 -9999.0 -9999.0 -9999.0 -9999.0 -9999.0 -9999.0 -9999.0 -9999.0 -9999.0 -9999.0 -9999.0
-9999.0 -9999.0 -9999.0 -9999.0 -9999.0 16.6300775426 48.1226381686 95.0718884695 109.298822541 217.197708787 230.284666427 271.790299721 441.728439926 682.883335153 706.27684085 717.475953114 19.0095134977 1395.75247832 1411.57142026 1459.30026551 1835.10453166 269.658666582 250.34830183 83.3265079835 10.5400749516 71.8985695405 49.3888593782 10.8129656618 48.826564125 10.609491728 22.3435569037 63.4214139343 75.2254538986 23.6310061779 11.8087665045 11.3166349539 -9999.0 -9999.0 -9999.0 -9999.0 12.3918854037 11.162463431 -9999.0 -9999.0 -9999.0 -9999.0 -9999.0 -9999.0 -9999.0 -9999.0 -9999.0 -9999.0 -9999.0 -9999.0 -9999.0
-9999.0 -9999.0 -9999.0 -9999.0 -9999.0 15.9614706705 15.0775319375 64.4695406419 79.0726395122 94.2209342369 14.1669768739 27.953106348 161.173500573 27.0949305943 12.9028170376 11.6684979186 10.336661211 11.0363526904 9.97465002778 11.2088670359 1845.55971356 1874.87974713 9.67691889918 30.4264359105 20.95714089 82.1419840023 21.7563374345 10.4659164033 60.4542683934 20.5908958399 50.072349383 131.886006577 122.175086299 35.3005424647 34.8585021205 11.7787775789 11.6345297556 -9999.0 -9999.0 11.5168989913 26.3861250323 61.0245705961 11.861051898 -9999.0 -9999.0 -9999.0 -9999.0 -9999.0 -9999.0 -9999.0 -9999.0 -9999.0 -9999.0 -9999.0 -9999.0
-9999.0 -9999.0 -9999.0 -9999.0 -9999.0 -9999.0 16.888473385 17.3514147922 32.0782819126 47.2876162224 105.640092815 134.583355607 148.698561753 13.8258416169 11.3357963574 155.925218741 190.647425456 201.322777543 246.000688968 255.942900574 10.0840735252 1885.18964384 1933.44639722 38.063733813 4.36455744119 90.1777247947 202.4379848 81.0125623978 20.0066745116 9.8727438834 202.036546437 142.368718495 10.4673520091 10.3046052362 45.5342000619 34.2788052221 11.0860699515 10.8818702847 11.0927865641 22.3171502781 10.4790910394 74.11845103 84.4349226982 9.80399412171 -9999.0 -9999.0 -9999.0 -9999.0 11.0056457824 10.3215822799 2.75461806898 -9999.0 -9999.0 -9999.0 -9999.0
-9999.0 -9999.0 -9999.0 -9999.0 -9999.0 -9999.0 -9999.0 16.5329029632 13.5388795727 29.3778941707 44.6392655632 14.5462679173 12.2200069613 81.9545979399 107.512787666 133.714293313 12.2063798899 23.120806218 11.6004198186 266.430406379 605.092731255 616.599029996 2571.87062034 9.62311203712 13.2630885544 3.98941879875 212.02857156 9.88946019704 30.0707064117 9.77979635256 212.245354248 222.456528471 20.9755108382 20.4434153157 112.856283864 56.3420023785 22.03220255 11.2681475369 22.0730638952 33.1270973217 53.8211948049 10.15899475 103.816866275 113.100484214 8.35038507052 8.97217983866 9.20748177786 8.33609881556 7.85657807359 30.0870015719 11.1103958003 7.08650164404 -9999.0 -9999.0 -9999.0
-9999.0 -9999.0 -9999.0 -9999.0 -9999.0 -9999.0 -9999.0 -9999.0 29.3839937387 41.7017069375 14.4649526342 29.6574333235 43.6174149678 70.5025696434 13.7746490561 13.1090733542 11.0728554524 11.1834584446 10.0567145807 316.880635912 12.0865829086 23.3941823475 2607.90028124 2633.20248787 10.3852690276 34.0127361207 255.178013871 19.0547849943 38.8596827276 18.2296409872 26.9415154505 261.717337769 30.2235546015 161.540719604 132.051996843 9.50332183802 53.5960499773 21.5618465852 31.880266884 9.66904254121 63.5417715703 83.0612029039 91.1284178929 98.773385365 144.534701288 15.8864274244 16.518862733 15.0916981759 14.0770811463 37.3707391825 7.43316269152 25.8363242439 32.4754495039 -9999.0 -9999.0
-9999.0 -9999.0 -9999.0 -9999.0 -9999.0 -9999.0 -9999.0 -9999.0 15.9743064019 73.1967139393 87.1764902643 13.9545137915 27.1366139644 13.1348903809 11.8860200126 11.6746125197 151.1601863 202.155970822 251.84946545 304.533512128 13.3544814623 11.6281087266 12.1702484714 2689.68656134 2719.43359851 2730.64718421 343.970753802 77.2840798636 67.2468155423 8.66159500736 35.5361584448 306.078408588 8.94787763867 170.533973892 9.59480589562 68.2747107686 64.0248460928 10.0851947351 41.6646150849 19.3554291914 28.7318440691 8.99568829829 7.40662556948 106.320905109 113.185392437 151.379731233 23.77470027 21.9919834164 20.7111056859 45.2754517378 60.3420007885 7.51733407616 39.3823244752 7.14249848487 13.4658959283
-9999.0 -9999.0 -9999.0 -9999.0 -9999.0 -9999.0 -9999.0 -9999.0 -9999.0 16.51418406 102.218998184 115.840446075 40.4203167462 67.0446339355 91.5457203214 104.270754453 13.2340636084 39.6186137983 26.4463915062 13.7317953588 13.2213710788 11.6873578539 23.5141031767 40.5976685449 15.6302427571 3102.86675989 3114.12270565 9.78004538585 7.90409252377 16.9230405282 25.2163307108 331.673476794 17.2591029675 178.471938113 103.280213947 85.3283250189 9.37554657616 19.1604449664 50.3549381455 8.68202368592 37.0497215496 17.3987746544 11.6888389657 4.04335174164 127.679313917 284.724382382 28.8826679749 27.2214090729 26.9761826518 6.3292373372 66.5971242225 6.08309398331 52.8515339818 6.17849644012 19.7246371578
-9999.0 -9999.0 -9999.0 -9999.0 -9999.0 -9999.0 -9999.0 -9999.0 -9999.0 -9999.0 14.0846075597 144.136019301 13.1322773391 26.4299950644 38.4968403723 62.4534800081 12.3837006334 26.0446507185 12.788259153 11.953330292 11.3935383621 22.6053938967 10.3596709693 11.6268081808 23.5961760466 13.9007561816 3127.26343662 3148.55276534 3178.19259554 33.8130055574 8.31801902421 16.5850463527 340.441081966 324.133500374 121.439867641 8.90968042375 37.4513747633 28.2319307566 59.073066047 17.3346733893 71.4638884614 25.853137274 18.4472405304 2.05649637192 4.27080864196 291.904347006 298.333861928 359.979859032 46.6967489189 12.9731828677 73.3757953806 86.0892116867 144.847854304 12.3848733471 5.65045185042
-9999.0 -9999.0 -9999.0 -9999.0 -9999.0 -9999.0 -9999.0 -9999.0 -9999.0 -9999.0 -9999.0 7.06316782885 158.101488853 11.9540270521 23.7784706367 110.103136727 12.4258338179 12.253728792 10.680440285 22.9573205324 11.2038295423 44.9551876904 65.4508279121 74.9045063737 32.7571373304 41.7612688 10.5525418615 12.5206749738 11.9008664724 3231.81484911 3256.70389429 348.155680934 339.907320976 332.069358964 16.1494505009 7.86541257919 45.5560725341 120.879978019 67.23299731 25.3799443798 104.819342216 33.1179646715 25.5407678857 3.71487676323 1.47093240542 1.61302842352 2.54108055902 373.270578329 438.241216673 6.07799308458 5.70416134075 5.95979641395 150.47851211 168.057353526 9.93744909326
-9999.0 -9999.0 -9999.0 -9999.0 -9999.0 -9999.0 -9999.0 -9999.0 -9999.0 -9999.0 -9999.0 6.45387072578 173.684960687 213.60136516 11.9382572769 133.725673187 11.4074738867 10.7827058791 21.294436603 55.1365025234 10.7205020193 11.4340415945 9.89777244082 94.7536906276 104.325115308 156.039719984 175.334367216 184.547319922 194.2911426 203.825917779 3471.63301093 3836.57056489 4192.87807007 4201.51421612 7.84651319533 7.7237135953 137.177890132 129.092227142 7.99536739082 7.74034745662 112.027415596 153.339490752 6.21169828856 57.9626164623 54.0544439754 8.22568787312 4.83351202369 8.2945188435 6.64293019276 449.79187293 5.8905359702 16.9041322794 21.4316894703 201.634420091 213.057130723
-9999.0 -9999.0 -9999.0 -9999.0 -9999.0 -9999.0 -9999.0 -9999.0 -9999.0 -9999.0 -9999.0 14.6489608362 28.0378058567 226.556240925 248.644321832 11.2179880497 158.057730895 9.68718914422 29.8278327684 64.8892608682 20.5858336483 9.80131330257 20.615276588 8.83510256685 16.9540136545 8.09703898699 7.08275533528 4.76059611611 3.9727270347 3.5876377701 3.61540958227 5.94837211431 8.47408712573 10.8603283976 4228.12079507 165.640132961 150.702057927 6.30865667085 22.7427805828 5.4615498835 4.34589679176 160.536248959 240.533256901 66.166918791 50.9261778245 4.8083531521 2.06048287406 1.77138122447 6.57590709872 462.225519464 473.492294954 5.88643117702 5.96726994623 4.36604427604 1.80596139916
-9999.0 -9999.0 -9999.0 -9999.0 -9999.0 -9999.0 -9999.0 -9999.0 -9999.0 -9999.0 -9999.0 -9999.0 11.8722000317 169.914629051 430.403018019 466.53827482 635.86871353 648.476293525 147.158861751 105.409268641 30.5999032477 9.61610637256 39.6826253033 48.9367267751 74.206659404 16.6787243728 15.1039132399 12.96754661 24.9751618263 11.451289826 10.9807049702 5.14422681791 1.92623023167 2.97666562648 4236.03032703 4406.76219382 4415.91301472 6.50661735772 60.9433152136 24.9952667165 7.7336786086 265.638153698 17.8348110648 9.26675050956 36.6556533891 6.40007304351 5.38260928021 10.1057710617 14.6779411971 19.9771083266 482.969461214 4.4942756252 3.85628769986 3.86027894492 2.68962054038
-9999.0 -9999.0 -9999.0 -9999.0 -9999.0 -9999.0 -9999.0 -9999.0 -9999.0 -9999.0 -9999.0 13.3734961823 129.512017663 157.377034643 25.2895103593 7.27973065098 15.6787497294 674.487321428 685.594945385 844.711760956 8.60153282752 18.1074312601 7.9732598133 8.12025633288 82.3334503672 107.111503251 129.503225472 7.36593680329 32.4396352419 51.1896142423 30.2338907027 12.286053073 7.03733472974 5.29345424929 5.72321957488 3.69297153004 4422.86120601 4428.45740793 4500.6741885 13.3989691919 6.9269864167 273.964199436 18.2854694518 9.55276161158 10.482037804 10.4119795891 8.92435804887 14.6991996292 43.3954775297 69.2140157029 556.713339762 3.38412435072 10.1092630788 6.83422637362 5.33999074953
-9999.0 -9999.0 -9999.0 -9999.0 -9999.0 -9999.0 -9999.0 -9999.0 -9999.0 -9999.0 -9999.0 13.766043761 91.2292787904 14.3837869305 12.1057150553 65.0571497379 75.8613183797 86.72709678 96.2817129231 1142.37250402 1150.14802522 1166.38487682 1293.44163591 1316.79154205 1329.25981735 1337.78733879 1479.93688612 1496.14694399 1503.6571138 1562.98602643 1601.66805041 1608.92823463 1627.46060157 12.0189848865 8.90187761004 1.50163658114 2.27131874586 4434.53587819 4526.08295887 19.8715124421 324.076707307 317.087486072 34.766961712 8.22601477362 8.2791760822 7.99532131122 7.93070262856 16.0070590264 22.9022922647 6.66969364081 561.088522715 565.769467785 586.661252745 590.442904939 599.258789066
-9999.0 -9999.0 -9999.0 -9999.0 -9999.0 -9999.0 -9999.0 -9999.0 -9999.0 -9999.0 -9999.0 47.4425013401 62.6408606243 28.8347809544 42.4857561753 13.4408656698 150.042718651 161.691599157 184.557597346 191.785038254 72.3629608125 1251.96211846 1259.50310559 6.69530520611 4.01834885847 2.88938927754 7.51578319144 3.15701213368 1.96000671712 1.69258409722 2.44948316101 1613.68348762 1633.09317127 1653.10939474 1668.89377481 1677.16312602 3.32811170834 1.30842797286 4867.36247632 336.152681974 331.441399981 7.13043151008 6.89939570577 6.55600463036 14.8965488074 14.63215992 6.51437653412 6.46529749821 5.85879380378 12.3604574099 16.3290929416 3.08022189046 5.45893223512 1.90349097032 0.544654350326
-9999.0 -9999.0 -9999.0 -9999.0 -9999.0 -9999.0 -9999.0 -9999.0 -9999.0 -9999.0 -9999.0 -9999.0 32.1703359842 14.9046565593 13.2816282112 126.815881088 139.058244152 12.1237787402 46.4197329487 56.7561986917 64.9765843263 9.4580613349 7.08150264747 179.936127267 185.673085122 190.753655993 507.729714013 510.782505076 514.67328317 545.840281599 557.461399635 559.009966667 1.4097403162 1.53698636091 2.17488058506 1684.66864219 2.76343564197 4923.95851196 4918.99998189 47.2111924187 41.5848371433 27.1281193367 6.73083264173 12.9583913672 21.532279276 21.3037388116 12.8109937007 6.17471911817 11.9443090401 11.5058307387 21.2304909009 2.53492221683 7.79006652939 13.0418860921 14.2345004074
-9999.0 -9999.0 -9999.0 -9999.0 -9999.0 -9999.0 -9999.0 -9999.0 -9999.0 -9999.0 -9999.0 -9999.0 16.6442883687 45.551776217 59.3491262072 100.53319124 11.9846625095 24.4179113921 35.9063933289 137.224351926 145.062003228 148.730201127 156.507230718 166.267968408 272.915855359 300.652520995 313.130835269 3.48850902706 26.6312465212 29.4803306423 551.920036976 561.419673275 565.367351313 569.350510541 573.268489954 2261.92120899 5.38942651238 4938.96242963 4.80429277342 1.6820309972 34.9006166253 31.7160410378 3.47399590346 18.1873483455 26.8562707358 26.5928225732 17.7234295738 28.798825547 45.1427698383 16.1943984549 41.7273947749 2.71566177991 3.24553394769 0.422577975884 0.337101053463
