data/baseflow/mHMbf_acc347.asc
ncols                  80
nrows                 72
xllcorner      4374000.0
yllcorner      5656000.0
cellsize            500
NODATA_value       -9999
[rows 0 to 23 of 72, columns 0 to 54 of 80]
-9999.0 -9999.0 -9999.0 -9999.0 -9999.0 -9999.0 -9999.0 -9999.0 -9999.0 -9999.0 -9999.0 -9999.0 10.4566891296 14.3325211243 -9999.0 -9999.0 -9999.0 -9999.0 -9999.0 -9999.0 -9999.0 -9999.0 -9999.0 -9999.0 -9999.0 -9999.0 -9999.0 -9999.0 -9999.0 -9999.0 -9999.0 -9999.0 -9999.0 -9999.0 -9999.0 -9999.0 -9999.0 -9999.0 -9999.0 -9999.0 -9999.0 -9999.0 -9999.0 -9999.0 -9999.0 -9999.0 -9999.0 -9999.0 -9999.0 -9999.0 -9999.0 -9999.0 -9999.0 -9999.0 -9999.0
-9999.0 -9999.0 -9999.0 -9999.0 -9999.0 -9999.0 -9999.0 -9999.0 -9999.0 -9999.0 -9999.0 -9999.0 19.703545831 55.982322791 11.6323365892 -9999.0 12.3575363405 -9999.0 -9999.0 -9999.0 -9999.0 -9999.0 -9999.0 -9999.0 -9999.0 -9999.0 -9999.0 -9999.0 -9999.0 -9999.0 -9999.0 -9999.0 -9999.0 -9999.0 -9999.0 -9999.0 -9999.0 -9999.0 -9999.0 -9999.0 -9999.0 -9999.0 -9999.0 -9999.0 -9999.0 -9999.0 -9999.0 -9999.0 -9999.0 -9999.0 -9999.0 -9999.0 -9999.0 -9999.0 -9999.0
-9999.0 -9999.0 -9999.0 -9999.0 -9999.0 -9999.0 -9999.0 -9999.0 -9999.0 -9999.0 8.55187776898 7.91897170867 8.57160648166 8.5406404946 71.213289793 80.8721067452 34.7139050655 11.2984834121 -9999.0 -9999.0 -9999.0 -9999.0 -9999.0 -9999.0 -9999.0 -9999.0 -9999.0 -9999.0 -9999.0 -9999.0 -9999.0 -9999.0 -9999.0 -9999.0 -9999.0 -9999.0 -9999.0 -9999.0 -9999.0 -9999.0 -9999.0 -9999.0 -9999.0 -9999.0 -9999.0 -9999.0 -9999.0 -9999.0 -9999.0 -9999.0 -9999.0 -9999.0 -9999.0 -9999.0 -9999.0
-9999.0 -9999.0 -9999.0 -9999.0 -9999.0 -9999.0 -9999.0 -9999.0 -9999.0 7.95503146154 16.5657345072 32.8108454684 16.2448071707 7.77821857986 15.184130315 87.7563720721 144.8461746 11.4706819865 -9999.0 7.89981806681 -9999.0 -9999.0 -9999.0 -9999.0 23.634161024 12.2418493106 -9999.0 -9999.0 -9999.0 -9999.0 -9999.0 -9999.0 -9999.0 -9999.0 -9999.0 -9999.0 -9999.0 -9999.0 -9999.0 -9999.0 -9999.0 -9999.0 -9999.0 -9999.0 -9999.0 -9999.0 -9999.0 -9999.0 -9999.0 -9999.0 -9999.0 -9999.0 -9999.0 -9999.0 -9999.0
-9999.0 -9999.0 -9999.0 -9999.0 -9999.0 -9999.0 -9999.0 -9999.0 10.0486732462 26.9344199709 34.5495477988 42.360172012 56.6372655279 7.1971826415 28.9529279678 35.7248614601 197.357001826 7.09391791929 5.67313727207 14.5451572514 20.9069311106 6.73668026896 -9999.0 57.4765619065 47.0971974933 11.8808085045 -9999.0 -9999.0 -9999.0 -9999.0 -9999.0 -9999.0 -9999.0 -9999.0 -9999.0 -9999.0 -9999.0 -9999.0 -9999.0 -9999.0 -9999.0 -9999.0 -9999.0 -9999.0 -9999.0 -9999.0 -9999.0 -9999.0 -9999.0 -9999.0 -9999.0 -9999.0 -9999.0 -9999.0 -9999.0
-9999.0 -9999.0 -9999.0 -9999.0 -9999.0 -9999.0 9.85566145605 8.39194364374 7.96587768548 8.23242420085 8.4161366748 59.6049103828 124.336592002 132.178651468 137.80823567 5.34675075847 209.51513403 215.426733385 12.2260187472 6.58528409175 27.11620655 46.8313466368 7.01546245421 79.2323322114 6.33990668173 7.01376985058 6.53173391711 -9999.0 -9999.0 -9999.0 -9999.0 -9999.0 -9999.0 -9999.0 -9999.0 -9999.0 -9999.0 -9999.0 -9999.0 -9999.0 -9999.0 -9999.0 -9999.0 -9999.0 -9999.0 -9999.0 -9999.0 -9999.0 -9999.0 -9999.0 -9999.0 -9999.0 -9999.0 -9999.0 -9999.0
-9999.0 -9999.0 -9999.0 -9999.0 -9999.0 -9999.0 20.0500483039 29.2834276115 64.8284403732 88.4271347307 7.04784265923 7.69772255961 7.21398328225 20.5515890756 164.23531926 5.16404375949 221.306452218 245.277434359 18.1824598252 12.2561034696 52.5922391002 6.41538585965 85.4439294927 11.6468646662 5.73537247175 12.5006662015 13.0084980636 6.88483080094 7.29955197032 7.02817985484 7.56820154404 15.1156048419 -9999.0 -9999.0 -9999.0 -9999.0 -9999.0 -9999.0 -9999.0 -9999.0 -9999.0 -9999.0 -9999.0 -9999.0 -9999.0 -9999.0 -9999.0 -9999.0 -9999.0 -9999.0 -9999.0 -9999.0 -9999.0 -9999.0 -9999.0
-9999.0 -9999.0 -9999.0 -9999.0 -9999.0 11.938617268 22.4382979137 10.4268631919 19.601442219 97.8572288605 113.552995255 129.263591956 446.558704997 6.81759023079 170.808555371 676.669545509 682.083417026 937.491960877 5.84910936485 17.9598903453 58.3890706317 5.72143232776 152.861080471 61.4228097296 37.4592663981 31.5841047793 6.33783482715 20.4459796422 21.0818765354 14.0129772978 6.63214769679 22.0005813398 6.43838395244 6.30261254039 -9999.0 -9999.0 -9999.0 -9999.0 -9999.0 -9999.0 -9999.0 -9999.0 -9999.0 -9999.0 -9999.0 -9999.0 -9999.0 -9999.0 -9999.0 -9999.0 -9999.0 -9999.0 -9999.0 -9999.0 -9999.0
-9999.0 -9999.0 -9999.0 -9999.0 -9999.0 12.1467651895 34.6759186299 68.2360881205 78.02835302 153.626493763 162.434991072 190.711065518 310.599026565 471.779539716 487.380402094 494.459927294 11.8353957685 959.970784633 972.129443409 1002.6655372 1237.4095061 170.708209562 159.199476957 43.6634749377 6.02086678984 37.6568686318 26.0016502584 5.27338124622 27.030267657 6.01637509665 12.4673392191 34.3589141858 40.5543243646 12.3723215518 5.82221835715 5.87701259965 -9999.0 -9999.0 -9999.0 -9999.0 10.1643067138 9.57224606324 -9999.0 -9999.0 -9999.0 -9999.0 -9999.0 -9999.0 -9999.0 -9999.0 -9999.0 -9999.0 -9999.0 -9999.0 -9999.0
-9999.0 -9999.0 -9999.0 -9999.0 -9999.0 11.478168344 10.5847111957 45.503691699 55.6414774512 66.2784771316 9.7112432177 19.093024285 112.550157966 19.4994506481 8.67202777824 7.23452900476 6.10252124517 7.2521535533 6.78280113393 7.10410614774 1243.55335939 1260.82173191 5.65134217591 17.5011334656 11.9746602378 43.1273715318 10.6903856822 5.07456565263 32.9502005206 11.8686454586 29.7131029053 70.4305086782 64.6600034078 17.9983664918 17.0646670918 6.09790638069 5.97788038552 -9999.0 -9999.0 6.00735929255 19.4596577975 48.9214171187 9.96521377663 -9999.0 -9999.0 -9999.0 -9999.0 -9999.0 -9999.0 -9999.0 -9999.0 -9999.0 -9999.0 -9999.0 -9999.0
-9999.0 -9999.0 -9999.0 -9999.0 -9999.0 -9999.0 12.263239093 12.3387202603 22.4976906568 33.1946715152 74.3154788501 94.2558296883 104.238476622 10.3857227438 7.19564792762 101.687046724 123.092422796 129.505479602 157.724928531 163.876361925 6.03470721803 1266.90801475 1294.88344724 22.146369517 3.43074102477 47.6891036947 105.851418777 42.8687744057 10.4038712716 5.38372286115 110.792402598 75.9586287212 4.95807771403 5.05677126392 22.2125763822 17.6885700955 5.26013184099 4.93752167794 5.78015334976 11.6418450822 5.48147600881 59.2621752866 64.1319845226 4.49681054455 -9999.0 -9999.0 -9999.0 -9999.0 5.29822383026 4.94321019758 2.51387282489 -9999.0 -9999.0 -9999.0 -9999.0
-9999.0 -9999.0 -9999.0 -9999.0 -9999.0 -9999.0 -9999.0 11.443862776 9.70184655439 21.0630131184 31.7967983734 10.0273550415 8.30915186195 55.0793541235 71.0237293221 87.6932405822 7.62087254071 14.959476294 7.35488436654 170.409926377 389.344768066 399.022352667 1707.62425094 5.58543369357 9.74354280382 2.96838184963 110.618060267 5.06947859875 15.8657297776 5.17282810969 115.743891644 120.74682256 10.0101229601 10.110139992 56.5394977024 28.6412317162 10.3048843548 5.33864802811 11.5142972881 17.2864231334 27.6794900869 4.72574350576 72.7178531027 76.5677509819 3.44501564313 3.71127281358 3.95448287913 3.52643558797 3.35075784949 14.1874984529 6.61620976923 3.89933679117 -9999.0 -9999.0 -9999.0
-9999.0 -9999.0 -9999.0 -9999.0 -9999.0 -9999.0 -9999.0 -9999.0 20.9428293801 29.632276597 9.94225837858 20.5640964049 29.6962072074 47.7324539612 9.13164068669 8.66415187327 7.09289489133 7.16605961861 6.21878094188 205.659387023 7.52256134713 14.4685018368 1731.83785603 1744.79483631 4.18867136873 18.1273757178 133.115863042 10.1042821635 20.3331318409 9.2365640483 13.5600027528 139.496221972 14.4705501328 80.6331079815 66.2613974183 5.06024715141 26.1558368159 10.6666048778 16.6656774246 5.06829889044 32.2322318297 40.9606828247 44.2560041385 47.3619597834 89.4459050439 6.51098336913 6.99368733481 6.31768629896 5.94625865795 17.3936100607 3.54771324136 14.1620285188 17.4435781961 -9999.0 -9999.0
-9999.0 -9999.0 -9999.0 -9999.0 -9999.0 -9999.0 -9999.0 -9999.0 11.3316004192 51.8503903911 61.3821392978 9.51174035929 18.3258368613 8.77723258507 7.77363336756 7.62690955898 96.9745815018 127.308834511 159.410382094 195.04156862 8.30508643649 7.18433124257 5.60986862287 1777.72349027 1794.27284884 1799.27902464 177.413835499 39.7201945394 34.91648999 4.08084299724 17.6065193089 161.276365627 4.13916125097 84.8348567767 4.97085758597 35.2659100433 31.591748586 5.22992789103 21.797977732 10.1578999136 15.0765319859 3.92562196335 2.96912182535 50.4248262582 53.1995446632 92.2135507213 10.0075873278 9.17253511754 8.73935821123 21.1200060216 28.3012387672 3.58156415058 20.9097387622 3.90618623178 7.41347784279
-9999.0 -9999.0 -9999.0 -9999.0 -9999.0 -9999.0 -9999.0 -9999.0 -9999.0 11.8464320067 71.7435632311 80.8802999807 27.1319522502 44.4266345198 59.8596287807 67.5643326569 8.03440045776 23.3359154586 15.6969197097 8.44539961706 8.01935154428 6.85258005708 13.0317475281 21.1166993655 7.02596258382 1989.65946339 1993.90116824 4.04049856194 3.34347115728 8.54433572536 12.7516858631 173.524646748 8.15075745784 88.4999612987 53.6815717844 44.6634595514 4.90829811854 10.0019054102 26.3795628638 4.57389101246 19.4642139331 8.03079518665 4.42679796893 1.39586044637 58.589866997 153.057707069 12.0518928675 11.271607256 11.5485196575 2.94016812454 31.2480615247 2.87043044879 27.4556761095 3.4238765116 10.9029024833
-9999.0 -9999.0 -9999.0 -9999.0 -9999.0 -9999.0 -9999.0 -9999.0 -9999.0 -9999.0 9.19085995826 99.3479154148 8.69042146061 17.1388075831 24.397096235 38.3293467473 7.05344689247 14.9776250251 7.31479671301 6.6294609956 6.20600552168 12.225881831 5.3672322735 5.28587119301 10.061946677 5.74903785854 1999.60515887 2008.46036064 2020.77212534 16.4680997367 4.4324323176 8.83473229202 178.074594313 163.155534222 63.0499611711 4.64071849787 19.599744049 14.7695880994 30.9747916481 9.14070346514 36.2439467138 12.2856449393 7.40123944351 0.844940018482 1.52124646918 155.894156985 158.495299981 184.06273102 20.7558536527 6.07134455413 34.4453771902 40.4351337409 70.7234200165 6.61112024933 3.18763715314
-9999.0 -9999.0 -9999.0 -9999.0 -9999.0 -9999.0 -9999.0 -9999.0 -9999.0 -9999.0 -9999.0 6.27048909931 111.741670016 7.79612961666 14.8407634826 66.7350883273 6.94607611512 6.81925816079 5.93252623028 13.1289816395 6.85688017944 25.6609293358 36.4176245967 41.2583195143 14.2439164244 17.8874871059 4.19394670903 5.15835864972 5.64469599236 2048.22955696 2060.92412535 181.729572803 170.625619736 166.92745219 7.68051790615 3.72911846185 23.8752749032 63.4260874453 35.2858627209 13.4047135035 53.6045164344 14.5442866059 10.846695521 1.76757668117 0.73117693557 0.619248418483 0.78618760552 189.53887318 218.503445901 2.91974566452 2.70799013992 2.97899427971 73.7589428192 83.2064334953 5.56634149435
-9999.0 -9999.0 -9999.0 -9999.0 -9999.0 -9999.0 -9999.0 -9999.0 -9999.0 -9999.0 -9999.0 5.83038282042 124.654400364 150.24359336 7.24738377942 80.8099099817 6.24260408452 5.90728425671 12.5108856893 32.4004717271 6.60218885936 7.05661565485 5.33830240552 51.7135089218 56.6889517474 80.0128378654 87.9684440695 91.5932274241 95.530535943 100.120205975 2166.02153751 2354.16518528 2530.96275726 2534.90495792 3.16051553309 3.82697386029 72.0083227462 67.7516314556 4.23055634268 4.18636856471 57.5960374888 76.070233016 2.93072019298 29.5036656723 27.6818691769 4.73211334036 1.99582616902 3.54932861665 2.85581669168 223.389497729 2.46001785175 7.76402683463 9.68756381274 98.4676944535 105.261642066
-9999.0 -9999.0 -9999.0 -9999.0 -9999.0 -9999.0 -9999.0 -9999.0 -9999.0 -9999.0 -9999.0 9.81307983449 18.2310820799 158.323063765 171.670032236 6.55204023785 96.2017447376 5.10414687994 16.2509163055 38.0788467144 12.5897578755 5.95081375356 12.046181471 4.51713884125 8.93793655138 4.73743090384 4.04557029019 2.85921487152 2.3156052408 1.64539731862 1.19027179235 1.78084378298 2.70938672872 4.33267859328 2546.44038019 83.7751104156 77.407418519 2.58936735839 11.9442636566 3.39382563848 3.29908055857 79.695176126 119.76433122 33.4575399231 25.9336817738 3.18401537997 1.11924894405 0.937457693266 2.95871323266 228.893134406 233.823091762 2.58436803868 2.71067265687 1.68893796869 1.22107077871
-9999.0 -9999.0 -9999.0 -9999.0 -9999.0 -9999.0 -9999.0 -9999.0 -9999.0 -9999.0 -9999.0 -9999.0 7.59593256753 111.351978315 290.459012626 312.33970886 415.149524816 424.128973852 87.4695169077 62.7752968396 18.6687961457 5.84226990307 23.4773197719 28.7423396465 42.5274559797 9.73212459183 8.68546115842 7.59463576893 14.4720361006 6.12258696833 5.2755582001 2.88679812681 1.47271346824 1.09171139126 2549.90662177 2637.04973905 2640.7571805 2.57756432536 31.874345965 14.6828841011 4.07040881159 131.843250241 8.56073337835 4.44207714278 18.3175758708 3.03198308377 2.21695463096 4.14839691596 6.17323027185 8.57042140365 237.960694275 1.95825049465 1.7486948006 1.74563850029 1.06107057966
-9999.0 -9999.0 -9999.0 -9999.0 -9999.0 -9999.0 -9999.0 -9999.0 -9999.0 -9999.0 -9999.0 8.66946139725 85.7720458708 103.303784496 15.1804465102 6.30515429194 12.4003969069 442.438892152 449.301533579 545.5766439 5.12082662408 10.9002582181 4.69750979719 4.78045491897 47.2153059386 61.6200254905 74.6606195091 4.27006011586 18.7545793613 29.0702546376 16.0783361631 6.88628766581 4.21792279231 2.76138368516 2.69717111688 1.06826101246 2643.59184891 2645.83276201 2681.57155409 6.49631729868 3.50279251327 137.713180642 9.70205616021 4.93370039264 5.39749210201 5.33879427065 4.67980790686 7.08759605348 21.1534586925 32.2843418871 272.239587631 1.50572312572 4.57008927848 3.10796373368 2.32039058279
-9999.0 -9999.0 -9999.0 -9999.0 -9999.0 -9999.0 -9999.0 -9999.0 -9999.0 -9999.0 -9999.0 8.96074118872 61.1305072435 9.13315917411 7.33454442552 41.8277999801 48.0849190152 54.2490184087 59.9572078014 727.600942039 733.064116734 743.345392838 818.547634268 831.614463273 838.376597294 843.141157792 925.763306198 936.267014547 940.670536189 974.149177316 994.779651263 998.760096604 1009.28411919 6.47531883682 4.5562226975 0.601284159257 0.463752713958 2647.89636485 2692.54354747 9.09793172421 165.669203605 161.973571376 17.8704681453 4.20261811212 4.28094399256 4.12137581204 4.09326027021 8.20410604734 11.4995666171 3.05917580745 274.174077209 276.234507147 285.700903863 287.411372096 291.35830597
-9999.0 -9999.0 -9999.0 -9999.0 -9999.0 -9999.0 -9999.0 -9999.0 -9999.0 -9999.0 -9999.0 32.2295109628 42.3962187527 18.7248339442 27.0808144246 8.16737472691 92.5818937016 98.9654305276 111.674426849 116.321468518 40.5727992115 792.969898287 798.101419261 3.35169855479 1.96629048922 1.7359784929 4.0032917068 2.00685417963 1.5559981607 1.5303619812 1.58491410202 1001.42096385 1012.21745524 1023.21089918 1031.62759826 1034.14128903 0.717315748397 0.288926918416 2865.88616756 171.553761914 169.592985231 3.76684610247 3.40109501195 3.12899890329 7.52879189346 7.37620689542 3.41703750655 3.44045969431 3.20220671427 6.21866504887 8.12592289995 1.43355026728 2.61698783549 0.823649383312 0.291831596284
-9999.0 -9999.0 -9999.0 -9999.0 -9999.0 -9999.0 -9999.0 -9999.0 -9999.0 -9999.0 -9999.0 -9999.0 21.9895720999 9.92556592379 8.49834097717 79.7601021286 86.431161713 6.77293132575 25.5662014985 31.4248071502 35.8213441819 5.53764011029 3.40438598389 105.560285288 108.173197184 110.465329188 297.021379191 298.485697147 301.20841565 319.066443514 326.628846548 327.752974438 1.45883335203 1.55615916544 1.41425340007 1037.58794337 0.937960708231 2893.28986711 2891.00115082 23.7494477006 21.5219476837 14.1335579132 3.51998348707 6.23163211227 10.7707673645 10.6320185711 6.6520272667 3.29860074891 6.41922542063 6.4738465962 10.9917695289 1.9014575741 4.14644823645 6.64514798782 7.27429484594
