data/baseflow/mHMbf_acc544.asc
ncols                  80
nrows                 72
xllcorner      4374000.0
yllcorner      5656000.0
cellsize            500
NODATA_value       -9999
[rows 0 to 24 of 72, columns 0 to 54 of 80]
-9999.0 -9999.0 -9999.0 -9999.0 -9999.0 -9999.0 -9999.0 -9999.0 -9999.0 -9999.0 -9999.0 -9999.0 32.6494548142 25.0265938977 -9999.0 -9999.0 -9999.0 -9999.0 -9999.0 -9999.0 -9999.0 -9999.0 -9999.0 -9999.0 -9999.0 -9999.0 -9999.0 -9999.0 -9999.0 -9999.0 -9999.0 -9999.0 -9999.0 -9999.0 -9999.0 -9999.0 -9999.0 -9999.0 -9999.0 -9999.0 -9999.0 -9999.0 -9999.0 -9999.0 -9999.0 -9999.0 -9999.0 -9999.0 -9999.0 -9999.0 -9999.0 -9999.0 -9999.0 -9999.0 -9999.0
-9999.0 -9999.0 -9999.0 -9999.0 -9999.0 -9999.0 -9999.0 -9999.0 -9999.0 -9999.0 -9999.0 -9999.0 65.1430385076 139.388492665 21.6022764549 -9999.0 17.1129784635 -9999.0 -9999.0 -9999.0 -9999.0 -9999.0 -9999.0 -9999.0 -9999.0 -9999.0 -9999.0 -9999.0 -9999.0 -9999.0 -9999.0 -9999.0 -9999.0 -9999.0 -9999.0 -9999.0 -9999.0 -9999.0 -9999.0 -9999.0 -9999.0 -9999.0 -9999.0 -9999.0 -9999.0 -9999.0 -9999.0 -9999.0 -9999.0 -9999.0 -9999.0 -9999.0 -9999.0 -9999.0 -9999.0
-9999.0 -9999.0 -9999.0 -9999.0 -9999.0 -9999.0 -9999.0 -9999.0 -9999.0 -9999.0 32.3634759037 31.1233844484 32.1076905469 31.0230909123 199.006026157 222.976606867 48.0244965905 15.1979418288 -9999.0 -9999.0 -9999.0 -9999.0 -9999.0 -9999.0 -9999.0 -9999.0 -9999.0 -9999.0 -9999.0 -9999.0 -9999.0 -9999.0 -9999.0 -9999.0 -9999.0 -9999.0 -9999.0 -9999.0 -9999.0 -9999.0 -9999.0 -9999.0 -9999.0 -9999.0 -9999.0 -9999.0 -9999.0 -9999.0 -9999.0 -9999.0 -9999.0 -9999.0 -9999.0 -9999.0 -9999.0
-9999.0 -9999.0 -9999.0 -9999.0 -9999.0 -9999.0 -9999.0 -9999.0 -9999.0 31.332837484 63.6706474193 126.009585593 62.1918103491 30.3432204798 59.9984124341 252.408418511 339.017172412 18.0490405519 -9999.0 31.3486599644 -9999.0 -9999.0 -9999.0 -9999.0 32.8733710836 16.4915095228 -9999.0 -9999.0 -9999.0 -9999.0 -9999.0 -9999.0 -9999.0 -9999.0 -9999.0 -9999.0 -9999.0 -9999.0 -9999.0 -9999.0 -9999.0 -9999.0 -9999.0 -9999.0 -9999.0 -9999.0 -9999.0 -9999.0 -9999.0 -9999.0 -9999.0 -9999.0 -9999.0 -9999.0 -9999.0
-9999.0 -9999.0 -9999.0 -9999.0 -9999.0 -9999.0 -9999.0 -9999.0 33.5222453074 97.0943438115 127.720870291 158.739149456 218.262531073 29.632071288 118.071119138 147.335007863 536.120754607 27.3923251608 28.8653091229 60.3775259757 88.3179851231 28.7398302734 -9999.0 88.8924884314 72.4942606612 20.7722748331 -9999.0 -9999.0 -9999.0 -9999.0 -9999.0 -9999.0 -9999.0 -9999.0 -9999.0 -9999.0 -9999.0 -9999.0 -9999.0 -9999.0 -9999.0 -9999.0 -9999.0 -9999.0 -9999.0 -9999.0 -9999.0 -9999.0 -9999.0 -9999.0 -9999.0 -9999.0 -9999.0 -9999.0 -9999.0
-9999.0 -9999.0 -9999.0 -9999.0 -9999.0 -9999.0 34.462450493 31.76006272 31.2576021777 31.4773152148 31.6677177722 222.312861106 471.322044545 501.937315762 528.769975588 25.6751170682 589.513187948 617.580110701 56.6331766479 28.3262546078 115.781757861 200.784514168 27.8473817207 172.364252272 29.644044616 29.1995146746 30.4208550705 -9999.0 -9999.0 -9999.0 -9999.0 -9999.0 -9999.0 -9999.0 -9999.0 -9999.0 -9999.0 -9999.0 -9999.0 -9999.0 -9999.0 -9999.0 -9999.0 -9999.0 -9999.0 -9999.0 -9999.0 -9999.0 -9999.0 -9999.0 -9999.0 -9999.0 -9999.0 -9999.0 -9999.0
-9999.0 -9999.0 -9999.0 -9999.0 -9999.0 -9999.0 68.7671151155 101.458020889 229.391509611 322.393121928 29.9477225018 30.6813761997 29.6731488389 86.9896292329 643.547154432 26.4073264835 645.604006283 750.54116152 82.5091863828 55.3128409345 227.649188361 28.2371942194 200.213226306 56.2312756045 28.4682013025 57.3352849568 59.9763095092 29.7631936608 29.4026970745 29.1642543042 29.5658275481 59.44668798 -9999.0 -9999.0 -9999.0 -9999.0 -9999.0 -9999.0 -9999.0 -9999.0 -9999.0 -9999.0 -9999.0 -9999.0 -9999.0 -9999.0 -9999.0 -9999.0 -9999.0 -9999.0 -9999.0 -9999.0 -9999.0 -9999.0 -9999.0
-9999.0 -9999.0 -9999.0 -9999.0 -9999.0 34.8624727188 68.6905782303 33.3560332462 65.5759421301 354.668211368 416.0699405 477.312568445 1489.71908002 28.3635013844 672.581969445 2377.72195572 2397.89495534 3181.54607076 21.074588133 82.2008103911 254.72840256 26.9732334185 512.912690762 285.435254242 173.985154142 145.921219838 29.2174487601 88.2871364458 86.4365472683 57.8020600365 28.2655998775 88.4199722582 28.2342465914 28.1753609179 -9999.0 -9999.0 -9999.0 -9999.0 -9999.0 -9999.0 -9999.0 -9999.0 -9999.0 -9999.0 -9999.0 -9999.0 -9999.0 -9999.0 -9999.0 -9999.0 -9999.0 -9999.0 -9999.0 -9999.0 -9999.0
-9999.0 -9999.0 -9999.0 -9999.0 -9999.0 35.0723157514 103.052159591 205.329967537 237.75117167 471.790572629 503.194286791 599.585967532 983.525690611 1568.54987364 1625.66387804 1652.03998879 51.2487599913 3271.61328072 3316.81524552 3451.34352198 4328.48147086 594.865530608 540.726477688 201.762217413 27.199661983 171.7119623 116.149706339 27.4831534801 113.229631454 25.6103928159 52.4614733958 142.420701795 169.599235317 55.3550644624 27.0088043983 27.2531954678 -9999.0 -9999.0 -9999.0 -9999.0 17.9294399591 15.4179682269 -9999.0 -9999.0 -9999.0 -9999.0 -9999.0 -9999.0 -9999.0 -9999.0 -9999.0 -9999.0 -9999.0 -9999.0 -9999.0
-9999.0 -9999.0 -9999.0 -9999.0 -9999.0 34.6008427155 33.6641325923 136.300254779 168.805913456 202.003614438 32.485089504 64.7102209676 361.777168851 63.2956917672 31.1694442636 29.9368544974 27.683276086 29.4366453932 28.4931135603 29.2137436034 4356.62123297 4437.80949822 26.6692488384 80.8116173664 54.3047154538 198.494216458 54.7921400716 26.921925979 140.806783711 50.1073124773 119.645947304 301.179378039 278.557221134 82.1721034392 81.4736273265 27.2212114801 27.2455093066 -9999.0 -9999.0 27.3121615495 40.8987648749 88.3094293937 16.0857459164 -9999.0 -9999.0 -9999.0 -9999.0 -9999.0 -9999.0 -9999.0 -9999.0 -9999.0 -9999.0 -9999.0 -9999.0
-9999.0 -9999.0 -9999.0 -9999.0 -9999.0 -9999.0 35.0879437014 34.5224813997 68.4679917215 102.128876949 233.107978188 298.839205197 331.223622713 32.7631363798 29.4070832436 374.525548089 463.153167968 492.027551469 609.127366958 637.39168186 27.7667312561 4465.41866025 4597.94506982 105.67578112 19.7923077987 223.348304328 497.899892853 194.159117932 51.5835626791 25.6081011235 470.279203493 326.773696231 25.1294642691 25.3330688653 106.890962832 80.2545457415 25.9821687793 26.5547214186 26.3914353165 53.3339990629 25.8577443715 107.369328965 132.775331455 25.137331749 -9999.0 -9999.0 -9999.0 -9999.0 27.1504778896 26.413769643 7.29229608726 -9999.0 -9999.0 -9999.0 -9999.0
-9999.0 -9999.0 -9999.0 -9999.0 -9999.0 -9999.0 -9999.0 35.0313954779 31.9695875009 65.4566419215 98.6781866565 33.2058066805 31.1245026243 191.484427542 253.452422775 315.840585931 29.9196934613 59.7940341135 29.2249314945 665.567390743 1458.39856471 1476.57542594 6124.44376951 26.9262929603 60.3787472822 19.4660485754 523.625867226 25.814562881 77.5155397786 25.3701468382 495.581323794 520.737080425 50.2309706481 50.1185986195 264.926741065 132.256647295 52.4941821456 26.5114598661 52.9209646082 79.5147865978 130.604922525 25.4609873048 184.385835964 210.738528224 25.0212811449 25.9376530502 26.4845660829 25.3707626335 24.5512594523 78.5144647892 30.3606675957 19.8149011574 -9999.0 -9999.0 -9999.0
-9999.0 -9999.0 -9999.0 -9999.0 -9999.0 -9999.0 -9999.0 -9999.0 66.5348647348 98.0443094892 32.9979991133 66.2183357922 98.0451024769 161.88368017 32.1474892609 31.7394474097 29.4983099031 29.932329346 28.4748616357 736.564370242 29.1580198184 57.7626107669 6203.58023774 6270.8474112 38.0927917838 134.956313789 685.278426809 50.7948502309 101.370643646 49.0713378839 72.4566523386 618.219838321 73.8466662952 387.300862945 313.548190763 24.3415043854 128.579696839 51.4892209922 77.7594769369 24.8498575694 155.662576469 206.762485916 230.860339403 254.341809095 306.63996662 48.1866594174 49.5194994916 47.6094730563 45.8613764223 100.930593014 21.8557418274 72.3026942014 92.8324639196 -9999.0 -9999.0
-9999.0 -9999.0 -9999.0 -9999.0 -9999.0 -9999.0 -9999.0 -9999.0 34.1568570148 165.571520039 198.195724835 32.7617254622 64.771063495 32.0486756346 31.07490229 30.5870309736 373.152029732 498.125416335 611.137778853 717.643203342 27.3238478242 28.8643499924 34.4167683705 6405.45707346 6475.66843792 6511.90623125 926.972574047 204.644064572 177.144185935 24.252224206 96.2380783913 738.059198714 23.8373143814 410.992860096 24.252325907 164.826885142 153.719143604 24.7721486705 102.342531652 49.402984334 73.6984393612 25.4533563287 23.2737967458 277.678967819 299.890202624 328.810956189 72.4742881139 70.0504610662 67.8800101067 123.357482365 167.097509681 21.7653431689 113.643762525 21.3473259145 41.4624545017
-9999.0 -9999.0 -9999.0 -9999.0 -9999.0 -9999.0 -9999.0 -9999.0 -9999.0 33.7981107514 231.102014576 263.760814134 97.0522984102 160.992029965 222.780543503 253.471144431 30.6458803866 95.4129916539 62.2908819959 30.4736370352 30.6036392649 29.0884392469 58.6859592439 105.097097515 41.135161398 7514.2520431 7551.85967871 35.2921612877 24.9210046918 47.7625656577 70.9572875328 807.489977442 46.4892421209 433.344096968 255.4731597 208.971445302 24.106898107 48.6652286803 125.904532067 23.405371321 96.8250899613 48.3062067551 41.709919905 17.847157229 356.781613484 705.005977142 90.6077051348 88.5482196354 87.6865250422 19.6216305679 186.482955535 19.1536696746 154.271659942 19.7131162255 61.1415685116
-9999.0 -9999.0 -9999.0 -9999.0 -9999.0 -9999.0 -9999.0 -9999.0 -9999.0 -9999.0 32.0664109224 328.409989613 32.3018490071 64.3648354365 94.6824880896 156.650492032 32.0190726634 65.0350519306 32.006574866 31.5363262953 29.9158048132 59.464652274 27.9677850143 32.884519509 72.282667591 41.2204185374 7587.07269585 7657.20946442 7754.49949538 97.727608598 23.3416632859 46.50233456 830.719626107 802.973716827 302.716197537 23.4878348267 96.3327786231 72.497373865 149.522838214 46.9687471088 191.249018078 71.1951635236 62.9734163124 13.1491471244 18.5888879023 727.301645611 748.101510109 946.734973759 147.96565768 40.0327117396 206.894251134 245.92497899 418.793248203 38.9523630071 18.6673249705
-9999.0 -9999.0 -9999.0 -9999.0 -9999.0 -9999.0 -9999.0 -9999.0 -9999.0 -9999.0 -9999.0 16.9015773178 365.605412898 31.1718533689 61.2902334835 279.799199639 31.9850624555 32.0339331185 29.647649392 61.4730811852 28.925533603 117.190642194 172.512210853 199.307501473 99.4095185439 131.732648594 36.5990062278 39.7367078756 34.5943162684 7908.1270107 7983.38005433 852.558343242 845.739063997 824.460698335 44.5616603174 22.0852059885 118.825552437 313.488782139 172.222997486 69.6789872248 282.891274171 125.985390435 104.629133846 25.7314470072 11.8813408992 11.9192158524 14.0764574323 1008.97176437 1216.56282619 19.1553309012 18.254878692 18.9070811144 437.119939794 493.812704813 34.903211164
-9999.0 -9999.0 -9999.0 -9999.0 -9999.0 -9999.0 -9999.0 -9999.0 -9999.0 -9999.0 -9999.0 16.0548316213 404.961988515 499.991435994 30.2309215447 340.177299124 30.528447861 30.1097866667 58.6327993906 149.211795077 28.7188394627 29.4275683694 26.9634912873 253.817908669 280.070741927 438.2042573 501.469279637 532.342283534 566.030077624 598.196347332 8613.18316104 9523.68835531 10425.2556517 10449.2501011 24.6436374884 22.4677003679 358.464425016 336.164918557 22.3492372366 22.0305008394 303.947786088 451.600587894 19.6928911624 202.874718798 186.078811121 51.3183963503 27.2079771658 43.3068761482 21.0735937289 1255.3910483 19.3976182562 55.8082955069 72.2459036231 614.392326322 659.913178283
-9999.0 -9999.0 -9999.0 -9999.0 -9999.0 -9999.0 -9999.0 -9999.0 -9999.0 -9999.0 -9999.0 33.2404588841 64.3395001237 530.839206357 589.874417858 29.5333130967 394.058228737 28.3515524264 85.8038224646 176.978370947 56.2384699408 27.4775199664 55.3859481607 25.8918848049 49.9303669174 24.2187577509 22.672912413 19.9246287947 17.8056849732 18.2350393055 19.9069779579 27.1522525108 32.4716735762 35.2584605543 10534.6385575 466.740626782 412.745518214 25.6853417651 65.5975619444 16.3947230967 13.6443366861 472.487512763 737.511804857 224.505804069 161.619000115 26.6780148826 12.8139681219 12.2711002034 30.5842350648 1305.58858628 1342.73222942 18.9727641538 18.9888093664 17.1571171727 11.1464713119
-9999.0 -9999.0 -9999.0 -9999.0 -9999.0 -9999.0 -9999.0 -9999.0 -9999.0 -9999.0 -9999.0 -9999.0 31.2037084119 392.021686587 1012.15261828 1101.78051032 1523.29617082 1546.32927676 397.278046253 289.242078262 84.1480909718 27.303730126 108.949044271 134.811243891 209.102892403 48.9946547901 46.384600298 43.8163839511 84.8106595789 41.2441065145 42.0591711243 19.5402092085 13.7819347939 19.0739722641 10561.3615944 11043.8882942 11074.5042504 27.1053252801 191.722437 73.359777867 21.9203082693 802.264733838 44.3549453603 22.5743968775 90.5229768302 19.8746280572 20.1539927823 38.9928877879 56.5425048555 75.2223799108 1376.73963413 16.3917348143 15.0077780361 15.0134089032 12.2268582045
-9999.0 -9999.0 -9999.0 -9999.0 -9999.0 -9999.0 -9999.0 -9999.0 -9999.0 -9999.0 -9999.0 32.531065838 297.725438422 361.37933542 60.3574448173 18.0140976394 42.6591314827 1617.44337795 1641.72874409 2060.97711269 25.8683087578 53.0246242238 24.3977079751 24.7178509875 233.019402129 305.909907876 374.898956888 22.5705399403 107.072090549 170.259778774 104.17800758 40.9266097619 32.69040943 33.4481662244 36.4210009787 23.1016221082 11098.6429992 11121.2185201 11358.1861268 39.5974440079 20.2361490906 817.939122784 46.4027977979 23.5197958156 24.0278828955 23.7744725476 23.0307890678 43.8075910949 127.564301789 222.335378828 1615.41825055 13.4423842291 40.3485764365 27.1862370439 23.3783959351
-9999.0 -9999.0 -9999.0 -9999.0 -9999.0 -9999.0 -9999.0 -9999.0 -9999.0 -9999.0 -9999.0 33.0564856164 201.821402391 32.2124939511 30.1446088776 148.938998902 176.842506563 205.748701187 233.458055773 2785.52463811 2807.85077887 2856.42789176 3213.5568437 3288.2614248 3332.37507956 3356.91894546 3785.30431038 3842.65784663 3864.31936739 4057.21000623 4184.04823002 4205.58191524 4277.25617832 53.9586395983 52.3395371499 14.9442969219 18.8700242095 11144.3541698 11442.56845 61.2665928295 941.456282984 922.815570385 90.3000437231 22.346238962 22.634759186 22.3486349452 21.6555484878 43.5967435539 64.2911260376 20.9414704219 1631.2704804 1647.53506856 1729.62261809 1743.75733517 1780.37618546
-9999.0 -9999.0 -9999.0 -9999.0 -9999.0 -9999.0 -9999.0 -9999.0 -9999.0 -9999.0 -9999.0 102.317923165 135.561805946 64.4693253027 95.4275657044 30.6802252688 349.664811535 379.468387838 437.941081711 463.418322886 194.678111966 3089.04147665 3111.459275 24.9329004754 19.8925864058 17.5163709905 37.9128786148 18.020922272 14.2186025678 13.5561578665 15.1663875996 4224.02987476 4296.4862329 4369.58979212 4439.49320876 4506.10221156 32.9614400433 14.2174585012 12444.6200476 979.968198785 960.444984468 20.5201196197 20.1125129285 19.2202447795 42.3033122971 42.1307852539 19.801058484 19.7459637202 18.7630247426 39.5448040169 55.2120081721 13.936775958 26.236027406 9.88064485736 6.23041828595
-9999.0 -9999.0 -9999.0 -9999.0 -9999.0 -9999.0 -9999.0 -9999.0 -9999.0 -9999.0 -9999.0 -9999.0 68.9197896793 32.7607998677 31.4212882744 290.708197893 320.924848738 30.2020800145 118.847418589 146.730393909 172.49899481 27.5083859041 25.316290278 489.03840017 511.353581339 532.838607682 1360.49957696 1377.73683332 1405.64765284 1543.05681824 1623.9925564 1637.02039687 11.77044437 12.0635062412 12.9697173061 4538.31850132 16.0964072933 12646.481404 12619.4440447 154.826423867 133.345933027 80.4231675411 20.2766869948 38.5924234851 61.970365247 61.7317916692 38.9719637957 19.1807193208 37.7753980026 37.4755123665 72.4474929679 11.7604659384 39.2818696069 62.9703379029 75.9545531751
-9999.0 -9999.0 -9999.0 -9999.0 -9999.0 -9999.0 -9999.0 -9999.0 -9999.0 -9999.0 -9999.0 -9999.0 35.052292172 100.479263845 132.133609114 228.58260457 30.5160393098 61.3217735331 90.7792318641 340.024149866 365.443842545 385.525316513 411.445497481 439.633653533 682.872377603 764.27700572 809.005679995 18.0194794907 108.75437801 124.297263525 1583.45631901 1651.19313053 1676.84099173 1702.30310545 1730.10241991 6285.20471944 16.3750587362 12712.3890085 33.437627196 14.0928321233 113.604105731 97.8805644135 15.7360176985 56.3371294717 79.7955734427 79.2927473554 55.7831493017 91.646737016 145.208859509 54.1880674993 142.445527936 13.1843582318 20.2273159293 5.73568913252 4.63113871926
