data/baseflow/mHMbf_acc588.asc
ncols                  80
nrows                 72
xllcorner      4374000.0
yllcorner      5656000.0
cellsize            500
NODATA_value       -9999
[rows 25 to 49 of 72, columns 0 to 54 of 80]
-9999.0 -9999.0 -9999.0 -9999.0 -9999.0 -9999.0 -9999.0 -9999.0 -9999.0 -9999.0 -9999.0 -9999.0 15.9007076869 31.5641971998 14.8288508006 28.7720329097 11.5826029516 94.7485601973 115.08963622 126.076586819 9.79937108361 19.8905249584 198.681060031 246.072298152 253.754387566 12.8701739253 19.0700892271 25.9380678259 4.75738617728 4.2661242848 7.96778565463 2.97163775215 336.771680189 340.300678014 343.528996512 2318.14645139 4353.39561564 4329.10617361 3.86577843611 2.32627960771 2.11722249452 9.74689669433 7.93014432868 18.1581866664 24.0658253385 47.8597427043 4.74253141571 4.7176706537 39.9810121958 44.2266610605 85.1082226122 86.8784752081 93.3439979357 95.1061963613 2.48669892185
-9999.0 -9999.0 -9999.0 -9999.0 -9999.0 -9999.0 -9999.0 -9999.0 -9999.0 -9999.0 -9999.0 -9999.0 -9999.0 15.1233713752 30.5274385896 46.2019536648 70.9162970069 12.2158115521 10.5785417506 83.3020177411 92.9005788404 178.525644794 189.605324321 29.9097420458 8.0076177225 6.31617881519 5.75446255259 313.547118631 317.804489389 322.645097401 326.742222215 333.379137855 48.6926977026 50.5260582471 395.970998514 7069.61384669 17.5167796866 12.4265117991 5.88162278589 1.79394655062 1.6988084323 13.690839148 14.9264082104 21.3966922113 1.69689813314 50.2491401201 8.26832049343 8.18453610178 1.59676632882 0.983888535898 0.824479906956 0.710545646595 0.830162619615 95.9348794102 1213.50695523
-9999.0 -9999.0 -9999.0 -9999.0 -9999.0 -9999.0 -9999.0 -9999.0 -9999.0 -9999.0 -9999.0 -9999.0 -9999.0 -9999.0 13.9701428438 27.271035039 39.6680879238 51.8195512785 62.3407546039 73.3353232682 31.8483936063 54.705172331 10.8569299063 9.69366638676 276.852692976 294.368177441 301.616293568 308.910831398 4.92557790846 8.9150791343 28.1417317843 38.5385752785 44.5562091877 2.3495756973 2.41624691324 7080.01822291 4.08396643266 5.16121460075 3.39336964391 9.24745945277 3.88370801091 2.31682639079 37.7207929284 39.2680119509 0.866033676511 51.2648889979 61.7058953759 12.935324187 1255.86860958 1252.0842472 1249.80659952 1246.50050717 1245.20566442 1221.23100216 1219.54785446
-9999.0 -9999.0 -9999.0 -9999.0 -9999.0 -9999.0 -9999.0 -9999.0 -9999.0 -9999.0 -9999.0 -9999.0 -9999.0 -9999.0 4.61755742428 10.0254408334 13.0115725261 144.52170005 155.442132905 11.2600813926 10.7962989518 11.5464863362 238.144030443 259.766999755 10.1204271809 10.4684847788 7.19653924148 33.4350006785 41.907932941 16.7558041188 23.9014875032 204.281895041 210.568997504 217.815556898 353.888050413 7437.07174408 5.31979375616 2.70747333879 15.1542715003 11.5711092294 1.26431978944 4.97153834818 6.28643481266 40.6376245592 41.8159183302 105.797991009 62.1952884644 14.1298910533 1283.36310842 8.20097761974 1248.19618188 1247.39798948 22.4276103528 0.947615192449 3.87294794424
-9999.0 -9999.0 -9999.0 -9999.0 -9999.0 -9999.0 -9999.0 -9999.0 -9999.0 -9999.0 -9999.0 -9999.0 -9999.0 -9999.0 22.4502786219 37.2492835594 74.2070856857 133.082209088 168.586869237 195.281564964 206.340746857 217.806644393 228.827616262 10.2752399419 8.67639152729 17.2676605415 16.0148787538 9.2917606242 176.88131821 185.104528616 192.475088267 199.455040836 118.321276296 124.990164984 132.248748572 7439.69264674 9.34621192936 11.227299263 29.1168209838 2.83204899125 3.33155512673 1.95993808691 1.2245167575 7.7837526058 0.94452937111 0.986686601214 1393.8692761 1287.38457804 1286.44596173 3.20995815047 7.39949525771 4.38673471545 0.806207575592 19.4975017404 5.113714378
-9999.0 -9999.0 -9999.0 -9999.0 -9999.0 -9999.0 -9999.0 -9999.0 -9999.0 -9999.0 -9999.0 -9999.0 -9999.0 -9999.0 15.6117233912 15.4385923804 30.6522527789 45.2590325722 15.174873835 17.2223507548 29.3718559277 41.2724687706 64.1168345118 74.9053857648 83.0721849088 109.186197918 117.154464763 127.161387864 10.3111121363 89.2326366269 96.6601357965 104.697544739 7.4950734178 7.78743932401 12.1796095238 7596.24329864 7598.65820306 7613.56844278 37.9683831547 6.40568253487 7.27305463865 2.37379155677 2.21656445627 8.88212385301 10.6893904471 1.79734742231 1398.39340613 1.63065081769 1.6801862586 1.69023905607 1.79254593966 2.77230425968 1.21823223178 13.6031867091 10.8773776871
-9999.0 -9999.0 -9999.0 -9999.0 -9999.0 -9999.0 -9999.0 -9999.0 -9999.0 -9999.0 -9999.0 -9999.0 -9999.0 -9999.0 -9999.0 15.1225486683 29.5023682154 13.622776601 28.3109467954 166.967238545 177.103899232 187.67119845 10.9636682485 11.1285504149 19.2590674729 28.5633932994 43.7292767719 52.655270086 61.6079448609 70.5790729294 6.77739679201 6.92098749768 125.655255463 135.055784715 138.519025294 141.683893888 114.240855618 7739.59421633 7794.53727579 7796.55171617 7805.1922163 7813.60298713 7816.31281751 0.845338322158 11.5318295763 1399.1102828 1.63606265936 0.835388686515 1.64043927645 1.73645246807 2.73580762697 1.75463386786 1.01833810911 1.5266353088 1.34558616268
-9999.0 -9999.0 -9999.0 -9999.0 -9999.0 -9999.0 -9999.0 -9999.0 -9999.0 -9999.0 -9999.0 -9999.0 -9999.0 -9999.0 -9999.0 -9999.0 43.7118964518 57.1579082107 98.2964169678 125.215228004 13.0019037277 214.102624887 224.521856162 233.481824859 8.66312453446 16.9300805566 7.11364637121 56.7356476878 63.0617571749 74.0873752291 86.5909398394 110.108209509 117.890442456 4.51965072517 102.335154048 108.311044086 111.376437955 123.526932219 14.6977457277 8.33905826338 4.41855497988 3.85971145357 7821.53973562 7822.31481227 7839.08054362 1399.84177691 5.71043204853 3.35082756169 2.42591896246 0.632450246933 6.4438935945 2.92000567032 0.910339055595 4.88918642611 4.12057512828
-9999.0 -9999.0 -9999.0 -9999.0 -9999.0 -9999.0 -9999.0 -9999.0 -9999.0 -9999.0 -9999.0 -9999.0 -9999.0 -9999.0 -9999.0 -9999.0 14.3334106972 71.2206451823 85.4861291425 12.9688570679 11.8019866726 25.3573850763 37.4331174728 280.587300421 8.6443001279 34.7375391437 42.2551217691 49.5944527585 8.63375262178 17.2993085886 22.7153017275 76.547428129 88.2611888262 91.432250365 3.35745405364 2.79355498368 3.18975174692 6.1143431373 3.32487144939 3.50040120935 1.85328983985 2.99631912645 1.05739453429 4.76579137998 7839.94751771 9242.55430873 8.98381682545 2.4602476427 0.955075626872 18.4356489588 17.0492927506 9.57427239127 8.4863825254 6.18354974804 1.48612517552
-9999.0 -9999.0 -9999.0 -9999.0 -9999.0 -9999.0 -9999.0 -9999.0 -9999.0 -9999.0 -9999.0 -9999.0 -9999.0 -9999.0 -9999.0 13.2435846138 40.3431228158 12.9290578407 12.2687789455 12.5940940173 24.0618052894 35.8671970788 45.6528629419 336.906019335 345.084485461 8.48464173362 15.9637005446 23.7073311533 29.7732542145 37.4203852561 67.9678667882 73.3178116215 8.05871349066 4.01048764916 1.56395475636 1.16049086313 3.83591115458 3.48786343231 5.74955222363 6.56126120972 11.0167816764 4.76530104534 2.14031271724 2.1628401515 1.17813361512 2.14002760173 9336.22274964 83.7091991709 25.4569576418 4.68679472677 2.41522348037 1.20956426397 3.12390724677 1.77601900927 0.806684777266
-9999.0 -9999.0 -9999.0 -9999.0 -9999.0 -9999.0 -9999.0 -9999.0 -9999.0 -9999.0 -9999.0 -9999.0 -9999.0 -9999.0 13.8939913748 26.9102093845 93.2447446272 12.5193615319 23.8359537751 35.8364546483 46.70935223 11.573454742 21.1937539171 31.1977309916 385.910993593 7.87880736845 14.7638512434 22.4541105438 8.03895049872 15.9958799801 23.3726989456 28.1994445676 636.275926791 644.962882805 654.296053549 679.215351491 685.166309543 699.889693867 10.8972369646 22.559377663 13.3615912775 756.25842238 759.43377852 1.94839850833 2.73077787929 3.51029857158 9337.49297816 80.0203222221 45.3511187315 42.1044646894 28.2205140841 23.3453492638 4.07208871859 1.16002449635 1.69567621328
-9999.0 -9999.0 -9999.0 -9999.0 -9999.0 -9999.0 -9999.0 -9999.0 -9999.0 -9999.0 -9999.0 -9999.0 -9999.0 -9999.0 14.1423666039 42.8273027251 150.121716338 223.460328817 11.5304054788 289.337598313 347.374298421 10.5016625592 19.9681933753 29.5410678778 471.944695662 479.778424125 4.87338879263 32.4419761911 37.8109898983 44.4871005466 584.846487165 598.103672009 603.976694318 2.72198657175 17.4373101119 20.2944879658 6.34393180032 8.3881109011 712.802154849 738.975076481 740.525970199 741.98541632 761.25557924 0.907842443985 0.821783415479 5.13382979179 9339.11946353 5.51587604618 6.79375924544 11.3084491372 2.54160746499 19.894196106 16.3536058724 10.0463412791 6.47632030366
-9999.0 -9999.0 -9999.0 -9999.0 -9999.0 -9999.0 -9999.0 -9999.0 -9999.0 -9999.0 -9999.0 -9999.0 -9999.0 -9999.0 -9999.0 -9999.0 29.9306064455 60.2500383534 264.229470629 278.18105865 359.872123395 371.50224538 10.3420543566 20.7007327379 46.6361483035 489.034961428 499.652091131 503.543911769 3.24421885618 519.213414033 533.369045322 8.13912401289 2.76478077877 5.24601634106 10.1653487193 2.44667852294 4.57761269432 9.68500048518 11.5962011967 2.25742394818 1.50938825938 2.85785597393 775.901537837 780.58528409 781.265697664 788.576008111 9340.34619774 5.01893562314 5.91998733894 1.90781822074 1.82507050465 1.87433308159 1.61062214602 3.00756740931 1.50834536495
-9999.0 -9999.0 -9999.0 -9999.0 -9999.0 -9999.0 -9999.0 -9999.0 -9999.0 -9999.0 -9999.0 -9999.0 -9999.0 -9999.0 -9999.0 -9999.0 15.6306249018 15.2999059072 14.6268396142 27.1823641301 11.9164329457 395.382106781 406.043696966 9.00737714601 17.8978063146 6.65928988701 5.1546660226 4.93378313221 512.518910282 4.91522965978 10.1652932145 3.97029316543 2.84999137113 2.48496948995 1.87419037976 1.96054617414 5.96317594618 8.19973086573 1.5756427898 1.42545627969 3.10067427318 5.22033997133 7.62955897536 2.72018994138 782.546323821 789.31624521 9341.37696128 17.1019265808 8.97589396387 1.17118674825 2.76491550489 0.961904482388 0.748316120259 3.8242497706 6.65729989717
-9999.0 -9999.0 -9999.0 -9999.0 -9999.0 -9999.0 -9999.0 -9999.0 -9999.0 -9999.0 -9999.0 -9999.0 -9999.0 -9999.0 -9999.0 -9999.0 -9999.0 -9999.0 15.1133485811 40.893329954 52.7841227849 64.5795160284 417.505404867 428.866978975 439.299171318 447.910398678 452.664272058 462.768781906 467.0137575 471.726155935 474.923680966 2.52468943898 2.3119977586 2.41113894544 8.3304626073 2.21905737237 2.07169698705 1.5922401506 4.63980570759 1.93666507805 1.46574374149 1.35156275208 1.12608741304 2.24706066808 3.2699743119 796.014297013 10155.2060728 3.03959349418 4.98359390246 0.937124638681 6.31894053144 8.51269810878 1.50382209298 15.87717717 11.1366987372
-9999.0 -9999.0 -9999.0 -9999.0 -9999.0 -9999.0 -9999.0 -9999.0 -9999.0 -9999.0 -9999.0 -9999.0 -9999.0 -9999.0 -9999.0 -9999.0 -9999.0 -9999.0 -9999.0 12.7560161934 100.187888207 191.844698707 203.454327746 11.7299375812 20.8740336427 29.9900560551 36.8165201886 84.8477179603 87.6575890705 2.69386599868 2.60697854743 484.117395983 489.840690728 491.932820564 9.82938831754 1.29153441037 3.18368604535 4.71926066876 14.4541715269 18.04629292 20.8468147929 2.55176245835 3.54856912763 1.20059636977 2.48832645496 1.24023104341 10156.7580919 2.48773728619 10.038076587 2.7954603653 9.72269788974 31.3625870945 34.0765786003 51.3147901104 9.19796683859
-9999.0 -9999.0 -9999.0 -9999.0 -9999.0 -9999.0 -9999.0 -9999.0 -9999.0 -9999.0 -9999.0 -9999.0 -9999.0 -9999.0 -9999.0 -9999.0 -9999.0 -9999.0 14.0748434552 44.7305169118 87.6721824938 114.661548087 285.739285548 297.311353753 19.230794293 28.4872439839 36.849578236 43.2282168701 91.310908634 97.0257919571 181.57340059 189.593998489 195.02950577 493.85053652 508.302696231 3.10865543293 2.0525554973 1.9364135624 3.68460012711 1.73745696647 24.3571652007 25.6881184417 4.89271648765 8.12224994226 3.86912817751 2581.55802004 2584.31228948 12741.6824027 12754.2473815 2.88978958413 15.7057878606 6.50009994107 3.96748863531 57.485282335 67.8880055533
-9999.0 -9999.0 -9999.0 -9999.0 -9999.0 -9999.0 -9999.0 -9999.0 -9999.0 -9999.0 -9999.0 -9999.0 -9999.0 -9999.0 -9999.0 -9999.0 -9999.0 -9999.0 -9999.0 15.9527161837 15.490449086 29.3493976672 69.8357228947 309.6799771 10.0139133755 9.88240019288 17.3624867736 26.1358702473 66.612203068 72.3606191577 5.61486837446 4.32878622165 197.900637556 200.074980168 713.706237858 717.308466415 1.08251354533 0.954462807651 0.799702906087 0.807111773813 0.928015029689 2550.71177721 2558.68036966 2568.00867707 2573.73381186 2578.97516483 1.44040600393 5.26137055896 6.11370069551 12762.6837797 12763.5313947 12763.8312712 12764.5370353 12766.0594765 71.3840477569
-9999.0 -9999.0 -9999.0 -9999.0 -9999.0 -9999.0 -9999.0 -9999.0 -9999.0 -9999.0 -9999.0 -9999.0 -9999.0 -9999.0 -9999.0 -9999.0 -9999.0 -9999.0 -9999.0 -9999.0 14.2684260355 14.8957244474 27.7270516616 363.664017258 374.553441531 9.62280394969 17.3309445645 26.3338847273 35.4587471715 8.42457702857 14.0331022771 753.507438702 756.010338133 762.312284 782.450117705 1501.65133998 2502.45264517 2505.09967926 2507.4426671 2509.70552254 2520.36509784 2523.82546849 6.94824090699 3.12809972753 1.91114498081 3.57481113023 2.62602385674 4.17955990765 1.28442165941 28.9273389209 36.607889728 43.2242710762 43.6602644444 12765.8755115 12837.8096911
-9999.0 -9999.0 -9999.0 -9999.0 -9999.0 -9999.0 -9999.0 -9999.0 -9999.0 -9999.0 -9999.0 -9999.0 -9999.0 -9999.0 -9999.0 -9999.0 -9999.0 -9999.0 -9999.0 -9999.0 -9999.0 14.5333956676 27.8786579016 41.2742825966 385.39389788 8.37332143709 511.037839634 520.10010016 528.856150838 535.601045392 728.205648467 734.30739711 2.25661968881 15.3732078024 17.8481182985 2.37987974463 998.256209131 993.921901784 1.30705849204 3.09580513946 8.56548617512 1.93722889924 2.10705569231 1.59040526705 1.35311145772 1.04068899762 1.24228768231 24.8661597002 26.1813371678 27.9252942044 6.51462456679 5.14171022458 46.4945644088 47.3496790966 47.6935944424
-9999.0 -9999.0 -9999.0 -9999.0 -9999.0 -9999.0 -9999.0 -9999.0 -9999.0 -9999.0 -9999.0 -9999.0 -9999.0 -9999.0 -9999.0 -9999.0 -9999.0 -9999.0 -9999.0 -9999.0 -9999.0 13.3168915498 12.5245631362 64.7625768798 474.21496283 494.360144533 503.389307972 6.81973576289 166.183806101 175.501517885 180.485491728 5.54097475908 8.23102489597 10.4555877573 224.065519677 225.959404744 227.56500174 991.153295792 620.86130167 1.69804529221 1.8676870567 1.77851796969 1.38485332516 14.7149260991 17.8140338821 20.5138757497 22.0461568298 23.5162375155 204.765408242 206.293067603 209.483496826 215.186082697 229.484918549 229.918926009 278.056673322
-9999.0 -9999.0 -9999.0 -9999.0 -9999.0 -9999.0 -9999.0 -9999.0 -9999.0 -9999.0 -9999.0 -9999.0 -9999.0 -9999.0 -9999.0 -9999.0 -9999.0 -9999.0 -9999.0 -9999.0 -9999.0 -9999.0 26.0987359074 39.7434138732 12.2173790936 10.0771206456 142.311831456 149.086929236 153.786481278 43.5705976337 49.3085749852 54.7855182378 57.5172183456 219.7905316 222.546501176 137.402165972 366.987630751 368.838882852 619.578421021 3.70668426469 1.91459267103 1.31533739121 10.1927317369 11.9563415165 1.10744799005 1.04298726166 199.862062983 202.510435681 203.803986576 2.12567928406 3.72484929757 227.382539409 0.744840002172 3.2969020391 3.66752171893
-9999.0 -9999.0 -9999.0 -9999.0 -9999.0 -9999.0 -9999.0 -9999.0 -9999.0 -9999.0 -9999.0 -9999.0 -9999.0 -9999.0 -9999.0 -9999.0 -9999.0 -9999.0 -9999.0 -9999.0 -9999.0 -9999.0 13.0990154753 25.8951257154 103.294004177 115.235766693 123.932085514 32.6433908163 38.0434149417 5.81699118121 150.409394048 155.439296486 159.710308279 3.0417374514 132.326277384 135.212107076 2.04270612898 609.957237531 4.2347977033 2.13739217519 5.56109245513 7.48237393613 1.43054698984 1.15510517268 186.668605063 197.508561174 199.062927543 1.64701786013 3.58995870752 4.49838426979 5.81083542179 10.4123724854 1.23591981175 2.71391104549 0.550855997608
-9999.0 -9999.0 -9999.0 -9999.0 -9999.0 -9999.0 -9999.0 -9999.0 -9999.0 -9999.0 -9999.0 -9999.0 -9999.0 -9999.0 -9999.0 -9999.0 -9999.0 -9999.0 -9999.0 -9999.0 -9999.0 -9999.0 12.992005204 39.7775288978 65.7799527377 11.5272324015 20.1409279094 27.0292888356 127.732889201 134.236347566 139.691198678 4.89823615047 109.149487533 123.662292562 127.042695251 2.6202720719 601.182490575 606.102858885 2.28402912408 2.05964373104 4.10050788814 1.63974462096 178.720224911 181.616814874 183.377396459 6.75090615709 8.44784322659 1.46082428394 2.61137570044 1.16124602279 8.40103589478 1.21641631288 0.72597489835 0.734084317077 0.772312565408
-9999.0 -9999.0 -9999.0 -9999.0 -9999.0 -9999.0 -9999.0 -9999.0 -9999.0 -9999.0 -9999.0 -9999.0 -9999.0 -9999.0 -9999.0 -9999.0 -9999.0 -9999.0 -9999.0 -9999.0 -9999.0 -9999.0 -9999.0 13.3093699643 13.1660096597 10.9279926162 96.0330804059 102.537436587 121.942000162 5.94686776228 86.3926531395 100.030219798 5.11881340327 10.4681025539 3.58265728454 593.056159622 3.469818946 7.92309038362 9.59983521574 12.1074075262 168.357795801 173.998743535 175.890682139 1.93887666608 3.60082006976 5.0879173707 0.948373906104 0.877405729393 516.665546386 517.541690642 518.258495041 525.985265026 526.916216795 527.899137549 528.509297481
