data/baseflow/mHMbf_acc306.asc
ncols                  80
nrows                 72
xllcorner      4374000.0
yllcorner      5656000.0
cellsize            500
NODATA_value       -9999
[rows 0 to 24 of 72, columns 0 to 54 of 80]
-9999.0 -9999.0 -9999.0 -9999.0 -9999.0 -9999.0 -9999.0 -9999.0 -9999.0 -9999.0 -9999.0 -9999.0 26.9499103904 19.6127739892 -9999.0 -9999.0 -9999.0 -9999.0 -9999.0 -9999.0 -9999.0 -9999.0 -9999.0 -9999.0 -9999.0 -9999.0 -9999.0 -9999.0 -9999.0 -9999.0 -9999.0 -9999.0 -9999.0 -9999.0 -9999.0 -9999.0 -9999.0 -9999.0 -9999.0 -9999.0 -9999.0 -9999.0 -9999.0 -9999.0 -9999.0 -9999.0 -9999.0 -9999.0 -9999.0 -9999.0 -9999.0 -9999.0 -9999.0 -9999.0 -9999.0
-9999.0 -9999.0 -9999.0 -9999.0 -9999.0 -9999.0 -9999.0 -9999.0 -9999.0 -9999.0 -9999.0 -9999.0 56.4951409943 116.475172374 17.1491700577 -9999.0 12.7315753361 -9999.0 -9999.0 -9999.0 -9999.0 -9999.0 -9999.0 -9999.0 -9999.0 -9999.0 -9999.0 -9999.0 -9999.0 -9999.0 -9999.0 -9999.0 -9999.0 -9999.0 -9999.0 -9999.0 -9999.0 -9999.0 -9999.0 -9999.0 -9999.0 -9999.0 -9999.0 -9999.0 -9999.0 -9999.0 -9999.0 -9999.0 -9999.0 -9999.0 -9999.0 -9999.0 -9999.0 -9999.0 -9999.0
-9999.0 -9999.0 -9999.0 -9999.0 -9999.0 -9999.0 -9999.0 -9999.0 -9999.0 -9999.0 27.5778446581 27.0963548338 28.2866804833 27.7794014962 169.469810922 188.486960212 35.1639329627 11.0326590837 -9999.0 -9999.0 -9999.0 -9999.0 -9999.0 -9999.0 -9999.0 -9999.0 -9999.0 -9999.0 -9999.0 -9999.0 -9999.0 -9999.0 -9999.0 -9999.0 -9999.0 -9999.0 -9999.0 -9999.0 -9999.0 -9999.0 -9999.0 -9999.0 -9999.0 -9999.0 -9999.0 -9999.0 -9999.0 -9999.0 -9999.0 -9999.0 -9999.0 -9999.0 -9999.0 -9999.0 -9999.0
-9999.0 -9999.0 -9999.0 -9999.0 -9999.0 -9999.0 -9999.0 -9999.0 -9999.0 26.8102688823 54.4470703153 108.424818903 54.7157658911 26.6898097708 52.3766461448 213.824022525 278.21510914 13.6506390673 -9999.0 27.2755371855 -9999.0 -9999.0 -9999.0 -9999.0 24.3507187161 12.2231614487 -9999.0 -9999.0 -9999.0 -9999.0 -9999.0 -9999.0 -9999.0 -9999.0 -9999.0 -9999.0 -9999.0 -9999.0 -9999.0 -9999.0 -9999.0 -9999.0 -9999.0 -9999.0 -9999.0 -9999.0 -9999.0 -9999.0 -9999.0 -9999.0 -9999.0 -9999.0 -9999.0 -9999.0 -9999.0
-9999.0 -9999.0 -9999.0 -9999.0 -9999.0 -9999.0 -9999.0 -9999.0 29.8626783654 84.8260419736 110.905422856 136.888411488 188.491937752 24.5035113172 100.718412187 124.52473415 440.615703716 20.9603026831 22.4523308369 51.0880066413 74.3744495454 24.3356030945 -9999.0 66.7611967915 54.7503992073 15.9083999501 -9999.0 -9999.0 -9999.0 -9999.0 -9999.0 -9999.0 -9999.0 -9999.0 -9999.0 -9999.0 -9999.0 -9999.0 -9999.0 -9999.0 -9999.0 -9999.0 -9999.0 -9999.0 -9999.0 -9999.0 -9999.0 -9999.0 -9999.0 -9999.0 -9999.0 -9999.0 -9999.0 -9999.0 -9999.0
-9999.0 -9999.0 -9999.0 -9999.0 -9999.0 -9999.0 28.7518404419 26.6837057302 26.4963017646 26.9685272031 27.5605628589 192.165836195 407.018843704 432.951511695 455.876422805 22.8601554054 485.629467867 508.320682908 46.0430152873 23.6141614953 97.2113772944 168.533727611 22.5735174388 134.67205155 25.0420279109 23.7221029677 25.7412853153 -9999.0 -9999.0 -9999.0 -9999.0 -9999.0 -9999.0 -9999.0 -9999.0 -9999.0 -9999.0 -9999.0 -9999.0 -9999.0 -9999.0 -9999.0 -9999.0 -9999.0 -9999.0 -9999.0 -9999.0 -9999.0 -9999.0 -9999.0 -9999.0 -9999.0 -9999.0 -9999.0 -9999.0
-9999.0 -9999.0 -9999.0 -9999.0 -9999.0 -9999.0 57.2401040411 84.5220389648 192.516791288 270.76994734 24.2770960554 24.7485485721 24.0713521993 71.4133113715 549.367914642 20.186617408 529.382668868 615.69159697 67.5319286642 44.1003174368 189.718949366 23.1544558913 157.353839379 45.7651918783 23.0116657551 45.9739203773 50.8700181481 25.5160440523 25.6980540762 25.0143123598 26.6099562071 53.2655205963 -9999.0 -9999.0 -9999.0 -9999.0 -9999.0 -9999.0 -9999.0 -9999.0 -9999.0 -9999.0 -9999.0 -9999.0 -9999.0 -9999.0 -9999.0 -9999.0 -9999.0 -9999.0 -9999.0 -9999.0 -9999.0 -9999.0 -9999.0
-9999.0 -9999.0 -9999.0 -9999.0 -9999.0 30.1076709827 58.9598928597 28.5811161783 56.1950343003 298.977700314 350.654759571 401.552793129 1269.29184528 23.8833777029 572.932808519 2025.53177407 2042.39903229 2688.28098246 19.1299229484 64.6719713646 211.011076741 21.023638179 413.970502014 234.593415841 143.966258883 120.678094993 24.8120063319 75.5417871935 74.8965853277 49.854644549 24.2450110005 78.263213052 23.9887130911 23.5571658012 -9999.0 -9999.0 -9999.0 -9999.0 -9999.0 -9999.0 -9999.0 -9999.0 -9999.0 -9999.0 -9999.0 -9999.0 -9999.0 -9999.0 -9999.0 -9999.0 -9999.0 -9999.0 -9999.0 -9999.0 -9999.0
-9999.0 -9999.0 -9999.0 -9999.0 -9999.0 30.058630523 88.0636787696 175.945639953 203.613857591 405.224765324 431.711684447 514.310487097 844.221174819 1339.11623282 1387.84448472 1410.9118666 42.648436898 2764.2911605 2802.07673763 2909.20849396 3619.77798097 478.934691419 436.821686824 166.440898592 22.0771850693 143.720065166 97.9643604582 21.447243728 97.3980462622 21.998394372 45.6476782976 124.354911637 147.441931992 46.2399813947 22.9039416438 22.1506604667 -9999.0 -9999.0 -9999.0 -9999.0 13.520074372 11.4582443639 -9999.0 -9999.0 -9999.0 -9999.0 -9999.0 -9999.0 -9999.0 -9999.0 -9999.0 -9999.0 -9999.0 -9999.0 -9999.0
-9999.0 -9999.0 -9999.0 -9999.0 -9999.0 29.2330951887 28.3825417904 117.716060004 145.809250137 174.684653527 27.9993440277 55.5115379603 311.023117564 56.2449294969 26.7939279153 24.9586601675 22.697589232 25.2571284027 23.4583450501 24.1840463121 3642.03013185 3704.80384449 20.7315087272 64.1877208495 43.9243048026 165.086479231 43.3574641309 20.7708321239 120.418753278 43.1396771676 103.960418434 258.883186442 239.230421617 68.9851339129 67.4119708266 22.9177601659 22.686746632 -9999.0 -9999.0 22.6258011675 31.4129783929 66.9961837899 12.2136632787 -9999.0 -9999.0 -9999.0 -9999.0 -9999.0 -9999.0 -9999.0 -9999.0 -9999.0 -9999.0 -9999.0 -9999.0
-9999.0 -9999.0 -9999.0 -9999.0 -9999.0 -9999.0 30.3578921711 30.6742159944 59.1319686864 87.8481869848 200.651395585 256.717515126 285.092880234 29.4540450151 24.0784042658 315.042583032 388.569588542 411.381412417 505.745229697 527.086304818 21.5274684086 3726.57284905 3832.64311356 84.7766329672 18.1008257334 184.343692989 407.524921497 160.977589847 40.1768188837 20.0545811208 403.249163353 279.836700353 20.5877996222 20.2651979467 88.3091912391 67.027998686 21.7907715796 20.823873509 22.0631864106 44.1822121468 21.2326300106 81.6059821951 102.495823372 19.5411097375 -9999.0 -9999.0 -9999.0 -9999.0 22.108841884 20.890888285 6.07350764109 -9999.0 -9999.0 -9999.0 -9999.0
-9999.0 -9999.0 -9999.0 -9999.0 -9999.0 -9999.0 -9999.0 30.1148689357 27.4747283148 56.8036322907 85.7981156406 28.2153813145 26.4694709794 163.2598677 215.069002059 267.982047297 25.418832902 48.5564819066 24.4994128945 549.565927625 1196.49825746 1210.06759981 5080.88549459 20.746163441 51.8685256301 16.1392252257 426.654696181 20.0032923428 60.5577207056 19.8548372224 423.472042256 443.687154766 41.282344764 40.4079528514 220.501743962 110.516735508 42.6537574629 21.8692655852 43.9729390988 65.7752488785 107.596363156 20.3760826144 141.073023534 159.465485693 16.9161306627 18.1231256945 18.6627250051 17.06476642 16.2286661629 60.8173727207 23.4536888822 15.3454791799 -9999.0 -9999.0 -9999.0
-9999.0 -9999.0 -9999.0 -9999.0 -9999.0 -9999.0 -9999.0 -9999.0 56.6164961149 82.5663901947 27.7696994065 56.4312762829 83.6849199936 138.444292985 27.4450249321 26.5172850137 23.2190802515 23.4336030466 21.2720288675 601.519456135 24.7512231948 48.2814662389 5144.15140734 5188.11551092 20.900008682 93.7682886407 538.69575538 38.701880622 78.1941426284 36.3086169719 53.5852334613 521.060361607 59.6069394312 317.458532867 259.276546038 19.5624626475 105.388312544 42.5640062961 64.0974176549 19.8888468741 127.421096408 166.568067393 183.115942005 198.837547442 224.081693334 32.6255047141 34.0303579194 31.3127704419 29.437261189 75.9025433389 15.2547925509 54.524725533 68.2791956155 -9999.0 -9999.0
-9999.0 -9999.0 -9999.0 -9999.0 -9999.0 -9999.0 -9999.0 -9999.0 29.4548144572 140.518198261 167.595717179 27.084326851 53.4080431402 26.2688739469 24.5594021056 24.1645834412 304.909147993 406.688062196 497.478920226 587.083724333 22.4446926117 24.0343178046 24.6607381299 5287.64882641 5332.68517862 5352.23140485 716.703410169 155.473640412 135.256256554 16.573115227 70.1494734986 608.560175436 17.2904928194 335.059513014 19.2521949578 135.967759171 126.469670675 20.3337848667 84.1568097088 39.7772097867 59.3541903395 18.4401174369 15.5305625494 214.364766531 228.750093591 238.428806572 49.2875449298 45.8566358635 43.4672744285 92.1740247252 123.117356517 15.4360677009 82.7015336099 15.2275184973 28.5843684894
-9999.0 -9999.0 -9999.0 -9999.0 -9999.0 -9999.0 -9999.0 -9999.0 -9999.0 29.7563202061 195.832477179 222.292278793 79.6988207009 132.521364666 182.582978917 208.253042587 26.4361338613 78.0500878 52.3351171785 26.9052911087 26.251751486 23.8780950327 47.8954375226 80.4128696245 27.1280920335 6116.29133218 6137.69554478 19.2675833193 15.1526094349 32.9824108252 49.2935629721 658.666947583 33.7015549711 350.296486698 207.803350229 171.628193566 19.2035160782 38.9723341922 102.336654532 18.1612045865 77.1209833483 36.2451580958 28.0120113167 13.9651083693 270.728932684 521.352446076 60.4023875817 57.2285938259 56.5978035525 13.1395352233 136.067524333 12.5647841224 110.624423088 13.31517174 42.0055677334
-9999.0 -9999.0 -9999.0 -9999.0 -9999.0 -9999.0 -9999.0 -9999.0 -9999.0 -9999.0 26.9338194206 276.420439689 26.0970492654 52.4069138658 77.0332381956 125.675406789 24.8575530143 51.3215603419 25.5651767584 23.8573343179 22.7575253762 45.0281232526 20.5256725564 23.0407451396 46.4410820585 25.807014265 6159.16388819 6198.35372732 6254.20393882 66.1715971719 16.5955141565 33.0894666554 676.264136603 642.903750625 244.437722371 18.0700537299 76.4974690535 57.5996120457 120.572207687 36.2712681751 149.590226699 54.2294624038 43.9815098157 12.4644837622 14.6979021421 537.636963405 551.622763467 681.344892619 98.0298280495 27.2588292746 150.222922148 176.584240583 299.376554197 26.5163550343 12.0358156945
-9999.0 -9999.0 -9999.0 -9999.0 -9999.0 -9999.0 -9999.0 -9999.0 -9999.0 -9999.0 -9999.0 14.6054365678 308.059175995 25.0681646261 49.1318581476 222.70907097 24.6069247142 24.2920113183 21.3953462261 46.2137168446 22.8687350651 90.5627188741 131.295913343 149.709557711 64.1713951346 81.6287968302 20.1519790318 24.0119316887 21.7852778017 6354.97597253 6403.26280295 691.58224797 674.1342559 658.645740544 32.2505161434 15.5436354871 93.3201572447 247.968356775 137.86167602 53.3273606212 220.180399613 99.4128373237 82.9006925155 24.4040762781 10.0916390952 9.74384293274 10.5971645965 733.20624521 873.101733785 13.3163470579 11.8940634447 12.8355991586 311.565968638 349.629742674 21.9178494786
-9999.0 -9999.0 -9999.0 -9999.0 -9999.0 -9999.0 -9999.0 -9999.0 -9999.0 -9999.0 -9999.0 13.2223898488 340.397375594 418.181204213 24.2195131051 270.640589018 22.6613341597 21.4566526089 43.2156049689 111.799882359 21.9930540937 23.2992436771 19.98581795 189.155030415 207.971468577 309.590574544 348.097995933 368.145430057 387.408420617 408.030574041 6831.19246773 7559.43286801 8267.61334886 8281.4780316 15.6490649251 15.4514788805 281.780659598 265.004198698 16.9527472728 16.9798317536 237.254229542 354.398583093 15.3965826925 190.055169888 175.641522776 51.0763880883 23.7901099775 38.8357249038 15.744173872 899.517028703 13.5042830358 37.6351298923 47.9847959984 433.719426859 464.593052135
-9999.0 -9999.0 -9999.0 -9999.0 -9999.0 -9999.0 -9999.0 -9999.0 -9999.0 -9999.0 -9999.0 27.7937393777 53.8870722548 443.635155568 488.748031292 22.8670575626 310.571154437 19.3046533021 60.0137105499 131.964172292 42.3024201725 20.1824962248 41.6902408094 17.1753745904 33.0841360855 16.1247425405 15.1570880307 13.4032530905 13.3056293365 13.3355939697 14.2264240898 18.3849992689 21.3674470675 21.9645647221 8334.46639624 338.57742039 310.4150252 13.3409428226 48.8653440411 12.6595012866 10.8782734165 370.469710036 611.393906812 208.389397641 153.370122461 29.6943730429 12.5420401038 11.3114282068 23.9115397837 936.802103146 961.947523991 13.1129805972 13.2505833176 13.0013084858 10.376063553
-9999.0 -9999.0 -9999.0 -9999.0 -9999.0 -9999.0 -9999.0 -9999.0 -9999.0 -9999.0 -9999.0 -9999.0 23.9581368379 326.452715484 839.195465559 912.486848672 1243.75141753 1260.61359785 291.238412098 215.35611233 62.892305437 19.8094166524 80.8065655439 99.63419513 149.348587665 33.3439205373 30.9041175343 29.5773492318 58.6154108476 28.6792697817 29.3262918498 14.0778603471 11.726490887 12.9195471996 8351.55857027 8699.09295028 8714.17972317 13.7035525893 133.658626564 56.3774038039 16.9232385094 666.541530317 39.1662092149 20.2209744825 84.4179314173 19.0597105395 15.4310515603 28.6346232282 39.6803959912 51.8873875316 983.289998272 10.1226845568 8.74044481904 8.75596982033 7.3223257463
-9999.0 -9999.0 -9999.0 -9999.0 -9999.0 -9999.0 -9999.0 -9999.0 -9999.0 -9999.0 -9999.0 26.1795951926 247.804957881 301.588714555 50.4377113827 15.392763857 34.6703446873 1316.62009545 1334.11878654 1641.74171964 17.7971396149 37.3583835017 16.1471598678 16.4648463029 165.58286888 215.095638265 260.64464906 14.2434380404 72.9693166037 115.642819988 70.7522593006 27.9538414041 23.9668192114 23.170557223 23.8697170904 13.0904916249 8727.16767781 8737.49111158 8894.43408782 28.8192155345 15.1394618041 677.693407536 39.8252674157 20.6467059602 22.388630849 22.2332820983 19.5829749073 36.0763590042 101.176916553 166.518115062 1160.15502878 7.59300173211 22.7800756149 15.4616282548 13.3513934668
-9999.0 -9999.0 -9999.0 -9999.0 -9999.0 -9999.0 -9999.0 -9999.0 -9999.0 -9999.0 -9999.0 26.7956534218 171.841117556 27.4960564251 24.4672554701 126.426015947 148.785389141 171.05029413 191.01983732 2235.50703398 2253.22510298 2288.45069817 2558.98143929 2610.0703905 2639.92026725 2656.83324579 2955.0610329 2994.85867696 3010.33587783 3143.05283228 3230.38467072 3244.31659979 3295.5326568 36.3710981308 35.2281674465 9.66493401659 10.4389671796 8750.11990361 8948.57197844 42.8317644673 777.135177937 763.811089464 75.792201785 18.1796941049 18.62271134 17.9936232853 17.8628220831 36.0266866095 51.7996541279 15.3168457262 1170.02919456 1180.54114845 1227.74085608 1236.30675584 1257.60816328
-9999.0 -9999.0 -9999.0 -9999.0 -9999.0 -9999.0 -9999.0 -9999.0 -9999.0 -9999.0 -9999.0 88.238359043 116.824648261 55.0100323702 81.5774516843 26.2907496818 292.663543346 316.049517372 362.458946853 382.594732753 152.611918665 2471.21898953 2488.65143388 17.3862174522 13.0608200302 12.2813363508 26.4154091228 13.1772367729 10.5982849807 9.56787455433 10.3744383838 3258.5520542 3310.30780681 3360.4786459 3407.51532289 3443.75546161 17.5303558386 5.70759696345 9760.35302901 801.340363093 791.182615974 15.3490227318 14.7516492586 13.6682345405 32.4923753359 31.9031310141 14.3604905088 14.4776004398 12.83507307 27.7179880334 36.6292061352 7.08314209678 12.7982871953 5.13619976838 3.72209190378
-9999.0 -9999.0 -9999.0 -9999.0 -9999.0 -9999.0 -9999.0 -9999.0 -9999.0 -9999.0 -9999.0 -9999.0 59.5364059444 28.1434875699 26.2200126551 245.726326218 270.06876066 24.2401027006 93.9183714174 116.068555964 136.081659013 21.6334626129 16.2434080861 380.441518641 394.115260431 407.331884858 1042.12558669 1053.00917339 1073.10756356 1167.96124804 1225.61809587 1234.32770499 8.70682389189 9.37609830762 9.18023946494 3458.94013162 7.37490105796 9890.98258247 9880.24870935 109.686406089 96.6060597798 58.5202127789 14.7244101051 27.0373170695 46.3304122231 45.8755465861 27.8853155523 13.7548924916 26.4381029963 25.1258356571 47.2466505538 6.65618739051 19.3230101004 32.4931572848 40.5412826721
-9999.0 -9999.0 -9999.0 -9999.0 -9999.0 -9999.0 -9999.0 -9999.0 -9999.0 -9999.0 -9999.0 -9999.0 30.4169720436 85.9224965353 112.848081758 193.830033893 24.1235772939 48.9620059257 72.2062526569 276.06189604 295.985445114 312.554056865 330.310705985 349.665966812 536.796566552 592.422956253 623.80957462 13.5087872357 73.2136818607 86.3507691451 1198.29504907 1245.91092339 1268.23180678 1290.92515265 1310.75234041 4777.57728208 6.06590580725 9926.51667178 21.4879040438 9.85502704761 82.1462609343 70.0948648443 10.1863926115 38.3277577406 57.6038264921 57.0601175468 38.3054663692 62.6401431859 98.4746263501 35.0781348709 91.5147771452 7.34173162074 11.6280983697 3.13605027451 2.43291875302
