data/baseflow/mHMbf_acc581.asc
ncols                  80
nrows                 72
xllcorner      4374000.0
yllcorner      5656000.0
cellsize            500
NODATA_value       -9999
[rows 0 to 24 of 72, columns 0 to 54 of 80]
-9999.0 -9999.0 -9999.0 -9999.0 -9999.0 -9999.0 -9999.0 -9999.0 -9999.0 -9999.0 -9999.0 -9999.0 20.5451732762 21.4151665464 -9999.0 -9999.0 -9999.0 -9999.0 -9999.0 -9999.0 -9999.0 -9999.0 -9999.0 -9999.0 -9999.0 -9999.0 -9999.0 -9999.0 -9999.0 -9999.0 -9999.0 -9999.0 -9999.0 -9999.0 -9999.0 -9999.0 -9999.0 -9999.0 -9999.0 -9999.0 -9999.0 -9999.0 -9999.0 -9999.0 -9999.0 -9999.0 -9999.0 -9999.0 -9999.0 -9999.0 -9999.0 -9999.0 -9999.0 -9999.0 -9999.0
-9999.0 -9999.0 -9999.0 -9999.0 -9999.0 -9999.0 -9999.0 -9999.0 -9999.0 -9999.0 -9999.0 -9999.0 37.8928176129 98.4375515509 19.1016490123 -9999.0 16.3946699598 -9999.0 -9999.0 -9999.0 -9999.0 -9999.0 -9999.0 -9999.0 -9999.0 -9999.0 -9999.0 -9999.0 -9999.0 -9999.0 -9999.0 -9999.0 -9999.0 -9999.0 -9999.0 -9999.0 -9999.0 -9999.0 -9999.0 -9999.0 -9999.0 -9999.0 -9999.0 -9999.0 -9999.0 -9999.0 -9999.0 -9999.0 -9999.0 -9999.0 -9999.0 -9999.0 -9999.0 -9999.0 -9999.0
-9999.0 -9999.0 -9999.0 -9999.0 -9999.0 -9999.0 -9999.0 -9999.0 -9999.0 -9999.0 16.6127322876 16.011338294 16.7160082068 16.3116953768 129.35738816 147.654462386 45.4686428229 14.411861255 -9999.0 -9999.0 -9999.0 -9999.0 -9999.0 -9999.0 -9999.0 -9999.0 -9999.0 -9999.0 -9999.0 -9999.0 -9999.0 -9999.0 -9999.0 -9999.0 -9999.0 -9999.0 -9999.0 -9999.0 -9999.0 -9999.0 -9999.0 -9999.0 -9999.0 -9999.0 -9999.0 -9999.0 -9999.0 -9999.0 -9999.0 -9999.0 -9999.0 -9999.0 -9999.0 -9999.0 -9999.0
-9999.0 -9999.0 -9999.0 -9999.0 -9999.0 -9999.0 -9999.0 -9999.0 -9999.0 15.9934210927 32.7304232659 64.853485347 32.3476405942 15.7660492595 30.8815174255 162.560864115 242.149424947 16.5363656391 -9999.0 16.2199131828 -9999.0 -9999.0 -9999.0 -9999.0 31.0398095223 15.7708487829 -9999.0 -9999.0 -9999.0 -9999.0 -9999.0 -9999.0 -9999.0 -9999.0 -9999.0 -9999.0 -9999.0 -9999.0 -9999.0 -9999.0 -9999.0 -9999.0 -9999.0 -9999.0 -9999.0 -9999.0 -9999.0 -9999.0 -9999.0 -9999.0 -9999.0 -9999.0 -9999.0 -9999.0 -9999.0
-9999.0 -9999.0 -9999.0 -9999.0 -9999.0 -9999.0 -9999.0 -9999.0 17.3881962935 49.9125270785 65.2492704631 80.8363360138 112.247114273 14.6927411797 59.1556910074 73.5014276927 349.780836306 16.5809127669 14.460617446 30.545363476 44.5235564082 14.4865248138 -9999.0 81.213978577 66.3098355663 18.3668952758 -9999.0 -9999.0 -9999.0 -9999.0 -9999.0 -9999.0 -9999.0 -9999.0 -9999.0 -9999.0 -9999.0 -9999.0 -9999.0 -9999.0 -9999.0 -9999.0 -9999.0 -9999.0 -9999.0 -9999.0 -9999.0 -9999.0 -9999.0 -9999.0 -9999.0 -9999.0 -9999.0 -9999.0 -9999.0
-9999.0 -9999.0 -9999.0 -9999.0 -9999.0 -9999.0 17.1759997237 16.0897277699 15.8236763353 16.0004784659 16.0532311744 113.244727168 241.03770006 256.416414417 267.789319579 9.98191643197 374.561202474 388.216103221 27.8724810857 14.0758018956 58.2454617092 100.697072821 15.6899125621 130.921473404 16.0109991892 17.1843681499 16.4173704131 -9999.0 -9999.0 -9999.0 -9999.0 -9999.0 -9999.0 -9999.0 -9999.0 -9999.0 -9999.0 -9999.0 -9999.0 -9999.0 -9999.0 -9999.0 -9999.0 -9999.0 -9999.0 -9999.0 -9999.0 -9999.0 -9999.0 -9999.0 -9999.0 -9999.0 -9999.0 -9999.0 -9999.0
-9999.0 -9999.0 -9999.0 -9999.0 -9999.0 -9999.0 34.4023257369 51.0981225186 116.50098004 163.551811661 14.7179899279 15.1988524073 14.5318434653 41.4884970965 322.332202212 11.3473681068 400.259439603 449.218134687 39.2877333047 26.8502336912 113.661543064 13.8292900331 144.703103716 28.8256044969 14.8977620998 31.8080290877 32.4245398384 15.6936863241 15.7431567183 15.4720991638 16.1506250063 32.3815636185 -9999.0 -9999.0 -9999.0 -9999.0 -9999.0 -9999.0 -9999.0 -9999.0 -9999.0 -9999.0 -9999.0 -9999.0 -9999.0 -9999.0 -9999.0 -9999.0 -9999.0 -9999.0 -9999.0 -9999.0 -9999.0 -9999.0 -9999.0
-9999.0 -9999.0 -9999.0 -9999.0 -9999.0 18.1722916471 35.5498918617 17.2707580373 33.9100162111 180.275084117 210.972524315 241.57714204 761.625341301 12.9209171507 336.376209409 1201.37033205 1210.09510076 1674.04881459 9.35286786331 39.2521439169 126.725064106 12.9803788771 307.777197598 149.628413955 93.6083084351 79.0181160053 15.8391152772 46.8971434937 46.102724231 30.7560027669 15.0621031286 47.8557343876 15.0336093301 14.8996366635 -9999.0 -9999.0 -9999.0 -9999.0 -9999.0 -9999.0 -9999.0 -9999.0 -9999.0 -9999.0 -9999.0 -9999.0 -9999.0 -9999.0 -9999.0 -9999.0 -9999.0 -9999.0 -9999.0 -9999.0 -9999.0
-9999.0 -9999.0 -9999.0 -9999.0 -9999.0 18.2544821658 53.5758952855 106.678711025 123.516161922 245.762459954 261.720717643 311.130324065 506.709915415 799.526684444 828.069827178 840.877963067 23.5816921927 1715.06521745 1735.25202077 1799.44353841 2285.02159147 346.86800834 321.487382763 107.224127755 13.4986740812 90.6595316062 61.551564784 14.2532274137 59.8899236251 12.1451549736 26.6792164836 75.5730103735 89.8687212576 29.0915837336 14.5957129385 14.3763891775 -9999.0 -9999.0 -9999.0 -9999.0 15.9034547234 14.0394676082 -9999.0 -9999.0 -9999.0 -9999.0 -9999.0 -9999.0 -9999.0 -9999.0 -9999.0 -9999.0 -9999.0 -9999.0 -9999.0
-9999.0 -9999.0 -9999.0 -9999.0 -9999.0 17.8698927696 17.4010717117 71.3133201021 88.3040417009 105.720048097 16.7066263323 33.1876026363 185.083823979 30.5246746385 15.6103700923 14.5754247405 13.0992488191 13.3301233982 12.8146621359 14.155159813 2297.23311891 2336.20421963 12.8915962764 39.6848083028 26.9179235411 104.072421116 28.4882535269 14.0095529787 74.0822536456 24.5086851814 59.7784695296 159.326691682 147.528475774 43.5547265998 43.7846556431 14.5597911403 14.6613508815 -9999.0 -9999.0 14.7618989498 33.9899439988 77.4584164198 14.8903411811 -9999.0 -9999.0 -9999.0 -9999.0 -9999.0 -9999.0 -9999.0 -9999.0 -9999.0 -9999.0 -9999.0 -9999.0
-9999.0 -9999.0 -9999.0 -9999.0 -9999.0 -9999.0 18.4487141108 18.3202652777 35.7594267187 53.2900753045 120.510465964 154.450168014 169.748613043 14.8984550563 14.1042536062 187.931102529 231.048782938 244.75921081 301.43391478 314.770916134 13.2882654967 2349.51958444 2412.18229822 49.5718797175 5.90280103595 114.849371708 258.132028012 101.581559086 25.943072591 12.8157067968 244.349443513 172.421107803 13.3091807206 13.0144184206 57.1157970411 42.7443333486 14.4165371814 14.3928753812 14.3838331203 28.8982976113 14.0240629433 94.2504351034 108.853159925 14.3153324831 -9999.0 -9999.0 -9999.0 -9999.0 16.0123551554 15.4796543491 4.02468245565 -9999.0 -9999.0 -9999.0 -9999.0
-9999.0 -9999.0 -9999.0 -9999.0 -9999.0 -9999.0 -9999.0 18.1845084377 15.6219404009 33.3208894691 50.7108618051 17.1063232131 14.4285078172 96.8423406206 128.071587779 159.67389922 14.7992871166 29.1032492663 14.2900569892 328.250676275 747.122372506 762.434739074 3203.4278526 12.7640635326 18.4796618309 5.77210024737 270.972838408 12.80824332 38.9013868684 12.7747502556 257.523893074 270.495617702 26.5015927733 25.9690373183 141.621021072 70.8740287218 28.3289426668 14.1182583322 28.7730491884 43.0954590375 71.2607595207 14.3631762222 137.834715981 152.249732929 13.8320655998 14.356678547 14.763266207 14.1633847169 13.7819800901 45.7493089357 17.2928571854 11.4601720538 -9999.0 -9999.0 -9999.0
-9999.0 -9999.0 -9999.0 -9999.0 -9999.0 -9999.0 -9999.0 -9999.0 33.6742312653 48.4615863814 17.0993443272 34.5339259612 50.9019301164 82.2541479312 16.3064811704 15.9763867323 14.2331681749 14.4322057664 13.4550068605 391.46349034 14.4903487764 28.4853903931 3250.19090953 3289.24220302 17.8806096 53.492668377 337.542523894 25.070229897 50.9767416377 25.0125812927 36.8611123578 321.419752847 38.7358864538 204.681426157 166.333105398 11.8964480173 68.5978843902 27.4161231374 42.0489602074 13.2361066308 85.1221069319 113.542978993 126.998654336 140.107458418 205.910865782 26.9596383647 27.8010299012 26.773866585 25.9727421198 58.6859507161 12.8346149258 41.7628400702 53.7032338138 -9999.0 -9999.0
-9999.0 -9999.0 -9999.0 -9999.0 -9999.0 -9999.0 -9999.0 -9999.0 17.9823395989 83.983574146 100.791752131 16.8451710595 33.021851885 16.1713792737 15.2705449713 15.0194537819 185.871434907 248.818747217 311.650679777 375.219000194 16.3727519376 14.2105695215 16.6000531324 3365.20575193 3410.23119958 3429.99681321 457.941945797 102.616005255 89.0200953584 12.4113142146 49.0899590129 382.849068356 12.4822541002 217.198468636 12.394332157 87.2503442494 82.063072181 13.1498372561 55.2187618195 26.3615139153 39.4673047971 13.7901755672 12.8593171765 153.134891082 165.764709414 218.506803314 40.7931636957 39.4833093314 38.5388744463 71.8027919914 97.5103465199 12.7924785356 65.4216086725 11.7382551546 22.8487589994
-9999.0 -9999.0 -9999.0 -9999.0 -9999.0 -9999.0 -9999.0 -9999.0 -9999.0 18.0300329838 118.050652403 134.73048265 49.3295687342 81.6106486482 112.098667943 127.327573655 15.3601324591 48.6042117504 31.9657379095 15.6887202276 15.4967500895 14.7519939117 29.5785714226 51.2498820306 21.9392992408 3930.66954739 3949.51497589 17.4471559205 12.9071873695 24.1383483517 35.8954625924 418.89378801 24.1632041291 229.039975859 134.64982514 110.481109509 12.7187653447 25.6899343316 67.6896348317 12.3995637419 51.8110219477 26.2615116231 21.027783136 7.14318564245 192.523825014 422.678991512 51.9192083659 50.6842061925 50.3455587244 11.7187140515 109.154146968 11.503648968 89.0574534575 10.9325949924 33.8351592217
-9999.0 -9999.0 -9999.0 -9999.0 -9999.0 -9999.0 -9999.0 -9999.0 -9999.0 -9999.0 16.575757709 167.408587282 16.0224087628 31.4915417489 46.3606769971 77.1950359391 16.3020314783 33.1743677001 16.452588508 15.8652156017 15.0697172214 29.9505207006 14.1797598938 16.1631984671 35.2453593495 20.7087071081 3970.16953298 4007.07427299 4056.86858532 49.2546857085 11.8175554034 23.5408547345 430.77228663 423.75707007 159.09107845 12.1723718754 50.7594500371 38.2024192101 80.1935649103 24.8605337203 102.880970409 38.6092561443 31.9033208629 3.90893445002 7.56522447468 435.127486732 447.314734382 561.411298252 85.7633835279 23.6769376547 121.40346522 144.814963111 244.973808038 21.8268982546 10.328415587
-9999.0 -9999.0 -9999.0 -9999.0 -9999.0 -9999.0 -9999.0 -9999.0 -9999.0 -9999.0 -9999.0 7.34787688173 182.864832747 15.0031360463 29.7409350936 138.162535712 16.2837389355 16.2380756526 14.2370648279 30.1467688583 14.1361659703 58.1336134189 85.9179811799 99.4289517244 49.1612772934 65.9103290827 18.7919420107 19.3829559059 19.1179215481 4137.09290945 4174.52539634 442.019700237 446.440628433 435.1487485 24.1463143571 11.8490063003 62.5081143782 166.461149039 92.2327030685 36.876372578 151.69443962 56.7084271591 45.1772489621 7.46853962848 3.63000897667 4.21603328544 5.73372000857 587.669388812 707.243794266 11.169356542 10.8717228584 10.7927013653 255.283240326 286.901082667 18.9514567828
-9999.0 -9999.0 -9999.0 -9999.0 -9999.0 -9999.0 -9999.0 -9999.0 -9999.0 -9999.0 -9999.0 7.53705781304 201.637066073 250.080151037 14.9114280648 168.323415728 15.3681901649 14.7670391079 28.1584291368 72.4031294395 13.900499936 14.4075907757 13.5582450242 126.929440758 140.106174755 219.192090159 250.516706844 264.368772027 281.278978786 297.237262872 4490.05110016 4959.25714113 5433.72821503 5449.51647058 13.1356226673 11.4714756926 189.977397927 178.323149525 11.8315515655 11.0835788724 161.856276608 230.365045281 10.010588668 91.1672371886 84.5316443353 17.4532126934 10.2606876153 16.3399513762 11.7570254769 730.339283919 11.7096673938 32.2459225133 42.4097873371 353.470479809 375.72874474
-9999.0 -9999.0 -9999.0 -9999.0 -9999.0 -9999.0 -9999.0 -9999.0 -9999.0 -9999.0 -9999.0 17.2151040464 33.2851081755 265.893903169 294.808213377 14.5369208423 201.844896122 14.1316030449 42.3201358717 85.8199791013 27.2340005639 13.3003705124 27.2065806434 13.1645232362 24.9623715714 11.7804895591 10.3122007035 7.1306298952 5.77881056888 5.45424480753 5.71230569758 8.81456639815 12.6303792215 17.3859374562 5496.58218373 247.168815119 220.191221507 14.1947340615 34.3909018124 8.45958358797 6.64600517526 241.692146263 366.461759446 103.232817794 77.2152416474 9.24335735265 4.36163770787 4.0589952245 13.8599095832 755.814214683 779.211279833 11.9381735179 11.8616387341 8.30433553739 3.79332889518
-9999.0 -9999.0 -9999.0 -9999.0 -9999.0 -9999.0 -9999.0 -9999.0 -9999.0 -9999.0 -9999.0 -9999.0 15.5248393651 203.197723536 513.047258587 557.471651158 774.205167613 791.999290281 199.558555988 140.031196639 40.7629964844 13.184632976 53.2188325854 65.892012799 102.747382052 23.9143864677 21.9920709299 18.9325516464 36.3050255402 16.9268658647 16.4992954739 7.54247049719 3.34736448197 5.32259634194 5510.98100276 5766.46402885 5783.72003548 15.4504547021 102.536300447 38.4966039861 11.8721860148 402.581996655 25.0622018912 12.824483424 50.3630525639 9.44830010291 9.63506217441 19.0802158598 29.2309159754 40.3214639126 800.671102968 10.5476408931 9.7679718127 9.76564255866 7.36125007082
-9999.0 -9999.0 -9999.0 -9999.0 -9999.0 -9999.0 -9999.0 -9999.0 -9999.0 -9999.0 -9999.0 16.5970654816 154.483418503 187.584863594 30.6797497449 8.06052807127 19.3647198696 825.111306914 840.750920305 1056.95282549 12.3777358364 25.4750181425 11.733505472 11.908762723 114.451724639 150.055514569 182.761705268 11.0939023064 47.4172833248 75.2735304628 45.5166772294 18.3395779455 11.4872281556 9.32792542467 11.2675019288 7.66404760826 5799.16608807 5814.00250264 5944.07669056 22.0301190535 11.2069682042 415.832183998 26.050902356 13.3142753547 13.958151546 13.8199083958 13.1212838722 22.8699467035 70.4900290517 122.352953169 933.457894134 9.1796701121 27.4434512732 18.4019966373 15.4568329268
-9999.0 -9999.0 -9999.0 -9999.0 -9999.0 -9999.0 -9999.0 -9999.0 -9999.0 -9999.0 -9999.0 16.9177520426 106.019697201 16.8662658496 15.2063275603 76.9631001698 90.6371706458 104.854853175 118.121896778 1424.69071012 1434.55876624 1456.9724613 1627.99300598 1661.34768827 1679.48323853 1691.55379554 1892.87907551 1916.6026825 1927.34933376 2013.40824738 2070.61585779 2081.5248057 2110.25490032 19.8146110024 16.634127921 3.46883609341 5.95022773024 5827.27952066 5993.18236188 34.3894436771 491.429754493 479.967691414 51.1579199293 12.6560146439 12.8652606385 12.4952866757 12.1442672178 24.4440994971 36.1095343051 11.8617707111 943.841246952 954.53318123 1010.26393579 1019.96173771 1044.65050039
-9999.0 -9999.0 -9999.0 -9999.0 -9999.0 -9999.0 -9999.0 -9999.0 -9999.0 -9999.0 -9999.0 54.2182312006 71.7181739329 33.6733649478 49.7590758118 15.8775317306 182.818789808 197.88946277 227.334494453 236.832347706 95.3680430262 1569.16962787 1579.25592584 9.28099285257 6.20490977095 4.5364848307 11.2232849029 5.02905292609 3.27561610612 2.98014289095 4.14965899826 2088.24268436 2118.24721592 2149.47086182 2176.72338598 2197.91519258 9.60223236543 5.12091145066 6521.67748426 514.371460288 503.102668975 11.2610597043 11.4838118478 11.4536143382 24.4811333573 24.1813657874 10.9204681128 10.8996923092 10.6840039278 22.4349777758 32.0089295975 8.89738324908 16.4909433106 6.24891840781 2.34646419297
-9999.0 -9999.0 -9999.0 -9999.0 -9999.0 -9999.0 -9999.0 -9999.0 -9999.0 -9999.0 -9999.0 -9999.0 36.4987552065 17.2294726662 16.2332686471 152.643785427 168.363077843 15.252643901 60.4493026747 73.8148348116 84.8577343231 11.9673222451 10.656300969 237.95721989 247.182073482 255.332736623 680.322333155 685.391500684 692.086839027 740.234797367 761.094714076 764.03466392 2.70427690173 2.84217843616 3.91948986636 2217.81061135 8.0426624504 6630.83328941 6614.59331227 81.5836101983 69.9197146458 44.7570680392 11.3587327833 22.7150105655 35.9701154324 35.7566928509 21.7945548595 10.5692628744 21.1390207412 21.2023898185 41.790620854 5.49169238988 22.0082889154 37.0272827915 41.9517296946
-9999.0 -9999.0 -9999.0 -9999.0 -9999.0 -9999.0 -9999.0 -9999.0 -9999.0 -9999.0 -9999.0 -9999.0 18.6660679597 52.41804099 69.3099107347 120.198778763 15.872239625 31.8606655923 46.6303426147 175.732547642 186.077466026 191.292031437 202.498582793 216.511072855 361.313862067 401.223812905 418.419948785 4.91776733214 40.634419031 44.9545386581 751.025384652 768.011406476 774.664925307 781.306581667 788.917725698 3017.06726582 13.6970490352 6667.88183068 11.3164960504 4.11875855443 58.9988015133 53.047426342 6.82955579847 32.3213457664 45.9071821967 45.7022727994 31.3892690285 51.4531586622 81.6706903 30.7027707661 81.6146498393 6.27017379934 7.97134569812 2.21353581988 1.92480490915
