data/baseflow/mHMbf_acc324.asc
ncols                  80
nrows                 72
xllcorner      4374000.0
yllcorner      5656000.0
cellsize            500
NODATA_value       -9999
[rows 25 to 49 of 72, columns 0 to 54 of 80]
-9999.0 -9999.0 -9999.0 -9999.0 -9999.0 -9999.0 -9999.0 -9999.0 -9999.0 -9999.0 -9999.0 -9999.0 36.0797770744 71.1979550378 33.1197936743 67.794929343 31.4455436525 230.728798529 292.148074353 323.818271493 28.924214816 55.9124780341 525.986612309 660.616871589 687.854758548 61.4372920576 60.0870450016 88.9026851044 25.9429023943 25.2994757238 48.9573992631 21.0588093024 839.492284823 857.409483224 881.673240102 6937.49374303 13876.649686 13723.6142079 47.4183297754 19.2916723107 17.8004212095 57.572763942 38.9167216611 80.8368405195 106.737804883 213.455685118 19.7116364959 19.7887365449 178.982383484 198.590198572 397.686119852 416.728566807 461.926225857 486.76015313 22.1869754787
-9999.0 -9999.0 -9999.0 -9999.0 -9999.0 -9999.0 -9999.0 -9999.0 -9999.0 -9999.0 -9999.0 -9999.0 -9999.0 35.0435359162 69.0924438642 102.723936411 167.192361036 33.1514829477 31.3256771724 205.10978614 233.856145653 472.095651066 501.212424688 82.7661918293 29.5072592654 29.9381857534 29.8644683836 698.710366432 725.115423594 751.571648031 776.163974315 820.604504534 185.639349952 207.274176716 1110.37168906 21931.488503 135.829188795 120.241077002 66.2933809831 15.6107383229 15.07967579 93.8193525166 108.782597225 114.607420434 16.6125259862 231.372427913 36.9802508017 36.7240387329 14.9304208556 11.6779293499 11.0537996021 8.99854310822 11.537243697 501.552935429 7833.62552132
-9999.0 -9999.0 -9999.0 -9999.0 -9999.0 -9999.0 -9999.0 -9999.0 -9999.0 -9999.0 -9999.0 -9999.0 -9999.0 -9999.0 34.0845999593 62.1895206032 87.2716808855 112.618871296 143.351853326 174.779808205 92.6493170431 153.144355345 28.8771307022 28.5048574642 557.884691583 614.60690104 641.006462612 670.347259891 27.7093720739 53.8090775569 126.977780767 150.421836828 169.245625109 21.6185168248 19.2869864392 21977.6939549 16.2432867954 28.6560051747 13.3855764037 56.9324315002 28.0515715722 13.6449349862 238.837327857 249.877443862 10.5273338184 242.247245844 291.235200518 50.4703496211 8307.35177436 8281.72334402 8257.72630929 8212.42992723 8195.98644362 7887.09117111 7877.6518915
-9999.0 -9999.0 -9999.0 -9999.0 -9999.0 -9999.0 -9999.0 -9999.0 -9999.0 -9999.0 -9999.0 -9999.0 -9999.0 -9999.0 5.66982802917 13.4393846206 24.7415119673 209.562233413 240.895079362 31.2793814559 31.6175840933 30.350735103 442.68702268 501.282970232 28.9144785577 30.0514279282 26.0112506587 103.636433192 128.970007487 80.8791414618 101.082675026 588.466799461 609.640912935 648.362061161 1053.83853858 23039.2536333 15.1001329058 11.7165903678 81.9868659701 69.3809908872 11.7406304772 37.4376067445 48.3395953034 262.609504979 273.420239151 595.108533693 301.086743139 59.6337850414 8520.86846269 106.990916509 8235.25898368 8224.32027096 291.53762291 12.4516263227 37.7156743809
-9999.0 -9999.0 -9999.0 -9999.0 -9999.0 -9999.0 -9999.0 -9999.0 -9999.0 -9999.0 -9999.0 -9999.0 -9999.0 -9999.0 29.8793290091 48.3033351314 103.51100169 180.035219246 263.477339606 322.524824475 353.212773541 384.458123543 414.745762876 29.190855738 27.8724268837 55.0320938339 52.2765214032 26.3832754733 505.734437614 530.562725345 553.995213311 576.826148062 343.660187575 366.905509475 387.784046317 23045.6640057 24.3017088366 27.9083734479 116.888271101 11.2742529065 19.769836438 9.8285923624 9.98102111856 57.4644987898 8.80765075115 9.65568097307 9165.89179145 8563.89798726 8554.52676358 37.0342468719 96.407979612 65.0129059604 18.2585509707 270.434770249 86.9561945674
-9999.0 -9999.0 -9999.0 -9999.0 -9999.0 -9999.0 -9999.0 -9999.0 -9999.0 -9999.0 -9999.0 -9999.0 -9999.0 -9999.0 21.0610054851 18.9161267772 36.4436027367 56.7528105715 30.4712637371 33.2386976822 64.6865433834 95.9274388851 156.023026684 186.112221728 214.759341621 298.844019655 325.250735316 352.659490446 25.1805571734 256.027145962 279.26921612 301.92564257 20.9755384988 14.8067229426 25.0836813235 23454.2529363 23460.3222943 23498.0924114 145.387852362 21.3009517124 33.7129833905 9.47829159406 17.5086428978 65.106584541 80.9830957679 17.3822639778 9208.26198805 13.2928338198 20.6882982726 22.8079843057 17.4332187408 33.8380795126 14.7453211565 162.306864491 132.836539875
-9999.0 -9999.0 -9999.0 -9999.0 -9999.0 -9999.0 -9999.0 -9999.0 -9999.0 -9999.0 -9999.0 -9999.0 -9999.0 -9999.0 -9999.0 17.5401023705 35.0228067982 18.2319824854 37.804622767 240.734490665 269.13212168 300.632374604 29.9421487292 30.0445132398 58.9314972297 87.1801563661 140.054646605 166.086101889 181.398033591 205.98726881 22.053127283 21.4603823954 347.02705809 360.14769798 368.929991604 376.90406992 310.223277297 23841.4656538 24040.3956607 24047.7660835 24088.3012848 24128.8030509 24155.6639958 8.6448794085 88.1783645446 9216.77122666 24.2828452944 12.4956108281 10.9883181549 9.27425269815 16.5454908978 18.2542883949 10.7017748993 14.2651670892 15.0377525753
-9999.0 -9999.0 -9999.0 -9999.0 -9999.0 -9999.0 -9999.0 -9999.0 -9999.0 -9999.0 -9999.0 -9999.0 -9999.0 -9999.0 -9999.0 -9999.0 52.1811078683 72.7260452008 131.869333934 180.49725191 26.8479122789 360.204756732 390.065655475 420.413123827 29.8268418123 58.6021181158 27.0175507247 197.183931581 211.739741057 234.485483555 257.696940612 317.519526459 327.623186121 6.36607936398 280.138145268 295.805424503 302.780988892 336.941230384 47.1108403093 31.3251743109 21.3672134402 20.5741500561 24182.9896248 24196.7663148 24347.034001 9225.19659941 60.4979220378 28.4178769677 18.6575561892 5.91088441225 54.2818059529 29.734730746 9.66045218522 53.2978141102 45.1314804522
-9999.0 -9999.0 -9999.0 -9999.0 -9999.0 -9999.0 -9999.0 -9999.0 -9999.0 -9999.0 -9999.0 -9999.0 -9999.0 -9999.0 -9999.0 -9999.0 20.013538491 92.4453977523 113.233645114 29.1853144252 31.9501892792 63.2715781565 93.3883737074 543.796231609 29.3291793483 117.843518493 145.274512065 172.593356188 15.2125816765 36.7239065671 51.4048824127 223.467686778 252.749049943 258.743296957 7.43499874784 8.21023583965 10.6686993852 19.5463030528 8.83495168638 9.55312910794 20.3425790958 15.5213008219 20.2371797342 52.7909144307 24362.1637895 33625.6650986 74.0141064749 10.2425484566 5.49073408542 173.653503191 160.42284669 96.7459132932 87.3647590014 66.1377043687 14.3478198704
-9999.0 -9999.0 -9999.0 -9999.0 -9999.0 -9999.0 -9999.0 -9999.0 -9999.0 -9999.0 -9999.0 -9999.0 -9999.0 -9999.0 -9999.0 15.7184704233 54.4242291073 18.5006504553 31.7926081599 32.8252662933 64.9846410926 95.6415118125 122.791206071 687.866213548 717.026165906 30.0035230652 57.7485252014 85.496685096 105.190623606 128.247176129 200.556953245 215.720789949 20.9429914816 15.0853282701 13.9894838655 22.6443014752 20.0071168691 18.741683616 15.9522392138 18.5077898931 68.6206626924 31.9369875722 12.5917122173 12.0251476212 13.6917051724 26.0722982331 34148.9861917 440.256437267 198.179767378 11.4057799445 4.67392582454 4.82263959505 21.3634999322 15.9015904843 8.75308155432
-9999.0 -9999.0 -9999.0 -9999.0 -9999.0 -9999.0 -9999.0 -9999.0 -9999.0 -9999.0 -9999.0 -9999.0 -9999.0 -9999.0 16.751453126 31.9529490297 120.60934696 18.216639299 59.3691796713 91.9271653273 123.484037899 31.546135943 61.6733558856 87.2221241973 824.736875348 28.7962231212 55.4560238422 81.760843175 24.1331908098 48.1152793888 68.6746132665 84.2098470719 1799.4502325 1831.85528055 1862.00717711 2010.3400018 2072.1940001 2192.11046302 30.0088869634 67.0369909235 86.8201699082 2564.69444267 2590.26703046 11.2562540429 21.784492363 31.7350194281 34158.4843203 420.195380684 208.552370531 203.350282954 149.66373439 128.001186454 28.2348669832 6.16843516164 13.9832191585
-9999.0 -9999.0 -9999.0 -9999.0 -9999.0 -9999.0 -9999.0 -9999.0 -9999.0 -9999.0 -9999.0 -9999.0 -9999.0 -9999.0 17.3190489889 51.6723650997 188.997479134 277.113831699 16.6478900933 370.757889934 514.668613432 30.6281320798 60.4905740544 87.4498523095 1077.33458906 1100.09828314 28.1731116711 138.677087438 164.773647003 186.091919885 1587.87832594 1658.2832226 1696.56276852 18.0976128053 104.939212879 124.291651243 58.8795302059 84.9729659786 2313.59305804 2419.93538559 2441.84129873 2463.01375999 2618.67161416 13.933451344 12.1588077186 53.1951866869 34167.1859201 8.25599366133 16.4398068764 49.3236243252 17.7304803972 119.163969926 87.2090865742 51.1503173074 38.5438945213
-9999.0 -9999.0 -9999.0 -9999.0 -9999.0 -9999.0 -9999.0 -9999.0 -9999.0 -9999.0 -9999.0 -9999.0 -9999.0 -9999.0 -9999.0 -9999.0 35.6843791183 71.9417932943 330.673784699 350.435602275 532.000224531 552.632301204 31.2386878072 62.2717545506 147.775848533 1120.81710617 1177.60012143 1204.05703196 24.2245507355 1305.5822393 1381.35363185 47.8726266839 18.2577106959 36.4302361291 71.0571919894 16.8920746107 34.7353975566 80.4384564494 101.194528179 18.6174750403 13.7811177442 27.991595646 2713.97756671 2745.10001363 2755.41865172 2833.69511599 34175.0207754 4.75395377753 13.1887704841 15.1331598621 14.9464841203 15.1905164969 13.8895456281 26.4092853715 3.97478816222
-9999.0 -9999.0 -9999.0 -9999.0 -9999.0 -9999.0 -9999.0 -9999.0 -9999.0 -9999.0 -9999.0 -9999.0 -9999.0 -9999.0 -9999.0 -9999.0 18.6563010448 18.332943163 18.7629806266 40.6960204294 18.4767933906 588.938581594 608.254740765 28.5582341393 58.3552558201 32.4750765541 29.372898821 29.0006918168 1259.97340636 26.8964004359 53.7256304203 23.5901213379 19.308374712 17.7783728006 14.7647336836 15.190045708 45.3550353946 61.3882328746 12.5584734645 11.4200513768 24.0177043134 38.7541283656 49.6655981108 13.6532671093 2769.32789141 2843.99142594 34179.273799 43.4761777972 34.7111321389 9.9638090871 23.2140908708 8.43693954696 6.76920401604 33.7264376771 22.222696777
-9999.0 -9999.0 -9999.0 -9999.0 -9999.0 -9999.0 -9999.0 -9999.0 -9999.0 -9999.0 -9999.0 -9999.0 -9999.0 -9999.0 -9999.0 -9999.0 -9999.0 -9999.0 18.1001467186 57.7258713441 73.7324922413 91.413474272 625.479384624 642.525392912 660.955829038 685.409429026 713.79528785 772.691447414 798.30193383 824.802690305 847.094977894 18.1136749366 17.0390456599 17.7156928961 63.2734535562 16.2829691531 15.392468938 12.9543752137 37.4608592986 14.3130510081 11.370438169 10.6137677314 9.45849897975 18.8750484943 26.4890797594 2896.99868296 37125.1510174 3.76522706056 10.0852510284 8.70934114331 31.9674591348 17.6283979358 13.6070626956 72.8579275171 36.2255876973
-9999.0 -9999.0 -9999.0 -9999.0 -9999.0 -9999.0 -9999.0 -9999.0 -9999.0 -9999.0 -9999.0 -9999.0 -9999.0 -9999.0 -9999.0 -9999.0 -9999.0 -9999.0 -9999.0 15.524134155 120.526664013 245.562621705 265.0041614 26.6614466395 55.7851620395 85.6016004114 112.767137452 286.857817736 306.965493491 19.3537180022 19.005808913 883.573527083 916.930218471 932.781294908 76.4685769519 12.8749933749 28.7604605249 42.4605690612 123.95550947 151.068561938 172.739825029 19.953998515 27.5139094667 9.03773005893 17.643863925 8.95924026337 37140.8502884 3.62566024517 16.5477412174 14.2807298043 50.8881380736 84.4612967978 100.076030838 174.81720846 54.538664685
-9999.0 -9999.0 -9999.0 -9999.0 -9999.0 -9999.0 -9999.0 -9999.0 -9999.0 -9999.0 -9999.0 -9999.0 -9999.0 -9999.0 -9999.0 -9999.0 -9999.0 -9999.0 16.9756635121 53.658838903 105.290992228 137.932719637 364.888105214 387.704118246 61.4095532287 90.9660951647 116.643986835 145.086020915 330.864929382 371.49268318 660.147579112 683.054944417 700.145691244 949.708728658 1070.91997203 29.5836712039 17.3029073618 16.8654468072 32.2905584516 14.7903066107 200.492665026 210.770740511 35.9873038841 46.0139638133 9.10115672405 7521.70362108 7539.3246202 44690.4169695 44711.8281365 3.27960672419 58.3249302341 4.54454332223 4.60988618814 186.435523906 245.705424409
-9999.0 -9999.0 -9999.0 -9999.0 -9999.0 -9999.0 -9999.0 -9999.0 -9999.0 -9999.0 -9999.0 -9999.0 -9999.0 -9999.0 -9999.0 -9999.0 -9999.0 -9999.0 -9999.0 19.0249650113 18.4608565676 35.250033464 84.2009288722 404.130046648 31.3641734508 30.8856488481 57.3308747962 83.5175298302 214.258772747 238.368082132 16.0944824947 14.614031209 720.183438372 738.165110815 1825.03103173 1840.159781 11.6249793271 10.4048865082 8.35487175233 8.44278863272 8.18255086369 7341.40414239 7399.67373571 7456.20881382 7474.84622156 7512.24162188 9.68036533259 35.4919910333 45.094816364 44770.4919472 44772.3894513 44778.6219178 44788.1375127 44794.3682455 255.31866854
-9999.0 -9999.0 -9999.0 -9999.0 -9999.0 -9999.0 -9999.0 -9999.0 -9999.0 -9999.0 -9999.0 -9999.0 -9999.0 -9999.0 -9999.0 -9999.0 -9999.0 -9999.0 -9999.0 -9999.0 17.2139874926 17.8771116846 33.4505665983 469.684123582 489.925767308 30.5441634364 56.9101445506 83.436358975 106.471466408 21.5856332165 39.983319565 1267.7420337 1286.41942054 1302.63491353 1427.00828943 3283.1396468 6944.89746355 6970.08118493 6992.29821528 7013.70885229 7095.22137363 7120.85707685 47.728389735 21.940861027 12.53023268 23.8146582739 17.5371160545 27.8589743412 8.85437724283 200.248242406 214.619905567 224.464563198 229.046848357 44799.0841057 45063.1647821
-9999.0 -9999.0 -9999.0 -9999.0 -9999.0 -9999.0 -9999.0 -9999.0 -9999.0 -9999.0 -9999.0 -9999.0 -9999.0 -9999.0 -9999.0 -9999.0 -9999.0 -9999.0 -9999.0 -9999.0 -9999.0 17.530793426 33.6805278484 49.8698312017 504.208818239 23.4366186738 707.736792171 735.365274875 758.023943126 777.491353011 1191.42805589 1210.25043722 20.2790559145 91.5694543478 111.033125473 18.593354046 3635.92935101 3602.40822476 10.9010900199 24.2844846671 63.5606075501 13.6399159593 13.874869243 11.0395826222 9.19035864578 7.15537455518 8.19775815149 171.800644693 180.254718649 190.373800142 6.84122079348 5.12561041694 232.218701889 237.47893814 240.893594215
-9999.0 -9999.0 -9999.0 -9999.0 -9999.0 -9999.0 -9999.0 -9999.0 -9999.0 -9999.0 -9999.0 -9999.0 -9999.0 -9999.0 -9999.0 -9999.0 -9999.0 -9999.0 -9999.0 -9999.0 -9999.0 16.1619695595 15.2293123846 78.6940724393 617.428733211 658.384808781 681.474893962 30.2954463778 362.291936502 384.627281319 394.839636517 18.1407764707 39.1117448292 58.6010632663 888.850476269 904.019473489 917.029453878 3578.75779979 2019.33957493 13.004756548 13.2578238614 12.8975300427 10.2249155678 104.518508117 125.159858604 143.30464576 153.283291987 162.90510624 1078.01273308 1084.8318432 1093.06937257 1114.25890615 1203.54963266 1207.71762728 1453.30055216
-9999.0 -9999.0 -9999.0 -9999.0 -9999.0 -9999.0 -9999.0 -9999.0 -9999.0 -9999.0 -9999.0 -9999.0 -9999.0 -9999.0 -9999.0 -9999.0 -9999.0 -9999.0 -9999.0 -9999.0 -9999.0 -9999.0 31.6651008857 48.2856106394 19.8148980603 30.4063273397 243.505004943 275.422669996 304.638460911 178.632086317 204.892459994 230.367901171 250.847162387 855.840438388 874.25368362 599.286004757 1531.64522081 1546.33138773 2007.76392145 26.8673503581 13.3903210396 9.86672230439 72.2252599326 84.3106548273 7.26716954833 6.77502151401 1047.21096543 1063.65121582 1071.61856335 10.7340624869 15.4288997117 1186.88187023 11.4318269751 32.8930076797 36.3519019423
-9999.0 -9999.0 -9999.0 -9999.0 -9999.0 -9999.0 -9999.0 -9999.0 -9999.0 -9999.0 -9999.0 -9999.0 -9999.0 -9999.0 -9999.0 -9999.0 -9999.0 -9999.0 -9999.0 -9999.0 -9999.0 -9999.0 15.8788995401 31.4805632861 137.808639796 158.376920215 184.696123191 120.458384608 150.89421825 28.5156065248 532.960520318 560.327808908 585.777760965 20.944889831 564.026620842 582.718889459 15.1739976653 1937.52768955 29.7854178683 14.9138976264 39.0028075268 52.4278159119 10.1628441415 8.24510305602 964.438301339 1032.46091855 1042.02180139 10.1231807044 21.4559427233 27.4823854454 33.1566157645 65.7425525628 11.5850101082 27.1071168032 5.47413759301
-9999.0 -9999.0 -9999.0 -9999.0 -9999.0 -9999.0 -9999.0 -9999.0 -9999.0 -9999.0 -9999.0 -9999.0 -9999.0 -9999.0 -9999.0 -9999.0 -9999.0 -9999.0 -9999.0 -9999.0 -9999.0 -9999.0 15.773509004 50.3620362227 89.6452727672 23.7728446857 54.7831970996 88.7945832436 418.869445497 448.865946012 477.165168039 27.7037094299 424.342867875 504.393729814 526.32455367 20.4909711556 1874.91097518 1907.9599972 15.4987176021 14.5655055447 28.1191528324 11.4885717621 910.724384718 930.687638032 941.844494548 43.0479175149 52.9679851792 8.6003782244 15.3071164561 6.76419873296 48.155633065 7.03979702416 6.70676325317 7.4371431292 8.06393000625
-9999.0 -9999.0 -9999.0 -9999.0 -9999.0 -9999.0 -9999.0 -9999.0 -9999.0 -9999.0 -9999.0 -9999.0 -9999.0 -9999.0 -9999.0 -9999.0 -9999.0 -9999.0 -9999.0 -9999.0 -9999.0 -9999.0 -9999.0 18.2135313348 20.6741985561 27.2218568574 255.027091725 288.140507362 387.150821055 30.4116201495 311.972552967 370.389825404 27.5052557025 54.760112238 23.4271473431 1816.72671789 21.5473150908 56.1783025719 69.2255393871 81.6737796067 835.793657906 878.876262109 891.249013638 12.4016510404 23.0061968643 32.5891615394 5.89119819597 5.35052388216 1843.01597805 1848.37925155 1852.9260691 1897.19862852 1903.01714852 1911.55471941 1917.49244767
