data/baseflow/mHMbf_acc478.asc
ncols                  80
nrows                 72
xllcorner      4374000.0
yllcorner      5656000.0
cellsize            500
NODATA_value       -9999
[rows 25 to 49 of 72, columns 0 to 54 of 80]
-9999.0 -9999.0 -9999.0 -9999.0 -9999.0 -9999.0 -9999.0 -9999.0 -9999.0 -9999.0 -9999.0 -9999.0 22.260272773 43.9572496956 20.0729100369 40.1516131291 17.1570213851 135.245360251 168.046889991 185.154800502 15.4467605029 29.2142602467 301.35582816 371.086276022 384.205734209 28.0894890393 29.0529157136 41.6729576606 7.15715385555 6.38090206343 12.0027363673 5.37931561971 482.327074722 487.686634477 493.660643402 3423.72205314 6705.59233142 6655.40355093 8.98825281923 4.43629361722 3.92680291364 13.6323426554 10.4183920108 31.5710254307 45.6506051386 92.6005342123 8.38609759939 8.34863693529 76.0495301777 82.9528495695 164.617089678 169.551951532 180.783142301 185.465899131 4.88304185403
-9999.0 -9999.0 -9999.0 -9999.0 -9999.0 -9999.0 -9999.0 -9999.0 -9999.0 -9999.0 -9999.0 -9999.0 -9999.0 20.3325892837 41.1449981211 62.2778330204 98.890154576 19.2823339637 17.0465782968 129.143379973 144.465769864 274.68548751 290.757992112 44.0368192511 14.5736774147 13.2814381355 13.351717862 445.061348398 452.896651396 460.173823556 466.179603375 477.194450294 71.2058357636 77.3788283516 578.6594465 10711.9245437 38.5615962991 30.8569350122 14.1041602235 3.84856522751 3.2660799661 21.5421910336 24.475330279 37.5785853517 2.8276712263 95.9762232791 13.1659614859 12.8407724158 2.59332812692 2.09815134315 2.20158429332 2.85667462283 2.43604011772 187.92318693 2684.77053499
-9999.0 -9999.0 -9999.0 -9999.0 -9999.0 -9999.0 -9999.0 -9999.0 -9999.0 -9999.0 -9999.0 -9999.0 -9999.0 -9999.0 19.8943156851 40.3967249712 59.184087579 78.1846000568 95.2260485873 113.021344929 50.4895389276 84.7711740118 15.6405245071 14.7726852218 379.096130412 407.29123308 420.125579278 434.277926819 10.446572407 18.3257570825 48.1364386383 57.9922094358 65.2086170854 7.02923862546 8.74376651201 10735.1173603 7.91253964376 11.4180357134 5.88810538171 16.1752895159 7.52291867393 4.92622096241 66.3892348264 71.6213221102 3.07941980153 99.7658620497 116.227559591 16.4600594541 2807.76174141 2802.55774559 2797.90248951 2786.67436011 2781.1962442 2698.61966704 2694.82377029
-9999.0 -9999.0 -9999.0 -9999.0 -9999.0 -9999.0 -9999.0 -9999.0 -9999.0 -9999.0 -9999.0 -9999.0 -9999.0 -9999.0 5.23055055298 11.8808436177 19.3222940695 177.695096659 194.953509588 17.7208387234 17.0167797035 16.9473851309 318.390845106 350.818720531 15.5560394427 15.716132279 11.9199517053 49.5377487527 61.6898031575 31.0128793586 39.005700735 293.279115595 301.524322052 318.461099448 505.920740841 11245.9931754 8.53410445733 5.01030674246 24.9221489314 20.5060781701 3.78399292973 12.8633784803 16.971550532 76.3653019204 80.7642617586 205.34974261 118.055268265 18.3502801536 2881.25660936 38.6514590382 2793.18117096 2790.11136738 76.9905031902 4.16720304223 6.46147117159
-9999.0 -9999.0 -9999.0 -9999.0 -9999.0 -9999.0 -9999.0 -9999.0 -9999.0 -9999.0 -9999.0 -9999.0 -9999.0 -9999.0 26.8418218745 43.8836740842 90.4032979928 158.390613627 213.196908681 253.166654148 269.932777822 287.240576739 303.936032886 15.6826638024 13.7464246088 26.7723491034 24.8553596223 12.9570515871 255.115330488 266.828530577 277.735305544 287.940295069 156.139809766 163.729737964 176.329024424 11250.1780595 14.8522346791 15.2283287778 43.0713821677 3.91536279004 9.65560618866 5.47030203123 3.77397784204 21.542927847 3.50930810664 3.73140829473 3106.70877489 2898.42060833 2894.56046486 14.1111642851 35.5194128314 22.0140548178 4.57251252784 66.8315588507 18.1929444685
-9999.0 -9999.0 -9999.0 -9999.0 -9999.0 -9999.0 -9999.0 -9999.0 -9999.0 -9999.0 -9999.0 -9999.0 -9999.0 -9999.0 18.7235161858 17.1889521936 33.5295943579 51.3486646798 20.8391690429 20.8386052652 38.4371729075 55.4104252498 86.8362112812 102.401713542 115.760826707 156.535372352 168.827477556 182.442487825 12.2492699812 123.269664331 133.054595963 141.799105381 7.00261953366 4.61505116332 7.97345876745 11432.4151725 11436.4042068 11460.0853676 54.1508950736 8.02277245693 15.036432713 4.18454944656 6.90698957087 25.0319884106 31.5554524132 6.85086854313 3124.55595343 6.41905085148 7.84087441713 8.20688417511 7.92586097762 13.1378218717 5.88043649077 44.9994691845 34.2111700044
-9999.0 -9999.0 -9999.0 -9999.0 -9999.0 -9999.0 -9999.0 -9999.0 -9999.0 -9999.0 -9999.0 -9999.0 -9999.0 -9999.0 -9999.0 16.0226558306 31.7695081986 16.0984894125 33.5387579729 204.15097131 220.837971041 236.728184341 15.7391521971 15.7144511908 29.0548767874 42.8226773961 66.357157527 78.8257958582 87.6998980673 99.5841008941 9.02174455672 7.89024215339 156.445035448 161.739955464 165.639842997 169.992869818 143.065365487 11620.7805747 11701.3784032 11704.1521292 11721.4238307 11736.7542176 11747.2918185 3.49178992092 34.7238313484 3128.04088524 8.65238166546 4.42868566306 6.12983907312 5.66768102977 9.513685836 7.47497784579 4.37901815507 6.00617277994 5.3123637408
-9999.0 -9999.0 -9999.0 -9999.0 -9999.0 -9999.0 -9999.0 -9999.0 -9999.0 -9999.0 -9999.0 -9999.0 -9999.0 -9999.0 -9999.0 -9999.0 47.1175323009 63.8914493029 114.537993408 152.032865105 20.0430494141 275.170022887 290.228192086 304.133696804 13.6408855588 26.5752429598 11.5173496171 88.6101359901 96.0075630525 108.234694703 121.290445358 146.237557105 151.081831036 3.08353120424 125.299509204 134.132432331 138.858855222 156.58346465 22.6218475504 14.1256362684 8.22629565935 7.48868912127 11757.7849329 11763.2843995 11822.4874811 3131.87820926 25.6565978159 13.3269405031 9.36639412694 2.61038860286 25.0810298835 12.2153420372 3.94025458308 21.0670035162 17.702757952
-9999.0 -9999.0 -9999.0 -9999.0 -9999.0 -9999.0 -9999.0 -9999.0 -9999.0 -9999.0 -9999.0 -9999.0 -9999.0 -9999.0 -9999.0 -9999.0 17.2565532763 80.7948756506 98.7520271005 20.5873419835 16.5795433001 34.0775855396 49.6190723389 368.216927746 13.4123391808 54.1515377666 66.215914624 78.0160092962 8.40673269652 19.1753106512 24.3355330853 97.9747941355 109.470202611 113.461285263 4.5003860485 4.11958849177 4.73312948146 8.62848476367 3.70997440912 3.86975368852 6.24245409812 4.61679215155 6.11915878665 20.6335574788 11828.207135 14975.3057356 31.5450074193 4.54763581176 3.09643383709 75.278947018 69.5561428701 40.2252045694 35.8090748552 26.3433613699 6.01250118705
-9999.0 -9999.0 -9999.0 -9999.0 -9999.0 -9999.0 -9999.0 -9999.0 -9999.0 -9999.0 -9999.0 -9999.0 -9999.0 -9999.0 -9999.0 13.9061277452 46.7146241449 15.4841583994 19.449075771 18.1081543375 34.694026371 51.0037906651 66.3644837373 450.091462403 462.572391366 12.9651236888 24.7616052582 36.7285990845 45.573648041 54.4090953 85.0022733453 93.7137265208 6.26490602432 4.65605007668 4.30501510868 4.90230092241 5.94582628395 6.24297642092 6.14402084668 7.14307487871 24.9264902507 11.7191988537 7.17397016875 7.08954536348 5.58502442176 10.3731219297 15232.0189949 222.751632276 93.6375841738 10.4967916312 4.84078014458 3.85210379635 11.8123029159 7.57813731191 3.65039011099
-9999.0 -9999.0 -9999.0 -9999.0 -9999.0 -9999.0 -9999.0 -9999.0 -9999.0 -9999.0 -9999.0 -9999.0 -9999.0 -9999.0 14.7093841543 28.2868243247 104.432813284 15.2021057934 38.5581516516 55.845510563 71.6689582731 16.7695802506 30.9497095319 47.2421444759 524.34726439 12.0474217719 22.9121434934 34.1143105617 10.4620174916 20.5157382287 26.1469242858 33.4429985587 906.496734773 917.177002777 928.88646621 981.361100389 997.096290593 1034.8018706 13.2422572424 27.7308065738 31.257703064 1163.47633869 1175.53472101 6.58223654442 10.579911216 14.5132084103 15237.2899562 215.245804747 108.771217158 103.376560817 82.1042414385 71.4289695993 15.6423489637 4.12477596932 7.08514851403
-9999.0 -9999.0 -9999.0 -9999.0 -9999.0 -9999.0 -9999.0 -9999.0 -9999.0 -9999.0 -9999.0 -9999.0 -9999.0 -9999.0 14.8753711196 45.2270311244 164.492689156 242.445525046 13.5781381267 320.495191958 407.64005107 14.956044116 28.507206942 43.9439078464 650.905711264 664.260328736 9.99824530364 54.4285030767 63.883795558 71.6602931417 837.82448401 855.903707547 868.584132956 6.47306717918 36.282303876 43.6831705562 19.1222777297 27.0668115082 1073.64524302 1114.21758954 1121.13489094 1127.73417004 1184.71908119 4.51883751143 4.3062152922 22.8137968178 15243.6857581 7.23988802257 5.4934786467 16.5502100175 6.2861165644 63.1687140859 53.9980509726 32.2292018817 22.3518859534
-9999.0 -9999.0 -9999.0 -9999.0 -9999.0 -9999.0 -9999.0 -9999.0 -9999.0 -9999.0 -9999.0 -9999.0 -9999.0 -9999.0 -9999.0 -9999.0 31.7144871425 63.9685040486 288.278671545 305.080922868 422.245272118 438.07357635 14.8583427782 29.7173446478 69.3162859671 678.814787735 701.298073726 710.402135253 7.75043384998 742.080017803 760.184317425 12.0914919626 6.39393222897 11.7362001793 23.3455895061 5.95899562903 12.064660424 26.0700600126 32.962287588 6.80767222933 4.94901512396 9.83135470411 1218.44886444 1228.780756 1232.52146048 1265.28361418 15249.2692799 5.4024788782 3.90815020313 4.79439676702 4.73768345472 4.85683811959 4.36588399815 8.14119293301 3.99225888409
-9999.0 -9999.0 -9999.0 -9999.0 -9999.0 -9999.0 -9999.0 -9999.0 -9999.0 -9999.0 -9999.0 -9999.0 -9999.0 -9999.0 -9999.0 -9999.0 16.6105120274 16.2234411921 16.2181874225 33.1754052642 14.9212884426 467.580952468 481.987422363 13.6652865278 26.6242841075 12.8989267047 11.1050223766 10.7265413008 727.895331021 5.83940920169 12.2598611558 6.27957922206 6.07300777435 5.6756323605 4.59999739567 4.79980256486 14.9426205409 20.526744108 4.27188594623 3.88009446162 8.57850310165 14.3098144502 17.9565543614 4.78293981062 1237.87806301 1269.26211753 15253.6694083 19.8987979655 9.17568258577 2.79822482719 6.95760459806 2.29063398236 1.80349453836 10.1569348898 19.0274220761
-9999.0 -9999.0 -9999.0 -9999.0 -9999.0 -9999.0 -9999.0 -9999.0 -9999.0 -9999.0 -9999.0 -9999.0 -9999.0 -9999.0 -9999.0 -9999.0 -9999.0 -9999.0 16.0265541627 47.8819128753 61.1354433591 75.5312923335 495.943693874 509.766828915 523.755225758 538.651336755 548.980705515 570.573602645 576.027884013 581.432932628 585.920898629 5.07463919066 4.84914576899 5.27759546266 19.7326674489 5.36834025599 5.22976920013 4.09067482381 12.3430537239 5.14014343607 4.15776893214 3.85191262068 3.38408669255 6.75387738617 10.0201449737 1290.21313897 16567.9933649 5.29912874281 11.1197292885 2.16041319641 9.36961021327 4.84005287296 3.62722848027 44.2527691889 31.1469453772
-9999.0 -9999.0 -9999.0 -9999.0 -9999.0 -9999.0 -9999.0 -9999.0 -9999.0 -9999.0 -9999.0 -9999.0 -9999.0 -9999.0 -9999.0 -9999.0 -9999.0 -9999.0 -9999.0 13.1880971213 105.01595963 209.439604658 224.622070984 17.9881854182 31.7293551046 44.3291080459 54.5893870655 124.561011517 129.599054287 4.93364909935 4.94763336588 597.428707632 607.383263436 611.748776889 23.463830543 3.59841599619 9.07819560814 13.322279502 40.3338429461 49.9320418437 57.8788882899 7.28435660381 10.2908782763 3.57332346806 7.29518080245 3.85839129161 16574.7541951 5.24868519172 21.0970420711 7.86696931174 19.7170592038 45.174320061 51.6755766317 98.7961386093 30.6160993752
-9999.0 -9999.0 -9999.0 -9999.0 -9999.0 -9999.0 -9999.0 -9999.0 -9999.0 -9999.0 -9999.0 -9999.0 -9999.0 -9999.0 -9999.0 -9999.0 -9999.0 -9999.0 14.760515249 47.0369177136 92.0544007844 120.277116106 310.881441118 327.359123222 26.4352993961 39.2117923697 50.1203682102 60.4688456894 134.505003207 144.313145888 248.454567271 257.165063244 262.9117457 616.434218736 652.971545107 8.69162562685 5.75789114281 5.50950781384 10.7705855786 5.08612108613 67.8950435665 71.6750065706 13.7312853733 16.9270387702 3.85216018582 3456.64186567 3465.09199091 20044.6218636 20072.0303342 5.13286185918 30.4024961783 7.37874802509 6.46073622622 109.551429691 144.078719699
-9999.0 -9999.0 -9999.0 -9999.0 -9999.0 -9999.0 -9999.0 -9999.0 -9999.0 -9999.0 -9999.0 -9999.0 -9999.0 -9999.0 -9999.0 -9999.0 -9999.0 -9999.0 -9999.0 16.7923531073 16.3154436003 30.7337198695 72.9503553212 341.04971946 13.5649566059 13.3491310173 23.8565226256 34.8913689887 83.0297382443 89.4175690836 5.26435439978 5.57158395169 269.060809823 274.165779245 932.047298729 936.704069606 3.29191385647 2.90752607511 2.58857092366 2.61306805648 2.89296573592 3388.39036113 3411.11866764 3431.1271774 3438.08126933 3453.5120615 4.5291218878 16.6477204137 21.0383554709 20102.4567907 20106.0071782 20108.5859807 20110.8156241 20112.8845028 148.566396523
-9999.0 -9999.0 -9999.0 -9999.0 -9999.0 -9999.0 -9999.0 -9999.0 -9999.0 -9999.0 -9999.0 -9999.0 -9999.0 -9999.0 -9999.0 -9999.0 -9999.0 -9999.0 -9999.0 -9999.0 14.883004415 15.6176747909 28.9616116186 397.265466169 411.949640154 12.9807048492 23.4812774111 34.8481599839 42.7906128978 6.7584692251 12.6851000057 844.33693518 849.140218685 854.461671145 892.267082318 1833.58138288 3252.7121145 3260.28481493 3267.48921369 3274.38681705 3303.62972818 3313.14273287 19.4572143397 8.91364293334 5.50406150597 10.4181101512 8.22563560353 13.0546936681 4.39422313281 82.919458571 96.7245945213 107.425318204 110.089441034 20114.6907496 20266.0823591
-9999.0 -9999.0 -9999.0 -9999.0 -9999.0 -9999.0 -9999.0 -9999.0 -9999.0 -9999.0 -9999.0 -9999.0 -9999.0 -9999.0 -9999.0 -9999.0 -9999.0 -9999.0 -9999.0 -9999.0 -9999.0 15.1054395452 28.9447836166 42.855597031 423.664850161 13.1738857859 569.784405191 581.343446098 587.882082479 594.04808148 818.059907403 825.617500978 5.43352953123 27.3465902133 33.6465709339 5.83545112454 1411.5427047 1400.89836849 3.60275602365 8.31787294866 22.8873185171 5.10338165368 5.65987920581 4.46863920091 4.00603444095 3.14264978055 3.85507568893 68.9968524505 73.2514115515 78.3092423045 8.76383612763 5.92198914897 114.608139687 118.749446112 120.896846733
-9999.0 -9999.0 -9999.0 -9999.0 -9999.0 -9999.0 -9999.0 -9999.0 -9999.0 -9999.0 -9999.0 -9999.0 -9999.0 -9999.0 -9999.0 -9999.0 -9999.0 -9999.0 -9999.0 -9999.0 -9999.0 13.7189078973 12.881389469 66.7846835833 518.185762113 545.44311552 559.664602483 11.2940382844 204.902819981 211.534211215 215.251166101 6.4576662547 12.5737853195 18.1153433843 323.57391161 327.985151431 331.951009049 1393.38013484 862.751009623 4.65299091088 4.97014727889 4.74758220111 3.92886392863 38.7172933004 47.7359040692 55.6805454139 60.33818044 64.8323858093 364.362531948 367.906025788 371.341057649 378.942441471 420.472293333 422.960842773 546.722056641
-9999.0 -9999.0 -9999.0 -9999.0 -9999.0 -9999.0 -9999.0 -9999.0 -9999.0 -9999.0 -9999.0 -9999.0 -9999.0 -9999.0 -9999.0 -9999.0 -9999.0 -9999.0 -9999.0 -9999.0 -9999.0 -9999.0 26.8184279534 41.0439222208 15.313666184 13.0211314301 167.181859873 178.800428101 186.833313665 66.8263455741 72.1098872863 77.6710321546 83.0017320249 313.688135855 319.617277585 185.117158828 522.021852368 526.650553829 858.991029617 9.58220214054 4.91680689353 3.4810935016 26.1008000396 30.8657290386 3.27919972456 3.09753501776 348.349132553 356.614499787 361.004758288 3.72939685372 5.46585203056 413.365030308 4.51704261349 18.7998324362 21.0412688573
-9999.0 -9999.0 -9999.0 -9999.0 -9999.0 -9999.0 -9999.0 -9999.0 -9999.0 -9999.0 -9999.0 -9999.0 -9999.0 -9999.0 -9999.0 -9999.0 -9999.0 -9999.0 -9999.0 -9999.0 -9999.0 -9999.0 13.4543806315 26.6268014489 113.679849234 129.296942353 143.036792298 51.9059670803 61.4274697897 6.01191539269 214.608083081 219.961725576 225.129406939 5.33696437007 174.114121916 180.261865557 4.78654637844 834.37858429 10.4825584869 5.19576472457 13.8312540048 18.7638637402 3.94777584633 3.21895097101 310.032424275 340.726173127 345.605655927 4.87224450758 11.0686462298 14.0135468483 16.5983276253 32.1796754837 6.89896575468 15.3664421839 3.3585715155
-9999.0 -9999.0 -9999.0 -9999.0 -9999.0 -9999.0 -9999.0 -9999.0 -9999.0 -9999.0 -9999.0 -9999.0 -9999.0 -9999.0 -9999.0 -9999.0 -9999.0 -9999.0 -9999.0 -9999.0 -9999.0 -9999.0 13.2516416923 42.1462508175 73.6891617453 16.5281299126 28.6473181105 41.1549573631 190.557016084 197.830938227 203.408052306 4.87518148207 141.885491656 158.430719924 163.819404621 3.6859036 813.918397459 825.077189477 5.33762143609 4.8872793977 9.98261568199 4.1995997194 287.625848123 295.579660531 300.467056591 18.6431095497 23.5465703804 4.30474775904 7.91000979403 3.63636211895 24.7952487992 3.94915559684 3.90330201359 4.13548661041 4.45402788636
-9999.0 -9999.0 -9999.0 -9999.0 -9999.0 -9999.0 -9999.0 -9999.0 -9999.0 -9999.0 -9999.0 -9999.0 -9999.0 -9999.0 -9999.0 -9999.0 -9999.0 -9999.0 -9999.0 -9999.0 -9999.0 -9999.0 -9999.0 14.9950869237 16.4775240126 16.3082298364 132.869333975 144.810733311 179.854574779 7.96494655451 119.724348385 132.676620317 5.49344882846 11.7190388916 4.60484320909 800.759456049 5.27444559432 14.0705673046 17.9022333638 21.6923987328 261.322746202 275.04452691 280.134600103 5.12255398066 9.76700546955 13.9749163749 2.90299991425 2.69149570828 802.789600979 805.657413371 808.138682355 832.322516864 835.685082706 840.386144022 844.004911378
