data/baseflow/mHMbf_acc389.asc
ncols                  80
nrows                 72
xllcorner      4374000.0
yllcorner      5656000.0
cellsize            500
NODATA_value       -9999
[rows 0 to 24 of 72, columns 0 to 54 of 80]
-9999.0 -9999.0 -9999.0 -9999.0 -9999.0 -9999.0 -9999.0 -9999.0 -9999.0 -9999.0 -9999.0 -9999.0 27.5331292025 21.9392267748 -9999.0 -9999.0 -9999.0 -9999.0 -9999.0 -9999.0 -9999.0 -9999.0 -9999.0 -9999.0 -9999.0 -9999.0 -9999.0 -9999.0 -9999.0 -9999.0 -9999.0 -9999.0 -9999.0 -9999.0 -9999.0 -9999.0 -9999.0 -9999.0 -9999.0 -9999.0 -9999.0 -9999.0 -9999.0 -9999.0 -9999.0 -9999.0 -9999.0 -9999.0 -9999.0 -9999.0 -9999.0 -9999.0 -9999.0 -9999.0 -9999.0
-9999.0 -9999.0 -9999.0 -9999.0 -9999.0 -9999.0 -9999.0 -9999.0 -9999.0 -9999.0 -9999.0 -9999.0 56.9383777866 122.298657259 19.0782957476 -9999.0 15.289118782 -9999.0 -9999.0 -9999.0 -9999.0 -9999.0 -9999.0 -9999.0 -9999.0 -9999.0 -9999.0 -9999.0 -9999.0 -9999.0 -9999.0 -9999.0 -9999.0 -9999.0 -9999.0 -9999.0 -9999.0 -9999.0 -9999.0 -9999.0 -9999.0 -9999.0 -9999.0 -9999.0 -9999.0 -9999.0 -9999.0 -9999.0 -9999.0 -9999.0 -9999.0 -9999.0 -9999.0 -9999.0 -9999.0
-9999.0 -9999.0 -9999.0 -9999.0 -9999.0 -9999.0 -9999.0 -9999.0 -9999.0 -9999.0 28.5853597144 27.8289517024 28.6402865694 27.7425101909 175.475845955 196.851118702 43.6497164312 14.0499853144 -9999.0 -9999.0 -9999.0 -9999.0 -9999.0 -9999.0 -9999.0 -9999.0 -9999.0 -9999.0 -9999.0 -9999.0 -9999.0 -9999.0 -9999.0 -9999.0 -9999.0 -9999.0 -9999.0 -9999.0 -9999.0 -9999.0 -9999.0 -9999.0 -9999.0 -9999.0 -9999.0 -9999.0 -9999.0 -9999.0 -9999.0 -9999.0 -9999.0 -9999.0 -9999.0 -9999.0 -9999.0
-9999.0 -9999.0 -9999.0 -9999.0 -9999.0 -9999.0 -9999.0 -9999.0 -9999.0 27.9473142284 56.2660767878 111.677295631 55.226483071 26.8746956959 52.8695809287 222.790275994 301.155076431 16.2888371078 -9999.0 27.7400552921 -9999.0 -9999.0 -9999.0 -9999.0 30.3765800218 15.3089989451 -9999.0 -9999.0 -9999.0 -9999.0 -9999.0 -9999.0 -9999.0 -9999.0 -9999.0 -9999.0 -9999.0 -9999.0 -9999.0 -9999.0 -9999.0 -9999.0 -9999.0 -9999.0 -9999.0 -9999.0 -9999.0 -9999.0 -9999.0 -9999.0 -9999.0 -9999.0 -9999.0 -9999.0 -9999.0
-9999.0 -9999.0 -9999.0 -9999.0 -9999.0 -9999.0 -9999.0 -9999.0 30.5104832689 87.5018038349 114.520236525 141.583009973 192.99397835 25.4878697939 103.030609859 128.220065881 473.062105006 23.6788575188 24.9053213593 52.6977093913 77.2523233858 25.4478952075 -9999.0 81.5515930608 66.6484973052 19.0190387796 -9999.0 -9999.0 -9999.0 -9999.0 -9999.0 -9999.0 -9999.0 -9999.0 -9999.0 -9999.0 -9999.0 -9999.0 -9999.0 -9999.0 -9999.0 -9999.0 -9999.0 -9999.0 -9999.0 -9999.0 -9999.0 -9999.0 -9999.0 -9999.0 -9999.0 -9999.0 -9999.0 -9999.0 -9999.0
-9999.0 -9999.0 -9999.0 -9999.0 -9999.0 -9999.0 30.9684254217 28.8385155743 27.7536536633 28.0872197925 28.311139236 198.285210284 418.228637219 444.895637532 468.276439371 22.7822147644 520.31881888 544.915512593 49.5013710433 24.4853268676 101.343695049 176.559756738 25.3027902862 157.337945084 27.1139948022 26.5278361007 28.8359045058 -9999.0 -9999.0 -9999.0 -9999.0 -9999.0 -9999.0 -9999.0 -9999.0 -9999.0 -9999.0 -9999.0 -9999.0 -9999.0 -9999.0 -9999.0 -9999.0 -9999.0 -9999.0 -9999.0 -9999.0 -9999.0 -9999.0 -9999.0 -9999.0 -9999.0 -9999.0 -9999.0 -9999.0
-9999.0 -9999.0 -9999.0 -9999.0 -9999.0 -9999.0 61.1659277768 90.1897257314 204.382412978 286.65578421 25.8454329124 26.3249562245 25.5681294674 75.6122415866 567.824304399 22.288695754 568.773339203 659.944802823 72.4174151519 47.6027062735 199.960960368 24.9604173554 181.875260585 51.0937098459 25.9928377149 51.8467922359 55.9134262151 26.5703773945 26.8972987185 26.5092554463 27.6794628956 55.6507032938 -9999.0 -9999.0 -9999.0 -9999.0 -9999.0 -9999.0 -9999.0 -9999.0 -9999.0 -9999.0 -9999.0 -9999.0 -9999.0 -9999.0 -9999.0 -9999.0 -9999.0 -9999.0 -9999.0 -9999.0 -9999.0 -9999.0 -9999.0
-9999.0 -9999.0 -9999.0 -9999.0 -9999.0 31.6447836133 61.9655345868 29.8655912641 58.5777056401 315.703581174 369.670270633 422.986312474 1322.11051677 24.9576949404 592.997345192 2105.00260492 2121.7691434 2810.26204128 18.4584138383 70.8641389988 223.538187084 23.4287509327 465.593279507 259.808593125 159.786987782 134.086753204 27.6733991446 79.2262785922 78.551069946 52.5041822031 25.8989643724 82.3874744882 26.1814296639 26.0225213161 -9999.0 -9999.0 -9999.0 -9999.0 -9999.0 -9999.0 -9999.0 -9999.0 -9999.0 -9999.0 -9999.0 -9999.0 -9999.0 -9999.0 -9999.0 -9999.0 -9999.0 -9999.0 -9999.0 -9999.0 -9999.0
-9999.0 -9999.0 -9999.0 -9999.0 -9999.0 31.6591233885 92.5375075723 184.51900813 213.248549934 422.017904341 449.544966056 534.879106755 874.090530754 1392.75417141 1443.14603793 1466.72689454 44.6918767842 2889.25992265 2928.81982403 3045.08864866 3830.19011505 537.795222497 490.504860891 184.559232869 24.3876080977 156.026808477 104.839010571 24.694080487 102.833533336 23.1632450675 48.2402417734 132.505586626 157.761824815 51.1660088059 25.1627769407 25.0388956363 -9999.0 -9999.0 -9999.0 -9999.0 16.2992624859 13.6755741999 -9999.0 -9999.0 -9999.0 -9999.0 -9999.0 -9999.0 -9999.0 -9999.0 -9999.0 -9999.0 -9999.0 -9999.0 -9999.0
-9999.0 -9999.0 -9999.0 -9999.0 -9999.0 31.0584041866 29.9048206355 121.938881354 150.891320872 180.569599125 28.8550266125 57.3518208988 320.765651828 57.5695588608 27.6346891612 26.2501022919 24.3623460101 26.6337458365 25.6028587618 25.8898377347 3854.81716289 3926.16857876 23.4561877388 71.7817508609 48.5769524024 180.312197338 49.6798767842 24.4700607469 127.722214203 45.3263385124 108.317141657 278.860047264 258.875126509 76.2613914881 75.382042727 25.1810959617 25.1709591082 -9999.0 -9999.0 25.0553753754 36.7794044509 79.0858898614 14.3990202157 -9999.0 -9999.0 -9999.0 -9999.0 -9999.0 -9999.0 -9999.0 -9999.0 -9999.0 -9999.0 -9999.0 -9999.0
-9999.0 -9999.0 -9999.0 -9999.0 -9999.0 -9999.0 31.3872782234 31.181093652 61.094063488 90.8042482378 206.762552315 264.836754299 293.860223365 30.2999820915 25.6179417124 330.763538415 408.524074193 433.545538595 536.119906863 560.514211736 24.5421934329 3950.54853556 4068.81557255 94.3117878002 19.0560419912 202.597490394 452.200494418 176.546984846 46.744599488 23.2063749115 432.637507462 302.620844089 23.567469548 23.7019719216 99.46683696 74.2760333026 24.4875186922 25.1965923479 24.3501750375 48.9349086776 23.7563399882 96.3842067796 120.248831078 24.2379693815 -9999.0 -9999.0 -9999.0 -9999.0 26.6308717069 25.7795540188 5.82100886893 -9999.0 -9999.0 -9999.0 -9999.0
-9999.0 -9999.0 -9999.0 -9999.0 -9999.0 -9999.0 -9999.0 31.4478431 28.2555998922 58.0477250021 87.6726871578 29.3261621048 27.7476867204 169.924580534 224.729980492 280.0840644 26.4699049544 52.139303162 26.0443263629 585.163698734 1287.16345102 1303.72320829 5417.20605731 23.9834315142 56.5507679593 18.0254911364 475.982568114 23.2368843053 70.3522650954 23.0791765979 455.955930968 479.070478811 47.1114959575 46.6659844619 246.646065734 123.073594327 50.1411464748 24.9902423168 48.7831583535 72.9652063651 119.81739186 23.5675383883 169.72551823 194.6906043 23.4549607976 24.4868566503 25.6232286515 24.6657163506 23.8999385926 76.3951054666 26.2632060664 16.6651114038 -9999.0 -9999.0 -9999.0
-9999.0 -9999.0 -9999.0 -9999.0 -9999.0 -9999.0 -9999.0 -9999.0 58.9337801921 86.4178051161 29.0785193582 58.6127071908 86.8029482983 143.709518847 28.9389526967 28.0589594699 25.4569173607 25.8442255027 24.6166397427 652.07117462 26.1282452613 51.4810867152 5488.54353504 5550.27601949 34.7213912877 124.4150065 624.785303737 46.0750909582 92.4287293728 44.6893443893 66.8986133946 570.940878234 69.5674370105 361.406728458 292.32812518 22.9033278136 121.596930297 48.4575014911 71.8551684594 23.3088264437 144.356879423 192.631333406 215.831275086 238.413292897 286.158806098 46.0137190476 47.6081279393 45.9697087104 44.4496705543 97.9580432853 21.0216164546 63.8822335603 82.9036582189 -9999.0 -9999.0
-9999.0 -9999.0 -9999.0 -9999.0 -9999.0 -9999.0 -9999.0 -9999.0 30.301070543 146.335877122 174.923268824 28.6892718032 56.6201193647 27.9368349945 26.6995003503 26.2073255209 326.527493014 437.726468165 538.230792183 634.780366124 24.5134267582 25.6976451469 30.6776135539 5671.3334162 5737.28600154 5771.09274387 845.944177886 187.215022734 161.897735354 22.5157744986 88.6907597601 681.777435478 22.0313406892 383.733180681 22.6863530183 154.742630295 145.359350508 23.1995610742 94.691654758 46.075006089 68.5638154591 24.0524173347 22.6017381345 260.849499422 282.462929267 307.704050417 69.5134501873 67.4113127884 65.5785476717 119.410259004 161.383411282 20.8381797879 102.192835108 19.7394201053 38.4964612965
-9999.0 -9999.0 -9999.0 -9999.0 -9999.0 -9999.0 -9999.0 -9999.0 -9999.0 30.3124117708 204.225113753 232.796807664 84.9134330142 141.074293805 194.984888947 222.239180175 27.5585506344 85.4417925674 55.7456217677 27.6332302659 27.7212932529 25.8343620346 52.4069768604 92.9550830972 37.8052502464 6686.52813148 6721.60061516 33.3387379146 24.0624391585 44.4972194547 66.5830207122 747.632954698 43.872923301 405.114531984 239.675452139 196.034266435 22.7924447662 45.6566034529 116.689613298 21.8617854164 90.0975330657 45.9483216036 41.2904629184 18.6327469535 340.877975101 668.643141871 88.5819020948 86.6419939326 85.284120884 19.3618078197 180.599339796 18.9903921946 141.155026557 18.752547334 57.4664214036
-9999.0 -9999.0 -9999.0 -9999.0 -9999.0 -9999.0 -9999.0 -9999.0 -9999.0 -9999.0 28.33789087 289.923795734 28.2515270213 56.4966785801 83.1311853954 137.100464769 27.8613881525 57.9708067061 28.2814713661 27.5068728413 26.1934679503 52.251914229 24.5746502307 28.6652608933 64.6922438142 37.4975354499 6755.30845873 6821.82424317 6914.62724823 92.1354402278 21.8530487557 43.5221656118 769.716153925 754.283292392 284.743822317 22.3511117601 90.5301902763 68.0564534717 138.750981347 43.846506211 179.402381553 67.5591422785 61.8008493455 14.818314739 18.830215888 691.176019763 712.631194997 907.756629731 144.900577947 39.5858829761 201.054041423 239.754770883 399.224333189 37.1487469667 17.7721534973
-9999.0 -9999.0 -9999.0 -9999.0 -9999.0 -9999.0 -9999.0 -9999.0 -9999.0 -9999.0 -9999.0 14.2747279354 321.53623836 27.6854053803 54.2654280742 246.627533911 29.0648579525 29.082907069 26.2087327254 53.8794584668 25.7998686873 103.950004472 153.761564966 178.012543465 89.7849700383 120.798004829 35.2776720858 37.0928602867 33.6305753405 7058.27784897 7126.57349014 790.870592925 795.846517223 775.273681739 42.9786260806 21.1845412061 111.937575196 293.632396435 160.352069047 65.4068548371 266.151766741 128.271194442 107.476157858 29.0209900398 13.2093617464 13.7164900764 15.153838164 974.961743094 1180.57182988 19.256780928 18.504243307 18.9664855785 417.730273979 472.417509604 33.8367470741
-9999.0 -9999.0 -9999.0 -9999.0 -9999.0 -9999.0 -9999.0 -9999.0 -9999.0 -9999.0 -9999.0 13.3125336452 354.570458517 438.904160271 26.6291188813 300.257710682 27.2925387865 26.1414903122 51.1647399838 130.306036856 25.1496716742 26.0308518655 24.299469582 227.434170111 251.099498074 396.572116564 456.809547319 485.441746033 518.14450405 549.249177991 7707.23234555 8554.53502199 9406.08464178 9430.77322429 24.7555769741 21.477021052 336.458989925 315.246599842 21.2105540732 20.7735262143 285.562707861 435.187222086 19.229578339 216.055544444 199.026472359 60.189424562 30.4075831798 47.7739934402 21.7012578357 1221.39121269 20.6154844324 57.0024866748 75.1550558959 599.490511316 645.09283341
-9999.0 -9999.0 -9999.0 -9999.0 -9999.0 -9999.0 -9999.0 -9999.0 -9999.0 -9999.0 -9999.0 29.8705575366 57.6790023043 466.344164333 518.640215148 26.658959217 349.29769937 24.6062277332 74.3976206074 154.655186832 49.4205310504 24.2116139213 50.0433217664 23.7430389363 45.5678949863 21.7742551913 20.5525348951 17.9308339197 16.9397912415 17.7408693248 19.7108455185 25.7699264818 31.1196419324 34.1376911148 9517.17050751 442.926419146 393.254618864 26.9655991153 62.7021179824 14.886489644 11.7608166337 455.61652216 733.224323851 237.732963358 171.625125184 32.1247475741 14.8300762706 14.0606818487 33.2517551125 1275.20478989 1315.56155211 20.6232630724 20.7527602797 18.1250543817 13.0806560645
-9999.0 -9999.0 -9999.0 -9999.0 -9999.0 -9999.0 -9999.0 -9999.0 -9999.0 -9999.0 -9999.0 -9999.0 27.304462851 354.970606548 900.387461094 980.928786406 1355.22532035 1376.74578109 348.170915024 253.271300358 74.0898270504 23.9882307365 97.7385456573 121.375563669 188.941336686 44.2733219648 42.1551122821 39.786387132 78.169909287 38.9358636768 40.3021079918 18.2970966026 14.7179664944 18.6614125304 9544.07171397 9999.80471265 10027.5594026 28.6286496619 186.363601346 68.6173404019 21.2747121533 798.115554936 44.8098005096 22.8918351814 91.2784080728 20.7083277551 20.2175268075 39.5179210414 58.1223859767 77.8741166392 1352.80717357 18.2136829597 16.9688943666 17.056990314 14.3190074129
-9999.0 -9999.0 -9999.0 -9999.0 -9999.0 -9999.0 -9999.0 -9999.0 -9999.0 -9999.0 -9999.0 29.201451674 270.336092411 327.88569484 54.5898150481 15.4244102409 36.9162445591 1439.41461046 1462.09895241 1830.67574558 22.9913484314 46.7978017972 21.8685818505 22.2378130769 210.897767589 277.094129622 340.144195226 20.698624593 98.8930854036 158.163378164 98.5633565638 38.4056688545 32.4841868971 32.6570977428 36.4610604222 22.6328587003 10053.3548515 10078.0960632 10313.6215135 39.6395870475 19.9983866465 813.408616602 45.1546150317 23.134508553 23.8447947035 23.6211829075 22.36971555 43.2022243015 127.29178157 225.806657984 1596.79594323 15.7434251599 47.1323748257 31.7601121092 28.198520953
-9999.0 -9999.0 -9999.0 -9999.0 -9999.0 -9999.0 -9999.0 -9999.0 -9999.0 -9999.0 -9999.0 29.8210611867 185.048950362 29.2422974762 27.0274473476 134.261521273 159.520108976 185.504109351 210.240662175 2491.26814432 2510.66580554 2553.36032993 2877.76214126 2945.54175329 2986.57048468 3009.15239679 3399.03026891 3451.59590106 3471.68987031 3651.33871432 3771.54198091 3791.65823758 3861.30123614 52.0552845325 51.8947979749 15.3348282045 19.4099959614 10102.5369984 10401.7216678 62.5342560162 933.691120575 915.277213289 87.7289332146 21.5072049343 21.7670628181 21.3799413355 21.1052374991 42.5131778166 63.4770139766 21.489951222 1614.73766313 1633.17941463 1729.06335331 1745.68051138 1789.84840316
-9999.0 -9999.0 -9999.0 -9999.0 -9999.0 -9999.0 -9999.0 -9999.0 -9999.0 -9999.0 -9999.0 94.5468940584 125.002577777 58.6903906701 86.9076305044 27.9334147589 322.009243508 348.982690052 402.444525126 425.648116881 179.401832851 2766.86475323 2786.70815691 22.9623305468 18.7886468007 16.9699243735 36.415643872 17.5777203237 14.4910212634 13.5067364872 14.7979830546 3809.56792024 3880.10129224 3950.76773414 4019.90071365 4089.03881057 34.3143448165 15.313400641 11400.2404706 974.085865594 952.553668429 20.4887585846 20.2409060865 19.4222729053 41.2118155479 41.0592174285 19.0796349329 19.1247316537 18.4144917912 39.6732698973 57.0081510693 14.9826533725 27.9231409248 11.7985989376 7.98552558524
-9999.0 -9999.0 -9999.0 -9999.0 -9999.0 -9999.0 -9999.0 -9999.0 -9999.0 -9999.0 -9999.0 -9999.0 63.8416104578 29.9206047668 28.3755996482 268.301137804 296.040046342 27.5671358863 110.543354861 136.0699012 159.886372909 25.2906695186 23.4465950826 452.648237102 473.965208689 494.336732398 1266.13845734 1282.7808126 1311.36961213 1444.4948176 1528.67625499 1541.72273304 12.066022681 12.6138852902 12.883879144 4124.96930969 17.4518461866 11607.1854755 11577.2070859 155.537646727 132.564866129 79.4282408493 19.6465613998 39.0288976105 61.0591392265 60.800981221 37.6066944942 18.4529612183 36.759671203 36.445463606 73.9993471057 9.95017090666 38.9149322935 66.8700668723 83.4473208982
-9999.0 -9999.0 -9999.0 -9999.0 -9999.0 -9999.0 -9999.0 -9999.0 -9999.0 -9999.0 -9999.0 -9999.0 32.687452315 92.79541148 121.827794265 212.24766787 29.1434510174 57.4590969882 84.6947816888 312.884366086 336.252396117 355.42575004 379.560442077 406.417968947 634.01815307 710.592597838 753.773007658 17.91785151 103.088510263 119.696838011 1487.96931383 1557.13501667 1585.09719966 1613.11223894 1641.80432921 5785.37166841 15.3291077586 11675.7700597 35.3122831723 15.4558973659 113.018544973 96.5627058764 15.3530341952 56.4651495018 78.8841061826 78.6401214029 54.622323762 89.9306723961 142.709367901 53.0269097732 143.094458749 12.6497924857 19.3791833032 7.4694214314 6.32481692192
