data/baseflow/mHMbf_acc413.asc
ncols                  80
nrows                 72
xllcorner      4374000.0
yllcorner      5656000.0
cellsize            500
NODATA_value       -9999
[rows 25 to 49 of 72, columns 0 to 54 of 80]
-9999.0 -9999.0 -9999.0 -9999.0 -9999.0 -9999.0 -9999.0 -9999.0 -9999.0 -9999.0 -9999.0 -9999.0 18.768541452 37.4100654597 17.6831382687 35.7509421996 16.072880393 120.959623178 151.668020552 167.429352284 14.2589188957 26.9966000952 274.572297765 336.653892545 346.909132322 23.8472386608 22.5803107041 31.5108170856 4.61200601107 4.23008145348 8.02371296347 4.41209525554 441.190891455 446.65781036 451.034818187 3065.53606714 6407.2643697 6370.65092382 6.4164601065 2.95530614778 2.70241692729 12.2536161286 9.79980764434 30.7542471979 45.4251748103 91.5759199401 8.08329096534 8.03327851753 72.8052824801 79.4865050561 153.902054627 157.80069582 166.986945938 170.0850356 2.78690196671
-9999.0 -9999.0 -9999.0 -9999.0 -9999.0 -9999.0 -9999.0 -9999.0 -9999.0 -9999.0 -9999.0 -9999.0 -9999.0 18.0624153277 36.1373174584 54.3317324035 87.7235248805 17.3505150246 15.8633247742 115.911479244 130.319199908 251.059954428 265.31964565 39.8839699177 13.3017566455 11.961533259 10.8588396195 411.797858166 418.43987345 423.635150725 427.697791481 436.361834585 60.6656578016 65.7612484181 521.131745 9998.10706809 28.5952995053 22.3655649731 10.3431918528 2.98903711906 2.41083882836 17.5802312656 19.5609364763 35.1688997612 2.17155921056 94.5299286628 12.6269500349 12.3193198287 2.03090156293 1.49895605044 1.44816656455 1.89857100837 1.4913116921 171.902493905 2230.3495057
-9999.0 -9999.0 -9999.0 -9999.0 -9999.0 -9999.0 -9999.0 -9999.0 -9999.0 -9999.0 -9999.0 -9999.0 -9999.0 -9999.0 17.4118674646 35.0302382734 51.533329435 68.3755573114 84.3009112414 100.617448994 47.5743250305 78.8356765819 14.35662753 13.8850246727 350.735656748 377.447415589 389.785896706 402.51565465 9.00904605856 15.8598154409 42.6619932477 48.7800761736 54.7251279141 6.04486839027 5.13908982492 10015.8727457 6.3494010554 7.74546848557 3.75520020637 12.8907928297 6.09091856429 3.34190676349 57.8917915101 61.1305166834 2.24971128339 97.1265740427 111.412987113 14.117207114 2307.08492488 2303.43393266 2300.1141131 2292.34865613 2288.6043363 2240.21686056 2237.41439259
-9999.0 -9999.0 -9999.0 -9999.0 -9999.0 -9999.0 -9999.0 -9999.0 -9999.0 -9999.0 -9999.0 -9999.0 -9999.0 -9999.0 4.75704303623 10.6638617267 16.7765812766 165.12350305 181.597159329 16.6798322484 16.035277206 15.7970880513 294.475690662 324.158850738 14.1934821295 14.4837566781 11.7837638792 48.9339716983 60.7979351348 27.8292682822 35.007808271 282.614496001 290.93622785 306.120315634 477.656311826 10498.3364619 6.27418306333 3.11659318976 20.046461854 16.4464828483 3.03995347995 9.5394398521 12.4504728403 64.3477218835 67.1300737532 185.254848418 113.536475183 15.8573215477 2355.67518067 21.9195932954 2296.81955911 2294.69437834 45.0906416505 3.56690602934 4.30502582899
-9999.0 -9999.0 -9999.0 -9999.0 -9999.0 -9999.0 -9999.0 -9999.0 -9999.0 -9999.0 -9999.0 -9999.0 -9999.0 -9999.0 24.4804648808 40.1856222809 82.7891323669 147.638307077 198.004238611 232.909756415 248.942575029 265.106400812 280.513733883 14.5273301847 13.1542450613 25.7726262455 24.3387616073 12.7615181309 246.508512588 258.092377853 268.730904221 278.544623192 150.298918555 156.569900787 165.140610287 10502.4162315 11.1969632662 7.95844575234 30.401833607 3.35774689462 6.35304218364 3.45876538881 2.69304426296 15.381430579 2.27397470938 2.4087237839 2553.76237457 2366.51309411 2363.9735019 8.79580040167 20.0016870363 12.6818774218 2.72830751419 38.4837015391 10.2824876073
-9999.0 -9999.0 -9999.0 -9999.0 -9999.0 -9999.0 -9999.0 -9999.0 -9999.0 -9999.0 -9999.0 -9999.0 -9999.0 -9999.0 17.1420116817 16.6126080616 32.7389248103 49.052223459 17.7025605048 18.0176623889 34.4398742181 50.5633744737 80.8731437872 96.0227112086 109.444672735 149.089292106 161.359538619 174.635421152 11.8968899279 120.021604862 129.665948959 137.632089716 5.4633604367 2.31248126 4.66834283251 10667.5529937 10671.4469337 10689.4849116 39.8417467974 6.7966965756 9.88486179956 2.52434817439 4.78237518741 17.6297869953 21.8306286602 4.3653943767 2564.60472235 3.48539905664 4.77544757955 5.1642525622 4.14786516351 7.4771677112 3.17520842222 26.000660463 19.5264802244
-9999.0 -9999.0 -9999.0 -9999.0 -9999.0 -9999.0 -9999.0 -9999.0 -9999.0 -9999.0 -9999.0 -9999.0 -9999.0 -9999.0 -9999.0 16.2009751789 31.8558018678 15.0478075267 30.8234829647 191.283471412 207.161641722 222.952246388 15.1017665945 15.1906214217 28.585868141 42.268704526 66.2538767556 78.6707005325 85.5707717134 96.7030393733 9.22862919729 8.05562745324 147.18466737 149.544465308 152.762859506 156.326773798 128.659326145 10833.2894757 10894.8196666 10898.0295569 10910.8283147 10923.5075442 10930.9197026 2.1214172407 23.7742591891 2566.780157 4.76868482909 2.43911094159 3.02085901038 2.98815316584 5.07518986694 4.30844808295 2.47011812765 3.52659977285 3.16052634161
-9999.0 -9999.0 -9999.0 -9999.0 -9999.0 -9999.0 -9999.0 -9999.0 -9999.0 -9999.0 -9999.0 -9999.0 -9999.0 -9999.0 -9999.0 -9999.0 47.3636576689 63.3152545306 110.516252993 144.30714386 17.4171170575 257.766983326 272.696258341 287.00941132 13.9318249387 27.4489732341 11.9935316304 91.2201923358 97.5151171436 107.466987987 117.668043465 140.820757839 143.260247305 1.77116871274 114.195608374 121.458063082 125.240081317 139.828192298 17.9306571253 11.1057270348 6.43089901187 6.17582823839 10938.4259177 10941.7363711 10980.8436433 2568.80844473 13.7059227346 7.20153392459 4.91139897407 1.51392940191 14.0348225638 7.04463001231 2.20743307342 11.8198185678 9.93542646468
-9999.0 -9999.0 -9999.0 -9999.0 -9999.0 -9999.0 -9999.0 -9999.0 -9999.0 -9999.0 -9999.0 -9999.0 -9999.0 -9999.0 -9999.0 -9999.0 16.5464339606 79.2830269665 95.5624496039 18.067851294 16.4054951382 32.9606574278 48.3838290422 350.181006438 13.9418622187 55.8273614587 68.3079395766 80.471520447 6.60427997768 15.7750468534 20.3031128304 92.8697476912 102.041957949 105.315087913 3.56940510992 3.44216772968 3.96372976235 7.28644454854 3.0615116571 3.24257436864 5.08642099225 4.55075916504 5.07429637048 12.8500668238 10984.4568086 13561.7324766 16.7138081182 3.23843978616 1.56540993252 42.1715920482 38.8385869998 22.4502476938 20.0385039899 14.8460366155 3.4175653743
-9999.0 -9999.0 -9999.0 -9999.0 -9999.0 -9999.0 -9999.0 -9999.0 -9999.0 -9999.0 -9999.0 -9999.0 -9999.0 -9999.0 -9999.0 14.9558146572 46.7764704072 15.3191961604 18.452229569 17.8779816934 34.4710019121 50.6670357325 65.795364265 430.540158235 443.970745052 13.7556054818 26.2444687606 38.8814507098 47.3038373221 56.2107778911 81.2446592728 89.1323152273 4.7494497703 4.72552699388 4.30649458527 5.085884219 5.25043093442 5.45458266603 4.7222711231 6.13633252932 18.4048593911 8.63353725486 3.45426331659 3.39804654994 2.81959375819 5.27284389146 13694.9977391 113.050551594 52.1089125357 5.95281806205 2.97385804063 1.85449646553 5.93240746137 3.88879011171 1.93540715588
-9999.0 -9999.0 -9999.0 -9999.0 -9999.0 -9999.0 -9999.0 -9999.0 -9999.0 -9999.0 -9999.0 -9999.0 -9999.0 -9999.0 15.8441282541 30.3390090462 107.245829117 14.927478697 35.7905723266 53.2826383226 69.6948907746 16.8631738597 31.7746345398 47.012081266 504.54085281 13.0871256159 24.8485195033 36.9087094791 10.9296302748 21.4995756738 25.8582235053 32.9519977644 877.240225963 886.882403187 895.845447153 934.478691927 950.071195203 979.842853843 7.45535486059 17.3884269315 22.3404425734 1068.05605026 1074.19287789 3.13528708664 5.20325282538 7.20460656507 13698.862253 107.097038428 47.1472154996 43.5213053086 38.2743703389 34.5809880784 7.8301279043 1.98064452761 3.53314182602
-9999.0 -9999.0 -9999.0 -9999.0 -9999.0 -9999.0 -9999.0 -9999.0 -9999.0 -9999.0 -9999.0 -9999.0 -9999.0 -9999.0 15.8347527176 48.0578209245 171.003168903 252.854274093 13.8476390496 330.630575687 415.293119289 15.9364855299 30.7395195102 45.9999977815 636.886535121 649.491016148 9.83235534592 56.7455366156 65.880809741 74.2080606808 814.652318392 829.726572331 839.821429704 4.94394930185 27.9649774711 33.1440600327 13.9830137328 19.721795681 1008.05739609 1034.14850135 1038.68613744 1042.96544806 1079.41039447 2.53583898087 2.25339454936 11.3748135314 13702.2790344 3.90682739597 0.73580585386 2.12806743751 0.826235792978 29.9558967396 26.943240267 16.0881850705 11.0879181458
-9999.0 -9999.0 -9999.0 -9999.0 -9999.0 -9999.0 -9999.0 -9999.0 -9999.0 -9999.0 -9999.0 -9999.0 -9999.0 -9999.0 -9999.0 -9999.0 33.2265581679 66.8768162011 299.685537962 315.984838656 429.956267052 445.174174206 15.5922589656 31.1795220929 73.5174922681 662.1293105 682.847805566 691.122923252 6.6499364087 719.914532741 734.919264507 9.79673202667 5.01084867366 9.6414115036 18.7825836115 4.53806730553 9.00684612171 19.6284696671 24.3591331056 4.72757573733 3.33898815503 6.56011878134 1103.89305687 1111.66813332 1113.65475291 1130.52296334 13705.2992425 3.31260340261 0.475439084313 0.56483066088 0.552763308591 0.571141522982 0.498777951859 0.915434877718 1.95587557303
-9999.0 -9999.0 -9999.0 -9999.0 -9999.0 -9999.0 -9999.0 -9999.0 -9999.0 -9999.0 -9999.0 -9999.0 -9999.0 -9999.0 -9999.0 -9999.0 17.2605112787 16.9880900647 16.5869257278 32.5514560157 14.4272270066 473.945565668 487.967181765 14.7381444685 28.8674356965 12.5452046934 10.0118656384 9.69310629261 707.345148688 4.71222787124 9.47193021318 5.64999869897 5.16514554263 4.62059207322 3.64080512036 3.78256009305 11.5158107138 15.7545011331 3.14835263606 2.87327340604 6.17239900373 10.1717678077 13.5190540727 3.93527692078 1116.86051557 1132.55672582 13707.7409277 8.61571593429 1.76491834436 0.307143735949 0.787864015564 0.243185322205 0.182779502265 1.12389638811 9.17446248927
-9999.0 -9999.0 -9999.0 -9999.0 -9999.0 -9999.0 -9999.0 -9999.0 -9999.0 -9999.0 -9999.0 -9999.0 -9999.0 -9999.0 -9999.0 -9999.0 -9999.0 -9999.0 16.8000863847 48.1163786986 62.0022943457 76.1275103458 501.745928262 515.487779907 528.965038768 542.533850294 551.963741315 571.432432134 576.221754213 580.50819646 584.798002086 4.59453403856 4.27129794024 4.49670465861 15.8873612882 4.18929815654 3.9798993597 3.1749276933 9.29297153011 3.71323895381 2.94864457637 2.7464886096 2.48786176272 4.965432059 7.0515161814 1146.69678206 14865.4588055 3.44578874845 5.92500410357 0.237185969369 1.0639650116 0.560493577936 0.3686075963 17.5413290621 15.2096958009
-9999.0 -9999.0 -9999.0 -9999.0 -9999.0 -9999.0 -9999.0 -9999.0 -9999.0 -9999.0 -9999.0 -9999.0 -9999.0 -9999.0 -9999.0 -9999.0 -9999.0 -9999.0 -9999.0 14.5730118992 111.823275346 218.529979469 232.934579343 16.8128472878 31.6488466465 46.0005837997 57.1495665497 133.158959999 138.048543697 4.7446969835 4.58055740095 594.391012612 602.76553308 606.600021506 18.8734011035 2.76383399567 6.73146935655 9.90501646872 29.7918145154 36.728992146 42.3496204006 5.17002479193 7.19760261776 2.4270567221 4.81896595674 2.47766668911 14870.3933259 2.7249865901 11.4073044078 2.48354925123 4.68316713666 16.7901494005 18.4628976228 37.4568040206 14.9210158667
-9999.0 -9999.0 -9999.0 -9999.0 -9999.0 -9999.0 -9999.0 -9999.0 -9999.0 -9999.0 -9999.0 -9999.0 -9999.0 -9999.0 -9999.0 -9999.0 -9999.0 -9999.0 15.7773365474 49.6628276306 97.5728981427 127.913943941 324.861040257 340.567908359 29.9076376491 44.3294853999 56.4099367567 67.1180000691 142.829840655 152.431184849 264.784494763 273.285480529 277.742002197 610.450062509 639.165940506 6.56305243917 4.24574028373 4.04582436802 7.73973988439 3.57327035679 49.3410897248 52.0076735272 9.49376522121 12.5083625224 2.833070185 3512.49882307 3517.68972102 18391.4118549 18406.8128607 3.10726348544 11.3634339707 3.72232836797 2.67167288828 41.8925937436 58.2960012809
-9999.0 -9999.0 -9999.0 -9999.0 -9999.0 -9999.0 -9999.0 -9999.0 -9999.0 -9999.0 -9999.0 -9999.0 -9999.0 -9999.0 -9999.0 -9999.0 -9999.0 -9999.0 -9999.0 17.5186776564 17.0379565547 32.6234259613 77.7918420004 354.993979649 15.3715664127 15.229742168 27.259756496 39.53257627 92.3485701728 98.7422379805 4.60406207064 5.64277904249 283.085116591 287.114991795 930.296936707 933.906719499 2.41150156784 2.14819919931 1.81045910498 1.82776158655 1.9838560023 3460.51644451 3476.96087869 3492.734187 3498.68321756 3509.55384952 2.79992129322 10.3434575984 12.4558062445 18424.4980322 18426.7735277 18430.5848643 18433.9295955 18436.7401343 60.7883115159
-9999.0 -9999.0 -9999.0 -9999.0 -9999.0 -9999.0 -9999.0 -9999.0 -9999.0 -9999.0 -9999.0 -9999.0 -9999.0 -9999.0 -9999.0 -9999.0 -9999.0 -9999.0 -9999.0 -9999.0 15.955307887 16.5264431412 30.8801280706 415.434086232 429.788678391 14.9884185344 26.9707962026 39.507811447 47.3383386068 6.56820502087 13.3120210665 883.34393504 887.65015586 892.382822358 926.410373175 1864.53498241 3361.37175951 3367.15645497 3372.4014883 3377.45750257 3398.86691495 3405.85270667 13.4155653156 6.10482401754 3.60819466965 6.81445185154 5.16024216579 8.1510587589 2.54282877721 57.2544650981 63.4916875034 69.3324638992 70.2894901153 18438.7396379 18502.4595221
-9999.0 -9999.0 -9999.0 -9999.0 -9999.0 -9999.0 -9999.0 -9999.0 -9999.0 -9999.0 -9999.0 -9999.0 -9999.0 -9999.0 -9999.0 -9999.0 -9999.0 -9999.0 -9999.0 -9999.0 -9999.0 16.1849617758 31.0590314924 45.9989396718 442.465993601 13.3921227256 596.480941149 609.53856471 616.30399887 623.772294058 855.451245336 863.200814973 4.73586372032 25.0622263798 30.1911903438 4.6082483433 1491.10783008 1482.66445103 2.66931894888 6.16667216718 16.8201926344 3.74117940284 4.02481110556 3.11310949908 2.68820370974 2.08929407137 2.45908582598 49.2704824975 51.8225756987 54.8843654192 4.28172975243 4.1282120886 72.8807292154 74.3026165523 74.9651054669
-9999.0 -9999.0 -9999.0 -9999.0 -9999.0 -9999.0 -9999.0 -9999.0 -9999.0 -9999.0 -9999.0 -9999.0 -9999.0 -9999.0 -9999.0 -9999.0 -9999.0 -9999.0 -9999.0 -9999.0 -9999.0 15.0310280064 14.0904916433 72.5724585088 543.54573161 570.954815016 584.439454956 11.8137387502 216.352492588 222.051229677 224.849354827 6.86079042049 12.0230810671 16.5112573726 331.503397391 335.134934536 338.284067023 1476.90461353 938.694222902 3.38653242339 3.62498919118 3.47530466665 2.79702391162 29.3928066785 35.4468048401 40.7571592903 43.7363735535 46.6091900853 349.877166372 351.982042256 354.765292898 361.700499091 389.382504807 390.34504967 466.287123128
-9999.0 -9999.0 -9999.0 -9999.0 -9999.0 -9999.0 -9999.0 -9999.0 -9999.0 -9999.0 -9999.0 -9999.0 -9999.0 -9999.0 -9999.0 -9999.0 -9999.0 -9999.0 -9999.0 -9999.0 -9999.0 -9999.0 29.3001942009 44.428856503 15.0564226989 15.6364316302 176.715475444 189.009702345 197.15597398 68.9004398947 73.7290877883 79.2819412002 84.2141689192 323.387169199 328.32791905 189.179004845 531.434527273 535.127811338 935.935507244 7.3490186237 3.76228600367 2.67779600485 20.3178547022 23.8355421338 2.22321784832 2.08331091527 340.043889269 345.296171994 347.909870812 3.4336460746 5.02843087648 385.083393312 2.53322200358 7.43915713624 8.13373755023
-9999.0 -9999.0 -9999.0 -9999.0 -9999.0 -9999.0 -9999.0 -9999.0 -9999.0 -9999.0 -9999.0 -9999.0 -9999.0 -9999.0 -9999.0 -9999.0 -9999.0 -9999.0 -9999.0 -9999.0 -9999.0 -9999.0 14.5839642539 28.8819927 118.324681288 133.348834635 147.559854007 54.7383318578 64.004738684 5.17701327851 225.100541716 229.726598867 234.408478231 4.83021928316 179.973951325 185.083904894 3.8655203424 916.91814877 8.17442829489 4.0699349037 11.0201668726 14.7952460241 2.91052685939 2.36510585048 313.56577946 335.259338171 338.391230803 3.17781371719 7.01267057164 8.91175145702 10.8600228657 21.1464592011 2.72996641971 6.14067300398 1.15817287634
-9999.0 -9999.0 -9999.0 -9999.0 -9999.0 -9999.0 -9999.0 -9999.0 -9999.0 -9999.0 -9999.0 -9999.0 -9999.0 -9999.0 -9999.0 -9999.0 -9999.0 -9999.0 -9999.0 -9999.0 -9999.0 -9999.0 14.4589354275 44.5968888002 75.6635431162 16.0832598429 30.7506406153 43.6421647402 203.386087888 210.435412337 215.397059345 4.51827684505 152.266231415 166.052150218 170.97121137 3.51042231344 900.07346793 909.406364879 4.40160043842 4.03666168271 8.06216012436 3.31780046525 297.330405308 303.272934977 306.852726059 13.6262331721 16.9224908817 2.87836074314 5.10792389639 2.25021284583 15.7886112732 2.29371292312 1.63129033813 1.68560085411 1.69966547862
-9999.0 -9999.0 -9999.0 -9999.0 -9999.0 -9999.0 -9999.0 -9999.0 -9999.0 -9999.0 -9999.0 -9999.0 -9999.0 -9999.0 -9999.0 -9999.0 -9999.0 -9999.0 -9999.0 -9999.0 -9999.0 -9999.0 -9999.0 15.2106808685 15.9283261665 16.8184807897 145.008742276 157.225355899 192.907028216 8.40200347626 132.44155811 143.701074375 4.77873673649 9.77549157019 3.74465390463 888.178015104 4.52833753626 12.8961975729 16.233176247 19.4128277764 276.026396521 287.68753651 291.529873049 3.86514892788 7.23560368789 10.2798899713 1.89559010778 1.72769884908 871.267175314 873.037224452 874.449183967 889.375401147 891.187325364 893.440382467 894.819809321
