data/baseflow/mHMbf_acc428.asc
ncols                  80
nrows                 72
xllcorner      4374000.0
yllcorner      5656000.0
cellsize            500
NODATA_value       -9999
[rows 24 to 47 of 72, columns 0 to 54 of 80]
-9999.0 -9999.0 -9999.0 -9999.0 -9999.0 -9999.0 -9999.0 -9999.0 -9999.0 -9999.0 -9999.0 -9999.0 11.8160212588 31.0584021198 40.1193767946 67.629355439 7.63357885745 15.4925986687 22.5815191146 89.4893076867 93.8987355481 95.8270705865 100.011695856 105.62908378 171.509125221 186.574615952 192.726350864 1.31934702696 14.1073873619 15.124042177 332.380604767 335.638368072 337.178292498 338.818540467 340.196579537 1376.50080294 2.22498407812 2940.07547457 1.37615351287 0.438945926793 18.2333549442 16.8945345384 1.74532120673 9.41074167171 14.0086883392 13.7856926817 9.23522083336 15.0703024382 23.8457399616 9.01454838852 22.7046336362 1.40042741036 2.14005688688 0.12626400508 0.0972856177581
-9999.0 -9999.0 -9999.0 -9999.0 -9999.0 -9999.0 -9999.0 -9999.0 -9999.0 -9999.0 -9999.0 -9999.0 10.5670803158 20.8351418487 9.16924777929 18.6015160505 7.65344964402 61.3497554539 75.439595554 82.9566230434 6.32872700675 11.3961125734 136.047128907 162.654977592 166.92592045 10.1128913952 9.623617837 12.615408842 0.768442390922 0.632420373244 1.14363686141 0.865833370964 253.832110442 255.146680412 255.9764847 1380.57794034 2951.60478982 2940.55703528 0.574698699057 0.312304196581 0.273139606969 2.35540934671 2.13428828525 10.2030362187 15.9172737217 32.6363913608 2.91173503206 2.8977307851 25.7913507372 27.7430196472 54.2867488977 55.1055575197 57.3837782569 57.618801265 0.205900290624
-9999.0 -9999.0 -9999.0 -9999.0 -9999.0 -9999.0 -9999.0 -9999.0 -9999.0 -9999.0 -9999.0 -9999.0 -9999.0 9.38674717795 18.9449639818 28.7394635686 45.1483488005 8.73946283929 7.40337578079 66.6146084654 72.8253794399 127.105377176 133.367703119 17.3649546499 5.51597633553 4.95166940669 4.43414992471 248.148938403 249.807802647 250.709353594 251.263193268 252.776480282 18.5630259895 20.1496813719 277.238102941 4611.82179365 6.9549320869 4.12047510194 1.26354871889 0.433541520434 0.244379284957 2.86721526329 3.01373514074 10.5954222275 0.201066790367 33.0393927411 3.96337323004 3.8381486868 0.219181972701 0.115495478429 0.100867817648 0.304020639688 0.107971994771 57.738160853 726.104392263
-9999.0 -9999.0 -9999.0 -9999.0 -9999.0 -9999.0 -9999.0 -9999.0 -9999.0 -9999.0 -9999.0 -9999.0 -9999.0 -9999.0 8.98196080269 21.0432357098 32.5026520447 44.2403169405 51.8166287393 59.7239642602 21.9700005288 36.2015414782 6.20205886623 5.92651774887 223.316286319 234.388170007 239.287092387 244.599560341 3.22622579059 5.11819510667 14.3337216241 15.4735852612 16.7491977412 1.9975136831 1.89447988993 4620.33701005 2.97484238304 2.18254675004 1.06247137521 2.78025605908 1.28011551397 0.746618123741 14.1367384518 15.0938507157 0.379770516878 33.5840706683 37.6660039757 3.95208232974 737.83623961 737.491649941 737.231262821 736.365890853 735.736940411 728.543154406 727.801545742
-9999.0 -9999.0 -9999.0 -9999.0 -9999.0 -9999.0 -9999.0 -9999.0 -9999.0 -9999.0 -9999.0 -9999.0 -9999.0 -9999.0 4.11338237663 8.6363906751 11.9337281129 131.225909995 139.038573749 8.01455011922 7.33315594988 7.12968203615 199.611910277 212.346770207 5.80312091757 6.11810337765 4.49813165768 18.7382555313 23.2336402374 9.74619473537 11.7545857924 114.643841093 117.068961909 123.560129286 186.46561928 4809.63196049 3.1277183657 0.864504234345 4.81932574442 3.82135208352 0.752075458478 2.30206861676 3.04399325122 15.8789877378 16.546073635 55.3903910797 38.0101234879 4.30113573 749.082112955 4.42017452455 736.957658445 736.684921298 6.65701015002 1.14353110053 0.357527424815
-9999.0 -9999.0 -9999.0 -9999.0 -9999.0 -9999.0 -9999.0 -9999.0 -9999.0 -9999.0 -9999.0 -9999.0 -9999.0 -9999.0 20.4030139369 33.7523874253 66.9422565409 120.47763421 151.181542494 172.144795887 179.597796039 187.079947722 193.899722802 6.10555461424 5.17502332998 10.0476176816 9.34137809513 4.89816086909 101.485329584 105.845647535 109.852194352 113.408141436 54.4477890156 55.6905107406 60.0658978408 4812.04241873 6.0818668588 2.52959636605 8.20399425225 1.02780176092 2.14438910461 1.28886705494 0.684469101364 3.99702185911 0.517717233456 0.532897355173 807.489966858 751.678149727 751.12086952 2.14437056257 4.20577240283 2.42403194549 0.337560691105 4.54178322857 0.819868913062
-9999.0 -9999.0 -9999.0 -9999.0 -9999.0 -9999.0 -9999.0 -9999.0 -9999.0 -9999.0 -9999.0 -9999.0 -9999.0 -9999.0 14.2052688449 14.0312358475 27.8804089952 41.0994746457 10.4680063902 9.27925078066 16.7539875213 23.9652676046 36.7028405831 43.1243220352 48.6199104551 64.3390858986 69.0327284766 74.1117768204 4.44638982834 46.8239604095 49.9374723153 51.7575594888 0.862398021854 0.25859002743 0.752084065263 4873.23945285 4875.5137215 4885.22587601 11.625578081 2.31596913806 2.99702752732 0.64878589233 1.23913284914 4.6457785151 5.63107581152 0.957950442903 810.053574339 0.94528490423 1.17583221903 1.25181119266 1.09025332243 1.66685472872 0.676334612128 3.58921841019 2.25763069644
-9999.0 -9999.0 -9999.0 -9999.0 -9999.0 -9999.0 -9999.0 -9999.0 -9999.0 -9999.0 -9999.0 -9999.0 -9999.0 -9999.0 -9999.0 13.8625552193 26.925748132 12.0229953752 24.3433556481 149.89333611 158.265327224 165.205277274 6.32745838476 6.42885423693 11.9206435411 17.3705461026 26.4976891314 31.1895301484 34.0448120545 38.1427208741 3.19717441889 2.23723522529 54.4762594354 54.9185487157 56.1925065773 58.0243329897 52.4713970989 4945.23950314 4967.01114645 4968.26233512 4972.38843239 4976.68075726 4978.56036124 0.502579256636 6.10780866457 810.520674913 0.967408382281 0.496167345837 0.804243897328 0.866058103437 1.39013904386 0.888701051755 0.519046707399 0.857606076005 0.603256832231
-9999.0 -9999.0 -9999.0 -9999.0 -9999.0 -9999.0 -9999.0 -9999.0 -9999.0 -9999.0 -9999.0 -9999.0 -9999.0 -9999.0 -9999.0 -9999.0 39.8896745326 52.1628874623 89.215246781 113.958830582 11.8063918305 185.382552055 191.626822576 197.584976422 5.74676989539 11.1764680568 4.65409783584 36.3706372329 38.795423252 42.4792701684 46.0401173995 53.1713327911 54.0015116285 0.56283880835 44.4142164028 48.3212633715 50.6488730951 57.7415214162 8.12215350171 4.7259308638 2.2410777397 2.15173482073 4980.61063741 4981.43160749 4991.7394164 810.988176519 3.01372763543 1.66545385682 1.19039886623 0.306650907299 3.25728926206 1.48337870359 0.444498295204 2.38863668956 2.01894929873
-9999.0 -9999.0 -9999.0 -9999.0 -9999.0 -9999.0 -9999.0 -9999.0 -9999.0 -9999.0 -9999.0 -9999.0 -9999.0 -9999.0 -9999.0 -9999.0 13.1434950931 64.9559350032 77.7035342925 12.2459062889 7.38874463765 15.0144050292 21.6387969625 225.59847599 5.69733047501 22.8540389198 27.7410387095 32.4197452539 2.54144974787 5.88984161683 6.98097347344 35.1307856787 38.1706009551 40.0053908216 1.92343193073 1.63874490058 1.56483652461 2.88007852964 1.09394263665 1.15837158073 1.48058945908 1.49350936311 1.47913467568 3.61342104473 4992.61430335 5805.57058869 3.67931871552 1.08311727285 0.361177513198 9.29737693994 8.62048890282 4.83174230158 4.26471179675 3.06282723595 0.803995292263
-9999.0 -9999.0 -9999.0 -9999.0 -9999.0 -9999.0 -9999.0 -9999.0 -9999.0 -9999.0 -9999.0 -9999.0 -9999.0 -9999.0 -9999.0 12.465729727 37.2946429901 11.8997781916 10.7358799775 8.81747508602 16.3961127425 23.6453763372 31.3248954055 266.658483005 272.164954401 5.69833040018 10.6901246157 15.7665482583 18.9058179441 21.5777267703 29.2116889395 33.3709284327 0.678087130619 1.28447135251 1.41045212905 1.43815137269 1.61669368792 1.82634172189 1.5860247386 2.18586893511 5.7753233378 2.72864945417 1.04897540254 1.03390068382 0.666186432044 1.20880713885 5841.33565144 30.841900334 12.4227016687 2.11902416231 1.11004722612 0.53104529888 1.42485573156 0.841290098343 0.372769825054
-9999.0 -9999.0 -9999.0 -9999.0 -9999.0 -9999.0 -9999.0 -9999.0 -9999.0 -9999.0 -9999.0 -9999.0 -9999.0 -9999.0 13.2556047288 25.3119910064 86.7194659268 11.4671610588 22.3607333219 30.7873578967 38.2889834743 7.91674192906 14.3657812886 23.6096171163 304.49937548 5.33159873311 9.97830812014 14.6763207928 4.11254510608 7.91617606916 8.47729202764 11.6675467665 460.065163751 462.963564382 465.89935722 478.077700808 482.855801551 491.920835901 2.25579414968 5.33894694403 6.70301547956 516.874530657 518.575162318 0.933348087432 1.37130651593 1.80359455136 5842.40656503 28.9109411714 13.4058507283 11.8836009059 10.371719365 9.12933928741 1.8809472723 0.530163901248 0.77895858358
-9999.0 -9999.0 -9999.0 -9999.0 -9999.0 -9999.0 -9999.0 -9999.0 -9999.0 -9999.0 -9999.0 -9999.0 -9999.0 -9999.0 13.3349560796 40.4160763126 140.297383885 208.633619126 10.3603540039 269.164418328 317.928628952 7.31492550798 13.7345733443 22.3016121936 369.274958483 376.688889601 4.10730487998 22.9173406713 26.5777355394 29.220295979 441.461189996 444.536596081 447.551941764 1.60744934063 8.96237185254 10.5911313677 4.07272699881 5.70910213535 499.773011787 507.380083175 508.507628526 509.551367547 519.67531456 0.531393525202 0.446167255187 2.66808426417 5843.33251207 1.41356578953 0.0898591459846 0.260508022824 0.117913320651 7.55292692469 7.27256485446 4.4255293292 2.88178273016
-9999.0 -9999.0 -9999.0 -9999.0 -9999.0 -9999.0 -9999.0 -9999.0 -9999.0 -9999.0 -9999.0 -9999.0 -9999.0 -9999.0 -9999.0 -9999.0 27.9691817104 56.2106670806 245.987066242 258.828266276 329.276190742 340.038768522 6.99372195522 13.9852421503 33.6662062411 384.867044348 394.306433805 397.646312854 2.56643804512 408.275152993 411.251969548 2.10572459588 1.63663556088 3.15730403839 6.05137694143 1.4201295671 2.71624299327 5.65027465572 6.90038205072 1.27982990994 0.785842943911 1.51728212566 525.798612141 527.691962622 528.08702682 531.93331866 5844.11983127 1.24662785112 0.045867264838 0.0586284492889 0.0600498929613 0.0632082819984 0.0538153998731 0.0955843302326 0.600053285403
-9999.0 -9999.0 -9999.0 -9999.0 -9999.0 -9999.0 -9999.0 -9999.0 -9999.0 -9999.0 -9999.0 -9999.0 -9999.0 -9999.0 -9999.0 -9999.0 14.5776640613 14.256129503 13.4866727946 25.269096867 10.7171765901 361.591206823 371.325407153 7.20963008026 13.3214771653 5.7613636965 4.39139699661 4.2117867589 403.711268968 0.786010647002 1.58962437624 1.47394867124 1.75762864649 1.4814527396 1.0656506275 1.11872332655 3.37378008993 4.65208539023 0.819123682667 0.698317697737 1.50822982436 2.56210959351 3.57043180748 1.05666440671 528.75958292 532.342625203 5844.74879785 2.8223062282 0.108001428895 0.0231825984015 0.0779185555354 0.0186308833843 0.0142936927224 0.112177096869 2.74646272888
-9999.0 -9999.0 -9999.0 -9999.0 -9999.0 -9999.0 -9999.0 -9999.0 -9999.0 -9999.0 -9999.0 -9999.0 -9999.0 -9999.0 -9999.0 -9999.0 -9999.0 -9999.0 14.0286620569 37.9010563048 48.5785788634 59.1741523624 381.663663882 391.937699879 401.297384842 409.675993977 413.754256297 422.263201962 423.148578488 423.792855862 424.632437732 1.5549470388 1.39945405241 1.46310592676 4.84618851381 1.28092925463 1.1717137031 0.877698230067 2.48142707202 0.969312561764 0.702693818485 0.644959431351 0.534030739914 1.06551280518 1.52296209352 535.395225705 6383.56179497 1.41023525307 2.07203062169 0.0146552914156 0.100630967747 0.0465038271269 0.0287827578147 5.15245338973 4.69255026707
-9999.0 -9999.0 -9999.0 -9999.0 -9999.0 -9999.0 -9999.0 -9999.0 -9999.0 -9999.0 -9999.0 -9999.0 -9999.0 -9999.0 -9999.0 -9999.0 -9999.0 -9999.0 -9999.0 11.7632609145 92.4945607313 176.42602051 186.723298775 11.0085278154 18.2353047786 24.4280868937 29.1248328675 61.4967817633 63.094949461 1.59295803109 1.47920405169 427.983210084 430.765210879 432.036199256 5.71584778807 0.734400564208 1.83399312084 2.68447420371 8.01722692884 9.82335090711 11.1499594224 1.20246102423 1.64628507425 0.539709866096 1.06195034142 0.543355935744 6384.59787441 0.907092601194 4.05223578338 0.588614633563 0.891301752003 5.40571487697 5.88195290959 11.5828049683 3.72066453084
-9999.0 -9999.0 -9999.0 -9999.0 -9999.0 -9999.0 -9999.0 -9999.0 -9999.0 -9999.0 -9999.0 -9999.0 -9999.0 -9999.0 -9999.0 -9999.0 -9999.0 -9999.0 13.0354659432 41.4729799662 81.055042904 105.821738225 261.742410585 272.463701369 13.1886712091 19.3061143954 24.1843626814 28.6278008337 64.1412283302 67.1192562846 109.417038626 112.452748376 113.862835996 433.235079085 441.650632191 1.81239873402 1.2148359116 1.13345520317 2.10387541598 0.92560150034 12.9245856895 13.54691117 2.15501535562 2.96889247449 0.632429976141 1901.0081044 1902.1347757 8287.46277086 8292.7357987 1.24614477034 3.56156581136 1.54585361155 0.894104617676 12.8141987063 16.8999329863
-9999.0 -9999.0 -9999.0 -9999.0 -9999.0 -9999.0 -9999.0 -9999.0 -9999.0 -9999.0 -9999.0 -9999.0 -9999.0 -9999.0 -9999.0 -9999.0 -9999.0 -9999.0 -9999.0 14.7947453123 14.2779621395 26.977991839 63.8159584982 283.752333901 6.86580311679 6.75903576487 11.7469329835 16.8258735327 36.7601200034 38.332067746 1.07582748396 2.00364892425 115.724780946 116.936681896 559.756398273 560.758925064 0.584451890385 0.514026112739 0.40687154965 0.410777613158 0.446557200314 1888.53089583 1892.36015968 1896.2426024 1897.76205342 1900.27365977 0.604791484269 2.17054894978 2.51549432257 8296.42231049 8296.99398467 8298.47768744 8299.3490863 8300.19404649 17.352591362
-9999.0 -9999.0 -9999.0 -9999.0 -9999.0 -9999.0 -9999.0 -9999.0 -9999.0 -9999.0 -9999.0 -9999.0 -9999.0 -9999.0 -9999.0 -9999.0 -9999.0 -9999.0 -9999.0 -9999.0 13.0904213373 13.6988302571 25.3041983555 332.951284276 342.815392532 6.58366070259 11.6028250625 16.8222822725 18.7707938116 1.43150148588 3.54970403899 626.244798319 627.649349294 629.291033957 640.591161891 1202.6816535 1862.85522647 1864.38785216 1865.69336606 1866.94714669 1872.51981095 1874.35788525 3.18797303415 1.36756626935 0.855626643442 1.58225806885 1.06878678481 1.72791509105 0.526354359352 12.746637578 15.0731085868 17.5972904967 17.7530357285 8300.53652238 8318.49051575
-9999.0 -9999.0 -9999.0 -9999.0 -9999.0 -9999.0 -9999.0 -9999.0 -9999.0 -9999.0 -9999.0 -9999.0 -9999.0 -9999.0 -9999.0 -9999.0 -9999.0 -9999.0 -9999.0 -9999.0 -9999.0 13.3006265501 25.3756282723 37.5295124938 352.677612168 7.95628923051 464.788162435 470.280224877 471.713488818 474.004232839 617.356909703 620.229560256 1.51355170038 8.40073765872 10.0105973714 1.4394073911 658.70682477 656.143390262 0.691842925208 1.68266674597 4.47493901757 0.997547197055 1.04080491613 0.684964772967 0.553203068797 0.415285557333 0.490678410837 11.1663021494 11.6833151131 12.3370545222 1.93702936541 2.12840015563 18.8625470193 19.1283163363 19.2401129599
-9999.0 -9999.0 -9999.0 -9999.0 -9999.0 -9999.0 -9999.0 -9999.0 -9999.0 -9999.0 -9999.0 -9999.0 -9999.0 -9999.0 -9999.0 -9999.0 -9999.0 -9999.0 -9999.0 -9999.0 -9999.0 12.1581793688 11.2964961708 58.5049974616 432.99274805 451.482099087 459.797036518 5.22013120499 139.578152511 140.68974281 141.474908695 2.36336185396 4.13976032551 5.54421572344 152.293589899 153.37373233 154.248528106 654.594019504 424.374575662 0.961819132794 0.963863586002 0.900465034631 0.647682646597 7.0009947553 8.29557282782 9.40921801504 10.0325042576 10.6268832285 102.874595395 103.291807622 104.052477933 105.852422175 111.025578149 111.181777141 130.574057341
-9999.0 -9999.0 -9999.0 -9999.0 -9999.0 -9999.0 -9999.0 -9999.0 -9999.0 -9999.0 -9999.0 -9999.0 -9999.0 -9999.0 -9999.0 -9999.0 -9999.0 -9999.0 -9999.0 -9999.0 -9999.0 -9999.0 23.6379893623 35.9316141311 10.9774163002 6.92572568291 123.864089389 129.272518895 132.29380022 32.829349906 33.6467857911 34.7963873615 36.3858579018 149.786334123 151.423211056 72.9087899536 228.317593879 229.367204957 423.665329634 1.91234609662 0.949303749923 0.612881437006 4.91434906828 5.74105124508 0.431426675174 0.395844216925 100.903500599 101.956566845 102.490218472 0.784560233489 1.2438770031 110.400086954 0.332542089713 1.0289477309 1.14012659493
-9999.0 -9999.0 -9999.0 -9999.0 -9999.0 -9999.0 -9999.0 -9999.0 -9999.0 -9999.0 -9999.0 -9999.0 -9999.0 -9999.0 -9999.0 -9999.0 -9999.0 -9999.0 -9999.0 -9999.0 -9999.0 -9999.0 11.7712912497 23.2556501057 92.5274285036 103.302616736 111.232398124 28.1170007238 31.9456673237 1.03476865179 110.100122916 110.928812389 111.825071174 1.32925526044 69.9348939416 71.6584850356 1.10746307086 418.556142407 2.28329990402 1.12939116972 2.72185251661 3.67549762973 0.644011697817 0.504818325984 95.4126928021 99.9290803626 100.587416638 0.646906178725 1.29650185015 1.62588584385 1.95324921997 3.92250913399 0.381481175161 0.845654449385 0.167169445076
