data/baseflow/mHMbf_acc464.asc
ncols                  80
nrows                 72
xllcorner      4374000.0
yllcorner      5656000.0
cellsize            500
NODATA_value       -9999
[rows 25 to 49 of 72, columns 0 to 54 of 80]
-9999.0 -9999.0 -9999.0 -9999.0 -9999.0 -9999.0 -9999.0 -9999.0 -9999.0 -9999.0 -9999.0 -9999.0 20.554866803 40.4604350446 17.8900995516 35.9043012285 14.7531905164 119.083590616 147.479640131 162.509355415 13.4393217417 24.7727457195 264.883407903 323.761440841 333.293009291 24.8792573515 22.0365037873 30.3514427107 5.44680182417 4.72642848551 8.95288790953 4.43808161822 430.548623094 435.049672208 439.232357461 2893.3419667 6045.14218088 6008.69443692 6.94559434403 3.42088047717 3.03783779112 11.3305050696 8.91828594823 29.2302296092 43.936482615 89.0241634186 7.56336611418 7.48707516396 71.4162421539 77.8781860978 152.411712036 156.672193986 165.120035251 168.187953359 2.73317812019
-9999.0 -9999.0 -9999.0 -9999.0 -9999.0 -9999.0 -9999.0 -9999.0 -9999.0 -9999.0 -9999.0 -9999.0 -9999.0 17.7210318598 36.3238625787 55.4743607798 87.5130461099 16.9483648179 14.916130587 114.389011721 127.767975765 242.745787559 256.99678761 38.551245868 13.2536125593 11.9191120454 11.004042395 399.832527141 406.656473514 412.547383209 417.272472075 426.282921455 59.2670396076 64.3632793435 508.027318538 9449.59103617 28.1042823711 22.9521407951 11.1868641018 3.02485358539 2.45275871632 17.3134121116 19.2118631204 33.9080269191 2.26823445963 91.8915087574 11.8249204007 11.439007644 2.14193365782 1.46324895799 1.3718770414 1.61548365625 1.54031574277 169.82344453 2373.61460883
-9999.0 -9999.0 -9999.0 -9999.0 -9999.0 -9999.0 -9999.0 -9999.0 -9999.0 -9999.0 -9999.0 -9999.0 -9999.0 -9999.0 17.5676037952 36.1921614759 52.9551886929 69.7103083487 84.7232966686 100.496247409 45.1127398537 75.9183029942 13.6647131875 12.8460548295 339.756324626 365.379477615 377.172771117 390.334546321 9.39930686862 16.233272486 42.6633147098 48.605830049 54.1391710551 6.39097183359 5.24835498569 9464.85549213 5.22630802357 7.51544086027 3.45780824706 10.7405862788 5.01278229634 2.86140866575 56.321437536 59.2831090495 1.83749058673 94.1389588702 107.411332144 12.8162840779 2459.92058839 2456.40204468 2453.19791019 2445.6762857 2442.60034016 2382.64396383 2380.79300945
-9999.0 -9999.0 -9999.0 -9999.0 -9999.0 -9999.0 -9999.0 -9999.0 -9999.0 -9999.0 -9999.0 -9999.0 -9999.0 -9999.0 4.63120780859 10.2647191113 17.1152458905 157.125730136 172.261472557 15.6602758649 15.4407862929 15.2937347291 284.590183284 314.161438985 14.4024754272 14.6153643583 10.4271431397 43.5443585245 54.3857515834 27.846560003 34.5371751909 264.707264992 272.05415192 288.56272689 452.359489888 9921.20305299 5.70077014029 2.65168047932 15.7488045877 13.2370227155 2.66827901931 8.53239692367 11.4181581746 62.4758113771 65.0846980278 177.39328835 108.422816151 13.7995376671 2509.74905024 24.0266930377 2450.14439415 2448.07485691 56.9101658516 2.3244669948 4.30946463392
-9999.0 -9999.0 -9999.0 -9999.0 -9999.0 -9999.0 -9999.0 -9999.0 -9999.0 -9999.0 -9999.0 -9999.0 -9999.0 -9999.0 23.9411578905 39.0236668393 79.9045182536 140.015920316 188.24419314 225.012855805 240.246639283 256.084056761 271.609229806 14.1248767502 12.483395976 23.9968768993 21.9904173934 11.4168245021 232.065768906 242.409666047 252.107128581 261.17781345 139.891572732 146.810050474 156.831783719 9924.73160565 10.3373516029 9.37770289225 27.1911003638 2.22807828846 6.21427892642 3.42906673332 2.59647276332 14.2770823339 1.9800403177 2.12357258532 2700.62136789 2521.6341035 2519.35681933 10.638540663 22.6696534971 14.4338804603 3.16155577949 51.7443686663 13.6149365103
-9999.0 -9999.0 -9999.0 -9999.0 -9999.0 -9999.0 -9999.0 -9999.0 -9999.0 -9999.0 -9999.0 -9999.0 -9999.0 -9999.0 16.6997471249 15.2989045141 29.9295826934 45.7393507507 19.3469063274 19.3266134801 35.4797454854 50.9582592984 79.8035450022 94.239924469 106.932750772 144.337947165 155.775316102 168.190957249 10.9013868394 111.310025053 120.153541503 127.91332251 5.68761802482 2.30477719092 4.37900068674 10080.9411643 10084.3209462 10101.5264275 34.4492424385 5.10396778255 8.82475020492 2.08898800413 4.59326686045 16.4722161734 20.2355044988 3.81384161089 2710.83081958 3.49661124357 5.78328586528 6.58159437328 4.83807837757 8.85833757169 3.59089041984 35.3608554063 27.4394771967
-9999.0 -9999.0 -9999.0 -9999.0 -9999.0 -9999.0 -9999.0 -9999.0 -9999.0 -9999.0 -9999.0 -9999.0 -9999.0 -9999.0 -9999.0 14.287497419 28.1666675875 14.0180161223 29.078906046 179.940702658 194.944222515 209.334445883 14.5530990006 14.5883784861 27.12534616 39.9678102873 61.7469802277 72.9799221662 80.0891348444 90.2202395033 7.85510345262 6.57300918855 138.736771549 141.791374716 144.735392611 148.156661989 124.53287814 10240.8187402 10296.6053519 10298.839206 10309.3794815 10319.8135204 10326.4690076 1.83754847224 21.9944610221 2712.61012637 4.41742230319 2.28644847505 2.70986417903 2.58135644673 4.44709027853 4.24132451143 2.61501061904 4.36678305876 4.08082295002
-9999.0 -9999.0 -9999.0 -9999.0 -9999.0 -9999.0 -9999.0 -9999.0 -9999.0 -9999.0 -9999.0 -9999.0 -9999.0 -9999.0 -9999.0 -9999.0 41.7574770626 56.3787426845 100.870378049 134.856018932 18.6305116448 245.701702216 259.963709027 273.060041889 13.2322575605 25.6458966909 11.0388145249 85.451374438 91.3160210744 101.001114376 110.91645172 131.35229866 135.161229552 2.40378102569 110.490609945 117.507855702 121.256767407 135.721537023 18.0032471934 11.1016724349 6.2778655394 5.82160678006 10333.1371462 10336.1547735 10373.2545477 2714.42406366 12.7600325355 6.72675643877 4.48602870369 1.33983550811 13.5531257957 7.27022626975 2.27650418691 13.2400433928 11.4105156952
-9999.0 -9999.0 -9999.0 -9999.0 -9999.0 -9999.0 -9999.0 -9999.0 -9999.0 -9999.0 -9999.0 -9999.0 -9999.0 -9999.0 -9999.0 -9999.0 14.8982364489 71.1348107772 87.0434329829 18.9791476078 15.5426125175 31.9235391649 46.5283787574 333.376331163 12.9326877712 52.3851337747 64.0858464144 75.5123663308 6.55084200516 15.0594407421 18.9894588359 87.9014203362 97.533222648 100.966686732 3.81269396268 3.25800568936 3.86155762259 7.230562276 3.04040081748 2.99290643296 4.14543992264 3.15908233622 4.42902008324 13.0028653045 10376.9761152 13100.071492 15.3412076927 2.58431774296 1.31228691751 43.9035718501 40.8787961411 24.9167945928 22.4433320903 16.8008413014 4.35807937579
-9999.0 -9999.0 -9999.0 -9999.0 -9999.0 -9999.0 -9999.0 -9999.0 -9999.0 -9999.0 -9999.0 -9999.0 -9999.0 -9999.0 -9999.0 12.2167604545 40.3892576947 13.3177153427 18.6400966339 17.4126041222 33.570218312 49.3087157892 64.2050206725 411.274862266 423.529972825 12.777843496 24.5156307336 36.4605052566 44.5031672865 52.756196643 76.6561233099 84.4928684053 5.28103001559 4.14624024564 3.12302177801 3.48460306761 4.04644105309 5.22641513124 4.40775000543 5.36723785296 14.962390049 6.73083740486 3.32905309887 3.19384829817 3.11884836935 5.71972575096 13231.1476525 113.870260095 51.6049871032 4.33489530824 1.84504273729 1.61488599132 5.7618879429 3.98227198207 2.03454589198
-9999.0 -9999.0 -9999.0 -9999.0 -9999.0 -9999.0 -9999.0 -9999.0 -9999.0 -9999.0 -9999.0 -9999.0 -9999.0 -9999.0 13.1642766496 24.8472251092 90.2240877453 12.5152632117 35.9103708632 52.3546914834 67.5527408225 16.361576803 30.2635424062 45.5757565884 481.850030416 11.7154507589 22.3448919087 33.2362576551 9.65991394421 18.9295086781 23.1346405323 29.7641139219 849.362623381 858.670972792 866.91548939 911.717797329 923.03812648 955.080666741 7.78184185302 17.0921610761 18.4104349293 1047.79108101 1053.76247959 2.90155767576 4.96832395289 6.94296591918 13233.5275429 109.398979511 52.5032463318 50.3731332302 40.0484321142 34.9583782235 7.63575662918 1.85912641379 3.48835478382
-9999.0 -9999.0 -9999.0 -9999.0 -9999.0 -9999.0 -9999.0 -9999.0 -9999.0 -9999.0 -9999.0 -9999.0 -9999.0 -9999.0 13.365285839 40.3792742563 143.697787519 211.076847995 10.7205122294 275.918437105 356.916678193 14.8591514739 28.4881517691 43.638285132 607.978141016 620.23773872 9.83383647171 53.1871258906 62.3435834598 69.7645069067 785.37284872 803.616109142 815.523991537 5.72469123387 31.7469633824 38.1186492495 16.683078425 23.9652586579 988.164191826 1015.48715116 1021.28477686 1026.63664082 1059.57157507 2.8120323328 2.52821121241 11.4863381788 13236.5104929 3.22951748846 2.88131987729 8.52429725054 3.47263023866 31.7126279056 25.7400669421 15.2832105893 11.0247150763
-9999.0 -9999.0 -9999.0 -9999.0 -9999.0 -9999.0 -9999.0 -9999.0 -9999.0 -9999.0 -9999.0 -9999.0 -9999.0 -9999.0 -9999.0 -9999.0 27.7817201797 55.6798068105 249.223476719 263.361230719 368.92741069 382.624400406 15.1691299461 30.3614977357 71.2121338181 631.678901798 653.21419579 661.420685359 6.67611786264 691.909105918 710.258674644 12.161883383 5.78901557679 10.986494003 21.5704765373 5.37298887585 10.7116722619 22.8608777941 28.6174262222 5.57480639174 3.52277628848 6.86322140302 1085.09671575 1091.97514462 1094.06893472 1111.86715669 13239.1271416 1.92928765151 1.68037902071 2.1931554825 2.14321542051 2.23255302257 1.88999927934 3.39892100828 1.48718610243
-9999.0 -9999.0 -9999.0 -9999.0 -9999.0 -9999.0 -9999.0 -9999.0 -9999.0 -9999.0 -9999.0 -9999.0 -9999.0 -9999.0 -9999.0 -9999.0 14.4643438324 14.0334185664 13.7480818726 27.9122098858 12.0626787561 406.652592537 419.069743783 13.9721332872 27.7232412957 13.3993221562 10.8583632006 10.407183458 679.031379185 5.72740751485 12.2660939494 6.76992556635 6.06554814492 5.23994469199 3.98603620494 4.21596797912 13.4481979124 18.6954403053 3.51570004863 2.8718321705 6.53825566966 11.34049411 14.5802595153 3.59044604729 1097.87044009 1114.14354191 13240.9704522 7.83494638374 4.22525087078 1.00503268088 2.90813898811 0.793333749935 0.614528109886 4.10216919897 7.68722617026
-9999.0 -9999.0 -9999.0 -9999.0 -9999.0 -9999.0 -9999.0 -9999.0 -9999.0 -9999.0 -9999.0 -9999.0 -9999.0 -9999.0 -9999.0 -9999.0 -9999.0 -9999.0 13.7868222291 40.2372175234 50.7665100653 62.3808612175 430.655166174 442.591965256 454.642172479 468.489935004 478.528076048 499.637302808 505.203290916 510.357842882 514.941315647 4.68737871592 4.52478685205 4.99673292701 17.7295521702 4.88885869973 4.806810406 3.4790141881 10.3409022617 4.17028716745 3.12917095622 2.83326272332 2.38509854459 4.75711248139 6.97736888002 1128.84629016 14379.6763978 1.61453165237 3.75059364293 0.728114662198 3.79639260747 1.81845882432 1.23774248044 17.6905717644 12.465618201
-9999.0 -9999.0 -9999.0 -9999.0 -9999.0 -9999.0 -9999.0 -9999.0 -9999.0 -9999.0 -9999.0 -9999.0 -9999.0 -9999.0 -9999.0 -9999.0 -9999.0 -9999.0 -9999.0 10.8683474044 89.4637504617 175.977585685 188.077330513 17.7264295637 32.4636460414 46.0923019204 56.8414873603 131.443906246 136.327727794 4.69476771563 4.87558323307 524.40803953 533.003806732 537.076616026 20.9280401093 2.74568932412 7.81007647465 11.4302656125 34.7695227151 42.7562763594 48.8124358483 5.40459863379 7.5221785188 2.64478231152 5.35881913546 2.8392094686 14384.7651422 1.59926028018 6.71328672185 2.78426941569 7.83714408428 16.3764997281 18.5921571966 37.2401972159 13.8453689561
-9999.0 -9999.0 -9999.0 -9999.0 -9999.0 -9999.0 -9999.0 -9999.0 -9999.0 -9999.0 -9999.0 -9999.0 -9999.0 -9999.0 -9999.0 -9999.0 -9999.0 -9999.0 12.5818834842 40.5766803454 78.8860251555 102.492590624 260.463625757 275.449460694 29.1964999892 43.0338247286 54.2737569117 65.1997306691 141.469827803 151.116551468 262.455461725 270.954790038 274.908472043 541.269334047 572.683662464 7.03788301278 5.30278894722 4.94701340105 9.58108722489 4.37069958012 57.2768911747 60.194581681 9.88266161363 11.9577283948 2.19539308505 3427.21674857 3433.08090189 17821.2845952 17830.4528376 1.52184177748 11.0234909702 2.27056514088 2.22476871756 41.67870176 57.1709859876
-9999.0 -9999.0 -9999.0 -9999.0 -9999.0 -9999.0 -9999.0 -9999.0 -9999.0 -9999.0 -9999.0 -9999.0 -9999.0 -9999.0 -9999.0 -9999.0 -9999.0 -9999.0 -9999.0 14.6574202081 14.1512961828 26.2266252411 61.5540401773 287.211846109 15.1977243718 14.9423955236 26.3254965588 38.0168693878 90.26389275 97.5613329191 5.45250761388 5.99530711296 281.480917025 285.869853859 862.384329707 865.63994033 2.50195398234 2.12763181403 1.84489911251 1.86731810334 2.23787223722 3372.90956961 3392.4832061 3407.1664696 3412.28552428 3425.2776087 3.44909660265 12.4257836351 15.0793400998 17850.9556026 17852.3324781 17853.5175684 17855.4247245 17858.1681274 59.673454633
-9999.0 -9999.0 -9999.0 -9999.0 -9999.0 -9999.0 -9999.0 -9999.0 -9999.0 -9999.0 -9999.0 -9999.0 -9999.0 -9999.0 -9999.0 -9999.0 -9999.0 -9999.0 -9999.0 -9999.0 12.5640927116 13.3652625288 24.3993935097 334.5035961 347.352882166 14.4516037135 25.8307347624 37.9499961772 46.3870685588 6.77395455368 13.1199373105 750.243136026 754.950897636 759.458203688 796.41219584 1666.04140761 3253.22440685 3259.81575579 3266.02605613 3271.94787904 3300.24213207 3309.68911469 17.0479213696 7.32214315952 4.62944210943 8.60521605893 6.14814353501 9.89993398258 3.14945978965 70.6051629031 77.9388166731 82.7412547978 83.9341689787 17859.2266991 17920.6276614
-9999.0 -9999.0 -9999.0 -9999.0 -9999.0 -9999.0 -9999.0 -9999.0 -9999.0 -9999.0 -9999.0 -9999.0 -9999.0 -9999.0 -9999.0 -9999.0 -9999.0 -9999.0 -9999.0 -9999.0 -9999.0 12.7641607774 24.2923537562 35.9563672411 357.250415115 12.7939764929 485.96889005 498.634157305 505.113675931 511.589088157 722.779939115 730.761968879 5.27571785459 27.1942199113 33.4705009505 5.80067222702 1580.81743076 1570.06391335 3.48129661394 8.25577754662 22.8599678726 5.20152834022 5.58196293428 3.70803894807 3.10643709716 2.27722253856 2.85206032392 60.6347090703 63.7576112155 67.6747855282 4.90959755208 2.97347451007 85.5379819742 87.313166116 88.1875772014
-9999.0 -9999.0 -9999.0 -9999.0 -9999.0 -9999.0 -9999.0 -9999.0 -9999.0 -9999.0 -9999.0 -9999.0 -9999.0 -9999.0 -9999.0 -9999.0 -9999.0 -9999.0 -9999.0 -9999.0 -9999.0 11.334986377 10.5043743436 54.9713195928 435.955442429 461.002601609 474.928386828 12.6936870864 194.096137376 200.555075156 203.9213853 7.01301182652 13.3807550304 18.4776242744 353.266004306 357.49061652 361.33457356 1562.72800355 977.912190463 4.70753161061 4.995190581 4.73749216353 3.57816000854 36.9097236638 44.1717708763 50.3763403402 54.0144014335 57.4868276888 389.761831759 392.129310209 395.170118904 401.808418006 429.361770935 430.527085659 520.008150496
-9999.0 -9999.0 -9999.0 -9999.0 -9999.0 -9999.0 -9999.0 -9999.0 -9999.0 -9999.0 -9999.0 -9999.0 -9999.0 -9999.0 -9999.0 -9999.0 -9999.0 -9999.0 -9999.0 -9999.0 -9999.0 -9999.0 22.0533389476 33.9526517037 13.121444109 14.8633305017 151.471924247 164.557045219 173.526997919 71.8126851271 77.7474866774 84.3867261599 90.1701094528 343.616813737 349.865869844 209.71538145 576.186164602 580.889271243 974.200561808 9.68521365953 4.96467093984 3.16190028617 25.3474635062 29.9766640973 2.48970792971 2.25298139332 377.972166224 384.241254083 387.425839535 3.03380807759 4.72330739699 425.947755152 2.41591213052 9.9508674365 10.885741202
-9999.0 -9999.0 -9999.0 -9999.0 -9999.0 -9999.0 -9999.0 -9999.0 -9999.0 -9999.0 -9999.0 -9999.0 -9999.0 -9999.0 -9999.0 -9999.0 -9999.0 -9999.0 -9999.0 -9999.0 -9999.0 -9999.0 11.0615211521 21.841776837 95.0752128282 109.04675993 123.749452492 55.6159306156 65.8947615097 6.65373955937 235.663739907 241.723648945 247.956731195 5.86399642033 198.342751484 204.893528566 4.83641657606 948.85347951 11.0307314807 5.42474980238 13.6913798968 18.6766775639 3.61800584326 2.75306358315 345.656464188 372.278856787 376.124824762 3.89220668758 8.05097748522 10.0537106464 11.3379880815 22.1153199825 3.55043991615 8.21978137097 1.60821629874
-9999.0 -9999.0 -9999.0 -9999.0 -9999.0 -9999.0 -9999.0 -9999.0 -9999.0 -9999.0 -9999.0 -9999.0 -9999.0 -9999.0 -9999.0 -9999.0 -9999.0 -9999.0 -9999.0 -9999.0 -9999.0 -9999.0 10.7730536545 34.5118079102 61.9617660769 15.7443564145 30.1503497692 44.0072144238 208.135838651 216.756891289 223.158058876 5.50195192738 162.351361322 181.235183266 187.524088641 4.06187961568 927.720352024 939.459279046 5.53804649291 4.92931793216 10.0782186756 3.99099462799 325.974312321 333.273914757 337.928893029 17.363738401 21.3003504049 3.31754639825 5.88421683068 2.59396347293 17.2759770455 2.78458526356 2.11675206026 2.26897427582 2.41637626185
-9999.0 -9999.0 -9999.0 -9999.0 -9999.0 -9999.0 -9999.0 -9999.0 -9999.0 -9999.0 -9999.0 -9999.0 -9999.0 -9999.0 -9999.0 -9999.0 -9999.0 -9999.0 -9999.0 -9999.0 -9999.0 -9999.0 -9999.0 12.2375131918 14.5186317708 17.0899849304 143.702086607 156.953426039 196.474266533 9.49375657808 136.810489467 151.865412434 6.49145800325 13.6413616511 5.01844612773 912.938430015 6.25217473424 15.4690855729 19.2730218285 22.7292016369 300.167159356 314.168917 319.152853718 5.05420314816 9.38046094047 13.1774542059 2.09098188493 1.8248019664 908.505782738 910.46296144 912.068645773 930.01822153 932.218682362 935.092049647 936.932323001
