data/baseflow/mHMbf_acc375.asc
ncols                  80
nrows                 72
xllcorner      4374000.0
yllcorner      5656000.0
cellsize            500
NODATA_value       -9999
[rows 0 to 24 of 72, columns 0 to 54 of 80]
-9999.0 -9999.0 -9999.0 -9999.0 -9999.0 -9999.0 -9999.0 -9999.0 -9999.0 -9999.0 -9999.0 -9999.0 28.3943962511 21.6669441787 -9999.0 -9999.0 -9999.0 -9999.0 -9999.0 -9999.0 -9999.0 -9999.0 -9999.0 -9999.0 -9999.0 -9999.0 -9999.0 -9999.0 -9999.0 -9999.0 -9999.0 -9999.0 -9999.0 -9999.0 -9999.0 -9999.0 -9999.0 -9999.0 -9999.0 -9999.0 -9999.0 -9999.0 -9999.0 -9999.0 -9999.0 -9999.0 -9999.0 -9999.0 -9999.0 -9999.0 -9999.0 -9999.0 -9999.0 -9999.0 -9999.0
-9999.0 -9999.0 -9999.0 -9999.0 -9999.0 -9999.0 -9999.0 -9999.0 -9999.0 -9999.0 -9999.0 -9999.0 57.3032351864 121.141468786 18.5407550146 -9999.0 14.6833473432 -9999.0 -9999.0 -9999.0 -9999.0 -9999.0 -9999.0 -9999.0 -9999.0 -9999.0 -9999.0 -9999.0 -9999.0 -9999.0 -9999.0 -9999.0 -9999.0 -9999.0 -9999.0 -9999.0 -9999.0 -9999.0 -9999.0 -9999.0 -9999.0 -9999.0 -9999.0 -9999.0 -9999.0 -9999.0 -9999.0 -9999.0 -9999.0 -9999.0 -9999.0 -9999.0 -9999.0 -9999.0 -9999.0
-9999.0 -9999.0 -9999.0 -9999.0 -9999.0 -9999.0 -9999.0 -9999.0 -9999.0 -9999.0 29.0228579278 28.0143144242 28.5424366801 27.5100096643 174.445566046 194.82846781 41.3017594582 13.1770207304 -9999.0 -9999.0 -9999.0 -9999.0 -9999.0 -9999.0 -9999.0 -9999.0 -9999.0 -9999.0 -9999.0 -9999.0 -9999.0 -9999.0 -9999.0 -9999.0 -9999.0 -9999.0 -9999.0 -9999.0 -9999.0 -9999.0 -9999.0 -9999.0 -9999.0 -9999.0 -9999.0 -9999.0 -9999.0 -9999.0 -9999.0 -9999.0 -9999.0 -9999.0 -9999.0 -9999.0 -9999.0
-9999.0 -9999.0 -9999.0 -9999.0 -9999.0 -9999.0 -9999.0 -9999.0 -9999.0 28.1941399215 57.0559119988 113.024476455 55.3027731789 27.0036747066 53.5506894642 221.291390574 295.28883806 15.4127618656 -9999.0 28.1558500842 -9999.0 -9999.0 -9999.0 -9999.0 28.7446796524 14.5056000135 -9999.0 -9999.0 -9999.0 -9999.0 -9999.0 -9999.0 -9999.0 -9999.0 -9999.0 -9999.0 -9999.0 -9999.0 -9999.0 -9999.0 -9999.0 -9999.0 -9999.0 -9999.0 -9999.0 -9999.0 -9999.0 -9999.0 -9999.0 -9999.0 -9999.0 -9999.0 -9999.0 -9999.0 -9999.0
-9999.0 -9999.0 -9999.0 -9999.0 -9999.0 -9999.0 -9999.0 -9999.0 30.0436130443 87.1074730932 114.430981687 141.982993699 195.026372112 26.3353728021 105.538187689 131.701163859 468.575827573 23.0044851471 25.5294753551 54.2050326041 79.6535533845 26.1560714017 -9999.0 77.1197793332 63.2229104541 18.0201758254 -9999.0 -9999.0 -9999.0 -9999.0 -9999.0 -9999.0 -9999.0 -9999.0 -9999.0 -9999.0 -9999.0 -9999.0 -9999.0 -9999.0 -9999.0 -9999.0 -9999.0 -9999.0 -9999.0 -9999.0 -9999.0 -9999.0 -9999.0 -9999.0 -9999.0 -9999.0 -9999.0 -9999.0 -9999.0
-9999.0 -9999.0 -9999.0 -9999.0 -9999.0 -9999.0 30.744367633 28.8692482629 27.9554026526 28.160104975 28.2768729749 198.620449036 420.95494595 448.142500869 473.123322257 24.6212819507 517.598012443 542.714321078 51.1537740228 25.5461882202 104.703568167 181.96602116 24.9808883554 152.179133524 27.8460870567 26.6246013261 29.3920447486 -9999.0 -9999.0 -9999.0 -9999.0 -9999.0 -9999.0 -9999.0 -9999.0 -9999.0 -9999.0 -9999.0 -9999.0 -9999.0 -9999.0 -9999.0 -9999.0 -9999.0 -9999.0 -9999.0 -9999.0 -9999.0 -9999.0 -9999.0 -9999.0 -9999.0 -9999.0 -9999.0 -9999.0
-9999.0 -9999.0 -9999.0 -9999.0 -9999.0 -9999.0 60.7189851601 89.6577290353 203.918871335 286.937618198 26.4887584299 27.1090972588 26.3412695299 77.7012527054 575.545798091 23.978532181 567.346066196 663.328745731 75.2362909652 49.6380916615 206.264168297 25.5496439737 177.59234745 51.7256007041 26.1450078535 52.2168356195 56.3387392525 26.8996972592 27.0972220293 26.861363059 27.6142742633 55.5141851672 -9999.0 -9999.0 -9999.0 -9999.0 -9999.0 -9999.0 -9999.0 -9999.0 -9999.0 -9999.0 -9999.0 -9999.0 -9999.0 -9999.0 -9999.0 -9999.0 -9999.0 -9999.0 -9999.0 -9999.0 -9999.0 -9999.0 -9999.0
-9999.0 -9999.0 -9999.0 -9999.0 -9999.0 31.1369096375 61.1574855031 29.6183589601 58.1901612049 315.670132981 370.093582441 424.275892335 1317.6898403 25.6160553513 601.236597114 2111.20428974 2129.72235115 2824.09391264 19.9374759386 73.8585253634 230.729883931 24.360390725 465.48109793 263.002603997 160.845437857 134.939545954 28.2017771139 80.1710857003 79.6284922675 53.2443323456 26.3527281504 82.529817868 26.4234249813 26.3338538982 -9999.0 -9999.0 -9999.0 -9999.0 -9999.0 -9999.0 -9999.0 -9999.0 -9999.0 -9999.0 -9999.0 -9999.0 -9999.0 -9999.0 -9999.0 -9999.0 -9999.0 -9999.0 -9999.0 -9999.0 -9999.0
-9999.0 -9999.0 -9999.0 -9999.0 -9999.0 31.1264288619 91.263637276 182.020596654 210.651897017 416.76952669 444.473329538 529.669134913 867.739315462 1388.61057783 1439.11924417 1462.4186975 46.0667862622 2905.13567641 2946.64626037 3068.11238907 3862.92208378 539.706779237 490.895776751 186.209721431 25.17299494 158.450420543 105.935591545 25.0495857424 104.599705935 24.368798437 50.0154719048 133.800517574 159.498410314 51.9983894704 25.5570804509 25.6927732066 -9999.0 -9999.0 -9999.0 -9999.0 15.2645611748 12.9868196942 -9999.0 -9999.0 -9999.0 -9999.0 -9999.0 -9999.0 -9999.0 -9999.0 -9999.0 -9999.0 -9999.0 -9999.0 -9999.0
-9999.0 -9999.0 -9999.0 -9999.0 -9999.0 30.7280547952 29.6787173473 119.787090288 148.515039858 177.867828136 28.7325507661 57.213100927 318.088784798 56.7216724932 27.611076504 26.4537180087 24.6108385401 26.4034618416 25.9115585795 26.0704898362 3887.91171346 3961.35626407 24.3262803695 74.3578774964 50.2123698346 183.269505372 50.2255823973 24.7746562097 129.945308423 48.0844395285 114.902911652 283.981437593 262.198682147 77.3579163683 76.5714603637 25.7465226658 25.8397456862 -9999.0 -9999.0 25.8231073874 35.1773294694 75.3990411145 13.7407213474 -9999.0 -9999.0 -9999.0 -9999.0 -9999.0 -9999.0 -9999.0 -9999.0 -9999.0 -9999.0 -9999.0 -9999.0
-9999.0 -9999.0 -9999.0 -9999.0 -9999.0 -9999.0 30.7821947897 30.2852755597 60.0548549737 89.4460822742 204.535357573 262.329429322 290.98378608 29.4300606368 26.0139346146 330.610485378 408.867939988 434.349529466 538.272059508 563.368273039 25.07455876 3986.20529357 4109.21448308 98.4990554061 22.4584225116 207.063615205 459.801944298 178.926579731 48.420675852 24.2232665237 446.506982459 308.489553857 24.1732482268 24.253646916 101.095996354 76.4395375652 25.0770367978 25.1734944529 25.3414334135 50.7948441283 25.0169457562 91.7739176387 116.546960339 25.2640584754 -9999.0 -9999.0 -9999.0 -9999.0 27.7381496695 26.9465523494 7.28854467946 -9999.0 -9999.0 -9999.0 -9999.0
-9999.0 -9999.0 -9999.0 -9999.0 -9999.0 -9999.0 -9999.0 30.8417570023 28.2381851899 57.4996935258 86.7466994036 29.1962109571 27.6649802931 168.746681964 223.596503822 278.843520455 26.3762349445 52.9228634422 26.1003779658 588.471095602 1289.33267037 1304.58633153 5458.1044682 24.7244882808 67.0489963372 21.856237103 483.584393453 23.9047172425 72.9247090907 24.0224292903 470.523467906 494.377250158 48.3348902062 48.1806650259 252.787619252 126.704393096 50.254326746 25.2412897748 50.7825582547 75.9029574138 125.256905472 24.5895721383 168.201131849 194.025554077 23.9179663868 24.7389997489 26.2718293024 25.0548368639 24.2928372135 80.1980554155 30.0317090138 20.173803104 -9999.0 -9999.0 -9999.0
-9999.0 -9999.0 -9999.0 -9999.0 -9999.0 -9999.0 -9999.0 -9999.0 58.2426949936 86.0202968421 28.9269385449 58.1022446321 86.0000751648 142.366178109 28.8162960434 28.2413823423 26.0622084161 26.4376417263 25.2914344235 650.099817137 26.3170852142 52.1610820912 5528.38187197 5587.02468296 33.6200029703 133.505704686 642.060945289 47.4816229121 95.6582809224 46.2347150653 68.7450810103 588.225005073 71.2372747474 371.157528015 300.201900001 23.853081154 124.277501575 49.8290177737 75.2234561985 24.5135530381 149.829983735 199.381426542 222.579044635 245.120474819 285.953207364 46.1271349968 48.6311554838 46.4516414634 44.7073285927 102.563120893 21.827076524 72.1234193878 92.8238178232 -9999.0 -9999.0
-9999.0 -9999.0 -9999.0 -9999.0 -9999.0 -9999.0 -9999.0 -9999.0 29.7305419577 144.856838947 173.412504905 28.6705757248 56.7144235269 28.0714687888 27.3747616836 26.9348339203 328.780281339 439.511398266 539.341695865 634.011151401 23.956515245 26.0686321096 31.3374146465 5705.20818111 5764.17206081 5795.23557422 868.250883109 192.715097339 166.729523893 22.427798355 91.0472794694 701.837706904 22.5936536074 393.89771872 23.6895490192 160.209774827 149.098861253 24.3763208908 99.4609980995 48.6995837688 72.7089494022 24.6299617205 22.4609295702 267.503443629 288.814598288 307.224757631 70.8974893974 68.1058669867 66.0824971397 124.88190785 168.612285208 21.7741431728 113.762538648 21.5817361039 42.2680522996
-9999.0 -9999.0 -9999.0 -9999.0 -9999.0 -9999.0 -9999.0 -9999.0 -9999.0 29.5477644007 202.290463038 230.801513758 84.9856459319 141.010642791 195.604923814 222.83736453 27.4140957028 84.6367207185 55.6886203769 27.4278659147 27.6976097418 26.3970710135 53.8816556316 94.3922101928 35.4297995381 6728.19127822 6761.6872343 32.0269815154 24.1239111478 45.2857430855 67.8690728995 768.83497693 44.5464546674 415.289794253 250.342281214 204.666344702 23.8478217634 47.9312017451 122.69751373 23.1272269411 95.5675267177 47.2690861822 41.7793700882 20.4167200646 349.482659631 675.108495539 87.9499189152 85.5425720583 85.8733395031 19.5759308105 188.124092306 19.2536075048 154.841339186 20.1914669637 62.652498425
-9999.0 -9999.0 -9999.0 -9999.0 -9999.0 -9999.0 -9999.0 -9999.0 -9999.0 -9999.0 28.0169273109 287.244264018 28.2576235228 56.2654134372 83.0887185177 137.602263242 28.0567825953 57.4532273097 28.4387565637 27.7586665711 26.6177108291 52.8872816397 25.163980225 29.8819864577 64.9019819774 36.0390459208 6792.09332322 6854.62499994 6943.70052232 94.1435293438 22.8480691457 45.546325778 791.595096379 778.146262599 296.813042294 23.1439257762 95.0186160158 71.4394146695 145.987377986 46.3487046058 188.579496361 69.9557426745 63.4162344203 18.9758534185 20.8054160192 697.265131589 717.099735597 908.720927705 145.92972686 39.883472657 208.639167665 247.940343685 421.816104545 39.9505280537 19.298444227
-9999.0 -9999.0 -9999.0 -9999.0 -9999.0 -9999.0 -9999.0 -9999.0 -9999.0 -9999.0 -9999.0 15.159500578 321.407093033 27.4418688389 54.0900001132 246.76070269 28.6655103925 28.6766159288 26.1992178167 54.4734814433 26.3427446575 105.497186394 155.710834209 179.900564812 90.1373460425 119.783935773 33.0291644236 35.640581185 31.8812488724 7087.3297283 7157.76034677 813.241759646 820.603594853 799.50877849 44.4220729566 21.8401030833 117.282026786 308.009679582 168.519295498 68.8254594652 279.395753935 143.504097039 122.095750668 38.4878738867 16.9768603568 16.3106068052 17.1763445704 984.57562794 1189.8410773 19.3036046672 18.3152841714 19.0402090129 440.570157937 498.88417863 36.4602941242
-9999.0 -9999.0 -9999.0 -9999.0 -9999.0 -9999.0 -9999.0 -9999.0 -9999.0 -9999.0 -9999.0 14.2990152754 356.578781153 439.799058787 26.7065706388 300.444371897 27.1692866628 26.2086034157 52.0136729059 132.508497938 25.9976278003 26.6555570904 24.8474258295 229.704942197 253.904804508 398.625914643 457.519311538 487.749215301 519.010427171 550.5677856 7737.31769743 8606.90058686 9479.92705168 9501.69819119 24.6982392209 22.178746582 352.557436401 330.452336187 22.1999601794 22.0327621076 300.604725135 466.100095556 20.432623427 249.008892614 228.992935014 75.1307518233 36.3862212347 56.950665681 21.2942413181 1227.9357996 19.3936474884 56.5287997322 72.6671268774 628.355577773 682.613995503
-9999.0 -9999.0 -9999.0 -9999.0 -9999.0 -9999.0 -9999.0 -9999.0 -9999.0 -9999.0 -9999.0 29.1850275732 56.5107268964 466.856034052 518.96989047 26.2409609435 347.238814305 24.6150451705 75.0473133551 157.301539636 50.9908979202 24.9529386221 50.6489621166 23.4739100327 46.3142402497 23.1450422682 22.4845177128 21.4038052881 20.7210762625 22.0223337931 24.8601676633 29.0172802856 31.5304098256 32.8093914506 9584.35438521 450.809404707 403.974990476 24.5072054781 65.5560417712 17.6185688439 14.211476429 487.282247434 800.030093908 271.147409321 192.278466316 40.5997500909 18.7658775164 17.8569726166 36.3510137561 1283.10082571 1319.28533775 18.6708422422 18.9277122489 19.5493969464 18.4992026883
-9999.0 -9999.0 -9999.0 -9999.0 -9999.0 -9999.0 -9999.0 -9999.0 -9999.0 -9999.0 -9999.0 -9999.0 27.239360093 344.574670899 890.208403327 969.815075849 1341.08730515 1360.37049149 352.178986034 258.66005703 76.3327258871 24.7865675021 99.8481511282 123.946145469 193.593572826 46.884788306 45.4409251965 44.5834004502 88.0549791835 44.5475899581 47.0004710291 21.3697744406 20.6012249169 24.3324335265 9610.84940636 10074.804695 10099.3834008 25.3751773416 191.33278906 75.7039152595 22.2694968375 866.65067096 45.771534973 23.340075742 95.1709002256 22.5163963861 21.3268071412 40.5363936815 57.2453109037 74.9912818752 1351.0863757 15.367909699 13.8095226953 13.8958086917 12.5498696775
-9999.0 -9999.0 -9999.0 -9999.0 -9999.0 -9999.0 -9999.0 -9999.0 -9999.0 -9999.0 -9999.0 28.476577878 261.741090503 317.686160307 53.7937650581 16.2423558571 38.8758019179 1424.5879786 1445.74938462 1816.80019419 23.9709314518 48.6167682621 23.0210246806 23.3144241112 216.611003385 286.48334789 353.935700353 21.8585795312 109.928557018 176.015816568 110.331078895 42.475613286 40.4634703294 43.1381790601 44.188435193 25.3102306408 10121.2387682 10141.0826925 10374.0553631 40.0736425249 20.4398102806 880.087812507 47.0565720683 23.9035700485 24.6189421564 24.4175265782 23.2695825823 45.14887729 128.936138318 222.767012401 1589.11149025 11.9585863801 36.1988289335 24.6455423341 22.3804520818
-9999.0 -9999.0 -9999.0 -9999.0 -9999.0 -9999.0 -9999.0 -9999.0 -9999.0 -9999.0 -9999.0 28.970917482 177.772859775 28.3300855919 26.7789088518 132.107810584 157.138676929 182.707577934 207.914514982 2464.28714462 2485.43187204 2530.8735041 2862.60065977 2934.47617539 2979.11908792 3002.66662657 3415.53302826 3475.98612862 3497.8113102 3696.78573332 3829.70961522 3850.82527263 3932.40874978 63.4280708553 63.3643068285 21.1568718632 21.7661217694 10162.5381174 10456.3400345 61.7993152762 1001.53150345 983.52529414 91.261530341 22.470460564 22.7400120713 22.2990605658 21.9348277904 44.1540519717 65.1085726451 20.6238773251 1603.75223121 1619.10116483 1693.35145984 1706.31979292 1740.86663615
-9999.0 -9999.0 -9999.0 -9999.0 -9999.0 -9999.0 -9999.0 -9999.0 -9999.0 -9999.0 -9999.0 90.1590157091 119.521791993 56.8970691429 84.3522120984 27.2237729347 311.0314939 337.378242872 389.885716442 414.436506001 179.110781152 2745.64314444 2767.55525176 24.9748856135 21.3834681765 20.7630161413 43.0718060488 21.8519544242 20.1660540622 19.5167136528 19.4767490486 3871.80003809 3953.37417237 4035.15054334 4115.17424396 4195.09280737 39.8189350338 14.9907757525 11513.5415912 1037.92621157 1019.97217719 20.7171187009 20.0291871322 19.2470381595 42.1441338402 41.7620058564 19.598175831 19.6450355205 18.7518082141 39.1550210881 53.0671152004 10.8147735221 19.9325543133 8.85064095135 8.47872659552
-9999.0 -9999.0 -9999.0 -9999.0 -9999.0 -9999.0 -9999.0 -9999.0 -9999.0 -9999.0 -9999.0 -9999.0 60.8067488999 28.9513520722 27.8688650612 258.575874758 285.420521666 26.7872735003 107.513760499 132.993815795 157.692260734 25.857364638 24.5057065703 451.007307726 472.972744639 494.58417599 1269.56358034 1289.15909404 1327.56973877 1476.41733704 1586.23550827 1604.71385205 17.9121323509 18.2971056218 16.6758693773 4225.24319992 15.7204404797 11715.7645526 11691.2253853 159.127628552 137.887520408 80.6416284855 20.3042790518 38.3423247553 61.3342869812 60.9843531608 38.5896061838 19.0618914567 37.603845214 37.3830520031 70.1131066965 11.9239829481 32.5819381997 54.2127562528 72.1333477219
-9999.0 -9999.0 -9999.0 -9999.0 -9999.0 -9999.0 -9999.0 -9999.0 -9999.0 -9999.0 -9999.0 -9999.0 30.9018511349 88.7337723598 116.911205658 203.594687034 27.9259351258 55.413115202 81.9233492929 305.217966151 329.626338347 352.212269532 377.505186058 403.763722995 632.697414271 709.215966243 755.281287643 21.3337090798 110.887759676 131.384461907 1531.27587301 1623.94334048 1662.26964701 1700.51782294 1738.38309967 5979.13227268 10.3800769035 11779.3431035 39.3960704046 18.7248874713 118.001776308 99.0251269574 17.3086541479 55.9896658367 78.7600178898 78.0840215124 54.826364764 90.2094045302 142.972017649 53.6070137073 138.950205235 14.1678942555 24.07381081 7.19044839155 5.64439441258
