data/baseflow/mHMbf_acc353.asc
ncols                  80
nrows                 72
xllcorner      4374000.0
yllcorner      5656000.0
cellsize            500
NODATA_value       -9999
[rows 0 to 24 of 72, columns 0 to 54 of 80]
-9999.0 -9999.0 -9999.0 -9999.0 -9999.0 -9999.0 -9999.0 -9999.0 -9999.0 -9999.0 -9999.0 -9999.0 22.098218245 17.8895999085 -9999.0 -9999.0 -9999.0 -9999.0 -9999.0 -9999.0 -9999.0 -9999.0 -9999.0 -9999.0 -9999.0 -9999.0 -9999.0 -9999.0 -9999.0 -9999.0 -9999.0 -9999.0 -9999.0 -9999.0 -9999.0 -9999.0 -9999.0 -9999.0 -9999.0 -9999.0 -9999.0 -9999.0 -9999.0 -9999.0 -9999.0 -9999.0 -9999.0 -9999.0 -9999.0 -9999.0 -9999.0 -9999.0 -9999.0 -9999.0 -9999.0
-9999.0 -9999.0 -9999.0 -9999.0 -9999.0 -9999.0 -9999.0 -9999.0 -9999.0 -9999.0 -9999.0 -9999.0 45.1403269428 96.2462513788 14.679826838 -9999.0 12.8110345511 -9999.0 -9999.0 -9999.0 -9999.0 -9999.0 -9999.0 -9999.0 -9999.0 -9999.0 -9999.0 -9999.0 -9999.0 -9999.0 -9999.0 -9999.0 -9999.0 -9999.0 -9999.0 -9999.0 -9999.0 -9999.0 -9999.0 -9999.0 -9999.0 -9999.0 -9999.0 -9999.0 -9999.0 -9999.0 -9999.0 -9999.0 -9999.0 -9999.0 -9999.0 -9999.0 -9999.0 -9999.0 -9999.0
-9999.0 -9999.0 -9999.0 -9999.0 -9999.0 -9999.0 -9999.0 -9999.0 -9999.0 -9999.0 21.8884273475 21.1202615903 22.0457029618 21.683491086 136.645451282 151.891746853 36.1018446071 11.6531407232 -9999.0 -9999.0 -9999.0 -9999.0 -9999.0 -9999.0 -9999.0 -9999.0 -9999.0 -9999.0 -9999.0 -9999.0 -9999.0 -9999.0 -9999.0 -9999.0 -9999.0 -9999.0 -9999.0 -9999.0 -9999.0 -9999.0 -9999.0 -9999.0 -9999.0 -9999.0 -9999.0 -9999.0 -9999.0 -9999.0 -9999.0 -9999.0 -9999.0 -9999.0 -9999.0 -9999.0 -9999.0
-9999.0 -9999.0 -9999.0 -9999.0 -9999.0 -9999.0 -9999.0 -9999.0 -9999.0 21.4011152884 43.0980851858 85.544999135 42.5644588587 20.7104332636 40.2887458816 171.064503443 233.452535577 12.7367246812 -9999.0 20.5323752178 -9999.0 -9999.0 -9999.0 -9999.0 24.7506680599 12.6748959205 -9999.0 -9999.0 -9999.0 -9999.0 -9999.0 -9999.0 -9999.0 -9999.0 -9999.0 -9999.0 -9999.0 -9999.0 -9999.0 -9999.0 -9999.0 -9999.0 -9999.0 -9999.0 -9999.0 -9999.0 -9999.0 -9999.0 -9999.0 -9999.0 -9999.0 -9999.0 -9999.0 -9999.0 -9999.0
-9999.0 -9999.0 -9999.0 -9999.0 -9999.0 -9999.0 -9999.0 -9999.0 23.9668218076 67.9521018101 88.4036756806 109.116716325 147.968204351 19.2856183088 77.8646879787 96.2745983377 360.054638675 16.3420210554 17.4572958693 38.7618588325 56.2913150256 18.24587846 -9999.0 63.889514491 52.4215975489 14.2931235706 -9999.0 -9999.0 -9999.0 -9999.0 -9999.0 -9999.0 -9999.0 -9999.0 -9999.0 -9999.0 -9999.0 -9999.0 -9999.0 -9999.0 -9999.0 -9999.0 -9999.0 -9999.0 -9999.0 -9999.0 -9999.0 -9999.0 -9999.0 -9999.0 -9999.0 -9999.0 -9999.0 -9999.0 -9999.0
-9999.0 -9999.0 -9999.0 -9999.0 -9999.0 -9999.0 24.427103886 22.4668642264 21.3210006919 21.6674408371 21.6232217099 152.783349333 321.365218987 341.667235267 359.137206367 17.2357006192 394.332736033 411.753363515 35.5984123326 18.0603300883 73.509939887 127.117008749 17.4531900508 117.005186051 19.6827766112 18.7241655469 20.544478267 -9999.0 -9999.0 -9999.0 -9999.0 -9999.0 -9999.0 -9999.0 -9999.0 -9999.0 -9999.0 -9999.0 -9999.0 -9999.0 -9999.0 -9999.0 -9999.0 -9999.0 -9999.0 -9999.0 -9999.0 -9999.0 -9999.0 -9999.0 -9999.0 -9999.0 -9999.0 -9999.0 -9999.0
-9999.0 -9999.0 -9999.0 -9999.0 -9999.0 -9999.0 48.79950779 72.0631303865 162.025925471 225.312557539 19.5769577495 20.2724002171 19.1803823669 56.1807439628 432.395647695 16.05076508 428.278103736 494.541988893 52.0313634159 33.9106367644 143.253689288 17.4752044935 134.279842674 35.3076879128 17.9577728478 36.0920604821 40.2923570269 19.576612281 20.0427042301 19.5867067719 20.48063396 41.0007931546 -9999.0 -9999.0 -9999.0 -9999.0 -9999.0 -9999.0 -9999.0 -9999.0 -9999.0 -9999.0 -9999.0 -9999.0 -9999.0 -9999.0 -9999.0 -9999.0 -9999.0 -9999.0 -9999.0 -9999.0 -9999.0 -9999.0 -9999.0
-9999.0 -9999.0 -9999.0 -9999.0 -9999.0 26.1549334665 50.733586478 24.268730364 46.9246903312 248.208841301 289.537047097 330.649213472 1065.24691161 18.6188048206 450.555317136 1661.39012256 1674.17624708 2191.12780373 14.1494338037 49.8582392806 159.469966643 16.0381507124 333.741249828 182.644422694 113.038716802 94.9436923786 20.042841361 58.4306901954 58.5980088194 39.028280922 18.8405230992 60.36665964 18.5168424352 18.2199830867 -9999.0 -9999.0 -9999.0 -9999.0 -9999.0 -9999.0 -9999.0 -9999.0 -9999.0 -9999.0 -9999.0 -9999.0 -9999.0 -9999.0 -9999.0 -9999.0 -9999.0 -9999.0 -9999.0 -9999.0 -9999.0
-9999.0 -9999.0 -9999.0 -9999.0 -9999.0 26.8504647853 77.9898059845 153.709742645 176.867969463 348.985864354 370.725068786 438.367133612 715.936316975 1121.9449403 1160.24484866 1178.06612974 32.0593013681 2248.61667815 2277.83662057 2360.25885139 2919.3804652 383.538735984 351.224289836 130.273741423 17.0246567344 112.178864823 76.1546633752 16.8573827448 76.0606079384 17.0229783009 35.3322377429 96.0363262829 114.031553336 35.9388712671 17.6765315467 17.3666305625 -9999.0 -9999.0 -9999.0 -9999.0 12.0148458407 10.6534460031 -9999.0 -9999.0 -9999.0 -9999.0 -9999.0 -9999.0 -9999.0 -9999.0 -9999.0 -9999.0 -9999.0 -9999.0 -9999.0
-9999.0 -9999.0 -9999.0 -9999.0 -9999.0 26.28713043 24.7146530743 102.014896131 125.44927608 149.48809578 22.9178025199 45.4669507299 262.513352108 45.8120046905 21.0341726159 19.4415365822 17.1890473628 19.1968604854 18.1804988139 18.4926682216 2936.57220495 2985.48766783 16.0476279595 49.6236323766 33.8774791356 128.590830396 34.1674500588 16.4781816858 93.8167713805 33.2699030099 80.3635562947 200.072324784 185.088452468 53.2655249459 52.0928608113 17.8955420636 17.7508339143 -9999.0 -9999.0 18.0109106112 26.5835418896 59.4137430251 11.1350800708 -9999.0 -9999.0 -9999.0 -9999.0 -9999.0 -9999.0 -9999.0 -9999.0 -9999.0 -9999.0 -9999.0 -9999.0
-9999.0 -9999.0 -9999.0 -9999.0 -9999.0 -9999.0 26.5194958317 26.3686624107 51.0380255251 75.7576363869 171.363540128 218.430204516 241.802238291 24.5540863304 19.5365915266 260.769795079 318.370312911 336.562965902 412.016146816 429.287789263 16.9874044525 3002.60259031 3084.78575326 65.5467543498 13.8445953974 143.707835553 318.641367107 125.991324579 31.2577338901 15.7305050149 311.556866302 216.284496221 15.6995873336 15.7394784775 68.4157678215 52.4284616299 16.9189354693 16.3237852998 17.5224285489 35.1798451468 16.9272992323 72.0827841615 88.4952229607 15.3957645814 -9999.0 -9999.0 -9999.0 -9999.0 18.1361942999 17.1210291683 5.33230228262 -9999.0 -9999.0 -9999.0 -9999.0
-9999.0 -9999.0 -9999.0 -9999.0 -9999.0 -9999.0 -9999.0 26.2283382582 23.6702079928 48.6494935091 72.8066351452 23.7164076503 21.7520505736 136.848966704 179.21427852 222.244048554 19.8066365168 39.3042011051 19.0554770686 447.11174812 988.6973215 1000.67961923 4115.77925999 16.2812104365 40.2217739041 12.6695776801 333.762312574 15.4293901792 47.2391064788 15.4607606482 326.945841604 342.371487101 31.5855836212 31.3538805603 171.697167515 86.3213777012 33.5992298358 17.1777427874 34.9351564515 52.3726264479 85.3950701665 15.8270179547 117.549049792 130.000676229 11.1573641951 12.0884517186 12.9619126655 11.6076380609 11.1490470318 48.9736276281 19.6564554132 12.8576459175 -9999.0 -9999.0 -9999.0
-9999.0 -9999.0 -9999.0 -9999.0 -9999.0 -9999.0 -9999.0 -9999.0 49.3214730954 72.3737204554 23.9783341269 48.4637123676 71.1826322145 116.470433878 23.036799102 22.136420236 19.3039609367 19.5207157319 17.7269418253 505.607975662 19.5542286502 38.3599993153 4166.61677478 4198.02981751 13.4659145378 67.4627741141 415.037107099 30.2413162013 60.9588823639 28.1941327984 41.4941907426 401.36954377 45.5339486901 246.649763873 201.793672293 15.3432988388 83.0180048924 33.4851580002 50.9018965085 15.7833690209 100.828427999 130.078553542 140.731978081 150.757141436 171.874653954 21.1945558344 23.0448445759 20.84266854 19.8332366924 60.0795711101 12.4906264872 45.4190543492 56.916860054 -9999.0 -9999.0
-9999.0 -9999.0 -9999.0 -9999.0 -9999.0 -9999.0 -9999.0 -9999.0 25.3797529311 122.654724302 146.183162893 23.5692841643 45.886749725 22.2990395437 20.8424917174 20.518807079 257.201906168 343.082746084 418.730048127 492.574126042 17.9314983008 19.1243055754 18.3670894415 4277.6391471 4309.70422338 4322.21794077 550.164165105 120.532194473 105.365402303 13.0759499409 54.1114147904 468.624498941 13.0892452915 259.98427313 15.0364894488 107.36078688 99.6058986816 16.0405539794 66.8340977759 31.5849214668 47.0772515042 13.1834202677 9.89457294794 160.6371265 169.65634836 180.867268039 33.0426998558 30.2985413371 29.244746621 73.211368399 98.5838486219 12.6701394453 69.0228161178 13.0367504245 24.7830419675
-9999.0 -9999.0 -9999.0 -9999.0 -9999.0 -9999.0 -9999.0 -9999.0 -9999.0 25.5934912277 170.542560007 194.013846453 68.6555061573 113.593402202 155.687167813 176.983289106 21.5243220619 66.4237206683 43.2873283481 21.7596669975 21.3346827433 19.7019558215 38.8879296135 64.8158062983 19.3272379371 4905.99417417 4920.0252911 12.5316035913 10.867024061 26.380054225 39.2337600026 507.129713323 25.7073953872 271.672190822 163.343873177 135.39364013 15.1326741647 30.7355896759 81.0981047521 14.2601905757 60.9086218396 26.7533808782 17.726723589 8.99346977961 196.169800897 384.342631424 39.7069393232 37.171389196 38.9262815427 10.1104316329 108.864868762 9.9665383823 92.1762505969 11.5223938291 36.6941261967
-9999.0 -9999.0 -9999.0 -9999.0 -9999.0 -9999.0 -9999.0 -9999.0 -9999.0 -9999.0 23.4253383844 241.163927968 22.6733475876 45.2916911655 65.9766308772 107.440110994 21.3367548843 44.738148094 21.6641928024 20.7263527409 19.5603805402 39.0055385968 17.3106508348 18.2841539241 34.3631247145 18.4379863602 4934.56001338 4960.06508286 4998.22972146 51.2963529366 13.1712733105 26.2685038692 520.882054204 500.905639893 191.981962494 14.1328336909 60.3350846395 45.4257195122 95.4036419661 28.4663484864 115.6930108 40.5631088816 28.8593878291 7.74311318461 9.44535233659 394.652929445 403.281423592 487.54729699 70.6291821208 20.8896524588 120.086081441 141.032894206 243.195285287 22.7384878291 10.8214293571
-9999.0 -9999.0 -9999.0 -9999.0 -9999.0 -9999.0 -9999.0 -9999.0 -9999.0 -9999.0 -9999.0 12.7411959856 268.860815895 22.0882675313 42.8447887973 192.978448314 22.3381169942 22.1647830417 19.5902125284 40.7099752342 19.6315582694 78.2558137244 113.478830498 130.138633142 49.0632899498 61.3678928819 13.6964127171 16.9819162886 15.2847531911 5076.11132506 5113.2958705 532.65757797 524.739422738 512.943930782 24.9879208303 12.0769939884 73.6649764977 195.996199807 109.027041906 41.9007538149 170.719364444 67.9372988982 55.612980824 15.9164766874 6.52188554793 6.12355865411 6.79419967948 521.936375829 621.855319073 10.1573122489 9.4316286687 10.381654424 253.550426784 286.279867674 19.7742430081
-9999.0 -9999.0 -9999.0 -9999.0 -9999.0 -9999.0 -9999.0 -9999.0 -9999.0 -9999.0 -9999.0 11.8514952652 297.351420713 366.095296805 20.9508351107 235.100238841 20.9201091664 19.9000730029 38.8317982868 99.07866119 19.0321298294 19.8124894225 17.1532487476 164.706960547 180.633408351 258.893579307 287.155724053 302.011811796 314.517452954 329.892073562 5456.11893633 6012.55493778 6558.54311674 6566.7763081 10.2334476328 12.0715489844 222.788775405 209.487008263 13.3729551035 13.3103760306 183.78901858 265.019276235 11.3004176193 142.635488076 131.918790391 35.9361110388 15.8237633795 26.1556816007 10.6277002993 639.302487546 9.03077300139 28.5764026872 35.6737483885 350.774921781 379.391459634
-9999.0 -9999.0 -9999.0 -9999.0 -9999.0 -9999.0 -9999.0 -9999.0 -9999.0 -9999.0 -9999.0 24.7431573143 47.45137214 388.444212892 429.166074636 20.6607604347 271.639245107 18.1518548847 55.3655401162 117.096052013 37.1156438608 18.0163687245 36.4536244469 15.9203784897 30.2023164635 14.6439787169 13.6267164886 12.3327910372 11.6941421819 11.0534595306 10.3722190898 12.6304140104 14.1594551265 14.6598646564 6601.45777436 258.156746199 238.856401126 7.66710963366 38.23968426 10.2115184815 9.18222112732 277.321632824 458.006553087 156.485427703 116.780766253 22.1926024907 8.93247331696 8.01158557096 16.7495823874 665.035248519 682.458546286 9.13131707032 9.68700033756 10.2521893499 10.1721517531
-9999.0 -9999.0 -9999.0 -9999.0 -9999.0 -9999.0 -9999.0 -9999.0 -9999.0 -9999.0 -9999.0 -9999.0 21.9154760284 292.291262601 742.533357925 806.726151256 1096.93357679 1112.26522188 260.509524592 190.859050301 55.4424295498 17.8022320749 71.3134564147 88.0481416902 133.227520465 30.0208512237 27.702232299 26.7130347585 52.1579013913 24.5300097622 23.4088465944 12.2547673958 9.77056366218 9.48575455291 6612.7633023 6879.01130827 6887.7207908 7.48548424338 99.3805562771 45.358375872 13.3277530184 499.868841024 29.7939086789 15.3853455959 66.8878473893 14.8580537663 10.987749654 19.917206603 27.4411048255 35.7297030295 697.01360395 6.87311858411 6.20545728707 6.21013955457 5.47570473213
-9999.0 -9999.0 -9999.0 -9999.0 -9999.0 -9999.0 -9999.0 -9999.0 -9999.0 -9999.0 -9999.0 23.8824672091 223.041581434 270.226233397 43.9610538056 13.5157530735 30.5610296243 1162.11990398 1177.57857496 1452.45297589 16.5463020324 34.2004418403 15.2111308682 15.4420098609 148.137547739 193.026621154 234.235783348 13.2115705196 65.1892306017 102.478507464 60.0468495904 24.5928103793 20.670493567 18.9392283293 18.2207959007 8.55188551506 6894.9213815 6900.43745508 7011.90248811 22.4192318386 12.0050242817 508.540952345 32.6696860654 16.7724277434 18.1670211143 18.0142632806 16.341063876 28.6848511464 79.9980704409 125.14047043 829.426911984 5.27165778279 16.1635187243 11.0657049835 10.0361661271
-9999.0 -9999.0 -9999.0 -9999.0 -9999.0 -9999.0 -9999.0 -9999.0 -9999.0 -9999.0 -9999.0 24.3342491364 153.815079879 23.9867486743 21.7101596 111.731077044 131.015971448 150.64691122 168.76556475 1987.35864292 2002.67124053 2034.5938876 2281.8332175 2329.13931502 2356.15485798 2371.48919906 2639.97153512 2676.74232037 2690.3288268 2807.76641652 2882.13572287 2894.54411209 2939.82888142 30.5105669648 28.3143188188 7.08325484437 5.90301208908 6907.29388087 7048.39206598 31.0711511923 588.795121836 578.444092466 61.7018287404 14.8167139732 15.2311145904 14.685736176 14.7302168703 29.610246494 41.9724424593 11.3423664039 836.344289847 843.718833645 877.40854975 883.574934658 899.531597133
-9999.0 -9999.0 -9999.0 -9999.0 -9999.0 -9999.0 -9999.0 -9999.0 -9999.0 -9999.0 -9999.0 79.2835760574 104.729501395 49.1300265274 72.2994767574 22.9195996021 267.061431183 288.227414379 329.504152571 347.937945607 139.456188864 2200.94004358 2216.71781332 15.9462826346 11.7300808929 11.2773751172 23.8657462656 12.3131420648 10.1922884504 9.65723080257 9.99452582769 2907.69233903 2953.07127568 2995.48319339 3033.92510225 3057.75269347 10.4613741014 3.39271042318 7660.13407868 606.330184569 600.156788864 12.8474342071 12.2057867209 11.2268740803 27.0503965734 26.516600149 12.5170224052 12.5981474142 11.6813357709 22.7133076098 29.7435017655 5.10498287451 9.48796617891 4.12660867985 3.82302188149
-9999.0 -9999.0 -9999.0 -9999.0 -9999.0 -9999.0 -9999.0 -9999.0 -9999.0 -9999.0 -9999.0 -9999.0 53.7990886885 25.0580824875 23.3329708124 224.809888115 246.850165198 21.8278048112 86.9004704339 106.353350521 124.38294103 19.3071966063 14.7441362391 353.09658739 364.984576771 376.607516564 959.908835684 969.629896281 988.302974788 1073.28896535 1127.12130692 1135.43056133 8.69668652087 9.24121862336 8.59537348171 3066.99538442 4.3790948288 7762.37725474 7756.06094203 90.4381599338 82.3681543493 49.2545842468 12.5225949374 22.2482131231 38.832679564 38.403265993 24.4153912361 12.0508992816 23.4796923287 23.1768168189 39.8695449554 6.91312201462 16.394199566 26.9987527667 35.0327114997
-9999.0 -9999.0 -9999.0 -9999.0 -9999.0 -9999.0 -9999.0 -9999.0 -9999.0 -9999.0 -9999.0 -9999.0 27.8631417312 79.2125266626 103.550318822 178.772300955 23.0591359086 46.1518856176 67.5505319962 256.784317322 275.151832428 291.506666494 308.488900999 325.641655589 495.783982968 545.770366608 573.642130221 12.5412819612 65.2918017168 77.2984619794 1100.93619099 1145.81045849 1167.46493108 1189.61233398 1206.97627028 4279.0200153 3.80582389081 7785.73797196 14.7726641763 7.30664261073 70.3448987604 59.8566055549 9.62358297904 32.4706355811 48.9998732615 48.2317910629 33.7242952955 55.1831489686 87.3100270957 32.7416720329 81.6202014284 7.72642093476 12.9155060637 2.94904312882 2.39169673372
