data/baseflow/mHMbf_acc485.asc
ncols                  80
nrows                 72
xllcorner      4374000.0
yllcorner      5656000.0
cellsize            500
NODATA_value       -9999
[rows 0 to 24 of 72, columns 0 to 54 of 80]
-9999.0 -9999.0 -9999.0 -9999.0 -9999.0 -9999.0 -9999.0 -9999.0 -9999.0 -9999.0 -9999.0 -9999.0 32.3113783176 25.1496854656 -9999.0 -9999.0 -9999.0 -9999.0 -9999.0 -9999.0 -9999.0 -9999.0 -9999.0 -9999.0 -9999.0 -9999.0 -9999.0 -9999.0 -9999.0 -9999.0 -9999.0 -9999.0 -9999.0 -9999.0 -9999.0 -9999.0 -9999.0 -9999.0 -9999.0 -9999.0 -9999.0 -9999.0 -9999.0 -9999.0 -9999.0 -9999.0 -9999.0 -9999.0 -9999.0 -9999.0 -9999.0 -9999.0 -9999.0 -9999.0 -9999.0
-9999.0 -9999.0 -9999.0 -9999.0 -9999.0 -9999.0 -9999.0 -9999.0 -9999.0 -9999.0 -9999.0 -9999.0 63.8360295491 137.716998036 21.5207702017 -9999.0 16.6318445094 -9999.0 -9999.0 -9999.0 -9999.0 -9999.0 -9999.0 -9999.0 -9999.0 -9999.0 -9999.0 -9999.0 -9999.0 -9999.0 -9999.0 -9999.0 -9999.0 -9999.0 -9999.0 -9999.0 -9999.0 -9999.0 -9999.0 -9999.0 -9999.0 -9999.0 -9999.0 -9999.0 -9999.0 -9999.0 -9999.0 -9999.0 -9999.0 -9999.0 -9999.0 -9999.0 -9999.0 -9999.0 -9999.0
-9999.0 -9999.0 -9999.0 -9999.0 -9999.0 -9999.0 -9999.0 -9999.0 -9999.0 -9999.0 31.185357063 30.2100990853 31.0411475735 29.9031840271 195.502523039 219.584202242 47.2992437303 15.0481025968 -9999.0 -9999.0 -9999.0 -9999.0 -9999.0 -9999.0 -9999.0 -9999.0 -9999.0 -9999.0 -9999.0 -9999.0 -9999.0 -9999.0 -9999.0 -9999.0 -9999.0 -9999.0 -9999.0 -9999.0 -9999.0 -9999.0 -9999.0 -9999.0 -9999.0 -9999.0 -9999.0 -9999.0 -9999.0 -9999.0 -9999.0 -9999.0 -9999.0 -9999.0 -9999.0 -9999.0 -9999.0
-9999.0 -9999.0 -9999.0 -9999.0 -9999.0 -9999.0 -9999.0 -9999.0 -9999.0 30.5343079201 61.3992187206 121.627333382 60.1119189427 29.3339876448 57.9873796865 248.178293109 334.357799385 18.1319436875 -9999.0 30.4606372556 -9999.0 -9999.0 -9999.0 -9999.0 32.7580750956 16.3289473973 -9999.0 -9999.0 -9999.0 -9999.0 -9999.0 -9999.0 -9999.0 -9999.0 -9999.0 -9999.0 -9999.0 -9999.0 -9999.0 -9999.0 -9999.0 -9999.0 -9999.0 -9999.0 -9999.0 -9999.0 -9999.0 -9999.0 -9999.0 -9999.0 -9999.0 -9999.0 -9999.0 -9999.0 -9999.0
-9999.0 -9999.0 -9999.0 -9999.0 -9999.0 -9999.0 -9999.0 -9999.0 32.6363822564 94.4606487965 124.023811526 153.807075337 210.530578512 28.3922285817 113.648559624 141.832845022 525.822709079 26.9035169887 27.9890368732 58.6352040347 86.0320121344 28.1410735054 -9999.0 90.2015840891 73.4385447794 21.3636087661 -9999.0 -9999.0 -9999.0 -9999.0 -9999.0 -9999.0 -9999.0 -9999.0 -9999.0 -9999.0 -9999.0 -9999.0 -9999.0 -9999.0 -9999.0 -9999.0 -9999.0 -9999.0 -9999.0 -9999.0 -9999.0 -9999.0 -9999.0 -9999.0 -9999.0 -9999.0 -9999.0 -9999.0 -9999.0
-9999.0 -9999.0 -9999.0 -9999.0 -9999.0 -9999.0 33.3840206621 30.8218203051 30.2703646557 30.4942571252 30.6278973083 215.133816282 455.132523691 484.474838428 509.94210635 24.2433144407 577.288194057 604.469751414 55.1189282468 27.5088124717 112.991481377 196.18129325 27.6823025476 173.154346877 29.0229536568 28.8649085104 29.7058119576 -9999.0 -9999.0 -9999.0 -9999.0 -9999.0 -9999.0 -9999.0 -9999.0 -9999.0 -9999.0 -9999.0 -9999.0 -9999.0 -9999.0 -9999.0 -9999.0 -9999.0 -9999.0 -9999.0 -9999.0 -9999.0 -9999.0 -9999.0 -9999.0 -9999.0 -9999.0 -9999.0 -9999.0
-9999.0 -9999.0 -9999.0 -9999.0 -9999.0 -9999.0 66.3162195241 97.679385688 220.740136493 310.534836975 28.6324762764 29.1598454061 28.27792339 83.372628163 619.969768097 25.0057704841 631.618669912 733.585355389 80.1966318833 53.7718530723 222.49686706 27.5867468583 200.458456921 55.2866062572 27.9694858602 56.5164169226 58.6685334971 29.2566133506 28.9109328583 28.6860917654 29.1863046511 58.6767931612 -9999.0 -9999.0 -9999.0 -9999.0 -9999.0 -9999.0 -9999.0 -9999.0 -9999.0 -9999.0 -9999.0 -9999.0 -9999.0 -9999.0 -9999.0 -9999.0 -9999.0 -9999.0 -9999.0 -9999.0 -9999.0 -9999.0 -9999.0
-9999.0 -9999.0 -9999.0 -9999.0 -9999.0 33.6241635464 66.0794202817 31.9636098489 62.8813087731 341.617382675 400.472923792 458.902032134 1419.19669703 27.3242475098 647.84170663 2271.26139346 2290.78686415 3056.75045662 20.5412780887 80.0855987649 249.016538049 26.4268436877 507.759963117 280.538211929 171.045037334 143.366415819 28.6299820729 86.7311595259 85.0813743898 56.886501618 27.9910279141 87.322213134 28.0734218105 27.9992913568 -9999.0 -9999.0 -9999.0 -9999.0 -9999.0 -9999.0 -9999.0 -9999.0 -9999.0 -9999.0 -9999.0 -9999.0 -9999.0 -9999.0 -9999.0 -9999.0 -9999.0 -9999.0 -9999.0 -9999.0 -9999.0
-9999.0 -9999.0 -9999.0 -9999.0 -9999.0 33.5069952437 98.2361502342 196.247974723 227.016717591 449.312409347 479.080208887 570.635558438 932.571881222 1493.28922287 1547.62774403 1572.86618407 49.5219480779 3143.53593654 3187.11999879 3317.85480496 4181.87876126 588.078094311 535.056511214 198.328772824 26.9163863718 169.183350879 114.317939951 27.2890024244 111.885237965 25.6261628547 51.9901261028 141.141456902 168.463118913 55.3107429805 27.2307040937 27.2925208173 -9999.0 -9999.0 -9999.0 -9999.0 18.5456637437 15.8001596253 -9999.0 -9999.0 -9999.0 -9999.0 -9999.0 -9999.0 -9999.0 -9999.0 -9999.0 -9999.0 -9999.0 -9999.0 -9999.0
-9999.0 -9999.0 -9999.0 -9999.0 -9999.0 33.0016769661 31.9644349482 129.47905025 160.353121506 191.935946549 30.8843746706 61.4926893623 341.05331076 59.5836383086 29.6781037805 28.6051694562 26.7120070891 28.2237853741 27.5532898844 28.1971670812 4209.3342935 4288.78937484 26.2694058017 79.876461066 53.7472441002 195.816958344 54.4014741226 26.7987334903 139.408853163 50.1250090459 119.220096983 300.607761575 277.88613423 82.4591878267 81.9324167413 27.3157818368 27.2785899883 -9999.0 -9999.0 27.139280084 42.2216411535 90.9004446687 16.5544217929 -9999.0 -9999.0 -9999.0 -9999.0 -9999.0 -9999.0 -9999.0 -9999.0 -9999.0 -9999.0 -9999.0 -9999.0
-9999.0 -9999.0 -9999.0 -9999.0 -9999.0 -9999.0 33.1773874744 32.866364004 64.7586320446 96.4162870789 219.616488441 281.640889856 312.006443811 30.4736063604 27.9045155665 353.541206842 438.258338157 465.891910358 577.757852812 604.94168183 27.0543722161 4315.60934855 4445.72205737 103.752269274 19.2271246382 220.197956639 493.18018961 192.749314378 52.1802195663 25.8774886862 470.133852169 326.609683451 25.8184967491 25.9275612035 107.959283535 80.8249672567 26.4850630339 27.0272672581 26.5478072281 53.3347371538 26.099381268 110.938579398 136.756994718 25.5974244113 -9999.0 -9999.0 -9999.0 -9999.0 27.2899113772 26.5686897579 7.24379650954 -9999.0 -9999.0 -9999.0 -9999.0
-9999.0 -9999.0 -9999.0 -9999.0 -9999.0 -9999.0 -9999.0 33.272676661 29.8078783835 61.3713293748 92.7817054422 31.3423650513 29.1041873983 179.799390005 238.622070241 297.869926664 28.5949610832 56.6922227423 28.0197335954 631.967014933 1390.47003822 1409.51366162 5905.5253913 26.4615737751 58.5378201669 18.9026149351 519.134281254 26.0273731509 78.3406462934 25.7484910385 495.999295321 521.72253854 51.5760414457 51.3842622892 267.961205573 133.768352713 53.4574209773 26.9364900694 53.2078879224 79.6706718353 131.454224282 25.9598750297 188.964394823 214.727857366 24.401910057 25.2594904718 25.6751355404 24.6025290944 23.9000969872 79.143965075 30.7044508 20.1518209766 -9999.0 -9999.0 -9999.0
-9999.0 -9999.0 -9999.0 -9999.0 -9999.0 -9999.0 -9999.0 -9999.0 61.5375649366 90.5082139981 30.8570179387 61.9855463886 92.031331047 152.075484359 30.3907761361 29.9515066025 27.8436212837 28.2725282091 27.2372332753 704.113231455 27.9627811816 55.4714634817 5983.91207567 6052.58265207 36.8089133434 131.028630365 677.565085821 51.3416457433 102.954531915 50.2019885896 74.5085855809 622.453136107 76.1803775222 394.204686927 318.218060126 25.0610695962 131.405637204 52.6177483195 78.681265298 25.4699277292 157.212347268 209.416861514 233.366728758 256.736746924 309.284605038 47.4942759263 48.5446614333 46.7064762768 45.1984658445 102.277342122 22.6784406482 73.7980447219 95.2892376364 -9999.0 -9999.0
-9999.0 -9999.0 -9999.0 -9999.0 -9999.0 -9999.0 -9999.0 -9999.0 31.9916393644 153.635962875 184.104503082 30.5925241071 60.6455285479 30.0862801802 29.2255744731 28.7455541974 351.521161248 470.092220622 579.791975685 684.389502857 27.2302142554 27.7316174924 34.4996999427 6186.10040314 6257.83518728 6293.95478138 922.163280159 208.103509424 179.924649164 24.9411544333 99.1628221071 746.139006564 24.7638650028 418.859738783 25.0668767294 168.239225795 157.204369857 25.492615387 103.930575493 50.6866013585 75.622959951 26.0235017335 23.1492375183 279.969722277 302.180448157 331.453851539 71.3360751255 69.0024970498 67.2435116915 125.459121004 170.873958873 22.6217151706 117.037537866 22.0550836979 43.0383883404
-9999.0 -9999.0 -9999.0 -9999.0 -9999.0 -9999.0 -9999.0 -9999.0 -9999.0 31.6323292931 214.798952598 245.122342426 90.8363153659 150.940479162 209.227673775 238.29524484 29.192426194 90.5375221342 59.4086180372 29.0904232177 29.4231739845 27.9277422398 57.1772927678 101.958873593 40.540687612 7290.7527451 7327.81771381 35.22916494 26.6320501961 49.2512298525 73.4916229553 818.90267041 48.665033132 442.479308121 262.654479055 214.165912695 25.066923959 50.3255784809 128.375770216 24.3175499624 99.5725525117 49.9012860153 41.839905991 18.307166497 360.515615972 712.279328729 90.6120337074 88.5392615819 88.3467005072 20.8867522907 191.611913727 20.5011978031 159.893663728 20.7913497854 63.8937722038
-9999.0 -9999.0 -9999.0 -9999.0 -9999.0 -9999.0 -9999.0 -9999.0 -9999.0 -9999.0 29.9337032739 305.505247171 30.208230748 60.3777364711 89.0323540982 147.63928796 30.3162748995 61.6315168482 30.4997730568 30.0115474039 28.7569429304 57.1475420061 27.44035386 32.8285522746 71.1831643917 39.8581980313 7363.33196674 7433.75322029 7532.70280238 101.999107081 24.308797333 48.4482876603 843.243264928 825.424997695 311.938503115 24.5205015716 99.9101528483 75.1049582434 152.873544793 48.7558349896 197.467591851 73.7998368305 64.2580707529 14.8411757854 18.8255506644 734.901243005 756.452953272 955.840088713 152.343348685 42.4731929798 213.317369188 255.04902496 435.01935329 41.3900183814 19.8095848317
-9999.0 -9999.0 -9999.0 -9999.0 -9999.0 -9999.0 -9999.0 -9999.0 -9999.0 -9999.0 -9999.0 15.3073409732 339.074950701 28.6365255929 57.0228470564 262.939442368 30.2188199694 30.2560099822 28.2646862151 58.4803177538 27.639495091 112.401249287 166.776576074 193.251524958 98.9544674797 131.954789261 36.5609436139 39.0274977659 35.2963128071 7690.06754959 7765.69207599 866.902990261 871.661433535 848.620603557 47.4053759508 23.4985226758 123.505874218 323.677869462 176.628333756 72.4834708118 293.159001548 133.676159025 111.015726265 29.4773278714 13.2365366925 13.5139682448 15.313576613 1023.5882647 1239.05833447 20.6264939623 19.8502532461 20.3845195954 454.883630355 515.45363334 37.2984679326
-9999.0 -9999.0 -9999.0 -9999.0 -9999.0 -9999.0 -9999.0 -9999.0 -9999.0 -9999.0 -9999.0 14.5276227811 374.96932147 463.512334289 28.4629869656 319.69275015 28.7985373362 28.4014759813 55.6817224484 141.685747138 27.4934615739 28.1378814934 26.5735085478 246.981266688 273.40239702 431.879699648 495.865733761 527.440168379 562.007210576 594.593412331 8393.28224525 9319.86878824 10249.6203665 10276.2469385 26.8500998674 23.8119993967 370.876557436 347.452645919 23.4221065571 23.0278898165 314.516096847 471.270246501 20.8580694723 223.297951031 205.343034727 59.8066982577 30.6252454074 48.0841336245 22.0418589784 1280.49627926 20.8597382548 60.1538370119 78.4125914289 647.817607288 698.235477293
-9999.0 -9999.0 -9999.0 -9999.0 -9999.0 -9999.0 -9999.0 -9999.0 -9999.0 -9999.0 -9999.0 30.7967728391 59.8964117029 492.341478993 547.306054363 27.586452275 372.692189182 26.8976650201 81.4627054955 168.209472513 54.0016314516 26.4767265932 53.9376047575 25.7958885181 50.3614646157 24.5603577975 23.1719689443 19.850309603 18.2789920079 19.1083413382 21.2237631581 27.1720989875 31.8353503241 35.309698311 10366.5119143 483.989024957 429.255165012 27.7484335785 69.252247426 17.3388227624 13.7569214824 493.473683763 783.052041631 246.434240014 177.380557049 32.0074972832 14.965158364 14.2208310878 33.6708827119 1335.19958328 1376.13805855 20.8790299059 20.9608487883 18.6618229002 14.3310967173
-9999.0 -9999.0 -9999.0 -9999.0 -9999.0 -9999.0 -9999.0 -9999.0 -9999.0 -9999.0 -9999.0 -9999.0 28.9348858599 364.939833445 940.426749378 1024.27168588 1423.45042888 1447.3304237 380.510571155 275.77180259 80.8817561078 26.3322462994 106.153557393 131.788289145 206.866836928 49.6826099776 47.6715462208 44.5570243079 87.0985679327 43.160339175 44.4454956936 20.1102295659 15.4020554807 20.027828092 10394.4219654 10892.6358953 10922.4925602 29.4506246987 203.051235161 76.9427020863 23.1272526509 852.399718141 47.4288730709 24.1221473376 96.6039023035 21.2109187673 21.0524134241 40.5739482451 59.3610602429 79.4081142644 1413.90602537 18.4033267878 17.1093189609 17.114296956 14.5208222648
-9999.0 -9999.0 -9999.0 -9999.0 -9999.0 -9999.0 -9999.0 -9999.0 -9999.0 -9999.0 -9999.0 30.1263517604 276.852546535 336.4143735 56.7629006459 16.502917785 39.0976070783 1513.32864846 1538.1016725 1941.59553073 25.1910328052 51.3855015426 24.5063348408 24.8189414262 231.386960885 305.565893296 376.697165665 23.413785632 110.53749975 176.778647304 109.699400959 42.8125264222 35.1669000747 35.1158546593 37.8999585268 23.2562916776 10949.4840686 10975.6670672 11230.0396978 43.7529382506 22.0274115302 870.257735889 49.2904380324 25.0509423711 25.6437901186 25.4049659819 24.5367995856 46.2432266093 136.789770239 237.420151943 1669.87503816 15.9329651127 47.6116101693 31.9649191689 28.4828193472
-9999.0 -9999.0 -9999.0 -9999.0 -9999.0 -9999.0 -9999.0 -9999.0 -9999.0 -9999.0 -9999.0 30.6459679132 187.895131999 30.1703344686 28.2773654156 139.225014696 165.602786349 192.955714054 219.399226099 2622.05456069 2643.26879375 2690.02077983 3033.88503786 3107.6704101 3151.68335603 3176.82036097 3606.78917429 3664.84162245 3687.5935215 3888.03753438 4021.88106382 4044.71330286 4120.95592144 56.9923861665 54.6589824725 16.2660921271 20.1176076133 11001.049528 11324.9502477 68.1825743 1003.82210385 983.139684115 96.3472339033 23.7621118063 24.0826629545 23.7916526377 23.2218724506 46.7451995252 69.3891191615 22.6943751408 1688.10815648 1706.82829247 1803.59982173 1820.40794611 1864.96585217
-9999.0 -9999.0 -9999.0 -9999.0 -9999.0 -9999.0 -9999.0 -9999.0 -9999.0 -9999.0 -9999.0 95.3114624978 126.211991567 59.908705341 89.0141983043 28.8399976402 327.709345586 355.915218064 411.517172891 434.648480935 185.5628661 2911.71995892 2933.37268153 23.8353846768 19.1990066574 17.0391445771 37.2756042233 17.8157093326 15.0143944771 14.1572648944 15.8198783389 4063.94309918 4141.31625686 4219.37089608 4293.60730837 4366.43976416 36.0696780338 16.6446771828 12398.3313449 1047.51502005 1025.00898307 22.3606599572 21.9012753185 21.2937121416 45.7247063462 45.5372186065 21.6080811614 21.4975879252 20.6419943971 43.0856711405 60.8827516121 16.2166366214 30.5825023774 12.252292907 8.60173867683
-9999.0 -9999.0 -9999.0 -9999.0 -9999.0 -9999.0 -9999.0 -9999.0 -9999.0 -9999.0 -9999.0 -9999.0 64.2163924594 30.4375085091 29.3679574509 272.030615789 300.607350063 28.5712953414 113.052811464 139.490714868 163.899785202 26.2200983949 24.6193198511 464.433043096 486.586272694 507.667675836 1315.54020837 1332.63707984 1362.04107812 1497.25549822 1583.84844074 1597.64988874 12.8522078599 13.329635281 13.9467420402 4404.29717934 18.2613211292 12623.8145325 12590.5012242 169.698896446 145.57502257 87.4067384317 21.8469483281 42.5518195427 67.3385091245 67.1245113693 42.707244804 20.9557906308 41.4012613706 40.9489831053 79.7865822626 11.1066690929 42.3501687648 70.8348148825 88.8179132766
-9999.0 -9999.0 -9999.0 -9999.0 -9999.0 -9999.0 -9999.0 -9999.0 -9999.0 -9999.0 -9999.0 -9999.0 32.7165608819 93.680014192 123.379973576 213.912710369 28.8968270179 58.0465458547 86.2027038032 320.847240496 344.631153805 362.735102381 388.12411273 416.056556297 663.582114132 744.479142023 789.203777532 18.0123009574 104.906450458 121.464234999 1541.11070701 1613.2060772 1642.16411329 1670.82619599 1701.58534098 6125.40492148 19.0617357546 12698.6190612 36.5041830389 16.0709840202 123.860033809 106.373314581 17.0111267277 61.9847705851 86.9501712813 86.6773007029 61.6037705065 101.484608089 160.77250121 59.4313429064 156.900597327 14.43817316 21.5304144088 8.72033764315 7.81258848937
