data/baseflow/mHMbf_acc534.asc
ncols                  80
nrows                 72
xllcorner      4374000.0
yllcorner      5656000.0
cellsize            500
NODATA_value       -9999
[rows 0 to 24 of 72, columns 0 to 54 of 80]
-9999.0 -9999.0 -9999.0 -9999.0 -9999.0 -9999.0 -9999.0 -9999.0 -9999.0 -9999.0 -9999.0 -9999.0 24.4104699611 22.3004650376 -9999.0 -9999.0 -9999.0 -9999.0 -9999.0 -9999.0 -9999.0 -9999.0 -9999.0 -9999.0 -9999.0 -9999.0 -9999.0 -9999.0 -9999.0 -9999.0 -9999.0 -9999.0 -9999.0 -9999.0 -9999.0 -9999.0 -9999.0 -9999.0 -9999.0 -9999.0 -9999.0 -9999.0 -9999.0 -9999.0 -9999.0 -9999.0 -9999.0 -9999.0 -9999.0 -9999.0 -9999.0 -9999.0 -9999.0 -9999.0 -9999.0
-9999.0 -9999.0 -9999.0 -9999.0 -9999.0 -9999.0 -9999.0 -9999.0 -9999.0 -9999.0 -9999.0 -9999.0 48.033415429 112.935783184 19.5928315003 -9999.0 15.9926874595 -9999.0 -9999.0 -9999.0 -9999.0 -9999.0 -9999.0 -9999.0 -9999.0 -9999.0 -9999.0 -9999.0 -9999.0 -9999.0 -9999.0 -9999.0 -9999.0 -9999.0 -9999.0 -9999.0 -9999.0 -9999.0 -9999.0 -9999.0 -9999.0 -9999.0 -9999.0 -9999.0 -9999.0 -9999.0 -9999.0 -9999.0 -9999.0 -9999.0 -9999.0 -9999.0 -9999.0 -9999.0 -9999.0
-9999.0 -9999.0 -9999.0 -9999.0 -9999.0 -9999.0 -9999.0 -9999.0 -9999.0 -9999.0 22.172612227 21.6491375296 22.6655471267 22.2465797584 155.310129132 176.205786861 44.6720860652 14.1291533699 -9999.0 -9999.0 -9999.0 -9999.0 -9999.0 -9999.0 -9999.0 -9999.0 -9999.0 -9999.0 -9999.0 -9999.0 -9999.0 -9999.0 -9999.0 -9999.0 -9999.0 -9999.0 -9999.0 -9999.0 -9999.0 -9999.0 -9999.0 -9999.0 -9999.0 -9999.0 -9999.0 -9999.0 -9999.0 -9999.0 -9999.0 -9999.0 -9999.0 -9999.0 -9999.0 -9999.0 -9999.0
-9999.0 -9999.0 -9999.0 -9999.0 -9999.0 -9999.0 -9999.0 -9999.0 -9999.0 21.4496313412 43.7357722569 86.9093834921 43.6594229642 21.2186840519 41.8741676342 196.618980807 276.676290321 16.660367825 -9999.0 22.0740745329 -9999.0 -9999.0 -9999.0 -9999.0 30.9223381918 15.5528488642 -9999.0 -9999.0 -9999.0 -9999.0 -9999.0 -9999.0 -9999.0 -9999.0 -9999.0 -9999.0 -9999.0 -9999.0 -9999.0 -9999.0 -9999.0 -9999.0 -9999.0 -9999.0 -9999.0 -9999.0 -9999.0 -9999.0 -9999.0 -9999.0 -9999.0 -9999.0 -9999.0 -9999.0 -9999.0
-9999.0 -9999.0 -9999.0 -9999.0 -9999.0 -9999.0 -9999.0 -9999.0 24.1151959185 68.1183230544 89.0685844837 110.082776254 151.112765943 19.9422363792 80.8522863037 100.57860381 418.230349499 21.0600094024 19.4206468865 41.8386539539 61.1971250052 20.135866229 -9999.0 83.1672329572 67.9280722414 19.315572143 -9999.0 -9999.0 -9999.0 -9999.0 -9999.0 -9999.0 -9999.0 -9999.0 -9999.0 -9999.0 -9999.0 -9999.0 -9999.0 -9999.0 -9999.0 -9999.0 -9999.0 -9999.0 -9999.0 -9999.0 -9999.0 -9999.0 -9999.0 -9999.0 -9999.0 -9999.0 -9999.0 -9999.0 -9999.0
-9999.0 -9999.0 -9999.0 -9999.0 -9999.0 -9999.0 23.7306856694 21.5364043635 21.1918274794 21.5535801683 22.1992637782 154.728571434 327.224687623 348.269488956 364.886765337 15.2655943718 453.815306083 473.049064365 37.6401734487 19.4467222043 80.2018308429 139.694331809 20.8057793242 146.589828697 20.8152691811 21.6896990889 21.3123591259 -9999.0 -9999.0 -9999.0 -9999.0 -9999.0 -9999.0 -9999.0 -9999.0 -9999.0 -9999.0 -9999.0 -9999.0 -9999.0 -9999.0 -9999.0 -9999.0 -9999.0 -9999.0 -9999.0 -9999.0 -9999.0 -9999.0 -9999.0 -9999.0 -9999.0 -9999.0 -9999.0 -9999.0
-9999.0 -9999.0 -9999.0 -9999.0 -9999.0 -9999.0 47.2689762271 69.4230401206 156.929155939 219.789839992 19.8727103888 20.2968810082 19.9358241321 58.0697807206 441.47631418 16.1995288811 491.472907128 559.134776985 53.451475683 37.4556999345 157.983686052 19.664023256 165.822139657 39.1813329908 19.8304842083 41.2188004565 42.3220145488 21.099029244 20.6216533679 20.1725896204 21.2955121963 42.6646990992 -9999.0 -9999.0 -9999.0 -9999.0 -9999.0 -9999.0 -9999.0 -9999.0 -9999.0 -9999.0 -9999.0 -9999.0 -9999.0 -9999.0 -9999.0 -9999.0 -9999.0 -9999.0 -9999.0 -9999.0 -9999.0 -9999.0 -9999.0
-9999.0 -9999.0 -9999.0 -9999.0 -9999.0 24.8805847284 48.3716359065 23.1758659042 45.5846825251 242.640813095 284.71062057 326.152393283 1024.17650894 18.6594601592 461.296161641 1632.43583118 1645.30107466 2226.09513899 13.5819808622 55.0515943684 176.386616625 18.2485345825 385.543828449 200.982571266 123.385731062 103.705489995 20.6407750469 62.1218711738 60.1797167461 40.1179488925 19.5801605957 62.831528553 19.5699498983 19.340859048 -9999.0 -9999.0 -9999.0 -9999.0 -9999.0 -9999.0 -9999.0 -9999.0 -9999.0 -9999.0 -9999.0 -9999.0 -9999.0 -9999.0 -9999.0 -9999.0 -9999.0 -9999.0 -9999.0 -9999.0 -9999.0
-9999.0 -9999.0 -9999.0 -9999.0 -9999.0 24.6704722974 71.8170986801 143.562927698 165.855709818 328.446074921 349.890652677 416.867645213 678.667536392 1077.35446286 1117.71677599 1136.81690605 35.2150211962 2286.9030067 2315.63972948 2405.85485597 3043.24038655 442.210526239 405.210104907 142.829618404 19.0753622771 120.954092656 81.9650738359 19.3708835841 79.3066126506 17.7269204221 35.3762663251 99.512995941 118.869745264 38.4889028256 19.3629966531 18.9844646503 -9999.0 -9999.0 -9999.0 -9999.0 16.9505456073 14.6208395116 -9999.0 -9999.0 -9999.0 -9999.0 -9999.0 -9999.0 -9999.0 -9999.0 -9999.0 -9999.0 -9999.0 -9999.0 -9999.0
-9999.0 -9999.0 -9999.0 -9999.0 -9999.0 23.9163422467 22.9267585 94.8758169852 117.525019746 140.892745496 22.7334211593 45.0471369853 247.166418396 43.3444272022 22.1589796142 20.6865845231 19.2773025382 19.5620731328 18.288506986 20.7446565317 3062.97814623 3118.80291614 18.2570302205 56.0164656953 38.0059888104 139.684882319 38.7191291203 18.8889887255 99.1402810201 34.2673159745 81.0659939441 211.836136238 195.625379641 57.6471404386 57.8472281238 19.3537654726 19.4739588088 -9999.0 -9999.0 19.5313190012 37.9426052929 83.0101854407 15.3479613245 -9999.0 -9999.0 -9999.0 -9999.0 -9999.0 -9999.0 -9999.0 -9999.0 -9999.0 -9999.0 -9999.0 -9999.0
-9999.0 -9999.0 -9999.0 -9999.0 -9999.0 -9999.0 24.4191643801 24.7246872084 47.1066247962 69.8424784745 158.845762197 203.967435979 225.921267003 21.3834597052 19.8483043995 255.299231185 317.14355543 336.79260664 417.992290278 437.013280494 19.2189262313 3138.14808173 3228.81635822 71.66493448 10.6124560377 155.685794236 349.288416692 136.90468361 36.7562290634 18.1229028046 328.868436244 230.521384878 18.5744755406 18.5363243885 76.7248248836 57.848291623 19.3257496069 19.595568094 19.531631181 38.6857652566 19.2201322957 101.195919085 120.620315343 19.0539181541 -9999.0 -9999.0 -9999.0 -9999.0 21.2908011758 20.4553459005 5.30395292346 -9999.0 -9999.0 -9999.0 -9999.0
-9999.0 -9999.0 -9999.0 -9999.0 -9999.0 -9999.0 -9999.0 24.1458726033 20.6306069329 43.8741077473 67.2700633249 22.7394338338 19.5675145371 128.896630816 171.968507716 215.882376833 21.385566022 41.2354245199 20.8874841765 456.511369829 1025.43873423 1042.26723074 4309.52512956 18.4754695278 31.8652017472 9.85582281636 367.425890941 18.464897025 55.1632137641 18.0251374715 347.29699068 365.722648743 37.2058027052 36.7079289474 192.164947149 96.3405293776 39.0268446587 19.7848352083 39.0146546151 57.9029488392 96.0061367736 18.9377885082 159.164513962 178.431748813 18.4017785545 19.1468709357 19.5177236253 18.5582122527 18.0675233029 60.5303078661 22.9866688816 15.0912302183 -9999.0 -9999.0 -9999.0
-9999.0 -9999.0 -9999.0 -9999.0 -9999.0 -9999.0 -9999.0 -9999.0 42.7087978219 61.8275905859 22.2953286413 45.3008201761 67.5211526919 110.240088176 22.6989696682 21.9479395465 19.9309199743 20.1701661682 19.0968951476 529.006725841 21.2858045992 41.6627609235 4370.76805524 4421.5802724 24.9122893849 80.799907231 466.995619461 36.3151160863 72.3993861548 34.9677818965 52.0584192934 438.114594356 54.8863967845 282.354242334 228.151260954 17.6720912879 96.5983540703 38.8626684329 57.7510772491 18.6055781394 115.250375418 153.539964002 171.721885629 189.383501535 250.067565538 35.9996705988 37.0119405045 35.3391925403 34.1621543667 77.9100957748 17.0504684313 55.4104047482 71.4061306001 -9999.0 -9999.0
-9999.0 -9999.0 -9999.0 -9999.0 -9999.0 -9999.0 -9999.0 -9999.0 23.3024001483 108.074811901 129.845389413 21.7991390309 43.3829073266 21.5592864415 20.6775662662 20.333665758 254.090436519 342.313470965 426.775609107 511.432157761 22.112210558 20.7619856746 23.8829209136 4522.43680282 4578.85358374 4604.89313524 638.803277992 146.639818137 126.837672419 17.4164831193 69.3130180481 524.699657717 17.582548822 299.826885116 18.0939824621 123.151294203 115.681677192 18.8217289312 76.3912654584 37.1412272322 55.6222021184 18.8315529847 17.3136245552 206.922290241 223.728300013 266.842418268 54.4344678283 52.302823733 50.9414154873 95.4519397791 129.729983074 17.0826529101 87.6781661431 16.3978551638 31.8377555143
-9999.0 -9999.0 -9999.0 -9999.0 -9999.0 -9999.0 -9999.0 -9999.0 -9999.0 23.9324787852 152.709030475 174.297073961 65.1301779791 108.535246546 150.504756291 171.895193289 22.2511497777 67.9346106494 45.2425403913 22.9022494358 22.7067595953 20.7521029125 42.5426356197 74.4906508546 30.6812828141 5300.1851375 5326.3039666 24.2527011709 18.3635319467 34.4527450786 51.6516584119 576.635011933 34.7390079437 316.610466727 191.729848762 156.619796616 18.5224325776 36.9713625793 94.2546594368 17.8093490627 73.2466499006 36.6317099479 29.6902233393 11.6562528431 263.724278953 545.765922237 68.7649589913 66.9071086866 66.8051664353 15.6749337292 145.323113119 15.3504962889 119.866448447 15.330209527 47.3672986796
-9999.0 -9999.0 -9999.0 -9999.0 -9999.0 -9999.0 -9999.0 -9999.0 -9999.0 -9999.0 21.7904890323 218.219334023 21.6531581073 43.4489653238 64.1405796187 106.22385769 21.9196636523 45.444963917 22.456810655 21.6946108678 20.9134989894 41.5899217509 19.8119220408 22.9758036079 49.9256601214 28.7489902639 5353.37443462 5403.5955624 5473.74842801 71.2443935579 17.1462184233 34.1811819522 594.259468075 595.982467005 227.856454874 17.839206061 73.3794972993 55.0986163827 112.164168037 35.6344073381 145.646437048 54.4785618671 45.7617101357 7.86482203427 12.316615571 562.893530325 579.294671292 730.163359168 115.006082743 31.8626830519 161.79675055 193.273437865 328.243118243 30.7722266281 14.5108176443
-9999.0 -9999.0 -9999.0 -9999.0 -9999.0 -9999.0 -9999.0 -9999.0 -9999.0 -9999.0 -9999.0 10.5497252193 240.048827246 19.4485667536 40.0283198503 188.472226838 22.0587994442 21.945140521 20.178725703 42.1086302308 20.4183499826 82.4084974643 121.839351881 140.780903999 69.5533865779 92.2274774917 26.0139893388 28.3560000107 26.6198077788 5586.77804645 5639.60553315 611.425598718 630.077383137 613.089249839 34.6971865943 17.1236492811 90.6948240617 237.742329071 129.765395773 53.1136590348 216.428394238 88.5743393956 71.4858577328 15.2215198798 7.00115048681 7.32519452638 9.41762605255 774.011393683 936.722202532 15.4997487894 14.9906604285 15.2588663153 342.956369786 387.67047461 26.8743275446
-9999.0 -9999.0 -9999.0 -9999.0 -9999.0 -9999.0 -9999.0 -9999.0 -9999.0 -9999.0 -9999.0 9.78107079828 264.423341519 329.793043435 20.6958724951 229.57978372 20.7533756875 20.1471802928 39.8002545006 101.783323399 19.9426608448 20.7898962654 19.2048182421 179.604150322 198.853855204 310.631554744 355.809291847 377.045556515 401.501605092 424.909135368 6089.66331019 6742.96909008 7414.47666522 7434.84063243 19.0817830913 17.1391397485 272.465237896 255.230760129 17.313117168 16.7495874701 231.545237925 338.017272553 15.222322571 156.049755289 144.671265247 34.3975174143 18.3861843222 29.5855484431 16.7019919371 967.678256434 15.477806767 44.7149350351 58.167156473 481.653041417 515.098608086
-9999.0 -9999.0 -9999.0 -9999.0 -9999.0 -9999.0 -9999.0 -9999.0 -9999.0 -9999.0 -9999.0 23.1565615746 45.0492717277 351.227337865 390.871656191 20.0333008344 271.318415317 19.0036161215 57.5778560458 120.627692785 38.9866838932 18.9763337773 39.4013503578 18.407745324 35.8911183757 17.3066571174 15.9865734455 12.2643104638 11.179077869 11.1867402749 12.0569124463 17.0854261564 21.7983604621 25.9981055982 7500.54990644 350.955639723 313.095229741 19.3751343523 50.7915323784 12.6888550411 9.60150566751 354.811227288 562.477422178 174.719842562 130.201778565 19.2080869841 8.62032912244 7.91976934518 21.8623769152 1005.36057573 1035.72005707 15.5688389301 15.5548313476 12.6986406123 7.83072480359
-9999.0 -9999.0 -9999.0 -9999.0 -9999.0 -9999.0 -9999.0 -9999.0 -9999.0 -9999.0 -9999.0 -9999.0 20.6240224315 277.580290063 689.155002868 751.304248843 1042.62855097 1063.27201887 275.58874397 197.935075069 58.2972290633 18.7602681196 76.9228522242 95.4611039718 148.928779965 35.2940783823 33.4628050877 29.998390969 58.7571516932 28.520965263 28.5515211881 13.0092848847 7.75324367264 10.770023137 7520.90636147 7882.49010614 7904.62319567 20.1725193033 147.542215492 56.8945373949 17.6368857056 618.727038825 39.3457626961 20.1889663902 80.1151951995 16.3230185474 15.0490813426 28.9543961933 42.6525364113 57.5843947662 1063.32710913 13.3824872852 12.2065293473 12.2114754306 9.55510627743
-9999.0 -9999.0 -9999.0 -9999.0 -9999.0 -9999.0 -9999.0 -9999.0 -9999.0 -9999.0 -9999.0 22.3211161703 211.07303535 256.610974668 43.2102106249 11.8036396878 26.9321134294 1109.66706569 1129.78790487 1425.12656538 17.7271487758 36.3334806781 17.1576468085 17.4169822207 166.657130904 219.64376401 269.943131117 16.9610043613 76.0701577616 121.607272865 74.6594244361 29.6897631595 21.0848052657 19.1192461624 21.676885437 13.8078422234 7924.12757256 7942.11817571 8124.78365528 32.9666424447 16.6900070854 634.437712396 39.7097425124 20.4891862379 21.6931254613 21.5602386101 19.8186249518 35.3729030517 105.421870154 178.846728018 1255.56033294 11.2212229636 33.438133769 22.444317326 18.9931962264
-9999.0 -9999.0 -9999.0 -9999.0 -9999.0 -9999.0 -9999.0 -9999.0 -9999.0 -9999.0 -9999.0 22.8348802945 146.076336949 23.2905003583 21.0799962713 107.07682365 126.740748909 146.857059398 165.713186072 1937.05661148 1951.61656467 1983.89876564 2230.90172384 2281.91734573 2311.88369252 2330.24989212 2634.49564603 2673.663951 2690.49351959 2830.24295799 2923.44494447 2940.26742964 2990.38245613 35.0701412937 31.6588246719 7.95708427351 10.8447695751 7959.87159655 8193.7468279 50.9442547608 742.075748417 725.799172203 76.792321853 18.598178513 18.7951724198 18.4146504902 18.3029332192 36.9041809192 54.245258 17.2794872916 1268.67185973 1282.22265747 1350.25122476 1362.07366028 1392.21080315
-9999.0 -9999.0 -9999.0 -9999.0 -9999.0 -9999.0 -9999.0 -9999.0 -9999.0 -9999.0 -9999.0 75.0792246958 99.2825680616 46.3965784689 68.9604362084 22.2986950405 249.284948794 270.379948517 312.146390803 327.445721624 136.19003051 2145.89647631 2160.81706718 15.684652541 11.8305672144 9.79815800772 22.9795286943 10.4180595858 8.35894146405 7.48222309896 9.04667733563 2953.36269266 3004.88198923 3056.82017315 3103.83700641 3143.20204739 18.3934512719 8.31007178268 8986.05570682 774.93451039 759.031674051 17.0828709967 16.6984550192 16.1564032827 35.1227797428 34.8088491136 16.1703740023 16.0339745825 15.2023177358 32.1866802004 44.9835377132 10.5032961508 19.2432315173 7.81915201928 4.01409800473
-9999.0 -9999.0 -9999.0 -9999.0 -9999.0 -9999.0 -9999.0 -9999.0 -9999.0 -9999.0 -9999.0 -9999.0 50.6134970355 23.7788396689 22.2873778701 207.537352489 229.225472509 21.6068620212 84.4830487052 104.027945683 121.109619685 18.9235426913 16.5948777167 336.580977938 351.575060017 365.390853787 965.841246132 976.229612017 992.923354345 1079.05095631 1128.26420228 1135.49999653 6.53917748313 6.96610286468 8.01396834317 3168.53014605 11.2317695899 9144.62697033 9124.75709723 123.742660249 106.541239767 66.0377943473 16.432012279 32.132591317 51.4777932152 51.1594189124 31.9474733349 15.5172419276 30.5555304152 29.9307868928 58.5472843922 7.28237200796 26.447180487 45.5952021538 54.1409018999
-9999.0 -9999.0 -9999.0 -9999.0 -9999.0 -9999.0 -9999.0 -9999.0 -9999.0 -9999.0 -9999.0 -9999.0 25.9061628632 72.3696014262 94.979716392 163.409793016 21.5014245449 43.4317837434 64.5477978152 239.48269431 255.818486552 265.87226563 283.155402695 303.742757896 498.86315849 557.695910833 588.499900616 11.0541755202 68.081635009 78.4113828839 1104.78630504 1145.08594935 1161.72943063 1178.44382912 1195.52168559 4377.28445277 13.9467684694 9193.63648602 21.2656552907 8.85397727505 90.1025773271 78.9982625038 10.9187604703 46.1661589013 65.7153232859 65.425908117 45.5595731885 74.6837915072 117.956658858 43.1122341141 114.22542539 9.17100109433 12.0044945263 3.70604386553 3.08441984966
