data/baseflow/mHMbf_acc559.asc
ncols                  80
nrows                 72
xllcorner      4374000.0
yllcorner      5656000.0
cellsize            500
NODATA_value       -9999
[rows 25 to 49 of 72, columns 0 to 54 of 80]
-9999.0 -9999.0 -9999.0 -9999.0 -9999.0 -9999.0 -9999.0 -9999.0 -9999.0 -9999.0 -9999.0 -9999.0 20.9338594266 41.2238373126 18.2574347303 36.7148177309 15.2208916567 122.203752236 151.056175854 166.268625391 13.2932963308 24.4000369286 264.258493047 320.549739644 329.704215032 22.9497348502 20.7529424721 28.8587205776 3.86080507603 3.31071367386 6.14965270122 3.31899346719 424.004604044 427.847718485 431.217317502 2842.2557598 5779.8454046 5745.93938989 4.61341940704 2.23998803791 1.99821857341 8.83627768727 7.24349060405 25.180027558 38.4784905727 77.8423791517 6.84482461996 6.79797961999 62.673657912 68.2625674953 132.951386628 136.320141626 143.235256084 145.278793641 1.76672515028
-9999.0 -9999.0 -9999.0 -9999.0 -9999.0 -9999.0 -9999.0 -9999.0 -9999.0 -9999.0 -9999.0 -9999.0 -9999.0 18.6006850339 37.5093342103 56.8031931728 89.5558919939 17.6061038192 15.2605609119 116.20012165 129.422510362 243.422492562 256.878854183 36.7511001405 12.3482850434 11.1375935677 10.8639654694 400.596070749 406.243659752 410.663672833 413.937687486 420.562412591 50.142975713 54.6207063047 491.231903257 9116.89799093 24.7022271601 18.9352371136 7.92927328024 2.26996809895 1.70848345707 12.8798907416 14.2513736861 28.348838537 1.54402447587 80.0210095161 10.5330054656 10.2130299671 1.51486151803 1.02179064751 0.973953503112 1.47709453982 1.04552521887 146.371428847 1873.14022571
-9999.0 -9999.0 -9999.0 -9999.0 -9999.0 -9999.0 -9999.0 -9999.0 -9999.0 -9999.0 -9999.0 -9999.0 -9999.0 -9999.0 18.2717629326 36.8746809209 53.5206390938 70.4198690716 85.8541458636 101.94058311 45.7576381519 75.7038474595 13.0416385108 12.3238587345 345.094704955 369.133876444 380.03044166 392.033308627 8.1990255148 13.9990533457 36.8409504036 41.1652914439 45.554492766 5.50407594374 5.06979320757 9133.30550496 5.97528916234 7.49962164502 3.93498338595 10.0620011936 4.52622168175 3.12763627146 45.3307462138 48.3134827508 1.74074753613 82.2094926128 94.0874560026 11.5991821579 1938.99588068 1936.41187647 1934.19012824 1928.00647585 1925.10638358 1881.25334161 1878.63135948
-9999.0 -9999.0 -9999.0 -9999.0 -9999.0 -9999.0 -9999.0 -9999.0 -9999.0 -9999.0 -9999.0 -9999.0 -9999.0 -9999.0 4.94870487726 10.8316062871 17.0965528324 166.240628802 182.068791037 16.2470232085 15.5184414124 15.0074590331 293.391791905 321.381048933 13.296405189 13.6534013897 9.82101427206 41.4607791425 51.5544167817 24.5870779313 30.2339726712 253.334848222 259.819510883 274.26755345 425.129809118 9562.82223241 6.5817881194 3.30549527155 16.1630879431 13.213820886 2.40298201639 8.21555583085 10.8334113534 51.3433904417 53.964495107 152.753365095 95.0342472541 12.7251754871 1986.66753576 23.3161537369 1931.86606501 1930.07792484 41.335249325 2.02101287108 2.77087337667
-9999.0 -9999.0 -9999.0 -9999.0 -9999.0 -9999.0 -9999.0 -9999.0 -9999.0 -9999.0 -9999.0 -9999.0 -9999.0 -9999.0 25.2669650644 41.4796756082 84.1620419073 148.73282399 198.577106077 234.435165056 250.048096733 266.102818015 280.848036919 13.4322166575 11.9532414812 23.0748347475 20.7429745591 10.8881458978 222.957421385 232.686840045 241.655561323 250.023452327 130.422064097 135.077808897 144.191743054 9566.69959501 11.5127814073 10.9857994978 29.223686883 2.79819129514 5.88086848764 3.29415013203 2.36201614736 13.5557569425 1.98153711985 2.13853480918 2152.79335034 1998.35938493 1996.02027531 10.0690588965 21.3118797296 13.1768263254 2.57071216932 36.3470436249 8.66123260153
-9999.0 -9999.0 -9999.0 -9999.0 -9999.0 -9999.0 -9999.0 -9999.0 -9999.0 -9999.0 -9999.0 -9999.0 -9999.0 -9999.0 17.7399218814 16.6507156485 32.6755652142 49.2371284014 18.0018819593 17.6045256211 33.4022250009 48.7356788939 76.5338819694 90.4241561544 102.845950509 139.231796218 150.493688695 162.294145402 9.9253653036 106.413273707 114.474249235 120.840128957 4.11753009955 1.59337616668 3.42546562682 9715.90431463 9719.7140252 9738.87939901 37.5186808221 5.91747812858 9.99533783888 2.70825203312 4.23041253505 15.6310562743 19.3241881791 3.8678952525 2163.37367888 3.74634773152 5.57197239902 6.10069618321 4.84688028578 8.33114302767 3.3743600692 25.8504550655 18.9249692148
-9999.0 -9999.0 -9999.0 -9999.0 -9999.0 -9999.0 -9999.0 -9999.0 -9999.0 -9999.0 -9999.0 -9999.0 -9999.0 -9999.0 -9999.0 15.7988350167 31.063884449 14.8826393489 30.9854224748 191.501538426 206.467012648 221.30182891 13.9827545402 14.0287121717 26.1621947748 38.5682831806 59.9124727069 70.5725072437 77.1755177693 86.7061429853 7.58989013112 6.04861870018 133.124382539 135.427616161 138.309488203 141.72538327 117.863746398 9871.26509107 9930.12452312 9932.86357672 9945.2888228 9957.30170767 9963.96079057 1.89199260631 21.0522517607 2165.32225792 4.5464666656 2.34513843427 2.95950151043 2.87059464091 4.77298509659 3.99139579272 2.40494270067 3.93989714514 3.36870301884
-9999.0 -9999.0 -9999.0 -9999.0 -9999.0 -9999.0 -9999.0 -9999.0 -9999.0 -9999.0 -9999.0 -9999.0 -9999.0 -9999.0 -9999.0 -9999.0 46.1333091009 61.7686190263 109.271811603 144.023504958 18.2601137699 256.926893099 270.733760393 283.833026934 13.0283364887 25.4127686517 10.9338801707 84.1943690906 89.8269436139 99.0590368923 108.368495153 127.319140603 130.556950685 2.04064487518 103.60331298 110.730515308 114.54900921 128.479713453 17.6844460417 11.1069947929 6.39420198122 5.70696016379 9971.77720558 9976.07410945 10014.1966028 2167.33035168 13.2345844044 6.98291162221 4.7180578942 1.33307284849 13.4065348514 6.86034719758 2.11225995066 11.7186597475 10.0083446478
-9999.0 -9999.0 -9999.0 -9999.0 -9999.0 -9999.0 -9999.0 -9999.0 -9999.0 -9999.0 -9999.0 -9999.0 -9999.0 -9999.0 -9999.0 -9999.0 16.3144120036 77.7658099056 94.495478617 18.8402506963 15.574934304 31.4361289856 45.4701845685 343.007566488 12.8471523331 51.7946219778 63.2703264158 74.4906061267 6.31076834644 14.5726993242 18.0431250628 83.6605304864 91.2874266327 94.5248486239 3.58872337171 3.3057838439 3.6819902587 6.67392819305 2.74551510414 2.89600298703 4.979140787 3.50750416844 5.25467381405 14.5876660027 10018.2460341 12194.9436376 17.0368324749 3.52322765547 1.62679274017 41.5435895365 38.5378090204 22.7744583883 20.3318466166 14.9860145231 3.84320214711
-9999.0 -9999.0 -9999.0 -9999.0 -9999.0 -9999.0 -9999.0 -9999.0 -9999.0 -9999.0 -9999.0 -9999.0 -9999.0 -9999.0 -9999.0 13.9014364219 45.054774281 14.820167959 18.9078216312 17.7736750537 33.9690663177 49.5101837894 64.1149763542 421.3026621 433.582642442 12.7225352454 24.2259593637 35.9330981232 43.5436234216 51.1429955823 72.6778912007 80.2761141536 3.41278335697 3.81249734507 3.4884050787 3.6454136271 4.73072021036 5.06515441922 4.86758559065 5.48660532244 19.0113003617 8.37303607929 3.86016318701 3.73995576005 3.26495991848 5.98783745208 12325.4150965 110.75155652 52.2415226717 5.53812257913 2.51807126199 1.75299005933 5.66076994815 3.75390195229 1.83223464253
-9999.0 -9999.0 -9999.0 -9999.0 -9999.0 -9999.0 -9999.0 -9999.0 -9999.0 -9999.0 -9999.0 -9999.0 -9999.0 -9999.0 14.2303107877 28.2528507382 102.002287049 14.4535080196 36.6785769058 53.7145810221 69.2958670161 16.434198695 30.4107788124 45.6668833136 492.378986407 11.8367258433 22.448185564 33.6192234818 9.38616488562 18.3590282973 21.4159430963 27.9161219738 847.793733692 856.087720982 864.880492813 908.643025152 921.251303663 952.418758557 10.7709947 22.2970963323 24.3153871867 1053.84655417 1060.60730642 3.39707100398 5.59016756497 7.70522857163 12328.4238107 104.949920847 45.6319810244 42.5014579781 37.379455975 33.9526312183 7.51300398907 1.91534896757 3.27812172028
-9999.0 -9999.0 -9999.0 -9999.0 -9999.0 -9999.0 -9999.0 -9999.0 -9999.0 -9999.0 -9999.0 -9999.0 -9999.0 -9999.0 14.5521667327 44.4790454331 161.395387498 240.33028778 13.117646225 316.356432295 400.10301461 15.1474685333 28.8908955842 44.0030134497 618.783993025 631.082764506 9.95037199968 53.7736832734 62.5729927277 69.4938888802 792.051581658 805.931485355 816.500080834 5.5149735048 30.2647327396 36.7970292196 15.638700949 22.510089367 983.466725595 1015.78569433 1021.37474149 1026.61479132 1066.62680781 2.91491328821 2.59806959657 12.4926274709 12332.2400074 3.83917364831 0.660780128125 2.49974111945 1.12135526368 29.943212521 26.6602644937 15.9042039924 11.0205648168
-9999.0 -9999.0 -9999.0 -9999.0 -9999.0 -9999.0 -9999.0 -9999.0 -9999.0 -9999.0 -9999.0 -9999.0 -9999.0 -9999.0 -9999.0 -9999.0 32.1413777455 64.9163753756 285.892515549 302.201406558 414.407376368 429.208701909 14.9434148438 29.8890803771 70.1488835438 643.896413745 665.855199988 674.49563556 7.06292616972 704.66163337 718.455149038 9.40351565427 5.33293154187 10.0183992127 19.6737555877 4.8400468416 9.73198213898 20.9714353761 26.4941406431 5.29763022705 3.48040632007 6.87541204326 1091.25190037 1099.71298018 1101.93322667 1120.90635518 12335.5660691 2.79507110309 0.389708218761 0.709854908085 0.683681075035 0.713041222121 0.591396977743 1.05888379974 1.69589066383
-9999.0 -9999.0 -9999.0 -9999.0 -9999.0 -9999.0 -9999.0 -9999.0 -9999.0 -9999.0 -9999.0 -9999.0 -9999.0 -9999.0 -9999.0 -9999.0 16.9713429642 16.5818966467 16.3496894067 32.4288276657 14.3706751602 457.774771802 471.31389646 14.0558735849 27.3783772436 13.2924809289 11.0411821434 10.6630099075 691.753006586 4.23198559307 8.74311077189 5.51133972044 5.39750193899 4.83888233196 3.73561862331 3.91567875847 12.1228118449 16.7113468711 3.24512987416 2.84232330023 6.29176089567 10.6779709062 13.3786245456 3.95620228706 1105.72502847 1123.35858196 12338.1454721 7.28680989947 1.43632134495 0.32016485703 0.913661313514 0.239636229839 0.173421951361 1.26201240125 8.33685831479
-9999.0 -9999.0 -9999.0 -9999.0 -9999.0 -9999.0 -9999.0 -9999.0 -9999.0 -9999.0 -9999.0 -9999.0 -9999.0 -9999.0 -9999.0 -9999.0 -9999.0 -9999.0 16.4204518426 47.4200221503 60.6648358876 74.6419746645 484.874955478 498.261919694 511.37952554 525.280252734 535.643865538 557.365321431 561.669317003 565.413134832 569.103017902 4.52322018559 4.2332246657 4.58644816929 16.3969128032 4.43967321997 4.24994652993 3.22651736693 9.52015417213 3.90738782458 3.00335345146 2.75430215148 2.30972422492 4.60804501926 6.72629802983 1137.46642397 13485.5934998 2.92740464326 5.63282868777 0.224199916817 1.12182382521 0.479178710277 0.350002219726 16.0969713605 13.6384075184
-9999.0 -9999.0 -9999.0 -9999.0 -9999.0 -9999.0 -9999.0 -9999.0 -9999.0 -9999.0 -9999.0 -9999.0 -9999.0 -9999.0 -9999.0 -9999.0 -9999.0 -9999.0 -9999.0 13.6593684541 109.036804836 213.436937628 228.022301887 17.6210637716 31.9700560498 45.2707919436 55.9283857469 127.864112074 132.606378321 4.6222494692 4.55549619099 578.810379821 587.275225766 591.151909839 19.4905865692 2.89490992421 7.52937177537 10.9531246141 32.5672258683 39.9371461101 45.7333098872 5.2468949312 7.32331252214 2.54185948343 4.98702557288 2.68207489022 13490.8991207 2.66163167985 10.7712734449 2.88932578161 5.18939351476 19.2595848812 20.8564478233 38.285099112 13.1207862046
-9999.0 -9999.0 -9999.0 -9999.0 -9999.0 -9999.0 -9999.0 -9999.0 -9999.0 -9999.0 -9999.0 -9999.0 -9999.0 -9999.0 -9999.0 -9999.0 -9999.0 -9999.0 15.2953265537 48.8138439586 95.5853996206 124.841299864 318.313739789 334.103375836 28.1404961595 41.5113380723 52.2122510344 62.5809913788 136.866151299 146.050392239 247.55059752 254.908778364 259.644110876 595.23340732 625.573873333 7.22360553947 4.93071172353 4.68432557713 9.03202767388 4.11237621586 53.6040862776 56.3899369204 9.69268227462 12.2745412627 3.33237787413 3437.9803053 3444.4702872 16939.4164224 16954.3080446 2.81738678654 10.9745467752 6.56042248385 5.09774761953 46.341553708 61.4324944597
-9999.0 -9999.0 -9999.0 -9999.0 -9999.0 -9999.0 -9999.0 -9999.0 -9999.0 -9999.0 -9999.0 -9999.0 -9999.0 -9999.0 -9999.0 -9999.0 -9999.0 -9999.0 -9999.0 17.493544082 17.0558749737 32.2151432593 76.5359385503 348.084466496 14.5528333122 14.3442791932 25.4458215705 36.4426450851 83.9358075314 89.547068779 3.73759945999 4.93295049356 265.548016084 269.998725482 899.590104271 903.56577643 2.66328406935 2.33259846469 1.98720816793 2.00801518921 2.19345075219 3384.06547538 3402.23636039 3417.2676141 3423.26735483 3435.19709715 3.2313797907 11.8651342784 14.6292677795 16975.2033067 16977.4330425 16979.5935326 16982.3033576 16985.0754239 64.9954787285
-9999.0 -9999.0 -9999.0 -9999.0 -9999.0 -9999.0 -9999.0 -9999.0 -9999.0 -9999.0 -9999.0 -9999.0 -9999.0 -9999.0 -9999.0 -9999.0 -9999.0 -9999.0 -9999.0 -9999.0 15.6185183935 16.3624911426 30.3882107618 407.39811002 421.538406699 13.991854044 25.3586939609 36.6392192583 42.9481973888 5.01384173691 10.5318239939 858.91975268 863.236187735 867.438600949 902.474168448 1810.15898224 3274.20643717 3280.6435859 3286.60507848 3292.2591864 3316.75923341 3324.79583802 15.4728715386 6.91668005091 4.24501470712 7.93822834232 5.9143369607 9.40378168496 2.96422163505 66.2248924022 76.4588324414 84.5080070455 85.6977621759 16986.8062513 17055.2306372
-9999.0 -9999.0 -9999.0 -9999.0 -9999.0 -9999.0 -9999.0 -9999.0 -9999.0 -9999.0 -9999.0 -9999.0 -9999.0 -9999.0 -9999.0 -9999.0 -9999.0 -9999.0 -9999.0 -9999.0 -9999.0 15.9663593401 30.6333238067 45.3688423361 433.604850958 13.1934711969 585.33234286 597.103948598 601.96063019 607.602085554 835.734454713 842.552947859 5.1740414737 25.5792081167 31.4787125489 5.41321919408 1457.63532483 1447.89394697 3.02769635096 7.0844030432 19.4403411491 4.36191933852 4.78554163408 3.54581355386 3.05547331658 2.32332001515 2.81425711451 56.7207152776 59.72119482 63.2282386436 7.63548362234 5.91608914616 88.9360054647 90.9123449248 91.758121518
-9999.0 -9999.0 -9999.0 -9999.0 -9999.0 -9999.0 -9999.0 -9999.0 -9999.0 -9999.0 -9999.0 -9999.0 -9999.0 -9999.0 -9999.0 -9999.0 -9999.0 -9999.0 -9999.0 -9999.0 -9999.0 14.5350677325 13.6775209624 71.0402402948 532.919551495 560.137376486 574.410064446 11.9868811705 215.596055826 219.965736165 222.313965236 5.99785726908 11.9390838661 17.1712528534 335.12778417 339.113240701 342.586152529 1441.36962588 902.710300318 3.99367485773 4.22403779677 4.01605112474 3.19468155165 33.7489493737 40.7426331673 46.8098465291 50.2998781346 53.6486483871 346.587428329 348.836435592 351.741553796 357.80961138 390.388725126 391.60301829 484.625538422
-9999.0 -9999.0 -9999.0 -9999.0 -9999.0 -9999.0 -9999.0 -9999.0 -9999.0 -9999.0 -9999.0 -9999.0 -9999.0 -9999.0 -9999.0 -9999.0 -9999.0 -9999.0 -9999.0 -9999.0 -9999.0 -9999.0 28.5561049185 43.7026893039 15.3071596818 14.466083625 175.925966133 188.494818171 197.030516895 70.6905738335 74.5486231544 79.1994255445 84.5227331005 325.929650982 331.591874233 183.570217688 530.794074 535.098862809 899.490584364 8.56791090613 4.35831171421 3.01458786401 23.3049220636 27.4236531844 2.57448348155 2.39843229419 334.648629694 341.007893857 344.290087645 2.71862114189 4.17533950523 384.488253045 3.23580032594 10.822092853 11.7747442012
-9999.0 -9999.0 -9999.0 -9999.0 -9999.0 -9999.0 -9999.0 -9999.0 -9999.0 -9999.0 -9999.0 -9999.0 -9999.0 -9999.0 -9999.0 -9999.0 -9999.0 -9999.0 -9999.0 -9999.0 -9999.0 -9999.0 14.3820772348 28.4644251426 119.073165992 134.509276823 148.906127849 56.4986875668 66.5564791165 4.66369319287 227.719267788 231.788318166 236.00786543 5.02483224961 173.127276325 179.003361512 4.38665034282 877.162180828 9.57578052953 4.71448976053 12.6403634282 17.0150411507 3.356490967 2.69060835581 302.887511368 328.786407038 332.669307781 3.81759532764 8.36586048852 10.415094779 12.6919582536 24.66872716 3.92303547301 8.96176082969 1.62454745878
-9999.0 -9999.0 -9999.0 -9999.0 -9999.0 -9999.0 -9999.0 -9999.0 -9999.0 -9999.0 -9999.0 -9999.0 -9999.0 -9999.0 -9999.0 -9999.0 -9999.0 -9999.0 -9999.0 -9999.0 -9999.0 -9999.0 14.2593210901 44.8061226529 76.9247773251 16.6408540733 30.4172534695 44.4421330657 208.277895188 214.803822084 219.123227876 3.7336091264 146.107259412 158.548460254 163.436734521 3.02337484552 857.866686519 868.571949276 5.04714867222 4.58552475721 9.28527513657 3.82017557146 283.954511155 290.872310818 295.162492541 16.2741388029 20.2716850926 3.45455322602 6.14798293227 2.71945984857 18.7302410055 2.81017027179 2.35931335304 2.51670646674 2.52686109731
-9999.0 -9999.0 -9999.0 -9999.0 -9999.0 -9999.0 -9999.0 -9999.0 -9999.0 -9999.0 -9999.0 -9999.0 -9999.0 -9999.0 -9999.0 -9999.0 -9999.0 -9999.0 -9999.0 -9999.0 -9999.0 -9999.0 -9999.0 15.6259071855 16.6460527601 17.1830007 144.037573787 157.515635139 196.749579242 8.14033249647 129.512149053 139.127906598 4.19177176671 8.90153131898 3.27754376545 846.517429095 4.30358619672 12.8332107954 16.4149835856 19.6215809661 259.833908764 272.619741874 277.239857886 4.62594449015 8.65345316493 12.271943673 2.24456994077 2.04285894689 819.288448057 821.396947506 823.067198636 841.408727194 843.619716446 846.741319776 848.71264609
