data/baseflow/mHMbf_acc261.asc
ncols                  80
nrows                 72
xllcorner      4374000.0
yllcorner      5656000.0
cellsize            500
NODATA_value       -9999
[rows 0 to 23 of 72, columns 0 to 54 of 80]
-9999.0 -9999.0 -9999.0 -9999.0 -9999.0 -9999.0 -9999.0 -9999.0 -9999.0 -9999.0 -9999.0 -9999.0 5.59756905922 10.5705898958 -9999.0 -9999.0 -9999.0 -9999.0 -9999.0 -9999.0 -9999.0 -9999.0 -9999.0 -9999.0 -9999.0 -9999.0 -9999.0 -9999.0 -9999.0 -9999.0 -9999.0 -9999.0 -9999.0 -9999.0 -9999.0 -9999.0 -9999.0 -9999.0 -9999.0 -9999.0 -9999.0 -9999.0 -9999.0 -9999.0 -9999.0 -9999.0 -9999.0 -9999.0 -9999.0 -9999.0 -9999.0 -9999.0 -9999.0 -9999.0 -9999.0
-9999.0 -9999.0 -9999.0 -9999.0 -9999.0 -9999.0 -9999.0 -9999.0 -9999.0 -9999.0 -9999.0 -9999.0 9.3156516942 34.4331010237 8.55297287827 -9999.0 10.1953031872 -9999.0 -9999.0 -9999.0 -9999.0 -9999.0 -9999.0 -9999.0 -9999.0 -9999.0 -9999.0 -9999.0 -9999.0 -9999.0 -9999.0 -9999.0 -9999.0 -9999.0 -9999.0 -9999.0 -9999.0 -9999.0 -9999.0 -9999.0 -9999.0 -9999.0 -9999.0 -9999.0 -9999.0 -9999.0 -9999.0 -9999.0 -9999.0 -9999.0 -9999.0 -9999.0 -9999.0 -9999.0 -9999.0
-9999.0 -9999.0 -9999.0 -9999.0 -9999.0 -9999.0 -9999.0 -9999.0 -9999.0 -9999.0 3.37546187526 3.15775415256 3.39718920303 3.3773864118 40.4954752286 46.7474053086 28.0782760305 9.06768243334 -9999.0 -9999.0 -9999.0 -9999.0 -9999.0 -9999.0 -9999.0 -9999.0 -9999.0 -9999.0 -9999.0 -9999.0 -9999.0 -9999.0 -9999.0 -9999.0 -9999.0 -9999.0 -9999.0 -9999.0 -9999.0 -9999.0 -9999.0 -9999.0 -9999.0 -9999.0 -9999.0 -9999.0 -9999.0 -9999.0 -9999.0 -9999.0 -9999.0 -9999.0 -9999.0 -9999.0 -9999.0
-9999.0 -9999.0 -9999.0 -9999.0 -9999.0 -9999.0 -9999.0 -9999.0 -9999.0 3.17167883387 6.5996948273 13.0412548453 6.44737207959 3.08750189262 6.01374950839 49.5682583396 94.7748939616 9.02601047808 -9999.0 3.07177742556 -9999.0 -9999.0 -9999.0 -9999.0 19.2111113108 10.085919432 -9999.0 -9999.0 -9999.0 -9999.0 -9999.0 -9999.0 -9999.0 -9999.0 -9999.0 -9999.0 -9999.0 -9999.0 -9999.0 -9999.0 -9999.0 -9999.0 -9999.0 -9999.0 -9999.0 -9999.0 -9999.0 -9999.0 -9999.0 -9999.0 -9999.0 -9999.0 -9999.0 -9999.0 -9999.0
-9999.0 -9999.0 -9999.0 -9999.0 -9999.0 -9999.0 -9999.0 -9999.0 3.87112443585 10.5069453867 13.5227654124 16.6419151311 22.4584199191 2.82856953453 11.2891070976 13.9416781138 119.014261945 3.67045790052 2.40014702697 5.63871143996 8.08540869005 2.58535077905 -9999.0 45.308543931 37.1894892368 8.99809321238 -9999.0 -9999.0 -9999.0 -9999.0 -9999.0 -9999.0 -9999.0 -9999.0 -9999.0 -9999.0 -9999.0 -9999.0 -9999.0 -9999.0 -9999.0 -9999.0 -9999.0 -9999.0 -9999.0 -9999.0 -9999.0 -9999.0 -9999.0 -9999.0 -9999.0 -9999.0 -9999.0 -9999.0 -9999.0
-9999.0 -9999.0 -9999.0 -9999.0 -9999.0 -9999.0 3.93873956329 3.35606011205 3.11581498448 3.21116779374 3.31265712015 23.4588514186 49.0803010706 52.1506475745 53.8919578249 1.3796805086 123.589128932 126.081342 4.97392479715 2.54053636422 10.4754463698 18.0168391649 3.33952163147 56.2090569129 2.68346193559 3.32895090549 2.77310591413 -9999.0 -9999.0 -9999.0 -9999.0 -9999.0 -9999.0 -9999.0 -9999.0 -9999.0 -9999.0 -9999.0 -9999.0 -9999.0 -9999.0 -9999.0 -9999.0 -9999.0 -9999.0 -9999.0 -9999.0 -9999.0 -9999.0 -9999.0 -9999.0 -9999.0 -9999.0 -9999.0 -9999.0
-9999.0 -9999.0 -9999.0 -9999.0 -9999.0 -9999.0 7.89400190347 11.5055192829 25.4485270071 34.6995693809 2.8002167288 3.00960641131 2.80723367554 8.07742027033 64.2556569029 1.77678919846 128.417732571 137.877061258 7.315703849 4.71871916084 20.2166254578 2.43569610392 58.5611668909 4.79621210965 2.40529556646 5.6276285085 5.45703936581 2.66239972992 2.7414779996 2.64730020017 2.86730654863 5.7291179741 -9999.0 -9999.0 -9999.0 -9999.0 -9999.0 -9999.0 -9999.0 -9999.0 -9999.0 -9999.0 -9999.0 -9999.0 -9999.0 -9999.0 -9999.0 -9999.0 -9999.0 -9999.0 -9999.0 -9999.0 -9999.0 -9999.0 -9999.0
-9999.0 -9999.0 -9999.0 -9999.0 -9999.0 4.47539027484 8.52747733331 3.9842979395 7.60534009813 38.3858337008 44.5781000261 50.7484833867 172.229292914 2.68757573232 66.8664835741 261.57485081 263.531441007 405.203584134 2.21311300483 6.91915867666 22.430527793 2.18610366831 86.3534540307 25.518234729 16.0840676228 13.6329301196 2.64673871674 7.89991830528 7.93674251664 5.2774017406 2.5319012605 8.35437467914 2.4870952558 2.43578159854 -9999.0 -9999.0 -9999.0 -9999.0 -9999.0 -9999.0 -9999.0 -9999.0 -9999.0 -9999.0 -9999.0 -9999.0 -9999.0 -9999.0 -9999.0 -9999.0 -9999.0 -9999.0 -9999.0 -9999.0 -9999.0
-9999.0 -9999.0 -9999.0 -9999.0 -9999.0 4.56674990457 13.0973959833 25.872925111 29.6788230102 58.9542702074 62.3729458573 73.3277200844 118.793065099 181.838325376 187.746140709 190.476702487 4.37776596588 413.436337531 417.750050424 429.289829342 547.054138516 93.1198361866 88.7245034332 18.4066002844 2.2628599553 14.9145297647 10.211034601 2.16948309239 10.2053624542 2.22765631558 4.70264728805 13.0839009471 15.4582661465 4.76325853026 2.30385692256 2.28404351252 -9999.0 -9999.0 -9999.0 -9999.0 8.16583441028 7.91276998544 -9999.0 -9999.0 -9999.0 -9999.0 -9999.0 -9999.0 -9999.0 -9999.0 -9999.0 -9999.0 -9999.0 -9999.0 -9999.0
-9999.0 -9999.0 -9999.0 -9999.0 -9999.0 4.31191317698 4.05036355 17.5814023327 21.5162928944 25.6453911925 3.75965633746 7.39396446589 43.0881443682 7.74459441873 3.26708185894 2.78462529582 2.33235151667 2.79264346041 2.58864276642 2.6602692144 549.451427659 555.987291901 2.12620080676 6.57435929667 4.4901249277 17.0878015442 4.41874630816 2.11205604012 12.5248569803 4.3442876873 10.6907530877 26.7661040252 24.781536766 6.980297767 6.77517141573 2.36536415813 2.35726292231 -9999.0 -9999.0 2.3932495917 14.3718719394 38.7928453569 8.31789034602 -9999.0 -9999.0 -9999.0 -9999.0 -9999.0 -9999.0 -9999.0 -9999.0 -9999.0 -9999.0 -9999.0 -9999.0
-9999.0 -9999.0 -9999.0 -9999.0 -9999.0 -9999.0 4.73401237658 4.79756403566 8.69306335292 12.831153327 28.3525955595 36.042842879 39.8988301977 4.35081522805 2.75602920333 39.1599805247 47.2899431396 49.7317125661 60.2400704956 62.5515807471 2.25671561888 558.289729722 568.299531779 7.81034729142 0.435041404547 18.5312205908 41.4789603506 16.6458313242 3.98888953406 2.01335825717 41.4459690054 28.8542343369 1.98454858105 2.05023687435 8.9140100495 6.89370127119 2.1785238483 2.13795065749 2.29849355904 4.63804188629 2.22835311136 46.8734819547 49.0444839574 2.06703899479 -9999.0 -9999.0 -9999.0 -9999.0 2.45926988826 2.30876768851 0.766381053789 -9999.0 -9999.0 -9999.0 -9999.0
-9999.0 -9999.0 -9999.0 -9999.0 -9999.0 -9999.0 -9999.0 4.42287889693 3.3972445294 7.78512058819 11.9201276233 3.86836403335 3.23948673489 21.2190832133 27.4122923051 33.7832747031 2.85754886085 5.53606880556 2.7125868054 64.9852656459 158.529975169 165.633923718 740.692909272 2.03497659869 1.40925429164 0.411357822164 43.4492063661 1.96806026896 6.05054905741 1.96300221387 43.3882062668 45.3326805733 4.0054117224 4.02763464935 22.3868415285 11.2735230457 4.44360798781 2.26957510312 4.58151805185 6.8874277715 11.1871230308 2.05536579097 53.0477194924 54.8952855902 1.69578978938 1.81419499858 1.94274093527 1.7460426709 1.68537611333 6.67816010167 2.63572650033 1.69498593046 -9999.0 -9999.0 -9999.0
-9999.0 -9999.0 -9999.0 -9999.0 -9999.0 -9999.0 -9999.0 -9999.0 8.03577350056 10.9894430317 3.80325186638 7.85906127725 11.3640600172 18.3312874626 3.54656833284 3.28053211431 2.62341397067 2.65294427937 2.31209103604 88.6758869664 2.70106319631 5.21349497896 753.111330605 759.663771699 1.67650806027 4.7678678104 49.9358092698 3.84218122168 7.77462780147 3.57167983294 5.31440105739 52.8494616847 5.78704774999 32.0062103539 26.2314327675 1.9700260295 10.850483683 4.36369478501 6.64454622854 2.07056246772 13.2649114064 17.1825636598 18.7882799276 20.3034150379 61.2806750647 3.22167505293 3.47429298622 3.15882238339 3.02222350869 8.25653452062 1.69462166319 6.05850885496 7.60422465964 -9999.0 -9999.0
-9999.0 -9999.0 -9999.0 -9999.0 -9999.0 -9999.0 -9999.0 -9999.0 4.4146879388 19.5874425779 23.2399626878 3.64521908079 6.98610387207 3.32802225608 2.9150648961 2.85949896154 36.479898952 48.0702627092 62.8950787228 80.8755889141 3.895196745 2.5907441313 2.284754053 776.482638046 786.35683111 788.658054197 67.1295085125 15.2953083388 13.4260212525 1.66398615601 6.92281328285 61.452080456 1.67248622165 33.7237387061 1.92815891562 14.1088730532 12.9853104987 2.05774113937 8.69932912639 4.10969241619 6.12852070325 1.79421248591 1.42229658326 21.7978337985 23.1945851341 62.6737188326 4.99387644733 4.60222720532 4.43959815435 10.02769742 13.4574800926 1.71081177213 9.23341251155 1.7599320198 3.34793552181
-9999.0 -9999.0 -9999.0 -9999.0 -9999.0 -9999.0 -9999.0 -9999.0 -9999.0 4.55369279314 27.1734662528 30.6626425014 10.3058988274 16.8780273871 22.66725945 25.5509670366 2.93700646277 8.95744625624 5.82798699666 3.01220198087 2.87476063895 2.49887552025 4.81028903949 8.1217736967 3.28791028071 862.41077239 864.256526581 1.59809302293 1.35360086002 3.36839360226 5.03567528623 66.4125625234 3.31566341428 35.238504018 21.2530191095 17.6981903171 1.92968164264 3.93830220034 10.5521479322 1.84863514899 7.95208215643 3.59696427432 1.9551495036 0.395252280718 25.2956589382 89.1286174614 6.0714370606 5.70121972639 5.81820489799 1.42580726119 14.8902222947 1.39531098484 12.3590305041 1.53556694568 4.90934112513
-9999.0 -9999.0 -9999.0 -9999.0 -9999.0 -9999.0 -9999.0 -9999.0 -9999.0 -9999.0 3.55272881111 37.827254866 3.28472306566 6.52960307859 9.26318365536 14.6430849625 2.78024320583 5.91266107932 2.83575714567 2.63508760748 2.43535974335 4.84682241342 2.0957384215 2.12318543022 4.11861290523 2.55360249662 867.136297356 871.00601127 876.108548924 6.52348268949 1.67275424044 3.33478422138 68.1597698922 64.8939835877 24.9288480546 1.80186035061 7.7180075214 5.81713520438 12.4101887591 3.69586186702 15.2152807851 5.40072368599 3.21745964317 0.0766258530599 0.435333812904 90.4888065168 91.8446029475 104.790836438 10.2598513955 2.93149700597 16.4367070824 19.3458552795 33.0805828985 3.01849703409 1.4462775374
-9999.0 -9999.0 -9999.0 -9999.0 -9999.0 -9999.0 -9999.0 -9999.0 -9999.0 -9999.0 -9999.0 1.94541924721 41.4576854857 3.00074613578 5.6649885731 25.7308747468 2.85922310749 2.8125876822 2.40183542277 5.15143008915 2.50133602781 9.83394729233 14.0902049024 16.0327667041 5.81793965886 7.29609812983 1.74123942893 2.11494446717 2.56051980003 888.118244762 893.322150332 69.5714060513 67.8180686921 66.3801886066 3.14159373471 1.5296467201 9.41723043515 25.2759643721 14.1625205103 5.43014622655 22.3380815982 5.32340456552 3.73272790214 0.158344554181 0.0663793592261 0.094121225599 0.194903380896 106.216492497 120.3605276 1.40395258906 1.30795531002 1.43599010662 34.5011036935 38.8022930101 2.47121672521
-9999.0 -9999.0 -9999.0 -9999.0 -9999.0 -9999.0 -9999.0 -9999.0 -9999.0 -9999.0 -9999.0 1.84824734236 45.5898533785 55.2912236573 2.74524292289 31.2326181877 2.58655924934 2.41998312991 4.79757158828 12.4036876884 2.35550265996 2.50046961478 2.04451371258 20.1289610043 22.0212126772 31.4066743371 34.548890783 35.8647695906 37.4291192427 39.3849128365 935.118312179 1007.39729882 1077.87933743 1079.92289876 1.34170148511 1.54151027288 28.6881483804 26.9950580104 1.72035454876 1.70467088146 24.031694867 31.0401361963 1.1980353106 9.53880635993 9.05282927761 0.484464273357 0.324481913271 0.571033711132 1.28307012974 122.85141404 1.26138876381 3.73414002758 4.76035020671 45.6189900127 48.2140085842
-9999.0 -9999.0 -9999.0 -9999.0 -9999.0 -9999.0 -9999.0 -9999.0 -9999.0 -9999.0 -9999.0 3.6712406331 6.85825415441 58.3625752352 63.507790499 2.61137098368 39.6852929096 2.09497196951 6.49390682841 14.5249197887 4.50601753602 2.13899316805 4.46792301228 1.8067914685 3.46984236211 1.71074579288 1.30506452014 0.617456614272 0.385329923039 0.247731972134 0.186181793034 0.426846937723 0.89272456712 1.75831332243 1085.17155903 33.6545202932 31.0584864631 1.11082815706 4.90568667814 1.3835586668 1.25055629274 32.6033151211 46.7008946818 11.2744029248 8.89234575308 0.294200447322 0.100196817853 0.0829443670633 0.933404835313 125.066926068 127.610347118 1.32622153227 1.369359487 0.543784397434 0.115591013209
-9999.0 -9999.0 -9999.0 -9999.0 -9999.0 -9999.0 -9999.0 -9999.0 -9999.0 -9999.0 -9999.0 -9999.0 2.85648173199 41.1045949169 107.368735623 115.566397435 158.256932646 164.015784678 35.263224899 23.4179774533 6.6893794896 2.10489535631 8.59097755654 10.5744661034 15.7895299348 3.50298085645 2.96864722739 2.31134785871 4.33691402199 1.85986187718 1.61302833152 0.683834127224 0.0916506055985 0.150595491112 1086.80401162 1122.3709766 1124.39904424 1.13760669391 13.1987267036 5.95040367476 1.70637155258 51.9609376655 3.73744222675 1.9351392167 7.43471530671 0.972604117067 0.822943341865 1.58133797985 2.54143609271 3.71892417975 129.7686821 1.02335805367 0.915377688707 0.912969500305 0.478425151322
-9999.0 -9999.0 -9999.0 -9999.0 -9999.0 -9999.0 -9999.0 -9999.0 -9999.0 -9999.0 -9999.0 3.2652960546 31.523456476 38.0984684997 5.64884161752 1.89594783251 3.98228223756 170.291848502 173.918949804 214.62827995 1.87909340488 3.96400936074 1.71669455061 1.74458145957 17.4776861759 22.6644382785 27.1914142483 1.52432910998 5.85779459012 9.20959292189 5.20302745332 2.15052830017 0.921346893471 0.34030632702 0.412337128325 0.261583929592 1125.91365768 1127.06587672 1142.24926825 2.82758871539 1.51189479808 56.0553983074 4.02894535992 2.06538214395 2.24343415274 2.21894018509 1.9924987537 2.81749494623 9.09530025516 14.0702413933 144.872488263 0.784239288862 2.39099539807 1.62845031387 1.14256811442
-9999.0 -9999.0 -9999.0 -9999.0 -9999.0 -9999.0 -9999.0 -9999.0 -9999.0 -9999.0 -9999.0 3.37243699126 22.2895492835 3.41869124237 2.75630282967 14.9304159854 17.2259077922 19.5444159916 21.6516901049 281.006909091 282.891407533 286.670842815 313.422264191 317.800343889 319.852907701 321.591807558 350.592069025 353.719379096 355.292290769 365.914919062 372.798675152 374.287205662 377.16520985 1.74975161434 0.755289688157 0.0459269664617 0.107613205425 1128.10223283 1147.24689441 3.99985284832 70.2165897359 68.4103854512 7.51865111601 1.78813165413 1.8232760812 1.76049159905 1.75916930189 3.52666217316 5.02622831638 1.41987139799 145.876265434 146.944178267 151.900812533 152.799309974 154.797423488
-9999.0 -9999.0 -9999.0 -9999.0 -9999.0 -9999.0 -9999.0 -9999.0 -9999.0 -9999.0 -9999.0 11.6431262356 15.315767706 6.82660649603 9.86604504267 2.96742995134 34.1869385589 36.6667888563 41.5181260899 42.5806263979 15.0504904673 304.41732276 305.944985035 0.818727529488 0.309127378101 0.139808887905 0.519322382115 0.206611033973 0.0807365280119 0.0784082589277 0.171793516185 374.828911459 377.950309033 381.728503011 384.287816343 384.882679051 0.137523081645 0.073404164901 1221.18237919 72.9892445757 72.1025822437 1.60567355854 1.51802541739 1.39140088674 3.25418753246 3.19777548129 1.46649873852 1.47571114057 1.40101583299 2.79997378111 3.71641264461 0.734575914986 1.34655198059 0.369513046267 0.0352618165852
-9999.0 -9999.0 -9999.0 -9999.0 -9999.0 -9999.0 -9999.0 -9999.0 -9999.0 -9999.0 -9999.0 -9999.0 7.85091481542 3.58532909695 3.06780948788 29.2399263254 31.88022652 2.63807096909 10.0256355553 12.0786811479 13.4174747631 1.69638737609 1.07031990466 37.6986520944 38.4612440242 39.041374182 115.256757425 115.447405058 115.597993151 120.160386577 120.692266731 120.759188974 0.0919200885626 0.0993319367869 0.203015569596 386.555236922 0.346684045255 1232.92589638 1231.60551121 9.72284715747 8.74920280147 6.08671992484 1.51870120381 2.78348303691 4.70463585254 4.6499736912 2.87545831405 1.42076712035 2.79109388755 2.79980979794 4.95756238642 0.943155782767 2.08691734624 3.24432967884 3.31328348904
