data/baseflow/mHMbf_acc371.asc
ncols                  80
nrows                 72
xllcorner      4374000.0
yllcorner      5656000.0
cellsize            500
NODATA_value       -9999
[rows 25 to 49 of 72, columns 0 to 54 of 80]
-9999.0 -9999.0 -9999.0 -9999.0 -9999.0 -9999.0 -9999.0 -9999.0 -9999.0 -9999.0 -9999.0 -9999.0 18.1116518672 35.8554183044 16.8692936148 33.0680154077 13.3333194586 110.600216728 136.427556908 149.720402636 11.8626590762 22.6863285923 243.848164344 297.524168614 306.580518738 21.4241290631 19.5840080748 28.0164752938 6.16236502335 5.41273899847 10.0003426912 3.96325111936 402.447012747 406.002169312 408.881987946 2636.30036754 5290.98735372 5266.25248498 6.06018482778 3.0529854253 2.58903885606 8.53221543601 6.51337185768 18.6512859312 27.2629191499 54.6762592094 4.39281723929 4.32884095673 40.1465856867 43.8265289124 85.0600026782 87.2006725123 92.513061562 94.211069773 1.42695396329
-9999.0 -9999.0 -9999.0 -9999.0 -9999.0 -9999.0 -9999.0 -9999.0 -9999.0 -9999.0 -9999.0 -9999.0 -9999.0 16.8699111171 34.4639265176 52.4508059074 81.5473428606 15.6467646839 13.663701927 106.316228138 118.374446634 222.246313152 235.658571278 35.5586110804 11.3155692877 10.0279406807 9.41274191833 373.30074134 379.365522058 385.514338809 390.518247476 398.945582857 50.3130345212 53.9056747717 465.600347778 8394.13987426 20.3068357265 17.4377147808 9.1418118312 2.22035745424 1.86354142817 13.6081092069 14.9830155657 21.9311352319 1.55059071995 56.5556014744 6.81087004153 6.61989577667 1.25227166931 0.812803202501 0.726572290859 0.695292821647 0.783336353464 95.3347179634 1465.2806412
-9999.0 -9999.0 -9999.0 -9999.0 -9999.0 -9999.0 -9999.0 -9999.0 -9999.0 -9999.0 -9999.0 -9999.0 -9999.0 -9999.0 16.032142527 33.3189999332 49.4115078096 65.477427158 79.1670226488 93.5157777418 40.7336963901 68.2726451778 12.6346217439 11.3421768435 323.554489997 345.119993272 354.741016564 365.595894559 7.71669279612 13.5668712641 35.4921098514 41.6729251312 46.5046878203 4.6004612689 3.84509476992 8403.45760888 3.04646354958 5.25976803897 2.48530186408 7.79162073946 3.6553373126 1.9748867355 39.0034796386 40.8452533259 0.955584615789 57.7581436683 65.4554052965 7.58820192629 1508.11633035 1506.27777705 1504.66564908 1501.58991714 1500.46671719 1469.94006599 1469.16479616
-9999.0 -9999.0 -9999.0 -9999.0 -9999.0 -9999.0 -9999.0 -9999.0 -9999.0 -9999.0 -9999.0 -9999.0 -9999.0 -9999.0 4.55867298442 10.2311658124 16.4466874591 160.462739898 174.441073563 14.4661884345 13.8344848264 13.6492223758 275.641053244 301.724221663 12.4375698605 12.368363993 8.5709457154 36.4296291721 45.3661483869 23.1229976011 29.1665667304 224.680514017 230.037258673 241.478182539 371.585698258 8776.82242812 3.00275688799 1.85976288679 11.220815134 9.49683898321 1.52078959934 5.25872932961 6.85327867879 42.7421685138 44.1439447161 112.199741164 66.0955392689 8.35957170282 1534.01169191 11.2747500776 1503.2700505 1502.52609523 29.2960994657 1.43413053377 2.80073504973
-9999.0 -9999.0 -9999.0 -9999.0 -9999.0 -9999.0 -9999.0 -9999.0 -9999.0 -9999.0 -9999.0 -9999.0 -9999.0 -9999.0 24.3831847866 39.5646538225 80.899856673 144.427339007 190.451179189 223.371144066 236.845658409 250.8570243 264.280198292 12.5192920653 10.5823385553 20.4214046417 18.1715896379 9.9453851739 198.007601471 206.476401445 213.996711454 221.164467666 113.671810644 118.091047248 124.812159272 8778.3004303 5.60457448078 5.39113729628 17.7652410597 1.47342778981 3.77555363998 2.1718694908 1.4018992333 8.47091817251 0.969977045067 1.06754792861 1652.5073178 1539.82041791 1538.91645458 5.52821712563 10.6031074283 6.47775372307 1.27170683051 26.1952650176 6.68387087005
-9999.0 -9999.0 -9999.0 -9999.0 -9999.0 -9999.0 -9999.0 -9999.0 -9999.0 -9999.0 -9999.0 -9999.0 -9999.0 -9999.0 17.2673115799 16.3244297887 32.0650148896 48.4031200385 17.0064394533 17.4301660718 31.8941057839 45.7039247409 71.296431581 83.7454869727 94.0429220804 125.356707254 134.332343236 144.974189813 8.67119372727 90.093206658 96.9076198334 103.472141473 5.36349208709 3.22131550142 4.49456452092 8901.34966876 8902.57702264 8911.19247569 21.5257174731 2.80451601046 5.07285388119 1.24091611033 2.36102340132 9.55481936822 11.3173708995 1.82321214565 1657.47815938 1.8862526844 2.98008152446 3.30010064258 2.4821056266 4.26184332771 1.64041536998 18.3508877051 14.4029440778
-9999.0 -9999.0 -9999.0 -9999.0 -9999.0 -9999.0 -9999.0 -9999.0 -9999.0 -9999.0 -9999.0 -9999.0 -9999.0 -9999.0 -9999.0 15.5582101148 30.6516425792 14.5944464667 30.1148042443 186.17878289 199.332135022 212.138757033 12.6650828026 12.5753120546 22.8099642156 33.3734859681 50.3952912568 59.5092558652 65.2243913017 73.2640650857 5.84767472608 5.18348301315 110.387603276 113.692017231 115.206733007 117.044237124 93.448338234 9011.69626694 9043.292031 9043.62793783 9048.78003194 9053.31491158 9055.85540224 0.792274389478 12.0650275187 1658.01184288 1.66387018324 0.868218662255 1.32753468662 1.39820143973 2.21655735222 1.78723971837 1.15004401251 2.25894981355 2.00094938517
-9999.0 -9999.0 -9999.0 -9999.0 -9999.0 -9999.0 -9999.0 -9999.0 -9999.0 -9999.0 -9999.0 -9999.0 -9999.0 -9999.0 -9999.0 -9999.0 45.5201408673 60.8325159071 107.159486375 140.411270782 17.2918506865 244.677414535 256.786546723 267.745935478 10.6060159956 20.5510953448 8.34164189813 67.9558656287 72.9079772027 80.5034696437 87.1373857737 103.065544076 106.537050828 2.03221251408 85.8011488398 89.6216903281 91.7773947057 99.1968450033 9.06692495549 5.56295936052 3.17267732541 2.87740179759 9058.25221636 9058.97920098 9077.88490671 1658.46401626 5.12699675941 2.94451514101 2.01780456678 0.481381836811 6.09318235727 3.17897948721 0.908790924023 5.56177732012 4.88770482931
-9999.0 -9999.0 -9999.0 -9999.0 -9999.0 -9999.0 -9999.0 -9999.0 -9999.0 -9999.0 -9999.0 -9999.0 -9999.0 -9999.0 -9999.0 -9999.0 15.8991145834 76.4043351684 92.6782600701 17.6486454014 13.5915592249 28.5541920112 41.4456655015 320.733918047 10.4367826903 42.1996995686 51.1441443196 60.0434113309 4.94019536997 11.7551052304 15.8199560921 69.5685566564 77.4568932721 79.8625263784 2.15942275006 1.66119589594 1.83815935555 3.44453882208 1.33578515121 1.30402955748 2.09563345661 1.56236928968 2.10972346717 6.75560334202 9078.90166289 10740.0139055 6.25405617496 1.09790060079 0.521177883665 19.1467871611 18.0228508545 10.8968268532 9.80986055643 7.25203902359 2.11839275857
-9999.0 -9999.0 -9999.0 -9999.0 -9999.0 -9999.0 -9999.0 -9999.0 -9999.0 -9999.0 -9999.0 -9999.0 -9999.0 -9999.0 -9999.0 13.761070127 44.0602810316 14.4248990466 16.4747482286 15.3508142503 29.3271333513 43.0051141449 55.4896582618 389.279535453 398.803690071 9.98601331963 18.7010767943 27.5732650649 33.7614769851 40.4594615545 61.1623486222 66.9708475795 4.80676208264 3.20209010005 2.1137799918 2.46655500033 2.06534524035 2.36345688041 1.7909210031 2.26287989519 7.82141415756 3.84151113914 1.89883885188 1.82444688096 1.31375019329 2.30646341099 10814.3025007 68.148665044 23.5153279044 2.89294384706 1.34031911409 0.731745453538 2.31268247125 1.46816723993 0.710705772603
-9999.0 -9999.0 -9999.0 -9999.0 -9999.0 -9999.0 -9999.0 -9999.0 -9999.0 -9999.0 -9999.0 -9999.0 -9999.0 -9999.0 14.6311967324 27.9632603683 99.870876432 13.7781703438 32.647433668 47.198273188 60.1975910726 14.0319803703 25.4755250724 38.8545211989 449.432000807 9.05221010134 16.8152882115 24.8308569194 7.24439373105 14.210983929 18.4803788868 23.0572546917 737.031949078 743.569433326 748.834327182 778.865893707 785.463956455 804.115206482 2.97238002408 6.90808835637 9.31770844397 852.466246198 855.458070146 1.57594165709 2.29336208412 2.97488412106 10814.8255902 66.2227968571 38.5615606164 36.7635862796 24.2943934815 18.5621725991 3.03529369033 0.801299208795 1.2632857063
-9999.0 -9999.0 -9999.0 -9999.0 -9999.0 -9999.0 -9999.0 -9999.0 -9999.0 -9999.0 -9999.0 -9999.0 -9999.0 -9999.0 14.7782708241 44.8309175356 159.375846847 235.408000275 12.3969956827 307.070912517 380.745882997 12.3643038818 23.2923997824 35.8856545542 552.049804904 562.010896797 7.06205837736 39.2422648654 45.5461844883 51.0110008181 688.00883475 702.474016809 711.054379028 4.09076254646 21.8177945956 26.0034447994 10.5071835819 14.7951236059 823.563682086 836.339019382 839.286461159 841.98011461 857.667262092 1.08312743779 0.85501647131 4.49198347863 10815.3773353 2.33359675424 3.63331163451 11.0716941731 4.50728665044 16.6523222507 12.0172984179 7.30194626599 4.93162678381
-9999.0 -9999.0 -9999.0 -9999.0 -9999.0 -9999.0 -9999.0 -9999.0 -9999.0 -9999.0 -9999.0 -9999.0 -9999.0 -9999.0 -9999.0 -9999.0 31.1386879983 62.4816773178 278.55826456 293.81989446 394.234000544 408.123755243 12.2145338932 24.4567602854 55.5747859406 573.364286733 589.625048207 595.75278946 4.68712107962 617.561028051 632.602391748 9.68651093206 4.16485685001 7.41233697035 14.592767113 3.61991521901 6.95398614498 13.7848968361 17.1221948699 3.42162096622 1.86205449822 3.55923187978 870.617709791 873.772482642 874.374941385 881.245442895 10815.6215239 1.45815371269 1.9460336812 2.76465392738 2.56339276466 2.68866243046 2.07910237833 3.70577637104 0.792155919244
-9999.0 -9999.0 -9999.0 -9999.0 -9999.0 -9999.0 -9999.0 -9999.0 -9999.0 -9999.0 -9999.0 -9999.0 -9999.0 -9999.0 -9999.0 -9999.0 16.221711815 15.8707623646 15.4982148637 30.2965805196 13.2906572546 434.653034175 447.03830886 10.9043558438 21.1393953972 10.0575185723 8.00956954662 7.65973113243 608.360027261 5.11439013981 10.7514562129 4.82889300273 3.90582436882 3.58275497209 2.47500275843 2.64337735047 8.13251629015 11.3290522384 1.87756899959 1.54238013594 3.47655074098 6.1847716847 7.49712800516 1.71184311183 875.925110627 881.896544759 10815.4937475 6.87232577438 3.97187085946 1.15027197477 3.37771651849 0.844756436933 0.58839609174 4.37362378289 3.68652964488
-9999.0 -9999.0 -9999.0 -9999.0 -9999.0 -9999.0 -9999.0 -9999.0 -9999.0 -9999.0 -9999.0 -9999.0 -9999.0 -9999.0 -9999.0 -9999.0 -9999.0 -9999.0 15.6841224273 44.634925336 57.1381180811 70.1138435315 459.718157578 472.37000275 484.311180748 495.980932192 503.301005184 518.670439516 523.037453325 527.794079032 531.109814264 3.06626794671 2.75618335605 3.18523053087 11.1881876295 3.14632305039 2.88228071306 1.94867943331 5.55132021214 2.42966243291 1.5860302526 1.40293375326 1.02434389783 2.04092887313 2.92297989434 887.844328674 11710.0023983 1.33324760257 2.36315070273 0.812550481639 4.27969649318 1.83456786684 1.18367608128 10.7203080661 5.90492509698
-9999.0 -9999.0 -9999.0 -9999.0 -9999.0 -9999.0 -9999.0 -9999.0 -9999.0 -9999.0 -9999.0 -9999.0 -9999.0 -9999.0 -9999.0 -9999.0 -9999.0 -9999.0 -9999.0 13.1656605248 103.972854993 202.29888295 215.543601739 15.3433504986 26.3129551057 36.2773103327 43.5761684312 96.9620495704 100.257486111 3.16193605129 3.09795952187 537.41782095 542.702617256 545.028135567 12.9151294251 1.60698189709 4.55848448217 6.57441936601 19.4271636708 23.8185725393 26.7588229764 2.55370847488 3.39484244311 1.11871298329 2.19587823263 1.14313906739 11710.9008268 1.04246319619 4.42810859908 1.72520636794 6.29695233962 12.9142002959 14.6223804842 25.9384878971 4.87258839553
-9999.0 -9999.0 -9999.0 -9999.0 -9999.0 -9999.0 -9999.0 -9999.0 -9999.0 -9999.0 -9999.0 -9999.0 -9999.0 -9999.0 -9999.0 -9999.0 -9999.0 -9999.0 14.609280202 46.5128950603 91.0873059534 118.963251836 301.174525314 315.31605608 21.3316074128 31.5280312766 39.3777770728 46.8481295661 104.079654832 110.655239035 189.061293547 194.456573573 196.956806482 547.643304783 567.166891264 4.41588996961 3.25301766512 3.03470191019 5.66010084555 2.44977103406 31.2878353858 32.6355933479 4.41470734798 5.3227978513 0.848304388608 2737.50583699 2739.68981409 14450.7437077 14455.6299683 1.21105551989 8.97743305338 1.75195544132 1.24559787173 27.7954665522 33.1941617876
-9999.0 -9999.0 -9999.0 -9999.0 -9999.0 -9999.0 -9999.0 -9999.0 -9999.0 -9999.0 -9999.0 -9999.0 -9999.0 -9999.0 -9999.0 -9999.0 -9999.0 -9999.0 -9999.0 16.6392390179 16.1891872406 30.6647030998 72.6701366856 328.625838047 11.0478227004 10.8593502048 18.4779128307 26.4064350502 63.4092817862 68.6671762975 4.39569927991 4.00985729423 200.870710058 203.859710665 773.11861104 774.902816224 1.27025282531 1.02786659239 0.759443661197 0.770518621154 0.859316895272 2714.65040171 2723.25134538 2729.47808676 2731.1645187 2736.83325015 1.33779025787 4.66027502738 5.37406175389 14461.8922761 14461.3702598 14461.4519924 14460.911476 14460.3880683 33.7499404855
-9999.0 -9999.0 -9999.0 -9999.0 -9999.0 -9999.0 -9999.0 -9999.0 -9999.0 -9999.0 -9999.0 -9999.0 -9999.0 -9999.0 -9999.0 -9999.0 -9999.0 -9999.0 -9999.0 -9999.0 14.893024857 15.5629034204 28.8250989302 385.031311714 397.572415806 10.4781652096 18.050051557 26.3065257729 32.6711291089 5.38652554669 9.32070971508 774.202684148 777.020911654 779.547614467 801.914342485 1578.97587132 2655.62154359 2658.96311826 2661.80200747 2664.40098369 2676.69996448 2680.87346478 7.66513401544 3.18814341317 2.11834150052 3.84299728706 2.28455090919 3.78609967542 1.10210875878 28.7024104338 32.5873742562 35.7253364179 35.9302085844 14459.5406566 14492.6325272
-9999.0 -9999.0 -9999.0 -9999.0 -9999.0 -9999.0 -9999.0 -9999.0 -9999.0 -9999.0 -9999.0 -9999.0 -9999.0 -9999.0 -9999.0 -9999.0 -9999.0 -9999.0 -9999.0 -9999.0 -9999.0 15.2233005543 29.0985512969 43.0491072862 408.85907175 10.0862673844 543.547633347 552.069625359 557.193568279 561.509748451 756.417548638 761.052365125 3.43256396985 17.0250834705 20.5241211232 3.57001090619 1073.39693185 1067.31335914 1.41909161851 3.63449615115 10.2865101692 2.4207401574 2.59788707317 1.60717276325 1.21034468023 0.807934103093 1.02519316214 25.2618891295 26.3459043558 27.8282163638 3.1842148488 2.50992590767 37.2754727505 37.7025823262 37.8307641985
-9999.0 -9999.0 -9999.0 -9999.0 -9999.0 -9999.0 -9999.0 -9999.0 -9999.0 -9999.0 -9999.0 -9999.0 -9999.0 -9999.0 -9999.0 -9999.0 -9999.0 -9999.0 -9999.0 -9999.0 -9999.0 13.9486065709 13.0039276744 67.3757901273 502.370848925 525.3695901 536.321264802 8.41548929008 181.941135763 187.797209635 190.905746042 4.30684394527 8.23170929794 11.666560155 257.302009172 259.679536213 261.552195618 1064.20494886 649.209841022 2.10625643998 2.29875247518 2.13704145744 1.40543841437 15.8802926282 18.880210672 21.3449229031 22.7652082136 24.0966404605 204.798340589 205.562625926 206.350412244 208.173114714 216.63366513 216.819802303 254.82874714
-9999.0 -9999.0 -9999.0 -9999.0 -9999.0 -9999.0 -9999.0 -9999.0 -9999.0 -9999.0 -9999.0 -9999.0 -9999.0 -9999.0 -9999.0 -9999.0 -9999.0 -9999.0 -9999.0 -9999.0 -9999.0 -9999.0 27.1884396617 41.3869193101 13.8299112344 10.5107771893 153.56205089 162.454205128 168.196858506 52.8990631621 57.4714363722 62.0977595661 65.5288738294 251.636574339 255.349770021 146.906247996 410.99646557 413.266234921 647.764840216 4.40634760933 2.2683026626 1.2595855688 11.1732465696 13.1329809992 0.862534770716 0.774108990743 200.865208771 203.100999579 204.124918332 1.00077104171 1.38463464829 215.72776451 0.652133842296 1.94926631191 2.0893834303
-9999.0 -9999.0 -9999.0 -9999.0 -9999.0 -9999.0 -9999.0 -9999.0 -9999.0 -9999.0 -9999.0 -9999.0 -9999.0 -9999.0 -9999.0 -9999.0 -9999.0 -9999.0 -9999.0 -9999.0 -9999.0 -9999.0 13.5625756102 26.8396768216 110.344017409 124.143786639 134.6934192 41.0758154877 47.9844903183 5.55964288123 173.639313599 178.368429068 182.572741055 3.76016405259 140.216888688 144.128876276 2.53980736882 636.000787891 5.3465946807 2.69937219834 6.28226971039 8.56171786022 1.40916987001 0.990892109407 188.642476353 198.957609181 200.359191031 1.52096690102 2.67621365738 3.2393263462 3.64657562094 7.12863150756 0.682957111277 1.63814089018 0.266118797709
-9999.0 -9999.0 -9999.0 -9999.0 -9999.0 -9999.0 -9999.0 -9999.0 -9999.0 -9999.0 -9999.0 -9999.0 -9999.0 -9999.0 -9999.0 -9999.0 -9999.0 -9999.0 -9999.0 -9999.0 -9999.0 -9999.0 13.44150024 41.6993826575 70.8419508562 14.0036876774 23.4723429878 33.0724495949 152.052550287 158.511408733 163.520730957 4.29034390678 115.477181634 129.721811818 133.587768751 2.54575335989 625.08282307 631.277605566 2.80437021011 2.42679412847 4.78835807341 1.69908905002 181.379728361 184.177334379 185.998953494 6.85874225812 8.38840189374 1.20716864187 2.01624859908 0.820478099712 5.57426877585 0.859892260259 0.436325292397 0.463025769368 0.486020518214
-9999.0 -9999.0 -9999.0 -9999.0 -9999.0 -9999.0 -9999.0 -9999.0 -9999.0 -9999.0 -9999.0 -9999.0 -9999.0 -9999.0 -9999.0 -9999.0 -9999.0 -9999.0 -9999.0 -9999.0 -9999.0 -9999.0 -9999.0 14.2656782759 14.9846025513 13.4518896592 109.434085858 118.457348435 144.429960593 6.51814797523 95.7913300331 107.615255657 4.74976164511 10.1752290104 3.64801319361 616.507970374 3.77190786493 8.6307651709 10.36042674 11.9169961769 170.298203035 176.576010676 178.699182935 2.16729396807 3.83312084922 5.22763021553 0.634084947927 0.552201703522 492.854667511 493.376977994 493.750697575 499.459774977 500.007910024 500.702561973 500.994417968
