data/baseflow/mHMbf_acc343.asc
ncols                  80
nrows                 72
xllcorner      4374000.0
yllcorner      5656000.0
cellsize            500
NODATA_value       -9999
[rows 0 to 24 of 72, columns 0 to 54 of 80]
-9999.0 -9999.0 -9999.0 -9999.0 -9999.0 -9999.0 -9999.0 -9999.0 -9999.0 -9999.0 -9999.0 -9999.0 20.1467456175 19.3208129092 -9999.0 -9999.0 -9999.0 -9999.0 -9999.0 -9999.0 -9999.0 -9999.0 -9999.0 -9999.0 -9999.0 -9999.0 -9999.0 -9999.0 -9999.0 -9999.0 -9999.0 -9999.0 -9999.0 -9999.0 -9999.0 -9999.0 -9999.0 -9999.0 -9999.0 -9999.0 -9999.0 -9999.0 -9999.0 -9999.0 -9999.0 -9999.0 -9999.0 -9999.0 -9999.0 -9999.0 -9999.0 -9999.0 -9999.0 -9999.0 -9999.0
-9999.0 -9999.0 -9999.0 -9999.0 -9999.0 -9999.0 -9999.0 -9999.0 -9999.0 -9999.0 -9999.0 -9999.0 37.4707059935 89.984868261 15.8299559443 -9999.0 14.0399313488 -9999.0 -9999.0 -9999.0 -9999.0 -9999.0 -9999.0 -9999.0 -9999.0 -9999.0 -9999.0 -9999.0 -9999.0 -9999.0 -9999.0 -9999.0 -9999.0 -9999.0 -9999.0 -9999.0 -9999.0 -9999.0 -9999.0 -9999.0 -9999.0 -9999.0 -9999.0 -9999.0 -9999.0 -9999.0 -9999.0 -9999.0 -9999.0 -9999.0 -9999.0 -9999.0 -9999.0 -9999.0 -9999.0
-9999.0 -9999.0 -9999.0 -9999.0 -9999.0 -9999.0 -9999.0 -9999.0 -9999.0 -9999.0 16.7133641117 16.2061091853 16.7711679234 16.3677013868 121.121116438 136.823002837 39.9482634841 12.9283311115 -9999.0 -9999.0 -9999.0 -9999.0 -9999.0 -9999.0 -9999.0 -9999.0 -9999.0 -9999.0 -9999.0 -9999.0 -9999.0 -9999.0 -9999.0 -9999.0 -9999.0 -9999.0 -9999.0 -9999.0 -9999.0 -9999.0 -9999.0 -9999.0 -9999.0 -9999.0 -9999.0 -9999.0 -9999.0 -9999.0 -9999.0 -9999.0 -9999.0 -9999.0 -9999.0 -9999.0 -9999.0
-9999.0 -9999.0 -9999.0 -9999.0 -9999.0 -9999.0 -9999.0 -9999.0 -9999.0 16.3102880993 32.9227554051 65.3575188771 32.4608208521 15.8325064486 31.1117693763 151.991828022 220.963821453 14.0952957357 -9999.0 16.1331104737 -9999.0 -9999.0 -9999.0 -9999.0 27.471330478 13.9693193041 -9999.0 -9999.0 -9999.0 -9999.0 -9999.0 -9999.0 -9999.0 -9999.0 -9999.0 -9999.0 -9999.0 -9999.0 -9999.0 -9999.0 -9999.0 -9999.0 -9999.0 -9999.0 -9999.0 -9999.0 -9999.0 -9999.0 -9999.0 -9999.0 -9999.0 -9999.0 -9999.0 -9999.0 -9999.0
-9999.0 -9999.0 -9999.0 -9999.0 -9999.0 -9999.0 -9999.0 -9999.0 17.9812973032 51.2295341205 66.9166338325 82.7257321083 113.148080831 14.9894817704 60.0520625264 74.6292114938 325.227505091 14.7752923342 14.0154914598 30.6988190572 44.8196056858 14.5886690483 -9999.0 70.6548017238 57.7737068131 15.6268802313 -9999.0 -9999.0 -9999.0 -9999.0 -9999.0 -9999.0 -9999.0 -9999.0 -9999.0 -9999.0 -9999.0 -9999.0 -9999.0 -9999.0 -9999.0 -9999.0 -9999.0 -9999.0 -9999.0 -9999.0 -9999.0 -9999.0 -9999.0 -9999.0 -9999.0 -9999.0 -9999.0 -9999.0 -9999.0
-9999.0 -9999.0 -9999.0 -9999.0 -9999.0 -9999.0 18.1117467316 16.7252863263 16.0957444863 16.3099812707 16.4494597832 115.795645696 244.756593204 260.403857123 272.383497307 10.6394811344 350.844294889 364.854543523 28.4906789128 14.3340591837 58.697556229 101.636963859 15.4908843684 116.594095205 14.8743828633 15.5978259023 15.3317400913 -9999.0 -9999.0 -9999.0 -9999.0 -9999.0 -9999.0 -9999.0 -9999.0 -9999.0 -9999.0 -9999.0 -9999.0 -9999.0 -9999.0 -9999.0 -9999.0 -9999.0 -9999.0 -9999.0 -9999.0 -9999.0 -9999.0 -9999.0 -9999.0 -9999.0 -9999.0 -9999.0 -9999.0
-9999.0 -9999.0 -9999.0 -9999.0 -9999.0 -9999.0 35.7291794782 52.5374530084 118.929659802 166.587871583 14.9743425587 15.3900175243 14.7937371398 43.5922729446 329.382846434 11.8380115459 378.494643078 431.714334886 41.8659669313 27.3881279931 114.864954038 14.0934243764 130.59115422 28.2509989705 14.1369926899 29.3739263449 30.2307368899 15.1556451252 15.4502572492 15.2804246135 15.6107861999 31.3484878524 -9999.0 -9999.0 -9999.0 -9999.0 -9999.0 -9999.0 -9999.0 -9999.0 -9999.0 -9999.0 -9999.0 -9999.0 -9999.0 -9999.0 -9999.0 -9999.0 -9999.0 -9999.0 -9999.0 -9999.0 -9999.0 -9999.0 -9999.0
-9999.0 -9999.0 -9999.0 -9999.0 -9999.0 18.6694937134 36.440329664 17.5177574453 34.2343849894 183.546664784 214.875870873 245.969340581 771.726078177 14.4645524198 343.700255212 1226.01341479 1236.22939976 1686.13842124 11.4172428397 40.5789231458 128.185233741 13.227372193 288.729951094 144.456587109 88.4947963401 74.2125871094 14.8025947493 45.1682690945 45.4222039362 30.3412749073 14.8245721985 46.5322679225 14.7617767705 14.683531854 -9999.0 -9999.0 -9999.0 -9999.0 -9999.0 -9999.0 -9999.0 -9999.0 -9999.0 -9999.0 -9999.0 -9999.0 -9999.0 -9999.0 -9999.0 -9999.0 -9999.0 -9999.0 -9999.0 -9999.0 -9999.0
-9999.0 -9999.0 -9999.0 -9999.0 -9999.0 18.4818334554 54.0233561865 108.113642642 124.875213468 247.214580411 263.291092334 313.115751941 511.210325625 814.369975386 843.572052249 857.251051408 25.4578371437 1731.79421412 1755.17505472 1821.74768468 2292.66016707 329.252026952 302.718882582 102.397426463 13.7853248054 86.9065948367 58.9800169915 13.4714633435 59.3147312064 13.6253063671 28.0424002735 75.1183554055 89.3867904262 28.8997400877 14.0850452919 14.1386342094 -9999.0 -9999.0 -9999.0 -9999.0 13.3708735641 11.866703984 -9999.0 -9999.0 -9999.0 -9999.0 -9999.0 -9999.0 -9999.0 -9999.0 -9999.0 -9999.0 -9999.0 -9999.0 -9999.0
-9999.0 -9999.0 -9999.0 -9999.0 -9999.0 17.9939005749 17.395423976 71.5318577858 88.4920121919 105.928289548 16.8609737441 33.4730595285 186.756036367 34.4054567592 15.9758769532 14.9956377202 13.6763234462 15.1544616195 14.5823193654 14.5924980876 2306.70904744 2346.53360988 13.1823625062 40.5127010053 27.4725516093 100.409359459 27.0900258335 13.1835485368 73.3611536709 26.69185295 64.2000194404 158.315323805 146.295952561 42.8230805457 41.9891120804 14.2326622893 14.1493338885 -9999.0 -9999.0 14.207561343 28.413254004 64.9077785734 12.3444156713 -9999.0 -9999.0 -9999.0 -9999.0 -9999.0 -9999.0 -9999.0 -9999.0 -9999.0 -9999.0 -9999.0 -9999.0
-9999.0 -9999.0 -9999.0 -9999.0 -9999.0 -9999.0 18.4329933589 18.5015371478 35.6363443232 53.0022824372 120.141406468 153.988446524 171.159056258 18.5744937387 14.7842837287 191.100557852 235.387306476 249.562506226 307.719461324 321.425917525 13.5948019786 2360.19521473 2424.70636182 51.1017753948 6.29711863301 111.792600488 250.530146401 99.2808211984 26.0146552333 13.0797514642 248.046354968 171.531195867 12.9112880779 13.0449931971 55.2073539045 41.8358465376 13.4633764333 13.2512170596 13.7664249577 27.7702675149 13.3942695096 78.7886549409 91.6390765337 12.3409844087 -9999.0 -9999.0 -9999.0 -9999.0 13.3759970037 12.8775780876 3.99708443402 -9999.0 -9999.0 -9999.0 -9999.0
-9999.0 -9999.0 -9999.0 -9999.0 -9999.0 -9999.0 -9999.0 18.1718591554 15.6696703547 33.2955286705 50.690744467 17.0545989318 16.1997740555 98.7329043389 130.053734984 161.859129386 15.0653890926 29.8482024115 14.7004383877 335.358450657 748.51331699 761.67484794 3213.810551 13.0911244594 20.0128116323 6.28681899735 263.198895203 12.803232308 39.2687091549 12.9340442608 260.812631292 273.544754491 25.8831683896 25.8954860558 137.674411814 68.926715651 26.8674176545 13.6421498626 27.5552892897 41.39229184 67.6441357815 12.7766894894 115.710327983 126.638005288 9.99865443927 10.5914436439 10.8994002919 10.1198330723 9.64851882284 37.4981241114 15.1988467958 9.98706050857 -9999.0 -9999.0 -9999.0
-9999.0 -9999.0 -9999.0 -9999.0 -9999.0 -9999.0 -9999.0 -9999.0 33.995813433 48.7223201265 16.8510289777 34.0700986499 50.4146294771 83.51906975 16.7605458199 16.2217759659 14.59149836 14.767608636 13.8173150276 385.118459615 14.8179357389 29.2271355913 3257.2099509 3287.78719405 14.1554800366 48.0355277505 323.56090998 25.2485678913 51.1406897901 24.32373415 36.0420665321 323.137845689 37.8605487293 200.465095368 162.755502 12.7280203119 66.4580879762 26.719410314 40.4785093527 12.9209182824 80.1596595716 104.504229672 114.153885015 123.408495311 164.434322458 19.0551424683 19.84355713 18.526457337 17.5077286717 47.0652400243 10.1855519946 35.5997524055 45.1657125036 -9999.0 -9999.0
-9999.0 -9999.0 -9999.0 -9999.0 -9999.0 -9999.0 -9999.0 -9999.0 17.7088466424 83.659957063 100.220590238 16.5903708157 32.7490410472 16.1538811469 15.4649503408 15.2430208877 187.547884473 249.454486197 309.813506787 371.042438509 15.7291632208 14.5900524215 15.1110413295 3355.72147838 3390.05112791 3404.61173908 439.724154488 101.558099233 88.5968013621 11.5260726823 47.4569217917 382.216574178 11.6209168495 212.210179494 12.5183709704 85.9050987067 79.6766215649 12.9501500079 53.3135263119 25.7138269007 38.2338498575 11.553647236 9.03851953804 132.570853339 140.991909853 172.834547073 28.7340591119 27.0725162765 25.9164058832 57.6913904113 78.199736768 10.223675064 55.0285313169 10.3880781697 19.9357741485
-9999.0 -9999.0 -9999.0 -9999.0 -9999.0 -9999.0 -9999.0 -9999.0 -9999.0 17.7876563664 117.18431064 133.548928353 48.9523426966 81.2158049415 112.166411187 127.683850282 15.7188215593 47.2213857803 31.3764258291 15.84282746 15.7701345678 14.6774240967 29.3614829495 50.1290100737 18.3962179279 3877.4728156 3891.96537804 13.4709648662 10.6668597219 23.2256698698 34.6987362097 416.457568815 22.8559053251 222.936977841 132.735423957 109.01305012 12.4701401838 25.2417681035 65.3208941817 11.9566806481 49.8791867692 23.0326068385 14.9676028792 5.35069016058 159.699441859 339.627451271 35.1939034759 33.6982280435 34.4568401066 8.82589858593 86.9465259175 8.5724692539 74.0214201731 9.44746416452 29.4181697571
-9999.0 -9999.0 -9999.0 -9999.0 -9999.0 -9999.0 -9999.0 -9999.0 -9999.0 -9999.0 16.2948542568 166.408621544 16.1779568017 32.3309686543 47.498135631 77.669328748 15.306154855 31.4602655619 15.6118717316 15.0615918832 14.4733105069 28.7515561626 13.3100253346 14.6585615063 30.0866670439 16.9424717749 3907.21434209 3934.98530816 3974.35263939 46.2690964543 11.6284316197 23.1721749052 428.247491807 412.949915282 156.894706011 12.0038123845 49.8387120865 37.5123781191 77.3578946224 23.9470186194 96.2662021357 34.5960516038 24.5603716194 2.75908028937 5.73777267501 348.266795744 356.130369898 432.043149584 61.9132911601 18.1464804103 96.2746350268 113.96880783 196.442221451 18.5990511965 8.84806805872
-9999.0 -9999.0 -9999.0 -9999.0 -9999.0 -9999.0 -9999.0 -9999.0 -9999.0 -9999.0 -9999.0 8.61652290054 184.773980167 15.6393123872 30.5531749815 138.194508302 15.4236231607 15.3536132619 14.3093294643 29.848208463 14.6839184464 58.0652167594 84.8607212441 97.5550416163 42.3489783298 54.4955280387 13.8825919973 16.2272876134 15.6281132198 4048.34254136 4083.35860505 438.912443729 434.312318701 423.705577546 22.0538433261 10.8221535715 61.238446072 161.473526574 88.8579205046 35.3938694375 142.708535281 46.5345017151 35.8607398251 5.59039261124 2.33558956755 2.48386230158 3.71664761535 449.980369717 536.878122449 8.82218234042 8.17801152725 8.75567813188 205.003737592 231.813368728 16.0460043696
-9999.0 -9999.0 -9999.0 -9999.0 -9999.0 -9999.0 -9999.0 -9999.0 -9999.0 -9999.0 -9999.0 8.1828752125 204.692709507 252.354018165 15.0105042144 168.158834549 14.5559956459 14.1880899788 28.6230996376 72.9426879706 14.3636837075 14.8051158131 13.2479991553 123.931297993 136.723077518 204.670841418 230.334131107 242.755099009 255.991841005 270.966318556 4368.67237727 4829.50495453 5285.05425833 5295.56640181 10.3727874051 10.8854931338 184.313362723 172.982431592 11.3161023617 11.2204115639 153.392730801 211.016777126 9.30494642509 79.6639239129 73.1341370903 11.7882970002 6.69062440319 11.1888826107 8.39815279868 551.804580359 7.47987546202 23.8851299554 30.060050736 279.014653867 297.865176748
-9999.0 -9999.0 -9999.0 -9999.0 -9999.0 -9999.0 -9999.0 -9999.0 -9999.0 -9999.0 -9999.0 16.8174027386 32.537810209 267.855611167 296.709136599 14.5488098367 197.602980009 12.8681597878 39.8749711298 86.2919576553 27.9658434259 13.5673545897 27.639252443 12.1791988485 23.9318139989 11.9990101563 10.8354326826 7.96752326699 6.57692811842 5.94456645046 5.82268448564 8.78898999401 11.6740574931 14.3065209998 5331.93684108 223.34222854 203.335520335 9.09199804569 32.7878437245 8.59212718028 7.26336900866 221.453392581 332.183514618 90.8086471475 67.9181471271 6.65778716965 2.84835702427 2.61441743654 9.36907945685 568.843581547 583.36808869 7.5204973442 7.70741703143 6.07284688033 3.04277413214
-9999.0 -9999.0 -9999.0 -9999.0 -9999.0 -9999.0 -9999.0 -9999.0 -9999.0 -9999.0 -9999.0 -9999.0 15.2925343279 197.83488404 509.443229382 554.16940577 766.361334479 781.092225656 195.456576677 141.623478996 41.7477917027 13.4473732712 54.2388894871 67.1994898609 103.277285501 24.3965421581 22.7642494534 20.0444012695 38.4422568343 17.6240846574 16.8577006448 8.29306228965 3.40660656621 5.2001688771 5343.63509586 5575.72872884 5586.61376138 9.20344948682 88.9315334003 37.5988663866 11.0255822203 365.721291058 23.2418784219 11.8781765867 47.2071468353 9.00766254769 7.75906999264 14.4958133805 21.025739324 28.2553029041 596.015019206 6.04545164711 5.43610935704 5.46535990281 4.11901046096
-9999.0 -9999.0 -9999.0 -9999.0 -9999.0 -9999.0 -9999.0 -9999.0 -9999.0 -9999.0 -9999.0 16.1300686596 150.26043953 182.488418875 30.291948732 9.41005002938 21.5602968866 816.400354535 830.185219078 1039.85960409 12.4183142785 25.7716783825 11.8196997446 11.9905426434 115.131022778 151.361848716 185.567521366 11.2475779536 49.7788745759 78.5468805454 46.5956260747 19.0872524049 11.8817166883 9.69726552668 10.2371581793 6.38331190473 5595.65483812 5603.36681404 5707.4785124 19.2515800931 10.0825812985 375.540385735 24.6417083032 12.5410362052 13.1276613413 13.0252843501 12.0927300973 20.1865098933 60.5180850565 96.5948648339 698.844402112 4.81994275771 14.4773921631 9.81486435233 8.11520054413
-9999.0 -9999.0 -9999.0 -9999.0 -9999.0 -9999.0 -9999.0 -9999.0 -9999.0 -9999.0 -9999.0 16.4249211884 102.869423481 16.3919019231 14.9648616528 75.516923814 89.1121180045 102.921143248 116.118392371 1397.0540268 1408.530379 1432.55540036 1603.61942411 1636.89336905 1654.87310455 1667.02813867 1871.73552112 1897.18404386 1908.56861931 1998.49395549 2056.9095609 2067.82767121 2097.52137234 19.9580235222 16.0618647181 3.08746167502 4.05973337112 5611.38822208 5742.81984187 28.0444440071 442.339615073 432.552585624 47.4689890863 11.5904815558 11.8096438039 11.5642453517 11.3393274882 22.7526544043 32.5516801273 9.23909770763 704.828090219 711.110669705 740.906939416 746.21626028 759.339442332
-9999.0 -9999.0 -9999.0 -9999.0 -9999.0 -9999.0 -9999.0 -9999.0 -9999.0 -9999.0 -9999.0 52.5191105483 69.5424478998 32.8188848991 48.5536793251 15.5746906638 175.38114464 189.626844202 217.826006851 227.709064685 92.4519485177 1542.87325375 1553.76064429 8.98176653388 5.85739914543 4.11129496875 10.7628583824 5.18432528158 3.32814929352 3.20833014395 4.60240367537 2075.34253152 2106.11566998 2136.79276783 2162.40463029 2178.03597032 6.46943417814 2.89172799686 6209.37720796 459.492558023 452.553708338 10.4286895232 10.0358283236 9.47902238619 21.6195578861 21.3845155003 10.0828176312 10.1225253626 9.35734495882 18.4631646028 24.524519136 4.59196441236 8.46206117225 3.24027414655 1.31072423502
-9999.0 -9999.0 -9999.0 -9999.0 -9999.0 -9999.0 -9999.0 -9999.0 -9999.0 -9999.0 -9999.0 -9999.0 35.432918153 16.7649581633 15.8208531201 146.98447559 161.542278328 14.6523191562 57.6319752531 70.7585622656 81.7150477078 12.3037205254 9.81610810003 226.427916163 234.710412957 242.182220046 646.185804665 650.978383419 657.323414796 702.77540872 722.253984081 725.203414742 2.95560907856 3.07601758021 4.28093359091 2189.32871622 4.71289313922 6295.59604427 6287.70497787 71.9514876136 63.8962643664 40.4564224531 10.2166253872 18.8612466027 31.3166396084 31.112277568 19.7874947279 9.80320296762 19.019076768 18.6845212416 32.8561688125 5.71904488193 13.8816988458 22.4957936145 25.2360785005
-9999.0 -9999.0 -9999.0 -9999.0 -9999.0 -9999.0 -9999.0 -9999.0 -9999.0 -9999.0 -9999.0 -9999.0 18.0964636088 51.2083126089 67.161857017 115.936191454 14.7769207232 29.7911907359 44.0785743524 168.05258139 178.761516787 184.062563773 194.998671107 207.326332247 345.085124922 381.439039104 397.886720986 4.78225193866 38.9439732074 42.6184911566 711.914697077 728.569141206 735.325858951 742.159773229 749.737525309 2945.10833407 5.74402030862 6316.07364614 8.28656641104 3.06648833713 53.9681519761 48.3823146728 6.57738238799 27.422829273 39.9219482049 39.476201333 27.7817207018 45.6547807276 72.1095596494 26.6979667208 67.0564132681 5.55826114243 7.70442644212 1.10495906172 0.916090657998
