data/baseflow/mHMbf_acc443.asc
ncols                  80
nrows                 72
xllcorner      4374000.0
yllcorner      5656000.0
cellsize            500
NODATA_value       -9999
[rows 0 to 23 of 72, columns 0 to 54 of 80]
-9999.0 -9999.0 -9999.0 -9999.0 -9999.0 -9999.0 -9999.0 -9999.0 -9999.0 -9999.0 -9999.0 -9999.0 11.1453429794 11.4926852676 -9999.0 -9999.0 -9999.0 -9999.0 -9999.0 -9999.0 -9999.0 -9999.0 -9999.0 -9999.0 -9999.0 -9999.0 -9999.0 -9999.0 -9999.0 -9999.0 -9999.0 -9999.0 -9999.0 -9999.0 -9999.0 -9999.0 -9999.0 -9999.0 -9999.0 -9999.0 -9999.0 -9999.0 -9999.0 -9999.0 -9999.0 -9999.0 -9999.0 -9999.0 -9999.0 -9999.0 -9999.0 -9999.0 -9999.0 -9999.0 -9999.0
-9999.0 -9999.0 -9999.0 -9999.0 -9999.0 -9999.0 -9999.0 -9999.0 -9999.0 -9999.0 -9999.0 -9999.0 23.6250358692 54.2818794916 9.29395099854 -9999.0 9.94756073032 -9999.0 -9999.0 -9999.0 -9999.0 -9999.0 -9999.0 -9999.0 -9999.0 -9999.0 -9999.0 -9999.0 -9999.0 -9999.0 -9999.0 -9999.0 -9999.0 -9999.0 -9999.0 -9999.0 -9999.0 -9999.0 -9999.0 -9999.0 -9999.0 -9999.0 -9999.0 -9999.0 -9999.0 -9999.0 -9999.0 -9999.0 -9999.0 -9999.0 -9999.0 -9999.0 -9999.0 -9999.0 -9999.0
-9999.0 -9999.0 -9999.0 -9999.0 -9999.0 -9999.0 -9999.0 -9999.0 -9999.0 -9999.0 11.3067458017 10.2279663991 11.3797530609 11.3989457535 74.6258604188 82.9287484494 27.668549412 9.09570210567 -9999.0 -9999.0 -9999.0 -9999.0 -9999.0 -9999.0 -9999.0 -9999.0 -9999.0 -9999.0 -9999.0 -9999.0 -9999.0 -9999.0 -9999.0 -9999.0 -9999.0 -9999.0 -9999.0 -9999.0 -9999.0 -9999.0 -9999.0 -9999.0 -9999.0 -9999.0 -9999.0 -9999.0 -9999.0 -9999.0 -9999.0 -9999.0 -9999.0 -9999.0 -9999.0 -9999.0 -9999.0
-9999.0 -9999.0 -9999.0 -9999.0 -9999.0 -9999.0 -9999.0 -9999.0 -9999.0 9.99339581103 21.6740810769 42.9181452727 21.4283824301 10.2064733669 20.3683462234 92.1609991521 137.247373495 8.81867155198 -9999.0 11.0694296539 -9999.0 -9999.0 -9999.0 -9999.0 19.0967899464 10.1169216474 -9999.0 -9999.0 -9999.0 -9999.0 -9999.0 -9999.0 -9999.0 -9999.0 -9999.0 -9999.0 -9999.0 -9999.0 -9999.0 -9999.0 -9999.0 -9999.0 -9999.0 -9999.0 -9999.0 -9999.0 -9999.0 -9999.0 -9999.0 -9999.0 -9999.0 -9999.0 -9999.0 -9999.0 -9999.0
-9999.0 -9999.0 -9999.0 -9999.0 -9999.0 -9999.0 -9999.0 -9999.0 13.0932914962 34.5498001131 44.3726641357 54.4892518075 74.5876193599 9.64339309167 39.3442348944 48.5133518922 200.632443556 6.90007887068 7.22938671427 20.1077448266 28.830461003 9.33453105242 -9999.0 45.3665007276 37.481930723 9.26931297238 -9999.0 -9999.0 -9999.0 -9999.0 -9999.0 -9999.0 -9999.0 -9999.0 -9999.0 -9999.0 -9999.0 -9999.0 -9999.0 -9999.0 -9999.0 -9999.0 -9999.0 -9999.0 -9999.0 -9999.0 -9999.0 -9999.0 -9999.0 -9999.0 -9999.0 -9999.0 -9999.0 -9999.0 -9999.0
-9999.0 -9999.0 -9999.0 -9999.0 -9999.0 -9999.0 12.4842940246 10.4958096636 10.0223821795 10.4238050864 11.0397225045 77.1782843756 162.795445625 173.424386472 182.567418569 9.50404355771 218.261034734 226.289784578 17.0134466994 9.01157099174 37.3198436648 64.6640378118 8.56268491634 69.6944928645 8.01170523445 7.6743529442 8.23232396153 -9999.0 -9999.0 -9999.0 -9999.0 -9999.0 -9999.0 -9999.0 -9999.0 -9999.0 -9999.0 -9999.0 -9999.0 -9999.0 -9999.0 -9999.0 -9999.0 -9999.0 -9999.0 -9999.0 -9999.0 -9999.0 -9999.0 -9999.0 -9999.0 -9999.0 -9999.0 -9999.0 -9999.0
-9999.0 -9999.0 -9999.0 -9999.0 -9999.0 -9999.0 25.496841925 37.1016605131 82.5586855581 112.338170871 9.03817337051 10.1749321166 9.71609028799 27.8102272923 218.343519836 7.88652416945 234.2108701 273.338345334 29.5415083519 16.7543761232 72.5413344251 8.92515717866 78.1386614835 15.5363070285 7.38930346838 14.3417173495 16.349512423 8.88494028946 9.75285850149 9.26261155646 10.381148562 20.6840547474 -9999.0 -9999.0 -9999.0 -9999.0 -9999.0 -9999.0 -9999.0 -9999.0 -9999.0 -9999.0 -9999.0 -9999.0 -9999.0 -9999.0 -9999.0 -9999.0 -9999.0 -9999.0 -9999.0 -9999.0 -9999.0 -9999.0 -9999.0
-9999.0 -9999.0 -9999.0 -9999.0 -9999.0 14.9562135068 28.5577828114 13.523134539 25.4134994373 124.676821372 145.22232068 165.932937725 583.526490706 9.6038303972 227.151751576 895.663016343 903.999929538 1194.0316116 10.7046876351 24.5462017299 80.4622618648 7.79813636243 165.69289041 79.4568239849 47.1425215722 39.0880430023 8.0390608787 26.3532589906 27.9092289233 18.5049643367 8.71319218267 29.808946983 8.39447424616 8.11826633571 -9999.0 -9999.0 -9999.0 -9999.0 -9999.0 -9999.0 -9999.0 -9999.0 -9999.0 -9999.0 -9999.0 -9999.0 -9999.0 -9999.0 -9999.0 -9999.0 -9999.0 -9999.0 -9999.0 -9999.0 -9999.0
-9999.0 -9999.0 -9999.0 -9999.0 -9999.0 15.2158835782 43.9285730012 86.7901520584 99.8452743436 197.940165951 209.807890373 248.168451028 408.859309444 620.71432278 642.363303049 652.056190454 15.91065711 1226.16274727 1246.22036743 1289.39486555 1567.57982284 190.127933409 174.41047445 55.6203590698 8.0928857358 47.9797499136 33.1664371283 6.18560861747 35.4689703124 7.9028760328 19.0013954501 47.1010934935 55.0443240544 15.8034763993 7.07549170753 7.20278633264 -9999.0 -9999.0 -9999.0 -9999.0 7.97048641234 7.42317489336 -9999.0 -9999.0 -9999.0 -9999.0 -9999.0 -9999.0 -9999.0 -9999.0 -9999.0 -9999.0 -9999.0 -9999.0 -9999.0
-9999.0 -9999.0 -9999.0 -9999.0 -9999.0 14.4946523567 13.6810934868 58.0254483618 71.5688216426 85.7327921156 13.2104202109 25.926908932 151.384085592 29.3958498888 12.0842669992 9.73467504656 8.25647147249 11.7698532349 11.8232607577 10.0198424956 1575.98126315 1599.42314898 7.5865066402 23.4183581405 16.0397648691 55.1781391919 12.9911567599 5.95317379047 42.82424227 15.8952581481 41.200271311 92.3941847783 85.5599751786 22.6944061944 20.3828905236 7.664885593 7.34484652473 -9999.0 -9999.0 7.10969553602 15.4997231925 38.4725027312 7.80711273904 -9999.0 -9999.0 -9999.0 -9999.0 -9999.0 -9999.0 -9999.0 -9999.0 -9999.0 -9999.0 -9999.0 -9999.0
-9999.0 -9999.0 -9999.0 -9999.0 -9999.0 -9999.0 15.6132177393 15.5696272433 29.1385300232 43.2586763763 98.5513056144 125.493216878 140.002086118 16.8483901325 9.57100979258 140.518899591 169.365810261 177.879984027 216.432833695 224.775372555 8.22337594409 1607.74079593 1647.08004876 31.4774474697 7.58415262542 62.1469453924 135.18608844 54.5198000698 12.6940390318 6.78412531641 147.087263203 99.4630612963 5.86201794817 6.04835832697 26.5271347666 21.8671178253 6.03970188816 5.17873427048 6.80572961976 13.6861554721 6.24032816385 46.4278802563 51.5705009156 4.3585518516 -9999.0 -9999.0 -9999.0 -9999.0 5.10191401285 4.61470241896 1.84021098225 -9999.0 -9999.0 -9999.0 -9999.0
-9999.0 -9999.0 -9999.0 -9999.0 -9999.0 -9999.0 -9999.0 14.6187597189 13.5173817616 28.3571127401 42.7683536571 13.5465730597 13.2661283267 77.6764336611 99.332082034 122.065372981 10.365637322 20.5081489673 10.2821292434 233.755680526 508.079551992 515.747692342 2177.65628035 7.64563886583 21.256441937 6.64093611958 141.314171297 6.16190257604 19.6244542418 6.34466017127 152.979246689 158.913639629 11.9081117214 12.0329012249 68.4826397679 34.9206754558 11.7644865196 6.12489283785 13.5030965733 20.2595527673 31.6642118605 4.88108787411 59.6636645193 63.0680636606 2.81705425791 3.12992539075 3.37949987294 2.81224933781 2.56555953046 12.9642826215 5.278527177 2.97960253432 -9999.0 -9999.0 -9999.0
-9999.0 -9999.0 -9999.0 -9999.0 -9999.0 -9999.0 -9999.0 -9999.0 29.3432315912 41.8285497439 13.3780819622 27.6023780117 39.8786686454 66.3262456488 12.8294167137 11.963643043 9.57190922216 9.66733274621 8.31927492332 256.19401752 10.3394919077 19.7523083994 2204.37803672 2214.98579613 3.05528847781 27.6226540899 173.786337088 12.5425088585 24.8561673696 10.6864618357 15.9531221473 180.882127284 17.0303484061 96.5927947918 79.7543711626 6.06618081355 30.2919578193 12.4390109442 19.3557795904 5.82710789743 36.708397583 45.3568999172 48.079688671 50.5535454583 73.3822182974 5.2420036101 5.69356299465 4.83471973488 4.35729394322 15.3998262498 2.84395388678 11.134983769 13.546328399 -9999.0 -9999.0
-9999.0 -9999.0 -9999.0 -9999.0 -9999.0 -9999.0 -9999.0 -9999.0 14.9589174904 71.1729627571 83.9530294132 12.74505165 24.684007579 11.8798825558 10.4568691583 10.2430041128 130.376705143 170.092475451 207.70290595 247.663167403 9.02585245964 9.79330841093 6.5208876016 2248.25776876 2259.48449361 2262.34286982 225.744082356 48.246939894 42.6172610086 4.44613288514 20.0458648198 205.594866682 4.13625742233 101.181981174 5.9032023342 41.7078393413 36.747607218 6.15353413368 25.2058990553 11.6020370959 17.0741912335 3.81906192925 2.40250500002 52.9715235077 55.0459221277 75.4503556254 7.9770325425 6.93068686664 6.34002351115 18.5201913615 24.3279304513 2.90054779465 16.4107160425 3.83048401423 7.01044343047
-9999.0 -9999.0 -9999.0 -9999.0 -9999.0 -9999.0 -9999.0 -9999.0 -9999.0 15.5084141485 97.9424536097 110.20882293 36.6170938366 59.8892048376 80.5880347419 90.922061879 10.9161310097 30.4769045997 20.7126732456 11.4761036516 10.6310203463 8.8524320217 16.3995056376 25.9435361182 5.97562155323 2497.60852565 2500.19123591 2.62031993774 2.7574179332 9.95917966539 14.8848412472 219.056848709 8.70816425881 104.874179287 62.539854198 52.3453198022 5.60846145627 11.538724246 30.2328882168 5.03569834409 21.784023592 8.08755713558 4.04656397711 2.04553243613 61.2933667924 138.272953705 9.31833347248 8.32384537515 8.44884657934 2.27645985415 26.5740258097 2.162792759 21.5808426164 3.13611237133 10.1585306573
-9999.0 -9999.0 -9999.0 -9999.0 -9999.0 -9999.0 -9999.0 -9999.0 -9999.0 -9999.0 12.1925811182 134.684891599 11.7421670652 22.9446683107 32.5467939663 50.4865856455 8.93510244005 19.0341093543 9.33133851954 8.10089273464 7.50728253634 14.7156028517 6.04926025814 5.19107750981 8.6248402453 4.87476249361 2503.78577139 2508.94292781 2517.44427033 18.0454494162 5.21773570214 10.4077919498 224.424583646 190.171667183 73.4339040321 5.36526259441 22.4245210028 16.9242788935 35.2760143765 10.0370086081 39.0970193157 12.4294853238 6.89251340218 1.9275318334 2.343651437 140.770990016 142.844565747 162.129097185 15.9336800331 4.938972102 29.0878774339 33.6983918544 57.258998242 5.7321435768 2.82307508461
-9999.0 -9999.0 -9999.0 -9999.0 -9999.0 -9999.0 -9999.0 -9999.0 -9999.0 -9999.0 -9999.0 8.3439650603 153.159783587 12.1802134582 21.4956124748 89.3597151876 8.7194228131 8.50649639913 7.38048104441 16.4823818303 9.0337894186 32.3330547593 45.2217627502 50.553487778 12.6283322671 14.7685216342 2.41252172772 3.88221138322 3.74891328754 2543.85430849 2557.38007544 228.102454082 197.690387817 194.073308745 7.51187494662 3.51118941498 27.1002064716 71.6757804018 39.9132067673 14.5876202788 57.6051524623 17.5971367661 14.0222932673 4.06608313388 1.63360164478 1.16614786671 1.13775804851 170.378453031 193.368254423 2.50596429105 1.96768888602 2.6882255283 60.1435546946 68.4976409596 5.02903014623
-9999.0 -9999.0 -9999.0 -9999.0 -9999.0 -9999.0 -9999.0 -9999.0 -9999.0 -9999.0 -9999.0 7.51012467847 170.307315058 204.798133893 9.58495214521 108.200893438 7.65012733418 7.11921792601 15.9125272495 41.2350594024 8.4384786258 9.12963611052 6.41008880703 62.6986534348 68.1904436163 89.7632140786 96.2206635441 99.6114289013 101.934394562 104.926900866 2665.02307157 2897.70218269 3099.43320513 3100.93437508 2.28661283962 3.86230167853 81.0785789767 76.410190546 4.54476921465 4.4909788957 62.9992051252 84.5573028554 3.01981021427 40.4345879963 37.5243748795 9.7512147091 3.65617334518 6.49937689514 2.75856653096 197.057826787 1.82914078679 6.25632835095 7.4909579328 81.7565030975 89.2946672481
-9999.0 -9999.0 -9999.0 -9999.0 -9999.0 -9999.0 -9999.0 -9999.0 -9999.0 -9999.0 -9999.0 13.4578560396 24.8822732961 215.691297197 233.704346835 8.94285967917 123.323597992 5.841086332 19.2438821519 48.30787965 15.9890408483 7.49528637152 15.3527538421 4.8955688492 9.79667290242 5.59785331419 5.19482080791 4.99786309681 4.47113215985 3.20726521988 2.07061481485 2.28689814534 2.84358304532 2.96691726128 3107.71355037 88.4308582029 83.456982304 1.17017439986 12.3583669061 3.15374659834 3.83708337551 87.9653924802 138.804959732 44.3186337821 33.5754007077 6.53257860168 2.23953641357 1.91469407073 3.79746831141 202.800270042 206.079074561 1.75723132537 1.80279813693 1.64196463704 2.26412807593
-9999.0 -9999.0 -9999.0 -9999.0 -9999.0 -9999.0 -9999.0 -9999.0 -9999.0 -9999.0 -9999.0 -9999.0 10.2000074291 151.825039441 395.599297678 425.496042725 556.646737778 564.15446833 105.366707103 79.732259378 23.6563389045 7.33602193484 29.645587401 36.1806559746 51.7341138573 11.5519110115 10.5244238267 10.4590914335 20.0684792701 8.23215774473 6.82412471968 4.70323039907 3.61518108753 2.00499191478 3109.5031945 3200.59855837 3202.12842681 1.03295513162 29.9476873094 15.324750642 4.23559699603 150.961694023 8.83585163851 4.66623920192 20.0894072967 4.18403771437 2.34661827727 4.30343947737 5.87234558703 7.73674261677 208.722989877 1.17468885397 0.974793884245 0.957045172856 0.673513072502
-9999.0 -9999.0 -9999.0 -9999.0 -9999.0 -9999.0 -9999.0 -9999.0 -9999.0 -9999.0 -9999.0 11.9183658443 117.082576933 140.865929479 20.5095803998 8.25339753638 18.4176648782 590.289642599 596.560465192 709.133454817 6.35168653729 13.5998951584 5.62767630493 5.72671342897 57.2068216341 74.2084700245 89.5577625401 4.76807064703 24.7265442939 37.5194514654 19.9597827724 8.97815352394 7.29572439957 5.82066581384 4.96224408088 1.09284979165 3202.9139692 3203.36060275 3234.10680845 5.63777055721 3.23686268732 154.435095574 10.0545183535 5.0488919923 5.63344786328 5.57165894689 4.54057076355 7.1593847491 19.1995268405 28.7858127937 238.728188084 0.812488459224 2.46443787647 1.6650442398 1.30491317702
-9999.0 -9999.0 -9999.0 -9999.0 -9999.0 -9999.0 -9999.0 -9999.0 -9999.0 -9999.0 -9999.0 12.3713208651 83.5540691572 12.4628184439 9.80167556089 55.0274782168 63.1807684645 71.0428388102 78.4062252342 949.353802057 958.132489495 974.005430554 1070.21368481 1087.06366055 1096.12119468 1101.64390174 1202.74602126 1218.1074151 1223.13412108 1266.15363287 1291.1068668 1295.31007154 1310.91095703 9.67379867315 8.54724108101 1.27548855665 0.490650952815 3203.94858654 3241.52203954 7.06386122729 178.575617514 175.751344428 17.3075280049 3.91202779755 3.899083957 3.62623012113 3.75322771566 7.50752987118 10.1823233914 2.37850677224 239.880303405 241.112303831 246.250097076 247.181750755 249.335743642
-9999.0 -9999.0 -9999.0 -9999.0 -9999.0 -9999.0 -9999.0 -9999.0 -9999.0 -9999.0 -9999.0 43.69943506 57.5961403157 25.3598210668 36.5774998912 10.9378412258 122.569220406 130.47062378 146.440737433 154.446254217 51.1675254809 1037.62531847 1044.64303836 5.19596360859 3.45905954181 3.58248381879 7.4165696748 4.22764902878 3.64951624389 3.75275389512 3.46031003942 1299.90397332 1315.21992234 1328.78294813 1340.42657077 1343.28249965 0.903035332936 0.214879654132 3424.21165241 182.405590124 181.601176869 3.80471640527 3.03366627256 2.31708686379 6.14967835582 5.91493376998 2.69095261787 2.85452196751 2.61380430829 5.00834970766 6.28630487765 0.698742658061 1.25070956043 0.554829052789 0.530037995689
-9999.0 -9999.0 -9999.0 -9999.0 -9999.0 -9999.0 -9999.0 -9999.0 -9999.0 -9999.0 -9999.0 -9999.0 29.5074935384 13.5837218222 11.5189233114 106.435577604 114.808228668 8.59325222444 31.4015981232 39.0739954858 45.6051299622 7.95182500113 4.29423984886 135.949002805 139.103265916 142.221617524 347.966507171 350.64770712 356.779134692 382.519492392 398.74937939 401.477441031 3.63268024031 3.81370331558 2.97291523571 1344.34131222 0.392315232097 3447.49677685 3447.0454028 22.6343306275 21.5098846906 13.2127040262 3.08245714011 4.86286507363 8.5803761812 8.34410432611 5.04462060997 2.69802494966 5.22971787577 5.50659217886 8.73208972523 1.5684137948 2.62196467764 4.31344298172 5.45615141208
