data/baseflow/mHMbf_acc542.asc
ncols                  80
nrows                 72
xllcorner      4374000.0
yllcorner      5656000.0
cellsize            500
NODATA_value       -9999
[rows 0 to 24 of 72, columns 0 to 54 of 80]
-9999.0 -9999.0 -9999.0 -9999.0 -9999.0 -9999.0 -9999.0 -9999.0 -9999.0 -9999.0 -9999.0 -9999.0 36.7650325021 25.4272462927 -9999.0 -9999.0 -9999.0 -9999.0 -9999.0 -9999.0 -9999.0 -9999.0 -9999.0 -9999.0 -9999.0 -9999.0 -9999.0 -9999.0 -9999.0 -9999.0 -9999.0 -9999.0 -9999.0 -9999.0 -9999.0 -9999.0 -9999.0 -9999.0 -9999.0 -9999.0 -9999.0 -9999.0 -9999.0 -9999.0 -9999.0 -9999.0 -9999.0 -9999.0 -9999.0 -9999.0 -9999.0 -9999.0 -9999.0 -9999.0 -9999.0
-9999.0 -9999.0 -9999.0 -9999.0 -9999.0 -9999.0 -9999.0 -9999.0 -9999.0 -9999.0 -9999.0 -9999.0 75.8188303458 152.734130549 21.8640286535 -9999.0 16.908364381 -9999.0 -9999.0 -9999.0 -9999.0 -9999.0 -9999.0 -9999.0 -9999.0 -9999.0 -9999.0 -9999.0 -9999.0 -9999.0 -9999.0 -9999.0 -9999.0 -9999.0 -9999.0 -9999.0 -9999.0 -9999.0 -9999.0 -9999.0 -9999.0 -9999.0 -9999.0 -9999.0 -9999.0 -9999.0 -9999.0 -9999.0 -9999.0 -9999.0 -9999.0 -9999.0 -9999.0 -9999.0 -9999.0
-9999.0 -9999.0 -9999.0 -9999.0 -9999.0 -9999.0 -9999.0 -9999.0 -9999.0 -9999.0 38.6708029085 37.592182396 38.546099493 37.0254308532 224.419006693 249.19600808 47.2704029079 14.9259221623 -9999.0 -9999.0 -9999.0 -9999.0 -9999.0 -9999.0 -9999.0 -9999.0 -9999.0 -9999.0 -9999.0 -9999.0 -9999.0 -9999.0 -9999.0 -9999.0 -9999.0 -9999.0 -9999.0 -9999.0 -9999.0 -9999.0 -9999.0 -9999.0 -9999.0 -9999.0 -9999.0 -9999.0 -9999.0 -9999.0 -9999.0 -9999.0 -9999.0 -9999.0 -9999.0 -9999.0 -9999.0
-9999.0 -9999.0 -9999.0 -9999.0 -9999.0 -9999.0 -9999.0 -9999.0 -9999.0 37.8844733283 76.055056979 150.805849824 74.7262858685 36.5273272541 71.8995542453 284.520386341 370.113526398 17.849708353 -9999.0 37.8762055847 -9999.0 -9999.0 -9999.0 -9999.0 32.5769422575 16.3257719908 -9999.0 -9999.0 -9999.0 -9999.0 -9999.0 -9999.0 -9999.0 -9999.0 -9999.0 -9999.0 -9999.0 -9999.0 -9999.0 -9999.0 -9999.0 -9999.0 -9999.0 -9999.0 -9999.0 -9999.0 -9999.0 -9999.0 -9999.0 -9999.0 -9999.0 -9999.0 -9999.0 -9999.0 -9999.0
-9999.0 -9999.0 -9999.0 -9999.0 -9999.0 -9999.0 -9999.0 -9999.0 40.248714073 116.857958631 153.469526411 190.1014556 260.886538566 34.9483333912 140.898220866 175.531236546 598.035068037 29.8614470743 34.5974185231 72.7053344397 106.324114561 34.5355238461 -9999.0 88.4418001401 72.2261513415 20.8109517164 -9999.0 -9999.0 -9999.0 -9999.0 -9999.0 -9999.0 -9999.0 -9999.0 -9999.0 -9999.0 -9999.0 -9999.0 -9999.0 -9999.0 -9999.0 -9999.0 -9999.0 -9999.0 -9999.0 -9999.0 -9999.0 -9999.0 -9999.0 -9999.0 -9999.0 -9999.0 -9999.0 -9999.0 -9999.0
-9999.0 -9999.0 -9999.0 -9999.0 -9999.0 -9999.0 40.8230301227 38.0469277468 37.6538047036 37.8691911425 37.7969666423 265.457749448 562.454695068 598.46311549 632.537244555 34.2268392464 663.711309555 696.985592585 69.300749837 33.9313785691 139.359385379 241.178132715 32.0236086944 184.300090612 36.1620505905 33.9033465992 37.3956420503 -9999.0 -9999.0 -9999.0 -9999.0 -9999.0 -9999.0 -9999.0 -9999.0 -9999.0 -9999.0 -9999.0 -9999.0 -9999.0 -9999.0 -9999.0 -9999.0 -9999.0 -9999.0 -9999.0 -9999.0 -9999.0 -9999.0 -9999.0 -9999.0 -9999.0 -9999.0 -9999.0 -9999.0
-9999.0 -9999.0 -9999.0 -9999.0 -9999.0 -9999.0 81.120080556 119.619809743 271.024957865 382.544146523 35.382970277 35.8934582039 34.5667565674 102.962965107 768.331684935 32.2793673184 729.718451587 861.294606682 103.392467989 65.9687130648 273.292135351 33.6632540683 217.955408959 68.2689378227 34.6679588067 68.0569734903 73.5960497396 36.5364995378 36.4827084342 36.2746276328 36.7280502786 73.8968045825 -9999.0 -9999.0 -9999.0 -9999.0 -9999.0 -9999.0 -9999.0 -9999.0 -9999.0 -9999.0 -9999.0 -9999.0 -9999.0 -9999.0 -9999.0 -9999.0 -9999.0 -9999.0 -9999.0 -9999.0 -9999.0 -9999.0 -9999.0
-9999.0 -9999.0 -9999.0 -9999.0 -9999.0 41.1632862399 80.9095663166 39.1812929197 76.9717513412 420.672102026 493.130094256 564.913832467 1745.39692458 34.2747584157 802.2114015 2802.27690591 2827.24995107 3731.68758587 27.7165656703 98.4574498172 305.678745052 32.2987968759 596.274843736 345.374764332 210.723753059 176.47744734 35.865920539 108.790651443 107.354285658 71.8383371082 35.3257340304 110.075108173 35.4624190761 35.4332725971 -9999.0 -9999.0 -9999.0 -9999.0 -9999.0 -9999.0 -9999.0 -9999.0 -9999.0 -9999.0 -9999.0 -9999.0 -9999.0 -9999.0 -9999.0 -9999.0 -9999.0 -9999.0 -9999.0 -9999.0 -9999.0
-9999.0 -9999.0 -9999.0 -9999.0 -9999.0 41.164655201 120.673498336 240.737018222 278.41463508 551.032957381 587.420004901 699.224370623 1146.57315764 1839.8894916 1906.07466759 1936.79590888 60.8897446754 3840.68633194 3897.68771782 4059.17975898 5090.51635544 693.743197228 629.487384815 243.970260811 32.9780766362 210.681231152 142.73720959 33.4318657833 140.458004005 32.2069919378 67.8270918478 179.532041105 213.600200074 69.5557591269 34.219820395 34.4826463369 -9999.0 -9999.0 -9999.0 -9999.0 18.1317610727 15.4664941453 -9999.0 -9999.0 -9999.0 -9999.0 -9999.0 -9999.0 -9999.0 -9999.0 -9999.0 -9999.0 -9999.0 -9999.0 -9999.0
-9999.0 -9999.0 -9999.0 -9999.0 -9999.0 40.6159529387 39.3225308631 159.036383933 196.796888365 235.400109537 37.7037174837 75.1039059278 420.996979954 75.2895972939 36.1939962311 35.0858838406 32.5528097337 36.1691408338 35.6748081466 34.0085688892 5122.95586838 5219.01041659 32.0361364466 97.7381989226 65.8619426011 243.231438123 66.7681758385 32.7853061455 174.328837858 63.8678363418 154.258320435 378.781776741 350.649906919 103.486204076 103.191483664 34.3778171829 34.5069763329 -9999.0 -9999.0 34.7045349975 42.4403027939 90.0497705021 16.1821029731 -9999.0 -9999.0 -9999.0 -9999.0 -9999.0 -9999.0 -9999.0 -9999.0 -9999.0 -9999.0 -9999.0 -9999.0
-9999.0 -9999.0 -9999.0 -9999.0 -9999.0 -9999.0 40.7640198349 40.3485955792 79.7723739488 118.743382868 271.245643268 347.284776585 385.701255429 40.0042871838 34.2027675826 437.420933486 540.727141585 574.461548869 710.247099622 743.217756093 32.6164192454 5251.13639238 5413.26570407 130.488722352 32.4949788877 275.070346498 611.852708088 238.923315594 63.3699156578 31.593083796 594.28613674 410.473135336 31.5324821049 31.5156113693 135.041361039 101.259022873 33.0788133501 33.2323438601 33.6503083523 67.9030169134 32.9680520873 109.431027577 141.972615939 31.8174388153 -9999.0 -9999.0 -9999.0 -9999.0 34.6341494872 33.6396910572 9.66470522599 -9999.0 -9999.0 -9999.0 -9999.0
-9999.0 -9999.0 -9999.0 -9999.0 -9999.0 -9999.0 -9999.0 41.1150859853 38.0255804918 76.7241339156 115.145688204 38.4485560405 38.144580488 224.890908894 297.036975599 369.382687047 34.680598939 69.1251107775 33.8340377377 775.857144249 1682.66787717 1700.56648596 7169.74862752 32.3353885509 96.4828179364 31.5418829163 643.037642332 31.2613539859 95.3086072643 31.334631896 625.603374621 656.640773051 62.9282732786 62.5485690909 334.541943036 167.083169224 65.9809657175 33.2927208759 67.4807019982 101.300796802 166.539386894 32.5640940721 206.849462243 239.031229785 30.1909514207 31.5027174529 32.3722044428 30.6627617024 29.5368333439 99.544494019 38.9691729256 25.2360068559 -9999.0 -9999.0 -9999.0
-9999.0 -9999.0 -9999.0 -9999.0 -9999.0 -9999.0 -9999.0 -9999.0 78.5028736305 116.250974944 38.0272737698 76.2851305305 112.968427933 188.8890018 37.0481848382 36.6247945414 34.0538114669 34.6061405734 33.1065346887 841.121978337 33.8976784014 67.2609936556 7257.74870789 7329.04655804 40.3579038609 176.631968161 851.453806519 61.5105538913 124.619602404 60.2613590077 89.1451940057 778.048447963 92.3609134285 488.028523599 396.135049082 31.1956706816 161.912127127 64.8715029949 99.0736147002 31.607013014 198.246469917 262.742483015 291.727221411 319.809552426 354.050562929 57.85584924 59.9203135405 57.0077616919 54.5443600818 127.038070593 27.3482175027 91.9311237451 117.360975443 -9999.0 -9999.0
-9999.0 -9999.0 -9999.0 -9999.0 -9999.0 -9999.0 -9999.0 -9999.0 39.3317889775 193.865589814 231.447238452 37.7654075364 74.6694773298 36.9587413254 35.9038398933 35.3012820506 431.408268071 575.961888978 703.907561898 822.527121813 29.561000024 33.6326951161 40.098079999 7478.73448086 7549.77899889 7585.68336502 1141.77997836 249.472796682 216.60337425 29.3258894411 118.129303324 925.228764243 29.3430835141 517.424623229 30.4264647818 209.145781442 193.992983711 31.3249987985 130.342039665 62.8416347002 93.7698792264 31.9680164539 28.0545696492 347.678523524 373.920232476 380.244686046 87.3471158111 83.6641436622 80.662732857 155.288888748 210.110038192 27.3065202057 143.244749982 26.9122858904 51.768762261
-9999.0 -9999.0 -9999.0 -9999.0 -9999.0 -9999.0 -9999.0 -9999.0 -9999.0 38.7592762566 269.188891584 306.707435502 111.760763325 185.616447324 257.171832523 292.85637637 35.7189060399 110.394535237 72.6693094781 35.5444725803 35.7385203543 34.0825466439 68.8890304815 122.088165912 43.945889463 8805.88342045 8845.49713528 37.2650487596 28.5949125974 58.0022586363 86.3720634368 1010.69834716 57.3359373393 544.82997062 323.620575727 265.385544713 30.4459523857 61.4958954329 160.22265011 29.7016650241 123.154031556 61.0539428859 53.8487044295 28.2427202277 454.537309805 857.354312037 108.315452748 105.06944656 104.78364506 24.1764006939 233.905040257 23.4608826703 193.526052087 24.3436869508 75.964399979
-9999.0 -9999.0 -9999.0 -9999.0 -9999.0 -9999.0 -9999.0 -9999.0 -9999.0 -9999.0 36.8293724669 380.939328219 37.1148737625 74.0525056738 109.279095698 181.270173588 37.1067764031 75.1067141762 37.3638995773 36.6801966309 35.0261899028 69.5346152437 32.9420728982 38.2998429411 80.7903096226 44.7476318125 8881.00050564 8953.22397086 9057.03300532 116.996196925 28.6984581835 57.1826595839 1039.44002026 1010.55492015 382.569046151 29.4018967293 121.694018307 91.5912085171 190.170375548 59.5858126594 242.888258285 90.2088197943 81.8708715426 29.1228613648 28.4872162165 884.921674392 909.236421692 1145.13491216 179.54557873 49.6382523809 259.020770415 306.985695747 523.014725562 47.9873332142 22.830411326
-9999.0 -9999.0 -9999.0 -9999.0 -9999.0 -9999.0 -9999.0 -9999.0 -9999.0 -9999.0 -9999.0 20.9160737118 428.427987992 37.2657082931 71.9367100577 324.398228654 36.7883293633 36.8511482944 34.0884866464 71.1781361134 33.6907089111 136.734544617 201.830467906 233.192537027 112.326805325 146.885944285 38.2954620424 42.7176271466 35.5999336305 9232.73328277 9323.58713094 1066.28724597 1063.75852545 1037.28372409 55.4693738786 27.310740332 149.983968719 397.067742967 218.870841376 88.2839743618 359.172287538 195.350511718 167.892320614 57.7706465367 25.0212331119 24.3380439544 22.9592035376 1248.43027648 1500.50594583 23.7992639191 21.8869596127 23.1378712562 545.131778076 614.740188774 42.7676730695
-9999.0 -9999.0 -9999.0 -9999.0 -9999.0 -9999.0 -9999.0 -9999.0 -9999.0 -9999.0 -9999.0 19.6890832566 476.169244412 584.498502091 34.5852680848 393.459970577 35.0102741269 34.4683635276 67.5168495489 172.235443039 33.575039342 34.3056254718 31.8912302827 297.335463198 328.357683779 506.672451091 577.385130534 614.31852153 650.468328217 685.014078323 10040.7379516 11177.1662739 12305.1769406 12328.8127029 28.5333456512 27.4796182675 453.61117956 425.564205035 28.2850700281 28.1970288077 387.726765602 611.090812227 26.6281408297 342.236959254 314.771016246 110.644991278 51.036748086 79.8421154486 25.7237817813 1546.12303983 23.1815269034 67.9143219529 86.6349019751 772.297599498 838.472292908
-9999.0 -9999.0 -9999.0 -9999.0 -9999.0 -9999.0 -9999.0 -9999.0 -9999.0 -9999.0 -9999.0 37.9504311525 73.2722962261 619.51148738 686.751767246 33.7246393195 451.627470045 31.9722431902 97.710421894 203.971783343 65.503769811 31.892271355 64.6797902386 30.0953308909 58.5553053395 28.8369309793 28.4583944749 28.5110158976 28.4173280081 30.1073679821 33.2847031991 39.0984558476 41.0567082837 38.6413267451 12420.3494668 571.320641391 509.806982042 26.7521790906 82.6255026113 20.6836612312 18.5601878278 637.93105172 1061.74545932 370.260361551 261.342126257 59.2543788358 27.4941924557 26.14112934 48.8834868979 1617.83340274 1661.43596307 22.4100832868 22.48281456 24.3653517573 24.5235553418
-9999.0 -9999.0 -9999.0 -9999.0 -9999.0 -9999.0 -9999.0 -9999.0 -9999.0 -9999.0 -9999.0 -9999.0 35.5286790054 445.398781172 1166.52920118 1269.28294903 1751.04671352 1773.83909247 453.658187281 333.972392654 97.9130018172 31.7121438664 127.193733865 157.510143378 245.033212637 58.2932456667 57.0741688914 57.3307679377 114.029985252 58.1825792179 61.1141425673 28.1977824744 29.7987132579 32.3395091975 12448.3966885 13036.6039249 13068.1584525 27.5700495042 231.866218729 93.8324523164 27.6917153076 1145.57723694 57.5919903064 29.308856503 121.847511182 29.6765300465 27.2600719333 51.440815498 71.9180350568 93.5040130986 1700.64698588 18.8968864979 17.0791593335 17.0893585909 15.1229213169
-9999.0 -9999.0 -9999.0 -9999.0 -9999.0 -9999.0 -9999.0 -9999.0 -9999.0 -9999.0 -9999.0 36.9593506282 338.365876161 410.59923203 68.5692716476 21.6977311391 51.6517910818 1857.60988 1882.40573869 2357.67188035 29.6792386261 61.2295832593 28.4288165574 28.7983863859 273.24786392 359.729550853 444.385950836 27.0889746584 141.06612957 225.904848267 141.378453657 54.3625367608 55.3452239559 58.8731692925 58.3986779478 31.4333592604 13091.4873951 13113.008572 13390.635576 48.7284952516 25.3533586509 1161.84023209 59.4334951955 30.2017699845 31.3446520599 31.0846974117 29.4457570543 58.3817898189 163.632481428 280.15872077 1999.51823715 15.1538753989 45.4737228937 30.6820599608 27.4686695631
-9999.0 -9999.0 -9999.0 -9999.0 -9999.0 -9999.0 -9999.0 -9999.0 -9999.0 -9999.0 -9999.0 37.5767560567 229.350978282 36.557186184 34.0574558058 169.439934336 201.090272588 233.768230011 265.053560307 3183.91765936 3211.32992427 3269.59892479 3687.10874146 3777.42174262 3834.85123654 3863.61590766 4387.73729426 4468.52546763 4495.70534821 4749.91017351 4918.81472329 4944.93611905 5053.02484461 84.0656362259 84.4528899119 29.1439289712 28.2875783102 13136.7606344 13487.1473083 73.30956105 1314.83097335 1292.79794086 116.105938205 28.6570305488 29.4022317947 28.9874269432 28.114174113 56.5761581041 82.453908688 25.6921565522 2017.63477503 2036.34580764 2128.96626262 2144.90452681 2187.19304356
-9999.0 -9999.0 -9999.0 -9999.0 -9999.0 -9999.0 -9999.0 -9999.0 -9999.0 -9999.0 -9999.0 116.300575076 154.055566183 73.1948763649 108.439615707 34.9776701595 397.741619048 431.449998684 497.520155466 529.897464887 223.509248329 3538.84141899 3567.15067559 32.5279126079 29.0289816727 29.9306605088 60.0877309295 31.7474267897 29.2505404963 28.3462880465 27.0870812871 4972.69863621 5079.99905606 5185.87093257 5290.13325694 5393.12674596 52.1463317061 19.5763726305 14866.400851 1357.7798687 1337.25963401 25.5270650914 25.2954327454 24.1269901428 54.1433589147 53.8495739516 25.1682865706 25.3156148346 23.1305973218 48.4894697242 66.0632325625 15.8613460305 29.696193176 11.579684418 12.1675285146
-9999.0 -9999.0 -9999.0 -9999.0 -9999.0 -9999.0 -9999.0 -9999.0 -9999.0 -9999.0 -9999.0 -9999.0 78.3931872007 37.1832435319 35.5805523287 330.710538387 365.024512847 34.1395219192 134.253194481 166.105784942 197.516389233 32.7376314334 30.4620743125 568.768776322 595.998526258 623.457055216 1589.12578976 1616.01060441 1671.87666417 1889.50427298 2047.71503832 2074.68186468 25.932718948 26.5179497405 22.8011223563 5425.58042024 17.6144950171 15114.5991952 15084.3569251 197.415305887 173.293315292 100.534038679 25.5177127842 48.2720885674 78.7832381251 78.5697457444 49.3609694964 24.5601003001 47.5559339299 46.1015114906 86.743392787 14.8508901218 46.8027696598 73.8700735589 99.2288716445
-9999.0 -9999.0 -9999.0 -9999.0 -9999.0 -9999.0 -9999.0 -9999.0 -9999.0 -9999.0 -9999.0 -9999.0 39.8930594688 114.743769321 150.703295443 260.17396785 34.5754701437 69.4837344118 102.720585072 384.462234522 415.750667971 447.629870652 479.098579749 510.72666757 781.902352471 877.696697898 940.252544131 30.7263647561 161.561751709 192.304008835 1969.27927523 2102.88684099 2158.32358989 2213.44742431 2265.26293557 7707.11065399 15.1962736631 15195.8883454 51.6960577409 25.7695001982 148.752669815 123.677712308 22.1946589685 70.0407480945 100.394869389 99.8233228477 69.7413416202 114.783016307 181.285175834 65.9911104411 171.259544356 17.2531834696 32.2127073724 10.8954648584 8.5894318392
