data/baseflow/mHMbf_acc602.asc
ncols                  80
nrows                 72
xllcorner      4374000.0
yllcorner      5656000.0
cellsize            500
NODATA_value       -9999
[rows 25 to 49 of 72, columns 0 to 54 of 80]
-9999.0 -9999.0 -9999.0 -9999.0 -9999.0 -9999.0 -9999.0 -9999.0 -9999.0 -9999.0 -9999.0 -9999.0 32.1592085841 63.5542071133 29.9691380176 60.3878641003 27.754480727 207.006567367 260.783782167 287.726015367 24.8560335762 48.522769151 458.782852618 571.321686286 592.421654995 43.8792149134 45.8174809868 67.4459062795 14.5916265083 13.5803292273 25.1762997523 10.407046427 668.868372867 681.110552768 694.289751701 5699.84179441 11139.2372974 11076.3666195 14.1414304615 6.7787921587 6.15923004551 29.0661577237 23.0230121121 56.2118610889 77.7268740084 154.748184356 13.2176672969 13.1232622323 126.236749242 138.733540962 260.357492238 266.433923934 284.401032887 289.643331277 5.96488208416
-9999.0 -9999.0 -9999.0 -9999.0 -9999.0 -9999.0 -9999.0 -9999.0 -9999.0 -9999.0 -9999.0 -9999.0 -9999.0 30.9380762949 61.8721560656 92.614104602 149.760673349 29.6865536116 27.5199071214 178.939657583 204.27169124 412.988328704 437.250317152 69.1284852301 23.9874530728 22.5117779783 19.5159208067 593.729776096 608.468737941 623.466290993 635.61486394 657.582050701 126.631607117 134.174327526 836.129876532 17679.4074555 50.869862313 40.3861915227 20.5869740972 5.34469619295 4.83781326728 40.4673200028 43.9522309116 65.9705736445 5.1648482749 161.829361477 22.5760029305 22.2519359678 4.8352155417 2.94156300101 2.3551343435 1.93350023041 2.24812548963 291.882950647 3682.02675083
-9999.0 -9999.0 -9999.0 -9999.0 -9999.0 -9999.0 -9999.0 -9999.0 -9999.0 -9999.0 -9999.0 -9999.0 -9999.0 -9999.0 30.7765899201 55.0314722039 75.9273199152 96.9613569098 124.169397462 151.978489421 81.5019439629 134.724821605 24.4007422414 24.0174284498 486.157265289 532.361425616 553.670645357 576.57266029 16.5529966386 30.6862770878 81.1408825337 100.462226439 114.96611524 9.66734948977 4.78215234561 17699.9816022 9.0102790226 13.1672791294 8.1651850729 23.2642225485 10.1418880693 5.98883487059 114.050344711 116.759227769 2.42287271056 164.372670937 191.845717305 31.1782412079 3791.59900527 3781.80179356 3775.5081631 3765.8617644 3762.28093082 3699.90454253 3696.39774082
-9999.0 -9999.0 -9999.0 -9999.0 -9999.0 -9999.0 -9999.0 -9999.0 -9999.0 -9999.0 -9999.0 -9999.0 -9999.0 -9999.0 5.25463214361 12.0770911886 20.7929874478 185.254570163 213.706773725 28.4872642128 27.3824857413 26.8914997162 388.794831168 439.882863228 24.3397373384 24.5338595075 20.7727132221 84.9376850117 105.216361539 51.439657379 67.2542570484 489.565309923 505.423803552 527.158309902 840.558834598 18546.0265157 9.67217365663 6.2447977355 35.7641410942 28.4774469106 3.15486678282 12.6265736712 15.8427027399 120.036986668 122.494625396 320.228764125 193.094806877 33.6913625777 3859.22342855 20.5646393005 3770.71045806 3768.41418056 58.9021119939 1.53458735783 10.540444163
-9999.0 -9999.0 -9999.0 -9999.0 -9999.0 -9999.0 -9999.0 -9999.0 -9999.0 -9999.0 -9999.0 -9999.0 -9999.0 -9999.0 26.4798214728 43.3742481588 91.6741824191 159.51981089 231.917845803 284.401670272 311.335346852 338.492631142 364.354684269 25.4953663987 23.326147115 46.0337798235 42.4345759602 21.8573007654 425.247705268 445.11874733 463.147209559 480.279067659 276.026963202 294.750745091 308.470199336 18550.6607777 15.9237042125 22.2463580851 62.8322092023 5.84037875012 6.08037182866 3.04313429751 2.99552009118 18.5464489334 2.00899866494 2.12784088067 4191.30367669 3869.53673946 3867.44956715 9.23598178105 18.5655463479 12.2485435984 2.87583717697 55.4710785599 15.330881966
-9999.0 -9999.0 -9999.0 -9999.0 -9999.0 -9999.0 -9999.0 -9999.0 -9999.0 -9999.0 -9999.0 -9999.0 -9999.0 -9999.0 18.3784369332 17.1772381316 33.6811329541 51.3035988458 27.7156472596 30.7903956987 58.9114044765 86.7269592289 138.873031139 164.689831066 187.683241413 257.48412076 278.451901095 300.839982853 21.4373112683 209.331891555 227.0860006 244.853732167 15.7992953603 11.536567224 18.8587413419 18874.3964174 18878.5817412 18904.0277709 79.8508898881 12.440735179 14.2012953942 4.85823064268 5.09192731908 20.6837527551 24.4734082958 3.72959865519 4200.22217167 2.62100662785 4.90201946457 5.69058529171 3.53064335471 7.21146871845 2.83693822119 37.0268565731 29.9579611893
-9999.0 -9999.0 -9999.0 -9999.0 -9999.0 -9999.0 -9999.0 -9999.0 -9999.0 -9999.0 -9999.0 -9999.0 -9999.0 -9999.0 -9999.0 16.3786041105 32.308457692 16.202697656 33.725510886 208.493336219 232.498713907 259.916896664 26.1543950702 25.9417832056 49.0142678388 72.5645232381 113.923157719 135.37477384 148.516831827 168.433000767 16.6244442399 16.6811084556 277.353901961 288.065520438 294.427602762 300.10524205 234.501218889 19160.3467657 19271.9772705 19276.6097517 19294.3809712 19313.9204822 19320.5632028 1.69097526912 26.1650902853 4201.70203022 3.7487115923 1.92760432684 1.95766796128 1.93890692713 3.51050961189 3.9016864075 2.26875859278 3.66261548945 3.64098100069
-9999.0 -9999.0 -9999.0 -9999.0 -9999.0 -9999.0 -9999.0 -9999.0 -9999.0 -9999.0 -9999.0 -9999.0 -9999.0 -9999.0 -9999.0 -9999.0 47.9363281811 64.871901515 115.054993647 155.608741043 22.1117538033 310.34693418 336.002183912 360.950747411 23.8166821087 46.9046147381 20.4874905125 155.500431211 167.298836222 186.465756279 207.221776559 254.28114108 262.573847757 5.26592120953 214.161482252 224.826532531 229.496749101 251.836729917 27.4606114772 17.004927872 10.3750994385 9.37770883994 19332.5561433 19334.6558583 19370.9031866 4202.93398669 10.3678294801 5.44077067757 3.57589387855 1.30008433038 11.6860077914 6.48498943876 2.05195953859 11.8359180928 10.114293999
-9999.0 -9999.0 -9999.0 -9999.0 -9999.0 -9999.0 -9999.0 -9999.0 -9999.0 -9999.0 -9999.0 -9999.0 -9999.0 -9999.0 -9999.0 -9999.0 17.1383593026 81.650817234 99.3763999345 23.8681678187 27.8497787224 55.7072290638 81.2395997296 467.379043182 23.5930991906 94.7060343129 115.736333678 136.334379496 13.2083612895 30.504659932 41.4438208609 171.662354756 193.269993436 197.939257988 5.64907646134 5.48280233515 6.71118029492 12.50229977 5.92654128097 6.3547869736 5.33918997301 6.98279169935 2.68859118765 8.72813910157 19373.3271958 23582.0772097 17.8718779331 4.57045817999 1.58122795565 38.1816175706 35.3296552006 21.6262094955 19.6038490353 14.8796716399 3.64369438985
-9999.0 -9999.0 -9999.0 -9999.0 -9999.0 -9999.0 -9999.0 -9999.0 -9999.0 -9999.0 -9999.0 -9999.0 -9999.0 -9999.0 -9999.0 14.4050829669 46.9601957365 15.4538821936 28.1207789 30.2360945558 58.1621642736 85.7627267506 108.34085764 591.774847798 614.595928293 23.4195441751 44.6188749845 66.0927989583 80.6143886224 98.2212043834 155.303704194 165.786070707 15.4535384192 9.77796541426 4.82604307433 3.87579420169 9.87513032749 9.35228947136 10.8416531085 12.1224477254 23.7015900355 9.34421030418 2.10381899783 2.00106209415 2.12297632389 3.97968555461 23714.3485579 111.27656657 44.5713165652 3.14286159859 1.47377111675 1.11971333459 4.60442041385 3.35612854629 1.82777637477
-9999.0 -9999.0 -9999.0 -9999.0 -9999.0 -9999.0 -9999.0 -9999.0 -9999.0 -9999.0 -9999.0 -9999.0 -9999.0 -9999.0 15.228198279 29.2809127473 105.689953943 14.7844597957 50.3289104469 80.2541419223 108.387734483 28.2542796556 53.2778497703 73.0242567938 702.394148885 22.4354588874 42.6753017269 63.3640070198 18.7721879738 37.4688210784 52.5627828163 63.4759765181 1357.6031365 1378.9868302 1397.62288992 1466.69857994 1483.59024523 1527.15170239 22.6991354443 46.5197206174 29.8689986242 1662.39169488 1666.53572391 1.83205931366 3.38898783204 4.86509368904 23715.4801823 104.177732326 50.5033955995 48.4674699495 34.1765378866 29.0974948686 6.07857532617 1.3524846901 2.96803143312
-9999.0 -9999.0 -9999.0 -9999.0 -9999.0 -9999.0 -9999.0 -9999.0 -9999.0 -9999.0 -9999.0 -9999.0 -9999.0 -9999.0 15.503699707 46.8474203853 167.784478573 247.032433657 13.0540149972 323.516480994 447.752637726 26.8696342755 51.67873075 73.0116248681 907.326480287 923.481304211 17.8580677221 99.5763583803 116.014171929 132.419927128 1228.30310388 1266.22931049 1283.02462583 7.65864575576 47.2585779981 55.5093962407 18.9359417792 26.846733244 1564.0676385 1620.57140428 1625.58519848 1630.19265756 1671.0855374 2.21744557149 1.86700417499 8.16207092111 23716.986974 6.84122109527 6.5471426564 12.7553763272 3.68323473942 26.6345061791 19.6836318145 11.6795050509 8.61406500247
-9999.0 -9999.0 -9999.0 -9999.0 -9999.0 -9999.0 -9999.0 -9999.0 -9999.0 -9999.0 -9999.0 -9999.0 -9999.0 -9999.0 -9999.0 -9999.0 32.4225947831 65.1347264343 292.195042623 308.437350223 461.844565734 477.782930915 25.9242631444 51.7310665788 119.248953633 936.548986936 972.322416474 986.496995205 10.7847120084 1039.79131061 1080.63942961 23.6280400124 7.77741003502 15.5276648073 29.4399725212 6.61428482191 12.5448803036 27.154827758 32.7606263588 5.64678862087 3.47673721468 6.69187720135 1704.31277502 1715.35342483 1716.92868246 1729.87281217 23718.3034707 5.00894375765 5.58535231588 2.62188251262 2.65254646327 2.72128797686 2.36448521486 4.43477188209 1.05241714354
-9999.0 -9999.0 -9999.0 -9999.0 -9999.0 -9999.0 -9999.0 -9999.0 -9999.0 -9999.0 -9999.0 -9999.0 -9999.0 -9999.0 -9999.0 -9999.0 16.8954583937 16.52850711 16.1848784898 33.1911327033 14.2151902675 506.021252376 520.387763591 23.0192642181 46.5154356804 23.1096511652 17.5944690133 17.0492687587 1017.85010411 14.4115766001 28.6518971638 12.3559214358 8.73970272659 7.32970527448 5.28753744901 5.52582765732 16.4950893991 22.6038036836 4.00807656368 3.4296686201 7.31461276074 12.2189427422 17.2258767825 5.78457863559 1719.99562227 1731.55244696 23719.1901736 17.1960444658 10.5138939383 1.65115760049 4.04188955191 1.41811811749 1.08960065845 5.615637907 5.65390673352
-9999.0 -9999.0 -9999.0 -9999.0 -9999.0 -9999.0 -9999.0 -9999.0 -9999.0 -9999.0 -9999.0 -9999.0 -9999.0 -9999.0 -9999.0 -9999.0 -9999.0 -9999.0 16.2636736217 48.0294701368 60.971367398 74.7326291647 533.686310089 547.145733567 560.651078588 577.577552657 594.266668521 628.901728447 642.428045719 656.215943799 666.584065918 8.09171272222 7.24196584814 7.43716623058 24.1003219357 6.22188946147 5.67094011268 4.37154750561 12.2403800974 4.65119877289 3.40713164267 3.14886172827 2.55424345882 5.09760868548 7.29875638913 1746.54203381 25483.9399238 1.59018463232 2.84928282554 1.40462224109 7.54581927016 7.7532973457 2.19052212032 15.9883570396 9.61689712612
-9999.0 -9999.0 -9999.0 -9999.0 -9999.0 -9999.0 -9999.0 -9999.0 -9999.0 -9999.0 -9999.0 -9999.0 -9999.0 -9999.0 -9999.0 -9999.0 -9999.0 -9999.0 -9999.0 13.5414899862 107.158580964 210.964543326 225.294647819 21.2411090312 44.0084175294 67.885641517 88.2010998298 218.53747769 228.031701477 9.0424257789 8.4678946004 688.938037433 705.458047378 711.959843217 28.4711452643 3.61771597707 9.11725647243 13.3904092124 39.7687975291 48.5899510984 55.1554592156 6.00751748036 8.34092853217 2.78042516748 5.54728227162 2.73900991572 25488.4523806 1.22052630872 5.38682684308 2.55596523014 11.2687260288 28.6890835849 31.6019378717 48.3866556729 12.1359913966
-9999.0 -9999.0 -9999.0 -9999.0 -9999.0 -9999.0 -9999.0 -9999.0 -9999.0 -9999.0 -9999.0 -9999.0 -9999.0 -9999.0 -9999.0 -9999.0 -9999.0 -9999.0 15.0906436885 48.0919379604 93.9754521781 122.615777211 312.823210714 330.395268855 48.8836310649 72.8630706572 93.4397343194 113.767136404 239.979988133 259.311897369 471.851587147 488.696419722 500.418103178 717.973337238 759.647158732 8.88941213237 5.99927256413 5.61032941097 10.3736164412 4.54033490941 63.8626897678 67.0135229311 11.2748401497 17.5095966914 7.31591229953 5052.0763035 5058.02593069 30548.7190754 30555.597995 1.51373480964 14.4079698889 5.49263515859 3.22827265078 56.0374950281 69.6592587515
-9999.0 -9999.0 -9999.0 -9999.0 -9999.0 -9999.0 -9999.0 -9999.0 -9999.0 -9999.0 -9999.0 -9999.0 -9999.0 -9999.0 -9999.0 -9999.0 -9999.0 -9999.0 -9999.0 17.1976156968 16.6346887888 31.42663385 74.2986693145 344.166611838 24.9739347921 24.6533062213 45.0352320041 65.9026441843 165.724815339 182.505616472 11.974094498 10.3589955336 509.659116431 516.438951106 1286.80823267 1295.1438296 3.03669952102 2.66701997518 2.14844588581 2.16860546889 2.40740149661 4983.20062687 5002.85220444 5023.22481914 5034.73635846 5046.85559585 3.16049312042 11.7606644441 13.7207636456 30573.1580146 30573.7979745 30574.2165846 30577.1823529 30581.3688562 76.7691932176
-9999.0 -9999.0 -9999.0 -9999.0 -9999.0 -9999.0 -9999.0 -9999.0 -9999.0 -9999.0 -9999.0 -9999.0 -9999.0 -9999.0 -9999.0 -9999.0 -9999.0 -9999.0 -9999.0 -9999.0 15.2482972063 15.9665192947 29.4629323162 401.540844865 416.321288161 24.3540852927 44.7281830263 65.887443214 84.4752596188 17.2913631608 30.9248044455 1022.26882113 1030.28291054 1041.66382284 1099.06747369 2399.69648627 4852.91742197 4860.6267022 4867.259824 4873.66668833 4903.47339544 4913.0094459 17.0576552442 7.5015692619 4.34808178917 8.14066835122 5.93351440427 9.33366526564 2.75475583049 74.5649451782 83.830503696 89.9872166014 90.8864807371 30582.0743747 30661.1579605
-9999.0 -9999.0 -9999.0 -9999.0 -9999.0 -9999.0 -9999.0 -9999.0 -9999.0 -9999.0 -9999.0 -9999.0 -9999.0 -9999.0 -9999.0 -9999.0 -9999.0 -9999.0 -9999.0 -9999.0 -9999.0 15.5335491064 29.6276084262 43.79502789 428.028393202 16.825204158 590.995793567 612.88039471 631.166606756 646.724222534 964.376623133 978.595714561 7.52719889047 43.6519681155 51.4964888182 7.33129763112 2445.79072737 2432.69933293 3.89596014621 8.96339644599 24.0784274887 5.34743734009 5.52718442848 3.91283700231 3.24500769504 2.54411830131 2.89263341434 65.551284625 68.4706631655 72.2930985004 7.65626341417 4.94876251608 92.6998817866 93.8348983851 94.5290677425
-9999.0 -9999.0 -9999.0 -9999.0 -9999.0 -9999.0 -9999.0 -9999.0 -9999.0 -9999.0 -9999.0 -9999.0 -9999.0 -9999.0 -9999.0 -9999.0 -9999.0 -9999.0 -9999.0 -9999.0 -9999.0 14.1389803518 13.1422713107 68.2600840307 523.716785797 554.17626414 570.585538221 21.9713839901 274.666639731 292.43200825 300.610091906 13.1101240024 22.1933610161 29.4144960841 583.807875352 589.439670948 594.135279003 2424.24685964 1441.70910822 4.91025981404 5.13572064648 4.92942478238 3.76775293279 41.6194358389 49.0120248568 55.5019206401 59.0312040904 62.4230404508 578.169151074 581.396798321 587.529304363 599.152242066 630.601304732 631.568976689 727.032230503
-9999.0 -9999.0 -9999.0 -9999.0 -9999.0 -9999.0 -9999.0 -9999.0 -9999.0 -9999.0 -9999.0 -9999.0 -9999.0 -9999.0 -9999.0 -9999.0 -9999.0 -9999.0 -9999.0 -9999.0 -9999.0 -9999.0 27.5422424373 42.0007199572 14.9478278675 24.894809683 195.72064099 218.526201388 234.788352067 119.119436595 135.303139425 151.408981662 160.505115256 571.067018143 579.206522082 371.953094226 972.24437175 977.941175612 1437.68906711 10.8060962588 5.47284797972 3.8159562699 29.3761724448 34.2770496293 2.78495112005 2.58001759673 566.735336469 572.975410915 575.926461302 4.70921392369 7.75193419104 626.376857179 1.65340482213 7.38545676208 8.14236183289
-9999.0 -9999.0 -9999.0 -9999.0 -9999.0 -9999.0 -9999.0 -9999.0 -9999.0 -9999.0 -9999.0 -9999.0 -9999.0 -9999.0 -9999.0 -9999.0 -9999.0 -9999.0 -9999.0 -9999.0 -9999.0 -9999.0 13.7617969706 27.2111129506 113.913674558 129.43366471 148.717974627 85.4237007653 102.746870117 16.7636032543 375.298941897 389.823258631 402.592051817 9.48174055471 356.916685294 365.386896895 5.98092957232 1409.26785523 12.385450815 6.15723247644 16.1605679655 21.652767876 4.00191702429 3.26196054558 533.090100019 561.103988374 564.760854134 3.84096394409 8.45307050735 10.5848431492 13.1345267947 23.3641788457 2.75814118826 6.11463897353 1.14616033114
-9999.0 -9999.0 -9999.0 -9999.0 -9999.0 -9999.0 -9999.0 -9999.0 -9999.0 -9999.0 -9999.0 -9999.0 -9999.0 -9999.0 -9999.0 -9999.0 -9999.0 -9999.0 -9999.0 -9999.0 -9999.0 -9999.0 13.5838984581 42.5404177591 73.5608645068 18.1904836571 41.6999439434 64.9924521078 309.190281476 328.508586471 344.268832275 14.6115143387 289.420192568 330.37596339 340.726324695 8.23175427294 1383.11677354 1397.71342229 6.74821642245 6.11955731019 11.9387319866 4.71491316751 511.382749067 519.47263788 524.2570875 18.2401981644 22.2811910383 3.49425828253 6.16297238084 2.69174091972 18.9756244457 2.70824414658 1.65433045568 1.69645611047 1.71635393258
-9999.0 -9999.0 -9999.0 -9999.0 -9999.0 -9999.0 -9999.0 -9999.0 -9999.0 -9999.0 -9999.0 -9999.0 -9999.0 -9999.0 -9999.0 -9999.0 -9999.0 -9999.0 -9999.0 -9999.0 -9999.0 -9999.0 -9999.0 14.766163227 16.1648184132 21.7015135748 203.134379721 225.871675851 290.315258523 19.0873381973 225.329084454 262.125536195 14.5997464877 29.2544308473 10.2488858937 1358.25750073 10.1002173313 24.4535040445 29.6953596365 36.6858245797 480.115290081 498.08715939 503.318096676 5.32226578226 9.82227641552 13.8592844577 2.41532050068 2.16983265985 1270.1635406 1272.28341254 1273.97898865 1292.02851014 1294.13346086 1296.4302131 1297.80481317
