data/baseflow/mHMbf_acc264.asc
ncols                  80
nrows                 72
xllcorner      4374000.0
yllcorner      5656000.0
cellsize            500
NODATA_value       -9999
[rows 0 to 23 of 72, columns 0 to 54 of 80]
-9999.0 -9999.0 -9999.0 -9999.0 -9999.0 -9999.0 -9999.0 -9999.0 -9999.0 -9999.0 -9999.0 -9999.0 5.17836124373 8.97107516906 -9999.0 -9999.0 -9999.0 -9999.0 -9999.0 -9999.0 -9999.0 -9999.0 -9999.0 -9999.0 -9999.0 -9999.0 -9999.0 -9999.0 -9999.0 -9999.0 -9999.0 -9999.0 -9999.0 -9999.0 -9999.0 -9999.0 -9999.0 -9999.0 -9999.0 -9999.0 -9999.0 -9999.0 -9999.0 -9999.0 -9999.0 -9999.0 -9999.0 -9999.0 -9999.0 -9999.0 -9999.0 -9999.0 -9999.0 -9999.0 -9999.0
-9999.0 -9999.0 -9999.0 -9999.0 -9999.0 -9999.0 -9999.0 -9999.0 -9999.0 -9999.0 -9999.0 -9999.0 10.0645689516 31.3323385708 7.13405715194 -9999.0 9.3483297582 -9999.0 -9999.0 -9999.0 -9999.0 -9999.0 -9999.0 -9999.0 -9999.0 -9999.0 -9999.0 -9999.0 -9999.0 -9999.0 -9999.0 -9999.0 -9999.0 -9999.0 -9999.0 -9999.0 -9999.0 -9999.0 -9999.0 -9999.0 -9999.0 -9999.0 -9999.0 -9999.0 -9999.0 -9999.0 -9999.0 -9999.0 -9999.0 -9999.0 -9999.0 -9999.0 -9999.0 -9999.0 -9999.0
-9999.0 -9999.0 -9999.0 -9999.0 -9999.0 -9999.0 -9999.0 -9999.0 -9999.0 -9999.0 4.52472393183 3.99273141587 4.37216145786 4.40675991995 39.052474885 43.8635796686 25.4240813925 8.21921361125 -9999.0 -9999.0 -9999.0 -9999.0 -9999.0 -9999.0 -9999.0 -9999.0 -9999.0 -9999.0 -9999.0 -9999.0 -9999.0 -9999.0 -9999.0 -9999.0 -9999.0 -9999.0 -9999.0 -9999.0 -9999.0 -9999.0 -9999.0 -9999.0 -9999.0 -9999.0 -9999.0 -9999.0 -9999.0 -9999.0 -9999.0 -9999.0 -9999.0 -9999.0 -9999.0 -9999.0 -9999.0
-9999.0 -9999.0 -9999.0 -9999.0 -9999.0 -9999.0 -9999.0 -9999.0 -9999.0 3.97483556223 8.65452095538 17.0759777592 8.24098531391 3.92040327797 7.91244130332 47.3168352854 87.1430266039 7.84281593736 -9999.0 4.13111799398 -9999.0 -9999.0 -9999.0 -9999.0 17.200317261 9.14366400439 -9999.0 -9999.0 -9999.0 -9999.0 -9999.0 -9999.0 -9999.0 -9999.0 -9999.0 -9999.0 -9999.0 -9999.0 -9999.0 -9999.0 -9999.0 -9999.0 -9999.0 -9999.0 -9999.0 -9999.0 -9999.0 -9999.0 -9999.0 -9999.0 -9999.0 -9999.0 -9999.0 -9999.0 -9999.0
-9999.0 -9999.0 -9999.0 -9999.0 -9999.0 -9999.0 -9999.0 -9999.0 5.13758729156 13.5830205177 17.4167910694 21.4456018963 29.3982507609 3.85324169335 15.3308061778 18.8970962443 114.080070806 2.90201224172 2.29558424111 7.49016349193 10.6682442621 3.38174558074 -9999.0 39.1205594305 32.1743730751 7.40337895002 -9999.0 -9999.0 -9999.0 -9999.0 -9999.0 -9999.0 -9999.0 -9999.0 -9999.0 -9999.0 -9999.0 -9999.0 -9999.0 -9999.0 -9999.0 -9999.0 -9999.0 -9999.0 -9999.0 -9999.0 -9999.0 -9999.0 -9999.0 -9999.0 -9999.0 -9999.0 -9999.0 -9999.0 -9999.0
-9999.0 -9999.0 -9999.0 -9999.0 -9999.0 -9999.0 4.93177628796 4.02081079609 3.90741479954 4.06306327269 4.30431781707 30.4050970549 64.1923869384 68.4192605651 71.7421533554 3.36658090502 120.484246838 123.195071533 5.57521298051 3.34749860399 13.7710549265 23.6747025743 2.94528896063 48.0144457654 2.39822914571 2.61161759212 2.44679143267 -9999.0 -9999.0 -9999.0 -9999.0 -9999.0 -9999.0 -9999.0 -9999.0 -9999.0 -9999.0 -9999.0 -9999.0 -9999.0 -9999.0 -9999.0 -9999.0 -9999.0 -9999.0 -9999.0 -9999.0 -9999.0 -9999.0 -9999.0 -9999.0 -9999.0 -9999.0 -9999.0 -9999.0
-9999.0 -9999.0 -9999.0 -9999.0 -9999.0 -9999.0 10.2391768806 14.9226716984 33.0394405153 44.6886299045 3.55137473412 4.09471293684 3.85705429607 10.4901747411 85.1964221643 2.97161849117 126.178645915 138.008014878 8.53199444212 6.20590588417 26.5425030879 3.2177985032 51.0261021832 4.67041065158 2.11346830927 4.60045499895 4.90847324004 3.0813792205 3.38866683587 3.22847576896 3.57545209665 7.11903079605 -9999.0 -9999.0 -9999.0 -9999.0 -9999.0 -9999.0 -9999.0 -9999.0 -9999.0 -9999.0 -9999.0 -9999.0 -9999.0 -9999.0 -9999.0 -9999.0 -9999.0 -9999.0 -9999.0 -9999.0 -9999.0 -9999.0 -9999.0
-9999.0 -9999.0 -9999.0 -9999.0 -9999.0 6.24644384025 11.7624567688 5.53174649189 10.3343666827 49.6079468693 57.6729126465 65.9197829637 237.376362179 3.43451973097 88.5288797631 359.300111445 362.473882861 507.157815214 3.30293187248 9.06079109486 29.4233926242 2.83903519374 78.8373547477 24.9096400586 14.2482609221 11.9244022871 2.34120466395 9.03978731944 9.73931626474 6.4568242892 3.03376152485 10.2792894224 2.91128765212 2.82572767123 -9999.0 -9999.0 -9999.0 -9999.0 -9999.0 -9999.0 -9999.0 -9999.0 -9999.0 -9999.0 -9999.0 -9999.0 -9999.0 -9999.0 -9999.0 -9999.0 -9999.0 -9999.0 -9999.0 -9999.0 -9999.0
-9999.0 -9999.0 -9999.0 -9999.0 -9999.0 6.37836680134 18.2650960816 35.9860997907 41.3113287093 81.9945044762 86.783827819 102.306028961 168.102682783 252.501691319 260.880240165 264.461103349 5.79618892678 519.347071083 526.218774116 541.798062397 661.574569253 87.6295416536 81.9453100829 17.271560426 2.85713066836 15.6777103883 11.0493777321 1.93915278755 12.4304021655 2.77859078572 5.73673624543 15.8952443385 18.7485137786 5.5962529921 2.55183344054 2.66028295346 -9999.0 -9999.0 -9999.0 -9999.0 6.83072259981 6.87797785238 -9999.0 -9999.0 -9999.0 -9999.0 -9999.0 -9999.0 -9999.0 -9999.0 -9999.0 -9999.0 -9999.0 -9999.0 -9999.0
-9999.0 -9999.0 -9999.0 -9999.0 -9999.0 5.96573741188 5.61273333145 24.2405113544 29.7934341263 35.6536091772 5.35271755386 10.4921282893 61.0519118 10.7145626149 4.67959769234 3.55417813943 2.86786968115 3.55069854098 3.37190542614 3.62144163613 664.573761858 673.035904257 2.72956232926 8.34856166384 5.6872599317 17.984411776 3.94519094966 1.77825889877 14.9788344476 5.51364091316 14.3359238403 32.3267484249 29.4946718301 7.92926344978 7.28858146097 2.80590848457 2.7924950923 -9999.0 -9999.0 2.83268451378 11.7744600207 33.0005928066 7.22133419437 -9999.0 -9999.0 -9999.0 -9999.0 -9999.0 -9999.0 -9999.0 -9999.0 -9999.0 -9999.0 -9999.0 -9999.0
-9999.0 -9999.0 -9999.0 -9999.0 -9999.0 -9999.0 6.66860136636 6.61848222989 11.9661368497 17.7576917487 40.2917610119 51.1233728747 56.5426184447 5.66134689518 3.50030590275 51.4128480846 61.765936224 64.7612347551 78.9705631362 82.037712373 2.97255742412 676.050844788 689.877248891 10.9923000609 2.34776517651 20.328007537 44.4662505925 18.5174210774 4.50381649923 2.46430036248 51.5767759394 34.8916481135 2.01115979765 2.09091509748 9.41761351373 8.26002076886 2.23509280251 1.8339902984 2.80209499486 5.55588012441 2.71110360971 39.764544003 41.8673518669 1.69478486605 -9999.0 -9999.0 -9999.0 -9999.0 2.15887313458 1.97028405127 2.28047712558 -9999.0 -9999.0 -9999.0 -9999.0
-9999.0 -9999.0 -9999.0 -9999.0 -9999.0 -9999.0 -9999.0 5.92963726009 5.36429399142 11.6032572363 17.5280770755 5.43918221656 4.21922053536 28.6669168532 36.363871911 44.6219215978 3.71298620379 7.68633632143 3.77054259464 85.3387464569 195.538075759 201.477975824 897.921108684 2.72074898142 6.61534768379 2.06688043804 46.2672842462 2.12678832085 6.98471060205 2.26113915671 53.6432875197 55.7729143798 4.11122730939 4.29043453058 25.3112622745 13.190223209 4.06333524177 2.24073358654 5.56642529115 8.27785177985 13.2277739364 1.94235906917 44.8954901507 46.1125337097 1.10507269216 1.24188492209 1.30551391821 1.12058125931 1.07237576669 5.48779848991 4.18706034679 2.03794865495 -9999.0 -9999.0 -9999.0
-9999.0 -9999.0 -9999.0 -9999.0 -9999.0 -9999.0 -9999.0 -9999.0 11.4766842376 16.3076217052 5.30997565806 11.0695644907 15.8046899173 25.1208946756 4.63823125394 4.45236158216 3.6225604347 3.65034726934 3.10046468233 103.622718108 3.74568532978 7.1518924257 910.615422127 914.781048476 0.83500795769 8.33648416328 56.1123020763 4.47779841883 8.86830744125 3.80803265697 5.56722347269 63.4391738334 5.96544494084 35.6654679787 29.6811026496 2.36094446596 11.4482010954 4.85452746145 8.12098048615 2.43873609039 15.0701894463 18.3524800455 19.413680558 20.394507947 50.3155889327 2.14475089069 2.29444270131 2.00771254281 1.90798387559 6.59459992434 1.38774515045 7.73063447264 9.21470066622 -9999.0 -9999.0
-9999.0 -9999.0 -9999.0 -9999.0 -9999.0 -9999.0 -9999.0 -9999.0 6.2503493447 28.5032549823 33.5574198902 5.03520668337 9.66121959648 4.60042770962 3.97669319 3.90472545831 49.032100372 62.8321099358 78.5177378616 97.0017662483 3.69390102527 3.54514532073 1.68668875419 928.663433223 934.872699531 935.984280812 73.8660848534 16.747931365 15.028426134 1.44720213051 7.15975470283 72.2360316262 1.6275731372 37.3086107541 2.34489747419 16.7841933509 14.1239898758 2.5574265865 10.6742965553 4.96490849136 7.47458716123 1.41094123365 0.932322105179 21.3573100481 22.2481083437 51.2042083798 3.27284590109 2.92074425195 2.81434373733 8.0587099411 10.8811859798 1.40894609395 10.8756074913 2.07616351571 3.9923843062
-9999.0 -9999.0 -9999.0 -9999.0 -9999.0 -9999.0 -9999.0 -9999.0 -9999.0 6.57110484244 39.1505878473 43.9371886006 14.2482930068 23.1235930338 30.801178536 34.5190094531 3.81287281456 10.4371624166 7.04611697289 3.98790227615 3.73131452941 3.10069722406 5.43537824118 7.53668823771 1.76027673422 1013.34845798 1014.15030909 0.799371122945 0.858256905583 3.43435754837 5.19257233049 77.1346441687 3.25134862725 38.659507833 25.6253787346 21.5182411403 2.41225142646 4.88978803564 12.96101535 2.28853618162 9.73732289514 3.27555932462 1.46568323384 0.624865084946 24.5131836878 76.4560060777 3.95428248352 3.62215772532 3.88702629778 1.19017126472 12.0741814682 1.15637042513 13.7267730783 1.89236606151 5.91587589925
-9999.0 -9999.0 -9999.0 -9999.0 -9999.0 -9999.0 -9999.0 -9999.0 -9999.0 -9999.0 4.72579924197 53.430777452 4.50848719472 8.74806166014 12.2080442253 18.4698871956 3.03507091906 6.39196322025 3.0868341649 2.67695378535 2.4954280334 4.81755129252 2.05821500908 1.51631224944 2.49015368547 1.27083368483 1015.5493445 1017.39643914 1020.04849053 6.18913047356 2.05211334144 4.09440797539 79.2969448756 73.5076673391 30.0832795678 2.22885643976 9.59517494733 7.2221015488 15.2540635065 4.56585648624 17.3722836019 5.30652538511 2.7321864529 0.603578552743 0.794128753878 77.4871270906 78.4344619736 86.7831283861 7.68560871912 2.48956148534 13.3843435188 15.8206605468 30.7730283509 3.50768331896 1.76814291514
-9999.0 -9999.0 -9999.0 -9999.0 -9999.0 -9999.0 -9999.0 -9999.0 -9999.0 -9999.0 -9999.0 5.06043346118 62.4811675858 3.88452233475 7.26342426047 31.533653288 2.73833082121 2.66575650751 2.42090946867 5.62824110487 3.2454220113 11.0038369031 15.1234930775 16.8607714356 3.65987625385 4.33763588399 0.775104802482 1.05815430729 1.37577073216 1029.87574439 1034.92446511 80.6601856359 76.6089756912 75.0677219336 3.17069456338 1.52994137883 11.7209712696 31.3021161985 17.460039622 6.74048802895 26.0389242538 7.41222166792 5.66163096937 1.46926392226 0.655368234978 0.419518772283 0.485750717337 90.1352046531 101.350114412 1.30634423876 1.16200665757 1.37826547524 32.3907747568 37.5264482345 3.2233466133
-9999.0 -9999.0 -9999.0 -9999.0 -9999.0 -9999.0 -9999.0 -9999.0 -9999.0 -9999.0 -9999.0 4.61533149621 71.2963508774 84.4522837028 3.53939383872 38.2123892906 2.39560810685 2.35343945225 5.657362939 14.6217925095 3.15896643167 3.39787501533 2.16368298983 20.8870742131 22.8865370633 29.4684593572 31.314280369 32.1280712985 32.8885235316 33.9561594411 1070.04384957 1152.15503901 1230.0755002 1231.08284268 0.789739094279 1.59332480686 35.5736012087 33.4514434757 2.16849211933 2.10972654948 28.0977619104 37.3898531638 1.52865330019 19.282690274 17.8767432735 4.07300469365 1.43602388591 2.56205734508 1.27411742544 103.244188301 0.925753438082 3.35006905502 4.10569503513 44.6677826379 49.3857089233
-9999.0 -9999.0 -9999.0 -9999.0 -9999.0 -9999.0 -9999.0 -9999.0 -9999.0 -9999.0 -9999.0 5.17229011103 9.50423138972 88.5748674096 95.1226434246 3.03204438967 45.0189927014 2.08647267647 6.83342614239 17.3118197908 6.08141411197 2.90248939292 5.36070059415 1.6112270135 3.43719583662 2.19722718059 2.01759130753 1.81109070548 1.51772863301 0.820161789111 0.408435704866 0.380719207179 0.49127511588 0.924459497193 1233.84103835 38.8420299861 36.7578241044 0.576801595681 5.91095716442 2.05549780911 2.48504897763 39.1670382995 63.8090647145 21.2774808765 16.2009954665 2.88911166737 0.924765504162 0.803939201158 1.70557340374 105.929643556 107.669625479 0.92239675161 0.965298433883 0.769672687491 1.2602878988
-9999.0 -9999.0 -9999.0 -9999.0 -9999.0 -9999.0 -9999.0 -9999.0 -9999.0 -9999.0 -9999.0 -9999.0 3.88797604864 57.911083236 156.917434332 167.732221199 215.531177352 219.834760158 40.2186150221 29.3860677199 9.04234505169 2.84598624147 10.8526770089 13.1614124946 18.8508188059 4.51546998787 4.17114365165 4.01029038331 7.6426384805 2.89448516738 2.39633660313 1.80913336644 1.09171741638 0.451677442423 1234.67879903 1275.22610719 1276.18831355 0.54243599544 15.884052495 8.80877330733 2.20688291978 69.9353678599 4.4366952371 2.32428738733 10.189573565 2.10802670868 1.08305891874 1.98217484448 2.81295957461 3.78318057954 109.095650248 0.661402991895 0.574525416206 0.573912122271 0.379413408648
-9999.0 -9999.0 -9999.0 -9999.0 -9999.0 -9999.0 -9999.0 -9999.0 -9999.0 -9999.0 -9999.0 4.52314543597 44.7837784865 53.718318916 7.5689372695 4.5415003629 7.97345423012 230.600462767 233.458178462 278.158530475 2.53126388682 5.34661667977 2.3191114239 2.35426906062 21.0971435973 27.8512118242 34.0173818295 1.9753845784 9.59568931744 14.4077470979 7.92610393545 3.68926612845 2.70076422499 1.98609847156 1.90475796889 0.278565168157 1276.84685473 1277.29850121 1293.90144529 3.08457916991 1.76396663647 73.008778074 5.21620969164 2.56702503514 2.84642419677 2.80763637909 2.40436984326 3.51529430411 9.92043468891 14.6656933627 124.462139969 0.491778721068 1.4925622573 1.01741029501 0.786822663445
-9999.0 -9999.0 -9999.0 -9999.0 -9999.0 -9999.0 -9999.0 -9999.0 -9999.0 -9999.0 -9999.0 4.69172584963 32.0671544864 4.6960413738 3.66827063205 21.5812364403 24.6622693689 27.6321692019 30.5384002402 367.069382629 370.033908724 375.226925801 412.704386061 419.011574639 422.250208788 424.461108684 462.913039701 468.556932363 470.571994874 487.157931022 497.239311572 499.104876017 505.439881484 3.79337659361 3.47467138349 0.339031201832 0.117348831181 1277.68635452 1298.0681793 3.81346334547 87.4803088463 85.8154734745 9.06398451252 2.08325839299 2.08902872976 1.98691849644 2.02352253332 4.00774858409 5.43548294405 1.19892549757 125.117835464 125.824189541 128.938760898 129.510198051 130.83619991
-9999.0 -9999.0 -9999.0 -9999.0 -9999.0 -9999.0 -9999.0 -9999.0 -9999.0 -9999.0 -9999.0 16.8884579827 22.1923623831 9.52122527366 13.6698495509 4.02659756867 43.77883506 46.6405859223 52.5238067847 55.4688310964 18.5535519801 399.81540329 402.678056776 1.52157719454 0.943017292528 0.943916361711 2.03505537389 1.20612698575 1.11782350133 1.23602352052 1.26380557105 500.970430295 507.309455585 513.128539652 518.362169937 519.206359657 0.23340827203 0.0631253839285 1388.19128343 89.7881674002 89.3002818845 2.01973461485 1.43250835562 1.23082675864 3.39906219866 3.28397145888 1.62954671593 1.64653622932 1.62316732958 2.83018162246 3.54244704417 0.480220447103 0.902435118361 0.31365349781 0.273099659672
-9999.0 -9999.0 -9999.0 -9999.0 -9999.0 -9999.0 -9999.0 -9999.0 -9999.0 -9999.0 -9999.0 -9999.0 11.4032036155 5.16491511245 4.35668787016 38.0367456671 40.9493324022 3.09834075587 10.8618872076 13.7723940929 16.0119591967 3.02962679779 1.35354539349 49.0031465114 49.9667355971 50.878500446 137.16906628 137.901139153 139.691733451 147.47172527 152.759791679 153.654673767 1.49257278014 1.55246862067 1.34049743462 520.055113096 0.177070627825 1401.39948977 1400.73607135 12.3141783063 11.7319424981 7.11884161809 1.7344583804 2.46507508392 4.66867464766 4.54916118776 3.08859003451 1.57565145691 3.14347451285 3.44932153067 5.16746213711 1.29338806655 1.87119240881 2.89639595082 3.50522026442
