data/baseflow/mHMbf_acc481.asc
ncols                  80
nrows                 72
xllcorner      4374000.0
yllcorner      5656000.0
cellsize            500
NODATA_value       -9999
[rows 0 to 24 of 72, columns 0 to 54 of 80]
-9999.0 -9999.0 -9999.0 -9999.0 -9999.0 -9999.0 -9999.0 -9999.0 -9999.0 -9999.0 -9999.0 -9999.0 29.2245064266 21.5991361803 -9999.0 -9999.0 -9999.0 -9999.0 -9999.0 -9999.0 -9999.0 -9999.0 -9999.0 -9999.0 -9999.0 -9999.0 -9999.0 -9999.0 -9999.0 -9999.0 -9999.0 -9999.0 -9999.0 -9999.0 -9999.0 -9999.0 -9999.0 -9999.0 -9999.0 -9999.0 -9999.0 -9999.0 -9999.0 -9999.0 -9999.0 -9999.0 -9999.0 -9999.0 -9999.0 -9999.0 -9999.0 -9999.0 -9999.0 -9999.0 -9999.0
-9999.0 -9999.0 -9999.0 -9999.0 -9999.0 -9999.0 -9999.0 -9999.0 -9999.0 -9999.0 -9999.0 -9999.0 59.2841564761 122.902668381 18.3226349681 -9999.0 14.4277313804 -9999.0 -9999.0 -9999.0 -9999.0 -9999.0 -9999.0 -9999.0 -9999.0 -9999.0 -9999.0 -9999.0 -9999.0 -9999.0 -9999.0 -9999.0 -9999.0 -9999.0 -9999.0 -9999.0 -9999.0 -9999.0 -9999.0 -9999.0 -9999.0 -9999.0 -9999.0 -9999.0 -9999.0 -9999.0 -9999.0 -9999.0 -9999.0 -9999.0 -9999.0 -9999.0 -9999.0 -9999.0 -9999.0
-9999.0 -9999.0 -9999.0 -9999.0 -9999.0 -9999.0 -9999.0 -9999.0 -9999.0 -9999.0 29.9578993863 28.9474952199 29.8946816471 28.6615194585 178.559860415 199.002042279 40.6645358834 12.9301341127 -9999.0 -9999.0 -9999.0 -9999.0 -9999.0 -9999.0 -9999.0 -9999.0 -9999.0 -9999.0 -9999.0 -9999.0 -9999.0 -9999.0 -9999.0 -9999.0 -9999.0 -9999.0 -9999.0 -9999.0 -9999.0 -9999.0 -9999.0 -9999.0 -9999.0 -9999.0 -9999.0 -9999.0 -9999.0 -9999.0 -9999.0 -9999.0 -9999.0 -9999.0 -9999.0 -9999.0 -9999.0
-9999.0 -9999.0 -9999.0 -9999.0 -9999.0 -9999.0 -9999.0 -9999.0 -9999.0 29.1356259312 58.767583072 116.408628555 57.7229635516 28.1195480877 55.8436277419 226.540284874 300.25837808 15.577382498 -9999.0 29.9178667952 -9999.0 -9999.0 -9999.0 -9999.0 28.4054525434 14.2320655409 -9999.0 -9999.0 -9999.0 -9999.0 -9999.0 -9999.0 -9999.0 -9999.0 -9999.0 -9999.0 -9999.0 -9999.0 -9999.0 -9999.0 -9999.0 -9999.0 -9999.0 -9999.0 -9999.0 -9999.0 -9999.0 -9999.0 -9999.0 -9999.0 -9999.0 -9999.0 -9999.0 -9999.0 -9999.0
-9999.0 -9999.0 -9999.0 -9999.0 -9999.0 -9999.0 -9999.0 -9999.0 31.6426697027 91.059413243 119.947079087 148.892130824 202.213621245 27.6548342164 110.475472187 137.94019592 481.075842873 23.745279226 27.0999537875 57.5799045781 84.4335681197 27.7106616381 -9999.0 77.9930074593 63.6543204958 18.5074978216 -9999.0 -9999.0 -9999.0 -9999.0 -9999.0 -9999.0 -9999.0 -9999.0 -9999.0 -9999.0 -9999.0 -9999.0 -9999.0 -9999.0 -9999.0 -9999.0 -9999.0 -9999.0 -9999.0 -9999.0 -9999.0 -9999.0 -9999.0 -9999.0 -9999.0 -9999.0 -9999.0 -9999.0 -9999.0
-9999.0 -9999.0 -9999.0 -9999.0 -9999.0 -9999.0 32.026264466 29.5507430771 29.2397790751 29.4637803578 30.0112646956 208.803974141 439.819060165 468.477324265 495.169978994 26.7096548816 532.924607496 558.990948848 55.152978956 26.954102163 110.789674518 192.751012855 25.869788149 155.445894914 28.6435311747 27.2710974383 29.4159651465 -9999.0 -9999.0 -9999.0 -9999.0 -9999.0 -9999.0 -9999.0 -9999.0 -9999.0 -9999.0 -9999.0 -9999.0 -9999.0 -9999.0 -9999.0 -9999.0 -9999.0 -9999.0 -9999.0 -9999.0 -9999.0 -9999.0 -9999.0 -9999.0 -9999.0 -9999.0 -9999.0 -9999.0
-9999.0 -9999.0 -9999.0 -9999.0 -9999.0 -9999.0 63.9873649683 94.3873574423 214.259065505 301.527270597 28.1894970415 28.7162054498 27.8404467687 83.1344825925 604.36562128 25.3946268086 585.188030875 691.784513016 83.2479057447 52.5382568239 218.514125482 27.3073316979 182.607260647 54.8476615411 27.7495156928 54.4812461159 58.490226693 29.4756994801 29.1457044822 28.9020554274 29.5095085498 59.4049873838 -9999.0 -9999.0 -9999.0 -9999.0 -9999.0 -9999.0 -9999.0 -9999.0 -9999.0 -9999.0 -9999.0 -9999.0 -9999.0 -9999.0 -9999.0 -9999.0 -9999.0 -9999.0 -9999.0 -9999.0 -9999.0 -9999.0 -9999.0
-9999.0 -9999.0 -9999.0 -9999.0 -9999.0 32.6739676776 64.2028533395 31.0613444522 61.410580785 332.162390643 390.265367309 447.832645278 1405.79218445 28.0018247808 631.548230779 2245.76080103 2266.5187386 2993.62989435 22.6567113776 78.8344378499 244.521061224 25.8965805463 486.597614143 277.473652635 168.536805627 141.02173463 28.7338961375 87.2404840141 85.443360007 57.1813273019 28.0786986871 88.2927395154 28.2566718366 28.1883471905 -9999.0 -9999.0 -9999.0 -9999.0 -9999.0 -9999.0 -9999.0 -9999.0 -9999.0 -9999.0 -9999.0 -9999.0 -9999.0 -9999.0 -9999.0 -9999.0 -9999.0 -9999.0 -9999.0 -9999.0 -9999.0
-9999.0 -9999.0 -9999.0 -9999.0 -9999.0 32.9581290194 96.6169359813 192.202379665 222.831572294 443.207687425 472.932591714 564.459710569 930.63737221 1483.93738158 1538.54206995 1563.82145629 49.9893958347 3083.80218305 3131.67856048 3263.21979479 4099.69417511 565.971753188 513.990027868 195.91484502 27.0649343838 169.687238882 114.799192175 27.1252282471 112.465815984 26.5394285673 54.8368777627 144.699017494 172.514692659 56.0008496344 27.6520100773 27.8274449029 -9999.0 -9999.0 -9999.0 -9999.0 16.0842299696 13.6922801255 -9999.0 -9999.0 -9999.0 -9999.0 -9999.0 -9999.0 -9999.0 -9999.0 -9999.0 -9999.0 -9999.0 -9999.0 -9999.0
-9999.0 -9999.0 -9999.0 -9999.0 -9999.0 32.4922969516 31.4975277051 127.996954619 158.715661947 190.158878151 30.8919856376 61.5062876117 344.385453215 62.2667048244 29.8935678476 28.7153559496 26.5139577386 30.1998260732 30.0332653393 28.2409729381 4126.28477514 4205.21568175 26.1465445044 79.9945571137 54.0267533777 196.297316508 54.1723238653 26.5226986057 140.072739011 52.7313777152 126.22895307 306.494214664 283.506978603 83.6237013833 83.2343280597 27.8290140527 27.7761195863 -9999.0 -9999.0 27.358839701 36.9421285605 79.3386929806 14.4946993511 -9999.0 -9999.0 -9999.0 -9999.0 -9999.0 -9999.0 -9999.0 -9999.0 -9999.0 -9999.0 -9999.0 -9999.0
-9999.0 -9999.0 -9999.0 -9999.0 -9999.0 -9999.0 33.0367100657 32.6067868609 64.6825648537 96.3170990081 220.759660013 283.491350691 315.314949237 33.0914233604 28.4513432899 363.311528098 448.687586763 476.579344033 589.977712525 617.336257898 27.2086299027 4232.02802047 4365.19317449 106.81202217 25.9049571498 222.395173167 495.062227876 192.835933657 52.5336629623 26.1940955394 483.56896199 332.833238997 26.0316936949 26.0351187287 109.364766167 82.2110510584 26.959615059 27.2021133933 27.0862989577 54.0046961563 26.49171558 96.9267067299 122.866428061 25.2820736989 -9999.0 -9999.0 -9999.0 -9999.0 27.4379887015 26.4652370948 7.77704299642 -9999.0 -9999.0 -9999.0 -9999.0
-9999.0 -9999.0 -9999.0 -9999.0 -9999.0 -9999.0 -9999.0 33.3011771363 30.5325233134 61.9566252765 93.684473361 31.7409323333 31.6731133094 186.245738266 246.428128865 306.928292776 28.9104858657 57.8270695602 28.4094374893 644.517103531 1414.4506153 1430.68082493 5843.54872003 26.8869408674 76.8896734572 25.0040638871 520.853400499 25.9232945726 79.0397540859 26.0339665652 509.555093311 535.288992196 51.9562299176 51.6981931916 272.18659444 136.141190046 53.9260432424 27.1733657058 54.311944305 80.8234133967 133.177727991 25.9663828127 173.425937074 198.564149225 23.7850316589 24.8430753736 25.2713777607 24.0317609345 23.1574514228 77.4134553171 30.231046437 19.3062840195 -9999.0 -9999.0 -9999.0
-9999.0 -9999.0 -9999.0 -9999.0 -9999.0 -9999.0 -9999.0 -9999.0 64.0013111898 94.4055830382 31.1705638466 62.5526595355 93.1679412141 156.437007982 31.1551731493 30.7710890725 28.4903059374 29.0010534475 27.7604805334 714.810915687 28.7372156755 56.9298165066 5919.43585079 5980.0747374 35.3909277018 146.145212083 692.958845925 51.4108176987 103.588261941 50.1095068166 74.2313490227 635.917109658 76.429168642 399.734570362 323.670694198 26.1966848049 133.052458759 53.3910313034 80.2183095639 25.9163372848 159.006136505 209.920461869 233.515780499 256.427744774 290.955102375 46.4795816072 47.5546870057 45.4737186553 43.6904930186 98.5334850192 21.1094826899 70.9898643975 90.6688436219 -9999.0 -9999.0
-9999.0 -9999.0 -9999.0 -9999.0 -9999.0 -9999.0 -9999.0 -9999.0 32.2224556322 158.109068114 188.877928211 30.9284916491 61.7015447874 30.8196038966 29.998144515 29.4230626526 361.344227031 484.385458195 594.435708174 697.725629445 25.8279038013 28.460616407 32.2879089644 6107.91017447 6171.35982398 6203.62304831 935.176691492 207.778027894 180.686407317 24.4866475835 98.4054255527 758.545527102 24.2797852224 424.133019764 25.3496548873 172.479409179 159.806117805 25.9791598156 105.832688251 51.4947909091 76.6781913317 24.8538879798 22.9709378851 279.178351828 300.816255224 312.538779132 69.7484373389 67.1161215512 64.692624713 120.386265664 162.640352213 21.0007055976 110.623184316 20.7918660658 40.2453465758
-9999.0 -9999.0 -9999.0 -9999.0 -9999.0 -9999.0 -9999.0 -9999.0 -9999.0 31.8996768793 219.975205569 250.842388067 92.8751467364 154.711494693 214.870524798 245.067119619 30.4361230334 94.4323977713 62.1148240257 30.3494372019 30.7110172754 29.0473854518 58.5186469389 101.635304318 37.6712692752 7207.39102013 7243.04150828 33.9813462346 24.5489750022 49.1379870473 73.5164950261 830.757884879 48.0872103057 447.369409002 268.574624412 220.039515116 25.5034185778 51.1772830808 130.505653772 24.5001331784 100.642784965 48.4698888705 43.9625881912 22.8342172012 367.547399493 699.890433698 88.3465552378 85.9122080215 83.7053959542 18.9879919749 181.349853469 18.4565413807 149.857078022 19.3741555995 59.6288678837
-9999.0 -9999.0 -9999.0 -9999.0 -9999.0 -9999.0 -9999.0 -9999.0 -9999.0 -9999.0 30.2551156852 311.872013027 31.1859421314 62.2414922226 91.9587748269 152.926798033 31.6257603676 64.3989702041 31.9896691193 31.278911362 29.7804101299 58.9940435457 28.0374778001 31.6212586942 68.3123422045 38.2899370505 7275.09657786 7341.21587095 7434.92938809 99.7253557654 24.6581930532 49.0797422579 855.335552552 836.335015137 318.143577491 24.7124124197 101.454135172 76.3010817869 155.248005786 49.1718860174 196.948850758 72.1662406331 65.8407810011 23.1737842169 23.035132024 722.972230077 744.188407899 938.080987812 142.710613436 39.1703324753 201.288999293 239.00239449 406.681526476 38.1405526543 18.2036789403
-9999.0 -9999.0 -9999.0 -9999.0 -9999.0 -9999.0 -9999.0 -9999.0 -9999.0 -9999.0 -9999.0 17.0683836785 350.979192783 31.613111816 61.15636365 274.862883733 31.5623692629 31.6463707391 29.1691306342 60.850174667 28.8575642295 116.573624647 172.375713092 199.301892079 95.0375457982 125.563111826 35.0624717852 38.1534150155 33.8815567615 7589.47874188 7668.44346848 878.879181877 882.967273265 859.778320576 47.3648459204 23.2863146679 125.102124868 327.756837227 179.08621094 73.0087378117 292.875085654 154.89145899 132.533402929 44.9207134307 21.3132181972 20.8734763681 19.8105058857 1025.3041221 1229.26719319 19.2529878483 17.7532234991 18.7446006789 425.340491 481.650850319 35.0551672441
-9999.0 -9999.0 -9999.0 -9999.0 -9999.0 -9999.0 -9999.0 -9999.0 -9999.0 -9999.0 -9999.0 16.166660976 390.84402891 482.12420417 29.4878151373 333.674540733 29.7267222487 29.2179845621 57.6156406174 147.067589769 28.6973730481 29.4725564293 27.5076380086 254.659163687 281.620793412 434.568374503 496.867345092 527.910366151 561.783612998 594.379530059 8294.01383032 9237.03210141 10179.7124133 10202.7222849 24.5974977969 23.1951799183 375.023931065 351.626990745 23.4066703253 23.5891220889 317.109581815 494.962327779 21.1297104181 279.11542161 257.914720903 90.5789926363 43.0026535213 66.5271430697 22.7008832281 1270.39514705 20.859224787 56.760592214 73.9039291136 615.809624444 669.330213257
-9999.0 -9999.0 -9999.0 -9999.0 -9999.0 -9999.0 -9999.0 -9999.0 -9999.0 -9999.0 -9999.0 31.6291990397 61.7542652632 511.956786134 569.003849009 28.6682137184 384.819871028 27.3342306954 83.4892826308 174.461000292 56.2502062302 27.5180693551 55.9393471004 26.1870041301 51.317866412 25.4103209355 25.3109689868 24.6458281086 24.2850016163 25.1872969877 28.0719019431 33.8688888158 36.9421934197 36.2163330278 10289.1855816 488.501254989 431.719504284 26.7440649921 69.1189654877 17.5066040101 15.8558602235 517.092272887 862.506354208 302.267073459 215.113398892 47.2194731713 23.0361108779 22.2616660904 42.7978199254 1334.11072391 1374.12284311 20.480320205 20.5063214208 20.7454966414 19.3988660867
-9999.0 -9999.0 -9999.0 -9999.0 -9999.0 -9999.0 -9999.0 -9999.0 -9999.0 -9999.0 -9999.0 -9999.0 30.1467102761 380.357326724 978.691973552 1067.37294084 1478.56015994 1499.64272732 390.207329168 286.354789287 84.2818865404 27.3440023796 110.083730151 136.490242834 213.368604899 51.5041894683 51.0585548653 50.6143900953 100.343166914 50.4008827911 52.7344671947 24.3094302145 24.1867002708 27.2704880709 10316.3385441 10820.2681477 10850.6576405 28.415235894 202.412164504 79.084693072 23.0333237612 931.873030105 47.8772864754 24.4623349911 101.412124918 23.8822533638 21.9588901267 43.3461181609 62.1188223692 82.0077532425 1410.36764209 17.50145993 15.9003784605 15.9078455571 14.0741600819
-9999.0 -9999.0 -9999.0 -9999.0 -9999.0 -9999.0 -9999.0 -9999.0 -9999.0 -9999.0 -9999.0 31.5103569001 288.758512527 350.768491975 59.4101122775 18.6581062207 44.5466456705 1572.05750724 1594.7572555 2005.2556143 25.863583419 53.0309651059 25.6080372484 26.0115637351 239.104993736 316.317680687 392.685857713 24.7525589782 125.14208135 199.917142245 124.19633919 48.0180039579 46.5705492556 49.5176165595 52.2043133059 29.9546881774 10875.2740554 10898.7018526 11148.9306954 42.6053620994 21.8321307857 947.10466319 50.079270943 25.5117009149 26.5143923764 26.2756874782 24.3740603721 47.7614533409 136.634082393 239.834111463 1667.99641188 14.6404941582 43.5972686181 29.2680530074 26.408476935
-9999.0 -9999.0 -9999.0 -9999.0 -9999.0 -9999.0 -9999.0 -9999.0 -9999.0 -9999.0 -9999.0 32.107036167 195.767327777 31.4168193376 29.4872045454 145.128693588 172.575587007 200.966828797 228.359964189 2719.47391851 2743.42249883 2794.07112771 3163.62887651 3243.79471413 3295.782901 3321.95237682 3785.64634345 3857.33299457 3882.53928095 4108.33770992 4257.67442388 4281.38229401 4374.9340081 72.0735652783 74.1337599279 25.8032195977 27.8828579057 10923.1057301 11238.6085607 65.2157987621 1077.48751205 1058.13937596 96.9919415225 23.8183366881 24.427267905 23.990457248 23.129126354 46.4293119303 67.8340721077 21.6451079092 1685.27686464 1703.10015876 1791.90258588 1807.36831283 1848.32776616
-9999.0 -9999.0 -9999.0 -9999.0 -9999.0 -9999.0 -9999.0 -9999.0 -9999.0 -9999.0 -9999.0 99.2215825629 131.176872115 61.7681118882 92.310627569 30.2926231917 343.567978487 372.893162794 430.827934301 458.360523158 197.29053494 3032.20908451 3057.3316088 27.9021730096 26.0163991736 26.3985782332 52.7961349611 26.8386480734 24.5487662331 23.8226178976 23.3561321909 4305.97151016 4398.99123991 4491.57936558 4584.40614052 4684.58257449 52.3034459694 20.8877340535 12380.2520485 1118.36476159 1097.45937767 22.3420899929 21.0245933203 20.014877441 44.8534808622 44.5750067178 20.7879822211 20.8402728404 19.4128105952 40.8353089435 57.7563196484 15.9490116375 30.3176935341 11.631082678 11.4564135032
-9999.0 -9999.0 -9999.0 -9999.0 -9999.0 -9999.0 -9999.0 -9999.0 -9999.0 -9999.0 -9999.0 -9999.0 66.6963600931 31.429885788 30.8117381454 285.35100274 315.163536775 29.7413804129 118.002910939 145.937159562 173.766941332 29.2753997878 26.9624122157 497.554028855 523.021481806 548.428673295 1409.26719179 1434.06404628 1483.16376027 1675.37715136 1817.65386446 1840.75184251 21.9673291079 22.4583349533 19.7542709426 4720.40471817 18.8553671796 12608.5174469 12574.4645946 172.723370155 149.290920128 85.7475560435 21.1843793135 40.1663379293 65.1623766772 64.8888125647 40.7133265354 20.163988656 39.4803919644 38.7219695531 75.9361474025 12.8387469989 45.3036925819 72.1538112281 95.9441021456
-9999.0 -9999.0 -9999.0 -9999.0 -9999.0 -9999.0 -9999.0 -9999.0 -9999.0 -9999.0 -9999.0 -9999.0 34.0418369701 97.6452531712 128.886955938 224.294504044 30.2961560816 60.8676347781 90.2100875029 335.599627453 362.643166204 388.909281978 416.142658492 444.918288942 694.798749817 780.859142483 836.754265224 26.7975651076 141.640711376 168.410826171 1748.49761783 1866.1202167 1912.88179659 1959.61147123 2005.33875832 6743.75028882 17.019318545 12691.2075398 49.2698834672 24.2801813222 127.83037987 106.293316327 19.1468856946 59.536009519 84.3826223434 83.7899186242 58.8476551787 97.2655271346 153.878381565 56.6452528274 149.745371678 15.5066809014 28.4108075161 11.19903041 9.60877060704
