data/baseflow/mHMbf_acc310.asc
ncols                  80
nrows                 72
xllcorner      4374000.0
yllcorner      5656000.0
cellsize            500
NODATA_value       -9999
[rows 24 to 47 of 72, columns 0 to 54 of 80]
-9999.0 -9999.0 -9999.0 -9999.0 -9999.0 -9999.0 -9999.0 -9999.0 -9999.0 -9999.0 -9999.0 -9999.0 20.7932353978 56.3360636319 73.02504891 123.096245699 13.5531144863 27.7220507786 40.3029635495 161.314535418 170.410394706 176.415881123 184.543352012 194.773057627 298.14602902 326.152349289 339.849844878 4.7361579705 30.9905314649 35.2795024736 618.554923126 630.751226914 636.31018744 641.991531776 646.351191218 2524.16461672 3.57748362523 5303.97795629 5.14134034215 2.10096846029 31.2941920454 27.9485826019 3.06603618206 15.1517524595 23.978206119 23.5701237241 15.1837554991 24.6248145254 38.6186733565 13.8259235292 36.1518764561 2.17129475793 3.38674715152 0.516436125118 0.391190714002
-9999.0 -9999.0 -9999.0 -9999.0 -9999.0 -9999.0 -9999.0 -9999.0 -9999.0 -9999.0 -9999.0 -9999.0 18.9208471804 37.5975659338 17.0310090935 33.9791108509 13.6989330123 111.302999139 136.443558991 149.619402455 11.3348959044 21.2326697646 232.880346141 282.279023695 289.910855336 18.9956488779 17.412699431 24.1587910898 3.49861206176 2.980544872 5.37391687379 2.49779709139 364.747349101 367.344827065 369.40799118 2528.78759198 5325.96656812 5305.88107665 3.04214675231 1.55059324699 1.33503188766 5.46783212084 4.45349085549 17.176894351 27.1481759907 55.0901997548 4.34120971232 4.2879214578 41.7150590019 44.9680850737 86.9862378672 88.8549938738 92.8409498896 93.806175317 0.828982856265
-9999.0 -9999.0 -9999.0 -9999.0 -9999.0 -9999.0 -9999.0 -9999.0 -9999.0 -9999.0 -9999.0 -9999.0 -9999.0 17.418090905 34.9422749268 52.7751599229 82.1800857195 15.5130584541 13.2354402001 103.800533663 115.176205251 214.304097999 226.466645201 32.8725506823 10.3909766323 9.1154031738 8.29275462691 346.334552528 350.76887227 354.57050026 357.314131521 362.416593463 39.3344333072 42.3142340494 414.043852391 8270.89530573 14.9502785428 11.6861178193 5.14582892182 1.39762570807 1.00481296321 8.05965216997 8.76786121588 18.8575966505 0.7897318148 56.1688542179 6.11983728582 5.91046460225 0.6595684475 0.425258966936 0.405005142803 0.669265761032 0.447501508744 94.3386565608 1386.87745218
-9999.0 -9999.0 -9999.0 -9999.0 -9999.0 -9999.0 -9999.0 -9999.0 -9999.0 -9999.0 -9999.0 -9999.0 -9999.0 -9999.0 16.3978561111 33.3960530145 48.7387782589 64.161509578 77.4830537638 91.4038136417 39.2648424535 65.5870367904 11.6588710158 10.8087143116 300.488592689 320.759349959 329.548961622 339.464655038 6.43014124432 10.8909053081 29.2564750084 33.0773084231 36.2667250138 3.83579982391 3.45773930892 8281.21113804 3.43740927929 4.46949324238 2.16049721913 5.69097721978 2.59816153137 1.63524128136 29.1419445938 30.981426877 0.852193349717 57.3242165967 63.9313096596 6.38371694018 1418.62867001 1417.58042743 1416.65554239 1414.25834159 1413.00761281 1390.57369727 1389.57753982
-9999.0 -9999.0 -9999.0 -9999.0 -9999.0 -9999.0 -9999.0 -9999.0 -9999.0 -9999.0 -9999.0 -9999.0 -9999.0 -9999.0 4.21771312775 9.43228895068 15.4804538741 144.481687587 158.208832302 14.1455344318 13.2875889098 13.207516456 255.600077123 280.184241117 11.527383773 11.7071151485 8.03157141584 34.1805410876 42.2569359029 19.4500045544 24.1214205479 212.420559307 216.856584044 227.62011989 347.385681664 8631.38371377 3.5539548308 1.6187981083 8.74254300716 7.19403676765 1.37894336923 4.58285328087 6.04985135096 32.6907220042 34.0563390127 100.275048047 64.416633575 6.82731470384 1442.54090601 11.2216976742 1415.74782954 1415.07492396 21.2690061083 1.64341191973 1.12761777947
-9999.0 -9999.0 -9999.0 -9999.0 -9999.0 -9999.0 -9999.0 -9999.0 -9999.0 -9999.0 -9999.0 -9999.0 -9999.0 -9999.0 21.8480222754 35.543163968 73.0002134037 128.556583618 172.83843998 205.264615716 218.438417723 232.012892481 244.796025745 11.7852663162 9.94577977051 19.2403839318 17.1363134334 9.1445610789 189.023551008 196.691127681 203.417125158 209.776421542 104.405163355 107.714711408 114.717495425 8633.82102976 6.83402054382 5.09013709282 15.0344075563 1.34239637685 3.69056616142 2.1676139707 1.2963531761 7.68751018776 0.978171054321 1.05668488398 1549.43887165 1448.48564005 1447.44283667 5.35955955934 10.7196083112 6.39048966725 1.09188976437 17.7404831318 4.00348080967
-9999.0 -9999.0 -9999.0 -9999.0 -9999.0 -9999.0 -9999.0 -9999.0 -9999.0 -9999.0 -9999.0 -9999.0 -9999.0 -9999.0 15.3737432184 14.162329116 27.6675957319 42.2257461545 16.7445744331 16.8882389661 30.931534555 44.4568020734 69.1256669462 81.30976984 91.3346649895 121.155979633 129.830496367 139.805842903 8.10576914126 86.6872744239 92.6398960678 97.5322557526 3.20133517193 1.41145358674 2.41158667592 8747.69898746 8749.93324965 8761.11060451 19.2200353644 2.94736951975 5.00188815389 1.17378634583 2.22358040908 8.76332166474 10.5443772797 1.839160158 1554.63684879 1.99276757022 3.01347109734 3.29669035577 2.68700547657 4.3009436018 1.69601257774 13.0474575585 9.51370255369
-9999.0 -9999.0 -9999.0 -9999.0 -9999.0 -9999.0 -9999.0 -9999.0 -9999.0 -9999.0 -9999.0 -9999.0 -9999.0 -9999.0 -9999.0 13.2240072954 26.1213810855 12.808686776 26.6373156881 166.402346286 179.613941701 192.233553468 12.2694801246 12.3198057237 22.2894048458 32.5937734115 49.1634865074 58.0145719872 63.4904094914 71.0080956985 5.29242239524 4.31574777661 103.169651396 104.915470477 106.677631033 108.956208222 90.4233441717 8860.76113209 8892.7359314 8893.77804648 8899.52638945 8904.93955732 8907.97000743 0.8542264767 11.3381862071 1555.41255344 1.95803830439 1.01674623304 1.56212609565 1.58818017544 2.5454295738 1.89045888934 1.1827347099 2.13844943349 1.7264493848
-9999.0 -9999.0 -9999.0 -9999.0 -9999.0 -9999.0 -9999.0 -9999.0 -9999.0 -9999.0 -9999.0 -9999.0 -9999.0 -9999.0 -9999.0 -9999.0 38.8770005092 52.6733891503 94.1899774787 125.35773707 16.5724271854 224.132274916 236.094082515 247.065565607 10.5526945849 20.4495257431 8.22527139834 66.9788552737 71.7068949949 79.0206030418 85.2757931039 98.9294340812 101.118752265 1.36556822153 80.800918991 85.5880719003 88.2795200946 97.3277285473 10.7259513535 6.464613786 3.40883672204 3.11702440417 8911.21993234 8912.58481396 8931.62346918 1556.16590606 5.90502026684 3.28152157638 2.30730032923 0.535444439036 6.56684905734 3.25694213259 0.970054902074 5.68333279948 4.92983768987
-9999.0 -9999.0 -9999.0 -9999.0 -9999.0 -9999.0 -9999.0 -9999.0 -9999.0 -9999.0 -9999.0 -9999.0 -9999.0 -9999.0 -9999.0 -9999.0 14.064465982 66.533808067 81.2214233321 17.1887904999 13.6570452837 28.2804878003 40.9232195555 299.588336923 10.3524757114 41.8603614032 50.6405986596 59.3127301266 4.86160115861 11.3742185101 14.2754484366 65.8750137754 72.025943971 74.6071275043 2.56292213108 2.0894640058 2.19104720427 4.07462999803 1.55967579342 1.56400716142 2.16973049216 1.6797066182 2.17907318688 6.93686465951 8933.26010668 10493.2265873 7.23008676331 1.27348682874 0.605335344253 20.0849292778 18.8486856839 11.1749709923 10.0033360486 7.32784364942 2.0665736255
-9999.0 -9999.0 -9999.0 -9999.0 -9999.0 -9999.0 -9999.0 -9999.0 -9999.0 -9999.0 -9999.0 -9999.0 -9999.0 -9999.0 -9999.0 11.5192029241 38.441961782 12.8488775287 17.0408099367 15.8187325963 29.9225511087 43.6967795351 56.4655606258 368.547164514 378.264809841 10.1544174019 18.9456086767 27.9190379811 34.0959042617 40.1221811775 57.2779877425 63.2024627418 2.84823211558 2.64570712515 1.94160059749 2.53596345407 2.2985682879 2.90269401076 2.26191440419 2.78285018645 8.57098863761 4.13844228065 2.07350476857 2.00226835956 1.4769944254 2.62977041616 10561.9053328 60.712695151 24.8584001736 3.10294745258 1.42256572934 0.865116917823 2.67363936775 1.68444224725 0.795651860606
-9999.0 -9999.0 -9999.0 -9999.0 -9999.0 -9999.0 -9999.0 -9999.0 -9999.0 -9999.0 -9999.0 -9999.0 -9999.0 -9999.0 12.2883906561 23.42679839 85.68892483 12.0536028459 33.2554382719 48.369430314 61.830561965 14.343578597 26.0086214057 39.4851250912 429.071581096 9.25701932018 17.1408124378 25.3229229363 7.09366224431 13.8316369737 16.2935565152 20.9430511142 708.303695576 714.083977121 719.084784701 747.172176537 754.174548847 772.888384154 3.59741750639 8.18131964461 10.169231025 822.672118144 826.033642858 1.76335551649 2.62740391839 3.45801428722 10563.2806691 58.5975405044 29.5079896924 27.6928012548 21.2652370355 17.869057081 3.52707161993 0.948042818185 1.49175158473
-9999.0 -9999.0 -9999.0 -9999.0 -9999.0 -9999.0 -9999.0 -9999.0 -9999.0 -9999.0 -9999.0 -9999.0 -9999.0 -9999.0 12.7083195586 38.1979946983 136.370214448 200.900287095 10.6032280438 263.917596151 338.559344595 13.0296477663 24.5191457997 37.7237336469 535.793982755 546.04429667 7.21970959247 40.0239864053 46.3977017076 51.5261647087 666.883327092 677.65086997 685.228517856 3.73801770819 20.3410805637 24.2198283945 9.91696612138 14.15494319 791.64232688 805.48132929 808.468567276 811.206967115 828.533385547 1.21110878866 0.990495457368 5.26812244315 10564.7125983 2.41729832262 1.64161321869 4.96852247819 2.11142935475 15.7495529918 13.3428948521 8.04352455544 5.45224126742
-9999.0 -9999.0 -9999.0 -9999.0 -9999.0 -9999.0 -9999.0 -9999.0 -9999.0 -9999.0 -9999.0 -9999.0 -9999.0 -9999.0 -9999.0 -9999.0 26.6040557783 53.3049260734 238.037044893 251.685611893 350.269836274 363.384049619 12.6637929068 25.3430893377 58.5861057116 556.717688448 573.570536674 579.7666201 4.71215999126 601.184231589 612.273313591 7.34104872891 3.80793187592 6.99113535655 13.6703291101 3.30459950822 6.40517647134 13.1645910725 16.3777124004 3.16646806444 1.78007496418 3.44635793254 841.188461031 844.47791216 845.258752763 853.154251246 10565.8356025 1.53235598762 0.866993447403 1.20540242351 1.15492040259 1.21212816914 0.973829573185 1.73253968659 0.89124374711
-9999.0 -9999.0 -9999.0 -9999.0 -9999.0 -9999.0 -9999.0 -9999.0 -9999.0 -9999.0 -9999.0 -9999.0 -9999.0 -9999.0 -9999.0 -9999.0 13.9134643056 13.5319203886 13.438198132 27.2680387328 11.9565883437 387.155670098 398.939122402 11.8841078701 22.7440160621 10.4844187412 8.20384200761 7.8666803727 592.208789484 3.62009515385 7.51121742864 4.13504401103 3.78446011599 3.39408868786 2.37303488972 2.52359138444 7.75382041016 10.7723330947 1.82419839604 1.49664030619 3.33149322162 5.83935579087 7.1795550142 1.68254603613 846.844590981 853.988058122 10566.5196723 4.75072732425 1.8037755145 0.49728989529 1.51283068038 0.372378478768 0.262917554405 2.03563784778 4.12666384677
-9999.0 -9999.0 -9999.0 -9999.0 -9999.0 -9999.0 -9999.0 -9999.0 -9999.0 -9999.0 -9999.0 -9999.0 -9999.0 -9999.0 -9999.0 -9999.0 -9999.0 -9999.0 13.3294646124 39.3344773445 49.8893063054 61.4305557917 410.248337433 421.741083887 433.001996468 444.907959106 452.465733873 468.370168139 471.765242207 475.020648716 477.665462976 3.03290236528 2.73840209917 3.10075762197 10.7326724346 2.96897716317 2.73649149887 1.90690107039 5.43035156203 2.27814064269 1.52925521511 1.36512685166 1.02650144126 2.04607250619 2.92506911974 859.991483416 11431.9274519 1.32240984375 2.49117382159 0.33921532008 1.92718100116 0.846773444163 0.529273923646 9.1039492434 6.55307669699
-9999.0 -9999.0 -9999.0 -9999.0 -9999.0 -9999.0 -9999.0 -9999.0 -9999.0 -9999.0 -9999.0 -9999.0 -9999.0 -9999.0 -9999.0 -9999.0 -9999.0 -9999.0 -9999.0 10.8221782721 87.9811050993 173.296715555 185.390081494 15.8822715532 27.9586671128 38.9221362228 46.9444729773 105.401828738 108.671686071 3.16761917334 3.05811338384 484.094977635 489.451118317 491.833877 12.5011049919 1.60958944396 4.500426624 6.49291561457 19.0612317895 23.2687877027 26.1392573169 2.51908855437 3.37218046256 1.10899153343 2.16469304006 1.11343185969 11433.5595158 1.07359308962 4.56300250058 1.35976016808 3.63231216826 9.04415557724 10.1276803553 19.8404535715 5.25981737421
-9999.0 -9999.0 -9999.0 -9999.0 -9999.0 -9999.0 -9999.0 -9999.0 -9999.0 -9999.0 -9999.0 -9999.0 -9999.0 -9999.0 -9999.0 -9999.0 -9999.0 -9999.0 12.3443975985 39.7375757393 77.4182771186 100.728620046 257.315492457 271.369858528 23.5433476056 34.6689692507 43.245207032 51.3566436674 111.86618804 118.24553441 199.451963014 205.007658153 207.625981532 494.431971883 513.36168718 4.3051316518 3.15123784831 2.93818870471 5.47657674438 2.35301920624 30.478916722 31.8148457783 4.39260191929 5.35480999528 0.859234259201 2734.19706887 2736.39108936 14171.0041816 14176.8740181 1.16434689556 6.14030010739 1.64565647344 1.29096576898 21.8113801123 27.7034725651
-9999.0 -9999.0 -9999.0 -9999.0 -9999.0 -9999.0 -9999.0 -9999.0 -9999.0 -9999.0 -9999.0 -9999.0 -9999.0 -9999.0 -9999.0 -9999.0 -9999.0 -9999.0 -9999.0 14.3661901193 13.8752310849 25.9235094319 61.0858576805 283.057143913 12.2911841688 12.1033450029 20.5628577814 29.519254455 67.9845177374 72.5191013722 3.358202005 3.99178916423 211.539633777 214.482381564 730.078008493 731.953414249 1.33018402314 1.10586728407 0.843343893093 0.854892439105 0.913797517868 2711.65433839 2719.82761668 2726.20947762 2728.05825041 2733.40292521 1.25588956019 4.39274947361 5.14964645562 14183.7573071 14184.0833176 14185.1615552 14185.5525343 14186.0473317 28.3454956654
-9999.0 -9999.0 -9999.0 -9999.0 -9999.0 -9999.0 -9999.0 -9999.0 -9999.0 -9999.0 -9999.0 -9999.0 -9999.0 -9999.0 -9999.0 -9999.0 -9999.0 -9999.0 -9999.0 -9999.0 12.4863011116 13.1930377639 24.222066499 330.341921116 342.483651279 11.7400466797 20.2032323795 29.5057633229 34.8793830701 4.29930511365 8.1824122131 694.260244869 697.168385371 699.860360963 722.691092804 1456.87478369 2652.58070942 2656.07927869 2659.08676202 2661.88646869 2674.41374287 2678.5857686 7.19285063341 3.00462982722 1.93971071331 3.54094107327 2.14311845943 3.53883218633 1.06000738241 26.755019716 30.5350553493 33.3466313023 33.6041388301 14186.0548051 14214.6255645
-9999.0 -9999.0 -9999.0 -9999.0 -9999.0 -9999.0 -9999.0 -9999.0 -9999.0 -9999.0 -9999.0 -9999.0 -9999.0 -9999.0 -9999.0 -9999.0 -9999.0 -9999.0 -9999.0 -9999.0 -9999.0 12.7677599045 24.3383070038 36.0014577866 352.232401194 11.0088018983 474.139465823 483.948344597 488.170430797 492.574823917 677.129393898 682.068534295 3.47935033725 17.4182833411 20.9328146663 3.5504261005 1192.30421815 1186.17431493 1.54613936031 3.85865501271 10.3272003175 2.33927779851 2.41522646452 1.49685462015 1.12396411812 0.774735242358 0.955033072802 23.5029321078 24.514570095 25.8644838041 2.98927714076 2.1120479248 34.8159095107 35.297180197 35.4568438236
-9999.0 -9999.0 -9999.0 -9999.0 -9999.0 -9999.0 -9999.0 -9999.0 -9999.0 -9999.0 -9999.0 -9999.0 -9999.0 -9999.0 -9999.0 -9999.0 -9999.0 -9999.0 -9999.0 -9999.0 -9999.0 11.4610407371 10.6596203806 55.6294056841 431.178006132 454.041693493 465.837120398 9.49361046014 173.886316349 178.246069437 180.584390162 4.49746959158 8.48720200305 11.9216429141 275.230574562 277.635317311 279.573632159 1182.74363412 742.936200908 2.25755112057 2.23460799677 2.08054433263 1.36227862557 14.9019404196 17.6420112037 19.9202723921 21.2106065795 22.4266535711 204.881319323 205.633158399 206.592495309 208.605988393 216.419771412 216.655000468 252.355665767
-9999.0 -9999.0 -9999.0 -9999.0 -9999.0 -9999.0 -9999.0 -9999.0 -9999.0 -9999.0 -9999.0 -9999.0 -9999.0 -9999.0 -9999.0 -9999.0 -9999.0 -9999.0 -9999.0 -9999.0 -9999.0 -9999.0 22.3626417921 34.3184523566 12.8823733629 12.3334391989 143.026163438 153.083658747 159.301441965 57.0416356808 60.5284392664 64.4046977111 67.8984631555 269.548577055 273.256621428 153.318823366 435.530812281 437.897737833 741.317725866 4.31370029619 2.13138476622 1.2269362652 10.4594608124 12.2507048355 0.79154470896 0.710022527287 201.170402488 203.196883524 204.189762253 0.986521240998 1.44937249503 215.522563166 0.636075882664 1.97800592535 2.14039011407
-9999.0 -9999.0 -9999.0 -9999.0 -9999.0 -9999.0 -9999.0 -9999.0 -9999.0 -9999.0 -9999.0 -9999.0 -9999.0 -9999.0 -9999.0 -9999.0 -9999.0 -9999.0 -9999.0 -9999.0 -9999.0 -9999.0 11.2260491201 22.1900536732 95.7153087988 109.027524353 120.95511614 45.674278423 53.1472041583 4.42600842454 191.004824972 194.672579441 198.071636076 3.54162747892 146.634723874 150.540697505 2.50681740315 729.647114313 5.28686485681 2.60759300552 5.82745610869 7.96950990325 1.31205801581 0.944600406596 190.44785636 199.348741358 200.652620921 1.3170498543 2.33530121601 2.86390974812 3.23421631908 6.38149742927 0.694221181552 1.64268591706 0.304191728597
