data/baseflow/mHMbf_acc248.asc
ncols                  80
nrows                 72
xllcorner      4374000.0
yllcorner      5656000.0
cellsize            500
NODATA_value       -9999
[rows 25 to 49 of 72, columns 0 to 54 of 80]
-9999.0 -9999.0 -9999.0 -9999.0 -9999.0 -9999.0 -9999.0 -9999.0 -9999.0 -9999.0 -9999.0 -9999.0 13.2529742379 26.1783926512 11.9796864152 24.4785522135 11.0581663876 82.2219124092 103.376231889 114.453832219 10.0472209844 18.1218856492 199.605559073 243.945081881 251.50657844 19.3353613215 19.2236687439 25.2937719749 1.75920242053 1.60731828625 3.14140748692 2.61634236591 353.125326277 356.824174398 360.884499292 2160.0016311 5089.7747149 5056.99566532 3.43166874668 1.47761041447 1.37498480223 7.87932194471 6.58292956688 27.5734185111 41.5591717269 85.4048763847 7.96388059168 7.96070443107 72.7675605058 78.6646616396 158.170598807 162.489848611 169.803997585 172.059545649 2.14594862767
-9999.0 -9999.0 -9999.0 -9999.0 -9999.0 -9999.0 -9999.0 -9999.0 -9999.0 -9999.0 -9999.0 -9999.0 -9999.0 12.236891625 24.4343136327 36.7399401802 59.6062206123 11.8637847064 10.8674435886 92.6728950072 102.601419649 185.140762598 195.042841142 27.8898412028 10.1665181162 9.87044863686 9.31454658741 337.100979134 341.375483272 343.661443989 345.334486732 350.00528374 43.7870777833 49.4282512887 415.446484996 7669.22456789 23.8694219591 18.2955927786 6.46027340499 2.07556015558 1.41293988032 10.647682228 11.7749188116 30.1967730065 1.31342618876 87.4113015144 11.6717309469 11.349675364 1.44058798469 1.03883914921 0.99635485968 2.19521524917 1.07844136652 173.111389191 2397.44110422
-9999.0 -9999.0 -9999.0 -9999.0 -9999.0 -9999.0 -9999.0 -9999.0 -9999.0 -9999.0 -9999.0 -9999.0 -9999.0 -9999.0 11.9556814667 28.2100108196 43.7755447327 59.8786423502 70.9338328491 82.2640154188 32.8277644584 54.1574894837 9.99005497396 9.88848360259 289.679888236 309.50448732 318.881553076 329.15047081 7.44619171041 12.3626710864 33.1657949231 36.1039617017 39.2511947176 6.21288050707 7.20299877821 7688.90942667 6.28373442008 8.0735679755 3.89038941326 9.56983217466 4.42167729021 3.15588113214 44.7522711779 48.8204693216 2.32449903915 90.3544988981 103.062093125 12.2368506881 2467.56227241 2465.00560079 2462.73528333 2455.82795284 2451.34370323 2405.4978393 2402.49074994
-9999.0 -9999.0 -9999.0 -9999.0 -9999.0 -9999.0 -9999.0 -9999.0 -9999.0 -9999.0 -9999.0 -9999.0 -9999.0 -9999.0 4.36893956882 9.86339810077 15.7331249818 150.571818323 161.894124723 11.4291401114 11.0149350451 10.6870019442 249.431776677 269.983768415 10.0985497237 10.5352999976 9.11421747945 36.7240399064 45.8281103065 21.9446539311 26.5137924862 205.587776614 211.275443018 226.526307951 358.984055185 8052.64810529 6.64461678528 3.40914173545 15.390559728 12.4303010929 3.02610891512 9.48358511552 12.809029059 52.4698595768 55.8479368404 165.464253401 104.658927547 13.2751591541 2523.78406052 30.0725031644 2460.24220291 2458.14962931 42.0221107879 4.09889886464 1.99863942387
-9999.0 -9999.0 -9999.0 -9999.0 -9999.0 -9999.0 -9999.0 -9999.0 -9999.0 -9999.0 -9999.0 -9999.0 -9999.0 -9999.0 22.6234446099 36.9462662963 76.11419779 135.568351926 177.537063846 206.659585071 217.836485228 228.938493184 239.704237083 10.096351929 9.56900666157 18.831597299 18.4766499246 9.31813791031 177.7708773 186.702134261 195.316392455 203.118204295 108.977258954 112.797830345 123.092368207 8056.70192392 11.7058646218 9.79433277127 26.9575677973 2.55764137128 7.99706305024 4.49556521477 3.11155126956 16.6264778718 2.79028856008 2.89743181422 2705.83705916 2537.86540063 2534.77204637 11.6035871336 28.5254499591 17.5316001124 3.46158285243 33.4977782191 8.22176033829
-9999.0 -9999.0 -9999.0 -9999.0 -9999.0 -9999.0 -9999.0 -9999.0 -9999.0 -9999.0 -9999.0 -9999.0 -9999.0 -9999.0 15.9631852338 15.1421311202 29.7246436659 44.9628316088 14.2534930139 12.0587859492 23.0461943499 33.8366395321 54.4335598965 64.8756718492 75.0093915356 104.08811252 113.572727578 123.306879375 9.2299347921 90.6189831939 97.7374086302 102.099978661 2.24941796553 0.731833981298 1.94206491319 8177.68708241 8181.639082 8200.86204462 34.4203507951 5.28108989646 11.4478916846 3.08495191781 5.77565225343 19.5871454082 24.8913660004 5.39384410534 2720.10441626 5.14721862708 6.73752118179 7.14367715076 6.66519932761 10.6181875034 4.65607537128 23.3162368849 15.6027240963
-9999.0 -9999.0 -9999.0 -9999.0 -9999.0 -9999.0 -9999.0 -9999.0 -9999.0 -9999.0 -9999.0 -9999.0 -9999.0 -9999.0 -9999.0 14.4775488354 28.4592578631 13.7488207914 28.2794537753 175.42445235 188.36341636 199.102524784 10.2871470761 10.3996418086 20.5538088267 30.4867067877 49.2954734813 58.662057691 63.675569697 72.40452611 7.39026283743 5.47002443284 108.293561068 109.183600049 111.649535354 114.903069712 101.647531095 8316.33268721 8371.89719647 8374.48358123 8388.287251 8400.71511626 8410.43839972 3.09663160658 27.6075245677 2723.26484976 7.82057949968 3.99874581615 4.93539073513 4.38456165845 7.43632609069 5.79552085195 3.30756682905 4.49852363292 3.64195624918
-9999.0 -9999.0 -9999.0 -9999.0 -9999.0 -9999.0 -9999.0 -9999.0 -9999.0 -9999.0 -9999.0 -9999.0 -9999.0 -9999.0 -9999.0 -9999.0 42.2907964239 57.0271348491 100.730111147 132.066923064 16.2616209428 227.183701666 237.505388179 247.755212819 10.4603097274 20.532293193 9.6180767588 69.0863991514 73.6759528262 81.2992375512 89.2027664518 105.675125616 106.88916217 0.973163613991 87.6067707372 94.456839812 98.3894176233 111.46545408 17.3979543245 11.1103202768 6.47323454479 6.06551970864 8419.78144058 8425.0444347 8474.33144486 2726.97745166 21.7301771854 10.5959119673 7.47583749888 2.11835060701 19.391757374 9.34008152565 3.00990876162 15.827143441 13.1872039238
-9999.0 -9999.0 -9999.0 -9999.0 -9999.0 -9999.0 -9999.0 -9999.0 -9999.0 -9999.0 -9999.0 -9999.0 -9999.0 -9999.0 -9999.0 -9999.0 15.0774001904 71.7354691321 86.9796608913 16.7502260174 11.037867566 22.0221306841 32.587674724 290.956983485 10.354851733 41.5024043455 51.3749978883 60.9128841216 4.92130192872 11.9926495725 14.559571109 70.7731571727 76.7797783176 79.8508994853 3.41229396713 3.00610101683 3.13992985599 5.77648969524 2.31687977578 2.44343933859 4.92130001143 3.62606327306 5.02903583047 17.5082482966 8480.01622587 11221.6100599 26.181710745 3.35045411713 2.32569878455 57.6238456143 53.0431049435 30.3928394009 27.0040097233 19.7624621982 4.46377343123
-9999.0 -9999.0 -9999.0 -9999.0 -9999.0 -9999.0 -9999.0 -9999.0 -9999.0 -9999.0 -9999.0 -9999.0 -9999.0 -9999.0 -9999.0 12.932458387 41.977240539 13.9488512233 15.0137106634 12.0880717531 23.221420433 33.9239368497 46.3659370398 351.591871149 361.757453706 10.3834929436 20.3398762191 30.3688192446 36.7942640664 42.8403065979 59.1132668989 67.5871845742 1.8189219421 3.35787537811 3.4300530854 5.35469025153 4.81879043968 4.92734198931 4.10469893222 4.64274946881 20.602619045 10.0007478576 6.16727252719 6.04860682506 5.04140825992 9.46362318223 11394.7412836 143.779085945 70.4938872632 7.35230798301 3.31192791818 2.87410051608 8.9855898608 5.82736174242 2.77942182395
-9999.0 -9999.0 -9999.0 -9999.0 -9999.0 -9999.0 -9999.0 -9999.0 -9999.0 -9999.0 -9999.0 -9999.0 -9999.0 -9999.0 13.7256557926 26.2583903086 95.0587201575 13.6192528511 32.1341513485 43.9667914805 55.3139620251 11.5765487533 22.215410645 36.7487263279 412.225546033 9.9967620812 19.5612711482 29.0526315653 8.8638395574 17.1565352863 18.722371018 25.7480587813 721.851289872 730.269295187 738.848209298 781.30804035 795.93500132 829.394797374 8.64227819087 18.0787458183 25.1277955136 937.9721274 948.91002294 5.67418089427 9.48565960558 13.239683962 11400.1073046 138.16546909 58.5467922119 54.8617509085 51.0251075476 47.7754154404 11.9658132517 3.14887277769 5.50240353109
-9999.0 -9999.0 -9999.0 -9999.0 -9999.0 -9999.0 -9999.0 -9999.0 -9999.0 -9999.0 -9999.0 -9999.0 -9999.0 -9999.0 13.996692278 42.2073480948 151.109578717 223.30098908 12.4617980121 294.698136491 364.452110248 11.0913850342 21.6533180267 35.3575400449 516.221885727 529.459401512 9.5735780254 48.2263028909 57.2447548669 63.2553031662 674.506401367 683.728674508 693.282815688 5.11320043116 29.8602546427 35.5565912422 17.1710226303 24.8622278554 865.253086923 895.091634377 901.833474598 908.30804612 958.008542165 4.45981296047 4.09280325355 21.1490771034 11405.9670953 5.33202311025 0.221803785123 0.630462902173 0.273767516776 41.9014888501 40.2148873946 23.8068420893 16.607278673
-9999.0 -9999.0 -9999.0 -9999.0 -9999.0 -9999.0 -9999.0 -9999.0 -9999.0 -9999.0 -9999.0 -9999.0 -9999.0 -9999.0 -9999.0 -9999.0 29.4466235576 59.2191049345 265.313385176 280.367556781 377.803393306 392.489915262 11.0739033303 22.1227293019 56.0045589922 543.040027573 563.53043053 572.185603235 7.60220734757 600.066882925 608.628455608 6.32161361315 5.17130484352 10.2296312774 20.0858297274 4.91038783128 10.1919769897 23.5954538104 29.8657205223 5.6374789113 4.17074673138 8.46226570754 985.878928969 993.992216785 997.69909982 1027.79301532 11411.3005036 3.75221271636 0.114190234932 0.145494547697 0.146006572254 0.153720421606 0.133431042264 0.234849790548 2.81080620719
-9999.0 -9999.0 -9999.0 -9999.0 -9999.0 -9999.0 -9999.0 -9999.0 -9999.0 -9999.0 -9999.0 -9999.0 -9999.0 -9999.0 -9999.0 -9999.0 15.3768605051 15.055656021 14.9179178234 30.6821931851 13.6756603102 419.59149354 433.289809018 11.8486321069 22.4608698979 11.012921511 9.91202771453 9.73072815239 587.020717229 2.22473506176 4.45061424714 4.22407909016 5.49069333721 4.96064957746 4.23002424172 4.35691618213 13.3549842549 18.1778366699 3.84278287249 3.45024450362 7.33965038181 11.9218915779 14.5229750676 3.43616030753 1002.28826638 1031.73816081 11415.5760825 7.79576431598 0.476495391085 0.0597683064814 0.189462111934 0.0456407503104 0.0347595256946 0.276675252973 13.3341915407
-9999.0 -9999.0 -9999.0 -9999.0 -9999.0 -9999.0 -9999.0 -9999.0 -9999.0 -9999.0 -9999.0 -9999.0 -9999.0 -9999.0 -9999.0 -9999.0 -9999.0 -9999.0 14.926961937 44.4381122271 56.8141709038 70.0333378292 446.255642295 459.079046866 472.343885791 486.891298735 496.473883142 516.073075513 518.68894374 520.583793981 523.518518023 4.91815623918 4.78291160698 4.94239342859 18.0386013593 4.70937165419 4.5996345794 3.86373057636 11.4164044037 4.29396564073 3.5345308211 3.32829722223 2.84237738388 5.67435249789 8.35057579799 1049.33709707 12477.1349225 3.53203319314 7.80136504763 0.0389181542388 0.24667922039 0.120227784191 0.0702072262229 24.1426012368 21.7530216899
-9999.0 -9999.0 -9999.0 -9999.0 -9999.0 -9999.0 -9999.0 -9999.0 -9999.0 -9999.0 -9999.0 -9999.0 -9999.0 -9999.0 -9999.0 -9999.0 -9999.0 -9999.0 -9999.0 12.6528811532 99.6044061669 196.996901631 211.176947715 16.1783286516 28.2871394719 38.8566470851 48.6596079764 109.006897797 113.769646314 4.76141399457 4.74361276444 533.781591876 543.354447806 547.912843445 21.9408024202 3.64285739054 8.61678555338 12.6875719938 37.6696072949 45.9870808138 52.8768767943 6.42565901192 9.07212665788 3.06827161842 6.09083757673 3.11185573081 12483.623735 3.5514527788 14.3741384644 4.15908634634 6.41173097648 19.3862572839 21.3159932082 47.2865746944 21.3289159581
-9999.0 -9999.0 -9999.0 -9999.0 -9999.0 -9999.0 -9999.0 -9999.0 -9999.0 -9999.0 -9999.0 -9999.0 -9999.0 -9999.0 -9999.0 -9999.0 -9999.0 -9999.0 14.0080027157 44.4346858647 87.1477841475 114.029822052 293.75905104 309.295438062 21.8051388483 32.2204157635 41.7040096914 51.3158844938 116.967148952 125.892148588 207.965127668 214.09981058 218.439844389 552.581511119 587.159737935 8.39617111167 5.21496873458 5.0398644825 9.81169008362 4.5578843753 61.5759642895 64.9264390057 12.002603552 14.4377396218 2.51074530151 3030.52058269 3036.94803656 15525.6626252 15545.2552976 3.30077007353 13.3099876372 3.96011453902 3.54529348831 53.4593217524 77.4099659344
-9999.0 -9999.0 -9999.0 -9999.0 -9999.0 -9999.0 -9999.0 -9999.0 -9999.0 -9999.0 -9999.0 -9999.0 -9999.0 -9999.0 -9999.0 -9999.0 -9999.0 -9999.0 -9999.0 15.8147597258 15.4238022708 29.2788710292 69.8767574801 322.482117483 11.1160867962 10.9955862765 20.715925007 30.4215846729 67.919727673 71.7049366116 2.37024811604 4.13378586353 224.231605391 229.177807232 820.355538919 824.049960907 3.47252668208 3.17343945489 2.80803831684 2.83013124279 2.89582967328 2974.74563142 2993.85509348 3010.91325357 3015.8329944 3028.0242538 3.41357960568 12.7153561351 16.3260729086 15569.5010806 15572.7578061 15577.4060463 15580.5173827 15582.9899993 80.2092226424
-9999.0 -9999.0 -9999.0 -9999.0 -9999.0 -9999.0 -9999.0 -9999.0 -9999.0 -9999.0 -9999.0 -9999.0 -9999.0 -9999.0 -9999.0 -9999.0 -9999.0 -9999.0 -9999.0 -9999.0 14.2395220168 14.8503701921 27.7626144746 376.971461512 391.268219029 10.8454488969 20.6067759852 30.4603464367 34.3677127902 2.9787683853 7.96036901303 785.753722585 790.829354138 794.669046643 827.651893796 1655.48845938 2847.41882279 2855.2190894 2862.54162312 2869.63523234 2897.64053724 2906.37018329 16.1268510509 7.40874484472 4.24387126146 8.0791441001 6.27546371129 9.88684863174 3.20881257771 68.9625665968 78.4791217103 86.11038093 88.3200807378 15585.5240366 15668.88759
-9999.0 -9999.0 -9999.0 -9999.0 -9999.0 -9999.0 -9999.0 -9999.0 -9999.0 -9999.0 -9999.0 -9999.0 -9999.0 -9999.0 -9999.0 -9999.0 -9999.0 -9999.0 -9999.0 -9999.0 -9999.0 14.5085469475 27.9540551182 41.4656588429 402.851046165 13.5729589366 545.839219166 556.005968972 558.967071055 563.802269069 765.865598386 772.102333247 5.39596535343 24.7862685235 29.9624564081 5.49782915486 1184.07957347 1173.84050382 3.75829085733 8.37196019526 21.5923794644 4.57190526578 4.70816163375 3.72263790951 3.22471876038 2.62095788901 2.96586511135 58.6578033584 61.7388178666 65.3394335809 5.66041745338 4.18402909168 91.2355796449 94.3079697793 96.0153924806
-9999.0 -9999.0 -9999.0 -9999.0 -9999.0 -9999.0 -9999.0 -9999.0 -9999.0 -9999.0 -9999.0 -9999.0 -9999.0 -9999.0 -9999.0 -9999.0 -9999.0 -9999.0 -9999.0 -9999.0 -9999.0 13.3276533264 12.6148254352 65.2229928831 495.072533177 522.028302439 536.20242903 10.7070646469 194.433904774 196.568688134 197.939707843 5.26050183842 11.2686842094 16.6427613138 277.488298045 281.948044124 286.045295281 1165.91268113 724.589388646 4.59250003994 4.49713248212 4.32433286163 3.56902442426 35.1199104513 42.2432653247 48.6200971884 52.1071786657 55.4880299587 292.086952898 294.71324939 297.078835306 302.551361303 332.291367355 334.277573078 432.546825781
-9999.0 -9999.0 -9999.0 -9999.0 -9999.0 -9999.0 -9999.0 -9999.0 -9999.0 -9999.0 -9999.0 -9999.0 -9999.0 -9999.0 -9999.0 -9999.0 -9999.0 -9999.0 -9999.0 -9999.0 -9999.0 -9999.0 26.204298013 40.0113871274 14.7488680261 11.0562935522 160.210829756 171.100345215 178.648583918 60.312014347 62.4765030726 65.4918495581 70.7931140807 267.798799841 273.335366372 141.530839281 432.440866577 437.085772847 720.624405604 8.92617065387 4.41974530913 3.40378380203 23.9828681206 28.0870579696 2.70747254852 2.52468407155 280.04796694 286.300680149 289.552900552 2.75505986018 3.9573600422 327.182558715 3.47240128331 14.058146544 15.7677274668
-9999.0 -9999.0 -9999.0 -9999.0 -9999.0 -9999.0 -9999.0 -9999.0 -9999.0 -9999.0 -9999.0 -9999.0 -9999.0 -9999.0 -9999.0 -9999.0 -9999.0 -9999.0 -9999.0 -9999.0 -9999.0 -9999.0 13.1865107958 26.1149586695 110.245788293 125.129244219 138.835512079 49.1090385974 58.1779994102 2.31156678844 186.608716394 188.848808697 191.62796356 4.35628707925 131.045284694 136.714409806 4.65882716809 697.472112408 9.73402029881 4.80512856133 12.6670309265 17.0991025317 3.54175327442 3.00694036329 249.719906012 274.177504978 277.860088498 3.5667865042 8.00246552431 10.1355985526 11.893173723 22.9603603153 5.14275779451 11.4311126789 2.47440919019
-9999.0 -9999.0 -9999.0 -9999.0 -9999.0 -9999.0 -9999.0 -9999.0 -9999.0 -9999.0 -9999.0 -9999.0 -9999.0 -9999.0 -9999.0 -9999.0 -9999.0 -9999.0 -9999.0 -9999.0 -9999.0 -9999.0 13.0636567254 40.9596305569 71.1066593875 15.9552735132 27.1703587949 38.579538119 175.996181555 179.768910048 182.105651099 2.11830739118 111.010788174 118.008287931 121.807406007 2.3835862823 678.03534519 688.250881465 4.83881947541 4.53544437728 8.98904883958 3.83190176252 230.321978577 237.360309988 241.289223487 15.1305086531 18.6399250983 3.12021792708 5.67222412866 2.57193771609 17.5113750198 2.67110306342 2.81208082938 3.04863769938 3.15138632121
-9999.0 -9999.0 -9999.0 -9999.0 -9999.0 -9999.0 -9999.0 -9999.0 -9999.0 -9999.0 -9999.0 -9999.0 -9999.0 -9999.0 -9999.0 -9999.0 -9999.0 -9999.0 -9999.0 -9999.0 -9999.0 -9999.0 -9999.0 14.2957758306 15.6412211707 15.3988794169 121.021929891 132.260337069 165.528185657 5.91788161262 101.660709506 106.881934652 2.37053229485 4.91358324375 1.98575368184 668.777026228 2.97233806264 10.9397584223 14.5841666474 18.0302526497 208.546519703 219.271358313 223.508584542 4.24537060136 7.99266909353 11.4431819872 2.26322367265 2.0348192393 646.905686409 649.005525597 650.768854418 667.31624631 669.598081875 672.869032095 675.472293095
