data/baseflow/mHMbf_acc526.asc
ncols                  80
nrows                 72
xllcorner      4374000.0
yllcorner      5656000.0
cellsize            500
NODATA_value       -9999
[rows 0 to 24 of 72, columns 0 to 54 of 80]
-9999.0 -9999.0 -9999.0 -9999.0 -9999.0 -9999.0 -9999.0 -9999.0 -9999.0 -9999.0 -9999.0 -9999.0 28.838443023 20.2227363973 -9999.0 -9999.0 -9999.0 -9999.0 -9999.0 -9999.0 -9999.0 -9999.0 -9999.0 -9999.0 -9999.0 -9999.0 -9999.0 -9999.0 -9999.0 -9999.0 -9999.0 -9999.0 -9999.0 -9999.0 -9999.0 -9999.0 -9999.0 -9999.0 -9999.0 -9999.0 -9999.0 -9999.0 -9999.0 -9999.0 -9999.0 -9999.0 -9999.0 -9999.0 -9999.0 -9999.0 -9999.0 -9999.0 -9999.0 -9999.0 -9999.0
-9999.0 -9999.0 -9999.0 -9999.0 -9999.0 -9999.0 -9999.0 -9999.0 -9999.0 -9999.0 -9999.0 -9999.0 60.5266097047 121.32348968 17.1303253354 -9999.0 13.8717243327 -9999.0 -9999.0 -9999.0 -9999.0 -9999.0 -9999.0 -9999.0 -9999.0 -9999.0 -9999.0 -9999.0 -9999.0 -9999.0 -9999.0 -9999.0 -9999.0 -9999.0 -9999.0 -9999.0 -9999.0 -9999.0 -9999.0 -9999.0 -9999.0 -9999.0 -9999.0 -9999.0 -9999.0 -9999.0 -9999.0 -9999.0 -9999.0 -9999.0 -9999.0 -9999.0 -9999.0 -9999.0 -9999.0
-9999.0 -9999.0 -9999.0 -9999.0 -9999.0 -9999.0 -9999.0 -9999.0 -9999.0 -9999.0 30.7590411692 29.7944675832 31.0324432617 29.8796590704 178.488649846 197.391077014 37.7921970353 11.8839158296 -9999.0 -9999.0 -9999.0 -9999.0 -9999.0 -9999.0 -9999.0 -9999.0 -9999.0 -9999.0 -9999.0 -9999.0 -9999.0 -9999.0 -9999.0 -9999.0 -9999.0 -9999.0 -9999.0 -9999.0 -9999.0 -9999.0 -9999.0 -9999.0 -9999.0 -9999.0 -9999.0 -9999.0 -9999.0 -9999.0 -9999.0 -9999.0 -9999.0 -9999.0 -9999.0 -9999.0 -9999.0
-9999.0 -9999.0 -9999.0 -9999.0 -9999.0 -9999.0 -9999.0 -9999.0 -9999.0 29.8512173142 60.3697052813 119.671622186 59.7635212532 29.0509002997 57.0454489119 225.184314191 292.462786786 14.0323672454 -9999.0 30.3557597057 -9999.0 -9999.0 -9999.0 -9999.0 26.5323558024 13.4934379998 -9999.0 -9999.0 -9999.0 -9999.0 -9999.0 -9999.0 -9999.0 -9999.0 -9999.0 -9999.0 -9999.0 -9999.0 -9999.0 -9999.0 -9999.0 -9999.0 -9999.0 -9999.0 -9999.0 -9999.0 -9999.0 -9999.0 -9999.0 -9999.0 -9999.0 -9999.0 -9999.0 -9999.0 -9999.0
-9999.0 -9999.0 -9999.0 -9999.0 -9999.0 -9999.0 -9999.0 -9999.0 33.2502589522 94.5137814343 123.697346966 152.912658829 207.611331919 27.6268282011 111.664414311 138.897095216 470.825648418 22.6179110836 26.4761938442 57.7115293464 84.2435282989 27.4684885781 -9999.0 70.5255439891 58.0261784332 16.4375301739 -9999.0 -9999.0 -9999.0 -9999.0 -9999.0 -9999.0 -9999.0 -9999.0 -9999.0 -9999.0 -9999.0 -9999.0 -9999.0 -9999.0 -9999.0 -9999.0 -9999.0 -9999.0 -9999.0 -9999.0 -9999.0 -9999.0 -9999.0 -9999.0 -9999.0 -9999.0 -9999.0 -9999.0 -9999.0
-9999.0 -9999.0 -9999.0 -9999.0 -9999.0 -9999.0 33.2182649659 30.3746804775 29.9960585481 30.3309772085 30.5759574119 214.024551904 450.688722159 479.509958128 506.714800435 27.6991318602 522.88705867 548.771796885 54.0733520888 26.7082617081 110.274286802 191.080516837 24.9810702984 145.31087279 28.5745643368 26.5382223123 29.6796274008 -9999.0 -9999.0 -9999.0 -9999.0 -9999.0 -9999.0 -9999.0 -9999.0 -9999.0 -9999.0 -9999.0 -9999.0 -9999.0 -9999.0 -9999.0 -9999.0 -9999.0 -9999.0 -9999.0 -9999.0 -9999.0 -9999.0 -9999.0 -9999.0 -9999.0 -9999.0 -9999.0 -9999.0
-9999.0 -9999.0 -9999.0 -9999.0 -9999.0 -9999.0 66.6916921754 98.2984588237 221.664763517 310.80978753 28.2223495823 28.7719187326 27.6499797995 82.4712508055 615.02907703 25.2670969021 574.243102073 679.706721794 82.45878522 51.3239797405 215.991016582 26.6224045752 171.789512261 53.4971721316 27.0710944803 52.8680536372 58.5062659687 29.2423081293 29.3768889039 29.0019946055 29.9330568194 60.1911696994 -9999.0 -9999.0 -9999.0 -9999.0 -9999.0 -9999.0 -9999.0 -9999.0 -9999.0 -9999.0 -9999.0 -9999.0 -9999.0 -9999.0 -9999.0 -9999.0 -9999.0 -9999.0 -9999.0 -9999.0 -9999.0 -9999.0 -9999.0
-9999.0 -9999.0 -9999.0 -9999.0 -9999.0 34.9178762321 68.0788273781 32.6501880304 63.7963959344 342.441001869 401.178889786 459.164746523 1460.26334715 27.6954453312 641.923942568 2312.75824351 2333.234556 3049.55954803 23.3885147992 76.5681832677 241.104059887 24.9515606146 469.444183997 271.850458972 165.94461688 138.951737679 28.4264298481 86.8306598436 85.9538150997 57.4610525766 28.1583671574 89.1852080178 28.2440516128 28.0730213901 -9999.0 -9999.0 -9999.0 -9999.0 -9999.0 -9999.0 -9999.0 -9999.0 -9999.0 -9999.0 -9999.0 -9999.0 -9999.0 -9999.0 -9999.0 -9999.0 -9999.0 -9999.0 -9999.0 -9999.0 -9999.0
-9999.0 -9999.0 -9999.0 -9999.0 -9999.0 35.4163253301 103.20802104 204.662352935 236.278697746 469.127503206 499.260949392 592.77647981 974.03640933 1541.26870108 1595.64209387 1620.94258184 48.7184096709 3138.1752573 3185.64563475 3313.20542606 4124.99914929 545.858635063 495.903089151 192.301006812 26.0671770902 166.754486604 113.391858641 25.7263730765 112.279437889 25.8565563778 55.0231034845 145.069037748 172.200874469 55.1047867191 27.0750114245 26.9909407609 -9999.0 -9999.0 -9999.0 -9999.0 14.0100859875 12.1159287273 -9999.0 -9999.0 -9999.0 -9999.0 -9999.0 -9999.0 -9999.0 -9999.0 -9999.0 -9999.0 -9999.0 -9999.0 -9999.0
-9999.0 -9999.0 -9999.0 -9999.0 -9999.0 34.6566577189 33.2463529699 137.193634956 169.059341904 201.852152152 31.6761872578 62.9260813729 359.444989105 64.6552007941 29.8496631845 28.4350956451 25.9637318981 29.8166247912 29.4055884856 27.4645576996 4150.79720717 4226.01870833 24.89337976 76.5861327121 51.9814016624 192.190440594 51.7263914414 24.9721030581 139.251367942 51.3057817031 124.646871599 303.34832008 280.881309318 81.9663726284 80.9479767989 27.2003420868 27.1946348689 -9999.0 -9999.0 27.3250976764 32.7804393201 70.2933996605 12.8097717754 -9999.0 -9999.0 -9999.0 -9999.0 -9999.0 -9999.0 -9999.0 -9999.0 -9999.0 -9999.0 -9999.0 -9999.0
-9999.0 -9999.0 -9999.0 -9999.0 -9999.0 -9999.0 35.6430315832 35.5674642405 69.1177500346 102.541580503 232.969466829 297.598968586 330.335213849 35.0868322929 28.0310297453 367.795531428 451.845125497 478.975464861 589.130014097 615.30114869 25.8869410965 4251.67632104 4379.89484316 103.126641037 26.861762895 217.094288283 479.960739861 188.074825157 48.9533061472 24.5490581571 476.164124119 328.371758782 24.6893316539 24.6111324846 106.061725562 80.1100654268 26.0253817677 25.3130019629 26.41515646 53.2741639964 25.7799251926 85.3311976764 110.385052239 23.5052115294 -9999.0 -9999.0 -9999.0 -9999.0 26.7986934211 25.4723616748 7.74714572734 -9999.0 -9999.0 -9999.0 -9999.0
-9999.0 -9999.0 -9999.0 -9999.0 -9999.0 -9999.0 -9999.0 35.7807130592 32.4890175692 65.999741464 99.0025249787 32.6988378086 32.2235796842 191.265729387 251.568463062 312.298695436 28.5453480236 56.49073369 27.6288412629 641.56202092 1394.25610104 1407.80763112 5831.18625824 25.4007112673 78.1575347344 25.2025172525 503.519184789 24.1103730704 73.8446049662 24.2300982632 500.420005016 524.560107231 49.4341683677 48.9181808959 264.109159255 132.190024215 51.2664992875 26.2465884609 52.8896878569 79.3592654489 130.022441011 24.5991353524 156.61010836 178.525741639 20.0122287327 21.4815470783 22.3806952995 20.3462040073 19.3662663491 73.7745666906 29.0860572763 18.2832184625 -9999.0 -9999.0 -9999.0
-9999.0 -9999.0 -9999.0 -9999.0 -9999.0 -9999.0 -9999.0 -9999.0 68.1746692582 100.388941427 32.5174313547 65.5413092029 96.7517756581 161.397290363 31.3896895049 30.7451852186 27.7275069959 28.2042114683 26.5015503467 699.797628837 27.8566474183 55.0011521952 5900.66957759 5948.45788442 24.774443303 127.943580048 653.214059376 47.2275350181 95.7203066203 44.8034240444 66.1625049001 617.662305793 71.6412197463 382.585973635 312.042870931 24.6948201238 126.912011778 51.2149731175 77.5116188142 24.4893766996 153.960266333 200.623939022 219.714702284 237.809588938 253.421603721 37.8258627151 40.1074309301 36.6207913024 34.4273643385 91.9967095877 19.0275865981 66.8214106477 84.5037657044 -9999.0 -9999.0
-9999.0 -9999.0 -9999.0 -9999.0 -9999.0 -9999.0 -9999.0 -9999.0 34.3879143895 168.206883542 200.157332308 32.0868265172 63.1003353868 31.0379406405 29.6334344467 29.063068869 360.818359512 482.09687093 587.0334536 685.248514929 24.0145061682 27.4747594816 28.4354686501 6063.47105804 6111.69153492 6132.98316009 868.378823874 188.864674851 165.482164908 20.7848313722 86.6943024944 725.49119873 21.0055352276 404.018092385 23.4649110224 165.149243722 152.470712898 24.6479969545 101.941582515 48.8042530286 72.6744928346 22.0752418183 18.0130147146 255.662955823 271.85267499 269.565787948 57.6867032788 53.2698025431 50.7973409468 111.888753991 150.202944179 19.0789503795 102.98194883 19.5987249104 37.5896880814
-9999.0 -9999.0 -9999.0 -9999.0 -9999.0 -9999.0 -9999.0 -9999.0 -9999.0 34.2741963714 232.805624844 264.692823385 94.5080047008 156.911846823 216.526973058 246.581115683 30.2209801661 93.3370787108 61.0287084604 30.1360677106 29.9741003322 27.9723431764 55.9289949928 96.6787378069 31.1049881404 7054.96224853 7079.67705026 22.2065526154 18.0240021578 41.8961298543 62.5043210517 787.33568634 41.3259012019 423.091702975 252.744826746 208.837955196 23.4208271396 47.5628229907 124.350709629 22.3115237799 94.4711350327 43.609705466 34.1390028481 18.9785699251 324.989531991 607.525228008 69.4220745397 65.412335772 66.7882416242 16.3610081849 166.442509533 15.9084792141 138.299151199 17.690059093 55.386111085
-9999.0 -9999.0 -9999.0 -9999.0 -9999.0 -9999.0 -9999.0 -9999.0 -9999.0 -9999.0 31.5466810825 328.294081148 31.3646658816 62.67147866 92.0760480935 151.84763612 30.8577979557 63.3278295807 31.1141156665 30.0429010609 28.3513436198 56.1712720044 25.7889744256 27.4918895451 55.3895275314 30.8668805186 7103.06675774 7146.84843768 7211.40528472 82.0547021571 21.0570405939 41.9373308849 808.835335386 780.062557179 297.308411332 22.1376266316 93.4868171595 70.4332785839 146.826975789 44.6804481345 182.029707337 65.4002225495 53.6130198583 19.9447920954 19.8349961728 625.96796344 641.150627276 789.192580593 118.231479417 34.0218693381 183.916803339 216.798442744 370.519470828 34.7512119523 16.5374190926
-9999.0 -9999.0 -9999.0 -9999.0 -9999.0 -9999.0 -9999.0 -9999.0 -9999.0 -9999.0 -9999.0 18.3331953554 369.718699777 31.7717343245 60.8615596702 272.150830136 30.7937433097 30.7461295202 27.7821039657 58.3655322861 27.5735833018 111.149296103 162.530873216 186.459465945 77.0269350734 97.4402139014 23.1087050837 28.8497322927 23.6173019538 7335.10615803 7401.05828159 827.726309001 818.650617686 799.530696802 39.6574989962 19.2903166795 114.347415839 303.247794005 168.104012724 65.8340513837 268.585353643 135.411882415 115.406712066 40.4653318085 16.293716755 14.8343398599 14.1068432856 860.730023297 1028.9376343 16.8097930608 14.9878657056 16.6683250423 386.68099496 437.189715282 31.0947955633
-9999.0 -9999.0 -9999.0 -9999.0 -9999.0 -9999.0 -9999.0 -9999.0 -9999.0 -9999.0 -9999.0 17.0737718281 410.664050433 503.326880847 29.060901707 330.004718374 28.8349638134 28.1120362913 55.1253601799 141.033342098 27.297653238 28.152813158 25.349502445 236.870856864 260.71349327 383.145001907 428.665560647 453.080005705 474.850139474 496.304278736 7917.56478491 8790.28463014 9648.98275113 9662.125902 17.6615293346 19.1254226793 345.029009289 324.33274315 20.8741321887 21.2895536843 292.036644481 448.39641952 19.2330309045 258.273103924 237.890838031 79.1698770888 34.8602868106 56.6643523427 18.0339549198 1057.90461168 14.8427126507 46.2791852049 57.5367979578 544.589685583 594.351514114
-9999.0 -9999.0 -9999.0 -9999.0 -9999.0 -9999.0 -9999.0 -9999.0 -9999.0 -9999.0 -9999.0 32.9279671764 63.2771014285 533.271494616 589.036757215 28.0521595781 377.39367794 25.8490246462 79.2845104294 166.970565632 53.262429765 25.9120563464 52.2117505719 22.7102278056 44.0118473127 21.8486390786 21.4283952295 21.6452361 21.7457395322 21.2472259402 21.7707558995 25.9400016707 28.0772984585 25.5805079678 9717.94941088 412.462514648 372.946629106 13.2958350283 60.5275501258 15.0542034656 15.2331759985 468.088008899 786.943023981 279.575897302 200.801789811 45.7316656595 19.9443945692 18.1925040375 33.0823245108 1105.64978365 1132.73099065 14.1687639442 14.4994573203 16.8897507162 19.2815504472
-9999.0 -9999.0 -9999.0 -9999.0 -9999.0 -9999.0 -9999.0 -9999.0 -9999.0 -9999.0 -9999.0 -9999.0 29.9318193012 387.188204255 1004.9979679 1092.34681378 1494.56150329 1512.75061861 369.2506752 272.859115859 79.6385121454 25.7029029001 102.649891195 126.886210002 193.064949341 44.59706231 42.8707420807 43.4027896033 86.1755116912 41.9814973924 42.1602843798 21.1194795353 21.8688930024 21.0200086437 9734.23666751 10159.8320762 10180.9515134 12.8907243789 158.461152541 70.4661838821 20.531255515 851.152534325 45.05066006 23.1767723327 98.9882509553 23.9529762332 19.3151067145 35.2083855726 47.7475536502 61.3307282715 1155.63058063 10.7519839254 9.36963887104 9.37968526666 8.35249514084
-9999.0 -9999.0 -9999.0 -9999.0 -9999.0 -9999.0 -9999.0 -9999.0 -9999.0 -9999.0 -9999.0 31.8955451661 294.960081308 357.618696328 58.8196704367 18.8282454011 44.1353732257 1583.70709886 1603.78302251 1990.30370447 23.8925376055 49.3981464807 22.2230603144 22.6090669306 214.86270966 281.209875317 344.862477973 20.0126752102 106.012466105 167.450124795 101.064869081 40.1550597589 40.5297051585 41.0500733582 38.0684899765 17.3024496836 10192.2686431 10201.0115119 10379.4626135 35.1578541079 18.6818592099 862.127439701 47.4699654091 24.3441277438 25.8040648576 25.5684480825 23.5054255257 44.7405154399 122.279217883 198.652926535 1365.38261711 8.10195585012 24.3869720169 16.5361391151 14.7927280728
-9999.0 -9999.0 -9999.0 -9999.0 -9999.0 -9999.0 -9999.0 -9999.0 -9999.0 -9999.0 -9999.0 32.5854539427 201.778454169 31.8596391618 29.0452045445 146.48706081 173.047984143 200.462727944 226.321159837 2699.4004388 2722.45791091 2770.43439596 3118.9741384 3190.12699904 3234.06182512 3256.27261188 3662.33934377 3725.11271548 3746.46534535 3936.08511212 4058.06799201 4077.08564315 4157.46505197 59.2670266547 57.5780514439 17.625636694 12.8782537105 10212.6323012 10438.5991022 49.9333434146 978.545924844 962.689512103 90.6359207376 22.0083101908 22.7821261459 22.1110431522 21.8042238083 43.7524622436 62.6801476602 18.1711303614 1375.89098345 1386.94090722 1437.19826138 1446.08883291 1469.0603009
-9999.0 -9999.0 -9999.0 -9999.0 -9999.0 -9999.0 -9999.0 -9999.0 -9999.0 -9999.0 -9999.0 103.081099255 136.178273984 63.6622129289 94.1537301128 30.1983441277 344.649383815 373.27295291 429.26696631 456.83074808 189.464265372 2998.77716763 3022.49086226 25.4235947015 21.7428222259 22.800213156 45.298109774 24.1768904866 21.926520895 21.3924810311 20.2283488622 4098.91042544 4178.41536369 4254.02637359 4326.12521268 4378.01486622 23.0961905478 7.10008434939 11452.6048281 1005.53283939 995.212531284 19.2729258986 18.6306875284 17.2172911686 40.5489242703 39.9711740997 18.8234466191 19.0597530492 17.5190872327 35.368909852 46.6214410114 8.3270834171 15.5444508813 6.52356623145 7.41662151205
-9999.0 -9999.0 -9999.0 -9999.0 -9999.0 -9999.0 -9999.0 -9999.0 -9999.0 -9999.0 -9999.0 -9999.0 69.6085948479 32.4788994637 30.6056547688 287.82874784 317.145454422 29.1109224272 114.655146897 141.555936992 167.977146669 27.8645171845 22.8647639546 476.506756735 496.266735652 516.279452301 1314.11831754 1333.2977435 1374.03428132 1542.14306009 1657.32808205 1676.96453149 20.1299007614 20.7129477064 17.439063972 4392.12861593 7.42419421837 11615.464415 11604.705718 143.289572881 129.688464176 74.8937783427 18.9898381718 34.5342847239 58.2802177607 57.7638661979 36.5755370498 18.3791884408 35.7505094773 34.7786738011 62.0657270209 11.116320159 28.8053139948 44.945582073 60.2193261148
-9999.0 -9999.0 -9999.0 -9999.0 -9999.0 -9999.0 -9999.0 -9999.0 -9999.0 -9999.0 -9999.0 -9999.0 35.7068119667 101.076060229 132.199421513 227.196222767 29.7291546346 59.8273662907 88.1061754551 330.111371918 356.596535677 384.261612643 408.667401869 433.488531207 657.437740364 731.99566247 780.259231218 23.845438216 126.562161976 150.765362571 1600.54584461 1698.54704293 1742.53628763 1787.12342614 1823.71831179 6223.10740147 8.07239093848 11658.884528 29.0024076218 15.2014037711 111.283666164 92.4292650793 16.9001060643 50.8277796172 74.5644050497 73.7650120983 51.8967733914 85.7193271357 135.806405609 49.8893464003 126.113590587 13.3876213054 24.3469008353 5.37942742968 3.88347505539
