data/baseflow/mHMbf_acc360.asc
ncols                  80
nrows                 72
xllcorner      4374000.0
yllcorner      5656000.0
cellsize            500
NODATA_value       -9999
[rows 0 to 24 of 72, columns 0 to 54 of 80]
-9999.0 -9999.0 -9999.0 -9999.0 -9999.0 -9999.0 -9999.0 -9999.0 -9999.0 -9999.0 -9999.0 -9999.0 26.6178413012 20.9681259473 -9999.0 -9999.0 -9999.0 -9999.0 -9999.0 -9999.0 -9999.0 -9999.0 -9999.0 -9999.0 -9999.0 -9999.0 -9999.0 -9999.0 -9999.0 -9999.0 -9999.0 -9999.0 -9999.0 -9999.0 -9999.0 -9999.0 -9999.0 -9999.0 -9999.0 -9999.0 -9999.0 -9999.0 -9999.0 -9999.0 -9999.0 -9999.0 -9999.0 -9999.0 -9999.0 -9999.0 -9999.0 -9999.0 -9999.0 -9999.0 -9999.0
-9999.0 -9999.0 -9999.0 -9999.0 -9999.0 -9999.0 -9999.0 -9999.0 -9999.0 -9999.0 -9999.0 -9999.0 51.761859407 112.10193582 17.3407655674 -9999.0 14.0259239928 -9999.0 -9999.0 -9999.0 -9999.0 -9999.0 -9999.0 -9999.0 -9999.0 -9999.0 -9999.0 -9999.0 -9999.0 -9999.0 -9999.0 -9999.0 -9999.0 -9999.0 -9999.0 -9999.0 -9999.0 -9999.0 -9999.0 -9999.0 -9999.0 -9999.0 -9999.0 -9999.0 -9999.0 -9999.0 -9999.0 -9999.0 -9999.0 -9999.0 -9999.0 -9999.0 -9999.0 -9999.0 -9999.0
-9999.0 -9999.0 -9999.0 -9999.0 -9999.0 -9999.0 -9999.0 -9999.0 -9999.0 -9999.0 24.736564861 23.9006837807 24.5548908954 23.8921946012 157.655435112 175.724694653 38.9379617306 12.4040577512 -9999.0 -9999.0 -9999.0 -9999.0 -9999.0 -9999.0 -9999.0 -9999.0 -9999.0 -9999.0 -9999.0 -9999.0 -9999.0 -9999.0 -9999.0 -9999.0 -9999.0 -9999.0 -9999.0 -9999.0 -9999.0 -9999.0 -9999.0 -9999.0 -9999.0 -9999.0 -9999.0 -9999.0 -9999.0 -9999.0 -9999.0 -9999.0 -9999.0 -9999.0 -9999.0 -9999.0 -9999.0
-9999.0 -9999.0 -9999.0 -9999.0 -9999.0 -9999.0 -9999.0 -9999.0 -9999.0 24.1380818632 48.5354879705 96.4259015055 47.6276765282 23.2792578495 45.7114411513 197.619222434 266.160698181 14.2510671905 -9999.0 23.5679793657 -9999.0 -9999.0 -9999.0 -9999.0 26.7033983529 13.6025386535 -9999.0 -9999.0 -9999.0 -9999.0 -9999.0 -9999.0 -9999.0 -9999.0 -9999.0 -9999.0 -9999.0 -9999.0 -9999.0 -9999.0 -9999.0 -9999.0 -9999.0 -9999.0 -9999.0 -9999.0 -9999.0 -9999.0 -9999.0 -9999.0 -9999.0 -9999.0 -9999.0 -9999.0 -9999.0
-9999.0 -9999.0 -9999.0 -9999.0 -9999.0 -9999.0 -9999.0 -9999.0 26.0001895244 75.0501032585 98.2013441707 121.394625745 166.553204601 21.9218477477 88.4263395196 109.521706874 410.21896563 18.5979873966 19.4497296605 44.4175263426 64.5519866697 20.9770255689 -9999.0 70.1008672136 57.6196254307 16.0324180562 -9999.0 -9999.0 -9999.0 -9999.0 -9999.0 -9999.0 -9999.0 -9999.0 -9999.0 -9999.0 -9999.0 -9999.0 -9999.0 -9999.0 -9999.0 -9999.0 -9999.0 -9999.0 -9999.0 -9999.0 -9999.0 -9999.0 -9999.0 -9999.0 -9999.0 -9999.0 -9999.0 -9999.0 -9999.0
-9999.0 -9999.0 -9999.0 -9999.0 -9999.0 -9999.0 26.3730059572 24.6499691085 23.9523755883 24.2020760742 24.1523382704 169.752164788 359.537509767 382.523216601 402.150367665 19.0398854928 448.629049738 468.067609999 39.9087965431 20.5662280976 84.3008995857 145.779575055 19.6109112773 128.944452927 21.0304937334 20.5344994759 21.6943819607 -9999.0 -9999.0 -9999.0 -9999.0 -9999.0 -9999.0 -9999.0 -9999.0 -9999.0 -9999.0 -9999.0 -9999.0 -9999.0 -9999.0 -9999.0 -9999.0 -9999.0 -9999.0 -9999.0 -9999.0 -9999.0 -9999.0 -9999.0 -9999.0 -9999.0 -9999.0 -9999.0 -9999.0
-9999.0 -9999.0 -9999.0 -9999.0 -9999.0 -9999.0 52.2392670045 77.0770574975 174.750020128 245.567379607 21.9594294143 22.6621096519 21.5646488683 63.5076551163 485.085139919 18.2421947907 486.639131252 562.251808018 58.5909004757 38.8518376273 164.305428922 20.0035987275 148.6981912 38.9552720482 19.5007840572 39.4434280203 42.9613510184 21.8279795911 22.3889773674 21.9472068301 22.8157700273 45.7335620554 -9999.0 -9999.0 -9999.0 -9999.0 -9999.0 -9999.0 -9999.0 -9999.0 -9999.0 -9999.0 -9999.0 -9999.0 -9999.0 -9999.0 -9999.0 -9999.0 -9999.0 -9999.0 -9999.0 -9999.0 -9999.0 -9999.0 -9999.0
-9999.0 -9999.0 -9999.0 -9999.0 -9999.0 27.0186820145 52.9889576519 25.6764955287 50.0926901949 270.247418979 316.121485927 361.834756198 1130.54071381 21.1126533497 505.677899776 1796.02101652 1811.41412634 2399.6091039 16.4327812943 57.172583071 182.944652214 18.4676165582 368.380151385 200.467062066 122.441059664 102.627869375 20.9662950385 65.1136594274 65.5124559586 43.6735182056 21.177250012 67.5114810255 20.912667733 20.6137558458 -9999.0 -9999.0 -9999.0 -9999.0 -9999.0 -9999.0 -9999.0 -9999.0 -9999.0 -9999.0 -9999.0 -9999.0 -9999.0 -9999.0 -9999.0 -9999.0 -9999.0 -9999.0 -9999.0 -9999.0 -9999.0
-9999.0 -9999.0 -9999.0 -9999.0 -9999.0 26.9590851498 79.1365654389 157.885970727 182.470772475 360.698896118 384.319893446 457.217262311 747.9070071 1191.08258573 1233.40061418 1253.05553913 37.3782066994 2465.90459549 2499.41558604 2594.93747133 3221.14587111 425.144384552 388.207768973 142.033979006 19.3063736198 123.332322414 84.1845180748 18.5451006609 85.0432935026 19.510855013 40.1757197286 107.903809932 128.071175415 40.4917996084 19.6786015385 19.4488523846 -9999.0 -9999.0 -9999.0 -9999.0 13.278445892 11.6267901902 -9999.0 -9999.0 -9999.0 -9999.0 -9999.0 -9999.0 -9999.0 -9999.0 -9999.0 -9999.0 -9999.0 -9999.0 -9999.0
-9999.0 -9999.0 -9999.0 -9999.0 -9999.0 26.5617813385 25.7041339435 104.02749878 128.758336901 154.029490951 24.6093778121 48.9455681825 273.52750228 48.2595307556 23.2007515734 21.6791288413 19.556713525 21.4494138149 20.3079043232 20.9311284084 3240.26450777 3295.9051441 18.3074504898 56.477925387 38.4552480058 141.785802206 37.2756686963 17.8202122108 104.877074142 38.6514230315 92.815003346 225.988163457 208.066741131 60.0728781096 58.2831317173 20.0057929264 19.780763233 -9999.0 -9999.0 19.8582819299 30.1116015509 66.1311997694 12.2862309462 -9999.0 -9999.0 -9999.0 -9999.0 -9999.0 -9999.0 -9999.0 -9999.0 -9999.0 -9999.0 -9999.0 -9999.0
-9999.0 -9999.0 -9999.0 -9999.0 -9999.0 -9999.0 26.7696609906 26.3888170709 52.0708769713 77.5832883495 176.612765162 226.183937203 250.779131101 24.950373268 21.2199007168 277.618926478 341.486366692 361.749676578 445.129160728 464.457637312 19.1533292333 3315.15874622 3408.20108186 74.2727019006 15.3896250842 158.944612945 352.421306704 139.657749738 35.3713223652 17.8407314696 354.684939921 244.327542369 17.7187859666 17.4280654408 76.0693384997 58.5181879202 18.6311075904 17.6440174227 19.2025029553 38.6644359038 18.460467654 80.3629591257 98.0081070144 16.1740925718 -9999.0 -9999.0 -9999.0 -9999.0 18.5028968821 17.5337956651 5.86157586697 -9999.0 -9999.0 -9999.0 -9999.0
-9999.0 -9999.0 -9999.0 -9999.0 -9999.0 -9999.0 -9999.0 26.6070142242 24.0647520653 49.6179357103 74.8270076847 25.0001904095 23.2816488691 143.856382893 189.410047642 235.709975331 21.7976676897 43.1215045337 21.1930463146 484.307203175 1065.3791103 1078.58985141 4521.26630691 18.4646203532 45.6683452319 14.6784349675 369.039090547 17.4296218566 53.4291058677 17.4940391441 372.20103135 389.713905276 35.5053435296 34.9423055319 191.103643343 96.1072557607 36.0234862725 18.4974969837 38.2966339318 57.5050343157 93.6027340476 17.3696431321 129.766122987 144.340407841 13.1399278153 14.3800994852 14.8272031464 13.3962721385 12.8007136882 51.0031311032 21.3954134186 14.8194099273 -9999.0 -9999.0 -9999.0
-9999.0 -9999.0 -9999.0 -9999.0 -9999.0 -9999.0 -9999.0 -9999.0 50.2643621009 73.5507178837 24.8647311373 50.0778792979 73.9270177107 121.818567968 24.2483244414 23.6467767769 21.0084062223 21.273521677 19.5742611288 541.124187965 21.4230612649 42.1158729861 4578.13644837 4618.9957655 19.0178787812 83.9080086694 469.920665101 34.3422935156 69.2086049789 32.4227314552 47.454317834 456.365839261 51.287268638 274.793242521 224.5621084 16.942563638 90.1491569908 36.522377305 55.8254953235 17.2373390899 109.736384369 142.14393521 154.557292612 166.236490152 193.351481875 24.8769139383 26.3753570829 23.948621281 22.6269861483 63.049236377 12.8969745988 49.6775469796 61.9858508016 -9999.0 -9999.0
-9999.0 -9999.0 -9999.0 -9999.0 -9999.0 -9999.0 -9999.0 -9999.0 25.855574843 124.701429472 149.180168864 24.5389985328 48.2728297907 23.7272239625 22.4805931156 22.112632033 274.140350334 364.367394656 446.445725297 526.704975425 20.0660365771 21.0074313547 23.4438942175 4710.61928445 4751.26172303 4768.83195474 628.249499731 138.128829141 119.623131926 14.6317052058 62.1751659844 533.710073542 15.0907870848 290.008866825 16.8572418717 117.463365822 108.471392037 17.7483608733 73.3081541013 34.5791106211 51.4328731416 15.0366536101 11.5005714181 177.742837814 188.139074153 203.715785568 37.8246559806 34.7619262056 33.2224998175 76.5984992732 102.735808279 13.0503076701 74.7104037619 13.7037983066 26.0374503315
-9999.0 -9999.0 -9999.0 -9999.0 -9999.0 -9999.0 -9999.0 -9999.0 -9999.0 25.8105190573 174.174204938 198.498322889 72.2101956463 119.658235873 164.800775323 187.541515786 23.0175933626 69.1628465862 45.9839966388 23.1827080075 22.8644992191 21.2031722624 42.7247524461 73.89384287 24.7338265617 5440.28835768 5459.36156677 17.4074921377 12.9425522598 29.7762909577 44.2148699185 577.270521588 29.1675057738 303.189530237 181.268028507 149.59445638 16.6928840121 34.0036402313 89.0061634124 15.6855489804 66.5752617585 29.6477641256 20.0359392563 9.571497515 216.980537953 428.891915196 45.2204877518 42.3788959743 43.3783579557 10.4516128892 113.276242601 10.2197663207 98.6276137526 12.0079155657 38.328403757
-9999.0 -9999.0 -9999.0 -9999.0 -9999.0 -9999.0 -9999.0 -9999.0 -9999.0 -9999.0 24.0471817208 246.871483638 23.8457321094 47.4622589672 69.5863589198 113.789333922 22.5760069632 46.114581681 22.9467812974 21.8726971685 20.7585998758 41.0703683775 18.7702967619 22.4340806066 43.965582396 23.6151446503 5478.08037336 5513.02010555 5562.2984955 59.3476656205 15.1012305629 30.1250315566 592.829535109 558.226310964 213.167182268 15.8284506175 66.7070033105 50.2505165093 104.745266342 31.3300730637 126.686785685 44.6094393193 32.5888896891 8.53081144606 10.265604907 440.482753731 450.167127939 545.87104986 76.3715385147 21.7132705016 124.752445944 146.202850564 255.20383171 23.5716035849 11.1646843792
-9999.0 -9999.0 -9999.0 -9999.0 -9999.0 -9999.0 -9999.0 -9999.0 -9999.0 -9999.0 -9999.0 13.1010794593 275.965657577 22.9290514367 44.7979212974 202.416254341 22.3604272921 22.2393310003 20.0649242339 42.7740442693 20.9486171557 82.6475126298 119.882554329 137.120181817 60.8127315537 76.6945713255 17.7238391292 21.8659089224 19.9798055302 5655.05889685 5699.52094055 606.584019927 585.692284852 571.997695508 28.0138920687 13.556319317 81.4516801916 215.809186867 119.63817189 46.047106689 186.912711708 74.9030766547 61.351330258 17.2633839401 7.05751862422 6.288833603 7.30718393045 582.065223147 690.265442668 10.5319981243 9.55455758222 10.3776833315 265.636556762 299.407948022 20.2620700505
-9999.0 -9999.0 -9999.0 -9999.0 -9999.0 -9999.0 -9999.0 -9999.0 -9999.0 -9999.0 -9999.0 12.4443546268 306.455406951 377.280689385 21.9525301856 246.140844618 20.9160745599 20.3756437242 40.618807538 104.251842222 20.5024951129 21.3185022805 18.5439407608 173.678393096 191.125019016 285.978979952 320.828739132 339.863279536 356.63173914 376.891016081 6093.57927774 6731.54872368 7344.3606811 7355.23008612 12.2417462527 13.6294159452 245.421379197 230.709090691 14.6509396847 14.6864029826 201.511478803 290.901202807 12.3926746087 145.829164076 134.293479098 35.7931751841 16.3705288026 27.0827449683 11.9700468689 709.691472694 10.0496446707 29.6923408739 37.4476485604 366.548836102 395.323520856
-9999.0 -9999.0 -9999.0 -9999.0 -9999.0 -9999.0 -9999.0 -9999.0 -9999.0 -9999.0 -9999.0 25.2751191831 48.6659702632 400.316943712 442.779284049 21.2864733362 284.085024385 18.7994537192 57.7249762784 123.437559898 39.9134992809 19.3355607342 38.611777351 16.4083956732 32.0362198474 16.1501292473 15.2380596483 14.0432592963 13.2235674712 13.1784151448 13.282278064 16.3784143447 17.6838364158 19.0083282202 7399.47981571 289.640391019 266.637527585 9.88843020423 41.964699466 12.3522291586 10.6478055625 304.155151729 490.832959445 160.495321131 118.339145633 21.5500244761 9.02793541771 8.21058153214 17.8254744717 737.350771192 755.968379342 9.76858755768 10.3962887399 10.5516246043 9.10023316177
-9999.0 -9999.0 -9999.0 -9999.0 -9999.0 -9999.0 -9999.0 -9999.0 -9999.0 -9999.0 -9999.0 -9999.0 22.7630640879 298.148925866 763.104267966 829.644174366 1133.27956567 1149.94054377 275.996985085 202.669946387 59.5985702369 19.0961565277 76.0836718415 93.8644451013 142.339706951 32.967607305 30.9261025881 30.0167178176 58.6003977234 28.2724628848 27.8870960846 13.8204680427 11.5158826249 12.1216184352 7414.42815151 7713.48086057 7725.16774198 9.98293817712 113.4010767 51.0122168548 14.2654804304 535.407196237 31.4033640382 16.2019260306 68.6077590973 14.7140913313 11.5679227253 21.4512765616 29.7484547632 38.9294589408 771.332410903 7.25569797585 6.48047382756 6.58640177673 5.71731523163
-9999.0 -9999.0 -9999.0 -9999.0 -9999.0 -9999.0 -9999.0 -9999.0 -9999.0 -9999.0 -9999.0 24.5028464068 226.955051741 275.238911528 45.3951993694 14.1592571666 33.0008385532 1203.11263961 1219.86623456 1511.90117083 17.6335357915 36.5745284021 16.3872532222 16.609467567 158.511994036 207.613503512 253.325058211 14.6264706053 73.0722469451 115.556848326 68.8549581952 27.5409321233 23.7546927908 23.1910463831 22.2493501668 11.2628187722 7734.56588512 7741.53324188 7870.58789472 23.7257235643 12.6232565578 544.884513978 33.7954441508 17.3011261692 18.737604205 18.624967005 16.5938179169 29.5007891068 83.0637616798 132.304312441 911.343351469 5.46897055509 16.7693648455 11.5786776758 10.3811163251
-9999.0 -9999.0 -9999.0 -9999.0 -9999.0 -9999.0 -9999.0 -9999.0 -9999.0 -9999.0 -9999.0 24.9525038874 155.551272778 24.5176289381 22.3473160848 114.586045816 135.103515969 155.707790821 174.975951118 2055.82825578 2072.81174937 2107.21643635 2364.14429313 2415.084215 2444.60610783 2461.31449932 2753.1283386 2794.18409429 2809.60044494 2941.38810987 3025.86075067 3039.66552749 3090.11013393 36.0232260664 33.6340618238 8.77241057647 7.61538185127 7750.46523114 7911.13624215 33.7324517145 628.91388752 617.865600876 64.1018792962 15.3763604571 15.8114675235 15.2747020323 15.1217051919 30.4628127533 43.3837130122 12.1096967173 918.512372735 926.203325063 961.171575503 967.502541016 983.924614868
-9999.0 -9999.0 -9999.0 -9999.0 -9999.0 -9999.0 -9999.0 -9999.0 -9999.0 -9999.0 -9999.0 79.468630283 105.202392497 49.6781303166 73.3964143379 23.4957603209 267.211163259 288.789311527 331.188344384 349.660877245 141.580677624 2276.87861186 2294.4207806 17.24932549 12.9852024016 12.2574539897 26.1637759128 13.4538496817 11.3404349365 11.0408823278 11.2554306036 3053.62692687 3104.09166124 3152.97410716 3197.52782154 3227.06347071 13.3271417561 4.01706405204 8565.53618629 647.806558788 640.891745487 13.2655959559 12.2729655319 11.5101147084 27.9591371376 27.3557045559 12.8862641201 12.9557223425 11.5173113132 23.2955976698 30.3555471229 5.15607472789 9.59156346551 4.104712743 3.53350551003
-9999.0 -9999.0 -9999.0 -9999.0 -9999.0 -9999.0 -9999.0 -9999.0 -9999.0 -9999.0 -9999.0 -9999.0 53.6664412826 25.363964372 23.9597365494 224.10534947 246.229822256 22.0598108032 86.384054826 106.47827191 124.790282488 19.824087065 16.3241356044 357.280609423 370.743185213 383.845155706 989.496940894 1000.48198927 1021.40778328 1112.73988557 1172.22810855 1181.72197102 10.1354043342 10.5630573227 9.57919066856 3238.53140043 5.458761385 8673.75982864 8666.47945048 93.9975269413 84.4724972246 50.6089554455 12.8719422196 22.5429653508 39.6322131502 39.2018308434 25.112462926 12.3906614266 23.7426575178 22.9784531641 40.317245924 7.75895212812 17.1577435538 27.9514438114 35.5160754745
-9999.0 -9999.0 -9999.0 -9999.0 -9999.0 -9999.0 -9999.0 -9999.0 -9999.0 -9999.0 -9999.0 -9999.0 27.4609265842 78.3544574491 102.753685948 176.944922487 22.1445744986 44.8943002022 66.3370518933 255.452748161 273.817668399 289.456822189 307.5860102 326.535678347 509.307937257 564.568791057 594.669132166 13.1342864393 70.2029856698 82.5467525512 1142.40387879 1192.63983681 1215.61335883 1238.89978066 1258.56289015 4503.45001977 4.29002452178 8701.45677042 17.3386266811 8.33091668034 72.0608057911 61.4629801943 9.7324718311 32.881290135 49.6921647328 48.7974466904 34.3201267464 56.1913340793 88.4606609476 32.3621431307 81.4259250559 7.85775613406 13.3568377772 2.81824592893 2.23356781116
