data/baseflow/mHMbf_acc506.asc
ncols                  80
nrows                 72
xllcorner      4374000.0
yllcorner      5656000.0
cellsize            500
NODATA_value       -9999
[rows 25 to 49 of 72, columns 0 to 54 of 80]
-9999.0 -9999.0 -9999.0 -9999.0 -9999.0 -9999.0 -9999.0 -9999.0 -9999.0 -9999.0 -9999.0 -9999.0 31.2072114607 61.9580111804 29.2156399288 58.6341459333 27.2767094673 201.92022331 255.202303337 282.181113593 25.560540244 50.1165574294 456.503722088 572.673068696 595.232264811 45.8161424133 50.3738531722 76.2824188903 18.4657062918 17.3421483446 33.0230963412 13.3914318205 684.857187177 700.217112617 712.931846768 5901.23349556 11548.9408964 11455.8405917 23.4087224109 10.6614211693 9.69876944774 42.6676924989 32.6658765961 70.7158855614 92.997976117 185.489812633 16.9592359092 16.9180427722 154.240405232 170.744804252 327.073269039 336.456726941 362.871487697 372.628077132 9.12657689064
-9999.0 -9999.0 -9999.0 -9999.0 -9999.0 -9999.0 -9999.0 -9999.0 -9999.0 -9999.0 -9999.0 -9999.0 -9999.0 30.3265247955 60.1982361631 89.9257285245 145.846604962 29.0327740008 27.1960389212 172.196546811 197.666377844 408.332362704 433.489242924 71.4698944238 24.7570610436 23.0949481587 22.8041561369 588.22501017 605.774959497 624.375889507 640.869648187 669.687311 147.483923747 158.105314428 886.774977735 18342.0598835 77.5652321316 63.7005146603 33.4019614846 8.45177161986 8.14072256715 61.6414500999 68.4950002796 88.8061534745 9.48173297494 197.65700902 31.6051600421 31.3389927593 8.7255039103 5.73897473877 4.63914775276 3.68156395928 4.52589088892 377.10880231 4618.98513796
-9999.0 -9999.0 -9999.0 -9999.0 -9999.0 -9999.0 -9999.0 -9999.0 -9999.0 -9999.0 -9999.0 -9999.0 -9999.0 -9999.0 29.5130176759 51.9747570115 71.2896947258 90.8760079738 117.963939831 145.591633053 81.2251928905 134.692209255 25.2911619726 24.7366988011 474.851667698 523.067925281 545.778223363 569.642858645 19.0198288472 35.7718458339 92.6710929894 115.037213959 132.973041733 12.9757325578 7.34078058323 18369.5010824 12.7724221903 19.0141058591 11.4552836582 35.0779106467 16.0383530476 9.29149427292 164.646442508 169.355322256 4.58302964503 202.34108347 242.210052108 42.3474792356 4814.41796954 4799.88306268 4788.78759037 4769.78340345 4763.02498465 4646.69976405 4641.15355986
-9999.0 -9999.0 -9999.0 -9999.0 -9999.0 -9999.0 -9999.0 -9999.0 -9999.0 -9999.0 -9999.0 -9999.0 -9999.0 -9999.0 5.01712318421 11.3899791881 19.5911695611 175.499391068 203.513006069 28.0988688144 27.3138774953 26.8616852675 375.245379641 426.668434313 25.0745348961 25.479088817 22.4317028076 91.5525011555 113.995519177 58.6641783576 76.2235082938 515.625495873 535.321334491 562.403917939 909.546767458 19284.9042311 12.7507215222 9.11625562656 53.9131162894 44.7470975887 5.35235182713 20.4742627988 26.0392871686 175.28611874 180.109385101 434.132843063 244.932287381 47.359710821 4929.91142894 44.202928269 4779.4800428 4774.85820799 109.514528114 3.09228639013 17.5758072222
-9999.0 -9999.0 -9999.0 -9999.0 -9999.0 -9999.0 -9999.0 -9999.0 -9999.0 -9999.0 -9999.0 -9999.0 -9999.0 -9999.0 24.9727181623 41.1999073026 86.9458742952 151.288653557 220.609501946 270.43705285 297.351358421 324.43939652 350.609195212 25.4921475355 24.173264224 47.8277643325 45.7141701071 23.4786497845 441.919165035 463.992913831 484.860881368 504.721800704 305.461002061 325.773482796 340.0787498 19290.0389621 20.495075726 29.8705720409 90.1251083656 9.18034610495 9.95142471006 4.83553217845 5.2250791454 30.6220151832 4.01263355411 4.28593825359 5386.59998032 4949.29910367 4945.11115122 17.0318569067 37.4327075463 24.9190258515 6.345886038 102.917603555 29.7834368321
-9999.0 -9999.0 -9999.0 -9999.0 -9999.0 -9999.0 -9999.0 -9999.0 -9999.0 -9999.0 -9999.0 -9999.0 -9999.0 -9999.0 17.4162609133 16.4444851412 32.2996027677 48.8141075319 26.1677297707 29.4826197141 57.13175994 84.7056633327 137.192910068 163.08613216 187.171249432 259.592095824 282.334819854 306.418939844 22.6239181776 224.280088991 245.254243392 266.32902709 19.8767456985 13.2490124567 22.4838286845 19652.2014322 19657.209883 19689.6200846 114.766955585 18.3143293385 22.6695391978 7.10203040343 9.39413518641 34.79379355 42.5058440683 7.86588363633 5405.06008659 5.43462988334 9.08608250138 10.3937698785 6.87773091784 13.836187167 5.62981730643 65.9301055131 53.011111238
-9999.0 -9999.0 -9999.0 -9999.0 -9999.0 -9999.0 -9999.0 -9999.0 -9999.0 -9999.0 -9999.0 -9999.0 -9999.0 -9999.0 -9999.0 15.6997864665 30.9147295228 15.2468210778 31.9732986932 197.796010949 221.391994502 248.580772523 26.1714614375 26.1410797796 50.3363039036 74.87093835 120.032972492 143.099050748 157.514531018 179.659694656 19.87854782 19.8252713897 306.777004453 319.318740582 327.239786462 334.208449541 270.241978066 19987.8287232 20146.3491114 20152.7631964 20181.1170427 20211.7187933 20224.7314158 3.9274638626 46.1476960664 5408.59113045 8.9950550821 4.61367651637 3.93940187282 3.65489169615 6.66784298815 7.52688004591 4.33506911563 6.48731068113 6.45622667832
-9999.0 -9999.0 -9999.0 -9999.0 -9999.0 -9999.0 -9999.0 -9999.0 -9999.0 -9999.0 -9999.0 -9999.0 -9999.0 -9999.0 -9999.0 -9999.0 45.8478080883 61.6659242506 109.196376623 147.314324123 20.9185441303 297.752080841 323.468999351 348.689792402 24.7468578825 48.9208638967 22.4665762376 164.867118421 178.000366718 199.211303318 223.290675803 278.637772228 288.45652255 6.17146998704 244.600311857 258.083799562 263.826177888 292.844418532 38.3270295629 24.7728168665 16.1616149215 14.1546429982 20242.1883234 20248.6574137 20325.1841028 5411.97506465 24.0123142208 11.7928420435 7.44468606839 2.84567937827 22.7955183832 12.6468723489 3.95683468492 21.7908371916 18.4451863364
-9999.0 -9999.0 -9999.0 -9999.0 -9999.0 -9999.0 -9999.0 -9999.0 -9999.0 -9999.0 -9999.0 -9999.0 -9999.0 -9999.0 -9999.0 -9999.0 16.2297760648 77.5203926793 94.261869958 22.290251956 27.5781956376 55.2639791014 81.2184328837 455.245888992 24.6946750729 98.8404552476 121.830096882 144.348293691 14.663497078 34.2599160348 47.1321554883 193.110707225 219.913783561 225.255715966 6.65720873674 7.26031630854 9.31188567731 16.7004703815 7.82860449252 8.48276670207 13.9014511025 10.3483559149 12.1653575155 26.865284466 20331.0789167 25757.8954238 31.8620126756 8.21369429611 3.17479767989 73.4731819535 67.2590970319 40.394604235 36.3333035801 27.4174572698 6.34775116982
-9999.0 -9999.0 -9999.0 -9999.0 -9999.0 -9999.0 -9999.0 -9999.0 -9999.0 -9999.0 -9999.0 -9999.0 -9999.0 -9999.0 -9999.0 13.7049314212 44.5414046211 14.6161043428 27.0640990753 29.8368281695 57.6054157105 84.8045626987 107.148940857 577.729814926 601.694917573 24.4982853284 47.4922656315 70.5987009951 87.4505556169 107.455960152 174.183881802 186.292299394 19.5384392369 12.6376824554 10.4657203227 7.04794449576 13.5507567918 13.0269745698 14.7934302438 16.3488312396 43.732536248 17.1329675403 4.69384948946 4.46343462245 5.42202134382 10.3147537465 26012.3747288 217.641740502 88.3318204585 5.92939636151 2.63352078941 2.28019211988 8.99328053284 6.59028275402 3.53228335916
-9999.0 -9999.0 -9999.0 -9999.0 -9999.0 -9999.0 -9999.0 -9999.0 -9999.0 -9999.0 -9999.0 -9999.0 -9999.0 -9999.0 14.394048478 27.8542179446 100.241064569 13.8432956795 47.7312914808 77.2042145978 105.169350113 28.209871735 53.7102617348 72.9652102053 689.223484412 23.6278738859 45.7316738661 68.1050576695 21.3100448247 42.5931686843 61.7685360496 74.8479041883 1415.13897713 1440.14440098 1467.56718165 1565.63767144 1595.58209268 1662.32845374 33.2722117544 69.0070385782 59.9082386543 1896.3699238 1906.04069986 4.17161300041 8.41768532453 12.4578279998 26014.8810254 203.001495084 107.252195141 104.014606563 72.595536729 59.7472403929 11.9419653071 2.65954964125 5.68770757881
-9999.0 -9999.0 -9999.0 -9999.0 -9999.0 -9999.0 -9999.0 -9999.0 -9999.0 -9999.0 -9999.0 -9999.0 -9999.0 -9999.0 14.582908609 44.3379433293 159.135721732 234.356751285 12.1326907846 306.512046138 426.609871203 26.8600545571 52.0686701467 73.1253755443 896.769116199 913.082599299 19.5971391233 107.511615218 126.807908265 145.607020002 1254.27508883 1302.40518562 1324.56754278 10.780525603 64.8123502389 79.2810756385 30.0285413902 43.1522620388 1722.8459396 1810.54812455 1820.93622797 1830.69096782 1917.70924374 5.71701297561 5.08551342274 21.5124898435 26018.2516307 4.1224207916 9.6591578518 28.7072183202 10.4144418653 55.088981023 38.217915211 22.5530866065 16.6690810317
-9999.0 -9999.0 -9999.0 -9999.0 -9999.0 -9999.0 -9999.0 -9999.0 -9999.0 -9999.0 -9999.0 -9999.0 -9999.0 -9999.0 -9999.0 -9999.0 30.8862200493 61.9920252026 277.134989563 292.64155841 440.08591318 455.114222454 26.280733604 52.4738725619 121.905924505 925.859212447 963.048927638 978.642199694 12.9001810815 1039.22362336 1090.03503102 29.990504529 10.2498310496 20.321854713 39.2358703565 9.399905555 18.8070699131 41.6133015744 51.8854787519 9.77231840765 6.76934317966 13.3606665104 1970.81801696 1993.32818023 1997.71685729 2030.79177654 26021.2816428 2.81573939575 7.28457022156 8.36175433872 8.00783808992 8.18645672145 7.10116367903 13.3810851651 1.97637890518
-9999.0 -9999.0 -9999.0 -9999.0 -9999.0 -9999.0 -9999.0 -9999.0 -9999.0 -9999.0 -9999.0 -9999.0 -9999.0 -9999.0 -9999.0 -9999.0 16.0764573643 15.6636616649 15.3761826764 30.8460240208 13.3856963037 481.78326595 495.490488891 23.0867315571 47.5501505895 23.3715886722 18.7331747439 18.1252729102 1013.16602087 17.2678955311 35.1922448729 14.981827316 11.1825820457 9.55205350094 7.64436997043 7.93188517908 24.3794761627 33.3721192751 6.67500041413 5.88913829123 12.7038491406 20.9880741588 28.2773569837 10.990877216 2004.64926461 2035.35625767 26023.2478901 25.0557515652 19.2363981047 5.58572546496 12.5775518252 4.65883287015 3.66993577359 17.3454438295 11.0150273651
-9999.0 -9999.0 -9999.0 -9999.0 -9999.0 -9999.0 -9999.0 -9999.0 -9999.0 -9999.0 -9999.0 -9999.0 -9999.0 -9999.0 -9999.0 -9999.0 -9999.0 -9999.0 15.4783741367 44.8303449262 56.990695688 69.9703825861 508.32735667 521.364920937 534.629927456 551.428182569 569.099774351 605.442202174 621.605388027 638.339656811 651.474422815 10.0831878197 9.600193247 9.73227702126 33.626943311 8.7695471101 8.45813477412 6.81259729259 19.9294759254 7.62881203526 6.09641363614 5.69149568712 4.86555378498 9.71287864537 14.1954617708 2064.7481427 28115.4544727 2.86936184407 5.80117397706 4.90293044734 17.5505507026 10.0986141684 7.3771126099 37.9364130081 18.9710710568
-9999.0 -9999.0 -9999.0 -9999.0 -9999.0 -9999.0 -9999.0 -9999.0 -9999.0 -9999.0 -9999.0 -9999.0 -9999.0 -9999.0 -9999.0 -9999.0 -9999.0 -9999.0 -9999.0 12.5119321958 101.380280615 198.915533021 212.418126298 20.5178730262 43.6401940271 67.9823830277 89.2231378778 224.392148292 235.457992801 10.553722001 10.5357657622 676.927929266 697.491525962 706.278645438 40.2976919973 5.78720249515 14.6876183707 21.5575990602 65.0319719839 79.6238980703 91.4602233382 10.9433285223 15.4551967219 5.26205280983 10.4582694398 5.38234021978 28124.6709961 2.45818085588 10.7102594364 7.75687883418 28.0063074597 52.8440127924 61.6641620927 101.117662088 25.7537286234
-9999.0 -9999.0 -9999.0 -9999.0 -9999.0 -9999.0 -9999.0 -9999.0 -9999.0 -9999.0 -9999.0 -9999.0 -9999.0 -9999.0 -9999.0 -9999.0 -9999.0 -9999.0 14.2098264809 45.5559859652 89.0547042018 116.143381592 295.819652461 312.559977804 49.9127967068 74.3705711491 96.5267918366 117.847219503 249.497725786 272.057437371 502.620482064 521.913454357 536.86234374 714.526902284 775.619021891 13.9117635661 9.34555870231 8.88327418076 17.149072432 7.85493798394 106.61683838 112.344517867 20.7933862024 28.7050819222 10.6034577091 5389.99590042 5403.14386939 33532.9747775 33546.4874425 2.78624655335 33.8527082843 6.50410178719 5.81258017003 114.205326201 143.264529581
-9999.0 -9999.0 -9999.0 -9999.0 -9999.0 -9999.0 -9999.0 -9999.0 -9999.0 -9999.0 -9999.0 -9999.0 -9999.0 -9999.0 -9999.0 -9999.0 -9999.0 -9999.0 -9999.0 16.3811892404 15.9642353213 29.9202289108 70.7702787209 325.840520263 25.3742703526 25.0992119826 46.8729076476 69.1186129072 176.359647134 195.10114857 13.6301621871 11.9537976878 549.149896231 557.517463164 1344.07157324 1355.10362629 5.28680017343 4.71372443271 4.16587191166 4.20186239732 4.67067624857 5272.40975388 5307.35470079 5342.4673187 5359.95071857 5381.97319686 6.1619053512 22.9609826789 28.178148237 33582.8324827 33584.036378 33585.2208649 33590.3358298 33595.5759248 153.539683144
-9999.0 -9999.0 -9999.0 -9999.0 -9999.0 -9999.0 -9999.0 -9999.0 -9999.0 -9999.0 -9999.0 -9999.0 -9999.0 -9999.0 -9999.0 -9999.0 -9999.0 -9999.0 -9999.0 -9999.0 14.4353844614 15.2190297435 28.0852752188 380.554069338 394.803715727 24.8029562774 46.4848067833 69.0343887644 89.6441581139 19.324112828 35.2100781158 1012.39054913 1021.72030957 1033.578204 1110.32381481 2475.55868995 5053.86932358 5066.4004088 5078.14901176 5089.4572492 5138.64086926 5154.34213775 29.6958858097 13.4528538508 7.84702049782 14.8493940771 11.4711994483 18.0315281388 5.6602474825 128.761263412 141.806175317 150.765558829 153.409278305 33597.5849864 33758.5634914
-9999.0 -9999.0 -9999.0 -9999.0 -9999.0 -9999.0 -9999.0 -9999.0 -9999.0 -9999.0 -9999.0 -9999.0 -9999.0 -9999.0 -9999.0 -9999.0 -9999.0 -9999.0 -9999.0 -9999.0 -9999.0 14.7172454962 28.1591180343 41.7004356092 406.1787095 16.646595912 565.614238296 588.659522468 608.674114185 625.437804099 945.694030716 962.31121345 9.67437025261 53.9223128534 67.0045657681 9.97234968483 2565.916411 2547.56430264 6.39603141073 14.2814910192 38.6257033209 8.52744127765 9.00122433792 6.868881074 5.98187966584 4.80088284861 5.51536399403 110.663341588 116.389914896 123.152597452 8.98490861872 6.22188405827 156.808015251 159.94186295 162.005854599
-9999.0 -9999.0 -9999.0 -9999.0 -9999.0 -9999.0 -9999.0 -9999.0 -9999.0 -9999.0 -9999.0 -9999.0 -9999.0 -9999.0 -9999.0 -9999.0 -9999.0 -9999.0 -9999.0 -9999.0 -9999.0 13.2503073975 12.4083523325 64.5796341479 497.406021148 527.464519268 544.089154686 22.1043841472 273.432182604 292.784727685 301.689949194 15.1386559453 26.4969364488 35.906056507 599.97080653 607.710499722 614.764549347 2534.22798348 1503.91154808 7.7327384695 8.23764965315 7.97257041363 6.52218087077 66.542951413 79.9139834369 91.800130037 98.3821190409 104.741655582 741.667417361 746.766456744 754.774040322 770.908460532 839.789944635 842.439186037 1007.20007525
-9999.0 -9999.0 -9999.0 -9999.0 -9999.0 -9999.0 -9999.0 -9999.0 -9999.0 -9999.0 -9999.0 -9999.0 -9999.0 -9999.0 -9999.0 -9999.0 -9999.0 -9999.0 -9999.0 -9999.0 -9999.0 -9999.0 25.9248452015 39.7706374533 14.4929261719 25.1372494454 192.305663857 215.001202568 231.945801278 119.495887911 137.995321689 156.037672595 166.922293667 582.949781207 593.270919085 391.648585359 1015.10357965 1023.26182646 1497.2545971 16.5399770064 8.46851400373 6.24836170603 45.7489666343 53.7326054272 5.17554300349 4.85198153195 719.546706184 731.322806714 737.109274519 6.6083678234 10.7790976457 826.225415473 6.1928937414 20.9365588492 23.1673754464
-9999.0 -9999.0 -9999.0 -9999.0 -9999.0 -9999.0 -9999.0 -9999.0 -9999.0 -9999.0 -9999.0 -9999.0 -9999.0 -9999.0 -9999.0 -9999.0 -9999.0 -9999.0 -9999.0 -9999.0 -9999.0 -9999.0 13.0419425625 25.7763748846 109.494040124 124.637145626 144.299673889 84.2044297162 101.869033344 17.9519468461 374.547422783 391.110448012 406.357204149 11.3648377677 372.401587456 383.076412883 8.41837311168 1454.43658282 18.2341707118 9.04204727179 24.3968622258 32.8904936393 6.74560436135 5.65463123782 660.041641995 708.790287665 715.605852698 7.05679809843 16.1090856502 20.3141117754 25.9555166346 49.3763333994 7.67668273953 17.2302569292 3.37420523062
-9999.0 -9999.0 -9999.0 -9999.0 -9999.0 -9999.0 -9999.0 -9999.0 -9999.0 -9999.0 -9999.0 -9999.0 -9999.0 -9999.0 -9999.0 -9999.0 -9999.0 -9999.0 -9999.0 -9999.0 -9999.0 -9999.0 12.826081931 40.5137504376 70.9346717117 17.7332367886 41.9278843535 64.3148395642 303.62540894 323.16407708 340.285778466 16.0116229567 292.401929004 339.692312251 352.302133817 10.501920839 1418.30231364 1438.04140413 9.46275649759 8.71577900682 17.5806457997 7.4340456565 622.360547875 636.031014727 644.07439323 30.8355441955 38.1254961418 6.43780037679 11.6155814336 5.21959659385 37.2933497757 5.33519055411 4.46532013812 4.73761020411 4.84628543068
-9999.0 -9999.0 -9999.0 -9999.0 -9999.0 -9999.0 -9999.0 -9999.0 -9999.0 -9999.0 -9999.0 -9999.0 -9999.0 -9999.0 -9999.0 -9999.0 -9999.0 -9999.0 -9999.0 -9999.0 -9999.0 -9999.0 -9999.0 14.1585162539 15.8857962825 21.3972196226 200.400469306 221.672217447 284.636002194 19.1785313678 224.420363011 261.546067687 16.7441570966 33.5115809016 12.9863805047 1385.68406314 13.2320906892 31.9593072315 39.6495700978 47.9284112794 571.409357106 600.505834455 609.091723294 8.64772546445 16.3029978123 23.3023977345 4.59657872901 4.19598261397 1498.52908848 1502.74568137 1506.24686654 1540.49557087 1544.81883831 1550.48981044 1554.32522459
