data/baseflow/mHMbf_acc301.asc
ncols                  80
nrows                 72
xllcorner      4374000.0
yllcorner      5656000.0
cellsize            500
NODATA_value       -9999
[rows 25 to 49 of 72, columns 0 to 54 of 80]
-9999.0 -9999.0 -9999.0 -9999.0 -9999.0 -9999.0 -9999.0 -9999.0 -9999.0 -9999.0 -9999.0 -9999.0 22.6802418794 44.7729162049 21.8820668037 44.0479290884 20.3002904129 149.833561554 189.866238896 210.333094101 19.9966011229 39.4174435526 351.171820708 444.992715245 462.508965885 36.9134804424 32.6156717968 48.9162781475 14.5159939114 13.3926133209 25.3417778758 10.0428682022 533.417224488 544.149484501 551.426582487 4423.28200925 8280.54154682 8217.09956221 17.7310200363 8.32161195995 7.57737674014 30.7152591495 23.2781642554 48.8750961525 64.4010408294 128.12651976 11.9954788804 11.9705602047 108.228877909 120.164737047 235.249940686 242.960803513 266.561306616 275.024420096 7.38008459868
-9999.0 -9999.0 -9999.0 -9999.0 -9999.0 -9999.0 -9999.0 -9999.0 -9999.0 -9999.0 -9999.0 -9999.0 -9999.0 21.6260951663 43.9254730981 66.1633694637 108.138833743 21.5536384626 20.3569016328 131.000393302 150.571048741 312.239582033 332.800840411 58.6509431643 19.4727143325 17.8021681627 16.2250556424 459.457066093 473.138563972 487.951468958 500.837885449 522.739976098 112.566852788 120.322844847 677.865102193 13386.3540937 54.8179948111 44.9696075025 25.5120686387 6.44281603947 6.19217242389 45.4937807825 50.5764088997 62.4959951065 7.08039931419 136.969886826 22.3447622987 22.1484153519 6.63959692982 4.39757334265 3.72123923957 2.83675119632 3.889361376 280.567630916 3880.93797331
-9999.0 -9999.0 -9999.0 -9999.0 -9999.0 -9999.0 -9999.0 -9999.0 -9999.0 -9999.0 -9999.0 -9999.0 -9999.0 -9999.0 21.8984457671 39.3580540169 55.0443231444 70.7051376388 90.6549247852 111.158770773 60.8523445754 102.134408845 20.2906701443 19.6376039436 370.779379009 408.612897852 426.360892211 444.832616107 14.8077632527 27.7039729736 73.329208409 88.9192976515 102.203007048 9.69264695503 5.71120020445 13408.0861583 9.35926035774 11.1298378206 5.36362761378 25.7913327019 12.8427936933 5.1605129367 118.690259201 122.271670789 3.29359432364 140.399842987 166.750667244 26.9568511667 4063.20921674 4053.12361884 4044.70349136 4029.94684544 4024.90291392 3912.2285301 3908.47925782
-9999.0 -9999.0 -9999.0 -9999.0 -9999.0 -9999.0 -9999.0 -9999.0 -9999.0 -9999.0 -9999.0 -9999.0 -9999.0 -9999.0 4.03366340175 9.20576091549 15.4553486469 140.015335289 160.498728617 20.6344365927 20.5343497979 20.4777860524 292.573227814 333.117613925 20.2746794353 20.38425409 17.2399229886 71.1213257277 88.6542164722 45.3798855079 60.6300267068 399.652882624 413.961364877 434.210851598 699.19747796 14112.3610369 8.45386050633 4.4021033046 38.6120480699 32.4817449769 4.48719329275 14.2932346885 18.4651132717 126.756105443 130.304799762 307.141316969 170.33223 32.9946227107 4150.91056279 34.2947614625 4037.3736007 4033.86355507 107.053384871 6.08389596994 23.4271378338
-9999.0 -9999.0 -9999.0 -9999.0 -9999.0 -9999.0 -9999.0 -9999.0 -9999.0 -9999.0 -9999.0 -9999.0 -9999.0 -9999.0 20.4512964202 33.5535022622 69.9247727171 121.665344432 174.636633127 212.595418234 232.544296261 253.118231414 273.545111602 20.036321999 19.0972692648 37.7238913653 35.5269691583 18.5599682407 341.285468734 358.36525869 374.20388923 389.868012486 235.466611635 248.561484328 259.098801586 14116.5946599 14.5682409484 10.1179793696 53.7386177384 6.62292567478 7.60990162101 3.81271467163 3.85007088554 21.9386113757 2.86733479093 3.07507898134 4475.35162938 4166.15204194 4163.24965115 14.0496706083 30.8122264635 20.524649542 5.34046895279 97.9568996144 29.3853840735
-9999.0 -9999.0 -9999.0 -9999.0 -9999.0 -9999.0 -9999.0 -9999.0 -9999.0 -9999.0 -9999.0 -9999.0 -9999.0 -9999.0 14.2029657126 13.0868530374 25.6537720932 39.2340196341 19.8378619106 22.3850117343 43.493300595 64.3313992396 104.861303327 124.768741109 142.679846609 199.240256343 216.944257493 236.290677675 17.4280382574 173.327670843 189.34341703 205.941358502 15.4643361341 12.3005615516 20.0635940763 14400.2994938 14404.3126858 14426.6253832 72.5071475799 13.5936972776 12.5513767455 3.50567552737 6.77635135312 24.9129742863 30.3778702478 5.56235088274 4488.7117107 4.11928785156 7.49337035509 8.61480441823 5.75582891055 11.581200012 4.64756080718 62.411093419 51.2806128965
-9999.0 -9999.0 -9999.0 -9999.0 -9999.0 -9999.0 -9999.0 -9999.0 -9999.0 -9999.0 -9999.0 -9999.0 -9999.0 -9999.0 -9999.0 12.2691117594 24.2739913103 11.9477550146 24.909076917 158.409097069 176.070703891 196.257302779 20.1883280995 20.1095186655 38.0691181848 57.0387803975 91.708478224 109.759849569 121.975655793 138.866157886 14.667372421 14.6298033655 235.930556862 247.218934967 253.612649271 259.262212089 221.272473475 14671.0816532 14777.3954224 14782.4968691 14799.7242403 14821.230033 14830.0840164 2.59623327125 32.8765523368 4490.9176789 6.06995625455 3.12768892262 2.97087180801 2.8135376009 5.10638137009 5.87471769434 3.50363585749 5.67745959761 5.90079583691
-9999.0 -9999.0 -9999.0 -9999.0 -9999.0 -9999.0 -9999.0 -9999.0 -9999.0 -9999.0 -9999.0 -9999.0 -9999.0 -9999.0 -9999.0 -9999.0 36.1420086111 49.1323180227 88.1283517295 119.323847778 17.2236319757 235.145158044 254.975588335 274.117184709 18.617090902 36.8405374194 17.0046849017 126.244191016 138.029238109 154.625580081 170.364597432 212.991978176 222.099044099 5.6827760874 200.163905454 211.224420847 216.039655308 240.199516862 29.5321307975 18.3633976138 11.5461966766 11.3266211192 14840.1467493 14843.3651732 14898.6811772 4492.89415495 16.5207377076 8.4328063512 5.42754121213 1.93964468551 17.4044110219 9.77902102367 3.02678873819 17.7854602121 15.2715270893
-9999.0 -9999.0 -9999.0 -9999.0 -9999.0 -9999.0 -9999.0 -9999.0 -9999.0 -9999.0 -9999.0 -9999.0 -9999.0 -9999.0 -9999.0 -9999.0 13.0538284065 62.0532339256 75.9061023046 18.1002503466 20.7809597964 42.0511818201 62.2738760484 355.308787747 18.4192205771 74.2657411714 91.5851744023 109.170260706 12.3454707132 28.1908312708 40.486005726 157.154698305 178.981400591 183.661740188 5.45728937711 5.88571776197 7.60691333301 13.998089579 6.38300912316 6.86104875399 10.0889789134 9.73533831205 10.1896876855 20.4696317723 14902.599187 19405.034016 20.160182139 5.06173064324 1.80981302514 57.0918757869 52.8050407066 32.3759752689 29.3427305329 22.3345889367 5.5352550953
-9999.0 -9999.0 -9999.0 -9999.0 -9999.0 -9999.0 -9999.0 -9999.0 -9999.0 -9999.0 -9999.0 -9999.0 -9999.0 -9999.0 -9999.0 10.6310008478 35.5698232232 11.8590141923 20.3433827018 21.8656937525 42.8482700618 63.4381893455 81.0385602799 449.235707004 467.030633067 18.3767389162 35.7300309879 53.1919637732 68.4349205861 85.1909090842 141.222006772 150.928794741 15.3595705059 10.956243712 9.78916308482 9.57875025246 10.3031698145 10.8611501464 9.77834013426 13.2971383993 31.9929459504 14.911121065 3.46265072929 3.28790661356 3.68186739255 6.88673531821 19600.3774825 169.878298429 65.64371966 4.2301675704 1.80313817922 1.63767014062 6.6371468406 4.83995743796 2.62409911163
-9999.0 -9999.0 -9999.0 -9999.0 -9999.0 -9999.0 -9999.0 -9999.0 -9999.0 -9999.0 -9999.0 -9999.0 -9999.0 -9999.0 11.3422987658 21.6197266405 79.2189789235 11.1517713921 37.1315992615 58.5815871386 79.270342831 21.0441092992 40.1698154044 55.7032133028 534.867391969 17.381346013 33.7395838054 50.9045249871 16.4501927049 32.8537461047 47.7792732363 57.7049800456 1108.26349575 1127.74162451 1144.68021418 1211.17062192 1242.45738628 1298.5547337 13.4360604595 32.6400708211 38.6980307348 1451.38430325 1458.10674698 3.0055454791 5.67107296149 8.19203382031 19602.5351527 158.728672305 88.0051134959 85.893344305 57.0708365278 45.3253530484 8.76932766816 1.96266878153 4.22756093002
-9999.0 -9999.0 -9999.0 -9999.0 -9999.0 -9999.0 -9999.0 -9999.0 -9999.0 -9999.0 -9999.0 -9999.0 -9999.0 -9999.0 11.778670244 35.2988103997 126.065440469 185.626188814 9.81227854329 244.517919401 336.39536362 20.2020782001 39.1301884839 55.6641919591 694.384573692 707.489282095 14.9258913529 81.4708225789 96.1025722933 110.592909359 980.310807354 1020.29727991 1039.20707427 8.56861017998 48.1227072559 57.1882427321 24.5023709019 35.2635425705 1346.40235208 1393.57933675 1401.53032168 1408.86402894 1465.69232015 3.7174989824 3.18533325671 13.7902176747 19604.4350828 3.04336988851 8.97777345927 27.0627074666 10.161216832 42.1005431764 27.9566060105 16.452716679 12.1763466628
-9999.0 -9999.0 -9999.0 -9999.0 -9999.0 -9999.0 -9999.0 -9999.0 -9999.0 -9999.0 -9999.0 -9999.0 -9999.0 -9999.0 -9999.0 -9999.0 24.5876813737 49.2493320669 220.025882495 232.781879277 347.318649674 360.069206429 19.977540316 39.8784095713 93.2988316669 718.62835772 748.500338405 761.35226212 10.6197512341 811.97250372 855.08402706 25.7985523598 8.70031955935 16.7746133834 32.5919140317 7.82853206422 15.4808530579 33.2627169102 41.474067177 7.89074924524 4.98041189975 9.7215582446 1505.57002029 1519.34977616 1521.96212649 1543.20980576 19606.0165379 1.81949035805 6.33666330917 7.63383740108 7.27580452125 7.46811777487 6.43211512393 12.0354239623 1.41323777775
-9999.0 -9999.0 -9999.0 -9999.0 -9999.0 -9999.0 -9999.0 -9999.0 -9999.0 -9999.0 -9999.0 -9999.0 -9999.0 -9999.0 -9999.0 -9999.0 12.8403727421 12.478045532 12.4345274795 25.7976954391 11.2911793955 382.443852523 394.152315613 17.7149942807 36.4847809054 18.4186615875 15.9737785092 15.4449692519 790.625772128 15.0176820245 30.7648144858 12.6627893137 9.16972794625 8.0262617422 6.14377202014 6.42211457389 19.6288532109 26.9746933639 5.08171477142 4.37975962021 9.44649082019 15.8344342286 22.8502341251 7.42952879272 1526.54573523 1545.84775624 19606.7725151 18.695850757 15.2507636305 4.59482619466 10.9183845524 3.72518764494 2.88708925793 15.1801373219 7.5664751952
-9999.0 -9999.0 -9999.0 -9999.0 -9999.0 -9999.0 -9999.0 -9999.0 -9999.0 -9999.0 -9999.0 -9999.0 -9999.0 -9999.0 -9999.0 -9999.0 -9999.0 -9999.0 12.3357172955 36.9171476358 46.7007057437 57.5475767031 404.829085683 415.736910663 426.994830777 440.834817281 455.765629895 486.898285359 500.614084469 515.104568263 525.811204383 7.99797354001 7.48318128446 7.86812183032 27.2343538265 7.23620073425 6.8279381957 5.26517413695 15.1972568381 5.94292527052 4.44227810969 4.09731827582 3.56166433831 7.10616565648 10.0872046951 1565.88143076 21192.2838668 1.53312136495 3.44137996155 3.85964651878 14.8263321294 7.8914808926 5.80310549702 28.6248973898 12.4124583941
-9999.0 -9999.0 -9999.0 -9999.0 -9999.0 -9999.0 -9999.0 -9999.0 -9999.0 -9999.0 -9999.0 -9999.0 -9999.0 -9999.0 -9999.0 -9999.0 -9999.0 -9999.0 -9999.0 9.94230811433 81.311595379 161.002335446 172.578406717 16.9238741329 34.7757622945 53.3573408192 69.765634994 175.672049984 184.727159954 8.60880828902 8.55782964383 542.071641163 556.674346398 563.492855508 32.3772595711 4.49865234383 11.735133982 17.0864738479 50.8921188327 62.13268249 70.6338322418 7.74988577068 10.6914571203 3.54559430678 6.94333010965 3.54039678151 21197.5124312 1.40275481164 6.07672142691 5.58038771099 21.82568082 35.9726623361 42.6258333863 72.1051847621 17.5327062144
-9999.0 -9999.0 -9999.0 -9999.0 -9999.0 -9999.0 -9999.0 -9999.0 -9999.0 -9999.0 -9999.0 -9999.0 -9999.0 -9999.0 -9999.0 -9999.0 -9999.0 -9999.0 11.3978635617 36.7044909964 71.5593917486 93.1573523078 239.254503282 253.429340487 38.0436198284 57.1159048261 74.7603210186 91.3299964687 196.617293379 215.15237173 401.605442226 418.955139452 427.219182186 570.229426856 619.344570093 11.236580407 7.77523621905 7.3243361152 13.8468120094 6.09030420391 82.1146998312 86.1621596353 14.0132762773 19.646328648 4.05104621255 4250.63566962 4257.49722901 25457.4449483 25464.5367379 1.40173159617 24.8466240652 1.90400154932 1.77288284287 76.0980107952 95.1547662265
-9999.0 -9999.0 -9999.0 -9999.0 -9999.0 -9999.0 -9999.0 -9999.0 -9999.0 -9999.0 -9999.0 -9999.0 -9999.0 -9999.0 -9999.0 -9999.0 -9999.0 -9999.0 -9999.0 13.2571757249 12.8409395106 23.9503187232 56.5920373207 264.302254267 19.33564393 19.0690547231 36.3571567003 54.1818546971 139.963744533 155.095623542 13.1870136975 11.3071105844 437.532344194 444.676055007 1071.71427556 1078.62912115 3.88002636862 3.38188080269 2.78602019828 2.8140593474 3.04967840576 4169.66430478 4194.00574536 4219.95771571 4229.89818454 4245.92913144 3.8379095025 13.9075906325 16.5610029579 25485.1548542 25485.1162556 25487.713208 25491.9652932 25495.2566431 98.3832478318
-9999.0 -9999.0 -9999.0 -9999.0 -9999.0 -9999.0 -9999.0 -9999.0 -9999.0 -9999.0 -9999.0 -9999.0 -9999.0 -9999.0 -9999.0 -9999.0 -9999.0 -9999.0 -9999.0 -9999.0 11.5246685209 12.1960011559 22.4615928165 308.132903961 320.295386476 18.7702938055 35.9328615208 54.1087268523 71.4699806097 16.1195013301 28.3167466873 817.996212849 826.193617408 835.99637476 902.371505578 1989.99073464 4007.71107062 4017.18394792 4025.62641932 4033.67176537 4068.45548262 4079.67390879 20.1019709614 8.85284565222 5.29203359037 9.89336575413 6.8501980547 10.9906667952 3.37030320515 79.6619678918 85.2658373795 89.3790320895 90.5322188089 25495.6299453 25596.3625207
-9999.0 -9999.0 -9999.0 -9999.0 -9999.0 -9999.0 -9999.0 -9999.0 -9999.0 -9999.0 -9999.0 -9999.0 -9999.0 -9999.0 -9999.0 -9999.0 -9999.0 -9999.0 -9999.0 -9999.0 -9999.0 11.7686726412 22.5229927414 33.3572686429 329.559254352 13.3625643943 458.830524584 477.239238658 493.711563849 506.822795487 766.120603377 778.399909831 9.09853375472 47.6423442905 57.7346045956 8.42419518467 2008.41827915 1993.45706669 4.51982156953 10.4435878298 27.7858026409 6.14558126964 6.25963765668 4.41819372417 3.58651273813 2.74988058828 3.16305449923 69.4449202661 72.6917607162 76.6714432501 3.53278300802 2.66119083072 92.080428096 93.4807158481 94.2622466919
-9999.0 -9999.0 -9999.0 -9999.0 -9999.0 -9999.0 -9999.0 -9999.0 -9999.0 -9999.0 -9999.0 -9999.0 -9999.0 -9999.0 -9999.0 -9999.0 -9999.0 -9999.0 -9999.0 -9999.0 -9999.0 10.5290721447 9.88686769708 51.5332276516 403.13527884 427.767148501 442.015127439 17.5578206688 220.197880112 237.319814717 246.191164497 12.2622587415 21.9058195963 30.0627463469 490.609884525 496.807160721 502.160370779 1983.77260782 1139.99751727 5.73968570024 5.8961819705 5.65286705127 4.17699604423 42.9595428903 51.1880934959 58.3445734954 62.2557597373 66.0053564213 508.265447273 510.843919308 515.444522581 527.278544699 560.873535981 561.939923714 657.286102079
-9999.0 -9999.0 -9999.0 -9999.0 -9999.0 -9999.0 -9999.0 -9999.0 -9999.0 -9999.0 -9999.0 -9999.0 -9999.0 -9999.0 -9999.0 -9999.0 -9999.0 -9999.0 -9999.0 -9999.0 -9999.0 -9999.0 20.6493717162 31.7684859552 12.2588739338 18.7987389543 154.368268756 172.455754588 186.98513399 98.5283789137 114.135932815 129.090687191 138.062270578 476.829246545 485.351493806 323.582419089 832.341497943 838.470277904 1135.25062214 11.4600408314 5.7446124604 3.91608456402 29.7225696371 34.7881292228 2.80960623568 2.5859925991 496.581844763 502.902834584 505.866250538 5.4024623123 8.30189480139 556.19944581 2.92559085741 7.9576522166 8.74548063569
-9999.0 -9999.0 -9999.0 -9999.0 -9999.0 -9999.0 -9999.0 -9999.0 -9999.0 -9999.0 -9999.0 -9999.0 -9999.0 -9999.0 -9999.0 -9999.0 -9999.0 -9999.0 -9999.0 -9999.0 -9999.0 -9999.0 10.4296828054 20.6074677207 89.3003017782 102.141175739 117.801611922 67.3802746944 82.7188013031 16.4781185119 302.477382997 317.349728162 330.56061899 9.79443662647 307.837313849 316.71413849 6.428311007 1104.76470619 13.3407862589 6.63393546557 16.0648084207 21.829698119 4.08239913333 3.25877797155 463.850351527 490.982150041 494.698999571 3.97496444286 8.04502777138 10.2295405988 12.3200699432 24.9005064959 2.87126667419 6.54469371626 1.28988597901
-9999.0 -9999.0 -9999.0 -9999.0 -9999.0 -9999.0 -9999.0 -9999.0 -9999.0 -9999.0 -9999.0 -9999.0 -9999.0 -9999.0 -9999.0 -9999.0 -9999.0 -9999.0 -9999.0 -9999.0 -9999.0 -9999.0 10.2548607917 32.7533265303 58.1347030629 14.6014563049 32.4530989203 50.8464894618 238.427402219 255.938011837 271.409682862 14.2492657052 238.162621186 280.524194283 291.020594355 8.47912816578 1077.95217688 1092.39515654 6.62416714132 5.98070360972 11.6975308217 4.56692000291 442.485585537 450.464259405 455.025560581 17.4902421643 21.3292975288 3.28050529071 5.77815968712 2.52156456044 17.9119011029 2.59945831152 1.67687540139 1.74792953673 1.83616565282
-9999.0 -9999.0 -9999.0 -9999.0 -9999.0 -9999.0 -9999.0 -9999.0 -9999.0 -9999.0 -9999.0 -9999.0 -9999.0 -9999.0 -9999.0 -9999.0 -9999.0 -9999.0 -9999.0 -9999.0 -9999.0 -9999.0 -9999.0 11.6528235369 13.3300191288 16.6732305886 152.935604801 170.200499283 222.161598437 16.6512086905 177.341642933 211.216941086 14.7578564451 30.0261245603 11.046013134 1052.36297737 10.6370703501 23.6884635866 28.7496568285 33.5241728259 412.728432067 429.664400647 434.795991514 5.21909284209 9.50318704095 13.309915734 2.17400508103 1.93981559532 955.114955031 957.022367003 958.554210032 974.708133634 976.68996031 979.014401277 980.391853732
