data/baseflow/mHMbf_acc379.asc
ncols                  80
nrows                 72
xllcorner      4374000.0
yllcorner      5656000.0
cellsize            500
NODATA_value       -9999
[rows 25 to 49 of 72, columns 0 to 54 of 80]
-9999.0 -9999.0 -9999.0 -9999.0 -9999.0 -9999.0 -9999.0 -9999.0 -9999.0 -9999.0 -9999.0 -9999.0 22.359300643 44.25873748 20.6423048742 42.1017011532 19.3505734171 142.819882562 180.228411637 199.534078288 17.7102486522 33.1226000405 333.351798872 410.953587103 424.353122061 33.040358385 31.2984352748 43.1331637419 5.11699452985 4.74298119169 8.94439718669 5.60619125628 524.191699013 530.84155039 538.196151802 3701.4937463 7506.1297392 7458.59725141 7.19591929504 2.98762176769 2.59568589185 12.2939755921 9.82710269707 35.1940326723 51.4254018671 104.682965721 9.18519018505 9.13275231963 84.6868604972 91.9157105467 179.588768411 184.383848786 192.969069511 195.627005645 2.31867134109
-9999.0 -9999.0 -9999.0 -9999.0 -9999.0 -9999.0 -9999.0 -9999.0 -9999.0 -9999.0 -9999.0 -9999.0 -9999.0 21.1598810161 42.1976335773 63.2700910696 103.173947238 20.719047611 19.2106668776 140.825078103 158.498277179 305.147967058 322.604889569 49.0306678581 17.3615622105 16.8071936605 15.2629756099 488.42242438 497.180108556 503.221598805 507.719490913 518.336431235 77.4472204148 86.3577848535 632.692311593 11844.7408769 37.0697943184 30.0039463194 12.1670522057 3.48034309196 2.45282631706 17.573860504 19.4989405253 39.5102071568 2.06646173991 107.60317551 13.8408099725 13.4278612245 1.87352129709 1.31582733861 1.19768175983 2.10088445746 1.23262596262 197.060147479 2632.47404223
-9999.0 -9999.0 -9999.0 -9999.0 -9999.0 -9999.0 -9999.0 -9999.0 -9999.0 -9999.0 -9999.0 -9999.0 -9999.0 -9999.0 20.7301908289 42.14405613 62.1500931285 83.0117343658 102.426473761 122.280203509 57.8441430054 95.390761146 17.4825632429 17.2086184925 408.873088334 442.389830208 457.927871727 474.964025913 12.5953160622 21.983926862 56.7023472554 63.6754076481 70.1742842466 9.77226841936 9.86179390859 11869.00552 7.60941892718 11.1343015022 5.17781445883 14.4503227753 6.5715965839 4.35721293759 62.9920004267 67.6006339963 2.6964700606 110.933014197 126.221071338 14.8471341886 2709.83652109 2706.5723895 2703.66400269 2695.96878372 2691.80272313 2641.13585117 2638.1585926
-9999.0 -9999.0 -9999.0 -9999.0 -9999.0 -9999.0 -9999.0 -9999.0 -9999.0 -9999.0 -9999.0 -9999.0 -9999.0 -9999.0 4.96927403038 11.5221857339 20.0733179133 182.700776227 202.878797176 20.3078100055 19.2707615698 18.8175534886 339.545713411 375.524060752 17.3465984129 17.8700976687 14.9922330772 60.6734418552 75.3116236237 37.3891896514 45.7981060117 344.345189551 353.933949683 375.890479873 590.960981783 12465.2048887 7.66384533336 4.53310720562 22.6648493917 18.4745477583 3.90577024388 12.4580907486 16.3011119066 72.0721448308 75.8101933966 209.584451206 128.152121326 16.2066043605 2771.40425635 30.7586115263 2700.74373247 2698.51277213 47.3162296419 4.07532807763 2.77908997511
-9999.0 -9999.0 -9999.0 -9999.0 -9999.0 -9999.0 -9999.0 -9999.0 -9999.0 -9999.0 -9999.0 -9999.0 -9999.0 -9999.0 26.5154385334 43.0023020638 90.6263086935 160.688199498 222.099140957 265.104726151 284.486447741 303.832595503 322.463638752 17.7373214503 16.3897612495 32.2262696551 30.5127840625 15.4877924383 300.166898414 314.482392946 327.78533088 340.135931436 182.828417657 190.593677597 203.545148333 12469.7124813 12.9985501975 13.1659639254 38.2852414394 3.53313642656 8.79615321362 4.81140386761 3.51942909409 20.266958109 2.88813958522 3.09903692229 2998.62857074 2786.69594564 2783.52876915 12.9867031538 28.9581905703 17.890580417 3.66529042554 39.4410478855 9.71417862003
-9999.0 -9999.0 -9999.0 -9999.0 -9999.0 -9999.0 -9999.0 -9999.0 -9999.0 -9999.0 -9999.0 -9999.0 -9999.0 -9999.0 18.784072757 17.6316624824 34.5093476649 52.6208431624 21.3570781721 20.7240095487 40.0409071941 59.0857800971 95.162712789 113.325717792 130.154632964 179.569326027 195.043813904 211.145655059 14.6647887466 148.26425349 160.088148251 169.051123387 5.50488088798 2.07332634517 4.44637274067 12667.3239427 12671.5508524 12692.9330265 48.0922382407 7.10953268872 13.3137329597 3.49305433564 6.26485490036 23.2728043503 28.5931013941 5.55082902094 3013.42658274 5.2459569794 7.45062515462 8.05926639525 6.64478686171 10.9569217811 4.54441734366 27.3557186031 19.0619382268
-9999.0 -9999.0 -9999.0 -9999.0 -9999.0 -9999.0 -9999.0 -9999.0 -9999.0 -9999.0 -9999.0 -9999.0 -9999.0 -9999.0 -9999.0 16.7968077236 33.2891316005 16.4415402484 33.9898767092 211.838630938 231.298190915 250.15837381 18.0457344007 18.145002554 34.9930460194 51.8011450798 82.1863707309 97.5771086077 105.450061642 119.367538071 11.3995903963 9.52319493298 178.549072094 180.884997281 184.471239736 188.549272665 151.509015803 12861.3710785 12934.6683659 12937.9646179 12954.1211214 12969.3963774 12979.5530283 3.00547812185 31.1147577454 3016.36164501 7.14123222183 3.68799830322 4.1703824765 3.77368479663 6.24321407617 5.19607558608 3.09256874142 4.71915034869 3.93758768486
-9999.0 -9999.0 -9999.0 -9999.0 -9999.0 -9999.0 -9999.0 -9999.0 -9999.0 -9999.0 -9999.0 -9999.0 -9999.0 -9999.0 -9999.0 -9999.0 49.5132572723 67.246302883 119.585806192 159.063587174 21.1024815509 291.506352326 309.421999284 327.009369209 17.2843502317 33.9726020526 15.2811551128 113.264463256 120.366711548 132.528957175 144.91842756 172.298351921 174.809050479 1.83719264599 135.269637484 143.492500053 147.676893294 164.01128321 21.0549394392 13.6113156701 8.31955372218 7.79497690973 12990.1122306 12995.6721354 13050.0824861 3019.40837228 19.0299136379 9.40486046066 6.407840732 1.71950379684 17.2126944816 8.73725008626 2.65954222657 14.4795415229 12.3102221891
-9999.0 -9999.0 -9999.0 -9999.0 -9999.0 -9999.0 -9999.0 -9999.0 -9999.0 -9999.0 -9999.0 -9999.0 -9999.0 -9999.0 -9999.0 -9999.0 18.2423096602 84.7229027909 103.001323328 22.084930751 19.2632882198 38.4697238887 56.6625899829 401.711306225 17.1163543718 68.6906347822 84.4103096653 99.778214515 7.58904670907 18.770056292 23.5313395822 112.111335675 121.621467429 125.279255495 4.19144514233 3.89327925243 4.41562197043 8.14265613432 3.27881530163 3.39286681987 6.46536059226 4.72437184785 6.40699798885 19.5697970446 13056.1821254 16089.5392549 23.5251628765 3.45792265873 1.80627485112 52.1992176927 48.3451755301 28.1905336542 25.1444187447 18.4636956177 4.54966245468
-9999.0 -9999.0 -9999.0 -9999.0 -9999.0 -9999.0 -9999.0 -9999.0 -9999.0 -9999.0 -9999.0 -9999.0 -9999.0 -9999.0 -9999.0 15.3832036158 50.5999531258 16.8918674013 22.9975935936 21.4752821902 40.7998452321 59.5744522695 78.1271310776 497.098175052 513.678812105 16.9681258103 32.6631413194 48.4901617635 58.5863979241 69.4413726788 97.6404216535 107.984313389 4.55973801295 5.44265691521 4.78487691902 7.78949940057 6.72758060057 6.89668384692 5.41704581539 6.27112087844 24.6498531629 11.7810226588 5.63818401004 5.40773731522 4.81723411032 8.85525398077 16238.4180822 121.872746315 62.5568550308 5.70650293615 2.41496130305 1.95706530008 6.66490266351 4.52639403965 2.23494156028
-9999.0 -9999.0 -9999.0 -9999.0 -9999.0 -9999.0 -9999.0 -9999.0 -9999.0 -9999.0 -9999.0 -9999.0 -9999.0 -9999.0 16.2938568141 31.2205573709 114.04814479 16.5278173659 45.441984548 66.5703286845 86.3589408187 20.1352681803 38.1296570972 57.1853500355 587.154759155 16.2436951711 31.1954312252 46.2889604918 13.6804346626 26.8204507271 31.0960867276 40.3322884873 1066.44124397 1079.12377467 1090.89004874 1150.54246071 1171.31481854 1216.50567795 10.3572540982 22.9015982103 30.3347596172 1351.50421997 1361.69991248 4.90721726928 8.16259016712 11.2854499189 16243.3365716 115.845951064 45.6498486428 42.6455369792 39.2016711505 36.6518583009 8.87121413945 2.22186104912 3.95350179446
-9999.0 -9999.0 -9999.0 -9999.0 -9999.0 -9999.0 -9999.0 -9999.0 -9999.0 -9999.0 -9999.0 -9999.0 -9999.0 -9999.0 16.2537462882 49.5331536856 179.788372749 264.379645725 14.909361236 348.824814745 452.415875437 18.9895251652 36.7094771801 55.6852659659 746.801004998 763.162949309 14.4261491722 75.3165734579 88.5308441758 98.8137974785 987.848076047 1006.30798692 1020.78471351 7.38016948131 41.9667142566 49.8626690892 23.0326165012 33.3322879421 1262.41613272 1300.12155533 1308.37216144 1316.24813209 1370.83124715 4.42102612985 3.68990005346 17.9806097588 16248.0096387 4.559075777 0.346223137716 1.00948140584 0.440265489176 32.591534221 30.1809133816 17.7913989475 12.5361809532
-9999.0 -9999.0 -9999.0 -9999.0 -9999.0 -9999.0 -9999.0 -9999.0 -9999.0 -9999.0 -9999.0 -9999.0 -9999.0 -9999.0 -9999.0 -9999.0 34.3737606709 69.1441428386 313.871823661 331.597341219 468.144549054 485.666326144 18.5979066493 37.1579245282 89.4163551569 779.038534009 809.386032197 822.27333102 10.7343224185 865.29703556 883.125401557 12.2283729697 7.4656545146 14.50605727 28.25828771 6.76513415605 13.735277808 30.5097129288 38.4727369082 7.1629664797 4.8077292426 9.67875615139 1403.82503425 1413.81902365 1416.94766245 1443.43648401 16252.1029597 2.68040556372 0.173611550071 0.235521586486 0.231402339031 0.244228460028 0.20127897263 0.353025078859 1.67239457406
-9999.0 -9999.0 -9999.0 -9999.0 -9999.0 -9999.0 -9999.0 -9999.0 -9999.0 -9999.0 -9999.0 -9999.0 -9999.0 -9999.0 -9999.0 -9999.0 17.9037370066 17.576349464 17.4738939469 36.0761649633 15.9288334608 517.294148679 533.268165964 18.0828485446 35.2230583186 17.3327807647 14.8249638046 14.5193052535 845.909241469 5.3886790511 10.5028843673 7.47531886514 7.70822719054 7.00941512046 5.54441582957 5.7541649687 17.2450688672 23.4977940208 4.50006993147 3.94669881468 8.40592405764 13.8955923813 17.3157609386 4.40987052707 1421.71439964 1446.68642999 16254.8884693 5.79206857154 0.742454082728 0.089854364488 0.295546720019 0.0670809149924 0.0483182601193 0.410054645626 8.30365764767
-9999.0 -9999.0 -9999.0 -9999.0 -9999.0 -9999.0 -9999.0 -9999.0 -9999.0 -9999.0 -9999.0 -9999.0 -9999.0 -9999.0 -9999.0 -9999.0 -9999.0 -9999.0 17.3764932476 52.2565168558 66.7883703134 82.195907096 548.384917251 563.374079232 578.654527298 596.44686044 610.698398972 639.899276871 645.765248392 650.564381549 656.155315218 6.97506823134 6.45453468533 6.8265998048 24.1244968278 6.33012604922 5.90676717515 4.7177358023 13.5021557478 5.23654683428 3.93301569404 3.63394802249 3.01063068031 6.00634424538 8.53129218096 1464.15234744 17727.93499 2.21961357554 4.93952093784 0.0614489993846 0.374732736136 0.16347767855 0.0975373429189 14.7569948381 13.1895863843
-9999.0 -9999.0 -9999.0 -9999.0 -9999.0 -9999.0 -9999.0 -9999.0 -9999.0 -9999.0 -9999.0 -9999.0 -9999.0 -9999.0 -9999.0 -9999.0 -9999.0 -9999.0 -9999.0 14.8444507434 115.391880427 229.22289759 245.56960444 20.5619383338 38.5990053825 55.6646702 70.7558454015 166.453763844 173.799399464 7.19150502706 6.92741951849 670.550920345 683.268397632 689.1966039 28.8690834578 4.51937361025 10.6009108745 15.5756166625 45.585500834 55.4612882264 62.9611910409 6.83709952228 9.36829836328 3.08111329685 6.01160979547 3.04856082669 17734.0152289 2.0122495235 8.62290784403 2.5070407841 4.16645467076 12.5531193607 13.6345174786 29.3897342057 13.0186862742
-9999.0 -9999.0 -9999.0 -9999.0 -9999.0 -9999.0 -9999.0 -9999.0 -9999.0 -9999.0 -9999.0 -9999.0 -9999.0 -9999.0 -9999.0 -9999.0 -9999.0 -9999.0 16.2491810256 51.4048796164 100.868144533 131.968388521 341.131674985 359.636225749 35.2266085783 52.2511585838 67.2703738191 82.2463344357 180.105843323 194.303094318 330.707863154 340.572737618 346.94803071 695.509323699 740.798001706 10.8551904934 6.70097058463 6.46278006851 12.2892712213 5.51998747754 73.1870760776 76.7460890247 12.2638145769 15.2399896472 2.91145610252 4146.75334674 4152.96389251 21891.7244918 21904.1031403 1.93944513524 8.41129094224 2.69595585822 2.29164414596 33.709923389 48.340795027
-9999.0 -9999.0 -9999.0 -9999.0 -9999.0 -9999.0 -9999.0 -9999.0 -9999.0 -9999.0 -9999.0 -9999.0 -9999.0 -9999.0 -9999.0 -9999.0 -9999.0 -9999.0 -9999.0 18.2676925744 17.8190713106 34.0080594647 80.8649438622 374.873199213 17.9668725787 17.7760845814 32.9378716623 48.2225829326 111.42104817 119.164099604 5.00158340502 6.6768955897 355.195503763 362.041958268 1108.42626866 1113.50966531 3.92692574034 3.42972161962 2.71014880639 2.7400249351 2.78656346899 4084.53763902 4105.70133238 4124.26784991 4130.25935568 4143.82736077 3.36603743466 12.2869283786 15.190035385 21925.4667518 21927.5015015 21931.4867639 21934.8299469 21937.6834091 50.8810267498
-9999.0 -9999.0 -9999.0 -9999.0 -9999.0 -9999.0 -9999.0 -9999.0 -9999.0 -9999.0 -9999.0 -9999.0 -9999.0 -9999.0 -9999.0 -9999.0 -9999.0 -9999.0 -9999.0 -9999.0 16.589268786 17.2319742304 32.0830652344 437.873151986 454.220228969 17.5286640767 32.6969711275 48.227650986 56.5414755649 6.85789704532 15.0390980349 970.082563892 977.158921631 982.988561083 1031.00460634 2149.91415602 3938.80501717 3947.95058321 3955.97888814 3963.62854166 3994.32800292 4004.18911965 17.6338997356 7.88128903335 4.62413227122 8.67045775529 6.07841559517 9.71310216893 2.97037757572 73.0394658228 80.2957559384 85.8538199164 87.003531298 21939.7128896 21993.603346
-9999.0 -9999.0 -9999.0 -9999.0 -9999.0 -9999.0 -9999.0 -9999.0 -9999.0 -9999.0 -9999.0 -9999.0 -9999.0 -9999.0 -9999.0 -9999.0 -9999.0 -9999.0 -9999.0 -9999.0 -9999.0 16.9399568348 32.4184554184 47.9818028315 467.345756242 16.6803143086 637.849009536 653.90974168 660.893630159 669.620435369 936.905839905 946.49039772 7.69592443387 36.346504378 43.6535576811 7.28472967542 1779.60534934 1766.51224604 4.02258714989 9.24724558876 24.247769419 5.25987344183 5.40372992016 3.99270206602 3.24938910567 2.45634424163 2.84852753325 63.4160835389 66.3315035762 69.9341294171 4.66495183579 3.63184942248 88.9721664112 90.6966112921 91.465505281
-9999.0 -9999.0 -9999.0 -9999.0 -9999.0 -9999.0 -9999.0 -9999.0 -9999.0 -9999.0 -9999.0 -9999.0 -9999.0 -9999.0 -9999.0 -9999.0 -9999.0 -9999.0 -9999.0 -9999.0 -9999.0 15.6794901545 14.6168540154 75.6115790913 573.748592375 605.731055007 622.788079139 16.5616040098 251.176650719 256.803341394 259.611399448 8.51792951856 16.9146918184 24.3888623879 416.448657246 422.130686998 426.930809651 1757.62040536 1084.92620567 5.16153517775 5.11371642674 4.88827075835 3.72215705996 39.4363655018 46.8874387664 53.3401041286 56.8932032198 60.2986667161 412.313050111 414.663555889 417.365742323 423.889086971 452.824526816 453.928333898 546.551203571
-9999.0 -9999.0 -9999.0 -9999.0 -9999.0 -9999.0 -9999.0 -9999.0 -9999.0 -9999.0 -9999.0 -9999.0 -9999.0 -9999.0 -9999.0 -9999.0 -9999.0 -9999.0 -9999.0 -9999.0 -9999.0 -9999.0 30.5494420592 46.403750452 16.8748448351 17.9913381562 196.034890215 213.126492864 225.089100147 88.9331067347 94.013313667 100.374612195 107.991321336 403.793696977 411.184134118 228.967546405 661.98347479 667.724469084 1080.62379338 10.4630939921 5.16063649766 3.61192409349 27.4967895406 32.1234286756 2.61188264647 2.39844505791 400.826384286 407.005944717 410.085352691 3.35320001666 4.78657519169 448.190483463 3.20658992993 9.3944682529 10.2011528593
-9999.0 -9999.0 -9999.0 -9999.0 -9999.0 -9999.0 -9999.0 -9999.0 -9999.0 -9999.0 -9999.0 -9999.0 -9999.0 -9999.0 -9999.0 -9999.0 -9999.0 -9999.0 -9999.0 -9999.0 -9999.0 -9999.0 15.1984381515 30.1254181031 126.798951293 143.932576982 161.784460212 70.1328088368 83.6802616525 5.50902725892 277.915041939 282.898580696 288.293385715 6.82229240353 215.076769562 222.651814446 5.79588754298 1053.05682739 11.8049197341 5.82739512808 15.0226086499 20.2010147546 3.77651056511 3.0047918107 368.80737006 395.14924093 398.947094508 3.7514495659 7.72879975994 9.68042916378 11.4034933538 22.3145049462 3.32549460929 7.79016424059 1.39680375556
-9999.0 -9999.0 -9999.0 -9999.0 -9999.0 -9999.0 -9999.0 -9999.0 -9999.0 -9999.0 -9999.0 -9999.0 -9999.0 -9999.0 -9999.0 -9999.0 -9999.0 -9999.0 -9999.0 -9999.0 -9999.0 -9999.0 15.1162379382 47.2404555709 81.7758481088 19.0281036535 36.6909778475 54.2326566552 254.196867429 262.242784149 267.508160793 4.88091561877 181.081478189 195.599465424 201.833297763 4.28739252754 1028.47914231 1041.64599679 6.10502034662 5.63053881287 11.0019076097 4.40557656471 348.60065585 356.200260006 360.621306795 16.8860484441 20.6899145357 3.24873383015 5.66172390467 2.43760938002 16.80787476 2.48442506023 2.0005127966 2.18169710927 2.22742941776
-9999.0 -9999.0 -9999.0 -9999.0 -9999.0 -9999.0 -9999.0 -9999.0 -9999.0 -9999.0 -9999.0 -9999.0 -9999.0 -9999.0 -9999.0 -9999.0 -9999.0 -9999.0 -9999.0 -9999.0 -9999.0 -9999.0 -9999.0 16.4518984817 17.9234975122 20.1803281244 171.173688739 188.264013122 238.794249105 10.8283323859 160.242549021 171.837542589 4.99636442124 10.1611676001 3.93551250219 1013.77627822 5.03811546979 16.4786970929 21.0065484931 25.2664412639 321.816476486 336.159575657 341.13037004 4.96834320471 9.11110604972 12.8134681283 2.07825006043 1.84418808481 941.154218502 943.031934098 944.506397532 960.877518526 962.811136471 965.570976686 967.237119357
