data/baseflow/mHMbf_acc282.asc
ncols                  80
nrows                 72
xllcorner      4374000.0
yllcorner      5656000.0
cellsize            500
NODATA_value       -9999
[rows 0 to 24 of 72, columns 0 to 54 of 80]
-9999.0 -9999.0 -9999.0 -9999.0 -9999.0 -9999.0 -9999.0 -9999.0 -9999.0 -9999.0 -9999.0 -9999.0 18.0885521378 16.3132886069 -9999.0 -9999.0 -9999.0 -9999.0 -9999.0 -9999.0 -9999.0 -9999.0 -9999.0 -9999.0 -9999.0 -9999.0 -9999.0 -9999.0 -9999.0 -9999.0 -9999.0 -9999.0 -9999.0 -9999.0 -9999.0 -9999.0 -9999.0 -9999.0 -9999.0 -9999.0 -9999.0 -9999.0 -9999.0 -9999.0 -9999.0 -9999.0 -9999.0 -9999.0 -9999.0 -9999.0 -9999.0 -9999.0 -9999.0 -9999.0 -9999.0
-9999.0 -9999.0 -9999.0 -9999.0 -9999.0 -9999.0 -9999.0 -9999.0 -9999.0 -9999.0 -9999.0 -9999.0 35.7077199731 82.3502239511 13.6141738439 -9999.0 10.9164817808 -9999.0 -9999.0 -9999.0 -9999.0 -9999.0 -9999.0 -9999.0 -9999.0 -9999.0 -9999.0 -9999.0 -9999.0 -9999.0 -9999.0 -9999.0 -9999.0 -9999.0 -9999.0 -9999.0 -9999.0 -9999.0 -9999.0 -9999.0 -9999.0 -9999.0 -9999.0 -9999.0 -9999.0 -9999.0 -9999.0 -9999.0 -9999.0 -9999.0 -9999.0 -9999.0 -9999.0 -9999.0 -9999.0
-9999.0 -9999.0 -9999.0 -9999.0 -9999.0 -9999.0 -9999.0 -9999.0 -9999.0 -9999.0 15.9443993764 15.5206133127 16.5268150962 16.4605199783 112.699433552 126.633354604 29.6963808188 9.34171203196 -9999.0 -9999.0 -9999.0 -9999.0 -9999.0 -9999.0 -9999.0 -9999.0 -9999.0 -9999.0 -9999.0 -9999.0 -9999.0 -9999.0 -9999.0 -9999.0 -9999.0 -9999.0 -9999.0 -9999.0 -9999.0 -9999.0 -9999.0 -9999.0 -9999.0 -9999.0 -9999.0 -9999.0 -9999.0 -9999.0 -9999.0 -9999.0 -9999.0 -9999.0 -9999.0 -9999.0 -9999.0
-9999.0 -9999.0 -9999.0 -9999.0 -9999.0 -9999.0 -9999.0 -9999.0 -9999.0 15.4030010298 31.4620880857 62.5879814999 31.7570898089 15.3956217715 29.8296961073 140.769782003 193.28736952 10.9039652525 -9999.0 15.1980413233 -9999.0 -9999.0 -9999.0 -9999.0 20.4339488699 10.4460683046 -9999.0 -9999.0 -9999.0 -9999.0 -9999.0 -9999.0 -9999.0 -9999.0 -9999.0 -9999.0 -9999.0 -9999.0 -9999.0 -9999.0 -9999.0 -9999.0 -9999.0 -9999.0 -9999.0 -9999.0 -9999.0 -9999.0 -9999.0 -9999.0 -9999.0 -9999.0 -9999.0 -9999.0 -9999.0
-9999.0 -9999.0 -9999.0 -9999.0 -9999.0 -9999.0 -9999.0 -9999.0 18.1564503785 50.2922411627 65.2725680257 80.36673164 108.864813573 13.9451391323 56.7730646187 70.0627126662 289.39119975 13.4642884786 12.7053351042 28.3065027796 40.9909205544 13.2793368442 -9999.0 54.0196175684 44.4800532666 12.4719978354 -9999.0 -9999.0 -9999.0 -9999.0 -9999.0 -9999.0 -9999.0 -9999.0 -9999.0 -9999.0 -9999.0 -9999.0 -9999.0 -9999.0 -9999.0 -9999.0 -9999.0 -9999.0 -9999.0 -9999.0 -9999.0 -9999.0 -9999.0 -9999.0 -9999.0 -9999.0 -9999.0 -9999.0 -9999.0
-9999.0 -9999.0 -9999.0 -9999.0 -9999.0 -9999.0 17.6263566359 16.0123597636 15.4079398371 15.7808297954 16.1342567445 113.023655043 237.161424521 252.069071654 263.456668995 10.6057542974 313.497775132 326.376397505 25.818371493 13.0297446274 53.4387187865 92.4673045924 13.8500670618 96.1126378195 14.2186230842 14.5353060526 14.5346174346 -9999.0 -9999.0 -9999.0 -9999.0 -9999.0 -9999.0 -9999.0 -9999.0 -9999.0 -9999.0 -9999.0 -9999.0 -9999.0 -9999.0 -9999.0 -9999.0 -9999.0 -9999.0 -9999.0 -9999.0 -9999.0 -9999.0 -9999.0 -9999.0 -9999.0 -9999.0 -9999.0 -9999.0
-9999.0 -9999.0 -9999.0 -9999.0 -9999.0 -9999.0 35.4364322006 52.297843272 117.900689672 163.661427063 14.0975750744 14.5717946026 13.8813120772 40.6618706665 316.422503528 10.7590847764 338.363660031 385.541903947 37.4137733731 24.4840128595 104.142749445 12.721036708 108.546696261 25.8143363952 13.084551338 27.190931988 28.9519755697 14.2947512709 14.4885751612 14.0594212979 15.0585631764 30.0827446642 -9999.0 -9999.0 -9999.0 -9999.0 -9999.0 -9999.0 -9999.0 -9999.0 -9999.0 -9999.0 -9999.0 -9999.0 -9999.0 -9999.0 -9999.0 -9999.0 -9999.0 -9999.0 -9999.0 -9999.0 -9999.0 -9999.0 -9999.0
-9999.0 -9999.0 -9999.0 -9999.0 -9999.0 19.1366256528 37.2613968051 17.9331622926 34.8012863668 180.963569638 211.488234116 241.554923923 792.702778129 13.4617136069 329.750131121 1230.72198615 1239.43174098 1640.83874541 10.0215204368 36.0161275144 115.869752929 11.595387377 254.080231768 133.440121627 82.8998075968 69.6973181233 14.2373559178 42.4822237494 42.1888735614 28.0564796346 13.5857462927 44.0705571787 13.2628100722 13.0224180467 -9999.0 -9999.0 -9999.0 -9999.0 -9999.0 -9999.0 -9999.0 -9999.0 -9999.0 -9999.0 -9999.0 -9999.0 -9999.0 -9999.0 -9999.0 -9999.0 -9999.0 -9999.0 -9999.0 -9999.0 -9999.0
-9999.0 -9999.0 -9999.0 -9999.0 -9999.0 19.4423108009 56.8126519388 112.840578627 130.237221738 260.56615243 276.752139046 327.781857577 537.583688604 835.310532964 864.235685406 877.96724456 23.0842906508 1682.5282483 1703.14191647 1762.33910736 2180.06763282 290.144345061 266.750511817 95.3371692299 12.2364070042 81.1459164925 55.3460200067 12.2324349588 54.6942702893 11.8851625582 25.0073372054 69.4123878586 82.2734381076 25.6475667417 12.7527820486 12.4052164654 -9999.0 -9999.0 -9999.0 -9999.0 11.5372538412 10.0105113942 -9999.0 -9999.0 -9999.0 -9999.0 -9999.0 -9999.0 -9999.0 -9999.0 -9999.0 -9999.0 -9999.0 -9999.0 -9999.0
-9999.0 -9999.0 -9999.0 -9999.0 -9999.0 18.703885361 18.1888627387 77.2939794028 95.1027285436 113.530367254 17.3805577029 34.3385891134 199.439991363 35.163931431 15.9597235819 14.3621685139 12.6819999443 14.4625271347 13.2977238173 13.6697373502 2192.63169058 2227.8240719 11.5305224035 35.6349479257 24.3161544219 93.153143891 24.8048059348 12.0129759006 67.5427004551 23.074928486 55.7178686709 143.298630611 133.194025058 38.1869708275 37.6783053064 12.8226357603 12.7174781091 -9999.0 -9999.0 12.9601313303 25.7506868562 56.7467013457 10.6231750893 -9999.0 -9999.0 -9999.0 -9999.0 -9999.0 -9999.0 -9999.0 -9999.0 -9999.0 -9999.0 -9999.0 -9999.0
-9999.0 -9999.0 -9999.0 -9999.0 -9999.0 -9999.0 20.2199424169 20.683637606 38.9260050862 57.7091518198 130.241878692 165.967937607 183.958353724 19.004434029 14.2094648234 194.292275095 236.836263348 249.939797112 304.796488149 317.059838201 12.1481778832 2240.16840288 2297.62364545 45.4593203308 6.49214864932 103.049669449 229.984662351 91.1296122458 22.6592148744 11.2832075205 221.215927162 155.008725378 11.5540193909 11.619979766 49.7472128106 37.6185778344 12.3915322776 12.3413451709 12.5744337613 25.2891980858 12.1619858143 69.1389384835 81.3697973436 11.8991662586 -9999.0 -9999.0 -9999.0 -9999.0 13.3987503458 12.7906376003 3.19537137231 -9999.0 -9999.0 -9999.0 -9999.0
-9999.0 -9999.0 -9999.0 -9999.0 -9999.0 -9999.0 -9999.0 19.7640194364 17.2155871243 36.7202806683 55.5119799434 17.9505130998 16.1478614985 103.062036769 134.380326932 166.500260198 14.8652704069 28.5400728023 14.1269147999 329.939803137 730.711449717 741.315627917 3062.9709714 11.4847346789 19.3795775284 5.95418342398 241.267549216 11.2771507976 34.1566306372 11.1474586928 232.511255854 243.784906352 23.2153320829 22.9522190904 124.169216272 62.2102075107 25.1647674305 12.6928198863 25.0521360579 37.6254770593 61.5671154174 11.8553003316 104.256763914 114.245546268 9.07594727612 9.57246800449 10.2284852614 9.37705366721 9.02439808623 37.119175548 13.6086136639 8.64917245867 -9999.0 -9999.0 -9999.0
-9999.0 -9999.0 -9999.0 -9999.0 -9999.0 -9999.0 -9999.0 -9999.0 37.3462396287 53.3888213075 17.9734780201 36.7844767503 53.9670533172 88.110166918 17.1529448011 16.2736315826 13.7113733587 13.8206170874 12.4061511938 374.619601152 14.4159571193 27.9560858286 3101.89870285 3125.80512062 9.40456404088 38.4696957302 290.098536895 21.9710183363 44.3222270715 20.8726453376 31.0916830815 287.903282739 33.7671369777 179.815758805 146.422837596 11.2594689816 61.2326785671 24.4981759882 36.6277386807 11.5569009371 73.3936779268 96.0522994821 104.838077815 113.236672216 148.844021684 17.418779723 18.6109278298 17.2545882729 16.4942038133 46.4301436535 9.93329136531 32.3557863895 41.3681232824 -9999.0 -9999.0
-9999.0 -9999.0 -9999.0 -9999.0 -9999.0 -9999.0 -9999.0 -9999.0 19.7644167754 92.3010039024 109.734457851 17.4112127409 33.7859978419 16.3237246425 14.809727 14.5837360313 186.361667716 248.003981981 305.111842682 363.128795654 14.7689656135 13.9001331042 13.5566851861 3183.47869946 3207.82587598 3217.18422731 389.043205431 88.3160055657 77.0293727268 10.0461275374 40.7740808349 338.7879462 10.0867551944 190.1415 11.0244806929 78.1519718089 73.2339411694 11.6261531837 48.1887137595 23.030951449 34.3544392484 10.509844783 8.19999941778 121.547042427 129.351126227 156.629525891 26.9424370716 25.2628819231 24.5295036733 56.7879475173 76.8680743898 10.0268442466 50.725966013 9.76341000767 18.5538422194
-9999.0 -9999.0 -9999.0 -9999.0 -9999.0 -9999.0 -9999.0 -9999.0 -9999.0 20.2900878486 128.291811361 145.280647251 50.2578421984 83.1383067924 113.289969534 128.735513763 15.9016727264 47.6949361545 31.5356450356 16.3696527981 15.6132735837 13.9097061669 27.7121433097 46.2418018348 14.5121480412 3631.31683597 3641.14439837 8.94940617305 8.67415237813 19.9660058538 29.8212001195 368.667116542 19.9772468985 199.523059941 118.703261636 98.0398587899 11.0916349424 22.4387870689 58.7830901893 10.5929013855 44.745088847 21.0651497031 13.9312815433 5.49030709357 148.042108635 311.530417273 33.3344584463 31.8480491712 33.079474366 8.73819298726 85.6146908098 8.55189258545 69.1238317987 8.71767299064 27.4228907791
-9999.0 -9999.0 -9999.0 -9999.0 -9999.0 -9999.0 -9999.0 -9999.0 -9999.0 -9999.0 17.4240718067 180.316943035 16.3209229642 32.7514985101 47.470440307 76.5004109883 14.8884229155 31.3555684016 15.2437397533 14.3138052091 13.5557152342 27.0003896417 12.1239650705 13.0334726069 24.0302643273 13.1087709089 3652.20424319 3670.7619282 3699.46762469 39.0371164868 9.77343854856 19.5043380634 378.888017502 368.489271065 139.970621052 10.4453116996 44.2032027835 33.2501242317 69.402616893 21.1499557251 86.9172341447 31.5382178126 22.4666002352 3.3243107713 5.79532513876 319.864846952 327.595065093 399.799690056 60.0388225408 17.8403557531 94.9271304187 112.641605675 190.093654621 17.3831674565 8.20144339883
-9999.0 -9999.0 -9999.0 -9999.0 -9999.0 -9999.0 -9999.0 -9999.0 -9999.0 -9999.0 -9999.0 8.38060691698 197.697241497 15.5245191355 29.9604500918 135.713861055 15.2204909465 15.0286925249 13.256222903 27.948427173 13.6648669741 54.3286636605 78.87502549 90.3642037993 34.7916053678 43.3736759366 9.37736836601 12.0901792322 11.3942626176 3758.27588289 3785.09692895 387.931649963 386.78622068 377.762346113 19.4431954697 9.47159565933 54.1599881493 143.687758686 79.5823599823 31.2092849556 128.183324928 43.8677944426 34.2926234411 6.51451652573 2.86482279197 3.15557781656 3.98712020092 419.478055302 503.834196209 8.60192757581 8.18350059417 8.64098559267 198.355391172 223.449803192 14.8976035984
-9999.0 -9999.0 -9999.0 -9999.0 -9999.0 -9999.0 -9999.0 -9999.0 -9999.0 -9999.0 -9999.0 7.63186270828 216.195276838 265.454105144 14.6502657678 164.981142187 14.1254323627 13.3553196494 26.3430665338 67.6722762339 13.0269286839 13.7349610442 11.9397900237 114.296183388 125.534280454 180.915383874 200.614123505 210.538520081 219.523633823 229.219269654 4024.07992684 4427.83980213 4830.25181733 4837.63673161 8.75520627355 9.38952791874 163.694305754 153.746492271 10.0264201322 9.86235574653 137.5590783 191.609713568 8.33120045107 83.6933289438 77.8008530043 15.2711220526 7.95249426103 13.0969774903 8.21648751817 518.608896975 7.45182698393 23.6754754675 29.9875162827 271.070422126 289.104686458
-9999.0 -9999.0 -9999.0 -9999.0 -9999.0 -9999.0 -9999.0 -9999.0 -9999.0 -9999.0 -9999.0 18.0324777861 34.4718195894 281.420056159 309.125099627 14.108018329 192.392895416 12.0637369123 36.9394794859 79.7743772085 25.1955881488 12.1064028818 25.2331745331 10.9042468331 20.9206873548 10.0762399413 9.00977571223 6.71072576624 5.81354873611 5.36344804968 5.0800238111 7.03060893759 9.17851247926 10.9565739012 4865.08696867 193.582391518 177.817964894 6.81243676814 28.9375253748 7.03598357191 5.94687555407 201.132257512 313.728761929 94.2788759847 71.6484365971 8.70892510368 3.77422072912 3.40405120303 10.0485565069 536.31871511 551.098685507 7.62969393595 7.78236425718 6.25596180648 3.71960113777
-9999.0 -9999.0 -9999.0 -9999.0 -9999.0 -9999.0 -9999.0 -9999.0 -9999.0 -9999.0 -9999.0 -9999.0 14.8672697069 208.409126309 532.139953549 576.927964163 782.979161847 796.004372156 178.807372959 129.610616444 37.5071453187 11.9259763522 48.7577169637 60.2615505058 91.4749713787 20.6220639723 18.9148635763 16.7991403679 32.47171691 15.0528927845 14.2801828538 7.01682559467 3.53333151129 4.51042181684 4873.44119056 5072.91861969 5080.60094772 6.66111218935 75.6817080993 32.5940543752 10.0470812072 345.765689166 22.6491873605 11.6717447546 47.7513161531 8.97854199101 7.57123083854 14.1553951883 20.5695550573 27.717658365 564.191613339 6.26182641553 5.68803540148 5.68484509785 4.37122866808
-9999.0 -9999.0 -9999.0 -9999.0 -9999.0 -9999.0 -9999.0 -9999.0 -9999.0 -9999.0 -9999.0 16.6410856766 158.735186916 192.845026309 30.8924770609 8.61801141628 19.4803824007 828.439980875 840.903678316 1032.20959654 10.890652889 22.7062662125 10.1230078225 10.2624049252 101.595490954 132.310798419 160.738233525 9.26418667847 41.8044917336 66.0283267864 39.0683829759 15.9960634602 10.4995048412 8.52314635209 8.67072863018 4.94652762174 5087.23066087 5092.74195204 5179.65802194 17.6136352396 9.23660979158 355.02441018 24.0252752406 12.3670088847 13.4138226337 13.3370236376 12.0885898179 20.1158289259 59.2440185078 94.6400580796 665.26027437 5.12513483343 15.3827454782 10.3813397944 8.73834797536
-9999.0 -9999.0 -9999.0 -9999.0 -9999.0 -9999.0 -9999.0 -9999.0 -9999.0 -9999.0 -9999.0 17.0543178942 111.036206637 17.5134815116 14.9475202655 78.8614251324 91.8797856112 105.129606241 117.110201196 1398.4834328 1408.32324328 1429.11445545 1587.87514053 1617.31241501 1633.28792537 1643.76932399 1821.83341787 1843.50233151 1852.93383362 1928.92807038 1978.26423525 1987.34014413 2013.1646746 17.0886797093 13.6901471068 2.92661621345 3.41608297628 5098.70783088 5210.60292964 25.4067250259 418.574238801 409.562841302 45.7941640149 10.9832482052 11.2262128087 10.8618857915 10.9236042303 21.9765094757 31.4756007549 9.02157890992 671.529496345 678.041856247 709.629094272 715.25331412 729.341378879
-9999.0 -9999.0 -9999.0 -9999.0 -9999.0 -9999.0 -9999.0 -9999.0 -9999.0 -9999.0 -9999.0 57.4749366799 75.9835527435 35.5044020121 52.0709627759 16.3502747339 185.080704306 199.230328443 226.997244562 236.998365452 89.7761734439 1535.35896811 1544.50631342 8.52491082931 5.56198667503 4.53170503422 10.7849439667 5.25966821314 3.64417482639 3.32511564757 4.22280743592 1994.11456472 2020.81500097 2047.41935538 2069.51211637 2082.65332991 5.62542625141 2.27196359214 5650.10015467 433.993502475 428.089288016 9.69982904086 9.62900211642 9.08338701832 20.5467291821 20.2266929912 9.31900435075 9.37011340356 8.76623376815 17.6028890301 23.9606322477 4.99497325513 9.24762769983 3.60416203464 1.85181047071
-9999.0 -9999.0 -9999.0 -9999.0 -9999.0 -9999.0 -9999.0 -9999.0 -9999.0 -9999.0 -9999.0 -9999.0 38.8683226232 18.2280895295 16.4089784956 156.797693123 171.60847558 14.7702321881 57.202168916 69.9499433049 80.6496419101 11.9042707863 8.60625220995 225.345833541 232.309318738 238.723613961 618.807810702 623.303937509 630.275490099 673.487180532 694.180567633 697.233759422 2.95836045474 3.14893198212 3.82864057544 2090.73261449 3.48133038775 5726.4165891 5720.73593006 65.7432018637 58.8839202912 37.5221240147 9.41679203927 18.097035489 29.9887636188 29.7208542818 18.3773351102 9.03944523204 17.6542675635 17.3234442431 31.6506527038 4.23833018709 13.0711469504 22.2043366435 25.9965792209
-9999.0 -9999.0 -9999.0 -9999.0 -9999.0 -9999.0 -9999.0 -9999.0 -9999.0 -9999.0 -9999.0 -9999.0 20.0342188708 55.8581016173 72.8572882643 124.489001391 14.885661646 30.1179484006 44.2124298488 171.569257562 182.065026621 188.346408092 198.177136042 208.994851373 328.343439819 359.670301329 374.903020983 5.20267728935 35.629165451 40.1938826374 683.991076653 701.228991143 708.750740856 716.388229032 723.671765321 2818.62574092 3.82115566327 5742.52316346 7.6826143653 3.23095833933 49.8046378525 44.4277637538 5.78354322305 25.7420340219 37.9409310222 37.6099929576 25.8019079203 42.2012618541 66.6927837282 24.6195689029 63.1784895047 4.80201997683 6.58256468954 1.3745793472 1.11545307875
