data/baseflow/mHMbf_acc466.asc
ncols                  80
nrows                 72
xllcorner      4374000.0
yllcorner      5656000.0
cellsize            500
NODATA_value       -9999
[rows 25 to 49 of 72, columns 0 to 54 of 80]
-9999.0 -9999.0 -9999.0 -9999.0 -9999.0 -9999.0 -9999.0 -9999.0 -9999.0 -9999.0 -9999.0 -9999.0 21.4597219914 42.3781480542 18.8018981773 37.3064379426 14.4913879612 121.217371642 148.044899549 162.399534404 12.5044514182 23.7093770447 253.776241222 310.0258398 319.86301469 22.5840327951 21.6918091841 30.907545789 5.49860084806 4.79799923332 9.00690109632 4.06957846539 410.82400182 414.814828733 418.675084945 2871.90448468 5760.01811648 5726.88142054 6.78859924889 3.34840245317 2.98529112714 11.0965314484 8.6979876255 25.3709373053 38.1136889914 76.7724891771 6.8594683577 6.77829203354 62.2674304893 68.3021990347 134.933316215 138.799199832 147.220573887 150.214702113 2.79495796141
-9999.0 -9999.0 -9999.0 -9999.0 -9999.0 -9999.0 -9999.0 -9999.0 -9999.0 -9999.0 -9999.0 -9999.0 -9999.0 18.8671258751 38.3639271284 58.4699682931 90.1924381418 16.5385521587 14.0640933634 110.598444351 123.028693357 231.805916576 245.595240211 36.7993477855 11.9062812378 10.4873665418 10.5446315508 381.569389216 387.88324978 393.726802527 398.437342921 406.934133097 56.0348460467 60.2232917622 483.035165961 9117.50243133 26.0194299624 21.5764308538 10.714281279 2.82079873401 2.38257156591 16.9851039945 18.8523276442 29.9991083277 2.27259186085 79.6279524339 10.9566140447 10.6217197142 2.17006648678 1.47425922067 1.34656570194 1.45920207337 1.47979799105 151.777846852 2107.47164077
-9999.0 -9999.0 -9999.0 -9999.0 -9999.0 -9999.0 -9999.0 -9999.0 -9999.0 -9999.0 -9999.0 -9999.0 -9999.0 -9999.0 17.9169820719 36.4725590289 52.6669726291 68.5696749866 82.6625966502 97.5775265537 42.0264305966 71.4287551358 13.1460136898 12.0230788906 328.421488 351.405706983 361.518725078 373.253631133 8.37225165755 14.5441241592 38.6734432002 45.8484246793 51.4803438144 5.42067426255 4.43901017137 9130.39854684 4.42795750533 7.06124403109 3.49173925671 10.393451664 4.92872280238 2.93491001768 51.8431238697 54.497763441 1.63889175641 81.6333042677 94.3682768177 12.5432041349 2190.23330842 2186.57809937 2183.44231741 2176.37510148 2173.63248568 2117.25366005 2115.49627472
-9999.0 -9999.0 -9999.0 -9999.0 -9999.0 -9999.0 -9999.0 -9999.0 -9999.0 -9999.0 -9999.0 -9999.0 -9999.0 -9999.0 4.69597690247 10.4952687573 16.979532824 156.361583015 170.561415716 14.8079967812 14.3342587394 14.534467 277.399571769 305.381605425 13.392007671 13.4899124415 9.16425171628 39.3947817389 49.2802259937 25.061120705 31.5378289263 244.794050925 251.443223386 265.172415109 415.136785981 9548.90821209 4.70540874253 2.53529744429 15.2821398312 12.835116727 2.3438390272 7.92940180247 10.494801207 57.3949562717 59.7602381545 158.496355008 95.2689986171 13.6538634958 2238.09292497 22.6412553886 2180.51412308 2178.60330322 53.5987379912 2.11630221367 5.43155841132
-9999.0 -9999.0 -9999.0 -9999.0 -9999.0 -9999.0 -9999.0 -9999.0 -9999.0 -9999.0 -9999.0 -9999.0 -9999.0 -9999.0 24.0756655233 39.3773455186 80.2946037511 140.155439318 185.991948092 221.920016498 236.123574384 251.000389794 265.520818682 13.2714143473 11.1101092213 21.4453625457 19.6718843202 10.6179592357 214.80176857 224.202011554 232.907798695 241.067844425 128.683072197 135.204238032 143.985654829 9551.89246761 8.62371879926 8.30639305619 25.4707657033 2.13354649209 5.4836296333 3.05096117833 2.30272838409 13.0203604021 1.74188301547 1.88661623044 2408.99717904 2249.11967888 2247.07544621 9.95326016845 21.1008274177 13.4045173502 2.94102508424 48.7807013975 12.8772257031
-9999.0 -9999.0 -9999.0 -9999.0 -9999.0 -9999.0 -9999.0 -9999.0 -9999.0 -9999.0 -9999.0 -9999.0 -9999.0 -9999.0 16.810420073 15.3648144373 30.022954694 45.7690702631 19.549065376 20.0072193382 35.5543844362 50.2628333223 77.7169837202 91.2366692202 102.209135933 135.390594521 145.332866771 156.964260274 10.1893708756 101.5313347 109.620800854 117.069178109 5.77279260893 3.09326934132 5.13206095546 9696.44120942 9699.28179775 9713.63511988 31.7767486128 4.54571070373 7.85922214398 1.97066865343 4.05579677684 14.9466188366 18.2575246247 3.35772522718 2418.21178864 3.21400444442 5.39929247229 6.13002892445 4.52895559486 8.28056289465 3.34153937942 33.25527771 25.8074637739
-9999.0 -9999.0 -9999.0 -9999.0 -9999.0 -9999.0 -9999.0 -9999.0 -9999.0 -9999.0 -9999.0 -9999.0 -9999.0 -9999.0 -9999.0 14.2719001164 28.085998833 14.0315369783 29.4448897592 178.563011172 192.752192774 205.974281271 13.6947923715 13.6994336825 24.5942484678 36.1013596454 54.9870308802 65.1841400551 72.381664438 82.0624620225 7.03800140095 6.15038046806 127.175333688 130.707859179 133.30496337 136.2771822 114.335639895 9840.93575779 9892.01078474 9893.8924889 9903.10436927 9912.62475022 9918.2892375 1.51853018669 19.7757114383 2419.68150924 3.72035163851 1.9349548604 2.40517634153 2.34960257751 4.01103448787 3.85924998759 2.41631215245 4.11489739953 3.8241905934
-9999.0 -9999.0 -9999.0 -9999.0 -9999.0 -9999.0 -9999.0 -9999.0 -9999.0 -9999.0 -9999.0 -9999.0 -9999.0 -9999.0 -9999.0 -9999.0 41.6134865082 55.9269145996 99.8259210473 132.897425933 17.8999305564 240.929007025 254.136495839 265.752805879 11.5473527293 22.2983633855 9.29094735292 74.1620049816 80.039420133 89.8338591879 99.860117011 119.334302836 123.175624815 2.36047103632 102.076741933 108.203086673 111.522430699 124.256853894 16.4878860308 10.2768089206 6.02061165541 5.56667333208 9924.29990878 9926.9818618 9960.51493936 2421.10897666 10.9945513813 5.97751796705 3.98190007258 1.1743562747 12.336745304 6.6838938839 2.07714773427 12.2093257304 10.5746811214
-9999.0 -9999.0 -9999.0 -9999.0 -9999.0 -9999.0 -9999.0 -9999.0 -9999.0 -9999.0 -9999.0 -9999.0 -9999.0 -9999.0 -9999.0 -9999.0 14.6694230303 70.5144929109 86.2636076688 18.1428521593 14.6372690234 30.7686526576 44.867220998 323.046053295 11.3079300565 45.830366394 55.7927674336 65.517280955 6.36995345622 14.8549095342 18.8815590133 80.8146437867 90.2373442882 93.4867615036 3.40962546985 2.82285905265 3.40103815392 6.37051184039 2.7398319874 2.63546755622 3.93879099473 2.95201716583 4.32103249557 12.1049875179 9963.75776244 12392.2325331 13.4821132703 2.32618245697 1.18057993865 40.2847866775 37.6197944452 23.0737513008 20.7992244286 15.5547428165 4.11119325313
-9999.0 -9999.0 -9999.0 -9999.0 -9999.0 -9999.0 -9999.0 -9999.0 -9999.0 -9999.0 -9999.0 -9999.0 -9999.0 -9999.0 -9999.0 12.0036788362 39.6210476574 13.0203759018 17.5881357142 16.6392661941 31.7633744216 46.7305787281 60.2814154728 396.08719116 406.679540738 11.1110041929 21.0933723842 31.3122065769 38.8221448014 46.5151479259 70.591233181 77.6046277764 5.3705016586 3.81079914526 2.80900743696 2.87830927901 3.58762788657 4.29423349492 3.59875809181 4.57242891249 13.6365730286 6.19816776413 2.91290958305 2.78585269657 2.70847787507 4.90764184472 12514.6057426 107.380457152 47.6222860547 4.17200688565 1.78646785827 1.45793452522 5.21361015505 3.5889163695 1.837549724
-9999.0 -9999.0 -9999.0 -9999.0 -9999.0 -9999.0 -9999.0 -9999.0 -9999.0 -9999.0 -9999.0 -9999.0 -9999.0 -9999.0 13.006266726 24.4335542001 88.5029842067 12.1890917675 33.7214311533 49.3026989999 63.2798668691 15.2756061005 27.7528322206 41.7094830865 460.084471053 10.0447336625 18.9400200646 28.2672489953 8.7549951785 17.1920232815 21.7510821253 27.574223528 788.35897986 796.989679971 804.774128387 846.69096601 856.631008953 884.780542319 6.56029658233 14.6023029213 16.7247866469 966.640656858 971.729991561 2.4873385408 4.16752307004 5.75976893051 12516.6127505 103.296413212 50.5261981359 48.4163989222 37.9165956646 32.8668430229 6.89320122164 1.68170808003 3.12164962311
-9999.0 -9999.0 -9999.0 -9999.0 -9999.0 -9999.0 -9999.0 -9999.0 -9999.0 -9999.0 -9999.0 -9999.0 -9999.0 -9999.0 13.258983333 39.9894160958 141.422879205 207.930042669 10.4101151894 271.142589295 347.096245848 13.584978912 25.7583901247 39.4131953447 573.553015521 584.256669098 8.13922256582 44.9619066891 52.8152285823 59.6540685312 728.880363445 746.065083263 756.947283516 5.33995023895 29.1952304156 35.4206181067 14.9083910552 21.3682449917 914.084904182 937.765975735 942.923218502 947.663836873 976.625983323 2.363363015 2.1299310325 9.52099153351 12519.2173259 3.12699140233 2.9017039084 8.74787444214 3.48438950812 29.8391158584 23.927137111 14.2950330201 10.2720698751
-9999.0 -9999.0 -9999.0 -9999.0 -9999.0 -9999.0 -9999.0 -9999.0 -9999.0 -9999.0 -9999.0 -9999.0 -9999.0 -9999.0 -9999.0 -9999.0 27.4581168059 55.0223760344 245.375318428 259.227657339 358.84838383 371.858285162 13.78810815 27.6120812939 63.4628530019 594.955563784 613.451060597 620.258065688 5.47698302822 646.491761313 663.914814972 11.4242884401 5.27309531286 9.83061087756 19.375041065 4.85832008067 9.64635848789 20.2963412093 25.443844473 5.03795762857 3.12941281042 6.06129209929 999.943972522 1006.61030203 1008.3091848 1023.32967398 12521.4300046 1.83547821083 1.82014546205 2.37466354201 2.32427256639 2.40695615715 2.06715131875 3.76321794129 1.3921072675
-9999.0 -9999.0 -9999.0 -9999.0 -9999.0 -9999.0 -9999.0 -9999.0 -9999.0 -9999.0 -9999.0 -9999.0 -9999.0 -9999.0 -9999.0 -9999.0 14.3038190119 13.8662191575 13.5440778779 27.1202365194 11.7268452992 395.247433608 406.946731048 12.3641138176 24.4665154367 11.7418307633 9.36365344491 8.92821803249 635.457766211 5.62596665906 11.8980297275 6.1997320675 5.3853159781 4.7134521878 3.51798634436 3.7397986546 11.975576666 16.6901315256 3.09249080237 2.51829324209 5.79941715345 10.1502697729 13.2963470849 3.52711161404 1011.70856258 1025.19659664 12522.9229673 8.1032302029 4.65058984694 1.25002968738 3.32056424808 1.02570277126 0.817195730771 4.6737705746 7.18263264198
-9999.0 -9999.0 -9999.0 -9999.0 -9999.0 -9999.0 -9999.0 -9999.0 -9999.0 -9999.0 -9999.0 -9999.0 -9999.0 -9999.0 -9999.0 -9999.0 -9999.0 -9999.0 13.6197500547 39.2510077134 49.5539726588 60.8711564597 418.235433181 429.819861105 441.228196859 453.715307658 462.267199826 480.429689907 485.624220845 490.756655993 494.969387434 4.05762847352 3.88734227438 4.38639873197 15.6843202789 4.38555671551 4.29915180062 3.02949200898 9.03873649537 3.74218589749 2.77071173982 2.49757987311 2.11111184201 4.21045856826 6.18896635636 1038.17955219 13570.8228038 1.53758713138 3.46847927921 0.968957778701 4.40983737727 2.20277041941 1.64398082972 17.3115354022 11.6265005943
-9999.0 -9999.0 -9999.0 -9999.0 -9999.0 -9999.0 -9999.0 -9999.0 -9999.0 -9999.0 -9999.0 -9999.0 -9999.0 -9999.0 -9999.0 -9999.0 -9999.0 -9999.0 -9999.0 10.6782135457 88.3447721873 173.004071914 184.708280459 16.6659131273 29.7740200852 41.8178009878 51.1299838858 117.448861207 121.740384134 4.10566119355 4.26185905829 503.707616839 511.423254975 514.898196361 18.3962782397 2.35253100257 6.91779000386 10.0974695099 30.7413905764 37.8456249923 43.1806469549 4.74180795187 6.60215686254 2.33174987257 4.74524181502 2.52922272571 13575.2124018 1.47672731522 6.23707694695 2.81805282528 8.30129639079 17.0013388977 19.5654349679 37.7932085219 12.6123777304
-9999.0 -9999.0 -9999.0 -9999.0 -9999.0 -9999.0 -9999.0 -9999.0 -9999.0 -9999.0 -9999.0 -9999.0 -9999.0 -9999.0 -9999.0 -9999.0 -9999.0 -9999.0 12.412822365 40.1042199081 77.9412396955 101.221680949 256.226452455 270.34343541 26.1274992049 38.4337308738 48.4646620379 58.0826265597 126.534851302 135.077131505 236.091882549 244.092788487 247.873796151 518.567073884 546.221051542 6.21075756213 4.79324135107 4.4652235237 8.64089394591 3.92193333472 50.7644736758 53.3200173918 8.72094634699 10.591622608 1.96426869876 3226.03261155 3231.48783263 16809.6728822 16818.1445118 1.459487692 11.3884526551 2.30491311593 2.23264027225 42.2164293651 56.3806318116
-9999.0 -9999.0 -9999.0 -9999.0 -9999.0 -9999.0 -9999.0 -9999.0 -9999.0 -9999.0 -9999.0 -9999.0 -9999.0 -9999.0 -9999.0 -9999.0 -9999.0 -9999.0 -9999.0 14.5161282071 14.0192823599 25.9390849113 60.8487877091 281.873349382 13.7101351392 13.456526059 23.2455859009 33.7143861763 81.0212442417 87.8871043205 5.46700172808 5.68292885723 253.830509828 257.792852552 807.586299803 810.60150959 2.12249100538 1.76385328951 1.51148416572 1.53134273953 1.89088757284 3176.93544465 3194.54508969 3207.69755814 3212.45741577 3224.26862768 3.13211353662 11.2421109049 13.5761481049 16836.4868481 16837.5956648 16838.530969 16840.097351 16842.2299308 58.6399281858
-9999.0 -9999.0 -9999.0 -9999.0 -9999.0 -9999.0 -9999.0 -9999.0 -9999.0 -9999.0 -9999.0 -9999.0 -9999.0 -9999.0 -9999.0 -9999.0 -9999.0 -9999.0 -9999.0 -9999.0 12.4129575389 13.2231847076 24.1201061281 328.612831184 340.739946533 12.9452279449 22.741692099 33.6505180511 41.7574329398 6.67677407477 12.4223903367 724.678821116 728.770219405 733.018937232 767.29557633 1581.63081233 3071.7188814 3077.42233806 3082.7874892 3087.86568047 3112.61549309 3121.00265785 15.3587635546 6.55949709001 4.22691372377 7.83650421967 5.56284772645 8.98472689301 2.86095181435 63.7951090152 70.7933477031 75.3112999461 76.2904249002 16843.0173568 16903.0307222
-9999.0 -9999.0 -9999.0 -9999.0 -9999.0 -9999.0 -9999.0 -9999.0 -9999.0 -9999.0 -9999.0 -9999.0 -9999.0 -9999.0 -9999.0 -9999.0 -9999.0 -9999.0 -9999.0 -9999.0 -9999.0 12.6281959188 24.0296539345 35.5661686266 350.372197009 11.3601186098 473.505362287 484.986692438 491.507927086 497.570910284 698.979493426 706.599450349 4.76363136917 25.0476161071 31.0053546139 5.25954042699 1484.57492905 1474.93717878 2.92606925791 7.09086054615 20.1215147894 4.65513303401 5.07322902096 3.33157904714 2.79110793915 2.03162276176 2.57745030552 54.7127500661 57.5621649725 61.1742879054 4.84374426101 2.9080159105 77.8985427579 79.4266501829 80.1381955515
-9999.0 -9999.0 -9999.0 -9999.0 -9999.0 -9999.0 -9999.0 -9999.0 -9999.0 -9999.0 -9999.0 -9999.0 -9999.0 -9999.0 -9999.0 -9999.0 -9999.0 -9999.0 -9999.0 -9999.0 -9999.0 11.1845708862 10.3678049144 54.3142288622 427.927333617 451.267445939 463.944791145 11.2718256451 183.687187051 190.263731771 193.841812297 6.57035605361 12.3195731899 16.9749027348 327.16230805 330.895889112 334.231732616 1468.76654981 925.136397068 4.04815946106 4.46441221774 4.22038457237 3.16510932514 33.1585184275 39.7470765424 45.3581018113 48.6876323783 51.8570976272 363.500776332 365.681763987 368.237045888 374.214217555 399.668872319 400.640108603 481.847154177
-9999.0 -9999.0 -9999.0 -9999.0 -9999.0 -9999.0 -9999.0 -9999.0 -9999.0 -9999.0 -9999.0 -9999.0 -9999.0 -9999.0 -9999.0 -9999.0 -9999.0 -9999.0 -9999.0 -9999.0 -9999.0 -9999.0 21.7816498622 33.5675191082 12.7829438302 13.5267899977 145.312654316 157.110687002 165.106516621 65.8495196785 71.6875440876 78.0149829713 83.2261777757 318.500335287 324.181661954 197.575711999 536.295760585 540.366175256 922.082654414 8.60977754997 4.487617922 2.76162314374 22.8110054862 27.0220853008 2.23100227903 2.0237508896 352.908591269 358.585287202 361.424787247 2.94649893257 4.42526635819 396.514802278 2.2889415192 8.61996357985 9.38342274815
-9999.0 -9999.0 -9999.0 -9999.0 -9999.0 -9999.0 -9999.0 -9999.0 -9999.0 -9999.0 -9999.0 -9999.0 -9999.0 -9999.0 -9999.0 -9999.0 -9999.0 -9999.0 -9999.0 -9999.0 -9999.0 -9999.0 10.9423428756 21.6006758599 93.8379542707 107.382782407 120.573730042 50.5455701781 59.9184094928 6.59040625373 218.521541058 224.422648031 230.251769357 5.3949892998 187.278447948 193.240007609 4.32747463368 899.699031141 9.81707503223 4.88382667405 12.4157865699 16.9225990777 3.23376649255 2.41777783914 323.323387067 347.817999931 351.290551513 3.59713059437 7.39953044257 9.22478628719 10.4319795431 20.4726868372 3.04003811975 7.1588223667 1.3604381148
-9999.0 -9999.0 -9999.0 -9999.0 -9999.0 -9999.0 -9999.0 -9999.0 -9999.0 -9999.0 -9999.0 -9999.0 -9999.0 -9999.0 -9999.0 -9999.0 -9999.0 -9999.0 -9999.0 -9999.0 -9999.0 -9999.0 10.6634515478 34.157433328 61.1897326264 15.0169834296 27.9096815486 40.3556422446 191.578908387 199.912134059 206.220405706 5.47299301885 153.291196838 171.581283513 177.419920258 3.8411103516 880.64181104 891.410625178 5.07963700154 4.49665596337 9.22575269407 3.61067165087 305.595496714 312.161386242 316.476234977 16.025505179 19.7002097102 3.06564414516 5.42321642988 2.38285251212 15.9265322482 2.5683258148 1.85390214263 1.99476788026 2.15869943546
-9999.0 -9999.0 -9999.0 -9999.0 -9999.0 -9999.0 -9999.0 -9999.0 -9999.0 -9999.0 -9999.0 -9999.0 -9999.0 -9999.0 -9999.0 -9999.0 -9999.0 -9999.0 -9999.0 -9999.0 -9999.0 -9999.0 -9999.0 12.094854466 14.2824367459 16.0248247481 133.708707997 145.575388606 181.040409686 8.97561144389 128.185259187 142.939491746 6.27385165024 13.1313569968 4.87858262742 866.938433519 5.80851892293 14.5022323911 17.9153973073 21.1633072848 281.683971237 294.857642026 299.470290559 4.67603345907 8.67402181733 12.1528591318 1.89668412208 1.66267165272 861.864133552 863.652643943 865.120665316 881.828181263 883.844462652 886.464437709 888.045564041
