data/baseflow/mHMbf_acc245.asc
ncols                  80
nrows                 72
xllcorner      4374000.0
yllcorner      5656000.0
cellsize            500
NODATA_value       -9999
[rows 25 to 49 of 72, columns 0 to 54 of 80]
-9999.0 -9999.0 -9999.0 -9999.0 -9999.0 -9999.0 -9999.0 -9999.0 -9999.0 -9999.0 -9999.0 -9999.0 27.6095396825 54.9492006836 25.9892198913 52.7972483221 24.9690824105 180.422430478 228.855458996 253.623293385 23.3529060706 44.5373107047 422.245236436 527.31508837 546.012590231 45.6991139561 44.5213504309 63.0056497064 12.097424512 11.570392586 22.6459113733 11.7311776664 656.8069331 670.532177582 685.364892776 5265.53252635 11283.2952259 11186.2446113 23.6370632686 9.71201022756 9.07817566744 37.1636418196 27.5350443318 71.0997470832 98.3591721003 198.684541961 18.4902397889 18.5319636454 169.863433284 186.567504224 370.806287901 384.358256264 413.349720577 427.413488605 12.7989292977
-9999.0 -9999.0 -9999.0 -9999.0 -9999.0 -9999.0 -9999.0 -9999.0 -9999.0 -9999.0 -9999.0 -9999.0 -9999.0 26.8089528202 53.1421283072 79.3788923918 130.006073772 25.9339270184 24.603075303 168.511935107 191.730432639 382.391950903 405.115185266 65.1549016541 23.8418086032 23.5187328907 22.0118332688 580.057376211 595.74000008 608.85516364 620.396039869 643.928300093 132.014980642 147.228154488 846.812407259 17402.4166398 82.183559612 69.9982786432 34.9437661512 9.09810326514 8.26041587291 55.3626779372 62.960237259 89.5802324565 9.46596872667 210.080144996 32.1294784363 31.6972161544 9.26307623714 7.08503179613 6.3048226845 6.42905731436 6.45183031785 434.261711685 6192.04863434
-9999.0 -9999.0 -9999.0 -9999.0 -9999.0 -9999.0 -9999.0 -9999.0 -9999.0 -9999.0 -9999.0 -9999.0 -9999.0 -9999.0 26.025656338 50.1643042989 71.944880795 94.5191787016 119.306443545 144.429552486 74.2702915771 122.571875844 23.0941790526 23.1079370233 468.441183995 514.219839167 536.167870337 559.950022834 19.5749956618 35.7853591323 90.7178857853 105.22529577 118.514300734 16.4822768372 13.9705671821 17439.3146159 12.854590496 20.1656753514 9.67695018724 34.2730049407 16.6233263253 8.94785961683 161.982347895 170.022004072 7.14388534658 217.671217579 256.504092766 38.1443364263 6464.44353871 6448.7045079 6434.59347892 6406.4017528 6393.91935126 6219.16691485 6212.43095559
-9999.0 -9999.0 -9999.0 -9999.0 -9999.0 -9999.0 -9999.0 -9999.0 -9999.0 -9999.0 -9999.0 -9999.0 -9999.0 -9999.0 4.98698710148 11.7422797345 21.5922373784 183.400741401 209.036218184 25.6111012607 24.8732695746 24.3330769173 375.94756757 422.917319767 23.0282100999 23.7545958846 21.8295764132 87.8850979202 109.538518478 58.3524408378 72.8858452831 483.890345197 501.288907543 534.472033941 861.629142005 18308.5694173 12.5184819315 8.62086505847 50.4919251636 42.2980662695 7.88171300824 25.1951756074 33.3595685461 178.880729399 186.625439676 462.948976914 262.062335654 42.613982611 6612.44054256 73.5386657686 6421.33823122 6414.13205426 162.896830337 8.86865081072 14.9786145005
-9999.0 -9999.0 -9999.0 -9999.0 -9999.0 -9999.0 -9999.0 -9999.0 -9999.0 -9999.0 -9999.0 -9999.0 -9999.0 -9999.0 25.9036177366 42.2145560068 90.6623878741 157.846150103 228.667521431 279.126294795 304.15258827 328.943854008 353.08421233 23.3632071938 22.5592973529 44.7470310119 44.0229506778 22.1836518387 414.819869023 436.224995201 456.787034297 476.010091287 278.209411678 294.823734929 312.308488964 18315.020392 20.683581475 22.0510833738 77.3288677398 7.29896515973 15.7892967684 7.95684685196 7.71623859707 40.8557421402 6.68600913923 7.03106789084 7113.03835952 6644.17601505 6637.02003755 26.709635099 67.4352849997 44.5814260114 11.486167211 147.314561316 45.519781035
-9999.0 -9999.0 -9999.0 -9999.0 -9999.0 -9999.0 -9999.0 -9999.0 -9999.0 -9999.0 -9999.0 -9999.0 -9999.0 -9999.0 18.1969924661 16.7685303224 32.6759274671 50.2799341841 25.333042056 25.9590442199 50.8842871411 75.6947448949 123.627418432 147.687913752 171.075411372 239.354350569 261.602277904 284.286171895 21.7416927865 213.348511471 232.680043289 249.033293015 13.093507282 6.54238356846 11.985632824 18627.5145743 18633.7949039 18667.0409885 97.0845348724 14.4299796345 25.0902660178 7.68170646611 14.0947659003 47.4021622048 60.0972232862 13.1018311007 7144.73593659 9.96132113432 15.1122185106 16.6547611042 13.0399798842 23.9918764404 10.3726519783 90.3411171284 70.708907167
-9999.0 -9999.0 -9999.0 -9999.0 -9999.0 -9999.0 -9999.0 -9999.0 -9999.0 -9999.0 -9999.0 -9999.0 -9999.0 -9999.0 -9999.0 15.7916496103 31.3229408336 15.9023024649 33.1971934657 210.064292772 234.408521657 259.317438478 23.920098746 24.0608473136 47.5468849596 70.7968332791 115.30009516 137.509040801 149.2237735 170.140130433 19.1994005041 17.3049383123 274.775313114 281.129183324 287.412865453 293.870766619 241.218885036 18935.4028878 19075.5272126 19081.7194094 19112.5249385 19143.3579985 19166.2521913 7.42438171226 66.4527886656 7152.09757713 19.2208217832 9.81486838 8.86660461727 7.40481315064 13.3599364789 13.5495225131 7.5811832811 10.0222133378 9.76872807408
-9999.0 -9999.0 -9999.0 -9999.0 -9999.0 -9999.0 -9999.0 -9999.0 -9999.0 -9999.0 -9999.0 -9999.0 -9999.0 -9999.0 -9999.0 -9999.0 46.6069359246 64.1970279568 115.504243288 157.144890416 23.2218976353 308.394607909 332.246971002 356.202036441 24.0672435559 47.6004961036 22.5299758132 160.701260307 171.772241631 190.002109107 210.142537354 258.047674376 263.692471008 3.81218280204 215.933193234 228.806215554 235.020468857 261.833629795 36.5706252163 24.136761178 15.6493516268 14.9387060711 19188.2438025 19199.7633006 19314.2031951 7160.29077332 49.0435938457 22.3077583478 14.9197114476 5.15674396087 41.2271836459 21.6764455925 7.02363204479 37.8047836472 31.5566467139
-9999.0 -9999.0 -9999.0 -9999.0 -9999.0 -9999.0 -9999.0 -9999.0 -9999.0 -9999.0 -9999.0 -9999.0 -9999.0 -9999.0 -9999.0 -9999.0 17.3595613388 81.1200092529 99.173341486 24.6838992103 25.2160304565 50.0336431187 74.1454368958 454.628069998 23.9796195377 95.8456496064 118.694500431 140.956594321 11.7802298924 28.9681740804 38.4937149646 174.771150699 194.345316187 199.53767649 6.25597473512 6.42615551967 7.77994751935 14.2584002636 6.20341808715 6.64678179756 13.7019939957 10.4008317599 13.6882771015 38.9363412219 19326.4863626 26518.7523529 59.0093954088 7.5441272607 5.04569127477 128.557244917 117.514392844 69.2576470526 62.1935460816 46.7429621663 9.97016866234
-9999.0 -9999.0 -9999.0 -9999.0 -9999.0 -9999.0 -9999.0 -9999.0 -9999.0 -9999.0 -9999.0 -9999.0 -9999.0 -9999.0 -9999.0 14.1322155586 47.7714858792 16.1226642784 27.2949606654 26.8642039793 52.104330666 76.6277485307 99.9467386305 573.552497671 597.217780288 24.0375057815 47.0666620092 70.1664857654 85.6835115428 103.253612088 153.840725766 168.386773024 12.2949508273 10.8749733578 9.83728722545 14.9893744021 13.7480393518 13.3141089432 11.201451377 12.766791519 49.1489338261 22.8153102298 10.5742986018 10.2198252472 10.9239861316 21.0518964188 26884.2523328 298.932201833 149.240605341 9.75109098907 4.11890345498 4.59911927845 17.348750897 12.4123999876 6.51253426246
-9999.0 -9999.0 -9999.0 -9999.0 -9999.0 -9999.0 -9999.0 -9999.0 -9999.0 -9999.0 -9999.0 -9999.0 -9999.0 -9999.0 14.9754906702 28.6831997764 106.606157175 15.6916044029 52.1510187211 78.8465820203 104.850971248 26.0040326032 50.4066950795 73.0455558066 688.856194724 23.4733964485 45.959106777 68.3576432506 21.1706818675 41.8421341582 53.5652683135 68.0450053311 1422.95517601 1447.09340678 1469.49578343 1573.2740862 1614.78285664 1699.6988421 22.9502214393 48.6559941878 61.5919348771 1969.75561169 1991.04754877 9.77810935241 18.8967506858 27.7403743256 26893.0102389 285.069620947 124.272939943 119.887699195 101.255284668 92.1750883247 23.1000026702 5.37637585662 11.3848141148
-9999.0 -9999.0 -9999.0 -9999.0 -9999.0 -9999.0 -9999.0 -9999.0 -9999.0 -9999.0 -9999.0 -9999.0 -9999.0 -9999.0 15.2688112276 46.0068351764 167.708052144 246.363439767 14.2853097411 328.233373906 451.470234201 25.305172206 49.6299802634 73.2920979015 898.958791549 919.845427051 22.2684678709 113.074214863 134.412356437 151.615656227 1277.26526624 1316.91057606 1342.19621272 12.4141846323 72.9787267806 86.6287383391 41.9279460656 60.8934815917 1787.31596284 1864.49056025 1880.87104783 1896.67228749 2013.60844728 11.0947773796 10.0491300124 46.4449375401 26902.2083597 7.09305964209 5.00898009589 14.7598772587 5.47630485373 83.876826165 70.801108128 41.3181637322 30.5361075076
-9999.0 -9999.0 -9999.0 -9999.0 -9999.0 -9999.0 -9999.0 -9999.0 -9999.0 -9999.0 -9999.0 -9999.0 -9999.0 -9999.0 -9999.0 -9999.0 32.0474587479 64.4114098936 293.252942033 310.417638563 466.593939776 485.021234821 24.9855812977 49.8787318184 121.153436942 937.477996974 981.777655897 1001.85164431 17.6670056993 1072.66232449 1112.45372818 25.8708293115 12.5327903291 25.2874128828 49.2756871214 11.8165107003 24.5253864148 57.573801303 72.6626580249 13.2782296682 10.0254380587 20.4597157952 2082.19998848 2103.72029661 2112.89301576 2179.77611596 26910.9529414 4.62105115756 3.77169031237 4.28004651756 4.21808176245 4.31011004166 3.97778767361 7.50152844777 3.88057931926
-9999.0 -9999.0 -9999.0 -9999.0 -9999.0 -9999.0 -9999.0 -9999.0 -9999.0 -9999.0 -9999.0 -9999.0 -9999.0 -9999.0 -9999.0 -9999.0 16.7076290109 16.3742658945 16.5296769013 35.9462775292 15.9786531596 516.517389731 533.712190719 24.1335597 48.1052375699 24.8131925192 22.1731723514 21.8632249475 1040.34785293 12.6995937989 25.4479995098 14.2187342323 13.5976019468 12.2015537457 10.4772306902 10.7332660889 32.4772180834 43.9774120159 9.35787800629 8.48519827394 17.7336775351 28.3747058447 35.5441264613 9.16831609891 2123.59847833 2189.15469858 26917.5826214 20.433375117 11.6632175749 2.78863072201 6.53644307645 2.37333114051 1.95891587969 9.65598309676 20.3448224848
-9999.0 -9999.0 -9999.0 -9999.0 -9999.0 -9999.0 -9999.0 -9999.0 -9999.0 -9999.0 -9999.0 -9999.0 -9999.0 -9999.0 -9999.0 -9999.0 -9999.0 -9999.0 16.2444312016 51.0683451466 64.9376320129 80.2191925356 548.675886207 563.655738637 580.040941144 601.823614094 623.44172041 667.401109 680.428758268 692.407289236 704.733485967 12.7516095128 12.331658807 12.4549785315 44.6874449603 11.4284750031 11.0701727471 9.59319895827 28.0625528111 10.230411134 8.51977994714 8.09108819189 7.0759785795 14.129322145 20.5384668714 2231.69898374 29177.2724391 4.12091927853 10.453743207 2.42077916258 9.1117499582 5.1812749445 3.942984069 47.1032863201 34.1554522714
-9999.0 -9999.0 -9999.0 -9999.0 -9999.0 -9999.0 -9999.0 -9999.0 -9999.0 -9999.0 -9999.0 -9999.0 -9999.0 -9999.0 -9999.0 -9999.0 -9999.0 -9999.0 -9999.0 13.8323334601 108.481187341 218.722448471 235.654763739 23.8432367514 48.0704056097 72.0618822079 94.8316797602 233.28425251 246.618382822 13.0147259457 12.9018029242 730.92445692 755.399681614 767.101199942 54.562903407 9.16660964635 20.9799414032 30.9382929503 91.4872524785 111.315547157 127.893909846 15.6193930958 22.1032211283 7.36569240587 14.4768495124 7.29641655135 29192.1535963 4.44756800407 18.4523639885 8.5246693464 22.5076372684 44.4346066206 50.7942193275 100.145846446 46.1548918464
-9999.0 -9999.0 -9999.0 -9999.0 -9999.0 -9999.0 -9999.0 -9999.0 -9999.0 -9999.0 -9999.0 -9999.0 -9999.0 -9999.0 -9999.0 -9999.0 -9999.0 -9999.0 15.2671654117 48.3568698694 94.8715554981 124.175684799 325.744217285 346.375931613 48.8311608943 72.5505091981 94.5534174742 117.25695471 259.659516054 285.865914978 499.952413976 516.136634257 527.751390093 778.829733193 864.614603893 20.7381131117 12.4155246224 12.0646389032 23.3763114778 10.8003320377 148.35679195 156.405691023 29.1759508731 36.0589866074 6.75416485157 5684.25692653 5698.94750181 34901.3552802 34926.5047165 3.83660406667 30.5256881749 4.53666449386 4.45865725351 110.554054701 161.313860118
-9999.0 -9999.0 -9999.0 -9999.0 -9999.0 -9999.0 -9999.0 -9999.0 -9999.0 -9999.0 -9999.0 -9999.0 -9999.0 -9999.0 -9999.0 -9999.0 -9999.0 -9999.0 -9999.0 17.186100459 16.7658359053 31.8947267491 76.1129485839 361.203028576 24.7137811872 24.4964128297 46.7115843485 68.861225692 167.09807136 181.943650722 9.5870576975 10.6809193916 542.148977537 554.231906503 1429.49430212 1439.4194106 8.68406589557 8.03437468794 7.10142185678 7.15108490149 7.13994736016 5547.75645368 5592.64867526 5635.8974195 5649.17834168 5677.45100022 7.78783177461 29.3658539226 37.9010637729 34978.9963816 34983.6271654 34991.2701846 34999.2822858 35005.0590034 168.647933175
-9999.0 -9999.0 -9999.0 -9999.0 -9999.0 -9999.0 -9999.0 -9999.0 -9999.0 -9999.0 -9999.0 -9999.0 -9999.0 -9999.0 -9999.0 -9999.0 -9999.0 -9999.0 -9999.0 -9999.0 15.5307852471 16.1713643806 30.2353305254 420.655419776 438.682288879 24.3236716479 46.5344207845 68.872191356 84.2313386531 13.6971560858 28.3014804564 1073.03729491 1086.0912685 1096.48104769 1180.36168042 2630.01342968 5243.28704531 5262.28578003 5279.99313082 5297.21623445 5362.97578039 5383.1843573 37.2239555231 17.3001746872 9.58215805171 18.3615973757 14.5464458674 22.7227511781 7.28495078123 161.706248985 175.795907873 186.421861896 191.844204683 35011.0337996 35187.6416044
-9999.0 -9999.0 -9999.0 -9999.0 -9999.0 -9999.0 -9999.0 -9999.0 -9999.0 -9999.0 -9999.0 -9999.0 -9999.0 -9999.0 -9999.0 -9999.0 -9999.0 -9999.0 -9999.0 -9999.0 -9999.0 15.820905647 30.4656260107 45.1823005987 451.613354387 21.2373775814 633.216754228 656.133716551 670.193236407 684.969459959 1014.48541607 1030.00336802 13.4790652987 62.605121606 75.5402736246 12.9463551044 2594.08033903 2570.01676781 9.06212725375 19.5659259515 50.2344171217 10.5627757295 10.6964804408 8.72407319015 7.60410293401 6.36173791948 6.96571244265 138.171256546 145.224608689 153.289628265 6.69648307197 5.03613891928 195.250686359 201.239035748 205.519178394
-9999.0 -9999.0 -9999.0 -9999.0 -9999.0 -9999.0 -9999.0 -9999.0 -9999.0 -9999.0 -9999.0 -9999.0 -9999.0 -9999.0 -9999.0 -9999.0 -9999.0 -9999.0 -9999.0 -9999.0 -9999.0 14.566220739 13.7633252899 71.1650317264 553.601122341 590.274552676 611.145824328 23.9336181165 297.920875759 310.104859494 315.704473606 13.920354722 28.5289660315 41.5136529809 615.586870624 626.366874205 636.257446481 2551.01270488 1510.18442999 10.424946851 10.3451788087 10.0896462359 8.50578934294 83.4071463697 99.9621210259 114.991585206 122.999125834 130.795896627 748.233442454 754.359736218 760.427451776 775.128467405 848.468878072 853.35603567 1064.33096523
-9999.0 -9999.0 -9999.0 -9999.0 -9999.0 -9999.0 -9999.0 -9999.0 -9999.0 -9999.0 -9999.0 -9999.0 -9999.0 -9999.0 -9999.0 -9999.0 -9999.0 -9999.0 -9999.0 -9999.0 -9999.0 -9999.0 28.6010332495 43.6597213572 17.4604970892 24.6126316541 212.662520043 237.079792891 256.607716304 128.335532637 141.048479923 154.858391188 168.501619402 592.535768043 605.349328642 372.364234696 1019.95859792 1030.85006061 1500.86199626 20.8154239624 10.3354420606 8.33081407327 57.0646753359 66.6540995871 6.55373728537 6.14997119868 721.126922562 735.313157523 742.319720753 7.42444997725 10.6493186996 835.286673027 8.73488469379 33.7271062134 38.0120903757
-9999.0 -9999.0 -9999.0 -9999.0 -9999.0 -9999.0 -9999.0 -9999.0 -9999.0 -9999.0 -9999.0 -9999.0 -9999.0 -9999.0 -9999.0 -9999.0 -9999.0 -9999.0 -9999.0 -9999.0 -9999.0 -9999.0 14.3659274482 28.4751007745 123.590468093 141.818815417 164.894833808 94.729710185 115.89381569 12.6988300266 386.33400834 398.607187077 411.245572888 12.6480234119 347.829411576 360.875456135 11.0124943127 1447.14650015 22.5076835241 11.1611643824 30.0123673149 40.3717518725 8.48580365917 7.39719617114 651.074264137 707.889564173 715.98140151 8.16427963296 18.8894071772 24.1604314855 28.8168659997 55.4925298001 12.426291106 27.3744429167 5.93643222321
-9999.0 -9999.0 -9999.0 -9999.0 -9999.0 -9999.0 -9999.0 -9999.0 -9999.0 -9999.0 -9999.0 -9999.0 -9999.0 -9999.0 -9999.0 -9999.0 -9999.0 -9999.0 -9999.0 -9999.0 -9999.0 -9999.0 14.2374204515 45.1201332313 80.2812469291 21.7150792717 46.3612971824 71.2200490398 333.6530353 348.984530922 361.481730822 11.9542312379 275.207962675 311.112551332 323.572739601 10.3137228387 1401.64729114 1425.36760116 11.3175612502 10.7458723822 21.1268542633 9.16984775631 604.585045135 621.406819897 630.486300365 35.292113734 43.3589381766 7.29490526633 13.3068342392 6.05268077521 41.7405474215 6.13840259335 6.71088566482 7.29142328157 7.39051983358
-9999.0 -9999.0 -9999.0 -9999.0 -9999.0 -9999.0 -9999.0 -9999.0 -9999.0 -9999.0 -9999.0 -9999.0 -9999.0 -9999.0 -9999.0 -9999.0 -9999.0 -9999.0 -9999.0 -9999.0 -9999.0 -9999.0 -9999.0 16.0603273098 18.497126363 24.5759842816 214.471539016 238.819343944 310.689305234 18.178092192 225.501922613 251.779857898 12.4179279708 24.8745576293 10.5214234887 1368.9365362 11.6331281513 33.5136149968 43.1095078246 52.4350239218 548.051980823 578.339469554 588.126869411 9.79936828908 18.5379191953 26.6953321319 5.57193536943 5.04929447314 1433.99395738 1439.05836355 1443.33170023 1481.51777838 1486.79375446 1494.3034538 1500.48181898
