data/baseflow/mHMbf_acc479.asc
ncols                  80
nrows                 72
xllcorner      4374000.0
yllcorner      5656000.0
cellsize            500
NODATA_value       -9999
[rows 25 to 49 of 72, columns 0 to 54 of 80]
-9999.0 -9999.0 -9999.0 -9999.0 -9999.0 -9999.0 -9999.0 -9999.0 -9999.0 -9999.0 -9999.0 -9999.0 27.9123383517 55.2244030081 25.7227714076 51.2443860994 22.4688726921 174.170314513 217.473178432 239.747247403 20.3410749275 39.5401672873 387.569515573 480.559305519 498.707592397 36.8692485577 39.9355321282 59.2736338895 12.18638453 11.1190889614 20.9584236687 8.63908873363 597.800564161 606.414207926 615.771951206 4646.77589544 8845.36826814 8774.21705091 16.0236811925 7.56363718229 6.73666657654 22.8883930432 17.0217010352 43.1501193584 59.8160017606 120.063866296 10.813794453 10.7483536843 97.0548460569 106.64620712 209.04399382 215.709752075 233.063240418 240.992465024 8.26863534082
-9999.0 -9999.0 -9999.0 -9999.0 -9999.0 -9999.0 -9999.0 -9999.0 -9999.0 -9999.0 -9999.0 -9999.0 -9999.0 26.463543987 53.0603001504 79.8541956853 127.087443199 24.7016275357 22.3207632416 157.944354915 178.350778228 349.99978155 371.01767009 58.1578151521 19.3167229705 17.5992752576 18.2796790142 536.680970357 548.614052908 560.818428117 571.235962353 589.473052453 104.299191132 112.399482861 739.343527104 14236.1914049 57.3572549047 47.3414307047 23.6622538515 6.0547126863 5.54433322132 36.4799329843 41.6271598934 53.8530272651 5.09093892262 125.9121429 18.0636244615 17.7186201389 4.51551632855 3.65236907112 3.74867901402 3.7065163904 4.03477195458 245.032804088 3477.94695295
-9999.0 -9999.0 -9999.0 -9999.0 -9999.0 -9999.0 -9999.0 -9999.0 -9999.0 -9999.0 -9999.0 -9999.0 -9999.0 -9999.0 25.5227019981 48.897966137 69.949395393 91.2488207498 113.502850448 136.518273454 66.2724670637 110.774100143 20.7348308518 19.5822651377 449.089746305 486.636830308 503.823356686 522.520821528 14.1410842383 25.7187000539 67.3761655963 83.4788012727 95.4613833177 9.38313330913 9.6254334065 14263.263022 9.95420783271 15.4425869288 8.43588742424 24.7281545935 11.5686010495 7.17055835836 101.660885978 107.588141594 4.13346364657 130.642871865 154.763745037 24.5280340613 3658.45781363 3649.27645522 3641.28447502 3624.28134257 3617.30385175 3498.6464725 3493.86194302
-9999.0 -9999.0 -9999.0 -9999.0 -9999.0 -9999.0 -9999.0 -9999.0 -9999.0 -9999.0 -9999.0 -9999.0 -9999.0 -9999.0 5.59107507076 12.8559659912 21.5831200702 193.136709465 215.915856559 23.1859812679 22.2835053505 22.1588285711 368.971299524 411.414433589 20.3773631485 20.5543489929 16.3959342294 67.792067823 84.4432654171 42.9560177697 55.1188606939 396.202107448 408.376762732 429.160314106 686.699396953 14955.6202697 10.2590948356 7.10965028345 37.53534358 31.1656483568 4.71627083815 17.0734040149 22.1488127295 113.461722649 118.720673902 284.413848599 157.16514675 27.62302662 3754.01979562 47.2056814257 3633.4858241 3629.10820674 111.18398993 4.59284077453 11.8883136614
-9999.0 -9999.0 -9999.0 -9999.0 -9999.0 -9999.0 -9999.0 -9999.0 -9999.0 -9999.0 -9999.0 -9999.0 -9999.0 -9999.0 28.6643606053 46.8763059255 97.6246018894 170.132192057 235.783040815 283.409641468 305.379930256 327.844567659 349.528792725 20.7488177273 18.5133279377 36.3194448586 33.846586495 17.7955910994 342.889152429 359.067018543 374.073856737 388.231598917 219.803070152 232.191060361 246.239610584 14960.4382803 17.4240252276 20.7872640578 62.4179213105 5.86182863151 10.96821448 6.01448053907 4.65231944137 27.2854859885 4.20930121807 4.52661626013 4062.27501514 3774.36463045 3769.71929751 16.7762229975 42.140478238 26.8643849054 6.19395213638 100.272769826 29.1319167319
-9999.0 -9999.0 -9999.0 -9999.0 -9999.0 -9999.0 -9999.0 -9999.0 -9999.0 -9999.0 -9999.0 -9999.0 -9999.0 -9999.0 19.9948106309 18.2763737215 35.5872115225 54.6382868562 24.9975531008 26.4881333784 49.5139116366 71.9583681897 114.148209252 134.89901879 152.938936043 207.984499723 224.59256565 243.079769526 16.867688215 167.649104933 181.861049515 195.845299932 12.4400520675 8.66764041306 14.1652495993 15219.4714924 15224.0621913 15251.7456211 77.9303044454 11.4852804791 18.7348611848 5.75763376537 8.40962172961 31.3433866949 39.1231422796 8.2668309514 4083.15926925 7.08009521445 9.17963300649 9.7656299854 8.73585599617 15.4199768587 6.84205515968 65.0672457719 51.5999341779
-9999.0 -9999.0 -9999.0 -9999.0 -9999.0 -9999.0 -9999.0 -9999.0 -9999.0 -9999.0 -9999.0 -9999.0 -9999.0 -9999.0 -9999.0 17.0024317643 33.7752116462 17.2999023246 36.1739754728 221.015743576 241.884794993 263.228884563 20.9796160569 20.9137607081 39.0071204447 57.5937071193 89.7825811828 106.727697119 118.336617065 134.935307371 12.8836658658 12.362693502 220.176297913 229.216801301 234.519042336 239.889241145 197.0710717 15470.4220489 15581.3269355 15585.2639584 15607.2548743 15628.2900842 15640.7421873 3.97711281555 42.7725209379 4087.15276062 9.78583953922 5.01611778899 6.41308754151 6.00162729633 10.2411750672 8.87982522228 5.21211295682 7.12735007067 6.73837554872
-9999.0 -9999.0 -9999.0 -9999.0 -9999.0 -9999.0 -9999.0 -9999.0 -9999.0 -9999.0 -9999.0 -9999.0 -9999.0 -9999.0 -9999.0 -9999.0 50.1165824586 68.2491927883 122.694648842 164.182732232 22.4930271563 309.529862306 329.78961809 348.747765556 18.4485567091 36.1306333725 15.7216000298 120.647136558 130.817632651 147.420559626 165.517500266 202.347044394 209.890949279 4.6169659307 175.923296692 186.655795392 192.015731406 213.894034896 28.4637369794 18.0019326784 11.0247567383 9.90603180271 15653.9617222 15660.5708008 15732.2208548 4091.21023491 28.6626063076 14.9992074596 10.2763033559 3.06783666787 28.8001549098 14.5640941514 4.71313879143 25.4725880801 21.4684542765
-9999.0 -9999.0 -9999.0 -9999.0 -9999.0 -9999.0 -9999.0 -9999.0 -9999.0 -9999.0 -9999.0 -9999.0 -9999.0 -9999.0 -9999.0 -9999.0 18.4779547458 86.3458543699 105.651606375 23.3713315506 22.1397610777 45.384979039 66.4081334894 434.689527457 18.2702090475 73.507217295 89.9165248166 105.95606837 11.3450841006 26.3360004695 34.8617679001 138.207620404 155.967314334 160.7046031 5.45290192857 5.25064148936 6.24179191494 11.2819830263 5.07156023194 5.34423946824 8.92017691349 6.53551965559 8.40788855967 24.7050943919 15738.7421822 19846.8284757 35.7701547724 5.77131144682 3.68773254563 88.3846288577 81.6108117522 47.8699314716 42.7978276803 31.7898361556 7.1524731825
-9999.0 -9999.0 -9999.0 -9999.0 -9999.0 -9999.0 -9999.0 -9999.0 -9999.0 -9999.0 -9999.0 -9999.0 -9999.0 -9999.0 -9999.0 14.7655398763 49.9624489922 16.6217473999 23.8856688726 24.0596101407 46.2652988954 68.188822343 87.3783523831 539.234786316 556.416986222 17.7366468746 33.8477041029 50.1607367112 62.4836822088 75.8105453626 122.386088908 132.719315327 11.429051496 7.30261398698 6.45751537308 5.87215269539 8.35546586119 8.16600648086 8.63982259747 9.94535228111 32.1604209579 14.4267430074 7.3490426953 7.22346115511 6.15594504459 11.4678395959 20144.448196 258.593320201 108.669652332 10.9447108216 5.02583593255 4.02098017079 13.1384231875 8.70591984023 4.35644609027
-9999.0 -9999.0 -9999.0 -9999.0 -9999.0 -9999.0 -9999.0 -9999.0 -9999.0 -9999.0 -9999.0 -9999.0 -9999.0 -9999.0 15.6206059693 30.0282914955 111.33707037 16.2399584681 45.5543838677 68.8241806097 90.2946304327 22.3989074927 41.7545445523 60.6858241106 633.216114792 16.6673355917 31.6099970787 47.0190607105 14.6507200966 28.9993184337 39.8018503334 49.089660659 1152.01141921 1167.77246301 1185.05929376 1256.42567026 1277.33046888 1326.0627848 19.1132937808 40.0359370344 41.5394726873 1493.97958633 1506.64959254 6.67820443947 11.0881656322 15.3696057604 20149.7721423 248.68453341 126.774358014 121.148363895 94.038746019 81.1898485624 17.3657096086 4.39988484241 8.00327976663
-9999.0 -9999.0 -9999.0 -9999.0 -9999.0 -9999.0 -9999.0 -9999.0 -9999.0 -9999.0 -9999.0 -9999.0 -9999.0 -9999.0 15.7925132265 47.9906605954 175.049680259 257.486311897 14.410269138 340.552086081 447.780335699 20.4117898367 39.1214168605 57.842286805 798.164965794 813.537449708 12.930431613 73.2740140095 85.6279515751 97.3483725851 1048.74565794 1078.14723821 1095.2136074 8.57901288056 48.4689797927 58.8354808122 24.1755716763 34.1498560795 1374.85152936 1430.75561012 1439.2000193 1447.22485175 1517.29855184 5.22508413746 4.92189265119 24.57402368 20156.2856079 7.43963185128 7.31062605828 22.2006352672 8.29927734347 72.6054522291 58.9976358947 35.1779079228 24.7665347381
-9999.0 -9999.0 -9999.0 -9999.0 -9999.0 -9999.0 -9999.0 -9999.0 -9999.0 -9999.0 -9999.0 -9999.0 -9999.0 -9999.0 -9999.0 -9999.0 33.5578029173 67.6465121128 306.056148525 323.957743783 463.31282255 480.561071609 20.1630204225 40.3184961182 92.6939623936 829.160454867 857.307418364 868.758771223 9.50620955036 910.50566162 940.697965742 19.2229203998 8.27033912548 15.2356667784 30.2057603691 7.63698548465 15.3825784254 33.0831944698 41.6635454591 8.53795386643 6.18214737168 12.2189739659 1560.73631696 1575.43498938 1579.64086399 1615.70190905 20161.9566849 5.49849232088 5.47181909019 6.623705781 6.56688502941 6.70507632604 6.09898134049 11.4832228182 4.12078030842
-9999.0 -9999.0 -9999.0 -9999.0 -9999.0 -9999.0 -9999.0 -9999.0 -9999.0 -9999.0 -9999.0 -9999.0 -9999.0 -9999.0 -9999.0 -9999.0 17.5520250562 17.1391237942 17.1809832681 35.364194873 15.8845148956 511.978843178 527.657050864 17.8733891503 35.5741489478 16.7899113183 14.0387757262 13.5264349139 892.194352073 10.2366503558 21.2095369255 9.43989881427 7.89308485993 7.36454613369 5.90071430648 6.1602619288 19.0958018012 26.2154566371 5.40966727206 4.94305185518 10.8816468385 18.0895655564 23.1787730072 7.0320028496 1586.10739987 1620.10640572 20166.2875645 25.1991011612 14.2731491932 4.15302823641 9.94595844612 3.47143658859 2.77894853467 14.5494758688 20.0752561093
-9999.0 -9999.0 -9999.0 -9999.0 -9999.0 -9999.0 -9999.0 -9999.0 -9999.0 -9999.0 -9999.0 -9999.0 -9999.0 -9999.0 -9999.0 -9999.0 -9999.0 -9999.0 16.9256207306 50.9072193943 64.9168494574 80.2192036502 542.557650658 557.40233295 572.554421818 589.347038391 602.348521966 629.473375071 638.611897966 648.329040045 655.697336364 6.66076650888 6.30421130858 6.84478914694 25.3953970408 6.89572849314 6.67060656884 5.20379900156 15.6346658872 6.54070285625 5.25792889672 4.86698423795 4.22768793881 8.43714690128 12.4596751414 1646.01460497 21841.7275154 5.36760622621 11.2407613563 3.38498549004 13.5157491599 7.16381349825 5.58964425221 50.5817596119 33.0181608075
-9999.0 -9999.0 -9999.0 -9999.0 -9999.0 -9999.0 -9999.0 -9999.0 -9999.0 -9999.0 -9999.0 -9999.0 -9999.0 -9999.0 -9999.0 -9999.0 -9999.0 -9999.0 -9999.0 13.884734913 110.751497852 221.459173641 237.61427068 20.5159100783 38.3516038751 55.7660376827 69.3581792418 164.058598108 170.987143275 6.6859807511 6.66578453906 672.038119924 685.631411368 691.25579258 30.1013837179 4.53998283129 11.465497029 16.8422507973 50.9810641507 63.1569513514 73.1834556367 9.17801737522 12.9191724925 4.45514328952 9.03807579696 4.76318317324 21850.0692 5.23517938454 21.2439911907 9.09463825148 25.4278012845 54.1270136117 62.6417742409 116.157337904 34.8531517364
-9999.0 -9999.0 -9999.0 -9999.0 -9999.0 -9999.0 -9999.0 -9999.0 -9999.0 -9999.0 -9999.0 -9999.0 -9999.0 -9999.0 -9999.0 -9999.0 -9999.0 -9999.0 15.5720727848 49.6377466206 97.1078316181 126.849616064 328.545139704 346.740110843 36.2971383746 53.9582758931 69.0330294365 82.6782550743 179.0012683 192.845086783 343.837207061 356.5815282 365.547413211 697.242721347 743.953864226 11.0388287309 7.31504526627 7.00045394398 13.6178363373 6.40673702145 85.7857005442 90.5424727279 17.3492452596 22.0137966021 5.6787549089 4275.59542061 4286.46812063 26142.0270197 26169.6802032 5.2049743506 36.3029180428 7.85415342717 6.99655130716 128.791680304 168.033126579
-9999.0 -9999.0 -9999.0 -9999.0 -9999.0 -9999.0 -9999.0 -9999.0 -9999.0 -9999.0 -9999.0 -9999.0 -9999.0 -9999.0 -9999.0 -9999.0 -9999.0 -9999.0 -9999.0 17.7241834039 17.219481524 32.4159528896 76.8929812932 361.316496755 18.5724617729 18.3291776138 32.6192756827 47.7529588038 118.002188358 128.464709749 8.84378101091 8.06283355548 373.705356433 380.234104033 1131.14097844 1137.96974606 4.08686687559 3.57362148462 3.13457946008 3.16620693651 3.53376491692 4187.13519994 4215.50093268 4241.86699748 4251.97220902 4270.9640085 5.53085760173 20.3317204746 25.401526395 26205.3819492 26208.8594179 26211.5451362 26214.7374457 26217.6008146 174.08626175
-9999.0 -9999.0 -9999.0 -9999.0 -9999.0 -9999.0 -9999.0 -9999.0 -9999.0 -9999.0 -9999.0 -9999.0 -9999.0 -9999.0 -9999.0 -9999.0 -9999.0 -9999.0 -9999.0 -9999.0 15.6894205466 16.4741978231 30.5235296076 420.572822087 436.54225641 17.910502191 32.1556644374 47.7348663517 61.0789669951 11.9082417841 20.8773873987 955.653531816 961.754981143 969.344080949 1021.07883139 2165.65000079 4017.17576444 4026.66950117 4035.61340604 4044.16819692 4080.27138722 4092.11435938 24.1327802649 11.0937823592 6.76290163932 12.8211974946 10.0645194225 15.9533703286 5.30944598703 101.735258339 116.501857414 127.702242622 130.565639347 26219.8229645 26398.0674541
-9999.0 -9999.0 -9999.0 -9999.0 -9999.0 -9999.0 -9999.0 -9999.0 -9999.0 -9999.0 -9999.0 -9999.0 -9999.0 -9999.0 -9999.0 -9999.0 -9999.0 -9999.0 -9999.0 -9999.0 -9999.0 15.9183876499 30.4868591062 45.1376695757 448.965728846 15.1434305995 608.751810176 624.495539842 636.270181359 645.927924611 915.103696245 926.184097994 6.93709912265 36.8858741262 45.6032769766 7.41410537711 1841.99983966 1828.50946081 4.39024074658 10.1814955062 28.2725787004 6.34633037018 6.98008628009 5.56447918135 4.94971364933 3.86858808241 4.72384572689 85.0465619792 90.2073481868 96.3074849263 9.41707133813 6.38746578508 135.349537221 139.654872466 141.89437263
-9999.0 -9999.0 -9999.0 -9999.0 -9999.0 -9999.0 -9999.0 -9999.0 -9999.0 -9999.0 -9999.0 -9999.0 -9999.0 -9999.0 -9999.0 -9999.0 -9999.0 -9999.0 -9999.0 -9999.0 -9999.0 14.4392179187 13.5445338903 70.2526717554 548.735108112 578.929620387 594.935600373 14.5788113828 237.51211843 249.590400364 255.768373192 9.55878484891 17.4062472789 24.4920743326 425.440910392 431.035946073 436.023871663 1819.30898454 1107.58209458 5.609343976 6.1562663297 5.9022913173 4.831649871 47.8139121138 58.9439699641 68.7384924533 74.4391141872 79.9429092248 483.613247201 488.034025349 492.623033523 502.856995998 555.165814032 557.875687176 702.879234173
-9999.0 -9999.0 -9999.0 -9999.0 -9999.0 -9999.0 -9999.0 -9999.0 -9999.0 -9999.0 -9999.0 -9999.0 -9999.0 -9999.0 -9999.0 -9999.0 -9999.0 -9999.0 -9999.0 -9999.0 -9999.0 -9999.0 28.2078034993 43.184243862 16.4010283402 17.9889545409 186.639484186 201.668354881 212.342909315 85.8853834806 95.3345340662 104.751082737 111.752130095 412.954691427 420.455587528 259.01925693 701.123259445 706.805168457 1102.96918038 11.7555304021 6.10379950454 4.28912382338 32.2634491249 38.1331313215 4.0042017789 3.79325058795 464.704833675 474.575761187 479.653964001 4.89931984793 7.30359026033 545.934162998 5.44921442238 20.8663585939 23.2056995667
-9999.0 -9999.0 -9999.0 -9999.0 -9999.0 -9999.0 -9999.0 -9999.0 -9999.0 -9999.0 -9999.0 -9999.0 -9999.0 -9999.0 -9999.0 -9999.0 -9999.0 -9999.0 -9999.0 -9999.0 -9999.0 -9999.0 14.1445235091 27.993894124 120.282267283 137.180465502 153.551929018 64.04473366 76.2357492816 10.4343185078 276.353869944 285.608493111 294.114278776 7.50622607202 245.108044446 252.880875026 6.00818976506 1072.70007367 12.9391678125 6.49254153241 17.125369874 23.2487951493 4.84134868878 3.93305766216 418.551818905 455.821880154 461.525602606 5.93786428241 13.4047987025 16.9641651681 20.5990721421 39.828483286 7.62388952281 17.0915140358 3.69834865805
-9999.0 -9999.0 -9999.0 -9999.0 -9999.0 -9999.0 -9999.0 -9999.0 -9999.0 -9999.0 -9999.0 -9999.0 -9999.0 -9999.0 -9999.0 -9999.0 -9999.0 -9999.0 -9999.0 -9999.0 -9999.0 -9999.0 13.915522711 44.3573702762 78.0770631703 18.3593220204 34.6485720857 50.4682161344 235.590548066 247.339858727 256.899390291 8.556876691 195.995366419 223.445493417 231.331079722 5.96939546116 1047.22046404 1061.16802013 6.65534200263 6.08563231543 12.3750351832 5.16047469773 391.241933784 400.958474782 406.901934683 22.6825582861 28.6414145502 5.23910141397 9.58597848203 4.38497626339 30.4373464517 4.73112621649 4.38528742733 4.60644974444 4.99647619272
-9999.0 -9999.0 -9999.0 -9999.0 -9999.0 -9999.0 -9999.0 -9999.0 -9999.0 -9999.0 -9999.0 -9999.0 -9999.0 -9999.0 -9999.0 -9999.0 -9999.0 -9999.0 -9999.0 -9999.0 -9999.0 -9999.0 -9999.0 15.8278693763 17.6638187695 19.1772681505 163.673127366 178.670221861 222.351089496 11.7517954885 158.279950975 179.836435844 9.2477794019 19.343510609 7.65742453064 1027.56261658 8.04595441892 19.8547674297 24.7969384655 30.0414106663 357.655442251 375.868079255 382.093739199 6.26356863756 11.9046899208 17.0040319327 3.4924180208 3.25357886956 1024.33709749 1027.78419857 1030.74499737 1059.61435373 1063.60627054 1069.04777865 1073.07257041
