data/baseflow/mHMbf_acc308.asc
ncols                  80
nrows                 72
xllcorner      4374000.0
yllcorner      5656000.0
cellsize            500
NODATA_value       -9999
[rows 25 to 49 of 72, columns 0 to 54 of 80]
-9999.0 -9999.0 -9999.0 -9999.0 -9999.0 -9999.0 -9999.0 -9999.0 -9999.0 -9999.0 -9999.0 -9999.0 22.3179726021 44.1600802295 20.2306951478 41.0299227882 17.837410111 136.799301793 170.417900945 187.847328788 15.5512652595 29.2155934316 299.801844619 367.527130249 378.460701106 26.259981808 23.9598824207 33.4422954548 4.48114710818 3.96952476526 7.33645798954 4.0085585885 448.656761194 453.206550284 457.275944945 3307.95675218 7090.86776451 7058.15593968 5.2936564505 2.37724049198 2.09162800079 9.3200117026 7.5063623138 27.2972712067 42.2389246414 85.6448121605 6.77643162681 6.70567315847 66.6516373511 72.0145411567 137.889395332 141.23800826 147.747753585 149.540026133 1.53788886035
-9999.0 -9999.0 -9999.0 -9999.0 -9999.0 -9999.0 -9999.0 -9999.0 -9999.0 -9999.0 -9999.0 -9999.0 -9999.0 20.5979598281 41.2724004474 62.1399272094 99.6255473836 19.5804011443 17.4747765007 126.572238978 142.191300493 274.515616721 290.439936895 44.114293671 14.5760966663 12.9975792779 11.5020779956 421.223112353 427.847040148 432.988712318 436.705862842 444.596093427 59.0597431517 64.1298246527 525.614832214 10927.8956075 25.2676918092 20.0051000645 8.81236651035 2.41564711409 1.74154485564 13.3954930118 14.6805727408 30.3128947801 1.433484368 87.6434242968 9.92871293962 9.59529523983 1.21428093709 0.8239144518 0.767965482703 1.26946033551 0.815952788691 150.505460941 2029.83105151
-9999.0 -9999.0 -9999.0 -9999.0 -9999.0 -9999.0 -9999.0 -9999.0 -9999.0 -9999.0 -9999.0 -9999.0 -9999.0 -9999.0 20.1247024081 39.3274533292 56.6827384202 74.2077818407 91.7686647087 109.925824404 52.1257285286 86.7194155615 15.6127869066 15.0052795511 355.925805726 384.613339056 397.452658584 411.295366949 9.32276216607 16.0943357878 43.0931360651 48.9742086957 54.053926753 6.27423313369 5.21418585799 10943.648673 5.37287958783 7.16685488688 3.44569412455 9.96831002134 4.57004848315 2.82249724727 47.6483203955 50.455582539 1.60803987316 89.6685136809 100.543551917 10.5594452848 2082.30755966 2080.18358735 2078.28854433 2073.33891753 2070.83406555 2036.27442203 2034.44966305
-9999.0 -9999.0 -9999.0 -9999.0 -9999.0 -9999.0 -9999.0 -9999.0 -9999.0 -9999.0 -9999.0 -9999.0 -9999.0 -9999.0 4.38293415939 9.96312674095 17.2468988476 153.6783728 171.762040472 18.4431567707 17.5825958114 17.3815098533 294.295334051 327.295148324 15.8239317594 16.102659512 11.9729763855 49.4444587413 61.0638345067 28.2711634043 35.3761565544 294.951471736 302.046071479 318.271099683 491.172630448 11439.1263007 5.30363256491 2.69857700275 15.3809061262 12.6415616649 2.38195173522 7.83798767976 10.2742610668 53.2496537436 55.5133591705 160.38395829 101.542908962 11.4333495499 2122.61503668 19.0652028707 2076.39822133 2074.98073406 32.4300445066 2.70083833052 2.17330709324
-9999.0 -9999.0 -9999.0 -9999.0 -9999.0 -9999.0 -9999.0 -9999.0 -9999.0 -9999.0 -9999.0 -9999.0 -9999.0 -9999.0 22.5323496206 36.6970514092 76.8402502711 134.462564293 187.751552336 226.811362148 244.292528139 262.130696088 279.181814236 16.0774324767 14.2999998215 27.8323240233 25.0104608333 12.8811259979 260.544656268 271.675743788 281.627773242 291.128623451 150.415613532 156.115880876 166.013793593 11442.9606223 9.80292869292 8.40848405614 25.9360785539 2.41836197256 5.52546430958 3.08467767311 2.18238901048 12.7670532672 1.68939675363 1.82299317941 2294.2984316 2132.54720409 2130.61243476 8.67755570684 18.0221020215 11.0951642925 2.20029631422 27.1552440865 6.57937190964
-9999.0 -9999.0 -9999.0 -9999.0 -9999.0 -9999.0 -9999.0 -9999.0 -9999.0 -9999.0 -9999.0 -9999.0 -9999.0 -9999.0 15.8346117236 14.5040946983 28.3052390628 43.5135272265 20.0684787445 20.3556684316 38.5375962699 56.2627776667 89.1683713779 105.677171119 119.965116446 162.71124098 175.387451265 189.227728958 11.6646087877 123.520816589 132.522284899 139.903703922 4.54564997072 2.1357875922 4.37894049194 11608.8759214 11612.4539864 11628.8897626 33.479472051 5.33636336765 7.95797165371 2.0255603613 3.7650803617 14.5341344745 17.6167248058 3.19820612023 2303.01886903 3.0944339502 4.85566167441 5.37752581463 4.1671706049 6.99845624469 2.79218965099 19.1096776247 13.5276425949
-9999.0 -9999.0 -9999.0 -9999.0 -9999.0 -9999.0 -9999.0 -9999.0 -9999.0 -9999.0 -9999.0 -9999.0 -9999.0 -9999.0 -9999.0 13.5260172926 26.8216807817 13.4452482221 28.0977952328 176.751933436 193.714634498 210.730474626 16.506994569 16.5727148099 30.8048041344 45.4050002978 69.7814300828 82.5302054679 89.8975302625 100.850633529 8.10676782287 6.83413089952 148.34787295 150.926155805 154.05557445 157.585092024 128.178667714 11771.7079159 11825.4694906 11827.9140195 11837.8215792 11847.8186932 11853.6172185 1.53794279918 19.0086209826 2304.5803652 3.66566416313 1.89998729264 2.3847637822 2.29905808134 3.80381901511 3.17121220756 1.94097640345 3.24938710836 2.7057722516
-9999.0 -9999.0 -9999.0 -9999.0 -9999.0 -9999.0 -9999.0 -9999.0 -9999.0 -9999.0 -9999.0 -9999.0 -9999.0 -9999.0 -9999.0 -9999.0 39.9596045212 54.6602723554 98.4618179661 132.799944272 18.7827833387 249.004544298 265.337631231 280.787754656 14.8921785209 29.0328860478 12.0826219003 95.6118541587 102.158322552 112.573738322 121.993328376 142.741800343 145.439461934 1.92548868017 114.135424767 121.256766853 124.904181664 139.053803123 16.7857365785 10.2830956305 5.77329467592 5.3405257282 11859.8806188 11862.8189325 11895.2691917 2306.08980628 10.235871216 5.35913803963 3.66892237177 0.947142969961 10.4605627101 5.35360699002 1.60135304008 9.08123507694 7.80524921925
-9999.0 -9999.0 -9999.0 -9999.0 -9999.0 -9999.0 -9999.0 -9999.0 -9999.0 -9999.0 -9999.0 -9999.0 -9999.0 -9999.0 -9999.0 -9999.0 14.7726964551 69.1780300153 84.6835240642 19.6973061548 17.9954665526 36.3910859871 53.0879796873 349.898356353 14.6135837147 59.0123130559 71.72480853 84.3012038839 7.03646744922 16.3852781856 20.5886105843 93.7607328748 101.787601974 105.097914164 3.72100687618 3.35116163226 3.7915939389 7.05439272968 2.85220311202 2.88242764161 3.98873188328 3.1155587507 3.98930794676 11.4882487267 11898.6418064 14212.0514871 12.5688498236 2.10901417179 1.01636222576 32.0342984479 29.8712037126 17.6301815817 15.7757765817 11.6218649088 3.07219087349
-9999.0 -9999.0 -9999.0 -9999.0 -9999.0 -9999.0 -9999.0 -9999.0 -9999.0 -9999.0 -9999.0 -9999.0 -9999.0 -9999.0 -9999.0 11.92540606 40.3434151636 13.579116608 20.8701005141 20.2413393028 38.6789771941 56.6273722561 73.1483056864 437.336781319 451.23901518 14.4092749408 27.1262431047 40.0451691918 48.9542569054 57.9206555794 82.3025975575 90.1373519328 3.71412914696 4.12974850819 3.23623063456 4.57411620042 4.18744493336 5.26971219349 4.1433506665 5.16046571326 14.6684065091 6.93035629398 3.03277532704 2.90831011118 2.50614037599 4.54576012354 14303.5391081 76.8375880498 38.5412918307 3.87501073372 1.71089761257 1.22170706947 4.04563949587 2.67613110848 1.30530609237
-9999.0 -9999.0 -9999.0 -9999.0 -9999.0 -9999.0 -9999.0 -9999.0 -9999.0 -9999.0 -9999.0 -9999.0 -9999.0 -9999.0 12.6963324388 24.2388366613 89.5098654457 12.736623838 39.628614147 59.2620459033 77.2873150185 18.7972480677 34.8673722131 51.2353495509 515.669830763 13.3533498828 24.9760066265 36.9831645825 10.3553271992 20.292544405 23.5963081794 30.2439437857 900.588161495 909.644406987 917.634218835 958.739748701 971.48933129 1001.63384133 6.62110022028 15.0928080778 17.6365164951 1084.03458447 1089.33768065 2.60188022867 4.18605011244 5.69926981648 14306.2305289 73.230580382 29.5654439437 27.4468890434 24.9912209245 23.1557500163 5.36292421102 1.37647789092 2.34596158421
-9999.0 -9999.0 -9999.0 -9999.0 -9999.0 -9999.0 -9999.0 -9999.0 -9999.0 -9999.0 -9999.0 -9999.0 -9999.0 -9999.0 13.1083806501 39.3968374499 141.805787988 208.403204557 11.2340924231 274.95867384 366.549766732 17.583489351 33.4999813079 50.1691732561 657.241045731 670.183066698 10.5966766989 58.5075720959 68.021696216 75.772466958 841.332204888 856.111019099 866.783304648 5.2814507856 29.2928797846 34.878393641 15.0559590605 21.7697135755 1030.4141914 1054.46373871 1059.4016051 1063.98252409 1093.90296568 2.19730495824 1.81667237185 8.97566412431 14308.9623563 3.0147323679 0.251663368233 0.730064133568 0.313917198913 20.4305372527 18.8423017249 11.1893492651 7.76545817794
-9999.0 -9999.0 -9999.0 -9999.0 -9999.0 -9999.0 -9999.0 -9999.0 -9999.0 -9999.0 -9999.0 -9999.0 -9999.0 -9999.0 -9999.0 -9999.0 27.432877812 54.9454389688 247.151820132 261.499645738 378.874309324 393.382538393 17.0989022249 34.1961106184 79.7364965278 682.343713113 705.729196535 714.855405133 7.17386216581 746.328386083 761.026651651 9.83160566716 5.3676379044 10.1224358921 19.6958692669 4.73321433407 9.35980100887 19.6762479791 24.7000533472 4.70530679501 2.83450466021 5.57774828388 1113.96300359 1119.66802349 1121.17484184 1134.65551193 14311.3198886 1.83769413679 0.120237851132 0.162756482141 0.154886283186 0.164083159917 0.124267392278 0.216025304128 1.14531191447
-9999.0 -9999.0 -9999.0 -9999.0 -9999.0 -9999.0 -9999.0 -9999.0 -9999.0 -9999.0 -9999.0 -9999.0 -9999.0 -9999.0 -9999.0 -9999.0 14.3227384493 13.9419883785 13.9558505357 29.0204937951 12.74977185 418.675156123 431.83682958 16.0131212677 31.135290872 14.3161968987 11.4707851803 11.0820197607 732.840465103 4.63392526004 9.23461648046 5.83492198483 5.46795825779 4.86304125754 3.57438898113 3.75979558021 11.4173143022 15.7246158908 2.79772004139 2.341414099 5.10240965382 8.69122777503 10.9204718979 2.74975831292 1123.80694811 1136.21506216 14312.9880074 3.93480226745 0.461796729265 0.0540350978008 0.190203480114 0.0370648568139 0.0231576067947 0.2438197433 5.48785837074
-9999.0 -9999.0 -9999.0 -9999.0 -9999.0 -9999.0 -9999.0 -9999.0 -9999.0 -9999.0 -9999.0 -9999.0 -9999.0 -9999.0 -9999.0 -9999.0 -9999.0 -9999.0 13.7430099937 41.5305562258 52.6045675032 64.8563364633 443.88336678 456.214790749 468.737267392 483.156053019 493.896423089 516.345323917 521.137266025 525.253023164 529.275375934 4.63949040688 4.22189548203 4.62019910408 15.9588553484 4.29408701268 3.97420636023 2.94684009208 8.3899627083 3.34525577196 2.36348522478 2.14266905084 1.68433198489 3.35865211652 4.78297924113 1145.98705667 15464.6851322 1.53256502975 3.12836478191 0.0352865348419 0.236220051892 0.0959930052354 0.046789446558 9.6356928059 8.67595223587
-9999.0 -9999.0 -9999.0 -9999.0 -9999.0 -9999.0 -9999.0 -9999.0 -9999.0 -9999.0 -9999.0 -9999.0 -9999.0 -9999.0 -9999.0 -9999.0 -9999.0 -9999.0 -9999.0 11.2199718204 90.7891735837 180.402739004 193.440425919 18.4789798359 34.5225644252 49.7114278616 61.3409747717 142.72731454 147.725682875 4.84502863865 4.6557020451 539.046339769 547.320369694 551.054253054 18.7814759512 2.57209437017 6.70032142074 9.74155058031 28.6858985877 34.9270205117 39.3777236918 3.97164973388 5.35303464917 1.74764346755 3.40415860029 1.7354818131 15468.1005721 1.30852046125 5.60254246695 1.43557741786 2.28198497378 7.84011429318 8.57532402882 18.9410531571 7.46682559997
-9999.0 -9999.0 -9999.0 -9999.0 -9999.0 -9999.0 -9999.0 -9999.0 -9999.0 -9999.0 -9999.0 -9999.0 -9999.0 -9999.0 -9999.0 -9999.0 -9999.0 -9999.0 12.7503929492 40.9597420347 79.8373501761 103.941408582 267.724434878 283.625287132 31.9427046268 47.3202356186 59.6549695659 71.2431985849 152.422706841 162.172436759 275.956676764 284.065270702 288.271051415 555.026926795 583.647932782 6.56755370494 4.51205517603 4.25491732238 7.97636053146 3.46211023715 45.7617449502 47.8426936119 6.97724695099 8.6247627058 1.47373506352 3274.26452463 3277.73481161 18748.4394026 18756.472382 1.34948716521 5.1877869714 1.89042991586 1.57591099157 21.6092990837 30.00514006
-9999.0 -9999.0 -9999.0 -9999.0 -9999.0 -9999.0 -9999.0 -9999.0 -9999.0 -9999.0 -9999.0 -9999.0 -9999.0 -9999.0 -9999.0 -9999.0 -9999.0 -9999.0 -9999.0 14.7716242954 14.2679282565 26.7092998252 63.016755582 295.905282401 16.4568922508 16.2554465958 28.4647189724 41.1700691618 94.7170652753 100.958203419 4.44016566306 5.55024577447 293.976009246 298.296634867 885.48470502 888.51291757 2.14500378096 1.82476516607 1.41880609038 1.43665329077 1.50184063427 3238.99263911 3251.12832061 3261.59649857 3264.8239608 3272.75488091 1.875430546 6.63921152257 7.95770115754 18767.8617946 18769.1394581 18771.5182307 18773.1605902 18774.9396413 31.1067943992
-9999.0 -9999.0 -9999.0 -9999.0 -9999.0 -9999.0 -9999.0 -9999.0 -9999.0 -9999.0 -9999.0 -9999.0 -9999.0 -9999.0 -9999.0 -9999.0 -9999.0 -9999.0 -9999.0 -9999.0 12.8805189497 13.588196144 24.9921227487 344.735200004 358.300804965 15.898328647 28.1062825982 41.1967666089 48.436871604 5.75867451574 11.5265460978 767.985135566 772.442580026 776.573203866 809.527235216 1701.5652041 3149.72137792 3155.15499659 3159.87357386 3164.33338396 3182.94764267 3189.08050641 10.3862544055 4.46566710286 2.7518630968 5.0922213107 3.23880957273 5.2928005311 1.6080559926 39.4455809671 44.1764366581 47.6092117551 48.0867208182 18775.9295996 18808.4009087
-9999.0 -9999.0 -9999.0 -9999.0 -9999.0 -9999.0 -9999.0 -9999.0 -9999.0 -9999.0 -9999.0 -9999.0 -9999.0 -9999.0 -9999.0 -9999.0 -9999.0 -9999.0 -9999.0 -9999.0 -9999.0 13.1488524585 25.0863103386 37.118446734 368.597932322 13.6157191503 503.101724931 516.625545613 522.226356367 528.611875741 743.527290404 750.520422019 5.0263590881 24.9561864924 29.9755460935 4.89453945542 1442.78366549 1434.16052938 2.39437260366 5.72397772473 14.9771494183 3.29607974771 3.32963752556 2.21088592803 1.70158599143 1.21978028353 1.45208835046 34.511087305 36.0188471134 37.9566684445 3.47081481955 2.41404471781 49.4816630315 50.2593126235 50.5558406946
-9999.0 -9999.0 -9999.0 -9999.0 -9999.0 -9999.0 -9999.0 -9999.0 -9999.0 -9999.0 -9999.0 -9999.0 -9999.0 -9999.0 -9999.0 -9999.0 -9999.0 -9999.0 -9999.0 -9999.0 -9999.0 11.8333774256 11.0213710649 57.4392824108 450.688671347 476.927897992 491.170549315 13.1052796339 201.188203529 206.385521451 209.142433324 6.39609118611 12.027522302 16.8804073656 340.188870097 343.710648077 346.623280522 1428.81129485 886.660469645 3.28558617979 3.1755744554 2.99520511915 2.07151656268 21.7711822947 25.7991927818 29.2068654805 31.0978755535 32.8948533737 262.467701216 263.642618072 265.229899013 268.514755786 280.812090826 281.257422508 332.279238925
-9999.0 -9999.0 -9999.0 -9999.0 -9999.0 -9999.0 -9999.0 -9999.0 -9999.0 -9999.0 -9999.0 -9999.0 -9999.0 -9999.0 -9999.0 -9999.0 -9999.0 -9999.0 -9999.0 -9999.0 -9999.0 -9999.0 23.0849408955 35.4069668418 13.8029010542 16.2610203816 158.797240594 172.249258703 180.903538711 71.654855877 75.6882002852 80.5687576478 85.4918263726 332.220098113 337.177827025 185.211009144 535.613279809 539.09933811 884.046580907 6.17599450767 3.01718105124 1.89421267382 15.1613975667 17.7378270252 1.23432252561 1.11369789728 256.814252423 259.851565118 261.366309895 1.56129225106 2.31648636401 279.198319734 1.12240562554 3.48395146638 3.78010005758
-9999.0 -9999.0 -9999.0 -9999.0 -9999.0 -9999.0 -9999.0 -9999.0 -9999.0 -9999.0 -9999.0 -9999.0 -9999.0 -9999.0 -9999.0 -9999.0 -9999.0 -9999.0 -9999.0 -9999.0 -9999.0 -9999.0 11.5801232028 22.9001632172 99.7571887188 114.199451757 129.13242523 57.2218760499 67.1928879466 4.90703387269 233.677656765 237.771267353 241.830921529 4.69578408754 176.131372696 181.300226564 3.5385798364 867.371172285 7.34138444245 3.60225224923 8.3189922595 11.3494204827 1.98035437938 1.48506909173 241.012325051 254.039591777 255.962720385 1.89943143966 3.50818222739 4.35704082413 4.98837901304 9.76207495526 1.2215031396 2.88242730545 0.539540687984
-9999.0 -9999.0 -9999.0 -9999.0 -9999.0 -9999.0 -9999.0 -9999.0 -9999.0 -9999.0 -9999.0 -9999.0 -9999.0 -9999.0 -9999.0 -9999.0 -9999.0 -9999.0 -9999.0 -9999.0 -9999.0 -9999.0 11.3835431092 36.3982113227 64.9911078318 16.3383024824 31.0222094766 45.0622447779 213.547374017 220.454466188 224.798539708 3.80538411824 151.62768026 163.181915994 167.427343799 2.59491265901 852.453113886 860.460313166 3.57915123177 3.18184727766 6.14641314382 2.26717224935 230.973570667 234.819026733 237.071952767 8.49450622108 10.2998022117 1.48597049267 2.55561291972 1.08211731561 7.46687528107 1.13660622458 0.732152448302 0.778653843412 0.83116711691
-9999.0 -9999.0 -9999.0 -9999.0 -9999.0 -9999.0 -9999.0 -9999.0 -9999.0 -9999.0 -9999.0 -9999.0 -9999.0 -9999.0 -9999.0 -9999.0 -9999.0 -9999.0 -9999.0 -9999.0 -9999.0 -9999.0 -9999.0 12.9996068362 15.0301111834 17.8160675899 149.58336535 163.118680649 202.176912691 8.46286769047 134.574372761 144.7158764 3.9434149707 8.27139358207 2.79055068441 843.385098804 3.43352443427 9.71307559509 12.0823586142 14.273128623 217.682002548 224.684608132 227.296086308 2.63492166076 4.70293068689 6.49002077649 0.887425972516 0.771485644311 660.757866278 661.562043044 662.196492128 669.421417519 670.290852518 671.401872759 672.023317887
