data/baseflow/mHMbf_acc330.asc
ncols                  80
nrows                 72
xllcorner      4374000.0
yllcorner      5656000.0
cellsize            500
NODATA_value       -9999
[rows 0 to 24 of 72, columns 0 to 54 of 80]
-9999.0 -9999.0 -9999.0 -9999.0 -9999.0 -9999.0 -9999.0 -9999.0 -9999.0 -9999.0 -9999.0 -9999.0 21.1468506926 21.7959736065 -9999.0 -9999.0 -9999.0 -9999.0 -9999.0 -9999.0 -9999.0 -9999.0 -9999.0 -9999.0 -9999.0 -9999.0 -9999.0 -9999.0 -9999.0 -9999.0 -9999.0 -9999.0 -9999.0 -9999.0 -9999.0 -9999.0 -9999.0 -9999.0 -9999.0 -9999.0 -9999.0 -9999.0 -9999.0 -9999.0 -9999.0 -9999.0 -9999.0 -9999.0 -9999.0 -9999.0 -9999.0 -9999.0 -9999.0 -9999.0 -9999.0
-9999.0 -9999.0 -9999.0 -9999.0 -9999.0 -9999.0 -9999.0 -9999.0 -9999.0 -9999.0 -9999.0 -9999.0 39.6259224187 100.484575605 18.9513523261 -9999.0 15.4126498139 -9999.0 -9999.0 -9999.0 -9999.0 -9999.0 -9999.0 -9999.0 -9999.0 -9999.0 -9999.0 -9999.0 -9999.0 -9999.0 -9999.0 -9999.0 -9999.0 -9999.0 -9999.0 -9999.0 -9999.0 -9999.0 -9999.0 -9999.0 -9999.0 -9999.0 -9999.0 -9999.0 -9999.0 -9999.0 -9999.0 -9999.0 -9999.0 -9999.0 -9999.0 -9999.0 -9999.0 -9999.0 -9999.0
-9999.0 -9999.0 -9999.0 -9999.0 -9999.0 -9999.0 -9999.0 -9999.0 -9999.0 -9999.0 17.7739347033 17.2929078054 17.9549180799 17.4590953573 133.813938339 152.98923945 44.5549850893 14.4202603139 -9999.0 -9999.0 -9999.0 -9999.0 -9999.0 -9999.0 -9999.0 -9999.0 -9999.0 -9999.0 -9999.0 -9999.0 -9999.0 -9999.0 -9999.0 -9999.0 -9999.0 -9999.0 -9999.0 -9999.0 -9999.0 -9999.0 -9999.0 -9999.0 -9999.0 -9999.0 -9999.0 -9999.0 -9999.0 -9999.0 -9999.0 -9999.0 -9999.0 -9999.0 -9999.0 -9999.0 -9999.0
-9999.0 -9999.0 -9999.0 -9999.0 -9999.0 -9999.0 -9999.0 -9999.0 -9999.0 17.3641858953 35.0307563359 69.5085542242 34.7068940905 16.9157178219 33.1548069647 169.273767058 249.01419721 16.5601682857 -9999.0 17.2805947858 -9999.0 -9999.0 -9999.0 -9999.0 31.0289454247 15.5343798988 -9999.0 -9999.0 -9999.0 -9999.0 -9999.0 -9999.0 -9999.0 -9999.0 -9999.0 -9999.0 -9999.0 -9999.0 -9999.0 -9999.0 -9999.0 -9999.0 -9999.0 -9999.0 -9999.0 -9999.0 -9999.0 -9999.0 -9999.0 -9999.0 -9999.0 -9999.0 -9999.0 -9999.0 -9999.0
-9999.0 -9999.0 -9999.0 -9999.0 -9999.0 -9999.0 -9999.0 -9999.0 19.1242512196 54.6119407376 71.4362670717 88.3403033274 120.515547565 15.9415629332 63.9913516458 79.6527001023 364.719621628 17.4955593438 15.7435323784 32.8754207234 47.9554015995 15.624387224 -9999.0 83.1432695799 67.8439612539 19.1879215979 -9999.0 -9999.0 -9999.0 -9999.0 -9999.0 -9999.0 -9999.0 -9999.0 -9999.0 -9999.0 -9999.0 -9999.0 -9999.0 -9999.0 -9999.0 -9999.0 -9999.0 -9999.0 -9999.0 -9999.0 -9999.0 -9999.0 -9999.0 -9999.0 -9999.0 -9999.0 -9999.0 -9999.0 -9999.0
-9999.0 -9999.0 -9999.0 -9999.0 -9999.0 -9999.0 19.3298781038 17.9758864869 17.2955315413 17.5022323308 17.6122150222 123.680059948 261.02550005 277.688900363 290.433317396 11.3783767344 392.902337438 408.416247512 31.2076218772 15.3187036352 62.7565051822 108.815358077 17.2452693123 137.19861942 17.4777057419 18.623642497 18.0047653353 -9999.0 -9999.0 -9999.0 -9999.0 -9999.0 -9999.0 -9999.0 -9999.0 -9999.0 -9999.0 -9999.0 -9999.0 -9999.0 -9999.0 -9999.0 -9999.0 -9999.0 -9999.0 -9999.0 -9999.0 -9999.0 -9999.0 -9999.0 -9999.0 -9999.0 -9999.0 -9999.0 -9999.0
-9999.0 -9999.0 -9999.0 -9999.0 -9999.0 -9999.0 38.2811592109 56.442003559 127.777135825 179.045323767 16.13032506 16.4511955677 15.8688680041 46.8332065463 351.889062747 12.8052027886 423.200755241 480.303046556 45.5488391292 29.4656202243 123.028533298 15.1864791358 152.096890931 31.7360281294 16.3545913214 34.5790506602 35.0910033663 16.1508974928 16.1498394882 15.876862925 16.3542376317 32.8185869771 -9999.0 -9999.0 -9999.0 -9999.0 -9999.0 -9999.0 -9999.0 -9999.0 -9999.0 -9999.0 -9999.0 -9999.0 -9999.0 -9999.0 -9999.0 -9999.0 -9999.0 -9999.0 -9999.0 -9999.0 -9999.0 -9999.0 -9999.0
-9999.0 -9999.0 -9999.0 -9999.0 -9999.0 20.0264188095 39.0905927314 18.7615874941 36.6841876855 197.208095186 230.861811264 264.132412677 831.677491835 15.4317833262 367.501095865 1317.01872051 1327.32983224 1825.11119842 11.3189154823 43.7214865624 137.345173668 14.2087339866 329.672940889 163.049600933 101.790643447 85.9549363126 17.3444597271 48.0179551638 47.2503454664 31.5347697503 15.2484709868 48.5124539964 15.0519029865 14.9056438379 -9999.0 -9999.0 -9999.0 -9999.0 -9999.0 -9999.0 -9999.0 -9999.0 -9999.0 -9999.0 -9999.0 -9999.0 -9999.0 -9999.0 -9999.0 -9999.0 -9999.0 -9999.0 -9999.0 -9999.0 -9999.0
-9999.0 -9999.0 -9999.0 -9999.0 -9999.0 20.1521982313 58.8017705446 116.977047815 134.998996785 267.558975906 284.790236694 338.238379773 551.93344532 876.103388074 907.615443842 922.381968016 27.2182849472 1873.38395552 1897.58079159 1968.95811775 2493.93342597 373.168595 344.625365463 116.631797865 14.5479456795 95.2839288998 63.923378594 14.9746269124 61.5984806221 13.7347550153 28.33991936 77.4914215003 92.0564552862 29.3482045059 14.4719725856 14.2760066907 -9999.0 -9999.0 -9999.0 -9999.0 15.645680726 13.369384142 -9999.0 -9999.0 -9999.0 -9999.0 -9999.0 -9999.0 -9999.0 -9999.0 -9999.0 -9999.0 -9999.0 -9999.0 -9999.0
-9999.0 -9999.0 -9999.0 -9999.0 -9999.0 19.6850617238 18.8984125489 77.9913088992 96.1916301856 114.90399855 18.0913260676 35.9282433511 202.553944647 36.5316476213 17.2395485799 16.3155002885 14.9405602481 16.4283345396 15.7398810808 15.8420079274 2508.9999704 2551.77252919 14.0007237877 42.7822029836 28.9541943957 109.833055857 30.328910536 15.1613057933 76.3775454519 26.7590295828 63.4136825724 161.681217573 150.201420111 43.7887308727 43.1976404587 14.4889148989 14.4632726999 -9999.0 -9999.0 14.5785194258 32.914445588 74.3910852127 14.1865424081 -9999.0 -9999.0 -9999.0 -9999.0 -9999.0 -9999.0 -9999.0 -9999.0 -9999.0 -9999.0 -9999.0 -9999.0
-9999.0 -9999.0 -9999.0 -9999.0 -9999.0 -9999.0 20.178977751 20.2101510552 39.0571879617 57.9956923155 130.777995561 167.430984209 185.844344132 19.6983608645 15.9445211117 207.807956064 255.990535502 271.447424361 334.445069039 349.300439177 14.6663534556 2566.49234713 2634.86462399 54.0591702431 7.13344933102 121.690777728 271.72713123 106.009930993 27.0016065421 13.3624355261 250.994463694 175.260681908 13.4685019699 13.531564676 57.0519366755 42.63493717 14.1698025621 14.7048928927 14.1401131651 28.4479467784 13.8098859931 90.5761759048 104.629063169 14.7799493778 -9999.0 -9999.0 -9999.0 -9999.0 16.2737929912 15.7230370601 3.3084657454 -9999.0 -9999.0 -9999.0 -9999.0
-9999.0 -9999.0 -9999.0 -9999.0 -9999.0 -9999.0 -9999.0 20.0701464651 17.0463086084 36.1825251756 54.9845766193 18.5010783563 17.4299354737 107.19788108 141.572196531 176.237096025 16.388345121 32.2421602719 15.8993169734 364.34123341 818.238041486 833.691797802 3498.98058666 13.9444887347 22.0308755824 6.89484679147 285.68803996 13.5527994556 40.6294264035 13.2665754734 264.304418197 277.498630258 26.9470758964 26.5941565971 141.552161414 70.6941769132 29.2098413077 14.4771183791 28.2887123725 42.384740466 69.6750511462 13.7527267548 134.724540948 149.93344414 14.0553846873 13.9695304304 15.4835729964 14.8583568258 14.4350401271 46.6497680989 15.3965895851 9.68963992349 -9999.0 -9999.0 -9999.0
-9999.0 -9999.0 -9999.0 -9999.0 -9999.0 -9999.0 -9999.0 -9999.0 37.1718061849 53.2978556161 18.3715328169 37.1332961739 54.868008401 90.7024183581 18.2967158151 17.6048261751 15.7144821716 15.9442366081 14.8926372526 423.705943858 15.9374976808 31.372478902 3548.61423913 3590.18090687 19.3501648403 59.8990360602 359.362024928 26.4692449824 52.9916994042 25.3965099461 37.7739475003 329.401296999 39.4274673226 206.375756155 167.272776192 12.906717118 70.2150670732 27.8829048682 41.5164998489 13.3416194512 83.9723022384 112.336881682 125.961323712 139.228552703 203.391806081 26.5511130078 28.6663057996 27.5964656886 26.6594574201 59.4715636227 12.373558086 37.1795337846 47.8802150972 -9999.0 -9999.0
-9999.0 -9999.0 -9999.0 -9999.0 -9999.0 -9999.0 -9999.0 -9999.0 19.3972165139 91.5940180508 109.621896912 18.0767230703 35.5613786917 17.484767559 16.6693101191 16.3727029723 203.129328012 272.42134791 339.679993341 407.326242552 17.4388213852 15.6557985132 17.8474664165 3672.07578651 3720.23450941 3741.41673674 485.554808793 107.159222186 92.783442225 12.7943546813 49.7831369732 391.515466028 12.2023567226 218.817410763 12.7223687895 88.9462307578 83.8135283356 13.2294647379 54.6382218392 26.4016738178 39.3095071923 13.6053775271 13.0058526832 152.412060012 165.011844998 215.959374493 41.8021397965 40.4398854473 39.268497053 72.3203007125 97.1521555127 12.3588412663 58.752551798 11.1104769852 21.3477693157
-9999.0 -9999.0 -9999.0 -9999.0 -9999.0 -9999.0 -9999.0 -9999.0 -9999.0 19.4828285841 128.13451576 145.987323207 53.1593675206 88.2096662424 121.678542554 138.518228698 17.0464795849 53.3754807641 34.5570771577 17.1554137252 17.0066685752 15.7877117264 31.9019142494 55.8800639581 23.699744453 4272.08523603 4291.90412794 18.5050496692 13.3674946979 24.9482701771 37.0537486072 427.843070866 24.208644753 230.590936894 135.99617964 111.807353152 12.8182600905 25.803496976 66.9747920681 12.2716919878 51.3726371081 25.9803965858 21.4819734416 7.59967829082 192.32180769 419.60542626 52.5303582975 51.23879184 50.2453461551 10.8074712199 107.885686723 10.5701660089 80.962248991 10.0733705765 31.5227760882
-9999.0 -9999.0 -9999.0 -9999.0 -9999.0 -9999.0 -9999.0 -9999.0 -9999.0 -9999.0 17.7988036449 181.888439742 17.5601145088 35.1405890341 51.5680752764 84.9104928772 17.2449051076 36.3255070533 17.5092050129 17.0024026105 16.0998769837 32.318518529 14.8394458841 17.0884250255 37.5495404293 22.0409207532 4313.20776755 4352.07115397 4404.68806936 51.1348470992 11.8736409836 23.6505006296 439.908188482 426.636814185 160.88423333 12.2719525226 50.9838667841 38.3524129326 79.3487473942 24.5881105456 101.746790844 38.1320389016 32.2545195798 4.33749937369 7.84643348635 431.842375584 443.848744918 558.828785875 83.5322303916 22.0834362984 119.308479532 140.96187315 231.980096555 20.0591723403 9.45815906873
-9999.0 -9999.0 -9999.0 -9999.0 -9999.0 -9999.0 -9999.0 -9999.0 -9999.0 -9999.0 -9999.0 8.3363668833 199.822898338 16.9965079039 33.1980615918 152.569755142 18.4283512266 18.3804578068 16.0304835043 33.1033785955 15.7454606846 63.9093474723 93.9865964348 108.661540704 52.3319936294 70.111011309 19.7769809227 20.9332822236 20.2053026728 4487.93872546 4525.85827365 451.431491287 449.160082696 438.04665881 23.4652120973 11.5246139609 62.679102586 165.584794011 91.2388247388 36.4180219016 149.931200028 58.3268211592 46.9513483937 8.33824564455 3.86004678778 4.3902606021 5.66400705921 585.503998536 701.669679709 10.4894048301 10.0715566561 10.3284328148 241.769690519 270.870233005 17.2945895678
-9999.0 -9999.0 -9999.0 -9999.0 -9999.0 -9999.0 -9999.0 -9999.0 -9999.0 -9999.0 -9999.0 7.90350153665 219.467163484 271.45856612 16.2640272073 185.496943528 17.4041390376 16.1900209932 31.2053328973 79.6824592146 15.2390455041 15.8001822485 14.54441237 138.388755767 152.22457081 236.876353081 270.321940778 285.330621752 303.457991164 320.317974815 4865.44256541 5346.62333252 5825.76069746 5842.0051488 13.6201700985 11.6206174634 189.021630852 177.410294079 11.6577278143 11.4359871518 160.642381714 230.823746307 9.90361210489 94.9096827757 87.8607359949 18.8979531275 10.5209514187 16.8746021765 11.5278279017 724.065734956 11.2968615419 30.5337384516 40.3100547854 334.706141532 355.220495647
-9999.0 -9999.0 -9999.0 -9999.0 -9999.0 -9999.0 -9999.0 -9999.0 -9999.0 -9999.0 -9999.0 18.514303381 35.6178411793 288.285256766 319.901834595 16.1874381667 221.743577907 14.8640751665 45.062478461 94.1115734722 29.6665977562 14.3880043168 30.0595500654 14.1167658986 26.6231632679 12.4195288967 10.9430670778 8.03660638719 6.79001011419 6.61187916151 6.99744922307 10.4840764505 14.3920260215 18.4669749781 5891.02718993 246.735801448 219.795129782 14.5195849708 34.2319367894 7.79463417941 6.17279592384 241.99142149 370.454771839 107.05493332 79.9574275661 10.1093013495 4.58415016479 4.24613810794 13.8315788521 749.327855674 771.98761215 11.5668648952 11.5581381554 8.0274514795 3.69414591653
-9999.0 -9999.0 -9999.0 -9999.0 -9999.0 -9999.0 -9999.0 -9999.0 -9999.0 -9999.0 -9999.0 -9999.0 16.5565104808 218.727428293 554.782998168 603.53602035 841.778419616 860.425080333 215.330324941 152.983375448 44.3205548676 14.2493517339 58.218499984 72.150969135 111.371810427 25.3192409136 23.1028934353 20.3680250044 39.1133023581 18.403331292 18.064761376 8.25092756013 4.13383668847 6.28815666087 5905.81749775 6160.4674814 6177.62267565 15.6425429204 101.100589209 36.8481788878 11.645674645 406.865487967 25.3945281933 13.0150116091 51.3112181726 9.95716425977 9.6319969559 18.9772311471 28.8038956384 39.6243117838 792.827397691 10.1675371115 9.44731925877 9.43248896702 6.90257561561
-9999.0 -9999.0 -9999.0 -9999.0 -9999.0 -9999.0 -9999.0 -9999.0 -9999.0 -9999.0 -9999.0 17.7282343013 166.769193047 202.195890849 33.111383348 9.05042097481 21.5066303476 897.179077269 913.513032548 1145.45313784 13.3246873179 27.4689292685 12.55318305 12.7588111118 123.811083446 161.546432205 196.308106042 11.4834732374 50.5307536924 80.1385532701 48.0446595702 19.1989126898 12.5560787753 10.9875319899 12.9076013137 8.62258239248 6193.15624021 6207.93998038 6336.55003912 21.3191654168 10.871164598 419.040382538 26.1595056872 13.4518426423 14.127684497 13.9919452576 12.9639171126 22.9430395991 70.0461108719 121.059554382 924.070176317 8.68009698697 25.9858180741 17.4743086534 14.3938900558
-9999.0 -9999.0 -9999.0 -9999.0 -9999.0 -9999.0 -9999.0 -9999.0 -9999.0 -9999.0 -9999.0 18.1310659288 114.988411324 18.0680695696 16.3010063707 82.3290742777 97.1043048676 112.375130274 126.737629466 1545.56384646 1557.00939019 1582.05617017 1769.89700939 1806.69058697 1826.97308461 1839.87105439 2057.21911057 2082.98606851 2094.28533154 2186.06160416 2246.25810821 2257.33506968 2288.15361149 21.4335897024 18.8297034447 4.25226298103 6.6268362746 6221.47735398 6384.89793059 33.7279723168 492.593211987 481.738288927 50.5504067071 12.3049975406 12.5444384623 12.2539661742 12.0443601086 24.2830911991 35.7439654249 11.7704712045 934.086337845 944.40983469 997.340415798 1006.58826066 1029.82448805
-9999.0 -9999.0 -9999.0 -9999.0 -9999.0 -9999.0 -9999.0 -9999.0 -9999.0 -9999.0 -9999.0 59.1904568126 78.1784846259 36.4126787489 53.8103516231 17.1931355928 199.673021249 215.923675015 247.781814334 258.916468532 105.306810055 1706.05563372 1716.88334989 10.9300704736 7.53998629555 5.76203641243 13.7351706737 6.26971580695 4.20063385438 3.86771351961 5.02743045788 2265.12424719 2296.99175567 2329.9120202 2359.12828323 2383.07224385 10.8769232854 5.42620359082 6914.22553678 515.416541459 503.853118132 11.2596782986 11.3693984859 10.841250725 23.4196456419 23.2641344497 10.5204658473 10.5587317928 9.89667338241 21.4773163012 30.5861934991 8.20806799547 15.0410827671 5.57091326313 2.19376363483
-9999.0 -9999.0 -9999.0 -9999.0 -9999.0 -9999.0 -9999.0 -9999.0 -9999.0 -9999.0 -9999.0 -9999.0 40.1861744411 18.6314331938 17.3796176646 167.346480217 184.223406785 16.7118661214 67.3286059478 81.8558162288 94.2962529613 13.6476775774 12.0736775393 264.449081252 274.948848964 284.388845371 752.854350649 759.000385996 767.410187465 826.380083878 852.096855544 855.778236 3.39336391699 3.57470036533 4.48725761172 2403.25100645 8.1144727729 7022.53160471 7006.27066841 80.8301145232 68.8510732156 43.7185663013 10.8327600389 21.7600243561 34.5694994868 34.3906179561 20.7692325944 10.1684094246 19.9844966387 19.5000108408 39.3953531395 4.79986756025 19.9272494393 33.6819491724 38.2148062565
-9999.0 -9999.0 -9999.0 -9999.0 -9999.0 -9999.0 -9999.0 -9999.0 -9999.0 -9999.0 -9999.0 -9999.0 20.7574943766 58.2217060475 76.2747575074 133.003959492 18.2251028086 35.6683179157 52.1187321781 192.833766018 204.815986148 211.751143644 224.510798946 240.237199484 395.534805739 439.872600407 460.821997204 6.48765863197 49.669689273 55.0314304885 839.649758087 860.617798973 868.938853114 877.328278141 886.412727575 3300.11562923 11.5701800454 7058.56768249 12.5277461434 4.71863287839 58.2123841384 51.8573187269 6.69569773615 30.8104580414 43.9924928947 43.8542499309 29.7000350934 48.6666799754 76.8386759394 27.9979254794 75.4529711248 5.30673792125 7.15155554499 2.05210670215 1.7818160191
