data/baseflow/mHMbf_acc564.asc
ncols                  80
nrows                 72
xllcorner      4374000.0
yllcorner      5656000.0
cellsize            500
NODATA_value       -9999
[rows 0 to 24 of 72, columns 0 to 54 of 80]
-9999.0 -9999.0 -9999.0 -9999.0 -9999.0 -9999.0 -9999.0 -9999.0 -9999.0 -9999.0 -9999.0 -9999.0 24.8398090171 19.6579726124 -9999.0 -9999.0 -9999.0 -9999.0 -9999.0 -9999.0 -9999.0 -9999.0 -9999.0 -9999.0 -9999.0 -9999.0 -9999.0 -9999.0 -9999.0 -9999.0 -9999.0 -9999.0 -9999.0 -9999.0 -9999.0 -9999.0 -9999.0 -9999.0 -9999.0 -9999.0 -9999.0 -9999.0 -9999.0 -9999.0 -9999.0 -9999.0 -9999.0 -9999.0 -9999.0 -9999.0 -9999.0 -9999.0 -9999.0 -9999.0 -9999.0
-9999.0 -9999.0 -9999.0 -9999.0 -9999.0 -9999.0 -9999.0 -9999.0 -9999.0 -9999.0 -9999.0 -9999.0 49.9025009401 105.849255573 15.80397231 -9999.0 14.3961181523 -9999.0 -9999.0 -9999.0 -9999.0 -9999.0 -9999.0 -9999.0 -9999.0 -9999.0 -9999.0 -9999.0 -9999.0 -9999.0 -9999.0 -9999.0 -9999.0 -9999.0 -9999.0 -9999.0 -9999.0 -9999.0 -9999.0 -9999.0 -9999.0 -9999.0 -9999.0 -9999.0 -9999.0 -9999.0 -9999.0 -9999.0 -9999.0 -9999.0 -9999.0 -9999.0 -9999.0 -9999.0 -9999.0
-9999.0 -9999.0 -9999.0 -9999.0 -9999.0 -9999.0 -9999.0 -9999.0 -9999.0 -9999.0 24.4483277401 23.6247690402 24.6927002536 24.4090733884 151.754988343 168.085959324 38.8479518851 12.2271351872 -9999.0 -9999.0 -9999.0 -9999.0 -9999.0 -9999.0 -9999.0 -9999.0 -9999.0 -9999.0 -9999.0 -9999.0 -9999.0 -9999.0 -9999.0 -9999.0 -9999.0 -9999.0 -9999.0 -9999.0 -9999.0 -9999.0 -9999.0 -9999.0 -9999.0 -9999.0 -9999.0 -9999.0 -9999.0 -9999.0 -9999.0 -9999.0 -9999.0 -9999.0 -9999.0 -9999.0 -9999.0
-9999.0 -9999.0 -9999.0 -9999.0 -9999.0 -9999.0 -9999.0 -9999.0 -9999.0 23.4899899854 47.981705907 95.4976305527 47.6770366593 23.2237979073 45.6993447205 189.736561161 257.067288238 14.1040731588 -9999.0 23.7886813853 -9999.0 -9999.0 -9999.0 -9999.0 27.7101522592 13.8780536799 -9999.0 -9999.0 -9999.0 -9999.0 -9999.0 -9999.0 -9999.0 -9999.0 -9999.0 -9999.0 -9999.0 -9999.0 -9999.0 -9999.0 -9999.0 -9999.0 -9999.0 -9999.0 -9999.0 -9999.0 -9999.0 -9999.0 -9999.0 -9999.0 -9999.0 -9999.0 -9999.0 -9999.0 -9999.0
-9999.0 -9999.0 -9999.0 -9999.0 -9999.0 -9999.0 -9999.0 -9999.0 26.6950784502 75.4318042688 98.6086954219 121.847660057 165.924946831 21.9413443307 88.8464306685 109.973245493 398.57464105 16.7169020439 18.6075832366 44.6551884335 64.8996132935 21.2208332635 -9999.0 71.7510694381 59.3327807568 16.0378746797 -9999.0 -9999.0 -9999.0 -9999.0 -9999.0 -9999.0 -9999.0 -9999.0 -9999.0 -9999.0 -9999.0 -9999.0 -9999.0 -9999.0 -9999.0 -9999.0 -9999.0 -9999.0 -9999.0 -9999.0 -9999.0 -9999.0 -9999.0 -9999.0 -9999.0 -9999.0 -9999.0 -9999.0 -9999.0
-9999.0 -9999.0 -9999.0 -9999.0 -9999.0 -9999.0 25.8810549062 23.7659203086 23.7560779515 24.2031630151 24.6373011587 171.448881168 361.160650715 384.472670861 404.970795705 20.4803935699 439.029832452 458.862230385 40.9150030721 20.7101053216 84.7472800296 147.46615802 19.1248381174 127.756770527 20.0858338384 19.0701659271 20.8831689949 -9999.0 -9999.0 -9999.0 -9999.0 -9999.0 -9999.0 -9999.0 -9999.0 -9999.0 -9999.0 -9999.0 -9999.0 -9999.0 -9999.0 -9999.0 -9999.0 -9999.0 -9999.0 -9999.0 -9999.0 -9999.0 -9999.0 -9999.0 -9999.0 -9999.0 -9999.0 -9999.0 -9999.0
-9999.0 -9999.0 -9999.0 -9999.0 -9999.0 -9999.0 52.0637136184 77.0044633427 175.478706377 246.213528673 22.0590685982 22.9366954839 22.0823739769 67.0700557885 491.952849596 19.0272466205 481.764530651 566.514893942 64.6855573707 39.1905913716 166.348519205 20.6961403513 147.598398459 37.8690996043 18.4639118846 36.6005894684 41.2762700932 21.7288787168 22.0923696489 21.4327092458 22.8651539679 45.7038371986 -9999.0 -9999.0 -9999.0 -9999.0 -9999.0 -9999.0 -9999.0 -9999.0 -9999.0 -9999.0 -9999.0 -9999.0 -9999.0 -9999.0 -9999.0 -9999.0 -9999.0 -9999.0 -9999.0 -9999.0 -9999.0 -9999.0 -9999.0
-9999.0 -9999.0 -9999.0 -9999.0 -9999.0 27.6139445883 53.979409121 26.2082374484 51.6259024024 272.068196233 319.148222089 365.957878088 1177.59277377 23.9025730309 513.18649193 1864.57601488 1882.2874737 2479.48743457 19.6874220353 58.9717699023 185.31434986 18.7251582508 361.725366692 194.869127376 117.272402104 97.8864453935 19.9859554579 64.115146253 64.2786315222 42.7527116671 20.575092291 66.9415255421 20.1553259407 19.7566594496 -9999.0 -9999.0 -9999.0 -9999.0 -9999.0 -9999.0 -9999.0 -9999.0 -9999.0 -9999.0 -9999.0 -9999.0 -9999.0 -9999.0 -9999.0 -9999.0 -9999.0 -9999.0 -9999.0 -9999.0 -9999.0
-9999.0 -9999.0 -9999.0 -9999.0 -9999.0 27.8329988164 81.7822754309 162.558891376 188.629060245 375.946570319 400.859483858 478.354788821 788.537121506 1244.8101452 1290.26211743 1312.17683163 40.3331598291 2553.66963265 2593.43119811 2692.24704542 3321.40713249 421.603828447 382.258563156 137.40648139 19.3797591712 119.348329756 81.8426952044 17.1101362278 83.4276142897 21.7501027642 42.1421649724 108.453034945 127.999458134 38.9056319876 18.7576529949 18.5178836419 -9999.0 -9999.0 -9999.0 -9999.0 13.0736989516 11.7147621078 -9999.0 -9999.0 -9999.0 -9999.0 -9999.0 -9999.0 -9999.0 -9999.0 -9999.0 -9999.0 -9999.0 -9999.0 -9999.0
-9999.0 -9999.0 -9999.0 -9999.0 -9999.0 27.2806410391 26.4533442717 108.358954006 134.77230933 161.839151994 26.2388866804 52.0506119707 291.313307148 53.3951542272 25.01161508 22.7691236693 20.5080262123 25.3530585128 24.657502649 22.2019169393 3344.95237416 3401.74021461 18.5106442383 56.6529126771 38.5443115697 137.428172813 34.9761215452 16.1544175836 102.911055735 40.874623962 96.9855661468 221.115966483 204.65344189 57.3309313245 54.9941196885 19.2452337438 18.9473360304 -9999.0 -9999.0 18.8486275439 28.7988605229 65.1015291943 12.3823456132 -9999.0 -9999.0 -9999.0 -9999.0 -9999.0 -9999.0 -9999.0 -9999.0 -9999.0 -9999.0 -9999.0 -9999.0
-9999.0 -9999.0 -9999.0 -9999.0 -9999.0 -9999.0 28.0263640084 27.8270288586 54.4373941671 81.0723856201 186.334964145 239.321030359 267.038274309 28.2730844573 23.1957674018 298.14977623 366.061678522 387.217053189 475.597544227 495.519888882 19.7409236653 3421.78649193 3516.65111495 75.7186463269 17.4311189789 154.90161074 340.279372646 135.298548375 33.9218529804 17.2849831539 352.417097479 239.036862478 16.521644391 16.6538517169 72.0637288293 56.2716678236 17.2128014032 16.2666159606 18.3338901279 36.7578401852 17.4661869557 79.0452668752 94.9016200086 14.1383150548 -9999.0 -9999.0 -9999.0 -9999.0 16.256254956 15.1258136662 4.69005155807 -9999.0 -9999.0 -9999.0 -9999.0
-9999.0 -9999.0 -9999.0 -9999.0 -9999.0 -9999.0 -9999.0 27.6366390193 25.3337127587 52.3402443017 79.6051060119 26.6596358227 26.5568472403 156.004243229 203.997639868 253.467573286 23.6636668352 46.1163828486 22.903597865 516.483029849 1126.66050992 1139.61625598 4690.13038847 18.6027468285 50.3116789675 15.9724793969 356.381866056 16.9786747087 51.5107944139 16.7313517803 368.779717676 385.336499399 33.3728318287 33.1617871818 182.096245355 91.7458822281 34.0277348952 17.791857512 36.4976953231 54.6767247038 88.1261980883 15.3306156491 121.979204715 134.520457523 11.1342860488 12.1813862329 12.7640136891 11.2835444539 10.5341241964 43.4179770251 17.1924462768 10.5231779177 -9999.0 -9999.0 -9999.0
-9999.0 -9999.0 -9999.0 -9999.0 -9999.0 -9999.0 -9999.0 -9999.0 53.7320313487 78.2155885395 26.4368198803 53.5388778139 79.2176674176 132.349845789 25.9236379472 25.1663414993 22.0710651252 22.2649366816 20.221389855 567.863279284 23.339762465 45.4075197816 4749.40432967 4785.85033552 15.8123429375 82.1986634224 453.517091688 33.7373098513 66.0607285427 29.5871340154 43.8489748618 447.716334478 48.1801509208 264.236922096 217.008664401 19.4230499055 86.0681722076 34.9866024334 52.9289103411 16.1957896713 103.17118582 131.707192723 142.340071139 152.260764854 176.03042875 21.0488968193 22.4020350445 19.9935043212 18.4583148823 53.0573321705 10.2122913241 38.2600950101 47.7541945607 -9999.0 -9999.0
-9999.0 -9999.0 -9999.0 -9999.0 -9999.0 -9999.0 -9999.0 -9999.0 27.3760158305 132.370495252 158.277786509 25.9303373314 51.1438665035 25.1721082002 23.4920858634 23.1370357659 290.3972763 384.598354582 469.000920501 553.476298608 20.6268145082 22.5897997495 21.6236680588 4874.44382385 4910.74451705 4925.06629307 601.827998076 131.131632809 114.323700943 13.2142764945 56.867725552 518.101236956 13.4674570882 277.95716186 16.5720058684 113.995985519 103.65385452 16.8593611487 69.3397192293 32.4433156441 48.1838770332 12.9085105155 9.76156503129 162.016040836 170.781763576 184.768052253 31.945748884 28.9418762322 26.9703503154 64.1071240427 84.86160634 10.3596084167 58.2958430337 11.8697033219 22.0279116611
-9999.0 -9999.0 -9999.0 -9999.0 -9999.0 -9999.0 -9999.0 -9999.0 -9999.0 27.6449912136 185.254759765 210.960235199 76.5684350757 127.026064007 174.651666211 198.930528007 24.8738401692 72.035028354 47.8684653747 25.2175428707 24.321597624 21.7803256009 43.0217801173 71.6862028742 21.7201592341 5563.06771061 5578.21117964 14.1053197345 10.829126116 27.9813329709 41.9907485663 558.669242364 26.9056059033 289.762582582 173.006119344 143.313015262 15.925377814 32.2765049716 84.1529930387 14.8176747199 62.4021964454 26.4807751703 17.8516130979 9.53969618553 198.450839309 390.229054534 38.1778006802 35.3339219732 35.1873650729 8.50029648074 93.1999774802 8.06556229972 77.3691583532 10.1141725561 32.0525646432
-9999.0 -9999.0 -9999.0 -9999.0 -9999.0 -9999.0 -9999.0 -9999.0 -9999.0 -9999.0 25.6850389734 263.302428215 25.6040996471 51.5828221564 74.9319786633 119.943311354 22.4125146907 46.8237079196 22.7734666322 21.2782140679 20.2862295035 39.7915363986 17.3131911781 19.3880202435 37.0587449699 19.744835054 5593.41496477 5621.67569177 5662.87546063 57.5269155676 14.5022901385 28.9375928284 573.747485981 530.975982847 203.485471154 14.9790894196 63.3656089842 47.6918678919 99.0088928661 29.5679408146 117.404660282 40.367876968 29.1420864095 8.79068452116 9.93650860236 400.479125986 409.266216344 489.90511922 63.3266067639 18.1058701417 102.486178662 119.622139145 205.040628058 19.580108661 9.0694176717
-9999.0 -9999.0 -9999.0 -9999.0 -9999.0 -9999.0 -9999.0 -9999.0 -9999.0 -9999.0 -9999.0 14.7509623276 296.431630471 25.4350559956 48.5391916647 212.836668062 22.1283923228 21.8567232545 20.2689559439 42.5874390505 21.6079383177 82.5663127552 118.028444804 133.641234409 50.9369731828 62.4631225825 14.1390570607 18.9824973715 16.7557333569 5749.86701808 5793.13965892 586.321666809 555.646351996 543.481884268 24.6968451228 12.0349757683 77.0571172612 203.613673714 112.892250923 43.2464028465 173.685392341 70.7854125419 58.433387615 17.812974727 7.24388054314 6.18702365211 6.6753754716 525.037487845 615.999296933 9.01886971868 8.22265142117 9.19586387726 214.267762296 242.596665185 16.5747155387
-9999.0 -9999.0 -9999.0 -9999.0 -9999.0 -9999.0 -9999.0 -9999.0 -9999.0 -9999.0 -9999.0 13.9215848926 329.762890415 405.346249682 23.2764176251 258.711639486 20.3871166775 20.1921615804 41.2982817686 105.37080266 20.8301491969 21.9882908577 17.7487892813 167.908418849 184.333123625 264.64318284 293.953628996 309.8615843 323.395176235 336.871762028 6143.78655234 6757.38912872 7336.37262835 7345.38105984 10.2181889912 12.6013683199 231.137108109 217.466459445 13.6330040988 15.1803449336 191.255540353 275.480447284 11.3341817702 144.652123371 133.46420536 37.1407781044 16.2310379679 27.0184130496 10.6466808548 632.129973434 8.1119853998 25.101394269 31.0885088975 298.550819671 323.399438217
-9999.0 -9999.0 -9999.0 -9999.0 -9999.0 -9999.0 -9999.0 -9999.0 -9999.0 -9999.0 -9999.0 27.0515785156 52.3280874412 430.103196327 474.455914232 22.2461035452 295.109758711 17.4492107613 55.7788237976 124.775250981 40.5835854233 19.6502858159 38.8329572558 14.6919309058 29.5244614655 15.6007354261 14.7690615551 14.2364562198 13.6188928765 12.1858268678 11.3826500195 14.5173848048 16.0096051477 16.2795757319 7381.46479398 274.767017674 248.035638766 7.70955223978 40.2840080134 10.209606763 10.2586290379 287.783992206 470.077588043 158.306927436 116.980477492 22.5670508634 9.16307830428 8.25882123499 16.6079146636 657.211032296 672.033282676 7.85194627004 7.96281297344 8.45297464559 8.5456963065
-9999.0 -9999.0 -9999.0 -9999.0 -9999.0 -9999.0 -9999.0 -9999.0 -9999.0 -9999.0 -9999.0 -9999.0 23.8123085866 318.542737059 816.561931997 889.374397038 1204.56454494 1220.3083812 275.602736541 205.544436143 60.5722422535 19.3475286558 76.4414953417 93.9755355313 139.502605807 32.0638090969 29.7320780411 29.5339365268 57.7409377118 26.4748303418 25.2302074014 13.8320753629 11.802231265 10.3122266149 7392.18263321 7675.34885908 7687.94124097 7.903387543 103.367809789 46.9355767786 13.5287516262 512.033799905 29.7686862887 15.4613256696 66.3525408264 14.5786728382 10.2929540439 19.0958120671 26.2026447087 34.1460770157 684.393142495 5.67416739346 4.74901528593 4.75549342694 3.97852965814
-9999.0 -9999.0 -9999.0 -9999.0 -9999.0 -9999.0 -9999.0 -9999.0 -9999.0 -9999.0 -9999.0 26.0540553887 241.987332229 294.082817935 48.9423876463 16.164755299 37.2138230253 1278.41855023 1294.47174036 1585.61030865 17.7396194401 36.8879411907 15.9680347856 16.2106770724 155.385532739 203.282983107 248.664964037 14.087697123 71.5969869381 111.665012779 64.855259387 26.8844526752 23.7721748635 22.2643871938 21.7642121158 9.56006023092 7695.72803342 7701.19687117 7817.35352637 21.801634723 11.6432903518 520.476886163 31.9232445238 16.3704331033 18.0627524273 17.9679895677 15.2235329751 26.9184230194 74.164423916 117.033046062 807.627451164 4.20939270093 12.4081731334 8.35817375063 7.11064908933
-9999.0 -9999.0 -9999.0 -9999.0 -9999.0 -9999.0 -9999.0 -9999.0 -9999.0 -9999.0 -9999.0 26.5781330618 166.590590507 26.5635690593 23.8216565338 122.606866252 144.170723379 165.714224738 185.447965553 2158.12665922 2178.35152953 2216.97991314 2481.22203581 2530.73650672 2559.76724114 2576.05819688 2862.94775488 2905.93758189 2920.78375227 3048.49482615 3128.34173272 3141.41564755 3191.52139892 34.4176202965 33.6424706526 8.03242540356 6.69480102019 7708.75139131 7853.49936654 30.5340417302 597.31343538 587.335534829 58.6924088871 13.7342167838 14.0144298925 13.5772183455 13.7093347458 27.5349493982 38.5659502344 10.3197556394 813.314691417 819.433016753 845.294313441 850.01508979 861.366340419
-9999.0 -9999.0 -9999.0 -9999.0 -9999.0 -9999.0 -9999.0 -9999.0 -9999.0 -9999.0 -9999.0 84.8958299856 112.556319006 53.20906113 78.835185808 25.3667838398 278.898335579 301.208708995 345.276637412 365.729019827 144.424923391 2392.13312045 2409.98595951 16.4951352477 12.7407141425 12.6474727371 26.1953762316 13.8083937563 12.112569233 11.9738342497 11.7092281362 3155.76302552 3205.42844241 3251.6590605 3295.23166972 3320.7361123 11.6356561067 3.18504524032 8473.4251 614.187874828 608.40964057 13.0444099204 11.4005271903 9.54745176671 23.6844866167 23.2733565591 11.2989981119 11.3103532381 10.1116811447 20.1778333284 26.0927643728 5.28322903826 9.30125236964 3.33212853397 3.11005506674
-9999.0 -9999.0 -9999.0 -9999.0 -9999.0 -9999.0 -9999.0 -9999.0 -9999.0 -9999.0 -9999.0 -9999.0 56.9126321442 27.2661503681 25.6128827009 234.866444436 257.280286776 23.2869678371 88.1146434127 109.203254613 128.472419033 21.3606581078 14.7283086291 361.043975531 373.300321292 385.426449975 985.871158592 996.514840172 1018.38027735 1116.32356453 1177.90179241 1187.88021239 11.3745949512 11.8852409957 10.0202577793 3329.7968348 4.2925187544 8573.7765641 8567.79953761 88.6610586411 80.7810415733 47.7072391152 11.5934723878 19.6297644208 33.9130895557 33.0519513049 21.749305568 10.7997368863 20.7352179322 20.3442334356 34.7795378071 6.23849804704 15.522538499 24.3947686442 31.0616535789
-9999.0 -9999.0 -9999.0 -9999.0 -9999.0 -9999.0 -9999.0 -9999.0 -9999.0 -9999.0 -9999.0 -9999.0 28.7682496939 81.425505802 107.27242064 184.598849039 22.0021169972 45.3723686719 67.4892453448 262.078513121 281.541278195 299.728037368 316.337152494 333.657117446 508.539007972 557.9235679 590.299865124 14.158983374 75.908989407 89.0635606931 1146.60051208 1199.21385704 1224.7974739 1250.99388848 1270.0263569 4605.00674922 7.36140927392 8602.02369195 16.0333243742 7.99217504314 69.0449927401 58.315331063 9.80111920961 29.6169382319 43.8928073581 42.4127858273 30.1612297552 49.4496016785 77.9720703247 29.1297186383 71.7825960174 6.89199179392 11.5360041819 2.4990517106 1.80240348889
