data/baseflow/mHMbf_acc376.asc
ncols                  80
nrows                 72
xllcorner      4374000.0
yllcorner      5656000.0
cellsize            500
NODATA_value       -9999
[rows 25 to 49 of 72, columns 0 to 54 of 80]
-9999.0 -9999.0 -9999.0 -9999.0 -9999.0 -9999.0 -9999.0 -9999.0 -9999.0 -9999.0 -9999.0 -9999.0 31.0022278302 61.8008177888 29.6471687181 59.7772082894 27.9510244748 205.408048795 259.725386436 287.505346341 26.2592023676 51.0111064862 474.626357556 593.839444538 615.583644081 50.9927688476 49.2840776202 71.3444571187 16.3828569878 15.6752041247 30.1427039889 14.2459437341 728.650147604 743.977024615 761.073619172 5919.29298873 11747.9234272 11645.3332524 26.7520982644 10.8325004684 9.61295015452 38.1797447388 28.2593700842 68.2246832856 91.5628747144 183.612365259 16.9217962165 16.8893719715 152.584912339 168.440109738 332.030155152 343.340293478 370.079999759 381.200707968 9.74202118891
-9999.0 -9999.0 -9999.0 -9999.0 -9999.0 -9999.0 -9999.0 -9999.0 -9999.0 -9999.0 -9999.0 -9999.0 -9999.0 30.6017535156 60.9347849513 91.1988614823 148.395349054 29.4294684271 27.7266928444 183.783938356 209.908798753 426.843942682 452.939885531 73.9347313466 26.3347644896 25.739130085 24.17894166 633.865011338 652.686154084 669.917798982 684.96066292 714.07872936 150.323821289 166.802315714 943.385877304 18616.9116375 88.123465105 75.581253394 38.8156867803 9.47737193963 8.36384458434 57.7042392165 65.1219840986 85.768434203 8.71012320022 194.207432159 29.7215938286 29.287831799 7.81550799636 5.62938660944 4.91514219999 4.69748024335 5.01004281374 387.750965478 5443.41530236
-9999.0 -9999.0 -9999.0 -9999.0 -9999.0 -9999.0 -9999.0 -9999.0 -9999.0 -9999.0 -9999.0 -9999.0 -9999.0 -9999.0 29.5399063598 54.3816261378 76.8851466728 100.422655795 128.331981501 156.745787836 84.1896189937 139.115210432 26.2297470067 25.799666298 511.951774393 561.983835573 585.770219858 611.745211572 21.773332484 40.6782267681 101.566359658 119.98213349 135.88314347 17.7224640422 14.5944526281 18653.8657961 12.9195209788 20.0962004403 9.38103434637 35.952303779 17.2089906047 8.85534412571 160.250990088 167.405699165 5.92704446332 200.599006075 236.029051479 35.7506005242 5675.97181084 5662.89360724 5651.33831752 5628.80725947 5619.82916368 5472.4505096 5466.38194692
-9999.0 -9999.0 -9999.0 -9999.0 -9999.0 -9999.0 -9999.0 -9999.0 -9999.0 -9999.0 -9999.0 -9999.0 -9999.0 -9999.0 5.22077029597 12.260650287 22.5044117701 196.215361298 225.732491255 29.5880430918 27.9117780362 27.5660715262 409.290586942 462.183703281 25.644431748 26.2253084135 23.2718089094 94.9311877217 118.266066242 64.9687619977 82.0031071364 530.708219691 549.889775811 584.084546131 940.589575944 19601.43609 12.1605047592 8.21275345798 53.4237819174 44.6189528646 7.50250043952 24.1843874459 31.2180152446 175.50743836 182.060116197 435.275750824 241.469709304 40.9397778122 5805.31833223 59.2660720904 5640.84930062 5635.14325072 138.84878022 7.88426668047 18.0578641033
-9999.0 -9999.0 -9999.0 -9999.0 -9999.0 -9999.0 -9999.0 -9999.0 -9999.0 -9999.0 -9999.0 -9999.0 -9999.0 -9999.0 27.7145503803 44.9697427459 96.2489554528 168.743482805 246.331680221 300.73102235 328.798635772 356.751017426 383.890085483 26.1622772123 24.7054134084 48.8126292666 47.3442840728 24.3252014117 456.18729425 479.136750226 500.769434243 521.390146093 305.256674344 325.007334532 342.192035297 19607.3037547 19.7319106387 21.1323433959 79.7763017462 7.9777282431 13.5439403811 6.81338058269 6.50678143554 37.3443453866 5.24205557198 5.6702991997 6271.8921117 5832.31716449 5826.62066977 23.2865386034 54.128739454 35.5704244717 9.23928443854 125.928326748 37.8478419799
-9999.0 -9999.0 -9999.0 -9999.0 -9999.0 -9999.0 -9999.0 -9999.0 -9999.0 -9999.0 -9999.0 -9999.0 -9999.0 -9999.0 19.5690150291 18.1511089865 35.433899107 54.3316129106 27.4671675345 30.1894312559 58.5389380997 86.6561818297 140.710482709 167.580789133 192.611751844 266.960398451 290.693720178 315.642148046 23.2812447402 229.974001501 250.901134752 270.506878946 16.6839308728 9.66306861784 16.565903607 19952.3962262 19957.9633663 19989.224777 100.962997451 15.6409302444 22.8727431978 6.41373721886 11.5014414556 42.472560689 52.1681351992 10.1762961549 6297.3106854 8.08875494828 12.9886873356 14.4767618073 10.5313805531 19.6702965962 8.13503884962 78.7057561268 62.0772441394
-9999.0 -9999.0 -9999.0 -9999.0 -9999.0 -9999.0 -9999.0 -9999.0 -9999.0 -9999.0 -9999.0 -9999.0 -9999.0 -9999.0 -9999.0 17.1809461703 34.1587434188 17.1485317881 35.7421153323 224.719479505 250.187738781 277.953922382 26.8755119951 26.9835753162 52.0895909881 77.472034382 124.464941338 148.4142987 161.525428342 183.908628379 19.9735119882 19.039287344 300.246946134 309.281697911 316.094937615 322.527273053 259.949961326 20276.031247 20418.6875307 20424.9432878 20453.5516289 20483.3032251 20500.9798802 5.38547434371 56.7021209586 6302.50966697 13.1261321692 6.76959227058 6.04038310958 5.23916845494 9.15611257171 9.62344503563 5.66982910855 8.47532963744 8.34189851295
-9999.0 -9999.0 -9999.0 -9999.0 -9999.0 -9999.0 -9999.0 -9999.0 -9999.0 -9999.0 -9999.0 -9999.0 -9999.0 -9999.0 -9999.0 -9999.0 50.8321243874 69.5288569234 124.482578175 168.315898468 24.179223238 331.55131273 358.126040271 384.250562798 25.7830272104 50.9735400626 23.5007659515 172.049093863 184.318431485 204.35276893 225.698358069 278.318436917 285.801961714 4.75176258835 235.71217012 248.271833558 253.934332026 280.936787222 35.8560264271 23.5657385716 15.5314004391 14.9193600735 20519.8269396 20528.6265361 20625.5610338 6307.64081564 33.037358251 15.5892281651 10.1677706832 3.25588142398 29.295606127 16.0038878154 4.8971606323 27.4123310495 23.3551671238
-9999.0 -9999.0 -9999.0 -9999.0 -9999.0 -9999.0 -9999.0 -9999.0 -9999.0 -9999.0 -9999.0 -9999.0 -9999.0 -9999.0 -9999.0 -9999.0 19.0063701716 87.7141235994 106.993781208 25.609738344 28.3786202268 56.9541559416 84.2133126151 494.98541723 25.7533564854 102.990928923 126.979118552 150.641841096 12.8738298496 31.678249856 43.2851680951 190.361912251 213.542688026 218.675444355 6.17639893101 6.5201155279 8.29575611024 15.1663991742 6.67044605533 7.19376455521 13.8493277305 11.1319200124 13.5845460085 34.4437117616 20635.3291171 26965.7365679 40.9334631798 6.89018001221 3.11254930531 92.6224959941 85.4144647222 51.08122243 46.0079762775 34.5970221785 8.17224711754
-9999.0 -9999.0 -9999.0 -9999.0 -9999.0 -9999.0 -9999.0 -9999.0 -9999.0 -9999.0 -9999.0 -9999.0 -9999.0 -9999.0 -9999.0 15.7056264222 52.4463098483 17.5970249002 30.3166469647 32.036724842 60.4461912613 88.2963251356 112.821497327 626.813697772 651.943563249 25.6503154339 49.6713280968 73.8259216057 90.7363581187 110.701885902 170.143722554 183.758953211 15.9985949837 12.2071977723 10.9398348188 15.5638971941 14.3597986841 13.9369202104 11.727124084 13.8343413176 47.2921666281 21.9199116791 7.65927149653 7.26037771435 7.91264103862 14.8228241728 27230.8454855 216.900789629 106.775850074 6.68474505231 2.70979334387 2.65274226324 10.6200461364 7.76625486377 4.14902772819
-9999.0 -9999.0 -9999.0 -9999.0 -9999.0 -9999.0 -9999.0 -9999.0 -9999.0 -9999.0 -9999.0 -9999.0 -9999.0 -9999.0 16.6336332787 31.8758747376 117.501432843 17.1334290137 56.278199485 87.9963138171 117.586863801 29.8417984132 56.5662196124 79.2720169696 749.361605664 24.7731598484 47.9198424469 71.3911922149 22.0097340433 43.7645600231 59.3119869715 73.192681485 1533.77310129 1559.05323426 1582.07465727 1685.66801379 1729.26599389 1813.41067601 20.6689464924 46.7860688894 59.1278685414 2063.75398175 2078.9469348 6.6749948989 12.4459630586 17.9198304066 27237.3412293 203.548686544 88.1983273474 84.9360752139 68.3634317675 60.9873700345 14.0978191514 3.17489682219 6.69420429026
-9999.0 -9999.0 -9999.0 -9999.0 -9999.0 -9999.0 -9999.0 -9999.0 -9999.0 -9999.0 -9999.0 -9999.0 -9999.0 -9999.0 16.5842491649 50.556930081 184.604642741 270.841023591 15.4427269553 358.393327451 494.599564221 28.1803366324 54.710453933 78.6772032365 973.474649742 993.191424998 22.5388395777 116.812837781 138.263356502 157.039902972 1371.84166816 1419.66249651 1446.28571724 12.7035330113 72.8456252141 86.468117115 40.3987391482 58.5379250524 1894.27712424 1967.15464649 1981.7784115 1995.76449608 2095.30360703 7.95670731226 6.65235871858 29.6749167149 27243.0756167 5.27818176283 4.79830810519 13.9024790646 5.043929019 55.9826868781 44.2737020837 25.8090782319 19.0645547954
-9999.0 -9999.0 -9999.0 -9999.0 -9999.0 -9999.0 -9999.0 -9999.0 -9999.0 -9999.0 -9999.0 -9999.0 -9999.0 -9999.0 -9999.0 -9999.0 35.0670368314 70.4807970665 321.683707414 340.0024571 510.806015786 529.624195262 27.5508880061 55.0215652003 129.900901902 1010.55354683 1055.51753419 1075.65912111 17.1342062626 1149.09752871 1198.38847008 30.9241176062 12.8360391181 25.2401977701 49.1123217019 11.732693111 23.9156041176 53.6211668665 67.6150459584 12.490275749 8.525355386 17.1859904861 2156.2000519 2176.3725072 2182.00749509 2226.23683086 27248.2265812 2.93661267912 3.30191261644 3.83464888542 3.57121529963 3.68082372604 3.06450096635 5.65434822556 2.04560334231
-9999.0 -9999.0 -9999.0 -9999.0 -9999.0 -9999.0 -9999.0 -9999.0 -9999.0 -9999.0 -9999.0 -9999.0 -9999.0 -9999.0 -9999.0 -9999.0 18.2498170064 17.9209995197 17.9312979457 37.8346365614 16.6319203806 562.56178108 579.731082487 25.2506693164 51.0516220297 26.1400445151 22.7109640515 22.3099879764 1116.54074535 16.6953852915 33.3167201134 16.1302295365 13.4392435769 12.1756893572 9.76096625769 10.1038329535 30.2630820675 41.1679846212 7.99718672098 7.07413419077 14.9673466264 24.5668498806 32.0500404587 9.07511041121 2190.34414698 2231.88031983 27251.5133816 15.0568836564 9.61402714468 2.13343417006 5.16461348605 1.63849192548 1.20239669674 6.993779441 11.1475096739
-9999.0 -9999.0 -9999.0 -9999.0 -9999.0 -9999.0 -9999.0 -9999.0 -9999.0 -9999.0 -9999.0 -9999.0 -9999.0 -9999.0 -9999.0 -9999.0 -9999.0 -9999.0 17.725148414 54.3882959943 69.3444042744 85.370545582 595.430875639 611.095564011 627.439659408 648.319157749 670.251967612 714.985260071 731.303084824 747.27590051 761.298249384 12.3567010772 11.5391706789 12.0179494106 42.3832864734 11.0425849496 10.3444078144 8.39385085009 24.0425114941 9.20674740596 7.024495752 6.5328166587 5.61199818318 11.1986178024 15.8239347946 2263.74289143 29534.2272264 2.35005809534 5.72402435727 1.74876212449 7.04690132495 3.85118427389 2.4214086446 26.6428671518 18.0843170551
-9999.0 -9999.0 -9999.0 -9999.0 -9999.0 -9999.0 -9999.0 -9999.0 -9999.0 -9999.0 -9999.0 -9999.0 -9999.0 -9999.0 -9999.0 -9999.0 -9999.0 -9999.0 -9999.0 15.1668875446 117.774133752 235.494951586 252.737197644 24.0068738523 49.2650107188 75.1439994124 98.6728345527 246.464449025 260.070635436 13.0939884968 12.7956909338 786.703411994 809.40138145 820.020980248 50.8687571509 8.02022559969 18.7051060553 27.4980695932 80.6208565232 98.0078303727 111.41298874 12.3197159867 16.9788900727 5.5585729518 10.8237062607 5.45841692361 29544.5014618 2.21796322641 9.73308477882 4.76846389938 14.2493843657 27.6325046076 31.2160298191 58.9943197326 24.7054092703
-9999.0 -9999.0 -9999.0 -9999.0 -9999.0 -9999.0 -9999.0 -9999.0 -9999.0 -9999.0 -9999.0 -9999.0 -9999.0 -9999.0 -9999.0 -9999.0 -9999.0 -9999.0 16.5781446137 52.447773796 102.940937576 134.67827567 350.36204421 370.835675492 53.1951892164 79.1100579899 102.558952999 126.372250154 275.488023902 302.78439756 543.411781527 561.994492535 574.041547239 831.136734874 910.951916723 19.1404857341 11.7268753188 11.3378860753 21.5859692807 9.70469783108 129.380982168 135.748179247 22.2320286385 29.1670383931 6.2101362434 6090.47454031 6101.29826919 35652.7143161 35666.2649193 2.05894783118 18.7753867875 2.83953857386 2.57250705095 65.1798383536 92.2428601901
-9999.0 -9999.0 -9999.0 -9999.0 -9999.0 -9999.0 -9999.0 -9999.0 -9999.0 -9999.0 -9999.0 -9999.0 -9999.0 -9999.0 -9999.0 -9999.0 -9999.0 -9999.0 -9999.0 18.6455672887 18.1956198532 34.7426338798 82.5803236307 386.567522096 27.1000507826 26.8386303303 50.2762577453 73.9496032489 185.443233881 204.158764135 12.6511250286 12.2289268215 588.663552839 600.598736756 1522.40315934 1532.4274221 6.99716726968 6.15100051372 4.92144559326 4.97147788233 5.04596465947 5973.09856328 6010.69700497 6047.10500435 6059.95821692 6083.98968157 5.9182555832 21.7565742381 26.8923053951 35702.0218039 35704.0940818 35709.6890858 35716.9078841 35722.3394074 97.8390221931
-9999.0 -9999.0 -9999.0 -9999.0 -9999.0 -9999.0 -9999.0 -9999.0 -9999.0 -9999.0 -9999.0 -9999.0 -9999.0 -9999.0 -9999.0 -9999.0 -9999.0 -9999.0 -9999.0 -9999.0 16.9537429637 17.6037586178 32.7593320724 450.909117812 468.58233567 26.5469346786 49.8967508017 73.9005987388 93.9134529797 18.3044015596 34.1907532591 1157.81004557 1170.62331227 1182.19109148 1270.20227429 2813.41303623 5717.10295284 5733.08904678 5747.17199712 5760.60138289 5814.07964398 5831.11204368 30.8097431449 13.8708153806 8.03155906604 15.1117401805 10.7695242586 17.1268605322 5.23709868552 128.083832203 136.945611041 143.576618339 145.765807084 35725.5637117 35829.4803052
-9999.0 -9999.0 -9999.0 -9999.0 -9999.0 -9999.0 -9999.0 -9999.0 -9999.0 -9999.0 -9999.0 -9999.0 -9999.0 -9999.0 -9999.0 -9999.0 -9999.0 -9999.0 -9999.0 -9999.0 -9999.0 17.3134838663 33.1130397599 48.9920032485 482.076811746 20.0783318973 670.602487794 695.448108811 714.54990306 731.639194696 1091.9364473 1108.41827231 13.6912396882 65.5527423656 78.8123655434 12.613560636 2887.43692839 2864.82026486 7.07958210742 15.9854616169 42.0716572877 9.14248895454 9.32863522281 7.01939197443 5.76544816622 4.47685760324 5.07373097277 111.244997095 116.378340168 122.622314281 4.9560285449 4.06615011037 147.894973134 150.539419952 152.061617909
-9999.0 -9999.0 -9999.0 -9999.0 -9999.0 -9999.0 -9999.0 -9999.0 -9999.0 -9999.0 -9999.0 -9999.0 -9999.0 -9999.0 -9999.0 -9999.0 -9999.0 -9999.0 -9999.0 -9999.0 -9999.0 16.0296248109 14.9288225413 77.2060558196 591.262477133 627.289247301 647.295685659 25.3543985155 317.755934015 335.724957864 343.444574513 15.4405914681 30.0995356581 43.082664955 686.600640815 696.503978682 704.930127468 2849.42470183 1675.32443158 8.72961346025 8.84247260277 8.5318956233 6.58430616757 68.9951592987 82.0827016818 93.5443507934 99.7615020146 105.737517103 764.019516219 768.225355761 774.062588676 788.681100588 844.675130905 846.755048746 1000.95480507
-9999.0 -9999.0 -9999.0 -9999.0 -9999.0 -9999.0 -9999.0 -9999.0 -9999.0 -9999.0 -9999.0 -9999.0 -9999.0 -9999.0 -9999.0 -9999.0 -9999.0 -9999.0 -9999.0 -9999.0 -9999.0 -9999.0 31.1994968239 47.3781767718 17.7791599015 27.3399571284 224.172951052 250.501447191 271.655634914 139.749772122 157.682259373 175.966948361 189.823000971 664.705959924 677.365613388 440.685271912 1155.99152429 1165.75450166 1668.04478828 18.0293703797 8.95857078597 6.43446581634 48.0135469381 56.048523216 4.70705335356 4.35933800852 744.45282656 755.037498469 760.064524107 7.20886174628 10.5206744258 835.206276673 6.17832382235 16.6902634219 18.2641663763
-9999.0 -9999.0 -9999.0 -9999.0 -9999.0 -9999.0 -9999.0 -9999.0 -9999.0 -9999.0 -9999.0 -9999.0 -9999.0 -9999.0 -9999.0 -9999.0 -9999.0 -9999.0 -9999.0 -9999.0 -9999.0 -9999.0 15.5059813072 30.7396704791 130.757389383 149.07849873 171.793024567 99.3970943646 121.753438835 18.429210127 428.908105029 445.950675392 461.961310222 13.9056344208 416.785315686 429.740597034 10.0690347767 1620.83509238 20.3096425695 10.0868204207 26.0887256706 35.0755663211 6.65442202019 5.40806466388 689.253568567 734.824758972 741.147478342 6.51484963317 13.727206214 17.3921345448 21.0527232286 41.6912722598 5.96611599952 13.7946862938 2.53397933676
-9999.0 -9999.0 -9999.0 -9999.0 -9999.0 -9999.0 -9999.0 -9999.0 -9999.0 -9999.0 -9999.0 -9999.0 -9999.0 -9999.0 -9999.0 -9999.0 -9999.0 -9999.0 -9999.0 -9999.0 -9999.0 -9999.0 15.413463922 48.3414685365 84.5640687204 21.3648286204 48.2796066571 74.9187315314 354.462852542 375.634641977 393.646838698 17.0610953144 328.009153171 377.477707584 391.762108381 11.9944795432 1578.61554661 1601.15794067 10.5120635656 9.74100273975 18.9909722996 7.68169089405 653.602800676 666.919003281 674.506269088 29.1877022016 35.7626951174 5.67809490689 9.96620822858 4.32764764299 30.5169951158 4.36459078122 3.52403689725 3.82279009295 3.87238954839
-9999.0 -9999.0 -9999.0 -9999.0 -9999.0 -9999.0 -9999.0 -9999.0 -9999.0 -9999.0 -9999.0 -9999.0 -9999.0 -9999.0 -9999.0 -9999.0 -9999.0 -9999.0 -9999.0 -9999.0 -9999.0 -9999.0 -9999.0 16.9490379908 18.9100395729 24.7726720668 228.06192174 253.810580146 330.392855165 22.2906458814 256.585506123 295.45749581 17.1770558928 34.4548821905 13.5909955673 1542.65151933 13.5646295034 35.7575334608 44.1971485204 52.3262717289 603.335202323 631.9533876 640.478212026 8.53443250046 15.6928446451 22.1423422216 3.80350139238 3.4208649242 1497.47287315 1500.85708597 1503.55883648 1531.99614359 1535.40179139 1540.11269249 1543.01879692
