data/baseflow/mHMbf_acc326.asc
ncols                  80
nrows                 72
xllcorner      4374000.0
yllcorner      5656000.0
cellsize            500
NODATA_value       -9999
[rows 25 to 49 of 72, columns 0 to 54 of 80]
-9999.0 -9999.0 -9999.0 -9999.0 -9999.0 -9999.0 -9999.0 -9999.0 -9999.0 -9999.0 -9999.0 -9999.0 31.7529589065 62.891179636 29.4372635505 60.7665036863 28.6392152098 209.185538967 265.161882741 293.921668691 26.3982768101 50.4374776244 493.296647827 614.285478918 638.428348683 55.4642955332 55.4475576368 79.8610786374 17.5904497004 17.2901273283 33.5968030425 16.8439393947 780.566128836 796.427566537 818.446833233 6194.38961364 12900.7767982 12770.6354688 33.0983527073 13.0902514558 12.0702051977 43.5422261461 30.4926668504 73.8594204943 100.185258159 201.640716655 18.5916042522 18.7031639494 168.694718671 185.96354748 373.112644878 389.233391988 422.849489296 440.312267719 15.6950786084
-9999.0 -9999.0 -9999.0 -9999.0 -9999.0 -9999.0 -9999.0 -9999.0 -9999.0 -9999.0 -9999.0 -9999.0 -9999.0 31.2132803185 61.4019727376 91.1675233049 149.417821879 32.1562595813 28.5447330487 199.28619334 225.501541896 446.792470823 472.633914379 74.0825901236 26.843521538 27.4245292155 27.4059173686 673.620651327 695.298698977 714.047334186 730.748891959 764.590079648 161.241854936 182.248117455 1021.65858016 20124.5663612 111.899890692 96.561064358 48.3196284193 12.3385732053 11.0347692062 68.1391295091 78.6870480313 97.3581368178 11.6300520218 215.126319504 33.2128807465 32.8748494126 10.7315928908 8.50132543575 7.94476942491 8.28698183247 8.08526528132 449.728735624 6708.7051538
-9999.0 -9999.0 -9999.0 -9999.0 -9999.0 -9999.0 -9999.0 -9999.0 -9999.0 -9999.0 -9999.0 -9999.0 -9999.0 -9999.0 30.2180168153 57.1501968432 81.6462023969 108.930340903 139.986916919 171.554359999 89.7537191752 144.419733961 25.9523072578 25.9694457937 544.538487794 596.349425866 620.804888245 647.603751042 24.8996677167 47.2798800785 112.670238621 130.673379582 146.142825383 20.5268625449 20.2093278257 20172.8425684 16.3036255089 26.8077225911 12.5473915099 46.8373825143 22.5391639102 12.2815730649 188.763294245 199.858102063 9.6954702068 225.445316166 267.384134701 42.326738044 7055.51966241 7036.64433173 7019.18670673 6983.19025199 6967.33063323 6745.95310755 6736.73427996
-9999.0 -9999.0 -9999.0 -9999.0 -9999.0 -9999.0 -9999.0 -9999.0 -9999.0 -9999.0 -9999.0 -9999.0 -9999.0 -9999.0 5.63412370494 13.3600303945 24.3046968665 211.579480608 245.367114078 33.5429220759 29.0259124722 27.5585796525 440.073247429 492.802315478 25.8364947197 26.9791308417 24.2600924144 96.4375923964 119.991223919 72.1842167649 89.3074841659 540.390879446 559.596223845 597.090607274 967.653386702 21149.0611221 15.5776994305 11.3704717354 69.276469575 57.8909749639 10.9478135032 34.462085792 44.7951243979 211.707761542 222.094187849 517.215677608 275.906168428 48.9997600083 7242.25851754 96.9736650102 7002.33704844 6993.10030239 206.721214352 11.437560892 21.8258880703
-9999.0 -9999.0 -9999.0 -9999.0 -9999.0 -9999.0 -9999.0 -9999.0 -9999.0 -9999.0 -9999.0 -9999.0 -9999.0 -9999.0 29.7258493668 48.086491722 102.901890455 179.951099184 268.766141961 327.682007242 358.831544689 387.2416714 414.560582619 26.3385442611 25.3337558115 50.2292982281 48.5686526006 24.337673838 464.467155536 487.681254034 509.715477729 530.791929268 310.605618928 330.109700378 351.302827717 21156.2105466 25.1542735526 27.9016136746 103.317801768 10.0152012813 20.0254277897 10.1288080003 9.6092820313 54.115709511 8.73826287012 9.40132491757 7807.27219097 7282.66120547 7273.3103328 33.4340670814 88.3061743869 58.42174515 15.2378985534 186.305636048 58.1103503662
-9999.0 -9999.0 -9999.0 -9999.0 -9999.0 -9999.0 -9999.0 -9999.0 -9999.0 -9999.0 -9999.0 -9999.0 -9999.0 -9999.0 20.9685966395 18.9730253185 36.5885080762 56.835083352 28.2470908729 29.6619952578 58.1790918376 86.6196487289 140.980521475 168.278641842 195.362225398 272.298293282 296.752936452 321.714273137 23.4129999242 236.995720174 258.051669602 276.739499643 15.6791224059 9.77670874576 17.7987988235 21520.8152138 21527.6421183 21567.3250688 129.373618728 19.2814011099 33.5753415849 9.49557132331 17.2321503409 61.9390245036 77.8749495183 17.224719432 7849.2682602 13.3907025253 19.155526629 20.7466883865 16.9792700272 30.9809935965 13.7401658442 113.389846747 88.6198975556
-9999.0 -9999.0 -9999.0 -9999.0 -9999.0 -9999.0 -9999.0 -9999.0 -9999.0 -9999.0 -9999.0 -9999.0 -9999.0 -9999.0 -9999.0 17.7013491239 35.3323021503 18.3347783769 37.9344864818 241.077114196 268.430828671 297.529724991 27.0846325323 27.2334449319 54.5714503165 80.5629168138 129.986457384 154.112628065 167.598474357 190.397258729 20.6763284509 19.2256463747 314.846548044 323.588799255 331.67487341 339.484134838 278.202601863 21877.8183357 22058.7565799 22066.1563443 22106.6600945 22145.5814998 22173.894136 9.4009090644 85.4701573553 7858.82428098 25.6622351694 13.138636134 12.0401973915 9.97962005581 17.5986597919 17.5001575768 9.93370667154 12.4530603513 12.2303838093
-9999.0 -9999.0 -9999.0 -9999.0 -9999.0 -9999.0 -9999.0 -9999.0 -9999.0 -9999.0 -9999.0 -9999.0 -9999.0 -9999.0 -9999.0 -9999.0 52.6406471012 73.2977534849 132.643462377 180.855275382 26.1203899588 353.312652079 380.316316625 408.118125708 28.336372124 55.2537003774 25.411928133 185.569701659 198.331676604 218.850919357 240.420083287 293.858781796 300.78236896 4.60577116371 248.279098737 263.724407076 270.843477319 303.372325536 44.5207844026 29.6205768492 19.7561161756 19.0125273781 22201.8381999 22217.0453497 22365.1749312 7869.04355738 64.0852124476 29.3191612358 19.6751603548 6.15790267415 53.4979222984 28.0224850591 9.18192261275 48.8337819421 40.8113181758
-9999.0 -9999.0 -9999.0 -9999.0 -9999.0 -9999.0 -9999.0 -9999.0 -9999.0 -9999.0 -9999.0 -9999.0 -9999.0 -9999.0 -9999.0 -9999.0 21.3197287127 93.2668581845 113.971042378 28.8013086847 29.2014995306 57.4037975253 84.6007096026 522.384417305 28.1863385761 111.950049249 137.80731699 163.155018898 13.4220835105 32.8297967213 44.5342718302 200.124082702 223.135425661 228.820858422 7.27394777953 7.9106810799 9.80718168064 17.8922362384 7.8503348386 8.57147777688 18.5617629923 14.0347630076 18.2325122645 51.4957759204 22381.0921982 30291.8737041 78.1163389886 9.89495607841 5.93458299906 165.759638198 152.243560742 89.6265075048 80.455807354 60.3359272571 12.5212092804
-9999.0 -9999.0 -9999.0 -9999.0 -9999.0 -9999.0 -9999.0 -9999.0 -9999.0 -9999.0 -9999.0 -9999.0 -9999.0 -9999.0 -9999.0 16.6926880623 58.1155799218 19.8476376758 35.7174240956 37.1875939734 66.470243082 94.2735890193 119.945939159 663.976045406 691.76716866 28.4484978049 54.6266264852 80.76661706 98.2990488793 118.270815567 177.875341312 192.975059989 15.0292771792 12.8833386782 12.7045160772 21.2208163704 18.7018096288 17.4162489634 14.7481489618 16.7085439457 66.3650754711 31.2193793703 14.1563711693 13.6613231716 14.4335671859 27.7094586362 30766.74734 387.278173823 192.297605894 12.6624739837 5.32349433239 5.4611317691 21.9312345043 15.8398682096 8.41674730667
-9999.0 -9999.0 -9999.0 -9999.0 -9999.0 -9999.0 -9999.0 -9999.0 -9999.0 -9999.0 -9999.0 -9999.0 -9999.0 -9999.0 17.7624345659 33.9138726929 128.918582788 19.8930883419 66.8415326452 104.057117977 139.042379968 34.569750263 64.2751856199 90.5121610608 803.319783234 27.6027754103 53.0921119464 77.7551109745 22.548905669 44.762906403 59.6138934904 74.8243097819 1691.93257565 1720.86472957 1748.80023906 1882.82630736 1940.23685849 2050.65180148 30.0640137519 65.0988140503 83.9032125205 2406.24621184 2434.6528411 12.9671219691 24.6295402766 35.8229030838 30778.5790413 368.798756985 161.393977608 155.558365975 129.173057643 117.2355509 29.1207498253 6.68877400639 14.31646305
-9999.0 -9999.0 -9999.0 -9999.0 -9999.0 -9999.0 -9999.0 -9999.0 -9999.0 -9999.0 -9999.0 -9999.0 -9999.0 -9999.0 17.6245601693 53.9067063194 200.433418695 294.001340498 18.2392093903 395.249113086 556.319483538 32.8634942125 62.8227626166 90.5657985564 1055.73626868 1078.87329598 26.6738917413 131.088008231 155.483651085 174.498050199 1516.80831077 1569.0343248 1601.75662571 16.0532623792 94.2527498884 111.510958988 53.9260910791 78.0288283972 2163.70365286 2265.73658728 2286.48759313 2306.73050751 2464.23617774 14.5499335199 12.8886444784 59.3291379632 30789.7691988 9.09592176122 7.3146322616 21.3830811716 7.38234499672 107.12302778 90.0253572622 52.6322970184 38.9095386783
-9999.0 -9999.0 -9999.0 -9999.0 -9999.0 -9999.0 -9999.0 -9999.0 -9999.0 -9999.0 -9999.0 -9999.0 -9999.0 -9999.0 -9999.0 -9999.0 37.7250916605 76.1927779648 351.568075626 372.722123743 574.790967629 596.952321064 30.9244530085 61.6479251728 143.986981577 1100.16955144 1154.71019853 1180.36349051 23.2934639514 1272.26156142 1326.42621086 35.2463503697 16.1748720756 32.7946400062 63.8272845548 15.0447031916 31.2174722635 74.024256047 93.2127367622 16.8078588905 13.0580007896 26.8320675149 2552.52551436 2581.11970976 2592.54974519 2677.66451214 30800.1326874 5.67127923993 6.20618452323 6.56205221957 6.38917771867 6.47586925736 5.86422470866 11.2395092398 4.58847440012
-9999.0 -9999.0 -9999.0 -9999.0 -9999.0 -9999.0 -9999.0 -9999.0 -9999.0 -9999.0 -9999.0 -9999.0 -9999.0 -9999.0 -9999.0 -9999.0 19.7856298336 19.4947009201 20.0696341243 44.4465988881 19.9034733016 635.958681937 656.134730663 28.5802218234 56.3717032509 30.0601231231 27.4962550454 27.3176713381 1229.99279383 18.3165974487 36.0189712113 18.8759013356 17.4050706357 16.0178416526 13.6093295593 13.9083227111 41.3105102678 55.6649986901 11.7704927914 10.9071680413 22.5745376587 35.8039571685 45.1004333914 11.8718026235 2606.01092827 2689.14992999 30806.8231305 27.9340733639 17.3134383459 4.6996160208 10.2961324137 3.97737277501 3.14744721533 14.6191766494 24.1932682973
-9999.0 -9999.0 -9999.0 -9999.0 -9999.0 -9999.0 -9999.0 -9999.0 -9999.0 -9999.0 -9999.0 -9999.0 -9999.0 -9999.0 -9999.0 -9999.0 -9999.0 -9999.0 19.2420370993 62.7456227198 79.9871768687 99.0087990838 673.981467657 691.60107335 710.486206917 735.083419593 761.911469123 816.64358292 835.172035015 852.807122826 870.260012641 16.8246283635 15.9342375642 16.2353898063 57.9300083808 14.6584779714 13.9163743709 12.1842509211 35.2634667725 13.0606115023 10.7420355889 10.15986799 9.1041653638 18.1755324272 25.6454204327 2740.88888958 33583.6066041 4.74648883744 12.3525328195 4.2087136015 14.6404708963 8.82242503016 6.32442351311 57.6449823703 39.5706459278
-9999.0 -9999.0 -9999.0 -9999.0 -9999.0 -9999.0 -9999.0 -9999.0 -9999.0 -9999.0 -9999.0 -9999.0 -9999.0 -9999.0 -9999.0 -9999.0 -9999.0 -9999.0 -9999.0 16.7579821042 128.423337981 263.337054459 284.404873016 28.3446174182 56.3161516555 84.1031715017 109.179026232 270.065142743 288.09154803 17.5578080754 17.0567046506 904.154215352 935.384832245 950.270326168 70.5825210349 12.374589425 26.7180952323 39.5268802503 115.138038762 140.106443697 160.722984165 19.2757731539 26.8364916886 8.77299051854 17.0659112671 8.57140763292 33600.2968514 4.70867624449 20.7314145952 11.0807587038 30.8282422636 58.7053755229 67.486360747 127.434008453 52.6464502394
-9999.0 -9999.0 -9999.0 -9999.0 -9999.0 -9999.0 -9999.0 -9999.0 -9999.0 -9999.0 -9999.0 -9999.0 -9999.0 -9999.0 -9999.0 -9999.0 -9999.0 -9999.0 18.0934030523 56.9959915541 112.019481626 146.864666735 390.796938207 415.319251976 57.730611975 84.6366309617 108.317251761 134.231041246 306.623862494 342.34537469 594.961122916 614.84179614 630.371170854 965.873971356 1078.16596569 27.5688948135 15.4781185676 15.1891646824 29.2006092886 13.5115528341 186.14961374 196.009521484 35.1623233438 44.2945317108 8.66509713027 7077.78406339 7094.61022017 40706.773192 40734.8952424 4.16105012187 40.1052146306 5.40030355559 5.28357062609 139.549276698 197.279478521
-9999.0 -9999.0 -9999.0 -9999.0 -9999.0 -9999.0 -9999.0 -9999.0 -9999.0 -9999.0 -9999.0 -9999.0 -9999.0 -9999.0 -9999.0 -9999.0 -9999.0 -9999.0 -9999.0 20.1594622649 19.5928473758 37.639414632 89.6872511094 432.668268721 29.4348908732 29.0393332175 53.4329603387 77.4204709983 191.397774431 210.033809443 12.2361583219 12.6030242808 648.312285239 664.579292326 1757.07298639 1770.79092987 11.4328572393 10.4997475221 8.71523742796 8.79142205267 8.32861302926 6910.33941768 6964.45995354 7018.07029655 7035.04690338 7068.93231829 9.04419726397 33.7142007423 43.7637432103 40794.3564636 40798.5020078 40806.8060778 40816.7568844 40823.2972846 206.467435203
-9999.0 -9999.0 -9999.0 -9999.0 -9999.0 -9999.0 -9999.0 -9999.0 -9999.0 -9999.0 -9999.0 -9999.0 -9999.0 -9999.0 -9999.0 -9999.0 -9999.0 -9999.0 -9999.0 -9999.0 18.4494488621 19.0650454418 35.5875051675 502.529133037 523.394029767 28.8178296134 53.1275649003 77.3486737461 95.5024400669 16.6565281603 33.0076745784 1268.31890729 1285.43569339 1299.53775181 1408.79571438 3193.47916558 6537.03140824 6561.20280482 6582.83555176 6603.85292595 6681.00077109 6704.72914184 44.1559431023 20.649485432 11.3551275344 21.7743105103 16.6968046406 26.2368692253 8.33576689913 189.948844341 205.630896698 217.016670714 222.405978057 40830.0309197 41046.2893249
-9999.0 -9999.0 -9999.0 -9999.0 -9999.0 -9999.0 -9999.0 -9999.0 -9999.0 -9999.0 -9999.0 -9999.0 -9999.0 -9999.0 -9999.0 -9999.0 -9999.0 -9999.0 -9999.0 -9999.0 -9999.0 18.7881450461 36.0405157839 53.3058334876 538.131684267 23.6830923005 747.132684381 772.297119913 789.897642612 806.956080976 1202.03176182 1219.15260094 18.0462011979 81.019172833 97.8353979416 16.4738025517 3318.76467993 3288.64020782 10.610329437 23.0567750038 59.2015392529 12.4309737128 12.5065904564 10.41812748 8.84853341541 7.17725818859 7.92237317313 162.714480923 170.706058835 180.004590734 7.25488265305 5.59640696193 226.049948403 232.249800105 236.36196666
-9999.0 -9999.0 -9999.0 -9999.0 -9999.0 -9999.0 -9999.0 -9999.0 -9999.0 -9999.0 -9999.0 -9999.0 -9999.0 -9999.0 -9999.0 -9999.0 -9999.0 -9999.0 -9999.0 -9999.0 -9999.0 17.4743311549 16.3822871482 84.5215984591 658.51658437 700.038996395 722.84076761 27.33206371 355.118450125 371.177127003 378.693681106 16.0046323179 34.8090096526 52.1989638354 791.378830612 805.333815834 817.571194117 3265.85095653 1902.19128944 12.2487788158 12.1802531374 11.8998654857 9.81817229999 98.9318591919 118.387313577 135.819181136 145.159399526 154.222732347 929.67881942 936.3774461 943.74703833 962.267903047 1048.36576218 1053.22234138 1295.01148488
-9999.0 -9999.0 -9999.0 -9999.0 -9999.0 -9999.0 -9999.0 -9999.0 -9999.0 -9999.0 -9999.0 -9999.0 -9999.0 -9999.0 -9999.0 -9999.0 -9999.0 -9999.0 -9999.0 -9999.0 -9999.0 -9999.0 34.1099937132 51.8229675359 20.7831299211 30.8690524706 251.142554671 279.869594774 305.542993708 160.072143119 178.074808944 196.776432631 214.942112124 761.335809367 777.64744315 506.085035435 1337.7221535 1351.31700904 1891.11543219 24.9860506284 12.3542630602 9.72421501609 68.2193336877 79.4922817959 7.30570079615 6.86551027371 899.495383095 915.48395022 923.292428011 9.43201744796 13.422547136 1031.75292977 11.220420683 36.1382838162 40.2545339277
-9999.0 -9999.0 -9999.0 -9999.0 -9999.0 -9999.0 -9999.0 -9999.0 -9999.0 -9999.0 -9999.0 -9999.0 -9999.0 -9999.0 -9999.0 -9999.0 -9999.0 -9999.0 -9999.0 -9999.0 -9999.0 -9999.0 17.0121640302 33.7520273244 147.011822381 168.487850803 194.123191194 114.258036182 141.454642584 18.9142864676 492.983496875 511.232947612 529.240576353 17.2289920763 474.562765023 491.051586121 13.8511644432 1826.40276575 27.1079383043 13.5273414201 36.4597025412 48.8413920184 9.82899713363 8.30942412685 819.46484922 884.772657988 893.993214878 9.47686615881 21.0314404072 27.0456500875 32.6340405836 63.4882066165 12.9221851826 29.6070071012 6.08654462371
-9999.0 -9999.0 -9999.0 -9999.0 -9999.0 -9999.0 -9999.0 -9999.0 -9999.0 -9999.0 -9999.0 -9999.0 -9999.0 -9999.0 -9999.0 -9999.0 -9999.0 -9999.0 -9999.0 -9999.0 -9999.0 -9999.0 16.9553244357 54.0691418376 95.7608109211 25.6692822064 54.4622127521 85.1879405211 415.215587519 436.96248007 455.866917334 18.5953927755 371.77095158 425.097437955 442.17562007 15.3042217458 1769.38896556 1799.12845198 14.0764255731 13.4340971102 25.9501752329 10.9974470473 766.713797655 786.122191917 796.61644935 40.809858583 50.1687071908 8.31193052517 14.9080434096 6.64474229149 46.9899286284 6.74156674768 7.26257196379 8.07521245601 8.43569468107
-9999.0 -9999.0 -9999.0 -9999.0 -9999.0 -9999.0 -9999.0 -9999.0 -9999.0 -9999.0 -9999.0 -9999.0 -9999.0 -9999.0 -9999.0 -9999.0 -9999.0 -9999.0 -9999.0 -9999.0 -9999.0 -9999.0 -9999.0 19.6055964004 21.9307508402 29.5409443947 267.721017951 297.731024262 386.381653652 24.5556055027 296.430871749 335.413009087 18.3916216006 36.4436988504 15.579942972 1724.23584432 15.6310438964 45.7682979428 57.9035683421 69.6033552621 698.108572603 736.054939359 747.587779362 11.5179264176 21.5834797068 30.8640436702 6.07142446494 5.55233991871 1737.32575591 1742.80897988 1747.46115923 1790.05432039 1795.72870704 1804.31455669 1810.83285234
