data/baseflow/mHMbf_acc382.asc
ncols                  80
nrows                 72
xllcorner      4374000.0
yllcorner      5656000.0
cellsize            500
NODATA_value       -9999
[rows 0 to 24 of 72, columns 0 to 54 of 80]
-9999.0 -9999.0 -9999.0 -9999.0 -9999.0 -9999.0 -9999.0 -9999.0 -9999.0 -9999.0 -9999.0 -9999.0 18.8345111374 18.1190058598 -9999.0 -9999.0 -9999.0 -9999.0 -9999.0 -9999.0 -9999.0 -9999.0 -9999.0 -9999.0 -9999.0 -9999.0 -9999.0 -9999.0 -9999.0 -9999.0 -9999.0 -9999.0 -9999.0 -9999.0 -9999.0 -9999.0 -9999.0 -9999.0 -9999.0 -9999.0 -9999.0 -9999.0 -9999.0 -9999.0 -9999.0 -9999.0 -9999.0 -9999.0 -9999.0 -9999.0 -9999.0 -9999.0 -9999.0 -9999.0 -9999.0
-9999.0 -9999.0 -9999.0 -9999.0 -9999.0 -9999.0 -9999.0 -9999.0 -9999.0 -9999.0 -9999.0 -9999.0 38.0260388439 88.9308837426 15.4604549728 -9999.0 13.7574105018 -9999.0 -9999.0 -9999.0 -9999.0 -9999.0 -9999.0 -9999.0 -9999.0 -9999.0 -9999.0 -9999.0 -9999.0 -9999.0 -9999.0 -9999.0 -9999.0 -9999.0 -9999.0 -9999.0 -9999.0 -9999.0 -9999.0 -9999.0 -9999.0 -9999.0 -9999.0 -9999.0 -9999.0 -9999.0 -9999.0 -9999.0 -9999.0 -9999.0 -9999.0 -9999.0 -9999.0 -9999.0 -9999.0
-9999.0 -9999.0 -9999.0 -9999.0 -9999.0 -9999.0 -9999.0 -9999.0 -9999.0 -9999.0 18.0881217952 17.192473555 18.013684344 17.7286111856 121.696918076 136.718305141 38.2869000926 12.2381942058 -9999.0 -9999.0 -9999.0 -9999.0 -9999.0 -9999.0 -9999.0 -9999.0 -9999.0 -9999.0 -9999.0 -9999.0 -9999.0 -9999.0 -9999.0 -9999.0 -9999.0 -9999.0 -9999.0 -9999.0 -9999.0 -9999.0 -9999.0 -9999.0 -9999.0 -9999.0 -9999.0 -9999.0 -9999.0 -9999.0 -9999.0 -9999.0 -9999.0 -9999.0 -9999.0 -9999.0 -9999.0
-9999.0 -9999.0 -9999.0 -9999.0 -9999.0 -9999.0 -9999.0 -9999.0 -9999.0 17.3647799561 35.3400474133 70.0825398349 34.4123798999 16.603142116 32.5724141695 152.058904841 218.466687145 13.7933096543 -9999.0 16.8919660692 -9999.0 -9999.0 -9999.0 -9999.0 26.4380830188 13.5018844761 -9999.0 -9999.0 -9999.0 -9999.0 -9999.0 -9999.0 -9999.0 -9999.0 -9999.0 -9999.0 -9999.0 -9999.0 -9999.0 -9999.0 -9999.0 -9999.0 -9999.0 -9999.0 -9999.0 -9999.0 -9999.0 -9999.0 -9999.0 -9999.0 -9999.0 -9999.0 -9999.0 -9999.0 -9999.0
-9999.0 -9999.0 -9999.0 -9999.0 -9999.0 -9999.0 -9999.0 -9999.0 20.3911472667 56.4807994106 73.02256869 89.7948495335 120.658189012 15.5355789896 62.7416476758 77.5635982721 323.963159816 13.7685279002 12.9283580782 31.3352167157 45.3841200599 14.7668836002 -9999.0 68.323953356 56.0794134223 15.2733350086 -9999.0 -9999.0 -9999.0 -9999.0 -9999.0 -9999.0 -9999.0 -9999.0 -9999.0 -9999.0 -9999.0 -9999.0 -9999.0 -9999.0 -9999.0 -9999.0 -9999.0 -9999.0 -9999.0 -9999.0 -9999.0 -9999.0 -9999.0 -9999.0 -9999.0 -9999.0 -9999.0 -9999.0 -9999.0
-9999.0 -9999.0 -9999.0 -9999.0 -9999.0 -9999.0 20.3527878711 18.0984224759 17.2324245635 17.6430000076 17.8514277764 125.978923125 263.650023361 280.286105933 293.874983001 13.3274910165 351.303010021 364.810045247 27.1951061196 14.3023211481 59.1373384495 102.513381363 14.220691868 111.685401121 14.6358993646 14.6728486644 15.125689378 -9999.0 -9999.0 -9999.0 -9999.0 -9999.0 -9999.0 -9999.0 -9999.0 -9999.0 -9999.0 -9999.0 -9999.0 -9999.0 -9999.0 -9999.0 -9999.0 -9999.0 -9999.0 -9999.0 -9999.0 -9999.0 -9999.0 -9999.0 -9999.0 -9999.0 -9999.0 -9999.0 -9999.0
-9999.0 -9999.0 -9999.0 -9999.0 -9999.0 -9999.0 40.7533949514 59.7447904982 133.585587812 184.623239092 15.4769957269 16.3237505085 15.4820279769 45.0852587404 352.483646504 12.4360247134 377.860164877 430.486026897 40.3318885959 26.8727608071 115.440029535 14.1880226843 125.485750721 26.8665278593 13.3555137457 27.4515657266 29.9259519349 15.2703983121 15.7285905702 15.2084274282 16.5537466775 33.1062356034 -9999.0 -9999.0 -9999.0 -9999.0 -9999.0 -9999.0 -9999.0 -9999.0 -9999.0 -9999.0 -9999.0 -9999.0 -9999.0 -9999.0 -9999.0 -9999.0 -9999.0 -9999.0 -9999.0 -9999.0 -9999.0 -9999.0 -9999.0
-9999.0 -9999.0 -9999.0 -9999.0 -9999.0 22.7583181023 43.5279151787 20.5488508446 39.3141846087 203.801911648 237.253519984 270.492358893 883.680369983 15.0217608611 367.101321088 1371.08117838 1382.31011323 1832.64725903 12.2198770965 39.4823213864 128.431952476 12.8182404659 278.173638649 139.31521309 84.9528339344 71.3649442999 14.6489862332 45.2490268104 45.5689278254 30.3108957716 14.7177370916 48.3575130655 14.5526699453 14.2391401577 -9999.0 -9999.0 -9999.0 -9999.0 -9999.0 -9999.0 -9999.0 -9999.0 -9999.0 -9999.0 -9999.0 -9999.0 -9999.0 -9999.0 -9999.0 -9999.0 -9999.0 -9999.0 -9999.0 -9999.0 -9999.0
-9999.0 -9999.0 -9999.0 -9999.0 -9999.0 22.8016611321 65.8128627339 130.493821859 149.808295239 294.260734604 312.094022288 368.416646301 598.42911742 931.610027623 963.314349427 977.91923225 26.2150102283 1880.18774932 1904.74387564 1971.45334582 2430.8488886 318.227484918 292.319723544 98.8401784793 13.5646124271 85.4346414079 58.3747908911 12.3568466076 59.1417084406 13.5082800566 27.9115020609 76.3961451721 90.475952081 28.0242233299 13.6547670692 13.3732983706 -9999.0 -9999.0 -9999.0 -9999.0 12.9015477332 11.4497365166 -9999.0 -9999.0 -9999.0 -9999.0 -9999.0 -9999.0 -9999.0 -9999.0 -9999.0 -9999.0 -9999.0 -9999.0 -9999.0
-9999.0 -9999.0 -9999.0 -9999.0 -9999.0 21.9948855583 20.553209627 85.5729650809 105.315055405 125.810193834 19.2069881671 37.9497516285 216.448660818 38.0088053765 17.506781985 15.5235873422 13.6948835502 15.5464401877 14.6222831664 15.1806730142 2444.63008573 2483.73461157 12.7340609612 39.3884918095 26.9796819344 98.1414716551 25.0848071663 11.8331565202 72.8731512226 26.655427778 64.9902371226 158.480611149 145.784415813 41.4085220986 39.9779049893 13.9295103516 13.7639998137 -9999.0 -9999.0 13.6581015126 27.3419536414 62.9123711558 12.1916696862 -9999.0 -9999.0 -9999.0 -9999.0 -9999.0 -9999.0 -9999.0 -9999.0 -9999.0 -9999.0 -9999.0 -9999.0
-9999.0 -9999.0 -9999.0 -9999.0 -9999.0 -9999.0 22.5320465719 22.3716525145 42.3460713582 62.6460236498 141.393991499 180.12537047 199.425025225 19.834958872 15.2445037685 207.477325509 253.358116526 267.530551677 327.734193323 341.299472239 13.5870655609 2497.50479408 2562.45910354 51.5586333511 10.3740272609 109.580898547 241.744351853 96.207253488 24.128162941 12.2539526768 248.566181132 171.427630051 12.047469371 11.9358565753 52.2055244159 40.7621685863 12.6494139532 11.6573844972 13.2924593861 26.5660208198 12.5916927146 76.5825476327 88.3210348283 10.6923398159 -9999.0 -9999.0 -9999.0 -9999.0 12.606185526 11.7096690447 4.56849388587 -9999.0 -9999.0 -9999.0 -9999.0
-9999.0 -9999.0 -9999.0 -9999.0 -9999.0 -9999.0 -9999.0 21.6933637201 18.9593902515 39.9666411635 60.3034841479 19.5110854929 17.1012219305 109.53721741 143.128663654 177.60195096 15.9886334326 31.3504522497 15.5639346972 355.519034997 791.846849422 804.651164746 3393.61539433 12.9199083661 29.5421511814 9.13734057701 252.888401277 11.9653068432 36.5937509586 11.9316108518 260.553607305 272.626264515 24.2633359685 23.8943793391 132.123251258 66.6583711337 24.3582412269 12.7091990251 26.426151999 39.4807743932 63.7785532242 11.3364440562 109.55964982 120.174077869 9.61460958836 10.4099161475 10.8560278678 9.73474744267 9.26690915521 34.0955390778 14.3240947286 9.42817077944 -9999.0 -9999.0 -9999.0
-9999.0 -9999.0 -9999.0 -9999.0 -9999.0 -9999.0 -9999.0 -9999.0 39.9738244502 57.6502109005 19.2653928303 39.3922997088 57.5821622445 93.8045269425 18.4586318284 17.6582587956 15.0795572838 15.2456070972 13.7490037783 407.363269376 15.8937438443 30.8892792885 3439.19069366 3470.67147553 12.8001249099 55.1239776971 318.952919242 23.6641960192 47.1932865979 21.5430638391 31.7580914056 318.071164511 35.036275587 189.272369833 155.138668585 11.7606157914 61.580429379 25.1624076468 38.2521051735 11.571901966 74.6048965694 96.1083645002 105.394975925 114.138966011 156.529190173 18.3958471925 19.3910591518 17.56512706 16.5711120897 42.1437390135 8.21391664851 32.2236224192 39.8643283191 -9999.0 -9999.0
-9999.0 -9999.0 -9999.0 -9999.0 -9999.0 -9999.0 -9999.0 -9999.0 21.1270502282 99.3329130014 118.009181025 18.6753169959 36.434927159 17.7173854631 16.199894688 15.907217349 201.489588127 267.446600476 329.792942183 393.559940252 15.6218428491 15.3709809941 15.767502098 3541.34655373 3576.43839615 3589.82262582 426.604319861 93.8709280477 81.6180408038 9.57750491332 41.3882115431 369.557461343 9.89933535406 199.363938688 11.5762888049 81.2487860002 74.335388084 12.1761329533 50.0587919219 23.2461770888 34.5945030857 9.97047345669 8.50818522731 122.757019361 130.673415735 164.422808802 27.8546361251 25.5767917015 24.248381514 50.8212404513 67.4990038178 8.31995540725 48.0086355291 8.89155812719 16.88059164
-9999.0 -9999.0 -9999.0 -9999.0 -9999.0 -9999.0 -9999.0 -9999.0 -9999.0 21.7754846 137.953008014 156.308956448 54.3769659885 89.735050814 122.400405575 138.95596731 17.0395816671 50.8630486097 33.7319282255 17.468769809 16.9430282277 15.0763608993 30.1732334055 51.9082967464 18.234928108 4049.11210948 4062.35619729 12.1561764885 8.84660310867 19.8902592964 29.790761882 398.95865288 19.5287632964 208.090233228 124.992575339 103.513074299 11.4158378113 23.184564769 60.5465271072 10.4889176256 44.6497322084 19.6960466949 13.9195465692 6.05743318823 150.51113199 321.444683271 33.8022323623 31.6256986992 31.1003591097 6.86582154889 74.4005998899 6.68855571484 63.3127008113 7.77598844744 24.8360897645
-9999.0 -9999.0 -9999.0 -9999.0 -9999.0 -9999.0 -9999.0 -9999.0 -9999.0 -9999.0 18.370238202 193.258924586 17.7749948539 35.2846398604 51.1112414021 82.3310607258 15.9916967366 33.5045043249 16.3909677672 15.1450421339 14.2644559748 28.1765995274 12.6931917957 14.2791265059 28.6892591674 16.3502449163 4077.17894544 4102.7046283 4137.92828834 39.8891943458 10.3456274144 20.6321383805 409.782934313 383.122743506 147.046551059 10.8830823129 45.4040708911 34.19123289 71.0692420794 20.9251693605 84.7841758008 29.7439936564 21.8613723351 4.94945323421 6.6134063676 330.132642671 337.768090126 409.645867874 52.7845666081 14.2565749399 81.9599852742 96.0198102662 165.978947776 15.2940479503 7.15353446232
-9999.0 -9999.0 -9999.0 -9999.0 -9999.0 -9999.0 -9999.0 -9999.0 -9999.0 -9999.0 -9999.0 10.8818683402 216.451843163 16.7734931356 32.4776705205 146.014651264 16.0286454872 15.8053583423 13.7086103558 29.767720102 15.0001476712 57.8665428847 83.1951893022 94.5694511011 39.3347258272 50.2194058953 12.6604652729 15.1724781566 14.8946690134 4202.64961681 4233.51947065 419.044449313 401.837454481 392.55279462 18.5949068694 8.92860239764 55.2951137652 146.17093623 81.0042998628 30.6911129627 124.976817107 46.545903926 37.6501592381 9.53900650368 3.99146829023 3.50365267728 4.14712835461 432.936544196 507.979994199 6.93986193161 6.30051833742 6.96391397053 172.960514824 194.874957177 12.8308486269
-9999.0 -9999.0 -9999.0 -9999.0 -9999.0 -9999.0 -9999.0 -9999.0 -9999.0 -9999.0 -9999.0 10.1191092923 240.523195382 294.262855699 15.9367469238 177.533324237 14.6242314133 13.8025306689 28.1698897581 72.73247778 14.46245021 15.2961992997 12.6130991764 119.277432222 131.074698186 194.017390632 217.30298789 229.209573799 241.31624094 254.340988286 4501.30104628 4942.18125458 5364.45066895 5374.65839679 8.72403176287 9.02097347479 166.076730395 156.200243673 9.72626872967 9.75410405819 134.783576123 191.032724841 7.59402598119 91.0972355339 84.7920621719 21.2562196234 9.91500316203 16.8616373796 8.67815985318 522.429683927 7.41066737212 19.961673201 25.6100866314 238.806765796 256.158926975
-9999.0 -9999.0 -9999.0 -9999.0 -9999.0 -9999.0 -9999.0 -9999.0 -9999.0 -9999.0 -9999.0 19.8949637344 37.7292817082 311.598727822 341.969913967 15.1897056291 206.960734418 12.46004203 38.8333212342 86.079580442 28.038904244 13.5011302499 26.995755518 10.7324215995 21.0844738537 10.8002227908 9.83923916921 8.26825034922 7.67390914529 6.77849569993 6.56368876008 9.11480662135 10.9900423227 13.2274945477 5407.28513506 200.215916112 183.084349025 7.91212801159 27.7853531219 8.22978142312 7.53946125326 199.778690613 317.351604299 100.918207356 76.023805692 13.0524505441 5.37042876998 4.70809881739 11.1231959583 540.833959827 554.672396028 7.24867984694 7.463998579 6.21516929609 4.84430304015
-9999.0 -9999.0 -9999.0 -9999.0 -9999.0 -9999.0 -9999.0 -9999.0 -9999.0 -9999.0 -9999.0 -9999.0 16.5407910237 231.898439789 590.165890815 639.132271797 860.387085959 874.861553111 194.056736043 141.682706045 41.7982066498 13.2780104674 53.0724278265 65.3198180035 97.5313204755 22.3057927632 20.3632872813 19.0653159716 37.1359071452 16.9277300502 16.1449303567 8.31330562205 5.93662797651 5.78180005432 5417.77756594 5624.42680966 5634.63412289 8.29452450544 78.5895819141 34.4447416681 9.52173709635 347.474013574 21.5125581716 11.2035546205 46.151980976 9.32211970904 7.17077538963 13.5489943303 19.3855946139 26.059686794 566.22494516 5.44900047456 4.73813489872 4.73337917157 3.53235424792
-9999.0 -9999.0 -9999.0 -9999.0 -9999.0 -9999.0 -9999.0 -9999.0 -9999.0 -9999.0 -9999.0 18.6133799246 177.595069853 214.775806423 33.7887830372 11.3216699629 25.1578800589 914.268315093 927.608827725 1135.93869552 12.0440202344 25.1574079399 10.9544074325 11.1589707341 108.566457951 141.864941439 172.220569467 9.75886661307 46.8924924813 73.3443561632 42.4443168002 17.4373539969 13.1959102169 11.5953551585 11.8832525428 6.02191504971 5643.3204789 5650.47832243 5742.85974941 15.9020872903 8.36293261461 356.53152973 22.6379392673 11.7155780001 12.8009074559 12.6945965706 11.0132153254 18.852375711 53.763789744 87.1100990688 658.920841532 4.05840587895 12.2805438095 8.35921116439 6.82582491147
-9999.0 -9999.0 -9999.0 -9999.0 -9999.0 -9999.0 -9999.0 -9999.0 -9999.0 -9999.0 -9999.0 19.1367583608 124.39162718 19.1497467433 16.4742761149 88.0236138673 102.840562573 117.570641146 131.193166752 1540.12509351 1552.5821636 1576.762949 1757.75727042 1791.64244352 1810.94288978 1822.43580329 2019.4023641 2046.36731732 2057.02805 2141.68582189 2195.06344537 2204.26488888 2234.25244245 19.9866121607 18.018269878 3.95801770865 4.04685860073 5657.8490751 5773.04785817 23.3742735122 415.467809637 407.626346179 41.9444469823 9.88153724133 9.92666584622 9.48511376279 9.61074991991 19.3694453987 27.673668875 8.0162207454 664.254002824 669.983502917 695.532480312 700.215039176 711.432718778
-9999.0 -9999.0 -9999.0 -9999.0 -9999.0 -9999.0 -9999.0 -9999.0 -9999.0 -9999.0 -9999.0 64.4961192983 85.0955532977 38.7556117313 56.7390584783 17.6902350835 200.658679979 216.030007782 246.564337986 259.270439646 100.200155671 1697.51931854 1710.24759268 11.024346962 7.86615603447 7.37545312701 15.8332452401 7.68400200714 6.1670565903 5.75044984281 5.87492065331 2212.74259692 2242.97278268 2272.50109805 2298.49962797 2313.84045799 6.77769854286 2.18249980077 6209.0614959 429.597303307 423.894143954 8.69452450725 7.80562944436 7.15397016037 17.1428528585 16.708519602 7.67344970166 7.74005390815 7.1733559564 14.9945898827 19.7531021699 3.79394821289 6.88647414675 2.49318372528 1.53544502192
-9999.0 -9999.0 -9999.0 -9999.0 -9999.0 -9999.0 -9999.0 -9999.0 -9999.0 -9999.0 -9999.0 -9999.0 43.5195314005 20.1792219485 18.1337735903 169.833375121 185.860901605 15.9831631683 61.6368269321 76.0574319627 88.4622436276 14.0858759675 10.3738113026 252.258483083 260.90580296 269.049522541 698.917391959 705.294906001 716.988089516 775.498182649 808.147779588 813.001936909 5.13373277357 5.48572228624 4.97102676511 2324.22749222 3.88019720922 6281.24107116 6274.11735526 59.4878182001 52.4942203432 32.363225675 8.04636076486 14.1670479746 24.3232422742 23.9556092861 14.8505743643 7.3541246929 14.3780049145 14.1906713121 25.8987798879 4.36224830416 10.8554740326 17.7597939993 21.1933766502
-9999.0 -9999.0 -9999.0 -9999.0 -9999.0 -9999.0 -9999.0 -9999.0 -9999.0 -9999.0 -9999.0 -9999.0 22.4292041108 60.9975513378 79.2948490685 134.512044131 15.7988804555 32.1022307412 47.2859528955 184.824327687 197.23322342 207.534987488 218.838239239 232.395482718 365.328236075 403.129755574 423.327868228 8.03573630631 45.7415739518 53.6061889453 792.463315926 819.568948945 832.215494892 845.389310701 854.979663858 3184.55347379 6.02961390516 6302.79486984 9.18248358873 4.28210741261 44.3723162273 38.6276126259 5.24213537142 20.5813240073 30.7078403893 30.1745735922 20.6031883318 33.7891904328 53.4489551002 19.9966655227 51.2942328625 4.04875118815 6.81935548447 1.31285331309 1.02388681787
