data/baseflow/mHMbf_acc253.asc
ncols                  80
nrows                 72
xllcorner      4374000.0
yllcorner      5656000.0
cellsize            500
NODATA_value       -9999
[rows 0 to 24 of 72, columns 0 to 54 of 80]
-9999.0 -9999.0 -9999.0 -9999.0 -9999.0 -9999.0 -9999.0 -9999.0 -9999.0 -9999.0 -9999.0 -9999.0 20.5272797898 17.1726863395 -9999.0 -9999.0 -9999.0 -9999.0 -9999.0 -9999.0 -9999.0 -9999.0 -9999.0 -9999.0 -9999.0 -9999.0 -9999.0 -9999.0 -9999.0 -9999.0 -9999.0 -9999.0 -9999.0 -9999.0 -9999.0 -9999.0 -9999.0 -9999.0 -9999.0 -9999.0 -9999.0 -9999.0 -9999.0 -9999.0 -9999.0 -9999.0 -9999.0 -9999.0 -9999.0 -9999.0 -9999.0 -9999.0 -9999.0 -9999.0 -9999.0
-9999.0 -9999.0 -9999.0 -9999.0 -9999.0 -9999.0 -9999.0 -9999.0 -9999.0 -9999.0 -9999.0 -9999.0 41.4701204344 90.0389649018 14.3802649453 -9999.0 12.0669249982 -9999.0 -9999.0 -9999.0 -9999.0 -9999.0 -9999.0 -9999.0 -9999.0 -9999.0 -9999.0 -9999.0 -9999.0 -9999.0 -9999.0 -9999.0 -9999.0 -9999.0 -9999.0 -9999.0 -9999.0 -9999.0 -9999.0 -9999.0 -9999.0 -9999.0 -9999.0 -9999.0 -9999.0 -9999.0 -9999.0 -9999.0 -9999.0 -9999.0 -9999.0 -9999.0 -9999.0 -9999.0 -9999.0
-9999.0 -9999.0 -9999.0 -9999.0 -9999.0 -9999.0 -9999.0 -9999.0 -9999.0 -9999.0 20.504355308 19.616124819 20.3822277424 19.7823402788 127.773857034 142.418565027 33.7278687627 10.7342470939 -9999.0 -9999.0 -9999.0 -9999.0 -9999.0 -9999.0 -9999.0 -9999.0 -9999.0 -9999.0 -9999.0 -9999.0 -9999.0 -9999.0 -9999.0 -9999.0 -9999.0 -9999.0 -9999.0 -9999.0 -9999.0 -9999.0 -9999.0 -9999.0 -9999.0 -9999.0 -9999.0 -9999.0 -9999.0 -9999.0 -9999.0 -9999.0 -9999.0 -9999.0 -9999.0 -9999.0 -9999.0
-9999.0 -9999.0 -9999.0 -9999.0 -9999.0 -9999.0 -9999.0 -9999.0 -9999.0 19.7042543606 40.1262434127 79.5493680523 39.3443227761 19.1469477843 37.9040747289 160.773249488 220.248154254 12.3673942745 -9999.0 19.9540785457 -9999.0 -9999.0 -9999.0 -9999.0 23.4406822582 11.9085123337 -9999.0 -9999.0 -9999.0 -9999.0 -9999.0 -9999.0 -9999.0 -9999.0 -9999.0 -9999.0 -9999.0 -9999.0 -9999.0 -9999.0 -9999.0 -9999.0 -9999.0 -9999.0 -9999.0 -9999.0 -9999.0 -9999.0 -9999.0 -9999.0 -9999.0 -9999.0 -9999.0 -9999.0 -9999.0
-9999.0 -9999.0 -9999.0 -9999.0 -9999.0 -9999.0 -9999.0 -9999.0 21.7984795206 62.1051724019 81.1704192616 100.392438794 137.797422674 18.4990557095 74.3008277995 92.3562085348 341.415626893 15.0854593665 16.5406841221 37.9409027334 55.3457291516 18.0447058894 -9999.0 61.5359173582 50.330948737 13.9285216934 -9999.0 -9999.0 -9999.0 -9999.0 -9999.0 -9999.0 -9999.0 -9999.0 -9999.0 -9999.0 -9999.0 -9999.0 -9999.0 -9999.0 -9999.0 -9999.0 -9999.0 -9999.0 -9999.0 -9999.0 -9999.0 -9999.0 -9999.0 -9999.0 -9999.0 -9999.0 -9999.0 -9999.0 -9999.0
-9999.0 -9999.0 -9999.0 -9999.0 -9999.0 -9999.0 21.7686672391 20.0583239943 19.6177129941 19.8630582219 19.9929403338 140.551086877 297.844395289 317.152978482 334.923756014 18.0110307055 375.666513945 392.292261484 34.1649987682 17.6586271571 72.4251080879 125.500038621 16.4834847403 110.260710754 17.3352714897 16.4898371907 17.8373457691 -9999.0 -9999.0 -9999.0 -9999.0 -9999.0 -9999.0 -9999.0 -9999.0 -9999.0 -9999.0 -9999.0 -9999.0 -9999.0 -9999.0 -9999.0 -9999.0 -9999.0 -9999.0 -9999.0 -9999.0 -9999.0 -9999.0 -9999.0 -9999.0 -9999.0 -9999.0 -9999.0 -9999.0
-9999.0 -9999.0 -9999.0 -9999.0 -9999.0 -9999.0 43.4900535909 64.178422283 145.35282218 203.564311052 18.5082562982 19.2012293953 18.4340380287 54.0718264864 405.798716868 16.3935522131 408.818754361 474.815386655 50.7047821697 33.8194539959 141.776616661 17.4376129992 127.479112578 33.3621314749 16.4910217036 32.4823298089 35.3286848884 18.3432457359 18.8226433379 18.5440833567 19.1415025291 38.4285959136 -9999.0 -9999.0 -9999.0 -9999.0 -9999.0 -9999.0 -9999.0 -9999.0 -9999.0 -9999.0 -9999.0 -9999.0 -9999.0 -9999.0 -9999.0 -9999.0 -9999.0 -9999.0 -9999.0 -9999.0 -9999.0 -9999.0 -9999.0
-9999.0 -9999.0 -9999.0 -9999.0 -9999.0 23.0056912686 44.9085016359 21.6684923931 42.1502337053 224.292665657 262.949341488 301.492150658 964.083343309 17.9481847585 423.471634293 1527.028509 1540.96623264 2040.02578051 14.8393180832 50.0600585076 158.176950508 16.2907314498 313.485191453 169.235065743 101.803712857 84.9992249104 17.1919758982 54.5462918241 55.136060168 36.815796625 17.9400733392 56.8714063618 17.8150061168 17.6555728742 -9999.0 -9999.0 -9999.0 -9999.0 -9999.0 -9999.0 -9999.0 -9999.0 -9999.0 -9999.0 -9999.0 -9999.0 -9999.0 -9999.0 -9999.0 -9999.0 -9999.0 -9999.0 -9999.0 -9999.0 -9999.0
-9999.0 -9999.0 -9999.0 -9999.0 -9999.0 23.2200303651 67.844519771 134.854810633 155.821079049 309.237033152 329.402701295 391.939501602 644.848919216 1017.843197 1054.09550883 1070.79432283 32.3504074133 2098.37927426 2128.67673845 2212.45181538 2750.07207648 363.299297491 330.728263262 118.918929824 16.8359644987 103.602257036 70.6320222083 15.7146509607 71.9560771456 16.723867911 34.0950151917 91.3430551279 108.629344967 34.8209327367 16.9828648172 17.0759718583 -9999.0 -9999.0 -9999.0 -9999.0 12.55826991 10.9326091359 -9999.0 -9999.0 -9999.0 -9999.0 -9999.0 -9999.0 -9999.0 -9999.0 -9999.0 -9999.0 -9999.0 -9999.0 -9999.0
-9999.0 -9999.0 -9999.0 -9999.0 -9999.0 22.6603269875 21.885303652 89.9348336938 111.110300762 132.874604071 21.1697850956 42.0417181356 237.006740718 41.8097170253 19.8862568354 18.5842523052 16.8196405734 18.5477904859 17.8284225274 18.1771060268 2766.85807712 2815.78703916 16.1446301862 49.5296986624 33.5632692656 119.669468096 31.5630289384 15.1285255347 88.8936928209 33.1718958832 80.1499502781 192.577327965 177.097032764 51.4173514745 50.2908668261 17.3013053716 17.3821358606 -9999.0 -9999.0 17.6161156843 27.3295845042 61.0562284421 11.4815994182 -9999.0 -9999.0 -9999.0 -9999.0 -9999.0 -9999.0 -9999.0 -9999.0 -9999.0 -9999.0 -9999.0 -9999.0
-9999.0 -9999.0 -9999.0 -9999.0 -9999.0 -9999.0 23.4536980274 23.2124590041 45.1953922838 67.2875121249 153.597498052 196.291725539 217.552827567 21.7850349577 18.2748782196 238.320454659 293.083547807 310.58973223 382.822640124 399.849435439 16.7950775153 2832.53569061 2915.13625198 66.2802614216 16.5853534358 135.441514381 300.031911475 118.706645816 31.0970287937 15.7774068508 304.128188457 208.642765358 15.4153953776 15.5040829037 66.0267617246 51.2467294684 16.2313779461 15.3779696594 17.1361962884 34.447005012 16.8780061606 74.2043681024 90.2712175776 14.9122017743 -9999.0 -9999.0 -9999.0 -9999.0 17.2128273039 16.4268049047 6.23832431027 -9999.0 -9999.0 -9999.0 -9999.0
-9999.0 -9999.0 -9999.0 -9999.0 -9999.0 -9999.0 -9999.0 23.0441571083 21.3548359453 43.6781095628 65.5734449194 21.5525917047 19.9916070914 123.57854292 162.552528252 202.134990091 18.6277518966 37.2126056124 18.2804404583 417.109402224 913.894101286 925.899149491 3871.04116954 16.3583708759 48.3449062656 15.6080462803 314.614503055 15.2406001568 47.0514834545 15.4758369896 319.406853437 334.692536355 30.9434356754 30.9638906146 167.001732244 84.2755059755 31.4896811171 16.2443311981 34.2794421009 51.3522840685 84.1879760741 15.6670018989 119.743602171 133.545374919 12.8993593291 14.0432487438 14.4594888711 13.1572253296 12.7372531111 48.0081430757 21.2386638228 14.4094194505 -9999.0 -9999.0 -9999.0
-9999.0 -9999.0 -9999.0 -9999.0 -9999.0 -9999.0 -9999.0 -9999.0 44.1323024372 65.0596642436 21.4475713609 43.341269541 63.682841501 104.784010796 20.8489489174 20.3211919679 18.1884678768 18.450891201 17.1460643939 462.195398375 18.3261529941 36.1205821957 3920.26378497 3952.74159813 14.391002696 77.2928895905 406.138678156 30.278412238 61.1833929446 28.7281193766 42.40154974 393.631910087 45.2120133418 242.134909061 197.343652689 15.3989850514 79.9573116514 32.5235161071 50.4922284115 16.0905428529 99.3635468913 129.176292851 141.509030643 153.22222307 182.855392927 25.0194346472 26.2724181497 24.1407024627 23.1629704822 60.3315113111 12.9299975588 49.0785123553 61.9363162414 -9999.0 -9999.0
-9999.0 -9999.0 -9999.0 -9999.0 -9999.0 -9999.0 -9999.0 -9999.0 22.7354483453 109.956602954 131.009756214 21.1119269745 41.4235305478 20.3126975377 19.4366870103 19.1065724382 234.935368761 311.612075253 381.717153868 449.47922949 16.364908261 18.0316338255 18.1939933768 4030.29414653 4064.65516 4078.09158466 542.533041332 120.811266804 105.609817259 12.953000854 55.7589666482 462.974148018 13.6530125228 255.86318069 15.3160230653 105.308898645 96.4543050183 16.0832422615 66.5874511857 32.1203324279 48.0784765198 14.4062919645 11.5823525182 164.791820806 175.686376781 193.722581535 38.0020090433 35.3395075188 34.2113796046 73.717776524 99.7905445983 13.000542332 75.2176814379 14.1425383239 27.4298213146
-9999.0 -9999.0 -9999.0 -9999.0 -9999.0 -9999.0 -9999.0 -9999.0 -9999.0 22.8555228869 152.650914021 173.534564767 61.8966049743 102.385577953 141.13953176 160.49921408 19.5073474358 58.5220334276 38.8648307882 19.5575632599 19.3736540967 18.0212856775 35.4537946516 61.1233043805 19.5910443677 4654.86496572 4669.78590996 13.2154289261 11.3076551169 26.7686889479 40.1099229254 502.851688603 26.7074766819 268.037002112 164.031984804 135.006925852 15.4664694219 31.2914331364 81.648309668 14.9992500888 62.9469215123 28.7168831622 21.1902052862 11.2185447675 209.013121151 411.936216983 46.6086612677 44.1248430166 45.1313947367 11.2163102673 111.014979398 10.979438372 100.058555832 12.8820857211 40.4385390222
-9999.0 -9999.0 -9999.0 -9999.0 -9999.0 -9999.0 -9999.0 -9999.0 -9999.0 -9999.0 20.5851589206 214.981283974 20.407361915 40.5572451253 59.4446018647 97.0962816363 19.1666518321 39.019020433 19.4429319967 18.5035466192 17.5156480343 34.5824132767 15.8620925149 17.2147961708 33.7530094346 18.5543827269 4684.68677147 4711.69973368 4751.24278537 52.7511931247 13.940006048 27.7799579479 517.132171822 500.479015887 193.524094478 14.6984878845 61.7385526975 46.4725910881 96.7470710937 30.0397893303 121.407415294 43.4019667665 34.2970545524 11.7643224821 12.2069136391 424.114728777 434.743339665 534.697206796 80.2212279456 23.1568610849 122.987535795 145.698440266 256.993366293 25.3012248488 12.2151509193
-9999.0 -9999.0 -9999.0 -9999.0 -9999.0 -9999.0 -9999.0 -9999.0 -9999.0 -9999.0 -9999.0 13.2851442159 243.591328556 19.4797428148 38.1104997667 172.230505892 18.8399101202 18.7233960007 16.9938962008 36.3776316946 17.857951761 69.985482219 101.442070903 115.985092026 47.1507859882 58.755357601 13.5134553959 16.8459179753 16.1282046878 4833.1978941 4874.30531667 529.577175884 525.579839567 513.073102822 25.9902087804 12.690963952 75.7842553965 200.953241711 111.157796674 44.3695240866 179.759946787 85.5655211078 72.1586652717 24.1799699662 10.0659658881 8.98682225856 9.48876706128 580.405992814 694.924582248 11.4446529307 10.4409239911 11.3822877067 268.447855166 305.122766975 22.5772247958
-9999.0 -9999.0 -9999.0 -9999.0 -9999.0 -9999.0 -9999.0 -9999.0 -9999.0 -9999.0 -9999.0 12.4632894276 272.427020107 332.775318077 18.7414350663 209.473680731 17.5102808772 17.1039685069 34.5884632812 88.7871316027 17.5616801019 18.2051632858 15.7087935535 146.865394692 161.867073652 236.299348742 263.757053092 278.678076684 291.914036662 309.904515668 5198.86247115 5755.88121108 6306.01783113 6315.79387359 11.0747283839 12.817974807 229.093908271 215.137230314 14.1671494953 14.1605872783 193.957048776 293.508186418 12.8290276568 165.023994287 151.848330076 48.6181933688 21.9097062676 35.4038282259 12.4922818352 716.024378781 10.7724481177 32.396396457 41.2207537613 380.120360344 414.657399651
-9999.0 -9999.0 -9999.0 -9999.0 -9999.0 -9999.0 -9999.0 -9999.0 -9999.0 -9999.0 -9999.0 21.6446594431 41.5121696828 352.324717231 388.115633147 17.8617678297 240.817733569 15.5162954826 48.2603036685 105.041274818 34.0823448504 16.4728253467 32.9238937532 13.7510577835 27.3707943938 14.2040447699 13.7851536184 13.6366934853 13.5010256474 13.0572012236 12.5633107753 14.6434407652 15.7050886832 15.6231239458 6354.61368488 270.718439772 249.052610146 9.43943467581 40.9299224362 12.3831838042 10.7708428394 306.589996188 512.245758325 179.311734471 128.826486061 28.5143500183 12.1233481471 11.1613046784 21.4726374263 747.958098098 767.58766719 10.2064404984 10.5565869729 11.3814988597 12.0985962655
-9999.0 -9999.0 -9999.0 -9999.0 -9999.0 -9999.0 -9999.0 -9999.0 -9999.0 -9999.0 -9999.0 -9999.0 19.4309580169 252.99362735 659.882072669 715.72745301 972.34635965 985.954619853 233.701543809 172.58503459 50.8581335797 16.3080391819 64.9718030995 80.1692480453 121.909211688 28.8840935364 27.7585885224 27.7909163031 55.0888411443 26.6739540256 26.0022278877 13.5427952719 13.4715401807 11.9256509731 6368.27844204 6649.36622689 6660.47580702 9.50611229167 111.290732585 50.5490449991 14.0208076403 555.136278309 30.0455309991 15.4113341749 65.3810200421 15.5241265604 12.6497684109 23.3784293619 32.5180954939 42.3719319565 784.472182981 8.07855973581 7.24107721036 7.33295858246 6.58784905926
-9999.0 -9999.0 -9999.0 -9999.0 -9999.0 -9999.0 -9999.0 -9999.0 -9999.0 -9999.0 -9999.0 20.7240138998 192.893596166 233.520464798 37.9940383037 13.4680364237 29.7247326547 1032.4800746 1045.91543275 1292.8593768 15.019454123 31.2108886751 14.1187469135 14.3258760436 136.072423905 179.094340088 220.149438506 13.1838939785 68.2730822937 107.904260426 64.8329730893 26.2759814211 25.6791963253 24.6139496637 23.6668710094 10.5697501167 6669.73947918 6677.25344972 6805.06813002 24.1955802216 12.6410194574 564.894727944 31.5534802702 16.0731890833 17.0851436698 16.9367562861 15.6641434084 29.1427837378 81.6383760366 134.614328172 927.382622871 6.27494311586 19.0514520606 13.049801171 11.8782767609
-9999.0 -9999.0 -9999.0 -9999.0 -9999.0 -9999.0 -9999.0 -9999.0 -9999.0 -9999.0 -9999.0 21.1613234302 132.470361682 20.7074587096 18.7331435873 96.6599249446 113.787907257 130.940380541 147.181448533 1745.51399914 1760.24344969 1789.86743109 2007.78447517 2052.15692018 2079.11850146 2093.57221406 2351.84918962 2391.37251415 2405.00552603 2527.39090964 2606.20798176 2618.98872167 2670.86459385 36.8964513019 36.1875356656 9.8918862775 8.59476265656 6686.00462303 6847.37095073 34.3906499646 645.498196941 634.36980634 60.1528490658 14.6211399113 15.0108771232 14.6401053028 14.4600310374 29.0417144165 41.9683560629 12.1108590899 935.226681144 943.524627651 982.908332547 989.929213597 1008.4587969
-9999.0 -9999.0 -9999.0 -9999.0 -9999.0 -9999.0 -9999.0 -9999.0 -9999.0 -9999.0 -9999.0 67.8519348401 89.6994774789 41.7788255422 61.4273957411 19.424667588 219.91849715 237.465208452 272.20143906 289.233133197 117.218740703 1932.22993052 1948.02094794 15.4357388761 12.5540918198 12.8807646997 26.5084270449 14.2577887425 13.4080219205 13.1135456555 12.6943949962 2632.96357255 2684.45456061 2732.77138199 2779.30971006 2812.1740618 15.5764368058 5.1651243171 7519.76465278 664.892212039 657.118631482 12.9687274638 11.9084601993 11.2211117152 26.7280354395 26.3223065305 12.4788213301 12.5312657129 11.7948892317 23.7420384373 31.2502484343 5.7794063472 10.8302658764 4.67223631391 4.64307583786
-9999.0 -9999.0 -9999.0 -9999.0 -9999.0 -9999.0 -9999.0 -9999.0 -9999.0 -9999.0 -9999.0 -9999.0 45.7269771204 21.475132211 19.8946837706 184.804989795 202.823488497 18.0374185675 69.8884638415 86.7068382736 102.673979149 17.2401909709 13.7341663127 295.23528134 306.932114843 318.63823112 817.819424597 828.914612445 853.108466589 942.556334375 1010.81169874 1022.25833989 12.4879491031 12.8360744162 11.0890571083 2823.89340965 5.63515534107 7632.33546795 7622.7122586 95.5068868152 85.8800996553 49.8042091449 12.6073566242 22.2202131844 38.1181831174 37.776502723 24.3746543766 12.1298967834 23.7657122791 23.5943246922 41.8193265671 9.07358845274 20.102213303 31.9727979622 42.0464142044
-9999.0 -9999.0 -9999.0 -9999.0 -9999.0 -9999.0 -9999.0 -9999.0 -9999.0 -9999.0 -9999.0 -9999.0 23.4112912363 65.3934152335 85.4197454024 145.832020694 17.777174338 36.1699457443 53.4395172867 206.718724818 222.851276498 239.382329782 254.431107388 269.687867494 415.152594348 460.766062213 488.811504568 13.7966194173 65.4802771235 79.5129449302 976.180812252 1034.76033211 1062.1117753 1089.81202215 1111.94062902 3941.75024125 5.3675690958 7663.20790545 19.2904170107 9.8238378483 73.4213338994 61.3636212385 10.9922369694 33.2659110961 48.8264777161 48.0832991448 34.167277927 56.3468355961 89.2877402681 33.6693181386 84.7879481908 9.12187334013 16.2121573509 4.13325260568 3.36171166641
