data/baseflow/mHMbf_acc606.asc
ncols                  80
nrows                 72
xllcorner      4374000.0
yllcorner      5656000.0
cellsize            500
NODATA_value       -9999
[rows 0 to 24 of 72, columns 0 to 54 of 80]
-9999.0 -9999.0 -9999.0 -9999.0 -9999.0 -9999.0 -9999.0 -9999.0 -9999.0 -9999.0 -9999.0 -9999.0 19.3952130823 18.3197728444 -9999.0 -9999.0 -9999.0 -9999.0 -9999.0 -9999.0 -9999.0 -9999.0 -9999.0 -9999.0 -9999.0 -9999.0 -9999.0 -9999.0 -9999.0 -9999.0 -9999.0 -9999.0 -9999.0 -9999.0 -9999.0 -9999.0 -9999.0 -9999.0 -9999.0 -9999.0 -9999.0 -9999.0 -9999.0 -9999.0 -9999.0 -9999.0 -9999.0 -9999.0 -9999.0 -9999.0 -9999.0 -9999.0 -9999.0 -9999.0 -9999.0
-9999.0 -9999.0 -9999.0 -9999.0 -9999.0 -9999.0 -9999.0 -9999.0 -9999.0 -9999.0 -9999.0 -9999.0 37.8083673048 90.9019085393 16.1603455522 -9999.0 14.3695738217 -9999.0 -9999.0 -9999.0 -9999.0 -9999.0 -9999.0 -9999.0 -9999.0 -9999.0 -9999.0 -9999.0 -9999.0 -9999.0 -9999.0 -9999.0 -9999.0 -9999.0 -9999.0 -9999.0 -9999.0 -9999.0 -9999.0 -9999.0 -9999.0 -9999.0 -9999.0 -9999.0 -9999.0 -9999.0 -9999.0 -9999.0 -9999.0 -9999.0 -9999.0 -9999.0 -9999.0 -9999.0 -9999.0
-9999.0 -9999.0 -9999.0 -9999.0 -9999.0 -9999.0 -9999.0 -9999.0 -9999.0 -9999.0 16.8876137741 16.3891219178 17.2576369252 16.9908056869 122.826783115 138.578891324 39.0364126486 12.3366256531 -9999.0 -9999.0 -9999.0 -9999.0 -9999.0 -9999.0 -9999.0 -9999.0 -9999.0 -9999.0 -9999.0 -9999.0 -9999.0 -9999.0 -9999.0 -9999.0 -9999.0 -9999.0 -9999.0 -9999.0 -9999.0 -9999.0 -9999.0 -9999.0 -9999.0 -9999.0 -9999.0 -9999.0 -9999.0 -9999.0 -9999.0 -9999.0 -9999.0 -9999.0 -9999.0 -9999.0 -9999.0
-9999.0 -9999.0 -9999.0 -9999.0 -9999.0 -9999.0 -9999.0 -9999.0 -9999.0 16.3701734763 33.2569093576 66.0781805983 33.2185538216 16.1297583227 31.5364829108 153.672619618 220.844180482 13.7444576254 -9999.0 16.6961559561 -9999.0 -9999.0 -9999.0 -9999.0 27.0148348436 13.9184992541 -9999.0 -9999.0 -9999.0 -9999.0 -9999.0 -9999.0 -9999.0 -9999.0 -9999.0 -9999.0 -9999.0 -9999.0 -9999.0 -9999.0 -9999.0 -9999.0 -9999.0 -9999.0 -9999.0 -9999.0 -9999.0 -9999.0 -9999.0 -9999.0 -9999.0 -9999.0 -9999.0 -9999.0 -9999.0
-9999.0 -9999.0 -9999.0 -9999.0 -9999.0 -9999.0 -9999.0 -9999.0 18.4103562074 51.9676247279 67.5861006894 83.3281181785 114.424226147 14.6399887901 59.756453469 73.8093146698 323.940066361 14.9330221742 13.9479588394 30.8674590093 44.8224763745 14.572268388 -9999.0 69.2260152685 56.9072638159 15.5366748804 -9999.0 -9999.0 -9999.0 -9999.0 -9999.0 -9999.0 -9999.0 -9999.0 -9999.0 -9999.0 -9999.0 -9999.0 -9999.0 -9999.0 -9999.0 -9999.0 -9999.0 -9999.0 -9999.0 -9999.0 -9999.0 -9999.0 -9999.0 -9999.0 -9999.0 -9999.0 -9999.0 -9999.0 -9999.0
-9999.0 -9999.0 -9999.0 -9999.0 -9999.0 -9999.0 17.889934204 16.5365373908 16.0970339591 16.3923471914 16.6011690574 116.827205069 247.036078405 262.543933633 274.271568899 10.6207438787 348.426524073 361.689042981 27.2819684618 14.0065404506 58.504131597 100.904892072 15.2888922319 117.018941251 16.3153026461 16.8208787596 17.0450001275 -9999.0 -9999.0 -9999.0 -9999.0 -9999.0 -9999.0 -9999.0 -9999.0 -9999.0 -9999.0 -9999.0 -9999.0 -9999.0 -9999.0 -9999.0 -9999.0 -9999.0 -9999.0 -9999.0 -9999.0 -9999.0 -9999.0 -9999.0 -9999.0 -9999.0 -9999.0 -9999.0 -9999.0
-9999.0 -9999.0 -9999.0 -9999.0 -9999.0 -9999.0 35.8060622348 52.9816826314 119.905335928 167.483558965 14.5759019074 15.0505449394 14.2523891956 40.6653776286 327.556326383 11.0196372307 372.837385045 419.869155342 37.9866137263 26.0546929434 113.432917469 13.5781763484 130.757272361 28.8438690725 14.9902117458 31.3825186955 33.6146631382 16.4555429888 16.7687699024 16.3428107226 17.7795790664 35.5843199051 -9999.0 -9999.0 -9999.0 -9999.0 -9999.0 -9999.0 -9999.0 -9999.0 -9999.0 -9999.0 -9999.0 -9999.0 -9999.0 -9999.0 -9999.0 -9999.0 -9999.0 -9999.0 -9999.0 -9999.0 -9999.0 -9999.0 -9999.0
-9999.0 -9999.0 -9999.0 -9999.0 -9999.0 19.5803626998 37.768190797 18.0703841123 35.0874864395 184.807763746 215.832601399 246.542889969 783.308706054 12.7038822871 341.181251736 1227.85252771 1236.08730006 1670.26686815 8.99887943694 37.6816387898 126.036709739 12.4771219927 294.98825357 150.873761654 95.066420125 80.1684182144 16.3325516945 49.2135949056 48.8635453867 32.5421659759 16.1877453082 52.2747399792 16.4041070784 16.1537204939 -9999.0 -9999.0 -9999.0 -9999.0 -9999.0 -9999.0 -9999.0 -9999.0 -9999.0 -9999.0 -9999.0 -9999.0 -9999.0 -9999.0 -9999.0 -9999.0 -9999.0 -9999.0 -9999.0 -9999.0 -9999.0
-9999.0 -9999.0 -9999.0 -9999.0 -9999.0 19.6231648727 56.9859963205 113.2111268 130.341610921 257.536430883 273.562652534 323.693003692 523.718392156 821.795516821 850.213505136 863.247418008 22.7941500544 1710.12328749 1729.44298016 1790.8971815 2261.00281385 332.86306741 308.599160104 108.481083367 13.5658571593 93.5080554134 64.0746809878 14.3123060036 63.475929824 12.6598629116 28.4276105636 82.1438191683 97.8182885577 31.5924815931 15.930019321 15.4548922351 -9999.0 -9999.0 -9999.0 -9999.0 13.7118033817 12.143927871 -9999.0 -9999.0 -9999.0 -9999.0 -9999.0 -9999.0 -9999.0 -9999.0 -9999.0 -9999.0 -9999.0 -9999.0 -9999.0
-9999.0 -9999.0 -9999.0 -9999.0 -9999.0 19.0116625378 18.0599122826 75.1346357439 92.560668031 110.538352022 17.0238829165 33.7127623635 189.457492568 31.010129838 15.6086405012 14.3022897368 12.6809055123 13.1533893702 12.2894420659 13.746438445 2272.7376124 2310.04142096 12.478395899 39.2811666166 27.0082688168 106.811986926 28.8032794779 13.9270070382 78.5477724122 25.6867996206 63.3258524429 173.400070318 160.639318159 47.3518806095 47.3690778316 15.889186431 16.0448181591 -9999.0 -9999.0 16.2211041616 30.3036409611 67.9539537424 12.8964735215 -9999.0 -9999.0 -9999.0 -9999.0 -9999.0 -9999.0 -9999.0 -9999.0 -9999.0 -9999.0 -9999.0 -9999.0
-9999.0 -9999.0 -9999.0 -9999.0 -9999.0 -9999.0 19.4749922228 19.6543132452 37.2480493598 55.1431362545 124.039064849 158.43095523 174.172027656 15.1256756263 13.7924227546 187.679300435 229.907833032 243.060912301 298.048493233 310.609013057 12.6517299846 2322.88034118 2385.22628087 49.5669195898 6.77300698261 117.621933454 264.72169943 105.626923576 26.2017470384 12.9753287582 263.132999309 187.149916964 14.1367341366 13.7138182966 61.8001088952 46.6670887418 15.6206256647 15.2069690879 15.6704277249 31.5500259238 15.3720714975 82.4467818149 98.1773116443 14.9266356233 -9999.0 -9999.0 -9999.0 -9999.0 17.1021279234 16.2880580397 4.47602542372 -9999.0 -9999.0 -9999.0 -9999.0
-9999.0 -9999.0 -9999.0 -9999.0 -9999.0 -9999.0 -9999.0 19.1353041335 16.1312274705 34.4832141039 52.3646974314 17.3176408226 14.3863708889 97.6627447715 128.662635365 160.239243764 14.6408470084 28.4275695975 14.0691006483 323.605544977 731.582061677 743.786404089 3154.96922267 12.2847822499 20.5919622844 6.36138298506 277.172490612 12.6417591852 39.3678627693 12.8651123544 276.717566761 290.167662094 28.2065822482 27.3755686887 153.918635756 77.2192669806 30.4970440433 15.4147643439 31.2634882505 46.9192063926 77.5211922683 15.2621967595 127.954561469 142.166120455 13.0635966625 13.8999100676 14.5163899324 13.3449474644 12.7352826278 47.7645644958 18.2915817858 11.8321654135 -9999.0 -9999.0 -9999.0
-9999.0 -9999.0 -9999.0 -9999.0 -9999.0 -9999.0 -9999.0 -9999.0 34.4581448652 49.4612653222 17.191280255 34.9903795591 51.5499052354 83.2249840246 16.4562166005 15.924761592 13.8082618962 13.9685430145 12.719664708 381.122024784 14.6122493844 28.4727080032 3196.99062928 3227.15829518 13.2515450063 47.1395001495 336.178114379 24.394551394 50.8423443082 24.1793145656 35.6333883171 342.57424688 40.5328278533 219.142248625 179.490502715 12.2869029709 74.0733937847 29.7645180588 45.5099249705 14.1092780393 92.097951722 121.489403416 133.690058707 145.31195878 190.96886245 24.6177016086 26.0716766737 24.1061039212 22.7714497458 59.9439781505 12.4696718375 42.8856297947 54.1929954287 -9999.0 -9999.0
-9999.0 -9999.0 -9999.0 -9999.0 -9999.0 -9999.0 -9999.0 -9999.0 18.5155092788 86.2663106614 103.026968544 16.7724094705 32.8368569889 16.0385430708 14.8778619662 14.6265055276 184.661479752 247.671997644 307.236323212 367.958222935 15.3509234149 14.1754074385 15.4473134575 3294.66269803 3328.07021995 3341.64560075 451.256840451 100.409393108 87.5551487774 11.4313369231 47.0484773831 401.43780758 12.1677412009 231.455920784 12.9514009183 94.0538136683 88.6755321794 14.1183888682 59.6947919419 28.1916656696 42.2575173225 13.8050218143 11.3792271719 156.79857952 167.446392601 201.588384187 37.5480844747 35.0739913133 33.5359701776 72.9923212576 98.1898318198 12.5688003854 65.839181673 12.1358564619 22.8925487598
-9999.0 -9999.0 -9999.0 -9999.0 -9999.0 -9999.0 -9999.0 -9999.0 -9999.0 19.1370273575 120.782153762 137.407686479 49.1294092078 81.4438976344 111.609279311 126.963301931 15.7528342215 49.0096640597 32.482939082 16.3501226392 15.9408669771 14.7005536451 29.4598314793 51.11386329 18.6384094077 3826.64661492 3840.69349534 12.3902167961 10.1804100751 22.1614737958 32.974295694 435.633399431 23.2605182518 242.203331874 142.454249447 117.989928171 13.2056829744 26.9775774117 72.4749790219 12.7545509527 54.9180804759 26.5655403131 18.9975042061 7.57596595506 192.464223622 402.674471809 45.4136022093 43.1634066138 43.9330288965 10.5558619884 108.684473617 10.2165319895 88.3522095426 10.5258966314 33.4517891083
-9999.0 -9999.0 -9999.0 -9999.0 -9999.0 -9999.0 -9999.0 -9999.0 -9999.0 -9999.0 16.7817425816 170.545058656 15.997194873 31.586976185 46.3647879009 76.5832926102 15.912710338 33.0016280593 16.2966229123 15.3952452233 14.6888808619 29.1424733915 13.4730689726 15.1521017702 30.2729943664 17.3485576613 3856.18725451 3882.35671794 3919.58323454 44.4735435398 10.9379650552 21.8112947095 447.315193638 442.533324177 167.112121656 12.1824004445 52.8330639538 39.8258677985 85.2922414717 25.4926098826 107.181525815 39.3091581637 29.9886271327 4.81105591622 8.09580526303 413.793087095 423.589770404 520.775622614 76.6448103449 21.6393489221 119.994369134 141.297421052 239.462600756 20.9483293359 9.60088783741
-9999.0 -9999.0 -9999.0 -9999.0 -9999.0 -9999.0 -9999.0 -9999.0 -9999.0 -9999.0 -9999.0 7.56021920415 186.226877338 15.0811578295 29.813221956 137.217550138 16.0758423408 15.939347133 13.7308530679 29.3561355405 14.0511439843 57.1513173307 83.6848490474 96.1861757254 42.292901558 53.9863828802 13.3743014001 15.8024039639 14.7171335289 3988.46934433 4020.56517127 457.203531413 463.141826363 452.922057134 22.427134037 10.846671235 64.3667116891 173.18129669 97.3005732029 37.3617373068 156.526145829 57.9478090734 46.5528693178 9.334839334 3.99036489585 4.21452935346 5.46526407697 547.458099393 653.556615612 10.0748202521 9.31269253833 9.95140596888 248.776110358 278.477230948 16.9082970254
-9999.0 -9999.0 -9999.0 -9999.0 -9999.0 -9999.0 -9999.0 -9999.0 -9999.0 -9999.0 -9999.0 7.5767828086 205.220440005 255.023521408 14.8935171324 167.177080682 14.951220007 14.201705751 27.3238957587 70.5418402801 13.6322052434 14.3300654593 12.9537519812 122.21700754 134.372049229 200.86857998 225.720188604 238.135504194 250.253538429 261.912666382 4295.26295293 4773.58095705 5257.07617862 5266.73961851 10.4778817111 10.5992187688 196.353356816 184.853765181 11.7841109507 10.9586329415 166.900257162 237.03001005 10.1948354449 107.644438986 99.8314899386 21.2601613195 11.0394161924 18.3625329786 10.5257136695 671.620899665 9.22277697878 27.8750195788 34.8489644733 336.027032577 357.289208111
-9999.0 -9999.0 -9999.0 -9999.0 -9999.0 -9999.0 -9999.0 -9999.0 -9999.0 -9999.0 -9999.0 18.178180511 34.780997715 271.213083099 299.73643207 14.4129059995 197.186379696 13.2274233417 39.9954515698 83.2794151861 26.3909885874 12.7002666166 26.1691645921 11.8240368831 22.2878248478 10.5482369989 9.45110991252 7.02714095787 6.15061222147 5.75799731795 5.93809901529 8.81361408078 11.8465115457 14.0278942752 5300.79849262 234.107744426 213.312234061 7.95470647921 33.0639690602 7.80934965492 6.54472638156 248.109690797 390.371004184 120.256172732 91.0890618984 12.4003549226 5.37325863057 4.81509313664 13.0717184402 693.872394749 711.473048168 9.17671520644 9.34474384168 8.31520213783 5.14044890505
-9999.0 -9999.0 -9999.0 -9999.0 -9999.0 -9999.0 -9999.0 -9999.0 -9999.0 -9999.0 -9999.0 -9999.0 15.4351795123 218.647590267 533.448571059 579.221623527 790.363443256 805.043550089 189.372256779 135.482289572 39.3448763221 12.519892019 50.8131938876 62.6985381915 95.7719951271 21.6361919842 19.8249760798 17.6153473296 34.1403016335 15.9276483189 15.7865223411 7.68093206586 4.08103806785 5.41051268286 5310.68557278 5551.07190185 5562.2832981 8.02195098526 87.0752025412 37.0867408227 11.775517802 428.400286373 27.0833011496 13.9960607028 58.7687699258 11.6348853572 9.77925539353 18.1080600858 25.6074528771 34.0145654264 726.366702468 7.04768793484 6.12635838152 6.13258328812 4.6439074949
-9999.0 -9999.0 -9999.0 -9999.0 -9999.0 -9999.0 -9999.0 -9999.0 -9999.0 -9999.0 -9999.0 17.4031993358 167.522380137 202.800913534 32.1972250423 8.43201198071 19.5307313697 838.11092775 851.516538029 1054.56046719 11.4795744336 23.8727819181 10.598911697 10.7759180462 106.290931221 138.414114703 167.306481293 9.43045212943 43.6273957539 68.8427466131 41.6930900133 16.9024705124 11.5421417897 9.85554347933 10.4216667284 6.02955485553 5570.07078134 5576.06072544 5676.04603706 19.5680474034 10.4738539361 437.687369569 28.5857458627 14.7843328336 16.3721687167 16.2565020417 14.6982481727 25.3422177625 72.6987448388 115.987925416 849.484140953 5.25873816359 15.8077258511 10.721030828 8.69163915152
-9999.0 -9999.0 -9999.0 -9999.0 -9999.0 -9999.0 -9999.0 -9999.0 -9999.0 -9999.0 -9999.0 17.8537418786 117.719576678 18.1212817162 15.6433394264 83.9270825245 97.7586768325 111.944596267 124.625839318 1448.56457409 1458.04426785 1478.95089675 1650.94545084 1682.73131533 1699.86196633 1710.84260611 1896.53553475 1918.6009403 1928.19655799 2007.5054244 2060.00209953 2069.35278893 2097.21338498 18.7933923422 16.1876309872 3.37492775272 4.08468705206 5583.29604529 5710.08723608 27.922564449 511.141676867 501.430660047 54.8269751229 13.1825140086 13.6958962906 13.1625473399 13.2047983566 26.6334547994 38.1512968138 10.8929925144 856.339722957 863.6225446 896.262378502 902.105744133 916.112720689
-9999.0 -9999.0 -9999.0 -9999.0 -9999.0 -9999.0 -9999.0 -9999.0 -9999.0 -9999.0 -9999.0 61.5268919911 81.1164582213 37.2785221097 54.890487628 17.3507763969 200.636262385 216.26201835 246.623337752 257.245405104 99.0329913838 1595.57982187 1606.10005548 9.7894269142 6.24985497623 4.97327844544 11.9135660601 5.65562678392 3.80210813848 3.39535969416 4.52822350245 2076.73703586 2105.69279901 2134.31837059 2159.02781506 2173.42186942 6.40838693025 2.14282473049 6242.72446446 527.050822131 521.434240232 10.873266916 11.0009053596 10.4054402142 24.6587809948 24.1538764976 11.0816165634 11.1402088745 10.119138851 20.7223955541 27.1781124527 5.5065521621 9.14824448136 3.34286381163 1.87548708741
-9999.0 -9999.0 -9999.0 -9999.0 -9999.0 -9999.0 -9999.0 -9999.0 -9999.0 -9999.0 -9999.0 -9999.0 41.6813470138 19.221414556 17.4098213308 169.248843462 185.758861367 16.021555536 63.456841404 77.2363397405 88.9125987516 12.7188889805 9.95465933812 252.860223432 260.799516503 268.078143968 702.731411335 707.615587744 714.948399809 763.578844024 786.281924088 789.494668484 3.23243587237 3.48551654762 4.31728528505 2181.59940595 3.51703049607 6327.78145314 6322.45696305 74.423660786 67.220430527 42.4981904599 10.8911835312 20.5458188214 35.6090099278 35.2191298233 21.7708190675 10.6420965637 20.5618468802 19.9389212116 35.5418247959 4.27778580914 13.0352709834 21.8009897049 25.7682310837
-9999.0 -9999.0 -9999.0 -9999.0 -9999.0 -9999.0 -9999.0 -9999.0 -9999.0 -9999.0 -9999.0 -9999.0 21.6641652797 59.8697565607 78.5389255036 134.468633798 16.8014828761 33.991304807 49.5593123052 191.246540979 202.635150906 209.418059226 220.635193279 233.822606212 373.958436645 411.446070236 428.993583308 5.88884208781 40.1369826135 45.4925929095 775.5901611 794.213604858 802.973552459 811.864922786 820.15936895 3006.29261373 6.61064915164 6348.45189634 9.38263726683 4.00572329617 57.0564298328 50.2672939151 6.75447319269 28.7784075335 44.233937058 43.712477973 29.8155995235 48.5172545112 76.3030214516 27.8200856287 70.4782233402 5.46776980873 7.0259870933 1.41339006858 1.03387282772
