data/baseflow/mHMbf_acc408.asc
ncols                  80
nrows                 72
xllcorner      4374000.0
yllcorner      5656000.0
cellsize            500
NODATA_value       -9999
[rows 0 to 24 of 72, columns 0 to 54 of 80]
-9999.0 -9999.0 -9999.0 -9999.0 -9999.0 -9999.0 -9999.0 -9999.0 -9999.0 -9999.0 -9999.0 -9999.0 23.3148101286 20.1157391557 -9999.0 -9999.0 -9999.0 -9999.0 -9999.0 -9999.0 -9999.0 -9999.0 -9999.0 -9999.0 -9999.0 -9999.0 -9999.0 -9999.0 -9999.0 -9999.0 -9999.0 -9999.0 -9999.0 -9999.0 -9999.0 -9999.0 -9999.0 -9999.0 -9999.0 -9999.0 -9999.0 -9999.0 -9999.0 -9999.0 -9999.0 -9999.0 -9999.0 -9999.0 -9999.0 -9999.0 -9999.0 -9999.0 -9999.0 -9999.0 -9999.0
-9999.0 -9999.0 -9999.0 -9999.0 -9999.0 -9999.0 -9999.0 -9999.0 -9999.0 -9999.0 -9999.0 -9999.0 47.4603016288 103.411701307 16.651782598 -9999.0 15.1186765865 -9999.0 -9999.0 -9999.0 -9999.0 -9999.0 -9999.0 -9999.0 -9999.0 -9999.0 -9999.0 -9999.0 -9999.0 -9999.0 -9999.0 -9999.0 -9999.0 -9999.0 -9999.0 -9999.0 -9999.0 -9999.0 -9999.0 -9999.0 -9999.0 -9999.0 -9999.0 -9999.0 -9999.0 -9999.0 -9999.0 -9999.0 -9999.0 -9999.0 -9999.0 -9999.0 -9999.0 -9999.0 -9999.0
-9999.0 -9999.0 -9999.0 -9999.0 -9999.0 -9999.0 -9999.0 -9999.0 -9999.0 -9999.0 23.370646542 22.2786813358 23.162503761 22.4691041475 145.905547758 162.400769211 42.7039760864 13.7787073074 -9999.0 -9999.0 -9999.0 -9999.0 -9999.0 -9999.0 -9999.0 -9999.0 -9999.0 -9999.0 -9999.0 -9999.0 -9999.0 -9999.0 -9999.0 -9999.0 -9999.0 -9999.0 -9999.0 -9999.0 -9999.0 -9999.0 -9999.0 -9999.0 -9999.0 -9999.0 -9999.0 -9999.0 -9999.0 -9999.0 -9999.0 -9999.0 -9999.0 -9999.0 -9999.0 -9999.0 -9999.0
-9999.0 -9999.0 -9999.0 -9999.0 -9999.0 -9999.0 -9999.0 -9999.0 -9999.0 22.4402673457 45.6500164033 90.4777705351 44.6632914004 21.7228691829 42.6937736856 182.900086032 256.206959285 15.0212519664 -9999.0 22.4243319585 -9999.0 -9999.0 -9999.0 -9999.0 29.2087267746 14.9289129092 -9999.0 -9999.0 -9999.0 -9999.0 -9999.0 -9999.0 -9999.0 -9999.0 -9999.0 -9999.0 -9999.0 -9999.0 -9999.0 -9999.0 -9999.0 -9999.0 -9999.0 -9999.0 -9999.0 -9999.0 -9999.0 -9999.0 -9999.0 -9999.0 -9999.0 -9999.0 -9999.0 -9999.0 -9999.0
-9999.0 -9999.0 -9999.0 -9999.0 -9999.0 -9999.0 -9999.0 -9999.0 24.7975634355 70.6177771786 92.0849113534 113.730836989 156.115077402 20.5329556684 82.9887808585 102.933739874 390.865560893 16.3296573074 18.1765603085 42.3154938969 61.594110449 19.9634294459 -9999.0 74.5177734128 60.9059975421 16.3330600914 -9999.0 -9999.0 -9999.0 -9999.0 -9999.0 -9999.0 -9999.0 -9999.0 -9999.0 -9999.0 -9999.0 -9999.0 -9999.0 -9999.0 -9999.0 -9999.0 -9999.0 -9999.0 -9999.0 -9999.0 -9999.0 -9999.0 -9999.0 -9999.0 -9999.0 -9999.0 -9999.0 -9999.0 -9999.0
-9999.0 -9999.0 -9999.0 -9999.0 -9999.0 -9999.0 25.1103766838 22.9680229107 22.23708801 22.5230563414 22.5347429472 159.001653452 336.765397527 358.201983526 377.929433905 20.054815066 428.590016687 446.712187333 37.6777344159 19.5273866851 80.5091157693 138.868294873 18.4730504123 129.318508077 19.8362150997 18.7639920344 20.5879638245 -9999.0 -9999.0 -9999.0 -9999.0 -9999.0 -9999.0 -9999.0 -9999.0 -9999.0 -9999.0 -9999.0 -9999.0 -9999.0 -9999.0 -9999.0 -9999.0 -9999.0 -9999.0 -9999.0 -9999.0 -9999.0 -9999.0 -9999.0 -9999.0 -9999.0 -9999.0 -9999.0 -9999.0
-9999.0 -9999.0 -9999.0 -9999.0 -9999.0 -9999.0 50.0521917172 73.6684307225 165.959860077 231.822797598 20.4976962372 21.3255148205 20.2369492352 59.1185993657 455.105986842 17.7926150406 464.247396107 535.307534192 55.1113393041 36.7348160915 156.472157939 18.9237512625 148.325269131 37.0547923643 18.4833419315 36.7024489855 40.5961330575 20.8970227341 21.6023955861 21.2879929127 22.0001426244 44.1933332786 -9999.0 -9999.0 -9999.0 -9999.0 -9999.0 -9999.0 -9999.0 -9999.0 -9999.0 -9999.0 -9999.0 -9999.0 -9999.0 -9999.0 -9999.0 -9999.0 -9999.0 -9999.0 -9999.0 -9999.0 -9999.0 -9999.0 -9999.0
-9999.0 -9999.0 -9999.0 -9999.0 -9999.0 26.7833456093 51.9298813606 24.8465573085 47.9511677124 255.233042447 298.058063667 340.788560285 1092.15058612 19.495232177 474.159566431 1718.1805482 1732.70644191 2293.58103394 15.6014941635 54.0025920712 174.209393179 17.6050381038 356.813112754 189.965580696 115.508047199 96.61101988 19.6634026822 62.4754647242 63.2305438611 42.233914445 20.6212048642 65.4084111643 20.566988173 20.4236314663 -9999.0 -9999.0 -9999.0 -9999.0 -9999.0 -9999.0 -9999.0 -9999.0 -9999.0 -9999.0 -9999.0 -9999.0 -9999.0 -9999.0 -9999.0 -9999.0 -9999.0 -9999.0 -9999.0 -9999.0 -9999.0
-9999.0 -9999.0 -9999.0 -9999.0 -9999.0 27.0659031736 78.7245870166 156.084361827 179.806846389 355.315281353 377.674915084 447.095620109 731.908720316 1151.04603419 1190.39522235 1208.45102488 33.902187911 2355.02730264 2386.79374951 2476.17321281 3078.01737468 410.510614191 375.637272461 134.192395552 18.6596436926 117.546988748 80.5418393427 17.6864479538 82.1835172115 18.5741149044 38.6863286663 104.872590376 124.625330419 40.0909023242 19.3752978186 19.6203076706 -9999.0 -9999.0 -9999.0 -9999.0 14.5691824423 12.9741807043 -9999.0 -9999.0 -9999.0 -9999.0 -9999.0 -9999.0 -9999.0 -9999.0 -9999.0 -9999.0 -9999.0 -9999.0 -9999.0
-9999.0 -9999.0 -9999.0 -9999.0 -9999.0 26.3922538294 25.1660746167 103.640989582 127.614714224 152.287894606 23.5124515603 46.6816555861 267.787150282 46.0322380064 21.586715996 20.0603800063 17.704369531 19.6893800907 18.7910497235 19.2562010974 3095.91212006 3148.39546551 17.5613306191 54.5425489548 37.1948665211 135.245046236 35.5339375374 17.0289495582 101.298944578 36.7275234092 89.6043924147 220.401246833 203.270378482 59.1670928829 57.7567171481 19.7726067061 19.7744664296 -9999.0 -9999.0 19.8493765419 30.8091437498 70.7956267747 13.5749188638 -9999.0 -9999.0 -9999.0 -9999.0 -9999.0 -9999.0 -9999.0 -9999.0 -9999.0 -9999.0 -9999.0 -9999.0
-9999.0 -9999.0 -9999.0 -9999.0 -9999.0 -9999.0 27.1258128332 26.8345240207 51.8427964313 77.0168534165 174.919837959 222.977336573 246.508155773 24.2033923813 19.8368869052 263.300094348 322.225550278 340.987324108 418.649603914 436.814287147 17.9372299599 3166.33076973 3256.80061148 72.7890875295 18.4921322321 152.55512902 338.43560267 134.542913249 34.7010902973 17.6548670694 344.995193232 238.422998144 17.324803745 17.352760311 75.4910452804 58.1348832438 18.4176080104 17.6414917275 19.212754481 38.748002335 18.7926476629 86.0478386401 103.752742157 16.4364245876 -9999.0 -9999.0 -9999.0 -9999.0 18.1328433072 17.3324050835 6.53434728821 -9999.0 -9999.0 -9999.0 -9999.0
-9999.0 -9999.0 -9999.0 -9999.0 -9999.0 -9999.0 -9999.0 26.5922566131 24.4460925553 49.9041072858 74.5889454577 24.2625076587 22.0137260144 137.9782325 180.665764254 223.990593387 20.0238417971 40.3813010397 19.627601749 455.316975753 1005.15555884 1019.27407652 4308.8072137 17.6700499109 53.6376201654 17.2690581367 354.562728722 16.7424434318 52.5807845962 17.2261408638 362.005739152 378.990599227 34.7433999513 34.673254627 189.603782228 95.3983590836 35.9931711843 18.4918984041 38.4619851388 57.7381816401 94.3056742682 17.4591636951 136.200857991 151.610106274 13.9604320833 15.1659912547 15.4790179092 14.0371348528 13.2549743196 50.4854489827 21.8177659059 14.6622777774 -9999.0 -9999.0 -9999.0
-9999.0 -9999.0 -9999.0 -9999.0 -9999.0 -9999.0 -9999.0 -9999.0 50.301255701 74.2521058567 24.2403032514 49.0089743777 71.7120695534 117.315467578 22.9898468299 22.3828477715 19.8366872995 20.1189597358 18.5817411498 512.49980734 19.9903798501 39.4040237069 4363.95131487 4399.31356402 15.458142031 84.7670098534 454.881099308 33.1552408871 67.9459074226 31.7940965186 46.8356236242 444.391738376 50.3439224397 272.937949078 223.010159861 17.0456185518 90.1992165927 36.5278098534 56.3452281823 17.7953076754 110.847299531 143.765328888 157.057847233 169.673706786 204.200418125 26.6776892972 27.6997785966 25.392759929 23.763009045 63.0681464544 13.0451746964 49.9509109228 62.4957504857 -9999.0 -9999.0
-9999.0 -9999.0 -9999.0 -9999.0 -9999.0 -9999.0 -9999.0 -9999.0 25.9100413525 125.368666812 149.148891086 23.8476019298 46.5685861137 22.7214306325 21.3824825217 21.0167520981 260.155448046 344.274778674 421.649927924 497.360770042 17.8373234198 19.6715794596 19.2628047599 4486.24447833 4525.73254515 4540.4946891 605.062874976 133.151193325 116.694874867 14.4543301513 61.5405772023 520.864295222 15.0503655208 288.097296361 16.9362963239 117.922045471 108.463921482 17.8287590825 74.0947637199 35.4778430474 52.8534831477 15.6444763524 12.4936160672 182.134363267 193.566673825 215.602239567 39.8328300006 36.9708056197 34.88968806 76.8011026683 103.069805698 13.0944077574 75.4792863697 13.9815838856 26.8836280635
-9999.0 -9999.0 -9999.0 -9999.0 -9999.0 -9999.0 -9999.0 -9999.0 -9999.0 26.0276811883 173.631783486 197.238347572 69.5391205538 114.816691298 157.437336659 178.727276552 21.4033918996 64.4111751144 42.7395556581 21.5197972805 21.337340593 19.8558119025 38.7711280853 66.7828936476 21.7082041561 5183.68001109 5199.98740079 14.6668450513 12.6715189763 29.6213832097 44.2638938188 564.535795617 29.2896177792 301.579116124 181.522096044 149.923546836 16.8450536091 34.3763909047 90.3452076202 16.1769993544 68.7028123403 30.75787546 22.7585121537 12.1048484767 228.568973638 453.688082104 48.4998283843 45.7962485746 45.8241967828 11.2764429248 114.111870424 10.8107488387 100.030260133 12.7071649758 39.4646596339
-9999.0 -9999.0 -9999.0 -9999.0 -9999.0 -9999.0 -9999.0 -9999.0 -9999.0 -9999.0 23.1847670232 243.949077792 22.8999729373 45.4430506676 66.2105463021 107.610971035 21.0479703534 43.0061989775 21.3685758041 20.4313027236 19.4109798541 38.2703890294 17.4293028862 18.4585037311 36.3388961148 20.423285178 5216.65740414 5246.56451463 5291.14895299 58.4257668196 15.2304126498 30.3433127621 580.052714567 557.326081828 213.615045587 15.9797429698 67.5056056537 50.8924693299 106.638973142 32.405201084 130.937247404 46.1782071494 36.4868026757 12.5098963816 12.6445941368 466.297823125 476.957835669 580.539317297 81.1182856677 23.2884015972 125.909016187 148.256918209 259.037928788 24.7355727577 11.8655955001
-9999.0 -9999.0 -9999.0 -9999.0 -9999.0 -9999.0 -9999.0 -9999.0 -9999.0 -9999.0 -9999.0 14.7619401788 275.56318474 21.7956482806 42.3230365753 190.897636519 20.8510784324 20.7583421955 18.973323828 40.3834898981 19.8460801101 77.6466052618 112.346996829 128.416896054 51.267056151 64.379584524 15.3164214088 18.9906506694 18.1285062607 5381.9848464 5426.59104052 593.417069893 584.427002775 570.935269677 28.0584575321 13.743679729 82.5800588536 219.610228852 121.993388073 47.6937265358 193.173469003 90.4405945231 76.3955629691 25.6082580975 10.543803721 9.1847201722 9.3763727873 627.105999558 742.106582136 11.3676270935 10.1987098228 11.1425969712 270.196334745 306.035610617 21.9275716183
-9999.0 -9999.0 -9999.0 -9999.0 -9999.0 -9999.0 -9999.0 -9999.0 -9999.0 -9999.0 -9999.0 13.7250773745 307.174004448 374.742942383 20.6292609791 232.034227389 19.3903227329 19.1193223677 38.5508933837 98.7228887505 19.5342177737 20.1667304941 17.3422047696 162.528098244 178.976599739 260.627570684 291.301117243 307.74769551 322.307954366 342.041321601 5784.68406629 6408.29152102 7019.96525488 7030.98544779 12.0249055675 13.9845419451 249.79683028 234.829216837 15.0969584855 14.9750026833 207.79699602 312.819675002 13.326971758 170.657857045 156.905790115 50.7505264846 22.3418075542 36.4146672303 12.3979356692 762.31192647 10.1275629574 31.244318001 39.2162840901 377.485199965 411.273032431
-9999.0 -9999.0 -9999.0 -9999.0 -9999.0 -9999.0 -9999.0 -9999.0 -9999.0 -9999.0 -9999.0 24.4900917177 46.5129002222 396.412280789 436.167449713 19.8584588877 267.322121574 17.2437697222 53.6086153871 116.714082827 37.9674932889 18.3822566744 36.4011555984 15.2935795126 30.1708560411 15.5774421246 15.1277659489 14.9796609837 14.6484571104 14.3646643755 13.8061894705 15.9854310674 17.14494612 17.2308568715 7073.24333599 294.635533885 271.027824492 10.1165088585 43.4393133446 12.7563055732 11.0749088592 326.361922167 538.783174749 185.24569704 132.94153155 29.8566277543 12.5822938277 11.5124896266 21.7061864743 794.219716003 812.916024744 9.72419229379 9.77942914296 10.5948008791 11.7461592248
-9999.0 -9999.0 -9999.0 -9999.0 -9999.0 -9999.0 -9999.0 -9999.0 -9999.0 -9999.0 -9999.0 -9999.0 21.6760929816 285.451553361 742.332137971 804.050850511 1088.98115115 1104.66964569 260.503476665 191.952684107 56.6834410649 18.2007998143 72.0280246817 88.8144197199 134.746780826 31.6993934303 30.4932684069 30.5366949727 60.3381287345 29.3352266777 28.4949214056 14.7863110548 14.9408500783 13.1646704219 7087.49398323 7393.19318928 7405.09083737 10.1953806851 116.692043895 52.5930238982 14.6560722305 582.767816908 30.6514375003 15.7435029615 67.1736973551 15.8255150563 12.5680318815 23.409115857 32.461879736 42.2315461868 829.009807154 7.68953885554 6.72248619802 6.76979001698 5.6651163767
-9999.0 -9999.0 -9999.0 -9999.0 -9999.0 -9999.0 -9999.0 -9999.0 -9999.0 -9999.0 -9999.0 23.39007129 218.234766413 263.818355692 41.9813660167 14.6182514197 32.086242578 1155.44366482 1170.54288448 1446.44399778 16.5677709117 34.631780357 15.4580806925 15.7012658077 150.06351692 197.053476989 242.006948678 14.3674741933 74.6919155908 118.135922797 70.5269052089 28.4954385458 27.9370962287 26.7563758276 24.7317011731 10.7747092407 7414.64794841 7422.81765458 7556.29088824 24.5589117278 12.9231980532 593.8665864 32.6583578541 16.5578543375 17.7192892233 17.5686189825 15.7563997999 29.3494797534 81.5537502221 134.111424341 970.940445808 5.94967547082 17.754316552 12.0122522564 10.3523287664
-9999.0 -9999.0 -9999.0 -9999.0 -9999.0 -9999.0 -9999.0 -9999.0 -9999.0 -9999.0 -9999.0 23.8983258978 150.298857402 23.2440426841 20.7241080236 108.119461303 126.839562901 145.848886225 163.888045824 1955.66688981 1971.43195102 2003.69726568 2244.39558299 2293.32965092 2323.15436892 2338.78677362 2623.04002904 2665.86576141 2680.40404834 2814.15638405 2899.60728578 2913.37095597 2969.08566492 39.8720380694 38.0047344828 10.2888462594 8.27346281167 7431.63275679 7599.04660968 34.6186428203 678.494070277 666.970190567 61.9396049737 14.9784504026 15.3288755448 14.94606582 14.5846143663 29.2839560871 41.9745332948 11.8765510683 978.336588298 986.160204537 1022.58051191 1028.98924572 1045.21321192
-9999.0 -9999.0 -9999.0 -9999.0 -9999.0 -9999.0 -9999.0 -9999.0 -9999.0 -9999.0 -9999.0 77.269183304 102.040352555 47.236430016 69.2915019611 21.7988954857 249.912583174 269.540599033 308.188736143 327.312552112 130.385676115 2161.67516693 2178.50277591 17.2041588056 14.2390222201 14.6765907319 29.9908944872 15.691836743 14.7615117331 14.4298952075 13.6812646881 2928.08201097 2983.19047579 3035.13153345 3083.99856571 3116.75818761 15.0491034915 5.0100783181 8304.45736501 697.872977118 690.283394114 13.2403718498 12.2753334513 11.4667526239 27.2909800169 26.8788306284 12.7066175713 12.7574495458 11.7295076912 23.4587507739 30.580005738 5.50486659419 10.0855517211 4.15228826639 4.07082022964
-9999.0 -9999.0 -9999.0 -9999.0 -9999.0 -9999.0 -9999.0 -9999.0 -9999.0 -9999.0 -9999.0 -9999.0 52.2838798237 24.3248215969 22.4310455017 210.767377596 230.794581194 20.1073784928 78.4902958272 97.113616551 114.763400102 19.1796279703 15.6508243718 335.296032182 348.54419687 361.791693133 918.585794633 931.127277122 958.02756804 1057.54563201 1131.73625516 1144.36700339 13.307341397 13.6480192361 11.5616386117 3129.36549277 5.57907918499 8418.76149703 8407.82042928 96.3356862477 87.2155158423 51.0249106939 12.8876692798 22.7926603768 38.9657994952 38.5780108334 24.8137937159 12.3698258314 23.9430575997 23.7717337025 41.2408299142 8.98428556936 18.9985840829 29.7755677753 38.7037678785
-9999.0 -9999.0 -9999.0 -9999.0 -9999.0 -9999.0 -9999.0 -9999.0 -9999.0 -9999.0 -9999.0 -9999.0 26.9480125437 74.9676419617 97.7036752925 166.90540483 20.0515625011 40.7549450042 60.1880519586 234.970703171 253.022993596 271.922784778 288.541078624 306.018027266 463.460220856 513.610358838 545.093063439 15.5036744818 72.7780074907 88.332376907 1093.91752854 1157.83308192 1186.64317726 1215.69058259 1237.94233763 4373.39280014 7.06412322843 8450.21860241 17.648752142 9.392626165 74.7101233767 62.7061441711 11.0815634612 33.9407816864 49.8317808879 48.77296537 34.6119236489 57.0107059832 90.0651265292 34.0044927634 84.5456081607 8.96119997433 15.8599972292 3.84144183525 3.14391482668
