data/baseflow/mHMbf_acc496.asc
ncols                  80
nrows                 72
xllcorner      4374000.0
yllcorner      5656000.0
cellsize            500
NODATA_value       -9999
[rows 25 to 49 of 72, columns 0 to 54 of 80]
-9999.0 -9999.0 -9999.0 -9999.0 -9999.0 -9999.0 -9999.0 -9999.0 -9999.0 -9999.0 -9999.0 -9999.0 14.9609245134 29.9721525397 13.9121353649 27.6354362698 11.2835074356 92.3176849637 113.559543583 124.458802267 9.47903000643 18.0462132839 199.207119983 241.245395614 248.53302809 14.6772723282 15.8698384507 22.4806155382 3.50195785956 3.09284424573 5.85850614087 2.64861768755 343.137948178 345.981381771 348.613561959 2130.69869192 4502.96812342 4476.3033281 4.68946101144 2.40641397926 2.24009415147 8.31806574097 6.53204910554 18.3033319403 27.0640820431 54.3276209927 4.86875149455 4.82055342974 42.7660243245 47.0081933108 92.1460801475 94.6394900731 101.361608921 103.941276902 2.73158274668
-9999.0 -9999.0 -9999.0 -9999.0 -9999.0 -9999.0 -9999.0 -9999.0 -9999.0 -9999.0 -9999.0 -9999.0 -9999.0 14.3700327931 28.8441787266 43.5490111801 67.894468246 13.0957317421 11.2264997898 88.7725050285 98.5117547663 182.883736885 192.979076874 27.4110941922 8.28251495373 7.05986381193 7.09290425334 323.885026404 327.928194456 331.717694387 334.830647543 340.417890601 37.5616678222 40.0106095717 392.227031552 7028.23199876 19.7515547404 15.4432011679 7.33713881557 2.06030624073 1.85360546779 12.7770180977 14.3625295522 21.7994470789 1.71536656397 56.4691313668 7.91526146037 7.72318484469 1.6435261617 1.21367310833 1.22484718774 1.22198879293 1.33982884197 105.306966409 1526.96259615
-9999.0 -9999.0 -9999.0 -9999.0 -9999.0 -9999.0 -9999.0 -9999.0 -9999.0 -9999.0 -9999.0 -9999.0 -9999.0 -9999.0 13.2803475136 27.8015953056 41.3784298929 55.1403423987 66.4410352781 78.2222536013 33.6244126483 55.9335776181 9.81775099919 9.07533108606 286.649521028 303.443901454 310.794789501 318.553090292 5.23379249163 9.21044267376 25.6384916268 30.3525815769 34.2515327582 3.08380940883 3.05313986001 7039.28470156 4.22463533439 5.72462015622 3.33271467413 9.06805360002 4.22350072473 2.71629828662 38.3640015134 40.4865646706 1.36648262604 58.0667095615 67.9638106032 9.84969551339 1592.77048159 1589.56637931 1586.8935625 1581.05003887 1578.80588477 1534.57497954 1532.73804802
-9999.0 -9999.0 -9999.0 -9999.0 -9999.0 -9999.0 -9999.0 -9999.0 -9999.0 -9999.0 -9999.0 -9999.0 -9999.0 -9999.0 4.62857322865 10.2575052196 14.5400116596 153.190189382 165.057176172 12.2078997944 11.414530035 11.2884862548 249.184786647 269.811859338 9.56529947696 9.60939356306 7.0406399956 30.23925814 37.577349045 16.5925792002 21.2054398675 186.683364958 191.660837765 200.238790791 313.780521395 7356.10078243 4.69734642318 2.66607566227 14.1254264552 11.5956233335 1.71704310249 6.34215435046 8.2163253513 42.6119444641 44.4723296305 116.071329478 68.7388275233 10.9386375446 1627.83906872 16.3437905487 1584.32483724 1582.79513673 41.8325705633 1.52485739932 3.88875796422
-9999.0 -9999.0 -9999.0 -9999.0 -9999.0 -9999.0 -9999.0 -9999.0 -9999.0 -9999.0 -9999.0 -9999.0 -9999.0 -9999.0 23.6504201888 39.0006766883 78.2157854216 139.838908532 179.429768207 206.49736392 217.750112185 229.224829312 239.952648756 9.90560354332 8.34176585115 16.1939110962 14.9367860557 8.10972008068 164.271609185 171.327547715 177.722303063 183.714156613 98.4564047192 102.678908406 109.179574787 7358.76055073 8.45083946799 8.53574256185 24.4237868411 2.31658553409 4.22747997726 2.41144828806 1.70753063031 10.1582062884 1.43368932242 1.54365671256 1752.53364588 1635.33725971 1633.74497221 6.34655811728 14.4929863728 9.15091889817 1.98481858555 37.7344634657 10.1703097692
-9999.0 -9999.0 -9999.0 -9999.0 -9999.0 -9999.0 -9999.0 -9999.0 -9999.0 -9999.0 -9999.0 -9999.0 -9999.0 -9999.0 16.507714068 16.0543202159 31.7027593558 47.1571744906 14.009897414 14.3904202601 26.4864693999 38.2331124311 59.662209234 70.1549016294 78.5839559819 103.698928681 111.312508379 120.131261908 7.60946617052 78.2347956503 84.2377321067 89.742849054 4.33085785362 2.05306694431 3.81914294965 7472.51420813 7475.07832656 7488.84653032 30.8412761328 4.68988251629 7.26354616294 2.22386157791 3.06161822869 11.6390890141 14.3224541985 2.80286451783 1759.81835032 2.49750515097 3.37392106958 3.62925847918 3.05520077864 5.54521244758 2.36720798254 25.6746989521 20.3892191441
-9999.0 -9999.0 -9999.0 -9999.0 -9999.0 -9999.0 -9999.0 -9999.0 -9999.0 -9999.0 -9999.0 -9999.0 -9999.0 -9999.0 -9999.0 15.4892677992 30.3787882718 14.3647615431 29.4683027516 177.906379622 189.335663307 200.433436027 10.633521184 10.6395086454 19.0248017968 27.9514976707 42.8266030736 50.7517054835 56.2113169645 63.5302543861 5.44761709036 4.80128087675 100.071750887 102.387353982 104.612800687 107.14478707 92.3028314013 7591.81265244 7638.33224196 7640.04811224 7648.70889618 7657.31617933 7661.5627729 1.22713300467 15.5387205605 1760.99725662 2.7400950756 1.40742751817 2.11784174482 2.24064415849 3.70819657437 3.08074256079 1.86058109725 2.84438227957 2.68061547386
-9999.0 -9999.0 -9999.0 -9999.0 -9999.0 -9999.0 -9999.0 -9999.0 -9999.0 -9999.0 -9999.0 -9999.0 -9999.0 -9999.0 -9999.0 -9999.0 45.0567580999 59.5171941462 103.728742369 133.518300635 14.6518250937 228.200544478 238.611151824 247.968046582 9.03464727221 17.7097608251 7.38462902278 59.0300057375 63.7415063387 71.4920916643 79.4806510674 94.4478091502 96.9818845835 1.63556604965 81.607388582 86.9370846525 89.8827016989 100.349056212 13.3316648651 8.17914175581 4.70185886815 4.14171521015 7666.63406847 7668.89793149 7694.76835731 1762.08167613 8.85347278248 5.06994459429 3.45188570071 1.01627357147 10.3272327936 5.24399085723 1.6643657202 9.2829347707 7.92516324362
-9999.0 -9999.0 -9999.0 -9999.0 -9999.0 -9999.0 -9999.0 -9999.0 -9999.0 -9999.0 -9999.0 -9999.0 -9999.0 -9999.0 -9999.0 -9999.0 15.3047423735 74.5121100734 89.8999977094 14.9342131163 11.9882808185 24.5793930934 35.6505019537 293.56933323 9.14132842617 36.5494600871 44.4224823658 52.1074960988 5.35660593294 12.1801941897 15.2325337834 64.3682178699 71.9867090127 74.6894184902 2.74943459337 2.42754247301 2.74008738386 4.98325750434 2.18721637686 2.26441992276 3.45688239213 2.58052118849 3.26165142142 9.14301665489 7696.87859207 9464.09223792 11.482121805 2.41200615397 1.3296869643 32.0746978698 29.7894866155 17.674456354 15.8265094328 11.7439160411 2.86737272744
-9999.0 -9999.0 -9999.0 -9999.0 -9999.0 -9999.0 -9999.0 -9999.0 -9999.0 -9999.0 -9999.0 -9999.0 -9999.0 -9999.0 -9999.0 13.5863357455 42.6456317387 13.8216892464 14.3854517641 13.9752246507 26.4830251263 38.6796726237 49.5566716765 355.006272139 363.728454139 9.05244837948 17.0188016937 25.1346007482 30.9192943448 36.8979930112 56.1798674985 61.6354290498 4.17145020822 2.94968557362 2.45225802409 1.90420395848 3.32177123086 3.41118989855 3.64846951081 4.20779985402 12.6765676685 5.51836520325 2.59200797506 2.56841176104 1.93344950786 3.52858306039 9591.7598222 114.914395576 41.7609570615 5.88374470615 3.02448196231 1.58407508628 4.85985246872 3.06732052707 1.5192808175
-9999.0 -9999.0 -9999.0 -9999.0 -9999.0 -9999.0 -9999.0 -9999.0 -9999.0 -9999.0 -9999.0 -9999.0 -9999.0 -9999.0 14.2762655876 27.6095918804 97.3653200285 13.2418916251 28.0671127785 41.4691757424 53.341055111 12.6011987439 22.9191291155 34.4195801591 408.895542217 8.36673089343 15.6313921455 23.2131965894 6.87866779985 13.5220538059 17.1373289583 21.609031648 668.452895374 674.845295114 681.941974003 713.041576997 720.787569875 740.624653099 7.77704853137 16.3703803076 16.3607930423 807.662370052 811.875344582 2.30912013418 3.58422041902 4.81347551606 9593.66664393 110.854369194 61.2042740332 57.4394221418 42.481745056 34.8870354005 6.35752643429 1.65144629326 2.78107948495
-9999.0 -9999.0 -9999.0 -9999.0 -9999.0 -9999.0 -9999.0 -9999.0 -9999.0 -9999.0 -9999.0 -9999.0 -9999.0 -9999.0 14.4589598653 43.9343262435 155.722249284 230.265721698 11.9609642593 299.153000344 364.974416181 11.5174212067 21.7548620535 32.8413547911 503.870441765 512.735526234 6.11027530772 35.6309076939 41.3605441304 46.7130068732 624.388554192 636.444890225 643.895121894 3.7853688101 21.312613295 25.9605695759 9.95023656671 13.9397946871 760.800006717 783.435701717 786.681878018 789.706591915 815.286401508 1.65871105279 1.51917177165 7.59735634947 9596.09586073 3.87427493545 4.01075043628 11.7665942331 4.65741840168 30.4896269293 24.2165790565 14.8401886447 10.0607105062
-9999.0 -9999.0 -9999.0 -9999.0 -9999.0 -9999.0 -9999.0 -9999.0 -9999.0 -9999.0 -9999.0 -9999.0 -9999.0 -9999.0 -9999.0 -9999.0 30.5340933707 61.3095786791 272.314863481 287.077846828 378.07368702 390.906018383 11.2112527275 22.4450467854 51.3722875509 523.039447027 536.794395406 541.967438276 4.17518579524 561.080486426 573.487597373 7.9554522237 3.61496067033 6.70004990041 13.2740842338 3.31450824423 6.573287756 14.1659783157 17.628376782 3.61522773592 2.46165130241 4.75911442156 833.864514717 840.192614973 841.45161716 853.149734489 9598.06713807 3.37502982103 2.56401049188 3.18721633394 3.1798983506 3.28744539619 2.92545654286 5.3380169605 1.97506879448
-9999.0 -9999.0 -9999.0 -9999.0 -9999.0 -9999.0 -9999.0 -9999.0 -9999.0 -9999.0 -9999.0 -9999.0 -9999.0 -9999.0 -9999.0 -9999.0 15.8632650029 15.5000706802 15.069343295 28.6033507215 12.6810085693 416.248226673 427.929645188 10.1799818805 19.9060607086 8.56216304287 6.79727432417 6.50567860484 553.065906106 4.07482366124 8.57247608443 4.21482511188 3.57942545495 3.27613939054 2.55382973953 2.68002122791 8.40865593781 11.6285277108 2.32486988955 2.09422033165 4.67186720946 7.92973033454 10.3452753588 3.22834577165 844.011076837 854.523153281 9599.66153736 13.2131549661 5.98386507825 1.68380154659 4.49650985143 1.36280210229 1.07455668282 6.55749727244 9.36817421024
-9999.0 -9999.0 -9999.0 -9999.0 -9999.0 -9999.0 -9999.0 -9999.0 -9999.0 -9999.0 -9999.0 -9999.0 -9999.0 -9999.0 -9999.0 -9999.0 -9999.0 -9999.0 15.3314741978 42.5179056107 54.6847825448 67.1437069974 440.131750747 452.389967615 463.833580665 473.929211014 480.162628631 493.19515484 497.059159305 500.829881293 503.93055986 2.92875062852 2.76638847307 3.03291664189 11.1281995748 3.05819909652 2.9713808598 2.23777154556 6.71583806016 2.87446334018 2.24729845958 2.06224200633 1.75795086294 3.50728839607 5.15594380202 865.287290983 10479.5611292 3.73677483931 6.13643963256 1.24713780519 6.01720069756 3.05988505655 2.16295018319 23.5752122197 15.8315779822
-9999.0 -9999.0 -9999.0 -9999.0 -9999.0 -9999.0 -9999.0 -9999.0 -9999.0 -9999.0 -9999.0 -9999.0 -9999.0 -9999.0 -9999.0 -9999.0 -9999.0 -9999.0 -9999.0 12.6573460989 100.852738994 195.426906139 207.94491682 13.7137106238 24.1625573646 34.0680306473 41.1791738899 93.3101974101 96.4631948997 3.03275619252 3.04175333982 511.278996667 517.327743517 519.842456939 13.1500285766 1.88900211235 5.12209354081 7.47099875349 22.5820732355 27.9765015526 32.3154093937 3.92721336382 5.50159611161 1.92518899029 3.90329089158 2.06345109233 10483.0160995 2.96885280167 12.3049038622 3.53983353412 10.4874518752 28.2512423386 31.9711862231 57.3305419336 14.8648195848
-9999.0 -9999.0 -9999.0 -9999.0 -9999.0 -9999.0 -9999.0 -9999.0 -9999.0 -9999.0 -9999.0 -9999.0 -9999.0 -9999.0 -9999.0 -9999.0 -9999.0 -9999.0 14.1376804192 45.1073097132 88.3762585777 115.493717518 290.995011785 304.029593557 21.2057537271 31.263740935 39.2918183298 46.2570958239 99.9872424288 106.268988547 185.52974755 191.639808753 195.642965037 522.451153896 542.764352111 4.77971459289 3.40105885946 3.21784941884 6.24074230048 2.9049908452 38.0347848548 40.12035686 7.44113907997 9.59322212997 2.67225105903 2802.04658025 2807.06152262 13292.1998101 13308.1242153 3.61996563256 18.0720651029 6.13215237459 4.4125295562 64.2635951519 80.9751045499
-9999.0 -9999.0 -9999.0 -9999.0 -9999.0 -9999.0 -9999.0 -9999.0 -9999.0 -9999.0 -9999.0 -9999.0 -9999.0 -9999.0 -9999.0 -9999.0 -9999.0 -9999.0 -9999.0 16.146490244 15.7323311555 29.6641698653 70.4188138848 316.990641938 11.0614862394 10.9104125711 18.7837573509 26.9353817734 64.2961398993 69.2927655041 3.82185865843 3.97703358783 199.58321944 202.592885428 748.596999633 751.681876894 1.73349331815 1.49079143372 1.28615577764 1.30074981918 1.50343425991 2760.97428966 2774.41091692 2786.10700516 2790.96702549 2799.92109348 2.49979261055 9.11691950408 10.9437090463 13323.2808469 13324.7854589 13325.951966 13327.2235191 13328.6379997 83.5957579397
-9999.0 -9999.0 -9999.0 -9999.0 -9999.0 -9999.0 -9999.0 -9999.0 -9999.0 -9999.0 -9999.0 -9999.0 -9999.0 -9999.0 -9999.0 -9999.0 -9999.0 -9999.0 -9999.0 -9999.0 14.3732207674 15.0714546319 27.9547120961 371.44479934 383.446349114 10.6007345423 18.3971127877 26.8261530321 33.1577967929 5.36977259324 9.84285574749 755.779022109 758.552829721 762.114459928 787.46934679 1542.2125895 2683.64014326 2687.91294888 2691.92751891 2695.72287291 2713.09182426 2718.82869489 11.5130149026 5.17036533947 3.21459824995 6.02768662472 4.5356324675 7.23398641839 2.33020387299 48.3443896134 56.6723602806 63.4162113461 64.2279901879 13329.315068 13414.539212
-9999.0 -9999.0 -9999.0 -9999.0 -9999.0 -9999.0 -9999.0 -9999.0 -9999.0 -9999.0 -9999.0 -9999.0 -9999.0 -9999.0 -9999.0 -9999.0 -9999.0 -9999.0 -9999.0 -9999.0 -9999.0 14.6438627726 28.0569950627 41.5408390789 394.612205137 9.51621239244 525.048034422 533.853398694 539.244028941 544.197389717 736.019450652 741.566756193 3.35921754501 18.1741394534 22.561181224 3.74823005701 1137.20799477 1130.44435687 2.13236296977 4.99035302601 13.9160683365 3.16972390832 3.51063593636 2.63272790484 2.2800642784 1.71914957301 2.13718601384 41.0304866896 43.3674157872 46.2321953157 6.47694507689 4.99503741651 67.8931051743 69.284629135 69.8755254061
-9999.0 -9999.0 -9999.0 -9999.0 -9999.0 -9999.0 -9999.0 -9999.0 -9999.0 -9999.0 -9999.0 -9999.0 -9999.0 -9999.0 -9999.0 -9999.0 -9999.0 -9999.0 -9999.0 -9999.0 -9999.0 13.3101948138 12.4993802743 64.7883224139 484.821507769 507.033439148 517.322135138 7.93696374945 178.075780458 183.480304772 186.043570119 4.83344976611 8.72377811278 12.1980109497 251.610665276 254.318670039 256.724469631 1126.00628522 710.369671326 2.7981351763 3.04994835646 2.89916977751 2.26875989123 23.7101342527 28.9524685759 33.4866443416 36.1472125629 38.6969463972 274.298664301 276.299644423 278.627003111 283.77582047 307.699268062 308.523290651 379.293820921
-9999.0 -9999.0 -9999.0 -9999.0 -9999.0 -9999.0 -9999.0 -9999.0 -9999.0 -9999.0 -9999.0 -9999.0 -9999.0 -9999.0 -9999.0 -9999.0 -9999.0 -9999.0 -9999.0 -9999.0 -9999.0 -9999.0 26.0538068439 39.8112158873 13.3431291017 11.1192811058 150.562707084 159.029286904 164.777213223 51.4455765019 55.9800989794 60.7367666865 64.3523691173 245.328532354 249.311332788 150.604506776 410.467999966 413.337813974 708.23277738 6.01190993479 3.10772908941 2.06261378325 16.2542490819 19.1826930883 1.83196050985 1.72066914105 265.553879234 270.177122866 272.531575134 2.47769309167 3.71477201987 303.814751836 2.1546698384 7.01324823104 7.65277123748
-9999.0 -9999.0 -9999.0 -9999.0 -9999.0 -9999.0 -9999.0 -9999.0 -9999.0 -9999.0 -9999.0 -9999.0 -9999.0 -9999.0 -9999.0 -9999.0 -9999.0 -9999.0 -9999.0 -9999.0 -9999.0 -9999.0 13.0834695473 25.8690235297 106.845001051 120.178285331 130.416292818 40.3288133474 46.8992361211 5.00447962581 168.491987292 172.988095492 177.31150323 3.9362514884 143.321366595 147.481221763 3.06062400579 692.712239124 6.7701586491 3.37261151902 8.79823711558 11.9178114296 2.33737144856 1.83669968131 243.091244341 261.367939026 264.156715094 2.86044232528 6.19911529499 7.75763869818 9.54701518737 18.4695013671 2.53810764156 5.81489131696 1.14720104563
-9999.0 -9999.0 -9999.0 -9999.0 -9999.0 -9999.0 -9999.0 -9999.0 -9999.0 -9999.0 -9999.0 -9999.0 -9999.0 -9999.0 -9999.0 -9999.0 -9999.0 -9999.0 -9999.0 -9999.0 -9999.0 -9999.0 12.9223748272 40.2702624719 68.6599400271 13.3462831774 23.3878741812 32.7001001499 148.053489334 154.26214091 159.126301621 4.27517255179 117.603839887 131.858044439 136.18096061 3.04273935474 679.29191507 686.823153672 3.55666861034 3.1854879391 6.47694323638 2.59970202084 230.000346962 234.73830723 237.741988156 11.3683085937 14.3017167832 2.51158446095 4.51268748612 2.02124491894 14.1462647223 2.17614666521 1.5491306268 1.59600143469 1.75808886627
-9999.0 -9999.0 -9999.0 -9999.0 -9999.0 -9999.0 -9999.0 -9999.0 -9999.0 -9999.0 -9999.0 -9999.0 -9999.0 -9999.0 -9999.0 -9999.0 -9999.0 -9999.0 -9999.0 -9999.0 -9999.0 -9999.0 -9999.0 13.8382662243 14.5721920234 12.9930018312 107.320943545 115.838648495 140.561807799 6.47741473051 98.0326802365 109.489373295 4.82623301283 10.1613681319 3.8986867462 668.906578937 4.3842879007 10.7674516019 13.2990816353 16.0012462402 212.568108852 222.28523892 225.501034945 3.24523469104 6.0580610973 8.55354018042 1.5659469782 1.4448396012 653.617372483 655.134714102 656.383747013 670.016518633 671.744255716 673.943528091 675.267208316
