data/baseflow/mHMbf_acc545.asc
ncols                  80
nrows                 72
xllcorner      4374000.0
yllcorner      5656000.0
cellsize            500
NODATA_value       -9999
[rows 0 to 24 of 72, columns 0 to 54 of 80]
-9999.0 -9999.0 -9999.0 -9999.0 -9999.0 -9999.0 -9999.0 -9999.0 -9999.0 -9999.0 -9999.0 -9999.0 27.0414838765 22.8003910722 -9999.0 -9999.0 -9999.0 -9999.0 -9999.0 -9999.0 -9999.0 -9999.0 -9999.0 -9999.0 -9999.0 -9999.0 -9999.0 -9999.0 -9999.0 -9999.0 -9999.0 -9999.0 -9999.0 -9999.0 -9999.0 -9999.0 -9999.0 -9999.0 -9999.0 -9999.0 -9999.0 -9999.0 -9999.0 -9999.0 -9999.0 -9999.0 -9999.0 -9999.0 -9999.0 -9999.0 -9999.0 -9999.0 -9999.0 -9999.0 -9999.0
-9999.0 -9999.0 -9999.0 -9999.0 -9999.0 -9999.0 -9999.0 -9999.0 -9999.0 -9999.0 -9999.0 -9999.0 53.8209999507 120.652555209 19.8399537685 -9999.0 16.2861717345 -9999.0 -9999.0 -9999.0 -9999.0 -9999.0 -9999.0 -9999.0 -9999.0 -9999.0 -9999.0 -9999.0 -9999.0 -9999.0 -9999.0 -9999.0 -9999.0 -9999.0 -9999.0 -9999.0 -9999.0 -9999.0 -9999.0 -9999.0 -9999.0 -9999.0 -9999.0 -9999.0 -9999.0 -9999.0 -9999.0 -9999.0 -9999.0 -9999.0 -9999.0 -9999.0 -9999.0 -9999.0 -9999.0
-9999.0 -9999.0 -9999.0 -9999.0 -9999.0 -9999.0 -9999.0 -9999.0 -9999.0 -9999.0 26.2965329954 25.3968297141 26.2502546046 25.5491930474 169.194840755 190.499729991 45.5961346587 14.4394699062 -9999.0 -9999.0 -9999.0 -9999.0 -9999.0 -9999.0 -9999.0 -9999.0 -9999.0 -9999.0 -9999.0 -9999.0 -9999.0 -9999.0 -9999.0 -9999.0 -9999.0 -9999.0 -9999.0 -9999.0 -9999.0 -9999.0 -9999.0 -9999.0 -9999.0 -9999.0 -9999.0 -9999.0 -9999.0 -9999.0 -9999.0 -9999.0 -9999.0 -9999.0 -9999.0 -9999.0 -9999.0
-9999.0 -9999.0 -9999.0 -9999.0 -9999.0 -9999.0 -9999.0 -9999.0 -9999.0 25.5752340986 51.7448656584 102.565470196 50.6476290494 24.6389002109 48.4755888373 214.040119532 295.530834177 16.9846683663 -9999.0 25.036501367 -9999.0 -9999.0 -9999.0 -9999.0 31.1073684211 15.6549216288 -9999.0 -9999.0 -9999.0 -9999.0 -9999.0 -9999.0 -9999.0 -9999.0 -9999.0 -9999.0 -9999.0 -9999.0 -9999.0 -9999.0 -9999.0 -9999.0 -9999.0 -9999.0 -9999.0 -9999.0 -9999.0 -9999.0 -9999.0 -9999.0 -9999.0 -9999.0 -9999.0 -9999.0 -9999.0
-9999.0 -9999.0 -9999.0 -9999.0 -9999.0 -9999.0 -9999.0 -9999.0 28.3191910334 80.7591540622 105.757542384 130.983482667 177.545708546 23.7912785666 94.8305736927 118.105914576 456.822495003 23.0358376681 22.663511991 47.8499466884 69.7724058565 22.7043006144 -9999.0 83.3104105416 67.9590321166 19.2485957866 -9999.0 -9999.0 -9999.0 -9999.0 -9999.0 -9999.0 -9999.0 -9999.0 -9999.0 -9999.0 -9999.0 -9999.0 -9999.0 -9999.0 -9999.0 -9999.0 -9999.0 -9999.0 -9999.0 -9999.0 -9999.0 -9999.0 -9999.0 -9999.0 -9999.0 -9999.0 -9999.0 -9999.0 -9999.0
-9999.0 -9999.0 -9999.0 -9999.0 -9999.0 -9999.0 28.6603825004 26.1855878448 25.6372309985 25.9496697832 26.167187894 183.571685545 386.221294626 411.080161053 431.660115643 19.3160470045 498.760263419 521.026741447 44.1046118249 22.3115312557 91.2813707271 158.423549166 22.5324495868 151.689155278 23.5062175734 23.7459298215 24.078488485 -9999.0 -9999.0 -9999.0 -9999.0 -9999.0 -9999.0 -9999.0 -9999.0 -9999.0 -9999.0 -9999.0 -9999.0 -9999.0 -9999.0 -9999.0 -9999.0 -9999.0 -9999.0 -9999.0 -9999.0 -9999.0 -9999.0 -9999.0 -9999.0 -9999.0 -9999.0 -9999.0 -9999.0
-9999.0 -9999.0 -9999.0 -9999.0 -9999.0 -9999.0 57.2752317876 84.389675276 190.41079687 266.664275214 24.1946627643 24.7943910447 23.9149769608 69.8577967214 523.595731013 20.2844019825 542.95573856 624.063713061 63.7798466652 43.3548739064 179.371769601 22.3040387419 173.422722875 44.0475606089 22.3363445287 45.7927514615 47.5599728556 23.4665357844 23.0250574235 22.6637903411 23.4781433455 47.1311485792 -9999.0 -9999.0 -9999.0 -9999.0 -9999.0 -9999.0 -9999.0 -9999.0 -9999.0 -9999.0 -9999.0 -9999.0 -9999.0 -9999.0 -9999.0 -9999.0 -9999.0 -9999.0 -9999.0 -9999.0 -9999.0 -9999.0 -9999.0
-9999.0 -9999.0 -9999.0 -9999.0 -9999.0 29.6970088571 58.0905349198 28.0127042017 54.8651513333 293.787285746 344.144493569 394.120719352 1238.25159882 22.6551071921 546.943929284 1960.10568426 1975.7399806 2625.93426181 16.469733103 64.1373515988 200.481282544 20.981060069 419.686171654 225.060184522 137.824687784 115.842665886 23.121511537 69.3895002966 67.3545731494 44.9756426188 21.933243376 69.705126778 21.8648566178 21.7072080995 -9999.0 -9999.0 -9999.0 -9999.0 -9999.0 -9999.0 -9999.0 -9999.0 -9999.0 -9999.0 -9999.0 -9999.0 -9999.0 -9999.0 -9999.0 -9999.0 -9999.0 -9999.0 -9999.0 -9999.0 -9999.0
-9999.0 -9999.0 -9999.0 -9999.0 -9999.0 29.7558788357 87.022753986 173.441684739 200.44422443 397.251712815 423.084228191 503.017520244 820.945623721 1302.7818027 1349.60548223 1371.41836615 40.9824254413 2697.63142605 2732.56898655 2837.89542921 3543.80574455 483.905311299 441.599004569 159.606482713 21.1378774588 134.723989738 91.260270294 21.4328438063 88.076185011 19.5009609392 39.8696659978 110.76740107 131.712361117 42.5401109144 20.7120651604 20.6818402194 -9999.0 -9999.0 -9999.0 -9999.0 16.3638159915 14.2562805795 -9999.0 -9999.0 -9999.0 -9999.0 -9999.0 -9999.0 -9999.0 -9999.0 -9999.0 -9999.0 -9999.0 -9999.0 -9999.0
-9999.0 -9999.0 -9999.0 -9999.0 -9999.0 29.1134953294 28.1138800635 115.127392411 142.361086573 170.30817302 27.0285788402 53.7128154321 300.059198436 52.09685949 25.6242844373 24.2692608733 22.2497411218 23.3658259255 22.0703036007 23.5453011885 3566.09580533 3629.50372307 20.657359557 62.6149810449 42.1580869049 155.460168439 42.7469897093 20.9225793087 109.59182371 37.9355288297 90.548817522 233.052359824 215.571505157 63.2245657113 62.4674376987 20.8569823699 20.7467052226 -9999.0 -9999.0 20.6257336481 36.2725042713 80.1530796371 14.900924365 -9999.0 -9999.0 -9999.0 -9999.0 -9999.0 -9999.0 -9999.0 -9999.0 -9999.0 -9999.0 -9999.0 -9999.0
-9999.0 -9999.0 -9999.0 -9999.0 -9999.0 -9999.0 29.6828610815 29.5812736936 57.5021858963 85.4944991417 194.134683255 248.541066362 274.995494676 26.6705004507 23.5713330536 304.567213828 376.251724897 399.266688812 492.948374779 515.151885577 21.8118236907 3651.31213913 3753.34339118 80.9917740581 12.9670007174 173.860151277 387.330223412 151.062526551 39.4190828231 19.4722966289 361.413252083 252.67203639 19.2215760584 19.2700427905 81.8251910321 61.2294752758 19.7254693374 20.3098143838 19.8384966571 40.1258860337 19.2564152942 97.4533099725 116.491903903 18.8960486323 -9999.0 -9999.0 -9999.0 -9999.0 20.4830959958 19.8004127855 5.26982858199 -9999.0 -9999.0 -9999.0 -9999.0
-9999.0 -9999.0 -9999.0 -9999.0 -9999.0 -9999.0 -9999.0 29.4918436864 26.1414432508 54.3295192488 82.1441605891 27.4604916031 24.7541752114 156.151118073 206.606128706 257.637118001 24.3869759492 47.9944490219 23.6060455031 537.572909425 1183.91095586 1200.59166405 4994.62949448 20.8122975377 39.6034932727 12.521121229 407.059735657 19.8977089592 59.1917266081 19.2731760238 380.790010348 400.082415299 38.4198669442 38.0594245939 202.194740206 100.736944728 40.0225224426 20.2178830851 39.7261119365 59.731361151 97.8267825955 19.0558602242 155.250827883 175.142747703 18.7677804664 19.5398670367 19.8984427024 18.9385264701 18.2604304206 58.7962192744 22.236614933 14.5326934639 -9999.0 -9999.0 -9999.0
-9999.0 -9999.0 -9999.0 -9999.0 -9999.0 -9999.0 -9999.0 -9999.0 54.3625731123 79.4845902423 27.0895534894 54.6591595328 80.8310111319 132.662532668 26.3137778314 25.7416872479 23.4509739349 23.7776988469 22.2995459805 601.666826371 23.4614954596 46.1938263201 5060.27481347 5114.86236122 28.6370387673 95.7110020233 522.979858045 38.9221510144 77.1672519942 37.1894780862 54.7500703404 474.230639287 56.2167680183 294.320025856 238.45914616 17.9938134642 97.3693339792 38.951615161 58.1259811942 18.3634672647 116.522678518 154.802058998 172.885092977 190.447394413 246.936011827 36.0990224287 37.0330022098 35.4078184594 33.9894890594 75.2986870831 16.0506658886 53.054310913 67.984534309 -9999.0 -9999.0
-9999.0 -9999.0 -9999.0 -9999.0 -9999.0 -9999.0 -9999.0 -9999.0 28.5323354517 135.720113768 162.353663759 26.7146532865 52.667300686 25.9592539342 24.7897150711 24.3830388823 300.835710235 401.914838785 494.731612313 584.1960079 23.0043678968 23.0517628345 26.838341512 5224.07955724 5282.57733424 5311.02865722 707.232310637 156.202816323 135.13796761 18.4301992566 72.728081221 564.795049417 18.052878915 312.182204853 18.1642755544 124.201285476 116.151054711 18.5302314925 76.3532147823 36.5402487636 54.4365617856 18.780911292 17.2866268933 207.888186452 224.408611659 263.425037263 54.1005695386 52.0466957001 50.2487200888 91.8364081573 124.008109963 16.0119265046 83.0683545088 15.3707635859 29.7739067282
-9999.0 -9999.0 -9999.0 -9999.0 -9999.0 -9999.0 -9999.0 -9999.0 -9999.0 28.4467134814 189.54462507 215.963711198 78.7356456023 130.603402075 180.184600831 205.008308014 24.9677227259 77.4578843363 50.4835680429 24.9579063924 24.649309648 22.9894247596 46.2815796272 82.4960117547 32.7457167973 6078.68996503 6107.20716054 26.4659855622 18.6267059322 36.0094950383 53.342990347 616.890324739 34.9404761273 328.885402824 191.477839817 156.785912437 17.8602985629 36.1586849172 93.5922597936 17.134821583 71.2646852204 35.4787270722 29.481222982 11.3114088476 262.506212014 540.262429079 67.4599960776 65.6638627716 64.7267809027 14.3190796784 138.168096015 13.9620415973 112.69692346 14.1017581416 43.8795856034
-9999.0 -9999.0 -9999.0 -9999.0 -9999.0 -9999.0 -9999.0 -9999.0 -9999.0 -9999.0 26.2251392612 268.822434031 26.0250327375 51.9817034068 76.2871831214 125.820293089 25.6697445292 52.5137398761 25.6803207277 25.0728275097 23.6043774621 46.9397898748 21.8638406151 25.5391505507 55.5400656345 31.9957318805 6135.4983531 6189.31439145 6262.85491946 73.3786522179 17.3820188733 34.6298201626 634.245365998 605.153304741 226.701949873 17.4373318709 71.3817614954 53.7463776295 110.875928709 34.36429605 140.401831706 52.1758410215 44.4798991234 6.71767799042 11.674620949 556.668260307 572.016789994 719.396387997 108.696089883 29.1574238538 153.150188538 181.697904875 307.958572675 27.9552987991 13.308261819
-9999.0 -9999.0 -9999.0 -9999.0 -9999.0 -9999.0 -9999.0 -9999.0 -9999.0 -9999.0 -9999.0 13.3421202136 297.423659115 24.3852022121 48.4185089605 223.629687231 25.6306477309 25.5946600151 23.2182731921 48.5128936031 22.6689157498 92.1895832318 135.282718432 156.010115638 76.291001331 100.824248561 27.7735077762 30.1232756299 26.9292846427 6379.88369008 6435.56648133 650.441788415 636.973527144 621.129729244 32.9868699514 16.340710885 87.8228611009 231.625098161 127.399922561 50.8638308338 207.212123798 81.9809365283 66.5519733926 12.7745656727 5.7921945665 6.19124659076 8.3648754993 757.044963382 908.610154836 13.7813983565 13.2784800957 13.5668100062 321.076294509 361.580619983 24.5648529487
-9999.0 -9999.0 -9999.0 -9999.0 -9999.0 -9999.0 -9999.0 -9999.0 -9999.0 -9999.0 -9999.0 12.6058950954 328.299559116 404.99191813 24.1508967796 271.807213612 24.2671391953 23.7210022514 45.8352404501 117.144187033 22.3241685927 23.0860919714 20.815128553 198.239389525 218.438954253 339.537963532 387.157654489 409.695185979 434.825456688 458.873219467 6919.09179315 7610.95463149 8288.48636944 8307.62329691 18.0884083527 16.5026983933 264.525072545 248.215976887 16.2502126644 15.9114670504 222.228274779 319.998040083 13.6977507626 126.845116957 116.554002219 26.2177133496 15.1955800207 24.5464286764 15.1903996401 936.883752842 14.2016452894 40.1384645057 52.0978254396 445.452439556 475.0897926
-9999.0 -9999.0 -9999.0 -9999.0 -9999.0 -9999.0 -9999.0 -9999.0 -9999.0 -9999.0 -9999.0 27.0766056863 52.27809213 429.854481425 476.505233281 23.4131707469 316.86988615 22.2476439954 67.1556687096 138.70513741 43.5493484589 21.1714431851 42.9647936424 19.8961635108 38.0003586897 18.140679426 16.4082113453 13.1981696492 11.1615835631 11.0458402344 11.6715159435 17.2572441843 22.0134607214 25.9431085013 8371.34986754 342.721504291 303.811284718 18.5307131547 47.4510083212 11.7866847524 9.64830493577 334.982903389 506.29720877 142.568384182 104.721778466 13.6790628194 6.4673663506 6.06324823665 18.7032973897 969.805041052 997.2805651 14.0784330946 14.1284051487 11.4106483848 5.5076514427
-9999.0 -9999.0 -9999.0 -9999.0 -9999.0 -9999.0 -9999.0 -9999.0 -9999.0 -9999.0 -9999.0 -9999.0 24.690873274 317.016568155 817.632415414 889.001776327 1228.10345885 1248.56209486 312.511128827 225.65163207 65.0848607051 20.983393206 84.0572566387 103.841836128 160.156098083 36.8195787191 34.0336013788 31.0039518051 59.325668115 28.0340894528 27.7243854543 12.9665540857 7.03354364029 10.7004082725 8391.08833758 8745.78061215 8768.7977954 19.6237167778 138.320815194 52.7929098342 15.8580272537 553.547561502 32.5423312179 16.6244277636 65.3217692813 13.2684873906 13.4696927004 26.2007423152 38.6182627566 52.0913253679 1022.16333607 12.017476696 10.9547043956 10.9595048317 8.4166617295
-9999.0 -9999.0 -9999.0 -9999.0 -9999.0 -9999.0 -9999.0 -9999.0 -9999.0 -9999.0 -9999.0 26.0838968043 240.832955869 292.455497271 48.5320207086 14.0979061436 32.8375844733 1303.72932458 1324.19843917 1656.10710548 19.7427475942 40.5867396595 18.3925675753 18.6546629855 178.138175876 232.916588503 283.538905493 16.6726908834 75.6889690089 119.829139679 71.7569634984 28.5883214523 19.8492265955 18.646234573 20.8439855182 13.8464762904 8787.04761087 8803.85953686 8975.17904362 28.5742546926 14.5501547702 566.973587812 33.8388323367 17.2267666739 17.7255741831 17.5383912192 16.753348756 30.5942625956 90.9651485085 157.196792597 1191.25302596 9.76764491286 29.357540103 19.806581477 16.5267520721
-9999.0 -9999.0 -9999.0 -9999.0 -9999.0 -9999.0 -9999.0 -9999.0 -9999.0 -9999.0 -9999.0 26.5901368518 164.369188091 26.2461042124 24.0357502702 120.063834387 142.203989302 165.0772795 186.578814805 2233.50801401 2250.28184133 2287.0466165 2561.83242416 2617.18668444 2648.28230848 2666.84564336 2985.3022102 3024.56081386 3040.40330144 3176.85482682 3265.47790792 3281.243901 3327.90611551 33.5099555102 30.3579634324 7.19263972756 10.3519126876 8820.71328391 9036.37648892 44.327094516 659.586298039 645.653285343 65.8150261736 16.1648691688 16.3076091794 16.0825578087 15.5990468359 31.425710128 46.2947969024 15.0657649981 1202.84185985 1214.81145105 1274.64966201 1285.01468673 1311.26806039
-9999.0 -9999.0 -9999.0 -9999.0 -9999.0 -9999.0 -9999.0 -9999.0 -9999.0 -9999.0 -9999.0 83.619335668 110.698290014 52.2000184483 77.2100079677 24.7434846043 280.695940403 304.465863246 350.963178618 369.393364081 152.164314184 2468.03846081 2484.5815425 17.6603061619 12.7893485241 10.3271100217 23.5495871887 10.4243477319 7.38911524966 6.8583024085 8.47469272288 3293.15790392 3340.88424379 3389.21024221 3432.99739542 3469.42479521 17.0173831452 7.75493557589 9740.15697243 687.774381227 673.829763996 14.8164145972 14.5119702189 13.9478875579 30.5484226459 30.4036596051 14.1343570312 14.0261281807 13.3211917937 28.2495968034 39.3941639361 9.90485790534 18.5509478361 6.63062463604 2.89783319553
-9999.0 -9999.0 -9999.0 -9999.0 -9999.0 -9999.0 -9999.0 -9999.0 -9999.0 -9999.0 -9999.0 -9999.0 56.3144927898 26.636907351 25.1675485207 233.71129981 258.001422007 24.1919940953 94.3471365387 116.131314391 135.390520652 20.9642090886 18.4538912039 377.625205588 393.471394658 408.279539938 1048.61742596 1059.07281772 1073.7712075 1161.01974259 1203.89669746 1210.38473176 5.71734404415 5.93452989113 7.28173349968 3492.75569509 10.6435116329 9880.32533463 9862.25148936 108.118513712 92.9020801344 57.7404117361 14.4739192379 27.9084745052 44.7946818119 44.6124999992 27.8817352114 13.5961908168 26.7890032461 26.5657762038 51.5741964634 8.17769473898 27.2991830508 43.6944562967 49.782879132
-9999.0 -9999.0 -9999.0 -9999.0 -9999.0 -9999.0 -9999.0 -9999.0 -9999.0 -9999.0 -9999.0 -9999.0 28.6845813056 81.1989638855 106.588459652 183.907164072 24.2854292856 48.8992763232 72.2539607291 269.578266301 288.239747081 300.619133511 319.624856188 341.415208287 536.078156511 597.490721943 628.168245125 10.77122944 71.6366533757 80.3762463971 1182.54314041 1218.11129333 1231.26643447 1244.349614 1258.89555451 4763.9241516 13.4587860584 9924.94657143 18.5718265301 7.04981247249 78.7416352182 69.4188813128 9.97570180323 40.3705469985 57.3931462618 57.0327316038 39.7499975621 65.1074874405 103.010086647 38.3412909998 101.064912227 8.51544802233 11.9968312668 2.64776518552 2.17018860745
