data/baseflow/mHMbf_acc609.asc
ncols                  80
nrows                 72
xllcorner      4374000.0
yllcorner      5656000.0
cellsize            500
NODATA_value       -9999
[rows 24 to 47 of 72, columns 0 to 54 of 80]
-9999.0 -9999.0 -9999.0 -9999.0 -9999.0 -9999.0 -9999.0 -9999.0 -9999.0 -9999.0 -9999.0 -9999.0 14.7413389457 38.0512668903 49.2064610949 82.1438795563 8.8931219174 18.2470668783 26.4868516693 108.965638154 114.228402865 116.945284496 121.832130614 128.62875328 209.297881281 227.687610284 234.77078335 1.9426214907 15.7950928569 17.5830821787 403.145266344 407.471052679 409.684125416 411.961248666 413.677793676 1493.37829998 3.91159101169 2922.56688163 2.09623311875 0.729792487694 22.6123421584 20.6970255991 2.14409832069 11.9072932723 18.7418574559 18.4746816623 12.5018561071 20.2937333083 31.9467839875 11.7141244322 29.8247489526 1.87318851783 2.16405696587 0.230613471366 0.169238751784
-9999.0 -9999.0 -9999.0 -9999.0 -9999.0 -9999.0 -9999.0 -9999.0 -9999.0 -9999.0 -9999.0 -9999.0 13.0339352732 25.5899278676 11.0844003489 22.3036147619 8.78915198587 75.6119450542 92.6623207659 101.297273 7.38776042484 13.2905980547 167.583256905 199.895052104 204.401852989 12.8166916712 10.0131525773 13.2372301557 1.32275471676 1.05674968617 1.89189320832 1.10123580596 304.367685321 305.782795523 306.833736003 1496.98783855 2935.45948005 2923.2735827 0.950566632627 0.53144863248 0.474185270712 3.05936462549 2.71916241375 12.9904538204 21.1469945799 43.2329702151 3.72518146766 3.67899999053 34.5270631959 37.2043322103 72.0910839697 73.3674285939 75.7928480068 76.2207823308 0.363224191427
-9999.0 -9999.0 -9999.0 -9999.0 -9999.0 -9999.0 -9999.0 -9999.0 -9999.0 -9999.0 -9999.0 -9999.0 -9999.0 11.6116051796 23.7254581188 36.2291232018 56.0115985247 10.8536619247 9.20244262805 80.1687841764 88.040492761 156.174103788 164.273146942 21.8240929899 7.12758932692 6.30019498691 5.43965892425 295.906621665 298.223152019 299.898781847 300.985998493 303.185543928 22.7776327621 24.3959123756 332.541678425 4766.64652216 7.81660304213 5.56202784305 1.98162790077 0.644549448333 0.413435199279 3.97069568172 4.22651283648 13.6916477805 0.360779598166 43.8510485784 5.15378424933 4.95939544129 0.409873481302 0.231663263434 0.203355920858 0.448066618923 0.213489499728 76.4479537951 964.170954741
-9999.0 -9999.0 -9999.0 -9999.0 -9999.0 -9999.0 -9999.0 -9999.0 -9999.0 -9999.0 -9999.0 -9999.0 -9999.0 -9999.0 11.3612272947 25.6897676387 39.0629203641 52.5902881459 61.8326195779 71.5784103132 27.9448381609 46.5095000618 7.72655554836 7.25507882935 264.368239314 278.602073077 284.745569569 291.529638442 3.9801740812 6.41239843829 17.7676073986 19.1491432561 20.7784818328 2.18974950007 1.90749650612 4773.70279614 2.36068011556 2.71315394189 1.39009302344 3.10294045422 1.36677353725 0.978628285799 18.7107381708 19.8400700572 0.502099882982 44.5591856751 49.9523773332 5.22195063842 982.661004203 981.986578987 981.469245285 979.865673785 978.963886143 966.831731577 965.976074219
-9999.0 -9999.0 -9999.0 -9999.0 -9999.0 -9999.0 -9999.0 -9999.0 -9999.0 -9999.0 -9999.0 -9999.0 -9999.0 -9999.0 4.39479861027 9.3614380548 13.8967091624 146.583125532 156.391761933 10.1641990851 9.59582739256 9.41709730891 232.324535137 249.952732507 8.20889698871 8.20753793934 5.80935289879 23.8089978645 29.4399144331 12.3679129553 14.7982296995 152.062468235 155.038240808 162.663521657 245.117047585 5021.10364677 2.77515376127 1.04980382431 5.03409760922 4.00018225227 0.876692598904 2.85167251489 3.82095027776 20.8845202854 21.7614512385 73.0797453265 50.2164623155 5.44954263841 999.794137939 7.42590001742 980.941644803 980.451709105 11.3836070367 0.710070872871 0.484666367029
-9999.0 -9999.0 -9999.0 -9999.0 -9999.0 -9999.0 -9999.0 -9999.0 -9999.0 -9999.0 -9999.0 -9999.0 -9999.0 -9999.0 23.0797234518 37.5765195468 74.39372126 133.644594642 170.163678739 196.279655243 205.656680761 215.42743795 224.638734754 8.43202422273 7.01623397648 13.3827984693 12.0682608628 6.23301347946 136.255753573 141.617827691 146.402364222 150.818442462 72.7678465876 74.485076675 79.4497173256 5023.0844227 5.19320403157 3.77608919426 9.52450348281 0.845391675757 2.47094514138 1.47066689262 0.870094957498 4.95324531834 0.640077599599 0.675605201814 1077.76209345 1004.14532792 1003.36726954 3.88210510163 7.10221818932 4.19867073277 0.626449717021 9.4295553035 1.75744126861
-9999.0 -9999.0 -9999.0 -9999.0 -9999.0 -9999.0 -9999.0 -9999.0 -9999.0 -9999.0 -9999.0 -9999.0 -9999.0 -9999.0 16.1767037008 15.4190412327 30.4490112365 45.582043823 13.4646124041 12.7481325643 23.2618538662 33.2437536806 50.9892196499 59.8821690855 67.30170271 88.4772104044 94.8471554332 101.913327702 5.36334624532 61.6709279749 65.7823329536 68.7902986008 1.66908969087 0.388579827323 0.791942500618 5102.33228818 5104.15740714 5112.84375647 12.1128622349 1.81664685622 3.61386500418 0.857947247417 1.52255822617 5.70906225248 6.92027468848 1.17792081623 1081.21069486 1.29417729958 2.10911021457 2.35397804005 1.79527029104 2.92735682072 1.11854566068 7.35429467306 4.91540561132
-9999.0 -9999.0 -9999.0 -9999.0 -9999.0 -9999.0 -9999.0 -9999.0 -9999.0 -9999.0 -9999.0 -9999.0 -9999.0 -9999.0 -9999.0 14.8175024898 28.9255729894 13.4390696167 27.1529403367 169.909400799 180.362693796 189.640105013 8.9897142795 8.94683232418 16.3327282647 23.8024926484 36.2936093787 42.4710215863 45.9042312639 50.8631140974 3.79444402305 2.62061415497 73.3067927453 73.8990344664 74.921171306 76.4238666911 63.6203601138 5182.97624936 5204.10336497 5205.00083078 5209.32633818 5213.25803208 5215.43855402 0.519516104468 7.47673210921 1081.73257484 1.21379741316 0.628694586419 1.04103469047 1.10674382219 1.80275866599 1.33921188962 0.819239700389 1.5274720564 1.14614325124
-9999.0 -9999.0 -9999.0 -9999.0 -9999.0 -9999.0 -9999.0 -9999.0 -9999.0 -9999.0 -9999.0 -9999.0 -9999.0 -9999.0 -9999.0 -9999.0 42.925682905 56.8823482681 99.4899910531 129.462462513 15.1141540391 216.681930252 225.804729578 234.174900562 8.02139652698 15.5433422598 6.37287029512 50.6973854105 53.5783445413 58.3687492081 62.6569567301 71.3985638089 72.5584694273 0.725379358356 56.931047917 60.205495487 62.1765288377 68.2575301697 7.38637593197 4.46927942316 2.32037840896 2.09849496585 5218.08290312 5219.00716855 5230.7096511 1082.21317358 3.84318977702 2.21783601172 1.57564117853 0.401762306619 4.67344226461 2.31286696744 0.697055670116 4.01776906231 3.46474180517
-9999.0 -9999.0 -9999.0 -9999.0 -9999.0 -9999.0 -9999.0 -9999.0 -9999.0 -9999.0 -9999.0 -9999.0 -9999.0 -9999.0 -9999.0 -9999.0 14.7731786043 71.4425613169 86.4737297735 15.5901998307 10.3890147229 21.3588887698 30.6486389425 273.605501213 7.8529352559 31.7956033672 38.5629569045 45.1739289112 3.18519422611 7.34183884078 8.70512446599 47.2588574912 50.9632512667 52.8642500307 1.78999124895 1.34092552216 1.36960074066 2.55002191714 0.93040319947 0.919018520867 1.17386630621 1.07348940103 0.940049029905 3.59099689774 5231.83742961 6316.46280982 5.41030462122 1.07051662709 0.477573180384 14.3290758842 13.4209863443 7.95086834729 7.10787080088 5.18676801968 1.46585730927
-9999.0 -9999.0 -9999.0 -9999.0 -9999.0 -9999.0 -9999.0 -9999.0 -9999.0 -9999.0 -9999.0 -9999.0 -9999.0 -9999.0 -9999.0 13.0605758112 40.9939565634 13.3285088323 14.4688254243 12.6597308784 23.8829260943 34.8214453719 45.4453539686 330.631909435 338.253986048 7.95682947043 14.907593957 21.9501813259 26.1231832682 30.3049670769 40.6061915589 45.4871020408 1.33799493966 1.64272318194 0.878662751337 1.03762864546 1.43517526009 1.63406316642 1.38265031013 1.65641447275 5.29262831038 2.19379829236 1.15709616943 1.11674261073 0.842664432278 1.50140092886 6364.99879829 42.3544602371 17.8235972261 2.26424032451 1.09366793167 0.640025789016 1.99686427664 1.26083082957 0.591677054525
-9999.0 -9999.0 -9999.0 -9999.0 -9999.0 -9999.0 -9999.0 -9999.0 -9999.0 -9999.0 -9999.0 -9999.0 -9999.0 -9999.0 13.8494242204 26.5739698569 93.6819339135 12.8331971193 29.1228072138 41.0472241367 51.57275661 11.3600823102 20.4887041732 32.2568500235 380.870425116 7.28021524161 13.5674267847 19.9330731946 5.38320243581 10.4329903618 11.7523757716 15.4671821509 601.028149515 604.631452374 607.488709331 626.03172963 629.414719981 640.63898335 2.90662562183 6.10916991584 6.35519294267 671.841501215 673.736203534 0.983875564096 1.48296294329 1.96462001137 6365.88437467 40.7879061774 17.6053754603 16.0642159157 13.9357831097 12.4748769933 2.64216722012 0.709566944914 1.13876921002
-9999.0 -9999.0 -9999.0 -9999.0 -9999.0 -9999.0 -9999.0 -9999.0 -9999.0 -9999.0 -9999.0 -9999.0 -9999.0 -9999.0 14.2493681929 42.9896616102 150.695732441 224.185733211 11.4249565576 291.724840508 355.519609114 10.5798225678 19.7425253295 31.052964333 470.009846626 479.183984465 5.71998961689 31.5397336259 36.4105206307 40.2002789931 572.54504994 579.256588419 584.279776222 2.49575066036 13.4666561189 16.0131133534 6.05228177698 8.5661934082 652.14878939 661.550290889 663.259467043 664.80182229 675.132894076 0.668552962458 0.579080406989 3.03081564923 6367.00974328 3.68696297691 0.363294552955 0.975869331182 0.419605245046 10.8440189956 10.0353816174 6.07843577122 4.13456439811
-9999.0 -9999.0 -9999.0 -9999.0 -9999.0 -9999.0 -9999.0 -9999.0 -9999.0 -9999.0 -9999.0 -9999.0 -9999.0 -9999.0 -9999.0 -9999.0 30.1113762996 60.6030022214 265.128033906 279.638587222 368.045088184 380.618984968 10.2425195424 20.4993532668 48.0918851008 489.062371048 502.809804913 507.532298833 3.46385233285 523.4967471 530.392733673 4.5850051564 2.551195114 4.71014985791 9.11082282513 2.16728751693 4.10159157802 8.36617475776 10.2430935856 1.95688487598 1.09317078341 2.07704879129 683.72074322 686.047192421 686.528028266 691.251147558 6367.95581085 3.12095706312 0.196746240484 0.203494392053 0.201621779021 0.213170510134 0.172189274514 0.303686805113 0.700841652871
-9999.0 -9999.0 -9999.0 -9999.0 -9999.0 -9999.0 -9999.0 -9999.0 -9999.0 -9999.0 -9999.0 -9999.0 -9999.0 -9999.0 -9999.0 -9999.0 15.8288461455 15.4415045802 14.8573154613 28.9578032564 12.3686898094 405.312454767 416.597905157 9.97803917646 18.8622601621 8.78055480752 6.59000582644 6.2611707815 517.030109753 2.18019455054 4.50592287983 2.78616598477 2.63019306179 2.24810772955 1.51925482812 1.62263899787 5.05002398599 7.05987916337 1.1869115735 0.958531737913 2.18464675688 3.88636680658 4.91439831775 1.22749750372 687.591751609 691.78811266 6368.66803013 4.74112301114 0.388592271228 0.0819403292107 0.262450329136 0.0633757351574 0.0473315998936 0.358726359528 3.33633581465
-9999.0 -9999.0 -9999.0 -9999.0 -9999.0 -9999.0 -9999.0 -9999.0 -9999.0 -9999.0 -9999.0 -9999.0 -9999.0 -9999.0 -9999.0 -9999.0 -9999.0 -9999.0 15.1427758944 42.5958452684 54.2037557869 66.2847212723 428.222472737 439.782958195 450.570436207 461.272765748 467.2461589 479.883455444 482.025706348 483.91190224 485.50576794 2.1080973073 1.87899627419 2.09488679539 7.0178571696 1.94050476709 1.80000651368 1.22820155316 3.53299861836 1.47481122891 1.02043865627 0.913326250368 0.741379260748 1.47849531096 2.14827836104 696.20404847 7070.33662799 1.15818613555 1.95150521218 0.0536048119496 0.340783249382 0.213876824849 0.0953411545387 6.30894069197 5.51521568921
-9999.0 -9999.0 -9999.0 -9999.0 -9999.0 -9999.0 -9999.0 -9999.0 -9999.0 -9999.0 -9999.0 -9999.0 -9999.0 -9999.0 -9999.0 -9999.0 -9999.0 -9999.0 -9999.0 12.4934025404 99.872748628 192.967363753 205.122536563 14.4579629381 24.5445080944 33.4380723387 39.9607962253 87.1219906056 89.4175867385 2.23272831131 2.11072754217 489.745066114 493.253093602 494.911341198 8.15580562426 0.954032191802 2.80858225342 4.04879123918 12.0915448441 14.847350741 16.7925276705 1.71574529026 2.35966348456 0.814683599349 1.60125551995 0.86502019797 7071.93015731 0.842162047278 3.73936905674 0.771416675461 1.40234732954 8.1398444203 8.73190176381 15.6112238862 4.70157976232
-9999.0 -9999.0 -9999.0 -9999.0 -9999.0 -9999.0 -9999.0 -9999.0 -9999.0 -9999.0 -9999.0 -9999.0 -9999.0 -9999.0 -9999.0 -9999.0 -9999.0 -9999.0 14.060597872 45.0338978002 87.7487201533 114.270452061 286.17941191 299.299875537 19.1400058268 28.1923284814 35.1564374112 41.6699152436 91.4745769495 95.8982716723 158.605778961 162.286954483 163.993449882 496.572743787 508.525586459 2.564548062 1.9933688593 1.82134301551 3.40420701197 1.47972239825 19.6389800104 20.5604683855 3.07235047023 3.90480197538 0.968788159736 2365.70578949 2367.57487805 9440.63320233 9445.71470512 1.10417996661 3.70715179279 3.86525427546 2.05403694997 18.6090806161 23.9364204495
-9999.0 -9999.0 -9999.0 -9999.0 -9999.0 -9999.0 -9999.0 -9999.0 -9999.0 -9999.0 -9999.0 -9999.0 -9999.0 -9999.0 -9999.0 -9999.0 -9999.0 -9999.0 -9999.0 16.1921333644 15.573097602 29.2507632175 68.9678875656 311.585325422 9.99114844926 9.8119867755 16.8311920413 24.0303997503 54.1189540389 57.2728916098 1.88878680588 2.69485562028 166.737581572 168.595334901 678.746578536 680.090735735 0.794900538176 0.668939966146 0.537948307215 0.544540650189 0.646476367238 2347.63886583 2354.07943717 2358.73356643 2360.60964258 2364.89974282 1.0686592651 3.8083606416 4.4229211532 9451.96995176 9452.63905074 9453.13388314 9453.84065982 9454.71289611 24.9707901078
-9999.0 -9999.0 -9999.0 -9999.0 -9999.0 -9999.0 -9999.0 -9999.0 -9999.0 -9999.0 -9999.0 -9999.0 -9999.0 -9999.0 -9999.0 -9999.0 -9999.0 -9999.0 -9999.0 -9999.0 14.1423040454 14.8741836437 27.340361291 364.595170107 376.126986834 9.4867635789 16.4364145103 23.9181380815 27.7556029295 2.92721697946 5.85160075494 711.814603821 713.692928824 715.464335784 730.598317324 1412.00481572 2307.40164383 2309.66732378 2311.66975861 2313.55827278 2322.93485712 2326.11797067 5.64247476397 2.34223226606 1.55124284888 2.83392134679 1.88460664599 3.0664588719 0.938716877615 22.7619933186 28.106617077 32.1293485456 32.3817367717 9455.11384434 9480.71013151
-9999.0 -9999.0 -9999.0 -9999.0 -9999.0 -9999.0 -9999.0 -9999.0 -9999.0 -9999.0 -9999.0 -9999.0 -9999.0 -9999.0 -9999.0 -9999.0 -9999.0 -9999.0 -9999.0 -9999.0 -9999.0 14.4238461845 27.4593894144 40.5671839335 386.519370898 9.89118468424 512.492987691 520.290153696 523.000381262 525.995689778 699.197705627 702.81283319 2.17364430203 11.5915036375 13.9124786215 2.36569577116 893.268232588 889.08256299 1.10959168081 2.7799291232 7.72563155881 1.78997568757 1.95333513594 1.19666013762 0.96714610616 0.689956801726 0.870917302516 19.8546527447 20.8059318563 22.0243953898 4.67846293618 3.41716305514 33.7251610443 34.1938567922 34.3807223027
-9999.0 -9999.0 -9999.0 -9999.0 -9999.0 -9999.0 -9999.0 -9999.0 -9999.0 -9999.0 -9999.0 -9999.0 -9999.0 -9999.0 -9999.0 -9999.0 -9999.0 -9999.0 -9999.0 -9999.0 -9999.0 13.0463234286 12.0935136901 62.962151175 473.574520557 495.34220178 505.751713109 7.75967444331 166.754477333 169.288752088 170.430144797 3.21606580024 5.90329329238 8.07858946095 213.588823583 215.196748097 216.529569769 886.638826902 558.568820633 1.6376470164 1.71149836547 1.58868775961 1.12053392719 12.347313782 14.6785968613 16.6413158771 17.7925627261 18.8819028631 156.726265872 157.453565274 158.386246224 160.378074185 168.547319149 168.815566058 203.46816678
-9999.0 -9999.0 -9999.0 -9999.0 -9999.0 -9999.0 -9999.0 -9999.0 -9999.0 -9999.0 -9999.0 -9999.0 -9999.0 -9999.0 -9999.0 -9999.0 -9999.0 -9999.0 -9999.0 -9999.0 -9999.0 -9999.0 25.4064001612 38.7911735196 12.6686127363 9.69036448297 142.866249452 150.969702116 155.502102503 45.6558923344 47.5111678262 49.7799081191 52.128871347 209.732437678 212.352075611 106.56323692 325.0107669 326.723351535 557.391244257 3.37715510955 1.71670890576 1.01457865359 8.63313054652 10.1779328083 0.754259229875 0.682292820871 153.014819741 155.005036867 156.035913802 0.963493637053 1.43362797582 167.60451331 0.518504274143 2.16037194992 2.36064594397
-9999.0 -9999.0 -9999.0 -9999.0 -9999.0 -9999.0 -9999.0 -9999.0 -9999.0 -9999.0 -9999.0 -9999.0 -9999.0 -9999.0 -9999.0 -9999.0 -9999.0 -9999.0 -9999.0 -9999.0 -9999.0 -9999.0 12.7045913812 25.0981765216 102.439658028 115.138136589 125.385417782 37.96789932 43.5110639711 2.54832948172 151.345759167 153.312163659 155.215545259 2.24674782186 101.883647967 104.666843999 1.78199498235 548.402486805 4.02134264803 1.96884247293 4.78089649264 6.50640692799 1.15134245299 0.856900605265 142.5206472 151.177960058 152.452847872 1.24771227107 2.45573016697 3.04500759562 3.52402785663 6.64430819488 0.785262789097 1.79712147276 0.334054067833
