data/baseflow/mHMbf_acc448.asc
ncols                  80
nrows                 72
xllcorner      4374000.0
yllcorner      5656000.0
cellsize            500
NODATA_value       -9999
[rows 25 to 49 of 72, columns 0 to 54 of 80]
-9999.0 -9999.0 -9999.0 -9999.0 -9999.0 -9999.0 -9999.0 -9999.0 -9999.0 -9999.0 -9999.0 -9999.0 26.7691511125 53.4161653539 25.2483522879 50.5797199745 22.9110757073 171.944505289 215.414755901 237.713174619 20.6191924355 40.3493692331 373.679791449 463.893346619 479.31760425 30.8311509979 31.3460150723 46.0703717187 8.64477753592 7.94501551314 14.77848365 6.63542125101 521.462122811 530.044791921 534.348963928 4523.14261868 8825.08062646 8784.86773545 7.41185683989 3.70189051723 3.30717030521 18.0763878404 14.833034914 38.3625630673 53.8723813655 107.393428684 9.70209244977 9.6346784031 85.7257411447 94.6002015473 182.941168187 187.055504879 199.008734215 202.045804918 2.60391509437
-9999.0 -9999.0 -9999.0 -9999.0 -9999.0 -9999.0 -9999.0 -9999.0 -9999.0 -9999.0 -9999.0 -9999.0 -9999.0 26.0105925916 51.8684769792 77.8239644203 125.016570331 24.1187529308 22.1622995816 145.127239932 165.650971076 336.415344264 356.852068614 57.6207551923 18.3485525911 15.3389233257 13.7435841521 475.226715769 484.528531209 493.320482572 500.30239967 513.785065321 87.3013041283 92.0838006094 630.671783238 13983.0966924 30.4884257867 21.9364465321 11.2361083701 3.15213472645 2.71262565043 24.0929970693 25.9009501117 43.8103669841 2.94298549487 111.814237698 16.313451023 16.0102516688 2.91370331421 1.66027019751 1.30788750536 1.25865534698 1.31767146862 203.496641502 2494.94584515
-9999.0 -9999.0 -9999.0 -9999.0 -9999.0 -9999.0 -9999.0 -9999.0 -9999.0 -9999.0 -9999.0 -9999.0 -9999.0 -9999.0 24.960316581 44.7144764204 61.7907296197 78.8385168073 100.94760303 123.519697351 65.3916962865 109.153988278 20.4723375434 19.7760016794 394.443770479 430.91740311 447.489643968 464.196032262 11.1959591316 20.2538066027 56.4929783243 68.2653110208 78.6503385036 6.33750375225 2.94542149963 13999.1540712 7.46091124169 7.02631406467 3.81431860466 13.7324648528 6.1851553342 2.96208232819 72.1242707045 73.8650870284 1.48706582471 113.405888971 131.266634608 17.9680688377 2562.14906672 2557.83828636 2554.65228204 2548.73646781 2546.29051024 2508.2859856 2506.33480811
-9999.0 -9999.0 -9999.0 -9999.0 -9999.0 -9999.0 -9999.0 -9999.0 -9999.0 -9999.0 -9999.0 -9999.0 -9999.0 -9999.0 4.39242682664 9.8765453696 17.0524976732 152.533301593 175.158646597 22.8717015922 21.7697470987 21.948062184 316.70450936 357.839873167 19.4090165335 19.619414684 15.9551033074 67.4719701979 83.7631017939 36.0899772006 47.3808134877 385.446467068 397.832503895 414.285706761 641.682511035 14645.5021004 7.23981315541 2.78549295067 21.4497293032 17.8580623273 2.20806398511 7.5503244447 9.72670196734 75.9405056822 77.5196947669 212.72070193 132.288781509 20.2485507809 2604.04813364 12.9494514194 2551.87151551 2550.37705153 35.6734501488 1.72797697526 8.13020283226
-9999.0 -9999.0 -9999.0 -9999.0 -9999.0 -9999.0 -9999.0 -9999.0 -9999.0 -9999.0 -9999.0 -9999.0 -9999.0 -9999.0 21.8607880544 36.0896359262 75.8802509471 131.61134887 189.938442271 232.403209285 254.285811728 276.322924427 297.285562852 20.1859431769 17.9606655374 35.4280728475 33.2700672975 17.7584242308 334.570071666 350.510417202 364.868807997 378.496137622 206.871515697 216.382731256 224.127262798 14649.6973026 12.4150951976 9.65162672524 34.6185158022 4.28954218115 4.23233533455 2.1272079327 2.0565048366 11.6357122949 1.34528215267 1.38596346866 2824.3643343 2610.5054919 2609.06770302 5.52064509746 11.5840861033 7.63841325492 1.82499730981 32.6395637816 9.23586438859
-9999.0 -9999.0 -9999.0 -9999.0 -9999.0 -9999.0 -9999.0 -9999.0 -9999.0 -9999.0 -9999.0 -9999.0 -9999.0 -9999.0 15.0939038609 14.2883194305 28.1443908231 42.352124595 22.1385161576 24.8681987649 47.3297129014 69.5126702395 111.103548065 131.604187559 148.718878369 201.947616421 217.600609411 235.528355039 15.8072500121 159.193982736 172.614940923 185.481092913 10.1981663946 5.78447438459 10.3887734452 14877.2344086 14881.1717816 14901.1268586 47.4313421481 9.20527438168 7.40805513556 1.95683100147 3.61057757503 13.2233711437 15.8575388037 2.48982846835 2830.16186402 1.62699187719 2.85675817839 3.3161387324 2.15924938268 4.40752588662 1.79859546326 21.6051374721 17.2310719066
-9999.0 -9999.0 -9999.0 -9999.0 -9999.0 -9999.0 -9999.0 -9999.0 -9999.0 -9999.0 -9999.0 -9999.0 -9999.0 -9999.0 -9999.0 13.7884077463 26.9759757764 12.8089222405 26.8521380737 167.41913708 186.747752239 207.993702458 20.6419451868 20.6718735006 37.9769002984 56.2197983984 86.2266150287 102.887680644 113.090064617 128.198783383 12.3718013847 11.7355410098 197.539026915 203.48692327 208.26115108 212.81034695 167.03640828 15086.2324731 15159.0229855 15163.2780415 15174.4003246 15188.2441828 15193.3370086 1.21852592363 17.0916519895 2831.27949058 2.45280953633 1.25519215301 1.23357640298 1.2256472504 2.29473464597 2.57752041307 1.48761099747 2.31757510687 2.29935721146
-9999.0 -9999.0 -9999.0 -9999.0 -9999.0 -9999.0 -9999.0 -9999.0 -9999.0 -9999.0 -9999.0 -9999.0 -9999.0 -9999.0 -9999.0 -9999.0 39.8957460824 53.2777253025 93.0285534047 125.00330136 17.4498761514 248.489754042 268.296750255 286.669573912 17.3020062923 34.0411965399 14.05934047 112.090585409 121.077806556 135.319436397 150.20489691 184.126311972 189.388630036 3.53151689546 150.31615608 159.01268029 162.889862775 180.923196139 21.2625367485 12.9315381498 7.49496640318 6.44385941503 15199.1765435 15200.9753406 15227.5777852 2832.26100101 6.81453664892 3.51227078437 2.30529472648 0.893661072094 7.58244355222 4.17636305462 1.31321428824 7.55274813145 6.41954591893
-9999.0 -9999.0 -9999.0 -9999.0 -9999.0 -9999.0 -9999.0 -9999.0 -9999.0 -9999.0 -9999.0 -9999.0 -9999.0 -9999.0 -9999.0 -9999.0 13.4159480154 66.5021669531 80.4633772465 18.6280467261 21.8490041473 44.4395332653 65.1412472598 371.047845639 17.4298032544 69.6067091746 84.4686466264 98.9263422437 9.82901236996 22.7722700995 30.0768824985 120.590705913 134.362164808 138.195416659 4.39667447518 4.51162195613 5.47082763786 9.87775526217 4.48658402269 4.7420620962 5.18960910633 5.02006251112 4.49081292373 8.18029123339 15229.4768119 18065.8591234 8.27428458985 3.00359327446 0.869101589492 24.5132852753 22.5834657767 13.7055302659 12.4053941853 9.41722849522 2.25334033024
-9999.0 -9999.0 -9999.0 -9999.0 -9999.0 -9999.0 -9999.0 -9999.0 -9999.0 -9999.0 -9999.0 -9999.0 -9999.0 -9999.0 -9999.0 11.7833479883 36.9051348925 11.889474477 21.4547637246 23.2469236803 44.6737959314 66.1542136944 83.5126589819 466.634342417 482.725532219 16.5650977343 30.9817280842 45.722045287 56.5259899219 69.0634668224 108.147337522 115.934189084 8.76961402743 6.46317469991 4.39523371636 2.40628257284 5.13236343893 5.66224514565 6.94470855477 8.82903474807 15.7380175541 6.6014684781 1.23915185908 1.18399818263 1.29130628477 2.45279303352 18138.2019434 60.9525223626 28.328414513 1.7984180354 0.80782796984 0.756089195587 2.99234758998 2.1691033189 1.16396102894
-9999.0 -9999.0 -9999.0 -9999.0 -9999.0 -9999.0 -9999.0 -9999.0 -9999.0 -9999.0 -9999.0 -9999.0 -9999.0 -9999.0 12.907831953 23.9249614859 83.3980576583 10.6249574069 37.476218372 60.2034260657 81.1450122958 21.5913684647 40.3290852771 55.3630197394 548.91606127 15.5598373655 28.9185758018 43.0163306574 13.5710774094 26.9688368855 35.3593798122 43.1929227189 955.25700877 966.783683293 976.907556023 1010.36499831 1021.6732216 1045.06048412 9.83538437613 22.9803272526 19.5662844963 1117.0279422 1119.53093722 1.10805280109 2.12205367017 3.0958196208 18139.4579927 55.0309896071 24.5718775362 23.6009896302 19.0309351888 16.7985416985 3.96809553306 0.899294659453 1.96241503744
-9999.0 -9999.0 -9999.0 -9999.0 -9999.0 -9999.0 -9999.0 -9999.0 -9999.0 -9999.0 -9999.0 -9999.0 -9999.0 -9999.0 12.9038891585 38.8585974321 134.584937694 196.325630482 8.82197860552 251.081909963 343.84958029 19.8565874574 37.8975251834 53.8296707729 697.184471904 707.919451103 9.26286860861 61.7763235161 71.1728215588 81.9502728581 877.977868011 896.913985095 905.647926218 4.08744600153 23.8439033283 28.4585701868 9.47428648398 12.9996631547 1063.38902767 1091.31570228 1093.78604064 1096.06414012 1122.07004567 1.23359515196 1.09471582947 5.08405509651 18140.7811275 1.18145412086 1.28236383762 3.75553444355 1.47923574027 15.3048227779 12.2443613719 7.16764408915 5.3165661391
-9999.0 -9999.0 -9999.0 -9999.0 -9999.0 -9999.0 -9999.0 -9999.0 -9999.0 -9999.0 -9999.0 -9999.0 -9999.0 -9999.0 -9999.0 -9999.0 25.7157972486 51.1671246261 229.378690484 241.213288455 353.900041629 365.475591574 19.1977318875 38.4130209321 85.4542064992 715.667956813 734.240369666 741.095578428 5.16521128958 767.294680255 787.048191937 11.4725744918 4.07283601603 8.08785469858 15.2326445798 3.53544782803 6.61794761373 13.6010789354 16.3338197728 2.87324135687 1.86043712612 3.55132924909 1138.14164302 1144.31987902 1145.30284845 1153.034251 18142.0331642 0.779529344823 0.882547229631 1.01113581422 1.00483085187 1.03435618472 0.913804885352 1.70795421229 0.64311916699
-9999.0 -9999.0 -9999.0 -9999.0 -9999.0 -9999.0 -9999.0 -9999.0 -9999.0 -9999.0 -9999.0 -9999.0 -9999.0 -9999.0 -9999.0 -9999.0 13.1901081737 12.7900073563 12.044437971 23.1908435224 9.42211117194 384.474676971 394.557656755 16.1743450142 32.3678197717 12.3666410424 8.77731905526 8.3692295662 756.120305312 6.49283557427 13.1218962358 6.24906122934 4.58720254198 3.62750737965 2.62036941614 2.73996931521 8.32551875638 11.4612298454 2.06581837744 1.72197913023 3.71825175017 6.24346364059 9.74964140866 3.96869372851 1146.90220185 1153.99986596 18143.0233676 4.02829108607 2.51469053102 0.619423016077 1.52506121122 0.531838708933 0.43400937823 2.18039311215 3.41860030734
-9999.0 -9999.0 -9999.0 -9999.0 -9999.0 -9999.0 -9999.0 -9999.0 -9999.0 -9999.0 -9999.0 -9999.0 -9999.0 -9999.0 -9999.0 -9999.0 -9999.0 -9999.0 12.5277410955 34.1812400687 43.067970949 52.2855904996 403.791251106 413.833813216 423.386022239 434.12662931 442.207527516 459.205985237 465.286732993 471.335645166 476.204480617 4.14486249224 3.7867577519 3.79943410744 12.0812279508 3.1069367553 2.89214435905 2.23191111101 6.33661122395 2.30416205043 1.76797793308 1.64518292958 1.42910506351 2.85252520063 4.13100502151 1162.23435052 19310.3897062 0.692782430614 1.39189858054 0.511427078317 2.11916819422 1.21995883345 0.872550885481 8.45724412709 5.76939807058
-9999.0 -9999.0 -9999.0 -9999.0 -9999.0 -9999.0 -9999.0 -9999.0 -9999.0 -9999.0 -9999.0 -9999.0 -9999.0 -9999.0 -9999.0 -9999.0 -9999.0 -9999.0 -9999.0 9.83064953404 80.724027799 154.307166849 163.275282382 15.5672379466 31.4042024114 47.5643682166 58.955070037 141.676679087 146.236158613 4.35248005225 4.16199840932 485.898501319 493.415717537 496.701750108 14.1809799062 1.58588055045 3.9444222635 5.88277426155 18.5165739938 22.8211899403 26.1520075709 3.06849985663 4.29663926143 1.44122581158 2.87641890088 1.48172913625 19313.3331505 0.531815787775 2.47557523395 1.1330598437 3.91491767147 8.01719134038 9.29204244502 18.1601732541 7.43241678144
-9999.0 -9999.0 -9999.0 -9999.0 -9999.0 -9999.0 -9999.0 -9999.0 -9999.0 -9999.0 -9999.0 -9999.0 -9999.0 -9999.0 -9999.0 -9999.0 -9999.0 -9999.0 11.344548803 36.6637786981 71.2073090211 92.4247557852 227.877310799 240.442405038 33.758997288 50.1420745517 63.8582775754 74.7351336166 151.652015632 160.855873174 290.024794149 300.633263565 306.122649365 499.448446488 519.19849965 3.77437696085 2.55144119103 2.37237634213 4.43893897458 2.01092505195 30.1844511514 31.7438860848 5.66207450328 8.42927865224 2.40646768393 3110.96366542 3114.11439525 22429.1242663 22432.749616 0.627762562621 5.23236101648 0.919238348977 0.80235957335 20.0479323255 28.1730655854
-9999.0 -9999.0 -9999.0 -9999.0 -9999.0 -9999.0 -9999.0 -9999.0 -9999.0 -9999.0 -9999.0 -9999.0 -9999.0 -9999.0 -9999.0 -9999.0 -9999.0 -9999.0 -9999.0 13.2821987141 12.7716884752 23.6572138496 55.2090049551 250.712327165 17.3417705778 17.1427776863 29.4663842038 43.147273014 104.815115204 113.030242992 6.88986560553 6.61547356724 310.757775714 313.131813651 835.511007354 838.392121897 1.22644651903 1.0976173993 0.933292344598 0.940527849112 1.16192149886 3075.51171947 3085.33459034 3096.42627863 3102.07989133 3108.53711701 1.68239402165 6.2256216724 7.24125222261 22442.6051877 22443.4700483 22444.7175113 22447.2302185 22450.6960137 29.9573458875
-9999.0 -9999.0 -9999.0 -9999.0 -9999.0 -9999.0 -9999.0 -9999.0 -9999.0 -9999.0 -9999.0 -9999.0 -9999.0 -9999.0 -9999.0 -9999.0 -9999.0 -9999.0 -9999.0 -9999.0 11.3350264607 12.0583855375 21.8499772807 293.033577938 303.216686112 16.7294333398 29.0799695528 43.1665207798 54.6332328458 10.0479516069 18.1949559114 692.094774358 695.279117089 700.69552976 731.438026473 1573.47723389 3014.52403568 3017.83683094 3020.74364359 3023.60587107 3037.55244044 3042.20433822 8.30308396388 3.58576144242 2.19900142619 4.11824980617 3.11901402213 4.91974516764 1.50704440012 36.6706561744 39.5323117166 41.9298056879 42.4954890878 22451.6574575 22483.4954909
-9999.0 -9999.0 -9999.0 -9999.0 -9999.0 -9999.0 -9999.0 -9999.0 -9999.0 -9999.0 -9999.0 -9999.0 -9999.0 -9999.0 -9999.0 -9999.0 -9999.0 -9999.0 -9999.0 -9999.0 -9999.0 11.5391081233 21.8230782206 32.2270201065 311.813901002 10.8127871664 424.379552494 438.680861295 448.863667529 458.072581964 657.101745844 666.161602649 3.15471713895 22.0363148346 26.4013698905 2.98431685664 1437.96271999 1432.40389393 1.67590997822 3.88990344507 11.0693996382 2.54873666203 2.74423288133 1.83250158848 1.60872173387 1.28459258648 1.49572498994 32.0904696447 33.643573748 35.5051067312 2.03374791959 1.78765824645 43.2285598699 43.8744114275 44.3204289839
-9999.0 -9999.0 -9999.0 -9999.0 -9999.0 -9999.0 -9999.0 -9999.0 -9999.0 -9999.0 -9999.0 -9999.0 -9999.0 -9999.0 -9999.0 -9999.0 -9999.0 -9999.0 -9999.0 -9999.0 -9999.0 10.2682070448 9.39960190127 49.2064729482 380.615165189 401.378869876 412.112248798 11.3323047288 174.188001611 183.973071477 188.723966208 8.16592240384 12.0510876945 14.8178329346 315.071314835 317.522449538 319.592641514 1428.83052473 910.222362714 2.08589608809 2.44473441099 2.33760510094 1.90069668393 20.1019656298 23.7345233662 26.9485641051 28.7473977919 30.4813162597 302.690523539 303.988877623 307.183268582 314.227877077 331.961225648 332.546758576 377.429722427
-9999.0 -9999.0 -9999.0 -9999.0 -9999.0 -9999.0 -9999.0 -9999.0 -9999.0 -9999.0 -9999.0 -9999.0 -9999.0 -9999.0 -9999.0 -9999.0 -9999.0 -9999.0 -9999.0 -9999.0 -9999.0 -9999.0 19.8607787445 30.406521507 10.2330512768 17.0505620684 135.598577464 147.067152018 154.413649544 63.03737185 69.773245879 76.8751620407 80.8858315582 309.565701296 313.229280085 192.253361976 514.440918139 516.792480726 908.63826093 4.87893424019 2.58530338 1.82271742029 14.0194233396 16.4535988297 1.41921453834 1.29913049804 297.018705456 300.092713899 301.51139101 2.43199904495 4.58789268496 330.043217072 0.894967002265 3.88460288432 4.35186897258
-9999.0 -9999.0 -9999.0 -9999.0 -9999.0 -9999.0 -9999.0 -9999.0 -9999.0 -9999.0 -9999.0 -9999.0 -9999.0 -9999.0 -9999.0 -9999.0 -9999.0 -9999.0 -9999.0 -9999.0 -9999.0 -9999.0 9.89519512454 19.5014233458 81.0659908758 92.2086872784 104.918918932 48.2343600043 56.4517378046 6.8909495891 214.021433419 219.929868608 225.306154095 4.04917086932 185.543290278 189.391230131 2.63894044266 896.127201712 5.52023712714 2.80580582223 7.64174501553 10.2367888458 2.00282119329 1.66396008423 279.916235819 294.269848216 296.033843561 1.92570744307 4.3762283966 5.53334550209 6.64037685952 12.7476185769 1.47551964992 3.1831337655 0.633597050997
-9999.0 -9999.0 -9999.0 -9999.0 -9999.0 -9999.0 -9999.0 -9999.0 -9999.0 -9999.0 -9999.0 -9999.0 -9999.0 -9999.0 -9999.0 -9999.0 -9999.0 -9999.0 -9999.0 -9999.0 -9999.0 -9999.0 9.69310039748 30.1171720326 52.3036180181 13.0072603457 27.6449894665 38.9362222128 186.407662517 194.993384532 201.369969965 5.72991432682 157.689432118 174.156027293 178.563618041 3.16348916897 884.392118698 891.143205286 3.13470396373 2.81835649303 5.64262275514 2.28339318498 268.696261477 272.803439968 275.321697832 9.45364157269 11.4664594714 1.76172810212 3.15783738417 1.40701739597 9.67825751768 1.41907692031 0.843372557301 0.856329310881 0.836488286746
-9999.0 -9999.0 -9999.0 -9999.0 -9999.0 -9999.0 -9999.0 -9999.0 -9999.0 -9999.0 -9999.0 -9999.0 -9999.0 -9999.0 -9999.0 -9999.0 -9999.0 -9999.0 -9999.0 -9999.0 -9999.0 -9999.0 -9999.0 10.1540248394 11.5791410587 15.5453325908 136.175918551 146.778994947 177.452969562 8.88844076109 132.21516502 146.99532852 5.99888461004 12.0492787531 3.86798354243 874.126855191 4.25998128117 10.5104717305 12.8801728414 15.2011809321 254.153951199 262.032422698 264.652095594 2.69516753319 5.06118809724 7.20030179053 1.30818286471 1.14927087242 809.609395241 810.76296533 811.719879109 821.205590992 822.33578432 823.449266997 824.178424307
