data/baseflow/mHMbf_acc574.asc
ncols                  80
nrows                 72
xllcorner      4374000.0
yllcorner      5656000.0
cellsize            500
NODATA_value       -9999
[rows 25 to 49 of 72, columns 0 to 54 of 80]
-9999.0 -9999.0 -9999.0 -9999.0 -9999.0 -9999.0 -9999.0 -9999.0 -9999.0 -9999.0 -9999.0 -9999.0 33.4807963662 66.1766021018 30.6625709517 61.7080646802 27.459288341 208.429559647 261.387930943 288.828125444 25.0871171051 48.4141608335 460.601897139 571.835109233 593.704017 46.680567833 46.9838459795 70.914556793 19.7473281184 18.202785016 34.5784902953 13.5735335128 700.166344134 712.823781889 730.752438962 5927.37152787 11612.5478756 11516.0627389 27.8886960303 12.6021685081 11.2520219163 38.5779347833 28.2409557711 62.6733630331 83.8992445756 167.792356486 14.9126671398 14.8480433433 137.934374829 152.339404759 296.134205674 306.171502879 332.727283262 344.111235754 12.657760994
-9999.0 -9999.0 -9999.0 -9999.0 -9999.0 -9999.0 -9999.0 -9999.0 -9999.0 -9999.0 -9999.0 -9999.0 -9999.0 31.2817353006 62.5894018975 94.0082840838 151.269284682 29.8987053724 27.1330704609 184.146753395 208.716413527 414.841552825 439.765890115 69.2172839253 23.9567248183 22.4796224035 21.1651257626 605.507952795 622.93147141 641.828357702 658.604338254 687.285821249 137.250235384 148.635718999 892.942826506 18437.1986016 83.1241892191 72.327161161 39.3390698392 9.09202649246 8.73499794065 61.1135231732 69.297546791 81.6726435992 9.40747214155 178.645398263 27.0979787855 26.7470098744 8.54025104699 6.20058597466 5.39338336308 4.24117661881 5.40917167415 349.612913022 4606.47213726
-9999.0 -9999.0 -9999.0 -9999.0 -9999.0 -9999.0 -9999.0 -9999.0 -9999.0 -9999.0 -9999.0 -9999.0 -9999.0 -9999.0 30.6534914411 56.7860572324 79.8692253014 103.097299795 130.169111951 158.17134869 79.2950691821 132.285130317 24.4721157492 23.5522081323 497.324151811 542.135374321 563.072078278 586.459981513 19.0591408153 35.5360319332 89.024601635 110.14730614 125.402045986 13.4617436229 10.2357971003 18465.2487387 10.6391502471 19.9934230623 11.103796702 34.8643285458 16.6206445764 9.86014986186 160.044464669 166.341638559 5.26922076963 184.385876234 222.495008075 40.4756928145 4846.02473797 4827.74164104 4813.39350281 4791.00259218 4783.47515843 4634.38232492 4628.98934819
-9999.0 -9999.0 -9999.0 -9999.0 -9999.0 -9999.0 -9999.0 -9999.0 -9999.0 -9999.0 -9999.0 -9999.0 -9999.0 -9999.0 5.61234813285 12.883637356 22.7609390864 200.118855475 227.245190724 27.5775350414 26.5118677586 26.0428701734 402.296498213 452.322550819 24.0147581348 24.20945793 19.1442736756 78.6521631166 97.9380791455 55.7147673417 71.3718366825 457.76799555 473.5707544 500.471116185 802.444251643 19272.9631637 10.3809805217 9.11466703485 50.9655254823 42.4165289645 5.6315736476 21.7401370327 27.8262516697 173.511186084 179.531500275 415.307316656 225.289447553 44.9060397313 4971.84216989 53.6670736415 4802.57759873 4797.16159436 141.161780699 4.06237394964 18.2589103587
-9999.0 -9999.0 -9999.0 -9999.0 -9999.0 -9999.0 -9999.0 -9999.0 -9999.0 -9999.0 -9999.0 -9999.0 -9999.0 -9999.0 29.1553281104 47.5729732385 99.8790785317 173.960007112 247.791680286 301.249184508 327.247798136 353.849415541 379.492513888 24.4935600476 21.8223591681 42.6979693197 39.5396873031 20.3990153333 396.047586299 414.732037377 432.325745218 448.997278009 256.534609524 276.193217206 291.774893033 19277.3663689 17.2191017259 24.6656489756 80.6874410397 7.12627880805 11.3897067636 5.87500509679 5.54728689944 33.1142015806 4.58261224848 5.08643056836 5414.95236764 4996.26862039 4991.23321927 21.5340326514 48.1052476969 31.4116664483 8.01113509834 132.134540254 38.4546004495
-9999.0 -9999.0 -9999.0 -9999.0 -9999.0 -9999.0 -9999.0 -9999.0 -9999.0 -9999.0 -9999.0 -9999.0 -9999.0 -9999.0 20.2826876608 18.6016024011 36.2146582364 55.7192470725 27.92381695 30.7364320972 57.4365033874 83.3718536459 131.369642685 155.209034564 176.189577935 240.658486094 259.719650422 280.423389282 19.9700798672 190.887508171 207.643733018 224.873637951 16.4979464721 11.7971911466 18.6895042516 19576.543268 19580.5302647 19607.2581919 98.7975881188 13.616444915 21.2469838474 7.64299017765 9.63994423328 37.3676154372 45.70753594 8.89518102103 5437.08350941 7.15039677584 11.3395025571 12.5890343854 9.18783286093 17.5522442882 7.15469389644 84.5869944214 68.3028514382
-9999.0 -9999.0 -9999.0 -9999.0 -9999.0 -9999.0 -9999.0 -9999.0 -9999.0 -9999.0 -9999.0 -9999.0 -9999.0 -9999.0 -9999.0 17.4033030207 34.4827740262 17.5779940528 36.2852698269 225.452024876 248.107235173 272.955214233 24.1217254836 23.9867870049 44.9698654189 66.3406818713 102.947125017 122.41461249 134.812430868 153.107582457 15.1863979715 15.0026581445 253.098243177 264.602738368 270.522671542 276.082797526 218.919972933 19848.3964474 19982.4516583 19986.5472369 20011.1060558 20036.1784104 20049.1843107 3.89270288083 49.3626388454 5440.58733476 9.80400505898 5.07841417609 5.24909099589 4.92949139732 8.48836344067 8.71618458749 5.25686548338 8.30668254003 8.17144964825
-9999.0 -9999.0 -9999.0 -9999.0 -9999.0 -9999.0 -9999.0 -9999.0 -9999.0 -9999.0 -9999.0 -9999.0 -9999.0 -9999.0 -9999.0 -9999.0 51.1370684912 69.708803896 125.020863485 168.481940506 23.6605929019 323.78752727 346.957433987 368.951937227 21.2382502245 41.4880667783 17.8906614579 137.635533862 148.162882013 165.49444904 184.741678705 227.958839542 237.538876956 5.56520494659 198.247974021 208.700739798 213.729735314 236.843116659 31.0847441614 20.0736413679 13.0206094977 12.0770479812 20064.612133 20070.0229392 20145.8468889 5443.63450765 26.5601333326 13.6584195336 8.90860852255 2.77439596612 26.9198972208 14.7567656084 4.39588101873 24.6819889072 21.1611716702
-9999.0 -9999.0 -9999.0 -9999.0 -9999.0 -9999.0 -9999.0 -9999.0 -9999.0 -9999.0 -9999.0 -9999.0 -9999.0 -9999.0 -9999.0 -9999.0 18.8624797657 88.1820261458 107.827314266 25.0561342471 25.3646196825 51.3807026441 74.822623126 466.297585124 20.8658690691 84.1497822962 102.746371459 120.946710507 11.7213329893 27.1147826988 37.1638850399 154.621056685 177.422764459 182.21626519 5.45431873613 5.22349626888 6.83182764892 12.6633607993 5.87994169221 6.10828714064 9.5443007491 8.23117668343 7.49685141968 23.3180611979 20152.3584793 25611.0827697 36.5016838908 6.39731114479 3.44228004711 84.5200776527 78.2768900549 46.6796231769 41.9424018803 31.4467918217 7.77081241689
-9999.0 -9999.0 -9999.0 -9999.0 -9999.0 -9999.0 -9999.0 -9999.0 -9999.0 -9999.0 -9999.0 -9999.0 -9999.0 -9999.0 -9999.0 15.2620060224 51.2508965479 17.1118870299 26.9024373106 27.9311484678 53.5180512668 78.5126971246 99.6235093906 583.182536363 602.849233778 20.3619392268 38.7617626993 57.389327537 70.2776248818 85.5402057009 138.230247649 149.060351987 16.4924404444 8.87499279003 6.22490248518 6.59444018185 10.1343804617 9.64862742426 9.57668037535 11.2077136627 34.0376485296 14.596133905 5.71378903686 5.45844638932 5.74572579301 10.5881403672 25923.0230118 272.309551012 99.9265616602 7.30947153747 3.09834431841 2.59119068669 9.6939452275 6.8837309184 3.60080343018
-9999.0 -9999.0 -9999.0 -9999.0 -9999.0 -9999.0 -9999.0 -9999.0 -9999.0 -9999.0 -9999.0 -9999.0 -9999.0 -9999.0 15.9398973166 31.0334753681 114.643841169 16.8241797126 50.2682321609 77.2917391104 102.154319931 25.8837119035 48.0960753443 68.0762687308 686.966269993 19.0791904878 36.2068687164 53.7780291779 16.3405431321 32.4762536211 47.0977608336 57.4320925859 1311.82389835 1332.42732196 1351.35642192 1435.05954269 1457.9147678 1516.4603489 21.7237504079 44.9242538297 43.1035740081 1704.23431234 1714.71582256 4.93827622197 8.79255390959 12.4389014462 25925.5703837 261.624217482 149.713468678 145.748240186 89.0729005367 69.6859082103 12.8411981804 3.00210148612 5.85949983983
-9999.0 -9999.0 -9999.0 -9999.0 -9999.0 -9999.0 -9999.0 -9999.0 -9999.0 -9999.0 -9999.0 -9999.0 -9999.0 -9999.0 16.2210932238 49.2988476841 180.128689539 266.206145234 15.0280533605 352.460533177 471.758172036 23.8071600213 45.3332225249 65.6987991357 873.149960569 889.339420753 16.0620088932 86.4565676628 101.593726054 115.51433632 1180.28444256 1221.99031124 1243.49231644 9.9485060733 57.2040949191 68.6064648811 29.0434695891 41.3936397013 1573.1376619 1636.48514814 1646.50978394 1655.8945212 1725.13932152 5.09039028883 4.52579356052 20.3916869718 25929.1239808 7.84922904805 23.9493080065 53.5738409735 16.6673576626 64.3845410581 42.2904597691 24.8683848289 17.9460046377
-9999.0 -9999.0 -9999.0 -9999.0 -9999.0 -9999.0 -9999.0 -9999.0 -9999.0 -9999.0 -9999.0 -9999.0 -9999.0 -9999.0 -9999.0 -9999.0 34.8621276674 70.5433297209 316.800789259 335.253179263 487.774941236 505.270104453 23.1985860539 46.3600162665 106.273005689 905.076313315 939.405554758 953.361715672 11.3243660857 1006.77780854 1050.852666 27.3464275475 10.0484758432 18.4499894438 36.4592534847 9.19761767407 18.4133103783 38.4137031419 48.6212769961 10.0530911134 6.62418501748 12.9643652184 1774.41972407 1790.37194318 1793.97247575 1825.15114795 25932.0193679 5.3781548019 19.9033428704 12.5927556715 12.0154064357 12.3710612019 10.4474465632 19.2663177022 2.20344630456
-9999.0 -9999.0 -9999.0 -9999.0 -9999.0 -9999.0 -9999.0 -9999.0 -9999.0 -9999.0 -9999.0 -9999.0 -9999.0 -9999.0 -9999.0 -9999.0 18.3850158158 17.9903614964 17.930046031 36.9895130609 16.4127160094 537.733269385 553.439192688 20.3886753414 40.924389437 21.245471134 17.5798155565 16.9585709496 984.312544201 15.2495827551 31.7601989124 12.9818945712 9.69490834223 8.85671500152 6.79679152946 7.14857181355 22.2322446552 30.6877642169 5.95103966473 5.2384866172 11.6680628429 19.8619982812 25.7871567692 7.55661421088 1800.55901251 1828.78709112 25933.52364 44.0329965449 35.5312121599 6.96126861683 17.4278150849 5.56448389124 4.2100694281 23.9438981338 11.4792110613
-9999.0 -9999.0 -9999.0 -9999.0 -9999.0 -9999.0 -9999.0 -9999.0 -9999.0 -9999.0 -9999.0 -9999.0 -9999.0 -9999.0 -9999.0 -9999.0 -9999.0 -9999.0 17.7343545626 53.3510453354 68.0374095536 83.8759227064 568.648968951 583.521450798 598.553201467 616.311606025 632.699557803 667.002714248 680.632066948 695.20501303 705.47157628 8.08068113851 7.55618520759 8.22528706433 29.7852272485 8.16330975146 7.82429175315 5.84876894224 17.3437202747 7.3214391114 5.5549754649 5.07862160455 4.25323090947 8.48447163432 12.3880298292 1854.40491498 27833.6447238 2.95304937972 6.33331184409 5.5896757879 29.5998483494 23.954148695 8.46884913578 44.0778718638 18.5595497701
-9999.0 -9999.0 -9999.0 -9999.0 -9999.0 -9999.0 -9999.0 -9999.0 -9999.0 -9999.0 -9999.0 -9999.0 -9999.0 -9999.0 -9999.0 -9999.0 -9999.0 -9999.0 -9999.0 14.8263927333 117.176229447 233.2230356 249.877936672 21.7331516821 41.967784562 62.1256087127 79.1728872951 191.714061979 200.592759055 8.4678837266 8.39469254039 725.168909018 741.666516182 748.357148919 35.0820744794 4.94062892945 13.1800820137 19.1967979942 57.9745352754 71.4582898651 81.9420568243 9.45633151378 13.0696536257 4.46818559613 9.17854792789 4.72727631055 27840.7337895 2.7141926591 11.4923765631 8.73142186374 40.5102826277 79.6603467559 89.5104916607 134.999925151 20.8556806775
-9999.0 -9999.0 -9999.0 -9999.0 -9999.0 -9999.0 -9999.0 -9999.0 -9999.0 -9999.0 -9999.0 -9999.0 -9999.0 -9999.0 -9999.0 -9999.0 -9999.0 -9999.0 16.4961082878 52.4434603183 102.640958996 134.126534835 346.476708859 365.058351957 42.0324995942 62.406836797 79.8841137502 97.225183805 211.99675374 230.044949806 414.238064338 428.359955604 438.157856516 755.434525333 809.484978088 12.6387531383 8.80850184459 8.36028170158 16.1083202868 7.34879649044 96.0480243736 100.960681322 17.6347895903 23.3156158256 6.79796831179 4950.80797025 4961.43517826 32806.1220194 32820.1270129 2.79927086883 46.3239246413 7.41221890346 5.76302305174 147.045181049 170.978379839
-9999.0 -9999.0 -9999.0 -9999.0 -9999.0 -9999.0 -9999.0 -9999.0 -9999.0 -9999.0 -9999.0 -9999.0 -9999.0 -9999.0 -9999.0 -9999.0 -9999.0 -9999.0 -9999.0 18.7013170776 18.1610114598 34.3852867979 81.745128708 380.063791328 21.5246817764 21.2076895128 38.3250518703 56.0420127232 142.007675684 156.794805993 10.8151696817 9.09283167836 447.930161028 456.383592124 1275.05071546 1282.85017258 4.27806045741 3.6432215588 3.02981541457 3.06523276402 3.48824290072 4856.45811063 4886.34281856 4913.90612275 4925.36814458 4945.53265527 5.51258795216 19.9313372456 24.1702645097 32851.1080785 32851.505677 32851.5980746 32854.0279957 32856.3874595 177.849529907
-9999.0 -9999.0 -9999.0 -9999.0 -9999.0 -9999.0 -9999.0 -9999.0 -9999.0 -9999.0 -9999.0 -9999.0 -9999.0 -9999.0 -9999.0 -9999.0 -9999.0 -9999.0 -9999.0 -9999.0 16.6976643569 17.4563424793 32.4553081001 443.281859335 459.306988746 20.7289790723 37.8482671719 55.9894094586 72.4988240916 15.1348789307 26.2789525483 1045.1396274 1053.70204004 1063.19271846 1122.89493503 2412.46915591 4669.46497914 4679.83294251 4689.33971757 4698.28503265 4737.88128514 4751.00255193 25.9663171766 11.5803499247 7.31139249007 13.655270009 9.84925289894 15.8282757086 5.02479899989 106.051272516 118.734280036 127.823459388 129.554614961 32856.6099424 33037.0122923
-9999.0 -9999.0 -9999.0 -9999.0 -9999.0 -9999.0 -9999.0 -9999.0 -9999.0 -9999.0 -9999.0 -9999.0 -9999.0 -9999.0 -9999.0 -9999.0 -9999.0 -9999.0 -9999.0 -9999.0 -9999.0 17.0232589982 32.6451871889 48.3297393862 472.132362771 16.3499480073 643.693024093 662.245468159 677.318331508 689.368878609 996.622611244 1008.42799411 8.61971001518 44.2362212805 53.52589105 9.08035940882 2246.67438415 2230.56442486 4.83030668995 11.3721301396 31.6817961744 7.21534407461 7.89682379105 5.81787202572 4.9514882129 3.68733654237 4.57213211489 89.906954199 94.841693751 101.289050053 8.75106882661 6.16916824768 132.845329131 135.401060937 136.60153131
-9999.0 -9999.0 -9999.0 -9999.0 -9999.0 -9999.0 -9999.0 -9999.0 -9999.0 -9999.0 -9999.0 -9999.0 -9999.0 -9999.0 -9999.0 -9999.0 -9999.0 -9999.0 -9999.0 -9999.0 -9999.0 15.550545145 14.6089033117 75.7904067357 578.441095834 610.039582403 627.054661746 18.7929180968 269.14982173 285.048415671 292.432041026 10.7829740334 20.7150940302 29.4732435504 536.386858589 542.905583381 548.520675027 2220.28668469 1310.14785514 6.37619228034 6.92576957168 6.60413943016 5.09710255228 52.3397116099 63.7971216614 73.6529204478 79.4006290643 84.8973671441 584.698501965 589.208001949 594.35955288 605.494086951 653.922150632 655.598777224 793.965762815
-9999.0 -9999.0 -9999.0 -9999.0 -9999.0 -9999.0 -9999.0 -9999.0 -9999.0 -9999.0 -9999.0 -9999.0 -9999.0 -9999.0 -9999.0 -9999.0 -9999.0 -9999.0 -9999.0 -9999.0 -9999.0 -9999.0 30.4864035801 46.5955057886 16.7970494474 20.8475119715 201.775078903 221.157043687 235.449675052 107.416969032 121.925280129 135.905176887 144.84614623 521.549965102 530.722535802 341.997025516 897.789268839 904.512515136 1305.02238152 13.4250701894 6.88858302432 4.56482700879 35.7833443838 42.2209818462 3.90467435821 3.62772961695 566.329910735 576.121676875 581.070737107 5.36106273485 7.95080216358 646.194067743 3.98509389984 15.4081826642 16.7401370888
-9999.0 -9999.0 -9999.0 -9999.0 -9999.0 -9999.0 -9999.0 -9999.0 -9999.0 -9999.0 -9999.0 -9999.0 -9999.0 -9999.0 -9999.0 -9999.0 -9999.0 -9999.0 -9999.0 -9999.0 -9999.0 -9999.0 15.3105590186 30.3208329437 127.744870893 144.823378727 162.91923038 76.6674906743 92.5307096878 16.1201884972 341.197030835 355.378424485 367.959828305 9.96322071945 325.139569386 334.686814201 7.02663536779 1269.85369121 15.2546002222 7.56419334519 19.3187019908 26.232093521 5.12871203377 4.01761272281 518.698542428 557.624455587 563.49868759 6.09757509945 12.8990166997 16.1017365203 19.7870802322 37.3993686818 5.5279390018 12.8130799443 2.35777119599
-9999.0 -9999.0 -9999.0 -9999.0 -9999.0 -9999.0 -9999.0 -9999.0 -9999.0 -9999.0 -9999.0 -9999.0 -9999.0 -9999.0 -9999.0 -9999.0 -9999.0 -9999.0 -9999.0 -9999.0 -9999.0 -9999.0 15.1752404672 47.9091082475 82.7192439731 18.9992746204 38.5799769246 58.9922443594 279.25908768 296.624578295 311.269632545 13.0825341082 255.524012207 296.95200274 307.684655913 8.30366803773 1239.74290639 1256.33465595 7.80258573355 7.02584766855 14.179481614 5.6773339397 490.440837905 500.740616662 507.161174897 24.414290929 30.6036771316 5.28146795296 9.42200523835 4.18367131501 29.2932766704 4.46366070219 3.38640609516 3.59701628924 3.84839461379
-9999.0 -9999.0 -9999.0 -9999.0 -9999.0 -9999.0 -9999.0 -9999.0 -9999.0 -9999.0 -9999.0 -9999.0 -9999.0 -9999.0 -9999.0 -9999.0 -9999.0 -9999.0 -9999.0 -9999.0 -9999.0 -9999.0 -9999.0 16.8809107733 18.1543685609 20.7671131359 185.692030313 205.372604392 262.265087476 16.4823050247 196.088711477 230.954650253 14.0625630812 29.2835405037 11.2765154838 1213.26167034 11.2522642885 25.8269371893 31.5474821349 38.3144743284 451.859465506 473.750844978 480.677633525 6.99354968436 13.0307450882 18.3875519425 3.27057917139 2.96723615537 1200.88353713 1203.95817286 1206.4275788 1234.86222232 1238.29857623 1242.97231878 1245.76113323
