data/baseflow/mHMbf_acc597.asc
ncols                  80
nrows                 72
xllcorner      4374000.0
yllcorner      5656000.0
cellsize            500
NODATA_value       -9999
[rows 0 to 23 of 72, columns 0 to 54 of 80]
-9999.0 -9999.0 -9999.0 -9999.0 -9999.0 -9999.0 -9999.0 -9999.0 -9999.0 -9999.0 -9999.0 -9999.0 14.4221136226 15.3472786031 -9999.0 -9999.0 -9999.0 -9999.0 -9999.0 -9999.0 -9999.0 -9999.0 -9999.0 -9999.0 -9999.0 -9999.0 -9999.0 -9999.0 -9999.0 -9999.0 -9999.0 -9999.0 -9999.0 -9999.0 -9999.0 -9999.0 -9999.0 -9999.0 -9999.0 -9999.0 -9999.0 -9999.0 -9999.0 -9999.0 -9999.0 -9999.0 -9999.0 -9999.0 -9999.0 -9999.0 -9999.0 -9999.0 -9999.0 -9999.0 -9999.0
-9999.0 -9999.0 -9999.0 -9999.0 -9999.0 -9999.0 -9999.0 -9999.0 -9999.0 -9999.0 -9999.0 -9999.0 31.0896181367 73.6635596331 13.0013964028 -9999.0 13.4119092618 -9999.0 -9999.0 -9999.0 -9999.0 -9999.0 -9999.0 -9999.0 -9999.0 -9999.0 -9999.0 -9999.0 -9999.0 -9999.0 -9999.0 -9999.0 -9999.0 -9999.0 -9999.0 -9999.0 -9999.0 -9999.0 -9999.0 -9999.0 -9999.0 -9999.0 -9999.0 -9999.0 -9999.0 -9999.0 -9999.0 -9999.0 -9999.0 -9999.0 -9999.0 -9999.0 -9999.0 -9999.0 -9999.0
-9999.0 -9999.0 -9999.0 -9999.0 -9999.0 -9999.0 -9999.0 -9999.0 -9999.0 -9999.0 14.1530672762 13.5991336935 15.0323749235 15.1095772535 100.290460252 111.705139041 36.0017715132 11.4223596853 -9999.0 -9999.0 -9999.0 -9999.0 -9999.0 -9999.0 -9999.0 -9999.0 -9999.0 -9999.0 -9999.0 -9999.0 -9999.0 -9999.0 -9999.0 -9999.0 -9999.0 -9999.0 -9999.0 -9999.0 -9999.0 -9999.0 -9999.0 -9999.0 -9999.0 -9999.0 -9999.0 -9999.0 -9999.0 -9999.0 -9999.0 -9999.0 -9999.0 -9999.0 -9999.0 -9999.0 -9999.0
-9999.0 -9999.0 -9999.0 -9999.0 -9999.0 -9999.0 -9999.0 -9999.0 -9999.0 13.4168648235 27.7127765047 55.0717042227 28.164577373 13.3683676769 25.6622644931 123.394833558 183.024796506 12.1360214333 -9999.0 13.6568019102 -9999.0 -9999.0 -9999.0 -9999.0 24.8224544397 12.9108093594 -9999.0 -9999.0 -9999.0 -9999.0 -9999.0 -9999.0 -9999.0 -9999.0 -9999.0 -9999.0 -9999.0 -9999.0 -9999.0 -9999.0 -9999.0 -9999.0 -9999.0 -9999.0 -9999.0 -9999.0 -9999.0 -9999.0 -9999.0 -9999.0 -9999.0 -9999.0 -9999.0 -9999.0 -9999.0
-9999.0 -9999.0 -9999.0 -9999.0 -9999.0 -9999.0 -9999.0 -9999.0 18.1562690324 47.3413097841 60.3876804896 73.5562423837 95.6810598716 11.5580356123 47.9726580848 58.6745405321 262.250166757 9.86886534558 9.15240071268 24.234893599 34.5402703773 11.1878607595 -9999.0 60.9816269111 50.3188466751 12.9923771106 -9999.0 -9999.0 -9999.0 -9999.0 -9999.0 -9999.0 -9999.0 -9999.0 -9999.0 -9999.0 -9999.0 -9999.0 -9999.0 -9999.0 -9999.0 -9999.0 -9999.0 -9999.0 -9999.0 -9999.0 -9999.0 -9999.0 -9999.0 -9999.0 -9999.0 -9999.0 -9999.0 -9999.0 -9999.0
-9999.0 -9999.0 -9999.0 -9999.0 -9999.0 -9999.0 16.7854397936 14.2861263195 13.6063288515 14.2143250365 14.8453203064 103.92268483 213.220638267 226.236074657 235.955816771 9.58285683292 282.217796815 291.884012871 19.9245475062 10.5262993597 44.5174245604 76.9871209404 10.9043703883 94.5167129346 11.5410553582 11.4867556893 12.227592421 -9999.0 -9999.0 -9999.0 -9999.0 -9999.0 -9999.0 -9999.0 -9999.0 -9999.0 -9999.0 -9999.0 -9999.0 -9999.0 -9999.0 -9999.0 -9999.0 -9999.0 -9999.0 -9999.0 -9999.0 -9999.0 -9999.0 -9999.0 -9999.0 -9999.0 -9999.0 -9999.0 -9999.0
-9999.0 -9999.0 -9999.0 -9999.0 -9999.0 -9999.0 34.4101264703 50.492163199 112.082705135 152.487131046 11.805136559 12.4865961416 11.5969409912 34.8678770536 280.488631123 8.23544353691 301.861519397 342.489007723 30.94418439 19.0138431172 85.9370916248 10.4288175998 104.596505655 20.0493131736 10.018763217 20.9143557488 24.3052023707 12.6680379306 13.0302610405 12.3311141078 14.1600778531 28.2436215383 -9999.0 -9999.0 -9999.0 -9999.0 -9999.0 -9999.0 -9999.0 -9999.0 -9999.0 -9999.0 -9999.0 -9999.0 -9999.0 -9999.0 -9999.0 -9999.0 -9999.0 -9999.0 -9999.0 -9999.0 -9999.0 -9999.0 -9999.0
-9999.0 -9999.0 -9999.0 -9999.0 -9999.0 21.0097750864 39.3060789381 18.1229791379 34.4150479305 169.541308188 196.873345247 223.403682808 780.243529487 12.4664965861 291.404932633 1172.65570671 1181.32906183 1540.26218157 10.2238247704 27.5199254894 94.9431049417 8.82076224997 220.729239184 106.537019836 66.4872815406 56.0863631895 11.6968360941 37.077893566 37.1840673619 24.6409666292 11.8815935028 40.7243766368 11.7529537554 11.3555558678 -9999.0 -9999.0 -9999.0 -9999.0 -9999.0 -9999.0 -9999.0 -9999.0 -9999.0 -9999.0 -9999.0 -9999.0 -9999.0 -9999.0 -9999.0 -9999.0 -9999.0 -9999.0 -9999.0 -9999.0 -9999.0
-9999.0 -9999.0 -9999.0 -9999.0 -9999.0 21.464107533 61.129614173 120.059842755 137.203879384 271.211871143 286.307437566 335.579661329 545.182761305 823.641805785 850.119296849 862.925583774 19.6149389192 1577.33510052 1596.38458129 1643.30705372 1997.3109324 249.299508974 231.220314029 76.6006100445 9.86173343052 67.4202634495 46.9164150501 9.07492880013 47.5601461096 10.8881080039 22.6039424504 63.1697264066 74.1833820352 21.9693308213 10.7513550054 10.0898006028 -9999.0 -9999.0 -9999.0 -9999.0 10.9868010704 10.2714908259 -9999.0 -9999.0 -9999.0 -9999.0 -9999.0 -9999.0 -9999.0 -9999.0 -9999.0 -9999.0 -9999.0 -9999.0 -9999.0
-9999.0 -9999.0 -9999.0 -9999.0 -9999.0 20.1768228153 18.5091949526 81.1687928283 99.0432108295 117.892755993 17.0111528796 33.3268729676 198.818087899 35.1459011435 14.802868618 12.3542264531 10.1461963029 13.0690907891 11.6914363234 11.6894205834 2008.31905247 2035.45186548 8.80688168398 28.0349132663 19.531513717 76.5975834476 18.5632021078 8.60768804871 58.2691108018 20.6445629116 50.3540184676 126.592589219 117.508949869 32.4936998828 30.9636004031 10.8209552343 10.4779496055 -9999.0 -9999.0 10.1642489632 22.4082855785 54.2964996953 10.9095524007 -9999.0 -9999.0 -9999.0 -9999.0 -9999.0 -9999.0 -9999.0 -9999.0 -9999.0 -9999.0 -9999.0 -9999.0
-9999.0 -9999.0 -9999.0 -9999.0 -9999.0 -9999.0 21.7853590798 22.2787421515 40.2787581485 59.0210925449 131.528571514 166.478327561 184.709171507 19.4017610608 12.3404257519 180.119579069 216.744808315 227.349282762 273.758061899 283.241775427 9.54990925294 2045.32943818 2091.25312408 36.4289478632 6.08023295774 84.1963030619 185.272096044 74.9982279655 16.9765052356 8.54880489084 194.600641306 135.905547903 8.8086986808 8.70412764843 40.0277590242 30.8295513274 9.34039891892 8.54368140905 9.56330276148 19.3564495226 8.7268670667 65.6817094579 73.7637509703 7.18405078001 -9999.0 -9999.0 -9999.0 -9999.0 8.30039048262 7.51862232923 2.14189381021 -9999.0 -9999.0 -9999.0 -9999.0
-9999.0 -9999.0 -9999.0 -9999.0 -9999.0 -9999.0 -9999.0 20.8281976271 17.3771562192 37.4028233023 56.3881139267 17.5710534249 15.5898909756 98.9398552144 127.079650993 156.622931152 13.3228286534 24.6471847355 12.3443369853 293.703397274 652.564526103 662.683052354 2772.73348074 8.88006574178 17.0325595905 5.03164313432 193.116994773 8.38992725149 25.7471615596 8.36172754078 203.180519908 211.818780456 17.7620690635 17.2977735409 99.6427496996 49.8728490592 18.0615773752 9.46765879534 18.9588408301 28.5490284945 45.3914882348 7.85237541535 87.5503514158 93.8330981694 5.32351076115 5.97503142192 6.15754309008 5.23681481633 4.74484740789 21.4828372191 7.81685922316 4.79399520384 -9999.0 -9999.0 -9999.0
-9999.0 -9999.0 -9999.0 -9999.0 -9999.0 -9999.0 -9999.0 -9999.0 37.9779488365 53.5967865061 17.406794867 36.2076630476 52.6767102151 85.9476498823 16.0656767847 14.9547505448 11.4614644795 11.5785928611 9.6434425344 337.042378847 12.8311825398 24.3729128074 2807.27130563 2824.16117174 5.57125834659 28.4394877235 228.190317184 16.1260761389 32.7495382348 14.5541938397 21.4292424421 243.923461088 25.0886663899 140.077366843 115.847949232 8.48452371369 44.3799545981 18.0950833884 26.9174500929 7.78580134928 52.7246399683 66.953727072 71.9965484391 76.6241723474 113.344304827 9.95523173386 10.4377481613 9.0258745321 8.10328118771 25.7171681954 4.60663803165 17.398427283 21.4154632745 -9999.0 -9999.0
-9999.0 -9999.0 -9999.0 -9999.0 -9999.0 -9999.0 -9999.0 -9999.0 20.191280896 93.2710573474 109.815378797 16.4830076424 31.6461467283 15.0712599162 12.7899985581 12.4896178419 167.936873101 222.44825209 272.013302741 325.785586697 12.5223626832 12.064734108 9.81376311421 2872.70826487 2891.73362299 2897.33429165 298.925890979 63.9865502214 56.1205178105 6.29613805187 27.6817677821 278.303799086 6.56827708704 146.863922391 7.78572923177 57.8130903399 53.2936809355 8.37027574206 34.8670745065 15.615865087 23.0484329494 6.18617793406 4.47870653986 81.1581632089 85.086954488 117.25788426 14.6675037813 12.9399255991 11.7519313237 30.7935597354 40.1927380918 4.68994241658 25.8085888229 4.86169575837 8.94231585291
-9999.0 -9999.0 -9999.0 -9999.0 -9999.0 -9999.0 -9999.0 -9999.0 -9999.0 21.3808865153 128.420982523 144.381353167 46.997665834 77.560105157 104.181954003 118.181450544 14.7148439526 42.6681239572 28.3819301612 15.4302900747 14.2820860963 11.7389071929 22.7030043075 37.4103858897 10.2297530232 3212.92156169 3218.65145 4.99119299473 4.45056812894 12.7856477929 19.1040059997 297.391262586 12.772257557 152.309669544 85.6047331307 71.5943000771 7.44292217306 15.4665347899 41.4918939117 6.62881531313 29.2501180367 12.3062907596 6.98201519099 2.87309375721 94.4967904013 214.689311968 17.2365566665 15.5787455178 15.2528707419 3.67433604518 43.8053483292 3.4749036575 34.0280905161 3.99846946723 12.9501895296
-9999.0 -9999.0 -9999.0 -9999.0 -9999.0 -9999.0 -9999.0 -9999.0 -9999.0 -9999.0 16.7386915976 178.618594557 15.2642369098 30.9974693 43.8819858257 68.4381741058 12.5436091333 27.2780962965 13.0836413085 11.4072764773 10.4666281109 20.5545301628 8.64608292973 8.82917646705 15.5547189316 8.49598616389 3225.68072905 3236.39426561 3252.45380488 24.9197642951 6.45730340735 12.8734784854 304.315583797 269.367614111 99.905735517 6.98759849601 29.8372849524 22.563221702 48.1440378525 13.2109949882 54.3210945841 18.6030803483 11.4069837926 1.87140788072 3.19904759543 219.158443445 222.778930807 258.468497947 27.0065820526 7.69286443775 47.8409153055 55.2440319511 92.6121701363 7.87070040736 3.52750882601
-9999.0 -9999.0 -9999.0 -9999.0 -9999.0 -9999.0 -9999.0 -9999.0 -9999.0 -9999.0 -9999.0 10.0547873091 198.980765138 14.5581959931 27.1823563439 119.972059292 12.5237944355 12.1800981203 9.86793100394 22.1664775451 11.1691225206 42.6642674225 60.0186578495 67.4583002877 21.579182126 25.7089926167 4.981595064 7.36677820694 7.00619966456 3290.2542173 3307.69344681 309.633986534 280.557381483 275.052425486 11.1783452447 5.31927358126 35.8448106992 96.0030456883 54.1631064145 19.0974917957 79.1228446191 23.0223594896 17.7776116772 3.47078842901 1.23120487928 1.14878211501 1.5146137064 268.10148347 305.980813774 3.60885516053 3.16493101648 3.63021255559 96.0986498662 107.164421123 6.06802987304
-9999.0 -9999.0 -9999.0 -9999.0 -9999.0 -9999.0 -9999.0 -9999.0 -9999.0 -9999.0 -9999.0 8.79718177459 218.950986649 265.900061195 12.92774433 145.193678055 10.8705015018 9.95874370791 20.3467883094 53.4418871617 10.3936204491 11.4776464883 8.49878065235 84.0192329319 91.6934474245 126.032446419 137.186873298 143.166512704 148.105104741 152.999349918 3466.3516385 3785.1706146 4074.1774788 4078.15210605 4.04604282297 5.25658305779 108.11812285 102.114939131 5.86625063832 5.85300927178 85.5744891933 114.468784258 4.21781377664 47.7280777573 44.6548792191 8.03413062618 3.689445986 6.73553172126 4.26082067047 312.412635566 3.28019327443 9.69110761549 11.9634581999 126.31286023 133.556387273
-9999.0 -9999.0 -9999.0 -9999.0 -9999.0 -9999.0 -9999.0 -9999.0 -9999.0 -9999.0 -9999.0 18.1781811514 34.0041038244 280.961049393 304.236761731 11.8185010964 167.042484858 8.50005103919 26.8691367506 62.653118085 19.635996597 9.15160939185 19.2399463299 6.76970280765 13.0998226729 6.51689878564 5.69801508989 4.33053076755 3.88574518403 3.06444670586 2.53636598652 3.91027810332 5.15865262703 5.97263143528 4091.78282595 122.657541599 113.537730356 2.5290081958 16.2149624688 3.74650412118 3.41604660986 119.474709494 182.397620797 53.5053718911 41.7936757059 5.25952388516 1.88756217793 1.52856056958 4.3063431481 320.002349317 325.91503465 3.14266844951 3.21947495264 2.58907005773 1.38541301482
-9999.0 -9999.0 -9999.0 -9999.0 -9999.0 -9999.0 -9999.0 -9999.0 -9999.0 -9999.0 -9999.0 -9999.0 13.1473984011 209.503239076 526.799813576 568.145785382 745.842848412 756.524131732 137.813030871 101.265611751 29.053061198 8.89665756037 36.5735943864 44.664542636 64.5515134468 13.6070192561 11.9312376847 10.7799051998 20.7851058399 8.99256057407 8.07130504218 4.41893955504 2.18309536363 2.04772964032 4095.54380349 4221.36937101 4225.68250363 2.47923858172 39.4165114168 17.9428997457 5.50932865524 200.457947368 13.1539830908 6.962453012 29.0198563929 5.30933234393 3.4765962432 6.28380845955 8.70438845208 11.6004227733 330.598654564 2.16875937088 1.8096490787 1.81213400355 1.26565341626
-9999.0 -9999.0 -9999.0 -9999.0 -9999.0 -9999.0 -9999.0 -9999.0 -9999.0 -9999.0 -9999.0 16.128496289 161.264336266 195.062740405 28.9284059951 9.744983983 19.9463670656 786.898523324 796.130533346 944.269184509 7.6644481927 16.4218270628 6.65475086773 6.8111378921 71.1538366504 91.3286465834 108.922255842 5.50078767758 26.2214674047 40.4874007827 22.4056892242 9.47208587941 5.90284945147 4.35554230367 4.05115040718 1.81779012965 4228.41968192 4230.33479901 4273.66004608 8.47609978039 4.6393567948 206.074700974 13.9482911312 7.36828091965 8.39731290568 8.30985962569 6.6065934115 10.5670059843 29.0265859773 43.86319416 376.706646332 1.54079747725 4.65554620913 3.17165960671 2.4849399512
-9999.0 -9999.0 -9999.0 -9999.0 -9999.0 -9999.0 -9999.0 -9999.0 -9999.0 -9999.0 -9999.0 16.801814852 116.646565195 17.7005174464 13.6224325727 78.6200641677 89.9614758028 101.058091496 110.241137371 1289.0090989 1298.30650649 1315.63560547 1443.18897729 1464.02067945 1474.85893565 1481.81879816 1602.93478425 1617.97201469 1623.89470374 1671.13282265 1699.9981366 1705.12556098 1719.93341143 8.94762317212 6.77421945363 0.983153852466 0.920531883594 4232.61682055 4286.83348001 11.4021497828 241.722654292 237.374037877 25.1995066622 5.76374727442 5.7650964936 5.43619937309 5.48219713438 11.0486919415 15.2323997117 3.85931487223 378.820213654 381.124063105 390.842627835 392.634260498 396.769179842
-9999.0 -9999.0 -9999.0 -9999.0 -9999.0 -9999.0 -9999.0 -9999.0 -9999.0 -9999.0 -9999.0 61.8996834381 81.3156522555 35.9896341124 52.3210521471 15.9536560736 180.119257741 192.231981046 215.994067433 224.924818162 74.6766781185 1404.91890956 1413.01037558 6.73883649319 3.89206346509 3.37628146795 7.70327128903 3.62704739215 2.31364008561 2.03620575768 2.328800198 1709.47572931 1724.6223506 1739.23008434 1750.50847383 1754.22833134 1.35787684245 0.402462462174 4536.80149706 248.274419773 246.44961061 4.88362772223 4.29843136883 3.75806713768 9.55567195928 9.23668150359 4.06374252568 4.11934756521 3.6408518675 7.37219881988 9.32861329949 1.71077518999 2.86357711286 0.889353352981 0.301508141335
-9999.0 -9999.0 -9999.0 -9999.0 -9999.0 -9999.0 -9999.0 -9999.0 -9999.0 -9999.0 -9999.0 -9999.0 41.9939226792 18.9160763874 15.864081263 155.668232095 168.738086175 13.0273163685 48.3616673636 59.1629924823 67.7013205504 10.151564394 5.96424541506 196.538163206 200.950917976 205.048529603 513.210752691 515.943597978 520.256025083 549.173327811 561.13032692 562.732157563 1.69994227244 1.88357079757 1.96283069612 1757.09237336 0.947308229211 4570.26714035 4568.38509818 30.0541898198 27.5973917166 17.7356034306 4.38863864994 7.46683070204 13.3787748099 13.0893739829 7.78088921316 3.86551410731 7.42054849347 7.15502091137 12.2472073657 1.47299146861 4.06392589864 6.61859317782 7.2740890389
