data/baseflow/mHMbf_acc598.asc
ncols                  80
nrows                 72
xllcorner      4374000.0
yllcorner      5656000.0
cellsize            500
NODATA_value       -9999
[rows 0 to 23 of 72, columns 0 to 54 of 80]
-9999.0 -9999.0 -9999.0 -9999.0 -9999.0 -9999.0 -9999.0 -9999.0 -9999.0 -9999.0 -9999.0 -9999.0 14.3134189637 14.7403975851 -9999.0 -9999.0 -9999.0 -9999.0 -9999.0 -9999.0 -9999.0 -9999.0 -9999.0 -9999.0 -9999.0 -9999.0 -9999.0 -9999.0 -9999.0 -9999.0 -9999.0 -9999.0 -9999.0 -9999.0 -9999.0 -9999.0 -9999.0 -9999.0 -9999.0 -9999.0 -9999.0 -9999.0 -9999.0 -9999.0 -9999.0 -9999.0 -9999.0 -9999.0 -9999.0 -9999.0 -9999.0 -9999.0 -9999.0 -9999.0 -9999.0
-9999.0 -9999.0 -9999.0 -9999.0 -9999.0 -9999.0 -9999.0 -9999.0 -9999.0 -9999.0 -9999.0 -9999.0 30.402608686 71.0586916661 12.3301611196 -9999.0 12.8077713484 -9999.0 -9999.0 -9999.0 -9999.0 -9999.0 -9999.0 -9999.0 -9999.0 -9999.0 -9999.0 -9999.0 -9999.0 -9999.0 -9999.0 -9999.0 -9999.0 -9999.0 -9999.0 -9999.0 -9999.0 -9999.0 -9999.0 -9999.0 -9999.0 -9999.0 -9999.0 -9999.0 -9999.0 -9999.0 -9999.0 -9999.0 -9999.0 -9999.0 -9999.0 -9999.0 -9999.0 -9999.0 -9999.0
-9999.0 -9999.0 -9999.0 -9999.0 -9999.0 -9999.0 -9999.0 -9999.0 -9999.0 -9999.0 14.1175836164 13.2817930462 14.58694941 14.5935284158 96.8340790096 107.633522899 34.288984156 10.873831181 -9999.0 -9999.0 -9999.0 -9999.0 -9999.0 -9999.0 -9999.0 -9999.0 -9999.0 -9999.0 -9999.0 -9999.0 -9999.0 -9999.0 -9999.0 -9999.0 -9999.0 -9999.0 -9999.0 -9999.0 -9999.0 -9999.0 -9999.0 -9999.0 -9999.0 -9999.0 -9999.0 -9999.0 -9999.0 -9999.0 -9999.0 -9999.0 -9999.0 -9999.0 -9999.0 -9999.0 -9999.0
-9999.0 -9999.0 -9999.0 -9999.0 -9999.0 -9999.0 -9999.0 -9999.0 -9999.0 13.1495653064 27.4883362189 54.4772671434 27.3850801584 13.0144071417 25.1865077053 119.08009379 175.754050549 11.5309814851 -9999.0 13.372260918 -9999.0 -9999.0 -9999.0 -9999.0 23.6320443854 12.3086325881 -9999.0 -9999.0 -9999.0 -9999.0 -9999.0 -9999.0 -9999.0 -9999.0 -9999.0 -9999.0 -9999.0 -9999.0 -9999.0 -9999.0 -9999.0 -9999.0 -9999.0 -9999.0 -9999.0 -9999.0 -9999.0 -9999.0 -9999.0 -9999.0 -9999.0 -9999.0 -9999.0 -9999.0 -9999.0
-9999.0 -9999.0 -9999.0 -9999.0 -9999.0 -9999.0 -9999.0 -9999.0 17.3493819802 45.6827462767 58.3921242075 71.3518057268 94.2000269284 11.5332728186 47.4536916179 58.1277561401 253.307256572 9.36470919315 8.89879588409 23.8465730678 34.0032958988 10.9596410892 -9999.0 57.8570141954 47.7721957474 12.287560783 -9999.0 -9999.0 -9999.0 -9999.0 -9999.0 -9999.0 -9999.0 -9999.0 -9999.0 -9999.0 -9999.0 -9999.0 -9999.0 -9999.0 -9999.0 -9999.0 -9999.0 -9999.0 -9999.0 -9999.0 -9999.0 -9999.0 -9999.0 -9999.0 -9999.0 -9999.0 -9999.0 -9999.0 -9999.0
-9999.0 -9999.0 -9999.0 -9999.0 -9999.0 -9999.0 16.561740807 13.9758602182 13.2356245682 13.7817787298 14.3475240634 100.782709636 208.388580206 221.253348335 231.150541108 9.85636311749 273.299441617 282.787002814 19.7629936513 10.4152281965 43.8581694923 75.6616278645 10.4382709411 89.6791930515 10.9739746686 10.8486722111 11.5956812551 -9999.0 -9999.0 -9999.0 -9999.0 -9999.0 -9999.0 -9999.0 -9999.0 -9999.0 -9999.0 -9999.0 -9999.0 -9999.0 -9999.0 -9999.0 -9999.0 -9999.0 -9999.0 -9999.0 -9999.0 -9999.0 -9999.0 -9999.0 -9999.0 -9999.0 -9999.0 -9999.0 -9999.0
-9999.0 -9999.0 -9999.0 -9999.0 -9999.0 -9999.0 33.8376234903 49.4927301846 109.560061545 148.882777077 11.5601971652 12.4488861669 11.51591255 34.5659224571 275.185221826 8.44331377629 293.017554567 333.605156106 30.8626347029 18.8700494342 84.5178938126 10.2009592069 99.565188704 19.2076431429 9.5438823811 19.8410288539 23.0064149242 12.0333398158 12.5622000461 11.9173656752 13.5563651071 27.0480266828 -9999.0 -9999.0 -9999.0 -9999.0 -9999.0 -9999.0 -9999.0 -9999.0 -9999.0 -9999.0 -9999.0 -9999.0 -9999.0 -9999.0 -9999.0 -9999.0 -9999.0 -9999.0 -9999.0 -9999.0 -9999.0 -9999.0 -9999.0
-9999.0 -9999.0 -9999.0 -9999.0 -9999.0 20.4532105975 38.3297536924 17.7103578007 33.4950384665 165.250906055 191.703760738 217.723550024 759.783025514 12.5034362607 285.811209784 1144.52835502 1153.24536568 1502.76347554 9.99947742833 27.4571876883 93.4246512195 8.74209527512 210.924160852 101.921890728 63.1380295991 53.2091907743 11.0648794791 35.405073675 35.8914098834 23.7991492932 11.4283549882 39.0369419356 11.2575284726 10.8923995784 -9999.0 -9999.0 -9999.0 -9999.0 -9999.0 -9999.0 -9999.0 -9999.0 -9999.0 -9999.0 -9999.0 -9999.0 -9999.0 -9999.0 -9999.0 -9999.0 -9999.0 -9999.0 -9999.0 -9999.0 -9999.0
-9999.0 -9999.0 -9999.0 -9999.0 -9999.0 20.8811921303 59.530103943 116.922884862 133.677259772 263.470454063 278.24966082 326.266406972 530.409359859 802.400928884 828.021273837 840.30176011 19.030760889 1538.8959221 1557.95468939 1604.33656349 1946.64736859 239.102129097 221.126186048 73.009528364 9.64095068633 64.2784811966 44.7347749328 8.63730239777 45.8272257301 10.9241757862 22.1728098224 60.9479735538 71.5279673867 21.1129734286 10.1776087612 9.74006092418 -9999.0 -9999.0 -9999.0 -9999.0 10.3707900969 9.72163665205 -9999.0 -9999.0 -9999.0 -9999.0 -9999.0 -9999.0 -9999.0 -9999.0 -9999.0 -9999.0 -9999.0 -9999.0 -9999.0
-9999.0 -9999.0 -9999.0 -9999.0 -9999.0 19.7178015727 18.0809794247 78.2350352821 95.6516853758 113.982272624 16.5558768612 32.4717109911 193.391035824 34.3780604518 14.31735816 11.8556634218 9.72903847163 12.823315835 11.7347203744 11.2910264276 1957.622169 1984.20910854 8.68918607724 27.5120287614 19.1079065465 73.1105496204 17.6634383149 8.18960039765 55.9958710206 20.5223853916 49.7189031799 121.691596418 112.948870524 31.0152691493 29.4220586071 10.402742321 10.1098265185 -9999.0 -9999.0 9.88486016754 21.126682426 51.3083424014 10.3190315462 -9999.0 -9999.0 -9999.0 -9999.0 -9999.0 -9999.0 -9999.0 -9999.0 -9999.0 -9999.0 -9999.0 -9999.0
-9999.0 -9999.0 -9999.0 -9999.0 -9999.0 -9999.0 21.1070042368 21.1759679186 38.7728865612 56.9949259975 127.464178506 161.498430735 179.636019928 19.1519316007 12.0499793362 174.095644795 209.117342946 219.323922095 264.380000835 273.721828923 9.35284441863 1993.76295568 2038.91217491 35.9601186798 6.76008918833 80.7579055974 177.376369204 71.8719919864 16.4400428402 8.38059571136 188.573471629 130.730998594 8.36103517192 8.35220742678 38.088338234 29.7544723111 8.86498129646 8.08610308516 9.33116217497 18.8713534776 8.57336394879 62.057783776 69.7859679975 6.81830649072 -9999.0 -9999.0 -9999.0 -9999.0 7.94642261336 7.18064820078 2.12107716842 -9999.0 -9999.0 -9999.0 -9999.0
-9999.0 -9999.0 -9999.0 -9999.0 -9999.0 -9999.0 -9999.0 19.9302787735 16.9522160712 36.3090751646 54.7069441909 17.1242848758 15.4657061434 95.8104889321 122.860548807 151.182156785 12.651510138 24.0130828619 11.9088354428 283.938617415 629.018128404 638.557341833 2695.47593629 8.73700654376 19.0055107189 5.75845166164 184.853469596 8.05886335378 25.0266781931 8.09018625824 196.724341015 204.960953322 16.8901112922 16.5960342485 95.5347731063 48.0177857326 17.1790873903 9.02819453839 18.5072724376 27.8577519212 44.2050781472 7.49181347487 82.8037363102 88.7120529932 4.98251240665 5.62092964673 5.82770546173 4.9156078448 4.43460929404 20.4395037581 7.49809122204 4.52755662003 -9999.0 -9999.0 -9999.0
-9999.0 -9999.0 -9999.0 -9999.0 -9999.0 -9999.0 -9999.0 -9999.0 37.2244514447 52.6138517993 16.9103471737 35.0860439056 50.8694713128 83.2392887908 15.5645755601 14.5476102331 11.2529720694 11.3675820551 9.53178161345 323.90009228 12.3709294663 23.5677877412 2728.47043834 2744.45731611 5.26693221921 29.8179429725 220.985802294 15.6082259026 31.6748914068 13.8740678384 20.401758868 235.388565556 23.8402468999 134.528620469 111.412195992 8.52146191134 42.78721516 17.4829281848 26.3385105529 7.66303704333 51.2186426443 64.7136851047 69.4259646437 73.7336022393 106.92657295 9.30599794399 9.81621593029 8.4238363271 7.5240127247 24.365578547 4.27771257586 16.4827221098 20.1772926795 -9999.0 -9999.0
-9999.0 -9999.0 -9999.0 -9999.0 -9999.0 -9999.0 -9999.0 -9999.0 19.5486432144 90.9929009605 107.102612027 16.0656975692 30.8887645091 14.7429411742 12.5831805535 12.2965031099 162.854693464 214.857502451 262.252127827 313.231941941 11.8636101641 11.6751443486 9.54083118414 2790.66727887 2808.25873787 2813.32492581 288.999009031 61.6160967031 54.0859870008 5.88597944783 26.2361060159 267.878470066 6.14839307489 140.887676577 7.66730145263 56.0277742009 51.5046733437 8.21140769874 34.1646165267 15.3742116633 22.7146258353 5.8413411748 4.18014691326 77.9498100005 81.5781255471 110.54210014 13.7550215865 12.0539719351 10.8922691782 29.119900533 37.8608954362 4.36328221845 24.2868815009 4.73193679388 8.63444240233
-9999.0 -9999.0 -9999.0 -9999.0 -9999.0 -9999.0 -9999.0 -9999.0 -9999.0 20.5587617043 125.076414854 140.656263227 45.8992735378 75.4868621337 101.282432582 114.635755209 13.9474628798 40.5952118694 26.9219886196 14.5776305773 13.5883874439 11.24628814 21.7844157378 35.9415087481 9.59733384299 3117.7071606 3122.8042851 4.66310532282 4.06483299781 12.1703906329 18.1719371137 285.779503087 11.9815918846 145.917284323 83.0327548151 69.4960923261 7.30013662173 15.1632303207 40.6615213569 6.50727863863 28.8036672529 11.6971595717 6.65127688569 2.97788063438 90.9289224541 204.134033278 16.0762711097 14.441901137 14.091247406 3.36167073781 41.153526982 3.16344784939 31.8865172852 3.82951221455 12.4572007057
-9999.0 -9999.0 -9999.0 -9999.0 -9999.0 -9999.0 -9999.0 -9999.0 -9999.0 -9999.0 16.0282141927 173.719693265 15.048574433 30.4599490178 42.8202604849 66.4014905788 12.0135956501 26.044570229 12.4726719889 10.9449467447 10.050476472 19.7422724185 8.27421365007 8.44904995456 14.7385035606 7.95367106997 3129.10460085 3138.83708178 3153.57379889 23.9181164134 6.22884534746 12.4186527516 292.453297184 258.866173087 96.9407099813 6.79366834237 29.2496481756 22.1163454254 47.1847111049 12.9623947295 52.9383171919 17.7744776949 10.8879241742 2.33517557316 3.30663985034 208.318219689 211.654794321 244.779598752 24.9221398666 7.0714955315 44.8540253195 51.6152428096 86.5245626354 7.42780689443 3.34693392109
-9999.0 -9999.0 -9999.0 -9999.0 -9999.0 -9999.0 -9999.0 -9999.0 -9999.0 -9999.0 -9999.0 9.92137271588 194.005856821 14.2995393904 26.4358795806 116.2321275 12.0017478581 11.6916202648 9.58510461963 21.4554327714 10.9547792535 41.3168496002 57.9857140839 65.0779455235 20.3722154819 24.1070868003 4.54292137344 6.97405628754 6.66476906701 3189.50724195 3206.06059893 297.363975615 269.193306146 264.120916365 10.4182269806 4.95216697698 35.0881605383 93.9719263814 53.0618612237 18.7065364842 77.0945317698 23.6935580819 18.7164328281 4.5294281777 1.72705016217 1.40470268116 1.63883903651 255.452469766 290.572463837 3.33131722833 2.88062021948 3.36815518705 89.8170160074 100.26915436 5.75347369853
-9999.0 -9999.0 -9999.0 -9999.0 -9999.0 -9999.0 -9999.0 -9999.0 -9999.0 -9999.0 -9999.0 8.71542916271 213.611278309 258.957043318 12.4587544572 140.53728094 10.4749844956 9.66354875334 19.9602240214 52.1965252584 10.2581774592 11.240003484 8.19120079565 80.969298809 88.3040845513 120.760562794 131.140314725 136.855426024 141.372353658 145.835792411 3356.85074573 3662.60583453 3939.30107376 3942.59850399 3.66491345892 5.02121768252 105.739511642 99.908048686 5.73050092102 5.92913737094 83.690215069 112.977070685 4.08064184077 51.1001224162 47.7814988214 10.4639210752 4.41817105577 7.90183578475 4.11561621675 296.493615252 3.00464335672 8.92242295833 10.9471145013 118.607387841 126.162763288
-9999.0 -9999.0 -9999.0 -9999.0 -9999.0 -9999.0 -9999.0 -9999.0 -9999.0 -9999.0 -9999.0 17.5847130565 32.7730077313 273.438603347 296.143602741 11.4040236321 161.329556298 8.2279368594 26.0676121879 61.1977616745 19.4421760886 9.1011431826 18.7404709064 6.42385746569 12.4768925447 6.39638060996 5.67383532268 4.64358527699 4.19532212934 3.29734203158 2.64810412783 3.84038339883 4.86058360739 5.64700035176 3954.93171297 119.088803779 110.49678123 2.22492215685 15.9525635661 3.67454637913 3.51549403109 117.712961594 183.358987591 56.6226418411 43.7593908587 6.86784313392 2.47765387524 2.07188879547 4.78987926695 304.313678042 309.669816416 2.86661286752 2.93543569071 2.54317853314 1.93459531975
-9999.0 -9999.0 -9999.0 -9999.0 -9999.0 -9999.0 -9999.0 -9999.0 -9999.0 -9999.0 -9999.0 -9999.0 12.9716342325 202.320711087 511.205425355 551.028753093 722.557736473 732.570289119 134.584294041 99.4672085856 28.7860570427 8.86518652833 35.9664397982 43.8858655328 63.0267499643 13.3640731296 11.7655652166 10.9506985585 21.1058211993 9.06874356421 8.06949466739 4.65086819524 2.90800280649 2.30576807996 3958.14143372 4079.92819342 4083.63820204 2.15253660793 38.2121523908 17.6630514623 5.37300902836 200.612382512 12.6332178277 6.69273868755 28.4619547131 5.43500478952 3.46398918177 6.27651974829 8.57660928828 11.3195838339 313.865519004 1.94164952442 1.59990755953 1.60232708015 1.13029570945
-9999.0 -9999.0 -9999.0 -9999.0 -9999.0 -9999.0 -9999.0 -9999.0 -9999.0 -9999.0 -9999.0 15.7434454312 155.950966844 188.229837607 27.6168699749 9.59529415701 19.8821562428 762.517061735 771.182783463 915.523489291 7.60001761565 16.3256207244 6.53370734799 6.68719637603 69.4596403297 89.22064499 106.613076249 5.33782371097 26.3728242184 40.5488047948 22.2647613717 9.51672506776 6.64930363296 5.15770457579 4.69499526556 1.79323224793 4085.76731898 4087.13114139 4128.16945307 7.92020755023 4.39080699236 205.697909076 13.7106364011 7.16988991435 8.17087580738 8.09103568204 6.42751011155 10.3703221985 27.9334667502 42.2472721448 358.101328658 1.35236015633 4.08099762825 2.78123846244 2.1759504205
-9999.0 -9999.0 -9999.0 -9999.0 -9999.0 -9999.0 -9999.0 -9999.0 -9999.0 -9999.0 -9999.0 16.3745691344 112.266693264 16.8858607464 13.117782398 74.9386020789 85.8076343551 96.4534576302 105.542222965 1245.37298879 1254.67102536 1271.79585876 1395.80468789 1416.36170035 1427.17646435 1433.88083205 1553.29325783 1568.59115102 1574.32455303 1621.43669698 1649.84859412 1654.6907652 1670.14309591 9.5605369999 7.77838963338 1.26398833578 0.879320041599 4088.85334236 4139.90821046 10.5107310774 239.664603656 235.693650012 24.433339856 5.52390831261 5.55445655595 5.23315482505 5.27450859375 10.6264469399 14.5624652577 3.61105552497 359.963070751 362.003401522 370.509976228 372.060898435 375.648965968
-9999.0 -9999.0 -9999.0 -9999.0 -9999.0 -9999.0 -9999.0 -9999.0 -9999.0 -9999.0 -9999.0 59.3797834707 78.0007832878 34.3605074863 49.8403817858 15.118502698 171.558793113 183.080577659 205.677166819 214.745256928 71.5912381339 1357.69625053 1365.81427434 6.78566224289 4.11251423087 3.8027696711 8.3207224537 4.08009152487 2.98968990441 2.75422669887 2.82056924351 1659.22493535 1674.81544738 1689.59177182 1701.45236526 1705.26485767 1.39212759987 0.361615543577 4386.58789675 245.540477605 243.993258398 4.71459345896 4.02896097961 3.46797900377 9.06820751403 8.75611627668 3.84901628401 3.90616789988 3.43254728809 6.94048628819 8.695757135 1.45454121213 2.40362708688 0.779117147908 0.414161353467
-9999.0 -9999.0 -9999.0 -9999.0 -9999.0 -9999.0 -9999.0 -9999.0 -9999.0 -9999.0 -9999.0 -9999.0 40.2040439499 18.1549443223 15.3603942067 148.329611556 160.683225357 12.364446651 46.0403721174 56.4099622782 64.730783145 9.98307320833 5.90332943292 189.900134349 194.268390575 198.39702949 496.182574056 499.161362832 504.562465866 535.787377759 550.485430054 552.612406338 2.39055376731 2.59789560974 2.33336685041 1707.61807429 0.812767018567 4417.86341865 4416.52647407 28.9191209516 26.7629473321 16.9013626399 4.15114610202 6.90823483399 12.6238236618 12.3305351713 7.33667342927 3.65845608113 6.99518918636 6.82316809721 11.4658827784 1.41845800545 3.51441709112 5.8091614568 6.72204649396
