data/baseflow/mHMbf_acc480.asc
ncols                  80
nrows                 72
xllcorner      4374000.0
yllcorner      5656000.0
cellsize            500
NODATA_value       -9999
[rows 25 to 49 of 72, columns 0 to 54 of 80]
-9999.0 -9999.0 -9999.0 -9999.0 -9999.0 -9999.0 -9999.0 -9999.0 -9999.0 -9999.0 -9999.0 -9999.0 30.8120163583 60.9863996247 29.1672064197 58.3368372024 26.7308149999 199.170285277 251.302173 277.920204848 24.8485155323 48.7134965529 458.045471007 571.943420049 594.174606827 45.2600870558 49.8509799692 74.585730717 17.4725959437 16.3792816753 31.4584976942 12.9807497958 706.109576794 719.40008909 733.991901061 5737.04932847 10760.4958867 10660.4249129 25.7998573597 11.6164112669 10.461441202 36.1815489802 26.2676593696 58.6810134824 78.7321405153 157.376763262 14.4844284808 14.4143322763 128.666222755 142.207725805 276.536371595 286.278559059 312.735393329 325.779537528 13.4007977096
-9999.0 -9999.0 -9999.0 -9999.0 -9999.0 -9999.0 -9999.0 -9999.0 -9999.0 -9999.0 -9999.0 -9999.0 -9999.0 29.6414271162 59.1911510682 88.7502174378 144.088377355 28.5201795877 26.6099497806 178.965710506 203.940433226 410.750239169 436.005604253 70.8578555229 23.9826413523 21.8813698596 23.0887427164 615.995355986 632.700005752 650.069639713 665.752419003 693.265782707 143.496088258 155.188462484 905.436441961 17408.3393671 83.8214664898 70.9453667994 36.9137824243 9.18822625204 8.78761052478 57.4053582783 65.8926775056 76.8677599339 8.83568447209 167.341492011 25.8568507489 25.516720726 7.8513405723 6.3589063917 6.25564631021 5.34962819993 6.50427912099 332.201281619 4508.82542582
-9999.0 -9999.0 -9999.0 -9999.0 -9999.0 -9999.0 -9999.0 -9999.0 -9999.0 -9999.0 -9999.0 -9999.0 -9999.0 -9999.0 28.8888022453 53.9415877914 76.6803698737 99.6473381433 126.018646503 153.05920179 79.1340659844 132.316500924 25.2020409455 24.1910142509 504.630854824 551.686642238 574.110791326 597.590087856 18.5914909285 34.7364793746 90.6614797944 113.140640148 130.683756924 13.2796830222 11.7317997563 17441.3025874 12.7376519189 21.1600566125 11.7906770825 36.6404146331 17.2892878867 10.3029417482 151.754121612 159.080393888 6.10577388758 173.8744737 209.813469615 36.9421930275 4771.19929083 4755.72004687 4742.45100641 4716.83826051 4707.0936725 4538.57038065 4532.21966481
-9999.0 -9999.0 -9999.0 -9999.0 -9999.0 -9999.0 -9999.0 -9999.0 -9999.0 -9999.0 -9999.0 -9999.0 -9999.0 -9999.0 5.71894496939 13.2748072547 23.1106586799 201.462512459 228.528081651 27.3292060605 26.5638010451 26.5601292525 405.998839839 457.397493803 24.9385359047 25.1482729654 21.3439844175 87.4590756885 109.352936124 56.9655704958 74.0845784323 499.114903424 516.533400495 543.690427502 880.25915156 18327.8098596 12.7472378233 10.1267370113 54.99061007 45.8799203457 6.38255994951 23.6602620089 30.466173398 166.906967159 173.807198122 399.504377396 213.422014331 41.9487768299 4903.69563486 62.903477327 4729.94164631 4723.65789028 158.029087422 5.53983439536 18.8080159553
-9999.0 -9999.0 -9999.0 -9999.0 -9999.0 -9999.0 -9999.0 -9999.0 -9999.0 -9999.0 -9999.0 -9999.0 -9999.0 -9999.0 29.3302527359 47.9719699424 101.142350155 175.64763867 249.514367976 302.74004563 329.053048427 355.794643105 381.874862476 25.3583135933 23.2766553714 45.9260085378 43.7145475105 22.7850547226 427.413639484 448.799844334 468.966399398 488.080054931 289.522362836 307.95534705 324.233780626 18333.0725488 21.0897356087 28.3321751167 88.9327053787 8.47806276725 13.5196817104 7.09320889134 6.27956258198 36.7756716306 5.66796595918 6.1202046075 5333.40135868 4929.42310291 4923.48819811 21.571710253 54.8168010966 35.9040103219 9.0710954129 145.49193309 44.3827320759
-9999.0 -9999.0 -9999.0 -9999.0 -9999.0 -9999.0 -9999.0 -9999.0 -9999.0 -9999.0 -9999.0 -9999.0 -9999.0 -9999.0 20.4491377353 18.668810838 36.3249618884 55.9061047515 27.8523898625 30.02086683 57.3653755357 84.3178972434 135.773673144 161.15951217 183.707206757 252.85701913 274.118075463 297.553832695 22.2319015627 214.543063503 234.157793084 254.089349792 18.4678273905 12.524365139 20.302967671 18673.6589712 18678.6733079 18711.6248098 110.585177741 16.220892499 25.022199094 8.304599864 11.3044998342 42.015985868 52.4530979414 11.1934317979 5360.23055196 8.5961332638 11.714978524 12.634836756 10.5204122849 19.577582067 8.65499323065 91.1534184972 73.5910738456
-9999.0 -9999.0 -9999.0 -9999.0 -9999.0 -9999.0 -9999.0 -9999.0 -9999.0 -9999.0 -9999.0 -9999.0 -9999.0 -9999.0 -9999.0 17.3748561903 34.5827463977 17.85971056 37.4541423968 230.200724391 254.633873592 280.59354044 25.6365795051 25.5557761849 48.3199769876 71.6331233655 113.045320633 134.803766408 149.320431809 171.355060411 18.0037147351 17.9673694822 288.790862134 301.356550449 308.258878076 314.825351741 257.190260452 18994.9375514 19146.5054591 19151.5811291 19180.9736838 19210.0029621 19226.333375 5.32006902266 57.2717357751 5365.31366685 13.285695642 6.80605753459 7.48878055513 6.91440616893 12.1046182457 11.6092407619 6.70824337337 8.8823728689 8.79842477972
-9999.0 -9999.0 -9999.0 -9999.0 -9999.0 -9999.0 -9999.0 -9999.0 -9999.0 -9999.0 -9999.0 -9999.0 -9999.0 -9999.0 -9999.0 -9999.0 51.3431003691 70.2117638722 126.710412351 170.820350018 24.2800366974 332.785303771 357.737232304 381.494645818 23.0074509351 45.2325192559 20.1235483116 151.835926509 165.084124024 186.484320762 210.511095299 262.114470863 272.539316259 6.34395586487 231.951675734 244.92031582 251.052091607 278.0637768 35.9291789483 23.0980469948 14.7515594851 13.2903907955 19244.0487364 19252.674248 19347.0396392 5370.22652787 37.1492947694 18.9017609403 12.6312976944 4.1221035217 36.2853245412 18.9057049183 6.11806776454 32.8524724987 27.5969002248
-9999.0 -9999.0 -9999.0 -9999.0 -9999.0 -9999.0 -9999.0 -9999.0 -9999.0 -9999.0 -9999.0 -9999.0 -9999.0 -9999.0 -9999.0 -9999.0 19.0199754456 88.8420269102 108.893046 25.3497641078 26.6724126864 54.0829969703 79.5984820461 485.270160331 22.8119123691 91.6453793432 112.488081743 132.866719548 14.5605781007 34.2930393339 46.7101904404 182.095995806 207.194505037 212.858641027 6.49820131495 6.58537461705 8.09429300775 14.568629591 6.69496774929 7.18937471103 12.8072616278 9.35485975794 11.83072778 32.0250827875 19355.1246341 24746.4504487 46.776707014 7.91140087266 4.93115451775 112.50472019 103.443184377 60.9054393235 54.572537066 40.8324727296 8.83663470236
-9999.0 -9999.0 -9999.0 -9999.0 -9999.0 -9999.0 -9999.0 -9999.0 -9999.0 -9999.0 -9999.0 -9999.0 -9999.0 -9999.0 -9999.0 15.1944727616 51.6352265828 17.2817079045 26.7118869921 27.7063490514 54.259693459 80.602835213 103.313258288 607.172597932 628.764396231 22.1970464523 42.7194620705 63.4664754324 79.8654372335 98.0881095369 162.532818398 175.077921609 17.3661769389 10.8553037968 9.48255636593 8.16440472797 12.0283488194 11.3352921205 12.1273871501 13.6412670913 43.8049066312 19.0810991582 8.34192281255 8.13781816066 7.81387323953 14.7361720469 25136.8414355 339.430826197 136.351711616 11.7568033793 5.3282252482 4.5126054072 15.7912207188 10.8552880918 5.60867887264
-9999.0 -9999.0 -9999.0 -9999.0 -9999.0 -9999.0 -9999.0 -9999.0 -9999.0 -9999.0 -9999.0 -9999.0 -9999.0 -9999.0 16.0649276202 30.8862532911 114.859783886 16.7906264321 50.2076571311 77.3204754955 103.366780096 26.7110081356 50.5809080873 71.8521712365 718.144775233 21.0603368228 40.3408038163 60.1937985845 19.5238928147 38.838331557 55.6346035371 67.7543252713 1387.1598774 1409.79910024 1434.16172417 1529.64848578 1559.27219872 1625.31429757 27.7701470822 57.5448082791 57.7130812768 1855.45067466 1870.62360937 7.5555492611 13.412106048 19.038693295 25142.0578088 325.461466722 175.14862407 169.225882409 121.077767187 100.837872598 20.8836116273 5.05610707011 9.85084197036
-9999.0 -9999.0 -9999.0 -9999.0 -9999.0 -9999.0 -9999.0 -9999.0 -9999.0 -9999.0 -9999.0 -9999.0 -9999.0 -9999.0 16.2240516027 49.2754463408 180.274363275 264.546294679 14.8837010489 350.206751942 471.661056546 24.8976274389 48.1526172628 69.8277989542 916.346276644 933.677450001 16.7268274602 94.167575897 110.849847692 127.346347385 1242.03362898 1284.62273343 1307.18330317 11.238605161 64.433947327 78.2433419942 31.9886069407 45.3374231981 1690.14539173 1768.60877159 1779.8465356 1790.57167686 1885.04513289 7.10214611181 6.62148955385 31.1465171443 25148.5416791 7.86894448048 14.2904099924 42.9711121255 15.4467537591 91.5055150685 68.4204647272 40.5268258883 29.0401438316
-9999.0 -9999.0 -9999.0 -9999.0 -9999.0 -9999.0 -9999.0 -9999.0 -9999.0 -9999.0 -9999.0 -9999.0 -9999.0 -9999.0 -9999.0 -9999.0 34.3236862422 69.1083797697 314.379240819 332.776780094 487.667797318 506.003141794 24.6202224731 49.2109140501 113.096347021 950.102377028 984.25962016 998.984223905 12.4322416878 1054.49278358 1098.54288597 27.4459080215 10.7426547823 20.1748638279 39.8023661695 9.94005500313 20.0823558854 43.8615359595 55.1403094821 10.9719298518 8.14843919579 16.1925200505 1942.73043231 1963.55679599 1969.18956081 2015.06329526 25154.1870752 5.71988879203 11.3400726466 13.0945425564 12.8411994386 13.0566582572 11.8458936866 22.5453528355 4.40722910372
-9999.0 -9999.0 -9999.0 -9999.0 -9999.0 -9999.0 -9999.0 -9999.0 -9999.0 -9999.0 -9999.0 -9999.0 -9999.0 -9999.0 -9999.0 -9999.0 17.8981493515 17.4876678172 17.5916049694 36.5392753672 16.4107190285 538.454281022 555.132531113 21.6975365158 43.5929435781 20.157086894 17.4970754888 16.9423315183 1030.05273831 15.1458895054 31.0163535288 13.253123804 10.4860817789 9.72468462073 7.89780327985 8.20796997357 25.2410494449 34.5117215015 7.18298465568 6.60387807538 14.3438254123 23.5431287678 30.4019152059 9.82891420966 1977.52942202 2020.81204472 25158.1416635 39.0895657292 27.7553619568 8.76323352225 20.0748967165 7.40335478672 5.91913895675 28.9879121779 22.0502233795
-9999.0 -9999.0 -9999.0 -9999.0 -9999.0 -9999.0 -9999.0 -9999.0 -9999.0 -9999.0 -9999.0 -9999.0 -9999.0 -9999.0 -9999.0 -9999.0 -9999.0 -9999.0 17.2806249072 52.4578981573 66.864154475 82.6510292238 570.550524465 586.081216847 602.131472217 620.592318491 636.97056062 671.071376948 684.814195759 699.413563142 710.564055333 9.14406357324 8.65040833789 9.22097081438 33.9114820424 9.0724156532 8.7546097181 7.00637838341 20.9106558083 8.50847284221 6.93160557289 6.45781351977 5.60785553395 11.1930159981 16.4786203558 2054.87639933 27256.1374777 5.52014972501 11.8237055416 7.44359019078 27.7227133557 15.3361500497 11.895549226 68.8131476414 36.5504722473
-9999.0 -9999.0 -9999.0 -9999.0 -9999.0 -9999.0 -9999.0 -9999.0 -9999.0 -9999.0 -9999.0 -9999.0 -9999.0 -9999.0 -9999.0 -9999.0 -9999.0 -9999.0 -9999.0 14.2090971876 113.102784204 226.945961353 243.701561087 22.5226286716 44.0818861128 65.8327914317 83.6881836655 204.067674202 213.786126575 9.32861455439 9.25404808368 733.250983948 752.22296039 759.9436134 40.3377426099 6.20624610926 15.2285611588 22.4242193321 67.6701106015 83.558970461 96.7755042733 12.1867647482 17.1760000585 5.86523902326 11.81299395 6.17018114797 27266.4264232 5.36683054563 22.0674969634 13.5370384736 44.9330542991 83.3992651065 98.3422459346 170.192172829 42.0194419531
-9999.0 -9999.0 -9999.0 -9999.0 -9999.0 -9999.0 -9999.0 -9999.0 -9999.0 -9999.0 -9999.0 -9999.0 -9999.0 -9999.0 -9999.0 -9999.0 -9999.0 -9999.0 15.9065537529 50.6530259041 99.13576278 129.536332807 336.670898328 356.268384514 44.9932573676 67.0617218233 86.8873558948 104.76070231 225.724109733 245.37249576 447.512449602 464.727808151 477.437733605 768.049513522 830.734302785 14.8414719045 9.54419060937 9.18292768756 17.8315506642 8.36655492771 113.121917228 119.391711476 23.1585573515 29.9961473063 8.50349814979 5147.40672218 5161.688972 32434.1815287 32462.0226086 5.34608455571 56.1209694127 8.49513995684 7.77099491176 185.564320906 232.779076732
-9999.0 -9999.0 -9999.0 -9999.0 -9999.0 -9999.0 -9999.0 -9999.0 -9999.0 -9999.0 -9999.0 -9999.0 -9999.0 -9999.0 -9999.0 -9999.0 -9999.0 -9999.0 -9999.0 18.0693812593 17.5721298889 33.1221478345 78.5847503034 371.389914847 22.9525207744 22.695687483 41.4042674303 61.2491404126 155.234937213 170.400322766 12.5521933325 10.899529071 488.376202336 497.057939546 1337.42496384 1347.08630038 5.57996770208 4.91312610485 4.29658849362 4.3382434599 4.75843608517 5030.07327631 5066.49825854 5102.38701082 5116.85063686 5140.64574775 6.99108215488 25.8943058634 32.4868675104 32505.7206441 32508.3852719 32510.5354033 32514.5064621 32517.7071792 241.365643056
-9999.0 -9999.0 -9999.0 -9999.0 -9999.0 -9999.0 -9999.0 -9999.0 -9999.0 -9999.0 -9999.0 -9999.0 -9999.0 -9999.0 -9999.0 -9999.0 -9999.0 -9999.0 -9999.0 -9999.0 16.0424068556 16.828829781 31.1939359243 432.043409214 449.064691606 22.2782036753 40.9525540505 61.2734511526 80.1074408019 17.3028767095 30.2503828982 1055.79056342 1064.12249662 1074.37529226 1144.02048001 2500.15997382 4806.98629244 4819.59132128 4831.39883822 4842.72941994 4889.71913487 4904.89245631 30.8681241139 14.3108365597 8.48460810084 16.1713537312 12.845597616 20.2447772429 6.70533121361 131.110376543 147.670307461 159.902412968 163.54899324 32520.0552879 32766.9907657
-9999.0 -9999.0 -9999.0 -9999.0 -9999.0 -9999.0 -9999.0 -9999.0 -9999.0 -9999.0 -9999.0 -9999.0 -9999.0 -9999.0 -9999.0 -9999.0 -9999.0 -9999.0 -9999.0 -9999.0 -9999.0 16.2735731819 31.1681522044 46.1514581081 461.921225727 17.0871549575 633.387321591 653.813712879 671.243348203 685.171436408 998.329883289 1013.4401284 9.24813442868 49.6729906468 61.2412995408 9.62325731892 2294.10386951 2276.62050051 5.84248089237 13.3146523793 36.6441336194 8.15021263078 8.82026200757 7.18774136946 6.40818948122 5.09773327067 6.07426613338 110.08635576 116.578359895 124.129847767 10.2795337637 6.98821681079 168.642967473 173.645058228 176.426681174
-9999.0 -9999.0 -9999.0 -9999.0 -9999.0 -9999.0 -9999.0 -9999.0 -9999.0 -9999.0 -9999.0 -9999.0 -9999.0 -9999.0 -9999.0 -9999.0 -9999.0 -9999.0 -9999.0 -9999.0 -9999.0 14.7824695358 13.8615854532 71.8693984042 564.365027125 597.122675282 615.091461178 18.671347227 268.633378367 286.187769806 294.867926998 13.2878457576 23.7068233193 33.0656183602 534.326290351 541.731915038 548.33841888 2264.41935105 1354.0849909 7.24257473943 7.90872044924 7.63481259599 6.32694895765 62.4802572148 76.7278761795 89.3725355283 96.5833496791 103.56749888 641.257422806 646.997926519 653.456740942 667.527583015 737.091633241 740.51808718 920.816057284
-9999.0 -9999.0 -9999.0 -9999.0 -9999.0 -9999.0 -9999.0 -9999.0 -9999.0 -9999.0 -9999.0 -9999.0 -9999.0 -9999.0 -9999.0 -9999.0 -9999.0 -9999.0 -9999.0 -9999.0 -9999.0 -9999.0 28.8630775748 44.1676083505 17.1160378533 22.3942766253 201.737497539 220.231502846 234.580540127 105.387701655 119.861312997 133.959634925 143.450108578 517.987097502 527.619519586 340.070911091 896.32764031 903.787677764 1347.92665208 15.2803659299 7.90664382542 5.72666972668 42.2380340573 49.8156723194 5.26032105461 5.0010023337 617.40244747 629.910150151 636.213644849 6.47240677257 9.84323020451 724.019984163 7.17818657216 26.5056531873 29.4083842641
-9999.0 -9999.0 -9999.0 -9999.0 -9999.0 -9999.0 -9999.0 -9999.0 -9999.0 -9999.0 -9999.0 -9999.0 -9999.0 -9999.0 -9999.0 -9999.0 -9999.0 -9999.0 -9999.0 -9999.0 -9999.0 -9999.0 14.4605248138 28.6263062044 123.868017992 141.708636557 160.49487434 75.4472113832 91.078914437 15.0267282033 339.008171133 352.767656273 365.277269921 10.2830319701 322.072336837 332.012548714 7.85479674499 1308.58366652 16.713488045 8.38070992137 22.3702152184 30.2989722797 6.35382042428 5.24884953753 558.370101076 606.170357351 613.282253734 7.48639528375 17.1589628727 21.7585110533 27.0844202225 51.8709826387 9.69286440647 21.7002024028 4.63816481204
-9999.0 -9999.0 -9999.0 -9999.0 -9999.0 -9999.0 -9999.0 -9999.0 -9999.0 -9999.0 -9999.0 -9999.0 -9999.0 -9999.0 -9999.0 -9999.0 -9999.0 -9999.0 -9999.0 -9999.0 -9999.0 -9999.0 14.225016018 45.391508529 80.5118585998 19.8876767937 39.999263577 58.9084956819 279.989477488 296.315928954 310.485439771 13.0291320102 252.528984813 292.606482431 303.57413695 9.01175083593 1275.4986017 1293.47367235 8.62308704867 7.95691422791 16.0822750563 6.78385770372 522.676067648 535.390303542 542.969020158 29.1694945229 36.692757485 6.69327056141 12.2391509245 5.59169760858 39.4078409014 5.90939570215 5.57331688544 5.85652876626 6.23292603396
-9999.0 -9999.0 -9999.0 -9999.0 -9999.0 -9999.0 -9999.0 -9999.0 -9999.0 -9999.0 -9999.0 -9999.0 -9999.0 -9999.0 -9999.0 -9999.0 -9999.0 -9999.0 -9999.0 -9999.0 -9999.0 -9999.0 -9999.0 16.2340193537 18.4393045098 21.6957486163 191.336003228 209.483196998 263.284891747 16.0061754585 196.891506543 227.737451245 13.6882573461 28.081116298 11.3302514339 1247.33386297 11.3723294488 27.7910532097 34.5567066223 42.0243180527 477.602362208 502.641477903 510.611225317 8.02846881351 15.2778091384 21.8848312257 4.59221650565 4.29522880229 1288.30400652 1292.73369202 1296.50939045 1332.60940644 1337.57432369 1344.34420388 1349.35927664
