data/baseflow/mHMbf_acc435.asc
ncols                  80
nrows                 72
xllcorner      4374000.0
yllcorner      5656000.0
cellsize            500
NODATA_value       -9999
[rows 25 to 49 of 72, columns 0 to 54 of 80]
-9999.0 -9999.0 -9999.0 -9999.0 -9999.0 -9999.0 -9999.0 -9999.0 -9999.0 -9999.0 -9999.0 -9999.0 20.4837689136 40.8610367506 19.7374067577 39.771479644 18.2362843341 133.405590408 166.409382672 184.200342401 15.1740781521 29.9636588962 288.580638306 357.370222695 368.781045278 22.8454798545 19.438322554 27.9700402638 5.63684366107 5.18342727501 9.67738523798 4.49126110347 430.986719591 436.811881466 439.616951117 3406.81832989 6820.08851826 6791.43351052 5.69115357098 2.85722836901 2.65316107821 14.6198866299 12.0517496467 32.9892272818 46.6596749816 93.4068812339 8.53930810077 8.48543151427 76.1707364844 83.819421909 162.877336359 166.448684488 177.499238564 180.095888266 2.12050957485
-9999.0 -9999.0 -9999.0 -9999.0 -9999.0 -9999.0 -9999.0 -9999.0 -9999.0 -9999.0 -9999.0 -9999.0 -9999.0 20.1285244525 40.0787251987 60.0495446568 97.3335238381 18.3708010457 16.7558226183 117.198302279 132.332940891 260.931818723 276.656871076 45.1758363435 12.8217252852 10.8058469946 9.59010923601 399.751965886 406.197669394 412.035974527 416.666359063 425.747938596 61.501587614 64.9823537361 506.949221512 10737.8537487 22.8386952985 16.7488525952 8.76822339492 2.50637008643 2.1875604394 19.5069471536 21.0597605901 37.4994410517 2.43406408339 97.0156562957 14.1384299701 13.8754480831 2.46446094154 1.44352576401 1.14240391542 1.152537787 1.12070526398 181.628699685 2179.04149982
-9999.0 -9999.0 -9999.0 -9999.0 -9999.0 -9999.0 -9999.0 -9999.0 -9999.0 -9999.0 -9999.0 -9999.0 -9999.0 -9999.0 19.2370016319 36.2410472208 51.6051391705 66.8259460907 83.7268343383 101.029232831 49.1816772282 82.4452885789 15.5440772396 15.3146050126 339.321543093 367.693128897 379.457503488 391.560658321 8.06268726673 14.4218664524 41.1653198623 48.3687398503 55.3749755442 4.55739936083 2.51903728581 10751.4432393 5.65544710856 5.1539864181 2.50727404794 11.134238878 5.51634959979 2.23659024281 60.6944759349 62.3815842187 1.35781377633 98.5042603128 113.852607293 15.2477286997 2238.32398639 2234.6539218 2231.82217514 2226.50454533 2224.24379256 2191.48264919 2189.62785185
-9999.0 -9999.0 -9999.0 -9999.0 -9999.0 -9999.0 -9999.0 -9999.0 -9999.0 -9999.0 -9999.0 -9999.0 -9999.0 -9999.0 4.49478591962 9.8624805034 15.3422927856 149.258627321 166.596648009 17.5173493924 16.2803255823 16.6463345426 279.867000655 311.144867586 14.6890697814 15.597462636 12.2884297572 50.0731313937 61.9023672774 25.9038042561 34.5733844266 287.666205101 296.202511783 308.115566854 474.21680117 11230.0544151 5.06683589406 1.93433277531 17.2101838387 14.3678883618 2.06521833871 6.43659513015 8.370480638 64.2964614559 65.8078708267 183.884961006 115.395383238 17.8652577632 2276.19888201 11.9422008159 2229.35689237 2227.99884608 30.6756377147 3.02335260806 7.67687948122
-9999.0 -9999.0 -9999.0 -9999.0 -9999.0 -9999.0 -9999.0 -9999.0 -9999.0 -9999.0 -9999.0 -9999.0 -9999.0 -9999.0 22.1445532476 36.7675480155 75.1546002281 131.661170769 180.699587365 215.373899416 232.720344359 249.449198769 265.428661284 15.3664560395 12.8638963377 25.8087046876 25.0148692097 13.0552817561 250.008741088 261.555339429 272.000100073 282.079911119 151.663578895 157.267369996 163.195064922 11233.8753414 9.46632989805 4.37153974886 24.3996136786 3.34244170905 3.85985638223 2.00486465704 1.81336024755 10.1379548685 1.25691650859 1.30737564076 2467.38274485 2282.40246417 2281.00279403 5.19594521232 10.7664118805 6.97405299352 1.58564985946 26.2971455325 7.22484910387
-9999.0 -9999.0 -9999.0 -9999.0 -9999.0 -9999.0 -9999.0 -9999.0 -9999.0 -9999.0 -9999.0 -9999.0 -9999.0 -9999.0 15.1641830943 14.5874125426 28.8132553213 43.0744594065 17.7095119858 19.3083132726 36.5606930994 53.3139053376 84.9287857563 101.10028171 114.108371637 152.896027973 163.875750786 177.077299808 11.3225956805 118.369206885 128.03130813 136.900190057 6.92191012499 4.44942266604 7.89304450071 11403.0840942 11406.6783275 11421.6443246 34.585798446 7.16354886019 5.78347813753 1.50253264829 3.17962706058 11.5562464952 13.9787664053 2.33614492437 2472.9918259 1.64312679002 2.69748995357 3.06093401616 2.08912990625 4.08352807356 1.65832086022 17.5767054801 13.6638337127
-9999.0 -9999.0 -9999.0 -9999.0 -9999.0 -9999.0 -9999.0 -9999.0 -9999.0 -9999.0 -9999.0 -9999.0 -9999.0 -9999.0 -9999.0 14.2167795038 27.7799730889 12.8604771606 26.2637709164 165.292186672 181.290249292 197.036896557 15.626285024 15.6954457782 29.487563391 42.8955357455 65.0875067917 77.3033288995 85.2892127549 96.0288544623 9.00232950621 8.31386118907 145.697084688 149.818132294 153.628686871 157.431003542 135.060020499 11572.5545439 11628.3845999 11631.9774078 11641.0148411 11652.4100314 11656.943525 1.09070650413 15.0964342062 2474.05165424 2.30385073726 1.18014550172 1.26306412133 1.28046884096 2.31093364853 2.36452866413 1.35920457615 2.11010269322 1.97155831453
-9999.0 -9999.0 -9999.0 -9999.0 -9999.0 -9999.0 -9999.0 -9999.0 -9999.0 -9999.0 -9999.0 -9999.0 -9999.0 -9999.0 -9999.0 -9999.0 41.1877793544 54.6888517404 94.8517428691 125.058951633 15.615274974 231.240710217 246.452462404 260.554545899 13.3976316574 26.0421034317 10.6198675267 85.0213592196 92.5691407168 102.705234757 112.171129047 136.582802613 140.19044598 2.57199645513 120.464822191 127.944459315 131.505012758 147.144725419 17.5765425726 10.334493636 5.69831451323 5.66699426937 11661.3501353 11662.9715936 11687.3057457 2474.97437816 6.47293436756 3.38963364015 2.25345941787 0.81349384475 7.1735183811 3.84829925972 1.18559534391 6.65215890797 5.63820740309
-9999.0 -9999.0 -9999.0 -9999.0 -9999.0 -9999.0 -9999.0 -9999.0 -9999.0 -9999.0 -9999.0 -9999.0 -9999.0 -9999.0 -9999.0 -9999.0 13.8890005422 68.2563974531 82.2454944622 16.6658767983 16.8388804158 34.3633022076 51.3605413263 327.477562153 13.4060737835 53.3310968552 64.7504902456 75.5206679269 7.57780280438 17.0679314579 23.2992706854 96.2326539785 106.926526216 110.46457893 3.81448199377 3.76063256477 4.52408393104 8.40938244099 3.67796965411 3.85092132932 4.31209422675 5.01655013746 4.48269745675 8.00192737144 11689.1165739 14168.0010174 7.70056911719 2.44903078269 0.782784746306 22.4881787448 20.7196978249 12.3329964172 11.1057385469 8.34905583097 1.99972336872
-9999.0 -9999.0 -9999.0 -9999.0 -9999.0 -9999.0 -9999.0 -9999.0 -9999.0 -9999.0 -9999.0 -9999.0 -9999.0 -9999.0 -9999.0 12.5918184859 38.7892847061 12.5062386655 18.0889248913 18.5457423427 34.9194768114 51.555591842 65.4770226373 404.633816474 417.588663657 13.2632594961 24.8664005483 36.8220407121 46.0603315936 55.8439595838 85.3792055813 91.9995379094 6.11497753287 5.50629342722 4.61766799822 3.38562441087 4.27931750918 5.02967420409 4.64494202209 7.23019509202 13.7938105727 6.73359285288 1.30200188302 1.25194575777 1.23156131859 2.31530099007 14236.7741733 57.3955594404 26.4305833452 2.13605614171 1.01919884613 0.753002316967 2.77193333345 1.95105936162 1.0212289384
-9999.0 -9999.0 -9999.0 -9999.0 -9999.0 -9999.0 -9999.0 -9999.0 -9999.0 -9999.0 -9999.0 -9999.0 -9999.0 -9999.0 13.4539788895 25.5699754465 88.9627408835 11.8537183536 33.3293187057 51.5142520008 68.2005478413 17.0986589451 31.9396626572 45.2445254442 473.357611172 12.6249279761 23.502101589 34.144517856 10.5592563221 20.9087644515 26.7636420173 33.0855029328 814.495512556 823.798352959 831.381072954 857.963864671 871.070311701 893.032363358 5.83255130484 14.8032674712 15.8888674035 951.731629171 954.23088213 1.15353127384 2.07899586976 2.96753912672 14238.2729341 51.9085639837 22.7434810231 21.4271419565 17.8028443604 15.8554894658 3.67374581408 0.863592867073 1.75790301679
-9999.0 -9999.0 -9999.0 -9999.0 -9999.0 -9999.0 -9999.0 -9999.0 -9999.0 -9999.0 -9999.0 -9999.0 -9999.0 -9999.0 13.6208067615 41.0730470525 143.304009561 211.708807103 10.3823741558 273.68843734 353.782792947 16.1494614336 30.8749845486 44.7602935662 599.252666783 609.691554839 8.25418941869 50.4100695591 58.3343677568 66.8353917051 754.196325923 768.993788352 776.643991959 3.56314686826 20.0896103969 23.5583209781 8.80436829006 12.1606997441 910.399965643 929.980988002 932.357139679 934.550361907 956.599566617 1.14455949762 0.99585166216 4.77586667834 14239.6301942 1.36741366126 0.865345157057 2.53542492835 0.95904865641 14.1602747423 11.8222705992 6.97234525586 5.03284598911
-9999.0 -9999.0 -9999.0 -9999.0 -9999.0 -9999.0 -9999.0 -9999.0 -9999.0 -9999.0 -9999.0 -9999.0 -9999.0 -9999.0 -9999.0 -9999.0 28.1053802645 56.3561568738 249.207025819 262.412353483 365.213770718 377.24407547 15.5049915269 31.0024043682 71.521977129 618.44082204 635.892540147 642.249428893 4.4940816967 665.36316847 680.739499746 9.21594513374 3.64870178093 7.24795443622 13.7964074995 3.19575111007 6.06290982271 12.8023185297 15.4421439187 2.77496652946 1.780568173 3.40266894511 972.143035557 977.322109812 978.211615744 985.472546839 14240.879749 1.03215805952 0.623751004192 0.702278352622 0.68454163895 0.7021775478 0.608249618823 1.14395918824 0.684517346615
-9999.0 -9999.0 -9999.0 -9999.0 -9999.0 -9999.0 -9999.0 -9999.0 -9999.0 -9999.0 -9999.0 -9999.0 -9999.0 -9999.0 -9999.0 -9999.0 14.6098049346 14.263421785 13.5747226115 26.3357074389 10.9816906999 399.305044309 410.171031396 14.1640029334 27.9214604416 11.4395975989 8.30813781267 7.96532676398 655.836010346 5.09491367617 10.1702316917 5.17159978487 4.09125069804 3.36827732212 2.46229779315 2.57595417071 7.81777867189 10.7516924892 1.94942525438 1.65169235765 3.55896586001 5.97600382384 9.65890715034 3.26042365921 979.718689601 986.344635725 14241.8605085 4.00536206862 1.84993074076 0.430685913418 1.0468475855 0.368852231036 0.298167287285 1.46429720425 3.51071990301
-9999.0 -9999.0 -9999.0 -9999.0 -9999.0 -9999.0 -9999.0 -9999.0 -9999.0 -9999.0 -9999.0 -9999.0 -9999.0 -9999.0 -9999.0 -9999.0 -9999.0 -9999.0 13.9900974291 38.8979427588 49.3999797356 60.1587041675 420.734535902 431.53918519 441.813456398 452.897722399 460.599417939 476.524302488 481.463320772 486.206576191 490.240476457 3.69432358205 3.36797108575 3.43704929264 11.2163424408 2.91752153868 2.71381084343 2.08474995143 5.93015696005 2.23332531923 1.67903508137 1.5554200801 1.36820532901 2.73053024976 3.88482858991 993.962628633 15240.8905017 1.06768687845 1.80193248304 0.368951139741 1.44938538066 0.830960455297 0.599388172192 7.91787128897 5.96710538969
-9999.0 -9999.0 -9999.0 -9999.0 -9999.0 -9999.0 -9999.0 -9999.0 -9999.0 -9999.0 -9999.0 -9999.0 -9999.0 -9999.0 -9999.0 -9999.0 -9999.0 -9999.0 -9999.0 11.5244081038 91.7239244658 176.37620612 187.01508974 14.7464817172 28.7370909923 42.7558570521 52.8338011448 125.106577972 129.297499998 4.02338867005 3.8027624529 497.641543076 504.106017931 507.130250817 13.2209118817 1.59530718077 3.98401797651 5.90430389264 18.1261032562 22.3026482725 25.4707383581 2.90376187924 4.02595129052 1.32742897561 2.61139247665 1.33072270451 15243.5345878 0.717356082506 3.33498660786 0.997184952029 2.98421551886 7.56676111167 8.61230088957 17.0274485368 7.38596554382
-9999.0 -9999.0 -9999.0 -9999.0 -9999.0 -9999.0 -9999.0 -9999.0 -9999.0 -9999.0 -9999.0 -9999.0 -9999.0 -9999.0 -9999.0 -9999.0 -9999.0 -9999.0 12.944527504 41.3403065931 80.5723677505 104.950977983 261.069186203 273.846656881 29.129617223 42.7323355061 54.5643169186 64.5088033421 133.95239909 142.327340935 254.237100801 264.257303227 267.638500949 509.804440805 528.749833147 3.86102684414 2.59986638499 2.4277099905 4.52176085577 2.026556544 29.4512408242 30.9369080113 5.26795492129 7.80400963654 1.5919961851 2965.0508131 2967.74285573 18212.866785 18217.5715156 0.944490039551 4.99583803297 1.19367868171 0.808706682496 18.6160686617 26.619626408
-9999.0 -9999.0 -9999.0 -9999.0 -9999.0 -9999.0 -9999.0 -9999.0 -9999.0 -9999.0 -9999.0 -9999.0 -9999.0 -9999.0 -9999.0 -9999.0 -9999.0 -9999.0 -9999.0 14.8033105758 14.2547557785 26.8111211653 63.0870735817 285.289221468 14.9551327359 14.81291159 25.4009701915 37.5266694284 90.3095226052 97.0977309381 6.38432121596 6.67439323311 272.044601247 274.574639222 806.132340081 808.526710814 1.27229070172 1.12550219998 0.924612204897 0.932565891706 1.08033465208 2931.61661378 2940.82681699 2951.87528529 2956.71703802 2962.8766562 1.4484319902 5.29098312406 6.11321686619 18226.0307146 18226.92106 18229.357434 18232.329097 18235.2311623 27.6789380872
-9999.0 -9999.0 -9999.0 -9999.0 -9999.0 -9999.0 -9999.0 -9999.0 -9999.0 -9999.0 -9999.0 -9999.0 -9999.0 -9999.0 -9999.0 -9999.0 -9999.0 -9999.0 -9999.0 -9999.0 12.9669499964 13.629466068 24.994074056 333.919503921 345.044364779 14.5726802988 25.410228997 37.8717664598 46.8832997534 7.90758413976 14.8648465449 737.260247023 740.528331268 745.154517573 775.236603386 1587.6558159 2872.54882127 2875.94892575 2878.8881269 2881.754613 2894.84484721 2899.17410414 7.48065069939 3.25345753537 1.9686282397 3.67933700254 2.62527535542 4.18170221966 1.26701166751 31.0875225638 33.5620295045 36.0037228071 36.4295841588 18236.1720374 18265.5158055
-9999.0 -9999.0 -9999.0 -9999.0 -9999.0 -9999.0 -9999.0 -9999.0 -9999.0 -9999.0 -9999.0 -9999.0 -9999.0 -9999.0 -9999.0 -9999.0 -9999.0 -9999.0 -9999.0 -9999.0 -9999.0 13.1971832479 25.088669167 37.0842030452 354.936569987 11.3424352779 479.184568409 492.036702008 500.22497795 508.151964698 708.040484543 715.621133019 3.46452021543 21.9042557849 25.9299995361 3.08118810928 1281.67482767 1276.02679871 1.62559847735 3.82204717437 10.4054088079 2.33603217117 2.41061752219 1.64094760452 1.36939463308 1.07840175249 1.2305091716 27.3394994777 28.5982845727 30.1216650081 1.78492277447 1.90691504903 37.3733712305 37.8686027917 38.1855352276
-9999.0 -9999.0 -9999.0 -9999.0 -9999.0 -9999.0 -9999.0 -9999.0 -9999.0 -9999.0 -9999.0 -9999.0 -9999.0 -9999.0 -9999.0 -9999.0 -9999.0 -9999.0 -9999.0 -9999.0 -9999.0 11.9705087199 11.0340603495 57.4379926875 434.712366618 457.072555035 468.039615828 10.7114011006 180.764227624 188.485164223 192.744827545 7.17379625028 11.0610188045 14.0228664286 294.488607077 296.949585958 298.996932868 1272.46336513 795.256315445 2.08223953165 2.24489400995 2.14141772927 1.6323134836 17.2050817189 20.3256149424 23.0688001908 24.5679400265 26.0091967156 254.873352369 255.910524016 258.202233726 264.383776488 278.256123299 278.68327064 317.279895296
-9999.0 -9999.0 -9999.0 -9999.0 -9999.0 -9999.0 -9999.0 -9999.0 -9999.0 -9999.0 -9999.0 -9999.0 -9999.0 -9999.0 -9999.0 -9999.0 -9999.0 -9999.0 -9999.0 -9999.0 -9999.0 -9999.0 23.210243902 35.3803452754 11.6206812705 14.9399651753 144.537067669 155.564689538 162.64628041 60.5776559936 66.0686163394 71.9780231003 75.8668758918 288.979286357 292.569268465 171.393401763 472.952228802 475.289144223 793.618790316 4.44391952859 2.2730908358 1.56685261132 12.0259361287 14.0490342353 1.12415027931 1.03505085017 250.313327254 252.779040496 253.923108315 2.64529104909 4.28501179455 276.778210342 0.742309441906 2.55941291925 2.86684527198
-9999.0 -9999.0 -9999.0 -9999.0 -9999.0 -9999.0 -9999.0 -9999.0 -9999.0 -9999.0 -9999.0 -9999.0 -9999.0 -9999.0 -9999.0 -9999.0 -9999.0 -9999.0 -9999.0 -9999.0 -9999.0 -9999.0 11.547483909 22.8051375616 93.1602074768 105.124405839 117.642072906 47.2440218732 55.0686345125 5.72117954318 200.184833779 205.116906209 209.667090394 3.85975220223 164.803740884 168.557503939 2.54528744394 781.924738038 5.16897826287 2.60529534776 6.5726933728 8.85459791914 1.64268754858 1.34230223848 237.058914494 248.095927295 249.5342063 1.53641745011 3.2577842207 4.15344878679 5.03091138043 10.0966255797 0.961579003664 2.09053673949 0.428668834666
-9999.0 -9999.0 -9999.0 -9999.0 -9999.0 -9999.0 -9999.0 -9999.0 -9999.0 -9999.0 -9999.0 -9999.0 -9999.0 -9999.0 -9999.0 -9999.0 -9999.0 -9999.0 -9999.0 -9999.0 -9999.0 -9999.0 11.3753820838 35.2149393122 59.7032517036 13.2061024078 26.8223494405 37.8798057607 177.086523908 184.34672804 189.636918207 4.82578442198 140.478451967 154.120571129 158.041428967 2.79611776936 770.932863541 777.064195954 2.77120670849 2.4885385132 4.83949521641 1.87694663359 228.258423425 231.52711776 233.423907456 7.17692501766 8.70016195491 1.31643615686 2.33152170348 1.02363893343 7.25521872387 1.03414273416 0.5443459616 0.544030358464 0.541532720744
-9999.0 -9999.0 -9999.0 -9999.0 -9999.0 -9999.0 -9999.0 -9999.0 -9999.0 -9999.0 -9999.0 -9999.0 -9999.0 -9999.0 -9999.0 -9999.0 -9999.0 -9999.0 -9999.0 -9999.0 -9999.0 -9999.0 -9999.0 11.9160247439 12.6214939225 14.6518474998 127.254551264 138.144404157 168.224018952 8.00583451082 119.517070756 131.505866231 4.88600640591 9.83677178441 3.26972374745 762.024132649 3.53434739836 9.03562785719 11.076483078 12.9800337737 216.923133587 222.972019881 225.044835128 2.12290353224 3.89183158503 5.47635885428 0.934419005366 0.829058055006 642.941233401 643.777216969 644.464491398 651.104489265 651.926143048 652.705790678 653.183304329
