data/baseflow/mHMbf_acc319.asc
ncols                  80
nrows                 72
xllcorner      4374000.0
yllcorner      5656000.0
cellsize            500
NODATA_value       -9999
[rows 0 to 24 of 72, columns 0 to 54 of 80]
-9999.0 -9999.0 -9999.0 -9999.0 -9999.0 -9999.0 -9999.0 -9999.0 -9999.0 -9999.0 -9999.0 -9999.0 25.0032378765 21.3641686942 -9999.0 -9999.0 -9999.0 -9999.0 -9999.0 -9999.0 -9999.0 -9999.0 -9999.0 -9999.0 -9999.0 -9999.0 -9999.0 -9999.0 -9999.0 -9999.0 -9999.0 -9999.0 -9999.0 -9999.0 -9999.0 -9999.0 -9999.0 -9999.0 -9999.0 -9999.0 -9999.0 -9999.0 -9999.0 -9999.0 -9999.0 -9999.0 -9999.0 -9999.0 -9999.0 -9999.0 -9999.0 -9999.0 -9999.0 -9999.0 -9999.0
-9999.0 -9999.0 -9999.0 -9999.0 -9999.0 -9999.0 -9999.0 -9999.0 -9999.0 -9999.0 -9999.0 -9999.0 50.6250113989 113.481978202 18.6672405192 -9999.0 14.2241577034 -9999.0 -9999.0 -9999.0 -9999.0 -9999.0 -9999.0 -9999.0 -9999.0 -9999.0 -9999.0 -9999.0 -9999.0 -9999.0 -9999.0 -9999.0 -9999.0 -9999.0 -9999.0 -9999.0 -9999.0 -9999.0 -9999.0 -9999.0 -9999.0 -9999.0 -9999.0 -9999.0 -9999.0 -9999.0 -9999.0 -9999.0 -9999.0 -9999.0 -9999.0 -9999.0 -9999.0 -9999.0 -9999.0
-9999.0 -9999.0 -9999.0 -9999.0 -9999.0 -9999.0 -9999.0 -9999.0 -9999.0 -9999.0 24.3864079285 23.7597295747 24.5320595136 23.6794639924 157.960639633 178.002159652 40.2692843525 12.8184308271 -9999.0 -9999.0 -9999.0 -9999.0 -9999.0 -9999.0 -9999.0 -9999.0 -9999.0 -9999.0 -9999.0 -9999.0 -9999.0 -9999.0 -9999.0 -9999.0 -9999.0 -9999.0 -9999.0 -9999.0 -9999.0 -9999.0 -9999.0 -9999.0 -9999.0 -9999.0 -9999.0 -9999.0 -9999.0 -9999.0 -9999.0 -9999.0 -9999.0 -9999.0 -9999.0 -9999.0 -9999.0
-9999.0 -9999.0 -9999.0 -9999.0 -9999.0 -9999.0 -9999.0 -9999.0 -9999.0 24.1164596383 47.9132727702 95.0298071607 46.938804999 22.7092278944 43.9444637894 199.336126216 272.790337783 15.5034834255 -9999.0 22.7104796298 -9999.0 -9999.0 -9999.0 -9999.0 28.0330906576 14.0159096923 -9999.0 -9999.0 -9999.0 -9999.0 -9999.0 -9999.0 -9999.0 -9999.0 -9999.0 -9999.0 -9999.0 -9999.0 -9999.0 -9999.0 -9999.0 -9999.0 -9999.0 -9999.0 -9999.0 -9999.0 -9999.0 -9999.0 -9999.0 -9999.0 -9999.0 -9999.0 -9999.0 -9999.0 -9999.0
-9999.0 -9999.0 -9999.0 -9999.0 -9999.0 -9999.0 -9999.0 -9999.0 27.2163986585 76.7852947568 99.6306813448 122.4163996 163.423128025 20.7863248837 84.2094419524 104.267473091 415.681072804 20.1241408386 19.6155938928 42.1866186151 60.9631148002 19.7627230614 -9999.0 76.4729361095 62.5056095393 18.0651077797 -9999.0 -9999.0 -9999.0 -9999.0 -9999.0 -9999.0 -9999.0 -9999.0 -9999.0 -9999.0 -9999.0 -9999.0 -9999.0 -9999.0 -9999.0 -9999.0 -9999.0 -9999.0 -9999.0 -9999.0 -9999.0 -9999.0 -9999.0 -9999.0 -9999.0 -9999.0 -9999.0 -9999.0 -9999.0
-9999.0 -9999.0 -9999.0 -9999.0 -9999.0 -9999.0 27.4756674006 25.2315852077 23.9456181895 24.3321405926 24.269042728 170.982361552 356.807269993 378.892759694 396.715322768 16.9973580344 452.782788901 472.20502992 38.7740653319 19.0286014691 79.250565549 137.038237547 20.7391883172 139.203767462 21.3072653721 21.6275847786 22.0829679133 -9999.0 -9999.0 -9999.0 -9999.0 -9999.0 -9999.0 -9999.0 -9999.0 -9999.0 -9999.0 -9999.0 -9999.0 -9999.0 -9999.0 -9999.0 -9999.0 -9999.0 -9999.0 -9999.0 -9999.0 -9999.0 -9999.0 -9999.0 -9999.0 -9999.0 -9999.0 -9999.0 -9999.0
-9999.0 -9999.0 -9999.0 -9999.0 -9999.0 -9999.0 54.301333934 79.8562796005 179.452890254 250.183087139 21.5258869511 21.8809642897 20.6779843516 61.3832999244 476.654203512 16.4375759817 489.9784536 560.246908894 55.9596541899 36.0025595644 154.260439219 18.9242947762 157.70885066 39.4736418577 20.1253497824 41.0947083458 43.4493633749 20.9422211445 21.0298792435 20.5013974253 21.7880266526 43.7650572936 -9999.0 -9999.0 -9999.0 -9999.0 -9999.0 -9999.0 -9999.0 -9999.0 -9999.0 -9999.0 -9999.0 -9999.0 -9999.0 -9999.0 -9999.0 -9999.0 -9999.0 -9999.0 -9999.0 -9999.0 -9999.0 -9999.0 -9999.0
-9999.0 -9999.0 -9999.0 -9999.0 -9999.0 29.1087873227 56.1651077742 26.5823100142 51.5525970459 275.685257245 321.323379634 366.036076791 1161.59785228 20.4097701553 496.620683516 1813.23730331 1826.19761632 2408.47752513 13.972801531 53.1139722927 171.662542869 17.2314370676 376.951871117 201.392510928 125.235071207 105.201689728 21.1538259458 62.089223967 60.8876086242 40.6350261947 19.7638186686 64.3260421079 19.7686443318 19.5142299015 -9999.0 -9999.0 -9999.0 -9999.0 -9999.0 -9999.0 -9999.0 -9999.0 -9999.0 -9999.0 -9999.0 -9999.0 -9999.0 -9999.0 -9999.0 -9999.0 -9999.0 -9999.0 -9999.0 -9999.0 -9999.0
-9999.0 -9999.0 -9999.0 -9999.0 -9999.0 29.3424833592 84.8203202494 168.156255969 193.251371925 381.396325827 404.752660263 477.961665351 775.320662619 1221.30674807 1262.56379674 1281.97185559 34.2935308994 2470.00986978 2500.18531577 2587.70872379 3207.21176072 430.454495146 395.700083466 143.796349559 18.2181273367 120.370861917 81.8249429109 18.8417172648 79.1171448995 17.331175442 36.3448147779 101.923422969 120.906698867 38.2970614653 19.0676476413 18.6371848303 -9999.0 -9999.0 -9999.0 -9999.0 15.3461494472 12.8472317877 -9999.0 -9999.0 -9999.0 -9999.0 -9999.0 -9999.0 -9999.0 -9999.0 -9999.0 -9999.0 -9999.0 -9999.0 -9999.0
-9999.0 -9999.0 -9999.0 -9999.0 -9999.0 28.5071583471 26.8027317328 111.980879719 137.414546671 163.729457664 24.8921951719 49.3278605474 282.535943035 49.1222720966 22.7192656551 21.2843999585 18.7662854097 21.2167317299 19.5678717636 19.991330809 3225.59582446 3278.0410605 17.1203969538 53.0435181513 36.196768751 138.65898087 38.017886938 18.5235395684 98.0924625995 33.8067871056 80.9694810655 211.482420067 196.766799283 57.2490723048 56.8538133007 18.9983368855 19.0158035178 -9999.0 -9999.0 19.0633605239 34.0402353236 73.9852631163 13.7054043832 -9999.0 -9999.0 -9999.0 -9999.0 -9999.0 -9999.0 -9999.0 -9999.0 -9999.0 -9999.0 -9999.0 -9999.0
-9999.0 -9999.0 -9999.0 -9999.0 -9999.0 -9999.0 29.1705830854 29.3958300569 55.8896055478 82.4847042557 184.756870079 235.318843287 260.292919565 26.2983542101 20.6692230377 279.436464097 341.670982062 361.23389523 441.348047297 459.633901089 18.2894725351 3296.25991945 3382.70925334 68.7615669185 11.5556520061 154.20211201 344.526617016 134.923965003 34.2708684521 16.8652337708 325.530840736 228.914601062 17.5319265254 17.6006700357 74.9944842625 55.7782555321 18.5975055291 18.9879716019 18.4367501381 37.0186702524 17.9048874647 90.1461048895 108.539645888 18.0796702065 -9999.0 -9999.0 -9999.0 -9999.0 20.7285027535 19.767211586 4.55438995558 -9999.0 -9999.0 -9999.0 -9999.0
-9999.0 -9999.0 -9999.0 -9999.0 -9999.0 -9999.0 -9999.0 29.1498365813 24.794275291 51.8092354556 77.9464224705 25.5630044966 23.4938594327 146.669577229 192.493109812 238.817986548 21.3131700269 41.414050056 20.3158255512 478.319605228 1060.55020006 1075.35281196 4492.99803711 17.5463837923 34.2670618964 10.5976826955 362.280675475 17.0854063267 51.5811367028 16.7724062779 342.602527303 359.454914555 35.0376806143 34.372600819 185.468100161 92.5028570645 38.0729520625 19.0672146884 36.873525679 55.0864525626 90.4030603252 17.9014465464 145.955789455 165.566103438 18.6936416657 19.3914319481 20.0103419099 18.9778349724 18.4299606798 58.6901772282 20.3750951827 12.7337988144 -9999.0 -9999.0 -9999.0
-9999.0 -9999.0 -9999.0 -9999.0 -9999.0 -9999.0 -9999.0 -9999.0 52.8679461643 76.5610108092 25.4153788979 51.5692354686 75.813581239 124.68723163 24.5835454539 23.498910359 20.0272458401 20.3985798573 18.5595375312 544.073760997 20.6556720143 40.3397350776 4551.09813203 4601.34284606 26.8228312735 86.6258844718 466.54898185 33.4072572684 67.2200092535 32.1188941489 48.0358092676 426.672085278 51.1729265708 269.170519648 218.639897384 16.5931356352 91.4746611742 36.4791778067 53.9063570474 17.2292773248 108.797626923 145.501773029 163.68933197 181.304139779 237.411792167 36.0607453244 37.3816267569 35.5947737569 34.3807732109 74.9449061221 15.5920372918 48.8224513763 62.7759306503 -9999.0 -9999.0
-9999.0 -9999.0 -9999.0 -9999.0 -9999.0 -9999.0 -9999.0 -9999.0 27.6155958704 131.067105399 155.849960186 24.8503350584 48.4559719831 23.5922820825 21.793521526 21.2971342636 271.82326254 363.451004791 446.402984153 528.27855451 20.6072222014 20.1066776781 23.5705742515 4702.22396299 4759.32633849 4786.37428274 629.44843008 136.478456727 117.894270593 16.370282522 63.3965650261 505.900053064 15.7023192335 285.23563268 16.3678419472 116.073450901 109.213264327 17.1183701191 70.7535498318 33.9808470347 50.5270133859 18.1962769322 17.3762290672 198.782695596 215.424802929 254.014337952 54.6762804939 52.4024327139 50.8212247754 90.934763491 122.254694076 15.5768807846 77.0416518783 14.64581087 28.1797979964
-9999.0 -9999.0 -9999.0 -9999.0 -9999.0 -9999.0 -9999.0 -9999.0 -9999.0 28.0078045432 181.811917992 206.447560111 72.4464812388 120.229999661 164.776962379 187.641810404 23.1279646897 71.1135131477 46.311676718 23.1584384001 22.7509260309 20.5307213122 41.362246977 75.14613738 31.9576871947 5474.66112214 5502.29828284 25.6396091712 17.5181864298 31.9597707038 47.7020046835 552.936509518 31.3129377445 300.465959534 176.884402387 145.778834801 16.5877540621 33.321463253 86.5325859408 15.6687611095 65.8673051344 34.0769455076 29.9861906225 12.3856001487 256.110103501 524.692455611 68.2566162032 66.198694104 64.8134285746 13.6250260033 135.924508304 13.407771928 105.378043218 13.149238753 41.6799383707
-9999.0 -9999.0 -9999.0 -9999.0 -9999.0 -9999.0 -9999.0 -9999.0 -9999.0 -9999.0 24.819057366 256.498300859 23.8753444966 47.9587992271 70.0196895379 114.365717277 22.9303897315 47.962431832 23.3220851752 22.2645691119 20.8080304949 41.4758286509 18.9458392503 22.3564970914 51.0561253935 30.8064263923 5530.23552744 5582.70782376 5654.55758596 66.2815616732 15.3030530963 30.4295939782 568.517804253 555.25518144 209.158728933 15.8668075222 65.7528213214 49.4783952971 102.372130916 31.420378824 131.097482934 49.6214633897 44.4110978399 8.585342708 12.8068051959 541.702583814 557.63154216 706.509490625 107.198178576 28.0365870078 150.633267338 178.272039241 296.587603809 26.1727680292 12.3740672465
-9999.0 -9999.0 -9999.0 -9999.0 -9999.0 -9999.0 -9999.0 -9999.0 -9999.0 -9999.0 -9999.0 12.151764328 282.554067131 23.2996397689 45.2097387551 204.770106591 23.7480483827 23.633009591 20.6721488045 43.1599418095 20.4308193163 82.4989404238 121.073379573 139.504634631 70.2608576818 94.2402904855 27.8054733307 30.0138194373 27.4299253251 5763.1311258 5812.43346158 583.436982838 584.513883192 570.112934377 30.4803413639 14.9121088045 80.7324031575 213.229745134 117.574037735 46.5434526668 192.717241265 84.6980784127 70.1465723676 16.0040326278 7.25769480523 7.69895315208 9.39081927602 750.398052714 901.1765875 13.3775354725 12.6928512385 13.2177846943 309.234940179 347.133979493 22.7374487304
-9999.0 -9999.0 -9999.0 -9999.0 -9999.0 -9999.0 -9999.0 -9999.0 -9999.0 -9999.0 -9999.0 11.1750804788 309.944562095 382.342236552 21.9528165094 249.00035782 21.9515994342 20.814216078 40.0973093445 103.08566072 19.5452529711 20.6207973177 18.6257208009 177.422861504 195.227186046 308.432628071 355.026103114 376.59223143 402.021607091 426.489158902 6264.56392609 6891.48666222 7519.14995621 7538.82894328 18.188943642 15.0039433759 243.230690784 228.420448986 14.8247964913 14.6035906707 206.658854215 306.63622582 12.931115381 144.507192493 134.244571863 35.1682158247 18.7344573189 30.1356693829 16.2579205589 931.08861828 15.2878040989 40.0781747093 52.5777952666 435.215681014 464.068604481
-9999.0 -9999.0 -9999.0 -9999.0 -9999.0 -9999.0 -9999.0 -9999.0 -9999.0 -9999.0 -9999.0 26.3343107878 50.2465242015 405.731993512 447.943707329 21.7687709666 290.685422449 19.115750503 57.731348935 121.640544658 37.9824929544 18.3587272229 38.9962884941 17.9170666986 33.778384477 15.6261788642 14.3634735961 11.5217550246 10.5673273908 10.9787939601 12.5574070517 18.4381414711 23.7133372671 26.8235833161 7605.05669956 318.20648393 283.470444512 18.9020680917 43.5962144736 10.3553728032 8.30882568949 320.892376151 508.832348505 160.281599542 119.617691489 19.1918532662 8.95217165967 8.2275089528 21.7328944011 967.962608582 997.620835833 15.2846550186 15.538801209 12.8728365307 7.31772240674
-9999.0 -9999.0 -9999.0 -9999.0 -9999.0 -9999.0 -9999.0 -9999.0 -9999.0 -9999.0 -9999.0 -9999.0 22.5656121879 310.544011002 780.353181792 847.582870536 1158.91754304 1178.34107175 273.100804461 197.14679895 56.8156631504 18.0920807737 74.8843432468 92.7369558973 142.400349155 32.0264998901 29.8728588354 27.3011255297 53.253839143 26.1056550759 26.98293824 11.8792620746 7.79303956118 11.3326062106 7625.4129064 7953.85490796 7974.91165354 20.02954609 130.406083983 47.8605529712 14.9024361901 556.267322276 33.3724501566 17.2321392705 70.6295903828 14.5317878063 14.1294486541 27.6096414312 40.2974348122 54.3208861985 1023.82247626 12.5894619886 11.3712129405 11.3693623184 8.97936683634
-9999.0 -9999.0 -9999.0 -9999.0 -9999.0 -9999.0 -9999.0 -9999.0 -9999.0 -9999.0 -9999.0 25.2215974251 237.437643702 287.731010535 46.2181322026 12.7324368213 29.4248327471 1228.14185822 1247.10382044 1537.91620286 16.916214707 34.8099063573 15.743716147 16.1080046189 158.333029887 206.255534674 251.13506062 14.8209814557 68.1943638848 108.869508292 67.0313974418 26.0922410095 19.4232678468 19.1633652607 22.3972132634 14.9367280296 7993.93172107 8011.06481296 8175.90389507 27.2650993806 13.8633269001 568.780906588 34.4343668027 17.9288513764 19.3272146265 19.1379471609 17.3413461004 32.5610566466 95.4181632562 165.011675187 1201.45215209 9.89475264253 29.9089665997 20.3048707107 17.1705264487
-9999.0 -9999.0 -9999.0 -9999.0 -9999.0 -9999.0 -9999.0 -9999.0 -9999.0 -9999.0 -9999.0 25.8998463906 165.136225243 25.7449395359 22.5343945625 116.716288646 136.911781799 157.600118299 176.414202146 2097.99327744 2112.76811468 2144.56533956 2397.68978099 2447.61785601 2477.22570348 2493.86734343 2780.23624361 2817.4034206 2832.20124729 2956.97096133 3039.95533969 3054.24768192 3099.01418207 32.5845600476 31.4777490357 8.47705207376 11.8747031201 8028.81335687 8236.75471366 43.3690604425 660.009176184 646.935871747 66.1562923159 15.914479894 16.4342979506 15.9747205171 15.9402362415 32.2296755623 47.6932174722 15.9855710942 1213.69770254 1226.55717994 1288.14317309 1299.11289779 1326.64960309
-9999.0 -9999.0 -9999.0 -9999.0 -9999.0 -9999.0 -9999.0 -9999.0 -9999.0 -9999.0 -9999.0 85.4024344681 112.601456092 52.0268083186 76.6803519928 24.3476259021 281.408256534 303.769098764 347.579126643 364.81797975 144.606954891 2315.80378673 2330.82648903 17.2449348934 13.2989810188 11.4262523938 25.3407330395 11.6085965013 8.59155607635 7.61365940329 8.79249986977 3066.24647876 3111.91178329 3158.65765877 3202.70083714 3243.53179265 19.8782056859 8.22335295088 8940.92862782 687.787525423 673.767729695 14.5396423146 14.590869239 13.8358378066 30.3449836427 30.0542929256 13.6630818191 13.7276344048 12.7593610808 28.4035589223 39.33142127 9.22043402538 16.6725881177 6.4758812925 3.61407785539
-9999.0 -9999.0 -9999.0 -9999.0 -9999.0 -9999.0 -9999.0 -9999.0 -9999.0 -9999.0 -9999.0 -9999.0 57.7745840161 26.6477405912 24.4115682436 236.848582933 260.224671944 23.0898785997 91.5708121194 111.812362668 130.028148394 19.8261435128 17.8245939956 374.420874939 390.412755545 405.390824439 1041.61571547 1052.94484549 1070.49621752 1168.49194522 1220.50064341 1227.85414825 6.28903018125 6.70415585832 7.33761092687 3267.71436909 10.9964428587 9080.46090308 9062.42438377 106.946623993 91.0177744242 55.9520967749 13.8319959061 27.6475907216 44.5167746392 44.2538873504 26.8614078044 13.1293952975 25.7953178885 25.0156904914 50.4818427484 6.63438236135 23.5754238576 39.9034958684 47.661616756
-9999.0 -9999.0 -9999.0 -9999.0 -9999.0 -9999.0 -9999.0 -9999.0 -9999.0 -9999.0 -9999.0 -9999.0 29.8909874644 83.8620397564 109.47430979 188.542750416 24.0291750316 48.273097674 70.9298368518 268.318526896 286.054897161 298.769781393 317.057627305 339.132722544 528.172629481 590.333320436 623.531478866 12.6250180204 78.2533460043 89.6538707205 1196.70019195 1238.1470211 1254.39265235 1270.57806601 1287.29321478 4567.80390197 10.6241051327 9126.54896782 22.5665083754 9.37718660607 77.3952774698 67.0141378213 9.38442812043 39.1474692201 56.3223576877 56.1034755046 38.0646413674 62.3465590889 98.4077268295 35.6543017004 96.2084877086 7.5341771111 10.9577099973 3.25736349603 2.66989926702
