data/baseflow/mHMbf_acc317.asc
ncols                  80
nrows                 72
xllcorner      4374000.0
yllcorner      5656000.0
cellsize            500
NODATA_value       -9999
[rows 25 to 49 of 72, columns 0 to 54 of 80]
-9999.0 -9999.0 -9999.0 -9999.0 -9999.0 -9999.0 -9999.0 -9999.0 -9999.0 -9999.0 -9999.0 -9999.0 31.2744834248 61.8612152817 28.7501220382 59.1340815396 27.5990427978 202.305180215 256.011131014 283.601751651 25.1491496703 48.0315157629 462.437292908 574.78225588 596.196517203 51.307957357 50.956171959 73.8877335197 17.7410373264 17.0622195684 32.9267138726 14.9953785136 717.718974489 731.732265925 748.367686993 5735.74739865 11596.970675 11493.344762 28.4714274374 12.1593349693 10.8083865999 37.3382706837 26.6500583897 65.682795144 89.6492649003 180.359561759 15.9211554024 15.909689929 147.92228454 162.731901164 321.110655323 333.024060916 359.599390265 372.198509645 11.1450470267
-9999.0 -9999.0 -9999.0 -9999.0 -9999.0 -9999.0 -9999.0 -9999.0 -9999.0 -9999.0 -9999.0 -9999.0 -9999.0 30.3537579618 59.9368934505 89.2451802437 145.939575322 29.716026246 27.6351243589 183.410386727 208.450632355 418.270668122 442.751354382 69.5571757255 25.447802466 25.5485956684 24.949738437 618.562435533 638.200188167 656.479010419 672.86662932 703.693220253 145.19254652 161.541767199 924.869065976 18263.3970608 89.9316814319 78.2231575006 41.1433630479 10.0530526099 9.02375123212 59.1572267738 67.3240338129 84.4732058626 9.15318310771 190.799506713 27.5407392819 27.1250234622 7.8937367997 5.98197732028 5.52668397576 5.05291596503 5.80651671117 379.156027766 5666.55251618
-9999.0 -9999.0 -9999.0 -9999.0 -9999.0 -9999.0 -9999.0 -9999.0 -9999.0 -9999.0 -9999.0 -9999.0 -9999.0 -9999.0 29.6244573825 54.5856856659 76.9652310628 100.305786367 128.226075169 156.720179807 83.2961451511 136.37137443 24.6260674654 24.6441970341 497.400748343 546.672564356 569.784660363 595.148234515 22.3888995722 42.1852867129 100.499623557 117.520916356 131.899451434 17.3225771198 14.287772199 18298.5884785 12.0973554581 20.6879173069 9.73391903662 35.9333981159 17.2056949651 9.05244650998 161.623588399 169.073755231 6.20845085082 197.523664439 231.347621291 33.6889532743 5920.84448125 5907.41728704 5895.00344392 5870.80421918 5861.47140764 5691.19548041 5685.79023675
-9999.0 -9999.0 -9999.0 -9999.0 -9999.0 -9999.0 -9999.0 -9999.0 -9999.0 -9999.0 -9999.0 -9999.0 -9999.0 -9999.0 5.03092589418 11.818471527 22.1069550017 186.905479899 216.142542193 29.1605378455 28.018987945 26.8304499539 397.263593952 448.286627633 24.8174649327 25.9381940316 22.5497769257 89.6055831908 111.315973776 65.2367569294 80.2560716555 507.606192639 524.917468845 558.217536738 896.662881373 19201.8251089 11.2407661684 8.23839395474 51.9121454438 43.7997387348 7.48499807753 24.4881658075 31.750301829 177.485745664 184.293466655 432.525752673 236.007375694 37.8280486201 6050.51988853 62.9247321526 5883.5223965 5877.51068692 160.937838235 7.45916995304 14.7243896003
-9999.0 -9999.0 -9999.0 -9999.0 -9999.0 -9999.0 -9999.0 -9999.0 -9999.0 -9999.0 -9999.0 -9999.0 -9999.0 -9999.0 26.291279304 42.5897050036 91.6078273089 159.421956896 236.443093331 290.418725347 318.478148078 346.240818992 372.825593526 25.3661064649 23.9302263867 47.1782075349 45.2803201622 22.6464316695 439.179974474 460.45714702 480.557796405 499.429592389 289.234841282 307.200212325 324.256604631 19207.363749 18.7556197405 21.1931869526 77.9712193384 7.07107615068 13.9083432818 7.0414273238 6.65022278347 38.0586709148 5.39940627445 5.88438749957 6514.9413785 6078.31841648 6072.6373451 24.333057798 57.6720383811 37.9854501194 9.81883002596 147.94086361 44.6094744444
-9999.0 -9999.0 -9999.0 -9999.0 -9999.0 -9999.0 -9999.0 -9999.0 -9999.0 -9999.0 -9999.0 -9999.0 -9999.0 -9999.0 18.523488381 16.735405934 32.3775856897 50.3360177524 27.2419308037 29.2475156023 57.0581870138 84.6254520784 136.52569038 162.789398552 188.090582177 260.804905014 283.80080202 307.245301934 21.7227850408 220.612614023 239.96669954 257.804181132 15.1430006423 8.13185785946 14.5121586166 19536.1964868 19541.3066061 19570.7741101 96.9419549287 13.9391693851 22.1773900344 6.30644864926 11.5335778649 43.1113383689 52.9221359961 10.463862874 6540.99686461 8.37582974984 13.5760844091 15.0348419273 11.1914148099 21.1073270324 8.85467449758 93.0818090953 74.7117757022
-9999.0 -9999.0 -9999.0 -9999.0 -9999.0 -9999.0 -9999.0 -9999.0 -9999.0 -9999.0 -9999.0 -9999.0 -9999.0 -9999.0 -9999.0 15.5761912638 31.0852415004 16.1433171002 33.5975767156 213.710980563 239.408895654 267.293203422 25.992272091 26.1468523387 51.6090022157 76.3261927994 122.138568611 144.681756742 156.767291736 177.555091248 18.4782138716 17.2771285511 287.811726867 295.654512823 302.244876003 308.655781721 247.484430485 19844.0292097 19980.198471 19985.3299941 20011.9179612 20038.2731879 20055.3325157 5.20921535023 57.3476595857 6545.8822955 13.34782438 6.88659924354 6.57159376464 5.74856608679 10.0933694252 10.6622740467 6.32883850402 9.33871195284 9.399791847
-9999.0 -9999.0 -9999.0 -9999.0 -9999.0 -9999.0 -9999.0 -9999.0 -9999.0 -9999.0 -9999.0 -9999.0 -9999.0 -9999.0 -9999.0 -9999.0 46.3127102232 64.4527632088 116.814512171 160.128812619 24.0172731074 320.358740142 346.40639626 372.814661631 26.2229219611 51.5376164709 23.4716303877 171.502967994 182.636186608 200.905145829 220.557183555 268.215545158 275.095536804 4.33448884928 223.315659145 235.858836633 241.584612975 267.841542138 33.9949676569 22.1079895218 14.2960020511 13.5517983109 20072.5348429 20080.7830513 20176.2380043 6550.5779034 34.1040483439 16.5251754076 10.9484726939 3.37234622266 32.2265228562 17.604359578 5.52498475878 31.2467419721 26.6637716436
-9999.0 -9999.0 -9999.0 -9999.0 -9999.0 -9999.0 -9999.0 -9999.0 -9999.0 -9999.0 -9999.0 -9999.0 -9999.0 -9999.0 -9999.0 -9999.0 17.9749228189 81.8478922654 100.263586959 26.0831339683 28.2162441944 55.7224544138 81.8336609765 481.458266124 25.8956886076 103.8425497 127.773837832 151.213515109 11.861784715 28.9297846189 38.8952938034 180.465209904 201.90488246 206.871152591 6.04293190636 6.40826932428 7.8394977667 14.4461865993 6.21834449006 6.53829608345 12.2113776103 9.32823018732 12.0228459413 32.9153152278 20185.372075 26757.8601284 41.7094930553 6.03910788227 3.2340745463 102.840922632 95.2955476521 57.545624213 51.9824406858 39.219725232 9.22621664434
-9999.0 -9999.0 -9999.0 -9999.0 -9999.0 -9999.0 -9999.0 -9999.0 -9999.0 -9999.0 -9999.0 -9999.0 -9999.0 -9999.0 -9999.0 14.0773555303 48.8306121374 16.600979993 29.9197706909 30.8227753971 59.1954880902 86.3155492538 110.453866581 610.895514022 636.158459409 25.8940277501 49.920717215 74.0091587149 89.5179649717 107.595452334 161.062364578 174.279084244 14.5789234312 10.7113145237 9.56547257408 14.222093571 12.3926978333 12.407876052 10.1739387464 12.2561434586 42.280848796 19.7602038605 7.87371814467 7.48389571144 7.9157389454 14.8210416285 27071.1865001 266.551048965 117.580718171 7.14688316274 2.94197522005 2.89001096928 12.1333031323 8.89033892794 4.80307817986
-9999.0 -9999.0 -9999.0 -9999.0 -9999.0 -9999.0 -9999.0 -9999.0 -9999.0 -9999.0 -9999.0 -9999.0 -9999.0 -9999.0 14.9909140527 28.6094584274 108.150822016 16.354339336 55.7663365949 86.4115156497 115.85928917 29.3520567335 56.1992115231 79.2904884255 733.636331275 24.9299601088 48.0499295999 70.8171816896 20.5826835321 40.8688732053 54.7715368767 68.0276150879 1523.78471682 1547.53239741 1569.24674747 1674.95030921 1713.29476763 1793.82874582 18.8611140173 42.418139607 52.7509752056 2032.51697206 2047.95633553 6.89666877289 12.6214433235 18.0455265219 27076.6493317 255.27602733 128.908729783 125.520303439 89.3865647798 74.3492841866 16.0617221789 3.60317059882 7.78593824412
-9999.0 -9999.0 -9999.0 -9999.0 -9999.0 -9999.0 -9999.0 -9999.0 -9999.0 -9999.0 -9999.0 -9999.0 -9999.0 -9999.0 15.270286858 46.0029047062 169.114084907 247.917375117 14.8267144925 331.981760698 466.402108204 28.3460254692 54.9621864785 79.3427903474 958.741973919 978.92519837 23.6159422609 118.190127805 139.414443534 156.828659889 1366.96875556 1415.17385284 1442.69694801 13.1313549266 74.8298003124 88.7660439744 40.6091563374 58.4898376301 1874.89996397 1943.17950576 1957.48307457 1971.13773336 2063.96450815 7.80920438226 6.53833435397 29.60459769 27081.7398023 5.41689078317 11.2464826709 33.3276213505 12.5258230277 68.913810585 50.2412261807 29.39742645 21.87439381
-9999.0 -9999.0 -9999.0 -9999.0 -9999.0 -9999.0 -9999.0 -9999.0 -9999.0 -9999.0 -9999.0 -9999.0 -9999.0 -9999.0 -9999.0 -9999.0 31.9672531666 64.42985124 295.772399591 313.509751331 481.853833311 500.556496283 27.699289624 55.2513420177 130.49205185 996.753949246 1044.88565683 1066.94798522 18.3012414515 1144.71644065 1195.39345718 32.2541080434 13.2692026811 25.9286772691 50.440521806 12.0542897044 24.4097356447 54.2866733908 68.2103052191 12.6543912787 8.62650861306 17.3158563159 2123.40240436 2141.52007508 2146.9898195 2190.89025333 27086.2294832 3.05111958696 7.7840702314 9.39782448656 9.07273747802 9.3301481624 8.14179305099 15.0904963561 2.34489459226
-9999.0 -9999.0 -9999.0 -9999.0 -9999.0 -9999.0 -9999.0 -9999.0 -9999.0 -9999.0 -9999.0 -9999.0 -9999.0 -9999.0 -9999.0 -9999.0 16.7341150055 16.4129501199 16.7807127461 36.7432410955 16.4716529753 532.938337453 550.074629258 25.5579196258 51.3069431233 27.4511830338 24.5108892424 24.1378389902 1110.47111401 17.4175577847 34.8721014335 16.4811175761 13.7693295466 12.4973460634 9.91717726171 10.2820253005 30.8547809096 41.9959907043 8.14482552615 7.17461165698 15.2145470186 25.0179925738 31.40456443 8.13034769851 2155.17402772 2196.3309397 27088.7498111 23.8726150313 18.3096724304 5.07267524276 12.9717606632 4.02042883942 2.99212477795 18.4616265479 12.6955836208
-9999.0 -9999.0 -9999.0 -9999.0 -9999.0 -9999.0 -9999.0 -9999.0 -9999.0 -9999.0 -9999.0 -9999.0 -9999.0 -9999.0 -9999.0 -9999.0 -9999.0 -9999.0 16.2113387565 51.9254126013 66.0471269328 81.7739217739 565.205042847 580.250301248 596.391740328 617.855864879 641.551793913 689.803246927 706.770701087 723.535499972 737.769082753 12.5894979786 11.6731532104 12.2678846056 43.1531182284 11.2608282547 10.559463662 8.52488662989 24.4366526492 9.40756959309 7.13089369766 6.6050165724 5.53152075793 11.0364239621 15.6144821637 2227.70079568 29343.4053805 2.35574749469 5.88389373744 4.02383174394 17.3468892359 8.8645045828 6.0233515607 40.4838344784 20.3692085965
-9999.0 -9999.0 -9999.0 -9999.0 -9999.0 -9999.0 -9999.0 -9999.0 -9999.0 -9999.0 -9999.0 -9999.0 -9999.0 -9999.0 -9999.0 -9999.0 -9999.0 -9999.0 -9999.0 13.7532813959 107.635265816 219.342829685 236.643303884 24.2762062865 49.6187647947 75.2762742525 98.1943457818 244.39697334 258.208563528 13.2949587255 12.8448384602 763.366900619 786.079122518 796.577630649 51.5345534613 7.92678136098 18.7176179958 27.5196817879 81.0220333297 98.638890425 112.100434204 12.3096387842 16.8404066035 5.47789297563 10.6431647363 5.37525593615 29352.573685 2.1885005361 9.82039138702 7.0476463013 26.7472393491 44.906221387 52.1103154438 93.7400060001 26.6718873426
-9999.0 -9999.0 -9999.0 -9999.0 -9999.0 -9999.0 -9999.0 -9999.0 -9999.0 -9999.0 -9999.0 -9999.0 -9999.0 -9999.0 -9999.0 -9999.0 -9999.0 -9999.0 15.1463204358 48.0312073103 94.1467123297 123.186117153 325.566961021 346.256417312 52.7087202725 78.1028311557 100.187054757 123.576984717 273.840349997 301.519253508 530.383608779 546.80341573 558.125579172 807.684980747 887.850913881 18.9692056826 11.7661359586 11.3555988704 21.5794731256 9.68292981825 130.051488647 136.366363068 21.9844093218 27.4076018717 4.97533482919 5872.97910089 5883.45904042 35241.8144197 35254.5397892 2.00883397521 31.1253654791 2.77796836171 2.66570560145 100.146732033 129.344010563
-9999.0 -9999.0 -9999.0 -9999.0 -9999.0 -9999.0 -9999.0 -9999.0 -9999.0 -9999.0 -9999.0 -9999.0 -9999.0 -9999.0 -9999.0 -9999.0 -9999.0 -9999.0 -9999.0 17.0903730332 16.5837333848 31.5371744645 75.0507476736 360.930316585 26.816795818 26.4960714751 49.1976534559 71.6546059753 177.932016342 195.408831843 10.7051362003 10.7882902543 572.326523913 584.074944226 1481.61173664 1490.46328718 6.84754162646 6.01364349413 4.79781700269 4.84880596101 4.84787193849 5766.12822867 5801.59716926 5834.70961067 5844.98414712 5867.95893438 5.73501375972 20.8099326501 25.5625353965 35287.7702857 35288.8547406 35292.625674 35297.1591712 35300.7712546 133.886492161
-9999.0 -9999.0 -9999.0 -9999.0 -9999.0 -9999.0 -9999.0 -9999.0 -9999.0 -9999.0 -9999.0 -9999.0 -9999.0 -9999.0 -9999.0 -9999.0 -9999.0 -9999.0 -9999.0 -9999.0 15.3608413039 16.00209106 29.795819595 419.352137377 437.033169672 26.2221402245 48.879065764 71.6589859494 89.6369497881 16.2683459494 30.6450467721 1086.31099277 1098.70060447 1108.87363988 1190.90004618 2690.81047395 5512.6282464 5528.31208947 5542.10510964 5555.27467193 5607.19204404 5623.76290156 29.7238950319 13.2934543695 7.84638194809 14.7402072618 10.2408975932 16.4162551581 5.08479994634 119.574963065 128.150656267 134.113253963 136.156817624 35302.5131684 35440.10021
-9999.0 -9999.0 -9999.0 -9999.0 -9999.0 -9999.0 -9999.0 -9999.0 -9999.0 -9999.0 -9999.0 -9999.0 -9999.0 -9999.0 -9999.0 -9999.0 -9999.0 -9999.0 -9999.0 -9999.0 -9999.0 15.6516481871 30.0110352774 44.4301701324 449.502678536 20.5773909664 628.091349265 651.702320626 668.425670757 683.811184673 1026.55261371 1041.72611506 13.2218917259 61.6948810962 74.2348013314 12.3623423678 2805.9187952 2783.80725394 6.92677739752 15.6849185875 40.9495647135 8.87200034837 9.0132965284 6.64165995712 5.3867517036 4.11523742541 4.72993353375 103.69126771 108.528691506 114.4631173 4.83763075224 3.49641957191 138.154574349 140.626997961 141.992775642
-9999.0 -9999.0 -9999.0 -9999.0 -9999.0 -9999.0 -9999.0 -9999.0 -9999.0 -9999.0 -9999.0 -9999.0 -9999.0 -9999.0 -9999.0 -9999.0 -9999.0 -9999.0 -9999.0 -9999.0 -9999.0 14.3691418998 13.4892086315 69.8189845243 549.593598556 585.437315336 605.618696701 24.9767143786 306.033672879 321.781202135 328.289208786 13.8588464448 28.205243653 40.9203782539 681.742546879 691.376916773 699.545238806 2768.72171273 1613.76682047 8.63445802492 8.57551660976 8.2546416065 6.25304759497 64.0573343514 76.3585162251 87.0582363855 92.9144349474 98.5341818598 702.616720035 706.504122572 711.198942023 722.602350115 767.800024843 769.64939603 913.627645357
-9999.0 -9999.0 -9999.0 -9999.0 -9999.0 -9999.0 -9999.0 -9999.0 -9999.0 -9999.0 -9999.0 -9999.0 -9999.0 -9999.0 -9999.0 -9999.0 -9999.0 -9999.0 -9999.0 -9999.0 -9999.0 -9999.0 28.0892110356 42.8728481502 17.4010631406 26.748837175 214.164136425 240.17463331 261.392487881 140.758732748 157.380124486 174.226400102 187.587007743 660.589008458 672.855078183 427.687778353 1137.21895057 1146.62717792 1606.46135085 17.0896565879 8.43632249933 5.92648351074 44.3265807224 51.7916864862 4.14668189934 3.81049072503 684.820723355 694.327013311 698.93799669 5.68006005574 8.26940698938 760.800916581 4.80951362762 14.0980681462 15.4507434486
-9999.0 -9999.0 -9999.0 -9999.0 -9999.0 -9999.0 -9999.0 -9999.0 -9999.0 -9999.0 -9999.0 -9999.0 -9999.0 -9999.0 -9999.0 -9999.0 -9999.0 -9999.0 -9999.0 -9999.0 -9999.0 -9999.0 14.0593654493 27.8701139882 122.160893216 140.244894686 163.143756218 100.788623786 123.285433235 18.1569591915 428.401531831 445.069545927 460.447540769 13.4341722838 404.606476683 417.187848485 9.59638473178 1561.301667 19.4446257746 9.61093115157 23.9835878343 32.4471750816 6.10442546546 4.87384552307 636.226538865 676.207380502 681.926705422 5.88016580287 11.8769686154 15.0209933344 17.6463270568 34.6564132488 5.00447293399 11.607880845 2.28058287105
-9999.0 -9999.0 -9999.0 -9999.0 -9999.0 -9999.0 -9999.0 -9999.0 -9999.0 -9999.0 -9999.0 -9999.0 -9999.0 -9999.0 -9999.0 -9999.0 -9999.0 -9999.0 -9999.0 -9999.0 -9999.0 -9999.0 13.9306806464 44.5972839454 79.643924562 21.4991220476 47.8610472739 75.3349553983 356.192028804 376.562593372 393.811075452 16.1823788752 319.687103221 367.016265742 380.494891383 11.005943567 1521.32813177 1542.51387471 9.79745679913 9.0061155807 17.3963019034 6.85544088072 604.543542431 616.422138949 623.118937385 25.6427123341 31.318857315 4.85181654809 8.52396211263 3.70806570129 25.9013421799 3.84050054314 2.91838473352 3.13776701423 3.31163197837
-9999.0 -9999.0 -9999.0 -9999.0 -9999.0 -9999.0 -9999.0 -9999.0 -9999.0 -9999.0 -9999.0 -9999.0 -9999.0 -9999.0 -9999.0 -9999.0 -9999.0 -9999.0 -9999.0 -9999.0 -9999.0 -9999.0 -9999.0 16.1397261221 18.4634902754 24.8665398099 226.926560277 253.773534372 331.913109861 21.6784593556 252.137044072 289.112572831 16.3229205134 33.0380230112 12.8522409232 1488.00267839 12.7475089818 32.7001038713 40.3462076077 47.624180403 560.849531075 585.523485627 593.062403527 7.5855464481 13.8783540578 19.4917364416 3.1846789707 2.8271236556 1392.19047319 1395.0255998 1397.32845815 1421.4622945 1424.48520139 1428.46365283 1430.95124122
