data/baseflow/mHMbf_acc276.asc
ncols                  80
nrows                 72
xllcorner      4374000.0
yllcorner      5656000.0
cellsize            500
NODATA_value       -9999
[rows 0 to 24 of 72, columns 0 to 54 of 80]
-9999.0 -9999.0 -9999.0 -9999.0 -9999.0 -9999.0 -9999.0 -9999.0 -9999.0 -9999.0 -9999.0 -9999.0 26.3349030299 17.1864339204 -9999.0 -9999.0 -9999.0 -9999.0 -9999.0 -9999.0 -9999.0 -9999.0 -9999.0 -9999.0 -9999.0 -9999.0 -9999.0 -9999.0 -9999.0 -9999.0 -9999.0 -9999.0 -9999.0 -9999.0 -9999.0 -9999.0 -9999.0 -9999.0 -9999.0 -9999.0 -9999.0 -9999.0 -9999.0 -9999.0 -9999.0 -9999.0 -9999.0 -9999.0 -9999.0 -9999.0 -9999.0 -9999.0 -9999.0 -9999.0 -9999.0
-9999.0 -9999.0 -9999.0 -9999.0 -9999.0 -9999.0 -9999.0 -9999.0 -9999.0 -9999.0 -9999.0 -9999.0 54.2514825548 105.62589122 13.6809704597 -9999.0 10.7761372012 -9999.0 -9999.0 -9999.0 -9999.0 -9999.0 -9999.0 -9999.0 -9999.0 -9999.0 -9999.0 -9999.0 -9999.0 -9999.0 -9999.0 -9999.0 -9999.0 -9999.0 -9999.0 -9999.0 -9999.0 -9999.0 -9999.0 -9999.0 -9999.0 -9999.0 -9999.0 -9999.0 -9999.0 -9999.0 -9999.0 -9999.0 -9999.0 -9999.0 -9999.0 -9999.0 -9999.0 -9999.0 -9999.0
-9999.0 -9999.0 -9999.0 -9999.0 -9999.0 -9999.0 -9999.0 -9999.0 -9999.0 -9999.0 27.4658711887 26.5155427312 27.4896225964 27.1122201886 156.805836445 172.21064292 28.8898370795 9.03518228731 -9999.0 -9999.0 -9999.0 -9999.0 -9999.0 -9999.0 -9999.0 -9999.0 -9999.0 -9999.0 -9999.0 -9999.0 -9999.0 -9999.0 -9999.0 -9999.0 -9999.0 -9999.0 -9999.0 -9999.0 -9999.0 -9999.0 -9999.0 -9999.0 -9999.0 -9999.0 -9999.0 -9999.0 -9999.0 -9999.0 -9999.0 -9999.0 -9999.0 -9999.0 -9999.0 -9999.0 -9999.0
-9999.0 -9999.0 -9999.0 -9999.0 -9999.0 -9999.0 -9999.0 -9999.0 -9999.0 26.4975569922 53.9510836534 107.318454566 53.2804335119 26.0147330532 51.2004472734 196.581404531 247.833247717 10.7013749534 -9999.0 26.5386917053 -9999.0 -9999.0 -9999.0 -9999.0 19.6731386905 10.1179788018 -9999.0 -9999.0 -9999.0 -9999.0 -9999.0 -9999.0 -9999.0 -9999.0 -9999.0 -9999.0 -9999.0 -9999.0 -9999.0 -9999.0 -9999.0 -9999.0 -9999.0 -9999.0 -9999.0 -9999.0 -9999.0 -9999.0 -9999.0 -9999.0 -9999.0 -9999.0 -9999.0 -9999.0 -9999.0
-9999.0 -9999.0 -9999.0 -9999.0 -9999.0 -9999.0 -9999.0 -9999.0 29.5436832868 84.0424623859 109.896817851 135.906335574 185.932552033 24.6969246783 99.7342125857 123.522200599 403.055157733 18.5915035286 21.8306654655 50.3578792006 73.5414877879 23.9706881628 -9999.0 52.0611932879 42.9111714354 12.0896753307 -9999.0 -9999.0 -9999.0 -9999.0 -9999.0 -9999.0 -9999.0 -9999.0 -9999.0 -9999.0 -9999.0 -9999.0 -9999.0 -9999.0 -9999.0 -9999.0 -9999.0 -9999.0 -9999.0 -9999.0 -9999.0 -9999.0 -9999.0 -9999.0 -9999.0 -9999.0 -9999.0 -9999.0 -9999.0
-9999.0 -9999.0 -9999.0 -9999.0 -9999.0 -9999.0 28.4586332975 26.4676338962 26.5118045013 26.9249955399 27.246631042 190.757055391 402.908630529 428.75990844 452.424904075 23.86858578 447.633211763 469.614927665 45.3105329707 23.5845618673 96.3705281465 167.012816254 21.2301558604 113.851521156 23.4711289391 21.484542676 23.9610340933 -9999.0 -9999.0 -9999.0 -9999.0 -9999.0 -9999.0 -9999.0 -9999.0 -9999.0 -9999.0 -9999.0 -9999.0 -9999.0 -9999.0 -9999.0 -9999.0 -9999.0 -9999.0 -9999.0 -9999.0 -9999.0 -9999.0 -9999.0 -9999.0 -9999.0 -9999.0 -9999.0 -9999.0
-9999.0 -9999.0 -9999.0 -9999.0 -9999.0 -9999.0 57.2613114603 84.9013372426 194.186485783 273.09278433 24.6294289312 25.6317974577 24.4036015162 71.2723800258 545.808802566 21.796498723 491.126699652 576.781768421 66.5038077796 44.9136929206 188.752805116 23.1337434272 136.956735927 45.1396469997 22.5925303538 43.4628342962 48.1776331407 25.5462606825 25.755625578 25.2389629138 26.6631366028 53.3348785076 -9999.0 -9999.0 -9999.0 -9999.0 -9999.0 -9999.0 -9999.0 -9999.0 -9999.0 -9999.0 -9999.0 -9999.0 -9999.0 -9999.0 -9999.0 -9999.0 -9999.0 -9999.0 -9999.0 -9999.0 -9999.0 -9999.0 -9999.0
-9999.0 -9999.0 -9999.0 -9999.0 -9999.0 30.2898681319 59.3989268545 28.9511453078 57.0548779333 301.603343802 353.507126811 405.246722776 1290.16310697 23.5404586267 568.949052744 2043.93754482 2061.31622215 2668.01421633 18.7574947488 66.271170368 210.592505945 21.6799629736 388.662645688 229.108490407 138.079666572 115.073333131 23.708805689 75.5793546083 75.5916524538 50.3408856908 24.7563209471 78.6565341282 25.1770508774 24.8843817112 -9999.0 -9999.0 -9999.0 -9999.0 -9999.0 -9999.0 -9999.0 -9999.0 -9999.0 -9999.0 -9999.0 -9999.0 -9999.0 -9999.0 -9999.0 -9999.0 -9999.0 -9999.0 -9999.0 -9999.0 -9999.0
-9999.0 -9999.0 -9999.0 -9999.0 -9999.0 30.3146635584 89.2590443558 178.04698541 206.743420458 412.109111752 439.353768431 523.809724545 861.47328673 1360.72294254 1409.24868734 1431.69337939 42.2420916457 2743.27659768 2781.93376596 2891.63570923 3578.92121457 455.328417965 411.932142377 161.119750215 23.0088760952 143.558602728 98.2248450845 22.0309893436 99.3123552694 23.224599376 47.5544255958 127.481870376 152.459138628 49.6016810402 24.506407963 24.5352562584 -9999.0 -9999.0 -9999.0 -9999.0 11.6409074973 9.99603817779 -9999.0 -9999.0 -9999.0 -9999.0 -9999.0 -9999.0 -9999.0 -9999.0 -9999.0 -9999.0 -9999.0 -9999.0 -9999.0
-9999.0 -9999.0 -9999.0 -9999.0 -9999.0 29.682814792 29.0121990956 118.586184035 147.587881419 177.249612844 28.5534549877 56.7074322389 317.525694823 56.0725782778 26.6595691342 24.484472242 22.1959401528 24.2398683775 23.3078660464 23.9357077027 3601.25106222 3666.9367456 21.8245494235 67.4204569771 45.8667535526 165.459491173 44.3356123915 21.3429406298 123.183222636 45.9598932384 111.007306653 272.623388667 250.825755239 73.6429201009 72.6292067677 25.027277269 25.1344306953 -9999.0 -9999.0 24.7351172065 28.7303492332 59.7691370487 10.6605693087 -9999.0 -9999.0 -9999.0 -9999.0 -9999.0 -9999.0 -9999.0 -9999.0 -9999.0 -9999.0 -9999.0 -9999.0
-9999.0 -9999.0 -9999.0 -9999.0 -9999.0 -9999.0 30.4919793485 30.4227489735 59.4211145781 88.615018443 204.585376956 262.719967965 291.444119287 29.0343395838 24.2506697859 320.628415237 393.235929101 416.271795338 512.415193848 534.936561265 22.4560009747 3689.46330737 3801.80566584 90.0660659708 21.9495348604 187.232922777 416.768371173 165.13295754 43.9137011589 22.2539469983 428.152728253 295.574342304 22.3272013622 22.2099425085 95.5363743036 74.1909333617 24.1402918104 22.6131661415 25.2781826953 49.6194970295 24.8513175837 72.8155583132 96.8017761768 21.847451936 -9999.0 -9999.0 -9999.0 -9999.0 24.3544607077 23.2712479042 8.07248801328 -9999.0 -9999.0 -9999.0 -9999.0
-9999.0 -9999.0 -9999.0 -9999.0 -9999.0 -9999.0 -9999.0 30.0489038106 28.3193794041 57.9187937706 87.7021937426 29.2547813338 26.7303027944 167.186850188 219.401777919 272.730298612 24.9197367482 49.652099876 24.4941631909 558.007681804 1213.42945155 1224.26049811 5063.85472918 22.1349029845 64.5883489774 20.948659559 437.055473757 21.2912047972 66.3839426181 21.8228457216 450.050939395 471.961389429 44.7760237901 44.5395489473 242.350932561 122.601793875 46.4805884091 24.0174539898 50.4747938953 74.5531367322 123.206661413 23.2732912558 137.134303804 152.911149118 14.5364590725 16.1109882368 16.0166335621 14.4263687171 13.8403478646 66.2807809093 29.653624462 19.9994588259 -9999.0 -9999.0 -9999.0
-9999.0 -9999.0 -9999.0 -9999.0 -9999.0 -9999.0 -9999.0 -9999.0 58.138377539 85.6982722561 28.9627013292 58.5367614223 86.4394836058 141.973776024 28.1293586445 27.3653380615 24.2752946659 24.5099675279 22.829747118 608.394291927 25.1769848797 49.3837483197 5123.76456998 5156.19277034 12.7389737301 91.0054788188 547.101140231 42.4422966164 86.4300157754 40.8302935183 60.5602723231 557.387715118 65.4957050209 351.504451446 286.732817948 22.5089987818 117.887467083 47.9231979229 74.3403624581 23.6374214435 145.786988737 188.491011995 203.079366426 216.96006859 209.891127903 29.0510109797 29.8342339244 27.3357394262 25.9559422248 83.0367433548 18.9458380719 69.2392904122 87.5585815638 -9999.0 -9999.0
-9999.0 -9999.0 -9999.0 -9999.0 -9999.0 -9999.0 -9999.0 -9999.0 29.8933258448 144.817711895 173.274424739 28.4847056518 56.0963863107 27.5807914391 25.8944357112 25.5344119985 316.594789324 419.883909902 510.253134929 596.705677836 21.3269362413 24.6185716862 22.5668948925 5245.4681797 5273.56498152 5284.30200027 732.198610948 169.748363278 149.07601752 18.6019811935 79.8370459791 656.94752588 19.9879480329 371.625678482 22.4246020445 153.949670216 142.080979963 23.6400621924 98.1322588385 47.310411803 70.9051025656 19.6651771797 13.8091400459 230.681214972 243.530396837 222.710348406 43.5586892146 40.4790734022 39.2634160654 102.943997955 141.222288769 19.1159212157 106.458949322 20.2074662913 38.824823075
-9999.0 -9999.0 -9999.0 -9999.0 -9999.0 -9999.0 -9999.0 -9999.0 -9999.0 30.106228409 202.591444998 230.737110763 83.8843024823 138.926457662 190.745255877 216.777930377 26.5184364225 79.1538443353 53.0407778587 27.0659866958 26.7308332806 24.7184591933 48.9830228391 79.3014135144 19.70426278 6047.7106263 6060.67488015 12.190428125 14.2391676478 38.507716226 57.9486325282 715.434595659 39.2540113906 389.774286261 239.358460509 196.879580126 22.8977685737 46.1135144419 120.450682752 22.2908398362 93.0339751584 41.036784821 26.5856330219 13.8420889967 284.24459976 518.188791278 53.9519489513 51.2872529777 55.1882525324 16.7909555377 157.791680891 16.2118809419 142.575300908 18.5039725046 57.3601874558
-9999.0 -9999.0 -9999.0 -9999.0 -9999.0 -9999.0 -9999.0 -9999.0 -9999.0 -9999.0 28.0532856627 287.07194997 27.6275239387 54.9266712459 80.1321699477 130.167694405 25.4728203472 52.4047860323 26.1269283673 24.7599815713 23.9030333824 47.3034856877 22.0513254748 21.9550489433 37.1577905944 18.2282848052 6073.36837814 6096.90721191 6138.06524827 73.3626524379 20.2384412411 40.3834595256 736.431722924 730.893975111 282.88121407 21.6458350549 91.2223166002 68.5712204985 142.814921564 44.5591447478 178.282232768 62.754680626 45.4853933896 13.7025326857 14.7890831215 532.948376666 545.627081215 662.347287312 107.370081168 34.480882276 175.401372575 208.946339297 367.761820028 36.3134728848 17.341250686
-9999.0 -9999.0 -9999.0 -9999.0 -9999.0 -9999.0 -9999.0 -9999.0 -9999.0 -9999.0 -9999.0 15.938103486 322.441024519 26.1264473596 50.8619326077 230.532139358 25.3013124637 25.079106104 22.924643674 48.7946605748 24.5019345927 95.8825026434 139.739105749 160.175008078 55.021900799 65.6252124735 11.3897839357 17.0357774715 16.3354004666 6242.84522279 6294.90422476 754.417484937 768.551170133 749.784660917 39.2913211722 19.1703308449 112.278088684 297.736105741 164.435852512 66.0142362395 265.367935843 115.483562761 95.1439803907 29.7859460148 12.44032216 11.1996219904 11.7652850345 717.720621265 871.689441325 17.1528294288 15.640454499 16.7167320281 384.431306507 437.247417126 32.4291812569
-9999.0 -9999.0 -9999.0 -9999.0 -9999.0 -9999.0 -9999.0 -9999.0 -9999.0 -9999.0 -9999.0 14.8590081979 358.458734803 439.662187887 24.9338232521 280.064992005 23.7241597835 22.9986711308 46.7979496654 119.796719157 24.0205858333 24.8937427737 21.9481928266 203.374647141 224.597429595 312.265919624 342.475581585 359.483875689 371.812170185 390.03660285 6698.09526129 7478.796981 8271.01449354 8279.35258332 14.0228070719 19.0254702223 339.954484645 318.958363072 21.3467849474 21.1069615358 286.112915999 422.917129827 19.7193583496 232.043919082 212.416617435 61.0015046061 26.3248493991 42.4716340625 15.4536844321 897.044012576 12.5620969706 45.0878011229 56.0035734988 534.999608743 583.287401299
-9999.0 -9999.0 -9999.0 -9999.0 -9999.0 -9999.0 -9999.0 -9999.0 -9999.0 -9999.0 -9999.0 29.1058744396 55.9639009525 466.020239716 513.624556045 23.7014324253 318.262852362 20.9368044065 65.2423157868 141.854069489 46.7558507039 22.6620873265 45.4635605457 19.4219093584 38.7667188258 20.1736568024 20.1032890626 19.7331375105 19.386785149 18.200005624 15.4533611916 15.9242553532 16.7689880589 17.1690341916 8320.82813202 387.897913478 360.376084776 10.1287147633 61.4354626385 17.2612498297 15.0801446772 442.957859065 737.933812909 254.168386888 183.264190575 36.2309227549 14.420672072 13.4451271083 26.5786250614 936.405961989 959.534396489 11.9886374292 12.120224782 13.7722418877 15.7189022081
-9999.0 -9999.0 -9999.0 -9999.0 -9999.0 -9999.0 -9999.0 -9999.0 -9999.0 -9999.0 -9999.0 -9999.0 25.7473580609 338.629381064 877.324712794 952.123839922 1291.16624839 1305.29385546 312.904853472 234.240676375 69.739201938 22.4317235974 89.941896353 111.292074239 170.540623194 41.0762407434 40.2965125333 40.2059140167 79.9152809284 38.2625479582 35.5315118826 20.1280008098 18.6486001448 15.3004340255 8334.87796096 8735.01464856 8744.54129825 9.2634296758 156.252611627 74.2442590079 21.4450054327 804.296371526 46.4959356013 23.793836177 99.845720525 23.3429904082 17.1224772613 31.0693201395 42.7934313623 55.1956696006 979.820015408 9.72770495908 8.64477843665 8.73716693581 8.08602024058
-9999.0 -9999.0 -9999.0 -9999.0 -9999.0 -9999.0 -9999.0 -9999.0 -9999.0 -9999.0 -9999.0 27.695918632 257.259600277 312.370465153 51.0773490465 16.6062858245 37.8594767876 1365.56553777 1382.06186473 1709.41674007 20.7444974518 43.0075134984 19.8320731321 20.0734919492 190.659165892 251.812415005 311.404893249 19.1410342837 99.432185619 156.925471317 93.2959159414 39.1025197805 36.9591682157 33.2825876165 30.0123328525 11.7211053844 8752.39502708 8758.75975701 8929.45316689 36.4077494695 19.2994105 815.407255141 48.4842603362 24.5854514964 26.1190023836 25.9714423127 23.7126184496 41.2465221668 116.428766731 184.492004209 1174.37397999 7.82593163274 23.3104890181 15.7650462135 14.4971577216
-9999.0 -9999.0 -9999.0 -9999.0 -9999.0 -9999.0 -9999.0 -9999.0 -9999.0 -9999.0 -9999.0 28.2104034375 176.573016935 28.0731473867 25.0305434524 130.673902925 153.639045457 176.667890375 198.696373883 2319.74637314 2339.34092477 2379.13904476 2675.62088523 2734.92589606 2769.92740757 2790.41645859 3148.2395848 3201.37992347 3221.13442505 3399.58631578 3513.70161579 3532.74070527 3608.05563025 51.6133523275 48.3299571851 12.4300381788 8.40538682302 8766.44624988 8985.55880541 49.4234910762 934.277074602 917.590665018 92.7375987547 22.4838364151 23.0042873495 22.3860162911 22.0454947918 44.207010122 62.4019269568 16.3097151174 1183.95309075 1193.89475666 1241.6263295 1249.98955667 1272.27536855
-9999.0 -9999.0 -9999.0 -9999.0 -9999.0 -9999.0 -9999.0 -9999.0 -9999.0 -9999.0 -9999.0 89.8205903846 119.25980215 56.6941084948 83.6431620613 26.6689329085 296.002038787 319.680413739 366.797043272 389.5930494 159.040295504 2571.73513099 2592.57086983 18.6580092082 14.5100641395 14.4356337072 31.1647344862 17.9755161597 17.2721148905 17.4782146107 17.5978090224 3552.88990639 3628.13989281 3696.32455872 3759.64765423 3797.13330132 15.9012147798 5.60201840204 9952.90201888 960.69141251 951.544935784 19.8314697414 18.4586264277 17.5536109075 41.2684596085 40.5892230293 19.0104408495 19.0860297848 17.5399615885 33.6009471371 44.2034865638 7.41666556214 13.9080380542 6.34208869268 6.18521224432
-9999.0 -9999.0 -9999.0 -9999.0 -9999.0 -9999.0 -9999.0 -9999.0 -9999.0 -9999.0 -9999.0 -9999.0 60.2499993912 29.0572248231 27.1931924807 248.546858921 272.865973821 24.357214973 94.9381407911 117.887132709 139.921577673 23.5958694238 16.8036282695 391.927517865 405.878494408 419.809814931 1069.36365829 1082.67277772 1112.81961298 1216.7549719 1301.55688249 1316.72221257 17.0088994254 17.4596816237 15.8207257234 3808.02772664 5.92153778579 10108.6192191 10100.0995343 140.361209007 129.03398975 76.2617180818 19.2086250861 34.7683952222 59.1178370847 58.5631310362 37.3048751226 18.5246439514 35.8424877992 35.2841816246 60.0466778096 10.5781434162 23.6843916572 39.5922247285 52.390299359
-9999.0 -9999.0 -9999.0 -9999.0 -9999.0 -9999.0 -9999.0 -9999.0 -9999.0 -9999.0 -9999.0 -9999.0 30.3475230132 85.9467313319 113.416920728 195.125664521 24.1191953446 49.0147889016 72.521390958 280.718290499 302.921828472 324.1596529 343.809909054 361.274546173 550.483732341 604.417889402 636.709040934 15.5021847095 76.3167004584 91.825077707 1255.45491172 1330.85160409 1367.20733271 1404.12915622 1433.17010447 5246.58135828 3.35596363712 10136.4172486 19.6690677456 10.5963494482 110.290427886 93.6587902983 16.5094582762 51.3779371304 75.3471336113 74.0535107501 52.1712592484 85.8731460312 135.611644856 50.4526689394 124.624161316 12.8866998191 20.9910724367 4.41947753474 3.28511191055
