data/baseflow/mHMbf_acc323.asc
ncols                  80
nrows                 72
xllcorner      4374000.0
yllcorner      5656000.0
cellsize            500
NODATA_value       -9999
[rows 25 to 49 of 72, columns 0 to 54 of 80]
-9999.0 -9999.0 -9999.0 -9999.0 -9999.0 -9999.0 -9999.0 -9999.0 -9999.0 -9999.0 -9999.0 -9999.0 33.4306206912 66.2606531161 31.6458421111 63.5572163337 28.394867143 214.691604159 270.170957482 298.667701671 26.3461369465 51.2349562742 486.045579595 608.751985892 632.443956607 53.1334797106 50.4419107457 74.5112750529 22.191621112 21.1040396955 40.6191619716 16.4823160572 758.305188876 772.566524073 789.559580748 6208.25785879 12300.1650966 12183.998153 35.9202970333 15.5249761754 13.8975256478 44.3043245119 30.7666326011 63.991347458 85.3174393986 170.307660528 15.776900473 15.7317266806 142.29759407 157.92852888 314.240471485 328.016171613 363.332244216 381.765772003 16.4833770219
-9999.0 -9999.0 -9999.0 -9999.0 -9999.0 -9999.0 -9999.0 -9999.0 -9999.0 -9999.0 -9999.0 -9999.0 -9999.0 32.2478193722 64.6626753583 97.089484942 156.086262683 30.487693839 28.3395337603 191.018331383 217.290175689 435.939422483 463.544430693 76.9233096622 26.2780949931 25.7158789598 25.0438584465 643.971318287 665.229910563 687.516478671 708.131319756 743.589774458 156.591830777 172.388121303 977.000041594 19491.0538665 102.479253324 90.680300009 50.5149624488 11.9627847252 11.5445648017 72.9003831588 84.2962451193 89.4515509866 12.2866432823 183.463558734 28.8932541822 28.5487834297 10.8545430468 8.38815951131 8.1424154072 6.2670144446 8.75887829946 393.751583601 6085.71605722
-9999.0 -9999.0 -9999.0 -9999.0 -9999.0 -9999.0 -9999.0 -9999.0 -9999.0 -9999.0 -9999.0 -9999.0 -9999.0 -9999.0 31.5869465077 58.4242226783 82.3140998141 106.505753272 134.672970611 163.596543784 84.0843642654 140.325540094 26.9538816814 25.8712165924 522.017051198 572.145619587 595.242475455 621.049897683 22.7794430166 43.3819842841 105.942986338 126.913428338 143.280228316 16.8059253648 14.3099625301 19526.1492471 12.2177973889 21.9870436172 10.2674628175 43.3872800249 21.3573908331 10.2441269001 185.55554756 193.83327667 7.36274395138 191.258592645 229.085136085 39.1687939106 6456.84411409 6438.17794607 6420.47087157 6386.99759034 6375.75259737 6128.82853056 6122.04241971
-9999.0 -9999.0 -9999.0 -9999.0 -9999.0 -9999.0 -9999.0 -9999.0 -9999.0 -9999.0 -9999.0 -9999.0 -9999.0 -9999.0 5.50651662348 12.9829005025 23.6693838937 202.215197177 230.813428859 28.8968953365 28.394414441 28.0399776358 417.740317081 472.083003855 26.7556524221 27.2487346646 22.3049588892 90.7462984415 112.966749298 67.1463469793 85.2642731797 523.461050164 541.363901362 573.097332266 924.500154036 20457.0406035 11.3414529952 8.79002184321 62.6082600181 52.9550808482 8.7723032125 28.1335154302 36.284691926 203.482300584 211.48027589 461.959360695 235.922167356 46.1830280844 6617.0362769 78.1523717938 6403.96023662 6395.91694456 234.237729097 9.3512660584 31.2654298411
-9999.0 -9999.0 -9999.0 -9999.0 -9999.0 -9999.0 -9999.0 -9999.0 -9999.0 -9999.0 -9999.0 -9999.0 -9999.0 -9999.0 29.0905386128 47.0341649221 100.256939312 174.518977173 252.375670438 308.289711853 336.16700247 364.631872925 392.425370642 26.7570518646 24.9079541659 48.8873964688 45.6063716309 23.5572101872 451.144140165 472.745938662 492.947346627 512.863164293 301.234933805 320.309427118 337.383305786 20462.4429817 18.6830323202 21.1269031725 89.3127898343 8.61330216734 15.0501459773 7.65931893331 7.3450855715 43.1490940163 6.25072067182 6.92817621742 7115.92454588 6649.34280172 6642.61204938 28.1609966408 70.5341597755 47.1893267071 12.9560195992 218.122600832 68.8573212636
-9999.0 -9999.0 -9999.0 -9999.0 -9999.0 -9999.0 -9999.0 -9999.0 -9999.0 -9999.0 -9999.0 -9999.0 -9999.0 -9999.0 20.5157456991 18.472506268 35.6543302612 55.3946401847 28.9204987201 31.5996918398 60.5040741956 88.9352273947 143.990784565 171.227360581 195.593021578 269.702698856 292.721729953 317.579241202 22.1959866474 224.379764249 244.486357251 264.785988801 19.0323116583 13.5507045678 21.6472006725 20816.2675704 20821.3152006 20850.7254461 110.714054152 16.0626739228 24.765470103 6.82857099334 12.7009315277 48.6712824573 59.8682577371 12.2915527446 7146.58180548 9.78568526388 15.449490937 17.0510868758 12.9878459144 25.3753648672 10.9114301301 133.825732939 110.573348377
-9999.0 -9999.0 -9999.0 -9999.0 -9999.0 -9999.0 -9999.0 -9999.0 -9999.0 -9999.0 -9999.0 -9999.0 -9999.0 -9999.0 -9999.0 17.0903515578 34.0935916514 17.6248401978 36.660634199 232.087700951 257.4654537 285.033044363 27.3999586159 27.3662686812 51.7616546808 76.7090846675 121.783968989 144.782825856 158.97277515 180.538192023 18.4833267642 18.0132555721 300.923504379 313.260964645 320.169685842 326.589762254 271.73115669 21149.348015 21302.2752809 21307.8571439 21337.5532258 21367.2538074 21385.9834274 5.64439867594 64.7403339125 7152.02789092 15.5598794201 8.04269646463 7.63642461063 6.77586254559 11.9537210348 13.2232298552 7.99949923499 11.4271359919 12.0349473412
-9999.0 -9999.0 -9999.0 -9999.0 -9999.0 -9999.0 -9999.0 -9999.0 -9999.0 -9999.0 -9999.0 -9999.0 -9999.0 -9999.0 -9999.0 -9999.0 50.7965887961 70.4697767413 127.6993591 173.918094972 25.5784734314 340.619739832 367.67728962 393.756977536 25.1542281746 49.4367311582 22.5157405182 168.108325849 181.473557549 202.034356422 222.046296242 273.558213948 283.771742732 6.19044077696 247.301485892 260.015984501 265.809670015 293.245088573 36.9790632619 24.2563217926 16.2584871414 15.5103026089 21405.2332907 21414.5652923 21523.3237716 7157.10112423 40.1548795078 19.8711792403 13.0098415982 3.96011153314 39.5594620496 21.9586630064 7.01844767588 39.8241994183 34.0922008171
-9999.0 -9999.0 -9999.0 -9999.0 -9999.0 -9999.0 -9999.0 -9999.0 -9999.0 -9999.0 -9999.0 -9999.0 -9999.0 -9999.0 -9999.0 -9999.0 19.4218792044 89.4503776208 109.638822203 27.2980669987 28.6447301351 58.0152072444 85.7692050386 505.86190728 24.8239264381 99.9813805534 123.161484461 146.465754247 13.8132003902 33.0583584785 46.449542651 196.444192372 223.221753626 228.747135754 6.28604279229 6.54356121108 8.39413420593 15.4953635969 6.92846556331 7.31012297084 14.5974802832 11.2004130586 14.6505587554 38.1203767498 21533.9330954 28716.5591432 49.2974070842 7.34361695589 3.71236516555 128.201754733 119.161603996 72.6822782882 65.7364478664 49.7844650425 11.469325328
-9999.0 -9999.0 -9999.0 -9999.0 -9999.0 -9999.0 -9999.0 -9999.0 -9999.0 -9999.0 -9999.0 -9999.0 -9999.0 -9999.0 -9999.0 15.2940809426 52.8083996587 17.9390073494 29.9053509999 30.7933523356 59.853220776 88.2678268415 113.270244828 638.903898193 663.471667471 25.3022606507 48.6444911632 72.1236680986 89.908736575 110.586344849 176.113695798 189.456652952 19.2333208048 13.0287057066 11.0850095892 16.295844182 14.3320630562 13.764598808 11.5274769593 13.8761690622 49.0812186133 22.991212251 8.91195150936 8.48357880613 9.28417898691 17.3947388089 29135.8629091 363.964673201 146.437207289 8.97073954699 3.69793173855 3.46554240899 15.3792092126 11.3852947611 6.26070184232
-9999.0 -9999.0 -9999.0 -9999.0 -9999.0 -9999.0 -9999.0 -9999.0 -9999.0 -9999.0 -9999.0 -9999.0 -9999.0 -9999.0 16.2870792952 31.0878727391 116.999687623 17.5264637322 55.9982922524 86.188206637 114.541961987 29.0551797781 55.5759327128 79.0174585233 761.259669059 23.9518606637 45.8954478474 68.3285968439 20.9007759082 41.6057662779 59.9379358717 73.0928882601 1588.7092304 1615.53029688 1639.44037149 1757.99365873 1802.65938641 1893.57067408 20.70847998 47.382416283 61.5574067716 2166.53915788 2183.94469191 7.78693692619 14.4001329928 20.6027882823 29142.4058981 349.532988626 192.258298295 187.994624813 126.992376928 102.451240607 20.2788680568 4.46195518895 9.83916085796
-9999.0 -9999.0 -9999.0 -9999.0 -9999.0 -9999.0 -9999.0 -9999.0 -9999.0 -9999.0 -9999.0 -9999.0 -9999.0 -9999.0 16.7086029656 50.1782102521 183.45767398 269.073396774 15.8744309875 359.024211886 492.91960873 27.634027054 53.9011262981 78.4172699016 986.404521809 1006.35492034 22.6088078488 114.670745219 136.233024579 154.571079476 1408.87985615 1468.86791055 1500.54184451 14.8308164523 84.5721447825 100.338002186 45.8883338139 65.6325881043 1986.81487265 2063.71962349 2079.81355223 2095.20867823 2202.73213525 9.17820038585 7.86410266597 34.27029111 29148.4697243 6.63563175102 19.1548310817 57.5067906059 21.426706832 95.8332255706 64.522965214 38.0668905902 28.5147507611
-9999.0 -9999.0 -9999.0 -9999.0 -9999.0 -9999.0 -9999.0 -9999.0 -9999.0 -9999.0 -9999.0 -9999.0 -9999.0 -9999.0 -9999.0 -9999.0 34.7512924036 70.0147577878 320.71623942 339.807649371 509.578376613 529.201767441 27.8579771367 55.648900899 130.553793567 1025.15363115 1071.60930734 1092.04364739 18.3368821858 1172.13833366 1236.35732063 40.2262126518 14.9863542985 29.1078728303 56.9986885744 13.8239125127 27.9861956506 62.9857529889 78.8198697785 14.7307830266 10.3286891721 20.6676994578 2275.27792597 2298.1969575 2304.61549119 2356.16796799 29153.7260029 3.70677385879 14.0816555945 16.9879888719 16.7637055326 17.1498192697 15.3255801187 28.6457055245 2.95522751358
-9999.0 -9999.0 -9999.0 -9999.0 -9999.0 -9999.0 -9999.0 -9999.0 -9999.0 -9999.0 -9999.0 -9999.0 -9999.0 -9999.0 -9999.0 -9999.0 18.1825001478 17.8302527103 18.1632246901 38.961736412 17.6170735513 563.908465404 581.957642951 25.1438227158 51.1719915912 27.4505208024 23.8609484875 23.2978383054 1136.66142943 22.704136726 46.0709773682 19.3675405438 15.3389609007 14.1118322224 11.5843668135 12.0084453942 36.0930059746 49.1148921629 9.66748262973 8.6002283464 18.3735120729 30.2054960227 38.832710759 10.7191103099 2314.68290636 2362.62183422 29156.4290229 40.1959211665 33.3973690132 9.61137542357 24.3964735214 7.83067929568 6.07362820939 35.3280942116 16.4247031488
-9999.0 -9999.0 -9999.0 -9999.0 -9999.0 -9999.0 -9999.0 -9999.0 -9999.0 -9999.0 -9999.0 -9999.0 -9999.0 -9999.0 -9999.0 -9999.0 -9999.0 -9999.0 17.5792335673 55.4178809844 70.6780257221 87.547803912 598.359093383 614.637522176 631.862189969 653.858173139 676.631978588 724.34438221 745.254319282 767.546405569 784.899453726 13.6905889474 12.7848373943 13.6947010703 49.7462419749 13.1315540065 12.3571975185 9.94921137226 28.7298043303 11.3163481961 8.63745110591 7.95380480655 6.92468836579 13.8126407603 19.3231017435 2401.1284301 31601.1157073 2.85688321814 7.25131923131 7.86710338945 32.6235571258 16.590618827 12.2153729456 63.6537111007 26.3180103844
-9999.0 -9999.0 -9999.0 -9999.0 -9999.0 -9999.0 -9999.0 -9999.0 -9999.0 -9999.0 -9999.0 -9999.0 -9999.0 -9999.0 -9999.0 -9999.0 -9999.0 -9999.0 -9999.0 14.9194439191 116.832745519 236.821376124 255.204280665 25.2301941291 50.9934121385 76.9934692519 100.345845888 251.411447871 266.828151053 14.7522512378 14.7445053546 812.928974621 838.238572974 850.242630613 59.5933346848 9.58901749593 22.3125901131 32.8708544926 96.2348354541 117.490144561 133.846335568 14.825588389 20.22190862 6.65487007005 13.0122651234 6.65863445506 31612.237696 2.60409949206 11.9560908922 11.6572601909 47.1784796087 75.5881186165 89.2699531279 154.341155625 37.9438171443
-9999.0 -9999.0 -9999.0 -9999.0 -9999.0 -9999.0 -9999.0 -9999.0 -9999.0 -9999.0 -9999.0 -9999.0 -9999.0 -9999.0 -9999.0 -9999.0 -9999.0 -9999.0 16.4577539832 52.1748143009 102.214001833 133.703077398 351.856927394 373.396481905 54.0990344522 80.4008072282 103.228642806 127.609091639 285.920707424 317.180040812 570.481551555 590.677369515 604.274132922 863.340183595 957.348390261 22.7781441269 13.9474967245 13.4860951474 25.7005830966 11.6563207654 155.65444785 163.350411757 26.4035062711 33.7152353631 6.52504502307 6594.47566659 6607.64427779 38226.9460621 38242.4065634 2.4669235171 52.7803825246 3.60209468923 3.56984679843 162.917499589 204.215570441
-9999.0 -9999.0 -9999.0 -9999.0 -9999.0 -9999.0 -9999.0 -9999.0 -9999.0 -9999.0 -9999.0 -9999.0 -9999.0 -9999.0 -9999.0 -9999.0 -9999.0 -9999.0 -9999.0 18.5602143092 18.0050706218 34.2397407841 81.5775386246 389.267933948 27.7663495872 27.4152517028 50.5805492014 73.9180496925 189.777416277 210.989515038 15.2080310073 13.3053437678 620.836300728 635.061206226 1604.91349379 1616.53812923 8.44212499099 7.36005541638 5.73533432105 5.80522995561 5.76956807525 6458.17952144 6502.96539583 6544.58915479 6558.42296149 6587.71758986 7.34050512321 26.4470477896 32.7185933657 38284.6700457 38285.7150759 38289.7227008 38295.6802862 38300.0618169 210.639311717
-9999.0 -9999.0 -9999.0 -9999.0 -9999.0 -9999.0 -9999.0 -9999.0 -9999.0 -9999.0 -9999.0 -9999.0 -9999.0 -9999.0 -9999.0 -9999.0 -9999.0 -9999.0 -9999.0 -9999.0 16.672096996 17.3709397905 32.3963089762 452.761048865 471.570219974 26.9693465454 50.0089225108 73.7912695347 95.2176383826 19.8370565606 35.6151006091 1182.2745838 1196.97381526 1210.20831948 1312.21093138 2941.45979305 6153.27283034 6172.2772607 6188.85046077 6204.68871194 6267.42076844 6287.58118522 37.0754510868 16.6970939684 9.87422063803 18.5857002893 13.0300968127 20.948572699 6.59243957013 150.68376828 161.588734667 168.972712581 171.562475501 38302.4275721 38518.2372634
-9999.0 -9999.0 -9999.0 -9999.0 -9999.0 -9999.0 -9999.0 -9999.0 -9999.0 -9999.0 -9999.0 -9999.0 -9999.0 -9999.0 -9999.0 -9999.0 -9999.0 -9999.0 -9999.0 -9999.0 -9999.0 16.999669584 32.620169979 48.3068499976 485.15342741 20.8790800419 675.751454879 700.575924824 721.006258308 737.823740017 1115.35928042 1131.81026625 16.208436911 75.2308291398 91.2609330076 15.1271686461 3192.41310364 3165.37776391 8.20327661089 18.7612489047 49.7209748109 10.8582761402 11.1217116548 8.37854013195 6.79061538443 5.06204575604 5.98982193768 129.913927868 136.184534421 143.933370472 5.95897138407 4.29826310553 174.112815309 177.352130242 179.181641985
-9999.0 -9999.0 -9999.0 -9999.0 -9999.0 -9999.0 -9999.0 -9999.0 -9999.0 -9999.0 -9999.0 -9999.0 -9999.0 -9999.0 -9999.0 -9999.0 -9999.0 -9999.0 -9999.0 -9999.0 -9999.0 15.614217368 14.6721210484 75.9739818345 594.087192587 631.693119118 652.840796082 26.43684887 329.351898417 350.666105425 360.560174341 16.1321764552 33.1039124607 48.6153131069 774.412582228 786.30327783 796.313922447 3147.39815447 1798.10109021 10.2322975036 10.4934856908 10.1256020071 7.64958984416 79.4913930698 95.1007868568 108.558812352 116.103186013 123.328418681 873.048922467 877.937292129 884.012347149 899.662776813 961.538845626 963.911524147 1145.73499724
-9999.0 -9999.0 -9999.0 -9999.0 -9999.0 -9999.0 -9999.0 -9999.0 -9999.0 -9999.0 -9999.0 -9999.0 -9999.0 -9999.0 -9999.0 -9999.0 -9999.0 -9999.0 -9999.0 -9999.0 -9999.0 -9999.0 30.5617289303 46.6576904073 18.8373654062 27.2957796596 228.078929477 255.902672949 279.711029936 154.483309439 177.697997898 199.90234266 216.164898486 748.246717611 763.324340891 519.218048042 1327.71533908 1339.23757409 1789.32666104 21.0093995216 10.4914583533 7.19711879771 55.0864809744 64.4150108001 5.13424018819 4.73811877301 850.590150618 862.669480228 868.512594776 8.00302094204 11.529113904 950.885301254 7.48138357253 19.9910192077 21.8805269767
-9999.0 -9999.0 -9999.0 -9999.0 -9999.0 -9999.0 -9999.0 -9999.0 -9999.0 -9999.0 -9999.0 -9999.0 -9999.0 -9999.0 -9999.0 -9999.0 -9999.0 -9999.0 -9999.0 -9999.0 -9999.0 -9999.0 15.308583814 30.3554647903 132.707178676 152.28487378 175.880356276 105.098327793 130.39865573 24.9420623469 471.539227792 495.154843576 516.734223576 17.110875117 490.715972835 506.133778565 12.0020926681 1733.9286929 23.8313738794 11.9236362254 30.0376281031 40.5609191361 7.54018325722 5.85707750648 789.144816161 839.899681084 847.081662754 7.65324041711 15.3449798241 19.4901774097 23.2465048775 46.3659445609 6.94932334594 16.5690680531 3.23885762648
-9999.0 -9999.0 -9999.0 -9999.0 -9999.0 -9999.0 -9999.0 -9999.0 -9999.0 -9999.0 -9999.0 -9999.0 -9999.0 -9999.0 -9999.0 -9999.0 -9999.0 -9999.0 -9999.0 -9999.0 -9999.0 -9999.0 15.1752915288 48.5024414939 86.4031431748 22.6291177966 49.8212758199 78.7947661139 372.550234955 398.673139317 423.212833751 23.4350748962 372.913094764 442.22873285 460.314984104 16.1276753073 1684.17618746 1710.66595248 12.2871749227 11.338348809 21.9272563842 8.62262843979 749.976216717 764.713424147 773.219744569 32.5404379483 39.9813630282 6.28643972186 11.0458183831 4.80675133649 34.164337339 5.09516443438 4.14572130969 4.55737384971 5.06328560049
-9999.0 -9999.0 -9999.0 -9999.0 -9999.0 -9999.0 -9999.0 -9999.0 -9999.0 -9999.0 -9999.0 -9999.0 -9999.0 -9999.0 -9999.0 -9999.0 -9999.0 -9999.0 -9999.0 -9999.0 -9999.0 -9999.0 -9999.0 17.50035006 19.9507816475 25.6264664037 233.77966896 261.666635252 345.866244223 25.8400059419 275.840850092 327.774921542 23.8273453194 47.9336094639 19.7946976393 1637.36487009 18.1807328507 44.4336646188 54.2012871525 63.4198766661 693.261558072 726.176317575 735.734771957 9.61696344478 17.6116955884 24.6811347278 4.01124952826 3.60413409746 1563.24778753 1566.90918633 1569.96783514 1602.02744051 1606.15176597 1611.91255976 1615.49143941
