data/baseflow/mHMbf_acc344.asc
ncols                  80
nrows                 72
xllcorner      4374000.0
yllcorner      5656000.0
cellsize            500
NODATA_value       -9999
[rows 0 to 24 of 72, columns 0 to 54 of 80]
-9999.0 -9999.0 -9999.0 -9999.0 -9999.0 -9999.0 -9999.0 -9999.0 -9999.0 -9999.0 -9999.0 -9999.0 15.6518018378 17.1253658342 -9999.0 -9999.0 -9999.0 -9999.0 -9999.0 -9999.0 -9999.0 -9999.0 -9999.0 -9999.0 -9999.0 -9999.0 -9999.0 -9999.0 -9999.0 -9999.0 -9999.0 -9999.0 -9999.0 -9999.0 -9999.0 -9999.0 -9999.0 -9999.0 -9999.0 -9999.0 -9999.0 -9999.0 -9999.0 -9999.0 -9999.0 -9999.0 -9999.0 -9999.0 -9999.0 -9999.0 -9999.0 -9999.0 -9999.0 -9999.0 -9999.0
-9999.0 -9999.0 -9999.0 -9999.0 -9999.0 -9999.0 -9999.0 -9999.0 -9999.0 -9999.0 -9999.0 -9999.0 28.1941456396 73.3573606822 13.9700708696 -9999.0 13.1039240225 -9999.0 -9999.0 -9999.0 -9999.0 -9999.0 -9999.0 -9999.0 -9999.0 -9999.0 -9999.0 -9999.0 -9999.0 -9999.0 -9999.0 -9999.0 -9999.0 -9999.0 -9999.0 -9999.0 -9999.0 -9999.0 -9999.0 -9999.0 -9999.0 -9999.0 -9999.0 -9999.0 -9999.0 -9999.0 -9999.0 -9999.0 -9999.0 -9999.0 -9999.0 -9999.0 -9999.0 -9999.0 -9999.0
-9999.0 -9999.0 -9999.0 -9999.0 -9999.0 -9999.0 -9999.0 -9999.0 -9999.0 -9999.0 12.0133539097 11.6346659684 12.0803160329 11.8158973782 95.6767063176 108.853276521 37.2014457353 12.0672465292 -9999.0 -9999.0 -9999.0 -9999.0 -9999.0 -9999.0 -9999.0 -9999.0 -9999.0 -9999.0 -9999.0 -9999.0 -9999.0 -9999.0 -9999.0 -9999.0 -9999.0 -9999.0 -9999.0 -9999.0 -9999.0 -9999.0 -9999.0 -9999.0 -9999.0 -9999.0 -9999.0 -9999.0 -9999.0 -9999.0 -9999.0 -9999.0 -9999.0 -9999.0 -9999.0 -9999.0 -9999.0
-9999.0 -9999.0 -9999.0 -9999.0 -9999.0 -9999.0 -9999.0 -9999.0 -9999.0 11.7204955786 23.6507326803 46.9473862399 23.3102405594 11.3403959924 22.232576514 119.653896864 182.967692082 12.8719494389 -9999.0 11.4890875049 -9999.0 -9999.0 -9999.0 -9999.0 25.5137571249 13.0394965167 -9999.0 -9999.0 -9999.0 -9999.0 -9999.0 -9999.0 -9999.0 -9999.0 -9999.0 -9999.0 -9999.0 -9999.0 -9999.0 -9999.0 -9999.0 -9999.0 -9999.0 -9999.0 -9999.0 -9999.0 -9999.0 -9999.0 -9999.0 -9999.0 -9999.0 -9999.0 -9999.0 -9999.0 -9999.0
-9999.0 -9999.0 -9999.0 -9999.0 -9999.0 -9999.0 -9999.0 -9999.0 13.2035175542 37.233227696 48.4900805674 59.8426928166 81.2226795498 10.6791177076 42.6869548506 53.0273548172 260.074481859 11.3485091999 9.91680374779 21.7785153208 31.7343623387 10.3133691033 -9999.0 64.5401808311 52.7892076556 13.9908929279 -9999.0 -9999.0 -9999.0 -9999.0 -9999.0 -9999.0 -9999.0 -9999.0 -9999.0 -9999.0 -9999.0 -9999.0 -9999.0 -9999.0 -9999.0 -9999.0 -9999.0 -9999.0 -9999.0 -9999.0 -9999.0 -9999.0 -9999.0 -9999.0 -9999.0 -9999.0 -9999.0 -9999.0 -9999.0
-9999.0 -9999.0 -9999.0 -9999.0 -9999.0 -9999.0 13.2958817982 12.1324987872 11.585250086 11.7722249208 11.8931886967 83.8031696764 176.394022281 187.61039519 195.5735353 6.79145861187 277.981137702 287.932241302 20.1506376226 10.129936108 41.5108906716 71.8541986228 11.5285372338 99.1491503289 10.553329182 11.5568980249 10.8634183454 -9999.0 -9999.0 -9999.0 -9999.0 -9999.0 -9999.0 -9999.0 -9999.0 -9999.0 -9999.0 -9999.0 -9999.0 -9999.0 -9999.0 -9999.0 -9999.0 -9999.0 -9999.0 -9999.0 -9999.0 -9999.0 -9999.0 -9999.0 -9999.0 -9999.0 -9999.0 -9999.0 -9999.0
-9999.0 -9999.0 -9999.0 -9999.0 -9999.0 -9999.0 26.2750638816 38.5591228489 86.9322609316 121.233224279 10.6942325367 11.0203341049 10.5560136088 31.0604539954 236.068787371 8.02780561268 297.553954558 335.213574516 29.5912912982 19.3141545195 81.1558311729 9.95651566279 108.99316538 19.957595089 9.99581921845 21.278195794 21.4200148062 10.6731917694 10.8612795682 10.7187589898 11.001639015 22.0841438388 -9999.0 -9999.0 -9999.0 -9999.0 -9999.0 -9999.0 -9999.0 -9999.0 -9999.0 -9999.0 -9999.0 -9999.0 -9999.0 -9999.0 -9999.0 -9999.0 -9999.0 -9999.0 -9999.0 -9999.0 -9999.0 -9999.0 -9999.0
-9999.0 -9999.0 -9999.0 -9999.0 -9999.0 14.0304138254 27.1676339917 12.9358042301 25.1546580994 133.668458423 156.242558722 178.601791747 566.106392551 10.3092880225 246.260219947 891.905531206 899.186209663 1247.49140223 8.14614700022 28.5949024298 90.5226462518 9.29531902171 221.201184816 102.597302043 63.1418116179 53.0450701739 10.4853122588 31.7767879626 31.8801612015 21.2880989615 10.3777916736 32.7264099978 10.3179488185 10.2525000994 -9999.0 -9999.0 -9999.0 -9999.0 -9999.0 -9999.0 -9999.0 -9999.0 -9999.0 -9999.0 -9999.0 -9999.0 -9999.0 -9999.0 -9999.0 -9999.0 -9999.0 -9999.0 -9999.0 -9999.0 -9999.0
-9999.0 -9999.0 -9999.0 -9999.0 -9999.0 13.9342971407 40.4494211324 80.761718217 93.0592544152 183.946572111 195.600711664 231.953166286 377.139612442 597.242626526 618.311867576 628.19465849 18.0319919546 1280.00929804 1296.6628956 1343.68984151 1693.42818488 249.73354111 231.066745391 72.9318783618 9.67984223605 61.1936099272 41.5228042354 9.46660846949 41.6040608711 9.52781095962 19.6111280321 52.6991926981 62.6749819066 20.1805809012 9.83455715854 9.85769761866 -9999.0 -9999.0 -9999.0 -9999.0 11.9696533253 10.8026323173 -9999.0 -9999.0 -9999.0 -9999.0 -9999.0 -9999.0 -9999.0 -9999.0 -9999.0 -9999.0 -9999.0 -9999.0 -9999.0
-9999.0 -9999.0 -9999.0 -9999.0 -9999.0 13.4522515768 12.8547594967 53.4973011091 65.9972789574 78.9126639812 12.3371786898 24.4467681173 137.036563665 25.1634542611 11.5450829944 10.7131229581 9.6948631579 10.841308592 10.3562175928 10.4000794999 1703.3580935 1731.36927768 9.24606262583 28.418719416 19.2814093062 70.6761675071 19.0616609098 9.26631755681 51.4500445875 18.6541031514 44.909539083 110.819993329 102.42167333 29.9003754922 29.3084148735 9.94188424687 9.8787300504 -9999.0 -9999.0 9.91676418564 24.5366378687 57.7656575897 11.2425507434 -9999.0 -9999.0 -9999.0 -9999.0 -9999.0 -9999.0 -9999.0 -9999.0 -9999.0 -9999.0 -9999.0 -9999.0
-9999.0 -9999.0 -9999.0 -9999.0 -9999.0 -9999.0 13.8755585222 14.0271030353 26.5094274123 39.3104199727 88.4757112049 113.230197933 125.784075504 13.6585317545 10.5417847671 137.976076557 169.577729914 179.614224662 220.964579685 230.628430244 9.58199666612 1741.01690959 1785.67447158 35.2166082298 3.39652689955 78.2414164548 175.641495506 69.6751081997 18.1678851075 9.13099798448 173.552410868 120.059710093 9.01211100692 9.12295013113 38.5661875212 29.2168480951 9.39979050486 9.27691956065 9.61628899855 19.3832847884 9.34718149752 70.0942909178 79.0834683656 8.64763726957 -9999.0 -9999.0 -9999.0 -9999.0 9.45877097826 9.07908678257 2.82579675411 -9999.0 -9999.0 -9999.0 -9999.0
-9999.0 -9999.0 -9999.0 -9999.0 -9999.0 -9999.0 -9999.0 13.5640388923 11.2596932106 24.3793241676 37.222289139 12.4715770209 11.6597429071 71.6653250903 94.2298930455 117.170758652 10.7993451075 21.2672218905 10.4878684977 240.494400427 543.692295208 555.341406237 2361.81292204 9.12427119391 11.0484941679 3.41952103742 184.537027979 8.95801081092 27.4320233331 9.02490129171 182.454276181 191.333566275 18.0734126282 18.0801020433 96.1636385948 48.1360689739 18.8344705939 9.5552753274 19.2426010981 28.8900893786 47.1885880836 8.90587167814 95.9409833707 103.608344371 7.0061850982 7.41977842649 7.67622723383 7.10042640877 6.77168354505 26.4159938356 10.6336807066 6.94298079847 -9999.0 -9999.0 -9999.0
-9999.0 -9999.0 -9999.0 -9999.0 -9999.0 -9999.0 -9999.0 -9999.0 24.910144269 35.2637318594 12.2772184781 24.9301487282 36.7885138057 60.7814010103 12.1608208842 11.6746711436 10.3466730792 10.471843645 9.73279303486 283.333596624 10.5630779098 20.773080967 2394.98335233 2417.85522054 9.72356028314 30.3036495061 223.414011352 17.6546788058 35.7040319582 16.9500200001 25.141556742 225.956642898 26.4304934466 139.977689846 113.656726229 8.88334443035 46.5081431858 18.6897948133 28.2554827554 9.01901092014 55.9665878917 72.9707796802 79.7382307021 86.218196796 130.083849938 13.3436836664 13.9512714187 12.9852586572 12.2749848562 33.1092125844 7.1457761292 24.8758049728 31.5508366624 -9999.0 -9999.0
-9999.0 -9999.0 -9999.0 -9999.0 -9999.0 -9999.0 -9999.0 -9999.0 13.1455928643 61.1449790334 73.1568381001 12.0262982208 23.6569025572 11.620769277 11.0082696861 10.8417023487 134.199374152 178.450468939 223.58849502 270.81059188 12.0830069146 10.3637409125 10.5737939862 2468.62982149 2495.59138847 2506.18849069 304.47658849 70.935286311 61.8984985393 8.05743930595 33.0777892349 267.132426229 8.08408874075 148.162534185 8.73038606402 60.1439812016 55.7480715438 9.03979370232 37.2081523712 17.9391837327 26.6687973728 8.04675485715 6.27789753274 92.6312754542 98.5238059312 135.961679016 20.1872799397 18.9711635561 18.1639923429 40.5602196311 54.9556111659 7.17634016621 38.4495386325 7.28641745377 13.9679787169
-9999.0 -9999.0 -9999.0 -9999.0 -9999.0 -9999.0 -9999.0 -9999.0 -9999.0 13.3047747924 85.5832725482 97.3868544342 35.3011475978 58.5025611161 80.5532582789 91.6227777109 11.2518999573 33.8209510661 22.435405294 11.381305619 11.2704092038 10.3721278812 20.6988972093 35.2941439883 13.4603957898 2835.25353254 2845.30751158 9.32157096866 7.40681063354 16.2288296692 24.2492985247 291.02530751 15.9364592542 155.64362586 92.7821334449 76.2636338811 8.7032501925 17.6097977359 45.5729318578 8.33038567661 34.7792493286 16.0587074576 9.92439432873 3.0609845929 110.245586043 251.1628725 24.7019626055 23.6013214178 24.1393451035 6.17753329452 61.0912718264 6.0090948253 51.7530807027 6.60718546269 20.6217306623
-9999.0 -9999.0 -9999.0 -9999.0 -9999.0 -9999.0 -9999.0 -9999.0 -9999.0 -9999.0 11.8205931113 121.224293955 11.6097574539 23.2130241756 33.9867676295 55.3869651902 10.8783181356 22.4861848059 11.1107794863 10.670539839 10.2189034371 20.3121511934 9.34910802549 10.2144077432 20.9105281819 11.9762111579 2856.63104876 2876.31700545 2903.85889043 32.2676409287 8.10185435557 16.1445161651 299.250276362 288.378189959 109.655273797 8.37061873766 34.7651766803 26.1655199992 53.9588060267 16.682142033 67.1157652468 24.1177142761 16.4107034497 1.20900177136 3.32593707122 257.109139956 262.632483966 315.849514184 43.3686433666 12.7051171596 67.6482737635 80.067117462 137.740827074 13.0071606287 6.19257896813
-9999.0 -9999.0 -9999.0 -9999.0 -9999.0 -9999.0 -9999.0 -9999.0 -9999.0 -9999.0 -9999.0 6.20317846968 134.131217699 11.1652123281 21.747703473 98.4338809574 11.0076736064 10.9407633274 10.1166342796 21.1296349187 10.3968203632 41.0784978332 59.9576368066 68.8795585888 29.4825192122 37.9283576198 9.67131082323 11.2995103691 11.3229922874 2956.73236486 2981.34607151 306.669219144 303.264123011 295.881471854 15.3602438918 7.53419922417 42.7086528193 112.610276919 61.9739588183 24.6564550018 99.4751948996 29.4140655554 21.986145159 2.44204940374 1.02325252582 1.16312125211 1.98934184742 326.073809611 386.789725621 6.17318436804 5.7362474995 6.15454993829 143.767528595 162.481125813 11.1101572237
-9999.0 -9999.0 -9999.0 -9999.0 -9999.0 -9999.0 -9999.0 -9999.0 -9999.0 -9999.0 -9999.0 5.92570034355 148.414921898 182.684040798 10.6751104655 119.74947908 10.3297492383 10.0174449137 20.1977105986 51.5360886692 10.1163139453 10.4667813355 9.30003221436 87.4257516252 96.3885738787 143.804076122 161.445854279 169.698209559 178.86585016 189.202145873 3181.03217395 3502.39039241 3820.11375349 3828.04908072 7.20546743138 7.5777658259 128.528225413 120.631838982 7.88437149668 7.81271385677 106.924702756 144.070138333 6.25047990775 49.9213890696 46.1222466055 5.46489577276 3.39299278781 5.76159742187 5.76780055912 397.222413008 5.23107851239 16.5943315176 20.9027184674 194.291455342 206.727560451
-9999.0 -9999.0 -9999.0 -9999.0 -9999.0 -9999.0 -9999.0 -9999.0 -9999.0 -9999.0 -9999.0 12.2028885714 23.5143121434 193.796525629 214.255039426 10.3440519859 142.577137402 9.03802921112 28.0184937217 60.9091845699 19.6711102976 9.52715775025 19.5116803211 8.55195525259 16.7654771601 8.37597420919 7.31056922475 4.82195598173 3.71751746529 3.17257895078 2.99450906384 4.98808402703 7.27727926351 9.83103025091 3853.68573198 155.552164215 141.673792321 6.28115266642 22.8227645495 5.98656640665 5.08773732984 151.344209168 222.713542458 57.7119163816 43.8324524106 3.10333576468 1.31055069882 1.18217741799 5.6626069966 408.272784526 418.567609616 5.33806890675 5.49373072617 3.76161387115 1.45840314304
-9999.0 -9999.0 -9999.0 -9999.0 -9999.0 -9999.0 -9999.0 -9999.0 -9999.0 -9999.0 -9999.0 -9999.0 10.8595231235 142.851746046 367.704692939 399.564598092 552.953291919 565.3120356 139.523188105 99.8148245518 29.3554998354 9.43458898714 38.1823326551 47.2968976505 72.5487830231 17.045667822 15.6343501699 13.2548232401 25.2221132294 11.318870633 10.5655636564 5.09735659808 1.50603996052 2.58810432091 3861.83159542 4023.91505793 4031.92519555 6.35751428787 61.8806618058 26.2424269536 7.69564053077 246.185703334 16.3012631804 8.34307032552 32.6900538666 5.68844201162 4.9689488188 9.32761589419 13.8035085603 18.8589482078 427.490720206 4.2572926639 3.82922376239 3.84336423665 2.69036138311
-9999.0 -9999.0 -9999.0 -9999.0 -9999.0 -9999.0 -9999.0 -9999.0 -9999.0 -9999.0 -9999.0 11.5690683116 108.65007736 131.883670982 21.6332943919 6.75640874062 15.3183555043 590.344107763 601.15635985 752.576216216 8.69375556782 18.058813737 8.25897185044 8.38148899677 80.8411069951 106.164434448 129.787095004 7.84656738443 33.1340772851 52.2270471879 30.6129950121 12.6248681459 6.97589768223 4.88276286974 5.37633977567 3.51621099617 4038.47713619 4043.99993834 4116.37415438 13.4152321103 7.03627630737 254.467691325 17.3336538497 8.83820199881 9.3012943343 9.22532256834 8.53140399225 13.6928616109 41.9654019908 66.3067035907 498.187209798 3.38659571966 10.1867048155 6.90667456626 5.51292866803
-9999.0 -9999.0 -9999.0 -9999.0 -9999.0 -9999.0 -9999.0 -9999.0 -9999.0 -9999.0 -9999.0 11.8098665772 74.810311508 11.8611056233 10.6545876332 54.2536132468 63.8598050552 73.6153532306 82.8913329961 1007.27150194 1015.35982699 1032.2389347 1151.79320859 1174.38540452 1186.13388842 1194.64044499 1336.12020243 1352.99818148 1360.95096246 1420.92017571 1459.81567747 1467.42873219 1486.03403477 12.0287117683 8.64677459819 1.31275461371 2.01287426464 4049.53598191 4140.96733052 19.5197829567 303.238867013 296.086814337 33.3072143666 8.10299046909 8.25954929616 8.07848805441 7.95276983921 15.9575807833 22.8178462383 6.47671165525 502.414862418 506.8629868 527.858858647 531.617998451 540.689967086
-9999.0 -9999.0 -9999.0 -9999.0 -9999.0 -9999.0 -9999.0 -9999.0 -9999.0 -9999.0 -9999.0 38.3650652157 50.7375179949 23.7064464663 35.0059953595 11.1638494492 126.012029854 136.132096391 156.167707976 162.402761725 64.9224317499 1109.45734528 1116.89434883 5.59953127659 3.26013122834 2.02031291366 5.81196273531 2.68140085818 1.4924696182 1.42951131044 2.34218792524 1471.89046909 1491.44415848 1511.42403645 1527.1333383 1535.23186287 3.02514134187 1.46270903926 4461.39709091 315.524150172 310.722874953 7.32350054757 7.05524728506 6.64258062373 15.1235133184 14.9553574295 7.04229169912 7.07248433124 6.55300177457 12.9312368803 17.183896912 3.23697164673 5.95657163783 2.13859249249 0.617161941038
-9999.0 -9999.0 -9999.0 -9999.0 -9999.0 -9999.0 -9999.0 -9999.0 -9999.0 -9999.0 -9999.0 -9999.0 25.9126276103 12.1608591255 11.3364692406 105.836986713 116.241076864 10.465801564 41.0645366802 50.2210275116 57.4539344548 8.33598874167 6.44280648619 158.506753842 163.810525351 168.408428355 458.490017364 461.012579362 463.862633869 492.083921436 501.136287252 502.437425226 1.32786671623 1.39135854934 2.26022108761 1543.17426349 2.95430475866 4520.12745745 4514.75353296 49.1128790363 43.6183879847 28.3341554311 7.13659488054 13.2252038948 21.9351578559 21.7885174477 13.8197843452 6.84274140846 13.2922122505 13.0751193645 23.0141456745 3.96719041376 9.57973524259 15.4492036885 16.7244569545
-9999.0 -9999.0 -9999.0 -9999.0 -9999.0 -9999.0 -9999.0 -9999.0 -9999.0 -9999.0 -9999.0 -9999.0 13.2867409572 37.0393379561 48.4944159306 83.6324646853 10.5468881839 21.2776213946 31.4605147877 120.10949644 127.108410404 129.893930614 137.161605248 145.86022468 250.388130374 275.883754241 286.514309435 2.46269420905 25.1983088764 26.9632976629 496.254712296 504.014386395 507.149616075 510.353777653 514.054728946 2061.43817304 4.65792062136 4533.9615665 4.30574134067 1.39736229857 36.6816439722 33.5193258232 4.09537766278 19.1518404264 27.9651809993 27.6545262475 19.4117374168 31.8843766473 50.3699108407 18.6762644794 46.9444302251 3.55302432911 4.87887603773 0.49808286733 0.418047818573
