data/baseflow/mHMbf_acc540.asc
ncols                  80
nrows                 72
xllcorner      4374000.0
yllcorner      5656000.0
cellsize            500
NODATA_value       -9999
[rows 0 to 24 of 72, columns 0 to 54 of 80]
-9999.0 -9999.0 -9999.0 -9999.0 -9999.0 -9999.0 -9999.0 -9999.0 -9999.0 -9999.0 -9999.0 -9999.0 24.4477511201 20.5399893436 -9999.0 -9999.0 -9999.0 -9999.0 -9999.0 -9999.0 -9999.0 -9999.0 -9999.0 -9999.0 -9999.0 -9999.0 -9999.0 -9999.0 -9999.0 -9999.0 -9999.0 -9999.0 -9999.0 -9999.0 -9999.0 -9999.0 -9999.0 -9999.0 -9999.0 -9999.0 -9999.0 -9999.0 -9999.0 -9999.0 -9999.0 -9999.0 -9999.0 -9999.0 -9999.0 -9999.0 -9999.0 -9999.0 -9999.0 -9999.0 -9999.0
-9999.0 -9999.0 -9999.0 -9999.0 -9999.0 -9999.0 -9999.0 -9999.0 -9999.0 -9999.0 -9999.0 -9999.0 50.1667172421 109.341250595 17.6105373787 -9999.0 15.1967624719 -9999.0 -9999.0 -9999.0 -9999.0 -9999.0 -9999.0 -9999.0 -9999.0 -9999.0 -9999.0 -9999.0 -9999.0 -9999.0 -9999.0 -9999.0 -9999.0 -9999.0 -9999.0 -9999.0 -9999.0 -9999.0 -9999.0 -9999.0 -9999.0 -9999.0 -9999.0 -9999.0 -9999.0 -9999.0 -9999.0 -9999.0 -9999.0 -9999.0 -9999.0 -9999.0 -9999.0 -9999.0 -9999.0
-9999.0 -9999.0 -9999.0 -9999.0 -9999.0 -9999.0 -9999.0 -9999.0 -9999.0 -9999.0 24.112246096 23.0960938698 24.278519342 23.786116177 154.027500104 171.57028844 41.7839308465 13.1893967364 -9999.0 -9999.0 -9999.0 -9999.0 -9999.0 -9999.0 -9999.0 -9999.0 -9999.0 -9999.0 -9999.0 -9999.0 -9999.0 -9999.0 -9999.0 -9999.0 -9999.0 -9999.0 -9999.0 -9999.0 -9999.0 -9999.0 -9999.0 -9999.0 -9999.0 -9999.0 -9999.0 -9999.0 -9999.0 -9999.0 -9999.0 -9999.0 -9999.0 -9999.0 -9999.0 -9999.0 -9999.0
-9999.0 -9999.0 -9999.0 -9999.0 -9999.0 -9999.0 -9999.0 -9999.0 -9999.0 23.0807194704 47.1220998107 93.5920812681 46.6764016404 22.6516411511 44.5599785566 192.721032858 265.852273746 15.1947735077 -9999.0 23.5239542925 -9999.0 -9999.0 -9999.0 -9999.0 28.747991234 14.6111005594 -9999.0 -9999.0 -9999.0 -9999.0 -9999.0 -9999.0 -9999.0 -9999.0 -9999.0 -9999.0 -9999.0 -9999.0 -9999.0 -9999.0 -9999.0 -9999.0 -9999.0 -9999.0 -9999.0 -9999.0 -9999.0 -9999.0 -9999.0 -9999.0 -9999.0 -9999.0 -9999.0 -9999.0 -9999.0
-9999.0 -9999.0 -9999.0 -9999.0 -9999.0 -9999.0 -9999.0 -9999.0 26.1628618005 73.6083393685 95.6805869446 117.841469889 161.918920745 21.0064652258 85.7877787414 106.097118159 405.56076474 17.3935886368 18.7096274902 43.8676962875 63.4260129573 20.3977759448 -9999.0 74.9993493064 61.4388965577 16.9170140032 -9999.0 -9999.0 -9999.0 -9999.0 -9999.0 -9999.0 -9999.0 -9999.0 -9999.0 -9999.0 -9999.0 -9999.0 -9999.0 -9999.0 -9999.0 -9999.0 -9999.0 -9999.0 -9999.0 -9999.0 -9999.0 -9999.0 -9999.0 -9999.0 -9999.0 -9999.0 -9999.0 -9999.0 -9999.0
-9999.0 -9999.0 -9999.0 -9999.0 -9999.0 -9999.0 25.7970923304 23.3291438274 22.8028815914 23.2213875781 23.4822634955 165.079670668 349.55278439 371.738653525 391.637477173 20.1910869578 444.046390098 462.721527951 39.9861538113 20.0556528779 82.5979662158 142.257378511 18.9212894694 132.139435746 20.5351158825 19.5370991816 21.2097189053 -9999.0 -9999.0 -9999.0 -9999.0 -9999.0 -9999.0 -9999.0 -9999.0 -9999.0 -9999.0 -9999.0 -9999.0 -9999.0 -9999.0 -9999.0 -9999.0 -9999.0 -9999.0 -9999.0 -9999.0 -9999.0 -9999.0 -9999.0 -9999.0 -9999.0 -9999.0 -9999.0 -9999.0
-9999.0 -9999.0 -9999.0 -9999.0 -9999.0 -9999.0 51.4781349663 75.5432686533 169.950698856 237.257914014 20.5692136572 21.4966235129 20.5109864734 60.7552220118 470.707162176 17.7882145578 480.678951505 560.800901015 62.482997576 37.7237234937 160.202785558 19.3617699781 151.225866402 37.5446027468 18.8454476933 37.6509393977 41.7932348469 21.2445709561 21.8933856837 21.3747953041 22.6013048042 45.270000621 -9999.0 -9999.0 -9999.0 -9999.0 -9999.0 -9999.0 -9999.0 -9999.0 -9999.0 -9999.0 -9999.0 -9999.0 -9999.0 -9999.0 -9999.0 -9999.0 -9999.0 -9999.0 -9999.0 -9999.0 -9999.0 -9999.0 -9999.0
-9999.0 -9999.0 -9999.0 -9999.0 -9999.0 27.8380710114 53.7390585672 25.644135544 49.4972870836 261.635201504 305.385182844 348.874986525 1114.90559438 20.7337699186 490.104894614 1764.47019632 1780.00403633 2369.78572561 18.7245342369 55.7542176218 178.258806006 17.9016647278 362.990318127 193.205111273 118.134594412 99.0064964609 20.311959943 63.2344995263 63.8108783304 42.5256517504 20.6538251834 66.5548134348 20.4684271434 20.1806200555 -9999.0 -9999.0 -9999.0 -9999.0 -9999.0 -9999.0 -9999.0 -9999.0 -9999.0 -9999.0 -9999.0 -9999.0 -9999.0 -9999.0 -9999.0 -9999.0 -9999.0 -9999.0 -9999.0 -9999.0 -9999.0
-9999.0 -9999.0 -9999.0 -9999.0 -9999.0 27.7670886142 80.5397358887 160.308229241 184.521164067 363.479685007 386.175129802 457.206176954 746.289739123 1178.84695419 1219.65465459 1238.4928148 34.697879465 2434.78009348 2470.9313949 2563.83201907 3176.54171843 417.388462714 381.941532207 136.852155741 18.3946334566 118.621255493 81.3029043693 17.1622930157 82.4464791294 18.7585998415 41.4541592467 107.6268063 127.086128799 39.3797988766 19.1435232136 19.1098516563 -9999.0 -9999.0 -9999.0 -9999.0 14.7626259604 13.075863088 -9999.0 -9999.0 -9999.0 -9999.0 -9999.0 -9999.0 -9999.0 -9999.0 -9999.0 -9999.0 -9999.0 -9999.0 -9999.0
-9999.0 -9999.0 -9999.0 -9999.0 -9999.0 26.9065743203 25.5558907738 105.397429593 130.0082682 155.41917571 24.133447218 47.8014975634 272.083233282 50.6845566694 22.4779198855 20.4081073338 18.3103789265 22.5239853142 22.144676439 19.9570263761 3194.63754607 3247.19035583 17.5085396863 53.8599753844 36.6359034378 136.023264273 34.888880635 16.6021653311 101.213924159 37.5088920832 92.768128431 220.414389535 204.285763077 58.0017219936 56.6274415085 19.5977081938 19.5904828923 -9999.0 -9999.0 19.7978667603 32.0737995066 72.4970575967 13.8051183215 -9999.0 -9999.0 -9999.0 -9999.0 -9999.0 -9999.0 -9999.0 -9999.0 -9999.0 -9999.0 -9999.0 -9999.0
-9999.0 -9999.0 -9999.0 -9999.0 -9999.0 -9999.0 27.4132782093 27.4057986719 52.2046448304 77.4071324173 175.920912705 224.411379282 250.266802779 28.0710674715 20.0333620685 268.791217928 328.643610125 347.338593984 425.445315629 443.508300871 17.8421822211 3265.1028583 3354.09313366 71.4863271212 17.4196628633 152.462976918 335.45957709 133.197039577 32.5368894469 16.6655321569 346.257103645 237.660519271 16.3684138826 16.2546324953 73.4645454743 57.1205757725 17.8770740931 16.4970846593 19.0937266453 38.5048964439 18.3143647106 88.1103997555 105.493290946 15.7755883881 -9999.0 -9999.0 -9999.0 -9999.0 18.5497678727 17.4232091873 5.7400617317 -9999.0 -9999.0 -9999.0 -9999.0
-9999.0 -9999.0 -9999.0 -9999.0 -9999.0 -9999.0 -9999.0 26.7594328661 24.2702945521 50.020737796 75.201383576 24.4438725668 24.7458157175 142.490272312 185.642628649 229.567988161 20.5828637653 40.4714271241 20.065186937 462.115623037 1005.96778298 1019.97941242 4406.69490669 17.2521983966 50.0193519923 15.9580868427 350.705362919 15.8199217977 49.4476875967 16.1648056721 362.233289517 378.171203312 32.8705286186 32.5562380616 184.794196761 93.1871274044 34.3694857268 17.740852196 38.0812681696 57.2457510788 92.6204360451 16.7697998051 136.55394103 151.346445154 13.5816580362 14.6624423718 15.1454938424 13.6319912213 12.997033654 50.2813688614 20.1626733872 12.3590803976 -9999.0 -9999.0 -9999.0
-9999.0 -9999.0 -9999.0 -9999.0 -9999.0 -9999.0 -9999.0 -9999.0 51.6530034815 74.7049643034 23.9932189846 48.7906901549 71.5719941493 120.119564389 23.0761482054 22.3651040685 19.4691819138 19.7014894277 17.9965392174 506.435072771 20.2044607563 39.463147938 4461.42796667 4496.9917516 15.05738909 80.2066080489 445.056226367 31.0704023094 63.3948293778 28.9663426752 42.6988661009 439.002031273 47.1532713893 263.002863087 216.634940633 16.7624540549 85.9155578751 34.8730418963 54.9311277029 16.6655299258 108.363080853 139.533940421 152.313213206 164.387933459 202.347302323 25.8085418897 27.1474102904 24.7002206576 23.3244683316 61.953256866 12.1756332878 45.0549343763 56.0928555142 -9999.0 -9999.0
-9999.0 -9999.0 -9999.0 -9999.0 -9999.0 -9999.0 -9999.0 -9999.0 25.7551395525 125.403805589 148.795348172 23.423525834 45.9059961903 22.4525471315 20.9771695985 20.6351320255 255.895847879 338.69738637 415.512065715 491.557381823 18.2378840817 19.659557807 19.3980470318 4580.20300939 4617.76818301 4632.26245935 585.756416772 124.338442001 108.663001801 12.7265519484 55.2966337262 507.695278272 13.1512929191 276.634681849 15.7439571587 113.242197219 103.680376625 16.8323326033 71.717414832 33.3189490305 49.7236333824 14.4596550661 11.8932869118 176.299576111 187.347902907 213.366388733 39.0554363797 36.0110714404 34.1945530013 74.9504993275 99.6590410814 12.3366005376 67.8401617343 13.2875311354 24.9556953771
-9999.0 -9999.0 -9999.0 -9999.0 -9999.0 -9999.0 -9999.0 -9999.0 -9999.0 26.0794228304 173.101186863 195.961830265 68.3439646174 112.909266435 154.719714118 175.666666513 21.433110294 63.4667109337 42.5743762683 21.8913682225 21.2498124749 19.331866521 37.8902277887 63.8093126608 20.2268176175 5253.69459495 5268.33874955 13.5278925424 10.3036159735 26.1695611338 39.0158947569 546.172380668 25.7755746774 288.047483164 170.993979592 142.365695975 15.5471284603 31.9595325409 86.5546420417 14.8193475143 64.2542183769 28.4022621041 21.0900300682 10.8660083891 219.758763206 442.190432802 47.3901604277 44.4823629439 43.9946463972 9.99385274065 109.557065668 9.6104293384 89.8925592561 11.2617682508 36.2332241906
-9999.0 -9999.0 -9999.0 -9999.0 -9999.0 -9999.0 -9999.0 -9999.0 -9999.0 -9999.0 22.711052541 241.622440973 22.286878997 44.2143136891 64.3863106028 104.290323204 20.3301097816 41.7651757701 20.8368275177 19.3875569393 18.4012170715 36.3099134602 16.0349586632 17.2455403382 33.4886653928 18.6943421947 5283.88332372 5311.36707388 5350.27169979 50.755082435 13.397314355 26.7254110156 560.18184254 524.644634655 200.239805545 14.4962158676 62.3868860552 47.0756423279 101.433044805 29.6081978818 121.686221314 42.5587188061 33.0934717141 10.6583773504 11.641989707 454.461318808 464.979936971 565.893419624 75.5825128603 20.8786398335 120.314832913 140.444788278 239.549790171 21.7388914575 10.2729952767
-9999.0 -9999.0 -9999.0 -9999.0 -9999.0 -9999.0 -9999.0 -9999.0 -9999.0 -9999.0 -9999.0 14.1849586939 273.341467614 23.1109147751 42.7166630987 185.952098315 19.8441382277 19.615778346 17.3059308488 37.8669637062 18.811098606 73.4721427348 105.340053258 119.579810825 46.0640604272 57.4748338317 13.4486713689 16.7883540676 15.2157772155 5428.3227109 5469.49120375 571.271588047 547.536574808 536.251938901 24.0610014254 11.4748209485 75.8164998918 204.486410033 115.26713583 43.2787605735 178.170835071 78.5303607364 65.9352687246 20.7806686156 8.84743355196 8.06738377201 7.95203064722 607.309582081 714.237034314 10.0430105275 8.63712162285 9.88266470153 249.312488745 280.380638421 18.3192515269
-9999.0 -9999.0 -9999.0 -9999.0 -9999.0 -9999.0 -9999.0 -9999.0 -9999.0 -9999.0 -9999.0 13.0935170414 304.165915748 369.567406955 19.7676491989 225.130047278 18.3208565088 17.4352009895 35.7419293931 92.3748889206 18.2978352828 19.1602812111 15.7738822074 150.365593929 164.686923091 237.816216518 264.166983552 277.980067855 290.893382254 303.576128319 5786.57599054 6383.69089803 6955.1559434 6965.18355768 10.3606282505 11.7531940034 231.454888286 218.059788169 13.6021160911 13.8344455113 194.365153279 286.405127452 11.7200867129 153.943954152 142.303993135 44.1421202384 19.4422010695 31.9333662816 12.0837849979 734.095952751 10.1769536403 28.057579551 35.5412485428 344.496795436 371.803463558
-9999.0 -9999.0 -9999.0 -9999.0 -9999.0 -9999.0 -9999.0 -9999.0 -9999.0 -9999.0 -9999.0 23.8772543374 45.3923797197 390.570657226 428.092896968 18.687302581 258.932104214 15.0156491787 47.7020778082 108.552627919 34.9935763545 16.6117008076 33.4911350676 12.9906688243 25.4449812764 13.2703707984 12.5961354568 12.1066860897 11.6364118925 10.3530546271 10.100527158 12.7482566291 14.5443720637 15.2315721525 7000.71411634 274.462219705 250.727198958 8.94354556053 38.6175147351 9.39293510879 10.4251474286 298.708270761 490.958622437 167.679833628 123.007409607 25.9399214435 10.7871374592 9.78795081239 19.2950241716 763.348398062 781.922928618 9.68590783011 9.8406771639 9.61450112776 9.19992347847
-9999.0 -9999.0 -9999.0 -9999.0 -9999.0 -9999.0 -9999.0 -9999.0 -9999.0 -9999.0 -9999.0 -9999.0 20.4925059243 276.559836409 724.600629832 784.776494108 1060.37138958 1075.52240809 239.35722674 177.384200013 51.9241922206 16.3582363939 65.4552249916 80.3861395417 119.39646162 27.2041863487 25.5204514203 25.2877987571 49.6963315329 22.8915855239 22.3879673946 12.0824137209 11.0380619727 9.67243761365 7011.31839314 7293.90009944 7307.42137785 9.31266938566 102.914607913 45.5115315 13.2323826273 532.475297137 29.5817786033 15.3021832949 65.2298345707 14.6485401369 11.0543798294 20.9498245145 29.3327093512 38.6423759739 797.689151944 7.45560032238 6.47876638016 6.48550982206 5.21486882046
-9999.0 -9999.0 -9999.0 -9999.0 -9999.0 -9999.0 -9999.0 -9999.0 -9999.0 -9999.0 -9999.0 22.3690016215 211.343587283 255.613301371 40.4588646225 14.2532722784 32.5342610983 1124.85541394 1138.67429696 1392.61766635 14.3381587334 30.543227332 13.0812049282 13.274335563 132.280753799 172.329405908 209.983079057 11.5221355242 61.1932997479 95.3496094477 56.2070415164 23.0849215782 20.9637610638 19.6383974358 19.3638776426 8.81209557312 7316.30129928 7323.59725626 7441.51491441 20.3375133133 11.0929917919 543.00906713 31.0208153396 15.8464897164 17.4646465327 17.3462759794 15.1311987994 27.2883713409 76.0023750417 124.52548938 929.740484815 5.56970083947 16.7992985746 11.4107238951 9.63651665263
-9999.0 -9999.0 -9999.0 -9999.0 -9999.0 -9999.0 -9999.0 -9999.0 -9999.0 -9999.0 -9999.0 22.9060966529 146.718031693 22.7007440977 19.7015565014 103.731505327 121.128096081 138.494944716 154.414623274 1871.85845239 1888.09205772 1919.6133463 2134.98210296 2175.41922154 2199.05793207 2212.27131657 2453.72261636 2489.98116866 2503.02488924 2611.60345816 2680.56831367 2691.58162141 2734.59048736 30.0783110108 29.3883898292 7.39282600727 6.90302320243 7331.63420386 7478.04066765 29.0303272887 621.575620869 611.65456791 58.0618005616 13.8107035792 14.2506852635 13.6614334231 13.6674522637 27.5366749829 38.9658460865 11.0319773022 936.890174934 944.488092845 979.162457967 985.346481412 1000.69539256
-9999.0 -9999.0 -9999.0 -9999.0 -9999.0 -9999.0 -9999.0 -9999.0 -9999.0 -9999.0 -9999.0 75.7626536581 99.997386866 45.9157612162 67.4047177039 21.2112488422 238.409229634 256.423415647 291.840275097 308.673119856 116.295785217 2060.58292969 2076.04546921 13.4487683816 10.4403322551 10.6256683037 21.7310850533 12.3567576108 9.9136568041 9.62997994168 9.37067871007 2703.33732672 2746.16278914 2786.85089063 2825.33641641 2850.50325363 12.1101757807 3.76906707646 8123.38538559 638.488925989 631.9727195 11.6522931647 10.7831029988 9.74010765213 24.2995676502 23.7359734294 10.7418851372 11.0225541831 9.70803068791 20.4890631817 26.8644798177 5.49625457587 10.0343430361 3.6527618884 3.30437726284
-9999.0 -9999.0 -9999.0 -9999.0 -9999.0 -9999.0 -9999.0 -9999.0 -9999.0 -9999.0 -9999.0 -9999.0 51.1753336941 23.7877706124 21.6644553951 202.005183701 220.821707058 18.7586664949 71.5484092091 88.350112377 103.514402086 16.8099357279 11.9748199246 299.56324779 309.607966429 319.48977288 816.474312695 825.370008146 843.780438008 929.987370655 982.158188704 990.361672246 9.32258340081 9.77814591408 8.23964261037 2861.48702874 4.74169793921 8219.30835928 8210.69224202 81.0389514161 72.8861989015 44.067022473 11.0773756767 19.4132945313 34.3153856138 33.8939118268 20.7625085633 10.532318461 20.093819324 19.5860022419 35.2744683581 6.3208066457 16.8351341453 26.4038110969 33.5834997021
-9999.0 -9999.0 -9999.0 -9999.0 -9999.0 -9999.0 -9999.0 -9999.0 -9999.0 -9999.0 -9999.0 -9999.0 26.4019636352 72.6308533197 94.400520129 159.63956386 18.5236767276 37.7627201176 55.2345619869 218.178788458 233.699164246 249.572716814 262.768440638 277.029331966 420.520299519 463.008597859 488.581977995 11.357576803 67.0099270794 78.5123106261 956.451025161 1000.33161396 1021.78818882 1044.03370796 1060.25387002 3927.10963624 7.80797661267 8248.471923 15.1699879806 7.72795825435 62.3293044671 53.0423278724 8.2286384382 28.1939993499 43.182522718 42.2473575581 28.4795264871 46.8190835922 73.8697099716 27.4225515279 69.8381811456 5.91317722351 11.1110658522 2.86041074415 2.23004511188
