data/baseflow/mHMbf_acc419.asc
ncols                  80
nrows                 72
xllcorner      4374000.0
yllcorner      5656000.0
cellsize            500
NODATA_value       -9999
[rows 24 to 47 of 72, columns 0 to 54 of 80]
-9999.0 -9999.0 -9999.0 -9999.0 -9999.0 -9999.0 -9999.0 -9999.0 -9999.0 -9999.0 -9999.0 -9999.0 22.0090558526 59.4960574049 77.2262963991 129.365038604 13.706649147 28.398578974 41.5044786269 171.333059862 182.619800343 193.746718295 202.243908466 211.033639528 313.409055178 338.024405189 351.479658281 6.16323750679 30.2705500332 36.3225370092 656.579484859 679.193730936 691.260897948 704.062258335 711.241846884 2679.59085958 2.32670476649 4643.57837245 3.71985143923 2.1485494566 29.3749307201 25.2635807687 4.0397262243 12.5683255426 19.2009269454 18.5324044601 13.0313053739 21.4219579213 33.8180797198 12.9470297979 30.9273770395 2.92404235537 5.53075228318 0.728278402303 0.533302981075
-9999.0 -9999.0 -9999.0 -9999.0 -9999.0 -9999.0 -9999.0 -9999.0 -9999.0 -9999.0 -9999.0 -9999.0 20.1006500729 39.681765739 18.0807942051 35.6020045187 14.3436499583 118.616444199 145.217012738 158.79529534 11.9807011547 23.6003332717 242.886162901 297.84258979 306.732292812 17.215593113 13.9027800368 20.3243063521 5.07046954833 4.47458002903 8.17426933874 3.01251003627 375.302714773 378.650025299 379.774512239 2683.43156459 4661.27449125 4644.75755699 3.34631902622 2.01680701901 1.80378319733 8.46964403074 6.94638934931 16.7419236121 23.1544889728 46.0491652457 4.31115805604 4.275017221 37.5125200234 41.3849268663 78.6748708431 80.2035873704 86.4716908789 87.7987264467 1.10028196712
-9999.0 -9999.0 -9999.0 -9999.0 -9999.0 -9999.0 -9999.0 -9999.0 -9999.0 -9999.0 -9999.0 -9999.0 -9999.0 18.6551626331 37.4902833141 56.6231846015 87.8264623863 16.2926557147 13.9503013928 102.408991059 114.716410626 220.20034976 233.1108965 36.4351911077 9.99499531848 8.16965098093 6.76230362156 351.510185504 356.141607798 361.282467869 365.388032324 372.0646744 44.7858553909 46.5243167152 427.400217939 7774.07975804 12.9844256919 9.45642357106 5.14597245521 1.53852909484 1.40316496342 11.7915095096 12.7476065452 19.423721645 1.42511582016 48.1046411558 7.4088550516 7.30376359373 1.36393162974 0.775468600405 0.619351005614 0.526836587564 0.615612880345 88.7776274256 1059.66874335
-9999.0 -9999.0 -9999.0 -9999.0 -9999.0 -9999.0 -9999.0 -9999.0 -9999.0 -9999.0 -9999.0 -9999.0 -9999.0 -9999.0 17.78439617 33.3738002927 47.3881188083 61.0762925874 74.7806179712 89.112082019 40.7537305808 68.7622986704 12.4004540874 11.3101300497 308.134106066 328.62512606 337.313847791 346.050074573 5.49982743616 9.82970240234 29.3980885441 35.4388755213 40.8944787827 2.39062639881 1.68451602052 7782.11343538 3.26506655292 3.06177781699 1.51122118031 6.70005212171 3.30228216722 1.25765837355 33.3303438103 34.4369790051 0.662264294808 48.8744425746 57.002069206 8.24891799217 1093.14727419 1091.27471056 1089.87360985 1087.62554453 1086.76218341 1068.1284664 1067.23322629
-9999.0 -9999.0 -9999.0 -9999.0 -9999.0 -9999.0 -9999.0 -9999.0 -9999.0 -9999.0 -9999.0 -9999.0 -9999.0 -9999.0 4.66677198123 10.1614275707 14.3368792827 151.251850641 165.434256334 14.6204918486 13.7434788663 14.0589695216 261.71582049 287.665313381 11.9029437434 11.8121810069 8.35002586682 35.9630836872 44.5525804631 18.1828195591 25.0883573848 226.762769127 232.654859576 240.074512103 369.234008297 8153.72549849 3.15517911223 1.19753001448 10.4115284945 8.68383017796 1.14877261395 3.61048987655 4.67137709153 35.5292434815 36.4022944413 95.5871103141 57.8394151142 10.124816768 1113.78096119 5.9597155591 1088.74494947 1088.22786378 17.6521410833 1.55586199406 6.01873607301
-9999.0 -9999.0 -9999.0 -9999.0 -9999.0 -9999.0 -9999.0 -9999.0 -9999.0 -9999.0 -9999.0 -9999.0 -9999.0 -9999.0 23.136389286 38.3858847867 76.9732045817 136.698348308 179.252077248 209.636953942 222.981599599 237.08561277 250.224266693 12.5185975151 10.3956273771 20.2747515528 17.7355864531 9.74785394446 198.578768315 206.849891676 214.092227839 221.076870595 118.942782613 122.424429336 126.601014135 8155.69002495 6.20295466306 2.75177584644 15.1026249771 2.06928431579 2.52900250966 1.44977607385 0.974009843983 5.7794610515 0.688825539271 0.724258275516 1212.71892274 1116.74777285 1116.14806885 2.61791156602 5.30576136132 3.22726449743 0.594858445588 14.8656693888 3.80534145794
-9999.0 -9999.0 -9999.0 -9999.0 -9999.0 -9999.0 -9999.0 -9999.0 -9999.0 -9999.0 -9999.0 -9999.0 -9999.0 -9999.0 15.968153108 15.5824327532 30.8681816776 45.7824684041 16.2517700164 18.1976933633 33.2037929768 47.7134535821 73.9905651108 86.6611315308 96.3741887356 127.067269608 135.838998568 146.281684519 8.59178533042 91.9854958659 99.1191902472 106.629051623 6.70310756266 6.36790873229 9.56220435196 8298.23430986 8299.97591906 8309.17458166 21.2865452411 4.39040904109 3.62130044814 0.856564625212 1.70500700135 6.580076399 7.88402856401 1.29388657571 1215.7952152 1.06282874672 1.32181981861 1.39779190525 1.18937095115 2.06803215776 0.856419567231 10.4868941679 8.34695143484
-9999.0 -9999.0 -9999.0 -9999.0 -9999.0 -9999.0 -9999.0 -9999.0 -9999.0 -9999.0 -9999.0 -9999.0 -9999.0 -9999.0 -9999.0 15.2672007304 29.7995541281 13.5186199841 27.4442102844 170.432596264 182.720235858 195.96290615 12.9891484797 12.9039820456 22.5714640326 33.1743777619 49.9754708865 59.1990605529 67.0854149325 75.1702228095 6.38383175936 6.18913658835 119.370618176 125.628194979 128.339018118 130.945754519 112.70196119 8432.24241586 8466.23636719 8467.63974947 8472.32355257 8477.71591708 8479.37382048 0.555767312398 8.4571369147 1216.15291375 1.01198776312 0.518033088284 0.915411517502 1.04856128377 1.69711330037 1.2446604246 0.73390082024 1.21150755567 1.06423457038
-9999.0 -9999.0 -9999.0 -9999.0 -9999.0 -9999.0 -9999.0 -9999.0 -9999.0 -9999.0 -9999.0 -9999.0 -9999.0 -9999.0 -9999.0 -9999.0 44.1931367688 58.0670075676 100.042162792 129.350556087 14.6420344501 226.358267531 238.832963966 249.955024937 10.1650516581 19.9045027833 7.9773979935 65.6530731982 73.0406838313 81.358208927 88.4521613614 108.071599652 113.801348509 3.69448493264 102.465935372 107.801502284 110.382481942 121.249397021 11.1310572197 6.07813383197 3.0343930059 3.00116214449 8480.93992658 8481.06041655 8493.88287691 1216.43614478 3.46866223742 2.07677319476 1.45080376496 0.416132359681 4.32658168849 2.0916368562 0.633269591758 3.5244747145 3.00248724156
-9999.0 -9999.0 -9999.0 -9999.0 -9999.0 -9999.0 -9999.0 -9999.0 -9999.0 -9999.0 -9999.0 -9999.0 -9999.0 -9999.0 -9999.0 -9999.0 14.6389007102 72.3936874842 86.9347632359 15.1386421424 14.2791403584 29.9874420603 43.2774724233 304.641797513 10.0445363206 40.6289208382 49.0236532023 57.359765502 7.38887409927 15.2076201886 21.5238252327 79.8757756267 90.2795080913 93.4191006209 2.85031001259 2.63433521235 3.11979776412 5.86153894541 2.51459434289 2.54300387345 2.15639422158 2.7500810841 2.17263456073 4.47592048633 8494.08533749 9711.66169797 4.17753800796 1.42544718348 0.448860756651 12.7984682424 11.8725361155 6.83858030709 6.09892608969 4.48711341766 1.1434122748
-9999.0 -9999.0 -9999.0 -9999.0 -9999.0 -9999.0 -9999.0 -9999.0 -9999.0 -9999.0 -9999.0 -9999.0 -9999.0 -9999.0 -9999.0 13.6407770422 41.2765647754 13.1851503444 15.0179850104 15.4834375912 29.8776026363 44.4108273056 56.0487050271 371.707973901 381.128593805 9.80151531282 18.1537516266 26.6680967234 34.6875764727 42.4849110663 70.9156900252 76.0587045969 6.52270442 4.32690225798 3.27169851619 1.84695550622 2.34425082213 2.84610496605 2.61462292697 4.65031354031 7.78460351558 4.00969329315 1.14264650914 1.14611618628 0.68286504513 1.2394340448 9771.98218887 55.3141637251 17.1424718181 3.0718418224 1.68639817282 0.696853952215 1.92788150369 1.13714062363 0.536351543688
-9999.0 -9999.0 -9999.0 -9999.0 -9999.0 -9999.0 -9999.0 -9999.0 -9999.0 -9999.0 -9999.0 -9999.0 -9999.0 -9999.0 14.5052305733 27.701377595 95.422598897 12.5886471967 27.8989621266 42.6504048883 55.8897601634 14.1076532502 25.5121547342 36.6338957306 427.546038708 9.04609811329 16.6463980841 24.8959395635 7.8521472097 15.5841005552 21.9987515256 26.6003939314 693.237112509 700.102841652 705.390343789 723.664795649 730.921175358 743.858642643 3.22773194932 8.8334807311 8.89413980421 777.924476668 779.649657157 1.02392109321 1.47007518697 1.90593352964 9772.42836341 52.1739309617 30.5937137231 28.3496650491 19.7028311785 15.3731726698 2.51153184334 0.686474392881 1.05358854637
-9999.0 -9999.0 -9999.0 -9999.0 -9999.0 -9999.0 -9999.0 -9999.0 -9999.0 -9999.0 -9999.0 -9999.0 -9999.0 -9999.0 14.6073834994 44.2284973757 154.059995885 228.593875662 11.4698569341 294.895498802 362.409656555 12.6951560935 23.7890740046 34.7484742887 526.374394635 534.58931544 5.52402180777 36.2677991074 41.7635553974 48.2377938092 644.521301451 657.350109661 663.01114166 2.60518729449 14.0701345977 16.5095781569 5.55630447327 7.35567644884 754.565942227 766.247614815 767.405214915 768.46409331 780.742266368 0.555544165503 0.476896447732 2.80881892322 9772.70709862 1.95051498546 2.2301768854 6.77264828768 2.61301460366 13.0765838665 10.0613321586 6.21221834275 4.02758808017
-9999.0 -9999.0 -9999.0 -9999.0 -9999.0 -9999.0 -9999.0 -9999.0 -9999.0 -9999.0 -9999.0 -9999.0 -9999.0 -9999.0 -9999.0 -9999.0 30.5008097501 61.2534408229 269.614863647 283.733373594 374.930230632 386.849367139 12.1780660205 24.372216476 54.2767689109 543.424541041 555.609561499 559.87506172 3.27798868489 576.258860557 590.058429793 7.91102114111 2.65452233912 4.95415521233 9.4956960538 2.24383666127 4.09494342063 8.2191510809 9.77600566946 1.87647915133 1.13464550524 2.11513642215 790.617879517 793.691888745 794.045693779 798.131388283 9772.77740479 1.91090956244 1.49604350432 1.85849701255 1.77171624816 1.82585247868 1.54043121426 2.86181974027 0.912791079137
-9999.0 -9999.0 -9999.0 -9999.0 -9999.0 -9999.0 -9999.0 -9999.0 -9999.0 -9999.0 -9999.0 -9999.0 -9999.0 -9999.0 -9999.0 -9999.0 15.8404738363 15.506188083 14.7575175419 27.3806676931 11.805145866 410.56722944 421.324161148 10.4787581432 20.651135734 8.06575499767 5.76838896919 5.47063836064 569.429529768 4.82128928114 9.8819517378 3.93718830636 2.71901288048 2.31141154196 1.61037256805 1.69840905875 5.11063042708 7.06216655726 1.24087854341 1.09256140556 2.37214937358 4.05552085975 6.37681223935 2.09081066671 794.861664429 798.501885403 9772.72799268 7.48434316076 3.27049754053 1.02939681161 2.58799914682 0.836800659354 0.645934666984 3.56605948443 4.08875724837
-9999.0 -9999.0 -9999.0 -9999.0 -9999.0 -9999.0 -9999.0 -9999.0 -9999.0 -9999.0 -9999.0 -9999.0 -9999.0 -9999.0 -9999.0 -9999.0 -9999.0 -9999.0 15.2913972962 41.2101848904 53.0450135825 64.7358103947 432.734181805 444.198584072 454.607355591 463.628804996 468.85500469 479.989849408 484.095691688 488.666137656 491.664192973 2.38908811876 2.10622238992 2.23156161611 7.37272753224 1.96909977754 1.77816731988 1.29982647254 3.696900281 1.55080123486 1.0995927917 1.00224587063 0.847474710615 1.69034051731 2.37795768212 803.07079111 10583.0440917 2.2359795216 3.20985804914 0.802675757524 3.46671901656 1.77316119275 1.29739002479 11.0444167123 7.00952103129
-9999.0 -9999.0 -9999.0 -9999.0 -9999.0 -9999.0 -9999.0 -9999.0 -9999.0 -9999.0 -9999.0 -9999.0 -9999.0 -9999.0 -9999.0 -9999.0 -9999.0 -9999.0 -9999.0 12.9030725587 100.886619565 192.764140069 204.058764301 12.7261537322 23.02001141 33.1910733355 40.3653805166 92.9313563663 95.671257391 2.61768833114 2.45352272577 496.577040204 500.644978495 502.475311991 8.5762529144 1.0023383475 2.55382908458 3.7585228198 11.4675644271 14.2859506817 16.3418539375 1.84935082391 2.51189586409 0.821517436559 1.61073718491 0.825890731429 10583.555399 1.51818479871 6.48135144662 1.673242709 5.39951466239 14.2568013309 16.2399241774 28.1328661808 6.1002477363
-9999.0 -9999.0 -9999.0 -9999.0 -9999.0 -9999.0 -9999.0 -9999.0 -9999.0 -9999.0 -9999.0 -9999.0 -9999.0 -9999.0 -9999.0 -9999.0 -9999.0 -9999.0 14.2070408169 45.0968701172 88.294794386 115.437615495 286.147991356 298.002908548 21.3703638588 31.9426572747 40.7146099133 47.5314318093 99.2073785867 104.779187186 191.986766116 200.556902471 202.796228169 504.130503531 516.388780721 2.49334700478 1.71317662741 1.58850070028 2.94428487221 1.33393759582 18.9954207801 19.9483330954 3.27795314992 4.8341157009 1.0500446803 2525.89888125 2527.42055139 13110.7377522 13118.0694761 2.01488060585 9.73251208504 2.43481414349 1.42271506267 30.0216200436 36.5956618205
-9999.0 -9999.0 -9999.0 -9999.0 -9999.0 -9999.0 -9999.0 -9999.0 -9999.0 -9999.0 -9999.0 -9999.0 -9999.0 -9999.0 -9999.0 -9999.0 -9999.0 -9999.0 -9999.0 16.0437854262 15.5181129862 29.3926252081 69.7259310571 310.446894672 11.0336945027 10.8722335274 19.0076648077 27.9254742 68.8801495477 74.4862474442 6.77198767434 5.66391217725 205.570507725 207.177447453 725.436502698 727.037476422 0.770491956311 0.669833001221 0.532091769579 0.537494962999 0.610765243625 2505.87122129 2511.5602371 2518.13313741 2520.92131447 2524.74905433 0.914561468792 3.26043973477 3.69571661463 13122.3247502 13122.1048407 13122.5987823 13122.7644784 13123.0230824 37.2584683113
-9999.0 -9999.0 -9999.0 -9999.0 -9999.0 -9999.0 -9999.0 -9999.0 -9999.0 -9999.0 -9999.0 -9999.0 -9999.0 -9999.0 -9999.0 -9999.0 -9999.0 -9999.0 -9999.0 -9999.0 14.2866066325 14.9173909515 27.6615808589 364.216947482 375.029296283 10.5659445272 18.6598460926 27.8276284939 36.1774035504 7.58471843806 12.6917545326 743.416288791 745.363803487 748.884897387 770.202221029 1499.89083308 2470.00112354 2471.94063512 2473.56583659 2475.12551987 2482.69895881 2485.16209724 4.77184521883 2.08527765462 1.30972288863 2.42127605881 1.61001216541 2.60827744385 0.778453366989 18.4081853654 21.4812647983 24.8545965965 25.0321586856 13122.3412803 13159.2910227
-9999.0 -9999.0 -9999.0 -9999.0 -9999.0 -9999.0 -9999.0 -9999.0 -9999.0 -9999.0 -9999.0 -9999.0 -9999.0 -9999.0 -9999.0 -9999.0 -9999.0 -9999.0 -9999.0 -9999.0 -9999.0 14.4908057919 27.7124814996 41.0042309217 385.892534494 8.69086272012 511.355058675 520.652645005 528.31771155 534.265187157 720.561338654 725.969865533 2.12975826524 15.4449511883 18.1277131785 1.97286379253 968.290466789 964.818644726 0.924027646151 2.2602598694 6.21111916694 1.41729379464 1.50151681008 1.04241878016 0.836542798452 0.617348698431 0.736710875522 16.1279731552 16.8953279216 17.865431007 2.58289356235 2.8142532245 26.7022997906 27.0420750147 27.1633396129
-9999.0 -9999.0 -9999.0 -9999.0 -9999.0 -9999.0 -9999.0 -9999.0 -9999.0 -9999.0 -9999.0 -9999.0 -9999.0 -9999.0 -9999.0 -9999.0 -9999.0 -9999.0 -9999.0 -9999.0 -9999.0 13.3008461016 12.416669057 64.1316077104 473.89212665 494.224839892 503.34373742 7.41184189663 166.554495931 174.87083308 180.643938601 5.32129470469 7.68944429781 9.55522572675 222.844244725 224.339622762 225.541568522 962.845920385 605.225283939 1.25314558727 1.35586881284 1.27825151748 0.914812787105 9.84374933376 11.8057287628 13.4828793004 14.4225278465 15.3176979669 162.331543142 162.917296979 164.203494606 167.47756736 175.379825662 175.545323687 202.863822872
-9999.0 -9999.0 -9999.0 -9999.0 -9999.0 -9999.0 -9999.0 -9999.0 -9999.0 -9999.0 -9999.0 -9999.0 -9999.0 -9999.0 -9999.0 -9999.0 -9999.0 -9999.0 -9999.0 -9999.0 -9999.0 -9999.0 25.8926209814 39.3252524681 11.9875896382 10.7505088512 141.736793021 149.229112846 153.775096869 44.6346876642 49.594695402 54.4082543286 56.7254542143 219.4389697 221.706180353 128.170207994 355.211681716 356.564277231 604.322867126 2.60427038463 1.33595901849 0.855684741493 6.87110945995 8.03647579319 0.631503402364 0.586332362681 159.60119113 161.103750932 161.813140289 1.44273848249 2.29373405933 174.466509856 0.473928915897 1.31159173157 1.4369302133
-9999.0 -9999.0 -9999.0 -9999.0 -9999.0 -9999.0 -9999.0 -9999.0 -9999.0 -9999.0 -9999.0 -9999.0 -9999.0 -9999.0 -9999.0 -9999.0 -9999.0 -9999.0 -9999.0 -9999.0 -9999.0 -9999.0 12.8996381089 25.4965292684 101.313752326 113.102118239 122.205750994 34.3601592944 39.6176805561 5.3392281207 152.665131038 157.022752125 160.576554444 2.55501038634 124.048105154 126.450038977 1.53922491474 597.423382198 3.11982399243 1.5803141204 3.79369067187 5.13507561869 0.907434709859 0.704521661553 151.881691663 158.301266203 159.195438004 0.969220064815 1.91244432877 2.41674018297 2.9547997589 5.89768000023 0.485285057512 1.08345739688 0.205555910888
