data/baseflow/mHMbf_acc365.asc
ncols                  80
nrows                 72
xllcorner      4374000.0
yllcorner      5656000.0
cellsize            500
NODATA_value       -9999
[rows 25 to 49 of 72, columns 0 to 54 of 80]
-9999.0 -9999.0 -9999.0 -9999.0 -9999.0 -9999.0 -9999.0 -9999.0 -9999.0 -9999.0 -9999.0 -9999.0 26.4058539812 52.4940252957 24.9537601633 50.2758379553 22.7386253655 171.392659054 215.446811625 238.027050429 20.838528122 39.9077433104 390.609725452 482.493073982 497.829496963 37.4391397754 35.539089761 51.0883091631 11.3641648628 10.4653062724 19.7197266619 8.76957834801 596.668985427 605.999198603 614.463472394 4544.9854201 9361.11858173 9303.8501714 14.1106196473 6.2278209526 5.4250517698 20.9998456919 15.8980817137 45.7002336314 64.9786317284 130.982553967 10.4573572796 10.3637174824 100.042259684 108.780464247 205.721829094 211.164098629 222.485531864 226.498740771 3.26041043615
-9999.0 -9999.0 -9999.0 -9999.0 -9999.0 -9999.0 -9999.0 -9999.0 -9999.0 -9999.0 -9999.0 -9999.0 -9999.0 25.1868989052 50.8289779557 76.6771483546 124.197303559 24.6622465646 22.7901218407 156.467503449 177.453444785 353.616975851 374.862752252 58.8384280859 20.481434974 19.0315429146 17.2220582991 536.270410042 548.609939543 560.228748182 569.940948752 588.017121563 100.817716486 109.941722578 732.115390321 14642.0274242 48.1464669898 40.9120115873 20.940608994 5.21672320982 4.3750618419 31.6622867078 35.1089265945 53.8533802213 3.92149970845 135.84773427 16.4468655612 16.026201852 3.05135859454 2.14301200948 1.82151282644 2.05500319756 1.77884606219 228.611177551 2932.69631308
-9999.0 -9999.0 -9999.0 -9999.0 -9999.0 -9999.0 -9999.0 -9999.0 -9999.0 -9999.0 -9999.0 -9999.0 -9999.0 -9999.0 24.9690903295 47.4320547294 67.7204321609 88.2628180423 111.098866698 134.509669295 68.7563896397 114.479369426 21.1009865859 20.4986017469 441.99312742 482.075710442 500.861853781 520.879480486 14.8881322463 27.1097312573 68.9547389067 81.1716245897 91.686446164 10.7097237225 7.98711119776 14663.3598609 7.44285930511 11.6323357048 5.53339258135 19.3179149696 9.0709939934 4.82630696762 93.8363296791 97.8147086369 2.83817540704 139.071853031 157.909011876 18.4939376992 3021.83984575 3016.75415603 3012.24789391 3003.28266423 2999.37178862 2941.93594367 2939.27243606
-9999.0 -9999.0 -9999.0 -9999.0 -9999.0 -9999.0 -9999.0 -9999.0 -9999.0 -9999.0 -9999.0 -9999.0 -9999.0 -9999.0 4.86597712929 11.2838945499 20.3280289708 178.245108551 201.843556361 23.9208960033 23.2698820989 23.0398462436 357.748619089 401.859516219 21.3673251511 21.6382566182 17.719872749 72.4893663409 89.8636423675 45.2069589662 56.1926809267 414.338445938 426.976449744 450.781535878 708.775423305 15376.6302726 7.13898871122 4.5317834188 28.4667251145 23.8168775716 4.01096967502 13.1536546216 17.0310004379 102.214562778 105.614477847 271.216079621 159.932979513 20.1668368005 3083.49531846 27.4822053179 3008.27412087 3005.94305468 53.9785986606 3.71848923428 3.91434516845
-9999.0 -9999.0 -9999.0 -9999.0 -9999.0 -9999.0 -9999.0 -9999.0 -9999.0 -9999.0 -9999.0 -9999.0 -9999.0 -9999.0 25.5521607999 41.5659141184 88.3459443505 155.048569616 220.468724842 267.859777834 291.008484816 314.496536581 337.172228097 21.5830539721 19.7400324644 38.6360889145 36.428134432 18.6586487776 362.145308877 379.026482454 394.537209603 409.061663742 224.881447815 237.101489108 248.887263273 15380.4435357 12.2205416063 12.510616533 43.8866023944 4.05438379079 8.06060686801 4.22237031152 3.55693665238 20.6202459761 2.64611311326 2.84597536258 3370.53704414 3097.31891175 3094.56163952 12.1070778111 25.4874839585 16.109600758 3.53731406326 47.2552464007 12.554325279
-9999.0 -9999.0 -9999.0 -9999.0 -9999.0 -9999.0 -9999.0 -9999.0 -9999.0 -9999.0 -9999.0 -9999.0 -9999.0 -9999.0 18.0036674342 16.7887452044 32.7700973099 50.1485856142 24.4402736902 26.0455302956 49.9527041536 73.3932466151 117.547578715 139.665556969 159.600578407 218.73991965 236.967421877 256.287862367 17.1771868877 174.935613047 189.407471469 202.83338242 10.6468733939 4.01216828486 7.18785747802 15620.1422069 15623.6712106 15643.086902 54.6491713316 7.92340747306 12.4157941375 3.38212684979 6.21038924864 23.4270895236 28.3449256343 5.05667750474 3383.45172372 4.29080433708 6.80003063619 7.5554619645 5.55321787996 9.73432051467 3.92619962314 31.6535220509 23.6612702951
-9999.0 -9999.0 -9999.0 -9999.0 -9999.0 -9999.0 -9999.0 -9999.0 -9999.0 -9999.0 -9999.0 -9999.0 -9999.0 -9999.0 -9999.0 15.9605195969 31.6275223494 15.7614886014 32.8984364104 206.354647003 227.976067314 250.752450829 22.137241517 22.1975531487 42.1117244699 62.2241471627 97.7432841142 116.017669613 125.098192482 141.258922992 13.3447212854 12.2246007582 216.161197894 220.61157351 224.466512547 228.573914211 177.60122658 15837.2585499 15916.4878319 15919.3536508 15934.1258627 15948.8303666 15957.6696205 2.58144375075 30.6145702152 3385.82287911 5.87399453305 3.03591140221 3.26287957924 3.02794268003 5.12813786687 4.68840164549 2.78237346445 4.36858997137 3.84772234079
-9999.0 -9999.0 -9999.0 -9999.0 -9999.0 -9999.0 -9999.0 -9999.0 -9999.0 -9999.0 -9999.0 -9999.0 -9999.0 -9999.0 -9999.0 -9999.0 47.0917570226 64.2899040147 114.853786755 154.677503398 21.9691771563 297.764696334 319.475344918 340.393557422 20.466374176 40.2621901573 17.7558052353 133.583238409 141.501127702 155.450561143 170.131241289 203.805483045 208.236546091 2.69598965085 161.507891779 169.72960543 173.804566754 190.445971576 21.1100314916 13.5235298331 8.32664684078 7.80906462863 15966.8995705 15970.9457032 16021.6304055 3388.13105866 15.7035273684 7.87746175074 5.26662922675 1.5551699159 15.042155588 7.90797870985 2.41170046484 13.2943421019 11.3295193896
-9999.0 -9999.0 -9999.0 -9999.0 -9999.0 -9999.0 -9999.0 -9999.0 -9999.0 -9999.0 -9999.0 -9999.0 -9999.0 -9999.0 -9999.0 -9999.0 17.270320604 81.0381234557 98.7614171297 23.0564744785 23.6251969752 47.5999192995 69.7309763501 431.617019402 20.3041098533 81.5539094292 99.9218481525 117.927893454 8.44347754823 21.0749738478 27.1994448273 132.525712088 146.866680294 150.627410316 4.24374427277 3.97774761973 4.66524390417 8.60358685111 3.53254781052 3.66468202626 6.56107349907 5.00393179707 6.39755469244 17.6513607606 16026.1121754 19424.9361291 19.4016485567 3.26726270839 1.57950848693 46.6421873486 43.1759954422 25.5438039704 22.8860875429 16.9424367338 4.16343455651
-9999.0 -9999.0 -9999.0 -9999.0 -9999.0 -9999.0 -9999.0 -9999.0 -9999.0 -9999.0 -9999.0 -9999.0 -9999.0 -9999.0 -9999.0 14.5811354535 47.9318208468 15.9701636749 25.2646777803 25.7058029602 49.5955375378 73.0122575224 93.6562644162 542.405091717 561.867216633 19.9445374323 38.2132050329 56.6627959749 67.8920833726 81.1841400622 117.816195265 128.209677694 9.2720973543 6.54124696166 5.19050376825 7.7676737894 6.9580318151 7.23283525172 5.70483511004 6.74087506287 23.3922128418 10.8625618409 4.38881245174 4.17904415671 3.92206952656 7.22211687393 19566.1678817 119.160288536 55.3157542639 4.7015509855 2.04320642585 1.64100380677 5.82607870325 4.00160903569 2.01927873017
-9999.0 -9999.0 -9999.0 -9999.0 -9999.0 -9999.0 -9999.0 -9999.0 -9999.0 -9999.0 -9999.0 -9999.0 -9999.0 -9999.0 15.4335374026 29.585902346 107.766118935 15.3531181804 47.3315530869 72.4830105663 96.0024187453 24.1730342015 45.6169149017 65.471589997 643.477070283 19.008790898 36.260602485 53.7726753795 15.4518138572 30.5246524657 39.0805157315 48.7611182435 1205.35289617 1219.82929928 1232.56049191 1296.26890317 1317.39479604 1363.7310351 10.0955312454 22.7610458379 28.7945916709 1494.96208389 1503.10652294 3.7834019337 6.45071055679 8.99464766141 19569.4095076 113.360170895 51.8317159197 49.329293245 39.4254991579 34.6940486843 7.73526050887 1.89888288246 3.52011967545
-9999.0 -9999.0 -9999.0 -9999.0 -9999.0 -9999.0 -9999.0 -9999.0 -9999.0 -9999.0 -9999.0 -9999.0 -9999.0 -9999.0 15.5351444146 47.114494055 170.314215536 250.44059365 13.9653197338 330.246217955 443.253021602 22.7718379719 43.9348374954 64.4677732574 826.191660645 842.772631957 15.8901766329 85.8065000238 100.132154785 112.42600289 1103.67444684 1132.29286806 1149.051709 8.07595164116 45.5248166882 53.9604819872 23.6106385566 33.9449201421 1409.88507819 1446.84117939 1454.60702152 1461.94139688 1510.92007878 3.7961491765 3.09101436451 14.526227931 19572.4358568 3.70599455208 2.71030345313 7.87174587572 2.91576824102 31.2558068868 26.2192275383 15.488427164 10.9780676341
-9999.0 -9999.0 -9999.0 -9999.0 -9999.0 -9999.0 -9999.0 -9999.0 -9999.0 -9999.0 -9999.0 -9999.0 -9999.0 -9999.0 -9999.0 -9999.0 32.7071221195 65.6198483085 297.189922614 313.91987897 458.093596981 475.219218861 22.3092657277 44.6060232525 104.17986979 857.683977427 890.288582737 904.113997584 11.1268693511 952.486701604 981.827251311 18.6859236046 8.17750773366 15.8029945459 30.6820577745 7.28996128203 14.4867160645 31.5391691519 39.3058515812 7.1214337611 4.55657384359 9.06544972722 1543.03395328 1552.60252315 1555.16886881 1576.88725286 19575.0200156 2.20501779092 1.58334214509 2.01221755287 1.78823402775 1.86589016872 1.39271911895 2.48547303289 1.49642823444
-9999.0 -9999.0 -9999.0 -9999.0 -9999.0 -9999.0 -9999.0 -9999.0 -9999.0 -9999.0 -9999.0 -9999.0 -9999.0 -9999.0 -9999.0 -9999.0 17.0229767349 16.7071414133 16.6352728466 34.4721007857 15.2022487457 505.381609352 521.109352053 20.475920485 40.6149072378 19.3393755243 16.1662769454 15.7860290458 931.52663939 9.83137203748 19.777386919 9.86241146209 8.46595925107 7.6174920095 5.82139357903 6.06901941617 18.1889349445 24.856753963 4.54605554802 3.90280277261 8.3031314506 13.8103098891 17.3221639855 4.45967445286 1559.36046244 1579.57258866 19576.6613498 8.02742331302 3.78344049292 0.856085158542 2.33032029114 0.566234917704 0.338921465631 2.88457701597 7.43678219789
-9999.0 -9999.0 -9999.0 -9999.0 -9999.0 -9999.0 -9999.0 -9999.0 -9999.0 -9999.0 -9999.0 -9999.0 -9999.0 -9999.0 -9999.0 -9999.0 -9999.0 -9999.0 16.5266360976 49.8328062549 63.6192725845 78.3058611703 535.475113936 550.009257913 564.954995732 582.834576772 598.312623316 630.04380266 639.672272127 648.917794067 656.815459275 7.56178218602 6.9434651388 7.40226144081 25.6633471613 6.75994897383 6.2500048293 4.87136585118 13.7704708844 5.27953692374 3.85468843272 3.55408759202 2.90245613928 5.79059903776 8.17469649497 1596.05562919 21182.5983455 1.90564963631 4.10696352463 0.603178302265 3.00185495668 1.37913830813 0.683377087951 15.8560083325 11.9309330277
-9999.0 -9999.0 -9999.0 -9999.0 -9999.0 -9999.0 -9999.0 -9999.0 -9999.0 -9999.0 -9999.0 -9999.0 -9999.0 -9999.0 -9999.0 -9999.0 -9999.0 -9999.0 -9999.0 14.1668785914 110.440542416 219.02098602 234.756532677 21.618532319 42.0850133006 62.3073903983 79.0793294098 189.464434187 197.684452239 7.94003023158 7.65272680988 672.516597429 686.096469722 692.317753931 30.4711455787 4.48490025066 10.8157676527 15.8616371294 46.4033593847 56.3084135651 63.6211144552 6.6625323873 9.12239237637 2.96078435146 5.71663687663 2.86176014908 21187.4826618 1.71465561907 7.33378799681 2.61125217552 6.75768814687 15.5799970271 17.1963370425 34.0136684875 11.964810694
-9999.0 -9999.0 -9999.0 -9999.0 -9999.0 -9999.0 -9999.0 -9999.0 -9999.0 -9999.0 -9999.0 -9999.0 -9999.0 -9999.0 -9999.0 -9999.0 -9999.0 -9999.0 15.5263547154 49.2207356656 96.5774199261 126.307931742 326.31843122 345.140214141 41.8658966721 62.1309507391 79.1112103011 95.6927771491 206.470596335 222.785068896 386.171124577 396.765397727 403.61865802 698.898679854 745.888793151 10.9642826387 6.97048249857 6.67369995848 12.5459665696 5.51836492032 73.7536534427 77.2031158638 11.9164147863 15.011019772 2.90969974261 4444.46304099 4450.0783183 25640.819263 25650.5478208 1.74685960332 10.6317138448 2.42531822963 2.01882078474 37.7773817281 51.1174916529
-9999.0 -9999.0 -9999.0 -9999.0 -9999.0 -9999.0 -9999.0 -9999.0 -9999.0 -9999.0 -9999.0 -9999.0 -9999.0 -9999.0 -9999.0 -9999.0 -9999.0 -9999.0 -9999.0 17.547075094 17.1041028078 32.6279789552 77.5366687997 359.981020619 21.3939514562 21.1844522593 38.139011953 55.2283199404 132.601338837 143.53212576 6.37601809017 7.09452710912 412.400694724 419.460339909 1171.13213379 1176.28994909 3.83899075041 3.33124833345 2.61288530045 2.64066156111 2.70339571028 4384.30605191 4404.8089258 4423.00347644 4428.80168448 4441.64723071 3.11308366927 11.4345138573 13.9415515232 25669.1097108 25670.1569646 25673.0109553 25675.2312685 25676.9708598 53.4082848365
-9999.0 -9999.0 -9999.0 -9999.0 -9999.0 -9999.0 -9999.0 -9999.0 -9999.0 -9999.0 -9999.0 -9999.0 -9999.0 -9999.0 -9999.0 -9999.0 -9999.0 -9999.0 -9999.0 -9999.0 15.9142559526 16.5388867085 30.7614277013 420.593412539 436.970644143 20.8529687778 37.788811256 55.2317418581 67.6212980724 10.7380014832 20.1844549811 981.578989951 988.942534818 995.117940757 1045.70359134 2227.49534301 4238.86831598 4247.9164137 4255.74580495 4263.1930705 4293.91465285 4303.72684265 17.2429680739 7.6263110313 4.41841947024 8.27152648345 5.68108820468 9.04833899774 2.66799377941 71.5560404936 77.9920985532 83.2144903342 84.2317603268 25678.0055844 25733.3076881
-9999.0 -9999.0 -9999.0 -9999.0 -9999.0 -9999.0 -9999.0 -9999.0 -9999.0 -9999.0 -9999.0 -9999.0 -9999.0 -9999.0 -9999.0 -9999.0 -9999.0 -9999.0 -9999.0 -9999.0 -9999.0 16.3021691941 31.2034689928 46.1766114515 449.757323018 17.2994988379 618.645973065 636.642399092 647.320962219 657.671666796 941.5322493 952.051704379 8.04523183747 38.4507663902 46.0967745161 7.64593811115 2002.26792971 1988.68666674 4.03058645518 9.30130529211 24.5189561762 5.35602749557 5.41342822093 3.8933209882 3.12467473746 2.40239634898 2.69407364612 62.8875910544 65.5574263136 68.858167085 4.26820148106 3.57217236714 86.158422419 87.6669838936 88.3850184112
-9999.0 -9999.0 -9999.0 -9999.0 -9999.0 -9999.0 -9999.0 -9999.0 -9999.0 -9999.0 -9999.0 -9999.0 -9999.0 -9999.0 -9999.0 -9999.0 -9999.0 -9999.0 -9999.0 -9999.0 -9999.0 15.069251185 14.0646797069 72.7836539651 552.492753242 584.718009928 601.944916254 18.0239665198 260.806785371 270.71234128 274.213935023 9.31403030347 18.1978272787 26.0130843627 479.940931585 485.81936315 490.697972064 1979.8275785 1190.27030497 5.18123976726 5.18440028814 4.95809474768 3.70234928766 39.9829490513 47.1509929101 53.3970307935 56.7441316016 59.9507459836 448.708546115 450.881013611 453.449447914 459.536323465 486.483898365 487.491870057 576.886947143
-9999.0 -9999.0 -9999.0 -9999.0 -9999.0 -9999.0 -9999.0 -9999.0 -9999.0 -9999.0 -9999.0 -9999.0 -9999.0 -9999.0 -9999.0 -9999.0 -9999.0 -9999.0 -9999.0 -9999.0 -9999.0 -9999.0 29.3947748909 44.6820338445 16.5836654533 21.1715764623 198.652211897 217.283887063 230.626130106 100.051629012 109.109556364 118.782224097 127.032660264 466.809285883 474.612674091 282.024932238 778.939848508 784.739330596 1186.15162713 10.6785540606 5.28545953617 3.67176676039 28.0776626991 32.7491259654 2.57121276624 2.37189706519 438.119707844 443.921452695 446.656425864 3.12845663111 4.45205638193 482.354533273 2.79728258453 8.50221313206 9.27199299886
-9999.0 -9999.0 -9999.0 -9999.0 -9999.0 -9999.0 -9999.0 -9999.0 -9999.0 -9999.0 -9999.0 -9999.0 -9999.0 -9999.0 -9999.0 -9999.0 -9999.0 -9999.0 -9999.0 -9999.0 -9999.0 -9999.0 14.6474106365 29.0305578089 123.205671846 140.32937708 159.093924735 75.8500221843 90.5116891795 10.0680909877 314.524556478 323.464249234 331.850994557 8.04445361495 267.404380379 275.432295168 5.99534535587 1158.15374142 12.1411931127 6.01368581362 15.3975179441 20.7008122213 3.79945965003 3.04646057295 406.756669506 432.75589011 436.280908407 3.5539011046 7.42792673149 9.30488706459 10.9278456275 21.0152584558 3.04840701327 7.05943666529 1.24040506009
-9999.0 -9999.0 -9999.0 -9999.0 -9999.0 -9999.0 -9999.0 -9999.0 -9999.0 -9999.0 -9999.0 -9999.0 -9999.0 -9999.0 -9999.0 -9999.0 -9999.0 -9999.0 -9999.0 -9999.0 -9999.0 -9999.0 14.5821176044 45.6525279156 79.6192052337 19.5674778164 39.3704308435 58.4770727828 274.309438975 286.345790474 295.689672318 8.59956141498 219.317951544 244.809694091 252.648048859 5.9497528018 1132.79113124 1146.44424674 6.32692582365 5.8289708173 11.3126540279 4.4918313809 386.552184066 394.18855533 398.583578053 16.8743303544 20.5293384972 3.13508918375 5.43693439778 2.32286241842 15.9597114281 2.29058425869 1.82995935753 1.99739209384 1.99632521552
-9999.0 -9999.0 -9999.0 -9999.0 -9999.0 -9999.0 -9999.0 -9999.0 -9999.0 -9999.0 -9999.0 -9999.0 -9999.0 -9999.0 -9999.0 -9999.0 -9999.0 -9999.0 -9999.0 -9999.0 -9999.0 -9999.0 -9999.0 15.9496877787 17.6769160244 21.5396805897 186.11900973 204.599073541 257.978383769 13.3896251089 182.57480873 203.228375233 8.74425805996 17.8988769125 6.70263577682 1114.01078776 7.00674051815 19.2727935637 24.0546331693 28.5905708811 358.601733214 373.981790741 378.957824718 4.99707124115 9.13235364186 12.8326309885 2.10817177177 1.88539818259 985.628538235 987.447150795 988.865955713 1004.29102968 1006.04273687 1008.48236107 1009.9611678
