data/baseflow/mHMbf_acc475.asc
ncols                  80
nrows                 72
xllcorner      4374000.0
yllcorner      5656000.0
cellsize            500
NODATA_value       -9999
[rows 25 to 49 of 72, columns 0 to 54 of 80]
-9999.0 -9999.0 -9999.0 -9999.0 -9999.0 -9999.0 -9999.0 -9999.0 -9999.0 -9999.0 -9999.0 -9999.0 20.8433155356 41.1140522282 18.7459924567 37.8337028903 17.2985742805 131.308933516 165.825582768 183.47877785 16.5520829364 30.0092014741 313.54996296 385.98605987 398.767633148 33.2402605047 30.555185463 40.6655080328 4.73589864905 4.36780905113 8.45708361359 5.9376366379 514.557198821 521.113230627 530.507283077 3438.88224204 7470.16247055 7406.35928377 8.67702652147 3.65846568778 3.34762599836 14.2734092645 11.1616918613 41.9011967118 62.2523102808 127.330697042 11.6884062258 11.7326950607 106.968187615 116.18252827 234.044396903 241.955237465 254.676063533 260.234227833 5.19460450988
-9999.0 -9999.0 -9999.0 -9999.0 -9999.0 -9999.0 -9999.0 -9999.0 -9999.0 -9999.0 -9999.0 -9999.0 -9999.0 19.4193605452 38.9733054469 58.6634634188 94.8879546966 19.4505812651 17.9399312149 136.492739058 152.89130052 288.608411192 304.803862129 45.5140846469 16.753963612 16.5470294452 15.5263817897 478.895914809 487.791107024 493.377875844 497.677857061 508.529426506 76.5808135303 87.2648991747 629.206785244 11544.2027981 49.1095501182 39.6274732644 15.1581118232 4.67245094092 3.38279405495 21.1122504796 24.0418803933 48.1108895358 3.00002462682 131.239440838 17.8645469166 17.4034346535 3.11292795344 2.63837100676 2.5927895977 4.92617242079 2.78410571347 262.988905481 3746.85628771
-9999.0 -9999.0 -9999.0 -9999.0 -9999.0 -9999.0 -9999.0 -9999.0 -9999.0 -9999.0 -9999.0 -9999.0 -9999.0 -9999.0 19.2075756703 41.0244334924 61.430765545 82.6927029388 100.721909089 119.258987036 54.1648228313 89.119694525 16.0533025999 15.6563562294 401.113513678 432.626815532 447.842472464 464.535128133 13.4789751769 23.4026531531 58.6055499853 63.6122711738 69.0879073294 10.9059343324 14.64200187 11578.8219166 10.6374946874 15.7510958063 7.28906763311 19.4756857897 9.00485541402 6.39039600419 78.2181881231 86.3985283587 5.24811396187 137.587210217 157.883119984 19.5010225546 3902.33307652 3896.58783283 3890.9078964 3874.83716106 3864.88136069 3761.85402003 3756.10905455
-9999.0 -9999.0 -9999.0 -9999.0 -9999.0 -9999.0 -9999.0 -9999.0 -9999.0 -9999.0 -9999.0 -9999.0 -9999.0 -9999.0 5.33063334736 12.0157026419 20.5257419851 186.921306063 205.546547385 18.7687601649 18.3100267098 17.5277578883 336.667404038 369.827747345 16.1679114187 16.6818156927 14.1203376238 57.104974159 71.2127417116 38.430415449 46.2428046328 326.024420646 335.434682163 359.686283621 571.934074298 12157.7256957 11.2961739373 6.86551283035 30.4081947727 24.7737321027 6.17265667735 19.1731497824 25.7889821632 93.8297471768 100.889807087 273.250327452 161.322929192 21.6003357305 4011.37462377 62.6013159959 3884.77226925 3880.02178038 94.5778651813 6.65934713923 4.58161017846
-9999.0 -9999.0 -9999.0 -9999.0 -9999.0 -9999.0 -9999.0 -9999.0 -9999.0 -9999.0 -9999.0 -9999.0 -9999.0 -9999.0 28.0241359392 45.5267163191 94.073684292 165.408056237 225.417521401 267.369299827 285.312639137 303.483367719 320.879008423 16.2703691372 15.6821079761 30.5236004327 28.738175373 14.5542876317 282.845388825 296.636568813 309.813582854 322.061516116 171.794466456 178.69359098 195.205126533 12163.5900067 19.005428407 18.6238258928 52.1000585014 4.71014946395 14.9755496549 8.1394402103 6.24379486236 33.0229706769 5.97473416646 6.23592070816 4317.92385046 4039.1711322 4032.61236054 22.3615030599 58.9503013236 37.0148072667 7.93904938916 79.6237697761 21.2735243969
-9999.0 -9999.0 -9999.0 -9999.0 -9999.0 -9999.0 -9999.0 -9999.0 -9999.0 -9999.0 -9999.0 -9999.0 -9999.0 -9999.0 19.5363160938 17.9069785959 34.8724272827 53.5852803688 20.6510617662 19.2242301288 37.1626582556 55.0631961079 88.2929564643 104.870502851 121.04659358 168.171692986 183.211421425 198.3371407 13.7200481531 140.23701832 151.510823659 159.323364215 4.55319611347 1.61332062038 4.0302811574 12354.0792737 12359.8070875 12390.6112336 65.4052727293 9.53354287882 22.6646150605 6.29179040229 11.683702444 38.9164758176 50.1987252639 11.6881220782 4347.75138904 10.4505329311 12.9319556634 13.5687279316 12.9223928258 21.187850157 9.60657590341 53.305699649 37.7977131301
-9999.0 -9999.0 -9999.0 -9999.0 -9999.0 -9999.0 -9999.0 -9999.0 -9999.0 -9999.0 -9999.0 -9999.0 -9999.0 -9999.0 -9999.0 16.7230827768 33.2131880697 16.8265867815 34.4283285182 215.964753253 234.62409514 252.539226778 16.6789544503 16.7459500563 32.7789675784 48.6727206589 77.993286116 92.4165645471 99.979156045 112.831122715 11.3463496631 8.76399659474 169.380584923 171.21746787 175.424025616 180.5120306 154.098081465 12566.0362849 12664.9182729 12669.2492338 12695.9676408 12718.9211231 12739.2206574 6.92141825846 56.0692310254 4354.84920014 18.0808720591 9.21876609409 10.3670480099 8.76902729236 15.0658526166 12.3234670468 6.88686449642 8.62797603819 7.42665325744
-9999.0 -9999.0 -9999.0 -9999.0 -9999.0 -9999.0 -9999.0 -9999.0 -9999.0 -9999.0 -9999.0 -9999.0 -9999.0 -9999.0 -9999.0 -9999.0 49.330752909 67.4775607176 121.52980821 162.418428264 22.1646779296 293.611757455 310.186341728 326.839104959 16.6513071233 32.7515116599 15.0532175484 109.644637573 116.511666685 127.500469059 138.387769353 164.17765742 166.442187975 1.67285995548 132.991072757 143.384756915 149.027082784 169.595107244 27.8853370415 18.2457300364 11.1521809873 10.6708830212 12757.7638333 12769.0432448 12868.1520153 4363.26142908 48.5834431706 22.6791799553 15.8899451984 4.77247311719 40.3184898584 19.588246383 6.38773184468 33.0355561139 27.3266949659
-9999.0 -9999.0 -9999.0 -9999.0 -9999.0 -9999.0 -9999.0 -9999.0 -9999.0 -9999.0 -9999.0 -9999.0 -9999.0 -9999.0 -9999.0 -9999.0 18.4748331086 85.4614927446 104.552292741 23.0310400457 18.0459174148 35.8512424404 52.244539185 395.826391725 16.422810867 66.041383424 81.4021065042 96.4716064163 7.34470535544 17.6332744669 21.9567181143 107.858092755 117.118887723 121.217334789 4.94432231804 4.78542916118 5.28883271139 9.72288663038 3.95361681153 4.26670355708 9.29354664321 6.76931727753 9.42604913636 33.9068090322 12879.8762027 17274.2979194 58.6974906409 6.47685389745 5.12850347946 119.771233788 109.614279887 62.5272309648 55.5588716441 40.9040256861 8.62964353249
-9999.0 -9999.0 -9999.0 -9999.0 -9999.0 -9999.0 -9999.0 -9999.0 -9999.0 -9999.0 -9999.0 -9999.0 -9999.0 -9999.0 -9999.0 14.8543672682 50.3366576008 16.8761561243 22.4070805556 19.7259794441 38.1466822132 55.7290234594 74.1684396612 488.174530682 504.070273784 16.3158243437 31.6373117162 47.0076917597 56.8054970041 66.6885911505 92.1900249081 103.435512082 3.68207147609 5.41735103717 5.5808782283 9.97484709639 9.04715887072 8.92344362984 7.43450691415 8.22276675847 38.8920804412 18.8251429367 12.0597251367 11.838154159 10.6556697816 20.288981813 17628.9194543 290.450917774 145.138135047 13.4847560925 5.98359746128 5.78810290776 18.4836314289 12.2866008692 5.99379411156
-9999.0 -9999.0 -9999.0 -9999.0 -9999.0 -9999.0 -9999.0 -9999.0 -9999.0 -9999.0 -9999.0 -9999.0 -9999.0 -9999.0 15.5849363617 30.189512951 112.416593129 16.7030104698 45.3106515855 64.6411591818 83.0660780282 18.7439680712 35.6596494481 55.4232336011 576.919786929 15.6299747322 30.31133316 44.9880215254 13.0428489126 25.4406189669 28.6677767619 38.5200438035 1058.33800752 1071.84380841 1085.44582163 1156.86550986 1184.14312791 1243.59429431 18.1414335631 36.763840188 48.3697441801 1447.81904254 1469.94559433 11.2514827404 19.7734495674 28.1744371591 17638.8117672 279.796291647 118.471653866 112.068266026 102.733283664 95.8463633935 24.6504382959 6.31011536964 11.585354376
-9999.0 -9999.0 -9999.0 -9999.0 -9999.0 -9999.0 -9999.0 -9999.0 -9999.0 -9999.0 -9999.0 -9999.0 -9999.0 -9999.0 15.7300864911 47.9011724534 176.098770312 259.145242006 15.0805020181 344.897701642 445.924471671 17.7776025126 34.3977871926 53.6237045245 731.513365347 749.060308262 15.1452147309 75.4393249116 89.2230182861 98.5475121914 980.821009828 998.257859806 1014.81472578 8.63140401889 50.0203449953 59.2331634228 30.1412329801 43.6593278678 1306.97496437 1365.27397553 1377.70725556 1389.83214383 1489.05718982 9.41344470962 8.94977721814 45.5054773693 17650.3505126 9.48219331852 1.24438241585 3.61611640261 1.54004025626 84.606330121 79.6288991451 46.8223390497 33.1411384657
-9999.0 -9999.0 -9999.0 -9999.0 -9999.0 -9999.0 -9999.0 -9999.0 -9999.0 -9999.0 -9999.0 -9999.0 -9999.0 -9999.0 -9999.0 -9999.0 33.691777342 67.956669669 308.713479132 326.904408867 461.848674659 480.068021251 17.5318893347 35.0029057148 85.5512576346 766.654652217 799.269907446 813.736835123 12.7539558135 860.90970144 877.530520645 12.0555256715 8.79345828947 17.2876160723 33.9714521598 8.36705546714 17.5140553583 40.7732339964 51.9403925819 9.92216443291 7.8713547998 16.1752849358 1539.93204389 1554.99792582 1563.22398078 1627.16088115 17661.0749326 6.84443932214 0.78395938236 0.952962324058 1.01617068787 1.05241605441 1.03122504795 1.88126954105 5.39068380581
-9999.0 -9999.0 -9999.0 -9999.0 -9999.0 -9999.0 -9999.0 -9999.0 -9999.0 -9999.0 -9999.0 -9999.0 -9999.0 -9999.0 -9999.0 -9999.0 17.6276586629 17.2639319268 17.4119808792 36.9854372808 16.6269763937 512.842519042 529.645200422 17.5767822248 33.8049386631 17.457106023 16.0109751487 15.7877562782 838.801456142 4.73074314819 9.3626335075 7.57877085027 9.08277300387 8.33791827178 7.22468380875 7.41504517716 22.6086188551 30.6374593363 6.71372111007 6.1694077624 13.138340597 21.1195580908 25.6814342395 5.91438031671 1572.28885427 1635.73651015 17669.6676298 15.8497040933 2.51144395028 0.481313001717 1.42122556908 0.421290095396 0.371736226401 2.31273861905 26.375460339
-9999.0 -9999.0 -9999.0 -9999.0 -9999.0 -9999.0 -9999.0 -9999.0 -9999.0 -9999.0 -9999.0 -9999.0 -9999.0 -9999.0 -9999.0 -9999.0 -9999.0 -9999.0 17.0597072468 52.8217883935 67.3457151751 83.2980165695 545.099889159 560.418561201 576.571791626 595.6441751 611.158133104 642.922527172 648.229103157 652.376126132 658.014477247 8.33238068074 8.07421796238 8.31995246379 30.5616307549 7.90695260794 7.73468490451 6.64916094721 19.8258916303 7.45733839801 6.41310949991 6.09552728479 5.4935779582 10.9718398427 16.2709713392 1669.96725798 19364.5107394 6.54022081409 15.3096964371 0.349389173364 1.90780654881 0.982038275135 0.749654657088 50.5076609932 43.7306124083
-9999.0 -9999.0 -9999.0 -9999.0 -9999.0 -9999.0 -9999.0 -9999.0 -9999.0 -9999.0 -9999.0 -9999.0 -9999.0 -9999.0 -9999.0 -9999.0 -9999.0 -9999.0 -9999.0 14.2924185786 112.42364186 226.834028293 244.140174019 21.4509993242 39.0337049622 55.0556277885 69.5616774805 161.450973567 169.604123637 8.09926512492 7.97756732721 674.361184514 690.047024773 697.587559423 37.1342094814 6.27189693361 14.4208919712 21.3104562203 63.7560780655 78.0436841892 90.4503598964 11.7086859456 16.8063880199 5.73436155691 11.5569281148 5.95803565522 19377.2929801 6.97773863733 28.1882516481 9.04661463064 15.8211354953 42.912460342 47.4507611997 101.563578504 47.8043917586
-9999.0 -9999.0 -9999.0 -9999.0 -9999.0 -9999.0 -9999.0 -9999.0 -9999.0 -9999.0 -9999.0 -9999.0 -9999.0 -9999.0 -9999.0 -9999.0 -9999.0 -9999.0 15.8237883579 50.2102260679 98.3926942448 128.708198129 336.788864296 356.330209224 33.0125533024 49.02020324 62.8463571893 77.376343857 175.666740139 191.151521569 317.106691702 326.562729478 333.335431627 705.449504708 763.996708928 14.1847721667 8.48716836795 8.26940951026 16.2257567319 7.6771509982 105.323558913 111.310887552 22.2801353542 26.6646420068 5.12147903895 4234.51796395 4246.9896421 23634.3337486 23672.4304246 6.31071924482 28.8577056355 8.55605916956 7.83085252899 115.268291243 168.791713364
-9999.0 -9999.0 -9999.0 -9999.0 -9999.0 -9999.0 -9999.0 -9999.0 -9999.0 -9999.0 -9999.0 -9999.0 -9999.0 -9999.0 -9999.0 -9999.0 -9999.0 -9999.0 -9999.0 17.8550611242 17.3580757107 32.9003190982 78.2479659413 371.334043761 16.8069324142 16.5887048073 30.9299660188 44.8942429809 101.904526003 108.458645289 4.05909826954 6.22209916646 342.312262638 350.386927217 1120.91340342 1127.06912925 5.95639370335 5.48142572435 5.0020931898 5.03788188623 5.25055806342 4133.28081544 4167.31513943 4198.4619934 4207.77883821 4229.9234314 6.66065315188 25.2621582251 33.5792100252 23722.3650062 23729.3426288 23735.0704024 23740.8046893 23745.0193492 175.197282719
-9999.0 -9999.0 -9999.0 -9999.0 -9999.0 -9999.0 -9999.0 -9999.0 -9999.0 -9999.0 -9999.0 -9999.0 -9999.0 -9999.0 -9999.0 -9999.0 -9999.0 -9999.0 -9999.0 -9999.0 15.9917738405 16.6994987477 31.0659455604 431.915235452 449.234074422 16.3451550948 30.6538461962 44.7977964446 51.3640108207 5.18340105309 12.5364669678 943.965919479 952.166217707 958.385767701 1009.83123423 2143.02842142 3917.0305448 3929.9856179 3942.39122589 3954.46071595 4001.34912265 4015.95246595 28.6996279161 13.4865493687 7.72844340035 14.861335618 12.5239552666 19.4995198192 6.55106894332 129.956195577 148.921202862 163.474425987 169.372678047 23750.901154 23932.712377
-9999.0 -9999.0 -9999.0 -9999.0 -9999.0 -9999.0 -9999.0 -9999.0 -9999.0 -9999.0 -9999.0 -9999.0 -9999.0 -9999.0 -9999.0 -9999.0 -9999.0 -9999.0 -9999.0 -9999.0 -9999.0 16.2370823953 31.1392952736 46.1162597781 462.156067764 17.5305530521 630.511875316 645.082489444 650.187327576 657.537488803 914.981477812 923.30133063 8.62015796278 38.555196185 46.5377266112 8.58068890685 1760.85679031 1744.79978259 6.12827773326 13.4670212011 35.5934202775 7.5856444668 8.0677366535 6.81371126994 6.27180074832 5.31943519879 6.03617178676 108.299388766 114.674592946 121.915373823 10.1161333629 6.77689489409 174.636235747 182.254361458 187.262103162
-9999.0 -9999.0 -9999.0 -9999.0 -9999.0 -9999.0 -9999.0 -9999.0 -9999.0 -9999.0 -9999.0 -9999.0 -9999.0 -9999.0 -9999.0 -9999.0 -9999.0 -9999.0 -9999.0 -9999.0 -9999.0 14.8639858304 13.9554973618 72.2323553634 565.244547589 598.418682137 616.515649631 15.9402808712 245.501802841 249.629002244 251.842870427 7.45439521491 16.8392949378 25.3683635488 408.322562579 415.445440435 422.019264332 1732.02852387 1069.32871348 7.28947118643 7.49173612911 7.26764760321 6.44873915176 62.2624757575 75.8620798865 88.293664109 95.1926304617 101.921057197 497.428524461 502.964965537 507.350734453 517.613675436 584.010092064 589.453597992 782.891476406
-9999.0 -9999.0 -9999.0 -9999.0 -9999.0 -9999.0 -9999.0 -9999.0 -9999.0 -9999.0 -9999.0 -9999.0 -9999.0 -9999.0 -9999.0 -9999.0 -9999.0 -9999.0 -9999.0 -9999.0 -9999.0 -9999.0 29.0404839119 44.3506338469 17.4000249921 16.557520197 192.490749682 208.907176093 221.06492158 88.4317219575 92.4055829226 97.6251794583 106.010655543 392.996118838 401.518512478 218.847175297 648.557509003 655.961694117 1062.91137518 14.9208211369 7.54373830169 6.08510342359 42.0939613008 49.4581188963 5.58586251295 5.32058712173 472.344692867 485.236746445 491.991577076 5.25722914981 7.41543806177 571.596232985 8.2404760248 38.3791443686 43.5771400841
-9999.0 -9999.0 -9999.0 -9999.0 -9999.0 -9999.0 -9999.0 -9999.0 -9999.0 -9999.0 -9999.0 -9999.0 -9999.0 -9999.0 -9999.0 -9999.0 -9999.0 -9999.0 -9999.0 -9999.0 -9999.0 -9999.0 14.5368182101 28.7975034527 124.679953714 142.602325319 160.759642002 70.0231774464 84.2337473879 4.52814672311 269.479614106 273.68049423 278.579894166 7.06161007521 202.555764163 211.228996388 7.46598014736 1024.96688408 15.6776630387 7.78235433898 21.9765538871 29.5376838846 6.56682099328 5.73563363147 411.753491196 460.111332092 467.450466107 7.1987816551 17.7727180673 22.7461731834 26.7002716762 50.8557760269 14.280242558 31.1654291334 6.89603382121
-9999.0 -9999.0 -9999.0 -9999.0 -9999.0 -9999.0 -9999.0 -9999.0 -9999.0 -9999.0 -9999.0 -9999.0 -9999.0 -9999.0 -9999.0 -9999.0 -9999.0 -9999.0 -9999.0 -9999.0 -9999.0 -9999.0 14.3568963106 45.7810012241 81.0050265622 19.9460306143 36.2385851039 53.7607756821 249.729882277 256.510876587 260.828220826 3.96749530105 168.870814335 181.473111075 187.79211879 4.28143858346 993.625086673 1010.19932666 8.05352555398 7.67679218087 15.4735304415 6.95309041931 374.119464347 387.405870615 394.926638865 29.1814142643 36.5134618847 6.7015300794 12.5107840258 5.84396254174 39.281616543 6.06728456138 7.72660584108 8.37428424651 8.58138146352
-9999.0 -9999.0 -9999.0 -9999.0 -9999.0 -9999.0 -9999.0 -9999.0 -9999.0 -9999.0 -9999.0 -9999.0 -9999.0 -9999.0 -9999.0 -9999.0 -9999.0 -9999.0 -9999.0 -9999.0 -9999.0 -9999.0 -9999.0 16.425410711 18.4870564442 20.4772005594 166.378710413 183.520331573 233.891840579 9.88851633704 151.697661221 161.202031573 4.27538119854 8.80558401769 3.66798012623 977.502495345 5.22875386868 18.8325251828 25.2761427104 31.3245204496 332.710416398 353.479117703 361.254676073 7.7564404675 15.039364336 21.8975813071 5.20386439829 4.85389577215 1044.6753826 1049.70571365 1054.15503067 1092.10969878 1097.58928901 1105.83848034 1113.16529466
