data/baseflow/mHMbf_acc449.asc
ncols                  80
nrows                 72
xllcorner      4374000.0
yllcorner      5656000.0
cellsize            500
NODATA_value       -9999
[rows 25 to 49 of 72, columns 0 to 54 of 80]
-9999.0 -9999.0 -9999.0 -9999.0 -9999.0 -9999.0 -9999.0 -9999.0 -9999.0 -9999.0 -9999.0 -9999.0 21.36799387 42.5002042645 19.8789706201 39.9219047959 17.9527072087 135.667594597 169.944797983 187.570614575 16.1673055855 30.9362545395 297.639941402 367.180812393 378.708684488 24.1986137563 23.5214016655 33.5431602878 5.04694979694 4.57433392321 8.49960264273 4.33224403186 427.943346293 433.723593091 436.666433931 3444.89879902 6921.66262657 6892.39291867 4.34219290931 2.1825234951 1.94099412056 11.3312120387 9.50668440094 28.3794222982 41.4099507639 83.0598804004 7.40753386623 7.35023833485 65.7678656312 72.1567715379 139.878748923 142.813778529 150.605350869 152.396625743 1.5263241425
-9999.0 -9999.0 -9999.0 -9999.0 -9999.0 -9999.0 -9999.0 -9999.0 -9999.0 -9999.0 -9999.0 -9999.0 -9999.0 20.3885769066 40.7747234833 61.3087029459 98.5329469405 19.3050928317 17.57809705 120.425960725 136.493372729 270.364137384 286.318979049 44.7579922014 14.3485146102 12.0288512522 10.5034821365 398.568087614 404.993226795 410.347613729 414.393900436 422.893152863 61.2826877913 64.9022392231 504.624433823 10874.7292964 21.2301206313 14.7487218599 6.98411585525 2.06696993975 1.64026061897 14.872507572 15.9227514716 31.4837407261 1.65830483385 85.6942793598 11.8076938414 11.5205161388 1.67778281887 0.94718966556 0.767724070616 0.914175736064 0.791500462154 153.273538512 1882.35464283
-9999.0 -9999.0 -9999.0 -9999.0 -9999.0 -9999.0 -9999.0 -9999.0 -9999.0 -9999.0 -9999.0 -9999.0 -9999.0 -9999.0 19.7006918494 37.0715266969 52.3921456685 67.7757571648 85.3783067703 103.411313009 51.906205649 86.3375980437 15.8953593481 15.3146713244 335.516932896 363.975701599 376.958008288 390.069040059 8.48199747629 14.9257375291 41.7972975532 48.6086754518 55.0966443381 4.81129003088 2.46589305442 10887.830581 5.81692716592 5.2443799618 2.76939423052 9.31832078766 4.15171126212 2.1051931537 49.110518925 50.5377994809 1.06759990508 86.8995595394 99.544767269 12.5097824335 1926.9088533 1924.41052649 1922.52456665 1918.54851355 1916.72792057 1890.7105912 1889.22364898
-9999.0 -9999.0 -9999.0 -9999.0 -9999.0 -9999.0 -9999.0 -9999.0 -9999.0 -9999.0 -9999.0 -9999.0 -9999.0 -9999.0 4.09261488242 9.09534827407 15.2665975019 140.907278816 158.857409269 18.2013950798 17.3134791553 17.241790279 274.841672499 306.990786125 15.1489264155 15.3525572797 12.2266554179 51.5644525954 63.995466976 27.1055362451 34.92402938 297.372895435 306.109374056 319.36677111 488.904533287 11380.7324303 5.76136842189 2.03372550659 14.8006022307 12.2341331755 1.69187908887 5.62850038865 7.30781318159 52.1505727693 53.3933445501 155.796513213 100.26792394 13.9015357803 1957.20248425 10.0308374105 1920.79649047 1919.73071764 24.3813907065 1.41437069775 4.24224681318
-9999.0 -9999.0 -9999.0 -9999.0 -9999.0 -9999.0 -9999.0 -9999.0 -9999.0 -9999.0 -9999.0 -9999.0 -9999.0 -9999.0 20.5723496458 33.8945918874 70.4111664655 123.005482568 172.525717649 208.343678736 225.67413318 243.175598263 259.725086728 15.7222499791 13.9829841116 27.4340870199 25.5028764359 13.5635159427 259.362701841 271.494347158 282.437744704 292.760547197 154.158337334 160.09629496 166.620809726 11384.332507 10.0793743547 7.11250380027 24.3974631716 2.99842999039 3.46640398958 1.80042850979 1.57993347246 8.87489341467 1.04051274999 1.06926296777 2119.10958438 1962.41057982 1961.26723447 4.43140274709 9.16512797344 5.92958800714 1.30792256125 21.8114255953 5.80504974071
-9999.0 -9999.0 -9999.0 -9999.0 -9999.0 -9999.0 -9999.0 -9999.0 -9999.0 -9999.0 -9999.0 -9999.0 -9999.0 -9999.0 14.215215671 13.5279728714 26.6861540026 40.0505787981 18.3611512795 19.5129660841 37.1774122 54.5882675802 86.8622023655 102.848591248 116.348667967 157.845874452 170.033352837 183.798555868 11.9464027227 122.178790031 132.028701264 140.580539022 5.96231988932 2.82026885608 5.57197055572 11550.6947952 11554.076849 11570.44753 33.5207222063 6.49537888208 5.71646253018 1.44125688989 2.78888742398 10.1388294142 12.1816816614 1.92224229536 2123.73602061 1.35648771415 2.31957564389 2.67384650112 1.81511167511 3.55770231919 1.45054445643 14.9016798684 11.4919059456
-9999.0 -9999.0 -9999.0 -9999.0 -9999.0 -9999.0 -9999.0 -9999.0 -9999.0 -9999.0 -9999.0 -9999.0 -9999.0 -9999.0 -9999.0 13.0863784132 25.556846397 11.9765035205 24.8869087872 155.747176673 171.678237252 188.445552079 16.069353273 16.1015063626 29.6865619366 43.8814199858 67.1670008632 79.9192363358 87.3859377091 98.6723103263 9.18842762558 8.15107476852 147.119997113 150.057915538 153.508781824 157.076862839 125.031822619 11709.7109934 11763.1005009 11766.2983406 11774.7999748 11785.1076229 11789.1645225 0.948063992739 13.1477299793 2124.6332584 1.8980916674 0.972372326501 1.04448824867 1.05284523201 1.93297976038 2.02664048191 1.18083062748 1.87836872379 1.7737490242
-9999.0 -9999.0 -9999.0 -9999.0 -9999.0 -9999.0 -9999.0 -9999.0 -9999.0 -9999.0 -9999.0 -9999.0 -9999.0 -9999.0 -9999.0 -9999.0 37.7945322154 50.3081001424 87.6506567217 116.88208912 15.7258475273 222.536153084 238.081039019 252.589182306 13.7076378981 26.911300954 11.0628637482 88.3540100306 94.9664027699 105.444834421 116.028995263 139.869648397 142.817398172 2.11932158605 111.544638443 118.467936268 121.739586204 135.698370179 16.4404505548 9.99517425506 5.61597123801 4.86243874941 11793.7066378 11795.2265237 11815.8752389 2125.44004044 5.40624172726 2.83510723431 1.88468630608 0.694331712874 6.11473645088 3.30766870421 1.04141101334 5.99393635847 5.10190348474
-9999.0 -9999.0 -9999.0 -9999.0 -9999.0 -9999.0 -9999.0 -9999.0 -9999.0 -9999.0 -9999.0 -9999.0 -9999.0 -9999.0 -9999.0 -9999.0 12.66418351 62.7967273844 75.9013221384 16.6911222654 17.2875911347 35.0163768461 51.1174502894 318.918649166 13.7547048377 55.0325087083 66.7445475121 78.1406169761 7.21709274089 16.7311773567 21.4555925065 90.3411806248 99.4080227731 102.548270443 3.53101887089 3.45582521349 4.00872027821 7.27471440141 3.19274580032 3.34900860985 3.73864581228 3.58549125076 3.31167419877 6.34193501184 11817.5094777 13946.4044255 6.5401465949 2.2517112843 0.681578692831 19.673049649 18.1674638801 11.0030522185 9.93933770899 7.49952408581 1.84132944255
-9999.0 -9999.0 -9999.0 -9999.0 -9999.0 -9999.0 -9999.0 -9999.0 -9999.0 -9999.0 -9999.0 -9999.0 -9999.0 -9999.0 -9999.0 11.2152426498 34.9179563777 11.2306940709 18.3289589444 18.819158024 36.0654929987 53.1433787041 67.7159125183 397.708257297 410.482837627 13.1719339165 24.6299981767 36.3379315979 44.5140092027 53.640985297 80.1311383968 86.7220331069 4.99286252596 4.49757993375 3.11134497777 1.86897029901 3.68243016424 4.13317559643 4.86436769381 6.2057357058 11.6595226579 4.90506525621 1.07624149658 1.03113474091 1.05605040433 1.9877238246 14003.3709363 47.9887589827 22.9425137145 1.65111999154 0.748991754775 0.663937271868 2.50103477708 1.77265046341 0.929664913674
-9999.0 -9999.0 -9999.0 -9999.0 -9999.0 -9999.0 -9999.0 -9999.0 -9999.0 -9999.0 -9999.0 -9999.0 -9999.0 -9999.0 12.2582353039 22.7745825393 79.0988147612 10.0418844344 32.8025250729 51.1104994728 67.8872258358 17.4103745729 32.366954931 45.6731380281 466.044276066 12.3221544592 22.8895437668 33.9862054366 10.409593369 20.5582385322 25.1710680354 31.4514603824 785.841388227 794.111006301 801.315768053 827.210952182 835.589676121 853.546315571 6.91147522195 16.1545977584 14.3670222126 907.755371683 909.858437355 0.958235775502 1.75787430362 2.52830784977 14004.5643528 43.6697550128 18.7491591719 17.8438444836 15.1935704195 13.7162986755 3.31961280021 0.778666157942 1.61193201983
-9999.0 -9999.0 -9999.0 -9999.0 -9999.0 -9999.0 -9999.0 -9999.0 -9999.0 -9999.0 -9999.0 -9999.0 -9999.0 -9999.0 12.272688112 36.9870607809 127.848055176 186.779543023 8.35200366205 238.702611759 317.39184852 16.0603219913 30.5522268818 44.3588490698 588.786366963 598.305985748 7.53507704473 49.220564829 56.6173840398 64.5326480302 730.717214811 743.456256562 750.242113575 3.21195422099 18.6089307775 22.1400706349 7.59883007672 10.4563147632 868.269792436 888.419029173 890.435221428 892.288275552 911.88031689 0.976066571711 0.868320187069 4.11658979026 14005.8280115 1.09422395815 0.644115523277 1.89335600728 0.777371615362 12.3683315291 10.5255880084 6.19213577136 4.53290386647
-9999.0 -9999.0 -9999.0 -9999.0 -9999.0 -9999.0 -9999.0 -9999.0 -9999.0 -9999.0 -9999.0 -9999.0 -9999.0 -9999.0 -9999.0 -9999.0 24.5582279864 48.864069682 218.226141679 229.45938112 326.927397814 337.725365156 15.5298016387 31.0782923825 69.9989596093 605.525793234 621.054401072 626.671219261 4.22087088156 647.509122624 660.580579328 7.88943609549 3.24143624521 6.40647931243 12.1036915479 2.8253296631 5.30235244111 10.9071334487 13.1216876465 2.32696239235 1.48428200799 2.82907514012 924.477834562 929.027596758 929.811742168 936.108963517 14007.0174825 0.724753660994 0.399158301736 0.480010444622 0.474958354 0.492539230967 0.43041080617 0.791647869693 0.588801195447
-9999.0 -9999.0 -9999.0 -9999.0 -9999.0 -9999.0 -9999.0 -9999.0 -9999.0 -9999.0 -9999.0 -9999.0 -9999.0 -9999.0 -9999.0 -9999.0 12.6077590865 12.2206490975 11.4811302757 21.9936726607 8.92752553213 355.736798573 365.153047377 13.5415439505 26.7230236127 10.2937095419 7.34705054926 6.99455176921 638.676640093 4.11741515122 8.35064338705 4.57664824983 3.64328880785 2.88704562465 2.07699942368 2.17803676942 6.66996459132 9.21014531778 1.65187576447 1.36694376431 2.97867550908 5.04346940723 7.66349779809 2.89369523253 931.131161348 936.89488973 14007.9842554 2.64053999616 1.23114402737 0.282280984966 0.704317248006 0.236037907336 0.19167717069 1.00541080575 3.05814235596
-9999.0 -9999.0 -9999.0 -9999.0 -9999.0 -9999.0 -9999.0 -9999.0 -9999.0 -9999.0 -9999.0 -9999.0 -9999.0 -9999.0 -9999.0 -9999.0 -9999.0 -9999.0 11.9624636904 32.4691151413 40.9130266276 49.6550630734 373.907340069 383.402235294 392.342908071 402.072449532 408.813575051 423.004038419 427.006088683 430.734754938 434.069320325 3.22118515768 2.949429899 2.99166747081 9.57968017678 2.4894117943 2.33097475482 1.76889710798 5.04666170921 1.85725098347 1.41832820858 1.31454025571 1.14192857073 2.27907139393 3.30890648206 943.551784588 14955.2389093 0.645316324488 1.27919144607 0.2168030885 0.971586880184 0.544695508137 0.385748730226 6.58661529752 5.12740458755
-9999.0 -9999.0 -9999.0 -9999.0 -9999.0 -9999.0 -9999.0 -9999.0 -9999.0 -9999.0 -9999.0 -9999.0 -9999.0 -9999.0 -9999.0 -9999.0 -9999.0 -9999.0 -9999.0 9.37450474403 77.1270427467 147.101236032 155.584909604 14.1855536384 27.5527291974 40.7396671933 49.9271976696 117.122382114 120.622166199 3.35839785979 3.22250071411 441.338059968 447.089517555 449.666157846 11.2379111065 1.25394024876 3.20351884625 4.76373555265 14.9645892676 18.4516057148 21.1384701229 2.4629468581 3.45051688936 1.1706793197 2.34857284207 1.21838419305 14957.77579 0.495153267041 2.29029112756 0.784281589287 2.29268721221 5.46645974531 6.22702428775 13.1989379699 6.15693223875
-9999.0 -9999.0 -9999.0 -9999.0 -9999.0 -9999.0 -9999.0 -9999.0 -9999.0 -9999.0 -9999.0 -9999.0 -9999.0 -9999.0 -9999.0 -9999.0 -9999.0 -9999.0 10.8380501565 35.0587520543 68.0565551757 88.3051169547 217.262191541 228.91190678 27.7589977361 41.1157034048 52.0174226004 60.7221873351 124.402380033 131.371466589 231.698805979 239.565996831 243.476807186 451.847215718 467.546420559 3.02353051099 2.10014190051 1.94507077767 3.64968915752 1.65174644836 24.4550747581 25.7206983604 4.53559992155 6.51090427564 1.6996705276 2659.35182466 2661.92992368 17621.2550908 17624.7077275 0.587517657559 3.52666372264 0.852912263384 0.732181680494 14.776068154 21.5324921284
-9999.0 -9999.0 -9999.0 -9999.0 -9999.0 -9999.0 -9999.0 -9999.0 -9999.0 -9999.0 -9999.0 -9999.0 -9999.0 -9999.0 -9999.0 -9999.0 -9999.0 -9999.0 -9999.0 12.7136599494 12.2132348908 22.6021212187 52.7280204422 238.681513755 14.3221642743 14.1446405927 24.2702937339 35.2267249635 83.0843940371 88.869089156 4.60365962634 5.02228839562 247.174820574 249.098532944 719.014344459 721.127167575 0.981648401653 0.872730506787 0.744927912626 0.751053464837 0.94162463373 2631.19221796 2639.42923816 2647.98014772 2652.12931832 2657.58991481 1.41793795992 5.22674935656 6.0692428551 17633.155008 17634.0441446 17635.2408131 17637.2599444 17639.9604572 22.8260725975
-9999.0 -9999.0 -9999.0 -9999.0 -9999.0 -9999.0 -9999.0 -9999.0 -9999.0 -9999.0 -9999.0 -9999.0 -9999.0 -9999.0 -9999.0 -9999.0 -9999.0 -9999.0 -9999.0 -9999.0 10.8232890604 11.5225435602 20.8676453435 279.089092111 288.614056491 13.7758168898 23.9184538293 35.2085905216 43.0799798572 6.59963897206 12.6475858963 623.316388897 625.845149828 629.782858798 653.487268281 1377.35530392 2581.05885023 2583.77003045 2586.16900015 2588.52322167 2600.2357352 2604.17052006 7.00084953446 2.99560812504 1.86216141106 3.47560398803 2.61887273718 4.14230224262 1.27513830247 30.8413062965 33.4332854962 35.6268736215 36.0876312045 17640.8709873 17665.2378448
-9999.0 -9999.0 -9999.0 -9999.0 -9999.0 -9999.0 -9999.0 -9999.0 -9999.0 -9999.0 -9999.0 -9999.0 -9999.0 -9999.0 -9999.0 -9999.0 -9999.0 -9999.0 -9999.0 -9999.0 -9999.0 11.0234660709 20.8434948221 30.7788729917 296.787956939 9.73259233158 401.451581106 412.981925132 419.614728326 426.36819791 597.904660397 604.731510038 2.56034112286 17.1424974371 20.5486844114 2.48465358419 1201.1893914 1196.55202367 1.39490675005 3.27176668573 9.34548788908 2.16461386354 2.35014737103 1.53406242622 1.34325308841 1.05621885946 1.25347006249 26.9440562662 28.2653553302 29.8659636497 1.86864439826 1.64272007144 36.7786773583 37.3428927763 37.7063375391
-9999.0 -9999.0 -9999.0 -9999.0 -9999.0 -9999.0 -9999.0 -9999.0 -9999.0 -9999.0 -9999.0 -9999.0 -9999.0 -9999.0 -9999.0 -9999.0 -9999.0 -9999.0 -9999.0 -9999.0 -9999.0 9.7964916749 8.96574540239 46.9653856895 362.397266222 381.592422548 391.415373218 9.36587697651 155.599621901 161.729397826 164.738677757 6.13942544564 9.30842629921 11.571732928 261.445627428 263.443895642 265.145339047 1193.5760619 769.70340017 1.77840201688 2.07432083899 1.97272829654 1.58331622931 16.8546279414 19.9115387642 22.5971483182 24.1222427854 25.5890789222 247.225216138 248.29523347 250.640162515 255.925880658 270.234700452 270.716219417 308.889853365
-9999.0 -9999.0 -9999.0 -9999.0 -9999.0 -9999.0 -9999.0 -9999.0 -9999.0 -9999.0 -9999.0 -9999.0 -9999.0 -9999.0 -9999.0 -9999.0 -9999.0 -9999.0 -9999.0 -9999.0 -9999.0 -9999.0 18.9541494677 29.0325211839 9.7068041197 14.149829825 124.610390011 134.151950689 140.047745141 53.049856463 57.3678355451 62.2220782944 65.4347353513 256.895412655 259.958322875 153.032829836 420.365674386 422.342614253 768.353537789 4.1290279683 2.18778449184 1.5020857863 11.7531887973 13.817322817 1.17874701858 1.0743976032 242.344933506 244.980756141 246.227686699 1.93324171355 3.5099656754 268.761966219 0.735241262914 3.26695264077 3.65049366015
-9999.0 -9999.0 -9999.0 -9999.0 -9999.0 -9999.0 -9999.0 -9999.0 -9999.0 -9999.0 -9999.0 -9999.0 -9999.0 -9999.0 -9999.0 -9999.0 -9999.0 -9999.0 -9999.0 -9999.0 -9999.0 -9999.0 9.44951915087 18.6200667018 77.2921169253 87.8150792709 99.1246986532 42.0087581464 48.793810387 4.56123235507 181.002534595 184.921383673 188.691890369 3.16925494745 147.45414629 150.681730655 2.19570202651 757.714020902 4.69872613174 2.37690345536 6.41990148756 8.61654112093 1.67313372414 1.37003358063 227.750330067 239.981849506 241.516082437 1.6488776062 3.71187038437 4.67806778028 5.51572953149 10.6360067771 1.23748832648 2.68154262495 0.532418268539
-9999.0 -9999.0 -9999.0 -9999.0 -9999.0 -9999.0 -9999.0 -9999.0 -9999.0 -9999.0 -9999.0 -9999.0 -9999.0 -9999.0 -9999.0 -9999.0 -9999.0 -9999.0 -9999.0 -9999.0 -9999.0 -9999.0 9.25557226601 28.7614561109 49.8631037944 12.0807022118 24.354625879 34.077843108 162.280485415 168.403708437 172.638565267 3.72893498042 127.258300901 138.482835689 141.873376897 2.23411773512 747.858271621 753.557715084 2.64574786259 2.35927848332 4.76082834201 1.90928725228 218.342761549 221.786508837 223.950224556 8.07391331046 9.80409214657 1.50168278241 2.69068082439 1.1989220706 8.13740992954 1.22698690241 0.713952669227 0.723816573674 0.716055648026
-9999.0 -9999.0 -9999.0 -9999.0 -9999.0 -9999.0 -9999.0 -9999.0 -9999.0 -9999.0 -9999.0 -9999.0 -9999.0 -9999.0 -9999.0 -9999.0 -9999.0 -9999.0 -9999.0 -9999.0 -9999.0 -9999.0 -9999.0 9.69164233022 11.0037081052 13.9946131507 119.271079249 128.390230057 154.756434032 6.79643535006 110.302520115 120.288757707 4.05391025071 8.25535088688 2.64700965668 740.136453648 3.21648309014 8.15984515072 10.0767429542 11.8736896415 206.295794623 212.723417574 214.972497148 2.31426858595 4.33645704719 6.15018050376 1.08652219297 0.949431374402 687.974631263 688.943858959 689.747712205 697.959864626 698.935236263 699.898409349 700.518232579
