data/baseflow/mHMbf_acc284.asc
ncols                  80
nrows                 72
xllcorner      4374000.0
yllcorner      5656000.0
cellsize            500
NODATA_value       -9999
[rows 25 to 49 of 72, columns 0 to 54 of 80]
-9999.0 -9999.0 -9999.0 -9999.0 -9999.0 -9999.0 -9999.0 -9999.0 -9999.0 -9999.0 -9999.0 -9999.0 14.5708539614 28.677375141 12.3380158066 24.946721484 9.87546876721 79.9897394977 97.903301989 107.498303866 8.10544213966 14.8054374223 169.473534649 203.767277191 208.699800695 12.8629930731 12.1987376573 16.4779849496 1.73665559904 1.43513703014 2.64543661086 1.5183628219 281.305757666 283.312173602 284.662329484 1867.94186286 4114.32594436 4099.83237289 1.69004783972 0.906798076906 0.829926859455 4.5439637087 3.88136399869 16.3889144466 25.5170358441 52.1456046638 4.49463977485 4.45217686686 41.7556793645 45.0637785436 88.0504810725 89.8807118415 93.6356568053 94.5139007548 0.794390405935
-9999.0 -9999.0 -9999.0 -9999.0 -9999.0 -9999.0 -9999.0 -9999.0 -9999.0 -9999.0 -9999.0 -9999.0 -9999.0 12.4480430654 24.9921150323 37.8763138134 59.0756294855 11.2078952903 9.40764035242 78.8199079532 86.8629734485 157.126668884 165.49233695 22.7777383851 7.44928241165 6.38415700389 5.66291220695 270.637373272 273.31120502 275.287614291 276.681750419 279.620195541 27.4901533198 29.6635202163 315.967938364 6300.27867127 10.587486192 7.808743232 3.08681973769 0.962054960313 0.690358742447 6.11321862465 6.58762868737 17.6746417501 0.657445954746 53.1442321736 6.38400578741 6.17209738468 0.678305586059 0.414162947033 0.378119836697 0.694721483695 0.425694430484 94.9076775344 1271.95630736
-9999.0 -9999.0 -9999.0 -9999.0 -9999.0 -9999.0 -9999.0 -9999.0 -9999.0 -9999.0 -9999.0 -9999.0 -9999.0 -9999.0 11.8565049489 25.6377798122 38.0179892994 50.4960749387 60.0702839199 70.0703400863 28.1808953991 46.7707401332 8.18513578287 7.73226626091 237.164724293 252.157238147 258.870461117 266.073262713 4.38134384109 7.2116391108 20.438445877 22.6517523155 24.9052777803 2.76608395781 2.42983113919 6308.71341719 2.89984052604 3.43193687718 1.71268038318 4.01801194261 1.86601405553 1.24009835264 25.3512900978 26.8368319759 0.762781945089 54.1463897415 60.9335141723 6.4866985627 1301.43442705 1300.38858438 1299.5349735 1297.18673922 1295.83374315 1275.46125528 1274.60278053
-9999.0 -9999.0 -9999.0 -9999.0 -9999.0 -9999.0 -9999.0 -9999.0 -9999.0 -9999.0 -9999.0 -9999.0 -9999.0 -9999.0 3.78004279064 8.09913888703 12.5497251749 122.220014018 132.093437026 10.1742939778 9.48289584601 9.30253427872 204.928542197 222.219373576 8.18373373116 8.45918888321 6.22062817206 25.9295316322 32.212824643 13.6985679323 16.8153339884 156.683466407 160.338712459 169.209081002 258.81422105 6570.02652399 2.98057122641 1.3589356461 6.27954048566 5.15857440107 1.12865217441 3.66645046628 4.9916398292 28.2079087999 29.3890289643 92.3793809969 61.353475549 6.93358962382 1323.28202182 10.0266137435 1298.67121153 1297.98305494 19.1206710131 1.5483709486 1.0227067479
-9999.0 -9999.0 -9999.0 -9999.0 -9999.0 -9999.0 -9999.0 -9999.0 -9999.0 -9999.0 -9999.0 -9999.0 -9999.0 -9999.0 18.8919048776 31.0143717923 62.4755760124 109.896801414 143.964968956 168.856416112 178.399592404 188.098001628 197.236140927 8.28695347406 7.17260716198 13.8791086182 13.0073396532 6.79010216116 138.213536974 144.259014315 149.819196956 154.807079369 78.8000566734 81.1547557425 86.1203740824 6572.18676366 5.7995498719 3.91605251955 11.1637806928 1.08663044718 3.3186546933 1.91972490445 1.22259329224 6.53962889173 0.944897173234 0.974062043427 1421.4169975 1328.28877136 1327.29006832 4.37021988609 9.55976890027 5.84513478037 1.07198396108 15.9287911396 3.69149453372
-9999.0 -9999.0 -9999.0 -9999.0 -9999.0 -9999.0 -9999.0 -9999.0 -9999.0 -9999.0 -9999.0 -9999.0 -9999.0 -9999.0 13.1521134266 12.3713980057 24.2921826921 36.4895527724 12.6487708217 11.8067133158 21.6445473094 31.0929195054 48.3219361336 57.0071823416 64.5881821098 86.3364564476 93.0521396384 100.368110017 6.38899139545 65.7785125843 70.4662389488 73.8421803228 2.05490498654 0.719047775349 1.40045538794 6659.05945108 6661.09837436 6670.40616463 14.7111743277 2.44278389603 4.30497581576 1.14283433489 2.21183490676 7.66542152161 9.49573940963 1.78273010374 1426.14810259 1.71178156994 2.42103549283 2.67138200606 2.25151920666 3.74756834539 1.5817821124 11.5803460552 8.4472314814
-9999.0 -9999.0 -9999.0 -9999.0 -9999.0 -9999.0 -9999.0 -9999.0 -9999.0 -9999.0 -9999.0 -9999.0 -9999.0 -9999.0 -9999.0 11.7606612859 22.9224430337 10.7370763295 22.3240105675 139.200407942 149.27749742 158.269869818 8.61967897438 8.70347032673 16.2523850695 23.8070440767 36.8084063619 43.5076600707 47.5428668422 53.3816173417 4.49220546729 3.42485180204 78.8447362746 79.9888020126 81.3575190746 83.2480056332 71.1820445808 6749.4218966 6775.27233974 6776.32452433 6781.51079068 6786.58354606 6789.75021823 0.943660742652 10.4067060442 1427.02171167 2.18725764636 1.12256948102 1.53509859065 1.48921372794 2.51971108949 1.99001014326 1.18205232872 1.85496648717 1.57216381445
-9999.0 -9999.0 -9999.0 -9999.0 -9999.0 -9999.0 -9999.0 -9999.0 -9999.0 -9999.0 -9999.0 -9999.0 -9999.0 -9999.0 -9999.0 -9999.0 34.0117598254 45.3426731519 79.7378520249 105.085020273 13.2613401142 182.503606249 191.041997356 199.068855842 7.95625210736 15.4712168491 6.60807666448 50.9614687378 54.452354347 59.7980872739 64.9983442065 75.7791925875 77.6305287003 1.14434671323 62.8912460986 66.9424614194 69.3301691371 76.9213437558 9.27367365226 5.57375754015 2.90323180239 2.70213060784 6792.56861036 6793.92401305 6811.19193011 1427.98629632 6.44236364212 3.36422080579 2.36867608378 0.665230867158 6.69338906864 3.30045849914 1.05734282935 5.94718019681 5.05803300252
-9999.0 -9999.0 -9999.0 -9999.0 -9999.0 -9999.0 -9999.0 -9999.0 -9999.0 -9999.0 -9999.0 -9999.0 -9999.0 -9999.0 -9999.0 -9999.0 11.505651725 56.8286531855 68.9949999565 13.6925038572 9.69520570516 19.7305747532 28.6460358732 236.266312766 7.86444270229 31.6334770217 38.6326790885 45.3467447013 3.67295497222 8.48597832834 10.4366918275 50.5426490023 55.3240690799 57.6288825603 2.16898567835 1.72432312303 1.75264622826 3.24666679385 1.26754403266 1.29981769837 1.81946231149 1.61869739525 1.92283905675 5.88016481382 6812.72649299 8244.69039816 7.66875750105 1.19784903748 0.745029575895 20.6515834295 19.1863426299 11.3499458276 10.1545577858 7.48962680915 1.89287407658
-9999.0 -9999.0 -9999.0 -9999.0 -9999.0 -9999.0 -9999.0 -9999.0 -9999.0 -9999.0 -9999.0 -9999.0 -9999.0 -9999.0 -9999.0 9.91357069705 31.6732995094 10.328008137 12.9635849927 11.4492862978 21.5450393677 31.2322612261 40.9743301042 287.369627602 294.89635621 7.78734916509 14.8369518624 22.0155573293 26.5784763009 30.7801293196 42.9514638826 48.2610416509 1.8225826014 2.01772819376 1.67745323845 1.68724386406 1.83121865297 2.24454103421 1.89693760965 2.4090844327 7.03181025479 3.43905471501 1.87441620286 1.8328004394 1.46809986451 2.71078575457 8311.63048709 58.2195332568 25.2622837311 2.83031028993 1.31224099477 0.997597754813 3.15336350249 2.0356735355 0.981934352324
-9999.0 -9999.0 -9999.0 -9999.0 -9999.0 -9999.0 -9999.0 -9999.0 -9999.0 -9999.0 -9999.0 -9999.0 -9999.0 -9999.0 10.5542942562 20.1459994386 70.9320538718 8.98062378909 25.5002479518 36.4192075325 46.251610946 10.4515839313 19.0948434269 29.8658136355 334.132087847 7.24295544084 13.7211935708 20.2970749033 5.76644982913 11.1762191139 12.6524829441 16.8412947302 542.279115576 546.76964096 550.866267722 570.188110253 575.603479229 589.230332769 3.19036352673 6.90777856094 8.22842962797 627.935857659 631.145208922 1.68973160627 2.72085355293 3.73253177684 8312.85439306 56.0367533704 27.236787074 25.697943042 21.2678186267 18.690279128 4.17841611039 1.09965975341 1.89587946561
-9999.0 -9999.0 -9999.0 -9999.0 -9999.0 -9999.0 -9999.0 -9999.0 -9999.0 -9999.0 -9999.0 -9999.0 -9999.0 -9999.0 10.9461394698 32.8565434817 114.544003858 167.854626934 7.6531593258 216.120230351 272.555367387 9.50132050607 18.0707398949 28.4776910693 415.647006228 424.218462381 5.51172054427 31.3178071483 36.282337001 40.2236620679 512.400118749 518.906636071 523.839873054 2.4873928265 14.1574088354 16.7880754075 6.92015076095 9.82715331918 603.097316606 614.11287123 616.362557387 618.45291914 633.6684368 1.23454414107 1.12112660704 5.8755622911 8314.39390845 2.0036010163 1.04560701445 3.12279186713 1.37241221454 16.5015141259 14.7034666963 8.82382672103 6.15956571275
-9999.0 -9999.0 -9999.0 -9999.0 -9999.0 -9999.0 -9999.0 -9999.0 -9999.0 -9999.0 -9999.0 -9999.0 -9999.0 -9999.0 -9999.0 -9999.0 22.4431202391 44.4157476216 196.833141449 207.348834446 281.572503842 291.882504962 9.33963469778 18.6891224687 44.4920465284 431.914721339 444.056584729 448.461492345 3.53515199569 463.550616382 470.098891227 4.35949741766 2.53219087796 4.92821613471 9.54006837664 2.30461173482 4.52207745728 9.77366960777 12.0465727158 2.22473858304 1.46734953728 2.87180701445 644.12034266 646.874694794 647.849627218 656.398754707 8315.73364992 1.40329194126 0.569071810851 0.754807769729 0.759839231216 0.795441811054 0.693417834904 1.24245718922 1.03791199769
-9999.0 -9999.0 -9999.0 -9999.0 -9999.0 -9999.0 -9999.0 -9999.0 -9999.0 -9999.0 -9999.0 -9999.0 -9999.0 -9999.0 -9999.0 -9999.0 11.5211643467 11.1274285431 10.7185532249 20.8066507825 8.75446660533 309.510653484 318.952539366 9.16321653071 17.4701993771 7.53722145478 5.80875278837 5.56344202239 457.102723804 1.92437735424 4.10771477784 2.66788426816 2.76165048882 2.31931618224 1.76599043869 1.85275444856 5.79477045862 8.01342385411 1.50670015174 1.24603428029 2.75235237662 4.68513904852 5.98729635648 1.48323088533 649.331264939 657.438175484 8316.73745404 3.9946509461 1.24527203901 0.338404468216 1.02130496504 0.272575941787 0.212759122228 1.48933230414 5.00882549174
-9999.0 -9999.0 -9999.0 -9999.0 -9999.0 -9999.0 -9999.0 -9999.0 -9999.0 -9999.0 -9999.0 -9999.0 -9999.0 -9999.0 -9999.0 -9999.0 -9999.0 -9999.0 11.0000180684 30.4240072202 38.3905515341 46.907877269 327.784734854 337.148672445 346.320143033 355.82971028 361.208607425 372.416390344 374.362126567 376.028252433 377.683429401 2.28762351748 2.17845274201 2.30119903789 7.89851265255 2.11354863992 2.04423130872 1.54639764709 4.51518309769 1.72499004239 1.3117694609 1.2053538556 0.970070027131 1.93532633243 2.87935359497 663.509555901 8985.25591624 1.30826595349 2.63195746362 0.227658665079 1.32897140684 0.651085479288 0.428433650267 10.445455161 8.22152936451
-9999.0 -9999.0 -9999.0 -9999.0 -9999.0 -9999.0 -9999.0 -9999.0 -9999.0 -9999.0 -9999.0 -9999.0 -9999.0 -9999.0 -9999.0 -9999.0 -9999.0 -9999.0 -9999.0 8.57914932 72.3208413997 138.477530139 147.273455145 12.6530199913 22.0621379464 30.4624165111 36.7575902273 80.7266621095 83.0431246812 2.27551013525 2.26753000803 382.604070022 386.94053132 388.92291313 9.3726137501 1.22555352191 3.24672691563 4.77580263797 14.5280658806 17.8203863269 20.3384110837 2.28460953677 3.18184551162 1.09063516351 2.19107514092 1.14354521697 8987.19524614 1.15866916238 4.88803618875 1.47591527116 3.40071586654 8.81580998412 9.95719222951 21.1377975451 8.06292389382
-9999.0 -9999.0 -9999.0 -9999.0 -9999.0 -9999.0 -9999.0 -9999.0 -9999.0 -9999.0 -9999.0 -9999.0 -9999.0 -9999.0 -9999.0 -9999.0 -9999.0 -9999.0 10.0666876624 32.8346354023 63.8813101359 82.8713738118 206.454209777 217.753546984 17.9130001616 26.2936340122 33.0846331121 39.0761960095 84.979647128 89.415096776 150.44222792 154.610003924 156.532226224 390.810200465 404.625019346 2.99065726972 2.13190683323 1.98534554977 3.79659403634 1.72460090184 23.6881703107 24.8912383236 4.21026536903 5.17567907179 0.825753576206 2152.64908671 2155.05752295 11143.5359911 11149.847508 1.22456519411 5.94063437053 1.57659385605 1.36916836419 23.4700458416 32.4890136816
-9999.0 -9999.0 -9999.0 -9999.0 -9999.0 -9999.0 -9999.0 -9999.0 -9999.0 -9999.0 -9999.0 -9999.0 -9999.0 -9999.0 -9999.0 -9999.0 -9999.0 -9999.0 -9999.0 12.0391410876 11.6893885613 21.540127459 50.5230205546 227.496871074 9.32847803498 9.19633293165 16.0970140013 23.1109077786 52.0499463493 54.9869309615 2.12369951351 2.96634628921 159.39598556 161.252492892 567.437062126 568.719111678 1.07481971267 0.945846155396 0.818319166941 0.826258729747 0.943503717533 2131.24487642 2138.67623843 2144.97576354 2146.93239069 2151.80133537 1.33291095715 4.82639819101 5.87639335494 11158.0624114 11158.736619 11160.077668 11160.9524311 11161.8710564 33.3273477405
-9999.0 -9999.0 -9999.0 -9999.0 -9999.0 -9999.0 -9999.0 -9999.0 -9999.0 -9999.0 -9999.0 -9999.0 -9999.0 -9999.0 -9999.0 -9999.0 -9999.0 -9999.0 -9999.0 -9999.0 10.2827980413 10.9878500787 20.0307114793 266.806781743 276.769453862 8.95768424186 15.8730967981 23.0831407722 26.6910330975 2.8253916055 6.03007492554 559.820596538 561.935363055 563.971524992 580.375547445 1150.81679957 2082.59728102 2085.3346131 2087.84530873 2090.26935063 2101.50213956 2105.15993647 6.49864174272 2.79192192382 1.76692522088 3.28817802194 2.37769873453 3.8205088309 1.23792757528 27.0274867187 31.0179667968 34.0082923842 34.6131022066 11162.1983945 11196.0977208
-9999.0 -9999.0 -9999.0 -9999.0 -9999.0 -9999.0 -9999.0 -9999.0 -9999.0 -9999.0 -9999.0 -9999.0 -9999.0 -9999.0 -9999.0 -9999.0 -9999.0 -9999.0 -9999.0 -9999.0 -9999.0 10.5716082393 20.1509340935 29.8533285528 285.142632941 9.32099890441 386.022847438 393.576965264 396.34512333 399.769971102 546.178875413 550.311057979 2.30021189975 12.3495014932 14.8295368501 2.4016262136 929.156492203 924.739091617 1.40975532961 3.34208871098 9.00319983637 2.00912376889 2.12018171828 1.39945763384 1.18401901131 0.898129526007 1.09945995284 23.1895139418 24.3948911855 25.8908784223 2.82680376274 1.93533687755 35.9184488201 36.8369007045 37.3118259168
-9999.0 -9999.0 -9999.0 -9999.0 -9999.0 -9999.0 -9999.0 -9999.0 -9999.0 -9999.0 -9999.0 -9999.0 -9999.0 -9999.0 -9999.0 -9999.0 -9999.0 -9999.0 -9999.0 -9999.0 -9999.0 9.33091965566 8.70562401637 45.651236951 350.21580514 369.351208998 379.175657337 7.11877529585 139.303298905 141.81166395 143.369233335 3.50493877194 6.29572265897 8.46512219182 207.481714386 209.30316565 210.915777042 921.762040345 593.59233094 1.889164807 1.9427504439 1.83432204205 1.39810271528 14.2008528757 16.9360573904 19.3027291898 20.6749667179 21.9885006769 172.127973222 173.101388672 174.268032065 176.878438919 187.496340987 188.056845848 226.015851948
-9999.0 -9999.0 -9999.0 -9999.0 -9999.0 -9999.0 -9999.0 -9999.0 -9999.0 -9999.0 -9999.0 -9999.0 -9999.0 -9999.0 -9999.0 -9999.0 -9999.0 -9999.0 -9999.0 -9999.0 -9999.0 -9999.0 18.295727197 28.2320131982 10.4318913358 9.46237002206 116.877130479 124.342378162 128.749910809 43.4533559811 45.4726759911 47.9086503918 50.4512234382 203.340556543 206.021063753 111.739554394 324.719362421 326.604854169 592.158158931 3.7428544931 1.89144581579 1.26608906528 9.77668425657 11.5051286862 0.944916523657 0.854805423394 167.700781875 170.01077914 171.220361945 1.18727240756 1.84119225788 186.133851951 0.926989009065 4.12086611631 4.60564476789
-9999.0 -9999.0 -9999.0 -9999.0 -9999.0 -9999.0 -9999.0 -9999.0 -9999.0 -9999.0 -9999.0 -9999.0 -9999.0 -9999.0 -9999.0 -9999.0 -9999.0 -9999.0 -9999.0 -9999.0 -9999.0 -9999.0 9.25775411182 18.2572714549 78.6290295057 89.5982628963 99.5416206301 35.9968534808 41.336428151 2.47030743771 146.301818995 148.369062724 150.458573911 2.32220614666 106.842568626 109.663535855 1.98539921438 582.345361012 4.30983318621 2.131273271 5.26736830918 7.16636146047 1.3803797152 1.09528967751 155.940373322 165.580207968 166.993980826 1.41462426153 2.96385226197 3.69181180541 4.24140205737 8.42590578866 1.50260334739 3.36878846263 0.741424133777
-9999.0 -9999.0 -9999.0 -9999.0 -9999.0 -9999.0 -9999.0 -9999.0 -9999.0 -9999.0 -9999.0 -9999.0 -9999.0 -9999.0 -9999.0 -9999.0 -9999.0 -9999.0 -9999.0 -9999.0 -9999.0 -9999.0 9.10362363768 28.7634746543 51.0882772193 12.0842859029 21.0023395058 29.2858369573 135.897896907 139.570286338 141.856703572 1.8849820475 93.688878809 100.130846642 102.391368192 1.25492981634 573.800768747 578.512967629 2.16676566988 1.93558464702 3.84987652605 1.5095461311 148.540973601 151.26586573 152.925777842 6.21712785027 7.60007082174 1.17553939194 2.1225638484 0.956366435404 6.45280753735 1.05576755939 0.848830857162 0.901866225335 0.99323800282
-9999.0 -9999.0 -9999.0 -9999.0 -9999.0 -9999.0 -9999.0 -9999.0 -9999.0 -9999.0 -9999.0 -9999.0 -9999.0 -9999.0 -9999.0 -9999.0 -9999.0 -9999.0 -9999.0 -9999.0 -9999.0 -9999.0 -9999.0 9.95370192157 11.6623003315 12.3331278776 98.5957659355 106.480266476 129.534802523 4.44412876306 84.4081975758 90.2353676768 2.19898475449 4.76868664668 1.48262205302 568.903360462 1.97350755973 5.44166560764 6.88682317991 8.23405867827 139.936743942 144.189416957 145.957373826 1.80727585866 3.35725662073 4.73108781728 0.788763293365 0.683776404784 481.415823453 482.146063026 482.772573838 489.371211365 490.246633558 491.33427493 492.128003869
