data/baseflow/mHMbf_acc292.asc
ncols                  80
nrows                 72
xllcorner      4374000.0
yllcorner      5656000.0
cellsize            500
NODATA_value       -9999
[rows 25 to 49 of 72, columns 0 to 54 of 80]
-9999.0 -9999.0 -9999.0 -9999.0 -9999.0 -9999.0 -9999.0 -9999.0 -9999.0 -9999.0 -9999.0 -9999.0 31.6497914897 62.902003407 29.5594147115 59.9319902049 27.0555028695 203.579960158 255.330085603 281.596915573 24.2737757064 47.6230989068 449.883411744 560.33793939 579.844636137 44.1705055731 40.5569438139 59.4888412158 14.5072332813 13.452780076 25.464362936 11.1445606138 651.054649663 664.071689627 673.845120306 5532.58943718 11343.575676 11266.7794794 20.1645788449 8.96006956826 8.30720052503 35.55199178 27.2100606375 63.8448286424 87.712379549 175.422442838 15.8807677419 15.8309758829 146.64725168 161.988100953 316.069521333 326.351689686 351.486055799 361.19072144 8.39908366649
-9999.0 -9999.0 -9999.0 -9999.0 -9999.0 -9999.0 -9999.0 -9999.0 -9999.0 -9999.0 -9999.0 -9999.0 -9999.0 30.7004066156 60.9788092248 91.2757873955 147.265389275 29.4595306018 26.6618665025 172.423574165 197.074370909 404.085670633 428.826617214 69.959255926 23.4806027838 22.1007390488 20.0815200305 570.771801022 586.561315099 602.114433213 615.191699188 638.932221543 132.163060947 142.391482978 824.614880282 17706.3275782 66.0569400633 54.6929266139 29.5945123821 7.62488300403 7.03311230825 51.7373360872 57.4998751615 79.0184834569 7.8349454253 185.317356747 28.2252754543 27.8053157393 7.32019956274 5.00080875329 4.29732879944 3.91679165213 4.40356302628 366.484994575 5065.04356002
-9999.0 -9999.0 -9999.0 -9999.0 -9999.0 -9999.0 -9999.0 -9999.0 -9999.0 -9999.0 -9999.0 -9999.0 -9999.0 -9999.0 29.7409390705 52.2034461926 71.5195782559 91.2460916234 118.58560864 146.530325065 80.807595385 133.977087309 24.5165588411 23.8404446883 462.525814176 508.696171942 530.087392831 552.788593561 17.8432814739 33.104899044 86.5710276322 104.134581167 119.50268489 12.4625698385 7.58184893924 17732.5213659 10.7945186515 14.4126723493 7.07268989408 29.3714793973 14.3716381318 6.65132968692 143.52903215 148.391973555 4.50770262893 190.06719654 223.014224299 32.9297421078 5272.25092962 5260.48019367 5250.4949289 5231.31835426 5223.85592444 5093.94913153 5089.43181714
-9999.0 -9999.0 -9999.0 -9999.0 -9999.0 -9999.0 -9999.0 -9999.0 -9999.0 -9999.0 -9999.0 -9999.0 -9999.0 -9999.0 4.57198231552 10.5938243004 19.1495511092 164.081821901 192.634092955 28.7604270174 27.0483287143 26.8820450714 364.988190454 416.44897383 24.8064601673 24.9752608842 21.1569909528 86.9173075679 108.081971659 54.7647949588 71.3014596923 500.320325378 518.406434404 545.403921056 874.494163873 18613.2395731 9.85597882283 5.75064528216 43.4969603612 36.5622626383 5.65851839992 18.307868586 23.9034715504 154.358205059 159.168845283 394.849362794 226.768658691 38.0846400652 5382.55425367 47.1848676098 5241.44502291 5236.61140677 122.577018184 6.88731743936 19.5105585664
-9999.0 -9999.0 -9999.0 -9999.0 -9999.0 -9999.0 -9999.0 -9999.0 -9999.0 -9999.0 -9999.0 -9999.0 -9999.0 -9999.0 23.3443336538 38.1671098478 80.933051473 139.278836224 209.349220698 259.865357719 287.382551364 314.573087493 340.7464803 25.3206497921 23.266957125 45.7768921367 43.4312118276 22.3814447869 431.938772602 452.643929769 472.073678554 490.749454417 290.060103218 307.487142902 320.909696902 18618.5511035 16.7173543958 14.3957751363 63.2177769346 7.03944122035 10.1299496775 5.02118384822 5.19564113601 28.6264994343 3.98640415599 4.24109298082 5802.23591545 5404.01966449 5399.64162644 19.0746567696 43.073647824 28.6843942595 7.32765715002 111.771427982 33.0660692918
-9999.0 -9999.0 -9999.0 -9999.0 -9999.0 -9999.0 -9999.0 -9999.0 -9999.0 -9999.0 -9999.0 -9999.0 -9999.0 -9999.0 16.2261374511 14.7586304663 28.6726252268 44.1136318032 26.225270469 30.0868534598 58.3223297381 86.1533976219 138.850692302 165.021000382 188.489458061 258.403813702 280.448704216 303.958318907 21.4876842198 216.231806309 235.96323368 255.68868556 17.3843511503 10.4658565912 18.3139431909 18956.227681 18961.343372 18987.88976 83.6516866451 14.7603724446 16.3207166202 4.86083304118 9.17048734565 32.678026372 40.2738508357 7.7363088849 5821.27965607 5.81072347022 10.5810116609 12.1936186477 8.25480163487 16.0860138729 6.57261705343 71.0353664128 56.8373072723
-9999.0 -9999.0 -9999.0 -9999.0 -9999.0 -9999.0 -9999.0 -9999.0 -9999.0 -9999.0 -9999.0 -9999.0 -9999.0 -9999.0 -9999.0 13.7370299969 27.1312839502 13.6342066339 28.655583541 183.597452676 207.039978615 234.17804086 26.3570275242 26.3321313267 49.836902554 73.9167958701 117.634261658 140.02688286 153.30007275 173.852969443 18.2937009069 17.995497589 290.036743126 299.99072389 307.232615343 313.766278882 258.770304232 19274.2599648 19398.9719781 19405.1326048 19426.947746 19453.5315397 19466.8344799 3.89199041016 43.8719817881 5825.12448479 9.94808291153 5.11394875518 4.64152938083 4.08319982826 7.45110381687 8.34384588261 4.85464590345 7.23114017134 7.34149872141
-9999.0 -9999.0 -9999.0 -9999.0 -9999.0 -9999.0 -9999.0 -9999.0 -9999.0 -9999.0 -9999.0 -9999.0 -9999.0 -9999.0 -9999.0 -9999.0 40.3460240131 55.4103675917 100.005301911 137.829992167 21.3264981446 284.871217886 311.1394344 336.53469642 24.8229025047 48.8202341627 21.8157057409 163.714608625 176.255748173 195.558429517 216.037160669 266.648357519 275.286336182 5.45536253819 234.332484099 247.160043762 252.756981327 280.890059733 35.5305275969 22.5864655046 14.4403523961 13.9418687376 19481.3793311 19487.3090565 19562.5358928 5828.96154493 25.9378134184 12.5424472592 8.21074476358 2.87666730937 24.8746336071 13.7099246502 4.42039144314 25.1040510982 21.3314979939
-9999.0 -9999.0 -9999.0 -9999.0 -9999.0 -9999.0 -9999.0 -9999.0 -9999.0 -9999.0 -9999.0 -9999.0 -9999.0 -9999.0 -9999.0 -9999.0 14.7901999225 70.0538747578 85.9142951502 22.9796369127 28.2230905884 56.717157182 83.3823633261 446.344677967 24.6907778713 98.8770941037 121.22666157 143.335866541 13.1518702756 31.1214587466 43.361194405 187.074721777 211.294454733 216.496723489 6.17108293136 6.82979671917 8.91383932726 16.3603890246 7.33522624335 7.81679442496 12.1126739255 10.9899137747 12.2318510834 27.1876691425 19569.2458367 25414.9340982 31.5279085123 5.75386376915 2.7289965732 81.0740603174 74.7643923578 45.5477598163 41.2052194623 31.2810113717 7.29549504524
-9999.0 -9999.0 -9999.0 -9999.0 -9999.0 -9999.0 -9999.0 -9999.0 -9999.0 -9999.0 -9999.0 -9999.0 -9999.0 -9999.0 -9999.0 11.8115664596 40.1296983405 13.4565838775 28.2303070175 31.3782501248 60.2063499554 88.465185244 111.612032457 573.50458803 597.801270085 24.8944222148 47.7000049323 70.660956034 87.7185333882 107.599942759 168.323109901 180.464882557 17.1864300978 12.1773318077 10.7051181485 11.8883736925 12.7997140894 13.6403286847 11.819963785 15.0051130044 39.284494148 18.114954582 5.35324317146 5.09045572741 5.88313667956 11.1636175467 25649.0154443 195.698883404 92.6818061498 5.4729719114 2.29613509857 2.42253945561 10.1206005668 7.44990024791 4.04516645361
-9999.0 -9999.0 -9999.0 -9999.0 -9999.0 -9999.0 -9999.0 -9999.0 -9999.0 -9999.0 -9999.0 -9999.0 -9999.0 -9999.0 12.558016886 23.9988477367 88.6692379395 12.4602813634 49.9280246032 80.9264147929 110.344452559 29.7809192593 56.6739570989 76.9393143211 689.499228029 23.8500498168 45.5992739256 67.9039785769 20.8548463551 41.6228315014 58.134096071 70.8730461219 1435.80341169 1459.27699247 1480.08661315 1566.63485154 1604.37723453 1676.69458652 18.2198223075 41.6537751576 47.8041736362 1879.93456035 1890.84821225 4.75572889524 9.2870065934 13.6006757012 25653.2186793 183.636728614 84.4665369702 81.9338134059 64.9670557792 57.6164487232 13.4108111998 2.97904293351 6.63286426862
-9999.0 -9999.0 -9999.0 -9999.0 -9999.0 -9999.0 -9999.0 -9999.0 -9999.0 -9999.0 -9999.0 -9999.0 -9999.0 -9999.0 12.9563228353 38.9126659504 140.288114044 204.926643298 10.9061318824 270.391782889 395.916171451 28.8687046148 55.9278367945 78.4636663283 909.849517755 926.693115096 20.3267174732 109.455679508 129.34914838 147.94598179 1280.32639147 1327.62133179 1351.01925393 10.7782786215 62.3884323342 73.9135288524 32.566387347 47.4546232439 1742.13651834 1803.68092805 1815.16188646 1825.89655373 1903.31114991 6.08730577697 5.33053703824 23.121568561 25657.5770389 4.02879193391 5.0345570627 14.7939004714 5.34953524011 53.1609723775 41.5766740097 24.4122724797 18.3284620885
-9999.0 -9999.0 -9999.0 -9999.0 -9999.0 -9999.0 -9999.0 -9999.0 -9999.0 -9999.0 -9999.0 -9999.0 -9999.0 -9999.0 -9999.0 -9999.0 26.7838391204 53.4129532561 242.505995505 256.504533505 407.93841619 423.105927187 28.1932079502 56.3160225395 129.705353852 939.607315396 980.370400102 997.958788657 14.4175165009 1064.94546863 1114.92928761 30.1128838761 10.9289165092 21.999645334 42.4056947777 9.90905900895 19.8672354333 44.8897924895 55.9236453768 10.0363095291 6.79548800836 13.5142691177 1955.34227084 1972.4667422 1977.08326658 2011.94463419 25661.6009916 2.4111843381 3.69510807904 4.17772662305 3.93215210531 4.02962657555 3.42776438326 6.42401554286 2.06532638194
-9999.0 -9999.0 -9999.0 -9999.0 -9999.0 -9999.0 -9999.0 -9999.0 -9999.0 -9999.0 -9999.0 -9999.0 -9999.0 -9999.0 -9999.0 -9999.0 13.8724882177 13.4912933842 13.526599174 29.185582439 12.6320618235 448.094204335 462.054860964 25.0678203773 50.8976818128 25.0064600887 21.0683424598 20.5667056411 1036.5214399 17.0896495309 34.4425731747 15.8410564287 12.2537336315 10.5363767102 8.30366911808 8.6196267643 26.2582471832 35.8828080988 6.95243665022 5.98533732165 12.7739233899 21.0245540127 28.9152347636 8.72420373957 1983.86505181 2016.70723006 25664.355008 15.0199737269 10.5373418471 2.62454345576 5.96376860773 2.08167942028 1.55496328682 8.13964026191 11.3627948726
-9999.0 -9999.0 -9999.0 -9999.0 -9999.0 -9999.0 -9999.0 -9999.0 -9999.0 -9999.0 -9999.0 -9999.0 -9999.0 -9999.0 -9999.0 -9999.0 -9999.0 -9999.0 13.3557250539 41.2968737547 52.027673808 64.0843245307 473.95334449 486.365720255 499.488191345 517.198011969 537.29965128 578.908335398 595.325708817 611.616504648 625.107341801 11.011824128 10.4011568603 10.6995193492 36.6395234894 9.51337782787 9.06615599572 7.28809363171 20.987283714 7.79466544205 6.06170106814 5.64744163809 4.87139810322 9.72187123679 13.919742164 2045.06654247 27727.7204806 1.99201944417 5.00862140442 2.21500003699 8.28875769198 4.82563141171 3.12941187016 28.7280827127 18.9462714308
-9999.0 -9999.0 -9999.0 -9999.0 -9999.0 -9999.0 -9999.0 -9999.0 -9999.0 -9999.0 -9999.0 -9999.0 -9999.0 -9999.0 -9999.0 -9999.0 -9999.0 -9999.0 -9999.0 10.8381231863 88.5076479153 176.741890572 190.04131114 22.0533730614 47.3468005818 73.7662986219 96.5335340836 244.813550871 257.326530362 11.9604781737 11.8044792566 648.276827996 668.923147159 678.612013161 43.9863981138 6.37859711738 15.9206527839 23.3644967482 69.3384849949 84.347352049 96.0604080796 10.7954931669 15.0526837688 5.02968661505 9.8583618078 4.99864968222 27736.9525826 1.99320246441 8.67557095812 5.02997421424 15.8565384013 29.3426818027 33.7075566872 63.6204610102 27.4339943462
-9999.0 -9999.0 -9999.0 -9999.0 -9999.0 -9999.0 -9999.0 -9999.0 -9999.0 -9999.0 -9999.0 -9999.0 -9999.0 -9999.0 -9999.0 -9999.0 -9999.0 -9999.0 12.3705447856 39.8550760511 77.8504230294 101.367848679 263.203477591 280.895093467 55.1478682037 81.5002942866 104.973043202 127.91154488 272.440751282 297.78505543 545.728352115 565.6422151 576.809162619 688.037029599 754.826303342 15.271421658 10.1504158144 9.62520555757 18.2635321109 8.10537922869 111.382610147 117.02227942 19.816745241 26.457158345 5.22289432071 5698.31750786 5708.4140648 33451.0634594 33462.8296148 1.86303229672 19.8228790712 2.4488145942 2.45250979784 69.7362638445 99.7402663901
-9999.0 -9999.0 -9999.0 -9999.0 -9999.0 -9999.0 -9999.0 -9999.0 -9999.0 -9999.0 -9999.0 -9999.0 -9999.0 -9999.0 -9999.0 -9999.0 -9999.0 -9999.0 -9999.0 14.4323528175 14.0606957341 26.2998645495 62.1095130305 293.202647239 28.2218128434 27.9415965575 51.4246450235 75.4095628288 191.088544139 210.517642203 14.2211121699 13.0299016448 590.733603381 600.387759356 1365.11759155 1373.75077385 5.76808161193 5.13900601569 4.33636925698 4.37600828854 4.63709014423 5590.80275974 5624.58124414 5658.4981122 5670.79321683 5692.47613902 5.4924335971 20.3359424179 25.090404968 33496.1030337 33497.9718243 33502.6564998 33509.5677647 33515.1849804 104.686929448
-9999.0 -9999.0 -9999.0 -9999.0 -9999.0 -9999.0 -9999.0 -9999.0 -9999.0 -9999.0 -9999.0 -9999.0 -9999.0 -9999.0 -9999.0 -9999.0 -9999.0 -9999.0 -9999.0 -9999.0 12.6739430778 13.381067008 24.6413600083 341.716710495 356.629973857 27.6343221733 51.0247948383 75.3687320705 97.2596553765 20.1050378716 36.5858462285 988.631054264 1000.03528798 1012.01027153 1097.53896747 2482.00220502 5363.43404187 5377.18421764 5389.57511 5401.55325768 5452.07189548 5468.05767963 28.1121189962 12.5550614729 7.21275519995 13.6294983021 10.1021087775 15.9558613453 4.97061597437 119.536817425 127.847208057 133.637006546 136.16086026 33517.9504285 33627.6040601
-9999.0 -9999.0 -9999.0 -9999.0 -9999.0 -9999.0 -9999.0 -9999.0 -9999.0 -9999.0 -9999.0 -9999.0 -9999.0 -9999.0 -9999.0 -9999.0 -9999.0 -9999.0 -9999.0 -9999.0 -9999.0 13.0136437804 24.896007984 36.8794499322 367.134245285 18.5642603435 522.798017697 547.868367561 568.757763595 586.558248486 919.650658946 936.574330202 12.4009786489 62.7408632744 75.7632136381 11.4075620849 2867.833935 2847.14563774 6.79528078765 15.2171210281 39.8565002323 8.62991396357 8.69551839338 6.36616377787 5.33569680965 4.23172005761 4.79540358844 103.805333587 108.709814624 114.535915226 4.49034882791 3.16050946835 138.167517966 141.093958008 143.003689685
-9999.0 -9999.0 -9999.0 -9999.0 -9999.0 -9999.0 -9999.0 -9999.0 -9999.0 -9999.0 -9999.0 -9999.0 -9999.0 -9999.0 -9999.0 -9999.0 -9999.0 -9999.0 -9999.0 -9999.0 -9999.0 11.7066296473 10.9644952178 57.2123975456 449.775258415 481.245717408 499.368778633 24.7188491352 285.88298776 306.022190892 315.028041773 16.0007872768 29.5544397377 40.7220125433 684.317765933 693.208588789 701.014093574 2832.61452983 1659.62523339 8.27024675521 8.34198582441 8.06596856785 6.29610046314 64.7942477724 76.7614171265 87.3433767265 93.0933436776 98.6445299588 737.153441643 741.24816639 747.294357807 762.284124055 814.163545779 816.549017785 962.184003925
-9999.0 -9999.0 -9999.0 -9999.0 -9999.0 -9999.0 -9999.0 -9999.0 -9999.0 -9999.0 -9999.0 -9999.0 -9999.0 -9999.0 -9999.0 -9999.0 -9999.0 -9999.0 -9999.0 -9999.0 -9999.0 -9999.0 22.9600342689 35.2892447637 14.5623300246 28.5634066533 193.06109428 218.66412277 239.789632978 137.774403112 156.822779145 176.071114721 189.211589105 664.706863311 676.56349499 445.625784011 1156.24271307 1165.25669043 1652.66669217 16.8837305161 8.40987529602 6.13362019374 44.9852393568 52.5363397963 4.43144697943 4.08015352428 718.779259158 728.556032266 733.272701075 7.01727354016 10.6257458691 806.267395096 5.18732907283 17.7917799823 19.7664662574
-9999.0 -9999.0 -9999.0 -9999.0 -9999.0 -9999.0 -9999.0 -9999.0 -9999.0 -9999.0 -9999.0 -9999.0 -9999.0 -9999.0 -9999.0 -9999.0 -9999.0 -9999.0 -9999.0 -9999.0 -9999.0 -9999.0 11.5781059577 22.9007094805 101.964938459 117.639009766 139.264589448 96.5666758597 118.638605588 19.6374950511 429.324837505 447.195014703 463.829093047 13.3063744857 423.422807328 435.675462785 9.27857162968 1608.442639 19.0570892124 9.44422764836 24.2220354444 32.6580004785 6.32735195539 5.22214611722 667.927642284 709.835667685 715.559614991 5.92841306555 12.9133517273 16.4191428769 19.5644864182 38.7835619994 6.47636345389 14.5708111056 3.04055910045
-9999.0 -9999.0 -9999.0 -9999.0 -9999.0 -9999.0 -9999.0 -9999.0 -9999.0 -9999.0 -9999.0 -9999.0 -9999.0 -9999.0 -9999.0 -9999.0 -9999.0 -9999.0 -9999.0 -9999.0 -9999.0 -9999.0 11.4552851416 36.7392058803 66.8308911795 19.5004058665 46.7859976457 72.888406999 350.760157375 373.110141979 392.088486179 17.7922381568 334.546487078 385.851334741 399.994837801 11.5256059698 1569.2824467 1590.30119919 9.74517422973 8.99314758461 17.4964668119 7.08516956739 634.203355002 646.714114766 653.755564709 26.9731886114 32.8455405367 5.14925959376 9.22462063093 4.10928544663 28.5602272681 4.24106553473 3.68593153846 3.95208808435 4.16668515004
-9999.0 -9999.0 -9999.0 -9999.0 -9999.0 -9999.0 -9999.0 -9999.0 -9999.0 -9999.0 -9999.0 -9999.0 -9999.0 -9999.0 -9999.0 -9999.0 -9999.0 -9999.0 -9999.0 -9999.0 -9999.0 -9999.0 -9999.0 13.1877609472 15.9613776406 23.9895899793 226.105577716 251.254287296 326.937544199 23.0077695317 259.743402097 300.68874467 18.0673506322 36.2533230324 13.4979041014 1534.3976136 13.660813692 33.7480610579 41.6167837427 49.232384938 588.943836238 614.272450535 621.987449176 7.79700470724 14.4608354159 20.5098418296 3.66301845728 3.25865149712 1454.36516677 1457.65936625 1460.41073317 1487.31084674 1490.81959831 1495.39308172 1498.73670926
