data/baseflow/mHMbf_acc592.asc
ncols                  80
nrows                 72
xllcorner      4374000.0
yllcorner      5656000.0
cellsize            500
NODATA_value       -9999
[rows 0 to 24 of 72, columns 0 to 54 of 80]
-9999.0 -9999.0 -9999.0 -9999.0 -9999.0 -9999.0 -9999.0 -9999.0 -9999.0 -9999.0 -9999.0 -9999.0 24.5128374317 19.4831033947 -9999.0 -9999.0 -9999.0 -9999.0 -9999.0 -9999.0 -9999.0 -9999.0 -9999.0 -9999.0 -9999.0 -9999.0 -9999.0 -9999.0 -9999.0 -9999.0 -9999.0 -9999.0 -9999.0 -9999.0 -9999.0 -9999.0 -9999.0 -9999.0 -9999.0 -9999.0 -9999.0 -9999.0 -9999.0 -9999.0 -9999.0 -9999.0 -9999.0 -9999.0 -9999.0 -9999.0 -9999.0 -9999.0 -9999.0 -9999.0 -9999.0
-9999.0 -9999.0 -9999.0 -9999.0 -9999.0 -9999.0 -9999.0 -9999.0 -9999.0 -9999.0 -9999.0 -9999.0 48.9791807207 103.914507746 15.9291552066 -9999.0 14.6543875698 -9999.0 -9999.0 -9999.0 -9999.0 -9999.0 -9999.0 -9999.0 -9999.0 -9999.0 -9999.0 -9999.0 -9999.0 -9999.0 -9999.0 -9999.0 -9999.0 -9999.0 -9999.0 -9999.0 -9999.0 -9999.0 -9999.0 -9999.0 -9999.0 -9999.0 -9999.0 -9999.0 -9999.0 -9999.0 -9999.0 -9999.0 -9999.0 -9999.0 -9999.0 -9999.0 -9999.0 -9999.0 -9999.0
-9999.0 -9999.0 -9999.0 -9999.0 -9999.0 -9999.0 -9999.0 -9999.0 -9999.0 -9999.0 23.4268316504 22.475658632 23.4060225503 23.0236714425 147.215019309 162.954390032 40.0187788081 12.7050395615 -9999.0 -9999.0 -9999.0 -9999.0 -9999.0 -9999.0 -9999.0 -9999.0 -9999.0 -9999.0 -9999.0 -9999.0 -9999.0 -9999.0 -9999.0 -9999.0 -9999.0 -9999.0 -9999.0 -9999.0 -9999.0 -9999.0 -9999.0 -9999.0 -9999.0 -9999.0 -9999.0 -9999.0 -9999.0 -9999.0 -9999.0 -9999.0 -9999.0 -9999.0 -9999.0 -9999.0 -9999.0
-9999.0 -9999.0 -9999.0 -9999.0 -9999.0 -9999.0 -9999.0 -9999.0 -9999.0 22.674563642 46.1375032672 91.5070035594 45.4507363708 22.2066060973 43.5591072045 183.772807714 251.797241752 13.80657193 -9999.0 22.5127144526 -9999.0 -9999.0 -9999.0 -9999.0 27.4364861344 14.089655742 -9999.0 -9999.0 -9999.0 -9999.0 -9999.0 -9999.0 -9999.0 -9999.0 -9999.0 -9999.0 -9999.0 -9999.0 -9999.0 -9999.0 -9999.0 -9999.0 -9999.0 -9999.0 -9999.0 -9999.0 -9999.0 -9999.0 -9999.0 -9999.0 -9999.0 -9999.0 -9999.0 -9999.0 -9999.0
-9999.0 -9999.0 -9999.0 -9999.0 -9999.0 -9999.0 -9999.0 -9999.0 24.6716343348 70.8240784945 92.5176728164 114.622739809 158.270510762 20.8433242079 84.1470448293 104.035497172 386.190437156 16.1690013752 18.1366658302 42.3298720117 61.5425504497 19.8509798531 -9999.0 69.0925641652 56.7570146923 15.0877296751 -9999.0 -9999.0 -9999.0 -9999.0 -9999.0 -9999.0 -9999.0 -9999.0 -9999.0 -9999.0 -9999.0 -9999.0 -9999.0 -9999.0 -9999.0 -9999.0 -9999.0 -9999.0 -9999.0 -9999.0 -9999.0 -9999.0 -9999.0 -9999.0 -9999.0 -9999.0 -9999.0 -9999.0 -9999.0
-9999.0 -9999.0 -9999.0 -9999.0 -9999.0 -9999.0 24.7778747011 23.1577692184 22.3940675801 22.6916702818 22.7043875461 160.552053737 340.778514985 362.473476483 381.451376591 18.6490655255 422.849153312 441.230708596 37.7631419636 19.6502865212 80.4737526299 138.348901246 18.5992603999 123.967058343 20.1864259564 19.0651474483 21.0418506238 -9999.0 -9999.0 -9999.0 -9999.0 -9999.0 -9999.0 -9999.0 -9999.0 -9999.0 -9999.0 -9999.0 -9999.0 -9999.0 -9999.0 -9999.0 -9999.0 -9999.0 -9999.0 -9999.0 -9999.0 -9999.0 -9999.0 -9999.0 -9999.0 -9999.0 -9999.0 -9999.0 -9999.0
-9999.0 -9999.0 -9999.0 -9999.0 -9999.0 -9999.0 49.7022148943 73.8031522862 167.261861503 233.786512487 20.7946400875 21.6662762087 20.3563348415 59.5847610266 459.06650205 17.3852381917 459.588152123 531.886842702 56.4164733839 36.686078863 155.760429561 18.5139367864 142.689117856 36.806722769 18.363293844 36.8774102809 41.3935979026 21.2549270748 22.0077263833 21.6451772403 22.4853157745 45.0501288138 -9999.0 -9999.0 -9999.0 -9999.0 -9999.0 -9999.0 -9999.0 -9999.0 -9999.0 -9999.0 -9999.0 -9999.0 -9999.0 -9999.0 -9999.0 -9999.0 -9999.0 -9999.0 -9999.0 -9999.0 -9999.0 -9999.0 -9999.0
-9999.0 -9999.0 -9999.0 -9999.0 -9999.0 26.4580571526 51.5885261661 25.003825427 48.6239378812 257.529328401 300.961861087 344.506167758 1097.73371701 19.839450758 478.079301039 1726.81001131 1740.93671856 2297.08235781 15.4954311217 53.7661112268 173.247682615 17.3597024088 350.86974624 189.856624562 116.404114715 97.5412244451 20.083536036 63.3747802936 64.6568023909 43.1060536891 21.0625042584 66.6242365264 20.9325406718 20.705351115 -9999.0 -9999.0 -9999.0 -9999.0 -9999.0 -9999.0 -9999.0 -9999.0 -9999.0 -9999.0 -9999.0 -9999.0 -9999.0 -9999.0 -9999.0 -9999.0 -9999.0 -9999.0 -9999.0 -9999.0 -9999.0
-9999.0 -9999.0 -9999.0 -9999.0 -9999.0 26.6753729449 78.2793406546 155.355680056 179.461723437 355.59732702 378.378576342 448.74435608 733.496478903 1156.16017714 1195.60308129 1213.7922045 32.8335778559 2356.30325781 2387.18701445 2474.17168921 3068.84568523 403.642927429 369.18754605 134.526170338 18.224657741 118.401461414 81.2115836623 17.2985864175 83.7125903956 19.0396550407 39.8110274836 106.765498297 126.599249673 40.34111184 19.4851780762 19.4782095764 -9999.0 -9999.0 -9999.0 -9999.0 13.3653483388 12.066868225 -9999.0 -9999.0 -9999.0 -9999.0 -9999.0 -9999.0 -9999.0 -9999.0 -9999.0 -9999.0 -9999.0 -9999.0 -9999.0
-9999.0 -9999.0 -9999.0 -9999.0 -9999.0 26.2353858245 25.2937395285 103.264847536 127.599405489 152.463348577 23.7680964722 47.2233503718 268.954208521 46.9246838289 21.6044101775 19.9189210257 17.3908193754 19.7513856344 19.0728485731 18.7560583099 3087.51701993 3138.66384732 17.16790973 53.2811928896 36.324377493 135.867274789 34.9877294775 16.7990653624 102.857879372 36.8974721162 89.4918315363 221.905488057 205.467689298 59.2520423065 57.3735255367 19.8359868589 19.722955385 -9999.0 -9999.0 19.9538020731 29.1266221946 66.2867645426 12.6129423201 -9999.0 -9999.0 -9999.0 -9999.0 -9999.0 -9999.0 -9999.0 -9999.0 -9999.0 -9999.0 -9999.0 -9999.0
-9999.0 -9999.0 -9999.0 -9999.0 -9999.0 -9999.0 26.6716455087 26.390573894 51.6311905626 76.8846233742 175.057218644 223.580343363 247.442214761 24.9921516062 20.0139410989 264.799022572 323.313649583 341.759466935 418.461974289 436.132627911 17.3158404394 3156.08809499 3243.01454414 69.7800705239 14.6128868242 152.023550082 337.459560608 135.364251604 33.6540627024 17.0625634466 344.979633071 239.319157872 16.7863658244 17.0878467494 74.8725970423 57.7409473443 17.9196665495 17.0905805 18.8996675453 38.5410432882 18.2892740512 80.1746030619 97.0978380151 15.7666145525 -9999.0 -9999.0 -9999.0 -9999.0 17.3319480807 16.5021815111 4.89802750906 -9999.0 -9999.0 -9999.0 -9999.0
-9999.0 -9999.0 -9999.0 -9999.0 -9999.0 -9999.0 -9999.0 26.3218595131 24.2598444187 49.7029228635 74.5236032597 24.4178621133 22.4339942058 139.677383897 181.855848285 225.155545071 19.9862771566 40.0731855968 19.2751220696 454.293983654 997.511799806 1009.94969869 4284.02148563 16.8970862261 43.2629304209 13.8815273888 353.308449366 16.3552462156 50.8947368625 16.773327435 361.4987759 378.088677259 33.8295047672 34.0908187065 187.230167637 94.0332448959 35.318893965 18.2163166266 37.7522175783 57.1768796462 92.6515462455 16.5850581694 126.44234386 138.509006062 10.8100943647 11.6283019256 12.1195443481 10.9648011892 10.3520532443 47.0209285898 19.007994127 12.0041844164 -9999.0 -9999.0 -9999.0
-9999.0 -9999.0 -9999.0 -9999.0 -9999.0 -9999.0 -9999.0 -9999.0 50.1936366916 73.8639353153 24.4811035898 49.4169224716 72.6110793424 118.941991949 22.9007271437 22.410364628 19.7485137174 19.9100335979 18.0216891045 506.603963447 19.7544541853 38.8219118734 4335.31513596 4361.13647322 10.2680739737 64.213990885 431.070939801 31.9175871052 65.5732478274 30.0081768368 44.5318053499 441.178843567 48.770454541 268.2478552 219.665055212 16.7475422371 87.6240303721 35.4314605118 54.7508329774 16.8884296009 108.458286876 138.204703113 148.178411404 157.619359 178.454301344 20.2088301629 21.3367765318 19.4891008162 18.2465259478 57.3517375367 11.8177090463 43.1001879714 53.9693794336 -9999.0 -9999.0
-9999.0 -9999.0 -9999.0 -9999.0 -9999.0 -9999.0 -9999.0 -9999.0 25.8125706256 124.984802058 149.080959885 24.1310478338 47.1269095564 22.9782401749 21.392243519 21.1382643076 261.100508945 344.550770139 419.311170443 493.125125758 17.7690501712 19.3566817887 15.4933067831 4433.05232463 4458.55522889 4468.11713766 569.341614494 126.712646637 111.961956556 13.4136264951 57.9471975731 512.988791158 13.8821505225 282.439867845 16.0906310645 113.385874324 105.056898638 17.0162230073 71.6847873597 33.7399278653 50.2234557889 13.1846860625 9.33441616825 166.937423514 175.447479375 186.941436928 30.4838427991 28.1923418627 26.7684845615 69.9539434651 93.8494121306 11.9310015442 65.8652753864 13.0396241447 24.5551562449
-9999.0 -9999.0 -9999.0 -9999.0 -9999.0 -9999.0 -9999.0 -9999.0 -9999.0 25.9033459214 173.833394512 197.745098497 70.3249165567 116.100690006 158.656292964 179.83237697 21.209323959 63.7707651119 42.0537146432 21.528162357 21.1251482249 19.7202331993 37.9296139207 58.2253196357 14.1252540643 5061.61705749 5071.55516461 9.47987539035 9.79779939333 27.5184316235 41.1748229629 553.654209534 27.2389823775 294.401042718 171.557446292 142.000772671 15.7013530773 32.4293231906 86.7824818911 15.0769343587 64.886033746 27.3008653138 16.7375199338 8.2446046115 199.956850876 393.654755711 36.639276814 34.5192738687 35.7541794661 9.64377747438 103.344770637 9.26435139255 87.6505135686 11.1473765296 35.5934409628
-9999.0 -9999.0 -9999.0 -9999.0 -9999.0 -9999.0 -9999.0 -9999.0 -9999.0 -9999.0 23.7543021494 245.457245388 23.0530173081 45.8618936083 66.5213804739 107.146274554 20.4762784651 42.3264151859 20.6668962612 19.6495304848 18.7326536541 37.0524938634 16.4182761525 15.4372055723 26.8623360297 13.0784224881 5081.90347769 5100.68930856 5130.66723069 53.7305246655 13.9800578807 27.9041698833 568.064149565 533.348704402 201.450750238 14.829000544 63.3601600596 47.8311514841 101.910966219 30.1414242717 121.513986788 41.7208609588 27.9368318435 7.34099489139 8.77662667006 402.7976578 410.74177596 488.755987099 66.3950028502 20.0737969635 113.588840119 132.911884402 229.63102319 21.758782651 10.2494658948
-9999.0 -9999.0 -9999.0 -9999.0 -9999.0 -9999.0 -9999.0 -9999.0 -9999.0 -9999.0 -9999.0 13.0021221 273.664737349 22.0502065945 42.5563725583 190.385209939 20.5979009715 20.4254245724 18.7586725871 39.2431544065 19.458759408 75.6950330386 108.8191436 124.056422742 39.2660056771 47.7073570383 9.18584682844 12.1639800438 11.1345247177 5206.66600511 5244.70932308 579.399878888 556.777236775 545.233649098 24.4651564958 11.9757117277 77.1017374467 206.707505733 115.884758515 43.9928247923 178.633938312 66.1713648855 53.7607358084 15.0825421407 5.97895832935 5.41399469537 5.90704472239 518.549887182 611.082710517 9.57399506605 8.72952712899 9.94900907492 239.29027283 270.321511103 18.3916933083
-9999.0 -9999.0 -9999.0 -9999.0 -9999.0 -9999.0 -9999.0 -9999.0 -9999.0 -9999.0 -9999.0 12.0363631656 302.32930862 371.278070653 20.8001308791 231.746210786 19.3915821024 18.9346814591 38.1823938063 97.0980784258 19.0631739083 19.7285328944 16.5199045822 156.435134024 171.801026732 235.903170055 257.767584112 269.202329364 278.252512492 286.720286241 5540.04224764 6136.58349432 6708.9100019 6715.48815537 8.98514173821 12.234567957 234.273648113 220.561933826 13.7930007818 13.8555250607 192.866633735 272.072286593 11.3679992189 127.009892702 116.252894507 30.6600899983 13.6756964993 22.4802128989 8.99373316455 625.701805105 7.2893310161 25.7072722226 31.4700902902 324.205563497 350.400111214
-9999.0 -9999.0 -9999.0 -9999.0 -9999.0 -9999.0 -9999.0 -9999.0 -9999.0 -9999.0 -9999.0 24.7890539203 47.4684424592 393.589124107 433.5481452 19.9063381262 265.870971551 16.9970852128 52.8425770531 114.814777579 36.9474729717 17.8279918581 35.5678791481 14.3929574863 28.4392809225 14.5549298158 13.6300085282 12.4851827196 11.553516036 9.74958150757 8.09160007201 9.07794236421 10.0777681144 10.4853334035 6741.68265722 270.31564827 246.939060582 6.1494050011 38.7516188975 9.46713166396 8.30672968413 283.933315237 446.977008799 139.687875843 102.140791509 18.3940048961 7.23396986317 6.57489230651 13.767034452 646.851149238 660.187975187 6.96941400042 7.09877541939 7.44572295214 7.85360014439
-9999.0 -9999.0 -9999.0 -9999.0 -9999.0 -9999.0 -9999.0 -9999.0 -9999.0 -9999.0 -9999.0 -9999.0 21.9197210904 290.414222791 744.866669787 807.598208124 1091.17649655 1105.72688136 254.333907133 187.988179207 55.0209863359 17.6528967635 69.8843512828 86.1385530009 129.359212181 29.6226524958 27.6474105455 26.7077605133 51.9357344278 23.225363168 21.206079005 12.34019611 9.20883459466 7.7838954471 6748.82240167 7026.19947307 7035.32538696 5.91176224428 94.5477173959 43.2317270155 12.969185021 485.537692097 27.0075969008 13.8988147253 58.9214637475 13.1438782596 9.20595025097 16.7059378005 23.0651218127 30.0259158468 671.635019575 5.38599393437 4.73265585308 4.73700920923 3.99436122663
-9999.0 -9999.0 -9999.0 -9999.0 -9999.0 -9999.0 -9999.0 -9999.0 -9999.0 -9999.0 -9999.0 23.7505844435 221.353008688 268.239362304 42.8252860349 13.3379962637 30.027198472 1154.28519573 1168.93272767 1437.44094136 16.1136474416 33.6490893228 14.8042267882 14.970912201 143.659211751 187.549867828 228.416652506 12.8094863249 64.4283783728 99.9452942571 57.157161144 24.2633062772 19.9215653535 17.0758836553 15.5610245227 6.22599464742 7040.71136971 7045.00046276 7148.30607224 20.4360007464 11.1914366611 493.892811731 29.6765266102 15.023921195 15.9081591746 15.767773327 14.2048880676 23.7901703005 66.4195500806 103.693247252 780.783019527 4.0915148171 12.385632041 8.40957019773 7.33587997509
-9999.0 -9999.0 -9999.0 -9999.0 -9999.0 -9999.0 -9999.0 -9999.0 -9999.0 -9999.0 -9999.0 24.1738440471 152.459065707 23.8758761544 21.2249612526 110.128806523 128.71856036 147.608589548 165.135994278 1953.24657034 1968.79896807 2000.87505356 2232.70601584 2275.97011385 2299.79326795 2314.2479499 2570.96294172 2605.19610725 2617.96060685 2731.80956261 2802.36736963 2814.33989468 2857.39246984 28.3867591746 25.4637779159 5.58027090099 4.29124018548 7049.88646413 7179.71295631 27.2984441844 566.899068898 557.200295195 55.0159515331 13.2490141294 13.3979965225 13.0109855452 12.7905999853 25.5263774107 35.3528448201 8.78928104371 785.9435381 791.391696311 816.87030987 821.348720262 832.849495209
-9999.0 -9999.0 -9999.0 -9999.0 -9999.0 -9999.0 -9999.0 -9999.0 -9999.0 -9999.0 -9999.0 78.3288565051 103.619419537 48.7478702974 71.5719702059 22.5407530832 257.083732187 276.899285632 315.589100127 333.007150166 128.941107751 2155.14145359 2169.01716539 12.9666137116 9.23776136741 8.794846513 18.7542623829 10.032873437 8.44993008345 8.42613525888 8.8833369946 2826.25152952 2869.33260988 2908.58195134 2943.38429611 2961.29654986 7.64221568256 2.52280734111 7765.71375134 581.866998806 577.028547199 11.6844574408 10.6835415977 9.22850102572 22.9281538509 22.5598992304 10.7136937732 10.819734466 9.8818886904 18.5762879814 24.071881263 5.94777013466 9.91384759703 3.14415629656 2.72732783335
-9999.0 -9999.0 -9999.0 -9999.0 -9999.0 -9999.0 -9999.0 -9999.0 -9999.0 -9999.0 -9999.0 -9999.0 52.8984945344 24.9451991249 23.1368328671 217.569953024 237.781465893 20.389797982 79.8602850879 98.3276879653 114.904801025 18.0052215243 11.9809367744 325.511465833 334.913062466 344.110332698 874.701174819 882.317800534 897.341374845 969.951382611 1013.42972282 1020.44540841 8.15977547747 8.54447437082 7.99091947387 2968.32548425 3.21463846364 7853.75681556 7848.37392174 78.75893537 72.7730783215 44.3037848294 11.2018617607 18.8188836183 32.7076570458 32.1815750634 20.6714993776 10.4239693178 20.0674029029 19.8970994642 32.6562161557 5.18185715749 14.6255406443 22.5124511913 28.1318691797
-9999.0 -9999.0 -9999.0 -9999.0 -9999.0 -9999.0 -9999.0 -9999.0 -9999.0 -9999.0 -9999.0 -9999.0 27.1814321805 76.9520934498 100.779412268 172.137691613 20.7360622957 41.9975083284 61.6393736856 243.420082571 260.594137486 275.308605032 289.754239963 303.355097888 459.684176935 499.230504318 522.974795812 9.80173598396 57.5778208929 66.5958222502 990.892566083 1028.23948341 1046.82360328 1066.06282267 1080.22745141 4052.44283533 7.46268563071 7874.82607013 9.9547710703 5.10854469814 61.9532992449 53.6707306563 8.46411783847 27.9040881465 41.7893260496 40.8684001665 28.6080983711 46.864874464 74.0760091376 27.9708247445 67.9630137792 6.24675761186 9.47456430691 1.97986269206 1.56134474373
