data/baseflow/mHMbf_acc287.asc
ncols                  80
nrows                 72
xllcorner      4374000.0
yllcorner      5656000.0
cellsize            500
NODATA_value       -9999
[rows 0 to 24 of 72, columns 0 to 54 of 80]
-9999.0 -9999.0 -9999.0 -9999.0 -9999.0 -9999.0 -9999.0 -9999.0 -9999.0 -9999.0 -9999.0 -9999.0 13.7829734001 13.9992518942 -9999.0 -9999.0 -9999.0 -9999.0 -9999.0 -9999.0 -9999.0 -9999.0 -9999.0 -9999.0 -9999.0 -9999.0 -9999.0 -9999.0 -9999.0 -9999.0 -9999.0 -9999.0 -9999.0 -9999.0 -9999.0 -9999.0 -9999.0 -9999.0 -9999.0 -9999.0 -9999.0 -9999.0 -9999.0 -9999.0 -9999.0 -9999.0 -9999.0 -9999.0 -9999.0 -9999.0 -9999.0 -9999.0 -9999.0 -9999.0 -9999.0
-9999.0 -9999.0 -9999.0 -9999.0 -9999.0 -9999.0 -9999.0 -9999.0 -9999.0 -9999.0 -9999.0 -9999.0 28.2122212922 67.2657067396 11.7210111999 -9999.0 10.2842691547 -9999.0 -9999.0 -9999.0 -9999.0 -9999.0 -9999.0 -9999.0 -9999.0 -9999.0 -9999.0 -9999.0 -9999.0 -9999.0 -9999.0 -9999.0 -9999.0 -9999.0 -9999.0 -9999.0 -9999.0 -9999.0 -9999.0 -9999.0 -9999.0 -9999.0 -9999.0 -9999.0 -9999.0 -9999.0 -9999.0 -9999.0 -9999.0 -9999.0 -9999.0 -9999.0 -9999.0 -9999.0 -9999.0
-9999.0 -9999.0 -9999.0 -9999.0 -9999.0 -9999.0 -9999.0 -9999.0 -9999.0 -9999.0 12.3889064981 11.6671891532 12.8467833886 12.9442483117 89.972156192 100.261720968 27.2646161909 8.51806493276 -9999.0 -9999.0 -9999.0 -9999.0 -9999.0 -9999.0 -9999.0 -9999.0 -9999.0 -9999.0 -9999.0 -9999.0 -9999.0 -9999.0 -9999.0 -9999.0 -9999.0 -9999.0 -9999.0 -9999.0 -9999.0 -9999.0 -9999.0 -9999.0 -9999.0 -9999.0 -9999.0 -9999.0 -9999.0 -9999.0 -9999.0 -9999.0 -9999.0 -9999.0 -9999.0 -9999.0 -9999.0
-9999.0 -9999.0 -9999.0 -9999.0 -9999.0 -9999.0 -9999.0 -9999.0 -9999.0 11.522744999 24.0742319475 47.8600577842 24.2599206719 11.5926029608 22.2359259672 110.120416012 156.941141254 9.80021294022 -9999.0 11.4386053927 -9999.0 -9999.0 -9999.0 -9999.0 18.6095314835 9.62281180211 -9999.0 -9999.0 -9999.0 -9999.0 -9999.0 -9999.0 -9999.0 -9999.0 -9999.0 -9999.0 -9999.0 -9999.0 -9999.0 -9999.0 -9999.0 -9999.0 -9999.0 -9999.0 -9999.0 -9999.0 -9999.0 -9999.0 -9999.0 -9999.0 -9999.0 -9999.0 -9999.0 -9999.0 -9999.0
-9999.0 -9999.0 -9999.0 -9999.0 -9999.0 -9999.0 -9999.0 -9999.0 14.6403827497 39.1537532089 50.0364683624 61.0714929564 82.7131433461 9.88402357021 41.1618794215 50.179324657 224.75855299 8.29296823131 7.40332234602 20.270683956 28.6072059011 8.9912313149 -9999.0 47.4851181786 39.2636785179 10.5689756674 -9999.0 -9999.0 -9999.0 -9999.0 -9999.0 -9999.0 -9999.0 -9999.0 -9999.0 -9999.0 -9999.0 -9999.0 -9999.0 -9999.0 -9999.0 -9999.0 -9999.0 -9999.0 -9999.0 -9999.0 -9999.0 -9999.0 -9999.0 -9999.0 -9999.0 -9999.0 -9999.0 -9999.0 -9999.0
-9999.0 -9999.0 -9999.0 -9999.0 -9999.0 -9999.0 13.9253800339 11.8187424755 11.3818639438 11.8493000002 12.2503921795 86.1517824945 180.369772919 191.395782341 199.546382589 8.01480305206 241.199159033 249.046180109 16.1043800962 8.81231156576 36.7024046425 62.6409303207 8.58967455459 74.0344228667 8.79580063559 8.91782535916 9.12669564666 -9999.0 -9999.0 -9999.0 -9999.0 -9999.0 -9999.0 -9999.0 -9999.0 -9999.0 -9999.0 -9999.0 -9999.0 -9999.0 -9999.0 -9999.0 -9999.0 -9999.0 -9999.0 -9999.0 -9999.0 -9999.0 -9999.0 -9999.0 -9999.0 -9999.0 -9999.0 -9999.0 -9999.0
-9999.0 -9999.0 -9999.0 -9999.0 -9999.0 -9999.0 28.2940634234 41.3217062117 91.5138695505 125.021449157 9.66496384754 10.467680235 9.59961055086 27.7157662529 235.030454228 6.83182011057 256.157871615 286.862231009 23.4367409344 15.6995154487 69.7318378477 8.1908445829 81.8529728985 14.9179570945 7.36087047398 15.8487151328 18.072930417 9.57850239613 10.0936068469 9.51512567333 10.7972696186 21.4784140846 -9999.0 -9999.0 -9999.0 -9999.0 -9999.0 -9999.0 -9999.0 -9999.0 -9999.0 -9999.0 -9999.0 -9999.0 -9999.0 -9999.0 -9999.0 -9999.0 -9999.0 -9999.0 -9999.0 -9999.0 -9999.0 -9999.0 -9999.0
-9999.0 -9999.0 -9999.0 -9999.0 -9999.0 16.6230696163 31.4591635702 14.73887657 27.8607517387 138.623777245 160.766660526 182.653183137 630.542896133 9.37923172371 243.772285618 954.391179345 961.147673779 1260.18661996 7.40583438696 22.5909460065 76.8599917964 6.98826029894 169.159996623 79.8444577694 49.5989403355 41.9231136151 8.64017956702 28.210639985 28.7739589247 19.0449875367 8.90449178527 30.8270427726 8.54492978599 8.229228586 -9999.0 -9999.0 -9999.0 -9999.0 -9999.0 -9999.0 -9999.0 -9999.0 -9999.0 -9999.0 -9999.0 -9999.0 -9999.0 -9999.0 -9999.0 -9999.0 -9999.0 -9999.0 -9999.0 -9999.0 -9999.0
-9999.0 -9999.0 -9999.0 -9999.0 -9999.0 16.9245375478 48.5923191496 95.8250059283 109.723378899 217.187460816 229.525161194 269.478309084 438.960888886 664.501939568 685.730422078 695.598619622 15.5777228156 1289.04165852 1303.45014356 1341.76681909 1616.15729703 190.975734887 177.072697783 57.2429610296 7.37045472903 50.2478262448 35.1701591411 6.43556066884 36.352680525 7.61494694922 16.320913306 46.7983411751 54.8234588297 15.952862733 7.6830655239 7.43073720012 -9999.0 -9999.0 -9999.0 -9999.0 9.43363553337 8.54737654183 -9999.0 -9999.0 -9999.0 -9999.0 -9999.0 -9999.0 -9999.0 -9999.0 -9999.0 -9999.0 -9999.0 -9999.0 -9999.0
-9999.0 -9999.0 -9999.0 -9999.0 -9999.0 15.9857748655 14.9584578468 64.7303516325 79.1715003038 94.3164788244 13.7550699329 26.9898082642 160.097025979 26.9470612401 11.8670923057 9.75196778852 7.93998836238 9.63113062065 8.39780771995 9.11026444636 1623.57272257 1644.09996503 6.70281234713 21.0801763979 14.6076908466 56.9192247637 13.1727425594 6.08444834994 44.0426842029 15.056702914 37.7255999998 93.4848051612 86.0056030986 23.2748634639 22.118612738 7.97403640446 7.92627385262 -9999.0 -9999.0 8.19262795175 19.6325161407 46.3086968477 9.2193171391 -9999.0 -9999.0 -9999.0 -9999.0 -9999.0 -9999.0 -9999.0 -9999.0 -9999.0 -9999.0 -9999.0 -9999.0
-9999.0 -9999.0 -9999.0 -9999.0 -9999.0 -9999.0 17.4513931514 17.5836254151 32.2334676752 47.5511068237 106.405786652 134.736604925 148.724386351 13.9918730538 9.49479626056 141.104169918 169.573824677 177.75740429 213.696997729 221.070377481 7.17605864811 1651.43747322 1685.5253495 27.1623230336 4.65886276457 62.4226595459 136.401269271 55.6791654287 12.0001283652 6.14739275049 143.826059005 100.086154168 6.07433738902 6.07368343896 28.5865932053 22.9618014556 6.92173519032 6.21893232366 7.7617918981 15.6782758977 7.39100382996 56.3554192573 63.1665457488 5.96488533756 -9999.0 -9999.0 -9999.0 -9999.0 7.82684536426 7.12102538821 3.17011935992 -9999.0 -9999.0 -9999.0 -9999.0
-9999.0 -9999.0 -9999.0 -9999.0 -9999.0 -9999.0 -9999.0 16.3618751218 14.0855651588 30.4019807823 45.717538919 14.2242986813 11.5031771882 77.7888631703 99.7660335087 122.831684768 10.2660002748 19.2965395827 9.48890476292 229.174448875 506.593234938 514.939325423 2215.02759817 6.53377777683 13.0980738863 3.95423799091 141.803674731 5.88269371718 18.2925465145 5.91483859417 149.706892498 155.664756848 12.2988561837 12.1498855346 72.8435135367 37.0511489355 13.3264184516 7.04533270237 15.3801578409 23.1535716918 37.1774214892 6.34155889498 74.7039984589 80.1579512413 4.87019271896 5.45036182954 5.95915410975 5.10851526657 4.86366633082 20.4632695754 8.91594834662 5.56060254901 -9999.0 -9999.0 -9999.0
-9999.0 -9999.0 -9999.0 -9999.0 -9999.0 -9999.0 -9999.0 -9999.0 30.0558829199 42.6748159424 14.1287521823 29.3249846382 42.2675306094 67.6042150888 12.6317343265 11.8037581797 8.94310493545 9.01709675963 7.3749896528 261.015585115 9.65270705341 18.2872920012 2241.49905762 2254.88196496 4.22550165807 21.7460010782 168.201748121 11.2875164183 23.0501810489 10.0438371315 14.6924016649 177.697425814 17.3467627266 101.165974691 84.2894701318 5.91655688343 33.4827515124 13.7336500888 21.8929752406 6.34519160631 43.1043279256 54.6861818935 59.1903693572 63.3445339949 98.2399494209 9.22259582902 10.2430553171 8.93524864084 8.41701269698 24.7203997276 4.55751519387 19.2260188652 23.3757133689 -9999.0 -9999.0
-9999.0 -9999.0 -9999.0 -9999.0 -9999.0 -9999.0 -9999.0 -9999.0 16.298236169 74.4851149393 87.9527473156 13.4157115705 25.551928859 12.061940838 10.1820836473 9.96735038459 131.085555739 171.78246326 210.212627693 251.644568312 9.72971618968 9.04828334087 7.44871589895 2291.13090039 2305.72476126 2309.99969436 217.82478889 44.6266294653 39.1630254642 4.18611881456 18.8538156581 201.00128701 4.45996375938 105.769347716 5.80639366333 44.2761522669 40.3784283579 6.49717167 28.4114558633 12.7653286702 19.1243363855 5.14708280624 4.01979148776 67.4199766835 71.1424171516 101.950309425 14.4797215762 12.8789477533 12.2494214152 29.5769971777 38.8812299138 4.64564701901 27.9472288714 5.16901064398 9.63247167298
-9999.0 -9999.0 -9999.0 -9999.0 -9999.0 -9999.0 -9999.0 -9999.0 -9999.0 16.9562439026 102.732478495 115.45442628 37.6058038927 61.5657187487 82.1595027398 92.6922461641 11.019113438 31.6870215925 21.2020516191 11.6201441599 10.5680635825 8.71119477302 16.5948133857 27.6012500265 7.86032322335 2540.79307153 2544.79199627 3.69269672663 3.16421524666 8.61911868059 12.8923690893 213.921722899 8.70307255672 109.447318544 65.5468377538 55.2686291601 5.83641842854 12.0600462714 33.8650705798 5.46550098055 24.4947070854 10.2874550492 6.47559031632 2.84263167588 80.7072072815 185.610770873 17.1818733975 15.654324593 15.7814986791 3.59594152441 42.5347084336 3.51848491679 36.3635622268 4.32230672997 14.1096183334
-9999.0 -9999.0 -9999.0 -9999.0 -9999.0 -9999.0 -9999.0 -9999.0 -9999.0 -9999.0 13.1038276261 141.715741929 11.8139137922 23.4544416985 33.1611676892 51.5533369996 9.34526476377 20.071481666 9.67175936675 8.43989808942 7.66273141394 15.0246233823 6.11933751276 6.63884413084 11.7183531886 6.34820271438 2549.96642749 2557.83736682 2569.46958758 16.5104712601 4.44347066796 8.86042608978 218.790192566 197.721250671 76.0950095849 5.16181165934 23.3357259933 17.6254575895 39.3395942199 10.8838233226 45.7154266337 15.6155974518 10.4755300569 2.25924886326 3.34551502119 189.917164467 193.6796054 229.560210645 27.2725418697 7.5234654224 46.6021592455 54.0848163218 93.9516317515 8.45721765536 3.95199536702
-9999.0 -9999.0 -9999.0 -9999.0 -9999.0 -9999.0 -9999.0 -9999.0 -9999.0 -9999.0 -9999.0 7.90513231781 157.529798271 10.4438145958 19.6967465195 89.0003627928 9.07066140712 8.82397972196 7.14255215396 16.3252858842 8.2175254428 31.1612025311 43.3255138086 48.4746312169 16.009052556 19.1446996181 3.62271778587 5.46659192083 5.38421271438 2595.42633086 2607.12146095 222.383291324 205.360484804 201.601079968 8.116241494 3.86877923134 28.0646650197 77.1345535265 44.3530811026 15.7867729258 66.4013460699 22.3899875432 17.8933186586 4.38668251632 1.94498247668 1.59384829109 1.96470922963 241.457114971 280.497501841 3.67721182134 3.33117195823 3.81130557714 97.7552426097 109.746940676 6.91356901823
-9999.0 -9999.0 -9999.0 -9999.0 -9999.0 -9999.0 -9999.0 -9999.0 -9999.0 -9999.0 -9999.0 7.16178622133 173.998492991 209.15298034 9.51459825723 107.525660035 7.90705632955 7.28413515774 15.0226802937 39.5511736431 7.70552520271 8.45791029425 5.94473366398 59.9947636092 65.2357236437 90.2993172657 98.0896799225 102.293303912 105.84510267 109.936155395 2721.34739181 2950.20529065 3161.72697042 3164.78223776 3.21531321941 3.94059451013 86.6656733761 81.9393808094 4.89560853225 4.87603147504 71.500310974 98.9108018532 3.8715756783 51.6880303014 48.6174560362 10.9462402328 4.93508201022 8.67846401426 4.75333701019 287.789158293 3.71730892538 10.4731910574 13.211766134 132.579276806 141.742682857
-9999.0 -9999.0 -9999.0 -9999.0 -9999.0 -9999.0 -9999.0 -9999.0 -9999.0 -9999.0 -9999.0 13.7974185307 25.4416350724 220.208289344 237.05491432 8.40270258626 124.334113489 5.96585704819 19.1922858019 46.104138306 14.3827809729 6.61245289011 13.7426636362 4.58132047795 8.83549333857 4.49765461072 3.84939937067 2.96148419555 2.60481915059 2.09980632478 1.84179763659 2.71046088266 3.68777105479 4.77137806225 3175.85193058 97.5256196431 91.5817442964 2.3088316294 13.6435970426 3.77794243239 3.93798885606 103.30435109 169.119447691 57.0726775353 44.3525499933 7.01358497829 2.84773951771 2.44857376736 5.83749820242 297.459614094 304.456502948 3.70519178264 3.91462872465 3.36993740514 2.5484417507
-9999.0 -9999.0 -9999.0 -9999.0 -9999.0 -9999.0 -9999.0 -9999.0 -9999.0 -9999.0 -9999.0 -9999.0 9.84887245841 154.358035069 400.970953504 430.06876525 562.067224501 570.687334731 101.233020389 74.1946192006 21.1733821637 6.43008473764 26.1249126715 31.7286777464 45.2453716235 9.38619430406 8.1180040477 7.37559134398 14.1905431388 6.18286661857 5.72778401049 3.10710118052 2.00453554956 1.72699467621 3179.17141375 3279.12133779 3282.17849842 2.24485800888 35.682072836 17.0919279379 4.94018630536 185.569182879 12.1548349501 6.39872656789 28.6020217968 5.30553972451 3.91402908586 7.31557155645 10.3068743364 13.8082395369 310.192368591 2.66055398041 2.32080243455 2.31595737113 1.63488188452
-9999.0 -9999.0 -9999.0 -9999.0 -9999.0 -9999.0 -9999.0 -9999.0 -9999.0 -9999.0 -9999.0 11.8395379771 119.056025386 143.542878796 20.6058014377 7.58619206469 15.1230531693 592.9840536 599.847812475 709.369785075 5.34590619184 11.6791261753 4.57352681052 4.67627517369 49.6969146456 63.5107643732 75.4544666283 3.70727281325 17.8919821262 27.6734651324 15.843623572 6.67389903899 4.7090797092 3.67396990037 3.68394170123 1.58158114833 3284.53770589 3286.16583829 3325.10984783 7.46639669589 4.14412121433 191.249290994 13.4552624523 6.99386495307 8.27647665497 8.20530791257 6.84509801345 11.4080662497 31.5307608388 49.2233749266 362.207031721 1.94932150469 5.94840621432 4.0654985221 3.23792252457
-9999.0 -9999.0 -9999.0 -9999.0 -9999.0 -9999.0 -9999.0 -9999.0 -9999.0 -9999.0 -9999.0 12.3092182006 86.0926113407 12.8394785043 9.70980660179 58.1614665528 66.1584258924 73.8432664087 80.2779716803 955.90567637 962.006094022 972.905505498 1061.53889188 1075.69778252 1083.04517399 1087.68463756 1172.02331651 1182.12680146 1186.11374496 1218.14877182 1238.41306258 1241.95592678 1252.96816306 7.06612992854 5.94958785407 1.08958731501 0.871280314129 3288.02688989 3336.9419279 10.2839508713 225.595463515 221.610425624 24.4039498849 5.6111050851 5.91456660764 5.58300992558 5.73774033527 11.5805729786 16.2528215228 4.44028766976 364.825565687 367.646748815 380.068437023 382.34288007 387.725343721
-9999.0 -9999.0 -9999.0 -9999.0 -9999.0 -9999.0 -9999.0 -9999.0 -9999.0 -9999.0 -9999.0 45.7071818281 60.1384678245 26.5580411288 38.2181113413 11.3857131897 129.183080625 137.474205595 153.666621709 159.779508164 51.170129495 1034.50332412 1040.5238461 4.54227021024 2.72538508471 2.47712341203 5.41968365032 2.57957569704 1.90085464407 1.73859866562 1.88569756602 1244.96614955 1256.28769913 1267.64150056 1277.15946407 1280.79362613 1.41600278129 0.390051102925 3570.23691598 231.803340741 229.94171831 4.44398563096 4.16556768371 3.67390322528 9.84202437798 9.51649162384 4.35336996514 4.40094703856 4.02126792873 8.33371402841 10.8617122318 1.9015562166 3.4835828587 1.23594074723 0.763686978053
-9999.0 -9999.0 -9999.0 -9999.0 -9999.0 -9999.0 -9999.0 -9999.0 -9999.0 -9999.0 -9999.0 -9999.0 31.1735050098 14.092077729 11.5737511209 112.474639025 121.334316114 8.92157802311 33.0126232259 40.3137526294 45.8689922766 6.80396533654 4.11154866908 139.388031551 142.44910573 145.285512998 370.131507902 372.098936334 375.602738653 397.541696759 407.710293228 409.158107637 1.6598562006 1.79762992613 1.72720849395 1283.39532617 0.871997184875 3601.72035197 3600.1263304 28.614341973 26.2194415723 16.7440938437 4.26849291508 7.31535668875 13.7933437168 13.4954064119 8.38652201502 4.15233013399 8.0732883571 7.97536281115 14.2534494813 2.12002079682 5.25695920218 8.78358181124 10.4655797855
-9999.0 -9999.0 -9999.0 -9999.0 -9999.0 -9999.0 -9999.0 -9999.0 -9999.0 -9999.0 -9999.0 -9999.0 16.3684053628 42.7298341156 54.7724690434 90.1483296956 8.63403651909 17.9182297285 25.9151943262 110.737338079 116.553308568 120.962542138 125.727683677 131.716956412 198.614435748 214.845389332 222.813777589 2.90015217982 17.8222844515 20.5718363399 402.962745836 411.32973278 415.738174394 420.342568201 423.382364194 1707.9806089 1.84995821702 3607.99979402 2.78772310682 1.35408990102 22.2078751231 19.6276498512 2.43328950232 10.4855195724 17.117483704 16.7010994521 11.3812589422 18.5354047266 29.3510991885 11.0735903594 28.227761227 1.97251560113 3.31033291518 0.555589454779 0.42601861352
