data/baseflow/mHMbf_acc605.asc
ncols                  80
nrows                 72
xllcorner      4374000.0
yllcorner      5656000.0
cellsize            500
NODATA_value       -9999
[rows 25 to 49 of 72, columns 0 to 54 of 80]
-9999.0 -9999.0 -9999.0 -9999.0 -9999.0 -9999.0 -9999.0 -9999.0 -9999.0 -9999.0 -9999.0 -9999.0 23.0924681473 45.8336153119 21.4168700551 43.1534970614 19.2543866798 147.195913354 185.147986674 204.052871961 17.1909611322 32.4319363185 331.435502226 406.931280143 419.59571156 30.238390221 27.9666689351 39.6165730417 6.68773313787 6.06556295925 11.5254751503 5.70230058902 507.119648546 513.949953955 520.489164917 3740.7373272 8049.15078177 8006.149794 8.8247565699 4.22545700902 3.95072063283 17.9021935006 14.317241157 42.1394953591 62.5825183487 125.813726617 10.6666684208 10.5671617954 100.953985475 110.486919678 211.367709717 216.638775927 228.548909826 232.480496502 3.78252017416
-9999.0 -9999.0 -9999.0 -9999.0 -9999.0 -9999.0 -9999.0 -9999.0 -9999.0 -9999.0 -9999.0 -9999.0 -9999.0 21.9707885068 44.0751835818 66.2791567793 106.55339441 21.4393441488 19.6861289596 138.103615082 155.893903892 302.729545557 319.959160712 48.3711273157 16.7620957681 15.4724879339 13.6137515082 467.29636581 475.94141371 483.341327114 489.303432141 500.926981013 74.8169495732 80.4459761096 606.226549747 12399.5546391 34.1186629065 27.7660970092 13.6263927334 3.69698599909 3.2137472195 25.4436239438 27.8830094159 48.6725284234 3.38220713812 130.342943898 17.1423767018 16.7177001736 3.2839713032 2.09712056531 1.78457720921 1.78067910665 1.77788018069 234.29008671 3015.57620138
-9999.0 -9999.0 -9999.0 -9999.0 -9999.0 -9999.0 -9999.0 -9999.0 -9999.0 -9999.0 -9999.0 -9999.0 -9999.0 -9999.0 21.4663784839 41.9577655031 60.355657994 79.1907167791 98.8379032184 118.999047717 58.5523148934 96.5192269212 17.094614282 16.6472040319 391.587210252 424.158350927 439.410081096 455.547057852 11.2544512889 19.9504421744 52.6604405995 59.9096990909 67.5986989163 7.17954233201 4.47004280084 12415.4774254 6.05529366163 9.31537043111 5.19275997961 14.7998752241 6.77039253654 4.08771902364 80.0558884888 82.7591526169 2.10997463532 132.717043353 152.495301454 19.7969078686 3104.52648867 3098.60161541 3094.046814 3085.47406033 3082.06458651 3026.65506776 3024.02948338
-9999.0 -9999.0 -9999.0 -9999.0 -9999.0 -9999.0 -9999.0 -9999.0 -9999.0 -9999.0 -9999.0 -9999.0 -9999.0 -9999.0 4.76919183328 10.7406296603 18.457236283 169.646095728 190.005866556 20.5607952893 19.8285717623 19.1467967828 322.197580765 358.609940536 17.4570653488 17.3876717842 14.6116807054 59.2321211582 73.5338736717 34.7112859848 43.2812674284 342.457438676 352.657026032 370.549171611 578.722853095 12998.5904865 6.42754622751 3.95837309247 22.2202661558 18.1519311488 2.75566896854 9.91252205717 12.8496608176 85.8652998189 88.3205897799 246.123164135 153.604502599 21.1585716362 3159.11660614 21.4440451205 3090.17392794 3087.96670017 52.2748352977 1.6733943918 5.53917023465
-9999.0 -9999.0 -9999.0 -9999.0 -9999.0 -9999.0 -9999.0 -9999.0 -9999.0 -9999.0 -9999.0 -9999.0 -9999.0 -9999.0 24.8570836905 40.6084534469 84.4615654092 148.584636857 206.864089748 247.414659409 266.741715154 286.297609394 304.97709708 17.989471647 16.3202706625 31.7509627037 29.7777267712 15.270044311 299.384387404 313.280068757 325.971851456 337.913552237 184.393665617 192.786543788 202.899959771 13002.3839683 10.9697572701 12.7166157696 37.5242266845 3.31221339494 5.74951403359 2.99645952378 2.69457835746 15.4845442612 1.93339325346 2.06442416743 3417.97692999 3170.24137878 3168.02238472 9.85585947318 19.7524480926 12.7779624565 2.85928348488 48.4820166476 12.899707345
-9999.0 -9999.0 -9999.0 -9999.0 -9999.0 -9999.0 -9999.0 -9999.0 -9999.0 -9999.0 -9999.0 -9999.0 -9999.0 -9999.0 17.3273975478 16.3237923146 32.0626208676 48.558100303 20.2252496324 20.5320831662 40.7679001344 60.540440098 97.3915600906 115.792192335 132.605871982 181.577501138 196.655546424 212.682889486 13.7026138311 144.944137348 156.822166275 167.319906822 8.02662167094 2.86776717773 5.46956306233 13202.3193017 13205.8213547 13223.914335 46.8215426506 6.7845499108 10.2747517411 3.24613342741 4.63352239133 17.5172770755 21.1456049186 3.61219882038 3427.20560705 2.88332414209 5.27969483096 6.07675099767 3.9837918447 7.69557761391 3.02116868205 32.8296464723 25.7249620367
-9999.0 -9999.0 -9999.0 -9999.0 -9999.0 -9999.0 -9999.0 -9999.0 -9999.0 -9999.0 -9999.0 -9999.0 -9999.0 -9999.0 -9999.0 15.6148219064 30.7536325935 14.9877608755 30.6650601181 193.260612423 212.137311087 231.633982214 18.5972443704 18.4191782136 35.2332035641 51.9475991449 81.9112901721 96.8171240353 104.497398113 117.499054253 11.0307300752 9.49804736778 180.52675094 183.485328244 186.903199149 190.555362522 152.653904854 13391.6674806 13460.7965577 13463.7791998 13476.4613959 13489.7194489 13496.3194093 1.61325131992 22.7738508941 3428.78398792 3.88548764967 2.005403605 2.19287745664 2.13469286827 3.77275905716 3.90105180248 2.31250693512 3.80846355917 3.59598114057
-9999.0 -9999.0 -9999.0 -9999.0 -9999.0 -9999.0 -9999.0 -9999.0 -9999.0 -9999.0 -9999.0 -9999.0 -9999.0 -9999.0 -9999.0 -9999.0 45.6315068393 61.5571061494 108.966146202 145.688164929 19.7768801077 272.120104313 290.558322724 308.520776347 17.5083716519 34.4632660952 15.1828222456 114.447567363 121.648104759 133.248544878 144.900753241 172.145553471 175.51148027 2.21567019942 138.541088062 145.756651019 149.310006996 164.045948228 18.8109057798 11.9605925093 7.2600152771 6.63431512716 13504.9146287 13507.5493873 13541.4505778 3430.16429098 10.793191133 5.68998463904 3.79187625122 1.2477654664 11.993199694 6.55157408184 2.04454658819 11.7320715975 10.0502112078
-9999.0 -9999.0 -9999.0 -9999.0 -9999.0 -9999.0 -9999.0 -9999.0 -9999.0 -9999.0 -9999.0 -9999.0 -9999.0 -9999.0 -9999.0 -9999.0 16.2373611184 77.468932492 94.1885310539 20.9600305408 19.9610441153 39.9495331212 58.205485994 384.96143156 17.4245872595 69.9069676213 85.6529251535 101.050524691 7.61872593635 18.3079403968 23.6025780418 114.284106731 125.547418045 128.972843245 3.84447064869 3.46134782913 4.1248153906 7.66571672268 3.30913170157 3.3848680715 4.17589689069 4.16563178579 2.81374994094 9.28466772231 13544.5322528 16981.4458252 15.9036960519 3.10732254217 1.40139773815 38.6742681758 35.9011470052 21.8260489306 19.7174710276 14.8449344011 3.73408738643
-9999.0 -9999.0 -9999.0 -9999.0 -9999.0 -9999.0 -9999.0 -9999.0 -9999.0 -9999.0 -9999.0 -9999.0 -9999.0 -9999.0 -9999.0 13.8157040567 44.7099857114 14.7056568399 22.4504939596 21.993142683 42.5634840074 62.6196818458 80.8356983464 480.79061304 497.669514545 17.3259309735 33.2293697793 49.2074802321 59.3372915782 70.8321877629 101.567904072 110.374404248 6.7586292752 5.85241602627 3.14676306707 3.38649998162 5.53971902433 5.60293393063 5.34130789351 6.23074218665 16.5448865291 6.68605019083 2.31506509737 2.19923564318 2.28162680823 4.22508202269 17100.9069388 101.034660037 45.0311706446 3.28608644612 1.48980255418 1.18960130716 4.70550121758 3.37199141016 1.78901425338
-9999.0 -9999.0 -9999.0 -9999.0 -9999.0 -9999.0 -9999.0 -9999.0 -9999.0 -9999.0 -9999.0 -9999.0 -9999.0 -9999.0 14.5824534242 28.0770622804 100.965674249 14.1189381144 42.250108175 63.8365912845 84.180090556 20.7643635639 39.2514297748 56.7098881619 568.283072988 16.4842514327 31.4923168628 46.4375742824 13.2469542524 26.1430001649 32.599457185 40.8646574369 1040.06877252 1052.58946384 1062.85815949 1113.61221004 1125.40212445 1158.31594738 11.5596345107 24.0268130103 20.6329568657 1255.82399279 1260.25863408 1.99840361261 3.57773857545 5.07490985504 17102.7160397 96.1450804595 43.0273362726 41.0246896842 32.2575516614 28.2272145726 6.22948479061 1.43553168798 2.96749203055
-9999.0 -9999.0 -9999.0 -9999.0 -9999.0 -9999.0 -9999.0 -9999.0 -9999.0 -9999.0 -9999.0 -9999.0 -9999.0 -9999.0 14.8403083236 44.860449816 160.445550908 236.428196863 12.5600985602 309.580201735 408.699449777 19.6998110273 38.0397614584 56.127980779 727.913149723 742.348267916 13.3729196071 73.3257452227 85.1755855449 95.7495950234 958.206849548 980.394302729 993.164418167 6.05302491087 35.4949977365 42.0497431161 16.2494919312 23.2531673997 1190.18818517 1223.40742453 1228.35368195 1232.90425868 1264.81449327 2.19801512022 1.89071229874 8.41924289274 17104.9537417 5.91831102677 2.77930982125 7.24830548353 2.65038667796 25.696615789 20.4186007723 12.095061036 8.84232423637
-9999.0 -9999.0 -9999.0 -9999.0 -9999.0 -9999.0 -9999.0 -9999.0 -9999.0 -9999.0 -9999.0 -9999.0 -9999.0 -9999.0 -9999.0 -9999.0 31.0646106344 62.4142975719 279.73586123 295.231743356 422.232391913 437.313264878 19.3538729443 38.6673465455 91.3179107232 754.835661414 782.470081256 793.436190046 8.40112907344 831.96293923 854.68000641 14.339931739 6.14931497342 12.0661761683 23.1939948924 5.42174257248 10.5404814786 22.7660594276 27.9340699105 5.07879700029 3.1738447547 6.14012586833 1290.98910356 1299.10394459 1300.70314929 1313.99345438 17106.9653578 4.45107825721 1.82065967487 1.77828969768 1.71428440945 1.77566646979 1.46562622684 2.68058363168 1.09808808451
-9999.0 -9999.0 -9999.0 -9999.0 -9999.0 -9999.0 -9999.0 -9999.0 -9999.0 -9999.0 -9999.0 -9999.0 -9999.0 -9999.0 -9999.0 -9999.0 16.1837435278 15.8402586845 15.4959454663 31.5992260006 13.6228252193 464.398099281 478.090114396 18.1083752083 35.9303025343 17.2076019583 13.5767598674 13.1330857444 815.765460915 7.35403896499 15.0372968867 8.0120338577 6.72380934251 5.73242509511 4.2439464932 4.44926671977 13.6253400478 18.763442985 3.41588467059 2.86674800124 6.28110555772 10.6520097079 14.1120646067 4.13612190424 1303.75681693 1315.70255839 17108.4542135 10.5453237337 4.5212441503 0.883407818278 2.4032968295 0.70844740936 0.541173391564 3.28227990626 5.83399382125
-9999.0 -9999.0 -9999.0 -9999.0 -9999.0 -9999.0 -9999.0 -9999.0 -9999.0 -9999.0 -9999.0 -9999.0 -9999.0 -9999.0 -9999.0 -9999.0 -9999.0 -9999.0 15.5984780348 45.8552827735 58.3209584559 71.5224164795 490.905509884 503.847922561 516.831482601 532.337638308 545.128904206 571.498687497 578.751550931 585.539612019 591.655313493 5.90734893415 5.42994588279 5.69864664243 19.1182438099 5.04665707746 4.75306202168 3.59537338793 10.2943253463 3.98753160273 2.96197158883 2.7155749164 2.23992522492 4.46934309281 6.46396039282 1329.04521671 18449.712342 1.48599813935 2.85363155313 0.696593350631 3.31876731232 1.89560428125 1.0894605315 13.8092502858 9.73394717208
-9999.0 -9999.0 -9999.0 -9999.0 -9999.0 -9999.0 -9999.0 -9999.0 -9999.0 -9999.0 -9999.0 -9999.0 -9999.0 -9999.0 -9999.0 -9999.0 -9999.0 -9999.0 -9999.0 13.054374244 103.06916529 202.582004012 216.371759296 19.1645981582 37.4855848032 55.475602696 70.1848022429 167.555351816 174.09399045 6.29729570218 6.05515211251 605.003427034 616.087225485 620.962776639 22.5834602624 2.93112126148 7.7124760431 11.2990814272 33.8638956325 41.4176589364 47.09817862 5.1468340472 7.15138420176 2.42908183008 4.85058391883 2.47974465065 18454.4206304 1.1843951039 5.26931132794 1.94584695378 6.2924265876 17.1557598428 18.9699337042 33.557961943 11.5053804287
-9999.0 -9999.0 -9999.0 -9999.0 -9999.0 -9999.0 -9999.0 -9999.0 -9999.0 -9999.0 -9999.0 -9999.0 -9999.0 -9999.0 -9999.0 -9999.0 -9999.0 -9999.0 14.5082598063 46.1964956314 90.3457627319 117.932774355 300.773396697 317.256816221 37.4059753698 55.5260801072 70.6494586997 85.1730460933 181.015225288 193.987674521 339.331738248 349.559641846 355.739180907 625.669356307 659.151719917 7.31825905705 5.13355990544 4.80530443269 9.04706273095 4.00513824982 54.7784428194 57.4898682679 9.53066516379 12.8363065688 3.84796644991 4033.99792251 4039.42586766 22496.8270594 22504.2839759 1.41767075075 9.24277406511 5.0335621267 3.04964317517 39.8759499287 52.8277951856
-9999.0 -9999.0 -9999.0 -9999.0 -9999.0 -9999.0 -9999.0 -9999.0 -9999.0 -9999.0 -9999.0 -9999.0 -9999.0 -9999.0 -9999.0 -9999.0 -9999.0 -9999.0 -9999.0 16.5112814122 15.9965675745 30.261829877 71.6302494392 330.561972381 19.1863833432 18.9675831964 34.3448503428 49.6546485834 118.312493364 127.778842986 6.40615134797 6.98952641399 362.835962857 368.039056025 1032.87082918 1037.5862873 2.53201990962 2.19507693829 1.79644765854 1.81545776233 2.06331494308 3980.21810865 3997.64691552 4012.86102034 4019.75440387 4030.89030068 2.9132123031 10.7017328444 12.6590137098 22521.4007573 22522.7351702 22523.8458203 22526.4155947 22529.4480248 56.8871695122
-9999.0 -9999.0 -9999.0 -9999.0 -9999.0 -9999.0 -9999.0 -9999.0 -9999.0 -9999.0 -9999.0 -9999.0 -9999.0 -9999.0 -9999.0 -9999.0 -9999.0 -9999.0 -9999.0 -9999.0 14.6938479535 15.3685348853 28.409991921 386.027155719 400.223789154 18.6893108334 33.8834985637 49.5152572331 60.4571581194 9.35898900693 18.1319533708 890.707839842 896.399108205 902.227741104 943.930145516 1985.53323834 3867.71504799 3874.25688075 3880.06568413 3885.64343577 3911.460426 3919.90938796 15.0795942651 6.56922354012 3.96925246183 7.40696603109 5.35584078783 8.50613423091 2.58782819483 64.8756425005 73.3291519875 79.0470111292 79.9263094524 22530.7498884 22589.8858321
-9999.0 -9999.0 -9999.0 -9999.0 -9999.0 -9999.0 -9999.0 -9999.0 -9999.0 -9999.0 -9999.0 -9999.0 -9999.0 -9999.0 -9999.0 -9999.0 -9999.0 -9999.0 -9999.0 -9999.0 -9999.0 14.9883261645 28.6211886644 42.3283278727 411.598518145 15.2902774797 563.17250264 579.508098754 589.08412234 598.418863951 854.193301792 863.907581542 5.9060743357 31.7377744146 37.8523931004 5.97557856792 1875.84028942 1865.02776682 3.2723766611 7.63725977125 20.7908919309 4.66035033754 4.90714937311 3.38910923321 2.83372926262 2.16680132909 2.56109017737 56.5357284318 59.2036944161 62.6387805767 6.76939475924 4.47158302075 81.6622129955 82.8624988342 83.5352457665
-9999.0 -9999.0 -9999.0 -9999.0 -9999.0 -9999.0 -9999.0 -9999.0 -9999.0 -9999.0 -9999.0 -9999.0 -9999.0 -9999.0 -9999.0 -9999.0 -9999.0 -9999.0 -9999.0 -9999.0 -9999.0 13.6773028419 12.7333944358 66.1264565648 504.379725282 532.891609222 547.997900703 16.3005442084 235.04225343 243.809792828 247.611575335 8.91715430822 15.9708593315 21.7083616386 433.540407175 438.058321329 441.919547838 1857.95219188 1144.75000758 4.25113922049 4.48356147768 4.27990329202 3.27958446645 35.3358303852 41.8555676865 47.5196496061 50.697870075 53.7440842099 438.343980588 440.892150031 444.359422753 451.61351339 477.571127157 478.507021545 562.986934679
-9999.0 -9999.0 -9999.0 -9999.0 -9999.0 -9999.0 -9999.0 -9999.0 -9999.0 -9999.0 -9999.0 -9999.0 -9999.0 -9999.0 -9999.0 -9999.0 -9999.0 -9999.0 -9999.0 -9999.0 -9999.0 -9999.0 26.6795554967 40.6817822243 14.5317083638 19.3674534691 179.249936855 196.404308835 207.988952419 90.6837914396 98.6762719656 107.388420831 114.199495247 423.287797601 429.813464107 257.714414916 704.725855002 709.405153937 1141.37482555 9.17309615934 4.66680525969 3.17013835709 24.7095554612 28.9661274008 2.36868598437 2.17412373109 428.034452873 433.587926639 436.301349057 3.38172271471 5.13489038649 474.172876102 1.70198001275 7.37772823833 8.10480393932
-9999.0 -9999.0 -9999.0 -9999.0 -9999.0 -9999.0 -9999.0 -9999.0 -9999.0 -9999.0 -9999.0 -9999.0 -9999.0 -9999.0 -9999.0 -9999.0 -9999.0 -9999.0 -9999.0 -9999.0 -9999.0 -9999.0 13.3401548599 26.3870941688 110.610042931 125.600679595 142.717096098 69.7754868723 82.6416958474 8.50928494666 287.748177936 295.394551423 302.823525971 6.72419900392 245.692995326 252.480583915 4.89798641042 1117.40888847 10.4393124994 5.1743058211 13.5132934634 18.1976762787 3.42917435094 2.73350225518 398.515197679 422.963801363 426.305653192 3.42628633223 7.38789484882 9.2434793798 11.0679301324 20.2778881634 2.70830160053 6.1162648345 1.15161444352
-9999.0 -9999.0 -9999.0 -9999.0 -9999.0 -9999.0 -9999.0 -9999.0 -9999.0 -9999.0 -9999.0 -9999.0 -9999.0 -9999.0 -9999.0 -9999.0 -9999.0 -9999.0 -9999.0 -9999.0 -9999.0 -9999.0 13.198266254 41.3042813341 71.4222766302 17.2498821699 35.9705271495 54.0401816797 252.600966218 263.542642822 271.765441522 7.4628207093 203.909768128 226.577411824 233.616892799 5.04249278807 1095.91384479 1107.89741634 5.57311834374 5.04034833 9.97086360815 3.95356545136 379.865949915 386.806481478 391.026056323 15.9123087092 19.4684210245 3.04723894082 5.38847318384 2.36316930927 16.3056328202 2.44095242391 1.63438099877 1.7084851844 1.77065715452
-9999.0 -9999.0 -9999.0 -9999.0 -9999.0 -9999.0 -9999.0 -9999.0 -9999.0 -9999.0 -9999.0 -9999.0 -9999.0 -9999.0 -9999.0 -9999.0 -9999.0 -9999.0 -9999.0 -9999.0 -9999.0 -9999.0 -9999.0 14.3303342869 15.6754512519 19.4782387829 170.907202062 188.186015627 237.946757775 12.3336622416 171.20515843 189.796237063 7.93083193163 16.1827365077 5.89730496939 1079.27399665 6.62861505022 17.2968542219 21.4203407093 25.9205789739 354.325898108 368.517601032 373.090247173 4.62886424649 8.57259998877 12.0866856256 2.03902941026 1.81418070565 1023.15603224 1025.01941452 1026.54052091 1042.70804167 1044.65765847 1046.95236808 1048.36526649
