data/baseflow/mHMbf_acc267.asc
ncols                  80
nrows                 72
xllcorner      4374000.0
yllcorner      5656000.0
cellsize            500
NODATA_value       -9999
[rows 25 to 49 of 72, columns 0 to 54 of 80]
-9999.0 -9999.0 -9999.0 -9999.0 -9999.0 -9999.0 -9999.0 -9999.0 -9999.0 -9999.0 -9999.0 -9999.0 17.2906418169 34.6951604783 15.9412157794 30.5912555268 11.5553431626 100.859798869 121.306650011 131.720408823 9.32396084937 18.9824370653 188.354703763 232.290875598 238.512828289 10.9644996989 9.14681291107 13.3639932357 3.32207162178 2.97856412405 5.54369445423 2.22074990469 277.868927078 280.850197322 281.572631038 2222.00782094 4206.40352923 4193.5311874 2.52366476441 1.54170237518 1.47748429484 8.764767414 7.45283603302 17.0118534013 24.48810673 48.3153637215 4.7409818383 4.70965825771 40.3974572282 44.9282308074 86.0826983729 87.6843829713 94.6358995729 95.9570116454 1.1302613284
-9999.0 -9999.0 -9999.0 -9999.0 -9999.0 -9999.0 -9999.0 -9999.0 -9999.0 -9999.0 -9999.0 -9999.0 -9999.0 16.9418811396 33.690526029 50.7513867196 75.9962933921 12.824531886 10.7094199525 75.3346637881 85.0701684554 169.452961359 180.098657127 30.0804373765 7.23180802268 5.40021068674 4.48093026083 260.343817041 263.666596971 267.220114701 270.115156718 275.034838863 36.7874178155 37.8413104948 320.044624227 6750.76244528 10.6038526541 7.06165801366 3.95774869108 1.30130728608 1.22438793885 11.4009522602 12.170990322 19.4347654901 1.35406667616 50.4851961832 8.32915250852 8.21858016647 1.4032306128 0.742354829708 0.579887296458 0.479110099845 0.594397948849 96.8352162155 1197.58246411
-9999.0 -9999.0 -9999.0 -9999.0 -9999.0 -9999.0 -9999.0 -9999.0 -9999.0 -9999.0 -9999.0 -9999.0 -9999.0 -9999.0 14.8573380963 25.9381550431 35.1287177567 43.7740817842 54.1359402081 65.0017519942 31.7879310377 54.6769759656 10.2861021153 9.0689492174 228.505062094 244.172385263 250.695304909 256.813529479 3.82373670082 6.93653708093 23.1615269919 28.1139855871 33.1694990578 1.52738643793 0.724935245365 6757.1534484 2.76109970396 2.22843625823 1.1616414134 5.97217422751 2.99899687633 1.0292369108 32.5318174179 33.1836641136 0.551736005614 51.0676474739 60.027082675 9.01384605731 1232.57798902 1230.60716281 1229.22267842 1226.78002501 1225.895307 1207.705382 1206.83576353
-9999.0 -9999.0 -9999.0 -9999.0 -9999.0 -9999.0 -9999.0 -9999.0 -9999.0 -9999.0 -9999.0 -9999.0 -9999.0 -9999.0 3.67270302726 7.44597791415 9.753252338 107.59582826 118.680691841 11.4751069813 10.81543166 11.685167527 191.766782859 212.954042577 9.55260784334 9.32523353289 6.68077515533 30.7183676879 38.3292602892 13.8321445623 20.0744292719 195.314021033 201.175833195 206.756974126 319.988020001 7079.77436554 2.55789376096 0.910204641786 9.45988782597 7.86192288344 0.970106834173 2.99851633295 3.88760744707 33.9976881251 34.6177816282 96.454899029 60.7334503439 11.1681096722 1252.81551947 4.73523403545 1228.05143938 1227.44904829 17.2474983139 1.48980832689 7.23334395478
-9999.0 -9999.0 -9999.0 -9999.0 -9999.0 -9999.0 -9999.0 -9999.0 -9999.0 -9999.0 -9999.0 -9999.0 -9999.0 -9999.0 16.9820427132 28.575799804 55.6817653996 97.3576035088 127.325345053 150.192159814 160.733170953 171.989822408 182.528211004 10.0940602416 8.25910849683 16.1739907882 14.6903256003 8.61791781386 169.736616944 177.112439839 183.596245928 189.839311766 106.439627422 109.627677579 112.086237574 7082.08354731 5.41694307057 1.92475747115 13.8436740346 2.18380265963 1.75893538021 0.919965984282 0.839721718921 4.67672541925 0.520809830646 0.536636484604 1352.00750431 1255.15889137 1254.62884609 1.92521230479 4.14972953481 2.70633145721 0.597770139579 15.061487694 4.01272885698
-9999.0 -9999.0 -9999.0 -9999.0 -9999.0 -9999.0 -9999.0 -9999.0 -9999.0 -9999.0 -9999.0 -9999.0 -9999.0 -9999.0 11.3880247793 11.2892818667 22.4645929165 32.6975095187 12.9725711291 16.4065765611 29.3482091006 41.9678495187 65.2634503093 75.9824023598 83.4003920328 107.760266518 115.03024606 124.428215088 7.88709778519 80.5500971883 87.3971729091 94.625581344 6.33263701079 5.72161709514 9.61939614818 7213.84535318 7216.04717143 7224.32783561 21.5501491033 5.24917561279 2.66919320879 0.73486200824 1.4978204877 5.35112739022 6.41202061221 0.98939504141 1354.29975722 0.648226174952 0.946505314687 1.02849665971 0.772804230788 1.63543288909 0.693555146717 10.4379160453 8.50523317542
-9999.0 -9999.0 -9999.0 -9999.0 -9999.0 -9999.0 -9999.0 -9999.0 -9999.0 -9999.0 -9999.0 -9999.0 -9999.0 -9999.0 -9999.0 11.1261715063 21.4366069404 9.23734671426 19.0106156509 119.485676406 128.900462057 139.888145287 11.2590247496 11.1817432506 18.5566074975 27.4320019845 41.6798713284 49.8414327509 57.6874863923 65.1091975567 6.16555224751 6.16108854166 107.410207384 113.181294997 116.599441608 119.645780025 109.184564748 7346.34743913 7383.01548276 7385.58445896 7390.43464542 7396.94178458 7398.65971391 0.427774243136 6.89791630923 1354.65945859 0.754762687387 0.385184569664 0.491350730404 0.570464772333 1.0227221097 1.07639528835 0.633326284801 1.02683541159 1.04115428693
-9999.0 -9999.0 -9999.0 -9999.0 -9999.0 -9999.0 -9999.0 -9999.0 -9999.0 -9999.0 -9999.0 -9999.0 -9999.0 -9999.0 -9999.0 -9999.0 31.8215155742 41.2258180045 70.2303390657 90.9553946236 10.5184410565 164.463260563 175.24503111 184.297678499 8.19381070688 16.2435570054 6.64795535609 54.837212056 62.0902970833 69.9796736916 77.138617153 96.6695869989 102.166636386 3.71372446466 97.5990405476 103.764439755 106.475675885 119.660923157 12.8176310815 6.59956606531 3.03494614474 3.1338670097 7400.21937645 7400.55363103 7411.30236773 1354.95111374 2.50511886229 1.47117385794 0.958376336111 0.377905963307 3.31291799717 1.80697330072 0.57941974888 3.39603794337 2.90681361497
-9999.0 -9999.0 -9999.0 -9999.0 -9999.0 -9999.0 -9999.0 -9999.0 -9999.0 -9999.0 -9999.0 -9999.0 -9999.0 -9999.0 -9999.0 -9999.0 9.83424725274 51.0505963549 61.1618475039 10.7720336691 12.6494717016 27.3716300282 39.6206446632 233.225934863 8.36823717856 33.515807779 40.5323728322 47.5384149735 7.28416732933 14.6681225941 20.7751756345 74.3269430811 84.5596222451 87.7592835168 3.21027185389 3.25146288468 4.06179437823 7.66068139046 3.5032384018 3.56868548926 2.12709436704 3.61881848536 2.21164209211 3.66210681346 7411.70661908 8767.87940668 2.99759503498 1.39500209377 0.365150054731 10.9135212449 10.0871251226 6.19486347058 5.60964134582 4.25461920644 1.05038590391
-9999.0 -9999.0 -9999.0 -9999.0 -9999.0 -9999.0 -9999.0 -9999.0 -9999.0 -9999.0 -9999.0 -9999.0 -9999.0 -9999.0 -9999.0 9.40721340217 27.7196987413 8.67797489552 12.6234650487 14.3056870239 27.3626234275 40.9901328267 50.7307474466 291.208199446 299.362358401 8.46308737036 15.7525128902 23.2007690516 30.9687971751 38.7280128461 66.1425445599 70.5177990188 6.47539408209 4.51330545349 3.30961635428 1.50326248297 2.47138781097 3.37655760037 3.51513801435 6.75971781843 7.8919232544 4.4114857771 0.623773859555 0.615064128383 0.503921137 0.943616224561 8810.97929911 37.9268437229 13.4680516718 1.62279870577 0.862863258008 0.420041570464 1.49144158307 1.01589899202 0.541028067815
-9999.0 -9999.0 -9999.0 -9999.0 -9999.0 -9999.0 -9999.0 -9999.0 -9999.0 -9999.0 -9999.0 -9999.0 -9999.0 -9999.0 10.0353303059 19.1248152626 64.2736837331 7.84178480031 20.9619941204 34.5620905573 46.354259889 12.6360609893 22.5475575309 30.4898410258 336.241329761 7.8321743817 14.5076851008 22.0572870182 7.74144653369 15.4522202008 21.6625950345 26.0388366689 568.185554156 575.068767595 580.302580937 596.404090011 603.957404954 617.184007243 4.05671695272 11.6536923481 8.89375829741 653.052802882 654.134094944 0.554019415117 0.92813053274 1.28708138211 8811.43901055 34.1850426086 18.3929003156 17.2270177157 12.7732968325 10.5887980477 1.9510965439 0.460695042235 0.920041296925
-9999.0 -9999.0 -9999.0 -9999.0 -9999.0 -9999.0 -9999.0 -9999.0 -9999.0 -9999.0 -9999.0 -9999.0 -9999.0 -9999.0 10.4644831382 31.301578232 105.801176837 157.315867976 7.0895842699 200.551423218 254.619399495 11.6551814738 21.7664343624 30.4774213417 422.147284158 427.951327322 4.36492618383 31.1334755679 36.1177413413 42.8575031301 521.537479887 533.375114467 538.271746464 2.20140121622 12.6658096752 14.7651290523 4.88648690049 6.37855709169 627.437034581 641.637722435 642.687460481 643.654021185 655.182378663 0.51783479346 0.449532840759 2.10108773389 8811.83937446 1.09342053058 1.18847514818 3.50644108401 1.32112331804 9.36233180684 7.15883253652 4.3981853603 3.09014672658
-9999.0 -9999.0 -9999.0 -9999.0 -9999.0 -9999.0 -9999.0 -9999.0 -9999.0 -9999.0 -9999.0 -9999.0 -9999.0 -9999.0 -9999.0 -9999.0 21.5270768141 42.8009860161 184.533344238 193.780947332 262.773990182 270.561921829 11.1028293493 22.2319197466 48.9837660917 433.267177303 442.463661924 445.624257186 2.59999355201 459.387578176 472.127531208 7.13213615004 2.24027980405 4.56818716254 8.67778229613 1.98859743938 3.66195082739 8.03731852544 9.4080465813 1.66764998777 1.06136032981 1.96918016305 666.199409043 669.938307041 670.314548424 673.686266764 8812.13917754 0.967408059984 0.829652340962 0.960165767005 0.917431624963 0.943098022667 0.819766417548 1.53398792712 0.514954862721
-9999.0 -9999.0 -9999.0 -9999.0 -9999.0 -9999.0 -9999.0 -9999.0 -9999.0 -9999.0 -9999.0 -9999.0 -9999.0 -9999.0 -9999.0 -9999.0 11.1308228088 10.8062014307 10.077260202 18.2384228037 7.6069391446 285.950521995 293.169974453 9.38048949479 18.9166698309 6.34765462485 4.45886494887 4.22675856812 453.64166463 4.31838505981 8.90732674545 3.8151472359 2.65332647911 2.13165811568 1.5836451997 1.65915124768 5.09323289709 7.02721323043 1.29645695726 1.1137497144 2.41286209183 4.08519658546 7.57004493893 2.72840911764 671.169118899 674.086901961 8812.36515386 4.34826089653 2.21157154328 0.611896074644 1.41799596598 0.511123340519 0.409281784288 1.97651724669 2.56814812208
-9999.0 -9999.0 -9999.0 -9999.0 -9999.0 -9999.0 -9999.0 -9999.0 -9999.0 -9999.0 -9999.0 -9999.0 -9999.0 -9999.0 -9999.0 -9999.0 -9999.0 -9999.0 10.6779250615 27.6115439935 35.2968419148 42.8667924862 300.725243616 308.636836484 315.709881582 321.906682096 325.960451436 334.593601125 338.400308916 342.480035952 345.533549332 2.34846725167 2.18984860928 2.19596277693 7.21239594091 1.89067922192 1.78069326186 1.35715949333 3.90103657609 1.53057505094 1.13327631355 1.04396966233 0.927059757677 1.8496757211 2.6176524262 679.21782091 9496.11227673 1.12324708454 1.65001719683 0.499314438121 1.97852360126 1.16511453175 0.822336048693 6.81022737409 4.51720986745
-9999.0 -9999.0 -9999.0 -9999.0 -9999.0 -9999.0 -9999.0 -9999.0 -9999.0 -9999.0 -9999.0 -9999.0 -9999.0 -9999.0 -9999.0 -9999.0 -9999.0 -9999.0 -9999.0 8.69172796231 70.963219868 132.618095548 139.984983133 10.2065638363 19.9129034094 30.0200826847 36.9904845515 89.4945119483 92.2522855581 2.62346610246 2.58404795371 350.563845288 354.941998541 356.999473517 8.54878625197 1.02875770008 2.60224868216 3.88857214343 11.998777348 14.9267785356 17.1336129853 2.00939027934 2.79466629079 0.942012926538 1.85184945022 0.946716316002 9497.44386443 0.786475302265 3.33782557987 0.984625276998 3.28428115701 8.33050772516 9.56459010497 16.8708464508 5.73850169482
-9999.0 -9999.0 -9999.0 -9999.0 -9999.0 -9999.0 -9999.0 -9999.0 -9999.0 -9999.0 -9999.0 -9999.0 -9999.0 -9999.0 -9999.0 -9999.0 -9999.0 -9999.0 9.91797823055 32.0032309867 62.4320461684 81.2542626361 198.061356948 206.722829506 21.7478669769 32.4113229197 41.5963541487 48.0719549481 95.8087841509 101.441401373 194.446744158 204.454094866 207.063566574 358.67889668 370.863632737 2.46576583268 1.69427827008 1.57978353806 2.97809106109 1.3918415726 19.9551848228 21.0257759237 3.68118931967 6.0693238267 1.45584596526 2348.94765977 2350.86037087 11848.7437274 11852.8206325 1.04126087772 5.50499193208 1.32376216791 0.810968504417 18.2282297101 24.3763293575
-9999.0 -9999.0 -9999.0 -9999.0 -9999.0 -9999.0 -9999.0 -9999.0 -9999.0 -9999.0 -9999.0 -9999.0 -9999.0 -9999.0 -9999.0 -9999.0 -9999.0 -9999.0 -9999.0 11.6134321137 11.2522792814 20.980208579 49.5794278453 215.606280743 11.480480092 11.3264087475 19.7755898978 29.2934945162 73.1674646334 79.1957219384 7.31540633873 6.35612185659 210.124221383 211.717303171 584.746610418 586.58491161 0.875630197435 0.774329513431 0.649300610553 0.654966039689 0.772903810959 2321.6144119 2328.64633137 2337.74374697 2342.38016104 2347.1025071 1.08338052887 3.93530838829 4.42798094076 11858.4013776 11858.5593302 11859.7308635 11861.5985694 11863.899224 25.3107744199
-9999.0 -9999.0 -9999.0 -9999.0 -9999.0 -9999.0 -9999.0 -9999.0 -9999.0 -9999.0 -9999.0 -9999.0 -9999.0 -9999.0 -9999.0 -9999.0 -9999.0 -9999.0 -9999.0 -9999.0 10.0967556378 10.6763716552 19.6740451422 254.006539049 261.770065499 11.009470011 19.3555895622 29.1485464689 38.6965984642 8.5943235936 14.87857971 579.39709699 581.53228854 585.761223742 610.764174094 1200.54405458 2280.24345324 2282.56100636 2284.59165394 2286.57953154 2296.35840159 2299.53304027 5.6919216699 2.48892733391 1.49943902308 2.788801217 1.96368888683 3.13581094043 0.93806015045 23.2801256101 25.4876991626 27.7774303858 28.0159508565 11863.9766018 11889.9953626
-9999.0 -9999.0 -9999.0 -9999.0 -9999.0 -9999.0 -9999.0 -9999.0 -9999.0 -9999.0 -9999.0 -9999.0 -9999.0 -9999.0 -9999.0 -9999.0 -9999.0 -9999.0 -9999.0 -9999.0 -9999.0 10.3459568998 19.8113074228 29.3445886414 269.566651037 7.17685146708 364.116964124 374.365705758 383.45584755 390.827799872 551.988032631 558.733398879 2.30034676752 17.9490086354 20.8926018211 2.15109139606 1077.53803161 1073.49362624 1.24613692119 2.93192839303 7.906161784 1.77062638434 1.82024983269 1.26389463803 1.03335138908 0.797952525786 0.923819806967 20.5039600771 21.4693906054 22.6596889724 1.79408180166 1.92769086331 29.0387429845 29.3440676574 29.533603481
-9999.0 -9999.0 -9999.0 -9999.0 -9999.0 -9999.0 -9999.0 -9999.0 -9999.0 -9999.0 -9999.0 -9999.0 -9999.0 -9999.0 -9999.0 -9999.0 -9999.0 -9999.0 -9999.0 -9999.0 -9999.0 9.30540863815 8.73720240665 45.4543546041 332.272849774 347.951035659 355.469879261 7.27725369203 138.514687615 147.697080302 153.679203117 6.48639721777 9.05858738538 10.9879214158 227.837004722 229.610551968 231.145288728 1070.85403202 689.110659167 1.58757642683 1.69403787566 1.61877760388 1.20048750938 12.8053334343 15.1850416383 17.2581898857 18.4027820849 19.499179459 205.159441049 205.938023352 208.376609699 214.85002497 226.852612069 227.106467423 256.881661287
-9999.0 -9999.0 -9999.0 -9999.0 -9999.0 -9999.0 -9999.0 -9999.0 -9999.0 -9999.0 -9999.0 -9999.0 -9999.0 -9999.0 -9999.0 -9999.0 -9999.0 -9999.0 -9999.0 -9999.0 -9999.0 -9999.0 18.2719985181 27.9825423423 8.63458228459 12.0024419262 112.58084179 120.095308415 125.121135566 43.7185550356 49.5158429449 55.3336825324 58.1416963099 223.855018944 226.511813396 145.648055686 378.692731367 380.409493992 687.937270039 3.34353937755 1.70645314131 1.17176480818 8.96482010331 10.4663075048 0.841669037242 0.777955782774 201.738490884 203.604664101 204.458302509 2.48153301749 4.38841591504 225.634188076 0.580354190527 1.68427367064 1.88100910099
-9999.0 -9999.0 -9999.0 -9999.0 -9999.0 -9999.0 -9999.0 -9999.0 -9999.0 -9999.0 -9999.0 -9999.0 -9999.0 -9999.0 -9999.0 -9999.0 -9999.0 -9999.0 -9999.0 -9999.0 -9999.0 -9999.0 9.22272851363 18.1925750162 73.1880361406 82.1234239563 90.7004733974 32.7142183944 38.3087696879 5.61858088727 154.018534648 158.941128316 163.307942146 3.03929338328 140.771850721 143.564669435 1.92532042802 679.17699176 3.93386541468 1.98977147498 4.89534277621 6.60819661752 1.2144503042 0.986594636417 191.811335259 200.081330043 201.179840995 1.20121104911 2.52069697646 3.21464636909 4.00305652785 8.24715871138 0.638767472215 1.38583979304 0.283447139498
-9999.0 -9999.0 -9999.0 -9999.0 -9999.0 -9999.0 -9999.0 -9999.0 -9999.0 -9999.0 -9999.0 -9999.0 -9999.0 -9999.0 -9999.0 -9999.0 -9999.0 -9999.0 -9999.0 -9999.0 -9999.0 -9999.0 9.1033997726 27.8431600435 46.7519495327 9.56913897411 19.6524446969 26.9238950477 131.429518469 138.189804912 143.600134809 4.87237801047 118.197120761 132.217887521 135.598487474 2.55172424356 670.994457759 675.544840784 2.06108372473 1.84746141612 3.59766086833 1.39535712314 185.328537285 187.738093178 189.138021771 5.3359980398 6.53015203772 1.02002740913 1.81619852672 0.803423550715 5.80260099658 0.844949922451 0.376177645085 0.366029405382 0.387323635459
-9999.0 -9999.0 -9999.0 -9999.0 -9999.0 -9999.0 -9999.0 -9999.0 -9999.0 -9999.0 -9999.0 -9999.0 -9999.0 -9999.0 -9999.0 -9999.0 -9999.0 -9999.0 -9999.0 -9999.0 -9999.0 -9999.0 -9999.0 9.18416778529 9.65602826079 10.9185336753 98.5191758165 105.064212462 125.336414999 6.51510815683 96.4622208159 109.077174983 5.1097925103 10.2443560609 3.29077783215 663.104103464 3.33728732183 7.51028422628 9.07037367744 10.5640076142 176.824798998 181.432019523 182.957466772 1.57765226565 2.88967697301 4.06079954113 0.694298120536 0.621080523393 543.829483258 544.448763076 544.965837223 550.321800969 550.972905601 551.53317318 551.846907477
