data/baseflow/mHMbf_acc372.asc
ncols                  80
nrows                 72
xllcorner      4374000.0
yllcorner      5656000.0
cellsize            500
NODATA_value       -9999
[rows 0 to 24 of 72, columns 0 to 54 of 80]
-9999.0 -9999.0 -9999.0 -9999.0 -9999.0 -9999.0 -9999.0 -9999.0 -9999.0 -9999.0 -9999.0 -9999.0 23.8745657903 20.0004180819 -9999.0 -9999.0 -9999.0 -9999.0 -9999.0 -9999.0 -9999.0 -9999.0 -9999.0 -9999.0 -9999.0 -9999.0 -9999.0 -9999.0 -9999.0 -9999.0 -9999.0 -9999.0 -9999.0 -9999.0 -9999.0 -9999.0 -9999.0 -9999.0 -9999.0 -9999.0 -9999.0 -9999.0 -9999.0 -9999.0 -9999.0 -9999.0 -9999.0 -9999.0 -9999.0 -9999.0 -9999.0 -9999.0 -9999.0 -9999.0 -9999.0
-9999.0 -9999.0 -9999.0 -9999.0 -9999.0 -9999.0 -9999.0 -9999.0 -9999.0 -9999.0 -9999.0 -9999.0 49.561845875 107.600063914 17.1395554128 -9999.0 14.3566734975 -9999.0 -9999.0 -9999.0 -9999.0 -9999.0 -9999.0 -9999.0 -9999.0 -9999.0 -9999.0 -9999.0 -9999.0 -9999.0 -9999.0 -9999.0 -9999.0 -9999.0 -9999.0 -9999.0 -9999.0 -9999.0 -9999.0 -9999.0 -9999.0 -9999.0 -9999.0 -9999.0 -9999.0 -9999.0 -9999.0 -9999.0 -9999.0 -9999.0 -9999.0 -9999.0 -9999.0 -9999.0 -9999.0
-9999.0 -9999.0 -9999.0 -9999.0 -9999.0 -9999.0 -9999.0 -9999.0 -9999.0 -9999.0 25.0438186481 23.9290373876 24.580346837 23.9890955884 152.919953481 170.246026387 39.5519361503 12.526499076 -9999.0 -9999.0 -9999.0 -9999.0 -9999.0 -9999.0 -9999.0 -9999.0 -9999.0 -9999.0 -9999.0 -9999.0 -9999.0 -9999.0 -9999.0 -9999.0 -9999.0 -9999.0 -9999.0 -9999.0 -9999.0 -9999.0 -9999.0 -9999.0 -9999.0 -9999.0 -9999.0 -9999.0 -9999.0 -9999.0 -9999.0 -9999.0 -9999.0 -9999.0 -9999.0 -9999.0 -9999.0
-9999.0 -9999.0 -9999.0 -9999.0 -9999.0 -9999.0 -9999.0 -9999.0 -9999.0 23.7457406493 48.8784394766 97.0006051308 47.0544613292 22.761846807 45.1125482234 191.813860086 261.268305557 14.5616656988 -9999.0 23.9160822578 -9999.0 -9999.0 -9999.0 -9999.0 27.2306976631 13.8731599623 -9999.0 -9999.0 -9999.0 -9999.0 -9999.0 -9999.0 -9999.0 -9999.0 -9999.0 -9999.0 -9999.0 -9999.0 -9999.0 -9999.0 -9999.0 -9999.0 -9999.0 -9999.0 -9999.0 -9999.0 -9999.0 -9999.0 -9999.0 -9999.0 -9999.0 -9999.0 -9999.0 -9999.0 -9999.0
-9999.0 -9999.0 -9999.0 -9999.0 -9999.0 -9999.0 -9999.0 -9999.0 27.1147765047 76.1355544096 99.1264950274 122.222534782 166.475292599 21.682017281 87.7033019163 108.643392299 403.156741936 17.6371784289 18.8487186229 44.6069448488 64.7791614413 21.1606401749 -9999.0 71.3861809709 58.6473926577 16.2502415949 -9999.0 -9999.0 -9999.0 -9999.0 -9999.0 -9999.0 -9999.0 -9999.0 -9999.0 -9999.0 -9999.0 -9999.0 -9999.0 -9999.0 -9999.0 -9999.0 -9999.0 -9999.0 -9999.0 -9999.0 -9999.0 -9999.0 -9999.0 -9999.0 -9999.0 -9999.0 -9999.0 -9999.0 -9999.0
-9999.0 -9999.0 -9999.0 -9999.0 -9999.0 -9999.0 26.8935092607 24.310415374 23.5631749575 24.0305042634 24.5408514648 171.602293546 361.509069564 384.533495111 405.163001997 21.031966521 442.887000863 462.004121552 39.0806099833 20.3889159061 84.5019000794 146.575255639 19.1960823619 128.82832915 20.7611268458 19.701516619 21.3776438442 -9999.0 -9999.0 -9999.0 -9999.0 -9999.0 -9999.0 -9999.0 -9999.0 -9999.0 -9999.0 -9999.0 -9999.0 -9999.0 -9999.0 -9999.0 -9999.0 -9999.0 -9999.0 -9999.0 -9999.0 -9999.0 -9999.0 -9999.0 -9999.0 -9999.0 -9999.0 -9999.0 -9999.0
-9999.0 -9999.0 -9999.0 -9999.0 -9999.0 -9999.0 53.4542181504 78.3771321485 176.994164722 246.818298618 21.4694012075 22.4523111144 21.4479794691 62.7451042806 487.01239856 18.3767580568 480.098717717 554.499891657 57.5013125177 38.3557465903 165.066284218 20.3068689644 148.775093609 38.8607771028 19.3246195388 38.3108740844 42.8023167374 22.1950288147 22.3801645857 21.7538930804 23.8203467577 47.7255496797 -9999.0 -9999.0 -9999.0 -9999.0 -9999.0 -9999.0 -9999.0 -9999.0 -9999.0 -9999.0 -9999.0 -9999.0 -9999.0 -9999.0 -9999.0 -9999.0 -9999.0 -9999.0 -9999.0 -9999.0 -9999.0 -9999.0 -9999.0
-9999.0 -9999.0 -9999.0 -9999.0 -9999.0 28.6106333766 55.5326098404 26.6454714573 51.7311326576 272.424147313 318.267894205 363.786319 1160.02104718 20.8824481137 507.367474924 1830.41833636 1845.74678701 2426.24248003 16.4042244052 56.3198402712 183.684435209 18.4087313291 367.749343972 199.689170059 121.200200965 101.381738744 20.7703930661 65.6285146741 64.9068974839 43.2465954504 21.4656385887 69.9806103654 21.328228422 20.9622986425 -9999.0 -9999.0 -9999.0 -9999.0 -9999.0 -9999.0 -9999.0 -9999.0 -9999.0 -9999.0 -9999.0 -9999.0 -9999.0 -9999.0 -9999.0 -9999.0 -9999.0 -9999.0 -9999.0 -9999.0 -9999.0
-9999.0 -9999.0 -9999.0 -9999.0 -9999.0 28.4045046729 82.7346327334 165.12786363 190.621957234 376.177505405 400.121728961 475.28341569 775.882953633 1222.66215942 1265.88056658 1285.76810089 37.0019771702 2492.30471943 2525.94383081 2620.82171908 3247.28281176 424.993405181 388.060214911 141.212334247 19.6919625688 123.726429964 84.7492003304 18.5263465844 84.6919811286 19.718239907 40.7173067706 111.065171008 131.730378868 41.3035878874 20.1470199272 19.9489864517 -9999.0 -9999.0 -9999.0 -9999.0 13.6545424292 11.9498816403 -9999.0 -9999.0 -9999.0 -9999.0 -9999.0 -9999.0 -9999.0 -9999.0 -9999.0 -9999.0 -9999.0 -9999.0 -9999.0
-9999.0 -9999.0 -9999.0 -9999.0 -9999.0 27.6318802208 26.3687940812 108.13465078 134.050018055 160.811940905 25.5599969938 50.6121952937 282.731991401 49.7708644332 23.8443264533 21.6041396629 19.3499063164 21.582773996 20.4022440943 21.3181044273 3266.40891512 3322.24065717 18.4043881685 57.2115379152 39.1866295152 142.271487279 37.2230870877 17.523779621 104.816796113 39.1764949218 94.5290204105 231.921675172 213.381576926 61.3117234545 59.7812655473 20.5554874653 20.4412350947 -9999.0 -9999.0 20.0091769242 30.4719783325 67.6816148859 12.7768090081 -9999.0 -9999.0 -9999.0 -9999.0 -9999.0 -9999.0 -9999.0 -9999.0 -9999.0 -9999.0 -9999.0 -9999.0
-9999.0 -9999.0 -9999.0 -9999.0 -9999.0 -9999.0 28.0918164739 27.9147048468 53.8290077074 79.9358315766 182.907517462 234.158410938 259.651169589 25.3923852912 20.9602518719 280.688514328 344.475813169 364.364761237 448.2498395 467.417689161 19.3685120782 3341.62582981 3437.43724003 76.7916098435 19.4988221467 160.28603907 353.213458273 139.258784662 36.1293995251 18.2686881937 363.691816058 251.015174652 18.2740775961 17.8720065338 78.1008571915 60.4201728654 19.3594013091 18.1274844683 19.9047143527 39.4243102137 19.1716379368 82.4105911497 100.902990235 16.4628799277 -9999.0 -9999.0 -9999.0 -9999.0 19.0046800475 17.798828762 6.20732372898 -9999.0 -9999.0 -9999.0 -9999.0
-9999.0 -9999.0 -9999.0 -9999.0 -9999.0 -9999.0 -9999.0 27.4471174082 25.1100710662 51.7920045919 78.3980056528 25.8497317071 23.1656326309 146.253733508 192.426323059 239.54063867 22.0764450767 43.4800490771 21.7288993215 487.367177153 1074.70585124 1088.10876006 4560.02117263 18.84896038 55.710940697 17.6899872269 369.689230452 17.6682440324 54.6810829594 17.8321700841 381.754338834 399.776223761 36.5923196573 35.8581215703 197.251123995 99.5015458439 37.2484413705 19.2445797347 39.7111533752 58.9012996066 96.2972082276 18.0657623491 133.861924257 150.220403785 15.1810573877 16.8439721219 16.4260048332 14.9204047369 14.1624604902 51.7985729934 21.7894265479 14.8450713926 -9999.0 -9999.0 -9999.0
-9999.0 -9999.0 -9999.0 -9999.0 -9999.0 -9999.0 -9999.0 -9999.0 51.1964676485 74.9280384548 25.4555858725 51.7903844422 76.073035257 124.631954534 24.9179916658 24.0373041909 20.9756177209 21.2493608761 19.40957104 546.46477748 22.3430529501 43.5923330613 4618.87021881 4660.14319418 20.6250726564 96.997156627 483.699154718 34.9921111709 70.6018794449 32.7508262708 48.1376948526 468.507258706 52.9382551541 283.913573169 232.277869204 17.7437200613 93.833769117 38.1900199495 58.0214698419 18.0294985564 113.125207305 147.234510845 161.963849079 175.910278549 208.249089605 29.575486066 29.9037236053 27.3023210542 25.5449753081 64.3577612107 12.4778834736 49.874603551 61.746079373 -9999.0 -9999.0
-9999.0 -9999.0 -9999.0 -9999.0 -9999.0 -9999.0 -9999.0 -9999.0 26.7462788472 127.881769974 152.646112155 24.7946779106 48.7349173283 23.9025232923 22.3239439684 21.9002293928 274.908766491 366.135731949 449.505625544 531.91082336 19.9591366696 21.713075558 23.2056437229 4752.54793619 4794.62575807 4813.3619351 646.564804902 141.038747886 122.131000246 14.5771280651 63.1369117103 547.206751776 15.534654729 299.613614724 17.6781430659 122.645203693 113.146710615 18.6029959283 76.2380596997 36.0958180702 53.7866639105 16.2701822191 13.827832649 189.670026109 202.275877639 220.820311096 43.2734786523 39.975433806 37.5900686562 77.6913902284 103.004115198 12.6208382691 74.090794805 13.4793788252 25.5312191686
-9999.0 -9999.0 -9999.0 -9999.0 -9999.0 -9999.0 -9999.0 -9999.0 -9999.0 27.4510454962 178.635292018 202.95088903 72.8504152985 120.538103368 165.5251644 188.321338063 23.5816779896 70.2994430038 47.6047523253 24.2113149473 23.8146231813 21.6219278789 43.6083591448 73.7416218372 24.8802854192 5503.87882785 5524.65249589 19.602794155 15.0272270037 31.1254356744 47.1062679146 593.306901943 30.2026429211 313.276849617 190.150843662 156.916554026 17.7380551059 35.7741230841 92.7640937385 16.4973552059 69.7344618539 31.6024792322 25.2745790031 13.9106402708 242.385214025 473.538456359 52.5825016578 49.4930156726 48.2114601905 10.5766268983 113.482400132 10.1609059915 97.3397703288 11.8807968818 37.5264104044
-9999.0 -9999.0 -9999.0 -9999.0 -9999.0 -9999.0 -9999.0 -9999.0 -9999.0 -9999.0 24.1862667483 251.565133089 23.9147061466 47.4516755999 69.3387206739 113.298500503 22.8020387875 46.4946765277 23.5799349584 21.9497605333 20.8661739853 40.9982526401 18.9315612775 21.8914979237 44.4607178225 24.2476579637 5544.18747137 5582.69915012 5638.88483979 64.4973372205 16.7578325431 33.3999107394 609.758781223 583.066047125 224.031389586 16.7865969759 70.3462294351 52.927540463 109.347775541 32.9592975437 133.447935546 47.3011455344 39.0988627128 15.066348214 14.8815037326 488.030414899 500.148420168 612.236109284 81.8595008298 22.1237269868 124.995759928 146.330462339 253.847755052 23.2533320532 10.777909214
-9999.0 -9999.0 -9999.0 -9999.0 -9999.0 -9999.0 -9999.0 -9999.0 -9999.0 -9999.0 -9999.0 13.9599447413 282.380666766 22.5204019923 44.1037444435 200.497603131 22.0278099761 21.7670975331 19.3652582864 42.5721069473 21.3186172889 83.1707684235 120.304331391 136.900374895 60.9700184314 78.0323576847 19.5880066571 23.492267744 22.5356724185 5738.71319622 5788.24021401 624.895174937 613.723409592 598.465380391 31.4752071926 15.1050402078 85.8525923155 226.385105816 125.075225314 48.4778898702 196.926914793 97.1769215184 82.9204216231 29.2672426449 12.4019635213 11.0769695928 11.2668433045 667.464650363 785.403101497 10.9488054162 9.60319332675 10.493993543 264.794442949 298.718056678 20.1554973955
-9999.0 -9999.0 -9999.0 -9999.0 -9999.0 -9999.0 -9999.0 -9999.0 -9999.0 -9999.0 -9999.0 12.8894731102 313.624461181 384.599341498 21.7347370386 243.657022278 20.0941507292 19.4325831583 39.7325897161 103.127040842 20.6724764767 21.8302807416 18.5829143476 173.125797189 190.71809445 287.294735731 324.637072972 344.941613708 365.194224672 387.547881419 6195.50838075 6860.29381767 7509.0297364 7522.57359222 15.2772016749 15.1795011412 257.524576702 242.100533716 15.3818171309 15.4816540008 212.692386814 325.336548665 13.2521492499 191.265603908 177.484959963 59.5881994065 26.9628156277 43.5463956035 14.547734144 808.609557811 12.0063127542 31.8852433418 40.9127403485 376.849016264 409.661124518
-9999.0 -9999.0 -9999.0 -9999.0 -9999.0 -9999.0 -9999.0 -9999.0 -9999.0 -9999.0 -9999.0 25.8763892863 49.4857381466 407.604377968 448.799610766 20.5865009373 279.6262032 17.5710341341 54.8406756753 121.830573039 39.9866427458 19.2098325769 38.6569659185 15.6284062624 31.8776046651 16.9345580176 16.6031659827 16.4259922758 16.4894875776 17.0136929829 18.8920584446 21.9529425642 22.6014677862 22.7683033648 7576.2949428 315.631200745 286.967020666 13.8023570967 45.1239145077 13.8335767585 11.6656358592 340.083447181 575.05783941 207.117264557 150.741990164 34.5896563065 15.2118517477 13.8307399697 25.4883006307 845.672830256 866.876090344 11.1730416839 11.4643206179 12.9903503918 13.5244824315
-9999.0 -9999.0 -9999.0 -9999.0 -9999.0 -9999.0 -9999.0 -9999.0 -9999.0 -9999.0 -9999.0 -9999.0 22.2242835543 304.079833126 774.960217657 841.20254961 1139.09220693 1154.44187347 270.286694193 200.760666342 59.6190344792 18.8844769605 76.0149832134 93.6310055983 142.85803731 34.8338883421 33.363540265 33.5655115272 66.7678673202 33.373832325 35.0011597327 16.5269051238 17.3629710839 17.9193828508 7594.16314058 7918.7227874 7933.36329752 14.1574695699 130.501264016 57.0538116339 16.1356549676 624.101863709 34.4081337837 17.8689978474 74.9784007111 17.554282998 13.963400007 26.3926849495 36.1090896718 46.7954971869 884.156584922 8.17492932582 6.87355290674 7.00226698908 6.57413287675
-9999.0 -9999.0 -9999.0 -9999.0 -9999.0 -9999.0 -9999.0 -9999.0 -9999.0 -9999.0 -9999.0 24.3807208424 232.198794851 281.249805798 45.7524240717 14.6550763335 33.7144543608 1207.60751656 1223.7811304 1509.81465881 18.1060451642 36.7711417226 16.822996808 17.1410207109 159.977813899 211.872627988 260.927528176 15.5328931108 82.4910357393 131.209091669 80.8819513175 31.3991872715 31.2690457853 32.8035196948 32.4665141353 16.8369504464 7945.73306939 7955.67010258 8108.30339277 26.5458499192 13.8882414853 634.162553673 35.4471657946 18.2465125841 19.7283588619 19.5776282252 16.9851022004 32.3930700812 87.9632199785 146.514968149 1039.45462991 6.0654433479 17.9520760856 12.2409867726 11.1870305328
-9999.0 -9999.0 -9999.0 -9999.0 -9999.0 -9999.0 -9999.0 -9999.0 -9999.0 -9999.0 -9999.0 25.0213237943 161.477310679 25.1511057755 22.2786784095 117.360782718 137.952966911 158.351616069 178.214944838 2066.63771316 2084.41544017 2119.8410636 2387.75292201 2443.08887225 2478.38553145 2496.10956789 2807.60476856 2855.72135973 2872.59644538 3022.11629859 3120.22719256 3135.0369594 3197.01432799 46.6606201815 46.8841842171 14.967231493 13.5513174987 7967.79335576 8158.02254957 39.5501869692 722.153140802 710.422640289 66.636274307 15.8390485327 16.0717864428 15.3749688975 15.2075992836 30.6990447307 44.0122086686 12.987834345 1047.56622079 1056.36858769 1093.76073073 1100.60469275 1118.01843733
-9999.0 -9999.0 -9999.0 -9999.0 -9999.0 -9999.0 -9999.0 -9999.0 -9999.0 -9999.0 -9999.0 83.1361154659 110.02458608 51.0468514779 75.3890048573 24.0307926331 272.183663923 293.797199879 337.428155178 358.834054943 147.07844484 2297.74058139 2316.97510979 20.4928649345 17.7783241385 18.6008079178 37.3553068642 18.6779331194 17.3137519479 16.3113529375 15.2736466724 3152.18531238 3213.52935219 3273.71742711 3331.89426461 3381.43978099 24.304882574 7.16361676421 8911.05365078 743.760222103 734.59351137 14.4078101103 12.8963409738 12.0395746778 27.6776975064 26.9514979481 12.062398304 12.1397362833 11.3662266008 24.0558040899 31.3195480805 5.44101311092 9.84377438113 4.21924972716 4.67487291601
-9999.0 -9999.0 -9999.0 -9999.0 -9999.0 -9999.0 -9999.0 -9999.0 -9999.0 -9999.0 -9999.0 -9999.0 56.3568176236 26.42710262 24.5836181744 228.86807007 251.375099546 22.3191079344 87.479728485 108.782849182 129.361574081 22.1148212044 18.5074158134 376.568394828 393.051179773 409.575275377 1053.31775586 1069.33723033 1102.64471362 1228.4891771 1321.47541781 1336.1574178 14.6487351073 15.3544875037 12.5837309286 3397.56041407 8.1787147237 9037.43086598 9026.00602547 105.379141639 92.8563353162 53.7444313184 13.381158629 23.5823036919 38.7532326779 38.173518629 23.4024330541 11.5180799552 22.6810930725 22.7430744364 41.0223253079 7.93583626763 17.7444238947 28.8765234906 39.1749118961
-9999.0 -9999.0 -9999.0 -9999.0 -9999.0 -9999.0 -9999.0 -9999.0 -9999.0 -9999.0 -9999.0 -9999.0 28.9052474236 80.3568745675 105.367857823 180.681011063 21.8924173685 44.9918367773 66.6677708746 259.442401234 279.983681251 301.282988069 320.797431602 341.549297583 529.946932325 590.115932402 628.940689293 19.4129920955 91.1904042595 111.182462379 1277.24231922 1354.00715568 1387.85544033 1422.12914627 1450.77313389 4856.48936075 5.77360272474 9077.47582839 26.9112057365 13.8829448758 79.5700699538 65.6899443634 10.9808236713 34.3259467387 49.0745816051 47.9494635023 32.4132701036 53.1805991213 84.0317465105 31.9068451827 81.2685048324 8.07832047828 15.3768924964 3.84265820826 2.87097585768
