data/baseflow/mHMbf_acc516.asc
ncols                  80
nrows                 72
xllcorner      4374000.0
yllcorner      5656000.0
cellsize            500
NODATA_value       -9999
[rows 0 to 24 of 72, columns 0 to 54 of 80]
-9999.0 -9999.0 -9999.0 -9999.0 -9999.0 -9999.0 -9999.0 -9999.0 -9999.0 -9999.0 -9999.0 -9999.0 20.3415993579 17.2344050266 -9999.0 -9999.0 -9999.0 -9999.0 -9999.0 -9999.0 -9999.0 -9999.0 -9999.0 -9999.0 -9999.0 -9999.0 -9999.0 -9999.0 -9999.0 -9999.0 -9999.0 -9999.0 -9999.0 -9999.0 -9999.0 -9999.0 -9999.0 -9999.0 -9999.0 -9999.0 -9999.0 -9999.0 -9999.0 -9999.0 -9999.0 -9999.0 -9999.0 -9999.0 -9999.0 -9999.0 -9999.0 -9999.0 -9999.0 -9999.0 -9999.0
-9999.0 -9999.0 -9999.0 -9999.0 -9999.0 -9999.0 -9999.0 -9999.0 -9999.0 -9999.0 -9999.0 -9999.0 41.2696336718 90.2387380779 14.4741684964 -9999.0 13.2099249894 -9999.0 -9999.0 -9999.0 -9999.0 -9999.0 -9999.0 -9999.0 -9999.0 -9999.0 -9999.0 -9999.0 -9999.0 -9999.0 -9999.0 -9999.0 -9999.0 -9999.0 -9999.0 -9999.0 -9999.0 -9999.0 -9999.0 -9999.0 -9999.0 -9999.0 -9999.0 -9999.0 -9999.0 -9999.0 -9999.0 -9999.0 -9999.0 -9999.0 -9999.0 -9999.0 -9999.0 -9999.0 -9999.0
-9999.0 -9999.0 -9999.0 -9999.0 -9999.0 -9999.0 -9999.0 -9999.0 -9999.0 -9999.0 19.6196080343 18.6468285509 19.7326814163 19.6983433966 126.445408949 140.142016266 35.7084180751 11.2954675316 -9999.0 -9999.0 -9999.0 -9999.0 -9999.0 -9999.0 -9999.0 -9999.0 -9999.0 -9999.0 -9999.0 -9999.0 -9999.0 -9999.0 -9999.0 -9999.0 -9999.0 -9999.0 -9999.0 -9999.0 -9999.0 -9999.0 -9999.0 -9999.0 -9999.0 -9999.0 -9999.0 -9999.0 -9999.0 -9999.0 -9999.0 -9999.0 -9999.0 -9999.0 -9999.0 -9999.0 -9999.0
-9999.0 -9999.0 -9999.0 -9999.0 -9999.0 -9999.0 -9999.0 -9999.0 -9999.0 18.6643210317 38.2716964405 76.1895879122 38.0212610918 18.4779378434 36.1117458061 156.685867117 217.570540307 12.5495131858 -9999.0 18.8007526884 -9999.0 -9999.0 -9999.0 -9999.0 25.1875539372 12.9790926541 -9999.0 -9999.0 -9999.0 -9999.0 -9999.0 -9999.0 -9999.0 -9999.0 -9999.0 -9999.0 -9999.0 -9999.0 -9999.0 -9999.0 -9999.0 -9999.0 -9999.0 -9999.0 -9999.0 -9999.0 -9999.0 -9999.0 -9999.0 -9999.0 -9999.0 -9999.0 -9999.0 -9999.0 -9999.0
-9999.0 -9999.0 -9999.0 -9999.0 -9999.0 -9999.0 -9999.0 -9999.0 21.9203019546 60.9719741468 79.0343500252 97.2509625567 131.960426673 17.0615683021 69.2444037905 85.1382724811 327.737443916 12.654944003 13.4778688963 34.6491613724 50.0763884018 16.2331173158 -9999.0 64.0896853361 52.9033812354 14.2244331904 -9999.0 -9999.0 -9999.0 -9999.0 -9999.0 -9999.0 -9999.0 -9999.0 -9999.0 -9999.0 -9999.0 -9999.0 -9999.0 -9999.0 -9999.0 -9999.0 -9999.0 -9999.0 -9999.0 -9999.0 -9999.0 -9999.0 -9999.0 -9999.0 -9999.0 -9999.0 -9999.0 -9999.0 -9999.0
-9999.0 -9999.0 -9999.0 -9999.0 -9999.0 -9999.0 21.556075725 19.4712862802 18.848012387 19.2969137443 19.4032489439 136.52882781 287.093644209 305.27343125 320.975840973 16.056323401 357.641704347 371.603182289 31.2959486217 15.846081672 65.1879532139 112.470478681 14.8451431203 109.009039374 16.3138909332 15.4612077197 17.1325698752 -9999.0 -9999.0 -9999.0 -9999.0 -9999.0 -9999.0 -9999.0 -9999.0 -9999.0 -9999.0 -9999.0 -9999.0 -9999.0 -9999.0 -9999.0 -9999.0 -9999.0 -9999.0 -9999.0 -9999.0 -9999.0 -9999.0 -9999.0 -9999.0 -9999.0 -9999.0 -9999.0 -9999.0
-9999.0 -9999.0 -9999.0 -9999.0 -9999.0 -9999.0 43.6900410738 64.4507414916 145.050461969 201.084283176 16.9473419095 18.063891014 16.7782222402 49.6773854724 384.621147698 13.5670229123 384.991423251 452.242862211 51.8295675116 28.9351471386 126.141690365 15.1107199177 124.180782487 29.215893461 14.575693133 29.2024523285 34.1428655943 17.8719393135 19.2149001976 18.5806739224 20.1575088424 40.2319600759 -9999.0 -9999.0 -9999.0 -9999.0 -9999.0 -9999.0 -9999.0 -9999.0 -9999.0 -9999.0 -9999.0 -9999.0 -9999.0 -9999.0 -9999.0 -9999.0 -9999.0 -9999.0 -9999.0 -9999.0 -9999.0 -9999.0 -9999.0
-9999.0 -9999.0 -9999.0 -9999.0 -9999.0 24.2239082453 46.8042248374 22.4738472554 42.9948119805 222.083597861 258.725686672 295.409912301 979.475279099 17.3958087675 399.720760054 1515.3460042 1528.6893182 2007.1954271 17.0710080321 42.7020568091 139.867648693 13.5405147334 292.234588779 153.361978518 94.219870933 78.9731442297 16.7169972382 53.5366976537 55.9244387996 37.1457748231 17.9991859893 58.8059044375 17.7110858972 17.274653295 -9999.0 -9999.0 -9999.0 -9999.0 -9999.0 -9999.0 -9999.0 -9999.0 -9999.0 -9999.0 -9999.0 -9999.0 -9999.0 -9999.0 -9999.0 -9999.0 -9999.0 -9999.0 -9999.0 -9999.0 -9999.0
-9999.0 -9999.0 -9999.0 -9999.0 -9999.0 24.5361332821 71.698183868 141.940267536 163.566785642 324.382336222 344.313520466 406.880313231 668.047085052 1037.55267718 1071.90725845 1087.72463086 27.5732535079 2060.95334233 2093.23065829 2166.57018075 2653.72651839 334.441950278 307.528142807 109.161225944 15.0048612039 97.9996657246 67.8503384958 13.3999121428 71.7055208314 16.8005603825 38.1459439292 95.9546729319 112.882501772 33.7776830388 16.1028905607 16.0197456654 -9999.0 -9999.0 -9999.0 -9999.0 12.418897672 11.1736866361 -9999.0 -9999.0 -9999.0 -9999.0 -9999.0 -9999.0 -9999.0 -9999.0 -9999.0 -9999.0 -9999.0 -9999.0 -9999.0
-9999.0 -9999.0 -9999.0 -9999.0 -9999.0 23.8221514843 22.8896733386 95.0692064254 117.122894017 139.826949807 21.2685448911 42.070997288 246.114662691 45.8075199281 18.9513273407 16.6606316085 14.1882362553 19.2229876129 19.3827767958 15.864152476 2667.693738 2708.53133576 13.6493900424 43.1523971564 29.8188398258 111.781012149 27.4839633546 12.9091491781 87.3619401391 33.9620712575 85.250592494 193.196561161 179.17960447 49.5484898591 47.0494033227 16.7870992164 16.4283575191 -9999.0 -9999.0 16.5091333557 26.9370931325 61.6023218287 11.8462590349 -9999.0 -9999.0 -9999.0 -9999.0 -9999.0 -9999.0 -9999.0 -9999.0 -9999.0 -9999.0 -9999.0 -9999.0
-9999.0 -9999.0 -9999.0 -9999.0 -9999.0 -9999.0 24.8557688344 24.888641619 47.4690816829 70.5089213763 160.264750847 204.050405343 227.468094212 26.2417362843 17.0459596613 237.822889972 286.972480657 301.955354707 366.532940894 380.753313762 14.0840352287 2722.86050246 2794.17512077 57.2017232654 13.7263506997 124.817326343 276.151553526 112.231929758 26.6419017914 13.8277112248 306.318104219 207.756790745 13.5209806809 13.3391785044 60.9450508925 48.3818718664 14.7741875749 13.0997265357 15.7728648681 31.8829307887 14.8661361587 74.7405829195 88.2296496783 11.8206253255 -9999.0 -9999.0 -9999.0 -9999.0 13.9700059704 12.9270823821 4.80779106735 -9999.0 -9999.0 -9999.0 -9999.0
-9999.0 -9999.0 -9999.0 -9999.0 -9999.0 -9999.0 -9999.0 24.0917300188 22.2384476794 45.9228106882 68.7489793108 21.9930906628 22.5274799777 129.705363444 166.813056257 204.868289725 17.1856822519 34.2949477782 16.7317479823 395.904772182 869.612730972 880.909513705 3701.14990405 13.6374237425 38.9314920946 12.2860006844 288.165298642 12.6468647635 40.6645197228 13.2691357227 319.460410914 332.60772813 27.2333057543 26.9051409552 154.984154145 78.573755859 27.9386377579 14.5234093912 31.3493792209 47.2470863448 75.6439010934 13.0085202219 110.81364619 121.089371837 9.14972141529 10.0308229274 10.5012666558 9.23611356195 8.74552612163 36.9697634943 15.3720524577 9.02518874545 -9999.0 -9999.0 -9999.0
-9999.0 -9999.0 -9999.0 -9999.0 -9999.0 -9999.0 -9999.0 -9999.0 48.1674211311 69.5193013151 22.0711056783 44.933894628 65.4992224581 109.460222293 20.4875554063 19.7438839818 16.6469611866 16.7555931209 14.65951135 442.605019688 17.592598663 34.1198717469 3746.92154959 3771.64575454 9.90212563448 58.9502696607 357.72374156 25.1175855225 51.9355249297 23.2794468905 34.3398074319 382.397833167 38.8067776185 219.617809619 181.650392016 14.4066744262 70.5822658177 28.7934579931 45.0303364105 13.468315245 87.6545581534 110.956081418 119.540964776 127.553881763 154.921705975 17.1733078791 18.2993433283 16.2868867657 15.2194279908 44.7969383416 8.56978833422 33.2532762409 41.0634087026 -9999.0 -9999.0
-9999.0 -9999.0 -9999.0 -9999.0 -9999.0 -9999.0 -9999.0 -9999.0 23.8776236528 116.687221617 138.201136387 21.4953464038 41.6667777849 20.1145049159 18.2092732368 17.9640718407 226.48471365 298.111617194 363.579497684 430.217200887 15.667596217 16.960951081 13.9301300547 3837.78641646 3864.86490742 3874.33337593 469.463711425 100.335998807 88.3679380503 9.87435675753 44.1504951337 437.216444918 10.2771125933 230.448007931 13.0557091924 95.0057226609 85.5861662152 13.9800079239 58.7120146222 27.004778401 40.0473745064 10.3692334563 7.86458151046 135.435570581 142.497755244 161.961824836 26.0218466464 23.5313201531 22.1715885295 53.9647208926 71.4017530283 8.70599755408 49.546011353 9.92064148159 18.5680371356
-9999.0 -9999.0 -9999.0 -9999.0 -9999.0 -9999.0 -9999.0 -9999.0 -9999.0 24.3474323759 160.826732028 181.883158152 61.9962182059 102.03664159 138.630509752 157.144703291 18.9809458082 55.2438587145 37.3208908043 19.6770477804 18.8651663431 16.9809863775 32.3739002803 52.1607676799 15.1167237762 4369.92621761 4380.1401475 9.18641637305 7.59619343068 20.9267725586 31.2630294287 467.823404018 20.3563657619 239.366607609 142.632633499 119.321313238 12.6996952662 26.2567424962 70.4544245457 11.7539845011 51.2486981573 20.8808720817 13.5955926183 6.90236746222 163.02943799 330.456278944 30.9253380916 28.5587170583 28.7049709443 6.80321632661 78.2142766973 6.59247364697 65.1758487908 8.3361617756 27.0339412833
-9999.0 -9999.0 -9999.0 -9999.0 -9999.0 -9999.0 -9999.0 -9999.0 -9999.0 -9999.0 20.998705051 223.985766221 20.1205581089 39.7821328325 57.4521188656 91.6000600738 17.1507429038 35.7943801479 17.7640173608 16.0521479846 15.2531387399 29.979451739 12.9566728716 12.8767621417 24.3329784918 13.7081028163 4391.4477943 4410.34566421 4438.19005945 39.9516489955 10.9757163013 21.9006705217 479.373624003 434.640073881 166.584298746 11.8582039213 51.0353302888 38.5354975161 82.2303235719 23.4424945281 94.4038277115 31.6050846134 21.8829827134 6.64560588119 7.51274201623 338.422273512 345.033376498 409.987442449 50.358847157 14.291745215 85.6840895603 99.5752417591 171.17652815 15.9160932828 7.67392134778
-9999.0 -9999.0 -9999.0 -9999.0 -9999.0 -9999.0 -9999.0 -9999.0 -9999.0 -9999.0 -9999.0 13.608773087 254.428967335 21.561073597 38.844112195 164.157594045 16.9975343427 16.6867485445 14.5200760201 31.9398074187 16.7524048047 62.9156841827 89.208278807 100.779928841 34.1129025517 41.9334933928 9.46478804247 12.5001875197 11.2593762895 4499.61083071 4533.11186557 488.274011328 452.962033088 443.953683544 18.9258670885 8.97259377674 61.7454072919 165.486245065 93.0498471161 34.0922726446 138.30027554 52.666736348 43.4301603626 13.1649002175 5.39565507183 4.62486453487 4.69075222307 436.350775652 507.686995974 6.96126635454 5.96765976556 7.07569231105 178.449980858 201.323179797 13.7630124091
-9999.0 -9999.0 -9999.0 -9999.0 -9999.0 -9999.0 -9999.0 -9999.0 -9999.0 -9999.0 -9999.0 12.5308914354 283.688941803 343.303204649 17.4939010926 198.778296601 15.4127244573 14.4954383878 30.6759438115 79.1978964625 16.0808245556 17.0209407586 13.3589569318 126.43456366 138.327571465 193.637056023 213.2145853 223.545852869 232.601687012 241.639850858 4784.40285368 5291.25074857 5760.73689056 5767.31409393 7.31914253097 9.22057359156 187.026338219 176.324707829 10.6257638651 10.9918623333 152.816925277 215.575176156 8.25667546897 108.814437916 100.728674856 28.5191330275 12.1502161126 20.4417364078 8.10689664197 520.284514351 6.48141638431 19.1000148519 23.7432247386 244.592638921 265.150432385
-9999.0 -9999.0 -9999.0 -9999.0 -9999.0 -9999.0 -9999.0 -9999.0 -9999.0 -9999.0 -9999.0 22.0997917224 41.8141225821 362.471236415 395.46990477 16.376364908 226.981652696 12.3843974615 39.8297134798 93.1362565512 30.7771612127 14.600533946 29.2721707698 10.7128281792 21.1753492819 11.3816588115 10.8499891701 10.3303824547 9.72032779578 8.23615517083 7.39955899974 9.38770035943 10.6748617772 11.2360001565 5792.07139315 215.826180023 198.474621603 5.34306181788 30.0341401865 7.25329040955 9.38044978978 224.621742069 360.9484917 118.829990021 88.5291483822 17.5481958227 7.00399297163 6.234776918 12.3962665448 539.033223188 550.696807533 6.14954366263 6.40396212109 6.47933875521 6.83212915602
-9999.0 -9999.0 -9999.0 -9999.0 -9999.0 -9999.0 -9999.0 -9999.0 -9999.0 -9999.0 -9999.0 -9999.0 18.3704832178 253.597438388 666.863709245 721.544088654 963.231442418 975.722608781 204.849808053 153.526729139 45.6488940852 14.3297298247 57.2928524842 70.2442255039 103.115659049 23.4328779954 21.9668587202 21.7069732521 42.4140189317 18.9897936468 17.828774321 10.2307281857 8.56287749428 6.92304434795 5799.19676789 6021.81198179 6031.37898001 5.30970471526 77.2334971299 36.3029200885 10.0358140828 391.738249815 22.0362311029 11.4864960703 50.1916505568 10.7497374962 7.36050327887 13.7172366896 18.9676723498 24.8934608485 560.225748683 4.42699320437 3.80187002279 3.80700476502 3.10103060053
-9999.0 -9999.0 -9999.0 -9999.0 -9999.0 -9999.0 -9999.0 -9999.0 -9999.0 -9999.0 -9999.0 20.362878886 193.754252123 234.436582523 36.7230979887 13.7035688917 31.2541450186 1021.69518523 1033.37124458 1250.49920968 12.4735180695 26.6487461969 11.317058802 11.4989143417 114.375751946 149.027342869 181.670902816 10.0863342764 52.5194795484 81.4086222159 46.7979812971 19.7186730172 16.9757148097 15.2347354489 14.1435765675 5.61160490473 6036.51061968 6040.26279666 6125.49947305 15.0688785018 8.26884264317 399.198964394 24.2587213349 12.3436146295 13.9047468885 13.8247602345 11.480874712 19.80560863 54.5012198056 85.7530103163 650.575450392 3.18164826782 9.67867441248 6.61675030046 5.6308521019
-9999.0 -9999.0 -9999.0 -9999.0 -9999.0 -9999.0 -9999.0 -9999.0 -9999.0 -9999.0 -9999.0 20.8496116817 135.197572219 20.9126104058 17.776180233 95.8194895514 111.274863083 126.562001622 140.507365903 1687.20570081 1703.13783041 1732.58282377 1926.49341526 1961.22968231 1981.35598515 1992.86002931 2201.64955602 2234.96197159 2246.9416217 2340.31047794 2398.24350297 2407.75598881 2443.7673117 24.0480341315 22.3582571819 4.94960461401 3.6224222366 6044.92827783 6149.81506717 20.6343097172 458.342037811 451.016953174 44.2602552332 10.3701948981 10.6488692051 10.0851063314 10.1614241199 20.3821827193 28.4290615944 7.5084584755 654.879880174 659.511280429 679.682524811 683.354225114 692.390845999
-9999.0 -9999.0 -9999.0 -9999.0 -9999.0 -9999.0 -9999.0 -9999.0 -9999.0 -9999.0 -9999.0 69.7928078594 92.3426957645 42.7150958546 62.5354379921 19.5532816516 219.129611491 235.099939911 266.777752158 281.852040767 104.250324118 1859.83239872 1874.32289541 11.24998238 8.51780505366 8.57430636891 17.9248089532 10.4853562601 8.38903939346 8.26849781688 7.99975062836 2418.09454573 2453.71470415 2486.74266195 2516.55592266 2531.43187012 6.29585387672 1.72438270016 6623.0619945 469.910524947 466.172340736 9.01767785488 7.92634550724 7.00388838709 17.834051025 17.286975518 7.93273487183 8.19916398023 7.30104866854 14.686440603 18.8676410366 3.08401789101 5.64320255758 2.20454828036 2.15618784712
-9999.0 -9999.0 -9999.0 -9999.0 -9999.0 -9999.0 -9999.0 -9999.0 -9999.0 -9999.0 -9999.0 -9999.0 47.123867279 22.2089502744 19.9867334363 186.66548153 203.399654976 16.7404611108 64.0685175894 79.2142587303 92.7361490371 15.1805589012 9.95511232799 269.362504545 277.562061665 285.629175461 732.139204744 739.36622414 754.534639252 828.057014097 870.398492953 877.17438937 7.82618636064 8.19696689518 6.8307724318 2537.41249349 2.50607683796 6690.63980853 6686.71642522 60.4606388785 55.4577864736 33.4088975089 8.2907145306 14.0056802224 25.0194990212 24.5598511538 15.2236653176 7.82040220854 14.9940162273 14.9083351981 25.3939176361 4.74572850269 10.9667368856 17.0387487066 21.671170419
-9999.0 -9999.0 -9999.0 -9999.0 -9999.0 -9999.0 -9999.0 -9999.0 -9999.0 -9999.0 -9999.0 -9999.0 24.185553424 67.0450368902 87.3513815693 147.726342374 16.4986765317 33.7729850804 49.491325854 199.415178549 213.504076255 227.574309271 238.913376793 250.893627813 381.43510238 418.0697135 439.679460329 9.40835023343 58.003451816 67.427742855 848.988353408 885.116243633 902.982913763 921.748383808 934.160187632 3474.57822761 4.55293304536 6707.47228512 8.9579080617 4.70786227092 47.4455952744 40.5050046404 6.46055805138 20.8323552403 31.8895757487 30.8523754288 21.0047478623 34.6635429005 54.9043418351 21.0597979779 52.0842049119 4.79046736063 8.46405756082 1.57832039345 1.18722357056
