data/baseflow/mHMbf_acc438.asc
ncols                  80
nrows                 72
xllcorner      4374000.0
yllcorner      5656000.0
cellsize            500
NODATA_value       -9999
[rows 0 to 23 of 72, columns 0 to 54 of 80]
-9999.0 -9999.0 -9999.0 -9999.0 -9999.0 -9999.0 -9999.0 -9999.0 -9999.0 -9999.0 -9999.0 -9999.0 11.7651647982 13.4682548816 -9999.0 -9999.0 -9999.0 -9999.0 -9999.0 -9999.0 -9999.0 -9999.0 -9999.0 -9999.0 -9999.0 -9999.0 -9999.0 -9999.0 -9999.0 -9999.0 -9999.0 -9999.0 -9999.0 -9999.0 -9999.0 -9999.0 -9999.0 -9999.0 -9999.0 -9999.0 -9999.0 -9999.0 -9999.0 -9999.0 -9999.0 -9999.0 -9999.0 -9999.0 -9999.0 -9999.0 -9999.0 -9999.0 -9999.0 -9999.0 -9999.0
-9999.0 -9999.0 -9999.0 -9999.0 -9999.0 -9999.0 -9999.0 -9999.0 -9999.0 -9999.0 -9999.0 -9999.0 22.1764037557 57.7857957259 11.1008959279 -9999.0 11.0638414109 -9999.0 -9999.0 -9999.0 -9999.0 -9999.0 -9999.0 -9999.0 -9999.0 -9999.0 -9999.0 -9999.0 -9999.0 -9999.0 -9999.0 -9999.0 -9999.0 -9999.0 -9999.0 -9999.0 -9999.0 -9999.0 -9999.0 -9999.0 -9999.0 -9999.0 -9999.0 -9999.0 -9999.0 -9999.0 -9999.0 -9999.0 -9999.0 -9999.0 -9999.0 -9999.0 -9999.0 -9999.0 -9999.0
-9999.0 -9999.0 -9999.0 -9999.0 -9999.0 -9999.0 -9999.0 -9999.0 -9999.0 -9999.0 9.23185711702 8.77110777104 9.63866713438 9.61386352198 75.4863967904 85.9183553164 31.2265955507 10.2561335957 -9999.0 -9999.0 -9999.0 -9999.0 -9999.0 -9999.0 -9999.0 -9999.0 -9999.0 -9999.0 -9999.0 -9999.0 -9999.0 -9999.0 -9999.0 -9999.0 -9999.0 -9999.0 -9999.0 -9999.0 -9999.0 -9999.0 -9999.0 -9999.0 -9999.0 -9999.0 -9999.0 -9999.0 -9999.0 -9999.0 -9999.0 -9999.0 -9999.0 -9999.0 -9999.0 -9999.0 -9999.0
-9999.0 -9999.0 -9999.0 -9999.0 -9999.0 -9999.0 -9999.0 -9999.0 -9999.0 8.59620539596 18.1529816726 35.9584654241 18.4192849185 8.87455770619 17.4788509973 94.445866003 146.389452109 10.1937975085 -9999.0 9.49690786905 -9999.0 -9999.0 -9999.0 -9999.0 21.6241988487 11.3207659458 -9999.0 -9999.0 -9999.0 -9999.0 -9999.0 -9999.0 -9999.0 -9999.0 -9999.0 -9999.0 -9999.0 -9999.0 -9999.0 -9999.0 -9999.0 -9999.0 -9999.0 -9999.0 -9999.0 -9999.0 -9999.0 -9999.0 -9999.0 -9999.0 -9999.0 -9999.0 -9999.0 -9999.0 -9999.0
-9999.0 -9999.0 -9999.0 -9999.0 -9999.0 -9999.0 -9999.0 -9999.0 10.3891292101 28.4096150582 36.8906820011 45.6256506255 62.925974347 8.17054248614 33.3079981228 41.2113008629 206.057346576 8.32783174838 7.81296112976 17.5213871328 25.4276898937 8.33851612934 -9999.0 52.8021258236 43.4775305663 11.1276892232 -9999.0 -9999.0 -9999.0 -9999.0 -9999.0 -9999.0 -9999.0 -9999.0 -9999.0 -9999.0 -9999.0 -9999.0 -9999.0 -9999.0 -9999.0 -9999.0 -9999.0 -9999.0 -9999.0 -9999.0 -9999.0 -9999.0 -9999.0 -9999.0 -9999.0 -9999.0 -9999.0 -9999.0 -9999.0
-9999.0 -9999.0 -9999.0 -9999.0 -9999.0 -9999.0 10.2090829216 9.17679396705 8.57576347258 8.81235624923 9.22176554917 64.5099001392 136.477654785 145.275778827 151.668045933 5.74551758718 220.771169339 228.977086062 15.4184933138 7.98233140618 33.16743835 57.5987445464 9.99273290923 81.7905021002 8.89496251041 9.28070998246 9.32484964796 -9999.0 -9999.0 -9999.0 -9999.0 -9999.0 -9999.0 -9999.0 -9999.0 -9999.0 -9999.0 -9999.0 -9999.0 -9999.0 -9999.0 -9999.0 -9999.0 -9999.0 -9999.0 -9999.0 -9999.0 -9999.0 -9999.0 -9999.0 -9999.0 -9999.0 -9999.0 -9999.0 -9999.0
-9999.0 -9999.0 -9999.0 -9999.0 -9999.0 -9999.0 20.6219060631 30.3008383778 68.0810159924 93.6655055603 8.02735812501 8.52008280762 8.21464219942 23.3916900035 182.212918681 6.13054165978 236.093653266 264.342342217 22.2295724411 14.9684480673 64.7963598901 7.92793354331 89.5749990005 17.0935109465 8.54337936422 16.960434083 18.3457149832 9.08895350231 9.41251840397 9.05309157517 10.0805580562 20.1101123464 -9999.0 -9999.0 -9999.0 -9999.0 -9999.0 -9999.0 -9999.0 -9999.0 -9999.0 -9999.0 -9999.0 -9999.0 -9999.0 -9999.0 -9999.0 -9999.0 -9999.0 -9999.0 -9999.0 -9999.0 -9999.0 -9999.0 -9999.0
-9999.0 -9999.0 -9999.0 -9999.0 -9999.0 11.5233375733 22.130558622 10.4543532205 20.2736979791 103.661786056 121.203340078 138.686777865 466.565077733 7.53610059066 190.118682788 720.974804577 726.452516483 1000.93758443 6.21812766326 21.7312314577 72.026753221 7.13859901142 183.534328569 86.4200859911 53.9059422581 44.7762347438 9.17074956959 26.8151187547 27.2213269597 18.0784849388 8.79903201808 29.238492944 8.72409984754 8.49861444604 -9999.0 -9999.0 -9999.0 -9999.0 -9999.0 -9999.0 -9999.0 -9999.0 -9999.0 -9999.0 -9999.0 -9999.0 -9999.0 -9999.0 -9999.0 -9999.0 -9999.0 -9999.0 -9999.0 -9999.0 -9999.0
-9999.0 -9999.0 -9999.0 -9999.0 -9999.0 11.8706642878 34.2675399879 67.5421251925 77.8130618977 155.567488056 165.149523034 195.516868374 320.121026473 491.465672349 509.120630621 517.37858474 13.992055347 1025.72485943 1037.98654029 1074.11825216 1359.22335129 205.834567791 191.447249059 61.6441405522 7.67630089029 50.9999901187 34.777531935 7.20887933112 35.0694211857 7.44718254587 15.7559384952 45.1308561171 53.4212386888 16.5771354763 8.16312279358 7.89107092974 -9999.0 -9999.0 -9999.0 -9999.0 9.92434537432 8.91409139047 -9999.0 -9999.0 -9999.0 -9999.0 -9999.0 -9999.0 -9999.0 -9999.0 -9999.0 -9999.0 -9999.0 -9999.0 -9999.0
-9999.0 -9999.0 -9999.0 -9999.0 -9999.0 11.3216206386 10.7278230521 46.3295372146 56.8852895664 67.8793278438 10.3726273595 20.4563486278 117.906438846 20.2349474551 9.74547739443 8.52437930274 7.50640284347 8.00495683062 7.46833645736 8.50282880177 1367.08181029 1388.66397172 7.09412697534 22.1390759493 15.1940937432 58.8082926001 15.306569671 7.19055153982 43.046480538 14.3527423659 35.337593451 93.2802415277 86.070336404 24.4597008793 23.5821454837 8.27338069708 8.22982837563 -9999.0 -9999.0 8.30423217258 20.0625702984 47.6411351117 9.40809788998 -9999.0 -9999.0 -9999.0 -9999.0 -9999.0 -9999.0 -9999.0 -9999.0 -9999.0 -9999.0 -9999.0 -9999.0
-9999.0 -9999.0 -9999.0 -9999.0 -9999.0 -9999.0 12.3423207 12.5937361175 23.1789984874 34.2651985468 77.189817614 98.5111059255 108.603265436 10.2615002471 8.34884269507 114.750394058 140.317554192 148.130457463 181.745347007 189.213936811 7.42492856348 1396.2442874 1431.39557053 27.7819708316 3.37104288201 64.6455625814 144.020131338 57.2126968198 13.628122324 6.89364008278 142.640747679 100.549463561 6.99410314427 7.30802050784 31.4317124678 24.0424963915 7.74248583775 7.20325471501 7.95010262038 16.0444943581 7.63352906961 57.5993027608 65.2904350355 7.03143611429 -9999.0 -9999.0 -9999.0 -9999.0 8.2961790066 7.74865471802 2.31909715503 -9999.0 -9999.0 -9999.0 -9999.0
-9999.0 -9999.0 -9999.0 -9999.0 -9999.0 -9999.0 -9999.0 11.8166295539 9.89994512389 21.5143801824 32.8338604089 10.7214409962 8.59586874778 59.9798387956 78.8111529301 98.2681727893 9.07447681712 17.4958789409 8.75448833056 197.109693126 448.280439737 457.535458272 1904.84747496 6.96649218491 10.0863130868 3.03927752657 151.567167409 6.71967502047 20.7209219981 6.764605171 149.41620205 156.155380189 14.1131841674 14.2012204959 78.5386985233 39.4374491019 16.0471113586 7.96072983936 15.8084241364 23.7860540019 38.5493498651 7.10952880164 78.908530762 84.8107737082 5.18188596204 5.47864093446 6.07484653213 5.34331120746 5.05776748657 22.2810630266 8.07667275289 5.15096406212 -9999.0 -9999.0 -9999.0
-9999.0 -9999.0 -9999.0 -9999.0 -9999.0 -9999.0 -9999.0 -9999.0 21.1101456103 30.2423014496 10.7235932137 22.0364796716 32.3524753751 51.8265338301 10.7925594171 9.99802193235 8.36078016229 8.42982190397 7.51819192458 235.0580461 8.96336213406 17.3070128488 1931.40071303 1946.04415039 5.07811449883 20.3849380403 177.78291961 13.0871789748 26.6578332001 12.0549353954 18.634506599 182.597644087 20.3636904787 111.850467903 91.4486966793 6.44573932651 38.2382912939 15.1700942882 22.8228725246 7.23944345218 46.4659897362 60.035824036 64.9508415397 69.5332920412 103.926334734 9.59892548634 10.6034900074 9.44063049941 8.82600671595 27.1981649755 5.476582848 18.5662399998 22.9119837927 -9999.0 -9999.0
-9999.0 -9999.0 -9999.0 -9999.0 -9999.0 -9999.0 -9999.0 -9999.0 11.8442094021 53.7333454027 64.0913368957 10.3445707216 20.1818753098 9.80527177174 8.94427795854 8.79898893291 111.869860987 148.778932966 185.529659206 224.967539796 9.75678639671 8.59762152057 7.58386023873 1983.6863797 2000.57430775 2006.0096798 236.223046555 52.6603085421 46.2330482266 5.80478943071 23.5682253949 211.956869816 5.16034700557 117.776135767 6.63791187716 48.7160192499 45.4267386492 7.06491780351 29.8294170808 14.1751705415 21.0074035561 6.3735114395 4.44320066104 74.0396802512 78.1170216006 107.990134119 15.08828942 13.6490466496 12.9416894335 33.0091467373 44.1247517867 5.54925708207 27.9392952311 5.94058371572 10.8482773008
-9999.0 -9999.0 -9999.0 -9999.0 -9999.0 -9999.0 -9999.0 -9999.0 -9999.0 12.4715052245 75.3572328868 85.5492432996 30.1384563035 49.8207738048 67.8902557806 77.0738288631 9.54190386503 28.457248873 18.9548938682 9.89919663684 9.52286747141 8.35202633408 16.3839520919 27.3188929796 8.7127637529 2257.75291974 2262.8683 4.64623448564 4.46092367947 11.9067824373 17.9296592551 229.233733994 11.2194893263 122.955559247 72.8639528503 60.7365143771 6.54772016549 13.4051243084 36.0221973242 6.1928043755 27.0622220304 12.7870660212 7.33680595838 2.9264331821 87.9412432279 199.129425999 17.9721573763 16.6330608352 17.1947864472 4.46953001998 48.5805979235 4.31910717401 37.5305533591 4.78446625129 15.6667884128
-9999.0 -9999.0 -9999.0 -9999.0 -9999.0 -9999.0 -9999.0 -9999.0 -9999.0 -9999.0 10.4153648153 106.531863064 9.86567805752 19.7239085238 28.4341690676 45.5149828326 8.75690382703 18.6179889653 9.11132797089 8.31773995648 7.89724822086 15.7358561878 6.65189380331 6.66267451091 12.4568041439 7.6045785671 2269.54399291 2279.34450434 2294.38678455 22.5765172441 5.621857186 11.2177220207 235.15062199 224.137689859 85.3682896058 6.0926259909 26.1896411693 19.7447184844 42.2328579988 12.3590932664 52.125803094 18.8343602078 11.8461670182 1.50374842953 3.12737519656 203.659997338 207.788272093 245.944841034 31.6584268923 9.65410305948 53.4502166314 62.5336345574 103.786884375 9.21129801248 4.38630508001
-9999.0 -9999.0 -9999.0 -9999.0 -9999.0 -9999.0 -9999.0 -9999.0 -9999.0 -9999.0 -9999.0 5.3188334483 117.134219397 8.5125168201 17.1217977738 80.1203116553 9.16647912166 9.02913669074 8.13113447358 16.6911530322 8.52059454035 32.8853924929 47.6767285797 54.2270498013 18.366103808 22.8453383778 5.00573284673 6.53769303548 6.53397875788 2329.47401716 2344.79198381 239.836856857 233.50622616 229.047840307 10.1430416179 4.77265305225 31.8102872626 85.4421725606 48.0192613542 18.0626653206 75.8096181599 22.6693050558 17.4068764953 2.8584243248 1.14186335552 1.34857116519 1.60754834293 255.394593003 299.675746139 4.7711664067 3.75724063997 5.08024352871 108.569525243 121.849224191 7.68493755516
-9999.0 -9999.0 -9999.0 -9999.0 -9999.0 -9999.0 -9999.0 -9999.0 -9999.0 -9999.0 -9999.0 4.87179220095 128.722127702 158.983361798 8.8160816882 98.1238874569 8.38161805694 7.79211042998 15.9828256453 40.713408852 7.82158216225 8.30035653568 7.08794596427 68.2099651095 74.3584801591 104.870870028 115.35172193 120.242029265 124.667239682 130.712464826 2481.10767907 2728.68186924 2969.95353659 2973.52388078 4.41251747389 5.01194934999 96.7449357131 91.1293272031 5.68428158805 5.46163198397 81.0253036566 109.385234626 4.46087083464 45.08825405 42.0701732969 7.28005660626 3.6393223494 6.32994029155 4.30871572193 306.829783175 3.63342427324 11.9252022168 14.4671639059 144.142385609 153.115612646
-9999.0 -9999.0 -9999.0 -9999.0 -9999.0 -9999.0 -9999.0 -9999.0 -9999.0 -9999.0 -9999.0 11.2328825297 21.3522457394 168.773502211 186.140688234 9.09451608431 116.514716323 6.73131079835 21.1953135631 47.8711731103 15.0333354662 7.17100651206 15.8049996055 6.29329448831 11.8837104509 5.72602697777 4.90109300901 3.31184576095 2.62148978255 2.06841542136 1.74671800579 2.79553864404 4.5948122072 5.21292476561 2987.20241016 109.451847533 102.245069718 2.62740041945 15.7693061344 4.35789311295 3.68085824912 114.356771795 175.132405274 50.9109645955 39.4686931384 4.39230602023 1.72049451988 1.43895510645 4.5189930293 315.130107377 321.994205944 3.58828987635 3.62817680479 2.66173883381 1.4999030163
-9999.0 -9999.0 -9999.0 -9999.0 -9999.0 -9999.0 -9999.0 -9999.0 -9999.0 -9999.0 -9999.0 -9999.0 9.09154066594 132.305079586 327.405199143 354.139193217 479.731217993 489.827109725 107.570608901 77.5727961614 22.3364814191 7.05370623475 29.738729928 36.8944774427 54.6382647061 11.7416921892 10.4483540396 8.97047607871 17.0455151332 7.41745606222 6.72009411232 3.48296277655 1.27509205446 1.52117052381 2991.43023825 3104.93708828 3108.23781323 2.52518070961 40.0130518959 18.8095584811 5.56188275879 192.874908697 12.74969207 6.63659278917 27.4907561952 5.011535369 3.66569702968 6.72308689829 9.56918044777 12.9419619036 327.86627802 2.6102338299 2.24655037599 2.18437455209 1.4203892619
-9999.0 -9999.0 -9999.0 -9999.0 -9999.0 -9999.0 -9999.0 -9999.0 -9999.0 -9999.0 -9999.0 10.4122788952 101.447906897 122.758266471 18.9039677594 5.59083804387 12.0315702555 509.923763863 518.488340199 635.25721128 6.32137926999 13.3061616491 5.74237916779 5.8255065783 60.2564687248 77.5994758239 93.0115773218 5.00656658696 22.0087066809 34.2979444944 19.4815161568 8.17755399008 4.65134136297 3.10864337332 3.02291290691 1.55767028114 3110.85215912 3112.83971174 3156.53980607 8.43127056015 4.75199406041 198.244985783 13.5514731194 7.00613817917 7.83176512631 7.76912488338 6.76084818323 10.730149489 30.8366555916 47.3381259148 377.915783145 1.89509142878 5.75410999238 3.85762249362 2.93097257618
-9999.0 -9999.0 -9999.0 -9999.0 -9999.0 -9999.0 -9999.0 -9999.0 -9999.0 -9999.0 -9999.0 10.7222810369 71.8953896951 11.0274791081 9.14162623245 50.0387608263 58.0395889358 65.9734206918 73.0846443088 863.428583958 869.228097132 881.184399695 974.932552768 991.009046613 999.085286734 1004.87374864 1106.13340044 1117.00012205 1121.95285136 1161.53488354 1186.50546523 1191.25656054 1203.32039681 7.51926971665 5.22000858064 0.734529208252 0.85770751896 3115.11767084 3169.7581664 11.3412917551 233.348186356 228.731041501 24.6725132993 5.85564771673 6.02697874448 5.72263249993 5.90064953764 11.8573287792 16.5616346342 4.41739571465 380.549619463 383.269057677 395.204515869 397.36421318 402.285059365
-9999.0 -9999.0 -9999.0 -9999.0 -9999.0 -9999.0 -9999.0 -9999.0 -9999.0 -9999.0 -9999.0 37.7900175174 49.7130993573 22.4246643564 32.7309902454 10.1152941492 117.37139058 125.860874135 142.58383671 148.026059153 53.9632861452 944.923851455 950.303824503 4.1827306834 2.27641921949 1.66781428509 4.22286100883 1.68697582645 1.11872468563 1.01792494762 1.49151201195 1194.26781016 1206.90770015 1219.52831518 1229.06470871 1232.44593617 1.24644297969 0.419900374633 3411.62001727 240.120446967 238.190013057 5.34091545993 5.37984048276 4.19582318319 10.0524743402 9.87644286126 4.50927361062 4.77920767804 4.3680127544 8.7037511565 11.4703052237 1.76852166549 3.15532980205 1.286967795 0.47987486419
-9999.0 -9999.0 -9999.0 -9999.0 -9999.0 -9999.0 -9999.0 -9999.0 -9999.0 -9999.0 -9999.0 -9999.0 25.5934018872 11.6627947306 10.2147309876 100.224318521 109.280600421 9.02401422516 34.8506690734 42.3639229963 48.3082321234 6.79777437912 4.29495390965 134.773894147 137.980034273 140.816034061 363.806505721 365.412706142 367.521134894 383.353986155 389.681586595 390.561060947 0.972772030304 1.0532299688 1.47172852339 1235.18980187 0.959080603756 3447.0737074 3445.3645705 32.2940582558 29.8771034465 20.0157598753 4.86164607401 8.95232937761 14.6426424891 14.4808244967 8.60059460081 4.56374470956 8.82838017062 8.73774366393 15.2264167871 2.52432460357 5.10601128579 8.52085448728 9.46348814422
