data/baseflow/mHMbf_acc539.asc
ncols                  80
nrows                 72
xllcorner      4374000.0
yllcorner      5656000.0
cellsize            500
NODATA_value       -9999
[rows 0 to 24 of 72, columns 0 to 54 of 80]
-9999.0 -9999.0 -9999.0 -9999.0 -9999.0 -9999.0 -9999.0 -9999.0 -9999.0 -9999.0 -9999.0 -9999.0 18.5762406961 18.5330481077 -9999.0 -9999.0 -9999.0 -9999.0 -9999.0 -9999.0 -9999.0 -9999.0 -9999.0 -9999.0 -9999.0 -9999.0 -9999.0 -9999.0 -9999.0 -9999.0 -9999.0 -9999.0 -9999.0 -9999.0 -9999.0 -9999.0 -9999.0 -9999.0 -9999.0 -9999.0 -9999.0 -9999.0 -9999.0 -9999.0 -9999.0 -9999.0 -9999.0 -9999.0 -9999.0 -9999.0 -9999.0 -9999.0 -9999.0 -9999.0 -9999.0
-9999.0 -9999.0 -9999.0 -9999.0 -9999.0 -9999.0 -9999.0 -9999.0 -9999.0 -9999.0 -9999.0 -9999.0 38.0937289141 90.076148472 16.0192810594 -9999.0 14.6443762103 -9999.0 -9999.0 -9999.0 -9999.0 -9999.0 -9999.0 -9999.0 -9999.0 -9999.0 -9999.0 -9999.0 -9999.0 -9999.0 -9999.0 -9999.0 -9999.0 -9999.0 -9999.0 -9999.0 -9999.0 -9999.0 -9999.0 -9999.0 -9999.0 -9999.0 -9999.0 -9999.0 -9999.0 -9999.0 -9999.0 -9999.0 -9999.0 -9999.0 -9999.0 -9999.0 -9999.0 -9999.0 -9999.0
-9999.0 -9999.0 -9999.0 -9999.0 -9999.0 -9999.0 -9999.0 -9999.0 -9999.0 -9999.0 17.2872196591 16.2546558324 17.5511501779 17.4758445251 121.792997719 136.508447399 40.0814773486 12.667739018 -9999.0 -9999.0 -9999.0 -9999.0 -9999.0 -9999.0 -9999.0 -9999.0 -9999.0 -9999.0 -9999.0 -9999.0 -9999.0 -9999.0 -9999.0 -9999.0 -9999.0 -9999.0 -9999.0 -9999.0 -9999.0 -9999.0 -9999.0 -9999.0 -9999.0 -9999.0 -9999.0 -9999.0 -9999.0 -9999.0 -9999.0 -9999.0 -9999.0 -9999.0 -9999.0 -9999.0 -9999.0
-9999.0 -9999.0 -9999.0 -9999.0 -9999.0 -9999.0 -9999.0 -9999.0 -9999.0 16.1525486004 33.529059021 66.6183985951 33.3539305183 16.0276878398 31.3927213392 150.900023682 219.939389317 14.314745609 -9999.0 16.6982530639 -9999.0 -9999.0 -9999.0 -9999.0 27.5385935451 14.0694970776 -9999.0 -9999.0 -9999.0 -9999.0 -9999.0 -9999.0 -9999.0 -9999.0 -9999.0 -9999.0 -9999.0 -9999.0 -9999.0 -9999.0 -9999.0 -9999.0 -9999.0 -9999.0 -9999.0 -9999.0 -9999.0 -9999.0 -9999.0 -9999.0 -9999.0 -9999.0 -9999.0 -9999.0 -9999.0
-9999.0 -9999.0 -9999.0 -9999.0 -9999.0 -9999.0 -9999.0 -9999.0 19.5119488175 53.2154793276 68.3774901736 83.6856309876 114.936509168 14.2345791528 59.0470868006 72.4995167788 318.89052086 12.4633589285 11.6541294685 30.1075939736 43.084923421 13.7621651097 -9999.0 70.6158494415 57.8897002914 15.6052817088 -9999.0 -9999.0 -9999.0 -9999.0 -9999.0 -9999.0 -9999.0 -9999.0 -9999.0 -9999.0 -9999.0 -9999.0 -9999.0 -9999.0 -9999.0 -9999.0 -9999.0 -9999.0 -9999.0 -9999.0 -9999.0 -9999.0 -9999.0 -9999.0 -9999.0 -9999.0 -9999.0 -9999.0 -9999.0
-9999.0 -9999.0 -9999.0 -9999.0 -9999.0 -9999.0 18.8730626565 16.3958928226 15.7701535476 16.2715458812 16.6766281598 117.550681442 248.425781372 263.887212022 276.522795954 12.7503629126 344.183309211 356.194533866 26.0137478568 13.3154435871 55.7527824539 95.6049773957 13.0827456024 110.980142812 13.5040545091 13.4522767818 13.8887639926 -9999.0 -9999.0 -9999.0 -9999.0 -9999.0 -9999.0 -9999.0 -9999.0 -9999.0 -9999.0 -9999.0 -9999.0 -9999.0 -9999.0 -9999.0 -9999.0 -9999.0 -9999.0 -9999.0 -9999.0 -9999.0 -9999.0 -9999.0 -9999.0 -9999.0 -9999.0 -9999.0 -9999.0
-9999.0 -9999.0 -9999.0 -9999.0 -9999.0 -9999.0 37.7341443004 54.967452858 122.311247836 168.603492394 13.546801778 14.5855278683 13.6891146907 40.1838447501 328.28620994 10.794923882 367.413601276 421.411052102 41.9913214081 24.3634702606 106.968656185 12.6708024639 123.3019023 23.716418481 11.8066537468 24.6660343733 27.3079924461 14.0302984533 14.8770592767 14.2481596504 15.7635326118 31.4536893249 -9999.0 -9999.0 -9999.0 -9999.0 -9999.0 -9999.0 -9999.0 -9999.0 -9999.0 -9999.0 -9999.0 -9999.0 -9999.0 -9999.0 -9999.0 -9999.0 -9999.0 -9999.0 -9999.0 -9999.0 -9999.0 -9999.0 -9999.0
-9999.0 -9999.0 -9999.0 -9999.0 -9999.0 21.6782264577 41.0585647694 19.2402022108 36.4262846267 186.379486745 216.410220089 246.275119341 812.942074258 13.9070809426 340.955682612 1266.46161985 1276.98469231 1719.41871811 13.6862110815 35.5526319719 118.391400967 11.2680343926 259.665548486 124.489663263 76.627474713 64.4932031023 13.1258840413 41.7495055208 42.8330244946 28.4394820842 13.601397758 45.6157177832 13.3241956418 12.9688391102 -9999.0 -9999.0 -9999.0 -9999.0 -9999.0 -9999.0 -9999.0 -9999.0 -9999.0 -9999.0 -9999.0 -9999.0 -9999.0 -9999.0 -9999.0 -9999.0 -9999.0 -9999.0 -9999.0 -9999.0 -9999.0
-9999.0 -9999.0 -9999.0 -9999.0 -9999.0 21.5410999709 61.724613017 122.59612256 140.294441857 274.62581889 290.647857277 341.889251049 553.82177755 861.240731292 889.70834988 902.768615006 22.2030578788 1762.37975968 1787.0933068 1846.89675231 2270.06301366 294.267740029 271.966287881 88.6439366102 11.7199764803 76.4970836129 52.9805607509 10.4762490163 54.6812995919 12.1177538147 28.1137828848 72.5920489558 85.2176257114 25.2662488213 12.0448658071 11.9508792371 -9999.0 -9999.0 -9999.0 -9999.0 13.5851032445 12.2585411392 -9999.0 -9999.0 -9999.0 -9999.0 -9999.0 -9999.0 -9999.0 -9999.0 -9999.0 -9999.0 -9999.0 -9999.0 -9999.0
-9999.0 -9999.0 -9999.0 -9999.0 -9999.0 20.4915270363 19.0168379928 80.1070901746 98.3577359664 117.42618367 17.5650888682 34.5822755678 199.829348682 38.2633274476 15.820540419 13.4843295124 11.6773039434 15.3841744051 14.9036893488 13.3425970095 2281.58805204 2314.37173119 10.900676147 33.9034508864 23.2808946993 87.2246876365 21.3978738324 10.0320516376 66.5814859971 24.2816625006 61.6240783507 145.071780852 134.623335269 36.9571431124 35.2686522153 12.5598747213 12.5722594384 -9999.0 -9999.0 12.8375790379 28.1908378427 66.1550712025 12.989275122 -9999.0 -9999.0 -9999.0 -9999.0 -9999.0 -9999.0 -9999.0 -9999.0 -9999.0 -9999.0 -9999.0 -9999.0
-9999.0 -9999.0 -9999.0 -9999.0 -9999.0 -9999.0 21.1740739718 21.3665736668 39.1189955639 57.7341998239 130.108064356 165.249613841 184.682081334 21.9275368956 13.0742175911 185.996250125 225.347155282 237.113946729 288.176895295 299.444450358 11.2248979136 2325.67716323 2380.83454814 44.193010494 9.50132893983 96.6964805103 212.728351667 85.8747015854 19.7900563604 10.2295831015 227.401351194 155.934126519 10.0123575214 9.95689671711 45.735810891 36.5517676967 11.2398766801 10.1953300611 12.2763681548 24.7569136684 11.8786221259 80.4876798866 91.6112988212 9.9011451897 -9999.0 -9999.0 -9999.0 -9999.0 12.2911503001 11.3272906257 3.9070318682 -9999.0 -9999.0 -9999.0 -9999.0
-9999.0 -9999.0 -9999.0 -9999.0 -9999.0 -9999.0 -9999.0 19.9890086555 17.5245418349 37.1024023266 55.8766513598 17.6832547909 17.7125602215 101.553238226 130.66829003 160.721427398 13.852110704 26.7592228239 13.4804236217 311.434974061 685.268314819 697.938149667 3101.50673902 10.5997443466 26.5427404759 8.21724633441 221.768243311 9.57395402397 30.2153543477 9.77619333664 237.093752097 246.818465477 20.1829097014 19.9402713224 116.755334873 59.3953918354 21.5631288035 11.1944891174 24.395636171 36.676821969 59.274270771 10.4427147998 111.158994019 120.86977485 9.03413407956 9.82437622003 10.2571318316 9.13276416458 8.75892994987 32.8096283564 13.0971325813 7.82702463859 -9999.0 -9999.0 -9999.0
-9999.0 -9999.0 -9999.0 -9999.0 -9999.0 -9999.0 -9999.0 -9999.0 38.4512250265 54.2391865237 17.2404184543 35.5583690476 51.5726978391 86.3114025083 16.2159470355 15.3733226377 12.557519804 12.6814952209 11.1570101985 349.53291843 13.630291676 26.2172649862 3141.34266869 3166.00177871 9.06128512914 44.6406143636 274.660254113 18.785402092 38.403015389 17.1596573307 25.258717612 283.666842139 28.7549417395 164.36123242 136.252725959 10.3245582157 54.223355623 22.1140499191 35.058179628 10.4769420744 69.1004632989 88.6286307357 97.142710156 105.155874015 154.975284583 17.2851871958 18.354861807 16.5633018752 15.7367978119 40.3959154132 7.75678512459 28.9328628926 35.9718953947 -9999.0 -9999.0
-9999.0 -9999.0 -9999.0 -9999.0 -9999.0 -9999.0 -9999.0 -9999.0 19.2713555729 92.0770295074 108.633280649 16.5311390186 32.0206079127 15.4289155524 13.7620851 13.5009209688 171.415637037 225.875444927 279.534652339 335.96132826 13.3930219142 13.0164652344 11.6610299426 3223.47072691 3252.47055839 3262.2700533 359.510542287 74.9114712717 65.57472039 7.44863553888 32.6441779387 324.142371181 7.79561735266 172.394182184 9.74777471953 72.1096976441 65.5810419213 10.6582910084 45.7097600571 21.0006293347 31.4293933062 8.94270034803 7.79674123334 113.053762222 120.439582461 162.342442863 26.3846272946 24.1658332354 23.048822712 48.6226242994 64.3810943457 7.86376671411 43.4530429961 8.52742899378 16.0073213777
-9999.0 -9999.0 -9999.0 -9999.0 -9999.0 -9999.0 -9999.0 -9999.0 -9999.0 20.0382486116 126.469605512 142.317457894 47.3849560172 77.8176197036 105.266608927 119.081982141 14.4532829372 42.0569511504 28.4562255725 15.1596052749 14.3024536277 12.3455666095 23.9094296966 39.8390497182 13.5737880672 3646.33614993 3655.23820834 8.42837881121 6.31869154196 15.3693256609 22.949407941 346.882830414 15.2773537542 179.157772106 107.566841004 90.1333411095 9.71619890732 20.0050116712 54.8766797996 9.17328663372 40.4522567152 17.5209911462 12.8288471012 5.89691679126 139.57835247 308.019736768 32.0658336031 29.9325913305 29.4356362001 6.41582273204 70.8193757834 6.24879607387 57.6017378154 7.21763359598 23.3529626074
-9999.0 -9999.0 -9999.0 -9999.0 -9999.0 -9999.0 -9999.0 -9999.0 -9999.0 -9999.0 15.9160359546 174.262548202 15.1560410059 29.917012296 42.8936752452 68.1202970492 12.8954039462 27.0936740601 13.4178409636 12.0672613163 11.3082656291 22.2758968156 9.64197972609 10.1194477813 20.04504697 11.6453018173 3666.13628114 3684.02894782 3708.59781655 30.1376344708 7.94770037495 15.8472673755 355.371593334 326.387163015 125.566171284 8.86882823394 38.8824879858 29.350233545 64.0741121545 18.2961500715 76.0793244092 26.2952101935 19.9012491842 5.40349097582 6.57120531621 316.110179944 323.273851132 391.342763893 49.6322414091 13.3108575358 77.8563388051 90.9676600082 154.653468663 13.9770502895 6.61082729107
-9999.0 -9999.0 -9999.0 -9999.0 -9999.0 -9999.0 -9999.0 -9999.0 -9999.0 -9999.0 -9999.0 10.6762818866 197.379172596 15.7338601349 28.2145121651 120.813458776 12.548777383 12.3037918291 10.4056379884 23.4188785784 11.9666819828 45.742768272 64.8743797798 73.2624475398 27.525858569 34.7332477707 8.59025823105 10.4996196668 10.5596543871 3756.52376853 3779.90083604 361.973401714 340.070449093 333.316433667 14.448395485 6.91268383886 47.0488448136 127.796448717 72.6045411019 26.6851805743 110.950795224 43.8165478123 36.1360653476 10.2621796433 4.55973323684 3.9506480938 4.18502854392 415.443560522 485.870866058 6.40687204195 5.78379820802 6.37958773499 161.04625776 181.002366667 11.653638774
-9999.0 -9999.0 -9999.0 -9999.0 -9999.0 -9999.0 -9999.0 -9999.0 -9999.0 -9999.0 -9999.0 9.645955756 219.260811125 263.91175064 12.7127705734 145.802573918 11.2423033014 10.4684708003 21.851665151 57.0565468789 11.4020299153 12.2205777252 9.38394960393 91.5972528977 100.134987855 144.36187948 160.253795172 167.996920729 176.19278798 184.176511456 3973.50758454 4350.61972506 4705.35663799 4713.03429745 6.55538542105 7.09027637798 144.216181678 136.071002811 8.35533794568 8.41478409554 121.222010903 173.452546581 6.76513892081 91.1599577987 85.3227457476 23.9680217483 10.7501652445 18.0955160879 8.27165132187 499.450647164 6.970172489 18.4263355204 23.6440339526 222.20128964 238.49093252
-9999.0 -9999.0 -9999.0 -9999.0 -9999.0 -9999.0 -9999.0 -9999.0 -9999.0 -9999.0 -9999.0 17.1343814687 31.8349609428 278.022549023 301.377726908 11.5970666873 170.073677074 8.82070753951 28.1998295486 66.7206823407 21.5471793485 10.0698557632 20.6608319742 7.60845846679 14.8384644608 7.72338977092 6.95045217562 5.81397027792 5.30455428613 4.4650218544 4.23939390297 5.84823527621 7.54993681361 9.59977932726 4736.49300851 170.925908872 157.069784215 6.0069242035 23.6743425735 5.66279747594 6.52508082126 180.91966052 295.736872234 99.9769444106 75.6108283992 14.6024793934 6.05742272476 5.33454550928 11.4823154156 517.804196021 530.864240744 6.84392404672 6.9985498367 5.86228051261 4.82982291125
-9999.0 -9999.0 -9999.0 -9999.0 -9999.0 -9999.0 -9999.0 -9999.0 -9999.0 -9999.0 -9999.0 -9999.0 13.2725759796 195.217001831 509.465555359 548.570200605 729.478756567 742.162684647 149.124558057 108.863427384 31.8487244017 9.85180462899 39.9454054513 48.8286811362 71.6234874481 15.9664351737 14.5158790569 13.5765856352 26.4272248048 11.835160826 11.2857689206 6.03026488437 4.85553885451 4.10609844973 4743.28144877 4918.62514412 4927.06662177 6.24629706029 64.3980740661 28.1584128105 8.30611548632 322.580356104 19.522097098 10.2056220615 43.6416822618 8.81536760382 6.68221049528 12.862964919 18.4771685275 24.9127296891 541.866323159 5.24296369034 4.58083559957 4.58555418344 3.33060429237
-9999.0 -9999.0 -9999.0 -9999.0 -9999.0 -9999.0 -9999.0 -9999.0 -9999.0 -9999.0 -9999.0 15.3733475988 150.412731678 181.148513457 26.7697078779 10.170377318 22.0792569964 774.43268514 784.635865049 945.98353357 8.4150223724 18.1451697385 7.59043386699 7.73561486758 79.2279052686 102.766816045 124.227620239 6.77856305909 33.2823092335 51.8135720599 30.3199794821 12.6208824953 10.0569224181 8.49584781373 8.77134726902 4.00712830993 4933.47677614 4938.72018882 5012.98117743 12.9438181634 6.99025600099 331.967884268 20.6242244256 10.6139134032 12.1245462542 12.0414093789 10.185932587 17.6404229152 49.8807587801 81.6458381648 628.76427433 3.9854017089 12.0078776763 8.14940007585 6.56402484644
-9999.0 -9999.0 -9999.0 -9999.0 -9999.0 -9999.0 -9999.0 -9999.0 -9999.0 -9999.0 -9999.0 15.8858996601 107.067644335 15.9874487878 12.7938391609 71.6919290445 82.5900763558 93.2995274537 102.910116974 1264.59783543 1274.83107921 1294.16690467 1423.25357355 1446.3861658 1459.40289947 1467.20649566 1607.71758205 1627.52155994 1635.06014117 1694.55023076 1732.60116841 1739.10475505 1760.93106179 14.75867696 13.4286030301 2.94844527123 2.77345137682 4943.85570217 5036.85695989 18.8573905287 386.409921956 379.61695279 37.8875767338 8.80891695103 9.13301834783 8.66311253417 8.84844918486 17.8591622699 25.4468380172 7.45604156183 633.802605073 639.195125651 663.96712502 668.393079884 679.08201204
-9999.0 -9999.0 -9999.0 -9999.0 -9999.0 -9999.0 -9999.0 -9999.0 -9999.0 -9999.0 -9999.0 56.3480121443 74.1030039436 32.8271813105 47.5232619739 14.4107608546 163.372561249 174.586158632 196.709953931 206.036064506 70.6730287682 1379.78342091 1388.85458568 7.37887603548 5.23249076157 5.14135665566 10.7811550538 5.5950139505 4.40095015886 4.14230124805 4.11626796478 1744.80597337 1766.93344177 1788.96176594 1808.67202874 1819.31116846 4.70927337981 1.46795528176 5439.74407275 398.231389723 393.629149133 7.45458860195 6.87781839689 6.32426344385 15.6730005375 15.2239531394 6.84828841783 6.96427653106 6.31279241438 13.5997315172 18.0460367631 3.62071204781 6.46819410002 2.30896912763 1.48775277298
-9999.0 -9999.0 -9999.0 -9999.0 -9999.0 -9999.0 -9999.0 -9999.0 -9999.0 -9999.0 -9999.0 -9999.0 38.1980114755 17.3546871746 14.7989539776 140.645086597 152.58424379 11.8919459857 44.7134752784 54.9433239156 63.3186482894 9.98495076234 6.86455120382 189.075517782 194.746212752 200.046977155 516.001370934 520.198797107 528.474126381 572.1814836 595.785513452 599.253844816 4.02518263078 4.28548696327 3.69636780019 1827.21138799 2.70565326854 5499.20433231 5493.45561746 49.9680105559 44.5665360092 27.9358083214 6.96684173171 12.5350919814 22.2100556145 21.8302945873 13.285110682 6.62139738552 12.8206523073 12.6669363861 23.5400058383 3.43810988031 9.77891215986 16.1984986779 19.5574519657
-9999.0 -9999.0 -9999.0 -9999.0 -9999.0 -9999.0 -9999.0 -9999.0 -9999.0 -9999.0 -9999.0 -9999.0 19.9832025595 52.4709400035 67.4669534735 112.096186183 11.6070739982 23.8559180727 34.7029509312 142.575475669 151.108957231 159.039418879 166.528341705 175.909235455 270.884193843 297.21563027 311.759905334 5.71368718098 34.4638811241 40.3204781745 584.660527013 604.119253705 613.984690298 624.256351404 631.244880749 2462.17378733 6.72392090337 5517.87682416 7.03760182643 3.49529068963 37.85154494 33.0312822534 4.38246497884 18.0496962817 27.9143504214 27.2571540353 18.3284794496 30.0152152489 47.42421659 17.8065467938 46.1047903631 3.3742336008 5.6718906719 1.3271132004 1.02722793833
