data/baseflow/mHMbf_acc452.asc
ncols                  80
nrows                 72
xllcorner      4374000.0
yllcorner      5656000.0
cellsize            500
NODATA_value       -9999
[rows 0 to 23 of 72, columns 0 to 54 of 80]
-9999.0 -9999.0 -9999.0 -9999.0 -9999.0 -9999.0 -9999.0 -9999.0 -9999.0 -9999.0 -9999.0 -9999.0 14.3285875169 13.8935617791 -9999.0 -9999.0 -9999.0 -9999.0 -9999.0 -9999.0 -9999.0 -9999.0 -9999.0 -9999.0 -9999.0 -9999.0 -9999.0 -9999.0 -9999.0 -9999.0 -9999.0 -9999.0 -9999.0 -9999.0 -9999.0 -9999.0 -9999.0 -9999.0 -9999.0 -9999.0 -9999.0 -9999.0 -9999.0 -9999.0 -9999.0 -9999.0 -9999.0 -9999.0 -9999.0 -9999.0 -9999.0 -9999.0 -9999.0 -9999.0 -9999.0
-9999.0 -9999.0 -9999.0 -9999.0 -9999.0 -9999.0 -9999.0 -9999.0 -9999.0 -9999.0 -9999.0 -9999.0 30.3206582205 70.8730184271 12.1662696433 -9999.0 10.7958641302 -9999.0 -9999.0 -9999.0 -9999.0 -9999.0 -9999.0 -9999.0 -9999.0 -9999.0 -9999.0 -9999.0 -9999.0 -9999.0 -9999.0 -9999.0 -9999.0 -9999.0 -9999.0 -9999.0 -9999.0 -9999.0 -9999.0 -9999.0 -9999.0 -9999.0 -9999.0 -9999.0 -9999.0 -9999.0 -9999.0 -9999.0 -9999.0 -9999.0 -9999.0 -9999.0 -9999.0 -9999.0 -9999.0
-9999.0 -9999.0 -9999.0 -9999.0 -9999.0 -9999.0 -9999.0 -9999.0 -9999.0 -9999.0 13.6912091468 13.3767882508 14.4822178047 14.5169640285 97.164629442 109.123013809 29.9450621782 9.65284993787 -9999.0 -9999.0 -9999.0 -9999.0 -9999.0 -9999.0 -9999.0 -9999.0 -9999.0 -9999.0 -9999.0 -9999.0 -9999.0 -9999.0 -9999.0 -9999.0 -9999.0 -9999.0 -9999.0 -9999.0 -9999.0 -9999.0 -9999.0 -9999.0 -9999.0 -9999.0 -9999.0 -9999.0 -9999.0 -9999.0 -9999.0 -9999.0 -9999.0 -9999.0 -9999.0 -9999.0 -9999.0
-9999.0 -9999.0 -9999.0 -9999.0 -9999.0 -9999.0 -9999.0 -9999.0 -9999.0 13.1447856204 26.9197216688 53.6421308757 27.4027379095 13.1242770258 25.3681852256 120.935219345 172.499086255 10.5013893876 -9999.0 13.1157071098 -9999.0 -9999.0 -9999.0 -9999.0 20.6229828154 10.681526227 -9999.0 -9999.0 -9999.0 -9999.0 -9999.0 -9999.0 -9999.0 -9999.0 -9999.0 -9999.0 -9999.0 -9999.0 -9999.0 -9999.0 -9999.0 -9999.0 -9999.0 -9999.0 -9999.0 -9999.0 -9999.0 -9999.0 -9999.0 -9999.0 -9999.0 -9999.0 -9999.0 -9999.0 -9999.0
-9999.0 -9999.0 -9999.0 -9999.0 -9999.0 -9999.0 -9999.0 -9999.0 16.6457110984 44.5082797938 57.1730759328 69.8192074672 93.2182771683 11.4634206206 47.6249800699 58.5516778834 253.358115111 11.1311601041 9.97334080514 23.832662702 34.1480810432 11.0268766454 -9999.0 52.5178312954 43.2343075878 11.6225672888 -9999.0 -9999.0 -9999.0 -9999.0 -9999.0 -9999.0 -9999.0 -9999.0 -9999.0 -9999.0 -9999.0 -9999.0 -9999.0 -9999.0 -9999.0 -9999.0 -9999.0 -9999.0 -9999.0 -9999.0 -9999.0 -9999.0 -9999.0 -9999.0 -9999.0 -9999.0 -9999.0 -9999.0 -9999.0
-9999.0 -9999.0 -9999.0 -9999.0 -9999.0 -9999.0 15.2920252557 13.3627753289 12.9988084261 13.4767229185 14.1105062943 98.4373327189 204.771075434 217.411357585 226.864529698 8.93661321901 273.285427299 283.621209256 20.4121999036 10.6293673094 44.1875371467 76.4997472531 11.036655106 86.3848267747 11.1102186784 11.4373378021 11.2776720957 -9999.0 -9999.0 -9999.0 -9999.0 -9999.0 -9999.0 -9999.0 -9999.0 -9999.0 -9999.0 -9999.0 -9999.0 -9999.0 -9999.0 -9999.0 -9999.0 -9999.0 -9999.0 -9999.0 -9999.0 -9999.0 -9999.0 -9999.0 -9999.0 -9999.0 -9999.0 -9999.0 -9999.0
-9999.0 -9999.0 -9999.0 -9999.0 -9999.0 -9999.0 30.73705893 44.9746556306 100.752336589 139.079406459 11.3903446958 11.816031312 11.35763375 33.4482234813 270.329303046 8.46343164284 293.030215926 332.227672791 30.5822900507 19.7647069437 85.8261411242 10.547606319 96.3392576246 20.0563460971 10.0283091983 21.0673756508 22.4982859009 11.4371789656 11.2276369978 10.6868634977 11.9647737086 23.8460548157 -9999.0 -9999.0 -9999.0 -9999.0 -9999.0 -9999.0 -9999.0 -9999.0 -9999.0 -9999.0 -9999.0 -9999.0 -9999.0 -9999.0 -9999.0 -9999.0 -9999.0 -9999.0 -9999.0 -9999.0 -9999.0 -9999.0 -9999.0
-9999.0 -9999.0 -9999.0 -9999.0 -9999.0 17.8377081122 33.7333212474 15.7350308819 30.3275314074 154.358440295 180.05668483 204.977871591 679.481854587 11.2515606567 281.420095995 1055.17089164 1062.95950006 1410.44783863 9.48154543566 28.6991521475 95.2078312948 9.22829033781 210.14005497 104.239832935 64.318529949 54.1368947895 10.9080490419 33.2806462059 32.190217047 21.3486668195 10.1262620007 34.4309911118 9.83321059329 9.53978081221 -9999.0 -9999.0 -9999.0 -9999.0 -9999.0 -9999.0 -9999.0 -9999.0 -9999.0 -9999.0 -9999.0 -9999.0 -9999.0 -9999.0 -9999.0 -9999.0 -9999.0 -9999.0 -9999.0 -9999.0 -9999.0
-9999.0 -9999.0 -9999.0 -9999.0 -9999.0 17.743475298 50.6966443582 100.844263517 115.586964238 228.648560913 242.108802599 285.634853849 463.603673304 718.070771194 743.081256008 755.096253578 19.7304533381 1446.67313807 1464.61149368 1513.24507837 1857.04939756 239.25580731 220.501976244 74.3935675602 9.5979593476 62.7950628941 43.0151128436 9.17777227788 41.6879212713 9.00280971196 19.0788738518 53.270992351 62.8389854094 18.8182935922 9.32301976603 8.86558143835 -9999.0 -9999.0 -9999.0 -9999.0 9.44710217671 8.42988077079 -9999.0 -9999.0 -9999.0 -9999.0 -9999.0 -9999.0 -9999.0 -9999.0 -9999.0 -9999.0 -9999.0 -9999.0 -9999.0
-9999.0 -9999.0 -9999.0 -9999.0 -9999.0 16.6499121598 15.5126420938 67.6367280327 82.9663697913 99.1095819082 14.9876213922 29.4084304625 168.341980274 31.2681289089 13.9201738826 12.0760288136 10.6112300254 12.4274656606 11.094660832 11.8075637315 1867.35508888 1895.49414867 9.01789112093 27.8220520299 19.0468500284 71.9709074664 18.5939198488 8.80668969525 51.6096053444 17.5593197654 42.7445576242 108.406128618 100.349174111 28.0810041114 27.2488434632 9.36880899869 9.21241524945 -9999.0 -9999.0 9.14061654906 20.089945041 46.2134383843 8.91964260701 -9999.0 -9999.0 -9999.0 -9999.0 -9999.0 -9999.0 -9999.0 -9999.0 -9999.0 -9999.0 -9999.0 -9999.0
-9999.0 -9999.0 -9999.0 -9999.0 -9999.0 -9999.0 17.8004617392 18.6521243724 33.218038853 48.7354647362 109.573567431 139.49161381 155.294902948 16.908205801 11.4811635708 161.817898731 197.690601737 208.384378963 253.938416153 263.761883708 9.8455751323 1905.60400017 1950.99692904 35.7536612657 5.01242956735 79.451191884 174.997675014 68.9915501364 16.7441343976 8.31061379122 167.866436773 117.171751769 8.39326042122 8.30931067211 35.8190819529 27.4131590426 8.77557633818 8.41109660416 9.05625573395 17.910591881 8.60530971952 56.1343964467 64.4342697886 7.62438075568 -9999.0 -9999.0 -9999.0 -9999.0 8.91952797941 8.20015104915 2.42932839236 -9999.0 -9999.0 -9999.0 -9999.0
-9999.0 -9999.0 -9999.0 -9999.0 -9999.0 -9999.0 -9999.0 17.1028029261 14.1116143187 30.7276662613 46.9657781171 15.035479117 13.5033248942 85.9427401218 112.244937393 139.514046373 12.8493996684 23.6868944875 12.0688351586 274.333098466 609.431026203 619.115501661 2589.65432012 9.07974168442 14.5244162543 4.32018919532 183.208429162 8.53356432102 25.2498785511 8.17418172226 176.189276126 184.556475771 16.8833133067 16.4503525315 89.8950633874 45.1202001809 17.4037118697 9.01685107953 17.9839446157 26.6810258551 43.4042556304 7.94592195555 78.8929640951 85.3414898333 5.5581580768 6.16914460029 6.46585621113 5.53523465517 5.10227535358 23.3104214423 8.78806580763 5.3843644845 -9999.0 -9999.0 -9999.0
-9999.0 -9999.0 -9999.0 -9999.0 -9999.0 -9999.0 -9999.0 -9999.0 30.732425219 43.1422736041 14.6536168177 30.4531179049 44.908906648 73.9023839248 14.4734978949 13.5143999176 11.0583452857 11.1676311567 9.80513776986 313.468729935 12.2528023876 23.4101154589 2623.23371939 2642.9073472 7.02092681256 28.7739716216 219.408697898 16.5347242338 32.5518817667 14.9694921274 22.1215180087 216.267356173 24.3535183932 129.131553839 105.466259364 7.78683989393 43.2022718696 17.5475263879 26.1393646309 8.0159835686 51.3782155064 66.2136025873 71.705423026 76.761769614 106.203968763 10.6008489933 11.2591576263 9.79170870754 8.9092505602 28.2572326167 5.45167952202 19.8063325559 24.6119185686 -9999.0 -9999.0
-9999.0 -9999.0 -9999.0 -9999.0 -9999.0 -9999.0 -9999.0 -9999.0 16.4438995573 75.7459330029 89.718921738 13.9260857371 27.2511613504 13.2560063531 11.8630957778 11.6235533848 152.208111887 203.95749975 252.161461782 302.986174692 12.5003087415 11.6065492614 10.8492780874 2692.08062077 2713.57761284 2720.81685409 292.62458271 65.2252911521 56.788561227 6.98143577221 28.8758197548 252.232495335 6.95716124658 136.238249198 7.83641963297 55.958206374 51.8361147396 8.32049019347 34.2885649027 16.0624535622 23.9665762395 6.64610552758 4.89813258478 81.7197424135 86.0970304555 110.564518852 15.9972132038 14.1848495341 13.0881894526 34.205556677 45.328411104 5.55209935282 29.8933817793 5.8706539493 10.8646352966
-9999.0 -9999.0 -9999.0 -9999.0 -9999.0 -9999.0 -9999.0 -9999.0 -9999.0 17.7147036249 105.386154946 118.928336491 40.6724041544 67.5870218049 92.1538864828 105.00343357 13.7082434905 40.3497921486 26.9379042242 14.4411942092 13.3945491968 11.3051758573 22.2654744373 37.882692855 12.1668167787 3034.12457917 3041.32561033 6.23371836452 5.42429744279 13.9853328815 20.8458046454 272.775396902 13.693408037 142.368992752 84.8153611817 70.2697457419 7.86771039057 15.8768887498 41.5805826234 7.29786537856 31.0488760981 13.6697999338 7.96439330388 3.37173746425 97.3310317462 211.365829335 19.0508424019 17.3473500361 17.4699901821 4.5849387186 49.8552014438 4.35968976291 39.917811619 5.04951979368 15.9784810649
-9999.0 -9999.0 -9999.0 -9999.0 -9999.0 -9999.0 -9999.0 -9999.0 -9999.0 -9999.0 14.2185932731 147.486599836 13.2106259586 26.6079929168 38.5783070098 62.0332137161 12.1362417179 26.0378354062 12.5948327246 11.4169898552 10.6383019974 21.033430012 9.25131709471 9.81865599355 18.1381825304 10.4953748817 3050.23726166 3063.65441784 3083.24390645 26.8660403035 6.91754508349 13.7952741441 280.072935415 261.468875101 99.9148512133 7.37667158915 31.1516934376 23.4340622725 48.8982293014 14.5483643984 59.2313797979 20.827906604 13.2162970718 2.09635932281 3.84515974121 216.642568446 221.042600836 260.980000376 32.142977304 9.61120835175 54.8935595146 64.1638921195 108.299089518 9.91989063064 4.52706232436
-9999.0 -9999.0 -9999.0 -9999.0 -9999.0 -9999.0 -9999.0 -9999.0 -9999.0 -9999.0 -9999.0 8.49761173468 164.683300431 12.9184807305 24.7132590837 110.134966879 12.147404303 11.9011599924 10.1135303714 22.0414108993 10.8364861719 42.6019246849 61.1274140087 69.4328694193 25.4240749587 31.0237225205 6.52944766154 8.87716217723 8.14968407293 3124.67229327 3144.15547128 286.134101617 274.022994676 267.831130213 12.6965096113 6.10172194138 37.9238976977 100.532916417 55.8480811157 21.3592413921 87.4297097595 27.4455264816 21.1245138497 4.16023639702 1.68540873421 1.55429910434 2.09952087779 273.677867875 319.925664342 4.76051042566 4.16934669995 4.8169214396 112.995470221 127.222425405 8.06809009059
-9999.0 -9999.0 -9999.0 -9999.0 -9999.0 -9999.0 -9999.0 -9999.0 -9999.0 -9999.0 -9999.0 7.50337719448 182.188245887 223.671236138 11.9866013685 133.726090436 10.8880295496 10.177210723 20.3704032069 53.0007327221 10.2354466851 11.0787492108 8.96668332344 87.2312442308 95.632622098 135.675973346 149.254275826 156.108423702 162.109025653 168.583923743 3319.70959136 3616.52584602 3900.44728916 3904.99103403 4.8816241423 6.03226354956 114.178059408 107.407746708 6.79532931191 6.6408070686 94.8201911901 129.320636751 5.38055701472 62.9043532107 58.9056983411 10.8410695411 4.96389109166 8.93601640889 5.40112183453 328.002112383 4.06685192645 12.621162545 15.5418301852 152.418052562 162.331476105
-9999.0 -9999.0 -9999.0 -9999.0 -9999.0 -9999.0 -9999.0 -9999.0 -9999.0 -9999.0 -9999.0 15.6007178968 29.7045964866 237.144187221 259.402280803 11.327670062 155.797717512 9.08071900689 28.1240146653 62.43144137 19.6401810732 9.33173272666 19.4955892567 7.73316418702 14.8424081486 7.19462229701 6.24490121503 4.48118325062 3.846594822 3.13751218367 2.69114449234 4.29106323224 6.0632089928 7.06548367269 3921.12314543 129.819732481 120.643476035 3.05170773513 18.9425261507 4.63451717496 4.61280355099 135.432522466 218.006462436 70.4037710414 54.9911416498 7.10892431776 2.62614252532 2.17677268125 5.92019195682 338.200458835 345.695904698 3.97763591026 4.07321670625 3.48766958917 2.23067351808
-9999.0 -9999.0 -9999.0 -9999.0 -9999.0 -9999.0 -9999.0 -9999.0 -9999.0 -9999.0 -9999.0 -9999.0 12.0063005173 187.632557482 459.185959573 497.506385605 664.060152708 675.049050874 139.502347794 101.301980723 29.1953394133 9.12424616504 37.4180113694 45.9763564488 68.2448083743 14.8892399705 13.1854443586 11.6099713023 22.278038057 9.79056640386 8.87818592256 4.64421725495 2.03481971636 2.19962870521 3925.85899117 4059.68205349 4064.33414465 2.91686463631 47.6285837138 22.4174419853 6.82716658467 241.053697791 16.9223553812 8.90735433763 37.6044428934 7.25660759857 4.75081754883 8.5738149128 11.8008034145 15.6097912588 351.739840806 2.75646441326 2.30903189247 2.2988628654 1.71340239406
-9999.0 -9999.0 -9999.0 -9999.0 -9999.0 -9999.0 -9999.0 -9999.0 -9999.0 -9999.0 -9999.0 14.2209259998 144.307648027 174.702981318 26.9890040196 8.93457494153 18.7514810103 704.280476727 714.294987153 864.320655451 8.22363686417 17.2276105537 7.3477869966 7.4912453988 75.5451936372 97.7049928865 117.167991937 6.33655661615 28.5654414727 44.4945370069 25.1576653764 10.5475916225 6.36588228917 4.58446605551 4.43643296772 2.12714207655 4067.37610869 4069.46423992 4121.3856356 10.6317039316 5.84058035382 246.723954026 17.5464084322 9.23005374994 10.588729249 10.5000969669 8.60399396589 13.936323385 38.432115932 58.276667577 412.951562546 1.98665569035 5.98798530231 4.06129002877 3.31791770946
-9999.0 -9999.0 -9999.0 -9999.0 -9999.0 -9999.0 -9999.0 -9999.0 -9999.0 -9999.0 -9999.0 14.7622583618 104.275259062 15.8825287771 12.7329052505 72.214868258 83.3623387853 94.4290851061 103.93674256 1190.18295538 1198.6630057 1215.62627899 1345.46726359 1367.5975271 1379.0827208 1386.73112019 1516.05439261 1531.17662349 1537.6311068 1589.37163377 1621.7214928 1627.70513224 1644.05243884 10.0419858039 7.48576130944 1.10089661679 1.0611870813 4072.11503849 4137.58678049 14.2821704034 289.727576667 284.320133234 31.909690044 7.36043105044 7.48877879092 7.08299393092 7.26425922243 14.6181282138 20.2693733813 5.19166630316 415.715099048 418.692298778 431.226172036 433.561718414 439.050628025
-9999.0 -9999.0 -9999.0 -9999.0 -9999.0 -9999.0 -9999.0 -9999.0 -9999.0 -9999.0 -9999.0 55.5338223083 73.0002216236 32.518511187 47.7126723957 14.8752363573 168.100959592 180.154889107 203.875371186 212.395105569 75.3942740283 1305.49984751 1313.40018073 6.72689697983 3.87359626899 3.16925472294 7.50046627056 3.19791817288 2.14055676568 1.87732939909 2.38045134834 1632.25165719 1649.21846965 1665.72849934 1678.53594586 1682.93492 1.57426238023 0.459126725931 4437.1367284 297.729692323 295.541675474 6.17996480035 5.64069766132 4.86947430525 12.4192776485 12.0376918569 5.39130518804 5.46211878961 4.95065728253 9.98416747586 12.759171526 1.71898521736 3.07496262717 1.31979037773 0.611971585971
-9999.0 -9999.0 -9999.0 -9999.0 -9999.0 -9999.0 -9999.0 -9999.0 -9999.0 -9999.0 -9999.0 -9999.0 37.9025212555 17.0287428443 14.6301542591 143.925153926 156.748990084 12.7693998397 48.576932108 59.4163579601 68.0754382207 10.0837243154 6.29166044723 193.68490295 198.423743625 202.749597411 513.188381611 515.918622269 519.941859338 546.935718028 558.391035715 559.94715862 1.67672594418 1.84893140266 2.21860437464 1685.99644762 1.09452146357 4478.96862731 4477.27546717 38.4498480617 35.4810583789 22.7816397525 5.64711595912 9.7714766266 17.4602102493 17.0946956522 10.323180983 5.14574152814 9.9841672406 9.77229427699 16.8877573202 2.26398718718 5.10713102943 8.82448088389 10.1229437337
