data/baseflow/mHMbf_acc459.asc
ncols                  80
nrows                 72
xllcorner      4374000.0
yllcorner      5656000.0
cellsize            500
NODATA_value       -9999
[rows 25 to 49 of 72, columns 0 to 54 of 80]
-9999.0 -9999.0 -9999.0 -9999.0 -9999.0 -9999.0 -9999.0 -9999.0 -9999.0 -9999.0 -9999.0 -9999.0 29.7141846022 59.1661611707 28.0266350513 56.2282660466 26.5928554903 195.355792422 247.729881352 274.140112929 24.4617464143 46.4061094375 442.774601444 547.832282778 567.871389791 44.2723547685 45.1942621943 65.2862197378 11.7043397428 11.1939445525 21.3067353949 10.936314013 649.710865596 662.039972562 673.74275446 5402.85445483 11245.9274443 11166.9267321 16.1212233197 6.85498637142 6.32239908368 30.3823053994 23.5813882185 64.4162942116 90.3903087321 181.829938959 15.7576478146 15.7709320707 146.408923269 160.634758624 311.11089243 320.042003579 340.605989411 347.480856463 5.81371899861
-9999.0 -9999.0 -9999.0 -9999.0 -9999.0 -9999.0 -9999.0 -9999.0 -9999.0 -9999.0 -9999.0 -9999.0 -9999.0 29.2134079667 58.0355467316 86.7234451222 140.993951675 28.0694639248 26.7709306142 175.358612504 200.321691727 402.87576103 425.618643548 64.8795438753 23.1024601544 22.1758222279 21.3123650473 578.811854373 593.542690544 605.997453808 616.184981958 637.724031403 119.962205856 131.66249348 817.994782005 17473.1174057 62.6938324039 49.6047319306 24.1660833904 6.476497088 5.54947259595 42.370639292 46.6649277641 76.2592495672 6.26279590589 190.531636218 27.1471320628 26.7463185712 6.11865105529 3.93700919129 3.10239916031 3.34760403197 2.99931054812 350.487814206 4211.04125876
-9999.0 -9999.0 -9999.0 -9999.0 -9999.0 -9999.0 -9999.0 -9999.0 -9999.0 -9999.0 -9999.0 -9999.0 -9999.0 -9999.0 28.3363539451 52.5468555232 73.8357603159 95.4625810678 122.041807996 149.052923783 79.7382631654 131.408017714 22.9473722714 22.5318718322 471.298898232 516.624969428 538.504918362 560.580420771 18.0675966926 33.0401045169 82.5905608445 95.9067828928 107.835098292 13.4135652104 8.80149787482 17503.7290854 12.8143514639 15.6623496384 8.40240607399 26.7370469433 12.0468293027 6.73404259247 128.726226242 133.418838159 4.06942585193 194.871749957 225.818792446 31.2443437689 4351.03109221 4341.52959878 4333.96883821 4319.76816498 4313.19144409 4231.76659693 4227.41460188
-9999.0 -9999.0 -9999.0 -9999.0 -9999.0 -9999.0 -9999.0 -9999.0 -9999.0 -9999.0 -9999.0 -9999.0 -9999.0 -9999.0 4.93654083359 11.4999146942 21.4621250175 178.080168152 205.489446292 27.3853529924 26.7679651691 26.1799429637 378.018074834 426.303479345 22.8048132386 23.4218958273 19.9632035091 80.8107441518 100.629751484 53.4473911697 66.8477766204 474.418517434 489.811651356 516.952970273 813.506103503 18324.2561753 12.6649884949 6.43733015297 40.8991428607 34.0999215443 5.13017918751 17.3909619276 22.6426442079 138.715870845 142.96093977 379.187526606 228.284820085 34.8542277998 4442.0814349 36.4780698801 4327.3002999 4323.67789076 75.6484142239 3.36027150886 11.5210428792
-9999.0 -9999.0 -9999.0 -9999.0 -9999.0 -9999.0 -9999.0 -9999.0 -9999.0 -9999.0 -9999.0 -9999.0 -9999.0 -9999.0 25.1890925071 41.2294691375 88.5139149315 152.293060622 223.971856954 275.760754715 302.233530407 328.789711398 354.006589998 23.9644065941 22.8680706712 44.9926381919 40.3918966397 20.6644943651 411.812872683 431.337009768 449.499199789 466.634553125 259.006006918 273.072541956 287.907471107 18330.3782282 20.6675854404 22.3135288906 68.1279655733 7.0839370266 10.2066785069 5.10145336644 4.98698326869 27.3727725066 3.69572721816 3.81860464208 4841.80090192 4459.37979154 4455.48127309 14.8555130912 33.058400206 21.712581513 5.29890044923 68.9869605895 20.3028838811
-9999.0 -9999.0 -9999.0 -9999.0 -9999.0 -9999.0 -9999.0 -9999.0 -9999.0 -9999.0 -9999.0 -9999.0 -9999.0 -9999.0 17.4986342035 15.9678643657 31.1136145716 47.8960644176 26.6027379593 28.3601683562 55.1036785157 81.967155055 132.420114795 157.415780295 181.150424638 250.329343763 271.318110134 292.136483651 19.2819429983 202.076555629 218.967589915 233.461019526 11.2149505514 6.71672342892 12.7392988115 18629.5676115 18635.4821632 18668.6907668 88.3162472766 14.6473292428 18.609867713 4.91917141064 8.90030010814 31.3822608771 38.5205757012 7.0033018638 4858.32950212 4.96548762834 8.21292613036 9.46882589653 6.47344840116 12.084656238 4.99221398423 43.760414341 33.6629203532
-9999.0 -9999.0 -9999.0 -9999.0 -9999.0 -9999.0 -9999.0 -9999.0 -9999.0 -9999.0 -9999.0 -9999.0 -9999.0 -9999.0 -9999.0 14.9966961047 29.7169959851 15.2597829249 31.8973097321 199.981822619 224.516473976 251.2611798 25.1561919233 25.2026132609 48.9315554266 72.4433733867 113.812155043 133.724053085 145.094640077 163.760915041 16.5134590001 15.0329943574 261.071869567 267.069126702 273.689135101 280.15595893 223.538886325 18918.4542139 19047.2155664 19053.6040278 19078.0630447 19104.4366829 19118.0267028 3.97038447219 42.071690654 4862.07801655 9.2581191695 4.736929026 4.18137190009 3.61003795598 6.57874465462 6.77996997851 3.77262712083 5.26466754478 4.97767901974
-9999.0 -9999.0 -9999.0 -9999.0 -9999.0 -9999.0 -9999.0 -9999.0 -9999.0 -9999.0 -9999.0 -9999.0 -9999.0 -9999.0 -9999.0 -9999.0 44.0682922438 60.4405742267 108.510504617 148.555558723 22.5764972837 301.171875732 326.049303438 350.926944848 24.1529646963 47.8556552294 21.654491804 159.281724292 169.861618569 186.772805862 204.798699229 247.069314213 251.712191002 3.44256567607 199.175059902 211.69261574 217.421060872 243.567078097 34.2557669805 22.2248430851 14.0718446793 12.5352673215 19133.4769774 19139.4198994 19209.0292222 4866.01043534 23.5261682408 10.7962787545 7.17738564827 2.56131402933 20.385028739 10.7997318559 3.41167958302 18.4281610469 15.4046170283
-9999.0 -9999.0 -9999.0 -9999.0 -9999.0 -9999.0 -9999.0 -9999.0 -9999.0 -9999.0 -9999.0 -9999.0 -9999.0 -9999.0 -9999.0 -9999.0 16.0388601688 76.218767681 93.2608190693 24.1448459379 26.8898414544 53.6071159087 78.4401946695 454.269524371 24.099490409 96.4491854203 118.565495677 140.204902034 11.4534082412 27.3042200738 36.0852839775 161.928318491 178.619725837 183.469026802 6.10965248088 6.44619258333 7.85009586003 14.1677395566 6.3288434087 6.89430248182 11.4260492602 8.98878329517 10.2006272341 23.0405185431 19215.2491626 24096.4580194 28.5500994573 6.37345982704 2.50166847052 63.2202597148 57.7444266377 33.9337690761 30.4914868951 22.9126715632 5.05142607743
-9999.0 -9999.0 -9999.0 -9999.0 -9999.0 -9999.0 -9999.0 -9999.0 -9999.0 -9999.0 -9999.0 -9999.0 -9999.0 -9999.0 -9999.0 13.0093238531 43.5316787276 14.4928947128 27.380771119 28.3273806185 55.1833460476 81.5421207393 104.760371523 575.775560991 599.285399689 23.9374958334 46.1223828957 68.3768858519 82.4232626035 98.2665931302 144.387672403 156.044213588 10.0212733278 9.54280243402 8.46120507466 6.77349331206 10.8988371584 10.8452690064 11.8186373137 13.2821287421 36.1408553672 14.560011812 4.7674327493 4.57543238042 5.02952291954 9.65048645549 24274.0991376 143.381318557 73.495153809 4.56612063958 1.90449129852 2.16347968824 8.0639630144 5.78751355962 3.02026541304
-9999.0 -9999.0 -9999.0 -9999.0 -9999.0 -9999.0 -9999.0 -9999.0 -9999.0 -9999.0 -9999.0 -9999.0 -9999.0 -9999.0 14.0104827488 26.4152481132 96.7684270662 13.6072188441 49.9580261209 78.0683687562 105.063035096 27.0482004208 51.9259875169 72.8387593681 687.992016707 23.2123282662 44.6302835887 65.7161961115 18.269193505 36.2097771164 46.0031212803 57.8192787015 1322.65245006 1342.12282017 1362.23513627 1436.2498707 1462.14469744 1516.67398316 22.7176496705 49.0446340332 47.3331107259 1697.21424858 1706.9411148 4.3527615937 8.4777605167 12.4676912049 24277.872839 131.870442604 53.183395872 51.1232077978 44.6745942969 41.3107493153 10.7611837796 2.49829876871 5.23596620175
-9999.0 -9999.0 -9999.0 -9999.0 -9999.0 -9999.0 -9999.0 -9999.0 -9999.0 -9999.0 -9999.0 -9999.0 -9999.0 -9999.0 14.0780858853 42.5265425314 152.969961136 222.906217058 11.5352961489 292.276864543 413.251145873 26.0354890011 50.6370072493 72.9057630872 894.114385771 912.109708008 18.7400750498 103.076898212 120.294752466 135.016367553 1207.14599729 1237.40905295 1254.28785088 8.30779903958 50.2241543505 60.3904844447 24.0291635155 34.7066275434 1564.80265532 1628.36739087 1636.63055211 1644.4464494 1717.10553006 4.97466522045 4.43652073176 20.6687890528 24282.1491043 3.15566188904 1.60368229927 4.62382828843 1.68685438844 37.4294780752 32.301320987 18.6649229409 13.7586422644
-9999.0 -9999.0 -9999.0 -9999.0 -9999.0 -9999.0 -9999.0 -9999.0 -9999.0 -9999.0 -9999.0 -9999.0 -9999.0 -9999.0 -9999.0 -9999.0 28.7953722276 57.6253277744 262.832976202 277.727583547 425.873497793 441.717890506 25.4134833119 50.7359814693 120.254947462 925.312023716 961.718499619 976.758759807 11.8521671063 1029.58628989 1060.90445634 19.1123469058 8.20319254131 16.9325800223 32.2624917665 7.47565673069 14.8863420713 33.0594410553 40.915388721 7.11432961617 5.08136324953 10.1519867257 1755.06154296 1769.27460421 1773.31624702 1803.23776572 24286.2322092 1.98616844536 1.22685027395 1.31634313105 1.28129327516 1.30886024344 1.15055282253 2.17974125627 1.7072901054
-9999.0 -9999.0 -9999.0 -9999.0 -9999.0 -9999.0 -9999.0 -9999.0 -9999.0 -9999.0 -9999.0 -9999.0 -9999.0 -9999.0 -9999.0 -9999.0 14.8957138021 14.4898059199 14.251745399 30.2553424694 12.8573385357 467.258924076 481.654902322 23.481503415 47.2430226495 22.4822312973 17.5092679826 17.0284763957 1006.41185309 10.1279992951 19.9526284118 11.0057618345 9.51470469858 7.88006227954 6.15717461915 6.36007947123 19.2681426194 26.2459313283 5.14999148089 4.41308637628 9.32281712332 15.1454236979 20.5747410604 7.26013247575 1778.28025917 1807.26029113 24289.3287972 7.53802813152 3.8627215616 0.88309204014 2.0132173079 0.746495187012 0.58676489059 2.81502828624 8.93905582156
-9999.0 -9999.0 -9999.0 -9999.0 -9999.0 -9999.0 -9999.0 -9999.0 -9999.0 -9999.0 -9999.0 -9999.0 -9999.0 -9999.0 -9999.0 -9999.0 -9999.0 -9999.0 14.1869735704 43.0659312663 54.081766215 66.3813673841 493.854494631 506.631378531 520.218134995 538.522701032 555.246900407 589.234195531 599.460330099 608.927781989 618.168141225 8.91545637616 8.40778424609 8.35061382009 27.4872779194 6.93828574977 6.61329660024 5.48179295431 15.7440455458 5.518387779 4.47130551555 4.22125699745 3.64036735651 7.26881551166 10.5792507413 1828.88084041 26129.2938361 1.66451224135 4.25239472428 0.770727317433 2.85392261487 1.77388683608 1.17971386481 19.1927420574 14.8945483454
-9999.0 -9999.0 -9999.0 -9999.0 -9999.0 -9999.0 -9999.0 -9999.0 -9999.0 -9999.0 -9999.0 -9999.0 -9999.0 -9999.0 -9999.0 -9999.0 -9999.0 -9999.0 -9999.0 11.3134818239 91.8525552111 183.056750777 196.026990018 21.6936000001 44.9062564301 68.6263382201 87.5734502609 213.765954225 223.350357879 9.26857581626 8.79224015349 638.018054929 654.562751596 662.086185757 32.9763900368 4.48525467989 10.5881770632 15.7661130268 48.1612881249 58.7741205728 67.3478645 8.02338025393 11.3021080642 3.75690020779 7.40737160021 3.75230486864 26136.9362838 1.75894609029 7.43250222724 3.23073429169 8.20389396483 17.2624134096 19.5302643784 39.7359967245 18.8579589222
-9999.0 -9999.0 -9999.0 -9999.0 -9999.0 -9999.0 -9999.0 -9999.0 -9999.0 -9999.0 -9999.0 -9999.0 -9999.0 -9999.0 -9999.0 -9999.0 -9999.0 -9999.0 12.971916057 41.6344138301 80.9138468412 105.166451237 270.027920985 287.782558143 48.1688528111 71.9492935972 91.1205758744 110.185239182 233.338445899 252.364183768 441.742749657 456.7267581 467.091319985 668.874148954 717.181086274 10.2870265872 6.49217939224 6.16765362416 11.7453232472 5.36614514753 77.7325219235 81.8290673909 14.8491022379 19.7969389386 5.35101387756 4557.02096535 4564.68881169 30706.5670922 30717.1171744 1.53159095766 11.3324501927 2.24183619812 2.3142146354 45.0184396933 65.8523456861
-9999.0 -9999.0 -9999.0 -9999.0 -9999.0 -9999.0 -9999.0 -9999.0 -9999.0 -9999.0 -9999.0 -9999.0 -9999.0 -9999.0 -9999.0 -9999.0 -9999.0 -9999.0 -9999.0 14.9622567813 14.4009376622 26.8323887514 62.8978180035 300.082598499 24.3660279591 24.1465951261 44.0084776755 63.1240201584 150.808706577 163.426167339 8.71130170655 9.5377409191 476.869666577 482.989790476 1207.23202433 1214.08325989 3.8591674286 3.53162485547 3.10101103707 3.12312838285 3.4542675056 4479.82286585 4503.17559306 4527.45868363 4537.78833743 4552.31052695 4.01840972411 15.0962967846 18.7184440559 30742.9548092 30745.3207799 30747.6120249 30752.4229322 30757.6561762 70.7045182932
-9999.0 -9999.0 -9999.0 -9999.0 -9999.0 -9999.0 -9999.0 -9999.0 -9999.0 -9999.0 -9999.0 -9999.0 -9999.0 -9999.0 -9999.0 -9999.0 -9999.0 -9999.0 -9999.0 -9999.0 12.896272997 13.6611782539 24.9142637898 348.458801453 363.213435076 23.9300710751 43.5867833905 62.9045536211 76.0433118661 11.6554816949 23.8948210302 891.524197377 899.215199955 907.97950507 965.501674149 2186.79911833 4320.70095568 4330.0343036 4338.53359371 4346.88961717 4382.50316775 4393.79645317 19.7671202621 8.8846268575 5.03958005668 9.60285695618 7.51583875684 11.7492009563 3.67420369737 86.6714664264 94.5038932225 100.102148545 102.295567624 30760.2572185 30835.6921338
-9999.0 -9999.0 -9999.0 -9999.0 -9999.0 -9999.0 -9999.0 -9999.0 -9999.0 -9999.0 -9999.0 -9999.0 -9999.0 -9999.0 -9999.0 -9999.0 -9999.0 -9999.0 -9999.0 -9999.0 -9999.0 13.0802929755 24.8304908804 36.7227532851 373.640713541 18.1734891201 522.575355512 542.361068247 554.416890482 567.094977225 842.333866141 855.416111243 7.42470773699 41.2598696834 50.3601265167 7.067544719 2124.83320078 2111.52244887 4.68952533194 10.404258342 27.5984250878 5.97969795996 6.07046142698 4.491097823 3.92957528992 3.25317673889 3.60999633758 75.110617868 78.7623467471 82.9630025433 4.75752592465 3.27342899238 103.827454391 106.30073133 108.029875002
-9999.0 -9999.0 -9999.0 -9999.0 -9999.0 -9999.0 -9999.0 -9999.0 -9999.0 -9999.0 -9999.0 -9999.0 -9999.0 -9999.0 -9999.0 -9999.0 -9999.0 -9999.0 -9999.0 -9999.0 -9999.0 11.6983583618 10.7604576956 56.268107247 454.660561419 485.589943169 503.087401662 19.6661729241 247.562696995 258.034743102 263.311491368 11.8717169674 20.7021217146 27.4882764616 495.846028132 501.805596193 507.147759193 2101.6479529 1286.4440204 5.54112943818 5.81977935853 5.63653128363 4.67856871649 46.6261132758 55.2481407934 63.0289820924 67.2116013768 71.2770971483 505.699384249 508.810567248 513.850016088 524.240158367 562.990531843 565.073739811 675.283470664
-9999.0 -9999.0 -9999.0 -9999.0 -9999.0 -9999.0 -9999.0 -9999.0 -9999.0 -9999.0 -9999.0 -9999.0 -9999.0 -9999.0 -9999.0 -9999.0 -9999.0 -9999.0 -9999.0 -9999.0 -9999.0 -9999.0 22.6476798727 34.7402978566 13.9018605689 23.9452426085 179.211650604 199.361991721 213.550561704 105.619041922 115.087274705 125.644006134 134.143564851 483.172056041 490.821663281 290.908416053 804.258194353 810.086662971 1281.7527861 11.5309084482 5.87917891805 4.52841471721 32.1119616504 37.5782194478 3.46318212497 3.19854129482 491.891549805 499.229459737 502.742690811 3.95388084148 6.7768113005 557.324475549 3.10658877302 14.3670973868 16.167422696
-9999.0 -9999.0 -9999.0 -9999.0 -9999.0 -9999.0 -9999.0 -9999.0 -9999.0 -9999.0 -9999.0 -9999.0 -9999.0 -9999.0 -9999.0 -9999.0 -9999.0 -9999.0 -9999.0 -9999.0 -9999.0 -9999.0 11.284118244 22.2955554807 97.6833546805 112.766535267 133.204461658 80.3821850347 95.8177608199 9.90988536036 324.610235018 333.166797798 341.67688466 7.81532535677 276.520781564 284.407693721 6.15225443607 1252.09575906 12.6654595091 6.35694587075 17.0377726628 22.9336593099 4.72806594143 4.06113053195 453.39946239 485.157508178 489.316153651 4.33653758419 10.1208339194 12.8834407771 15.2734725284 28.8299966643 5.36914244446 11.6970768254 2.43457999553
-9999.0 -9999.0 -9999.0 -9999.0 -9999.0 -9999.0 -9999.0 -9999.0 -9999.0 -9999.0 -9999.0 -9999.0 -9999.0 -9999.0 -9999.0 -9999.0 -9999.0 -9999.0 -9999.0 -9999.0 -9999.0 -9999.0 11.0030558364 35.2226671867 63.6437967343 18.3052959862 41.5092464505 61.9687654687 284.450900196 296.945771876 306.253940441 8.79266405951 230.89118538 254.371997937 262.10227267 5.91344012282 1226.19216546 1240.16052955 6.60172789215 6.14563987457 12.1621463127 5.15217330564 427.458513173 436.913061844 442.216489123 20.3174188158 24.704506807 3.95352638944 7.19310426446 3.26150158402 22.2039913925 3.27702366434 2.95221322991 3.14503348443 3.10523177015
-9999.0 -9999.0 -9999.0 -9999.0 -9999.0 -9999.0 -9999.0 -9999.0 -9999.0 -9999.0 -9999.0 -9999.0 -9999.0 -9999.0 -9999.0 -9999.0 -9999.0 -9999.0 -9999.0 -9999.0 -9999.0 -9999.0 -9999.0 12.5176963335 15.07305609 21.8318706592 192.79242957 212.189385708 267.70885351 14.4322331735 194.451084077 214.509117015 8.40852274006 16.683922386 6.12657824343 1207.18070795 6.99796402423 19.6631163815 24.9948615764 30.1339672019 396.108745027 412.61525528 418.22283461 5.68529269147 10.7494753684 15.4367097755 3.06730693998 2.72384305507 1158.66071669 1161.40406754 1163.71844053 1184.91271482 1187.67248145 1191.08510411 1193.75442321
