data/baseflow/mHMbf_acc515.asc
ncols                  80
nrows                 72
xllcorner      4374000.0
yllcorner      5656000.0
cellsize            500
NODATA_value       -9999
[rows 0 to 24 of 72, columns 0 to 54 of 80]
-9999.0 -9999.0 -9999.0 -9999.0 -9999.0 -9999.0 -9999.0 -9999.0 -9999.0 -9999.0 -9999.0 -9999.0 13.6215280603 15.0012852426 -9999.0 -9999.0 -9999.0 -9999.0 -9999.0 -9999.0 -9999.0 -9999.0 -9999.0 -9999.0 -9999.0 -9999.0 -9999.0 -9999.0 -9999.0 -9999.0 -9999.0 -9999.0 -9999.0 -9999.0 -9999.0 -9999.0 -9999.0 -9999.0 -9999.0 -9999.0 -9999.0 -9999.0 -9999.0 -9999.0 -9999.0 -9999.0 -9999.0 -9999.0 -9999.0 -9999.0 -9999.0 -9999.0 -9999.0 -9999.0 -9999.0
-9999.0 -9999.0 -9999.0 -9999.0 -9999.0 -9999.0 -9999.0 -9999.0 -9999.0 -9999.0 -9999.0 -9999.0 27.445514982 68.743257364 12.9064103815 -9999.0 12.8312007112 -9999.0 -9999.0 -9999.0 -9999.0 -9999.0 -9999.0 -9999.0 -9999.0 -9999.0 -9999.0 -9999.0 -9999.0 -9999.0 -9999.0 -9999.0 -9999.0 -9999.0 -9999.0 -9999.0 -9999.0 -9999.0 -9999.0 -9999.0 -9999.0 -9999.0 -9999.0 -9999.0 -9999.0 -9999.0 -9999.0 -9999.0 -9999.0 -9999.0 -9999.0 -9999.0 -9999.0 -9999.0 -9999.0
-9999.0 -9999.0 -9999.0 -9999.0 -9999.0 -9999.0 -9999.0 -9999.0 -9999.0 -9999.0 12.6204512505 11.8352713321 12.7681021638 12.7774416861 91.8978351559 103.259414572 34.7167861313 11.0253266256 -9999.0 -9999.0 -9999.0 -9999.0 -9999.0 -9999.0 -9999.0 -9999.0 -9999.0 -9999.0 -9999.0 -9999.0 -9999.0 -9999.0 -9999.0 -9999.0 -9999.0 -9999.0 -9999.0 -9999.0 -9999.0 -9999.0 -9999.0 -9999.0 -9999.0 -9999.0 -9999.0 -9999.0 -9999.0 -9999.0 -9999.0 -9999.0 -9999.0 -9999.0 -9999.0 -9999.0 -9999.0
-9999.0 -9999.0 -9999.0 -9999.0 -9999.0 -9999.0 -9999.0 -9999.0 -9999.0 11.7711814552 24.4915363661 48.6699564499 24.3218264656 11.7086397943 22.9801974609 113.713689532 171.893984375 11.9208375262 -9999.0 12.2887711773 -9999.0 -9999.0 -9999.0 -9999.0 24.3869044207 12.6201987077 -9999.0 -9999.0 -9999.0 -9999.0 -9999.0 -9999.0 -9999.0 -9999.0 -9999.0 -9999.0 -9999.0 -9999.0 -9999.0 -9999.0 -9999.0 -9999.0 -9999.0 -9999.0 -9999.0 -9999.0 -9999.0 -9999.0 -9999.0 -9999.0 -9999.0 -9999.0 -9999.0 -9999.0 -9999.0
-9999.0 -9999.0 -9999.0 -9999.0 -9999.0 -9999.0 -9999.0 -9999.0 14.6785530698 39.6818523006 51.1031852836 62.6817441119 84.3252543345 10.7646563041 43.7826975853 53.8555442525 245.920554161 9.33502712996 8.50585397565 22.3619529463 32.2685463176 10.5336086711 -9999.0 60.9273397685 50.2524292813 13.1960737331 -9999.0 -9999.0 -9999.0 -9999.0 -9999.0 -9999.0 -9999.0 -9999.0 -9999.0 -9999.0 -9999.0 -9999.0 -9999.0 -9999.0 -9999.0 -9999.0 -9999.0 -9999.0 -9999.0 -9999.0 -9999.0 -9999.0 -9999.0 -9999.0 -9999.0 -9999.0 -9999.0 -9999.0 -9999.0
-9999.0 -9999.0 -9999.0 -9999.0 -9999.0 -9999.0 14.2583948177 12.3671542563 11.8942879086 12.2742209898 12.5525529588 88.2444773922 184.632722663 196.324279008 205.553760676 9.18481239654 264.553329278 273.411549425 19.5721285531 10.0531232362 41.9319439823 72.5968695212 10.301897201 92.7883537036 10.5747100785 10.7527520287 11.2078180456 -9999.0 -9999.0 -9999.0 -9999.0 -9999.0 -9999.0 -9999.0 -9999.0 -9999.0 -9999.0 -9999.0 -9999.0 -9999.0 -9999.0 -9999.0 -9999.0 -9999.0 -9999.0 -9999.0 -9999.0 -9999.0 -9999.0 -9999.0 -9999.0 -9999.0 -9999.0 -9999.0 -9999.0
-9999.0 -9999.0 -9999.0 -9999.0 -9999.0 -9999.0 29.0260143411 42.5156103162 94.8400484535 130.179388329 10.5860485545 11.4495182684 10.7033234869 31.355872598 245.655669183 8.06750120107 281.887687117 325.000677833 33.3118250645 18.349285546 81.3408709421 9.83702300094 102.592549849 18.8345401462 9.39877856693 19.6235324545 22.3309432764 11.7115540924 12.6700112157 12.1314012744 13.6826951044 27.2832935546 -9999.0 -9999.0 -9999.0 -9999.0 -9999.0 -9999.0 -9999.0 -9999.0 -9999.0 -9999.0 -9999.0 -9999.0 -9999.0 -9999.0 -9999.0 -9999.0 -9999.0 -9999.0 -9999.0 -9999.0 -9999.0 -9999.0 -9999.0
-9999.0 -9999.0 -9999.0 -9999.0 -9999.0 16.8440100044 32.0517066545 15.1144427459 28.583956716 144.087082651 167.568839326 190.998168571 654.00439562 10.9022303944 255.332975782 1000.98410998 1009.4723312 1352.35233485 11.6897237163 26.8975035957 90.1277954328 8.65320682231 212.148105497 100.122246936 61.8827689231 52.0763008234 10.8704560039 35.043176197 36.5493717598 24.2499989679 11.8367777732 39.5929107558 11.7686620039 11.4248526434 -9999.0 -9999.0 -9999.0 -9999.0 -9999.0 -9999.0 -9999.0 -9999.0 -9999.0 -9999.0 -9999.0 -9999.0 -9999.0 -9999.0 -9999.0 -9999.0 -9999.0 -9999.0 -9999.0 -9999.0 -9999.0
-9999.0 -9999.0 -9999.0 -9999.0 -9999.0 17.2201921016 49.6247075725 97.7662590622 112.183981315 222.009601361 235.060598799 276.7233459 452.99557459 695.133713881 717.938922382 728.391908584 17.461014749 1386.71378488 1407.88440127 1454.39638463 1792.37766383 239.527713084 222.160062394 71.6314133027 9.7556589273 63.8577578831 44.3628443861 8.70197522906 46.737974611 10.7922094233 25.4402490098 63.9411239742 75.1255394118 22.2828461578 10.6458921016 10.5356763336 -9999.0 -9999.0 -9999.0 -9999.0 11.5235136221 10.5735822796 -9999.0 -9999.0 -9999.0 -9999.0 -9999.0 -9999.0 -9999.0 -9999.0 -9999.0 -9999.0 -9999.0 -9999.0 -9999.0
-9999.0 -9999.0 -9999.0 -9999.0 -9999.0 16.4047583875 15.4354880581 65.6808449733 80.5438904295 96.0387519008 14.2681580968 28.0990577571 166.440549095 32.5171617645 12.6640782562 10.7452794275 9.08073107708 12.3458313192 12.4677375801 10.501994923 1801.55382761 1827.94034751 8.77195839858 27.9031329501 19.3662836051 72.7454693569 17.8090635528 8.34057781235 56.9567785281 21.7211981478 55.6734369661 127.955362684 118.767240532 32.6038495867 31.0432311251 11.1303273561 10.9586708348 -9999.0 -9999.0 10.9300498742 23.8878811047 56.7263392012 11.2404791017 -9999.0 -9999.0 -9999.0 -9999.0 -9999.0 -9999.0 -9999.0 -9999.0 -9999.0 -9999.0 -9999.0 -9999.0
-9999.0 -9999.0 -9999.0 -9999.0 -9999.0 -9999.0 17.5802052985 17.639875051 32.6051452951 48.2430258977 108.675104753 138.02536865 154.169340531 19.2965691285 10.8422316605 156.233392455 188.10467676 197.657552658 239.734437348 248.83277146 9.19492313218 1837.2484935 1882.69592288 36.2840530292 7.46144635926 80.6447429768 179.170055032 73.1901097721 17.3552322598 8.97390202281 201.992229134 137.580697847 8.87537900596 8.77995451371 40.2177758019 32.1312441286 9.69154509323 8.70393809656 10.433612924 21.0496856996 9.80326582371 68.8264600925 77.6905525515 7.82820396686 -9999.0 -9999.0 -9999.0 -9999.0 9.49498927777 8.70998150595 3.13348404918 -9999.0 -9999.0 -9999.0 -9999.0
-9999.0 -9999.0 -9999.0 -9999.0 -9999.0 -9999.0 -9999.0 16.5366895331 14.546525624 30.9821695244 46.6225331302 14.7536896495 14.8788864997 86.0037768488 110.253578994 135.338071736 11.3355156214 22.32614928 11.0675209925 258.624637463 578.880549778 589.211686492 2490.77167112 8.80122582291 20.9861736907 6.49748240534 186.966395748 8.2499875505 26.4879802938 8.56333463505 210.616970678 219.264601329 17.8930385368 17.6187717841 102.508520131 52.0409469738 18.4967774122 9.6418098745 20.7147030194 31.1627038832 49.7890083631 8.50048553524 92.8585997324 100.043861089 6.39890268551 7.05196822811 7.41000839988 6.4636824622 6.09377736736 25.023740999 10.1462139718 5.95568280741 -9999.0 -9999.0 -9999.0
-9999.0 -9999.0 -9999.0 -9999.0 -9999.0 -9999.0 -9999.0 -9999.0 33.2995754772 46.7500106734 14.7334504614 30.3415927608 43.9546845322 73.2415913724 13.704458011 13.0112020353 10.6809724015 10.7670320249 9.3577616062 299.81231446 11.7091700916 22.5071387062 2523.99212633 2542.57344661 6.70007507844 34.5185559781 228.496281689 16.3941750272 33.8027167546 15.083335919 22.3080416307 252.031617821 25.5254679345 144.791505889 119.905869851 9.29406112128 46.7516050292 19.1083153581 29.6933541544 8.81806612379 57.7396353422 73.2806579933 79.3264980757 84.9523512272 123.815815879 12.0796063671 12.8885104969 11.3969770226 10.6256377871 30.3839292888 5.77596967716 22.0823721888 27.3514790694 -9999.0 -9999.0
-9999.0 -9999.0 -9999.0 -9999.0 -9999.0 -9999.0 -9999.0 -9999.0 16.5889946851 79.4231624613 93.5978501189 14.147913219 27.325917731 13.1239238615 11.6589270471 11.4583128861 147.071832492 193.997701021 239.659023523 288.508566124 11.5682372608 11.1701448624 9.42964550646 2590.06146371 2612.09654552 2619.10595791 301.899429255 65.6160904667 57.6297978728 6.53256253954 28.8270051619 287.849948915 6.84033501075 151.908205783 8.62343210373 63.0125884989 56.637786623 9.24208012005 38.6698787891 17.6848730507 26.2510766399 6.95906446148 5.45913939142 90.4822521988 95.4480007501 128.766948015 18.3114392827 16.4708946935 15.4819810471 36.5327802749 48.2946152301 5.87180483616 33.0706682424 6.65278282401 12.4747507365
-9999.0 -9999.0 -9999.0 -9999.0 -9999.0 -9999.0 -9999.0 -9999.0 -9999.0 17.2961154181 109.02666883 122.795178589 40.6355059724 66.7625014779 90.3310916827 102.344965988 12.5578045894 36.3936791421 24.65195141 13.2075582427 12.57483632 10.9315716745 21.0125483221 34.4353729019 11.0876734752 2940.51847022 2947.44989214 6.30725498798 5.19633272068 13.76115772 20.5853621811 308.155298163 13.5427187932 157.8739638 94.274996918 78.8953071477 8.40241709583 17.3223866407 46.3734683084 7.71261098411 33.6022844594 13.8796407683 8.81406511516 3.92556344447 108.118320634 240.756452048 21.8039277961 20.047531529 19.9883861854 4.64482726038 52.9670127317 4.51693379495 43.6536177448 5.59627516224 18.2359692544
-9999.0 -9999.0 -9999.0 -9999.0 -9999.0 -9999.0 -9999.0 -9999.0 -9999.0 -9999.0 13.8382754341 150.550887105 13.1241387245 25.9059578668 37.2117985372 58.9964790729 11.0418771082 23.3879109859 11.538676776 10.2984412968 9.75602535771 19.1680035625 8.36708738876 8.50130501316 16.2933633465 9.50804588215 2956.06780622 2969.53604506 2988.77900939 26.523858375 7.24387793207 14.4479498644 315.85220098 287.130954762 110.177986552 7.84305498563 33.6509151939 25.4033486997 54.1022601337 15.3771837938 62.1742535436 20.9601183936 14.1004578742 3.45473606198 4.40066124931 246.277562425 250.985549266 296.682290082 34.7338508007 9.70080133016 58.1176647083 67.6592315359 115.765938014 10.728595251 5.15405772691
-9999.0 -9999.0 -9999.0 -9999.0 -9999.0 -9999.0 -9999.0 -9999.0 -9999.0 -9999.0 -9999.0 9.64422516326 171.571410332 13.9729274525 25.0705139354 105.609958247 10.9506502092 10.7171188763 9.20039182214 20.3741284054 10.8150184539 40.3612164127 57.2812457683 64.694889965 22.7619994744 28.1581687198 6.58029352449 8.53774696468 8.30327548302 3030.21568162 3051.49651285 321.765502356 299.40055601 293.363397884 12.6149587431 6.00578992831 40.7024133307 108.95655171 61.220324741 22.370966511 91.0482951974 31.3332100724 25.2585428687 6.72519491538 2.82760356647 2.31473919709 2.56807431333 312.414335611 361.590610802 4.68186278411 4.17707520665 4.78826660351 120.752011987 136.162591591 9.17600227183
-9999.0 -9999.0 -9999.0 -9999.0 -9999.0 -9999.0 -9999.0 -9999.0 -9999.0 -9999.0 -9999.0 8.75242575929 191.233593796 230.632829364 11.2894640398 127.833840374 9.77655226751 9.12180532279 19.4204762681 50.3473621163 10.2702292112 11.0333333761 8.49094416756 81.1072645773 88.8528160346 125.677337342 138.716977526 145.254141172 151.488681504 157.663560137 3216.33267001 3549.9649755 3860.28820151 3865.56953188 5.08735016112 6.15354940465 123.141648029 116.102007601 6.97334762007 7.0675766474 100.095760303 138.110691923 5.13483660756 65.6708255515 61.3011513445 15.7458195143 6.887773969 11.8526157736 5.70987104175 370.457373925 4.58622483631 13.0863205546 16.4176294108 165.136287991 178.327948636
-9999.0 -9999.0 -9999.0 -9999.0 -9999.0 -9999.0 -9999.0 -9999.0 -9999.0 -9999.0 -9999.0 14.9716722231 28.0818009299 243.241097838 264.362569158 10.4994054631 148.447292102 7.84468143427 25.0938003736 59.144649868 19.5980237688 9.25635515105 18.8372355434 6.87757527685 13.5804534725 7.26156562943 6.6554656709 5.69974568849 5.17078895214 4.17165860309 3.63267580517 4.96361407182 6.25275499665 7.64631272027 3883.04750483 142.459969216 131.313162418 3.81370621936 19.6627752482 4.75483800943 5.86500460317 144.032701908 227.672289778 72.3789158603 54.968538569 9.99447957038 3.95993352069 3.42965916379 7.49265337294 382.408018089 390.798269145 4.44400926097 4.63974303136 4.10493221239 4.01806349476
-9999.0 -9999.0 -9999.0 -9999.0 -9999.0 -9999.0 -9999.0 -9999.0 -9999.0 -9999.0 -9999.0 -9999.0 11.7925222346 171.834646271 447.820888074 483.500111989 641.824277273 652.35279323 132.484057976 97.5777073746 29.0603455038 9.05301050417 36.6373832496 44.8568519804 65.926896716 15.0188932843 13.7844627356 13.0203033393 25.2958651439 11.1048230661 10.2487208444 5.81908607236 4.36216190404 3.40797380732 3887.96574999 4034.51381991 4040.83986385 3.8216589763 51.2555040532 23.7692985368 6.72446162264 248.407268256 14.9341562678 7.82379005261 33.3121625216 6.51252849274 4.60057308544 8.64295137298 12.1998744596 16.3441366498 397.574772891 3.16845095467 2.70434141801 2.70812370747 2.0489183606
-9999.0 -9999.0 -9999.0 -9999.0 -9999.0 -9999.0 -9999.0 -9999.0 -9999.0 -9999.0 -9999.0 13.5031043956 131.987635582 159.303862974 24.3383378798 9.40973685067 20.8237306279 682.578758572 691.496107276 834.275803131 7.95874681208 16.8963352012 7.21616091844 7.3520394123 73.2344118888 95.5288934498 116.047233584 6.49840627234 31.8577724785 49.3694488901 28.2955823279 12.0211776959 9.37334884157 7.79613028273 7.472879764 2.91955103658 4044.70991694 4047.51271656 4104.39548214 10.2794581454 5.57868380401 255.114860433 16.2636322526 8.32789872122 9.44826703148 9.37629403155 7.81511357743 13.0228728235 36.4694463414 57.275264596 458.111008456 2.2942342247 6.94557122899 4.73991409067 3.8824531402
-9999.0 -9999.0 -9999.0 -9999.0 -9999.0 -9999.0 -9999.0 -9999.0 -9999.0 -9999.0 -9999.0 13.9320080385 93.6216836126 14.1814229862 11.6605887926 64.2191451864 74.2659309758 84.1526463571 93.1234488724 1122.47154776 1132.85239757 1151.9006785 1275.30437408 1297.21392364 1309.5993136 1317.07709771 1448.96071968 1469.27117884 1476.74822479 1533.72983006 1569.39039356 1575.53431929 1596.36456899 13.5631712133 11.9466128663 2.33072450826 1.68734924593 4050.71108605 4121.36798086 14.3188912969 296.961773171 291.694422121 29.5395707162 6.83889959475 6.97259557667 6.58884912484 6.73635659413 13.548903953 19.0329599657 5.17430215206 461.196690908 464.550390394 479.038378359 481.6956208 488.052509876
-9999.0 -9999.0 -9999.0 -9999.0 -9999.0 -9999.0 -9999.0 -9999.0 -9999.0 -9999.0 -9999.0 48.9754843263 64.5859235949 28.985385758 42.2692795566 13.0422197016 145.981761348 156.380771861 177.130542088 185.955159173 66.8122700175 1233.48802672 1242.57784302 6.90468055772 4.87500128256 4.7779559429 10.2216512407 5.64838980038 4.44212375865 4.28700806819 4.21388721877 1581.38777127 1602.29194175 1622.3391493 1639.65952314 1646.89693361 2.8569751259 0.776101009585 4429.10352069 305.352470116 302.629898384 6.11177381972 5.32201281031 4.78598731442 11.8020621791 11.4310231074 5.19768882838 5.32632894056 4.89592957419 9.98181399205 12.8738393248 2.07372689381 3.71532243803 1.39771484391 1.14258186712
-9999.0 -9999.0 -9999.0 -9999.0 -9999.0 -9999.0 -9999.0 -9999.0 -9999.0 -9999.0 -9999.0 -9999.0 33.2330877325 15.2810873587 13.3640777166 124.919432095 135.910160108 11.0347356463 41.6834116021 51.4114063346 59.6316513635 9.67235057649 6.28861679712 174.203662211 179.298267438 184.131798026 481.588377599 485.534827409 493.591683681 536.131661383 558.761820717 562.220140444 4.12799831694 4.37036703503 3.68063921804 1651.29534112 1.54439435424 4473.45007401 4470.77860626 39.6359051805 36.1256462794 22.3673438808 5.48642213578 9.51260259961 16.6455423465 16.3193560766 10.0153837358 5.05425532195 9.84449439096 9.92926803406 17.2408692371 2.75187213563 6.59109086929 10.6553509298 13.1813003891
-9999.0 -9999.0 -9999.0 -9999.0 -9999.0 -9999.0 -9999.0 -9999.0 -9999.0 -9999.0 -9999.0 -9999.0 17.2454000457 45.5380827703 59.0369362739 99.0869070709 10.6447200416 21.9054414177 32.1964104483 130.944135745 139.284217028 146.893164385 154.030821568 162.432416049 255.51491328 280.014330829 293.593426234 5.39356775305 33.8867063525 39.3796083235 547.653805394 566.726432753 576.556498858 586.917905472 593.351340361 2246.73982469 3.89224859656 4484.65870579 4.67145897873 2.41554296677 30.7146250823 26.7323839031 3.76348769186 13.9999626702 21.2147393491 20.5506591767 13.8789383957 22.8073632318 36.163537841 14.0362225208 35.0796052053 2.91493845355 4.8595108872 0.852706113282 0.648709321592
