data/baseflow/mHMbf_acc447.asc
ncols                  80
nrows                 72
xllcorner      4374000.0
yllcorner      5656000.0
cellsize            500
NODATA_value       -9999
[rows 25 to 49 of 72, columns 0 to 54 of 80]
-9999.0 -9999.0 -9999.0 -9999.0 -9999.0 -9999.0 -9999.0 -9999.0 -9999.0 -9999.0 -9999.0 -9999.0 28.1478064787 56.061417746 26.4878928609 53.0757639701 24.1151314662 180.322694978 226.049590156 249.434254081 21.7072433281 43.1556151449 391.278845885 487.773657859 504.930991012 32.462281332 34.3094045049 51.8318424777 11.5353468719 10.6453977967 19.8229068006 7.99047103001 542.603555591 552.762407476 557.489243862 4926.96277452 9527.46904664 9482.44697551 9.64157343151 4.92644698216 4.45546664277 23.5558855551 19.0794904869 44.0843556505 59.8106528794 118.592380023 10.7696526415 10.7004770299 95.6574502516 106.028995712 204.037012604 208.798739489 224.293529738 228.436823394 3.57289579405
-9999.0 -9999.0 -9999.0 -9999.0 -9999.0 -9999.0 -9999.0 -9999.0 -9999.0 -9999.0 -9999.0 -9999.0 -9999.0 27.3738381472 54.4677876371 81.6010710171 131.116107954 25.1912073096 23.2390940257 148.335967674 169.97217208 349.881955697 371.451397874 61.0267657036 19.4293231444 16.1021301948 14.6803436354 485.572690803 496.232729769 507.40697443 516.661934194 533.339279993 101.269913239 106.209402946 668.221289463 15126.6050784 35.1903013499 25.7766398834 14.0535238193 3.81919106244 3.53972224373 31.6028079434 34.0303491497 51.6178360163 4.13158210732 124.548974616 19.0065509758 18.7627632201 4.07642666963 2.31609277422 1.78143671543 1.41431764217 1.77141115322 230.381396257 2853.71557073
-9999.0 -9999.0 -9999.0 -9999.0 -9999.0 -9999.0 -9999.0 -9999.0 -9999.0 -9999.0 -9999.0 -9999.0 -9999.0 -9999.0 26.3378892759 45.7703279207 62.3648870341 78.8509835397 101.996612131 125.597710801 68.4665958469 114.374287479 21.6826938173 20.9790258627 399.791034084 438.674999783 456.349843046 473.96854876 11.9979568962 22.1269526264 62.0797538775 78.1076831519 91.4160880772 6.61148552784 2.79140621959 15142.6944113 7.96244102514 7.66962837933 4.29610400104 16.4600859633 7.50550769296 3.38238851649 88.401241223 90.1600000544 1.67006038316 126.261466212 147.493483489 21.7282396257 2937.64945532 2931.69889239 2927.40334078 2920.28714043 2917.62801705 2871.44357169 2869.33005452
-9999.0 -9999.0 -9999.0 -9999.0 -9999.0 -9999.0 -9999.0 -9999.0 -9999.0 -9999.0 -9999.0 -9999.0 -9999.0 -9999.0 4.30176316644 9.7155806076 16.5969433962 148.05023377 171.743942231 23.9147320906 22.7767709202 23.0242050632 317.188845151 360.698133451 20.6647222899 20.8665239954 17.2281611154 72.539632639 90.1046847612 39.0495936126 52.2883406801 411.999273625 426.136429193 442.77199085 692.947824456 15839.9986158 7.61964017048 3.07924251245 25.4178524532 21.3102134906 2.3669061823 8.29289844886 10.6186062118 92.3515667926 94.0026365284 245.877771751 148.661127133 24.7830278947 2986.07681568 13.6839940734 2923.81607202 2922.12828043 43.4324428689 1.77784260895 12.111438352
-9999.0 -9999.0 -9999.0 -9999.0 -9999.0 -9999.0 -9999.0 -9999.0 -9999.0 -9999.0 -9999.0 -9999.0 -9999.0 -9999.0 21.0469706604 34.876316101 73.5840379559 127.23031689 185.939676711 228.719829544 251.618040813 274.628185143 296.619188212 21.4338451693 19.144353309 37.9675308056 35.7817084925 19.0571499556 355.744238007 372.968429121 388.516968191 403.34327748 228.248304709 239.705953024 247.264705809 15843.9023147 12.9681237981 10.6885010189 40.3491599694 5.10886062761 4.31580088967 2.11782870308 2.20505113916 12.563418555 1.42571588574 1.47078695246 3239.63055136 2992.61220911 2991.15461451 5.64597382805 11.9613494722 8.0016249416 2.02104446116 40.3884559673 11.8850812358
-9999.0 -9999.0 -9999.0 -9999.0 -9999.0 -9999.0 -9999.0 -9999.0 -9999.0 -9999.0 -9999.0 -9999.0 -9999.0 -9999.0 14.5237587305 13.7683135185 27.1285952077 40.7767142268 22.6151845012 26.1341143234 49.7049562882 72.9797812521 116.988747799 138.632157226 156.706987249 213.391815912 229.941584742 249.053386067 17.1865812164 170.986817883 185.90083296 201.330643193 13.6437759265 8.7763226778 14.8546168068 16103.3494249 16106.9990884 16127.3817548 55.3395019766 10.8573430733 7.89359646813 2.14452573093 3.8524879621 14.2171975083 17.0081146068 2.63997246022 3245.56709119 1.60755885933 2.86755923652 3.33947189329 2.11070206743 4.48862529015 1.83535520213 26.2337486944 21.5356847013
-9999.0 -9999.0 -9999.0 -9999.0 -9999.0 -9999.0 -9999.0 -9999.0 -9999.0 -9999.0 -9999.0 -9999.0 -9999.0 -9999.0 -9999.0 13.3076181768 26.0171315918 12.3586503511 26.1300082336 161.765698348 181.45222483 203.712890597 21.8026627075 21.8045209938 40.1540802561 59.4332062059 91.2565763985 109.054841512 120.751308642 137.429024567 13.6373594414 13.6397616494 220.891312698 230.159273498 235.626062792 240.530079767 187.296073729 16333.757846 16416.0984705 16420.5161783 16432.2328539 16447.1923635 16452.1240092 1.25512991285 18.2956870253 3246.64861795 2.50555965654 1.28080388655 1.19519589425 1.19540711659 2.28072469365 2.72006386089 1.56175857785 2.41558203168 2.50156118816
-9999.0 -9999.0 -9999.0 -9999.0 -9999.0 -9999.0 -9999.0 -9999.0 -9999.0 -9999.0 -9999.0 -9999.0 -9999.0 -9999.0 -9999.0 -9999.0 38.4723140637 51.3054117646 89.4248756065 120.301156629 16.8524941916 244.535689527 265.37621484 284.722624268 18.1848067003 35.7729945141 14.7576837558 117.785326617 127.971843792 144.102363531 161.575148574 201.019320513 209.07731905 4.98902276993 169.584469783 178.881221426 182.859119493 202.46224161 23.1178802091 13.9474590036 8.18092536424 6.95468598995 16457.8474056 16459.2391123 16486.975829 3247.55973741 6.93900748356 3.58100843932 2.3252834625 0.947132498702 7.84049199057 4.38897095875 1.37765549622 7.95510582799 6.76161140156
-9999.0 -9999.0 -9999.0 -9999.0 -9999.0 -9999.0 -9999.0 -9999.0 -9999.0 -9999.0 -9999.0 -9999.0 -9999.0 -9999.0 -9999.0 -9999.0 12.8921603042 64.0024234807 77.3809348266 18.0652154413 22.8303372436 46.5270276885 68.3803522222 373.296569315 18.3031592893 73.0849211696 88.6772393366 103.837384325 11.3485458012 26.0259554876 35.1367689684 134.017135224 151.376685112 155.434463101 4.69318991012 4.95510311954 6.17102899158 11.0621665494 5.22690245133 5.55454834049 5.79196249433 5.66387115285 4.90741036902 8.52787645452 16488.4415287 19739.5943851 8.42423646503 3.35741907188 0.913327506458 25.5129661881 23.4730250741 14.2970624466 12.9667159068 9.8951908223 2.33395552622
-9999.0 -9999.0 -9999.0 -9999.0 -9999.0 -9999.0 -9999.0 -9999.0 -9999.0 -9999.0 -9999.0 -9999.0 -9999.0 -9999.0 -9999.0 11.3661000743 35.4735802217 11.4035068546 21.4349559877 24.1218356001 46.372401991 68.7932844236 86.2029484911 471.052082121 487.858391312 17.3035460622 32.3615809547 47.7539860996 59.5870218602 73.5580341486 121.102755562 128.907749557 12.0413548833 7.56564364195 5.07800572068 2.39878082025 5.61402408799 6.15075708595 8.14871781321 10.3824393728 17.1614476709 7.19448059148 1.16657732995 1.11313419787 1.26712699406 2.42177868362 19819.7089414 68.7570297917 29.3238568142 1.71576096758 0.771227486665 0.733099250299 3.01741026401 2.22260474461 1.21478382108
-9999.0 -9999.0 -9999.0 -9999.0 -9999.0 -9999.0 -9999.0 -9999.0 -9999.0 -9999.0 -9999.0 -9999.0 -9999.0 -9999.0 12.4819230734 23.0799111317 80.2872815357 10.2172975318 36.8762463776 60.5037492976 82.3003713799 22.4091714519 41.9361432157 56.5488508193 554.775779081 16.2665453952 30.2391144087 44.9807555231 14.5481262698 29.0422393419 40.7449811993 48.9010326117 985.631100121 998.676097302 1010.25449903 1045.59926725 1057.60672682 1082.16947376 11.3337946619 26.566059324 21.481317759 1159.98454119 1162.37367484 1.04550996973 2.06552269928 3.04245510334 19820.435602 61.9602508001 30.6227809698 29.6893391343 21.7005238031 18.2268819236 3.99522986547 0.880657166129 2.00191833949
-9999.0 -9999.0 -9999.0 -9999.0 -9999.0 -9999.0 -9999.0 -9999.0 -9999.0 -9999.0 -9999.0 -9999.0 -9999.0 -9999.0 12.474643022 37.5447816225 129.72061454 189.412943969 8.48892138776 242.139334548 335.532786324 20.5559992571 39.3026948498 55.001086358 706.093852829 716.468348443 9.41893960227 64.0385554497 73.7872245347 85.7119352672 897.247642333 919.672740674 928.894424476 4.26594944691 25.1787901811 30.1036315152 9.64591410902 13.1163732209 1100.92783533 1132.47220602 1134.89057254 1137.12113916 1164.89362571 1.2382271297 1.09992738377 5.02846280818 19821.2134979 1.09994669685 2.44614721304 7.20637700675 2.75163360939 16.7886946635 12.1405045367 7.09188473153 5.30981286754
-9999.0 -9999.0 -9999.0 -9999.0 -9999.0 -9999.0 -9999.0 -9999.0 -9999.0 -9999.0 -9999.0 -9999.0 -9999.0 -9999.0 -9999.0 -9999.0 24.8462339949 49.4733859426 221.322627054 232.726162999 345.210992424 356.258277473 19.9006919211 39.8163795301 87.7444189391 723.81288351 742.434307208 749.327425478 5.19479704589 776.409547787 800.172654018 13.3838927456 4.21562770351 8.39997976085 15.8052435032 3.66611505801 6.82712720638 14.0580695332 16.8029767759 2.94795507013 1.92901961765 3.66728405945 1181.99912491 1188.93335115 1189.89835039 1197.52485455 19821.9306179 0.73445861927 1.82807239934 2.02843189392 2.01631510934 2.06281065956 1.83847737787 3.48084740607 0.609936053431
-9999.0 -9999.0 -9999.0 -9999.0 -9999.0 -9999.0 -9999.0 -9999.0 -9999.0 -9999.0 -9999.0 -9999.0 -9999.0 -9999.0 -9999.0 -9999.0 12.7643474618 12.3772454814 11.6383311656 22.3088242659 9.05026579812 374.511548241 384.134652348 16.332875263 33.0760196576 12.5165456896 8.82384687223 8.40316668137 764.904941349 8.0170689399 16.3233147055 6.92286451521 4.7681188034 3.75794262281 2.72900664759 2.8497003482 8.65602096161 11.9071153902 2.16205133125 1.81071766932 3.90164251403 6.53545525234 10.5158998362 4.59491579788 1191.48958843 1198.45967827 19822.398361 6.24945973021 4.80757698384 1.32092542327 3.15931660389 1.16206478984 0.958568564595 4.50412609265 3.3032706393
-9999.0 -9999.0 -9999.0 -9999.0 -9999.0 -9999.0 -9999.0 -9999.0 -9999.0 -9999.0 -9999.0 -9999.0 -9999.0 -9999.0 -9999.0 -9999.0 -9999.0 -9999.0 12.1247449047 32.9376987056 41.5175980489 50.3817415656 392.998332252 402.612534744 411.7380078 422.026851306 430.127827141 447.164278127 454.416914656 462.042640442 467.674853548 4.33835323821 3.97752928967 3.96161469017 12.5741955987 3.22115218935 3.00390734069 2.33505274399 6.63163944306 2.40981230258 1.8556453601 1.72920844073 1.50547371757 3.00505246062 4.34692952734 1207.0464104 21036.2498544 0.666817688886 1.31699860705 1.14777442028 4.43393954281 2.62454333729 1.92576999153 10.6068580362 5.61641240078
-9999.0 -9999.0 -9999.0 -9999.0 -9999.0 -9999.0 -9999.0 -9999.0 -9999.0 -9999.0 -9999.0 -9999.0 -9999.0 -9999.0 -9999.0 -9999.0 -9999.0 -9999.0 -9999.0 9.52121626471 78.1567723953 149.145948092 157.741431022 14.9946857659 30.9997720088 47.7222637332 59.4216177444 145.0147642 149.828246715 4.57683593635 4.39262585309 478.170021111 486.1874896 489.631512645 14.7646676907 1.64315380996 4.05328161165 6.05911435266 19.1577036943 23.648479057 27.1370836958 3.21989731145 4.50947389109 1.50713195461 3.00145354457 1.54263122237 21038.7660973 0.498737576609 2.34279673336 1.72161570795 6.83236038537 12.2511360953 14.5574380792 25.5553053672 7.66402905329
-9999.0 -9999.0 -9999.0 -9999.0 -9999.0 -9999.0 -9999.0 -9999.0 -9999.0 -9999.0 -9999.0 -9999.0 -9999.0 -9999.0 -9999.0 -9999.0 -9999.0 -9999.0 10.9801509256 35.487954938 68.9369392181 89.4847690954 220.309176345 232.31814033 34.9211295571 51.8897620316 66.2753362117 77.4948323883 156.014633271 165.842073498 305.899372949 317.946428062 324.298284482 492.463713665 512.944501272 3.87985811746 2.60468854865 2.4240268736 4.53581548259 2.06651941083 31.3045842416 32.9338621053 5.95268995134 9.16910175991 2.82250124566 3219.77455022 3223.03252262 24262.8850699 24265.7617785 0.601637864852 8.09696353861 0.880547059145 0.766158586511 27.4859928629 35.8313971051
-9999.0 -9999.0 -9999.0 -9999.0 -9999.0 -9999.0 -9999.0 -9999.0 -9999.0 -9999.0 -9999.0 -9999.0 -9999.0 -9999.0 -9999.0 -9999.0 -9999.0 -9999.0 -9999.0 12.8584148124 12.3669781832 22.910284869 53.4774822555 242.203029033 17.9402896013 17.737427157 30.4785539462 44.8654386416 111.827786397 121.338787158 8.49029449088 7.32523490676 329.135979576 331.548549267 847.985761417 851.223136297 1.26915246557 1.13997795241 0.970952682899 0.978138590666 1.20650196582 3181.72254323 3191.83542822 3203.92621621 3210.39716297 3217.01915104 1.73568889919 6.42692742535 7.43603223195 24275.2347826 24275.4997644 24276.1734997 24278.3381838 24281.7100959 37.8289785968
-9999.0 -9999.0 -9999.0 -9999.0 -9999.0 -9999.0 -9999.0 -9999.0 -9999.0 -9999.0 -9999.0 -9999.0 -9999.0 -9999.0 -9999.0 -9999.0 -9999.0 -9999.0 -9999.0 -9999.0 10.9785168769 11.6774926233 21.1656120775 283.18970414 292.930808171 17.3150597154 30.0955895468 44.9067629205 58.638175433 12.4483277578 21.5680682335 695.398562224 698.700255262 704.862408187 738.471173705 1593.74167061 3118.97430318 3122.33752786 3125.27832809 3128.18131722 3142.48827129 3147.21901082 8.5609200264 3.7117378737 2.26784320014 4.25114073067 3.22148150254 5.07741478657 1.54726750366 37.7258880082 40.4632380355 42.7735548828 43.3364512509 24282.1125568 24321.4164778
-9999.0 -9999.0 -9999.0 -9999.0 -9999.0 -9999.0 -9999.0 -9999.0 -9999.0 -9999.0 -9999.0 -9999.0 -9999.0 -9999.0 -9999.0 -9999.0 -9999.0 -9999.0 -9999.0 -9999.0 -9999.0 11.1796211433 21.1471656497 31.2283940173 301.230738277 10.4711958707 410.927455797 425.937804308 438.719124163 449.12558301 655.232349468 665.406153841 3.2427861249 23.8361697185 28.5541526669 3.04789922485 1522.10835292 1516.43734916 1.73108779283 4.00332136217 11.3761426051 2.61505123341 2.80978355851 1.89547156289 1.66476448575 1.33688209144 1.54569859752 33.0577278348 34.6536078701 36.5598023894 1.94957558094 1.74482201606 44.036294061 44.6491803803 45.0927487973
-9999.0 -9999.0 -9999.0 -9999.0 -9999.0 -9999.0 -9999.0 -9999.0 -9999.0 -9999.0 -9999.0 -9999.0 -9999.0 -9999.0 -9999.0 -9999.0 -9999.0 -9999.0 -9999.0 -9999.0 -9999.0 9.95206764448 9.11451720022 47.7051698835 367.809269701 387.830286633 398.14984272 11.5770458474 173.808441441 186.616269123 192.888253997 9.1457945007 13.139743857 15.9618826763 334.113613382 336.644807064 338.783370048 1512.77258505 955.206557267 2.13416539215 2.50627985563 2.40357407829 1.9626551713 20.6832340806 24.4335803847 27.7601024833 29.6120338458 31.3980913299 327.024663766 328.368098605 332.091417556 340.206983166 359.098711784 359.677056447 405.316957605
-9999.0 -9999.0 -9999.0 -9999.0 -9999.0 -9999.0 -9999.0 -9999.0 -9999.0 -9999.0 -9999.0 -9999.0 -9999.0 -9999.0 -9999.0 -9999.0 -9999.0 -9999.0 -9999.0 -9999.0 -9999.0 -9999.0 19.2553583181 29.4760500742 9.81964661483 17.7112764952 133.32432472 145.066647222 152.766231902 65.3568552405 74.0782839735 82.7335759433 86.9426989668 328.450414341 332.218994224 211.836067516 553.281309039 555.700151832 953.569411806 5.0078876621 2.65202705428 1.88910297102 14.4202074224 16.9131962929 1.46792027731 1.34727402336 321.239579775 324.38225863 325.818235774 2.62863945915 5.19018592773 357.050968388 0.890683952216 3.81347377716 4.27768103455
-9999.0 -9999.0 -9999.0 -9999.0 -9999.0 -9999.0 -9999.0 -9999.0 -9999.0 -9999.0 -9999.0 -9999.0 -9999.0 -9999.0 -9999.0 -9999.0 -9999.0 -9999.0 -9999.0 -9999.0 -9999.0 -9999.0 9.59577502565 18.9107464525 78.3347693851 89.0097114155 101.514835351 48.542222187 56.9579301812 8.69608265103 224.057061972 231.536063111 238.036110409 4.38676835941 204.918356948 208.877843687 2.72265583223 940.716730716 5.66540974312 2.88020273712 7.84907051551 10.5106078756 2.06376183409 1.7243293402 303.806935626 318.449317301 320.234495249 1.97405066078 4.49477058435 5.69215575088 6.91660567287 13.2557057849 1.45404030559 3.12325820935 0.622119866036
-9999.0 -9999.0 -9999.0 -9999.0 -9999.0 -9999.0 -9999.0 -9999.0 -9999.0 -9999.0 -9999.0 -9999.0 -9999.0 -9999.0 -9999.0 -9999.0 -9999.0 -9999.0 -9999.0 -9999.0 -9999.0 -9999.0 9.40343616984 29.1787343181 50.5043495542 12.5168780147 27.6701783618 39.1477249068 189.70877511 199.913845787 208.058619769 7.37010735597 171.697291588 192.564833338 197.503906254 3.76663623338 928.672375917 935.591475327 3.21665771285 2.89883961337 5.78280722558 2.34642889494 292.290810912 296.504339988 299.058318084 9.62981869622 11.6862952468 1.80423896509 3.2365177982 1.44320265468 10.0229611449 1.45088866007 0.829526119348 0.837345186154 0.814953629109
-9999.0 -9999.0 -9999.0 -9999.0 -9999.0 -9999.0 -9999.0 -9999.0 -9999.0 -9999.0 -9999.0 -9999.0 -9999.0 -9999.0 -9999.0 -9999.0 -9999.0 -9999.0 -9999.0 -9999.0 -9999.0 -9999.0 -9999.0 9.81708964471 11.1179467022 15.2429470879 138.304901377 149.095496144 180.586893465 9.82284796569 139.051539805 157.932124225 7.63837703474 15.2644600175 4.87478755376 916.929192619 4.95959363908 11.651390162 14.14595434 16.6480817207 277.181353748 285.483088707 288.136220614 2.73831549508 5.14727470145 7.33215127896 1.3508497074 1.19122860146 853.14291799 854.317829727 855.291925711 864.945137367 866.084221996 867.169356195 867.870130097
