data/baseflow/mHMbf_acc277.asc
ncols                  80
nrows                 72
xllcorner      4374000.0
yllcorner      5656000.0
cellsize            500
NODATA_value       -9999
[rows 0 to 24 of 72, columns 0 to 54 of 80]
-9999.0 -9999.0 -9999.0 -9999.0 -9999.0 -9999.0 -9999.0 -9999.0 -9999.0 -9999.0 -9999.0 -9999.0 23.8865540246 15.9916782907 -9999.0 -9999.0 -9999.0 -9999.0 -9999.0 -9999.0 -9999.0 -9999.0 -9999.0 -9999.0 -9999.0 -9999.0 -9999.0 -9999.0 -9999.0 -9999.0 -9999.0 -9999.0 -9999.0 -9999.0 -9999.0 -9999.0 -9999.0 -9999.0 -9999.0 -9999.0 -9999.0 -9999.0 -9999.0 -9999.0 -9999.0 -9999.0 -9999.0 -9999.0 -9999.0 -9999.0 -9999.0 -9999.0 -9999.0 -9999.0 -9999.0
-9999.0 -9999.0 -9999.0 -9999.0 -9999.0 -9999.0 -9999.0 -9999.0 -9999.0 -9999.0 -9999.0 -9999.0 48.2213240715 96.0504801869 12.9388227631 -9999.0 9.90898857835 -9999.0 -9999.0 -9999.0 -9999.0 -9999.0 -9999.0 -9999.0 -9999.0 -9999.0 -9999.0 -9999.0 -9999.0 -9999.0 -9999.0 -9999.0 -9999.0 -9999.0 -9999.0 -9999.0 -9999.0 -9999.0 -9999.0 -9999.0 -9999.0 -9999.0 -9999.0 -9999.0 -9999.0 -9999.0 -9999.0 -9999.0 -9999.0 -9999.0 -9999.0 -9999.0 -9999.0 -9999.0 -9999.0
-9999.0 -9999.0 -9999.0 -9999.0 -9999.0 -9999.0 -9999.0 -9999.0 -9999.0 -9999.0 23.9410180011 23.2595423639 24.1315016993 23.8197554732 140.680114164 155.135760393 26.6656199839 8.34197446934 -9999.0 -9999.0 -9999.0 -9999.0 -9999.0 -9999.0 -9999.0 -9999.0 -9999.0 -9999.0 -9999.0 -9999.0 -9999.0 -9999.0 -9999.0 -9999.0 -9999.0 -9999.0 -9999.0 -9999.0 -9999.0 -9999.0 -9999.0 -9999.0 -9999.0 -9999.0 -9999.0 -9999.0 -9999.0 -9999.0 -9999.0 -9999.0 -9999.0 -9999.0 -9999.0 -9999.0 -9999.0
-9999.0 -9999.0 -9999.0 -9999.0 -9999.0 -9999.0 -9999.0 -9999.0 -9999.0 23.5046441751 47.1951732171 93.9107188376 46.9567059755 22.9965154302 44.5816230346 176.212668365 223.724939344 9.90241592495 -9999.0 22.7413488583 -9999.0 -9999.0 -9999.0 -9999.0 18.1211347485 9.28691278219 -9999.0 -9999.0 -9999.0 -9999.0 -9999.0 -9999.0 -9999.0 -9999.0 -9999.0 -9999.0 -9999.0 -9999.0 -9999.0 -9999.0 -9999.0 -9999.0 -9999.0 -9999.0 -9999.0 -9999.0 -9999.0 -9999.0 -9999.0 -9999.0 -9999.0 -9999.0 -9999.0 -9999.0 -9999.0
-9999.0 -9999.0 -9999.0 -9999.0 -9999.0 -9999.0 -9999.0 -9999.0 25.5398693811 73.4322094661 95.6646715078 118.033456858 162.422516695 21.0800056239 85.7803091019 106.034156336 358.670293771 16.6812794469 19.0325280883 43.1452912873 63.039539588 20.4919680017 -9999.0 48.2735840316 39.7034199844 11.2377084577 -9999.0 -9999.0 -9999.0 -9999.0 -9999.0 -9999.0 -9999.0 -9999.0 -9999.0 -9999.0 -9999.0 -9999.0 -9999.0 -9999.0 -9999.0 -9999.0 -9999.0 -9999.0 -9999.0 -9999.0 -9999.0 -9999.0 -9999.0 -9999.0 -9999.0 -9999.0 -9999.0 -9999.0 -9999.0
-9999.0 -9999.0 -9999.0 -9999.0 -9999.0 -9999.0 24.2893026634 23.1329981857 23.2731463398 23.5807829943 23.2643747396 164.834539272 349.472972589 371.422959824 390.841864012 19.0581123812 395.915533655 414.835094048 39.1753146246 20.2143585231 82.6610513059 142.893914381 18.8750164398 103.304097502 20.2891601808 19.0085605112 20.3881744481 -9999.0 -9999.0 -9999.0 -9999.0 -9999.0 -9999.0 -9999.0 -9999.0 -9999.0 -9999.0 -9999.0 -9999.0 -9999.0 -9999.0 -9999.0 -9999.0 -9999.0 -9999.0 -9999.0 -9999.0 -9999.0 -9999.0 -9999.0 -9999.0 -9999.0 -9999.0 -9999.0 -9999.0
-9999.0 -9999.0 -9999.0 -9999.0 -9999.0 -9999.0 49.0625212534 73.2268384714 167.457758578 236.267692859 21.0863632428 21.763399604 20.6103214733 60.448997061 470.025954864 18.0770445336 433.043694255 506.214245749 57.1372645868 38.3200973274 161.418800217 19.5813405263 123.093121687 39.4368998944 19.9780852682 38.5183411491 41.412301744 22.8016971844 22.6902578734 22.3060103067 23.552377863 47.1231319553 -9999.0 -9999.0 -9999.0 -9999.0 -9999.0 -9999.0 -9999.0 -9999.0 -9999.0 -9999.0 -9999.0 -9999.0 -9999.0 -9999.0 -9999.0 -9999.0 -9999.0 -9999.0 -9999.0 -9999.0 -9999.0 -9999.0 -9999.0
-9999.0 -9999.0 -9999.0 -9999.0 -9999.0 25.0596783844 50.0902495542 24.9996107121 48.9201780085 260.469901964 304.576139411 348.507186753 1093.38668501 19.9672412 489.617041833 1736.9394759 1751.42660601 2282.71946853 15.8092071278 56.4587726238 180.02312714 18.4797348092 341.488171188 198.990809375 120.441076412 100.347870412 20.3151491815 67.2904845222 66.7911258161 44.4942504946 22.1168964415 69.6797587879 22.5617866988 22.3476908189 -9999.0 -9999.0 -9999.0 -9999.0 -9999.0 -9999.0 -9999.0 -9999.0 -9999.0 -9999.0 -9999.0 -9999.0 -9999.0 -9999.0 -9999.0 -9999.0 -9999.0 -9999.0 -9999.0 -9999.0 -9999.0
-9999.0 -9999.0 -9999.0 -9999.0 -9999.0 24.8318795456 74.1384195332 149.253540843 173.581150964 346.632002781 369.505058387 440.128281933 724.884519391 1152.00989726 1192.36982492 1211.13870539 35.3789993831 2345.53043586 2377.45301528 2469.90577185 3065.78490249 397.854654221 361.181133487 139.961471021 19.6835573343 126.312885605 87.2412316207 19.3542029634 87.5463378288 20.2287662182 42.0284954129 112.934469642 134.926662122 44.1490937897 21.9083297854 21.8545284363 -9999.0 -9999.0 -9999.0 -9999.0 10.9383066332 9.40782441334 -9999.0 -9999.0 -9999.0 -9999.0 -9999.0 -9999.0 -9999.0 -9999.0 -9999.0 -9999.0 -9999.0 -9999.0 -9999.0
-9999.0 -9999.0 -9999.0 -9999.0 -9999.0 24.378588 24.7554629611 99.5575646517 124.106803252 149.149508886 23.8367385452 47.3816947931 268.033737355 46.6334828706 22.114578163 20.581785536 18.646298248 20.2052949994 19.3346401959 19.7692895667 3084.50463972 3139.78623335 18.5949593774 57.6474566479 39.2560763497 145.268413416 38.9154026065 18.9570926643 108.488301895 40.0133075487 97.1318823069 241.223055255 222.304496074 65.5868986357 65.1762528068 22.2153222391 22.2749265309 -9999.0 -9999.0 21.8796419648 27.0219580247 56.1596256845 9.97847312921 -9999.0 -9999.0 -9999.0 -9999.0 -9999.0 -9999.0 -9999.0 -9999.0 -9999.0 -9999.0 -9999.0 -9999.0
-9999.0 -9999.0 -9999.0 -9999.0 -9999.0 -9999.0 25.0551180721 25.1328045881 50.029499714 75.0413087961 173.3198004 222.345901045 246.263554525 24.2317821643 20.4309042471 270.130942989 330.961697896 350.34655321 430.558660272 449.428607995 18.6883564907 3158.57797003 3252.93009383 75.6246580511 16.1825940756 163.318785364 365.130775001 145.37382644 38.0563879897 19.1917222379 376.731292151 260.979999279 19.5205479351 19.4511634172 85.2713134488 65.3395778702 21.3393849251 20.1961824784 22.0715571275 43.6452594625 21.6246914107 68.3451758289 89.598265234 19.0126440449 -9999.0 -9999.0 -9999.0 -9999.0 20.624132798 19.8248279435 6.76125628207 -9999.0 -9999.0 -9999.0 -9999.0
-9999.0 -9999.0 -9999.0 -9999.0 -9999.0 -9999.0 -9999.0 24.8949339667 24.0216120828 49.3204845811 74.3554201132 24.6563522193 22.5235822278 141.760289999 185.308536828 229.693721493 20.7446078513 41.3355497221 20.3138110577 468.696252164 1021.34916663 1031.34979516 4316.99914872 18.499356832 48.4729033001 15.7107504343 382.80317248 18.3982949042 57.4124106661 18.9238651639 395.822457236 414.91149999 39.1417120465 38.9857882077 213.986561428 107.722680141 41.5459954865 21.3821617368 44.0914108951 65.4555501532 108.071785756 20.823358232 124.916451673 138.904363393 13.2092142572 14.7147810456 13.9454150067 12.7064988627 12.2426624998 56.7117902083 25.6083211368 17.2969890245 -9999.0 -9999.0 -9999.0
-9999.0 -9999.0 -9999.0 -9999.0 -9999.0 -9999.0 -9999.0 -9999.0 49.6856654394 73.0341877777 24.9332469744 50.3185301206 73.7494921689 120.37510597 23.3272743482 22.7800725874 20.2885415349 20.4685168995 19.1045887756 513.463621365 20.9389840215 41.1692339474 4368.18218103 4397.56013942 12.0591457231 73.2988259474 472.700629072 36.2340678081 74.6487202677 35.4059813864 52.398155255 489.174307575 57.0906037876 308.924311866 252.310351186 19.3453493402 103.658298768 41.9068352404 64.6474519792 20.3817264098 127.758682016 165.851553336 178.944964912 191.469106737 190.547806531 26.3892062544 26.3739881267 24.4026521205 23.2330406193 71.6690837557 16.6485231029 60.0430938483 76.0174826376 -9999.0 -9999.0
-9999.0 -9999.0 -9999.0 -9999.0 -9999.0 -9999.0 -9999.0 -9999.0 25.519646522 123.543499209 148.099877422 24.5783895719 47.7550898783 23.1560387815 21.7161210152 21.4399309998 265.979357067 352.273859792 428.899450955 502.714436453 18.5796632459 20.5310463786 19.5382520397 4475.26427213 4501.89028503 4512.47029454 633.070373403 146.076599094 128.273307538 16.195023959 69.1208388029 575.349444664 17.4549128706 326.479575422 19.2665928118 134.375264343 124.403249966 20.3225557001 85.1399324518 40.7852191035 61.0697123914 17.4416195179 12.4270692238 203.864765034 215.474804626 202.130757968 38.7278918282 36.2876682576 35.2475730102 89.1378659129 122.721599581 16.7698201859 92.4021598444 17.2255882619 33.0910468475
-9999.0 -9999.0 -9999.0 -9999.0 -9999.0 -9999.0 -9999.0 -9999.0 -9999.0 25.629798803 173.109157709 197.25842468 71.0552829128 117.31855204 160.69588655 182.429195544 22.0385656075 66.025617445 44.3049991827 22.5071536711 22.3297418051 20.8835216521 41.4551877179 67.9025896299 18.1608347008 5175.01529941 5187.48747014 11.5462602651 12.8910360236 32.9893154435 49.5213518159 625.746516162 33.956487609 342.181056628 207.132390006 170.667793993 19.4853108099 39.4925524161 104.210552979 19.0420079537 79.9641260304 35.8847478509 23.2533022001 11.1442805815 249.215807906 461.459481847 48.0706078765 45.988461293 49.2480377688 14.7067039756 137.195551577 14.1910143087 123.801600798 15.6530856385 48.6999681517
-9999.0 -9999.0 -9999.0 -9999.0 -9999.0 -9999.0 -9999.0 -9999.0 -9999.0 -9999.0 24.122972561 245.692064064 23.1884547065 46.1943886554 67.3284064114 109.369213717 21.379568936 43.8240044292 21.9142829953 20.9272502988 20.2993655924 40.2211916961 18.7842167965 19.3296557581 33.6064733579 16.8226853842 5199.8032997 5222.49398925 5260.85233122 63.3741194717 17.0844253728 34.0933034678 643.456430507 635.85464827 243.93838771 18.321448681 77.9459329598 58.6489906791 123.317302576 38.0749409384 153.70545009 54.5760414358 39.5451818934 9.92804491815 11.808574712 474.255140299 485.434684609 589.759814522 94.6965785351 30.0817397921 152.484381656 181.742933244 319.598965829 30.8840350217 14.6864312922
-9999.0 -9999.0 -9999.0 -9999.0 -9999.0 -9999.0 -9999.0 -9999.0 -9999.0 -9999.0 -9999.0 13.3879437609 274.898576841 21.9038370632 42.580486064 193.529426126 21.2781616429 21.1236686412 19.4315589579 41.1186698294 20.4513884448 80.8569822044 118.133780861 135.629280713 49.3387546736 59.5536673786 10.9939391461 15.7394871078 15.0818138097 5352.9100931 5398.09078667 658.911079275 667.553178501 651.751626199 33.4806378514 16.3854334582 95.6957227319 254.968437949 141.545890376 56.1834906887 227.759885037 93.3138329535 76.0117233018 21.3079896727 8.80786104755 8.30546696305 9.15099127642 631.547234148 765.852014474 14.6453646775 13.4520047075 14.2631160893 333.545312738 378.20214476 27.1608798547
-9999.0 -9999.0 -9999.0 -9999.0 -9999.0 -9999.0 -9999.0 -9999.0 -9999.0 -9999.0 -9999.0 12.5884414123 305.066046269 373.163276851 20.8383968169 234.990218644 20.099679884 19.5211424323 39.4468287465 100.827336401 20.109500291 20.7581350588 18.5886861618 172.32963263 190.237150136 268.267069538 295.467816063 310.574484254 322.207158259 338.643694482 5749.31758607 6431.6422176 7120.67299124 7128.91726617 12.7597329657 16.2508610499 290.553043026 272.850736544 18.0123136944 17.8100625692 245.191731799 356.52274699 16.6034710531 177.819656104 162.385003711 42.2454817259 19.1437871115 30.8498116834 12.8699901059 787.680734122 10.7911035035 38.5257212409 47.9672489311 458.577257672 496.172524422
-9999.0 -9999.0 -9999.0 -9999.0 -9999.0 -9999.0 -9999.0 -9999.0 -9999.0 -9999.0 -9999.0 24.5428239309 46.8488741488 395.111648638 434.694577598 19.7471909853 268.283979548 17.6978049327 55.1439609833 119.274236329 39.061701782 18.8977475014 38.0424695297 16.485658371 32.7705760453 16.8113767697 16.4718509106 15.2546148236 14.5304038551 13.7573961532 12.0789392448 13.2442103394 14.5454544663 15.5185126381 7167.21124894 334.264716745 309.817644259 9.49842918061 51.9003977366 14.2637764016 12.329807847 373.40686828 603.934923551 196.254299891 141.838700555 24.4088773157 9.8795078837 9.27811801822 20.1870422668 818.873858939 838.982825659 10.3817543267 10.4663504876 10.991517204 10.4001534069
-9999.0 -9999.0 -9999.0 -9999.0 -9999.0 -9999.0 -9999.0 -9999.0 -9999.0 -9999.0 -9999.0 -9999.0 21.4587250533 281.118544943 736.514439749 798.461542332 1084.53999657 1097.4566201 263.752950239 196.290255742 58.205642465 18.7261449593 75.0490034918 92.8522301419 142.662568177 34.1656857373 33.3281389692 32.3181859606 63.7864908689 30.501163789 28.7151189822 15.6807321146 12.6180278901 11.7640498804 7180.11357368 7525.30034896 7534.68036709 8.85567551447 132.796272996 61.5064638793 17.8517982335 659.173446187 38.50606204 19.6583983488 81.7340307255 18.3625648253 13.9928412445 25.4955470222 35.5084739316 46.1304442129 856.792650214 8.56536990512 7.66734624124 7.74186722186 6.80561071453
-9999.0 -9999.0 -9999.0 -9999.0 -9999.0 -9999.0 -9999.0 -9999.0 -9999.0 -9999.0 -9999.0 22.9896578077 213.676251716 259.320871361 42.1606814143 13.551409934 30.9156674486 1146.95824828 1161.45213101 1438.17868089 17.0925109242 35.693673535 16.3521248792 16.5365744611 159.320125615 210.114267275 259.576066004 16.0046203969 80.1918494021 126.879100918 76.1084853796 31.6520733942 27.4648408626 24.6571561852 22.398769223 9.82456340013 7542.51242166 7549.00101091 7696.03112872 30.7230515824 16.0971322818 669.363713891 40.2704157321 20.4364053465 21.6273136811 21.5109048384 19.7341311017 33.9481830368 97.2301233573 154.389078702 1019.90724453 6.8813654097 20.5707457192 13.9185106808 12.438580264
-9999.0 -9999.0 -9999.0 -9999.0 -9999.0 -9999.0 -9999.0 -9999.0 -9999.0 -9999.0 -9999.0 23.3743758924 146.666665331 23.2007148962 20.731645635 108.640956805 127.556786431 146.574043549 164.605095006 1944.26846384 1960.24417564 1993.02140576 2234.02648396 2281.83245668 2309.57056495 2326.55740091 2621.12953817 2663.01095422 2679.56426719 2824.05997969 2917.57192844 2933.65332852 2991.85939607 40.1266395585 36.0989844349 9.04608793556 7.06637484788 7556.49994562 7745.04375289 42.3592397217 769.886894615 755.524645127 77.4097270152 18.8784131666 19.3401170065 18.879637572 18.4607951645 37.0154267696 52.3223675889 13.8070997122 1028.25101575 1036.87897787 1078.90559449 1086.20794509 1105.44298419
-9999.0 -9999.0 -9999.0 -9999.0 -9999.0 -9999.0 -9999.0 -9999.0 -9999.0 -9999.0 -9999.0 74.7561193264 99.3820701409 47.6796745973 69.9028142668 22.0085563064 248.019982167 267.529188821 306.126084181 323.40634606 129.317641906 2148.8257867 2165.29163491 14.3254659427 10.7657449392 9.95375306396 22.4674923332 12.7183956524 11.5472847379 11.6731191658 12.6170018083 2948.95390436 3007.62259554 3062.01623638 3111.14763993 3141.27615267 12.9479594054 4.86581700143 8544.79064278 793.1216931 784.668733673 16.3580344836 15.4745487697 14.7930402452 34.8041864093 34.3025426992 16.0071161944 16.0623195645 14.7127908789 28.3277829985 37.3940917267 6.4429069001 12.0962688256 5.35461811916 4.28360698969
-9999.0 -9999.0 -9999.0 -9999.0 -9999.0 -9999.0 -9999.0 -9999.0 -9999.0 -9999.0 -9999.0 -9999.0 50.3064934164 24.3381790121 22.3546387626 208.938520129 228.904724102 20.0095852501 77.9863198614 96.5604471336 113.826883816 18.4920829347 13.5135526878 319.781119586 331.051128587 342.063857575 875.253501892 885.024124979 905.378651949 982.371869319 1040.53993732 1050.82636874 11.3555089997 11.6263253774 11.5267705582 3151.71301472 5.44759631778 8675.32858906 8667.21077212 115.777476965 105.600569272 63.5097042377 16.1030846693 29.341264988 49.9654081905 49.5514070441 31.4684210621 15.6370835354 30.1685370887 29.487463791 50.520176743 8.68965548828 20.1198929835 33.5738223724 42.4039605517
-9999.0 -9999.0 -9999.0 -9999.0 -9999.0 -9999.0 -9999.0 -9999.0 -9999.0 -9999.0 -9999.0 -9999.0 25.3332102184 72.6053028927 95.694946488 164.858292168 19.8912693787 40.3720161285 59.6438413735 233.198759472 250.439051767 264.761300232 280.479229218 294.87570705 453.804239797 498.470939507 523.169700855 10.7754070526 58.3530909653 68.6559703552 1008.59697488 1060.3540933 1084.41557446 1108.80987314 1129.82669214 4286.80270002 3.40789403434 8699.12020255 15.4632377432 7.75725882272 89.9449572184 77.5329709401 12.9777192374 43.1575270012 63.464714068 62.5748420576 43.9660749811 72.3357973288 114.1980698 42.0992335255 104.395281278 10.2980849439 15.6554200697 3.1237574869 2.33974893516
