data/baseflow/mHMbf_acc501.asc
ncols                  80
nrows                 72
xllcorner      4374000.0
yllcorner      5656000.0
cellsize            500
NODATA_value       -9999
[rows 25 to 49 of 72, columns 0 to 54 of 80]
-9999.0 -9999.0 -9999.0 -9999.0 -9999.0 -9999.0 -9999.0 -9999.0 -9999.0 -9999.0 -9999.0 -9999.0 12.1527307797 23.9171584458 10.0561976356 20.0152804422 7.18354856995 62.917970605 75.5959010892 82.524679989 5.70466198968 10.7071662512 126.277233621 150.451852358 153.995212458 8.24853506629 7.39061753182 10.3632939578 1.73456680769 1.40796230196 2.60271932068 1.07918764437 241.278434198 242.485805858 243.126309918 1379.4320007 3145.28771748 3135.16753844 1.43628037676 0.894206533259 0.812155472916 3.69792447309 3.12316466318 9.71351469288 14.916370046 29.9649025519 2.5664549672 2.52926476669 23.0675494926 25.2694288998 49.2718011702 50.2652438679 52.7836494464 53.4307988286 0.609593042298
-9999.0 -9999.0 -9999.0 -9999.0 -9999.0 -9999.0 -9999.0 -9999.0 -9999.0 -9999.0 -9999.0 -9999.0 -9999.0 10.0366593494 20.387778149 31.1702173443 47.1960044858 8.54441500112 6.75949199693 60.1289167614 65.7050164208 116.489650767 122.814201116 16.5332129741 4.7460520149 3.74502756006 3.28180959552 232.788095198 234.609716815 236.416679329 237.803158984 240.121633635 18.7353700343 19.5569861368 263.691248968 4789.272604 6.95278623797 5.27625344203 2.45059452447 0.734018970309 0.614227285103 5.22189400053 5.64915185799 10.8382971607 0.579878052097 30.8219289982 4.04349731147 3.91801710213 0.577064007616 0.33514543773 0.302004007106 0.39630761015 0.335096357504 53.7798134265 784.840891049
-9999.0 -9999.0 -9999.0 -9999.0 -9999.0 -9999.0 -9999.0 -9999.0 -9999.0 -9999.0 -9999.0 -9999.0 -9999.0 -9999.0 9.32399124457 20.123749468 30.0185693897 39.8656304084 46.699804823 54.0379688782 19.911128473 33.7378993488 5.91893287024 5.28998619458 212.096659293 221.734553383 225.772037233 230.213443634 2.57434289231 4.30697174131 12.6307080595 15.1854464482 17.1602817893 1.19997629694 1.19541636498 4793.76860921 1.6698570908 2.17837528769 1.21003581255 3.13274730222 1.44063991774 0.913745143708 17.2753524445 18.185558742 0.432865951685 31.3935978938 35.9224072386 4.58365841172 806.482638922 805.593912252 804.908791641 803.267720611 802.563718513 787.549281545 786.873711358
-9999.0 -9999.0 -9999.0 -9999.0 -9999.0 -9999.0 -9999.0 -9999.0 -9999.0 -9999.0 -9999.0 -9999.0 -9999.0 -9999.0 4.14697834328 8.62267516653 10.6030935037 127.805200014 134.685181975 7.25623091595 6.77135295351 6.81308488449 189.873845563 202.467115747 5.81139200694 5.88301811805 3.57606163034 15.9679472538 19.9089977176 8.30511228144 10.5498281272 104.638078743 107.230565925 112.039890386 172.346146678 4967.47620739 1.97948057265 0.864747432071 4.86771037647 4.00209179151 0.678676681696 2.36876586681 3.13092831802 19.0439587781 19.7877226848 56.8913699908 36.1522663634 4.9202861626 821.30615109 6.49492478609 804.280561105 803.824273064 14.2830091543 0.674095695554 0.986410965915
-9999.0 -9999.0 -9999.0 -9999.0 -9999.0 -9999.0 -9999.0 -9999.0 -9999.0 -9999.0 -9999.0 -9999.0 -9999.0 -9999.0 20.5434970742 34.0318834254 65.8390523607 119.108779033 145.737809169 164.374851936 171.061258542 178.117728921 184.753825953 5.85146565625 4.59688097571 8.74667386287 7.90558057847 4.3885771779 92.8985634066 96.6010750456 99.9525578778 103.086978174 52.9058478673 54.5871570774 58.1407113518 4968.67827628 3.94447457093 3.29913357564 8.95420060175 0.789131675486 1.90997067576 1.16165088766 0.678316831537 3.9971399456 0.53003624046 0.5722622246 881.843065459 824.581614317 823.986758676 2.90809512609 5.98948466479 3.60697233101 0.596679968442 12.2222559452 2.62781966126
-9999.0 -9999.0 -9999.0 -9999.0 -9999.0 -9999.0 -9999.0 -9999.0 -9999.0 -9999.0 -9999.0 -9999.0 -9999.0 -9999.0 14.3661248177 14.2012244182 28.2423602917 41.3749354239 9.96778734468 9.92784710046 17.2128735658 24.0664517742 36.3405422652 42.3446108039 46.9364454164 60.6862689628 64.7349903148 69.6803933395 3.95519253986 42.1680608563 45.2967431156 48.293674659 2.40827756042 1.02896603162 1.75591773696 5029.82872009 5030.9652482 5037.34293692 11.3616850593 1.7256293407 2.8404444898 0.704542340572 1.20440847899 4.60385078585 5.60726216771 1.022490509 884.732516969 1.09454372933 1.51219233504 1.63424328388 1.41850922309 2.46687735858 1.01425921782 9.19512098087 6.80248663202
-9999.0 -9999.0 -9999.0 -9999.0 -9999.0 -9999.0 -9999.0 -9999.0 -9999.0 -9999.0 -9999.0 -9999.0 -9999.0 -9999.0 -9999.0 13.826798199 26.8150557704 11.9708689783 24.5665593768 146.293928931 152.822654801 158.918037183 6.09865756013 6.13469328961 10.6507719385 15.5096296126 23.107990808 27.3403587953 30.8976090902 34.5220327946 2.65630776722 2.22792466614 54.1766384913 55.9312738127 56.9013136301 58.1242608458 49.4314880918 5092.16874367 5110.98569851 5111.35273915 5114.37934949 5117.14284519 5118.46084954 0.403938253306 6.05144030679 885.08780903 0.854055679364 0.440988766468 0.888211691108 1.03810093253 1.65602351927 1.22761266976 0.781709714666 1.42997129466 1.20572540929
-9999.0 -9999.0 -9999.0 -9999.0 -9999.0 -9999.0 -9999.0 -9999.0 -9999.0 -9999.0 -9999.0 -9999.0 -9999.0 -9999.0 -9999.0 -9999.0 39.6569875656 51.2152896864 87.602681319 110.579891785 10.5692821898 177.719076598 183.506851089 188.463495435 4.89149607099 9.39162048476 3.73038993547 30.847456453 33.3318736239 37.6188402612 42.1329092243 49.9262982868 52.5921302042 1.50030684454 43.8747497948 46.5775504298 48.2489161122 53.6607329349 6.49835239425 3.725978993 1.88291992683 1.63308596479 5120.00588396 5120.48804872 5130.17860032 885.397875032 3.18935901028 2.00577222204 1.39344139877 0.362782135938 4.37059579309 2.18537934122 0.676175300735 4.01385609418 3.49171374867
-9999.0 -9999.0 -9999.0 -9999.0 -9999.0 -9999.0 -9999.0 -9999.0 -9999.0 -9999.0 -9999.0 -9999.0 -9999.0 -9999.0 -9999.0 -9999.0 12.7928447626 63.8176558805 76.4762596376 10.5351083491 6.79371209 14.4169904162 20.7773540506 214.664503527 4.79991846666 19.4689895088 23.5375303781 27.5065108015 3.14485993897 6.60238918473 8.00685962707 33.5789902946 37.9135494637 39.603314119 1.54720140315 1.13497856616 1.30946211559 2.44572828807 1.03271274836 0.9850169847 1.11629392124 0.846175295712 1.1223486043 3.5169242581 5130.7099254 6017.62314447 4.10086881563 0.958703552846 0.476388769349 13.8137623115 12.9765289369 7.83860089719 7.02603781199 5.16535527659 1.4570584569
-9999.0 -9999.0 -9999.0 -9999.0 -9999.0 -9999.0 -9999.0 -9999.0 -9999.0 -9999.0 -9999.0 -9999.0 -9999.0 -9999.0 -9999.0 11.8856293334 35.8045103634 11.3265249693 9.06287558494 8.14205387745 15.2149252379 22.0923460644 28.3823976374 251.315576497 255.721498306 4.66987764092 8.72891444061 12.9086396602 15.754722354 18.7988699168 29.013685165 32.1381122198 2.34933015713 1.33727281504 0.828689473046 0.588029007039 1.03034128462 1.36052680279 1.38945852424 1.72732389269 4.43818306499 2.00012403496 1.10880471299 1.10666331006 0.705250932426 1.24360951327 6077.91694908 56.0774611709 19.0001338345 3.59069111326 1.94470061928 0.768755451871 2.20693129403 1.30592275742 0.617521152788
-9999.0 -9999.0 -9999.0 -9999.0 -9999.0 -9999.0 -9999.0 -9999.0 -9999.0 -9999.0 -9999.0 -9999.0 -9999.0 -9999.0 12.5275727682 24.1825063717 82.9255082426 10.8136502864 18.2584384675 25.7618686687 32.1923130171 7.18035468933 12.6612966664 19.9432332794 282.920650483 4.13179234359 7.66474243482 11.430104475 3.46854098456 6.78756874864 8.68533189533 11.0016263298 419.028740341 421.729371641 424.445199437 438.063669155 440.473070703 448.590119527 2.57865021578 5.62956996702 5.54027398509 474.054922187 475.688086336 0.962775868606 1.36224566413 1.74799845078 6078.4957836 54.5195992002 30.3863282677 27.7962857253 21.2041615674 17.4085435672 2.86912109838 0.784241111926 1.18173494349
-9999.0 -9999.0 -9999.0 -9999.0 -9999.0 -9999.0 -9999.0 -9999.0 -9999.0 -9999.0 -9999.0 -9999.0 -9999.0 -9999.0 12.7384543973 38.7329334302 134.370680456 200.261443372 9.70129431786 257.493134413 298.732894879 6.16618395665 11.4653077337 18.0590679546 336.726756678 341.912680454 2.83962835284 17.2310988258 19.8845745567 22.4905515403 397.4356847 403.087420218 406.757141984 1.76610561491 9.67448679809 11.7446583849 4.39320531297 6.0409060218 457.315292212 465.609329328 466.892037694 468.044065336 476.783121552 0.5341685988 0.496438929671 2.65946618012 6079.35601456 2.36043822182 1.4866386873 4.46264266679 1.84472033249 14.8194195307 12.5645746293 7.92001425865 5.21957344833
-9999.0 -9999.0 -9999.0 -9999.0 -9999.0 -9999.0 -9999.0 -9999.0 -9999.0 -9999.0 -9999.0 -9999.0 -9999.0 -9999.0 -9999.0 -9999.0 27.0947166587 54.4474317941 236.220626217 248.623496716 309.66468038 319.139772631 6.14933245627 12.3233645763 27.8441266017 349.041552664 356.001131021 358.289275732 1.81861984855 367.062765346 372.801674296 3.71062826962 1.77386256195 3.11240232002 6.22127996994 1.61873004377 3.11817765139 6.36164022593 7.85828509028 1.74765176243 1.03071864474 1.92232305927 484.906641934 487.278734793 487.657466035 491.928348831 6079.93871997 2.17002293446 0.841168780485 1.11985007442 1.07646492755 1.12460021973 0.928565131979 1.66671749221 1.11975906316
-9999.0 -9999.0 -9999.0 -9999.0 -9999.0 -9999.0 -9999.0 -9999.0 -9999.0 -9999.0 -9999.0 -9999.0 -9999.0 -9999.0 -9999.0 -9999.0 14.1552758808 13.7776798219 13.0807154655 23.508896963 10.1845560104 339.6308382 348.152752473 5.47955629095 10.643402858 4.56625114845 3.4613493899 3.23891109229 363.545331108 1.77925198906 4.00723321817 2.01992884123 1.70389984715 1.5026045278 1.08966028597 1.16941068826 3.85791890678 5.46087328983 1.02155650299 0.870553460625 2.07542134077 3.77359972344 4.8932340638 1.36687204764 488.750372726 492.367833996 6080.38285164 6.73561188738 1.87326528122 0.542350804055 1.48014506188 0.418893909918 0.311767692535 2.02333783868 5.30993136995
-9999.0 -9999.0 -9999.0 -9999.0 -9999.0 -9999.0 -9999.0 -9999.0 -9999.0 -9999.0 -9999.0 -9999.0 -9999.0 -9999.0 -9999.0 -9999.0 -9999.0 -9999.0 13.6137944686 35.6065214011 45.8117983825 55.9389012705 358.058428076 367.892307124 376.400157481 382.715985128 385.758027156 392.310218844 393.930570649 395.513332092 396.708573498 1.19670580292 1.15010616357 1.32544662436 4.88690970388 1.42523099308 1.41884521844 0.939235912783 2.88669466715 1.36409025943 0.993881690377 0.882944419624 0.745089392342 1.48541477492 2.19958291228 497.019125239 6584.41547938 2.5921902397 3.79649950252 0.379500505862 1.94581005145 0.942909565606 0.627437792297 11.7992338981 9.18229605019
-9999.0 -9999.0 -9999.0 -9999.0 -9999.0 -9999.0 -9999.0 -9999.0 -9999.0 -9999.0 -9999.0 -9999.0 -9999.0 -9999.0 -9999.0 -9999.0 -9999.0 -9999.0 -9999.0 11.0035380783 89.2119711388 169.084679514 178.824702905 9.35002904349 15.1816214769 20.3348707028 23.82879702 50.7282703224 51.9719423219 1.19314660122 1.26125991191 399.500349248 401.785191337 402.810189874 5.67405457038 0.696862367033 2.29320598334 3.28536435015 10.0753192649 12.6140826532 14.5401804101 1.68140210464 2.34058042699 0.856720587569 1.78076452416 0.976851703287 6585.65270637 1.83602279659 7.82256812327 1.52712896427 3.82143976149 14.9544006561 16.5296403839 29.4973119269 7.80588171213
-9999.0 -9999.0 -9999.0 -9999.0 -9999.0 -9999.0 -9999.0 -9999.0 -9999.0 -9999.0 -9999.0 -9999.0 -9999.0 -9999.0 -9999.0 -9999.0 -9999.0 -9999.0 12.4644979777 40.0663812681 78.3585962339 102.197260652 251.968220953 261.168181002 11.3983453072 16.6684940811 20.7661667115 24.1847379496 53.3520284966 55.8155872298 96.1424478503 99.1363841503 100.579513386 403.85622968 412.394751391 1.93367178153 1.65627444943 1.51374887979 2.95553379026 1.37236013554 17.318693724 18.2469532185 3.13244986898 3.93521640218 1.01898698942 1888.64311522 1890.98102374 8477.26103043 8487.02300356 2.52390361474 9.13877525638 4.45205301303 2.86604049016 33.4764432204 42.1963113012
-9999.0 -9999.0 -9999.0 -9999.0 -9999.0 -9999.0 -9999.0 -9999.0 -9999.0 -9999.0 -9999.0 -9999.0 -9999.0 -9999.0 -9999.0 -9999.0 -9999.0 -9999.0 -9999.0 14.4560326572 14.0662387469 26.2996489699 62.2243885881 272.070454381 6.04394717077 5.91387563723 9.9036376039 14.2215949331 33.6131202147 35.9998018933 1.97027521179 2.05383100798 102.42389841 103.677187469 517.403901515 518.599194757 0.643827684004 0.530205176339 0.462015810891 0.468352452716 0.606796441143 1868.9855597 1876.03122161 1880.86102958 1882.87964893 1887.88306151 1.32835420919 4.69530991955 5.43089901257 8494.26177814 8494.74863664 8494.99047003 8495.07604065 8495.45225295 43.2254797856
-9999.0 -9999.0 -9999.0 -9999.0 -9999.0 -9999.0 -9999.0 -9999.0 -9999.0 -9999.0 -9999.0 -9999.0 -9999.0 -9999.0 -9999.0 -9999.0 -9999.0 -9999.0 -9999.0 -9999.0 12.6793719714 13.3831671197 24.6959889419 319.955607102 328.697071475 5.64375311271 9.63267471667 14.1775861365 17.6176129175 2.78430713476 5.01264077266 602.700778951 603.851739091 605.453367401 617.37334264 1137.25906575 1832.79991364 1834.60187908 1836.34398368 1837.95699837 1846.78145185 1849.83597579 6.23451504559 2.63421201198 1.83995826918 3.35477570714 2.32819571678 3.80513510279 1.22404942031 25.3039189011 30.8282153734 35.3521787833 35.6329018338 8495.31583415 8538.72496147
-9999.0 -9999.0 -9999.0 -9999.0 -9999.0 -9999.0 -9999.0 -9999.0 -9999.0 -9999.0 -9999.0 -9999.0 -9999.0 -9999.0 -9999.0 -9999.0 -9999.0 -9999.0 -9999.0 -9999.0 -9999.0 12.9477344477 24.7678101837 36.6531211258 338.086101093 5.70196096372 442.639280228 447.42474819 450.062230364 452.427757215 592.681018169 595.512688531 1.48229577269 8.46469435638 10.668061948 1.88711309337 693.84520362 690.447230823 0.998938551668 2.50091495234 7.34609035668 1.77009818165 2.09693609952 1.35081558733 1.13747695649 0.781300871958 1.07255113176 21.4538484596 22.7085442546 24.3714412516 4.69107092205 3.69633516931 38.2960544044 38.8953255344 39.0996352722
-9999.0 -9999.0 -9999.0 -9999.0 -9999.0 -9999.0 -9999.0 -9999.0 -9999.0 -9999.0 -9999.0 -9999.0 -9999.0 -9999.0 -9999.0 -9999.0 -9999.0 -9999.0 -9999.0 -9999.0 -9999.0 11.6460329404 10.9268598846 56.812146132 416.006703274 432.068629864 438.772465128 4.1943324437 132.282193233 135.114851459 136.591760273 2.42004724751 4.25212642555 5.8021792023 147.420737838 148.632311737 149.726236841 688.382237055 452.04452434 1.48390094435 1.67624429308 1.55452347339 1.12586474569 12.3469319513 15.1244769477 17.4311826834 18.8798625606 20.2453995861 155.520442982 156.451593375 157.603786449 160.099789176 171.483793376 171.78108784 211.205093822
-9999.0 -9999.0 -9999.0 -9999.0 -9999.0 -9999.0 -9999.0 -9999.0 -9999.0 -9999.0 -9999.0 -9999.0 -9999.0 -9999.0 -9999.0 -9999.0 -9999.0 -9999.0 -9999.0 -9999.0 -9999.0 -9999.0 22.8292976705 34.9727560257 10.5773939959 6.00444601716 118.511563141 122.987037377 125.700222796 29.4383199611 31.4311820618 33.5921344615 35.2445998831 144.354035404 146.503956862 82.4122098261 233.793021238 235.252697091 451.002219918 3.24992130326 1.70820380189 0.957269570813 8.49189017793 10.1160310051 0.869248085362 0.798008477108 150.73272828 153.267442963 154.634740504 1.2332063487 1.8366242742 170.025788779 0.881333542093 2.84242331444 3.06977265885
-9999.0 -9999.0 -9999.0 -9999.0 -9999.0 -9999.0 -9999.0 -9999.0 -9999.0 -9999.0 -9999.0 -9999.0 -9999.0 -9999.0 -9999.0 -9999.0 -9999.0 -9999.0 -9999.0 -9999.0 -9999.0 -9999.0 11.5077427385 22.7127674793 91.2485411861 101.525488735 107.773187134 24.1872487882 27.5287492451 2.26564485776 103.385799015 105.371697985 107.370968417 1.8777688047 78.6209169721 80.9291088383 1.5351958656 442.460820035 3.82171063962 1.86454926719 4.68209579692 6.3994579661 1.17991761695 0.850858408689 138.286658793 148.436597797 150.072419562 1.62773180562 3.2406409743 3.98724030943 4.66620341575 9.28923167558 1.01661584019 2.38274249993 0.449345525513
-9999.0 -9999.0 -9999.0 -9999.0 -9999.0 -9999.0 -9999.0 -9999.0 -9999.0 -9999.0 -9999.0 -9999.0 -9999.0 -9999.0 -9999.0 -9999.0 -9999.0 -9999.0 -9999.0 -9999.0 -9999.0 -9999.0 11.355692483 35.0844930995 58.3588545593 9.48167525194 14.9512524692 20.2736157637 94.0231416158 97.0867518476 99.2334796455 1.72829179337 66.3447361587 73.0075402799 75.2019139697 1.19040503052 435.297046016 439.523045105 1.98518054508 1.68296247447 3.55581091184 1.33488545623 131.580218298 134.013100217 135.780203279 6.48596404076 8.1903090425 1.37398571282 2.42071186977 1.06059305992 7.23528229925 1.20280924605 0.653364446818 0.663112999999 0.77247924107
-9999.0 -9999.0 -9999.0 -9999.0 -9999.0 -9999.0 -9999.0 -9999.0 -9999.0 -9999.0 -9999.0 -9999.0 -9999.0 -9999.0 -9999.0 -9999.0 -9999.0 -9999.0 -9999.0 -9999.0 -9999.0 -9999.0 -9999.0 11.805251528 11.8146801277 8.48571323332 70.4670073124 75.3525825736 90.0075782156 3.20692710403 57.5526994296 63.0772467963 2.24256552269 4.94042447448 1.71627715584 430.392497164 2.34207473755 5.28796901879 6.46895709184 7.56687569349 122.269024936 127.454953701 129.335791258 1.91837793133 3.52724593423 4.88788699015 0.740661338063 0.664662885621 438.66622675 439.395791977 439.984404058 447.727983448 448.623110806 449.698813048 450.238995569
