data/baseflow/mHMbf_acc356.asc
ncols                  80
nrows                 72
xllcorner      4374000.0
yllcorner      5656000.0
cellsize            500
NODATA_value       -9999
[rows 0 to 24 of 72, columns 0 to 54 of 80]
-9999.0 -9999.0 -9999.0 -9999.0 -9999.0 -9999.0 -9999.0 -9999.0 -9999.0 -9999.0 -9999.0 -9999.0 21.4044033986 17.9536278512 -9999.0 -9999.0 -9999.0 -9999.0 -9999.0 -9999.0 -9999.0 -9999.0 -9999.0 -9999.0 -9999.0 -9999.0 -9999.0 -9999.0 -9999.0 -9999.0 -9999.0 -9999.0 -9999.0 -9999.0 -9999.0 -9999.0 -9999.0 -9999.0 -9999.0 -9999.0 -9999.0 -9999.0 -9999.0 -9999.0 -9999.0 -9999.0 -9999.0 -9999.0 -9999.0 -9999.0 -9999.0 -9999.0 -9999.0 -9999.0 -9999.0
-9999.0 -9999.0 -9999.0 -9999.0 -9999.0 -9999.0 -9999.0 -9999.0 -9999.0 -9999.0 -9999.0 -9999.0 43.7753363492 95.6879891826 15.0302063866 -9999.0 12.9012912497 -9999.0 -9999.0 -9999.0 -9999.0 -9999.0 -9999.0 -9999.0 -9999.0 -9999.0 -9999.0 -9999.0 -9999.0 -9999.0 -9999.0 -9999.0 -9999.0 -9999.0 -9999.0 -9999.0 -9999.0 -9999.0 -9999.0 -9999.0 -9999.0 -9999.0 -9999.0 -9999.0 -9999.0 -9999.0 -9999.0 -9999.0 -9999.0 -9999.0 -9999.0 -9999.0 -9999.0 -9999.0 -9999.0
-9999.0 -9999.0 -9999.0 -9999.0 -9999.0 -9999.0 -9999.0 -9999.0 -9999.0 -9999.0 20.6700583429 20.2535566976 21.0713072376 20.8265928371 134.332187843 149.530068559 35.9090773865 11.5162811214 -9999.0 -9999.0 -9999.0 -9999.0 -9999.0 -9999.0 -9999.0 -9999.0 -9999.0 -9999.0 -9999.0 -9999.0 -9999.0 -9999.0 -9999.0 -9999.0 -9999.0 -9999.0 -9999.0 -9999.0 -9999.0 -9999.0 -9999.0 -9999.0 -9999.0 -9999.0 -9999.0 -9999.0 -9999.0 -9999.0 -9999.0 -9999.0 -9999.0 -9999.0 -9999.0 -9999.0 -9999.0
-9999.0 -9999.0 -9999.0 -9999.0 -9999.0 -9999.0 -9999.0 -9999.0 -9999.0 20.4435117453 40.7787587226 81.2074490202 40.5825764523 19.723111045 38.0522228515 167.381291694 229.579428532 12.818046271 -9999.0 19.2010499739 -9999.0 -9999.0 -9999.0 -9999.0 24.6468737959 12.6220348239 -9999.0 -9999.0 -9999.0 -9999.0 -9999.0 -9999.0 -9999.0 -9999.0 -9999.0 -9999.0 -9999.0 -9999.0 -9999.0 -9999.0 -9999.0 -9999.0 -9999.0 -9999.0 -9999.0 -9999.0 -9999.0 -9999.0 -9999.0 -9999.0 -9999.0 -9999.0 -9999.0 -9999.0 -9999.0
-9999.0 -9999.0 -9999.0 -9999.0 -9999.0 -9999.0 -9999.0 -9999.0 23.1693864534 65.2816379451 84.624394314 103.952217779 140.109116025 17.4746546766 71.8029141171 88.0367026805 345.909240918 14.7934427332 14.618839515 34.9606948698 50.0966721845 16.128788293 -9999.0 63.5632953583 52.2935185958 14.2483300671 -9999.0 -9999.0 -9999.0 -9999.0 -9999.0 -9999.0 -9999.0 -9999.0 -9999.0 -9999.0 -9999.0 -9999.0 -9999.0 -9999.0 -9999.0 -9999.0 -9999.0 -9999.0 -9999.0 -9999.0 -9999.0 -9999.0 -9999.0 -9999.0 -9999.0 -9999.0 -9999.0 -9999.0 -9999.0
-9999.0 -9999.0 -9999.0 -9999.0 -9999.0 -9999.0 22.9479376329 21.1344653754 20.2358837456 20.6452894024 20.6593570469 145.535363404 304.910260466 323.744566799 338.840819788 14.7826913542 375.836441837 390.838079515 30.2142205918 15.6814335177 64.844408719 111.622234266 15.404421028 111.163912291 17.2072779979 16.7143427679 17.9157435372 -9999.0 -9999.0 -9999.0 -9999.0 -9999.0 -9999.0 -9999.0 -9999.0 -9999.0 -9999.0 -9999.0 -9999.0 -9999.0 -9999.0 -9999.0 -9999.0 -9999.0 -9999.0 -9999.0 -9999.0 -9999.0 -9999.0 -9999.0 -9999.0 -9999.0 -9999.0 -9999.0 -9999.0
-9999.0 -9999.0 -9999.0 -9999.0 -9999.0 -9999.0 45.6147137899 67.2271891811 151.427520424 211.11103226 17.7367746182 18.2255488636 17.0223933982 50.2584683349 403.745776228 12.8613260383 403.986479254 459.25416783 43.4841851599 28.3464837139 124.77069102 14.9041248063 125.667569319 29.708968487 15.0983117016 31.1054584333 35.2182838975 17.4886381959 17.7602825126 17.0550764455 18.7124271514 37.3621695908 -9999.0 -9999.0 -9999.0 -9999.0 -9999.0 -9999.0 -9999.0 -9999.0 -9999.0 -9999.0 -9999.0 -9999.0 -9999.0 -9999.0 -9999.0 -9999.0 -9999.0 -9999.0 -9999.0 -9999.0 -9999.0 -9999.0 -9999.0
-9999.0 -9999.0 -9999.0 -9999.0 -9999.0 24.6194595775 47.5813045849 22.69797356 43.9854218856 232.862279952 271.167430856 308.89875706 983.163374986 16.8418367475 419.745744263 1532.99976737 1543.69085543 2021.84116572 11.8273557709 41.0444087041 137.990011783 12.982511562 295.469971546 155.879537448 97.5676763735 82.2041596185 17.1849423087 51.6722542817 51.2982019649 34.0613083716 16.3572969735 54.3639496599 16.0278863327 15.5625722847 -9999.0 -9999.0 -9999.0 -9999.0 -9999.0 -9999.0 -9999.0 -9999.0 -9999.0 -9999.0 -9999.0 -9999.0 -9999.0 -9999.0 -9999.0 -9999.0 -9999.0 -9999.0 -9999.0 -9999.0 -9999.0
-9999.0 -9999.0 -9999.0 -9999.0 -9999.0 24.7386043227 71.790258953 142.519591053 163.891463117 323.192891945 343.044006237 405.379109402 657.742352766 1034.52744873 1069.24662885 1085.75261537 27.756548284 2071.91967788 2096.06886685 2164.46609734 2651.27696986 336.244463645 310.205832352 111.89723199 14.0240031088 96.4783816488 66.3492032667 13.6780546355 65.9870870776 14.3062156662 30.200462281 84.6911103113 99.950769974 30.3492487598 15.0611517911 14.2037742799 -9999.0 -9999.0 -9999.0 -9999.0 11.5997484187 10.3344392049 -9999.0 -9999.0 -9999.0 -9999.0 -9999.0 -9999.0 -9999.0 -9999.0 -9999.0 -9999.0 -9999.0 -9999.0 -9999.0
-9999.0 -9999.0 -9999.0 -9999.0 -9999.0 24.0291349666 22.6844693433 94.4020450014 116.14981728 138.555291362 21.1879809741 41.9338331651 239.029869143 41.7306128637 19.1846883621 17.3330858786 14.8486161909 17.0551184755 15.1501155077 15.9987233057 2665.2652296 2704.3590958 12.7749202941 40.2033220606 27.8213719991 109.838988261 27.87953494 13.1547402128 81.1703818398 27.9763847454 67.7959316942 172.88880516 160.220806782 45.2197220847 43.7803943484 15.0808041983 14.8384867922 -9999.0 -9999.0 14.8978040736 25.3789181075 57.4724411405 10.9886368207 -9999.0 -9999.0 -9999.0 -9999.0 -9999.0 -9999.0 -9999.0 -9999.0 -9999.0 -9999.0 -9999.0 -9999.0
-9999.0 -9999.0 -9999.0 -9999.0 -9999.0 -9999.0 24.4331256558 24.6802299131 46.8663879804 69.3229413566 156.157593533 198.951118753 220.252615107 21.9745144281 16.849329032 231.404210726 281.972938007 297.26656608 361.007346749 374.740579558 13.6487441307 2718.31288364 2784.32353336 52.5434035284 9.64788343117 121.184065426 267.069424487 106.620405785 24.5617185934 12.2628146165 265.741686613 186.002502112 12.7958792524 12.4984917767 56.9552352588 43.5681177872 13.9501249696 13.0333275881 14.2769767972 28.7151325188 13.4665133717 69.7624044661 83.0130475414 12.017978133 -9999.0 -9999.0 -9999.0 -9999.0 14.7769818022 13.6529436597 4.00770249634 -9999.0 -9999.0 -9999.0 -9999.0
-9999.0 -9999.0 -9999.0 -9999.0 -9999.0 -9999.0 -9999.0 24.1375315967 21.0964821725 44.1009462241 66.361095197 21.5341345164 19.3539508943 122.751368944 160.212918174 198.580966382 17.6219702238 33.5075287557 16.5371305838 389.503222145 859.171205552 870.490328324 3680.1633336 12.8199415399 27.3928989124 8.29299549559 278.732886638 12.2041890229 37.1091882461 12.0567579072 278.109865809 290.52247977 25.7308731787 24.8994487027 142.220645102 71.367684129 27.1333136732 14.0485355022 28.3388249109 42.5268091578 68.8690266292 12.6085299279 106.153434698 116.688740529 9.33898135834 10.2571182861 10.9692271009 9.63172424676 9.1703404247 39.1699848163 14.8475893438 9.51354554844 -9999.0 -9999.0 -9999.0
-9999.0 -9999.0 -9999.0 -9999.0 -9999.0 -9999.0 -9999.0 -9999.0 44.0893286186 63.7822421843 21.3791648692 43.5635304192 64.0130664718 104.770053609 20.3254404195 19.3050689013 16.0248937004 16.1799014094 13.9866365914 439.750610376 16.9505043353 32.7923542887 3724.83101843 3751.63108903 10.6559176303 48.9400947625 338.07990682 23.3923992332 47.3766653223 21.422685572 31.375744214 337.278153689 36.4738227333 200.614454249 165.456839631 11.7549321207 66.4751996165 26.9300693856 40.6282782196 12.0357927073 80.860550178 104.188740764 113.007239126 121.204271019 151.365783401 17.5949762117 19.1594081798 16.9968820388 16.0087011786 47.5602068048 9.10578023673 33.8025128776 41.929947886 -9999.0 -9999.0
-9999.0 -9999.0 -9999.0 -9999.0 -9999.0 -9999.0 -9999.0 -9999.0 23.0896564924 109.375420754 130.132562498 20.7460854108 40.2362999452 19.4335828807 17.5227528408 17.2085954184 221.708651185 295.130591956 360.482841422 427.237337556 16.1950230815 16.2972873417 15.2506301216 3820.24576007 3849.08921785 3859.35562628 443.482847473 93.557971107 81.6032200218 9.62490171771 40.6700043525 387.853617517 9.81742593015 210.711532958 11.5314594235 85.5662073126 79.7193738878 12.5427196934 52.9161807424 24.1525688007 35.9394494117 10.3644273138 8.0239076514 129.25789042 136.508462791 158.591460434 27.266559838 24.5764903632 23.4105795874 57.240241105 75.8202939127 9.2760647136 50.6084440232 9.34534932587 17.4679047472
-9999.0 -9999.0 -9999.0 -9999.0 -9999.0 -9999.0 -9999.0 -9999.0 -9999.0 23.5623664184 152.084952313 172.357036171 59.8817810339 99.1730423741 135.121514395 153.688009534 19.0661144628 57.0049463423 37.5741327817 19.5112097522 18.5917653355 16.4351646897 32.473732096 54.4857405706 16.8690765995 4331.70457328 4342.88165052 9.69868864144 7.8098623001 19.1528941316 28.4533763986 416.297680405 19.0813006829 219.128175536 127.782604815 106.735303771 11.4322254557 23.4690243021 63.3589184228 10.4569131619 45.9691999866 20.4351003383 13.5190622426 6.33075247333 155.989800677 320.207672198 32.3448899127 29.8014877468 30.3753372268 7.14843193369 83.1221863175 7.02873770622 67.1186070865 7.88235695821 25.7181513921
-9999.0 -9999.0 -9999.0 -9999.0 -9999.0 -9999.0 -9999.0 -9999.0 -9999.0 -9999.0 20.7475106796 214.048830504 19.450045135 39.065395656 56.7341638278 91.445785274 17.7529184717 37.5313961706 18.179909829 16.838644257 15.7333116767 31.2070883554 13.4530999502 14.6974472792 27.6329910272 15.3120593541 4355.32067091 4375.7120892 4405.17096975 37.2946577038 9.45583713121 18.8515144517 426.468796024 395.244743938 149.211709409 10.4829711213 45.5925944939 34.3980289145 73.8424780077 20.8332555658 87.0911174678 30.6632130952 21.5914984389 4.70652626211 6.77414345875 328.561915659 335.521712586 403.360151783 53.1263671565 14.9165117238 91.2492009854 106.196258292 180.286411027 15.6787541371 7.24846059871
-9999.0 -9999.0 -9999.0 -9999.0 -9999.0 -9999.0 -9999.0 -9999.0 -9999.0 -9999.0 -9999.0 10.791682622 236.725846254 18.6696806225 36.0840233726 162.556235994 18.1686887361 17.9087063 15.1790892321 32.6440315918 15.8671165516 62.8682711841 89.9806240193 102.230540983 38.4896601325 47.7945403914 10.7361057911 13.6381412836 12.404639469 4462.93142862 4489.38161619 434.916207205 412.682327851 404.070845985 18.0006495544 8.5783368484 55.0774381302 148.122612606 83.5819526749 30.3628861582 127.028193381 45.8920433587 36.9735042607 8.97046051212 3.47527361842 3.40568061136 4.16430828517 425.953773338 500.940436039 7.16292634769 6.55070533251 7.26779141906 187.370313179 209.640213324 12.8851549697
-9999.0 -9999.0 -9999.0 -9999.0 -9999.0 -9999.0 -9999.0 -9999.0 -9999.0 -9999.0 -9999.0 9.8194853028 260.402977747 319.819353708 17.570699245 197.546908081 16.6150812924 15.5208968999 30.401145566 78.6934243955 15.0792252661 16.110790532 13.1644229173 128.461485016 140.382645745 201.106828711 222.627263232 233.793843278 243.539483866 254.775681163 4754.92657281 5208.07630135 5637.49120761 5644.36341709 7.5382947993 8.38648066153 167.242308961 157.765024943 9.50241050053 9.43408090784 136.535315806 192.411188974 7.80300644593 97.2218295713 90.6714393627 20.5039573693 9.63287235278 16.5140814187 8.42542796709 514.500133422 7.12657662067 20.4166547728 25.6142085198 254.439465466 271.452863464
-9999.0 -9999.0 -9999.0 -9999.0 -9999.0 -9999.0 -9999.0 -9999.0 -9999.0 -9999.0 -9999.0 21.9025864138 41.7074303408 339.062104358 372.14150504 16.8926205785 228.53940006 13.7251324241 42.3445510852 92.5743128779 28.9106613053 13.7259077267 28.3513818496 11.4099848566 21.3922738481 10.1225173503 9.05766403368 7.41172506549 6.92319248429 6.37882929989 6.21441250096 8.69325532082 10.7262383346 11.5374419315 5670.87354754 192.37697273 178.870797937 5.41734934742 26.7415700614 6.8377143628 6.32420451203 201.144288765 326.075953537 107.652006441 82.7746729941 12.7870842439 5.14532598695 4.42050581179 10.7293352731 532.196226495 545.753112362 7.16136592883 7.63857109823 7.11595232698 5.02278494147
-9999.0 -9999.0 -9999.0 -9999.0 -9999.0 -9999.0 -9999.0 -9999.0 -9999.0 -9999.0 -9999.0 -9999.0 18.0012201022 256.308179816 645.97628445 700.219455061 944.170822808 958.199460835 204.911116446 149.718933971 42.9695186409 13.4195641462 54.5219528168 66.9397882436 98.8284051321 21.0374429393 18.7092654107 17.3768166451 33.7629253657 15.5642828842 14.9754631032 7.57464406388 4.8453425075 5.24067714823 5679.16991407 5876.53610753 5883.32867172 5.39432299695 69.5053817189 31.3430296931 9.41056222742 357.963268136 23.2263241526 12.1610900978 52.6840114573 10.5598739986 7.72534464204 14.0545614029 19.4341440763 25.6324238279 556.746720051 5.12185288415 4.52610875823 4.51752997204 3.62711213221
-9999.0 -9999.0 -9999.0 -9999.0 -9999.0 -9999.0 -9999.0 -9999.0 -9999.0 -9999.0 -9999.0 20.5049920589 196.009296003 237.579864688 37.6307477258 11.0341753516 24.3702429479 997.946909932 1011.01246312 1228.88912865 11.9103866779 25.150629778 10.5196565346 10.7402287016 109.198320291 140.558334396 168.276613153 8.74977909577 42.4282748869 66.4137595709 38.5602806908 15.7204437104 11.38778763 9.95881141306 9.81818740407 5.05928523471 5888.91250536 5892.94942425 5971.35805516 15.2881903846 8.26558238801 365.504727685 24.736635341 12.9983888767 14.8102045045 14.7113885531 12.489656461 21.4290935527 59.7244192932 92.5988360303 654.758890825 3.75533898398 11.5860442493 7.95763113658 6.85419353558
-9999.0 -9999.0 -9999.0 -9999.0 -9999.0 -9999.0 -9999.0 -9999.0 -9999.0 -9999.0 -9999.0 21.0565318921 137.64216475 21.3567025395 18.1681425553 97.2552557368 113.161048988 129.123364343 142.93605388 1680.28071369 1691.81106725 1715.01637996 1904.40833215 1937.8188322 1956.14670722 1967.02621346 2157.32332079 2181.00745503 2190.37372408 2267.34378004 2316.03510851 2324.22993002 2350.90638922 17.4764168077 15.2352132966 3.18802404568 3.18824803824 5898.13875598 5996.8435097 21.4724552353 426.525158812 419.121429948 46.1481229288 10.8003735723 11.2389724978 10.6825673234 10.9009839659 22.0192448225 31.142277192 8.60179558031 659.883250757 665.428367337 689.748793075 694.268270416 705.46085369
-9999.0 -9999.0 -9999.0 -9999.0 -9999.0 -9999.0 -9999.0 -9999.0 -9999.0 -9999.0 -9999.0 71.7099490988 94.5329403291 43.525782928 63.8801876812 20.0744189765 229.911856493 247.278993529 281.088302933 294.527864881 110.554338964 1846.01050529 1857.75772716 11.3585875766 7.5430134046 6.75563339746 14.9080384905 7.15720114555 5.06138770246 4.50876975257 5.01020600898 2332.11941414 2359.25449261 2385.50995492 2407.87080498 2419.65190681 5.03772850365 1.52094962206 6439.55471816 438.85602588 434.769018776 8.84309043287 8.5626410981 7.75646749252 19.3275399051 18.8011081061 8.56111982771 8.63944706043 7.74673952071 16.0209620345 20.8411883701 3.64875672675 6.67996276051 2.62633190653 1.66239303097
-9999.0 -9999.0 -9999.0 -9999.0 -9999.0 -9999.0 -9999.0 -9999.0 -9999.0 -9999.0 -9999.0 -9999.0 48.6288989511 22.3909690273 20.0324205234 195.111285289 213.410172345 18.1050550279 70.507287923 86.0748726316 99.534683857 14.8608770166 10.5510961371 281.589520066 289.894175202 297.761169494 759.582389119 765.34191399 774.928983668 830.771501977 858.278724017 862.098142308 3.84312066271 4.19077260848 4.22343510933 2425.96958571 2.62451766925 6506.39224402 6502.63642714 59.3309068187 53.6909299862 33.5185744549 8.4687170545 15.3442322503 27.4818454369 27.0506000693 16.6143761197 8.15189772149 15.7538736259 15.1294583606 27.219953939 3.87653227163 10.296281986 17.2538307769 20.7342614515
-9999.0 -9999.0 -9999.0 -9999.0 -9999.0 -9999.0 -9999.0 -9999.0 -9999.0 -9999.0 -9999.0 -9999.0 25.2912598995 70.2526648579 91.3588298403 155.542313545 18.6584823458 37.729898816 55.0185984125 212.45323191 225.930654863 236.05497653 248.160159961 261.822794306 397.503092643 436.121450077 455.810514974 7.74909288087 44.7799728449 51.9323362415 845.627033967 867.937500103 878.574070086 889.473729342 897.722194538 3327.15098522 3.08921145205 6521.22272614 8.04455771304 3.59447981263 45.5619656424 39.7387139424 5.2273685391 21.6631980675 33.9592234552 33.4308822374 22.6163867628 36.8316071933 58.0508928314 21.0296717133 53.8004406518 4.00834948618 6.13874306047 1.13776186542 0.924772818704
