data/baseflow/mHMbf_acc407.asc
ncols                  80
nrows                 72
xllcorner      4374000.0
yllcorner      5656000.0
cellsize            500
NODATA_value       -9999
[rows 25 to 49 of 72, columns 0 to 54 of 80]
-9999.0 -9999.0 -9999.0 -9999.0 -9999.0 -9999.0 -9999.0 -9999.0 -9999.0 -9999.0 -9999.0 -9999.0 17.9223004028 35.3617113575 15.922549068 31.5553270871 13.1400729115 104.63267255 129.036354078 141.662945815 11.4593217744 22.4844272475 228.163915548 281.023273646 290.477384401 19.5317562693 17.5316401392 25.4074503109 7.08491992977 6.29431105089 11.6696093806 4.16342970499 390.564893064 394.847439914 397.252388535 2722.84695071 5459.61390029 5430.2842218 6.82009930134 3.80288138812 3.49498691356 12.7770744433 9.8261486933 23.8440844695 32.8864469359 65.8399383073 6.04526812668 6.01698031916 54.0090196351 59.2750878322 115.018814295 117.864646086 127.769568917 131.053352113 2.82849932077
-9999.0 -9999.0 -9999.0 -9999.0 -9999.0 -9999.0 -9999.0 -9999.0 -9999.0 -9999.0 -9999.0 -9999.0 -9999.0 16.6339238875 33.0487073784 49.6409114438 77.3745264401 14.1891806495 12.5350632407 98.3762801712 109.825650212 206.515006653 218.53581108 33.9056584727 10.3152610982 9.17206184855 8.48141958123 358.913602032 364.764279804 371.536050283 377.256117355 386.37067377 52.1608630295 55.4672571676 455.334267252 8640.14280304 23.0009855602 18.1241444737 9.98126784399 2.69245718911 2.63127480517 19.4537786797 21.698527154 28.9961095682 2.57434672904 68.9472022992 10.1126875617 9.99162205522 2.30226402053 1.67509090719 1.55287223696 1.35742237146 1.55829614614 133.456646271 1751.62052577
-9999.0 -9999.0 -9999.0 -9999.0 -9999.0 -9999.0 -9999.0 -9999.0 -9999.0 -9999.0 -9999.0 -9999.0 -9999.0 -9999.0 15.4546570278 31.1501252895 46.2565999012 61.461601246 73.6340007918 86.302811194 36.8758780115 62.1087898885 11.8705887248 10.9532407437 312.704974 333.153790513 342.238877164 351.87363751 6.99020433764 12.5316112383 34.5112606027 41.6144409234 47.626767812 3.90410605609 4.53808902021 8654.01946139 5.07793476444 5.59569103544 2.7286165625 11.4938902908 5.71454796195 2.44534142809 53.1183447549 55.883958817 1.61684590329 70.8447513642 82.741872337 12.3611584924 1821.18051327 1817.5574794 1814.27770529 1808.76523814 1806.42941691 1763.75465983 1761.81525162
-9999.0 -9999.0 -9999.0 -9999.0 -9999.0 -9999.0 -9999.0 -9999.0 -9999.0 -9999.0 -9999.0 -9999.0 -9999.0 -9999.0 5.04191590786 11.0775637802 15.3890133153 163.677072238 176.23513477 12.8174830907 12.4444306488 12.6317545147 268.336003492 292.353089099 11.4530365167 11.5198893179 8.64206308004 36.7898771465 45.8162190645 21.6103649309 28.7531770173 220.294552881 226.611608695 236.843942527 373.939678797 9030.85680684 5.15745498985 2.216097154 17.267901543 14.4464329983 2.24880081718 7.00351438572 9.12310964276 58.2233699656 60.3164220227 148.191930621 84.6133540156 14.9049611382 1859.86455727 15.3988863713 1811.41843804 1810.17425425 39.8585685092 2.85033700848 8.19263991712
-9999.0 -9999.0 -9999.0 -9999.0 -9999.0 -9999.0 -9999.0 -9999.0 -9999.0 -9999.0 -9999.0 -9999.0 -9999.0 -9999.0 25.292376713 41.7649887927 83.7535501217 149.71254072 192.149400351 220.44564302 232.482657006 245.205963261 257.433477345 11.732059266 10.2058009758 19.9684948303 18.1490671479 9.90607555069 190.909959417 199.639734738 207.521854089 215.091141463 119.037700054 123.492357316 130.634172662 9033.1246723 9.48784099982 5.52841732046 25.0968192248 2.8978494512 5.40385176321 3.17467023402 1.96266521545 11.6044279471 1.72122439555 1.80030769808 2016.10610024 1866.80012252 1865.27947059 5.90115201616 13.8017782604 8.2898597876 1.5794210388 33.768761047 9.22808977512
-9999.0 -9999.0 -9999.0 -9999.0 -9999.0 -9999.0 -9999.0 -9999.0 -9999.0 -9999.0 -9999.0 -9999.0 -9999.0 -9999.0 17.530356241 17.0232529974 33.5492656837 50.0193956543 14.5777857089 15.5212560719 28.7427668234 41.6817034822 66.0815732662 77.9121220196 87.4855441348 117.662599096 126.488047479 136.825054114 8.84566541516 90.8669968146 98.1904995301 105.758059781 7.28515546376 6.84860315554 10.0408896928 9176.56240074 9178.58015238 9192.58793858 32.9725811711 5.74750911217 7.81556769469 1.75997441021 3.50464958588 13.3425314465 16.5002512802 3.2699252338 2024.05060898 2.93070464629 3.17926747967 3.25106122507 3.26908866362 5.08727492414 2.23596398571 22.9824859991 18.4097389288
-9999.0 -9999.0 -9999.0 -9999.0 -9999.0 -9999.0 -9999.0 -9999.0 -9999.0 -9999.0 -9999.0 -9999.0 -9999.0 -9999.0 -9999.0 16.6027783676 32.5877602671 15.1359950247 30.7145548327 189.185091429 201.405080903 213.571383425 12.0120068081 12.013809263 21.5820555638 31.8938706158 48.9061279015 58.1129675706 65.0964964049 73.4891400983 6.79854459874 6.33433909147 118.575291588 125.452625526 128.210565284 131.128963173 115.056034549 9319.04964044 9367.70378018 9368.88801811 9377.63507359 9385.39470742 9389.69551333 1.63159694597 17.9813459557 2025.32469181 3.52680613773 1.7929115662 3.1406795233 3.11971315305 5.00380222717 3.19354174499 1.80113930629 2.53553819836 2.21170837628
-9999.0 -9999.0 -9999.0 -9999.0 -9999.0 -9999.0 -9999.0 -9999.0 -9999.0 -9999.0 -9999.0 -9999.0 -9999.0 -9999.0 -9999.0 -9999.0 48.4313429025 64.299866682 111.549578527 143.16683866 15.514479799 242.991600463 254.56864084 265.208478991 9.93782894823 19.5065380685 8.18640673426 64.6945436534 71.1169425901 79.4205978469 86.6766687424 106.515383272 112.284912609 3.34772282534 102.947143567 109.017814012 112.297556106 124.445167672 13.9808718021 8.14034570583 4.39167097375 4.27581691646 9393.57034628 9394.81525983 9423.81520394 2026.74073143 11.2803402927 6.17541600139 4.53642478133 1.14698981264 11.5672485426 5.15057849189 1.60722701718 8.38424607705 6.98935438694
-9999.0 -9999.0 -9999.0 -9999.0 -9999.0 -9999.0 -9999.0 -9999.0 -9999.0 -9999.0 -9999.0 -9999.0 -9999.0 -9999.0 -9999.0 -9999.0 16.8364653094 80.4569391688 96.6931836081 15.8057659464 12.8562401189 26.6167719529 38.9018973098 314.761722199 9.7922733896 39.6072951066 48.0815087875 56.516162143 6.50050105138 14.3631188662 20.5095728766 79.3287775249 90.4569018522 93.5805981481 3.11468567424 2.8065294085 3.26325781403 6.01971507517 2.58757896315 2.72918436619 3.46399295552 3.4820533603 3.46451904603 10.2571394605 9425.11456883 11456.7790997 13.559840997 2.53461801467 1.31336361065 32.2332012057 29.7417173942 16.3773727917 14.4843158496 10.5364099025 2.41472293087
-9999.0 -9999.0 -9999.0 -9999.0 -9999.0 -9999.0 -9999.0 -9999.0 -9999.0 -9999.0 -9999.0 -9999.0 -9999.0 -9999.0 -9999.0 15.3148564596 47.6295841072 15.5514584211 14.4150744774 13.7901002305 26.6876202016 39.4848998864 51.0931027042 379.498448841 388.688193215 9.54789333603 17.9416765125 26.4544844633 34.1138299441 41.5457691904 69.2527412859 75.7198116929 6.95122807927 4.41809349284 3.81462633797 3.27814946896 3.46759523115 3.80429735711 3.43389931549 5.07369892691 14.0309922178 7.14072837054 3.92522684123 3.97950660188 2.25227705619 4.16521316962 11605.7556356 134.676959139 42.9314126728 7.21512503652 3.72671194129 2.12139873886 5.50163160082 3.14073056885 1.40847487589
-9999.0 -9999.0 -9999.0 -9999.0 -9999.0 -9999.0 -9999.0 -9999.0 -9999.0 -9999.0 -9999.0 -9999.0 -9999.0 -9999.0 16.2758499084 31.0932153755 109.827897776 15.539918597 29.9046434692 43.1710578923 55.3397070747 12.7059008747 23.3327760454 35.8893086069 437.214867101 8.90946662575 16.705719236 24.9811437526 7.96239250733 15.6974019298 22.4006921791 27.6919035765 727.669918878 735.387472185 742.1318912 768.475947823 778.993890443 798.596235081 5.27315443379 12.716966768 16.5521123029 858.527190458 864.556251809 3.69730909705 5.32388672604 6.96077772561 11608.1417866 129.908059353 77.4522096874 73.0326027431 50.8082706039 40.1571188423 7.20508675928 2.06491222396 3.06703318688
-9999.0 -9999.0 -9999.0 -9999.0 -9999.0 -9999.0 -9999.0 -9999.0 -9999.0 -9999.0 -9999.0 -9999.0 -9999.0 -9999.0 16.2467200397 49.3756688268 175.34203816 260.631586838 14.5991507867 341.71761159 411.532064682 11.6061569586 21.9975484679 33.6085837122 535.506938407 546.056845191 6.64071010116 38.5874274382 45.0827039953 51.3320124735 673.722903295 688.635205491 696.094213858 3.56927170531 19.5631892538 23.0994551385 9.1072039305 12.4464772897 816.892863292 835.140571969 837.726515259 840.187111208 867.973169768 1.7246683694 1.57373078777 10.1657790681 11610.3407349 4.64643868573 6.02830423862 18.3537971823 7.05273529883 34.5363746272 26.7968399313 16.1989330369 10.4958264192
-9999.0 -9999.0 -9999.0 -9999.0 -9999.0 -9999.0 -9999.0 -9999.0 -9999.0 -9999.0 -9999.0 -9999.0 -9999.0 -9999.0 -9999.0 -9999.0 34.4558795413 69.6120596407 309.70639766 326.729098695 426.832779465 441.745665029 11.2268953876 22.4370424972 51.952086136 559.039483861 574.236283424 579.995809428 4.67322761383 600.302404026 616.281256419 9.54119721993 3.62197219865 6.69796831826 13.1016104176 3.19774454547 6.15236713773 13.0732078864 16.0117048499 3.19361376273 2.256384299 4.39562361769 884.620735864 889.706859149 891.041229373 904.84621848 11612.0149562 4.27734241067 4.17536244038 5.19155461427 5.03356837398 5.17274911985 4.46315312809 8.31320137562 2.5041504091
-9999.0 -9999.0 -9999.0 -9999.0 -9999.0 -9999.0 -9999.0 -9999.0 -9999.0 -9999.0 -9999.0 -9999.0 -9999.0 -9999.0 -9999.0 -9999.0 18.0232995611 17.7457095363 17.33588255 33.6871333757 15.0925174733 471.77991258 485.539621971 10.4230955341 20.1399624419 9.03838975544 7.10097758928 6.83655001772 591.444506792 5.63463359273 11.7186041337 4.45470888756 3.51471135532 3.22140132346 2.46964662795 2.56952285474 7.75704433689 10.6231768338 2.11732246211 1.99094435811 4.25413049801 7.02958326783 9.62589311265 2.81579823314 892.954558014 906.246650231 11613.322563 17.8090586178 8.94526971692 2.90246888776 7.30602321437 2.34074844814 1.73011472157 10.2520956049 10.7334731315
-9999.0 -9999.0 -9999.0 -9999.0 -9999.0 -9999.0 -9999.0 -9999.0 -9999.0 -9999.0 -9999.0 -9999.0 -9999.0 -9999.0 -9999.0 -9999.0 -9999.0 -9999.0 17.5365654267 49.962464653 64.6010933693 79.4045241135 499.814853416 513.649488855 526.970481673 538.873928373 545.460510726 559.314139577 564.009946438 569.415227638 572.864154424 3.12312585005 2.84380645051 3.04344021726 10.7928045621 2.86695169517 2.67543672252 2.11842668055 6.19873472474 2.58243655756 2.01790246118 1.87886127042 1.68192177783 3.35670481084 4.75992017429 915.53339583 12547.4471215 4.55068473493 7.83580225515 2.23731748791 9.74690514418 4.92320492227 3.47957331758 29.2713023772 17.5446907501
-9999.0 -9999.0 -9999.0 -9999.0 -9999.0 -9999.0 -9999.0 -9999.0 -9999.0 -9999.0 -9999.0 -9999.0 -9999.0 -9999.0 -9999.0 -9999.0 -9999.0 -9999.0 -9999.0 15.3080778169 116.781696783 228.171969242 243.151208807 14.2551422355 24.5918931597 34.378332665 41.9978541801 94.8636006864 98.1719149528 3.2218374034 3.03525639192 579.177103919 584.63680364 587.12237451 12.7523452509 1.8616593187 4.43357080072 6.50237270686 19.5340086317 24.2339230466 28.0120782179 3.47995854948 4.81071752529 1.58929678235 3.13916334128 1.60934943389 12548.7634407 3.81256296242 15.3390721625 5.27745385666 15.8243042449 35.0698267013 40.2453550169 71.3783494019 14.2476729196
-9999.0 -9999.0 -9999.0 -9999.0 -9999.0 -9999.0 -9999.0 -9999.0 -9999.0 -9999.0 -9999.0 -9999.0 -9999.0 -9999.0 -9999.0 -9999.0 -9999.0 -9999.0 16.486086979 51.8117645935 101.818493101 133.571108505 338.972914729 353.542741828 20.5171716191 30.6586192338 39.0528568217 46.5690069057 102.108380482 108.71040187 194.283784905 202.193713228 205.124299855 589.650736904 608.945754856 4.38118328133 2.77693685003 2.63973973267 5.01155180703 2.32491767218 32.5962156492 34.3514731058 6.30778782952 8.40590804851 1.80209112176 2911.81091758 2914.82904411 15463.7573778 15481.9182947 4.09544661124 24.5161250164 4.70288880929 3.35698451165 75.8955276429 91.552728664
-9999.0 -9999.0 -9999.0 -9999.0 -9999.0 -9999.0 -9999.0 -9999.0 -9999.0 -9999.0 -9999.0 -9999.0 -9999.0 -9999.0 -9999.0 -9999.0 -9999.0 -9999.0 -9999.0 18.237725371 17.6944146322 33.918620942 81.0208512743 368.17994333 10.5950629342 10.4437145268 18.405551792 26.9600096743 66.7597007572 72.5343892377 6.30678501908 5.22057708051 208.625419707 211.259681404 822.890302919 825.333137532 1.58278116958 1.43129509267 1.19972389557 1.20973100184 1.25103716565 2879.46859203 2889.42669417 2899.82044886 2903.51540519 2910.13145427 1.7644794359 6.46511702426 7.80267728918 15492.2237218 15492.8365452 15493.8496284 15493.7602488 15493.3977247 93.0322348057
-9999.0 -9999.0 -9999.0 -9999.0 -9999.0 -9999.0 -9999.0 -9999.0 -9999.0 -9999.0 -9999.0 -9999.0 -9999.0 -9999.0 -9999.0 -9999.0 -9999.0 -9999.0 -9999.0 -9999.0 16.6081606974 17.1808227871 32.1720069661 430.887538775 444.714155708 10.2018463024 18.1482069678 26.9185073135 34.797767237 7.24798895089 12.1020232601 860.897978019 863.716164309 867.505625215 892.231579888 1720.662573 2817.70866232 2821.17515585 2824.23909728 2827.1817865 2839.76926446 2843.72094334 8.32826178126 3.8113306773 2.30466880284 4.33814025911 3.20621368117 5.09495919154 1.59391616468 34.1498616531 40.5638178189 46.9675979429 47.711046833 15492.5745431 15585.2505466
-9999.0 -9999.0 -9999.0 -9999.0 -9999.0 -9999.0 -9999.0 -9999.0 -9999.0 -9999.0 -9999.0 -9999.0 -9999.0 -9999.0 -9999.0 -9999.0 -9999.0 -9999.0 -9999.0 -9999.0 -9999.0 16.8048061467 32.2800176206 47.7943026494 457.632631602 10.7352197584 606.016504223 615.050553568 622.409538103 627.959048437 838.865187603 844.116698421 3.12511108425 18.0048733103 21.5120071669 2.9604961071 1093.62297446 1088.450279 1.55971916201 3.67093906571 10.0181992963 2.23492824542 2.44171412553 1.91944851956 1.64617724801 1.27708765497 1.50525948329 29.2527131423 30.8146037189 32.6971629176 4.67387711459 4.31732031059 50.7675130492 52.1298883353 52.6540828751
-9999.0 -9999.0 -9999.0 -9999.0 -9999.0 -9999.0 -9999.0 -9999.0 -9999.0 -9999.0 -9999.0 -9999.0 -9999.0 -9999.0 -9999.0 -9999.0 -9999.0 -9999.0 -9999.0 -9999.0 -9999.0 15.6283484236 14.705230425 75.5422853527 561.993201771 586.782237089 598.130783437 8.21543250997 192.523521076 200.752698113 205.649301978 5.05632331053 8.38383581552 11.3182867596 255.65883685 257.933641526 259.836321299 1085.19412511 672.428863521 2.00402287338 2.1687909333 2.06567867387 1.64548849767 17.0548241397 20.7775572473 24.0364396477 25.8657672875 27.6265191653 223.609091899 224.841380479 226.604331036 230.916178191 246.833353234 247.472719969 300.819272652
-9999.0 -9999.0 -9999.0 -9999.0 -9999.0 -9999.0 -9999.0 -9999.0 -9999.0 -9999.0 -9999.0 -9999.0 -9999.0 -9999.0 -9999.0 -9999.0 -9999.0 -9999.0 -9999.0 -9999.0 -9999.0 -9999.0 30.4853804646 46.1822113373 14.9687757646 10.4531990105 164.820271153 173.337769486 178.678027739 51.8360060367 57.3802480734 62.5991179637 65.6738550667 250.52678421 253.661641543 146.826403713 408.942770982 411.054626752 670.896635123 4.2530847456 2.19286088767 1.54878134602 11.7306421801 13.7514253682 1.30059101984 1.22776873902 217.895610156 220.978099469 222.488069897 2.09676474889 3.09529246414 244.401442216 1.43372629399 4.82513959441 5.35271862271
-9999.0 -9999.0 -9999.0 -9999.0 -9999.0 -9999.0 -9999.0 -9999.0 -9999.0 -9999.0 -9999.0 -9999.0 -9999.0 -9999.0 -9999.0 -9999.0 -9999.0 -9999.0 -9999.0 -9999.0 -9999.0 -9999.0 15.1797447237 30.0619550635 120.968877992 135.372987156 145.680004883 39.6901981966 46.0360828739 6.29168944907 172.395017693 177.55724116 181.779166342 3.28699359435 141.0002404 144.275622399 2.35224441554 659.92890235 4.79322300454 2.42711704414 6.35928596846 8.55876279707 1.66298884706 1.35213692377 202.89258478 215.190491429 216.97325241 1.89432046723 4.05683090958 5.16983472566 6.28645771873 12.2175571116 1.78291933102 3.93830894975 0.821603545241
-9999.0 -9999.0 -9999.0 -9999.0 -9999.0 -9999.0 -9999.0 -9999.0 -9999.0 -9999.0 -9999.0 -9999.0 -9999.0 -9999.0 -9999.0 -9999.0 -9999.0 -9999.0 -9999.0 -9999.0 -9999.0 -9999.0 15.0336092576 46.2165782649 76.978296944 13.9941713618 23.2625121307 32.2470598182 148.623318272 155.558013969 161.093764146 4.88932170684 116.679514377 131.61262263 135.108433397 2.6450888092 649.986743657 655.520760374 2.59625075372 2.35871706535 4.65070118539 1.86727858618 193.832077454 197.126780064 199.070788052 7.55619085199 9.46139212343 1.65161320994 2.9288525534 1.28954939909 9.13671819213 1.33047267165 1.00626176376 1.05126212282 1.07249048036
-9999.0 -9999.0 -9999.0 -9999.0 -9999.0 -9999.0 -9999.0 -9999.0 -9999.0 -9999.0 -9999.0 -9999.0 -9999.0 -9999.0 -9999.0 -9999.0 -9999.0 -9999.0 -9999.0 -9999.0 -9999.0 -9999.0 -9999.0 15.7135939324 15.6316484282 12.742576796 108.437776039 116.88974145 141.533026322 6.37170576711 94.6553156029 107.750515042 5.0741690331 10.69156004 3.7783843724 641.584728197 3.60157974906 8.39891228184 10.267254241 12.0067009781 182.176756192 188.528524127 190.637210179 2.15995534404 4.01764036864 5.68729529533 1.05882222414 0.973721189205 554.773187096 555.69177616 556.404440364 564.633813383 565.602598029 566.812503488 567.626205872
