data/baseflow/mHMbf_acc242.asc
ncols                  80
nrows                 72
xllcorner      4374000.0
yllcorner      5656000.0
cellsize            500
NODATA_value       -9999
[rows 0 to 24 of 72, columns 0 to 54 of 80]
-9999.0 -9999.0 -9999.0 -9999.0 -9999.0 -9999.0 -9999.0 -9999.0 -9999.0 -9999.0 -9999.0 -9999.0 31.2390676248 21.6536083673 -9999.0 -9999.0 -9999.0 -9999.0 -9999.0 -9999.0 -9999.0 -9999.0 -9999.0 -9999.0 -9999.0 -9999.0 -9999.0 -9999.0 -9999.0 -9999.0 -9999.0 -9999.0 -9999.0 -9999.0 -9999.0 -9999.0 -9999.0 -9999.0 -9999.0 -9999.0 -9999.0 -9999.0 -9999.0 -9999.0 -9999.0 -9999.0 -9999.0 -9999.0 -9999.0 -9999.0 -9999.0 -9999.0 -9999.0 -9999.0 -9999.0
-9999.0 -9999.0 -9999.0 -9999.0 -9999.0 -9999.0 -9999.0 -9999.0 -9999.0 -9999.0 -9999.0 -9999.0 63.0699447733 129.353354229 18.645369876 -9999.0 13.4888114274 -9999.0 -9999.0 -9999.0 -9999.0 -9999.0 -9999.0 -9999.0 -9999.0 -9999.0 -9999.0 -9999.0 -9999.0 -9999.0 -9999.0 -9999.0 -9999.0 -9999.0 -9999.0 -9999.0 -9999.0 -9999.0 -9999.0 -9999.0 -9999.0 -9999.0 -9999.0 -9999.0 -9999.0 -9999.0 -9999.0 -9999.0 -9999.0 -9999.0 -9999.0 -9999.0 -9999.0 -9999.0 -9999.0
-9999.0 -9999.0 -9999.0 -9999.0 -9999.0 -9999.0 -9999.0 -9999.0 -9999.0 -9999.0 31.4076070583 30.5236236358 31.4037851713 30.4795347499 188.170448915 210.073255081 37.8376660768 11.964414341 -9999.0 -9999.0 -9999.0 -9999.0 -9999.0 -9999.0 -9999.0 -9999.0 -9999.0 -9999.0 -9999.0 -9999.0 -9999.0 -9999.0 -9999.0 -9999.0 -9999.0 -9999.0 -9999.0 -9999.0 -9999.0 -9999.0 -9999.0 -9999.0 -9999.0 -9999.0 -9999.0 -9999.0 -9999.0 -9999.0 -9999.0 -9999.0 -9999.0 -9999.0 -9999.0 -9999.0 -9999.0
-9999.0 -9999.0 -9999.0 -9999.0 -9999.0 -9999.0 -9999.0 -9999.0 -9999.0 30.8417963093 61.9822941025 122.943242138 61.1912352995 29.998384246 58.9818070896 239.153554993 309.079943504 14.6623868745 -9999.0 30.7268358069 -9999.0 -9999.0 -9999.0 -9999.0 26.710007461 13.4156655094 -9999.0 -9999.0 -9999.0 -9999.0 -9999.0 -9999.0 -9999.0 -9999.0 -9999.0 -9999.0 -9999.0 -9999.0 -9999.0 -9999.0 -9999.0 -9999.0 -9999.0 -9999.0 -9999.0 -9999.0 -9999.0 -9999.0 -9999.0 -9999.0 -9999.0 -9999.0 -9999.0 -9999.0 -9999.0
-9999.0 -9999.0 -9999.0 -9999.0 -9999.0 -9999.0 -9999.0 -9999.0 32.6663696731 95.0510640773 124.915238198 155.011619949 213.285495879 28.8180916773 115.530803347 143.973020823 498.965995089 25.9912204335 28.8229889521 59.4577346351 87.3498546429 28.5427216921 -9999.0 74.0088458414 60.5706035025 17.841780783 -9999.0 -9999.0 -9999.0 -9999.0 -9999.0 -9999.0 -9999.0 -9999.0 -9999.0 -9999.0 -9999.0 -9999.0 -9999.0 -9999.0 -9999.0 -9999.0 -9999.0 -9999.0 -9999.0 -9999.0 -9999.0 -9999.0 -9999.0 -9999.0 -9999.0 -9999.0 -9999.0 -9999.0 -9999.0
-9999.0 -9999.0 -9999.0 -9999.0 -9999.0 -9999.0 33.2621926779 31.5885056672 30.6960701446 30.880076543 30.7466700149 216.617559684 459.622890077 489.235035585 515.602597421 25.3235552667 551.54233945 579.345196137 57.1530863343 28.1979472992 114.857465062 199.058318824 28.0109399351 156.686690827 29.8573374415 29.0113857881 30.6604666209 -9999.0 -9999.0 -9999.0 -9999.0 -9999.0 -9999.0 -9999.0 -9999.0 -9999.0 -9999.0 -9999.0 -9999.0 -9999.0 -9999.0 -9999.0 -9999.0 -9999.0 -9999.0 -9999.0 -9999.0 -9999.0 -9999.0 -9999.0 -9999.0 -9999.0 -9999.0 -9999.0 -9999.0
-9999.0 -9999.0 -9999.0 -9999.0 -9999.0 -9999.0 66.0217548311 97.8801772526 222.860787111 313.941357396 29.136064099 29.5998521326 28.5484706126 84.4118016541 627.045821908 25.801902847 606.530113208 712.123822035 83.419614517 54.8656158676 225.681298523 27.7186424016 184.339067551 56.9365240232 28.8203927547 57.3726220258 60.4233632899 29.6292986888 29.9983661994 29.8117650977 29.9306081397 60.1466361919 -9999.0 -9999.0 -9999.0 -9999.0 -9999.0 -9999.0 -9999.0 -9999.0 -9999.0 -9999.0 -9999.0 -9999.0 -9999.0 -9999.0 -9999.0 -9999.0 -9999.0 -9999.0 -9999.0 -9999.0 -9999.0 -9999.0 -9999.0
-9999.0 -9999.0 -9999.0 -9999.0 -9999.0 34.0293805184 66.8570428393 32.4579658389 63.6116566884 345.222658192 404.818110486 464.084934895 1447.08963667 27.7501547562 655.049529955 2310.8315829 2330.57646734 3076.08316634 21.487548042 81.6911043678 252.484784986 26.7306382869 498.712417889 287.20097278 175.631588906 146.941368752 29.6574862712 88.7258805997 88.5214633767 59.1708763424 28.874013695 89.6202297273 28.8557470031 28.8194386841 -9999.0 -9999.0 -9999.0 -9999.0 -9999.0 -9999.0 -9999.0 -9999.0 -9999.0 -9999.0 -9999.0 -9999.0 -9999.0 -9999.0 -9999.0 -9999.0 -9999.0 -9999.0 -9999.0 -9999.0 -9999.0
-9999.0 -9999.0 -9999.0 -9999.0 -9999.0 34.2441901601 100.699754487 200.380505125 231.681622428 459.206524008 489.48980421 582.343793692 954.908648866 1524.03777447 1578.90210984 1604.39981644 50.2316088314 3164.40203223 3209.28071409 3342.39781737 4200.90851183 579.324080584 526.033614928 202.955801526 27.1151475182 173.066864679 116.852360444 27.7015368318 115.732752875 26.1211773871 54.0326026489 145.179944838 172.950843116 56.6116283248 27.710058825 27.834285416 -9999.0 -9999.0 -9999.0 -9999.0 15.331009524 12.7043467009 -9999.0 -9999.0 -9999.0 -9999.0 -9999.0 -9999.0 -9999.0 -9999.0 -9999.0 -9999.0 -9999.0 -9999.0 -9999.0
-9999.0 -9999.0 -9999.0 -9999.0 -9999.0 33.797271542 32.7950729445 133.146922689 164.569772264 196.598787749 31.2751283151 62.2968081265 351.292264375 61.8542281726 29.9369695472 28.9782152554 27.0328919934 28.8697626499 28.2387848777 28.2707026527 4227.99094943 4307.65894086 26.454360423 80.4502753982 54.1088954072 200.208775722 55.4650984684 27.3875720327 143.394988017 51.4598059406 123.225123714 307.604966841 284.552005109 84.1625717194 83.0674442763 27.7780594694 27.7052061425 -9999.0 -9999.0 27.9313965103 36.3574703319 75.5423039547 13.3298451746 -9999.0 -9999.0 -9999.0 -9999.0 -9999.0 -9999.0 -9999.0 -9999.0 -9999.0 -9999.0 -9999.0 -9999.0
-9999.0 -9999.0 -9999.0 -9999.0 -9999.0 -9999.0 34.163268909 33.8238789731 66.8251318661 99.6018595762 226.96693405 290.485018905 321.956047232 32.499465149 28.6082845887 363.708213288 449.321572322 477.354415817 590.336004711 617.761670213 26.987289063 4334.40384618 4465.6123838 104.973730381 20.4833262535 225.141628721 503.57526869 197.140301187 51.9373911999 25.864546159 480.795527742 333.423509144 25.7974076289 26.0568342344 109.338416631 81.7152217385 26.8673909137 27.2408046712 26.8936976694 54.5077242613 26.4385228055 91.8105384755 118.106270408 26.0400235886 -9999.0 -9999.0 -9999.0 -9999.0 27.8255174192 27.2057572615 7.33800052766 -9999.0 -9999.0 -9999.0 -9999.0
-9999.0 -9999.0 -9999.0 -9999.0 -9999.0 -9999.0 -9999.0 34.1487094257 31.2391280281 64.0075558445 96.1531981907 32.0355045662 30.636999154 186.871495189 246.554403276 306.669009536 28.7120470036 57.4412285474 28.1268208805 645.018118039 1403.80256435 1419.39515907 5932.76253048 26.4282460328 62.5728680355 20.3889886615 529.646653284 25.7310271337 78.0822150345 25.7587257266 506.37563497 531.764580465 51.5908810086 51.5931447379 270.808902267 135.131253641 54.2483898991 27.139133887 53.9134586053 81.2214085891 133.618386297 26.2817821605 170.222421055 195.857516827 24.3030750327 25.2639334859 25.9667748001 24.7528050548 24.0783690555 80.3122290741 31.2941299124 20.7307574721 -9999.0 -9999.0 -9999.0
-9999.0 -9999.0 -9999.0 -9999.0 -9999.0 -9999.0 -9999.0 -9999.0 64.9625206098 95.5562290139 32.0236152313 64.3321229578 95.2253459677 157.543088619 31.3906210032 30.8019196854 28.3342891143 28.7163443874 27.4295964552 704.333631497 28.0134801934 55.6193276398 6006.03299902 6066.68046317 34.83440729 130.877279994 686.037504594 50.4591812922 102.148263133 49.439820715 73.1111819363 631.157266034 75.6119219081 395.875840975 320.255381537 24.7724519465 132.122869512 52.6714333398 79.4132097037 25.6849237376 159.514619276 210.963638743 234.114975473 256.579644043 288.061967776 46.3235226563 48.1883892395 45.9986125057 44.3915248037 102.996245119 22.907229794 75.2059840708 96.843624326 -9999.0 -9999.0
-9999.0 -9999.0 -9999.0 -9999.0 -9999.0 -9999.0 -9999.0 -9999.0 33.1837360359 161.254824004 192.918745306 31.7669897931 62.6434269647 30.9039638019 30.0065578199 29.5756361689 360.245394944 479.827737446 587.332369032 688.049515167 26.0540143678 27.8035054695 32.0580987749 6190.11972843 6251.63415797 6284.17521053 923.98662325 204.020645209 177.618403158 24.0935751114 96.6583984879 751.578328995 23.8248580734 419.862778293 24.6422512245 169.072360243 157.842179252 25.365720029 104.699188997 50.9453947083 75.8891734713 25.023044661 22.2866929805 278.873189547 299.859792936 309.007480702 70.3124858854 67.4960643156 65.9033159178 126.356868886 172.208946464 22.8266429389 118.695583828 22.3099503059 43.5274057446
-9999.0 -9999.0 -9999.0 -9999.0 -9999.0 -9999.0 -9999.0 -9999.0 -9999.0 33.0055303399 224.843302033 256.358355844 93.6620640391 155.412322467 215.099678759 244.773938927 29.5701686697 91.0836861855 60.1352391477 29.5802315593 29.5765506171 28.3825824791 57.033515135 99.7941131591 37.7629194821 7276.71952827 7311.07855157 31.80047919 23.503632797 47.304621656 70.1678999098 820.74822176 46.3866124137 442.007129067 261.01429605 213.930846334 24.4173817275 49.5613927432 128.60362738 23.775515767 99.2903098253 48.4359857934 40.2264392121 17.6285561717 354.479171958 681.339461604 86.9597223971 84.6411257255 86.2113380967 20.3656455106 192.555644694 20.137115634 161.522500488 20.6598039528 64.4060438082
-9999.0 -9999.0 -9999.0 -9999.0 -9999.0 -9999.0 -9999.0 -9999.0 -9999.0 -9999.0 31.1975277299 319.139650072 31.0160335625 61.9499362406 91.2779530055 150.697422632 30.409420498 61.7171334059 30.7236938893 30.2699414564 28.8751570689 57.5636140329 27.0601676035 31.0904493252 67.5126536866 38.0434043596 7343.0613575 7406.39797236 7494.34010353 95.0323897686 22.9657383324 45.7621812681 843.801454045 816.867213259 308.325698244 23.5630790373 97.8718872728 73.7041239929 152.56110965 47.6752497706 194.68495942 71.8298521107 61.7417120133 14.0886019681 18.2249083879 702.639263882 721.874656461 911.352269214 148.602595142 41.470271406 213.874037902 254.803271277 436.160577213 40.9969019378 19.8974072401
-9999.0 -9999.0 -9999.0 -9999.0 -9999.0 -9999.0 -9999.0 -9999.0 -9999.0 -9999.0 -9999.0 16.3785243763 355.634917336 30.1508455751 59.001799074 269.047947502 30.7011975004 30.7558518463 28.6722345669 59.103510539 27.9259841143 113.473761471 167.429762028 193.571209336 93.3149521528 122.570556594 32.8414557209 36.2078874271 32.1290083431 7640.64692827 7710.62041464 865.024758527 858.732813928 837.94168047 44.2714919918 21.8557003439 120.297484156 317.975386552 175.305443545 70.398544686 287.312759269 129.411914729 107.723052301 28.3312568033 12.3963936775 12.2366462797 14.2110945112 973.689484275 1182.02368252 19.8708426346 19.2546938235 19.8019069384 455.39438179 515.123864326 37.4759021145
-9999.0 -9999.0 -9999.0 -9999.0 -9999.0 -9999.0 -9999.0 -9999.0 -9999.0 -9999.0 -9999.0 15.541195861 393.722407401 484.984653643 28.9242930243 327.296481225 29.4289409471 28.9601822434 56.413047202 143.413159307 27.6022225615 28.1467386995 26.4329518021 246.795485554 272.173282425 420.759245883 478.885595858 507.458451043 537.636789608 569.637425255 8309.53400815 9226.84313205 10134.3611389 10154.8637902 23.1053363317 21.8186744177 362.834630089 340.577407679 22.4104913273 22.1104261428 308.204726031 459.741155421 20.3457929798 214.710667037 196.461149566 54.8263832259 27.9812941459 44.3926952311 20.5663250696 1219.24676678 18.7365083584 57.5039511396 73.9279807371 640.156241559 690.514741759
-9999.0 -9999.0 -9999.0 -9999.0 -9999.0 -9999.0 -9999.0 -9999.0 -9999.0 -9999.0 -9999.0 31.9812476942 61.7976121321 514.546604977 570.613748465 28.3405076545 377.905651479 26.8898951025 81.8091653355 169.778072697 53.900986367 26.2742479223 53.5663186321 25.0505440825 48.2845109523 23.3922371362 22.044499907 19.7527264856 18.2631503091 18.2468251989 19.4765304513 25.3350569817 29.8690326292 32.1585767108 10233.9181341 449.993925835 407.70408367 21.4293909958 65.3861766752 17.0269581622 13.8026582529 480.76151548 759.024816373 236.732845696 169.733386147 29.3522066161 13.6543773214 13.0469468943 30.9142059241 1268.74418151 1304.59582101 18.4341019863 18.976636733 18.1708665907 13.3558567794
-9999.0 -9999.0 -9999.0 -9999.0 -9999.0 -9999.0 -9999.0 -9999.0 -9999.0 -9999.0 -9999.0 -9999.0 29.6680419438 374.299773696 973.320896331 1058.43625521 1462.69120847 1483.64860194 378.569830959 276.777367429 80.5293229118 26.1548654494 105.066963709 130.2897936 202.112486218 47.3057163772 44.9318900925 42.8331739865 83.5234541491 40.4832288859 41.1396429694 19.6441921887 15.0698533008 18.6835207454 10259.367359 10723.8847637 10746.5293283 21.619971929 183.529785073 73.8389017524 21.8309284103 824.952027846 45.2542255078 22.9947875635 94.072149718 21.0187318259 20.2303621471 38.5559515707 55.3669839071 73.1622823867 1336.7752179 15.6176782944 14.5676322562 14.6762050029 12.60678641
-9999.0 -9999.0 -9999.0 -9999.0 -9999.0 -9999.0 -9999.0 -9999.0 -9999.0 -9999.0 -9999.0 31.0117749711 284.124507844 345.018654714 57.2801391649 17.0592450822 40.3041875844 1550.86596006 1573.48832389 1971.61883821 24.4997230857 50.530462294 23.2386366342 23.5266608255 224.847497783 294.863449023 361.315305645 21.3872422907 104.692325865 166.036401559 101.605848 40.1468855519 33.7712237705 33.8442173784 34.7755880044 20.2113299724 10765.5242823 10781.6425795 10999.8422266 39.4934300496 20.3296611454 838.485255185 47.5485955727 24.1293464982 24.9423680983 24.7367659634 23.7490994899 44.6633653517 130.224556128 222.276376663 1574.65565414 12.7578597306 38.8667908679 26.4828975996 23.7201809271
-9999.0 -9999.0 -9999.0 -9999.0 -9999.0 -9999.0 -9999.0 -9999.0 -9999.0 -9999.0 -9999.0 31.4936363195 192.890550795 30.7978812704 28.5524202719 142.452862384 168.604601621 195.500802629 221.376454302 2657.73205193 2678.85929627 2724.99519852 3060.2614909 3129.88651032 3170.81187514 3193.93470449 3604.92065438 3659.28397577 3680.13272678 3867.90212645 3991.25907202 4011.8310643 4083.75754856 53.735564076 51.3116373633 14.8025782389 15.2831304665 10800.0501856 11075.9831956 59.6781096519 961.376055917 942.893974237 92.5441363568 22.9390247501 23.5507251601 23.2089919031 22.6635920851 45.4945483809 66.7810529488 21.1449265245 1589.7682514 1605.36796295 1684.79186265 1698.50059379 1735.34861803
-9999.0 -9999.0 -9999.0 -9999.0 -9999.0 -9999.0 -9999.0 -9999.0 -9999.0 -9999.0 -9999.0 97.9619136522 129.819348193 62.0567529732 91.5775397181 29.2791805 333.650075004 361.236137065 415.432244755 438.901119137 182.106240495 2942.11909945 2962.84145775 22.332225964 17.9321429252 15.7954341427 34.3136149283 16.8353748581 14.0799779824 13.8589693573 15.301858115 4030.13917796 4102.77745697 4174.644689 4242.70048681 4300.19153056 26.7319127326 10.429510571 12088.3673755 996.774932965 980.244578076 20.5073433038 20.4906204607 19.8060104438 44.0359245601 43.798288203 20.7776307055 20.8188939446 19.8338465374 40.7953457296 56.5966216105 11.9093746288 22.338742238 9.78509520495 7.1304380987
-9999.0 -9999.0 -9999.0 -9999.0 -9999.0 -9999.0 -9999.0 -9999.0 -9999.0 -9999.0 -9999.0 -9999.0 65.9745709367 31.4538251974 29.7441119043 278.758223273 306.775482672 28.0131478895 111.064824944 136.902137165 160.958500702 25.2071543482 22.8901468634 457.748379931 478.003067924 497.480671959 1265.6344632 1281.29894124 1308.13493586 1430.57520323 1509.46945021 1522.60705089 13.0541254795 13.2997175811 13.6601737327 4324.43174333 12.2439014189 12276.6178107 12258.2716269 154.687450829 135.416800728 81.299517882 20.7230123061 39.6088805286 64.4318129526 64.1709539529 40.9948599394 20.307326647 40.0111069549 39.4270714976 74.9140928283 12.3039400395 35.3645477564 59.2748290736 73.9745501316
-9999.0 -9999.0 -9999.0 -9999.0 -9999.0 -9999.0 -9999.0 -9999.0 -9999.0 -9999.0 -9999.0 -9999.0 33.5913769307 96.85726474 127.185714077 219.905431367 28.7061728194 57.5182428126 84.8638909527 321.162829809 344.815556163 363.645026877 387.402721611 413.017016937 637.095502818 711.083319717 751.251378305 16.5341276113 95.6586600381 110.216524064 1469.10263317 1536.15078738 1563.70139137 1591.46877814 1619.80629857 5957.02566736 8.54147072581 12326.8858467 29.8525819549 13.1658172504 115.473325741 99.2498928907 16.5712307673 57.7326507889 82.7079249871 82.3566141932 58.790970658 96.8822584472 153.917223789 57.0623063812 148.940366606 14.5148161074 22.529601499 5.80285639598 4.60479430877
