data/baseflow/mHMbf_acc387.asc
ncols                  80
nrows                 72
xllcorner      4374000.0
yllcorner      5656000.0
cellsize            500
NODATA_value       -9999
[rows 0 to 24 of 72, columns 0 to 54 of 80]
-9999.0 -9999.0 -9999.0 -9999.0 -9999.0 -9999.0 -9999.0 -9999.0 -9999.0 -9999.0 -9999.0 -9999.0 29.0929092993 22.1638074114 -9999.0 -9999.0 -9999.0 -9999.0 -9999.0 -9999.0 -9999.0 -9999.0 -9999.0 -9999.0 -9999.0 -9999.0 -9999.0 -9999.0 -9999.0 -9999.0 -9999.0 -9999.0 -9999.0 -9999.0 -9999.0 -9999.0 -9999.0 -9999.0 -9999.0 -9999.0 -9999.0 -9999.0 -9999.0 -9999.0 -9999.0 -9999.0 -9999.0 -9999.0 -9999.0 -9999.0 -9999.0 -9999.0 -9999.0 -9999.0 -9999.0
-9999.0 -9999.0 -9999.0 -9999.0 -9999.0 -9999.0 -9999.0 -9999.0 -9999.0 -9999.0 -9999.0 -9999.0 58.5279393219 123.236185289 18.7108199545 -9999.0 15.1096912904 -9999.0 -9999.0 -9999.0 -9999.0 -9999.0 -9999.0 -9999.0 -9999.0 -9999.0 -9999.0 -9999.0 -9999.0 -9999.0 -9999.0 -9999.0 -9999.0 -9999.0 -9999.0 -9999.0 -9999.0 -9999.0 -9999.0 -9999.0 -9999.0 -9999.0 -9999.0 -9999.0 -9999.0 -9999.0 -9999.0 -9999.0 -9999.0 -9999.0 -9999.0 -9999.0 -9999.0 -9999.0 -9999.0
-9999.0 -9999.0 -9999.0 -9999.0 -9999.0 -9999.0 -9999.0 -9999.0 -9999.0 -9999.0 30.0725405452 28.8165593862 29.3278224588 27.572552768 177.084981863 198.409996019 43.1185635546 13.8800093983 -9999.0 -9999.0 -9999.0 -9999.0 -9999.0 -9999.0 -9999.0 -9999.0 -9999.0 -9999.0 -9999.0 -9999.0 -9999.0 -9999.0 -9999.0 -9999.0 -9999.0 -9999.0 -9999.0 -9999.0 -9999.0 -9999.0 -9999.0 -9999.0 -9999.0 -9999.0 -9999.0 -9999.0 -9999.0 -9999.0 -9999.0 -9999.0 -9999.0 -9999.0 -9999.0 -9999.0 -9999.0
-9999.0 -9999.0 -9999.0 -9999.0 -9999.0 -9999.0 -9999.0 -9999.0 -9999.0 29.1148494332 58.839132709 116.170408505 56.3346424876 27.3330641775 54.3255920207 225.675275992 303.039907361 16.084256141 -9999.0 29.2690863452 -9999.0 -9999.0 -9999.0 -9999.0 29.9071902296 15.0900504651 -9999.0 -9999.0 -9999.0 -9999.0 -9999.0 -9999.0 -9999.0 -9999.0 -9999.0 -9999.0 -9999.0 -9999.0 -9999.0 -9999.0 -9999.0 -9999.0 -9999.0 -9999.0 -9999.0 -9999.0 -9999.0 -9999.0 -9999.0 -9999.0 -9999.0 -9999.0 -9999.0 -9999.0 -9999.0
-9999.0 -9999.0 -9999.0 -9999.0 -9999.0 -9999.0 -9999.0 -9999.0 30.7960118741 89.4549444315 117.480668255 145.691761667 199.654803589 26.8727004603 107.470140282 134.63350161 482.389120048 24.7009217787 27.2787413798 56.187898125 82.6512427713 27.2355228637 -9999.0 80.124576773 65.4571051325 18.673353967 -9999.0 -9999.0 -9999.0 -9999.0 -9999.0 -9999.0 -9999.0 -9999.0 -9999.0 -9999.0 -9999.0 -9999.0 -9999.0 -9999.0 -9999.0 -9999.0 -9999.0 -9999.0 -9999.0 -9999.0 -9999.0 -9999.0 -9999.0 -9999.0 -9999.0 -9999.0 -9999.0 -9999.0 -9999.0
-9999.0 -9999.0 -9999.0 -9999.0 -9999.0 -9999.0 32.3247567353 30.0998385233 28.7784651613 28.8885806962 28.958717623 203.43724278 430.832938005 458.565062101 484.03611135 24.8364261248 533.255580271 559.662760702 53.5587260897 26.0737053339 108.598132198 189.233941085 27.0059113119 159.44777298 28.654128051 27.8455757887 30.5354906961 -9999.0 -9999.0 -9999.0 -9999.0 -9999.0 -9999.0 -9999.0 -9999.0 -9999.0 -9999.0 -9999.0 -9999.0 -9999.0 -9999.0 -9999.0 -9999.0 -9999.0 -9999.0 -9999.0 -9999.0 -9999.0 -9999.0 -9999.0 -9999.0 -9999.0 -9999.0 -9999.0 -9999.0
-9999.0 -9999.0 -9999.0 -9999.0 -9999.0 -9999.0 63.2230154279 92.9014558632 210.092817055 295.34328543 27.2591778079 27.808433424 27.1325963535 80.3083438708 590.173277394 24.9555693489 586.370065174 687.801070624 79.3117791575 51.8562793385 215.000770382 27.0296066068 186.137146556 55.2453464607 27.9601757314 55.1654961234 58.7960236453 27.7465399061 28.198623572 28.1753669153 28.4181676842 57.4819849663 -9999.0 -9999.0 -9999.0 -9999.0 -9999.0 -9999.0 -9999.0 -9999.0 -9999.0 -9999.0 -9999.0 -9999.0 -9999.0 -9999.0 -9999.0 -9999.0 -9999.0 -9999.0 -9999.0 -9999.0 -9999.0 -9999.0 -9999.0
-9999.0 -9999.0 -9999.0 -9999.0 -9999.0 31.6705372505 62.4348128603 30.0854199024 59.137758357 324.496437789 380.144059472 435.404034872 1342.67449326 26.4807499174 617.022092927 2157.73822782 2177.61282433 2898.52578242 21.1383227638 77.8614196008 241.035993244 25.974763184 490.413397949 278.216000851 169.734449695 142.179840394 28.9404947446 83.0642061184 82.470221004 55.3949481757 27.3958642391 85.8354202117 27.9699594099 28.1150876282 -9999.0 -9999.0 -9999.0 -9999.0 -9999.0 -9999.0 -9999.0 -9999.0 -9999.0 -9999.0 -9999.0 -9999.0 -9999.0 -9999.0 -9999.0 -9999.0 -9999.0 -9999.0 -9999.0 -9999.0 -9999.0
-9999.0 -9999.0 -9999.0 -9999.0 -9999.0 31.7242848717 92.6585462093 184.940994165 213.918776214 422.487864512 450.590580374 537.045552412 880.788430298 1415.37269391 1467.25505266 1491.07934167 48.4775425826 2984.22174961 3028.71192405 3157.34897545 3994.90559278 569.743642399 517.34245695 196.785017033 26.6048085202 165.288069409 110.511988792 26.922921012 108.313210973 25.1140644345 51.7266467475 139.739618106 166.740278902 55.3398654311 26.8933793875 27.5489860792 -9999.0 -9999.0 -9999.0 -9999.0 16.1809498611 13.5494446095 -9999.0 -9999.0 -9999.0 -9999.0 -9999.0 -9999.0 -9999.0 -9999.0 -9999.0 -9999.0 -9999.0 -9999.0 -9999.0
-9999.0 -9999.0 -9999.0 -9999.0 -9999.0 31.3687890454 30.2670380258 121.282997377 150.22495507 179.910780628 29.1772582651 58.1478941899 323.427185668 58.1563136786 28.3384619098 27.5148511775 25.8889290805 27.9608993589 27.7327007596 27.5626538395 4021.90770704 4101.21925612 26.0648033679 79.0599408444 53.0798407755 192.000167694 53.7780207279 26.6096421375 134.688685828 49.5709925058 118.662304739 297.790767073 275.396278494 82.2187555001 81.5855754642 27.0115348815 27.3802952001 -9999.0 -9999.0 27.5745557156 36.8303657124 78.7276660741 14.2453958472 -9999.0 -9999.0 -9999.0 -9999.0 -9999.0 -9999.0 -9999.0 -9999.0 -9999.0 -9999.0 -9999.0 -9999.0
-9999.0 -9999.0 -9999.0 -9999.0 -9999.0 -9999.0 31.296558401 30.389567374 61.265427333 91.249792606 207.790346368 266.704906595 295.786740123 30.582286248 26.7778977435 339.992750941 421.304606469 448.206021301 557.759725826 584.893412057 27.2163061757 4127.97891202 4259.20039526 104.838849436 23.2399505254 217.886487397 486.277297536 188.280257591 52.030868984 25.88992251 466.696379158 323.716538774 25.6106094839 26.0880560891 107.795952787 80.3239240358 26.6932762723 28.0889762813 26.7254457428 53.8359825235 26.5590067985 95.935533473 122.579541829 27.3321901916 -9999.0 -9999.0 -9999.0 -9999.0 30.4068342889 29.6672677202 7.85143244667 -9999.0 -9999.0 -9999.0 -9999.0
-9999.0 -9999.0 -9999.0 -9999.0 -9999.0 -9999.0 -9999.0 31.8137670969 28.5881405959 57.9718010815 87.5763139252 29.9212437135 28.6142016602 172.938570043 229.703744662 286.478750731 27.192758826 55.1391262029 27.3683533304 611.444182668 1343.69497838 1360.27084299 5667.98701419 27.0310074898 70.3309822806 22.9360988459 513.061351411 25.7330730771 78.339496457 25.779271009 492.315014271 517.574354284 51.0853004998 51.2055791876 267.331349565 133.48893173 55.1670500113 27.319423864 53.8069570991 80.3890211397 132.63623746 26.4026822942 179.012993084 207.916239645 27.7471735203 29.4245434143 29.8079818113 28.971702333 28.3113901331 88.0436688651 32.5996924788 21.5593164411 -9999.0 -9999.0 -9999.0
-9999.0 -9999.0 -9999.0 -9999.0 -9999.0 -9999.0 -9999.0 -9999.0 59.8934688535 88.6277776572 29.7078472317 59.4017557486 87.7996045136 145.812067814 29.7838690827 29.1309470351 27.2459379209 27.8638206656 27.4309095284 678.603637 27.1036307929 53.9551817964 5742.09497411 5811.86572325 44.1644442013 156.166292854 697.763358804 51.8901584904 103.75716972 50.9520259591 76.4167372729 619.23450796 76.3947705106 395.027462187 318.331973717 25.5499998931 133.814077305 53.2086788649 79.7336702079 26.4748290036 160.392283223 215.072280577 242.155090364 268.602069005 316.518303836 54.8782060195 55.7680368849 54.3238328178 53.0930189501 113.840376674 25.2414666664 79.4375830068 103.289138485 -9999.0 -9999.0
-9999.0 -9999.0 -9999.0 -9999.0 -9999.0 -9999.0 -9999.0 -9999.0 30.4385111738 148.695540879 178.068457276 29.594085575 58.5470098764 29.0371462233 28.4881604467 27.8383148919 341.036166163 457.812581949 563.355511654 661.396434738 25.0313850993 27.0101161187 35.1549106563 5944.46635558 6018.42542065 6059.55398922 950.942602419 211.264517356 182.426813094 26.1601923053 101.925419654 746.574579312 25.3317444977 420.517481996 25.4307219978 171.750239208 159.922260316 25.7041170879 105.219727489 51.9911357159 77.3991296449 28.1794365627 26.777237358 294.899332211 320.558041484 342.078936115 81.6480139762 79.7671400539 78.4845234002 139.017544878 189.080288219 24.7769548091 127.126088069 24.2351714248 48.2899025037
-9999.0 -9999.0 -9999.0 -9999.0 -9999.0 -9999.0 -9999.0 -9999.0 -9999.0 29.7694222534 207.516327766 237.274246363 88.0449975554 146.186637453 202.912756406 231.108117789 28.1313891353 89.4562741723 57.8836104864 27.7331137736 28.7451317103 27.4124137281 55.9794645204 103.525722671 44.2493999636 7092.09593014 7136.46599872 42.3387385294 29.2869045655 52.2193591509 78.2892242339 823.007259254 50.6957202136 445.717783519 269.917064738 220.027804575 25.8889741488 51.4696649658 130.666057787 25.1695967022 102.429344574 53.328236092 51.2858209018 25.314630879 396.853026481 763.098360333 104.825907082 103.118809683 102.299700418 23.3668337849 212.425566339 23.2183909102 174.805603453 23.8138615669 72.4594868354
-9999.0 -9999.0 -9999.0 -9999.0 -9999.0 -9999.0 -9999.0 -9999.0 -9999.0 -9999.0 28.71107259 295.401516092 29.6039655678 58.938866827 86.8961623358 144.729389461 30.0879515893 61.9397375679 30.3863630855 30.2362358431 28.7259323741 57.2594791036 27.49164316 32.7756519598 77.79443051 45.5036504113 7176.18553884 7258.93032763 7374.37084757 109.343761295 25.931067749 51.57765978 848.522269588 843.166836265 321.555124892 25.7936134592 102.653747022 77.1253562101 156.190869185 50.6576324839 205.547999195 78.1299175327 75.9884323523 23.1029897645 25.9702112554 790.137372755 816.378842653 1048.37924482 174.345429255 47.9248268138 237.199460015 284.052968794 481.867377744 46.8397418212 23.0470034568
-9999.0 -9999.0 -9999.0 -9999.0 -9999.0 -9999.0 -9999.0 -9999.0 -9999.0 -9999.0 -9999.0 15.6341325243 330.990733874 29.090451835 57.1062439427 261.131893554 31.4506269109 31.7429096741 29.3135099877 59.5228933771 27.9968656785 113.435912955 169.255440281 196.932792123 107.219025916 145.796525674 43.9483151803 46.1975278573 41.0472669034 7547.28039525 7631.17540791 873.591327539 891.952897698 867.753672201 50.6968845066 25.2121566254 127.851646998 334.50301483 181.545292516 76.1634530888 306.471950879 168.064566437 143.698013585 45.3576128397 21.9471213836 22.0126571371 22.81590378 1144.63163385 1394.43731344 23.6008870165 23.1193616684 23.4408640149 505.332560114 574.957652698 44.966954368
-9999.0 -9999.0 -9999.0 -9999.0 -9999.0 -9999.0 -9999.0 -9999.0 -9999.0 -9999.0 -9999.0 14.979602859 367.715283486 454.68375157 27.9295679643 317.868957609 29.5952817151 28.9421859993 56.6191574612 143.54990151 27.706791641 28.2678998262 27.3918671653 252.866372478 280.143731481 454.032605089 527.769191214 563.690919083 605.140380323 646.261493936 8315.77121656 9263.19571021 10226.2748523 10255.147323 29.982293904 25.7258102013 384.772141119 359.929633478 24.864568292 24.5538571193 329.723511608 522.104333427 23.1823692853 283.673533247 261.370738606 91.5183424979 46.2070455939 71.1424204576 27.0535393972 1445.56819478 25.8401653965 71.7904786437 95.2691566426 742.608884187 807.829922482
-9999.0 -9999.0 -9999.0 -9999.0 -9999.0 -9999.0 -9999.0 -9999.0 -9999.0 -9999.0 -9999.0 30.6488355485 58.8006677172 482.667033615 538.650256659 28.4782094826 369.313586332 27.5448807664 83.0855787832 170.73624674 54.9171287913 27.2090319791 55.7857527953 27.5550423944 53.5846119738 26.1121232625 25.4440628908 23.8217358252 22.8695507816 24.9924317792 29.3885503634 37.0871949167 42.217938555 43.3729531442 10362.9981394 520.193459343 458.032738898 34.8585201375 74.5767954229 19.7153896231 15.7283755705 546.086251088 901.131591472 308.255281912 217.202697407 46.6554023755 23.3979293114 22.8523738559 48.0213547707 1519.1186564 1568.49199515 25.1580775153 25.7520903043 25.2238323183 20.9561638247
-9999.0 -9999.0 -9999.0 -9999.0 -9999.0 -9999.0 -9999.0 -9999.0 -9999.0 -9999.0 -9999.0 -9999.0 29.1406368025 364.64506112 931.455082858 1014.71763232 1410.63156141 1432.34908639 384.67681145 280.71028445 82.6829038956 27.108642883 109.906633789 136.877035237 216.558979105 52.6846939867 51.6866208932 50.1760298785 99.0564068134 50.8659208488 54.7217390823 23.8497149652 22.6092528149 29.166562903 10397.9921496 10935.8176097 10970.1451908 36.9729569988 230.173558527 85.0755275224 25.0342207735 974.219021413 49.6980641202 25.259784307 101.4230994 24.4339132139 26.126786379 51.660647261 75.7170281982 100.565823596 1614.51120705 22.5304815574 21.2499087321 21.7909930341 19.8872440795
-9999.0 -9999.0 -9999.0 -9999.0 -9999.0 -9999.0 -9999.0 -9999.0 -9999.0 -9999.0 -9999.0 30.5837244125 278.467951184 336.84048492 55.8002399029 16.9929604195 41.6237998087 1502.12332977 1526.15978726 1931.74076645 26.5590995822 53.5291099375 25.9133765611 26.3691318987 242.676715614 321.475066385 398.841141868 25.6667277498 124.821241008 201.01561399 128.343664732 48.7871443085 46.1458611406 50.4892306541 56.2588267015 35.3610013644 11002.2179678 11033.3021459 11326.9827513 47.6448176315 23.8696828072 990.097928248 50.6599289919 25.7420312886 25.8996702162 25.5601818188 25.3244616716 52.1999423389 152.419552676 278.782158139 1916.2842461 19.7412084565 59.2637236742 40.3847222091 37.5684370402
-9999.0 -9999.0 -9999.0 -9999.0 -9999.0 -9999.0 -9999.0 -9999.0 -9999.0 -9999.0 -9999.0 31.2798920878 188.50234471 29.5481996896 27.9744451833 136.919423582 163.811185388 191.659034021 219.516159912 2620.38285929 2643.36277461 2693.53586383 3057.55133204 3139.20957379 3192.09912479 3218.82803376 3688.18270535 3758.2047196 3782.95114466 4009.60903089 4163.6362487 4188.6948323 4282.58430249 74.6903139128 78.2543677568 27.2713050705 32.0835048663 11064.8419286 11435.1420931 75.8658626091 1125.14034371 1103.6206901 99.2147797483 24.7207684374 25.1924808251 24.9768145873 24.4401213889 49.1331052035 74.4217879365 26.3003304583 1938.57470805 1961.39996243 2082.2850065 2103.11935319 2160.83036144
-9999.0 -9999.0 -9999.0 -9999.0 -9999.0 -9999.0 -9999.0 -9999.0 -9999.0 -9999.0 -9999.0 95.5789402625 126.315281439 59.0534621653 87.4064501483 28.0634251162 330.111725466 358.487457117 415.042577673 441.400193148 194.860770853 2927.52699398 2951.64629181 28.824700182 26.588829024 25.4728056051 52.3942454637 25.3635728298 23.2151024577 22.2582803894 22.7638626065 4212.18533558 4306.35953686 4402.49343507 4501.18996888 4616.8700998 59.8224516247 25.6812854313 12641.2620254 1174.89303466 1146.94222075 24.3523824778 23.8826640869 23.1133106115 48.6659117993 48.7726030022 23.3307142394 23.3299799724 23.0761341656 49.3313160419 71.9342364696 18.7750505228 35.384106079 16.1872288465 14.7318428932
-9999.0 -9999.0 -9999.0 -9999.0 -9999.0 -9999.0 -9999.0 -9999.0 -9999.0 -9999.0 -9999.0 -9999.0 64.5625125383 30.0746052457 29.0359223676 273.830015756 302.813394999 28.7879305397 116.944967654 144.297640158 171.256373945 28.3028930359 29.3856927583 495.070676938 523.088197628 550.601130382 1411.98060333 1437.28271695 1483.9680557 1669.39482353 1806.83201599 1829.25989323 19.9959497887 20.293899588 19.4112582646 4663.73598392 24.7449749885 12907.3632124 12864.7896107 194.560565069 165.039340944 95.3406599468 23.7321022769 46.573354536 72.2337229536 72.0819926885 45.9518256641 22.5954254544 45.6539074603 46.0672046286 94.2938074749 15.2844461275 53.0724430333 90.7944555679 121.298573403
-9999.0 -9999.0 -9999.0 -9999.0 -9999.0 -9999.0 -9999.0 -9999.0 -9999.0 -9999.0 -9999.0 -9999.0 32.9257533739 93.8955092398 123.2810441 216.708275553 30.7274986984 60.2359509471 89.0821129644 326.12912761 352.460850357 376.102389642 405.235084151 436.86811874 687.717803333 778.82015431 835.312492844 26.0746343285 137.442516791 162.281723785 1739.82117074 1853.30854625 1895.45587431 1936.83873406 1983.25791116 6671.29805301 16.7914719218 13002.6779757 56.8713649681 26.308630798 141.46994768 118.216641029 21.6007234594 69.0670963009 94.9370003884 94.6461829399 67.9390912087 112.354754047 179.29289303 68.1324513174 184.095162667 19.6250867768 34.3933563488 13.7432279918 11.3286656867
