data/baseflow/mHMbf_acc491.asc
ncols                  80
nrows                 72
xllcorner      4374000.0
yllcorner      5656000.0
cellsize            500
NODATA_value       -9999
[rows 0 to 24 of 72, columns 0 to 54 of 80]
-9999.0 -9999.0 -9999.0 -9999.0 -9999.0 -9999.0 -9999.0 -9999.0 -9999.0 -9999.0 -9999.0 -9999.0 16.9378625126 18.90244061 -9999.0 -9999.0 -9999.0 -9999.0 -9999.0 -9999.0 -9999.0 -9999.0 -9999.0 -9999.0 -9999.0 -9999.0 -9999.0 -9999.0 -9999.0 -9999.0 -9999.0 -9999.0 -9999.0 -9999.0 -9999.0 -9999.0 -9999.0 -9999.0 -9999.0 -9999.0 -9999.0 -9999.0 -9999.0 -9999.0 -9999.0 -9999.0 -9999.0 -9999.0 -9999.0 -9999.0 -9999.0 -9999.0 -9999.0 -9999.0 -9999.0
-9999.0 -9999.0 -9999.0 -9999.0 -9999.0 -9999.0 -9999.0 -9999.0 -9999.0 -9999.0 -9999.0 -9999.0 32.6751804952 83.2575550929 15.8363865753 -9999.0 14.9677657717 -9999.0 -9999.0 -9999.0 -9999.0 -9999.0 -9999.0 -9999.0 -9999.0 -9999.0 -9999.0 -9999.0 -9999.0 -9999.0 -9999.0 -9999.0 -9999.0 -9999.0 -9999.0 -9999.0 -9999.0 -9999.0 -9999.0 -9999.0 -9999.0 -9999.0 -9999.0 -9999.0 -9999.0 -9999.0 -9999.0 -9999.0 -9999.0 -9999.0 -9999.0 -9999.0 -9999.0 -9999.0 -9999.0
-9999.0 -9999.0 -9999.0 -9999.0 -9999.0 -9999.0 -9999.0 -9999.0 -9999.0 -9999.0 14.2025212145 13.351860314 14.5051662769 14.4463008639 109.558544605 123.81118144 41.7113345837 13.3282609842 -9999.0 -9999.0 -9999.0 -9999.0 -9999.0 -9999.0 -9999.0 -9999.0 -9999.0 -9999.0 -9999.0 -9999.0 -9999.0 -9999.0 -9999.0 -9999.0 -9999.0 -9999.0 -9999.0 -9999.0 -9999.0 -9999.0 -9999.0 -9999.0 -9999.0 -9999.0 -9999.0 -9999.0 -9999.0 -9999.0 -9999.0 -9999.0 -9999.0 -9999.0 -9999.0 -9999.0 -9999.0
-9999.0 -9999.0 -9999.0 -9999.0 -9999.0 -9999.0 -9999.0 -9999.0 -9999.0 13.1432154993 27.5960300741 54.7870561579 27.6112766035 13.2827480182 26.0771614844 135.861533271 207.327783386 14.8558783077 -9999.0 13.9497413042 -9999.0 -9999.0 -9999.0 -9999.0 28.6961825219 14.623951825 -9999.0 -9999.0 -9999.0 -9999.0 -9999.0 -9999.0 -9999.0 -9999.0 -9999.0 -9999.0 -9999.0 -9999.0 -9999.0 -9999.0 -9999.0 -9999.0 -9999.0 -9999.0 -9999.0 -9999.0 -9999.0 -9999.0 -9999.0 -9999.0 -9999.0 -9999.0 -9999.0 -9999.0 -9999.0
-9999.0 -9999.0 -9999.0 -9999.0 -9999.0 -9999.0 -9999.0 -9999.0 16.0018188518 43.6551598257 56.4442058491 69.4207940834 95.1504881522 12.1391757994 49.5676283279 61.1323841123 294.176649735 11.5950657851 10.1288713345 25.5429971757 36.8081425783 11.9282426038 -9999.0 73.7639119403 60.2722246614 16.2166312234 -9999.0 -9999.0 -9999.0 -9999.0 -9999.0 -9999.0 -9999.0 -9999.0 -9999.0 -9999.0 -9999.0 -9999.0 -9999.0 -9999.0 -9999.0 -9999.0 -9999.0 -9999.0 -9999.0 -9999.0 -9999.0 -9999.0 -9999.0 -9999.0 -9999.0 -9999.0 -9999.0 -9999.0 -9999.0
-9999.0 -9999.0 -9999.0 -9999.0 -9999.0 -9999.0 15.470713309 13.4693489597 13.1064924689 13.4990668952 14.0035811604 97.9322834331 206.651067749 219.822912228 229.941975075 9.74733445811 315.31659286 325.755858864 23.0539501938 11.5099236441 47.8070153971 82.6308160183 12.0257571851 110.868728115 11.7458120603 12.2406249981 12.2297161998 -9999.0 -9999.0 -9999.0 -9999.0 -9999.0 -9999.0 -9999.0 -9999.0 -9999.0 -9999.0 -9999.0 -9999.0 -9999.0 -9999.0 -9999.0 -9999.0 -9999.0 -9999.0 -9999.0 -9999.0 -9999.0 -9999.0 -9999.0 -9999.0 -9999.0 -9999.0 -9999.0 -9999.0
-9999.0 -9999.0 -9999.0 -9999.0 -9999.0 -9999.0 31.3956515085 46.0191541054 102.967365733 141.83788074 11.8384608837 12.6941163046 12.0266893867 35.781816923 275.945181885 9.12892634244 335.880206775 385.199382442 37.9020018308 21.3369455723 92.758618951 11.2574476548 121.890354029 21.3445316266 10.6161522931 22.3377567684 24.2931760784 12.7020845014 13.4558452206 12.9067734918 14.3915407068 28.7171512671 -9999.0 -9999.0 -9999.0 -9999.0 -9999.0 -9999.0 -9999.0 -9999.0 -9999.0 -9999.0 -9999.0 -9999.0 -9999.0 -9999.0 -9999.0 -9999.0 -9999.0 -9999.0 -9999.0 -9999.0 -9999.0 -9999.0 -9999.0
-9999.0 -9999.0 -9999.0 -9999.0 -9999.0 17.7735929743 34.1229246621 16.2367555993 30.9889751374 157.00918386 183.118224263 209.105496525 709.168435617 12.6329445752 287.195925224 1097.13049868 1107.13953278 1511.62730057 12.5031640675 31.55159559 102.946455719 10.0509077269 244.490225263 111.963261459 68.850354178 57.9078359727 11.8174170746 37.7742133811 38.8058820177 25.7666924414 12.4913196153 41.7074118029 12.3934333558 12.0757749364 -9999.0 -9999.0 -9999.0 -9999.0 -9999.0 -9999.0 -9999.0 -9999.0 -9999.0 -9999.0 -9999.0 -9999.0 -9999.0 -9999.0 -9999.0 -9999.0 -9999.0 -9999.0 -9999.0 -9999.0 -9999.0
-9999.0 -9999.0 -9999.0 -9999.0 -9999.0 18.0928054692 52.4864529682 103.717778716 119.390416125 236.930905266 251.296833682 297.102271873 488.552319348 752.65285477 778.376647907 790.207889066 20.486244606 1551.81464168 1575.67661645 1630.12638527 2018.63996362 275.773393648 255.652179057 79.766617932 10.7385139779 69.6176418895 48.0911675539 9.72891375529 49.8133687309 11.4499760399 26.4017883623 67.383107281 79.1174764208 23.5145582116 11.280842251 11.0756949372 -9999.0 -9999.0 -9999.0 -9999.0 13.9851373468 12.7472693319 -9999.0 -9999.0 -9999.0 -9999.0 -9999.0 -9999.0 -9999.0 -9999.0 -9999.0 -9999.0 -9999.0 -9999.0 -9999.0
-9999.0 -9999.0 -9999.0 -9999.0 -9999.0 17.378911546 16.5292946521 69.6889313612 85.8087706107 102.536676629 15.6773903467 30.8845683624 180.333322016 34.419367279 14.2549256555 12.2192106507 10.6086054079 14.5236887527 14.4268762199 12.0509398359 2029.25555976 2059.46647021 9.94279370642 31.0616671104 21.3403017323 79.6024589544 19.8113144312 9.36203966586 60.878784378 23.1308507881 58.5311098678 134.924034732 125.239188901 34.5469151993 32.8916302824 11.6017109212 11.3368986886 -9999.0 -9999.0 11.1607161438 28.1328374545 67.5204692218 13.4160557113 -9999.0 -9999.0 -9999.0 -9999.0 -9999.0 -9999.0 -9999.0 -9999.0 -9999.0 -9999.0 -9999.0 -9999.0
-9999.0 -9999.0 -9999.0 -9999.0 -9999.0 -9999.0 18.5708615186 18.4811261671 34.8908274674 51.7909123826 117.112919604 149.278837404 166.691209142 19.7433158569 12.2507839117 172.965836312 209.11351924 220.08218097 267.441315891 277.905325982 10.410285957 2070.04270768 2120.10396948 39.7936819319 6.89304347143 88.0753048398 195.491215172 79.1038731593 18.9332886525 9.69416773043 213.030059133 145.158185823 9.59202612909 9.56789272225 42.7602573162 33.470185273 10.235681345 9.37921059403 10.7730915535 21.6379006513 10.1453036665 82.2693732816 91.5503413545 8.35101105541 -9999.0 -9999.0 -9999.0 -9999.0 9.44851370179 8.79256424946 3.01193886114 -9999.0 -9999.0 -9999.0 -9999.0
-9999.0 -9999.0 -9999.0 -9999.0 -9999.0 -9999.0 -9999.0 17.6224720965 15.5916244399 33.1744052209 50.1661193924 16.1687886838 16.375758959 94.6131763253 121.571524786 149.33627515 12.7565312935 24.8429074463 12.3616784698 288.976784056 645.43812571 659.013423913 2801.51692211 9.81920530148 19.8006122418 6.1140698466 204.277478975 9.18695001817 28.7904162575 9.41393881696 222.426070635 231.842295778 19.3215179384 19.1149857048 107.88274025 54.4101148996 19.7331848939 10.2554952868 21.4317387714 32.1246259564 51.609403629 9.07173961101 108.066258455 116.165692418 7.33228108377 7.91080426896 8.11005824398 7.30599197213 6.89748727935 25.5735543334 10.1755938374 6.10966180836 -9999.0 -9999.0 -9999.0
-9999.0 -9999.0 -9999.0 -9999.0 -9999.0 -9999.0 -9999.0 -9999.0 35.2208818287 49.5799123706 16.0656994728 32.9687503176 47.9297043925 80.1073040114 15.0852702154 14.3342663638 11.7937987851 11.9119329703 10.4981222943 333.876310844 12.6138310763 24.3050670759 2840.93155324 2866.21071968 9.08142202439 37.8913399054 250.328360719 18.0866599413 36.9337442098 16.8050297518 24.8506624521 267.609716355 27.7330044135 153.754860122 126.57657458 9.85210130365 49.6564843706 20.2403364238 31.0060646592 9.44208020718 60.3556513749 77.5011333847 84.7536592878 91.6244889922 144.231068218 14.1995763829 14.7132098617 13.4343252903 12.6002199129 31.8266763764 6.31415934527 22.7742705851 28.5664882413 -9999.0 -9999.0
-9999.0 -9999.0 -9999.0 -9999.0 -9999.0 -9999.0 -9999.0 -9999.0 17.7183207572 84.406176191 99.8752727581 15.4389881181 29.901971199 14.4066066921 12.8818511217 12.6449418006 161.073663081 212.342888324 264.122573873 319.373517077 13.1370738786 12.0716312928 11.0945711718 2923.8439373 2954.66276715 2965.10200843 332.427205949 72.2544324591 63.2745252194 7.42349490508 32.259771982 307.686530775 7.67868151655 161.684210529 9.21688368225 66.449999261 60.0494549089 9.78175791136 40.555550225 18.8978223468 28.0726461022 8.02876206014 6.64487451059 98.4084331301 104.653481343 150.459850322 21.2678473247 19.6841894564 18.5525004079 38.5502833124 51.3326924908 6.37369975383 34.7332962973 6.8713017178 12.9725007235
-9999.0 -9999.0 -9999.0 -9999.0 -9999.0 -9999.0 -9999.0 -9999.0 -9999.0 18.1946808545 116.499327829 131.419757376 44.3809630885 72.9449584078 98.7941106054 111.856610285 13.577077985 39.5398450795 26.6155530137 14.1711531151 13.4014168178 11.6871428508 22.4698239931 37.7151564082 13.5494989212 3322.71378747 3331.90690469 8.51605391986 6.52339391368 15.3116040003 22.9473538725 330.408628459 15.1757837972 168.493845869 100.326068677 83.5440989611 9.07248695505 18.5717467146 49.0563732117 8.49305338388 36.2797296757 15.9240417255 10.61995151 4.19513254083 119.283471842 275.111421746 26.2093078352 24.6874057838 24.0406700916 5.51600677847 56.7793121211 5.30831997246 46.5071795485 6.10891225069 19.0975048457
-9999.0 -9999.0 -9999.0 -9999.0 -9999.0 -9999.0 -9999.0 -9999.0 -9999.0 -9999.0 15.0294615751 161.595157969 14.2808257362 28.249341427 40.5876437822 64.496967361 12.1503373161 25.4942798997 12.5503916776 11.354199127 10.6361589885 20.9438559286 9.21953425427 9.78334064548 19.6942229054 11.5265692771 3343.27866867 3361.78492881 3386.85414704 30.1972851027 7.90754799146 15.7671855729 338.716004797 307.621882896 117.551488845 8.5165912084 36.27852681 27.3569429877 57.5833629751 16.9604781951 68.7017133693 23.9880338837 16.9128483012 3.27305732226 4.61909632087 281.762100083 287.847368615 344.01478837 41.394205807 11.4481884713 62.6815286463 73.7449706023 125.416333453 11.8700605852 5.60048569495
-9999.0 -9999.0 -9999.0 -9999.0 -9999.0 -9999.0 -9999.0 -9999.0 -9999.0 -9999.0 -9999.0 9.81790323324 182.944838529 15.405819462 27.4189058348 115.287725501 11.8922469397 11.6862725928 10.1299811502 22.342766572 11.4029756642 43.4004551827 61.8364535749 70.0564760557 27.1533108154 34.5673656005 8.60200579023 10.2338819649 10.5161619894 3436.51764889 3461.27416226 345.484516124 321.44631365 314.630878573 14.2480185566 6.85876875122 44.1282056342 117.558106652 65.596754658 24.8698607982 101.194501254 35.0457619974 27.8480202889 6.40557669104 2.79702932528 2.46047549288 2.85713824857 360.472516225 419.617496249 5.68901928237 5.08581891801 5.66057138649 131.059870391 148.217068524 10.0135240567
-9999.0 -9999.0 -9999.0 -9999.0 -9999.0 -9999.0 -9999.0 -9999.0 -9999.0 -9999.0 -9999.0 9.09966438271 203.975488273 246.358555185 12.2304557279 139.353582119 10.7176528331 10.1038318094 21.1110225931 54.7474949326 10.913128531 11.6402802667 9.15280917901 87.9052538109 96.2953051192 140.108947729 155.71983722 163.102996354 171.334564833 179.282053521 3650.40719481 4010.54450453 4346.55398542 4354.99807452 6.56073609441 7.02752687126 133.329625815 125.503753653 7.86062398886 8.00036515457 111.14082214 153.900256874 6.07666408612 68.6358085827 63.9702490191 14.834919819 6.76056196407 11.4927596198 6.67203789078 431.105479752 5.77863985477 15.8245762557 20.379761241 181.769421579 194.62118652
-9999.0 -9999.0 -9999.0 -9999.0 -9999.0 -9999.0 -9999.0 -9999.0 -9999.0 -9999.0 -9999.0 16.0009043921 30.0476954229 259.891061956 282.620794574 11.3150949915 163.710995814 8.83066350372 27.9536003897 64.4138336476 20.8723265488 9.89899331841 20.1687399404 7.6621704691 15.0885836652 7.86161010316 6.86446485128 5.30171110938 4.61971792885 3.69265180649 3.30092329671 4.82604961672 6.6709167847 9.09744693089 4378.72164729 160.973948332 146.402995141 6.11152835306 22.5867480478 5.5403779433 6.39929274935 161.044970497 250.941412791 76.5039021025 57.9023389096 9.07195710069 3.67677896859 3.25056098762 8.27121771843 445.32798288 456.563622396 5.84229197706 5.92474152497 4.26723979218 2.98331827956
-9999.0 -9999.0 -9999.0 -9999.0 -9999.0 -9999.0 -9999.0 -9999.0 -9999.0 -9999.0 -9999.0 -9999.0 12.6891811503 183.787368078 478.853430241 517.398643979 692.257428105 705.642651835 146.173054792 105.516645409 30.9777095029 9.72294143564 39.1999009122 48.1134908255 71.2519586219 16.1498640146 14.5021116028 13.0995587331 25.2716564909 11.0997640707 10.3047427872 5.5011770259 3.48533068399 3.13350550595 4385.7434847 4552.37341647 4561.99991216 6.44904133913 62.3055441521 27.0310865514 7.731633716 274.939035277 17.0825079564 8.87530482789 36.534518152 6.99900538141 5.3860631439 10.3554431689 15.2175778571 20.8105808982 466.258246261 4.63450620435 4.10377767217 4.10701616821 2.78637230667
-9999.0 -9999.0 -9999.0 -9999.0 -9999.0 -9999.0 -9999.0 -9999.0 -9999.0 -9999.0 -9999.0 14.3975985627 141.095498605 170.369425545 25.94192851 9.99738475899 22.5079002546 738.456769275 749.349698273 908.596647293 8.69550749663 18.3159964836 7.94721322935 8.08024844577 79.1131325295 103.09986122 124.880005771 6.99762749225 32.2357390077 50.1560911597 29.1701494269 12.2595072916 8.67074602539 6.84039986211 7.19780921494 3.39652834258 4569.14571764 4575.31832314 4648.61448485 12.7718292511 6.7953403305 284.717401188 18.3326017432 9.39370192069 10.2886343744 10.1951029201 8.79216979687 14.6482934896 42.8755499678 69.6856995685 540.706247743 3.72389652788 11.1135825043 7.49139184154 5.90397684266
-9999.0 -9999.0 -9999.0 -9999.0 -9999.0 -9999.0 -9999.0 -9999.0 -9999.0 -9999.0 -9999.0 14.8588332977 100.02167764 15.1906612033 12.4836952655 68.9015578886 79.6593831209 90.3339661857 100.093095944 1218.31936738 1229.54090089 1250.10176138 1382.02977594 1405.23347898 1417.77086025 1425.85345682 1565.38970437 1585.32458951 1593.11434989 1650.71581679 1687.67446137 1694.47157892 1714.91955276 13.3127162753 11.3722815508 2.1601034608 2.26597261264 4580.89250193 4672.89922347 18.6117675223 335.798246719 328.940596645 33.8313094151 8.00829573323 8.10409103915 7.75038771181 7.74530300434 15.5819175885 22.2522897442 6.51040134745 545.299331208 550.164002878 573.02912996 577.137929335 586.909492231
-9999.0 -9999.0 -9999.0 -9999.0 -9999.0 -9999.0 -9999.0 -9999.0 -9999.0 -9999.0 -9999.0 52.3236340231 69.0263198067 31.1243540378 45.345243155 13.9513561837 157.65351922 168.771985323 190.937979201 199.64852242 71.3605460135 1336.81145476 1346.36786361 6.73116903371 4.44903458574 3.99899442278 8.7743441329 4.63903779709 3.35022656189 3.22626045155 3.53444787579 1699.83013554 1720.78186006 1741.73785449 1759.86466929 1768.92531103 3.77589221395 1.39304229056 5026.18090639 347.859619283 343.024764767 7.16175407628 6.48761458266 5.8895997867 14.0800078122 13.7481018926 6.3265939968 6.44070467514 5.97615335567 12.3745165308 16.6248650986 3.69952308025 6.84705922216 2.20980847519 1.06264093067
-9999.0 -9999.0 -9999.0 -9999.0 -9999.0 -9999.0 -9999.0 -9999.0 -9999.0 -9999.0 -9999.0 -9999.0 35.5400883875 16.3735411536 14.3049141476 135.188791154 146.850006278 11.7381714298 44.8475127174 55.1508870931 63.4476103155 9.76600978901 6.6852034714 187.72646001 193.125499094 198.04411706 524.150708831 527.641782546 533.884693486 575.814600425 594.475331326 597.235242484 3.24720350761 3.43381893894 3.32730510007 1777.68989153 2.76202434463 5085.52773445 5078.39210221 47.9787018444 42.603910765 26.8691774954 6.68769168594 11.778139445 20.0700747828 19.7644412724 12.241416626 6.1718866678 12.039274174 11.9455012512 21.8756272367 3.40285368012 10.1273067441 16.2396895089 18.6090904679
-9999.0 -9999.0 -9999.0 -9999.0 -9999.0 -9999.0 -9999.0 -9999.0 -9999.0 -9999.0 -9999.0 -9999.0 18.4670083234 49.6035470794 64.2267626793 107.534301804 11.4677086131 23.5510839134 34.5924126667 142.608473943 151.165335187 157.882891178 165.44505188 174.783816027 281.643429631 308.898455414 322.317512818 4.56033440171 34.98772598 39.3495329294 585.463722214 600.95522236 608.785765564 617.012517453 622.924767326 2404.85561611 8.16821454847 5105.36153783 5.72844840017 2.6406745622 35.9747685068 31.8905994428 4.13857187061 17.3000239186 25.7118644492 25.2184129004 17.2702071221 28.4890423921 45.1488390587 17.0109283737 43.6072692091 3.18856802083 5.04882265148 1.04638603733 0.902500653742
