data/baseflow/mHMbf_acc507.asc
ncols                  80
nrows                 72
xllcorner      4374000.0
yllcorner      5656000.0
cellsize            500
NODATA_value       -9999
[rows 25 to 49 of 72, columns 0 to 54 of 80]
-9999.0 -9999.0 -9999.0 -9999.0 -9999.0 -9999.0 -9999.0 -9999.0 -9999.0 -9999.0 -9999.0 -9999.0 30.3800393485 60.5403087838 28.934517804 57.8538936679 27.0171533451 198.198880959 250.728687727 277.480562335 25.4511138899 49.7754335103 450.774813851 565.595653437 586.976493341 45.146855657 48.7398674488 72.2416511026 15.7903146889 14.9173528984 28.5273762069 12.640006019 670.724064866 685.790996899 699.308979729 5865.94532687 12032.4317537 11939.8075147 22.1225706246 9.66048261852 8.83963845448 39.8242943809 30.5968065032 71.0958097219 95.8015011871 191.569335614 17.4704894557 17.4282452803 158.66533232 175.227728614 337.643738814 347.489102423 373.088525381 382.786338312 9.06240593388
-9999.0 -9999.0 -9999.0 -9999.0 -9999.0 -9999.0 -9999.0 -9999.0 -9999.0 -9999.0 -9999.0 -9999.0 -9999.0 29.6688830166 58.9443329378 88.1261624766 143.102386291 28.2068122219 26.6632148356 170.351069319 195.575771455 403.655948238 428.828383093 71.3765188709 24.5135246415 22.8293851016 22.38726966 582.994254061 599.653954177 615.883558484 629.983271551 656.329070039 141.57828131 153.116999328 868.468930314 18772.6783199 76.5011616706 62.8497964489 31.959793154 8.10961985254 7.54099373519 57.1293506939 63.5398139837 87.7185569788 8.67873448618 202.808314449 31.4668023183 31.1088963243 8.15653046029 5.48026547216 4.52169825643 3.97233572265 4.43577063132 387.179629669 4785.78448903
-9999.0 -9999.0 -9999.0 -9999.0 -9999.0 -9999.0 -9999.0 -9999.0 -9999.0 -9999.0 -9999.0 -9999.0 -9999.0 -9999.0 28.6099580573 51.159537886 70.7347858806 90.5872599116 117.168944895 144.218165281 79.6514872445 132.562889691 25.3114283961 24.6641985719 469.968308076 517.872688922 540.686075908 564.442190302 18.8980729569 35.1757485498 91.3486450293 110.764274612 127.312522571 13.7341006552 8.53244642279 18802.4085523 12.9246963367 19.0714068709 11.1336951529 33.5378210811 15.3395970632 9.1641928361 158.694143237 163.887480992 4.86725962532 207.870509167 246.804860541 40.5851448692 4980.55293484 4966.67286867 4955.81988444 4936.09838572 4928.53603757 4812.10733968 4806.21141622
-9999.0 -9999.0 -9999.0 -9999.0 -9999.0 -9999.0 -9999.0 -9999.0 -9999.0 -9999.0 -9999.0 -9999.0 -9999.0 -9999.0 4.91515463314 11.1878071967 19.7001135408 173.608187763 200.847323435 27.3397203721 26.7891325259 26.5303898021 371.07842841 422.066495373 24.9003936835 25.2072480568 22.2987535571 91.4921235059 113.998678155 58.0073573437 74.8826114476 511.249913411 530.68805822 559.410827583 899.369693737 19708.3624018 12.8600042466 8.99898010399 51.4228761779 42.5799287133 5.5728803701 20.789446062 26.601574619 170.134737784 175.305912238 434.650052109 249.688197425 45.1395823051 5097.62611521 47.4291339844 4946.40912202 4941.48054773 109.180767517 3.44113614574 15.6532125154
-9999.0 -9999.0 -9999.0 -9999.0 -9999.0 -9999.0 -9999.0 -9999.0 -9999.0 -9999.0 -9999.0 -9999.0 -9999.0 -9999.0 24.634923372 40.5878058611 86.0408719619 149.504381004 218.048927981 267.510727929 294.02690272 320.693747712 346.627788919 25.2270823488 23.9341094297 47.3354027325 45.5503777729 23.5554087706 438.260805525 460.417413273 481.35277102 501.223519769 297.131403933 316.394638649 331.478887542 19714.1372019 20.6641462892 28.547136217 85.7393264245 8.53339077437 10.6369738531 5.21927940027 5.46323905646 31.5355448197 4.31884786146 4.60024457684 5557.20625337 5118.86717285 5114.15207489 18.2462972659 40.9869648317 27.1644610981 6.89540630676 101.880831399 29.7880600744
-9999.0 -9999.0 -9999.0 -9999.0 -9999.0 -9999.0 -9999.0 -9999.0 -9999.0 -9999.0 -9999.0 -9999.0 -9999.0 -9999.0 17.1675934634 16.1726044648 31.7397807749 48.0596770461 25.735591034 28.7875841183 55.9550110896 83.0456876808 135.11860742 160.743876404 184.522326029 256.146772169 278.686220721 302.680298786 22.4682197348 221.34394091 241.798346905 261.43305707 17.3334515484 10.6338035381 18.5064838389 20056.2679739 20061.8759158 20094.9934752 108.70445724 16.9976497274 22.8826787238 7.15337715099 9.8105828495 35.9248428012 44.1495441182 8.41941465873 5577.3669044 6.02200197564 9.89539681623 11.2529984593 7.68119874656 15.0004305185 6.15647408797 64.7097131987 51.3571094141
-9999.0 -9999.0 -9999.0 -9999.0 -9999.0 -9999.0 -9999.0 -9999.0 -9999.0 -9999.0 -9999.0 -9999.0 -9999.0 -9999.0 -9999.0 15.4201469301 30.4164985445 15.078526038 31.6195122278 196.452157784 220.091240496 246.706387334 25.8932276569 25.8909482362 49.7424470175 74.0025098045 118.63392269 141.554508111 155.243412498 176.988711434 19.5713850789 18.9573338092 293.478024025 303.370914226 310.786585124 317.570090438 255.436763986 20378.0564814 20529.7867232 20536.4456959 20565.3220962 20595.8137507 20610.408402 4.34638027665 48.0789164775 5581.55733587 10.325160605 5.29351032043 4.57061858899 4.11304779718 7.44483940205 8.10426107841 4.63767660837 6.75482403166 6.62681468094
-9999.0 -9999.0 -9999.0 -9999.0 -9999.0 -9999.0 -9999.0 -9999.0 -9999.0 -9999.0 -9999.0 -9999.0 -9999.0 -9999.0 -9999.0 -9999.0 45.1414337732 60.9291174498 108.223531814 146.346503623 21.1611961939 295.656762106 321.011823563 345.764769582 24.3454591718 48.1935716639 22.164746413 162.507568365 175.02715629 195.185465041 217.474916372 270.146258511 278.045786543 5.12033096047 230.323828024 243.41975465 249.146135548 277.112357381 37.043116823 24.1227806709 15.6999456731 13.968912068 20628.9631984 20636.7017662 20717.4659674 5585.70872097 26.9574798581 12.912038905 8.28770303778 3.0403678631 24.6085783561 13.4520107513 4.21802523079 23.0174656761 19.420580965
-9999.0 -9999.0 -9999.0 -9999.0 -9999.0 -9999.0 -9999.0 -9999.0 -9999.0 -9999.0 -9999.0 -9999.0 -9999.0 -9999.0 -9999.0 -9999.0 16.0398836474 76.6066261624 93.2683925799 22.3883989599 27.0656962105 54.4505630033 80.2997338384 451.039504682 24.36280187 97.436228426 120.129410924 142.342053934 13.5319825824 32.2081562974 43.9184398495 183.941420631 207.200882313 212.427244435 6.41534966194 6.93546024377 8.76110628546 15.7938553832 7.21524697805 7.807542905 13.4600354645 10.0844999355 12.0097498902 28.0047422902 20724.6635431 26327.8940521 35.4324004172 7.94952608815 3.39150470418 78.288561355 71.666675575 42.7213440251 38.381619255 28.8906363763 6.58871726911
-9999.0 -9999.0 -9999.0 -9999.0 -9999.0 -9999.0 -9999.0 -9999.0 -9999.0 -9999.0 -9999.0 -9999.0 -9999.0 -9999.0 -9999.0 13.5030731188 44.1004155094 14.5333800338 26.8130635365 28.9765640489 56.1981401649 82.9972525226 105.592724282 572.368035389 595.994426153 24.0951167817 46.722017286 69.4719886699 85.6880745314 104.866841653 165.017811529 177.351738452 16.1473636783 11.7272861397 9.7839093862 7.78404217909 13.3127324958 12.7480375473 13.4530996688 14.9617941623 43.6494326458 17.5235869875 5.37615097952 5.12568864116 6.03868105056 11.498968949 26569.8040194 200.647925282 93.7746213871 6.26653482607 2.75208660893 2.49752705334 9.70185905245 7.06723222737 3.75728248659
-9999.0 -9999.0 -9999.0 -9999.0 -9999.0 -9999.0 -9999.0 -9999.0 -9999.0 -9999.0 -9999.0 -9999.0 -9999.0 -9999.0 14.1556476668 27.4304111751 99.0538576673 13.7206359825 47.7106503352 76.3511871104 103.677428522 27.5953925865 52.7326888932 72.4467479946 683.465260075 23.2821103138 45.0628673757 67.1309536194 20.9750488987 41.7953676343 57.5543754492 70.6138689709 1379.93894231 1403.62756198 1428.85487459 1522.43783817 1552.97991169 1619.57521304 30.9550233737 63.9448175013 58.8222396647 1849.6267253 1860.67000963 4.81108139059 9.5683219118 14.114487168 26573.6143139 186.695040385 85.0720018392 81.7458745556 64.9963491894 57.3896828703 12.8997382959 2.90951728788 6.15462316152
-9999.0 -9999.0 -9999.0 -9999.0 -9999.0 -9999.0 -9999.0 -9999.0 -9999.0 -9999.0 -9999.0 -9999.0 -9999.0 -9999.0 14.3438880297 43.5895691225 156.972841723 230.801512443 12.0812777963 302.344341076 421.242311281 26.3946398415 51.3035731356 72.7475337533 889.788637991 906.602210414 19.2583050324 105.834793975 124.733711979 142.608841015 1232.58972398 1274.27567731 1295.39719856 10.3806518017 61.9647617233 75.4633879362 30.1299209553 43.6060448975 1680.20063549 1763.26643813 1774.13159915 1784.39391385 1873.3485438 6.1914668982 5.53116536316 24.0606971329 26578.3415369 4.45143664109 4.77665491841 13.9452814959 5.08425366515 52.409964306 40.8970482111 24.0472285227 17.7341709754
-9999.0 -9999.0 -9999.0 -9999.0 -9999.0 -9999.0 -9999.0 -9999.0 -9999.0 -9999.0 -9999.0 -9999.0 -9999.0 -9999.0 -9999.0 -9999.0 30.3175828534 60.7964929344 272.994288957 288.299125482 434.59827116 449.861957189 25.8824107596 51.7014218562 120.804268808 919.694933986 956.451805968 972.01634673 12.9205100751 1030.65008915 1073.85986976 26.1208764119 9.96636320952 19.8178767641 38.2472481349 9.14491114063 18.4510509707 41.0060225451 51.4287119235 9.63773671559 6.78978116168 13.5251444552 1925.12120126 1946.26690013 1951.13477315 1987.46086633 26582.7104334 2.9941752473 3.65468546245 4.03798655043 3.94010089299 4.02585259122 3.55203983103 6.69788068566 2.12458615202
-9999.0 -9999.0 -9999.0 -9999.0 -9999.0 -9999.0 -9999.0 -9999.0 -9999.0 -9999.0 -9999.0 -9999.0 -9999.0 -9999.0 -9999.0 -9999.0 15.7473455199 15.3541922791 15.1251901129 30.6662872107 13.3422156147 476.42950893 490.416346017 23.1535745316 47.2290154301 22.6647747494 18.3483073833 17.812882014 1004.99440631 14.3966086412 28.9648156373 13.6434892306 10.851384886 9.318011476 7.49799064413 7.76243557434 23.7294266096 32.4062026727 6.51499954107 5.76204685468 12.367896199 20.317623271 26.977951121 9.81562024423 1958.22545901 1992.47188569 26585.8670748 16.8651791176 10.7881051548 2.61754841599 6.11058696813 2.2134269177 1.75368640645 8.59945295857 11.7165443417
-9999.0 -9999.0 -9999.0 -9999.0 -9999.0 -9999.0 -9999.0 -9999.0 -9999.0 -9999.0 -9999.0 -9999.0 -9999.0 -9999.0 -9999.0 -9999.0 -9999.0 -9999.0 15.1817671031 44.4379018716 56.4910850132 69.4052251851 503.225363272 516.319827043 529.812577991 547.038356644 564.461092728 600.16931707 614.023548278 627.787693899 639.581705338 9.92014653996 9.42215021536 9.52679248583 32.894793787 8.52306339339 8.19577579155 6.68649725595 19.5080648418 7.37247387894 5.94041615582 5.56266588545 4.77394490118 9.53078359462 13.9328570862 2021.37000573 28627.8015827 2.95791671973 6.22084830414 2.31057458531 8.55935965453 5.04026091545 3.52763218213 30.3957497216 20.0404030611
-9999.0 -9999.0 -9999.0 -9999.0 -9999.0 -9999.0 -9999.0 -9999.0 -9999.0 -9999.0 -9999.0 -9999.0 -9999.0 -9999.0 -9999.0 -9999.0 -9999.0 -9999.0 -9999.0 12.3422498512 99.6120700743 196.164469655 209.718939095 20.901035931 44.0818060483 68.1753376244 88.9644989988 222.06232887 232.80723804 10.3030828731 10.1858722989 663.636203917 683.488453306 692.090366579 39.46538333 5.76028157551 14.2913518671 20.9959685923 63.234799658 77.2917040874 88.7619228748 10.6383798572 15.0227750907 5.08934996743 10.1225384955 5.20074950512 28637.800153 2.6188386826 11.3690781621 5.47550853495 16.8527174988 36.9971245619 42.0381990385 73.9986439389 26.5981352
-9999.0 -9999.0 -9999.0 -9999.0 -9999.0 -9999.0 -9999.0 -9999.0 -9999.0 -9999.0 -9999.0 -9999.0 -9999.0 -9999.0 -9999.0 -9999.0 -9999.0 -9999.0 13.9704016744 44.7157522514 87.4543574156 114.106568522 291.760953343 308.88828242 49.3915774812 73.6025610794 95.3147065639 116.032723824 245.429415597 267.101033837 485.398664301 503.042225797 516.329498253 700.250245974 760.254470037 13.7116601478 8.98808828142 8.578594562 16.5386879704 7.56110613885 103.290518984 108.810294493 20.1662622546 27.3169248658 9.38657497825 5187.42343149 5199.99547633 33844.224553 33859.673596 2.85967332582 22.8411861611 6.63002578482 5.91630691545 86.8474023874 116.873653537
-9999.0 -9999.0 -9999.0 -9999.0 -9999.0 -9999.0 -9999.0 -9999.0 -9999.0 -9999.0 -9999.0 -9999.0 -9999.0 -9999.0 -9999.0 -9999.0 -9999.0 -9999.0 -9999.0 16.052817036 15.6539932418 29.3918631346 69.5749884615 322.119067003 25.1082509728 24.8740418546 46.2131281107 67.9266715857 169.526082611 185.987770408 11.8718282677 11.1688331646 528.042206746 536.29861383 1306.64956528 1316.64506932 5.21623932273 4.67515483299 4.10629910012 4.14132536899 4.5369153034 5077.08733841 5110.19955536 5143.43317216 5159.0906744 5180.06108466 5.8876872477 21.9995279473 27.3904994249 33896.4227749 33898.875015 33901.2818633 33907.303114 33913.0655026 126.430908367
-9999.0 -9999.0 -9999.0 -9999.0 -9999.0 -9999.0 -9999.0 -9999.0 -9999.0 -9999.0 -9999.0 -9999.0 -9999.0 -9999.0 -9999.0 -9999.0 -9999.0 -9999.0 -9999.0 -9999.0 14.195263645 14.9437161067 27.6120451255 375.998696803 390.563403304 24.5965302324 45.8344133191 67.8454858804 86.2842955163 16.9289259025 31.7251720861 987.246160335 996.42190373 1007.17612147 1079.08780182 2404.96712066 4866.38714851 4878.67622103 4890.12749578 4901.17048314 4947.79438435 4962.69589436 28.0115846793 12.7421444447 7.41331428272 14.0624456846 10.9742750433 17.2261140002 5.45905092517 122.585063131 135.842471633 145.034407419 147.892472532 33916.311141 34050.8308817
-9999.0 -9999.0 -9999.0 -9999.0 -9999.0 -9999.0 -9999.0 -9999.0 -9999.0 -9999.0 -9999.0 -9999.0 -9999.0 -9999.0 -9999.0 -9999.0 -9999.0 -9999.0 -9999.0 -9999.0 -9999.0 14.4642966524 27.690762003 41.0182709405 401.9078856 17.173792948 560.84462519 583.36731603 600.95151955 616.727899624 925.86509125 941.372440349 9.46717785177 51.4121887664 63.3208841535 9.55280784643 2449.208054 2431.64672654 6.03882204441 13.4672860777 36.3388189452 7.98497758691 8.42110124255 6.49415359934 5.69739770222 4.60623555184 5.27641274884 105.009353789 110.484698537 116.912166749 8.89589636509 6.1704473248 151.311871495 154.717209811 156.955120015
-9999.0 -9999.0 -9999.0 -9999.0 -9999.0 -9999.0 -9999.0 -9999.0 -9999.0 -9999.0 -9999.0 -9999.0 -9999.0 -9999.0 -9999.0 -9999.0 -9999.0 -9999.0 -9999.0 -9999.0 -9999.0 13.0586063415 12.2337410505 63.6135380223 492.096384298 522.701068295 539.714924924 21.5025626746 268.899722804 285.439183339 293.061379928 14.1676043887 25.1789919237 34.3851850044 569.950024081 577.459124836 584.221855884 2418.94952499 1449.8001327 7.26824480081 7.73919340976 7.49359828659 6.20797201754 63.0613685922 75.7366683259 87.0464030039 93.3016682041 99.3550696743 683.777319417 688.696854881 695.801587935 710.258319486 775.34148148 778.165744268 938.114891004
-9999.0 -9999.0 -9999.0 -9999.0 -9999.0 -9999.0 -9999.0 -9999.0 -9999.0 -9999.0 -9999.0 -9999.0 -9999.0 -9999.0 -9999.0 -9999.0 -9999.0 -9999.0 -9999.0 -9999.0 -9999.0 -9999.0 25.5408723331 39.1533562562 14.55653658 24.9390094042 191.242639067 213.326208493 229.699904164 115.357220684 130.496512561 145.945891942 156.468306433 553.471473354 563.341451084 362.238589268 954.708563246 962.457038371 1443.5859787 15.5718579918 7.96349851705 5.96513453974 43.3463867276 50.868900636 4.93886681862 4.63142700071 662.669796272 673.851968786 679.376259723 6.114731271 9.75177933641 762.312542435 6.25743789146 21.8775072016 24.2695474298
-9999.0 -9999.0 -9999.0 -9999.0 -9999.0 -9999.0 -9999.0 -9999.0 -9999.0 -9999.0 -9999.0 -9999.0 -9999.0 -9999.0 -9999.0 -9999.0 -9999.0 -9999.0 -9999.0 -9999.0 -9999.0 -9999.0 12.8355435798 25.3787098445 108.407968785 123.729364216 143.711717822 83.3447666197 100.684543461 14.9334062085 360.861734733 374.593270391 387.554073043 10.5857866666 343.761135738 353.934210613 8.02741284176 1403.4305594 17.0728564597 8.49221620522 23.1069283955 31.093904317 6.40834100957 5.40982481094 606.321013026 652.395818463 658.867249314 6.65649910293 15.3309021664 19.3747285422 24.5891429584 46.749058785 8.01564871822 17.9676111984 3.57537991033
-9999.0 -9999.0 -9999.0 -9999.0 -9999.0 -9999.0 -9999.0 -9999.0 -9999.0 -9999.0 -9999.0 -9999.0 -9999.0 -9999.0 -9999.0 -9999.0 -9999.0 -9999.0 -9999.0 -9999.0 -9999.0 -9999.0 12.6230494313 39.8976719711 70.2710039385 18.1370249403 41.9734849245 63.7737556764 300.837033924 318.02501967 332.392113955 13.4908101659 274.087227688 313.39290999 324.726352497 9.22681654825 1369.0384908 1387.77587681 8.94628277825 8.28711576371 16.6233294603 7.0581623595 570.470532487 583.455950692 591.030676776 29.0265421899 35.8812952269 6.08551902704 11.0141332519 4.96711779608 35.3479682784 5.076187029 4.6108044068 4.93064693957 5.03907953912
-9999.0 -9999.0 -9999.0 -9999.0 -9999.0 -9999.0 -9999.0 -9999.0 -9999.0 -9999.0 -9999.0 -9999.0 -9999.0 -9999.0 -9999.0 -9999.0 -9999.0 -9999.0 -9999.0 -9999.0 -9999.0 -9999.0 -9999.0 13.9736167727 15.8901984078 21.813969963 199.913048777 220.706331967 282.120842453 17.8723394219 216.957280425 248.187909283 13.8830994148 27.7539942018 10.6885152267 1340.2245372 11.2151712295 28.9535973517 36.2266436131 43.9624201282 523.256843334 549.763970358 557.828553755 8.09557128622 15.3080380332 21.9310778823 4.40408634868 4.01874274868 1407.10491513 1411.18141114 1414.59142793 1447.13573042 1451.34338869 1457.05898294 1461.11070057
