data/baseflow/mHMbf_acc412.asc
ncols                  80
nrows                 72
xllcorner      4374000.0
yllcorner      5656000.0
cellsize            500
NODATA_value       -9999
[rows 25 to 49 of 72, columns 0 to 54 of 80]
-9999.0 -9999.0 -9999.0 -9999.0 -9999.0 -9999.0 -9999.0 -9999.0 -9999.0 -9999.0 -9999.0 -9999.0 24.0877567327 48.154964482 22.9127012024 46.071000093 20.8670092089 156.044102419 195.768698876 216.049887645 18.6519694494 36.0092432587 349.590862644 431.783940197 445.629775253 31.2063654875 29.3313273163 41.8078653534 7.98234655177 7.43794053243 14.1373679695 6.89455791186 538.752953933 547.028237881 553.499039451 4136.73630662 8553.41863805 8501.64300156 11.2593615199 5.13702105187 4.72427660946 20.0511661546 15.5792957375 42.1081955781 60.1784395001 120.625080334 10.7504901508 10.6921001784 96.6822213804 106.113767788 204.850292927 210.435651115 224.817029072 230.212144432 4.78750747713
-9999.0 -9999.0 -9999.0 -9999.0 -9999.0 -9999.0 -9999.0 -9999.0 -9999.0 -9999.0 -9999.0 -9999.0 -9999.0 23.5066346578 46.8216909388 70.2052454018 113.218024791 22.0789983722 20.3753159695 141.433670568 160.2406442 316.946812707 335.591676283 52.5300941512 17.344253755 15.6346932322 14.171804677 491.958489076 501.716754237 510.285384172 517.328396263 531.277238225 86.4604677924 93.3884786264 652.806583019 13348.0467596 42.0816635168 33.8384621532 17.0896620306 4.6598725801 4.07446073904 29.3364484487 32.8318251439 50.0256855913 3.93583940721 125.671400426 17.6777358261 17.3384765683 3.59402492262 2.68397563627 2.52486467155 2.67277055266 2.54562876394 233.482998028 3020.16102316
-9999.0 -9999.0 -9999.0 -9999.0 -9999.0 -9999.0 -9999.0 -9999.0 -9999.0 -9999.0 -9999.0 -9999.0 -9999.0 -9999.0 22.4620324175 42.8025850562 61.5150033802 80.5388618161 100.861489303 121.614453646 60.8984384196 101.281679583 18.7611176738 18.1498502126 412.636948137 447.160331559 463.192511109 479.666504723 12.1059626 21.8987836766 58.6182028376 68.6847130796 78.0323296753 8.17545693544 6.38551746372 13370.2055447 8.22125177971 10.3196217093 5.00271735722 19.3419403694 9.29053971291 4.65372605961 87.4607841375 91.5319953326 3.20652627145 129.188786456 149.782586187 20.7275641517 3137.28846049 3130.94830766 3125.20091544 3113.3214336 3108.15498901 3035.93643555 3032.20807208
-9999.0 -9999.0 -9999.0 -9999.0 -9999.0 -9999.0 -9999.0 -9999.0 -9999.0 -9999.0 -9999.0 -9999.0 -9999.0 -9999.0 5.15149756855 11.6729408889 18.9032881477 180.170058731 201.202253123 21.2299723063 20.4992239595 20.4073527968 339.846138871 378.287189669 18.3659526303 18.6035056084 15.4720259047 64.5721279569 80.2561137922 37.607291322 48.2735331801 370.258447444 382.178487633 401.4837944 631.768548066 14007.7250589 7.90801006123 4.17008144236 29.4773315682 24.3985201089 4.14355079086 13.0461395573 16.9125150137 95.7889344646 99.423512161 258.871127964 153.040427538 23.6657517394 3204.62921862 29.0138150708 3119.75374883 3116.68024302 67.4254959731 4.69822111868 8.61030990504
-9999.0 -9999.0 -9999.0 -9999.0 -9999.0 -9999.0 -9999.0 -9999.0 -9999.0 -9999.0 -9999.0 -9999.0 -9999.0 -9999.0 26.3750023647 43.3291713974 90.0837661357 159.463183123 219.206968371 260.83754525 281.261517717 301.901388424 321.638126192 18.8782394523 17.1975834363 33.8209694151 31.9947955242 16.8565375366 321.347542172 336.705236483 350.808723163 364.055397124 202.69891274 212.469265549 222.800210819 14012.5900083 13.8600767056 10.2517052813 43.1481451985 4.82870698791 7.95776738578 4.20764924024 3.59087981933 20.5813665694 3.01478695691 3.20283126047 3480.01190158 3218.53739801 3215.23714825 11.3350782067 26.0369246786 16.8120608386 3.89135165099 59.1577740649 16.7548623534
-9999.0 -9999.0 -9999.0 -9999.0 -9999.0 -9999.0 -9999.0 -9999.0 -9999.0 -9999.0 -9999.0 -9999.0 -9999.0 -9999.0 18.4102599859 17.6964893803 34.7899685153 52.3405989613 21.3256019929 23.0051614079 44.1647198573 65.0540248085 104.587637767 124.177911823 141.368743983 192.984219307 208.932517151 226.323826725 15.6899917473 157.349745089 170.602690626 182.622115616 9.37853316663 4.91657839233 8.89953095831 14238.8535715 14243.4940401 14265.6448616 56.5115037045 9.70151866114 12.8719876928 3.36290974163 6.35065406312 23.4857677114 29.0467031922 5.80346425586 3494.00501341 4.32594086416 6.09196567237 6.63660666628 5.1182456705 9.57175707152 4.05892557564 38.7612397756 30.1808764614
-9999.0 -9999.0 -9999.0 -9999.0 -9999.0 -9999.0 -9999.0 -9999.0 -9999.0 -9999.0 -9999.0 -9999.0 -9999.0 -9999.0 -9999.0 17.1832617605 33.8645957617 16.2062973073 33.3412214791 207.572394739 226.951521297 247.330011043 19.6569089758 19.7293398374 36.8975345563 54.688927632 85.962216467 102.295158138 111.718817423 126.540937278 12.5564448236 11.6143276941 198.56114779 203.326590392 207.825531923 212.416935641 173.896779645 14459.0335234 14543.5089039 14547.8614441 14564.7038738 14581.9306381 14591.6252099 2.80389583508 31.5998530399 3496.82003187 6.31862850219 3.22914152006 3.69635947639 3.60317699613 6.21490758139 5.63008860456 3.20066693652 4.5036715426 4.23100348089
-9999.0 -9999.0 -9999.0 -9999.0 -9999.0 -9999.0 -9999.0 -9999.0 -9999.0 -9999.0 -9999.0 -9999.0 -9999.0 -9999.0 -9999.0 -9999.0 50.3679799432 67.6865423438 118.681938609 156.243354052 19.7394084088 289.19535843 308.502568108 326.954832554 17.8308884257 35.258648313 15.4864613084 117.732024034 126.417314952 139.882549792 153.679176657 186.710845614 191.087214076 2.96964079636 155.804778305 165.013458826 169.545439903 188.61577898 23.3697783546 14.5179975405 8.64640158443 8.37762481047 14601.4868251 14605.6598047 14657.1937625 3499.39634236 17.7511791572 9.17616308881 6.17929509508 2.00592983155 17.8784017003 9.15821957285 2.8640900815 15.3542932568 12.8939427436
-9999.0 -9999.0 -9999.0 -9999.0 -9999.0 -9999.0 -9999.0 -9999.0 -9999.0 -9999.0 -9999.0 -9999.0 -9999.0 -9999.0 -9999.0 -9999.0 17.7824525017 84.8412320541 102.463255819 20.611112417 21.1254229575 42.5472510051 62.5287971966 408.371594504 17.9121603543 71.6423858106 87.686841275 103.427525761 9.08976073537 21.5906900737 28.8036572525 125.833313555 139.825194113 143.85970868 4.49064511816 4.54551671929 5.49308619038 10.0770846449 4.35270425757 4.64651871568 7.16742515669 6.5769341818 7.09131102852 16.8129136979 14661.7223851 18171.8122763 21.6549318104 4.32951365031 2.01320682405 54.1112911438 49.7135318378 28.8389665516 25.7958456219 19.2300792051 4.33420619766
-9999.0 -9999.0 -9999.0 -9999.0 -9999.0 -9999.0 -9999.0 -9999.0 -9999.0 -9999.0 -9999.0 -9999.0 -9999.0 -9999.0 -9999.0 15.8580421852 50.1130879253 16.4842111362 22.2043949622 22.7116540242 43.9569364817 64.8839211094 83.3709269101 507.968255611 525.253600862 17.6730068568 33.7311879409 49.9616979449 61.4584845743 74.1096407462 111.468361464 120.966566133 8.4997454205 7.07415061461 6.25971818423 7.09684952885 7.46042454108 7.71062079774 6.74427576796 8.83833272686 24.984982426 11.6651560315 4.1590281073 4.08132470903 3.57693040943 6.74033709304 18346.1698108 147.996749481 65.8573598414 6.74937498759 3.32967678669 2.2043355524 7.32236790083 4.91080511919 2.49708108402
-9999.0 -9999.0 -9999.0 -9999.0 -9999.0 -9999.0 -9999.0 -9999.0 -9999.0 -9999.0 -9999.0 -9999.0 -9999.0 -9999.0 16.7959266989 32.1666001308 114.466549034 16.0634627999 41.9195520754 64.2368417076 85.2464382861 21.4563152255 40.5437855553 58.1667808446 598.605403375 16.8933419892 32.0973954953 47.7976299564 14.4642443582 28.6271029472 36.6474203243 45.6540847784 1085.03320029 1098.69994924 1111.07282444 1161.61365295 1183.69424173 1223.73305776 10.3903723012 24.4218923013 30.4549459165 1341.71312153 1349.30462477 3.78799007911 6.49330685682 9.1035665474 18350.7249652 139.755722026 65.1333522427 61.1234541241 49.8890353525 43.7378857744 9.66691701772 2.381003097 4.43830707374
-9999.0 -9999.0 -9999.0 -9999.0 -9999.0 -9999.0 -9999.0 -9999.0 -9999.0 -9999.0 -9999.0 -9999.0 -9999.0 -9999.0 16.7848351391 50.9259725931 182.023803358 268.771711371 14.8867192088 352.289803948 454.033200103 20.3791570905 39.3698214807 57.492251409 762.957511907 777.618185357 12.5642206425 73.232167585 85.1613465973 96.7594884855 995.562633865 1018.81257081 1032.33149385 6.46382727581 36.643095531 43.3711553258 18.2212939299 25.6700293933 1260.54159576 1296.26183294 1302.10667169 1307.6304409 1356.11990728 3.32446385906 2.94307183358 14.5125532448 18354.6771213 4.42364770182 2.64317596802 7.76800081974 2.96194849673 38.4367222422 32.3419621992 19.2019186473 13.3992722953
-9999.0 -9999.0 -9999.0 -9999.0 -9999.0 -9999.0 -9999.0 -9999.0 -9999.0 -9999.0 -9999.0 -9999.0 -9999.0 -9999.0 -9999.0 -9999.0 35.1940351441 70.8388972842 318.737545729 336.224646504 469.736347207 486.44770388 19.8762693173 39.7382214731 92.8002777633 791.634459709 817.612981622 828.146830935 8.52677585612 866.014134428 889.721229086 14.8752370174 6.54701238926 12.669314104 24.6313223767 5.91745041186 11.7285498842 25.6554355148 31.7809217334 6.12096946136 4.36286880072 8.58022068382 1388.59198381 1399.2187286 1401.80988148 1423.31431231 18358.1970465 3.70072093004 1.85086298558 2.17053183085 2.13473365589 2.19364509834 1.9317360363 3.59090313798 2.24329019513
-9999.0 -9999.0 -9999.0 -9999.0 -9999.0 -9999.0 -9999.0 -9999.0 -9999.0 -9999.0 -9999.0 -9999.0 -9999.0 -9999.0 -9999.0 -9999.0 18.2797603439 17.996961264 17.6613657484 35.0967755682 15.5798100339 517.470724713 532.880976446 18.3011067805 36.3582817343 15.8800112238 12.6203043544 12.2301624698 849.53083301 7.80082204489 15.6928352382 8.08745784341 6.78491170267 6.06650350973 4.79522066412 4.97207977265 15.0590774359 20.5615480135 4.12503045201 3.79198172495 8.08673846369 13.2466995267 17.9668816113 5.42386203264 1405.89635794 1425.92513854 18361.0043286 12.7634268945 5.16900913197 1.27605417578 3.12423084157 1.02126424566 0.75877977552 4.44688068523 10.6537387212
-9999.0 -9999.0 -9999.0 -9999.0 -9999.0 -9999.0 -9999.0 -9999.0 -9999.0 -9999.0 -9999.0 -9999.0 -9999.0 -9999.0 -9999.0 -9999.0 -9999.0 -9999.0 17.7989218671 51.6345718581 66.470931465 81.6834859093 547.709796675 562.53326006 577.291753511 592.850474907 604.75839956 629.334055779 636.937001812 644.229463687 650.764671038 6.13030482989 5.68875204578 5.94443267625 20.9114227576 5.47722709699 5.18374103553 4.18335602033 12.2040525899 4.84221618688 3.85790846721 3.60469845524 3.29789865197 6.58267027391 9.2986723877 1444.38428611 19820.9450756 3.79759505937 6.68747268971 1.00046806059 4.25534317145 2.30832344766 1.52772894721 23.5364901226 17.667742728
-9999.0 -9999.0 -9999.0 -9999.0 -9999.0 -9999.0 -9999.0 -9999.0 -9999.0 -9999.0 -9999.0 -9999.0 -9999.0 -9999.0 -9999.0 -9999.0 -9999.0 -9999.0 -9999.0 15.4625309087 118.498804081 232.657050815 248.30072612 19.1749300291 37.5383983667 55.9490031829 70.416687694 168.463269439 175.12383342 6.42404325893 6.19118659602 663.516313626 674.646787311 679.747226211 24.8697458576 3.66334273424 8.7892229331 12.9444235382 38.8858350104 47.918400554 55.2580604781 6.77671567383 9.43071364431 3.15367041382 6.23261964746 3.18464365831 19827.1325851 3.06095020974 12.7935967598 3.61467882332 9.336597134 24.4945301125 27.494442267 52.6487744379 18.6894980574
-9999.0 -9999.0 -9999.0 -9999.0 -9999.0 -9999.0 -9999.0 -9999.0 -9999.0 -9999.0 -9999.0 -9999.0 -9999.0 -9999.0 -9999.0 -9999.0 -9999.0 -9999.0 16.7224399899 52.6114911748 103.380907046 135.545189593 345.760813748 363.247093941 38.2192788721 56.7934089365 72.6051118944 86.5714841295 182.358533719 195.627929091 348.131562041 360.143253184 366.239024894 684.832394566 722.648292428 8.63396464363 5.49846449182 5.2503574022 10.0181065129 4.62132753463 64.2854011661 67.7601910604 12.4213035572 16.7070550121 3.90944292939 4277.68926465 4284.21333782 24115.2726274 24132.4349989 3.41977690263 16.6828535498 4.07508654551 2.98720935709 57.8545918766 78.3097839935
-9999.0 -9999.0 -9999.0 -9999.0 -9999.0 -9999.0 -9999.0 -9999.0 -9999.0 -9999.0 -9999.0 -9999.0 -9999.0 -9999.0 -9999.0 -9999.0 -9999.0 -9999.0 -9999.0 18.5490356436 18.0418910534 34.5663012908 82.4358681983 378.655569579 19.6157944593 19.4478438836 35.0042333575 51.0039856384 122.689049755 132.390763053 7.5403912595 7.92575102146 373.310157946 378.591704813 1106.7549744 1111.73705482 3.18025925818 2.8466968371 2.39308142237 2.41505066808 2.58901739894 4209.3368307 4230.37475202 4251.59692364 4259.79382135 4273.62637053 3.53351893787 13.0875541244 15.7549060941 24154.381947 24156.8744029 24161.3201015 24165.7732078 24169.4081658 81.6750605102
-9999.0 -9999.0 -9999.0 -9999.0 -9999.0 -9999.0 -9999.0 -9999.0 -9999.0 -9999.0 -9999.0 -9999.0 -9999.0 -9999.0 -9999.0 -9999.0 -9999.0 -9999.0 -9999.0 -9999.0 16.911637275 17.5089800698 32.723407685 442.725052059 458.523583924 19.1756194839 34.6428081348 50.9563084531 63.0875281564 10.6508260598 20.1612484422 994.347503858 1000.11255377 1006.76001258 1052.92721594 2170.52855216 4081.3007435 4088.79961461 4095.55504714 4102.07661447 4129.3699456 4138.20010208 17.0332002032 7.79574225019 4.54936218404 8.61206222422 6.52970080097 10.2936022437 3.19294025291 72.4744630635 79.4949164749 86.0262076716 87.2546021479 24171.83527 24257.3097271
-9999.0 -9999.0 -9999.0 -9999.0 -9999.0 -9999.0 -9999.0 -9999.0 -9999.0 -9999.0 -9999.0 -9999.0 -9999.0 -9999.0 -9999.0 -9999.0 -9999.0 -9999.0 -9999.0 -9999.0 -9999.0 17.1510305162 32.9136223409 48.7449046137 472.048345549 15.5545615296 641.233679356 658.194665437 669.310262974 680.00466549 954.493288276 964.910881972 6.27963330718 33.8809200389 40.7215202748 5.95813112071 1903.3337876 1892.47507693 3.44092249326 7.8802388583 21.3997386209 4.74019264523 5.05516302541 3.96981151002 3.42200371784 2.68624054999 3.11584599204 62.4916579574 65.6878079403 69.4949798142 4.66107638491 4.5146332486 90.0828866122 91.8026371524 92.6524298109
-9999.0 -9999.0 -9999.0 -9999.0 -9999.0 -9999.0 -9999.0 -9999.0 -9999.0 -9999.0 -9999.0 -9999.0 -9999.0 -9999.0 -9999.0 -9999.0 -9999.0 -9999.0 -9999.0 -9999.0 -9999.0 15.9388952143 14.9404106964 76.9388895382 579.551992559 610.184334229 625.627671842 15.148777377 249.387038118 259.481585216 264.23455177 9.52780581176 16.2862598628 22.1529206293 426.812294804 431.544852869 435.629464326 1885.08315158 1178.63016098 4.28296612439 4.58937083473 4.41796562112 3.56616879827 37.3490574185 45.015409806 51.7706304733 55.5153998108 59.1315951051 459.725555688 462.373044755 466.182669296 475.700651419 511.406122898 512.623412362 606.501218093
-9999.0 -9999.0 -9999.0 -9999.0 -9999.0 -9999.0 -9999.0 -9999.0 -9999.0 -9999.0 -9999.0 -9999.0 -9999.0 -9999.0 -9999.0 -9999.0 -9999.0 -9999.0 -9999.0 -9999.0 -9999.0 -9999.0 31.0620830917 47.0985812856 16.3032873289 19.9811236951 196.845462373 212.616853848 223.483655635 87.4664038543 95.7928122243 104.677134401 111.245862747 416.293795488 422.649444679 257.127293366 697.817773153 702.530355339 1175.1318632 9.31266465695 4.76377660309 3.44238223705 25.827691314 30.2549711594 2.83193079927 2.66255344531 447.556287099 454.083136351 457.262983307 4.6484572454 6.85356335297 505.757115164 3.24473892711 9.27533863756 10.1623795888
-9999.0 -9999.0 -9999.0 -9999.0 -9999.0 -9999.0 -9999.0 -9999.0 -9999.0 -9999.0 -9999.0 -9999.0 -9999.0 -9999.0 -9999.0 -9999.0 -9999.0 -9999.0 -9999.0 -9999.0 -9999.0 -9999.0 15.4548886894 30.6139262834 126.259000174 142.652389107 159.477623151 67.059558507 79.0851949692 8.72911595624 283.651739536 291.43622078 298.842750626 6.68545950084 245.246709278 251.812067319 4.97633032753 1151.0638651 10.3633121258 5.17566441049 13.9923781683 18.7713216802 3.69426113357 3.0295434002 414.569142457 441.644614634 445.489653203 3.96606220388 8.78687405706 11.220953054 13.8187300351 26.9343318774 3.41465018278 7.64492816034 1.45222143553
-9999.0 -9999.0 -9999.0 -9999.0 -9999.0 -9999.0 -9999.0 -9999.0 -9999.0 -9999.0 -9999.0 -9999.0 -9999.0 -9999.0 -9999.0 -9999.0 -9999.0 -9999.0 -9999.0 -9999.0 -9999.0 -9999.0 15.3203757641 47.3856648753 80.8709830362 17.991553742 36.7039485724 52.9904456113 247.980471967 258.90501521 267.28451 7.72558750038 203.223460278 226.125738743 233.150048356 5.42490014216 1129.57752493 1141.43282653 5.58779944598 5.14374070647 10.2069628361 4.2075840343 394.078785286 401.579134652 406.011993304 16.9806895776 21.0750127247 3.59365516205 6.37938394244 2.81068117728 19.9289806058 2.84202639071 2.02531107936 2.08957393311 2.09475546664
-9999.0 -9999.0 -9999.0 -9999.0 -9999.0 -9999.0 -9999.0 -9999.0 -9999.0 -9999.0 -9999.0 -9999.0 -9999.0 -9999.0 -9999.0 -9999.0 -9999.0 -9999.0 -9999.0 -9999.0 -9999.0 -9999.0 -9999.0 16.2491003127 17.2274644697 19.584638245 174.262719248 189.616145974 234.633354618 11.896844173 169.744443109 188.612212297 7.97659193595 16.193600214 6.1720013916 1112.27955797 6.72495872148 17.9421071644 22.3192555465 26.5283696339 366.63378323 381.951339719 386.729621054 4.81479029696 9.00796301254 12.8112957875 2.40056797753 2.1964163959 1085.91082624 1088.11163091 1089.85805694 1108.2342611 1110.45498726 1113.19322196 1114.87942064
