data/baseflow/mHMbf_acc377.asc
ncols                  80
nrows                 72
xllcorner      4374000.0
yllcorner      5656000.0
cellsize            500
NODATA_value       -9999
[rows 25 to 49 of 72, columns 0 to 54 of 80]
-9999.0 -9999.0 -9999.0 -9999.0 -9999.0 -9999.0 -9999.0 -9999.0 -9999.0 -9999.0 -9999.0 -9999.0 32.2528856365 64.0534505098 30.1979628456 61.1428017089 28.3010421936 209.063459154 263.948174358 292.130246577 26.3453228194 50.8937265089 478.251447566 595.516025101 616.238631393 50.2101408767 48.1591305869 69.6204323861 15.7393238673 14.8155906938 28.2713816844 13.1719270793 724.346221084 738.144670125 753.288752279 5820.1434807 11331.6991632 11239.4394408 23.3994836339 9.88013532006 8.69586744891 32.5837269286 24.0814870077 62.4137632952 85.3307887744 171.67675394 15.2671682092 15.1969289053 140.119881335 154.051470957 301.04316099 311.067645877 332.359726424 341.565696356 8.00251410097
-9999.0 -9999.0 -9999.0 -9999.0 -9999.0 -9999.0 -9999.0 -9999.0 -9999.0 -9999.0 -9999.0 -9999.0 -9999.0 31.175140314 62.0758383102 92.9804565657 151.195026392 30.0279507411 28.0925130574 186.38707756 212.617624129 430.988791116 457.137650652 73.5817583488 26.2786323837 25.4724339335 23.5412974675 635.81287117 653.674887098 670.143923017 684.297034971 711.292930829 142.489173754 157.63757429 925.113897437 18082.1837916 79.1067255968 68.361288761 34.5359319913 8.65882750353 7.48357369366 50.2795005702 56.8309187652 77.4497153241 7.30212076798 180.394066959 25.9207961895 25.3803299598 6.34159741756 4.67579137113 4.16077688316 4.24191637344 4.23844340601 346.639054244 4846.73210085
-9999.0 -9999.0 -9999.0 -9999.0 -9999.0 -9999.0 -9999.0 -9999.0 -9999.0 -9999.0 -9999.0 -9999.0 -9999.0 -9999.0 30.3269731314 55.5751049395 78.3081546828 101.978641061 130.26915484 159.134971652 84.9676778966 140.538872397 26.2425543244 25.8142320842 514.282972183 564.643518775 588.389719939 614.305670628 20.998488372 38.8944391812 97.0622922001 114.275288843 129.193669673 16.5400840204 13.9277073671 18115.4041398 11.1757991765 19.0442822432 8.89940973495 31.4783523434 14.9261327367 8.13497395289 142.925416902 149.821652048 5.41399158883 186.365845379 217.259860124 30.4391890259 5043.47153735 5032.69498357 5022.9138008 5003.28544756 4995.2898336 4866.49597717 4861.58830512
-9999.0 -9999.0 -9999.0 -9999.0 -9999.0 -9999.0 -9999.0 -9999.0 -9999.0 -9999.0 -9999.0 -9999.0 -9999.0 -9999.0 5.14020449046 12.0962445184 22.610132891 195.061631219 224.646198067 29.7368742544 28.2986281412 27.8631332445 410.552203176 464.140522306 26.0197828721 26.6605710584 23.0133268439 93.5112048767 116.34043938 62.7950408851 78.3683336836 525.851006309 543.831457563 577.208745892 925.140891014 19046.5306321 10.7121489286 7.7699090695 46.2783521427 38.7568853784 6.83544624943 22.253942703 28.8983562766 157.524535754 163.787834769 396.131570053 221.493421693 33.9257744595 5158.09399315 54.7246307936 5014.00810921 5008.95708421 121.394819892 6.65287296874 10.7499456486
-9999.0 -9999.0 -9999.0 -9999.0 -9999.0 -9999.0 -9999.0 -9999.0 -9999.0 -9999.0 -9999.0 -9999.0 -9999.0 -9999.0 27.4904609128 44.4781980093 95.4788791892 167.38010766 245.309800569 300.63253325 329.059122106 357.466003065 385.045136418 26.4407281467 24.7497137654 48.7415121577 46.87334402 23.9151380404 454.89490791 477.248284467 498.214375522 517.950266804 298.719320729 316.929000641 333.56423551 19051.5488198 17.5322479172 20.7190416009 71.3533184336 6.48634880725 13.0481728455 6.65747310679 6.1034299768 34.7971198774 4.94690059946 5.36673024973 5583.57579444 5183.54599824 5178.23678396 22.0501063997 50.3348818872 32.7189753696 8.14736922267 109.78136025 31.7460051138
-9999.0 -9999.0 -9999.0 -9999.0 -9999.0 -9999.0 -9999.0 -9999.0 -9999.0 -9999.0 -9999.0 -9999.0 -9999.0 -9999.0 19.4612621935 17.9526082497 34.9897903348 53.8220266719 28.0960095279 30.6811891745 59.3725731304 87.7180586774 141.875745498 168.97457599 194.189776001 268.684402111 292.327705226 317.055253981 22.8289093347 227.055727824 247.271342116 266.241922189 15.7759209036 6.93632333585 12.3097629666 19378.4089562 19383.1032972 19410.8383388 88.570630543 12.7107536949 21.020066597 6.01998009861 10.7580782563 39.640031095 48.7449729008 9.6065181245 5607.69630014 7.82630285934 12.2513088056 13.5766468873 10.0419186483 18.4528355179 7.61155235661 70.2353712979 54.7023232219
-9999.0 -9999.0 -9999.0 -9999.0 -9999.0 -9999.0 -9999.0 -9999.0 -9999.0 -9999.0 -9999.0 -9999.0 -9999.0 -9999.0 -9999.0 16.9310973397 33.6870160888 17.031771165 35.5237757447 223.792024034 249.457920484 277.390204998 27.0409365768 27.1582608556 52.4215700652 77.8237531137 124.422410665 148.103196427 160.297195694 182.021246592 18.8919014092 17.7807148907 290.660503247 297.810696364 303.651224228 309.399976039 246.031006519 19680.425622 19805.4792779 19810.2019477 19835.3350591 19860.383429 19876.5641568 5.0032078697 52.960160008 5612.42587655 12.1895207537 6.29157881523 5.8520731608 5.13292831164 8.87291741426 8.98293862802 5.32307949811 8.05666298838 7.70835854369
-9999.0 -9999.0 -9999.0 -9999.0 -9999.0 -9999.0 -9999.0 -9999.0 -9999.0 -9999.0 -9999.0 -9999.0 -9999.0 -9999.0 -9999.0 -9999.0 50.1435293714 68.7913002692 123.538007864 167.630434938 24.4728833008 331.838509396 358.656707888 384.920827207 25.9670565402 51.1831561212 23.3797799579 171.76013965 182.916512103 201.918020534 222.50609361 271.342573248 278.134660293 4.19694544498 224.179923743 235.470919642 240.687677929 264.595127053 31.6216380734 20.7892239952 13.5488092958 12.8422179751 19893.0439611 19900.9992186 19990.301755 5617.10388324 31.0776664176 14.8647102209 9.7260453677 2.99986965589 27.7846557792 15.0524902478 4.57184023886 25.4084383904 21.6613119864
-9999.0 -9999.0 -9999.0 -9999.0 -9999.0 -9999.0 -9999.0 -9999.0 -9999.0 -9999.0 -9999.0 -9999.0 -9999.0 -9999.0 -9999.0 -9999.0 18.875603837 86.8799912921 106.123348662 25.9446964162 28.6786617884 57.4701887393 84.8114960893 496.560942662 25.8214743573 103.457415519 127.432263111 150.950152084 11.8660364694 29.4213473395 39.2495561777 182.566643541 204.076946299 208.869294038 5.67195029432 5.74641967759 7.16158439642 13.1590917962 5.63501325861 5.93212532619 11.4984133737 8.71102683189 11.3498359541 31.2515367091 19999.2114493 25637.4147777 38.3062579773 5.68152717172 2.91451154143 87.1603110945 80.463807014 47.8798522515 43.0242000023 32.2071906386 7.71220897447
-9999.0 -9999.0 -9999.0 -9999.0 -9999.0 -9999.0 -9999.0 -9999.0 -9999.0 -9999.0 -9999.0 -9999.0 -9999.0 -9999.0 -9999.0 15.5037953076 52.0121531065 17.4904728014 30.5045153916 32.0875814441 60.9335470947 89.1385902788 113.919462082 629.608387912 654.762153995 25.7191918642 49.7353063484 73.9294424505 89.7441409501 108.806875924 163.139087924 176.625019228 14.907920786 10.5207973391 8.72057870322 13.4465033754 11.9332378345 11.8574602205 9.58585539485 11.1552704244 40.2719886924 18.8033772112 7.49295493135 7.11649914 7.53207083207 14.0518552956 25896.8411716 216.008303422 100.897801984 6.70939581232 2.71601471689 2.5860741676 10.0550876666 7.27254272792 3.82930211944
-9999.0 -9999.0 -9999.0 -9999.0 -9999.0 -9999.0 -9999.0 -9999.0 -9999.0 -9999.0 -9999.0 -9999.0 -9999.0 -9999.0 16.419236637 31.4647121416 116.335301231 17.0270821866 56.5102849956 88.1561726634 117.790909653 30.0609478902 57.0407029811 80.0500220618 753.092508109 24.7193649795 47.7035253803 70.9607271087 21.4181110992 42.5198911733 56.5587753989 69.9728450682 1525.0732976 1547.99478344 1568.40651549 1668.43234973 1704.91608527 1781.52368547 17.9280561186 39.9169957452 50.2988449935 2008.74546818 2023.31595909 6.52647484158 11.9121894023 17.0236864935 25902.4708877 205.437899365 95.8865771677 92.595855065 69.8787462248 60.1262914422 13.3616606354 3.06669184538 6.23036236408
-9999.0 -9999.0 -9999.0 -9999.0 -9999.0 -9999.0 -9999.0 -9999.0 -9999.0 -9999.0 -9999.0 -9999.0 -9999.0 -9999.0 16.3940485727 49.9424274498 182.617707578 267.767109989 15.3394576084 354.745801319 491.225409882 28.5168592806 55.2959508811 79.6405524409 980.089840504 1000.01078006 22.228330103 115.723840346 136.487905267 154.599340272 1370.91489556 1416.57058973 1442.44266508 12.3766872905 70.6764239833 83.877391173 38.5977716708 55.6747884583 1858.77065998 1923.41377 1937.12641707 1950.22508907 2038.60675106 7.44708120313 6.22868821382 28.0529104122 25907.6345129 5.32632038911 6.80150776282 20.0290591424 7.4206225325 55.1896525801 42.5043075779 24.7952235558 18.1612316112
-9999.0 -9999.0 -9999.0 -9999.0 -9999.0 -9999.0 -9999.0 -9999.0 -9999.0 -9999.0 -9999.0 -9999.0 -9999.0 -9999.0 -9999.0 -9999.0 34.6159498678 69.5731018599 318.118607234 336.333303101 507.323560628 526.195689117 27.9649512949 55.8651477799 131.752437283 1017.46241149 1062.31879831 1082.11815016 16.7296181715 1153.95275086 1201.0401894 29.7191854551 12.5114516746 24.4247110251 47.6078735669 11.4094702315 23.1294219593 51.5787321457 64.8740593591 12.0209650036 8.13706742501 16.3542622602 2095.13249685 2112.62758387 2117.84292957 2159.67437322 25912.1858961 2.9634134419 4.47561380444 5.50929671406 5.13303573372 5.30377350387 4.30837513395 7.88007956386 2.00721244439
-9999.0 -9999.0 -9999.0 -9999.0 -9999.0 -9999.0 -9999.0 -9999.0 -9999.0 -9999.0 -9999.0 -9999.0 -9999.0 -9999.0 -9999.0 -9999.0 18.0101163113 17.6851552388 17.7397237419 37.6127884098 16.5843861479 559.028096312 576.292218078 25.6173454857 51.765012161 26.2503554353 22.6606742544 22.2284849737 1122.38528153 15.9195169021 31.9751529439 15.5080381998 12.9880773782 11.8113070018 9.4058880905 9.75416522319 29.2602291197 39.8549361493 7.67262987166 6.74103722798 14.3368264906 23.6515462306 29.8578861276 7.85846630122 2125.75759061 2164.93958317 25914.8996664 16.6106077324 11.1258763356 2.85527083163 7.15389594495 2.09313756307 1.41099041936 9.49919444919 10.7853108339
-9999.0 -9999.0 -9999.0 -9999.0 -9999.0 -9999.0 -9999.0 -9999.0 -9999.0 -9999.0 -9999.0 -9999.0 -9999.0 -9999.0 -9999.0 -9999.0 -9999.0 -9999.0 17.4869399438 53.9657976969 68.7875477006 84.7455725643 591.95740711 607.61425359 624.051267958 645.237780899 667.08132395 711.772214034 727.314218438 742.448683694 755.522798851 11.7909235734 10.9708924185 11.5500070558 40.8701579076 10.7103449103 10.0220568157 8.04125870435 23.0320180606 8.89633939356 6.71663119615 6.21696229588 5.20627891118 10.3871861865 14.734972485 2194.84011457 28129.6150552 2.36260184749 5.71760395872 2.18562476978 9.48742450061 4.7289594005 2.84272447656 28.329272536 17.3286499408
-9999.0 -9999.0 -9999.0 -9999.0 -9999.0 -9999.0 -9999.0 -9999.0 -9999.0 -9999.0 -9999.0 -9999.0 -9999.0 -9999.0 -9999.0 -9999.0 -9999.0 -9999.0 -9999.0 14.9717083282 116.289957836 233.021879872 250.267270739 24.4851737922 50.2121458116 76.4427876195 99.9144327281 248.500740459 261.51677552 12.5340510577 12.2433162941 779.843595137 801.459391485 811.553344737 48.96705088 7.69211709946 18.0246526064 26.494147708 77.6044917214 94.3952304401 107.2051419 11.7059073729 16.0646079557 5.27489543626 10.2836950187 5.20562123745 28138.7995712 2.22752323724 9.73658374681 5.19577796269 16.89879576 31.0351893625 35.01520677 64.4602948983 21.5691383673
-9999.0 -9999.0 -9999.0 -9999.0 -9999.0 -9999.0 -9999.0 -9999.0 -9999.0 -9999.0 -9999.0 -9999.0 -9999.0 -9999.0 -9999.0 -9999.0 -9999.0 -9999.0 16.3714130674 51.788655225 101.642951377 132.98522065 346.724545008 367.421870873 54.1423979699 80.3695895299 103.814707737 127.414920481 276.085733758 302.133501835 539.552767918 556.444684562 567.450527049 822.239162102 899.075109566 18.4395319731 11.3681733043 10.9718590438 20.8809810957 9.38683454761 124.586911389 130.665596975 21.0294519525 26.5665256212 5.25874520255 6068.13869303 6078.45572319 34223.3281956 34236.3110797 2.06509777228 21.4238119259 2.86231429691 2.59334785073 70.4850093176 94.333795874
-9999.0 -9999.0 -9999.0 -9999.0 -9999.0 -9999.0 -9999.0 -9999.0 -9999.0 -9999.0 -9999.0 -9999.0 -9999.0 -9999.0 -9999.0 -9999.0 -9999.0 -9999.0 -9999.0 18.4088431594 17.9642296154 34.3020091603 81.5714527421 383.063433835 27.652555386 27.3780776145 51.0232311409 74.9032307321 186.112630213 204.144628471 11.4844372111 11.3721094607 581.477150024 593.04816741 1501.8416418 1510.719536 6.70043249177 5.85987403613 4.64701947871 4.69665020118 4.7767413976 5961.19898146 5997.04408203 6029.45777599 6040.09491221 6062.972757 5.69738817198 20.8254357733 25.6719202459 34269.9929587 34271.4186891 34275.6866373 34280.5705836 34284.3086183 98.9399109284
-9999.0 -9999.0 -9999.0 -9999.0 -9999.0 -9999.0 -9999.0 -9999.0 -9999.0 -9999.0 -9999.0 -9999.0 -9999.0 -9999.0 -9999.0 -9999.0 -9999.0 -9999.0 -9999.0 -9999.0 16.7377264447 17.3794739237 32.3630516335 446.695786226 464.529865032 27.0350404338 50.6533685572 74.9064961908 94.6300401579 17.7824136297 32.9975060441 1149.8515062 1161.96016748 1172.1557097 1254.94365648 2775.09650875 5714.63604738 5729.99946868 5743.48053153 5756.32004465 5808.08643693 5824.60853839 29.8685953242 13.3770617446 7.80693695618 14.6562050141 10.3038430354 16.4452266237 5.01499948815 123.509821246 132.409287865 138.874186769 140.841962393 34286.4694217 34389.567516
-9999.0 -9999.0 -9999.0 -9999.0 -9999.0 -9999.0 -9999.0 -9999.0 -9999.0 -9999.0 -9999.0 -9999.0 -9999.0 -9999.0 -9999.0 -9999.0 -9999.0 -9999.0 -9999.0 -9999.0 -9999.0 17.10120013 32.7263124023 48.4354109073 477.967947355 20.545357866 666.969418536 692.14074311 710.50003727 727.063103665 1086.04172459 1102.26676238 13.132193043 62.4804561856 75.014235926 12.3434178076 2923.93478912 2901.84641247 6.85023023024 15.5476602884 40.9455510937 8.9171641689 9.11578297496 6.76896514068 5.51367458559 4.20149570688 4.83117578995 107.374400871 112.288982565 118.329816535 5.12141432737 3.95007769147 142.959343624 145.483929024 146.817362906
-9999.0 -9999.0 -9999.0 -9999.0 -9999.0 -9999.0 -9999.0 -9999.0 -9999.0 -9999.0 -9999.0 -9999.0 -9999.0 -9999.0 -9999.0 -9999.0 -9999.0 -9999.0 -9999.0 -9999.0 -9999.0 15.8372864153 14.7633002381 76.3831278051 586.315039568 622.858903694 643.3889628 25.7263000437 318.940186105 336.259188422 343.011654633 14.8776204444 29.1366148677 41.7977711981 690.496306876 700.127228344 708.2800876 2886.87243622 1711.58527784 8.5683949508 8.62050385744 8.29785683802 6.3275312988 66.816614425 79.4191098699 90.3691489362 96.3590405937 102.104718022 752.088075981 756.046276926 760.863802858 772.713826002 822.696970174 824.552458929 973.294705875
-9999.0 -9999.0 -9999.0 -9999.0 -9999.0 -9999.0 -9999.0 -9999.0 -9999.0 -9999.0 -9999.0 -9999.0 -9999.0 -9999.0 -9999.0 -9999.0 -9999.0 -9999.0 -9999.0 -9999.0 -9999.0 -9999.0 30.8566315474 46.8840330483 17.8770683456 28.0064368901 225.704243376 252.352031969 273.238151487 140.629376489 157.514831011 174.904863658 188.376584542 669.089134574 681.566829809 438.898370963 1157.41455311 1167.05554516 1704.42135242 17.6468158329 8.73247357398 6.15414639874 46.5775887242 54.3877540064 4.44656075018 4.09379515038 733.228132193 743.440041869 748.34787512 6.0288264653 8.66333429999 814.616688766 5.47717550211 15.6258944721 17.0200297542
-9999.0 -9999.0 -9999.0 -9999.0 -9999.0 -9999.0 -9999.0 -9999.0 -9999.0 -9999.0 -9999.0 -9999.0 -9999.0 -9999.0 -9999.0 -9999.0 -9999.0 -9999.0 -9999.0 -9999.0 -9999.0 -9999.0 15.3497152002 30.4369279287 130.261564364 148.794764312 172.194662376 101.259946438 123.446756874 17.8260412092 436.451440252 452.741240191 468.018930315 13.5526710657 415.398990336 428.190793157 9.84509916594 1657.99902925 19.9692628936 9.87716550419 25.4165325393 34.1769979535 6.4022956765 5.12391460508 679.898481291 723.962941302 730.131470867 6.30056298608 13.0432184241 16.3967193415 19.4824360124 38.214088539 5.55385797151 12.9388774629 2.34269803178
-9999.0 -9999.0 -9999.0 -9999.0 -9999.0 -9999.0 -9999.0 -9999.0 -9999.0 -9999.0 -9999.0 -9999.0 -9999.0 -9999.0 -9999.0 -9999.0 -9999.0 -9999.0 -9999.0 -9999.0 -9999.0 -9999.0 15.2712093591 48.0084376407 84.3796391314 21.8653945674 49.4516641796 76.5623167646 364.562631874 385.31074678 402.585000912 16.1690882041 329.413535625 377.074939781 390.960305599 11.3438401848 1616.52613393 1638.71299637 10.317622728 9.52793182892 18.5830425129 7.45547388049 645.766881738 658.596067498 665.978473577 28.368451938 34.7347617462 5.45648666629 9.52645435747 4.11027534011 28.5468504977 4.16971001276 3.31523014332 3.60569962706 3.66661624747
-9999.0 -9999.0 -9999.0 -9999.0 -9999.0 -9999.0 -9999.0 -9999.0 -9999.0 -9999.0 -9999.0 -9999.0 -9999.0 -9999.0 -9999.0 -9999.0 -9999.0 -9999.0 -9999.0 -9999.0 -9999.0 -9999.0 -9999.0 16.898413423 19.0354285815 25.5596516834 235.707857821 262.040795722 340.357202374 21.9554960957 260.969980618 298.720730431 16.4459379008 33.2727029578 13.0184397435 1581.98967361 13.1285920572 34.5981625547 42.7278182502 50.5085623146 597.309976338 624.810717693 633.136623503 8.34890074404 15.3025394707 21.5320685247 3.54146467338 3.15687650282 1512.02429732 1515.15513171 1517.61349306 1544.87610693 1548.06395514 1552.54093525 1555.24179836
