data/baseflow/mHMbf_acc259.asc
ncols                  80
nrows                 72
xllcorner      4374000.0
yllcorner      5656000.0
cellsize            500
NODATA_value       -9999
[rows 24 to 47 of 72, columns 0 to 54 of 80]
-9999.0 -9999.0 -9999.0 -9999.0 -9999.0 -9999.0 -9999.0 -9999.0 -9999.0 -9999.0 -9999.0 -9999.0 7.39451827998 19.6370036306 25.4464733013 43.3679571515 4.96186222713 10.0713729341 14.7175828138 58.0533731029 60.8636916662 61.8318799892 64.5881867112 68.3018953149 119.991085321 130.527197233 134.506759064 0.699727119187 9.3183699155 9.80928503489 224.086473717 225.927241919 226.782032043 227.705567476 228.611629443 952.445378221 2.53971931418 2178.28930516 1.06655938577 0.295831735629 14.4386654629 13.4986340605 1.38470805135 7.7097084479 11.5049364387 11.3244302311 7.74804487475 12.6853099729 20.0708583567 7.60730265997 19.2354273206 1.23529097993 2.03137634742 0.103119048577 0.0865276139877
-9999.0 -9999.0 -9999.0 -9999.0 -9999.0 -9999.0 -9999.0 -9999.0 -9999.0 -9999.0 -9999.0 -9999.0 6.54408207068 13.0534375508 5.97849571029 12.1150889191 5.02185783666 39.404051847 48.7302057743 53.6814950736 4.25477154485 7.61745919585 94.525691162 113.600412851 116.909163274 7.20526191812 6.66066384287 8.55579932501 0.390337219694 0.333900918847 0.619822774722 0.567697231526 201.696440295 202.659005396 203.306264021 956.282696456 2188.92827191 2178.68642878 0.403367201635 0.205126474122 0.182895523394 1.78237917486 1.62692955159 8.27007375651 13.045984116 26.843366347 2.46716472906 2.45260448375 21.6312180506 23.1783256846 45.6541682129 46.3798913504 48.5269605606 48.7248406242 0.180987638501
-9999.0 -9999.0 -9999.0 -9999.0 -9999.0 -9999.0 -9999.0 -9999.0 -9999.0 -9999.0 -9999.0 -9999.0 -9999.0 6.08494858599 12.1274495714 18.2704806818 28.8416725685 5.62770784604 4.86434601147 47.9356309405 52.1704707601 88.4565515663 92.8437107066 12.2650521305 3.88004320192 3.48128989696 3.19240647665 197.995631259 199.122319498 199.651975946 199.979329941 200.963107252 13.9217374754 15.1489371119 219.41590317 3366.88292336 6.14255322522 3.50936817619 0.972908196022 0.354695182132 0.190466695523 2.14259356088 2.26327800186 8.56085685984 0.144992814398 27.1345908714 3.26583010714 3.16402091488 0.156479909375 0.0922539719161 0.087002860362 0.337688081871 0.0956464733044 48.8462850758 636.829596304
-9999.0 -9999.0 -9999.0 -9999.0 -9999.0 -9999.0 -9999.0 -9999.0 -9999.0 -9999.0 -9999.0 -9999.0 -9999.0 -9999.0 5.55608922229 14.6927575849 23.8412952698 33.2414406446 38.2036247628 43.3655128451 14.6435819669 24.173829806 4.33472761625 4.10541854353 180.225320358 188.131303638 191.723050945 195.508580874 2.30273771162 3.6241668181 10.839925356 11.6128675782 12.5262573684 1.49573946345 1.86327381001 3375.13045714 2.8403375901 1.95405469321 0.945881653148 2.67826080072 1.25410104096 0.721732374984 11.3183081123 12.3915613152 0.391390071146 27.7135400601 31.0778812741 3.27170969774 649.694722737 649.422552563 649.199109138 648.306064315 647.594007115 639.470068843 638.525506269
-9999.0 -9999.0 -9999.0 -9999.0 -9999.0 -9999.0 -9999.0 -9999.0 -9999.0 -9999.0 -9999.0 -9999.0 -9999.0 -9999.0 3.70615819097 7.77226389201 9.62473509861 114.667900561 119.773564699 5.22647760979 4.95059910448 4.79910276048 163.539100749 172.386970533 4.20868225787 4.37560900354 3.42215951939 14.4011953663 17.9471124783 7.21278581488 8.95351675246 85.0938895813 86.9223356275 91.8236526301 142.445017404 3520.32581057 3.09943728595 0.790281640703 4.76057557053 3.73700323591 0.786421283784 2.32270730605 3.06645145337 13.2127721814 13.9533076899 46.3120421057 31.4793116468 3.63011766662 661.82398712 5.66434464935 648.940528894 648.646921628 7.45714234738 1.35896292761 0.348761358281
-9999.0 -9999.0 -9999.0 -9999.0 -9999.0 -9999.0 -9999.0 -9999.0 -9999.0 -9999.0 -9999.0 -9999.0 -9999.0 -9999.0 18.2904579005 30.4304041726 59.1915086141 107.119092368 130.188961132 144.768539902 149.771048755 154.769415545 159.480925459 4.28039352465 3.82331197607 7.4758706889 7.1214987994 3.80413699615 74.3851676957 77.8384565032 81.0320838365 83.972093638 42.6528411507 43.4902042807 47.6929480832 3522.64683204 6.01678697156 2.24931952017 7.81312337141 1.02449654257 2.2814412845 1.41720424254 0.684503888431 4.09535168223 0.566935850128 0.587061062936 711.603041178 664.818247126 664.193537717 2.44045599425 5.42272093935 3.06613395951 0.416700508227 4.63779466665 0.773034974022
-9999.0 -9999.0 -9999.0 -9999.0 -9999.0 -9999.0 -9999.0 -9999.0 -9999.0 -9999.0 -9999.0 -9999.0 -9999.0 -9999.0 12.6827785174 12.7199436595 25.3181009073 37.0035856575 7.10363576148 5.91538744158 11.0023275803 15.9433586508 25.1479835641 29.7157036081 33.7641287231 45.4312955087 49.0909823904 53.1436553093 3.60686899583 36.6897927115 39.2135029954 40.6214645383 0.618542066525 0.239169119662 0.707671484203 3572.65778008 3574.90423198 3584.67154982 11.1201732448 2.26772647625 3.27162202174 0.651197854005 1.26011512933 4.78353538202 5.86178740433 1.07458619468 714.686294632 1.23261071662 1.4153382035 1.45153922744 1.50515549221 2.12979949408 0.910697445022 3.72479839421 2.17158167385
-9999.0 -9999.0 -9999.0 -9999.0 -9999.0 -9999.0 -9999.0 -9999.0 -9999.0 -9999.0 -9999.0 -9999.0 -9999.0 -9999.0 -9999.0 12.5654232222 24.3150836512 10.685036399 21.6059425279 132.652222615 138.767186466 143.556087163 4.53596367261 4.59011447096 8.63026701849 12.7025904374 19.9287448721 23.6517477472 26.2021249811 29.609097822 2.62549587196 1.82039977144 43.7561324235 44.0945094326 45.2642662764 46.9480775414 46.2074617005 3638.12604036 3659.24139774 3660.4548836 3664.83346299 3669.19937706 3671.22545768 0.564241381267 6.39405420007 715.251303382 1.19782493031 0.615115013716 1.158638868 1.22304644296 1.91667261676 1.11055996716 0.657005885965 1.01573742069 0.689459026952
-9999.0 -9999.0 -9999.0 -9999.0 -9999.0 -9999.0 -9999.0 -9999.0 -9999.0 -9999.0 -9999.0 -9999.0 -9999.0 -9999.0 -9999.0 -9999.0 36.0813448437 46.9687179161 80.2102245932 101.100456356 9.64418409317 158.930234299 163.467184915 167.782200816 4.30087193229 8.41835820904 3.67855583423 28.3000839535 30.5899596373 33.8857166524 36.749080583 42.7619198673 43.3994794977 0.466458265642 38.5235597679 42.226258051 44.5112619371 51.23798538 8.02426436603 4.72046169293 2.31048389099 2.22172122759 3673.6576597 3674.712361 3686.46437389 715.863605568 3.93681560749 2.23359706928 1.63823498719 0.377309202045 4.25838066546 1.85344592661 0.579036778197 3.06793036308 2.58484538137
-9999.0 -9999.0 -9999.0 -9999.0 -9999.0 -9999.0 -9999.0 -9999.0 -9999.0 -9999.0 -9999.0 -9999.0 -9999.0 -9999.0 -9999.0 -9999.0 11.7280597855 58.4536561761 69.8657132149 9.62254350256 5.15211650362 10.4576955803 15.3214458457 187.679165757 4.31970210609 17.2662515235 21.1420488105 24.9095827761 2.38094110965 5.45539518379 6.51710409484 29.956872064 32.7095833006 34.4463064559 1.79270236669 1.52579112724 1.47074401485 2.69130687367 1.02821061899 1.10782560895 1.6310496387 1.52534144065 1.63004894489 4.58482118438 3687.62342822 4406.21822058 4.88859075454 1.2519119235 0.458501199538 12.0461329773 11.2092636135 6.25954237891 5.51304016681 3.91685647485 0.999874896281
-9999.0 -9999.0 -9999.0 -9999.0 -9999.0 -9999.0 -9999.0 -9999.0 -9999.0 -9999.0 -9999.0 -9999.0 -9999.0 -9999.0 -9999.0 11.0687136913 33.3846181926 10.727606785 7.7913320033 6.01545753788 11.3907853475 16.5413161354 22.5522378408 219.032542991 223.240766029 4.34141929419 8.28779342513 12.2898807116 15.221173024 17.5371617816 24.5247467688 28.2840932332 0.476087948528 1.22787757324 1.47441067656 1.63591409428 1.73784327169 1.86485861068 1.65620975497 2.14157774714 6.95137940826 3.36044688734 1.6260210117 1.62019580127 0.952726516455 1.71448222544 4455.63505667 43.2211021501 16.7258070066 3.27360083929 1.66817765725 0.835693866931 2.14663034534 1.19463183368 0.511420131678
-9999.0 -9999.0 -9999.0 -9999.0 -9999.0 -9999.0 -9999.0 -9999.0 -9999.0 -9999.0 -9999.0 -9999.0 -9999.0 -9999.0 11.7707339453 22.4860059299 77.598724233 10.431742283 17.3484887474 23.1347491158 28.4541208609 5.57378897869 10.3163866609 17.95809156 249.258537614 4.07608164651 7.75518826221 11.4958041177 3.44404041415 6.61650915074 7.03589475853 9.78751030551 374.878518501 377.47911841 380.302491143 392.15399195 397.342465778 407.065812357 2.41599575237 5.72366787226 8.19985061807 436.257041234 438.761266053 1.45077651463 2.05251463919 2.64777091577 4457.44018576 41.0713258629 19.8012492534 17.6888614796 15.8165363178 14.1683153991 2.81322001473 0.826398714025 1.14662476339
-9999.0 -9999.0 -9999.0 -9999.0 -9999.0 -9999.0 -9999.0 -9999.0 -9999.0 -9999.0 -9999.0 -9999.0 -9999.0 -9999.0 12.068554229 36.3451244436 125.879384507 188.15618913 9.59383341878 244.236463018 282.252169641 5.24329454112 10.0109057685 16.842835423 300.001220318 306.421395621 3.22384423497 17.9910182564 21.0094523958 23.1580751469 359.375704365 361.653541769 364.398019267 1.51487638323 8.58051265376 10.1984835197 4.39600008322 6.25278933125 415.969154196 424.447068621 425.903261781 427.26999269 440.32627302 0.757768331471 0.657199146985 3.93215862253 4459.09726415 2.31986864841 0.0401233812725 0.115661844569 0.0483502359668 11.7956998661 11.5743647901 7.12005049093 4.5694976749
-9999.0 -9999.0 -9999.0 -9999.0 -9999.0 -9999.0 -9999.0 -9999.0 -9999.0 -9999.0 -9999.0 -9999.0 -9999.0 -9999.0 -9999.0 -9999.0 25.5353904693 51.3528844572 222.724059256 234.660218907 292.897031242 302.781438636 5.14175334856 10.2823139838 25.4259643977 314.547000176 322.044118946 324.762979123 2.20997599008 333.404451977 335.463913641 1.5700693066 1.53807992989 2.95380567132 5.78807642954 1.40016333174 2.79591893333 6.1678399714 7.68051855439 1.48866392969 0.986672679794 1.93968780842 447.810281629 450.262582893 450.834945302 456.499274436 4460.47006521 1.90139732413 0.0199430898248 0.0257303676957 0.0240257249025 0.0253562644987 0.0209553950048 0.036917536419 1.05366704744
-9999.0 -9999.0 -9999.0 -9999.0 -9999.0 -9999.0 -9999.0 -9999.0 -9999.0 -9999.0 -9999.0 -9999.0 -9999.0 -9999.0 -9999.0 -9999.0 13.4006543022 13.0838908771 12.536135269 23.5623791359 10.3124463515 323.438668267 332.619985257 5.51341210753 10.1635625158 4.39065070237 3.52814928732 3.39063296097 329.568084059 0.49258650905 0.975517683781 1.13790733483 1.60162671161 1.4401710441 1.13466262228 1.1827256895 3.62046559902 4.96820725346 0.972506787933 0.867069599451 1.86352533412 3.10301324667 4.17908780077 1.22899136075 451.80443816 457.140543369 4461.6445997 4.03968262204 0.0566899629091 0.00981830283761 0.0310204568521 0.00731668233354 0.00573003779907 0.043631923027 4.60750459718
-9999.0 -9999.0 -9999.0 -9999.0 -9999.0 -9999.0 -9999.0 -9999.0 -9999.0 -9999.0 -9999.0 -9999.0 -9999.0 -9999.0 -9999.0 -9999.0 -9999.0 -9999.0 12.9743767232 35.2505705091 45.28533787 55.4475350104 342.551328749 352.284794652 361.310958515 368.797581613 372.067335134 378.822314688 379.420064312 379.819200325 380.490649215 1.37808008617 1.29797026883 1.38230300064 4.94708992627 1.32243760271 1.25770543083 0.985163949412 2.87545289288 1.15226887956 0.879448783811 0.81377434147 0.708253164851 1.41331420797 2.00783956487 461.213930249 4927.94137328 2.01721878588 3.33509545988 0.00599029726075 0.0401657750632 0.0189682504996 0.0115455433489 8.26742702312 7.61794732017
-9999.0 -9999.0 -9999.0 -9999.0 -9999.0 -9999.0 -9999.0 -9999.0 -9999.0 -9999.0 -9999.0 -9999.0 -9999.0 -9999.0 -9999.0 -9999.0 -9999.0 -9999.0 -9999.0 10.8270343634 86.4273096951 165.218089504 175.453712489 9.35869032866 14.992323499 19.7034220523 23.385074996 48.3860689753 49.7308684069 1.35117444647 1.31053342229 383.407565797 385.993139665 387.207319074 5.91333794765 0.894126011938 2.24345769432 3.28010170928 9.70107372219 11.8948587924 13.5979231872 1.55676799678 2.15561728331 0.721114255838 1.41511184419 0.721299252609 4929.37615706 1.63847956446 6.62125226561 1.23995741085 1.58816748009 8.29684429961 9.10448055686 18.2788931751 5.69307940152
-9999.0 -9999.0 -9999.0 -9999.0 -9999.0 -9999.0 -9999.0 -9999.0 -9999.0 -9999.0 -9999.0 -9999.0 -9999.0 -9999.0 -9999.0 -9999.0 -9999.0 -9999.0 12.1391343957 38.7089109317 75.7692200849 98.9695740788 246.785895464 256.63074341 9.94976494183 14.6325081323 18.5029094738 22.0266344663 50.5141319303 52.9922239687 85.6024719298 88.424949799 89.8740740106 388.446747406 397.622876052 2.17554241498 1.44290505414 1.37281606402 2.62199780513 1.19131999443 15.8679528783 16.6897861769 2.83459310151 3.80487347321 0.826631197486 1654.83640117 1656.32766055 6586.85856122 6595.75042184 1.86662683065 5.56309470339 2.32969409197 1.62674935601 20.3967093863 26.7057602942
-9999.0 -9999.0 -9999.0 -9999.0 -9999.0 -9999.0 -9999.0 -9999.0 -9999.0 -9999.0 -9999.0 -9999.0 -9999.0 -9999.0 -9999.0 -9999.0 -9999.0 -9999.0 -9999.0 13.8563214721 13.4906473895 25.4637822328 60.5996036435 267.383197046 5.14688465602 5.0784021799 8.99145530269 12.9270020874 27.9023881558 28.9753596014 0.875041914386 1.82574270046 91.6529592616 93.0293614821 492.059568531 493.337433858 0.815042366637 0.721154959988 0.602732334775 0.608664569406 0.634850579159 1638.99005686 1644.01716708 1648.87778779 1650.67404416 1653.92708214 0.803429460871 2.9258566785 3.52522111952 6601.27841018 6602.37106457 6604.39625581 6605.44058931 6606.33008006 27.4123244597
-9999.0 -9999.0 -9999.0 -9999.0 -9999.0 -9999.0 -9999.0 -9999.0 -9999.0 -9999.0 -9999.0 -9999.0 -9999.0 -9999.0 -9999.0 -9999.0 -9999.0 -9999.0 -9999.0 -9999.0 12.3417735839 12.9310801781 24.0715727937 314.372097466 323.906684697 4.96687191233 8.86659606891 12.8916685714 14.1708937962 0.927453975253 2.64290731482 584.679317609 586.127893968 587.799173264 599.271297092 1094.11340263 1606.64660104 1608.6124098 1610.39153967 1612.09443532 1619.1805514 1621.45026917 4.10924816257 1.84210504794 1.0884175474 2.03912358977 1.44504384016 2.31067707572 0.715912901463 16.5885263097 20.3365979143 23.9992398472 24.2640438069 6606.88448709 6635.17973309
-9999.0 -9999.0 -9999.0 -9999.0 -9999.0 -9999.0 -9999.0 -9999.0 -9999.0 -9999.0 -9999.0 -9999.0 -9999.0 -9999.0 -9999.0 -9999.0 -9999.0 -9999.0 -9999.0 -9999.0 -9999.0 12.5866028475 24.2188884904 35.9035338434 333.39946104 6.93040456972 439.382002472 443.551483651 444.472542835 446.235691441 577.671073707 579.978678359 1.64300485327 8.3254612653 10.0890956066 1.6087266546 510.580470718 507.65887396 0.915429688634 2.16172602154 5.60721823871 1.20915065365 1.25003883372 0.927834727569 0.759691987596 0.58279602085 0.673105688263 14.3601236835 15.0597940684 15.9187505409 2.9955066881 2.82413800385 25.9804119798 26.5140097692 26.6965839681
-9999.0 -9999.0 -9999.0 -9999.0 -9999.0 -9999.0 -9999.0 -9999.0 -9999.0 -9999.0 -9999.0 -9999.0 -9999.0 -9999.0 -9999.0 -9999.0 -9999.0 -9999.0 -9999.0 -9999.0 -9999.0 11.4753640377 10.8447316982 56.1444517514 410.793715204 428.009079766 435.514192635 4.00522806358 128.79672031 129.429235965 130.002880824 1.99456023456 3.74961798324 5.30910556728 120.586619583 121.811803581 122.882950648 505.679453064 324.849711296 1.22053847319 1.18434200457 1.11720690321 0.842160794362 8.75002101641 10.4848605624 11.9957376497 12.8279334031 13.6266199571 90.9222818905 91.4886399258 92.3224461411 94.2875602624 101.452973678 101.711344455 128.677871791
-9999.0 -9999.0 -9999.0 -9999.0 -9999.0 -9999.0 -9999.0 -9999.0 -9999.0 -9999.0 -9999.0 -9999.0 -9999.0 -9999.0 -9999.0 -9999.0 -9999.0 -9999.0 -9999.0 -9999.0 -9999.0 -9999.0 22.5597175127 34.4638512918 10.8155649653 5.10599035587 116.647720451 120.872079201 123.279710649 26.7556463651 27.2073689936 27.9306494559 29.4410146181 117.832544867 119.508688209 54.3142469174 178.529689675 179.76672883 323.900942875 2.33686906086 1.15408350844 0.804438168397 6.05727273107 7.0833311682 0.600223996531 0.557345320541 88.1855148439 89.6353140141 90.3889539453 0.936316673941 1.38669293179 100.32641641 0.69086658106 1.9478688619 2.1352164255
-9999.0 -9999.0 -9999.0 -9999.0 -9999.0 -9999.0 -9999.0 -9999.0 -9999.0 -9999.0 -9999.0 -9999.0 -9999.0 -9999.0 -9999.0 -9999.0 -9999.0 -9999.0 -9999.0 -9999.0 -9999.0 -9999.0 11.369440127 22.4737184083 90.1319494646 100.552535235 107.175746527 23.1736117448 26.2902808255 0.522666191985 85.721914402 86.183428334 86.7766573876 1.18992451101 51.2036267115 52.942725868 1.28392981878 317.763151486 2.6627980432 1.32029402489 3.27913732547 4.43745654574 0.835530979629 0.671115661593 80.9783985492 86.833120226 87.7306447352 0.860644468581 1.77381662423 2.24702455007 2.71576966069 5.40725666782 0.705020022728 1.60467581029 0.314377045707
