data/baseflow/mHMbf_acc571.asc
ncols                  80
nrows                 72
xllcorner      4374000.0
yllcorner      5656000.0
cellsize            500
NODATA_value       -9999
[rows 25 to 49 of 72, columns 0 to 54 of 80]
-9999.0 -9999.0 -9999.0 -9999.0 -9999.0 -9999.0 -9999.0 -9999.0 -9999.0 -9999.0 -9999.0 -9999.0 26.6887478605 52.7452207198 24.1291995054 48.6337911993 21.1816554738 163.05079026 203.569107673 224.536305881 18.9403568254 35.3743632831 358.153360169 438.242482765 451.81452891 33.9306552682 29.6325992474 42.0165524054 7.3963674941 6.53111275033 12.2071080536 6.05124043628 546.685058742 553.171736013 559.803357851 4175.28639007 8864.10925824 8815.31934863 8.51677756324 4.02141763108 3.50875724 14.2630566651 11.2689512473 38.5492629423 57.0569846508 115.90489362 10.1293125091 10.0691373985 94.6946937175 102.921257703 201.433505826 206.937941005 217.96092408 221.859848398 3.62838143646
-9999.0 -9999.0 -9999.0 -9999.0 -9999.0 -9999.0 -9999.0 -9999.0 -9999.0 -9999.0 -9999.0 -9999.0 -9999.0 24.6947956453 49.3611239036 74.2451544642 118.736984719 23.2578867555 20.8027001288 153.680061187 172.372953749 327.843418148 346.441657816 51.6361436048 17.7748485638 16.6590232839 15.0776579684 506.873335619 515.819746169 523.220746675 529.037915839 540.804590288 75.9736152584 83.5404609896 650.893012377 13694.429847 37.7691704214 30.61616238 13.6930956789 3.7020573805 2.86581659875 21.2154292499 23.6006488357 43.9771152353 2.61401499913 119.3574455 15.4788653774 15.0400208863 2.49945332949 1.77763769176 1.72777840828 2.4042909057 1.88461537629 223.804191854 3068.00875677
-9999.0 -9999.0 -9999.0 -9999.0 -9999.0 -9999.0 -9999.0 -9999.0 -9999.0 -9999.0 -9999.0 -9999.0 -9999.0 -9999.0 24.2341257477 48.1108764989 69.6451012099 91.4111581658 112.223447036 133.738400921 60.5787225902 100.836887691 18.2283054982 17.6478665231 427.110064038 460.785413357 476.480987321 493.708321374 12.3385904051 21.5597758173 54.9544797247 62.1039641211 68.9494863275 8.68453012994 8.10015290167 13716.733588 7.55718264957 11.0113889966 5.48192440037 14.8847746498 6.81422423972 4.52766622223 71.787922361 76.3126712962 2.82266838458 122.808991356 140.453464475 17.1786734746 3173.42947823 3169.00008764 3165.09869227 3155.408933 3150.77092586 3079.22890045 3075.74732045
-9999.0 -9999.0 -9999.0 -9999.0 -9999.0 -9999.0 -9999.0 -9999.0 -9999.0 -9999.0 -9999.0 -9999.0 -9999.0 -9999.0 5.5035489661 12.4865763777 21.3422933271 193.017133179 213.854581898 21.2078819415 20.1968533318 19.7722385686 355.385082839 393.150686793 18.0412948342 18.0824082897 14.4435271308 58.1847474068 72.1336102141 36.3135658975 44.4818707435 338.176494176 347.518280191 368.156444737 571.311916945 14293.2239834 8.09197241585 4.65295019558 22.8121078951 18.7428413714 3.64075036259 12.1911465872 16.104125203 80.7996891729 84.6827591374 232.528805316 141.952970573 18.5975180076 3242.71075529 34.5279893143 3161.18186685 3158.4903538 67.4386657428 3.0365272249 4.31668880403
-9999.0 -9999.0 -9999.0 -9999.0 -9999.0 -9999.0 -9999.0 -9999.0 -9999.0 -9999.0 -9999.0 -9999.0 -9999.0 -9999.0 28.501877555 46.6204094349 96.9540129266 169.917471047 233.609113432 278.600496 298.40487892 318.676699504 338.050606808 18.4762761887 16.4117071373 31.8581104561 29.4771594399 14.8821652983 295.9042026 309.425171172 322.005987807 333.754185123 173.535941079 181.104224559 193.500274808 14297.6490644 14.0030908561 14.1162964726 39.5202901821 3.47346144468 8.66154949119 4.75510910874 3.57296407603 20.1419605345 3.02318361858 3.24482626382 3494.39177537 3259.38200367 3256.00344994 14.3237243046 32.17324416 20.0819712044 4.17276378207 60.2742964007 15.7668277093
-9999.0 -9999.0 -9999.0 -9999.0 -9999.0 -9999.0 -9999.0 -9999.0 -9999.0 -9999.0 -9999.0 -9999.0 -9999.0 -9999.0 19.8898538217 18.451327821 35.9988690065 54.9835221524 22.6261266304 22.3638929166 42.6306546689 62.2759454716 98.2183972812 116.280670874 132.519511614 181.101509877 195.665594356 210.978380224 13.2462255808 140.00033092 150.902693369 159.606923747 5.94529948695 2.16500971023 4.3772046251 14486.0782735 14490.2800566 14513.0706713 49.5621240261 7.20133220837 13.883222542 3.96087816069 6.35103726657 23.1921371301 28.7696071707 5.83553250606 3509.91201937 5.46733606079 8.07501773394 8.75581899731 7.22268252459 12.3059086898 5.10811978154 41.293206429 31.1846798796
-9999.0 -9999.0 -9999.0 -9999.0 -9999.0 -9999.0 -9999.0 -9999.0 -9999.0 -9999.0 -9999.0 -9999.0 -9999.0 -9999.0 -9999.0 17.3915564093 34.3739359388 17.1184162653 35.1838941052 219.50327957 238.987238532 258.010760782 18.2200073164 18.0964624028 34.3209376084 50.5038149033 78.8879303012 93.1765293495 101.22376407 113.717563452 10.4220755317 8.36941711029 168.987798687 172.002345938 175.463096195 179.552458629 145.928137903 14675.8086613 14750.6698489 14753.6463936 14770.0965758 14785.2708601 14795.0937273 2.97429980941 31.3985663368 3512.85090174 7.49659032831 3.85718026992 4.65943765168 4.28103810362 7.18440066813 6.12682539474 3.63666777263 5.64373306768 5.04366121575
-9999.0 -9999.0 -9999.0 -9999.0 -9999.0 -9999.0 -9999.0 -9999.0 -9999.0 -9999.0 -9999.0 -9999.0 -9999.0 -9999.0 -9999.0 -9999.0 51.0035165426 69.2908979365 123.646478003 164.855594558 22.0119686735 300.717389286 318.422709868 335.508726 16.5163036671 32.3506169797 14.19939601 107.079462464 113.901063707 125.008027557 136.187046241 161.312833473 165.150123176 2.36794166723 129.28314615 137.532251571 141.966986824 158.405250881 21.2256360102 13.531973914 7.97340310442 7.40531987958 14805.733126 14811.0219227 14864.6186844 3515.95423108 20.837725167 10.5743285328 7.27378699444 2.03382304707 20.1344500438 10.2657828588 3.23056898213 17.8883162821 15.2205759398
-9999.0 -9999.0 -9999.0 -9999.0 -9999.0 -9999.0 -9999.0 -9999.0 -9999.0 -9999.0 -9999.0 -9999.0 -9999.0 -9999.0 -9999.0 -9999.0 18.6256492687 87.5138560643 106.696638329 23.1683746689 19.3141584696 38.8498495745 56.3508595008 409.261549507 16.2504366409 65.5008103263 80.1866744271 94.554207605 7.48488378553 17.5802277176 22.0607822114 105.160866769 114.782292883 118.650587806 4.22547536576 3.79300312061 4.30273902026 7.89861323199 3.2280238714 3.39078922067 5.94096671894 4.55973490255 5.63447845563 18.7016633996 14870.2218525 18399.8980378 27.0192066977 4.19279453755 2.42228864668 62.2940932818 57.7618011589 34.1582169766 30.578852701 22.6476927672 5.60360013319
-9999.0 -9999.0 -9999.0 -9999.0 -9999.0 -9999.0 -9999.0 -9999.0 -9999.0 -9999.0 -9999.0 -9999.0 -9999.0 -9999.0 -9999.0 15.4163332632 51.0551789822 17.0061988975 23.0763400179 21.503988943 41.1750749743 60.2880081619 78.6511080414 504.952062391 520.477223671 15.98278343 30.6306267232 45.3703289454 54.8254481352 64.5783500467 91.3209332742 101.040868613 4.53206910786 5.0059159383 4.06659440935 5.41288211967 6.11428706717 6.38326532916 5.54639681094 6.34351997965 23.8373272931 10.6409050211 5.70138769726 5.52192365681 4.89279837984 9.06889389094 18592.6476135 162.698796212 75.5473467452 6.92523172491 3.05012609793 2.47064196642 8.44365927282 5.72464662533 2.85202814216
-9999.0 -9999.0 -9999.0 -9999.0 -9999.0 -9999.0 -9999.0 -9999.0 -9999.0 -9999.0 -9999.0 -9999.0 -9999.0 -9999.0 16.0090116858 31.3232603191 114.815171643 16.7555945813 45.33495198 66.1758123583 85.3376941124 19.8667078544 37.1343689822 55.9046912611 592.333479565 15.1177083936 28.906526098 42.7159721339 12.1910939535 23.8389328139 27.9490376899 36.4523373808 1043.46736687 1054.69897114 1065.16387741 1120.31332152 1136.74578416 1177.93380858 12.7008751038 26.0478387312 29.725888568 1309.02180183 1319.2583474 5.08836069521 8.53330808474 11.8665251984 18596.4862692 155.942116132 69.8212394439 66.0714573735 55.2637410065 49.0915896564 11.2194015048 2.80376650112 5.08396586939
-9999.0 -9999.0 -9999.0 -9999.0 -9999.0 -9999.0 -9999.0 -9999.0 -9999.0 -9999.0 -9999.0 -9999.0 -9999.0 -9999.0 16.267225285 49.4853051767 180.58339467 266.994400404 15.0962063375 353.15078965 455.598840754 18.4392936707 35.2657699768 53.7896317415 746.192951373 762.077618188 13.3079539113 69.4456230391 81.1715226354 90.1116204655 970.782652539 988.762988017 1002.39516077 6.88759836617 38.7051063068 46.3240649585 20.9968196339 30.2831886673 1220.05254789 1259.75561479 1267.49388778 1274.81788435 1328.21170613 4.36423924564 3.90177433614 19.0993753243 18601.3668807 6.63072571092 2.17515367709 7.75177902697 3.44927002881 43.9133560974 38.0387265015 22.510186965 15.8994121766
-9999.0 -9999.0 -9999.0 -9999.0 -9999.0 -9999.0 -9999.0 -9999.0 -9999.0 -9999.0 -9999.0 -9999.0 -9999.0 -9999.0 -9999.0 -9999.0 34.9960886402 70.7732858898 317.671996142 335.96519583 471.630030486 489.066388519 17.9748941828 35.9291530269 85.6806960857 777.76831016 806.506881907 818.350259174 9.63116924341 857.6739188 875.37474634 12.135217804 6.92121873486 13.1973364169 25.8681597083 6.33327794453 12.823795481 28.1898601303 35.6324230227 6.95836841497 4.74933975468 9.4764106111 1361.2152882 1371.33578944 1374.6966526 1402.90810038 18605.664814 4.76042243631 1.32275495737 2.16642136348 2.1349772666 2.22404285111 1.91440102271 3.43291111672 2.25330935663
-9999.0 -9999.0 -9999.0 -9999.0 -9999.0 -9999.0 -9999.0 -9999.0 -9999.0 -9999.0 -9999.0 -9999.0 -9999.0 -9999.0 -9999.0 -9999.0 18.4299333592 18.0532045349 17.9464273396 36.8625878048 16.3731668311 521.48785157 537.323115801 17.2720281518 33.5082187951 16.6924139885 14.0947756498 13.7153367955 840.353154052 5.4117805 11.1334034784 7.00253803991 7.07460679625 6.36481981085 5.04593844361 5.25437223844 16.1638956732 22.1713788281 4.40490077421 3.87644151142 8.47238836678 14.1665246022 17.5016468694 4.47006025769 1379.81761531 1406.53902397 18608.7776092 11.5806615612 3.46012314907 0.923705195906 2.80057839123 0.696439097776 0.507678477139 4.03332384347 11.2014196521
-9999.0 -9999.0 -9999.0 -9999.0 -9999.0 -9999.0 -9999.0 -9999.0 -9999.0 -9999.0 -9999.0 -9999.0 -9999.0 -9999.0 -9999.0 -9999.0 -9999.0 -9999.0 17.8189585244 53.3359543458 68.1608814715 83.9937318869 552.581713788 567.53026518 582.709194527 600.133505468 613.489831185 640.95400078 646.499679918 651.333031837 656.246774244 6.16153544979 5.7942300365 6.15704521645 21.9819696774 5.85146495883 5.62314667534 4.42580129297 13.0118407641 5.16359608919 4.05559284379 3.74801044883 3.16856296928 6.32275055739 9.20504451643 1425.84578735 20049.559584 3.21976723214 6.87492603035 0.622986463239 3.47434132051 1.49917574143 1.02398063902 23.7638418634 18.0960406274
-9999.0 -9999.0 -9999.0 -9999.0 -9999.0 -9999.0 -9999.0 -9999.0 -9999.0 -9999.0 -9999.0 -9999.0 -9999.0 -9999.0 -9999.0 -9999.0 -9999.0 -9999.0 -9999.0 15.0255248248 118.190977388 234.652228817 251.39737494 20.5649900568 37.8576505786 53.9015177762 67.4861839674 156.585285639 162.965016584 6.25196914523 6.09532730004 668.748207345 680.114240643 685.415702444 26.2553550307 3.994013905 10.0499008033 14.6812708587 43.6945799852 53.4566521129 61.2540082683 7.11944034003 9.95877047065 3.42638036346 6.8157079557 3.5689434136 20056.2989454 3.07719984109 12.672131053 4.13706364752 9.4440759642 26.6112140937 29.1154662158 54.390222595 18.3243166348
-9999.0 -9999.0 -9999.0 -9999.0 -9999.0 -9999.0 -9999.0 -9999.0 -9999.0 -9999.0 -9999.0 -9999.0 -9999.0 -9999.0 -9999.0 -9999.0 -9999.0 -9999.0 16.6184288396 52.7654569602 103.430971576 135.268510631 349.229918937 367.6940939 33.3899966049 49.5708771823 63.3429095697 76.8464858239 168.520599899 180.834810921 306.028890635 314.841778423 320.294560471 690.940531181 731.785498579 9.71244469599 6.42175923786 6.1414649486 11.8528249228 5.40605404017 71.5687863025 75.3019191488 13.2148033087 16.4229808386 3.87772995268 4040.76928082 4048.8146601 24110.1176858 24127.267847 3.08001413215 15.7817850926 7.52244696225 5.72088728551 64.0491667465 85.0903367378
-9999.0 -9999.0 -9999.0 -9999.0 -9999.0 -9999.0 -9999.0 -9999.0 -9999.0 -9999.0 -9999.0 -9999.0 -9999.0 -9999.0 -9999.0 -9999.0 -9999.0 -9999.0 -9999.0 18.8043116463 18.3115747966 34.7745809465 82.78387743 382.980476369 17.0754866716 16.8599872323 30.9736824647 44.9062078724 103.180614137 110.188472488 4.5038798476 6.06143308629 327.693643578 333.791902675 1070.66728612 1075.369424 3.6814182612 3.26072568144 2.78060329728 2.80824047922 3.01368118429 3972.25680751 3995.65018094 4015.22603328 4022.19728069 4037.49117389 4.22672129006 15.6470149839 19.5658843182 24154.6904506 24157.0664936 24159.1061035 24162.1153935 24164.8872725 89.4485650434
-9999.0 -9999.0 -9999.0 -9999.0 -9999.0 -9999.0 -9999.0 -9999.0 -9999.0 -9999.0 -9999.0 -9999.0 -9999.0 -9999.0 -9999.0 -9999.0 -9999.0 -9999.0 -9999.0 -9999.0 16.9184666499 17.6428240164 32.8702743479 447.26571318 463.622373118 16.5450634576 30.5261484655 44.753318421 52.465848369 6.18534060081 13.2679962864 966.3923468 972.479338024 977.501922002 1020.60777984 2100.67766591 3826.16858971 3834.78455261 3842.74876222 3850.35517935 3882.74536575 3893.17145314 20.0397432304 9.04766079554 5.43876798543 10.2322733544 7.81554886061 12.3506514949 3.91778516204 87.3968049513 99.9698614407 109.447820987 111.299477599 24166.8080043 24259.6417405
-9999.0 -9999.0 -9999.0 -9999.0 -9999.0 -9999.0 -9999.0 -9999.0 -9999.0 -9999.0 -9999.0 -9999.0 -9999.0 -9999.0 -9999.0 -9999.0 -9999.0 -9999.0 -9999.0 -9999.0 -9999.0 17.2766233285 33.1682448194 49.1215015907 476.849513223 16.42574228 648.073134908 662.808050643 668.792758039 675.907820745 937.319538742 945.60295179 6.74537659049 32.3977736281 39.185830762 6.91397614173 1716.86147184 1704.33176636 4.12317792424 9.45563767341 25.5650967524 5.64424262902 6.10402335503 4.63944603238 4.0443503785 3.14266504466 3.74753490225 74.5412118829 78.5080385799 83.2691660686 8.71880342331 6.3433490784 114.775306425 117.670746167 119.03772925
-9999.0 -9999.0 -9999.0 -9999.0 -9999.0 -9999.0 -9999.0 -9999.0 -9999.0 -9999.0 -9999.0 -9999.0 -9999.0 -9999.0 -9999.0 -9999.0 -9999.0 -9999.0 -9999.0 -9999.0 -9999.0 15.8543198907 14.9188064073 77.305860572 585.372283535 617.293128853 634.287825484 15.2556447234 247.472416181 252.696201019 255.285412382 7.43752938489 15.0779331551 21.8532760605 400.717353697 405.988958559 410.63252938 1695.52096544 1049.27246228 5.27505439053 5.49102786491 5.25169929575 4.27520490428 44.38796254 53.5194935343 61.5243116134 66.0855313192 70.4792384953 431.806636525 435.052143917 438.403481091 445.800653099 486.886752934 488.74049155 609.753969614
-9999.0 -9999.0 -9999.0 -9999.0 -9999.0 -9999.0 -9999.0 -9999.0 -9999.0 -9999.0 -9999.0 -9999.0 -9999.0 -9999.0 -9999.0 -9999.0 -9999.0 -9999.0 -9999.0 -9999.0 -9999.0 -9999.0 31.114288166 47.4965342251 17.1622528916 16.880845629 197.182008886 213.085621632 223.898009651 85.189403618 89.972221612 95.7459921951 102.64154601 388.816763979 395.946248294 219.15728761 635.791440855 641.441473225 1044.86649101 11.1684133234 5.65096687231 4.08922527777 30.58361287 35.9406935776 3.45453818294 3.22253720892 415.966865493 424.344056058 428.706375463 3.61442212638 5.27651927466 479.961774741 4.04446605904 16.3547303632 17.8934706885
-9999.0 -9999.0 -9999.0 -9999.0 -9999.0 -9999.0 -9999.0 -9999.0 -9999.0 -9999.0 -9999.0 -9999.0 -9999.0 -9999.0 -9999.0 -9999.0 -9999.0 -9999.0 -9999.0 -9999.0 -9999.0 -9999.0 15.6273681305 30.9570865677 130.330203142 147.660786388 165.141485719 67.6912614468 80.1454275926 5.60703781852 269.002174033 274.007390361 279.272317332 6.34138801227 205.85970187 213.217396821 5.71029465886 1015.88434343 12.2946962343 6.05543216551 16.4448696741 22.1141292988 4.47650878015 3.67405891582 374.554383958 408.228310515 413.251813597 4.93973793522 11.1668125483 13.9711653509 16.7318023761 31.9063049874 5.95450884445 13.521776994 2.52078352427
-9999.0 -9999.0 -9999.0 -9999.0 -9999.0 -9999.0 -9999.0 -9999.0 -9999.0 -9999.0 -9999.0 -9999.0 -9999.0 -9999.0 -9999.0 -9999.0 -9999.0 -9999.0 -9999.0 -9999.0 -9999.0 -9999.0 15.5375134382 48.8647246352 84.2697042903 19.1223995707 35.6725941266 52.6238520856 245.603753554 253.314043418 258.536353567 4.60428430195 172.250604195 187.396942923 193.470302243 3.95762248028 991.111351582 1004.66275401 6.44290390959 5.94220412479 11.9470665075 5.02398262784 349.407660101 358.562860112 364.076207872 21.0568635135 26.215871218 4.53033984932 8.14318903952 3.64534334674 24.7835122206 3.78229267009 3.53957679576 3.81627720168 3.87345877188
-9999.0 -9999.0 -9999.0 -9999.0 -9999.0 -9999.0 -9999.0 -9999.0 -9999.0 -9999.0 -9999.0 -9999.0 -9999.0 -9999.0 -9999.0 -9999.0 -9999.0 -9999.0 -9999.0 -9999.0 -9999.0 -9999.0 -9999.0 17.1500984886 18.3944465837 19.8981556646 166.855221314 183.243577824 231.25409102 9.87714842213 152.082823916 163.548885472 5.11039659138 10.7586375786 4.10813524613 976.567637936 5.33101996623 16.371083649 21.1544632118 25.6531731615 318.254678563 334.624749121 340.496660007 5.88022311187 11.1092153028 15.8695398118 3.07905640012 2.79735201479 974.271800225 977.138953407 979.452711755 1004.1240695 1007.18163399 1011.607888 1014.64435984
