data/baseflow/mHMbf_acc469.asc
ncols                  80
nrows                 72
xllcorner      4374000.0
yllcorner      5656000.0
cellsize            500
NODATA_value       -9999
[rows 25 to 49 of 72, columns 0 to 54 of 80]
-9999.0 -9999.0 -9999.0 -9999.0 -9999.0 -9999.0 -9999.0 -9999.0 -9999.0 -9999.0 -9999.0 -9999.0 32.9215001745 65.1306678959 30.2823576326 60.8885149844 28.3529251347 211.201700174 267.325088304 295.647511881 26.680594766 51.9128369364 483.24867508 605.77802605 630.463623619 54.5737496813 57.249442015 85.55628563 22.3742287498 21.2951179385 40.7702255811 17.4499784912 750.299918196 767.959408165 790.010201635 6320.11878301 12345.6296432 12214.8285322 36.8079301449 14.9511643779 13.5913498094 51.8773682594 37.5706928236 80.0253223016 105.935175133 211.781144948 19.507754959 19.5262083385 180.004572858 199.345336393 392.056195727 407.479012111 445.029865452 462.488831136 16.411996111
-9999.0 -9999.0 -9999.0 -9999.0 -9999.0 -9999.0 -9999.0 -9999.0 -9999.0 -9999.0 -9999.0 -9999.0 -9999.0 31.6571557714 62.9411483752 94.1358402936 152.543004344 30.6942590843 28.7813599086 184.733391035 211.567999421 433.389387696 459.600976042 74.5115333026 27.2100159564 27.0877022699 27.8434958849 629.09609988 651.925259523 674.924713476 695.331974717 732.263950822 171.918368852 189.780476992 1002.38567787 19674.7621493 113.502096774 98.3562906417 51.9984522823 12.2715412186 11.6931068151 79.4557316016 90.3058050055 106.821574301 13.6292394791 227.862135809 36.8846530544 36.6126563442 12.8259372385 9.41289233319 8.11401799327 6.74617884376 8.20686785387 470.702648885 6437.60152275
-9999.0 -9999.0 -9999.0 -9999.0 -9999.0 -9999.0 -9999.0 -9999.0 -9999.0 -9999.0 -9999.0 -9999.0 -9999.0 -9999.0 31.0007652772 55.5731335351 76.8485967667 98.5650372056 127.290688208 156.628444204 86.5825214958 142.898056313 26.3124323855 25.8411095305 501.126679432 552.738544038 577.340314905 604.404593216 24.5588143249 46.6757567244 112.679260541 136.506093 155.815911688 19.6200501007 14.4209166051 19714.1996758 15.2565665806 26.1175751517 14.1925331161 46.8418057175 22.2003339076 12.6748891169 209.095526761 217.271678729 7.78198895786 235.944140863 284.323316677 49.7814682067 6797.24946517 6775.03289573 6756.40302072 6721.69490272 6708.91750389 6480.31489296 6472.37744116
-9999.0 -9999.0 -9999.0 -9999.0 -9999.0 -9999.0 -9999.0 -9999.0 -9999.0 -9999.0 -9999.0 -9999.0 -9999.0 -9999.0 5.02352671225 11.7236084822 21.5714172181 180.417630492 210.359253734 29.9666558515 29.2172083022 28.3874637136 394.959600373 449.518403832 26.6218560807 27.1274296877 24.0667359475 96.8943563522 120.708235292 71.7172250494 90.7013146546 549.01499584 569.94286483 605.582478203 987.667713007 20709.2981016 14.6895122011 11.8770520914 69.3390543908 58.2151621888 8.2522504816 29.8945147461 38.6230433547 227.17993451 235.48361745 540.074043723 289.108137375 56.5651288542 6979.37230566 85.7588837687 6739.72160975 6731.09337444 215.608890555 6.53578533057 28.737380498
-9999.0 -9999.0 -9999.0 -9999.0 -9999.0 -9999.0 -9999.0 -9999.0 -9999.0 -9999.0 -9999.0 -9999.0 -9999.0 -9999.0 25.7399518336 42.0501216097 89.6724631247 154.232046299 229.157665194 283.286261599 311.906456906 340.757737755 368.679435427 27.091279587 25.8987711961 51.1306828236 48.6571149542 24.6627268632 470.761837084 494.183433305 516.547228061 537.804627611 325.695383656 349.769256615 368.676945093 20715.6214155 23.3637096107 33.6999824493 109.794997341 10.4524260978 15.5802304389 7.62722640389 8.15659977315 45.9195771292 6.79372344194 7.34539028447 7560.86255385 7014.9361665 7007.36702878 30.9601040783 76.3899704447 51.4360236654 14.2153969881 202.650971489 63.431854024
-9999.0 -9999.0 -9999.0 -9999.0 -9999.0 -9999.0 -9999.0 -9999.0 -9999.0 -9999.0 -9999.0 -9999.0 -9999.0 -9999.0 17.9482503096 16.1341858995 31.3128153971 48.4887850472 28.3812317136 31.3781880628 60.6686289246 89.9008263143 145.545203822 173.163241729 199.447779818 277.32712086 301.895767175 327.244886727 24.1795626368 239.343421016 261.801839311 284.136085689 20.9359204997 14.2993477393 24.254221915 21104.0954272 21110.2812918 21147.4807135 137.254816484 20.4449537439 30.5376171268 9.76885246047 14.688111227 52.480303527 65.3659261273 13.4569166997 7594.22724309 10.4019266124 17.3779329247 19.603168351 14.0793696644 27.2259113094 11.5214025633 123.038452899 99.6950459643
-9999.0 -9999.0 -9999.0 -9999.0 -9999.0 -9999.0 -9999.0 -9999.0 -9999.0 -9999.0 -9999.0 -9999.0 -9999.0 -9999.0 -9999.0 14.8991818444 29.6279796548 15.5606624388 32.7698738012 204.035231625 229.668711474 258.806511141 27.8529015377 27.815677863 54.1508967034 80.38653327 129.235395481 153.599156992 168.055215267 191.813666094 21.3379242895 21.2654545577 328.585686167 341.698817513 350.140295459 357.636287823 290.082013892 21469.3619521 21658.768927 21666.5160989 21704.212185 21744.3743246 21766.9387092 7.08938158978 71.6151550669 7601.25077969 19.3953498757 9.99976269521 8.39493354373 6.97010589611 12.5886118486 14.2383334043 8.26036328488 11.411841293 11.8401135067
-9999.0 -9999.0 -9999.0 -9999.0 -9999.0 -9999.0 -9999.0 -9999.0 -9999.0 -9999.0 -9999.0 -9999.0 -9999.0 -9999.0 -9999.0 -9999.0 43.9944723365 60.6038709004 110.048341029 151.326501926 23.4357470437 312.301212057 339.945739211 367.561264557 27.2488954518 53.7558448961 24.6624226737 180.486461566 194.105525797 215.905953991 240.539743787 299.156670892 309.267673018 6.35160326113 261.993291736 276.602907239 283.032987265 315.325083046 45.4553550967 30.3493197135 20.7363327571 19.2445687042 21793.0983163 21806.3054902 21931.7982667 7608.61036638 48.732311775 22.5159508113 14.6321836661 5.14994858994 42.3979136202 23.4072162634 7.54335650182 41.5606427265 35.1466585822
-9999.0 -9999.0 -9999.0 -9999.0 -9999.0 -9999.0 -9999.0 -9999.0 -9999.0 -9999.0 -9999.0 -9999.0 -9999.0 -9999.0 -9999.0 -9999.0 16.5734026048 76.8371980626 94.5075516249 24.8663881686 29.398773647 58.6144630428 86.0682899596 481.138881874 26.967951023 108.235582134 133.358378096 157.998074859 14.6779344777 35.1768335799 49.1590172418 207.710285253 236.028989096 241.571750462 6.98621643849 7.77553493199 10.2765851077 18.6386839552 8.62423055543 9.40593011763 19.0360737355 13.9569349024 18.0509351246 45.6992275774 21944.8247668 29586.0063338 61.3965649759 10.1168100914 5.26109850115 136.843693748 125.67952774 75.8278611468 68.3963977253 51.7589417661 11.4267762783
-9999.0 -9999.0 -9999.0 -9999.0 -9999.0 -9999.0 -9999.0 -9999.0 -9999.0 -9999.0 -9999.0 -9999.0 -9999.0 -9999.0 -9999.0 12.9444590609 44.6689061408 15.0369887415 29.336706389 31.7207238495 61.5872198281 90.5265273271 115.052162364 613.660294474 639.953697309 26.9153134051 52.2068970351 77.5375565144 95.8431314907 117.100131862 186.930843202 200.576214083 20.6487744372 13.9467552235 12.9186303646 13.5684530117 18.126570956 17.2254829467 16.7203274708 18.3071092824 61.8693066511 26.5260595973 9.76703078171 9.27914549597 11.3812679875 21.6893176908 29988.7114395 333.020267494 158.338714448 8.89174095616 3.58150680833 4.09152218281 16.9175806219 12.546340641 6.82793209103
-9999.0 -9999.0 -9999.0 -9999.0 -9999.0 -9999.0 -9999.0 -9999.0 -9999.0 -9999.0 -9999.0 -9999.0 -9999.0 -9999.0 13.8006464356 26.3223985999 98.8077686722 14.5684196105 53.2894723977 84.6743107477 114.881186871 30.3283626275 58.0487326436 79.9502982243 736.718440026 25.9644525461 50.323785148 74.6805245886 22.7666481063 45.4731282913 65.7614106161 80.1843457303 1596.63846098 1627.23194533 1658.60348535 1791.09844833 1837.85545705 1939.10659927 38.5239122887 79.6150532661 81.9827649447 2278.96137676 2299.1162383 8.67506691298 17.4628198233 25.7926360211 29995.3358555 314.398987382 145.730739589 141.812468037 110.718997706 97.7929527645 22.4398628585 4.93034503515 11.0510388662
-9999.0 -9999.0 -9999.0 -9999.0 -9999.0 -9999.0 -9999.0 -9999.0 -9999.0 -9999.0 -9999.0 -9999.0 -9999.0 -9999.0 13.9820521041 42.3612471399 154.98770916 227.111249511 12.7380866562 301.883591221 433.419854846 29.0418406189 56.5247804985 80.1330432253 964.502707968 983.551998316 24.6179921797 124.303952294 147.619129102 167.89241717 1406.14948613 1467.13563405 1498.24054186 15.1419264108 88.8781169934 107.551641627 47.8592799215 69.8555559979 2036.94539705 2148.43824659 2167.22756761 2185.23176023 2322.97793633 11.667789461 10.5440578669 44.4538752506 30003.6374013 6.4769248378 9.31173414358 27.7262335352 9.87286428647 90.5585408243 68.6753084848 40.0888300154 30.1606454214
-9999.0 -9999.0 -9999.0 -9999.0 -9999.0 -9999.0 -9999.0 -9999.0 -9999.0 -9999.0 -9999.0 -9999.0 -9999.0 -9999.0 -9999.0 -9999.0 29.444428244 59.2351737119 269.820851872 285.819359715 447.193450465 463.988863378 28.6821624202 57.233179331 133.745859017 999.497061925 1047.96553358 1069.9805916 18.2133699357 1153.32770576 1218.1659703 39.7374733705 14.6232019426 29.2011426171 56.79053141 13.6156096874 28.0745913597 64.2880459405 81.3602793007 14.9870459581 10.8612448392 22.0189148817 2401.61223771 2431.07464832 2440.14114566 2506.33818352 30011.3273447 3.74086108847 7.49978579068 8.44105397572 8.26234529132 8.39728676933 7.54499506242 14.3680582374 3.2809812685
-9999.0 -9999.0 -9999.0 -9999.0 -9999.0 -9999.0 -9999.0 -9999.0 -9999.0 -9999.0 -9999.0 -9999.0 -9999.0 -9999.0 -9999.0 -9999.0 15.3789661143 15.0026765464 15.1323279735 32.8144033722 14.4566417174 492.516604035 507.909295094 25.5361181666 52.358970652 28.6936845799 25.5431267228 25.0044602101 1117.32467806 22.3777443444 45.1019509147 20.1173034354 15.8484387994 14.017097692 11.4531214923 11.8672650691 36.3702545087 49.5684423874 10.0821957002 8.84118518923 19.0405516818 31.1788044555 40.597815056 13.0784484584 2452.16553361 2515.74138105 30016.4625138 29.5731131135 22.5270194786 6.03278805348 13.4238680193 5.23983634338 4.27910208197 18.927202547 18.4110242259
-9999.0 -9999.0 -9999.0 -9999.0 -9999.0 -9999.0 -9999.0 -9999.0 -9999.0 -9999.0 -9999.0 -9999.0 -9999.0 -9999.0 -9999.0 -9999.0 -9999.0 -9999.0 14.799300396 46.3948230549 58.6143575394 72.3967414221 521.453646418 535.118945997 549.836247114 570.10096336 594.603370864 644.683387284 665.962416973 687.600807836 705.434376156 14.106390022 13.5077157221 14.0487771738 49.6774748938 12.9657426298 12.5543953013 10.2285560604 30.0313382895 11.3390210132 9.14946905549 8.5742521914 7.44461748427 14.8638484314 21.7504090054 2561.04611197 32613.2943289 3.20868906401 8.80309202776 5.60069055711 18.8760183301 10.9483786747 8.60144501861 52.7353307105 30.9387496668
-9999.0 -9999.0 -9999.0 -9999.0 -9999.0 -9999.0 -9999.0 -9999.0 -9999.0 -9999.0 -9999.0 -9999.0 -9999.0 -9999.0 -9999.0 -9999.0 -9999.0 -9999.0 -9999.0 12.0500255156 96.9065259823 195.956703808 211.098359248 23.4059923516 49.2297610362 76.1332501941 100.610697647 256.611570366 272.17700136 14.8680022424 14.8894689278 738.045934977 766.999711929 779.497733989 59.819602744 9.28682963 22.6727957735 33.4488716859 99.5580061042 121.344291112 139.054606183 16.4677659382 23.3577539878 7.91973273986 15.7173124739 8.04648883634 32628.9558797 3.51696907831 15.10577362 11.0598921515 34.8846931063 61.8867985183 72.5612822869 127.206744889 44.060536437
-9999.0 -9999.0 -9999.0 -9999.0 -9999.0 -9999.0 -9999.0 -9999.0 -9999.0 -9999.0 -9999.0 -9999.0 -9999.0 -9999.0 -9999.0 -9999.0 -9999.0 -9999.0 13.6264567566 43.5702748608 85.1052436697 110.983474737 290.644253763 309.692604422 55.3493323433 82.3082604139 106.283857389 131.83359584 291.445556087 323.078429773 586.470833879 607.924601651 624.550363885 792.35258555 885.438851077 22.0725508289 14.1033845338 13.603818768 26.3270816355 12.0637976693 161.92394453 170.469479329 31.1875528034 40.3700013482 10.8517972211 6553.25262158 6571.28250283 39210.9234986 39231.6982108 3.07584577133 41.3652349316 5.42805153835 5.67664296459 141.669321358 190.654918677
-9999.0 -9999.0 -9999.0 -9999.0 -9999.0 -9999.0 -9999.0 -9999.0 -9999.0 -9999.0 -9999.0 -9999.0 -9999.0 -9999.0 -9999.0 -9999.0 -9999.0 -9999.0 -9999.0 15.6171692562 15.1652913875 28.4789071067 67.332378596 322.82397238 28.2259498057 27.875107458 52.177626646 76.4210982758 197.050870154 219.466414641 15.3971547365 13.6313396095 642.160566423 655.532305719 1554.90575649 1568.55353509 8.72175681732 7.71622366698 6.74286343168 6.80387149009 7.30666906676 6391.69075643 6443.0542099 6492.14253253 6511.82223477 6544.09848153 9.08574602669 34.0821165386 43.9250197476 39290.5200108 39294.0825956 39297.7521248 39306.8306885 39314.4986729 202.450495255
-9999.0 -9999.0 -9999.0 -9999.0 -9999.0 -9999.0 -9999.0 -9999.0 -9999.0 -9999.0 -9999.0 -9999.0 -9999.0 -9999.0 -9999.0 -9999.0 -9999.0 -9999.0 -9999.0 -9999.0 13.7595576406 14.4814303124 26.7138110839 374.924423003 391.022014369 27.554015454 51.7249192727 76.2345914518 98.6992303694 21.0906074265 38.7646928626 1066.90133101 1081.40380771 1095.83070595 1200.42636175 2782.36541889 6059.20702388 6079.08015609 6097.63729168 6115.53693036 6189.1708283 6212.54285269 43.5126404572 19.8728612142 11.3511430775 21.6297238832 16.9733242357 26.59992006 8.46300924492 192.793878434 209.409222907 219.934119102 225.340203384 39319.8958645 39532.7307972
-9999.0 -9999.0 -9999.0 -9999.0 -9999.0 -9999.0 -9999.0 -9999.0 -9999.0 -9999.0 -9999.0 -9999.0 -9999.0 -9999.0 -9999.0 -9999.0 -9999.0 -9999.0 -9999.0 -9999.0 -9999.0 13.9965429607 26.754519368 39.6199558463 402.157195698 19.5633507788 568.181520159 593.571874157 615.619183177 634.186620523 992.737673927 1011.50866001 15.360723615 75.4887679811 92.7490280666 14.984790394 3256.71362501 3229.13383747 9.58642392018 21.3271624655 57.3519648178 12.505727263 12.992917322 10.1536292527 8.85759082561 7.26512639309 8.17802540729 164.770552429 173.184203699 183.007280352 8.80608080452 5.35701979359 228.4762078 234.546549121 238.821217833
-9999.0 -9999.0 -9999.0 -9999.0 -9999.0 -9999.0 -9999.0 -9999.0 -9999.0 -9999.0 -9999.0 -9999.0 -9999.0 -9999.0 -9999.0 -9999.0 -9999.0 -9999.0 -9999.0 -9999.0 -9999.0 12.6395867465 11.8020886326 61.4372507527 490.953776614 524.519337657 544.066056122 27.2164749593 307.835873386 328.96128055 338.785917121 17.1765884831 34.5814322773 49.3977231113 773.972932851 785.894247223 796.628118404 3208.92039458 1856.81921725 11.4776677522 12.1548971464 11.8328795909 9.84030450247 99.6848610365 119.333275247 136.993287837 146.659918523 156.023816166 1009.49706595 1016.88652239 1026.06919557 1046.08907424 1140.18102685 1145.32471841 1389.73218672
-9999.0 -9999.0 -9999.0 -9999.0 -9999.0 -9999.0 -9999.0 -9999.0 -9999.0 -9999.0 -9999.0 -9999.0 -9999.0 -9999.0 -9999.0 -9999.0 -9999.0 -9999.0 -9999.0 -9999.0 -9999.0 -9999.0 24.6693076738 37.8429213314 15.7371573051 28.2888079884 202.754504203 231.321464589 255.955507638 154.644953008 178.017351434 201.003121329 217.675536466 747.840207586 763.030976773 519.185129443 1328.85308789 1341.25566127 1846.69616963 24.6209068542 12.5546038166 9.44082616502 68.5253372078 80.3903266308 7.78262770728 7.30399187989 977.101922389 994.354075169 1002.68853764 8.98233790329 13.816630634 1122.78892835 10.6043078861 40.6002818947 45.1155619606
-9999.0 -9999.0 -9999.0 -9999.0 -9999.0 -9999.0 -9999.0 -9999.0 -9999.0 -9999.0 -9999.0 -9999.0 -9999.0 -9999.0 -9999.0 -9999.0 -9999.0 -9999.0 -9999.0 -9999.0 -9999.0 -9999.0 12.3726438354 24.486106824 108.822580456 125.617833568 148.510277719 105.578255503 131.01379201 24.0802941702 471.082695975 493.892450569 515.224336151 16.824644272 490.454668846 505.994427364 12.7491992137 1783.27040631 26.690471815 13.3128573856 36.5391811517 49.1266240308 10.1606624968 8.53296429958 889.234771538 961.270457341 971.076992272 10.2463631038 23.7890126856 30.1873844512 36.3710323073 69.532400153 14.6618320984 33.3249934747 6.61155066119
-9999.0 -9999.0 -9999.0 -9999.0 -9999.0 -9999.0 -9999.0 -9999.0 -9999.0 -9999.0 -9999.0 -9999.0 -9999.0 -9999.0 -9999.0 -9999.0 -9999.0 -9999.0 -9999.0 -9999.0 -9999.0 -9999.0 12.1692626396 39.2541509135 71.2586066574 20.4593444227 48.5780774293 78.2452906523 374.526159932 400.700222447 424.436498274 22.7807996671 375.940277124 441.942117009 460.240454267 16.0289768538 1729.22216553 1758.3726653 14.0133997526 13.1512016569 26.2378507292 11.235264023 832.682413506 853.251365405 865.112401762 45.6350669887 56.169369455 9.39094333343 16.9979630574 7.65945023491 52.8149237462 7.72813759518 8.34947314738 9.24229697945 9.33257425578
-9999.0 -9999.0 -9999.0 -9999.0 -9999.0 -9999.0 -9999.0 -9999.0 -9999.0 -9999.0 -9999.0 -9999.0 -9999.0 -9999.0 -9999.0 -9999.0 -9999.0 -9999.0 -9999.0 -9999.0 -9999.0 -9999.0 -9999.0 14.243003969 17.0223842207 24.66205175 232.562697847 261.554452781 347.567961679 26.4914868247 282.241668474 331.953744579 23.1642188394 46.0392634713 18.6432946578 1680.99528593 18.5297878061 47.8643992623 59.6324445559 72.0874168691 757.110148404 800.015118836 812.651866369 12.6525056452 24.0107932085 34.4754080699 7.01121604884 6.40700666747 1860.93498367 1867.3593392 1872.79180425 1922.95302571 1929.46975608 1939.07930265 1946.43305712
