data/baseflow/mHMbf_acc391.asc
ncols                  80
nrows                 72
xllcorner      4374000.0
yllcorner      5656000.0
cellsize            500
NODATA_value       -9999
[rows 0 to 24 of 72, columns 0 to 54 of 80]
-9999.0 -9999.0 -9999.0 -9999.0 -9999.0 -9999.0 -9999.0 -9999.0 -9999.0 -9999.0 -9999.0 -9999.0 25.757047754 22.0202765775 -9999.0 -9999.0 -9999.0 -9999.0 -9999.0 -9999.0 -9999.0 -9999.0 -9999.0 -9999.0 -9999.0 -9999.0 -9999.0 -9999.0 -9999.0 -9999.0 -9999.0 -9999.0 -9999.0 -9999.0 -9999.0 -9999.0 -9999.0 -9999.0 -9999.0 -9999.0 -9999.0 -9999.0 -9999.0 -9999.0 -9999.0 -9999.0 -9999.0 -9999.0 -9999.0 -9999.0 -9999.0 -9999.0 -9999.0 -9999.0 -9999.0
-9999.0 -9999.0 -9999.0 -9999.0 -9999.0 -9999.0 -9999.0 -9999.0 -9999.0 -9999.0 -9999.0 -9999.0 53.116279975 118.275610044 19.3473720912 -9999.0 15.7961007407 -9999.0 -9999.0 -9999.0 -9999.0 -9999.0 -9999.0 -9999.0 -9999.0 -9999.0 -9999.0 -9999.0 -9999.0 -9999.0 -9999.0 -9999.0 -9999.0 -9999.0 -9999.0 -9999.0 -9999.0 -9999.0 -9999.0 -9999.0 -9999.0 -9999.0 -9999.0 -9999.0 -9999.0 -9999.0 -9999.0 -9999.0 -9999.0 -9999.0 -9999.0 -9999.0 -9999.0 -9999.0 -9999.0
-9999.0 -9999.0 -9999.0 -9999.0 -9999.0 -9999.0 -9999.0 -9999.0 -9999.0 -9999.0 25.6497766236 25.1641436409 26.4774737833 26.0309766586 167.641650623 188.675081218 44.938977578 14.4493729742 -9999.0 -9999.0 -9999.0 -9999.0 -9999.0 -9999.0 -9999.0 -9999.0 -9999.0 -9999.0 -9999.0 -9999.0 -9999.0 -9999.0 -9999.0 -9999.0 -9999.0 -9999.0 -9999.0 -9999.0 -9999.0 -9999.0 -9999.0 -9999.0 -9999.0 -9999.0 -9999.0 -9999.0 -9999.0 -9999.0 -9999.0 -9999.0 -9999.0 -9999.0 -9999.0 -9999.0 -9999.0
-9999.0 -9999.0 -9999.0 -9999.0 -9999.0 -9999.0 -9999.0 -9999.0 -9999.0 24.8611141922 50.5673388454 100.644344491 50.896427532 24.7079873573 48.5185878954 212.216764294 292.581974812 16.7666696722 -9999.0 25.7778336011 -9999.0 -9999.0 -9999.0 -9999.0 31.3704863351 15.8216464446 -9999.0 -9999.0 -9999.0 -9999.0 -9999.0 -9999.0 -9999.0 -9999.0 -9999.0 -9999.0 -9999.0 -9999.0 -9999.0 -9999.0 -9999.0 -9999.0 -9999.0 -9999.0 -9999.0 -9999.0 -9999.0 -9999.0 -9999.0 -9999.0 -9999.0 -9999.0 -9999.0 -9999.0 -9999.0
-9999.0 -9999.0 -9999.0 -9999.0 -9999.0 -9999.0 -9999.0 -9999.0 28.71846661 80.4541066106 105.174894811 129.812467294 175.532155313 23.1278932977 94.0656767059 116.831289851 451.537102427 22.16431583 22.0905235923 48.5796108862 71.0761341146 23.5837175274 -9999.0 84.0987429783 68.7694144263 19.5394003675 -9999.0 -9999.0 -9999.0 -9999.0 -9999.0 -9999.0 -9999.0 -9999.0 -9999.0 -9999.0 -9999.0 -9999.0 -9999.0 -9999.0 -9999.0 -9999.0 -9999.0 -9999.0 -9999.0 -9999.0 -9999.0 -9999.0 -9999.0 -9999.0 -9999.0 -9999.0 -9999.0 -9999.0 -9999.0
-9999.0 -9999.0 -9999.0 -9999.0 -9999.0 -9999.0 28.0099618115 25.8066442981 25.1509744709 25.6302370085 26.3220405374 182.678029736 383.317655077 407.94786943 428.646307469 19.9817069519 494.144569005 516.39337795 44.6177760998 22.5050464283 93.0847303422 162.955221815 23.4123710574 154.789318039 24.6594086977 24.4518334682 25.8605106971 -9999.0 -9999.0 -9999.0 -9999.0 -9999.0 -9999.0 -9999.0 -9999.0 -9999.0 -9999.0 -9999.0 -9999.0 -9999.0 -9999.0 -9999.0 -9999.0 -9999.0 -9999.0 -9999.0 -9999.0 -9999.0 -9999.0 -9999.0 -9999.0 -9999.0 -9999.0 -9999.0 -9999.0
-9999.0 -9999.0 -9999.0 -9999.0 -9999.0 -9999.0 56.1856674781 83.0738468412 188.62386028 263.559176125 23.6158359967 24.0483858577 23.5382578875 69.8196946755 520.401079409 19.6044299284 537.820801133 621.380271737 65.8059578221 43.3532150094 184.280496119 23.278845593 177.400943995 46.5264653257 23.4791037665 47.1470586751 50.9903592972 25.1309920526 25.3444584712 24.6520315096 26.5980609504 53.2795741152 -9999.0 -9999.0 -9999.0 -9999.0 -9999.0 -9999.0 -9999.0 -9999.0 -9999.0 -9999.0 -9999.0 -9999.0 -9999.0 -9999.0 -9999.0 -9999.0 -9999.0 -9999.0 -9999.0 -9999.0 -9999.0 -9999.0 -9999.0
-9999.0 -9999.0 -9999.0 -9999.0 -9999.0 30.216086381 58.73863022 28.1781185284 55.2484312766 291.243115654 341.667383774 391.150975325 1263.95220729 23.2392302103 543.835330551 1991.13261464 2007.09435398 2657.26991558 18.2504220179 64.3001420572 205.747361415 21.2341944503 437.094772462 237.779737951 145.847798106 122.319258692 25.2294187134 74.4086950926 73.5861838451 49.0216907858 24.0466386822 78.197430785 24.1397086597 23.7593483578 -9999.0 -9999.0 -9999.0 -9999.0 -9999.0 -9999.0 -9999.0 -9999.0 -9999.0 -9999.0 -9999.0 -9999.0 -9999.0 -9999.0 -9999.0 -9999.0 -9999.0 -9999.0 -9999.0 -9999.0 -9999.0
-9999.0 -9999.0 -9999.0 -9999.0 -9999.0 30.6703516176 89.4092847401 177.295137451 204.919335085 408.373640051 434.67122863 517.068399882 849.723243924 1333.91941799 1383.01083793 1406.30582101 43.0604048537 2734.05339906 2772.2119108 2880.04110293 3611.43385553 503.877937363 460.579577696 168.98930364 22.6076957065 144.525575274 97.7823720499 22.2905322472 96.2760720388 21.8749029263 45.2663080101 124.673689206 148.30729369 47.0357427024 23.6166476811 22.929930387 -9999.0 -9999.0 -9999.0 -9999.0 16.8303897157 14.2020999788 -9999.0 -9999.0 -9999.0 -9999.0 -9999.0 -9999.0 -9999.0 -9999.0 -9999.0 -9999.0 -9999.0 -9999.0 -9999.0
-9999.0 -9999.0 -9999.0 -9999.0 -9999.0 29.760875886 28.5776172756 119.550214422 147.646202383 176.606905251 27.9818699558 55.4206940806 314.553549988 56.9245483076 27.0110442331 25.0991225127 23.299020393 25.8654962893 24.3232323599 25.0441212413 3634.60353113 3700.54616422 21.4179531108 65.9899002225 44.961600849 166.739455255 45.0605515782 21.8407115596 119.633008556 42.7727037939 102.312303921 261.20332472 242.050139059 70.4608809539 69.8829600494 23.5480958807 23.4972612719 -9999.0 -9999.0 23.3564037815 37.6900966185 81.7634836764 15.0704251971 -9999.0 -9999.0 -9999.0 -9999.0 -9999.0 -9999.0 -9999.0 -9999.0 -9999.0 -9999.0 -9999.0 -9999.0
-9999.0 -9999.0 -9999.0 -9999.0 -9999.0 -9999.0 31.1068041168 31.4018858074 60.1718926093 89.2148457774 203.04018465 259.862427081 288.690469707 30.0576271498 24.5148067384 322.352790051 397.550864556 421.308285486 519.654539526 542.279738218 22.9142345565 3723.66694357 3832.81268053 86.5552715016 16.2846419782 186.59813282 415.854182609 163.373357714 42.7194100359 21.203366392 406.105037158 283.436013422 21.9998327287 21.8445763644 92.3588438043 69.6115335214 23.0612075025 22.8727935649 23.1236324145 45.9289374252 22.4019325645 99.7822451076 122.293456377 21.9293288862 -9999.0 -9999.0 -9999.0 -9999.0 24.7036742247 23.5860379747 5.86557746632 -9999.0 -9999.0 -9999.0 -9999.0
-9999.0 -9999.0 -9999.0 -9999.0 -9999.0 -9999.0 -9999.0 30.8160279677 27.3048801071 57.022248225 86.51889381 28.6138010857 26.7425299622 166.621902892 219.948849769 274.242040802 26.1230442489 50.1983653882 25.449338928 565.752650424 1249.73671126 1266.79283806 5142.31943442 22.0454910956 47.5908040854 14.8072286657 437.117115583 21.3414658127 64.3330048945 21.0559746398 427.713668549 449.23302089 44.0529763606 43.1730849054 230.772124932 115.583870925 46.2978737898 23.4239149424 46.1543997398 68.5806178466 112.740210489 21.9266061689 166.808370715 189.112812411 20.8868250264 21.9598954757 22.7748827403 21.5195362366 20.7846113029 69.6094096685 24.8735546248 15.6718205261 -9999.0 -9999.0 -9999.0
-9999.0 -9999.0 -9999.0 -9999.0 -9999.0 -9999.0 -9999.0 -9999.0 57.8619031438 83.9177488662 28.4275547166 57.8108149808 85.7173275311 141.54023406 28.3954357684 27.2697281894 24.1766160855 24.4626032828 22.7895732202 636.0900469 25.8073601808 50.3522172764 5213.25168705 5271.14783491 29.2550078142 105.162219555 564.212599029 42.1525699814 84.2720796315 40.114847866 60.1022273305 534.352711586 64.7764306631 337.03370907 273.500292527 21.418079359 113.918716514 45.8084383553 67.9151816851 21.7203699337 135.390644813 179.824198467 200.78588905 221.038861154 270.921065504 41.1823681603 42.5665558237 40.4342696078 38.8877474534 88.8011174772 18.7326841726 59.450451068 76.4589295257 -9999.0 -9999.0
-9999.0 -9999.0 -9999.0 -9999.0 -9999.0 -9999.0 -9999.0 -9999.0 30.2264889675 143.711925782 171.429395282 27.7377642894 54.7013720603 26.915816869 25.2805779263 24.8327577977 315.012007878 422.385698753 520.626499583 618.179899851 24.625537392 25.073718299 28.7686666003 5388.39386105 5451.49063879 5480.95815836 764.791907809 170.928921618 147.463173783 19.6720916432 79.4126961141 633.731838053 19.8224369153 357.229049879 21.1667604219 146.033900839 136.707195896 22.0110597246 89.543157731 43.19317867 64.4493994541 21.9248501212 20.0673917215 241.125540492 260.348840374 290.089422663 62.2651142606 59.5572420729 57.6112136204 108.202741936 145.886345426 18.7521410542 93.9938048008 18.0597431172 34.7281508709
-9999.0 -9999.0 -9999.0 -9999.0 -9999.0 -9999.0 -9999.0 -9999.0 -9999.0 30.8739983935 200.650878732 228.107933514 81.9714895967 136.382366778 188.112822767 214.701936212 27.434996302 82.6717046247 54.8273403714 28.0316479554 27.5110893853 24.9215010528 50.7045743541 88.8074239753 35.1888118042 6309.44769129 6339.78559651 28.3107951582 20.8956505685 39.2388244453 58.9960025213 693.226103411 39.6416700793 376.150981714 226.227711705 185.521678075 21.5777586611 43.0456070513 110.086211328 20.4765557581 84.6002156371 42.4881638981 35.865605642 15.9082938801 311.817823872 619.702862996 79.1096706296 76.5710184134 75.1643097096 17.193273774 163.014992177 16.7735327686 129.031565718 16.8936357759 51.9265173329
-9999.0 -9999.0 -9999.0 -9999.0 -9999.0 -9999.0 -9999.0 -9999.0 -9999.0 -9999.0 27.8353486244 284.088406182 27.0908064724 54.3781961676 79.986279567 131.09250806 26.2603331676 54.914865838 26.9432043628 25.5522579309 24.3859629721 48.4830108154 22.5482704786 26.6461676366 58.0001949928 33.3852087677 6370.36537207 6428.11080259 6508.79003826 81.5819763369 19.684208936 39.2262268177 713.724636779 703.322921539 268.3515505 20.790893155 85.284505263 64.0508052891 130.694476057 40.9615215095 168.179287822 62.9920430876 54.9128387526 12.4635463269 16.7065103696 640.398631277 659.9481631 833.397073629 128.735763694 35.3939888592 181.455005985 216.111345049 361.416116066 33.7389238858 15.6795278553
-9999.0 -9999.0 -9999.0 -9999.0 -9999.0 -9999.0 -9999.0 -9999.0 -9999.0 -9999.0 -9999.0 14.5935103668 315.505717889 26.3855724895 51.7898869123 234.515758465 26.8784932697 26.6962811038 23.8242704082 49.9178148972 24.4980747847 97.4688695812 143.077893764 164.60771098 80.2799268155 106.228225673 29.8979440507 32.6368984207 30.4077726538 6637.28774022 6698.34363715 733.280328695 742.164693141 722.917560993 39.445743416 19.2271669611 105.195615872 276.026566263 150.967539077 61.0433096413 249.699383782 114.154093331 94.3544725793 24.3893289296 10.9711867038 11.1017457651 12.9216946469 893.791453572 1078.95243025 17.6302293295 16.4209892566 17.1897487879 378.066111472 427.448885171 29.4754743097
-9999.0 -9999.0 -9999.0 -9999.0 -9999.0 -9999.0 -9999.0 -9999.0 -9999.0 -9999.0 -9999.0 13.3210912574 348.233587926 430.05994154 25.5112686981 285.453605405 24.9414207535 23.6816640138 47.1205657828 120.814077149 23.6006613526 24.8099879065 22.3485282265 209.493541466 231.108537325 360.181078833 412.59753655 438.027009806 466.597900286 493.93484189 7221.4955843 8005.71989173 8798.38392914 8821.61954551 22.2133694765 19.4173414791 315.983455426 296.178014436 19.8710219045 19.6808182756 268.89531379 403.983833434 18.1162239815 207.277490629 191.79692576 53.4428024457 26.6309120985 42.7124412811 20.5669920944 1116.67863454 19.084516972 51.5219489481 67.9211364364 542.326410912 581.705122054
-9999.0 -9999.0 -9999.0 -9999.0 -9999.0 -9999.0 -9999.0 -9999.0 -9999.0 -9999.0 -9999.0 29.2868908306 56.6197134284 456.789447328 505.801625133 25.0180234514 332.146542317 21.9718134524 67.1673523878 143.218953547 46.0267073441 22.3205389654 46.4762391951 20.8156019343 40.1919120629 19.3210165444 18.0584329048 15.081136056 14.5284493365 15.047612671 16.7083685983 22.3722019154 27.5708392837 30.5773844885 8899.45045978 409.10721536 365.472296262 23.3658387195 58.6669749144 14.3105708488 11.7065777331 423.69643302 691.603412705 229.139741368 168.765177691 30.0553738348 13.3424524152 12.3468307763 29.9011299599 1165.87459719 1203.18880849 19.1422772809 19.231979023 16.5740561574 11.7893855987
-9999.0 -9999.0 -9999.0 -9999.0 -9999.0 -9999.0 -9999.0 -9999.0 -9999.0 -9999.0 -9999.0 -9999.0 25.553667814 346.369202522 877.748779779 955.625864823 1311.52481766 1332.99902743 322.162197473 234.651722233 68.8006307823 21.9885536717 90.3005911604 111.914107777 171.852910697 39.6541425003 37.2507644857 34.6631538558 68.4828204912 33.9676918249 35.1341694304 15.9947025661 12.0320781023 15.3003670402 8923.95563404 9344.4754604 9369.89363318 24.8112394409 172.998875704 65.9335982737 20.4102972985 757.239773353 46.0380085569 23.6429281077 95.3758452305 20.9281455177 19.0113631474 36.5498829254 53.3092584242 71.4650438603 1237.02238461 16.3968372767 15.0015248855 15.0261259879 12.4335403474
-9999.0 -9999.0 -9999.0 -9999.0 -9999.0 -9999.0 -9999.0 -9999.0 -9999.0 -9999.0 -9999.0 27.906229038 263.537227079 320.233080084 53.3007218874 15.6165980913 35.9417369156 1392.8641996 1414.67118102 1757.30526597 20.6553173983 42.4127662267 19.4202339216 19.7828388542 191.673511271 251.093461141 306.850838587 18.1697105281 86.9258178949 138.915984005 86.6706207453 33.9674424949 27.3745735171 26.7378655646 30.2346596861 18.6320558392 9393.71461084 9416.0622759 9633.49656739 37.8161136891 19.2352675776 773.205266272 46.049640012 23.8333818778 25.3102445496 25.1343540554 23.05065925 43.0824116042 126.505405348 217.558599457 1471.39373038 14.021897256 41.7299445154 28.0395257272 24.6401051609
-9999.0 -9999.0 -9999.0 -9999.0 -9999.0 -9999.0 -9999.0 -9999.0 -9999.0 -9999.0 -9999.0 28.5914249233 182.627133938 29.0084202958 25.967343518 132.544800974 156.719811239 181.196589338 203.836245901 2392.85911288 2411.53133531 2450.88257063 2752.04234088 2812.66081764 2848.700325 2869.39630287 3219.6121763 3266.46867798 3285.46400403 3444.82630925 3552.07840309 3570.19295602 3631.18192891 43.993417482 43.3745946354 12.1903533089 15.9228508282 9438.1910566 9715.85708769 59.1717517145 894.763730855 876.929643579 88.7568870618 21.449466502 21.8051942631 21.2414118943 21.3717324764 43.1535958775 63.924753625 20.9307996286 1487.85002971 1504.90575392 1590.23409093 1605.37023939 1644.51015923
-9999.0 -9999.0 -9999.0 -9999.0 -9999.0 -9999.0 -9999.0 -9999.0 -9999.0 -9999.0 -9999.0 93.8714940027 124.140825553 57.9770282722 85.9261053236 27.6177314459 311.720808197 337.232614042 388.056297959 408.957821525 167.663104433 2650.99200412 2670.09127773 20.3493279541 15.6745870859 13.8531312393 30.7372221916 14.9184950528 11.770497555 10.5732690012 12.1405952248 3586.65515625 3648.93349958 3711.07715358 3770.84024805 3827.06864846 27.8670271264 12.2368512007 10671.0012068 932.749046476 913.491409981 19.7623003363 19.3817322845 18.3664222717 40.2124181612 39.7962867579 18.5491680026 18.6409434164 17.5185729948 37.929389269 53.4106466022 13.5849927429 25.2622354305 10.3048866807 6.52853998998
-9999.0 -9999.0 -9999.0 -9999.0 -9999.0 -9999.0 -9999.0 -9999.0 -9999.0 -9999.0 -9999.0 -9999.0 63.3656193929 29.7231436554 27.6135857022 260.730926087 287.187475585 26.3258528343 103.548492682 127.69681501 149.528365508 23.6487789261 20.431493444 420.202415638 438.401504339 455.572938133 1180.44647762 1194.03932166 1217.24191817 1333.90894848 1402.79930763 1413.0573794 9.57774049723 10.2614394332 10.8895519663 3858.90041022 14.7576762225 10863.8708755 10837.4328874 146.942025518 125.641515504 75.922797864 18.8493746909 36.6206650086 58.8757114165 58.5053709078 36.3697472854 17.8784512908 35.239353152 34.2036677119 68.7259307452 8.45516489271 34.3490290197 59.2014724915 73.0886778933
-9999.0 -9999.0 -9999.0 -9999.0 -9999.0 -9999.0 -9999.0 -9999.0 -9999.0 -9999.0 -9999.0 -9999.0 32.433911286 91.2141156163 119.57006726 206.126498318 26.7934848407 53.583361766 79.2729149325 296.826207499 318.122090319 334.111187871 355.663179516 380.247837445 600.776774196 671.384254121 710.06464605 15.307652178 91.5498566426 106.085086375 1370.39379542 1426.55592805 1450.89954714 1475.47938513 1500.02755593 5375.44074215 14.9469207339 10927.0860844 31.13142293 13.6189459855 106.795167977 91.4447239334 13.5914747637 52.4772802689 75.0745163512 74.8666762715 52.0287057129 85.7157626195 135.619650893 49.1239132736 132.20840189 11.1224576267 16.1056903864 6.55005169149 5.67113201957
