data/baseflow/mHMbf_acc567.asc
ncols                  80
nrows                 72
xllcorner      4374000.0
yllcorner      5656000.0
cellsize            500
NODATA_value       -9999
[rows 0 to 24 of 72, columns 0 to 54 of 80]
-9999.0 -9999.0 -9999.0 -9999.0 -9999.0 -9999.0 -9999.0 -9999.0 -9999.0 -9999.0 -9999.0 -9999.0 32.8532670559 23.3483574208 -9999.0 -9999.0 -9999.0 -9999.0 -9999.0 -9999.0 -9999.0 -9999.0 -9999.0 -9999.0 -9999.0 -9999.0 -9999.0 -9999.0 -9999.0 -9999.0 -9999.0 -9999.0 -9999.0 -9999.0 -9999.0 -9999.0 -9999.0 -9999.0 -9999.0 -9999.0 -9999.0 -9999.0 -9999.0 -9999.0 -9999.0 -9999.0 -9999.0 -9999.0 -9999.0 -9999.0 -9999.0 -9999.0 -9999.0 -9999.0 -9999.0
-9999.0 -9999.0 -9999.0 -9999.0 -9999.0 -9999.0 -9999.0 -9999.0 -9999.0 -9999.0 -9999.0 -9999.0 65.8444299283 136.347969096 19.8726942978 -9999.0 15.6911880515 -9999.0 -9999.0 -9999.0 -9999.0 -9999.0 -9999.0 -9999.0 -9999.0 -9999.0 -9999.0 -9999.0 -9999.0 -9999.0 -9999.0 -9999.0 -9999.0 -9999.0 -9999.0 -9999.0 -9999.0 -9999.0 -9999.0 -9999.0 -9999.0 -9999.0 -9999.0 -9999.0 -9999.0 -9999.0 -9999.0 -9999.0 -9999.0 -9999.0 -9999.0 -9999.0 -9999.0 -9999.0 -9999.0
-9999.0 -9999.0 -9999.0 -9999.0 -9999.0 -9999.0 -9999.0 -9999.0 -9999.0 -9999.0 33.041708099 32.0441842843 32.9112713294 31.6500380458 197.763925173 220.261253191 43.3389703424 13.6736016161 -9999.0 -9999.0 -9999.0 -9999.0 -9999.0 -9999.0 -9999.0 -9999.0 -9999.0 -9999.0 -9999.0 -9999.0 -9999.0 -9999.0 -9999.0 -9999.0 -9999.0 -9999.0 -9999.0 -9999.0 -9999.0 -9999.0 -9999.0 -9999.0 -9999.0 -9999.0 -9999.0 -9999.0 -9999.0 -9999.0 -9999.0 -9999.0 -9999.0 -9999.0 -9999.0 -9999.0 -9999.0
-9999.0 -9999.0 -9999.0 -9999.0 -9999.0 -9999.0 -9999.0 -9999.0 -9999.0 32.2496320302 65.0205063138 128.855708687 63.8356102004 31.2123930438 61.5610469741 250.550283076 328.488690595 16.3149623691 -9999.0 32.5709350368 -9999.0 -9999.0 -9999.0 -9999.0 30.4798219866 15.2034433789 -9999.0 -9999.0 -9999.0 -9999.0 -9999.0 -9999.0 -9999.0 -9999.0 -9999.0 -9999.0 -9999.0 -9999.0 -9999.0 -9999.0 -9999.0 -9999.0 -9999.0 -9999.0 -9999.0 -9999.0 -9999.0 -9999.0 -9999.0 -9999.0 -9999.0 -9999.0 -9999.0 -9999.0 -9999.0
-9999.0 -9999.0 -9999.0 -9999.0 -9999.0 -9999.0 -9999.0 -9999.0 34.2188317296 99.5364985687 130.927527798 162.45475084 223.212906625 30.1255716152 120.913073599 150.882087209 526.353255234 26.6337406812 29.897714425 62.6246180573 91.9649756398 30.1672356002 -9999.0 82.2352525166 67.4852996008 19.2758320694 -9999.0 -9999.0 -9999.0 -9999.0 -9999.0 -9999.0 -9999.0 -9999.0 -9999.0 -9999.0 -9999.0 -9999.0 -9999.0 -9999.0 -9999.0 -9999.0 -9999.0 -9999.0 -9999.0 -9999.0 -9999.0 -9999.0 -9999.0 -9999.0 -9999.0 -9999.0 -9999.0 -9999.0 -9999.0
-9999.0 -9999.0 -9999.0 -9999.0 -9999.0 -9999.0 33.9157180203 32.4171061754 32.2026591686 32.3869999847 32.4025952688 227.186193374 481.610278797 512.716905929 540.889658569 27.3786334228 582.044118397 610.899985955 59.6769892809 29.3600037836 120.813381584 209.927770601 28.5035724617 167.483013355 31.4765335077 30.2986909678 32.5709764522 -9999.0 -9999.0 -9999.0 -9999.0 -9999.0 -9999.0 -9999.0 -9999.0 -9999.0 -9999.0 -9999.0 -9999.0 -9999.0 -9999.0 -9999.0 -9999.0 -9999.0 -9999.0 -9999.0 -9999.0 -9999.0 -9999.0 -9999.0 -9999.0 -9999.0 -9999.0 -9999.0 -9999.0
-9999.0 -9999.0 -9999.0 -9999.0 -9999.0 -9999.0 67.6853357421 100.808532299 230.812875524 326.409526368 30.6091139505 31.1161421648 30.1500563227 89.6861249085 659.09938153 27.3929013577 640.431404403 752.828521842 88.3343250783 57.2849858033 238.052493994 29.5416894919 196.912858958 59.9051534271 30.3838754748 60.1259998141 64.2079607419 31.7153583092 31.9350345851 31.7307534042 32.2579125543 64.8880993235 -9999.0 -9999.0 -9999.0 -9999.0 -9999.0 -9999.0 -9999.0 -9999.0 -9999.0 -9999.0 -9999.0 -9999.0 -9999.0 -9999.0 -9999.0 -9999.0 -9999.0 -9999.0 -9999.0 -9999.0 -9999.0 -9999.0 -9999.0
-9999.0 -9999.0 -9999.0 -9999.0 -9999.0 35.0044270186 68.8120128513 33.5861264684 66.2349707211 359.221719077 421.935169099 484.200230086 1506.92766334 29.8315009718 688.735892222 2416.24449513 2437.72697867 3226.65292235 23.1150858921 85.7258508863 266.405692453 28.2476778011 529.046787534 303.317664297 185.003431299 154.88191041 31.3905058389 94.8365707827 93.957974682 62.8570440682 30.9921808394 96.6380411632 31.1867369983 31.1455000111 -9999.0 -9999.0 -9999.0 -9999.0 -9999.0 -9999.0 -9999.0 -9999.0 -9999.0 -9999.0 -9999.0 -9999.0 -9999.0 -9999.0 -9999.0 -9999.0 -9999.0 -9999.0 -9999.0 -9999.0 -9999.0
-9999.0 -9999.0 -9999.0 -9999.0 -9999.0 35.2035329847 103.591173125 206.131669595 238.891102203 474.547077131 506.387527039 604.0574986 992.804454134 1587.57769058 1645.68724233 1672.81432108 53.6214535597 3321.6315394 3370.68616079 3511.350172 4422.73826334 615.490543133 558.474477172 214.420415236 29.1187519384 184.629279775 124.747509568 29.5386202523 123.17666466 28.7270895138 58.9087948609 157.342379121 187.446554011 61.2724373677 30.2003963749 30.2548202274 -9999.0 -9999.0 -9999.0 -9999.0 16.2210317678 13.8853403929 -9999.0 -9999.0 -9999.0 -9999.0 -9999.0 -9999.0 -9999.0 -9999.0 -9999.0 -9999.0 -9999.0 -9999.0 -9999.0
-9999.0 -9999.0 -9999.0 -9999.0 -9999.0 34.871091528 33.9393931135 136.991007146 169.778725757 203.239997291 32.9041619636 65.5752999814 365.824642449 64.2284972796 31.7288644511 30.7292905738 28.6066147786 31.227049108 30.8314219847 30.0641613227 4452.57714618 4537.89224483 28.2681889109 86.2605533664 58.146326294 213.485259156 59.0150006674 28.9393091735 152.959835242 56.2739783262 134.716757545 333.652487511 308.745193739 91.6184500471 90.8759309288 30.1931383928 30.2002170528 -9999.0 -9999.0 30.2571985442 38.2942362037 81.1135726585 14.5512216686 -9999.0 -9999.0 -9999.0 -9999.0 -9999.0 -9999.0 -9999.0 -9999.0 -9999.0 -9999.0 -9999.0 -9999.0
-9999.0 -9999.0 -9999.0 -9999.0 -9999.0 -9999.0 35.1255226773 34.6007184117 69.074281377 102.985624749 235.275826075 301.866502422 334.729051273 33.1774008506 30.4294931134 384.568899801 475.738533482 505.577417285 626.190039988 655.440241097 29.0995761066 4566.76167084 4708.86791095 113.72071608 24.3670361463 240.995289837 538.412376657 210.429409744 56.4940143927 28.1507083512 523.14372468 361.980291417 28.274742209 28.0689140661 119.172807685 89.1084235873 29.5069556779 29.6441214735 29.3214450697 59.1831529641 28.8118161429 98.569897459 127.17628015 28.0241495135 -9999.0 -9999.0 -9999.0 -9999.0 29.7603342749 28.968094076 7.87572651908 -9999.0 -9999.0 -9999.0 -9999.0
-9999.0 -9999.0 -9999.0 -9999.0 -9999.0 -9999.0 -9999.0 35.486143173 32.3972240569 65.9716257769 99.5064893283 33.6679878741 32.538105098 196.426558897 260.018796398 324.181926345 30.7553282817 61.3733652423 30.1268338203 684.480212451 1498.38751956 1514.85986257 6274.69682629 28.6674196909 73.7499751152 24.0254265717 566.354552782 27.9183132841 84.8955660241 28.0141753567 551.277235216 579.114948472 56.4247757398 55.9264288367 295.742003189 147.721721854 58.5605711693 29.321683802 58.8008315058 88.2846635543 145.600055291 28.7766349552 184.217193662 212.597030507 26.3660753663 27.5196726288 28.2505503223 26.838862147 25.6383570911 86.0080045182 33.2585297064 21.8665620032 -9999.0 -9999.0 -9999.0
-9999.0 -9999.0 -9999.0 -9999.0 -9999.0 -9999.0 -9999.0 -9999.0 67.5910826173 99.7837472802 33.5434591196 67.1898885458 99.6368765392 165.524904432 32.7208406882 32.5170930488 30.2246731887 30.7383203808 29.5467126202 755.145562249 30.3629524483 60.2230335696 6354.39603935 6422.61909316 39.4952736356 151.451284285 746.961891061 55.3323887667 111.496012576 54.2388309715 80.411685027 688.488447802 83.0350566831 433.955102265 351.461256887 28.3335822483 143.872836321 57.4863203675 86.7855473064 28.0012273212 173.68798657 230.906937343 256.288558969 280.868511208 312.685614615 50.3325832329 52.127381161 49.6592087184 47.108528314 110.468396462 24.1205126693 79.5363579461 102.003076541 -9999.0 -9999.0
-9999.0 -9999.0 -9999.0 -9999.0 -9999.0 -9999.0 -9999.0 -9999.0 34.3412644103 167.702986282 200.913071342 33.3694942135 66.0360599339 32.7184693372 31.8744444951 31.3123656665 383.496652683 513.162932548 629.082443363 737.680304936 27.7612228636 30.1056765579 37.2014363371 6561.21866762 6629.36057479 6665.42583183 1010.19625679 224.465688376 194.460910386 26.7105879523 106.801546315 821.679290116 26.6142675747 460.62886899 27.4271282831 185.448060423 172.292029726 27.9508482997 114.500245392 55.6848180385 83.0095797402 28.2230482339 24.5140552023 305.258578726 328.019239511 335.395571614 75.8969901309 72.7454119047 69.6727329634 135.354571936 183.634274141 24.0334233013 124.893434428 23.6223890661 45.4655895525
-9999.0 -9999.0 -9999.0 -9999.0 -9999.0 -9999.0 -9999.0 -9999.0 -9999.0 33.8264599949 234.251435082 267.581107116 99.0581039826 164.618055646 228.371837551 260.257395311 31.938870419 99.2612779311 65.3295402373 31.9537429308 32.0904785787 30.9661331502 62.6570057314 112.499031215 42.4186099736 7752.34389638 7791.27040302 36.6501822824 26.9945796831 52.9406691529 78.8867205925 899.682084769 52.1792458848 485.801907283 288.302896489 235.610597925 27.3518947707 55.0706941301 141.269633104 26.6015637199 109.227917009 54.2177956823 45.8021741995 22.007271839 392.869544723 747.812978009 93.6965907171 91.0210973916 91.3152111715 21.7917050232 204.99620807 21.0753583638 169.425663699 21.7438182087 66.8072514886
-9999.0 -9999.0 -9999.0 -9999.0 -9999.0 -9999.0 -9999.0 -9999.0 -9999.0 -9999.0 32.6919313227 333.55344904 33.1262466856 66.1848151849 97.6779309885 162.400656141 33.5589095767 67.7284979438 33.6974848977 33.0677323672 31.6451424295 62.6673505346 29.769901595 35.4311400277 76.9692918633 43.2435802685 7826.80464769 7898.64536823 8000.6877589 110.351412777 26.2338098467 52.269968691 925.941276368 903.491670638 341.548731787 26.5868697771 109.178021865 82.1227670194 168.100625732 53.3738066203 215.802945256 80.2372009852 70.4536032933 19.1648544406 21.9433371922 771.389209855 792.450012591 996.456615732 158.662417243 44.5513523152 227.50653279 270.566185938 460.132288349 42.8489283918 20.1532504762
-9999.0 -9999.0 -9999.0 -9999.0 -9999.0 -9999.0 -9999.0 -9999.0 -9999.0 -9999.0 -9999.0 17.2387990706 372.532458465 32.6204935673 63.9247570286 291.093618778 33.3269125638 33.4448545515 30.7517677914 63.9628958186 30.281601483 123.077764481 182.196444231 210.880330083 106.576116357 141.246180809 38.8585475784 42.2965684083 36.1051348058 8168.66087879 8250.13809698 950.665812335 952.309999173 928.029166427 50.8253487342 25.1468613842 134.791958386 354.320385331 193.974992322 79.2611266023 320.210097349 155.582686301 130.949262407 38.402447329 16.9491029012 16.3544732191 17.336829945 1073.37428834 1295.29219354 21.3350006003 20.1496766048 20.8599090522 479.774633968 541.705441511 37.2674790652
-9999.0 -9999.0 -9999.0 -9999.0 -9999.0 -9999.0 -9999.0 -9999.0 -9999.0 -9999.0 -9999.0 16.791363386 413.748401073 510.926305966 31.2563863475 353.991281629 31.6907339682 31.259820421 60.7707570332 154.938222557 30.1746254133 30.8706249587 29.2258995903 269.593948659 298.023099381 467.917923797 536.814618254 571.43278031 606.378944591 639.992508069 8921.75276801 9935.63286755 10947.0175179 10970.2623675 26.4655702048 25.4411675648 405.533860112 380.131837786 25.4953241322 25.6202398149 345.177309532 525.820541188 23.3821837395 264.705873299 242.431877167 75.2451310595 36.1614751285 57.0421759453 22.0276816224 1333.70345891 19.1025891478 59.7440823524 75.0973388229 672.878570623 726.000194091
-9999.0 -9999.0 -9999.0 -9999.0 -9999.0 -9999.0 -9999.0 -9999.0 -9999.0 -9999.0 -9999.0 33.8453260263 65.6563178115 542.517898387 603.224367467 30.5114854814 408.155704073 29.3957149597 89.5543611549 184.073610868 59.2839037486 29.0825950274 58.8046237416 27.9401886437 54.3600201347 26.7184259028 25.8591742002 24.1521210873 22.9547804459 24.2528778421 26.1916103567 32.8153731223 37.0170700519 37.4615025608 11059.7482614 519.001759906 459.223798713 25.3247439599 75.3970210727 19.0044494634 15.9141785995 549.927045833 887.244752197 289.767512234 206.146717271 40.6149507684 18.6998839124 17.8537466863 37.3970189627 1391.00966354 1428.64778436 19.4045216883 19.2788982949 19.7372678582 16.5700197251
-9999.0 -9999.0 -9999.0 -9999.0 -9999.0 -9999.0 -9999.0 -9999.0 -9999.0 -9999.0 -9999.0 -9999.0 32.0460217629 400.162164764 1034.39622854 1127.52526002 1563.98553917 1586.17849601 412.916431474 302.14840116 88.8455247369 28.9372689069 115.929909976 143.753464313 224.944103902 53.9964869285 52.3956802001 50.8678807381 100.007977586 50.2469110757 51.6525376562 24.0919601646 21.4577912893 25.4169534377 11086.833659 11621.4343019 11651.3518593 26.2528370028 211.990308942 84.596981308 25.1540474841 962.341707608 51.3221243217 26.0830674799 106.499152866 24.7649491272 22.9016070123 43.6605280233 61.5588615849 80.5416444731 1462.25809819 16.1537522037 14.3350326877 14.3436331837 11.7150911858
-9999.0 -9999.0 -9999.0 -9999.0 -9999.0 -9999.0 -9999.0 -9999.0 -9999.0 -9999.0 -9999.0 33.3485913465 303.692527642 368.852146786 62.4798767476 18.7363283548 45.1234481249 1660.95739569 1685.40850354 2119.57038729 27.6591572592 56.4520217209 26.5666699143 26.9292078452 251.354962762 331.744827603 410.017123624 25.3577486091 125.249154288 200.383715031 124.016853305 48.3334143014 44.1397664618 45.7345551717 47.1943719985 27.3082981168 11674.0859854 11693.8496362 11949.1350919 44.7223759919 23.2818284645 977.018784203 53.3112086285 27.0441401971 27.814990707 27.5817264219 26.4159611621 50.7658005106 145.217268253 246.116404677 1724.48407454 12.9796845112 38.3328730123 25.6680253082 21.688667567
-9999.0 -9999.0 -9999.0 -9999.0 -9999.0 -9999.0 -9999.0 -9999.0 -9999.0 -9999.0 -9999.0 33.8964012334 205.246654914 32.9189255723 31.1110688169 152.887530525 181.89799774 211.996102589 241.059388633 2869.6697956 2894.18193856 2947.07425726 3328.3152579 3410.48011723 3460.59863064 3487.64080745 3961.87525605 4030.12594778 4054.85246712 4281.14948395 4430.76091598 4455.16697868 4545.84534886 69.069299709 68.4138128388 21.29615916 22.3310973351 11716.9637592 12037.3752276 67.0518205364 1114.93273593 1094.26839066 104.291572817 25.832768488 26.3723120871 26.0013471575 25.2476500178 50.8036202738 74.1719815822 22.7719448258 1740.16941456 1756.49699769 1834.49075995 1848.02344759 1881.96362951
-9999.0 -9999.0 -9999.0 -9999.0 -9999.0 -9999.0 -9999.0 -9999.0 -9999.0 -9999.0 -9999.0 103.693408508 137.465082278 65.6968317371 97.5530779049 31.6174614293 360.546895654 391.425576784 452.26432443 479.621786955 204.798825334 3192.64382152 3217.64412844 28.025754987 23.4134812992 22.019591706 46.1445320988 23.1757873092 20.4660895788 20.161296637 20.9355547763 4478.33914648 4569.12949372 4658.85664802 4746.14278721 4827.21377949 39.8913781266 14.4326550065 13212.4094452 1154.88776391 1136.1032539 23.7262652368 23.6537255344 22.6978088854 49.6482978821 49.4093983705 23.4999860595 23.4759159748 21.7943607385 44.4276555037 60.5879498495 15.2156505569 26.4095216583 9.58095856532 8.00211781033
-9999.0 -9999.0 -9999.0 -9999.0 -9999.0 -9999.0 -9999.0 -9999.0 -9999.0 -9999.0 -9999.0 -9999.0 69.7919164354 33.2774614026 32.1856099322 299.139923049 330.42528939 31.0986280946 123.468962641 152.695042486 180.743168266 29.0944832691 27.7458582297 514.820886209 539.343006515 563.410988841 1445.18797249 1466.41854707 1505.79841555 1671.56787443 1785.57020306 1804.40521023 18.3971128747 18.7431948996 17.9153035606 4856.98052623 15.6489419924 13435.2592367 13411.1979987 179.509713891 157.882315221 93.7139434079 23.7284407368 45.5814158614 73.0341271912 72.5936823052 46.3888119319 22.8860372417 44.4090241964 43.7211128547 80.0202664027 12.6257132888 39.4205451433 62.6661134183 79.3235984131
-9999.0 -9999.0 -9999.0 -9999.0 -9999.0 -9999.0 -9999.0 -9999.0 -9999.0 -9999.0 -9999.0 -9999.0 35.3659897027 102.428925776 135.297388176 234.857872376 31.7613704072 63.7097496532 94.2341580243 351.349409965 378.618648214 402.080031458 431.215473024 461.171221167 720.033414835 807.371130789 860.00778276 23.0787405729 126.452138701 147.490880042 1727.7709668 1823.99706192 1863.10001699 1901.82219398 1940.75228279 6814.47386487 16.1706120246 13507.1577466 41.5911410751 19.1284874733 135.116894348 114.777364891 19.7970854413 66.1338725319 93.674767727 92.6755100942 65.6996094413 107.906099892 170.030589593 62.7398147932 160.254537807 15.5951979938 25.2155943921 7.10118494356 5.26669155866
