data/baseflow/mHMbf_acc378.asc
ncols                  80
nrows                 72
xllcorner      4374000.0
yllcorner      5656000.0
cellsize            500
NODATA_value       -9999
[rows 0 to 24 of 72, columns 0 to 54 of 80]
-9999.0 -9999.0 -9999.0 -9999.0 -9999.0 -9999.0 -9999.0 -9999.0 -9999.0 -9999.0 -9999.0 -9999.0 25.6904809784 21.7041010493 -9999.0 -9999.0 -9999.0 -9999.0 -9999.0 -9999.0 -9999.0 -9999.0 -9999.0 -9999.0 -9999.0 -9999.0 -9999.0 -9999.0 -9999.0 -9999.0 -9999.0 -9999.0 -9999.0 -9999.0 -9999.0 -9999.0 -9999.0 -9999.0 -9999.0 -9999.0 -9999.0 -9999.0 -9999.0 -9999.0 -9999.0 -9999.0 -9999.0 -9999.0 -9999.0 -9999.0 -9999.0 -9999.0 -9999.0 -9999.0 -9999.0
-9999.0 -9999.0 -9999.0 -9999.0 -9999.0 -9999.0 -9999.0 -9999.0 -9999.0 -9999.0 -9999.0 -9999.0 51.3190132653 114.462716455 18.6791797146 -9999.0 15.1459229048 -9999.0 -9999.0 -9999.0 -9999.0 -9999.0 -9999.0 -9999.0 -9999.0 -9999.0 -9999.0 -9999.0 -9999.0 -9999.0 -9999.0 -9999.0 -9999.0 -9999.0 -9999.0 -9999.0 -9999.0 -9999.0 -9999.0 -9999.0 -9999.0 -9999.0 -9999.0 -9999.0 -9999.0 -9999.0 -9999.0 -9999.0 -9999.0 -9999.0 -9999.0 -9999.0 -9999.0 -9999.0 -9999.0
-9999.0 -9999.0 -9999.0 -9999.0 -9999.0 -9999.0 -9999.0 -9999.0 -9999.0 -9999.0 25.3598023012 24.703589829 25.2084970248 24.5591415666 161.209329559 181.361005935 42.7476390063 13.6714853766 -9999.0 -9999.0 -9999.0 -9999.0 -9999.0 -9999.0 -9999.0 -9999.0 -9999.0 -9999.0 -9999.0 -9999.0 -9999.0 -9999.0 -9999.0 -9999.0 -9999.0 -9999.0 -9999.0 -9999.0 -9999.0 -9999.0 -9999.0 -9999.0 -9999.0 -9999.0 -9999.0 -9999.0 -9999.0 -9999.0 -9999.0 -9999.0 -9999.0 -9999.0 -9999.0 -9999.0 -9999.0
-9999.0 -9999.0 -9999.0 -9999.0 -9999.0 -9999.0 -9999.0 -9999.0 -9999.0 25.0766457342 49.9841239899 99.2393387601 48.6718320577 23.7003006755 46.4491056599 204.033400551 280.292176043 15.8688426604 -9999.0 23.8149472234 -9999.0 -9999.0 -9999.0 -9999.0 29.6902321573 14.9970333279 -9999.0 -9999.0 -9999.0 -9999.0 -9999.0 -9999.0 -9999.0 -9999.0 -9999.0 -9999.0 -9999.0 -9999.0 -9999.0 -9999.0 -9999.0 -9999.0 -9999.0 -9999.0 -9999.0 -9999.0 -9999.0 -9999.0 -9999.0 -9999.0 -9999.0 -9999.0 -9999.0 -9999.0 -9999.0
-9999.0 -9999.0 -9999.0 -9999.0 -9999.0 -9999.0 -9999.0 -9999.0 27.9274207379 79.521924074 103.872578487 128.311500172 171.285578189 22.8028019976 90.8753189657 113.039944797 433.100989057 21.0400676348 21.2275487436 45.4680542596 66.5263912789 21.82506561 -9999.0 79.2401666156 64.9099843176 18.3427502616 -9999.0 -9999.0 -9999.0 -9999.0 -9999.0 -9999.0 -9999.0 -9999.0 -9999.0 -9999.0 -9999.0 -9999.0 -9999.0 -9999.0 -9999.0 -9999.0 -9999.0 -9999.0 -9999.0 -9999.0 -9999.0 -9999.0 -9999.0 -9999.0 -9999.0 -9999.0 -9999.0 -9999.0 -9999.0
-9999.0 -9999.0 -9999.0 -9999.0 -9999.0 -9999.0 28.3140148265 26.4491258739 25.2489423105 25.5834222491 25.562692913 179.61294349 375.080386878 398.980942903 418.934683715 18.9698054217 473.763592193 495.166329556 42.6692113522 21.3198898589 87.2118513418 151.860744763 21.8809889242 144.859278987 22.7542666816 22.737580384 23.5906393129 -9999.0 -9999.0 -9999.0 -9999.0 -9999.0 -9999.0 -9999.0 -9999.0 -9999.0 -9999.0 -9999.0 -9999.0 -9999.0 -9999.0 -9999.0 -9999.0 -9999.0 -9999.0 -9999.0 -9999.0 -9999.0 -9999.0 -9999.0 -9999.0 -9999.0 -9999.0 -9999.0 -9999.0
-9999.0 -9999.0 -9999.0 -9999.0 -9999.0 -9999.0 56.3242570695 83.2945173517 188.786624698 263.993942604 23.5691426992 24.0346665318 23.0361402541 68.1242985009 508.269788227 19.4394447675 515.952400504 595.847150346 62.9688513822 41.2933678956 171.98847738 21.4912295281 165.886041145 43.0617036501 21.6298983212 43.7950229072 46.141816395 22.5542178845 22.5548770844 22.1706001194 23.1361347612 46.4247533716 -9999.0 -9999.0 -9999.0 -9999.0 -9999.0 -9999.0 -9999.0 -9999.0 -9999.0 -9999.0 -9999.0 -9999.0 -9999.0 -9999.0 -9999.0 -9999.0 -9999.0 -9999.0 -9999.0 -9999.0 -9999.0 -9999.0 -9999.0
-9999.0 -9999.0 -9999.0 -9999.0 -9999.0 29.7464947455 57.9355498328 27.8301080476 54.3671718635 290.875861094 340.209449998 388.981186297 1226.69494937 22.5461032494 530.680761039 1929.7994168 1944.85373647 2566.53100625 16.6403911642 61.384973763 192.242184904 20.0991535151 405.310069117 218.902743726 133.797671512 112.111544568 22.9190973408 66.8860976307 65.9939476426 44.0420571303 21.593795963 68.6304858961 21.5500611039 21.3581398096 -9999.0 -9999.0 -9999.0 -9999.0 -9999.0 -9999.0 -9999.0 -9999.0 -9999.0 -9999.0 -9999.0 -9999.0 -9999.0 -9999.0 -9999.0 -9999.0 -9999.0 -9999.0 -9999.0 -9999.0 -9999.0
-9999.0 -9999.0 -9999.0 -9999.0 -9999.0 29.8520659397 87.1483549951 173.28952911 200.053507705 395.649808725 421.121992787 499.996439328 815.050707028 1292.06044569 1337.71349658 1359.13756908 39.7453660138 2636.95491404 2671.94713291 2773.39391516 3453.77784302 467.512410492 426.791417025 155.097110581 20.8749533762 131.225758681 88.2353952383 20.6389189937 86.6547882529 19.8292553901 40.6177161822 110.394853271 131.449419229 42.2520568095 20.9277306771 20.68572525 -9999.0 -9999.0 -9999.0 -9999.0 15.5902432247 13.3453042635 -9999.0 -9999.0 -9999.0 -9999.0 -9999.0 -9999.0 -9999.0 -9999.0 -9999.0 -9999.0 -9999.0 -9999.0 -9999.0
-9999.0 -9999.0 -9999.0 -9999.0 -9999.0 29.255913175 27.9777347101 114.654779139 141.663868546 169.342500973 26.6657165647 52.9781816182 298.049058252 53.2990126663 25.0038749847 23.6140908239 21.6056220989 23.6740343048 22.4778780367 22.7737771354 3475.32263179 3537.1209253 20.117513775 61.4438647239 41.5716207558 151.886971895 41.5800560354 20.3019357899 107.779043816 38.767855484 91.9000152352 232.210299212 215.276288989 63.0471394541 62.2594942361 20.9671028389 20.9111401787 -9999.0 -9999.0 20.8161155982 34.8480406076 76.1831485737 14.130336744 -9999.0 -9999.0 -9999.0 -9999.0 -9999.0 -9999.0 -9999.0 -9999.0 -9999.0 -9999.0 -9999.0 -9999.0
-9999.0 -9999.0 -9999.0 -9999.0 -9999.0 -9999.0 29.5247661138 29.4674998261 57.2289941006 84.9470624441 192.728027883 246.612686212 273.451602508 28.3303161818 23.3449172189 304.219296566 374.250983154 396.690896524 488.401123798 509.873242716 21.3502456613 3558.60364107 3659.62902185 80.0981841051 14.2741859076 170.435548354 379.712446403 148.248079246 39.4925070025 19.6580663042 362.584204843 252.265537528 19.7387581293 19.8037034524 82.364861397 62.0084018246 20.4215789405 20.3659876145 20.4486104897 40.9130464364 19.9856915452 92.7878635374 112.706996209 19.7557666698 -9999.0 -9999.0 -9999.0 -9999.0 21.651961191 20.899461772 5.05214387694 -9999.0 -9999.0 -9999.0 -9999.0
-9999.0 -9999.0 -9999.0 -9999.0 -9999.0 -9999.0 -9999.0 29.4583449414 26.061890462 54.0072394751 81.5604453643 27.1642517808 25.5431176539 157.46570873 207.431243594 258.071995473 23.8982363737 47.1010619269 23.1560363307 531.741984061 1175.0315081 1190.84375121 4890.25943431 20.5327647551 43.0146795441 13.6735977421 399.510530827 19.7877188626 59.4569018723 19.5232739925 382.193975883 401.701321383 39.5347074841 39.1855395227 205.481111864 102.824410644 41.0698746081 20.7207140592 40.8973257279 61.0920010061 100.547362399 19.6932249676 153.046557279 173.094065603 18.611191587 19.3642484054 20.2244891319 19.132598007 18.5097182611 62.1936086341 22.589100121 14.6110465503 -9999.0 -9999.0 -9999.0
-9999.0 -9999.0 -9999.0 -9999.0 -9999.0 -9999.0 -9999.0 -9999.0 55.0032320683 80.2027093108 27.0228169991 54.5554967579 80.7239818232 133.293548792 26.5716494152 25.7678809267 23.0509303133 23.3435845641 21.7969081946 599.115362799 23.4078219743 46.059440724 4955.44613895 5009.34963698 27.2801460346 96.9930710178 517.192570759 39.1521868141 77.9646378594 37.3988789592 55.7461219023 478.452136376 58.2009261267 301.517897542 243.847538386 19.2996730512 101.024798498 40.5198881881 60.3049662031 19.4398174435 120.291442334 159.819877787 177.869163091 195.335115111 244.393342246 35.8107331484 37.4015405901 35.4926455508 34.0769435319 79.2966214045 16.7612947862 54.1273135557 69.5933618581 -9999.0 -9999.0
-9999.0 -9999.0 -9999.0 -9999.0 -9999.0 -9999.0 -9999.0 -9999.0 28.3954987926 136.5505325 163.108973738 26.6135812047 52.4108196021 25.7884287885 24.4301512579 24.0306738977 300.408701905 401.133631403 492.843576334 582.346944173 22.7259537582 22.9798354922 27.4082208454 5118.10547192 5174.66323038 5201.75702717 703.1006282 158.322026211 136.469418086 18.2823435438 73.5599560214 570.319297858 18.093861621 319.88568125 19.0370722468 129.117908623 121.077707622 19.5691261512 79.5953079455 38.6447490553 57.5940256275 19.4550495379 17.20147346 212.662287872 229.051198942 260.747586233 54.4995162157 52.0695798313 50.3710867802 96.6120717068 130.347266257 16.818001213 85.5095139484 16.4380966878 31.6327611053
-9999.0 -9999.0 -9999.0 -9999.0 -9999.0 -9999.0 -9999.0 -9999.0 -9999.0 28.7080769901 190.575320533 217.135586406 78.5905788053 130.54737767 180.066187801 205.220991939 25.385872347 77.366543169 50.6243980896 25.4212222503 25.0502705467 23.2840522456 47.3264909951 83.6679305553 32.2338678444 5963.56097515 5991.57062756 26.1475919986 19.5161919304 36.6411329153 54.7753157386 624.466475608 35.9360944509 337.019460086 200.294502334 163.804235069 19.0784828676 38.3047463323 97.8689786649 18.2210526601 75.4071138452 37.4292815984 30.0163286018 12.5691669257 269.819459091 544.799756898 67.6836450699 65.5075572461 65.3353832066 14.7546764281 145.081720194 14.4445501112 116.571056318 14.8196905454 46.6563477277
-9999.0 -9999.0 -9999.0 -9999.0 -9999.0 -9999.0 -9999.0 -9999.0 -9999.0 -9999.0 26.5341747839 270.577518915 26.1019070441 52.248224897 76.7827846028 125.905773218 25.1072298279 51.9542814322 25.3449252565 24.4173159988 23.1815216348 46.0939713972 21.4353706663 25.8713432318 55.2932974588 31.1008436318 6019.16065728 6072.12878355 6146.38574153 76.0596844567 18.157170456 36.2123258407 642.892356085 627.492406655 237.757272067 18.5404382443 75.866518294 57.0175285347 116.187934916 36.454776239 148.879453294 55.3638111293 46.2143264549 9.00009011846 13.0113065679 561.643604872 577.242093444 724.568806588 111.029513886 30.2251872548 160.756063677 190.541027952 321.23520907 29.5318892976 13.9193901565
-9999.0 -9999.0 -9999.0 -9999.0 -9999.0 -9999.0 -9999.0 -9999.0 -9999.0 -9999.0 -9999.0 13.4944612613 300.109191878 25.6716325777 50.2303572319 226.048531248 25.7491059307 25.6508859715 23.2159964804 48.1011883065 23.3154338296 92.7458022287 136.081068398 156.826764458 76.9076840301 101.698918603 27.5914016903 30.2111655237 27.4435995289 6265.12530879 6321.40655598 660.651523505 661.988436254 644.892391579 35.2557088273 17.2306224804 93.4597377482 244.913461132 133.889218189 54.0038147895 220.273248892 92.2785655279 75.512354143 17.5477248762 7.5158187176 7.82697268373 9.50617276715 768.322382063 924.229133031 14.5287605244 13.6520153261 14.360586054 335.073145811 377.713973474 25.5169212099
-9999.0 -9999.0 -9999.0 -9999.0 -9999.0 -9999.0 -9999.0 -9999.0 -9999.0 -9999.0 -9999.0 12.4938093625 331.13789023 410.120278987 24.6517595828 275.487347164 24.2495309787 23.3520558492 45.9440109616 117.089247484 22.6931655111 23.5328979192 21.4136748651 199.733872289 220.259369127 343.41254373 392.428839188 416.871048412 442.765877069 467.742448632 6814.69540874 7520.10478195 8225.08505566 8245.16652254 19.8378495945 17.4221083597 280.215852616 262.686125028 17.4104851247 17.1641858269 236.42390955 346.304654598 15.0326842389 155.671060162 143.282400681 35.9988436111 18.6769532264 30.0775201395 16.0631693343 953.501579763 14.8326076809 41.9875216114 54.2450087907 467.403155285 499.892979349
-9999.0 -9999.0 -9999.0 -9999.0 -9999.0 -9999.0 -9999.0 -9999.0 -9999.0 -9999.0 -9999.0 27.982566457 54.1752005633 435.948161059 484.146338045 24.4660904796 320.184714279 22.0250092956 66.7409438879 139.143864994 44.5816072577 21.820293949 44.5191581218 20.2690908853 39.3272150364 19.1021843786 17.6524799266 14.8465632616 13.5052729984 13.9755789318 15.0925339511 20.0375177224 23.8173703193 26.7718204905 8313.23207488 358.603775294 321.062190263 19.294481845 50.9349275778 12.1131310103 9.62133135131 362.840814203 568.192817342 173.43806007 127.251624205 19.774014705 8.80397001112 8.17644817249 21.4506539785 989.67706233 1018.02154266 14.5997750269 14.7512542911 12.5879733401 7.82674944733
-9999.0 -9999.0 -9999.0 -9999.0 -9999.0 -9999.0 -9999.0 -9999.0 -9999.0 -9999.0 -9999.0 -9999.0 25.3023661949 332.341330814 841.319125048 916.684866014 1259.95437093 1280.12680395 314.007136252 228.160095745 66.7720680821 21.5966544022 87.2286218462 108.183413794 166.908372463 38.9145051666 36.3426881761 33.8156365545 65.7279493834 32.1109289986 32.4263650599 14.8547140939 9.99066414735 13.5312549738 8334.52095672 8703.48402925 8724.75888855 20.3172406231 146.455434743 55.7502048737 17.2620251156 621.762275766 37.1641412026 19.0147198868 75.6249021784 16.0671961314 14.8139431386 28.2081761727 40.7150400879 54.404096425 1043.05663406 12.0086461374 10.7682570403 10.7825315115 8.67890561154
-9999.0 -9999.0 -9999.0 -9999.0 -9999.0 -9999.0 -9999.0 -9999.0 -9999.0 -9999.0 -9999.0 27.2598999662 252.668924433 306.9009895 51.2824299157 14.5851281485 34.5251251059 1338.22062096 1359.28854382 1692.85524965 20.7897585491 42.2215078749 19.5366879646 19.8076423217 186.342573708 244.65377638 299.126688992 17.8198307668 83.4112224799 132.879507878 80.5685728457 31.661260932 24.0456318345 23.5667011476 25.2459556134 15.778251163 8744.09223797 8761.69457143 8943.20080452 31.2502411376 15.8944695034 635.00774012 38.1282559447 19.530533156 20.2826048786 20.1218991264 18.8401538977 34.2447058185 100.369772232 169.466292003 1224.58471614 9.42160944718 28.4042183425 19.2585708724 16.4209970881
-9999.0 -9999.0 -9999.0 -9999.0 -9999.0 -9999.0 -9999.0 -9999.0 -9999.0 -9999.0 -9999.0 27.7808807214 173.293032987 27.5496476103 25.3146045831 126.92043157 150.238005069 174.060358089 196.557200007 2307.25004315 2325.37420099 2364.86004083 2660.17553394 2720.1126434 2754.69506221 2774.87924001 3114.1037058 3158.58006631 3176.48319009 3328.26162742 3427.75705131 3444.78401571 3499.46332485 39.3817447651 36.6352167771 9.82350757031 12.5574229598 8779.74978696 9009.47827837 48.625947058 735.742471386 720.971052294 73.5236540554 17.9316493466 18.030828665 17.5854640855 17.4542490995 35.2157498587 51.5366532577 16.1065789108 1236.23649438 1248.45212674 1306.8500235 1317.21187274 1343.36700864
-9999.0 -9999.0 -9999.0 -9999.0 -9999.0 -9999.0 -9999.0 -9999.0 -9999.0 -9999.0 -9999.0 88.5456093466 117.189521921 55.4273146786 82.1210014717 26.4428822417 300.361275125 325.26225416 374.646256666 395.188408787 163.950085535 2559.84836966 2578.25425264 19.7500775962 14.6839947593 12.6951497955 28.1685741599 13.7027559285 10.3360384612 9.60676375818 10.9029225002 3459.57627038 3515.12655755 3570.88831876 3621.89131353 3666.53012915 21.3726348117 8.94642502202 9792.15167915 765.734395911 751.239308959 16.3420161822 15.9166944394 15.037496491 33.0368718678 32.6667755547 15.0578086595 15.1333022524 14.046009722 29.8244538642 40.5651037618 8.80740213856 16.0703863761 6.38827927921 3.57508964926
-9999.0 -9999.0 -9999.0 -9999.0 -9999.0 -9999.0 -9999.0 -9999.0 -9999.0 -9999.0 -9999.0 -9999.0 59.6086036978 28.2204115079 26.7294501703 250.752597296 276.251288673 25.4758525321 101.18014793 124.686493707 145.939744782 22.7773026331 19.9987485429 411.759735914 428.920905722 445.159337207 1147.55284334 1159.96133749 1179.97452482 1283.25085456 1341.32456606 1350.1527118 8.06145582856 8.4975507001 9.11706088566 3691.64140798 11.5823322392 9945.89591789 9926.75964873 119.426272048 102.658335601 62.8784282115 15.6784104125 29.9765122082 48.1379207413 47.8108137087 29.570867859 14.5672614948 28.4331172763 27.6777660872 52.7639676336 7.07731012473 23.210142747 39.2593550733 46.8289065429
-9999.0 -9999.0 -9999.0 -9999.0 -9999.0 -9999.0 -9999.0 -9999.0 -9999.0 -9999.0 -9999.0 -9999.0 30.4365695347 86.9333717859 114.288850737 197.908335172 26.0871798327 52.2559094925 77.3579031012 291.370264808 312.425795944 328.13753304 349.577928774 372.992260177 586.608026088 653.698229197 688.700146665 13.5956495722 82.3557264767 94.2253773203 1312.87093977 1360.83045906 1380.25699249 1399.80115458 1419.48573581 5124.5511811 10.7422978404 9993.19026157 23.1465272969 9.62483796947 87.118053083 75.5822679503 10.8878146189 42.899603849 61.1402460465 60.7467847834 41.6573075819 68.3227275895 107.751758762 39.3119554198 102.894256402 8.13582490576 11.5254266441 3.09841170393 2.45151019146
