data/baseflow/mHMbf_acc316.asc
ncols                  80
nrows                 72
xllcorner      4374000.0
yllcorner      5656000.0
cellsize            500
NODATA_value       -9999
[rows 0 to 24 of 72, columns 0 to 54 of 80]
-9999.0 -9999.0 -9999.0 -9999.0 -9999.0 -9999.0 -9999.0 -9999.0 -9999.0 -9999.0 -9999.0 -9999.0 27.8814565574 21.8589858395 -9999.0 -9999.0 -9999.0 -9999.0 -9999.0 -9999.0 -9999.0 -9999.0 -9999.0 -9999.0 -9999.0 -9999.0 -9999.0 -9999.0 -9999.0 -9999.0 -9999.0 -9999.0 -9999.0 -9999.0 -9999.0 -9999.0 -9999.0 -9999.0 -9999.0 -9999.0 -9999.0 -9999.0 -9999.0 -9999.0 -9999.0 -9999.0 -9999.0 -9999.0 -9999.0 -9999.0 -9999.0 -9999.0 -9999.0 -9999.0 -9999.0
-9999.0 -9999.0 -9999.0 -9999.0 -9999.0 -9999.0 -9999.0 -9999.0 -9999.0 -9999.0 -9999.0 -9999.0 55.6736498662 120.621020737 18.9934910068 -9999.0 14.0469191405 -9999.0 -9999.0 -9999.0 -9999.0 -9999.0 -9999.0 -9999.0 -9999.0 -9999.0 -9999.0 -9999.0 -9999.0 -9999.0 -9999.0 -9999.0 -9999.0 -9999.0 -9999.0 -9999.0 -9999.0 -9999.0 -9999.0 -9999.0 -9999.0 -9999.0 -9999.0 -9999.0 -9999.0 -9999.0 -9999.0 -9999.0 -9999.0 -9999.0 -9999.0 -9999.0 -9999.0 -9999.0 -9999.0
-9999.0 -9999.0 -9999.0 -9999.0 -9999.0 -9999.0 -9999.0 -9999.0 -9999.0 -9999.0 27.2543223607 26.2269324082 27.1411810459 26.0263296148 170.37354323 191.334340315 39.68409213 12.5918302362 -9999.0 -9999.0 -9999.0 -9999.0 -9999.0 -9999.0 -9999.0 -9999.0 -9999.0 -9999.0 -9999.0 -9999.0 -9999.0 -9999.0 -9999.0 -9999.0 -9999.0 -9999.0 -9999.0 -9999.0 -9999.0 -9999.0 -9999.0 -9999.0 -9999.0 -9999.0 -9999.0 -9999.0 -9999.0 -9999.0 -9999.0 -9999.0 -9999.0 -9999.0 -9999.0 -9999.0 -9999.0
-9999.0 -9999.0 -9999.0 -9999.0 -9999.0 -9999.0 -9999.0 -9999.0 -9999.0 26.5502445317 53.5227694067 105.847717768 52.3244229501 25.4494233186 49.9287441572 215.950629061 288.841558953 15.3577663226 -9999.0 26.4520348369 -9999.0 -9999.0 -9999.0 -9999.0 27.6710090191 13.8145026137 -9999.0 -9999.0 -9999.0 -9999.0 -9999.0 -9999.0 -9999.0 -9999.0 -9999.0 -9999.0 -9999.0 -9999.0 -9999.0 -9999.0 -9999.0 -9999.0 -9999.0 -9999.0 -9999.0 -9999.0 -9999.0 -9999.0 -9999.0 -9999.0 -9999.0 -9999.0 -9999.0 -9999.0 -9999.0
-9999.0 -9999.0 -9999.0 -9999.0 -9999.0 -9999.0 -9999.0 -9999.0 28.4054432943 82.1072901239 107.428509906 132.999313572 182.697046011 24.0951293673 97.0245711063 120.800956454 451.636951734 22.7903769711 24.1772559126 50.2805941872 73.4242916375 23.9352095014 -9999.0 76.1498921543 62.2353032661 18.1861487436 -9999.0 -9999.0 -9999.0 -9999.0 -9999.0 -9999.0 -9999.0 -9999.0 -9999.0 -9999.0 -9999.0 -9999.0 -9999.0 -9999.0 -9999.0 -9999.0 -9999.0 -9999.0 -9999.0 -9999.0 -9999.0 -9999.0 -9999.0 -9999.0 -9999.0 -9999.0 -9999.0 -9999.0 -9999.0
-9999.0 -9999.0 -9999.0 -9999.0 -9999.0 -9999.0 29.5320291067 27.3859284768 26.1605388183 26.3840076472 26.3621006969 185.848766026 393.762686983 418.839969938 440.391425614 20.580439777 495.565020754 518.789577233 47.5520319605 23.2213738689 96.1099045317 166.417279263 24.5239912402 149.446527181 25.920224461 25.6747402315 26.9414419146 -9999.0 -9999.0 -9999.0 -9999.0 -9999.0 -9999.0 -9999.0 -9999.0 -9999.0 -9999.0 -9999.0 -9999.0 -9999.0 -9999.0 -9999.0 -9999.0 -9999.0 -9999.0 -9999.0 -9999.0 -9999.0 -9999.0 -9999.0 -9999.0 -9999.0 -9999.0 -9999.0 -9999.0
-9999.0 -9999.0 -9999.0 -9999.0 -9999.0 -9999.0 58.0299535897 85.4688973253 192.809882184 270.162249747 24.3613792807 24.9293753797 23.9054709196 70.4638064158 532.964863368 20.7244081297 540.991827884 628.222281858 69.1633677992 44.8394461417 188.224238891 23.1378026795 172.56887929 48.7912557674 24.9785001879 50.0994185884 52.9105599356 25.3638374838 25.7600016892 25.5083249957 26.1068857893 52.5465873982 -9999.0 -9999.0 -9999.0 -9999.0 -9999.0 -9999.0 -9999.0 -9999.0 -9999.0 -9999.0 -9999.0 -9999.0 -9999.0 -9999.0 -9999.0 -9999.0 -9999.0 -9999.0 -9999.0 -9999.0 -9999.0 -9999.0 -9999.0
-9999.0 -9999.0 -9999.0 -9999.0 -9999.0 29.8512882107 58.3793460233 28.0488550197 54.8129872444 297.068707487 347.406494053 397.389384959 1242.03252184 23.2191429359 556.249612763 1973.79444406 1989.96657713 2645.25381607 17.4428622577 66.6100798178 210.235871455 21.9099246652 442.385300009 247.271534552 152.787014718 128.181670034 25.7981322332 75.9415361052 75.4195626317 50.46587555 24.7567944393 78.0492571526 24.8805543143 24.8037216706 -9999.0 -9999.0 -9999.0 -9999.0 -9999.0 -9999.0 -9999.0 -9999.0 -9999.0 -9999.0 -9999.0 -9999.0 -9999.0 -9999.0 -9999.0 -9999.0 -9999.0 -9999.0 -9999.0 -9999.0 -9999.0
-9999.0 -9999.0 -9999.0 -9999.0 -9999.0 30.0698794691 87.7268912247 174.355065594 201.186130018 397.651365693 423.372717394 502.781333972 821.32404729 1307.62225674 1354.04772312 1375.4726312 40.8361475299 2717.66082152 2754.61887774 2863.5818413 3605.05094923 509.216124669 465.381807414 175.759463398 22.8856996977 148.408229262 100.472654584 23.7872094059 98.3943293661 22.0043543726 45.9599874818 125.625569668 149.536358001 48.7107522924 23.9766114027 24.0545397999 -9999.0 -9999.0 -9999.0 -9999.0 15.6481631195 13.0115394143 -9999.0 -9999.0 -9999.0 -9999.0 -9999.0 -9999.0 -9999.0 -9999.0 -9999.0 -9999.0 -9999.0 -9999.0 -9999.0
-9999.0 -9999.0 -9999.0 -9999.0 -9999.0 29.6010187841 28.2685268189 115.486032569 142.43131522 170.048655736 26.8270961513 53.3820419402 301.284939863 53.3404234834 25.4070030625 24.2299557437 22.1153449268 24.1706410183 23.4848346206 23.6278126457 3627.61418932 3693.69205232 21.8889337354 67.3276378749 45.5994178235 171.37566111 47.7156728766 23.6216487273 121.955181369 43.2475776315 103.712379484 264.735876487 245.531962062 72.4929535148 72.1168860363 24.0531179898 24.1733507572 -9999.0 -9999.0 24.4116277555 35.9229299005 76.2102642837 13.7581773258 -9999.0 -9999.0 -9999.0 -9999.0 -9999.0 -9999.0 -9999.0 -9999.0 -9999.0 -9999.0 -9999.0 -9999.0
-9999.0 -9999.0 -9999.0 -9999.0 -9999.0 -9999.0 29.8840805227 29.5313964064 57.9923573824 86.1679011936 195.054680171 249.5503283 276.433739585 28.4151986691 23.8861487567 310.049073977 381.591054048 404.808538337 499.733660698 522.497418591 22.6451349963 3716.0997869 3825.89425784 87.7390442518 16.6500317502 192.134907822 430.622045396 168.535395789 44.2101738677 21.9363356438 411.080424617 286.903659844 22.249037773 22.5041996985 95.04271608 70.8962087666 23.5167009696 24.2911191446 23.5306907887 47.5403324476 23.1798517152 92.7685830439 116.198214258 23.4090582143 -9999.0 -9999.0 -9999.0 -9999.0 25.9230987115 25.1717093829 6.37889237182 -9999.0 -9999.0 -9999.0 -9999.0
-9999.0 -9999.0 -9999.0 -9999.0 -9999.0 -9999.0 -9999.0 29.9864536626 26.5172222025 54.5962678278 82.2251061326 27.568412874 26.007869148 159.689696805 210.991342451 262.575037814 24.1870477352 48.4743603072 23.7444910962 545.163381076 1203.62344995 1218.91110165 5086.42919203 22.2389666328 50.5528764027 16.2452277797 453.138320313 21.7778852804 66.5385395128 21.8197575681 432.931234484 454.523557688 44.4446334123 44.2354275176 235.319671216 117.46634516 48.1826442272 23.9566482635 47.1975423079 70.8332028563 116.607406138 23.1960040152 164.584147912 189.474185686 23.9260462103 24.6450124931 25.3339417109 24.3545562959 23.7604561166 75.0281006259 27.6439272958 18.0023487911 -9999.0 -9999.0 -9999.0
-9999.0 -9999.0 -9999.0 -9999.0 -9999.0 -9999.0 -9999.0 -9999.0 56.0015558292 82.0114766129 27.5507652844 55.3561116013 81.7647324269 135.060090897 27.2415716363 26.4813119498 23.8539972044 24.2953346905 23.0214122532 612.493582286 23.9788080629 47.4463039198 5152.21999207 5211.68851902 34.7617336258 118.706351377 594.87294532 42.9083292587 87.0178227488 42.1039923856 62.7177850427 540.365269048 65.2336891302 343.322376711 278.182229715 21.4631580366 116.328279813 46.2589704467 69.4546838968 22.5423516419 140.000080152 187.251782463 210.135299106 232.429335347 280.717709868 45.7539534737 47.4034084521 45.6234393193 44.2427204319 96.4946742303 20.8359777946 66.5449584985 85.6102708233 -9999.0 -9999.0
-9999.0 -9999.0 -9999.0 -9999.0 -9999.0 -9999.0 -9999.0 -9999.0 28.7461503014 138.915950468 166.076736514 27.2885906808 53.7175358025 26.4621303042 25.460607827 24.9543898702 307.866328427 412.119099511 506.502248413 596.37233893 23.0282146527 23.712180816 29.4991224211 5328.69924917 5392.8218456 5426.01600083 804.730917527 175.60397766 151.875124062 21.1586903833 83.0076930967 643.942626478 20.6157486027 364.190991945 21.3351726835 148.292935926 138.869183938 22.0901837738 91.4605031861 44.5108255828 66.285911521 23.542200023 22.1412366713 254.578847982 275.65437919 301.750476976 69.3918952979 67.0938237966 65.4556778424 117.667632842 159.35778893 20.7346002218 104.864094489 19.7425624106 38.3665720738
-9999.0 -9999.0 -9999.0 -9999.0 -9999.0 -9999.0 -9999.0 -9999.0 -9999.0 28.6347588023 193.680450862 220.937796117 80.5493113259 133.625030568 184.570220147 210.068315675 25.5775778341 80.2134591184 52.3773925154 25.524306844 25.798827724 24.3244491131 49.3586864069 90.8658038614 38.1209234567 6300.79524253 6335.91345085 33.0551701785 22.7930464723 41.5343036969 61.8676617268 704.793792853 40.6728333746 383.95771373 228.331269154 187.491369638 21.5055737439 43.3353597391 112.419035596 20.811406746 86.8184647524 44.2725948255 39.7760342306 17.5630452852 330.045678988 649.883766865 86.159434497 84.2086324079 83.9267801204 18.1943439649 177.523859965 17.9208292012 142.946829763 18.0070238322 56.613273487
-9999.0 -9999.0 -9999.0 -9999.0 -9999.0 -9999.0 -9999.0 -9999.0 -9999.0 -9999.0 26.8609254428 275.131516648 26.8251899841 53.5465259406 78.6098848126 129.956628841 26.6571295497 54.9039562439 27.043819352 26.5576984679 25.1795996675 50.2689672767 23.5550003799 28.1682755177 64.8811056092 38.2482405844 6368.83705323 6434.5140559 6525.25693492 86.3739914781 20.1320224202 40.0758358907 725.026270562 713.256829534 270.058574865 20.6982269256 85.7395292946 64.5211407163 133.436700344 41.7646601833 172.233661669 64.7284453472 59.1824398319 13.6013230145 17.8006557911 670.983369247 690.280521128 878.440634969 139.787204398 37.1096449085 196.729719264 233.319740821 393.660610416 35.6600538921 17.192099416
-9999.0 -9999.0 -9999.0 -9999.0 -9999.0 -9999.0 -9999.0 -9999.0 -9999.0 -9999.0 -9999.0 13.376306743 304.895776161 26.1849793008 51.1414776496 233.505566013 27.6167909984 27.6826402216 25.18487051 51.8263554943 24.4116363223 99.2541374175 146.7901921 169.998583071 89.221845158 120.415809016 35.1737483797 37.7381735574 33.3697287487 6663.63483668 6728.63453358 744.275742978 750.743830648 732.182095239 39.5644876584 19.5104451932 105.583637728 278.930577918 153.563378913 61.881149015 253.732274249 119.846152271 100.791492655 26.4426446696 11.9446450601 12.2115839 13.8683205827 939.52377217 1134.126089 17.5134348975 16.8216323477 17.3872425779 410.384333455 462.117281841 31.9190743673
-9999.0 -9999.0 -9999.0 -9999.0 -9999.0 -9999.0 -9999.0 -9999.0 -9999.0 -9999.0 -9999.0 12.7363461465 336.338616231 416.057956422 25.0162620558 284.168229111 26.1316000618 25.2769009235 48.9288409483 124.707730672 23.8937465957 24.5918499482 23.1208428258 217.069084669 239.457340783 383.176547891 442.433207077 471.155227214 503.258891702 535.385515108 7294.00124531 8093.31611144 8896.85331065 8919.46302161 23.5088405209 19.9007350604 318.609731287 298.969255974 19.7580563758 19.4551148596 272.075394703 411.404348511 17.6717497979 196.729970528 181.085933029 53.4699185287 27.6174960325 43.6174275724 19.7781460063 1170.31780594 18.4059715804 52.0110063757 67.1593223155 577.462517295 620.480158515
-9999.0 -9999.0 -9999.0 -9999.0 -9999.0 -9999.0 -9999.0 -9999.0 -9999.0 -9999.0 -9999.0 28.263499658 54.3777545496 441.8699981 490.822244 24.947254208 330.893419985 23.5233293197 71.0363789142 147.529923191 46.7629077432 22.8352443349 47.353899481 22.5963584318 43.1356557877 20.5370727197 19.4725913147 17.0761615253 15.7980112728 16.7516661539 19.5031895699 26.4710031546 30.8582152702 33.4572295927 9001.31164075 412.067075639 368.226166527 23.5204198555 58.2173037404 14.7484292266 11.8060669992 429.985497724 682.65647224 216.300837549 156.276967493 28.2190864641 13.4244133742 12.7305484825 29.82572092 1218.24098672 1253.8040055 18.2676168599 18.6240212781 17.3133702059 11.9245218247
-9999.0 -9999.0 -9999.0 -9999.0 -9999.0 -9999.0 -9999.0 -9999.0 -9999.0 -9999.0 -9999.0 -9999.0 25.9334129928 335.222927974 850.93902261 925.982377003 1280.41362388 1300.73644217 330.834973174 240.517384648 70.04481036 22.676955097 92.3089223108 114.614160675 178.429985014 41.6682616337 39.8916639111 37.6877149699 73.6714782609 36.7415887636 38.8980490572 17.2604909478 13.3943998598 18.7752827042 9027.28945358 9453.03086965 9477.5557978 24.6268046937 171.855728835 64.9566627674 19.4976379525 741.26345429 40.3902244038 20.6175397991 84.4333281832 18.6923886096 18.8163622517 36.4540566527 52.3815335414 69.4637287018 1285.51744841 15.3540345354 14.08190846 14.1287590438 11.6570320398
-9999.0 -9999.0 -9999.0 -9999.0 -9999.0 -9999.0 -9999.0 -9999.0 -9999.0 -9999.0 -9999.0 27.6963483672 255.482829341 309.729984801 50.9094871719 14.4484234492 34.6218801855 1359.20079748 1380.24809273 1729.96193058 21.4898387587 44.0118624043 20.4214322792 20.7756451393 198.817421074 260.850991575 320.503710776 19.6546132001 93.3566644379 149.44560543 93.770108016 36.16233261 30.2444230159 32.048986246 34.4343234533 21.7891291559 9498.9807299 9518.40914245 9730.44624954 35.6637641054 18.0625913357 754.560010377 42.5208018803 21.6814308369 22.4883090538 22.2591281798 21.2240229487 40.9487555674 118.200737744 205.846366276 1506.36694927 11.9886425486 36.5431517102 24.9170139261 21.5439639493
-9999.0 -9999.0 -9999.0 -9999.0 -9999.0 -9999.0 -9999.0 -9999.0 -9999.0 -9999.0 -9999.0 28.2480682458 174.546733808 27.5252100652 25.2950886687 126.835164857 149.888177945 173.731024685 196.659254072 2350.98152426 2369.45717472 2409.89213041 2712.92481496 2776.94969009 2816.05492447 2837.054045 3206.66464857 3257.64820266 3276.90036668 3446.47489822 3560.41231696 3579.40392336 3644.45727508 50.2081539302 48.924841165 14.9551911083 17.343503916 9539.12754571 9806.19445599 55.7158132954 865.839951907 849.381084243 82.617843356 20.3039764272 20.7997851972 20.4050997968 19.8925426905 40.0815024809 59.1899047304 19.3970656426 1520.93819211 1536.14237271 1611.00093924 1623.98912719 1657.75764475
-9999.0 -9999.0 -9999.0 -9999.0 -9999.0 -9999.0 -9999.0 -9999.0 -9999.0 -9999.0 -9999.0 89.1094268946 117.86838049 55.6474632889 82.1889636928 26.2822892397 305.907755041 331.107836293 380.584832001 401.497526914 167.169192269 2608.74532148 2627.59526978 22.1802559983 18.44687886 16.3382022056 35.3555803931 16.7846216838 13.6965495086 12.8947472144 14.2172813688 3596.08371506 3661.79879177 3729.01951872 3793.46767519 3855.12692131 30.0915711326 11.7875404952 10723.897225 899.256439887 882.743384274 18.5212989573 18.4927829262 17.8093650728 38.986961138 38.7482217066 17.8710740759 17.9083393101 16.9196101855 36.1166772276 49.5982502796 10.7771796154 19.5542689217 8.16890859456 5.86303489374
-9999.0 -9999.0 -9999.0 -9999.0 -9999.0 -9999.0 -9999.0 -9999.0 -9999.0 -9999.0 -9999.0 -9999.0 60.225683834 28.2893241888 26.8301198188 255.8223856 281.767062925 25.688373272 103.389764357 126.672426299 148.509924871 23.1407460109 22.8928911453 430.305844941 451.115513578 471.103951984 1205.65976655 1221.96308683 1249.0865256 1376.4424624 1454.8800358 1467.46452659 11.2854721295 11.5948653426 12.0367945057 3883.21401763 13.9592600454 10902.7229068 10881.0970041 140.028093066 120.736430161 72.6115481265 18.2173607224 35.6056118519 57.2923974747 57.0421887058 35.3104335408 17.3599388504 34.0998931482 33.6928279309 64.85303006 10.1505077957 30.382825552 50.5237186942 62.8318575606
-9999.0 -9999.0 -9999.0 -9999.0 -9999.0 -9999.0 -9999.0 -9999.0 -9999.0 -9999.0 -9999.0 -9999.0 30.8530936821 88.6859126562 116.380418533 202.774447974 27.1416588099 54.1207003599 79.6016384869 297.924024735 319.3450465 336.060168722 359.017528365 385.114402448 600.840921476 675.231052613 716.981337324 17.2846762085 99.2916593099 114.58091812 1416.37483491 1481.50674061 1506.57819702 1531.35857752 1558.04529517 5455.99085152 10.3774012246 10957.5294639 30.8043792579 13.414837198 103.045123302 88.2859465262 14.2134232527 51.338507562 72.9943626956 72.5043448728 50.0015094382 81.9836979966 129.653903634 48.1748273598 126.524047544 11.4932385422 17.8009518918 4.94553833466 3.92223968019
