data/baseflow/mHMbf_acc302.asc
ncols                  80
nrows                 72
xllcorner      4374000.0
yllcorner      5656000.0
cellsize            500
NODATA_value       -9999
[rows 25 to 49 of 72, columns 0 to 54 of 80]
-9999.0 -9999.0 -9999.0 -9999.0 -9999.0 -9999.0 -9999.0 -9999.0 -9999.0 -9999.0 -9999.0 -9999.0 22.8728292322 45.3478787924 21.9025487682 44.2103323093 20.3475424021 150.764004256 190.712256226 211.132530602 19.600495989 38.1332645612 350.202846744 441.501853391 458.807315032 37.080335391 33.9105851484 49.7643134899 11.7656570504 10.9339080964 20.7361156849 9.29925481431 535.662323311 545.960196153 553.97727797 4317.14743989 8376.06070438 8310.91959971 15.7728820251 6.96403096561 6.32494360412 27.2057914077 20.8736113645 48.0196092015 65.2862654097 130.524301205 12.2486095384 12.2482243352 109.733279896 121.423594181 239.72223759 247.481415292 268.679496886 276.022983133 6.40876756041
-9999.0 -9999.0 -9999.0 -9999.0 -9999.0 -9999.0 -9999.0 -9999.0 -9999.0 -9999.0 -9999.0 -9999.0 -9999.0 22.1783299529 44.557359488 66.846886766 108.830394125 21.7984330191 20.3761585969 134.568171654 153.880194529 314.018951239 333.932690307 56.828074295 19.1407750485 17.9678365678 16.806119171 469.616447097 482.724917875 495.349782927 505.928881759 525.53240598 107.233845203 115.896839298 676.953093058 13376.0563865 54.7416123457 43.8459157289 23.3076335725 5.98202209513 5.3988400368 39.6162511732 44.00122022 59.5998641368 6.00064000359 138.402567205 22.0232544284 21.767773367 5.72012234764 3.78340341423 3.22415849221 2.94819237161 3.35517442462 280.670307424 3824.63154636
-9999.0 -9999.0 -9999.0 -9999.0 -9999.0 -9999.0 -9999.0 -9999.0 -9999.0 -9999.0 -9999.0 -9999.0 -9999.0 -9999.0 21.8598562678 40.2211450886 56.7959049623 73.6961050464 93.9536067195 114.729345335 61.4334858905 102.201639041 19.7608523132 19.2422765688 381.60640024 418.645389113 435.976115627 454.386451928 15.1091047518 27.8454275972 72.1812164291 85.5530178743 97.1224209223 10.5462386314 6.77267203775 13401.5958547 10.4876852047 11.7318191726 5.61443958347 24.7998118031 12.1429792637 5.31859470673 109.145865614 113.113003828 3.42495781245 142.071436034 167.591606938 25.9220803407 3992.83660067 3983.79823914 3976.23436013 3961.53602164 3955.89230811 3853.21594109 3848.86378573
-9999.0 -9999.0 -9999.0 -9999.0 -9999.0 -9999.0 -9999.0 -9999.0 -9999.0 -9999.0 -9999.0 -9999.0 -9999.0 -9999.0 4.28541508632 9.78504787939 16.4614496167 149.558510981 170.73358874 21.2570716656 20.6246150961 20.3549784836 305.191060453 344.772208852 19.5599481058 19.8568901524 17.0093276057 70.1012607681 87.3611576287 45.4195713886 59.1986654482 394.608934279 408.306623408 430.095578056 689.450938532 14097.4909025 9.67329672415 4.68384737064 37.865068517 31.55508221 4.71198779342 14.9043499014 19.3016386794 117.869778688 121.696353239 299.73551326 171.201565818 31.3293099312 4082.51911503 37.1157953833 3969.39649958 3965.66448262 97.0277417595 6.48990883626 19.562313456
-9999.0 -9999.0 -9999.0 -9999.0 -9999.0 -9999.0 -9999.0 -9999.0 -9999.0 -9999.0 -9999.0 -9999.0 -9999.0 -9999.0 21.8197697167 35.762300416 74.5499214459 129.969618898 185.902403325 225.492586381 245.854000559 266.388529187 286.487400298 19.5660839094 18.5892296512 36.773167997 34.9568876881 18.2140025302 338.192614074 355.067086058 370.764338067 386.071676041 227.443230368 240.176235925 252.275387772 14102.9605145 16.5691494608 11.3094794774 54.0918474467 6.65103136756 8.2952814876 4.2017167516 4.06958284198 23.1063864803 3.09810325401 3.30770225039 4402.08456874 4099.71941029 4096.25102693 15.2465581171 33.7348959173 22.2663570327 5.63232619592 87.1751577672 25.799933095
-9999.0 -9999.0 -9999.0 -9999.0 -9999.0 -9999.0 -9999.0 -9999.0 -9999.0 -9999.0 -9999.0 -9999.0 -9999.0 -9999.0 15.1863105427 14.0183587895 27.4637560141 41.9612034262 20.3596877284 22.4045924271 43.5340136643 64.4405934356 104.701641038 124.513291616 142.558117278 198.096402662 215.609319948 234.587382389 17.2284716989 171.822445867 187.290325092 201.990066324 12.4073073524 9.17654144394 16.4049396665 14374.3916306 14379.6658087 14405.9079966 73.5698313622 13.9868753952 13.8448158493 3.79024852776 7.20846495062 26.3287748876 32.2288596895 6.00280396648 4417.10259224 4.67493108792 8.33561425836 9.54497739967 6.54340026599 12.6553816548 5.09795291899 55.5561405131 44.2766592136
-9999.0 -9999.0 -9999.0 -9999.0 -9999.0 -9999.0 -9999.0 -9999.0 -9999.0 -9999.0 -9999.0 -9999.0 -9999.0 -9999.0 -9999.0 13.1676142804 26.042062028 12.8256880393 26.7461472427 169.794984451 188.311240435 208.809916454 20.0234338746 20.0021615054 38.126365066 56.9446392578 91.6092388919 109.453767544 121.023204651 137.705192834 14.5343149179 13.9248449149 228.288297255 236.665532607 243.298433566 249.390944294 212.65528752 14644.1605563 14755.3011091 14761.5010862 14781.1423677 14805.3394378 14815.8762165 2.98025190653 35.0053918003 4420.04230166 7.13132877394 3.67308023109 3.49706769593 3.21680464082 5.76416394348 6.2792757097 3.71282555567 5.85440612893 5.84359869966
-9999.0 -9999.0 -9999.0 -9999.0 -9999.0 -9999.0 -9999.0 -9999.0 -9999.0 -9999.0 -9999.0 -9999.0 -9999.0 -9999.0 -9999.0 -9999.0 38.780053704 52.7675685739 94.5892698473 127.873666263 18.24678827 248.960258991 268.714935621 287.982946141 18.9135418986 37.4216019338 17.2271049238 127.749456021 138.790796425 154.880971739 170.495939617 210.859891837 217.545499185 4.45499422863 189.635871415 201.603947305 206.943864242 232.725763243 32.0210872559 20.1478222727 12.6393051421 12.3674865021 14828.2073643 14832.8919672 14894.0770995 4422.84395132 18.9723179078 9.42341577484 6.14014785393 2.10761545267 18.8545355247 10.3844492767 3.22519979327 18.6194234508 15.9156410831
-9999.0 -9999.0 -9999.0 -9999.0 -9999.0 -9999.0 -9999.0 -9999.0 -9999.0 -9999.0 -9999.0 -9999.0 -9999.0 -9999.0 -9999.0 -9999.0 14.162658229 66.6588529163 81.4707819674 19.2722802032 21.0946915878 42.4212674442 62.6582923717 369.971959656 18.8904330175 75.7064328255 93.2907563659 110.97802749 11.6167633973 26.8904796724 37.3411887164 150.431797524 168.884739456 173.584968147 5.74063857407 6.27392798339 7.97795626737 14.6192280132 6.5769705524 7.13293679732 11.027079704 10.3659932824 11.063143074 22.9435426985 14899.4951186 19334.879614 23.2732748834 5.4882513328 2.00597827758 60.8986689579 56.2554014497 34.1418781798 30.8610424616 23.3663989329 5.70759387219
-9999.0 -9999.0 -9999.0 -9999.0 -9999.0 -9999.0 -9999.0 -9999.0 -9999.0 -9999.0 -9999.0 -9999.0 -9999.0 -9999.0 -9999.0 11.5247824356 38.6252581271 12.8963755114 22.0102536882 23.1460011029 44.5160575017 65.369062558 83.6507269866 467.578730195 485.978022742 18.9483257598 36.6638677082 54.4648065388 68.9908271965 84.7238319668 134.153133293 144.372188241 11.9541485934 10.0466570771 9.61868602433 10.7776049593 11.4513056055 11.9606617697 10.6741211576 13.9051881441 35.6687312867 16.5033597745 4.14914918261 3.9449912314 4.33145945284 8.11327844592 19510.0746773 144.913703098 70.423007421 4.72539157382 2.01573913192 1.84681651247 7.26363095691 5.24275017872 2.80000273182
-9999.0 -9999.0 -9999.0 -9999.0 -9999.0 -9999.0 -9999.0 -9999.0 -9999.0 -9999.0 -9999.0 -9999.0 -9999.0 -9999.0 12.2953147253 23.4349055894 86.0888170127 12.2383804705 40.5391169431 63.3633393271 85.1114350885 21.9593284517 41.7150615312 58.4268791327 557.593156612 18.0417645527 34.8874670081 52.2727923988 16.4366720361 32.7086197505 44.3885455529 54.6767247647 1134.3479984 1153.34906291 1170.69857986 1240.46919901 1274.98238281 1336.10733323 15.1021339797 35.9319700357 43.3167029797 1505.05121405 1513.19238164 3.62097087433 6.78331052076 9.78670092364 19513.9816122 133.239779335 57.076776132 54.723952409 45.8919188189 41.5748804504 9.61911856464 2.19346959448 4.61412173067
-9999.0 -9999.0 -9999.0 -9999.0 -9999.0 -9999.0 -9999.0 -9999.0 -9999.0 -9999.0 -9999.0 -9999.0 -9999.0 -9999.0 12.6956666149 38.153215616 136.72840051 201.402768271 10.8234974937 265.860816039 364.766421591 21.1797704965 40.8732787724 58.5993410265 724.556464904 738.820186151 15.915133 84.6943096667 100.039569746 114.105329658 1014.51590417 1050.21789616 1069.16982421 8.80137770013 49.8484709822 59.2945010268 26.352322314 38.3780879765 1387.66808979 1439.66967383 1448.72388263 1457.13258372 1522.15424348 4.35202433663 3.72003614391 16.3841490237 19517.5444238 3.43914339468 2.32992377317 6.86343443458 2.54314633086 37.948111565 30.6368267823 17.9938703516 13.2310978283
-9999.0 -9999.0 -9999.0 -9999.0 -9999.0 -9999.0 -9999.0 -9999.0 -9999.0 -9999.0 -9999.0 -9999.0 -9999.0 -9999.0 -9999.0 -9999.0 26.6395608866 53.4130538972 238.974444704 252.86059215 376.687685023 390.62001393 20.6744310584 41.2514859311 96.8834559422 751.129001574 783.288562024 797.265410493 11.4957215985 850.084559243 887.947710511 23.2373990013 8.93105470239 17.4383401016 33.793781095 8.05410934766 16.1386234758 35.128744349 44.1240179489 8.33595828988 5.35242965563 10.5669275396 1564.19199583 1578.92275049 1582.09768382 1607.09777491 19520.7484329 2.06820715124 1.68871421199 1.9228995043 1.84057197596 1.88795732468 1.62655961443 3.04478501428 1.58286608986
-9999.0 -9999.0 -9999.0 -9999.0 -9999.0 -9999.0 -9999.0 -9999.0 -9999.0 -9999.0 -9999.0 -9999.0 -9999.0 -9999.0 -9999.0 -9999.0 13.9355766152 13.565345567 13.5533888404 28.3493837104 12.3892526861 415.137955393 427.923987463 18.7670375013 38.0267923527 19.4267992332 16.9684265198 16.4882429944 827.461689843 12.8511092008 25.8773776303 12.2042328657 9.5493898757 8.3358117931 6.45208660354 6.72381439851 20.4421080126 28.0128662387 5.33194804514 4.62570146339 9.90077424914 16.4642821837 23.3937990639 7.4847494329 1587.21357739 1610.30876806 19522.9746197 9.44136849584 5.52812385797 1.16434219429 2.76149661342 0.941553167068 0.718316355419 3.8280558871 8.34895342469
-9999.0 -9999.0 -9999.0 -9999.0 -9999.0 -9999.0 -9999.0 -9999.0 -9999.0 -9999.0 -9999.0 -9999.0 -9999.0 -9999.0 -9999.0 -9999.0 -9999.0 -9999.0 13.4091243712 40.4951145974 51.2437239681 63.1427722169 439.543931102 451.367214249 463.593886279 478.682024793 494.685397895 527.755053604 540.066913312 552.25131617 562.422349505 8.48589634414 7.94224301067 8.26738120872 28.5253029486 7.50773713938 7.07520819312 5.55143770491 15.9888204925 6.16994068324 4.65767875709 4.31449497115 3.75606627617 7.49522362143 10.6335595695 1631.58616843 21166.551151 1.74517037639 3.97027397791 1.0033472551 3.79990534672 2.16657205658 1.44570662994 18.6539339328 13.6615149434
-9999.0 -9999.0 -9999.0 -9999.0 -9999.0 -9999.0 -9999.0 -9999.0 -9999.0 -9999.0 -9999.0 -9999.0 -9999.0 -9999.0 -9999.0 -9999.0 -9999.0 -9999.0 -9999.0 10.8955822988 88.4885314747 175.769124838 188.523867707 18.3061138179 37.0783022372 56.2562723853 73.1716011827 182.513931212 191.995343622 9.06954199583 8.94573768883 579.787986458 595.336246887 602.626253632 34.0429882342 4.85692875408 12.3628666293 18.0284655393 53.4961709759 65.2018992029 74.1275341708 8.17390175984 11.2934970677 3.72660269788 7.27692263796 3.69045116057 21173.4441257 1.61457609724 6.97967524109 3.00968346043 8.38386324496 17.5510570876 19.9457226421 39.549803512 18.1617260923
-9999.0 -9999.0 -9999.0 -9999.0 -9999.0 -9999.0 -9999.0 -9999.0 -9999.0 -9999.0 -9999.0 -9999.0 -9999.0 -9999.0 -9999.0 -9999.0 -9999.0 -9999.0 12.4038211308 39.8792754171 77.8115237695 101.3527835 261.133533316 276.618962017 39.4574607379 58.9000818907 76.5879353835 93.7383397192 203.297456392 222.453260292 403.922305937 420.405052423 429.14759565 609.832406759 661.77233073 11.9769578045 8.07813227645 7.64733814198 14.4588266784 6.36563592564 86.081739766 90.3402318459 14.7977671811 20.5903656848 4.29427673527 4359.95558294 4367.28096182 25545.0828252 25554.863298 1.5821910559 11.7952185985 2.12544772122 1.96838070138 43.8606849703 63.6936102724
-9999.0 -9999.0 -9999.0 -9999.0 -9999.0 -9999.0 -9999.0 -9999.0 -9999.0 -9999.0 -9999.0 -9999.0 -9999.0 -9999.0 -9999.0 -9999.0 -9999.0 -9999.0 -9999.0 14.3881051992 13.9348233358 26.0784376821 61.6062324519 288.421350839 20.0961607863 19.8191194879 37.2758319017 55.0636938151 138.16859323 151.981638996 10.979273062 10.5678069782 439.889679935 447.494061488 1117.35955346 1124.65110253 4.21581207608 3.70249111235 3.05312645205 3.08331709987 3.27585908218 4275.53441563 4300.86097876 4327.95688101 4338.29016116 4354.8720646 3.95053247609 14.392556519 17.3749884566 25578.1934251 25579.8090612 25584.4819846 25590.6664712 25595.6809514 67.2564428052
-9999.0 -9999.0 -9999.0 -9999.0 -9999.0 -9999.0 -9999.0 -9999.0 -9999.0 -9999.0 -9999.0 -9999.0 -9999.0 -9999.0 -9999.0 -9999.0 -9999.0 -9999.0 -9999.0 -9999.0 12.5780322489 13.2743403591 24.4442162826 336.107875834 349.38278951 19.5482958613 36.8652104605 54.9714078667 70.0084670537 13.6604269473 25.4647504266 858.225582791 866.940345512 876.933735826 944.190229326 2078.01148886 4104.44450655 4114.73412429 4123.91357313 4132.69185029 4169.17147427 4180.95014817 20.6942053117 9.18071162313 5.40266634322 10.1331348923 7.08486865475 11.3314876231 3.48685656303 82.7149046641 88.9180106471 93.5427952901 94.8784486512 25597.7748955 25669.2827054
-9999.0 -9999.0 -9999.0 -9999.0 -9999.0 -9999.0 -9999.0 -9999.0 -9999.0 -9999.0 -9999.0 -9999.0 -9999.0 -9999.0 -9999.0 -9999.0 -9999.0 -9999.0 -9999.0 -9999.0 -9999.0 12.843592912 24.5445107449 36.3194879927 359.431233267 14.5776625624 498.532976183 516.98814004 531.063019789 543.66199122 809.300410494 821.477188319 9.53202449913 48.3787185394 58.6714881048 8.7354009363 2016.26227995 2000.62064976 4.78524287205 10.9582390094 28.8379769639 6.3072414537 6.37124495091 4.58296815034 3.72957389324 2.89509205249 3.28314199049 72.0229038886 75.367276023 79.4289341388 3.82405564618 2.93788844935 96.5806030707 98.1960998734 99.1034561405
-9999.0 -9999.0 -9999.0 -9999.0 -9999.0 -9999.0 -9999.0 -9999.0 -9999.0 -9999.0 -9999.0 -9999.0 -9999.0 -9999.0 -9999.0 -9999.0 -9999.0 -9999.0 -9999.0 -9999.0 -9999.0 11.5334029374 10.791899571 56.2073850607 439.54284254 466.294172627 481.489230717 18.0854305586 232.628700123 246.17258164 253.256917944 11.8259567413 21.9384073002 30.5268562266 490.090402538 496.640957642 502.305557732 1990.26872445 1157.62391924 6.00905610489 6.07562747597 5.83304775436 4.35708820204 44.6420508597 53.1394570931 60.5728458442 64.5957016668 68.4610660893 496.662432702 499.38086211 504.134991037 516.091740446 551.395098508 552.649297031 653.039879642
-9999.0 -9999.0 -9999.0 -9999.0 -9999.0 -9999.0 -9999.0 -9999.0 -9999.0 -9999.0 -9999.0 -9999.0 -9999.0 -9999.0 -9999.0 -9999.0 -9999.0 -9999.0 -9999.0 -9999.0 -9999.0 -9999.0 22.5632431239 34.6404638342 13.3236713893 19.6848446116 165.500082054 184.272121161 199.399719832 101.072751709 114.092770393 127.354164507 136.70662767 475.621021298 484.420536027 311.343499569 820.562577937 826.999689895 1152.62676093 11.8887496234 5.92203335949 4.13156458218 30.8930568261 36.1101864254 2.94694334105 2.71858986997 484.443132218 491.013900783 494.114914854 5.43867425379 8.32807364748 546.175343114 3.26882239971 8.95604130891 9.85867153937
-9999.0 -9999.0 -9999.0 -9999.0 -9999.0 -9999.0 -9999.0 -9999.0 -9999.0 -9999.0 -9999.0 -9999.0 -9999.0 -9999.0 -9999.0 -9999.0 -9999.0 -9999.0 -9999.0 -9999.0 -9999.0 -9999.0 11.3629120143 22.4539950205 97.1231040628 111.04059306 127.69153606 71.5885310713 87.7135254344 13.8371933938 306.142281368 318.655553984 330.312322534 9.65975431155 295.013962435 304.135521785 6.69050451431 1121.10101871 13.7299062485 6.82504017168 16.6629504951 22.6062315904 4.25673800819 3.43894859542 450.481337577 478.514755927 482.401611068 4.06913958506 8.32354514658 10.6122255489 12.8105439889 25.8609176365 3.22903463161 7.3527460163 1.45423850363
-9999.0 -9999.0 -9999.0 -9999.0 -9999.0 -9999.0 -9999.0 -9999.0 -9999.0 -9999.0 -9999.0 -9999.0 -9999.0 -9999.0 -9999.0 -9999.0 -9999.0 -9999.0 -9999.0 -9999.0 -9999.0 -9999.0 11.184057372 35.6907892505 63.2037085359 15.8934295938 34.5291412695 53.9596820406 251.216902812 266.953080561 280.005269156 12.1050776424 232.750096274 268.081597141 278.000258537 7.76198814579 1093.21089071 1108.11898607 6.82089169938 6.2043764333 12.0828734789 4.7594238266 428.119870555 436.460788302 441.157992787 17.9701832133 21.8952555552 3.37863433012 5.95988317471 2.60488322436 18.5398150528 2.66295512704 1.86668797107 1.96162892712 2.03960782036
-9999.0 -9999.0 -9999.0 -9999.0 -9999.0 -9999.0 -9999.0 -9999.0 -9999.0 -9999.0 -9999.0 -9999.0 -9999.0 -9999.0 -9999.0 -9999.0 -9999.0 -9999.0 -9999.0 -9999.0 -9999.0 -9999.0 -9999.0 12.7135676616 14.4395526462 18.0724194412 161.573688742 179.859325075 233.960548063 16.3072734418 181.516648861 209.848247061 12.3692288899 24.9958984992 9.1971367807 1069.3832576 9.43527686231 22.8398172953 28.0781132755 33.0288380832 397.914293946 414.755358614 420.043444744 5.33869445351 9.73909055791 13.6741263656 2.28446715827 2.04201952465 961.316051116 963.366012764 965.026130156 981.665504878 983.774271115 986.34561154 987.945187074
