data/baseflow/mHMbf_acc458.asc
ncols                  80
nrows                 72
xllcorner      4374000.0
yllcorner      5656000.0
cellsize            500
NODATA_value       -9999
[rows 0 to 24 of 72, columns 0 to 54 of 80]
-9999.0 -9999.0 -9999.0 -9999.0 -9999.0 -9999.0 -9999.0 -9999.0 -9999.0 -9999.0 -9999.0 -9999.0 32.5959610341 21.8988841102 -9999.0 -9999.0 -9999.0 -9999.0 -9999.0 -9999.0 -9999.0 -9999.0 -9999.0 -9999.0 -9999.0 -9999.0 -9999.0 -9999.0 -9999.0 -9999.0 -9999.0 -9999.0 -9999.0 -9999.0 -9999.0 -9999.0 -9999.0 -9999.0 -9999.0 -9999.0 -9999.0 -9999.0 -9999.0 -9999.0 -9999.0 -9999.0 -9999.0 -9999.0 -9999.0 -9999.0 -9999.0 -9999.0 -9999.0 -9999.0 -9999.0
-9999.0 -9999.0 -9999.0 -9999.0 -9999.0 -9999.0 -9999.0 -9999.0 -9999.0 -9999.0 -9999.0 -9999.0 65.9255644351 133.157669624 18.7935340324 -9999.0 13.4164326198 -9999.0 -9999.0 -9999.0 -9999.0 -9999.0 -9999.0 -9999.0 -9999.0 -9999.0 -9999.0 -9999.0 -9999.0 -9999.0 -9999.0 -9999.0 -9999.0 -9999.0 -9999.0 -9999.0 -9999.0 -9999.0 -9999.0 -9999.0 -9999.0 -9999.0 -9999.0 -9999.0 -9999.0 -9999.0 -9999.0 -9999.0 -9999.0 -9999.0 -9999.0 -9999.0 -9999.0 -9999.0 -9999.0
-9999.0 -9999.0 -9999.0 -9999.0 -9999.0 -9999.0 -9999.0 -9999.0 -9999.0 -9999.0 32.8145764746 32.0358291968 32.8704247459 31.8681080516 194.919832047 216.834297699 37.8660327813 12.0787569157 -9999.0 -9999.0 -9999.0 -9999.0 -9999.0 -9999.0 -9999.0 -9999.0 -9999.0 -9999.0 -9999.0 -9999.0 -9999.0 -9999.0 -9999.0 -9999.0 -9999.0 -9999.0 -9999.0 -9999.0 -9999.0 -9999.0 -9999.0 -9999.0 -9999.0 -9999.0 -9999.0 -9999.0 -9999.0 -9999.0 -9999.0 -9999.0 -9999.0 -9999.0 -9999.0 -9999.0 -9999.0
-9999.0 -9999.0 -9999.0 -9999.0 -9999.0 -9999.0 -9999.0 -9999.0 -9999.0 32.1204231349 64.7114219797 128.53191358 63.9356718075 31.3260600175 61.8405535473 247.242564694 316.870105367 14.4582952997 -9999.0 32.4198384573 -9999.0 -9999.0 -9999.0 -9999.0 26.0341319856 13.1276139551 -9999.0 -9999.0 -9999.0 -9999.0 -9999.0 -9999.0 -9999.0 -9999.0 -9999.0 -9999.0 -9999.0 -9999.0 -9999.0 -9999.0 -9999.0 -9999.0 -9999.0 -9999.0 -9999.0 -9999.0 -9999.0 -9999.0 -9999.0 -9999.0 -9999.0 -9999.0 -9999.0 -9999.0 -9999.0
-9999.0 -9999.0 -9999.0 -9999.0 -9999.0 -9999.0 -9999.0 -9999.0 34.2047860871 99.2696327333 130.618853268 162.007928906 223.03950778 30.1802322842 121.406756066 151.409231035 513.681838555 25.6347784717 29.3069323633 62.5562870946 91.9235078791 30.1459392252 -9999.0 71.4186813848 58.4206442595 17.0150085319 -9999.0 -9999.0 -9999.0 -9999.0 -9999.0 -9999.0 -9999.0 -9999.0 -9999.0 -9999.0 -9999.0 -9999.0 -9999.0 -9999.0 -9999.0 -9999.0 -9999.0 -9999.0 -9999.0 -9999.0 -9999.0 -9999.0 -9999.0 -9999.0 -9999.0 -9999.0 -9999.0 -9999.0 -9999.0
-9999.0 -9999.0 -9999.0 -9999.0 -9999.0 -9999.0 33.8933306822 32.2186312958 31.9897422149 32.2049048438 32.3526620445 226.631929307 480.905220886 512.008102372 540.559373103 27.9726427794 569.443682974 598.299976244 59.3644614939 29.487608367 120.828876344 209.72840838 28.2465697082 153.277230964 29.3557086577 28.0150226352 29.9025273716 -9999.0 -9999.0 -9999.0 -9999.0 -9999.0 -9999.0 -9999.0 -9999.0 -9999.0 -9999.0 -9999.0 -9999.0 -9999.0 -9999.0 -9999.0 -9999.0 -9999.0 -9999.0 -9999.0 -9999.0 -9999.0 -9999.0 -9999.0 -9999.0 -9999.0 -9999.0 -9999.0 -9999.0
-9999.0 -9999.0 -9999.0 -9999.0 -9999.0 -9999.0 67.6774793066 100.443178446 229.552219325 324.524841946 30.4488720748 30.8888232292 30.0695659591 89.4674895157 658.355947782 27.3031595316 626.332501136 738.315895157 88.0329074046 57.0799657566 237.684878589 29.3206007286 182.673431434 58.6936315929 29.2981653768 56.1773918279 59.3101691134 30.9767713901 31.1520041041 30.9046299046 31.4427686145 63.1709425171 -9999.0 -9999.0 -9999.0 -9999.0 -9999.0 -9999.0 -9999.0 -9999.0 -9999.0 -9999.0 -9999.0 -9999.0 -9999.0 -9999.0 -9999.0 -9999.0 -9999.0 -9999.0 -9999.0 -9999.0 -9999.0 -9999.0 -9999.0
-9999.0 -9999.0 -9999.0 -9999.0 -9999.0 34.8651748998 68.5891145302 33.414835303 65.8123599425 357.221705137 419.695834412 481.643412678 1497.35888918 29.7544016608 687.714867113 2405.48153583 2426.83633768 3201.50052552 23.2685186963 84.9737003909 265.873515631 28.0986945419 503.412700374 291.929833551 175.041346219 145.479975333 29.4382079796 91.887242397 91.7422850671 61.322507213 30.1469656332 93.9894640914 30.1417214264 30.0501390001 -9999.0 -9999.0 -9999.0 -9999.0 -9999.0 -9999.0 -9999.0 -9999.0 -9999.0 -9999.0 -9999.0 -9999.0 -9999.0 -9999.0 -9999.0 -9999.0 -9999.0 -9999.0 -9999.0 -9999.0 -9999.0
-9999.0 -9999.0 -9999.0 -9999.0 -9999.0 34.8491406264 102.647332811 204.827829106 237.246714122 471.275425977 502.840867912 599.750342237 986.175870481 1578.6993398 1636.62956796 1663.58718033 52.5090257908 3295.48152407 3344.21830303 3483.71616384 4365.97332973 588.494377828 532.618596078 204.256261747 29.0630792081 178.12367156 120.339839025 27.8395009961 120.643822608 27.9919636249 58.112209959 153.491707417 182.936838612 59.4826229895 29.244582858 29.3377161622 -9999.0 -9999.0 -9999.0 -9999.0 14.6551794868 12.2149268458 -9999.0 -9999.0 -9999.0 -9999.0 -9999.0 -9999.0 -9999.0 -9999.0 -9999.0 -9999.0 -9999.0 -9999.0 -9999.0
-9999.0 -9999.0 -9999.0 -9999.0 -9999.0 34.388644264 33.561396932 136.254641384 168.795988633 202.015148676 32.6620690597 65.0466222863 363.362706488 64.8683602913 31.6502391711 30.6107168454 28.066979591 31.2308118153 30.6421044223 29.5057638113 4394.30066068 4478.35167894 28.1324905916 86.0304124683 58.0378793215 206.865469481 56.3997186404 27.3372335463 149.894562054 55.4698340968 133.133063987 325.22049671 300.664045893 88.6602187067 87.040547885 29.377698161 29.3106377153 -9999.0 -9999.0 29.1951585698 35.470599047 73.0489475526 12.7384252783 -9999.0 -9999.0 -9999.0 -9999.0 -9999.0 -9999.0 -9999.0 -9999.0 -9999.0 -9999.0 -9999.0 -9999.0
-9999.0 -9999.0 -9999.0 -9999.0 -9999.0 -9999.0 34.8704625758 34.6820390825 68.4225432677 101.945212366 233.302056198 299.082675859 332.419705465 33.8852645956 30.1690009525 382.194597859 472.819090557 502.436597742 621.807787043 650.639474033 28.5336294493 4506.53781504 4647.77241361 113.344665787 25.076717216 234.418051749 523.136043959 204.738664177 56.2923800124 28.125561737 512.954694504 353.445718223 27.8669617923 27.9135389814 114.964320344 87.0967570014 28.4742398233 26.9859786201 28.7290238794 57.5546382512 28.2384873966 88.9669951406 116.286530084 25.2600071638 -9999.0 -9999.0 -9999.0 -9999.0 26.5794015176 25.7332491194 7.98695012493 -9999.0 -9999.0 -9999.0 -9999.0
-9999.0 -9999.0 -9999.0 -9999.0 -9999.0 -9999.0 -9999.0 35.0222257253 32.2468783317 65.7436054417 99.0576400492 33.2032130305 32.8595696325 195.666167109 258.677153887 322.205147418 30.5535406948 60.9386123431 29.6628776953 679.21234787 1479.25554405 1494.84391695 6192.70159683 28.3415062219 75.6443737107 24.6699426624 551.037738907 27.9672227771 84.693968902 27.9668125732 540.859148964 568.547157083 55.7079130711 55.5332260435 287.807600159 144.324391244 55.3010367558 28.4398047305 57.5611148329 86.0544514409 141.766849245 27.292562459 166.1145008 188.370354498 20.0569283578 21.2267273607 21.5601092383 19.906562024 18.7880364934 75.0071540132 31.5153748591 20.3122973645 -9999.0 -9999.0 -9999.0
-9999.0 -9999.0 -9999.0 -9999.0 -9999.0 -9999.0 -9999.0 -9999.0 67.2604064909 99.0469506023 32.9876396856 66.2713889165 98.4323361389 164.365291666 32.5930362585 32.236996919 30.1136175766 30.5798691953 29.3052184262 742.066328264 30.1544671646 59.8148739545 6270.4911206 6334.14457058 36.218257606 147.794029828 726.734285235 54.8971933638 111.216626264 54.1377874763 80.2417562945 677.104928886 82.2555983706 424.794693669 342.752206483 27.6685257622 139.512341875 56.5268503749 85.4181311338 27.8525338571 168.958325963 221.378695271 241.465522203 260.710251634 265.512994861 38.8768936124 39.7955629903 37.0505225428 34.6595815392 95.4787073656 21.3917188618 73.5462580017 94.6824858312 -9999.0 -9999.0
-9999.0 -9999.0 -9999.0 -9999.0 -9999.0 -9999.0 -9999.0 -9999.0 33.990507637 166.338814414 198.938646285 32.7172218456 64.9023117135 32.2185082292 31.5238954114 31.0308742978 379.344950811 505.573125392 619.156997326 725.784564693 27.2660310369 29.904810064 35.362120793 6467.91091406 6532.99099193 6565.47334066 986.544856127 222.733005001 193.806516259 26.3391632693 106.356439067 809.76524479 26.0643918349 451.277375497 27.3139273445 181.083884951 167.903353885 27.884292331 113.044213552 55.4422123879 82.7216622609 26.3559941245 19.1195597913 279.759097387 297.306674061 283.020978376 57.9200894144 54.475400591 51.8636113855 117.758391334 160.76091651 21.4430863579 116.761263871 23.2469836318 44.9258661265
-9999.0 -9999.0 -9999.0 -9999.0 -9999.0 -9999.0 -9999.0 -9999.0 -9999.0 33.8256986211 231.900740645 264.461345682 97.3310446902 161.877528003 225.010489759 256.656033892 31.8759371543 95.9529713145 64.1466665516 31.8504274491 32.0415400979 30.5561151995 61.9253428509 110.203453986 41.8270063819 7625.053468 7661.03665688 33.9164680383 25.9860228019 52.3119032632 78.0083643029 886.54399905 51.3012168786 476.29872812 284.161740609 231.639473261 27.4564690801 55.0892901953 139.879007274 26.6865419145 109.031716915 52.3539860517 37.3660358759 19.0054116122 354.4441846 653.0649081 72.1673356258 69.2220460976 71.6168942282 20.2328499576 180.615282976 19.5477462002 158.595270139 21.6941266893 66.4558010662
-9999.0 -9999.0 -9999.0 -9999.0 -9999.0 -9999.0 -9999.0 -9999.0 -9999.0 -9999.0 32.1659170061 329.21425474 32.4214241085 64.754070288 95.9644300614 158.969013454 32.1244453188 64.386739266 32.5002558708 31.3769847153 30.5356694295 60.1805780614 28.7584927155 33.9121675275 72.9398677147 41.1376966721 7692.65613335 7758.51190678 7853.7298106 105.766033825 26.0123594002 51.7901199222 912.412081515 889.296557168 337.627144874 26.6449380835 109.387218782 82.2292300969 166.773524606 53.5169322929 213.983900145 78.4793248111 61.642496645 18.8311120339 20.7471063636 672.983164887 691.23508496 849.31697667 135.494069103 42.2981356066 201.481648174 241.53561101 419.278903502 42.7725165573 20.4135494794
-9999.0 -9999.0 -9999.0 -9999.0 -9999.0 -9999.0 -9999.0 -9999.0 -9999.0 -9999.0 -9999.0 17.7936136885 369.25898665 32.6546379825 63.615954152 284.450943711 31.2367304242 31.2416679495 30.2284301576 62.2311385286 30.2503582071 120.549796623 178.597579639 206.343398614 101.618012738 130.624439478 32.290656443 40.3872935366 34.3156958947 8016.29229321 8099.2633286 936.938718346 937.625653013 913.600247675 50.4993971567 24.9959062022 134.994319033 353.307884844 192.778714441 79.5151090735 318.829380065 148.836595819 124.090094448 39.645828276 16.684803666 15.5827087474 15.4050224047 922.16677633 1119.48064911 21.5113464845 18.9862270862 21.0539378082 439.707143557 502.452520117 39.0260352568
-9999.0 -9999.0 -9999.0 -9999.0 -9999.0 -9999.0 -9999.0 -9999.0 -9999.0 -9999.0 -9999.0 16.8900288593 410.757945423 506.496910491 30.8978078007 346.067393487 29.7966352496 29.8051130638 60.1913857807 152.516811779 30.1427779031 30.8015441461 29.0818760542 263.907725452 292.573957181 451.901508474 513.27058885 546.457001754 580.012669995 612.807472577 8742.70841159 9742.58313478 10736.0325686 10756.8787908 25.6143266196 24.7890634891 404.499616907 379.134551715 25.6008126134 25.3569619662 344.104758023 518.233620626 23.6342972292 268.897218959 246.088215348 74.8834106446 34.0499167503 54.4319639607 20.6389951696 1154.96554749 17.4333790368 57.2842435417 72.0886176137 625.45711293 681.704427182
-9999.0 -9999.0 -9999.0 -9999.0 -9999.0 -9999.0 -9999.0 -9999.0 -9999.0 -9999.0 -9999.0 33.3028665279 64.7844771915 537.696967292 597.691732226 30.1212078139 397.000790263 27.9083001341 86.3241702838 181.371402566 59.0976532237 28.9280196434 58.7977302623 27.7109047343 53.8658411815 26.3818106014 25.697799259 24.0703339635 23.0593687374 24.0079572898 26.7563985733 33.8720443178 37.0158082424 35.9627378918 10839.857588 502.988927251 450.776177794 22.3388176429 74.8108873909 18.6381541681 16.3507135318 542.303011255 884.668962749 294.328553744 208.648828711 41.195392496 18.2640356797 17.3649613934 35.4048311546 1208.66144472 1239.61941736 15.8228690294 15.6960897337 16.996781678 17.7546621961
-9999.0 -9999.0 -9999.0 -9999.0 -9999.0 -9999.0 -9999.0 -9999.0 -9999.0 -9999.0 -9999.0 -9999.0 31.4476534553 396.053294668 1024.42007965 1116.95937601 1541.77102039 1562.79528727 405.274455394 298.908642863 88.4934077633 28.7824890052 115.587492797 143.28316955 223.618583697 53.3182414826 52.0758592179 50.6221053359 99.8068211432 49.9290493376 52.0819490746 24.0112405339 21.4253429857 25.8166594877 10865.6037226 11385.4309924 11413.1071651 22.0066767983 204.458948406 84.4141021782 25.1225236512 960.436736454 52.1605539388 26.5379213794 108.709283184 25.4898935626 22.7646336198 41.7782153294 58.2003466298 75.6090268663 1267.72106123 12.975059949 11.4278010058 11.4195670569 10.4366403886
-9999.0 -9999.0 -9999.0 -9999.0 -9999.0 -9999.0 -9999.0 -9999.0 -9999.0 -9999.0 -9999.0 32.6554943665 300.51439237 365.104380783 62.1134696002 19.2405236485 45.78851957 1637.9006723 1661.81040606 2087.45560317 26.9934409531 55.628415428 26.1101696782 26.5005753978 249.855118527 329.393462304 407.068346999 25.4419395943 125.318254134 200.337950079 124.836500358 48.4889585886 44.321466156 46.4749140252 45.2572524441 25.1011869805 11432.0273118 11448.284213 11686.0087835 45.2506683327 23.2225069084 974.558993219 53.8628552501 27.3513950682 28.2446680287 28.0257889327 26.4744654422 49.6104420785 141.769827661 235.729009072 1517.89006705 10.7158838806 31.5611664515 21.0809319048 19.2650978626
-9999.0 -9999.0 -9999.0 -9999.0 -9999.0 -9999.0 -9999.0 -9999.0 -9999.0 -9999.0 -9999.0 33.1802945169 203.926523669 32.6943409588 30.8224127526 152.397839788 181.108067533 210.97468418 239.442770563 2828.99299088 2853.08601372 2904.98194769 3280.05823869 3360.88183488 3411.21033705 3437.9871476 3910.95644325 3980.29647417 4005.33281087 4231.7499491 4382.41147755 4406.99616258 4498.18277337 69.9570945322 66.610411678 22.1804358467 19.4610245799 11467.1599356 11769.1079116 67.2811478888 1112.35884837 1091.70752283 104.899889004 25.9490355531 26.428244574 26.0060157743 25.3041885177 50.8090765662 73.9130026733 22.2634419234 1531.38979282 1544.9014687 1609.66057839 1621.103252 1651.01353222
-9999.0 -9999.0 -9999.0 -9999.0 -9999.0 -9999.0 -9999.0 -9999.0 -9999.0 -9999.0 -9999.0 103.417395759 137.106020833 65.4051660498 97.2433738577 31.6025163132 355.667253653 385.960471782 446.075728935 473.682697249 200.85199468 3146.4735622 3171.19119352 27.614939536 23.8580753366 22.8593184383 47.9787837284 24.2889714759 21.5974464235 20.832888371 21.4895423758 4430.40470699 4521.39540186 4612.01892942 4697.73237616 4774.63172753 35.5607401558 13.1741438765 12936.1397025 1151.31025987 1133.41788458 23.4866878274 23.0845375195 21.9108383886 48.0052838702 47.6626521958 22.8119067498 22.8383339573 21.3253169601 43.3852995049 59.0765126094 10.9506667389 20.7538529464 9.6371816618 8.70175470945
-9999.0 -9999.0 -9999.0 -9999.0 -9999.0 -9999.0 -9999.0 -9999.0 -9999.0 -9999.0 -9999.0 -9999.0 69.6815226005 33.2132672055 32.0278536259 295.381929191 325.894553261 30.711448215 120.58177769 149.59367766 177.296171652 29.1491720657 27.2001356826 508.235527326 532.608199245 556.66775583 1420.48210709 1442.4201996 1484.03939715 1654.8651098 1772.73427821 1793.16780945 18.4589604734 18.821548595 18.1631156718 4800.15426026 13.5084238856 13150.6019117 13129.7066924 178.22340903 157.118000691 92.1059475967 23.0769505989 44.1137644636 69.5764928984 69.2835221085 44.7034271165 22.2122658748 43.415657566 42.5775595552 78.7871832046 12.7775083915 34.9834490488 58.1865021091 75.8494186
-9999.0 -9999.0 -9999.0 -9999.0 -9999.0 -9999.0 -9999.0 -9999.0 -9999.0 -9999.0 -9999.0 -9999.0 35.3900200918 102.204854624 134.572587317 231.925715828 30.1919729444 61.1204207169 91.5042741147 347.145775846 374.666494467 399.074717958 426.942553146 455.967856629 703.8798338 789.921890896 841.735987665 23.3261579691 129.501804041 151.609644647 1712.99286555 1813.66334655 1852.7106906 1891.42771362 1931.38519203 6744.40719367 9.49684241705 13207.8096255 36.6417135978 17.7654360307 134.421790696 113.450102791 20.0579584938 64.8809005578 90.2260399296 89.6111614166 64.1709339255 105.947228033 167.916615918 61.9688750795 159.336001212 16.669768509 26.6392387532 6.6749938362 4.99146874492
