data/baseflow/mHMbf_acc499.asc
ncols                  80
nrows                 72
xllcorner      4374000.0
yllcorner      5656000.0
cellsize            500
NODATA_value       -9999
[rows 25 to 49 of 72, columns 0 to 54 of 80]
-9999.0 -9999.0 -9999.0 -9999.0 -9999.0 -9999.0 -9999.0 -9999.0 -9999.0 -9999.0 -9999.0 -9999.0 12.117426973 23.8162376843 10.1259810476 20.3062411085 7.69915053619 65.7960818957 79.9776593116 87.470467991 6.21252213325 11.3581160435 138.258567265 164.326746185 168.365806819 9.40037654311 8.71970351384 11.7442095678 1.30928109047 1.0812872187 2.0046617355 1.10432308178 260.699118277 261.9491106 263.034768442 1408.86286747 3134.42141655 3121.2088077 1.47220284821 0.786976170362 0.716071926391 3.25945959062 2.75198044348 10.4619739633 16.8542887324 34.0837647581 2.89228995155 2.85524033208 26.4179407145 28.7580169365 56.6424823598 57.9179591717 60.7662332387 61.5781960659 0.856477195727
-9999.0 -9999.0 -9999.0 -9999.0 -9999.0 -9999.0 -9999.0 -9999.0 -9999.0 -9999.0 -9999.0 -9999.0 -9999.0 10.2905792897 20.8036762331 31.6706522479 48.7428313946 9.38310216329 7.6072632669 66.7009540801 72.959877434 128.56184172 135.165764058 17.5161527604 5.32205572283 4.41163544097 4.03171691409 252.8024835 254.76433483 256.283210002 257.357584999 259.55291173 18.9936449759 20.2237675984 284.832427147 4829.74853672 8.7842237262 6.55846981179 2.67021225304 0.812860033741 0.603595034031 4.66347169653 5.11690692938 11.4704479751 0.491729725681 34.8205246996 4.28819286769 4.13711901398 0.516754492072 0.34620995082 0.366241343847 0.604243063832 0.430841858849 62.0290220596 969.46228619
-9999.0 -9999.0 -9999.0 -9999.0 -9999.0 -9999.0 -9999.0 -9999.0 -9999.0 -9999.0 -9999.0 -9999.0 -9999.0 -9999.0 9.74664857353 21.5836804202 32.6587579177 43.8474253098 51.5656253796 59.7565820915 22.5459895334 37.4539944945 6.25703486503 5.69950946896 229.363703256 240.066072692 244.675415459 249.673694053 2.99232924519 4.97669804824 14.0832427824 15.7698676378 17.3514299317 1.65048309406 1.79091174321 4836.4443707 2.2792133833 2.88756843884 1.58831804163 3.78014132573 1.73782928373 1.24675872278 17.6101753127 18.8864105528 0.634367073964 35.6545648694 40.4501448213 4.64242077996 999.539713563 998.55190791 997.714984994 995.186029471 993.999854318 973.127802034 972.057201881
-9999.0 -9999.0 -9999.0 -9999.0 -9999.0 -9999.0 -9999.0 -9999.0 -9999.0 -9999.0 -9999.0 -9999.0 -9999.0 -9999.0 4.28209122127 9.03706883502 11.7863720013 136.294856216 144.210935894 8.26328569599 7.66587027275 7.44474835725 205.169381303 218.678376237 6.24535545259 6.33560575694 4.09919183927 17.6883333486 21.9616505379 9.38659204721 11.6234464067 114.61670185 117.171492333 123.047872005 188.287213471 5026.95628149 2.66444020093 1.24047437584 6.04843428113 4.89449507887 0.910964504686 3.1849644762 4.20414132649 20.0618220907 21.1130409856 63.3052922959 40.8003466364 5.02465376899 1018.73609084 9.6006850327 996.814188389 996.065167268 19.7414194808 0.985549811934 1.19497128553
-9999.0 -9999.0 -9999.0 -9999.0 -9999.0 -9999.0 -9999.0 -9999.0 -9999.0 -9999.0 -9999.0 -9999.0 -9999.0 -9999.0 21.6519390466 35.733880097 69.829475043 126.242446759 156.467539695 176.89200528 184.400199687 192.200826077 199.393815656 6.36670626861 5.21090141387 9.90431996594 8.81690011804 4.77230022842 102.211335156 106.263272515 109.913506787 113.302259999 55.9343398608 57.6962220815 62.250220383 5028.95581289 5.15383294041 4.30661506591 11.2617498036 0.998435015959 2.55257130075 1.53478387571 0.915780979151 5.37626419462 0.768269675944 0.827833438237 1087.44791266 1023.47714811 1022.52388791 4.00571905191 8.91133628291 5.45835956664 1.00788635685 16.9163909085 3.8985337291
-9999.0 -9999.0 -9999.0 -9999.0 -9999.0 -9999.0 -9999.0 -9999.0 -9999.0 -9999.0 -9999.0 -9999.0 -9999.0 -9999.0 15.1260568138 14.8913086485 29.5397051906 43.5384890853 10.5136269631 10.01920973 17.9745894314 25.5715012584 38.948803828 45.583223458 50.9414742914 66.6013237137 71.2569422861 76.5794542997 4.34031182287 46.5697309756 49.7825984718 52.3389321803 1.55476728493 0.515844855375 1.19201022357 5092.79046516 5094.71944251 5103.48644129 14.3134829263 2.17118386276 3.85579838469 1.06035306525 1.64252838798 6.20889035937 7.64890331046 1.48875208816 1091.71034445 1.56856992293 2.15536568068 2.31734681068 2.04608592283 3.56894038817 1.5118076986 12.3632944521 9.10883871428
-9999.0 -9999.0 -9999.0 -9999.0 -9999.0 -9999.0 -9999.0 -9999.0 -9999.0 -9999.0 -9999.0 -9999.0 -9999.0 -9999.0 -9999.0 14.4609720502 28.1658986916 12.8212756852 26.0016423321 156.934009718 164.629914513 171.722146304 6.70208481671 6.72146041949 11.9883508272 17.4966603392 26.3212768403 30.991860372 34.1791130999 38.1825425803 2.87613572655 2.2362947324 56.9920145334 57.8675895015 59.0324132019 60.5595867576 52.3242703294 5162.71499789 5186.68042564 5187.67877873 5192.34195396 5196.74767305 5199.19574975 0.631723657066 8.30459160324 1092.39414984 1.43227916951 0.738604417352 1.31597371753 1.45624708382 2.35515453063 1.81460510583 1.1388495581 1.89294180395 1.66026854395
-9999.0 -9999.0 -9999.0 -9999.0 -9999.0 -9999.0 -9999.0 -9999.0 -9999.0 -9999.0 -9999.0 -9999.0 -9999.0 -9999.0 -9999.0 -9999.0 41.697670139 54.326199497 93.5907967978 118.813808803 11.8334786263 192.420601984 198.94507488 204.78402763 5.71619857284 11.0583835112 4.4514819681 36.4235601053 38.947683452 43.15772573 47.2305561575 54.5900481581 56.10553998 0.955989294129 45.4749209008 48.7955938825 50.8350761169 57.2702067506 7.933571371 4.68408844145 2.44471235876 2.18678260649 5201.99958193 5203.40240466 5217.62004411 1093.0282297 4.93564730704 2.95621336865 2.05704258316 0.545270457432 6.28802538325 3.14715245961 1.00115146609 5.82370169243 5.03222092318
-9999.0 -9999.0 -9999.0 -9999.0 -9999.0 -9999.0 -9999.0 -9999.0 -9999.0 -9999.0 -9999.0 -9999.0 -9999.0 -9999.0 -9999.0 -9999.0 13.7550669427 67.8402464995 81.4868348033 11.9189775434 7.68861093181 15.8054915733 22.6613514605 233.741968063 5.66708013553 22.869110632 27.686140814 32.3868901497 2.95834833918 6.55330414829 7.80619992914 35.8516833388 39.3964742462 41.1948083294 1.77982063817 1.39020154279 1.50204345751 2.7946111153 1.15714376426 1.1419640417 1.56963330945 1.17547370222 1.60887301845 5.08867623332 5219.03640429 6315.18471449 6.38550020255 1.26647604227 0.734289503051 19.8346768343 18.5885160431 11.2020103989 10.0471941215 7.41451490561 1.96951669981
-9999.0 -9999.0 -9999.0 -9999.0 -9999.0 -9999.0 -9999.0 -9999.0 -9999.0 -9999.0 -9999.0 -9999.0 -9999.0 -9999.0 -9999.0 12.5596293328 38.448496193 12.2869153296 10.434676239 9.26051053905 17.3677897097 25.1090618545 32.5266113148 275.795707717 281.078821571 5.54526664494 10.3726835701 15.3140132172 18.4823178863 21.5626793634 30.6277655254 34.2653960753 1.33675249865 1.31063783063 1.04831904841 0.957066389582 1.46355861571 1.79602603792 1.69011772744 2.04377107179 6.33572302646 2.89824970987 1.60144071696 1.59192354978 1.09635562802 1.95827007797 6388.37008024 65.9170033083 26.5354840529 4.43980387914 2.35233740757 1.05334846246 3.15485013 1.9289643944 0.935461755336
-9999.0 -9999.0 -9999.0 -9999.0 -9999.0 -9999.0 -9999.0 -9999.0 -9999.0 -9999.0 -9999.0 -9999.0 -9999.0 -9999.0 13.2056178578 25.5411933727 88.5578983746 11.7542465347 21.1611575412 29.8391296863 37.3613171676 8.22403594076 14.6699856517 23.2529730542 312.789081407 4.99011192197 9.26601472836 13.7362424507 3.82956893929 7.44352157724 8.50661265342 11.1667390435 467.634017801 470.661143294 473.831631839 490.089285832 493.729323365 504.35984184 3.35491449488 7.16522498521 7.85477110129 538.229469324 540.707539269 1.40329231831 2.06042163294 2.694844893 6389.87018335 63.8717363027 31.1655247205 28.125201026 24.4774055004 21.6507854789 4.11263417458 1.09799703668 1.75440905213
-9999.0 -9999.0 -9999.0 -9999.0 -9999.0 -9999.0 -9999.0 -9999.0 -9999.0 -9999.0 -9999.0 -9999.0 -9999.0 -9999.0 13.3970804244 40.7524143216 142.694883705 211.946523609 10.5794063871 273.59385091 321.236483129 7.22574397157 13.5122814205 21.363761976 375.825863944 382.157265625 3.6134552402 21.0916442144 24.2883602476 26.9775615895 446.299300062 451.271745047 455.352718103 2.08349835583 11.364397901 13.7559602522 5.53577083021 7.77741343831 515.371570916 526.031150587 527.874540773 529.568009861 542.483521759 0.852048087428 0.796346670475 4.1590425458 6391.74458624 2.92414014017 0.378007856403 1.11740500837 0.501221324032 18.4028875994 16.9490299433 10.5750186515 7.08968200261
-9999.0 -9999.0 -9999.0 -9999.0 -9999.0 -9999.0 -9999.0 -9999.0 -9999.0 -9999.0 -9999.0 -9999.0 -9999.0 -9999.0 -9999.0 -9999.0 28.4241136908 57.0970202 250.242297405 263.526794775 333.007209362 343.70598725 7.12318294709 14.2692322564 32.7310201844 390.443686501 399.124467952 402.159172221 2.4044033256 412.95992948 417.782947863 3.37825468929 2.05687765125 3.68748583861 7.34621155704 1.8740775307 3.70477676032 7.70753345115 9.66267035012 2.08048595381 1.33704534252 2.56163864497 552.491674728 555.534645339 556.191180986 562.712342296 6393.26793949 2.61707466687 0.18892659124 0.261010923766 0.265772567651 0.280050124934 0.24582837732 0.432777190559 1.44287209434
-9999.0 -9999.0 -9999.0 -9999.0 -9999.0 -9999.0 -9999.0 -9999.0 -9999.0 -9999.0 -9999.0 -9999.0 -9999.0 -9999.0 -9999.0 -9999.0 14.8049433181 14.4385540797 13.8346858118 25.4055841824 11.1268246614 366.037777443 375.697532751 6.57979926834 12.619186898 5.48920224765 4.26596693967 4.04023662175 408.515492946 1.43037608251 3.05591227533 2.03551626315 1.97909026529 1.79606023836 1.34561980576 1.4273495154 4.57264160119 6.39057324853 1.23691966646 1.08190795029 2.50311239162 4.39470143421 5.64933716285 1.54545038516 557.696947799 563.450042257 6394.56414151 6.35489538264 0.60798061853 0.113630005329 0.352678998899 0.0908311313479 0.073104454781 0.518666318702 6.88390022564
-9999.0 -9999.0 -9999.0 -9999.0 -9999.0 -9999.0 -9999.0 -9999.0 -9999.0 -9999.0 -9999.0 -9999.0 -9999.0 -9999.0 -9999.0 -9999.0 -9999.0 -9999.0 14.2725213938 38.2121696642 49.1839258297 60.1970319016 386.480383391 397.220621258 406.785658672 414.33153355 418.168764292 426.310292073 427.766980702 428.992768935 430.214080507 1.50605007473 1.42299811853 1.61171527542 5.93789162525 1.67971228171 1.64481690155 1.16439927821 3.53605368191 1.58099101614 1.20675647461 1.09026163378 0.9391027573 1.87298764443 2.78220747492 569.358167521 6971.41871539 3.01969342194 4.64897495512 0.0744710132466 0.457997527113 0.215072279213 0.147446437522 13.0832141725 11.7577417511
-9999.0 -9999.0 -9999.0 -9999.0 -9999.0 -9999.0 -9999.0 -9999.0 -9999.0 -9999.0 -9999.0 -9999.0 -9999.0 -9999.0 -9999.0 -9999.0 -9999.0 -9999.0 -9999.0 11.6578587597 93.6928883576 179.179275665 189.962558602 10.6905450819 17.578446183 23.6517636235 27.808413558 59.3166986013 60.8762115383 1.51203069726 1.53460925765 433.714279931 436.680880734 437.963741752 6.9516034125 0.940222369193 2.76456039829 3.99498298496 12.14655579 15.0894578428 17.4120336713 2.0653216102 2.89568188986 1.04619909106 2.17646556236 1.1859644758 6973.6770823 2.24515660544 9.46113874334 1.62895324676 2.61985516712 14.7392715026 16.0622101712 30.5483001684 10.5135410223
-9999.0 -9999.0 -9999.0 -9999.0 -9999.0 -9999.0 -9999.0 -9999.0 -9999.0 -9999.0 -9999.0 -9999.0 -9999.0 -9999.0 -9999.0 -9999.0 -9999.0 -9999.0 13.1129897 41.9898242589 82.196017757 107.313295409 266.955731994 277.474288793 13.2895991423 19.4673657275 24.105804931 28.1199930764 62.3073444416 65.3301121179 109.18530194 112.329387022 114.034118243 439.319449326 449.998148476 2.49170337811 1.91293868864 1.78546529746 3.47640158366 1.60882262187 20.6109734231 21.7231846345 3.90890614128 4.87595493093 1.20823620443 2089.17345068 2092.16783634 9067.52013763 9080.10870049 2.93752015798 8.80287043605 5.11599932602 3.46446227291 35.5502546636 47.3598092027
-9999.0 -9999.0 -9999.0 -9999.0 -9999.0 -9999.0 -9999.0 -9999.0 -9999.0 -9999.0 -9999.0 -9999.0 -9999.0 -9999.0 -9999.0 -9999.0 -9999.0 -9999.0 -9999.0 15.0890197306 14.6934928682 27.594517532 65.4031423716 289.171513997 7.00839160924 6.88084686936 11.6235995778 16.4430073472 37.2115201791 39.3997121721 1.57883911097 2.11697406365 116.183630593 117.809565715 569.339132655 570.719819236 0.858269144742 0.721716542613 0.620524184485 0.6284913933 0.769179479568 2066.04414731 2074.05466701 2080.05375707 2082.46882932 2088.14252966 1.57009591674 5.64516591803 6.74133906987 9089.96543546 9091.37716909 9092.51668373 9093.5368452 9094.83644073 48.8480873479
-9999.0 -9999.0 -9999.0 -9999.0 -9999.0 -9999.0 -9999.0 -9999.0 -9999.0 -9999.0 -9999.0 -9999.0 -9999.0 -9999.0 -9999.0 -9999.0 -9999.0 -9999.0 -9999.0 -9999.0 13.3384529229 14.0304411676 25.9608504258 339.640209338 349.547860487 6.61708189939 11.3350285151 16.3604391067 19.1362094594 2.10183350284 4.30067917055 643.172294541 644.625776862 646.326410387 659.704200415 1231.88848394 2023.3625385 2025.6487983 2027.82210151 2029.85443148 2039.77269498 2043.18105699 6.9262782258 3.01142170173 2.03657413134 3.76479029146 2.8047173411 4.52613805941 1.50684188714 29.6734178785 36.2775455805 41.6334776788 42.1016247683 9095.5490771 9145.58388704
-9999.0 -9999.0 -9999.0 -9999.0 -9999.0 -9999.0 -9999.0 -9999.0 -9999.0 -9999.0 -9999.0 -9999.0 -9999.0 -9999.0 -9999.0 -9999.0 -9999.0 -9999.0 -9999.0 -9999.0 -9999.0 13.6090738438 26.0561117095 38.5712784593 359.626413552 6.89742326527 473.009988379 478.356600491 480.411503598 482.822256704 633.643111035 636.575127595 1.8575664325 9.79519817494 12.0986451052 2.16794615937 789.248762578 785.352409497 1.13828021422 2.77709254314 8.04686693518 1.89695223047 2.23459591207 1.54344818421 1.35455827695 0.971943907442 1.31015954723 24.8715017815 26.4024081858 28.3616202429 5.38559864244 4.19131240801 45.1797661854 46.0857447171 46.4348812722
-9999.0 -9999.0 -9999.0 -9999.0 -9999.0 -9999.0 -9999.0 -9999.0 -9999.0 -9999.0 -9999.0 -9999.0 -9999.0 -9999.0 -9999.0 -9999.0 -9999.0 -9999.0 -9999.0 -9999.0 -9999.0 12.3078212272 11.5538430299 59.9838284017 442.3859612 460.525823574 468.378398222 4.99305954664 145.184649208 147.115978253 148.162885643 2.50906674361 4.7125186163 6.65562962181 166.611917594 168.085934137 169.376081135 782.924080004 518.264388695 1.61608304102 1.81624098649 1.69860804287 1.31146696568 14.1565777376 17.3709757321 20.090627216 21.7954755067 23.4151323807 177.287758423 178.523023695 179.99362938 183.199813212 198.344757094 198.843071034 245.83897056
-9999.0 -9999.0 -9999.0 -9999.0 -9999.0 -9999.0 -9999.0 -9999.0 -9999.0 -9999.0 -9999.0 -9999.0 -9999.0 -9999.0 -9999.0 -9999.0 -9999.0 -9999.0 -9999.0 -9999.0 -9999.0 -9999.0 24.1157925645 36.8933945284 11.6308143761 7.09811099284 128.982037495 134.379034305 137.673852479 34.3094378463 35.8554822186 37.7742812255 39.7746979293 162.989491057 165.407412935 90.3916480463 261.649172095 263.345520969 517.053398922 3.61024074467 1.88587766484 1.14332540049 9.72504111501 11.5499800824 1.07258782438 0.994460868772 171.430488218 174.475559014 176.155895032 1.543826434 2.32008835493 196.053177096 1.40316289288 4.51681701547 4.9005632808
-9999.0 -9999.0 -9999.0 -9999.0 -9999.0 -9999.0 -9999.0 -9999.0 -9999.0 -9999.0 -9999.0 -9999.0 -9999.0 -9999.0 -9999.0 -9999.0 -9999.0 -9999.0 -9999.0 -9999.0 -9999.0 -9999.0 12.1360838053 23.9728118666 97.3762662625 108.779859191 116.200509051 28.7018784645 32.7227463731 1.87517452754 117.677885492 119.313916094 121.080005918 2.08230876708 86.0542925831 88.6090051894 1.76017765629 507.632702184 4.12449841466 2.0257861472 5.34808097553 7.24309791309 1.38377226458 1.0373819131 156.76977564 168.644389954 170.56731709 1.89835440297 4.03340764768 5.00209571118 5.99282949738 11.9657249203 1.61574400256 3.77317273475 0.735629477232
-9999.0 -9999.0 -9999.0 -9999.0 -9999.0 -9999.0 -9999.0 -9999.0 -9999.0 -9999.0 -9999.0 -9999.0 -9999.0 -9999.0 -9999.0 -9999.0 -9999.0 -9999.0 -9999.0 -9999.0 -9999.0 -9999.0 11.9887555303 37.1419715008 62.3917258574 10.8478761777 17.4269069288 23.8019221499 109.439255175 112.384319341 114.240417838 1.52624962462 74.2370117567 79.8748838462 82.1321644041 1.23643127345 499.467437817 504.219609328 2.2230954622 1.93559084235 4.02955732461 1.56442928196 148.768652965 151.64147823 153.67047427 7.46300524499 9.4632754298 1.65621631481 2.9770872594 1.33649150201 9.19155132792 1.52178347508 1.02051773779 1.05179358738 1.22621947357
-9999.0 -9999.0 -9999.0 -9999.0 -9999.0 -9999.0 -9999.0 -9999.0 -9999.0 -9999.0 -9999.0 -9999.0 -9999.0 -9999.0 -9999.0 -9999.0 -9999.0 -9999.0 -9999.0 -9999.0 -9999.0 -9999.0 -9999.0 12.5954129315 12.8676771215 9.90058051362 81.1783576803 87.0490404874 104.54726902 3.5410748698 66.5917204622 71.3674272796 1.88002611874 4.11057989978 1.46837925949 494.486472756 2.11929163701 5.78410847549 7.18498438698 8.563000384 138.10545761 143.952352184 146.078544421 2.14267901408 4.0032587445 5.61004232318 0.954239280532 0.866411330737 504.232179664 505.219251667 506.051752309 515.832519985 517.066133289 518.656264033 519.565582785
