data/baseflow/mHMbf_acc431.asc
ncols                  80
nrows                 72
xllcorner      4374000.0
yllcorner      5656000.0
cellsize            500
NODATA_value       -9999
[rows 24 to 47 of 72, columns 0 to 54 of 80]
-9999.0 -9999.0 -9999.0 -9999.0 -9999.0 -9999.0 -9999.0 -9999.0 -9999.0 -9999.0 -9999.0 -9999.0 21.31147935 56.9307486112 73.5456996609 122.088013587 12.1669239108 25.311778858 36.9893602843 156.028897729 166.116223769 176.229129043 183.9285022 192.089152542 280.173706708 302.343092188 314.916431651 5.74024880292 27.8850260496 33.6645713205 596.48919135 619.120793629 631.646202165 645.060140816 652.69213775 2575.09676887 1.65394114008 5093.9729647 3.90703881739 2.30302862006 32.2422282892 27.5997495338 4.50376440304 13.4376239651 21.3446971518 20.5387799602 14.5813715049 23.9845353536 38.145719558 15.0234497823 36.6068382835 3.5763747589 7.01041729059 0.941695108781 0.69312628291
-9999.0 -9999.0 -9999.0 -9999.0 -9999.0 -9999.0 -9999.0 -9999.0 -9999.0 -9999.0 -9999.0 -9999.0 19.2365741033 37.9170327604 17.0204329914 33.267670585 12.7635032273 109.255024288 132.748714562 144.871501869 10.7235793372 21.2324626814 216.8351824 265.743515518 274.002621305 15.3037324135 12.5889180787 18.5581848047 4.76330274619 4.15133861127 7.71676039505 2.86245579131 334.84864805 338.122419243 339.158030769 2578.95021237 5111.40699381 5095.23253794 3.44495051846 2.10226731429 1.88980643955 9.41482906762 7.80283366501 18.1533250596 25.8427511628 51.2381021625 4.90759382627 4.86419879004 42.6001018938 47.3075580748 91.7519113308 93.6650869421 101.594572777 103.280777774 1.42659156788
-9999.0 -9999.0 -9999.0 -9999.0 -9999.0 -9999.0 -9999.0 -9999.0 -9999.0 -9999.0 -9999.0 -9999.0 -9999.0 17.663092069 35.4005753022 53.5091733722 81.549113373 14.6663594046 12.258046114 93.1083674596 103.786406081 196.20752343 207.78228028 32.5524850604 8.48747435686 6.88368313586 5.92824837341 313.496491141 317.471188262 321.94296485 325.581529366 331.661232389 39.4572281136 40.9884947691 381.071898097 8073.54638216 12.7156824608 9.13945714017 5.20303193955 1.50608678978 1.43177196635 12.8036167914 13.7515835634 21.1262010883 1.6383821158 53.6427653104 8.5911046885 8.4603260112 1.70234608424 0.918027007227 0.719241475665 0.553338959257 0.737816285459 104.331310035 1397.36048154
-9999.0 -9999.0 -9999.0 -9999.0 -9999.0 -9999.0 -9999.0 -9999.0 -9999.0 -9999.0 -9999.0 -9999.0 -9999.0 -9999.0 16.5134248754 31.2600106714 44.1918965113 56.7828419559 68.8107103665 81.4985197522 35.0339528542 59.6182331727 10.9509014487 9.73426587186 276.968541646 293.798200515 301.19796895 308.79129923 4.80964260311 8.50120425468 25.2459358441 30.6795168831 35.855645507 2.18444319214 1.36895526747 8081.28007528 3.22416274783 2.81974143664 1.42723329198 6.48978650942 3.26757023507 1.17946318473 36.0161092931 36.9342790006 0.631829817774 54.3504714809 63.7063030582 9.37376415615 1436.66022696 1434.35393133 1432.70730927 1430.08760284 1429.15781588 1408.10175418 1407.24448997
-9999.0 -9999.0 -9999.0 -9999.0 -9999.0 -9999.0 -9999.0 -9999.0 -9999.0 -9999.0 -9999.0 -9999.0 -9999.0 -9999.0 4.58068721233 9.68403861456 13.2627714312 141.60523538 153.747694856 12.6250179733 11.755045911 12.1621723416 237.843504251 260.055018096 9.96481086798 9.75090622323 6.65948296667 29.4213805637 36.5896346939 15.4634333818 21.4191676357 188.128645078 193.367078302 200.229871957 304.425674893 8388.18471993 2.9813662839 1.02565461913 9.83128155066 8.30994550752 1.00778113225 3.26887799055 4.26716188315 37.9142908916 38.6735528163 104.350951934 64.4291211301 11.4183612256 1458.5008667 5.64274156126 1431.35992746 1430.76773043 19.9790898576 1.63073628266 7.94357820271
-9999.0 -9999.0 -9999.0 -9999.0 -9999.0 -9999.0 -9999.0 -9999.0 -9999.0 -9999.0 -9999.0 -9999.0 -9999.0 -9999.0 22.0932215146 36.8166777985 72.8089747782 128.360850871 166.214424678 193.731995893 205.0599752 217.17793805 228.311436271 10.6177394305 8.41195632505 16.3342931271 14.3939756464 8.13383718369 163.819892258 170.69019037 176.868744065 182.809698925 95.2519218148 98.3076558532 102.162771235 8390.29150914 6.00214222136 2.38846322397 14.228092739 1.94303587937 2.18535318167 1.21876298996 0.918621703503 5.23985893981 0.603909966865 0.630988925754 1566.02738245 1461.31927923 1460.76876635 2.53723597215 5.02473410907 3.17532950802 0.666587059468 17.4554301728 4.77256697996
-9999.0 -9999.0 -9999.0 -9999.0 -9999.0 -9999.0 -9999.0 -9999.0 -9999.0 -9999.0 -9999.0 -9999.0 -9999.0 -9999.0 15.1035682337 14.6382123971 28.9724830625 42.8764240567 14.8689764314 16.5814064707 29.3839331318 41.6640125703 63.6699408396 74.0941041841 81.4669072039 105.825853521 112.493151239 120.852577435 6.79342833471 72.4895416754 78.2839768656 84.439288335 5.85056484432 5.78587144971 8.75125055237 8506.21426164 8508.09907943 8517.07485335 20.2876182404 4.25301708576 3.03414543089 0.746027360831 1.57997668042 5.95191368046 7.10856048507 1.11087694311 1568.6262817 0.839324776884 1.23887864991 1.36737313907 1.01245476002 1.96541493508 0.795600023077 11.9815741204 9.76663216359
-9999.0 -9999.0 -9999.0 -9999.0 -9999.0 -9999.0 -9999.0 -9999.0 -9999.0 -9999.0 -9999.0 -9999.0 -9999.0 -9999.0 -9999.0 14.296708714 27.7610840772 12.4229086359 25.2040279877 156.958449715 167.311836853 178.204564497 10.8280353062 10.7111161573 18.0418265572 26.2977814441 38.7410637017 45.9340121521 52.9026168021 59.2439450923 5.11893865682 4.90224061096 93.9583933447 99.9744204716 102.532487784 105.044730516 94.3096027572 8621.62145382 8654.71632826 8656.28402369 8660.55434028 8665.86351543 8667.46112982 0.454354518852 7.61073466017 1568.91721827 0.836725194011 0.428952872119 0.640796113047 0.73770440794 1.26670654462 1.17178376578 0.701536892286 1.22134923813 1.17016912373
-9999.0 -9999.0 -9999.0 -9999.0 -9999.0 -9999.0 -9999.0 -9999.0 -9999.0 -9999.0 -9999.0 -9999.0 -9999.0 -9999.0 -9999.0 -9999.0 41.0984705238 53.7622425629 92.3088511362 119.360901637 13.2847911948 204.988662348 215.18456086 223.982026377 7.72166482512 15.0587983597 5.67712468826 48.8258043919 55.0560384896 61.5540687335 67.2871709233 83.3708401619 89.2619097931 3.79208667301 84.4722561608 89.4902868705 92.0016355753 102.56560833 10.9995549427 5.95250472123 2.91076710743 2.88722473068 8668.85348746 8668.99146173 8680.34606472 1569.12750096 2.76115339532 1.63300150267 1.10956906127 0.366759179148 3.70129528202 1.94975025559 0.588404804185 3.43354044017 2.94960177724
-9999.0 -9999.0 -9999.0 -9999.0 -9999.0 -9999.0 -9999.0 -9999.0 -9999.0 -9999.0 -9999.0 -9999.0 -9999.0 -9999.0 -9999.0 -9999.0 13.4322715745 66.9950121158 80.4267641688 13.9924477802 11.9711505653 25.6117787615 36.6713911397 269.740460885 7.61221280223 30.8656313575 36.8830201145 42.8571030582 6.1328173928 12.1836194567 17.5621189201 63.567382275 72.6498277995 75.6149651087 2.71544612753 2.44659253546 2.98340914658 5.6331128242 2.51638220824 2.51288063325 1.96592759733 2.66562232687 2.08109681575 3.78634137769 8680.56937758 10250.600721 3.27151734385 1.2964968044 0.373513570748 11.5756626018 10.7623508287 6.44388178252 5.80953635073 4.35546755483 1.13563157794
-9999.0 -9999.0 -9999.0 -9999.0 -9999.0 -9999.0 -9999.0 -9999.0 -9999.0 -9999.0 -9999.0 -9999.0 -9999.0 -9999.0 -9999.0 12.5112983809 37.6051897463 11.9264996854 13.9604469644 14.1537952051 26.5425970927 39.0828674393 48.925978561 328.145098449 335.331564018 7.53017011221 13.729587579 20.061083728 26.5435352345 32.628239215 55.802556805 60.2069453745 5.5541590011 3.54450942446 2.70757595337 1.36917826234 1.93230829164 2.52607513548 2.42768112449 4.51408391516 6.80855555789 3.54637660252 0.744164078334 0.732279567506 0.511821950963 0.932779261414 10296.9367817 41.9821608534 14.3138630252 1.78740092771 0.937658969543 0.457105520453 1.4871927017 0.97701018973 0.498085631988
-9999.0 -9999.0 -9999.0 -9999.0 -9999.0 -9999.0 -9999.0 -9999.0 -9999.0 -9999.0 -9999.0 -9999.0 -9999.0 -9999.0 13.3346404239 25.4271117524 86.9739416955 11.2639928108 25.8852960655 39.1965896454 50.3648605837 12.1356295883 21.3656471255 30.984382355 374.526570457 6.84331358253 12.4028864831 18.5136190893 6.16960655176 12.2140642573 17.3299386472 21.1555957049 592.957232041 598.622234467 603.053366485 618.364496777 624.317453738 635.304247463 2.89308644305 8.09420747308 7.63786918967 664.599685345 665.784393208 0.654449345209 0.993985313091 1.32287817425 10297.0935848 38.9549822297 22.0809587105 20.7783193234 14.2980505789 11.1748090466 1.95015792717 0.487651368179 0.879116220118
-9999.0 -9999.0 -9999.0 -9999.0 -9999.0 -9999.0 -9999.0 -9999.0 -9999.0 -9999.0 -9999.0 -9999.0 -9999.0 -9999.0 13.5267703286 40.8970268354 141.140417623 209.724412159 9.98871072924 269.385631042 329.960321222 10.8222378044 19.9508805455 29.4505633669 457.609333064 464.555170361 4.43963320126 27.6895652445 32.1482715514 37.2910786585 553.30034508 564.082282832 568.84681114 2.16981985011 11.8455688373 13.907918756 4.62065098638 6.11762752197 644.271615621 654.687993836 655.651716204 656.52169838 666.625645423 0.422414790476 0.36360236695 1.99640478549 10297.1559196 1.14924858089 1.7861703272 5.42094480252 2.16955489042 9.83627342319 7.10486408982 4.31180527649 2.96044598218
-9999.0 -9999.0 -9999.0 -9999.0 -9999.0 -9999.0 -9999.0 -9999.0 -9999.0 -9999.0 -9999.0 -9999.0 -9999.0 -9999.0 -9999.0 -9999.0 28.2269256561 56.626879363 246.722117062 259.541322722 341.050992696 351.535237208 10.2542244142 20.5332358591 45.3417324752 472.006964964 482.320876583 485.73087838 2.55248769715 499.196529998 510.890137773 6.6824453269 2.21636215696 4.19916905779 8.03518762961 1.89309453704 3.44484646509 6.95572697866 8.23250234969 1.55122567169 0.907658027815 1.67310767035 675.032373321 677.646896889 677.924308033 680.928287641 10297.1109423 1.01854086244 1.19655245665 1.47542860703 1.45804421821 1.50225185017 1.31016098307 2.44135927693 0.507953460892
-9999.0 -9999.0 -9999.0 -9999.0 -9999.0 -9999.0 -9999.0 -9999.0 -9999.0 -9999.0 -9999.0 -9999.0 -9999.0 -9999.0 -9999.0 -9999.0 14.7223617698 14.3472261055 13.4898112304 25.0145842655 10.4221601656 372.522063299 381.871228666 8.95884948988 17.3391463016 6.95120890828 4.99228021524 4.70387176736 493.777612915 4.03440689669 8.45550794106 3.38782779896 2.37752163859 1.95573820886 1.33512208439 1.41667556922 4.3529735606 6.06066818121 1.03962931648 0.873707163871 1.94121190056 3.39038219702 5.6300608986 1.87796719434 678.587364034 681.208014126 10296.9496794 5.00818488374 2.75743500045 0.829963488974 2.15157565998 0.709270397992 0.576028468116 3.0654251305 2.46470878805
-9999.0 -9999.0 -9999.0 -9999.0 -9999.0 -9999.0 -9999.0 -9999.0 -9999.0 -9999.0 -9999.0 -9999.0 -9999.0 -9999.0 -9999.0 -9999.0 -9999.0 -9999.0 14.0693558788 37.5298263831 47.8950846144 58.2077473542 391.90211247 402.003761917 410.952126231 418.897018448 423.363608817 432.971345984 436.345323023 440.137622069 442.591918892 1.97542853154 1.78765129758 1.90186496195 6.20067065018 1.67299113397 1.53761304574 1.08709771882 3.1081148913 1.28492546446 0.905478517005 0.819884731209 0.675634572896 1.34746465746 1.93400410303 684.983636295 10986.7163845 1.1790240891 1.67627830815 0.655895952557 2.89523909976 1.50053488301 1.15693457433 7.61983152073 4.26044677965
-9999.0 -9999.0 -9999.0 -9999.0 -9999.0 -9999.0 -9999.0 -9999.0 -9999.0 -9999.0 -9999.0 -9999.0 -9999.0 -9999.0 -9999.0 -9999.0 -9999.0 -9999.0 -9999.0 11.5680415858 92.3172334331 175.027439149 184.894907664 11.8338924358 20.7945487497 29.3958578291 35.5403440762 81.161592088 83.4807552271 2.21185534442 2.12306934177 446.767887559 450.265253114 451.848570822 7.20379637154 0.786860173 2.11331708471 3.10688903097 9.58137190246 11.9318131617 13.6233319033 1.51142772118 2.06392633543 0.686834762566 1.36202503463 0.707499137988 10987.2612169 0.716904036422 3.28361059007 1.07976152163 4.19005565204 9.48234078569 11.0095495881 19.0892229382 4.42855199641
-9999.0 -9999.0 -9999.0 -9999.0 -9999.0 -9999.0 -9999.0 -9999.0 -9999.0 -9999.0 -9999.0 -9999.0 -9999.0 -9999.0 -9999.0 -9999.0 -9999.0 -9999.0 12.9913374908 41.620288518 81.1017653002 105.621432797 259.291390039 269.944768537 18.6660366036 27.6917842209 35.1824958508 41.1518939986 86.4876028325 91.197297166 168.41276263 176.051429264 177.886342924 453.248656185 463.395441376 2.00109722391 1.45257279637 1.33045779243 2.45792787798 1.10242104183 15.8394573306 16.6225684839 2.70339074256 4.02402278692 0.814114370042 2354.43287511 2355.8072275 13342.9394181 13346.4202356 1.04239825436 6.42265261972 1.30782258674 0.73603557169 20.2228486479 24.9900167855
-9999.0 -9999.0 -9999.0 -9999.0 -9999.0 -9999.0 -9999.0 -9999.0 -9999.0 -9999.0 -9999.0 -9999.0 -9999.0 -9999.0 -9999.0 -9999.0 -9999.0 -9999.0 -9999.0 14.9565656772 14.3713792361 26.9392295272 63.4266486378 281.057452131 9.84645145337 9.67265215803 16.7322906029 24.5615630688 60.7916424705 65.8582496496 6.39957073522 5.19522269448 180.444598987 181.805234694 646.707430074 647.950288924 0.602226304383 0.51874789441 0.411877901411 0.41606710953 0.501370372515 2336.8553202 2341.83384286 2347.49783805 2350.06740102 2353.45504204 0.809253229468 2.87156135258 3.19605387969 13350.0208608 13349.6884407 13350.15412 13350.5463575 13351.2087532 25.4491246203
-9999.0 -9999.0 -9999.0 -9999.0 -9999.0 -9999.0 -9999.0 -9999.0 -9999.0 -9999.0 -9999.0 -9999.0 -9999.0 -9999.0 -9999.0 -9999.0 -9999.0 -9999.0 -9999.0 -9999.0 13.008586366 13.7004595448 25.1343179429 329.730358291 339.224060304 9.32811119264 16.3402564284 24.444848051 32.0079718763 6.73770260053 11.2201162755 672.152290186 673.867605538 676.901265497 696.047031857 1346.27214248 2306.06236678 2307.70314976 2309.07483565 2310.39519544 2317.26824157 2319.56608711 4.25792504928 1.79610090557 1.17209318266 2.15026205181 1.41907285275 2.3077652567 0.689310230933 16.7573176706 18.7866872074 20.9644535846 21.1036034132 13350.7205047 13375.9748661
-9999.0 -9999.0 -9999.0 -9999.0 -9999.0 -9999.0 -9999.0 -9999.0 -9999.0 -9999.0 -9999.0 -9999.0 -9999.0 -9999.0 -9999.0 -9999.0 -9999.0 -9999.0 -9999.0 -9999.0 -9999.0 13.238637395 25.1722957004 37.1893509149 348.817678628 7.80404655792 461.433840601 469.876317965 476.681901861 481.860429033 651.789291004 656.759269828 1.93108585412 13.9168941624 16.376421685 1.8080678763 958.290555895 955.093590344 0.802172979182 2.0082692785 5.67824561778 1.32928372954 1.42710123883 0.903566917593 0.72745902208 0.532710350242 0.648199805522 14.7648760727 15.4526077 16.3343922982 1.71848864274 1.88240510897 22.0608553869 22.2687351571 22.3677275141
-9999.0 -9999.0 -9999.0 -9999.0 -9999.0 -9999.0 -9999.0 -9999.0 -9999.0 -9999.0 -9999.0 -9999.0 -9999.0 -9999.0 -9999.0 -9999.0 -9999.0 -9999.0 -9999.0 -9999.0 -9999.0 11.9833588392 11.0836221022 57.6233053104 427.796536829 445.979029487 454.399050316 6.94385874347 151.486176169 159.091813315 164.923614688 4.79671760753 7.04559318806 8.71724933844 215.860224882 217.202637691 218.272942982 953.361853632 603.356724948 1.11813929938 1.26198233174 1.18398909292 0.837522878411 9.21454059023 10.9445393628 12.4158163762 13.2536572007 14.049113246 163.279126099 163.805006571 165.062260053 168.331175033 175.073451747 175.205635313 197.694131744
-9999.0 -9999.0 -9999.0 -9999.0 -9999.0 -9999.0 -9999.0 -9999.0 -9999.0 -9999.0 -9999.0 -9999.0 -9999.0 -9999.0 -9999.0 -9999.0 -9999.0 -9999.0 -9999.0 -9999.0 -9999.0 -9999.0 23.2776374677 35.4710059372 10.708886391 9.88051237082 128.122812153 135.238146689 139.605762727 42.6022416408 47.4076422812 52.0946111985 54.3598211964 212.663726962 214.89242484 128.160439294 347.840509694 349.086472674 602.58349039 2.43552674236 1.26852768797 0.774539911065 6.47813552713 7.58656983032 0.555525482806 0.508020858885 160.924426958 162.232070059 162.825628334 1.34426205484 2.25819559612 174.501552834 0.278850654152 0.917856272809 1.01639652868
-9999.0 -9999.0 -9999.0 -9999.0 -9999.0 -9999.0 -9999.0 -9999.0 -9999.0 -9999.0 -9999.0 -9999.0 -9999.0 -9999.0 -9999.0 -9999.0 -9999.0 -9999.0 -9999.0 -9999.0 -9999.0 -9999.0 11.6043946691 22.9036929105 91.2708773712 101.981907361 110.426571368 32.6454169256 37.8091376198 5.22014345097 148.304848081 152.618864146 156.255656275 2.52350599918 124.162232495 126.541987558 1.44082029666 596.115983063 2.96659309678 1.50881546806 3.61531105817 4.88971857918 0.84090589503 0.642498972618 153.868293648 159.811164956 160.583258622 0.869883352645 1.69608613974 2.11440160549 2.51007193935 5.05181896363 0.344166671991 0.755509435623 0.150318283916
