data/baseflow/mHMbf_acc283.asc
ncols                  80
nrows                 72
xllcorner      4374000.0
yllcorner      5656000.0
cellsize            500
NODATA_value       -9999
[rows 25 to 49 of 72, columns 0 to 54 of 80]
-9999.0 -9999.0 -9999.0 -9999.0 -9999.0 -9999.0 -9999.0 -9999.0 -9999.0 -9999.0 -9999.0 -9999.0 15.898738373 31.3706219292 13.9173861377 28.2152192947 11.7165502088 91.9266609999 113.617129546 125.05978806 9.90383449901 18.1781391833 200.274114205 242.372535132 248.739579899 16.09716655 15.2672234593 20.6804414885 2.08073823529 1.83014599933 3.42388261341 2.17394088837 323.539980917 326.438357271 328.566584937 2203.62373392 4728.34826865 4708.74848903 2.37337215686 1.1406001709 1.03666100824 5.90913832356 5.00163695041 20.8803761691 32.0815410219 65.5760053865 5.76161535262 5.71662296025 52.998907304 57.2660375551 111.872130018 114.352119856 119.197086123 120.427252101 1.12255411086
-9999.0 -9999.0 -9999.0 -9999.0 -9999.0 -9999.0 -9999.0 -9999.0 -9999.0 -9999.0 -9999.0 -9999.0 -9999.0 14.1520295799 28.2619551179 42.6184466374 67.388019027 13.0241102149 11.2998412839 90.5666373969 100.479064814 185.21327182 195.242410304 27.4879445933 9.29627484328 8.13085726097 7.21464587732 309.136131597 312.753247145 315.213558478 316.973899694 321.085210045 36.0961096731 39.1871873598 370.172888363 7305.01061049 14.6047913969 10.9328334412 4.2943117073 1.36076023056 0.964672475025 7.89791754028 8.56928019944 22.6269669459 0.891918334636 66.9522378271 8.30908794645 8.04522681516 0.939675370695 0.602154070274 0.544568176701 0.993578583993 0.595682180648 120.975280872 1541.89717115
-9999.0 -9999.0 -9999.0 -9999.0 -9999.0 -9999.0 -9999.0 -9999.0 -9999.0 -9999.0 -9999.0 -9999.0 -9999.0 -9999.0 13.5589091352 28.8902753284 42.6608386332 56.5849597321 68.0462623992 79.8867262667 33.9244718291 56.0774266846 9.9574592472 9.53228807242 267.064202848 285.695555971 294.229315864 303.208460108 5.72619358347 9.60386999555 26.7065690263 29.6043943878 32.5448405972 3.83239704627 3.17288418644 7316.09104945 3.7947064863 4.63055711118 2.29347700475 5.65852863899 2.62115582359 1.73020136988 32.6933065459 34.6093540579 1.1020439736 68.3397628263 77.2326510644 8.50249252762 1581.09864582 1579.54751097 1578.25804653 1574.70749215 1572.69842576 1546.72648244 1545.49255376
-9999.0 -9999.0 -9999.0 -9999.0 -9999.0 -9999.0 -9999.0 -9999.0 -9999.0 -9999.0 -9999.0 -9999.0 -9999.0 -9999.0 3.94097871186 8.61091154051 13.909158883 130.979311576 142.85855682 12.1309083443 11.3723980978 11.1324321028 227.736944707 248.530259249 9.92634491733 10.259060337 8.01637977828 33.034931363 41.0467544799 17.8455623272 21.8791449848 194.325402391 199.21676396 210.435130006 323.090989518 7642.54455771 3.78648310095 1.88278873869 8.86235244738 7.27860977145 1.58071042281 5.09710088742 6.89226815926 36.4458279263 38.0275127302 118.235038192 77.8726794115 9.16365662442 1610.24009158 13.4879375922 1576.93561359 1575.88576129 24.2076021995 2.04531044596 1.54864499815
-9999.0 -9999.0 -9999.0 -9999.0 -9999.0 -9999.0 -9999.0 -9999.0 -9999.0 -9999.0 -9999.0 -9999.0 -9999.0 -9999.0 19.874182716 32.5925425759 66.5521122707 116.746355625 155.783394063 184.287888764 195.739019892 207.274027424 218.188715636 10.0836001539 9.00897560071 17.5315147574 16.5671977936 8.57998838403 170.625946424 178.396585487 185.589951178 192.086740338 99.1367289365 102.393097009 108.412551804 7645.49142183 7.17669450594 5.21290596651 15.3449247996 1.54818794275 4.26950461673 2.39706395063 1.67326548015 8.89094921806 1.29837094886 1.33583373835 1736.28907579 1616.92868549 1615.49787312 5.66825042266 12.7808330739 7.95328363586 1.58943839737 20.1989447859 4.98349865017
-9999.0 -9999.0 -9999.0 -9999.0 -9999.0 -9999.0 -9999.0 -9999.0 -9999.0 -9999.0 -9999.0 -9999.0 -9999.0 -9999.0 13.8551314625 13.0253808925 25.5584002733 38.4953233347 14.4039680631 13.4711938391 25.1185351758 36.4284231697 57.3529639675 67.9017229562 77.3557421522 104.623973303 113.141139605 122.248004203 8.13174021803 82.4192699294 88.5322528551 92.8036209809 2.39158161574 0.721878597414 1.6608024873 7753.56933661 7756.37772032 7768.17418077 20.2136029014 3.3781684767 5.68959770967 1.59369077603 3.03974110968 10.4093137896 12.9326719805 2.4592849989 1742.70389039 2.21461716421 3.16334960423 3.50080267996 2.88588584992 4.89368032332 2.08652281208 14.1702186184 10.2015421071
-9999.0 -9999.0 -9999.0 -9999.0 -9999.0 -9999.0 -9999.0 -9999.0 -9999.0 -9999.0 -9999.0 -9999.0 -9999.0 -9999.0 -9999.0 12.3858881409 24.1959185177 11.4649812228 23.9224947137 149.496351818 161.548266028 172.536433086 10.4421647963 10.5469949772 19.9714489013 29.3840683419 45.9825031494 54.4537283511 59.0550503623 66.5695572222 5.9600473307 4.64098916463 98.2312159244 99.1460134479 100.981268822 103.385441712 87.0525568868 7865.37215015 7900.11511321 7901.94569934 7909.25159375 7916.66930386 7921.43458415 1.33790561605 14.2009650412 1744.02277579 3.15082627604 1.61565543703 1.97250611848 1.85594433239 3.19361668856 2.66543801917 1.55534960564 2.28938361828 1.9655121483
-9999.0 -9999.0 -9999.0 -9999.0 -9999.0 -9999.0 -9999.0 -9999.0 -9999.0 -9999.0 -9999.0 -9999.0 -9999.0 -9999.0 -9999.0 -9999.0 35.9220970737 48.1186350962 84.8693030633 112.565479811 14.7127263057 200.015780746 210.41044494 220.383863052 9.84851824153 19.2820220851 8.43204645817 63.8564977379 68.0115521611 74.7356481219 81.4811053094 95.4211508449 96.7595414537 0.952026314731 76.8064686614 81.8581265787 84.7141147962 94.2996882495 11.8606421433 7.26685527661 3.96211903997 3.71581367138 7925.73039432 7927.9908178 7951.89666226 1745.46321245 8.8908961661 4.48075561213 3.11235115547 0.926043118654 8.74569400132 4.36678983679 1.40620755576 7.7329997892 6.52943653245
-9999.0 -9999.0 -9999.0 -9999.0 -9999.0 -9999.0 -9999.0 -9999.0 -9999.0 -9999.0 -9999.0 -9999.0 -9999.0 -9999.0 -9999.0 -9999.0 12.2407638487 60.3285001682 73.3160010758 15.2940759198 11.6320982809 23.4682932305 34.2739965 265.128888108 9.7984032133 39.2888038819 48.1351025948 56.6580251328 4.40306365709 10.5107570796 12.8492959522 62.6248247805 68.1116827826 70.7546602424 2.65385363893 2.2247765096 2.30731391064 4.27261388201 1.69521424857 1.75381368791 2.61690840105 2.33288603638 2.74430328787 7.9494299537 7954.38154339 9705.81696563 10.5933642515 1.60485361824 1.0060571522 26.9243428134 24.8995775416 14.6573010938 13.1062556693 9.68843346883 2.31940278931
-9999.0 -9999.0 -9999.0 -9999.0 -9999.0 -9999.0 -9999.0 -9999.0 -9999.0 -9999.0 -9999.0 -9999.0 -9999.0 -9999.0 -9999.0 10.4837343233 33.7077527912 11.0370890154 14.9511661094 13.418426861 25.4330810446 36.9582281319 48.578680915 325.002764617 334.46127707 9.71348781864 18.611222401 27.6375490749 33.2557707759 38.6898145513 53.4840836907 59.8988809548 2.00030766456 2.68551630888 2.32918884009 2.44479669722 2.62309147009 3.0470328234 2.58532115633 3.28034622907 9.7288980171 4.71889311759 2.37208687315 2.30936364248 2.01280958886 3.75598953234 9785.9671062 67.6091490615 32.5018615682 3.25079752257 1.48002586436 1.22322166792 4.01034785544 2.6559600487 1.30427777512
-9999.0 -9999.0 -9999.0 -9999.0 -9999.0 -9999.0 -9999.0 -9999.0 -9999.0 -9999.0 -9999.0 -9999.0 -9999.0 -9999.0 11.1459662223 21.2966397534 75.2885138816 9.56850580058 29.0444792906 42.0197923093 53.9212477134 12.4218883248 23.014900194 35.4183341609 380.423862097 9.16084616969 17.4576749714 25.8525588206 7.43063454159 14.4450276186 16.1694497688 21.4769585132 637.131703002 643.170202476 648.693318139 673.882058744 681.714898362 700.147664517 4.46498793462 9.64161189533 11.4688824611 753.190705465 757.444900489 2.14622343443 3.62042349385 5.06063443164 9787.95095839 64.6168440685 28.1061048187 26.3948775448 23.8534292745 21.9978801967 5.32634153106 1.36596641477 2.46425468907
-9999.0 -9999.0 -9999.0 -9999.0 -9999.0 -9999.0 -9999.0 -9999.0 -9999.0 -9999.0 -9999.0 -9999.0 -9999.0 -9999.0 11.5476345977 34.6529357032 121.288649679 177.346054653 8.17306245034 228.64890035 293.776873246 11.4833585697 22.014080896 34.235392916 478.017840333 488.094593371 7.06861556804 39.9960392325 46.4822288117 51.6645206801 599.006452241 607.110685915 613.365975092 3.17311431336 18.3386617013 21.7014038299 9.16723556099 13.0999187128 718.683832455 733.867932919 736.972370314 739.882402771 761.088395858 1.77333734439 1.60869274863 8.10567804515 9790.30881107 2.30135438577 0.374812079784 1.07691785875 0.505373771728 19.4323455779 18.0563546092 10.7528587449 7.59820065316
-9999.0 -9999.0 -9999.0 -9999.0 -9999.0 -9999.0 -9999.0 -9999.0 -9999.0 -9999.0 -9999.0 -9999.0 -9999.0 -9999.0 -9999.0 -9999.0 23.5961369464 46.6569444978 207.95454704 219.07787785 303.354805741 314.642991533 11.2402017956 22.4822258489 53.9597634033 496.63111506 511.590199927 517.281687666 4.65442972879 536.738448491 544.722891446 5.37767819313 3.2217169413 6.42563529911 12.3814203556 2.95303025031 5.85917119219 12.9057723935 15.9438850105 2.87022193148 1.9777796913 3.9088249924 775.128416617 779.000329042 780.436683589 792.25517231 9792.45272124 1.58555031791 0.194307545473 0.248058168418 0.268115156796 0.281963595705 0.261495608084 0.46392283245 1.20816038688
-9999.0 -9999.0 -9999.0 -9999.0 -9999.0 -9999.0 -9999.0 -9999.0 -9999.0 -9999.0 -9999.0 -9999.0 -9999.0 -9999.0 -9999.0 -9999.0 12.0764763238 11.6753928312 11.2828340989 22.1585298413 9.34270148484 333.44430599 343.818100583 11.1046089087 21.2779270915 9.13566172025 7.15586474159 6.90414558028 528.208375256 2.3185905131 4.69685076481 3.40298722865 3.59245785439 3.01529196143 2.36205758702 2.46134713797 7.60571233657 10.4431505355 2.0109362203 1.68320848861 3.65338206275 6.09103998194 7.88585109214 2.02458920918 782.461746631 793.762032669 9794.14702696 3.64846687558 0.567826144753 0.104102313001 0.352257806857 0.0880281321152 0.0734156739089 0.550393283395 5.9306993281
-9999.0 -9999.0 -9999.0 -9999.0 -9999.0 -9999.0 -9999.0 -9999.0 -9999.0 -9999.0 -9999.0 -9999.0 -9999.0 -9999.0 -9999.0 -9999.0 -9999.0 -9999.0 11.5462887396 32.2968111534 40.7529113015 49.8252600246 353.263880801 363.32807481 373.368936161 384.294871614 391.024078562 404.946836225 407.430303291 409.44740021 411.760106995 3.10607410323 2.96367985202 3.06569140526 10.483944518 2.74999151473 2.65227877811 2.08927531541 6.07008599445 2.23793899109 1.74575132882 1.61998355484 1.33233708083 2.65870530498 3.9323224919 802.016246301 10601.5976115 1.4551709953 3.05443984435 0.0684856974874 0.458846745835 0.226506709447 0.148014129909 11.2213824227 9.77830207795
-9999.0 -9999.0 -9999.0 -9999.0 -9999.0 -9999.0 -9999.0 -9999.0 -9999.0 -9999.0 -9999.0 -9999.0 -9999.0 -9999.0 -9999.0 -9999.0 -9999.0 -9999.0 -9999.0 9.05590862655 75.9688762255 146.067909059 155.5163524 14.1642190279 25.4487547059 35.7406738643 43.7537753166 98.0472945135 101.217898502 3.10902667662 3.08198021753 418.386511713 424.29239768 427.016077748 12.5176420106 1.6921658181 4.26200935743 6.31412871827 19.2142121024 23.5172351126 26.8773204216 3.08168367987 4.30814084891 1.46231627441 2.91958536507 1.50723147826 10604.696517 1.32188378955 5.60050084015 1.57970012674 2.8715215834 8.51485766483 9.48004573102 21.5294237708 10.1724811637
-9999.0 -9999.0 -9999.0 -9999.0 -9999.0 -9999.0 -9999.0 -9999.0 -9999.0 -9999.0 -9999.0 -9999.0 -9999.0 -9999.0 -9999.0 -9999.0 -9999.0 -9999.0 10.5845656917 34.4499817902 67.0600860632 87.0467522729 217.748474168 230.253732502 21.6323023169 31.8883349558 40.4181709803 48.0375542292 103.856836072 109.944773754 185.414749801 190.607288421 193.27073846 429.574784336 448.082158725 4.02016608063 2.71717005963 2.5564927229 4.89323220069 2.23819450608 31.2119814211 32.8229522699 5.69621215167 7.04940012158 1.14310751979 2470.76811277 2473.95608654 13080.9246003 13088.7019249 1.36063165983 5.69200341834 1.73836858814 1.54737250092 24.3288494169 35.6853296651
-9999.0 -9999.0 -9999.0 -9999.0 -9999.0 -9999.0 -9999.0 -9999.0 -9999.0 -9999.0 -9999.0 -9999.0 -9999.0 -9999.0 -9999.0 -9999.0 -9999.0 -9999.0 -9999.0 12.6022778687 12.243360777 22.6112576327 53.0909043019 240.620680552 11.1727059596 11.043951903 19.7313710857 28.4559584669 64.0540284331 67.7320629423 2.33187582831 3.6055195792 197.01094389 199.47101785 649.68420873 651.471582727 1.48653124893 1.32268048504 1.14938275625 1.15988343645 1.30457624088 2442.09924402 2451.74583755 2460.44831994 2463.23393583 2469.48968563 1.69905878184 6.22628917075 7.68403713052 13099.8845139 13101.2406926 13103.4462388 13105.2742547 13107.0412864 36.825318455
-9999.0 -9999.0 -9999.0 -9999.0 -9999.0 -9999.0 -9999.0 -9999.0 -9999.0 -9999.0 -9999.0 -9999.0 -9999.0 -9999.0 -9999.0 -9999.0 -9999.0 -9999.0 -9999.0 -9999.0 10.8085619183 11.5293457506 21.0509375553 281.996681756 292.944860411 10.8294252703 19.5174854889 28.4315340472 32.641630139 3.32261781577 7.51855804239 610.104037307 612.962035183 615.640092501 636.923008145 1290.75061553 2377.5820234 2381.32654253 2384.76092738 2388.10422155 2402.83329324 2407.59854397 8.26890041118 3.62463817486 2.19364670779 4.12447736604 3.07365121121 4.89309992804 1.58137895835 35.0745834931 39.6562610148 43.1043653014 43.9714135142 13108.0986149 13146.3214627
-9999.0 -9999.0 -9999.0 -9999.0 -9999.0 -9999.0 -9999.0 -9999.0 -9999.0 -9999.0 -9999.0 -9999.0 -9999.0 -9999.0 -9999.0 -9999.0 -9999.0 -9999.0 -9999.0 -9999.0 -9999.0 11.1023384424 21.1771786384 31.3825246703 301.872754689 10.8470702391 411.871699211 421.163878877 424.501963837 428.968946427 592.776683745 598.035496379 3.00878637468 15.9706945912 19.1525566917 3.03309704007 1083.20446108 1077.5197992 1.88670726812 4.37217085289 11.6145217064 2.54305110756 2.61688349088 1.81705622613 1.55158361502 1.21196245811 1.43579949544 30.1464467041 31.6824724609 33.5341852713 3.05896845538 2.13216969692 45.4091280287 46.62151435 47.3057078685
-9999.0 -9999.0 -9999.0 -9999.0 -9999.0 -9999.0 -9999.0 -9999.0 -9999.0 -9999.0 -9999.0 -9999.0 -9999.0 -9999.0 -9999.0 -9999.0 -9999.0 -9999.0 -9999.0 -9999.0 -9999.0 9.82795905518 9.17644373697 48.0676206235 370.662606652 392.010322338 403.239361799 8.82609550201 155.859745403 158.492653207 159.924944283 4.47123579639 8.05555730875 10.8626251542 242.557767159 244.980692789 247.144484071 1073.50392765 688.270520969 2.42330154047 2.47344902047 2.35735778902 1.85004950951 18.571647337 22.0858870336 25.1702529384 26.9140032486 28.5931488019 211.565889203 212.848836397 214.338525688 217.834481739 232.000956456 232.80816677 281.042221068
-9999.0 -9999.0 -9999.0 -9999.0 -9999.0 -9999.0 -9999.0 -9999.0 -9999.0 -9999.0 -9999.0 -9999.0 -9999.0 -9999.0 -9999.0 -9999.0 -9999.0 -9999.0 -9999.0 -9999.0 -9999.0 -9999.0 19.2673200154 29.7071160207 11.2139257525 11.3442521596 127.768821485 136.917025181 142.545475682 51.3366889935 53.6898516934 56.6814814821 60.0160081349 237.218423129 240.567309594 130.850169714 380.651647397 383.11157189 686.337254631 4.81006025535 2.42385627041 1.71424741048 12.7844099825 15.0036870305 1.27186492986 1.15632099338 205.875726035 208.843934642 210.372060452 1.61583527243 2.47892964654 230.073990052 1.2955919344 5.76398914647 6.45952562058
-9999.0 -9999.0 -9999.0 -9999.0 -9999.0 -9999.0 -9999.0 -9999.0 -9999.0 -9999.0 -9999.0 -9999.0 -9999.0 -9999.0 -9999.0 -9999.0 -9999.0 -9999.0 -9999.0 -9999.0 -9999.0 -9999.0 9.74145210358 19.2181403614 83.2073355348 95.0803971274 106.704960867 42.190078081 48.8667813707 2.72975437649 169.225192845 171.57970454 174.08008934 2.94127340194 124.654456447 128.139189303 2.57559157485 673.786665975 5.43419289616 2.70336269082 6.84913870428 9.28156760742 1.82982344413 1.49153262309 190.661570015 203.137659102 204.918374557 1.78701561529 3.87585508231 4.86339981998 5.63130902813 11.0742587994 2.10808241697 4.70192277113 1.03818343471
-9999.0 -9999.0 -9999.0 -9999.0 -9999.0 -9999.0 -9999.0 -9999.0 -9999.0 -9999.0 -9999.0 -9999.0 -9999.0 -9999.0 -9999.0 -9999.0 -9999.0 -9999.0 -9999.0 -9999.0 -9999.0 -9999.0 9.5814732976 30.2787161557 54.0836936691 13.3666556637 24.1638572963 33.9570758588 157.448469441 161.64776427 164.213691145 2.23769811439 109.215220795 116.181967554 118.945350453 1.67988971327 662.824156511 668.778972772 2.75254268309 2.50691361284 4.95529875185 1.99882064 180.813835015 184.43772101 186.562970059 8.01197586007 9.76539207978 1.52199915975 2.76026930497 1.24921019091 8.44402675987 1.34395683102 1.17695363596 1.25747064405 1.35758053469
-9999.0 -9999.0 -9999.0 -9999.0 -9999.0 -9999.0 -9999.0 -9999.0 -9999.0 -9999.0 -9999.0 -9999.0 -9999.0 -9999.0 -9999.0 -9999.0 -9999.0 -9999.0 -9999.0 -9999.0 -9999.0 -9999.0 -9999.0 10.4966185068 12.4562620428 14.011857527 112.835400806 122.175524169 149.656313263 5.44584607658 98.8963116981 105.054213874 2.4254414234 5.05531746266 1.6893711666 656.605804169 2.2787392805 6.99605940234 8.95421326069 10.8055064862 169.490968625 175.081215396 177.342908348 2.29741411493 4.2952890115 6.09616117811 1.07269249159 0.93372146782 570.258382332 571.259165627 572.121278636 580.586786685 581.736792988 583.201412646 584.323835721
