data/baseflow/mHMbf_acc293.asc
ncols                  80
nrows                 72
xllcorner      4374000.0
yllcorner      5656000.0
cellsize            500
NODATA_value       -9999
[rows 25 to 49 of 72, columns 0 to 54 of 80]
-9999.0 -9999.0 -9999.0 -9999.0 -9999.0 -9999.0 -9999.0 -9999.0 -9999.0 -9999.0 -9999.0 -9999.0 26.461905698 52.5626531452 24.7521354526 50.2682887197 22.617449408 170.124052352 213.385394059 235.503813467 20.1946311846 38.9489153648 378.042641526 468.139627643 483.653319967 36.0825997567 33.3010769544 47.822731306 9.02047054828 8.30209278543 15.7078610709 7.75862571026 551.736417644 561.075344515 568.437192792 4451.51782221 9324.29572949 9267.10140083 12.3955856752 5.46972800411 4.99481449695 22.5883518806 17.7130330041 48.4150882578 68.9664380658 138.741869407 12.3916640935 12.341291752 114.363549925 125.546684111 244.981335066 252.285103601 268.244926277 273.829471642 4.84697614338
-9999.0 -9999.0 -9999.0 -9999.0 -9999.0 -9999.0 -9999.0 -9999.0 -9999.0 -9999.0 -9999.0 -9999.0 -9999.0 25.4253810952 50.6987141968 76.0561679045 123.031558109 24.7178330296 22.3407981545 149.666166091 170.122094387 342.206276298 362.675345178 57.4479014575 19.380546145 18.1006236768 16.3949818802 497.684969561 509.203043621 519.247947777 527.321454342 543.248492898 99.1168262693 107.322160098 682.537047232 14463.4869504 47.5144935599 38.3859520054 19.1101006339 5.17480019339 4.37105225333 32.3419779152 35.7855545297 57.2482290861 4.49618188438 144.757590536 20.7273817949 20.2902370834 4.21755156562 2.86268457273 2.48678991092 2.85568991326 2.5549905772 276.768140374 3719.23066377
-9999.0 -9999.0 -9999.0 -9999.0 -9999.0 -9999.0 -9999.0 -9999.0 -9999.0 -9999.0 -9999.0 -9999.0 -9999.0 -9999.0 24.789608878 45.3695850728 63.3595736552 81.7407877439 104.641825673 128.093566073 67.5904065577 111.98939187 20.318961915 19.7600588782 408.296122181 446.698087186 464.416045361 483.18837202 14.1799413451 25.6424100823 67.4036343371 78.9802244254 89.5457814932 9.97285972765 6.67750364979 14486.2230508 8.86598810971 11.51412788 5.62409699391 20.5605377598 9.84402908448 5.05313550776 98.0873438368 102.181299744 3.32914204719 148.447011666 171.970888049 23.1685394887 3850.18206456 3843.24617535 3837.33692827 3824.64817062 3819.06282204 3736.54395136 3733.00764215
-9999.0 -9999.0 -9999.0 -9999.0 -9999.0 -9999.0 -9999.0 -9999.0 -9999.0 -9999.0 -9999.0 -9999.0 -9999.0 -9999.0 4.3166992254 9.97698073877 17.8804177072 154.810112512 178.588757504 24.0166251619 22.6462363675 22.4035262339 327.241475293 369.992682663 20.5793751889 20.8453679136 17.3034009985 70.9032515412 88.1026596663 43.3100266866 55.3120466123 409.528652428 423.062681244 445.829236188 706.44833189 15198.5213842 8.29962249997 4.59424302355 31.1433927006 25.9219155134 4.38227464059 14.1277144708 18.5356527543 106.910109231 110.769994052 292.0317198 174.554478171 26.347078284 3931.65573084 36.2710325891 3831.79337295 3828.39722525 77.5100211847 5.33893068103 9.75523663779
-9999.0 -9999.0 -9999.0 -9999.0 -9999.0 -9999.0 -9999.0 -9999.0 -9999.0 -9999.0 -9999.0 -9999.0 -9999.0 -9999.0 22.2300134534 36.2805639415 76.6492560971 132.658385587 194.487375707 239.39902637 262.438232172 285.269473277 307.202781312 20.9633096301 19.1458956131 37.5595102405 35.5274507341 18.2515547081 355.501201851 372.289979362 387.987423034 402.820456335 228.904769026 240.952778948 252.928989201 15203.5839882 14.2725336579 12.1424534384 47.2280428269 5.17861067542 8.50394533885 4.34946670045 4.08096400443 22.4977766627 3.1574783515 3.34826778819 4243.66879969 3948.90245137 3945.3614034 15.1117465223 33.5291837969 21.8330260975 5.15236616861 68.7235921585 19.2060495284
-9999.0 -9999.0 -9999.0 -9999.0 -9999.0 -9999.0 -9999.0 -9999.0 -9999.0 -9999.0 -9999.0 -9999.0 -9999.0 -9999.0 15.512889601 14.171226481 27.5676448265 42.3613233205 23.1176625297 25.1894262694 48.6532842094 71.6944028831 115.085130486 136.786949067 156.306931186 213.950097456 232.098768136 251.350911695 17.465777848 176.463852574 191.816340745 205.832439472 10.7946613037 5.50482620186 10.5631442136 15462.8278558 15467.7172624 15490.9870263 62.5631053693 10.990376845 13.2899272308 3.86039208631 7.23547442642 25.7861561469 31.7972825277 6.10553578186 4259.10273189 4.89418261561 8.47578881378 9.65717257971 6.84842720001 12.6752587211 5.17755522646 44.948715716 34.344358166
-9999.0 -9999.0 -9999.0 -9999.0 -9999.0 -9999.0 -9999.0 -9999.0 -9999.0 -9999.0 -9999.0 -9999.0 -9999.0 -9999.0 -9999.0 13.2144760196 26.0903047254 13.0666364065 27.3955092435 174.626247561 195.114895384 217.60319632 21.732876832 21.7666031928 41.2945868257 61.1513071192 96.950376704 115.226308741 125.532174796 142.088546071 14.3639508348 13.3867594837 227.032555174 232.460039802 237.998070896 243.373392039 199.707295875 15713.5030994 15809.7221543 15814.849685 15832.7048709 15853.6947731 15864.7798132 3.13844416741 34.6743190329 4262.28209792 7.92225619112 4.0745879013 3.98403817866 3.53851474497 6.30671383136 6.45968276544 3.76422663388 5.63881972105 5.34802089632
-9999.0 -9999.0 -9999.0 -9999.0 -9999.0 -9999.0 -9999.0 -9999.0 -9999.0 -9999.0 -9999.0 -9999.0 -9999.0 -9999.0 -9999.0 -9999.0 38.7967140955 53.175921774 95.8146850752 131.144093404 19.7558226678 261.977673813 283.6750651 304.627065778 20.5502678832 40.3563107413 17.9565145634 134.817140115 144.468920824 159.710604525 175.837921189 213.706063456 218.684818433 3.4053935369 179.160990506 189.822075315 194.714583644 217.333120297 28.5222591803 18.1493702838 11.3164181801 10.8436866156 15876.857737 15882.2313305 15942.6012181 4265.53256927 20.9295042256 10.1974634292 6.76833446614 2.23121148127 19.8306814377 10.6476437909 3.40814632059 19.0633845842 16.1650033291
-9999.0 -9999.0 -9999.0 -9999.0 -9999.0 -9999.0 -9999.0 -9999.0 -9999.0 -9999.0 -9999.0 -9999.0 -9999.0 -9999.0 -9999.0 -9999.0 14.1776778013 67.2103037986 82.355811859 21.1216957731 23.4163539718 46.9952294686 69.0414681828 395.575850093 20.4164061521 81.814204705 100.295133447 118.458895064 10.1696451179 24.2539028195 32.4874767523 145.06514144 161.024104582 165.405972762 5.16867766354 5.48985361319 6.85295094523 12.5813156814 5.47348581519 5.80886473082 9.13300110372 8.06855160274 9.22398474068 21.8008082203 15948.6003317 20228.4976377 25.4830390261 4.4779318163 2.19185569971 63.4067981093 58.4986748244 35.2112830794 31.7182663707 23.8561629568 5.6372655289
-9999.0 -9999.0 -9999.0 -9999.0 -9999.0 -9999.0 -9999.0 -9999.0 -9999.0 -9999.0 -9999.0 -9999.0 -9999.0 -9999.0 -9999.0 11.3962937738 38.5448319943 12.909434403 24.6563665557 26.0215639611 49.9169972678 73.2572063168 93.3773547755 503.586984406 523.603619172 20.5119932978 39.2943426493 58.2387229273 71.5361605104 86.5018648938 129.120000225 139.746517208 10.0596108064 8.63933916369 7.80864106292 9.21388599773 9.67282400524 10.423589063 8.89184086389 11.0985402948 30.6540982842 14.1737127766 4.75992652221 4.54372911268 4.88697133983 9.21055944834 20404.1125269 144.464944168 73.4714225198 5.02119410584 2.1356973149 2.10755615942 8.19817891175 5.87239743917 3.09003597621
-9999.0 -9999.0 -9999.0 -9999.0 -9999.0 -9999.0 -9999.0 -9999.0 -9999.0 -9999.0 -9999.0 -9999.0 -9999.0 -9999.0 12.1140237876 23.1532032121 85.2991863356 11.9476060617 44.6023250673 70.2285559796 94.4830466651 24.6904034751 46.8938705996 65.3352562528 602.783364202 19.5944975587 37.431926084 55.65856401 16.780208851 33.2933792806 42.7965499396 53.4034016948 1191.65671267 1209.15899923 1225.09934918 1294.05585391 1322.70808347 1379.56996796 14.0903353633 31.8443597502 37.226415854 1540.14985139 1549.55390348 4.22488813831 7.89292205324 11.4002251226 20408.3473054 135.461828022 55.8976625909 53.5087706787 47.3753932402 44.0016537581 10.8897192204 2.52819397744 5.25172439034
-9999.0 -9999.0 -9999.0 -9999.0 -9999.0 -9999.0 -9999.0 -9999.0 -9999.0 -9999.0 -9999.0 -9999.0 -9999.0 -9999.0 12.4905095462 37.5266614833 135.086587542 197.387118857 10.4787143371 260.127168312 368.976504533 23.8039609087 46.0492022662 66.0275057426 788.626187221 803.921043604 16.6066711159 89.4799186899 105.460509918 119.627350474 1079.60304033 1110.92585012 1128.97861489 8.56085536344 49.44604875 58.6538012562 26.1173661809 38.1311922709 1431.90657011 1479.82328767 1489.13592711 1497.85224779 1559.65333208 4.91143577053 4.28510744984 19.1317092109 20412.7928465 3.75156654125 1.41087403432 4.09209149874 1.50141918841 39.9996450212 34.5631835369 20.3242983391 14.9694733487
-9999.0 -9999.0 -9999.0 -9999.0 -9999.0 -9999.0 -9999.0 -9999.0 -9999.0 -9999.0 -9999.0 -9999.0 -9999.0 -9999.0 -9999.0 -9999.0 25.8152856769 51.4717860334 233.520769097 246.939488592 380.528079252 394.912893072 23.272003893 46.5010890424 108.205913483 816.127985135 849.900405776 864.265340196 11.7583318311 916.844151035 948.78705409 20.15078829 8.68255171203 17.3795900743 33.5504912797 7.88095875286 15.8478194008 35.6828974047 44.5806003878 8.04385642701 5.41462240108 10.7885869157 1600.33658929 1613.42573778 1617.17025278 1645.91772402 20416.8962183 2.28550561438 0.953045482194 1.10071314385 1.01984470083 1.05180238727 0.874742542787 1.61412919042 1.85193947681
-9999.0 -9999.0 -9999.0 -9999.0 -9999.0 -9999.0 -9999.0 -9999.0 -9999.0 -9999.0 -9999.0 -9999.0 -9999.0 -9999.0 -9999.0 -9999.0 13.3598524208 12.9945118372 13.0003340024 27.8164294055 12.0729004121 418.820383523 432.052471246 21.2503116953 42.5140503857 20.4526483036 17.2132314345 16.7977196918 894.20324548 10.4160026096 20.8227171715 11.3209720358 9.64729796924 8.32100439939 6.5613318355 6.81532482679 20.7796539179 28.4095016094 5.49379619639 4.71535373285 10.0837065679 16.6313791632 22.4027594574 6.52362876561 1622.65412183 1649.82956188 20419.908439 7.69530925324 3.4232264908 0.635608413551 1.48663570397 0.481057706976 0.346225035343 2.00548821513 9.79122170947
-9999.0 -9999.0 -9999.0 -9999.0 -9999.0 -9999.0 -9999.0 -9999.0 -9999.0 -9999.0 -9999.0 -9999.0 -9999.0 -9999.0 -9999.0 -9999.0 -9999.0 -9999.0 12.8581733575 39.4770475201 49.7997579982 61.3415650473 443.462562853 455.357837673 467.829779503 484.029182514 500.458954027 534.453890732 544.950572214 554.608295977 563.746372109 8.62334439708 8.14273811274 8.41158844932 28.9224911931 7.53306946781 7.18053900682 5.74969882306 16.5706575425 6.17166050863 4.78250811609 4.4489026059 3.79116321133 7.56577976221 10.8604547752 1672.14735946 22103.2049123 1.91155916693 4.64502949624 0.512855479402 2.04051891412 1.13441430187 0.697943974625 19.5820777983 16.146034361
-9999.0 -9999.0 -9999.0 -9999.0 -9999.0 -9999.0 -9999.0 -9999.0 -9999.0 -9999.0 -9999.0 -9999.0 -9999.0 -9999.0 -9999.0 -9999.0 -9999.0 -9999.0 -9999.0 10.4480841188 85.1827482067 169.759488428 182.409500405 20.1523273062 41.5300768987 63.130647079 81.548176126 201.711116168 211.271139208 9.2047784379 9.06552174336 581.932418914 598.127974261 605.71618266 34.7140533108 5.05302947837 12.6279149736 18.5294358616 54.9647666885 66.8611513846 76.114463043 8.51139324595 11.8550006662 3.9679688792 7.78216701752 3.94906530893 22111.1054458 1.89219800058 8.13592199534 3.07342123074 7.09026844647 16.176349575 18.0041305602 38.6840975468 20.5873668389
-9999.0 -9999.0 -9999.0 -9999.0 -9999.0 -9999.0 -9999.0 -9999.0 -9999.0 -9999.0 -9999.0 -9999.0 -9999.0 -9999.0 -9999.0 -9999.0 -9999.0 -9999.0 11.914059123 38.3563492986 74.9143236865 97.5576229127 252.751503811 269.29097979 45.0078086237 66.5242126419 85.4623279843 103.833197654 221.518863379 240.562717264 429.195470102 444.052724019 452.602245208 613.156896315 665.990519793 12.1221704752 8.0617363923 7.64745625164 14.5333742801 6.45924465729 88.3130125294 92.7749568181 15.6125871152 20.4731933125 3.93481363271 4599.58692898 4607.68981196 26724.2142108 26735.9362346 1.78434433368 10.8803527235 2.34909333841 2.27862835498 43.8297301857 66.5669703358
-9999.0 -9999.0 -9999.0 -9999.0 -9999.0 -9999.0 -9999.0 -9999.0 -9999.0 -9999.0 -9999.0 -9999.0 -9999.0 -9999.0 -9999.0 -9999.0 -9999.0 -9999.0 -9999.0 13.8758055049 13.5091119723 25.2767739233 59.7094902043 281.102925832 23.001284806 22.7732822428 41.7761092325 61.123415657 148.93037842 162.022339917 9.19337379803 9.76436122953 463.425053218 471.084371529 1144.62884463 1151.21649723 4.57631634737 4.07029336802 3.4353483781 3.46762984048 3.67776389621 4515.79859736 4542.69987419 4568.74727905 4577.95383651 4595.16976048 4.35994220628 16.1224360651 19.9321209212 26763.3725699 26765.7530648 26770.4191071 26776.101648 26780.9004267 70.2430857943
-9999.0 -9999.0 -9999.0 -9999.0 -9999.0 -9999.0 -9999.0 -9999.0 -9999.0 -9999.0 -9999.0 -9999.0 -9999.0 -9999.0 -9999.0 -9999.0 -9999.0 -9999.0 -9999.0 -9999.0 12.1833392652 12.8590358947 23.6897221133 327.716719351 341.764799853 22.4928311603 41.4591906047 61.1226927256 75.8331431299 12.9136369457 25.1553014425 868.040333231 876.894554019 885.800382322 951.101556366 2110.36304313 4334.43446432 4345.4501893 4355.4120369 4365.03627256 4405.49783511 4418.37600925 22.4543727537 10.0024457985 5.75622450256 10.8646159248 8.00757270341 12.6617955124 3.93277061087 95.3673822305 102.898950742 108.18437376 110.153873899 26783.708282 26858.2882027
-9999.0 -9999.0 -9999.0 -9999.0 -9999.0 -9999.0 -9999.0 -9999.0 -9999.0 -9999.0 -9999.0 -9999.0 -9999.0 -9999.0 -9999.0 -9999.0 -9999.0 -9999.0 -9999.0 -9999.0 -9999.0 12.4969421868 23.9100949784 35.4212335555 351.849650148 16.6596144867 495.397297605 515.603964359 528.848589294 541.905032924 817.791151769 830.937578879 9.62111830388 48.1128364587 58.1125481971 9.01700024939 2213.16952272 2196.72617605 5.40535044074 12.1779367793 31.8960465044 6.9062315477 6.97735490772 5.07557967323 4.24041333282 3.34102029627 3.7988253116 82.8376034004 86.7247478254 91.3672497112 4.30640181483 2.96042352261 112.050201753 114.500137303 115.973118695
-9999.0 -9999.0 -9999.0 -9999.0 -9999.0 -9999.0 -9999.0 -9999.0 -9999.0 -9999.0 -9999.0 -9999.0 -9999.0 -9999.0 -9999.0 -9999.0 -9999.0 -9999.0 -9999.0 -9999.0 -9999.0 11.2495197709 10.5370526242 54.9491325655 431.055842416 460.043699951 476.514609412 19.950406341 245.861231915 257.653111892 263.243799562 12.0690366045 22.6673286971 31.4599705568 522.40460618 529.429848352 535.621859249 2185.11839901 1309.20361625 6.66484240166 6.68922934614 6.44659310773 5.01647112759 51.7937711915 61.3332881226 69.7439049712 74.3224122997 78.7389807548 555.671745026 558.921695215 563.422961439 574.41147735 614.581740138 616.457074887 734.495788006
-9999.0 -9999.0 -9999.0 -9999.0 -9999.0 -9999.0 -9999.0 -9999.0 -9999.0 -9999.0 -9999.0 -9999.0 -9999.0 -9999.0 -9999.0 -9999.0 -9999.0 -9999.0 -9999.0 -9999.0 -9999.0 -9999.0 22.053825967 33.8803091348 13.8017435453 23.0285329585 174.379657766 194.859008132 210.919600104 107.943296861 118.878154941 130.912429049 140.970523723 506.904898623 516.266947558 319.23574246 862.516776254 869.705863143 1303.61398374 13.5233473669 6.73485434697 4.87790901107 35.9650869508 42.0305578875 3.52771113826 3.24023275536 540.868909206 548.752299068 552.593752957 5.20657069858 7.81454522385 608.541225857 4.02246981434 14.1656676661 15.696356665
-9999.0 -9999.0 -9999.0 -9999.0 -9999.0 -9999.0 -9999.0 -9999.0 -9999.0 -9999.0 -9999.0 -9999.0 -9999.0 -9999.0 -9999.0 -9999.0 -9999.0 -9999.0 -9999.0 -9999.0 -9999.0 -9999.0 11.1139291257 21.9825261644 97.3373826422 112.10391082 131.008798238 79.6500624045 96.9608377711 11.3638733995 336.004957267 346.401471746 356.784456707 9.70889688006 301.725757964 311.395843149 7.35469613313 1268.19096938 15.2332541555 7.53904802849 19.3783697495 26.1351364168 5.06070801896 4.15494497981 499.715699434 533.61662797 538.280957243 4.75458649834 10.2965188945 13.0289354197 15.3962221724 30.374848778 5.14442605346 11.6116484437 2.38797611984
-9999.0 -9999.0 -9999.0 -9999.0 -9999.0 -9999.0 -9999.0 -9999.0 -9999.0 -9999.0 -9999.0 -9999.0 -9999.0 -9999.0 -9999.0 -9999.0 -9999.0 -9999.0 -9999.0 -9999.0 -9999.0 -9999.0 10.9873479553 35.1603799808 63.6771832654 17.9140356933 39.8252445549 60.680842984 289.293695864 303.501074537 314.414491054 10.1717195737 244.240236235 274.185853107 284.041118333 7.45127205047 1237.02367755 1253.76549519 7.77535861691 7.16663200952 14.0175723229 5.68705123213 472.633935655 482.699133799 488.423639306 21.8486880848 26.5883172864 4.14142352954 7.38954251667 3.27597389576 22.5719031249 3.36924715294 2.94102670859 3.16229961605 3.31199362882
-9999.0 -9999.0 -9999.0 -9999.0 -9999.0 -9999.0 -9999.0 -9999.0 -9999.0 -9999.0 -9999.0 -9999.0 -9999.0 -9999.0 -9999.0 -9999.0 -9999.0 -9999.0 -9999.0 -9999.0 -9999.0 -9999.0 -9999.0 12.5772648617 15.0843568401 21.163186002 190.005232873 210.166544288 270.35643652 16.2787078071 201.193778237 224.80602794 10.5036888481 21.1663136936 7.99623791675 1213.16441402 9.04886889757 24.2309694017 30.3346590984 36.2097077864 437.142568594 456.539004064 462.814145757 6.32766967489 11.7262730041 16.6151498289 2.91279467374 2.58128764834 1158.85647451 1161.49061383 1163.67090594 1185.26139316 1188.04649334 1191.73298066 1194.40415078
