data/baseflow/mHMbf_acc575.asc
ncols                  80
nrows                 72
xllcorner      4374000.0
yllcorner      5656000.0
cellsize            500
NODATA_value       -9999
[rows 0 to 24 of 72, columns 0 to 54 of 80]
-9999.0 -9999.0 -9999.0 -9999.0 -9999.0 -9999.0 -9999.0 -9999.0 -9999.0 -9999.0 -9999.0 -9999.0 32.7892877831 25.0240929386 -9999.0 -9999.0 -9999.0 -9999.0 -9999.0 -9999.0 -9999.0 -9999.0 -9999.0 -9999.0 -9999.0 -9999.0 -9999.0 -9999.0 -9999.0 -9999.0 -9999.0 -9999.0 -9999.0 -9999.0 -9999.0 -9999.0 -9999.0 -9999.0 -9999.0 -9999.0 -9999.0 -9999.0 -9999.0 -9999.0 -9999.0 -9999.0 -9999.0 -9999.0 -9999.0 -9999.0 -9999.0 -9999.0 -9999.0 -9999.0 -9999.0
-9999.0 -9999.0 -9999.0 -9999.0 -9999.0 -9999.0 -9999.0 -9999.0 -9999.0 -9999.0 -9999.0 -9999.0 66.1365823913 141.076765199 21.7371909113 -9999.0 17.1042482114 -9999.0 -9999.0 -9999.0 -9999.0 -9999.0 -9999.0 -9999.0 -9999.0 -9999.0 -9999.0 -9999.0 -9999.0 -9999.0 -9999.0 -9999.0 -9999.0 -9999.0 -9999.0 -9999.0 -9999.0 -9999.0 -9999.0 -9999.0 -9999.0 -9999.0 -9999.0 -9999.0 -9999.0 -9999.0 -9999.0 -9999.0 -9999.0 -9999.0 -9999.0 -9999.0 -9999.0 -9999.0 -9999.0
-9999.0 -9999.0 -9999.0 -9999.0 -9999.0 -9999.0 -9999.0 -9999.0 -9999.0 -9999.0 33.0170191381 31.7625561379 32.7274386521 31.6905154719 201.72533672 225.180116499 47.1311191277 14.8250141466 -9999.0 -9999.0 -9999.0 -9999.0 -9999.0 -9999.0 -9999.0 -9999.0 -9999.0 -9999.0 -9999.0 -9999.0 -9999.0 -9999.0 -9999.0 -9999.0 -9999.0 -9999.0 -9999.0 -9999.0 -9999.0 -9999.0 -9999.0 -9999.0 -9999.0 -9999.0 -9999.0 -9999.0 -9999.0 -9999.0 -9999.0 -9999.0 -9999.0 -9999.0 -9999.0 -9999.0 -9999.0
-9999.0 -9999.0 -9999.0 -9999.0 -9999.0 -9999.0 -9999.0 -9999.0 -9999.0 31.9345233169 64.65431375 128.257243543 63.1551113929 30.7511566978 60.7080191923 254.495311652 339.392265471 17.9063468866 -9999.0 32.0189055096 -9999.0 -9999.0 -9999.0 -9999.0 32.7070888394 16.4066233075 -9999.0 -9999.0 -9999.0 -9999.0 -9999.0 -9999.0 -9999.0 -9999.0 -9999.0 -9999.0 -9999.0 -9999.0 -9999.0 -9999.0 -9999.0 -9999.0 -9999.0 -9999.0 -9999.0 -9999.0 -9999.0 -9999.0 -9999.0 -9999.0 -9999.0 -9999.0 -9999.0 -9999.0 -9999.0
-9999.0 -9999.0 -9999.0 -9999.0 -9999.0 -9999.0 -9999.0 -9999.0 35.2516534804 100.727352188 131.898082268 163.146418404 221.75623789 29.523540525 118.685704588 147.564753637 534.063304198 25.7037730833 27.1800643742 60.4168410329 88.1992124207 28.9380147872 -9999.0 88.1422226714 72.1868975146 20.6176060979 -9999.0 -9999.0 -9999.0 -9999.0 -9999.0 -9999.0 -9999.0 -9999.0 -9999.0 -9999.0 -9999.0 -9999.0 -9999.0 -9999.0 -9999.0 -9999.0 -9999.0 -9999.0 -9999.0 -9999.0 -9999.0 -9999.0 -9999.0 -9999.0 -9999.0 -9999.0 -9999.0 -9999.0 -9999.0
-9999.0 -9999.0 -9999.0 -9999.0 -9999.0 -9999.0 34.9748303106 32.6420415451 32.0780600931 32.4509263833 32.6419277529 228.506179126 481.662267265 512.745889546 540.251824752 27.2677438649 589.05118776 616.5846372 56.2515388599 27.8581078107 115.411347294 200.658565099 26.9856677879 169.408832739 29.2600262122 28.2343019885 30.1136461177 -9999.0 -9999.0 -9999.0 -9999.0 -9999.0 -9999.0 -9999.0 -9999.0 -9999.0 -9999.0 -9999.0 -9999.0 -9999.0 -9999.0 -9999.0 -9999.0 -9999.0 -9999.0 -9999.0 -9999.0 -9999.0 -9999.0 -9999.0 -9999.0 -9999.0 -9999.0 -9999.0 -9999.0
-9999.0 -9999.0 -9999.0 -9999.0 -9999.0 -9999.0 70.0765615095 103.882785908 236.226580223 331.583117783 29.995115017 30.9516910319 29.7408746644 88.481535386 655.905454504 25.8190712253 645.392632694 752.949471713 83.9831884384 53.6358098725 226.803797771 28.163820491 197.070246664 55.464436908 27.9219514225 55.3334088789 59.6015487653 29.9200429993 30.3567355682 29.7565542714 31.2619329967 62.74195229 -9999.0 -9999.0 -9999.0 -9999.0 -9999.0 -9999.0 -9999.0 -9999.0 -9999.0 -9999.0 -9999.0 -9999.0 -9999.0 -9999.0 -9999.0 -9999.0 -9999.0 -9999.0 -9999.0 -9999.0 -9999.0 -9999.0 -9999.0
-9999.0 -9999.0 -9999.0 -9999.0 -9999.0 37.1247411821 72.4694637433 35.1044438452 68.4713932154 365.343874448 427.992833919 490.303877011 1553.19385268 29.9424000465 684.614889071 2460.07452589 2481.21283889 3269.65919076 22.6154936839 80.549582704 253.158499775 26.1676003458 505.931412584 281.976929402 171.424484808 143.478543278 29.0993696901 89.0275545391 88.5402062941 59.0822006204 28.9585990398 92.6221782072 28.961732339 28.6458621083 -9999.0 -9999.0 -9999.0 -9999.0 -9999.0 -9999.0 -9999.0 -9999.0 -9999.0 -9999.0 -9999.0 -9999.0 -9999.0 -9999.0 -9999.0 -9999.0 -9999.0 -9999.0 -9999.0 -9999.0 -9999.0
-9999.0 -9999.0 -9999.0 -9999.0 -9999.0 37.3209341913 109.261652558 217.212128236 251.140961987 497.305449239 529.795142028 630.33755222 1033.00213276 1636.44650587 1695.19082161 1722.71537789 52.3059981374 3363.47145889 3412.00809171 3545.77780929 4415.75175159 588.217929621 534.050483153 199.307963598 27.3663266418 171.77747379 116.573844724 26.6866829821 115.643125686 27.7859913707 55.7677585753 149.977832452 178.166985373 56.5878872727 27.9073598325 27.75479171 -9999.0 -9999.0 -9999.0 -9999.0 17.5025555482 15.0069307868 -9999.0 -9999.0 -9999.0 -9999.0 -9999.0 -9999.0 -9999.0 -9999.0 -9999.0 -9999.0 -9999.0 -9999.0 -9999.0
-9999.0 -9999.0 -9999.0 -9999.0 -9999.0 36.687403521 35.4097789094 143.725927354 177.855979898 212.831054074 33.9881775416 67.5818522702 379.221055766 66.4002122602 32.2077672962 30.2605799912 27.4479358985 31.4334825688 30.6192574883 29.5004345182 4445.1348242 4525.04894486 26.1887435023 80.4212999107 54.5398504008 198.363124344 53.6190159128 25.9581190616 143.308893613 54.1519452633 128.730197968 313.730539729 290.373587089 84.4500196781 83.3178928888 28.1976110482 28.2790092266 -9999.0 -9999.0 27.9916905581 40.4365428899 86.9724209518 15.9409290917 -9999.0 -9999.0 -9999.0 -9999.0 -9999.0 -9999.0 -9999.0 -9999.0 -9999.0 -9999.0 -9999.0 -9999.0
-9999.0 -9999.0 -9999.0 -9999.0 -9999.0 -9999.0 37.1843566813 36.5622479802 72.1452266811 107.449495598 244.84178365 313.464440098 347.63715922 34.4159383962 30.2874313549 387.125482369 476.488645318 504.911182627 622.25904659 649.727060031 27.6399186181 4552.58062097 4686.43402809 106.92533693 24.1528858886 223.807349729 497.735864802 195.202045755 51.8469470177 25.9771307986 493.778493753 340.39497553 26.0529780484 25.728547736 109.44172973 83.4263440777 27.3058483771 26.7041737058 27.7523076906 55.1945236798 27.2050336322 105.946561052 132.752854168 25.6327425749 -9999.0 -9999.0 -9999.0 -9999.0 28.3049257989 27.0847229467 7.57169493184 -9999.0 -9999.0 -9999.0 -9999.0
-9999.0 -9999.0 -9999.0 -9999.0 -9999.0 -9999.0 -9999.0 36.964586834 33.7261461424 69.0269503487 103.928264569 34.6751429465 33.0543866519 199.995162497 263.505169968 328.09133928 30.5978594608 60.318670791 29.8441662366 677.624548023 1486.58191937 1504.25247508 6239.99883207 26.9587866764 71.4367797955 23.0375472085 523.047560325 25.6566410865 78.1478505688 25.6199472908 519.69450484 545.396521329 52.0672053122 51.2809765443 274.724538556 138.097063166 53.6403967552 27.1800191433 55.5055004816 82.5263236248 136.060856023 26.3973362335 185.28885025 211.963513268 24.8101591651 26.1608806824 26.6137043411 24.7798296389 23.6513992162 80.263071222 30.8848333623 19.9982939408 -9999.0 -9999.0 -9999.0
-9999.0 -9999.0 -9999.0 -9999.0 -9999.0 -9999.0 -9999.0 -9999.0 70.7544886086 103.843520689 34.3863572329 69.234797393 102.13849375 169.221914014 33.2589091299 32.7176696706 29.333847863 29.8014012399 27.8122490317 752.043332945 30.2203014189 59.3453986111 6320.57319975 6387.76528177 37.029506982 144.555636296 694.454394524 51.1595948297 102.427982677 49.0433254283 73.0175497949 646.273704326 76.6415790349 403.104368861 327.577012734 27.5177577683 133.975385016 53.8840441323 81.8090746318 26.2022970272 162.228644444 215.156189331 239.776698002 263.421197688 307.944750856 48.3204828954 49.6066611005 46.4195924014 43.914011938 102.891585892 22.0568770637 73.3312183359 94.1218328493 -9999.0 -9999.0
-9999.0 -9999.0 -9999.0 -9999.0 -9999.0 -9999.0 -9999.0 -9999.0 36.0364913776 174.962750213 208.784642694 33.9394449804 66.8602484652 32.9312488139 31.2637865 30.6635432641 381.37632695 508.656842277 623.071194431 733.24311744 27.6958642955 29.6033979951 35.7848346435 6523.58139959 6593.04996943 6627.34712974 939.08294671 207.372872803 178.899806427 23.8317789007 96.7102800428 767.044939212 23.9909238021 427.331208493 25.8219929892 173.668529812 161.054398909 26.3710356215 107.893968317 52.1869813037 78.0231666572 26.2162828524 23.4463778726 286.832947756 308.865489765 329.92741279 72.4663216732 68.4157545604 65.2520988111 125.775030578 170.096745189 22.078348816 115.435029151 22.2678560894 43.1491066671
-9999.0 -9999.0 -9999.0 -9999.0 -9999.0 -9999.0 -9999.0 -9999.0 -9999.0 35.7957259381 243.324722616 277.03920195 100.128722901 166.002997295 228.958652626 260.738647291 32.0978658246 97.7902030731 64.477471693 32.2503840614 31.9794209473 29.7456633186 60.3637688476 107.217404288 41.5670774256 7640.69766862 7677.94618491 35.6091908397 25.5881348841 48.341005075 72.5802303917 838.80028899 47.6142211265 450.180284415 270.490814356 221.26384926 25.8870616919 51.8384680398 132.9841641 24.9584395522 102.711316712 50.5547806347 44.0417536205 22.4958234037 375.73834174 725.120132231 90.4596101451 86.7443159383 85.9347864959 20.4564561476 190.280692723 19.853309669 157.303802259 20.9908136259 64.1274714602
-9999.0 -9999.0 -9999.0 -9999.0 -9999.0 -9999.0 -9999.0 -9999.0 -9999.0 -9999.0 33.1759511685 344.373928313 33.4978030597 67.0123550919 97.9944419837 160.487846307 32.2390095536 65.8627057549 32.5415191436 30.997748466 29.393397925 58.0977936161 27.2717604884 32.7946938842 71.9021510706 40.9459480174 7712.71347219 7782.52746824 7880.89956241 103.582984042 24.6826472793 49.1591429652 863.558271336 841.551526031 320.876471411 25.0752935305 102.776868575 77.2492714089 158.143306667 50.0231152353 202.671851412 74.9910862145 67.3576437558 21.0523751493 23.290298092 749.530950646 771.496536116 968.14441495 149.53802208 42.0569502503 211.727985416 252.490206895 429.18759725 41.3614298734 19.6740707831
-9999.0 -9999.0 -9999.0 -9999.0 -9999.0 -9999.0 -9999.0 -9999.0 -9999.0 -9999.0 -9999.0 17.9588398325 384.478895005 32.7664235456 63.495968567 286.354791361 31.9691886526 31.8304363373 28.3094851375 60.0672904263 29.2307534898 116.141414171 170.550783673 196.290422251 99.0188944181 130.466925698 36.1190597832 40.8575584566 37.0546076478 8042.52289024 8120.72546578 887.067323945 888.358670101 865.10702688 47.2173216445 23.1523102206 126.892991677 333.577949798 182.639886111 74.4432215169 301.166592579 154.946251657 131.523325147 42.2701404783 18.9262659863 17.8040362197 18.5076328834 1054.48396817 1270.13034382 20.9363665896 19.537040409 20.4000140082 449.347464073 510.256066868 37.6341161134
-9999.0 -9999.0 -9999.0 -9999.0 -9999.0 -9999.0 -9999.0 -9999.0 -9999.0 -9999.0 -9999.0 17.1916720792 426.30646302 524.559831587 30.7944339122 347.922764217 29.6886237751 28.6649301304 56.7302271015 145.647339551 28.629919339 29.883816982 26.9359977352 250.017535384 276.501352739 434.233478718 498.619005118 531.85485449 566.966852766 600.61910213 8754.4175722 9707.12375713 10656.7687411 10681.5295782 26.1411087301 23.44469831 381.84518134 357.933003912 24.0598172923 25.0150868439 325.944784448 505.093247219 22.2817716768 280.343447902 258.727909845 85.7351198953 41.1066748603 65.4463184634 24.4895357324 1311.72910972 20.9579858883 60.2428399346 77.0607692852 648.374621396 704.927486253
-9999.0 -9999.0 -9999.0 -9999.0 -9999.0 -9999.0 -9999.0 -9999.0 -9999.0 -9999.0 -9999.0 34.8440138215 67.3930330596 556.64716503 616.377087533 30.038355059 400.815304379 27.1184480415 82.5460698288 173.052463921 56.1884572193 27.4786645452 55.8776264211 25.3136473755 49.441469501 24.6181607658 23.9457982964 22.669525704 22.1307577246 23.668749901 27.410960086 33.7366952916 37.6286160727 38.1382157733 10773.3691638 497.444822104 438.146956282 26.5712939892 72.312738305 18.5166510589 15.7000169697 528.13723082 879.282526324 305.207665732 218.325843689 46.9482498676 21.9816345015 20.5978551517 41.4622070764 1374.3749762 1413.89101017 20.4653671548 20.34717293 20.9461503317 19.8553403057
-9999.0 -9999.0 -9999.0 -9999.0 -9999.0 -9999.0 -9999.0 -9999.0 -9999.0 -9999.0 -9999.0 -9999.0 31.9248561752 411.785842703 1059.4472446 1153.7049125 1582.23203634 1604.95426518 389.20991593 285.10659645 84.2052402055 27.1978421286 109.823826784 135.953393498 210.308487341 50.1282457104 48.5157986598 47.5567178654 94.18731297 47.8636126636 51.1418068687 22.8678976155 22.3926326941 26.6946763333 10802.2527878 11315.0843086 11346.2382957 27.6706747643 209.067519571 82.2053070064 24.2882113233 953.797432553 51.7579012313 26.5223680301 108.185534907 25.2834426728 23.9263791366 45.5986331844 64.0951602518 84.1378416602 1448.49529899 16.4787241836 14.3185108093 14.330109702 12.688662693
-9999.0 -9999.0 -9999.0 -9999.0 -9999.0 -9999.0 -9999.0 -9999.0 -9999.0 -9999.0 -9999.0 34.1154691662 313.011169787 379.895832243 63.3927406345 19.3690522923 45.9211910593 1679.44144498 1703.20870342 2114.21597273 25.6996990875 52.6817460943 24.4448928761 24.8595526946 235.072210712 309.919719757 383.415775517 23.5275766777 117.935136062 189.10729161 119.51332856 45.7751443212 43.8466930551 47.301210357 49.5895632289 28.755755126 11370.6089993 11392.1972725 11647.6107616 44.5086018193 22.7451685894 969.761825792 52.319850335 26.7211282299 28.1029685807 27.8518770183 25.9119936806 51.1323924115 144.933191093 250.369038631 1715.90944578 13.2089311056 39.1510960207 26.3054054691 23.4582695323
-9999.0 -9999.0 -9999.0 -9999.0 -9999.0 -9999.0 -9999.0 -9999.0 -9999.0 -9999.0 -9999.0 34.8174106723 213.406136097 33.9991141503 31.2494850657 156.002899196 184.762049101 214.205198072 241.94379232 2867.68847856 2891.9666323 2942.34245615 3311.18954103 3389.44856702 3439.20715324 3464.68433492 3915.51610438 3982.78064442 4006.88631571 4221.43681909 4365.83641295 4388.77217619 4477.38273467 69.3060507383 70.4709368632 24.0360039902 24.8382909497 11416.4329827 11739.7317404 68.9028943099 1105.81732859 1085.51949822 101.210080376 24.7209658649 25.2308161963 24.686354843 24.3745066267 49.0997047651 72.6478505761 23.7066351045 1732.25255687 1749.47619408 1830.02976542 1844.53234031 1881.35924439
-9999.0 -9999.0 -9999.0 -9999.0 -9999.0 -9999.0 -9999.0 -9999.0 -9999.0 -9999.0 -9999.0 108.247017218 143.212938405 67.1620495636 99.7661676004 32.2889851465 364.473143128 394.865634535 454.986562047 482.469208728 199.604181327 3182.72425679 3207.69143124 28.05746873 24.5954941983 24.1706202194 49.7046344062 24.4474921732 22.2746070129 21.5094474066 21.4349250744 4411.69260365 4500.41521697 4590.06539482 4679.1688341 4769.46887356 45.7359005047 16.3069174902 12908.730834 1146.66767604 1126.65725827 23.1801465366 22.2908817189 21.2153693243 46.4124634011 45.9794552812 21.6698777301 21.726032497 20.9569994941 44.3582831777 60.7749199441 16.9334632198 29.4638447863 10.5818314575 10.3339386404
-9999.0 -9999.0 -9999.0 -9999.0 -9999.0 -9999.0 -9999.0 -9999.0 -9999.0 -9999.0 -9999.0 -9999.0 72.6541179692 34.3940969479 32.9595492221 303.738203962 335.066490868 31.0057349952 120.668741982 149.470787453 176.821247897 29.1188364607 27.0376072995 507.595052435 532.29315248 556.673552406 1419.65949389 1442.22201041 1485.69182496 1660.09251271 1784.51821066 1805.02066299 19.8314751739 20.2971353879 18.5720360847 4802.70731791 17.3643067655 13135.4020514 13108.2212027 178.411245074 154.123418624 89.5765524192 22.2968073122 42.4833347867 67.6255426324 67.1417581323 42.5491136378 21.0288303081 41.8543258825 41.7925403016 80.176266073 13.1178890383 43.6855700073 69.3389055604 91.0398042048
-9999.0 -9999.0 -9999.0 -9999.0 -9999.0 -9999.0 -9999.0 -9999.0 -9999.0 -9999.0 -9999.0 -9999.0 36.9576950589 104.657149134 137.921023157 238.390555552 30.9504315881 62.45952849 92.2211547168 347.051537812 373.474598473 398.092853667 425.419132606 455.218863261 700.181395668 785.280885095 840.849861756 25.4438055903 130.198488736 154.562976871 1723.79173114 1827.93194126 1870.77373595 1913.25840916 1956.39199373 6777.15286665 17.9410281647 13215.5812311 46.6019586716 22.5639782114 131.993148077 110.152318364 19.5457014956 62.4997149989 87.7148196613 86.818061879 61.6031961926 101.787756963 161.739817898 60.8228493827 159.250327176 16.4233812879 28.7448846454 9.41706625329 7.4017513051
