data/baseflow/mHMbf_acc527.asc
ncols                  80
nrows                 72
xllcorner      4374000.0
yllcorner      5656000.0
cellsize            500
NODATA_value       -9999
[rows 25 to 49 of 72, columns 0 to 54 of 80]
-9999.0 -9999.0 -9999.0 -9999.0 -9999.0 -9999.0 -9999.0 -9999.0 -9999.0 -9999.0 -9999.0 -9999.0 34.7414928765 68.630035 31.8316869476 64.1304228736 30.7380111999 224.215749314 284.690643782 315.240373543 29.1488690717 57.1016422464 516.897001544 650.407636171 677.360418539 55.4023857383 60.2735506209 90.9787442652 21.9841386805 20.6278416646 39.0249576326 16.2654229573 777.548023866 795.629610025 812.071929601 6720.18936442 12877.9180099 12764.5133092 27.2558633766 12.1827633488 11.1031591938 49.9232641631 38.244732512 81.1084703274 107.02802478 213.214919144 20.0307063412 20.023171301 181.512914395 201.294502053 389.615559276 401.730156187 435.165416575 446.826454351 10.5065887949
-9999.0 -9999.0 -9999.0 -9999.0 -9999.0 -9999.0 -9999.0 -9999.0 -9999.0 -9999.0 -9999.0 -9999.0 -9999.0 33.4798062729 66.2804542815 98.8294370114 161.496502425 32.4433827982 30.8198579731 194.101101528 223.156476252 462.102856466 490.560267426 81.4538515929 28.9039140642 27.3993024438 27.5997534814 660.790093704 682.837186303 705.45709347 724.956816678 759.770905838 178.35775707 192.184833918 1025.33354939 20630.410481 93.6480080856 76.2089532209 39.1702611399 9.87469044568 9.34854787774 71.52196543 79.1157285574 102.301440997 11.281906631 228.04012861 37.6405043879 37.3808702483 10.8455770984 6.87857630701 5.39457156035 4.29066013432 5.17864465549 451.935253268 5725.72747415
-9999.0 -9999.0 -9999.0 -9999.0 -9999.0 -9999.0 -9999.0 -9999.0 -9999.0 -9999.0 -9999.0 -9999.0 -9999.0 -9999.0 32.8345736025 57.9082020533 79.7943922465 102.182856396 132.738144227 163.846304998 92.0421593213 152.494888989 28.7489945188 28.4014820122 527.769803076 583.508735924 609.782041613 637.643039028 23.7089685015 44.8447273696 113.672932997 140.122751209 161.353299179 16.7198216995 9.43000050985 20666.543828 16.6589908841 23.2371941182 14.1884870056 42.1703852224 19.0432549792 11.2582868214 189.867902686 195.283674514 5.25368210509 233.417819165 280.446536511 51.0242165672 5961.7392874 5944.30544903 5931.24890581 5909.16338799 5901.12922409 5764.51202036 5757.28321679
-9999.0 -9999.0 -9999.0 -9999.0 -9999.0 -9999.0 -9999.0 -9999.0 -9999.0 -9999.0 -9999.0 -9999.0 -9999.0 -9999.0 5.36569211987 12.3013679893 21.7836754782 186.977841057 218.673699004 31.6397925654 30.9671016772 30.4136658613 413.365044688 472.094517615 28.7776786315 29.3184943603 26.1955232418 106.046754144 132.720393503 72.0775316652 93.0848784107 595.907763754 618.71328151 651.905412656 1059.45063478 21733.8095353 16.5487480232 11.0132715865 65.5133206431 54.2380881899 6.22824351154 24.2844228398 30.7498225997 202.110117721 207.511434552 501.334488221 283.5251853 57.4523715998 6100.79501955 51.433040683 5920.32786205 5915.00184585 128.671878346 3.41917730821 25.2001995744
-9999.0 -9999.0 -9999.0 -9999.0 -9999.0 -9999.0 -9999.0 -9999.0 -9999.0 -9999.0 -9999.0 -9999.0 -9999.0 -9999.0 26.2605527419 43.2346714272 92.4395085078 159.444472017 237.772818926 293.831949729 324.351458071 355.083094388 384.903487039 29.2671545164 28.0938428468 55.6794881897 53.1147497884 27.0236128221 508.497462783 534.742365768 559.41390741 582.890134182 356.771809672 380.226175809 398.660714902 21740.5911247 26.3976273819 36.4618730089 109.610635306 11.4043086948 11.5979729385 5.64285538109 6.06248336177 36.0671771089 4.51200443964 4.78966661284 6628.97856699 6123.95055443 6119.16456894 20.7435954144 43.5648917013 29.0368059779 7.37545121934 121.521110039 35.4660233684
-9999.0 -9999.0 -9999.0 -9999.0 -9999.0 -9999.0 -9999.0 -9999.0 -9999.0 -9999.0 -9999.0 -9999.0 -9999.0 -9999.0 18.328315708 16.8807560829 32.9661181521 50.4350214555 29.1302181675 32.5755180371 63.6464901063 94.8630942762 154.597758382 184.171557937 212.105973085 296.25669666 322.59465367 350.258652138 27.0345346082 261.396454654 286.222458868 311.2427756 23.0948989821 15.301612295 26.5912339649 22162.8977058 22169.5500432 22211.4055085 140.467779602 22.8185338714 28.1598217969 8.09945893582 10.7419768536 40.7437256182 49.3697046228 8.69283188185 6649.67728202 6.11636185872 11.1885503293 13.0304762617 8.11945992578 16.2718568415 6.40246721842 77.6779047504 62.7588614369
-9999.0 -9999.0 -9999.0 -9999.0 -9999.0 -9999.0 -9999.0 -9999.0 -9999.0 -9999.0 -9999.0 -9999.0 -9999.0 -9999.0 -9999.0 15.9292746495 31.4883330322 15.964569658 34.0441079686 211.082281965 238.036692655 269.075126255 29.8264544961 29.8182991863 57.9606543011 86.3139198156 138.452396166 165.11778565 181.553629453 208.143473422 23.4676502554 23.5376784776 355.767040913 370.238913616 379.976264492 388.572795192 317.513139259 22563.8727432 22760.2314658 22768.7813859 22804.833867 22844.0190808 22859.1169873 4.40078497194 53.4375315812 6653.70858531 10.3143604428 5.29351078333 4.55036486635 4.11042191704 7.50196969256 8.49783058924 4.84773767471 7.52233137012 7.54576398579
-9999.0 -9999.0 -9999.0 -9999.0 -9999.0 -9999.0 -9999.0 -9999.0 -9999.0 -9999.0 -9999.0 -9999.0 -9999.0 -9999.0 -9999.0 -9999.0 46.7509805501 63.8189293962 114.591937157 156.737236635 23.6527164191 324.35428263 353.853679182 383.294531868 28.7503878481 56.7366745664 25.7497364647 189.643567279 205.084725922 229.806117602 257.915706557 323.245601229 334.693468034 7.2640913732 285.76820273 302.39412255 309.500612299 345.422744268 48.6875147314 31.8582175395 21.1431876183 18.4149891144 22881.54651 22889.0245218 22978.9176842 6657.52449041 26.7473156218 12.9063588882 8.32512498306 3.11158046963 25.3718872801 14.0706360603 4.36546829994 24.5754210713 20.8448414137
-9999.0 -9999.0 -9999.0 -9999.0 -9999.0 -9999.0 -9999.0 -9999.0 -9999.0 -9999.0 -9999.0 -9999.0 -9999.0 -9999.0 -9999.0 -9999.0 17.1832259853 80.5885457722 98.5490806229 25.3779675868 31.2435449216 62.226914489 91.5979842049 504.17373082 28.4022998187 114.059820866 140.294512285 166.011111932 16.829819563 40.0875497061 55.7205594717 225.590495382 256.45528614 262.513354288 7.87803455993 8.93276996725 11.5285678603 20.6585031173 9.76782487736 10.6844549782 18.3515456647 13.6874853728 15.6216297258 32.3796326157 22985.5901045 29659.2550541 35.9559665508 10.7159167256 3.37232532532 81.551456234 74.8002020906 45.0390827788 40.666793286 30.8492924309 7.27578819397
-9999.0 -9999.0 -9999.0 -9999.0 -9999.0 -9999.0 -9999.0 -9999.0 -9999.0 -9999.0 -9999.0 -9999.0 -9999.0 -9999.0 -9999.0 13.9983750184 46.9228874671 15.6475168987 30.388347253 32.9914597437 64.3321634614 94.9123007243 120.622873238 642.571684776 670.147640672 28.2084281245 54.4055397005 80.7559140038 100.893223855 124.763758227 203.277798335 217.546973675 22.4236509336 14.9454705536 12.7958016975 8.32729261741 17.5591246653 16.6617827717 18.946810917 20.7605092976 56.2535664712 21.1942700573 5.09441615361 4.83033674582 5.70363194283 10.8445575103 29919.8395961 217.546181176 96.6798354454 5.34681004191 2.22498803949 2.32128099236 9.49915610885 7.04705206909 3.82414964939
-9999.0 -9999.0 -9999.0 -9999.0 -9999.0 -9999.0 -9999.0 -9999.0 -9999.0 -9999.0 -9999.0 -9999.0 -9999.0 -9999.0 14.6408414985 28.4469817752 104.787329882 15.0815610434 54.781411796 87.5582781875 119.292018929 31.6837307177 60.8414036699 83.2865130837 770.440440772 27.2032752351 52.3425844351 77.9053570529 25.3428713945 50.6570286406 72.9319872907 88.3204099748 1626.39325285 1656.47813853 1689.34578276 1808.42384685 1845.92220691 1926.40247829 43.5839342959 90.0588873878 77.9721465422 2210.06833671 2220.61314079 4.51482080173 8.98830152755 13.2525649402 29922.7399537 198.572701536 95.497210152 92.8704196109 68.7571630159 58.5726592181 12.6142275257 2.76710773144 6.16378082438
-9999.0 -9999.0 -9999.0 -9999.0 -9999.0 -9999.0 -9999.0 -9999.0 -9999.0 -9999.0 -9999.0 -9999.0 -9999.0 -9999.0 14.8568336326 45.19706729 164.887532878 242.85502498 13.1727520352 321.156278559 457.482900483 30.5201139876 59.3509493511 83.7069427479 1007.2225198 1026.32175987 23.495071656 125.340483786 148.260059158 170.649711788 1435.79435066 1493.23947851 1519.8886967 12.9437426596 77.311143155 94.8796820219 34.420029614 49.8221863103 1993.42869092 2103.91944962 2115.27174751 2125.81851284 2232.50818721 5.81487302047 5.08573202607 22.3279292692 29926.3878578 3.81806052073 7.21947258443 21.9140318933 8.21602757512 54.276997799 38.6842821728 22.5379295566 16.8734173033
-9999.0 -9999.0 -9999.0 -9999.0 -9999.0 -9999.0 -9999.0 -9999.0 -9999.0 -9999.0 -9999.0 -9999.0 -9999.0 -9999.0 -9999.0 -9999.0 31.8959028212 64.2098012461 288.290306413 305.105440211 471.92432838 489.022512766 29.8969363511 59.6569546755 139.093615746 1041.38781146 1086.70091713 1106.36592404 15.8542600244 1181.58298482 1243.17500477 36.3933106391 12.3008765873 24.2993569312 46.4851335318 10.9159672886 21.5466571482 46.3327865167 57.7018848896 10.7634915894 7.0714346455 13.9125276721 2290.37911956 2317.5963705 2322.02104076 2355.80553791 29929.7373133 2.2815967399 5.49170387615 6.44743641971 6.3253860747 6.45877260507 5.64250765644 10.7046883294 1.81188164304
-9999.0 -9999.0 -9999.0 -9999.0 -9999.0 -9999.0 -9999.0 -9999.0 -9999.0 -9999.0 -9999.0 -9999.0 -9999.0 -9999.0 -9999.0 -9999.0 16.7318435195 16.3199015749 16.2748735836 34.2724304091 14.8548664552 518.41574813 533.962930676 26.6021834591 54.3865649391 27.7733256328 23.3385484786 22.6871429802 1149.08276752 21.2277806748 42.7287996636 18.5003349244 13.404188702 11.3167560951 8.62471889646 8.96990987252 27.1514871902 37.1674733115 7.07821431371 6.14362090622 13.2018384946 21.955178169 30.4779944342 13.3187465532 2328.82720257 2360.2431181 29931.9399081 19.8991735505 15.5170147419 4.35982771025 10.0460831831 3.77775635521 3.03110452461 13.9267494725 10.1349025862
-9999.0 -9999.0 -9999.0 -9999.0 -9999.0 -9999.0 -9999.0 -9999.0 -9999.0 -9999.0 -9999.0 -9999.0 -9999.0 -9999.0 -9999.0 -9999.0 -9999.0 -9999.0 16.1123451837 48.9455604792 61.8407777793 76.0968417051 547.81832155 561.849256381 576.586251168 596.250901093 618.386554686 664.147361675 683.666237738 704.071832229 720.052603988 12.3361271233 11.4169301707 11.5792493155 38.6160322192 9.98215456075 9.3701702501 7.43712832383 21.3688188335 8.0859268661 6.27316649674 5.8473106661 4.94699447151 9.87494614157 14.3488716456 2389.5568613 32344.0742313 1.9924774663 4.67925718851 3.9388533099 13.9176548326 7.81741558123 6.08919067373 32.6625305557 17.1800827904
-9999.0 -9999.0 -9999.0 -9999.0 -9999.0 -9999.0 -9999.0 -9999.0 -9999.0 -9999.0 -9999.0 -9999.0 -9999.0 -9999.0 -9999.0 -9999.0 -9999.0 -9999.0 -9999.0 12.9992462266 105.355227552 210.227961562 225.37060371 23.3222184636 49.6931854933 77.4385954974 102.696896241 260.829996934 274.632057581 13.1575062553 12.7173508243 751.209446147 775.764401262 785.956330333 45.8997085663 6.13232174138 15.4130961089 22.5599767969 68.1717562837 83.3367336762 95.2790044595 11.0217875868 15.4729237787 5.19780420481 10.3044004555 5.2913376796 32353.3850144 1.86865572719 8.22355506374 6.44695341472 22.9453483024 43.3226551442 50.5900900383 84.4057570008 24.1995422706
-9999.0 -9999.0 -9999.0 -9999.0 -9999.0 -9999.0 -9999.0 -9999.0 -9999.0 -9999.0 -9999.0 -9999.0 -9999.0 -9999.0 -9999.0 -9999.0 -9999.0 -9999.0 14.8214804613 47.4635594107 92.6109636107 120.686150818 311.737203499 330.841013718 56.5909095313 84.4193023876 110.637382754 136.159367628 292.099735916 320.240145462 592.07611244 614.986682538 632.96422811 795.458849384 863.473771053 14.8421164593 9.96368355282 9.37736505626 17.7421871656 7.89540448941 110.493117669 116.150256379 20.7023858325 29.9365694563 12.9893838712 6090.3263715 6103.37348406 38461.9783198 38472.7098106 1.88858227057 26.866087594 6.35229278172 6.06384381782 98.2385572727 125.291215209
-9999.0 -9999.0 -9999.0 -9999.0 -9999.0 -9999.0 -9999.0 -9999.0 -9999.0 -9999.0 -9999.0 -9999.0 -9999.0 -9999.0 -9999.0 -9999.0 -9999.0 -9999.0 -9999.0 17.0440710102 16.5507320282 31.0657358342 73.2411103328 344.704179103 28.696659583 28.3704583093 53.7721231398 80.224857106 206.583097904 228.891056553 16.3829810921 14.1484560248 647.437390911 656.727985514 1533.08205687 1546.41072049 5.13063389734 4.57971955056 3.88924821579 3.92156327332 4.43245577694 5965.8253687 6000.67568433 6037.53837784 6058.6484783 6080.83538262 6.05120934588 22.558455165 27.3076572742 38508.1066198 38509.5038937 38510.8838304 38517.5848951 38525.4651128 138.910170005
-9999.0 -9999.0 -9999.0 -9999.0 -9999.0 -9999.0 -9999.0 -9999.0 -9999.0 -9999.0 -9999.0 -9999.0 -9999.0 -9999.0 -9999.0 -9999.0 -9999.0 -9999.0 -9999.0 -9999.0 14.9987354974 15.8052821804 29.0442514988 401.124550641 417.096272613 28.0861805937 53.4750505985 80.2194838427 105.043351615 23.2843975446 41.9666073145 1112.12114925 1122.93033858 1137.61108409 1228.33272708 2786.69938731 5744.82373209 5757.41634543 5768.74400939 5779.66178773 5828.28212545 5844.11355726 29.763021799 13.2473064911 7.92684464514 14.8974464624 11.2986773893 17.7747512472 5.46496121913 130.840284848 144.688326908 154.039146695 156.49761541 38527.7311694 38677.0163543
-9999.0 -9999.0 -9999.0 -9999.0 -9999.0 -9999.0 -9999.0 -9999.0 -9999.0 -9999.0 -9999.0 -9999.0 -9999.0 -9999.0 -9999.0 -9999.0 -9999.0 -9999.0 -9999.0 -9999.0 -9999.0 15.2646814265 29.0964526367 43.02539811 428.783454454 19.206529836 600.839843365 628.111755155 652.271611123 672.320608253 1032.9941955 1052.74026417 11.0783688342 63.305976699 78.6968928239 10.8778000661 2945.85261897 2926.29162215 6.01642619127 13.7644394759 38.3707427078 8.67469032277 9.35109398587 6.81193127876 5.93633400472 4.74280745874 5.46260890246 113.343772604 118.959926648 125.684731261 10.2498270623 6.92562514771 159.039910556 161.809998254 163.753253596
-9999.0 -9999.0 -9999.0 -9999.0 -9999.0 -9999.0 -9999.0 -9999.0 -9999.0 -9999.0 -9999.0 -9999.0 -9999.0 -9999.0 -9999.0 -9999.0 -9999.0 -9999.0 -9999.0 -9999.0 -9999.0 13.7066940094 12.7320138857 66.3668253039 523.078320215 556.375085858 575.614974398 26.6177363768 304.47912808 327.732851163 338.491465122 17.9790900513 31.2041284936 41.8189624046 708.803903212 717.158730792 724.333459472 2913.41486058 1701.19155396 7.40346351696 8.3436315475 8.0395880817 6.5746159106 69.2945808726 82.6865777085 94.5454325323 101.124155305 107.464589015 826.813231917 831.771994285 841.917327781 861.208258259 933.774712731 936.253150363 1102.47595869
-9999.0 -9999.0 -9999.0 -9999.0 -9999.0 -9999.0 -9999.0 -9999.0 -9999.0 -9999.0 -9999.0 -9999.0 -9999.0 -9999.0 -9999.0 -9999.0 -9999.0 -9999.0 -9999.0 -9999.0 -9999.0 -9999.0 26.6715503279 40.9114670354 15.6089872636 28.3618589988 206.370586628 233.106295185 254.198184736 142.306982895 164.399303064 186.138120831 198.98028181 690.150828861 701.74439326 463.459274064 1196.82239013 1205.24468887 1694.9281494 16.9553570428 8.84039378281 6.37795991698 48.0999516129 56.4486861313 5.20425021514 4.84571006277 805.266167394 816.951825263 822.500051057 6.98026357759 12.3447487101 919.199591146 5.44386891384 18.6953449668 20.7685509624
-9999.0 -9999.0 -9999.0 -9999.0 -9999.0 -9999.0 -9999.0 -9999.0 -9999.0 -9999.0 -9999.0 -9999.0 -9999.0 -9999.0 -9999.0 -9999.0 -9999.0 -9999.0 -9999.0 -9999.0 -9999.0 -9999.0 13.3548481378 26.3968041971 113.780040816 130.23749122 152.360927821 98.090945841 120.378041307 22.4105120047 441.761893298 461.880861473 480.002335763 13.3102457394 441.928550365 453.972312222 8.93652112615 1651.00609991 18.868782706 9.46886173028 26.0458483172 34.9157522828 6.95235539228 5.79154692819 743.770140487 794.771137725 801.463662323 7.15710091276 16.2473090654 20.4188179477 26.2722525846 49.9612221103 6.93358907569 15.3947659462 2.93078997096
-9999.0 -9999.0 -9999.0 -9999.0 -9999.0 -9999.0 -9999.0 -9999.0 -9999.0 -9999.0 -9999.0 -9999.0 -9999.0 -9999.0 -9999.0 -9999.0 -9999.0 -9999.0 -9999.0 -9999.0 -9999.0 -9999.0 13.0872257545 41.8394501792 74.0074357078 19.793697744 47.1354839088 74.1052747321 353.632058799 378.3711867 399.561012585 19.7454763579 347.464031578 404.175062728 418.940678546 12.0204081447 1611.94892956 1633.86242428 10.3822211717 9.50172593726 19.0674905177 7.90302124508 704.66076471 718.91680115 727.533069774 32.8008232547 40.3622261693 6.61125151114 11.7934824168 5.22422267274 37.5467200399 5.23644999164 4.01846524035 4.25419564698 4.18530051788
-9999.0 -9999.0 -9999.0 -9999.0 -9999.0 -9999.0 -9999.0 -9999.0 -9999.0 -9999.0 -9999.0 -9999.0 -9999.0 -9999.0 -9999.0 -9999.0 -9999.0 -9999.0 -9999.0 -9999.0 -9999.0 -9999.0 -9999.0 14.902590972 16.9185280179 23.9746651924 226.769627289 252.93650229 330.021429074 24.434088063 263.79024467 309.934865853 20.2070792881 40.4252692425 14.7855980069 1575.024499 15.055363693 36.5767083381 44.8821575021 53.8800837398 649.480084509 681.464577374 690.639463988 9.26625732743 17.4198964399 24.8197329798 4.72473435631 4.28938703663 1681.73324494 1685.96954116 1689.44506132 1724.27749118 1728.42896815 1733.58230279 1736.95696815
