data/baseflow/mHMbf_acc417.asc
ncols                  80
nrows                 72
xllcorner      4374000.0
yllcorner      5656000.0
cellsize            500
NODATA_value       -9999
[rows 24 to 47 of 72, columns 0 to 54 of 80]
-9999.0 -9999.0 -9999.0 -9999.0 -9999.0 -9999.0 -9999.0 -9999.0 -9999.0 -9999.0 -9999.0 -9999.0 14.3116482723 36.9235736289 47.5201390801 78.7379158751 8.15781150367 16.8056388308 24.5187451998 100.056697632 105.41977222 109.215766103 113.448020423 118.870306277 185.549849003 200.009358845 206.509613983 1.93958328392 14.4725500451 16.1959135335 362.042340831 366.967686375 369.563053402 372.393703509 373.940233632 1520.66813345 2.88517099205 2958.19784969 1.18394955115 0.412824560403 15.9157004406 14.7409948604 1.4740893403 8.15377973908 12.2097503916 11.9766470728 7.92000439151 12.8911373562 20.279694534 7.56526649583 18.9075497544 1.0694851507 1.65576365537 0.0976045707913 0.0756955123849
-9999.0 -9999.0 -9999.0 -9999.0 -9999.0 -9999.0 -9999.0 -9999.0 -9999.0 -9999.0 -9999.0 -9999.0 12.6223847543 24.7911188571 10.6512011178 21.3278336684 8.39320129192 69.5519038608 84.8068544953 92.9286466205 6.88555562659 12.7274125677 148.082626869 177.241260937 181.363918071 9.83023718938 8.91418875426 11.9661725197 1.29267833286 1.05658950215 1.84405886076 0.896804854628 271.327771947 272.53681758 273.207283221 1524.16486688 2968.38727423 2958.53962531 0.579998153026 0.344191290916 0.282406931512 2.0953685367 1.87132974079 8.92288464338 13.7887352838 28.2663148965 2.46607265051 2.44647701684 21.8223922054 23.3708516951 45.2779283052 45.9478986515 47.7135047019 47.8997314248 0.159878539342
-9999.0 -9999.0 -9999.0 -9999.0 -9999.0 -9999.0 -9999.0 -9999.0 -9999.0 -9999.0 -9999.0 -9999.0 -9999.0 10.7506671005 21.8382874757 33.287796281 51.5925952116 9.61648409587 8.02179569118 70.6687353638 77.5220832753 137.282898192 144.365607474 19.7023221036 5.73569694672 4.78650599579 4.11964096556 264.5206675 266.255593204 267.646445712 268.561962198 270.337251855 18.9703043022 20.2638676918 294.43111468 4788.82861499 6.03595582363 3.83532597467 1.2142720556 0.414771761592 0.244286924115 2.63602331542 2.78829509495 9.30143754182 0.18729739061 28.608820981 3.2854608062 3.1823850301 0.175615255829 0.0989089312804 0.0876771254407 0.323317121129 0.0896265180546 48.0039446693 605.796327637
-9999.0 -9999.0 -9999.0 -9999.0 -9999.0 -9999.0 -9999.0 -9999.0 -9999.0 -9999.0 -9999.0 -9999.0 -9999.0 -9999.0 10.3488117256 22.7649736529 34.6456003994 46.6046806668 54.692469237 63.2092657976 23.5594250187 39.5668047288 6.89340205453 6.43691231485 239.15102238 250.965705444 256.013386517 261.270524158 2.98068376025 4.8101815796 14.1426470593 15.7012147702 17.285132166 1.62155352507 1.91532101164 4796.23735972 2.41861865569 2.0486268339 0.996138595837 2.48214433522 1.13417696004 0.714024704912 12.5937525996 13.7015046709 0.392048880985 29.1925028855 32.5905616817 3.29582253999 616.957806492 616.668605302 616.438240274 615.627531667 614.950770688 607.920703968 607.141155284
-9999.0 -9999.0 -9999.0 -9999.0 -9999.0 -9999.0 -9999.0 -9999.0 -9999.0 -9999.0 -9999.0 -9999.0 -9999.0 -9999.0 4.38710171082 9.31753155118 12.3054997008 140.119028344 148.33946847 8.52198827273 7.8985077897 7.95914228537 212.815538574 227.35551754 6.64888842043 6.78640796844 4.64841349117 19.8394627588 24.5118951646 9.47142611879 11.8284122713 124.007937412 126.453195911 132.234971736 200.189161847 4998.74168644 2.67591442486 0.809244369089 4.23385623805 3.35416605598 0.736596035369 2.23352920246 2.96243453286 14.5111101385 15.2445903183 49.0423371744 32.9240016957 3.54357842532 627.932572802 4.96907750015 616.195571259 615.933135787 6.39674453083 1.08654264662 0.239152516786
-9999.0 -9999.0 -9999.0 -9999.0 -9999.0 -9999.0 -9999.0 -9999.0 -9999.0 -9999.0 -9999.0 -9999.0 -9999.0 -9999.0 21.9305443439 36.3086504548 71.6433140849 129.436364136 161.259099803 182.795154258 190.709884216 198.897157327 206.496273771 6.92164488054 5.68645245565 11.0051963374 9.87443833743 5.26947792264 110.220244789 114.709312364 118.662674901 122.192452353 59.5972039574 60.8001772359 64.8303301276 5000.67592619 5.25939999437 2.36336787981 7.25684237617 0.826486650953 2.2879650856 1.43238847721 0.66775632449 3.98664129517 0.566640588068 0.585879186978 680.186155592 630.676594772 630.065074478 2.18564094298 4.75027000928 2.66142328041 0.338072860229 3.88939085425 0.606961509379
-9999.0 -9999.0 -9999.0 -9999.0 -9999.0 -9999.0 -9999.0 -9999.0 -9999.0 -9999.0 -9999.0 -9999.0 -9999.0 -9999.0 15.2501851064 15.1408677235 30.0948254697 44.3197951718 10.9990687689 10.5013879316 18.8548360047 26.8676012595 41.1416674758 48.2181308353 53.9083767993 70.9240529966 75.8842041302 81.5281001177 4.69305604647 50.3281401492 53.596157066 56.0687096491 1.5739287787 0.906815564296 1.36878087624 5066.46385165 5068.27789407 5076.64827637 9.80639079802 1.76583846024 3.12397889217 0.62593513011 1.20940679923 4.64025219119 5.69148691081 1.05958524992 683.124762944 1.15536413016 1.24126622786 1.26105285402 1.31596689802 1.85101901119 0.794830945984 3.1756868845 1.81689233232
-9999.0 -9999.0 -9999.0 -9999.0 -9999.0 -9999.0 -9999.0 -9999.0 -9999.0 -9999.0 -9999.0 -9999.0 -9999.0 -9999.0 -9999.0 14.9734518699 29.1405741263 12.9896018275 26.1664505651 160.57684938 168.977942498 176.325450186 7.12574367139 7.16728426941 12.8285545984 18.7240767741 28.1907796665 33.2868521802 36.9530206648 41.221082742 3.13873632419 2.40656716807 58.8602161413 60.0666825168 61.0374184282 62.477583404 54.9611530431 5137.68138141 5155.65456094 5156.40908965 5160.18005086 5163.45129894 5165.2083153 0.537193510846 6.19500031828 683.656360664 1.10595583626 0.565992810972 1.13916121054 1.23933336284 1.92361246257 1.03537994901 0.599599705084 0.897303794051 0.583184387363
-9999.0 -9999.0 -9999.0 -9999.0 -9999.0 -9999.0 -9999.0 -9999.0 -9999.0 -9999.0 -9999.0 -9999.0 -9999.0 -9999.0 -9999.0 -9999.0 43.2127448551 56.4124773188 96.4131260429 122.220212187 12.1481783096 197.565019551 204.393922348 210.560397726 5.89461763665 11.4380925101 4.65679206735 37.3069740603 40.4728277486 44.49552125 48.0772070425 56.0263695285 57.8099811475 1.13962239536 48.3181540748 51.5098370923 53.5352210741 59.2552954149 6.66351563087 3.84578178507 1.81744755376 1.71790168912 5167.07413029 5167.82961906 5178.32349448 684.200973386 3.70797747487 2.14025692228 1.59082156502 0.357324942694 4.0886350504 1.70839023289 0.529824956601 2.71398681671 2.26656106321
-9999.0 -9999.0 -9999.0 -9999.0 -9999.0 -9999.0 -9999.0 -9999.0 -9999.0 -9999.0 -9999.0 -9999.0 -9999.0 -9999.0 -9999.0 -9999.0 14.2671795244 70.2361119403 83.9523371553 12.2996834601 7.90799142091 16.3907777161 23.6291365272 240.775526524 5.80909792249 23.4394244848 28.3906176675 33.1358546252 3.20144235884 6.86221087062 8.6359093441 38.2836764096 42.0988619129 44.01208985 1.6285223695 1.27542514121 1.19884145873 2.20753844533 0.806911262452 0.842724997267 1.19269343776 1.08304485759 1.19398626927 3.77922113822 5179.14365737 5865.49486116 4.53655198999 1.00392944521 0.443500944779 11.1305887101 10.3397769572 5.60788125248 4.91143745012 3.46394737446 0.860483311529
-9999.0 -9999.0 -9999.0 -9999.0 -9999.0 -9999.0 -9999.0 -9999.0 -9999.0 -9999.0 -9999.0 -9999.0 -9999.0 -9999.0 -9999.0 13.6253703382 40.7004687425 13.0023250695 10.4383371509 8.98058230057 16.9026982923 24.7351461913 32.5355418356 283.666182242 289.082786935 5.63399642673 10.5216195036 15.5196688391 19.1302620514 22.185260905 32.3651329448 36.3573975969 1.42381526896 1.36664182981 1.18177587752 1.21234186451 1.26404386511 1.40109317388 1.1874157795 1.56976053042 5.26542591168 2.56452090706 1.45948058146 1.47051728245 0.79895928854 1.44096119384 5915.23501186 44.4272497751 16.077758183 3.61157054006 1.97522451811 0.834061421307 2.05083107274 1.10144447153 0.460761603238
-9999.0 -9999.0 -9999.0 -9999.0 -9999.0 -9999.0 -9999.0 -9999.0 -9999.0 -9999.0 -9999.0 -9999.0 -9999.0 -9999.0 14.4728470261 27.6583100335 94.8477941129 12.6557647501 21.8408081986 30.3233002978 37.8243329194 8.06617400305 14.5620084281 23.7726309661 322.159468911 5.19335653997 9.64843988407 14.2919533751 4.13139596651 7.99797603932 9.34928838474 12.2944405875 474.604345193 477.358205715 479.868966403 490.883898987 494.627989469 502.325842284 1.82948704039 4.28149468684 6.17150924173 525.084090846 527.282935115 1.32150795637 1.83341246248 2.34289979026 5916.72718746 42.7830765127 21.5150572822 18.9397043684 16.314100372 14.1473231954 2.67780234587 0.797587020236 1.06938711785
-9999.0 -9999.0 -9999.0 -9999.0 -9999.0 -9999.0 -9999.0 -9999.0 -9999.0 -9999.0 -9999.0 -9999.0 -9999.0 -9999.0 14.4814831165 43.9740741495 153.175373739 227.987821345 11.7253161525 294.641201072 343.672432092 7.16331534417 13.4401273665 21.7025758481 386.108500371 393.272581882 3.52012098235 21.3739785136 24.5370070834 27.2557374379 454.936391691 458.555531278 461.379539989 1.48732653582 8.12071696875 9.60977787659 3.74647705819 5.19219517077 509.67764325 516.163492959 517.256183428 518.279617837 528.492392197 0.591801247261 0.524239709365 3.38223629718 5918.02853031 2.32736746134 0.15760637204 0.454192802322 0.172245391022 11.4407454402 11.1679107968 6.91462649553 4.33949546241
-9999.0 -9999.0 -9999.0 -9999.0 -9999.0 -9999.0 -9999.0 -9999.0 -9999.0 -9999.0 -9999.0 -9999.0 -9999.0 -9999.0 -9999.0 -9999.0 30.4709819027 61.3413112348 269.376137973 283.45099784 356.328561894 367.909857593 6.93709861471 13.8868603784 32.4908381495 402.228300704 410.429178318 413.297265231 2.18985239969 422.474921474 426.125433072 2.33697163924 1.51402850596 2.79654760541 5.4305916775 1.31311282608 2.51751055936 5.23795280982 6.43831769125 1.2596847444 0.833286364423 1.62017976787 534.587184907 536.413871867 536.864037344 541.617984542 5919.06965827 2.25893331633 0.0851390661535 0.106053971552 0.0925226177465 0.0970904957588 0.0709228816037 0.12632280211 1.10672647585
-9999.0 -9999.0 -9999.0 -9999.0 -9999.0 -9999.0 -9999.0 -9999.0 -9999.0 -9999.0 -9999.0 -9999.0 -9999.0 -9999.0 -9999.0 -9999.0 15.8683480671 15.5729796797 14.8221997387 27.3859363981 11.9312560768 391.871763716 402.42906856 6.73575147097 12.5491873466 4.98631069197 3.74923417904 3.57910081428 418.536326705 1.12668277004 2.31281243433 1.38467103267 1.50228784934 1.32783632411 0.976834037848 1.02439872871 3.11230959488 4.28681201383 0.806451473169 0.723463761674 1.56710336935 2.63121849499 3.44331085654 0.949478791926 537.628733982 542.108669278 5919.95885901 5.08629521198 0.171017217589 0.0414638494404 0.119284338827 0.0278750751539 0.0175335118495 0.146574275591 4.78611627323
-9999.0 -9999.0 -9999.0 -9999.0 -9999.0 -9999.0 -9999.0 -9999.0 -9999.0 -9999.0 -9999.0 -9999.0 -9999.0 -9999.0 -9999.0 -9999.0 -9999.0 -9999.0 15.3778587157 41.3881003756 53.4889316031 65.3299193901 413.94965051 425.316046727 435.601002714 443.740938678 447.181047448 454.38757197 455.463722255 456.463587602 457.287048882 1.29112291148 1.16553689372 1.25730714107 4.35261707766 1.16798866612 1.08251660372 0.820790511098 2.38208256957 0.979036041794 0.740698288057 0.68329938507 0.595419519785 1.18817005915 1.69251901568 545.508089786 6471.26336729 2.58579757291 3.84509891158 0.0267079763895 0.153481380534 0.070808163634 0.035291854437 8.81300461581 8.09295254528
-9999.0 -9999.0 -9999.0 -9999.0 -9999.0 -9999.0 -9999.0 -9999.0 -9999.0 -9999.0 -9999.0 -9999.0 -9999.0 -9999.0 -9999.0 -9999.0 -9999.0 -9999.0 -9999.0 13.1629435964 101.877154226 194.714255799 206.195742947 10.7151062445 17.3984257988 23.1627676849 27.2462894351 56.8241132302 58.1182170208 1.28502017273 1.20054465063 460.021038867 462.303781484 463.328400307 5.11599958983 0.698217239206 1.75948573905 2.5733378033 7.71460438144 9.52268074528 10.9260833891 1.27799377393 1.76550262051 0.592177490722 1.17526862717 0.605447928458 6472.27952041 1.83570270745 7.72273760706 1.1670210863 1.58322842573 9.80545925766 10.663195523 20.47317125 5.73931243151
-9999.0 -9999.0 -9999.0 -9999.0 -9999.0 -9999.0 -9999.0 -9999.0 -9999.0 -9999.0 -9999.0 -9999.0 -9999.0 -9999.0 -9999.0 -9999.0 -9999.0 -9999.0 14.358282316 45.3827487076 89.0162122438 116.552445272 289.43069543 300.526481678 12.1974844982 18.0210025105 22.7229384238 26.5423782868 59.123586174 61.5667283922 102.083537355 105.168516241 106.330300603 464.354987326 472.02160026 1.70684699252 1.14497204799 1.07758629703 2.03850252245 0.926648276216 12.7311690181 13.3922716108 2.32396775673 3.0355866951 0.662261184788 1900.81143011 1902.05627194 8375.06451393 8384.92477538 2.33225388423 6.59755914799 2.80131450133 1.70483278817 22.6043238378 28.8956680519
-9999.0 -9999.0 -9999.0 -9999.0 -9999.0 -9999.0 -9999.0 -9999.0 -9999.0 -9999.0 -9999.0 -9999.0 -9999.0 -9999.0 -9999.0 -9999.0 -9999.0 -9999.0 -9999.0 16.0753779239 15.58623365 29.6853328029 70.6254192518 313.039017763 6.30384960883 6.2102570608 10.6990105815 15.5075429662 34.7437067182 36.3742632819 1.74581634407 2.15793267098 107.827729998 108.904445936 581.960425884 582.869448473 0.59213303042 0.522433682791 0.433878919051 0.438219678464 0.477149609855 1888.27644453 1892.33324848 1896.11422046 1897.48477161 1900.15150162 0.687310284924 2.51531876741 3.0096201628 8389.46898571 8390.34967187 8391.86591333 8392.43455975 8392.89758914 29.4671423409
-9999.0 -9999.0 -9999.0 -9999.0 -9999.0 -9999.0 -9999.0 -9999.0 -9999.0 -9999.0 -9999.0 -9999.0 -9999.0 -9999.0 -9999.0 -9999.0 -9999.0 -9999.0 -9999.0 -9999.0 14.4761324802 15.0509869008 28.0280753956 367.630883831 378.257718301 6.03033497695 10.5312250206 15.4920372782 18.0127129092 2.05299170864 4.0441727809 679.390321919 680.539867232 681.949265968 691.771613919 1275.76688149 1863.0991218 1864.544893 1865.83276842 1867.066496 1872.49401129 1874.2545546 3.37239125454 1.50897582205 0.915324863067 1.71448644179 1.2504546687 1.99020471024 0.617788584026 14.0162157638 17.5889249022 21.4423818898 21.6627683192 8393.16453869 8423.1070787
-9999.0 -9999.0 -9999.0 -9999.0 -9999.0 -9999.0 -9999.0 -9999.0 -9999.0 -9999.0 -9999.0 -9999.0 -9999.0 -9999.0 -9999.0 -9999.0 -9999.0 -9999.0 -9999.0 -9999.0 -9999.0 14.6791913454 28.127491571 41.636507482 389.289628827 7.53229469994 510.425961002 515.507745404 517.490747491 519.732990014 670.583591155 673.147834338 1.27437874515 7.34028217702 8.73219932068 1.25942712699 585.918597542 583.665091829 0.665271827813 1.60649582897 4.33243478841 0.961888292443 1.03533786964 0.765528265067 0.649060422436 0.495729014339 0.589789333555 12.0863685485 12.7028825076 13.455918257 2.93111730463 3.10407514599 23.5726064839 24.0367246517 24.1889867947
-9999.0 -9999.0 -9999.0 -9999.0 -9999.0 -9999.0 -9999.0 -9999.0 -9999.0 -9999.0 -9999.0 -9999.0 -9999.0 -9999.0 -9999.0 -9999.0 -9999.0 -9999.0 -9999.0 -9999.0 -9999.0 13.5631760423 12.694385687 65.4168510402 478.80012758 497.953670121 505.996579904 4.30374391982 145.17050577 147.179421215 148.936704183 2.2076358227 3.64612372489 4.8618409405 135.657674904 136.605298797 137.403322727 582.227650933 379.072624581 0.914135254941 0.939200336266 0.881877708384 0.683058473714 7.25027404821 8.73164524992 10.0196107857 10.7461677747 11.4442181398 92.9064055476 93.4071173909 94.0653910497 95.661885092 102.113147756 102.332811295 126.745231649
-9999.0 -9999.0 -9999.0 -9999.0 -9999.0 -9999.0 -9999.0 -9999.0 -9999.0 -9999.0 -9999.0 -9999.0 -9999.0 -9999.0 -9999.0 -9999.0 -9999.0 -9999.0 -9999.0 -9999.0 -9999.0 -9999.0 26.4231753525 40.0596418973 12.0236956552 6.15165544794 132.428745767 136.791518082 139.08387987 28.724118801 29.70244306 30.8277560173 32.0756234347 133.489413693 134.856998151 63.001690287 201.437700782 202.384319313 378.391541214 1.86988244038 0.94593785725 0.646648455364 5.02551325566 5.89555522498 0.52672280197 0.491645139863 90.4468232737 91.7525928119 92.4400708965 0.78905173666 1.15607382325 101.135053613 0.580965921956 1.72746915766 1.8871430675
-9999.0 -9999.0 -9999.0 -9999.0 -9999.0 -9999.0 -9999.0 -9999.0 -9999.0 -9999.0 -9999.0 -9999.0 -9999.0 -9999.0 -9999.0 -9999.0 -9999.0 -9999.0 -9999.0 -9999.0 -9999.0 -9999.0 13.1565212367 26.0186219692 102.60578335 114.112934175 121.284206841 24.722757312 27.674626745 1.19160707512 98.4227615654 99.3155652279 100.108357091 1.0583450577 60.4907579183 61.9235224466 1.00062400056 373.524829048 2.122196885 1.05249581423 2.74206750051 3.69163196649 0.704674894135 0.563456111 83.9159252872 89.2340067475 90.0403905283 0.773005249355 1.66413716486 2.10516130001 2.54901772485 4.96801117922 0.632930164541 1.42687979996 0.268535424003
