data/baseflow/mHMbf_acc352.asc
ncols                  80
nrows                 72
xllcorner      4374000.0
yllcorner      5656000.0
cellsize            500
NODATA_value       -9999
[rows 25 to 49 of 72, columns 0 to 54 of 80]
-9999.0 -9999.0 -9999.0 -9999.0 -9999.0 -9999.0 -9999.0 -9999.0 -9999.0 -9999.0 -9999.0 -9999.0 22.7231016772 45.3601609653 20.8929507228 42.4293228084 18.9987965499 144.164453245 180.239295012 198.79891323 16.3370469241 31.6630161676 317.237364507 391.628991099 404.620306681 27.9710415711 25.1521593037 36.0709974919 7.07912891654 6.49236296487 12.1795501132 5.69119384262 481.76712091 488.805198246 492.900257151 3627.64567125 6986.44811709 6948.28304238 7.55066152002 3.67632710934 3.31653362875 16.0939769036 12.9807333986 34.3942486607 49.1156643903 98.3110226561 9.02771830206 8.96277088615 80.3353268125 88.5509246816 171.409460068 175.682809327 188.423683792 192.039890363 3.2689237191
-9999.0 -9999.0 -9999.0 -9999.0 -9999.0 -9999.0 -9999.0 -9999.0 -9999.0 -9999.0 -9999.0 -9999.0 -9999.0 22.3645991547 43.8965026241 65.4491356205 104.773783856 20.8223871509 18.8687874187 128.975426571 145.564514551 287.94593963 304.609768191 47.2292016993 15.497099931 13.8646015624 12.3481088429 441.101683014 449.60316358 457.354950245 463.593338099 475.433664618 76.9745277195 82.0825941333 578.753748738 11197.2877088 30.756133583 23.1921705375 11.7615313772 3.35395701512 2.86920759032 22.5526794033 24.7130910731 40.081212879 2.94580936768 102.442352922 15.1087420793 14.8100957532 2.88950853482 1.80701927487 1.59711073617 1.56886518205 1.71966946392 194.502532909 2609.29168321
-9999.0 -9999.0 -9999.0 -9999.0 -9999.0 -9999.0 -9999.0 -9999.0 -9999.0 -9999.0 -9999.0 -9999.0 -9999.0 -9999.0 20.6848938351 38.5857558896 54.6015716594 71.6559879675 91.0727302542 110.91841808 57.291822426 93.5008927655 16.6329172387 16.0170761754 371.277551894 401.951743078 415.983270547 430.566268878 10.4868261365 18.8827688289 51.8202086381 61.1054608345 69.5657343832 6.41374161746 3.96204687373 11214.8824043 7.22076659883 7.15718550663 3.47474835503 14.7765691768 7.12989932907 3.12069696628 67.7503463968 70.0844364135 1.80712178088 104.440656966 121.260223211 16.9409674701 2704.92305988 2700.47724965 2696.87205541 2689.41128193 2686.48448382 2625.91629333 2623.1554049
-9999.0 -9999.0 -9999.0 -9999.0 -9999.0 -9999.0 -9999.0 -9999.0 -9999.0 -9999.0 -9999.0 -9999.0 -9999.0 -9999.0 4.66491115961 10.4844074355 16.338997464 158.733712193 179.230740934 20.6883493778 19.3040436161 18.4816212838 306.023702753 340.260540112 16.2895846244 16.6074252931 13.7455440639 57.4278211829 71.432928588 32.9685793666 43.1051853272 336.009855893 346.587374157 362.468550656 571.345721905 11791.2669438 6.86271305417 2.90062848278 23.2417083251 19.1416188986 2.88004562966 8.9584167488 11.5544755698 72.8352608851 74.9999767267 202.076470694 123.402273211 19.8996829543 2755.68879242 19.5723991559 2693.51280161 2691.57934021 57.6310430283 4.1585995359 10.4980852861
-9999.0 -9999.0 -9999.0 -9999.0 -9999.0 -9999.0 -9999.0 -9999.0 -9999.0 -9999.0 -9999.0 -9999.0 -9999.0 -9999.0 23.2255781909 38.4039400227 79.107507542 139.023775052 194.777046551 233.133352899 252.852187817 272.091526377 289.894740332 16.8058456835 15.2551015525 30.0260001727 28.4431203971 15.0051073942 291.560013228 305.254989718 317.788050192 329.727649048 187.146229542 195.599466707 204.169142951 11795.5258482 12.3415630574 7.0090586301 33.6505366094 4.3207292344 5.25730915592 2.74873597288 2.3985309344 13.910431379 1.73822805248 1.85059749153 2968.17869114 2764.76603626 2762.93427047 7.98979885712 17.7544102678 11.6227947934 2.68869965544 51.3237170193 14.382775265
-9999.0 -9999.0 -9999.0 -9999.0 -9999.0 -9999.0 -9999.0 -9999.0 -9999.0 -9999.0 -9999.0 -9999.0 -9999.0 -9999.0 16.0604352494 15.3837351833 30.2204197967 45.4043853585 19.3267745377 21.2595589572 40.7269037545 59.8879941454 95.8901633673 113.786424658 130.35549421 177.01480126 191.348479935 206.991202287 14.1094890118 144.723513593 156.902712469 168.286709771 9.15560794998 5.34973091446 9.75635465036 12014.8912524 12018.9379209 12038.3183855 46.6017535847 9.20371427402 8.65583737692 2.2456236005 4.2639368946 15.8547644425 19.2085082808 3.37134977538 2976.53624361 2.60929522975 4.31284297429 4.86630064201 3.49383605925 6.94482100043 2.89471602603 34.3360221445 27.6149091745
-9999.0 -9999.0 -9999.0 -9999.0 -9999.0 -9999.0 -9999.0 -9999.0 -9999.0 -9999.0 -9999.0 -9999.0 -9999.0 -9999.0 -9999.0 14.8915527116 29.2694686989 13.8873062205 28.5892468828 179.966859783 197.756582427 216.989446181 17.8320210029 17.9447618592 34.5019151053 50.5207611535 79.4808180465 94.1603804632 103.47764853 116.922075526 11.3935780103 10.6835316401 190.628553617 195.92896152 200.608584043 205.229847796 171.950939001 12229.4508807 12302.8731876 12306.9101242 12319.1299147 12334.0965116 12339.9399624 1.60272452926 20.7672135324 2977.99431245 3.49515442585 1.79641147858 2.00917992708 2.01345306841 3.58198313277 3.77096988639 2.26023079442 3.56018739869 3.59801054759
-9999.0 -9999.0 -9999.0 -9999.0 -9999.0 -9999.0 -9999.0 -9999.0 -9999.0 -9999.0 -9999.0 -9999.0 -9999.0 -9999.0 -9999.0 -9999.0 43.5451776946 58.4199119878 102.427566241 135.862257123 17.6951344405 255.763655995 273.455168211 291.033257075 17.4722712365 34.1757474096 14.7477081805 113.485803855 122.18511414 134.829133334 147.456876691 178.425141253 183.323370771 3.28993619793 153.987673665 163.236067534 167.614445732 186.918216589 22.7388503643 13.8065844124 8.02089970617 7.84660160305 12346.8514992 12349.1374827 12384.2773097 2979.32355065 10.1495582188 5.44185314445 3.57639326441 1.23276982407 11.5399376891 6.30874869129 2.04618178818 12.0029478017 10.3024132337
-9999.0 -9999.0 -9999.0 -9999.0 -9999.0 -9999.0 -9999.0 -9999.0 -9999.0 -9999.0 -9999.0 -9999.0 -9999.0 -9999.0 -9999.0 -9999.0 15.5638085054 73.2910356342 88.5448897375 18.7991917835 19.9872732163 39.8817031977 58.3352902567 367.928834446 17.509804973 69.7394924618 85.2215243368 100.173914548 9.06563146177 20.9391041259 28.3852138092 123.401247095 137.638961827 141.674587122 4.52991040254 4.66070238415 5.68584041583 10.4728117948 4.58407476869 4.86763265781 6.48314909799 6.46991647736 6.50832206074 12.8772888465 12386.8644947 15372.4498443 12.4986270932 3.62633078127 1.20608362366 38.1835755099 35.4539350753 21.8849046591 19.8294966501 15.0188423945 3.70646139894
-9999.0 -9999.0 -9999.0 -9999.0 -9999.0 -9999.0 -9999.0 -9999.0 -9999.0 -9999.0 -9999.0 -9999.0 -9999.0 -9999.0 -9999.0 13.7213249345 43.6934678893 14.3860565309 22.347427149 23.6882674383 44.1517137801 63.6957546237 80.4567403502 462.555763488 479.651239256 17.5031470318 33.2617432464 49.1911289938 60.4649552035 72.5965623804 109.942797867 118.505118383 8.85449857752 7.06678206401 6.27996443924 6.2979949212 6.94698338357 7.52052055589 6.67188123651 9.28338845773 21.5242370346 9.97718781118 2.47617205299 2.384173733 2.27885654064 4.24705146192 15497.8070849 108.776990827 45.0848036629 3.77223296095 1.77251192898 1.27593426957 4.98103105186 3.52846226721 1.88727278937
-9999.0 -9999.0 -9999.0 -9999.0 -9999.0 -9999.0 -9999.0 -9999.0 -9999.0 -9999.0 -9999.0 -9999.0 -9999.0 -9999.0 14.5447578029 27.84786471 99.218919427 13.6749659822 40.9358554327 64.2517501139 85.7753395435 21.9488094856 40.9007019576 57.3388598318 550.276581647 16.7220876155 31.6241385196 46.23037659 13.4700653315 26.7225442463 35.1078241471 43.435942007 1025.05305221 1038.08891071 1049.51412681 1094.87971576 1115.65492927 1151.99090858 9.04654334387 22.1247640608 25.8596688812 1251.63170683 1256.23213279 2.1787267319 3.80987191847 5.36426394051 15500.097056 101.280119089 51.2549759877 49.0549885562 36.9999719852 31.3047566188 6.562872055 1.52168581959 3.15696662878
-9999.0 -9999.0 -9999.0 -9999.0 -9999.0 -9999.0 -9999.0 -9999.0 -9999.0 -9999.0 -9999.0 -9999.0 -9999.0 -9999.0 14.5240423143 44.3192653178 158.074219811 233.65870688 12.3148837742 305.502971401 405.773444654 20.6600670156 39.7132863612 57.1892558637 712.143657882 725.716344131 12.303006583 71.0165151764 82.7225738552 94.0165524569 938.033983636 962.041037329 974.620403128 5.91004230049 33.4789511215 39.5275085113 15.7264628401 22.2030243728 1183.26268643 1214.4591913 1219.10415162 1223.41415015 1260.84808225 2.25624655821 1.93945569184 8.83055288683 15502.0268762 2.68017003164 3.49428115911 10.2514015126 4.05266164069 28.4351343916 22.1324988839 13.2594552591 9.63578938758
-9999.0 -9999.0 -9999.0 -9999.0 -9999.0 -9999.0 -9999.0 -9999.0 -9999.0 -9999.0 -9999.0 -9999.0 -9999.0 -9999.0 -9999.0 -9999.0 30.9895162338 62.1536851133 276.650560683 291.857454439 419.14202775 433.755153396 19.9757836303 39.917757683 92.7189078075 737.366969927 762.888783164 772.770489268 7.83963805527 809.656651869 834.639941926 15.2317606252 5.99936285088 11.8089749109 22.7374676008 5.30135696658 10.303544957 22.3899808138 27.4288502801 5.08112996135 3.28817297978 6.37744058 1287.77421548 1297.04132702 1298.65966023 1312.36738803 15503.6915111 1.8978208456 2.26474226702 2.7352397547 2.69414329478 2.78454480473 2.41917233982 4.44360441418 1.28264745215
-9999.0 -9999.0 -9999.0 -9999.0 -9999.0 -9999.0 -9999.0 -9999.0 -9999.0 -9999.0 -9999.0 -9999.0 -9999.0 -9999.0 -9999.0 -9999.0 16.2070606017 15.8479920534 15.5487911799 30.7951075806 13.3509438265 460.391881189 473.845225125 18.2380540866 36.4048259887 16.2831548132 12.5269644188 12.0882764668 794.108738692 8.35807261278 16.8986091091 8.28307224934 6.54054517607 5.65174053531 4.25284253186 4.43804550111 13.3940153922 18.3681513062 3.43428414052 3.00530195477 6.47445431582 10.8289364493 15.6251934126 5.15219497642 1301.70631998 1314.07993146 15504.84471 9.45018035395 5.59200078775 1.52441056957 3.89945047163 1.24064764266 0.96672359247 5.51460776842 6.63680541129
-9999.0 -9999.0 -9999.0 -9999.0 -9999.0 -9999.0 -9999.0 -9999.0 -9999.0 -9999.0 -9999.0 -9999.0 -9999.0 -9999.0 -9999.0 -9999.0 -9999.0 -9999.0 15.6555426243 45.1092149247 57.6003224298 70.6124348495 486.577366601 499.495389829 512.30949541 526.832719481 538.576012872 562.783617691 570.776899709 578.601243691 585.194557124 5.86372206805 5.37220529023 5.59704751193 18.9785740023 4.98055523149 4.62683740184 3.59011224753 10.2904128236 4.04988435057 3.04442341943 2.80630100197 2.49281596631 4.97349342733 7.01583265499 1328.04941426 16843.5775558 1.84272601107 3.43085312138 1.19009717876 5.28183131791 2.8071114531 1.94389724947 17.4243656768 11.0377525769
-9999.0 -9999.0 -9999.0 -9999.0 -9999.0 -9999.0 -9999.0 -9999.0 -9999.0 -9999.0 -9999.0 -9999.0 -9999.0 -9999.0 -9999.0 -9999.0 -9999.0 -9999.0 -9999.0 13.1887261501 104.436159438 203.344371194 216.939655995 18.4034476677 36.7675502982 55.2823554415 69.5647637772 166.812332189 173.492340787 6.4140649883 6.19397856583 597.462529466 608.070697456 613.011449889 22.5578124331 3.14814450316 7.77450079344 11.4061117359 33.8664219116 41.5134078843 47.3600172022 5.32047572521 7.37953639935 2.48279570651 4.90048104796 2.5175569663 16847.8192146 1.48835110992 6.37512249462 2.64452341369 8.960526049 18.8097269311 21.5859545519 39.9013600033 14.2126202258
-9999.0 -9999.0 -9999.0 -9999.0 -9999.0 -9999.0 -9999.0 -9999.0 -9999.0 -9999.0 -9999.0 -9999.0 -9999.0 -9999.0 -9999.0 -9999.0 -9999.0 -9999.0 14.6219315843 46.7293905155 91.5261149528 119.440952789 303.258996155 319.328911165 38.7737459923 56.7372749367 71.5985146061 85.6788842549 181.103356475 194.505645482 347.305138246 359.936730632 365.893364245 617.799405876 651.814510731 7.67348647385 5.05671528396 4.76947984369 8.96947850767 4.01588128031 55.0912757984 57.8858572717 9.7129037223 13.7118088633 3.23922449991 4111.42718283 4116.57766053 20966.7157009 20974.9721737 1.69098161586 12.7088216891 2.27730458177 1.75070967109 43.344082982 58.8083220347
-9999.0 -9999.0 -9999.0 -9999.0 -9999.0 -9999.0 -9999.0 -9999.0 -9999.0 -9999.0 -9999.0 -9999.0 -9999.0 -9999.0 -9999.0 -9999.0 -9999.0 -9999.0 -9999.0 16.8169299978 16.3694633113 30.990964197 73.3228014732 333.019755078 19.9371839597 19.7367411346 34.5873450593 49.674320588 121.015484744 131.642321827 8.20372756278 8.27762317637 373.291157348 378.380904372 1035.65664738 1040.53956618 2.69416062629 2.3633916774 1.89207296897 1.91150578486 2.09489900239 4052.10466359 4070.2892091 4088.37674782 4095.83703039 4107.88813707 2.93379153421 10.7654739982 12.7529464928 20991.6501238 20992.4615165 20995.7494519 20999.527779 21002.7030008 61.7455391201
-9999.0 -9999.0 -9999.0 -9999.0 -9999.0 -9999.0 -9999.0 -9999.0 -9999.0 -9999.0 -9999.0 -9999.0 -9999.0 -9999.0 -9999.0 -9999.0 -9999.0 -9999.0 -9999.0 -9999.0 15.0490716794 15.7309985687 29.0711157688 390.209628738 404.41058298 19.4643488414 34.2616685341 49.6011149249 61.8227199547 11.0130211527 20.6940688911 913.817977632 919.664462845 926.725824841 975.288121714 2021.96996791 3941.29341687 3947.83247053 3953.50971695 3958.95268777 3983.58176997 3991.52763018 14.9245744857 6.62153221782 3.95784391386 7.40292549523 5.38457286202 8.55096304245 2.61617539925 63.8331919105 69.1398349977 73.8846838815 74.7734539009 21003.7613737 21068.2945132
-9999.0 -9999.0 -9999.0 -9999.0 -9999.0 -9999.0 -9999.0 -9999.0 -9999.0 -9999.0 -9999.0 -9999.0 -9999.0 -9999.0 -9999.0 -9999.0 -9999.0 -9999.0 -9999.0 -9999.0 -9999.0 15.4709610849 29.5460689284 43.6887781502 416.277690961 14.9941235951 569.76590382 585.806659609 597.275220542 607.88200935 873.429325934 883.816341287 6.6030912416 35.4306929489 42.6944267017 6.05110957036 1912.91312886 1902.18425134 3.13168738418 7.28146682215 19.8029223879 4.43253246501 4.70177519947 3.40537675494 2.85081796338 2.18141413342 2.56845229122 55.579651033 58.2602338396 61.5560191282 3.64210905741 3.50278895556 76.5982085937 77.8181832768 78.490042984
-9999.0 -9999.0 -9999.0 -9999.0 -9999.0 -9999.0 -9999.0 -9999.0 -9999.0 -9999.0 -9999.0 -9999.0 -9999.0 -9999.0 -9999.0 -9999.0 -9999.0 -9999.0 -9999.0 -9999.0 -9999.0 14.1760111004 13.2082492097 68.5600769216 512.255238694 540.745918365 554.880710558 15.511581425 239.428962629 250.0665927 255.282735751 9.67374949167 16.8148342047 22.8167883748 447.222783992 451.846201684 455.690387691 1895.37187522 1151.29874752 4.01572397348 4.26395453244 4.07805362374 3.14611487953 34.3306515017 40.8617030092 46.5404711039 49.7254631639 52.7796854118 444.472850549 446.614314479 450.360858562 459.889078121 490.733912557 491.63765292 571.040604252
-9999.0 -9999.0 -9999.0 -9999.0 -9999.0 -9999.0 -9999.0 -9999.0 -9999.0 -9999.0 -9999.0 -9999.0 -9999.0 -9999.0 -9999.0 -9999.0 -9999.0 -9999.0 -9999.0 -9999.0 -9999.0 -9999.0 27.6833924852 42.1679213558 14.8921941713 20.2930202448 184.07335712 200.345589006 212.13676328 91.3154874427 101.021563046 111.181371329 118.250828393 436.640956059 443.279913835 275.015036404 735.761616254 740.430375087 1148.15877885 8.8732558455 4.48328581142 3.08793559571 24.0745976767 28.1474868868 2.36721601293 2.19725484902 434.258306179 439.791971069 442.470698238 4.51274187273 6.82300812614 486.191604014 2.7653390768 7.36717691482 8.08925447496
-9999.0 -9999.0 -9999.0 -9999.0 -9999.0 -9999.0 -9999.0 -9999.0 -9999.0 -9999.0 -9999.0 -9999.0 -9999.0 -9999.0 -9999.0 -9999.0 -9999.0 -9999.0 -9999.0 -9999.0 -9999.0 -9999.0 13.83547417 27.3889878802 114.882968518 130.070246921 146.779471101 68.811981107 81.7063917367 10.0067196104 294.425865746 303.429109289 311.856078735 7.22908246402 262.697720023 269.589822391 4.94638385203 1124.95545093 10.1528670617 5.04958262819 13.2668906596 17.7658652025 3.30420191264 2.64314183112 405.22174684 429.254403767 432.568734277 3.44717319647 7.41607115185 9.38325382172 11.4461581534 23.1008463122 2.69450817328 6.1102046246 1.15030098344
-9999.0 -9999.0 -9999.0 -9999.0 -9999.0 -9999.0 -9999.0 -9999.0 -9999.0 -9999.0 -9999.0 -9999.0 -9999.0 -9999.0 -9999.0 -9999.0 -9999.0 -9999.0 -9999.0 -9999.0 -9999.0 -9999.0 13.7940075969 43.0339351082 74.1323258688 17.1524518012 36.4133827263 53.8354974132 253.605946675 265.845476923 275.593049767 8.97593773073 215.667204524 242.282797021 249.929968612 5.85326948021 1103.49693886 1115.41907604 5.50328852764 5.0036241485 9.8293729604 3.89922766665 387.156740098 393.870217501 397.919910929 15.4730387197 19.0521188368 3.06934182956 5.41442734642 2.36727899065 16.7091191156 2.44700334908 1.62981861599 1.69942774056 1.77617582704
-9999.0 -9999.0 -9999.0 -9999.0 -9999.0 -9999.0 -9999.0 -9999.0 -9999.0 -9999.0 -9999.0 -9999.0 -9999.0 -9999.0 -9999.0 -9999.0 -9999.0 -9999.0 -9999.0 -9999.0 -9999.0 -9999.0 -9999.0 14.890443266 16.073463559 19.2536132483 174.254133848 190.787208312 239.144952405 13.0903972719 176.837101564 198.709350953 9.31354281074 18.8924511593 6.9212226986 1085.24325606 7.23331662753 18.5052925205 22.6824477261 26.6513853027 361.624345457 376.073007159 380.512716519 4.50872063145 8.32151255451 11.7255361259 2.02299568695 1.82701196087 1007.09362265 1008.90322976 1010.37066547 1026.3788103 1028.27043914 1030.53564522 1031.87910843
