data/baseflow/mHMbf_acc384.asc
ncols                  80
nrows                 72
xllcorner      4374000.0
yllcorner      5656000.0
cellsize            500
NODATA_value       -9999
[rows 25 to 49 of 72, columns 0 to 54 of 80]
-9999.0 -9999.0 -9999.0 -9999.0 -9999.0 -9999.0 -9999.0 -9999.0 -9999.0 -9999.0 -9999.0 -9999.0 27.2713410742 53.6832512746 25.2487721264 51.2790524516 22.9539925981 170.834010282 216.269916196 239.746926129 21.6312961465 42.0445069694 393.778299223 493.693297779 513.234303516 42.2337461992 39.5846314109 59.375472825 19.462763567 18.7471625688 36.4711882151 14.5368381626 635.139333462 647.506568833 661.606831972 5127.83433649 9827.06002063 9730.69350741 29.7489546704 13.202914793 11.5538511974 37.167863002 25.8645118121 52.3161856653 68.2345418024 136.09799518 12.3790221769 12.4202818823 112.692152749 125.002627661 246.92202467 256.63352088 283.489131899 295.193199194 10.5179270956
-9999.0 -9999.0 -9999.0 -9999.0 -9999.0 -9999.0 -9999.0 -9999.0 -9999.0 -9999.0 -9999.0 -9999.0 -9999.0 26.0055898402 51.2650087847 76.3322494017 123.757552963 24.8359264374 23.2295300563 154.804221133 175.954627739 353.048532695 374.716156875 62.1483998185 20.9515687792 20.1288852597 19.3008706563 536.60586095 553.981905255 572.89177738 590.970061009 622.013769594 128.221562645 140.534461611 813.904836349 15773.7730219 84.7457031734 74.0022078387 41.8670862492 10.0037493266 9.31963730125 60.4250448643 68.9544694295 72.9687490772 10.3603957748 147.691110623 23.7121969787 23.5521675543 9.1882799399 6.40702118554 5.46404129256 3.97068313344 5.58550111997 303.977158738 4542.45908172
-9999.0 -9999.0 -9999.0 -9999.0 -9999.0 -9999.0 -9999.0 -9999.0 -9999.0 -9999.0 -9999.0 -9999.0 -9999.0 -9999.0 24.6490334831 45.7895093194 65.2723146151 85.3933935799 108.554705451 132.411445272 68.5213281428 113.411880914 21.3332257694 20.8416825603 438.785466565 479.365473859 498.307829064 518.575607377 17.8632359698 34.7123751857 85.2038926983 102.537128195 116.790947995 13.002545777 11.0019428674 15803.2668664 10.9010850514 17.3457386199 8.04023161456 36.8171942547 17.8523319888 7.72084928887 150.847482211 156.62108537 5.04183577146 152.951829253 182.933109304 31.6841726742 4787.7261439 4773.26347129 4760.65455148 4739.29966706 4732.23657885 4579.57991588 4574.32179391
-9999.0 -9999.0 -9999.0 -9999.0 -9999.0 -9999.0 -9999.0 -9999.0 -9999.0 -9999.0 -9999.0 -9999.0 -9999.0 -9999.0 5.1539124389 11.8197132949 19.3994940887 181.893960982 205.268654478 23.3924428432 23.2849373353 22.4451525586 355.800632252 398.517150091 20.8440322446 21.6858216892 18.1903331988 73.4927107109 91.5416705177 53.398487236 68.5949598008 418.585337209 433.603766145 458.472266415 740.586562372 16549.3995064 10.1440002724 6.92104112507 53.968592422 45.4370315647 6.79194662173 21.4253968655 27.4148082861 163.463678919 168.886957338 367.682160741 188.872249764 38.8062726529 4901.30868049 48.2750773921 4749.89088036 4744.89937009 144.731189185 7.57412434737 27.6006003506
-9999.0 -9999.0 -9999.0 -9999.0 -9999.0 -9999.0 -9999.0 -9999.0 -9999.0 -9999.0 -9999.0 -9999.0 -9999.0 -9999.0 26.6310328802 43.5454565473 90.6554686714 159.586185608 223.793115744 267.57502563 290.481492207 313.541518379 335.662022623 21.2037952337 19.8325080294 39.0448768697 36.9253269067 18.9581463835 359.007862552 376.610557303 392.98462144 409.007777364 242.818711037 257.979804886 271.747796534 16554.0171883 16.7293528983 15.9621201275 75.1862534621 7.95880973902 11.253990119 5.6643903948 5.51415556417 32.441759966 4.29529202253 4.67149248486 5293.47323444 4922.72916748 4918.38281807 19.0460618541 42.988985423 28.4340865969 7.53790452689 132.923042554 39.7785160732
-9999.0 -9999.0 -9999.0 -9999.0 -9999.0 -9999.0 -9999.0 -9999.0 -9999.0 -9999.0 -9999.0 -9999.0 -9999.0 -9999.0 18.6209803376 17.4106879532 34.1025519448 51.8190409342 22.2198935461 24.5659358704 47.0656147634 69.2976773445 112.509657574 133.933165135 153.642112741 212.952227687 231.086148575 250.518751842 17.5430832822 178.987851078 195.163851672 211.69503332 16.2763056144 12.4195700199 20.0869783084 16845.7017429 16849.9875887 16875.8117613 95.2309438997 14.9800226305 19.3690967968 5.18475793045 9.68413707917 36.6854704534 44.6626192344 8.35520858154 5313.56617372 6.27630211483 10.1412834305 11.3292893277 8.00813957889 15.7832881622 6.44887311134 84.2056664994 69.154736863
-9999.0 -9999.0 -9999.0 -9999.0 -9999.0 -9999.0 -9999.0 -9999.0 -9999.0 -9999.0 -9999.0 -9999.0 -9999.0 -9999.0 -9999.0 16.5925718297 32.8434358521 15.9880516794 32.8531666314 205.873803998 225.945155539 248.108144396 21.4262379055 21.4798821567 41.3458647265 61.301646464 96.8095355779 114.943158501 127.177767822 144.215483592 14.9818870412 14.7720385996 243.736230899 254.991040191 261.249601002 266.918026502 222.166635398 17121.3866367 17252.5520252 17257.665791 17281.653734 17306.7436145 17320.1121487 3.99268638371 48.2452959514 5316.98063266 8.98291684941 4.62981862279 4.37866185519 4.10425850802 7.21686092304 7.88729467187 4.70106390935 7.51782339267 7.75688520317
-9999.0 -9999.0 -9999.0 -9999.0 -9999.0 -9999.0 -9999.0 -9999.0 -9999.0 -9999.0 -9999.0 -9999.0 -9999.0 -9999.0 -9999.0 -9999.0 48.7624761774 65.8582641612 116.459001673 155.003196736 20.3150350041 291.656058747 312.488927013 333.120016389 20.2932963023 39.7609475815 17.6402631915 133.271288853 144.624782685 160.80652505 176.762408322 219.488189969 228.671545043 5.5818929623 200.865423254 211.877549799 216.869000174 241.026992929 31.4519339105 20.2522677913 13.3134145541 12.9313063623 17334.6042077 17339.9791644 17419.4841378 5320.07782555 24.175185669 12.1982571641 7.77293881019 2.64132072575 23.9083133037 13.3052554292 4.00790628019 22.6221122425 19.3375587981
-9999.0 -9999.0 -9999.0 -9999.0 -9999.0 -9999.0 -9999.0 -9999.0 -9999.0 -9999.0 -9999.0 -9999.0 -9999.0 -9999.0 -9999.0 -9999.0 17.7077818943 82.9331599276 100.602773705 21.7088358402 22.2989128038 44.6617930623 66.0069780563 419.783722178 19.9694951243 80.3210633033 98.3356661051 116.375179676 11.8234287791 27.1567437955 38.977209691 156.931754119 179.747411939 184.556340853 5.41615024855 5.70790011949 7.45310333972 13.7107586913 6.22860072502 6.68460339085 12.5560709611 10.2828483511 12.5485577115 27.8779346861 17425.9598793 22760.9426688 30.0801321271 6.68321334529 2.46396834684 76.3046325133 70.4291741274 42.3934617678 38.2441911605 28.8053747922 7.03812300437
-9999.0 -9999.0 -9999.0 -9999.0 -9999.0 -9999.0 -9999.0 -9999.0 -9999.0 -9999.0 -9999.0 -9999.0 -9999.0 -9999.0 -9999.0 14.8681409573 48.6275582967 16.015842745 23.2531025751 23.9152505133 46.0630152871 67.2033757567 85.9609222014 521.787572928 540.640412526 19.545299698 37.3116678544 55.1254902404 69.5631235387 85.2312238614 140.381049646 150.796496355 16.2725340653 10.5640850921 9.38898037372 13.1828912727 12.3389605592 11.913604253 10.3404630223 12.8001204521 40.5029575658 18.4610486026 5.39423047547 5.13299469244 5.56773439302 10.371735843 23042.6372936 245.887205072 88.5424353635 6.00032668623 2.48147199829 2.18558303784 8.63454631499 6.28237985218 3.37774914642
-9999.0 -9999.0 -9999.0 -9999.0 -9999.0 -9999.0 -9999.0 -9999.0 -9999.0 -9999.0 -9999.0 -9999.0 -9999.0 -9999.0 15.8226276995 30.2137574032 109.708530449 15.6784911916 43.6512640167 67.1683851839 89.5215212327 22.5130434617 42.8954157536 60.9900123708 616.656552442 18.4908244678 35.3349229053 52.3659053762 15.9120206409 31.7363875769 47.4517558218 57.7795970057 1240.37048024 1261.20977005 1280.03855079 1366.38680018 1404.25703216 1473.38554697 15.8508880599 37.8794305616 50.3952975421 1673.16347479 1683.4595241 4.66454285769 8.64194061225 12.4020531189 23046.7969256 232.223818016 136.051083126 132.9574278 83.5363574566 63.880824007 11.4220921584 2.57097939727 5.37601110497
-9999.0 -9999.0 -9999.0 -9999.0 -9999.0 -9999.0 -9999.0 -9999.0 -9999.0 -9999.0 -9999.0 -9999.0 -9999.0 -9999.0 15.8478052449 48.1562646021 173.555688842 255.564721068 14.0670710898 335.770844916 441.049083859 20.8596650759 40.5504825466 58.7994627282 785.113847687 800.080902121 16.0274694188 84.9995739543 100.302528741 114.050082506 1099.49774598 1146.34349815 1170.16575187 10.9517502921 61.5567175785 73.183816703 32.726786867 46.6839139873 1537.59076655 1595.91790258 1606.73443668 1616.92115711 1694.69806321 5.49476395908 4.66252686405 20.5891575401 23050.0111336 4.53431210696 15.5844748507 46.9085278559 17.5007907614 59.5419301346 36.7645584954 21.5714017527 15.8421249293
-9999.0 -9999.0 -9999.0 -9999.0 -9999.0 -9999.0 -9999.0 -9999.0 -9999.0 -9999.0 -9999.0 -9999.0 -9999.0 -9999.0 -9999.0 -9999.0 33.3678741566 67.1692672097 303.134001436 320.144353554 456.049621485 472.098004615 21.0348196398 41.9349992412 96.2520738178 814.650895347 847.764838641 862.842070787 13.2111488551 920.671909641 970.694832752 31.6153198919 11.1008949236 21.0790514957 41.3772850118 10.2005435133 20.4750027402 43.7490449817 54.9470136774 10.8700605404 7.07500325146 13.9103257958 1747.94662337 1766.48393525 1770.31382821 1801.80745558 23052.7053494 2.61731439603 10.6856770064 13.1622292107 12.3632821215 12.7203646254 10.7252783959 19.9762992868 1.76477330725
-9999.0 -9999.0 -9999.0 -9999.0 -9999.0 -9999.0 -9999.0 -9999.0 -9999.0 -9999.0 -9999.0 -9999.0 -9999.0 -9999.0 -9999.0 -9999.0 17.3938450507 17.0611690799 16.8763484931 34.1411632448 15.0369545748 501.926283345 516.560847918 18.3049614054 37.0218069202 19.2294231454 17.1152428816 16.7687797442 895.205745263 17.4677571 36.2744326885 14.5551859075 11.0204004512 10.137325357 8.00475024199 8.34014982849 25.2683281771 34.6099071153 6.69652189133 5.97829914459 12.8523662427 21.4771254443 29.0581305424 9.18043008699 1776.98557854 1805.62346026 23054.0838834 30.8623536268 25.9340551612 8.03653445784 18.6469287073 6.4324121247 4.97225661857 25.4035668583 9.50352470655
-9999.0 -9999.0 -9999.0 -9999.0 -9999.0 -9999.0 -9999.0 -9999.0 -9999.0 -9999.0 -9999.0 -9999.0 -9999.0 -9999.0 -9999.0 -9999.0 -9999.0 -9999.0 16.8815114731 49.7152819985 63.6015770367 78.2040036075 530.789051432 544.888282364 558.976877035 574.959760825 591.144001685 624.899272416 640.847493621 658.13969318 671.513758384 9.97427579404 9.37424437596 9.82221900212 34.9452649759 9.30604522713 8.73444168767 6.84393456423 19.8455945263 8.02470120237 6.0449780096 5.58077143277 4.94782055184 9.87084935992 13.9828323875 1833.41531387 24920.0218284 2.14718201923 4.84463949222 6.69841926981 25.3836172985 13.5529092229 9.99588541348 42.2162397121 15.4915059542
-9999.0 -9999.0 -9999.0 -9999.0 -9999.0 -9999.0 -9999.0 -9999.0 -9999.0 -9999.0 -9999.0 -9999.0 -9999.0 -9999.0 -9999.0 -9999.0 -9999.0 -9999.0 -9999.0 14.2338382399 111.344273828 220.00307933 235.249532105 18.9739498247 37.0079575241 55.216755333 71.0459772974 174.872235084 185.810467103 10.4572790985 10.395474739 691.498681438 709.63544527 718.06077713 41.5272894537 6.09791901566 15.1665781734 22.133249011 66.2597214832 81.2632125551 92.8252934388 10.543034902 14.5587957148 4.86086591812 9.56590166077 4.90545612252 24927.6428165 1.93545603752 8.40567014642 9.1193397842 36.469185701 58.6083725312 69.6549024541 112.916913313 22.8164232658
-9999.0 -9999.0 -9999.0 -9999.0 -9999.0 -9999.0 -9999.0 -9999.0 -9999.0 -9999.0 -9999.0 -9999.0 -9999.0 -9999.0 -9999.0 -9999.0 -9999.0 -9999.0 15.6526904779 49.6440654103 97.3866871057 127.405095346 327.186006646 343.99768417 37.5730687858 55.8712015228 71.8334602231 88.1014120891 200.002294384 222.339441239 401.662205877 417.636622097 427.394214426 726.695589466 790.961824579 15.1100336622 9.8712097026 9.4318422591 18.1150911563 8.24725597661 108.377345355 113.878474315 19.1051433941 26.2163849388 5.89565391629 4861.18917122 4870.8730334 29802.4644479 29812.6959433 1.88446394815 40.6278099951 2.62057869483 2.34533524095 118.325766885 143.140464158
-9999.0 -9999.0 -9999.0 -9999.0 -9999.0 -9999.0 -9999.0 -9999.0 -9999.0 -9999.0 -9999.0 -9999.0 -9999.0 -9999.0 -9999.0 -9999.0 -9999.0 -9999.0 -9999.0 17.674013922 17.2134339494 32.7531315302 77.8304160627 358.301323783 19.1437964873 18.7891154019 34.6003661309 50.5876019746 131.946904618 147.122222088 12.2079565897 10.3258048142 438.665870367 448.040807642 1248.73091467 1257.78358896 5.15316318632 4.47883541245 3.69897696539 3.73796784082 4.04603658936 4752.14857514 4785.97374073 4819.55316495 4832.15952828 4854.71767177 5.44581852083 19.8370486349 23.7754820176 29842.6495552 29842.8817887 29846.4396304 29852.0770901 29855.8763874 148.015838047
-9999.0 -9999.0 -9999.0 -9999.0 -9999.0 -9999.0 -9999.0 -9999.0 -9999.0 -9999.0 -9999.0 -9999.0 -9999.0 -9999.0 -9999.0 -9999.0 -9999.0 -9999.0 -9999.0 -9999.0 15.9586695336 16.6178107113 30.884290013 418.528482331 433.304417661 18.4475811109 34.1647133148 50.4345648338 66.3585448412 15.0746337802 26.6014442613 985.053908119 994.90667058 1005.41878765 1078.40983874 2346.54152891 4540.75584421 4552.94137225 4563.9992097 4574.45189202 4618.75152577 4633.14688898 27.4683789379 12.2894845522 7.41843447724 13.8655266466 9.82215600707 15.6946382869 4.80993444594 110.756910558 118.343276214 124.291487827 125.926438892 29856.9244021 30008.8872222
-9999.0 -9999.0 -9999.0 -9999.0 -9999.0 -9999.0 -9999.0 -9999.0 -9999.0 -9999.0 -9999.0 -9999.0 -9999.0 -9999.0 -9999.0 -9999.0 -9999.0 -9999.0 -9999.0 -9999.0 -9999.0 16.2667190877 31.0962644746 45.9763510099 445.609318039 14.5551798364 605.571921733 622.152774615 637.131094392 648.921035751 936.104345271 947.674354266 10.9932819053 52.2057453026 63.9040001707 10.3223468771 2182.01062269 2163.60071475 5.63716413666 12.9427876164 35.1442141209 7.85390745629 8.36839396351 6.19295442116 5.14558725168 3.92594610434 4.59130457867 95.8077578816 100.537882877 106.339700863 4.60309594909 3.93323430236 127.938531254 129.936692388 131.065204667
-9999.0 -9999.0 -9999.0 -9999.0 -9999.0 -9999.0 -9999.0 -9999.0 -9999.0 -9999.0 -9999.0 -9999.0 -9999.0 -9999.0 -9999.0 -9999.0 -9999.0 -9999.0 -9999.0 -9999.0 -9999.0 14.9553560503 13.9504755927 72.1698763057 546.441752048 575.229233298 590.229154284 16.9097322979 250.962610664 266.754735239 275.061433696 11.2847534177 22.5432142077 32.7890512688 525.881021021 533.550519517 540.230462598 2151.43417184 1232.84944955 7.10868576782 7.54054236726 7.24435559711 5.60079665959 57.6445936363 69.4377890527 79.6757088803 85.3603241525 90.8109542546 639.186445366 642.924222834 648.848485644 664.184622495 715.561411968 717.111592918 849.712370968
-9999.0 -9999.0 -9999.0 -9999.0 -9999.0 -9999.0 -9999.0 -9999.0 -9999.0 -9999.0 -9999.0 -9999.0 -9999.0 -9999.0 -9999.0 -9999.0 -9999.0 -9999.0 -9999.0 -9999.0 -9999.0 -9999.0 29.1436979692 44.3097547559 15.450876192 18.4625362217 185.700951176 203.273052315 218.545920268 102.892274147 119.848736151 135.571546807 146.157796404 508.810149361 519.056302437 355.627465688 904.116235923 911.83917911 1226.84337023 14.8029415728 7.50804887456 5.18657287209 39.7074864425 46.5716613405 4.14466160165 3.8466948112 621.469538279 631.090946569 635.664632375 7.64313110234 11.1024172442 707.576257534 5.09902175887 12.3168101287 13.4782814999
-9999.0 -9999.0 -9999.0 -9999.0 -9999.0 -9999.0 -9999.0 -9999.0 -9999.0 -9999.0 -9999.0 -9999.0 -9999.0 -9999.0 -9999.0 -9999.0 -9999.0 -9999.0 -9999.0 -9999.0 -9999.0 -9999.0 14.5378179566 28.7699876473 119.386752462 134.993758584 150.889099481 69.7757521252 85.8075701221 17.885340288 319.581315891 336.987892189 352.578493847 11.7159290814 336.597875815 347.13909754 8.00180378673 1187.85108558 16.8452499293 8.35701899829 21.5501913553 29.0831956481 5.57894119089 4.46277881178 572.245249463 612.897724366 618.590006176 5.99746804997 12.505327833 15.8554912808 19.2783358999 38.7283807167 4.44466621823 10.1768620707 1.87357524515
-9999.0 -9999.0 -9999.0 -9999.0 -9999.0 -9999.0 -9999.0 -9999.0 -9999.0 -9999.0 -9999.0 -9999.0 -9999.0 -9999.0 -9999.0 -9999.0 -9999.0 -9999.0 -9999.0 -9999.0 -9999.0 -9999.0 14.4368302733 44.9963925166 76.8026586562 16.7034562192 34.1654042795 52.9502845825 249.34168761 267.315941335 284.480648234 16.190505441 252.485002933 303.367656986 316.21531143 11.0250298075 1153.78030833 1172.36384795 8.72638761899 7.92491277789 15.7781748941 6.34858114883 541.615437739 552.916770905 559.682033924 25.9695938598 32.0400082773 5.19826227591 9.10789335362 3.94769097989 27.9570489837 3.99366405562 2.63811569277 2.7786563649 2.79266386001
-9999.0 -9999.0 -9999.0 -9999.0 -9999.0 -9999.0 -9999.0 -9999.0 -9999.0 -9999.0 -9999.0 -9999.0 -9999.0 -9999.0 -9999.0 -9999.0 -9999.0 -9999.0 -9999.0 -9999.0 -9999.0 -9999.0 -9999.0 15.5876469984 16.4465261009 17.8498598324 161.585973319 179.511137442 232.621195783 16.8331451741 184.203810772 220.625530359 17.3808926281 35.3056178684 14.6212725633 1120.62449667 13.737116037 31.6107679855 38.4099537403 44.8446225073 497.253146447 523.147588288 530.659188402 7.57823870888 13.9547299201 19.6553741144 3.37460791207 3.04809133727 1166.41091023 1169.39822897 1171.75842332 1197.4656145 1200.44108121 1204.11898261 1206.19073899
