data/baseflow/mHMbf_acc596.asc
ncols                  80
nrows                 72
xllcorner      4374000.0
yllcorner      5656000.0
cellsize            500
NODATA_value       -9999
[rows 24 to 47 of 72, columns 0 to 54 of 80]
-9999.0 -9999.0 -9999.0 -9999.0 -9999.0 -9999.0 -9999.0 -9999.0 -9999.0 -9999.0 -9999.0 -9999.0 19.991822592 53.6027302573 69.4896736972 116.414900734 12.5366080112 25.8173096472 37.6043164815 150.936033113 159.521226573 164.973106055 172.260222692 180.84610477 272.736145204 295.976904817 307.197043366 3.83358241173 24.9918646829 28.4495582747 555.499406979 565.677095094 570.645828476 575.788795542 579.466756699 2310.23163608 4.34658237884 4595.20557946 3.04731434556 1.28600296919 26.3720353156 23.639486327 2.72049490869 12.2487001721 18.7811853237 18.3980740667 12.2923016408 20.0923365128 31.670021982 11.5993430678 28.9396407353 2.00602567284 2.47254975843 0.289380404663 0.227476415587
-9999.0 -9999.0 -9999.0 -9999.0 -9999.0 -9999.0 -9999.0 -9999.0 -9999.0 -9999.0 -9999.0 -9999.0 18.3300191095 36.0377657806 15.7647276732 31.7396345547 12.6471036876 104.236017788 127.659488249 140.044987184 10.5850597146 19.7105039737 214.853689586 259.473282082 266.196640812 15.9007628826 14.3107836037 19.8178021114 2.66336566141 2.19779997442 3.97895404035 1.97130315977 341.976918568 344.312673816 346.138587736 2314.60644759 4612.81724538 4596.41709516 1.76269893509 0.977094302045 0.805203819323 4.24951129632 3.65866255789 13.9164994427 21.5625718438 43.7540496806 3.7350779497 3.69271861901 34.3763277015 37.1966680453 71.2386500321 72.4799042941 75.2788295554 75.8224854362 0.552787503033
-9999.0 -9999.0 -9999.0 -9999.0 -9999.0 -9999.0 -9999.0 -9999.0 -9999.0 -9999.0 -9999.0 -9999.0 -9999.0 16.0544832277 32.4681693632 49.2616519886 76.9046746912 14.7444383329 12.3321348346 95.8270258577 106.338891047 197.851995043 208.812645353 29.575513277 9.22037542363 7.69306573922 6.43576512021 327.822847402 331.228997216 334.06565374 336.03077166 339.937354831 32.7938720474 34.6525965092 382.473819864 7311.83837359 11.0454362799 7.85917301312 3.16703523825 0.958365987597 0.652828491996 5.76391582179 6.17052897102 14.9349570396 0.499100000601 44.5799932179 5.40104295696 5.20925334865 0.47762596957 0.278715504656 0.248431323598 0.470584955528 0.267927090309 76.1032765993 1019.68367915
-9999.0 -9999.0 -9999.0 -9999.0 -9999.0 -9999.0 -9999.0 -9999.0 -9999.0 -9999.0 -9999.0 -9999.0 -9999.0 -9999.0 15.6477654966 31.1778858565 45.0928732 58.9024007268 71.2840094786 84.3553252418 36.0603586544 60.4697944882 10.4918774777 9.81672871037 288.111007846 306.225937747 314.055556359 322.60031388 5.01080913059 8.40037986107 23.6706949579 26.9061508108 29.8780569744 2.58071523391 1.90043395433 7319.99552512 2.93981999479 3.4845057012 1.91465887581 4.48634892028 1.9109220792 1.31684741059 22.0673468641 23.2185466074 0.567912579382 45.3292596359 51.1131860924 5.68006501512 1040.44076785 1039.57090129 1038.91215859 1037.12025565 1036.17417867 1023.21299362 1022.13361429
-9999.0 -9999.0 -9999.0 -9999.0 -9999.0 -9999.0 -9999.0 -9999.0 -9999.0 -9999.0 -9999.0 -9999.0 -9999.0 -9999.0 4.45750749178 9.62490626873 14.1601400956 146.244581554 158.795686253 13.0116940874 12.1356196622 12.0547924985 247.569150526 269.934179742 10.3193908775 10.4041962381 7.14665660789 30.1643128272 37.3693426973 15.7796447283 19.7654773129 188.554650583 192.907946737 202.007174434 307.305237205 7630.19946866 3.67420747292 1.54511940684 7.33586582861 5.76059149622 0.981301063064 3.4033217531 4.43692134546 24.3304301473 25.2445234141 77.893350837 51.4157311243 6.02550961493 1056.92865634 6.7443413875 1038.28712588 1037.75031551 12.1325982256 0.700375117325 0.776355529959
-9999.0 -9999.0 -9999.0 -9999.0 -9999.0 -9999.0 -9999.0 -9999.0 -9999.0 -9999.0 -9999.0 -9999.0 -9999.0 -9999.0 22.3427195531 36.7423213773 73.9824718453 131.876593664 172.372759118 201.921188441 213.84865013 226.281268314 237.90025588 10.6907971684 8.78268247284 16.8904285015 15.1044453918 7.96371419517 167.484983026 174.387448252 180.584228423 186.359132705 92.259319288 95.6670979115 102.26187805 7632.73156579 6.86473465518 6.25228932898 14.8712002215 1.27810953742 2.57517334449 1.49599195828 0.938928877057 5.58481404467 0.68742443114 0.726921301241 1139.19166528 1060.72797569 1059.93252068 3.18820508423 6.35596571443 3.84628459854 0.647627053956 10.1458021352 2.10861287964
-9999.0 -9999.0 -9999.0 -9999.0 -9999.0 -9999.0 -9999.0 -9999.0 -9999.0 -9999.0 -9999.0 -9999.0 -9999.0 -9999.0 15.6144212896 15.090411981 29.8270185994 44.4275455711 15.5413356856 15.6498813574 28.4242728168 40.6076776177 62.1692243826 72.9116312192 81.6236936337 107.69314197 115.244657677 123.728227604 7.17806268845 76.294507613 81.713252508 86.0243431162 2.66971925082 0.975455366355 2.14419989508 7734.63601129 7736.97600317 7748.54204617 19.2312559385 3.03549625686 4.35870918451 1.28313584449 1.68386417358 6.42611371772 7.74735969501 1.30185358793 1142.6826474 1.21341562408 1.67022080695 1.81885530465 1.47143346152 2.56086419559 1.04220500292 7.66328157624 5.34415872283
-9999.0 -9999.0 -9999.0 -9999.0 -9999.0 -9999.0 -9999.0 -9999.0 -9999.0 -9999.0 -9999.0 -9999.0 -9999.0 -9999.0 -9999.0 14.6223137836 28.5344677653 13.2835680006 27.2537501971 167.063108234 178.646180383 189.922935254 10.8685005562 10.8490880794 19.523698904 28.4717111097 43.025836842 50.6432127995 55.8213876144 62.3700990217 4.99630938364 3.91047660322 91.2495261162 92.9802657499 94.8686738486 97.1565103587 79.9597307102 7837.89760977 7869.66699905 7871.01050994 7876.34691489 7881.71509085 7884.09215778 0.604984090801 8.36402876594 1143.27162267 1.17958335602 0.607216695392 0.971232727384 1.07498335738 1.75913261332 1.33343012734 0.807510686273 1.39712231912 1.13127940421
-9999.0 -9999.0 -9999.0 -9999.0 -9999.0 -9999.0 -9999.0 -9999.0 -9999.0 -9999.0 -9999.0 -9999.0 -9999.0 -9999.0 -9999.0 -9999.0 42.2770694489 55.7948922249 97.0035003951 126.356360233 14.7782396769 218.54525209 229.122807533 238.805283997 9.14631341038 17.747870505 7.20564606649 57.8556209614 61.7193646316 68.1969053976 74.5576638757 87.259656037 89.7311386218 1.55821121901 70.5962263194 75.2620880501 77.8295829835 86.9189912666 10.3650236166 6.07813020144 3.03862418824 2.7113212976 7887.56810079 7888.51307842 7901.21992918 1143.81660103 3.8795766947 2.24831481912 1.54520166614 0.444520919947 4.63546878277 2.29389320507 0.701192726686 3.98306057247 3.41334909591
-9999.0 -9999.0 -9999.0 -9999.0 -9999.0 -9999.0 -9999.0 -9999.0 -9999.0 -9999.0 -9999.0 -9999.0 -9999.0 -9999.0 -9999.0 -9999.0 14.2550084699 69.8381416806 84.2958664689 15.4299793092 12.1525880739 24.9798453826 35.8162735758 284.772752072 8.97677532545 36.3047606572 43.9397910097 51.400201189 4.5605976177 10.1109185716 12.3253404861 56.7760309989 61.7988032367 64.207190517 2.58943482051 2.06357186763 2.26918703294 4.25600262313 1.71839768055 1.71799957621 1.43959333615 1.58093853535 0.963907545133 3.69035010659 7902.31731549 9048.61807202 5.93366734134 1.43035091761 0.619118372405 14.2076102676 13.2161610974 7.78385231331 6.94693640418 5.0978375791 1.36621261166
-9999.0 -9999.0 -9999.0 -9999.0 -9999.0 -9999.0 -9999.0 -9999.0 -9999.0 -9999.0 -9999.0 -9999.0 -9999.0 -9999.0 -9999.0 12.7887223238 39.7130253997 12.819271206 15.2713416239 14.4105207595 27.1029780035 39.4374278584 50.5625809481 346.437552712 354.982538376 8.90836817898 16.6330534191 24.4773486662 29.4869601739 34.6619256781 49.2160116245 54.4592742504 2.10854457656 2.30984394916 1.16541264154 1.142272399 2.16851098856 2.68663423361 2.59571532998 3.1023760111 6.87745180782 2.76181236432 1.23896201621 1.22141324347 0.868496451976 1.57042764119 9103.79571268 48.255146753 18.6530567858 2.90209367618 1.50000541652 0.731643265913 2.13076708852 1.31149742884 0.620743148851
-9999.0 -9999.0 -9999.0 -9999.0 -9999.0 -9999.0 -9999.0 -9999.0 -9999.0 -9999.0 -9999.0 -9999.0 -9999.0 -9999.0 13.4741828296 25.9969635841 90.7757642253 12.0543205793 29.0399260449 42.6567857276 54.615160486 12.8470402405 23.1262040468 34.6787893587 399.624367151 8.18695072836 15.2113473433 22.4582681055 6.43650272034 12.5580634132 14.4477127801 18.7735514634 635.623225314 640.625287165 645.02158602 665.830400714 670.108432544 683.041287021 4.98731021751 10.5009807873 8.36474778283 721.44192099 723.453202975 1.08811543913 1.6405227564 2.17646761975 9104.80459121 46.124704269 20.6690444461 18.5114397441 15.9410907264 14.0772226793 2.8000862431 0.750844669446 1.19984755664
-9999.0 -9999.0 -9999.0 -9999.0 -9999.0 -9999.0 -9999.0 -9999.0 -9999.0 -9999.0 -9999.0 -9999.0 -9999.0 -9999.0 13.779225081 41.6584477602 146.073000801 216.582121454 10.8053625949 280.163188011 346.446257553 11.6566957031 21.7641450435 33.1244326099 494.118117696 502.986760457 5.8529139658 34.3465406198 39.6971073608 44.3684314796 601.655258308 609.638071411 615.007708709 2.61003383758 14.748203487 17.4715165356 6.29512190251 8.71365262089 695.125627627 709.116461401 710.785132653 712.309348529 724.97107646 0.731918950044 0.638705447806 3.36181122818 9106.04952176 4.33164484436 0.312429837547 0.927858784556 0.385372408427 11.9507312434 11.0253439819 6.77999290883 4.53209138688
-9999.0 -9999.0 -9999.0 -9999.0 -9999.0 -9999.0 -9999.0 -9999.0 -9999.0 -9999.0 -9999.0 -9999.0 -9999.0 -9999.0 -9999.0 -9999.0 28.9761576503 58.1199041949 255.483112854 269.066723396 358.352630346 370.284565394 11.2336879768 22.4761079583 51.6786865836 511.998482476 525.427658817 530.050489111 3.50185345358 546.533100555 554.630905676 5.2852650605 2.66410372292 4.97039098036 9.59791700606 2.30071851464 4.3551109462 8.82971080362 10.7754582928 2.11929059307 1.24169381625 2.35707298633 735.252330415 738.296121151 738.83570837 744.037402337 9107.07887197 3.88128937214 0.173675952286 0.210230880767 0.191895306413 0.202514464717 0.154795538468 0.272643074237 0.895329628662
-9999.0 -9999.0 -9999.0 -9999.0 -9999.0 -9999.0 -9999.0 -9999.0 -9999.0 -9999.0 -9999.0 -9999.0 -9999.0 -9999.0 -9999.0 -9999.0 15.095271801 14.7284251094 14.0882594379 26.7721584301 11.4574871033 393.267144856 404.051776781 10.4316462635 20.0153706944 8.77374413129 6.44428188762 6.12131000576 539.767258898 2.50037370608 5.22311125373 3.164735819 2.76419811751 2.34131410996 1.63276463888 1.73343380912 5.33765499857 7.42748632639 1.29311780731 1.09385450378 2.45046947814 4.28274873779 5.65249574748 1.61685509607 739.997073206 744.624768881 9107.94252544 6.28147973678 0.437756468692 0.0873515334098 0.250876038982 0.0616943757986 0.0422254143009 0.322565463236 4.22560319187
-9999.0 -9999.0 -9999.0 -9999.0 -9999.0 -9999.0 -9999.0 -9999.0 -9999.0 -9999.0 -9999.0 -9999.0 -9999.0 -9999.0 -9999.0 -9999.0 -9999.0 -9999.0 14.4898671383 39.8067469869 50.9173183874 62.1882444725 415.096444199 426.263903596 436.630243235 446.513994666 452.372295035 464.839070779 467.306121955 469.467814351 471.380873486 2.28556936301 2.0403637656 2.22115328388 7.47532301318 2.04346037188 1.88620261925 1.32845119098 3.83349003931 1.61293767547 1.14851190818 1.04034439752 0.85746030413 1.71047254885 2.50055247555 749.809655418 9864.82202376 1.89027267213 2.90539448188 0.0566505426351 0.32345573835 0.189135248228 0.0851456666343 8.07752883862 7.21011694968
-9999.0 -9999.0 -9999.0 -9999.0 -9999.0 -9999.0 -9999.0 -9999.0 -9999.0 -9999.0 -9999.0 -9999.0 -9999.0 -9999.0 -9999.0 -9999.0 -9999.0 -9999.0 -9999.0 12.0177576868 95.6353424581 183.498002577 194.659173797 13.6788909589 24.1213971248 33.6532060819 40.6805626143 90.9194547611 93.4456196256 2.44715578139 2.3349690426 476.810104988 481.016630063 482.851454026 8.74089945875 1.08141995293 2.93453622646 4.2679829604 12.8046979754 15.8134434417 18.0157259054 1.96976798345 2.72778361429 0.940181945974 1.90758845374 0.998541007295 9866.6195562 1.38830653026 5.86288029509 1.00728985655 1.75648525736 11.1405679428 11.9561480192 20.8915518875 6.42691256124
-9999.0 -9999.0 -9999.0 -9999.0 -9999.0 -9999.0 -9999.0 -9999.0 -9999.0 -9999.0 -9999.0 -9999.0 -9999.0 -9999.0 -9999.0 -9999.0 -9999.0 -9999.0 13.4420840018 42.9736291267 83.9181647816 109.439192858 272.572169681 284.926896828 20.4211876032 30.1089180385 37.8113510776 44.7055377793 95.8219715324 100.738256379 170.631575804 175.607453305 178.139766979 484.63781642 497.530354093 2.79458895764 2.02065357772 1.86755299223 3.50962389923 1.56994547632 21.0856619827 22.1362469352 3.65286069106 4.95258208626 1.56664450459 2416.59975129 2418.86066474 12286.6408592 12294.4042779 1.79825764632 5.49005555965 5.00053818036 2.77697254064 25.0368912104 32.3296106316
-9999.0 -9999.0 -9999.0 -9999.0 -9999.0 -9999.0 -9999.0 -9999.0 -9999.0 -9999.0 -9999.0 -9999.0 -9999.0 -9999.0 -9999.0 -9999.0 -9999.0 -9999.0 -9999.0 15.4195721286 14.8883479824 28.0113072301 66.2576343835 296.890919055 10.6250719967 10.4364983209 18.0568046548 25.9839638325 59.2466873043 62.9782493634 2.54315509938 3.28919353504 181.085873479 183.107036203 683.044171967 684.93659741 0.889192655691 0.759603012003 0.611477312642 0.618320995112 0.732923029984 2394.99476575 2402.00985449 2407.9093402 2410.67854619 2415.3749479 1.21907259257 4.3975572375 5.10685375059 12301.6229375 12302.5098497 12303.1147185 12304.0929332 12305.4594471 34.0836659663
-9999.0 -9999.0 -9999.0 -9999.0 -9999.0 -9999.0 -9999.0 -9999.0 -9999.0 -9999.0 -9999.0 -9999.0 -9999.0 -9999.0 -9999.0 -9999.0 -9999.0 -9999.0 -9999.0 -9999.0 13.5585681994 14.2361557976 26.2810115016 348.021799494 359.032310581 10.1086963244 17.703130702 25.8900143185 30.4492249591 3.54967647981 7.22892275939 696.441109112 698.621522138 701.332686443 718.362463486 1404.83230384 2352.11532887 2354.5429882 2356.67225798 2358.69315204 2368.48272658 2371.78758126 6.10391433375 2.60828487353 1.6932337932 3.11591640146 2.18112993457 3.51687047778 1.09786328066 25.1429920225 31.5668490036 36.6158933586 36.9442433536 12305.9206909 12340.9154921
-9999.0 -9999.0 -9999.0 -9999.0 -9999.0 -9999.0 -9999.0 -9999.0 -9999.0 -9999.0 -9999.0 -9999.0 -9999.0 -9999.0 -9999.0 -9999.0 -9999.0 -9999.0 -9999.0 -9999.0 -9999.0 13.8139780952 26.3815767863 39.0255635795 369.352520714 9.53731561883 491.816715057 500.269617622 503.622392817 507.477001924 680.867415923 685.343636992 2.29508574303 13.0794525838 15.4921117181 2.43154442497 944.980133363 940.647342777 1.17415648125 2.87007178542 7.97269696756 1.83922820354 2.0173281725 1.32646165562 1.10411395241 0.816477827678 1.01875659652 21.6825613757 22.8033255108 24.2838766195 5.60465078394 4.19698083016 38.8977977157 39.4638018707 39.7228384975
-9999.0 -9999.0 -9999.0 -9999.0 -9999.0 -9999.0 -9999.0 -9999.0 -9999.0 -9999.0 -9999.0 -9999.0 -9999.0 -9999.0 -9999.0 -9999.0 -9999.0 -9999.0 -9999.0 -9999.0 -9999.0 12.5447209106 11.7063305753 60.7699340908 453.41642559 474.440630546 484.404900418 8.0488661019 164.601594429 167.702411427 169.329225324 3.97802476745 6.80734000529 9.06991002327 219.152229327 220.887355469 222.314475971 938.04400808 594.615511335 1.66505474837 1.75829388759 1.64471515691 1.19836224011 13.1703999658 15.7817254181 18.0125841665 19.3179717398 20.5598540076 175.758713306 176.810809278 178.462526334 181.631045303 192.454689188 192.809619312 232.897149388
-9999.0 -9999.0 -9999.0 -9999.0 -9999.0 -9999.0 -9999.0 -9999.0 -9999.0 -9999.0 -9999.0 -9999.0 -9999.0 -9999.0 -9999.0 -9999.0 -9999.0 -9999.0 -9999.0 -9999.0 -9999.0 -9999.0 24.5005718191 37.3766594881 12.0450714471 10.3198475281 139.320001765 147.562450375 152.434096178 45.8610871698 48.2155963492 51.0974866762 53.7108135055 215.016824392 217.79072228 115.763743056 340.119016457 341.964685126 593.35346816 3.52881804501 1.78609574918 1.10476063522 9.1979577465 10.8214388924 0.89236347425 0.822218161588 171.364330062 173.692873308 174.912458721 1.35535678085 2.17173885896 191.036506997 0.6386740956 2.74074631965 3.02451202178
-9999.0 -9999.0 -9999.0 -9999.0 -9999.0 -9999.0 -9999.0 -9999.0 -9999.0 -9999.0 -9999.0 -9999.0 -9999.0 -9999.0 -9999.0 -9999.0 -9999.0 -9999.0 -9999.0 -9999.0 -9999.0 -9999.0 12.2752114002 24.251238867 98.417826303 110.486829972 120.589582123 37.5367755794 43.3584802603 2.91704479841 153.983561556 156.372937913 158.754929528 2.56070222227 110.769509121 113.705321367 1.90514263596 583.926941757 4.18319526962 2.05028151572 5.09539009477 6.89009713078 1.24094169705 0.956178545394 159.595778269 169.222226381 170.673010293 1.42809842152 2.98928143029 3.72342712154 4.52482384393 8.46120913258 1.01654311462 2.27306573367 0.448436392023
