data/baseflow/mHMbf_acc503.asc
ncols                  80
nrows                 72
xllcorner      4374000.0
yllcorner      5656000.0
cellsize            500
NODATA_value       -9999
[rows 25 to 49 of 72, columns 0 to 54 of 80]
-9999.0 -9999.0 -9999.0 -9999.0 -9999.0 -9999.0 -9999.0 -9999.0 -9999.0 -9999.0 -9999.0 -9999.0 27.4636143883 54.2976105451 24.9667004649 49.7635846383 20.6662116189 164.974753413 203.221945111 223.013378903 17.5886983747 35.4246500764 339.720636432 419.944993974 434.54998625 25.348369148 29.7500933494 46.535840121 9.31106378583 8.29378399272 15.4980152313 5.82067102792 491.613979669 498.327722955 502.136101008 4071.89290893 7945.90714569 7903.22516314 9.11313700817 4.95105954163 4.5911760656 20.4638759428 16.4566651393 36.4124139921 49.6134685934 98.0699548858 8.97808179274 8.89612370474 79.7359233054 88.7847108722 170.569532568 174.879694872 188.88120839 193.279276927 4.38748603502
-9999.0 -9999.0 -9999.0 -9999.0 -9999.0 -9999.0 -9999.0 -9999.0 -9999.0 -9999.0 -9999.0 -9999.0 -9999.0 25.8014467946 51.4764164961 77.3370703545 121.39752697 22.920674362 19.8520976489 133.313527457 151.038831445 304.337132096 323.232952772 51.5102407683 15.1342971868 12.2036236488 12.0514867342 446.099864887 454.485467769 464.030139488 472.044810374 485.061811504 83.5723938698 86.7897872348 594.834635522 12615.0285804 33.9129286056 26.1478380205 13.5924770009 3.76607471879 3.66167422444 29.1466308534 31.9018043322 43.9366599412 3.99546314432 103.536668861 16.4707850065 16.240441062 3.91616137718 2.38841724293 2.02416086981 1.54720325284 2.1110275111 195.40573713 2615.25475843
-9999.0 -9999.0 -9999.0 -9999.0 -9999.0 -9999.0 -9999.0 -9999.0 -9999.0 -9999.0 -9999.0 -9999.0 -9999.0 -9999.0 24.6959104163 43.2588322861 58.8263423681 74.0968378653 93.8380884039 114.400407004 58.6091450785 98.8036068297 18.4577217093 17.0671182767 378.692967827 410.30831499 423.809744289 437.444575023 9.13891654187 16.8229829856 48.6349857301 65.1281571851 76.3534554301 4.51848019727 2.38225326971 12627.3661963 6.45954159431 9.0333012869 5.90054946193 16.9941176848 7.55583108732 4.4339263454 79.0348728997 81.0515879932 1.7641028107 105.409652139 125.819159209 22.4380933832 2717.79898404 2711.39724142 2706.75304065 2698.38665131 2695.68235217 2632.94593519 2630.16742951
-9999.0 -9999.0 -9999.0 -9999.0 -9999.0 -9999.0 -9999.0 -9999.0 -9999.0 -9999.0 -9999.0 -9999.0 -9999.0 -9999.0 4.76917371987 10.5293605805 16.2970180585 158.017080431 178.453949025 20.9687935374 19.7277453471 20.0746938167 308.610556064 346.82753301 18.1700594737 18.1652458467 13.3708104641 57.0942239524 70.9663476262 30.3406315912 41.106154267 345.268660297 356.324593862 368.551079056 585.002496935 13215.397101 6.65254081429 4.07138807956 26.8682551306 22.2379499293 2.29859645515 9.29674038224 11.7660635695 83.6352040086 85.6970095347 216.096413827 126.833701661 25.1450109998 2775.47647455 20.0555254224 2702.74796299 2700.70910741 59.7241734043 1.47467216968 11.9312789044
-9999.0 -9999.0 -9999.0 -9999.0 -9999.0 -9999.0 -9999.0 -9999.0 -9999.0 -9999.0 -9999.0 -9999.0 -9999.0 -9999.0 23.4701490307 38.8227369748 79.5426569046 139.629154963 192.860941185 232.703501515 252.259257912 272.419732696 291.744929713 18.5220665225 15.6644136175 30.7345090397 28.2740293064 15.3971638644 300.078571251 313.433592195 325.471305325 336.957995682 196.588467191 206.132414733 213.578814244 13218.1626911 11.1829453894 16.1933193491 47.0921175457 5.09964469614 4.50676068015 2.31040946455 2.27541305066 13.8372921529 1.61471914423 1.73721221255 3001.54557433 2784.30902516 2782.6048444 8.03567863536 16.7672688787 11.0279558709 2.57369801617 56.1998655078 15.2725552826
-9999.0 -9999.0 -9999.0 -9999.0 -9999.0 -9999.0 -9999.0 -9999.0 -9999.0 -9999.0 -9999.0 -9999.0 -9999.0 -9999.0 16.3990547629 15.6507936141 30.8516188842 46.1420907336 21.9433232219 25.3964471436 46.7379119264 67.346867914 105.890083936 124.702594778 139.802785137 186.429177504 200.144223734 216.629982746 14.4499931498 145.872871073 158.464437919 172.530308434 13.2825139804 9.26256858271 15.5520693496 13461.0290713 13463.7395972 13481.547431 61.1455037143 10.4497558326 10.6405704791 3.03169378899 4.0220451777 15.6244994005 18.7625480952 3.13897079599 3009.22059641 2.35260502796 4.08774191348 4.68514899408 3.13885166804 6.61442397018 2.66272687357 38.1173710351 31.0981438201
-9999.0 -9999.0 -9999.0 -9999.0 -9999.0 -9999.0 -9999.0 -9999.0 -9999.0 -9999.0 -9999.0 -9999.0 -9999.0 -9999.0 -9999.0 14.9770558005 29.3041067498 14.0104139675 29.4479998888 178.108613451 194.998350649 214.019619524 19.0744469742 19.000455061 34.257664821 50.4049385456 77.1001277827 91.8089919275 103.814143405 118.067995518 10.9620891551 11.2882128688 203.706911132 215.016988079 219.978799071 224.238223017 179.882063598 13678.7334877 13766.1189739 13769.5095051 13782.8889905 13798.0462478 13802.7415844 1.30196311741 20.1630200647 3010.28648157 2.74923674829 1.41518469481 1.60084494109 1.73424757732 3.10126085447 3.50121307567 2.13949164063 3.66256565148 3.70394435418
-9999.0 -9999.0 -9999.0 -9999.0 -9999.0 -9999.0 -9999.0 -9999.0 -9999.0 -9999.0 -9999.0 -9999.0 -9999.0 -9999.0 -9999.0 -9999.0 43.3934427251 57.372209614 100.354772831 132.671636373 16.9053180081 253.429256518 271.899125419 288.466277006 15.7300323241 30.6269350857 12.7391623411 101.421797093 111.242242471 127.666069284 146.757428069 182.24506986 192.598353741 6.14543387265 163.937494994 172.373056334 176.038786017 194.212913913 23.307715563 14.3828341565 8.94612080187 7.32052159362 13810.1544631 13811.9238504 13844.1584942 3011.12928354 8.5893796855 4.89850904616 3.10693586256 1.15036083357 10.7319543616 6.07822695375 1.8991215185 11.2815645778 9.7539560868
-9999.0 -9999.0 -9999.0 -9999.0 -9999.0 -9999.0 -9999.0 -9999.0 -9999.0 -9999.0 -9999.0 -9999.0 -9999.0 -9999.0 -9999.0 -9999.0 14.7090415413 71.9045077664 87.0643044068 17.7769557139 20.4956307822 42.5885526539 62.2629742709 368.07194439 15.5153259586 62.5993612484 76.1246270307 89.3252861591 11.85390298 26.029969392 34.4560289025 126.810081556 145.297348355 149.361138833 4.49621144177 4.51560708699 5.88055504435 10.4816209776 5.18560677445 5.41109602187 6.68383053223 5.0529875184 5.66731654065 11.4419273626 13845.8409661 16861.3090454 11.6295435729 4.39342677011 1.32926090427 36.0819370056 33.5027943947 20.8252738283 18.8617438109 14.3043489311 3.69833495462
-9999.0 -9999.0 -9999.0 -9999.0 -9999.0 -9999.0 -9999.0 -9999.0 -9999.0 -9999.0 -9999.0 -9999.0 -9999.0 -9999.0 -9999.0 12.7656911088 40.3373637172 12.9859099686 20.4508521845 22.9655142004 43.8020842396 64.5889092938 80.1112664707 459.727976266 474.434021071 15.2854125477 28.9196508791 42.8370817695 53.8631935801 66.8637312261 114.830183819 122.03718039 13.326624374 7.09575089081 4.88880742121 2.05377512851 6.03366199289 6.12079718672 8.84661875639 10.1223538809 20.1985736377 7.57598007274 1.79168195023 1.72092576397 1.8358170861 3.38675838443 16998.5207695 123.843708573 44.4988019575 4.12422920757 2.04476246575 1.17797996864 4.52533583034 3.20431618786 1.72232032441
-9999.0 -9999.0 -9999.0 -9999.0 -9999.0 -9999.0 -9999.0 -9999.0 -9999.0 -9999.0 -9999.0 -9999.0 -9999.0 -9999.0 13.5608584147 25.9764981809 91.4094808463 12.0593194651 35.3934740359 57.4048350354 77.2035026927 20.9405071754 38.1925437859 51.6520396869 536.467516105 14.1202921485 26.4983520078 39.5602570008 12.9727919108 25.9647389386 38.531490154 45.7968019749 969.257123224 982.241153928 997.509810576 1050.60379565 1062.360324 1092.36386853 17.7246468914 38.1121516877 28.3548879448 1203.73789501 1206.99062599 1.53909584643 2.79595947784 3.98022723808 16999.1140753 115.966583298 65.9796838884 63.313991204 43.2818517674 34.388645421 5.94474049985 1.35922573127 2.75523673719
-9999.0 -9999.0 -9999.0 -9999.0 -9999.0 -9999.0 -9999.0 -9999.0 -9999.0 -9999.0 -9999.0 -9999.0 -9999.0 -9999.0 13.8042332654 41.8589922837 146.928783402 217.167905846 10.5167923667 280.549379169 369.500682775 19.0645317342 36.0127021455 50.4265578716 679.436896483 689.32571319 9.30169102192 58.4979527638 67.9279158423 79.4956434564 876.210557114 903.562091869 915.640905941 5.82039739492 35.1405478914 43.5867056377 13.736723126 19.1112052065 1119.90170203 1166.07220268 1170.09701584 1173.74687775 1210.62856253 1.78582063701 1.61489871584 6.79407078823 17000.139337 2.73167108765 5.87584622005 17.8476580929 6.90789207195 31.3321552025 21.3066942102 12.9708970438 9.34827229402
-9999.0 -9999.0 -9999.0 -9999.0 -9999.0 -9999.0 -9999.0 -9999.0 -9999.0 -9999.0 -9999.0 -9999.0 -9999.0 -9999.0 -9999.0 -9999.0 29.0028826002 58.1296844419 255.980952694 269.837668699 381.449832762 393.464123687 18.596683766 37.2115288144 82.7660461698 698.329950733 718.031053203 725.149659854 5.59937185401 755.150466412 784.336709537 17.008084605 5.44796147147 10.3284446426 20.1134578701 4.92298340578 9.50310506772 20.0894520431 24.6423534822 5.01458256931 3.14859801999 5.94647246344 1237.93902011 1250.02108747 1251.29703104 1262.64226456 17000.8784535 2.17117407266 3.98801467104 4.98573200162 4.827257777 4.9706036327 4.29536298049 7.97207096007 1.31457285197
-9999.0 -9999.0 -9999.0 -9999.0 -9999.0 -9999.0 -9999.0 -9999.0 -9999.0 -9999.0 -9999.0 -9999.0 -9999.0 -9999.0 -9999.0 -9999.0 15.0994965079 14.6690057301 14.142144103 26.584908919 11.4510845882 416.419153411 427.17967389 15.2738839188 31.6740133499 13.4099891734 9.98069973226 9.43609212287 742.948757309 10.0018206525 21.0167789484 8.46020322503 5.76021311242 4.89170367639 3.66505036869 3.86857588488 12.257299705 17.0524122155 3.26711130825 2.84136342005 6.41690880428 11.1063288568 15.7045098728 6.99108578708 1254.40856898 1264.02260029 17001.2364494 14.9093146918 10.1591084659 3.02509878135 7.26717338334 2.49843221316 1.97396687226 10.1324223858 7.01564852846
-9999.0 -9999.0 -9999.0 -9999.0 -9999.0 -9999.0 -9999.0 -9999.0 -9999.0 -9999.0 -9999.0 -9999.0 -9999.0 -9999.0 -9999.0 -9999.0 -9999.0 -9999.0 14.4760788699 39.4443322889 50.3170670487 61.5622837304 438.288776385 449.65312641 460.243464879 471.094462421 480.074076537 499.153697123 507.881637634 517.394025099 524.038415777 4.69740630589 4.44665879732 4.72027486921 16.434463574 4.49638385777 4.37169035735 3.19070101355 9.5148388825 4.04946053101 3.07131063596 2.79820495694 2.36845556222 4.72506751902 6.93392969581 1278.3565615 18294.8446124 2.45835038113 3.96528957682 2.46932513625 9.87004299226 5.23946211612 3.96832298745 23.1099042726 12.1208581797
-9999.0 -9999.0 -9999.0 -9999.0 -9999.0 -9999.0 -9999.0 -9999.0 -9999.0 -9999.0 -9999.0 -9999.0 -9999.0 -9999.0 -9999.0 -9999.0 -9999.0 -9999.0 -9999.0 11.5141289391 94.5023796605 181.473633373 192.62453816 15.7421875359 31.4570503811 47.7936192409 59.7807817864 146.315468448 151.661142115 5.03974507285 5.1240525383 537.759170412 547.598358666 551.626578329 19.3384362831 2.42492545415 7.04840718299 10.2575992283 31.4737322088 39.10416218 45.0623067971 5.35850863587 7.51200640404 2.63942917453 5.33543967001 2.82522272563 18298.8255877 1.79092638603 7.83458973508 3.90027621405 14.8329493273 31.2062191397 36.1984659462 60.5047270217 14.3284024212
-9999.0 -9999.0 -9999.0 -9999.0 -9999.0 -9999.0 -9999.0 -9999.0 -9999.0 -9999.0 -9999.0 -9999.0 -9999.0 -9999.0 -9999.0 -9999.0 -9999.0 -9999.0 13.2012842054 42.5988344859 83.155995409 108.283640178 270.012802876 282.964749943 34.716364866 51.4244722243 65.8867393859 77.6727882899 159.131351785 170.175975809 322.804421495 336.191947718 345.650870684 555.343839191 583.964921646 6.26946395205 4.83777842233 4.47962211672 8.64294332356 3.98782410445 53.0367771261 55.914139634 10.145239458 14.6222648803 6.31248825916 3829.19891648 3836.4094984 22136.8981424 22146.2576861 2.40163586397 19.9083074735 5.01325325795 3.9388212227 68.4997242058 84.5876637034
-9999.0 -9999.0 -9999.0 -9999.0 -9999.0 -9999.0 -9999.0 -9999.0 -9999.0 -9999.0 -9999.0 -9999.0 -9999.0 -9999.0 -9999.0 -9999.0 -9999.0 -9999.0 -9999.0 15.4256348369 14.9960230573 27.915670181 65.8430807449 294.961818255 18.0285970476 17.7564776361 31.3255816835 46.2573371355 118.822079581 130.425270059 10.3599574348 8.23087252967 352.16510872 356.138089479 946.238441119 952.504220046 2.17861766411 1.86169654658 1.62429935108 1.64215199653 2.03402816432 3763.4333975 3782.89504633 3801.19389136 3811.84585229 3824.74033486 3.50247276397 12.6970748033 14.7939631343 22164.7465801 22164.8593994 22164.8284773 22166.5379476 22169.3411959 90.3786451703
-9999.0 -9999.0 -9999.0 -9999.0 -9999.0 -9999.0 -9999.0 -9999.0 -9999.0 -9999.0 -9999.0 -9999.0 -9999.0 -9999.0 -9999.0 -9999.0 -9999.0 -9999.0 -9999.0 -9999.0 13.417360786 14.2196501127 26.1231732561 345.656363348 356.853638766 17.2515885985 30.8018539609 46.2502949997 62.5165748823 14.7918927755 24.806577982 831.91032418 836.092810622 843.685851717 889.541043184 1847.89553565 3654.31383712 3660.04683483 3665.43191032 3670.53929498 3696.16404886 3704.72954371 16.8533578692 7.38444730564 4.68990584884 8.70474456614 6.33563357917 10.1460980213 3.18524729554 70.2397370432 78.6152545459 84.605046394 85.4818615937 22169.3159874 22262.6479481
-9999.0 -9999.0 -9999.0 -9999.0 -9999.0 -9999.0 -9999.0 -9999.0 -9999.0 -9999.0 -9999.0 -9999.0 -9999.0 -9999.0 -9999.0 -9999.0 -9999.0 -9999.0 -9999.0 -9999.0 -9999.0 13.7133295169 26.1834458053 38.7397111554 367.040133751 10.7607831807 498.088070088 513.951418607 528.943653959 540.056883358 786.334628619 798.134587747 4.79354874742 31.1981436475 39.5022301488 5.4851366518 1800.94848115 1790.96459562 3.06546432112 7.29199237372 20.8092883457 4.84276121654 5.38772673381 3.7849643102 3.22256966535 2.40491036098 2.98710904141 60.3481047142 63.6120921605 67.6883779986 6.65837574212 4.7490287613 88.3020620281 89.5401725656 90.1952442681
-9999.0 -9999.0 -9999.0 -9999.0 -9999.0 -9999.0 -9999.0 -9999.0 -9999.0 -9999.0 -9999.0 -9999.0 -9999.0 -9999.0 -9999.0 -9999.0 -9999.0 -9999.0 -9999.0 -9999.0 -9999.0 12.2380435948 11.4495502956 59.7375144228 450.370498812 472.998533539 484.611471644 13.043740467 205.691181423 221.344146078 229.221987369 10.3188648633 16.2011878753 20.9926148404 399.507701896 403.42646423 406.952190982 1784.59606228 1102.80050548 4.03717963606 4.61313882903 4.38809896999 3.35978863731 35.6871351089 43.2056723281 49.6669555973 53.4531533671 57.0666555317 467.461129948 470.177167624 475.273478018 485.391080453 522.379313958 523.305009942 614.439569298
-9999.0 -9999.0 -9999.0 -9999.0 -9999.0 -9999.0 -9999.0 -9999.0 -9999.0 -9999.0 -9999.0 -9999.0 -9999.0 -9999.0 -9999.0 -9999.0 -9999.0 -9999.0 -9999.0 -9999.0 -9999.0 -9999.0 23.9768384358 36.8476534062 12.386760814 17.885403176 158.552128917 172.056953966 181.407308084 76.5180705477 88.0408232313 99.2376897596 105.003853916 390.375399058 396.45228126 262.57780609 674.173714662 678.401191265 1099.59357388 9.00131213928 4.75045477294 3.06828142467 24.6027770478 29.0575464596 2.6149755507 2.43346404454 455.428442122 461.91994006 465.117482176 3.99019129883 6.77557227939 516.029348028 2.61450175325 7.83253713107 8.54726531457
-9999.0 -9999.0 -9999.0 -9999.0 -9999.0 -9999.0 -9999.0 -9999.0 -9999.0 -9999.0 -9999.0 -9999.0 -9999.0 -9999.0 -9999.0 -9999.0 -9999.0 -9999.0 -9999.0 -9999.0 -9999.0 -9999.0 12.1013229749 23.882100818 99.5091562722 112.28893943 125.691522771 55.2559162841 65.5034019556 11.7539591374 260.189396132 270.637142094 280.074426737 6.69136331045 251.575948163 257.99020324 4.57187197846 1076.0519055 10.3312598255 5.17260989823 13.3688804925 18.138727052 3.49657722661 2.73327695529 422.660908824 449.738345236 453.582812647 4.13876191302 8.77637254098 10.9433871517 13.8847894338 26.8726432126 2.85020424416 6.51796941046 1.23343246007
-9999.0 -9999.0 -9999.0 -9999.0 -9999.0 -9999.0 -9999.0 -9999.0 -9999.0 -9999.0 -9999.0 -9999.0 -9999.0 -9999.0 -9999.0 -9999.0 -9999.0 -9999.0 -9999.0 -9999.0 -9999.0 -9999.0 11.9119726427 37.3540505555 64.3071571716 13.9007879729 30.1213596586 44.0889599819 213.828179884 227.161911161 238.275532156 9.86711692612 201.114108966 232.244971662 240.162889605 5.85232939101 1055.80634752 1067.40121265 5.47300084205 4.83147545709 9.90095017982 3.92111520347 403.132460873 410.246443376 414.838400262 17.2788578613 21.56694984 3.61772476794 6.43185572129 2.84379669427 20.3747577309 3.04169067456 1.76485282752 1.79371135641 1.95901334975
-9999.0 -9999.0 -9999.0 -9999.0 -9999.0 -9999.0 -9999.0 -9999.0 -9999.0 -9999.0 -9999.0 -9999.0 -9999.0 -9999.0 -9999.0 -9999.0 -9999.0 -9999.0 -9999.0 -9999.0 -9999.0 -9999.0 -9999.0 12.8529459453 13.9726444208 15.9869548225 150.288997361 163.368591084 202.680813063 12.2605249445 156.642465053 182.395231683 10.9181538433 22.5126016187 8.09907219261 1036.56018998 8.62083709246 18.7128191555 22.6747550599 26.9487422036 375.240653487 391.456616237 396.370331649 5.00062869121 9.28038658014 13.0457560584 2.25663997555 2.05188959758 1066.97076493 1069.09351933 1070.82508505 1090.26752864 1092.59509614 1095.28376106 1096.72906125
