data/baseflow/mHMbf_acc346.asc
ncols                  80
nrows                 72
xllcorner      4374000.0
yllcorner      5656000.0
cellsize            500
NODATA_value       -9999
[rows 0 to 23 of 72, columns 0 to 54 of 80]
-9999.0 -9999.0 -9999.0 -9999.0 -9999.0 -9999.0 -9999.0 -9999.0 -9999.0 -9999.0 -9999.0 -9999.0 10.2257574938 14.4004325016 -9999.0 -9999.0 -9999.0 -9999.0 -9999.0 -9999.0 -9999.0 -9999.0 -9999.0 -9999.0 -9999.0 -9999.0 -9999.0 -9999.0 -9999.0 -9999.0 -9999.0 -9999.0 -9999.0 -9999.0 -9999.0 -9999.0 -9999.0 -9999.0 -9999.0 -9999.0 -9999.0 -9999.0 -9999.0 -9999.0 -9999.0 -9999.0 -9999.0 -9999.0 -9999.0 -9999.0 -9999.0 -9999.0 -9999.0 -9999.0 -9999.0
-9999.0 -9999.0 -9999.0 -9999.0 -9999.0 -9999.0 -9999.0 -9999.0 -9999.0 -9999.0 -9999.0 -9999.0 17.6419547992 53.5932932464 11.619145345 -9999.0 12.1800753711 -9999.0 -9999.0 -9999.0 -9999.0 -9999.0 -9999.0 -9999.0 -9999.0 -9999.0 -9999.0 -9999.0 -9999.0 -9999.0 -9999.0 -9999.0 -9999.0 -9999.0 -9999.0 -9999.0 -9999.0 -9999.0 -9999.0 -9999.0 -9999.0 -9999.0 -9999.0 -9999.0 -9999.0 -9999.0 -9999.0 -9999.0 -9999.0 -9999.0 -9999.0 -9999.0 -9999.0 -9999.0 -9999.0
-9999.0 -9999.0 -9999.0 -9999.0 -9999.0 -9999.0 -9999.0 -9999.0 -9999.0 -9999.0 6.99176582281 6.61908729182 7.00666446092 6.89587739301 66.2905955565 76.1759060447 34.4083278913 11.2103735686 -9999.0 -9999.0 -9999.0 -9999.0 -9999.0 -9999.0 -9999.0 -9999.0 -9999.0 -9999.0 -9999.0 -9999.0 -9999.0 -9999.0 -9999.0 -9999.0 -9999.0 -9999.0 -9999.0 -9999.0 -9999.0 -9999.0 -9999.0 -9999.0 -9999.0 -9999.0 -9999.0 -9999.0 -9999.0 -9999.0 -9999.0 -9999.0 -9999.0 -9999.0 -9999.0 -9999.0 -9999.0
-9999.0 -9999.0 -9999.0 -9999.0 -9999.0 -9999.0 -9999.0 -9999.0 -9999.0 6.67978952129 13.6915390454 27.0944551054 13.3944037332 6.45926685083 12.6562947368 82.2198020761 139.160153776 11.4425501851 -9999.0 6.56395893261 -9999.0 -9999.0 -9999.0 -9999.0 23.4815401153 12.122427345 -9999.0 -9999.0 -9999.0 -9999.0 -9999.0 -9999.0 -9999.0 -9999.0 -9999.0 -9999.0 -9999.0 -9999.0 -9999.0 -9999.0 -9999.0 -9999.0 -9999.0 -9999.0 -9999.0 -9999.0 -9999.0 -9999.0 -9999.0 -9999.0 -9999.0 -9999.0 -9999.0 -9999.0 -9999.0
-9999.0 -9999.0 -9999.0 -9999.0 -9999.0 -9999.0 -9999.0 -9999.0 7.90205317719 21.7658459716 28.1515160052 34.6905806537 46.7835828668 6.06332146766 24.1078796459 29.9005351162 186.16991285 7.15608089736 5.38426519488 12.2991620447 17.8140483929 5.76144915272 -9999.0 57.4968926601 47.068213055 11.9698611569 -9999.0 -9999.0 -9999.0 -9999.0 -9999.0 -9999.0 -9999.0 -9999.0 -9999.0 -9999.0 -9999.0 -9999.0 -9999.0 -9999.0 -9999.0 -9999.0 -9999.0 -9999.0 -9999.0 -9999.0 -9999.0 -9999.0 -9999.0 -9999.0 -9999.0 -9999.0 -9999.0 -9999.0 -9999.0
-9999.0 -9999.0 -9999.0 -9999.0 -9999.0 -9999.0 8.01021502541 7.02993365755 6.59949870204 6.75424286621 6.88230300239 48.7273359975 102.127084685 108.602483542 112.665401648 3.32602051706 196.120583273 201.586150745 11.0985273129 5.65471893407 23.2156519018 40.1382911656 6.9485950805 78.924084349 5.81330349948 6.86858235099 5.98722740035 -9999.0 -9999.0 -9999.0 -9999.0 -9999.0 -9999.0 -9999.0 -9999.0 -9999.0 -9999.0 -9999.0 -9999.0 -9999.0 -9999.0 -9999.0 -9999.0 -9999.0 -9999.0 -9999.0 -9999.0 -9999.0 -9999.0 -9999.0 -9999.0 -9999.0 -9999.0 -9999.0 -9999.0
-9999.0 -9999.0 -9999.0 -9999.0 -9999.0 -9999.0 15.9795477084 23.3501407056 52.0349862125 71.5871177254 6.01719576698 6.36003620015 6.02104472885 17.4633288897 135.26686662 4.15932307666 206.895435413 227.810465614 16.351468915 10.6887027366 45.2418401866 5.54391182539 84.3587557975 10.9048684751 5.44481544688 12.1336672777 11.8258021627 5.92649374672 6.1156324536 5.98248404883 6.25992389097 12.5453439973 -9999.0 -9999.0 -9999.0 -9999.0 -9999.0 -9999.0 -9999.0 -9999.0 -9999.0 -9999.0 -9999.0 -9999.0 -9999.0 -9999.0 -9999.0 -9999.0 -9999.0 -9999.0 -9999.0 -9999.0 -9999.0 -9999.0 -9999.0
-9999.0 -9999.0 -9999.0 -9999.0 -9999.0 8.99938634643 17.1356414844 8.02091868578 15.3531323258 79.038025359 92.0263841389 104.960351497 346.184697339 5.78768829584 140.976450216 534.053941679 538.200055553 773.591883281 4.64810752327 15.7784626928 50.3812800008 5.09064157485 146.488592893 56.8468966509 35.1653714578 29.6456802254 5.78517289613 17.6376746714 17.8363787497 11.8931686676 5.7469263641 18.4670996038 5.67951379364 5.61757352179 -9999.0 -9999.0 -9999.0 -9999.0 -9999.0 -9999.0 -9999.0 -9999.0 -9999.0 -9999.0 -9999.0 -9999.0 -9999.0 -9999.0 -9999.0 -9999.0 -9999.0 -9999.0 -9999.0 -9999.0 -9999.0
-9999.0 -9999.0 -9999.0 -9999.0 -9999.0 9.03497642527 25.9112739989 51.3946922845 58.9560187316 116.247145214 123.225337821 145.336816742 235.409889482 365.36689418 377.840516317 383.591645638 9.893877482 791.747551643 801.276906762 827.398719551 1045.2084383 162.233579123 151.979803865 40.588882361 5.33173367383 33.6530334874 22.9342419731 5.095895286 23.1551811923 5.24391132966 10.8203467507 29.432609175 34.9220840827 11.0547851384 5.34200747569 5.36233552489 -9999.0 -9999.0 -9999.0 -9999.0 10.2766497175 9.58497514063 -9999.0 -9999.0 -9999.0 -9999.0 -9999.0 -9999.0 -9999.0 -9999.0 -9999.0 -9999.0 -9999.0 -9999.0 -9999.0
-9999.0 -9999.0 -9999.0 -9999.0 -9999.0 8.58591299029 8.03329038563 34.1500714244 41.9144868001 50.0208072238 7.55536203012 14.9062319714 85.2056663536 15.5043313731 6.87494873696 6.06385593427 5.31959991145 6.14692638187 5.85562098984 5.93369481033 1050.72748339 1066.1146193 5.05645481407 15.5873379313 10.607208397 38.7914191484 10.2950791253 4.9789817244 28.5220915989 10.2379902871 24.801125432 61.227016573 56.6093310685 16.2734558509 15.8419167033 5.45347481802 5.40181968817 -9999.0 -9999.0 5.42150298435 19.7429652855 49.2331511789 9.97717770844 -9999.0 -9999.0 -9999.0 -9999.0 -9999.0 -9999.0 -9999.0 -9999.0 -9999.0 -9999.0 -9999.0 -9999.0
-9999.0 -9999.0 -9999.0 -9999.0 -9999.0 -9999.0 9.06182681509 9.14379633965 16.8052765657 24.8492495071 55.4800848048 70.7737576518 78.5573587367 8.54493688288 6.02683164084 81.7670460988 99.7075757919 105.275140435 128.888674148 134.254196507 5.30693058709 1071.46660562 1095.53879016 18.8745594593 1.39645585277 42.5760762947 95.7896280328 38.3104050839 9.77478299007 4.94791729048 95.6881265356 66.2618627588 4.80450300338 4.92687746858 20.8547390828 15.9797940462 5.02959661394 4.95594976573 5.25741738988 10.580059482 5.07863026806 59.6664102837 64.4691403859 4.60833147903 -9999.0 -9999.0 -9999.0 -9999.0 5.16479648626 4.91472058337 1.60780565098 -9999.0 -9999.0 -9999.0 -9999.0
-9999.0 -9999.0 -9999.0 -9999.0 -9999.0 -9999.0 -9999.0 8.5702358484 6.85266683928 15.2722850944 23.3798737896 7.7020522754 6.81210866433 43.3071929434 56.4620268054 69.9415947876 6.24733284321 12.2783970983 6.04832507143 139.809578546 326.132372517 335.903148264 1444.70616472 4.94307841943 4.49007629517 1.34434773572 100.558736759 4.81177631085 14.8089247979 4.85246019472 100.422672334 105.161448542 9.66147200509 9.73134275389 52.2294736821 26.2047493352 10.1582623447 5.16558776209 10.5068803994 15.7576430143 25.5868948112 4.71676475431 73.4215010752 77.4936059627 3.70212897539 3.92597721077 4.11177702861 3.76551614177 3.59039043138 14.2579141442 5.72654486486 3.64437940468 -9999.0 -9999.0 -9999.0
-9999.0 -9999.0 -9999.0 -9999.0 -9999.0 -9999.0 -9999.0 -9999.0 15.5977711354 21.6835697734 7.58454488722 15.5630050855 22.7492525832 37.1339452707 7.34458563736 6.95806530137 5.90617019606 5.97734348937 5.41505976097 175.074263143 6.13000054032 11.9401204732 1466.77030159 1480.70690835 4.9254525169 14.2585139517 119.33743134 9.50967101288 19.1919191872 9.00386838152 13.3764433365 123.595369094 14.101545937 75.6889972667 61.6070350623 4.804914068 25.1534816937 10.1284688662 15.3757029641 4.87161698569 30.2803953251 39.2822725177 42.8556213847 46.2636865438 91.4510261537 7.03392087265 7.42451775927 6.8560766401 6.47902884288 17.7768301354 3.78622787328 13.2349729386 16.7319775967 -9999.0 -9999.0
-9999.0 -9999.0 -9999.0 -9999.0 -9999.0 -9999.0 -9999.0 -9999.0 8.42269190338 38.2450047532 45.5825525601 7.3351896958 14.2993059321 6.94743163997 6.38316201338 6.27180626003 78.5281785227 103.938723548 132.501663004 164.44633273 7.83695234484 5.94550742109 5.65265159071 1512.59739929 1530.63808288 1536.61762068 162.614659787 38.0386275883 33.22972863 4.25448000866 17.5279298713 145.379739143 4.23791589938 79.9958288981 4.70470305142 32.6890376962 30.1875230483 4.89887823751 20.2150512088 9.68677019422 14.3883191364 4.22101695643 3.25143510515 49.6336373858 52.7225575961 94.5323340461 10.7148797124 10.0039652484 9.57357648533 21.7267908327 29.363500255 3.80727176972 20.3749423289 3.9243672368 7.49103243403
-9999.0 -9999.0 -9999.0 -9999.0 -9999.0 -9999.0 -9999.0 -9999.0 -9999.0 8.7157499503 53.4033812852 60.5425262843 21.2760633326 35.0607351883 47.776868799 54.1239304149 6.52136659905 19.4834448428 12.936653713 6.69980285856 6.58648501422 5.82290988275 11.475212558 19.4196369722 7.72080147915 1713.76429854 1718.9021162 4.79084246691 3.8364641487 8.63542235879 12.913955885 157.996399808 8.40030359247 83.9154776175 50.1405049469 41.3537065393 4.68885093001 9.49862948208 24.6876106955 4.45649494373 18.7145686962 8.46457408475 4.74834034723 1.12447379586 57.9044167954 155.016514139 13.0645243479 12.4139756752 12.7024361258 3.24087884589 32.5928119967 3.15829519336 27.3897650613 3.5156868324 11.0525405797
-9999.0 -9999.0 -9999.0 -9999.0 -9999.0 -9999.0 -9999.0 -9999.0 -9999.0 -9999.0 7.1886301726 75.0363797738 6.9286765679 13.7848108053 19.8876234518 31.8754662956 6.10366861931 12.8162673194 6.27341495014 5.92754332289 5.62611376261 11.1799482827 5.04482669034 5.38054349143 10.8886537142 6.4003229686 1725.51625348 1736.08738419 1750.52945783 17.076044678 4.32105462374 8.61033304497 162.400827871 155.248101088 59.2157534608 4.48675057105 18.7180567053 14.0914501825 29.1722468363 8.92002432504 35.8643150027 12.7523620875 7.94670622992 0.30721998071 1.26338456425 158.032112646 160.940083287 188.984841335 22.8056509754 6.67120070142 36.0589049043 42.6031071183 73.0982935868 6.89083626437 3.29352564322
-9999.0 -9999.0 -9999.0 -9999.0 -9999.0 -9999.0 -9999.0 -9999.0 -9999.0 -9999.0 -9999.0 3.91721803231 82.7025638366 6.49902994793 12.5006264331 56.3247902075 6.20996236727 6.14599533411 5.57853969633 11.7896637884 5.90254758057 22.9210440106 33.1645737968 37.9573291133 15.3984989978 19.7528046081 4.99752347954 5.89054951807 6.38719459813 1779.82536926 1793.04669495 166.269068426 163.030273644 159.181465578 8.03930702685 3.93818868752 22.9511316725 60.6217718368 33.4466608679 13.1658949403 53.1027235243 13.5556334105 9.67153068068 0.631565953832 0.273979082737 0.310624624701 0.632751698047 193.026036896 224.812105314 3.23108144339 3.01108498329 3.2601807417 76.3233581137 86.1962145941 5.7765282175
-9999.0 -9999.0 -9999.0 -9999.0 -9999.0 -9999.0 -9999.0 -9999.0 -9999.0 -9999.0 -9999.0 3.69117969203 91.2792305943 111.858031788 6.13396628676 68.4623132885 5.73690612816 5.50165343713 11.2531687162 28.823101528 5.68104677159 5.95565288081 5.0227507429 47.9754216084 52.7755844003 77.7236803963 86.6718640092 90.6257300523 95.334717426 100.609178786 1899.5980623 2073.21599044 2243.53714039 2248.31802252 3.72737877977 4.00217718911 69.1085176885 64.899448583 4.20054196499 4.15557124472 57.0551258569 74.6685622482 3.04653656011 23.5456649516 22.1052808982 1.72814233663 1.09447930399 1.92778181898 2.95198995365 230.249693287 2.7137694329 8.56549535926 10.7937535363 101.999897474 108.20398355
-9999.0 -9999.0 -9999.0 -9999.0 -9999.0 -9999.0 -9999.0 -9999.0 -9999.0 -9999.0 -9999.0 7.57827762466 14.3759161592 118.461573156 130.061524828 5.83474196857 83.6285056617 4.88260479317 15.2119542364 33.9712618508 10.9821931797 5.27964119652 10.8669513814 4.57241269102 8.95399250318 4.50524536642 3.6983595619 2.05481639081 1.42099638103 1.05997031756 0.89238879688 1.75011697089 3.02874373251 4.99500881671 2261.97968507 83.0348968841 75.821444695 3.20809460053 12.0965138236 3.16429421483 2.74054558085 78.4869699736 113.054378354 27.6441795565 21.4775794191 1.06088209017 0.406776680799 0.34641860153 2.48457923823 235.57783718 241.034255785 2.83747907332 2.93698545369 1.55062002924 0.45843991066
-9999.0 -9999.0 -9999.0 -9999.0 -9999.0 -9999.0 -9999.0 -9999.0 -9999.0 -9999.0 -9999.0 -9999.0 6.3103650135 87.8858192228 224.106396047 242.546867589 332.650647213 341.959033913 79.636604546 55.6480668826 16.3610712951 5.21206728382 21.1629961141 26.1450915863 39.6776425015 9.19650727164 8.16019293092 6.58543613162 12.4229438817 5.41289126892 4.81731249075 2.21157832739 0.450000598821 0.748821006051 2266.1819933 2353.07488617 2357.67194886 3.24126063757 32.6139088474 13.9743055179 4.10108441933 125.446613423 8.65230910858 4.44506111299 17.1967644887 2.53154585546 2.23493392914 4.22776074415 6.49271165983 9.15257715919 245.727611733 2.23204859417 2.0054431671 2.00803051234 1.20761059982
-9999.0 -9999.0 -9999.0 -9999.0 -9999.0 -9999.0 -9999.0 -9999.0 -9999.0 -9999.0 -9999.0 6.96130569229 67.2816676867 81.3791345623 12.6378399107 4.11555381756 8.9630573025 356.327279442 363.484379976 452.101504163 4.74156592718 9.90865944152 4.45749582143 4.52900538484 44.1509938367 57.81096198 70.2458007574 4.18591209935 16.6415920189 26.1942264009 14.9618693035 6.20985777337 2.97507354596 1.51572803401 1.76828074738 1.16465282881 2361.30213701 2364.27826879 2402.14017049 7.02931107508 3.71160251637 131.724870894 9.42076671111 4.8068023355 5.09325211591 5.04212341565 4.63940032332 6.94213545824 21.84713263 33.870700192 281.893227212 1.76300516134 5.31523750964 3.60464467547 2.68169898768
-9999.0 -9999.0 -9999.0 -9999.0 -9999.0 -9999.0 -9999.0 -9999.0 -9999.0 -9999.0 -9999.0 7.1563026985 47.2110407274 7.27691964681 6.20593894659 32.7768957259 38.1651369397 43.6018801584 48.740487311 601.470697504 606.00476223 615.309527006 680.712946626 692.452738148 698.26519528 702.85064546 778.453253298 787.060004451 791.302336958 821.47657828 840.88967669 844.920970062 853.506837445 5.29294513791 2.98363759266 0.293957791755 0.531703410436 2367.03778939 2414.86590966 10.1674455859 160.383199399 156.294165704 17.8569567133 4.28685234759 4.36425317242 4.25256677396 4.20950089819 8.44647556475 12.0357352739 3.38907343332 284.111319798 286.452359646 297.424311611 299.396355891 303.95002425
-9999.0 -9999.0 -9999.0 -9999.0 -9999.0 -9999.0 -9999.0 -9999.0 -9999.0 -9999.0 -9999.0 24.6053811376 32.4229095288 14.6655004539 21.4241889651 6.6297347961 75.4230180815 81.1010343509 92.3600384908 95.4143461872 35.7671569286 657.770509493 661.704629347 2.54484056153 1.2282731291 0.693265131308 2.17082686709 0.942501668669 0.465649620525 0.441363236216 0.767574384901 846.759932447 855.920412612 865.936442062 873.07404856 875.63866618 0.732194544166 0.399421324863 2584.47102678 167.13610326 164.683685143 3.92263942103 3.72692962806 3.4767367912 7.95250534275 7.85183728483 3.6786452193 3.69765540332 3.45708649214 6.79778283016 9.01800259467 1.68934859479 3.10454158775 0.981659574455 0.161166405566
-9999.0 -9999.0 -9999.0 -9999.0 -9999.0 -9999.0 -9999.0 -9999.0 -9999.0 -9999.0 -9999.0 -9999.0 16.7136182367 7.64607777884 6.83579169423 64.101733091 69.9949876259 5.9556189589 23.1614624201 28.1912542768 31.7510525523 4.4241837741 3.10873715435 89.4132333347 91.8366943313 93.8052762607 263.091796522 263.946821225 264.813689218 278.377492508 281.147104128 281.511919331 0.411332849757 0.440757278768 0.765369825615 879.927229223 1.24053955284 2614.32813445 2611.41611819 24.98628071 22.2576509211 15.0089162381 3.75746278933 6.93386345952 11.5367815281 11.4448842055 7.21356902106 3.569476313 6.95585686902 6.90753053075 12.0930729999 2.05025362589 4.84041707091 7.74085636004 8.07148951415
