data/baseflow/mHMbf_acc595.asc
ncols                  80
nrows                 72
xllcorner      4374000.0
yllcorner      5656000.0
cellsize            500
NODATA_value       -9999
[rows 0 to 24 of 72, columns 0 to 54 of 80]
-9999.0 -9999.0 -9999.0 -9999.0 -9999.0 -9999.0 -9999.0 -9999.0 -9999.0 -9999.0 -9999.0 -9999.0 16.4005249052 16.5548215388 -9999.0 -9999.0 -9999.0 -9999.0 -9999.0 -9999.0 -9999.0 -9999.0 -9999.0 -9999.0 -9999.0 -9999.0 -9999.0 -9999.0 -9999.0 -9999.0 -9999.0 -9999.0 -9999.0 -9999.0 -9999.0 -9999.0 -9999.0 -9999.0 -9999.0 -9999.0 -9999.0 -9999.0 -9999.0 -9999.0 -9999.0 -9999.0 -9999.0 -9999.0 -9999.0 -9999.0 -9999.0 -9999.0 -9999.0 -9999.0 -9999.0
-9999.0 -9999.0 -9999.0 -9999.0 -9999.0 -9999.0 -9999.0 -9999.0 -9999.0 -9999.0 -9999.0 -9999.0 33.2787563306 78.9573722567 13.9066437971 -9999.0 13.8838688053 -9999.0 -9999.0 -9999.0 -9999.0 -9999.0 -9999.0 -9999.0 -9999.0 -9999.0 -9999.0 -9999.0 -9999.0 -9999.0 -9999.0 -9999.0 -9999.0 -9999.0 -9999.0 -9999.0 -9999.0 -9999.0 -9999.0 -9999.0 -9999.0 -9999.0 -9999.0 -9999.0 -9999.0 -9999.0 -9999.0 -9999.0 -9999.0 -9999.0 -9999.0 -9999.0 -9999.0 -9999.0 -9999.0
-9999.0 -9999.0 -9999.0 -9999.0 -9999.0 -9999.0 -9999.0 -9999.0 -9999.0 -9999.0 15.1046105367 14.6781764522 15.966611125 15.8809516379 108.107527415 120.897353979 37.6121128958 11.9511640408 -9999.0 -9999.0 -9999.0 -9999.0 -9999.0 -9999.0 -9999.0 -9999.0 -9999.0 -9999.0 -9999.0 -9999.0 -9999.0 -9999.0 -9999.0 -9999.0 -9999.0 -9999.0 -9999.0 -9999.0 -9999.0 -9999.0 -9999.0 -9999.0 -9999.0 -9999.0 -9999.0 -9999.0 -9999.0 -9999.0 -9999.0 -9999.0 -9999.0 -9999.0 -9999.0 -9999.0 -9999.0
-9999.0 -9999.0 -9999.0 -9999.0 -9999.0 -9999.0 -9999.0 -9999.0 -9999.0 14.3600312773 29.649863583 59.0051435002 30.2952224187 14.5446765301 28.3964294643 134.266825313 197.160739881 12.7740618043 -9999.0 15.5459960249 -9999.0 -9999.0 -9999.0 -9999.0 25.9680038044 13.4346374136 -9999.0 -9999.0 -9999.0 -9999.0 -9999.0 -9999.0 -9999.0 -9999.0 -9999.0 -9999.0 -9999.0 -9999.0 -9999.0 -9999.0 -9999.0 -9999.0 -9999.0 -9999.0 -9999.0 -9999.0 -9999.0 -9999.0 -9999.0 -9999.0 -9999.0 -9999.0 -9999.0 -9999.0 -9999.0
-9999.0 -9999.0 -9999.0 -9999.0 -9999.0 -9999.0 -9999.0 -9999.0 18.3195405335 49.1353117061 63.548955494 77.9614864369 103.279259795 13.2447809661 54.2606157724 66.9845777801 288.045339481 11.8915191843 11.6169423092 28.4794831932 41.3081211414 13.6779783546 -9999.0 64.558322342 53.1531471745 13.9206735609 -9999.0 -9999.0 -9999.0 -9999.0 -9999.0 -9999.0 -9999.0 -9999.0 -9999.0 -9999.0 -9999.0 -9999.0 -9999.0 -9999.0 -9999.0 -9999.0 -9999.0 -9999.0 -9999.0 -9999.0 -9999.0 -9999.0 -9999.0 -9999.0 -9999.0 -9999.0 -9999.0 -9999.0 -9999.0
-9999.0 -9999.0 -9999.0 -9999.0 -9999.0 -9999.0 16.9060202737 15.0241655492 14.7299982773 15.2125600115 15.9147528651 110.169737476 228.417139463 242.902075659 254.2841077 10.9723916479 311.50132114 323.41392693 24.5188561401 12.8369260514 53.8056544873 93.8691247769 13.42121988 105.3115642 14.2924040428 14.0872380594 15.1731407407 -9999.0 -9999.0 -9999.0 -9999.0 -9999.0 -9999.0 -9999.0 -9999.0 -9999.0 -9999.0 -9999.0 -9999.0 -9999.0 -9999.0 -9999.0 -9999.0 -9999.0 -9999.0 -9999.0 -9999.0 -9999.0 -9999.0 -9999.0 -9999.0 -9999.0 -9999.0 -9999.0 -9999.0
-9999.0 -9999.0 -9999.0 -9999.0 -9999.0 -9999.0 34.5971238999 51.1297272427 115.397053419 159.366021146 13.5275252023 14.0458690923 13.4499486588 39.948415133 306.087607762 10.358682876 335.641627598 384.466373607 37.6112960702 23.8582053726 105.46403044 13.0652063891 118.191862461 25.7479096445 12.9077079739 26.3910208015 30.1857529568 15.6677826633 16.1635454061 15.577172634 17.300497077 34.6194922236 -9999.0 -9999.0 -9999.0 -9999.0 -9999.0 -9999.0 -9999.0 -9999.0 -9999.0 -9999.0 -9999.0 -9999.0 -9999.0 -9999.0 -9999.0 -9999.0 -9999.0 -9999.0 -9999.0 -9999.0 -9999.0 -9999.0 -9999.0
-9999.0 -9999.0 -9999.0 -9999.0 -9999.0 19.7922259046 37.9619109543 18.0234277554 34.9495499631 176.957654252 207.123822918 236.51625673 798.414338259 13.6710646589 319.10468819 1227.69034244 1237.69257756 1640.4843288 11.5107227724 34.9536438744 117.126665354 11.4810373472 265.631867162 135.054714979 83.6705589529 70.3612680554 14.6506834206 46.2222710482 46.7436906854 31.0686586644 15.3779932595 50.5893385979 15.5392154183 15.1850409038 -9999.0 -9999.0 -9999.0 -9999.0 -9999.0 -9999.0 -9999.0 -9999.0 -9999.0 -9999.0 -9999.0 -9999.0 -9999.0 -9999.0 -9999.0 -9999.0 -9999.0 -9999.0 -9999.0 -9999.0 -9999.0
-9999.0 -9999.0 -9999.0 -9999.0 -9999.0 20.2141325886 58.5861436835 115.678042554 133.373002206 266.263778128 282.593779631 334.752667506 548.721742786 842.418962087 872.185674387 886.251265504 24.0882757315 1684.66967391 1707.48207545 1766.64079941 2198.86430091 302.497238371 278.958376689 96.6375828042 12.8518336726 85.5221274566 59.0888823771 12.103966264 60.3779688987 13.6429875407 28.8284262198 80.0160120921 94.6739555082 29.4716314217 14.4798764327 13.8517835633 -9999.0 -9999.0 -9999.0 -9999.0 12.1169245761 11.1257259524 -9999.0 -9999.0 -9999.0 -9999.0 -9999.0 -9999.0 -9999.0 -9999.0 -9999.0 -9999.0 -9999.0 -9999.0 -9999.0
-9999.0 -9999.0 -9999.0 -9999.0 -9999.0 19.3602128645 18.4700116371 78.9151382127 97.0847025352 115.969674638 17.829416945 35.1588333708 202.457167267 35.5098840131 16.4968526745 14.4959444605 12.6358702046 15.0697232772 14.1311078368 14.2164815161 2212.57986103 2248.05466874 11.6404013881 36.8510352028 25.5132804593 97.6953474685 24.6339918412 11.5947180889 74.3606768195 26.4349970836 64.5446086336 164.752220509 152.731823462 43.611549115 42.0643612767 14.5637490446 14.2141230818 -9999.0 -9999.0 13.7750853966 25.525551142 59.9527498261 11.7393460787 -9999.0 -9999.0 -9999.0 -9999.0 -9999.0 -9999.0 -9999.0 -9999.0 -9999.0 -9999.0 -9999.0 -9999.0
-9999.0 -9999.0 -9999.0 -9999.0 -9999.0 -9999.0 20.7692167073 21.1904660419 39.6729615097 58.6175027666 132.335327245 168.784236754 186.738712575 18.6472023213 14.2914666478 197.060609288 240.418564147 253.517074686 309.543086755 321.658132241 12.3184874817 2260.69072445 2321.11384941 48.060191573 8.66651142346 108.215387648 240.358726718 97.0688870578 23.4077351738 11.7729051725 253.512610777 177.449329037 12.1946252051 12.1099971575 54.5880573787 41.8305771502 12.8192609542 11.9357738094 13.0249991389 26.3985086836 12.1051926934 72.5504620912 83.868847362 10.2763428113 -9999.0 -9999.0 -9999.0 -9999.0 11.4501366022 10.6090102783 3.04065189115 -9999.0 -9999.0 -9999.0 -9999.0
-9999.0 -9999.0 -9999.0 -9999.0 -9999.0 -9999.0 -9999.0 20.3590742997 17.6083557846 37.2591441391 56.4649288867 18.3424217201 16.3993791166 104.739000963 136.383035545 169.398359678 15.467737474 29.2067263664 14.789651863 334.669880249 745.32477925 756.504484866 3101.19717701 11.7636627372 24.6778019147 7.45898145498 251.248763027 11.4651996579 35.4206205664 11.569037796 265.423452487 277.387704341 24.5613710534 24.1009002891 135.775555853 67.9106842294 24.9290652529 12.971871019 25.9015072314 39.0393945055 62.5667491298 11.0979327176 103.541414498 112.242083096 7.54431393932 8.29396748596 8.48873490596 7.44760628958 6.86347699385 30.4173221868 11.5369357316 7.20645187411 -9999.0 -9999.0 -9999.0
-9999.0 -9999.0 -9999.0 -9999.0 -9999.0 -9999.0 -9999.0 -9999.0 37.6499418005 54.0916201632 18.2229648854 37.3260338214 54.9512119271 89.9078886293 17.4975055542 16.699119682 13.817315969 13.9569266064 12.2681591254 383.649505075 15.2659853991 29.452788162 3142.04369909 3163.35730818 7.83929079141 40.6834502642 301.476937389 22.2207440606 45.4362503465 20.5441084319 30.4907062362 322.519614241 35.0549624126 192.78266672 158.640876259 11.8763247523 61.4447671384 24.9489948489 37.1519563513 11.07386867 73.0761052461 93.3450492935 100.497926495 107.155792032 140.116799643 14.1559644334 14.723609042 13.079029463 11.9507639055 36.8785682206 7.09396588765 26.0633930589 32.4596186318 -9999.0 -9999.0
-9999.0 -9999.0 -9999.0 -9999.0 -9999.0 -9999.0 -9999.0 -9999.0 19.9985624406 93.4945159949 111.104313903 17.5882734729 34.324126324 16.6726742702 14.8959599333 14.5995064259 190.345463186 253.152689183 310.800194913 371.432083263 14.6042964275 14.6243481612 12.5452375116 3221.4148893 3244.34224017 3251.98103688 399.595682738 88.8328472151 77.886045015 9.11306220173 39.6549934277 371.862006629 9.57152760719 202.629732618 11.113034202 79.7109339032 73.7301219613 11.6990395501 48.37199363 22.1694153377 32.8025723017 9.00695097006 6.49896442758 113.700713693 119.502146811 145.898166864 20.8972203845 18.8653862823 17.456425389 44.557743462 58.9710091218 7.19262662492 39.4234590064 7.57676376254 14.1627681366
-9999.0 -9999.0 -9999.0 -9999.0 -9999.0 -9999.0 -9999.0 -9999.0 -9999.0 20.6053036273 130.064648179 147.312579365 51.2373834142 84.9734197618 115.757983393 131.789419119 16.6694899501 48.6353849349 32.5202738598 17.1966616097 16.4794476321 14.302289881 28.0986446199 45.577701706 12.6997132062 3672.46641593 3680.48338681 7.17895402704 6.75663214449 18.5104168184 27.7545302526 399.785619741 18.6985077402 210.752133488 119.567093128 99.3273218339 10.6020793539 21.9178976849 58.0500604785 9.67239275412 41.9719657901 18.0455139586 10.7018169289 4.69201042758 134.360579102 284.736538433 24.8872908226 22.9630990915 22.9589027655 5.79347626863 64.6840928217 5.52459752469 52.368438386 6.4318936177 20.6131027631
-9999.0 -9999.0 -9999.0 -9999.0 -9999.0 -9999.0 -9999.0 -9999.0 -9999.0 -9999.0 17.7184960184 182.828520906 16.7071862904 33.520149621 48.5963509451 77.7932799773 14.8820388835 31.5795167517 15.4553627316 13.9263668371 13.1053772167 25.8144783892 11.3594610352 11.5304255924 20.617703591 10.9545193007 3689.5503872 3704.47380839 3727.28758018 36.457507735 9.42349810575 18.793308574 409.78059469 376.22991249 140.094256883 10.0856103307 42.5377714865 32.1332765825 67.7612470697 19.303864804 78.7219641172 27.2840386386 17.6689357218 3.35566285577 5.12352486848 291.197886033 296.632772366 348.953122621 41.4862779547 12.1202509615 70.9802189276 82.6548755349 140.410791783 12.6647100202 5.79356159047
-9999.0 -9999.0 -9999.0 -9999.0 -9999.0 -9999.0 -9999.0 -9999.0 -9999.0 -9999.0 -9999.0 9.61016100683 203.148749203 15.974323789 30.7784693594 137.484091596 14.8211808701 14.5284401444 12.455002418 27.2092365281 13.7141732224 53.0333864579 75.8333030261 85.9034773861 29.1431391544 35.1733470464 7.05369163038 9.84552577077 9.28416185087 3781.17826005 3806.96323585 417.719680407 392.683380449 384.576570339 16.5432269026 7.95294087176 51.4069552293 136.908989111 76.6482722435 28.0416217337 115.23815755 36.9414837826 28.9966424547 6.28362787974 2.24369305706 2.15457844059 2.77900687962 364.75072413 423.070380395 5.7697359924 5.13253205245 5.84966314625 146.085524079 164.043373792 10.1974467348
-9999.0 -9999.0 -9999.0 -9999.0 -9999.0 -9999.0 -9999.0 -9999.0 -9999.0 -9999.0 -9999.0 8.8468975672 224.229202538 274.941574088 15.0041934334 166.965331782 13.2791649314 12.4536865744 25.4256762441 66.0150032867 13.0079874491 14.0343333994 11.2260706606 107.866203783 118.318516231 164.961354994 180.895255507 189.372981054 196.473203728 203.42696483 4018.08317504 4449.31491049 4854.42097596 4859.9481516 6.25448544371 7.94651270487 154.761649455 145.90483437 8.69926612316 8.74951683693 124.459538276 170.103956574 6.72292455275 71.6023734986 66.2968531232 13.3835649562 6.40235677921 11.2339824241 6.25212592178 432.882336919 4.96993884727 15.5360114447 19.2248850111 195.161052677 207.808684407
-9999.0 -9999.0 -9999.0 -9999.0 -9999.0 -9999.0 -9999.0 -9999.0 -9999.0 -9999.0 -9999.0 18.7692009538 35.8449622377 291.45682302 319.107547057 14.006855747 192.698355887 11.0085221292 34.4521849504 77.7821903431 24.859603584 11.7663993414 24.4818239564 9.33508043781 18.3002957103 9.2015057757 8.3242560051 6.68619415568 6.18083500188 5.2302964341 4.6310819459 6.34620084832 7.78521252143 8.37240820022 4879.84740704 177.999742632 163.479245919 4.11772483718 24.3733441278 5.79926432837 5.12598589156 177.672875267 272.325561062 80.1144168761 61.1221602043 8.39973563047 3.14787747192 2.6441243039 7.04548430919 444.885070302 453.82711772 4.7129600456 4.82115887052 4.28114713804 2.78144684964
-9999.0 -9999.0 -9999.0 -9999.0 -9999.0 -9999.0 -9999.0 -9999.0 -9999.0 -9999.0 -9999.0 -9999.0 15.0465871891 219.067150038 553.237364826 599.830113341 805.447834298 817.647142327 172.460640491 126.77318295 36.9033968862 11.521909645 47.1229535882 57.8979204412 85.687290712 19.0204472979 17.2443168501 15.8476829023 30.8472584205 13.8270361586 12.8270066287 6.90962864415 3.96172810377 3.89001468672 4885.45950226 5068.24560647 5074.77751372 4.03447505804 59.9075823764 27.0222591781 8.18815133918 298.643349902 18.8488512831 9.86817620565 40.4274100787 8.00904911546 5.47771457596 9.92235661533 13.794354192 18.2583904466 461.175159861 3.41553929036 2.91980346885 2.92316030656 2.2536481819
-9999.0 -9999.0 -9999.0 -9999.0 -9999.0 -9999.0 -9999.0 -9999.0 -9999.0 -9999.0 -9999.0 17.3630126959 167.282719944 203.047405535 32.2781439846 10.0274166569 21.9833405081 852.458551709 863.731108143 1048.05496574 10.2737376794 21.653939774 9.27496981755 9.44932684143 94.9372118851 123.170781894 148.780148231 8.00582135922 38.7820792126 60.3438296974 34.5151346408 14.4176130625 9.93181756046 7.94060110949 7.38456655083 3.44433105024 5078.92527965 5082.01285704 5148.32507828 12.9880917307 7.03961471156 305.559744277 19.5194545283 10.1941507175 11.3073496624 11.2116599959 9.34837240607 15.3259194943 42.977194485 66.1136022707 530.829977716 2.5103909799 7.59853363122 5.17156199516 4.296272783
-9999.0 -9999.0 -9999.0 -9999.0 -9999.0 -9999.0 -9999.0 -9999.0 -9999.0 -9999.0 -9999.0 17.9104135828 118.009858306 18.4559099624 15.4658756882 83.4952875233 97.0483280205 110.483022672 122.217069639 1428.26307026 1439.49739058 1461.40701754 1620.72157147 1648.94440588 1664.11760026 1673.75130447 1840.05393218 1861.52848796 1870.07071641 1939.91028571 1983.6110653 1991.22629329 2014.81987611 14.9017330893 12.0859377275 2.15793179588 2.06079792657 5085.67395914 5168.91941252 17.6369514674 354.985958716 348.544216754 35.8138940099 8.38141148571 8.42711966747 8.06241562843 8.1401090196 16.365895338 22.7905986427 5.8836129378 534.161667864 537.742001266 553.537490295 556.413259596 563.388377483
-9999.0 -9999.0 -9999.0 -9999.0 -9999.0 -9999.0 -9999.0 -9999.0 -9999.0 -9999.0 -9999.0 61.3833029884 80.9557742237 37.0624192756 54.5561041403 17.2150263525 192.331188753 206.589060897 234.777063702 245.855880494 90.3504261348 1569.79350643 1579.8998504 8.82801369223 5.54155162893 4.88023048015 11.1169386171 5.47370444707 3.76178816017 3.3886130542 3.96385353748 1997.95944791 2022.02366462 2044.74287214 2063.28465173 2071.24352339 3.21473919274 1.00783642725 5536.72396753 364.924800847 361.873694804 7.32677315773 6.53727382346 5.70081498159 14.1890060389 13.8380680257 6.34679215544 6.42731209728 5.76223482572 11.4752824157 14.7301664189 3.1175393647 5.24191223713 1.67623541474 0.799200418225
-9999.0 -9999.0 -9999.0 -9999.0 -9999.0 -9999.0 -9999.0 -9999.0 -9999.0 -9999.0 -9999.0 -9999.0 41.5121434102 19.1642290789 17.1889324061 163.621885364 178.718389159 15.0544709033 56.9665189827 70.1104865491 81.1345121986 12.6318816126 8.01193172116 227.204902569 233.359422949 239.157272847 611.471143568 615.639352706 622.610511924 664.444982753 684.092959313 686.896994208 3.01848206182 3.30834072329 3.5160604233 2075.87152226 1.80727213734 5589.43671598 5586.25678334 46.8490415608 42.8331882345 26.9849872793 6.70159367591 11.4344387956 20.0387304582 19.6787226286 12.1713190228 6.08971275093 11.734542465 11.3876011962 19.5297855456 2.61661656042 7.54239772732 12.0399022967 13.7363056713
-9999.0 -9999.0 -9999.0 -9999.0 -9999.0 -9999.0 -9999.0 -9999.0 -9999.0 -9999.0 -9999.0 -9999.0 21.4656923312 58.9361320892 76.7917776917 129.776890798 14.6901109597 30.0989079252 44.0969170731 174.352046704 185.1854132 192.671737871 202.020482351 212.381075016 324.288582829 352.965897112 367.92353997 5.4958638868 33.9653587322 39.103685116 674.544807285 691.056832435 699.265697712 707.766901507 713.872085717 2792.34022221 5.29756984066 5602.42928103 4.86723851448 2.18855932389 36.1063153139 31.9716824928 4.02723431194 16.5516588318 25.1933364952 24.6947503608 16.7289283949 27.3808305027 43.2017912441 15.8919606537 39.5562754584 2.98357635421 3.81763828198 0.565843047613 0.448729106793
