data/baseflow/mHMbf_acc582.asc
ncols                  80
nrows                 72
xllcorner      4374000.0
yllcorner      5656000.0
cellsize            500
NODATA_value       -9999
[rows 0 to 24 of 72, columns 0 to 54 of 80]
-9999.0 -9999.0 -9999.0 -9999.0 -9999.0 -9999.0 -9999.0 -9999.0 -9999.0 -9999.0 -9999.0 -9999.0 17.026266737 20.2575826428 -9999.0 -9999.0 -9999.0 -9999.0 -9999.0 -9999.0 -9999.0 -9999.0 -9999.0 -9999.0 -9999.0 -9999.0 -9999.0 -9999.0 -9999.0 -9999.0 -9999.0 -9999.0 -9999.0 -9999.0 -9999.0 -9999.0 -9999.0 -9999.0 -9999.0 -9999.0 -9999.0 -9999.0 -9999.0 -9999.0 -9999.0 -9999.0 -9999.0 -9999.0 -9999.0 -9999.0 -9999.0 -9999.0 -9999.0 -9999.0 -9999.0
-9999.0 -9999.0 -9999.0 -9999.0 -9999.0 -9999.0 -9999.0 -9999.0 -9999.0 -9999.0 -9999.0 -9999.0 30.3442465673 85.911986817 18.0129751737 -9999.0 16.3561583701 -9999.0 -9999.0 -9999.0 -9999.0 -9999.0 -9999.0 -9999.0 -9999.0 -9999.0 -9999.0 -9999.0 -9999.0 -9999.0 -9999.0 -9999.0 -9999.0 -9999.0 -9999.0 -9999.0 -9999.0 -9999.0 -9999.0 -9999.0 -9999.0 -9999.0 -9999.0 -9999.0 -9999.0 -9999.0 -9999.0 -9999.0 -9999.0 -9999.0 -9999.0 -9999.0 -9999.0 -9999.0 -9999.0
-9999.0 -9999.0 -9999.0 -9999.0 -9999.0 -9999.0 -9999.0 -9999.0 -9999.0 -9999.0 12.5812245714 12.1353651361 12.7488438222 12.4640135168 109.477827301 125.84210636 45.2334454043 14.3647780962 -9999.0 -9999.0 -9999.0 -9999.0 -9999.0 -9999.0 -9999.0 -9999.0 -9999.0 -9999.0 -9999.0 -9999.0 -9999.0 -9999.0 -9999.0 -9999.0 -9999.0 -9999.0 -9999.0 -9999.0 -9999.0 -9999.0 -9999.0 -9999.0 -9999.0 -9999.0 -9999.0 -9999.0 -9999.0 -9999.0 -9999.0 -9999.0 -9999.0 -9999.0 -9999.0 -9999.0 -9999.0
-9999.0 -9999.0 -9999.0 -9999.0 -9999.0 -9999.0 -9999.0 -9999.0 -9999.0 12.0738199541 24.7759054908 49.1092742603 24.6020325319 11.9651083656 23.4411225191 137.138045379 215.14377671 16.1326894722 -9999.0 12.4058191435 -9999.0 -9999.0 -9999.0 -9999.0 30.7971836357 15.7322649589 -9999.0 -9999.0 -9999.0 -9999.0 -9999.0 -9999.0 -9999.0 -9999.0 -9999.0 -9999.0 -9999.0 -9999.0 -9999.0 -9999.0 -9999.0 -9999.0 -9999.0 -9999.0 -9999.0 -9999.0 -9999.0 -9999.0 -9999.0 -9999.0 -9999.0 -9999.0 -9999.0 -9999.0 -9999.0
-9999.0 -9999.0 -9999.0 -9999.0 -9999.0 -9999.0 -9999.0 -9999.0 13.3552097344 38.0146001821 49.6216172636 61.4000848117 85.1007638413 11.0848025352 44.6566124563 55.4904675125 300.284501354 13.6185379796 10.9663911559 23.2545263848 33.8633478803 11.0328814198 -9999.0 79.2516995861 64.7215861925 17.5802886193 -9999.0 -9999.0 -9999.0 -9999.0 -9999.0 -9999.0 -9999.0 -9999.0 -9999.0 -9999.0 -9999.0 -9999.0 -9999.0 -9999.0 -9999.0 -9999.0 -9999.0 -9999.0 -9999.0 -9999.0 -9999.0 -9999.0 -9999.0 -9999.0 -9999.0 -9999.0 -9999.0 -9999.0 -9999.0
-9999.0 -9999.0 -9999.0 -9999.0 -9999.0 -9999.0 13.0467648438 12.140499671 11.9523348436 12.1129980509 12.2289479837 86.0979781953 183.018580334 194.682055817 202.729982312 6.77988846741 318.725726609 329.048418565 21.0579446106 10.6648296747 44.2662917515 76.5888767705 12.5075760828 119.566692814 12.2913395185 13.7254942586 12.6063716902 -9999.0 -9999.0 -9999.0 -9999.0 -9999.0 -9999.0 -9999.0 -9999.0 -9999.0 -9999.0 -9999.0 -9999.0 -9999.0 -9999.0 -9999.0 -9999.0 -9999.0 -9999.0 -9999.0 -9999.0 -9999.0 -9999.0 -9999.0 -9999.0 -9999.0 -9999.0 -9999.0 -9999.0
-9999.0 -9999.0 -9999.0 -9999.0 -9999.0 -9999.0 26.1515792082 38.7944634403 88.3667033021 123.89366487 11.0845205737 11.4524361354 10.9782758322 31.2563216635 243.781151987 8.19760377116 338.0693593 375.068029822 29.6833055536 20.3044494224 86.400929272 10.5315041989 130.029148856 21.9966893859 11.405228767 24.9030600918 24.9348533384 12.0071516298 12.0179810206 11.771642176 12.4290106095 24.9053794394 -9999.0 -9999.0 -9999.0 -9999.0 -9999.0 -9999.0 -9999.0 -9999.0 -9999.0 -9999.0 -9999.0 -9999.0 -9999.0 -9999.0 -9999.0 -9999.0 -9999.0 -9999.0 -9999.0 -9999.0 -9999.0 -9999.0 -9999.0
-9999.0 -9999.0 -9999.0 -9999.0 -9999.0 13.9534250208 27.2064606461 13.1658360241 25.8286413374 136.676954649 159.965058013 183.116204696 579.908483157 9.6839944365 254.431339303 912.848598087 919.44765764 1305.86119691 7.17408700787 29.6168079768 96.2883036247 9.81511479871 255.167870447 114.948737961 72.2842629363 61.1404632807 12.1808049979 35.8534018557 35.1062979698 23.4076678071 11.4628452731 36.7077282556 11.4456048164 11.3198975281 -9999.0 -9999.0 -9999.0 -9999.0 -9999.0 -9999.0 -9999.0 -9999.0 -9999.0 -9999.0 -9999.0 -9999.0 -9999.0 -9999.0 -9999.0 -9999.0 -9999.0 -9999.0 -9999.0 -9999.0 -9999.0
-9999.0 -9999.0 -9999.0 -9999.0 -9999.0 14.0022155628 40.9830165778 81.6154038419 94.439160173 187.995192342 200.119375298 237.834983244 386.796986554 608.86057478 630.748184291 640.552960192 17.8898398585 1336.99975759 1352.27826326 1400.88206834 1790.98134512 284.79200618 265.625462099 82.6481632395 10.2553233483 69.3509793317 47.0973611522 10.8881552638 45.5885836338 9.14953174738 20.2219723961 57.7086514908 68.5938412511 22.1020697203 11.1165291236 10.8926064256 -9999.0 -9999.0 -9999.0 -9999.0 15.2311727358 13.6730520138 -9999.0 -9999.0 -9999.0 -9999.0 -9999.0 -9999.0 -9999.0 -9999.0 -9999.0 -9999.0 -9999.0 -9999.0 -9999.0
-9999.0 -9999.0 -9999.0 -9999.0 -9999.0 13.6365344682 13.2449444701 54.6834915884 67.6635273891 81.0147424263 12.779380431 25.3512461877 141.040290618 23.3722600872 11.9853631563 11.1016951187 9.97776925319 10.1098626416 9.68428151586 10.8548750231 1800.20928036 1829.77320739 9.75667848113 30.0891100834 20.4411052455 79.5377638364 21.7739301398 10.6901592123 56.4182179074 18.482642039 45.1867420333 121.463269922 112.483117148 33.1532972768 33.3460854328 11.0738323653 11.1416039552 -9999.0 -9999.0 11.1971189517 31.4530978779 73.8089527224 14.5189451976 -9999.0 -9999.0 -9999.0 -9999.0 -9999.0 -9999.0 -9999.0 -9999.0 -9999.0 -9999.0 -9999.0 -9999.0
-9999.0 -9999.0 -9999.0 -9999.0 -9999.0 -9999.0 14.1811084241 14.1819757998 27.3927493449 40.7644135936 91.8379939429 117.76046414 129.35369835 11.3613045994 10.6534096941 143.32770741 176.256041177 186.665476084 229.882601103 239.983644944 10.1000979533 1839.92501697 1886.92498996 37.0260775126 3.57409101537 87.3154881955 196.561749109 77.409028142 19.6682078349 9.69785238222 185.832200533 131.424922945 10.144427232 9.86844863631 43.4769321919 32.4938525919 11.0035045818 10.9692428768 10.9152283348 21.9086393427 10.6182854259 89.7805949508 100.917588535 10.8951637196 -9999.0 -9999.0 -9999.0 -9999.0 12.2696282465 11.820473895 3.05358697147 -9999.0 -9999.0 -9999.0 -9999.0
-9999.0 -9999.0 -9999.0 -9999.0 -9999.0 -9999.0 -9999.0 13.9400953166 11.5732551186 25.1571075355 38.5278892455 13.0642844129 10.848484177 73.788398097 97.7289779705 121.978658921 11.3743590969 22.184143763 10.970069948 250.24692725 580.229636151 594.719646359 2505.27181977 9.61726115291 11.3583719187 3.48923161625 206.300749453 9.72286953266 29.4835236668 9.66711351227 195.864881615 205.736224145 20.1888904284 19.6932284515 107.77249267 53.924359081 21.5735508819 10.7463833032 21.8224972157 32.6638352181 54.022166443 10.9283160751 123.011101508 134.075086132 10.5974338132 11.0294813038 11.3412373532 10.8357907111 10.5347935209 34.9338197738 13.1111699334 8.68507801884 -9999.0 -9999.0 -9999.0
-9999.0 -9999.0 -9999.0 -9999.0 -9999.0 -9999.0 -9999.0 -9999.0 25.4521910245 36.2125690375 13.0249057346 26.3835466211 38.9063133487 62.7629997564 12.5105000868 12.196877574 10.7966160993 10.9473815939 10.1784102347 309.03314493 11.1492179095 21.8440090316 2544.24996179 2576.09749368 13.3611307313 37.5293781757 253.694773081 19.0042466791 38.6184470637 18.9515324785 27.9094854423 244.471721506 29.4720453372 155.546305467 126.455760052 8.94863374028 52.137444215 20.8439372868 31.8623320454 9.99881042987 64.5492181399 86.1926795189 96.5226787957 106.566649516 175.200367393 20.6700741293 21.3225147281 20.4634355276 19.832348627 44.7550497711 9.72485273593 31.6649477736 40.6847302703 -9999.0 -9999.0
-9999.0 -9999.0 -9999.0 -9999.0 -9999.0 -9999.0 -9999.0 -9999.0 13.7850582961 63.4436291082 76.2077992457 12.786599084 25.0791240592 12.2832907798 11.5616978456 11.3641121391 141.370229902 189.772174403 240.583176488 293.593711226 13.5044603955 10.8899594049 12.6458534571 2638.44721414 2676.9441473 2692.51130954 344.959877394 77.8190995919 67.5068628625 9.41319094762 37.1756366734 291.026844421 9.47913992517 165.056134614 9.36556512457 66.2942008749 62.376437001 9.97236315913 41.8250683801 19.9208980839 29.8207490404 10.4655889033 9.78065999293 116.543743054 126.200868757 184.831405896 31.2663495943 30.1741324753 29.4138688224 54.7049482517 74.199123791 9.70113781923 49.5179698796 8.83827330214 17.1856615505
-9999.0 -9999.0 -9999.0 -9999.0 -9999.0 -9999.0 -9999.0 -9999.0 -9999.0 13.9233706309 89.4338330876 102.075567211 37.4718004133 62.0307452029 85.1942081702 96.8178253799 11.8258045102 37.4954454701 24.7220188077 12.1747294147 11.9516869671 11.2759738192 22.6240817803 39.2973231823 17.4814300805 3072.07161879 3086.4114841 13.1227193303 9.70618492589 18.2562607549 27.133416053 318.342249677 18.3221152002 174.039268548 102.20094206 83.911748788 9.63519241199 19.4531122477 51.2315167895 9.35474533278 39.1195144924 19.8888852281 15.3413133138 4.61931657292 144.959940594 338.679097732 39.7497901307 38.7116042226 38.3581732162 8.86565743071 83.0198548532 8.70459389422 67.3877239173 8.2156169892 25.458475973
-9999.0 -9999.0 -9999.0 -9999.0 -9999.0 -9999.0 -9999.0 -9999.0 -9999.0 -9999.0 12.6210607297 126.860877056 12.1254061273 23.8023920838 35.0969369412 58.6171669405 12.5147104259 25.5654925145 12.6896424447 12.1522222305 11.5239746459 22.9045036995 10.8376325538 12.299223247 26.7562238167 16.0339340837 3103.1101276 3131.59229003 3169.46292107 37.0978673736 8.91872527607 17.7660377191 327.345702712 321.79362646 120.725216189 9.21482475421 38.4199686251 28.9139452354 60.663952373 18.7507667244 77.730047005 29.2073121462 23.3440212586 2.10273579951 4.94870234049 348.088878042 357.39817481 444.605426826 65.1426928379 17.9091311599 92.3189062232 110.062138791 185.847846069 16.4213581826 7.75038619361
-9999.0 -9999.0 -9999.0 -9999.0 -9999.0 -9999.0 -9999.0 -9999.0 -9999.0 -9999.0 -9999.0 5.45327170963 138.150110196 11.2945120657 22.4793327115 104.950191053 12.4989271209 12.4441813212 10.777412742 22.9601873675 10.7521411239 44.3419711772 65.5398672594 75.8166126076 37.3074828273 49.9810320255 14.2895089803 14.7071988119 15.0236925623 3231.33022093 3259.76806134 335.850810897 339.034354978 330.450297846 18.3517209999 8.98268574468 47.2892780998 125.886244998 69.7487402822 27.8087400079 114.558350441 39.5226449386 30.8242610523 3.92911576906 1.8900737772 2.32374956222 3.53387785564 461.541131234 552.188082461 8.43284599319 8.20460019214 8.12667815806 193.607724775 217.332644459 14.0655198214
-9999.0 -9999.0 -9999.0 -9999.0 -9999.0 -9999.0 -9999.0 -9999.0 -9999.0 -9999.0 -9999.0 5.64975100899 152.271440423 189.161443681 11.3210017566 127.867339617 11.7310971621 11.1976507608 21.2982091421 54.9324503197 10.5347557858 10.9673877939 10.3186816319 96.7686697498 106.77906385 166.769306351 190.285141179 200.362305496 213.13101639 225.219229598 3499.57705808 3855.93008922 4216.37169248 4229.29086078 9.90289686254 8.63744339477 143.646987201 134.846176183 8.92214713928 8.3098391244 122.184283081 170.654342528 7.2996067451 62.1326547017 57.871554782 9.47916124378 6.02543271009 9.73729855751 8.84792490393 569.810528937 8.95841061019 24.2300256661 31.9696396833 266.376656347 282.147999515
-9999.0 -9999.0 -9999.0 -9999.0 -9999.0 -9999.0 -9999.0 -9999.0 -9999.0 -9999.0 -9999.0 13.1668630795 25.4406942948 201.202409444 223.079890038 11.0181742357 155.892274577 10.7113954571 32.052085386 65.0637627065 20.6086373244 10.0444437009 20.6477005177 9.98771617193 18.874804066 8.85962437087 7.52360858905 4.71223463281 3.62713426972 3.29614209283 3.40201279754 5.7173368189 8.82116389998 13.10644499 4265.47967761 186.46277393 166.361070064 10.6531568865 25.8640748236 6.34211569526 4.98033000678 179.211820531 266.560315198 71.3112733233 54.0968922517 5.03428464788 2.37671454143 2.17531259529 9.30321342019 587.988706755 606.010599388 9.20552750238 9.16208118327 5.72639735381 2.00965184453
-9999.0 -9999.0 -9999.0 -9999.0 -9999.0 -9999.0 -9999.0 -9999.0 -9999.0 -9999.0 -9999.0 -9999.0 11.7206683053 155.765978307 390.273935115 424.074643266 591.727256254 607.678293142 153.538224034 106.053199775 30.8344560889 9.94563298665 40.2931836878 49.8718406883 77.7050493404 18.0119896526 16.3140609532 13.6052940406 25.9723159079 11.9352189525 11.4091184556 5.08033780035 1.74297469041 3.05817265805 4276.47036402 4469.59651219 4483.24827367 11.6053426158 77.1349062057 28.9882930439 8.97147822518 294.095365772 19.1710053597 9.83223864164 38.0653490479 6.57454538695 6.79195113889 13.5168216656 21.0928282933 29.5190909067 622.432723343 8.07036583274 7.4525155423 7.45112087715 5.28061786734
-9999.0 -9999.0 -9999.0 -9999.0 -9999.0 -9999.0 -9999.0 -9999.0 -9999.0 -9999.0 -9999.0 12.6105994699 118.535253874 143.911802238 23.4701397573 6.08084332331 14.5656965783 632.65170517 645.778689945 814.210191177 9.31563301144 19.1898126739 8.82108112091 8.9580017145 86.5359375172 113.365833278 137.701611113 8.34130848763 34.3435454574 54.5057712029 32.6552332002 13.2131223703 7.45405799693 5.35845535557 6.77465921262 4.78537787817 4495.43036434 4506.98436809 4605.03071363 16.6486533968 8.46725908868 306.095949436 19.873886672 10.1904796332 10.7623894304 10.6582073596 10.0267001958 16.9184804318 53.19260777 91.5484543443 721.97975368 6.99996659079 20.9201904853 14.0320419134 11.4463046717
-9999.0 -9999.0 -9999.0 -9999.0 -9999.0 -9999.0 -9999.0 -9999.0 -9999.0 -9999.0 -9999.0 12.8813964971 81.7810475397 12.9703998369 11.5713320322 59.0307615138 69.4426769302 80.2629064941 90.2852141854 1095.35155452 1102.78183862 1119.7032648 1248.6015174 1273.17785908 1286.15724732 1295.29190854 1445.51437947 1462.60266846 1470.72033335 1533.22681399 1574.7787485 1583.00759009 1602.8234728 13.2452413149 10.1156454704 1.77534008907 3.46261332637 4517.03610527 4642.26155764 26.0053368044 366.280435928 357.244369515 39.0243055918 9.62110962968 9.77667773298 9.47113304679 9.23285513319 18.5964164529 27.4752049333 9.05249660615 729.948545357 738.178128416 780.717413241 788.157820856 806.68857913
-9999.0 -9999.0 -9999.0 -9999.0 -9999.0 -9999.0 -9999.0 -9999.0 -9999.0 -9999.0 -9999.0 41.9977577266 55.508498047 25.8729841727 38.2446355417 12.197335162 140.613229618 152.174215655 174.754852605 181.249962977 72.3011086642 1204.44901276 1211.95294169 6.4370998779 3.95350884049 2.64995618532 7.00341794654 3.01229862476 1.74507567851 1.5470599467 2.39722403865 1587.44773011 1608.38296465 1630.776144 1649.36964261 1662.00371394 5.32378302363 2.97227507473 5036.95588535 383.998747661 375.523968808 8.53759709018 8.7131978948 8.72591872029 18.6163776963 18.3633598891 8.24824254561 8.23211861831 8.05307890698 17.0073316555 24.2304073091 6.6290947148 12.2882198534 4.44546139884 1.20742748274
-9999.0 -9999.0 -9999.0 -9999.0 -9999.0 -9999.0 -9999.0 -9999.0 -9999.0 -9999.0 -9999.0 -9999.0 28.32476644 13.2790502085 12.4199106352 117.420572702 129.579026558 11.7183302827 46.4057338066 56.4758264464 64.4293772766 8.76304285555 7.66955295841 179.616701071 186.147155263 191.734151776 522.421369019 525.5190237 529.152960014 562.023584512 573.610196358 575.149976719 1.40181359223 1.48953665612 2.32638670139 1677.26543931 5.54337465967 5118.16786176 5105.78863361 60.5313739969 51.8273371729 33.8647978501 8.58057026165 17.2575843605 27.3442617093 27.1790710152 16.4737648351 7.96900665481 15.935029666 15.9582518194 31.5734953922 4.06880159467 16.244905354 27.2702804471 29.8265783225
-9999.0 -9999.0 -9999.0 -9999.0 -9999.0 -9999.0 -9999.0 -9999.0 -9999.0 -9999.0 -9999.0 -9999.0 14.5335008976 40.40330188 53.3982987739 92.5385225918 12.216422012 24.5403673622 35.8743924943 134.816746467 142.130227879 145.134986125 153.260746589 164.05862829 283.643619491 314.245618185 326.376412004 2.93561351762 28.6050522524 31.1410309353 568.094915553 577.458575696 581.109114628 584.747150554 589.066549003 2274.15296211 11.8585043768 5146.79803734 6.90327297799 2.3032230416 43.5646392551 39.76004047 4.63139931264 24.4306277643 34.8201789733 34.6712004025 23.6953507857 38.8159461655 61.5757311431 23.0940175324 61.5197422784 4.3347406264 5.32770940342 1.14831629664 1.00571948603
