data/baseflow/mHMbf_acc450.asc
ncols                  80
nrows                 72
xllcorner      4374000.0
yllcorner      5656000.0
cellsize            500
NODATA_value       -9999
[rows 25 to 49 of 72, columns 0 to 54 of 80]
-9999.0 -9999.0 -9999.0 -9999.0 -9999.0 -9999.0 -9999.0 -9999.0 -9999.0 -9999.0 -9999.0 -9999.0 20.9967954492 41.5051786899 18.9067373729 38.0684682299 16.5352383241 128.586410713 160.219950613 176.587148807 14.6943342688 27.714885378 278.1710085 340.13120062 349.735357013 21.8154427396 19.5803940481 27.3629414523 4.20109161847 3.63090029465 6.7155087772 3.39154729597 406.009464174 410.475693173 412.6357275 3100.4333397 6322.51327677 6298.07465498 3.48268753977 1.88758018776 1.69785597082 9.62779009715 8.16720871363 25.5534205769 38.003504961 76.4245650331 6.68671123108 6.62275272893 60.5185371224 66.2621275133 128.087373892 130.704947328 137.541152623 139.092319768 1.2999322168
-9999.0 -9999.0 -9999.0 -9999.0 -9999.0 -9999.0 -9999.0 -9999.0 -9999.0 -9999.0 -9999.0 -9999.0 -9999.0 19.2518843566 38.8135762023 58.6977238418 93.6960272279 18.4913479025 16.4100010741 116.208585987 130.819374765 254.186480909 268.806140989 40.5044033298 12.8582682006 10.7085902861 8.92843605639 382.534860002 387.79263074 392.188039947 395.468371155 402.136412649 51.0982501119 54.0331636917 469.005996975 9894.80628714 17.4699479031 12.1256855041 5.76209622551 1.72570822219 1.37761505177 12.7153073664 13.5935116577 28.2250174653 1.43237792982 78.6730101672 10.5618686153 10.269433568 1.48551983342 0.821023879403 0.672049808551 0.799610258216 0.716150942505 139.882527766 1743.0558649
-9999.0 -9999.0 -9999.0 -9999.0 -9999.0 -9999.0 -9999.0 -9999.0 -9999.0 -9999.0 -9999.0 -9999.0 -9999.0 -9999.0 18.9247022642 36.2962503193 51.6226512806 66.9856576396 83.4939092029 100.5672271 48.4219229676 80.4498272972 14.3747461197 13.7330964277 326.267290886 351.87764835 363.417993416 375.167469745 7.30233470991 12.5752287075 35.5091890186 40.8069933524 46.041007108 4.02315070721 2.17245479013 9905.90975649 4.88974395026 4.41046719509 2.25370326146 7.580084138 3.41586743523 1.70956377353 43.3236117001 44.6345995307 0.907447995738 79.7307987005 90.956378455 11.0459317442 1783.78245959 1781.68104006 1780.0803486 1776.68614195 1775.16012515 1749.92666437 1748.71166977
-9999.0 -9999.0 -9999.0 -9999.0 -9999.0 -9999.0 -9999.0 -9999.0 -9999.0 -9999.0 -9999.0 -9999.0 -9999.0 -9999.0 4.22299680144 9.32924469779 15.3333907008 143.464120686 160.236867934 17.1497562831 16.1944132156 15.9625253989 270.926773703 300.585918741 13.8889714665 14.0817821848 10.5732844348 44.5373021116 55.2605863245 23.1754081609 29.6157203402 265.329308857 272.6099846 284.640037647 432.844345435 10342.0982179 4.95646060438 1.62962733428 11.9376080228 9.88711993538 1.49209670474 4.83563630024 6.35256846079 46.1002433889 47.2395297804 140.64782085 91.5610729429 12.1242730806 1810.99325747 9.30140208941 1778.63045021 1777.7201092 23.8112858841 1.31771901179 3.25124891026
-9999.0 -9999.0 -9999.0 -9999.0 -9999.0 -9999.0 -9999.0 -9999.0 -9999.0 -9999.0 -9999.0 -9999.0 -9999.0 -9999.0 21.1834421439 34.8732033792 71.9745993693 126.01998921 174.110998681 209.465580698 225.561760318 241.964377402 257.338213741 14.3868843766 12.4889726383 24.3203055614 22.1476689596 11.7302652705 232.730231768 243.118319137 252.538835448 261.392229442 134.738461786 139.420759703 145.468923993 10345.1014039 8.91056100479 5.97855175203 20.0153977335 2.34833267659 3.19049654638 1.69787671301 1.41158009102 7.80447910151 0.931291775557 0.959895214786 1957.23408455 1815.85066278 1814.86476838 4.30665181888 8.60599609215 5.51476038861 1.15077935446 21.3408190892 5.41742061771
-9999.0 -9999.0 -9999.0 -9999.0 -9999.0 -9999.0 -9999.0 -9999.0 -9999.0 -9999.0 -9999.0 -9999.0 -9999.0 -9999.0 14.6556228306 13.9176311767 27.4539409286 41.237088528 18.2839779203 19.040867668 35.585548927 51.7055980498 80.9576994449 95.5316777589 107.745148428 144.854461874 155.597490073 167.681441775 10.322359408 107.942908034 116.333829438 123.489776073 5.03245025372 2.1031780574 4.1999399972 10493.796288 10496.6106626 10510.9542805 27.4777644324 5.25766519886 4.96790447228 1.18080712821 2.49758786098 8.95917668535 10.7973256023 1.72722374462 1961.4312354 1.28524473135 2.22473311577 2.57777314858 1.74747012342 3.42210910025 1.37593921815 14.98103641 11.6048955069
-9999.0 -9999.0 -9999.0 -9999.0 -9999.0 -9999.0 -9999.0 -9999.0 -9999.0 -9999.0 -9999.0 -9999.0 -9999.0 -9999.0 -9999.0 13.426101719 26.1990548959 12.2819490793 25.518331234 159.377096997 174.332752213 189.748160061 14.6476086704 14.6666871704 26.8833768492 39.5371139834 60.0154706763 71.0979664115 77.9970184568 87.696167701 7.73408953602 6.6178922642 132.597259121 135.389875626 138.257270417 141.38583241 114.035554753 10637.4329194 10682.2845315 10684.5999873 10691.5129801 10699.7331862 10703.0272539 0.817076307217 11.6589425055 1962.14256212 1.62141961104 0.832072250938 0.967430523995 1.00446724995 1.83030520497 1.89067361048 1.1232821308 1.89616451749 1.77135604204
-9999.0 -9999.0 -9999.0 -9999.0 -9999.0 -9999.0 -9999.0 -9999.0 -9999.0 -9999.0 -9999.0 -9999.0 -9999.0 -9999.0 -9999.0 -9999.0 38.747460609 51.5332052778 89.8893563442 119.684734324 15.9226439699 223.279682947 237.588293586 250.868226677 12.5378647497 24.4767013636 9.88589236474 79.8676020445 85.7791821453 95.2721497929 104.990042339 125.325791696 129.207783898 2.46467177747 101.866975785 108.054307867 111.108693773 123.508264086 14.5606721753 8.75719948312 4.75604466901 4.13625773573 10706.5994986 10707.611766 10725.5462472 1962.77104629 4.84506811454 2.63876398079 1.75244060561 0.634543148694 5.79442192709 3.14549823611 0.986699635363 5.78833892732 4.95815730021
-9999.0 -9999.0 -9999.0 -9999.0 -9999.0 -9999.0 -9999.0 -9999.0 -9999.0 -9999.0 -9999.0 -9999.0 -9999.0 -9999.0 -9999.0 -9999.0 13.0367228409 64.4044389706 77.9037408529 16.8929376769 16.1523418276 32.8005033651 47.5400757077 312.405274527 12.4734569806 50.1126342311 60.6339388667 70.8735542411 6.69760443677 15.1491652453 19.067977753 81.629786458 90.1201272936 93.1672271124 3.25663209703 3.0060714882 3.4458122055 6.29194055161 2.73537926328 2.82790382114 3.02074269227 2.87331106161 2.76419829396 5.55829031834 10726.73274 12692.2459938 5.81622562185 1.95024334883 0.610430358794 18.8775837525 17.4889435283 10.6839474029 9.65462131227 7.28017517619 1.86858484815
-9999.0 -9999.0 -9999.0 -9999.0 -9999.0 -9999.0 -9999.0 -9999.0 -9999.0 -9999.0 -9999.0 -9999.0 -9999.0 -9999.0 -9999.0 11.5038601839 35.879326443 11.5474730315 18.1720326323 18.3044757386 34.8297655604 51.0327777476 64.960969525 388.458098183 400.148610409 12.126316706 22.6126656724 33.3272497132 40.652736045 48.5689120278 72.0656582455 78.29288335 4.60315760956 3.82993057355 2.58738863148 1.55549417391 2.93899273964 3.53167131749 4.09638812023 5.21817323202 9.6368114947 4.06141352342 1.00983888584 0.967795124853 0.968315589859 1.80330493689 12751.5792648 51.8585295115 22.0517728857 1.69041499434 0.764247682684 0.657010996126 2.43431913445 1.71054106355 0.889656661929
-9999.0 -9999.0 -9999.0 -9999.0 -9999.0 -9999.0 -9999.0 -9999.0 -9999.0 -9999.0 -9999.0 -9999.0 -9999.0 -9999.0 12.572769842 23.3709462474 81.2437257849 10.3357920658 32.7528074482 50.3375656574 66.1824602481 16.7176423572 30.6898534969 43.8189973949 453.80455858 11.2158428455 20.7682330315 30.7494332896 9.16215966065 18.0329533426 21.9558563696 27.6452108477 755.270954265 762.33255139 768.319419038 792.068576475 798.879799923 815.008040788 5.73166768696 13.3817768546 11.809917092 862.717257385 864.60555525 0.890827640648 1.59089212236 2.26492067676 12752.3138145 48.1647105514 24.0863437195 23.1592473894 17.4341662734 14.718532231 3.22976032733 0.767082259271 1.54432690418
-9999.0 -9999.0 -9999.0 -9999.0 -9999.0 -9999.0 -9999.0 -9999.0 -9999.0 -9999.0 -9999.0 -9999.0 -9999.0 -9999.0 12.6299286588 38.0584769709 131.428318411 192.364583686 8.58088992024 245.999131648 323.145156568 15.4186183588 29.0853956875 42.6245900438 572.293958292 581.620574714 7.07644803588 45.0340455624 51.7283911446 58.7130499132 705.578651812 717.667470012 724.20976611 3.02127949918 17.3875424365 20.5954404562 7.25866082177 9.96578568215 829.17378251 846.370976582 848.267355087 849.987323283 866.400344122 0.875295633727 0.788533013067 3.7026691395 12753.1375982 1.13332311443 1.67584926132 4.95401680916 2.00478556281 13.3667620592 10.5087255919 6.22071131617 4.53833111655
-9999.0 -9999.0 -9999.0 -9999.0 -9999.0 -9999.0 -9999.0 -9999.0 -9999.0 -9999.0 -9999.0 -9999.0 -9999.0 -9999.0 -9999.0 -9999.0 25.4020168365 50.5741045381 224.870805689 236.53647197 332.976012561 343.981804402 14.9030127931 29.8335469828 67.3733216393 588.978590942 604.204897696 609.477486742 3.95803956117 629.289573195 641.917570272 7.64892787663 3.11612380112 6.07775781062 11.5707032054 2.74686648763 5.146994182 10.6020887752 12.7430071848 2.32620761135 1.44081534132 2.71479253411 878.519815019 882.477302561 883.153342114 888.931619376 12753.8771108 0.734221689797 1.05142645174 1.27235037931 1.24407125443 1.28906065535 1.12325681035 2.06906711974 0.59978867907
-9999.0 -9999.0 -9999.0 -9999.0 -9999.0 -9999.0 -9999.0 -9999.0 -9999.0 -9999.0 -9999.0 -9999.0 -9999.0 -9999.0 -9999.0 -9999.0 13.0799778187 12.6653931138 11.9053994613 22.803715819 9.25362400038 362.638360883 372.23640113 13.1499899668 25.8620158615 10.2593639434 7.31953960428 6.92586174443 621.176919807 3.97247792622 8.38350223684 4.40719425129 3.48805356471 2.76324664528 1.97081611208 2.08176223877 6.52087953891 9.0766922737 1.62681931049 1.33075456047 2.97602706494 5.14545010083 7.56281492434 2.56871061084 884.463778406 889.63074151 12754.4045823 4.01000756454 2.58636618247 0.742731064799 1.84306341421 0.616432164573 0.502311003102 2.628218338 3.12138483668
-9999.0 -9999.0 -9999.0 -9999.0 -9999.0 -9999.0 -9999.0 -9999.0 -9999.0 -9999.0 -9999.0 -9999.0 -9999.0 -9999.0 -9999.0 -9999.0 -9999.0 -9999.0 12.381644468 33.6195009581 42.3117544774 51.3643103461 381.277120211 391.046116154 400.176835188 409.992468928 416.618964448 430.651347942 434.414051454 437.976108261 440.95776882 2.91032125731 2.68872807162 2.79533822744 9.10575024748 2.42920020387 2.31613309282 1.68655103725 4.89662714366 1.88104200674 1.42429473693 1.30602961528 1.13735451163 2.26922215739 3.31783267291 896.381258941 13655.3844922 0.646899280698 1.28411668811 0.563708458269 2.5337689911 1.39984228998 1.01025242541 8.3147792806 5.2266094235
-9999.0 -9999.0 -9999.0 -9999.0 -9999.0 -9999.0 -9999.0 -9999.0 -9999.0 -9999.0 -9999.0 -9999.0 -9999.0 -9999.0 -9999.0 -9999.0 -9999.0 -9999.0 -9999.0 9.65647923684 79.8255003034 152.191249062 160.975941529 14.5782010694 27.7199230166 40.4499063444 49.1847594697 114.079704253 117.280206745 3.06707674089 3.00279258003 447.317355271 452.433741163 454.819438076 10.6667430467 1.17245637244 3.2074522397 4.74181906759 14.9058987072 18.4704309355 21.2038769121 2.47465324234 3.47251979215 1.21272126755 2.46367630578 1.29978462567 13657.5658003 0.500233159418 2.30569946608 1.1425422724 4.20836905897 8.27438678128 9.67454348203 18.3893219812 6.27097887134
-9999.0 -9999.0 -9999.0 -9999.0 -9999.0 -9999.0 -9999.0 -9999.0 -9999.0 -9999.0 -9999.0 -9999.0 -9999.0 -9999.0 -9999.0 -9999.0 -9999.0 -9999.0 11.217102245 36.3563031515 70.4941350858 91.3964825379 224.690942529 236.605673666 27.1361073511 40.0474756668 50.3945092047 58.6956592288 120.797336561 127.173250853 224.685908252 232.028789791 235.305929247 456.867115024 471.807750623 2.90799495572 2.16598835311 1.98308899318 3.75080950535 1.71000137539 24.6886675113 25.994008153 4.54642227669 6.23563706598 1.45293194764 2683.66484007 2686.31718869 16344.9517482 16347.9258698 0.594919946322 5.46151596549 0.861982241617 0.748563857523 19.9700115348 26.8567938172
-9999.0 -9999.0 -9999.0 -9999.0 -9999.0 -9999.0 -9999.0 -9999.0 -9999.0 -9999.0 -9999.0 -9999.0 -9999.0 -9999.0 -9999.0 -9999.0 -9999.0 -9999.0 -9999.0 13.2097534128 12.6637383819 23.3804356897 54.4916617533 246.66403352 14.0954699234 13.8911995687 23.8086694164 34.4126189059 81.1621649605 86.8800810159 4.57744266715 4.87508153995 238.950267175 240.819584555 714.792092337 716.688277393 0.949741217747 0.832455100954 0.721710185785 0.728274667349 0.952329582262 2655.36461879 2664.34392247 2672.45106365 2676.15545013 2682.19611585 1.58825495715 5.80244342809 6.6701553426 16356.6330713 16357.013963 16357.6524133 16358.9557766 16361.040433 28.0460437735
-9999.0 -9999.0 -9999.0 -9999.0 -9999.0 -9999.0 -9999.0 -9999.0 -9999.0 -9999.0 -9999.0 -9999.0 -9999.0 -9999.0 -9999.0 -9999.0 -9999.0 -9999.0 -9999.0 -9999.0 11.179517857 11.9248478247 21.564446507 288.359375583 298.10081165 13.4662538707 23.3962983603 34.3696245469 42.1999167133 6.47397307005 12.1645296492 636.67768992 639.088267658 642.650732963 665.620615367 1384.83322125 2603.67460115 2606.35283569 2608.7675577 2611.12391178 2623.78386192 2628.05230457 7.78334735303 3.2888782536 2.10005556181 3.89604836012 2.90901148372 4.62755721855 1.43501454877 33.8501732181 36.5730819577 38.8084395808 39.2584817121 16361.4009811 16390.3312562
-9999.0 -9999.0 -9999.0 -9999.0 -9999.0 -9999.0 -9999.0 -9999.0 -9999.0 -9999.0 -9999.0 -9999.0 -9999.0 -9999.0 -9999.0 -9999.0 -9999.0 -9999.0 -9999.0 -9999.0 -9999.0 11.3895754196 21.5237236511 31.7776419235 306.489243708 9.79275651185 413.611838476 424.875819234 431.234168083 437.494805509 612.28001716 618.942467337 2.53867861676 16.6984644897 20.093330851 2.60981729481 1216.39464801 1211.52124634 1.50051524131 3.56289671058 10.2704791794 2.40919565665 2.66219712304 1.68804842522 1.47228409633 1.12182384117 1.38529021991 29.4579773211 30.9606192662 32.8136059409 1.96810471873 1.66460459448 39.9803599976 40.5681835958 40.9248015721
-9999.0 -9999.0 -9999.0 -9999.0 -9999.0 -9999.0 -9999.0 -9999.0 -9999.0 -9999.0 -9999.0 -9999.0 -9999.0 -9999.0 -9999.0 -9999.0 -9999.0 -9999.0 -9999.0 -9999.0 -9999.0 10.0879835185 9.22726880194 48.399922997 374.144246299 393.745537887 403.849924359 9.37431624311 158.029278148 164.259556951 167.445974738 5.91446708199 9.11827913533 11.383924316 266.755870824 268.765289788 270.521284091 1208.37331075 775.54617157 1.97661120661 2.29694834691 2.17245513454 1.70378354544 18.2346633537 21.6338061219 24.5790259503 26.2999438953 27.9484242668 259.635371152 260.776235645 263.041758795 268.211622137 283.304266568 283.781028133 325.173088361
-9999.0 -9999.0 -9999.0 -9999.0 -9999.0 -9999.0 -9999.0 -9999.0 -9999.0 -9999.0 -9999.0 -9999.0 -9999.0 -9999.0 -9999.0 -9999.0 -9999.0 -9999.0 -9999.0 -9999.0 -9999.0 -9999.0 19.5235806497 29.9426687754 10.0472365718 13.881820773 127.303745375 136.87532608 142.703937804 53.7820833767 58.2674996162 63.1974036056 66.3899621865 262.075665046 265.308823715 156.190606971 429.068103413 431.188572968 774.039528358 4.53651063778 2.40583236091 1.57345037429 12.676370504 14.961490736 1.27414610332 1.15508378297 254.042048591 257.0520877 258.519046317 1.97966307412 3.49531924901 281.922569731 0.751176971907 3.46489231012 3.85168740366
-9999.0 -9999.0 -9999.0 -9999.0 -9999.0 -9999.0 -9999.0 -9999.0 -9999.0 -9999.0 -9999.0 -9999.0 -9999.0 -9999.0 -9999.0 -9999.0 -9999.0 -9999.0 -9999.0 -9999.0 -9999.0 -9999.0 9.74385708659 19.1957948086 79.8941420905 90.7883720851 102.268497715 42.6518123618 49.4176844768 4.86107042239 184.672809821 188.858137455 192.897732677 3.26463943103 150.358166317 153.795385727 2.31945347013 762.257448786 5.21336916942 2.61106726434 6.9291130869 9.34542692526 1.80532425896 1.43595016655 237.660528547 251.35950393 253.13817571 1.89289551743 4.19337783629 5.2538861766 6.0382658179 11.7427456275 1.30920826542 2.85477107123 0.564631853799
-9999.0 -9999.0 -9999.0 -9999.0 -9999.0 -9999.0 -9999.0 -9999.0 -9999.0 -9999.0 -9999.0 -9999.0 -9999.0 -9999.0 -9999.0 -9999.0 -9999.0 -9999.0 -9999.0 -9999.0 -9999.0 -9999.0 9.53331950833 29.7195075072 51.6146215387 12.4038110147 24.5604365265 34.6129283609 164.944639928 171.307599596 175.785150133 3.8043593064 128.537104422 140.991024476 144.627108121 2.2751798181 751.736796847 757.86632839 2.86299328103 2.51472138552 5.16662716102 2.04879869223 227.455479717 231.185143879 233.628262825 9.06477626124 11.0601514514 1.70831297117 3.06401713206 1.3682854246 9.09754123695 1.4388639501 0.772134694252 0.774556765821 0.788975466242
-9999.0 -9999.0 -9999.0 -9999.0 -9999.0 -9999.0 -9999.0 -9999.0 -9999.0 -9999.0 -9999.0 -9999.0 -9999.0 -9999.0 -9999.0 -9999.0 -9999.0 -9999.0 -9999.0 -9999.0 -9999.0 -9999.0 -9999.0 10.0549151108 11.4421734532 14.218698874 120.692173984 130.0934051 157.349181407 6.80134261549 110.542667969 121.390896712 4.43939889109 9.2596136439 2.95742145976 743.422549604 3.70727498512 8.65047314852 10.6367528465 12.3796480948 214.197511602 221.335326477 223.862205112 2.61221088066 4.88505666526 6.89763649368 1.17231556657 1.01895586562 716.785150428 717.843541104 718.719780533 728.282300465 729.402282529 730.480174505 731.136629293
