data/baseflow/mHMbf_acc252.asc
ncols                  80
nrows                 72
xllcorner      4374000.0
yllcorner      5656000.0
cellsize            500
NODATA_value       -9999
[rows 0 to 24 of 72, columns 0 to 54 of 80]
-9999.0 -9999.0 -9999.0 -9999.0 -9999.0 -9999.0 -9999.0 -9999.0 -9999.0 -9999.0 -9999.0 -9999.0 17.3928908449 16.7587907776 -9999.0 -9999.0 -9999.0 -9999.0 -9999.0 -9999.0 -9999.0 -9999.0 -9999.0 -9999.0 -9999.0 -9999.0 -9999.0 -9999.0 -9999.0 -9999.0 -9999.0 -9999.0 -9999.0 -9999.0 -9999.0 -9999.0 -9999.0 -9999.0 -9999.0 -9999.0 -9999.0 -9999.0 -9999.0 -9999.0 -9999.0 -9999.0 -9999.0 -9999.0 -9999.0 -9999.0 -9999.0 -9999.0 -9999.0 -9999.0 -9999.0
-9999.0 -9999.0 -9999.0 -9999.0 -9999.0 -9999.0 -9999.0 -9999.0 -9999.0 -9999.0 -9999.0 -9999.0 34.8742182661 80.961347415 14.0653571592 -9999.0 12.4211298268 -9999.0 -9999.0 -9999.0 -9999.0 -9999.0 -9999.0 -9999.0 -9999.0 -9999.0 -9999.0 -9999.0 -9999.0 -9999.0 -9999.0 -9999.0 -9999.0 -9999.0 -9999.0 -9999.0 -9999.0 -9999.0 -9999.0 -9999.0 -9999.0 -9999.0 -9999.0 -9999.0 -9999.0 -9999.0 -9999.0 -9999.0 -9999.0 -9999.0 -9999.0 -9999.0 -9999.0 -9999.0 -9999.0
-9999.0 -9999.0 -9999.0 -9999.0 -9999.0 -9999.0 -9999.0 -9999.0 -9999.0 -9999.0 16.6470404915 15.663494611 16.5298462443 16.2827705939 111.132670705 124.326496987 34.4958741803 10.9804989232 -9999.0 -9999.0 -9999.0 -9999.0 -9999.0 -9999.0 -9999.0 -9999.0 -9999.0 -9999.0 -9999.0 -9999.0 -9999.0 -9999.0 -9999.0 -9999.0 -9999.0 -9999.0 -9999.0 -9999.0 -9999.0 -9999.0 -9999.0 -9999.0 -9999.0 -9999.0 -9999.0 -9999.0 -9999.0 -9999.0 -9999.0 -9999.0 -9999.0 -9999.0 -9999.0 -9999.0 -9999.0
-9999.0 -9999.0 -9999.0 -9999.0 -9999.0 -9999.0 -9999.0 -9999.0 -9999.0 15.6937112118 32.3980626101 64.2575339936 31.7468901323 15.3769562543 30.3161318043 138.492959028 198.361389557 12.4156497999 -9999.0 15.7702853454 -9999.0 -9999.0 -9999.0 -9999.0 24.0153455766 12.2629276488 -9999.0 -9999.0 -9999.0 -9999.0 -9999.0 -9999.0 -9999.0 -9999.0 -9999.0 -9999.0 -9999.0 -9999.0 -9999.0 -9999.0 -9999.0 -9999.0 -9999.0 -9999.0 -9999.0 -9999.0 -9999.0 -9999.0 -9999.0 -9999.0 -9999.0 -9999.0 -9999.0 -9999.0 -9999.0
-9999.0 -9999.0 -9999.0 -9999.0 -9999.0 -9999.0 -9999.0 -9999.0 18.1623326971 50.6549017716 65.7717696364 81.1217406213 111.061501381 14.5565367151 58.7337175308 72.6090176839 295.395690532 11.7958106498 11.7630290579 29.4896766013 42.6866464775 13.8246629663 -9999.0 61.9866788258 50.7815972417 13.7748353347 -9999.0 -9999.0 -9999.0 -9999.0 -9999.0 -9999.0 -9999.0 -9999.0 -9999.0 -9999.0 -9999.0 -9999.0 -9999.0 -9999.0 -9999.0 -9999.0 -9999.0 -9999.0 -9999.0 -9999.0 -9999.0 -9999.0 -9999.0 -9999.0 -9999.0 -9999.0 -9999.0 -9999.0 -9999.0
-9999.0 -9999.0 -9999.0 -9999.0 -9999.0 -9999.0 18.0360071593 16.0394607222 15.5941751027 15.9213900896 16.168567379 113.871639057 240.650878033 256.073470938 269.598887931 13.8687754495 321.637329372 333.829595834 25.2286995075 13.5752800108 55.6131655057 96.10068418 12.5467956341 100.111778265 13.0459089048 12.7274906382 13.440211597 -9999.0 -9999.0 -9999.0 -9999.0 -9999.0 -9999.0 -9999.0 -9999.0 -9999.0 -9999.0 -9999.0 -9999.0 -9999.0 -9999.0 -9999.0 -9999.0 -9999.0 -9999.0 -9999.0 -9999.0 -9999.0 -9999.0 -9999.0 -9999.0 -9999.0 -9999.0 -9999.0 -9999.0
-9999.0 -9999.0 -9999.0 -9999.0 -9999.0 -9999.0 36.3537177314 53.3949336621 119.838031404 166.10474391 14.291205755 15.2291710181 14.4453869925 41.8047727357 323.890608164 12.0692321704 345.976924837 395.898958538 37.7184567888 25.4450664311 108.123730837 13.1605351015 112.965965904 24.0145324206 11.7970801805 24.0541846373 26.6957983235 14.1162850229 14.7759365704 14.3834864718 15.2404230622 30.4974409601 -9999.0 -9999.0 -9999.0 -9999.0 -9999.0 -9999.0 -9999.0 -9999.0 -9999.0 -9999.0 -9999.0 -9999.0 -9999.0 -9999.0 -9999.0 -9999.0 -9999.0 -9999.0 -9999.0 -9999.0 -9999.0 -9999.0 -9999.0
-9999.0 -9999.0 -9999.0 -9999.0 -9999.0 20.1016313757 38.7333029018 18.4827756603 35.4292523108 183.333912353 213.940406123 244.642979287 809.783060231 13.9489387018 337.317073065 1259.94147519 1271.09567715 1687.04859172 11.9948221004 37.3460068379 120.216463897 11.9726873913 250.149692296 124.734675022 75.321195291 63.208600832 12.9621349425 41.9528053022 43.033179509 28.6524554698 13.8149682653 44.7531913349 13.5786973375 13.3341746022 -9999.0 -9999.0 -9999.0 -9999.0 -9999.0 -9999.0 -9999.0 -9999.0 -9999.0 -9999.0 -9999.0 -9999.0 -9999.0 -9999.0 -9999.0 -9999.0 -9999.0 -9999.0 -9999.0 -9999.0 -9999.0
-9999.0 -9999.0 -9999.0 -9999.0 -9999.0 20.4292620036 59.2348081061 117.193921425 134.937741726 267.293475288 283.839858713 335.804225798 551.580585409 855.432510239 884.685310566 898.010386465 24.7076988145 1732.42714445 1756.27218809 1819.49709712 2238.26837028 287.023258718 263.096280932 88.0588010188 12.4377956361 77.5822770243 53.4018741337 10.9683041884 55.4915767807 12.6682630458 26.2416890557 70.8560953911 83.9402180103 26.1994096931 12.6157720763 12.6557024522 -9999.0 -9999.0 -9999.0 -9999.0 12.3845042363 10.9600340409 -9999.0 -9999.0 -9999.0 -9999.0 -9999.0 -9999.0 -9999.0 -9999.0 -9999.0 -9999.0 -9999.0 -9999.0 -9999.0
-9999.0 -9999.0 -9999.0 -9999.0 -9999.0 19.6882288787 18.7403961074 78.3505378618 96.4461604993 115.162428727 17.6843776447 34.9867426924 201.968714102 34.9616474447 16.1567134635 14.3697157062 12.5811898749 14.2934782227 13.5207263984 14.0715870133 2250.60179885 2286.31098424 11.775304288 36.3235565954 24.7652858839 88.9709585666 22.1632552897 10.4961551418 67.9510192086 25.1739980304 62.1098118559 147.422761858 135.201471583 38.3485191673 37.022823284 13.0662188136 13.0888096109 -9999.0 -9999.0 13.3567624471 25.8612804102 59.709947224 11.5352214667 -9999.0 -9999.0 -9999.0 -9999.0 -9999.0 -9999.0 -9999.0 -9999.0 -9999.0 -9999.0 -9999.0 -9999.0
-9999.0 -9999.0 -9999.0 -9999.0 -9999.0 -9999.0 20.796944494 20.6067685383 39.1615857724 58.1845037466 132.22497344 168.361935855 186.204882123 18.2183232044 14.2123202064 192.634456637 234.912909795 247.975591309 303.635778982 316.222642083 12.3929978945 2298.64018653 2358.90562879 48.3851329425 12.0650124906 99.9536577265 220.063552115 88.3928948187 21.9129803769 11.2836247318 232.348930466 159.07987426 10.7852424874 10.8541581329 48.1869059366 38.3064439092 11.7776777312 10.8555279689 12.9018240931 25.9660725109 12.581708546 72.5602894776 84.2244615173 10.5838826572 -9999.0 -9999.0 -9999.0 -9999.0 12.8008109457 12.0151352193 5.41630453218 -9999.0 -9999.0 -9999.0 -9999.0
-9999.0 -9999.0 -9999.0 -9999.0 -9999.0 -9999.0 -9999.0 19.8446312788 18.2360234883 37.8527997944 56.7350268911 18.2023410029 15.9285517251 102.187921155 133.038757311 164.743944275 14.6620374438 29.1537516211 14.3385135582 329.362805223 727.813130218 739.339404204 3121.5172263 11.8092857012 34.1652557079 10.8548688058 229.874655955 10.6701502835 33.3233987621 10.9116483816 243.019779029 253.783687722 21.7484159233 21.8102487101 122.872738619 62.3961689559 22.629073966 11.807923377 25.7206414756 38.5994170185 62.7264011314 11.1383354427 104.738112389 114.375984779 8.9985192828 9.78714533613 10.2759183722 9.24562551894 8.96834087256 34.7284784071 16.0811547057 10.7394926544 -9999.0 -9999.0 -9999.0
-9999.0 -9999.0 -9999.0 -9999.0 -9999.0 -9999.0 -9999.0 -9999.0 37.9622683409 55.4226591056 18.1656639432 37.0465613045 53.9360239558 87.5379219543 16.9788941236 16.3950077543 14.0808252591 14.2279944339 12.7097792442 372.15359629 14.4339286956 28.1529667155 3161.74152889 3184.74697126 8.6041489938 51.4987638114 290.528389056 21.2310229503 42.8791149353 19.5521786091 28.6957437446 294.394201604 31.4515437969 175.15802481 144.137985984 10.9365571635 57.7507055219 23.6216887457 37.3804517111 11.4554091842 73.2279700186 93.8144971289 102.285927201 110.290179156 148.488600551 17.30030713 18.4508459516 16.7942221801 16.1471871018 42.9418142395 8.74883145962 35.9006720576 44.3846656991 -9999.0 -9999.0
-9999.0 -9999.0 -9999.0 -9999.0 -9999.0 -9999.0 -9999.0 -9999.0 19.881234482 94.6673341447 112.336493029 17.6812421652 34.3709941429 16.6588528398 15.2798881156 15.0337643002 187.774585574 247.15963868 303.202557737 359.781231124 13.3567548742 14.0192107987 11.8547828868 3242.10029186 3267.8266785 3276.51557621 383.619190276 83.6146809674 73.4851870087 8.37407707258 37.4173032885 340.767181477 9.02158779435 184.247750544 10.8475606918 77.0766643437 69.7819802685 11.6124451196 48.9952595306 22.9828380662 34.4383728023 9.47054888052 7.84242151855 118.186173804 125.623491152 155.909303158 26.5616528904 24.5042231724 23.7315203867 52.0713735462 69.7833508419 8.83842652296 53.3115947748 9.84563296214 18.9106755514
-9999.0 -9999.0 -9999.0 -9999.0 -9999.0 -9999.0 -9999.0 -9999.0 -9999.0 20.4035396058 130.982336053 148.317068664 51.169070759 84.1948149406 114.609541308 129.810114122 15.4645452976 45.4737585024 30.2639249243 15.7257932277 15.1891147005 13.6921237055 26.2430232466 42.4140628574 12.7476526712 3682.73105105 3691.25916229 8.01101828191 6.86966259286 17.6698050373 26.4902501098 367.008168831 17.6112375819 191.986463192 118.571999611 98.4930960633 10.921573116 22.2449951772 59.4676598824 10.4620094843 44.7571638983 19.1612770861 13.5808584934 6.86824860969 146.796495102 308.887845794 32.3922843091 30.44937129 30.868270249 7.29796734643 77.14223494 7.17519641569 69.8817072934 8.74190579527 27.819568418
-9999.0 -9999.0 -9999.0 -9999.0 -9999.0 -9999.0 -9999.0 -9999.0 -9999.0 -9999.0 17.1884028486 182.860396442 16.6624580259 32.940308712 47.5428830409 76.0120768909 14.3890304522 29.7364252499 14.646332888 13.5010958149 12.6568007661 24.8627299026 10.9970747091 11.1148010997 20.9292670992 11.315769795 3701.00942678 3717.62488756 3741.56552828 34.2264015777 9.43057003035 18.8051648514 376.834703393 356.406106401 139.060679798 10.1886561885 43.6231784227 32.8682197738 69.9678787526 20.9052140237 84.5695910048 29.2616054957 21.7910074596 7.29563290597 7.57287982833 317.089711807 324.347565156 393.430233559 53.7626178379 15.0945667309 85.1058680795 100.057074921 177.200978525 17.0234816992 8.20704786501
-9999.0 -9999.0 -9999.0 -9999.0 -9999.0 -9999.0 -9999.0 -9999.0 -9999.0 -9999.0 -9999.0 12.3800139763 208.347688674 15.5023734923 29.8548286559 133.682382256 14.0422185823 13.8325028741 12.0750280904 26.6416435422 13.5000611113 51.3799150795 73.1219036879 82.8275429039 29.2470574918 36.2413725576 8.10532859532 10.143388413 10.3717652215 3794.7110597 3821.12993022 384.619048997 372.67258675 364.574691573 16.9386920989 8.19256476413 53.2091953289 142.626527825 79.8613294942 30.6882821985 124.722385158 54.0569893248 45.1626767073 14.8137819424 6.28727026784 5.33086786544 5.55593010711 422.820581369 499.429764213 7.39929194381 6.78063745628 7.46687565531 184.865290983 209.369363063 14.9214747257
-9999.0 -9999.0 -9999.0 -9999.0 -9999.0 -9999.0 -9999.0 -9999.0 -9999.0 -9999.0 -9999.0 11.4581977883 233.823830643 283.364258479 14.5875905648 162.309322145 12.7719692159 12.2305213105 25.3669407222 65.5817809354 13.1402364724 13.8520162385 10.9175508452 103.995089634 114.176585634 161.275613625 177.769052281 186.24333979 194.151461133 204.225029048 4034.3690281 4434.59736966 4821.61181538 4828.26155372 6.86001110874 8.30716406053 161.854291653 152.312269831 9.72101309642 9.76579703227 134.768925794 198.312178089 8.20267600809 112.019211681 103.901846782 32.1695388279 13.8672169985 22.7961157213 8.65879592315 513.817378664 7.36370341474 21.1876913559 27.1494176578 258.526486012 281.15099131
-9999.0 -9999.0 -9999.0 -9999.0 -9999.0 -9999.0 -9999.0 -9999.0 -9999.0 -9999.0 -9999.0 18.4230398479 34.6939309135 299.191898765 326.495950847 13.4655748064 187.406296514 10.7733251127 34.077989301 77.3312162435 25.2417143102 12.0406058706 23.8119199898 9.00874711071 18.0287028958 9.67248101575 9.09555149775 8.74107968927 8.54609710938 7.29513654767 6.42503387356 7.45595905213 8.35732021957 9.4139117129 4852.02044762 187.974439674 174.252235135 5.89257335483 27.6527115545 8.93151706832 8.26853207654 207.003650546 346.167131572 121.84441857 89.6555528287 19.733383684 8.04834824988 7.25114212036 14.0566746305 535.040447561 548.66307444 7.13398879653 7.41862701435 7.20779280052 7.87015827643
-9999.0 -9999.0 -9999.0 -9999.0 -9999.0 -9999.0 -9999.0 -9999.0 -9999.0 -9999.0 -9999.0 -9999.0 15.363598928 212.741836046 554.053419976 597.997187653 797.276695556 809.315583053 172.557778756 127.169643356 37.5138381767 11.8546248815 46.9313756538 57.5313263879 85.4275412182 19.8122650485 18.4919793608 18.3193308916 36.1272715859 16.3896729659 15.2962786877 8.68992849354 8.27483946252 6.21501168782 4859.74007648 5053.83501577 5060.9307672 5.90318463582 75.8820096522 35.9054153037 9.64173959386 375.901355274 21.2639542711 11.0140056398 47.5689401635 10.6613384555 7.95211757266 14.8705237434 21.007889298 27.8191890415 560.261899023 5.55452308665 4.99611622785 5.01573399739 4.0950190814
-9999.0 -9999.0 -9999.0 -9999.0 -9999.0 -9999.0 -9999.0 -9999.0 -9999.0 -9999.0 -9999.0 17.1597083295 163.13428277 196.905314956 30.29926081 11.9345029835 24.8162312098 846.384283906 856.938190873 1041.24352169 10.589850521 22.3304671948 9.68472075571 9.83442090898 94.9744988867 124.302046004 151.499805747 8.59002395618 44.699448375 69.4931248635 40.3145179805 16.9408610363 15.7278783024 14.0090495879 13.5480349394 5.22944628677 5066.60605801 5071.04760993 5155.89358734 15.5827596413 8.39059044073 384.397764709 22.8511714833 11.6577797208 12.7987746943 12.6915853683 11.2885787283 19.9123488241 55.8021213527 90.8682745747 656.745468066 4.29270936156 13.1069213372 8.96244911407 7.78288863547
-9999.0 -9999.0 -9999.0 -9999.0 -9999.0 -9999.0 -9999.0 -9999.0 -9999.0 -9999.0 -9999.0 17.5994503009 114.05685274 17.3726688431 14.7812039437 80.8722843832 93.9619077665 106.775286082 118.586750759 1403.15706899 1414.48241482 1435.98996941 1595.37645871 1625.00217658 1642.24388864 1651.86815921 1828.00703665 1853.99271526 1863.05090045 1942.16187729 1991.75517652 1999.84719532 2032.02587826 21.903429957 21.146671958 5.07867816724 3.93327600804 5075.79311214 5182.21929255 21.913832299 443.03671355 435.474713325 42.5003377359 10.0994982805 10.3963027891 10.0153174813 10.0269501801 20.1313648033 28.6681280484 8.12399542273 662.090066319 667.769329799 694.84143731 699.647201191 712.019786887
-9999.0 -9999.0 -9999.0 -9999.0 -9999.0 -9999.0 -9999.0 -9999.0 -9999.0 -9999.0 -9999.0 59.2366205954 78.1039433749 35.4898441884 51.6666540762 15.9241655695 179.884390578 193.045132891 219.093477252 231.573265683 86.4862070445 1541.6399036 1553.53717514 9.76748264334 7.57936002676 8.00688853912 16.1778367896 8.55101283563 8.07488749801 7.94895463179 7.45170511535 2008.66854985 2040.59608957 2070.43488338 2098.55065362 2114.44110512 7.16559202912 2.21402488583 5642.09580259 455.779639074 450.998699583 8.69744753661 7.76226188717 7.16721909603 17.9261582588 17.5242795134 8.22010141836 8.27447327105 7.77844555624 15.7656062925 20.8645064703 4.01023431744 7.47281397455 2.91131560473 2.68208264169
-9999.0 -9999.0 -9999.0 -9999.0 -9999.0 -9999.0 -9999.0 -9999.0 -9999.0 -9999.0 -9999.0 -9999.0 39.9970058206 18.5124682949 16.4428620068 153.422106056 167.098445144 13.7526274833 52.125389644 64.6155545025 75.717445724 12.6211695711 8.61255788265 221.781786147 228.864452489 235.847671339 604.804239337 611.240380345 625.772805379 682.864112974 723.976512963 730.571919871 7.85030181886 8.19043977928 6.63302304571 2121.70532389 2.95157795266 5712.19926129 5706.86513773 61.1328559861 55.3021869636 32.889716491 8.33836557327 14.1911833387 25.2882435023 24.9402702929 15.9350606745 7.93598494352 15.5533452252 15.6229995796 27.8376452446 6.02358750335 13.1148207108 20.9185609905 26.8595591005
-9999.0 -9999.0 -9999.0 -9999.0 -9999.0 -9999.0 -9999.0 -9999.0 -9999.0 -9999.0 -9999.0 -9999.0 20.7000773171 55.8821281472 72.3405567456 121.585112385 13.3230383584 27.3282282505 40.0899426484 161.933619544 173.385321291 185.563058063 195.267367319 205.703815738 314.756285509 344.961006467 363.057666062 8.66880813015 42.124165529 51.2913876592 703.553707347 738.418314522 756.249908226 774.832959048 787.306725989 2912.34650275 4.67850260738 5731.03214753 10.1307452395 5.41225141953 47.1489491246 39.9651636959 6.50697166612 21.1826657583 32.1681293209 31.4957164656 22.127177943 36.3728270249 57.7558828249 22.1673412894 56.1302596669 5.4742256849 10.3148942396 2.40622494581 1.95295352195
