data/baseflow/mHMbf_acc299.asc
ncols                  80
nrows                 72
xllcorner      4374000.0
yllcorner      5656000.0
cellsize            500
NODATA_value       -9999
[rows 25 to 49 of 72, columns 0 to 54 of 80]
-9999.0 -9999.0 -9999.0 -9999.0 -9999.0 -9999.0 -9999.0 -9999.0 -9999.0 -9999.0 -9999.0 -9999.0 18.0632518009 35.6670268719 16.5476494228 32.7249298282 13.4836789844 109.04782709 134.839495272 148.241694217 12.2547030365 23.9877715416 238.629517101 296.225541032 306.212404043 21.1129887719 18.1058661077 26.5993687573 7.02300064968 6.12287214991 11.4176317548 4.28303308573 372.859093113 377.3891501 379.699671248 2765.08135138 5223.20524208 5195.46551044 6.58043866602 3.55984618457 3.18466715419 12.7810212104 10.0848829213 24.0251330419 33.2692481714 66.3428193897 6.22924197466 6.17066409799 54.0900329673 59.9062672295 118.185052985 121.395148011 132.005419586 135.114137847 2.7505669694
-9999.0 -9999.0 -9999.0 -9999.0 -9999.0 -9999.0 -9999.0 -9999.0 -9999.0 -9999.0 -9999.0 -9999.0 -9999.0 16.7774587033 33.8356521723 51.1665394472 80.1784433886 15.2910443436 13.4023183503 98.1391839515 110.373618869 214.870035639 228.360233441 37.2740464778 11.3769243814 9.70534259232 8.73368693735 339.814331747 346.108435109 353.121297797 359.002836749 368.471188267 57.9918345539 61.0070132436 442.896782043 8433.64195478 22.7685576068 17.9134602686 9.9090116435 2.63574989567 2.45163395521 18.8602479624 20.7005404292 29.0413243043 2.58704105119 69.6705265045 10.7387166146 10.5416679084 2.46363469672 1.54994957697 1.34124516924 1.1041634946 1.47045912036 137.269725777 1975.55401676
-9999.0 -9999.0 -9999.0 -9999.0 -9999.0 -9999.0 -9999.0 -9999.0 -9999.0 -9999.0 -9999.0 -9999.0 -9999.0 -9999.0 15.9303547681 30.9434796222 44.4675414873 57.9538118483 71.3909375078 85.4599159524 39.9187146863 67.4433863383 12.920177787 11.8131569966 290.010175884 312.090832382 322.008189598 332.651491749 7.46191773411 13.3199318709 38.235508313 46.1613423054 53.0349173348 4.10250799413 2.80792584302 8444.78401721 4.6135031538 5.19827382561 2.54274607405 10.6522927149 5.26532223223 2.18650645495 52.0751286345 53.9106354613 1.25168294344 71.1100842386 83.2760867626 12.2334591642 2053.89199207 2050.27802461 2047.3013783 2041.81689548 2039.92252173 1989.83726219 1988.29501083
-9999.0 -9999.0 -9999.0 -9999.0 -9999.0 -9999.0 -9999.0 -9999.0 -9999.0 -9999.0 -9999.0 -9999.0 -9999.0 -9999.0 3.98707550476 8.85284542841 13.6159887138 133.226857038 146.778396177 13.9831166666 13.5023434913 13.5994640322 241.556965596 267.869544672 12.6525359741 12.5990521259 9.25084841487 39.8886890351 49.9175761103 23.4369348508 32.0460111417 240.456401695 247.752644691 258.556362946 407.505001755 8855.1780435 4.40350389925 1.95758574462 16.0486321852 13.4779385258 1.8879917144 6.12461030134 8.03130397743 55.9705981039 57.6083681997 144.685901248 84.5147626493 14.8964345165 2093.62621786 15.2143306653 2044.69814749 2043.36867208 47.8455118681 2.86829526421 10.3758849285
-9999.0 -9999.0 -9999.0 -9999.0 -9999.0 -9999.0 -9999.0 -9999.0 -9999.0 -9999.0 -9999.0 -9999.0 -9999.0 -9999.0 20.4956323822 33.4981620095 67.6298734705 119.069796546 159.757899513 189.426218868 202.72962568 216.503046445 229.917845705 12.6711904667 11.0530707464 21.5200194111 19.732048769 10.8629018389 207.256101975 216.859040235 225.661634324 234.309982889 133.382661258 138.665704115 145.117917076 8857.58892865 8.12397358313 4.84033045523 23.2756468586 2.81289520105 4.00636413039 2.20668620152 1.72104815646 9.8483516368 1.24509316642 1.33474982981 2246.34886246 2100.86861656 2099.62463738 6.81255939824 13.9645471743 8.88651311554 1.94945481248 43.0293886052 11.8626152921
-9999.0 -9999.0 -9999.0 -9999.0 -9999.0 -9999.0 -9999.0 -9999.0 -9999.0 -9999.0 -9999.0 -9999.0 -9999.0 -9999.0 14.3323248797 13.3342141 26.1081201554 39.4637750678 15.5314330586 16.7545830866 31.0929930864 44.9047570635 71.0483513923 83.7088625283 94.2670612489 126.99380683 136.804514646 148.45334544 9.98097593869 100.55250344 109.174692031 118.216503827 8.25987713056 7.66793726795 11.2739052898 9019.50262231 9021.73279047 9034.13598755 31.5727986862 5.91854161532 5.82898504186 1.51859194368 3.00784784324 11.2388320252 13.6112918135 2.38518669241 2252.45429938 2.10530985135 3.58821149663 4.06988320176 2.9648576459 5.53416013239 2.18410617358 29.1470116158 23.6971492102
-9999.0 -9999.0 -9999.0 -9999.0 -9999.0 -9999.0 -9999.0 -9999.0 -9999.0 -9999.0 -9999.0 -9999.0 -9999.0 -9999.0 -9999.0 12.5232706009 24.522587449 11.633764904 24.1047073359 151.341766817 163.529954707 176.248432871 12.9288300485 12.8646552796 23.3674343661 34.5799054615 53.3965368306 63.6301799456 71.6031418377 81.0451706558 7.56226499283 7.21371037276 134.43326422 141.857649879 145.017428917 148.133866794 129.380610395 9176.0953425 9225.25202797 9227.2764906 9234.80481254 9243.86611852 9247.32515188 1.03100171026 14.6718413321 2253.25638281 2.27354545956 1.17521057016 1.58636205613 1.63159669873 2.78877259772 2.66791463959 1.65321705058 2.99678835806 2.91224634845
-9999.0 -9999.0 -9999.0 -9999.0 -9999.0 -9999.0 -9999.0 -9999.0 -9999.0 -9999.0 -9999.0 -9999.0 -9999.0 -9999.0 -9999.0 -9999.0 36.4157846833 48.7542211446 86.4245297292 114.490436823 14.8588807915 206.320777385 218.815240632 230.13134497 11.0400676286 21.5014199401 9.06126854586 72.5500366933 80.075251415 89.8254911265 98.3702016874 121.364156433 127.782847671 3.8808298892 117.095422218 123.388276403 126.485553601 139.605010617 15.3967967772 9.20957611693 5.29445449544 5.09124006488 9251.1543259 9252.13187366 9276.3366563 2253.96870158 7.04504446444 3.97361036763 2.66308416525 0.810958580895 8.46939741314 4.56330569613 1.39437222816 8.48271151744 7.36714380412
-9999.0 -9999.0 -9999.0 -9999.0 -9999.0 -9999.0 -9999.0 -9999.0 -9999.0 -9999.0 -9999.0 -9999.0 -9999.0 -9999.0 -9999.0 -9999.0 12.7006862653 61.3801979605 74.7513825659 15.2966230509 13.6563355982 28.5881779493 41.9072962983 283.884425687 10.9200096515 44.0378099407 53.6591617091 63.264784678 7.6667212438 16.8026375745 24.2938870456 91.0610678776 103.51672215 106.869465597 3.34466631696 3.10358332929 3.76895193565 7.00862934729 3.07405174852 3.18235446941 3.95074085177 4.02978492237 4.11569476903 9.10330632412 9277.69186518 11535.2927445 8.54397458608 2.24207667894 0.824515396572 27.5830526814 25.7530892035 15.8134021455 14.299660128 10.7695069808 2.94104416735
-9999.0 -9999.0 -9999.0 -9999.0 -9999.0 -9999.0 -9999.0 -9999.0 -9999.0 -9999.0 -9999.0 -9999.0 -9999.0 -9999.0 -9999.0 10.6113321889 34.6791264334 11.4213982248 15.3652925518 15.2368494972 29.2624549866 43.1609762835 55.305448898 350.155294266 360.429057129 10.7281410169 20.3011206223 30.0445038718 39.1232343322 48.2402064481 80.6008109525 86.9665374276 7.99182043274 5.62118378693 4.66791127644 3.53281685295 4.00108390355 4.51132304222 4.02055683401 5.95756251922 13.4142958823 6.48283364813 1.9712295771 1.90338980595 1.61897060009 2.93286406459 11636.5403399 90.9859825609 32.9270025961 3.20188790886 1.45859126268 1.01890081843 3.53568185412 2.37817166067 1.21345450255
-9999.0 -9999.0 -9999.0 -9999.0 -9999.0 -9999.0 -9999.0 -9999.0 -9999.0 -9999.0 -9999.0 -9999.0 -9999.0 -9999.0 11.3378404088 21.5889354128 77.7491300398 10.6351210006 29.3294829974 43.8139045162 57.0551551532 14.1326113178 26.1182067564 38.2098754998 408.667948114 9.81893497033 18.4658391835 27.6205504279 9.01673072792 17.8499891726 25.1713435079 30.8143157291 727.373525688 736.906278514 745.082414198 777.904064085 790.035536131 814.91933224 5.36841181273 13.4261659971 15.7589330815 880.898606535 884.198271487 1.69852058324 2.72475606734 3.70591848738 11637.3829272 86.1288747734 49.1102075524 47.3398915749 32.4024716327 25.66600856 4.65621740494 1.15649893646 2.11013203534
-9999.0 -9999.0 -9999.0 -9999.0 -9999.0 -9999.0 -9999.0 -9999.0 -9999.0 -9999.0 -9999.0 -9999.0 -9999.0 -9999.0 11.7657281915 35.3479265101 124.65346014 183.997117208 9.27843967176 240.350748678 308.607068808 12.9616124052 24.6874600928 36.7466492903 513.725071312 523.010732425 7.39031136218 42.7836090045 50.1017888344 57.5140520251 663.388971247 682.249929032 691.900220986 4.4192625733 24.059301436 28.7156444618 11.6078136673 16.4574238123 837.13380266 857.205599577 860.651941753 863.75822838 887.093997448 1.42346837841 1.23500524727 5.92921740654 11638.2990493 2.36592065959 4.40451745478 13.4816364779 5.41924118042 23.3505494684 16.609426909 9.98960370553 7.05437188373
-9999.0 -9999.0 -9999.0 -9999.0 -9999.0 -9999.0 -9999.0 -9999.0 -9999.0 -9999.0 -9999.0 -9999.0 -9999.0 -9999.0 -9999.0 -9999.0 24.6071901789 49.2186267969 217.514345092 229.819796899 319.096588612 330.556478474 12.8647136733 25.7455272918 59.0895699129 532.220867922 548.744349597 554.877054629 4.90334553549 578.835195048 598.678715883 12.1931069948 4.50913460614 8.24729488394 16.1788117766 4.01203527854 7.75664398958 15.8612230784 19.689718131 3.98434460776 2.30541504251 4.38991760126 905.548717547 911.234948003 912.191214653 921.413372634 11638.9353132 1.53098839257 2.78980480641 3.59936097338 3.4751644386 3.59541246407 3.08461228653 5.67487289647 1.05855834347
-9999.0 -9999.0 -9999.0 -9999.0 -9999.0 -9999.0 -9999.0 -9999.0 -9999.0 -9999.0 -9999.0 -9999.0 -9999.0 -9999.0 -9999.0 -9999.0 12.8566656009 12.4600377306 12.2209447606 24.4249652699 10.5946195571 351.65236011 362.040872212 11.4952923719 22.8400711969 10.5662246189 8.42693330622 8.00905051267 568.861736207 6.73009274654 14.3132834696 5.96483030974 4.50013805623 3.94510569679 2.86702534348 3.04151906753 9.52631419945 13.2659117728 2.39306692065 2.00800947273 4.50087757951 7.85129482564 11.0297769304 3.34138264169 914.296396574 922.438816752 11639.1650868 9.45583953068 6.48456696483 1.92954169391 4.98264307357 1.55072270579 1.20598923708 7.01218869437 5.19469502427
-9999.0 -9999.0 -9999.0 -9999.0 -9999.0 -9999.0 -9999.0 -9999.0 -9999.0 -9999.0 -9999.0 -9999.0 -9999.0 -9999.0 -9999.0 -9999.0 -9999.0 -9999.0 12.291723702 35.374058752 44.7693063788 55.0126385122 372.117748251 382.415650983 392.407700847 402.930468568 410.549448978 426.707501967 432.455246749 438.789538649 443.127482303 3.57551472935 3.32998227509 3.67804644982 12.8873688116 3.57165565195 3.38916152198 2.40428402298 7.03517058772 2.96142764645 2.11081821779 1.90610491906 1.56748907637 3.12559534123 4.51703612063 931.602050448 12580.4160434 1.36668807659 2.69328187935 1.49301832861 6.60867996806 3.29554621703 2.42495080914 16.1341749761 8.43657499097
-9999.0 -9999.0 -9999.0 -9999.0 -9999.0 -9999.0 -9999.0 -9999.0 -9999.0 -9999.0 -9999.0 -9999.0 -9999.0 -9999.0 -9999.0 -9999.0 -9999.0 -9999.0 -9999.0 9.77952742954 80.9165339419 157.745481623 168.39887435 14.0350962955 25.6832771315 36.8527987066 45.4388542765 106.028896111 109.958687553 3.7511123518 3.78268140517 450.568031907 457.081268416 460.054302448 15.0995179824 1.90602038832 5.54446090031 7.99418150976 24.018878525 29.552203191 33.5793672282 3.58370973049 4.90863024918 1.67096629432 3.3276206276 1.74123334074 12582.4667692 1.18567298567 4.99395268019 2.71234856401 9.93155597214 18.3582544166 21.4757603293 38.3425275952 9.26367629487
-9999.0 -9999.0 -9999.0 -9999.0 -9999.0 -9999.0 -9999.0 -9999.0 -9999.0 -9999.0 -9999.0 -9999.0 -9999.0 -9999.0 -9999.0 -9999.0 -9999.0 -9999.0 11.3192708763 36.6385265482 71.3298969161 92.7002326072 234.604382436 246.909524429 23.648358391 35.0760529464 44.8740125121 53.4563386746 114.910058114 122.856986011 223.832783088 233.437003839 236.962083199 463.055084449 485.622390873 5.04564051985 3.88027579108 3.58220654374 6.78001454353 2.97770460127 39.2909548431 41.200163907 6.45388473153 8.71570090718 1.64764996033 2744.43630944 2747.91771157 15331.1452225 15336.8623327 1.27412212072 12.6517737687 1.74851731137 1.48708131302 40.9549759656 51.153297373
-9999.0 -9999.0 -9999.0 -9999.0 -9999.0 -9999.0 -9999.0 -9999.0 -9999.0 -9999.0 -9999.0 -9999.0 -9999.0 -9999.0 -9999.0 -9999.0 -9999.0 -9999.0 -9999.0 13.313715763 12.8911791102 23.9223760499 56.3313852453 257.485140825 12.1846281555 12.0043370451 21.2646929422 31.1872815448 77.8966429358 85.079959485 7.89746173476 6.67764206764 241.873542507 245.151335856 734.10854686 736.953551328 1.62534295836 1.37535223766 1.13242764928 1.14583636606 1.32722230599 2706.64292405 2718.85560968 2730.18351003 2734.35864539 2742.63764665 2.01713309067 7.15711703229 8.34310570298 15347.1772963 15346.96462 15347.9674706 15348.9725377 15349.8603429 52.4770832732
-9999.0 -9999.0 -9999.0 -9999.0 -9999.0 -9999.0 -9999.0 -9999.0 -9999.0 -9999.0 -9999.0 -9999.0 -9999.0 -9999.0 -9999.0 -9999.0 -9999.0 -9999.0 -9999.0 -9999.0 11.4727197262 12.188789419 22.345121464 301.038498586 311.818214002 11.6641029174 20.8719595198 31.1289983929 40.6231736035 8.4290591741 14.4126610028 670.166816294 673.73123468 678.34486207 710.526118959 1451.50967177 2629.14930603 2633.40754375 2637.24141811 2640.84818832 2657.95986788 2663.68218422 10.4959918829 4.47425212392 2.8829614004 5.30571903929 3.51458154556 5.72936339886 1.76967628143 40.4062542719 44.8087446038 48.0390504538 48.5208430487 15349.4007024 15402.1031079
-9999.0 -9999.0 -9999.0 -9999.0 -9999.0 -9999.0 -9999.0 -9999.0 -9999.0 -9999.0 -9999.0 -9999.0 -9999.0 -9999.0 -9999.0 -9999.0 -9999.0 -9999.0 -9999.0 -9999.0 -9999.0 11.7435306366 22.4247463721 33.1973375881 320.771451759 9.87017694317 433.078026761 443.457266307 451.617485718 458.007750464 643.627233877 650.104572111 4.200121638 23.2054205602 28.1435223804 4.24275505679 1173.56647563 1166.09208807 2.05332500025 5.03609601548 13.9867723594 3.22256510557 3.4270842085 2.23151470408 1.78958834332 1.29112046855 1.59388607602 35.0786900136 36.7944281326 38.9960045867 3.26693899564 2.27098898739 49.9302441173 50.7112275832 51.0428122845
-9999.0 -9999.0 -9999.0 -9999.0 -9999.0 -9999.0 -9999.0 -9999.0 -9999.0 -9999.0 -9999.0 -9999.0 -9999.0 -9999.0 -9999.0 -9999.0 -9999.0 -9999.0 -9999.0 -9999.0 -9999.0 10.4570819103 9.77832756256 51.0954311085 392.989783073 413.550625938 424.204771236 9.48075414226 164.06573976 173.388835941 179.211030827 6.40978948629 11.0360506944 14.902470913 278.361237053 281.260334342 283.756654824 1161.74182151 701.288573779 2.83634420067 3.0724580858 2.89297246122 2.04118947921 21.4303870045 25.681679011 29.281013343 31.3491666657 33.3127275312 258.003577922 259.304505499 261.299066723 266.278209159 281.850487772 282.303013562 333.820788388
-9999.0 -9999.0 -9999.0 -9999.0 -9999.0 -9999.0 -9999.0 -9999.0 -9999.0 -9999.0 -9999.0 -9999.0 -9999.0 -9999.0 -9999.0 -9999.0 -9999.0 -9999.0 -9999.0 -9999.0 -9999.0 -9999.0 20.4870359786 31.5389149978 11.4732614207 11.6748237275 131.189181369 140.928562494 147.628707621 56.386386077 62.9619737332 69.414525975 73.508365902 271.646339399 276.058829324 168.308417912 455.248269011 458.122533258 699.19055442 5.73956580825 2.96071504833 1.81867665484 14.8098208429 17.4402588314 1.34611471219 1.22346499647 252.015856429 255.291250731 256.840260973 2.33928486528 3.55572101216 280.007734264 1.2106229006 3.70124201049 4.04574546529
-9999.0 -9999.0 -9999.0 -9999.0 -9999.0 -9999.0 -9999.0 -9999.0 -9999.0 -9999.0 -9999.0 -9999.0 -9999.0 -9999.0 -9999.0 -9999.0 -9999.0 -9999.0 -9999.0 -9999.0 -9999.0 -9999.0 10.3414859884 20.4211727852 87.0994983012 98.9205455007 109.722876839 41.962978438 49.7596081777 7.34130946937 182.02325051 188.425780873 194.15121126 4.54804510548 160.337763758 165.009504294 3.16530870671 683.957769124 6.83505449953 3.43735473481 8.07905875509 11.0528933349 2.00338725338 1.51133727898 234.968830972 249.187095266 251.154261035 2.14391422713 4.13293585678 5.14209870811 5.9879626934 12.1109816552 1.3282855031 3.06070604565 0.600855301733
-9999.0 -9999.0 -9999.0 -9999.0 -9999.0 -9999.0 -9999.0 -9999.0 -9999.0 -9999.0 -9999.0 -9999.0 -9999.0 -9999.0 -9999.0 -9999.0 -9999.0 -9999.0 -9999.0 -9999.0 -9999.0 -9999.0 10.1653485625 32.2723953228 56.5297364134 12.5918171024 23.1120281406 33.416792684 153.779052097 161.911359639 168.491425712 5.70513043658 128.708681657 147.513432662 152.39070484 3.3418428004 670.515426664 678.020193278 3.4271987699 2.99965572623 5.99231482151 2.25080565144 224.425188627 228.369727446 230.822726121 9.24399226307 11.3296810615 1.72244481505 3.0128578884 1.30521264663 9.00610700988 1.40197598287 0.798444385223 0.826255389376 0.902209022949
-9999.0 -9999.0 -9999.0 -9999.0 -9999.0 -9999.0 -9999.0 -9999.0 -9999.0 -9999.0 -9999.0 -9999.0 -9999.0 -9999.0 -9999.0 -9999.0 -9999.0 -9999.0 -9999.0 -9999.0 -9999.0 -9999.0 -9999.0 11.3258704398 12.6535457501 12.9065561301 107.799918908 117.358187077 145.337433063 7.76470996053 102.787106877 118.058396887 6.38352852764 13.5628809568 4.78985932 659.227092112 5.070298917 10.8003553901 13.0887097608 15.1928420175 209.944757558 217.964662061 220.701493051 2.80322748381 5.07221566088 7.03230706291 1.03734858198 0.913178575996 574.716661208 575.639890078 576.373674672 585.136939705 586.167409132 587.341181655 587.988272283
