data/baseflow/mHMbf_acc584.asc
ncols                  80
nrows                 72
xllcorner      4374000.0
yllcorner      5656000.0
cellsize            500
NODATA_value       -9999
[rows 24 to 47 of 72, columns 0 to 54 of 80]
-9999.0 -9999.0 -9999.0 -9999.0 -9999.0 -9999.0 -9999.0 -9999.0 -9999.0 -9999.0 -9999.0 -9999.0 7.60662453377 20.7772280409 27.4020848634 47.3450980979 6.1736886208 12.4158057343 18.1144707585 68.2778414717 71.3668256643 72.1937457063 75.7822456654 81.1331616561 153.090610307 168.20850658 173.365829207 0.720178426413 12.1800901642 12.7038860499 283.36338435 285.367683971 286.158333724 286.97695985 288.013479818 1132.13015015 8.00300076494 2700.87906339 1.89243401165 0.466496813394 20.438397935 19.2381860638 1.80595452249 11.969409327 17.158079012 17.0822724894 11.6566125312 19.0918260909 30.2873297338 11.367215266 30.2352399534 1.77857824151 2.24145384929 0.210583806181 0.184123872166
-9999.0 -9999.0 -9999.0 -9999.0 -9999.0 -9999.0 -9999.0 -9999.0 -9999.0 -9999.0 -9999.0 -9999.0 7.00367591053 13.902298681 6.52130846653 13.1843347423 5.84666315213 44.9766235 56.8519041262 62.7169342566 5.39029610199 9.30396033309 121.182639594 144.613695185 148.476915116 10.248816069 9.08235606768 11.3168575797 0.439183615584 0.389910984818 0.746328663207 0.822392391528 260.004467136 261.263396098 262.634869291 1137.69865183 2718.33296831 2701.55747227 0.695333090976 0.320689744333 0.294009954152 2.34212640137 2.09064524736 12.5735564124 19.2727588257 40.0421154677 3.69146530771 3.69326656878 32.5394091902 34.717877818 69.999473171 71.4107320487 73.886914611 74.3004188075 0.344408095603
-9999.0 -9999.0 -9999.0 -9999.0 -9999.0 -9999.0 -9999.0 -9999.0 -9999.0 -9999.0 -9999.0 -9999.0 -9999.0 6.58228816389 13.3117238185 20.1056513552 32.3994739479 6.73698058118 6.17166112547 63.733765092 69.2906658443 114.133860612 119.466224378 14.9828338001 5.32943953044 5.13880990715 4.79702665289 255.109813441 256.658627865 257.274028831 257.667256662 259.021496212 18.1221975753 20.7317234467 285.85887878 4144.61668474 9.98378707761 6.81715523525 1.68755974315 0.616437126669 0.331865910389 2.93871692094 3.18129278274 13.0779973806 0.242404164039 40.4712123379 4.80752664709 4.67055391603 0.273086935965 0.200992345805 0.198495581703 0.893182100404 0.206943474731 74.509544099 984.631346663
-9999.0 -9999.0 -9999.0 -9999.0 -9999.0 -9999.0 -9999.0 -9999.0 -9999.0 -9999.0 -9999.0 -9999.0 -9999.0 -9999.0 6.43075746605 18.7850270196 31.7225757909 45.1905386396 51.3856383014 57.7627312836 18.3325680527 30.0356122603 5.27476136012 5.17932214509 230.77653275 241.034161609 245.987734742 251.175983082 3.45735559087 5.41133608035 14.7477168769 15.3716307083 16.2913130192 2.74409320071 4.96614684616 4158.032786 3.85705473983 3.92340913716 1.83578442042 3.81621180654 1.73538156213 1.38353253814 17.270131028 19.9939191052 0.995395371396 41.958703509 46.9456313734 4.82813482632 1008.92539017 1008.44445564 1007.99520151 1005.99000137 1004.08323456 988.358721749 986.638006779
-9999.0 -9999.0 -9999.0 -9999.0 -9999.0 -9999.0 -9999.0 -9999.0 -9999.0 -9999.0 -9999.0 -9999.0 -9999.0 -9999.0 4.36234784488 9.57466105433 13.3826725975 146.75145674 153.104642103 6.4325273849 6.20803830266 5.85098431119 209.083166107 220.279291989 5.40630635706 5.31645446853 4.72618239309 18.5674306118 23.0537598625 10.0825570763 11.7958476112 105.75031026 107.955647174 115.734087108 182.124458187 4343.51003972 4.50422743874 1.70890016734 6.53843640217 5.13679614876 1.52192608993 4.54337645057 6.18655789839 21.8561114172 23.724222401 73.5136677776 47.5445820839 5.13656357829 1033.96133743 14.107719336 1007.42155272 1006.75020296 13.9360402675 1.84980032279 0.270731372256
-9999.0 -9999.0 -9999.0 -9999.0 -9999.0 -9999.0 -9999.0 -9999.0 -9999.0 -9999.0 -9999.0 -9999.0 -9999.0 -9999.0 23.0092657311 37.8760592911 75.1972531107 136.307696969 167.437245201 185.949384062 191.925299958 197.965277959 203.751808994 5.54462384999 5.10687428532 9.87987245599 9.40248735729 4.70059729417 92.5058707154 96.8954468979 101.046027124 104.810373722 51.8076030984 52.6968594366 59.3404730759 4346.31677439 8.17247031913 5.00821120488 12.29975464 1.17203682267 5.05834058503 3.11513674937 1.54185850415 8.58546051284 1.49907914496 1.54206879336 1115.79035065 1040.94258525 1039.30664798 5.42517129926 13.5758070924 7.60964413263 1.06934255408 8.6521167602 1.43763536644
-9999.0 -9999.0 -9999.0 -9999.0 -9999.0 -9999.0 -9999.0 -9999.0 -9999.0 -9999.0 -9999.0 -9999.0 -9999.0 -9999.0 16.0813731851 15.8352768071 31.3263678568 46.4447472677 8.44321157137 6.05878992651 12.2564129055 18.2676703554 29.3973158964 34.997519792 40.3232389169 55.5792871623 60.3478868063 65.2228064223 4.16472747085 45.1677769144 48.1784975205 49.6211098324 0.567218562479 0.14359581257 0.444207351841 4404.85468755 4407.55157873 4420.87790439 15.6902509518 2.36427664636 6.95406958087 1.60038087798 2.91918736097 10.2287699619 13.0353651585 2.84824721908 1123.80738844 3.27996527324 3.24059382505 3.2120088279 3.81067474761 5.01500183303 2.26656774827 6.87151739791 3.69745418046
-9999.0 -9999.0 -9999.0 -9999.0 -9999.0 -9999.0 -9999.0 -9999.0 -9999.0 -9999.0 -9999.0 -9999.0 -9999.0 -9999.0 -9999.0 15.4658685085 30.277846258 13.9581399045 27.7840766702 172.022877573 180.324037718 186.332263596 5.65628918032 5.57598358497 10.9096807247 16.0689090481 25.626382149 30.1955375863 32.6479890019 36.6688837012 3.29505705502 1.97848258906 52.2429156987 52.4777087983 53.5384468986 55.323818542 52.3553363467 4481.09013541 4508.32691766 4509.53901283 4517.62809593 4523.62549499 4528.77586913 1.67673314023 14.5002995115 1125.51356061 4.04680729508 2.06754920757 3.52305693539 3.31306811544 5.20079969349 2.83069506387 1.58947704063 2.06753485748 1.32113219152
-9999.0 -9999.0 -9999.0 -9999.0 -9999.0 -9999.0 -9999.0 -9999.0 -9999.0 -9999.0 -9999.0 -9999.0 -9999.0 -9999.0 -9999.0 -9999.0 44.8878600212 59.3706016607 103.0666086 130.841575934 13.1826031338 205.856230909 211.490284473 217.091814318 5.49344684095 10.8202557216 4.89354337483 36.0608778795 38.2341319147 41.7273236996 44.8336205547 51.4550433202 51.9667755022 0.343157661979 43.834573965 47.8123833437 50.4789240501 57.5839462506 9.23872877372 5.66276744177 2.9656634486 2.77835228662 4533.63456834 4536.57084245 4563.0559446 1127.59305796 12.2960480296 6.38927635048 4.79827023364 1.06985136277 11.0411576019 4.55554846825 1.43871899812 7.02680850806 5.76703605887
-9999.0 -9999.0 -9999.0 -9999.0 -9999.0 -9999.0 -9999.0 -9999.0 -9999.0 -9999.0 -9999.0 -9999.0 -9999.0 -9999.0 -9999.0 -9999.0 15.3932707222 74.3740798714 89.5059516944 13.1875229144 6.07265092649 12.0728911136 17.5367506035 240.252317401 5.46559020101 21.9253876111 26.956347527 31.882695948 2.34270932076 5.61331631328 6.44633215323 34.8246716564 37.7270595035 39.6284083668 1.90742387932 1.52025810719 1.37128749129 2.49980554122 0.896566609075 0.969799263424 2.11927499229 1.55227133761 2.2044630304 9.65806593942 4566.12568504 5701.62863083 15.24618101 2.01333932281 1.45837276682 29.6093480292 27.3024070526 14.5207431081 12.643003502 8.87508813226 2.0062564091
-9999.0 -9999.0 -9999.0 -9999.0 -9999.0 -9999.0 -9999.0 -9999.0 -9999.0 -9999.0 -9999.0 -9999.0 -9999.0 -9999.0 -9999.0 13.9188022257 43.3646037174 14.1590632517 9.78717437911 6.82307183105 13.223103484 19.3520490847 27.3690652034 279.733070404 285.030199677 5.4306292941 10.4693067707 15.4921465803 18.622688624 21.1597402706 28.0018149862 33.0997866998 0.359143254451 1.23447705128 1.35458801633 2.24744199913 2.07256896403 1.98424116296 1.68757191998 1.86776927995 10.8520704876 5.37211218042 4.37544041037 4.36803116102 2.7571195955 5.05652894664 5816.83078188 98.4294857427 40.4220015621 6.99161951505 3.38894460829 2.16302546506 5.44951857574 3.08018469729 1.288333362
-9999.0 -9999.0 -9999.0 -9999.0 -9999.0 -9999.0 -9999.0 -9999.0 -9999.0 -9999.0 -9999.0 -9999.0 -9999.0 -9999.0 14.5298618505 28.2696705541 99.8583693026 14.0859849655 23.2463365326 29.891469637 36.1716280604 6.46202436323 12.2114937594 22.7624802261 318.978761424 5.18753273317 9.99036210967 14.692730908 4.15035529079 7.90731307361 8.25706047265 11.8851047918 482.705205647 485.830002032 489.156724208 507.143225748 513.340618386 527.483255338 4.21138671277 8.47904620311 12.9855302691 577.405546877 584.323956938 4.01330888569 5.92450134259 7.84526804146 5820.50679587 95.4444290955 44.0565069151 39.773939209 36.1025680113 32.880145844 7.2115624459 2.13344312777 3.00571508556
-9999.0 -9999.0 -9999.0 -9999.0 -9999.0 -9999.0 -9999.0 -9999.0 -9999.0 -9999.0 -9999.0 -9999.0 -9999.0 -9999.0 14.7251552323 44.68844671 159.226842976 236.852286586 13.037359613 309.935823109 359.006242507 6.10377990581 11.7823554568 20.8505429942 381.984742133 391.175356252 4.63350307945 23.9566121107 28.0478684195 30.4248476171 463.58229628 466.18506052 470.060346476 2.23900205622 12.7413113414 15.1593110353 7.38233386243 10.5779514529 542.94293642 556.574870432 559.480937864 562.301367213 588.485471154 2.03813930961 1.90748924396 11.709659352 5824.8404925 6.16020680208 0.0961878923653 0.188556088629 0.0584130520346 27.6077641397 27.2693153038 16.4311257941 10.6355185457
-9999.0 -9999.0 -9999.0 -9999.0 -9999.0 -9999.0 -9999.0 -9999.0 -9999.0 -9999.0 -9999.0 -9999.0 -9999.0 -9999.0 -9999.0 -9999.0 31.4186135679 63.5022152762 281.21555127 296.571236161 372.810835137 386.105710205 6.01615532855 12.0221597912 30.8423292684 402.765752935 413.459355 417.725774567 3.6477770403 430.14040752 432.473725648 1.86627108415 2.26317804391 4.37087175328 8.63323627698 2.1444830043 4.42658503125 10.1421269114 12.8316016737 2.47658847819 1.8988320429 3.85486263874 600.802721962 604.383826281 606.105252391 622.163338472 5828.56616816 5.93485318654 0.0758713539317 0.0338998945546 0.0327741540126 0.0342934551128 0.0287136707583 0.0513395832671 2.37774713109
-9999.0 -9999.0 -9999.0 -9999.0 -9999.0 -9999.0 -9999.0 -9999.0 -9999.0 -9999.0 -9999.0 -9999.0 -9999.0 -9999.0 -9999.0 -9999.0 16.4789055103 16.1863453376 15.728620167 30.4013922946 13.5470909878 413.0966646 425.296736732 6.86611507822 12.3835307245 5.56255535183 4.88754164342 4.78007044843 424.255350356 0.522085118938 1.02954886646 1.37522229064 2.29214206138 2.12440113334 1.80834837292 1.86428669044 5.71349767532 7.77573303613 1.65485098182 1.50426045536 3.23151241039 5.26694202091 6.3557059299 1.46466162888 608.214437809 624.020606957 5831.67808315 10.0988655776 0.123585978022 0.0151992028459 0.0441564721267 0.0118444079194 0.00898613334545 0.0617138216262 10.4546908084
-9999.0 -9999.0 -9999.0 -9999.0 -9999.0 -9999.0 -9999.0 -9999.0 -9999.0 -9999.0 -9999.0 -9999.0 -9999.0 -9999.0 -9999.0 -9999.0 -9999.0 -9999.0 15.987370672 45.1404153825 58.2568606858 71.5576717643 438.107186141 450.514364492 462.35601476 472.749698186 477.402894325 486.85812401 487.519360166 487.940837044 488.766176977 2.05706942492 1.97820379156 2.06428822406 7.6653932736 2.01681192153 1.96804342885 1.64542018722 4.88449513418 1.88622686981 1.56460588513 1.47231679615 1.29198254628 2.57946065043 3.80086977582 631.985018393 6476.62783126 3.9687647351 7.46745186342 0.00981373778984 0.0865330130725 0.118201523338 0.0180915273513 18.7344132681 17.0651259409
-9999.0 -9999.0 -9999.0 -9999.0 -9999.0 -9999.0 -9999.0 -9999.0 -9999.0 -9999.0 -9999.0 -9999.0 -9999.0 -9999.0 -9999.0 -9999.0 -9999.0 -9999.0 -9999.0 13.703950898 106.224077005 206.802820502 220.282454023 12.1099548138 18.9862535499 24.4514848367 28.9268151976 58.849668742 60.7113488781 1.90473918872 1.83724373193 492.802530661 496.607036065 498.454995282 9.26528256538 1.53042643374 3.6135790568 5.32679332542 15.9333440336 19.5201345475 22.5319676892 2.80491618118 3.97151349426 1.35456532384 2.71559204719 1.40667191751 6479.59575655 3.58303738754 14.4446891296 3.38358679882 4.45624097379 21.2099894705 22.9999881897 43.601207716 13.2637687316
-9999.0 -9999.0 -9999.0 -9999.0 -9999.0 -9999.0 -9999.0 -9999.0 -9999.0 -9999.0 -9999.0 -9999.0 -9999.0 -9999.0 -9999.0 -9999.0 -9999.0 -9999.0 14.967084212 47.268255213 92.7815206719 121.547492464 307.879650359 320.831146684 11.405490638 16.9108482842 21.4905356025 25.8286502651 61.6248020492 64.9918975289 101.726953067 104.260347569 105.961365132 500.402561155 515.038789459 3.55652933654 2.1958029386 2.12961199379 4.15942671489 1.94993654679 26.2854502672 27.7304809366 5.27348312175 6.39427477195 1.33704599468 2069.07058338 2072.10910181 8554.35671505 8573.73525748 3.77291955928 12.2645108411 7.71133900214 5.27520872277 50.3894485699 65.6036961298
-9999.0 -9999.0 -9999.0 -9999.0 -9999.0 -9999.0 -9999.0 -9999.0 -9999.0 -9999.0 -9999.0 -9999.0 -9999.0 -9999.0 -9999.0 -9999.0 -9999.0 -9999.0 -9999.0 16.7396247235 16.2772893511 31.0695014398 74.1539505848 334.089071151 5.83391521969 5.76251209704 10.5001405144 14.9956498728 31.8436062165 32.9162641519 0.689112998643 1.72908096171 108.269172003 110.338749262 627.039482579 628.604527369 1.41979556416 1.2829102312 1.13070854221 1.1402846566 1.19953596774 2044.20611714 2052.57239337 2060.06064256 2062.42074364 2067.88006601 1.57939123411 5.91542409031 7.65883423783 8586.37844198 8589.11240694 8591.08502992 8592.52802621 8593.58031265 67.2459713494
-9999.0 -9999.0 -9999.0 -9999.0 -9999.0 -9999.0 -9999.0 -9999.0 -9999.0 -9999.0 -9999.0 -9999.0 -9999.0 -9999.0 -9999.0 -9999.0 -9999.0 -9999.0 -9999.0 -9999.0 15.1680662969 15.7500558462 29.4507381823 391.534740013 403.887538406 5.66292192388 10.2942002509 14.8774810473 16.0342694374 0.807354182814 2.59905082822 722.499822296 724.474572804 726.042700098 739.454015627 1369.60729009 1990.58215265 1993.78565831 1996.7996333 1999.70634647 2011.3501 2015.02364259 7.08632975909 3.27483026386 1.91569667644 3.65272920701 2.93123147658 4.60140337078 1.51442666531 31.0011407579 40.3441079765 48.8601428143 49.9594378218 8594.83606766 8663.73317149
-9999.0 -9999.0 -9999.0 -9999.0 -9999.0 -9999.0 -9999.0 -9999.0 -9999.0 -9999.0 -9999.0 -9999.0 -9999.0 -9999.0 -9999.0 -9999.0 -9999.0 -9999.0 -9999.0 -9999.0 -9999.0 15.4245956126 29.6374371339 43.8905503787 415.52156136 9.27283305769 547.386188974 552.118812492 552.912581858 554.580520821 715.209547148 717.618390137 2.18779202383 10.0362222632 12.168837079 2.26160519313 617.736815202 613.543137947 1.4807140243 3.40315983096 8.98924350354 1.9278874611 2.04778128947 1.65252631001 1.47857714142 1.20301247237 1.39967421622 26.0576418674 27.5363454178 29.2514574008 6.86125734878 5.68591245216 53.5910295899 55.5695417988 56.4726083702
-9999.0 -9999.0 -9999.0 -9999.0 -9999.0 -9999.0 -9999.0 -9999.0 -9999.0 -9999.0 -9999.0 -9999.0 -9999.0 -9999.0 -9999.0 -9999.0 -9999.0 -9999.0 -9999.0 -9999.0 -9999.0 14.2415136019 13.4147384101 69.2154715271 510.928329852 532.975479386 542.824670411 4.85971548462 158.445658581 158.974185954 159.357401824 2.0673361905 4.45893363625 6.69009748277 148.18879451 150.007247255 151.653746958 610.424871544 389.285314961 1.89548378092 1.91166230173 1.82088310472 1.53455031186 15.1456287456 18.4092146052 21.333012076 22.9727944815 24.5637459195 127.794016931 129.103395984 130.161378196 132.604122796 147.931566661 148.959978765 206.604258416
-9999.0 -9999.0 -9999.0 -9999.0 -9999.0 -9999.0 -9999.0 -9999.0 -9999.0 -9999.0 -9999.0 -9999.0 -9999.0 -9999.0 -9999.0 -9999.0 -9999.0 -9999.0 -9999.0 -9999.0 -9999.0 -9999.0 27.9027968799 42.4227547366 13.6261494218 5.75316804137 143.832011071 148.989058215 151.981666658 32.950335816 33.3916313456 34.1124958728 36.1178779074 144.212046715 146.484562716 64.0445257587 217.657912002 219.510222094 387.772959456 3.75088632399 1.89054122667 1.43693912631 10.2940230609 12.1021344403 1.26560747568 1.19352276109 121.874213539 124.928063032 126.58210208 1.24709535694 1.76251526154 145.042101193 1.72883486968 7.72429489047 8.68348324333
-9999.0 -9999.0 -9999.0 -9999.0 -9999.0 -9999.0 -9999.0 -9999.0 -9999.0 -9999.0 -9999.0 -9999.0 -9999.0 -9999.0 -9999.0 -9999.0 -9999.0 -9999.0 -9999.0 -9999.0 -9999.0 -9999.0 13.9789733459 27.6690566021 111.451785106 124.57699135 132.993053122 28.6015996034 32.4939472594 0.514282428813 104.749630181 105.226216731 105.880064516 1.4766435481 59.7524087298 62.0775615789 1.91128966539 378.220240849 4.02034245125 2.00145075929 5.43582972248 7.331696634 1.55306349547 1.31578678167 107.404895362 118.976827295 120.790790107 1.71511375258 4.04410686661 5.13603037129 6.20068339504 11.7032314704 2.85471698628 6.3058523104 1.35654244694
