data/baseflow/mHMbf_acc444.asc
ncols                  80
nrows                 72
xllcorner      4374000.0
yllcorner      5656000.0
cellsize            500
NODATA_value       -9999
[rows 24 to 47 of 72, columns 0 to 54 of 80]
-9999.0 -9999.0 -9999.0 -9999.0 -9999.0 -9999.0 -9999.0 -9999.0 -9999.0 -9999.0 -9999.0 -9999.0 22.5488069604 62.0580531714 80.7659988332 137.315082699 15.5714982772 31.7163637084 46.7477507923 187.055283753 201.594075465 217.388895027 229.523858929 240.481552569 350.047381594 381.429066118 400.894772518 9.60720949038 52.3843617624 61.9829998158 797.432257873 839.891456749 862.330253461 886.111399522 899.6312523 3399.92388893 1.23091209184 6416.72107131 5.7770354383 3.49364717369 46.878102256 39.8173228407 6.94314183091 18.9878173417 28.3408412061 27.178146095 18.4139244544 30.6819541881 48.9526467926 19.5312986853 46.7414385205 4.89673522285 8.59746379818 1.23419422817 0.885646035167
-9999.0 -9999.0 -9999.0 -9999.0 -9999.0 -9999.0 -9999.0 -9999.0 -9999.0 -9999.0 -9999.0 -9999.0 20.9015596272 41.3417474806 19.3101682232 38.6151013005 16.3901929457 126.707215166 156.685533794 172.513692109 14.1491823441 28.7089463984 263.55201875 328.294556914 341.43084032 20.7347716472 23.0346588217 36.3266567099 8.16819250945 7.30460351389 13.4438195836 4.88528838615 385.502078627 391.482864941 393.307435656 3403.94897622 6445.32608143 6419.05496092 5.19839225946 3.07815919335 2.79627576613 14.8489091845 12.2719797294 26.5552019166 34.9144806736 68.651925521 6.43887312608 6.38981583896 55.0070976562 61.3794595737 118.333632847 120.820783883 130.577787499 132.774465376 1.86646815897
-9999.0 -9999.0 -9999.0 -9999.0 -9999.0 -9999.0 -9999.0 -9999.0 -9999.0 -9999.0 -9999.0 -9999.0 -9999.0 19.6308726317 39.2950026855 59.130995873 93.2677112224 17.2076278047 15.259098907 102.621171286 116.462008718 234.892133545 249.51350838 40.5887421134 12.3423677619 9.64068554755 9.02495667456 348.741343102 355.320734747 362.978517912 369.260471719 379.785773422 67.6982405677 69.7914169983 464.954275534 10316.7600168 20.0542586555 13.4255656953 7.65773743329 2.22747228055 2.12804953589 19.7263311569 21.0514836089 30.8933624591 2.41422189327 72.2913903899 11.6998925755 11.5807709676 2.39172303434 1.26104814289 0.939745966509 0.666035067474 0.939928270973 133.845514269 1664.52538525
-9999.0 -9999.0 -9999.0 -9999.0 -9999.0 -9999.0 -9999.0 -9999.0 -9999.0 -9999.0 -9999.0 -9999.0 -9999.0 -9999.0 18.5292434634 32.6989240592 44.9893953285 57.023778924 72.2205468252 87.9426964191 44.3998240361 74.886747299 14.4915880946 13.5521165987 295.482055175 320.22871543 331.148232705 342.113599095 7.15168298023 13.1604150423 38.5792079865 51.7987611047 61.5342757514 3.03489191575 1.1611747763 10326.3296874 5.06692061382 4.09092173622 2.34321818557 9.84502407456 4.45450201886 1.79109646818 53.3783352654 54.2612448847 0.798689810081 73.1103553548 86.0238903429 13.3266966043 1711.31297857 1708.00934211 1705.75707849 1702.29335624 1701.11851552 1676.93159336 1675.90365018
-9999.0 -9999.0 -9999.0 -9999.0 -9999.0 -9999.0 -9999.0 -9999.0 -9999.0 -9999.0 -9999.0 -9999.0 -9999.0 -9999.0 4.01068215345 8.67793179247 12.4480512983 128.163620832 143.567972888 15.6951995599 14.7310363687 15.1409071923 242.077691774 270.52635368 13.3499732288 13.6049888775 10.6683426343 45.4413454625 56.6961970258 23.897859193 32.9064927507 264.343903664 273.278484538 282.015882734 441.8317935 10771.0072459 4.83789569341 1.59448495135 15.366530763 12.9715208259 1.26098614014 4.41239169469 5.63446291638 55.3726336682 56.1869728831 144.339084029 86.6111848593 15.5039727674 1738.86651334 6.16266326658 1703.9532698 1703.16703744 22.8560866305 1.01026628189 9.07839267466
-9999.0 -9999.0 -9999.0 -9999.0 -9999.0 -9999.0 -9999.0 -9999.0 -9999.0 -9999.0 -9999.0 -9999.0 -9999.0 -9999.0 19.2934901351 32.154846717 64.8728825994 114.105058889 155.016256127 184.664782862 199.657125421 214.777625854 229.177509532 13.8733797165 11.9173397165 23.6394619835 22.2949810329 12.1707656749 227.480800856 238.47387578 248.346001354 257.8113076 148.077678025 154.265284298 158.469936355 10773.611458 8.63049857985 5.82582039126 24.4556366719 3.46568636502 2.3245967515 1.17669582603 1.15173759909 6.66434428243 0.689781938063 0.710264525992 1886.66694444 1741.86165621 1741.21488281 2.62291691905 5.27020703279 3.47422957442 0.822553667329 21.1276230017 5.98110109337
-9999.0 -9999.0 -9999.0 -9999.0 -9999.0 -9999.0 -9999.0 -9999.0 -9999.0 -9999.0 -9999.0 -9999.0 -9999.0 -9999.0 13.2890029259 12.9544401372 25.7380260657 37.9071585246 15.9815162193 18.7501400209 34.28947885 49.4315636109 78.0247274912 91.9009590178 102.92732568 138.063326714 148.01925013 160.275288504 10.9443993011 108.173902283 117.886360429 128.868571914 10.4094503693 8.06010723753 13.7918488307 10951.3646073 10953.7579913 10967.0921698 35.18695571 7.69974265351 4.14101837709 1.05226933093 2.00042288575 7.52185760507 8.8918926717 1.26913671154 1889.4428817 0.757096857411 1.25709321696 1.43556628904 0.933155377226 2.02948765481 0.824953156239 14.2058121084 11.8060551666
-9999.0 -9999.0 -9999.0 -9999.0 -9999.0 -9999.0 -9999.0 -9999.0 -9999.0 -9999.0 -9999.0 -9999.0 -9999.0 -9999.0 -9999.0 12.7295956415 24.6283340594 10.9343491349 22.9700843517 139.83359495 152.434747757 166.380316211 13.9634152896 13.9816136828 25.3024431142 37.23959101 56.174195493 67.2488822333 76.0237386055 86.7875465926 8.59609130124 8.91635935429 144.006899489 153.247661018 157.571758634 161.221320304 129.104831969 11110.0685832 11163.7694097 11166.7856997 11173.3979676 11182.3258753 11184.4696474 0.542333376628 9.50081114369 1889.82806565 0.932240802652 0.476267624697 0.533715867801 0.605760455318 1.12784412532 1.29339023616 0.756140253157 1.25677233183 1.29123185888
-9999.0 -9999.0 -9999.0 -9999.0 -9999.0 -9999.0 -9999.0 -9999.0 -9999.0 -9999.0 -9999.0 -9999.0 -9999.0 -9999.0 -9999.0 -9999.0 36.3679655546 47.2897839334 80.483461699 104.695740338 12.1680714192 194.590905559 207.681512673 219.476934395 11.0732365869 21.5424787097 8.42943842294 70.0892447247 77.1454253696 88.2131714805 100.628540639 127.386220277 135.047070481 4.52330198008 116.035000653 122.964749504 125.885548653 140.393669848 16.0128542153 9.02075152572 4.90094367245 3.98626635425 11186.8459582 11187.0997049 11200.8107032 1890.0979284 2.90931365158 1.66058396646 1.07347206424 0.44266174084 3.80900537763 2.12725528162 0.655064014349 3.85157954862 3.29617451731
-9999.0 -9999.0 -9999.0 -9999.0 -9999.0 -9999.0 -9999.0 -9999.0 -9999.0 -9999.0 -9999.0 -9999.0 -9999.0 -9999.0 -9999.0 -9999.0 11.5749929893 58.6581171934 70.2091605114 12.8853334923 14.6034524079 30.577131695 45.0003006973 277.035367159 11.0243864028 44.1676160978 53.2236561392 61.9893546193 8.30480242075 18.2680661167 25.0624814199 88.5746638481 101.744967757 104.678605551 3.56059072478 3.7328023159 4.66420318023 8.25994127181 4.1082467287 4.31107148132 3.19366952913 3.44468598945 2.59614879487 4.14962087238 11201.1194156 13092.2726409 3.47357407757 1.94942478476 0.42094493162 12.4119229167 11.4501723927 6.99004175083 6.33700386765 4.82681245419 1.19513924003
-9999.0 -9999.0 -9999.0 -9999.0 -9999.0 -9999.0 -9999.0 -9999.0 -9999.0 -9999.0 -9999.0 -9999.0 -9999.0 -9999.0 -9999.0 10.860428253 32.2640571288 10.1341759531 14.0523825191 15.6067605896 29.5814310045 43.7904266177 54.4980743555 340.025082028 349.945679884 10.3366397473 19.0626995777 28.0755474471 35.8776830504 45.1820833755 80.0016571862 85.0093489477 9.41295121663 5.06686166437 3.22288134156 1.00045077903 2.94149602497 3.41558543155 5.81798490469 7.98027785655 9.39513486813 4.12105048725 0.535275944305 0.516672216879 0.505818040176 0.952709516811 13137.4803221 40.4005357832 14.6183711162 1.18878864417 0.586221421515 0.390432064186 1.48304603466 1.05494506419 0.568329255198
-9999.0 -9999.0 -9999.0 -9999.0 -9999.0 -9999.0 -9999.0 -9999.0 -9999.0 -9999.0 -9999.0 -9999.0 -9999.0 -9999.0 11.9958663009 22.0775440869 74.7274357496 9.40046582898 25.0140608039 40.0408314501 53.5583088272 14.1806068294 26.0601060703 35.5965489473 392.958674544 9.48517857193 17.3829887359 25.8935270918 9.24804581696 18.5138908552 27.6540810804 32.7357767646 660.743946379 668.881282037 675.995962486 696.004311922 702.045472336 715.206338289 7.20333868846 17.6023634486 11.5953809315 759.191248042 760.178596318 0.472267951721 0.856829844737 1.22462580578 13137.5096488 36.1980228975 20.0440172412 19.2559530138 13.1271784486 10.417305529 1.95415897608 0.446412665631 0.944095412907
-9999.0 -9999.0 -9999.0 -9999.0 -9999.0 -9999.0 -9999.0 -9999.0 -9999.0 -9999.0 -9999.0 -9999.0 -9999.0 -9999.0 12.0301222418 36.1973289486 122.393518186 181.198898849 7.97699541962 230.728031296 292.981839346 12.6235406005 23.9604758269 33.7731605079 486.982146218 493.524736927 5.01664319828 36.1001450553 41.7005348235 49.4717641706 602.377891933 617.325314156 622.874227872 2.48570295058 14.6895172958 17.5137816378 5.05702727624 6.57491486756 725.107822301 745.166976948 746.172610344 747.086347576 761.143198521 0.481782643033 0.424812322328 1.98916063587 13137.5355157 0.731092634267 1.8242931949 5.48907109752 2.12867318685 9.48181855373 6.3982143386 3.80391854558 2.75733830619
-9999.0 -9999.0 -9999.0 -9999.0 -9999.0 -9999.0 -9999.0 -9999.0 -9999.0 -9999.0 -9999.0 -9999.0 -9999.0 -9999.0 -9999.0 -9999.0 24.3554481893 48.7749453082 212.083275737 222.831685803 302.120432132 310.996601868 12.2485711403 24.5068468921 53.3385544523 499.236892803 509.774462508 513.3490031 2.63731568108 528.401111855 544.476636805 8.80303546058 2.4767934806 4.83974260968 9.12244826177 2.13796459187 3.85946370923 7.78855244937 9.12428320869 1.64559305116 1.02322777361 1.88325563061 771.044029856 775.135323265 775.482052523 778.597848714 13137.508142 0.571188793676 1.30492171961 1.53441454577 1.50914760886 1.54734841494 1.35898301515 2.56285252192 0.375490502933
-9999.0 -9999.0 -9999.0 -9999.0 -9999.0 -9999.0 -9999.0 -9999.0 -9999.0 -9999.0 -9999.0 -9999.0 -9999.0 -9999.0 -9999.0 -9999.0 12.6839389612 12.3002376203 11.3621056702 20.7287114311 8.33113759267 327.871709853 335.610481875 9.87114787067 19.9720866579 7.33325123391 4.96142865486 4.66456704428 522.092044222 5.48492959571 11.421370995 4.37393460172 2.76642682346 2.15773211589 1.52368517322 1.6030578831 4.92538233392 6.82429815905 1.21630669528 1.02407581966 2.23888291986 3.82842777098 6.60076934735 3.05424464335 776.234872334 778.938192227 13137.3793018 4.55463410534 3.32822044825 0.980756158307 2.34590008833 0.851248479024 0.695372949276 3.30590646681 1.94003969011
-9999.0 -9999.0 -9999.0 -9999.0 -9999.0 -9999.0 -9999.0 -9999.0 -9999.0 -9999.0 -9999.0 -9999.0 -9999.0 -9999.0 -9999.0 -9999.0 -9999.0 -9999.0 12.0366477534 31.2070614731 39.5262434483 47.7914127969 343.742273695 352.179634196 359.612036796 366.486333218 370.927401879 380.465823448 385.095974829 390.325909489 393.797049968 2.42568807567 2.21756304489 2.2364377362 7.09416463636 1.85356156969 1.72962915966 1.28715247668 3.68256964744 1.42083220323 1.05870690038 0.976555191015 0.841799128042 1.67982345861 2.42137516592 783.654919112 13925.4536776 0.616408918542 0.960969881504 0.823286186184 3.23778427021 1.80223977144 1.39656189 6.91900113716 3.35143253238
-9999.0 -9999.0 -9999.0 -9999.0 -9999.0 -9999.0 -9999.0 -9999.0 -9999.0 -9999.0 -9999.0 -9999.0 -9999.0 -9999.0 -9999.0 -9999.0 -9999.0 -9999.0 -9999.0 9.52685567682 77.888160953 146.075823857 153.763371025 10.3721953972 20.0428575352 29.9949586378 36.7380184904 87.7484447342 90.4802924648 2.58164877628 2.50621666669 399.812834182 404.257187058 406.171863731 8.26970789184 0.851417958234 2.18300096894 3.27173506804 10.50028312 13.1274725644 15.1211614472 1.81966183153 2.53198672183 0.849080432571 1.68972627216 0.874142137669 13926.4266612 0.37609631903 1.8047379307 1.11990573765 4.65608923887 8.67021387399 10.3263021966 17.5437162687 4.09594751754
-9999.0 -9999.0 -9999.0 -9999.0 -9999.0 -9999.0 -9999.0 -9999.0 -9999.0 -9999.0 -9999.0 -9999.0 -9999.0 -9999.0 -9999.0 -9999.0 -9999.0 -9999.0 10.9477325439 35.3640699974 68.6784407484 89.1615087468 215.952208028 224.958978113 21.0210517415 31.1500984673 39.9450111483 46.4752609304 94.3251457725 99.9710053344 188.533082061 197.340022799 201.433401903 407.689387198 418.956184315 2.04548172338 1.43828977829 1.32385283591 2.47647374883 1.15331801012 17.5188452138 18.4511883587 3.3258644667 5.36421344629 1.65514789668 2246.71943882 2248.49596079 16175.0034032 16176.7948814 0.549296969793 5.82300540869 0.733951223788 0.490603453476 18.5916297201 23.0232708769
-9999.0 -9999.0 -9999.0 -9999.0 -9999.0 -9999.0 -9999.0 -9999.0 -9999.0 -9999.0 -9999.0 -9999.0 -9999.0 -9999.0 -9999.0 -9999.0 -9999.0 -9999.0 -9999.0 12.8072158954 12.2832261986 22.7710995 53.2173269754 234.188528595 10.8578531138 10.686131228 17.9817231475 26.8824789028 69.3610353702 75.6980898639 6.43626608973 5.02400729117 204.222730285 205.492650365 626.472720637 628.40405893 0.647820692201 0.574601444255 0.488776366519 0.492631930672 0.633977710599 2223.82697227 2229.70597442 2236.98417565 2241.13576257 2245.07725389 0.997764258574 3.63284504953 4.05559695838 16181.5252999 16181.2570273 16181.3832638 16182.0793925 16183.8926252 23.9678555899
-9999.0 -9999.0 -9999.0 -9999.0 -9999.0 -9999.0 -9999.0 -9999.0 -9999.0 -9999.0 -9999.0 -9999.0 -9999.0 -9999.0 -9999.0 -9999.0 -9999.0 -9999.0 -9999.0 -9999.0 10.9198734024 11.6051983256 21.0673583621 274.809080323 282.565324866 10.325297921 17.7293450816 26.9652868053 37.0497583119 9.23762629968 15.2454209351 596.133596252 597.906693561 602.19345039 623.861485356 1254.89290881 2188.88736116 2190.67205345 2192.22086741 2193.75025275 2201.81239408 2204.52166411 5.01655020008 2.15086229447 1.35435684483 2.51447466287 1.8174693904 2.89491393977 0.865275475849 21.0031363599 22.622796243 24.2532130431 24.4620956299 16183.6114284 16207.8335758
-9999.0 -9999.0 -9999.0 -9999.0 -9999.0 -9999.0 -9999.0 -9999.0 -9999.0 -9999.0 -9999.0 -9999.0 -9999.0 -9999.0 -9999.0 -9999.0 -9999.0 -9999.0 -9999.0 -9999.0 -9999.0 11.1140968396 21.039081629 31.0609571108 290.43694765 6.67539396765 384.918972152 394.155837683 403.441395284 410.219552618 568.600704948 575.490972844 1.75774536774 14.9161548719 17.8403002315 1.71893017727 932.381173753 929.1588808 0.938040872487 2.24275022866 6.51057204988 1.52985120759 1.66323645053 1.09226890306 0.93512354736 0.729161529869 0.858774745445 18.4710008209 19.3681283133 20.4664924195 1.28506885854 1.36987037555 25.053293427 25.2997457301 25.4598604011
-9999.0 -9999.0 -9999.0 -9999.0 -9999.0 -9999.0 -9999.0 -9999.0 -9999.0 -9999.0 -9999.0 -9999.0 -9999.0 -9999.0 -9999.0 -9999.0 -9999.0 -9999.0 -9999.0 -9999.0 -9999.0 9.91344377092 9.09624440851 47.5325044385 355.412688019 370.636253755 377.575884803 6.74177700779 132.905656838 142.696704226 147.868688177 6.07853643044 8.26826250729 9.77783075111 207.355961318 208.772056177 209.972592307 927.203323035 583.271215355 1.18930297075 1.45584702363 1.38615964289 1.08011114316 11.4458758432 13.5931126254 15.470401769 16.5269187121 17.5401481657 187.007870881 187.718425432 190.05546257 195.321366725 205.840229647 206.06109022 231.715267932
-9999.0 -9999.0 -9999.0 -9999.0 -9999.0 -9999.0 -9999.0 -9999.0 -9999.0 -9999.0 -9999.0 -9999.0 -9999.0 -9999.0 -9999.0 -9999.0 -9999.0 -9999.0 -9999.0 -9999.0 -9999.0 -9999.0 19.1964826654 29.3428646928 8.57544600404 10.3636722116 109.336489426 116.027044786 120.305622029 39.604347894 45.5562296707 51.2656219208 53.6105979031 204.149365159 206.363004796 130.18519787 341.619365296 342.930621869 582.385065855 2.78767783086 1.50638599246 1.01562495559 7.96547668395 9.35936293567 0.790205841119 0.726324493455 183.89983767 185.620035116 186.380593037 1.5972642719 3.35598061102 204.922218635 0.34655506842 1.43503534928 1.60327171978
-9999.0 -9999.0 -9999.0 -9999.0 -9999.0 -9999.0 -9999.0 -9999.0 -9999.0 -9999.0 -9999.0 -9999.0 -9999.0 -9999.0 -9999.0 -9999.0 -9999.0 -9999.0 -9999.0 -9999.0 -9999.0 -9999.0 9.57012989344 18.8502045234 74.6485392877 83.426379332 91.0814806741 29.1526743543 34.0051896912 5.90602201203 139.283342442 144.321477483 148.599408704 2.61712941635 126.170225402 128.520796861 1.54949036677 575.172253057 3.23776953573 1.67315455656 4.34684459563 5.85929015583 1.11800874237 0.910251289089 174.421787426 182.440279941 183.403020982 1.12332515999 2.43782375717 3.07869080986 3.72203695219 7.16764382848 0.552643076789 1.17903521721 0.232251888034
