data/baseflow/mHMbf_acc244.asc
ncols                  80
nrows                 72
xllcorner      4374000.0
yllcorner      5656000.0
cellsize            500
NODATA_value       -9999
[rows 0 to 24 of 72, columns 0 to 54 of 80]
-9999.0 -9999.0 -9999.0 -9999.0 -9999.0 -9999.0 -9999.0 -9999.0 -9999.0 -9999.0 -9999.0 -9999.0 34.206788089 23.801089138 -9999.0 -9999.0 -9999.0 -9999.0 -9999.0 -9999.0 -9999.0 -9999.0 -9999.0 -9999.0 -9999.0 -9999.0 -9999.0 -9999.0 -9999.0 -9999.0 -9999.0 -9999.0 -9999.0 -9999.0 -9999.0 -9999.0 -9999.0 -9999.0 -9999.0 -9999.0 -9999.0 -9999.0 -9999.0 -9999.0 -9999.0 -9999.0 -9999.0 -9999.0 -9999.0 -9999.0 -9999.0 -9999.0 -9999.0 -9999.0 -9999.0
-9999.0 -9999.0 -9999.0 -9999.0 -9999.0 -9999.0 -9999.0 -9999.0 -9999.0 -9999.0 -9999.0 -9999.0 68.0482197212 140.713291236 20.5286018372 -9999.0 14.3360703824 -9999.0 -9999.0 -9999.0 -9999.0 -9999.0 -9999.0 -9999.0 -9999.0 -9999.0 -9999.0 -9999.0 -9999.0 -9999.0 -9999.0 -9999.0 -9999.0 -9999.0 -9999.0 -9999.0 -9999.0 -9999.0 -9999.0 -9999.0 -9999.0 -9999.0 -9999.0 -9999.0 -9999.0 -9999.0 -9999.0 -9999.0 -9999.0 -9999.0 -9999.0 -9999.0 -9999.0 -9999.0 -9999.0
-9999.0 -9999.0 -9999.0 -9999.0 -9999.0 -9999.0 -9999.0 -9999.0 -9999.0 -9999.0 33.5190855127 32.6456070246 33.4006380931 32.4192455494 203.487176401 227.831766324 40.7772390714 12.9319577913 -9999.0 -9999.0 -9999.0 -9999.0 -9999.0 -9999.0 -9999.0 -9999.0 -9999.0 -9999.0 -9999.0 -9999.0 -9999.0 -9999.0 -9999.0 -9999.0 -9999.0 -9999.0 -9999.0 -9999.0 -9999.0 -9999.0 -9999.0 -9999.0 -9999.0 -9999.0 -9999.0 -9999.0 -9999.0 -9999.0 -9999.0 -9999.0 -9999.0 -9999.0 -9999.0 -9999.0 -9999.0
-9999.0 -9999.0 -9999.0 -9999.0 -9999.0 -9999.0 -9999.0 -9999.0 -9999.0 33.0268693185 66.2563239538 131.442540078 65.2305642233 32.0332925974 63.0444467354 259.077007639 335.178386575 15.9077008093 -9999.0 32.684907189 -9999.0 -9999.0 -9999.0 -9999.0 28.7991665464 14.3563893777 -9999.0 -9999.0 -9999.0 -9999.0 -9999.0 -9999.0 -9999.0 -9999.0 -9999.0 -9999.0 -9999.0 -9999.0 -9999.0 -9999.0 -9999.0 -9999.0 -9999.0 -9999.0 -9999.0 -9999.0 -9999.0 -9999.0 -9999.0 -9999.0 -9999.0 -9999.0 -9999.0 -9999.0 -9999.0
-9999.0 -9999.0 -9999.0 -9999.0 -9999.0 -9999.0 -9999.0 -9999.0 34.4093373313 100.82926125 132.673631413 164.784312149 227.782984384 30.8159626317 123.519768004 154.023682223 539.786519396 28.3591453922 30.8323505406 63.3041676089 93.1974383716 30.5272761376 -9999.0 80.636649323 65.8698640091 19.5710480757 -9999.0 -9999.0 -9999.0 -9999.0 -9999.0 -9999.0 -9999.0 -9999.0 -9999.0 -9999.0 -9999.0 -9999.0 -9999.0 -9999.0 -9999.0 -9999.0 -9999.0 -9999.0 -9999.0 -9999.0 -9999.0 -9999.0 -9999.0 -9999.0 -9999.0 -9999.0 -9999.0 -9999.0 -9999.0
-9999.0 -9999.0 -9999.0 -9999.0 -9999.0 -9999.0 35.2525592753 33.6783618408 32.655294297 32.8083314303 32.6466821582 230.177162407 489.594406162 521.158609089 549.224375296 26.9086475711 596.255742089 626.213764446 61.1140751449 30.0682651875 122.701881746 212.912629168 30.3909348302 170.551393045 32.149149194 31.4330699071 33.0173903415 -9999.0 -9999.0 -9999.0 -9999.0 -9999.0 -9999.0 -9999.0 -9999.0 -9999.0 -9999.0 -9999.0 -9999.0 -9999.0 -9999.0 -9999.0 -9999.0 -9999.0 -9999.0 -9999.0 -9999.0 -9999.0 -9999.0 -9999.0 -9999.0 -9999.0 -9999.0 -9999.0 -9999.0
-9999.0 -9999.0 -9999.0 -9999.0 -9999.0 -9999.0 69.7995551462 103.507850229 236.099381623 333.041106567 31.0894463458 31.5271786708 30.5425301578 90.3364812275 668.630485668 27.6455094265 655.650647526 768.725116765 89.4959210801 58.7430756182 241.622485292 29.7741409261 200.297668715 61.4251901697 31.1220925479 62.1084723166 65.0387198233 31.8283153128 32.3110886757 32.1694824496 32.4184725879 65.1565493477 -9999.0 -9999.0 -9999.0 -9999.0 -9999.0 -9999.0 -9999.0 -9999.0 -9999.0 -9999.0 -9999.0 -9999.0 -9999.0 -9999.0 -9999.0 -9999.0 -9999.0 -9999.0 -9999.0 -9999.0 -9999.0 -9999.0 -9999.0
-9999.0 -9999.0 -9999.0 -9999.0 -9999.0 35.5863878379 70.1537364589 34.1747722995 67.1658865636 366.106604564 429.429375457 492.466846744 1523.01692481 29.6699642969 698.71262258 2442.94857059 2463.834003 3267.82381286 22.8361569721 87.6175199785 270.516725655 28.8232349832 539.348438312 309.782324419 189.482512606 158.563009363 32.0074910026 95.4250463159 95.5169450544 63.8590555687 31.4853575281 97.2366374934 31.5906614141 31.5807258224 -9999.0 -9999.0 -9999.0 -9999.0 -9999.0 -9999.0 -9999.0 -9999.0 -9999.0 -9999.0 -9999.0 -9999.0 -9999.0 -9999.0 -9999.0 -9999.0 -9999.0 -9999.0 -9999.0 -9999.0 -9999.0
-9999.0 -9999.0 -9999.0 -9999.0 -9999.0 35.6807980567 105.139211485 209.612676764 242.593541909 480.818555952 512.810376902 610.596343618 1000.38427889 1604.06520891 1662.12737909 1689.11990034 53.2768394045 3361.33523202 3409.01223735 3551.18050593 4477.11406323 626.374499593 568.808149862 218.96180255 29.3424496789 186.778702861 125.97268124 29.9913517017 125.052203434 28.2727691914 58.8268578589 157.946101385 188.38335486 62.0770184457 30.599352656 30.7275633627 -9999.0 -9999.0 -9999.0 -9999.0 17.1772813521 14.0628744677 -9999.0 -9999.0 -9999.0 -9999.0 -9999.0 -9999.0 -9999.0 -9999.0 -9999.0 -9999.0 -9999.0 -9999.0 -9999.0
-9999.0 -9999.0 -9999.0 -9999.0 -9999.0 35.3041473318 34.3698442639 138.893508755 171.945278741 205.560521698 32.890329144 65.5664173342 367.595742001 65.3740490673 31.6322039958 30.77500393 28.8332068311 30.729531511 30.2891520612 30.1386593731 4506.53373005 4592.69353688 28.6337413664 87.0906691649 58.5620512481 216.234604182 60.1480618882 29.8615627916 155.063808912 55.61738646 133.311588253 335.610210315 310.813186547 92.3559904099 91.8585577302 30.6076670379 30.6969937167 -9999.0 -9999.0 31.0975826175 40.9379924315 84.1905073118 14.6769434936 -9999.0 -9999.0 -9999.0 -9999.0 -9999.0 -9999.0 -9999.0 -9999.0 -9999.0 -9999.0 -9999.0 -9999.0
-9999.0 -9999.0 -9999.0 -9999.0 -9999.0 -9999.0 35.468569862 35.1175269631 69.5976369763 103.820379631 236.868374292 303.423364063 336.461311053 34.4651228594 30.4109095127 383.160663693 474.19505725 504.077425197 624.553243033 653.957698972 29.1240465348 4621.60069408 4763.65277177 113.546799363 22.7119464248 243.300794596 545.607741184 213.882823274 56.9968357122 28.3748617734 523.910124629 364.055462923 28.5239324408 28.9306644125 121.111539847 90.3037782251 29.8319237824 30.4878928223 29.931454886 60.692739741 29.6268024158 102.367817055 132.05143851 29.8091297799 -9999.0 -9999.0 -9999.0 -9999.0 31.8323251685 31.2365605419 8.05592448934 -9999.0 -9999.0 -9999.0 -9999.0
-9999.0 -9999.0 -9999.0 -9999.0 -9999.0 -9999.0 -9999.0 35.5291230809 32.5513731001 66.6722685148 100.242883796 33.554600604 32.2793140155 196.044590982 259.077969788 322.493309542 30.4965427579 61.042049047 29.9892451587 683.157401417 1488.54019794 1505.87411912 6321.95303503 28.649563477 68.9520271191 22.478868576 574.289292902 28.2302482658 85.6762545419 28.312023762 552.120437197 580.133926366 57.0468132364 57.1746494985 299.709027908 149.493416591 60.6564661416 30.2597223641 60.0304462339 90.4530755107 149.179922622 29.6280323941 192.266511538 221.844660894 28.2464474286 29.1479150247 29.8998828631 28.7914945758 28.2343910279 92.8241361862 35.5037760874 23.3403864454 -9999.0 -9999.0 -9999.0
-9999.0 -9999.0 -9999.0 -9999.0 -9999.0 -9999.0 -9999.0 -9999.0 67.7944217675 99.6920172258 33.4953496016 67.1916036215 99.60762499 165.04308715 32.9644021954 32.3931191224 30.1762441655 30.5622285059 29.4670012202 746.87873859 29.9048107828 59.4792854 6401.70076393 6470.0303382 37.6971418368 143.373301849 746.953501314 55.5969721861 112.538572243 54.7228709906 81.491523208 690.955323033 84.0933512522 439.383053882 355.142336777 27.7597455465 147.551811522 58.7496784172 88.6207544042 28.8651014179 178.740649202 237.810846503 264.862988389 291.278981142 330.159668658 54.3678371221 56.2629564487 54.2609264033 52.8863651607 120.144712759 27.1493544529 86.0773790944 111.827868829 -9999.0 -9999.0
-9999.0 -9999.0 -9999.0 -9999.0 -9999.0 -9999.0 -9999.0 -9999.0 34.5359866035 168.124633194 201.308307881 33.2885106568 65.7575630757 32.501463632 31.6741944034 31.2554680039 380.177301774 506.617846651 621.341199231 728.974226313 28.2061977018 29.743126612 36.0119134372 6604.03437737 6671.62388739 6707.57370526 1010.36693074 225.878638572 195.882905784 26.9603005555 107.988248808 825.624606649 26.8105109085 466.386226426 27.5977640671 188.326439821 176.230561203 28.3243808834 116.950098123 57.1827598721 85.3274720712 29.319078628 26.2214708685 317.538679149 342.700339134 355.280059008 82.5370138392 79.9605684008 78.785136634 147.626948381 201.899954316 27.0236778626 137.791172263 26.3256120993 51.8303247882
-9999.0 -9999.0 -9999.0 -9999.0 -9999.0 -9999.0 -9999.0 -9999.0 -9999.0 34.2823475945 234.654831415 267.745359237 98.3946421775 163.339435956 226.36053934 257.673778923 31.2040858726 96.0818489747 63.2631185553 31.1095028295 31.3933560067 30.2522580295 61.5337450028 107.294653281 40.4957056069 7791.81095738 7829.19467888 35.3243664446 27.984371678 53.162063557 79.261975006 904.390206588 52.7497338939 491.858341843 291.665814948 238.570618173 27.5775978551 55.7080630074 144.171724382 27.0630182298 112.19566446 56.3460746955 48.3878082923 21.9950353815 410.599577437 788.142487844 103.676187535 101.613888924 103.59176796 24.6537967374 226.560145706 24.4546742468 188.995317045 24.7959655378 76.933024154
-9999.0 -9999.0 -9999.0 -9999.0 -9999.0 -9999.0 -9999.0 -9999.0 -9999.0 -9999.0 32.7277926005 333.609880687 32.6645232215 65.2448525302 96.2740872728 159.056085369 32.0570107233 65.1396107406 32.3213856899 31.9413314482 30.7484418956 61.395527249 29.1169000927 34.5367343175 73.8134122814 40.3889294233 7864.03251088 7934.11065647 8033.56996272 108.936908624 26.0697294876 51.9693580167 930.594999212 913.869097839 345.358139771 26.7487929252 110.340860098 83.0289118606 171.450165096 54.2893428949 222.417154626 83.2502101792 74.1072634642 19.7497132098 22.6954316474 813.507838417 837.209485719 1064.952591 178.883868409 50.0701686391 252.235783886 301.783376139 514.860822586 49.2776376777 24.0503029403
-9999.0 -9999.0 -9999.0 -9999.0 -9999.0 -9999.0 -9999.0 -9999.0 -9999.0 -9999.0 -9999.0 16.7351391998 371.022601968 31.9507680981 62.6874695884 284.821315371 32.5645164092 32.6162230622 30.7847676111 62.8700428084 30.0398207508 121.59257032 180.025402673 208.589353895 103.151913927 136.146953969 35.986385649 39.2143972772 34.8557033117 8197.16253453 8276.3117929 955.390035885 962.522686293 938.355381351 50.9965560926 25.2668747182 136.176474312 359.636912986 197.682954439 80.5356630208 328.862560794 161.001689603 135.613489692 39.9184032487 17.9810689453 17.660567086 18.9984878452 1147.77522779 1399.31767141 24.1042151492 23.5082338737 24.0684876323 538.312704085 610.398624225 45.6472107231
-9999.0 -9999.0 -9999.0 -9999.0 -9999.0 -9999.0 -9999.0 -9999.0 -9999.0 -9999.0 -9999.0 15.8447122768 410.225030604 506.596611369 30.8241924069 346.917698353 31.4155923866 30.8888748296 60.5375008624 153.297404717 29.7155781324 30.2226879483 28.7161153903 266.466307368 294.370607918 459.162155266 524.230201378 557.087829087 591.107666254 624.684665948 8933.13967497 9948.09460455 10967.1122689 10991.8556337 28.3251446259 25.6487319264 411.288957284 385.65290918 25.8750213655 25.4507507761 352.757652075 539.425566691 24.0665879343 270.479075354 248.501836437 77.8980754087 38.8319760265 60.4469943277 24.7255587916 1445.27874074 23.0444959272 70.2972039887 91.2462443252 766.227776291 830.103675065
-9999.0 -9999.0 -9999.0 -9999.0 -9999.0 -9999.0 -9999.0 -9999.0 -9999.0 -9999.0 -9999.0 33.5274255825 65.0732083298 537.938541776 598.275172842 30.5080492807 401.933140993 29.0336733264 88.1577754986 182.036179255 58.3584983547 28.6214731761 58.3176675236 27.6620912914 53.7838908007 26.1779324643 24.8038954655 22.3621537237 21.1382384931 22.2097338109 24.3872494396 29.116817589 33.1553183449 35.5901827992 11083.1934027 519.296879597 467.331635338 26.9603358989 76.2256321866 19.0297016483 15.1904830592 564.174745447 909.297484517 296.195125181 210.273219335 41.1867833488 19.5407044322 18.7991660144 40.8242268853 1509.01783078 1553.38866103 22.6712737277 23.0998901254 22.2776294162 18.9683097466
-9999.0 -9999.0 -9999.0 -9999.0 -9999.0 -9999.0 -9999.0 -9999.0 -9999.0 -9999.0 -9999.0 -9999.0 31.5609923556 394.631733362 1023.35706934 1114.47505653 1545.17345764 1568.61461877 408.735454407 298.175867897 87.3370973217 28.5081359581 114.705938545 142.551371342 222.645930885 52.8499894355 50.5807969521 48.3177067968 94.8882835606 47.4618434709 49.1050988524 22.5065900429 19.7335557837 23.8622772357 11112.1047482 11646.3269279 11673.4944798 27.4556893372 216.676931039 84.5862150671 25.5433720168 986.011909434 52.395140985 26.5715022255 107.82692101 24.719176239 24.843408268 47.2999722728 68.3119549889 90.3459606765 1594.248796 19.9420523187 18.84174876 18.9130150366 16.7190167247
-9999.0 -9999.0 -9999.0 -9999.0 -9999.0 -9999.0 -9999.0 -9999.0 -9999.0 -9999.0 -9999.0 32.7769603596 299.1828631 363.54145867 61.1593910504 17.7946051928 42.7330119238 1640.72819314 1666.09911439 2096.81667037 27.2013698041 55.5922204042 26.1235461303 26.403245755 248.3891674 326.961144976 402.222799369 24.4761454177 119.165703532 190.604743007 118.90018554 46.2470918912 41.5887457868 42.5212238897 43.5676398814 25.12064268 11697.6274503 11719.4732007 11981.8791328 47.4098354884 24.1295602472 1002.23328941 54.2836903363 27.5430207928 28.1776363746 27.9203657965 27.3211384917 52.5101178138 153.5853697 266.964955671 1880.98686091 16.8408135599 51.1575204433 34.6835499277 31.6927078701
-9999.0 -9999.0 -9999.0 -9999.0 -9999.0 -9999.0 -9999.0 -9999.0 -9999.0 -9999.0 -9999.0 33.2285557535 202.450826982 32.4937262876 30.5789838514 150.326757834 178.660816164 207.901704717 236.372102489 2830.40267545 2853.50698473 2904.56975219 3272.73149228 3351.14603337 3397.8014948 3424.07029747 3883.64058589 3946.60005535 3970.2858129 4185.61839741 4329.53343094 4353.38844324 4439.74891062 65.7485424672 63.4690436429 20.514656648 21.551969524 11742.7837691 12077.4792037 72.8321985531 1144.75223732 1122.70748464 106.30913096 26.4194789373 27.0251738461 26.7132028841 26.178692257 52.6218258893 78.0933075868 25.5198402613 1900.305332 1920.0864289 2024.13678175 2041.95029287 2090.81534552
-9999.0 -9999.0 -9999.0 -9999.0 -9999.0 -9999.0 -9999.0 -9999.0 -9999.0 -9999.0 -9999.0 102.575098669 135.985651879 65.2733225521 96.5790988611 31.0714026282 354.101719841 383.949397592 442.93390841 468.697154827 198.694048125 3141.54107249 3164.39552297 25.3518579138 20.6415064021 19.1144475946 40.7351252058 20.8113607776 18.6186057438 18.1737404943 19.1703583322 4374.93622521 4462.05227151 4548.921897 4632.22448332 4712.86154953 39.4911194964 16.1714009425 13288.4883301 1189.09664384 1167.12352172 24.2563266719 24.4163012064 23.6567215612 51.2944942013 51.1375748451 24.3384539454 24.3723654997 23.5429336459 48.8905622004 68.8001498874 15.8727597174 30.021481171 13.4194024834 11.3198171661
-9999.0 -9999.0 -9999.0 -9999.0 -9999.0 -9999.0 -9999.0 -9999.0 -9999.0 -9999.0 -9999.0 -9999.0 69.0221602162 33.0149100015 31.6038257208 294.814940111 325.024449817 30.2819817322 120.762140003 149.066484643 175.589546681 27.7834274039 25.7562369854 498.08031156 520.759871047 542.665376057 1388.41064748 1406.98396952 1442.15623373 1589.83612649 1693.02151167 1710.40975618 17.0478574157 17.3744817845 17.0158096 4745.37996568 16.7746336624 13523.2410387 13495.5634045 186.474487475 162.042881627 96.313844093 24.4186229398 47.4213306302 75.6414699613 75.4171340615 48.1267259265 23.8112177945 47.199493884 46.7482732036 90.7535920017 13.3765361073 44.3211879884 75.8155030243 99.1739647377
-9999.0 -9999.0 -9999.0 -9999.0 -9999.0 -9999.0 -9999.0 -9999.0 -9999.0 -9999.0 -9999.0 -9999.0 35.0936972621 101.681444371 133.788341605 232.254344885 31.1004491049 62.0936736381 91.9394205179 344.626146323 370.782059655 392.462814054 419.702054036 448.009060928 697.303176425 779.854756098 826.257287551 20.0112360014 112.923645062 131.75430247 1640.6721398 1728.30310396 1764.76713763 1801.01905653 1838.65846544 6600.86197751 11.8743822493 13591.6494935 40.8576714335 18.9548568829 138.350001265 117.799993509 20.0724187773 69.1734890559 97.6415800833 97.4547309913 69.600228176 114.778052218 182.568941994 67.954697084 179.208936973 17.4619709048 28.153925342 9.91330349524 8.14259450691
