data/baseflow/mHMbf_acc398.asc
ncols                  80
nrows                 72
xllcorner      4374000.0
yllcorner      5656000.0
cellsize            500
NODATA_value       -9999
[rows 0 to 24 of 72, columns 0 to 54 of 80]
-9999.0 -9999.0 -9999.0 -9999.0 -9999.0 -9999.0 -9999.0 -9999.0 -9999.0 -9999.0 -9999.0 -9999.0 37.4856503543 26.7587871575 -9999.0 -9999.0 -9999.0 -9999.0 -9999.0 -9999.0 -9999.0 -9999.0 -9999.0 -9999.0 -9999.0 -9999.0 -9999.0 -9999.0 -9999.0 -9999.0 -9999.0 -9999.0 -9999.0 -9999.0 -9999.0 -9999.0 -9999.0 -9999.0 -9999.0 -9999.0 -9999.0 -9999.0 -9999.0 -9999.0 -9999.0 -9999.0 -9999.0 -9999.0 -9999.0 -9999.0 -9999.0 -9999.0 -9999.0 -9999.0 -9999.0
-9999.0 -9999.0 -9999.0 -9999.0 -9999.0 -9999.0 -9999.0 -9999.0 -9999.0 -9999.0 -9999.0 -9999.0 75.3785126161 156.19856316 23.1465701091 -9999.0 17.3476419458 -9999.0 -9999.0 -9999.0 -9999.0 -9999.0 -9999.0 -9999.0 -9999.0 -9999.0 -9999.0 -9999.0 -9999.0 -9999.0 -9999.0 -9999.0 -9999.0 -9999.0 -9999.0 -9999.0 -9999.0 -9999.0 -9999.0 -9999.0 -9999.0 -9999.0 -9999.0 -9999.0 -9999.0 -9999.0 -9999.0 -9999.0 -9999.0 -9999.0 -9999.0 -9999.0 -9999.0 -9999.0 -9999.0
-9999.0 -9999.0 -9999.0 -9999.0 -9999.0 -9999.0 -9999.0 -9999.0 -9999.0 -9999.0 37.7043269697 36.9663103537 37.6196915063 36.6902834625 228.202255788 254.932109179 49.5370395963 15.816185754 -9999.0 -9999.0 -9999.0 -9999.0 -9999.0 -9999.0 -9999.0 -9999.0 -9999.0 -9999.0 -9999.0 -9999.0 -9999.0 -9999.0 -9999.0 -9999.0 -9999.0 -9999.0 -9999.0 -9999.0 -9999.0 -9999.0 -9999.0 -9999.0 -9999.0 -9999.0 -9999.0 -9999.0 -9999.0 -9999.0 -9999.0 -9999.0 -9999.0 -9999.0 -9999.0 -9999.0 -9999.0
-9999.0 -9999.0 -9999.0 -9999.0 -9999.0 -9999.0 -9999.0 -9999.0 -9999.0 37.1803251019 74.5101878302 148.200604271 73.5235886846 36.15370875 71.9506064968 290.615640668 380.948112332 18.9042569757 -9999.0 37.188817239 -9999.0 -9999.0 -9999.0 -9999.0 34.1363178956 17.0831136524 -9999.0 -9999.0 -9999.0 -9999.0 -9999.0 -9999.0 -9999.0 -9999.0 -9999.0 -9999.0 -9999.0 -9999.0 -9999.0 -9999.0 -9999.0 -9999.0 -9999.0 -9999.0 -9999.0 -9999.0 -9999.0 -9999.0 -9999.0 -9999.0 -9999.0 -9999.0 -9999.0 -9999.0 -9999.0
-9999.0 -9999.0 -9999.0 -9999.0 -9999.0 -9999.0 -9999.0 -9999.0 39.2558706626 114.597360456 151.560662935 188.519158817 257.89109511 35.7152670474 142.519788611 177.860190214 614.222673395 30.9417280242 34.286499078 72.2745108411 106.622048574 35.1328492918 -9999.0 93.3936337016 76.1382240596 21.9988911432 -9999.0 -9999.0 -9999.0 -9999.0 -9999.0 -9999.0 -9999.0 -9999.0 -9999.0 -9999.0 -9999.0 -9999.0 -9999.0 -9999.0 -9999.0 -9999.0 -9999.0 -9999.0 -9999.0 -9999.0 -9999.0 -9999.0 -9999.0 -9999.0 -9999.0 -9999.0 -9999.0 -9999.0 -9999.0
-9999.0 -9999.0 -9999.0 -9999.0 -9999.0 -9999.0 39.4914544071 37.9325501957 37.2495394189 37.468711497 37.9503841782 264.320245045 559.048577774 595.717621728 629.653713024 33.4903495139 680.486434823 714.561417176 68.8702550434 34.6369325413 140.548703065 245.413328954 32.7084084862 189.503844598 34.5430283566 32.9864478247 35.0905510274 -9999.0 -9999.0 -9999.0 -9999.0 -9999.0 -9999.0 -9999.0 -9999.0 -9999.0 -9999.0 -9999.0 -9999.0 -9999.0 -9999.0 -9999.0 -9999.0 -9999.0 -9999.0 -9999.0 -9999.0 -9999.0 -9999.0 -9999.0 -9999.0 -9999.0 -9999.0 -9999.0 -9999.0
-9999.0 -9999.0 -9999.0 -9999.0 -9999.0 -9999.0 78.6286424781 116.889351081 268.947771877 380.376952119 36.2778407436 36.6872041162 35.8892976468 106.416692385 770.894108395 33.6239057029 748.510182389 879.375756194 102.14727107 68.2435371383 279.171846287 35.1839300043 223.732203054 68.4241036174 34.1201265595 66.590277145 70.0043233363 35.4421946853 35.469643835 35.1574425298 35.775086051 71.7658075544 -9999.0 -9999.0 -9999.0 -9999.0 -9999.0 -9999.0 -9999.0 -9999.0 -9999.0 -9999.0 -9999.0 -9999.0 -9999.0 -9999.0 -9999.0 -9999.0 -9999.0 -9999.0 -9999.0 -9999.0 -9999.0 -9999.0 -9999.0
-9999.0 -9999.0 -9999.0 -9999.0 -9999.0 39.9119231749 79.0992703504 38.8285351159 77.1133799868 418.917172864 493.068979741 566.726478265 1755.81524191 35.0432110854 806.770914991 2825.23859781 2850.62467071 3772.90263263 27.6693401496 101.902322072 313.088413279 33.7716177332 600.535027492 343.143593539 205.846914714 171.402778456 34.5186990973 105.633960697 104.743143046 69.9293783606 34.3972607623 106.801446171 34.1819508585 34.0034631721 -9999.0 -9999.0 -9999.0 -9999.0 -9999.0 -9999.0 -9999.0 -9999.0 -9999.0 -9999.0 -9999.0 -9999.0 -9999.0 -9999.0 -9999.0 -9999.0 -9999.0 -9999.0 -9999.0 -9999.0 -9999.0
-9999.0 -9999.0 -9999.0 -9999.0 -9999.0 39.7262923749 117.933861794 236.047833855 274.509309563 547.64898992 585.293568718 700.275647228 1153.82174887 1851.38302081 1920.08517342 1952.15641354 65.6848772535 3887.44196582 3944.67243091 4112.77560434 5162.52865299 703.261592908 635.636347375 240.834485076 33.9728479128 207.229142914 139.46298667 33.5907139994 138.507832427 32.7431815795 66.0647883698 174.151851709 207.887145958 67.6100401352 33.5670277098 33.3379734742 -9999.0 -9999.0 -9999.0 -9999.0 19.4245661079 16.3097083256 -9999.0 -9999.0 -9999.0 -9999.0 -9999.0 -9999.0 -9999.0 -9999.0 -9999.0 -9999.0 -9999.0 -9999.0 -9999.0
-9999.0 -9999.0 -9999.0 -9999.0 -9999.0 39.3676431084 39.1045554769 157.355121535 195.901876559 235.043509608 38.6519095058 77.0618456237 426.289459966 76.3635542393 37.460670352 36.451096338 35.1383124495 36.9301482912 35.7455068136 36.1528023906 5196.86622572 5298.95348086 33.7624414673 101.299851205 67.8057017824 240.813228103 67.1586848446 32.769670794 172.704266425 64.7348251539 153.411042047 371.873610532 342.526318622 101.224702943 100.249478524 33.5961318293 33.5104326125 -9999.0 -9999.0 33.4884268956 45.2060563593 95.5710903234 17.1669461018 -9999.0 -9999.0 -9999.0 -9999.0 -9999.0 -9999.0 -9999.0 -9999.0 -9999.0 -9999.0 -9999.0 -9999.0
-9999.0 -9999.0 -9999.0 -9999.0 -9999.0 -9999.0 39.9995425547 39.6450576602 79.1593644886 118.278857011 272.635476331 350.543393339 389.267283183 39.3757916116 36.1221607449 452.535357562 562.31099516 598.507375046 743.818008305 779.031316538 34.8921977162 5333.66048268 5502.58240209 134.77430391 31.4339110865 273.674536082 611.966627731 238.424036349 65.479775959 32.6505711551 589.667882426 404.814771274 32.7131876305 32.3992103225 132.883067455 100.235105533 33.2099419026 32.5610723007 33.2313045532 66.3304186297 32.6818223124 116.647529346 149.126180854 31.0622369322 -9999.0 -9999.0 -9999.0 -9999.0 32.663539143 31.8706008318 9.40932141738 -9999.0 -9999.0 -9999.0 -9999.0
-9999.0 -9999.0 -9999.0 -9999.0 -9999.0 -9999.0 -9999.0 40.2402209414 37.7126747942 76.6629330123 115.929141407 39.2555028912 37.9893039118 229.745028308 304.965247847 380.625717984 37.1695357128 73.5947571923 36.5398901595 814.412909131 1778.11999522 1798.66559853 7362.46402889 34.2043849122 93.6638078992 30.6017532777 644.548983733 33.2717032714 98.3910244725 32.527503041 622.288190848 654.763026701 65.3895411251 64.740071522 333.044232994 166.873002411 65.4188342209 33.0962701962 66.4856703216 99.2731427021 164.263462939 32.4686905022 210.459245687 239.000095756 27.3082677457 28.756001431 28.3335101096 27.3070677336 26.5255317423 93.7731515024 39.2921227716 26.6691678176 -9999.0 -9999.0 -9999.0
-9999.0 -9999.0 -9999.0 -9999.0 -9999.0 -9999.0 -9999.0 -9999.0 78.0554408584 115.502819117 38.7041985282 77.6041478037 115.874805293 192.945408967 38.8368200737 38.3625033457 36.0916619748 36.4769660983 35.6962031641 892.733463907 36.8024080043 73.084636395 7460.20394028 7537.88215337 42.6655527714 178.124343581 856.755928789 65.725064187 129.906510166 63.4196948891 93.8300580932 782.784778557 96.9100622533 492.67160708 396.7400518 31.7824191778 163.861836025 66.0020439212 98.999733533 32.3456468092 196.122796057 258.964299661 286.140292058 312.726198657 346.373935608 54.1956730446 54.4537756465 52.6450706358 50.9101491825 120.792445359 27.1980883074 94.0908006435 120.213211638 -9999.0 -9999.0
-9999.0 -9999.0 -9999.0 -9999.0 -9999.0 -9999.0 -9999.0 -9999.0 39.6467798736 194.242775861 232.597619937 38.4786011627 76.8216950347 38.3735760381 37.5285250745 37.074272939 452.760524143 604.05430525 741.758226002 871.24523123 33.3660185593 36.5223732942 41.8011039688 7696.61140913 7773.64169963 7813.41285148 1162.46679385 263.509006701 228.012192672 30.5013311596 124.412811035 938.268162762 31.121031829 523.88752653 31.7261596512 212.006933325 197.047695343 32.6403513932 131.360723561 64.6062907204 96.4626336451 30.8914141067 26.4901464856 339.169998141 364.578908515 371.739618136 80.4932808203 78.1777628529 76.228719029 149.098087232 203.812330481 27.2994768185 146.508439257 26.7628940301 51.8704287749
-9999.0 -9999.0 -9999.0 -9999.0 -9999.0 -9999.0 -9999.0 -9999.0 -9999.0 39.4480839038 271.361344871 309.885037619 115.569993347 192.586506694 267.999216722 305.916388374 37.9848663653 115.022844864 76.1906596594 37.7934021062 37.831991397 36.5327704136 75.2969407692 127.008433534 45.5369302331 9058.66008063 9101.67054373 41.2423522072 32.2496189574 60.8657521164 90.6801448491 1029.03983991 60.772129812 552.799095029 335.028212461 272.584217854 31.9848129971 64.1903646395 162.37985653 30.9488537927 126.877677725 61.3169930722 50.3693789815 24.3237935849 439.705370577 835.661703226 103.531868114 101.540444401 101.612821643 25.3378018969 228.795634527 24.5773281841 198.485307443 25.3556965836 77.1573833162
-9999.0 -9999.0 -9999.0 -9999.0 -9999.0 -9999.0 -9999.0 -9999.0 -9999.0 -9999.0 38.0669077838 386.427413721 38.7402103052 77.386577376 114.897575029 190.469166605 38.3959489975 77.3274804687 38.5687357984 37.842445543 36.6123995898 72.7153256943 35.6715288867 41.8298081988 87.1010207341 45.6797043114 9139.67332259 9220.23326512 9335.26201537 125.158855118 30.3290035757 60.5022287329 1059.89724221 1040.6572653 398.115336316 31.4319822287 127.390667785 95.7068030528 193.458710229 61.9218266461 249.625683555 91.9480957922 78.8484241951 24.8086227073 25.8865302367 862.563807459 888.005820317 1116.90162983 179.966270113 51.9136047133 255.089305511 305.475698552 528.300290953 50.6683791938 23.7425605749
-9999.0 -9999.0 -9999.0 -9999.0 -9999.0 -9999.0 -9999.0 -9999.0 -9999.0 -9999.0 -9999.0 20.5933652498 433.490920434 38.3306825014 75.820455916 341.713626897 38.1905499629 38.1985413536 36.3952334463 74.7754355589 36.4075387271 145.451853703 216.550555646 250.917748461 122.649017517 161.561743732 41.4962890465 45.2540273588 40.2997370358 9523.35450272 9616.82544745 1090.03073842 1099.56556779 1070.15514866 60.5020612146 29.6526098782 157.737924383 412.261009683 224.234562416 92.5161514079 372.61138116 187.063048179 157.28078688 50.7657804347 23.5365511384 22.7551042499 23.512540114 1216.04715084 1474.11031125 25.7732651136 23.9546825683 24.7148867233 551.861266338 625.731580496 45.0748595249
-9999.0 -9999.0 -9999.0 -9999.0 -9999.0 -9999.0 -9999.0 -9999.0 -9999.0 -9999.0 -9999.0 19.5119421141 482.214055587 597.422955903 37.4319553553 416.75344364 36.8410225545 36.6581227832 72.4550581581 183.518674723 36.0757102336 36.7840122367 35.5260477554 321.580024727 355.984333733 552.439519877 629.51529794 669.304549696 710.090966023 751.00411762 10405.0143153 11569.2866062 12737.623651 12767.059758 32.6160350512 29.626884298 473.064953557 442.844223718 30.3716373511 30.4471445747 401.997217333 619.92616559 28.4034434484 338.987752601 311.509146907 100.610888236 48.2073025104 74.0721313348 26.8165596523 1524.3480517 25.1633346663 73.7726167682 96.3485953101 794.836116387 861.848975691
-9999.0 -9999.0 -9999.0 -9999.0 -9999.0 -9999.0 -9999.0 -9999.0 -9999.0 -9999.0 -9999.0 39.5135100872 77.6755439819 635.339869583 709.1242377 37.1748504548 481.058993787 35.4258277802 107.555131621 219.424850874 71.9099541361 35.7865032424 71.190724333 33.6786397267 65.8119535167 32.2811727357 31.0191041412 29.6783074225 29.0992268795 30.9986180698 33.9715820658 38.7617481456 40.3870547209 41.4946478985 12874.1362057 608.04745207 543.639445209 34.124763236 89.8236195247 24.4239084606 19.5718942048 649.284829174 1078.19490986 370.289558447 262.142771056 53.5671430008 25.0167758194 24.3749251314 49.257914827 1599.05341887 1647.48698221 24.6667560657 24.7766273874 25.0895212116 23.5392910552
-9999.0 -9999.0 -9999.0 -9999.0 -9999.0 -9999.0 -9999.0 -9999.0 -9999.0 -9999.0 -9999.0 -9999.0 38.2040843356 474.86382976 1221.39371727 1333.83601751 1849.18554571 1876.31851348 497.763217739 363.574886768 108.11713243 35.5939310841 141.630499062 176.168092434 274.586319175 65.4133005943 62.6120219964 61.637630794 121.796975672 61.6955022936 64.0118580736 29.1999057243 28.5193518023 32.6985177268 12908.7712652 13533.6077548 13566.1457763 35.331693977 262.878898013 103.440683833 30.2236504247 1171.67799423 64.2611189418 32.5799661396 131.248891395 30.863359913 27.9294086425 53.6200971856 77.3957824855 102.075775994 1692.67646879 22.216831375 20.6538869609 21.0085873601 19.1118894475
-9999.0 -9999.0 -9999.0 -9999.0 -9999.0 -9999.0 -9999.0 -9999.0 -9999.0 -9999.0 -9999.0 39.6621129225 359.114153617 437.157113263 75.7387265919 22.7532087369 55.0728264884 1968.3501654 1998.9603567 2523.5503471 34.2680535063 69.6764804457 32.6978479703 33.0464324804 307.518850589 405.81689735 499.31398324 30.755907668 152.256964256 243.975262072 151.45664032 58.5249669069 56.040368645 59.2452846238 61.6805043407 35.0332338086 13597.0611113 13627.8024312 13952.846577 56.7765519786 28.4642973197 1191.79073901 66.0125550958 33.5457973325 33.8571607611 33.6766409648 32.4809400836 61.0966729724 178.966182477 307.245868809 2022.66572567 19.5491343689 57.9211409245 39.0694977366 35.9310808021
-9999.0 -9999.0 -9999.0 -9999.0 -9999.0 -9999.0 -9999.0 -9999.0 -9999.0 -9999.0 -9999.0 40.1691892103 241.893229952 39.3593332134 37.6955275602 183.854491996 220.191314267 257.383356185 293.41164667 3429.3801098 3459.29718062 3524.10267946 3994.78648962 4094.83209898 4158.30498821 4191.9157689 4774.92277753 4860.52804536 4891.75848489 5168.16160302 5351.28684767 5380.60777632 5494.4805277 87.3977712409 88.4331450614 31.6475203946 32.6972790532 13657.8419012 14073.0125648 88.3588098723 1365.23935525 1339.6611343 129.663122629 32.0948301308 32.0234296551 31.5498330612 31.2829425805 62.803898398 91.8063495233 28.4313330073 2044.56133173 2066.95734551 2184.43812893 2204.58128305 2259.63877106
-9999.0 -9999.0 -9999.0 -9999.0 -9999.0 -9999.0 -9999.0 -9999.0 -9999.0 -9999.0 -9999.0 121.596582896 161.456574496 77.9496962875 116.545314079 38.384563979 429.151523194 466.631011878 541.506488779 576.531331052 254.522745061 3828.94441226 3859.33491556 33.5469672467 30.191446752 29.9107628077 61.0302582262 31.0423654146 29.1775177116 28.3362274683 27.9235469492 5410.53759039 5524.29184511 5637.88141298 5750.06253565 5873.1801633 62.690169699 28.1822072322 15525.295029 1421.03289206 1391.92313532 28.7546628824 28.323649398 27.6315880681 60.404830365 59.9110746619 28.5611106796 28.6132952864 26.4361897791 54.3476960117 76.1512486758 18.6332565746 35.1706315388 15.9159634924 14.587310794
-9999.0 -9999.0 -9999.0 -9999.0 -9999.0 -9999.0 -9999.0 -9999.0 -9999.0 -9999.0 -9999.0 -9999.0 81.550138784 39.4136738251 38.8590641184 354.470558402 392.357463955 37.8259641448 151.884241484 188.501584065 223.782519699 36.3817382029 33.2679283671 630.532404777 661.140889205 691.398702183 1774.72378573 1802.83474208 1858.85209606 2068.66506309 2229.03567289 2256.24956097 25.9837821056 26.5122388245 23.7843884088 5920.22598615 24.7898044389 15825.2486638 15778.8937746 225.414551863 194.270962568 113.301741402 28.8268170726 54.5555266081 87.9984863603 87.7186717467 56.3906820146 27.8668120036 54.0988056071 52.1901151079 99.7098736279 15.9355735092 52.4717076123 88.9479915056 119.65944598
-9999.0 -9999.0 -9999.0 -9999.0 -9999.0 -9999.0 -9999.0 -9999.0 -9999.0 -9999.0 -9999.0 -9999.0 41.1042105493 119.933625388 158.797351298 277.340773081 38.2037885181 76.8329220611 115.051665626 427.572993863 462.603020257 495.226115858 530.513783917 565.853723837 887.046624575 991.491811721 1055.34041445 30.3171316911 154.618883901 183.697886423 2148.50370365 2283.53532999 2338.92613521 2394.30107497 2449.09351499 8392.97096709 18.6424371176 15922.9613815 57.4957315357 27.8151065074 166.084198291 139.305505656 24.497737035 79.77408162 112.790202726 112.498313911 80.241264201 132.370829255 209.392508678 75.6121825904 197.349304194 21.1829400915 34.4696288589 15.4939184299 13.336848603
