data/baseflow/mHMbf_acc587.asc
ncols                  80
nrows                 72
xllcorner      4374000.0
yllcorner      5656000.0
cellsize            500
NODATA_value       -9999
[rows 0 to 23 of 72, columns 0 to 54 of 80]
-9999.0 -9999.0 -9999.0 -9999.0 -9999.0 -9999.0 -9999.0 -9999.0 -9999.0 -9999.0 -9999.0 -9999.0 9.04277658248 14.2348953475 -9999.0 -9999.0 -9999.0 -9999.0 -9999.0 -9999.0 -9999.0 -9999.0 -9999.0 -9999.0 -9999.0 -9999.0 -9999.0 -9999.0 -9999.0 -9999.0 -9999.0 -9999.0 -9999.0 -9999.0 -9999.0 -9999.0 -9999.0 -9999.0 -9999.0 -9999.0 -9999.0 -9999.0 -9999.0 -9999.0 -9999.0 -9999.0 -9999.0 -9999.0 -9999.0 -9999.0 -9999.0 -9999.0 -9999.0 -9999.0 -9999.0
-9999.0 -9999.0 -9999.0 -9999.0 -9999.0 -9999.0 -9999.0 -9999.0 -9999.0 -9999.0 -9999.0 -9999.0 16.9115290194 52.0896322037 11.9862313575 -9999.0 13.8307330079 -9999.0 -9999.0 -9999.0 -9999.0 -9999.0 -9999.0 -9999.0 -9999.0 -9999.0 -9999.0 -9999.0 -9999.0 -9999.0 -9999.0 -9999.0 -9999.0 -9999.0 -9999.0 -9999.0 -9999.0 -9999.0 -9999.0 -9999.0 -9999.0 -9999.0 -9999.0 -9999.0 -9999.0 -9999.0 -9999.0 -9999.0 -9999.0 -9999.0 -9999.0 -9999.0 -9999.0 -9999.0 -9999.0
-9999.0 -9999.0 -9999.0 -9999.0 -9999.0 -9999.0 -9999.0 -9999.0 -9999.0 -9999.0 7.09756883787 6.37906119085 7.04573951396 7.05996214662 64.5617624319 73.4444238933 37.7048355435 12.0719779145 -9999.0 -9999.0 -9999.0 -9999.0 -9999.0 -9999.0 -9999.0 -9999.0 -9999.0 -9999.0 -9999.0 -9999.0 -9999.0 -9999.0 -9999.0 -9999.0 -9999.0 -9999.0 -9999.0 -9999.0 -9999.0 -9999.0 -9999.0 -9999.0 -9999.0 -9999.0 -9999.0 -9999.0 -9999.0 -9999.0 -9999.0 -9999.0 -9999.0 -9999.0 -9999.0 -9999.0 -9999.0
-9999.0 -9999.0 -9999.0 -9999.0 -9999.0 -9999.0 -9999.0 -9999.0 -9999.0 6.35361582478 13.6777175768 26.9911459946 13.3457471125 6.37590972616 12.6401006883 79.1834095367 140.307007799 12.3076835549 -9999.0 6.81109856612 -9999.0 -9999.0 -9999.0 -9999.0 25.445098384 13.2782021776 -9999.0 -9999.0 -9999.0 -9999.0 -9999.0 -9999.0 -9999.0 -9999.0 -9999.0 -9999.0 -9999.0 -9999.0 -9999.0 -9999.0 -9999.0 -9999.0 -9999.0 -9999.0 -9999.0 -9999.0 -9999.0 -9999.0 -9999.0 -9999.0 -9999.0 -9999.0 -9999.0 -9999.0 -9999.0
-9999.0 -9999.0 -9999.0 -9999.0 -9999.0 -9999.0 -9999.0 -9999.0 7.93470664523 21.3086076987 27.3350561258 33.6577262818 46.5697596849 5.92069763685 23.9978608267 29.5316351019 184.708055502 5.57544828275 4.32233661505 12.3083410203 17.6276647108 5.63778969711 -9999.0 60.8529254477 49.8513408926 12.3316356184 -9999.0 -9999.0 -9999.0 -9999.0 -9999.0 -9999.0 -9999.0 -9999.0 -9999.0 -9999.0 -9999.0 -9999.0 -9999.0 -9999.0 -9999.0 -9999.0 -9999.0 -9999.0 -9999.0 -9999.0 -9999.0 -9999.0 -9999.0 -9999.0 -9999.0 -9999.0 -9999.0 -9999.0 -9999.0
-9999.0 -9999.0 -9999.0 -9999.0 -9999.0 -9999.0 8.03280817624 6.64833902523 6.24873418602 6.46085217304 6.67373856088 47.4907629709 100.714015573 107.152562398 112.067101074 4.91232368332 195.169354106 199.895796675 10.1126443499 5.46235773861 22.8238561324 39.1905073379 5.8003968715 78.9203884641 5.00137505849 5.5375639967 5.23481507759 -9999.0 -9999.0 -9999.0 -9999.0 -9999.0 -9999.0 -9999.0 -9999.0 -9999.0 -9999.0 -9999.0 -9999.0 -9999.0 -9999.0 -9999.0 -9999.0 -9999.0 -9999.0 -9999.0 -9999.0 -9999.0 -9999.0 -9999.0 -9999.0 -9999.0 -9999.0 -9999.0 -9999.0
-9999.0 -9999.0 -9999.0 -9999.0 -9999.0 -9999.0 16.3693779392 23.7779671629 52.3014369736 70.8676504097 5.59276971075 6.27976753669 5.81957221668 17.6548964982 134.397212552 4.3379476683 206.446705928 232.23134963 18.446893422 10.0199641693 43.8931734679 5.22653905977 84.0640704782 9.24200324722 4.4171465173 9.72716886068 10.3228037958 5.74086751564 6.33645846599 6.06378007309 6.73185140058 13.4166131669 -9999.0 -9999.0 -9999.0 -9999.0 -9999.0 -9999.0 -9999.0 -9999.0 -9999.0 -9999.0 -9999.0 -9999.0 -9999.0 -9999.0 -9999.0 -9999.0 -9999.0 -9999.0 -9999.0 -9999.0 -9999.0 -9999.0 -9999.0
-9999.0 -9999.0 -9999.0 -9999.0 -9999.0 9.72327737584 18.3063074028 8.51715243251 15.8998330263 78.3832706637 90.8249231681 103.474747324 364.291250506 6.71080641386 139.60649462 557.275441124 563.694420608 808.182962957 7.74528208356 14.7133193876 48.6207463647 4.66953146379 138.024207588 48.9961084388 29.6218244042 24.9366682901 4.95669870259 17.0740813441 18.2555051091 12.1146910826 5.78806095509 19.4345921666 5.65130123039 5.50423210168 -9999.0 -9999.0 -9999.0 -9999.0 -9999.0 -9999.0 -9999.0 -9999.0 -9999.0 -9999.0 -9999.0 -9999.0 -9999.0 -9999.0 -9999.0 -9999.0 -9999.0 -9999.0 -9999.0 -9999.0 -9999.0
-9999.0 -9999.0 -9999.0 -9999.0 -9999.0 9.91631483703 28.3860278003 55.8178765463 63.8661590768 125.607798792 132.772260747 155.782447989 254.936249165 390.294053215 402.665595108 408.340924515 9.55288490627 827.70669399 839.819238771 864.135681649 1071.65297269 152.813883259 143.208149055 34.6881830035 4.99243029115 30.543379481 21.3438651564 4.04550370296 23.2560780178 6.57786278015 12.847950203 30.9883390555 36.3594589507 10.7404711379 4.99522999651 5.1136534647 -9999.0 -9999.0 -9999.0 -9999.0 10.883394844 10.4794698156 -9999.0 -9999.0 -9999.0 -9999.0 -9999.0 -9999.0 -9999.0 -9999.0 -9999.0 -9999.0 -9999.0 -9999.0 -9999.0
-9999.0 -9999.0 -9999.0 -9999.0 -9999.0 9.3963986954 8.69068081196 37.0132786186 45.3476009278 54.0816100112 7.90587718196 15.5374446057 93.74615304 21.4373467475 6.89087836557 5.60129889202 4.64013265059 6.78170392302 6.78353569073 5.57105021062 1078.62076681 1092.54971253 4.61957021207 14.4391862061 9.92033538275 34.9735753971 8.25364172451 3.86489896947 28.1569265261 11.5575192639 28.1392276016 61.4442341659 56.9876604319 15.3286697372 14.4285741974 5.35469855163 5.3108549448 -9999.0 -9999.0 5.35540279005 20.0357536011 52.4784591877 11.094196961 -9999.0 -9999.0 -9999.0 -9999.0 -9999.0 -9999.0 -9999.0 -9999.0 -9999.0 -9999.0 -9999.0 -9999.0
-9999.0 -9999.0 -9999.0 -9999.0 -9999.0 -9999.0 10.0506443583 9.94702731335 18.2487245696 27.0332020353 60.8964243047 77.2385595837 87.0827818132 14.1684211205 5.76804756553 83.1386044617 99.7250260001 104.687002119 127.078278134 131.956120899 4.84198583869 1097.39718163 1120.70936003 18.6065515639 3.81646853111 38.9241568465 86.4795052081 35.7662319851 8.55979022099 4.50015136746 98.5793764569 66.1475387198 4.06710064464 4.3118131824 18.8484760257 15.5575127187 4.34464738501 3.97615977326 5.16703375808 10.3843353782 4.91806002481 63.5683199825 67.6509586289 3.6834258167 -9999.0 -9999.0 -9999.0 -9999.0 4.35797490551 4.04910017741 1.34028794209 -9999.0 -9999.0 -9999.0 -9999.0
-9999.0 -9999.0 -9999.0 -9999.0 -9999.0 -9999.0 -9999.0 9.18177916761 8.11973254462 17.4169369399 26.2232029587 8.21199748995 8.20731277066 46.3500458306 58.8739792382 72.0154190398 5.90903221817 11.9221169822 5.83429076424 137.132443738 319.302584775 329.11215334 1461.48973053 4.56068202033 10.705609874 3.34394174005 90.3199774868 4.12004695724 13.1357676508 4.27291214427 102.615287292 106.738688213 8.293396504 8.5759997308 48.6680350228 24.8584419994 8.64330982729 4.58600065687 10.2772333436 15.4158429556 24.4638478872 3.86370260129 74.6168689587 77.7880186971 2.92457182946 3.15068946571 3.27626621326 2.96771014464 2.8331788226 11.5601458173 4.6904370764 2.83975580051 -9999.0 -9999.0 -9999.0
-9999.0 -9999.0 -9999.0 -9999.0 -9999.0 -9999.0 -9999.0 -9999.0 17.8850949425 25.3367416078 8.2347421121 17.0323153447 24.4388652967 40.5414656794 7.5329746621 7.08945609836 5.70067099002 5.75188799334 4.99817550466 171.460162349 6.09481434184 11.6950992769 1483.71942811 1494.85275894 2.91134137149 16.5129610035 110.102599435 8.29360091152 16.7857384721 7.40810321268 11.0604626495 122.246145102 12.0198993293 69.6888319008 57.6239021362 5.03566731098 22.4839180329 9.28197087689 14.8357816819 4.49963261543 28.3446872348 35.4335625164 38.272990149 40.9691117853 88.9915629343 5.66866098344 5.93625143938 5.45312967991 5.18189556174 14.2306772829 2.9259303815 10.5290627931 13.2528924807 -9999.0 -9999.0
-9999.0 -9999.0 -9999.0 -9999.0 -9999.0 -9999.0 -9999.0 -9999.0 9.36178435408 43.8243643001 51.7226152117 7.88062673223 15.1222492063 7.20943939577 6.32268896588 6.21132086839 78.8234156693 102.68335631 129.610189009 160.7241439 6.65366018618 5.80380618984 3.82625007716 1523.24979113 1539.09795039 1543.07400512 145.477180759 32.1925639241 28.5905823264 3.19558243852 14.2723638718 139.842428289 3.29639809947 73.0722953006 4.29244922545 30.823739157 27.2824272132 4.60256149473 19.3835119592 9.00548245169 13.4219708265 3.20807330699 2.57292021144 43.6327399549 46.1375625528 91.4904226299 8.57784111196 7.98153246866 7.64076136078 17.3108443945 23.2205870893 2.94554436436 16.2305550445 3.46985881796 6.5622240247
-9999.0 -9999.0 -9999.0 -9999.0 -9999.0 -9999.0 -9999.0 -9999.0 -9999.0 9.86560927392 60.4326009666 68.096832162 22.4542265942 36.5862990745 49.0452751101 55.2089153648 6.44045476768 18.3276458308 12.3215867925 6.78576784563 6.50778156269 5.40875783028 9.93993123842 14.9234246038 5.03586206413 1698.88659132 1701.86650535 2.93105868431 2.55545155687 6.97482777291 10.5564390088 149.993285435 6.70763451279 76.0307467384 46.3622892605 38.6776446659 4.30017968903 8.77561965515 23.4484560953 4.06171932681 17.3787031447 6.81781248182 3.85106882338 1.33800049536 51.3953160657 145.079390091 10.6396403518 10.0671812558 10.0980637746 2.56204393745 25.7604959826 2.4866179691 21.7642981414 3.07191395965 9.62993221302
-9999.0 -9999.0 -9999.0 -9999.0 -9999.0 -9999.0 -9999.0 -9999.0 -9999.0 -9999.0 7.59328635384 83.7927418463 7.27847787491 14.5683941976 20.3697089672 31.2165308657 5.36841868812 11.5749448211 5.56752855646 5.00803807719 4.70917502923 9.23816734847 3.999440489 3.5609239038 6.82694643757 3.92325610042 1706.45053819 1713.18064055 1722.22121505 13.6984237068 3.76470595245 7.50709113224 153.891260926 140.13933426 54.5102131349 4.02164093731 17.1766561083 12.9459534435 27.5247914689 8.11375037202 32.0334139835 10.6003539063 6.43010901562 1.23300992496 1.58199959168 147.606391053 150.054794553 172.925424635 18.122061069 5.28930570822 28.4982541846 33.6494279887 57.8452766541 5.87494303803 2.82985004874
-9999.0 -9999.0 -9999.0 -9999.0 -9999.0 -9999.0 -9999.0 -9999.0 -9999.0 -9999.0 -9999.0 7.13912927436 98.1805512709 6.7915972816 12.5655301012 54.4290798737 5.36291270151 5.25277825165 4.77199041101 10.390772688 5.67503235355 20.3050397852 28.5041688041 32.1370345406 9.82197678605 12.5316243053 3.05105048721 3.46527565626 4.18563340529 1744.34628708 1754.90859341 156.814960855 146.266897059 143.262946392 6.28283549029 3.06543870396 20.9502114651 56.0998434909 31.3866069982 11.9333151311 47.5138117996 14.7081797887 11.4129845612 2.72007609302 1.13883811581 0.80733731641 0.914140240183 179.235252932 204.869534274 2.61919299437 2.41723142182 2.72311352433 60.6634903733 69.1706963574 5.04420470542
-9999.0 -9999.0 -9999.0 -9999.0 -9999.0 -9999.0 -9999.0 -9999.0 -9999.0 -9999.0 -9999.0 4.89657370541 108.197259178 130.00851249 5.9887296062 65.9494834095 4.78407404059 4.59688704796 10.2520023974 26.2736803291 5.41528458378 5.79222263097 4.11557969776 40.0988966646 43.9869267313 60.9634850824 66.7031656475 69.0840303446 71.9368099629 74.6171121813 1833.33435961 1995.2700517 2146.68897566 2150.44821616 2.49123223249 3.20870925636 63.6712425427 59.9134397691 3.79435355304 4.00919140775 52.6002910546 70.7949654284 2.72287828495 31.6948683742 29.4813929281 6.69961615668 2.58080320451 4.46691982706 2.65078185616 209.534862053 2.31936036369 7.07497313962 8.99313261291 83.7210786473 90.619960275
-9999.0 -9999.0 -9999.0 -9999.0 -9999.0 -9999.0 -9999.0 -9999.0 -9999.0 -9999.0 -9999.0 8.49530256676 15.7127701613 136.913400121 148.221020101 5.51309523972 79.4855480441 3.99921913209 12.7906518922 30.9889542293 10.4322054843 4.98675828702 9.88728722754 3.47808332048 7.10201592786 3.93605593536 3.45119159514 2.88878533973 2.59423918025 1.64076746589 1.04383249898 1.19198737223 1.69517477843 3.03188905954 2159.43879181 74.8658892276 68.549848178 2.3199314935 10.908033035 2.71701248631 2.63805044525 74.0684334194 115.374849906 35.2668999784 26.6850513553 4.51958118088 1.55747156313 1.35394269662 3.26892821776 215.217830776 219.840113338 2.40095195373 2.41864144714 1.45440598114 1.65081186746
-9999.0 -9999.0 -9999.0 -9999.0 -9999.0 -9999.0 -9999.0 -9999.0 -9999.0 -9999.0 -9999.0 -9999.0 6.52992080455 98.3444262697 252.902965537 272.108231216 356.995860278 365.543840081 72.5350429192 51.5980372824 15.5179714036 4.89894396518 19.4506523277 23.828809941 34.9523300409 8.0737126571 7.27679777228 6.78870616114 13.1560947513 5.34758475245 4.52533117215 2.90283071081 1.99866935199 1.05219865767 2161.82643718 2239.13765933 2242.97331529 2.42875545895 28.3908403924 12.6968813448 3.75474244615 126.313345215 7.79800753394 4.06111198426 16.974209703 3.22963594211 2.05614584388 3.89837844664 5.88177206312 8.21166297361 223.855186667 1.94892515551 1.7500536402 1.75051866071 1.02601925633
-9999.0 -9999.0 -9999.0 -9999.0 -9999.0 -9999.0 -9999.0 -9999.0 -9999.0 -9999.0 -9999.0 7.61168561539 76.1329839593 91.391120931 13.1615293338 6.55751405491 12.2434552818 382.835433407 388.768592805 469.658761625 4.39598030751 9.2447534259 4.01002233339 4.07374695561 38.9107114554 50.9298435421 62.0118326782 3.56892921136 16.7025319653 25.5288632063 14.1833265371 6.31426532628 4.65851128782 3.44928852463 3.36444262579 0.842771453702 2245.84580432 2248.33270749 2280.51448676 5.9254268007 3.24784250384 132.724386429 8.81905246613 4.44478345337 4.82705898153 4.77059678872 4.13839800397 6.28342200927 18.6502129937 29.2542023634 255.064153195 1.61485975263 4.82561478355 3.24601854588 2.41265737802
-9999.0 -9999.0 -9999.0 -9999.0 -9999.0 -9999.0 -9999.0 -9999.0 -9999.0 -9999.0 -9999.0 7.87148398384 54.6614565531 7.97782918666 6.37107290044 36.0586540644 41.3708665952 46.528943911 51.4466599483 628.849188795 635.731914653 647.702552864 711.886657442 723.030476625 728.956785605 732.8940243 801.917578339 812.388116697 815.978234212 845.24993726 863.267694174 866.621920077 877.407746672 6.70210422378 5.75812027063 0.776383170791 0.439785493402 2250.16328249 2290.76049202 8.20278011633 159.181123441 155.8122651 15.7261100943 3.64328684761 3.65971003882 3.53348768688 3.57404657087 7.12735345175 9.95642289911 2.64598497981 256.984621738 259.003769038 268.873145355 270.621287022 274.683726249
-9999.0 -9999.0 -9999.0 -9999.0 -9999.0 -9999.0 -9999.0 -9999.0 -9999.0 -9999.0 -9999.0 29.0135213427 38.1420139296 16.6810500109 24.0765121015 7.20630315131 81.6493140077 87.0079095877 97.801703477 102.528339037 34.7862784918 690.431483792 694.267344272 2.90461274618 1.91336810788 1.91730604403 4.08161766997 2.23953588155 2.06455067231 2.1748796629 2.12051626889 869.594880984 880.41708528 890.968486814 900.120919819 902.609286392 0.798773552446 0.284197612318 2457.32181499 164.618136644 162.729050327 3.55007964954 2.98622127684 2.6410968448 6.33555275547 6.22108273319 2.96971222366 3.00326497358 2.9066111088 5.54782422101 7.40898504878 1.72391818949 3.07522768415 0.864771420727 0.422882133543
-9999.0 -9999.0 -9999.0 -9999.0 -9999.0 -9999.0 -9999.0 -9999.0 -9999.0 -9999.0 -9999.0 -9999.0 19.7863870677 8.92173379094 7.62387306996 70.9273890426 76.4871156743 5.78589952572 21.8954568152 27.0138009652 31.0084775351 5.13318718126 2.77655406246 94.8205050878 96.9608741252 98.9151592919 266.184367313 267.707293125 271.202627363 291.04802764 301.22134957 302.848223709 2.42080787551 2.5290719801 2.07266856574 906.362730355 0.835404151342 2484.50897314 2481.13028035 22.5660941104 20.5984625097 12.9616156437 3.18022712139 5.3384363546 9.04210358808 8.90914077535 5.69651767604 2.88313298195 5.71302122739 5.93533944677 10.0976245287 1.59284918304 4.34896299166 6.90004852091 7.82874099677
