data/baseflow/mHMbf_acc509.asc
ncols                  80
nrows                 72
xllcorner      4374000.0
yllcorner      5656000.0
cellsize            500
NODATA_value       -9999
[rows 25 to 49 of 72, columns 0 to 54 of 80]
-9999.0 -9999.0 -9999.0 -9999.0 -9999.0 -9999.0 -9999.0 -9999.0 -9999.0 -9999.0 -9999.0 -9999.0 26.1262719468 52.0026320227 24.4926204006 49.0630605816 22.3554563705 166.150261725 209.576771279 231.876055369 20.9856272397 40.0298839306 378.538245803 471.134109857 486.893726444 36.8024846488 36.5184967753 51.8762672308 9.51999101158 8.83990799396 16.8879087074 8.40793977769 571.84880991 581.943814805 591.102033396 4639.09925446 9870.78751267 9806.90974388 12.8031136361 5.65579546861 5.00595234899 22.2589119977 17.3794899479 50.0662467153 70.4475965449 142.145558593 12.415297074 12.3556110819 112.768680203 123.254847748 236.245516249 242.350066123 254.935588929 259.19148717 3.61978723122
-9999.0 -9999.0 -9999.0 -9999.0 -9999.0 -9999.0 -9999.0 -9999.0 -9999.0 -9999.0 -9999.0 -9999.0 -9999.0 24.7297411568 49.4177812965 74.2359247434 120.167423406 23.7449445445 22.1759297826 149.524955323 170.299686274 342.239470208 363.256029547 59.0180147082 20.3223940614 18.6737959918 17.4355286162 515.014021098 526.85114879 537.090526618 545.593091936 562.563607463 101.745246522 110.889461066 712.749060881 15227.5636037 50.9908941642 41.5622273382 19.5796525295 5.24643897732 4.354354584 32.1110134119 35.6093416881 58.5728880792 4.25275507225 147.844156801 20.2983506685 19.8388889467 3.73352555513 2.55106171809 2.09440441361 2.5539577591 1.98517004882 261.188554116 3033.30875452
-9999.0 -9999.0 -9999.0 -9999.0 -9999.0 -9999.0 -9999.0 -9999.0 -9999.0 -9999.0 -9999.0 -9999.0 -9999.0 -9999.0 23.98383924 45.2004824878 64.0153500289 83.1123902792 105.326524563 128.03988289 66.3754007783 110.59162059 20.9189586847 20.2869733412 421.427932382 461.258241344 480.310593186 500.090023936 14.8806398986 26.8190549789 70.3541634051 81.1330164983 91.5070316436 10.8371724399 7.78294987605 15251.8229677 9.34644457848 13.7724688056 7.40998065128 20.9959307883 9.52307985795 5.99540955494 99.2913668341 103.686952433 3.36049428288 151.613785245 175.089880493 23.1940826976 3131.66178053 3125.27400792 3119.93798763 3108.96806681 3103.97278308 3045.32659014 3041.59649261
-9999.0 -9999.0 -9999.0 -9999.0 -9999.0 -9999.0 -9999.0 -9999.0 -9999.0 -9999.0 -9999.0 -9999.0 -9999.0 -9999.0 4.74476688511 10.6185716307 18.6461258406 168.343265919 190.815456127 22.7267774478 22.4138025319 22.0885594405 338.787793812 381.588635666 20.9992168237 21.2246074018 18.1531186395 74.3898253982 92.6206780212 45.4738452184 57.4295196592 417.465517878 431.428530169 456.009153669 722.307477595 15979.8376596 9.51176358094 6.14833494506 32.2043472758 26.5627480792 4.26993006128 14.9310149359 19.365937671 108.528622314 112.559795646 296.374008611 176.975389102 25.3026696461 3205.75956989 32.3283035633 3115.24657215 3112.27314864 54.5111950873 2.6202168369 4.89896385658
-9999.0 -9999.0 -9999.0 -9999.0 -9999.0 -9999.0 -9999.0 -9999.0 -9999.0 -9999.0 -9999.0 -9999.0 -9999.0 -9999.0 24.4125535036 40.0080061647 83.7108239913 146.62446548 207.747705021 251.983518945 274.158073319 296.604757655 318.553697162 21.0296145962 19.8362863355 38.8832534661 37.2537620886 19.1517516216 360.962333318 378.781174797 395.501076016 411.260723692 232.304449171 244.613287989 257.661261619 15984.8624852 15.7836303066 18.8875789897 54.6667608359 5.09832360921 8.93986186331 4.60398743802 4.13044522458 23.4804247586 3.28108265502 3.48943809291 3521.12813499 3221.96389003 3218.35240738 13.7047938225 29.1069288982 18.5382744612 4.07704327915 48.586984491 12.504854693
-9999.0 -9999.0 -9999.0 -9999.0 -9999.0 -9999.0 -9999.0 -9999.0 -9999.0 -9999.0 -9999.0 -9999.0 -9999.0 -9999.0 17.0114578333 16.0515316909 31.5310474277 47.7132608901 22.5816907118 23.9971274541 46.6368646034 69.0117784452 111.949595612 133.279728642 153.195793622 212.538018487 231.374138668 251.24662483 17.9834542951 179.747240752 195.409994433 209.234596456 10.5287068582 4.54040159116 8.45618609589 16236.721697 16241.5435796 16267.341296 68.687647648 10.2533771023 16.1796343185 4.8305178676 7.40689426368 26.9116079342 33.1022985239 6.34154675977 3536.79559108 4.96493856468 7.52738140845 8.4117621138 6.06970971936 10.8649992369 4.39804698549 32.6938061238 23.8294416888
-9999.0 -9999.0 -9999.0 -9999.0 -9999.0 -9999.0 -9999.0 -9999.0 -9999.0 -9999.0 -9999.0 -9999.0 -9999.0 -9999.0 -9999.0 15.2916829037 30.1412175554 14.755890848 30.5053698256 191.626114419 212.056509911 233.921747058 21.4899060308 21.4932104024 41.3542522428 61.4992279765 98.3270649457 117.180214296 127.283444067 144.119270107 14.8880405147 13.3071905446 223.832923228 228.255613874 233.126043937 238.172630195 191.470588322 16479.3899812 16579.0086778 16583.5152314 16603.6381107 16623.8432511 16635.3202943 3.33230032114 36.0611779054 3540.04474901 7.6899316446 3.94835348817 3.8443968777 3.51986127731 6.09837072573 5.65368483605 3.23349245045 4.80193285755 4.14825770634
-9999.0 -9999.0 -9999.0 -9999.0 -9999.0 -9999.0 -9999.0 -9999.0 -9999.0 -9999.0 -9999.0 -9999.0 -9999.0 -9999.0 -9999.0 -9999.0 44.7389721636 60.2806156848 107.113904838 143.95703805 20.3738480929 277.765808233 298.835959562 319.22510318 20.3583270959 40.1504307514 18.3929052989 135.237414091 144.384554291 159.125434626 174.294071341 211.499395025 215.840801835 2.90693002441 172.167393796 182.056657931 186.76451641 206.970759758 26.0215096244 16.8190377951 10.4314364134 9.49203050525 16648.3564913 16654.521004 16715.173109 3543.32934557 20.4131014609 9.91354732546 6.49845645627 2.13045309874 18.165382263 9.47577357813 2.90002510915 15.2874746661 12.8422479939
-9999.0 -9999.0 -9999.0 -9999.0 -9999.0 -9999.0 -9999.0 -9999.0 -9999.0 -9999.0 -9999.0 -9999.0 -9999.0 -9999.0 -9999.0 -9999.0 15.8377654898 75.8015781321 92.3200010007 21.2184149913 22.3958835394 45.1128598515 66.4603366661 406.49096426 20.2645162165 81.2756140061 100.235681415 118.774414172 9.64904864751 23.2262231698 30.528369811 140.260445036 155.230788814 159.503092634 4.96900302031 4.92884541947 5.8031085957 10.6226268133 4.50781382998 4.75112434353 8.31966391336 6.19544323769 7.77661391507 20.6381606348 16721.1631723 20278.580993 26.284136704 5.00561024705 2.38975551062 55.5148526728 50.8341923195 29.4860007214 26.2468210289 19.4023915748 4.53378618768
-9999.0 -9999.0 -9999.0 -9999.0 -9999.0 -9999.0 -9999.0 -9999.0 -9999.0 -9999.0 -9999.0 -9999.0 -9999.0 -9999.0 -9999.0 13.3892246079 43.6095904052 14.3552850627 23.692408441 24.021635628 46.7329296141 68.9869778733 89.0483044227 510.961659006 530.415996365 19.9002680746 38.6179827961 57.4825093156 69.9687194403 84.4002587466 124.282009416 135.249806908 9.25820899277 7.8176006278 6.03943981236 6.22388108542 8.41370901948 8.41034459092 7.74712265113 8.87484636963 29.0868012023 12.3215764001 4.7820375716 4.58495583194 4.76556011684 8.96109181149 20447.4824674 138.631840391 67.8128754819 5.70959743247 2.53688913582 2.08773573927 7.17506645378 4.97823790586 2.49457281312
-9999.0 -9999.0 -9999.0 -9999.0 -9999.0 -9999.0 -9999.0 -9999.0 -9999.0 -9999.0 -9999.0 -9999.0 -9999.0 -9999.0 14.0125260558 27.1981014718 98.0089448028 13.5006555053 43.4075581012 66.9346091021 89.3732887004 22.9841835286 43.8509008521 62.4355301481 607.579304025 19.0360895578 36.825735135 54.8728031436 16.5995159576 32.8203248453 41.5199472662 52.2440445702 1160.4697093 1176.97485418 1192.72888391 1261.87847482 1283.17089077 1332.24526207 17.7891254245 36.8850047268 37.7296000206 1490.28712853 1499.56116151 4.26519752893 7.83274644749 11.2614009009 20451.1727227 130.232779449 54.9962200492 51.8639258355 44.6809734629 40.7292053722 9.57697103917 2.32526462007 4.33631171302
-9999.0 -9999.0 -9999.0 -9999.0 -9999.0 -9999.0 -9999.0 -9999.0 -9999.0 -9999.0 -9999.0 -9999.0 -9999.0 -9999.0 14.2226071733 43.2225278776 155.477971831 228.645505361 11.9403070608 299.251149294 403.571129868 21.750387303 42.3047703367 61.8360387863 783.963421549 799.643977752 15.7126229829 86.4524490005 101.421070505 114.594672027 1055.59987455 1083.24284511 1099.70927721 8.15865107186 47.0556676309 56.7581501621 23.826767599 34.4076211821 1379.59464478 1431.38847332 1439.75022412 1447.64469425 1509.07451865 4.63073844667 4.06931310038 18.6804916058 20455.6622071 4.19001267213 1.55929992266 4.55840516586 1.61570322857 36.3526974523 31.5900781466 18.5914389472 13.2315508269
-9999.0 -9999.0 -9999.0 -9999.0 -9999.0 -9999.0 -9999.0 -9999.0 -9999.0 -9999.0 -9999.0 -9999.0 -9999.0 -9999.0 -9999.0 -9999.0 30.0781943886 60.2630788644 270.390654101 285.489770191 416.8059301 431.833765308 21.5934190186 43.1658000111 101.870086079 812.552359496 843.463724054 856.435603497 10.806507134 903.206812529 931.113461522 17.7108895179 8.02009609606 15.6975855575 30.3714922084 7.29949721418 14.6492915053 32.0614181547 40.1998100395 7.531891895 5.16248856763 10.2802948034 1546.3881534 1559.3743617 1562.94270585 1590.87118725 20459.760095 2.84418816463 1.04647929348 1.24231756154 1.10455837534 1.14023765715 0.8924644204 1.63654053216 1.83533279349
-9999.0 -9999.0 -9999.0 -9999.0 -9999.0 -9999.0 -9999.0 -9999.0 -9999.0 -9999.0 -9999.0 -9999.0 -9999.0 -9999.0 -9999.0 -9999.0 15.5981121389 15.2077161815 14.9663778707 30.182743703 13.1828044194 458.104881007 471.912462752 19.8462694024 39.8385006943 18.6556830137 15.3515942179 14.905678639 882.558071372 8.91568785605 17.9758381058 9.73920351616 8.52365233067 7.40228820823 5.86315913741 6.08711185971 18.5195038478 25.3146616002 4.95042383965 4.32919368114 9.30190060389 15.3598277595 19.6399343253 5.86958709948 1568.20470548 1594.58218348 20462.8390162 9.14756618305 3.38259442277 0.684528268951 1.58210794783 0.492823935108 0.330601327873 2.01317034443 9.51539129937
-9999.0 -9999.0 -9999.0 -9999.0 -9999.0 -9999.0 -9999.0 -9999.0 -9999.0 -9999.0 -9999.0 -9999.0 -9999.0 -9999.0 -9999.0 -9999.0 -9999.0 -9999.0 15.0493069041 43.8308983874 55.7853167141 68.5566938049 484.644525496 497.695443832 511.079385938 527.42820672 542.001881142 571.956399449 580.864511014 589.157521258 596.946375926 7.66792867293 7.22649853415 7.44074458468 25.7681640093 6.72848582944 6.39322013215 5.12968164278 14.85538619 5.64854577717 4.43394434816 4.12773512366 3.46914815967 6.92459497539 10.0733311641 1615.49696639 22090.9236058 2.80116890601 5.68100900723 0.54640397761 2.14159393637 1.15271765454 0.66649738384 19.4367062448 15.9845514459
-9999.0 -9999.0 -9999.0 -9999.0 -9999.0 -9999.0 -9999.0 -9999.0 -9999.0 -9999.0 -9999.0 -9999.0 -9999.0 -9999.0 -9999.0 -9999.0 -9999.0 -9999.0 -9999.0 12.2525453268 98.8783048273 194.385631164 207.785562049 19.9353620755 39.9854959031 59.9118211316 76.6872509921 185.776087853 193.898568682 7.84654861454 7.73590338305 613.869293914 628.360424771 634.926321164 30.795364923 4.46171210949 11.0318221587 16.194290899 48.5235287387 59.2433985931 67.7628670435 7.8447950319 10.9764704618 3.6947948541 7.32305449012 3.75717449769 22098.4700803 2.44384049852 10.4922564113 3.3288517152 7.34925408824 21.9146871014 23.9178523658 44.7636386277 17.6701920167
-9999.0 -9999.0 -9999.0 -9999.0 -9999.0 -9999.0 -9999.0 -9999.0 -9999.0 -9999.0 -9999.0 -9999.0 -9999.0 -9999.0 -9999.0 -9999.0 -9999.0 -9999.0 13.8640586806 44.3681799407 86.7976191714 113.270230406 289.305268825 306.0452039 41.1491551106 61.1974270938 78.6928057201 95.2050463567 202.374551819 218.470936048 385.172040758 397.452726806 405.491245285 641.334412183 688.219403604 10.7321865219 7.00968433424 6.68198270838 12.799713751 5.79870916042 78.8063986358 82.8838095605 14.5962751105 18.7064335281 5.14651605668 4329.73435186 4338.33035805 26442.1238834 26456.7609835 2.68734610152 12.9652918924 6.01931953993 5.02633042595 53.8996119794 74.0727160959
-9999.0 -9999.0 -9999.0 -9999.0 -9999.0 -9999.0 -9999.0 -9999.0 -9999.0 -9999.0 -9999.0 -9999.0 -9999.0 -9999.0 -9999.0 -9999.0 -9999.0 -9999.0 -9999.0 15.925963683 15.5401477429 29.1827746384 69.1261031505 319.242656914 20.9821901089 20.7844858211 38.2282015364 55.8142694938 133.926833054 144.924629265 7.52649180992 8.21049316687 414.465001467 421.060477733 1115.87815561 1122.08168092 3.94666965903 3.50463093016 2.99675193597 3.02464910762 3.29569769967 4253.97345592 4278.41660264 4300.96522429 4310.00675525 4325.50485287 4.23372290666 15.7147380803 19.4993574725 26483.8520672 26486.3897335 26488.7609025 26492.643381 26496.3573442 79.1780213527
-9999.0 -9999.0 -9999.0 -9999.0 -9999.0 -9999.0 -9999.0 -9999.0 -9999.0 -9999.0 -9999.0 -9999.0 -9999.0 -9999.0 -9999.0 -9999.0 -9999.0 -9999.0 -9999.0 -9999.0 14.0949172655 14.835500951 27.4376293187 372.837234365 387.22041562 20.4839484624 37.8586763244 55.7681940027 68.3539627391 10.8922545983 21.4273715367 900.938755233 908.051211318 915.030739 967.693296939 2095.92042396 4094.27940113 4103.7155334 4112.34774195 4120.64830912 4155.662006 4166.93391489 20.788357733 9.37454046826 5.47324925359 10.3443717968 7.82841951105 12.3447140027 3.85314559279 89.7781502105 100.851673604 108.851835726 110.717842388 26498.882929 26582.8957418
-9999.0 -9999.0 -9999.0 -9999.0 -9999.0 -9999.0 -9999.0 -9999.0 -9999.0 -9999.0 -9999.0 -9999.0 -9999.0 -9999.0 -9999.0 -9999.0 -9999.0 -9999.0 -9999.0 -9999.0 -9999.0 14.3637416713 27.5174098839 40.7754812785 398.547073072 16.039291906 551.1865704 569.59841507 580.639160103 591.848262296 857.877906829 869.028345862 7.51707109822 38.9149221131 47.3329491039 7.56608117925 1988.98130444 1975.19517066 4.50878221439 10.1984248688 27.4328227913 6.03107585657 6.32945940102 4.77205548549 4.10580112811 3.25135801619 3.7412410294 77.3372493595 81.1927856564 85.7794242514 7.74154369479 5.49656873238 113.844103173 116.378175418 117.788042329
-9999.0 -9999.0 -9999.0 -9999.0 -9999.0 -9999.0 -9999.0 -9999.0 -9999.0 -9999.0 -9999.0 -9999.0 -9999.0 -9999.0 -9999.0 -9999.0 -9999.0 -9999.0 -9999.0 -9999.0 -9999.0 12.9760574819 12.171956271 63.2730172012 488.312806041 517.76051488 534.020150354 17.6847386039 242.020745258 252.18866133 256.587308438 10.2527359271 18.9679479649 26.3400855756 461.472964227 467.351556864 472.513543071 1965.54047843 1198.23704371 5.59772259985 5.85333584496 5.63153506629 4.55248689774 47.1033800062 56.3187028789 64.4643470484 68.9619877619 73.3037357256 505.371851629 508.708963703 512.685005121 521.208775754 562.973079752 564.818306137 684.552048024
-9999.0 -9999.0 -9999.0 -9999.0 -9999.0 -9999.0 -9999.0 -9999.0 -9999.0 -9999.0 -9999.0 -9999.0 -9999.0 -9999.0 -9999.0 -9999.0 -9999.0 -9999.0 -9999.0 -9999.0 -9999.0 -9999.0 25.3977993855 38.9351627533 14.4823129405 20.8516877333 180.954713003 199.064840665 212.005269921 95.3632917546 104.392354423 114.253604297 122.447515281 448.434597968 456.313159006 277.098979654 756.095132596 762.15821609 1193.59851946 11.8813305517 6.01506065031 4.38570679693 32.5658927423 38.1764056082 3.51679891391 3.2747889188 490.215129527 498.293551928 502.299626528 3.94074764161 5.95835828513 555.374790238 4.01704934607 14.6976481061 16.2134251453
-9999.0 -9999.0 -9999.0 -9999.0 -9999.0 -9999.0 -9999.0 -9999.0 -9999.0 -9999.0 -9999.0 -9999.0 -9999.0 -9999.0 -9999.0 -9999.0 -9999.0 -9999.0 -9999.0 -9999.0 -9999.0 -9999.0 12.7700005934 25.2511955688 107.851353465 123.059435594 141.346776349 72.2092082748 86.3965701563 9.36946221523 301.396404671 309.96505736 318.363396023 7.94252214309 262.399094817 270.529784582 6.23738004145 1162.82363053 13.1640050918 6.52175435966 17.5327408724 23.5669627275 4.71066494941 3.90401245045 448.866403725 482.747399435 487.528831418 4.80764986069 10.765828305 13.5322216764 16.5343449159 31.3045893647 5.35693053516 12.089493338 2.34166889832
-9999.0 -9999.0 -9999.0 -9999.0 -9999.0 -9999.0 -9999.0 -9999.0 -9999.0 -9999.0 -9999.0 -9999.0 -9999.0 -9999.0 -9999.0 -9999.0 -9999.0 -9999.0 -9999.0 -9999.0 -9999.0 -9999.0 12.5601982298 39.6546295403 69.8751262646 17.6757404891 37.6211277242 55.8932706868 262.859448371 274.553662762 283.617662646 8.35524430046 214.673681878 239.690204768 247.765776997 6.02055605068 1135.95607433 1150.61384118 6.91369348554 6.3719074112 12.7242596534 5.30837415867 422.716527699 432.306373111 437.928239508 21.5102916858 26.4713754205 4.3641970866 7.79979638654 3.46467793539 24.0403392279 3.50487793341 3.10867952887 3.3333661821 3.36708264178
-9999.0 -9999.0 -9999.0 -9999.0 -9999.0 -9999.0 -9999.0 -9999.0 -9999.0 -9999.0 -9999.0 -9999.0 -9999.0 -9999.0 -9999.0 -9999.0 -9999.0 -9999.0 -9999.0 -9999.0 -9999.0 -9999.0 -9999.0 13.8634856328 15.7944900739 20.3462037976 177.920647458 195.436938385 247.153249962 13.243855793 178.682025439 198.758638889 8.72415920583 17.6912107241 6.65083100632 1116.29921486 7.43270738765 20.5426103057 25.8948607196 31.2288554311 388.550481856 407.25085077 413.335164 6.10365683828 11.4283537011 16.2816244981 3.06070867396 2.76531353076 1088.61296215 1091.41383046 1093.69035504 1116.42417225 1119.26157079 1123.18019538 1125.87445215
