data/baseflow/mHMbf_acc423.asc
ncols                  80
nrows                 72
xllcorner      4374000.0
yllcorner      5656000.0
cellsize            500
NODATA_value       -9999
[rows 0 to 24 of 72, columns 0 to 54 of 80]
-9999.0 -9999.0 -9999.0 -9999.0 -9999.0 -9999.0 -9999.0 -9999.0 -9999.0 -9999.0 -9999.0 -9999.0 26.1439172746 19.3802395916 -9999.0 -9999.0 -9999.0 -9999.0 -9999.0 -9999.0 -9999.0 -9999.0 -9999.0 -9999.0 -9999.0 -9999.0 -9999.0 -9999.0 -9999.0 -9999.0 -9999.0 -9999.0 -9999.0 -9999.0 -9999.0 -9999.0 -9999.0 -9999.0 -9999.0 -9999.0 -9999.0 -9999.0 -9999.0 -9999.0 -9999.0 -9999.0 -9999.0 -9999.0 -9999.0 -9999.0 -9999.0 -9999.0 -9999.0 -9999.0 -9999.0
-9999.0 -9999.0 -9999.0 -9999.0 -9999.0 -9999.0 -9999.0 -9999.0 -9999.0 -9999.0 -9999.0 -9999.0 52.6280899022 109.142802379 16.0425152043 -9999.0 13.739067847 -9999.0 -9999.0 -9999.0 -9999.0 -9999.0 -9999.0 -9999.0 -9999.0 -9999.0 -9999.0 -9999.0 -9999.0 -9999.0 -9999.0 -9999.0 -9999.0 -9999.0 -9999.0 -9999.0 -9999.0 -9999.0 -9999.0 -9999.0 -9999.0 -9999.0 -9999.0 -9999.0 -9999.0 -9999.0 -9999.0 -9999.0 -9999.0 -9999.0 -9999.0 -9999.0 -9999.0 -9999.0 -9999.0
-9999.0 -9999.0 -9999.0 -9999.0 -9999.0 -9999.0 -9999.0 -9999.0 -9999.0 -9999.0 25.9360200662 24.8634940392 25.7193308409 24.9655179465 156.56652171 173.906650231 38.7063547731 12.4845198462 -9999.0 -9999.0 -9999.0 -9999.0 -9999.0 -9999.0 -9999.0 -9999.0 -9999.0 -9999.0 -9999.0 -9999.0 -9999.0 -9999.0 -9999.0 -9999.0 -9999.0 -9999.0 -9999.0 -9999.0 -9999.0 -9999.0 -9999.0 -9999.0 -9999.0 -9999.0 -9999.0 -9999.0 -9999.0 -9999.0 -9999.0 -9999.0 -9999.0 -9999.0 -9999.0 -9999.0 -9999.0
-9999.0 -9999.0 -9999.0 -9999.0 -9999.0 -9999.0 -9999.0 -9999.0 -9999.0 25.1828118743 51.0049133762 100.964376565 49.8252101276 24.3000439708 47.7240955536 197.167481357 264.278979946 13.626163856 -9999.0 24.7536589951 -9999.0 -9999.0 -9999.0 -9999.0 26.2389101338 13.4556175389 -9999.0 -9999.0 -9999.0 -9999.0 -9999.0 -9999.0 -9999.0 -9999.0 -9999.0 -9999.0 -9999.0 -9999.0 -9999.0 -9999.0 -9999.0 -9999.0 -9999.0 -9999.0 -9999.0 -9999.0 -9999.0 -9999.0 -9999.0 -9999.0 -9999.0 -9999.0 -9999.0 -9999.0 -9999.0
-9999.0 -9999.0 -9999.0 -9999.0 -9999.0 -9999.0 -9999.0 -9999.0 27.0243515972 78.0228789552 102.088862733 126.558347974 174.36902311 23.1877540073 93.1455747156 115.850456434 415.671417165 19.7755644819 22.0267661766 47.255871041 68.9531576416 22.3553821802 -9999.0 67.4457513108 55.2079149367 15.0206284286 -9999.0 -9999.0 -9999.0 -9999.0 -9999.0 -9999.0 -9999.0 -9999.0 -9999.0 -9999.0 -9999.0 -9999.0 -9999.0 -9999.0 -9999.0 -9999.0 -9999.0 -9999.0 -9999.0 -9999.0 -9999.0 -9999.0 -9999.0 -9999.0 -9999.0 -9999.0 -9999.0 -9999.0 -9999.0
-9999.0 -9999.0 -9999.0 -9999.0 -9999.0 -9999.0 27.7153522426 25.8688896775 24.8431779495 25.0745951324 25.0368190149 176.993721684 375.561310317 399.601715071 421.056504036 20.9349393702 457.789485422 479.506333338 44.2378964075 22.0361366193 90.2803001801 156.087890645 21.3541473195 130.172233038 22.83474723 21.8254902495 23.4456732525 -9999.0 -9999.0 -9999.0 -9999.0 -9999.0 -9999.0 -9999.0 -9999.0 -9999.0 -9999.0 -9999.0 -9999.0 -9999.0 -9999.0 -9999.0 -9999.0 -9999.0 -9999.0 -9999.0 -9999.0 -9999.0 -9999.0 -9999.0 -9999.0 -9999.0 -9999.0 -9999.0 -9999.0
-9999.0 -9999.0 -9999.0 -9999.0 -9999.0 -9999.0 55.0114272773 81.303459985 183.856339292 257.413926494 23.2227665133 24.0009924237 22.9570671225 67.2856385584 509.47428016 20.4260725808 500.962977111 584.073154723 65.1229509526 42.5689369331 176.604151611 21.6571471889 151.607170122 43.3746175571 21.7201180291 43.0346743891 46.1931305907 22.917411724 23.2053479115 22.9638276778 23.1769862064 46.5499001148 -9999.0 -9999.0 -9999.0 -9999.0 -9999.0 -9999.0 -9999.0 -9999.0 -9999.0 -9999.0 -9999.0 -9999.0 -9999.0 -9999.0 -9999.0 -9999.0 -9999.0 -9999.0 -9999.0 -9999.0 -9999.0 -9999.0 -9999.0
-9999.0 -9999.0 -9999.0 -9999.0 -9999.0 28.5480978611 55.956485678 27.0862101784 52.7585971893 283.15049287 331.161268306 379.145833355 1193.69268526 22.1480222352 531.62829985 1895.1184321 1911.33115752 2522.7958784 17.3131197875 63.2906386298 197.286482954 20.5930518758 391.564731457 218.995142432 133.229724375 111.458426399 22.620703867 68.298010376 68.2527809021 45.5935179995 22.0516485842 69.1291979927 21.7537426645 21.6445447607 -9999.0 -9999.0 -9999.0 -9999.0 -9999.0 -9999.0 -9999.0 -9999.0 -9999.0 -9999.0 -9999.0 -9999.0 -9999.0 -9999.0 -9999.0 -9999.0 -9999.0 -9999.0 -9999.0 -9999.0 -9999.0
-9999.0 -9999.0 -9999.0 -9999.0 -9999.0 28.6965012864 84.1764242687 167.524102613 193.438621706 382.781990342 407.558297804 483.99971037 792.242765712 1257.99822776 1302.30341222 1322.63971551 38.822125852 2592.14754913 2628.37707019 2732.1525839 3404.42664871 454.091390689 412.876943273 154.50545787 20.9497000018 132.069217945 89.3369162641 20.5241338252 88.9357286258 20.1791303784 41.4720382275 111.253486689 132.205444526 42.52699962 20.5211283996 20.6326976296 -9999.0 -9999.0 -9999.0 -9999.0 12.7237894642 11.3215614371 -9999.0 -9999.0 -9999.0 -9999.0 -9999.0 -9999.0 -9999.0 -9999.0 -9999.0 -9999.0 -9999.0 -9999.0 -9999.0
-9999.0 -9999.0 -9999.0 -9999.0 -9999.0 28.2338483722 27.2813061419 111.072789162 137.157591916 163.84450144 25.8175708786 51.3488794713 290.532177308 51.4913264691 24.2475103659 22.9000792128 20.74132861 22.7734380045 22.3551399803 22.2904461809 3425.82288494 3487.52218802 20.3497159846 61.9825161846 41.7704854763 152.739026214 41.2130142905 20.1194269511 109.924930313 39.6147838025 95.1678595197 233.492863831 215.757590948 62.8697400375 60.9918127205 20.7752043056 20.5215035875 -9999.0 -9999.0 20.6000607873 28.2939175017 63.0698689341 11.7566003597 -9999.0 -9999.0 -9999.0 -9999.0 -9999.0 -9999.0 -9999.0 -9999.0 -9999.0 -9999.0 -9999.0 -9999.0
-9999.0 -9999.0 -9999.0 -9999.0 -9999.0 -9999.0 28.6497023501 28.316291451 55.560825781 82.7747497033 188.358304159 240.718211927 266.701257893 27.4191834867 22.6128743743 293.003061778 360.403473774 382.211324924 471.562223212 492.998366002 21.1126550283 3508.45565652 3610.63193877 81.7540390111 17.0295262776 172.22715035 381.952472513 149.534035287 38.9928213528 19.5580774725 366.334071222 252.984353256 18.7713310764 19.0533896349 80.0623139745 60.7781963884 19.4184070597 19.0591301458 19.794012376 40.0942352881 19.1288513335 76.3760578667 94.5466182607 17.3611238892 -9999.0 -9999.0 -9999.0 -9999.0 18.5480493481 17.8090541094 5.89285418927 -9999.0 -9999.0 -9999.0 -9999.0
-9999.0 -9999.0 -9999.0 -9999.0 -9999.0 -9999.0 -9999.0 28.3757539739 26.057747233 53.3639601337 80.004921125 26.4297203423 24.622766785 152.058705338 199.730931283 248.018582754 22.7532841301 45.8073360142 22.3129181528 514.359858394 1123.93486999 1137.06640949 4784.65584267 20.6068790142 51.3248846293 16.5787244466 401.32769368 19.4081967288 58.8187831664 19.336657975 385.244490402 404.056221637 37.6513645339 37.8195031701 199.613456485 99.9447415061 38.6128406627 19.6448343059 39.6270517257 59.6769143439 97.1408424464 18.1738052224 127.868106054 142.462454629 12.9411807491 13.9848998619 14.124659267 12.8894432971 12.093977802 51.3204586078 21.5785204883 14.3243705767 -9999.0 -9999.0 -9999.0
-9999.0 -9999.0 -9999.0 -9999.0 -9999.0 -9999.0 -9999.0 -9999.0 54.0649400339 79.5277767746 26.4275865316 53.2094553788 78.3439625478 128.911143153 25.6034990002 24.9727769774 22.5196457827 22.881776891 21.6008192121 566.674800375 22.34975674 44.2167229288 4843.08478627 4884.38854675 20.9362229616 93.5584782887 513.728354104 38.3807209335 76.7822071934 36.7039156374 54.2480745394 476.683145071 55.170580193 291.144971316 235.929737523 18.4029173822 95.4875393396 38.4126797353 58.0803252735 18.4977923991 114.837208986 148.928257176 161.528284039 173.519908882 191.282383232 24.730300226 25.3900214477 23.3718793343 21.6828551045 63.9710598626 13.5674086147 49.8898749777 62.9756242508 -9999.0 -9999.0
-9999.0 -9999.0 -9999.0 -9999.0 -9999.0 -9999.0 -9999.0 -9999.0 27.6707771044 134.245762114 160.286543594 26.1206419364 51.2522805822 25.1472657407 24.0594177459 23.6488525255 289.871299368 385.565590854 471.186329201 552.670374045 20.317095872 22.0931773758 23.5456168177 4979.49613636 5021.65209941 5040.54550952 689.164236705 153.4409871 133.701023849 17.5658346481 71.4578883807 565.534041039 17.1577652625 308.449465225 18.1528287233 123.709661482 114.456797014 18.5884755046 76.3821882381 36.7525508006 54.5617343453 16.1192676976 11.8771923211 185.370792508 196.044733297 201.927998398 36.576884978 34.0573592035 32.1024652487 78.2998128712 105.613649485 13.6143512047 76.564386534 14.4005392086 27.6823432434
-9999.0 -9999.0 -9999.0 -9999.0 -9999.0 -9999.0 -9999.0 -9999.0 -9999.0 27.5954203582 186.688292714 212.507905257 76.581881569 126.67126019 174.405558686 198.057636004 23.6748129278 73.160029158 48.010787107 23.6926959047 23.7801211233 22.4853144564 44.7177427643 77.5169771522 26.3255616836 5776.09218072 5797.24998039 19.235106358 15.8882084785 35.4500084318 52.7721000487 616.49499156 33.8318601607 324.387855743 191.668489626 157.186168365 17.921020183 36.296251456 93.6134611902 17.1344313259 71.2249118262 32.4349677301 21.6685427121 10.5098782073 227.307397287 438.130323299 44.5281492941 42.276830834 43.5705076198 11.8967039678 117.252135057 11.4373859065 102.266969153 13.1176722352 40.6735379061
-9999.0 -9999.0 -9999.0 -9999.0 -9999.0 -9999.0 -9999.0 -9999.0 -9999.0 -9999.0 25.4777590654 263.824447986 25.3127193689 50.3675896975 73.6158207485 120.718540383 24.2694695457 49.580161304 24.4919972203 23.8748060815 22.6428698435 45.0050957217 20.862475587 22.9782421769 46.7440792108 26.0951713962 5817.56413331 5855.83273619 5911.8449052 69.8867426672 17.5350518794 34.9218028758 633.865229963 599.915112088 226.801787164 17.4875157495 71.667674019 53.9629477509 110.886926133 34.3568854989 136.885071531 48.8636927368 35.5908278798 9.11397985106 11.0941788647 449.866325944 459.836209733 555.434463474 80.4826930188 24.431173264 129.607023776 153.127539752 266.795306962 25.7586444512 12.2943854566
-9999.0 -9999.0 -9999.0 -9999.0 -9999.0 -9999.0 -9999.0 -9999.0 -9999.0 -9999.0 -9999.0 13.7875118617 294.241144095 24.3642021046 47.4297786938 215.488941951 24.5396204698 24.5268768834 22.6293725304 46.9329933124 22.4397016035 89.8455573235 131.713415695 151.704954884 65.7170767059 83.8505380525 19.7323406437 24.1584388161 21.581544417 6019.20804266 6070.66087161 649.651178838 630.99018251 615.578557275 32.3049527809 15.9081788352 88.2006335104 232.109123068 127.415805751 50.8626409242 203.394356452 82.7618204648 67.6942251177 19.3159444646 7.81501588665 7.08878265841 7.9745068958 593.072066212 707.217121736 12.0060372495 11.0496963785 11.942035825 278.531922155 315.924552209 22.9416882955
-9999.0 -9999.0 -9999.0 -9999.0 -9999.0 -9999.0 -9999.0 -9999.0 -9999.0 -9999.0 -9999.0 13.0219072012 325.768197111 400.283376651 23.2473190934 262.321070677 23.2257579743 22.7135417944 44.7584832572 114.006643698 22.0626307022 22.6605487662 20.6616579702 193.037772607 212.807503819 317.244967968 355.948457566 376.227638715 394.835324921 418.289919507 6507.40446072 7191.3188138 7852.1290948 7863.87436795 14.4944511438 15.9114523265 265.186197365 248.786909972 16.266620009 16.1063037256 218.527311485 316.707565611 13.8875976387 148.90343389 135.932892446 36.9397963335 17.125233649 27.9191870201 11.3979822335 726.124670445 9.33017181313 32.2818487879 39.9731078178 383.793564508 415.558195777
-9999.0 -9999.0 -9999.0 -9999.0 -9999.0 -9999.0 -9999.0 -9999.0 -9999.0 -9999.0 -9999.0 26.4222766215 50.837342238 424.391011757 469.562903157 22.7677679173 302.345605116 20.95807038 64.0599368773 134.97551027 43.0996129955 21.0038789036 42.6374503213 19.2801488348 37.5304735009 18.5274205131 17.6808678727 16.2374613629 14.9972120377 14.714612897 14.7270210482 18.4575368087 19.5949220418 19.9939193019 7912.06919096 315.445231953 288.522578309 11.2767052505 47.0348034371 12.7841254565 10.8225089923 331.445809808 524.047835603 164.133771383 117.825491322 21.224332955 8.95075674614 8.31059626468 17.8525512271 753.655537743 770.780506969 8.90504368323 8.911661932 9.51128421113 8.92437024372
-9999.0 -9999.0 -9999.0 -9999.0 -9999.0 -9999.0 -9999.0 -9999.0 -9999.0 -9999.0 -9999.0 -9999.0 24.1118710398 309.707094642 802.442403895 871.549150417 1194.65801596 1211.24802007 300.422673114 220.649258867 64.4597887755 20.863007852 83.6911669746 103.661147319 159.839784542 37.5413706743 35.9130879192 34.6283293929 67.4299176044 32.3592707956 31.7249784752 15.8450876743 12.3869635267 14.0625306936 7928.12558979 8255.78469828 8267.75540374 11.0019765523 124.509145901 54.8084571636 15.7264113166 569.982098702 31.5545623748 16.1159368766 66.1242977883 15.076005081 12.5358893421 22.7006291371 31.2650730437 40.4272208397 785.549223575 7.01263408684 6.07376048067 6.14281684724 5.2881759008
-9999.0 -9999.0 -9999.0 -9999.0 -9999.0 -9999.0 -9999.0 -9999.0 -9999.0 -9999.0 -9999.0 25.4881747651 235.594519672 285.775682645 46.7684150962 14.4480752475 33.6778484811 1266.5465345 1284.22751201 1600.49803107 19.5190593376 40.2579883682 18.4809253023 18.7643301805 178.113563651 233.910643651 287.361825233 17.3484363755 84.6100554201 133.868987457 79.9591839312 32.1163276132 27.1461419081 26.6346629535 24.4476481201 12.5006326854 8277.69004797 8285.88607878 8427.77727553 27.4077045122 14.2937529284 579.659055756 33.7833657942 17.1251230393 17.5265696613 17.3406700444 16.30582625 29.2172305873 82.1529265017 132.363296886 925.240060295 5.47475839652 16.1877706826 10.920958801 9.53577278302
-9999.0 -9999.0 -9999.0 -9999.0 -9999.0 -9999.0 -9999.0 -9999.0 -9999.0 -9999.0 -9999.0 25.9459821256 160.85714525 25.4774335591 23.3031165715 117.70366202 138.815144998 160.499113523 181.367701825 2164.55471846 2182.21071451 2219.65318821 2493.31616944 2549.41055565 2582.67306681 2601.30319416 2930.8519121 2976.67196851 2993.52593135 3145.22550114 3242.50323727 3258.86666473 3316.64353666 42.0366198869 37.6312376419 10.5879145623 8.81869165217 8295.47829691 8474.86913444 39.282628333 665.88769201 653.270076993 64.6381158843 15.8999345879 15.9330484653 15.606383689 15.1051303059 30.280182995 43.1982581571 12.0463469051 932.114483205 939.32831895 972.51662761 978.361824461 993.208970903
-9999.0 -9999.0 -9999.0 -9999.0 -9999.0 -9999.0 -9999.0 -9999.0 -9999.0 -9999.0 -9999.0 82.041523806 108.610532843 51.3959922888 75.7280537054 24.0649949908 275.511661831 297.841545728 341.93354939 361.751646832 148.513273089 2397.82845358 2415.57462746 18.3121308904 14.7493108088 13.6910385084 29.1458332069 14.6587966188 12.4165330827 12.1700803706 12.8627131162 3274.09971454 3331.94168747 3387.94871572 3438.15769781 3474.08124395 15.7309388448 5.67921797273 9170.23261628 687.675425369 678.896322082 14.5942538104 13.3895984438 12.5212679168 28.8034925458 28.4682727758 13.45315206 13.4985857129 12.5965011565 24.5762503531 32.1597081263 5.18761141171 9.60683397494 4.18212479666 3.27663809255
-9999.0 -9999.0 -9999.0 -9999.0 -9999.0 -9999.0 -9999.0 -9999.0 -9999.0 -9999.0 -9999.0 -9999.0 55.4213729287 26.1957613889 24.7094263846 231.203535352 253.921047644 22.8766750894 90.2295626146 111.342824458 131.236478213 21.1469118089 17.8718187481 374.220676785 389.676006841 404.807698426 1026.21861751 1039.163341 1062.59433527 1161.08222534 1227.30410431 1238.41990343 10.9289689162 11.2037892401 10.9937895354 3487.2120597 6.53415717088 9293.0240403 9283.10649332 105.117345013 94.4107442349 56.0569764818 14.1770375706 25.0357042201 41.4150817024 41.0512327078 26.3125751462 13.0967583722 25.522498847 25.3359547416 43.5950310085 8.73028704413 17.892579197 28.6354928829 35.4715228307
-9999.0 -9999.0 -9999.0 -9999.0 -9999.0 -9999.0 -9999.0 -9999.0 -9999.0 -9999.0 -9999.0 -9999.0 28.368758572 80.7289055071 105.888027119 182.636353696 23.2274788683 46.7096014583 68.9998554987 265.379733844 284.994168392 301.298267903 320.524647296 340.072811804 519.695318782 576.201568722 608.172276987 14.1555078398 75.2078494405 88.1028376496 1193.20210286 1249.98254904 1273.4186378 1296.9375271 1318.86741304 4812.96979135 4.70016880177 9321.48186176 17.567224279 8.45208167195 80.4421858181 68.830042116 11.6312789759 37.3845977584 53.4311412046 52.6816627326 37.306377973 61.4855660265 97.3232953505 36.5307915945 90.525185149 9.19200609717 14.6810477293 2.59368325307 1.92235026492
