data/baseflow/mHMbf_acc348.asc
ncols                  80
nrows                 72
xllcorner      4374000.0
yllcorner      5656000.0
cellsize            500
NODATA_value       -9999
[rows 25 to 49 of 72, columns 0 to 54 of 80]
-9999.0 -9999.0 -9999.0 -9999.0 -9999.0 -9999.0 -9999.0 -9999.0 -9999.0 -9999.0 -9999.0 -9999.0 15.9141607964 31.4499586808 14.3835190275 27.8911545305 11.3940869178 92.9781142552 114.253750516 125.185606738 9.97634250161 19.7316661708 200.228271895 248.380559967 256.464639007 15.361435223 13.1337949745 18.9681004216 4.72841246248 4.15241333133 7.54225292573 2.74675290708 330.002210781 333.038840556 334.189737535 2334.3022253 4469.00169411 4452.20418859 2.99079040132 1.78739859593 1.58568252493 7.23267732827 5.88922566777 15.5201790448 22.2669597137 44.5786809248 4.11894935831 4.08866719839 36.0529535936 39.5156631115 76.2319211577 77.7298480683 83.5503663319 84.7854433808 1.06629600928
-9999.0 -9999.0 -9999.0 -9999.0 -9999.0 -9999.0 -9999.0 -9999.0 -9999.0 -9999.0 -9999.0 -9999.0 -9999.0 14.6814887123 29.5854537628 44.7858979226 69.0015523651 12.3346411498 11.0429245138 84.3214289987 94.4290881587 180.781622072 191.973185152 31.6288689845 8.71394457911 7.19623748177 6.36440213876 308.602585454 312.772861226 317.41423926 321.10581318 327.110965502 40.6217442061 42.5500293573 377.988585246 7183.53578331 12.5718994029 8.89158055994 4.64115456113 1.37105951596 1.21038080064 10.1852861824 11.0072164738 17.76924209 1.16747621638 46.2209907462 6.56104821079 6.44620772061 1.07564832018 0.62135955729 0.531393304081 0.50621841678 0.568348147326 85.6897607236 1179.23785684
-9999.0 -9999.0 -9999.0 -9999.0 -9999.0 -9999.0 -9999.0 -9999.0 -9999.0 -9999.0 -9999.0 -9999.0 -9999.0 -9999.0 13.6400939713 27.0260630124 39.4499992294 51.62640685 62.4435029665 73.7554585144 32.6078428709 55.6535922978 10.7003110308 9.57713651078 270.315254698 287.904632193 295.627953475 303.499112549 5.15114894014 9.10095255973 27.1902147145 32.5147940297 37.1469860412 2.51146678999 2.0692934279 7192.77144407 3.61243370931 3.03890494015 1.48418541801 6.25835798211 3.0387578265 1.21424895596 29.8446798118 31.0270449823 0.614699579425 46.9789081163 54.1170458364 7.20624082796 1214.14314802 1212.646149 1211.49471005 1209.37390554 1208.49795656 1186.46817164 1185.44554215
-9999.0 -9999.0 -9999.0 -9999.0 -9999.0 -9999.0 -9999.0 -9999.0 -9999.0 -9999.0 -9999.0 -9999.0 -9999.0 -9999.0 4.44102940357 9.66704609245 12.7995786401 138.820965632 149.891707127 11.4147917986 11.1347815002 11.5302328259 230.678735572 252.648032074 10.308364688 10.1192018416 7.31706952362 31.9461177178 39.7282301168 16.70419963 23.1091298066 195.791154238 200.777557472 208.209520611 322.377720759 7517.8568353 3.61176246509 1.18182678762 9.83404143551 8.13848120077 1.15321569318 3.57123329649 4.62042292671 32.1481166169 33.0413225851 89.1391846802 54.8192329342 8.49448562426 1233.74495879 6.84196369271 1210.48647881 1209.9746062 21.0054773447 1.70691220329 4.57203369202
-9999.0 -9999.0 -9999.0 -9999.0 -9999.0 -9999.0 -9999.0 -9999.0 -9999.0 -9999.0 -9999.0 -9999.0 -9999.0 -9999.0 21.6576286066 36.0739135025 71.6327927329 127.076704871 162.75605662 187.868924819 198.643032387 210.052800062 221.04505392 10.5810415398 8.93307491721 17.4513327919 15.6408340664 8.74441369431 169.658772103 177.159864906 183.768013382 190.246775668 103.077024431 106.103165738 111.041555645 7520.11416851 6.96689471257 2.9582038938 14.468580634 1.89368674781 2.68785139886 1.57230250574 0.958320098947 5.79340890681 0.687662848754 0.725766305969 1326.61272628 1237.06143399 1236.43560413 2.9329101351 6.29582112784 3.80953272722 0.659009037149 17.9334015028 4.59819671754
-9999.0 -9999.0 -9999.0 -9999.0 -9999.0 -9999.0 -9999.0 -9999.0 -9999.0 -9999.0 -9999.0 -9999.0 -9999.0 -9999.0 14.8621095264 14.5092409303 28.6718181262 42.4865890782 13.2404272499 14.426175933 26.6772418218 38.5680950201 61.1160244107 71.7645395619 79.9279896184 106.160653663 113.691324808 122.893870778 7.62641996417 80.3622117964 86.5411299365 92.8103498004 5.55967242825 5.86118746099 8.37458963398 7645.86236544 7647.89256329 7658.49671366 20.0313514667 3.94736936033 3.88396502396 0.858248950653 1.69302018228 6.62121617405 7.92983827708 1.31056497587 1329.99213338 1.24042975742 1.59842598146 1.6988135698 1.51326226601 2.54668915841 1.07400158065 12.7543217848 10.2660885838
-9999.0 -9999.0 -9999.0 -9999.0 -9999.0 -9999.0 -9999.0 -9999.0 -9999.0 -9999.0 -9999.0 -9999.0 -9999.0 -9999.0 -9999.0 14.1513981474 27.6813409721 12.5947233846 25.6930828392 158.558645302 169.089206133 179.81533832 11.0464595263 10.9480665854 19.0771531824 28.0844420226 42.6070172327 50.6596656375 58.1548346824 65.413986072 5.62817344416 5.19959670852 104.245921606 110.181323751 112.535244481 115.063608544 102.793736248 7771.27776783 7804.19392508 7805.45564797 7810.28443316 7815.66930009 7817.52258388 0.611558022017 8.52819824882 1330.45439746 1.2045281927 0.618291646004 1.10241105315 1.19664996523 1.93906993014 1.42778651955 0.864853310695 1.44032124739 1.30502672893
-9999.0 -9999.0 -9999.0 -9999.0 -9999.0 -9999.0 -9999.0 -9999.0 -9999.0 -9999.0 -9999.0 -9999.0 -9999.0 -9999.0 -9999.0 -9999.0 41.1273589459 54.1035978041 93.4477068383 120.10390848 13.3489367047 205.991610723 216.46768484 225.680300568 8.57370120748 16.8202490602 6.88660988718 56.228899733 63.1194861985 70.7196772129 76.7694687228 94.0871500802 99.6700336049 3.49384622173 92.4670849409 97.7185357512 100.482812909 110.706524249 11.1027695434 6.29193470649 3.18119803714 3.10127016842 7819.62304824 7820.07898677 7834.04170051 1330.91353418 4.07430308631 2.38941123905 1.6922351094 0.452960750192 4.97706319366 2.41944349575 0.776632211406 4.50875381515 3.87504490085
-9999.0 -9999.0 -9999.0 -9999.0 -9999.0 -9999.0 -9999.0 -9999.0 -9999.0 -9999.0 -9999.0 -9999.0 -9999.0 -9999.0 -9999.0 -9999.0 13.8584138596 67.523737621 81.1179684317 13.3717798444 11.6498516331 24.7729281116 36.1434083989 271.24698405 8.51208512072 34.3888399913 41.6257107416 48.870170576 6.83577310185 14.0404265107 19.910910765 71.3431147911 80.5219882029 83.6792946071 2.79368430415 2.44197817934 2.70729286187 5.0508464759 2.08241625791 2.13290987446 2.29552637796 2.47492550039 2.28123786464 5.29860587569 7834.57723079 9167.45765185 4.9945378809 1.49242605244 0.50390110921 15.4296152051 14.4161105681 8.60066051258 7.71792170153 5.70284228557 1.50127219228
-9999.0 -9999.0 -9999.0 -9999.0 -9999.0 -9999.0 -9999.0 -9999.0 -9999.0 -9999.0 -9999.0 -9999.0 -9999.0 -9999.0 -9999.0 12.7306140117 39.1315472224 12.6226813405 12.6552127675 12.3482468279 24.1853392203 36.176564395 46.5588637366 328.500344624 336.49733515 8.32575816783 15.5707324632 22.9369884169 30.3412836584 37.0590346851 62.5065677415 67.660914196 5.24326003018 3.81376443793 3.07660110793 2.18608777935 2.48978977867 2.84918670162 2.51561630383 3.91749170328 8.67314217654 4.2571219655 1.57726320179 1.56744983113 0.949467403729 1.71675739123 9233.43958063 60.1629132273 20.0762561364 3.14526596837 1.61038719527 0.812443349772 2.42402973609 1.480168543 0.706936270425
-9999.0 -9999.0 -9999.0 -9999.0 -9999.0 -9999.0 -9999.0 -9999.0 -9999.0 -9999.0 -9999.0 -9999.0 -9999.0 -9999.0 13.5332424629 25.8575332609 90.0984728138 12.1259700179 24.8066137717 36.5299847267 47.3589308967 11.5636388976 21.1141661165 31.5757156081 377.753639381 7.68146080667 14.2943214446 21.4100855018 6.88804234137 13.585305995 18.653968449 22.9965913516 616.950081995 623.218743607 628.361201514 647.765656002 655.355353883 669.352778564 3.33596788922 8.51697635359 10.1094632358 707.893857497 710.332326893 1.40921406991 2.01774603419 2.61499009018 9234.38091582 57.2413778726 32.686694639 30.5932860769 22.1965158408 17.9464857042 3.17352569926 0.860574914367 1.38015714377
-9999.0 -9999.0 -9999.0 -9999.0 -9999.0 -9999.0 -9999.0 -9999.0 -9999.0 -9999.0 -9999.0 -9999.0 -9999.0 -9999.0 13.6225399267 41.376298532 144.996293572 215.55482961 11.1383692107 279.908757834 338.689198507 10.6594303019 20.0916999072 30.2195638728 464.826374658 472.979046876 5.21281396634 32.0780891368 37.2219925924 42.6160561762 573.80946897 585.311310673 591.00617691 2.6868453513 14.6976838438 17.3191718534 6.31848604427 8.62256952386 681.887537375 693.900862488 695.506267278 696.988747746 711.928839348 0.795805995186 0.682011860349 3.92195588462 9235.17441254 2.24212341841 2.19618215147 6.68810438735 2.70271350912 15.6622703713 12.4959087983 7.6767050863 5.12199676749
-9999.0 -9999.0 -9999.0 -9999.0 -9999.0 -9999.0 -9999.0 -9999.0 -9999.0 -9999.0 -9999.0 -9999.0 -9999.0 -9999.0 -9999.0 -9999.0 28.9083515952 58.0696840727 255.133907708 268.84247154 350.843373304 362.545868821 10.4046950915 20.825137714 47.1761509833 482.066128199 493.89900983 498.107625806 3.29720457248 513.813710017 526.256051436 7.32519739098 2.73655805874 5.13722803957 9.94998057127 2.35367267225 4.41478379202 9.31050888615 11.2269886494 2.13760703644 1.3226547296 2.51682619474 722.778048669 726.170861377 726.709125947 732.468501232 9235.71197195 1.84034144233 1.38857546342 1.7922357673 1.75261742227 1.81320094494 1.53434255727 2.81830345592 1.00425532613
-9999.0 -9999.0 -9999.0 -9999.0 -9999.0 -9999.0 -9999.0 -9999.0 -9999.0 -9999.0 -9999.0 -9999.0 -9999.0 -9999.0 -9999.0 -9999.0 15.1482529635 14.8071212882 14.3182389577 26.7872205152 11.7672122001 386.120601124 396.83080296 9.31394753281 18.1822538725 7.54009476785 5.69232917166 5.41749282416 507.217382653 4.33344143734 9.03668664252 3.66679965349 2.82130429294 2.47289250495 1.77457301962 1.86739996045 5.6809425789 7.85049178908 1.4274108192 1.25732061353 2.74049486038 4.67479107502 6.64732831998 2.05521444522 727.832637798 733.083946543 9236.03508624 7.01415820144 3.14136198378 0.9628904483 2.49901055758 0.76865089194 0.566953144771 3.44871519163 4.57138514908
-9999.0 -9999.0 -9999.0 -9999.0 -9999.0 -9999.0 -9999.0 -9999.0 -9999.0 -9999.0 -9999.0 -9999.0 -9999.0 -9999.0 -9999.0 -9999.0 -9999.0 -9999.0 14.6481975788 40.0848432104 51.6175288854 63.2229282105 408.075996007 419.309902872 429.710573155 438.951287519 444.130982449 455.067954192 458.706594634 462.803671605 465.495697038 2.39304072534 2.1731753491 2.34052706272 7.9896717138 2.15152356408 1.98371706388 1.46825082787 4.22466820657 1.76912865813 1.27734554737 1.16453181977 0.985992109152 1.96656924039 2.7701115638 738.591476136 9981.82822688 1.93024809054 3.1690345694 0.721813482638 3.30747520461 1.64084145178 1.13980199143 11.5963834729 7.5655357277
-9999.0 -9999.0 -9999.0 -9999.0 -9999.0 -9999.0 -9999.0 -9999.0 -9999.0 -9999.0 -9999.0 -9999.0 -9999.0 -9999.0 -9999.0 -9999.0 -9999.0 -9999.0 -9999.0 12.3557665854 97.8327396744 187.500594751 199.197047159 12.5684103359 22.1292925407 31.2416013698 37.7865463632 86.0808667327 88.7306822844 2.55360170655 2.45859855939 470.454219042 474.687588015 476.629581498 9.38337753308 1.23521110574 3.20252179229 4.67471332861 13.9160413182 17.1938372584 19.6286437615 2.18851794057 3.0043295584 1.01139922655 1.9872523795 1.0239050158 9982.88364177 1.49882591268 6.17858406493 1.87787427467 5.54987358055 13.8156288027 15.681389381 28.1051311251 6.7894134772
-9999.0 -9999.0 -9999.0 -9999.0 -9999.0 -9999.0 -9999.0 -9999.0 -9999.0 -9999.0 -9999.0 -9999.0 -9999.0 -9999.0 -9999.0 -9999.0 -9999.0 -9999.0 13.6745305161 43.6994584724 85.6916773871 111.942595194 279.95269624 292.019657841 19.5812881141 29.088799296 36.8039876482 43.2281846423 91.9307944481 97.2428044719 176.503758849 184.194503353 186.53175432 478.528525462 492.500636551 3.08514624041 2.13619859812 1.99268439104 3.72979890372 1.67619186344 22.8992411632 24.0527846608 3.94334478449 5.42126222417 1.13457875086 2615.97159351 2617.99978541 12601.2033727 12608.5945121 1.75822217488 9.42267303403 2.31227153206 1.55574024263 30.2961008401 37.7494786562
-9999.0 -9999.0 -9999.0 -9999.0 -9999.0 -9999.0 -9999.0 -9999.0 -9999.0 -9999.0 -9999.0 -9999.0 -9999.0 -9999.0 -9999.0 -9999.0 -9999.0 -9999.0 -9999.0 15.7126300053 15.3010460867 28.9390792376 68.6191752537 304.396818785 10.279058879 10.1223346618 17.5172539084 25.5156352661 62.3604901683 67.4102022553 6.23930086827 5.2755512107 189.623875125 191.687460808 686.41026118 688.366207955 1.05662224456 0.919484941387 0.737428818072 0.745249816314 0.818103441098 2592.57473181 2600.14955939 2607.15964464 2609.81341593 2614.81818957 1.22123163719 4.43344562094 5.15840520415 12615.1496001 12615.2512499 12616.4818919 12616.830778 12617.1059479 38.6454792288
-9999.0 -9999.0 -9999.0 -9999.0 -9999.0 -9999.0 -9999.0 -9999.0 -9999.0 -9999.0 -9999.0 -9999.0 -9999.0 -9999.0 -9999.0 -9999.0 -9999.0 -9999.0 -9999.0 -9999.0 14.0517301748 14.6912740052 27.2213008893 357.851361507 369.093279995 9.81693230614 17.1567521009 25.4047335432 32.577161038 6.40209769578 10.7856169289 736.944546974 739.259216809 742.665974073 765.281652754 1456.37496221 2547.13823582 2549.71449659 2551.93787644 2554.0539176 2564.20733966 2567.49479652 6.42429677517 2.80761347205 1.73146471079 3.20338133628 2.22195438748 3.55563200024 1.0592826206 26.8445423509 30.8682767856 34.7685326509 35.0743085232 12616.7547758 12655.4761572
-9999.0 -9999.0 -9999.0 -9999.0 -9999.0 -9999.0 -9999.0 -9999.0 -9999.0 -9999.0 -9999.0 -9999.0 -9999.0 -9999.0 -9999.0 -9999.0 -9999.0 -9999.0 -9999.0 -9999.0 -9999.0 14.436652902 27.6584564827 40.9309072859 379.854045741 9.10984144273 506.62614972 515.300660224 521.884744958 527.03345708 716.948511429 721.930770391 2.75780778095 16.4980621759 19.7541642466 2.62646130261 1088.27380647 1083.70186926 1.22782538222 2.9951464894 8.32183460791 1.90445025201 2.07790043789 1.45225964391 1.18814754104 0.876255027914 1.05645808523 23.4838369561 24.5900237602 25.9939898022 3.19849312703 3.06089597448 36.7906318915 37.4034907736 37.6323656497
-9999.0 -9999.0 -9999.0 -9999.0 -9999.0 -9999.0 -9999.0 -9999.0 -9999.0 -9999.0 -9999.0 -9999.0 -9999.0 -9999.0 -9999.0 -9999.0 -9999.0 -9999.0 -9999.0 -9999.0 -9999.0 13.2314477476 12.4027600656 64.3050576225 468.53246763 489.501776611 499.182680748 7.45407893251 172.195952141 179.665228773 185.040741043 4.90269502614 7.89959960749 10.4214279715 245.821383129 247.736862663 249.300006115 1081.06179724 680.044078259 1.67338003192 1.82982259791 1.72314130146 1.28128438071 14.5158772723 17.2992469202 19.6788210777 21.0307823058 22.3187839487 217.894458739 218.734052367 219.971997104 223.177855014 234.511040014 234.815676642 272.753933503
-9999.0 -9999.0 -9999.0 -9999.0 -9999.0 -9999.0 -9999.0 -9999.0 -9999.0 -9999.0 -9999.0 -9999.0 -9999.0 -9999.0 -9999.0 -9999.0 -9999.0 -9999.0 -9999.0 -9999.0 -9999.0 -9999.0 25.9295188657 39.5285535714 12.751768113 10.5113091253 146.428394512 154.485209236 159.593919332 49.0154239535 54.055925135 58.9521478456 61.880086857 241.227331424 244.252824706 146.288219395 397.69471769 399.604866101 678.826175188 3.75608666908 1.93419409197 1.25289218315 10.2419850053 11.9828149328 0.95922263201 0.887488449228 213.689080635 216.01687455 217.140706764 1.60353168691 2.35622903607 233.080154724 0.903929911948 2.72124691133 2.97668229805
-9999.0 -9999.0 -9999.0 -9999.0 -9999.0 -9999.0 -9999.0 -9999.0 -9999.0 -9999.0 -9999.0 -9999.0 -9999.0 -9999.0 -9999.0 -9999.0 -9999.0 -9999.0 -9999.0 -9999.0 -9999.0 -9999.0 13.0148122474 25.742058677 105.086505951 117.671408558 127.335549641 37.8281169349 43.8303998082 5.6475629475 167.744934878 172.48231373 176.470216021 3.17137797433 140.770957911 143.957969295 2.12004903727 668.981105865 4.38900468406 2.21111347051 5.7240167033 7.66600964167 1.36292111255 1.0589463718 201.347680504 211.642647901 213.044586896 1.48497078556 3.06223590932 3.81091043171 4.49367331088 8.93834428587 0.998448649007 2.26254514257 0.415776239239
-9999.0 -9999.0 -9999.0 -9999.0 -9999.0 -9999.0 -9999.0 -9999.0 -9999.0 -9999.0 -9999.0 -9999.0 -9999.0 -9999.0 -9999.0 -9999.0 -9999.0 -9999.0 -9999.0 -9999.0 -9999.0 -9999.0 12.9889357242 40.1613407776 67.4242454615 12.7152052238 22.1262994154 30.9145243794 145.474805764 152.160965021 157.508765756 4.68865156019 117.223962736 131.705337751 135.205880134 2.47218870885 659.609813913 665.004085056 2.46463488199 2.18689276083 4.30897215705 1.64446709864 193.923423932 196.69508972 198.434640251 6.62891564963 8.18877537592 1.30467733687 2.26564031171 0.971261966805 6.68732107437 1.0078785772 0.610257669961 0.63547208428 0.660443793803
-9999.0 -9999.0 -9999.0 -9999.0 -9999.0 -9999.0 -9999.0 -9999.0 -9999.0 -9999.0 -9999.0 -9999.0 -9999.0 -9999.0 -9999.0 -9999.0 -9999.0 -9999.0 -9999.0 -9999.0 -9999.0 -9999.0 -9999.0 13.676772711 13.9067610766 12.3238873044 105.934712867 114.042422653 138.522429893 6.34061185887 95.7368821112 108.641958772 4.95060498601 10.4219548832 3.50453995596 651.669925613 3.41186932006 8.09197981105 9.7619501043 11.2965885656 183.452887814 189.254410991 191.179757617 1.97247759686 3.59814977668 5.02154306206 0.803792796362 0.723752076605 542.999009776 543.692522326 544.231547475 550.908128642 551.632484748 552.480384034 552.955337338
