data/baseflow/mHMbf_acc554.asc
ncols                  80
nrows                 72
xllcorner      4374000.0
yllcorner      5656000.0
cellsize            500
NODATA_value       -9999
[rows 25 to 49 of 72, columns 0 to 54 of 80]
-9999.0 -9999.0 -9999.0 -9999.0 -9999.0 -9999.0 -9999.0 -9999.0 -9999.0 -9999.0 -9999.0 -9999.0 27.1163100094 53.7193321281 24.9713697968 49.7161952545 22.6173102207 171.346139321 213.445919202 235.966675855 20.8450968913 40.4305224607 383.002862026 476.780296991 494.677074904 35.0228298447 39.9950015216 60.1120686647 12.576159058 11.6006291068 21.9801687172 9.06441265277 581.821146026 591.772493715 601.030863656 4558.66953142 8383.29329987 8313.73042308 15.8651089301 7.46745259262 6.74610220419 26.6311744169 20.2949226749 45.768482907 61.5321975903 122.229562367 11.1955268826 11.1193524321 100.363225685 111.048559856 212.376083334 218.634876747 236.51267409 243.187833463 6.60437974372
-9999.0 -9999.0 -9999.0 -9999.0 -9999.0 -9999.0 -9999.0 -9999.0 -9999.0 -9999.0 -9999.0 -9999.0 -9999.0 26.0191609203 51.9155530881 77.9215734633 124.860713143 24.2722501525 22.0942068454 148.600330054 168.650480561 344.199911959 365.379495261 58.6353190822 19.3962849263 17.1267306966 17.9976327315 515.494585166 528.170272481 541.361542015 552.684251485 572.323227488 111.681964229 119.107962433 731.690363618 13677.7387063 56.8500087946 46.155765018 23.3152590907 6.1133738721 5.70483266175 40.1366505738 44.9671126892 57.4059864849 5.85153648482 129.455978219 20.1017332474 19.8091518823 5.22150881019 3.64733713445 3.19653560561 2.63574851428 3.20629963149 246.390571126 3155.3177139
-9999.0 -9999.0 -9999.0 -9999.0 -9999.0 -9999.0 -9999.0 -9999.0 -9999.0 -9999.0 -9999.0 -9999.0 -9999.0 -9999.0 25.0265506218 45.8941223097 64.2196902765 82.7040259676 105.007577892 127.915941867 68.2135041494 113.478671545 21.0348603011 19.6114885957 427.777495464 465.376272167 482.692565365 501.772881207 14.108329899 26.1979160211 70.1548764717 87.979631126 101.561169157 9.10528456741 6.24176423028 13700.1989274 9.92310897482 14.805151448 8.95584031578 26.1701471839 11.9095060236 7.31603501563 107.92908713 111.814860901 3.30730467181 132.968353527 159.391701943 28.1204131942 3303.12144947 3293.8127088 3286.5477526 3273.28147837 3268.62542403 3177.21733026 3172.88918168
-9999.0 -9999.0 -9999.0 -9999.0 -9999.0 -9999.0 -9999.0 -9999.0 -9999.0 -9999.0 -9999.0 -9999.0 -9999.0 -9999.0 5.22579554712 11.7683423289 18.9879498945 176.123823169 199.35915601 23.5061565821 23.1459840582 23.0033141177 350.48560154 392.501847865 19.9883180937 21.6089476287 15.3766551208 70.3441896828 88.1659275336 44.2735089081 58.0622928914 419.243855724 433.85821215 454.468552293 732.842238777 14437.9947629 10.3473058706 7.41762658247 40.9266661193 33.6933323059 4.01793968867 15.7701288481 19.9907797475 116.513381306 120.316146167 288.239466266 161.236477152 31.9573591997 3388.34566903 34.5295125988 3280.18718519 3276.93321471 86.6341565624 2.46631485514 13.8665823484
-9999.0 -9999.0 -9999.0 -9999.0 -9999.0 -9999.0 -9999.0 -9999.0 -9999.0 -9999.0 -9999.0 -9999.0 -9999.0 -9999.0 26.0860308128 42.9356454496 88.8597784916 155.258327548 216.796638851 262.191244396 285.364411453 308.795185732 331.207113374 20.0106234401 19.1236913776 37.8277772223 34.0712750346 18.9927416598 361.404435609 378.764808781 394.874240857 410.176041182 244.173548375 259.159839155 271.517956079 14442.2567918 17.0619665785 23.5232888257 69.4443021648 7.10484999122 8.04363918332 4.13038303821 3.87676872023 23.6384383897 3.03586427492 3.28546751495 3693.95729659 3403.57027329 3400.50784415 13.6095075689 29.2230245462 19.0967898669 4.5788478572 80.9746134777 22.7337356131
-9999.0 -9999.0 -9999.0 -9999.0 -9999.0 -9999.0 -9999.0 -9999.0 -9999.0 -9999.0 -9999.0 -9999.0 -9999.0 -9999.0 18.2461365692 17.0007449841 33.3147522021 50.4562951881 24.1865308843 26.60264672 50.0706185117 73.7327519589 118.20374972 139.781247056 159.321461588 217.874005738 236.522275629 256.641123459 18.6199863318 181.800207766 198.134928788 214.83214754 15.2694738307 10.5021562517 17.7528904369 14740.1641865 14744.3023768 14771.2404699 88.510495607 14.1728474718 17.8091391158 5.84383941758 6.90472550769 26.7555545862 32.487757334 5.99262057182 3708.42303218 4.54159771951 7.30203862215 8.17800198636 5.69795787245 11.0980719914 4.46924194324 53.276352657 42.7766719909
-9999.0 -9999.0 -9999.0 -9999.0 -9999.0 -9999.0 -9999.0 -9999.0 -9999.0 -9999.0 -9999.0 -9999.0 -9999.0 -9999.0 -9999.0 16.1227402188 31.8181928457 15.6855331563 33.2857643572 202.867156486 222.992014958 246.158125943 21.718488617 22.2570160436 40.8653860811 61.3032779018 96.3596591622 114.77606 127.439818444 145.66569745 15.0288659061 15.030244311 253.118470118 263.595429265 269.881943798 275.597992515 226.469150228 15020.7657548 15144.7093201 15149.3467238 15171.1231262 15194.6468109 15203.845603 2.82134777836 35.0924774188 3710.83988842 6.31948042991 3.25084931253 3.3286934764 3.24434383613 5.65777622792 5.79654291556 3.40819241512 5.39650792081 5.29047532595
-9999.0 -9999.0 -9999.0 -9999.0 -9999.0 -9999.0 -9999.0 -9999.0 -9999.0 -9999.0 -9999.0 -9999.0 -9999.0 -9999.0 -9999.0 -9999.0 47.3141756308 63.731575685 113.142615876 150.769302789 20.3912374213 292.006890086 313.317805295 333.439222892 20.6467225083 40.5774078264 17.8216189672 136.267202517 147.691774626 166.215560585 187.034659068 230.766634558 239.685514956 5.54494616654 204.709853903 216.071563997 221.199713794 245.146378449 31.1771023059 19.7825251072 12.546476584 10.9961425233 15216.8810781 15221.8859826 15280.7203316 3713.07128755 17.9090789089 9.36018984334 5.99672320358 2.0764017347 18.2039026998 9.89739682391 3.07220486287 17.1509645592 14.6079616432
-9999.0 -9999.0 -9999.0 -9999.0 -9999.0 -9999.0 -9999.0 -9999.0 -9999.0 -9999.0 -9999.0 -9999.0 -9999.0 -9999.0 -9999.0 -9999.0 16.8695475515 80.2108845066 97.577873968 21.1430985114 24.2812634832 48.9617822398 71.9452604736 426.842611096 20.6189052556 82.5981536594 101.182284562 119.359119858 12.7650593453 29.5842412091 39.9819014222 161.390138712 183.163356551 187.975291196 5.72189575269 5.91603429811 7.44198227011 13.397205674 6.29038220181 6.75215922228 10.5080450385 7.93434209036 9.15050345 21.5284290834 15285.0046966 19008.9566223 24.3300538801 6.50390660732 2.51777031534 58.2138741469 53.5936524205 32.1675728618 28.9178515009 21.7354204704 5.25621799558
-9999.0 -9999.0 -9999.0 -9999.0 -9999.0 -9999.0 -9999.0 -9999.0 -9999.0 -9999.0 -9999.0 -9999.0 -9999.0 -9999.0 -9999.0 14.2390690574 46.5808063846 15.405376595 24.2121129581 26.0507285165 50.2593233338 73.9417037773 93.7000341808 536.255516959 556.317267136 20.6718557957 39.5212288266 59.0553408799 73.3609951913 89.6606649228 145.124129417 155.504810161 15.3595065163 9.69784241053 8.09267366275 5.62217684033 10.7033879359 10.3083410263 11.7039711376 12.9777223 34.7333975642 14.0438055524 4.3053696502 4.14031482938 4.23863282003 7.9235465269 19229.080843 192.419356576 71.527936984 5.88455810658 2.64912215876 1.99526258547 7.24880324869 5.10854114514 2.67360387872
-9999.0 -9999.0 -9999.0 -9999.0 -9999.0 -9999.0 -9999.0 -9999.0 -9999.0 -9999.0 -9999.0 -9999.0 -9999.0 -9999.0 14.5359508509 28.9274988233 105.143885702 15.0455423231 44.3395975034 69.8488475986 93.9833985794 24.7054808771 46.8137559843 65.0548335167 636.053856246 19.5380543613 37.2195204473 56.0845935834 17.2295604563 34.3712767229 49.1870697508 59.6343773572 1254.69663222 1274.38210781 1296.39791386 1380.27098252 1404.07339326 1459.64158122 26.0078144349 53.9354603908 47.0220054371 1649.48707234 1657.55947502 3.78934734578 6.86042630401 9.77604708727 19230.939604 180.919278558 101.553318 98.2855379451 65.2033561281 51.7204638182 9.59292451072 2.24164776129 4.40019969301
-9999.0 -9999.0 -9999.0 -9999.0 -9999.0 -9999.0 -9999.0 -9999.0 -9999.0 -9999.0 -9999.0 -9999.0 -9999.0 -9999.0 14.8399458718 45.3775415664 165.761230427 246.480453327 13.630475571 325.5252978 435.213066639 23.6868254568 45.8243693972 65.2800867872 822.812012002 837.783027253 15.6706499532 88.2062755153 103.309924658 118.526688451 1124.91064177 1164.39172402 1183.92073824 9.65376970092 56.3805718056 68.7771263144 25.9179225992 36.9918822462 1511.69868015 1581.62781533 1590.17685237 1598.17291886 1666.46611651 4.3717119257 3.80980919391 16.537585472 19233.6735996 4.45537865159 10.1363708291 30.3568952948 11.0660937702 47.3494432558 31.9729772788 18.8950543383 13.5117272404
-9999.0 -9999.0 -9999.0 -9999.0 -9999.0 -9999.0 -9999.0 -9999.0 -9999.0 -9999.0 -9999.0 -9999.0 -9999.0 -9999.0 -9999.0 -9999.0 32.8479473785 66.3481100726 293.448859423 310.393408194 450.043710299 465.999600668 23.3972351503 46.7481229159 108.256067035 851.62078041 884.003629195 897.076347658 11.0824925892 949.823218085 991.457102561 25.2208667931 9.0989554564 17.5187114552 34.2292069452 8.24111848103 16.4104617037 36.1467041981 45.0260806934 8.69004966062 5.77245438179 11.3204091716 1711.88194631 1730.21467991 1733.36092307 1759.15212692 19235.9388789 3.08801564805 7.31779630179 8.71261968118 8.18443494101 8.39132055378 7.06844422857 13.2356711691 1.83678090754
-9999.0 -9999.0 -9999.0 -9999.0 -9999.0 -9999.0 -9999.0 -9999.0 -9999.0 -9999.0 -9999.0 -9999.0 -9999.0 -9999.0 -9999.0 -9999.0 17.3444047355 16.9504565223 16.8253173862 33.9433388044 15.0649762307 495.895097593 510.611820564 20.8221713346 42.518202729 20.489959184 16.7140133245 16.2413567749 927.967015896 14.4065008628 29.4323636894 12.6754019755 9.50816007052 8.5079639531 6.68592719845 6.96678750353 21.3024876833 29.2096500271 5.74660707687 5.14171632144 11.1115539327 18.5092990469 24.6935650496 9.18169391712 1739.12392442 1762.5515356 19237.35708 24.1057307574 17.8757848023 5.68762042851 12.5721127485 4.49861517669 3.31826140683 16.8822820705 9.38819387395
-9999.0 -9999.0 -9999.0 -9999.0 -9999.0 -9999.0 -9999.0 -9999.0 -9999.0 -9999.0 -9999.0 -9999.0 -9999.0 -9999.0 -9999.0 -9999.0 -9999.0 -9999.0 16.7940004487 49.3245215213 62.989555004 77.5851941809 524.791545703 538.881004113 553.070295696 569.422589224 585.413776681 618.37244206 631.783290886 645.615780741 656.313666165 8.33189829221 7.80907524226 8.24237401922 29.2315198079 7.77665340181 7.39303717354 5.80860109271 16.9817213474 6.81090250905 5.28297911724 4.89442804682 4.06792482743 8.11747571828 11.7577684599 1787.01663015 21050.0097109 3.02005129227 5.89465751744 4.71191256225 17.3370655927 9.67834841571 6.66938960354 33.8196011621 15.5923748378
-9999.0 -9999.0 -9999.0 -9999.0 -9999.0 -9999.0 -9999.0 -9999.0 -9999.0 -9999.0 -9999.0 -9999.0 -9999.0 -9999.0 -9999.0 -9999.0 -9999.0 -9999.0 -9999.0 13.9725243603 111.571475789 219.689485568 235.108473753 20.5606391717 41.8709422021 64.1682273691 82.848177433 203.568233257 213.062526561 9.05477675328 8.98368069865 678.199468885 695.845151635 703.115594996 34.9547970214 5.27109258372 13.3739522529 19.516784362 57.8006288052 70.7907059009 81.0925768295 9.43356218925 13.1925592516 4.51192450096 8.91612393061 4.57991556291 21057.0988759 2.76710814111 11.2278490059 7.52456554972 26.7730240694 51.1720190196 59.1689791826 94.3879936543 17.7894867927
-9999.0 -9999.0 -9999.0 -9999.0 -9999.0 -9999.0 -9999.0 -9999.0 -9999.0 -9999.0 -9999.0 -9999.0 -9999.0 -9999.0 -9999.0 -9999.0 -9999.0 -9999.0 15.6541779709 49.9425342827 97.8094509048 127.746808385 327.583136839 345.172909121 46.0521062161 68.1360879899 87.0512857291 105.332399125 225.100330613 244.438311623 451.056743252 468.136992271 481.074513815 710.469395549 764.863255813 12.9788734372 8.64991089289 8.24614095337 15.807973251 7.19050798586 94.8166959078 99.8222187236 17.8308452796 24.610203052 8.85225051286 5305.2106416 5316.39971212 26377.1257749 26390.8541204 2.90300175231 32.7114471347 7.00504891823 5.70170996472 105.839181498 126.133773324
-9999.0 -9999.0 -9999.0 -9999.0 -9999.0 -9999.0 -9999.0 -9999.0 -9999.0 -9999.0 -9999.0 -9999.0 -9999.0 -9999.0 -9999.0 -9999.0 -9999.0 -9999.0 -9999.0 17.8926401413 17.4631497329 32.9958170805 78.3597518937 359.700207047 23.704963906 23.4335735853 42.806683281 62.6776718913 159.119977333 175.385219631 12.3247058075 10.6812979396 492.072993149 500.391072117 1275.18743664 1285.11005943 4.86564522768 4.28155071521 3.62373035904 3.65944602563 3.99092492101 5202.77175093 5234.2843242 5264.40048716 5278.99565619 5298.59042551 5.32945390514 19.8377047041 23.9431012241 26421.2962305 26421.89237 26422.4617291 26425.6293523 26429.0026834 133.909352406
-9999.0 -9999.0 -9999.0 -9999.0 -9999.0 -9999.0 -9999.0 -9999.0 -9999.0 -9999.0 -9999.0 -9999.0 -9999.0 -9999.0 -9999.0 -9999.0 -9999.0 -9999.0 -9999.0 -9999.0 15.9977623329 16.7578810869 31.1095063406 420.516439299 436.040624229 23.0730750653 42.6847045691 62.8109293031 81.4933252883 17.2619010222 30.7090201633 1055.41205369 1063.70507352 1074.4421911 1146.47207125 2440.68592413 5008.94928649 5020.305396 5030.69409309 5040.57067882 5084.1617754 5098.04866757 26.9684617989 12.2303196207 7.0662975709 13.2977753805 9.97162857611 15.6783559055 4.7227842552 116.273104088 128.460861532 137.451434318 139.124600206 26429.6261147 26568.1574348
-9999.0 -9999.0 -9999.0 -9999.0 -9999.0 -9999.0 -9999.0 -9999.0 -9999.0 -9999.0 -9999.0 -9999.0 -9999.0 -9999.0 -9999.0 -9999.0 -9999.0 -9999.0 -9999.0 -9999.0 -9999.0 16.3575034144 31.3863743828 46.4927192708 448.607119169 16.5455929613 619.108676035 640.078407743 658.157813862 672.946783274 997.109530118 1012.21530189 9.52485126496 51.3477956859 63.424009851 9.82006742235 2556.93877558 2539.40336 5.62173557791 12.7793951811 34.7347543507 7.7291253824 8.2210367352 6.32876588456 5.38155262061 4.20727398416 4.83578955779 100.967138325 105.865880336 111.740261489 8.96113566118 6.57943576449 142.476083095 144.828330621 146.00479094
-9999.0 -9999.0 -9999.0 -9999.0 -9999.0 -9999.0 -9999.0 -9999.0 -9999.0 -9999.0 -9999.0 -9999.0 -9999.0 -9999.0 -9999.0 -9999.0 -9999.0 -9999.0 -9999.0 -9999.0 -9999.0 14.8902068689 14.0084676696 72.7742514331 551.014897756 582.332690477 599.403475812 20.1660683779 279.786219392 297.630646824 306.172268754 13.5770625342 24.4818698997 34.0669658045 592.80337074 600.16357008 606.615563953 2527.52091836 1508.57616027 6.98443582992 7.44542360764 7.17719895807 5.71283685402 61.4725552596 73.608216205 84.2656076356 90.1143945631 95.7501313433 715.515954107 719.841785488 726.37959606 740.002535139 798.605252315 800.316387724 947.976877031
-9999.0 -9999.0 -9999.0 -9999.0 -9999.0 -9999.0 -9999.0 -9999.0 -9999.0 -9999.0 -9999.0 -9999.0 -9999.0 -9999.0 -9999.0 -9999.0 -9999.0 -9999.0 -9999.0 -9999.0 -9999.0 -9999.0 29.2429429648 44.7732271994 16.3026771354 24.0408863275 205.481042112 226.063229209 242.413076305 118.637089729 135.41093472 151.865160738 162.370372523 576.014444235 586.277854769 389.773145128 1004.76237667 1012.58182863 1502.75648503 15.4717480556 7.87747953248 5.66050610059 42.8220234089 50.1347494064 4.68448271431 4.40099143187 696.10757558 706.732574189 711.769162546 5.83628100947 9.30922002054 787.958424625 4.80142034268 15.3736169063 16.716998287
-9999.0 -9999.0 -9999.0 -9999.0 -9999.0 -9999.0 -9999.0 -9999.0 -9999.0 -9999.0 -9999.0 -9999.0 -9999.0 -9999.0 -9999.0 -9999.0 -9999.0 -9999.0 -9999.0 -9999.0 -9999.0 -9999.0 14.7237515132 29.1482168456 123.535473704 140.234246684 159.536907052 84.0882335717 102.051194247 17.1771442274 373.647932402 389.3355987 403.731397995 11.422030832 370.694110426 381.308971092 8.13067488281 1462.45170087 17.323100144 8.59225373966 23.301947142 31.2036891999 6.09382813826 4.99653988051 641.059345524 686.543109606 692.758491207 6.47159859604 14.5035697083 18.0662918647 22.9793058718 43.2310832834 5.64139656457 12.7434482737 2.23249192059
-9999.0 -9999.0 -9999.0 -9999.0 -9999.0 -9999.0 -9999.0 -9999.0 -9999.0 -9999.0 -9999.0 -9999.0 -9999.0 -9999.0 -9999.0 -9999.0 -9999.0 -9999.0 -9999.0 -9999.0 -9999.0 -9999.0 14.598554118 46.1156237674 80.0546281957 18.9824460551 42.1751795321 64.5961655185 304.920563171 324.294616524 341.043900135 15.6042296467 290.722289591 337.866941996 350.641524566 10.5903756021 1427.12832775 1446.69119188 9.29071718938 8.51155166924 17.0723656553 7.09889556479 606.961120163 619.514901052 626.964926037 28.8541383922 35.7405875683 6.03620149648 10.6685548525 4.67269989933 32.9828256431 4.60157383505 3.41239133479 3.57744980801 3.45417078487
-9999.0 -9999.0 -9999.0 -9999.0 -9999.0 -9999.0 -9999.0 -9999.0 -9999.0 -9999.0 -9999.0 -9999.0 -9999.0 -9999.0 -9999.0 -9999.0 -9999.0 -9999.0 -9999.0 -9999.0 -9999.0 -9999.0 -9999.0 16.2257024053 17.6900132069 21.6566991004 201.159239364 222.922660926 285.927747122 18.9947209637 223.75533482 260.839370235 16.279244568 33.0972700793 13.1584276723 1394.62680272 13.1623421304 32.3702368635 39.774964304 48.0240132 557.978971764 586.31498729 594.513008936 8.25585018432 15.3446212264 21.7858210327 4.07703613874 3.75255189227 1449.76510094 1453.36847192 1456.1437265 1486.53393854 1489.95658654 1494.42821364 1497.06302496
