data/baseflow/mHMbf_acc517.asc
ncols                  80
nrows                 72
xllcorner      4374000.0
yllcorner      5656000.0
cellsize            500
NODATA_value       -9999
[rows 25 to 49 of 72, columns 0 to 54 of 80]
-9999.0 -9999.0 -9999.0 -9999.0 -9999.0 -9999.0 -9999.0 -9999.0 -9999.0 -9999.0 -9999.0 -9999.0 20.1843296785 40.0421074019 18.6754620753 37.042559023 15.4785957472 122.436071893 151.204520681 165.965868956 13.057973696 25.8168591384 259.420727352 320.249673217 331.567892816 20.6775912172 24.1858065676 36.2445034158 5.81830031407 5.25562014799 9.74383436757 4.16368893922 395.611440579 400.241967532 403.674893928 3059.79592183 6029.29774897 5996.36504754 5.47377884617 2.82268801992 2.5335767486 11.2195584036 9.00316865684 23.4125421317 33.7878080178 67.3444841959 6.01834056533 5.96895716858 54.0425165432 59.449011288 114.158669817 116.801952537 124.786078287 126.901934961 2.01436238587
-9999.0 -9999.0 -9999.0 -9999.0 -9999.0 -9999.0 -9999.0 -9999.0 -9999.0 -9999.0 -9999.0 -9999.0 -9999.0 18.9335034062 37.9254382493 57.1735050097 89.9742573642 16.852595703 14.9034136421 106.632430217 120.049575064 234.701746304 248.894112403 38.7479154297 11.6586409485 9.92255402931 10.356095609 365.283532527 371.496472242 377.603718997 382.453649926 391.234866153 59.6457861778 62.7800919824 471.604990105 9563.59147529 24.40385489 17.9873396017 8.43883815485 2.35386924283 2.04324006665 16.0084406559 17.4674310286 27.254852255 1.98118004959 70.1053696219 10.0459749944 9.86077990632 1.87289069382 1.15325328023 0.965908540214 0.922919790127 0.970904692671 127.88732736 1742.28210388
-9999.0 -9999.0 -9999.0 -9999.0 -9999.0 -9999.0 -9999.0 -9999.0 -9999.0 -9999.0 -9999.0 -9999.0 -9999.0 -9999.0 18.0433863584 34.1851308699 48.3221789129 62.1849140832 77.0027822515 92.3624242334 44.1792924167 74.5097239718 13.915130776 12.8537609956 312.135415373 336.395230958 346.919756547 357.805794984 7.49153187008 13.4654020619 37.3889739822 47.6324858105 54.64862783 4.09374499848 2.72336929505 9576.12013922 5.7013334993 6.84167063682 4.3080538509 11.3411748724 4.85665814216 3.10673749701 46.7438574346 48.385659455 1.13120992709 71.3955390709 83.4471092676 13.1379970635 1795.80120602 1792.617929 1790.26208619 1785.6378566 1783.87251363 1752.57762466 1750.50360504
-9999.0 -9999.0 -9999.0 -9999.0 -9999.0 -9999.0 -9999.0 -9999.0 -9999.0 -9999.0 -9999.0 -9999.0 -9999.0 -9999.0 4.24932310278 9.49032707845 14.6595081043 138.909856741 154.198717001 15.6838648651 15.0009675391 15.2595178676 258.389891625 287.613670747 13.9287662645 13.8520369279 10.3002211947 43.4980211882 53.9643844116 23.8035716577 31.2732890216 262.352637619 269.45880457 279.68628989 437.224768989 10016.7854673 5.93996518581 3.08535213698 18.3762552088 15.0453244128 1.64116448308 6.58051953618 8.29332294678 50.2091151012 51.6346284115 137.976032119 84.0425313189 14.7779581957 1831.20030136 12.5389627675 1788.18154287 1786.99114537 29.5623278316 0.986990391882 5.86483850528
-9999.0 -9999.0 -9999.0 -9999.0 -9999.0 -9999.0 -9999.0 -9999.0 -9999.0 -9999.0 -9999.0 -9999.0 -9999.0 -9999.0 20.6382934341 34.2500153235 70.651483097 123.691559968 167.369004444 200.508038827 215.410687586 230.693939988 245.40626244 14.2042958253 11.9828260985 23.5682979384 21.594818972 11.6773528958 228.826150547 238.942189929 247.909723992 256.3796334 140.97884858 147.274682259 154.160603563 10019.9175159 10.1157368251 12.1982309254 33.3353548643 3.59764559575 3.6424282198 1.97937786626 1.56915323568 9.91721607827 1.09907526208 1.1729592638 1976.20239331 1837.33590582 1836.09340649 5.33250042079 10.7093613592 6.79212055393 1.41392172014 27.0547935171 6.9381279035
-9999.0 -9999.0 -9999.0 -9999.0 -9999.0 -9999.0 -9999.0 -9999.0 -9999.0 -9999.0 -9999.0 -9999.0 -9999.0 -9999.0 14.4145756148 13.7543627338 27.1508902179 40.6871180792 18.1030735051 19.3492941309 35.6850424911 51.4225916925 81.0999508463 95.6128635742 107.081320724 142.67556622 153.016559131 165.361259693 10.9020961535 110.448848395 119.023396939 127.447800061 6.83084704947 5.11466669637 9.09057364972 10191.6269709 10194.6305311 10211.1513095 43.4191038317 7.40452358727 8.04953679964 2.07025973861 2.72866319659 11.1567661676 13.2447269372 2.08355300428 1981.58305295 1.73945182204 2.81674935244 3.17870085742 2.25969155203 4.26059870722 1.68496642909 18.8009304259 14.6834565685
-9999.0 -9999.0 -9999.0 -9999.0 -9999.0 -9999.0 -9999.0 -9999.0 -9999.0 -9999.0 -9999.0 -9999.0 -9999.0 -9999.0 -9999.0 13.1570876416 25.762314916 12.4036294641 26.5766041291 159.140843938 173.522905992 188.040247456 14.706628653 14.6128953599 26.1849645479 38.4286797492 58.6156718294 69.6234985586 78.6080872216 89.6055301991 7.75209475541 7.48237002977 146.124934854 152.233126339 155.853882892 159.287123542 127.305121282 10352.0994512 10415.4072686 10418.3890171 10429.0039498 10440.2501136 10444.0078502 0.923959710099 14.1797479111 1982.47043951 1.90586823 0.982302727033 1.28326386003 1.3588124872 2.31101314381 2.16334769461 1.30651513155 2.26581046245 2.09622972997
-9999.0 -9999.0 -9999.0 -9999.0 -9999.0 -9999.0 -9999.0 -9999.0 -9999.0 -9999.0 -9999.0 -9999.0 -9999.0 -9999.0 -9999.0 -9999.0 38.197639062 50.6969474062 89.1523647225 117.867939464 15.2946742944 220.439329972 234.605647467 247.226812124 11.9732286535 23.4020885479 9.66485785641 77.5937942585 85.0641005703 97.3959306054 110.94736656 134.950417101 140.590810366 3.6036444332 114.246831574 121.039028095 124.190736259 137.7923851 16.8917957083 10.3458573629 6.12734662393 5.04490458282 10449.7456832 10451.5462554 10474.8214666 1983.24092783 5.85003437509 3.29283914339 2.19449485095 0.697819669218 6.96062078952 3.71366937955 1.14406451221 6.66986534765 5.74518710936
-9999.0 -9999.0 -9999.0 -9999.0 -9999.0 -9999.0 -9999.0 -9999.0 -9999.0 -9999.0 -9999.0 -9999.0 -9999.0 -9999.0 -9999.0 -9999.0 12.9451077424 63.5155981889 77.1400090264 15.6798400655 15.7215113009 32.6252250519 47.7095445759 308.211034034 11.9527226836 48.0068437602 58.2654092405 68.2786532377 8.82277553558 19.7085608537 25.1589182907 90.0603317977 100.525590853 103.867018269 3.52820615075 3.44771111354 4.07100240296 7.22118034803 3.42860275252 3.65409322602 4.62626148738 3.49443862987 3.79636897995 8.14349812324 10476.4878437 12463.395428 7.95694531224 3.1492248559 0.841358155846 22.3460088762 20.7814102284 12.6058789956 11.3587369979 8.49802537859 2.23561338833
-9999.0 -9999.0 -9999.0 -9999.0 -9999.0 -9999.0 -9999.0 -9999.0 -9999.0 -9999.0 -9999.0 -9999.0 -9999.0 -9999.0 -9999.0 11.2498950691 35.7312711174 11.5901610578 16.5547531381 17.2229938481 33.2062554745 49.3069101121 62.4131716011 381.630669425 392.815776085 11.5854123793 21.7018500837 31.9935781404 40.1379507047 48.5950186062 80.179558899 86.1814585545 6.1402467398 4.35590073081 3.57820092076 1.67425178294 4.30643929913 4.28433110893 6.04767507555 6.87211544734 14.6541379068 5.5287343949 1.55836115018 1.50712627655 1.27739446341 2.32608472548 12538.7854854 65.5518888768 28.1292085217 2.89747718668 1.38155473276 0.841132403893 2.90073832476 1.96161112479 1.00382908909
-9999.0 -9999.0 -9999.0 -9999.0 -9999.0 -9999.0 -9999.0 -9999.0 -9999.0 -9999.0 -9999.0 -9999.0 -9999.0 -9999.0 11.911018466 22.8732342419 80.8221226546 10.6886216316 30.2097354511 46.7924698344 61.963713737 16.0178388942 29.2335178732 41.5610625584 444.37744202 10.748235473 20.0084320065 29.6663242429 9.20581536249 18.2432897794 24.2052365754 29.6585404519 756.649479296 765.238267062 775.710084669 811.490992205 820.164388595 840.890106273 12.3164277987 26.2824711295 20.2385869998 916.511217485 919.194107806 1.3455413304 2.17726767487 2.97203900548 12539.9775187 60.1749826301 28.1230493111 26.2957816777 21.6063961075 19.0300825382 3.82206684827 0.938911840068 1.7203231597
-9999.0 -9999.0 -9999.0 -9999.0 -9999.0 -9999.0 -9999.0 -9999.0 -9999.0 -9999.0 -9999.0 -9999.0 -9999.0 -9999.0 12.1798289316 36.8538835514 129.758772886 191.527792408 9.35475239424 248.12130341 321.125094646 14.6007603804 27.5820953518 40.1319687848 557.011440956 566.151009925 7.27024925146 44.4551225739 51.3922971433 58.7493622679 699.424262097 714.651677288 722.707619755 4.0544170016 23.6961061852 29.1547310989 9.26672890875 12.9720833918 858.635614456 890.120487577 892.721533965 895.091545226 921.508465678 1.11734721662 0.97680763748 4.72712436798 12541.4820693 2.0542244357 1.06816195583 3.21446067275 1.26593288308 16.9388424532 13.9579445176 8.44872477604 5.93336865156
-9999.0 -9999.0 -9999.0 -9999.0 -9999.0 -9999.0 -9999.0 -9999.0 -9999.0 -9999.0 -9999.0 -9999.0 -9999.0 -9999.0 -9999.0 -9999.0 25.5666163844 51.1410590586 225.800687082 238.079240137 331.772989765 342.989909106 14.1734833657 28.374948679 63.3865537212 574.838502089 590.679375666 596.575474504 4.48819998466 618.528458135 634.371924698 9.67408639459 3.80987535662 7.0859003056 13.7252845324 3.31086510748 6.31392959939 12.8313765493 15.7628254214 3.12253735383 1.89782316999 3.60944528502 937.477878084 944.676587211 945.48690316 952.95388372 12542.7550782 1.48451067705 0.698444657789 0.873350293521 0.849092647442 0.876809041576 0.731032935161 1.34873326454 0.885949074637
-9999.0 -9999.0 -9999.0 -9999.0 -9999.0 -9999.0 -9999.0 -9999.0 -9999.0 -9999.0 -9999.0 -9999.0 -9999.0 -9999.0 -9999.0 -9999.0 13.2858701664 12.9037761354 12.4767415858 24.0325793057 10.3156239452 363.652568466 373.722385595 12.228907603 24.2090980653 10.2435842955 7.70813465994 7.34493530877 609.316321865 5.39051465984 10.9201083649 5.06909759895 3.84432793357 3.34658518998 2.40017783099 2.53164140386 7.74991598597 10.7203348145 1.94080754853 1.66615768846 3.70745620721 6.38722533382 8.95048309619 3.99277192878 947.252302937 953.811555037 12543.7273964 5.24107874997 2.09783488853 0.488432779932 1.23703250865 0.398050958069 0.295981899907 1.6751275471 4.49325164148
-9999.0 -9999.0 -9999.0 -9999.0 -9999.0 -9999.0 -9999.0 -9999.0 -9999.0 -9999.0 -9999.0 -9999.0 -9999.0 -9999.0 -9999.0 -9999.0 -9999.0 -9999.0 12.7504461825 35.381701377 44.9871999989 55.0645384879 383.717850916 394.034006949 403.809609704 413.865104734 420.885723367 435.638795465 440.56963407 445.602208942 449.456191795 3.28603260294 2.97801650205 3.19617912365 10.8514392705 2.92745249657 2.71658178969 1.98802986373 5.75080475871 2.38314997893 1.74902250237 1.59191649124 1.31625439934 2.62573296048 3.81514080047 961.619158556 13511.5643585 1.56795516316 2.66887761119 0.390061486113 1.66124645786 0.863398677855 0.595419603518 9.85386812604 7.59478619905
-9999.0 -9999.0 -9999.0 -9999.0 -9999.0 -9999.0 -9999.0 -9999.0 -9999.0 -9999.0 -9999.0 -9999.0 -9999.0 -9999.0 -9999.0 -9999.0 -9999.0 -9999.0 -9999.0 10.144151936 83.407567308 160.905619338 171.075180788 14.1882190773 26.4975850479 38.6677113377 47.1338886109 110.553971823 114.211163126 3.49094327363 3.35415807506 458.789190769 465.305688108 467.899522091 12.6509539773 1.52754631541 4.17353982856 6.07377412505 18.5262459681 22.8982303365 26.195138703 2.95878313226 4.09474861266 1.40535719988 2.82687445062 1.49069374966 13514.2351152 1.18217711568 5.14795209501 1.42165319404 3.64197878695 12.1817167725 13.4410771832 24.0527929418 7.956144344
-9999.0 -9999.0 -9999.0 -9999.0 -9999.0 -9999.0 -9999.0 -9999.0 -9999.0 -9999.0 -9999.0 -9999.0 -9999.0 -9999.0 -9999.0 -9999.0 -9999.0 -9999.0 11.670135344 37.6409216706 73.424173741 95.5628522246 239.391461835 251.553457092 25.8903707435 38.3316486584 48.3595091343 56.7418878585 118.621442125 126.001302394 225.690630513 234.240972065 240.339211621 470.392588621 488.888352288 3.93585108449 2.8615432284 2.65052193694 4.99249120417 2.23083066024 30.5805444295 32.1237276846 5.47442093422 8.03328383204 3.69188351966 2832.92383414 2836.7629717 16352.6483192 16359.6099508 1.5096554795 6.8203214959 3.90232126017 3.03496030771 29.3296133714 38.3094324475
-9999.0 -9999.0 -9999.0 -9999.0 -9999.0 -9999.0 -9999.0 -9999.0 -9999.0 -9999.0 -9999.0 -9999.0 -9999.0 -9999.0 -9999.0 -9999.0 -9999.0 -9999.0 -9999.0 13.6252363117 13.2530992693 24.6760752234 58.1274371758 262.30725151 13.464403474 13.286816659 22.6782980241 32.9192672798 79.8951667061 86.2873268796 5.59691827073 5.15508687497 244.402772726 247.007655898 739.641037253 743.533679809 1.22490705598 1.04601325259 0.851874980497 0.861425565323 1.04883523844 2796.99466056 2807.24638466 2817.27992666 2823.40629748 2830.29555447 1.82978856807 6.64681342062 7.74872958293 16370.2053641 16371.0838288 16371.8459842 16373.6210744 16376.1712948 41.9937788667
-9999.0 -9999.0 -9999.0 -9999.0 -9999.0 -9999.0 -9999.0 -9999.0 -9999.0 -9999.0 -9999.0 -9999.0 -9999.0 -9999.0 -9999.0 -9999.0 -9999.0 -9999.0 -9999.0 -9999.0 11.8551119131 12.5650836664 23.0542730281 307.118894802 317.527944059 12.9267962758 22.2824537417 32.8498506108 41.4768228125 7.61732651392 13.3862826272 681.912746111 684.622458485 689.459487024 717.858824649 1464.92978024 2736.45588096 2739.75214501 2742.66876842 2745.44000024 2758.80473535 2763.35965611 8.84648989627 3.85186100025 2.47791842352 4.5918561275 3.32557991034 5.32005895358 1.65101753752 37.779903881 44.0856479801 48.8861590172 49.3496328138 16376.8116279 16421.4935172
-9999.0 -9999.0 -9999.0 -9999.0 -9999.0 -9999.0 -9999.0 -9999.0 -9999.0 -9999.0 -9999.0 -9999.0 -9999.0 -9999.0 -9999.0 -9999.0 -9999.0 -9999.0 -9999.0 -9999.0 -9999.0 12.1105894089 23.1058872099 34.1946357733 326.587143987 9.75221813848 440.117559265 451.047224546 458.928512576 465.640250353 655.512509761 663.050525946 3.09310512405 19.7362016384 24.5636840803 3.26472423824 1268.37301063 1262.59487787 1.52445228843 3.72145079542 10.795697961 2.53147950682 2.86306720915 1.98199772323 1.69870251327 1.25887563154 1.57785891102 32.5847875257 34.2989102825 36.4497245108 5.27652292882 3.95281240934 51.2469595834 51.9940212464 52.3414925883
-9999.0 -9999.0 -9999.0 -9999.0 -9999.0 -9999.0 -9999.0 -9999.0 -9999.0 -9999.0 -9999.0 -9999.0 -9999.0 -9999.0 -9999.0 -9999.0 -9999.0 -9999.0 -9999.0 -9999.0 -9999.0 10.814348998 10.0814193917 52.6280954082 400.267025613 420.617988587 430.695737219 9.3078728529 167.071406267 174.816124007 179.228597121 6.38325135412 10.1162461522 13.2155667462 281.465788007 283.831212383 285.771816969 1259.24585732 796.125577078 2.07384679922 2.42209179311 2.29196148091 1.78115594466 19.5390498543 23.5153512886 26.9228306008 28.9315218352 30.8474733848 281.479694751 282.893948632 286.026990509 291.999662712 312.707024617 313.207066055 366.057870674
-9999.0 -9999.0 -9999.0 -9999.0 -9999.0 -9999.0 -9999.0 -9999.0 -9999.0 -9999.0 -9999.0 -9999.0 -9999.0 -9999.0 -9999.0 -9999.0 -9999.0 -9999.0 -9999.0 -9999.0 -9999.0 -9999.0 21.1325286093 32.4643038028 11.1604293132 13.5422699111 134.799108611 144.692111688 151.084982871 56.5118759813 62.1286040897 67.9458031973 71.5769318661 275.920860442 279.597942047 170.444852024 458.860978428 461.265066677 794.527950443 4.87619676047 2.57189488 1.65464387007 13.6082425922 16.0343712629 1.39700116455 1.29055779251 275.055956924 278.540043109 280.265804098 2.14395429808 3.85537371159 308.99210421 1.35498435792 4.17911023135 4.5597512781
-9999.0 -9999.0 -9999.0 -9999.0 -9999.0 -9999.0 -9999.0 -9999.0 -9999.0 -9999.0 -9999.0 -9999.0 -9999.0 -9999.0 -9999.0 -9999.0 -9999.0 -9999.0 -9999.0 -9999.0 -9999.0 -9999.0 10.6337309451 20.9926851503 87.966343793 99.6047336268 110.575035854 43.5702629055 50.748401735 6.14247477267 190.929866258 196.169898122 200.893345385 3.93789829733 163.760711066 167.623924047 2.60729496757 781.794860172 5.59106617536 2.80995255106 7.52605541605 10.1089171218 1.89937567904 1.47768208441 256.984575136 271.986749928 274.074334567 2.21976020971 4.75106390445 5.90117890349 7.5384815375 14.59153448 1.52676564947 3.48229941759 0.646021358571
-9999.0 -9999.0 -9999.0 -9999.0 -9999.0 -9999.0 -9999.0 -9999.0 -9999.0 -9999.0 -9999.0 -9999.0 -9999.0 -9999.0 -9999.0 -9999.0 -9999.0 -9999.0 -9999.0 -9999.0 -9999.0 -9999.0 10.4393487996 32.8036536093 56.8756863538 12.8060664395 24.6337166107 35.0978217495 166.328382025 173.925371971 179.683262306 5.15252633029 137.104671872 152.605528302 156.924159426 3.06458497211 770.045039286 776.853112321 3.15404948948 2.7995985594 5.65322467043 2.21378573438 246.256092014 250.185271047 252.765164959 9.64515074433 11.9997572036 1.98376399919 3.50449406868 1.53668466927 11.0289197593 1.62524738217 0.947341422211 0.969911682815 1.04079540194
-9999.0 -9999.0 -9999.0 -9999.0 -9999.0 -9999.0 -9999.0 -9999.0 -9999.0 -9999.0 -9999.0 -9999.0 -9999.0 -9999.0 -9999.0 -9999.0 -9999.0 -9999.0 -9999.0 -9999.0 -9999.0 -9999.0 -9999.0 11.3050597619 12.5051402523 13.9445798364 119.942158516 129.6888391 158.189655956 7.70591548449 114.117168745 127.533994315 5.38871689446 11.1177410974 3.88508421156 760.050099936 4.20256516315 10.3555658673 12.5773858859 14.9506537527 231.007628743 239.703674328 242.447896543 2.78258268193 5.1774294746 7.28350243587 1.2388217462 1.11485164356 714.978726778 716.143319851 717.083974356 727.855083447 729.112344148 730.562385128 731.357202015
