data/baseflow/mHMbf_acc561.asc
ncols                  80
nrows                 72
xllcorner      4374000.0
yllcorner      5656000.0
cellsize            500
NODATA_value       -9999
[rows 25 to 49 of 72, columns 0 to 54 of 80]
-9999.0 -9999.0 -9999.0 -9999.0 -9999.0 -9999.0 -9999.0 -9999.0 -9999.0 -9999.0 -9999.0 -9999.0 23.4903039708 46.3524353296 20.4443335936 40.8509208574 15.7865635526 132.582335067 160.563513522 175.548919823 12.4059503802 23.1974107772 259.739801468 312.362175575 320.786814272 19.602706338 18.075601008 25.5313518207 3.7528176742 3.1339778612 5.61809284936 2.48147786217 405.257425907 407.920551028 409.90701715 2866.55403356 5733.28464319 5710.44598552 2.96862374463 1.62230306522 1.42977674867 6.19289370222 5.14246640368 18.3917880667 28.8527020053 58.3420195858 4.84789978637 4.79967927771 45.5404577715 49.3402381882 94.9292891812 96.9057124682 101.261569472 102.276539093 0.853596553691
-9999.0 -9999.0 -9999.0 -9999.0 -9999.0 -9999.0 -9999.0 -9999.0 -9999.0 -9999.0 -9999.0 -9999.0 -9999.0 21.0374583983 42.1998000986 63.8285553863 98.5188951911 18.4134864 14.9137472595 117.109640332 129.429307212 239.438997811 252.31727391 34.500880392 10.7083129059 9.2372420869 8.68122888032 386.325585104 390.778336353 394.808832372 397.666293381 402.819094118 41.2897048898 44.0069166132 456.946343732 9059.27801013 15.9275330673 11.8797177694 5.12524831881 1.45444609527 1.09200648392 8.96581218824 9.73561861699 20.23425887 0.893140283974 59.6326911386 7.09569740965 6.86433719239 0.802538359267 0.501171686527 0.46715177569 0.78349831568 0.492581762379 102.799466608 1367.31759811
-9999.0 -9999.0 -9999.0 -9999.0 -9999.0 -9999.0 -9999.0 -9999.0 -9999.0 -9999.0 -9999.0 -9999.0 -9999.0 -9999.0 20.1562551072 39.3872681388 55.9593807171 72.4368660703 87.4870108131 103.37568322 43.9269211339 73.3362233471 12.2950306751 11.3378408618 339.149683438 360.387697455 369.420682948 379.551584908 6.34344233266 10.7335233342 29.1788188301 34.3982858681 38.0158886879 3.53530369534 3.36745228282 9070.64310609 4.05016086651 4.86022868484 2.54897253647 6.37195014605 2.84629648814 1.93178237054 31.6073946952 33.6008276137 0.951932296746 60.9177092712 68.76870102 7.78929754239 1403.78335072 1402.42573882 1401.32446607 1398.24100217 1396.70614853 1372.13528744 1370.59140644
-9999.0 -9999.0 -9999.0 -9999.0 -9999.0 -9999.0 -9999.0 -9999.0 -9999.0 -9999.0 -9999.0 -9999.0 -9999.0 -9999.0 5.04900739996 11.1339236987 17.1082602459 166.585123792 182.088622421 16.1127769215 14.8122483054 14.7650649275 291.549824528 318.190450767 12.1917733398 12.5334699645 8.02633608246 34.8326178619 43.0770431891 19.3166418296 24.3160949356 226.98039156 231.739384889 242.200107783 370.501689482 9444.49404675 4.7100182697 1.98256484428 10.1030569821 8.28728030274 1.49600972864 5.12370361876 6.75521317913 35.5030823733 37.1115177786 108.439163579 69.2408815557 8.35066261957 1432.86618235 13.5977758626 1400.20589703 1399.31067098 23.1964776733 1.27246438493 1.297642671
-9999.0 -9999.0 -9999.0 -9999.0 -9999.0 -9999.0 -9999.0 -9999.0 -9999.0 -9999.0 -9999.0 -9999.0 -9999.0 -9999.0 25.4701245156 41.8120467067 84.7362460817 149.253992133 198.218035695 235.677228764 250.585973497 266.151516315 280.149762884 12.5962569544 10.3810688149 20.0567009343 17.3656101503 9.32181599912 202.511998871 210.375224626 217.335865389 223.82970886 111.748740551 116.160074601 123.371803356 9447.46422984 8.63796544712 7.58758823851 19.259893423 1.69992376322 4.02165495454 2.35914285779 1.45196802121 8.58537565936 1.16479499111 1.25765541092 1549.49282948 1440.12113511 1438.76087287 6.32670040071 12.6510529498 7.54428641831 1.23341673008 19.7432915308 4.16175515462
-9999.0 -9999.0 -9999.0 -9999.0 -9999.0 -9999.0 -9999.0 -9999.0 -9999.0 -9999.0 -9999.0 -9999.0 -9999.0 -9999.0 17.8289849563 16.6823917174 32.6968589033 49.370302372 20.0376520122 21.0871421964 36.7929175103 51.8559578373 78.1805330084 91.2174826555 101.657949631 133.025917855 142.087068485 152.220723389 8.83047019449 92.4044873601 98.6292573339 103.966625334 3.72863487493 2.44920534751 4.08677086666 9579.39358723 9582.24885586 9596.66446014 24.7360356699 3.84133007777 6.31415308358 1.52689126145 2.56020772072 9.86608896865 12.0240595967 2.24220811189 1555.92525032 2.42666182531 3.50926192661 3.80722182825 3.1430310319 5.11551229592 2.03044869617 14.8394151603 10.5833920092
-9999.0 -9999.0 -9999.0 -9999.0 -9999.0 -9999.0 -9999.0 -9999.0 -9999.0 -9999.0 -9999.0 -9999.0 -9999.0 -9999.0 -9999.0 15.7673072405 30.9473835469 15.0148832837 31.4884007493 190.533678229 204.369549147 218.249890138 13.1579294459 13.2501221512 23.4887756875 34.2381484844 51.2064436282 60.2040596453 67.8530043974 75.8127922612 5.62551386432 4.62544082504 115.964712276 119.818795255 122.049698504 124.728939011 99.5077372192 9707.25219196 9747.40695236 9749.06741609 9756.70966202 9763.75514049 9767.56364498 1.05350274475 13.0152136363 1556.98473876 2.42321419759 1.25240179783 1.94334068524 1.99085222808 3.19999863979 2.34775177002 1.44195970567 2.55742350325 2.04189214103
-9999.0 -9999.0 -9999.0 -9999.0 -9999.0 -9999.0 -9999.0 -9999.0 -9999.0 -9999.0 -9999.0 -9999.0 -9999.0 -9999.0 -9999.0 -9999.0 45.8966631308 61.2559946182 108.175583402 142.448896802 17.7789389372 253.546431308 266.19872725 277.652873555 10.9675330901 21.2259895729 8.4872900659 69.0848488925 74.3039559678 83.2714334567 92.1378131091 108.522751061 113.149164773 2.69537903583 88.2647622092 93.8680471966 96.9763534689 107.664937525 12.7925047276 7.64663217804 4.00510265088 3.54248175592 9772.02219386 9774.36531098 9797.51922684 1558.07679398 7.58851951528 4.23700717155 2.94640774585 0.740642999162 8.31906627483 4.10091278658 1.24622835522 7.05392847463 6.0691993533
-9999.0 -9999.0 -9999.0 -9999.0 -9999.0 -9999.0 -9999.0 -9999.0 -9999.0 -9999.0 -9999.0 -9999.0 -9999.0 -9999.0 -9999.0 -9999.0 16.1045209624 77.1102979006 93.6977263973 18.461817643 15.0551398368 31.1612167172 44.5147692344 334.373849133 10.7354077701 43.476904875 52.5096349605 61.3339111648 6.54668304827 13.8060427778 16.8230794133 69.8622153318 76.8371966998 79.8635192804 3.00590649995 2.50045794278 2.68167276787 4.92519064937 2.03454696168 2.09004290291 2.78503766237 2.01415241919 2.97275080355 8.8657815733 9799.75812916 11363.0435264 9.74177031639 2.13319527 0.939631874702 25.4512054119 23.7617290739 14.0004177083 12.478361268 9.1075434995 2.49488975148
-9999.0 -9999.0 -9999.0 -9999.0 -9999.0 -9999.0 -9999.0 -9999.0 -9999.0 -9999.0 -9999.0 -9999.0 -9999.0 -9999.0 -9999.0 13.6241245166 44.1278760493 14.430570198 18.4224794614 17.7508360451 33.1555221051 48.1658747317 61.1578053936 408.508634906 418.533846345 10.4795373049 19.5147901227 28.760743468 34.7170347052 40.7708215425 60.893631426 66.9426312291 3.34056211729 2.66953503866 2.04118989187 2.02713694885 2.7976889106 3.31119592281 3.28212380223 3.83851282941 11.4007220086 5.12868127342 2.61477910418 2.55222630392 1.89484819113 3.40800728994 11450.6861582 76.5481317094 33.1079385539 4.41770948321 2.0842130085 1.23152492927 3.65057991354 2.28514034219 1.06496203929
-9999.0 -9999.0 -9999.0 -9999.0 -9999.0 -9999.0 -9999.0 -9999.0 -9999.0 -9999.0 -9999.0 -9999.0 -9999.0 -9999.0 14.0174687246 27.7115433543 99.7797441083 13.9919884373 35.1348018647 51.8485413992 66.2775053302 15.6230732123 27.8301090945 41.4998572472 471.759858821 9.55224233466 17.6923834007 26.3749496414 7.27630989619 14.2207377441 17.0704523432 21.9388054391 758.981674138 764.845507801 770.780359939 800.799221058 808.013487516 827.879101636 6.5320445817 13.730674513 14.2320639228 889.909919456 894.174189764 2.28199812123 3.45584692083 4.59597991667 11452.5807625 73.1722183919 34.2448329479 31.5769608303 26.7288642487 23.6697403041 4.82650847428 1.30262825577 2.01955671098
-9999.0 -9999.0 -9999.0 -9999.0 -9999.0 -9999.0 -9999.0 -9999.0 -9999.0 -9999.0 -9999.0 -9999.0 -9999.0 -9999.0 14.3569528809 43.8673675052 158.287835035 235.784977943 12.5320320897 309.175251811 388.886379198 13.7276327057 25.5890207787 38.8943239954 581.947459077 592.254841133 7.26603807092 41.1781091545 47.5134789722 52.8058969235 716.185568695 727.002255556 734.731562071 3.95714018022 21.1068156486 25.6470363897 10.2214334733 14.52549606 847.73950938 867.716043836 871.044300975 874.119623714 897.402320106 1.55886526526 1.37629196165 7.17410835883 11455.0533787 3.04947381508 0.869547143535 2.63749416511 1.11912730763 20.5625922036 18.4631094647 11.1570706536 7.49367021679
-9999.0 -9999.0 -9999.0 -9999.0 -9999.0 -9999.0 -9999.0 -9999.0 -9999.0 -9999.0 -9999.0 -9999.0 -9999.0 -9999.0 -9999.0 -9999.0 31.6186852122 63.8603368132 280.089809961 295.970660443 402.677782067 416.516915152 13.2645196036 26.5538836092 60.1097628157 603.715106624 620.91175923 627.131957816 4.82091349275 648.860868126 659.942407854 7.30511248435 3.85945953721 6.99188977277 13.7578879013 3.39668311464 6.64968618461 13.7899719327 17.2733701832 3.54302157063 2.14260845401 4.15858386966 912.737058261 917.585655269 918.739287213 929.640825117 11457.1137026 2.31927181797 0.471545364544 0.636831680324 0.607141869531 0.637940568553 0.489093467164 0.866237102802 1.30691379681
-9999.0 -9999.0 -9999.0 -9999.0 -9999.0 -9999.0 -9999.0 -9999.0 -9999.0 -9999.0 -9999.0 -9999.0 -9999.0 -9999.0 -9999.0 -9999.0 16.7216929441 16.3076724658 15.9908426673 31.2263431286 13.7200904908 443.835276419 456.278110277 11.9380325928 22.9945098152 10.8289011696 8.43811452791 8.05284287673 639.867862406 3.57819962783 7.50341926609 4.11029405569 3.77370153449 3.3900260893 2.45151128971 2.5982357638 8.1096124461 11.2809843951 2.06740827207 1.77430648592 4.00552117379 6.99449564694 8.6869675781 2.41605257475 920.969379902 930.948225021 11458.7231072 6.07895246897 1.1268811252 0.258764639069 0.783767022661 0.18461974371 0.116457148486 1.00409931504 6.16134520443
-9999.0 -9999.0 -9999.0 -9999.0 -9999.0 -9999.0 -9999.0 -9999.0 -9999.0 -9999.0 -9999.0 -9999.0 -9999.0 -9999.0 -9999.0 -9999.0 -9999.0 -9999.0 16.1224228273 45.8385082828 58.5629662331 71.9405690191 469.173712564 481.878957586 493.931128963 505.921433638 513.642022046 530.060767647 533.472894903 536.665300016 539.224899471 3.00809062247 2.76205716836 3.09246231848 10.9572875303 3.04225873663 2.87856576653 2.05021034841 6.03036321489 2.60379443093 1.89040340032 1.705882521 1.39221022708 2.77644603905 4.02521489346 939.323774626 12405.6967863 2.51670743899 4.48075031369 0.170823357214 0.975311955051 0.462041432999 0.234849464212 11.9265948905 10.0756979093
-9999.0 -9999.0 -9999.0 -9999.0 -9999.0 -9999.0 -9999.0 -9999.0 -9999.0 -9999.0 -9999.0 -9999.0 -9999.0 -9999.0 -9999.0 -9999.0 -9999.0 -9999.0 -9999.0 13.2479415745 106.628943434 207.516861 221.242567487 16.2968270445 28.4372697337 39.5353456177 47.6636184043 106.310220649 109.491118103 3.08778417633 3.00835967219 545.834852188 551.257254501 553.710854581 12.8404237162 1.74888576171 4.8991866687 7.06110219048 20.9895963146 25.8172867887 29.4296160187 3.2115484104 4.42935269363 1.53905469311 2.98762409018 1.63165604692 12408.6538387 2.17326649273 8.76772202671 2.09463282547 3.6805200667 15.5015647471 16.7311552583 29.7612726075 8.48734511531
-9999.0 -9999.0 -9999.0 -9999.0 -9999.0 -9999.0 -9999.0 -9999.0 -9999.0 -9999.0 -9999.0 -9999.0 -9999.0 -9999.0 -9999.0 -9999.0 -9999.0 -9999.0 14.9458654871 47.869568835 93.6002462152 122.089581234 309.234204412 323.767676468 23.918885615 35.162611024 43.7147104448 51.6895021152 112.559238927 118.74628181 200.899201667 206.7545284 209.855105297 556.326882532 576.02237157 4.58346435339 3.35765078281 3.14391808432 5.99815378489 2.68588808775 34.5695811251 36.2859695965 5.79854005054 7.27834746077 1.89980554869 3010.86746908 3014.75636843 15425.6748156 15437.4928914 2.42230019361 8.65982104062 5.65694809272 4.09584218823 35.5017195054 45.2508280586
-9999.0 -9999.0 -9999.0 -9999.0 -9999.0 -9999.0 -9999.0 -9999.0 -9999.0 -9999.0 -9999.0 -9999.0 -9999.0 -9999.0 -9999.0 -9999.0 -9999.0 -9999.0 -9999.0 17.220339677 16.7611537019 31.5282014582 74.6904432097 337.188284877 12.513646061 12.2956477322 20.8637941904 29.7976133082 68.8269693162 73.3253819106 3.31686301542 3.835690983 213.869128095 216.856101282 795.619288865 798.150944787 1.56746045666 1.34192900807 1.11702749446 1.13005598199 1.26220400432 2977.33403081 2989.08727698 2998.02041921 3001.51807312 3009.35221988 2.02080137296 7.3148551632 8.81708815498 15450.192919 15451.6170436 15452.9153051 15454.16906 15455.6280583 47.1406938647
-9999.0 -9999.0 -9999.0 -9999.0 -9999.0 -9999.0 -9999.0 -9999.0 -9999.0 -9999.0 -9999.0 -9999.0 -9999.0 -9999.0 -9999.0 -9999.0 -9999.0 -9999.0 -9999.0 -9999.0 15.2475882094 16.0260752463 29.6427421445 394.884151838 407.808795165 11.8834135615 20.6515968853 29.8958637631 35.5191544888 4.55029700645 8.61151847987 805.464138677 808.293014645 811.558477246 836.012854956 1636.79994349 2907.20351696 2911.21250357 2914.87810013 2918.31203752 2934.03058305 2939.29894402 10.1323144095 4.40362669194 2.81956477583 5.20146832183 3.64406100342 5.85804964759 1.80584773435 42.0743614633 50.0312073296 56.579123526 57.1817057203 15456.3795437 15505.1112487
-9999.0 -9999.0 -9999.0 -9999.0 -9999.0 -9999.0 -9999.0 -9999.0 -9999.0 -9999.0 -9999.0 -9999.0 -9999.0 -9999.0 -9999.0 -9999.0 -9999.0 -9999.0 -9999.0 -9999.0 -9999.0 15.6006338378 29.8682094309 44.2051345078 419.276655098 11.1494701991 560.282414575 569.997908576 574.455546246 578.990265754 787.411903816 792.627443844 3.48663588921 18.0188512614 22.1206879332 3.78753374849 1266.47424493 1259.79974138 1.87508626665 4.55323112446 12.7279256842 2.92858445404 3.2843726886 2.26847544866 1.89470367656 1.37345530067 1.71920973398 36.3197057229 38.1700621542 40.3845220487 6.38717972592 5.11802271914 59.9657452195 61.1443371656 61.5665839227
-9999.0 -9999.0 -9999.0 -9999.0 -9999.0 -9999.0 -9999.0 -9999.0 -9999.0 -9999.0 -9999.0 -9999.0 -9999.0 -9999.0 -9999.0 -9999.0 -9999.0 -9999.0 -9999.0 -9999.0 -9999.0 14.1258881049 13.2497496089 68.9573268471 515.122491922 539.568350739 551.816968932 9.44713909364 194.416950414 198.966951768 201.579538113 4.53947318573 8.63471897659 12.2195141399 285.326777856 287.934495401 290.136075173 1255.71541667 799.596232714 2.63826007182 2.81460501706 2.63911376227 1.98517083817 21.8206432705 26.2890338475 30.0828444129 32.3022955448 34.4142615976 262.645086918 263.902744158 265.647680743 269.235680827 288.070194234 288.691204116 350.901357662
-9999.0 -9999.0 -9999.0 -9999.0 -9999.0 -9999.0 -9999.0 -9999.0 -9999.0 -9999.0 -9999.0 -9999.0 -9999.0 -9999.0 -9999.0 -9999.0 -9999.0 -9999.0 -9999.0 -9999.0 -9999.0 -9999.0 27.7240714524 42.4715993546 14.4003895225 12.4308400134 163.686570712 173.749144683 179.99892697 58.7258875255 62.1122375242 65.9133241409 69.5333863819 279.040729194 283.11902807 157.745704793 451.021734915 453.873129141 797.601175567 5.7069758053 2.91406836239 1.84064420687 15.1834353086 17.8922375658 1.53407807078 1.41543620635 255.203617253 259.207702421 261.282050757 1.59311107886 2.47477391356 285.000249619 1.72797608058 5.69634678024 6.17332085541
-9999.0 -9999.0 -9999.0 -9999.0 -9999.0 -9999.0 -9999.0 -9999.0 -9999.0 -9999.0 -9999.0 -9999.0 -9999.0 -9999.0 -9999.0 -9999.0 -9999.0 -9999.0 -9999.0 -9999.0 -9999.0 -9999.0 13.9644765701 27.6199181301 114.748720012 129.209036352 141.285801555 47.4318397449 54.9931868875 4.32576302182 198.837354068 202.364950275 205.707211186 3.65058513355 150.371045832 154.660262542 2.93433639234 782.586339771 6.57480919753 3.22441212026 8.37880837426 11.306124505 2.0995522447 1.6067559948 234.850851573 251.520273899 254.048395502 2.46468042655 5.10930908971 6.3045425067 7.50751759319 14.6720546352 2.05835469337 4.73457638125 0.839418788761
-9999.0 -9999.0 -9999.0 -9999.0 -9999.0 -9999.0 -9999.0 -9999.0 -9999.0 -9999.0 -9999.0 -9999.0 -9999.0 -9999.0 -9999.0 -9999.0 -9999.0 -9999.0 -9999.0 -9999.0 -9999.0 -9999.0 13.8302564367 43.4369040884 74.1235705925 15.2816706986 26.5565573979 38.1166646228 181.293717264 187.226539618 191.132620416 3.25677336776 128.706653981 139.812122563 143.547077379 2.14436150978 769.309246816 776.877782304 3.50984991681 3.09663454772 6.28061736353 2.44687521524 223.104770919 227.437589801 230.267803653 10.6133620605 13.2195131683 2.18024756994 3.805602209 1.643645219 11.2377183203 1.71506471219 1.26020080541 1.33521615149 1.35573942336
-9999.0 -9999.0 -9999.0 -9999.0 -9999.0 -9999.0 -9999.0 -9999.0 -9999.0 -9999.0 -9999.0 -9999.0 -9999.0 -9999.0 -9999.0 -9999.0 -9999.0 -9999.0 -9999.0 -9999.0 -9999.0 -9999.0 -9999.0 15.0948875379 15.8852701806 15.4798050501 129.479161624 140.506692925 172.393215328 6.62695757625 112.951252963 122.783086569 3.67982658192 8.04154056682 2.76319185731 761.112308502 3.42163380756 9.18181179998 11.4408521603 13.3919596985 207.326079061 215.832832168 218.925301864 3.10960383393 5.72563675125 8.01451573257 1.30446899861 1.17475680085 695.113538511 696.332705317 697.273974563 708.696928033 709.989651743 711.761448852 712.797440737
