data/baseflow/mHMbf_acc601.asc
ncols                  80
nrows                 72
xllcorner      4374000.0
yllcorner      5656000.0
cellsize            500
NODATA_value       -9999
[rows 0 to 24 of 72, columns 0 to 54 of 80]
-9999.0 -9999.0 -9999.0 -9999.0 -9999.0 -9999.0 -9999.0 -9999.0 -9999.0 -9999.0 -9999.0 -9999.0 26.0432528015 18.4500622339 -9999.0 -9999.0 -9999.0 -9999.0 -9999.0 -9999.0 -9999.0 -9999.0 -9999.0 -9999.0 -9999.0 -9999.0 -9999.0 -9999.0 -9999.0 -9999.0 -9999.0 -9999.0 -9999.0 -9999.0 -9999.0 -9999.0 -9999.0 -9999.0 -9999.0 -9999.0 -9999.0 -9999.0 -9999.0 -9999.0 -9999.0 -9999.0 -9999.0 -9999.0 -9999.0 -9999.0 -9999.0 -9999.0 -9999.0 -9999.0 -9999.0
-9999.0 -9999.0 -9999.0 -9999.0 -9999.0 -9999.0 -9999.0 -9999.0 -9999.0 -9999.0 -9999.0 -9999.0 53.8244759381 109.025201787 15.5525899416 -9999.0 13.1974946936 -9999.0 -9999.0 -9999.0 -9999.0 -9999.0 -9999.0 -9999.0 -9999.0 -9999.0 -9999.0 -9999.0 -9999.0 -9999.0 -9999.0 -9999.0 -9999.0 -9999.0 -9999.0 -9999.0 -9999.0 -9999.0 -9999.0 -9999.0 -9999.0 -9999.0 -9999.0 -9999.0 -9999.0 -9999.0 -9999.0 -9999.0 -9999.0 -9999.0 -9999.0 -9999.0 -9999.0 -9999.0 -9999.0
-9999.0 -9999.0 -9999.0 -9999.0 -9999.0 -9999.0 -9999.0 -9999.0 -9999.0 -9999.0 27.1401490178 26.2486441204 27.1734371072 26.2896224431 159.154271487 175.863067861 35.8338174707 11.3123340733 -9999.0 -9999.0 -9999.0 -9999.0 -9999.0 -9999.0 -9999.0 -9999.0 -9999.0 -9999.0 -9999.0 -9999.0 -9999.0 -9999.0 -9999.0 -9999.0 -9999.0 -9999.0 -9999.0 -9999.0 -9999.0 -9999.0 -9999.0 -9999.0 -9999.0 -9999.0 -9999.0 -9999.0 -9999.0 -9999.0 -9999.0 -9999.0 -9999.0 -9999.0 -9999.0 -9999.0 -9999.0
-9999.0 -9999.0 -9999.0 -9999.0 -9999.0 -9999.0 -9999.0 -9999.0 -9999.0 26.3848799001 53.2495525122 105.662283627 52.4368289432 25.5319831419 50.0390587545 200.027861442 262.482829253 12.847868303 -9999.0 26.297613142 -9999.0 -9999.0 -9999.0 -9999.0 24.8500627192 12.731135394 -9999.0 -9999.0 -9999.0 -9999.0 -9999.0 -9999.0 -9999.0 -9999.0 -9999.0 -9999.0 -9999.0 -9999.0 -9999.0 -9999.0 -9999.0 -9999.0 -9999.0 -9999.0 -9999.0 -9999.0 -9999.0 -9999.0 -9999.0 -9999.0 -9999.0 -9999.0 -9999.0 -9999.0 -9999.0
-9999.0 -9999.0 -9999.0 -9999.0 -9999.0 -9999.0 -9999.0 -9999.0 29.2099427731 83.2916653026 108.898036508 134.534995338 182.796998438 24.188804897 97.4121681094 120.789567943 417.106021069 19.1452809306 22.3896156136 49.6523224297 72.1572641876 23.3422337821 -9999.0 64.4784957061 53.0571664566 14.6930667254 -9999.0 -9999.0 -9999.0 -9999.0 -9999.0 -9999.0 -9999.0 -9999.0 -9999.0 -9999.0 -9999.0 -9999.0 -9999.0 -9999.0 -9999.0 -9999.0 -9999.0 -9999.0 -9999.0 -9999.0 -9999.0 -9999.0 -9999.0 -9999.0 -9999.0 -9999.0 -9999.0 -9999.0 -9999.0
-9999.0 -9999.0 -9999.0 -9999.0 -9999.0 -9999.0 28.691136346 26.893166989 26.4731677754 26.7723022268 26.8090331387 188.183199573 396.458524585 421.698748646 444.73751597 23.2018999617 461.821601166 483.870431511 46.2074778687 22.9120534444 94.2308905326 162.505818279 21.4601382637 128.397039439 24.1599581507 22.5987809348 25.1652867986 -9999.0 -9999.0 -9999.0 -9999.0 -9999.0 -9999.0 -9999.0 -9999.0 -9999.0 -9999.0 -9999.0 -9999.0 -9999.0 -9999.0 -9999.0 -9999.0 -9999.0 -9999.0 -9999.0 -9999.0 -9999.0 -9999.0 -9999.0 -9999.0 -9999.0 -9999.0 -9999.0 -9999.0
-9999.0 -9999.0 -9999.0 -9999.0 -9999.0 -9999.0 57.5631740282 85.4297977216 194.303627885 272.887447475 24.6345290598 25.2387035231 23.9298517393 71.9755426545 538.389881031 21.1064496568 507.235548794 596.059444817 69.2982847136 43.3986574094 183.292618527 22.202190934 150.687832373 44.9601248574 22.7390750692 44.5665488593 49.4776301837 25.0128340642 25.3746657395 25.0235684255 25.834232907 51.9064033884 -9999.0 -9999.0 -9999.0 -9999.0 -9999.0 -9999.0 -9999.0 -9999.0 -9999.0 -9999.0 -9999.0 -9999.0 -9999.0 -9999.0 -9999.0 -9999.0 -9999.0 -9999.0 -9999.0 -9999.0 -9999.0 -9999.0 -9999.0
-9999.0 -9999.0 -9999.0 -9999.0 -9999.0 30.7027393988 59.8274619077 28.9210353883 56.327171533 300.691511286 352.023431734 402.863587292 1281.24559681 24.7634729177 561.07104619 2022.65739382 2040.06889047 2665.86038583 19.0024185071 64.6113164184 204.237390469 20.8147404118 401.695316379 229.289488324 140.476128917 117.488378671 24.0176945836 74.5145676719 74.2816682422 49.6300958882 24.2859632743 76.8795158576 24.2520545609 24.081744163 -9999.0 -9999.0 -9999.0 -9999.0 -9999.0 -9999.0 -9999.0 -9999.0 -9999.0 -9999.0 -9999.0 -9999.0 -9999.0 -9999.0 -9999.0 -9999.0 -9999.0 -9999.0 -9999.0 -9999.0 -9999.0
-9999.0 -9999.0 -9999.0 -9999.0 -9999.0 31.0325206088 90.7658283502 180.091623752 207.966880531 412.072796435 438.526495357 520.516547028 854.049730485 1350.49239734 1397.24577111 1419.37581103 41.3476873849 2740.60150534 2779.56839519 2885.16951841 3578.36521082 466.092251326 423.742304146 162.386980214 21.8446131691 141.521516153 96.5803441696 21.5685010834 96.7067601574 23.3762460594 46.990472198 124.772682266 147.979124278 47.1430932288 22.9609972259 22.864369332 -9999.0 -9999.0 -9999.0 -9999.0 12.4261210887 10.9347239763 -9999.0 -9999.0 -9999.0 -9999.0 -9999.0 -9999.0 -9999.0 -9999.0 -9999.0 -9999.0 -9999.0 -9999.0 -9999.0
-9999.0 -9999.0 -9999.0 -9999.0 -9999.0 30.4254474217 29.3322628684 119.80464924 147.91266071 176.77243291 27.7450692058 55.1236507217 314.361040328 55.2866444278 25.6545829985 24.1897073246 21.5083946842 25.0757021999 24.3507533107 22.7085309952 3601.88608013 3663.96587315 20.7214590806 64.049959292 43.5571683133 162.809960713 43.4761020922 20.8264812675 119.507188096 45.0433453874 107.556053376 260.104950754 240.91227452 70.0720060235 68.3633818448 23.1429135418 22.9764889567 -9999.0 -9999.0 22.9645864638 28.6113509231 62.4135930809 11.5009773413 -9999.0 -9999.0 -9999.0 -9999.0 -9999.0 -9999.0 -9999.0 -9999.0 -9999.0 -9999.0 -9999.0 -9999.0
-9999.0 -9999.0 -9999.0 -9999.0 -9999.0 -9999.0 31.0242524546 30.6629472789 60.2111009338 89.5331039228 203.727647385 260.29002242 289.076501326 29.572172915 24.4541042276 317.249072622 388.277630839 410.937911097 503.578808573 525.171086283 21.2235087282 3685.0763568 3791.08830634 85.3035673469 20.7872889417 183.186400728 406.28751129 160.352533163 40.9749733241 20.5468666226 407.811601399 280.944870728 20.6138737619 20.4551676886 89.2134292538 67.5734475291 21.6657937359 20.9821233186 21.9694395372 44.5216069281 21.225823919 75.577674465 95.7727596742 18.7862062205 -9999.0 -9999.0 -9999.0 -9999.0 20.3863260572 19.3922474024 5.54912693295 -9999.0 -9999.0 -9999.0 -9999.0
-9999.0 -9999.0 -9999.0 -9999.0 -9999.0 -9999.0 -9999.0 30.9171963199 28.3410928861 57.7870381131 86.6745456337 28.5726833716 27.8658101602 165.698646955 217.071154973 269.317462066 24.1415661191 48.0765169021 23.1915989388 547.021317934 1192.22648246 1204.20815525 5031.60051359 20.8427695227 61.0856614975 19.7602248627 425.924020534 20.0186947841 61.7662838125 20.2913041212 428.076149411 448.197947815 41.2487962759 40.7956801148 221.837838337 111.004512921 42.485840909 21.673677975 43.9563690087 66.183460568 107.818344782 20.1083864321 132.586846669 149.522019255 14.870646672 16.0590108036 16.5990010036 14.9144280785 13.7981863151 56.2077659214 21.9024273345 13.9328054745 -9999.0 -9999.0 -9999.0
-9999.0 -9999.0 -9999.0 -9999.0 -9999.0 -9999.0 -9999.0 -9999.0 59.3965457721 87.3103613558 28.4559133763 57.3935806721 84.5003445137 140.454585284 27.1109853375 26.6388634303 23.6301409253 23.9753707095 21.9831164668 600.971155319 23.6730826273 46.5615016995 5090.98414856 5130.76643133 19.0785155663 99.8162669959 544.189775514 39.0098425407 79.707575179 37.2718923019 54.8021204881 525.228031239 59.4047382716 320.686138069 262.064849949 21.205718533 104.838782909 42.1152323353 64.0663275875 20.0151139763 127.132239435 165.01931539 178.860416226 191.909764576 204.065862555 27.6104476193 28.9456816533 26.2348699455 23.9909261487 69.5781224889 13.9189233299 50.0726270455 62.8320045223 -9999.0 -9999.0
-9999.0 -9999.0 -9999.0 -9999.0 -9999.0 -9999.0 -9999.0 -9999.0 30.0776530636 146.659625065 174.617880011 28.0546531125 55.044544203 26.9969455105 25.5514047167 25.1075215398 311.378371107 413.775333057 502.870287336 587.965299953 20.6200065554 23.2341813141 24.6630043535 5227.7094887 5266.20083741 5282.67093412 722.340421128 157.077277384 137.238502062 17.2627464869 71.7859341038 614.393970238 17.47659489 338.411549436 19.5099819785 135.785441047 125.547629681 20.1932537498 84.0316246451 39.8972239906 59.2878358061 17.7577008024 12.9648132098 204.775032499 216.215519104 215.474198957 41.1883681109 37.8197145118 35.1117667553 84.4604169244 112.543015814 14.0018048837 76.3925500586 14.5817295646 27.3830146386
-9999.0 -9999.0 -9999.0 -9999.0 -9999.0 -9999.0 -9999.0 -9999.0 -9999.0 30.0072795276 203.257458969 231.090218929 82.3262796462 136.433762119 187.770314881 213.633519379 25.9413088955 78.6727699953 51.8863012255 26.0885267074 25.6401954718 24.0629163171 47.6062411468 82.0049771237 25.0417759422 6046.88789267 6065.27483455 16.9512964579 14.8762651652 34.5545441865 51.3137406898 664.793933313 33.7925475409 353.732834165 206.02025019 170.1271976 18.8221198699 38.6339580134 101.950314074 17.8550812393 76.5715422786 34.6711152086 24.1758804202 13.020108117 252.184090861 476.396677155 48.87287459 45.774307773 46.2940005847 11.6945480677 123.867074388 11.0296106067 101.637849523 12.5566228643 39.6394904142
-9999.0 -9999.0 -9999.0 -9999.0 -9999.0 -9999.0 -9999.0 -9999.0 -9999.0 -9999.0 27.4961853172 287.201192231 27.5193832389 55.3629693787 80.61334262 131.18380779 25.7924500894 52.816232151 26.0547787737 24.9250639164 23.6827187524 46.785876286 21.0746795827 23.8013587931 45.422693096 24.0840769881 6082.97577894 6116.22665731 6166.9220579 71.3830724174 17.1122074447 34.1106967108 682.154409549 642.563447059 241.910366828 17.8145438473 75.5965152462 57.0441991255 119.917796187 35.7397498131 145.901252666 51.7608194029 39.2485401603 13.0613684208 13.0901924971 488.839855178 499.064866442 602.44627328 83.5181549699 24.397485443 136.160208769 159.246855011 271.400419182 24.5888269486 11.2773898085
-9999.0 -9999.0 -9999.0 -9999.0 -9999.0 -9999.0 -9999.0 -9999.0 -9999.0 -9999.0 -9999.0 15.7236910108 322.373841527 27.0571103331 51.9431401685 233.374340256 25.5974407647 25.4926822647 23.0903125497 48.6318949562 23.3855044551 93.3018610152 135.530910344 155.007501953 63.5500914646 78.6082066804 17.0524972073 22.4052206823 19.2723393912 6271.6711893 6321.67452541 697.207597905 672.528035691 657.685430969 30.9373289267 15.1094229688 91.9694158081 244.80231671 136.501872967 52.2038780868 213.851096674 96.5552807083 81.4128864191 26.7136484804 10.0254888796 8.96614996653 8.75541067203 646.428523785 762.308495403 11.4910032092 10.1306799124 11.3843351402 282.042166693 316.858121004 20.0202447572
-9999.0 -9999.0 -9999.0 -9999.0 -9999.0 -9999.0 -9999.0 -9999.0 -9999.0 -9999.0 -9999.0 14.7463358326 357.502279522 438.01534014 24.9198870587 283.191111939 23.9727625122 23.4546538959 46.2847766877 118.399193655 23.0145122717 23.8476126508 20.9776273447 196.355671574 215.865401824 314.840503797 350.774637195 371.347873479 387.543159404 403.283404192 6739.53851466 7468.87458825 8168.52407522 8177.86675108 13.1910247385 15.2920018775 277.615435515 261.338561008 16.3001331269 17.3951908765 231.888266806 344.3693307 14.327992933 177.456792058 162.551765297 49.789185988 21.1392836611 34.440631094 11.4419881997 780.046441429 8.83603261015 30.1864774906 36.6357642016 382.714336415 413.572465875
-9999.0 -9999.0 -9999.0 -9999.0 -9999.0 -9999.0 -9999.0 -9999.0 -9999.0 -9999.0 -9999.0 28.8048793544 55.1797449028 463.999157296 511.547365901 23.8716505624 323.040015229 21.1152116438 65.4451356201 139.827063732 44.5415348673 21.4708154823 43.3274175753 18.4807522641 35.7979667708 17.815712854 17.2584156881 17.1321357048 16.8160757782 16.9128081091 16.096835593 18.6968048503 19.3220695826 18.2588677782 8218.75295128 326.694613042 295.176600767 8.37264718034 47.5493904772 11.6238577656 10.5488485048 358.664853883 580.699884133 193.032229342 138.686524727 29.3887863503 11.6859376737 10.6651567265 19.7729989588 808.789409802 824.691386253 8.36549325313 8.40165739631 9.78876687441 11.0161842681
-9999.0 -9999.0 -9999.0 -9999.0 -9999.0 -9999.0 -9999.0 -9999.0 -9999.0 -9999.0 -9999.0 -9999.0 25.832106419 335.971790963 872.254185208 947.652099801 1291.80366045 1307.41161493 307.849950978 227.959323764 66.3947295839 21.2687809755 84.8215052007 104.574550235 158.460391074 36.3386212577 34.5991313417 34.7330566612 68.4764254907 33.59295488 32.3884421817 16.5988198648 16.5262370542 14.5550850281 8229.68256207 8565.07904935 8577.64816587 8.04049700796 117.08561987 52.3567191614 15.3337094552 627.857070768 33.0335803852 17.0008229224 72.7344203873 17.0701171916 12.5441813652 22.5347170307 30.2269544972 38.626281375 838.057164869 6.23585518012 5.27903752811 5.28510934525 4.39325166606
-9999.0 -9999.0 -9999.0 -9999.0 -9999.0 -9999.0 -9999.0 -9999.0 -9999.0 -9999.0 -9999.0 27.6855864031 255.803971381 310.194412565 50.6385978696 16.2495116281 37.2787148049 1366.84839267 1383.44094012 1706.04049094 19.2077368869 40.3009152088 17.7732058982 18.0420977404 175.818566401 229.47542626 281.194306433 15.8542904729 84.1000915879 133.045728517 78.1863434526 31.3224178025 30.4697013733 29.0567464333 25.1864439573 10.4659126238 8584.26736685 8589.06972809 8717.08025925 24.7136974961 13.3364002048 635.96875188 35.1022960254 17.9281882181 19.2666698426 19.1218215549 16.8377626584 30.3805621177 82.843953324 130.379440549 974.61110969 4.44390504922 13.4065539275 9.10427918223 7.71316026612
-9999.0 -9999.0 -9999.0 -9999.0 -9999.0 -9999.0 -9999.0 -9999.0 -9999.0 -9999.0 -9999.0 28.2563103252 175.140595394 27.6715703653 24.9276881518 127.608226919 149.769213181 172.478544439 193.468417428 2309.48563704 2328.85028677 2368.04449456 2649.39284244 2705.64300958 2738.45538481 2756.21556172 3081.59763331 3129.12703388 3145.23459962 3295.77932577 3390.28721579 3405.0105214 3465.21373115 42.8518749404 39.3164880519 10.2272521529 6.95733137539 8595.67796384 8755.34977227 33.5825932065 721.135437831 709.848709056 66.3263631281 15.9666961684 16.4610637467 16.0145834223 15.5003106813 31.132577811 43.5765381659 11.2524320995 980.414553726 986.57861425 1014.13885033 1018.93059796 1030.91878582
-9999.0 -9999.0 -9999.0 -9999.0 -9999.0 -9999.0 -9999.0 -9999.0 -9999.0 -9999.0 -9999.0 89.1633775979 118.162744699 55.7427639275 82.2324469753 26.2306129034 296.082455028 319.858705247 366.162532346 388.026409364 154.401256752 2553.43290167 2571.83933223 19.7491787949 15.1334605989 15.4306869164 31.5867199284 17.1077537011 15.7698261781 15.6663083291 14.662494484 3421.09867472 3480.4820988 3535.63572971 3585.44677931 3613.96895983 12.0561991716 3.38099356308 9497.91771027 738.220684872 732.691524788 13.6118194265 12.8957448737 11.4324860168 28.2383838361 27.8232506816 12.9815140903 13.0854208347 11.2704559553 22.2813680597 28.3390190375 6.08736751193 9.68940975125 3.24326886062 3.34460937432
-9999.0 -9999.0 -9999.0 -9999.0 -9999.0 -9999.0 -9999.0 -9999.0 -9999.0 -9999.0 -9999.0 -9999.0 59.9183380282 28.5208087204 26.6684041096 248.560372985 272.932942281 24.3032664834 94.5392982358 116.512831154 137.39853046 21.9252843165 17.6259428689 391.589279504 405.700143116 419.85980079 1058.54306255 1071.48040972 1099.43477649 1210.45181663 1285.7540336 1298.60049265 13.9769299852 14.3846305659 11.8568402083 3621.77407168 3.95117158709 9602.27629526 9596.91315438 94.4921144055 87.0214711643 52.1120298394 13.1565745387 23.0843492678 40.3102501879 39.7083087571 25.1099015941 12.5821740769 23.6757454743 22.5352365269 37.7031493243 6.34623601164 14.9989248893 23.2331834401 30.1305908527
-9999.0 -9999.0 -9999.0 -9999.0 -9999.0 -9999.0 -9999.0 -9999.0 -9999.0 -9999.0 -9999.0 -9999.0 30.3156724939 85.9902855342 113.33961226 195.710870493 24.5748128854 49.7839070325 72.9418298411 279.187461758 300.056637743 320.719026452 340.034662832 359.107113788 535.244399258 589.837735535 626.548812477 16.7904561329 84.3705174349 99.7643715225 1245.95014269 1311.56598216 1341.84793241 1372.33450348 1394.2663027 5020.43410265 6.85007874096 9626.91681013 14.4631444837 7.61775206451 74.359388966 63.1491058206 10.3110773034 33.1880461673 50.3542036102 49.31558353 34.0111362746 55.5648470038 87.0671168606 31.229886772 76.5606836497 6.98079692965 12.05672089 2.25380280032 1.59071711866
