data/baseflow/mHMbf_acc462.asc
ncols                  80
nrows                 72
xllcorner      4374000.0
yllcorner      5656000.0
cellsize            500
NODATA_value       -9999
[rows 0 to 24 of 72, columns 0 to 54 of 80]
-9999.0 -9999.0 -9999.0 -9999.0 -9999.0 -9999.0 -9999.0 -9999.0 -9999.0 -9999.0 -9999.0 -9999.0 20.156541689 18.5059246006 -9999.0 -9999.0 -9999.0 -9999.0 -9999.0 -9999.0 -9999.0 -9999.0 -9999.0 -9999.0 -9999.0 -9999.0 -9999.0 -9999.0 -9999.0 -9999.0 -9999.0 -9999.0 -9999.0 -9999.0 -9999.0 -9999.0 -9999.0 -9999.0 -9999.0 -9999.0 -9999.0 -9999.0 -9999.0 -9999.0 -9999.0 -9999.0 -9999.0 -9999.0 -9999.0 -9999.0 -9999.0 -9999.0 -9999.0 -9999.0 -9999.0
-9999.0 -9999.0 -9999.0 -9999.0 -9999.0 -9999.0 -9999.0 -9999.0 -9999.0 -9999.0 -9999.0 -9999.0 40.5604551092 94.9926500115 16.4192482722 -9999.0 13.1380850265 -9999.0 -9999.0 -9999.0 -9999.0 -9999.0 -9999.0 -9999.0 -9999.0 -9999.0 -9999.0 -9999.0 -9999.0 -9999.0 -9999.0 -9999.0 -9999.0 -9999.0 -9999.0 -9999.0 -9999.0 -9999.0 -9999.0 -9999.0 -9999.0 -9999.0 -9999.0 -9999.0 -9999.0 -9999.0 -9999.0 -9999.0 -9999.0 -9999.0 -9999.0 -9999.0 -9999.0 -9999.0 -9999.0
-9999.0 -9999.0 -9999.0 -9999.0 -9999.0 -9999.0 -9999.0 -9999.0 -9999.0 -9999.0 18.807705936 18.3741452299 19.7762638149 19.5764219229 131.764241763 148.958201991 36.9103735566 11.783165806 -9999.0 -9999.0 -9999.0 -9999.0 -9999.0 -9999.0 -9999.0 -9999.0 -9999.0 -9999.0 -9999.0 -9999.0 -9999.0 -9999.0 -9999.0 -9999.0 -9999.0 -9999.0 -9999.0 -9999.0 -9999.0 -9999.0 -9999.0 -9999.0 -9999.0 -9999.0 -9999.0 -9999.0 -9999.0 -9999.0 -9999.0 -9999.0 -9999.0 -9999.0 -9999.0 -9999.0 -9999.0
-9999.0 -9999.0 -9999.0 -9999.0 -9999.0 -9999.0 -9999.0 -9999.0 -9999.0 17.9568856806 37.075407717 73.7700073809 37.9527308716 18.391525127 36.1352989473 166.329135951 232.543020227 13.828798681 -9999.0 19.6903736999 -9999.0 -9999.0 -9999.0 -9999.0 25.6947715531 13.0052231593 -9999.0 -9999.0 -9999.0 -9999.0 -9999.0 -9999.0 -9999.0 -9999.0 -9999.0 -9999.0 -9999.0 -9999.0 -9999.0 -9999.0 -9999.0 -9999.0 -9999.0 -9999.0 -9999.0 -9999.0 -9999.0 -9999.0 -9999.0 -9999.0 -9999.0 -9999.0 -9999.0 -9999.0 -9999.0
-9999.0 -9999.0 -9999.0 -9999.0 -9999.0 -9999.0 -9999.0 -9999.0 21.4079445201 59.1520441197 77.3071443946 95.4877039125 129.594646929 17.1768211837 69.8726555277 86.8064753129 353.710620688 17.8143389821 17.0531325289 37.2643105249 54.596316555 18.186490905 -9999.0 69.539062281 56.9307119505 16.295339342 -9999.0 -9999.0 -9999.0 -9999.0 -9999.0 -9999.0 -9999.0 -9999.0 -9999.0 -9999.0 -9999.0 -9999.0 -9999.0 -9999.0 -9999.0 -9999.0 -9999.0 -9999.0 -9999.0 -9999.0 -9999.0 -9999.0 -9999.0 -9999.0 -9999.0 -9999.0 -9999.0 -9999.0 -9999.0
-9999.0 -9999.0 -9999.0 -9999.0 -9999.0 -9999.0 20.3618250119 18.3655253578 18.2874768159 18.7031957145 19.4932147698 134.79667619 283.179399693 301.553051723 316.292460965 13.8722658191 384.843029731 401.504028535 34.2671307037 17.3525460524 71.5590528418 125.286478709 18.4489360925 126.232846468 19.489101622 19.622911681 20.2618595326 -9999.0 -9999.0 -9999.0 -9999.0 -9999.0 -9999.0 -9999.0 -9999.0 -9999.0 -9999.0 -9999.0 -9999.0 -9999.0 -9999.0 -9999.0 -9999.0 -9999.0 -9999.0 -9999.0 -9999.0 -9999.0 -9999.0 -9999.0 -9999.0 -9999.0 -9999.0 -9999.0 -9999.0
-9999.0 -9999.0 -9999.0 -9999.0 -9999.0 -9999.0 41.3248646874 61.0358328786 138.300928876 192.853699496 17.3703013018 17.8187633802 17.4738609846 51.5099488712 383.856328086 14.0538337556 417.198313982 480.707964705 50.0454172863 32.8780971931 141.549161041 17.7637940238 143.903100796 36.330284504 18.5282633424 37.6667306811 40.5395491533 20.5226379148 20.6421833931 20.1335504953 21.6369610975 43.3220039291 -9999.0 -9999.0 -9999.0 -9999.0 -9999.0 -9999.0 -9999.0 -9999.0 -9999.0 -9999.0 -9999.0 -9999.0 -9999.0 -9999.0 -9999.0 -9999.0 -9999.0 -9999.0 -9999.0 -9999.0 -9999.0 -9999.0 -9999.0
-9999.0 -9999.0 -9999.0 -9999.0 -9999.0 22.5237511349 43.6890359576 20.9381659661 41.0733215143 213.499260107 250.897703185 287.673552281 943.69418674 17.1042023994 401.177960003 1480.42041492 1492.53636272 1994.25999673 13.323594158 48.4437870051 157.916244734 16.177853844 348.337147584 187.30314205 115.811751236 97.2565082407 19.9426575765 60.8179898178 60.2324506085 40.1099390372 19.8395042151 63.7508344028 19.9821817921 19.6703783933 -9999.0 -9999.0 -9999.0 -9999.0 -9999.0 -9999.0 -9999.0 -9999.0 -9999.0 -9999.0 -9999.0 -9999.0 -9999.0 -9999.0 -9999.0 -9999.0 -9999.0 -9999.0 -9999.0 -9999.0 -9999.0
-9999.0 -9999.0 -9999.0 -9999.0 -9999.0 22.9201986595 66.8693304046 132.524913979 153.249940093 306.336974549 326.124505731 388.126135311 638.95362645 994.824973387 1031.83765194 1049.31511006 31.5542853988 2050.19168873 2077.92422433 2158.52806496 2731.62607262 398.917513761 366.337335546 133.55464777 17.7658744635 116.455807328 79.5636063926 18.0376829331 78.7793818036 17.758387735 36.7960835709 101.736151386 121.100962135 38.7443630421 19.356544808 18.7913557837 -9999.0 -9999.0 -9999.0 -9999.0 14.022026754 11.9322519486 -9999.0 -9999.0 -9999.0 -9999.0 -9999.0 -9999.0 -9999.0 -9999.0 -9999.0 -9999.0 -9999.0 -9999.0 -9999.0
-9999.0 -9999.0 -9999.0 -9999.0 -9999.0 22.0993580036 21.3644372765 90.0897155804 111.219347817 133.012049389 21.0600631406 41.6945120246 236.904728876 41.4642942523 20.3341911032 18.8258793292 17.0139255139 18.4634509006 17.467268754 18.4397173191 2748.98158856 2798.4077713 16.4056941943 51.4438489508 35.3541239964 133.800602316 36.2859871244 17.4882367711 97.9823751777 34.7018295171 83.5442320638 214.096225123 198.113893246 57.8827496725 57.3055771345 19.3631539356 19.229013603 -9999.0 -9999.0 19.0517672844 32.0693823044 68.9122507214 12.5439319359 -9999.0 -9999.0 -9999.0 -9999.0 -9999.0 -9999.0 -9999.0 -9999.0 -9999.0 -9999.0 -9999.0 -9999.0
-9999.0 -9999.0 -9999.0 -9999.0 -9999.0 -9999.0 23.5150336114 23.8385456926 45.4320868469 67.4256776091 153.209351468 196.161894686 217.482863101 21.31195263 18.5279269496 242.890151662 299.499210097 317.37943479 391.210087435 408.115322148 16.9490744448 2815.53924424 2898.79141805 66.2454621837 11.3407868601 148.606255504 334.179495672 132.866879294 34.0995418721 16.8127509536 331.65755682 231.837085718 17.7058604101 17.4544604947 75.2893631752 56.8847972432 18.535318778 18.1211027932 18.5616912375 37.1945792528 17.8118307166 84.0164844314 101.593849297 16.6017117716 -9999.0 -9999.0 -9999.0 -9999.0 18.5442987523 17.539453625 4.94777259773 -9999.0 -9999.0 -9999.0 -9999.0
-9999.0 -9999.0 -9999.0 -9999.0 -9999.0 -9999.0 -9999.0 23.1429684111 20.281294443 42.8593111891 65.1580161682 21.6137998838 19.5170179948 124.836941335 165.24417454 206.449373179 19.7360971652 38.0303219851 18.8904742262 425.630123756 949.375506968 963.26550874 3895.25589822 16.4684781507 33.1833581175 10.2303894488 350.702328285 16.9266129832 51.2234888227 16.6741316969 349.018664021 366.353848186 35.4680001082 34.648513849 187.613790369 93.8866821408 36.7005940032 18.7761027022 37.0044658896 55.3716495256 90.5463922902 17.2670713593 134.634679165 150.452412693 14.3196045998 15.2696994916 15.6063748833 14.270563185 13.5230647785 51.2914858417 19.6499736672 12.5191106547 -9999.0 -9999.0 -9999.0
-9999.0 -9999.0 -9999.0 -9999.0 -9999.0 -9999.0 -9999.0 -9999.0 42.9741129932 62.0093250723 21.5157785218 43.7767319971 64.9249880756 106.442707985 21.4242668836 20.6860978282 18.4309308458 18.6279169377 17.0838946633 487.73520408 19.6691162702 38.5111763786 3949.69123227 3990.8217089 19.3674572089 71.7318362831 438.112018253 32.3235125808 66.3063000533 31.5319601806 46.484968832 433.113266183 51.2598092349 271.445495123 221.138254619 16.8080829083 90.2229261662 36.3714638073 53.9609066599 16.7621450449 107.488931041 141.139579648 155.276993284 168.748303826 205.147493332 27.5974964222 28.4877388732 26.2691123793 24.6554230122 64.520900502 13.3695720166 45.8711114132 58.2164493057 -9999.0 -9999.0
-9999.0 -9999.0 -9999.0 -9999.0 -9999.0 -9999.0 -9999.0 -9999.0 22.8700682206 107.162235838 128.123273974 20.9587285871 41.3898677114 20.3905685155 19.2834904711 18.9670972503 238.396045472 320.114666249 396.441191376 472.929883962 19.701251872 19.190913341 20.8558876363 4079.98154642 4125.18708349 4144.6563788 590.541915328 131.863600379 114.849967461 15.3325324124 61.6383215172 510.012685941 15.6784098952 287.097489169 16.5060251 115.860424934 108.119029009 17.2866893205 70.8575612002 33.5170315259 49.8958330541 16.008882649 13.2170163015 182.06464857 194.311584177 217.36305826 41.280577513 38.4970115218 36.5663617467 78.5561429963 105.594853422 13.4860911949 70.9880095261 13.1336501567 24.8048402867
-9999.0 -9999.0 -9999.0 -9999.0 -9999.0 -9999.0 -9999.0 -9999.0 -9999.0 23.3445465772 150.16855225 170.707844622 61.9156032266 102.970655211 142.142624117 162.130937013 20.7189880411 62.9434088811 42.1941934648 21.3155625852 21.1021687411 19.34183619 39.3533726039 68.5051737678 25.7318852891 4781.65097661 4802.12768288 18.4086840674 14.1427250688 29.5241948563 43.7518604052 554.208656687 29.9238074337 301.095818294 176.857094877 145.800267365 16.3242380957 33.154395508 86.217304618 15.3320018963 64.7471643198 31.0358668743 22.767211396 9.84510686105 225.59278667 453.400072908 50.8059644539 48.2769724595 48.392270574 11.87928586 117.399800408 11.5186598033 95.6697073247 11.5258519073 36.4816951103
-9999.0 -9999.0 -9999.0 -9999.0 -9999.0 -9999.0 -9999.0 -9999.0 -9999.0 -9999.0 20.9369528048 212.818260674 20.3760144714 40.9006354637 60.1296687511 98.9968144912 20.2753123251 41.9958406965 20.9986755376 19.9497792815 19.2123983748 38.1221671593 17.9127924276 20.5202479775 42.2217511857 24.2064244707 4823.98723203 4862.25496307 4915.91438111 59.1306709379 14.3112926166 28.5176147989 569.095753152 551.391349125 208.183565988 15.3980862562 65.0738960151 49.0084118392 101.623427192 30.6384294645 126.05557078 46.0882648974 35.6266244128 7.1640532989 10.1308785433 466.6380938 478.358709722 587.784836325 85.242653363 24.2652017341 130.092293692 154.043648478 260.984512544 23.1105260244 10.6281767933
-9999.0 -9999.0 -9999.0 -9999.0 -9999.0 -9999.0 -9999.0 -9999.0 -9999.0 -9999.0 -9999.0 10.736821651 235.429970433 19.1191969999 37.9371576776 175.418413709 20.168538338 19.9585776544 17.9907273688 38.3540590066 18.6968368904 75.449281652 110.774265858 127.32891931 58.7294169092 76.0326867799 19.9083509936 22.7459558483 20.8591770005 5008.87506835 5052.70749155 582.708225201 578.604161477 565.104827902 28.310973398 13.899742674 79.2926956169 209.545094962 116.065229753 44.9140262309 185.175643612 71.7570993724 58.195071149 13.5954786122 5.63675066214 5.74009413667 7.07405927951 622.307641729 742.303674041 11.4232420204 11.0752848376 11.2381218942 271.662736826 304.824139978 19.4207756102
-9999.0 -9999.0 -9999.0 -9999.0 -9999.0 -9999.0 -9999.0 -9999.0 -9999.0 -9999.0 -9999.0 9.94498063593 259.875911169 320.334992468 18.9792071767 213.066902367 18.65973638 17.8528992382 35.7135019453 92.1509634373 18.0574698083 19.0537959697 16.9482399611 161.591969901 178.270887372 271.187138798 307.184109001 324.548122367 343.099825775 361.223391949 5433.20423754 6048.87247547 6658.51897321 6672.80318656 14.2722537056 13.4857512155 238.101908069 223.945165305 14.1557463139 14.0566278407 199.141568136 285.432655477 11.8830611434 130.233866776 120.808463181 29.2122699261 14.8665337063 24.4143016466 12.5583803802 764.035992374 11.0161059104 32.6142256932 41.4385712424 373.667660645 398.836712673
-9999.0 -9999.0 -9999.0 -9999.0 -9999.0 -9999.0 -9999.0 -9999.0 -9999.0 -9999.0 -9999.0 21.6245751686 41.9222072285 340.064294048 375.305111844 17.8551957001 249.147396153 16.3264596298 50.001282156 108.390179291 34.5907392781 16.4451743984 34.7227848821 15.7079419849 29.6059649001 13.8614485806 12.8729170836 10.2696746358 9.6768144485 9.63618525878 10.2928686368 14.3938747627 17.8946932786 20.1725250728 6721.10634229 290.883535158 263.943319394 12.226459883 40.7079704518 9.79884995652 8.60296713567 298.430017888 468.91451651 144.912864264 108.724171707 16.8775123778 7.28783156918 6.52020688141 16.431444819 791.531815065 812.731999851 11.0316318585 11.1627757432 9.92162842443 6.79949963859
-9999.0 -9999.0 -9999.0 -9999.0 -9999.0 -9999.0 -9999.0 -9999.0 -9999.0 -9999.0 -9999.0 -9999.0 18.4753533849 253.811452508 647.817103028 704.679888288 971.343946334 988.404385092 242.683015142 176.233652864 51.3803775788 16.1795286512 66.7986385266 82.4289142554 126.20271419 28.459478696 26.7807543983 24.4564092012 48.1340298934 23.370076012 23.4473444601 10.89501272 7.30053756876 9.12369281604 6735.96296717 7035.61925505 7051.02637193 12.3967278052 111.092721792 45.2454326831 13.7257134608 513.376415677 31.5653190957 16.335197777 66.7745482618 13.5716118754 11.5028025129 21.4816718035 30.6075045035 40.7920524049 831.002471307 8.71414321947 7.62937700506 7.62865022027 6.09258317915
-9999.0 -9999.0 -9999.0 -9999.0 -9999.0 -9999.0 -9999.0 -9999.0 -9999.0 -9999.0 -9999.0 19.9307519904 192.779162968 234.61761064 39.170305595 11.5638000597 26.1159917481 1031.19930137 1047.33250277 1305.86851164 14.2820959456 30.2929614489 13.5511324288 13.806244797 140.235516656 182.687103402 222.748095734 13.059375781 61.4717709383 97.8837007689 59.647660303 23.6872023741 17.6678511114 16.302745882 17.0499623504 10.0344072946 7063.13339329 7073.12460797 7204.56284265 24.2461353089 12.4364949075 524.489638397 32.4289243163 16.8641390741 18.3553262342 18.2266616359 16.1071271542 28.3886655212 81.8031114511 133.68653655 973.526626344 6.8034165578 20.3351196443 13.7302475858 11.6606440353
-9999.0 -9999.0 -9999.0 -9999.0 -9999.0 -9999.0 -9999.0 -9999.0 -9999.0 -9999.0 -9999.0 20.4762270975 134.481064207 21.5014712864 18.9380512347 98.4258352262 115.603129061 133.162506202 148.774871907 1768.07801671 1781.65357658 1809.85837401 2023.12498395 2064.72008923 2089.16068382 2103.82389081 2356.03856259 2389.16443777 2403.08474084 2515.70646681 2590.14793033 2603.07609839 2643.76410506 28.3797166571 25.2809182136 6.44535728578 7.22925913653 7084.33550788 7250.89477838 36.5306128475 608.765634005 597.052231375 62.1452451832 14.8494572163 15.1840792751 14.7231058163 14.539609098 29.3408737524 42.3954922476 12.7501392712 982.103027749 991.185393622 1033.11580747 1040.6920263 1059.44720106
-9999.0 -9999.0 -9999.0 -9999.0 -9999.0 -9999.0 -9999.0 -9999.0 -9999.0 -9999.0 -9999.0 69.4106030939 91.8697963658 42.8381166536 63.5926571479 20.4730295813 228.396903334 247.120998484 283.863226187 297.689989596 118.977523347 1951.71055096 1965.10732983 13.431025715 9.96468517291 8.67423751292 19.7947086729 9.31213266178 7.31320632282 6.50319027466 7.53721445597 2614.05117617 2655.52516271 2696.76985038 2733.34484523 2760.05173226 12.0261344316 4.34399997712 7890.84181774 630.592600906 621.152042431 12.8415620289 12.609068002 12.3090310347 27.6045598079 27.1834020878 12.2023136824 12.0954860773 11.0436359523 23.5033978875 31.7083112295 6.10392657101 10.9609389241 4.62504923073 2.76372154034
-9999.0 -9999.0 -9999.0 -9999.0 -9999.0 -9999.0 -9999.0 -9999.0 -9999.0 -9999.0 -9999.0 -9999.0 47.1360155488 22.0604401529 20.4078083824 191.214367404 210.734451935 19.3639822959 74.5943641696 91.5886263953 106.392587636 16.4172500369 13.4308037549 297.866205839 309.616855264 320.602758302 840.219768833 848.716353047 863.066971942 936.308822532 977.899067252 984.031542825 5.79657155115 6.21576382668 6.56102873665 2774.50785529 6.33290870617 8000.5846312 7990.52748469 91.1440620102 79.8119293271 49.2543647443 12.2087680003 24.2156634798 40.0827740098 39.6918296324 24.0665519221 11.5833155517 22.4948208255 21.7098091141 41.3642848332 5.47845167346 16.4444642109 28.3864388515 34.3148445707
-9999.0 -9999.0 -9999.0 -9999.0 -9999.0 -9999.0 -9999.0 -9999.0 -9999.0 -9999.0 -9999.0 -9999.0 24.2212723318 67.1433563733 88.0689621064 150.874352834 19.0815759612 38.7660507788 57.5170998728 216.805832279 231.247287586 241.03735617 255.152050626 271.867356242 436.655256027 484.558878605 510.344253754 9.79561701633 57.4954600181 66.8945493411 958.311796056 992.44896101 1007.49276981 1022.7249129 1036.65144773 3818.6412351 6.85258242908 8030.08200935 14.9385879948 6.60493596602 67.6775596109 58.8721485428 8.07214400182 34.2317376111 50.1977154869 49.7635124016 33.5633522444 54.6784274862 86.0426288159 31.0110842353 81.3014857136 6.66873880197 9.24345754637 2.25280304551 1.79956572147
