data/baseflow/mHMbf_acc514.asc
ncols                  80
nrows                 72
xllcorner      4374000.0
yllcorner      5656000.0
cellsize            500
NODATA_value       -9999
[rows 24 to 47 of 72, columns 0 to 54 of 80]
-9999.0 -9999.0 -9999.0 -9999.0 -9999.0 -9999.0 -9999.0 -9999.0 -9999.0 -9999.0 -9999.0 -9999.0 13.6342026779 35.5026120381 45.858071063 76.6066773186 8.28258878025 17.0133384442 24.9751134084 99.7657147983 105.197398592 108.565940957 113.675001083 120.399703797 197.955754386 216.744050302 225.594803725 2.68394611628 19.0946528252 21.6302614957 396.894164765 404.713615317 408.677446841 412.860059648 415.626388018 1650.36887035 3.89122642278 3532.67259569 2.48309171548 1.01211747064 22.6782168059 20.5693284804 2.23785307268 11.4438723747 17.2360811604 16.9015433121 11.1903540075 18.1847589316 28.6014422234 10.6236245526 27.0321072279 1.76206942499 2.39291365135 0.299388817113 0.230556724946
-9999.0 -9999.0 -9999.0 -9999.0 -9999.0 -9999.0 -9999.0 -9999.0 -9999.0 -9999.0 -9999.0 -9999.0 12.0293366809 23.6737018532 10.584204964 20.9828327208 8.34584372945 68.3410570239 84.0606562224 92.393598435 7.41860255765 13.6257159264 154.514598532 187.480709257 192.481496949 12.846621169 11.4142432185 15.2170387561 1.99150754507 1.66970094856 3.04955292783 1.50787847102 281.370541892 283.192151859 284.393715288 1654.15307723 3548.49125998 3533.59233164 1.43760593307 0.825781669399 0.707648422956 3.67715679109 3.13961345078 12.8813356671 19.5978604872 39.978975272 3.44416646258 3.41241368367 30.960517528 33.3855182006 65.0695794975 66.2197308305 68.9471485061 69.5004011461 0.496016569401
-9999.0 -9999.0 -9999.0 -9999.0 -9999.0 -9999.0 -9999.0 -9999.0 -9999.0 -9999.0 -9999.0 -9999.0 -9999.0 10.476440002 21.3121844272 32.468305826 50.5030767037 9.51511149302 8.23114048047 72.1036769837 79.4188825295 142.504417821 150.600717554 21.7525326325 7.04587522794 6.14847577081 5.52012956036 270.442993357 273.100470477 275.233146544 276.787508582 279.789213828 27.2326093951 29.2287835152 315.512930542 5520.06821766 9.56082348218 6.804293018 2.60969709631 0.788962679667 0.550735306389 5.02104477306 5.38402839054 13.8285241943 0.475274180015 40.7067803615 4.83612699453 4.68896052774 0.460608385124 0.26455432222 0.237738219063 0.430291407821 0.264355411317 69.7779204392 972.367016952
-9999.0 -9999.0 -9999.0 -9999.0 -9999.0 -9999.0 -9999.0 -9999.0 -9999.0 -9999.0 -9999.0 -9999.0 -9999.0 -9999.0 9.98871820643 23.0173879007 35.2094455714 47.4217707942 55.7204156887 64.4389410427 24.7000584873 41.5828719619 7.78252418278 7.13625558206 238.899627357 252.774401288 259.091727181 265.962069706 4.33699000396 7.10289195936 19.8591114942 22.6236452575 24.8730429925 2.5625294703 2.58768987399 5528.64590251 2.94095557807 3.14449938217 1.58290173766 3.7052527255 1.6153659399 1.09995631998 20.0678642249 21.4227495104 0.532412094958 41.4691728385 46.6549638791 5.2038417001 992.701378909 991.991932013 991.432577973 989.951717866 989.111111205 975.324235557 974.424600819
-9999.0 -9999.0 -9999.0 -9999.0 -9999.0 -9999.0 -9999.0 -9999.0 -9999.0 -9999.0 -9999.0 -9999.0 -9999.0 -9999.0 4.17586997547 8.88180305102 12.456325879 132.702435525 141.043893069 8.64047894221 8.43062344821 8.35759773228 208.860481281 225.015638831 7.82218881518 7.91047758053 5.70584670876 24.2370247355 30.2261300935 13.2998486354 16.3526543157 145.011907846 148.343260633 156.33260824 241.135049157 5772.2353663 3.37118103642 1.2459380115 6.00683244426 4.84988421271 0.968988235982 3.15708917727 4.17705929011 22.5628706219 23.5315798563 71.6294534862 46.9190053199 5.51469430744 1009.51472188 7.38753189905 990.894778173 990.466756253 12.9650659278 0.786819583236 0.777236660269
-9999.0 -9999.0 -9999.0 -9999.0 -9999.0 -9999.0 -9999.0 -9999.0 -9999.0 -9999.0 -9999.0 -9999.0 -9999.0 -9999.0 20.7207986611 34.2309774186 68.083303787 121.723969924 153.562350755 176.50606424 184.818511432 193.441115103 201.833572724 7.71020764936 6.72990667307 13.0017913509 12.0852870384 6.49803040621 127.141229976 132.877142252 138.080562902 142.890003532 73.3606595241 75.385333846 80.8605095564 5774.4038266 6.23402749456 4.52559311209 11.3784275933 1.05369814201 2.87773514857 1.73865220942 0.922378037071 5.46172819161 0.71639775259 0.754646489298 1085.67532117 1013.50616488 1012.73602062 3.43965170286 6.98118172992 4.03584472411 0.589993308344 10.6823934008 2.25071621668
-9999.0 -9999.0 -9999.0 -9999.0 -9999.0 -9999.0 -9999.0 -9999.0 -9999.0 -9999.0 -9999.0 -9999.0 -9999.0 -9999.0 14.4738651689 14.0500636301 27.8625170224 41.3283026661 11.8220366596 10.8310573513 19.6183665984 28.0279361006 43.8763250783 51.6614237512 58.38425243 78.4803311619 84.6106206213 91.610590478 5.9227980632 60.8855363094 65.2111902613 68.4913103955 2.17119919677 1.03296896773 1.68453790217 5856.78289071 5858.8218603 5869.09067851 14.516264737 2.21342296197 4.25684437508 0.925527605852 1.6524865702 6.32622240818 7.67358936951 1.35145922277 1089.49450492 1.4950053354 1.92662710271 2.05758093454 1.85092052712 2.805787742 1.13635609351 8.10486690886 5.78679267853
-9999.0 -9999.0 -9999.0 -9999.0 -9999.0 -9999.0 -9999.0 -9999.0 -9999.0 -9999.0 -9999.0 -9999.0 -9999.0 -9999.0 -9999.0 13.5755327762 26.4608720229 12.1565077054 25.3863946815 153.143101357 162.178624583 169.989389593 7.87338810383 7.87838405146 14.5227419411 21.3842181207 33.0502276646 39.2451364625 43.7892038602 49.3196425738 4.08399146904 3.0758977176 73.9167438111 75.4923629831 76.7178076445 78.4591209519 65.1828281574 5941.39783127 5965.78837226 5966.75272144 5971.80845746 5976.12709512 5978.57958615 0.685846819494 8.31606760632 1090.12439296 1.44674473924 0.745558557256 1.26579686894 1.31741430857 2.08484977472 1.35439051375 0.825744916945 1.45154918637 1.11064794346
-9999.0 -9999.0 -9999.0 -9999.0 -9999.0 -9999.0 -9999.0 -9999.0 -9999.0 -9999.0 -9999.0 -9999.0 -9999.0 -9999.0 -9999.0 -9999.0 39.187538373 51.4022175989 89.3310823979 115.216035961 13.0607167695 192.566692209 200.096005642 206.979575696 6.91767663892 13.4420410066 5.78003224066 44.725947872 48.1338499024 53.8688100759 59.556329089 70.0816942402 72.4540985023 1.37845181025 57.5660378948 61.2744219354 63.5029830694 70.2360357634 8.08762506729 4.8280469404 2.43476883126 2.17714865057 5981.34858045 5982.62581791 5996.78631203 1090.8030969 4.62587775976 2.58877763832 1.84855256713 0.441576392773 5.01978298445 2.34604163948 0.715163370642 4.02739307004 3.45706332044
-9999.0 -9999.0 -9999.0 -9999.0 -9999.0 -9999.0 -9999.0 -9999.0 -9999.0 -9999.0 -9999.0 -9999.0 -9999.0 -9999.0 -9999.0 -9999.0 13.0744392517 64.2762781388 77.5965548273 13.0029658821 8.33299706681 17.3905844079 25.4105510333 239.65200451 6.8042886842 27.4965651267 33.6147707188 39.5906665209 3.8958201523 8.7813002544 10.5251243437 45.6680005395 50.2454071065 52.4267268609 1.98972441315 1.53313241355 1.47232811665 2.72251573619 1.03087040873 1.05128313905 1.55702971608 1.17060088243 1.48164050006 5.05572715487 5998.10381654 7092.01669213 5.90483412717 1.32222076749 0.563764286561 14.9596230824 13.9649085081 8.09371784349 7.18233744343 5.18947361934 1.43685560563
-9999.0 -9999.0 -9999.0 -9999.0 -9999.0 -9999.0 -9999.0 -9999.0 -9999.0 -9999.0 -9999.0 -9999.0 -9999.0 -9999.0 -9999.0 11.7017310489 36.3590471626 11.6928550488 11.2821712895 9.38557433399 17.9284126736 26.2531362802 35.0310789357 284.972647935 291.2616668 6.54630618922 12.489416027 18.5336101093 22.4647852581 26.3216117761 38.7081937131 43.5897033496 1.85389618266 1.67141992238 1.27947589967 1.25637503056 1.57254893731 1.74530985775 1.61141284739 1.90983944929 6.74992127201 3.02374516555 1.75080243128 1.71832950699 1.1428526978 2.04796328927 7150.62244906 51.970817869 20.0810229889 3.21686626359 1.57670464197 0.848336155804 2.33647193685 1.39428959493 0.623104611797
-9999.0 -9999.0 -9999.0 -9999.0 -9999.0 -9999.0 -9999.0 -9999.0 -9999.0 -9999.0 -9999.0 -9999.0 -9999.0 -9999.0 12.281224746 23.794822848 83.1716530919 11.043628182 23.2879479728 32.1477793704 40.1974388451 8.66920965848 15.8873159458 26.0128172284 326.738506952 6.02178126946 11.4325058021 17.0069981424 5.07760798515 9.82986229025 11.4533785521 15.160428029 508.108106297 511.765802904 515.24769618 532.377457787 536.475573803 547.755563428 3.45205328124 7.28859131362 8.33915686795 582.707757107 585.477568607 1.53945336978 2.24508502323 2.93951958885 7151.84928862 49.9537121395 25.3147949514 23.2164986073 18.8434399357 16.1689571445 3.08260605223 0.869181779748 1.26250479456
-9999.0 -9999.0 -9999.0 -9999.0 -9999.0 -9999.0 -9999.0 -9999.0 -9999.0 -9999.0 -9999.0 -9999.0 -9999.0 -9999.0 12.512743308 38.0382077223 133.754300783 198.481228802 9.77786358276 256.989458977 307.758590127 7.69887311601 14.6540201616 23.9049596582 396.507348329 404.469934796 4.664448842 26.437814746 30.6522127436 33.9552343993 481.707293044 487.205029659 491.608944492 2.23742887378 12.2484533506 14.5625824081 5.92796730878 8.38566754407 559.110654944 569.899821001 571.741613867 573.444474151 587.304059716 0.885778367846 0.777768293571 4.43797003199 7153.42395538 2.36274380514 0.877360490988 2.6681645062 1.16119634051 13.8825475928 12.4347736687 7.61060348685 5.02696209813
-9999.0 -9999.0 -9999.0 -9999.0 -9999.0 -9999.0 -9999.0 -9999.0 -9999.0 -9999.0 -9999.0 -9999.0 -9999.0 -9999.0 -9999.0 -9999.0 26.6673587948 53.5062513173 234.279098164 246.921079032 318.842537714 329.722310778 7.71683529901 15.4472101184 36.7153851088 413.246499827 423.813414323 427.677468804 3.0855417923 440.415620585 445.858171872 3.6623519652 2.29212732688 4.16867002547 8.13586535994 2.01471675523 3.90038469489 7.94760252423 9.89108548774 1.97579947364 1.20281823483 2.33000083017 595.940887367 598.481527104 599.137722883 605.659890478 7154.72045544 1.79023927034 0.487585946629 0.662641559943 0.661440676413 0.691786858006 0.587873220293 1.05464525876 0.964361048501
-9999.0 -9999.0 -9999.0 -9999.0 -9999.0 -9999.0 -9999.0 -9999.0 -9999.0 -9999.0 -9999.0 -9999.0 -9999.0 -9999.0 -9999.0 -9999.0 13.9106358312 13.5250813601 12.9947627107 24.5307630647 10.5979784242 350.983418874 360.839920217 7.5368604599 14.2216195317 6.3468154791 5.01121165382 4.78607984617 434.832188367 1.62383655707 3.45177881457 2.12494450667 2.24585450868 1.96434414838 1.4236768275 1.50626562694 4.68186407017 6.5042443909 1.17645290853 0.990526658476 2.23137935514 3.88755709837 4.84716286042 1.24127490551 600.342356384 606.393123458 7155.73219836 4.89356538246 1.08329144624 0.303960874363 0.896641428394 0.244081374239 0.186772983006 1.26817015238 4.54265862101
-9999.0 -9999.0 -9999.0 -9999.0 -9999.0 -9999.0 -9999.0 -9999.0 -9999.0 -9999.0 -9999.0 -9999.0 -9999.0 -9999.0 -9999.0 -9999.0 -9999.0 -9999.0 13.3776894639 36.4470251737 46.5533159414 56.9610111205 371.160290065 381.537723354 391.258188551 400.306799342 404.903190897 414.541259818 416.05249138 417.487472815 418.751804445 1.82157467673 1.68278138791 1.84420442708 6.40378085396 1.75766343166 1.65707413646 1.19176422808 3.47433108721 1.44683294449 1.05349801025 0.952972067194 0.784087982777 1.56389004785 2.27836017345 611.142471897 7772.71833123 1.92867123976 3.22814970238 0.209867327589 1.16594784748 0.548533802712 0.375899977668 9.50113649268 7.62306523402
-9999.0 -9999.0 -9999.0 -9999.0 -9999.0 -9999.0 -9999.0 -9999.0 -9999.0 -9999.0 -9999.0 -9999.0 -9999.0 -9999.0 -9999.0 -9999.0 -9999.0 -9999.0 -9999.0 10.7255508144 87.6075635324 168.147935614 178.538621364 11.7885486426 19.4859063407 26.0555117998 30.984888713 65.7520755835 67.529420691 1.75162058571 1.71193611748 422.539525789 425.692533477 427.156256385 7.48879826473 0.958043509852 2.66428132906 3.85807659205 11.6313167433 14.3067125375 16.3035927395 1.78052000033 2.4582550122 0.848728317022 1.7165604816 0.90991865046 7774.30939907 1.48405869275 6.3139003029 1.45615435024 3.00093012073 12.0453622291 13.1880603633 23.5759952404 6.28509274085
-9999.0 -9999.0 -9999.0 -9999.0 -9999.0 -9999.0 -9999.0 -9999.0 -9999.0 -9999.0 -9999.0 -9999.0 -9999.0 -9999.0 -9999.0 -9999.0 -9999.0 -9999.0 12.2585497026 39.43582569 77.0316711783 100.380042158 250.409880034 261.569190614 13.9890138793 20.6463144723 25.9870364169 30.7733269294 68.9785560328 72.3543641181 119.256111806 122.450841806 124.133566553 428.639889231 439.822793924 2.47746383182 1.82060926521 1.69369103415 3.22778004927 1.44346892455 19.0881539884 20.0284679733 3.22990710828 4.03955319338 1.02844912923 1988.72924586 1990.75865495 9766.28116219 9774.60157875 1.85235181644 6.88589016787 4.14707591157 2.9053163778 27.4448222067 34.5828456058
-9999.0 -9999.0 -9999.0 -9999.0 -9999.0 -9999.0 -9999.0 -9999.0 -9999.0 -9999.0 -9999.0 -9999.0 -9999.0 -9999.0 -9999.0 -9999.0 -9999.0 -9999.0 -9999.0 14.2333210641 13.8623912646 25.8733564649 61.1184708741 272.619089856 7.24709189621 7.13036161816 12.4088879913 17.8373698689 40.1007283194 42.2593791448 1.60971571243 2.23073235187 126.329957338 127.91576199 569.167677917 570.487371956 0.817557535027 0.702057544022 0.588091963713 0.594666912256 0.682889659597 1970.67591222 1976.93808626 1981.76588897 1983.62927263 1987.91418037 1.12702721259 4.04533091169 4.84332986273 9781.68716557 9782.56387439 9783.23830776 9783.83209745 9784.54430051 35.683894516
-9999.0 -9999.0 -9999.0 -9999.0 -9999.0 -9999.0 -9999.0 -9999.0 -9999.0 -9999.0 -9999.0 -9999.0 -9999.0 -9999.0 -9999.0 -9999.0 -9999.0 -9999.0 -9999.0 -9999.0 12.4515423656 13.1678783439 24.252546591 319.738812628 329.843998825 6.90805739516 12.1823540556 17.795545024 20.635562133 2.25729877297 4.63176421871 617.337259192 618.951284391 620.607938546 633.505927894 1205.33594107 1932.40374183 1934.52662062 1936.46169155 1938.28844377 1946.8400516 1949.71798439 5.48060844005 2.3530014529 1.54875417245 2.85521852085 2.00512968827 3.24214129316 1.02350133603 22.7852964312 28.554785487 33.3061120919 33.6534769077 9784.87588648 9821.33315006
-9999.0 -9999.0 -9999.0 -9999.0 -9999.0 -9999.0 -9999.0 -9999.0 -9999.0 -9999.0 -9999.0 -9999.0 -9999.0 -9999.0 -9999.0 -9999.0 -9999.0 -9999.0 -9999.0 -9999.0 -9999.0 12.7028356795 24.2902016681 35.9679502044 339.305373085 8.13271099697 449.392066861 455.181339107 457.342825745 459.863258552 607.011943949 610.081492359 1.82486522499 9.65672925835 11.680589589 1.98432335415 725.013262068 721.484630832 0.999238810815 2.45460343448 6.92012356754 1.59781567876 1.79792178983 1.19839365167 1.01066158804 0.731690813388 0.932614176989 19.5166123001 20.549015656 21.877587811 4.79927697041 3.79650664169 35.7866745033 36.4959010791 36.7508316209
-9999.0 -9999.0 -9999.0 -9999.0 -9999.0 -9999.0 -9999.0 -9999.0 -9999.0 -9999.0 -9999.0 -9999.0 -9999.0 -9999.0 -9999.0 -9999.0 -9999.0 -9999.0 -9999.0 -9999.0 -9999.0 11.3899482714 10.6630578169 55.5274242694 416.476663196 435.346961571 444.285520589 5.46913573365 140.404490091 142.546561292 143.754174314 2.61145975284 4.80223033352 6.63723879033 165.361883945 166.753211334 167.936142414 719.331555261 463.860280228 1.42031001963 1.54223395176 1.43911804179 1.0886377951 11.6859104056 14.0819376772 16.1148414289 17.3280705545 18.4805512662 139.600755073 140.375059363 141.311475587 143.299026818 153.052902002 153.399294693 190.520080059
-9999.0 -9999.0 -9999.0 -9999.0 -9999.0 -9999.0 -9999.0 -9999.0 -9999.0 -9999.0 -9999.0 -9999.0 -9999.0 -9999.0 -9999.0 -9999.0 -9999.0 -9999.0 -9999.0 -9999.0 -9999.0 -9999.0 22.2913712645 34.2035774402 11.2154612745 7.09706628473 123.619194907 129.322068759 132.514201528 35.0380736909 36.4779682766 38.1457944387 40.027208288 162.074350333 164.224412078 83.2857627504 252.83915242 254.304397974 462.815656162 3.02546564135 1.56527129456 0.980501749479 8.08474310273 9.55451385793 0.805843042528 0.73687905457 135.587163271 137.728519021 138.859057345 0.934565818748 1.40864062032 151.572022285 0.804807593453 2.98707435223 3.2626296395
-9999.0 -9999.0 -9999.0 -9999.0 -9999.0 -9999.0 -9999.0 -9999.0 -9999.0 -9999.0 -9999.0 -9999.0 -9999.0 -9999.0 -9999.0 -9999.0 -9999.0 -9999.0 -9999.0 -9999.0 -9999.0 -9999.0 11.2246588155 22.1608508462 91.0578035254 102.297564744 110.636226768 29.4047442684 33.5255743475 1.7607808561 117.211769048 118.665229616 120.087796205 1.72194954033 79.3992515678 81.6670127847 1.55061859331 454.924716825 3.46340996673 1.71696011664 4.43547622831 6.00777724489 1.13137930671 0.864467336911 124.719671924 133.634583191 134.979223094 1.32747754977 2.71283244749 3.3609021665 3.95646264957 7.6751447955 1.07517475253 2.47606920075 0.466830349655
