data/baseflow/mHMbf_acc490.asc
ncols                  80
nrows                 72
xllcorner      4374000.0
yllcorner      5656000.0
cellsize            500
NODATA_value       -9999
[rows 0 to 24 of 72, columns 0 to 54 of 80]
-9999.0 -9999.0 -9999.0 -9999.0 -9999.0 -9999.0 -9999.0 -9999.0 -9999.0 -9999.0 -9999.0 -9999.0 16.4730478874 18.681259926 -9999.0 -9999.0 -9999.0 -9999.0 -9999.0 -9999.0 -9999.0 -9999.0 -9999.0 -9999.0 -9999.0 -9999.0 -9999.0 -9999.0 -9999.0 -9999.0 -9999.0 -9999.0 -9999.0 -9999.0 -9999.0 -9999.0 -9999.0 -9999.0 -9999.0 -9999.0 -9999.0 -9999.0 -9999.0 -9999.0 -9999.0 -9999.0 -9999.0 -9999.0 -9999.0 -9999.0 -9999.0 -9999.0 -9999.0 -9999.0 -9999.0
-9999.0 -9999.0 -9999.0 -9999.0 -9999.0 -9999.0 -9999.0 -9999.0 -9999.0 -9999.0 -9999.0 -9999.0 31.9806632303 82.3660197573 15.8167278965 -9999.0 14.7281594111 -9999.0 -9999.0 -9999.0 -9999.0 -9999.0 -9999.0 -9999.0 -9999.0 -9999.0 -9999.0 -9999.0 -9999.0 -9999.0 -9999.0 -9999.0 -9999.0 -9999.0 -9999.0 -9999.0 -9999.0 -9999.0 -9999.0 -9999.0 -9999.0 -9999.0 -9999.0 -9999.0 -9999.0 -9999.0 -9999.0 -9999.0 -9999.0 -9999.0 -9999.0 -9999.0 -9999.0 -9999.0 -9999.0
-9999.0 -9999.0 -9999.0 -9999.0 -9999.0 -9999.0 -9999.0 -9999.0 -9999.0 -9999.0 13.9305113624 13.2551335895 14.3377953645 14.2182580904 108.342507521 122.876684938 41.1776142104 13.1571687537 -9999.0 -9999.0 -9999.0 -9999.0 -9999.0 -9999.0 -9999.0 -9999.0 -9999.0 -9999.0 -9999.0 -9999.0 -9999.0 -9999.0 -9999.0 -9999.0 -9999.0 -9999.0 -9999.0 -9999.0 -9999.0 -9999.0 -9999.0 -9999.0 -9999.0 -9999.0 -9999.0 -9999.0 -9999.0 -9999.0 -9999.0 -9999.0 -9999.0 -9999.0 -9999.0 -9999.0 -9999.0
-9999.0 -9999.0 -9999.0 -9999.0 -9999.0 -9999.0 -9999.0 -9999.0 -9999.0 13.1021685965 27.2331113871 54.0126379396 27.2598010486 13.0989067697 25.6291802736 134.890092025 205.883096249 14.7851393677 -9999.0 13.6474188419 -9999.0 -9999.0 -9999.0 -9999.0 28.3314729533 14.396145208 -9999.0 -9999.0 -9999.0 -9999.0 -9999.0 -9999.0 -9999.0 -9999.0 -9999.0 -9999.0 -9999.0 -9999.0 -9999.0 -9999.0 -9999.0 -9999.0 -9999.0 -9999.0 -9999.0 -9999.0 -9999.0 -9999.0 -9999.0 -9999.0 -9999.0 -9999.0 -9999.0 -9999.0 -9999.0
-9999.0 -9999.0 -9999.0 -9999.0 -9999.0 -9999.0 -9999.0 -9999.0 15.8451719676 43.3165691373 56.0297997938 68.9325936019 93.7903009474 11.9341414868 48.6964938347 60.1378345689 292.47292721 11.9998857147 10.1939418657 25.0678792336 36.1551549876 11.7361403883 -9999.0 73.3517163529 59.8885200282 16.2418950204 -9999.0 -9999.0 -9999.0 -9999.0 -9999.0 -9999.0 -9999.0 -9999.0 -9999.0 -9999.0 -9999.0 -9999.0 -9999.0 -9999.0 -9999.0 -9999.0 -9999.0 -9999.0 -9999.0 -9999.0 -9999.0 -9999.0 -9999.0 -9999.0 -9999.0 -9999.0 -9999.0 -9999.0 -9999.0
-9999.0 -9999.0 -9999.0 -9999.0 -9999.0 -9999.0 15.2910086827 13.4015435567 13.0122864259 13.3845816631 13.8937015509 97.2046805705 204.302584787 217.23806675 226.964349363 9.22205998508 313.323122588 323.828044214 22.5939337469 11.29961636 46.9748390536 81.3196694473 12.1325602753 110.749244547 11.5830688215 12.3210218183 12.0309432767 -9999.0 -9999.0 -9999.0 -9999.0 -9999.0 -9999.0 -9999.0 -9999.0 -9999.0 -9999.0 -9999.0 -9999.0 -9999.0 -9999.0 -9999.0 -9999.0 -9999.0 -9999.0 -9999.0 -9999.0 -9999.0 -9999.0 -9999.0 -9999.0 -9999.0 -9999.0 -9999.0 -9999.0
-9999.0 -9999.0 -9999.0 -9999.0 -9999.0 -9999.0 30.9216694852 45.3708608169 101.571658722 140.132914661 11.7880998068 12.4445618086 11.8559387853 35.3902480189 272.658724833 8.95447963272 334.065538495 381.959563441 36.737246351 21.1462585483 91.398729061 11.1796240279 121.601459606 21.2292168098 10.530990727 22.4117557257 23.8572600209 12.4251201513 12.9251860671 12.4089650589 13.8415559316 27.6374442437 -9999.0 -9999.0 -9999.0 -9999.0 -9999.0 -9999.0 -9999.0 -9999.0 -9999.0 -9999.0 -9999.0 -9999.0 -9999.0 -9999.0 -9999.0 -9999.0 -9999.0 -9999.0 -9999.0 -9999.0 -9999.0 -9999.0 -9999.0
-9999.0 -9999.0 -9999.0 -9999.0 -9999.0 17.3005717117 33.2743838032 15.8263806372 30.4099958615 155.109463391 181.009451942 206.606306314 689.751740048 12.3874103565 284.010058973 1071.71710619 1081.51260339 1482.16189481 12.0030320301 31.2969183867 101.544553826 10.0184207665 242.994080528 110.920152643 68.206450399 57.4116543929 11.5637163424 36.7355819933 37.2475372277 24.7464096755 12.0201310054 40.1514275027 11.9639602187 11.6718977979 -9999.0 -9999.0 -9999.0 -9999.0 -9999.0 -9999.0 -9999.0 -9999.0 -9999.0 -9999.0 -9999.0 -9999.0 -9999.0 -9999.0 -9999.0 -9999.0 -9999.0 -9999.0 -9999.0 -9999.0 -9999.0
-9999.0 -9999.0 -9999.0 -9999.0 -9999.0 17.4772959843 50.7004792123 100.483523559 115.677688788 229.256474004 243.217959169 287.779961697 471.678766495 731.236784582 756.48275877 768.20985358 20.4925158138 1521.76513915 1544.73947206 1598.5619747 1984.19791897 274.165471017 254.025578321 79.0154279265 10.5546857779 68.2370450146 46.9851694751 9.74397378673 47.9931266762 10.9629396567 24.9053640357 64.5780009185 75.9137857753 22.742891844 11.0251667626 10.7435351672 -9999.0 -9999.0 -9999.0 -9999.0 13.9844441284 12.6689540446 -9999.0 -9999.0 -9999.0 -9999.0 -9999.0 -9999.0 -9999.0 -9999.0 -9999.0 -9999.0 -9999.0 -9999.0 -9999.0
-9999.0 -9999.0 -9999.0 -9999.0 -9999.0 16.810934596 15.9938342266 67.2117928752 82.8310550394 99.041076472 15.2632160616 30.064048211 173.251251748 33.0137591088 13.9903464791 12.1859787901 10.7015524842 14.1465545593 13.9575949066 12.0253831392 1994.908785 2025.03803522 9.87534766438 30.6530877287 20.9822000722 78.2061579544 19.7447861122 9.38926467039 58.8902618728 21.9822642976 55.3061455996 129.95725739 120.597750209 33.5139532499 32.1640122227 11.2128657253 10.979179355 -9999.0 -9999.0 10.7775945038 28.2950919479 67.4412981837 13.3415883899 -9999.0 -9999.0 -9999.0 -9999.0 -9999.0 -9999.0 -9999.0 -9999.0 -9999.0 -9999.0 -9999.0 -9999.0
-9999.0 -9999.0 -9999.0 -9999.0 -9999.0 -9999.0 17.7578829252 17.7423987875 33.556782182 49.773169433 112.386383507 143.423804286 159.911378603 18.674870666 12.0506185339 167.545672379 203.586759806 214.572053202 261.388282398 271.81102562 10.3920080899 2035.55021994 2084.72365242 38.9970369633 6.1517836763 86.4233651974 192.09194581 77.3058021281 18.8154722094 9.53216043224 204.432353348 139.973043259 9.5059998611 9.53131897673 41.9437118534 32.43799216 10.0022700208 9.4232355935 10.4151063514 20.9107350654 9.84895509054 82.2149669685 91.3636657304 8.44929488724 -9999.0 -9999.0 -9999.0 -9999.0 9.50371940864 8.90102345543 2.84767087047 -9999.0 -9999.0 -9999.0 -9999.0
-9999.0 -9999.0 -9999.0 -9999.0 -9999.0 -9999.0 -9999.0 17.0264301185 14.8297960717 31.6392175275 48.0003142679 15.6168318459 15.4553593375 90.723213847 117.065025873 144.197335694 12.6932257948 24.3364519716 12.2033411071 282.7702075 631.634000771 645.329117746 2752.71266421 9.76493870872 17.7237908108 5.42349616625 200.991741318 9.26545956757 28.511773525 9.3470470792 213.795473343 223.185430438 19.1395641447 18.9675880974 105.178930237 52.8415745042 19.5896502104 10.1395913498 20.7375254736 31.061594609 50.096970649 8.98316889178 108.259712507 116.666311128 7.68218106535 8.22493409411 8.40715756805 7.66248806678 7.27990361373 26.0688805488 10.1612324463 6.22969335296 -9999.0 -9999.0 -9999.0
-9999.0 -9999.0 -9999.0 -9999.0 -9999.0 -9999.0 -9999.0 -9999.0 33.0185529347 46.553605508 15.3811318083 31.5300493863 46.0791422794 76.9141199937 14.5777424808 13.8449322559 11.5067078241 11.6400865401 10.3860083632 326.600963442 12.3075809451 23.7465353766 2791.91926988 2818.78513037 9.92978353617 37.4381459708 246.923822288 18.1650949369 36.7780286969 16.9635688376 25.1334234462 258.995318618 27.6313387571 150.714766986 123.573924376 9.54568608828 48.883437218 19.8554150328 30.0640076173 9.21329144806 58.8589657437 76.1897633012 83.7709008995 90.9946910273 146.14584983 14.8946640929 15.3756650425 14.1849285898 13.403185881 32.7245363526 6.62892637782 23.1799383413 29.2969145817 -9999.0 -9999.0
-9999.0 -9999.0 -9999.0 -9999.0 -9999.0 -9999.0 -9999.0 -9999.0 16.8860165539 79.6868488784 94.4860987533 14.7785286199 28.7026414459 13.8742024003 12.4782137916 12.2347405417 156.031616484 206.232594598 257.399989048 312.04786911 13.2991962652 11.7995929106 11.5040461619 2877.38727123 2910.12069514 2921.67352414 330.112933983 72.6000794403 63.3599788393 7.71205458331 32.8164970637 299.78235125 7.89608307568 158.776193365 9.06937559046 64.8546301289 58.9109771558 9.52741642332 39.3536772827 18.420629235 27.3762575613 8.22783131759 6.97500434835 98.1368404338 104.768861393 152.761674205 22.2986007052 20.8210733131 19.776988254 39.7045952761 53.0894194475 6.67141158637 35.7274859444 6.91564484225 13.1616555434
-9999.0 -9999.0 -9999.0 -9999.0 -9999.0 -9999.0 -9999.0 -9999.0 -9999.0 17.2341138413 110.318341522 124.559026742 42.5842182833 70.1770532878 95.2809385348 107.989713791 13.2120853807 38.5995916283 25.9145110556 13.73596415 13.0925760416 11.3993494964 22.2141333937 37.9782019023 14.5295611387 3278.88508486 3289.01944132 9.4218042491 7.19053604953 15.6890059366 23.5122357414 323.12742226 15.5927731536 165.88742253 98.3437744869 81.5858924163 8.93940756605 18.2096519378 47.7444989272 8.37531287738 35.4839822871 16.1695454359 10.9335879504 3.91525791738 119.218528366 277.774520461 27.6806232213 26.2695019266 25.6761274436 5.88462574595 58.9172041401 5.69968252005 48.1398096569 6.24724318064 19.4384076994
-9999.0 -9999.0 -9999.0 -9999.0 -9999.0 -9999.0 -9999.0 -9999.0 -9999.0 -9999.0 14.4731185471 153.651743316 13.712588753 27.2870127912 39.3246669622 62.7473582158 11.925370543 24.970132693 12.2781544917 11.2299885118 10.5261403487 20.7609392592 9.30609541408 10.2441969343 21.0719720871 12.3636933464 3301.4725634 3321.99804911 3349.65238243 31.4037701247 7.99467429706 15.9370676747 331.451614187 303.612401018 115.497267549 8.47893355753 35.6763561674 26.8840657884 56.1610488793 16.7376505409 68.0674293015 24.2753396793 17.3523416931 2.70423919701 4.31193891276 284.647002593 291.120189909 350.764190366 44.0614409882 12.1273508928 65.1865438911 77.000361234 130.715787556 12.2919393494 5.77355084355
-9999.0 -9999.0 -9999.0 -9999.0 -9999.0 -9999.0 -9999.0 -9999.0 -9999.0 -9999.0 -9999.0 8.91611491341 172.942768554 14.4493553708 26.1499287482 111.695345063 11.6509466542 11.475542284 10.0629506597 22.0103803351 11.028800845 42.590279604 61.1335881126 69.5294944969 29.0338075033 37.4467940383 9.6652852048 11.1253049856 11.4868817366 3401.50201579 3426.53275886 338.574211402 318.027221278 310.899231969 14.683882818 7.12991010089 43.5241619895 115.488298483 64.1339929313 24.6217928761 100.405282479 33.9145496728 26.5995671157 5.25202422674 2.2160793114 2.02183865829 2.63032662172 365.921962081 428.530749101 5.97354288209 5.516432757 5.94992792393 136.571043096 154.327794448 10.3409534378
-9999.0 -9999.0 -9999.0 -9999.0 -9999.0 -9999.0 -9999.0 -9999.0 -9999.0 -9999.0 -9999.0 8.28216305646 192.29323076 232.939651885 11.9094260787 135.083389926 10.5457303321 10.0092723709 20.6796648966 53.5823623988 10.5914390382 11.2701126976 9.13323100931 87.4998844733 96.0754998828 142.82742626 159.878169844 167.790478127 176.999208251 185.825865112 3623.25414458 3977.50666135 4311.39870977 4320.88728561 7.24546359089 7.25319918669 131.244713519 123.429206423 7.82162535445 7.89046284519 109.813139668 151.499884296 6.07889173137 63.2916622161 59.0364499072 12.2300551081 5.88299286966 10.0270891236 6.79928045329 440.691599614 6.11216451581 16.8003550005 21.7985034403 189.152186053 201.761011094
-9999.0 -9999.0 -9999.0 -9999.0 -9999.0 -9999.0 -9999.0 -9999.0 -9999.0 -9999.0 -9999.0 15.1952173463 28.6803892796 245.936241519 267.897140902 11.0012016547 159.617613682 8.86177366063 27.828205603 63.1384572419 20.3036173139 9.65873492037 19.8691828664 7.88610657684 15.5310968739 7.91852254336 6.83321962151 4.92959247286 4.24588740519 3.40723189815 3.08078803689 4.75170024691 6.88345733124 9.77794730266 4346.97439179 161.372099999 146.056995528 6.95654258961 22.6311444659 5.57455138547 6.000441199 158.729391377 243.401071363 71.2041084215 54.1578577307 7.54012561049 3.03220741619 2.63781449889 7.74612231547 454.738307757 466.816353414 6.2591719154 6.33698738634 4.24047038056 2.47183973676
-9999.0 -9999.0 -9999.0 -9999.0 -9999.0 -9999.0 -9999.0 -9999.0 -9999.0 -9999.0 -9999.0 -9999.0 12.1058446083 173.943983199 453.759965459 490.622045422 661.313472502 675.04481282 144.138246359 103.173266088 30.1661045037 9.4990190197 38.5440891122 47.4275271982 71.0450181144 16.2329431811 14.5823416432 12.8269432542 24.7496310312 10.9481419351 10.138798472 5.16953277746 2.86306980927 2.8075274386 4354.69497426 4521.66173662 4531.76373223 7.36750056177 63.7651708308 26.6977899108 7.71966321604 267.498400217 17.0511196249 8.84006537466 35.7108145859 6.59373770524 5.3894185566 10.3419563387 15.4472917576 21.3247016775 477.383497738 5.08587126694 4.56211554424 4.56504962433 3.04506848132
-9999.0 -9999.0 -9999.0 -9999.0 -9999.0 -9999.0 -9999.0 -9999.0 -9999.0 -9999.0 -9999.0 13.6696220578 133.191301471 161.211571212 24.8807565293 9.08908117521 20.6489982451 705.794991193 717.047666032 874.515630616 8.58007969272 17.9841740354 7.9533086964 8.08544595906 78.980738923 103.127387458 125.109175493 7.16868402109 31.9119168667 49.8772476353 29.0502877674 12.1135399315 7.96261444592 5.97571684649 6.54554489019 3.35971137134 4539.89312152 4547.09013081 4623.5925019 13.3610042651 6.99735222427 277.73491232 18.0992155658 9.33577748952 10.1137276424 10.0131682855 8.821659648 14.6119184525 43.6624851737 71.3491249899 553.918065966 4.17921755804 12.474737985 8.39870184755 6.60390802371
-9999.0 -9999.0 -9999.0 -9999.0 -9999.0 -9999.0 -9999.0 -9999.0 -9999.0 -9999.0 -9999.0 14.1192772144 94.1503614087 14.5442117942 12.0057660098 65.1819473973 75.6547046676 86.0907525127 95.6321873736 1168.4198199 1178.98357251 1198.77046466 1325.81689958 1348.65099644 1360.82778434 1368.98682707 1507.73897855 1526.83798783 1534.60092929 1591.87922584 1628.82694078 1635.80025579 1655.27607692 12.6225221901 10.2823714642 1.79779791185 2.16620527013 4553.44491288 4650.1290952 19.9005975636 329.483359956 322.255484443 33.7877950091 8.03515965845 8.11116375107 7.81298228396 7.81382874234 15.7318250846 22.6971790818 6.85628546353 558.963776138 564.280444787 589.871428738 594.439781676 605.369227027
-9999.0 -9999.0 -9999.0 -9999.0 -9999.0 -9999.0 -9999.0 -9999.0 -9999.0 -9999.0 -9999.0 49.0451983912 64.7241786845 29.3209848091 42.7959108411 13.2130090619 148.438599947 159.20052586 180.689530318 188.562334202 68.713239551 1281.89553896 1290.77222426 6.39317705706 4.04175414675 3.43343714465 7.8452851008 3.93282046629 2.76602350147 2.63182482563 3.03472409067 1640.72616267 1660.86313646 1681.41475315 1698.77694825 1707.48506692 3.44881807815 1.45942926707 4999.14467603 342.659180728 337.073505149 7.26337269236 6.73762086011 6.23869957242 14.4390399835 14.166393265 6.57758600407 6.64282351195 6.25126511761 12.9883940838 17.6812740536 4.12099003382 7.63839506121 2.46345752792 0.857336547938
-9999.0 -9999.0 -9999.0 -9999.0 -9999.0 -9999.0 -9999.0 -9999.0 -9999.0 -9999.0 -9999.0 -9999.0 33.2072796324 15.3631441349 13.4298937808 126.816384092 138.057461442 11.3336866123 43.2166253298 53.1755465649 61.0293652997 9.28564682688 6.63282367992 177.636147724 183.019485163 187.79678531 501.72611072 504.821383605 509.992439933 547.729916179 563.332367667 565.571447613 2.65629879269 2.82855067806 2.89863088461 1717.48270933 3.16331459396 5061.19722414 5053.19826214 49.1827646659 43.1402242225 27.5217977152 6.86766774273 12.4535292601 20.7829341177 20.5223328953 12.7980178011 6.3828489572 12.5259837381 12.3762289964 23.1520976468 3.33627461324 10.7417651085 17.4471999943 19.3600156522
-9999.0 -9999.0 -9999.0 -9999.0 -9999.0 -9999.0 -9999.0 -9999.0 -9999.0 -9999.0 -9999.0 -9999.0 17.1679297963 46.4160851048 60.1239814173 100.772754094 10.9880215462 22.5106820596 33.1877812608 134.325002313 142.256679945 147.842164285 155.224311588 164.650015549 270.45605826 297.532590771 310.328895468 3.98922758731 31.8487654022 35.6205297904 555.838829967 568.757316214 575.346144463 582.282121159 587.365980521 2309.74789579 8.84413666092 5082.13641627 5.38378472244 2.26616661126 36.2835022003 32.5179166398 3.99454809814 18.1435150072 26.6293301943 26.2883595579 18.1755504593 29.9515800967 47.4666368839 17.6954262544 45.8480242402 3.2204986437 4.67938618665 0.881199345757 0.762668329253
