data/baseflow/mHMbf_acc538.asc
ncols                  80
nrows                 72
xllcorner      4374000.0
yllcorner      5656000.0
cellsize            500
NODATA_value       -9999
[rows 25 to 49 of 72, columns 0 to 54 of 80]
-9999.0 -9999.0 -9999.0 -9999.0 -9999.0 -9999.0 -9999.0 -9999.0 -9999.0 -9999.0 -9999.0 -9999.0 11.3790308382 22.3984643363 9.83883447905 19.4802670259 7.83454394935 63.7979604949 78.6625630372 86.5162531247 7.09241979685 12.6589257956 150.217686565 181.148215252 185.862492692 13.4108993909 11.3103630605 14.3200562928 1.426342176 1.2022065862 2.25292923778 1.48114817926 288.760499971 290.60310777 292.421546558 1593.66691135 3872.24136485 3852.29184557 1.8501185212 0.970336682075 0.892474997204 4.14032997802 3.48026996253 16.0703501028 24.8152592683 51.0557912739 4.55725631275 4.5249709062 40.9823428522 44.0195999463 87.6024016772 89.5217938721 92.9794002349 93.8887274168 0.789223905853
-9999.0 -9999.0 -9999.0 -9999.0 -9999.0 -9999.0 -9999.0 -9999.0 -9999.0 -9999.0 -9999.0 -9999.0 -9999.0 9.94768208923 20.0291565915 30.3947291823 47.1448501586 8.89641886184 7.76416922127 73.9585644978 80.8745115008 139.706857595 147.177144133 20.2713672805 6.97326865941 6.44887860517 5.8463042737 279.021360229 281.621440409 283.270581009 284.461059357 287.199249674 26.9607423355 30.1256392879 325.198765467 5793.69535124 13.1326141741 9.87476861758 3.54864859044 1.11419051782 0.762156553088 5.9029648296 6.48265242329 17.3378141893 0.599765422311 51.9037066493 6.20878875195 6.00436846497 0.568531554756 0.408405891753 0.410022478818 0.949363224878 0.447508486843 94.3527045538 1321.23133061
-9999.0 -9999.0 -9999.0 -9999.0 -9999.0 -9999.0 -9999.0 -9999.0 -9999.0 -9999.0 -9999.0 -9999.0 -9999.0 -9999.0 9.25624215248 23.044333471 36.6650275281 50.6441165685 58.4877117707 66.6895720821 23.2752969111 38.8403609034 7.23473316045 6.71639486097 247.208324547 260.530556787 266.879508059 273.902908958 4.82134935644 7.75882349165 21.1313206385 22.6915750212 24.4374518626 3.56201489017 4.97749058163 5806.94438884 3.8832075547 4.59481912866 2.05085566938 4.9176899164 2.26047179963 1.595652943 25.3072845099 27.9615276747 1.1147512091 53.4687329624 60.1261630929 6.42433836829 1355.46317577 1354.49283845 1353.56893319 1350.69268247 1348.7910151 1325.0564597 1323.61057632
-9999.0 -9999.0 -9999.0 -9999.0 -9999.0 -9999.0 -9999.0 -9999.0 -9999.0 -9999.0 -9999.0 -9999.0 -9999.0 -9999.0 4.43350304386 9.56192679022 13.6814512875 143.837198569 151.701345896 8.08833429667 7.92500665891 7.7207319012 219.186934216 233.951758622 7.2042434405 7.36305679946 5.68961117462 23.7683169416 29.8086706996 14.163936576 16.943240258 139.751733604 143.067536275 153.222412706 240.527087141 6050.79151051 4.54051111207 1.83699062926 7.84283208194 6.3214531631 1.76561526577 5.30596539849 7.2058043867 30.1066474154 32.0641670399 95.2850519162 60.7393922523 6.78439804231 1384.33214546 15.2230515957 1352.58769779 1351.71352503 21.9567112257 1.69992184328 0.663514412008
-9999.0 -9999.0 -9999.0 -9999.0 -9999.0 -9999.0 -9999.0 -9999.0 -9999.0 -9999.0 -9999.0 -9999.0 -9999.0 -9999.0 22.562186436 36.9924145496 73.8031799137 132.331785634 166.213879582 188.988501621 196.774583387 204.802509899 212.567667563 7.07507809776 6.49595864733 12.5413608774 11.8776972538 6.25055628241 121.771881466 127.601351297 133.165578892 138.255455601 70.4740885218 72.3464647561 79.9627975291 6053.59876145 8.38933451204 5.58555230609 14.3397013973 1.2316118459 5.31321494314 3.19263689989 1.74033947422 9.66452260142 1.53148039972 1.59626728868 1488.60528273 1392.08547638 1390.46031465 6.44971887152 14.5893125411 8.52972213394 1.35795742559 17.3353520014 3.61035434095
-9999.0 -9999.0 -9999.0 -9999.0 -9999.0 -9999.0 -9999.0 -9999.0 -9999.0 -9999.0 -9999.0 -9999.0 -9999.0 -9999.0 15.729331478 15.0698981853 29.7368929668 44.5435924848 11.15485863 9.67334058977 17.7381707269 25.5613548844 40.2475592506 47.4624701612 54.1244256509 73.6129882058 79.8020158083 86.4908863079 5.89832696731 59.2380028164 63.6031758758 66.3442782891 1.56346813639 0.47260646844 0.964060769538 6131.57730071 6134.27648559 6148.00652757 18.0818419579 2.60627769069 7.21764861698 1.60438182385 3.22173347562 11.4015501596 14.2905096956 2.94726811411 1496.71741367 3.14303678415 3.73986558592 3.89448052619 3.80443387925 5.64659988674 2.40369874264 13.0303363285 8.80269300441
-9999.0 -9999.0 -9999.0 -9999.0 -9999.0 -9999.0 -9999.0 -9999.0 -9999.0 -9999.0 -9999.0 -9999.0 -9999.0 -9999.0 -9999.0 14.5121683713 28.4963873384 13.3684049879 27.4670139583 168.808902191 178.042091312 185.508563501 7.2737490974 7.32333626342 13.8940244158 20.5177458917 32.4238882523 38.5042113238 42.1208314937 47.5669531659 4.38213557525 2.95836845613 70.1076480131 70.775278826 72.0927406287 74.1651919061 68.9607944585 6226.01721733 6257.18877547 6258.30012945 6266.46622313 6272.74446627 6277.91842204 1.6519535867 15.7406253866 1498.3061682 3.76869111768 1.93061662664 3.01289429079 2.88406467037 4.62026073334 2.94745881983 1.71961612693 2.59657070538 1.94879779407
-9999.0 -9999.0 -9999.0 -9999.0 -9999.0 -9999.0 -9999.0 -9999.0 -9999.0 -9999.0 -9999.0 -9999.0 -9999.0 -9999.0 -9999.0 -9999.0 42.3196645461 56.3537842615 99.0633082099 127.686106798 14.446025812 208.861840296 216.026637922 222.85172492 6.92761416626 13.5221575141 6.0597341131 45.3156383168 48.4217002423 53.4883266625 58.3236425498 68.0825252778 69.1976324544 0.7452966788 59.2791232451 63.886367085 66.8478026376 75.3347711618 10.7727516405 6.56936008774 3.44397591821 3.24819829472 6282.76904159 6285.52932924 6313.4868277 1500.20067527 11.5111729079 6.06181634453 4.35900301115 1.07283790811 10.9361254563 4.9607651723 1.57218634463 8.27762834012 6.9537105188
-9999.0 -9999.0 -9999.0 -9999.0 -9999.0 -9999.0 -9999.0 -9999.0 -9999.0 -9999.0 -9999.0 -9999.0 -9999.0 -9999.0 -9999.0 -9999.0 14.764685897 70.7617172679 85.6603407641 14.3460735233 7.89731022782 16.3400895753 23.8795418913 253.815162691 6.81823166844 27.5154226962 33.8352978921 40.0150566034 3.34740078451 7.89831893216 9.37007913518 46.8837961817 51.4807744195 53.9218409471 2.38239760087 1.82143560608 1.76868493224 3.31100495691 1.21727605894 1.24826757013 2.34244044839 1.7213402181 2.43335370263 10.1830861149 6316.46077316 7824.41443 14.0851624789 1.95146086142 1.26843115873 31.6984240367 29.3332525528 16.565021775 14.6199390704 10.527192957 2.59855473932
-9999.0 -9999.0 -9999.0 -9999.0 -9999.0 -9999.0 -9999.0 -9999.0 -9999.0 -9999.0 -9999.0 -9999.0 -9999.0 -9999.0 -9999.0 12.9686120892 41.2916184623 13.5556011963 11.6695853557 9.03466456647 17.3418126893 25.3082208776 34.744736774 301.317672346 307.872796795 6.78776635926 13.1454802045 19.5754495261 23.7971185441 27.6396037333 38.3143029397 44.6401545799 1.39255667154 1.8714131957 1.77618365484 2.62206792581 2.38324139818 2.63767179489 2.06371562998 2.34750507154 11.4040700807 5.62938357414 4.11603452157 4.07577216281 2.82666978032 5.18794082492 7937.84182695 98.1279808058 41.1917080283 5.82404898493 2.7176777299 1.91685640669 5.29121454524 3.19734825537 1.43106841864
-9999.0 -9999.0 -9999.0 -9999.0 -9999.0 -9999.0 -9999.0 -9999.0 -9999.0 -9999.0 -9999.0 -9999.0 -9999.0 -9999.0 13.4127683099 26.3334475072 94.1862715641 13.3013743871 26.0111017511 34.5935545701 42.5267674 8.43436393177 15.690658457 27.4990666667 347.389898454 6.33717162415 12.2417750786 18.2377799299 5.56987362417 10.6902180418 11.8090899142 16.4357478148 559.288209712 563.912695278 568.280395376 593.874689843 601.094088226 620.582798265 4.7311181142 9.67526081402 13.7327825885 683.018505057 689.741962583 3.76084992982 5.70814923507 7.63909866297 7940.800336 95.1154659304 46.1940335328 42.9730800162 36.4089922171 32.2941884913 7.01486763714 1.96686221497 2.98448926958
-9999.0 -9999.0 -9999.0 -9999.0 -9999.0 -9999.0 -9999.0 -9999.0 -9999.0 -9999.0 -9999.0 -9999.0 -9999.0 -9999.0 13.6135737867 41.4950247616 149.479975911 222.062752643 12.2009271499 292.018312578 347.730088518 7.81962467449 15.0218447488 25.5442101652 423.910062636 434.113160275 5.80057536231 29.9518915576 35.3841216437 38.9510138754 528.80520082 535.10064215 541.451753536 3.29374287096 18.5944347707 21.9459972675 10.5861100757 15.1248304601 642.586790269 659.326240074 663.246425207 666.959573076 694.553187006 2.35326359816 2.14047298503 11.8182052479 7944.46729904 4.34479509181 1.24947878775 3.80407246799 1.61115068384 27.897733057 25.6810666879 15.3808214726 10.2886253661
-9999.0 -9999.0 -9999.0 -9999.0 -9999.0 -9999.0 -9999.0 -9999.0 -9999.0 -9999.0 -9999.0 -9999.0 -9999.0 -9999.0 -9999.0 -9999.0 29.5540334733 59.608835087 263.967833254 278.859359519 360.911576943 374.448789149 7.89240260271 15.7894133548 39.3350390281 446.102285339 459.633462603 464.900810663 4.5580772951 482.026896274 488.185753209 4.43279618693 3.41752656927 6.48803458619 12.8845134172 3.23644372203 6.60138758373 14.8835560647 18.7198331903 3.68530577075 2.55847632395 5.08760138372 711.894670129 716.355436798 718.230821016 735.265135782 7947.6451913 3.21448710583 0.700495743704 0.97577613784 0.963602686935 1.00664556394 0.821868538178 1.47338909923 2.00047863129
-9999.0 -9999.0 -9999.0 -9999.0 -9999.0 -9999.0 -9999.0 -9999.0 -9999.0 -9999.0 -9999.0 -9999.0 -9999.0 -9999.0 -9999.0 -9999.0 15.5227901157 15.1802863477 14.9383482909 29.5299208956 13.1654002783 400.61952164 413.138292911 8.37934373281 15.6661614132 7.44779245691 6.49135482925 6.2878571771 474.222965779 1.75194996062 3.75513547534 2.7801193978 3.48280799349 3.17426791049 2.60283599719 2.71815001999 8.59122962764 11.8460107797 2.42258026514 2.12215215071 4.70146929383 7.92393467128 9.55638986614 1.98145546059 721.076876833 737.382169217 7950.25224868 7.97384160668 1.60054190588 0.466053675249 1.30155940563 0.352337657936 0.241401804723 1.7549329747 9.13595270782
-9999.0 -9999.0 -9999.0 -9999.0 -9999.0 -9999.0 -9999.0 -9999.0 -9999.0 -9999.0 -9999.0 -9999.0 -9999.0 -9999.0 -9999.0 -9999.0 -9999.0 -9999.0 15.0415570134 43.2885396644 55.4885284911 68.3043584437 425.624159524 437.972458278 450.193456781 461.838208605 467.942535546 480.624134057 482.360390032 483.881715253 485.582787628 2.8186355733 2.76062795626 3.00038113186 11.1938118027 3.05278882336 3.03331400826 2.35146492937 7.06426117049 2.86544363525 2.26426703242 2.08752480392 1.77500431522 3.54171611994 5.18098769602 748.438383189 8709.1610978 3.11912991264 6.19432543651 0.317601718558 1.68195120462 0.773385131226 0.486223209148 17.9939015836 14.813102419
-9999.0 -9999.0 -9999.0 -9999.0 -9999.0 -9999.0 -9999.0 -9999.0 -9999.0 -9999.0 -9999.0 -9999.0 -9999.0 -9999.0 -9999.0 -9999.0 -9999.0 -9999.0 -9999.0 12.5142953567 99.4765044681 194.964003939 208.255146715 13.8716636752 22.6821384819 30.0156935746 36.2114407679 77.3585829621 80.0281743399 2.66155146883 2.72465163377 491.000710887 496.201414513 498.773158097 13.4144859148 2.07408111492 5.46337701702 7.99737467501 23.96679072 29.4807156318 33.9176315038 4.0361042632 5.67923214486 1.99532612545 4.01443609092 2.09853791141 8713.0010792 2.98988140832 11.8677604969 3.33867820348 6.1319598334 20.2120554674 22.1777900915 41.6956014213 12.6386415245
-9999.0 -9999.0 -9999.0 -9999.0 -9999.0 -9999.0 -9999.0 -9999.0 -9999.0 -9999.0 -9999.0 -9999.0 -9999.0 -9999.0 -9999.0 -9999.0 -9999.0 -9999.0 13.9778807188 44.4940065413 87.1618434113 113.908549326 290.291320647 304.087129006 15.7268156879 23.1304815308 29.4126529178 35.5295005896 81.9690982091 86.9788698293 143.48681907 147.589264511 149.74283439 501.504677568 522.477849842 5.03786172824 3.50787694974 3.33590408834 6.53789879395 3.0534845368 39.8533926579 42.0207377798 7.50581626181 8.90919302662 1.64218840875 2573.64868789 2578.08344165 11294.012046 11309.6684411 2.95057727664 12.1482487677 6.07644165069 4.69466706871 48.2938518459 62.7128702707
-9999.0 -9999.0 -9999.0 -9999.0 -9999.0 -9999.0 -9999.0 -9999.0 -9999.0 -9999.0 -9999.0 -9999.0 -9999.0 -9999.0 -9999.0 -9999.0 -9999.0 -9999.0 -9999.0 15.8871909396 15.4955909528 29.278477303 69.4951606515 316.927672418 8.21450478788 8.08396788897 14.5814632634 21.1631423456 47.4582202385 50.1557527821 1.90187606163 2.98417869879 153.433353783 156.450382474 681.324562601 683.501458526 2.01618111767 1.78195485015 1.60117423571 1.61689983871 1.78949107536 2535.04980111 2549.28331557 2559.79330758 2562.97478922 2572.24167864 2.55491906371 9.4616675092 11.7678024944 11326.8258208 11328.9404402 11330.4492766 11331.6678619 11332.7750505 64.57356732
-9999.0 -9999.0 -9999.0 -9999.0 -9999.0 -9999.0 -9999.0 -9999.0 -9999.0 -9999.0 -9999.0 -9999.0 -9999.0 -9999.0 -9999.0 -9999.0 -9999.0 -9999.0 -9999.0 -9999.0 14.1979954358 14.8686650394 27.5854940345 370.684585856 383.571914364 7.85001188995 14.3403988803 21.1143580335 24.2232802642 2.3749063712 5.45077516009 727.83949267 730.798758242 733.11300804 754.422610897 1440.2023479 2450.63237177 2455.42643667 2460.04962488 2464.47128022 2484.38494121 2490.79155133 12.3521067451 5.53330751347 3.31370971685 6.22460799851 4.73905989406 7.48586450087 2.34978515514 53.583189635 63.3698936437 71.2553025034 72.4387397194 11333.7591281 11399.7666574
-9999.0 -9999.0 -9999.0 -9999.0 -9999.0 -9999.0 -9999.0 -9999.0 -9999.0 -9999.0 -9999.0 -9999.0 -9999.0 -9999.0 -9999.0 -9999.0 -9999.0 -9999.0 -9999.0 -9999.0 -9999.0 14.4265711077 27.6755382861 40.9965385905 394.700258551 10.5511173986 525.677342757 532.842433157 535.227500934 538.329031903 714.780903248 718.889433114 3.38637466768 16.0152506494 19.466173966 3.79946145237 1005.67635807 998.60608737 2.49324935183 5.81604136141 15.868726696 3.53173019071 3.83384574334 2.85772122617 2.47115095809 1.8884652 2.28266392941 45.7796770076 48.2042506546 51.152895475 7.19749152404 5.41207417123 75.3757250756 77.4496620823 78.368514411
-9999.0 -9999.0 -9999.0 -9999.0 -9999.0 -9999.0 -9999.0 -9999.0 -9999.0 -9999.0 -9999.0 -9999.0 -9999.0 -9999.0 -9999.0 -9999.0 -9999.0 -9999.0 -9999.0 -9999.0 -9999.0 13.1270726793 12.3429641432 63.9350862754 484.308426527 507.606975324 519.289514913 7.31001112918 169.794663999 172.055667223 173.295830395 3.54062463222 7.42285098475 10.8481732941 220.880035654 223.728856636 226.392109342 993.465469758 640.090359261 3.2826397434 3.44066625201 3.26730483281 2.61835527818 27.2693277124 32.8963108347 37.7929915363 40.5992950888 43.2967925546 252.011345813 253.931694062 255.514435364 259.339255121 283.233168099 284.394825032 364.035848087
-9999.0 -9999.0 -9999.0 -9999.0 -9999.0 -9999.0 -9999.0 -9999.0 -9999.0 -9999.0 -9999.0 -9999.0 -9999.0 -9999.0 -9999.0 -9999.0 -9999.0 -9999.0 -9999.0 -9999.0 -9999.0 -9999.0 25.6786760008 39.2637923381 13.8010250048 8.37092967652 146.532036996 154.223803329 159.121639894 46.4052281639 48.4283892906 50.8708699049 54.2790377442 214.371581063 218.383457507 117.632410119 347.477572356 350.68754132 637.479336548 6.85958034524 3.52580277394 2.44794764609 18.7309840601 22.0980847716 2.11526649975 1.95872799157 242.180743455 247.425470298 250.141030095 2.06540849863 2.86919428421 279.586115724 2.3475155081 10.0152964897 11.0366419066
-9999.0 -9999.0 -9999.0 -9999.0 -9999.0 -9999.0 -9999.0 -9999.0 -9999.0 -9999.0 -9999.0 -9999.0 -9999.0 -9999.0 -9999.0 -9999.0 -9999.0 -9999.0 -9999.0 -9999.0 -9999.0 -9999.0 12.8816819794 25.4867195609 106.504082868 120.26762735 130.864009176 38.1073688736 44.284695573 2.46615290942 151.950588233 154.134059767 156.517908785 3.10677911413 110.226755 114.397335983 3.31487632562 619.862693417 7.51964891163 3.7217955319 10.0541854718 13.5922597622 2.75715544514 2.21321140632 215.962540074 237.347843806 240.512474615 3.10968745803 6.96179737366 8.66688398535 10.0119753232 19.2159256522 3.66932134921 8.25250988857 1.60175010193
-9999.0 -9999.0 -9999.0 -9999.0 -9999.0 -9999.0 -9999.0 -9999.0 -9999.0 -9999.0 -9999.0 -9999.0 -9999.0 -9999.0 -9999.0 -9999.0 -9999.0 -9999.0 -9999.0 -9999.0 -9999.0 -9999.0 12.6919908475 39.8758299233 68.5965254578 14.0616925793 22.3204339895 30.9068305632 141.31815631 144.955554521 147.385451913 2.0531299693 93.165908447 100.650555564 103.812716266 1.8724322864 605.323400857 613.415267206 3.91574446202 3.56453406203 7.33011609759 3.06868552929 200.394372169 206.062899593 209.601355064 13.4424854322 16.7394354928 2.86209455121 5.11890232081 2.27825486763 15.0659917274 2.36671277663 2.14704004516 2.30411090344 2.34983711757
-9999.0 -9999.0 -9999.0 -9999.0 -9999.0 -9999.0 -9999.0 -9999.0 -9999.0 -9999.0 -9999.0 -9999.0 -9999.0 -9999.0 -9999.0 -9999.0 -9999.0 -9999.0 -9999.0 -9999.0 -9999.0 -9999.0 -9999.0 13.8794870353 14.8303470212 12.8878023435 101.26449217 109.462066683 134.036814409 4.57505999436 83.2463203738 89.2611859664 2.47706494066 5.36459800623 2.11404267106 597.689718502 2.94615221274 9.11259048435 11.8138748855 14.1937302094 181.405818497 191.222816568 194.966225155 3.77004946859 7.11406698323 10.1246332506 1.87893391714 1.69278595673 627.789732302 629.531193088 630.925446667 646.506952898 648.372020618 651.030307946 652.885178934
