data/baseflow/mHMbf_acc318.asc
ncols                  80
nrows                 72
xllcorner      4374000.0
yllcorner      5656000.0
cellsize            500
NODATA_value       -9999
[rows 25 to 49 of 72, columns 0 to 54 of 80]
-9999.0 -9999.0 -9999.0 -9999.0 -9999.0 -9999.0 -9999.0 -9999.0 -9999.0 -9999.0 -9999.0 -9999.0 29.7343981929 58.6554799119 26.9237716862 55.4415442119 25.5862308745 188.248232611 237.715126919 263.364966178 23.1831636059 43.8046454394 429.599658388 532.340636149 551.998703638 47.373042144 47.4195785032 67.8859049164 13.924197681 13.3338405852 25.7497030019 12.7377720203 672.798928832 684.744544801 700.05564307 5231.46218602 10702.3437358 10609.1198267 22.8504793391 9.45984866539 8.29252900982 29.3016281675 21.201035984 57.4078076198 80.0113243579 161.591928571 14.1969276875 14.1922713739 132.297238598 144.993204759 286.685330356 297.002745995 317.940375705 327.439398968 8.4296598893
-9999.0 -9999.0 -9999.0 -9999.0 -9999.0 -9999.0 -9999.0 -9999.0 -9999.0 -9999.0 -9999.0 -9999.0 -9999.0 28.2560361034 55.8740440759 83.3485680575 136.044907722 27.5616032777 25.4605746436 174.453958761 197.3833619 390.248283266 412.804484208 63.6867873987 23.4507379569 23.4921880744 23.0161444824 590.904328919 607.909692832 622.61519492 635.417258341 660.961894154 127.763121878 143.05926256 857.450445152 16797.4877532 79.1216557553 68.0082789848 33.8837654364 8.41609145665 7.11989875561 46.0892050753 52.3832834327 71.6389975625 6.86254209306 169.722107194 23.7773257009 23.3388179454 5.94382575748 4.4994571975 4.19198089163 4.49733374725 4.41399287866 332.636551615 4865.48273069
-9999.0 -9999.0 -9999.0 -9999.0 -9999.0 -9999.0 -9999.0 -9999.0 -9999.0 -9999.0 -9999.0 -9999.0 -9999.0 -9999.0 27.6472771941 52.353858638 74.6594591385 97.9030561965 123.647622253 149.993619028 76.6688039859 125.660776882 22.6576501052 22.6573486911 479.197178301 524.68270018 545.954718576 569.454378533 20.3740134913 37.834712451 90.246112214 104.237342636 116.120265372 15.9760153053 14.3514383483 16832.6544984 11.5781984602 19.3273619878 9.03279846862 30.5383539283 14.3695197186 8.17963858559 132.615533446 139.832767837 5.54270364221 175.921644031 204.540892785 28.3196233282 5073.75190798 5063.28976804 5053.58277415 5032.91854081 5024.28081456 4886.20298477 4881.04206991
-9999.0 -9999.0 -9999.0 -9999.0 -9999.0 -9999.0 -9999.0 -9999.0 -9999.0 -9999.0 -9999.0 -9999.0 -9999.0 -9999.0 5.11698743079 11.9513661084 22.0188489185 188.992137222 215.80069626 26.8100038269 25.7954785429 24.7010947897 386.956071127 433.958120156 22.9101461539 24.0933546005 20.5531216459 81.5856707218 101.360954723 58.9543867682 71.7444262385 462.920542164 478.021166482 509.65478742 815.159908245 17654.9319949 10.8804588438 7.70456926576 44.7681005596 37.5016839063 6.83720041015 22.3288778965 29.0433903573 147.652495424 154.07680241 373.673280401 208.524134225 31.589163988 5191.18496245 58.8963001896 5044.36351944 5038.95571295 130.00695674 6.87735459485 11.043623571
-9999.0 -9999.0 -9999.0 -9999.0 -9999.0 -9999.0 -9999.0 -9999.0 -9999.0 -9999.0 -9999.0 -9999.0 -9999.0 -9999.0 26.8969965867 43.4921993823 92.9538672256 162.542530525 236.368428372 288.432285191 314.322645296 340.000456465 364.62962962 23.2828947673 21.8921566887 43.0493224511 41.316572563 20.6191777245 401.592837871 420.934134227 439.174948781 456.138742226 257.997518943 273.181831932 290.737348796 17661.0670191 18.3553466441 20.8674102226 69.9883748301 6.18472128711 13.3754093687 6.90958767594 6.13228834983 35.1175182042 5.05270370907 5.49653549782 5595.87470365 5218.05228744 5212.42758027 23.0394462207 54.4526184793 35.4373027123 8.82094837111 117.550145997 34.479408059
-9999.0 -9999.0 -9999.0 -9999.0 -9999.0 -9999.0 -9999.0 -9999.0 -9999.0 -9999.0 -9999.0 -9999.0 -9999.0 -9999.0 19.0115605481 17.2152217975 33.3156115841 51.7078300373 26.2176868081 27.2412468669 52.8003737554 78.0403790288 125.441687825 149.539151549 172.696646622 239.178077296 260.184763587 281.570588011 19.7448734075 200.399659286 217.524351411 232.482914605 11.6887216534 6.08229036823 11.6856563333 17952.6727486 17958.3585774 17988.0285063 87.1488582511 12.497885746 21.0274667282 5.89007216714 10.6685290765 39.8849554021 49.049235264 9.77450262172 5620.95348633 8.23236610794 12.9658894622 14.2953029646 10.9475189987 20.0014234238 8.39252233237 74.7267032345 58.1347463246
-9999.0 -9999.0 -9999.0 -9999.0 -9999.0 -9999.0 -9999.0 -9999.0 -9999.0 -9999.0 -9999.0 -9999.0 -9999.0 -9999.0 -9999.0 16.0374228691 31.9614021824 16.5041341635 34.2973374445 217.22538268 241.542850282 266.998729983 23.7486811501 23.9515134214 47.246638525 69.8406409006 111.414868672 131.904678661 142.573985056 161.353198751 16.405574084 14.8263291637 255.290639527 261.209515454 267.424851819 273.667670785 219.560266663 18233.153463 18358.597496 18363.9000078 18389.4694114 18414.3687929 18431.0386765 4.97913714738 53.2333103729 5625.9560963 12.796326937 6.60494533325 6.55110135301 5.72519629637 9.89741130406 9.86230090461 5.86486080941 8.64227783393 8.33367298325
-9999.0 -9999.0 -9999.0 -9999.0 -9999.0 -9999.0 -9999.0 -9999.0 -9999.0 -9999.0 -9999.0 -9999.0 -9999.0 -9999.0 -9999.0 -9999.0 47.6091531062 66.080384611 119.525000538 162.891731308 23.8464121952 317.820779221 341.611712607 365.646974916 23.9521104631 46.9680020862 21.309236434 155.982855035 165.693510147 181.992439197 199.618985303 240.807724093 246.009484791 3.42267274293 195.867942038 208.083071533 213.794268739 239.121552704 32.5240310896 21.0775802708 13.4327471144 12.634671014 18448.001326 18456.6533766 18547.0010375 5630.8576629 32.79074421 15.8840805043 10.6179718359 3.11572703204 30.39997916 16.307503407 5.10217471307 28.5708353129 24.3462750142
-9999.0 -9999.0 -9999.0 -9999.0 -9999.0 -9999.0 -9999.0 -9999.0 -9999.0 -9999.0 -9999.0 -9999.0 -9999.0 -9999.0 -9999.0 -9999.0 18.4237629753 83.8989549004 102.68153076 25.750241398 25.8697827664 51.1197637564 75.0569530498 465.225159794 23.5930021411 94.7027733136 116.487626459 137.781461439 10.4182489133 25.5077364411 33.5297408014 158.868972498 176.046049226 180.699214342 5.85550815586 6.13363888154 7.38567501315 13.6389444798 5.78469887798 6.01719948775 11.082147037 8.24131188338 10.9846480761 31.4027991841 18556.561822 24209.7253539 40.1943424934 5.50862437223 3.05787390667 95.7912728405 88.795939593 53.1894406964 47.9125791236 35.9368707845 8.50481381184
-9999.0 -9999.0 -9999.0 -9999.0 -9999.0 -9999.0 -9999.0 -9999.0 -9999.0 -9999.0 -9999.0 -9999.0 -9999.0 -9999.0 -9999.0 14.5138366899 50.0984852581 16.9990997324 28.5536943235 28.438834194 54.4616296944 79.2745099176 102.049154803 586.291437648 609.218463345 23.5382274136 45.3491376711 67.2537879794 80.8599165452 96.4180646708 140.650905002 153.278143814 10.7753374315 8.92504914229 8.35809928701 13.0520423582 11.1666754825 11.534148331 9.3102348721 11.1411606654 39.1985188377 18.456675992 7.9207252324 7.54907008479 7.71640908666 14.3924222034 24470.4618189 215.189485436 110.458219366 7.36697716622 3.05907987839 2.88540412687 11.6049796523 8.36030026708 4.4315351205
-9999.0 -9999.0 -9999.0 -9999.0 -9999.0 -9999.0 -9999.0 -9999.0 -9999.0 -9999.0 -9999.0 -9999.0 -9999.0 -9999.0 15.4691133177 29.5012054688 111.177338719 16.7836264874 54.1101029665 82.2531204674 109.153960419 26.9755167781 51.4499550508 73.984872265 701.367884097 22.5689273806 43.4669904964 64.0695093403 18.4503192174 36.497854115 46.601501725 58.8329895993 1409.45634141 1430.20047886 1449.86371948 1547.13557949 1581.85746742 1656.35714161 17.5619122354 39.2317142048 48.7608259749 1878.25718011 1893.51746561 6.9386344504 12.4289880719 17.6425909818 24476.9643808 205.180073991 85.5283337845 81.9803610434 70.0708707138 63.9808009171 15.38314045 3.54671772378 7.34456505901
-9999.0 -9999.0 -9999.0 -9999.0 -9999.0 -9999.0 -9999.0 -9999.0 -9999.0 -9999.0 -9999.0 -9999.0 -9999.0 -9999.0 15.7558425541 47.4778909605 174.088170258 255.505477637 15.2452391088 341.804685086 469.675487628 25.9136586 50.1186088589 73.4725220601 910.284542045 929.929916587 21.4833126787 107.184525409 126.463945399 141.557010173 1276.20268797 1315.33098862 1340.06418122 12.0051339096 68.3089045661 81.1895353864 37.6777743592 54.4981365952 1731.27120797 1794.80516212 1808.34302062 1821.26594629 1908.75078025 7.40155730424 6.23347083739 28.7212953221 24483.1735807 5.63261027232 3.11161178035 8.97591008578 3.46881398263 58.4440369024 48.9764022493 28.7312313231 21.1490075275
-9999.0 -9999.0 -9999.0 -9999.0 -9999.0 -9999.0 -9999.0 -9999.0 -9999.0 -9999.0 -9999.0 -9999.0 -9999.0 -9999.0 -9999.0 -9999.0 33.0129737195 66.5675093734 304.834204231 323.061767637 485.567149916 504.477394274 25.3428005913 50.559368209 119.970250604 947.95057652 992.454333505 1012.66391796 16.8953301543 1082.78502338 1123.15427898 26.3884500986 12.1362873306 23.605953637 45.9572136935 11.0403511422 22.4716517423 49.6776153202 62.7650663031 11.8232621922 8.03411509902 16.1678275927 1963.2872354 1979.70613382 1984.96793273 2027.4636242 24488.7299548 3.20803804049 2.0284605288 2.4094156989 2.34731562752 2.42714716207 2.11759440833 3.86950490615 2.39941324314
-9999.0 -9999.0 -9999.0 -9999.0 -9999.0 -9999.0 -9999.0 -9999.0 -9999.0 -9999.0 -9999.0 -9999.0 -9999.0 -9999.0 -9999.0 -9999.0 17.2962550364 16.9673024072 17.3112015209 37.6010333319 16.8817391717 537.680157093 554.991268977 23.7389357764 47.175291218 25.1189630664 22.5016247932 22.1613433344 1051.56918972 13.4840655001 26.8752566088 14.1223918139 12.5087192297 11.3469247521 9.000207663 9.33773340096 28.0398671894 38.184638977 7.41099102731 6.534753642 13.8951364459 22.8925043538 28.3929236107 7.15470059715 1992.76033374 2032.70904233 24492.2879812 12.16322226 6.29770022297 1.18618392075 3.23265093188 0.917964442812 0.672152701231 4.64400620507 12.690886353
-9999.0 -9999.0 -9999.0 -9999.0 -9999.0 -9999.0 -9999.0 -9999.0 -9999.0 -9999.0 -9999.0 -9999.0 -9999.0 -9999.0 -9999.0 -9999.0 -9999.0 -9999.0 16.7521041754 53.2794825438 67.8438653174 83.9879521021 570.497592329 585.864768195 602.206977497 623.28654809 645.035097171 689.493560737 703.03439763 715.764780496 727.514111496 11.357230576 10.5212343816 11.1058319046 39.1569574919 10.2443076684 9.60342580769 7.72037239004 22.1774315323 8.604875508 6.5150630666 6.02574849899 5.01974545374 10.01507602 14.2147860578 2061.48160625 26570.0794736 2.49247262841 6.1293210737 0.915832182718 4.29335725409 2.18416831949 1.35593916532 26.567522571 20.2683173754
-9999.0 -9999.0 -9999.0 -9999.0 -9999.0 -9999.0 -9999.0 -9999.0 -9999.0 -9999.0 -9999.0 -9999.0 -9999.0 -9999.0 -9999.0 -9999.0 -9999.0 -9999.0 -9999.0 14.2233933401 111.218421683 226.115897342 243.783942943 23.9392859086 47.4947278629 70.7794393026 91.551304884 224.229771803 236.509172305 11.86761254 11.4654505063 750.719980522 771.237884211 780.69611793 46.7329411261 7.18730652818 16.9857809968 24.9623613471 73.5628276904 89.6487493989 101.933354131 11.2096152921 15.3141519554 4.98906973948 9.7273799731 4.93250452533 26579.5804786 2.29366943946 10.2660511624 4.03983391811 10.530412281 22.3430815773 24.9164657339 52.6735962584 24.6904032598
-9999.0 -9999.0 -9999.0 -9999.0 -9999.0 -9999.0 -9999.0 -9999.0 -9999.0 -9999.0 -9999.0 -9999.0 -9999.0 -9999.0 -9999.0 -9999.0 -9999.0 -9999.0 15.6511824364 49.6265468514 97.2727086169 127.284823222 335.607246636 356.3152134 47.9520504095 70.9722597771 90.7853926698 111.956591032 249.443067387 273.812358724 473.945680363 488.151098981 498.28108657 790.766502602 863.528662015 17.2336322637 10.7009706181 10.3216418562 19.6324068663 8.82648702209 118.329737459 124.086060207 19.9963489132 24.5810389318 4.36438453287 5401.92830665 5411.73364973 31998.0948971 32012.642627 2.12428639288 15.1733433445 2.95824026453 2.80536820701 59.0253431115 86.2319824967
-9999.0 -9999.0 -9999.0 -9999.0 -9999.0 -9999.0 -9999.0 -9999.0 -9999.0 -9999.0 -9999.0 -9999.0 -9999.0 -9999.0 -9999.0 -9999.0 -9999.0 -9999.0 -9999.0 17.6554645775 17.1213032476 32.5646120116 77.5028475115 371.370215847 24.4274495772 24.1146472141 44.5302378551 64.7762817004 157.393404569 171.6885858 8.40388151339 9.27329970303 511.058894858 521.725901852 1393.85610988 1401.66943155 6.17684249673 5.41519080227 4.3142412043 4.36158404151 4.37370137882 5305.63339267 5337.87329621 5367.41564975 5376.41850435 5397.48865296 5.28146738768 19.1016255034 23.6249053498 32044.835779 32047.161113 32051.9048365 32056.9482681 32061.3610446 90.4168228746
-9999.0 -9999.0 -9999.0 -9999.0 -9999.0 -9999.0 -9999.0 -9999.0 -9999.0 -9999.0 -9999.0 -9999.0 -9999.0 -9999.0 -9999.0 -9999.0 -9999.0 -9999.0 -9999.0 -9999.0 15.8640802806 16.5240343493 30.7696256851 431.647749348 449.454173453 23.8155445951 44.2482498568 64.818099801 79.2800606597 12.6744641535 24.9083700678 1060.35586972 1071.45862865 1080.37665184 1152.92838662 2562.88502416 5074.90823275 5089.20306883 5101.79499687 5113.81640264 5160.83554167 5175.97048242 27.0219197531 12.0789544931 7.20033111124 13.5153231587 9.37316890986 15.0672920766 4.72402402455 108.167104568 117.001493052 123.107833535 125.049442487 32064.1493446 32159.0266651
-9999.0 -9999.0 -9999.0 -9999.0 -9999.0 -9999.0 -9999.0 -9999.0 -9999.0 -9999.0 -9999.0 -9999.0 -9999.0 -9999.0 -9999.0 -9999.0 -9999.0 -9999.0 -9999.0 -9999.0 -9999.0 16.1602824567 30.9824948291 45.8612124939 462.249471016 19.9270902193 640.767315639 662.086996954 674.956374332 687.926188181 1009.9396993 1023.27313404 11.8423391885 54.644156981 65.836212088 11.1709705633 2497.53318095 2477.49677089 6.23233268412 14.1772134288 36.9869935783 8.01137690858 8.16812307088 6.01011906418 4.87928951854 3.6990341588 4.30217331696 93.3750736053 97.8278486615 103.314544549 5.11120196621 3.59020112175 127.146001689 129.601973966 130.892644193
-9999.0 -9999.0 -9999.0 -9999.0 -9999.0 -9999.0 -9999.0 -9999.0 -9999.0 -9999.0 -9999.0 -9999.0 -9999.0 -9999.0 -9999.0 -9999.0 -9999.0 -9999.0 -9999.0 -9999.0 -9999.0 14.8364594709 13.9274124203 72.0739398847 565.288685967 600.813561775 620.589869302 22.8413632091 293.496857184 305.114143854 310.063652324 11.9322885946 24.8535772749 36.3288966371 605.713263013 614.397569667 621.754986343 2463.8135699 1452.34135412 7.85610058459 7.75339659633 7.4447252044 5.62324915735 57.3179289923 68.4922817048 78.1814875024 83.5356724244 88.6703554715 602.398337006 605.983761525 610.193956877 620.022048829 660.856097065 662.61725929 795.446832916
-9999.0 -9999.0 -9999.0 -9999.0 -9999.0 -9999.0 -9999.0 -9999.0 -9999.0 -9999.0 -9999.0 -9999.0 -9999.0 -9999.0 -9999.0 -9999.0 -9999.0 -9999.0 -9999.0 -9999.0 -9999.0 -9999.0 29.0006574523 44.2540321301 17.7070056374 24.2588367318 211.650061743 235.291429051 254.141002766 126.699607525 139.022732173 152.220991274 164.056030769 586.643485955 597.708574257 364.491591225 995.288995414 1003.81774716 1445.65262289 15.3641278484 7.5629711893 5.26925299941 39.5747697246 46.2760629317 3.71391752634 3.40704426929 585.948289407 594.668327159 598.998676096 4.89204758861 7.1043571845 654.335178654 4.55537471863 13.4561397517 14.7281605267
-9999.0 -9999.0 -9999.0 -9999.0 -9999.0 -9999.0 -9999.0 -9999.0 -9999.0 -9999.0 -9999.0 -9999.0 -9999.0 -9999.0 -9999.0 -9999.0 -9999.0 -9999.0 -9999.0 -9999.0 -9999.0 -9999.0 14.5150420811 28.7701615932 125.45737556 143.753382231 165.57518054 93.2657499094 113.646295009 13.6827206626 386.749913982 399.269904018 411.288862824 11.556833266 343.709839453 355.064123296 8.60876403301 1404.92830494 17.4982112574 8.62961929939 21.3985058097 28.9875592894 5.45484817456 4.32791094182 541.981423659 578.000470257 583.297225951 5.35677989913 10.740377928 13.5657076805 15.8857482676 31.2604443162 4.74652250472 11.0817775187 2.19562344285
-9999.0 -9999.0 -9999.0 -9999.0 -9999.0 -9999.0 -9999.0 -9999.0 -9999.0 -9999.0 -9999.0 -9999.0 -9999.0 -9999.0 -9999.0 -9999.0 -9999.0 -9999.0 -9999.0 -9999.0 -9999.0 -9999.0 14.3805819947 45.9656118647 81.6977094745 21.3577792674 45.1448185769 70.1495224699 331.55830222 347.852555001 360.743790168 11.9887402512 276.045420476 311.390696473 322.564156716 8.60351357927 1369.04125492 1388.01242713 8.74119594121 8.02229936787 15.5245284878 6.10249428253 513.601770559 524.230614701 530.27166858 23.0123911517 28.155924383 4.38182532432 7.70835650703 3.3599942467 23.4350849665 3.5222281886 2.77361331409 2.99520279966 3.20874681034
-9999.0 -9999.0 -9999.0 -9999.0 -9999.0 -9999.0 -9999.0 -9999.0 -9999.0 -9999.0 -9999.0 -9999.0 -9999.0 -9999.0 -9999.0 -9999.0 -9999.0 -9999.0 -9999.0 -9999.0 -9999.0 -9999.0 -9999.0 16.5956987557 18.7869951715 24.0324065479 213.64359319 238.156109516 309.403823253 18.4489921167 225.661441099 253.452927681 12.1808735256 24.7452966223 9.4863774979 1342.04865654 10.0946072638 27.2058417703 33.8702465092 40.1866992221 475.533047694 496.590536053 503.375849958 6.80624091925 12.4567921801 17.4849022226 2.83328625831 2.51142299315 1232.8498565 1235.43562578 1237.55697211 1259.60359139 1262.42992949 1266.2576793 1268.68258405
