data/baseflow/mHMbf_acc488.asc
ncols                  80
nrows                 72
xllcorner      4374000.0
yllcorner      5656000.0
cellsize            500
NODATA_value       -9999
[rows 25 to 49 of 72, columns 0 to 54 of 80]
-9999.0 -9999.0 -9999.0 -9999.0 -9999.0 -9999.0 -9999.0 -9999.0 -9999.0 -9999.0 -9999.0 -9999.0 14.4896509925 28.6737280385 13.1747654231 26.4953769497 12.1733152336 90.8914463287 114.848887347 127.108198606 11.5726762777 20.8148974251 225.06168697 276.007051559 284.848303551 22.332598648 20.9639733942 27.2638626602 2.0363083736 1.87091681257 3.60796987905 2.98540808368 399.632025929 403.699009292 408.539251018 2461.15471908 5752.85142356 5715.40437405 3.57274133464 1.54003214232 1.40402137861 7.9267302396 6.61101921129 27.9502756507 41.8458131305 86.0189146138 8.0041044434 7.98017104584 72.1299982047 77.8459049858 154.437404217 158.472834689 165.28589487 167.385104499 1.99077279801
-9999.0 -9999.0 -9999.0 -9999.0 -9999.0 -9999.0 -9999.0 -9999.0 -9999.0 -9999.0 -9999.0 -9999.0 -9999.0 13.539180795 27.0179033476 40.547592508 65.6710183812 13.242470562 12.3069884311 103.549729703 114.98126628 208.403522579 219.669460948 31.9067645723 11.6256801944 11.2316146803 10.5185433114 381.586489466 386.460629684 389.064688314 390.929114543 396.19953273 49.0913555897 55.6867476487 470.680498685 8688.96799202 26.507802313 20.2897689728 6.80976021261 2.21558218141 1.45592429491 10.7893636736 11.9993187333 30.5043706475 1.24000961389 87.8939438209 11.531323749 11.1919077905 1.29077962368 0.996363046964 1.00518333203 2.52193988719 1.06509046641 168.437884146 2156.9947781
-9999.0 -9999.0 -9999.0 -9999.0 -9999.0 -9999.0 -9999.0 -9999.0 -9999.0 -9999.0 -9999.0 -9999.0 -9999.0 -9999.0 13.1844497139 30.9845391976 48.5007590006 66.6715458303 79.0047247935 91.6305468548 36.977320246 61.0232319809 11.2735401519 11.038700794 328.200383232 350.192168587 360.843157144 372.426127653 8.47867694266 14.1278911096 37.6153859579 40.7200759756 44.1225646541 6.98268258804 9.23782031268 8712.22324564 7.05801893229 9.30441475837 4.42025199772 10.474737483 4.77660829607 3.63144169515 45.5436760945 50.6739061684 2.74821783723 91.4256205478 104.029048586 12.1564029921 2229.49584599 2227.08613705 2224.86508554 2217.65701535 2212.50520174 2165.168648 2161.76179737
-9999.0 -9999.0 -9999.0 -9999.0 -9999.0 -9999.0 -9999.0 -9999.0 -9999.0 -9999.0 -9999.0 -9999.0 -9999.0 -9999.0 5.07881215532 11.3997558011 17.8394293035 173.324597054 185.998099159 12.7503597773 12.4481544576 12.0518548867 283.374545008 306.338384118 11.2298540067 11.5079454542 10.1198358858 41.0973977287 51.2645008364 24.8060417535 30.0980369838 230.156636617 236.368798031 253.177843502 401.203489823 9118.60580301 7.70869456919 4.13474282473 16.989458324 13.6245876257 3.47385658013 10.8451654689 14.5631348589 54.8912394727 58.9836834199 170.655092786 105.755123237 13.1886743102 2289.34775483 33.2335092403 2222.34955082 2220.11364493 42.95199361 3.84911575727 1.80695858447
-9999.0 -9999.0 -9999.0 -9999.0 -9999.0 -9999.0 -9999.0 -9999.0 -9999.0 -9999.0 -9999.0 -9999.0 -9999.0 -9999.0 26.3964849371 43.1651636118 88.205357931 156.810795644 204.055847177 235.750637604 248.000636811 260.375334719 272.306000809 11.322534612 10.955220309 21.495635554 20.5899505553 10.4917515583 198.86229787 208.846762587 218.410513209 227.229360688 120.621110131 124.53065111 136.357784328 9122.99466748 13.5404672139 11.659181444 30.5500912184 2.793636711 9.43596258913 5.40806837481 3.47829353131 19.0421088529 3.42570520499 3.56375549668 2478.56401925 2304.80725495 2301.08589929 12.2104421809 31.3729097985 19.0499231901 3.55831870017 33.3295064384 7.76121114499
-9999.0 -9999.0 -9999.0 -9999.0 -9999.0 -9999.0 -9999.0 -9999.0 -9999.0 -9999.0 -9999.0 -9999.0 -9999.0 -9999.0 18.384305969 17.3773114322 34.0425043537 51.5931941177 15.3917448564 13.1769109012 25.4605655243 37.739915117 60.9394005003 72.4711307945 83.643104379 116.561953693 127.12433141 137.953180194 10.067378952 100.430043791 108.20751106 113.020896826 2.55477473825 1.00955208802 2.35156032077 9257.05124158 9261.26272016 9283.29002205 38.5291609473 5.68890137916 13.8009001372 3.75321169606 6.51871143999 22.4535044056 28.830462912 6.67655458404 2495.81116543 6.25911742588 7.11535571231 7.33491595193 7.42519735703 11.480591064 5.21214481874 23.7333302263 15.6159305592
-9999.0 -9999.0 -9999.0 -9999.0 -9999.0 -9999.0 -9999.0 -9999.0 -9999.0 -9999.0 -9999.0 -9999.0 -9999.0 -9999.0 -9999.0 16.5439309455 32.7754339634 16.11697282 32.8955077478 202.572785072 216.699756654 228.932180565 11.603663975 11.6456779904 22.7645855938 33.8777082623 54.5617953885 64.9384183694 70.8948643819 80.4387370382 8.00723304012 5.88081074477 119.670442317 121.017590984 123.69824573 127.258187806 111.632613075 9409.73389128 9470.4847952 9472.99527752 9489.02280024 9502.34513043 9513.55432601 3.7891334122 32.0707457331 2499.75755125 9.42713212456 4.80160778666 6.39173119108 5.81766912261 9.69440701125 6.84276682728 3.81668598583 4.75264263655 3.74201451412
-9999.0 -9999.0 -9999.0 -9999.0 -9999.0 -9999.0 -9999.0 -9999.0 -9999.0 -9999.0 -9999.0 -9999.0 -9999.0 -9999.0 -9999.0 -9999.0 48.6656546942 65.6938316885 116.726380789 152.284962892 18.3274000395 260.123681871 271.622605059 283.077647511 11.4368849012 22.5542138547 10.4547200895 75.8764560391 81.1576240476 89.6720545229 98.0092783913 116.149683292 118.040912068 1.31113707348 96.3137377657 103.772545636 108.102660276 122.204832169 18.3611824293 11.6056856399 6.62552684778 6.24875677801 9523.93382286 9530.27458233 9586.90550024 2504.27091999 26.8882098379 13.3337433281 9.51611271673 2.62943961697 23.7937939587 10.9141661004 3.56333683282 17.9930486941 14.8138659729
-9999.0 -9999.0 -9999.0 -9999.0 -9999.0 -9999.0 -9999.0 -9999.0 -9999.0 -9999.0 -9999.0 -9999.0 -9999.0 -9999.0 -9999.0 -9999.0 17.6199697972 82.7875328643 100.580566335 18.6769031616 12.3413506171 24.6252952836 36.1146588193 330.726291582 11.3223073215 45.4744939901 56.1495348827 66.6034315056 5.70341583118 13.5659157503 16.4801986408 77.3957171653 84.1345378487 87.6167565978 3.73717458697 3.23727959602 3.32575127296 6.1180229778 2.41284396088 2.55240452485 5.09604512167 3.71713769784 5.16788953944 19.6579568673 9593.25779111 12114.4264425 32.7112511843 3.83264014073 3.20592682257 68.3274588709 62.6609111316 34.9331276382 30.8211715966 22.3672582562 4.77003301999
-9999.0 -9999.0 -9999.0 -9999.0 -9999.0 -9999.0 -9999.0 -9999.0 -9999.0 -9999.0 -9999.0 -9999.0 -9999.0 -9999.0 -9999.0 14.8504951613 48.7772222452 16.2111388601 16.3396663622 13.28387092 25.8056882183 37.8750317398 51.7330947059 398.598045681 409.560111538 11.2111197237 21.8314750156 32.5102108242 39.6467815195 46.3598614011 64.8244329571 73.8277318279 2.05226701042 3.56768428557 3.58660333938 5.3649465942 5.00329383302 5.05074460813 4.23104754306 4.80423117399 22.5986101541 11.1375671532 7.56941874572 7.50376566455 5.84833628199 11.0041254528 12342.1482751 192.156737284 87.3120174687 11.1790279127 5.36638761384 3.99838519068 11.5797922385 7.21375232805 3.3434632028
-9999.0 -9999.0 -9999.0 -9999.0 -9999.0 -9999.0 -9999.0 -9999.0 -9999.0 -9999.0 -9999.0 -9999.0 -9999.0 -9999.0 15.4505318618 30.1565646184 110.091301214 15.9924850878 35.1535195853 48.187209972 60.6786416297 12.7034425096 24.3074409106 40.2024455956 465.107344013 10.7754894033 20.9450170469 31.204442206 9.39458019348 18.1894542772 19.9888926379 27.3156124969 793.201446154 801.886254468 810.544223531 853.358823259 868.278989824 901.912762378 10.0459293503 20.5000632725 27.6737489391 1016.51383399 1029.54945704 7.03731615341 11.5027481339 15.9222191661 12348.4418007 186.072243393 84.8206381066 78.7719292145 70.5895066919 64.4561603031 15.378188242 4.17773607713 6.8975672085
-9999.0 -9999.0 -9999.0 -9999.0 -9999.0 -9999.0 -9999.0 -9999.0 -9999.0 -9999.0 -9999.0 -9999.0 -9999.0 -9999.0 15.5365082191 47.3987985064 173.143744241 255.054506014 14.5571166409 336.807010729 413.770927716 12.0718100757 23.5161833264 38.2542784164 577.704900716 591.711396428 9.81632858886 50.961456995 60.1301405436 66.3739305575 743.932035699 753.320715989 763.043363093 5.23426501385 29.9944960064 35.6353062835 17.2939373576 24.8524867384 937.999036992 970.514959251 977.265907785 983.808508365 1039.49753141 4.89509361122 4.6313533098 24.9932614411 12355.7937687 7.48964847258 0.95939399794 2.82848748725 1.14392457148 55.5009883418 53.0940317238 31.6556990693 21.5224670625
-9999.0 -9999.0 -9999.0 -9999.0 -9999.0 -9999.0 -9999.0 -9999.0 -9999.0 -9999.0 -9999.0 -9999.0 -9999.0 -9999.0 -9999.0 -9999.0 33.2269458392 66.95853666 303.297272134 320.597913795 429.196550352 445.818272635 12.014147764 23.9983237226 60.0089899842 606.883366522 628.1734736 637.237192202 7.87351639076 665.914278763 674.774809397 6.43202522503 5.29136136358 10.2649554857 20.1956217167 4.98455442398 10.3256591888 23.6451205196 29.962541249 5.78417739939 4.55978355438 9.27541543344 1069.09187136 1077.55748348 1081.76749018 1116.82508856 12362.3909221 6.0742577969 0.553374786948 0.720009348874 0.697535583989 0.726874168194 0.619738178652 1.11191981825 4.22356034896
-9999.0 -9999.0 -9999.0 -9999.0 -9999.0 -9999.0 -9999.0 -9999.0 -9999.0 -9999.0 -9999.0 -9999.0 -9999.0 -9999.0 -9999.0 -9999.0 17.2971529515 16.9661482896 16.9446505675 34.3145258759 15.5698523191 476.667101572 492.041887672 12.6482648292 23.9283853786 11.3522953564 10.2221302941 10.0226027868 652.45658189 2.34945908491 4.72528735091 4.24049032775 5.38981105581 4.96051577381 4.21112799539 4.3376154385 13.2620017812 18.034364328 3.90202964476 3.63608673282 7.7702439197 12.5384383077 15.217051723 3.45554889678 1086.81962854 1121.24991437 12367.7559222 13.6077315743 1.34304033168 0.349288294424 0.946398883201 0.260768332615 0.187383336577 1.33374589841 19.6016213212
-9999.0 -9999.0 -9999.0 -9999.0 -9999.0 -9999.0 -9999.0 -9999.0 -9999.0 -9999.0 -9999.0 -9999.0 -9999.0 -9999.0 -9999.0 -9999.0 -9999.0 -9999.0 16.8013501266 49.9034695431 64.1462450147 79.2442649911 506.798999002 521.447242709 536.368410579 551.646233223 561.486989 581.637027847 584.319056842 586.327696469 589.226799198 4.83687177449 4.63858480243 4.84848786578 17.88159136 4.684282928 4.55956542781 3.83418752578 11.4443619544 4.45047481145 3.7846003376 3.5754979602 3.17043042229 6.33036282395 9.36547979646 1140.9584459 13527.6105961 6.10197393207 12.2052434846 0.231398761501 1.24533887418 0.609657687198 0.377639761259 36.7782580659 32.4325282544
-9999.0 -9999.0 -9999.0 -9999.0 -9999.0 -9999.0 -9999.0 -9999.0 -9999.0 -9999.0 -9999.0 -9999.0 -9999.0 -9999.0 -9999.0 -9999.0 -9999.0 -9999.0 -9999.0 14.1770794728 110.857768407 220.741428478 236.646305091 17.416104369 30.2498047912 41.5261202223 51.4066077088 114.744374657 119.385038706 4.63335095486 4.5447963741 598.956280992 608.065483409 612.341500434 21.5872450311 3.61536461222 8.43342737894 12.4323753925 37.1167672405 45.5842169233 52.8881210811 6.83257883676 9.72833692376 3.32995215439 6.72435131432 3.4898855513 13534.8144683 5.71535854225 23.2765767787 6.1560860205 9.96454039707 34.1374203288 37.5709155195 77.4977532161 30.2770295575
-9999.0 -9999.0 -9999.0 -9999.0 -9999.0 -9999.0 -9999.0 -9999.0 -9999.0 -9999.0 -9999.0 -9999.0 -9999.0 -9999.0 -9999.0 -9999.0 -9999.0 -9999.0 15.5712433892 49.3187794106 96.8767866431 126.918865413 328.361491095 345.387438389 23.4146668039 34.7201889842 44.6131104117 54.26543437 122.571458957 131.286228311 217.370152215 223.804476904 227.909313476 616.844899696 650.945891174 8.29087834179 5.05088414258 4.90102464027 9.57907318121 4.52688153192 61.7053018997 65.2195872216 12.9744179092 15.4875126838 2.96597540415 3309.35351702 3316.83964877 16857.2815624 16888.2771874 5.88605654348 22.2129692079 8.7306755148 7.06318296086 88.0843173151 122.272795744
-9999.0 -9999.0 -9999.0 -9999.0 -9999.0 -9999.0 -9999.0 -9999.0 -9999.0 -9999.0 -9999.0 -9999.0 -9999.0 -9999.0 -9999.0 -9999.0 -9999.0 -9999.0 -9999.0 17.5137131356 17.0870425112 32.4792713063 77.4493606157 360.157364759 12.0025141295 11.8650552002 22.0223550618 32.0954717854 71.6410948526 75.5663478424 2.67701075407 4.39419281977 233.456008298 238.264275697 893.082667818 896.698113587 3.38977105162 3.08331074794 2.76126835666 2.78395252743 2.91367218247 3249.91455062 3270.12490477 3288.19255197 3293.56271366 3306.73180194 3.93883650769 14.8175837934 19.2382861835 16917.4318524 16921.9637202 16925.7110815 16928.4972211 16930.6616808 125.693884318
-9999.0 -9999.0 -9999.0 -9999.0 -9999.0 -9999.0 -9999.0 -9999.0 -9999.0 -9999.0 -9999.0 -9999.0 -9999.0 -9999.0 -9999.0 -9999.0 -9999.0 -9999.0 -9999.0 -9999.0 15.8181662226 16.4773746244 30.7616173559 420.288868919 436.038034619 11.6763855745 21.8188209406 32.0674957837 36.3404647865 3.27625366263 8.21828728829 863.188587719 867.94647445 871.695856451 903.693530078 1804.00275446 3124.12434646 3131.59039456 3138.66013166 3145.50195022 3172.68531865 3181.23680676 17.0778440745 7.99403014935 4.62382237939 8.8640847495 7.35198251857 11.4891347342 3.84971250274 75.7953262392 89.7943894192 101.332643697 104.182135156 16933.6912746 17062.6601954
-9999.0 -9999.0 -9999.0 -9999.0 -9999.0 -9999.0 -9999.0 -9999.0 -9999.0 -9999.0 -9999.0 -9999.0 -9999.0 -9999.0 -9999.0 -9999.0 -9999.0 -9999.0 -9999.0 -9999.0 -9999.0 16.0763850066 30.882682442 45.7507730696 448.903336781 14.0463297909 604.728971604 615.375442648 618.681433131 623.67503054 843.39594971 849.38428299 5.17133934887 24.1731535266 29.0856543184 5.27994104121 1312.55925501 1302.82645209 3.50256850664 7.85487607083 20.8886076035 4.50535376435 4.83786128297 4.03733563101 3.67592959524 3.01612954502 3.52085685344 63.307160757 67.0595371531 71.3585679593 8.89103171494 6.60592308018 109.565811548 113.845707527 116.08162143
-9999.0 -9999.0 -9999.0 -9999.0 -9999.0 -9999.0 -9999.0 -9999.0 -9999.0 -9999.0 -9999.0 -9999.0 -9999.0 -9999.0 -9999.0 -9999.0 -9999.0 -9999.0 -9999.0 -9999.0 -9999.0 14.7703390693 13.9200141988 71.913260628 550.66028327 579.727047699 594.702832504 10.8846159141 211.194456445 213.903569592 215.495947495 5.28129903235 11.028652698 16.2281795922 300.07906669 304.304152687 308.120570305 1295.45479769 817.009463048 4.33672841676 4.43520798445 4.26262672651 3.66080218311 36.2314765512 44.2718356644 51.5112026716 55.5910800402 59.5614449803 325.866496033 329.140132642 331.608171427 337.452847704 375.240835834 377.873625042 496.988561941
-9999.0 -9999.0 -9999.0 -9999.0 -9999.0 -9999.0 -9999.0 -9999.0 -9999.0 -9999.0 -9999.0 -9999.0 -9999.0 -9999.0 -9999.0 -9999.0 -9999.0 -9999.0 -9999.0 -9999.0 -9999.0 -9999.0 28.9189160406 44.1084054479 16.3908878768 12.2213199372 176.152673657 187.420693984 195.086743852 64.1554339908 66.670971338 69.9954212799 75.1058211959 290.695454619 296.110630073 157.217696943 470.033669046 474.501437304 813.311752749 8.88808101556 4.4786416378 3.4264485933 24.5975107319 28.9171117483 3.15005292603 3.00205242966 311.031540804 318.643112973 322.727272979 3.0769818239 4.29024162376 368.412679897 4.37940979959 19.2601652876 21.5780186911
-9999.0 -9999.0 -9999.0 -9999.0 -9999.0 -9999.0 -9999.0 -9999.0 -9999.0 -9999.0 -9999.0 -9999.0 -9999.0 -9999.0 -9999.0 -9999.0 -9999.0 -9999.0 -9999.0 -9999.0 -9999.0 -9999.0 14.495232413 28.7112698261 122.090115315 138.614417442 152.88425074 52.3980353397 61.6150217804 2.8158365686 204.701878999 207.311500662 210.319270848 4.39709305297 147.011193223 152.569984706 4.49993245153 790.492067489 9.55192533214 4.71722357837 13.0150360785 17.505856529 3.73111900483 3.17323011391 275.660598294 303.858183765 308.276217167 4.26393531939 10.1928034049 12.9666895117 15.3931311308 29.2842703528 7.12493380067 15.6643672293 3.46275243465
-9999.0 -9999.0 -9999.0 -9999.0 -9999.0 -9999.0 -9999.0 -9999.0 -9999.0 -9999.0 -9999.0 -9999.0 -9999.0 -9999.0 -9999.0 -9999.0 -9999.0 -9999.0 -9999.0 -9999.0 -9999.0 -9999.0 14.3556101364 45.2538021838 78.8894804595 17.3412567095 29.409728345 41.5812063954 191.907266506 196.449915357 199.349835768 2.56244038004 125.276773809 133.857514383 137.89438881 2.52013252324 771.27325237 781.615687926 4.94480154445 4.62354923201 9.30767540055 4.02604554556 254.367354424 261.923252285 266.3337788 17.0046794121 21.3305227893 3.91326702044 7.23492425854 3.34597620016 22.6868943398 3.5147003777 3.94473532739 4.1920887061 4.35814679154
-9999.0 -9999.0 -9999.0 -9999.0 -9999.0 -9999.0 -9999.0 -9999.0 -9999.0 -9999.0 -9999.0 -9999.0 -9999.0 -9999.0 -9999.0 -9999.0 -9999.0 -9999.0 -9999.0 -9999.0 -9999.0 -9999.0 -9999.0 15.9601720794 17.4457188436 16.6672936646 133.846791933 145.684824799 181.111553341 6.5343435907 113.521054335 120.386283122 2.88336154996 6.07782168518 2.33340387173 761.596866896 3.26630736939 11.4996479604 15.182742546 18.6528412883 230.563869554 242.449138504 247.07206241 4.62674643285 8.85655066571 12.7697224454 2.82392378252 2.64077538591 739.84909957 742.603613516 744.973152668 766.518753726 769.592177863 774.052632364 777.738476442
