data/baseflow/mHMbf_acc385.asc
ncols                  80
nrows                 72
xllcorner      4374000.0
yllcorner      5656000.0
cellsize            500
NODATA_value       -9999
[rows 25 to 49 of 72, columns 0 to 54 of 80]
-9999.0 -9999.0 -9999.0 -9999.0 -9999.0 -9999.0 -9999.0 -9999.0 -9999.0 -9999.0 -9999.0 -9999.0 23.7251695026 46.7184286375 22.5510428693 45.6164053016 21.3410613427 153.457768186 196.406147486 218.479331214 21.4335260534 41.6155276433 371.778155053 471.26343357 491.131129292 43.8528671509 42.201943166 63.0599378439 19.5352595111 19.0730230887 37.4022355308 16.0528705074 615.225703663 629.364155316 647.079270308 5007.39375324 9671.34633419 9560.09800213 33.7575258367 14.1087536895 12.5953676067 42.6769342343 29.5755726347 58.7188700352 75.28671578 150.269359704 14.3577617798 14.4517644013 129.795284527 144.290002818 287.043254674 299.481550562 331.259796617 346.423136308 13.3469851937
-9999.0 -9999.0 -9999.0 -9999.0 -9999.0 -9999.0 -9999.0 -9999.0 -9999.0 -9999.0 -9999.0 -9999.0 -9999.0 22.7640247706 44.9825941572 66.9461427453 110.478485677 22.1383883178 21.6231263128 140.861275238 161.767875495 331.564583455 352.693292531 61.058726329 21.490660945 21.2637899349 20.6869679983 509.754910792 528.693525776 548.143518103 566.767233075 600.417805202 138.797622535 154.102217189 816.284921702 15500.5078551 98.1640632396 85.7966701714 47.3935652674 11.2212746805 10.6625829788 68.2365670441 78.0890974203 82.6284084533 12.1547608971 164.126641113 28.0457509615 27.9143054687 11.2627772502 8.05617673483 6.89936397885 5.33186924087 6.98769745304 356.530867085 5162.80706653
-9999.0 -9999.0 -9999.0 -9999.0 -9999.0 -9999.0 -9999.0 -9999.0 -9999.0 -9999.0 -9999.0 -9999.0 -9999.0 -9999.0 22.0397812812 41.1165094526 59.0328254356 77.2049481151 98.1997146666 119.701104887 63.8592971413 106.978540203 21.0625566956 20.9226220347 408.131394819 449.365370398 468.957469761 490.024706176 19.5876620406 38.2820695249 92.5401688774 110.655362167 125.88013662 15.5191796743 13.5240273557 15535.1208992 12.6862685626 20.2196921377 9.35020932866 41.8903062378 20.5071343221 9.2721313646 171.196369171 178.185530533 6.51559528308 170.817284424 206.548733196 37.3835563586 5462.20224119 5444.25249693 5428.55765099 5401.26375336 5391.60168384 5204.69901543 5198.04089896
-9999.0 -9999.0 -9999.0 -9999.0 -9999.0 -9999.0 -9999.0 -9999.0 -9999.0 -9999.0 -9999.0 -9999.0 -9999.0 -9999.0 4.62263740601 10.6514681496 17.7472724023 164.250172055 185.272119512 20.9627217991 21.6511504994 21.3167649273 325.859279588 367.762555637 20.8103083557 21.6431442202 19.2338067989 76.9340996338 96.0009908421 58.0942115437 73.8897370301 423.511234953 440.154878083 468.472727513 766.795492565 16307.9412535 11.8737701555 8.29132343849 61.3614034133 51.625126652 8.12136385824 25.6230936622 32.9022984585 186.450849255 193.213590622 419.974993645 213.98128231 45.2503433114 5602.43223188 63.0016280473 5414.85326997 5408.38775681 176.648639006 9.21392496891 30.361761759
-9999.0 -9999.0 -9999.0 -9999.0 -9999.0 -9999.0 -9999.0 -9999.0 -9999.0 -9999.0 -9999.0 -9999.0 -9999.0 -9999.0 23.9057229137 39.1088879692 81.9079933013 144.160367248 202.094984024 242.047409563 262.910049648 284.418856072 305.795332021 20.9253433222 20.2277489137 40.0389002631 38.7055671996 19.5587882393 360.168316482 378.890768371 396.690609181 413.960865659 253.394729348 270.858319818 286.277192027 16312.9006174 19.1947708476 19.3763832933 86.4743698891 8.97116632102 13.3635683251 6.58664168522 6.77347332734 38.9742201111 5.53317981909 5.97778329595 6053.51812082 5629.3369469 5623.68959469 23.728663434 56.2319574309 37.5857531401 10.3234272973 162.398764378 50.3645863774
-9999.0 -9999.0 -9999.0 -9999.0 -9999.0 -9999.0 -9999.0 -9999.0 -9999.0 -9999.0 -9999.0 -9999.0 -9999.0 -9999.0 16.7113193459 15.6699783968 30.7504526949 46.7361704793 20.464535212 22.2845569863 43.4784052908 64.5949423019 106.628230773 127.353059761 146.609626142 206.849565783 225.939991701 245.898111951 18.7072353371 184.677760198 202.349911821 219.962820244 16.9470942765 12.0557552078 20.4226335725 16612.2578311 16616.9372838 16646.4590582 109.521383964 17.1474971453 23.6214221876 6.49664568402 12.0314382448 44.2690805885 54.5604243495 10.8075804057 6079.2558956 7.95601127287 12.8652447015 14.3962803295 10.2384434037 20.1382169846 8.37204908685 100.070609184 81.7940162969
-9999.0 -9999.0 -9999.0 -9999.0 -9999.0 -9999.0 -9999.0 -9999.0 -9999.0 -9999.0 -9999.0 -9999.0 -9999.0 -9999.0 -9999.0 14.9770032716 29.6965073251 14.4977021908 29.8177688491 186.85121755 205.843326013 226.699741866 20.9017751736 20.8885016908 40.3106360543 60.6795065114 98.0699776181 117.145574069 129.207444722 147.445911066 16.7834789184 16.5585356284 249.857581036 260.644635461 267.643777367 273.908392014 230.342521456 16902.6410377 17053.1068894 17059.020328 17088.1659187 17118.546668 17135.91016 5.49756368832 59.3364970275 6084.1517094 13.1058287316 6.73568865181 5.82626017365 5.16589753199 9.24669703069 10.3362279879 6.02397119056 8.97787948186 9.34225572312
-9999.0 -9999.0 -9999.0 -9999.0 -9999.0 -9999.0 -9999.0 -9999.0 -9999.0 -9999.0 -9999.0 -9999.0 -9999.0 -9999.0 -9999.0 -9999.0 44.1225622167 59.6490816812 105.528365635 140.519454584 18.6374613671 266.718690325 287.058390285 307.178313808 19.7212983944 39.2388379019 18.4366164078 133.131177768 144.52227513 161.398717536 178.978096111 225.428120541 233.997003067 5.33428389312 206.898309939 219.040209382 224.433850739 251.238452423 35.9553433368 23.5728407045 15.8330064647 15.4087276312 17154.6665412 17162.1530476 17261.4721364 6088.81864483 33.6296956306 16.0714360567 10.3121439324 3.6025828199 30.8232299921 17.08029236 5.22761778781 29.2648002814 24.8609833151
-9999.0 -9999.0 -9999.0 -9999.0 -9999.0 -9999.0 -9999.0 -9999.0 -9999.0 -9999.0 -9999.0 -9999.0 -9999.0 -9999.0 -9999.0 -9999.0 15.9385365336 75.0672063723 91.0797352972 19.7257679151 20.9074662995 41.8953369549 62.4727352759 389.067960411 19.4396173891 78.531016179 96.8145034526 115.493053778 11.9629820184 28.0503359911 40.0282428273 161.523296624 185.104542261 189.887040951 5.76076926519 6.38984442688 8.40421996526 15.3754414721 7.01837016386 7.64894116419 15.4361291316 12.2945486976 15.3761654391 34.994777353 17270.1749484 23379.7216058 41.6952723623 8.12074388737 3.33792814884 98.0235908523 90.1171563787 54.0117808904 48.7328048687 36.8453474619 8.55876231491
-9999.0 -9999.0 -9999.0 -9999.0 -9999.0 -9999.0 -9999.0 -9999.0 -9999.0 -9999.0 -9999.0 -9999.0 -9999.0 -9999.0 -9999.0 13.4544277644 43.9109864789 14.4817634264 20.7775189702 21.1343870578 41.7498265274 61.8008200772 80.1046585641 484.146826185 502.83811127 19.2531017493 37.3745605312 55.5035855987 70.4635811263 87.3260504583 144.222693869 155.307906902 16.9516390322 11.6328086184 10.8063399397 16.438103104 15.176357718 14.4129666478 12.5298306441 14.8556296559 50.1603916721 22.7005075895 6.91434341089 6.57659570275 7.55208771054 14.2548868836 23696.326248 267.610250559 112.8421708 6.80072672862 2.77183174994 2.76136019844 11.2069400821 8.26747559353 4.48265290012
-9999.0 -9999.0 -9999.0 -9999.0 -9999.0 -9999.0 -9999.0 -9999.0 -9999.0 -9999.0 -9999.0 -9999.0 -9999.0 -9999.0 14.312390067 27.3365201136 99.2308465104 14.2423571562 39.3503864997 60.260323046 80.7225599705 20.4338163667 39.6942392019 56.6198113563 573.696077643 18.4586844104 35.9073615712 54.1997646652 17.5380475756 35.0333565049 51.6449790789 63.130544373 1227.24028526 1250.94660082 1272.7404153 1371.55372409 1417.93297157 1500.88456538 20.3113621118 47.3117341522 62.9900546337 1747.72347422 1761.53901598 6.08037128799 11.801492427 17.2344761037 23701.863781 251.333732735 130.126752197 126.815852216 88.3831244246 72.6094822605 14.852899622 3.28289433639 7.16792619039
-9999.0 -9999.0 -9999.0 -9999.0 -9999.0 -9999.0 -9999.0 -9999.0 -9999.0 -9999.0 -9999.0 -9999.0 -9999.0 -9999.0 14.3831297597 43.5853517043 157.018583073 231.337517609 12.8801883763 304.476738464 399.705719156 19.4479564931 38.2062789689 55.4340212305 734.778160101 749.602402467 17.3988792349 90.2722443533 107.931369451 123.421736639 1073.404566 1123.57127473 1149.78683003 12.1989714517 69.5607847831 82.6827001652 38.6345333508 55.8049285274 1577.54739932 1649.81008917 1663.50921035 1676.53763008 1776.99836047 7.56644013721 6.51167606513 28.7761054829 23706.1176014 5.03138843296 11.9268822349 35.6885776331 13.3862010831 67.4339673395 46.0183038136 26.8175378064 19.9536044334
-9999.0 -9999.0 -9999.0 -9999.0 -9999.0 -9999.0 -9999.0 -9999.0 -9999.0 -9999.0 -9999.0 -9999.0 -9999.0 -9999.0 -9999.0 -9999.0 30.1915847162 60.8103195161 274.598369038 290.052137226 413.410499141 428.158273094 19.7330323206 39.3380763346 93.0339199089 763.600535389 798.256677617 814.963762291 15.6631043362 880.539688404 933.967198312 33.5787286556 12.3433013437 23.9941305027 46.8720114877 11.4089585957 23.2701391192 51.0604805343 64.5722625026 12.5069938127 8.54050154034 17.0631012765 1839.57359505 1861.73882216 1867.26812031 1910.27746701 23709.8548055 2.9145059749 8.94310474767 10.4670538802 10.3317626054 10.5592085642 9.34675104076 17.6587299759 2.12727409236
-9999.0 -9999.0 -9999.0 -9999.0 -9999.0 -9999.0 -9999.0 -9999.0 -9999.0 -9999.0 -9999.0 -9999.0 -9999.0 -9999.0 -9999.0 -9999.0 15.7313121854 15.4433359739 15.2966645819 31.1054167481 13.7878816225 455.48765408 469.115249417 17.7639999211 36.3716477106 19.630583593 18.2211328623 17.9305096548 850.72508324 18.6538424403 37.8539969076 16.1419054408 12.6145333732 11.5060261508 9.31470691551 9.64128675407 28.9880157183 39.4916727166 7.85189595353 7.08996231708 15.0398703656 24.7175807701 33.0571675115 10.2269242787 1875.55995084 1915.69576786 23711.8815171 27.678033461 22.2315205278 6.31975442379 15.6220738694 5.39553732215 4.25408535817 22.2424963215 11.6942113123
-9999.0 -9999.0 -9999.0 -9999.0 -9999.0 -9999.0 -9999.0 -9999.0 -9999.0 -9999.0 -9999.0 -9999.0 -9999.0 -9999.0 -9999.0 -9999.0 -9999.0 -9999.0 15.2922255823 45.2461632628 57.9647601726 71.3440847301 482.212152036 495.144941385 508.334293122 523.898657 541.345016736 578.376352279 595.988873279 614.376499408 629.473218493 11.8054916107 11.1176812028 11.4176054638 40.4168602983 10.5599224068 9.93184238233 8.08600983997 23.4073446105 9.15004481036 7.10934132732 6.63150644601 5.96116834382 11.8963663665 16.8422642845 1949.15352425 25691.2531181 2.38058852105 5.76526891937 5.53813979847 21.2508136578 11.3148161585 8.54854852144 43.1753601878 19.2519046817
-9999.0 -9999.0 -9999.0 -9999.0 -9999.0 -9999.0 -9999.0 -9999.0 -9999.0 -9999.0 -9999.0 -9999.0 -9999.0 -9999.0 -9999.0 -9999.0 -9999.0 -9999.0 -9999.0 12.9702000508 101.062549958 200.134024616 214.201869644 17.4905341082 35.2185891345 53.4918827601 71.3285239903 181.000412058 193.943235917 12.4186225507 12.2277108645 653.065821404 674.628114455 684.741649117 48.4091239496 7.44138068613 17.7030181768 25.9202256529 77.1484967224 94.2868618508 107.831615765 12.4940609349 17.328144323 5.726845298 11.2450728504 5.72589522543 25700.6671278 2.255063091 9.8497605609 8.58881553355 32.5296322229 53.5997274044 63.3782575077 107.736328502 29.4923989243
-9999.0 -9999.0 -9999.0 -9999.0 -9999.0 -9999.0 -9999.0 -9999.0 -9999.0 -9999.0 -9999.0 -9999.0 -9999.0 -9999.0 -9999.0 -9999.0 -9999.0 -9999.0 14.2132946748 44.9895753312 88.3243090669 115.65374544 297.76273515 313.29500825 36.8093073801 55.5155409322 73.1180744352 91.536649219 209.972741029 236.269280203 429.527558499 446.617036197 457.971938617 695.008462225 770.391864181 17.8888527003 11.1689551008 10.7556708855 20.6038666753 9.36721067705 125.442759751 131.864081703 22.724289308 30.7726075623 6.87328031152 4949.5682742 4960.83456921 30666.8217754 30678.9786192 2.08833061626 37.1245213531 2.80059954467 2.62918535845 114.195281401 146.206282567
-9999.0 -9999.0 -9999.0 -9999.0 -9999.0 -9999.0 -9999.0 -9999.0 -9999.0 -9999.0 -9999.0 -9999.0 -9999.0 -9999.0 -9999.0 -9999.0 -9999.0 -9999.0 -9999.0 15.9760795004 15.5658428135 29.669293469 70.6754117663 326.332034682 18.5604161241 18.2727812473 35.7787407789 53.4671897834 140.823935418 157.645641157 12.5024496352 10.8979732933 470.978797885 481.893966306 1263.27125526 1273.62596463 6.35824839465 5.63210042812 4.64730852825 4.69193002847 4.9187629212 4825.9933632 4863.94293913 4902.8561452 4917.07613808 4942.07234088 6.19636883783 22.7945740446 27.9970874849 30714.65628 30715.3105653 30720.1150537 30727.6277947 30732.385117 152.486871683
-9999.0 -9999.0 -9999.0 -9999.0 -9999.0 -9999.0 -9999.0 -9999.0 -9999.0 -9999.0 -9999.0 -9999.0 -9999.0 -9999.0 -9999.0 -9999.0 -9999.0 -9999.0 -9999.0 -9999.0 14.4722427869 15.0492013079 28.0592091877 381.082684922 394.874899284 18.0308794499 35.4465796727 53.347586352 70.500678841 16.306379781 29.5699115197 948.830017769 960.546158095 972.159785458 1054.15825579 2339.20383099 4581.46443994 4596.01875808 4609.09963742 4621.5589227 4671.98408179 4688.10622305 30.6072578176 13.8891196516 8.19335743962 15.4303585675 11.2701437472 17.8948980582 5.57363723627 126.124748028 134.724921513 141.39893958 143.823957451 30734.48834 30892.7635251
-9999.0 -9999.0 -9999.0 -9999.0 -9999.0 -9999.0 -9999.0 -9999.0 -9999.0 -9999.0 -9999.0 -9999.0 -9999.0 -9999.0 -9999.0 -9999.0 -9999.0 -9999.0 -9999.0 -9999.0 -9999.0 14.7323753381 28.2249443033 41.7594811121 406.222187441 14.3689745051 557.889591093 576.104429144 592.80526962 606.427606632 893.681822751 906.795325627 12.6475679221 59.2300817019 72.1532192533 11.5928845902 2227.57511974 2206.88123419 6.59085019101 14.7886985742 39.4655773471 8.65786244542 9.09838023971 6.9808520138 5.89063093206 4.62757340872 5.29327154975 108.635981518 114.043353986 120.529390875 4.6533832594 4.04420089929 145.952997925 148.692252809 150.408161908
-9999.0 -9999.0 -9999.0 -9999.0 -9999.0 -9999.0 -9999.0 -9999.0 -9999.0 -9999.0 -9999.0 -9999.0 -9999.0 -9999.0 -9999.0 -9999.0 -9999.0 -9999.0 -9999.0 -9999.0 -9999.0 13.5694777979 12.7153341399 65.6824125924 498.223584675 525.705897055 540.774099558 18.9197225928 248.621106882 265.361202889 273.529387897 12.6492182724 25.6417276204 37.4142234528 547.170147343 556.081579592 563.794861104 2192.64835111 1232.00936837 8.04169100873 8.35616896944 8.07626934269 6.43015544166 65.3807652666 78.6619019949 90.3487581096 96.7519530759 102.922113116 678.573934791 682.969888851 689.645046616 706.564827366 767.049093917 769.298328589 922.008284494
-9999.0 -9999.0 -9999.0 -9999.0 -9999.0 -9999.0 -9999.0 -9999.0 -9999.0 -9999.0 -9999.0 -9999.0 -9999.0 -9999.0 -9999.0 -9999.0 -9999.0 -9999.0 -9999.0 -9999.0 -9999.0 -9999.0 26.4988073939 40.2926409345 14.2042650368 17.8656234537 174.496415506 193.936746225 211.801266258 108.629227484 126.828795412 144.190533106 156.47241812 527.619759094 539.002965334 370.702722704 943.889650444 952.770149919 1225.0131322 16.6848890123 8.37754495541 6.08804062704 44.9865997973 52.6672471159 4.80880776642 4.4851157758 658.201795186 669.121369412 674.377643637 8.34158844064 12.1025260397 756.632194069 6.64330045156 16.8364817291 18.5594995768
-9999.0 -9999.0 -9999.0 -9999.0 -9999.0 -9999.0 -9999.0 -9999.0 -9999.0 -9999.0 -9999.0 -9999.0 -9999.0 -9999.0 -9999.0 -9999.0 -9999.0 -9999.0 -9999.0 -9999.0 -9999.0 -9999.0 13.243819287 26.2123814381 108.860653582 123.202989796 139.065521864 71.8107118788 90.2076377923 18.9704804358 324.932572509 343.132141369 359.684448071 13.0047694804 349.330696307 360.980226068 9.0749876348 1181.20868569 18.7237797064 9.27092641911 24.2155032316 32.6187563343 6.41844789325 5.28183470494 603.203258771 648.321927078 654.718841849 6.64056024757 14.2378713463 18.1950107576 22.2926937872 44.6866764074 6.08891553986 13.8394187735 2.65177556409
-9999.0 -9999.0 -9999.0 -9999.0 -9999.0 -9999.0 -9999.0 -9999.0 -9999.0 -9999.0 -9999.0 -9999.0 -9999.0 -9999.0 -9999.0 -9999.0 -9999.0 -9999.0 -9999.0 -9999.0 -9999.0 -9999.0 13.1576428386 40.9922402664 69.9901256412 15.4536956721 33.3089018017 53.2719933624 250.026518477 269.473042754 287.921539215 17.7168777412 260.59622076 312.648269728 326.436055251 12.0225237195 1143.00780401 1163.49611241 9.63354742129 8.88030528975 17.5345118533 7.20080475285 568.188131374 581.048419094 588.444666703 28.5325574709 35.1839997387 5.79373074422 10.2561052731 4.50163629302 32.0807781643 4.53825796932 3.5162468859 3.74933289755 3.75509710647
-9999.0 -9999.0 -9999.0 -9999.0 -9999.0 -9999.0 -9999.0 -9999.0 -9999.0 -9999.0 -9999.0 -9999.0 -9999.0 -9999.0 -9999.0 -9999.0 -9999.0 -9999.0 -9999.0 -9999.0 -9999.0 -9999.0 -9999.0 14.2107598075 14.9937154773 16.7182981531 153.909171245 172.906706224 231.020371473 18.9282729644 187.848939967 226.325767224 17.9904166564 36.0941637747 14.692360553 1107.45136486 14.0058312242 34.1928374924 42.0039596779 49.4583161329 519.334756072 547.48949506 555.657160281 8.2081878377 15.2243627053 21.586162498 3.94797283473 3.58074090169 1166.56313421 1170.087754 1172.93308756 1201.80217468 1205.33329315 1209.95633192 1212.83886599
