data/baseflow/mHMbf_acc441.asc
ncols                  80
nrows                 72
xllcorner      4374000.0
yllcorner      5656000.0
cellsize            500
NODATA_value       -9999
[rows 24 to 47 of 72, columns 0 to 54 of 80]
-9999.0 -9999.0 -9999.0 -9999.0 -9999.0 -9999.0 -9999.0 -9999.0 -9999.0 -9999.0 -9999.0 -9999.0 7.94729334205 19.8067482931 25.3499641649 42.7495257485 4.36647056584 8.94806580578 13.0305629277 52.6228892529 55.0003244913 56.0901053776 58.0762413406 60.8781637895 99.2735758202 106.058510507 108.680330971 0.625031179773 4.824579913 5.36235752647 183.085896795 184.642998475 185.556458438 186.561398278 187.196211811 818.050826668 0.862631592737 1871.83321125 0.470480979967 0.168729667201 10.5195966022 9.84118736851 0.893097434415 5.39986707881 8.20771448438 8.06002941723 5.23409467241 8.56442088979 13.5894396707 5.20813175297 13.0529346031 0.785108356931 1.146758377 0.0582718251524 0.0420656298126
-9999.0 -9999.0 -9999.0 -9999.0 -9999.0 -9999.0 -9999.0 -9999.0 -9999.0 -9999.0 -9999.0 -9999.0 6.69819178917 13.2328341301 5.73976906751 12.0587490551 4.57436491769 36.5819689885 44.4357440935 48.9634371832 3.55029504221 6.33402335101 80.9343642156 95.4360502169 97.3463495352 4.89392709565 3.31094616426 4.1156571366 0.369074672504 0.283858273937 0.510590236721 0.319334377034 176.597910014 177.115091094 177.298698688 820.054339183 1876.5145407 1871.95956734 0.215873362454 0.139358688145 0.126082179376 1.19185316346 1.09904001241 5.83029212602 9.2036558386 18.8922856559 1.65564568511 1.63800886801 14.6450627852 15.7200418611 30.9149577714 31.3078729564 32.5172283076 32.6232989556 0.0765781662733
-9999.0 -9999.0 -9999.0 -9999.0 -9999.0 -9999.0 -9999.0 -9999.0 -9999.0 -9999.0 -9999.0 -9999.0 -9999.0 5.66498960067 11.4611951505 17.4652620971 27.2116682932 5.04222793833 4.12280739613 42.4777619696 45.846356206 75.8849252662 79.5518497683 9.98237831878 2.77584998295 2.22348669679 1.67863272715 174.356303501 174.982474306 175.373245737 175.619200145 176.194732354 7.86622683691 8.33521311228 185.879356141 2883.75857318 2.59998230861 1.37216390928 0.47438980473 0.163160521099 0.100477788834 1.41482965651 1.47188051219 6.01072422295 0.0980830081141 19.085596542 2.19382789892 2.11772328758 0.116343533273 0.0562617537187 0.0459759333361 0.124520698996 0.0491631371612 32.6896960045 414.121787848
-9999.0 -9999.0 -9999.0 -9999.0 -9999.0 -9999.0 -9999.0 -9999.0 -9999.0 -9999.0 -9999.0 -9999.0 -9999.0 -9999.0 5.2223646617 13.4436943743 21.679271022 29.9859345207 34.2341078126 38.7182379819 12.0002430038 19.9656614299 3.47547555045 3.2360025322 161.912047164 167.848477873 170.310476926 172.926229438 1.31354070827 2.0079308288 6.19321999506 6.57081289006 7.08914644727 0.657842922544 0.62372318281 2887.6740862 1.31306216835 0.723941390185 0.313021715099 1.04374783676 0.512782177789 0.229791329105 7.6837586019 8.08534709453 0.139111773255 19.2971045844 21.5230371578 2.14970187115 419.75257938 419.589343924 419.462568104 419.082248624 418.820287038 415.366611328 415.063744946
-9999.0 -9999.0 -9999.0 -9999.0 -9999.0 -9999.0 -9999.0 -9999.0 -9999.0 -9999.0 -9999.0 -9999.0 -9999.0 -9999.0 3.48302681034 7.06570037884 8.33981337954 107.553033261 111.785726497 4.38861235901 3.98136401856 3.92340123974 149.05357404 155.936690096 3.10391717629 3.40684597753 2.23224757205 9.43184067676 11.6877926093 4.23636005575 5.18453694689 58.7990621448 59.8999657085 62.9698355101 92.9689024297 2982.24160772 1.39189959379 0.236275482711 1.76114741409 1.42025027028 0.313066182561 0.875152373419 1.18310322666 8.39528741574 8.66164369702 30.6299356231 21.659981465 2.28751346898 425.008843287 1.85543769224 419.339273167 419.221607201 3.20226566835 0.661461189959 0.149149638849
-9999.0 -9999.0 -9999.0 -9999.0 -9999.0 -9999.0 -9999.0 -9999.0 -9999.0 -9999.0 -9999.0 -9999.0 -9999.0 -9999.0 17.4406981625 28.9460708741 55.2365799314 100.700624372 121.169788295 133.799337522 138.094351422 142.260488889 146.045436702 3.23813541586 2.63094292302 5.08764999951 4.69166610219 2.53362123968 52.2948830746 54.455762929 56.3990822512 58.2052434713 26.6028685158 26.9606960059 28.9040268336 2983.62547452 3.02590478187 0.633380290241 2.75091643167 0.384916000339 0.952148357922 0.601716741212 0.281842377145 1.61282730972 0.201118735834 0.204402541771 456.955376175 426.155442064 425.923871288 0.957456158022 1.79399020956 1.00882381911 0.123615124807 2.02819150804 0.344825574313
-9999.0 -9999.0 -9999.0 -9999.0 -9999.0 -9999.0 -9999.0 -9999.0 -9999.0 -9999.0 -9999.0 -9999.0 -9999.0 -9999.0 11.9739794978 12.148057366 24.3478369546 35.2638971154 5.88639480189 4.98310157442 8.98307658549 12.8347619114 19.5765967506 23.03410396 25.8026828956 33.7513278751 35.9809749133 38.6083972806 2.04284491032 23.0658226453 24.4884494734 25.3447464835 0.454273692686 0.111549386277 0.262702796801 3012.77646301 3014.06505074 3018.86801083 4.09895786408 0.884726034478 1.17971311911 0.186529084481 0.501872992921 1.87987077341 2.26721072278 0.360359769392 457.9754483 0.390601038362 0.506261403222 0.542117305786 0.48776304204 0.725519384839 0.291112959418 1.63579681108 1.02096685089
-9999.0 -9999.0 -9999.0 -9999.0 -9999.0 -9999.0 -9999.0 -9999.0 -9999.0 -9999.0 -9999.0 -9999.0 -9999.0 -9999.0 -9999.0 12.1985130067 23.4205350293 9.69581410647 19.181575201 120.021871696 124.823868892 128.42306328 3.32118870689 3.38821553103 6.27574915423 9.04223926165 13.3016521581 15.610313497 17.1486275543 18.9921833848 1.40770702239 0.895652940166 25.8903127406 26.0906364231 26.6185139884 27.5163476171 26.871379562 3049.67135211 3058.80093486 3059.32270722 3060.96865068 3062.59549623 3063.31136301 0.166473468952 2.45026476993 458.137680132 0.323341730666 0.166068930572 0.344327609814 0.400975356681 0.640510403182 0.386556450188 0.231019943971 0.412271635262 0.275724328098
-9999.0 -9999.0 -9999.0 -9999.0 -9999.0 -9999.0 -9999.0 -9999.0 -9999.0 -9999.0 -9999.0 -9999.0 -9999.0 -9999.0 -9999.0 -9999.0 34.6136285441 44.3250559043 74.1899608979 92.6520732673 8.10914628182 141.260427496 144.482134884 147.453816654 2.86350722235 5.49082457314 2.11812501352 17.6357943757 18.9139548077 20.6775838784 22.0935080605 25.2067985801 25.6431424215 0.269080581196 22.5864453228 24.5971614929 25.955252269 29.5336934475 3.95083266622 2.14017422671 0.862642487388 0.851177380846 3063.9831834 3064.23868942 3068.16996149 458.292001886 1.1254411998 0.674800658904 0.498787541795 0.12161961823 1.44470259553 0.644423498003 0.192806775553 1.07086325545 0.912207833199
-9999.0 -9999.0 -9999.0 -9999.0 -9999.0 -9999.0 -9999.0 -9999.0 -9999.0 -9999.0 -9999.0 -9999.0 -9999.0 -9999.0 -9999.0 -9999.0 10.7281515531 54.8191371773 65.0433770401 8.2446799308 3.88926925044 8.00474873224 11.6667675042 162.579636949 2.82542415997 11.3388207878 13.6587310908 15.8546235786 1.34246603206 2.93200024681 3.40425265834 17.331280928 19.1293595128 20.3071110228 1.04388875417 0.755756554327 0.663004371917 1.25477552832 0.442839026593 0.454902962657 0.497620816199 0.575939380421 0.541205718097 1.28109885913 3068.47479463 3527.42857906 1.32275532823 0.435626612181 0.135537389757 4.12294679615 3.85360264237 2.1775598494 1.92705490768 1.37617815571 0.38183658976
-9999.0 -9999.0 -9999.0 -9999.0 -9999.0 -9999.0 -9999.0 -9999.0 -9999.0 -9999.0 -9999.0 -9999.0 -9999.0 -9999.0 -9999.0 10.734259216 30.6757509428 9.56574992929 6.27427612115 4.65331707098 8.54438923468 12.2956338364 16.5880535683 185.940525138 188.598402505 2.76616930028 5.11204331607 7.54663132662 9.10440889969 10.3876247608 14.1211112955 16.326445008 0.352213450557 0.534363516963 0.526684514188 0.44300143221 0.493735526793 0.635338749282 0.535991465785 0.840665957492 1.99387876915 0.982700788967 0.394845846982 0.391634191434 0.221638918486 0.395040627023 3544.11710264 14.8301192956 5.58834358518 1.08500675048 0.581015455615 0.259140886271 0.676459058442 0.379932543451 0.163053393793
-9999.0 -9999.0 -9999.0 -9999.0 -9999.0 -9999.0 -9999.0 -9999.0 -9999.0 -9999.0 -9999.0 -9999.0 -9999.0 -9999.0 11.7344791818 21.8128997523 72.4407089984 9.1134234536 14.0024355955 18.3916554881 22.2095021121 4.1134037615 7.37102774364 13.1493039378 207.57385311 2.53948036419 4.65826007587 6.76491981089 1.89098778543 3.6064954046 3.88166271921 5.36275913845 282.93809046 283.952817947 284.837298671 288.68015677 290.262994216 293.279334719 0.67125235283 1.70951852144 2.23047921004 301.390829824 301.991562196 0.346829776336 0.482425023814 0.617226375226 3544.54750644 14.0419486437 6.89834238702 6.08114217345 5.24180798729 4.56737192737 0.888108566431 0.260209420211 0.366446385868
-9999.0 -9999.0 -9999.0 -9999.0 -9999.0 -9999.0 -9999.0 -9999.0 -9999.0 -9999.0 -9999.0 -9999.0 -9999.0 -9999.0 11.8022959803 35.5654790639 119.36824781 178.065125275 8.0328210336 226.670041437 256.430078803 3.67278882757 6.84772580531 11.8318387642 242.699804071 247.002395927 1.62749220797 9.97249330106 11.3681413059 12.4516506164 275.175268448 276.214403388 277.290207324 0.53863411125 3.01333667439 3.47050888926 1.35222416523 1.84364289015 295.890952503 298.322831902 298.671008803 298.987671519 302.313204021 0.153902400367 0.13552271587 0.885109832567 3544.93447517 0.68720806004 0.0641557021124 0.182983103645 0.0789121368784 3.76071900624 3.62411837393 2.23215209111 1.43874291576
-9999.0 -9999.0 -9999.0 -9999.0 -9999.0 -9999.0 -9999.0 -9999.0 -9999.0 -9999.0 -9999.0 -9999.0 -9999.0 -9999.0 -9999.0 -9999.0 24.1913846707 48.5483162192 208.799899274 219.17576934 265.475221089 273.322531634 3.52571482466 7.05815092589 17.0063986324 252.232214229 256.24212543 257.491880762 0.861798266845 261.341402869 262.320086754 0.697750631698 0.594456578344 1.12023667375 2.15203126675 0.516857975088 0.965203392721 1.94708788888 2.34630755113 0.44483373557 0.26490935076 0.498030469755 304.513262974 305.124876293 305.245749238 306.524082 3545.25668648 0.603622654448 0.035460725428 0.0423521450812 0.0424933755461 0.0444839552411 0.038455683986 0.0692284166302 0.319395484054
-9999.0 -9999.0 -9999.0 -9999.0 -9999.0 -9999.0 -9999.0 -9999.0 -9999.0 -9999.0 -9999.0 -9999.0 -9999.0 -9999.0 -9999.0 -9999.0 12.6308627846 12.3008163326 11.2805374732 20.2262937653 8.19769427493 289.956967469 296.965510821 3.73221797169 6.68511798197 2.53895747392 1.78406121129 1.68792524522 259.784100191 0.244620194532 0.52232484084 0.487757057932 0.633728764905 0.518379078534 0.361207696187 0.382762432063 1.19253471681 1.66372378539 0.28853926261 0.236627177976 0.529433499812 0.927917435711 1.38955299788 0.381920048154 305.475474734 306.652383909 3545.52150226 1.41591499612 0.0760455075819 0.0182515903766 0.0569659202573 0.0150035949786 0.012054754148 0.082967394901 1.4392958765
-9999.0 -9999.0 -9999.0 -9999.0 -9999.0 -9999.0 -9999.0 -9999.0 -9999.0 -9999.0 -9999.0 -9999.0 -9999.0 -9999.0 -9999.0 -9999.0 -9999.0 -9999.0 12.0424314389 30.8103644062 39.2850262405 47.4772335494 304.965485779 312.964307999 319.732458327 324.78507772 326.399900677 329.793871716 330.054216995 330.253587987 330.495013537 0.523620176358 0.476349316965 0.50645562847 1.66828900288 0.451046834146 0.423875398557 0.30157080678 0.867644763175 0.344170276374 0.249687239943 0.227260179814 0.199653645182 0.398270721309 0.571205819479 307.782864995 3854.9629252 0.698414087775 0.988721457103 0.012047784517 0.0755175684682 0.0394748350073 0.0242532419048 2.7323169909 2.47045800593
-9999.0 -9999.0 -9999.0 -9999.0 -9999.0 -9999.0 -9999.0 -9999.0 -9999.0 -9999.0 -9999.0 -9999.0 -9999.0 -9999.0 -9999.0 -9999.0 -9999.0 -9999.0 -9999.0 9.80289193486 78.7139904662 146.858429496 154.436406078 7.11622200884 10.8367215324 13.793861263 15.7254457644 30.3032441294 30.8163293844 0.516061139325 0.480445708791 331.461047422 332.317843469 332.740570066 1.94547738694 0.219151013386 0.597215228539 0.875654790501 2.70167471142 3.33832815975 3.80666264132 0.421003520043 0.580752653146 0.195887109064 0.39382255934 0.20621221991 3855.35980494 0.406353552213 1.91982085321 0.259767682824 0.412733104834 2.65397216114 2.91506578097 5.94130315597 1.86448331067
-9999.0 -9999.0 -9999.0 -9999.0 -9999.0 -9999.0 -9999.0 -9999.0 -9999.0 -9999.0 -9999.0 -9999.0 -9999.0 -9999.0 -9999.0 -9999.0 -9999.0 -9999.0 11.0963183015 35.5877167842 69.2414561334 90.0692693145 217.574160697 225.023143299 6.32217093976 9.19415183338 11.4009068234 13.1764119924 31.1122028144 32.0498394749 50.2566569598 51.5570009669 51.9442183469 333.123225418 335.888801271 0.553926992332 0.40790034186 0.374077651403 0.698840696904 0.311470948936 4.42424670698 4.6422605257 0.75145657649 1.04202997061 0.180939315162 1207.35617214 1207.76389933 5063.40782811 5065.88168478 0.618908120076 1.73196749395 0.774871286032 0.416773795908 6.4624192795 8.4883616735
-9999.0 -9999.0 -9999.0 -9999.0 -9999.0 -9999.0 -9999.0 -9999.0 -9999.0 -9999.0 -9999.0 -9999.0 -9999.0 -9999.0 -9999.0 -9999.0 -9999.0 -9999.0 -9999.0 12.7990393633 12.2881276839 22.9953102296 53.9804323597 234.177967472 3.28954012273 3.23684910131 5.34790365648 7.62703426589 16.3523065261 16.847999712 0.390467067845 0.907219152578 52.5803285825 52.952126904 389.188157573 389.473382629 0.17380518333 0.150976017602 0.124034839414 0.125229708589 0.151098759792 1202.58272152 1204.03367061 1205.47929568 1206.06127131 1207.09849836 0.238842017608 0.851052191575 0.969805307295 5067.34664412 5067.60300412 5068.37997623 5068.74242676 5069.11089226 8.6142550057
-9999.0 -9999.0 -9999.0 -9999.0 -9999.0 -9999.0 -9999.0 -9999.0 -9999.0 -9999.0 -9999.0 -9999.0 -9999.0 -9999.0 -9999.0 -9999.0 -9999.0 -9999.0 -9999.0 -9999.0 11.0891778637 11.6997769387 21.3800188398 275.556305948 282.614338484 3.13490188581 5.3017330891 7.66025151406 8.39321553469 0.520804799306 1.31820501391 484.379247542 484.84344077 485.416263715 489.438302438 879.388161622 1193.6025272 1194.10269674 1194.54004688 1194.96226833 1197.01467781 1197.7128913 1.20740197934 0.502985154897 0.335482730375 0.615151484647 0.418879036871 0.680641919976 0.211051091957 4.8596261937 5.99643307903 7.40616643186 7.46537575539 5069.24546286 5078.0704593
-9999.0 -9999.0 -9999.0 -9999.0 -9999.0 -9999.0 -9999.0 -9999.0 -9999.0 -9999.0 -9999.0 -9999.0 -9999.0 -9999.0 -9999.0 -9999.0 -9999.0 -9999.0 -9999.0 -9999.0 -9999.0 11.288584962 21.4276142749 31.6555701355 290.579622433 4.70596135859 376.886507258 379.335118152 379.820681306 380.675194691 481.046200959 482.082803126 0.511499618017 3.00027832919 3.53179043866 0.485464542526 313.750207139 312.865388753 0.238826375894 0.600643737416 1.65833525242 0.380560796326 0.412884894789 0.251971961296 0.209149141684 0.156237480538 0.191099694551 4.24107554645 4.44837889363 4.71396291744 0.980729003128 1.23449501925 8.07041289163 8.18105944347 8.22479373091
-9999.0 -9999.0 -9999.0 -9999.0 -9999.0 -9999.0 -9999.0 -9999.0 -9999.0 -9999.0 -9999.0 -9999.0 -9999.0 -9999.0 -9999.0 -9999.0 -9999.0 -9999.0 -9999.0 -9999.0 -9999.0 10.1829441948 9.37101377988 48.808716175 356.739294088 369.712432972 374.736300027 2.10574025959 99.0473716817 99.4856551064 99.7363507222 0.914809301603 1.50625130123 1.95177647396 74.6992827657 75.0615874535 75.3611542021 312.339295832 204.786261448 0.34647794985 0.367565644277 0.339321185306 0.247474209924 2.63660392505 3.13003369771 3.55298081552 3.79767066336 4.03050635404 41.8130654735 41.9657684094 42.249261759 43.0204928152 44.9597337232 45.0197042864 53.3033841198
-9999.0 -9999.0 -9999.0 -9999.0 -9999.0 -9999.0 -9999.0 -9999.0 -9999.0 -9999.0 -9999.0 -9999.0 -9999.0 -9999.0 -9999.0 -9999.0 -9999.0 -9999.0 -9999.0 -9999.0 -9999.0 -9999.0 19.7387544308 30.0736881484 8.31747790409 3.21062451302 93.12888033 95.3021982213 96.3122890989 16.1601986927 16.3726810439 16.680863521 17.1990951374 73.843890741 74.4284327033 31.1501834769 106.911516115 107.268286732 204.541589455 0.701608187171 0.359248677954 0.22544148277 1.83799864001 2.16020902781 0.164504662894 0.149285552895 41.0451625945 41.4537526137 41.663023547 0.35397964147 0.547722448729 44.7773290741 0.0985367942938 0.365648193213 0.407946583136
-9999.0 -9999.0 -9999.0 -9999.0 -9999.0 -9999.0 -9999.0 -9999.0 -9999.0 -9999.0 -9999.0 -9999.0 -9999.0 -9999.0 -9999.0 -9999.0 -9999.0 -9999.0 -9999.0 -9999.0 -9999.0 -9999.0 9.82821944587 19.3740182091 75.0442611142 83.0541496162 87.4549413384 14.5229125026 15.9400521571 0.268837571856 55.6678489029 55.8780646121 56.1129804147 0.40049162443 30.1009710544 30.7227062545 0.388567823183 202.685592349 0.833237215153 0.416325889748 1.01152928813 1.37255629782 0.247144714351 0.192856840695 38.8927694702 40.6681411828 40.9239765475 0.2527966109 0.505729274463 0.639877915457 0.744846854225 1.49698267103 0.136666890557 0.299416387034 0.0618451177153
