data/baseflow/mHMbf_acc553.asc
ncols                  80
nrows                 72
xllcorner      4374000.0
yllcorner      5656000.0
cellsize            500
NODATA_value       -9999
[rows 25 to 49 of 72, columns 0 to 54 of 80]
-9999.0 -9999.0 -9999.0 -9999.0 -9999.0 -9999.0 -9999.0 -9999.0 -9999.0 -9999.0 -9999.0 -9999.0 22.8850707603 45.1619775015 20.7972278594 41.248541869 18.2273905668 141.194604828 174.764647507 192.748317619 16.4328455247 32.2744674193 310.917186018 386.186647178 400.687354983 27.3226976776 31.8572387788 48.2646508612 10.1993896762 9.28325313365 17.48165932 6.87056169983 474.837441404 482.130359668 488.603303156 3683.51177961 6733.64302099 6681.57313281 11.6258325836 5.72277046718 5.12193215964 19.5884442446 14.9937306068 33.7575100122 45.2717420309 90.0290780792 8.24759936978 8.18008205429 73.3678265654 81.2128390362 155.662680549 160.078520565 173.242178266 177.946683266 4.72552824003
-9999.0 -9999.0 -9999.0 -9999.0 -9999.0 -9999.0 -9999.0 -9999.0 -9999.0 -9999.0 -9999.0 -9999.0 -9999.0 21.6698641178 43.2887635482 65.063039553 103.300071924 19.8440098711 17.792474301 122.702253103 138.466395767 279.342929687 296.623442427 47.1689865501 15.1829569324 13.0356404917 13.956318956 423.630735728 433.287095032 443.772363894 452.73514858 467.789433489 87.3475343868 92.453523417 589.287163115 11009.8019085 41.8819313829 33.6325578364 17.1105177447 4.49954909445 4.20617292972 29.7328449326 33.1913714146 42.0469295244 4.14142784848 95.1616868055 14.6934120545 14.465423975 3.66206038597 2.52882702796 2.22822335669 1.81592648419 2.25780743986 180.220554508 2354.63859076
-9999.0 -9999.0 -9999.0 -9999.0 -9999.0 -9999.0 -9999.0 -9999.0 -9999.0 -9999.0 -9999.0 -9999.0 -9999.0 -9999.0 20.7588607201 38.4776154461 54.0535655466 69.6914166895 87.7172764102 106.315326217 54.5683932883 91.1090538741 17.0399353719 15.4784069967 355.810157014 385.27064072 398.620774568 413.317243713 10.6834232564 19.7613500678 53.6941434297 69.0381813714 79.8137344844 6.39925276446 4.53156638702 11027.034294 7.55414434106 11.0415125205 6.78010114929 19.5489315882 8.82797503934 5.41922352257 79.2387388672 82.1044287221 2.28174063269 97.6288429477 117.036339709 21.0163360375 2461.89714424 2455.18080944 2449.98123003 2440.41208143 2437.11808168 2371.50313436 2368.22660822
-9999.0 -9999.0 -9999.0 -9999.0 -9999.0 -9999.0 -9999.0 -9999.0 -9999.0 -9999.0 -9999.0 -9999.0 -9999.0 -9999.0 4.65401463272 10.3969427436 16.173183834 153.904946376 172.550475433 18.9427911896 18.557367867 18.519197958 295.212931996 328.622717009 15.7755577158 17.3982733156 11.3547596794 54.0266931834 67.836658957 33.721209606 44.5927976067 328.494199093 339.433332812 354.514169632 570.725570191 11601.8801949 7.9597086779 5.46798648019 30.6789049101 25.2227579726 2.87208328593 11.4824936516 14.5073951157 85.4758495763 88.189138452 211.101916272 118.27809437 23.8620796237 2523.81613794 24.2762673082 2445.44794914 2443.08098152 62.1305703526 1.79107876848 10.5591257557
-9999.0 -9999.0 -9999.0 -9999.0 -9999.0 -9999.0 -9999.0 -9999.0 -9999.0 -9999.0 -9999.0 -9999.0 -9999.0 -9999.0 23.1196820275 38.0814332356 78.1026638849 136.820394754 187.561691158 225.069524818 243.431814398 262.12558484 280.224949384 15.6422935093 14.9242725776 29.5048095908 25.9353640089 14.9114658508 283.590116989 296.972820676 309.286757521 320.983259709 189.975166397 201.277662818 210.943737081 11605.4655714 13.3149935785 18.0036784624 52.645737782 5.40740375642 5.96104948617 3.13853589385 2.76202329483 17.1944264731 2.12532497346 2.30234905404 2747.60247484 2534.9125658 2532.65036677 9.72847487434 20.499821349 13.2535571196 3.06662109123 57.8178799015 15.9273079017
-9999.0 -9999.0 -9999.0 -9999.0 -9999.0 -9999.0 -9999.0 -9999.0 -9999.0 -9999.0 -9999.0 -9999.0 -9999.0 -9999.0 16.1773215586 15.10906987 29.6255968093 44.7240736857 20.224380831 22.1795140979 40.970258522 59.9404704495 95.2473442327 112.259309523 127.418977088 173.028463666 187.170212021 203.091643682 14.667380337 141.48607662 153.969987043 167.135966375 12.2067799902 9.07649188424 14.9906129704 11842.8448904 11846.3050142 11867.5476418 67.1948366239 10.8240315676 13.0854993697 4.17359174229 4.885339306 19.4097489126 23.4110904813 4.166092226 2757.92348952 3.27309312778 5.16164396368 5.75358065112 4.09629156086 7.88060215678 3.15699340295 38.5935321396 30.9779320009
-9999.0 -9999.0 -9999.0 -9999.0 -9999.0 -9999.0 -9999.0 -9999.0 -9999.0 -9999.0 -9999.0 -9999.0 -9999.0 -9999.0 -9999.0 14.3463193056 28.2557785022 13.7979699178 29.2753864956 177.147526532 193.202004403 211.41851436 17.0651547023 17.6783712382 31.8911750436 47.9018867071 74.2548195497 88.4566029478 99.0866647491 113.377774118 11.2537545192 11.3970965109 199.509441605 209.141463394 214.076480184 218.573474206 178.296662913 12064.0333558 12158.6745477 12162.3344958 12178.4890776 12195.7814526 12202.2760954 1.8900509822 25.2018925799 2759.6372762 4.09945222373 2.1102912374 2.42539551 2.44448950473 4.18421340089 4.07116980447 2.42296344955 3.97715685609 3.85048993221
-9999.0 -9999.0 -9999.0 -9999.0 -9999.0 -9999.0 -9999.0 -9999.0 -9999.0 -9999.0 -9999.0 -9999.0 -9999.0 -9999.0 -9999.0 -9999.0 41.9869344756 56.2805917851 99.5159838795 131.663210942 17.1433524281 248.893040069 265.538761032 281.04200798 16.006203174 31.2921763018 13.3630519431 104.537325008 113.817645819 128.974487262 146.152318315 180.370280343 188.618535541 4.98285996873 161.14063326 170.059681455 174.171517421 192.835718369 23.9494131213 14.955609175 9.2859660984 8.04513407818 12211.6607689 12215.1030195 12256.962546 2761.18323852 12.1235923041 6.57727336973 4.26633978131 1.41129902921 13.0201333287 7.00033631378 2.15467523542 12.1765786672 10.4138799101
-9999.0 -9999.0 -9999.0 -9999.0 -9999.0 -9999.0 -9999.0 -9999.0 -9999.0 -9999.0 -9999.0 -9999.0 -9999.0 -9999.0 -9999.0 -9999.0 14.823427242 70.769714253 85.9539148583 17.6859087709 19.2007360509 39.2627186299 57.7353754658 355.657044763 15.8800983139 63.8260540212 77.8841356985 91.6247232542 10.6121980684 24.1124089635 32.3303982877 125.748865721 143.311332708 147.299823015 4.58209833493 4.57964298126 5.70431228214 10.2888856005 4.89796138562 5.2092164899 7.46218304792 5.72351544744 6.39748609746 15.1233449194 12259.9471995 15028.5155479 16.5673504929 4.78317549725 1.74939478672 41.4550866662 38.2921883657 22.9806102409 20.6543443616 15.4882354887 3.85944619233
-9999.0 -9999.0 -9999.0 -9999.0 -9999.0 -9999.0 -9999.0 -9999.0 -9999.0 -9999.0 -9999.0 -9999.0 -9999.0 -9999.0 -9999.0 12.6047286833 40.9460580622 13.4934366505 19.6234569653 20.9123805521 40.1519985835 58.9302762003 74.5200001883 443.342469304 458.629482359 15.8323619424 29.9985601069 44.7225956645 55.7850745237 68.2576878808 112.945027872 121.00496004 12.3430875262 7.14871086499 5.81122317917 3.6154060168 7.55133735099 7.33723591808 8.80407576807 9.89402472622 24.7970825787 10.0068203678 3.14950248326 3.05121931843 2.82547743514 5.22676502383 15183.7363548 136.075946955 51.6451784706 4.84659093818 2.24229045337 1.52518379863 5.27544242179 3.6160485704 1.86287052374
-9999.0 -9999.0 -9999.0 -9999.0 -9999.0 -9999.0 -9999.0 -9999.0 -9999.0 -9999.0 -9999.0 -9999.0 -9999.0 -9999.0 12.8945446179 25.6134205403 92.6650106949 13.2002882783 36.4016284293 56.7423644158 75.7887387056 19.6816412442 36.9481275964 51.7303847332 522.521571611 14.7668788571 27.8425039495 41.7756517789 13.0262400836 25.9716308323 37.6554201786 45.4841371845 993.308239307 1007.84164598 1024.52371458 1086.58023804 1102.88166663 1142.10909292 19.0172783191 39.7578875849 33.4977906138 1276.88322567 1282.50583792 2.76703451123 4.72743396986 6.59246305621 15185.4189359 127.687186022 69.4599035127 66.6532845265 46.2350173572 37.5571369283 6.96311266486 1.67839295144 3.13234970687
-9999.0 -9999.0 -9999.0 -9999.0 -9999.0 -9999.0 -9999.0 -9999.0 -9999.0 -9999.0 -9999.0 -9999.0 -9999.0 -9999.0 13.153055931 40.2348449749 146.388926459 217.989353568 11.9139903851 287.287301712 376.395746038 18.633042618 35.8040352059 51.2532835632 669.139234595 680.8948389 11.3322939297 65.1125997011 76.0926652963 87.546190138 895.118155928 925.096010355 939.705885841 7.20330081964 41.6830362169 50.9911285048 18.3745751066 26.003337988 1178.61377147 1229.50417763 1235.28351821 1240.64545318 1288.19241428 2.78005672764 2.42366488981 10.9102818316 15187.755852 3.65868213067 6.08757447375 18.0836385174 6.60419558134 34.0080238255 24.123491936 14.3686758416 10.1001301258
-9999.0 -9999.0 -9999.0 -9999.0 -9999.0 -9999.0 -9999.0 -9999.0 -9999.0 -9999.0 -9999.0 -9999.0 -9999.0 -9999.0 -9999.0 -9999.0 29.1375074842 58.8959551138 259.422594069 274.343794563 389.420328294 403.031062061 18.3583414631 36.6957302457 84.1515148173 692.470626104 716.671467944 726.092601291 7.86595983631 764.356621906 796.051451625 19.1288625061 6.76310861246 12.7402872404 24.961230191 6.06833757235 11.9465103428 25.6711239615 31.889497599 6.31779183891 4.06096255348 7.87633603124 1320.76450256 1333.87284792 1335.85897163 1353.02584406 15189.6837819 2.62711333054 4.21654728902 5.04413554764 4.67963949937 4.81294086357 3.94679850907 7.34326844893 1.50587847356
-9999.0 -9999.0 -9999.0 -9999.0 -9999.0 -9999.0 -9999.0 -9999.0 -9999.0 -9999.0 -9999.0 -9999.0 -9999.0 -9999.0 -9999.0 -9999.0 15.4131188924 15.0507333502 14.8780347371 29.6069863976 13.1171178467 429.096822223 441.54839619 16.13980711 32.8604227874 15.5394610531 12.406601445 12.000439289 748.595956013 11.0323545951 22.7201684958 9.4368982488 6.8852222003 6.18376484622 4.74909269659 4.97271900783 15.2652111731 21.0138678191 4.05970258324 3.62039335912 7.90436412413 13.3301103147 17.9542523163 6.79632628834 1339.83755315 1355.18321771 15191.045455 16.0744557086 10.7218143726 3.11039402812 7.02213959686 2.40429765742 1.7305848841 9.25700583273 7.45189896229
-9999.0 -9999.0 -9999.0 -9999.0 -9999.0 -9999.0 -9999.0 -9999.0 -9999.0 -9999.0 -9999.0 -9999.0 -9999.0 -9999.0 -9999.0 -9999.0 -9999.0 -9999.0 14.9020911581 43.2022913851 55.192738845 67.9314357168 453.892657513 466.094048543 478.131027974 491.231996397 502.968175087 527.207465987 537.247948679 547.826970557 555.56622807 5.90062558499 5.48037940533 5.87775854488 20.878474708 5.62764600517 5.32751389991 4.07092212127 11.9272717109 4.92712686003 3.74721007996 3.44746698743 2.84571376726 5.67765114777 8.22227271794 1372.26410511 16580.7413916 2.62465162405 4.87370659287 2.52518517024 9.62493197909 5.32280346032 3.48094204815 22.6284484385 12.3284225108
-9999.0 -9999.0 -9999.0 -9999.0 -9999.0 -9999.0 -9999.0 -9999.0 -9999.0 -9999.0 -9999.0 -9999.0 -9999.0 -9999.0 -9999.0 -9999.0 -9999.0 -9999.0 -9999.0 12.3270480763 98.7887295461 193.681505848 206.963908059 16.8842111646 33.4085734517 50.5454235281 64.1151268127 155.491852813 162.227803819 6.40636441878 6.360470618 571.698854515 584.239504967 589.292939248 24.7949552444 3.59022194659 9.38163833421 13.6475883789 40.6160174039 49.9205130827 57.1873404946 6.59938978023 9.18686275963 3.15244345021 6.25826037935 3.23400856334 16585.8804189 2.34695780088 9.45174957865 4.71681612486 15.5980620922 33.2462987337 37.8455397714 61.6808284925 13.0095673404
-9999.0 -9999.0 -9999.0 -9999.0 -9999.0 -9999.0 -9999.0 -9999.0 -9999.0 -9999.0 -9999.0 -9999.0 -9999.0 -9999.0 -9999.0 -9999.0 -9999.0 -9999.0 13.8566496315 44.27183361 86.6515483504 113.117845485 288.662109785 303.342421388 35.6033706195 52.5690044193 66.7452670827 80.2002928303 171.015691105 184.773145396 342.084385655 355.351227822 365.164760333 594.425769755 632.740627732 9.0430792036 6.20678607597 5.8770546443 11.2327986342 5.09784248878 66.9796695922 70.4892726175 12.4167002022 17.3373812561 6.44670758139 4173.09286578 4181.09817048 20769.7405545 20781.7393142 2.52458966165 20.7700231318 5.9275364285 4.64258220572 70.4352825193 85.286508952
-9999.0 -9999.0 -9999.0 -9999.0 -9999.0 -9999.0 -9999.0 -9999.0 -9999.0 -9999.0 -9999.0 -9999.0 -9999.0 -9999.0 -9999.0 -9999.0 -9999.0 -9999.0 -9999.0 15.8828490874 15.4906323257 29.2112298043 69.2753738457 316.027614671 18.3832884354 18.1525236934 32.6591646527 47.8400380244 121.421748765 133.728781374 9.7367530198 8.20440093955 373.090799735 378.988809568 1019.07214606 1026.35105867 3.23994992116 2.8151398697 2.35101788425 2.37589982439 2.65994193045 4099.38723546 4121.93386289 4143.27259941 4153.99488262 4168.28115718 3.82028363744 14.0989840434 16.7865878859 20803.5885173 20804.4980977 20805.2887687 20807.6632919 20810.4435019 90.7853261033
-9999.0 -9999.0 -9999.0 -9999.0 -9999.0 -9999.0 -9999.0 -9999.0 -9999.0 -9999.0 -9999.0 -9999.0 -9999.0 -9999.0 -9999.0 -9999.0 -9999.0 -9999.0 -9999.0 -9999.0 14.1458499721 14.8410197591 27.4969466264 369.698539838 382.744964498 17.8023129428 32.3551879323 47.7613233117 62.509360255 13.5390205286 23.4636519252 886.11124217 891.844260433 900.068723931 952.980547366 1986.00889857 3963.34091714 3971.17727818 3978.29688644 3985.03057107 4015.54214878 4025.45722352 19.3409209531 8.68717700514 5.15575019533 9.64576770275 7.07845573566 11.1955143834 3.36748325635 82.2262058372 91.8644013358 99.180918712 100.229626224 20811.0263671 20905.1451935
-9999.0 -9999.0 -9999.0 -9999.0 -9999.0 -9999.0 -9999.0 -9999.0 -9999.0 -9999.0 -9999.0 -9999.0 -9999.0 -9999.0 -9999.0 -9999.0 -9999.0 -9999.0 -9999.0 -9999.0 -9999.0 14.4625785333 27.7284557863 41.0644322424 393.681343158 12.974736784 537.453553151 553.502334478 567.504268007 578.604068667 841.96468682 853.500592508 6.73926566739 37.4710370813 46.4524095315 7.10613256125 1969.5805642 1956.96502638 3.81675934913 8.85552845697 24.4756763881 5.53558697527 5.97720526434 4.49079695796 3.79251256707 2.90059922995 3.40853551992 71.3936768098 74.8916712223 79.1637454589 7.40092498458 5.5141765016 103.08625447 104.701505306 105.431591535
-9999.0 -9999.0 -9999.0 -9999.0 -9999.0 -9999.0 -9999.0 -9999.0 -9999.0 -9999.0 -9999.0 -9999.0 -9999.0 -9999.0 -9999.0 -9999.0 -9999.0 -9999.0 -9999.0 -9999.0 -9999.0 13.1307074365 12.339358537 64.1339113702 483.535795714 509.290307969 522.894908943 15.1088255724 227.078531313 241.330684519 248.362883035 10.2238313633 18.0155079765 24.8712464809 455.622202802 460.806821369 465.289918054 1948.82103281 1170.34521348 4.87913842583 5.31277313635 5.09128338792 3.96706566929 43.2658121954 51.9289936928 59.459826043 63.6579208832 67.6888859066 524.549011983 527.605832611 532.425694067 542.367235671 583.126525193 584.219629512 690.707296303
-9999.0 -9999.0 -9999.0 -9999.0 -9999.0 -9999.0 -9999.0 -9999.0 -9999.0 -9999.0 -9999.0 -9999.0 -9999.0 -9999.0 -9999.0 -9999.0 -9999.0 -9999.0 -9999.0 -9999.0 -9999.0 -9999.0 25.7678412774 39.4678159936 14.010643631 18.5498287562 172.248154772 187.50983769 199.321574165 90.4536800178 103.11701403 115.422327363 122.879776377 443.615525958 451.143387701 297.293699625 768.528213543 774.037864208 1166.33486672 10.9374657774 5.6152287443 3.87364185717 30.169068966 35.3758816702 3.23184508341 3.02903836399 510.812489828 518.358553138 521.947870721 4.22982186064 6.7891763121 576.037120591 3.12656467318 9.80694413301 10.6371609281
-9999.0 -9999.0 -9999.0 -9999.0 -9999.0 -9999.0 -9999.0 -9999.0 -9999.0 -9999.0 -9999.0 -9999.0 -9999.0 -9999.0 -9999.0 -9999.0 -9999.0 -9999.0 -9999.0 -9999.0 -9999.0 -9999.0 12.9718195211 25.6696813191 108.037409175 122.252735459 137.312537792 64.7635573322 77.8613429615 13.2323144343 291.001091865 302.867647902 313.556225032 8.36923346977 283.433314165 291.262309434 5.77256277425 1137.68384365 12.4034534573 6.1690801209 16.5222992904 22.1574295391 4.24294911734 3.40419654166 471.716399611 504.09219957 508.536459541 4.66188420786 10.2159716105 12.6799690998 16.0590907588 30.2718417287 3.59397950204 8.14797782691 1.41694161154
-9999.0 -9999.0 -9999.0 -9999.0 -9999.0 -9999.0 -9999.0 -9999.0 -9999.0 -9999.0 -9999.0 -9999.0 -9999.0 -9999.0 -9999.0 -9999.0 -9999.0 -9999.0 -9999.0 -9999.0 -9999.0 -9999.0 12.8504371909 40.5446831374 69.9282842622 15.7162415692 33.3697283343 50.3790313793 238.533308233 253.4302765 266.145867195 11.647857078 223.613447988 259.444468115 268.896296295 7.55580191045 1112.33999943 1126.56599943 6.70330068784 6.06117296117 12.2115244044 4.97507847048 447.94369548 456.713721329 462.06929093 20.5834343631 25.560060544 4.30292033316 7.55378658877 3.28136964542 23.1686361187 3.26161346266 2.20274920248 2.28578850609 2.23577940836
-9999.0 -9999.0 -9999.0 -9999.0 -9999.0 -9999.0 -9999.0 -9999.0 -9999.0 -9999.0 -9999.0 -9999.0 -9999.0 -9999.0 -9999.0 -9999.0 -9999.0 -9999.0 -9999.0 -9999.0 -9999.0 -9999.0 -9999.0 14.2158835759 15.2735685305 17.3777116298 160.592021076 177.004173288 224.534682743 14.216209814 172.718129397 201.493018093 12.281818129 25.2741422069 9.81586456421 1088.79750846 9.82155710506 23.3752172776 28.5045626862 34.2720774439 413.244458461 433.390378951 439.298706319 5.95059344553 11.0002685931 15.5365556574 2.78964856882 2.56491233202 1100.56725849 1103.06332264 1104.97427914 1126.5785889 1128.98298039 1132.02108262 1133.72322322
