data/baseflow/mHMbf_acc472.asc
ncols                  80
nrows                 72
xllcorner      4374000.0
yllcorner      5656000.0
cellsize            500
NODATA_value       -9999
[rows 25 to 49 of 72, columns 0 to 54 of 80]
-9999.0 -9999.0 -9999.0 -9999.0 -9999.0 -9999.0 -9999.0 -9999.0 -9999.0 -9999.0 -9999.0 -9999.0 36.2550373992 71.9690776849 33.8130902819 68.176409484 32.8638037092 239.538007694 305.352250616 338.471562896 31.8623719677 60.6030798468 563.822269492 707.608317402 736.295403497 67.019634629 68.278218076 98.6399390584 22.6018372441 22.2980486198 43.9086963902 21.9802733179 886.03412106 906.523587844 939.675847013 7344.35246158 15265.5354275 15076.9877637 50.7286220943 19.6422056637 18.3487555066 60.6267681109 41.1529106802 98.3358248753 133.666169358 269.041481341 24.9182225904 25.1424703305 228.369896786 251.966562582 505.150532976 528.234401308 577.520348787 608.636566139 29.2493495776
-9999.0 -9999.0 -9999.0 -9999.0 -9999.0 -9999.0 -9999.0 -9999.0 -9999.0 -9999.0 -9999.0 -9999.0 -9999.0 35.5940856136 70.5445103781 105.149839395 172.050708726 35.2632158946 33.6823389158 218.393967733 249.99501667 508.576373091 538.810964164 86.9942756396 32.8259942519 33.5875361907 33.7409253444 748.031030749 775.254543342 799.184138739 821.074260902 865.190403085 200.179970543 226.386399004 1199.08717599 23818.9159627 163.965187411 143.573280863 72.5241222189 18.2796962449 17.2612613294 98.4819221538 115.750505633 136.143564376 18.5986704851 288.217096061 45.245770611 44.7559419344 17.5642461809 16.2680641052 14.5942981057 13.7745850681 14.6140910298 622.780829203 9303.30409929
-9999.0 -9999.0 -9999.0 -9999.0 -9999.0 -9999.0 -9999.0 -9999.0 -9999.0 -9999.0 -9999.0 -9999.0 -9999.0 -9999.0 34.8235770566 64.2129526942 90.3210572367 117.605676136 151.190879679 185.315707955 101.606834401 166.620999788 30.6053719726 30.4597003456 592.069792965 653.533875755 683.606998684 716.307709124 30.7933601351 58.8043060044 139.448433009 161.369032007 180.783104598 25.7868305844 27.0146294705 23882.274902 21.4721977758 39.1903861111 19.4335582904 66.8201355085 32.2533453347 18.6254004368 271.088901798 286.594790367 15.2453727871 303.805285596 365.973026176 61.6909005863 9875.86120153 9842.55275141 9810.37937429 9748.17881328 9721.38610671 9358.01684571 9344.61261603
-9999.0 -9999.0 -9999.0 -9999.0 -9999.0 -9999.0 -9999.0 -9999.0 -9999.0 -9999.0 -9999.0 -9999.0 -9999.0 -9999.0 5.87630976996 13.8169965592 26.180379092 216.154437131 251.362794253 34.9549225577 34.248262176 32.8656869669 468.5936258 530.907245445 30.4928312919 31.4586598315 29.2313166076 116.812915193 145.693301846 89.2328448808 110.226225775 650.79388925 675.185322644 722.202529011 1176.78137046 25070.0005542 21.0789171192 18.3092959346 97.1879334222 81.6806107181 14.5951869746 48.7025291573 64.0857072122 303.758393148 319.253721961 725.680464994 376.279841511 70.719783678 10158.0668291 151.414543818 9780.23925548 9764.61617657 337.781322255 12.6126311742 32.8740454714
-9999.0 -9999.0 -9999.0 -9999.0 -9999.0 -9999.0 -9999.0 -9999.0 -9999.0 -9999.0 -9999.0 -9999.0 -9999.0 -9999.0 30.4937208195 49.6503830824 106.775139703 183.925825996 274.682646139 338.580272106 372.095318555 405.605315023 437.791622692 31.1386267084 30.942315746 61.0381590177 58.5991417104 29.443766688 557.052624128 585.612919817 613.081278361 639.055637626 377.517373638 402.299497538 429.282171636 25079.1785255 33.330148197 46.259410311 151.533840118 13.4257818083 28.271059143 13.7606109901 14.6785363153 77.6527185589 13.6654071534 14.4524285579 10956.906322 10218.558842 10203.8069365 49.3083654999 136.234191187 91.9094682694 25.560073514 312.938651657 102.299530528
-9999.0 -9999.0 -9999.0 -9999.0 -9999.0 -9999.0 -9999.0 -9999.0 -9999.0 -9999.0 -9999.0 -9999.0 -9999.0 -9999.0 21.2396261049 19.0704414364 36.9299680337 57.43133424 32.3286841353 34.5383203532 68.072965361 102.064548941 166.381926107 198.241194607 230.047712378 323.251392843 353.274274018 383.188097059 28.6250003023 285.282711075 311.606595337 334.879629388 19.4859412078 12.1349795564 22.6799353698 25518.906778 25527.9205288 25580.9690269 186.666832988 26.0038182234 50.0610284178 16.5888497653 27.1340259956 90.1313159266 115.94641283 27.1536669162 11021.065708 19.6558257572 27.9222049051 30.3692840654 24.5468057554 46.11017897 20.7018966713 183.342842999 145.966361151
-9999.0 -9999.0 -9999.0 -9999.0 -9999.0 -9999.0 -9999.0 -9999.0 -9999.0 -9999.0 -9999.0 -9999.0 -9999.0 -9999.0 -9999.0 17.65168468 35.2766637662 18.6941010299 39.0111135099 246.15776518 277.270263195 311.896426927 32.1445137238 32.1966030098 64.0063455146 95.341820417 155.194726449 184.374948012 200.381165673 228.20411137 26.0107260298 24.17861083 376.748652398 387.447320953 397.841192925 407.655868337 333.717851856 25956.148376 26211.3862658 26221.8426754 26281.909615 26339.4733764 26385.4417763 15.9698280166 129.153236612 11037.2810437 43.171332293 21.9961133588 18.1097007784 14.3525524694 26.1763539824 27.5881898364 15.0927819376 18.1449591431 18.4419570286
-9999.0 -9999.0 -9999.0 -9999.0 -9999.0 -9999.0 -9999.0 -9999.0 -9999.0 -9999.0 -9999.0 -9999.0 -9999.0 -9999.0 -9999.0 -9999.0 52.4396359561 72.9065237172 132.950654076 183.203361918 28.6241043478 374.777619163 406.766863443 439.719258284 32.8029635519 64.9555309553 30.6356514912 218.534897706 233.822287851 258.152078627 284.8380464 351.317459629 359.562683323 5.62398089441 296.344812036 315.518911304 324.274308637 365.792268699 58.9917576396 39.8135815777 27.0491497293 25.7621500117 26429.3999269 26454.7307229 26677.4806881 11055.5424915 106.652184635 46.26506262 30.7227561236 11.1422098443 82.4739512504 43.4751404463 14.2029232205 74.6280238406 61.7456477049
-9999.0 -9999.0 -9999.0 -9999.0 -9999.0 -9999.0 -9999.0 -9999.0 -9999.0 -9999.0 -9999.0 -9999.0 -9999.0 -9999.0 -9999.0 -9999.0 20.2791390151 92.5876038335 113.899778854 30.5710796443 34.2294075134 67.4551815369 98.8363001405 570.941231824 32.5125353833 130.26612003 161.05253516 191.31471561 16.2547544199 39.412095482 53.7224148093 237.865486863 265.726042973 272.428897941 8.81173670781 9.97896977393 12.7579549915 23.1743019812 10.4100967944 11.4849624855 25.8937966599 18.916218772 25.1571043245 74.0408802807 26702.5474378 37825.3335783 130.05203647 14.9519875575 11.2039357473 255.377590153 231.893945332 135.421689243 121.481992304 91.5527754192 18.0313183312
-9999.0 -9999.0 -9999.0 -9999.0 -9999.0 -9999.0 -9999.0 -9999.0 -9999.0 -9999.0 -9999.0 -9999.0 -9999.0 -9999.0 -9999.0 15.6993998785 54.8191431859 18.5870652312 35.396462815 36.4434300382 70.9466139652 104.112085257 134.123702043 727.569970943 759.442787585 32.5238200657 63.4391187598 94.2724337886 115.455671851 139.547908496 211.44483449 229.341254416 18.4379825554 15.7974404815 15.6455323703 24.65858991 25.3738824099 23.3871669526 20.7804404064 22.5366100987 92.1312597286 41.9090237922 20.1833655309 19.5147598134 22.6379696641 44.2259666798 38542.2719692 573.635759036 296.884811365 17.3837534146 7.21513647908 8.92786761644 34.1808108043 24.8704492383 13.2317516185
-9999.0 -9999.0 -9999.0 -9999.0 -9999.0 -9999.0 -9999.0 -9999.0 -9999.0 -9999.0 -9999.0 -9999.0 -9999.0 -9999.0 16.5101093551 31.8968314941 121.207568094 18.4157252397 65.84211255 102.253337627 137.769141576 35.0895278171 67.7886223024 95.5685866704 877.045136061 31.7243677442 62.0097417866 91.9917985442 27.5462155896 54.7455251726 72.686883661 91.3220692507 1912.59064499 1948.97681844 1986.59860856 2161.10996419 2232.98255472 2378.75375711 51.913436632 104.764740324 119.557553377 2886.10334515 2928.32350567 18.8887064098 38.7596014395 58.027514223 38557.7461167 546.961771898 230.074518746 222.653016649 191.447368343 176.367817319 45.5531433751 10.3315677135 22.8184983699
-9999.0 -9999.0 -9999.0 -9999.0 -9999.0 -9999.0 -9999.0 -9999.0 -9999.0 -9999.0 -9999.0 -9999.0 -9999.0 -9999.0 16.6267702851 50.5816397659 188.414191249 275.962461671 16.5617889451 370.220374945 529.421659314 34.0037328702 66.4239662396 95.9060403299 1150.11837163 1175.55949334 31.6708905722 155.562645934 185.088083855 208.359619786 1695.95670719 1760.98273064 1801.72558094 20.0950449403 119.184411403 142.278507602 70.6273073165 102.799359592 2528.69434841 2684.28648136 2713.82791009 2742.8038536 2974.88035791 22.9834101259 21.5755208445 98.1614306551 38575.7445966 12.2995498634 8.26555018916 24.4846256659 8.8013295946 160.923928257 135.10452506 78.2691389021 58.4460329046
-9999.0 -9999.0 -9999.0 -9999.0 -9999.0 -9999.0 -9999.0 -9999.0 -9999.0 -9999.0 -9999.0 -9999.0 -9999.0 -9999.0 -9999.0 -9999.0 35.4682645762 71.5333821224 329.246948051 349.105183634 546.738830754 568.215157008 33.3819267754 66.5525113719 159.05671181 1197.16235354 1260.68973325 1291.27048622 27.1592937167 1400.75152493 1468.17119015 44.0415734214 19.9346470025 40.2536544851 78.6778476721 19.0497266486 40.1549467422 95.9600636729 122.033734604 22.5724791211 18.3606281021 38.0184531433 3097.17691209 3138.41935254 3158.36529664 3297.8012048 38593.2153167 8.19160103216 7.01175579855 7.55936837129 7.62780054285 7.72359759256 7.4082983178 14.266799511 7.12587896434
-9999.0 -9999.0 -9999.0 -9999.0 -9999.0 -9999.0 -9999.0 -9999.0 -9999.0 -9999.0 -9999.0 -9999.0 -9999.0 -9999.0 -9999.0 -9999.0 18.5420667309 18.1781977589 18.6051456267 41.4959907681 18.5549149658 604.622450252 624.523220091 31.1228935531 62.7437439399 34.8153263245 32.6742764673 32.4083097799 1350.70834378 22.6817141999 44.9322049668 23.2306591533 21.2558592542 19.4109580759 17.158981679 17.5114101116 52.9166267543 71.3345220734 15.865235296 14.7275065123 30.8171297203 48.7752960275 60.6771210942 16.3527249647 3179.08741754 3317.83409635 38606.4056146 40.7791251261 25.2250158508 5.80640520659 12.9049304825 5.34494223266 4.75206850847 19.3028777853 38.3758133437
-9999.0 -9999.0 -9999.0 -9999.0 -9999.0 -9999.0 -9999.0 -9999.0 -9999.0 -9999.0 -9999.0 -9999.0 -9999.0 -9999.0 -9999.0 -9999.0 -9999.0 -9999.0 17.9843452328 58.3235869824 74.0020847274 91.6509200485 641.60153467 658.65974078 677.593836395 704.010434827 735.960713307 800.74593202 823.560795584 845.412026918 867.030274315 20.2666259862 19.7514725906 19.8710172025 72.3299374641 18.3618169971 17.9401549419 15.9435503859 47.2085022295 17.2357711075 15.0122526625 14.394369294 12.9450958227 25.8605705321 38.1301862711 3397.49748203 42060.0033515 7.4310902361 20.0986949837 5.6798105252 18.49145752 11.3063943428 9.55988636547 91.7807867293 65.8240381745
-9999.0 -9999.0 -9999.0 -9999.0 -9999.0 -9999.0 -9999.0 -9999.0 -9999.0 -9999.0 -9999.0 -9999.0 -9999.0 -9999.0 -9999.0 -9999.0 -9999.0 -9999.0 -9999.0 15.1240117056 118.627975115 243.317702742 263.055584912 28.8543886305 59.8945193984 91.4492333358 121.324638449 307.1844331 328.416904225 20.6260175451 20.4987046643 909.412776063 949.471378509 968.051901192 88.4676981867 15.3225573457 34.3345241258 50.8212590309 151.124547308 184.331849239 213.440702221 27.7583935015 39.9440858636 13.4166898793 26.6708002632 13.5210027973 42088.9281355 8.51143281874 35.339046892 18.2401488641 47.9968005674 93.1617599886 107.448230884 203.493575982 94.9175949626
-9999.0 -9999.0 -9999.0 -9999.0 -9999.0 -9999.0 -9999.0 -9999.0 -9999.0 -9999.0 -9999.0 -9999.0 -9999.0 -9999.0 -9999.0 -9999.0 -9999.0 -9999.0 16.6953789071 52.9129301637 103.773138065 135.804257736 361.108121302 385.345954091 64.1969555064 95.6178484577 123.891073004 154.654221828 350.819247235 393.057952436 688.694707246 712.360072151 731.808172584 987.062699298 1126.99433639 34.0629771285 19.7391483922 19.3571508233 37.8825092801 17.8683529833 247.74355735 261.829451015 53.2196591522 65.7592718082 14.7524299148 7870.30749324 7899.26951705 50008.5049949 50056.4514837 7.12749355961 62.6524348664 10.1600092848 10.3290948965 228.240555799 333.045328773
-9999.0 -9999.0 -9999.0 -9999.0 -9999.0 -9999.0 -9999.0 -9999.0 -9999.0 -9999.0 -9999.0 -9999.0 -9999.0 -9999.0 -9999.0 -9999.0 -9999.0 -9999.0 -9999.0 18.7972613578 18.3059746725 34.7661068976 82.7113450263 401.597442538 32.516723481 32.1311643029 61.1751102679 89.4637785707 222.368661249 244.815369958 14.507946165 14.896984595 753.375882738 772.531047899 1917.38940912 1934.69294122 14.7045561565 13.663685723 12.4958322201 12.5760991592 12.7758500997 7628.0145753 7705.56013831 7783.01726814 7808.84474089 7857.38748711 14.5810850089 56.057956207 75.185988115 50160.8829512 50170.5933076 50179.5537819 50194.5137715 50204.845162 350.612816002
-9999.0 -9999.0 -9999.0 -9999.0 -9999.0 -9999.0 -9999.0 -9999.0 -9999.0 -9999.0 -9999.0 -9999.0 -9999.0 -9999.0 -9999.0 -9999.0 -9999.0 -9999.0 -9999.0 -9999.0 16.918753823 17.6419054265 32.8369303657 465.769764364 486.509952929 31.9090953184 60.7842001893 89.225779762 110.677158325 19.5877010441 39.3093561866 1271.89390509 1291.97785844 1308.97201308 1437.23175668 3388.45762726 7119.72681752 7150.91681581 7180.69930786 7209.78401634 7318.71215345 7352.07274445 64.7810175209 30.8374208809 16.8740481373 32.6889285969 27.8784823725 43.023951801 14.1328992193 295.842072339 325.27811195 345.712024387 359.419605981 50218.7469673 50587.0111073
-9999.0 -9999.0 -9999.0 -9999.0 -9999.0 -9999.0 -9999.0 -9999.0 -9999.0 -9999.0 -9999.0 -9999.0 -9999.0 -9999.0 -9999.0 -9999.0 -9999.0 -9999.0 -9999.0 -9999.0 -9999.0 17.1830198977 32.9566930449 48.8084259512 500.489529994 25.4204546272 707.448075148 736.776708861 757.230216639 777.457844997 1192.68778467 1213.07123648 20.6380177241 94.0864155325 114.551483182 19.8795907105 3699.45525128 3662.18096897 14.6729331651 31.2698315421 81.8916638159 17.2615922102 17.8644581336 15.6459685835 14.3546395804 12.5494202332 13.6164995979 248.553009275 262.400326026 277.758886681 13.0371477585 8.27588005596 365.461109611 379.610532775 391.303102732
-9999.0 -9999.0 -9999.0 -9999.0 -9999.0 -9999.0 -9999.0 -9999.0 -9999.0 -9999.0 -9999.0 -9999.0 -9999.0 -9999.0 -9999.0 -9999.0 -9999.0 -9999.0 -9999.0 -9999.0 -9999.0 15.7594387444 14.7921250648 76.5545281486 611.096796387 653.86823068 678.782745626 32.1695463554 369.377275311 387.753554353 396.531065253 18.7428467263 40.9947414723 61.1297059267 877.27255645 894.213852456 909.948299223 3631.79258631 2108.17293892 16.4173697683 16.9883685978 16.7304791694 15.0596009468 145.063574729 175.732277269 204.203460441 219.407029883 234.301809117 1243.50739424 1256.20975695 1267.79155267 1294.07348814 1450.80822073 1463.45120857 1868.73839957
-9999.0 -9999.0 -9999.0 -9999.0 -9999.0 -9999.0 -9999.0 -9999.0 -9999.0 -9999.0 -9999.0 -9999.0 -9999.0 -9999.0 -9999.0 -9999.0 -9999.0 -9999.0 -9999.0 -9999.0 -9999.0 -9999.0 30.7777112411 47.0040900718 19.7776109028 32.4077830648 247.409434841 281.033607677 310.706978901 180.019548277 201.180098382 223.284954542 244.437647591 841.324021499 860.742179378 562.919781261 1490.59890475 1507.80237254 2093.08765764 34.3084741277 17.3468172075 14.6644477337 98.3795005169 115.172311198 13.1185631394 12.5729069497 1189.5560919 1217.63215346 1231.4512646 12.7943657746 18.573182282 1419.42686898 19.6247822909 87.5797838582 99.6974339884
-9999.0 -9999.0 -9999.0 -9999.0 -9999.0 -9999.0 -9999.0 -9999.0 -9999.0 -9999.0 -9999.0 -9999.0 -9999.0 -9999.0 -9999.0 -9999.0 -9999.0 -9999.0 -9999.0 -9999.0 -9999.0 -9999.0 15.3956541451 30.5177989244 135.339081998 156.269335016 184.576539413 126.757797585 158.040368261 22.3953383335 534.027855482 555.655449506 577.279020249 20.0968409077 525.351384192 544.981073383 17.4832947934 2006.10928152 35.7792296466 17.8631754637 51.126548871 68.5049375606 15.3901068969 13.7959159254 1054.33296655 1163.01496452 1178.48657878 15.8041068363 39.9641873235 51.3611515954 61.871823589 116.586863777 32.7026160865 71.0285763543 15.480671317
-9999.0 -9999.0 -9999.0 -9999.0 -9999.0 -9999.0 -9999.0 -9999.0 -9999.0 -9999.0 -9999.0 -9999.0 -9999.0 -9999.0 -9999.0 -9999.0 -9999.0 -9999.0 -9999.0 -9999.0 -9999.0 -9999.0 15.2123058249 48.9427291698 88.4564887086 25.4974186008 57.8804418378 93.2056198964 442.52584537 468.077522279 490.087998244 21.5412841941 404.198579378 466.74932183 487.176696529 18.4452096213 1933.76141317 1971.5653095 18.4752259656 17.8774652017 35.6471275688 16.3165906662 966.54323659 997.565333003 1014.34245448 65.8940407566 82.0459182362 15.0082897048 27.982304906 13.0376221653 89.1633300602 13.0717159861 17.5094745319 19.1170281132 19.0404670032
-9999.0 -9999.0 -9999.0 -9999.0 -9999.0 -9999.0 -9999.0 -9999.0 -9999.0 -9999.0 -9999.0 -9999.0 -9999.0 -9999.0 -9999.0 -9999.0 -9999.0 -9999.0 -9999.0 -9999.0 -9999.0 -9999.0 -9999.0 17.8395947332 20.972786317 30.0027972232 272.6985491 307.396100716 409.623623948 28.6490836749 316.591427406 361.875560731 21.6564056257 42.9215165084 18.8817625816 1877.4625378 19.8005724938 57.2569049182 73.9701633765 91.0251901344 861.565574221 918.648981795 936.126586865 17.3927914265 33.7955775654 49.4715755334 12.2862052036 11.5390800872 2191.67957249 2203.23350426 2213.42115852 2296.09077688 2307.89331827 2325.8700807 2342.24393751
