data/baseflow/mHMbf_acc381.asc
ncols                  80
nrows                 72
xllcorner      4374000.0
yllcorner      5656000.0
cellsize            500
NODATA_value       -9999
[rows 25 to 49 of 72, columns 0 to 54 of 80]
-9999.0 -9999.0 -9999.0 -9999.0 -9999.0 -9999.0 -9999.0 -9999.0 -9999.0 -9999.0 -9999.0 -9999.0 18.9465489916 37.4579892876 16.9121523429 34.0291697917 14.6019777356 113.12397255 140.731492495 155.255725033 13.1886577251 24.5577933755 256.761558201 315.442593577 325.201681061 23.671469295 22.0131935904 30.3501994431 4.26623305825 3.6903790687 6.85088098225 3.47471933128 421.574780522 425.513241952 429.121083465 2823.3911117 5729.34296828 5699.19920499 4.39097328032 2.19526396258 1.86513717672 8.10365337637 6.58265833245 23.5585039685 34.7835978242 70.8892255817 6.26028696748 6.20787338232 57.4577949282 62.3095512414 122.066276514 124.960232897 131.378890974 133.080631199 1.50848189048
-9999.0 -9999.0 -9999.0 -9999.0 -9999.0 -9999.0 -9999.0 -9999.0 -9999.0 -9999.0 -9999.0 -9999.0 -9999.0 17.0697067789 34.3934870976 51.9967901562 82.7465429828 15.951952203 14.2583966048 113.112943635 126.063694694 235.418079171 249.012218577 38.0112641327 12.4894221314 11.5452948166 10.4730870383 397.848172624 403.424594389 407.882921481 411.287845937 418.09992959 52.4599264799 57.5143307138 490.996051148 9046.69824689 22.5443239978 17.6944622862 7.41211945673 2.06306731079 1.50898213944 11.8539989972 13.0376053595 26.3095820024 1.32335962402 72.7126978561 9.31246663474 9.02966877132 1.23276178333 0.806265448428 0.742321045376 1.18474081468 0.815291227824 134.223263859 1848.21332655
-9999.0 -9999.0 -9999.0 -9999.0 -9999.0 -9999.0 -9999.0 -9999.0 -9999.0 -9999.0 -9999.0 -9999.0 -9999.0 -9999.0 16.5286345574 35.0130081378 52.3969555143 70.2728594484 84.6578504153 99.5798302685 42.4727433236 71.0442927595 13.2245970344 12.665247952 341.896931484 365.85541026 376.777633758 388.908952857 8.3601887271 14.1950205047 38.3212590906 43.3165342936 47.847118209 5.82476003026 6.42954230586 9063.17825951 5.20067337717 6.9392772277 3.24853358666 8.87730030545 4.08661789129 2.58821640753 41.7532572323 44.8240088607 1.48553854734 74.6758511024 84.8584581835 10.0033251236 1902.14152843 1900.14663374 1898.39518791 1893.99094952 1891.71476044 1855.34879382 1853.44674059
-9999.0 -9999.0 -9999.0 -9999.0 -9999.0 -9999.0 -9999.0 -9999.0 -9999.0 -9999.0 -9999.0 -9999.0 -9999.0 -9999.0 4.85439637283 10.9988072868 17.5958383727 169.322042635 183.954712335 14.931143361 14.1860599236 14.1241315479 290.818536674 317.913078202 12.9772111997 13.2002345734 10.1872684433 42.3599461404 52.6312588475 24.9399707277 31.2686669223 246.597229613 252.847866962 267.540289343 417.37784417 9484.29625413 5.42229714246 2.70492126495 13.9496932152 11.3786018845 2.32576453537 7.45233793572 9.79898767338 47.6025691783 49.9377850049 139.108437324 86.0007184167 11.0657819385 1941.54901238 18.836440002 1896.71040522 1895.46636062 34.2819358494 2.81412813212 2.93587069383
-9999.0 -9999.0 -9999.0 -9999.0 -9999.0 -9999.0 -9999.0 -9999.0 -9999.0 -9999.0 -9999.0 -9999.0 -9999.0 -9999.0 25.405599031 41.4058453217 85.3401008956 151.816138885 201.224545368 235.938477755 250.133105102 264.577095886 278.540963329 13.1435654117 11.6564809637 22.7490595721 21.2427276809 11.0123823639 215.023835549 224.946917817 234.090018873 242.64793848 127.493658672 131.885626048 141.497009657 9487.48727264 9.64785708874 8.08718673561 23.8399065499 2.21838383873 5.88802617052 3.39579358316 2.11605663451 12.4328036848 1.72694233268 1.85901101395 2091.55307283 1951.14883993 1949.28176111 8.2714245229 17.8117397095 10.677367232 1.94487886851 28.5704356191 6.79463788979
-9999.0 -9999.0 -9999.0 -9999.0 -9999.0 -9999.0 -9999.0 -9999.0 -9999.0 -9999.0 -9999.0 -9999.0 -9999.0 -9999.0 17.9073481965 16.9243643815 33.2187596501 50.2707556389 17.3960393716 16.5891647684 31.0433469356 45.1304299597 71.5679955929 84.6971627087 96.2552900093 130.991151038 141.541758475 153.083460712 10.1600140764 104.066182996 111.916741102 118.042745602 4.14771871568 2.5388560209 4.29222779762 9628.56274035 9631.49212025 9647.09885943 30.3649358711 4.66904342391 8.43751042143 2.02476546285 3.74612828536 14.289086157 17.4548311746 3.29491000734 2100.6603457 3.43051569308 4.64533468099 4.95096519706 4.34124832216 6.92861578819 2.8554028527 20.5358003363 14.9441763561
-9999.0 -9999.0 -9999.0 -9999.0 -9999.0 -9999.0 -9999.0 -9999.0 -9999.0 -9999.0 -9999.0 -9999.0 -9999.0 -9999.0 -9999.0 16.167063671 31.9109923873 15.3867021921 31.6226263441 195.285740809 209.89626437 223.25623969 13.2107019296 13.2635419194 24.8044377249 36.5644013146 56.933416673 67.6603291095 74.6417783851 84.1904943887 7.40197494022 5.96787071904 124.816962842 127.974201618 130.502740694 133.535843905 111.94075309 9771.35354038 9819.33076535 9821.15415387 9831.02828465 9840.01830209 9845.60867225 1.67240771742 18.9202213286 2102.22192333 3.81660104756 1.97393159916 2.74697789803 2.64225933755 4.25594856547 3.21711827907 1.9701272905 3.29561705501 2.71423727511
-9999.0 -9999.0 -9999.0 -9999.0 -9999.0 -9999.0 -9999.0 -9999.0 -9999.0 -9999.0 -9999.0 -9999.0 -9999.0 -9999.0 -9999.0 -9999.0 47.39036957 63.629494655 112.204608469 147.030416588 18.0390546174 256.500678451 269.201337667 281.159883588 11.7821983419 22.9808973054 10.0440556081 76.6023911112 82.5940705353 91.4580572575 99.6151404231 118.436498082 121.985586486 2.28562710806 99.5411169569 105.728319665 109.071137936 121.19185563 14.84704747 9.19557440404 5.18899877898 4.8355779832 9851.44541437 9854.27232248 9886.89214368 2103.83482586 11.0348307351 5.84836063787 4.08132903747 0.997014638243 11.1020212663 5.50306585476 1.64527960646 9.26452796507 7.9589655789
-9999.0 -9999.0 -9999.0 -9999.0 -9999.0 -9999.0 -9999.0 -9999.0 -9999.0 -9999.0 -9999.0 -9999.0 -9999.0 -9999.0 -9999.0 -9999.0 16.9923468888 79.9669840983 96.9177193582 18.5455190935 13.8361280462 28.2909697089 41.449494997 335.075145683 11.5948318643 46.7183205514 57.2019684724 67.4543465839 6.28794123145 14.4083260926 18.5421880845 80.0702218336 87.7445284121 91.0072422168 3.29949082477 2.80549269774 3.10080990454 5.74952269985 2.29907569477 2.33622173586 3.70522725344 2.84400126082 3.74865609148 11.9443364635 9890.10526095 12001.4685904 13.6438328434 2.29995740514 1.10191177322 33.5334790367 31.2720229845 18.2913312607 16.3150961426 11.9165832304 3.16444531995
-9999.0 -9999.0 -9999.0 -9999.0 -9999.0 -9999.0 -9999.0 -9999.0 -9999.0 -9999.0 -9999.0 -9999.0 -9999.0 -9999.0 -9999.0 14.6058220897 47.1894153069 15.583582092 17.4647475847 15.3266297164 29.066156761 42.5457773147 56.318496717 406.118603083 417.049937147 11.2898330064 21.6027184685 32.0538089167 39.7123220081 46.8813309809 68.8323362399 76.5693789578 3.45128857373 3.67281515412 3.09338529967 4.23159074126 3.78506970314 4.22001773292 3.39560580182 4.2190553462 14.9842871049 7.34113237165 3.79345225334 3.67028345998 2.78789940171 5.02860910563 12111.0104415 94.2092259903 41.2267650406 4.64474495131 2.03890649575 1.41263921845 4.44396553922 2.87354287792 1.36642624217
-9999.0 -9999.0 -9999.0 -9999.0 -9999.0 -9999.0 -9999.0 -9999.0 -9999.0 -9999.0 -9999.0 -9999.0 -9999.0 -9999.0 15.4982191494 29.6566243141 107.008494788 15.2581758313 35.8561015716 50.6484395485 64.2488443271 14.2058939528 26.4584997805 41.581357778 472.321189685 10.595246093 20.2030997965 30.0005760921 8.99355062104 17.5162499099 20.5098308482 26.84018305 792.113257442 800.081310487 807.401963641 843.835291115 855.421211362 882.047359638 5.93414354339 13.4867915613 18.0588952667 960.537122405 966.865862904 3.28145700357 5.02642553657 6.71393231538 12113.9561406 90.2292629344 42.6444692817 40.0328909335 32.1117548411 27.9268058024 5.89405631353 1.55514351409 2.52895068342
-9999.0 -9999.0 -9999.0 -9999.0 -9999.0 -9999.0 -9999.0 -9999.0 -9999.0 -9999.0 -9999.0 -9999.0 -9999.0 -9999.0 15.4691779275 47.155492616 169.584204785 250.183242059 13.728470884 328.335737943 407.570189396 12.8996805155 24.7163120952 38.967430945 585.090374367 597.618099966 8.97610562377 48.0667654934 56.2705357725 62.5586706672 741.960954687 753.228707057 762.373631996 4.68115169713 25.8617821873 30.8354478594 13.7077119759 19.5893230279 908.812662236 930.916987361 935.552325408 939.927481779 971.667568658 2.32968277523 1.95312125919 10.3237313384 12116.7315586 3.68270872686 1.94906907386 5.83212241805 2.37834883059 24.7332916725 21.4852336884 12.8299983454 8.80597483518
-9999.0 -9999.0 -9999.0 -9999.0 -9999.0 -9999.0 -9999.0 -9999.0 -9999.0 -9999.0 -9999.0 -9999.0 -9999.0 -9999.0 -9999.0 -9999.0 32.7874078318 65.9986359617 296.691082793 313.224958067 422.215047816 437.580403533 12.7459129196 25.4869923358 61.033756412 611.148642812 630.989407473 638.935726894 6.49214083971 664.912038898 675.76132365 7.5475247158 4.75097239084 8.80338348582 17.2953900022 4.27328215145 8.52944565079 18.0771850909 22.7675793019 4.49010397425 2.844195763 5.6269867404 991.471227145 997.247887463 998.856124813 1014.01258459 12119.015183 2.25032423459 1.08077031342 1.45351084731 1.37245531777 1.43491758311 1.15941681291 2.07835838874 1.32045380051
-9999.0 -9999.0 -9999.0 -9999.0 -9999.0 -9999.0 -9999.0 -9999.0 -9999.0 -9999.0 -9999.0 -9999.0 -9999.0 -9999.0 -9999.0 -9999.0 17.1128393384 16.7736680465 16.5079452901 33.0115525135 14.553961729 466.557613757 480.481435174 12.4328313822 23.7788417439 11.3786231223 9.58859978398 9.29595439126 653.31277079 3.21658707056 6.71215548457 4.33705350929 4.6308120737 4.23820277376 3.23947055201 3.39276648578 10.3395788197 14.2227565821 2.65562963346 2.29754950608 5.02675831992 8.55957282848 10.7309637298 2.72965817401 1001.62446114 1015.72326793 12120.467627 6.70140518058 2.39291552932 0.64688291073 1.84016745512 0.48590023213 0.352448931095 2.48138467674 6.27133536079
-9999.0 -9999.0 -9999.0 -9999.0 -9999.0 -9999.0 -9999.0 -9999.0 -9999.0 -9999.0 -9999.0 -9999.0 -9999.0 -9999.0 -9999.0 -9999.0 -9999.0 -9999.0 16.5796860386 48.3172155276 61.8714557065 76.0302396715 494.344502853 508.00936396 521.446480266 535.449096618 544.471007287 563.117922751 566.374132196 569.224915373 572.064585114 3.95821606013 3.65710074755 3.97956519429 14.211946395 3.83985755037 3.59905686089 2.72308323071 7.87131218248 3.22229935858 2.35030540668 2.14195162372 1.7500725793 3.49017749852 4.996273512 1025.96797684 13154.6563007 1.92222212727 3.92085969168 0.451778674701 2.37909267127 1.09210442105 0.70938548258 13.2540816454 9.92737617736
-9999.0 -9999.0 -9999.0 -9999.0 -9999.0 -9999.0 -9999.0 -9999.0 -9999.0 -9999.0 -9999.0 -9999.0 -9999.0 -9999.0 -9999.0 -9999.0 -9999.0 -9999.0 -9999.0 14.0328012561 109.748560154 215.710339657 230.386821207 16.6589188519 29.0879935842 40.1878018622 49.5560321022 110.900309968 114.889641358 3.93590438172 3.81608923994 580.251405854 587.414744857 590.699030649 16.8310530097 2.4982036101 6.2470189562 9.10406421005 26.8569875159 32.8335446311 37.2784118384 3.99198187118 5.44715499928 1.81964523401 3.59860500471 1.8625135416 13157.784627 1.65673835506 7.01555843777 2.24092103558 5.33601469294 13.2694656576 14.7823264652 28.8798081839 8.79023201017
-9999.0 -9999.0 -9999.0 -9999.0 -9999.0 -9999.0 -9999.0 -9999.0 -9999.0 -9999.0 -9999.0 -9999.0 -9999.0 -9999.0 -9999.0 -9999.0 -9999.0 -9999.0 15.4425985103 48.9662965428 96.0135283181 125.540690667 321.036652915 336.708237324 23.142496285 34.2666285479 43.9315121091 53.1757442324 118.088508069 125.68939567 210.880961635 217.585027778 221.143379369 594.254570791 620.475155156 6.22431248519 4.10238707389 3.90922840667 7.45069101867 3.33986567524 43.5218530575 45.6101926258 7.14164722854 8.90674435249 1.73201856581 3033.75620649 3037.59743296 16197.7000004 16207.0616915 1.68133403668 9.0213189359 2.36412168594 1.90519120906 32.0424046789 41.9426092847
-9999.0 -9999.0 -9999.0 -9999.0 -9999.0 -9999.0 -9999.0 -9999.0 -9999.0 -9999.0 -9999.0 -9999.0 -9999.0 -9999.0 -9999.0 -9999.0 -9999.0 -9999.0 -9999.0 17.4374367179 16.9972059818 32.3315046232 76.7936906529 350.852854003 11.837898393 11.6778593281 21.1620829099 30.9698895765 70.4184097206 74.6601151808 3.70853137014 4.66894344437 225.977299895 229.923548207 853.602434419 856.465633496 2.14159724178 1.84180477366 1.45195683862 1.46910580714 1.54403961768 2995.97829314 3009.00769706 3019.83956697 3023.43297076 3032.10042605 2.15327909629 7.72412113609 9.33312974823 16219.9117217 16220.7785497 16223.0315509 16224.4398625 16225.8131288 43.4578611806
-9999.0 -9999.0 -9999.0 -9999.0 -9999.0 -9999.0 -9999.0 -9999.0 -9999.0 -9999.0 -9999.0 -9999.0 -9999.0 -9999.0 -9999.0 -9999.0 -9999.0 -9999.0 -9999.0 -9999.0 15.7413036753 16.3924222397 30.4664526444 410.4853368 424.613770656 11.4197238577 20.9186090893 30.9641809485 36.0787521018 4.0927638889 8.8075550038 835.038657166 839.022551423 842.577960523 871.147040356 1730.78369203 2910.34278344 2915.46222817 2919.9882509 2924.25127859 2942.39587125 2948.34595269 11.0606707916 4.82442731732 3.04208354021 5.62583499192 3.80637913419 6.16579171453 1.89695718907 44.6998140827 50.4192595523 54.9669982866 55.5713589542 16226.3821579 16270.9986421
-9999.0 -9999.0 -9999.0 -9999.0 -9999.0 -9999.0 -9999.0 -9999.0 -9999.0 -9999.0 -9999.0 -9999.0 -9999.0 -9999.0 -9999.0 -9999.0 -9999.0 -9999.0 -9999.0 -9999.0 -9999.0 16.0660638012 30.7307541861 45.4750289984 436.796738895 12.6199007304 585.712814583 595.998522853 599.895309065 604.791343857 815.321105357 821.138379805 4.44174513186 21.5100630088 25.9018816881 4.37809140087 1174.41335562 1166.65623801 2.27415352111 5.40334568425 14.5602552067 3.2524262991 3.51197951906 2.43767750281 1.98011647712 1.43774153741 1.75482032415 38.6536039885 40.5146867994 42.9055624469 4.10697598787 3.22108502901 57.2962898632 58.3496599437 58.7490302869
-9999.0 -9999.0 -9999.0 -9999.0 -9999.0 -9999.0 -9999.0 -9999.0 -9999.0 -9999.0 -9999.0 -9999.0 -9999.0 -9999.0 -9999.0 -9999.0 -9999.0 -9999.0 -9999.0 -9999.0 -9999.0 14.8135504336 13.8084705716 71.4650820266 536.494145184 563.068275821 576.440936685 10.2442069426 199.920776303 203.586943196 206.173193962 5.18197621263 10.0959715208 14.4472539049 274.141809157 277.366219518 280.073964138 1161.66085083 729.556067131 3.09378791142 3.14485153386 2.96486206648 2.2073614484 23.6466466608 28.3119826287 32.2771190551 34.5486470456 36.7080809822 257.411584374 258.848343016 260.713384979 264.98981703 282.519311056 283.095167583 342.443466519
-9999.0 -9999.0 -9999.0 -9999.0 -9999.0 -9999.0 -9999.0 -9999.0 -9999.0 -9999.0 -9999.0 -9999.0 -9999.0 -9999.0 -9999.0 -9999.0 -9999.0 -9999.0 -9999.0 -9999.0 -9999.0 -9999.0 28.8643809899 43.8706942483 15.1151611269 11.5514127247 167.51148161 178.003796965 184.713162729 58.5643249002 61.2494143782 64.5058307394 68.7254252763 266.759209649 271.237553066 142.338052644 426.002473768 429.332201104 727.141487813 6.31652320447 3.15529307707 2.05625449057 16.4384089361 19.3076488176 1.54210377264 1.40688789519 250.146181589 254.060544528 256.050450334 2.10861145257 3.09703547737 279.957359661 1.77870249769 5.06591584059 5.48655386298
-9999.0 -9999.0 -9999.0 -9999.0 -9999.0 -9999.0 -9999.0 -9999.0 -9999.0 -9999.0 -9999.0 -9999.0 -9999.0 -9999.0 -9999.0 -9999.0 -9999.0 -9999.0 -9999.0 -9999.0 -9999.0 -9999.0 14.3728433229 28.4679682614 117.797889027 132.86928867 145.835059437 47.7313873956 55.8071201915 3.13225994948 188.045151897 190.784307653 193.664967258 3.77617848515 134.057289024 138.703819272 3.39081952757 710.505928982 7.22676734439 3.54858746168 9.03563382523 12.2036813918 2.24443782773 1.72230575094 229.989704187 246.560105538 249.037976045 2.429851304 4.79614432692 5.94764382457 6.94410668201 13.7416031333 1.79010262469 4.21118890115 0.747731948169
-9999.0 -9999.0 -9999.0 -9999.0 -9999.0 -9999.0 -9999.0 -9999.0 -9999.0 -9999.0 -9999.0 -9999.0 -9999.0 -9999.0 -9999.0 -9999.0 -9999.0 -9999.0 -9999.0 -9999.0 -9999.0 -9999.0 14.2744659742 44.3786975738 75.673388747 15.7220167854 26.8112638629 37.9614205855 174.986396861 179.41903639 182.273546741 2.43975442274 114.537967805 123.067797626 126.56705308 2.06684434746 695.81767039 703.877080684 3.74100745957 3.36421999387 6.70641420004 2.614579354 217.87959629 222.415079782 225.244671908 10.6739906864 13.1483091674 2.05067619586 3.54603670562 1.51269145821 10.3962958857 1.57893478607 1.09129660311 1.17661518979 1.21671523481
-9999.0 -9999.0 -9999.0 -9999.0 -9999.0 -9999.0 -9999.0 -9999.0 -9999.0 -9999.0 -9999.0 -9999.0 -9999.0 -9999.0 -9999.0 -9999.0 -9999.0 -9999.0 -9999.0 -9999.0 -9999.0 -9999.0 -9999.0 15.2858931294 16.1194811074 15.296655901 123.2074956 134.01447721 165.564905862 5.89734402682 103.152984798 109.956346146 2.82597935797 6.11796295735 2.28447252066 687.782491808 3.06328451941 9.27455672976 11.7841380957 14.0978229455 201.711397791 210.334795763 213.496198161 3.18156067414 5.80457975548 8.09327703594 1.22239158899 1.07843003386 640.617166814 641.717006601 642.569405542 652.957279362 654.124022698 655.704120753 656.580503296
