data/baseflow/mHMbf_acc482.asc
ncols                  80
nrows                 72
xllcorner      4374000.0
yllcorner      5656000.0
cellsize            500
NODATA_value       -9999
[rows 0 to 24 of 72, columns 0 to 54 of 80]
-9999.0 -9999.0 -9999.0 -9999.0 -9999.0 -9999.0 -9999.0 -9999.0 -9999.0 -9999.0 -9999.0 -9999.0 35.7827864396 25.5445124942 -9999.0 -9999.0 -9999.0 -9999.0 -9999.0 -9999.0 -9999.0 -9999.0 -9999.0 -9999.0 -9999.0 -9999.0 -9999.0 -9999.0 -9999.0 -9999.0 -9999.0 -9999.0 -9999.0 -9999.0 -9999.0 -9999.0 -9999.0 -9999.0 -9999.0 -9999.0 -9999.0 -9999.0 -9999.0 -9999.0 -9999.0 -9999.0 -9999.0 -9999.0 -9999.0 -9999.0 -9999.0 -9999.0 -9999.0 -9999.0 -9999.0
-9999.0 -9999.0 -9999.0 -9999.0 -9999.0 -9999.0 -9999.0 -9999.0 -9999.0 -9999.0 -9999.0 -9999.0 72.1456053267 148.253051689 21.7341890985 -9999.0 16.5703106459 -9999.0 -9999.0 -9999.0 -9999.0 -9999.0 -9999.0 -9999.0 -9999.0 -9999.0 -9999.0 -9999.0 -9999.0 -9999.0 -9999.0 -9999.0 -9999.0 -9999.0 -9999.0 -9999.0 -9999.0 -9999.0 -9999.0 -9999.0 -9999.0 -9999.0 -9999.0 -9999.0 -9999.0 -9999.0 -9999.0 -9999.0 -9999.0 -9999.0 -9999.0 -9999.0 -9999.0 -9999.0 -9999.0
-9999.0 -9999.0 -9999.0 -9999.0 -9999.0 -9999.0 -9999.0 -9999.0 -9999.0 -9999.0 36.3501785717 35.2737291905 36.1803879424 34.8681561238 216.222016342 241.084343629 46.9813873405 14.9396895364 -9999.0 -9999.0 -9999.0 -9999.0 -9999.0 -9999.0 -9999.0 -9999.0 -9999.0 -9999.0 -9999.0 -9999.0 -9999.0 -9999.0 -9999.0 -9999.0 -9999.0 -9999.0 -9999.0 -9999.0 -9999.0 -9999.0 -9999.0 -9999.0 -9999.0 -9999.0 -9999.0 -9999.0 -9999.0 -9999.0 -9999.0 -9999.0 -9999.0 -9999.0 -9999.0 -9999.0 -9999.0
-9999.0 -9999.0 -9999.0 -9999.0 -9999.0 -9999.0 -9999.0 -9999.0 -9999.0 35.5603626279 71.5604403509 141.868562202 70.2932560082 34.398700686 68.2610923058 274.843938088 360.712520895 18.1069631395 -9999.0 36.0344364607 -9999.0 -9999.0 -9999.0 -9999.0 32.7382949502 16.3372009941 -9999.0 -9999.0 -9999.0 -9999.0 -9999.0 -9999.0 -9999.0 -9999.0 -9999.0 -9999.0 -9999.0 -9999.0 -9999.0 -9999.0 -9999.0 -9999.0 -9999.0 -9999.0 -9999.0 -9999.0 -9999.0 -9999.0 -9999.0 -9999.0 -9999.0 -9999.0 -9999.0 -9999.0 -9999.0
-9999.0 -9999.0 -9999.0 -9999.0 -9999.0 -9999.0 -9999.0 -9999.0 37.7565276124 109.781859386 144.785951956 179.929501763 246.335864208 33.7913903848 134.978857797 168.563966546 581.883115301 29.4679311225 33.4099264964 69.7983475533 102.654541775 33.682458476 -9999.0 90.6039437314 73.8590450118 21.6342845939 -9999.0 -9999.0 -9999.0 -9999.0 -9999.0 -9999.0 -9999.0 -9999.0 -9999.0 -9999.0 -9999.0 -9999.0 -9999.0 -9999.0 -9999.0 -9999.0 -9999.0 -9999.0 -9999.0 -9999.0 -9999.0 -9999.0 -9999.0 -9999.0 -9999.0 -9999.0 -9999.0 -9999.0 -9999.0
-9999.0 -9999.0 -9999.0 -9999.0 -9999.0 -9999.0 38.3947827341 35.9032162477 35.5122000735 35.7059562941 36.0584959553 251.969548237 533.156821902 567.906625099 600.177480108 31.8808092176 644.796975821 677.038119194 67.1939633477 33.0029125423 135.012100034 234.772789767 31.6692829885 185.019919097 34.7406894016 33.2044850231 35.5891010907 -9999.0 -9999.0 -9999.0 -9999.0 -9999.0 -9999.0 -9999.0 -9999.0 -9999.0 -9999.0 -9999.0 -9999.0 -9999.0 -9999.0 -9999.0 -9999.0 -9999.0 -9999.0 -9999.0 -9999.0 -9999.0 -9999.0 -9999.0 -9999.0 -9999.0 -9999.0 -9999.0 -9999.0
-9999.0 -9999.0 -9999.0 -9999.0 -9999.0 -9999.0 76.555678685 113.180814908 257.594004975 363.447230928 34.2670156484 34.8092111491 33.8275648642 100.623149113 732.848756646 31.1901649306 709.384608004 837.091085864 100.043309994 64.6122110832 266.475301959 33.1784497157 218.072665506 66.7849809677 33.7590750759 66.5035958996 70.6104212077 35.393842115 35.0913004276 34.8939088912 35.3205520546 71.0397325252 -9999.0 -9999.0 -9999.0 -9999.0 -9999.0 -9999.0 -9999.0 -9999.0 -9999.0 -9999.0 -9999.0 -9999.0 -9999.0 -9999.0 -9999.0 -9999.0 -9999.0 -9999.0 -9999.0 -9999.0 -9999.0 -9999.0 -9999.0
-9999.0 -9999.0 -9999.0 -9999.0 -9999.0 38.7927875013 76.4601386058 37.1837665076 73.53087303 399.992259601 470.06845057 539.687462874 1677.60068539 33.5054316959 766.045783747 2692.17480023 2716.75820558 3595.2110079 26.4878484438 96.8107684363 298.43380965 31.8592729626 587.590916006 337.094874885 204.588739667 171.116381795 34.6667130343 105.073475756 103.383842233 69.1554781768 34.0349383698 105.855714563 34.1775384435 34.1399080701 -9999.0 -9999.0 -9999.0 -9999.0 -9999.0 -9999.0 -9999.0 -9999.0 -9999.0 -9999.0 -9999.0 -9999.0 -9999.0 -9999.0 -9999.0 -9999.0 -9999.0 -9999.0 -9999.0 -9999.0 -9999.0
-9999.0 -9999.0 -9999.0 -9999.0 -9999.0 38.9819516065 114.699163951 228.531014128 265.016921635 526.661750419 562.248760791 671.223617801 1104.60826918 1769.07202585 1834.2568542 1864.48986741 60.3913645935 3702.71456633 3758.76718787 3918.48970088 4933.49136952 684.500174887 620.697941542 237.71280714 32.8087684722 205.166874922 138.511557399 33.0843854198 136.200676775 31.9182832039 65.5342132656 173.354159977 206.887895225 67.7012171595 33.3766867711 33.5932790254 -9999.0 -9999.0 -9999.0 -9999.0 18.8465631018 15.9395521638 -9999.0 -9999.0 -9999.0 -9999.0 -9999.0 -9999.0 -9999.0 -9999.0 -9999.0 -9999.0 -9999.0 -9999.0 -9999.0
-9999.0 -9999.0 -9999.0 -9999.0 -9999.0 38.5637551903 37.5377126644 151.747920163 188.287798612 225.529557113 36.6872226003 73.1249865715 407.549252612 72.9765723451 35.577024517 34.4940934483 32.2407449392 35.4725459179 35.2374535047 33.9472587155 4966.06661719 5062.39050282 31.949928577 97.3264206822 65.5277729844 237.607624225 66.0013957405 32.5019864215 169.639533881 63.1690532732 150.850988228 368.87267719 341.008462598 101.027347449 100.418190555 33.5342424737 33.4516989002 -9999.0 -9999.0 33.1380310464 43.8143862819 93.0349683582 16.7815905041 -9999.0 -9999.0 -9999.0 -9999.0 -9999.0 -9999.0 -9999.0 -9999.0 -9999.0 -9999.0 -9999.0 -9999.0
-9999.0 -9999.0 -9999.0 -9999.0 -9999.0 -9999.0 38.9094764022 38.4166696533 76.404131487 113.925195521 261.300709363 335.476426521 372.719771292 38.2747477101 34.1304008173 430.487454492 532.9303895 566.560201482 702.590801185 735.732967252 32.8961664311 5094.91452882 5255.94942104 129.006789176 29.407776283 269.004669082 600.652740328 234.199813812 63.8679241072 31.8123064471 581.359375597 400.728329465 31.5759369933 31.6752896553 132.15421994 99.1378354004 32.5292598991 32.9356813364 32.6250503309 65.3433137032 32.0083520293 113.583158731 144.990941694 30.9100617105 -9999.0 -9999.0 -9999.0 -9999.0 32.8163955152 31.9189169807 9.17053072925 -9999.0 -9999.0 -9999.0 -9999.0
-9999.0 -9999.0 -9999.0 -9999.0 -9999.0 -9999.0 -9999.0 39.1722308681 36.2064959805 73.4581778262 110.841602623 37.4654549377 36.9328487892 219.601789765 290.928558306 362.587654732 34.4970834871 69.0712968397 33.9638848513 768.58005066 1680.25915978 1699.51984793 7013.35002057 32.5140295405 88.3138113077 28.8540420334 632.223641839 31.6243198298 95.9950841285 31.6768190251 612.957409287 644.300833187 63.0483326773 62.9295901847 328.53577077 164.174524581 65.2507190985 32.8027565128 65.4082226672 97.7265780292 161.160101215 31.6363957594 207.098170869 237.444035056 28.7207229719 29.7811610432 30.2233382555 29.0008844745 28.015605762 94.1041101902 36.9807302489 23.9445380294 -9999.0 -9999.0 -9999.0
-9999.0 -9999.0 -9999.0 -9999.0 -9999.0 -9999.0 -9999.0 -9999.0 75.1199560704 111.060149297 36.9482405338 74.0524032877 110.299002805 184.411989201 36.7160417448 36.3765363513 34.119870389 34.6414071174 33.4231011438 845.434124755 34.1309014215 67.7968374298 7104.04263588 7180.74265155 45.4674879948 177.286585162 842.1003295 62.6099416008 126.094052088 61.415687012 91.0468332967 766.983299298 92.964905679 483.546346338 390.717819283 31.4320627052 160.749376568 64.3788249144 96.7243908573 31.3424025525 192.431550701 254.938598749 283.281604383 310.934012037 348.777006196 55.9418412755 57.0613419193 54.9803356338 52.9495143894 120.571665136 26.5028351168 87.7557557268 112.692158167 -9999.0 -9999.0
-9999.0 -9999.0 -9999.0 -9999.0 -9999.0 -9999.0 -9999.0 -9999.0 37.9522291513 186.159423187 222.742273872 36.7439582399 73.2052468264 36.5128899814 35.7192136883 35.1488764804 428.516237426 573.402628022 703.666590322 825.357490365 30.9322588415 33.9031797505 40.4121385913 7335.82828384 7414.83007018 7456.74805537 1139.58472961 253.534074083 219.985976184 30.2191556758 120.895472714 917.666400818 29.8965622988 513.498449285 30.7400373909 207.519062573 192.778812634 31.352603464 127.740629637 62.3315213486 92.8842648304 30.8979587744 27.6618415662 338.423475915 364.598219361 374.893689736 83.8090218133 81.1650583557 78.57418344 147.864224924 200.904413256 26.3967852346 137.940619122 26.0012323383 50.4813213329
-9999.0 -9999.0 -9999.0 -9999.0 -9999.0 -9999.0 -9999.0 -9999.0 -9999.0 37.4939054475 259.470997 296.076433879 109.947560379 182.986680756 254.31219026 289.93086435 35.7337348568 110.643746844 72.8448321787 35.586690522 36.0255790941 34.5052789702 69.9600627525 123.173250805 47.0502350852 8682.61177755 8728.07918422 43.3494384998 31.7402974409 60.2132046347 89.9556067114 1006.20992442 59.0480192814 542.1985471 323.795431105 264.611778576 30.7738728136 61.8566908963 157.721329161 29.7973211665 122.126430339 59.831719683 52.3679397164 25.5528651292 441.109730009 840.024217119 106.410096455 104.046133867 102.67669529 24.1802881683 224.72198101 23.5458109244 187.559718746 24.3252401785 74.7048866282
-9999.0 -9999.0 -9999.0 -9999.0 -9999.0 -9999.0 -9999.0 -9999.0 -9999.0 -9999.0 35.9619765939 368.530295919 36.7731636711 73.3951037143 108.599016688 180.658607469 37.1979795853 75.3399359479 37.4831363151 36.9319463685 35.3970507431 70.2658068462 33.6523955244 39.0489458012 85.7495486312 48.0868370285 8768.77086268 8853.30661127 8972.95263582 123.804240368 29.972798663 59.7004876884 1036.03145853 1012.81424323 383.935935793 30.0025258153 122.717709737 92.283775309 187.771154539 59.7805086288 240.344762209 88.8283289805 79.6532178975 23.8433128691 25.8466194707 867.235129302 892.592281808 1126.89436812 177.139544416 49.4994117043 249.763354916 297.693837963 508.005502689 48.1093020393 22.9993763275
-9999.0 -9999.0 -9999.0 -9999.0 -9999.0 -9999.0 -9999.0 -9999.0 -9999.0 -9999.0 -9999.0 19.7416458345 413.355944007 36.6943870496 71.6140561534 323.980496293 37.0647371515 37.1760380975 34.7855597663 72.0291875536 34.1893107008 138.541221234 205.374838954 237.886420229 118.987911578 158.628084737 44.8416741482 47.8472132973 42.0730251064 9164.0377186 9260.19324747 1064.94532877 1069.40801935 1041.23458262 57.8719763223 28.5961093319 151.58723433 397.194206872 216.812047899 88.8352614827 357.254574677 180.002365806 152.509050054 47.4840439058 21.7368451818 21.6522819666 21.8489358402 1221.32818671 1472.68010857 24.1869781751 22.5517999499 23.6771919097 531.1160117 601.789247457 43.8719631066
-9999.0 -9999.0 -9999.0 -9999.0 -9999.0 -9999.0 -9999.0 -9999.0 -9999.0 -9999.0 -9999.0 18.7337732289 459.642327883 567.275166873 34.9091283348 393.700954481 35.3319902427 34.8994589139 68.7094182062 174.784944729 34.0876435856 34.8028617914 32.898120486 304.176106282 336.594121734 527.936265703 606.446277342 645.771515573 688.409004294 729.100445417 10028.2904691 11171.0988209 12313.7236986 12343.1235401 31.653799824 28.8162802622 454.904506724 426.286710405 28.6125892706 28.5730603713 385.457799917 593.457867371 26.0436782255 311.075471173 285.804447121 93.7095059001 45.1779489521 70.0553545513 26.3566468582 1521.48655109 24.5893135129 70.1184810197 90.8851478945 761.565832723 825.57597457
-9999.0 -9999.0 -9999.0 -9999.0 -9999.0 -9999.0 -9999.0 -9999.0 -9999.0 -9999.0 -9999.0 37.0665346356 72.5287285314 602.484602172 670.179321499 33.9565511623 454.540765325 32.881285154 100.11920336 207.532542309 66.9366622934 32.8211082088 66.6132999832 31.6625270094 62.0887999253 30.6351791794 30.1392980248 28.62924674 27.6411882955 29.2641952829 33.0443134201 39.8961448041 44.0275208758 44.3777091049 12451.8428906 597.108619814 526.724476008 33.9430621062 84.7760381549 21.4037318967 18.4333486269 620.610119914 1012.69726363 339.08399873 240.589292462 49.1792534071 23.1594400755 22.4453517563 46.4223805563 1592.70863548 1640.28105035 24.2519397978 24.2122864312 23.5858723403 20.8257939089
-9999.0 -9999.0 -9999.0 -9999.0 -9999.0 -9999.0 -9999.0 -9999.0 -9999.0 -9999.0 -9999.0 -9999.0 35.5897364541 442.849264347 1147.6426767 1251.53252426 1737.55147833 1762.72953591 465.282629776 340.733929718 100.268168117 32.6651502138 131.315894169 162.994440963 255.840547375 61.9064428203 60.9924973938 59.6824023211 117.822363796 59.5493352305 62.6615192362 28.3841057766 26.7121497171 31.9278642449 12485.7935345 13101.6167256 13139.1162449 36.2491228096 249.488950924 95.6734080644 28.0891208839 1096.6564652 57.4251402509 29.2025064571 119.507947464 27.8909973149 26.0272263644 50.8408792566 73.2719867301 96.9281595383 1683.962335 21.1736272152 19.4335071569 19.4399199866 16.9250412926
-9999.0 -9999.0 -9999.0 -9999.0 -9999.0 -9999.0 -9999.0 -9999.0 -9999.0 -9999.0 -9999.0 36.7514363071 335.466438315 407.873748019 69.5554841861 21.36676962 51.1168139918 1846.89510485 1874.30423697 2363.82145299 31.0922576065 63.5911897723 30.6476321074 31.0534514423 286.523234297 379.090425448 470.271615289 29.7254464562 147.555478794 236.416136308 148.096301963 57.0271540402 53.5742254602 56.9643447929 59.9686819838 35.3602431691 13170.6301123 13201.2226411 13512.2307247 52.7227284575 26.7706971618 1115.16813423 59.9049699877 30.3782024489 31.2153586169 30.9659932138 29.373993239 56.4864637287 163.762850596 285.709431259 1991.06003508 17.9861033848 53.5684584588 35.9181585512 32.1957018098
-9999.0 -9999.0 -9999.0 -9999.0 -9999.0 -9999.0 -9999.0 -9999.0 -9999.0 -9999.0 -9999.0 37.3140761104 226.530460094 36.5867600225 34.6689923112 169.518552984 201.874804588 235.364272736 267.93931145 3196.95952106 3224.75243994 3284.52472024 3716.96300826 3811.40161792 3870.93561782 3902.19768302 4450.75975325 4532.84953706 4562.47868848 4829.33599656 5007.46387982 5036.20571095 5145.23629029 84.5017227004 85.4264669634 28.5992398204 32.490929982 13232.2523386 13625.001099 81.1057396627 1272.83270543 1248.73145868 116.720768352 28.8230115823 29.3560345889 28.95162423 28.0077042168 56.2716956956 82.3942494909 26.0539799587 2011.94638107 2033.36236517 2142.16498436 2160.98281231 2210.93114119
-9999.0 -9999.0 -9999.0 -9999.0 -9999.0 -9999.0 -9999.0 -9999.0 -9999.0 -9999.0 -9999.0 114.464387879 151.609005539 72.2608835757 107.795544081 35.2769891909 398.917705567 433.224202905 501.032216156 532.519314073 230.165637148 3561.54249668 3590.36348422 32.0662517985 28.5772042474 27.5805464709 57.0341257608 29.3534067507 26.447479913 25.8765931745 26.2959504359 5064.17243339 5173.20228304 5282.48238365 5390.89370102 5507.2887929 60.1992917066 25.6542948385 14979.4183741 1324.13127441 1297.46770938 27.1569751426 26.0797563216 25.072323753 54.8586704235 54.6046643165 25.8005402578 25.8459184569 24.3344295077 50.1705046687 70.8578754313 19.312184216 36.7677870259 14.2533930252 12.332859779
-9999.0 -9999.0 -9999.0 -9999.0 -9999.0 -9999.0 -9999.0 -9999.0 -9999.0 -9999.0 -9999.0 -9999.0 76.9131023297 36.6458959985 35.8996524059 330.853374653 365.559978586 34.692881129 137.743119425 170.508952634 202.570356103 33.6260737664 31.7614669033 578.757913841 608.250947133 637.314134421 1636.04163081 1662.91675961 1714.34621207 1919.48188577 2068.08485048 2092.83491982 23.6925833606 24.0643372035 22.4544509965 5552.96013443 23.9074033503 15260.6499386 15217.518828 210.526783603 181.481437505 105.605860557 26.30229022 50.3169494597 80.2705761099 80.0034545415 50.7672093415 25.1959540046 49.3621680714 48.5144257548 93.3704528143 15.0969799425 53.9311136134 86.6375829465 112.12865615
-9999.0 -9999.0 -9999.0 -9999.0 -9999.0 -9999.0 -9999.0 -9999.0 -9999.0 -9999.0 -9999.0 -9999.0 39.1065860923 113.044702859 149.293312985 259.682256603 35.2440261648 70.7235824446 104.954576455 390.745402225 422.068328 450.613950661 483.148847885 516.761750065 809.445145076 909.861172692 971.489893994 28.0877273467 153.997583202 180.796375888 1993.26479801 2118.31107831 2168.29919298 2217.82174595 2268.40625138 7844.58892753 21.1141353636 15358.5857362 55.6523062675 26.042253884 155.132310684 130.523836374 23.23484876 74.3439702257 104.126581351 103.60361383 73.4038130496 121.315979294 192.011511931 70.6997287801 185.140767669 18.7030126079 31.6429127188 12.1926247773 10.4912991041
