data/baseflow/mHMbf_acc251.asc
ncols                  80
nrows                 72
xllcorner      4374000.0
yllcorner      5656000.0
cellsize            500
NODATA_value       -9999
[rows 0 to 24 of 72, columns 0 to 54 of 80]
-9999.0 -9999.0 -9999.0 -9999.0 -9999.0 -9999.0 -9999.0 -9999.0 -9999.0 -9999.0 -9999.0 -9999.0 11.80960517 15.1373317162 -9999.0 -9999.0 -9999.0 -9999.0 -9999.0 -9999.0 -9999.0 -9999.0 -9999.0 -9999.0 -9999.0 -9999.0 -9999.0 -9999.0 -9999.0 -9999.0 -9999.0 -9999.0 -9999.0 -9999.0 -9999.0 -9999.0 -9999.0 -9999.0 -9999.0 -9999.0 -9999.0 -9999.0 -9999.0 -9999.0 -9999.0 -9999.0 -9999.0 -9999.0 -9999.0 -9999.0 -9999.0 -9999.0 -9999.0 -9999.0 -9999.0
-9999.0 -9999.0 -9999.0 -9999.0 -9999.0 -9999.0 -9999.0 -9999.0 -9999.0 -9999.0 -9999.0 -9999.0 22.3820610981 62.4098931076 12.8927018651 -9999.0 12.065172207 -9999.0 -9999.0 -9999.0 -9999.0 -9999.0 -9999.0 -9999.0 -9999.0 -9999.0 -9999.0 -9999.0 -9999.0 -9999.0 -9999.0 -9999.0 -9999.0 -9999.0 -9999.0 -9999.0 -9999.0 -9999.0 -9999.0 -9999.0 -9999.0 -9999.0 -9999.0 -9999.0 -9999.0 -9999.0 -9999.0 -9999.0 -9999.0 -9999.0 -9999.0 -9999.0 -9999.0 -9999.0 -9999.0
-9999.0 -9999.0 -9999.0 -9999.0 -9999.0 -9999.0 -9999.0 -9999.0 -9999.0 -9999.0 9.77646455939 8.96008303127 9.67277791602 9.66217380381 79.7292454002 91.0138795303 33.5917314554 10.7355573541 -9999.0 -9999.0 -9999.0 -9999.0 -9999.0 -9999.0 -9999.0 -9999.0 -9999.0 -9999.0 -9999.0 -9999.0 -9999.0 -9999.0 -9999.0 -9999.0 -9999.0 -9999.0 -9999.0 -9999.0 -9999.0 -9999.0 -9999.0 -9999.0 -9999.0 -9999.0 -9999.0 -9999.0 -9999.0 -9999.0 -9999.0 -9999.0 -9999.0 -9999.0 -9999.0 -9999.0 -9999.0
-9999.0 -9999.0 -9999.0 -9999.0 -9999.0 -9999.0 -9999.0 -9999.0 -9999.0 8.96047447752 18.8624844659 37.3588977537 18.3498039904 8.78925156539 17.3432930894 98.8944783745 156.470916748 11.8490930807 -9999.0 9.04008730394 -9999.0 -9999.0 -9999.0 -9999.0 23.3917709622 11.9804157787 -9999.0 -9999.0 -9999.0 -9999.0 -9999.0 -9999.0 -9999.0 -9999.0 -9999.0 -9999.0 -9999.0 -9999.0 -9999.0 -9999.0 -9999.0 -9999.0 -9999.0 -9999.0 -9999.0 -9999.0 -9999.0 -9999.0 -9999.0 -9999.0 -9999.0 -9999.0 -9999.0 -9999.0 -9999.0
-9999.0 -9999.0 -9999.0 -9999.0 -9999.0 -9999.0 -9999.0 -9999.0 11.1185109324 30.0051685747 38.5543816082 47.3427855645 64.3548783316 8.2099429474 33.0345042152 40.7402994538 216.733955102 8.19809761651 6.2694794442 16.5249721634 23.7138572196 7.6129470815 -9999.0 59.5285903306 48.7359280457 12.9767816986 -9999.0 -9999.0 -9999.0 -9999.0 -9999.0 -9999.0 -9999.0 -9999.0 -9999.0 -9999.0 -9999.0 -9999.0 -9999.0 -9999.0 -9999.0 -9999.0 -9999.0 -9999.0 -9999.0 -9999.0 -9999.0 -9999.0 -9999.0 -9999.0 -9999.0 -9999.0 -9999.0 -9999.0 -9999.0
-9999.0 -9999.0 -9999.0 -9999.0 -9999.0 -9999.0 10.9388560487 9.23025648125 8.8615200991 9.15565488575 9.43553790985 66.7064759258 140.289014816 149.22917326 155.667561096 6.13070769546 230.59831787 237.224541833 13.6401311067 7.42448144876 30.732984146 52.9308710119 7.97761287301 84.4976099276 7.03454374555 7.92354784255 7.26487460807 -9999.0 -9999.0 -9999.0 -9999.0 -9999.0 -9999.0 -9999.0 -9999.0 -9999.0 -9999.0 -9999.0 -9999.0 -9999.0 -9999.0 -9999.0 -9999.0 -9999.0 -9999.0 -9999.0 -9999.0 -9999.0 -9999.0 -9999.0 -9999.0 -9999.0 -9999.0 -9999.0 -9999.0
-9999.0 -9999.0 -9999.0 -9999.0 -9999.0 -9999.0 22.3008562127 32.520672883 72.0817206287 98.3684349974 7.9086084669 8.71289907239 8.15803318827 23.24438376 185.553307843 5.88778998307 243.874258331 271.067577428 20.3862983288 13.7733538229 59.3776679893 7.15948612749 91.3961474051 12.823045317 6.31729476849 13.9721642346 14.3379091866 7.55499132513 8.07998653432 7.75581051385 8.58060886144 17.1280684495 -9999.0 -9999.0 -9999.0 -9999.0 -9999.0 -9999.0 -9999.0 -9999.0 -9999.0 -9999.0 -9999.0 -9999.0 -9999.0 -9999.0 -9999.0 -9999.0 -9999.0 -9999.0 -9999.0 -9999.0 -9999.0 -9999.0 -9999.0
-9999.0 -9999.0 -9999.0 -9999.0 -9999.0 13.102418071 24.8075512081 11.6374654386 21.8968904458 108.890891489 126.496078 144.206741495 501.474418281 7.75729870136 192.968569316 761.637465121 768.007645514 1051.03700835 6.81654686075 20.153442907 65.8621814598 6.39965320196 165.962906385 67.9067035697 41.4569685698 34.999044231 6.92697716993 22.4502182711 23.2977125943 15.4747806013 7.45615937135 24.8825825716 7.34561409258 7.17351540559 -9999.0 -9999.0 -9999.0 -9999.0 -9999.0 -9999.0 -9999.0 -9999.0 -9999.0 -9999.0 -9999.0 -9999.0 -9999.0 -9999.0 -9999.0 -9999.0 -9999.0 -9999.0 -9999.0 -9999.0 -9999.0
-9999.0 -9999.0 -9999.0 -9999.0 -9999.0 13.4198996737 38.4706902211 75.7264790125 86.8143845182 171.783494657 181.765533016 213.787970499 349.722043329 530.5497403 547.8719135 555.686147139 13.1635031285 1076.15552726 1089.74627967 1123.92710325 1381.91751132 185.806498623 172.951203908 48.2919257242 6.61004136249 41.2615442383 28.5451736004 5.75647155898 29.8045643802 6.61388163041 13.940374347 38.8021399184 45.7982804521 14.011032631 6.66646561579 6.72354921256 -9999.0 -9999.0 -9999.0 -9999.0 11.6623247335 10.4474879626 -9999.0 -9999.0 -9999.0 -9999.0 -9999.0 -9999.0 -9999.0 -9999.0 -9999.0 -9999.0 -9999.0 -9999.0 -9999.0
-9999.0 -9999.0 -9999.0 -9999.0 -9999.0 12.6792900659 11.839779227 50.9005803431 62.3793325189 74.4101576989 10.992677955 21.6127686045 127.170094694 21.9228006822 9.61578256126 7.9618789245 6.71351575936 7.94908305909 7.45457713594 7.81783701595 1388.77335395 1407.92954415 6.23015764954 19.2402175103 13.1449750676 47.2252516404 11.6913867937 5.58178338051 36.2918046743 13.0613549378 32.8797665893 79.4176956012 73.0084033616 20.3151335239 19.543237064 7.00457167613 7.04613876553 -9999.0 -9999.0 7.18362516945 23.1333648784 55.4005105296 10.9964088358 -9999.0 -9999.0 -9999.0 -9999.0 -9999.0 -9999.0 -9999.0 -9999.0 -9999.0 -9999.0 -9999.0 -9999.0
-9999.0 -9999.0 -9999.0 -9999.0 -9999.0 -9999.0 13.8434157191 13.7829959553 25.2526061497 37.3813235853 84.024378049 106.618535746 117.82888932 11.5786703455 7.87508408163 113.284938545 136.660364738 143.643494289 174.494726584 181.242757248 6.64242780135 1414.67597447 1445.41860865 24.2980570991 3.69663238486 52.1499258521 116.148259958 47.2415119402 11.3433676854 5.87360603249 124.139433898 85.5754772153 5.57768163725 5.71024688601 25.4694807416 20.4852180044 6.13121662738 5.84746312493 6.90441366812 13.8997004444 6.74100304821 67.3367982652 73.5672225176 5.84329711047 -9999.0 -9999.0 -9999.0 -9999.0 7.19596791186 6.7502723282 3.1603910023 -9999.0 -9999.0 -9999.0 -9999.0
-9999.0 -9999.0 -9999.0 -9999.0 -9999.0 -9999.0 -9999.0 12.7066110791 11.0161361733 23.9131939377 36.0823866086 11.3537906684 9.22418503974 61.9222896996 79.5610467716 97.9579998178 8.28056324899 16.3708904459 8.04273665835 188.400794852 429.026168782 439.7685598 1900.7508805 6.11699878491 10.4946020161 3.19283957068 121.413973793 5.50748971893 17.3096996826 5.6241396951 129.634527619 135.187673532 11.2714286191 11.3748539837 65.144091765 33.1481066317 12.1695363536 6.27635848655 13.7477648174 20.6281589046 33.3824555967 5.86900531605 85.2224299919 91.0540309665 5.52312721374 5.85654481125 6.23522471839 5.69114675226 5.5762152954 19.7455727488 8.8037879582 5.24993280875 -9999.0 -9999.0 -9999.0
-9999.0 -9999.0 -9999.0 -9999.0 -9999.0 -9999.0 -9999.0 -9999.0 24.0696954354 34.0826274084 11.3079048266 23.4103985175 33.6479316146 53.7820008135 10.1594081855 9.63288191689 7.7493687057 7.82610052523 6.77700824534 226.183856516 8.08235938246 15.5269859985 1927.9392775 1945.1236475 5.56167124502 21.564533115 148.086687313 10.9958138282 22.1826764909 10.071723181 14.9225672534 156.303762214 16.3081254738 92.488851908 76.2627174492 5.77237446036 30.758083767 12.5242326827 19.9075137094 6.07525069901 39.1983362355 50.6048822302 55.852519051 60.8545427505 112.139548404 10.6257709764 11.3695244927 10.4924976818 10.2116415807 24.777102939 5.14399222841 19.2810355986 24.0862811395 -9999.0 -9999.0
-9999.0 -9999.0 -9999.0 -9999.0 -9999.0 -9999.0 -9999.0 -9999.0 13.0328266889 59.8260586177 70.661228495 10.8054772124 20.7402360223 9.88990169268 8.61455719202 8.45136684676 108.239755561 141.432305114 176.495314667 214.688429688 9.05930685395 7.70766236075 6.81477143474 1982.90342195 2004.49722628 2011.48827341 197.851178598 43.6976410422 38.1236137807 4.5677586061 19.4356687848 180.416028381 4.67724516672 97.2648790372 5.69013896716 41.1216893902 37.1428598507 6.12418456115 26.0414389331 12.1539740852 18.2469228103 5.38171246953 4.78398619662 65.7999397839 70.539258204 116.867987352 16.470064158 15.3792602835 15.0750849939 30.0407075966 40.4252189955 5.17412530012 29.1467808526 5.61506939265 10.8677712921
-9999.0 -9999.0 -9999.0 -9999.0 -9999.0 -9999.0 -9999.0 -9999.0 -9999.0 13.8285174654 82.6392820696 93.1453120458 30.7609213728 50.2685459084 67.4132602388 76.0020095173 8.817313283 25.5983801012 16.8260063414 9.08909916494 8.47954036889 7.21401376025 13.8317860634 23.0353228297 8.78216860239 2226.18403566 2231.88099542 5.352515058 4.25472568211 9.41941181279 14.1091290368 194.287679989 9.28443284125 101.525679345 62.2374663994 51.9180006807 5.73779808062 11.6923251757 31.549919354 5.4957289361 23.7106963437 10.5519077099 7.2040406735 2.30908507981 79.929535413 200.87223798 20.3621321645 19.3442371309 19.5190946542 4.42550652273 44.9346350461 4.41358463332 38.7910616968 5.03108047513 16.0840332341
-9999.0 -9999.0 -9999.0 -9999.0 -9999.0 -9999.0 -9999.0 -9999.0 -9999.0 -9999.0 10.5108692793 114.261564086 9.87467612801 19.3948499912 27.455725357 42.753291754 7.67341296452 16.4023802516 7.80247430547 7.04185244771 6.49165282672 12.7999442254 5.5776423767 6.01684584581 12.0976598643 7.13660534951 2239.64786633 2251.64871781 2267.73283542 18.8279449338 4.88955041224 9.74601063314 199.433128322 187.876735284 73.0149232999 5.32498365714 22.8942677739 17.2548027343 37.0762751199 10.9854315158 45.1811555306 15.8683488386 11.3297228623 1.47166927592 2.68125339451 205.64921519 210.362089979 254.256127098 33.2854383436 9.09637716161 49.7876445934 58.9250416099 102.094948335 9.76289815878 4.78363775864
-9999.0 -9999.0 -9999.0 -9999.0 -9999.0 -9999.0 -9999.0 -9999.0 -9999.0 -9999.0 -9999.0 8.49500803846 130.311963741 8.90448893966 16.8426157943 74.6556861356 7.60484424549 7.45793106263 6.33376927996 14.0034478373 7.2250458062 26.9045278243 38.1252458265 43.2075566046 16.8249059334 21.6269090258 5.50909325282 6.38493991948 7.10126148593 2299.00988383 2313.55212694 203.559885727 196.292255382 192.13699952 8.84717136701 4.30665418833 27.9138430069 75.2117048546 42.2903796329 16.1415159434 66.3310231139 21.2179572539 16.5282617583 2.91548414153 1.43037007503 1.16991501078 1.54173538991 264.4869994 311.525359113 4.38480244799 4.21173739496 4.51438908336 106.776511435 120.876187838 8.52397175727
-9999.0 -9999.0 -9999.0 -9999.0 -9999.0 -9999.0 -9999.0 -9999.0 -9999.0 -9999.0 -9999.0 7.75592208152 146.624860887 176.596736817 8.17224910645 90.5281001349 6.8109556606 6.41070468992 13.4315460137 34.7385271846 6.93689470139 7.43038171117 5.51706774654 54.0895681933 59.2252640594 86.4830448057 96.1888538648 100.507717976 105.692554654 110.745909386 2430.99949413 2643.44070255 2848.91471777 2855.00771135 4.47534708218 4.53523918202 85.2905645968 80.2946748818 5.10761289001 5.04828788165 71.3188479592 97.5197396555 3.85091882086 42.0042934725 39.5569649685 8.23754211819 3.82564851934 6.70361711212 5.08220881464 320.599322939 4.57303300552 12.6017354982 16.4805176985 147.084224948 157.538754625
-9999.0 -9999.0 -9999.0 -9999.0 -9999.0 -9999.0 -9999.0 -9999.0 -9999.0 -9999.0 -9999.0 11.7125948143 21.5778298152 186.048558887 201.280124698 7.4491722393 108.028810778 5.65180416127 17.7327052337 40.8916426554 13.2737898254 6.29662839026 12.6418335321 4.77392091945 9.32153977256 4.87749384443 4.04384606479 2.7832388259 2.18258776835 1.62648070546 1.34693094511 2.15868412443 3.53329779242 5.77095110707 2871.18233414 102.746802604 94.1510145212 4.19961656392 14.64787919 4.07258921009 3.99738108264 102.139681047 158.067904828 47.2285999287 36.4890559933 5.31543887204 2.11901861123 1.8154869841 5.49770026795 330.706213289 339.732567786 4.67908892249 4.85187459163 2.9442475542 1.92850633101
-9999.0 -9999.0 -9999.0 -9999.0 -9999.0 -9999.0 -9999.0 -9999.0 -9999.0 -9999.0 -9999.0 -9999.0 8.85974798741 134.114994131 343.959273699 369.288804983 484.73104847 495.260305943 94.7610897737 67.1893714643 19.7076682033 6.17964819337 24.6548095504 30.1153686191 44.4303083867 10.021338805 8.7478017408 7.58460360806 14.4111814204 6.18285043763 5.57519938102 2.90719641866 1.5883126513 1.36607081445 2876.05166824 2982.27092823 2988.27760169 4.31976326348 41.4948176979 18.065442899 5.17199384828 173.890286156 11.3363978761 5.89696797915 24.2594127296 4.23519803345 3.61425269518 7.04940261173 10.8009550141 15.1778354313 347.632662125 3.78036713423 3.48872777945 3.47206460641 2.21136898708
-9999.0 -9999.0 -9999.0 -9999.0 -9999.0 -9999.0 -9999.0 -9999.0 -9999.0 -9999.0 -9999.0 10.5701891455 103.786941754 124.651842569 17.7065066365 7.79345965367 14.9251627734 516.879823124 524.821924602 629.675202576 5.53342428429 11.6449792598 4.96331479429 5.04953784354 49.2943932964 64.1644434796 77.3134821122 4.30884860836 18.6936197572 29.0720036507 16.7662199453 7.09241433643 4.51210584182 3.10338095858 3.41713911925 1.6088470848 2993.21831775 2997.33424841 3046.11410403 8.50398490589 4.51313730615 181.58029503 12.2918050378 6.26256412166 6.96081301858 6.88584606398 6.21990012912 10.026189023 30.3835272841 50.0851215107 401.511546177 3.05059566711 9.33286810578 6.34236277961 4.94850986069
-9999.0 -9999.0 -9999.0 -9999.0 -9999.0 -9999.0 -9999.0 -9999.0 -9999.0 -9999.0 -9999.0 10.9397622947 74.3892511942 10.8911793481 8.51272762406 49.8578584997 57.0055034102 63.9727427122 70.3449704318 841.762201454 847.775319988 859.013039217 941.358823753 955.528973183 962.810321738 967.828278265 1053.52471201 1064.13049918 1068.55276076 1102.04526383 1123.63417781 1127.84137042 1139.1578556 7.16443387048 5.48414875559 0.855192398981 0.867515619372 3001.02367763 3062.60166101 12.6574815358 217.133903257 212.297959822 22.5882448241 5.28017441259 5.46470795023 5.25856184328 5.40089961212 10.8783864789 15.8171607626 4.9219063941 405.232184029 409.134886862 428.367175706 431.801643386 440.088936051
-9999.0 -9999.0 -9999.0 -9999.0 -9999.0 -9999.0 -9999.0 -9999.0 -9999.0 -9999.0 -9999.0 39.3987968574 51.7045979402 22.5282494161 32.3186564337 9.55540171848 108.509869957 115.735900803 130.00515838 135.30219014 45.1266535759 914.059053748 919.594402134 3.87166138734 2.27247038301 1.99888996168 4.46727067103 2.09324563209 1.53526044936 1.45602653719 1.61894856515 1130.61504874 1142.37209169 1154.68100798 1164.80947559 1168.87603518 1.38714141913 0.541058749188 3291.88131166 225.650854512 222.214737555 4.83990650165 4.46470718878 4.14494177439 9.71965194938 9.54995990234 4.46725939359 4.49917783952 4.40542996669 9.26092015616 12.7671440023 2.92227730789 5.47546679613 1.77041206481 0.601193923279
-9999.0 -9999.0 -9999.0 -9999.0 -9999.0 -9999.0 -9999.0 -9999.0 -9999.0 -9999.0 -9999.0 -9999.0 26.6051350477 12.0085761748 9.99379132216 93.9649637178 101.579337344 7.67801708682 28.6973158171 35.2196280988 39.9731680828 6.09294074963 3.95550368675 120.41061322 123.454417831 126.113611888 332.776942452 334.418641344 337.237188216 357.961614262 366.359580193 367.540856821 1.4913734765 1.60071407974 1.58576556514 1174.58659611 1.62404870372 3330.51471759 3326.27763955 31.6836562512 27.9739947392 18.1836189922 4.49298449053 8.29629673153 14.0551889345 13.8918384557 8.69692651535 4.30822647169 8.61663404233 8.85166084722 16.867302888 2.50809197174 7.65160638462 12.6734905739 14.0301487607
-9999.0 -9999.0 -9999.0 -9999.0 -9999.0 -9999.0 -9999.0 -9999.0 -9999.0 -9999.0 -9999.0 -9999.0 13.9655337322 35.7196877944 45.63261016 74.9833597133 7.40038369863 15.2128880803 22.1825389868 93.468219537 98.4036431584 102.168083437 106.696921736 112.71084451 180.894395916 197.214964995 204.779030973 2.31180834208 17.3881134521 19.6328303554 362.381623091 369.350715674 373.186277249 377.263981989 379.954879643 1557.29160326 4.64966362791 3341.97776493 2.69944704945 1.16828368953 23.560692428 21.3134850482 2.48291301381 12.1088999317 18.090340666 17.7837165384 12.3635589752 20.3034464586 32.3960043609 12.7085033423 33.3081525765 2.2706598695 3.46925029336 0.543541943911 0.451832705073
