data/baseflow/mHMbf_acc331.asc
ncols                  80
nrows                 72
xllcorner      4374000.0
yllcorner      5656000.0
cellsize            500
NODATA_value       -9999
[rows 25 to 49 of 72, columns 0 to 54 of 80]
-9999.0 -9999.0 -9999.0 -9999.0 -9999.0 -9999.0 -9999.0 -9999.0 -9999.0 -9999.0 -9999.0 -9999.0 14.6864061308 28.9732090924 13.4012466132 27.5986612499 12.537561052 94.0062441632 118.272188493 130.876630066 11.2084413837 20.3423878951 229.572459105 278.493437312 286.925020311 21.4526071162 21.4930156633 28.5224222498 2.35093481794 2.15604516585 4.10407083351 3.03284146978 403.980453947 407.672027711 412.162753216 2372.22321819 5204.64673733 5170.77144052 3.67383772121 1.6026903477 1.44412550458 7.02220233374 5.69874728987 24.4252991863 36.4582667386 74.8018584405 6.54913574794 6.54018583324 59.9747252561 64.6252305016 128.292502396 131.775641573 137.273518459 139.094907483 1.67630496111
-9999.0 -9999.0 -9999.0 -9999.0 -9999.0 -9999.0 -9999.0 -9999.0 -9999.0 -9999.0 -9999.0 -9999.0 -9999.0 13.844717448 27.7045869189 41.6160091024 67.7461523189 14.1531516297 12.5786834414 106.735931159 117.950767452 212.969219503 224.026554859 30.9681709748 11.1549141721 10.8645262421 10.4052631546 385.169453389 390.17785909 393.12624188 395.257916738 400.783563011 46.9673758186 53.1887417071 471.170538786 8051.9430639 24.5309811986 19.2892317851 6.76591465987 2.14944565127 1.43623705427 9.9390409996 11.1076681486 26.8445927485 1.1438327529 76.4382436413 9.36387913834 9.1000506049 1.08721071786 0.8450917201 0.842732856721 1.974421186 0.882745951988 139.921391143 1934.28949341
-9999.0 -9999.0 -9999.0 -9999.0 -9999.0 -9999.0 -9999.0 -9999.0 -9999.0 -9999.0 -9999.0 -9999.0 -9999.0 -9999.0 13.6490989462 31.4980233725 48.86375378 67.9056952719 81.1529471692 94.7348727656 38.8456749488 63.142728502 11.1187833385 10.9938554477 332.863742481 354.824215225 364.979434993 376.088743354 8.22621907417 13.9169182301 35.8663033511 39.1963768305 42.5379174036 6.43476236005 8.60491826901 8072.87709498 6.10092355311 8.58084194208 4.05655186484 9.63917343314 4.35635263308 3.27398046331 40.6936701541 45.2181068929 2.32691020934 79.4535546119 89.7910706209 9.94545147708 1993.272089 1991.20105071 1989.26459871 1983.34842463 1979.32351154 1940.5996606 1937.88965459
-9999.0 -9999.0 -9999.0 -9999.0 -9999.0 -9999.0 -9999.0 -9999.0 -9999.0 -9999.0 -9999.0 -9999.0 -9999.0 -9999.0 4.83580334031 11.0419007822 17.716085687 172.324165799 186.398435319 14.1742154972 12.8505408816 12.2687309179 287.886895403 311.024825992 11.1881573823 11.7283686505 9.81131571524 39.3547223852 48.8530111661 23.9715847589 28.5977570836 225.094072829 230.809990702 246.169835439 388.522409674 8466.056789 6.53409113018 3.65233226473 15.4341143076 12.4304620266 3.18059789054 9.8615440699 13.1320119074 48.9558618106 52.4100345824 148.625363932 91.2613205553 10.6953735444 2042.56282475 27.3641545542 1987.14154677 1985.34300178 35.2928006692 3.50182566036 1.16242537131
-9999.0 -9999.0 -9999.0 -9999.0 -9999.0 -9999.0 -9999.0 -9999.0 -9999.0 -9999.0 -9999.0 -9999.0 -9999.0 -9999.0 25.8021057041 41.7415245661 86.0149443557 154.435322472 204.937634236 238.506665232 251.904785704 264.743002684 276.954461571 11.3757320727 10.565338616 20.7369818528 19.8462842244 10.0037577691 196.923596272 206.220726209 214.911952456 222.772697521 116.726078405 120.766888764 131.425059921 8470.01768745 11.3483599476 10.3792139535 27.3609877993 2.42826637021 8.44365213023 4.8627657315 3.02639220153 17.0363181239 2.80714543212 2.94995064809 2206.55340284 2055.54316801 2052.532951 10.3213457675 25.9616498629 15.5982318487 2.85323700646 27.0205736529 6.35350337525
-9999.0 -9999.0 -9999.0 -9999.0 -9999.0 -9999.0 -9999.0 -9999.0 -9999.0 -9999.0 -9999.0 -9999.0 -9999.0 -9999.0 18.3498400875 17.2125234633 33.5210161462 51.091894937 16.0120712681 14.1002653112 26.8839875044 39.4200649679 62.8613945067 74.8012102925 86.2431355194 118.468640096 128.677743249 139.120706714 9.55979140407 97.4773848097 104.731025163 109.481459564 2.5773385484 0.769665257832 1.85167219371 8599.16059884 8602.92368498 8621.59511567 33.9280177976 4.7419889511 12.0794231421 3.04762648298 5.54253156552 19.8759112062 25.0304631654 5.4298088435 2220.93066662 5.31757429675 6.10561030679 6.27633688005 6.36932899745 9.5918048313 4.31062202821 19.1416807302 12.4714770413
-9999.0 -9999.0 -9999.0 -9999.0 -9999.0 -9999.0 -9999.0 -9999.0 -9999.0 -9999.0 -9999.0 -9999.0 -9999.0 -9999.0 -9999.0 16.3637398843 32.3912895595 15.9740777678 32.6814370461 202.512237395 217.078907377 229.688889819 11.7190052387 11.8480932542 23.3262794214 34.3476965633 54.62900112 64.6067538082 69.60688999 78.6298691765 7.37795878927 5.62670469137 117.070457951 117.995320397 120.233474085 123.256208056 103.637441022 8738.00925304 8791.08783363 8793.3602816 8807.47521186 8818.89540504 8828.56214845 3.09057594452 27.5763961186 2224.09442988 7.69574166143 3.93514858707 5.34735004104 4.83388502962 7.8896068529 5.42289073486 3.08343559 3.94316724882 3.02986173714
-9999.0 -9999.0 -9999.0 -9999.0 -9999.0 -9999.0 -9999.0 -9999.0 -9999.0 -9999.0 -9999.0 -9999.0 -9999.0 -9999.0 -9999.0 -9999.0 48.2194610048 65.6064398188 116.494573684 152.662099318 18.3194212652 261.845024491 273.653943549 285.505441313 11.9379789301 23.2882146791 10.4704958742 77.2041625882 81.7255414834 89.5297802121 97.5160368188 114.126649285 115.428119576 0.932145093345 90.5139552364 96.9599800206 100.688414834 112.612036214 15.7286160458 10.0708380065 5.89557374941 5.49642995918 8837.65330379 8843.20080961 8892.51538686 2227.746783 21.6197751996 10.7900167432 7.7527258928 1.93156254236 19.0915557061 8.73772106494 2.84773169977 14.4257368064 11.9431593736
-9999.0 -9999.0 -9999.0 -9999.0 -9999.0 -9999.0 -9999.0 -9999.0 -9999.0 -9999.0 -9999.0 -9999.0 -9999.0 -9999.0 -9999.0 -9999.0 18.5940882998 83.015340972 100.601462883 19.3561280243 12.9889018387 25.7287279516 37.7412594605 335.843015597 11.8190437215 47.2372189591 58.0262494027 68.4394041736 4.82325345417 11.9678726685 14.4698395018 74.3959123927 80.3843160743 83.2680289245 3.17205824929 2.76695647526 2.78929804448 5.124060906 1.95943012367 2.05779942831 4.5204165352 3.14403678839 4.48577307329 17.5120934588 8898.21121212 11140.6981274 26.2400067074 3.03245636279 2.16127410663 54.7537366895 50.503608337 28.2611438048 24.9534725817 18.0301587595 3.93209260016
-9999.0 -9999.0 -9999.0 -9999.0 -9999.0 -9999.0 -9999.0 -9999.0 -9999.0 -9999.0 -9999.0 -9999.0 -9999.0 -9999.0 -9999.0 15.514630823 51.5371817162 17.3147670959 18.9283584413 15.8787692238 29.1097210858 41.6506306138 55.4048742649 407.599707872 419.186034991 11.8705082598 22.7722271905 33.743417355 40.1494353627 46.4991423108 63.0740777429 71.4318434184 2.08912414049 3.15116579956 3.05977308555 5.56443517358 4.62163538266 4.45567113314 3.52672371436 3.87351954843 20.2105487175 10.1139533262 6.9350150062 6.84941951621 5.07961497128 9.49333037433 11316.1872368 146.548653102 68.8635941815 8.56668031616 3.96734952241 2.92582016495 8.94458572597 5.62073243647 2.61356298489
-9999.0 -9999.0 -9999.0 -9999.0 -9999.0 -9999.0 -9999.0 -9999.0 -9999.0 -9999.0 -9999.0 -9999.0 -9999.0 -9999.0 16.501815717 31.5145964173 116.261156367 17.424177263 40.1125303285 55.7288253351 70.1533198818 14.6467323621 27.2874875268 43.9086173945 478.596758543 11.3867232163 21.8328935407 32.0657179854 9.05142806595 17.5749000634 19.5104679822 26.3850987692 828.328170479 836.61864282 844.914124748 889.106823556 903.457111331 935.906207912 8.29106176325 17.2201591533 24.6760818473 1042.34732404 1054.26489064 6.38446933606 10.1286247741 13.8133158944 11322.3748088 141.676291671 61.7629417032 57.1732728101 53.0164457012 49.3725133599 11.8787228319 3.22291871586 5.32412494044
-9999.0 -9999.0 -9999.0 -9999.0 -9999.0 -9999.0 -9999.0 -9999.0 -9999.0 -9999.0 -9999.0 -9999.0 -9999.0 -9999.0 16.3308445419 50.0670912227 182.716146758 269.844346151 16.102358078 358.863519764 446.420056405 13.8814790523 26.5475703246 42.3363723891 600.423002982 614.930020822 10.7003095001 53.4152619436 62.8557339797 69.1452270995 778.616045824 788.995203188 799.054206573 5.4098529164 31.3178555382 37.0742272867 17.1880461024 24.6205048369 971.721227951 1000.47144195 1006.80875128 1012.96954799 1063.24876697 4.40554506759 3.9436779521 21.4463291087 11328.7246876 6.19165756746 0.0927100226571 0.25838782941 0.0922222621924 42.9085617065 41.6019165974 24.8086784037 16.905785282
-9999.0 -9999.0 -9999.0 -9999.0 -9999.0 -9999.0 -9999.0 -9999.0 -9999.0 -9999.0 -9999.0 -9999.0 -9999.0 -9999.0 -9999.0 -9999.0 35.1755844133 71.0530973446 322.011118723 340.657133901 462.878514075 480.625106588 13.3094340725 26.5752762902 64.9816004671 631.157878429 654.886914175 664.917511593 8.65848918622 696.622033904 706.527608087 7.13188825274 5.46175310956 10.8040230283 21.0958444008 5.01379587986 10.2602998065 23.7939058079 29.8225440249 5.44246919513 4.14524609598 8.46185737638 1090.09868056 1097.68599709 1101.22893245 1131.26824198 11334.354528 4.44683336434 0.0552690407187 0.0642592740744 0.0574682169663 0.0597789056265 0.0477049150667 0.0860611187953 3.00014897458
-9999.0 -9999.0 -9999.0 -9999.0 -9999.0 -9999.0 -9999.0 -9999.0 -9999.0 -9999.0 -9999.0 -9999.0 -9999.0 -9999.0 -9999.0 -9999.0 18.4877510243 18.2107526056 18.3560270203 38.1808649956 17.1330681775 514.424280275 530.601918543 13.7778783548 25.8217174125 12.8045701957 11.2600019802 11.1024797556 681.911077129 2.84557939507 5.52072739295 4.60957554308 5.70991714509 5.29048350703 4.4015097628 4.51638001268 13.4258373516 18.1492444109 3.76291732157 3.46499326522 7.22248020904 11.552889467 13.8233534021 3.11686920463 1105.53775851 1135.03320638 11338.5522258 8.99344717694 0.337396033623 0.0288623495338 0.0764874620549 0.0198397799728 0.0133291520123 0.101843622999 13.6590024434
-9999.0 -9999.0 -9999.0 -9999.0 -9999.0 -9999.0 -9999.0 -9999.0 -9999.0 -9999.0 -9999.0 -9999.0 -9999.0 -9999.0 -9999.0 -9999.0 -9999.0 -9999.0 17.9555182544 55.1239350786 70.7088522221 87.2786082128 546.181834039 561.398964902 576.740374823 592.951494867 603.866323778 626.171218983 629.414520929 631.894567266 635.225252339 5.37316728514 5.02091511628 5.22818485223 18.7850221037 4.82174927047 4.53999260844 3.88751198483 11.2524824816 4.2228725845 3.43529628222 3.23708944292 2.77591188903 5.5414368427 7.94476189519 1151.44753835 12503.3145228 4.0538755183 8.64354753372 0.0202479450911 0.101327822128 0.0519809251839 0.0269572125142 23.9836988562 21.9046387877
-9999.0 -9999.0 -9999.0 -9999.0 -9999.0 -9999.0 -9999.0 -9999.0 -9999.0 -9999.0 -9999.0 -9999.0 -9999.0 -9999.0 -9999.0 -9999.0 -9999.0 -9999.0 -9999.0 15.658957982 119.922452346 240.386163033 258.072812916 18.9681557525 32.6178837159 44.6678609103 55.1568370006 122.711906654 128.118625533 5.40393939924 5.13383418059 646.369716433 656.318844729 661.036962911 22.7888232588 3.93082146122 8.54065732174 12.6248852428 36.8141062992 44.8755272783 51.4786395795 6.14762939782 8.56181189828 2.82725740445 5.54237568825 2.80545404439 12509.1854182 3.72498227111 15.527049186 4.24203247495 6.02051852205 20.3543563866 22.1977161598 48.012631608 19.2572811806
-9999.0 -9999.0 -9999.0 -9999.0 -9999.0 -9999.0 -9999.0 -9999.0 -9999.0 -9999.0 -9999.0 -9999.0 -9999.0 -9999.0 -9999.0 -9999.0 -9999.0 -9999.0 16.9010142635 53.2701662602 104.637188232 137.099114673 357.18836578 375.637971614 25.1105425285 36.8630310974 46.7961843525 57.2725762086 131.90337166 142.077943045 231.838951588 237.920725023 242.546514556 666.046440861 702.173746686 8.8256523534 5.00823610799 4.88827836052 9.37523418615 4.33644114219 59.6914108562 62.8545624908 11.2479182906 13.4288722757 2.32337116246 3454.41436028 3460.12391216 15974.2059635 15995.6128522 3.59989188044 13.9408492916 4.64431132797 3.91808483978 54.2535836691 75.9212262411
-9999.0 -9999.0 -9999.0 -9999.0 -9999.0 -9999.0 -9999.0 -9999.0 -9999.0 -9999.0 -9999.0 -9999.0 -9999.0 -9999.0 -9999.0 -9999.0 -9999.0 -9999.0 -9999.0 18.8639736622 18.3166075061 35.1798260374 83.7211748403 391.299042225 12.8571331484 12.6934343167 23.0373899475 33.1868115635 74.3677733213 78.6966708301 2.45459074808 4.06034472347 248.372613864 253.696068356 959.967202882 963.785467627 3.5902756432 3.29453928034 2.73444438458 2.75837608177 2.66022120961 3403.37689766 3420.95672129 3436.71398039 3441.14332885 3452.1528567 3.04605373202 11.3489513906 14.6635999627 16017.7838464 16020.9704 16025.3407797 16028.0147102 16030.0293812 78.3704518935
-9999.0 -9999.0 -9999.0 -9999.0 -9999.0 -9999.0 -9999.0 -9999.0 -9999.0 -9999.0 -9999.0 -9999.0 -9999.0 -9999.0 -9999.0 -9999.0 -9999.0 -9999.0 -9999.0 -9999.0 17.2400036682 17.8155544326 33.2079754132 456.396018641 473.005956537 12.5191766109 22.8887861512 33.1941835887 37.502484895 3.40281641411 8.42772138049 928.108478975 933.428354484 937.375756032 971.188545862 1938.72215319 3282.5076183 3290.29486311 3297.24826877 3304.00040991 3329.45072728 3337.34535775 14.700840812 6.82396199323 3.82013962164 7.29888486501 5.63331276672 8.85678727313 2.82569299857 64.0277150608 73.511830056 81.2337634724 83.033530549 16032.4373702 16113.6104536
-9999.0 -9999.0 -9999.0 -9999.0 -9999.0 -9999.0 -9999.0 -9999.0 -9999.0 -9999.0 -9999.0 -9999.0 -9999.0 -9999.0 -9999.0 -9999.0 -9999.0 -9999.0 -9999.0 -9999.0 -9999.0 17.5732151867 33.651695757 49.7479372773 486.42415321 15.023442051 652.92195792 663.65617564 667.112066415 672.309125762 907.789601327 914.012245518 5.71498012447 25.7711813078 30.9053138631 5.48223247993 1335.85794071 1325.84205409 3.42136091844 7.62493273978 19.6136467176 4.12804740665 4.23568519258 3.45697077098 2.96396192869 2.37733972375 2.68265120931 54.7348157322 57.485905181 60.7168880341 5.83695436796 4.49692148067 86.1128822412 88.8819655937 90.2668916256
-9999.0 -9999.0 -9999.0 -9999.0 -9999.0 -9999.0 -9999.0 -9999.0 -9999.0 -9999.0 -9999.0 -9999.0 -9999.0 -9999.0 -9999.0 -9999.0 -9999.0 -9999.0 -9999.0 -9999.0 -9999.0 16.3649563496 15.2757163419 78.8168983566 596.831875139 627.40888664 642.619276313 11.6571896145 227.135083913 229.692368665 231.084119015 5.27799091769 11.4901534616 17.2238705532 319.939199765 324.52578724 328.493382162 1318.40501807 813.783583406 4.16922303778 4.07627405184 3.92507247437 3.2424615619 33.1858655242 39.7379926427 45.5767768378 48.7627508968 51.8499622086 300.69828914 303.011352291 304.947163861 309.640838097 337.027252196 338.69218562 430.838483352
-9999.0 -9999.0 -9999.0 -9999.0 -9999.0 -9999.0 -9999.0 -9999.0 -9999.0 -9999.0 -9999.0 -9999.0 -9999.0 -9999.0 -9999.0 -9999.0 -9999.0 -9999.0 -9999.0 -9999.0 -9999.0 -9999.0 31.8693522491 48.3207364391 17.5782475718 13.1066228818 189.055852812 201.19026869 209.715361186 69.0886193843 71.63442251 75.0508347301 80.6895417165 309.908312524 315.508514989 162.761847109 496.012219022 500.574798909 810.213551632 8.42141004428 4.14601961793 3.20553984647 22.9373390749 26.7650234996 2.48290518873 2.32420312704 289.81079707 295.530317254 298.485606272 2.52285255158 3.49183962865 332.188363132 3.3899923489 12.8494769433 14.2802305316
-9999.0 -9999.0 -9999.0 -9999.0 -9999.0 -9999.0 -9999.0 -9999.0 -9999.0 -9999.0 -9999.0 -9999.0 -9999.0 -9999.0 -9999.0 -9999.0 -9999.0 -9999.0 -9999.0 -9999.0 -9999.0 -9999.0 15.8458887837 31.4235772007 132.357892118 149.869364682 164.66303285 56.255163982 66.3736069577 2.9150701533 217.782131889 220.420187352 223.416215761 4.62136845959 152.046746786 157.744110825 4.60558125592 788.435490299 9.14277805439 4.53440531408 12.3305473769 16.4872573436 3.30534695667 2.77386974207 261.341201853 284.432093456 287.838761935 3.30577261795 7.41384324783 9.39847482557 11.0282115618 21.1503155687 4.62930082352 10.5386769605 2.15978581162
-9999.0 -9999.0 -9999.0 -9999.0 -9999.0 -9999.0 -9999.0 -9999.0 -9999.0 -9999.0 -9999.0 -9999.0 -9999.0 -9999.0 -9999.0 -9999.0 -9999.0 -9999.0 -9999.0 -9999.0 -9999.0 -9999.0 15.7911118526 49.6365041663 85.4378090673 18.661304833 31.1523953532 44.1972750924 204.957895034 209.500743783 212.279618414 2.55166488144 130.620224588 138.427483832 142.354217566 2.57867016553 769.109413298 779.31876245 4.79707234723 4.539876036 8.85420500044 3.74589857209 243.273644775 249.909397596 253.626734612 14.3485681301 17.6870123988 2.95382210455 5.30502562895 2.36963743883 16.1953648608 2.43177889292 2.62887042721 2.89898071184 3.02669447681
-9999.0 -9999.0 -9999.0 -9999.0 -9999.0 -9999.0 -9999.0 -9999.0 -9999.0 -9999.0 -9999.0 -9999.0 -9999.0 -9999.0 -9999.0 -9999.0 -9999.0 -9999.0 -9999.0 -9999.0 -9999.0 -9999.0 -9999.0 17.5629081985 18.5210776926 17.9236399989 143.228557963 156.060586346 193.303634393 6.82895463837 119.582964439 125.780342343 2.64490681435 5.45650363269 2.12161003465 759.580042934 2.93749686367 11.3605194484 15.0327363293 18.4980778967 222.017368703 232.674007411 236.718636086 4.03824924788 7.58472830969 10.8431518118 2.11189288239 1.91794270808 703.60013876 705.547674204 707.18894964 722.819488042 724.885758743 728.011545132 730.409256398
