data/baseflow/mHMbf_acc329.asc
ncols                  80
nrows                 72
xllcorner      4374000.0
yllcorner      5656000.0
cellsize            500
NODATA_value       -9999
[rows 25 to 49 of 72, columns 0 to 54 of 80]
-9999.0 -9999.0 -9999.0 -9999.0 -9999.0 -9999.0 -9999.0 -9999.0 -9999.0 -9999.0 -9999.0 -9999.0 23.9758254671 47.5649559107 22.3169811138 45.7153669471 21.2527779802 156.284005711 197.504581183 218.667185526 19.3632738246 36.5183284877 369.154362497 454.703724158 469.977820537 37.715910003 37.3371369761 52.028186775 8.59727212429 8.2038532944 15.7679718749 8.51161111553 589.779750293 598.821387728 610.006098537 4295.73804199 9107.57096906 9035.73547357 14.7398968554 6.20120787191 5.68271840097 21.3738067687 15.7359801289 47.1953142077 66.733994068 135.362524958 11.9671502435 11.9624611346 110.021067036 120.033639456 237.328539627 245.676552719 261.055914285 268.876409455 7.1515875356
-9999.0 -9999.0 -9999.0 -9999.0 -9999.0 -9999.0 -9999.0 -9999.0 -9999.0 -9999.0 -9999.0 -9999.0 -9999.0 23.2453085627 46.0710826475 68.7803117112 112.313491158 23.3030853653 21.1173205088 155.265158387 174.624780178 336.900200692 355.831396157 53.6109950388 19.4526965999 19.1723143101 18.3509794337 534.864163385 546.916500381 556.483498567 564.49953139 581.313573055 98.8949153465 111.216034808 733.185736114 14142.0322105 58.7182658159 49.9407002323 22.7831537704 6.29469307207 5.27722277398 32.9389239761 37.809812572 57.5266640843 4.98209991196 141.218600998 19.2608191796 18.8583342809 4.49177356899 3.72915616835 3.6446827342 4.60807966303 3.76587314942 272.590562209 3885.35090927
-9999.0 -9999.0 -9999.0 -9999.0 -9999.0 -9999.0 -9999.0 -9999.0 -9999.0 -9999.0 -9999.0 -9999.0 -9999.0 -9999.0 22.5835280305 45.4171737 66.7029526458 90.0650708109 112.234235011 134.792799132 65.1631512328 106.080297903 19.1331349777 19.0389796372 443.208734312 481.009598711 498.811065367 518.073312737 15.7309033692 28.4834019051 70.6336255825 80.5109039678 89.5848246607 12.57073371 13.7104470547 14174.0489138 9.76528811326 16.5610200594 7.80525331765 23.8354309551 11.2048004049 6.99131674925 102.17768616 109.695127758 5.41027557196 147.377913149 170.713998917 22.60495824 4056.72106771 4048.29842974 4040.23230944 4021.9015339 4012.82675253 3899.6902711 3894.68581949
-9999.0 -9999.0 -9999.0 -9999.0 -9999.0 -9999.0 -9999.0 -9999.0 -9999.0 -9999.0 -9999.0 -9999.0 -9999.0 -9999.0 5.14439803646 12.0829080127 21.3591843812 191.292750321 214.919600838 23.620877346 21.4757563798 20.6826069963 366.173600023 405.531381116 19.1241905485 19.8256206984 17.4476953746 69.8963476661 86.8109983146 46.2861682756 56.3909748055 392.826117872 405.086810451 431.105308467 689.878425413 14870.3139473 9.87080031804 7.11222359967 35.5855209204 29.5109000795 6.36446388094 20.0954488847 26.4949204728 116.980184338 123.509615348 308.916642299 174.380983799 24.7274789266 4159.75713382 55.8105593726 4032.19169872 4027.24692339 104.922663949 6.22636915129 5.53785534066
-9999.0 -9999.0 -9999.0 -9999.0 -9999.0 -9999.0 -9999.0 -9999.0 -9999.0 -9999.0 -9999.0 -9999.0 -9999.0 -9999.0 27.534293195 44.4626108391 94.1170453975 166.398924318 235.978911651 283.08350408 305.449790647 326.760327211 347.208635666 19.5299949243 18.4933847503 36.509712067 35.1633734016 17.7093109576 341.113177305 357.742867666 373.352216237 387.789354827 217.252359381 228.392096759 243.621107461 14875.7418345 16.424401561 18.5700877384 57.201316495 4.95282274324 13.8402909772 7.38404050074 5.94977373536 32.9360133397 5.45463335548 5.80231841473 4498.21365557 4184.58651572 4178.69771777 19.951593678 51.7319939445 33.0517020622 7.61780272524 91.9183383998 26.7839689673
-9999.0 -9999.0 -9999.0 -9999.0 -9999.0 -9999.0 -9999.0 -9999.0 -9999.0 -9999.0 -9999.0 -9999.0 -9999.0 -9999.0 19.5298800449 17.936178419 34.7256566079 53.5678113337 22.7874355904 22.7294179289 44.1863193288 65.4484414114 105.812498183 126.174909271 145.834458391 202.008397822 219.897262551 238.166638348 16.9298388363 171.075723754 185.398399843 197.248890586 9.00598388093 3.41589747027 6.44875512863 15115.955985 15121.1254656 15147.8994462 69.9675052739 9.41454168631 21.1326255458 5.98527104326 10.7828486551 38.0802615225 48.089038658 10.6968745109 4524.94559873 8.92950692329 11.5152915579 12.1811157361 10.9046901355 18.5539955285 8.29869937747 58.6390504545 44.3110726045
-9999.0 -9999.0 -9999.0 -9999.0 -9999.0 -9999.0 -9999.0 -9999.0 -9999.0 -9999.0 -9999.0 -9999.0 -9999.0 -9999.0 -9999.0 16.859528389 33.5718788302 17.1353868068 35.4103216512 222.252834383 243.879774855 265.338576576 20.1541599496 20.2863859569 40.0390307743 59.181437297 94.9764406854 112.614876033 121.365594474 137.535095511 14.0436532695 12.3070269656 215.72639836 219.217775169 223.431539501 228.203476046 185.43375371 15353.367993 15454.4306634 15458.5708755 15483.4236903 15505.0420315 15523.3647666 5.92600300331 52.9332735695 4531.04782534 15.3085953802 7.82502620943 8.42615380283 7.28594437548 12.4668694698 10.7240297472 6.06666143007 7.61958497674 6.89236401056
-9999.0 -9999.0 -9999.0 -9999.0 -9999.0 -9999.0 -9999.0 -9999.0 -9999.0 -9999.0 -9999.0 -9999.0 -9999.0 -9999.0 -9999.0 -9999.0 50.022690136 69.0945917581 124.269596628 166.817803579 22.6761649866 310.640182806 330.852711145 351.26534321 20.4808192069 40.1519302577 18.3478801318 133.887838421 142.004432372 155.960928467 171.024001718 205.196981723 208.720389018 2.32543508834 166.103960067 175.869060638 180.899370389 200.144849594 26.0871326568 17.2098915762 10.9337401652 10.2863419222 15540.2870094 15550.3313745 15641.8856816 4537.75763409 40.3461153212 19.1968445073 13.2010756902 3.8581438591 34.5872706952 17.2245301585 5.64393238642 29.363280878 24.4191686771
-9999.0 -9999.0 -9999.0 -9999.0 -9999.0 -9999.0 -9999.0 -9999.0 -9999.0 -9999.0 -9999.0 -9999.0 -9999.0 -9999.0 -9999.0 -9999.0 19.9051674987 87.7118149953 106.896162971 24.4358802608 21.8946713085 43.306422133 63.7283713516 436.403084406 20.359709153 81.2147015137 99.9594169373 118.179506555 8.58080466515 21.4875178094 27.5986340896 136.130073088 150.157340777 154.252762275 4.76337982861 4.60442550852 5.18768899241 9.52486764681 3.89166428216 4.10911308648 9.19013058186 6.43143836256 9.07638070263 30.9709478623 15652.284704 20217.0344736 48.8447966642 5.36674945143 3.94166593858 104.099449485 95.6341136741 55.1937222022 49.2144326494 36.4160554972 7.6507207744
-9999.0 -9999.0 -9999.0 -9999.0 -9999.0 -9999.0 -9999.0 -9999.0 -9999.0 -9999.0 -9999.0 -9999.0 -9999.0 -9999.0 -9999.0 16.0093112729 54.7203999719 18.5885741798 27.5917588433 26.4621100877 48.6459519968 69.9015740617 90.4235080859 546.176362041 566.270615275 20.5067530808 39.4887851853 58.5285590007 70.1262079703 83.2824342012 119.423016512 131.424424333 8.39684678292 7.12191920302 6.2412257714 11.2441949221 9.38399338982 8.81535252647 7.04444079745 7.78008343691 36.4977418496 17.6891425616 10.3523775451 10.1052047408 9.1983204879 17.5040582018 20518.9907946 248.123656366 124.265465662 10.7906094734 4.74762091706 4.24644455947 15.0617997841 10.3121085386 5.20579951178
-9999.0 -9999.0 -9999.0 -9999.0 -9999.0 -9999.0 -9999.0 -9999.0 -9999.0 -9999.0 -9999.0 -9999.0 -9999.0 -9999.0 17.0105566954 32.5112580599 122.196055194 18.6619595071 54.1249668517 80.4246867261 104.961020193 24.5631575399 46.1044934577 67.9955601197 652.90622678 19.8648176088 38.2510891792 56.3029877253 16.2697463885 32.0588028934 40.1901785088 51.3908066493 1273.28692126 1290.529462 1306.69807517 1391.33873305 1420.44491867 1483.83826099 16.5096087251 34.4681417632 45.5657316231 1690.03870977 1709.47587697 9.5413646129 16.7801172261 23.8082375984 20528.0261014 238.97438069 101.352460027 96.0385197355 86.3356000411 80.3167659973 20.0260553965 4.94374756173 9.4864750169
-9999.0 -9999.0 -9999.0 -9999.0 -9999.0 -9999.0 -9999.0 -9999.0 -9999.0 -9999.0 -9999.0 -9999.0 -9999.0 -9999.0 16.8260992809 51.5665433029 190.639035968 280.281569362 17.1882224306 375.27472578 500.210886122 23.5648277966 45.2893072275 67.6095060861 844.242834128 863.62293865 18.7983554178 93.9070757118 110.912184544 123.866368849 1163.40773003 1193.18737974 1213.52581336 10.2693138957 59.9723711548 70.9118474963 33.2410655026 47.6833274348 1553.66349339 1610.60711403 1623.01839466 1635.11562662 1727.35229286 8.77885069071 7.85897680735 38.5249219368 20537.2151221 7.80069663115 1.74959687501 5.14372694355 1.86273940294 71.8714183414 64.8572843489 38.1921148331 27.300168982
-9999.0 -9999.0 -9999.0 -9999.0 -9999.0 -9999.0 -9999.0 -9999.0 -9999.0 -9999.0 -9999.0 -9999.0 -9999.0 -9999.0 -9999.0 -9999.0 36.1580968343 73.0036299926 334.907532023 354.722451677 517.6314841 537.799669546 22.5005231421 44.9046584413 107.302401711 882.615434918 922.090853172 939.7301338 15.4789000641 999.887792697 1030.19091005 19.810614458 10.3536173529 20.7779586339 40.508821896 9.56871447487 19.679975315 46.2905701391 57.9952558243 10.4718351665 8.13695720532 16.647632801 1780.40946609 1795.78652552 1802.84926141 1857.76209807 20545.6281051 5.24290975399 1.38021170825 1.53529824267 1.52209004476 1.54944601323 1.42746141457 2.70549502429 3.88971730135
-9999.0 -9999.0 -9999.0 -9999.0 -9999.0 -9999.0 -9999.0 -9999.0 -9999.0 -9999.0 -9999.0 -9999.0 -9999.0 -9999.0 -9999.0 -9999.0 18.9746665234 18.7054028782 19.111668672 41.3683324133 18.5382379814 574.233910024 592.672320182 21.8242880229 42.4439942274 21.8025934304 19.3590260011 19.1584263662 972.382988144 9.99444781903 19.6246337092 11.0536359086 10.9957302127 10.1822320655 8.59987827205 8.79722630954 26.0880667091 35.1756709649 7.40226068149 6.85948292649 14.2256590939 22.5974263244 27.2510650773 6.35048914736 1811.30543759 1865.05208185 20551.6358414 15.4395952429 5.45827975777 1.02335002442 2.36718761323 0.863625602968 0.6895793051 3.46486935808 19.1189038242
-9999.0 -9999.0 -9999.0 -9999.0 -9999.0 -9999.0 -9999.0 -9999.0 -9999.0 -9999.0 -9999.0 -9999.0 -9999.0 -9999.0 -9999.0 -9999.0 -9999.0 -9999.0 18.4526267401 58.911386396 75.2889152206 93.0848917808 609.415431148 625.916129302 643.259892694 664.190249047 683.076399757 721.508899147 731.755553209 741.189077439 750.620239085 10.5370547926 9.88728632543 10.1857653109 36.5714189008 9.30462261962 8.78856494321 7.65721829459 22.1657386558 8.22856204879 6.77866560157 6.41053357533 5.57398925614 11.1278185145 15.9057690349 1897.74042398 22471.478906 4.56350306696 10.8176123952 0.912277959906 3.30018262537 1.88621872497 1.3900834228 37.2963354733 31.0342074305
-9999.0 -9999.0 -9999.0 -9999.0 -9999.0 -9999.0 -9999.0 -9999.0 -9999.0 -9999.0 -9999.0 -9999.0 -9999.0 -9999.0 -9999.0 -9999.0 -9999.0 -9999.0 -9999.0 16.1543380002 123.390744295 250.824322038 270.29874335 24.1805747032 45.764414918 66.546403007 85.132673812 203.502875853 214.700925197 10.9864936923 10.5434073097 772.254465495 791.806563504 801.12999363 44.5148997598 7.79594971756 16.7396516362 24.7819590789 72.2306514826 87.9889180336 101.040976827 12.2000961853 17.0273426876 5.61500452537 10.9868334362 5.54407327961 22482.9481151 4.41956338352 18.8146561005 6.66377012233 13.3323013507 32.4317209606 36.0558439125 75.513188817 34.3276269214
-9999.0 -9999.0 -9999.0 -9999.0 -9999.0 -9999.0 -9999.0 -9999.0 -9999.0 -9999.0 -9999.0 -9999.0 -9999.0 -9999.0 -9999.0 -9999.0 -9999.0 -9999.0 17.3919556376 54.7581102627 107.617822403 141.054648269 372.519587546 394.40077828 43.0374797613 63.3728588236 81.0425755401 99.9218177453 225.160765008 247.003060974 422.256739013 434.302495605 443.556583231 810.957221419 881.690428484 17.3427889101 9.69833030605 9.50078838998 18.2521964866 8.4700149025 117.080829892 123.345546631 22.3699498013 26.8544704751 4.73617551297 5285.76556508 5296.9630531 27788.6493739 27814.8394334 4.05046079397 22.2499681376 5.21388960728 4.77436055015 84.8691324254 123.041235329
-9999.0 -9999.0 -9999.0 -9999.0 -9999.0 -9999.0 -9999.0 -9999.0 -9999.0 -9999.0 -9999.0 -9999.0 -9999.0 -9999.0 -9999.0 -9999.0 -9999.0 -9999.0 -9999.0 19.3724256674 18.8272430002 36.2192608102 86.2394604917 410.932012255 21.9787125569 21.7301119761 39.9809267848 57.9350695036 138.688651091 150.50435578 6.91473596231 8.01838743344 454.954423916 465.320438519 1355.24064741 1362.96182472 7.16759048507 6.602198831 5.4978323678 5.54455341818 5.32467274837 5184.38237127 5218.92254933 5250.52577363 5259.54801618 5281.16173906 5.97474813303 22.3552353512 28.9345516291 27856.1086286 27860.4591489 27866.7348097 27871.9856855 27875.8370128 128.015943163
-9999.0 -9999.0 -9999.0 -9999.0 -9999.0 -9999.0 -9999.0 -9999.0 -9999.0 -9999.0 -9999.0 -9999.0 -9999.0 -9999.0 -9999.0 -9999.0 -9999.0 -9999.0 -9999.0 -9999.0 17.7656614699 18.337062673 34.2077321106 478.127962231 497.201562764 21.5285280256 39.755317018 57.9175990816 69.7037459432 10.4687560009 21.3499980231 1107.77036206 1118.33000799 1126.23710365 1193.23056922 2563.78066737 4947.24769878 4962.6004533 4976.336323 4989.70199184 5039.40996189 5054.76996064 28.7169061387 13.4301719121 7.40977516074 14.2109673373 11.1117846672 17.4110980861 5.551625768 125.973256734 138.934364403 148.742132485 152.343079444 27880.4865321 28014.0006318
-9999.0 -9999.0 -9999.0 -9999.0 -9999.0 -9999.0 -9999.0 -9999.0 -9999.0 -9999.0 -9999.0 -9999.0 -9999.0 -9999.0 -9999.0 -9999.0 -9999.0 -9999.0 -9999.0 -9999.0 -9999.0 18.1155245426 34.6988670767 51.3003269167 511.328166751 20.1077826169 701.418761421 720.362253642 731.335292724 742.885460328 1063.24627438 1075.29088696 11.2573341507 50.903167325 61.0766786247 10.5625239482 2367.79202004 2348.4274878 6.77864748652 14.7906601164 38.1166469341 8.01689965297 8.17289307347 6.81182823779 5.86744596524 4.75304138797 5.31345307377 107.722609075 113.135361857 119.42823208 6.81619383113 5.08541841193 155.84293252 160.518548331 163.295694014
-9999.0 -9999.0 -9999.0 -9999.0 -9999.0 -9999.0 -9999.0 -9999.0 -9999.0 -9999.0 -9999.0 -9999.0 -9999.0 -9999.0 -9999.0 -9999.0 -9999.0 -9999.0 -9999.0 -9999.0 -9999.0 16.8990123063 15.7758791374 81.4007851609 626.579690774 663.488674399 683.162260814 20.3991323488 296.107659375 305.70975741 309.750095947 10.7014861841 22.7569353126 33.8868125209 564.576348381 573.556889427 581.377962847 2333.77100277 1391.42353698 7.9366455945 7.88115181965 7.66813553678 6.41401053766 65.2830019206 78.1668807932 89.7068073092 95.9588733106 102.028985494 618.634822073 623.215831658 627.102135567 636.696153858 691.449601359 694.781408802 861.825285102
-9999.0 -9999.0 -9999.0 -9999.0 -9999.0 -9999.0 -9999.0 -9999.0 -9999.0 -9999.0 -9999.0 -9999.0 -9999.0 -9999.0 -9999.0 -9999.0 -9999.0 -9999.0 -9999.0 -9999.0 -9999.0 -9999.0 32.9095256624 49.9075234245 19.3453642004 22.7053409543 223.108829244 244.491888312 261.522069723 117.274000234 127.558307408 138.672495692 150.173409741 545.113074972 555.813655303 334.986071884 925.574989256 934.447836857 1384.41932986 16.3792390706 8.09281745889 6.38757991156 45.0882779424 52.5735012276 4.95227752154 4.64718824892 597.654980875 608.712631815 614.246910404 5.16518719304 7.14699768178 681.667098708 6.82267773036 25.5188988084 28.3843541769
-9999.0 -9999.0 -9999.0 -9999.0 -9999.0 -9999.0 -9999.0 -9999.0 -9999.0 -9999.0 -9999.0 -9999.0 -9999.0 -9999.0 -9999.0 -9999.0 -9999.0 -9999.0 -9999.0 -9999.0 -9999.0 -9999.0 16.3575914654 32.4592879089 139.733018837 159.499758866 180.596906894 87.9695222476 106.640716476 10.9107579079 363.70843883 373.808358836 383.740211346 10.5237946279 314.370030543 325.211193458 8.98279199767 1342.18015773 17.6822981148 8.79341177003 24.1605930369 32.2721986159 6.54118381917 5.54190450292 542.345242421 587.349355361 593.810605919 6.46645549641 14.6787823368 18.6757266041 22.0002738015 42.1057200288 9.20428739476 20.9195780869 4.29367608031
-9999.0 -9999.0 -9999.0 -9999.0 -9999.0 -9999.0 -9999.0 -9999.0 -9999.0 -9999.0 -9999.0 -9999.0 -9999.0 -9999.0 -9999.0 -9999.0 -9999.0 -9999.0 -9999.0 -9999.0 -9999.0 -9999.0 16.3142860536 51.7084609635 90.7026168174 22.7383680315 44.4255954167 66.9086727213 318.81385005 332.156967811 342.79690929 10.1764282186 254.399252935 283.897520703 293.984651919 8.34054414097 1304.7060214 1324.39979268 9.30840606779 8.87714682089 17.2668400888 7.38792756619 506.586460461 519.701022333 526.94079005 28.0451688362 34.5708358827 5.81679222085 10.4736938684 4.69171290325 32.1598833232 4.78728189399 5.21272475886 5.74937988045 5.98150418128
-9999.0 -9999.0 -9999.0 -9999.0 -9999.0 -9999.0 -9999.0 -9999.0 -9999.0 -9999.0 -9999.0 -9999.0 -9999.0 -9999.0 -9999.0 -9999.0 -9999.0 -9999.0 -9999.0 -9999.0 -9999.0 -9999.0 -9999.0 18.5699037566 20.3865875807 24.5115725002 211.442079855 233.484226067 298.221424807 15.798560014 212.146177983 234.871478732 10.1251511659 20.3376449729 8.34979861686 1278.64209965 8.85649815821 27.5863592683 35.3538841867 42.8271249467 461.639034498 485.741734941 493.599955298 7.83588315638 14.7710715275 21.1834871471 4.22725236826 3.85004967103 1261.59189798 1265.47407627 1268.75286422 1299.43536454 1303.51570207 1309.65840811 1314.40367787
