data/baseflow/mHMbf_acc429.asc
ncols                  80
nrows                 72
xllcorner      4374000.0
yllcorner      5656000.0
cellsize            500
NODATA_value       -9999
[rows 0 to 23 of 72, columns 0 to 54 of 80]
-9999.0 -9999.0 -9999.0 -9999.0 -9999.0 -9999.0 -9999.0 -9999.0 -9999.0 -9999.0 -9999.0 -9999.0 9.96516248359 13.2447444527 -9999.0 -9999.0 -9999.0 -9999.0 -9999.0 -9999.0 -9999.0 -9999.0 -9999.0 -9999.0 -9999.0 -9999.0 -9999.0 -9999.0 -9999.0 -9999.0 -9999.0 -9999.0 -9999.0 -9999.0 -9999.0 -9999.0 -9999.0 -9999.0 -9999.0 -9999.0 -9999.0 -9999.0 -9999.0 -9999.0 -9999.0 -9999.0 -9999.0 -9999.0 -9999.0 -9999.0 -9999.0 -9999.0 -9999.0 -9999.0 -9999.0
-9999.0 -9999.0 -9999.0 -9999.0 -9999.0 -9999.0 -9999.0 -9999.0 -9999.0 -9999.0 -9999.0 -9999.0 19.6423949269 54.4770064579 11.1076557762 -9999.0 12.0589891131 -9999.0 -9999.0 -9999.0 -9999.0 -9999.0 -9999.0 -9999.0 -9999.0 -9999.0 -9999.0 -9999.0 -9999.0 -9999.0 -9999.0 -9999.0 -9999.0 -9999.0 -9999.0 -9999.0 -9999.0 -9999.0 -9999.0 -9999.0 -9999.0 -9999.0 -9999.0 -9999.0 -9999.0 -9999.0 -9999.0 -9999.0 -9999.0 -9999.0 -9999.0 -9999.0 -9999.0 -9999.0 -9999.0
-9999.0 -9999.0 -9999.0 -9999.0 -9999.0 -9999.0 -9999.0 -9999.0 -9999.0 -9999.0 8.34576886488 7.91355621147 8.72343053306 8.71511055459 69.9688325539 79.428221553 33.4434770403 10.8656373667 -9999.0 -9999.0 -9999.0 -9999.0 -9999.0 -9999.0 -9999.0 -9999.0 -9999.0 -9999.0 -9999.0 -9999.0 -9999.0 -9999.0 -9999.0 -9999.0 -9999.0 -9999.0 -9999.0 -9999.0 -9999.0 -9999.0 -9999.0 -9999.0 -9999.0 -9999.0 -9999.0 -9999.0 -9999.0 -9999.0 -9999.0 -9999.0 -9999.0 -9999.0 -9999.0 -9999.0 -9999.0
-9999.0 -9999.0 -9999.0 -9999.0 -9999.0 -9999.0 -9999.0 -9999.0 -9999.0 7.86086753347 16.339784594 32.3577382579 16.4272550355 7.8227073693 15.1523750448 86.4326254585 141.057996258 10.8729223747 -9999.0 8.09521412943 -9999.0 -9999.0 -9999.0 -9999.0 22.5249806084 11.8038075858 -9999.0 -9999.0 -9999.0 -9999.0 -9999.0 -9999.0 -9999.0 -9999.0 -9999.0 -9999.0 -9999.0 -9999.0 -9999.0 -9999.0 -9999.0 -9999.0 -9999.0 -9999.0 -9999.0 -9999.0 -9999.0 -9999.0 -9999.0 -9999.0 -9999.0 -9999.0 -9999.0 -9999.0 -9999.0
-9999.0 -9999.0 -9999.0 -9999.0 -9999.0 -9999.0 -9999.0 -9999.0 10.158744575 26.9100268433 34.4373716017 42.1459288355 56.1248719569 6.91177978562 28.3770128265 34.8983957641 192.550842928 7.22743460074 5.81400695516 14.5878813804 20.8797371192 6.73908382216 -9999.0 54.154802958 44.4972980069 11.1262839874 -9999.0 -9999.0 -9999.0 -9999.0 -9999.0 -9999.0 -9999.0 -9999.0 -9999.0 -9999.0 -9999.0 -9999.0 -9999.0 -9999.0 -9999.0 -9999.0 -9999.0 -9999.0 -9999.0 -9999.0 -9999.0 -9999.0 -9999.0 -9999.0 -9999.0 -9999.0 -9999.0 -9999.0 -9999.0
-9999.0 -9999.0 -9999.0 -9999.0 -9999.0 -9999.0 9.61596338291 8.25341533789 7.81404741541 8.1083390759 8.42641507351 59.434666685 123.482400878 131.116689047 136.391924356 4.88570477774 204.357678612 210.387315735 12.2543966986 6.42768670572 26.9944519745 46.6064844187 7.29557791549 76.8008572323 6.83585792623 7.41473438494 7.17022079288 -9999.0 -9999.0 -9999.0 -9999.0 -9999.0 -9999.0 -9999.0 -9999.0 -9999.0 -9999.0 -9999.0 -9999.0 -9999.0 -9999.0 -9999.0 -9999.0 -9999.0 -9999.0 -9999.0 -9999.0 -9999.0 -9999.0 -9999.0 -9999.0 -9999.0 -9999.0 -9999.0 -9999.0
-9999.0 -9999.0 -9999.0 -9999.0 -9999.0 -9999.0 19.5345477553 28.6204846245 63.5399565241 86.6641404665 6.87779761451 7.32941742259 6.87357588005 19.9312286951 162.098069198 4.80591293833 216.127274516 239.682056125 18.0890285806 11.8318041281 52.1903446536 6.3309508229 82.9485975722 12.2128773918 6.08532716876 13.1867978592 14.1828914254 7.41595169351 7.78990557304 7.39314068531 8.51950544791 16.9781035305 -9999.0 -9999.0 -9999.0 -9999.0 -9999.0 -9999.0 -9999.0 -9999.0 -9999.0 -9999.0 -9999.0 -9999.0 -9999.0 -9999.0 -9999.0 -9999.0 -9999.0 -9999.0 -9999.0 -9999.0 -9999.0 -9999.0 -9999.0
-9999.0 -9999.0 -9999.0 -9999.0 -9999.0 11.751732978 22.0092303175 10.1609578005 19.3019196118 96.1267873695 111.685163792 126.969704963 440.383106205 6.68389818255 168.611557361 667.567405885 672.653267831 922.509006615 5.81130937357 17.287046057 57.8141892184 5.53598442535 153.389383836 64.5483723916 40.1613693519 33.9013366327 6.85739152564 21.8203547953 22.2622132986 14.7620918481 7.12279160022 24.4505762988 7.0589063734 6.83224070972 -9999.0 -9999.0 -9999.0 -9999.0 -9999.0 -9999.0 -9999.0 -9999.0 -9999.0 -9999.0 -9999.0 -9999.0 -9999.0 -9999.0 -9999.0 -9999.0 -9999.0 -9999.0 -9999.0 -9999.0 -9999.0
-9999.0 -9999.0 -9999.0 -9999.0 -9999.0 12.0089733636 34.1152178731 67.0844174175 76.6690807757 152.116904878 160.66807704 188.425808863 306.834413746 465.771658087 480.982641086 488.103835658 11.3370373155 944.313435146 955.842134519 985.022218448 1219.34004605 170.886032591 159.698488668 46.3012486951 5.99996041137 39.9618485935 27.7246356599 5.49390945131 28.4740093838 6.10018397027 13.1310024 37.6415899422 44.2813129303 13.2592640384 6.46391937973 6.19398859513 -9999.0 -9999.0 -9999.0 -9999.0 9.35988155938 8.90568053833 -9999.0 -9999.0 -9999.0 -9999.0 -9999.0 -9999.0 -9999.0 -9999.0 -9999.0 -9999.0 -9999.0 -9999.0 -9999.0
-9999.0 -9999.0 -9999.0 -9999.0 -9999.0 11.225871298 10.3309800185 45.8525796081 55.8372893896 66.3960719969 9.5786819505 18.7757320641 111.635864422 19.8018629446 8.47940750547 7.1350405697 5.98147579077 7.26893512397 6.64469687925 6.93094786133 1225.52766177 1242.33198045 5.48418443091 17.2449176128 11.9041193489 45.5987329989 11.2233769529 5.29281081963 34.8096388025 11.8943074093 30.2348186341 75.9565071485 70.2078994736 19.3947088807 18.4884043705 6.57491563006 6.44957235482 -9999.0 -9999.0 6.40713212786 18.1973031565 45.7185964739 9.36611902628 -9999.0 -9999.0 -9999.0 -9999.0 -9999.0 -9999.0 -9999.0 -9999.0 -9999.0 -9999.0 -9999.0 -9999.0
-9999.0 -9999.0 -9999.0 -9999.0 -9999.0 -9999.0 12.3754242936 12.8341701917 22.6324126175 33.194686515 73.8320972579 93.5460821387 103.589542006 10.8837587853 7.04253123921 101.844353479 123.035472337 129.323114693 156.727435035 162.593256914 5.86232690968 1248.31161711 1275.83345834 21.7502440595 3.05403449063 50.0244972053 111.132522461 45.1762766039 10.4485374795 5.30222536078 116.885638726 81.622485489 5.24632218411 5.35662745796 24.0583983909 18.8917004013 5.61785554429 5.22546884342 6.08601088915 12.2818941064 5.69724307977 55.2720126127 60.4465664028 4.69020283326 -9999.0 -9999.0 -9999.0 -9999.0 5.75472873677 5.25321925487 2.46576922542 -9999.0 -9999.0 -9999.0 -9999.0
-9999.0 -9999.0 -9999.0 -9999.0 -9999.0 -9999.0 -9999.0 11.6410219348 9.41129867968 20.7676967779 31.5310033239 9.91784452409 8.30577912711 55.4804995522 71.4987686987 88.2048916624 7.62345179388 14.4161436386 7.19223236397 168.865186766 386.616134385 395.641335039 1684.74813392 5.44600243613 8.65585511484 2.56502200646 116.122271437 5.15860609163 15.8747718473 5.16669815161 122.026644434 127.237518183 10.6363117881 10.6156499381 60.5158672366 30.4778137279 11.133398135 5.84231140444 12.0832982021 18.1599019456 28.9803414027 4.8982857328 69.3716988919 73.4116206665 3.49540947675 3.85410360717 4.12071611823 3.53223732895 3.30405526309 14.966994128 6.49254358841 3.58618433658 -9999.0 -9999.0 -9999.0
-9999.0 -9999.0 -9999.0 -9999.0 -9999.0 -9999.0 -9999.0 -9999.0 20.9426407322 29.3137545996 9.87028623093 20.5614965162 29.8659441876 48.1951792836 9.18966736963 8.56572549759 6.77423534047 6.85875026238 5.92806525993 204.729061465 7.4562529691 14.2181230666 1708.14487356 1720.97066539 4.07003595942 16.9057109726 137.313287965 10.0346857774 20.2903544892 9.10664711147 13.5105938906 146.800283848 15.1987811921 85.3843217852 70.4306428615 5.11963786311 27.7080742071 11.3059311064 17.2753125657 5.10833523226 33.8559439113 42.9275153134 46.284408484 49.3855587456 86.3925229647 6.59001593765 7.10732374001 6.19901436429 5.72412064376 18.0800550346 3.45478264262 13.6334471531 16.7336320351 -9999.0 -9999.0
-9999.0 -9999.0 -9999.0 -9999.0 -9999.0 -9999.0 -9999.0 -9999.0 11.4728485988 52.0008162977 61.3900216739 9.36035953778 18.0048556839 8.59972936634 7.48546634301 7.31615570117 96.2132176769 127.468744508 159.211621898 194.786546116 8.31553875029 7.04816809727 5.81018831411 1753.79381622 1769.8806828 1774.6571433 181.610691442 39.6720735743 34.8703574914 4.12205678134 17.4701585613 168.442313439 4.08376201614 89.6094487949 4.96420972068 36.8003962971 33.3306528963 5.31999771422 22.4538496746 10.2201201875 15.1804643209 4.03882930226 2.9721347433 52.4291650097 55.1324688407 89.0863786408 10.0610620933 8.94756065939 8.36438889533 21.7661116476 28.7962089002 3.50589220029 20.1785278975 3.84016436939 7.19733738126
-9999.0 -9999.0 -9999.0 -9999.0 -9999.0 -9999.0 -9999.0 -9999.0 -9999.0 12.3656206157 71.9782366576 81.0629463194 26.7669653236 44.0991833113 59.4026907771 67.2867032577 8.31450875956 24.3470136478 16.1931947886 8.78151149653 8.24131121726 6.82623617632 13.0672565504 21.8418380804 7.43738739799 1969.771491 1974.02877609 3.7987408103 3.27193942869 8.4019168835 12.5696857163 180.704093583 8.14420935582 93.2226796093 54.6572408586 45.7819299664 4.82902595845 9.9590687565 26.8925418596 4.4330755725 19.4413660049 8.2160009918 4.52242272201 1.6380462752 61.0703964467 152.270511553 11.9416727082 10.8882572443 11.059982524 2.81010533714 31.6082152382 2.7209372151 26.5404005829 3.24119524489 10.5265753693
-9999.0 -9999.0 -9999.0 -9999.0 -9999.0 -9999.0 -9999.0 -9999.0 -9999.0 -9999.0 9.44576693482 100.065699344 8.62748937723 17.2569402499 24.5917140613 38.6830397131 7.19973311727 15.6275684335 7.47594303679 6.73890032786 6.22555457219 12.3177791342 5.2903615093 5.34264829746 10.2093271852 6.13518938467 1979.92971402 1988.44880352 2000.41791228 16.1250285328 4.20878259645 8.3841010076 185.12245031 168.334948818 63.8569423533 4.50569642452 19.3224304431 14.5949700455 31.3483987511 8.8498423161 36.3445471021 12.493028379 7.45893088183 0.967014271653 1.86667976538 155.288232521 157.942004926 182.930044461 19.9964461191 5.85879524559 34.7193131338 40.4661561947 69.6829348588 6.3523523829 2.97749911789
-9999.0 -9999.0 -9999.0 -9999.0 -9999.0 -9999.0 -9999.0 -9999.0 -9999.0 -9999.0 -9999.0 6.91565663792 113.002289076 8.04888118184 15.2968498838 68.080288018 7.33088489704 7.18490807114 6.08873100607 13.249244803 6.64887738526 25.4980968218 36.2812534982 41.1150773897 14.4050347475 18.0156799808 4.08229848711 5.23860359309 5.4191353766 2026.90138073 2038.80244236 188.599645948 175.486606878 171.98696502 7.33788081052 3.5522466837 23.3532306511 62.8256823781 35.4518130199 12.8882855909 53.162690837 14.8306099693 11.2193980764 1.92301040339 0.705758486684 0.643475173977 0.85603082837 188.936085289 217.068013535 2.82771260918 2.58716889873 2.9694835466 72.6162074124 81.6480948113 5.19726113995
-9999.0 -9999.0 -9999.0 -9999.0 -9999.0 -9999.0 -9999.0 -9999.0 -9999.0 -9999.0 -9999.0 6.20695332347 126.209952362 153.173213996 7.44595237404 82.6427582164 6.51227462859 6.05487117856 12.4041375238 32.1831872494 6.2743241097 6.80658581318 5.23312155534 51.4996115139 56.32975739 79.7745032363 87.6670466311 91.2853547113 94.9736105285 99.2348505852 2142.71655781 2337.3754001 2518.63241528 2522.12247631 3.00734891335 3.58533196972 70.9333324384 66.9183448875 4.00535775461 3.94705117742 57.0800275049 75.8422194357 2.8919930089 31.3336511199 29.37916407 4.8955877233 2.18705379988 4.01009827828 2.99016289278 221.805414424 2.38896279372 7.56868492992 9.30479816677 96.3013362002 102.688630415
-9999.0 -9999.0 -9999.0 -9999.0 -9999.0 -9999.0 -9999.0 -9999.0 -9999.0 -9999.0 -9999.0 10.4137171968 19.4586452196 161.78885024 175.492018076 6.91955184323 98.3116354667 5.26186107884 16.4604065946 37.8095274622 11.9536258171 5.63688303926 11.8206848096 4.50834121873 8.69662102495 4.30142320939 3.59624356718 2.39496972229 2.00223129697 1.42319941258 1.06547854893 1.75833825249 2.80792354924 4.07820613326 2532.61410858 80.9299562834 75.3039774381 2.08749398398 11.1709687123 2.93316422728 2.9523245233 79.3460207896 121.174303424 35.312380561 27.6012305109 3.29122079969 1.12468636177 0.9068998091 2.86644975323 227.149943285 231.672961624 2.39764741456 2.47430730447 1.70756235353 1.23288558255
-9999.0 -9999.0 -9999.0 -9999.0 -9999.0 -9999.0 -9999.0 -9999.0 -9999.0 -9999.0 -9999.0 -9999.0 7.70161089137 122.341556843 305.405364317 328.939113138 434.157919426 443.141078336 86.1325855611 61.3821023555 17.7380051408 5.51360950928 22.5992393132 27.7030641119 40.8204237984 8.88388889503 7.76186224663 6.66223028202 12.747601493 5.4149850974 4.69661790216 2.49203767216 1.0702560235 0.900354277314 2535.7416719 2619.79448524 2622.84592567 2.03555635468 28.8599160786 13.4289744416 3.8799258026 133.452817112 8.90101203874 4.68429711652 19.5318424202 3.47910923227 2.3591373478 4.26972152357 6.09850754288 8.30996204005 235.352029544 1.68980726449 1.43368665357 1.42284974804 0.885511208518
-9999.0 -9999.0 -9999.0 -9999.0 -9999.0 -9999.0 -9999.0 -9999.0 -9999.0 -9999.0 -9999.0 9.30432041313 94.5859279268 114.042484744 16.5901090711 6.68189824595 12.6697850915 462.052566018 469.064531167 563.7076122 4.85860775153 10.3021426813 4.33342106069 4.42594074782 45.1064291233 58.2609053219 69.9324537964 3.78164971923 16.5006631159 25.5770454187 14.1184552299 5.99948369397 3.4193339768 2.12146892402 2.10365466252 0.89509277339 2625.19870412 2626.9619236 2659.01151192 6.08758584932 3.31285786485 138.440147371 9.56090966932 4.99534267824 5.64561870082 5.57122567566 4.71446461083 7.26381807079 20.6636494249 31.3666573887 268.459094639 1.21743937425 3.67861023261 2.49232591364 1.84828680254
-9999.0 -9999.0 -9999.0 -9999.0 -9999.0 -9999.0 -9999.0 -9999.0 -9999.0 -9999.0 -9999.0 9.68388417612 68.6963978128 10.2116278386 7.89223702836 46.2827573365 52.831129636 59.3172415873 64.9639315026 763.956702513 769.11628044 779.02172689 854.971179157 867.34464454 873.505069171 877.942761843 954.435872072 963.329160535 967.16933039 996.772533423 1015.04295283 1018.57866367 1027.454278 5.36928745568 3.61711244771 0.41005650761 0.401009377914 2628.76795377 2668.92966801 8.42907794363 164.538773292 161.188584292 17.2775030345 3.99360478203 4.02904532169 3.82780373793 3.92471879848 7.88833643668 11.0037315373 2.90524082055 270.117928058 271.905751774 279.570263141 280.976651643 284.125874674
-9999.0 -9999.0 -9999.0 -9999.0 -9999.0 -9999.0 -9999.0 -9999.0 -9999.0 -9999.0 -9999.0 36.852481458 48.2668925815 20.9979889414 30.3907276269 9.15210085041 104.283332698 111.230254656 124.923319562 129.537653229 43.2498173276 831.147052162 835.763357975 3.3138975274 1.7207230023 1.35570582787 3.30740484293 1.53591188164 0.985622113356 0.922777097676 1.10184860673 1020.80975296 1030.02626012 1039.45148701 1046.50594679 1048.46202727 0.560742058386 0.209215969769 2840.04274492 169.669269441 168.082138138 3.48875881467 3.17999205552 2.77547899833 6.84907675999 6.67075760584 3.00348914932 3.03819596134 2.86892610755 5.72261679451 7.39058576234 1.19076227214 2.16289738558 0.700219566187 0.246913440858
-9999.0 -9999.0 -9999.0 -9999.0 -9999.0 -9999.0 -9999.0 -9999.0 -9999.0 -9999.0 -9999.0 -9999.0 25.162797996 11.0954258275 9.19876671293 90.3316447176 97.7435689215 7.45463859947 28.1472034137 34.3247759194 38.8473231058 5.59306841393 3.3544321038 113.913543305 116.396185677 118.532603096 307.033003561 308.189182444 309.942073908 325.134241463 329.992947786 330.67996391 0.892116518814 0.978150348743 1.04213172342 1051.07591904 0.7064780282 2864.21450562 2862.5662424 21.3653621484 19.4775768989 12.9150789276 3.20257470311 5.59885723752 9.75268319594 9.56350145405 5.79812463421 2.87986730104 5.67358490982 5.69918059193 9.86359473473 1.60519316648 3.3884368375 5.44454177994 5.94629347888
