data/baseflow/mHMbf_acc586.asc
ncols                  80
nrows                 72
xllcorner      4374000.0
yllcorner      5656000.0
cellsize            500
NODATA_value       -9999
[rows 0 to 23 of 72, columns 0 to 54 of 80]
-9999.0 -9999.0 -9999.0 -9999.0 -9999.0 -9999.0 -9999.0 -9999.0 -9999.0 -9999.0 -9999.0 -9999.0 7.53581771435 13.9746891997 -9999.0 -9999.0 -9999.0 -9999.0 -9999.0 -9999.0 -9999.0 -9999.0 -9999.0 -9999.0 -9999.0 -9999.0 -9999.0 -9999.0 -9999.0 -9999.0 -9999.0 -9999.0 -9999.0 -9999.0 -9999.0 -9999.0 -9999.0 -9999.0 -9999.0 -9999.0 -9999.0 -9999.0 -9999.0 -9999.0 -9999.0 -9999.0 -9999.0 -9999.0 -9999.0 -9999.0 -9999.0 -9999.0 -9999.0 -9999.0 -9999.0
-9999.0 -9999.0 -9999.0 -9999.0 -9999.0 -9999.0 -9999.0 -9999.0 -9999.0 -9999.0 -9999.0 -9999.0 13.1087374097 47.74149458 12.1000386419 -9999.0 13.6950571582 -9999.0 -9999.0 -9999.0 -9999.0 -9999.0 -9999.0 -9999.0 -9999.0 -9999.0 -9999.0 -9999.0 -9999.0 -9999.0 -9999.0 -9999.0 -9999.0 -9999.0 -9999.0 -9999.0 -9999.0 -9999.0 -9999.0 -9999.0 -9999.0 -9999.0 -9999.0 -9999.0 -9999.0 -9999.0 -9999.0 -9999.0 -9999.0 -9999.0 -9999.0 -9999.0 -9999.0 -9999.0 -9999.0
-9999.0 -9999.0 -9999.0 -9999.0 -9999.0 -9999.0 -9999.0 -9999.0 -9999.0 -9999.0 4.97971456248 4.5725764495 5.00478175654 4.97116297909 56.6403434367 65.61366434 37.4577616271 11.9890785203 -9999.0 -9999.0 -9999.0 -9999.0 -9999.0 -9999.0 -9999.0 -9999.0 -9999.0 -9999.0 -9999.0 -9999.0 -9999.0 -9999.0 -9999.0 -9999.0 -9999.0 -9999.0 -9999.0 -9999.0 -9999.0 -9999.0 -9999.0 -9999.0 -9999.0 -9999.0 -9999.0 -9999.0 -9999.0 -9999.0 -9999.0 -9999.0 -9999.0 -9999.0 -9999.0 -9999.0 -9999.0
-9999.0 -9999.0 -9999.0 -9999.0 -9999.0 -9999.0 -9999.0 -9999.0 -9999.0 4.56122718193 9.69129415729 19.1016181631 9.48311163935 4.5319027752 8.92437917292 69.7640237924 130.835572658 12.3314181625 -9999.0 4.78124937368 -9999.0 -9999.0 -9999.0 -9999.0 25.2395445463 13.1523659259 -9999.0 -9999.0 -9999.0 -9999.0 -9999.0 -9999.0 -9999.0 -9999.0 -9999.0 -9999.0 -9999.0 -9999.0 -9999.0 -9999.0 -9999.0 -9999.0 -9999.0 -9999.0 -9999.0 -9999.0 -9999.0 -9999.0 -9999.0 -9999.0 -9999.0 -9999.0 -9999.0 -9999.0 -9999.0
-9999.0 -9999.0 -9999.0 -9999.0 -9999.0 -9999.0 -9999.0 -9999.0 5.53548824887 15.0264251785 19.3176888673 23.8120952482 32.9326100286 4.14327576429 16.7380840882 20.6682600885 166.367303301 5.38328038814 3.4366454614 8.66797364831 12.4416459588 3.99210089492 -9999.0 60.7853106755 49.7282827562 12.4203201857 -9999.0 -9999.0 -9999.0 -9999.0 -9999.0 -9999.0 -9999.0 -9999.0 -9999.0 -9999.0 -9999.0 -9999.0 -9999.0 -9999.0 -9999.0 -9999.0 -9999.0 -9999.0 -9999.0 -9999.0 -9999.0 -9999.0 -9999.0 -9999.0 -9999.0 -9999.0 -9999.0 -9999.0 -9999.0
-9999.0 -9999.0 -9999.0 -9999.0 -9999.0 -9999.0 5.52026955494 4.69359962265 4.43752741605 4.56901597367 4.71465963937 33.5669018348 71.1308608832 75.6272065872 78.4624673686 2.5039479517 173.316223484 176.78573411 7.24012234441 3.84114819846 16.1249887216 27.7242709847 4.81247468118 76.8267620523 3.96829399422 4.93739008227 4.09958737943 -9999.0 -9999.0 -9999.0 -9999.0 -9999.0 -9999.0 -9999.0 -9999.0 -9999.0 -9999.0 -9999.0 -9999.0 -9999.0 -9999.0 -9999.0 -9999.0 -9999.0 -9999.0 -9999.0 -9999.0 -9999.0 -9999.0 -9999.0 -9999.0 -9999.0 -9999.0 -9999.0 -9999.0
-9999.0 -9999.0 -9999.0 -9999.0 -9999.0 -9999.0 11.1680487793 16.3118256912 36.1533030555 49.318285491 3.98747760642 4.34750232693 4.07281595944 11.8867140511 93.6940783686 2.72417676788 180.658743228 196.910425962 11.9955177532 7.12216378945 31.0909539512 3.72212423413 80.4769000931 7.11171628649 3.5624981535 8.37845049084 8.09527568968 4.14038939786 4.38160382447 4.21358964748 4.6582083633 9.30022355624 -9999.0 -9999.0 -9999.0 -9999.0 -9999.0 -9999.0 -9999.0 -9999.0 -9999.0 -9999.0 -9999.0 -9999.0 -9999.0 -9999.0 -9999.0 -9999.0 -9999.0 -9999.0 -9999.0 -9999.0 -9999.0 -9999.0 -9999.0
-9999.0 -9999.0 -9999.0 -9999.0 -9999.0 6.5697048375 12.3788104643 5.75904232091 10.9093607905 54.537615018 63.311692579 72.1318229654 246.056661952 4.11014190471 97.4838819259 379.015270648 382.775553178 587.06688077 4.58510568161 10.3522857351 34.4811893158 3.35118654239 122.047472506 38.044591975 23.7424281669 20.1603406092 3.91401866347 12.3417667678 12.6388713454 8.40001669272 4.05336139595 13.5150792919 4.00164192293 3.91404769482 -9999.0 -9999.0 -9999.0 -9999.0 -9999.0 -9999.0 -9999.0 -9999.0 -9999.0 -9999.0 -9999.0 -9999.0 -9999.0 -9999.0 -9999.0 -9999.0 -9999.0 -9999.0 -9999.0 -9999.0 -9999.0
-9999.0 -9999.0 -9999.0 -9999.0 -9999.0 6.65066928887 18.9562788075 37.4215574061 42.8458827042 84.4311430862 89.303909857 104.919899923 170.07974191 262.914910121 271.474129958 275.289230184 6.39116608564 599.462512832 606.639262616 623.746910647 794.260013906 132.381435443 125.718953613 27.3431605502 3.53321813543 22.9412519115 15.8220783794 3.31586091568 16.1977453419 3.83535019455 8.03392101014 21.1555216291 24.9312257481 7.61195744532 3.69211420193 3.66663971857 -9999.0 -9999.0 -9999.0 -9999.0 10.8893565092 10.4410231216 -9999.0 -9999.0 -9999.0 -9999.0 -9999.0 -9999.0 -9999.0 -9999.0 -9999.0 -9999.0 -9999.0 -9999.0 -9999.0
-9999.0 -9999.0 -9999.0 -9999.0 -9999.0 6.26233699042 5.80280255544 24.9164451803 30.5224368424 36.4096896894 5.36118543909 10.5440131857 61.7625256211 14.0579718785 4.74297343065 3.98622961269 3.36322866996 4.15712367487 4.08143018563 3.94285533199 798.324898533 808.360613509 3.30089301305 10.2656310753 7.02639364314 26.2418580993 6.68185585216 3.22038819344 19.7823281741 7.13704846396 17.550472347 42.8962469467 39.7792576345 11.1280020085 10.8551153164 3.80308376268 3.80193729836 -9999.0 -9999.0 3.82449823551 19.9327724436 52.2809835287 11.0832204071 -9999.0 -9999.0 -9999.0 -9999.0 -9999.0 -9999.0 -9999.0 -9999.0 -9999.0 -9999.0 -9999.0 -9999.0
-9999.0 -9999.0 -9999.0 -9999.0 -9999.0 -9999.0 6.72542660738 6.7460846428 12.1954467833 18.0230108377 40.185219252 51.1124890906 57.1833127243 9.09679249403 3.9100331086 56.2469384669 68.0439905561 71.6113813003 87.2630208205 90.73521102 3.46277589318 811.859153472 827.739594353 12.4811661344 1.35587331187 28.6432827801 64.3995482792 26.0971660129 6.32349868266 3.21426561602 66.8710904739 46.2498299264 3.15497921477 3.19936515531 14.1403933004 11.0778833367 3.41559588376 3.29509722801 3.6936509371 7.42440199158 3.54669034969 63.3783717318 66.7521536927 3.20780706231 -9999.0 -9999.0 -9999.0 -9999.0 3.74076555438 3.53510510381 1.00639374981 -9999.0 -9999.0 -9999.0 -9999.0
-9999.0 -9999.0 -9999.0 -9999.0 -9999.0 -9999.0 -9999.0 6.18352821971 4.98315365325 11.1626370244 17.0439361826 5.4993711462 4.9319976723 30.5530260375 39.4044149402 48.5412188924 4.18321975458 8.2058232639 4.05473337397 94.3699103393 231.126572144 241.001101439 1078.96465926 3.20056295651 3.9367456553 1.18833757089 67.391255414 3.09163873638 9.58969151187 3.12802408904 69.992596931 73.1160360256 6.34810195865 6.35744592859 35.6784924765 18.0189812722 6.74972765281 3.44739240292 7.36111542551 11.0327089394 17.8658493597 3.24507885791 73.0910801684 76.1736421318 2.91215427077 3.07559823195 3.17942864409 2.97063791457 2.87109095458 10.3008079821 3.94021851522 2.51837117123 -9999.0 -9999.0 -9999.0
-9999.0 -9999.0 -9999.0 -9999.0 -9999.0 -9999.0 -9999.0 -9999.0 11.4073096723 15.8107235901 5.44961902183 11.2628400289 16.2947569827 26.5865689681 5.05284609332 4.77735151198 3.91385151958 3.96162015296 3.5125148587 129.269816139 4.16596081907 8.02243367709 1098.01609994 1109.93847465 3.30502626209 10.4383218335 80.6543824515 6.11584270396 12.398019044 5.81226925315 8.59049605882 85.1253111082 9.22122334759 51.0496852211 41.8824624812 3.18302859879 16.77969931 6.81087692402 10.654818545 3.26189118951 21.0275269837 27.2671119751 30.1000016851 32.8284924495 87.4245110186 5.67043692513 5.88755847895 5.55145561326 5.34735067364 12.9727773315 2.74664189266 9.25871639726 11.7926816177 -9999.0 -9999.0
-9999.0 -9999.0 -9999.0 -9999.0 -9999.0 -9999.0 -9999.0 -9999.0 6.21173192418 28.0625722237 33.2947706671 5.22465108914 10.0782711797 4.83559319991 4.30075504961 4.2167349947 53.5324738724 70.6821548719 92.5492844741 118.535135429 5.74477945504 3.98518969194 3.54557243381 1136.43560288 1153.80106476 1158.57500341 108.599906894 24.4632865227 21.4383334927 2.72571979892 11.287050174 99.1732053135 2.77041841597 53.8522888937 3.05855291268 22.118757374 20.2111962126 3.30271224777 13.9312068899 6.51365361205 9.73480443121 2.91646858799 2.5810600752 35.5330914345 38.1268092979 90.0113704622 8.58222053455 8.16282440719 7.91188881007 15.8088663692 21.3325917014 2.75002245545 14.3569166378 2.72876935788 5.24154203845
-9999.0 -9999.0 -9999.0 -9999.0 -9999.0 -9999.0 -9999.0 -9999.0 -9999.0 6.56035975207 39.025229812 44.1047863449 14.9708342376 24.5163187484 33.0449230819 37.2845690186 4.40240467967 13.2529199799 8.81344397597 4.62257620409 4.48169799613 3.8492237386 7.39520397827 12.0915050841 5.517666441 1278.97289741 1282.6018905 3.34430880595 2.57275372344 5.51330885172 8.24519701698 107.334622319 5.44626167199 56.4220265997 33.5834471866 27.8366163005 3.12776468632 6.35212438699 16.927480621 2.9857428125 12.6761849005 5.77140370894 3.54578565482 0.713841218543 42.1157221013 134.474308345 10.8125574275 10.4102968928 10.3514556211 2.46001162804 23.7837364788 2.41027312212 19.4219056228 2.47392218207 7.73552389204
-9999.0 -9999.0 -9999.0 -9999.0 -9999.0 -9999.0 -9999.0 -9999.0 -9999.0 -9999.0 5.10052868022 54.3619314527 4.77936114366 9.45153705875 13.4723219049 21.4112497067 4.11528811779 8.67597530065 4.22763391122 3.89449311188 3.6464613306 7.21167390876 3.28722406992 3.3821896435 7.08592703405 4.38296571109 1288.05582295 1296.01632729 1306.10037825 10.9832582052 2.80066406727 5.58030460212 110.208886181 103.90815781 39.5456501062 2.95104439212 12.4746940333 9.3971480099 19.932865894 5.97470353072 24.357558548 8.68232541142 5.62424994788 0.310022359235 0.838267696628 136.878415994 139.366455402 162.889353491 17.83673859 4.99101493793 26.3911459491 31.3350678056 53.0875339038 4.86459703122 2.30973253867
-9999.0 -9999.0 -9999.0 -9999.0 -9999.0 -9999.0 -9999.0 -9999.0 -9999.0 -9999.0 -9999.0 4.22887730425 62.391783343 4.37841408223 8.37454383779 37.7069397228 4.11211695841 4.05495176527 3.49167273382 7.63622114936 3.85373864569 14.7976604091 21.3086438534 24.3525142586 9.96251731992 13.1827237731 3.63389604963 3.80447199615 4.60503449218 1325.56141814 1334.28672118 112.655975146 108.972347734 106.46607542 5.32193509737 2.59352090345 15.2695800712 40.857357212 22.7999377834 8.8199291864 35.9450575886 9.75665477191 7.15340860405 0.678768812224 0.284432917686 0.258377795381 0.450187739067 166.127036007 190.819530964 2.36647519245 2.27414311447 2.34287536931 55.3969093967 62.3789868018 4.03777284687
-9999.0 -9999.0 -9999.0 -9999.0 -9999.0 -9999.0 -9999.0 -9999.0 -9999.0 -9999.0 -9999.0 2.88804640357 68.5439474284 83.1940840404 4.13400197543 45.8032369902 3.73551167147 3.52659795217 7.21468226964 18.6669507699 3.70146182282 3.9417977446 3.18667969577 30.7282635347 33.775121213 50.2082578699 56.134606107 58.4160860161 61.6723958284 64.7465018494 1403.58647619 1521.77138885 1636.55583075 1641.11004522 2.59573812008 2.56082781898 46.4623079056 43.6845191727 2.81174115334 2.72422076977 38.889249972 51.3617548142 1.96983771055 17.3847376718 16.4046008764 1.92542475859 0.923874064514 1.61833798039 2.29963118051 195.495112596 2.35552053649 6.50392429529 8.53617942719 74.9610032011 79.5396143754
-9999.0 -9999.0 -9999.0 -9999.0 -9999.0 -9999.0 -9999.0 -9999.0 -9999.0 -9999.0 -9999.0 5.57701578886 10.4482680251 87.8749881538 95.6729135524 3.86087288505 58.4633305226 3.25159773172 9.95006491596 22.0360166039 7.16033039202 3.44080514635 6.99083645196 2.92807713454 5.66111977356 2.82953079866 2.23235873076 1.28529397665 0.977830976681 0.606192743493 0.419016609356 0.764089004478 1.50828034246 3.25995282305 1651.18866391 57.7195640638 52.1986537254 2.69624197644 8.06671476368 1.97438313799 1.70047962666 53.9430041188 78.7083639774 20.1765643958 15.687030984 1.30906120515 0.430471641479 0.360489814838 1.98201421456 199.864023194 204.712517045 2.49120284093 2.49485170707 1.03804758855 0.476894791866
-9999.0 -9999.0 -9999.0 -9999.0 -9999.0 -9999.0 -9999.0 -9999.0 -9999.0 -9999.0 -9999.0 -9999.0 4.38738514268 65.1265026808 165.08503346 177.883061702 240.705820577 249.42148201 54.5704666422 36.2252240058 10.6741937208 3.38669159656 13.6382756446 16.7721209776 25.3145115285 5.79010515853 5.00821072592 4.10804490194 7.835969486 3.31283523634 2.84053359203 1.37357849359 0.510412374246 0.382300318352 1654.04674703 1714.10770724 1718.50896548 2.9158504403 22.8953296383 9.19719131557 2.81797452852 87.1807930076 5.98485219102 3.10044989688 12.0331073487 1.76751450964 1.47583583884 2.91573102385 4.8177652015 7.08038648369 209.037341678 2.12218358603 1.94325837682 1.94316001035 1.04373451299
-9999.0 -9999.0 -9999.0 -9999.0 -9999.0 -9999.0 -9999.0 -9999.0 -9999.0 -9999.0 -9999.0 5.04935946784 50.2460758196 60.5095379489 8.92578965133 3.76917453038 7.18382556473 260.185255154 265.865491298 328.701710031 3.091639844 6.44558655133 2.85415825062 2.903153315 28.1570820535 36.7826215936 44.3649470543 2.60450749044 10.4390616833 16.304200987 9.20886860835 3.89244497541 2.03912557126 1.09981133701 1.27833442076 0.566209270164 1722.14768003 1725.42275747 1753.42927653 4.89447765904 2.56824527288 93.8994998946 6.50466962076 3.32722692366 3.566709442 3.52158496299 3.19832733844 4.66885892179 15.1578511296 24.6089264539 235.749452537 1.81366453456 5.42397531794 3.64275555648 2.63287563859
-9999.0 -9999.0 -9999.0 -9999.0 -9999.0 -9999.0 -9999.0 -9999.0 -9999.0 -9999.0 -9999.0 5.22357028359 35.9343341196 5.35501154207 4.34909198169 23.8658828083 27.5624420321 31.2503532155 34.6851243599 435.839051702 439.642659531 446.954762547 490.465588239 497.935017422 501.620612744 504.523124887 552.243530339 558.049116082 560.61831275 579.372462137 591.4161332 593.946682805 599.663248464 3.52225235569 2.16594767655 0.195131362229 0.26771882903 1727.84778063 1763.54279593 7.33126710144 116.84541898 113.784667766 12.219825295 2.91298597718 2.93581849582 2.82644475844 2.80768569643 5.62952302763 8.11962157532 2.46893307348 237.846283543 240.027866437 251.082927692 253.029739265 257.513891639
-9999.0 -9999.0 -9999.0 -9999.0 -9999.0 -9999.0 -9999.0 -9999.0 -9999.0 -9999.0 -9999.0 19.0475269868 25.000785782 10.9365759724 15.8675416007 4.8026020032 55.1020859435 59.017859248 66.7735273857 69.0378569045 24.279398274 475.84882019 478.267123801 1.57252643672 0.773317429269 0.571507965725 1.48026569699 0.709565065349 0.508226190961 0.528241778684 0.627151509825 595.216066765 601.220035063 608.098504668 613.304925197 614.809487557 0.375865638589 0.232203368384 1888.36059931 122.179721478 120.021253816 2.6741137863 2.53097552355 2.45574766754 5.42408485378 5.32842277188 2.41507645217 2.42215141318 2.39103201094 4.84228182636 6.74040116803 1.71137430982 3.15467758239 0.8874525565 0.110271627742
-9999.0 -9999.0 -9999.0 -9999.0 -9999.0 -9999.0 -9999.0 -9999.0 -9999.0 -9999.0 -9999.0 -9999.0 12.9874458341 5.79849523041 5.00994633209 47.2282323867 51.3887338505 4.110035287 15.9031289766 19.3485591257 21.6970974407 3.02501253925 1.90592814562 63.4403827663 64.8927283216 66.0413876031 189.891579685 190.42984373 191.297626575 200.585589127 203.260563249 203.644512857 0.620278846034 0.65992607861 0.668212359163 619.28256209 0.955716133799 1911.41727113 1907.34111222 17.2466559609 15.1305001021 10.2349795187 2.56230169208 4.86580988342 7.88968481153 7.81695484699 4.76190859199 2.33176735072 4.67285778736 4.77572829561 8.91453311549 1.16487064463 4.11520288287 6.68843619066 6.93581649766
