data/baseflow/mHMbf_acc388.asc
ncols                  80
nrows                 72
xllcorner      4374000.0
yllcorner      5656000.0
cellsize            500
NODATA_value       -9999
[rows 0 to 24 of 72, columns 0 to 54 of 80]
-9999.0 -9999.0 -9999.0 -9999.0 -9999.0 -9999.0 -9999.0 -9999.0 -9999.0 -9999.0 -9999.0 -9999.0 27.7642331293 22.3051760256 -9999.0 -9999.0 -9999.0 -9999.0 -9999.0 -9999.0 -9999.0 -9999.0 -9999.0 -9999.0 -9999.0 -9999.0 -9999.0 -9999.0 -9999.0 -9999.0 -9999.0 -9999.0 -9999.0 -9999.0 -9999.0 -9999.0 -9999.0 -9999.0 -9999.0 -9999.0 -9999.0 -9999.0 -9999.0 -9999.0 -9999.0 -9999.0 -9999.0 -9999.0 -9999.0 -9999.0 -9999.0 -9999.0 -9999.0 -9999.0 -9999.0
-9999.0 -9999.0 -9999.0 -9999.0 -9999.0 -9999.0 -9999.0 -9999.0 -9999.0 -9999.0 -9999.0 -9999.0 55.8086600756 120.823973194 19.027107313 -9999.0 15.5402975201 -9999.0 -9999.0 -9999.0 -9999.0 -9999.0 -9999.0 -9999.0 -9999.0 -9999.0 -9999.0 -9999.0 -9999.0 -9999.0 -9999.0 -9999.0 -9999.0 -9999.0 -9999.0 -9999.0 -9999.0 -9999.0 -9999.0 -9999.0 -9999.0 -9999.0 -9999.0 -9999.0 -9999.0 -9999.0 -9999.0 -9999.0 -9999.0 -9999.0 -9999.0 -9999.0 -9999.0 -9999.0 -9999.0
-9999.0 -9999.0 -9999.0 -9999.0 -9999.0 -9999.0 -9999.0 -9999.0 -9999.0 -9999.0 27.9624552994 26.8441793146 27.5367525214 26.2461345902 171.647715401 192.957739576 44.4022462749 14.3161562672 -9999.0 -9999.0 -9999.0 -9999.0 -9999.0 -9999.0 -9999.0 -9999.0 -9999.0 -9999.0 -9999.0 -9999.0 -9999.0 -9999.0 -9999.0 -9999.0 -9999.0 -9999.0 -9999.0 -9999.0 -9999.0 -9999.0 -9999.0 -9999.0 -9999.0 -9999.0 -9999.0 -9999.0 -9999.0 -9999.0 -9999.0 -9999.0 -9999.0 -9999.0 -9999.0 -9999.0 -9999.0
-9999.0 -9999.0 -9999.0 -9999.0 -9999.0 -9999.0 -9999.0 -9999.0 -9999.0 27.0492340797 54.8304103981 108.401221226 52.9874163956 25.733891594 51.0821291834 218.415113587 297.828133415 16.4685056245 -9999.0 27.3342220574 -9999.0 -9999.0 -9999.0 -9999.0 30.8787675062 15.5899179438 -9999.0 -9999.0 -9999.0 -9999.0 -9999.0 -9999.0 -9999.0 -9999.0 -9999.0 -9999.0 -9999.0 -9999.0 -9999.0 -9999.0 -9999.0 -9999.0 -9999.0 -9999.0 -9999.0 -9999.0 -9999.0 -9999.0 -9999.0 -9999.0 -9999.0 -9999.0 -9999.0 -9999.0 -9999.0
-9999.0 -9999.0 -9999.0 -9999.0 -9999.0 -9999.0 -9999.0 -9999.0 28.8740190721 83.4769100616 109.466963211 135.706125836 186.737857452 24.9610694848 100.279227852 125.313675117 466.985315805 23.7245485123 25.2126543024 52.221574006 76.7547290864 25.2988516378 -9999.0 82.4739658845 67.3906694595 19.1524913719 -9999.0 -9999.0 -9999.0 -9999.0 -9999.0 -9999.0 -9999.0 -9999.0 -9999.0 -9999.0 -9999.0 -9999.0 -9999.0 -9999.0 -9999.0 -9999.0 -9999.0 -9999.0 -9999.0 -9999.0 -9999.0 -9999.0 -9999.0 -9999.0 -9999.0 -9999.0 -9999.0 -9999.0 -9999.0
-9999.0 -9999.0 -9999.0 -9999.0 -9999.0 -9999.0 30.1332249747 27.91109316 26.5994674294 26.7940060759 27.0142338312 189.801574195 402.548324499 428.437515121 451.318391077 21.9676224106 513.519999193 538.080198239 49.667417755 24.2478299425 100.829419312 175.63837322 25.6751104913 158.7400287 27.1398950231 26.7470378964 29.3005383158 -9999.0 -9999.0 -9999.0 -9999.0 -9999.0 -9999.0 -9999.0 -9999.0 -9999.0 -9999.0 -9999.0 -9999.0 -9999.0 -9999.0 -9999.0 -9999.0 -9999.0 -9999.0 -9999.0 -9999.0 -9999.0 -9999.0 -9999.0 -9999.0 -9999.0 -9999.0 -9999.0 -9999.0
-9999.0 -9999.0 -9999.0 -9999.0 -9999.0 -9999.0 59.0056246936 86.6340787132 195.71876557 274.463694328 25.0451671201 25.6655642313 25.0430964973 73.7629358401 548.678853724 22.3260108375 562.441365044 654.82836281 73.0351198654 47.7313932723 199.276234504 24.9256313735 183.365843964 51.4938117541 26.2274133223 52.3408597718 56.1212544584 26.0615033149 26.506887987 26.3385082801 26.9846230895 54.4345381445 -9999.0 -9999.0 -9999.0 -9999.0 -9999.0 -9999.0 -9999.0 -9999.0 -9999.0 -9999.0 -9999.0 -9999.0 -9999.0 -9999.0 -9999.0 -9999.0 -9999.0 -9999.0 -9999.0 -9999.0 -9999.0 -9999.0 -9999.0
-9999.0 -9999.0 -9999.0 -9999.0 -9999.0 29.8734493292 58.7273864674 28.2767376992 55.4795897476 301.812013868 353.417768297 404.718038674 1253.58843309 24.2491523409 573.400585774 2010.14003152 2027.45661902 2711.0766132 18.6014890717 71.4043839426 223.127292187 23.7601474197 468.627034616 261.219442067 160.667443816 134.887639048 27.7959475611 78.0151588105 77.5115013166 51.9531656289 25.7141993742 81.0027926646 26.1757986852 26.1924653314 -9999.0 -9999.0 -9999.0 -9999.0 -9999.0 -9999.0 -9999.0 -9999.0 -9999.0 -9999.0 -9999.0 -9999.0 -9999.0 -9999.0 -9999.0 -9999.0 -9999.0 -9999.0 -9999.0 -9999.0 -9999.0
-9999.0 -9999.0 -9999.0 -9999.0 -9999.0 29.8233110245 87.0981638289 173.974842605 201.106760931 397.122990918 423.329240211 504.219345045 824.448290107 1320.98095599 1369.37644954 1391.69043967 43.6620912542 2788.37383298 2828.28245897 2945.28883355 3734.1530884 541.360543958 493.469781184 185.520139669 24.5240244262 155.263517882 103.767246883 24.971873424 101.611721632 23.1243350034 48.0656652181 131.17024737 156.365958099 51.4635251399 25.0593257118 25.4305981881 -9999.0 -9999.0 -9999.0 -9999.0 16.5305211789 13.8786830201 -9999.0 -9999.0 -9999.0 -9999.0 -9999.0 -9999.0 -9999.0 -9999.0 -9999.0 -9999.0 -9999.0 -9999.0 -9999.0
-9999.0 -9999.0 -9999.0 -9999.0 -9999.0 29.3558933123 28.2880689701 114.128523353 141.355034909 169.291229996 27.3300885532 54.3896827891 302.320623786 54.6780811898 26.4696881291 25.3373727323 23.6759921374 25.8148711823 25.4983993969 25.4496931647 3758.99543751 3831.25825325 23.8073805389 72.5483058353 48.8838107723 179.847689096 50.0944209755 24.8489274292 126.256220213 45.3451893248 108.543434278 277.607716843 257.525039574 76.425794387 75.6965436985 25.1913639947 25.3791699238 -9999.0 -9999.0 25.4211633511 37.1317503274 80.0324097552 14.5806896214 -9999.0 -9999.0 -9999.0 -9999.0 -9999.0 -9999.0 -9999.0 -9999.0 -9999.0 -9999.0 -9999.0 -9999.0
-9999.0 -9999.0 -9999.0 -9999.0 -9999.0 -9999.0 29.438408051 28.8298650533 57.3263185848 85.3324738698 194.2221532 249.163534813 276.557750623 28.9085040249 24.7005865626 315.094532239 390.10737384 414.617801253 515.236954486 539.824849273 24.7475947882 3855.70411861 3974.88703788 95.0534464857 18.7172925643 202.717450699 452.901773901 176.033504306 47.6232227618 23.6775052535 432.132571185 301.553855801 23.6624879262 24.1031101442 100.043887599 74.6040314226 24.6365375164 25.9279241471 24.6042904177 49.5907750291 24.2619583712 97.5133156936 121.869216878 25.2850108468 -9999.0 -9999.0 -9999.0 -9999.0 27.9641898554 27.2355747859 6.41607050111 -9999.0 -9999.0 -9999.0 -9999.0
-9999.0 -9999.0 -9999.0 -9999.0 -9999.0 -9999.0 -9999.0 29.5994009174 26.4080607521 54.1812059866 82.0168316884 27.8317369658 26.4334098208 160.686674146 213.187408993 265.933448125 25.3073602747 50.7834836919 25.3559905534 564.196362861 1243.84758006 1260.59436988 5280.87058962 24.4216342294 56.7666375265 18.3075133725 477.45729257 23.564780155 71.7179986961 23.5374978814 455.673630815 478.929031051 47.2713311535 47.2527956862 247.927811121 123.716378487 51.1550504763 25.3151658292 49.4358181274 73.9780789034 121.685621498 24.1029824863 173.924629551 200.566800277 25.1530414779 26.2864455613 27.715968883 26.9173095092 26.1786628952 80.9174357828 28.0219142658 18.1290683047 -9999.0 -9999.0 -9999.0
-9999.0 -9999.0 -9999.0 -9999.0 -9999.0 -9999.0 -9999.0 -9999.0 55.5281992127 81.4703111202 27.5529404052 55.3299987287 81.8393983347 135.73198844 27.7575466174 26.9731633495 24.9505341534 25.4343846109 24.7894782273 630.299833051 25.2529102329 50.0626675193 5351.1646971 5416.1093333 39.0845416616 132.718965442 635.803926274 47.1670598651 94.594740044 46.1288656879 69.2825668852 572.250649164 70.3205107689 365.017442376 294.57031398 23.4174751526 123.591998131 49.0853430317 73.0661347615 24.0920493813 147.19141516 197.254177403 221.971087533 246.101546485 298.710165949 49.4000694523 51.2719970737 49.9011107097 48.4978619584 104.063504063 22.5009964641 68.4808253186 89.0876324951 -9999.0 -9999.0
-9999.0 -9999.0 -9999.0 -9999.0 -9999.0 -9999.0 -9999.0 -9999.0 28.4515727152 137.65407413 164.808980019 27.310887372 54.0243777175 26.7605115574 26.04325242 25.5002632483 313.33524184 420.980810526 519.475171318 612.891297584 24.0110058224 25.0313562115 31.726349454 5539.44798445 5609.41125768 5646.99148595 865.336622465 192.122097198 166.023142264 23.6682700796 92.1423199284 687.376815793 22.8772741006 388.150823797 23.2315412013 157.622579372 147.594601894 23.5671672996 96.3653928771 47.3812033183 70.4893894234 25.3808620408 24.2972418986 270.094106873 293.378817898 321.909852125 74.7546178976 72.9767046657 71.3573212891 126.747576791 171.458544392 22.1465193893 109.856563707 21.2394121073 41.9222295269
-9999.0 -9999.0 -9999.0 -9999.0 -9999.0 -9999.0 -9999.0 -9999.0 -9999.0 28.1479816776 192.334508715 219.642323754 81.133561401 134.666753678 186.58345509 212.429120985 26.0178420953 82.6007377434 53.5379023956 25.9659381799 26.6439670817 25.1682237601 51.3546059008 94.1638609379 40.4893766343 6587.39929435 6626.70129219 37.5222316571 26.0825011646 46.9924753084 70.4104516388 756.309060716 45.7950796125 410.791331368 245.540656704 200.517014866 23.4594653988 46.834974345 119.282492246 22.7115236447 92.9919052783 48.1215663875 44.8961795319 20.3812183475 356.962147509 700.65900236 95.5354392163 93.901294344 92.5377777719 20.7844741136 192.101638664 20.4960911789 151.762849691 20.550944253 62.6897023853
-9999.0 -9999.0 -9999.0 -9999.0 -9999.0 -9999.0 -9999.0 -9999.0 -9999.0 -9999.0 26.6347785609 273.477756026 27.1493661144 54.0839210684 79.5657605003 132.070819869 27.3767401788 56.8849284612 27.7682453083 27.4528812451 26.154131318 52.2306228135 24.8677958919 29.3824521217 69.2547657257 40.8952279642 6663.43666398 6737.69150656 6840.80147535 98.0435594501 23.1198767984 46.012632956 779.294446238 770.831430242 292.273610328 23.2431171793 93.1631219619 70.0206718784 142.266913162 45.6470706651 186.007240027 70.4590044164 66.4181317347 15.7213555725 20.5717001221 724.73929819 747.99355615 959.060484625 156.336883992 42.4560548667 214.02435085 255.497654072 427.183530766 40.4454032595 19.7407657169
-9999.0 -9999.0 -9999.0 -9999.0 -9999.0 -9999.0 -9999.0 -9999.0 -9999.0 -9999.0 -9999.0 13.4468945538 303.636083117 26.5386887592 52.0460637907 238.317186293 28.9090098336 29.0898677082 26.548417922 53.9743602267 25.6008198469 103.599473344 154.229662781 179.263700197 95.6303378623 130.043350774 39.5118288963 41.2048210727 37.1864694108 6996.37018774 7070.68056478 801.462288536 814.06782721 792.689585865 45.1501852336 22.408213745 115.67246059 303.037993781 164.929723401 68.3810916907 276.51574573 136.146641142 114.530359708 30.803169244 14.7759427045 15.3168508256 16.9509271794 1031.84051751 1253.64792876 20.6452524191 20.1512345767 20.5447611827 447.555295684 507.477142897 38.0222077119
-9999.0 -9999.0 -9999.0 -9999.0 -9999.0 -9999.0 -9999.0 -9999.0 -9999.0 -9999.0 -9999.0 12.8025814562 335.35441583 415.548855486 25.5521109823 290.200495554 27.1901632086 26.2213519308 51.3179450539 130.232037616 25.1129820305 25.7517079348 24.6770850896 229.785044792 254.1953788 409.607258153 475.400230198 506.480765669 543.030681523 578.396557024 7683.64488793 8547.58743692 9423.3295233 9450.09257146 26.8040490191 22.9602226016 347.992652614 325.751835279 22.2464711943 21.8099870633 296.849692232 454.758499962 20.069285899 221.62891496 203.805311471 63.301163468 33.0171793245 51.4341603356 23.3654637742 1298.05903093 22.3207149051 62.0059194417 82.0885364854 646.05131941 696.859398146
-9999.0 -9999.0 -9999.0 -9999.0 -9999.0 -9999.0 -9999.0 -9999.0 -9999.0 -9999.0 -9999.0 28.3612088388 54.5478506937 441.470664481 492.454024641 25.979644444 339.084833998 24.7682088238 74.7444420804 154.630739432 49.604187841 24.4690901573 50.5588219079 24.7483513651 47.7773135589 23.0529942133 21.9829557016 19.3253634239 17.8665360617 18.9233478155 21.6729738527 28.9674442609 35.0334865485 38.2515642857 9546.27282218 467.782706253 412.55449911 30.6429511846 66.2678991389 16.4912692092 13.0181821612 476.009698561 760.64564793 243.56377357 173.950672338 32.3135645638 15.7223591283 15.2254370864 36.3842890435 1356.74503113 1400.28339401 22.1822413247 22.3918665145 19.7330578706 13.3691848425
-9999.0 -9999.0 -9999.0 -9999.0 -9999.0 -9999.0 -9999.0 -9999.0 -9999.0 -9999.0 -9999.0 -9999.0 26.45751067 337.779847374 856.023821787 932.678425348 1296.53178487 1318.07528148 349.124712447 253.76987295 74.5503371646 24.3332859224 99.1417303919 123.413316164 194.310907441 46.6174083699 45.0701043398 42.5612063042 83.338348843 41.6720964873 43.7781187518 19.6069137732 15.5371761673 21.2470151068 9576.78661568 10059.9803526 10091.2110384 32.6716750203 202.079479157 73.6449807658 22.2903557002 826.090099976 44.7502111616 22.7952206185 90.1213704003 20.6977180763 21.6959612907 42.994924909 63.6581104934 85.3210450704 1440.83475298 19.8703322105 18.6770212383 18.866228592 16.0946691018
-9999.0 -9999.0 -9999.0 -9999.0 -9999.0 -9999.0 -9999.0 -9999.0 -9999.0 -9999.0 -9999.0 27.9989122756 257.796575659 312.091357538 51.6298409068 14.7666489884 36.212580677 1379.73012632 1402.63576131 1772.30288009 23.6590495653 47.8507266447 22.9281883427 23.3158192539 217.40301006 287.099258694 354.695296092 22.4231675769 105.829375601 169.610945552 106.861326657 41.4152843495 35.1469949677 36.7094258739 41.8115176622 27.0281557138 10120.1464979 10148.0931989 10405.839596 41.8581105334 21.0042172098 841.631729223 45.5682095111 23.175226925 23.3642775546 23.0750798695 22.5685191937 44.6254528209 131.836484671 239.439169165 1700.13339612 17.3182922235 51.9563659078 35.1058449978 31.4830671008
-9999.0 -9999.0 -9999.0 -9999.0 -9999.0 -9999.0 -9999.0 -9999.0 -9999.0 -9999.0 -9999.0 28.633485031 175.655716346 27.5602385946 25.7708634673 126.686228461 151.021578165 176.28774095 201.258215452 2405.64320245 2425.57974541 2469.72647712 2794.70630089 2865.40253153 2909.10154561 2932.77109655 3341.46286401 3398.37656034 3419.83906512 3611.84401779 3741.46440685 3763.3528894 3838.45496956 57.8524405108 58.7540591964 17.964220392 23.2949740095 10175.757025 10501.2069388 66.6680875395 963.971280796 944.625941307 88.7110373168 21.9611213016 22.1639811853 21.8785507614 21.4185177183 43.0907161571 64.9024179651 22.674561092 1719.68334921 1739.69662 1845.32259863 1863.519425 1912.53287312
-9999.0 -9999.0 -9999.0 -9999.0 -9999.0 -9999.0 -9999.0 -9999.0 -9999.0 -9999.0 -9999.0 89.5142181694 118.30244248 55.2674689583 81.7653278595 26.1994532687 306.880873353 332.888839757 384.650729088 407.166424411 176.265334945 2680.07016663 2700.4711842 23.8895275315 20.4014913197 18.1353397614 39.073456924 18.6766068004 15.5804757172 14.7920835381 16.3986912944 3782.17517552 3858.2045936 3935.60745658 4012.83990032 4095.64592316 41.7376062503 18.7545416902 11536.6917747 1007.81795379 983.58010681 21.5768279777 21.1305413684 20.3006735406 42.5732552104 42.576287523 19.9758492449 19.9918724867 19.7360675894 42.3853733702 61.739717464 16.3927474846 30.7403939801 13.3500702691 9.27813370447
-9999.0 -9999.0 -9999.0 -9999.0 -9999.0 -9999.0 -9999.0 -9999.0 -9999.0 -9999.0 -9999.0 -9999.0 60.5303088793 28.213592059 26.9918193348 255.291459358 281.987797282 26.5461760687 107.830145109 132.585105503 156.119319222 25.0258022135 24.9860609426 445.938203636 469.273098767 491.646112898 1266.03685757 1284.67582384 1315.9330014 1458.27043408 1551.06971872 1565.80660232 13.2438179098 13.559314779 14.2401658203 4136.70364711 20.5520713624 11762.575102 11727.6887204 166.281108687 140.908054737 83.8134697209 20.7104784086 41.0144062789 63.3850918635 63.1493289407 39.4145928596 19.339618312 38.9975074611 39.4182645199 80.6932100396 12.226948429 44.5326865415 76.0897043078 95.1759299395
-9999.0 -9999.0 -9999.0 -9999.0 -9999.0 -9999.0 -9999.0 -9999.0 -9999.0 -9999.0 -9999.0 -9999.0 30.9768183486 87.7246169159 115.194507308 202.193927287 28.657225039 55.9432198821 82.4376641127 302.039552605 324.977451391 343.104955743 368.195242422 396.264371811 628.070903441 708.267688531 754.001153309 18.9530801099 109.950037546 127.034291064 1505.46091786 1582.09517322 1610.81589608 1639.23493092 1671.21590366 5829.30932388 16.3879620357 11839.9716825 40.9906060048 17.6416563098 120.311753435 102.683538152 17.1591547155 60.2243586752 82.9870136613 82.6217638844 58.0348630429 95.6617987014 152.41252031 58.012917645 156.891070346 15.0130592659 23.5464457032 8.48837186833 7.08079350022
