data/baseflow/mHMbf_acc568.asc
ncols                  80
nrows                 72
xllcorner      4374000.0
yllcorner      5656000.0
cellsize            500
NODATA_value       -9999
[rows 25 to 49 of 72, columns 0 to 54 of 80]
-9999.0 -9999.0 -9999.0 -9999.0 -9999.0 -9999.0 -9999.0 -9999.0 -9999.0 -9999.0 -9999.0 -9999.0 34.0346010522 67.6655699008 31.9655333337 64.5013721333 30.455990877 223.244381668 283.571776836 313.83563363 28.7619687141 55.425827189 516.651966832 645.915242038 669.460906412 54.5737805211 53.8718551257 77.8715187735 16.1245890795 15.4153872949 29.6304563877 14.4225995162 779.511392912 795.437512569 815.144028684 6480.17306149 13481.5393579 13372.23327 26.015233376 10.8880899333 10.0461044785 41.4808837632 31.0757906516 78.7568900787 108.332554938 217.354868362 19.6703168788 19.6317954305 180.142540166 198.136877794 384.023015364 396.520048622 424.424061085 436.106206058 10.9847628021
-9999.0 -9999.0 -9999.0 -9999.0 -9999.0 -9999.0 -9999.0 -9999.0 -9999.0 -9999.0 -9999.0 -9999.0 -9999.0 33.249387628 66.0009675642 98.5573817079 160.690642414 32.2687477985 30.6447336833 201.433538391 230.3928024 465.996533677 493.953043248 80.0068197233 28.7659058563 27.9611141391 25.9517869398 684.014376521 703.379688342 720.550870766 735.29822372 764.52884063 156.426093886 172.445840956 1005.6726144 20973.9384515 91.9813943582 77.8226758084 38.3619523374 9.8781752222 8.886197174 61.6497090056 69.517393087 97.8242738259 9.70518898164 229.379283272 34.1305383584 33.6104829057 9.02459538201 6.5266861129 5.6217298815 5.46958509737 5.43520891272 441.499070387 5457.44628348
-9999.0 -9999.0 -9999.0 -9999.0 -9999.0 -9999.0 -9999.0 -9999.0 -9999.0 -9999.0 -9999.0 -9999.0 -9999.0 -9999.0 32.4972996806 60.0887612636 84.6979127587 109.874819977 140.312990803 171.237166895 91.3426935881 151.152675892 28.2045000114 27.9824649367 551.332981669 606.013056355 632.231607465 660.509662529 22.7206484329 42.3172174981 106.58026777 124.517418645 141.024147975 17.4095052603 13.434759738 21011.6885161 14.1573053783 23.5334580337 12.8268340113 38.9007078637 18.1917668798 11.2119952198 177.183443532 184.853082193 6.7662638458 236.600800489 279.374075078 42.9333351489 5707.59210946 5691.09613746 5677.58311742 5652.18743318 5641.81670773 5486.00003597 5478.91651381
-9999.0 -9999.0 -9999.0 -9999.0 -9999.0 -9999.0 -9999.0 -9999.0 -9999.0 -9999.0 -9999.0 -9999.0 -9999.0 -9999.0 5.72994176784 13.3514108696 24.4455710112 208.764534342 240.255929186 31.4429514678 30.6196568538 30.0034498773 438.335813106 496.463641727 28.2327865013 28.3423214015 25.7137474631 103.395058872 128.535501283 68.5327725983 86.1897466445 576.023377154 596.370878996 631.356469972 1011.85987614 22031.31472 14.4095188274 11.1899603156 58.5022126964 48.2466871685 7.53692963716 26.9270888703 34.8704878532 193.705921736 201.136427314 497.904148467 283.259710127 47.6440421117 5855.92141726 67.8146248275 5665.76813973 5659.29029685 146.550145268 4.96445840397 16.1393809244
-9999.0 -9999.0 -9999.0 -9999.0 -9999.0 -9999.0 -9999.0 -9999.0 -9999.0 -9999.0 -9999.0 -9999.0 -9999.0 -9999.0 29.5759170093 48.3649075294 103.260820984 179.117869682 262.045689608 320.310203061 350.471995665 380.766414086 410.199666414 29.0353343708 27.4334750186 54.0606874422 51.8557290717 26.2362434903 496.08995198 520.8603933 544.191252354 566.249409071 327.887572234 347.862505341 367.15906445 22037.8467609 23.3478886678 31.1296790311 95.4700097496 8.75875726247 14.9396853248 7.4696851448 7.41850439621 41.8541437043 6.14632889642 6.5898922061 6390.05468282 5887.03611185 5880.43808902 26.9114449962 61.0780033965 39.9906491718 9.77262581105 136.028240931 39.0500634567
-9999.0 -9999.0 -9999.0 -9999.0 -9999.0 -9999.0 -9999.0 -9999.0 -9999.0 -9999.0 -9999.0 -9999.0 -9999.0 -9999.0 20.6198730554 18.9623676773 36.9466884022 56.7985810461 29.5188963962 31.359715646 62.3674842663 93.1353501849 151.85000215 181.057096335 208.574653609 290.675755388 316.617616001 343.388395347 24.7663779372 249.294720249 271.56977227 291.855988524 16.9448080021 8.8136011323 15.9933679863 22405.0069865 22411.2953022 22448.603846 119.106388642 17.4075137485 28.6133533282 9.86772724619 13.2128241319 47.7863110217 59.2577824058 12.0100384927 6419.64737014 9.34135385276 15.1929144149 16.9002929096 12.1696564548 22.5227896119 9.21110505727 87.1567555706 68.2953574525
-9999.0 -9999.0 -9999.0 -9999.0 -9999.0 -9999.0 -9999.0 -9999.0 -9999.0 -9999.0 -9999.0 -9999.0 -9999.0 -9999.0 -9999.0 17.8472057254 35.489032715 18.2037437442 37.9401811402 238.051372496 266.243574788 296.908293961 29.5356112543 29.3236954808 56.93338971 84.6181175744 136.248586776 162.139795326 176.201529328 200.04439684 21.5675018263 20.0358896929 321.257312747 329.5862825 337.129581737 344.421357 279.461523156 22758.0042166 22925.0478505 22931.7634833 22966.3795572 23002.0793345 23022.340701 6.34105261719 64.7169032423 6425.78074176 16.3218115176 8.37557583554 7.6502235009 6.60313685797 11.6155621544 11.7579491544 6.66653463581 9.62951400265 9.27312965261
-9999.0 -9999.0 -9999.0 -9999.0 -9999.0 -9999.0 -9999.0 -9999.0 -9999.0 -9999.0 -9999.0 -9999.0 -9999.0 -9999.0 -9999.0 -9999.0 52.7760492879 72.5160112886 130.558691118 177.620098204 26.2505587183 354.174934232 383.324679315 412.221266615 28.3247424011 56.0463747898 25.8820825823 188.158702342 201.36274159 222.521537876 245.208261843 300.60520246 307.702353424 4.76574027711 251.767482592 265.979230476 272.590661005 302.803332693 41.3723711677 27.2901902104 17.8744134488 16.717392912 23046.4069743 23056.9275052 23164.3926995 6432.08371255 41.7273133243 19.6739415097 12.9846970379 4.3371888515 36.413459001 19.4320818825 6.15493616922 33.2532946054 27.9926514978
-9999.0 -9999.0 -9999.0 -9999.0 -9999.0 -9999.0 -9999.0 -9999.0 -9999.0 -9999.0 -9999.0 -9999.0 -9999.0 -9999.0 -9999.0 -9999.0 19.7074967376 91.706145324 112.205654369 27.9308956237 30.7475716733 61.1445429756 89.9282279217 531.013483254 28.1418389542 112.781878307 139.060774542 164.808053746 14.0570795385 33.910258884 45.7010676826 203.783966506 227.186701736 232.976645802 6.99376124408 7.23069263672 9.0584305445 16.5750100977 7.48083884912 8.09602638767 14.562676551 11.8880689224 11.9692574086 35.784154089 23175.1475379 29634.2370387 55.9060789891 8.92997095726 4.98778846137 114.180090661 104.703169458 61.9801572333 55.6448944089 41.7519973537 9.47932655877
-9999.0 -9999.0 -9999.0 -9999.0 -9999.0 -9999.0 -9999.0 -9999.0 -9999.0 -9999.0 -9999.0 -9999.0 -9999.0 -9999.0 -9999.0 15.9646726835 53.9612336021 18.1304462753 31.8730866647 32.8700453124 63.9618946113 94.4819435938 121.58393331 672.875068467 700.44128859 28.104713814 54.577422982 81.1665788869 99.294742169 120.301563584 181.867727919 196.629965747 15.4967134833 12.6618510622 10.0222406551 11.917278401 16.0802050189 15.0919888151 14.1102392354 15.601448079 52.7077673949 22.4012708198 9.043288742 8.65548492915 9.48364972511 18.043779612 29984.4079628 287.266661135 134.567745533 8.70050320697 3.64763423688 3.66048790475 14.1734039775 10.2775810603 5.42463503288
-9999.0 -9999.0 -9999.0 -9999.0 -9999.0 -9999.0 -9999.0 -9999.0 -9999.0 -9999.0 -9999.0 -9999.0 -9999.0 -9999.0 16.5305824449 32.421984767 120.639312274 17.9392312243 59.3475035175 92.0287568815 123.449255565 31.3905200154 60.3308447665 84.9531641388 804.843726634 27.2586771808 52.921609838 78.7347786921 23.7324885734 47.1244147758 62.3871742228 77.5135812548 1643.5368845 1671.33932412 1697.56867672 1813.79566584 1852.54463644 1941.44650993 33.6452154452 68.2119365853 68.1240967502 2233.91992352 2252.15265054 8.13608301637 15.5528548164 22.6508094735 29990.0807981 272.000270369 123.661142012 119.290182336 93.0191651697 81.5873310263 18.8667988808 4.30419667513 9.00308335768
-9999.0 -9999.0 -9999.0 -9999.0 -9999.0 -9999.0 -9999.0 -9999.0 -9999.0 -9999.0 -9999.0 -9999.0 -9999.0 -9999.0 16.7895574351 51.0622129286 188.584392385 278.386542624 16.2735662442 371.018602857 514.198252348 30.3639928886 59.1413271814 85.334595193 1047.95944747 1069.83958431 24.7779128806 128.444268248 151.320575703 171.194983319 1475.5194906 1523.60778302 1551.26230982 13.3579068981 79.5014541287 94.8443088493 42.4655374447 61.7373312996 2028.0841638 2124.24171159 2140.38280897 2155.79135603 2271.78514324 9.60948557415 8.50868462059 38.0196435477 29997.2426162 9.15757013561 7.75961148739 22.6780451952 8.2289746266 74.697100206 58.5399777095 34.0368167652 24.9995140479
-9999.0 -9999.0 -9999.0 -9999.0 -9999.0 -9999.0 -9999.0 -9999.0 -9999.0 -9999.0 -9999.0 -9999.0 -9999.0 -9999.0 -9999.0 -9999.0 36.3168451537 73.4545814691 332.016938471 351.536322058 531.349914481 551.222458089 29.731820456 59.3457819849 141.256659541 1088.45973014 1138.05939219 1160.00170801 18.1879727805 1238.2687088 1287.75567372 31.236100249 13.348344065 26.5552220167 51.5939757059 12.2795282229 25.1407696031 57.5603966372 72.626940657 13.5372580033 9.74329513355 19.658049224 2343.42648168 2368.30684478 2375.76324961 2432.13125513 30003.8317685 6.0392985214 5.9809185233 6.55424241802 6.32793021384 6.46871580851 5.61827643795 10.5619376365 2.90819877014
-9999.0 -9999.0 -9999.0 -9999.0 -9999.0 -9999.0 -9999.0 -9999.0 -9999.0 -9999.0 -9999.0 -9999.0 -9999.0 -9999.0 -9999.0 -9999.0 19.1391040165 18.7731171222 18.9166775353 40.2872093343 17.9067465771 586.548520242 604.804075775 27.6042352533 55.6722120919 29.0618373537 24.8704311783 24.4298126552 1203.86648092 16.496847 32.9777059972 16.7555681557 14.3580471951 12.7999332002 10.496703874 10.8237269404 32.8308890622 44.6503732251 9.17059370947 8.25323193558 17.5592955566 28.578545786 36.5971599417 10.7489324919 2386.07545982 2439.90109096 30008.392314 26.1721687774 16.2736668377 4.28797904992 9.73432503399 3.48908259902 2.58892599845 13.4164219236 15.5229186914
-9999.0 -9999.0 -9999.0 -9999.0 -9999.0 -9999.0 -9999.0 -9999.0 -9999.0 -9999.0 -9999.0 -9999.0 -9999.0 -9999.0 -9999.0 -9999.0 -9999.0 -9999.0 18.5894391335 57.6056658909 73.4391544832 90.6434602395 621.385381889 637.731412511 655.112317361 678.026162429 702.077057553 751.174710189 767.547881013 783.239574127 797.765200575 13.3216587751 12.622638949 12.8971335449 45.4249419799 11.7249681316 11.2577486689 9.38317703774 27.3755460523 10.3614808697 8.42498695036 7.91008908939 6.74347086547 13.4621933818 19.5097232785 2480.74583578 32520.6847576 3.7092094397 8.81984178919 3.65327497664 13.6131409737 7.81222895111 5.20843836701 41.4621885238 25.6686588502
-9999.0 -9999.0 -9999.0 -9999.0 -9999.0 -9999.0 -9999.0 -9999.0 -9999.0 -9999.0 -9999.0 -9999.0 -9999.0 -9999.0 -9999.0 -9999.0 -9999.0 -9999.0 -9999.0 15.7894572664 123.7163864 248.555261226 267.26634426 26.0281773554 53.7543634234 82.02831552 107.937976716 268.794582323 283.255388774 13.9699470684 13.6213749344 827.556219349 854.163990926 865.817926927 54.7702508264 8.66214739208 20.7711867434 30.4773541954 90.3892961155 110.159393164 126.434616121 15.1307404763 21.3246140628 7.21879298546 14.4278063803 7.25461293834 32534.4688443 3.75451963064 15.7271837819 8.56794516262 26.3167779107 53.8925273245 60.9526366393 104.223745142 32.3983260747
-9999.0 -9999.0 -9999.0 -9999.0 -9999.0 -9999.0 -9999.0 -9999.0 -9999.0 -9999.0 -9999.0 -9999.0 -9999.0 -9999.0 -9999.0 -9999.0 -9999.0 -9999.0 17.3864230547 55.1157707369 108.180517187 141.586144244 370.111659234 392.191190462 57.7027348753 86.0276359325 111.697049783 137.535355159 299.000906524 327.860500071 583.987086326 603.619978828 617.943843722 877.532417457 962.957762545 20.3880273887 12.8012354778 12.3668507715 23.8295775034 10.8791082994 147.083944141 154.920362648 28.7715450432 37.5051292746 10.5338213992 6604.37413145 6620.83200929 39164.4158405 39185.5769406 3.53387393334 33.547892839 9.04495236119 7.42891463837 120.60294182 157.479575067
-9999.0 -9999.0 -9999.0 -9999.0 -9999.0 -9999.0 -9999.0 -9999.0 -9999.0 -9999.0 -9999.0 -9999.0 -9999.0 -9999.0 -9999.0 -9999.0 -9999.0 -9999.0 -9999.0 19.6175283906 19.1536963242 36.4760980093 86.9203606664 408.57925562 29.2908183427 28.9990329303 54.9496008963 80.7601738999 199.136668259 217.962243127 12.8729688856 12.7817244087 633.123888428 646.108608173 1622.22096362 1634.2816495 8.07213202844 7.28161824358 6.2649994549 6.3192667582 6.61878532681 6457.08014114 6503.91200241 6548.49825379 6566.37279717 6595.73039076 8.22148476413 31.1000180425 39.2229290268 39238.0194881 39241.1444668 39244.0452793 39251.46368 39257.6943634 168.59997877
-9999.0 -9999.0 -9999.0 -9999.0 -9999.0 -9999.0 -9999.0 -9999.0 -9999.0 -9999.0 -9999.0 -9999.0 -9999.0 -9999.0 -9999.0 -9999.0 -9999.0 -9999.0 -9999.0 -9999.0 17.77610991 18.4982456113 34.5153292384 476.239303447 495.333698203 28.7521136321 54.5778145164 80.6615776263 100.64335716 18.1079706038 34.9517594516 1230.67099812 1244.44656216 1257.25390579 1349.75294399 2994.75182688 6156.57346272 6174.71181511 6191.43754256 6207.53923039 6273.53677691 6294.26676901 39.8473043466 18.3984426932 10.377678763 19.7547755478 15.6368566446 24.3365266383 7.52624638072 178.807724211 196.832586611 209.42952515 213.451009844 39261.8313715 39438.7337453
-9999.0 -9999.0 -9999.0 -9999.0 -9999.0 -9999.0 -9999.0 -9999.0 -9999.0 -9999.0 -9999.0 -9999.0 -9999.0 -9999.0 -9999.0 -9999.0 -9999.0 -9999.0 -9999.0 -9999.0 -9999.0 18.1555482842 34.8785522163 51.6618457497 509.536952893 22.6269858042 712.81626523 739.852307185 758.782467924 776.612276411 1161.6265068 1179.32453367 14.0560375336 69.0553207081 83.1524765361 13.8167974183 3143.50716393 3118.38507502 8.69183602472 19.1975925941 51.3924168755 11.1732422808 11.7978632368 9.51255239402 8.37117779467 6.81483431959 7.66758475642 153.451331088 161.183364785 170.487728782 11.2268237707 7.71516982664 217.458144889 222.504427039 225.516039501
-9999.0 -9999.0 -9999.0 -9999.0 -9999.0 -9999.0 -9999.0 -9999.0 -9999.0 -9999.0 -9999.0 -9999.0 -9999.0 -9999.0 -9999.0 -9999.0 -9999.0 -9999.0 -9999.0 -9999.0 -9999.0 16.7089913293 15.7353043058 81.4770885193 624.956302161 664.50574916 686.948089019 27.8195034819 343.161117586 360.544251618 368.428622316 16.3156559196 32.0511300437 45.9581706749 740.2025986 751.201608072 760.975549884 3100.01901586 1838.7516362 10.3211169706 10.8745940031 10.5705460524 8.93959646471 92.6128253985 111.04766365 127.566530996 136.549836199 145.267319413 942.067644371 949.537823836 957.707156931 975.661817488 1063.29765789 1067.31726564 1296.95821943
-9999.0 -9999.0 -9999.0 -9999.0 -9999.0 -9999.0 -9999.0 -9999.0 -9999.0 -9999.0 -9999.0 -9999.0 -9999.0 -9999.0 -9999.0 -9999.0 -9999.0 -9999.0 -9999.0 -9999.0 -9999.0 -9999.0 32.7906479353 50.0400614941 19.1246233192 29.4663204949 242.143434547 271.125978184 293.837416005 152.29669716 169.896953279 188.228089895 203.327967669 715.874148561 729.962582329 467.008712321 1240.02602644 1251.48711209 1829.75654495 22.6432587549 11.499206735 8.92449461554 64.0267548694 74.9261265014 7.47097647624 7.04370823197 911.177009546 927.742158198 935.825359034 8.57706857785 12.6816428458 1047.63588996 8.18899591874 33.7277148247 37.0879352869
-9999.0 -9999.0 -9999.0 -9999.0 -9999.0 -9999.0 -9999.0 -9999.0 -9999.0 -9999.0 -9999.0 -9999.0 -9999.0 -9999.0 -9999.0 -9999.0 -9999.0 -9999.0 -9999.0 -9999.0 -9999.0 -9999.0 16.4603817788 32.6275969756 139.840560688 159.57139511 185.05965887 110.449010243 134.721321961 17.9557653879 465.198608714 482.054476046 498.494836539 14.8449665985 440.315742947 454.724869215 11.7339852432 1771.54174027 24.488519083 12.1644528424 34.2565033106 45.7850734937 9.47778336208 8.09497202558 827.183466073 895.95039045 905.476418014 9.73474243583 23.0078625047 28.9431505887 35.7684648778 66.1074026401 12.4012313574 27.7989801148 5.13529995734
-9999.0 -9999.0 -9999.0 -9999.0 -9999.0 -9999.0 -9999.0 -9999.0 -9999.0 -9999.0 -9999.0 -9999.0 -9999.0 -9999.0 -9999.0 -9999.0 -9999.0 -9999.0 -9999.0 -9999.0 -9999.0 -9999.0 16.3765203251 51.8295542271 90.805296677 23.4565062683 52.9356363622 82.9771963458 391.586155106 412.816858588 430.568009226 16.9518321696 347.45416435 397.376600741 413.022905262 13.1428038702 1721.17819532 1748.5269321 13.1506388621 12.3681968067 24.6285217519 10.6749175325 773.801583544 793.192040619 804.293753948 43.0342284051 53.3200677184 9.26497544898 16.6651822108 7.45530966057 51.5623015153 7.36607358917 7.23758379076 7.82202711945 7.58168730616
-9999.0 -9999.0 -9999.0 -9999.0 -9999.0 -9999.0 -9999.0 -9999.0 -9999.0 -9999.0 -9999.0 -9999.0 -9999.0 -9999.0 -9999.0 -9999.0 -9999.0 -9999.0 -9999.0 -9999.0 -9999.0 -9999.0 -9999.0 18.4173318566 20.4176133463 27.2786661547 250.188111401 279.486907379 365.211340296 23.3676678377 276.571583005 314.60759514 17.3217190403 34.7050460369 14.314614813 1680.4469188 15.1312363244 42.0001960691 53.0675097573 65.3864945784 703.109325583 742.710695305 754.579760268 11.8597211701 22.525975811 32.4363740645 6.77013210173 6.22604248487 1840.59379449 1846.69554284 1851.59768776 1900.12552775 1906.07508734 1914.64994791 1920.72664507
