data/baseflow/mHMbf_acc442.asc
ncols                  80
nrows                 72
xllcorner      4374000.0
yllcorner      5656000.0
cellsize            500
NODATA_value       -9999
[rows 24 to 47 of 72, columns 0 to 54 of 80]
-9999.0 -9999.0 -9999.0 -9999.0 -9999.0 -9999.0 -9999.0 -9999.0 -9999.0 -9999.0 -9999.0 -9999.0 11.1693838478 28.1480221332 35.872511712 59.2964884274 5.29888486792 10.995714839 16.012749148 69.8506958688 73.6942584979 77.229215832 79.991128998 83.2982487494 121.111344671 129.125386507 133.155940062 1.62278909704 8.70246784183 10.3126459995 242.250447052 247.728090913 250.964582245 254.52399618 256.168972236 1122.89798421 0.723513645519 2333.59335807 0.646720798199 0.358366514191 11.3346538569 10.21074178 1.20396437307 5.15831943569 7.89118491805 7.59635722641 4.90691850251 8.05486854633 12.8163063361 5.18041160389 12.6377473216 0.913415505716 1.36340981445 0.114965551261 0.0784172277352
-9999.0 -9999.0 -9999.0 -9999.0 -9999.0 -9999.0 -9999.0 -9999.0 -9999.0 -9999.0 -9999.0 -9999.0 9.44678238859 18.6522083971 8.2347210229 16.6108684999 5.88540669602 50.043887331 59.7033131675 65.279064643 4.38337938386 8.59824740329 97.1687898078 116.13357235 118.908767229 5.63899290618 4.49757749998 6.35896069968 1.20898261152 0.991061356008 1.76300867064 0.647755636366 186.406587179 187.243880438 187.421559341 1124.52974172 2338.19394624 2333.61908191 0.50830011948 0.351331639401 0.312904670081 2.06529815329 1.81190774169 6.16319229816 9.12033569956 18.3974245045 1.68896300265 1.66977937219 14.0340581224 15.305812468 30.2210307725 30.6485256478 32.1248193349 32.326824548 0.150713486051
-9999.0 -9999.0 -9999.0 -9999.0 -9999.0 -9999.0 -9999.0 -9999.0 -9999.0 -9999.0 -9999.0 -9999.0 -9999.0 8.15401788968 16.5180441083 25.2036492821 37.9567727593 6.35143218357 5.0200364749 47.148795828 51.2754210882 89.2213979476 94.1367394744 13.0019268103 3.21121716262 2.43963512709 1.97773156473 181.312755293 182.365716489 183.480773615 184.29298278 185.650465532 12.1275040266 12.550335659 200.186064208 3663.7803732 2.95702114806 1.75857543943 0.856820439537 0.271587608171 0.222016847987 2.60277938286 2.72897899285 6.6012298842 0.244249739102 18.8093948643 2.48293098152 2.41716788507 0.249936430518 0.117733972579 0.087337193968 0.116968415349 0.0896040059506 32.4368876399 414.432280008
-9999.0 -9999.0 -9999.0 -9999.0 -9999.0 -9999.0 -9999.0 -9999.0 -9999.0 -9999.0 -9999.0 -9999.0 -9999.0 -9999.0 7.27141249762 15.9003878093 24.0471427385 32.0470859969 37.1418084181 42.5785266105 14.3264957513 24.4948749638 4.64859780675 4.05467921016 167.236490677 174.135597017 176.854813891 179.764572036 1.58101931348 2.59165547244 7.99270101565 9.6874901306 11.0441997382 0.634971249465 0.502312280574 3666.91178112 1.18387060396 0.717609828076 0.324356263212 1.2832294271 0.61257663952 0.239356500606 9.55685053165 9.89598009189 0.134907157793 18.9969167316 21.5620101872 2.52281618786 420.890824776 420.579656877 420.369146655 419.965163989 419.75013434 415.789935366 415.55933817
-9999.0 -9999.0 -9999.0 -9999.0 -9999.0 -9999.0 -9999.0 -9999.0 -9999.0 -9999.0 -9999.0 -9999.0 -9999.0 -9999.0 3.46813087299 7.11547971905 8.3680781041 104.877794241 109.919315337 5.28452154547 4.72440579882 4.95786995842 151.415143007 160.260255764 3.88665594505 4.11833048475 2.49568665495 11.2759437061 14.0636403822 5.26093736418 6.80907105938 73.1604506953 74.8052763002 77.7227848518 115.717049556 3783.75309998 1.24544794549 0.228951279778 2.02145929337 1.68076244585 0.289909139406 0.841627105695 1.12683958617 10.1760695151 10.4063500787 32.3719964996 21.6783097046 2.71565608262 426.217265526 1.56477649281 420.197715022 420.092193822 3.72740021273 0.522618233104 0.443552963002
-9999.0 -9999.0 -9999.0 -9999.0 -9999.0 -9999.0 -9999.0 -9999.0 -9999.0 -9999.0 -9999.0 -9999.0 -9999.0 -9999.0 16.9302697209 28.210991239 54.1454430136 97.8285480468 118.847622622 133.07467617 138.11579404 143.168357975 147.804071266 4.12152990412 3.05887692267 5.95533978074 5.44791055006 3.21085081006 64.6467997087 67.3015121976 69.6291326859 71.8210526724 34.672966998 35.3995282346 37.0939361477 3784.69772281 2.69299984326 0.656520670578 3.09003131074 0.421549386531 0.832376707395 0.519669837751 0.260292396833 1.49703426623 0.174763907263 0.178504926761 459.631627591 427.14117107 426.96513893 0.80294462264 1.48745175071 0.847144513946 0.112336290092 2.76981213308 0.589742631058
-9999.0 -9999.0 -9999.0 -9999.0 -9999.0 -9999.0 -9999.0 -9999.0 -9999.0 -9999.0 -9999.0 -9999.0 -9999.0 -9999.0 11.6376343348 11.7161713106 23.4533158992 33.9713704058 7.32630434787 7.44175157845 12.5764281261 17.4065868985 26.1253353432 30.3472681191 33.3011492188 42.3848481569 44.8237274506 48.144975064 2.56202896643 27.9655974496 29.9261850207 31.7459362115 1.51386291048 0.839343714108 1.26984666474 3823.85189036 3824.6884977 3828.66228693 4.45059680568 0.925038403192 1.04088810595 0.165735801565 0.456479585438 1.7301459574 2.06774565594 0.313728773135 460.468644858 0.317444988301 0.410667345737 0.439402666619 0.390973035593 0.603140428393 0.241772268371 2.11108799198 1.53367820086
-9999.0 -9999.0 -9999.0 -9999.0 -9999.0 -9999.0 -9999.0 -9999.0 -9999.0 -9999.0 -9999.0 -9999.0 -9999.0 -9999.0 -9999.0 11.7099132774 22.4691306982 9.34764977321 18.9993788582 116.087246304 121.127037085 125.307892811 4.17063810303 4.22818036923 7.2954955571 10.4683131969 15.0911907585 17.8138274278 20.5380389047 22.9265362312 1.77809799266 1.45263267296 34.0793024295 35.496393704 36.0971334135 36.951481475 32.4628152769 3864.54424582 3873.30104723 3873.50020472 3874.65964733 3875.8085603 3876.13094894 0.134813093277 2.2214394533 460.572532463 0.247076671945 0.126835980533 0.275548965442 0.331163374695 0.53041217762 0.336204533267 0.202475547163 0.371599707869 0.273490076035
-9999.0 -9999.0 -9999.0 -9999.0 -9999.0 -9999.0 -9999.0 -9999.0 -9999.0 -9999.0 -9999.0 -9999.0 -9999.0 -9999.0 -9999.0 -9999.0 33.176180736 42.3798073705 70.8056867484 88.6262972067 7.87231656761 138.995384396 142.802822651 146.036634157 3.03605907973 5.80683353385 2.16689466522 18.5877447884 20.41419972 23.1429246747 25.7186044769 30.958902083 32.9586665577 1.0787460133 28.5458685471 30.4232388005 31.6317075727 35.0576890662 3.6614919027 1.94638837398 0.796112546501 0.748885366723 3876.3865302 3876.28231581 3879.39932058 460.66423518 0.902931864545 0.55897942292 0.409614308746 0.104659544138 1.23376199178 0.564618128 0.168751688269 0.962368762735 0.824640647436
-9999.0 -9999.0 -9999.0 -9999.0 -9999.0 -9999.0 -9999.0 -9999.0 -9999.0 -9999.0 -9999.0 -9999.0 -9999.0 -9999.0 -9999.0 -9999.0 10.168351363 52.354015127 62.1206153016 8.03168653836 4.64903523077 10.1957215425 14.8931666221 164.695189245 2.99251763109 12.0492062521 14.4349565651 16.7089570953 2.16129540955 4.45783504737 5.45787911194 21.4282342646 24.2784076419 25.5571462876 1.02597483576 0.741935978766 0.71333352741 1.33604884014 0.500722243669 0.500171410739 0.440565393191 0.514258766338 0.451183420884 1.04294766142 3879.33555176 4340.18363745 1.05408544668 0.381443536522 0.112290636486 3.58892657327 3.35645410784 1.92446795245 1.71112845744 1.23517328388 0.345450529396
-9999.0 -9999.0 -9999.0 -9999.0 -9999.0 -9999.0 -9999.0 -9999.0 -9999.0 -9999.0 -9999.0 -9999.0 -9999.0 -9999.0 -9999.0 10.155813281 28.9504680498 8.97921679375 6.43519132359 5.42238639664 9.89273178078 14.4051380753 18.6664201637 189.572829927 192.298631287 2.8664008374 5.23773367384 7.70900972311 9.48313985534 11.3415814435 18.1734238977 20.2841575611 1.34622978363 0.808523625905 0.533439044341 0.332639509802 0.437997293579 0.571356735539 0.559572517671 0.892312109929 1.70133320698 0.832743490253 0.317196804414 0.31562588628 0.171549406639 0.304866316464 4355.67445149 14.342993774 4.8518779301 0.947201845404 0.513031150065 0.217697962712 0.574432676595 0.324319950702 0.142622675803
-9999.0 -9999.0 -9999.0 -9999.0 -9999.0 -9999.0 -9999.0 -9999.0 -9999.0 -9999.0 -9999.0 -9999.0 -9999.0 -9999.0 11.1577112127 20.6439440351 68.3641788037 8.51656907721 13.581069275 18.6121498658 22.8421792207 4.66157373683 8.15312720002 13.5107263548 211.099764773 2.58554732299 4.69029815561 6.874158555 2.23190183096 4.34124930425 5.56377476023 7.08744865269 290.694591139 292.026803254 292.998118316 296.908425784 298.177240963 300.86298722 0.684844683918 1.7762492901 1.9180706245 308.185538465 308.647434067 0.278097572444 0.381736752962 0.48465474983 4355.69330328 13.6346357112 7.41113500633 6.68134378918 5.15330511708 4.23816963202 0.751493635447 0.217655178442 0.310665526
-9999.0 -9999.0 -9999.0 -9999.0 -9999.0 -9999.0 -9999.0 -9999.0 -9999.0 -9999.0 -9999.0 -9999.0 -9999.0 -9999.0 11.2245747631 33.7920727314 112.914003292 168.455328066 7.46669046023 213.965597581 243.745170624 3.96555917959 7.29231887779 11.9578460616 246.127902155 249.953042173 1.49652966245 9.85493989431 11.2648739185 12.785963818 279.559936934 281.764253706 282.970507151 0.556058947834 3.09994525902 3.57110143536 1.25151381013 1.65233179923 303.251453854 305.646022273 305.910298011 306.147923047 308.882286286 0.118656859687 0.104563010383 0.690604814864 4355.67918446 0.595686700199 0.315060312661 0.94443164938 0.385710940598 3.53606463526 3.10375062103 1.91921593719 1.23770520568
-9999.0 -9999.0 -9999.0 -9999.0 -9999.0 -9999.0 -9999.0 -9999.0 -9999.0 -9999.0 -9999.0 -9999.0 -9999.0 -9999.0 -9999.0 -9999.0 22.9239136245 45.9937300502 197.357560495 207.110567462 252.202328359 259.423681614 3.78686188821 7.58509296381 17.3218455934 254.660493032 258.363381624 259.468204214 0.765155887399 263.265360182 265.572481743 1.34023511799 0.612764878866 1.1387278357 2.17508027105 0.521171902133 0.940711974609 1.85256756165 2.19386363697 0.413861547101 0.23859702684 0.439627974043 310.932133436 311.492287041 311.571489512 312.556019373 4355.60960644 0.532575647209 0.195740342327 0.242368654007 0.235944649655 0.244550521489 0.205173507776 0.377661811062 0.275341400804
-9999.0 -9999.0 -9999.0 -9999.0 -9999.0 -9999.0 -9999.0 -9999.0 -9999.0 -9999.0 -9999.0 -9999.0 -9999.0 -9999.0 -9999.0 -9999.0 11.9759810793 11.647444416 10.6371211648 18.9077563568 7.60915291446 274.880098979 281.290074573 3.59795566016 6.61133956712 2.44509762303 1.64742690781 1.54498101036 261.72759889 0.740822263359 1.59066494134 0.736194729543 0.648349353994 0.519124697221 0.347370695567 0.370124591547 1.15537139688 1.61932305143 0.273208375971 0.222904433797 0.5037677021 0.895635025313 1.36112975036 0.390278144283 311.753175414 312.641089329 4355.49660482 1.61984640464 0.426938415197 0.131246905729 0.341363672823 0.108284660526 0.0835341925079 0.469706890686 1.24513056174
-9999.0 -9999.0 -9999.0 -9999.0 -9999.0 -9999.0 -9999.0 -9999.0 -9999.0 -9999.0 -9999.0 -9999.0 -9999.0 -9999.0 -9999.0 -9999.0 -9999.0 -9999.0 11.3957471374 28.8723912913 36.7878792039 44.4062821529 288.720405561 296.159233047 302.362873961 306.867285528 308.333188461 311.458496508 312.060773902 312.734498358 313.176341181 0.526238748809 0.472382350427 0.505038386533 1.63114522649 0.443610936479 0.412852004079 0.284842164384 0.8186088419 0.334276980066 0.236554691117 0.213747495211 0.184807595177 0.368575546642 0.528928135422 313.671185575 4670.63868012 0.625942347066 0.867962258772 0.0963309540325 0.459849234668 0.242296358816 0.167830458603 2.77316462799 2.15264548134
-9999.0 -9999.0 -9999.0 -9999.0 -9999.0 -9999.0 -9999.0 -9999.0 -9999.0 -9999.0 -9999.0 -9999.0 -9999.0 -9999.0 -9999.0 -9999.0 -9999.0 -9999.0 -9999.0 9.21525207666 74.3280395567 138.188103146 145.163166291 6.60417580481 10.1765811536 13.1650534529 15.072874646 29.9184284127 30.4662552754 0.537407416845 0.505315617195 314.193121984 315.029950306 315.436821378 1.88683537571 0.196209508764 0.546456913153 0.801804586422 2.50174028791 3.11302907788 3.55464795842 0.39385709979 0.541333453825 0.18373502562 0.370709523138 0.195465740396 4670.65224861 0.355815459893 1.69279688193 0.302507247206 0.827910231341 3.03999863449 3.41506623784 6.44887768261 1.65711612119
-9999.0 -9999.0 -9999.0 -9999.0 -9999.0 -9999.0 -9999.0 -9999.0 -9999.0 -9999.0 -9999.0 -9999.0 -9999.0 -9999.0 -9999.0 -9999.0 -9999.0 -9999.0 10.4689741752 33.6482576468 65.4256700757 85.0548215032 204.661056391 211.471974915 6.44202449234 9.39471226708 11.7425328822 13.5313962387 30.9997269785 32.0582026971 53.2794205168 54.9017196355 55.3559156035 315.792278944 318.415878467 0.501614744777 0.378604799529 0.344435716264 0.641294180609 0.287972718221 4.13675303905 4.34107987669 0.697792804785 0.972809886349 0.174097578735 1176.68721351 1177.04090744 5847.54993192 5849.3449237 0.554870495818 2.01065394154 0.695705243768 0.364290462191 6.90769262741 8.69888799522
-9999.0 -9999.0 -9999.0 -9999.0 -9999.0 -9999.0 -9999.0 -9999.0 -9999.0 -9999.0 -9999.0 -9999.0 -9999.0 -9999.0 -9999.0 -9999.0 -9999.0 -9999.0 -9999.0 12.1284835182 11.6325603969 21.7105211636 50.9045991401 220.031294048 3.36667388673 3.30230469504 5.37991364657 7.81722860245 18.1864107433 19.1993714337 0.960672432582 1.10753368973 55.9942966495 56.3289817128 375.086860761 375.371660083 0.151505596043 0.130756306235 0.107117193839 0.108168979784 0.135062547375 1172.27724989 1173.6473231 1174.95826782 1175.50208769 1176.48341397 0.233248296866 0.827218976225 0.924769947696 5850.32984772 5850.16876855 5850.4239177 5850.33186322 5850.28688561 8.811075174
-9999.0 -9999.0 -9999.0 -9999.0 -9999.0 -9999.0 -9999.0 -9999.0 -9999.0 -9999.0 -9999.0 -9999.0 -9999.0 -9999.0 -9999.0 -9999.0 -9999.0 -9999.0 -9999.0 -9999.0 10.453954267 11.0508946716 20.1589010348 258.979582166 265.413405319 3.17366732937 5.30693282215 7.85404778106 9.61175739971 1.4875573824 2.62575455902 461.520701514 461.957868725 462.661098747 467.103904144 842.944258232 1164.09873582 1164.52035567 1164.88230713 1165.23093382 1167.11764773 1167.75686596 1.18526877784 0.488133541732 0.33325726663 0.607690199753 0.409217282109 0.666330780989 0.202946099486 4.76769062255 5.76693417281 7.02660570923 7.07278791846 5850.01731084 5858.61968286
-9999.0 -9999.0 -9999.0 -9999.0 -9999.0 -9999.0 -9999.0 -9999.0 -9999.0 -9999.0 -9999.0 -9999.0 -9999.0 -9999.0 -9999.0 -9999.0 -9999.0 -9999.0 -9999.0 -9999.0 -9999.0 10.6427161727 20.1863653589 29.8143415729 272.848412844 4.16316758924 353.335848193 355.953086891 357.393689201 358.68452206 456.32430463 457.71210422 0.476107165886 3.30480542421 3.86510356798 0.459886400017 320.77288119 319.951997761 0.210801449713 0.538010976965 1.55912305725 0.370691891459 0.413565514043 0.246166976277 0.204389321812 0.149269187184 0.18741273418 4.17135850162 4.37645134561 4.64300920121 0.874026385075 1.11639848056 7.61574269803 7.70410352156 7.73814184064
-9999.0 -9999.0 -9999.0 -9999.0 -9999.0 -9999.0 -9999.0 -9999.0 -9999.0 -9999.0 -9999.0 -9999.0 -9999.0 -9999.0 -9999.0 -9999.0 -9999.0 -9999.0 -9999.0 -9999.0 -9999.0 9.57446130962 8.80431785448 45.885949379 334.887853464 346.731347166 351.234142045 2.05167867188 93.303310757 94.8809883396 95.726894918 1.22001961693 1.79422036689 2.20515574727 75.1869793702 75.524490224 75.7988864355 319.510838658 207.36895901 0.303905877345 0.354535237951 0.327363796301 0.23719723348 2.58601563867 3.07430760705 3.48870907514 3.73257462112 3.96379484126 45.064067868 45.2058184273 45.4822289181 46.2205982852 48.0934103375 48.138308806 55.9188563027
-9999.0 -9999.0 -9999.0 -9999.0 -9999.0 -9999.0 -9999.0 -9999.0 -9999.0 -9999.0 -9999.0 -9999.0 -9999.0 -9999.0 -9999.0 -9999.0 -9999.0 -9999.0 -9999.0 -9999.0 -9999.0 -9999.0 18.5551616482 28.2832366342 7.66961647663 3.23436619129 87.168383999 89.2479812905 90.2652712446 15.6285422641 16.4169104063 17.2242570806 17.7539985334 74.3679056203 74.9472151329 35.4497062283 111.605550947 111.917621154 207.174089599 0.664301242276 0.354582372016 0.21410788631 1.80766593627 2.12912740993 0.160865141911 0.145547853879 44.3495474017 44.7423159483 44.9286392196 0.333403097678 0.532479645233 47.9482724222 0.0778150011271 0.303480371061 0.337478313501
-9999.0 -9999.0 -9999.0 -9999.0 -9999.0 -9999.0 -9999.0 -9999.0 -9999.0 -9999.0 -9999.0 -9999.0 -9999.0 -9999.0 -9999.0 -9999.0 -9999.0 -9999.0 -9999.0 -9999.0 -9999.0 -9999.0 9.2415884748 18.2104718015 70.1969212611 77.5687526383 81.526904538 13.4453958489 14.8667764088 0.864844785756 54.8425050969 55.5231571222 56.1037733287 0.495656117052 34.4178031035 35.0408058056 0.374225150178 205.443330076 0.795256629217 0.408841089949 1.00324325102 1.35960651888 0.241663613267 0.184937591306 42.2089753492 44.0105143595 44.2464016635 0.258597427521 0.515140959074 0.646577488125 0.741506740358 1.47423026629 0.114352669169 0.249413179685 0.050485311977
