data/baseflow/mHMbf_acc551.asc
ncols                  80
nrows                 72
xllcorner      4374000.0
yllcorner      5656000.0
cellsize            500
NODATA_value       -9999
[rows 0 to 24 of 72, columns 0 to 54 of 80]
-9999.0 -9999.0 -9999.0 -9999.0 -9999.0 -9999.0 -9999.0 -9999.0 -9999.0 -9999.0 -9999.0 -9999.0 12.4968598763 15.9651504525 -9999.0 -9999.0 -9999.0 -9999.0 -9999.0 -9999.0 -9999.0 -9999.0 -9999.0 -9999.0 -9999.0 -9999.0 -9999.0 -9999.0 -9999.0 -9999.0 -9999.0 -9999.0 -9999.0 -9999.0 -9999.0 -9999.0 -9999.0 -9999.0 -9999.0 -9999.0 -9999.0 -9999.0 -9999.0 -9999.0 -9999.0 -9999.0 -9999.0 -9999.0 -9999.0 -9999.0 -9999.0 -9999.0 -9999.0 -9999.0 -9999.0
-9999.0 -9999.0 -9999.0 -9999.0 -9999.0 -9999.0 -9999.0 -9999.0 -9999.0 -9999.0 -9999.0 -9999.0 25.0434450375 67.3679283373 13.580482082 -9999.0 14.1838751921 -9999.0 -9999.0 -9999.0 -9999.0 -9999.0 -9999.0 -9999.0 -9999.0 -9999.0 -9999.0 -9999.0 -9999.0 -9999.0 -9999.0 -9999.0 -9999.0 -9999.0 -9999.0 -9999.0 -9999.0 -9999.0 -9999.0 -9999.0 -9999.0 -9999.0 -9999.0 -9999.0 -9999.0 -9999.0 -9999.0 -9999.0 -9999.0 -9999.0 -9999.0 -9999.0 -9999.0 -9999.0 -9999.0
-9999.0 -9999.0 -9999.0 -9999.0 -9999.0 -9999.0 -9999.0 -9999.0 -9999.0 -9999.0 11.5428036995 10.3435928187 11.2773928332 11.3176293727 87.0559915884 98.3748936333 38.8603597984 12.3800868387 -9999.0 -9999.0 -9999.0 -9999.0 -9999.0 -9999.0 -9999.0 -9999.0 -9999.0 -9999.0 -9999.0 -9999.0 -9999.0 -9999.0 -9999.0 -9999.0 -9999.0 -9999.0 -9999.0 -9999.0 -9999.0 -9999.0 -9999.0 -9999.0 -9999.0 -9999.0 -9999.0 -9999.0 -9999.0 -9999.0 -9999.0 -9999.0 -9999.0 -9999.0 -9999.0 -9999.0 -9999.0
-9999.0 -9999.0 -9999.0 -9999.0 -9999.0 -9999.0 -9999.0 -9999.0 -9999.0 10.4423248711 22.0512540722 43.6239318037 21.1297913911 10.0182686186 19.684306558 107.002212941 171.799436289 13.2899455211 -9999.0 10.4441226114 -9999.0 -9999.0 -9999.0 -9999.0 26.2913308142 13.5729457211 -9999.0 -9999.0 -9999.0 -9999.0 -9999.0 -9999.0 -9999.0 -9999.0 -9999.0 -9999.0 -9999.0 -9999.0 -9999.0 -9999.0 -9999.0 -9999.0 -9999.0 -9999.0 -9999.0 -9999.0 -9999.0 -9999.0 -9999.0 -9999.0 -9999.0 -9999.0 -9999.0 -9999.0 -9999.0
-9999.0 -9999.0 -9999.0 -9999.0 -9999.0 -9999.0 -9999.0 -9999.0 13.9105568411 36.5041925583 46.3971339131 56.6198756334 74.7057069425 9.30741655863 37.4181819141 45.9256320373 237.487178719 8.39439838959 6.68765683492 18.6732553999 26.6568394047 8.59784454781 -9999.0 65.2467621476 53.461845848 13.8404159181 -9999.0 -9999.0 -9999.0 -9999.0 -9999.0 -9999.0 -9999.0 -9999.0 -9999.0 -9999.0 -9999.0 -9999.0 -9999.0 -9999.0 -9999.0 -9999.0 -9999.0 -9999.0 -9999.0 -9999.0 -9999.0 -9999.0 -9999.0 -9999.0 -9999.0 -9999.0 -9999.0 -9999.0 -9999.0
-9999.0 -9999.0 -9999.0 -9999.0 -9999.0 -9999.0 13.8195952287 11.2800363815 10.5458074514 10.9965958286 11.2047819248 79.725964305 165.229187946 175.598389694 183.103059079 7.39007391492 252.841681154 259.896867483 15.4907630717 8.17551559002 34.4039909994 59.4195343832 8.55479196013 92.1110050299 8.32111156315 8.78006844963 8.86361429637 -9999.0 -9999.0 -9999.0 -9999.0 -9999.0 -9999.0 -9999.0 -9999.0 -9999.0 -9999.0 -9999.0 -9999.0 -9999.0 -9999.0 -9999.0 -9999.0 -9999.0 -9999.0 -9999.0 -9999.0 -9999.0 -9999.0 -9999.0 -9999.0 -9999.0 -9999.0 -9999.0 -9999.0
-9999.0 -9999.0 -9999.0 -9999.0 -9999.0 -9999.0 28.2599172133 40.9653522427 89.7155095444 120.99766252 9.01764869907 10.2428475546 9.35168568844 26.545610531 216.740243349 6.49380299981 266.86310507 301.189245106 26.3753712283 14.8816866228 66.4670171415 8.07049313611 100.0643273 14.7536451601 7.35645874524 15.7205350482 17.743930678 9.42832759796 10.6652942467 10.0823361997 11.8280788361 23.5573300247 -9999.0 -9999.0 -9999.0 -9999.0 -9999.0 -9999.0 -9999.0 -9999.0 -9999.0 -9999.0 -9999.0 -9999.0 -9999.0 -9999.0 -9999.0 -9999.0 -9999.0 -9999.0 -9999.0 -9999.0 -9999.0 -9999.0 -9999.0
-9999.0 -9999.0 -9999.0 -9999.0 -9999.0 17.3175343037 32.3162709917 14.8965757921 27.4954020803 134.041477575 154.729100394 175.608637096 630.205801952 9.11400096911 224.813825933 937.0178228 943.991653616 1259.77896959 9.45804750798 21.676267969 73.5610243323 6.97049423171 187.332145552 79.6642143622 49.0461053397 41.4159894489 8.614577633 28.4897223652 30.4076024241 20.1470637508 9.81762030692 33.8734648076 9.81763672692 9.48143655685 -9999.0 -9999.0 -9999.0 -9999.0 -9999.0 -9999.0 -9999.0 -9999.0 -9999.0 -9999.0 -9999.0 -9999.0 -9999.0 -9999.0 -9999.0 -9999.0 -9999.0 -9999.0 -9999.0 -9999.0 -9999.0
-9999.0 -9999.0 -9999.0 -9999.0 -9999.0 17.8348861874 50.6086824991 99.0930500174 113.072984426 222.584291216 234.770568211 274.345051752 446.219298754 668.032644404 688.637645375 697.784541231 13.8224118003 1287.49245178 1304.73651093 1342.51158742 1632.79101836 209.784643485 195.642336958 57.1037369791 8.00511925681 51.1828681631 35.8878187797 6.85251796943 38.6821168869 8.66989692379 21.0463829946 53.8440302639 63.2473749847 18.561694206 8.68929781584 8.83385509742 -9999.0 -9999.0 -9999.0 -9999.0 12.1020521637 11.277136526 -9999.0 -9999.0 -9999.0 -9999.0 -9999.0 -9999.0 -9999.0 -9999.0 -9999.0 -9999.0 -9999.0 -9999.0 -9999.0
-9999.0 -9999.0 -9999.0 -9999.0 -9999.0 16.7136419489 15.2783166016 66.4278068962 80.978435647 96.3114259593 13.6480334648 26.7582239154 162.92802145 30.1293419618 11.5028725997 9.04903188856 7.24022366742 10.1653004767 10.153793373 8.87301643712 1640.50218214 1662.30011746 7.13767096134 22.8008211203 15.8741349295 58.1426128668 13.9907479756 6.51229136735 46.8567804508 17.3983342038 45.3484778535 106.870488282 99.2419661626 26.7430444611 25.3597589704 9.41086518214 9.32331207353 -9999.0 -9999.0 9.3311928354 23.9137953575 58.7449708481 11.842135383 -9999.0 -9999.0 -9999.0 -9999.0 -9999.0 -9999.0 -9999.0 -9999.0 -9999.0 -9999.0 -9999.0 -9999.0
-9999.0 -9999.0 -9999.0 -9999.0 -9999.0 -9999.0 18.3229625722 18.2193939464 32.688845745 48.1955552153 107.680377832 136.131755157 151.727299706 17.7061327049 9.20516135844 142.903213971 169.782968324 177.644802188 214.130857014 221.802261388 7.71246928098 1670.19221745 1707.46778903 29.5627228039 5.7531895095 64.4986379048 144.019276746 59.6647781019 14.0418862805 7.40604201385 167.592767172 114.960262074 7.04662859316 7.14500414306 32.854975566 27.2912089881 7.8872700142 7.07596237454 9.06824765188 18.0833189394 8.53310796563 71.3511794184 78.6858296128 6.41864147883 -9999.0 -9999.0 -9999.0 -9999.0 7.91674875012 7.19913503407 2.63967483216 -9999.0 -9999.0 -9999.0 -9999.0
-9999.0 -9999.0 -9999.0 -9999.0 -9999.0 -9999.0 -9999.0 16.5807698116 14.2515316619 30.8644560103 46.336475535 14.3008921743 13.1333302109 80.6027468159 102.473009582 125.196629962 9.73908384109 19.7495149171 9.62626948668 230.118259463 526.361802228 537.638882384 2262.13365495 7.29017330654 15.994861313 4.84703077514 150.150435951 6.55757687179 21.6147557811 6.94132820516 174.437059331 181.338306918 14.2770589529 14.3055700579 85.5044931374 43.9010172285 15.1896183162 7.96430163243 17.995472844 26.8361947697 42.6114246694 6.95979447458 91.3833137457 97.8141852369 5.76583038883 6.35739617635 6.65788061255 5.8140419045 5.45092983278 20.7928910532 8.26272472156 4.75946869552 -9999.0 -9999.0 -9999.0
-9999.0 -9999.0 -9999.0 -9999.0 -9999.0 -9999.0 -9999.0 -9999.0 33.2239798372 46.1938817923 14.4089092152 29.9757845703 42.7663867497 69.654167687 12.967788823 12.1181724186 9.41433095775 9.51386853416 8.03934512666 278.518394978 10.4285262594 19.8307842402 2294.28965804 2313.65362209 6.60521770293 29.1620110383 185.336875748 13.3792842913 27.4195100898 12.0334881074 17.8922678003 207.533711779 20.4382095457 120.079955215 99.9632933909 7.80732119548 39.4383475234 16.2649402805 25.8990105666 7.75064147958 49.3625743012 62.4744818344 68.1234420873 73.3852122107 119.683906321 11.1090816426 11.7838121394 10.4588821508 9.72720276292 25.4422662063 4.76828880445 17.9664707721 22.2827876545 -9999.0 -9999.0
-9999.0 -9999.0 -9999.0 -9999.0 -9999.0 -9999.0 -9999.0 -9999.0 16.898374712 79.7530088144 93.462088372 13.6617918102 26.0837119154 12.3536212389 10.5307574881 10.2994620032 135.018863332 177.388194707 219.733325726 266.165940484 10.4582714252 9.82216627719 8.59572526777 2360.66259017 2384.85162794 2392.44448466 246.267754421 53.5508015195 46.6912604861 5.17635094304 23.0763335289 236.131248294 5.47741943727 125.749637067 7.42150584755 53.5350260578 48.0640689842 8.07630764419 33.7898016893 15.5347977518 23.1491989459 6.06665988984 5.07574995644 78.5594867726 83.2611365921 124.370988431 16.8604367481 15.2266963858 14.2175823577 30.5594342502 40.2611045527 4.83595790423 27.0234250352 5.78446993864 10.8186655894
-9999.0 -9999.0 -9999.0 -9999.0 -9999.0 -9999.0 -9999.0 -9999.0 -9999.0 18.2725582211 109.057298315 122.472641079 38.8725011233 63.3512180054 84.586338857 95.4060198298 11.3787072844 33.2928008713 22.1767301315 12.0926308081 11.3130564072 9.37361027441 18.0156559456 30.8554171994 10.6653771312 2658.19380179 2664.86776154 6.32284877558 4.45547363499 11.2946059289 17.040645433 252.618361261 10.9785462924 130.55031293 80.5310734144 67.507980572 7.5148751092 15.2757935023 40.7307245893 6.94044045218 29.8640326303 12.0862878045 8.03316968594 3.53169104916 95.1991757996 223.397829958 20.3293011953 18.7560538894 18.1648712162 3.98544471108 44.2369069199 3.8432877641 35.8877030574 5.03914462182 15.9321515921
-9999.0 -9999.0 -9999.0 -9999.0 -9999.0 -9999.0 -9999.0 -9999.0 -9999.0 -9999.0 13.3397073031 149.255426199 12.5623364896 24.4939111562 34.4908647585 53.6198541459 9.7848996643 21.326781582 10.1940535405 8.9720609973 8.29372252463 16.3049599176 6.99919788331 7.4183027004 14.7853204893 8.87593289155 2673.49502332 2687.1315214 2705.8762881 22.3606724943 6.18633901085 12.3301270945 259.288000465 240.922394139 94.5773027697 6.90467896897 29.8299009059 22.4735942718 47.6982930319 13.8433501286 55.1691120671 18.3385153311 12.6391020619 2.97882966478 4.14198537066 228.723334778 233.34213129 276.199881306 30.8321872559 8.32646351854 48.6534075253 56.7794102276 96.4333516541 9.46989978446 4.58006288243
-9999.0 -9999.0 -9999.0 -9999.0 -9999.0 -9999.0 -9999.0 -9999.0 -9999.0 -9999.0 -9999.0 9.18263755367 168.31527433 13.0076303434 23.0461932036 96.0679799201 9.94956071953 9.71164533722 8.00760701367 17.988939641 9.79483498017 35.3327978374 49.5465905788 55.808999239 20.3156163412 25.6260371134 6.4157303364 8.29957822571 8.47983356357 2743.35750027 2762.13824108 264.132934209 250.901781489 246.006753869 10.5042953548 5.00190365289 36.2405706026 96.9327104516 54.2972225667 20.3218738289 81.3722058696 27.7296913185 22.3544104136 5.84832943391 2.80694666607 2.06078713026 2.36513897502 291.917860518 336.76351569 4.15121415866 3.708289544 4.3067746025 101.072899962 114.880519466 8.22289096918
-9999.0 -9999.0 -9999.0 -9999.0 -9999.0 -9999.0 -9999.0 -9999.0 -9999.0 -9999.0 -9999.0 8.12280783761 186.517750038 225.595313873 10.3637782413 116.333627429 8.72141266734 8.04069210943 17.201998364 44.7450311507 9.19670563564 10.043006769 7.09768042768 69.6509142605 76.1215870578 109.154077365 120.97417099 126.795212243 132.878803126 138.797577417 2908.26338982 3183.81808712 3445.7339519 3451.56343827 4.59260776371 5.51512745998 109.838188571 103.443356073 6.44232009086 6.4691531858 89.4023972889 123.071791952 4.51640949455 64.0355402166 60.2371083011 15.7119502984 6.66498400601 11.7458594762 5.92240209409 345.69345996 4.48280192329 11.9565834728 15.2065156796 141.733643076 153.148824937
-9999.0 -9999.0 -9999.0 -9999.0 -9999.0 -9999.0 -9999.0 -9999.0 -9999.0 -9999.0 -9999.0 15.5975325625 28.5871802175 237.965223826 257.760110113 9.68363494509 136.530386675 7.07827131396 22.214601925 52.6142860557 17.6710235233 8.40082178426 16.7523085048 5.89169926026 11.5695105359 6.3613681155 5.71559251909 4.69802415966 4.03420760878 3.23596071921 2.87998227213 4.25667925571 5.69936882426 7.74753384607 3469.64738795 130.037889975 119.048631849 4.25719457349 18.2404076986 4.47205680577 5.35338500165 128.480543647 209.025301887 70.3347596355 54.260333861 10.2204557535 4.0794422168 3.51767315097 7.84932283288 358.279222308 366.853037766 4.52496781822 4.64695838521 3.77920585602 3.29543328275
-9999.0 -9999.0 -9999.0 -9999.0 -9999.0 -9999.0 -9999.0 -9999.0 -9999.0 -9999.0 -9999.0 -9999.0 11.5056286976 182.868082457 451.974354546 486.408733657 631.993199557 643.152252494 120.217648836 87.543532321 26.2950019889 8.19159477665 32.8141441705 40.0658660859 58.2121626293 13.1993457249 11.9455981723 11.1062422425 21.3627199438 9.29836594208 8.67328917585 4.96811054026 3.62161850513 3.00129590642 3475.05036584 3609.5444166 3616.82148285 4.42240716544 49.3361972352 22.4025841002 6.50172093562 228.457550568 14.2122980707 7.49640776649 32.7954524578 6.40615872863 4.6270711072 8.98471712122 12.8576724557 17.3740535289 373.877741952 3.2933240382 2.82034825015 2.82375426025 1.92991211751
-9999.0 -9999.0 -9999.0 -9999.0 -9999.0 -9999.0 -9999.0 -9999.0 -9999.0 -9999.0 -9999.0 14.052153883 142.402474892 170.407079919 23.9902952499 9.26424227036 20.0426278407 671.977774128 680.808373705 812.081304649 7.30720900857 15.3801381644 6.53350504799 6.67453310691 64.7940067997 84.5459313403 102.395600047 5.77616349259 27.20968098 42.2061402624 24.6487666367 10.5534840918 8.07989172015 6.72624725799 6.93922982863 2.99125772996 3621.65789707 3625.42398115 3681.71810085 9.66045598694 5.29521034238 235.708796632 16.2591413122 8.23700834075 9.37259083812 9.27346195732 7.79659578863 13.2048390649 36.3369785097 58.5114674171 435.863696788 2.47174434076 7.39120980938 5.00853757204 3.89201779738
-9999.0 -9999.0 -9999.0 -9999.0 -9999.0 -9999.0 -9999.0 -9999.0 -9999.0 -9999.0 -9999.0 14.5940815171 103.423212114 14.6834752073 11.4470316364 66.7909766869 76.2361703955 85.4401410552 93.930996806 1107.85215218 1117.32637121 1134.52660627 1251.33586747 1271.8918907 1283.42576468 1290.30081715 1407.11294847 1424.88121753 1431.4371026 1480.54980867 1511.99455576 1517.61294581 1536.33901948 11.9753694152 10.9155508425 2.14702016359 1.68735954079 3629.16740544 3698.86196844 13.7064327615 277.452214844 272.473734347 28.8075914903 6.54331265897 6.64579195477 6.24577031882 6.43380894326 12.9908256865 18.3463669254 5.20466020042 439.141254383 442.696094902 458.077802692 460.914164075 467.42941998
-9999.0 -9999.0 -9999.0 -9999.0 -9999.0 -9999.0 -9999.0 -9999.0 -9999.0 -9999.0 -9999.0 55.5263276019 72.7511312521 31.1658962298 44.8335552884 13.3259499596 154.735943967 164.754143662 184.685084215 193.214316451 64.3453550084 1213.09546972 1221.95700448 6.83827358195 4.68456492492 4.45170731305 9.60567565356 5.03756346836 3.83523395716 3.57808788532 3.7154660216 1523.07512734 1542.02585992 1560.33862872 1576.58911621 1584.07188187 3.02762260252 0.833474435065 3988.23047574 286.070517685 282.941581454 6.16618018369 5.02674547813 4.38932267721 11.164585024 10.7829217276 4.96731090823 5.08694811527 4.78775483261 9.97015246176 13.0644732626 2.46760861036 4.53947825876 1.47922165338 1.02366630186
-9999.0 -9999.0 -9999.0 -9999.0 -9999.0 -9999.0 -9999.0 -9999.0 -9999.0 -9999.0 -9999.0 -9999.0 37.9222680842 16.7747707939 14.0816839101 134.417552298 145.156523512 10.7429320239 40.9468971081 50.2339916488 57.7181624134 9.4053677976 6.26296354153 181.149993407 186.228090635 190.98656051 496.444077657 500.160976857 507.311514532 549.315690448 570.151214275 573.182229029 3.47698603442 3.72389439153 3.34956746089 1589.86615485 1.87307518465 4034.77687877 4030.62739118 39.6687766997 35.8817891548 21.9384153018 5.30773395478 8.76852948394 15.7091872237 15.3542033899 9.4890407337 4.7961909639 9.45246739823 9.87068977527 17.4782811147 2.97704040828 7.61701297773 12.0891228245 14.4676627599
-9999.0 -9999.0 -9999.0 -9999.0 -9999.0 -9999.0 -9999.0 -9999.0 -9999.0 -9999.0 -9999.0 -9999.0 20.1930141226 50.9003509503 65.1849124031 107.762459077 10.5646896794 21.8347843982 31.9230612243 137.872996938 145.995658839 153.023647239 160.186174115 169.243840337 262.692595516 287.975757356 301.747057781 5.24613179324 33.8451009708 39.1256230629 560.44200676 577.602815214 586.52542563 595.860011293 602.036533477 2194.75280063 5.69785182852 4049.83650286 5.43576755094 2.78009537723 30.6307006859 26.3819297451 3.8221894104 13.378038777 20.4456579702 19.6112966909 13.2993580004 21.8596664871 34.7811270361 14.1441902854 35.6010319413 2.95236965263 4.90844636289 0.99044294395 0.770249517962
