data/baseflow/mHMbf_acc321.asc
ncols                  80
nrows                 72
xllcorner      4374000.0
yllcorner      5656000.0
cellsize            500
NODATA_value       -9999
[rows 0 to 24 of 72, columns 0 to 54 of 80]
-9999.0 -9999.0 -9999.0 -9999.0 -9999.0 -9999.0 -9999.0 -9999.0 -9999.0 -9999.0 -9999.0 -9999.0 26.0756617426 21.8143141922 -9999.0 -9999.0 -9999.0 -9999.0 -9999.0 -9999.0 -9999.0 -9999.0 -9999.0 -9999.0 -9999.0 -9999.0 -9999.0 -9999.0 -9999.0 -9999.0 -9999.0 -9999.0 -9999.0 -9999.0 -9999.0 -9999.0 -9999.0 -9999.0 -9999.0 -9999.0 -9999.0 -9999.0 -9999.0 -9999.0 -9999.0 -9999.0 -9999.0 -9999.0 -9999.0 -9999.0 -9999.0 -9999.0 -9999.0 -9999.0 -9999.0
-9999.0 -9999.0 -9999.0 -9999.0 -9999.0 -9999.0 -9999.0 -9999.0 -9999.0 -9999.0 -9999.0 -9999.0 53.6267632137 117.874192628 18.9211721014 -9999.0 14.4252703642 -9999.0 -9999.0 -9999.0 -9999.0 -9999.0 -9999.0 -9999.0 -9999.0 -9999.0 -9999.0 -9999.0 -9999.0 -9999.0 -9999.0 -9999.0 -9999.0 -9999.0 -9999.0 -9999.0 -9999.0 -9999.0 -9999.0 -9999.0 -9999.0 -9999.0 -9999.0 -9999.0 -9999.0 -9999.0 -9999.0 -9999.0 -9999.0 -9999.0 -9999.0 -9999.0 -9999.0 -9999.0 -9999.0
-9999.0 -9999.0 -9999.0 -9999.0 -9999.0 -9999.0 -9999.0 -9999.0 -9999.0 -9999.0 25.541402295 24.679651786 25.824723832 25.3635898134 164.713630553 184.378686116 40.4043366948 12.7976257761 -9999.0 -9999.0 -9999.0 -9999.0 -9999.0 -9999.0 -9999.0 -9999.0 -9999.0 -9999.0 -9999.0 -9999.0 -9999.0 -9999.0 -9999.0 -9999.0 -9999.0 -9999.0 -9999.0 -9999.0 -9999.0 -9999.0 -9999.0 -9999.0 -9999.0 -9999.0 -9999.0 -9999.0 -9999.0 -9999.0 -9999.0 -9999.0 -9999.0 -9999.0 -9999.0 -9999.0 -9999.0
-9999.0 -9999.0 -9999.0 -9999.0 -9999.0 -9999.0 -9999.0 -9999.0 -9999.0 24.9306469512 50.1934340489 99.6082010268 49.397752977 23.8713389384 46.2517588513 206.27249306 279.695043393 15.5964199289 -9999.0 23.5779716196 -9999.0 -9999.0 -9999.0 -9999.0 27.9220315982 13.9952001131 -9999.0 -9999.0 -9999.0 -9999.0 -9999.0 -9999.0 -9999.0 -9999.0 -9999.0 -9999.0 -9999.0 -9999.0 -9999.0 -9999.0 -9999.0 -9999.0 -9999.0 -9999.0 -9999.0 -9999.0 -9999.0 -9999.0 -9999.0 -9999.0 -9999.0 -9999.0 -9999.0 -9999.0 -9999.0
-9999.0 -9999.0 -9999.0 -9999.0 -9999.0 -9999.0 -9999.0 -9999.0 28.5273012433 79.9256547925 103.449641477 127.148559349 171.478481573 21.5129668769 87.9656888416 108.298456939 424.750364948 18.906852406 18.0736170714 43.0269071522 61.6244978934 19.8436618301 -9999.0 75.6876054075 61.958513834 17.7653978472 -9999.0 -9999.0 -9999.0 -9999.0 -9999.0 -9999.0 -9999.0 -9999.0 -9999.0 -9999.0 -9999.0 -9999.0 -9999.0 -9999.0 -9999.0 -9999.0 -9999.0 -9999.0 -9999.0 -9999.0 -9999.0 -9999.0 -9999.0 -9999.0 -9999.0 -9999.0 -9999.0 -9999.0 -9999.0
-9999.0 -9999.0 -9999.0 -9999.0 -9999.0 -9999.0 28.4786054179 25.7852367974 24.5219930632 25.0644398739 25.2930525157 178.24166471 373.412396291 396.576965984 415.419182584 18.5636583694 462.552927127 481.293117947 37.1988153951 19.2119732861 79.6924833815 137.409673387 19.1897679349 134.083049591 19.9538005272 19.9025311411 20.4793885822 -9999.0 -9999.0 -9999.0 -9999.0 -9999.0 -9999.0 -9999.0 -9999.0 -9999.0 -9999.0 -9999.0 -9999.0 -9999.0 -9999.0 -9999.0 -9999.0 -9999.0 -9999.0 -9999.0 -9999.0 -9999.0 -9999.0 -9999.0 -9999.0 -9999.0 -9999.0 -9999.0 -9999.0
-9999.0 -9999.0 -9999.0 -9999.0 -9999.0 -9999.0 56.666270853 83.35014943 186.855051567 259.221852318 21.7436091874 22.5207310787 21.2075075656 62.5142569049 496.37621027 16.3177111224 498.192905305 567.966344108 54.394971974 35.3546284818 153.84563883 18.6154185727 151.833151259 35.9728854775 17.9951770562 37.0860988233 40.4051269755 20.3983232359 20.5573567724 19.690653944 21.5890370813 43.1743770268 -9999.0 -9999.0 -9999.0 -9999.0 -9999.0 -9999.0 -9999.0 -9999.0 -9999.0 -9999.0 -9999.0 -9999.0 -9999.0 -9999.0 -9999.0 -9999.0 -9999.0 -9999.0 -9999.0 -9999.0 -9999.0 -9999.0 -9999.0
-9999.0 -9999.0 -9999.0 -9999.0 -9999.0 30.7850715633 59.3791956067 28.258661066 54.5524707259 286.029086237 333.004046587 379.337055986 1218.118984 20.9964958013 516.552713981 1896.99834075 1911.01468008 2502.85593289 15.0422032603 51.5570623426 170.413915578 16.3109659643 354.57153645 185.740637312 114.698540007 96.4225545729 19.5219223507 59.8797948139 59.0363737517 39.2267232192 18.7004804498 62.7519991632 18.3335842122 17.8421632096 -9999.0 -9999.0 -9999.0 -9999.0 -9999.0 -9999.0 -9999.0 -9999.0 -9999.0 -9999.0 -9999.0 -9999.0 -9999.0 -9999.0 -9999.0 -9999.0 -9999.0 -9999.0 -9999.0 -9999.0 -9999.0
-9999.0 -9999.0 -9999.0 -9999.0 -9999.0 30.8193057039 89.4814420966 177.762805703 204.32413625 402.706636575 427.227718269 504.525818259 818.337310081 1282.12434998 1325.38348679 1345.64634833 34.9283551529 2565.85892466 2596.72564128 2683.33082161 3275.16509176 405.454485089 372.659054544 132.366136099 16.9792717372 112.355162729 77.1620061186 16.226618496 75.907127679 16.7217181459 34.7965504547 97.6696132237 115.122401646 34.8404841504 17.1915802117 16.4408095936 -9999.0 -9999.0 -9999.0 -9999.0 14.708751503 12.4823600327 -9999.0 -9999.0 -9999.0 -9999.0 -9999.0 -9999.0 -9999.0 -9999.0 -9999.0 -9999.0 -9999.0 -9999.0 -9999.0
-9999.0 -9999.0 -9999.0 -9999.0 -9999.0 29.9265002733 28.2724650748 117.570246855 144.654146025 172.685350926 26.3288952205 52.0643013608 296.915547909 51.8257346672 23.904474832 21.5288395525 18.5174318541 21.3941339513 19.2340154754 20.2268278197 3292.67878426 3341.5797282 15.8081678122 49.07872016 33.6857002877 128.694399909 32.9557618983 15.6692960089 93.4237796029 32.8167747832 78.7763687977 198.901832426 184.07694841 51.8180128538 50.2808725527 17.2481341016 17.0683088026 -9999.0 -9999.0 17.0483606429 32.1706989727 71.1475675998 13.4388569407 -9999.0 -9999.0 -9999.0 -9999.0 -9999.0 -9999.0 -9999.0 -9999.0 -9999.0 -9999.0 -9999.0 -9999.0
-9999.0 -9999.0 -9999.0 -9999.0 -9999.0 -9999.0 30.583672707 30.6637649185 58.3215124426 86.260792006 194.27665262 247.316606328 273.610064735 27.1501589047 20.8035076149 284.191537763 346.849848164 365.789354747 445.060005205 462.295171519 17.1240653804 3358.90770784 3439.68064272 64.2586870682 11.8425196908 142.574423616 313.936909126 124.228713616 29.573004267 14.7303154345 307.482887675 214.432625031 15.0217150435 14.9181781186 65.7595782913 50.1035841681 16.0469393602 15.4938018249 16.3890646786 32.8932041884 15.6141202777 86.7041004241 102.175579811 14.4694358856 -9999.0 -9999.0 -9999.0 -9999.0 17.3537834282 16.2023556986 4.46555676088 -9999.0 -9999.0 -9999.0 -9999.0
-9999.0 -9999.0 -9999.0 -9999.0 -9999.0 -9999.0 -9999.0 29.9890649726 26.2600171301 54.9840882547 82.7044456461 26.7246068931 23.7229299107 150.612301308 196.558822866 243.693900359 21.8605027722 41.4986509097 20.5839826649 480.624956655 1053.02439414 1067.34727598 4539.13945128 15.982180194 33.619908247 10.2237331601 328.55790372 14.8552280656 44.6861427439 14.4637554361 322.185902028 336.864591141 30.1669803578 29.4069008282 164.053846607 82.2368419146 31.8637930556 16.340776152 32.6149281323 48.7802452585 79.2327009944 14.8638711169 131.912181984 147.441520437 14.5672340181 15.3851870188 15.9457324659 14.7793391318 14.2627322489 47.783344606 17.3717014421 10.8396647816 -9999.0 -9999.0 -9999.0
-9999.0 -9999.0 -9999.0 -9999.0 -9999.0 -9999.0 -9999.0 -9999.0 54.919440052 79.420064441 26.3186226816 53.7195533255 78.76242723 128.743818664 24.9489106914 23.7975681137 19.6462919482 19.9058544365 17.2673970516 535.486257348 20.6896380809 39.9342390803 4595.93838927 4639.16823489 20.1135928941 73.2567277702 416.273889278 28.802254054 57.5328129114 26.4571251882 39.2023274945 393.23662061 43.4284624403 234.22602192 191.941014432 14.0699056306 77.8816426543 31.4520024796 47.0954003209 14.3833614089 93.9415197615 123.540592595 137.604841981 151.071569869 202.989776724 27.9746981989 29.2499623241 27.2901395962 26.1521902312 59.9447767381 11.69023048 40.1309407494 50.5542214698 -9999.0 -9999.0
-9999.0 -9999.0 -9999.0 -9999.0 -9999.0 -9999.0 -9999.0 -9999.0 28.8640406458 136.139537494 161.671015104 25.5362622844 49.6067828154 24.0103243069 21.5941676465 21.1386222642 271.106487001 359.321625651 439.039418303 519.973860745 20.0311903242 19.8431223806 20.8571188468 4730.9242347 4779.15960285 4799.89504165 552.775753209 116.047476346 100.11323638 12.569599283 51.1756479179 456.97297233 12.368262484 246.936561029 13.8535547051 100.068865072 93.391955538 14.7467860414 61.4928570817 28.623235821 42.5962827044 14.2824555442 13.1926834792 164.397607398 176.927527567 215.487712884 42.474440377 40.0056186812 38.4613411637 72.139893526 95.7797851195 11.7716905761 61.5087946802 11.5857660063 21.9675621467
-9999.0 -9999.0 -9999.0 -9999.0 -9999.0 -9999.0 -9999.0 -9999.0 -9999.0 29.32224673 188.621241056 213.512207905 73.7321469671 121.886109141 165.796802713 188.243113773 22.9251248825 68.1032357559 44.902220394 23.2950415723 22.3771872648 19.6074518669 38.9752459918 68.0144426337 25.8722125133 5399.40591026 5419.57740097 18.8982160625 12.9276278442 24.9924990846 37.2651754796 493.784921508 24.5235718533 258.282613953 151.374571778 125.624346181 13.8558428296 28.1007762656 74.3421812995 12.8085436115 55.0067629601 26.8839739724 22.0088610849 9.12589180656 207.532979604 433.681502035 52.3482758379 50.0160871561 48.5776862945 9.85208925067 105.704631441 9.65556059775 82.725960718 10.0549674529 32.3612612185
-9999.0 -9999.0 -9999.0 -9999.0 -9999.0 -9999.0 -9999.0 -9999.0 -9999.0 -9999.0 25.3073488994 264.399431409 23.8951684447 47.8238440358 69.1987477056 110.99368673 21.3631580455 44.7455360048 21.757467927 20.1022651533 18.5724391721 36.7412173995 16.0999248907 19.156170098 40.9212412394 23.7158754131 5441.13309471 5480.25612068 5533.43845108 51.5486183924 12.2534650279 24.3879717498 506.575602852 471.241475882 177.954320354 13.0277104839 54.9933747758 41.4353044165 87.2445510004 25.6044105976 107.301200515 39.4933146508 32.9173840788 6.86172968784 9.91076037439 446.767700928 458.934530579 571.881770698 79.5792742186 20.4230765338 116.570618095 136.748006137 228.84611314 19.9635652636 9.28469458507
-9999.0 -9999.0 -9999.0 -9999.0 -9999.0 -9999.0 -9999.0 -9999.0 -9999.0 -9999.0 -9999.0 13.2541265549 292.315724566 22.6403711678 43.612174665 196.180809575 21.4237613432 21.1433287978 17.925561669 38.8778224033 18.9224226085 74.3777147613 106.800616724 121.518696649 55.7261334978 72.798251453 19.7574282827 22.6113383924 21.2837931904 5617.72632873 5655.80855781 518.040926464 493.979167563 482.794344843 23.2587877588 11.2335725672 66.9496321901 178.296305624 99.4313079523 37.6253614473 156.941412198 64.4468747781 53.1184675545 12.6522302535 5.6257484243 5.34456234064 6.60614089453 606.246105887 718.881640189 9.76514103208 9.08186918602 9.76946046176 238.279327738 266.911125313 16.6940498179
-9999.0 -9999.0 -9999.0 -9999.0 -9999.0 -9999.0 -9999.0 -9999.0 -9999.0 -9999.0 -9999.0 12.0707687907 321.4865591 393.313697417 21.2456402842 238.28952227 19.4164255557 18.1695494025 35.9398728996 93.4152408991 17.9087020796 19.3104995415 15.7307677506 152.901569884 167.475665126 256.144977574 290.604866306 307.324925935 325.897522835 343.734596421 6018.97686811 6568.75259577 7093.74315539 7108.79994994 13.3201317445 11.4563608114 202.316906215 190.445505903 11.8670297356 11.8039242106 168.651278572 245.372512212 9.79140468442 120.792346218 113.006348429 28.9267889797 14.4820653326 24.0039448318 13.0358182262 741.725760781 11.6827877561 29.4970336586 38.6546874004 332.616336568 354.252426084
-9999.0 -9999.0 -9999.0 -9999.0 -9999.0 -9999.0 -9999.0 -9999.0 -9999.0 -9999.0 -9999.0 26.4950341858 50.3713940882 416.502755642 456.011205433 20.1297557297 275.940639205 16.0880331249 49.6782936549 109.836980345 34.2499859773 16.2228739987 34.2192140261 13.8899004191 26.3709621801 12.5572439836 11.2690711832 8.99966172668 8.25101212839 8.28910748628 8.97877961631 12.855361678 16.5508222022 19.9205242247 7157.75429195 255.697435276 230.601614874 13.2065959799 34.3959408595 8.46050049027 7.15913735315 256.488356138 411.547528484 133.569352364 101.469121589 16.962343727 7.45061636947 6.64953612581 16.9305165802 770.345941294 792.724327135 11.611437885 11.8799807858 9.6580852724 5.94729283307
-9999.0 -9999.0 -9999.0 -9999.0 -9999.0 -9999.0 -9999.0 -9999.0 -9999.0 -9999.0 -9999.0 -9999.0 21.6937548039 306.828059407 784.038193641 848.702401283 1143.10544964 1160.94480222 243.753210613 177.572500894 50.9213721974 15.8677554028 65.3727652587 80.2979342553 119.586924387 25.9884820378 23.4808266536 21.5293747609 41.8348880713 20.0545721394 20.1354729601 9.23383109511 6.34174605174 8.12491849719 7172.71149267 7435.56172156 7451.18605147 13.9751690054 100.543114366 38.7458309525 11.8849121142 450.432572614 27.9643795043 14.5999752053 61.2621986612 12.261053045 10.9154082725 21.1244618994 30.6068653416 41.3408086163 812.074591681 9.2017032692 8.17277787716 8.16507806116 6.14885814883
-9999.0 -9999.0 -9999.0 -9999.0 -9999.0 -9999.0 -9999.0 -9999.0 -9999.0 -9999.0 -9999.0 24.6891606308 234.458229061 284.223022343 44.8106387926 13.2813573703 29.6685984814 1208.8989882 1225.48811333 1485.73892945 14.282526105 29.9305159791 12.8215720777 13.13250862 132.440976386 171.23421992 206.277902487 11.3263132153 53.1715172758 84.2432311943 50.576057097 19.9829689224 14.8310313089 14.0167640698 15.6556832739 9.73750539617 7465.07279568 7477.03604481 7601.03533055 20.7132851065 10.7172541651 461.340212224 29.3232913524 15.3931192462 17.0781117331 16.911141654 14.7667523681 26.8043769871 76.7032953462 129.848273008 951.285093971 7.01514662477 21.2353511373 14.4515068868 11.8760933917
-9999.0 -9999.0 -9999.0 -9999.0 -9999.0 -9999.0 -9999.0 -9999.0 -9999.0 -9999.0 -9999.0 25.3845606036 164.251429471 25.5988123172 21.7258674935 115.653689189 134.891703041 153.961813065 170.539091137 2018.27620008 2032.35105583 2060.26074615 2284.64916725 2325.9323552 2349.64867156 2363.19708836 2598.00054681 2627.86016936 2639.74228695 2736.90608052 2800.23626527 2811.02576502 2845.24475897 24.0573295151 22.4085558443 5.72084784978 7.08134282939 7489.30131004 7645.33807054 32.4369887426 537.235554703 527.178962135 55.0025117065 12.930409379 13.286054292 12.6995444743 12.8764644108 26.1081308024 38.1544952874 12.3409807295 960.266923692 969.806722727 1013.8200963 1021.79156996 1041.17872255
-9999.0 -9999.0 -9999.0 -9999.0 -9999.0 -9999.0 -9999.0 -9999.0 -9999.0 -9999.0 -9999.0 85.1602169218 112.327517995 51.6536777995 75.7456768601 23.7189945972 269.052607587 289.400278344 329.404400853 345.339389281 129.661675 2214.43721133 2228.53901766 14.4175431313 10.4237724116 9.22864084893 20.1647789616 9.28949405761 6.7155455539 5.82212590276 6.451526071 2820.50797219 2855.43694168 2890.96143164 2923.16525291 2948.70041885 11.8530513812 4.48859502018 8214.40075203 557.797820241 548.08439058 11.3659392107 11.00796583 10.1878716081 23.5782123216 23.0917497436 10.3732396699 10.4510962928 9.64019003155 21.6497188369 29.4293866124 6.56542231409 11.8376867382 4.36826658285 2.34072338314
-9999.0 -9999.0 -9999.0 -9999.0 -9999.0 -9999.0 -9999.0 -9999.0 -9999.0 -9999.0 -9999.0 -9999.0 57.5177379974 26.6462439219 23.8679732939 228.408864466 249.694799643 21.27035784 82.0186064545 100.628446999 116.407098653 17.870287109 14.3220125682 337.357643144 349.642988139 361.098688734 923.503017157 931.939865017 945.430452943 1023.68998043 1062.84457699 1068.17169662 4.86132335402 5.27887707061 5.36958472946 2965.78858788 7.107747386 8316.93568787 8304.97567524 80.8026599103 69.3326313332 42.9089500095 10.6171273095 20.2891293969 34.0469233499 33.6195875956 20.2414980369 9.89686167158 19.3972180608 18.8352757897 37.5701940197 4.67585496389 16.4610075405 27.9774322259 33.1798435068
-9999.0 -9999.0 -9999.0 -9999.0 -9999.0 -9999.0 -9999.0 -9999.0 -9999.0 -9999.0 -9999.0 -9999.0 29.7313632694 82.0959170806 106.847231957 181.546125432 21.3259538562 43.3309851841 63.5470880248 248.289486051 264.009010462 275.749708266 290.8848099 309.350688331 474.810998077 526.235808148 553.199126962 10.1947992038 62.7421435926 72.1974961065 1045.44602933 1076.37789477 1089.79032504 1103.28728559 1115.36650461 4090.15017403 8.72879082423 8350.77460539 15.3200743801 6.58604055678 58.8280442999 50.9756090574 6.66069988934 28.7063645422 42.7062939879 42.2627880061 28.2675726489 46.1620731863 72.823379728 26.5297515593 71.3344685113 5.10117423682 7.55657714241 2.16488953217 1.77260026371
