data/baseflow/mHMbf_acc279.asc
ncols                  80
nrows                 72
xllcorner      4374000.0
yllcorner      5656000.0
cellsize            500
NODATA_value       -9999
[rows 25 to 49 of 72, columns 0 to 54 of 80]
-9999.0 -9999.0 -9999.0 -9999.0 -9999.0 -9999.0 -9999.0 -9999.0 -9999.0 -9999.0 -9999.0 -9999.0 27.5079448407 55.0402428676 26.1632164828 52.3217328273 23.1724114547 176.147695555 220.374332069 242.792470407 20.9349651194 40.9013955589 383.801653008 478.096111597 493.571520958 34.1523291421 31.0243288789 44.602756055 9.75135081718 9.26087700916 17.6421597166 8.17176697482 547.223450894 557.862112948 564.752725927 4762.94495548 9738.16636244 9684.18044459 12.9209424443 5.8930774411 5.56582833424 27.3803954737 21.4565121591 55.6387884351 78.7527263728 158.11109221 14.2070940793 14.138345655 130.047541133 142.67935841 274.630079182 281.938884426 300.757154108 307.043100896 5.33121936177
-9999.0 -9999.0 -9999.0 -9999.0 -9999.0 -9999.0 -9999.0 -9999.0 -9999.0 -9999.0 -9999.0 -9999.0 -9999.0 26.9591364214 53.5123287018 80.1045796268 127.988193255 24.8835819097 22.5469739043 149.224135744 170.376409672 345.66465498 366.803835724 59.8575327967 19.8887355853 17.4730281824 15.2388323616 490.677064369 501.771437689 512.067794241 520.825848714 537.649868747 102.935036333 110.562977541 681.291438141 15187.6045792 45.4759613821 36.5892705039 19.1076946812 5.2335415586 4.80355745021 37.874688215 41.6321937548 66.1338671788 5.59383200165 165.489559562 23.7701432299 23.3802819513 5.32179901895 3.47601240872 2.77875519473 2.66011786244 2.72961910797 310.029140148 3809.27765553
-9999.0 -9999.0 -9999.0 -9999.0 -9999.0 -9999.0 -9999.0 -9999.0 -9999.0 -9999.0 -9999.0 -9999.0 -9999.0 -9999.0 25.4873732101 46.2501123732 63.9603150062 81.7980183956 104.258419366 127.133561743 67.7877945364 112.609583943 21.1285775414 20.3958051777 401.666399728 440.514276394 458.901673653 477.59112488 13.3892432156 24.4624097644 67.8285910459 80.6051947453 92.3401748629 9.25927417009 5.52580659752 15208.580905 8.41081294819 10.7119272723 5.338708882 20.1828559955 9.87947210765 4.71585978285 112.26998226 115.842357725 3.19338445606 168.862789784 195.804361124 26.6129318692 3933.16707275 3924.80647195 3918.10077559 3905.9698782 3900.75850717 3827.84766485 3824.95483094
-9999.0 -9999.0 -9999.0 -9999.0 -9999.0 -9999.0 -9999.0 -9999.0 -9999.0 -9999.0 -9999.0 -9999.0 -9999.0 -9999.0 4.32438627941 9.81200724755 17.6203353911 149.883495764 173.565799614 23.8986498166 22.5813909656 22.5994281546 320.183847051 362.965825562 20.5215262132 20.635206021 18.0472573269 75.2557634789 93.7206041082 42.8648733751 56.2416864822 425.008656701 439.783680039 461.535556998 727.937735187 15942.1938268 7.52085686489 4.43861647984 29.8367980842 25.1529359009 4.05150120859 13.1107227877 17.2497284899 119.924539322 123.253977617 327.656446014 198.141428738 30.0770865604 4005.8205656 27.6125179971 3912.27452447 3909.23527126 67.9769110314 4.43991104198 11.7307240019
-9999.0 -9999.0 -9999.0 -9999.0 -9999.0 -9999.0 -9999.0 -9999.0 -9999.0 -9999.0 -9999.0 -9999.0 -9999.0 -9999.0 21.4540328669 35.3460075555 74.8364780152 127.996023678 188.469049774 233.042922681 255.477784904 278.088194162 299.792151228 21.0533127564 19.5471486936 38.7112233671 37.2073899504 19.5646905035 365.937988562 384.098780918 400.987571227 417.074706828 238.683542188 250.860125017 260.607466547 15947.1283701 13.3099158866 10.4461539941 44.2669019966 5.0120005659 8.02423203568 4.02236026834 3.93926954258 20.992886238 2.91703443384 3.00794819932 4349.08763984 4018.89878388 4015.82964816 10.9339186515 25.0588552245 16.5479885768 4.13917218439 60.86994751 18.1310184203
-9999.0 -9999.0 -9999.0 -9999.0 -9999.0 -9999.0 -9999.0 -9999.0 -9999.0 -9999.0 -9999.0 -9999.0 -9999.0 -9999.0 14.7554476371 13.5962050127 26.5589897288 40.4867829234 23.0528972256 25.6852501062 49.1718948164 72.4140078314 116.744128877 138.433605152 157.678605683 216.204850831 234.612174676 254.640079533 18.4903966471 182.080350159 198.171370955 212.940863851 12.2922350164 7.37651905698 12.3892833064 16217.9401693 16222.6291253 16243.8762234 58.9784852527 10.5197053502 11.9144533656 3.73014586798 7.05794430934 24.1874271546 29.8614478198 5.53950822454 4362.04464939 3.79594947601 5.92191252074 6.73883557306 4.74532197382 9.06995306597 3.83822897916 38.4663016687 30.4320585915
-9999.0 -9999.0 -9999.0 -9999.0 -9999.0 -9999.0 -9999.0 -9999.0 -9999.0 -9999.0 -9999.0 -9999.0 -9999.0 -9999.0 -9999.0 12.8077807439 25.20784943 12.3950473186 26.240594605 167.122925184 187.71714218 210.268645273 21.9656493245 21.9574221843 41.1923432087 61.2255929523 97.6643816453 116.658978952 127.950358453 145.660988893 15.3724434683 14.4547706085 235.772420604 242.820064479 248.111635614 253.324074966 207.212890964 16472.7290325 16562.9239462 16567.8575728 16584.215849 16603.523347 16614.0870238 3.00598997866 32.6566848485 4364.92215963 6.95488184891 3.55326067961 3.17253557632 2.83514738055 5.20276130092 5.4205100976 3.02692125716 4.1438028381 4.0141539353
-9999.0 -9999.0 -9999.0 -9999.0 -9999.0 -9999.0 -9999.0 -9999.0 -9999.0 -9999.0 -9999.0 -9999.0 -9999.0 -9999.0 -9999.0 -9999.0 37.4639048013 50.9569432216 91.133562013 125.048205534 19.2580011662 253.893652598 275.30143223 295.789202091 19.8947636416 39.5517877319 17.9542084085 134.046484867 144.698715632 161.0397611 177.721174663 218.756747446 224.974939577 3.95301637717 187.380838687 197.625516596 202.36013509 223.872370528 26.28750673 16.3724436564 9.88611301413 9.59175326671 16623.7029033 16628.0798843 16681.1048075 4367.86648536 17.9793537715 8.43758661672 5.58323035046 2.0421740744 16.3471744551 8.69719941477 2.77035580325 14.9662362279 12.5206246073
-9999.0 -9999.0 -9999.0 -9999.0 -9999.0 -9999.0 -9999.0 -9999.0 -9999.0 -9999.0 -9999.0 -9999.0 -9999.0 -9999.0 -9999.0 -9999.0 13.0469227439 64.0114016848 78.3281741619 20.4453718497 23.4169966968 47.4478318125 69.7420171779 386.321515616 20.1729894748 80.3905528639 98.9019480724 117.13035706 11.0684069951 26.3613230909 35.76952037 150.637360992 168.572061787 173.240900414 5.22362814743 5.23449359808 6.38442665218 11.763845457 5.14426141057 5.46205525515 7.60984324364 7.6274435009 7.70476974645 16.9730527453 16685.73902 21065.098491 21.4417958955 3.77774720232 2.0006740642 51.0365644357 46.6539272122 27.5151802558 24.7122680761 18.582867949 4.05224140294
-9999.0 -9999.0 -9999.0 -9999.0 -9999.0 -9999.0 -9999.0 -9999.0 -9999.0 -9999.0 -9999.0 -9999.0 -9999.0 -9999.0 -9999.0 10.7693744399 35.5768802939 11.7318740082 23.8416696658 25.4043138895 49.1398155768 72.5301733619 92.4707620655 492.515258846 512.048211997 19.8797435514 38.3938299557 57.051821781 71.0346265125 86.6527854107 134.202070472 144.831287599 11.6017556248 9.1154414372 7.38186467742 6.64104368522 7.86899551229 8.72470086252 7.75194820857 10.3813521597 24.802561235 11.8413695799 3.6166564366 3.47734045231 3.8074768754 7.32115340314 21215.6190052 123.915928729 59.1496405399 3.88493528323 1.67248291894 1.75904585941 6.62758910951 4.75616851157 2.49903508059
-9999.0 -9999.0 -9999.0 -9999.0 -9999.0 -9999.0 -9999.0 -9999.0 -9999.0 -9999.0 -9999.0 -9999.0 -9999.0 -9999.0 11.4323108095 21.8684171358 78.5032759464 10.0210541845 41.9356894258 66.9699112896 90.6273621851 24.1177207441 45.2860746031 62.7480845926 587.869636366 19.1881756006 36.9182403277 55.2150639901 17.19629701 34.1205578607 45.3945237827 56.0879297807 1127.45203216 1144.57661351 1158.86507853 1212.2411794 1235.35546542 1278.97058374 12.1304367218 27.3094411576 29.4842926166 1403.17501413 1410.56616726 3.3128136044 6.4578813725 9.49744704372 21218.6430496 115.846307013 52.1170017751 50.2393681205 40.6486167388 36.3884978832 8.82526432864 2.04389644441 4.31355412087
-9999.0 -9999.0 -9999.0 -9999.0 -9999.0 -9999.0 -9999.0 -9999.0 -9999.0 -9999.0 -9999.0 -9999.0 -9999.0 -9999.0 11.8582546765 35.5172564507 125.662505762 182.691064247 8.52679450463 236.31824634 339.910663057 22.3942032884 43.456625388 62.3468891647 763.120153314 777.537846367 14.0605991022 83.6295227814 97.6729484502 111.712642285 1019.58423413 1047.73038271 1061.80611432 6.65649280617 39.1799973135 46.092477758 19.2322890416 27.3655995608 1318.43998946 1357.23864849 1363.57489232 1369.56137303 1418.41813807 3.84845123011 3.42139179929 15.8096116154 21221.9731969 2.71501504799 2.81392478106 7.95659516174 2.75848919374 33.1159508717 27.0454152283 15.7691527192 11.6331783133
-9999.0 -9999.0 -9999.0 -9999.0 -9999.0 -9999.0 -9999.0 -9999.0 -9999.0 -9999.0 -9999.0 -9999.0 -9999.0 -9999.0 -9999.0 -9999.0 24.050261923 47.4319544024 214.159374453 225.733414442 349.87105659 362.70344101 21.8965386994 43.7762228991 102.205118036 787.352240213 814.18937691 825.20895598 9.35277319968 866.591566004 896.001661259 17.4349928085 6.73764377328 13.9317907828 26.5847828173 6.20626340171 12.2844139513 27.7369663145 33.9485251695 5.82662911298 4.22382414244 8.37748239656 1450.51709707 1460.53791812 1463.64538928 1486.74918778 21225.1459943 1.77902867519 2.25704924909 2.29432634128 2.19524697286 2.23597852275 1.9574828164 3.72971436762 1.46576036067
-9999.0 -9999.0 -9999.0 -9999.0 -9999.0 -9999.0 -9999.0 -9999.0 -9999.0 -9999.0 -9999.0 -9999.0 -9999.0 -9999.0 -9999.0 -9999.0 12.2335421094 11.8352212105 11.5561669794 23.3817621914 9.84334706898 382.469849201 394.329490704 19.8677326022 39.9740250617 16.6893334482 12.989713166 12.6005182222 848.18473272 9.73663168137 19.5703813637 9.39551429669 7.82636483008 6.46755823459 5.22662756633 5.39582604801 16.437968617 22.3933153402 4.42388021445 3.77802900111 7.97280922291 12.9491427822 18.3399111965 5.50510077416 1467.65236939 1489.85786823 21227.5798839 9.79201085839 6.406878567 1.61665561236 3.53084943549 1.3578603224 1.0627485998 4.86972233252 7.74895629159
-9999.0 -9999.0 -9999.0 -9999.0 -9999.0 -9999.0 -9999.0 -9999.0 -9999.0 -9999.0 -9999.0 -9999.0 -9999.0 -9999.0 -9999.0 -9999.0 -9999.0 -9999.0 11.7260407016 33.731335446 42.4527622828 51.9549966744 404.296179245 415.176907756 426.565612444 441.103392825 453.468046082 478.827577989 488.108471878 497.429029976 505.502962224 7.19843499414 6.91809565506 6.86726913338 23.0994792045 5.87582376827 5.65419004645 4.69852910996 13.5168633243 4.75019520953 3.80711168598 3.5857255424 3.07777811616 6.14418911007 8.89695897626 1507.93699423 22748.0747869 1.56473036129 3.64076898349 1.45845031837 5.10381058139 3.21954957298 2.13670248491 19.1788590641 13.0704370948
-9999.0 -9999.0 -9999.0 -9999.0 -9999.0 -9999.0 -9999.0 -9999.0 -9999.0 -9999.0 -9999.0 -9999.0 -9999.0 -9999.0 -9999.0 -9999.0 -9999.0 -9999.0 -9999.0 9.21843118791 77.0646424026 149.678322796 159.766571497 18.7314125592 38.6855456737 59.099701656 75.6179619042 184.716173719 192.405351391 7.4047043882 7.3601329944 520.508830362 534.169708851 540.507385146 27.7546644836 3.79998713754 9.04970513414 13.5132850096 41.2881212511 50.4501273452 57.7715421175 6.83187798517 9.58948175598 3.17717850468 6.22932722725 3.1370655388 22754.3320789 1.49556805939 6.45421324393 3.41063387627 10.2255453067 19.8156214075 22.9141156571 43.0253658196 17.4594847619
-9999.0 -9999.0 -9999.0 -9999.0 -9999.0 -9999.0 -9999.0 -9999.0 -9999.0 -9999.0 -9999.0 -9999.0 -9999.0 -9999.0 -9999.0 -9999.0 -9999.0 -9999.0 10.7449353482 34.9063327959 67.992470973 88.3075881855 222.953304263 237.99514479 42.0922909482 62.7660780665 81.0440662495 96.8279977425 201.076062957 216.476362503 392.563355953 407.00698082 413.830129496 546.150389472 586.812842762 8.6698179229 5.53734332146 5.25309518543 10.0202293252 4.61329292364 66.719954108 70.2284369535 12.6359416278 16.813047351 3.12160928536 4066.77664582 4073.07445421 26831.3209472 26840.3621033 1.44888422254 13.2229393962 1.80444197343 1.7076771996 47.0014657947 66.1892284927
-9999.0 -9999.0 -9999.0 -9999.0 -9999.0 -9999.0 -9999.0 -9999.0 -9999.0 -9999.0 -9999.0 -9999.0 -9999.0 -9999.0 -9999.0 -9999.0 -9999.0 -9999.0 -9999.0 12.7391298688 12.3917940534 22.9186934933 53.8446765191 248.837170779 21.5169491702 21.353080596 39.1260501589 57.3525344038 139.973585089 151.760703145 9.69047113897 9.60922631865 422.137723328 427.236088794 1019.52267239 1024.19440829 3.32452447656 3.02638937976 2.65474990265 2.67448079525 2.93231353771 4000.63294254 4020.7808273 4042.45838472 4050.36015859 4063.13353776 3.34198705193 12.4760856436 15.3106590998 26861.3631316 26863.1733622 26866.805141 26871.5100177 26875.6845921 68.7579326656
-9999.0 -9999.0 -9999.0 -9999.0 -9999.0 -9999.0 -9999.0 -9999.0 -9999.0 -9999.0 -9999.0 -9999.0 -9999.0 -9999.0 -9999.0 -9999.0 -9999.0 -9999.0 -9999.0 -9999.0 10.9654352745 11.6834856137 21.3511391008 290.814215306 303.419354916 21.0984526631 38.7085270828 57.2311481107 71.8441678258 13.2531126459 24.882128136 783.773631991 790.373729142 797.876336152 849.015509283 1879.67732998 3863.82113023 3871.85503816 3879.18199644 3886.39599977 3917.11350554 3926.83476222 16.7863860053 7.52439529897 4.27464209012 8.12916526414 6.19968017028 9.73254717174 3.0253871166 72.2980422966 77.9181343408 82.2020280756 83.9305268688 26877.7648817 26949.6308588
-9999.0 -9999.0 -9999.0 -9999.0 -9999.0 -9999.0 -9999.0 -9999.0 -9999.0 -9999.0 -9999.0 -9999.0 -9999.0 -9999.0 -9999.0 -9999.0 -9999.0 -9999.0 -9999.0 -9999.0 -9999.0 11.2318417056 21.4365515771 31.7741698725 312.738130499 15.1657267692 442.229727152 461.223726951 475.061986731 487.69304251 735.362617542 747.636735797 6.5490143465 37.5142166735 44.809534254 6.07923142306 1976.33679412 1964.79201996 4.05181406819 9.06425056107 23.9004475921 5.16138018582 5.15503635682 3.79018976382 3.25297776365 2.66516974182 2.95622322727 62.887288359 65.8741211447 69.3484258973 3.19263524032 2.44368675434 85.4687713202 87.4165981965 88.7975227165
-9999.0 -9999.0 -9999.0 -9999.0 -9999.0 -9999.0 -9999.0 -9999.0 -9999.0 -9999.0 -9999.0 -9999.0 -9999.0 -9999.0 -9999.0 -9999.0 -9999.0 -9999.0 -9999.0 -9999.0 -9999.0 9.95989027497 9.30701999428 48.6618025002 383.193888796 409.594962667 424.632830253 16.5511231783 215.524751374 228.7863111 235.08123698 11.5172908263 18.9716253214 24.6758590409 447.765335372 452.93879892 457.616228414 1956.29470491 1204.21031498 4.80622940202 5.01857982828 4.86509027558 3.95075747514 39.2890004343 46.4745216085 52.9249303977 56.3833189284 59.7376405456 454.100971683 456.683519199 460.507629037 470.150935599 501.182839185 502.809521902 593.352068123
-9999.0 -9999.0 -9999.0 -9999.0 -9999.0 -9999.0 -9999.0 -9999.0 -9999.0 -9999.0 -9999.0 -9999.0 -9999.0 -9999.0 -9999.0 -9999.0 -9999.0 -9999.0 -9999.0 -9999.0 -9999.0 -9999.0 19.4971830135 30.0412387111 12.0682140896 21.612338918 157.390276303 174.297999384 186.193905856 90.9727271615 101.790167829 112.813688084 120.199194981 436.785075045 443.450243006 279.855888796 742.800678117 747.778658771 1200.27791995 9.84510068187 5.00928215299 3.82103378972 27.0905105958 31.6676225374 2.78036155935 2.55705174986 443.179863139 448.998406412 451.739907514 4.33873100647 6.76868744902 496.997137809 2.57891422731 10.8942002485 12.2950535446
-9999.0 -9999.0 -9999.0 -9999.0 -9999.0 -9999.0 -9999.0 -9999.0 -9999.0 -9999.0 -9999.0 -9999.0 -9999.0 -9999.0 -9999.0 -9999.0 -9999.0 -9999.0 -9999.0 -9999.0 -9999.0 -9999.0 9.83961207636 19.4183338691 85.7214069941 99.0063796738 116.532803689 67.577183021 80.509872958 10.5981146649 291.651062906 301.303676327 310.263331078 7.10007192371 267.319001584 274.196886355 5.36298495157 1174.97640441 10.9110770798 5.50730498249 14.3794279567 19.4025864993 3.93649340124 3.35393294576 412.308053924 437.869127838 441.196763409 3.52395660563 7.95789225595 10.1275207861 12.0265398705 23.407752856 4.05533591332 8.85691713445 1.9124681242
-9999.0 -9999.0 -9999.0 -9999.0 -9999.0 -9999.0 -9999.0 -9999.0 -9999.0 -9999.0 -9999.0 -9999.0 -9999.0 -9999.0 -9999.0 -9999.0 -9999.0 -9999.0 -9999.0 -9999.0 -9999.0 -9999.0 9.64429068851 30.5785877246 55.9218082554 16.3243758201 36.4937155233 53.016681765 248.904251491 261.327046428 271.538150807 9.58875263736 219.98205118 247.079738766 254.469480695 6.01444298908 1152.65011903 1164.6313786 5.62283326713 5.23051444817 10.2485116685 4.28088641075 391.161570545 398.928443652 403.217686388 16.4284769791 19.9111281919 3.10734532865 5.62641379513 2.53708612914 17.4726221786 2.57517178503 2.21849127362 2.35508504993 2.39305258091
-9999.0 -9999.0 -9999.0 -9999.0 -9999.0 -9999.0 -9999.0 -9999.0 -9999.0 -9999.0 -9999.0 -9999.0 -9999.0 -9999.0 -9999.0 -9999.0 -9999.0 -9999.0 -9999.0 -9999.0 -9999.0 -9999.0 -9999.0 10.671665441 13.4034466798 19.7372658662 173.483393228 188.813764864 234.91367499 13.0313093145 179.198575087 201.689261135 9.72531957445 19.3162632312 6.95019201104 1134.18371663 7.04420431485 18.2122990922 22.8023979904 27.2925152976 365.501029594 379.036807252 383.603090946 4.64449494386 8.73473520872 12.5044059792 2.3769952124 2.0938103786 1040.32968853 1042.43804435 1044.22125661 1060.61818094 1062.78395167 1065.4041154 1067.44608652
