data/baseflow/mHMbf_acc604.asc
ncols                  80
nrows                 72
xllcorner      4374000.0
yllcorner      5656000.0
cellsize            500
NODATA_value       -9999
[rows 25 to 49 of 72, columns 0 to 54 of 80]
-9999.0 -9999.0 -9999.0 -9999.0 -9999.0 -9999.0 -9999.0 -9999.0 -9999.0 -9999.0 -9999.0 -9999.0 27.291530422 54.2452188004 25.498040729 51.3293877435 23.1410581794 175.368989746 220.601367894 243.054372314 20.441285055 39.0504460872 388.488897474 478.671695907 494.323930905 35.4747054805 34.5015423797 49.169775146 8.34083557285 7.69389399844 14.4607525044 6.97721547922 574.497575503 582.99151093 591.583109967 4533.1645307 9492.76224996 9443.35324417 9.93967621958 4.72862016299 4.41216744401 20.8824955012 16.7138264505 47.2934619641 69.268307069 138.844708182 11.740279891 11.6481171707 110.724304986 121.207418279 230.978943162 236.451716552 250.02420153 254.162832839 4.18377999506
-9999.0 -9999.0 -9999.0 -9999.0 -9999.0 -9999.0 -9999.0 -9999.0 -9999.0 -9999.0 -9999.0 -9999.0 -9999.0 26.4130334184 52.6892270839 78.9543195972 126.919927244 25.3670561535 23.3475594186 158.733369226 179.840125161 353.589229357 373.683981719 56.87392874 19.6286971221 18.2429856322 15.970740152 525.700311907 536.191413686 545.370180335 552.61826273 566.830369305 90.6404161281 97.0714186017 694.845855087 14724.5773513 39.0858688885 31.1361054163 15.1308942656 4.10429888597 3.55432304328 29.1570683485 31.7670421826 54.3524776452 3.67771375189 143.896767976 18.8935579971 18.4924561571 3.50109387075 2.1966520029 1.84063987104 1.80424515959 1.80916742304 255.983871959 3291.44316248
-9999.0 -9999.0 -9999.0 -9999.0 -9999.0 -9999.0 -9999.0 -9999.0 -9999.0 -9999.0 -9999.0 -9999.0 -9999.0 -9999.0 25.5892102618 48.3214130086 68.3948267115 88.9393217841 112.174462174 135.929028458 69.0388318042 113.579767025 20.103536518 19.6710214959 437.67912058 475.520320116 493.137892539 511.861819333 13.1760787567 23.6712947949 62.4695068073 72.521909284 81.9527066255 8.13599850567 4.73989326762 14742.7102882 7.31817690813 10.6707883877 6.22994047859 17.3791535548 7.74037581906 4.72042222765 89.7257943386 92.4625782649 2.1988968545 146.322860752 168.231720309 22.667112425 3381.76909313 3375.29044264 3370.6343275 3362.31142446 3358.91874098 3303.90040067 3300.96831712
-9999.0 -9999.0 -9999.0 -9999.0 -9999.0 -9999.0 -9999.0 -9999.0 -9999.0 -9999.0 -9999.0 -9999.0 -9999.0 -9999.0 5.08113044713 11.5779838638 20.1086935021 181.28151842 205.465494803 24.3051764811 23.2750340849 22.5257433189 357.170370814 399.472485692 20.0259162603 19.9999907369 17.0700686785 69.7274780237 86.4640844274 40.7912484821 51.5554039675 402.329789711 414.402988027 433.861432738 679.595656908 15427.1716715 7.80552334882 4.77137273098 26.5368227734 21.3755655312 2.90203868804 10.8338553685 13.8550027571 95.5989532867 98.0263244247 271.6898468 169.364760197 24.3264841681 3438.51759384 20.5492584201 3366.74962598 3364.6590629 51.9211728061 1.61105061167 6.32505625646
-9999.0 -9999.0 -9999.0 -9999.0 -9999.0 -9999.0 -9999.0 -9999.0 -9999.0 -9999.0 -9999.0 -9999.0 -9999.0 -9999.0 26.238998511 42.8907291885 89.9655565281 157.437579937 223.442367056 269.693734987 292.417126116 315.298192975 336.919150026 21.0107988778 19.0416766125 37.2569902149 34.8308397294 18.0004220395 351.394336152 367.740784759 382.477241745 396.378026129 217.844752808 228.79166559 240.395230778 15431.3108606 13.0789703376 15.8560766654 45.6282304713 4.17686758593 5.94280101728 3.06015018241 2.79753050771 16.5427567621 1.95260420908 2.0701930669 3722.19465992 3448.97311212 3446.88328475 9.31864778146 18.8463654148 12.2380176245 2.74222843527 48.2750552698 12.9222132085
-9999.0 -9999.0 -9999.0 -9999.0 -9999.0 -9999.0 -9999.0 -9999.0 -9999.0 -9999.0 -9999.0 -9999.0 -9999.0 -9999.0 18.2629075648 17.1307270258 33.5947975706 51.010080352 23.4167075275 24.6241534768 48.3409610874 71.6653268351 115.016435473 136.543481925 156.019149767 213.197000915 230.654184825 249.272009912 16.5583813683 170.76699263 184.67699233 197.194313931 9.71942999101 4.47368617822 8.17016286688 15671.2816337 15675.0583782 15696.2127947 57.4070355625 8.6007432091 11.7183412864 3.8223481825 4.79014206939 18.6163210132 22.285629883 3.62903741357 3731.16282999 2.76126630265 5.02072657069 5.77106915981 3.77325588342 7.34770243037 2.90787766729 32.6953267221 25.8333837715
-9999.0 -9999.0 -9999.0 -9999.0 -9999.0 -9999.0 -9999.0 -9999.0 -9999.0 -9999.0 -9999.0 -9999.0 -9999.0 -9999.0 -9999.0 16.3588687549 32.2500389969 15.9241462077 32.7904005285 205.416170885 227.040557553 250.165329826 21.793319011 21.5830202746 41.0886344068 60.6094590813 95.4347367911 112.971980813 122.461234804 138.112501826 13.1082319438 11.8054156395 214.609333277 218.857973874 223.175531158 227.543929974 180.044775656 15893.5539233 15976.3184279 15979.8121129 15994.314103 16009.6948445 16016.28879 1.65943856789 23.9361944069 3732.67158643 3.84624702262 1.9806460173 2.13191149357 2.07994601753 3.70452781895 3.8693851284 2.26748637428 3.66113749215 3.50283011721
-9999.0 -9999.0 -9999.0 -9999.0 -9999.0 -9999.0 -9999.0 -9999.0 -9999.0 -9999.0 -9999.0 -9999.0 -9999.0 -9999.0 -9999.0 -9999.0 47.8491110421 64.7266898602 114.726598061 154.21797699 21.3724128849 295.549478692 317.04162334 338.068083986 20.2452320744 39.9792951648 17.5537851166 132.67184801 141.509990134 155.750058608 170.211772303 203.735940306 207.715289972 2.73030329729 163.598059242 172.095754311 176.103708275 193.343369975 21.5781023749 13.6387684072 8.26694379297 7.52602177287 16026.0598062 16028.478641 16063.0913868 3733.98235337 10.6568308839 5.58645680447 3.72639969109 1.26561154248 11.8242780672 6.44993995265 2.04227920464 11.7212378808 10.0193770917
-9999.0 -9999.0 -9999.0 -9999.0 -9999.0 -9999.0 -9999.0 -9999.0 -9999.0 -9999.0 -9999.0 -9999.0 -9999.0 -9999.0 -9999.0 -9999.0 17.1152971049 81.4811957946 99.1127238088 22.9000044718 23.4736360547 46.9060332042 68.2605342039 427.589803136 20.2528747465 81.0478457394 99.174994613 116.909878371 9.44577260365 22.5450201196 29.3891548474 134.807285823 148.324172468 152.216190773 4.46718720097 4.17701847632 4.92055095914 9.13261727583 4.01163643166 4.22636087676 4.5587834112 5.11176610089 2.73632251039 9.03207555039 16065.8700814 19806.2088504 16.6609331936 3.65128076158 1.4782083659 38.2918625032 35.5006407187 21.6323959884 19.5670232263 14.7664637219 3.65609643626
-9999.0 -9999.0 -9999.0 -9999.0 -9999.0 -9999.0 -9999.0 -9999.0 -9999.0 -9999.0 -9999.0 -9999.0 -9999.0 -9999.0 -9999.0 14.4652963118 47.0306712302 15.4927794489 25.4832663354 25.7956583413 49.741015261 73.1608874215 93.6623299735 537.251287521 556.877836146 20.1057316657 38.4006291038 56.7795110823 68.5865647934 82.229426753 120.532900612 130.168038592 8.37034033613 7.04763331288 3.74642368807 3.64751949081 7.06709336877 6.81896126201 6.98135412801 7.94271039976 19.1529130749 7.61657107808 2.28578196686 2.17557350553 2.23306744117 4.16016136181 19935.6248738 110.071863688 44.7108995609 3.26345034415 1.50342008783 1.1848456848 4.73434299186 3.40492811039 1.82106281779
-9999.0 -9999.0 -9999.0 -9999.0 -9999.0 -9999.0 -9999.0 -9999.0 -9999.0 -9999.0 -9999.0 -9999.0 -9999.0 -9999.0 15.2670512397 29.3952474074 106.025421543 14.8877148301 47.1160662596 72.5737921931 96.4950406283 24.1840735867 45.6769925861 64.7251302322 636.413864761 19.2593477837 36.6795908083 54.0707565151 15.4773367198 30.6447660768 38.9416690132 48.323892617 1177.07271905 1192.35124267 1205.26101109 1261.93077536 1275.62445855 1312.00105432 15.1484567505 31.1934493288 23.995769895 1421.85550951 1426.26703622 1.98789252504 3.58164743059 5.09670915398 19937.1256975 104.392410085 51.0552727521 49.0224018348 35.1928205946 29.4878531994 6.26202534988 1.43132608137 3.02367525125
-9999.0 -9999.0 -9999.0 -9999.0 -9999.0 -9999.0 -9999.0 -9999.0 -9999.0 -9999.0 -9999.0 -9999.0 -9999.0 -9999.0 15.5201908481 46.9233771039 168.220670247 247.618245949 13.2052178974 324.492165522 436.867668421 22.9751615022 44.2821570087 64.3121595894 817.829731219 833.577358894 15.3375232175 84.9384755033 98.5566325417 111.136177644 1081.70588524 1107.45408336 1121.38871928 6.57933005024 39.3716645334 46.4192251709 17.0815785639 24.350927634 1345.52228899 1386.08855066 1391.00377194 1395.53495641 1430.84604485 2.22293309264 1.89454838061 8.46490545362 19939.0409197 6.39955634366 5.12902997394 12.2894886037 4.30012876806 26.9420963158 20.445006645 12.1266365439 8.89122803114
-9999.0 -9999.0 -9999.0 -9999.0 -9999.0 -9999.0 -9999.0 -9999.0 -9999.0 -9999.0 -9999.0 -9999.0 -9999.0 -9999.0 -9999.0 -9999.0 32.4473284721 65.1968119106 292.972950345 309.238684752 451.040366703 467.028054431 22.2975611135 44.5252835355 104.293278516 846.753440145 878.111937559 890.556388344 9.39297588184 934.323817138 961.006516119 16.4641694199 6.67946745274 13.2558467455 25.3056706869 5.78797358259 11.138394279 24.2454266248 29.499967344 5.17912331872 3.24766111457 6.28462186753 1459.13953806 1468.17457768 1469.77871806 1483.055424 19940.7458928 4.79472276546 3.60940929433 2.89988655849 2.87031444443 2.96458109053 2.53830948772 4.67901247931 1.10758773622
-9999.0 -9999.0 -9999.0 -9999.0 -9999.0 -9999.0 -9999.0 -9999.0 -9999.0 -9999.0 -9999.0 -9999.0 -9999.0 -9999.0 -9999.0 -9999.0 16.8999962749 16.5457996554 16.208502026 33.2909176743 14.3074843423 495.451886063 509.911913242 20.5619123241 40.8957000115 19.7245505058 15.2372751712 14.7569646602 915.95995647 8.86101359193 17.7758397057 9.15900995131 7.41285278575 6.28916895876 4.61623838043 4.82620223238 14.5915660596 20.0287567201 3.61785239248 3.06177464405 6.60994060415 11.0991507601 15.0145192233 4.63101897725 1472.79576789 1484.77556016 19941.9638892 13.7606214851 7.33092544265 1.61219458157 4.16832230897 1.33318362823 1.04430380818 5.83089269908 5.88789793259
-9999.0 -9999.0 -9999.0 -9999.0 -9999.0 -9999.0 -9999.0 -9999.0 -9999.0 -9999.0 -9999.0 -9999.0 -9999.0 -9999.0 -9999.0 -9999.0 -9999.0 -9999.0 16.2821213783 48.192239195 61.2329809753 75.0825083757 523.307506242 536.842317078 550.470011395 567.156911943 581.560114488 611.21821548 619.909430581 628.158491714 635.403757901 6.73503329917 6.1096088474 6.32792749 20.8784341971 5.43616218504 5.04910274306 3.88117136598 10.9909525011 4.18029511204 3.10284794938 2.86056415882 2.34692079389 4.68341381856 6.74080456896 1498.65677855 21455.75206 1.55040691412 2.90893990225 1.27565924289 6.22776906104 4.20485874005 2.09986974035 16.5250471239 9.89517340579
-9999.0 -9999.0 -9999.0 -9999.0 -9999.0 -9999.0 -9999.0 -9999.0 -9999.0 -9999.0 -9999.0 -9999.0 -9999.0 -9999.0 -9999.0 -9999.0 -9999.0 -9999.0 -9999.0 13.6298993626 107.442473347 211.715089704 226.188422894 20.5963305333 41.0945961122 61.6527469814 78.6017828502 189.666807372 197.242077909 7.28850452799 6.87655262421 651.777500268 664.758868681 670.231670476 24.6898391048 3.20097676955 8.19746271588 12.0346043425 35.9054669994 43.8475907588 49.8169163566 5.44408804311 7.57048117687 2.55056534205 5.08295492474 2.55932564612 21460.2888376 1.22438297184 5.42000474547 2.51941682358 9.84256931014 23.4795921826 26.317576951 43.641208817 11.9681954929
-9999.0 -9999.0 -9999.0 -9999.0 -9999.0 -9999.0 -9999.0 -9999.0 -9999.0 -9999.0 -9999.0 -9999.0 -9999.0 -9999.0 -9999.0 -9999.0 -9999.0 -9999.0 15.1343026678 48.1612906043 94.1729629258 122.927879872 314.070706828 331.569637246 42.4369964163 63.1027985261 80.398581882 97.1406315739 205.478220158 220.579932825 387.739258227 399.965833235 407.915702093 675.414162765 711.840232422 7.88730018912 5.3973619766 5.0594874975 9.4588645059 4.16904600845 57.7969380964 60.6561175978 10.1434966718 14.3955182744 4.96251545656 4415.93430228 4421.47495747 25884.3485304 25891.5950767 1.47861472136 12.9115838994 5.34139890648 3.1869406197 50.4984434696 63.9570486512
-9999.0 -9999.0 -9999.0 -9999.0 -9999.0 -9999.0 -9999.0 -9999.0 -9999.0 -9999.0 -9999.0 -9999.0 -9999.0 -9999.0 -9999.0 -9999.0 -9999.0 -9999.0 -9999.0 17.1998757547 16.6531586613 31.5204000141 74.5759999936 345.428721726 21.6978549753 21.4496752465 38.8099245651 56.1493024305 134.86262266 146.057805852 7.69613872852 8.02551539663 415.67706016 421.393968544 1140.44853937 1146.31320095 2.7417090344 2.39812122783 1.95555796674 1.97483088617 2.21026385137 4357.53388114 4375.63056816 4392.51122979 4400.82580249 4412.16159721 2.98610818823 11.0588563431 13.0364161112 25908.7578571 25909.729146 25910.4721323 25913.0761676 25916.2613409 69.0576964489
-9999.0 -9999.0 -9999.0 -9999.0 -9999.0 -9999.0 -9999.0 -9999.0 -9999.0 -9999.0 -9999.0 -9999.0 -9999.0 -9999.0 -9999.0 -9999.0 -9999.0 -9999.0 -9999.0 -9999.0 15.3102992027 16.0069792769 29.5740520305 403.11868491 418.035588632 21.1802591788 38.3465174804 55.9851318683 68.8119059352 11.2484302383 21.5272297299 952.686212569 959.134558489 966.602206009 1013.20545753 2163.99591248 4239.068392 4246.01039465 4252.10047042 4257.96844706 4285.20005862 4293.97150992 15.7026005396 6.87784847333 4.06131075824 7.59955958352 5.5610275729 8.77819705294 2.63892596283 68.4730337394 77.3932262522 83.436108205 84.3496078478 25917.237407 25988.4717633
-9999.0 -9999.0 -9999.0 -9999.0 -9999.0 -9999.0 -9999.0 -9999.0 -9999.0 -9999.0 -9999.0 -9999.0 -9999.0 -9999.0 -9999.0 -9999.0 -9999.0 -9999.0 -9999.0 -9999.0 -9999.0 15.6033950464 29.7775165328 44.0264943043 429.855358578 16.4836202976 589.65310056 607.985094037 619.687185866 630.951813334 909.952096004 921.105727666 6.43741918477 35.4953845974 42.1237517346 6.39290061535 2068.34847034 2056.84004445 3.50447932097 8.12085680529 21.9575011536 4.89119830699 5.09868635722 3.57038104029 2.98721693288 2.3196349038 2.6905363589 59.8961743875 62.6585361036 66.2179519911 7.23259810048 4.77549773065 86.1445285469 87.3598669004 88.0670974882
-9999.0 -9999.0 -9999.0 -9999.0 -9999.0 -9999.0 -9999.0 -9999.0 -9999.0 -9999.0 -9999.0 -9999.0 -9999.0 -9999.0 -9999.0 -9999.0 -9999.0 -9999.0 -9999.0 -9999.0 -9999.0 14.2447347825 13.2444084175 68.7594243326 526.298531994 556.52034245 572.497105801 18.3338519199 253.32142694 263.950701084 268.700000782 10.2503568954 17.9387298595 24.1581114489 480.394766861 485.292965524 489.452700457 2049.31893533 1257.04231605 4.47590955604 4.70973660095 4.50824677842 3.47377696353 37.7210907298 44.5436600982 50.5102072162 53.810242761 56.9793259477 482.270251374 485.059096603 489.295772422 497.903253333 526.065160511 527.031698654 616.060281358
-9999.0 -9999.0 -9999.0 -9999.0 -9999.0 -9999.0 -9999.0 -9999.0 -9999.0 -9999.0 -9999.0 -9999.0 -9999.0 -9999.0 -9999.0 -9999.0 -9999.0 -9999.0 -9999.0 -9999.0 -9999.0 -9999.0 27.7528587558 42.2949268842 15.11535308 21.7772224181 189.934192057 209.226051108 222.304409956 100.851166813 110.354579398 120.593085205 128.12187917 469.340407084 476.348185978 288.486601365 783.339811608 788.304425335 1253.51582927 9.73927552564 4.95564307203 3.43579977346 26.4742425353 30.9721239994 2.54335558584 2.34293213359 471.591507889 477.382879772 480.160267118 3.83433417697 5.97797518376 522.310409717 1.72250657929 7.6054222255 8.37528321665
-9999.0 -9999.0 -9999.0 -9999.0 -9999.0 -9999.0 -9999.0 -9999.0 -9999.0 -9999.0 -9999.0 -9999.0 -9999.0 -9999.0 -9999.0 -9999.0 -9999.0 -9999.0 -9999.0 -9999.0 -9999.0 -9999.0 13.8587975574 27.4137323353 114.87403256 130.513312408 148.936616042 76.8193074106 91.2132910668 10.0372646098 317.045828235 325.936147009 334.402420061 7.45110129979 275.533050826 282.814990799 5.26572049444 1228.15631873 11.0635125901 5.50432951814 14.4909640626 19.4640170939 3.66325555172 2.96291796522 440.466279099 466.331021312 469.771707684 3.5774243465 7.84563106743 9.82513779248 11.9327909163 21.6102439487 2.81530397726 6.29823955941 1.18887841422
-9999.0 -9999.0 -9999.0 -9999.0 -9999.0 -9999.0 -9999.0 -9999.0 -9999.0 -9999.0 -9999.0 -9999.0 -9999.0 -9999.0 -9999.0 -9999.0 -9999.0 -9999.0 -9999.0 -9999.0 -9999.0 -9999.0 13.7007903735 42.8871867118 74.1708122155 18.1665883024 38.9586398865 59.1359014341 275.935905219 288.715674878 298.293248483 8.8080649866 228.609911685 254.47888207 262.288156696 5.781529889 1205.14618015 1217.9801427 5.98080980464 5.43028741166 10.6780767847 4.25029911982 420.5660389 427.968571237 432.402154365 16.8334031888 20.5752367748 3.22901291913 5.71671949777 2.50993822392 17.4385161456 2.56547217298 1.68939715268 1.7559731232 1.79879674132
-9999.0 -9999.0 -9999.0 -9999.0 -9999.0 -9999.0 -9999.0 -9999.0 -9999.0 -9999.0 -9999.0 -9999.0 -9999.0 -9999.0 -9999.0 -9999.0 -9999.0 -9999.0 -9999.0 -9999.0 -9999.0 -9999.0 -9999.0 14.8909059081 16.2915346199 20.9149512339 185.597728593 204.866320694 259.719248154 14.2029654011 190.315398207 212.007885275 9.10516516152 18.4327654317 6.71753932041 1186.57766984 7.35030269989 19.1984457849 23.7213517038 29.0239240339 393.109442366 408.466174079 413.272584923 4.88278344549 9.05212280912 12.7876324627 2.21176173484 1.97390588157 1125.43097454 1127.39880794 1128.99454443 1146.01099176 1148.02954635 1150.34444508 1151.77087446
