data/baseflow/mHMbf_acc246.asc
ncols                  80
nrows                 72
xllcorner      4374000.0
yllcorner      5656000.0
cellsize            500
NODATA_value       -9999
[rows 0 to 24 of 72, columns 0 to 54 of 80]
-9999.0 -9999.0 -9999.0 -9999.0 -9999.0 -9999.0 -9999.0 -9999.0 -9999.0 -9999.0 -9999.0 -9999.0 26.5490462484 21.7725308096 -9999.0 -9999.0 -9999.0 -9999.0 -9999.0 -9999.0 -9999.0 -9999.0 -9999.0 -9999.0 -9999.0 -9999.0 -9999.0 -9999.0 -9999.0 -9999.0 -9999.0 -9999.0 -9999.0 -9999.0 -9999.0 -9999.0 -9999.0 -9999.0 -9999.0 -9999.0 -9999.0 -9999.0 -9999.0 -9999.0 -9999.0 -9999.0 -9999.0 -9999.0 -9999.0 -9999.0 -9999.0 -9999.0 -9999.0 -9999.0 -9999.0
-9999.0 -9999.0 -9999.0 -9999.0 -9999.0 -9999.0 -9999.0 -9999.0 -9999.0 -9999.0 -9999.0 -9999.0 52.1611272171 116.939828819 19.0496015989 -9999.0 14.0931900841 -9999.0 -9999.0 -9999.0 -9999.0 -9999.0 -9999.0 -9999.0 -9999.0 -9999.0 -9999.0 -9999.0 -9999.0 -9999.0 -9999.0 -9999.0 -9999.0 -9999.0 -9999.0 -9999.0 -9999.0 -9999.0 -9999.0 -9999.0 -9999.0 -9999.0 -9999.0 -9999.0 -9999.0 -9999.0 -9999.0 -9999.0 -9999.0 -9999.0 -9999.0 -9999.0 -9999.0 -9999.0 -9999.0
-9999.0 -9999.0 -9999.0 -9999.0 -9999.0 -9999.0 -9999.0 -9999.0 -9999.0 -9999.0 24.3763033203 23.9500372737 24.7345190732 24.2339342058 163.381763507 184.565189104 39.9322597901 12.6775396666 -9999.0 -9999.0 -9999.0 -9999.0 -9999.0 -9999.0 -9999.0 -9999.0 -9999.0 -9999.0 -9999.0 -9999.0 -9999.0 -9999.0 -9999.0 -9999.0 -9999.0 -9999.0 -9999.0 -9999.0 -9999.0 -9999.0 -9999.0 -9999.0 -9999.0 -9999.0 -9999.0 -9999.0 -9999.0 -9999.0 -9999.0 -9999.0 -9999.0 -9999.0 -9999.0 -9999.0 -9999.0
-9999.0 -9999.0 -9999.0 -9999.0 -9999.0 -9999.0 -9999.0 -9999.0 -9999.0 23.9782143185 48.1657101988 95.8254797081 47.9486342869 23.4253627214 45.985479794 207.131281875 280.468802842 15.3219021756 -9999.0 23.9290270916 -9999.0 -9999.0 -9999.0 -9999.0 28.1954360924 14.1053747391 -9999.0 -9999.0 -9999.0 -9999.0 -9999.0 -9999.0 -9999.0 -9999.0 -9999.0 -9999.0 -9999.0 -9999.0 -9999.0 -9999.0 -9999.0 -9999.0 -9999.0 -9999.0 -9999.0 -9999.0 -9999.0 -9999.0 -9999.0 -9999.0 -9999.0 -9999.0 -9999.0 -9999.0 -9999.0
-9999.0 -9999.0 -9999.0 -9999.0 -9999.0 -9999.0 -9999.0 -9999.0 26.1058067702 74.9348022929 98.0284738749 121.092446148 166.126015069 21.8424811514 88.6166068321 110.112655596 432.261985924 21.9621426959 21.4373470182 45.3449995925 66.406162186 21.756416022 -9999.0 77.509004179 63.3399874681 18.4339419871 -9999.0 -9999.0 -9999.0 -9999.0 -9999.0 -9999.0 -9999.0 -9999.0 -9999.0 -9999.0 -9999.0 -9999.0 -9999.0 -9999.0 -9999.0 -9999.0 -9999.0 -9999.0 -9999.0 -9999.0 -9999.0 -9999.0 -9999.0 -9999.0 -9999.0 -9999.0 -9999.0 -9999.0 -9999.0
-9999.0 -9999.0 -9999.0 -9999.0 -9999.0 -9999.0 25.8900616386 24.3102360294 23.6736716911 23.9807473571 24.1811874071 169.533895039 358.737597161 381.553043838 400.160912057 17.2870193994 471.516560762 492.69819678 42.6920180145 21.0966092001 87.1199644963 151.114293492 22.7523640764 145.878277181 23.0436201523 23.5215192299 23.7460252485 -9999.0 -9999.0 -9999.0 -9999.0 -9999.0 -9999.0 -9999.0 -9999.0 -9999.0 -9999.0 -9999.0 -9999.0 -9999.0 -9999.0 -9999.0 -9999.0 -9999.0 -9999.0 -9999.0 -9999.0 -9999.0 -9999.0 -9999.0 -9999.0 -9999.0 -9999.0 -9999.0 -9999.0
-9999.0 -9999.0 -9999.0 -9999.0 -9999.0 -9999.0 51.3192213064 75.8156838887 172.532550642 242.62135712 21.9358472117 22.2208788237 21.5868310252 64.0620568192 484.426626475 18.086040468 512.907734058 591.333459148 62.1835434284 40.6296131851 170.885828957 20.9518777657 166.568774992 43.1242616055 21.9016531767 44.9597253444 46.6197569343 22.5895217342 22.8836484367 22.5464313005 23.6636506715 47.4804427864 -9999.0 -9999.0 -9999.0 -9999.0 -9999.0 -9999.0 -9999.0 -9999.0 -9999.0 -9999.0 -9999.0 -9999.0 -9999.0 -9999.0 -9999.0 -9999.0 -9999.0 -9999.0 -9999.0 -9999.0 -9999.0 -9999.0 -9999.0
-9999.0 -9999.0 -9999.0 -9999.0 -9999.0 26.8634496943 52.5207975048 25.3688895582 49.7267858797 267.429359385 313.313192453 358.519768953 1119.27932876 21.1942897296 505.760123714 1784.57142553 1799.04506014 2416.063131 16.3295533151 60.3121736308 190.782938904 19.7758672618 406.526348878 219.716374615 135.69031336 113.866429176 22.7843195355 67.463514411 67.1412861093 44.8099686194 22.2619241488 70.3118233654 22.5377318626 22.3788009726 -9999.0 -9999.0 -9999.0 -9999.0 -9999.0 -9999.0 -9999.0 -9999.0 -9999.0 -9999.0 -9999.0 -9999.0 -9999.0 -9999.0 -9999.0 -9999.0 -9999.0 -9999.0 -9999.0 -9999.0 -9999.0
-9999.0 -9999.0 -9999.0 -9999.0 -9999.0 26.8371575811 78.5629695014 156.733249239 181.022735282 358.65623345 381.82290537 453.681073581 739.391625626 1179.07014278 1221.25880124 1241.2244971 37.4754391798 2482.56904255 2515.86427083 2613.98801693 3291.46122142 466.74360753 427.133176016 156.170090095 20.2879414215 131.417433619 88.9265945679 20.8160500116 87.6670079089 19.6165774365 41.3611374558 113.165349154 134.725560523 43.8296628782 21.8799121692 21.6410796596 -9999.0 -9999.0 -9999.0 -9999.0 16.3539328071 13.5824710545 -9999.0 -9999.0 -9999.0 -9999.0 -9999.0 -9999.0 -9999.0 -9999.0 -9999.0 -9999.0 -9999.0 -9999.0 -9999.0
-9999.0 -9999.0 -9999.0 -9999.0 -9999.0 26.2096226512 25.2633645578 104.033397017 128.626170986 153.868287261 24.3177283991 48.2692052647 269.998543382 48.5410310865 23.0926635686 21.9542642425 20.4076200788 22.2499508727 21.3046938165 21.4395538929 3312.12008211 3371.12671809 19.5085477759 59.7513303158 40.4204736113 151.730839358 41.8940591722 20.6490021844 108.715175302 38.3874377856 92.7179874044 238.486305724 221.340580551 65.337518787 65.4437778761 21.8308474304 22.1097028854 -9999.0 -9999.0 22.4485480278 37.4108745497 79.2940501509 14.2631221072 -9999.0 -9999.0 -9999.0 -9999.0 -9999.0 -9999.0 -9999.0 -9999.0 -9999.0 -9999.0 -9999.0 -9999.0
-9999.0 -9999.0 -9999.0 -9999.0 -9999.0 -9999.0 26.7290380092 26.8619211312 51.9027718361 77.0064107661 174.339644111 222.986195736 247.441566602 25.6393196752 21.2531674425 274.230963441 338.741505704 359.397159778 443.226963869 463.15085465 19.962324201 3391.14794428 3487.14537922 76.3014919266 11.7928258891 168.972961281 379.825882106 149.510376066 39.0189307321 19.3400229738 369.359503538 258.368815463 20.1130556249 20.2409376784 86.2563539517 64.4820468215 21.4245583709 21.8382173434 21.5678959974 43.6645280699 21.4595150549 96.4679494377 118.521785462 21.9634832076 -9999.0 -9999.0 -9999.0 -9999.0 24.4714266948 23.8355668498 6.10027239294 -9999.0 -9999.0 -9999.0 -9999.0
-9999.0 -9999.0 -9999.0 -9999.0 -9999.0 -9999.0 -9999.0 26.5975308477 23.1455785126 48.7035172636 73.7483617788 24.4932097621 23.1449959604 141.657301198 186.659488109 232.188025421 21.8468784754 42.5688774689 21.272103746 483.335696387 1061.16800412 1077.04164918 4603.15743728 19.3527103258 35.9817889674 11.3756680587 399.565597562 19.3114944616 58.6563353683 19.2778101072 389.005854918 408.491917604 40.2106785814 39.8800827447 213.672917663 106.732494196 43.6106131416 21.7770686718 43.1749923854 64.9833741895 107.520906538 21.5104611949 163.203676605 185.618369618 21.6060628492 22.343134399 23.0928296786 22.0719255796 21.7926174338 70.8662981639 26.7716457829 17.3680239863 -9999.0 -9999.0 -9999.0
-9999.0 -9999.0 -9999.0 -9999.0 -9999.0 -9999.0 -9999.0 -9999.0 49.2557788971 71.0221388703 24.1100441086 48.8452523856 72.2861469529 119.706265807 23.6927746652 22.9054017435 20.6584531282 20.9026575638 19.7958705415 537.256957586 21.0981365156 41.5589468988 4663.25567833 4714.25155237 25.4029627185 86.127394668 505.564617253 37.8213038791 76.8268237584 37.1547785588 55.6056333585 486.102071977 59.0518633663 311.327445073 252.586688741 19.4772478804 105.545027802 42.0290756281 63.4573441453 20.447933362 129.157225075 172.454337864 193.122341139 213.235066536 268.865180661 41.7827764273 43.4756355326 41.6749290526 40.9290932451 91.5432606917 20.4881325103 64.7291273761 84.0758290711 -9999.0 -9999.0
-9999.0 -9999.0 -9999.0 -9999.0 -9999.0 -9999.0 -9999.0 -9999.0 25.6651030794 121.696722596 145.336295922 23.6648127423 46.5656449001 22.8830119802 21.7225414022 21.4011528924 266.284449945 355.12202538 438.809180361 520.802899051 21.6347699856 20.7395453847 24.9879291679 4812.64612369 4866.75965369 4892.76226973 686.074509944 154.463923651 133.841149715 18.5062407494 73.696713826 578.222779075 18.5469905667 330.125437066 19.2838673713 134.459898891 126.023841662 20.0501911136 83.5709725816 40.5041094501 60.6688440002 21.3929494323 19.8044874382 233.213873573 252.604809084 288.221305439 63.7814865987 61.4798780987 60.944331953 112.171985236 153.23272992 20.4449166611 103.648150686 19.8638469145 39.096390197
-9999.0 -9999.0 -9999.0 -9999.0 -9999.0 -9999.0 -9999.0 -9999.0 -9999.0 25.9345102334 169.734988406 193.016103633 69.475339883 115.40704964 159.211551494 181.371411886 22.3929465297 67.8629723971 44.687033676 22.4613657921 22.1069448905 20.5983071733 42.055374561 74.0298325802 30.0614263945 5634.17593667 5660.309446 24.1922917312 19.213383466 36.2024102708 54.1303282287 632.792492924 36.6243242731 347.874354167 206.410663472 169.487548839 19.4131348411 39.2060785716 102.692875201 19.0173537618 79.6979242233 40.7799521877 34.8032626027 14.2551541573 300.037801149 605.551678319 80.426002049 78.4660221058 79.6818234418 18.4606102553 171.921144242 18.459593054 142.225129601 18.5271883938 58.1452911303
-9999.0 -9999.0 -9999.0 -9999.0 -9999.0 -9999.0 -9999.0 -9999.0 -9999.0 -9999.0 23.4822109855 240.268355398 22.8329241054 45.8176181003 67.4071993914 110.596892578 22.0350137507 45.3815517236 22.3386251345 21.66994618 20.7770702896 41.504458401 19.6040592936 23.2061925881 50.0114925691 28.6627995913 5686.98364185 5736.69640043 5806.41861986 74.5261986541 17.720034445 35.3157978375 650.96489969 645.266033806 244.013997203 18.6314824592 77.4988655462 58.3216292249 121.863643536 38.1235749953 158.877191059 59.9649939064 52.9987749551 10.2855752441 15.0789696548 625.13179335 643.927104202 820.461318418 136.359648741 37.6197209189 191.568714168 229.1928849 389.67113905 36.9242851138 17.9578255413
-9999.0 -9999.0 -9999.0 -9999.0 -9999.0 -9999.0 -9999.0 -9999.0 -9999.0 -9999.0 -9999.0 11.7243260585 265.380775156 22.2189043285 43.4732615749 197.340690903 22.3857603105 22.3069803375 20.5282507272 42.365994012 20.3329647089 82.2747279108 121.707209372 140.772715694 69.8597624879 92.3398603408 25.2351164223 27.3247724071 25.567760315 5921.30888395 5975.80460269 668.036186611 679.19746099 662.384609523 35.6111812611 17.558729219 95.4761827136 253.704906302 140.292000126 56.5072946081 233.957326173 103.443675774 85.2902197799 19.839578969 9.16850398086 9.73150836733 11.8554651346 873.892555164 1066.03580821 18.0962049588 17.6935749169 18.1306561735 407.540426776 461.47018292 33.7530109001
-9999.0 -9999.0 -9999.0 -9999.0 -9999.0 -9999.0 -9999.0 -9999.0 -9999.0 -9999.0 -9999.0 10.8778374169 292.149135517 360.312626248 21.3109840716 240.14153279 21.2512704303 20.5505436286 40.2901428244 102.645178069 19.8076397593 20.4348585865 19.1589437114 179.540284807 198.2099962 309.962090637 354.427149881 375.821123018 399.649718928 422.34528857 6422.76042956 7131.91784819 7852.53376507 7872.52861291 20.2914607689 17.74174356 289.690965333 271.847548438 18.1212782261 17.8180278083 251.035334287 373.132325969 16.6972750971 172.047363496 158.760926252 42.3356949995 23.2142924454 36.8430645189 19.3588930198 1102.62296995 18.5554291521 53.4748048782 70.295871583 577.619378615 621.485871773
-9999.0 -9999.0 -9999.0 -9999.0 -9999.0 -9999.0 -9999.0 -9999.0 -9999.0 -9999.0 -9999.0 24.1895521121 46.7183773567 382.46869043 423.686340051 21.0083818651 281.433131957 19.1808080037 58.1821057086 121.637809353 38.702977208 18.8517040009 39.1765560539 18.396522296 35.5233422391 17.0477127591 15.5723942544 12.2105037499 10.9306577582 11.1009015201 12.5031833222 17.1372345868 22.1736328348 25.4780856954 7939.46094686 368.304503252 331.097201498 19.7315794652 53.4172137698 13.0262840091 10.5756594633 390.848318044 616.921033824 191.130462999 139.785070571 22.4859330598 10.7235584201 10.0707141716 26.4849463964 1147.2298867 1183.11944332 18.3497932312 18.7908611388 16.0597179382 10.9254102562
-9999.0 -9999.0 -9999.0 -9999.0 -9999.0 -9999.0 -9999.0 -9999.0 -9999.0 -9999.0 -9999.0 -9999.0 21.5248837815 283.489896194 728.279169935 792.207666528 1094.40380057 1114.28395556 275.657353742 198.58753763 57.8418483369 18.7011385639 76.3157105648 94.7706939634 147.513169131 34.577975654 32.4736413675 29.2904400632 57.0961038739 27.8013933392 28.6890490295 12.9613628456 8.25027574242 11.7877596113 7960.40896137 8339.62808458 8361.11167001 20.4334625869 154.073431043 59.338429989 18.2462861617 673.875034439 39.4438514953 20.1359156823 80.6911465124 17.1090288961 17.3837327141 33.4413771533 49.412469362 66.5827868788 1215.94428429 15.9738515444 15.1035047588 15.111063991 12.8746794086
-9999.0 -9999.0 -9999.0 -9999.0 -9999.0 -9999.0 -9999.0 -9999.0 -9999.0 -9999.0 -9999.0 23.164670375 215.394422873 261.734752936 43.3423790631 12.3892151179 28.9178244899 1163.13622087 1182.72582093 1476.91836639 17.7372927801 36.3232536143 16.9597292641 17.1740883856 164.472132764 215.986491761 264.686227693 16.0179255834 73.1733439128 116.81305423 73.2427218301 28.8488614702 21.6670222019 20.5265806648 22.9753545121 14.5600927109 8380.42427531 8397.93299175 8587.89024361 33.8513899637 17.2489957434 688.489849234 39.8107181474 20.419545545 21.5320060721 21.3528785426 20.5587321513 38.2507933676 114.932765681 199.575962598 1431.42837698 13.4911459069 41.137150327 27.9144829439 25.1641408224
-9999.0 -9999.0 -9999.0 -9999.0 -9999.0 -9999.0 -9999.0 -9999.0 -9999.0 -9999.0 -9999.0 23.6299324348 148.068898667 23.6059309399 21.2733672541 107.143220666 126.618236051 146.594696178 165.526704231 1989.89040515 2005.20695821 2038.69108786 2283.10106934 2332.97853212 2361.2657051 2378.75362973 2675.1735354 2712.93094354 2728.74497377 2861.8347343 2952.28343805 2968.32437576 3017.91407697 36.1648073574 33.5942149746 8.91890351219 12.2078327917 8415.97830438 8659.12448719 52.7387983097 796.015514918 779.446165279 77.6001802166 19.0314684021 19.6740485398 19.3503715999 19.4930815892 39.2615392115 58.6999712811 19.728327722 1447.07990996 1463.17956627 1547.23662438 1561.89208799 1601.35843681
-9999.0 -9999.0 -9999.0 -9999.0 -9999.0 -9999.0 -9999.0 -9999.0 -9999.0 -9999.0 -9999.0 75.812984177 100.23048739 47.1334293823 69.6260698261 22.2687301556 251.585352647 272.244419363 313.038526431 328.348553023 133.974442729 2197.74727749 2212.36283837 15.1755623873 11.0162314101 8.96363173151 20.9715925787 10.1699234435 7.63157589213 7.08259555765 8.97021018813 2980.56694052 3031.76059693 3083.70029248 3132.11665765 3175.03387654 20.784179867 9.14343912587 9506.14557551 829.397282486 813.006976725 17.5645225204 17.8166013857 17.2069442037 37.2195023719 37.0528450133 17.609948389 17.6571839348 17.159584522 36.6187796765 51.9694840019 12.8416173861 24.3077416846 10.239391375 6.57717220253
-9999.0 -9999.0 -9999.0 -9999.0 -9999.0 -9999.0 -9999.0 -9999.0 -9999.0 -9999.0 -9999.0 -9999.0 50.9479689855 24.0400057479 22.3109184294 210.398532633 231.680684056 21.1890520926 83.4675134369 102.529497833 119.209173407 18.0881153923 16.1003953007 334.20599607 348.202460085 361.135357655 942.824107913 952.228930574 967.127590464 1051.4276005 1097.36525824 1104.45867344 6.83088711525 7.10973443488 8.55295876114 3199.56583828 11.5132736596 9671.92076336 9652.35863643 130.541669184 112.432096129 69.1140594742 17.3481598337 34.4306378104 54.9714913186 54.8033894044 34.761316734 17.1390600778 34.191034504 33.840399728 67.9233354928 9.11709039787 33.9082808172 58.2943347311 71.9288981078
-9999.0 -9999.0 -9999.0 -9999.0 -9999.0 -9999.0 -9999.0 -9999.0 -9999.0 -9999.0 -9999.0 -9999.0 26.07358675 73.7770728759 96.551886184 166.274378434 21.5286549408 43.1535126239 63.7830309029 239.6482102 255.724534337 265.784751915 282.996307365 302.603792783 485.505624137 542.202792092 570.767526401 10.0596416591 68.4501235314 77.4905906044 1074.83919715 1113.10647156 1129.1593801 1145.12021196 1163.25603761 4375.58893653 10.817161417 9719.84974266 23.7616570288 9.89789316984 95.5095376101 83.231907293 12.5304805478 49.6692019784 70.787199179 70.7370416808 50.3297894575 82.9784014891 132.15481179 49.1110254563 132.025941373 11.5384459276 16.6944739984 5.7001277657 4.96904602163
