data/baseflow/mHMbf_acc266.asc
ncols                  80
nrows                 72
xllcorner      4374000.0
yllcorner      5656000.0
cellsize            500
NODATA_value       -9999
[rows 0 to 24 of 72, columns 0 to 54 of 80]
-9999.0 -9999.0 -9999.0 -9999.0 -9999.0 -9999.0 -9999.0 -9999.0 -9999.0 -9999.0 -9999.0 -9999.0 14.9631044502 12.1228570829 -9999.0 -9999.0 -9999.0 -9999.0 -9999.0 -9999.0 -9999.0 -9999.0 -9999.0 -9999.0 -9999.0 -9999.0 -9999.0 -9999.0 -9999.0 -9999.0 -9999.0 -9999.0 -9999.0 -9999.0 -9999.0 -9999.0 -9999.0 -9999.0 -9999.0 -9999.0 -9999.0 -9999.0 -9999.0 -9999.0 -9999.0 -9999.0 -9999.0 -9999.0 -9999.0 -9999.0 -9999.0 -9999.0 -9999.0 -9999.0 -9999.0
-9999.0 -9999.0 -9999.0 -9999.0 -9999.0 -9999.0 -9999.0 -9999.0 -9999.0 -9999.0 -9999.0 -9999.0 29.7654054045 61.2144894883 8.9000192312 -9999.0 9.6352581294 -9999.0 -9999.0 -9999.0 -9999.0 -9999.0 -9999.0 -9999.0 -9999.0 -9999.0 -9999.0 -9999.0 -9999.0 -9999.0 -9999.0 -9999.0 -9999.0 -9999.0 -9999.0 -9999.0 -9999.0 -9999.0 -9999.0 -9999.0 -9999.0 -9999.0 -9999.0 -9999.0 -9999.0 -9999.0 -9999.0 -9999.0 -9999.0 -9999.0 -9999.0 -9999.0 -9999.0 -9999.0 -9999.0
-9999.0 -9999.0 -9999.0 -9999.0 -9999.0 -9999.0 -9999.0 -9999.0 -9999.0 -9999.0 13.9261931959 12.7833067083 13.5170843238 13.5392323501 85.1657195234 92.4258643305 25.8762876426 8.26957810903 -9999.0 -9999.0 -9999.0 -9999.0 -9999.0 -9999.0 -9999.0 -9999.0 -9999.0 -9999.0 -9999.0 -9999.0 -9999.0 -9999.0 -9999.0 -9999.0 -9999.0 -9999.0 -9999.0 -9999.0 -9999.0 -9999.0 -9999.0 -9999.0 -9999.0 -9999.0 -9999.0 -9999.0 -9999.0 -9999.0 -9999.0 -9999.0 -9999.0 -9999.0 -9999.0 -9999.0 -9999.0
-9999.0 -9999.0 -9999.0 -9999.0 -9999.0 -9999.0 -9999.0 -9999.0 -9999.0 13.0811577548 27.0322901212 53.5145709466 25.9646360956 12.5567499618 24.3740680946 103.133480866 144.725530571 8.32457823666 -9999.0 11.9468153805 -9999.0 -9999.0 -9999.0 -9999.0 17.4087537353 9.21567095066 -9999.0 -9999.0 -9999.0 -9999.0 -9999.0 -9999.0 -9999.0 -9999.0 -9999.0 -9999.0 -9999.0 -9999.0 -9999.0 -9999.0 -9999.0 -9999.0 -9999.0 -9999.0 -9999.0 -9999.0 -9999.0 -9999.0 -9999.0 -9999.0 -9999.0 -9999.0 -9999.0 -9999.0 -9999.0
-9999.0 -9999.0 -9999.0 -9999.0 -9999.0 -9999.0 -9999.0 -9999.0 15.262482686 42.3224568581 54.42674192 66.9843872155 91.5268027166 11.5488097946 46.5169803462 56.8612474529 214.638513483 6.49322666546 7.41677725528 21.8394125385 31.0262976307 9.65072250793 -9999.0 40.7020109894 33.5747732022 8.09924262349 -9999.0 -9999.0 -9999.0 -9999.0 -9999.0 -9999.0 -9999.0 -9999.0 -9999.0 -9999.0 -9999.0 -9999.0 -9999.0 -9999.0 -9999.0 -9999.0 -9999.0 -9999.0 -9999.0 -9999.0 -9999.0 -9999.0 -9999.0 -9999.0 -9999.0 -9999.0 -9999.0 -9999.0 -9999.0
-9999.0 -9999.0 -9999.0 -9999.0 -9999.0 -9999.0 15.4504697449 13.5096779535 12.8190878042 13.1479394363 13.0817436716 93.8567212751 198.045509811 210.391250618 221.096589548 11.1854223939 233.692109233 241.877986607 17.1455177452 9.87500580031 40.0416598462 67.8985051587 7.547604169 62.6075513975 8.1361712331 7.3577673593 8.46587858154 -9999.0 -9999.0 -9999.0 -9999.0 -9999.0 -9999.0 -9999.0 -9999.0 -9999.0 -9999.0 -9999.0 -9999.0 -9999.0 -9999.0 -9999.0 -9999.0 -9999.0 -9999.0 -9999.0 -9999.0 -9999.0 -9999.0 -9999.0 -9999.0 -9999.0 -9999.0 -9999.0 -9999.0
-9999.0 -9999.0 -9999.0 -9999.0 -9999.0 -9999.0 31.4266427952 46.1901601759 102.454660209 140.420141735 11.2030913279 12.4129019916 11.0906915108 31.2835769817 261.113749665 8.92544663755 250.060926713 284.614287783 25.5164113611 17.7597075581 75.8429093995 8.72347852276 71.2201696653 14.5863726243 6.87345862661 13.8866743479 16.8403912679 9.9027972618 10.8396354526 10.4318323151 11.1027681207 22.1224992482 -9999.0 -9999.0 -9999.0 -9999.0 -9999.0 -9999.0 -9999.0 -9999.0 -9999.0 -9999.0 -9999.0 -9999.0 -9999.0 -9999.0 -9999.0 -9999.0 -9999.0 -9999.0 -9999.0 -9999.0 -9999.0 -9999.0 -9999.0
-9999.0 -9999.0 -9999.0 -9999.0 -9999.0 17.8641205973 34.166610529 16.2675921831 30.571653261 154.894912112 179.305661539 204.226151033 690.59924219 10.3740587221 270.567152996 1049.90932724 1058.38064803 1359.35026413 9.02539065939 25.6455933555 83.8143994997 7.87357007476 156.67739967 77.0975296914 45.758410712 38.3522427728 8.05510992982 29.4610981204 31.455565981 20.8733686839 9.75145843711 32.1913661058 9.3197573764 9.09397921613 -9999.0 -9999.0 -9999.0 -9999.0 -9999.0 -9999.0 -9999.0 -9999.0 -9999.0 -9999.0 -9999.0 -9999.0 -9999.0 -9999.0 -9999.0 -9999.0 -9999.0 -9999.0 -9999.0 -9999.0 -9999.0
-9999.0 -9999.0 -9999.0 -9999.0 -9999.0 18.1453320077 52.6406189426 103.812441523 119.070709118 234.649915568 248.379933869 291.619817457 476.18236857 729.01316542 751.341056994 761.344740368 16.5053092291 1391.45249149 1408.73402882 1451.58237901 1723.27214983 180.533206774 165.106672461 53.9955664517 8.0906589298 51.0311597153 35.9696736916 6.29307780355 39.8217827862 8.59180064862 18.192313982 49.8618854807 58.7046343923 17.7199264333 8.14878596861 8.37548699789 -9999.0 -9999.0 -9999.0 -9999.0 7.46446080999 7.27391950509 -9999.0 -9999.0 -9999.0 -9999.0 -9999.0 -9999.0 -9999.0 -9999.0 -9999.0 -9999.0 -9999.0 -9999.0 -9999.0
-9999.0 -9999.0 -9999.0 -9999.0 -9999.0 17.5673792128 16.5581832315 69.0430163785 84.6693997594 100.835755903 14.7257405706 29.0876273265 172.760097268 28.7326803213 12.3671824563 10.2614178572 8.12488574211 9.60574678914 8.81985039317 9.2989094926 1731.23518378 1754.00482881 7.57017841121 23.5306491835 16.1209139491 58.0125412967 12.7414365218 5.83519337519 47.9673348404 17.0906946378 44.1809927736 101.615421816 92.8001566225 25.3390106384 23.4927165893 8.7612801186 8.66369855233 -9999.0 -9999.0 8.99415666782 14.7543341405 37.1797069294 7.60867726505 -9999.0 -9999.0 -9999.0 -9999.0 -9999.0 -9999.0 -9999.0 -9999.0 -9999.0 -9999.0 -9999.0 -9999.0
-9999.0 -9999.0 -9999.0 -9999.0 -9999.0 -9999.0 18.2673214338 18.1201965267 34.2596377577 50.8761557154 115.054226023 145.602989421 160.333017171 15.354923764 10.4171627389 150.166219993 179.743536243 188.485934626 227.037295056 235.318887047 7.81946106627 1761.95167646 1801.07694154 31.5364678213 7.96796814206 65.129221088 141.951253226 58.9935985797 13.4497436922 7.12593123649 160.013340817 108.932562516 6.32759294084 6.45147045547 30.1287658774 25.2709960243 7.20180963104 6.01064438628 8.54219365998 17.3385310887 8.18150976613 44.8132876904 51.549907808 5.54267192285 -9999.0 -9999.0 -9999.0 -9999.0 6.85231139586 6.31300049138 4.91518165115 -9999.0 -9999.0 -9999.0 -9999.0
-9999.0 -9999.0 -9999.0 -9999.0 -9999.0 -9999.0 -9999.0 17.3512519033 16.3574595068 33.5208948247 49.6200974878 15.3367763888 12.500055423 83.4344476438 105.957854125 129.813005813 10.3570799104 20.9761017888 9.79769595916 244.125701424 531.035329747 537.650801177 2352.16955323 7.39188568163 22.6193246714 7.17909381838 147.301637713 6.37024121993 20.6095842032 6.75441729289 166.392909062 172.91307566 12.8790137047 13.2307813491 78.4761294578 40.3969583663 13.091905747 7.14862808947 16.9843486901 25.6770062165 41.0009564494 6.35529204711 61.0909296424 64.5067295189 3.01436659491 3.41978272433 3.64714011656 3.13226511017 2.97437143066 17.3572462425 10.8668569976 6.49573577633 -9999.0 -9999.0 -9999.0
-9999.0 -9999.0 -9999.0 -9999.0 -9999.0 -9999.0 -9999.0 -9999.0 33.1687747125 48.8052595409 15.4833337549 31.7063646218 45.4507273733 72.3612794416 13.2064313321 12.7780949984 10.1140177368 10.1698339161 8.45856434775 269.348806977 10.0422743495 19.3515037541 2377.15594474 2383.93308884 1.74159274222 26.2914378466 177.580159153 12.6327993158 26.0603178592 11.409297374 16.3985203238 196.139841699 18.2884553846 109.427218246 91.1797606094 6.67717118906 34.8971470402 14.5737259318 24.3643924186 7.12812010335 46.5964140498 56.8539650101 59.6223536797 62.1821675691 75.6914466371 5.73081355279 6.26142421292 5.47737816475 5.14232846281 20.5174941356 4.13054910794 21.7744338108 26.1400248232 -9999.0 -9999.0
-9999.0 -9999.0 -9999.0 -9999.0 -9999.0 -9999.0 -9999.0 -9999.0 17.2505704632 82.7581782547 97.7841928816 15.0010224402 28.553014464 13.5051957071 11.7278231747 11.569388009 145.025281529 186.568411603 223.509442047 261.898665399 8.14218601752 9.60769260538 4.15511451994 2411.37150259 2418.40829048 2420.08071034 227.804181712 48.1076727964 43.5892276285 4.17735469064 21.1226125273 222.087573722 4.90697330752 114.335549636 6.60759996019 49.1206037674 42.4713712296 7.28859794162 31.7460364209 14.440822525 21.6110601285 4.15116875038 2.52032789688 64.6951699371 66.9766513842 77.9658562697 8.84793235614 7.89113137319 7.53659277483 24.950240946 33.3451051354 4.19211785565 30.902394234 5.53061233655 10.5051413187
-9999.0 -9999.0 -9999.0 -9999.0 -9999.0 -9999.0 -9999.0 -9999.0 -9999.0 17.5809034584 113.691802517 128.219344933 42.1340183093 68.5812788719 91.4995184094 102.731574845 11.2726442492 31.7680699814 21.2129035674 11.6607324663 10.8429388173 9.46042192727 16.2941905111 21.5984210573 2.98814550915 2652.93594871 2654.49425386 1.57290090605 2.12972578443 9.38618110392 14.0919544843 236.017232306 9.38366061726 118.123742464 73.6943240569 61.9963645659 6.57449561108 13.6727935187 38.055622084 6.31553704932 27.8036801445 9.57381180296 4.52832685474 2.4971903583 74.4485698187 154.19293231 10.4657137093 9.57036441402 10.4275655154 3.27364402839 36.6042856457 3.16695616804 39.0800277538 4.8183930893 15.3453487438
-9999.0 -9999.0 -9999.0 -9999.0 -9999.0 -9999.0 -9999.0 -9999.0 -9999.0 -9999.0 14.3809009446 157.087346442 13.4288419829 26.3143852971 36.9354555744 56.5482052427 9.55661158143 19.9728964379 9.62697256679 8.55911774304 7.91694167764 15.2962834407 6.34328263343 4.31695576516 6.34262551683 2.46394843064 2656.3683452 2659.51040176 2664.95913609 16.4629727549 5.32075444292 10.621299519 241.612120708 216.912936858 85.5194338174 5.91309352463 26.542788439 20.0580575918 44.3801265414 12.6010381549 49.5522989365 15.3962753968 8.46962195556 2.67934940055 2.95147011749 156.897407515 159.161267118 181.045991671 20.8353764522 6.83532928088 40.1535710075 46.7966650415 89.2664529903 9.1881844478 4.49440110858
-9999.0 -9999.0 -9999.0 -9999.0 -9999.0 -9999.0 -9999.0 -9999.0 -9999.0 -9999.0 -9999.0 11.1379853734 179.662220249 11.9581156022 22.2852544375 97.4353920147 8.94233142266 8.73798257845 7.6502370034 17.4503349798 9.2305941004 33.1631887573 45.5095750391 50.6728365687 9.4834591645 10.7442841488 1.31793285372 2.10755803911 2.22105004033 2688.59934365 2701.00766374 245.168676161 224.986939477 220.963700513 8.85234782028 4.27852954284 32.085757542 87.8004019655 50.1803478772 18.3260633681 73.1397486262 24.5238873605 19.6811010758 6.09455559218 2.42425110848 1.81345817828 2.03216689485 192.217921565 222.1878164 3.50024740196 3.09671165968 3.64048555724 93.1651973461 106.349681816 8.15513069458
-9999.0 -9999.0 -9999.0 -9999.0 -9999.0 -9999.0 -9999.0 -9999.0 -9999.0 -9999.0 -9999.0 10.2743855102 201.741913837 241.394773623 10.7030314411 118.006890988 7.99859830323 7.85181144056 17.1302212555 44.29693194 9.04114173035 9.59297073023 6.50032352091 62.6651177963 68.4829580813 85.4866439761 89.9828967838 92.282315147 93.7219171853 96.322596119 2799.01939062 3047.11442612 3274.53462126 3275.71106644 1.80923985437 4.11655976978 98.9368367499 93.3976368644 5.71539705363 5.6476125414 78.8301103702 108.515933973 4.59734859414 59.0225303107 54.1381127112 13.7444397893 5.21306947018 8.8329362983 3.15932625638 226.840035204 2.29204599942 9.0495134897 10.9372113461 126.215085532 138.638706671
-9999.0 -9999.0 -9999.0 -9999.0 -9999.0 -9999.0 -9999.0 -9999.0 -9999.0 -9999.0 -9999.0 15.2788419973 28.215301865 253.910087083 273.325951994 9.24603558087 132.057071124 6.55297061344 21.5879526467 52.0647750497 17.1546552536 8.06649901359 15.2173470561 4.68145826471 9.81853383905 5.8086174811 5.47165270365 5.48019579453 5.04834671444 3.15134976235 1.81713333276 1.59861006981 1.58465992981 1.89626793097 3280.82075424 106.002957707 101.057693711 1.07080571493 15.4514212022 5.22192255112 6.12315701063 113.249845903 187.089462435 64.3131813212 47.9034435146 9.18901115958 3.1498657967 2.82228987397 5.33399000953 234.555731314 238.590546216 2.13536683472 2.26093909005 2.75129298849 3.97132050928
-9999.0 -9999.0 -9999.0 -9999.0 -9999.0 -9999.0 -9999.0 -9999.0 -9999.0 -9999.0 -9999.0 -9999.0 11.9658219427 171.533382082 455.859861756 488.18146916 627.430266229 633.30383624 112.733335345 85.7781000587 25.3524954399 7.93410413425 30.2894534708 36.7458179042 52.5037182472 11.8978560588 10.9524430399 11.0647697728 21.42122062 8.36868579964 6.97087061842 5.3189731598 3.88544541264 1.91410325315 3282.49034264 3392.7617864 3393.99758124 0.926287760575 39.6325377921 22.0036150237 5.53187062702 203.226104808 11.5972811577 6.03673202415 28.2117320974 6.41866334971 3.46545248488 6.13593314135 8.27469191797 10.5972774548 241.911455282 1.54219528082 1.35088548122 1.36980536318 1.22087936701
-9999.0 -9999.0 -9999.0 -9999.0 -9999.0 -9999.0 -9999.0 -9999.0 -9999.0 -9999.0 -9999.0 13.781380154 132.068188546 158.894575607 22.5403577795 10.6734934728 20.0673091254 661.438382128 666.825500695 785.867215005 6.77053222301 14.6342170597 5.92570860388 6.00227883871 58.097347111 75.5716755541 91.5075128579 4.90749366764 26.2273669822 39.3257571349 21.3891849815 9.91287778716 8.2900772189 6.48628098976 5.87492096179 1.09753936627 3394.85734492 3395.42546327 3436.16619416 7.77768406258 4.5223090792 206.861673855 13.8480921651 6.9345112779 7.7667457502 7.68507790461 6.47473654083 10.1572394715 27.4873724215 40.502136398 284.07962361 1.13301991663 3.4589554123 2.38189486947 2.14684503223
-9999.0 -9999.0 -9999.0 -9999.0 -9999.0 -9999.0 -9999.0 -9999.0 -9999.0 -9999.0 -9999.0 14.120255547 93.2423912721 13.8640022105 10.9804707737 65.0668401161 73.8805673466 82.409843846 90.1402862786 1057.31411203 1065.30988902 1079.46265942 1184.90665651 1201.65101607 1210.4754078 1215.99223194 1320.01024571 1334.96141605 1340.00460396 1384.94493278 1411.55076716 1416.13533441 1434.11824691 10.8858641051 10.460333835 1.38783712366 0.603621747558 3396.05573387 3445.98002948 9.34468653174 239.225321085 235.466919337 24.6924645332 5.8428153364 6.00143207929 5.74084598376 5.6228796618 11.1244328507 14.907058525 3.12119061488 285.581793293 287.190156643 294.393411967 295.684545338 299.041586274
-9999.0 -9999.0 -9999.0 -9999.0 -9999.0 -9999.0 -9999.0 -9999.0 -9999.0 -9999.0 -9999.0 48.7991795772 64.376047266 29.110014116 41.7432132146 12.3696240093 138.847827015 147.490980526 164.568621507 173.536755671 56.3901839418 1150.65918278 1158.27658781 4.5429509025 3.1007632881 3.17691585383 6.64655105801 3.92028013735 3.68172994781 3.98663089756 3.96464662413 1421.49119814 1439.2403705 1454.27549758 1468.29911941 1471.73459822 1.1800350936 0.342567104789 3690.66343592 244.183425318 243.198368929 4.7428288877 3.80760813999 3.30589768695 9.71416826367 9.38510264207 4.58365876469 4.62054155617 4.29624203593 7.42301997029 9.21541683292 1.09338756252 2.0715819702 0.915913284455 1.00859412584
-9999.0 -9999.0 -9999.0 -9999.0 -9999.0 -9999.0 -9999.0 -9999.0 -9999.0 -9999.0 -9999.0 -9999.0 32.9697568422 15.309570908 13.0462282901 121.534970622 130.244644087 9.18866759682 33.8674612446 42.2191858927 49.3307816775 8.3844543248 3.84870615972 153.087787424 155.912457729 158.744676454 388.24738475 390.780867755 396.838947531 419.317586664 436.833872624 439.849714587 4.40206080706 4.56245083632 3.86858901017 1472.93312432 0.476421419124 3723.25392727 3722.40848454 31.2401424964 29.9630157983 17.8167493508 4.69058971335 6.58849740874 13.1831764862 12.8445149594 8.76286718705 4.44896764104 8.62369197966 8.89645580433 13.1648509444 3.65001145367 4.97606594201 7.57479857475 9.72681365574
-9999.0 -9999.0 -9999.0 -9999.0 -9999.0 -9999.0 -9999.0 -9999.0 -9999.0 -9999.0 -9999.0 -9999.0 17.0987363427 46.1062766207 59.2052770771 96.7735995852 8.51954139146 17.9431386441 26.1794062552 120.333753359 128.352049279 136.874612742 141.909547861 146.238469342 207.069548869 219.916203232 227.159456365 3.52632303208 16.8166808939 20.3230180925 427.008572137 442.792777607 452.236623229 462.588987323 468.116622944 1941.56147396 0.951301662116 3727.07222242 2.20625429821 1.37959104754 25.5643192954 22.0214509545 4.00739965424 10.5402147287 16.9232998362 16.2054091543 11.9564172845 19.6863759265 31.3523721709 12.5923087346 29.1452210141 3.12314585377 5.8707974319 0.651246484047 0.485708833898
