data/baseflow/mHMbf_acc339.asc
ncols                  80
nrows                 72
xllcorner      4374000.0
yllcorner      5656000.0
cellsize            500
NODATA_value       -9999
[rows 25 to 49 of 72, columns 0 to 54 of 80]
-9999.0 -9999.0 -9999.0 -9999.0 -9999.0 -9999.0 -9999.0 -9999.0 -9999.0 -9999.0 -9999.0 -9999.0 31.2157543867 62.0298260578 29.5036002411 59.0827504803 26.9955044506 202.450757261 253.438141412 278.977188006 23.5658878181 46.8580489256 442.859696118 551.679585114 569.872224701 37.6662246245 32.9904699101 48.884195732 14.3365132181 13.4161419116 25.1804354502 9.78903675669 641.708672239 652.770458966 659.135821096 5392.23208597 10289.6380016 10232.137371 15.7912172553 7.77378589675 7.13704848777 30.2395722204 23.2566835585 51.3280546667 70.129353713 139.172944484 12.2123834611 12.1629961101 113.962807474 125.64545395 236.253610909 242.31805192 263.66931317 270.60048014 5.96396999289
-9999.0 -9999.0 -9999.0 -9999.0 -9999.0 -9999.0 -9999.0 -9999.0 -9999.0 -9999.0 -9999.0 -9999.0 -9999.0 30.594721536 60.8500743429 91.0350401585 146.842793172 28.6496857967 26.3156000017 169.922859163 194.13968108 397.039640595 421.191369847 69.1736279603 21.8564174547 19.1643595077 16.4156621195 568.993630867 582.522898371 597.229199994 609.871862972 631.273443902 117.634964657 124.675876665 789.107183619 16475.360448 49.5713697695 40.012546711 22.7995544167 6.09793783196 5.84237899286 44.1165713714 48.9340670003 63.3101299937 6.13009069298 146.984284086 21.7618759609 21.5805357128 5.43303170852 3.62638367219 3.15814064792 2.37060684449 3.17940155052 275.477533085 3551.27957683
-9999.0 -9999.0 -9999.0 -9999.0 -9999.0 -9999.0 -9999.0 -9999.0 -9999.0 -9999.0 -9999.0 -9999.0 -9999.0 -9999.0 29.7385191212 51.832537116 71.4509839925 91.3862193609 117.48442679 144.163288991 78.8890584377 131.145957421 23.9667444697 23.077718069 470.053044784 514.301037907 534.481043903 554.423508199 14.4331118292 27.2956924246 75.5709157461 92.2095200382 106.679585041 8.55708724601 5.12927490758 16495.8471161 8.95560141457 10.3548290792 5.08087108748 25.2994956866 12.4892046263 4.94414234929 117.176129371 120.528919812 3.03191783762 150.094391526 175.490680458 26.5394778775 3696.05927154 3687.78826831 3680.8817501 3669.30744556 3665.28570331 3578.25762007 3574.84345641
-9999.0 -9999.0 -9999.0 -9999.0 -9999.0 -9999.0 -9999.0 -9999.0 -9999.0 -9999.0 -9999.0 -9999.0 -9999.0 -9999.0 5.109759292 11.74651644 19.6440979826 178.591819477 206.354947322 27.9576592832 26.6335322778 26.6674355009 375.761267778 426.018826214 23.9522374814 24.0240817679 20.1778693064 83.6373663187 103.618540631 46.787990167 63.483324195 485.43872095 501.420746023 521.066812468 826.23067559 17326.8928248 8.23430513749 4.2555004133 38.4017124144 32.0467128948 4.44153010619 13.8165501307 17.5856746275 124.564063131 127.695417464 312.856389429 179.250743371 31.9874209711 3768.00933865 24.8317539687 3674.88153635 3672.23770451 82.6189029291 5.06412347697 19.9814844778
-9999.0 -9999.0 -9999.0 -9999.0 -9999.0 -9999.0 -9999.0 -9999.0 -9999.0 -9999.0 -9999.0 -9999.0 -9999.0 -9999.0 25.6639011723 42.2023724646 88.6604437031 154.546605167 224.375346147 273.638710789 299.904065956 326.633186272 351.972585441 24.832961543 22.657542669 44.8327144896 41.4935022314 21.7442192826 419.985367445 439.576231561 457.131595433 474.397014196 276.300770173 289.732974749 299.283737575 17330.8525244 14.4509795211 9.58863389608 53.1894683129 6.77305028625 7.26264222474 3.68508876474 3.50299553327 20.8069349978 2.5937311403 2.78222892098 4093.15372103 3778.7378606 3776.48193646 9.53668975001 21.6277111824 14.3253617742 3.52837213443 74.885060137 21.9201968114
-9999.0 -9999.0 -9999.0 -9999.0 -9999.0 -9999.0 -9999.0 -9999.0 -9999.0 -9999.0 -9999.0 -9999.0 -9999.0 -9999.0 17.7683428231 16.6203072078 32.4311286661 49.4662503669 25.7997884029 30.0984766563 58.1774361232 86.0503373405 138.573659479 164.332583636 186.589834766 254.394118619 274.970849343 297.407900887 20.0238402847 206.908486041 224.747889756 243.377173925 17.4646239859 13.0314818108 20.8005057962 17659.6117348 17663.2943462 17684.8423325 71.9993830396 13.6559540107 12.4865994414 3.303081353 6.16250225399 23.507781067 28.4031596305 5.06349871182 4104.55311429 3.414674535 5.05855814682 5.5575629752 3.99119378827 8.11986323473 3.43478777897 48.8505240666 40.499046235
-9999.0 -9999.0 -9999.0 -9999.0 -9999.0 -9999.0 -9999.0 -9999.0 -9999.0 -9999.0 -9999.0 -9999.0 -9999.0 -9999.0 -9999.0 15.8163542066 31.3601459612 15.5095563737 32.0730214728 202.26649218 225.500050874 252.613117303 26.1011310338 26.0246216082 48.2966311017 71.5056184827 112.389387705 133.590732911 147.984907594 167.364492122 16.6171265847 16.7485103382 279.104518596 291.280200766 297.907966014 303.802142734 252.948625135 17961.4597804 18066.1751252 18070.7626007 18087.3019056 18106.792571 18114.3056741 2.37194355581 30.5993795251 4106.31158524 4.99065435581 2.55429546508 2.73265539929 2.73126991148 4.81318737339 4.97105469249 2.86925447331 4.17267620802 4.33583120253
-9999.0 -9999.0 -9999.0 -9999.0 -9999.0 -9999.0 -9999.0 -9999.0 -9999.0 -9999.0 -9999.0 -9999.0 -9999.0 -9999.0 -9999.0 -9999.0 46.6884445132 63.5513637484 113.059164108 151.927305503 21.1362944085 302.689849669 328.380776071 353.042457133 23.344245223 46.1940986226 20.1138741878 154.337928536 168.067442888 186.933600855 204.86221598 253.082651193 263.087975382 6.26012232926 230.796907579 242.518331925 247.599663737 272.705800394 28.8920671821 17.3082163777 10.3469992928 10.2788039165 18122.6304674 18124.9074444 18174.1520033 4107.85430638 14.2986660264 7.57927949118 4.93845642726 1.75575401814 15.3077122113 8.24887334847 2.65398801798 14.7229583564 12.4752605815
-9999.0 -9999.0 -9999.0 -9999.0 -9999.0 -9999.0 -9999.0 -9999.0 -9999.0 -9999.0 -9999.0 -9999.0 -9999.0 -9999.0 -9999.0 -9999.0 17.3493775752 80.1093154198 97.361230574 22.4762051252 28.136042173 56.7825978297 83.1189687329 460.944080501 23.2571879198 93.335308168 113.937652709 134.457295885 14.237146934 32.2142607275 45.6012484129 182.970229049 207.660294886 213.011393769 5.86808778795 6.22376469839 7.87083573345 14.5542721207 6.57767376348 6.99854790929 9.06396353751 9.40210933207 8.81667671928 17.4809534962 18176.5995405 22291.8377983 17.5580801081 4.96360063112 1.66452386765 48.8220541604 44.9573956131 27.00635266 24.3535775824 18.4025822875 4.17904767632
-9999.0 -9999.0 -9999.0 -9999.0 -9999.0 -9999.0 -9999.0 -9999.0 -9999.0 -9999.0 -9999.0 -9999.0 -9999.0 -9999.0 -9999.0 14.6080617176 48.0809029943 16.009641583 27.1673148989 30.4360187754 58.8034466854 86.8868390867 109.196850295 586.373972369 609.060380741 23.1927955982 44.1648051998 65.2626734969 82.5129958131 101.677682472 165.327716461 175.909337401 17.5306182169 11.8539711735 9.86250750195 9.03283784901 10.085532371 10.6218576449 9.56805177265 13.5002673177 30.1690984813 14.229860875 3.57948258106 3.48561141115 3.16704865621 5.99807628493 22492.1826616 178.507294352 58.1775547007 5.11256910597 2.43399202953 1.68231080273 6.32759031796 4.44688205673 2.37639010803
-9999.0 -9999.0 -9999.0 -9999.0 -9999.0 -9999.0 -9999.0 -9999.0 -9999.0 -9999.0 -9999.0 -9999.0 -9999.0 -9999.0 15.4893310723 29.6526398028 108.018223156 15.3852170893 48.6084454889 78.6890201971 106.975732601 28.6719859341 53.7689901648 73.0987693147 697.34969934 22.3000422777 42.3152028888 63.0638320184 19.2748345944 38.5333925336 55.9482304593 67.0170296214 1363.66468172 1383.99895439 1401.02628986 1465.35603824 1495.26113064 1546.3888801 13.3421742981 32.6634376572 36.6162144991 1689.78382622 1696.46268396 3.22834412417 5.65625475525 7.97342085815 22493.9222994 167.759970961 102.80504384 99.8316221286 62.5301088018 47.5334421664 8.32802891018 1.93027836658 3.95996227812
-9999.0 -9999.0 -9999.0 -9999.0 -9999.0 -9999.0 -9999.0 -9999.0 -9999.0 -9999.0 -9999.0 -9999.0 -9999.0 -9999.0 15.4524040392 47.1245881328 170.543432903 250.720091972 13.9578328793 330.026167076 453.506904057 27.2160282059 52.4190212624 73.5111100293 904.500712543 920.396524351 16.4790491589 96.5280122638 112.314958826 129.268024434 1224.67230068 1266.15304983 1284.475639 8.37514385561 48.1103799215 56.5032840481 22.1297154426 30.7178261743 1591.99989771 1637.52117481 1643.74537899 1649.61943381 1703.35391759 3.42369302955 2.8680226165 13.1213072444 22495.2385584 3.64843257732 11.7357999945 34.8257408542 12.7533285607 43.662544874 27.6282339085 16.4286080507 11.7603052728
-9999.0 -9999.0 -9999.0 -9999.0 -9999.0 -9999.0 -9999.0 -9999.0 -9999.0 -9999.0 -9999.0 -9999.0 -9999.0 -9999.0 -9999.0 -9999.0 32.7216236315 65.675826369 297.551238642 314.269318998 468.231336794 484.79505561 26.3700377156 52.6924630708 120.215367805 933.997203489 967.303801286 980.886812295 11.012302983 1033.40530754 1078.44207046 26.1942439029 8.47848831978 16.9764834076 32.7350068186 7.53803063034 14.6274153434 33.1094164323 40.0896669584 7.17654445922 4.93804765609 9.6229896899 1743.74535772 1757.46825374 1759.83681956 1779.76543291 22496.1931329 2.7109120374 8.73042974673 10.0665487784 9.69599876655 9.9196851019 8.55321090836 16.0779769529 1.68259366574
-9999.0 -9999.0 -9999.0 -9999.0 -9999.0 -9999.0 -9999.0 -9999.0 -9999.0 -9999.0 -9999.0 -9999.0 -9999.0 -9999.0 -9999.0 -9999.0 17.0530007316 16.7294744356 16.6952259507 33.9206563783 14.9955160923 514.565077455 529.732583834 23.0255207541 46.8742577953 21.0815755066 16.5858985012 16.091678227 1011.38722369 16.0213538225 32.4329551899 13.0128554248 9.3472974755 8.25079785341 6.42830770679 6.65757484626 19.9252826357 27.1444726821 5.27168514093 4.77807239555 10.0449362205 16.4055946477 23.8478564567 7.81970950796 1764.06646543 1782.29069489 22496.4931604 25.5526196965 20.1107069384 6.47727913328 14.8852979221 5.30515970559 4.00456468527 20.4287837452 8.30060969867
-9999.0 -9999.0 -9999.0 -9999.0 -9999.0 -9999.0 -9999.0 -9999.0 -9999.0 -9999.0 -9999.0 -9999.0 -9999.0 -9999.0 -9999.0 -9999.0 -9999.0 -9999.0 16.5292902508 49.2904844405 63.0789049489 77.6259678005 543.739833753 557.981783454 572.368451691 589.052852987 604.738764377 637.151832306 651.756819342 667.363629384 678.845242815 8.61880502304 7.97916359207 8.21898120646 28.2548140346 7.3118278401 6.81398090652 5.5303258014 15.8126041332 6.14097933406 4.71044785776 4.38740274867 3.94169943095 7.8661335213 10.877537733 1803.55505615 24325.8701202 2.5979962301 4.87852768457 5.42288570685 20.6031175995 11.6341879966 8.04558469369 35.3121223145 13.7708923243
-9999.0 -9999.0 -9999.0 -9999.0 -9999.0 -9999.0 -9999.0 -9999.0 -9999.0 -9999.0 -9999.0 -9999.0 -9999.0 -9999.0 -9999.0 -9999.0 -9999.0 -9999.0 -9999.0 14.1427178934 110.280859325 218.133913313 233.561279868 21.3987640651 44.6778292077 69.3208850526 89.1067727076 222.376071124 232.376464076 9.54702863563 9.24536455438 696.815800713 712.596398333 719.99788261 33.8537580628 5.10525678778 11.9385292184 17.6266039737 51.7668089835 63.4437772773 72.5588345139 8.39245499191 11.6267982835 3.84081762404 7.41507141092 3.71069740649 24330.575121 2.17798585588 9.06446915286 7.50575661631 29.5312954321 50.6376947448 59.7681030892 96.2315779802 18.3005153029
-9999.0 -9999.0 -9999.0 -9999.0 -9999.0 -9999.0 -9999.0 -9999.0 -9999.0 -9999.0 -9999.0 -9999.0 -9999.0 -9999.0 -9999.0 -9999.0 -9999.0 -9999.0 15.471850901 49.1384247176 96.4389276268 126.10797796 324.838044628 343.228943171 51.3066473722 76.2822219956 97.8414175299 117.326051181 245.367535731 265.812270419 495.203651296 515.060491249 524.230589829 727.214529424 778.945839623 11.9462784266 7.41523460158 7.0936798078 13.3629956602 6.07974028257 84.2448265316 88.6375850644 15.2519104921 21.8929890399 5.21463059489 5594.34056532 5601.44200818 29933.4768407 29943.5659556 2.31846936507 34.6354774235 3.02218730042 2.29171525781 100.663185525 120.425947294
-9999.0 -9999.0 -9999.0 -9999.0 -9999.0 -9999.0 -9999.0 -9999.0 -9999.0 -9999.0 -9999.0 -9999.0 -9999.0 -9999.0 -9999.0 -9999.0 -9999.0 -9999.0 -9999.0 17.56128266 17.1060464845 32.6033833941 77.3181401068 357.984185258 26.4388252203 26.1748557325 47.6478382626 69.7014462617 176.885625257 194.620360707 14.7752125804 12.8030646642 534.937105793 542.618945664 1330.1965741 1338.06897481 4.61059878495 4.141057783 3.36709713576 3.39698103746 3.47002865452 5503.60457072 5530.98236701 5559.80217483 5571.55059751 5588.75713098 4.1458940041 15.4408489285 18.2347202491 29965.5009013 29964.9532071 29967.1774496 29970.9331608 29973.6967954 124.329103395
-9999.0 -9999.0 -9999.0 -9999.0 -9999.0 -9999.0 -9999.0 -9999.0 -9999.0 -9999.0 -9999.0 -9999.0 -9999.0 -9999.0 -9999.0 -9999.0 -9999.0 -9999.0 -9999.0 -9999.0 15.9022622569 16.527945331 30.6562186999 418.35653029 434.443351363 25.8390868635 47.1766380246 69.5145004808 90.3922815497 19.6961358002 34.6107195889 1088.08285154 1097.01847311 1107.97514614 1182.00184699 2529.59617128 5332.92839164 5343.34834735 5352.41807687 5361.18488933 5399.11027102 5410.84983562 22.2337366429 10.1330523686 5.62235576574 10.6254426613 7.79219400832 12.2250747096 3.56142489956 96.1669518321 102.456848145 108.009706393 109.18823637 29973.5675851 30099.9907685
-9999.0 -9999.0 -9999.0 -9999.0 -9999.0 -9999.0 -9999.0 -9999.0 -9999.0 -9999.0 -9999.0 -9999.0 -9999.0 -9999.0 -9999.0 -9999.0 -9999.0 -9999.0 -9999.0 -9999.0 -9999.0 16.2952515598 31.1698751503 46.1004030871 447.132323122 17.7505607444 621.202663905 644.51670045 665.570402465 682.592507559 1024.36583604 1039.66578563 9.92555823488 53.9779039403 64.7664218405 8.92320251667 2792.97896089 2776.99361026 5.10687992846 11.4827564634 30.3394455645 6.60190618047 6.7533634931 5.2630334437 4.34722706066 3.4239441748 3.79431454216 84.807403502 88.540339041 93.0243118081 4.14786072613 3.90802805872 111.357047867 112.918017204 113.798963093
-9999.0 -9999.0 -9999.0 -9999.0 -9999.0 -9999.0 -9999.0 -9999.0 -9999.0 -9999.0 -9999.0 -9999.0 -9999.0 -9999.0 -9999.0 -9999.0 -9999.0 -9999.0 -9999.0 -9999.0 -9999.0 15.0632940061 14.0413418887 72.7040782162 549.547586608 582.071306032 599.33277442 21.5564841634 293.671145089 314.73230821 324.771798403 14.9595908625 25.4453999173 34.4146572126 650.481277383 657.653843966 663.745846672 2766.05067303 1647.53684447 6.18809716506 6.37926851256 6.17827497252 4.84059718236 53.3316451395 63.0940207908 71.7040830569 76.2916444836 80.7136530739 718.131299546 721.141060551 726.738783214 741.66961879 786.951919543 788.152759082 903.072372035
-9999.0 -9999.0 -9999.0 -9999.0 -9999.0 -9999.0 -9999.0 -9999.0 -9999.0 -9999.0 -9999.0 -9999.0 -9999.0 -9999.0 -9999.0 -9999.0 -9999.0 -9999.0 -9999.0 -9999.0 -9999.0 -9999.0 29.3768633079 44.6597632152 16.5519447477 27.2950378915 212.664058464 235.557530781 253.076571462 127.613601628 147.327874118 166.058147255 176.917299219 634.346447665 644.09792985 433.81330947 1105.29702002 1112.5945123 1642.30003823 13.6583876175 6.83944723466 5.05066476926 37.628942515 43.7623307945 3.72432605231 3.49136662486 703.522532769 711.599857841 715.323887165 7.00137485782 10.6843383379 780.600547783 3.69563560181 10.1351997817 11.1241534491
-9999.0 -9999.0 -9999.0 -9999.0 -9999.0 -9999.0 -9999.0 -9999.0 -9999.0 -9999.0 -9999.0 -9999.0 -9999.0 -9999.0 -9999.0 -9999.0 -9999.0 -9999.0 -9999.0 -9999.0 -9999.0 -9999.0 14.6456026125 29.0223548833 123.806060695 140.974023427 161.40310684 89.7439554332 108.007613598 19.9643346173 413.735494307 431.833057314 447.656516999 11.5729207197 415.428941674 425.476263017 7.64137786024 1606.57779667 15.3656443497 7.6482412393 20.66429879 27.5213652608 5.16851479182 4.28218587364 660.267677561 696.281857696 700.97573831 4.98097372546 10.9680738866 13.9598750908 17.1582655688 33.928236127 3.76442928694 8.40557278468 1.49914010359
-9999.0 -9999.0 -9999.0 -9999.0 -9999.0 -9999.0 -9999.0 -9999.0 -9999.0 -9999.0 -9999.0 -9999.0 -9999.0 -9999.0 -9999.0 -9999.0 -9999.0 -9999.0 -9999.0 -9999.0 -9999.0 -9999.0 14.6145063735 45.8850105058 80.229515706 20.0032276317 45.6643654403 69.2130473887 334.094089283 356.104769851 375.928181065 18.7240956339 328.878849335 382.398048859 395.383491706 11.4843752317 1573.82702892 1591.78356476 8.40465392543 7.80828400029 15.1443368074 6.19245429957 632.284035987 642.757428983 648.681683519 23.1360800858 28.3684942833 4.57867517426 8.0199904195 3.47029637142 24.5881695661 3.40775141904 2.26696071075 2.36207645331 2.30697770878
-9999.0 -9999.0 -9999.0 -9999.0 -9999.0 -9999.0 -9999.0 -9999.0 -9999.0 -9999.0 -9999.0 -9999.0 -9999.0 -9999.0 -9999.0 -9999.0 -9999.0 -9999.0 -9999.0 -9999.0 -9999.0 -9999.0 -9999.0 16.1258932052 17.8851746219 23.3438562559 223.379667261 245.863858856 313.861820514 20.9946569705 249.620501124 293.290330303 18.8086588866 37.631974903 14.2771663546 1540.68899295 13.0800666172 32.2044545744 39.2052971134 45.9938397685 591.194680237 615.082495425 621.671776316 6.69721301115 12.3686294405 17.5298705102 3.17937748803 2.90330180446 1489.78079574 1492.46516841 1494.56877078 1517.33754958 1519.86342234 1522.83588621 1524.58143127
