data/baseflow/mHMbf_acc257.asc
ncols                  80
nrows                 72
xllcorner      4374000.0
yllcorner      5656000.0
cellsize            500
NODATA_value       -9999
[rows 0 to 24 of 72, columns 0 to 54 of 80]
-9999.0 -9999.0 -9999.0 -9999.0 -9999.0 -9999.0 -9999.0 -9999.0 -9999.0 -9999.0 -9999.0 -9999.0 13.0562351461 14.5888471971 -9999.0 -9999.0 -9999.0 -9999.0 -9999.0 -9999.0 -9999.0 -9999.0 -9999.0 -9999.0 -9999.0 -9999.0 -9999.0 -9999.0 -9999.0 -9999.0 -9999.0 -9999.0 -9999.0 -9999.0 -9999.0 -9999.0 -9999.0 -9999.0 -9999.0 -9999.0 -9999.0 -9999.0 -9999.0 -9999.0 -9999.0 -9999.0 -9999.0 -9999.0 -9999.0 -9999.0 -9999.0 -9999.0 -9999.0 -9999.0 -9999.0
-9999.0 -9999.0 -9999.0 -9999.0 -9999.0 -9999.0 -9999.0 -9999.0 -9999.0 -9999.0 -9999.0 -9999.0 24.6793296647 63.4102881922 12.0946202584 -9999.0 11.4548172979 -9999.0 -9999.0 -9999.0 -9999.0 -9999.0 -9999.0 -9999.0 -9999.0 -9999.0 -9999.0 -9999.0 -9999.0 -9999.0 -9999.0 -9999.0 -9999.0 -9999.0 -9999.0 -9999.0 -9999.0 -9999.0 -9999.0 -9999.0 -9999.0 -9999.0 -9999.0 -9999.0 -9999.0 -9999.0 -9999.0 -9999.0 -9999.0 -9999.0 -9999.0 -9999.0 -9999.0 -9999.0 -9999.0
-9999.0 -9999.0 -9999.0 -9999.0 -9999.0 -9999.0 -9999.0 -9999.0 -9999.0 -9999.0 10.8581230139 10.2312100657 10.826882839 10.7015761702 82.9797061052 93.8341179832 31.833012378 10.1859251543 -9999.0 -9999.0 -9999.0 -9999.0 -9999.0 -9999.0 -9999.0 -9999.0 -9999.0 -9999.0 -9999.0 -9999.0 -9999.0 -9999.0 -9999.0 -9999.0 -9999.0 -9999.0 -9999.0 -9999.0 -9999.0 -9999.0 -9999.0 -9999.0 -9999.0 -9999.0 -9999.0 -9999.0 -9999.0 -9999.0 -9999.0 -9999.0 -9999.0 -9999.0 -9999.0 -9999.0 -9999.0
-9999.0 -9999.0 -9999.0 -9999.0 -9999.0 -9999.0 -9999.0 -9999.0 -9999.0 10.3149147016 21.2712914843 42.0781151668 20.7479963942 10.019988485 19.5482549823 103.060619983 157.244215945 11.112327532 -9999.0 9.9540409303 -9999.0 -9999.0 -9999.0 -9999.0 22.0040080009 11.3226492261 -9999.0 -9999.0 -9999.0 -9999.0 -9999.0 -9999.0 -9999.0 -9999.0 -9999.0 -9999.0 -9999.0 -9999.0 -9999.0 -9999.0 -9999.0 -9999.0 -9999.0 -9999.0 -9999.0 -9999.0 -9999.0 -9999.0 -9999.0 -9999.0 -9999.0 -9999.0 -9999.0 -9999.0 -9999.0
-9999.0 -9999.0 -9999.0 -9999.0 -9999.0 -9999.0 -9999.0 -9999.0 11.9165496795 33.2047419075 43.0035857869 53.0862155835 72.4564991567 9.28772468911 37.318567364 46.0987033335 222.954716388 9.04500866697 8.06072718395 18.5409731522 26.7512030018 8.5793542805 -9999.0 55.4446142834 45.4313341832 11.9875765563 -9999.0 -9999.0 -9999.0 -9999.0 -9999.0 -9999.0 -9999.0 -9999.0 -9999.0 -9999.0 -9999.0 -9999.0 -9999.0 -9999.0 -9999.0 -9999.0 -9999.0 -9999.0 -9999.0 -9999.0 -9999.0 -9999.0 -9999.0 -9999.0 -9999.0 -9999.0 -9999.0 -9999.0 -9999.0
-9999.0 -9999.0 -9999.0 -9999.0 -9999.0 -9999.0 12.1950600413 10.7506323894 10.1347142644 10.3648073397 10.5273962899 74.5939380908 157.147171771 167.035239402 174.333468067 6.64501821264 238.492925026 246.683128386 16.6193014663 8.48725548093 34.8004335861 59.8671805498 9.12427530124 83.4181369265 8.87831263642 9.34015092204 9.15619846293 -9999.0 -9999.0 -9999.0 -9999.0 -9999.0 -9999.0 -9999.0 -9999.0 -9999.0 -9999.0 -9999.0 -9999.0 -9999.0 -9999.0 -9999.0 -9999.0 -9999.0 -9999.0 -9999.0 -9999.0 -9999.0 -9999.0 -9999.0 -9999.0 -9999.0 -9999.0 -9999.0 -9999.0
-9999.0 -9999.0 -9999.0 -9999.0 -9999.0 -9999.0 24.3980856201 35.7904186428 79.8012848833 109.878029198 9.21072228507 9.79958929728 9.16240691283 26.4881821058 208.619634358 6.93087271722 254.49179344 285.932693598 24.4408149737 15.8869343481 67.3324579858 8.10196137777 91.3727510882 15.993776667 8.02787753954 17.0799641201 18.0409536853 8.93825819119 9.20075945339 8.97422211503 9.42777464684 18.8693423671 -9999.0 -9999.0 -9999.0 -9999.0 -9999.0 -9999.0 -9999.0 -9999.0 -9999.0 -9999.0 -9999.0 -9999.0 -9999.0 -9999.0 -9999.0 -9999.0 -9999.0 -9999.0 -9999.0 -9999.0 -9999.0 -9999.0 -9999.0
-9999.0 -9999.0 -9999.0 -9999.0 -9999.0 13.3894362659 25.793348963 12.2475672771 23.5278184728 121.268940907 141.101395411 160.968942504 532.739255077 8.78754955869 217.156557278 820.567536867 826.889536794 1124.17724451 6.96202237613 23.3494465835 74.8439760516 7.43895063592 182.403527713 83.2972847613 51.6424096153 43.502683397 8.76678503506 26.6190294277 26.8411154287 17.8749130316 8.60840764553 27.7365196753 8.46770868427 8.34195733645 -9999.0 -9999.0 -9999.0 -9999.0 -9999.0 -9999.0 -9999.0 -9999.0 -9999.0 -9999.0 -9999.0 -9999.0 -9999.0 -9999.0 -9999.0 -9999.0 -9999.0 -9999.0 -9999.0 -9999.0 -9999.0
-9999.0 -9999.0 -9999.0 -9999.0 -9999.0 13.6316772715 39.5015115976 78.1302820922 89.8697748553 178.310760395 189.059916375 222.908351228 362.982462315 561.561053052 580.025545198 588.509575943 14.5578314998 1150.77106348 1164.62605351 1203.22237221 1490.70178001 205.20110584 190.334126678 59.4598511025 7.6894258795 50.2402721342 34.360011341 7.38793372082 34.6270334475 7.67905749497 16.0946391275 43.9378152777 52.0423179694 16.3347559634 7.89930488128 7.89487048339 -9999.0 -9999.0 -9999.0 -9999.0 10.8225567446 9.79894804375 -9999.0 -9999.0 -9999.0 -9999.0 -9999.0 -9999.0 -9999.0 -9999.0 -9999.0 -9999.0 -9999.0 -9999.0 -9999.0
-9999.0 -9999.0 -9999.0 -9999.0 -9999.0 13.1077389232 12.4557628363 52.6549997515 64.6583855749 77.093280942 11.5279525265 22.7850373145 132.58987389 23.2322475525 10.1656745069 9.01461112023 7.72306459749 8.88196050896 8.42611539307 8.57943691009 1498.59364889 1520.73448031 7.2846902922 22.4665071329 15.293346742 57.6230916824 14.9532935499 7.18776485187 42.5290720545 15.0397422834 36.6680451233 90.8873900306 84.022433273 23.9722226351 23.2987974114 8.09049628721 8.07736049479 -9999.0 -9999.0 8.23622279041 21.6330511328 51.8567276194 10.287957661 -9999.0 -9999.0 -9999.0 -9999.0 -9999.0 -9999.0 -9999.0 -9999.0 -9999.0 -9999.0 -9999.0 -9999.0
-9999.0 -9999.0 -9999.0 -9999.0 -9999.0 -9999.0 13.9814287942 13.9634690595 26.2004462188 38.8461235718 87.1765700197 110.847998713 122.536651196 12.7455979085 8.98521742182 123.548728953 149.884277833 158.002967129 192.369998266 200.158049276 7.59575039971 1528.40747665 1564.0542891 28.2383180289 3.41349559503 63.6424843688 141.562694929 56.4925692661 13.8456394183 7.00167363063 141.386824932 98.0593666034 6.84274073844 7.01506623798 30.5427177067 23.6292220696 7.50485214401 7.28787951882 7.89524267361 15.9806491328 7.7014063645 62.9114963394 70.3755591032 7.08184866318 -9999.0 -9999.0 -9999.0 -9999.0 8.2409202297 7.83187252209 2.49843710764 -9999.0 -9999.0 -9999.0 -9999.0
-9999.0 -9999.0 -9999.0 -9999.0 -9999.0 -9999.0 -9999.0 13.3171632049 11.5005740877 24.6106500281 37.0342399004 11.9098113518 10.2858029068 66.2722408684 85.8335524526 105.892601301 9.1008432479 18.0142623515 8.73857665624 208.219114613 467.355877822 477.230327153 2057.56049499 7.13977518155 10.5709064087 3.27120657421 148.238327042 6.79675699339 20.9687701948 6.85218631168 148.144652075 154.910132308 13.7889332412 13.9009511847 76.7703039345 38.6898209341 15.0146499797 7.67863765269 15.7615389432 23.7453545852 38.7029106706 7.19152629113 84.2139914708 90.6276161066 5.94682731106 6.37404072548 6.72482206024 6.12613147622 5.93994234667 22.7874846232 9.18146795421 6.13433480065 -9999.0 -9999.0 -9999.0
-9999.0 -9999.0 -9999.0 -9999.0 -9999.0 -9999.0 -9999.0 -9999.0 25.0225146426 35.6970388864 11.8483858773 24.2137454756 35.1620138974 56.9067005277 10.9522914359 10.4020770756 8.69993718905 8.79626061991 7.84109979185 243.025254632 8.7702585884 17.110519471 2085.1385279 2102.33183632 6.37882323456 23.3368217783 177.752805573 13.3213114082 27.0396994397 12.5499828134 18.5572666672 180.863151737 19.9680294228 110.061160832 90.1007899316 6.80504240716 36.9651826782 14.8883932034 22.9221836064 7.15477988321 45.6972533265 59.3283951549 64.9136064296 70.2185092699 113.051941014 11.3309653669 12.1013771118 11.1276068464 10.6960841737 28.3765400265 5.91032212634 21.3684590848 26.9069377787 -9999.0 -9999.0
-9999.0 -9999.0 -9999.0 -9999.0 -9999.0 -9999.0 -9999.0 -9999.0 13.2472734218 61.6183304927 73.1271309201 11.5044021041 22.1665451861 10.6378915905 9.57893380192 9.42114864163 118.124039116 155.753427941 193.209202439 232.384795567 9.52591449555 8.52081824196 8.1175538412 2143.37100909 2164.01441891 2170.95729378 237.963245365 53.2471672376 46.5979518836 5.74630176199 24.2525969108 210.99291411 5.89009387913 116.049345219 6.69840273915 47.8912941072 44.2869517648 7.10935906223 30.0490860905 14.2407658998 21.2568948935 6.34844230787 5.13501739306 75.4586456972 80.382647589 117.962892214 17.4403973888 16.2263184587 15.7285523754 34.5195041421 46.4577070234 5.95506489146 32.6635429433 6.14384697594 11.7851229017
-9999.0 -9999.0 -9999.0 -9999.0 -9999.0 -9999.0 -9999.0 -9999.0 -9999.0 13.432870437 85.2065136534 96.3577329418 32.8216228568 53.8518058503 72.8085612467 82.2012943637 9.44929077598 28.9479987047 18.9187406943 9.60593406644 9.326400734 8.45445433474 16.4444542406 28.0893585409 9.7815216383 2427.02378511 2433.7432574 5.91750991634 4.91620322406 11.6945715001 17.4681448901 228.245656507 11.5552618217 121.322462672 72.8751574979 60.4066458079 6.6959710048 13.6694046834 36.5306204544 6.46338509708 27.6389790467 12.5796438555 8.11671516582 2.76373055268 90.6104236456 212.686087973 21.2790935404 20.1403020202 20.5787109804 4.97961325938 51.4600225021 4.88539698755 43.6594998924 5.44527921986 17.3009008283
-9999.0 -9999.0 -9999.0 -9999.0 -9999.0 -9999.0 -9999.0 -9999.0 -9999.0 -9999.0 11.2005506594 118.921701779 10.5816760827 21.0001221796 30.0352782665 47.9893033658 9.2571960169 19.2943201979 9.38059044671 8.84105849135 8.25474354768 16.38638629 7.22591077918 7.63253771812 14.9587272317 8.69063597315 2441.79388068 2454.68048214 2472.75845833 22.932834751 5.89353915111 11.7503075929 234.340003396 223.486575185 85.5967223466 6.28640526544 26.8312962429 20.2220503887 43.0284183064 12.9303337834 52.9981953918 18.8711249686 13.1297058868 1.23062239986 3.01531862212 217.773698539 222.499167669 268.056818929 36.005462389 10.2054452725 56.8126125352 66.9457698349 115.478248682 10.7115467821 5.15714690832
-9999.0 -9999.0 -9999.0 -9999.0 -9999.0 -9999.0 -9999.0 -9999.0 -9999.0 -9999.0 -9999.0 6.0650257579 131.244600345 9.81575276113 18.6728595833 84.6728207543 9.37659832191 9.26682818219 8.0932666522 17.3129744822 8.39845289864 33.0995252811 47.595100636 54.2713651296 20.9705011588 26.3285964404 6.27736730898 7.67654812503 7.9326517149 2510.76772004 2528.58531717 239.39213369 233.772558658 228.685035351 11.0508273663 5.39070977981 32.7940386274 87.905166743 49.1587052689 19.0122791557 77.9029554299 23.8310501061 18.2506914675 2.45126897565 1.09085096286 1.21498308199 1.85744119197 277.546241979 327.762592016 4.89115096835 4.55940672191 4.95840739628 120.395391514 135.776521229 9.17626041922
-9999.0 -9999.0 -9999.0 -9999.0 -9999.0 -9999.0 -9999.0 -9999.0 -9999.0 -9999.0 -9999.0 5.68911684945 144.433787285 175.618516038 9.07178117539 102.851575775 8.6332362389 8.2127917928 16.2939411005 41.9614226303 8.0696003417 8.45489048621 7.07620932407 68.3465255253 74.9385507626 108.354525772 120.278217797 126.024816148 131.813520151 139.148374064 2674.91281892 2924.24968583 3167.72575151 3173.06352048 4.87414906916 5.47738036175 99.8678094851 93.9296390821 6.02906048372 5.99793372418 83.798586831 113.479510257 4.78216245007 42.0547676409 38.9388588321 5.75450342571 3.38174463029 5.70147917964 4.97944598076 336.803859366 4.59972022813 13.6134135903 17.3779554373 162.734892366 173.152773457
-9999.0 -9999.0 -9999.0 -9999.0 -9999.0 -9999.0 -9999.0 -9999.0 -9999.0 -9999.0 -9999.0 11.5480859299 21.7621182979 185.564064881 202.73099711 8.62616882054 121.610723659 7.23099084172 22.412389042 49.3132407267 15.5277321202 7.42708454356 15.1692950952 6.23887178843 12.1169296427 6.08277138823 5.28930605931 3.73853487964 2.92198976752 2.41993814423 2.15240540466 3.4434084851 4.9881380321 6.7467735746 3190.91686421 118.163897158 108.73469094 4.15720557466 17.3230613223 4.87789317168 4.21639202168 118.941353821 177.368133928 48.0132332655 36.5563345168 3.2434073963 1.39423046526 1.25367075302 5.04090559298 346.40918862 355.264632445 4.59917411187 4.7553149444 3.29028287677 1.33223228232
-9999.0 -9999.0 -9999.0 -9999.0 -9999.0 -9999.0 -9999.0 -9999.0 -9999.0 -9999.0 -9999.0 -9999.0 9.51999664061 130.708443118 342.547163174 369.538964442 499.59197578 509.538437053 111.709672629 79.9959527268 23.0901672303 7.33188118284 29.5092395285 36.3539406368 54.6531893164 12.4102344647 11.2172727538 9.75819736571 18.514921853 8.1681141799 7.55305503586 3.87242509708 1.41046724795 1.9568210529 3196.80647607 3320.17845101 3326.0516179 4.26484020897 46.7432169297 20.6611590957 5.93031134411 195.33297847 12.6352992103 6.49947732824 26.1846483144 4.67463052236 4.10844760326 7.78773394814 11.5340784339 15.7900389535 362.87517374 3.63411329743 3.27882386375 3.28729135542 2.35449644128
-9999.0 -9999.0 -9999.0 -9999.0 -9999.0 -9999.0 -9999.0 -9999.0 -9999.0 -9999.0 -9999.0 10.5838154149 99.9004937987 120.884805385 18.4748085161 5.92718487506 13.0722633162 530.357329349 538.533544333 659.742056406 6.60939722994 13.8816905416 6.09302156434 6.18277894929 60.6276151828 78.999440293 95.7735488192 5.45903085695 23.9528507744 37.4641959346 21.8170271846 9.1103645392 5.35493248022 3.86839325757 4.03081135566 2.39173837349 3330.71893309 3334.42765538 3388.52043341 9.98844996153 5.28532771562 202.220400761 13.676466766 6.96049130402 7.44304746409 7.37151794899 6.78890804673 11.0419429761 33.1571914935 53.4770083326 420.04023248 2.81509593889 8.58559976576 5.86105302297 4.74747608777
-9999.0 -9999.0 -9999.0 -9999.0 -9999.0 -9999.0 -9999.0 -9999.0 -9999.0 -9999.0 -9999.0 10.8496215659 69.6063516603 10.7976403139 9.11840185722 48.2189495596 56.0030842886 63.8674491221 71.1473409939 878.941348379 885.393772996 898.489052308 993.219134682 1010.43505317 1019.25872824 1025.39314017 1130.60338761 1143.20008693 1148.7982972 1191.81735464 1219.50561646 1224.79965835 1238.63981933 8.90722022112 6.61763059805 1.02048063129 1.46119016118 3338.2970018 3406.40597474 14.2753125379 240.468059781 235.15636051 25.7695347282 6.22633785164 6.36247087256 6.1708254069 6.10034266662 12.249226371 17.6037289117 5.07582579207 423.581558585 427.329236487 445.08397524 448.268975491 456.051516072
-9999.0 -9999.0 -9999.0 -9999.0 -9999.0 -9999.0 -9999.0 -9999.0 -9999.0 -9999.0 -9999.0 35.9707100439 47.4751272334 21.7528400394 31.5816442797 9.64512950149 110.701836747 118.969281542 135.166084332 140.682007577 52.4273574418 960.945760677 966.925686369 4.65788989421 2.69687846325 1.89664218382 4.93208530452 2.31304477829 1.37804819122 1.31011986804 1.92141385994 1228.24052713 1242.67833247 1257.27041564 1268.97998542 1274.57432446 2.23297923423 0.94342252408 3659.14030241 249.283217972 245.982806166 5.49496177196 5.16879487613 4.82055892952 11.3807822045 11.1922923756 5.20280531635 5.22779332605 4.9518538485 9.96544629269 13.2604980041 2.61283789569 4.83099748162 1.72415853477 0.568038882265
-9999.0 -9999.0 -9999.0 -9999.0 -9999.0 -9999.0 -9999.0 -9999.0 -9999.0 -9999.0 -9999.0 -9999.0 24.230277867 11.2963160113 10.0104327451 94.2284324308 102.851717684 8.65469563321 33.2207149769 40.5862848078 46.4868266813 6.8121588391 4.93935660943 132.364771955 136.240990241 139.683223323 371.466783211 373.486846601 376.081270786 398.234375863 406.277399813 407.423913199 1.21074518739 1.26762654329 1.83230603237 1279.90214074 1.91924040332 3702.38098657 3698.63685561 36.4861003266 32.6434849752 21.0954963482 5.33941694925 9.60174785398 16.3715318987 16.196967817 10.2024625576 5.05205264328 9.90533540387 9.91943880808 17.6818614377 3.48656162892 8.02126586693 12.7274660418 13.9099067907
-9999.0 -9999.0 -9999.0 -9999.0 -9999.0 -9999.0 -9999.0 -9999.0 -9999.0 -9999.0 -9999.0 -9999.0 12.4816765309 33.7444150053 43.8499971079 74.7960051291 8.61778278817 17.496594335 25.6371299725 101.785895543 107.616950824 110.526607143 116.134775819 122.868977944 201.531666713 220.892754028 229.190928208 2.25322247235 19.3095302712 21.055672389 402.098040304 408.906312659 411.798740827 414.766526266 417.770922728 1700.40587505 3.51163142044 3712.85376473 3.41407645081 1.19753469805 27.4977970359 24.9677318388 3.14027789023 14.0303495801 20.8699412856 20.531226357 14.232773021 23.3372630026 36.9577594128 14.0581052466 35.5622444659 2.73336307654 4.2125488589 0.453823467561 0.382403451907
