data/baseflow/mHMbf_acc399.asc
ncols                  80
nrows                 72
xllcorner      4374000.0
yllcorner      5656000.0
cellsize            500
NODATA_value       -9999
[rows 0 to 24 of 72, columns 0 to 54 of 80]
-9999.0 -9999.0 -9999.0 -9999.0 -9999.0 -9999.0 -9999.0 -9999.0 -9999.0 -9999.0 -9999.0 -9999.0 38.9809978551 27.4487515469 -9999.0 -9999.0 -9999.0 -9999.0 -9999.0 -9999.0 -9999.0 -9999.0 -9999.0 -9999.0 -9999.0 -9999.0 -9999.0 -9999.0 -9999.0 -9999.0 -9999.0 -9999.0 -9999.0 -9999.0 -9999.0 -9999.0 -9999.0 -9999.0 -9999.0 -9999.0 -9999.0 -9999.0 -9999.0 -9999.0 -9999.0 -9999.0 -9999.0 -9999.0 -9999.0 -9999.0 -9999.0 -9999.0 -9999.0 -9999.0 -9999.0
-9999.0 -9999.0 -9999.0 -9999.0 -9999.0 -9999.0 -9999.0 -9999.0 -9999.0 -9999.0 -9999.0 -9999.0 78.1310073045 161.159314538 23.6872838496 -9999.0 17.3696229436 -9999.0 -9999.0 -9999.0 -9999.0 -9999.0 -9999.0 -9999.0 -9999.0 -9999.0 -9999.0 -9999.0 -9999.0 -9999.0 -9999.0 -9999.0 -9999.0 -9999.0 -9999.0 -9999.0 -9999.0 -9999.0 -9999.0 -9999.0 -9999.0 -9999.0 -9999.0 -9999.0 -9999.0 -9999.0 -9999.0 -9999.0 -9999.0 -9999.0 -9999.0 -9999.0 -9999.0 -9999.0 -9999.0
-9999.0 -9999.0 -9999.0 -9999.0 -9999.0 -9999.0 -9999.0 -9999.0 -9999.0 -9999.0 39.4422085574 38.4298533822 39.0714400812 37.5554331246 234.889971203 262.851266805 50.0828822849 16.0542667506 -9999.0 -9999.0 -9999.0 -9999.0 -9999.0 -9999.0 -9999.0 -9999.0 -9999.0 -9999.0 -9999.0 -9999.0 -9999.0 -9999.0 -9999.0 -9999.0 -9999.0 -9999.0 -9999.0 -9999.0 -9999.0 -9999.0 -9999.0 -9999.0 -9999.0 -9999.0 -9999.0 -9999.0 -9999.0 -9999.0 -9999.0 -9999.0 -9999.0 -9999.0 -9999.0 -9999.0 -9999.0
-9999.0 -9999.0 -9999.0 -9999.0 -9999.0 -9999.0 -9999.0 -9999.0 -9999.0 38.8933161617 77.7338511084 154.131011145 76.0254984157 37.2588278685 73.9574026909 299.832250405 391.887987082 19.2262660385 -9999.0 38.6218109457 -9999.0 -9999.0 -9999.0 -9999.0 34.5871266312 17.2468635937 -9999.0 -9999.0 -9999.0 -9999.0 -9999.0 -9999.0 -9999.0 -9999.0 -9999.0 -9999.0 -9999.0 -9999.0 -9999.0 -9999.0 -9999.0 -9999.0 -9999.0 -9999.0 -9999.0 -9999.0 -9999.0 -9999.0 -9999.0 -9999.0 -9999.0 -9999.0 -9999.0 -9999.0 -9999.0
-9999.0 -9999.0 -9999.0 -9999.0 -9999.0 -9999.0 -9999.0 -9999.0 40.6594728814 119.077091394 157.196404516 195.391560281 267.207792095 36.7091969029 146.32054646 182.853493222 633.140187627 32.7364508037 36.405446577 74.9506327664 110.374392228 36.225566331 -9999.0 95.4036035801 77.6844761958 22.6736711127 -9999.0 -9999.0 -9999.0 -9999.0 -9999.0 -9999.0 -9999.0 -9999.0 -9999.0 -9999.0 -9999.0 -9999.0 -9999.0 -9999.0 -9999.0 -9999.0 -9999.0 -9999.0 -9999.0 -9999.0 -9999.0 -9999.0 -9999.0 -9999.0 -9999.0 -9999.0 -9999.0 -9999.0 -9999.0
-9999.0 -9999.0 -9999.0 -9999.0 -9999.0 -9999.0 41.7632639838 39.9168812136 38.7524540876 38.8874799814 39.0618517926 273.281404076 578.171716255 615.811958464 650.332889446 33.6751160716 701.320233937 736.840807096 72.1241966676 35.606604668 145.295480315 252.911929834 34.9031716333 197.724551039 36.6789115426 35.4031113906 37.6469877119 -9999.0 -9999.0 -9999.0 -9999.0 -9999.0 -9999.0 -9999.0 -9999.0 -9999.0 -9999.0 -9999.0 -9999.0 -9999.0 -9999.0 -9999.0 -9999.0 -9999.0 -9999.0 -9999.0 -9999.0 -9999.0 -9999.0 -9999.0 -9999.0 -9999.0 -9999.0 -9999.0 -9999.0
-9999.0 -9999.0 -9999.0 -9999.0 -9999.0 -9999.0 82.4222344981 122.108504962 279.406248682 394.865940927 37.4061450861 37.7763738807 36.7686080289 109.152588604 794.95150115 34.1255261586 772.036293872 907.552611332 106.330800915 70.1537425131 287.500340231 35.9505126597 233.105996601 72.1958763161 36.3070324445 71.1436092184 74.2788886855 36.7139101326 36.8379199615 36.6906583941 36.9351520215 74.2952120758 -9999.0 -9999.0 -9999.0 -9999.0 -9999.0 -9999.0 -9999.0 -9999.0 -9999.0 -9999.0 -9999.0 -9999.0 -9999.0 -9999.0 -9999.0 -9999.0 -9999.0 -9999.0 -9999.0 -9999.0 -9999.0 -9999.0 -9999.0
-9999.0 -9999.0 -9999.0 -9999.0 -9999.0 41.3884575556 81.9490128599 39.9837689548 79.2034798965 434.249599364 510.291601401 585.775055203 1800.61149316 35.9292615145 831.518707078 2898.67327824 2924.60323281 3875.68664998 28.0075895187 104.859711493 322.322195489 34.7172739301 629.205454485 361.335082736 218.436805659 182.195293068 36.4391888906 109.643888476 108.682107873 72.7143554184 35.8182439937 110.884120902 35.8522107963 35.8354409026 -9999.0 -9999.0 -9999.0 -9999.0 -9999.0 -9999.0 -9999.0 -9999.0 -9999.0 -9999.0 -9999.0 -9999.0 -9999.0 -9999.0 -9999.0 -9999.0 -9999.0 -9999.0 -9999.0 -9999.0 -9999.0
-9999.0 -9999.0 -9999.0 -9999.0 -9999.0 41.2355892944 121.819300001 243.670139512 282.804201405 561.931436024 600.217347993 717.102795205 1178.60602637 1897.60492144 1967.2477051 1999.63097044 66.0022583266 3991.12311335 4049.38391661 4221.40699272 5312.90689198 734.392701423 664.956299253 254.207422903 35.0570876118 216.236629896 145.391449626 35.4182424055 143.414406914 33.600175019 68.2758507403 181.025617312 216.07332525 70.9413987851 35.0704373132 35.2014142896 -9999.0 -9999.0 -9999.0 -9999.0 20.0244220931 16.6216699482 -9999.0 -9999.0 -9999.0 -9999.0 -9999.0 -9999.0 -9999.0 -9999.0 -9999.0 -9999.0 -9999.0 -9999.0 -9999.0
-9999.0 -9999.0 -9999.0 -9999.0 -9999.0 40.9252650229 40.256235285 161.411271306 200.510863187 240.292881465 39.2950702549 78.3955981751 434.127964248 77.6276326686 37.9269507341 37.175173345 35.4109224482 37.3445238785 36.4931737599 36.5424212005 5348.25796348 5452.94442847 34.6588305091 104.467831223 69.9751246314 251.304356185 70.7739613009 34.8396959911 178.682906743 66.3540518261 157.552559107 386.502363443 356.656149541 105.979752173 105.379978796 35.0782671484 35.171534537 -9999.0 -9999.0 35.2701383548 46.8631213785 98.1160647349 17.4327483986 -9999.0 -9999.0 -9999.0 -9999.0 -9999.0 -9999.0 -9999.0 -9999.0 -9999.0 -9999.0 -9999.0 -9999.0
-9999.0 -9999.0 -9999.0 -9999.0 -9999.0 -9999.0 41.1102996873 40.4856374898 81.2763208384 121.315096187 278.185722691 357.4083643 396.62766631 40.4246990508 36.7135242672 460.615576759 571.566242077 608.319656263 755.421119407 791.429976632 35.628285958 5488.34255252 5661.21139247 137.988920565 30.2908480643 284.954294063 638.548341127 248.408485873 68.1364829485 33.9059680711 610.256086903 420.472905497 33.9658692635 34.0205355157 139.622781596 104.501906569 34.7196385855 35.1042277419 34.6807233192 69.534999264 34.3179045884 119.724917913 154.050993602 33.7405794153 -9999.0 -9999.0 -9999.0 -9999.0 35.8024627807 35.069552476 9.67988722419 -9999.0 -9999.0 -9999.0 -9999.0
-9999.0 -9999.0 -9999.0 -9999.0 -9999.0 -9999.0 -9999.0 41.6803422095 38.4362071153 77.9718353815 117.718601679 40.0275027814 38.8590378426 233.717139089 310.450997429 387.312027489 37.234879052 74.4364584618 36.645395465 827.146849134 1807.3640805 1828.44372268 7552.9527764 35.0963822533 91.5087249766 29.9208339198 673.072740163 34.2860670848 102.393042972 33.8301606006 644.021285733 677.517379405 67.8261111215 67.5014612037 347.902308721 173.889121562 69.8278061297 34.972221945 69.5631406112 103.999677028 172.115334126 34.3620110856 222.452163653 256.328637366 32.8909133487 34.2840021168 33.9237259399 33.1463350703 32.3013615701 103.958532547 41.4429858383 27.8529520433 -9999.0 -9999.0 -9999.0
-9999.0 -9999.0 -9999.0 -9999.0 -9999.0 -9999.0 -9999.0 -9999.0 79.7830485123 118.1426107 39.4994591135 78.9902855567 117.700753626 196.16582294 39.6585896518 39.1109733234 36.6944144057 37.2326708733 36.407401216 908.491446969 36.7679737612 73.2080192939 7652.00886008 7738.34786416 51.8868556262 192.898858943 902.289501516 67.8160798723 135.166929722 66.267722662 98.4620277692 810.675821727 100.630759354 514.55471995 414.261409453 33.1236703276 172.506370797 69.0539389991 103.565856412 34.1867168268 206.769926601 275.580981799 308.229458686 340.346816454 386.005465708 65.325950668 65.570741645 64.1818055648 62.4764445769 135.170396486 30.4327754565 100.332948137 129.27767977 -9999.0 -9999.0
-9999.0 -9999.0 -9999.0 -9999.0 -9999.0 -9999.0 -9999.0 -9999.0 40.4174457729 198.230547196 237.421173103 39.3829189922 78.4518843551 39.1374109885 38.4448639595 37.8637336269 460.849677027 615.673380484 755.898124582 886.621950765 33.8848135354 36.616984528 44.6252187032 7907.3128989 7995.40821379 8043.87128679 1226.1627317 274.23031271 237.076689495 32.8095318319 130.769743059 974.034666262 32.6659835532 547.377393217 33.029220682 222.011421483 206.837835528 33.8570200872 137.273900902 67.8574205254 101.249044365 34.7491507526 32.1959736054 372.338490069 403.465138761 417.067775551 97.1488845621 95.3461305369 93.3061535426 166.36293566 227.221672471 30.2755441187 158.273866212 29.3568127789 57.4240547324
-9999.0 -9999.0 -9999.0 -9999.0 -9999.0 -9999.0 -9999.0 -9999.0 -9999.0 39.8066219131 276.64184178 316.104260264 117.95578816 196.40906313 273.299088468 311.73154475 38.2592552548 117.929540044 77.398964811 37.8266151935 38.2582010247 37.0225178389 76.1332704056 133.991817478 52.4820825295 9366.27835465 9418.21679409 49.5884855798 35.9317961703 64.9289324794 96.7663646475 1070.1069096 64.226839731 578.568626154 349.255445107 284.419465202 33.4187936473 66.9902304965 170.065484897 32.6079580519 133.526523102 67.1769641485 61.8301706811 30.0161584214 495.322276631 942.502780818 126.036617627 124.464111212 122.305848918 28.5523446848 255.428444416 27.900356927 216.027291672 28.1159930877 85.5173373974
-9999.0 -9999.0 -9999.0 -9999.0 -9999.0 -9999.0 -9999.0 -9999.0 -9999.0 -9999.0 38.6603304513 394.038120398 39.5753565174 79.0361515562 117.19501862 194.752262097 39.6241431847 80.2150107586 39.7760257342 39.4304608621 37.8589196625 75.4230005506 36.6094397879 43.6951511985 97.0717406082 53.3313394745 9463.35420359 9560.29016422 9696.25153118 134.981472576 31.9713254483 63.7281647603 1102.27299845 1088.54337009 415.000663265 32.7717289653 133.135310985 100.051112592 202.929880257 65.3932122031 265.523488181 99.5320144442 93.2100148645 29.2684370338 31.064096925 974.859337821 1005.83439716 1285.97310102 210.135145113 58.3286472258 285.00857737 341.731879503 585.134896331 55.9841369259 26.7172649416
-9999.0 -9999.0 -9999.0 -9999.0 -9999.0 -9999.0 -9999.0 -9999.0 -9999.0 -9999.0 -9999.0 20.6512144762 441.281677269 39.1240781528 77.178000519 349.958570035 40.1386352102 40.3233607715 38.0932146785 77.7012312336 37.096435582 149.726735316 223.167117367 259.20508131 135.001769529 180.638584503 50.3763938519 53.6168145636 47.3762092756 9904.65246286 10006.7713263 1134.04479106 1150.30870742 1119.51935519 63.7531787295 31.4786915499 165.039264853 432.194057381 235.320537027 97.75424028 395.315085423 210.333751395 178.85583815 57.3567268828 28.2353848321 27.6688640187 28.3675587976 1404.15099666 1704.70828742 28.7049881386 27.3093278688 27.8237940641 611.895990318 694.145912432 51.3462258343
-9999.0 -9999.0 -9999.0 -9999.0 -9999.0 -9999.0 -9999.0 -9999.0 -9999.0 -9999.0 -9999.0 19.69190424 490.308921975 607.053918782 37.9439565177 426.464229044 38.5876876951 38.2517261874 74.8250478987 189.409011598 36.8030529149 37.4067846031 36.3206452302 332.345840748 367.735211758 584.427620295 672.599192524 716.678249067 765.199075668 813.101600447 10863.956167 12084.6606916 13317.7538465 13352.5632726 36.8580903625 31.8474253092 496.021163565 464.348126534 31.9176851709 31.8008053681 425.685467879 668.083856202 30.061848033 364.37863956 335.950740775 114.748573781 57.3221707503 87.6727965493 31.634540934 1764.86980138 29.9181878027 84.967080857 112.074530686 890.408205496 964.917224479
-9999.0 -9999.0 -9999.0 -9999.0 -9999.0 -9999.0 -9999.0 -9999.0 -9999.0 -9999.0 -9999.0 40.1218846281 78.4556362468 645.233977242 720.213823414 37.9304514176 493.622849492 36.5659820359 110.685841882 225.746205613 73.0475000664 36.2225356084 73.0571970359 35.4234711638 68.7226160812 33.3340454391 32.0153038608 29.934739114 28.7675825697 31.1923476494 36.0978606921 44.1603697839 48.5142147543 49.6408294382 13478.3244947 656.946370937 582.322895364 41.5537269798 95.0243295187 25.1103723531 19.9521891111 699.051243002 1157.41531457 396.837627584 279.974894686 58.1453379892 29.2294878024 28.7243555113 58.5766308601 1853.97754149 1913.13978801 29.9564127488 29.7566068321 29.6192407507 24.7224613328
-9999.0 -9999.0 -9999.0 -9999.0 -9999.0 -9999.0 -9999.0 -9999.0 -9999.0 -9999.0 -9999.0 -9999.0 38.9598367832 479.826994703 1237.76875038 1350.73744277 1879.72522482 1908.10318408 510.255063324 371.902770241 109.762061977 36.0838382634 144.528230752 179.839494946 282.078470642 67.3411800794 64.9045311926 63.0839438067 124.266468245 63.3336790234 67.5499991987 29.7177576794 27.8334959985 35.4645172432 13519.0141983 14195.8230936 14235.6101317 43.6862314241 287.483846779 107.813519644 31.845745328 1254.0057387 65.9068102586 33.3578830066 134.030861248 31.4195105427 32.0249626501 63.0737275823 91.9391590086 121.664181613 1969.13571855 27.6368258119 26.0257608813 26.1248449814 23.1695971617
-9999.0 -9999.0 -9999.0 -9999.0 -9999.0 -9999.0 -9999.0 -9999.0 -9999.0 -9999.0 -9999.0 40.2788527365 363.443374816 441.880942076 75.8261520324 22.5936205653 54.8191298907 2000.28925826 2031.97052423 2569.73389693 34.7966561606 70.7212614112 33.4862888746 33.8726696789 315.662546881 416.562061594 513.574347223 31.9989715007 156.068227178 250.781214533 158.614965876 60.5316417856 56.6680356342 61.6905039596 67.1516504373 41.3004528035 14272.9586515 14310.8190185 14674.5296803 60.5909488913 30.2750223183 1275.35572474 67.8024851982 34.3941401421 34.5794907572 34.3090201577 33.6624930928 66.5870019802 194.827872772 347.541675274 2344.04625941 24.5071688478 72.8835090155 48.8176743157 44.3563088552
-9999.0 -9999.0 -9999.0 -9999.0 -9999.0 -9999.0 -9999.0 -9999.0 -9999.0 -9999.0 -9999.0 40.8537398605 244.252113191 39.524100935 37.9013144015 183.875213053 219.988086176 257.190759914 293.574176177 3480.17610213 3510.10119615 3575.69324735 4050.03989436 4154.02985484 4220.66206116 4255.09119995 4856.21346918 4943.70642627 4975.5510025 5259.1315057 5450.3974151 5481.41627998 5597.59144377 91.5673785318 94.2839135419 34.0537408953 38.6614320993 14347.3561293 14810.4280067 96.1402740587 1455.80523843 1428.21141402 133.65248845 33.2306866316 33.5059391445 33.168364781 32.5700572922 65.4682183574 97.2710502058 32.3202774106 2371.05560737 2398.48243207 2545.44795806 2570.36255137 2638.37532941
-9999.0 -9999.0 -9999.0 -9999.0 -9999.0 -9999.0 -9999.0 -9999.0 -9999.0 -9999.0 -9999.0 122.743968404 162.830247902 78.2732691526 116.780343768 38.2800024602 433.590798503 471.367518663 546.375588701 580.543303567 255.400254456 3881.11891401 3911.79405718 35.8799155187 32.6749672386 31.5271579001 64.7038705369 31.5053530344 28.7148967725 27.4193175461 27.9679895356 5511.01383791 5627.63506623 5746.61332047 5866.42414549 6008.15117951 73.6313740905 33.8300362465 16367.3363073 1518.48066974 1484.17047651 30.5473894543 30.5256213158 29.8956479307 64.0518299603 63.861753523 30.377174417 30.4015517345 28.7571579554 60.7252442193 87.2453286074 23.0642353608 43.1189601535 19.3748389952 16.9760614807
-9999.0 -9999.0 -9999.0 -9999.0 -9999.0 -9999.0 -9999.0 -9999.0 -9999.0 -9999.0 -9999.0 -9999.0 82.4583484964 39.5483139001 38.9482432257 358.474730271 396.703717466 38.0946352274 153.574923285 189.883474191 224.772608004 36.1457155815 36.3429684686 643.549488205 677.57169486 711.050867786 1821.77874502 1852.22126072 1909.14031866 2133.99537836 2298.44474216 2326.21187645 24.7055757525 25.0616675483 23.8581144345 6064.55107105 29.9736590929 16701.0366713 16644.6918846 242.895595606 207.261832981 121.009871087 30.6065657194 59.541906338 94.2607885325 94.1067676267 60.0846819726 29.665422382 58.2934033359 56.9816558945 113.738137992 17.8731680352 62.7936964596 106.593084185 142.054656286
-9999.0 -9999.0 -9999.0 -9999.0 -9999.0 -9999.0 -9999.0 -9999.0 -9999.0 -9999.0 -9999.0 -9999.0 41.6508174376 121.453435025 160.508839181 281.233468891 39.1967335873 78.3445004378 116.692067954 431.177862798 465.604795402 495.87642087 532.71990298 571.653025347 897.341227788 1010.69203286 1079.71056467 32.0260331198 167.253134474 197.193384839 2217.05777901 2354.45402901 2406.86926596 2458.34909773 2514.8528728 8607.95839671 21.7598780446 16814.5692094 65.8246969636 31.0724444064 177.3006707 148.918668718 26.3463643579 87.1430467326 121.77261406 121.637146545 86.8048077704 143.402346962 227.480813665 83.2618823558 222.098483331 23.3536389086 38.7874906302 17.8422291418 15.4575538937
