data/baseflow/History/mHMbfrc441
ncols                  80
nrows                 72
xllcorner      4374000.0
yllcorner      5656000.0
cellsize            500
NODATA_value       -9999
[rows 0 to 23 of 72, columns 0 to 52 of 80]
-9999.0 -9999.0 -9999.0 -9999.0 -9999.0 -9999.0 -9999.0 -9999.0 -9999.0 -9999.0 -9999.0 -9999.0 0.294271706595 0.462041259833 -9999.0 -9999.0 -9999.0 -9999.0 -9999.0 -9999.0 -9999.0 -9999.0 -9999.0 -9999.0 -9999.0 -9999.0 -9999.0 -9999.0 -9999.0 -9999.0 -9999.0 -9999.0 -9999.0 -9999.0 -9999.0 -9999.0 -9999.0 -9999.0 -9999.0 -9999.0 -9999.0 -9999.0 -9999.0 -9999.0 -9999.0 -9999.0 -9999.0 -9999.0 -9999.0 -9999.0 -9999.0 -9999.0 -9999.0
-9999.0 -9999.0 -9999.0 -9999.0 -9999.0 -9999.0 -9999.0 -9999.0 -9999.0 -9999.0 -9999.0 -9999.0 0.574024380026 1.73774525623 0.381645990866 -9999.0 0.439255948834 -9999.0 -9999.0 -9999.0 -9999.0 -9999.0 -9999.0 -9999.0 -9999.0 -9999.0 -9999.0 -9999.0 -9999.0 -9999.0 -9999.0 -9999.0 -9999.0 -9999.0 -9999.0 -9999.0 -9999.0 -9999.0 -9999.0 -9999.0 -9999.0 -9999.0 -9999.0 -9999.0 -9999.0 -9999.0 -9999.0 -9999.0 -9999.0 -9999.0 -9999.0 -9999.0 -9999.0
-9999.0 -9999.0 -9999.0 -9999.0 -9999.0 -9999.0 -9999.0 -9999.0 -9999.0 -9999.0 0.231163888175 0.215845106444 0.247091155709 0.249209421782 2.17706183736 2.49427125141 1.22881361837 0.405299424858 -9999.0 -9999.0 -9999.0 -9999.0 -9999.0 -9999.0 -9999.0 -9999.0 -9999.0 -9999.0 -9999.0 -9999.0 -9999.0 -9999.0 -9999.0 -9999.0 -9999.0 -9999.0 -9999.0 -9999.0 -9999.0 -9999.0 -9999.0 -9999.0 -9999.0 -9999.0 -9999.0 -9999.0 -9999.0 -9999.0 -9999.0 -9999.0 -9999.0 -9999.0 -9999.0
-9999.0 -9999.0 -9999.0 -9999.0 -9999.0 -9999.0 -9999.0 -9999.0 -9999.0 0.208526784422 0.450714313989 0.891547094893 0.460857059467 0.217420958809 0.42732766664 2.69547431478 4.67527497423 0.383946739234 -9999.0 0.237566305351 -9999.0 -9999.0 -9999.0 -9999.0 0.849014797797 0.449735110259 -9999.0 -9999.0 -9999.0 -9999.0 -9999.0 -9999.0 -9999.0 -9999.0 -9999.0 -9999.0 -9999.0 -9999.0 -9999.0 -9999.0 -9999.0 -9999.0 -9999.0 -9999.0 -9999.0 -9999.0 -9999.0 -9999.0 -9999.0 -9999.0 -9999.0 -9999.0 -9999.0
-9999.0 -9999.0 -9999.0 -9999.0 -9999.0 -9999.0 -9999.0 -9999.0 0.285750466218 0.737293848152 0.943079147094 1.1561418226 1.56076397986 0.193146961886 0.799683687549 0.983776329925 6.1956104104 0.212716315124 0.1699225133 0.422822848935 0.605090093226 0.197723757251 -9999.0 1.99725709899 1.64818108136 0.401421278854 -9999.0 -9999.0 -9999.0 -9999.0 -9999.0 -9999.0 -9999.0 -9999.0 -9999.0 -9999.0 -9999.0 -9999.0 -9999.0 -9999.0 -9999.0 -9999.0 -9999.0 -9999.0 -9999.0 -9999.0 -9999.0 -9999.0 -9999.0 -9999.0 -9999.0 -9999.0 -9999.0
-9999.0 -9999.0 -9999.0 -9999.0 -9999.0 -9999.0 0.269620003288 0.223440353749 0.207014521888 0.216900248907 0.236379781457 1.64628573586 3.43582709972 3.65394904752 3.79905124078 0.133223519545 6.54399324214 6.72774599041 0.339137345636 0.184357940098 0.781748047818 1.35807717553 0.243037097234 2.72803077446 0.203879899383 0.22537534553 0.214721420838 -9999.0 -9999.0 -9999.0 -9999.0 -9999.0 -9999.0 -9999.0 -9999.0 -9999.0 -9999.0 -9999.0 -9999.0 -9999.0 -9999.0 -9999.0 -9999.0 -9999.0 -9999.0 -9999.0 -9999.0 -9999.0 -9999.0 -9999.0 -9999.0 -9999.0 -9999.0
-9999.0 -9999.0 -9999.0 -9999.0 -9999.0 -9999.0 0.550324669444 0.799541117138 1.76766928257 2.38438972595 0.187149704766 0.203790313864 0.195702876464 0.547609405823 4.50944478798 0.131397495511 6.8848239356 7.54283922946 0.511300155501 0.338439574161 1.51881027564 0.186559090905 2.90538358739 0.378250412753 0.188164985679 0.394181499969 0.422601747935 0.21398182562 0.222301233397 0.208852162672 0.249565257204 0.496346625613 -9999.0 -9999.0 -9999.0 -9999.0 -9999.0 -9999.0 -9999.0 -9999.0 -9999.0 -9999.0 -9999.0 -9999.0 -9999.0 -9999.0 -9999.0 -9999.0 -9999.0 -9999.0 -9999.0 -9999.0 -9999.0
-9999.0 -9999.0 -9999.0 -9999.0 -9999.0 0.334489228456 0.625958050244 0.286879034141 0.546864259547 2.65479797009 3.09161423616 3.52091411334 12.5305590223 0.175308501188 4.69749899855 18.924903039 19.057837586 26.8754534215 0.167616744746 0.483443471955 1.68046029163 0.158435317976 5.03733713189 1.96283732065 1.23249848717 1.0302386178 0.207412377124 0.625553119656 0.631200005108 0.417745724576 0.202359188908 0.709759829191 0.200936518078 0.192995130319 -9999.0 -9999.0 -9999.0 -9999.0 -9999.0 -9999.0 -9999.0 -9999.0 -9999.0 -9999.0 -9999.0 -9999.0 -9999.0 -9999.0 -9999.0 -9999.0 -9999.0 -9999.0 -9999.0
-9999.0 -9999.0 -9999.0 -9999.0 -9999.0 0.343962394161 0.973058166217 1.91396852633 2.19127167153 4.37740054479 4.62456492384 5.43888445823 8.83155297149 13.2454445463 13.7045274508 13.9198889317 0.321402714702 27.4657689415 27.7702945019 28.5964061598 35.984317125 5.545142766 5.22192433519 1.41044436568 0.172343271321 1.15917364194 0.800801312816 0.157185013057 0.805635905448 0.161874074562 0.35993794967 1.0665739598 1.25388152647 0.372887614417 0.181117284541 0.171930626103 -9999.0 -9999.0 -9999.0 -9999.0 0.353490795158 0.331078461942 -9999.0 -9999.0 -9999.0 -9999.0 -9999.0 -9999.0 -9999.0 -9999.0 -9999.0 -9999.0 -9999.0
-9999.0 -9999.0 -9999.0 -9999.0 -9999.0 0.316762328658 0.29257823011 1.3242651079 1.61593146937 1.92745462019 0.282751844863 0.551923873508 3.22585199891 0.584520056016 0.257160765009 0.207186505159 0.174278209375 0.197562188377 0.179674850268 0.21129664003 36.1685885447 36.6509928735 0.155731826417 0.490929265794 0.340291358204 1.32679555022 0.33222722637 0.15356073604 0.986217951728 0.310217352506 0.783638689036 2.1453276625 1.98437201226 0.546185730518 0.51932410662 0.18494513647 0.181209332565 -9999.0 -9999.0 0.178361726516 0.661338421395 1.68792353861 0.350889585689 -9999.0 -9999.0 -9999.0 -9999.0 -9999.0 -9999.0 -9999.0 -9999.0 -9999.0 -9999.0
-9999.0 -9999.0 -9999.0 -9999.0 -9999.0 -9999.0 0.361755005874 0.378032487061 0.653129515539 0.957141240276 2.13565120346 2.71029701569 2.98767277614 0.312429875849 0.19438056669 2.89354057669 3.51390643213 3.69262647571 4.49406046676 4.66120448373 0.168494909737 36.8251949322 37.6036944757 0.612272742176 0.0691391635199 1.44492479455 3.20686334919 1.2893138864 0.290555191215 0.146550732462 3.23407968115 2.30507744599 0.149210065274 0.155335580838 0.686308207539 0.530655958876 0.161805905573 0.152207102477 0.169146713734 0.341272133701 0.158184953455 2.03679743056 2.19115690708 0.141072831619 -9999.0 -9999.0 -9999.0 -9999.0 0.170147503897 0.155865669478 0.0456899257841 -9999.0 -9999.0
-9999.0 -9999.0 -9999.0 -9999.0 -9999.0 -9999.0 -9999.0 0.33356805182 0.265031057066 0.59768468074 0.917270099086 0.288945217067 0.215747037725 1.55435546216 2.02134334402 2.51291653493 0.22838220065 0.420621672864 0.216766912393 4.84495613707 11.2117589336 11.5321334887 49.5441343418 0.152821643682 0.19643408046 0.056628558639 3.36384357773 0.144643026237 0.442481356508 0.141823049807 3.37839831759 3.52353658137 0.302130223024 0.300767340522 1.713454721 0.859370907671 0.339195091173 0.170919701445 0.335215138642 0.504049310649 0.806197972044 0.141913173535 2.46317109231 2.58459111753 0.104529646671 0.11291066152 0.124263671473 0.106374143071 0.099409732695 0.446216796015 0.157598035572 0.0984683042808 -9999.0
-9999.0 -9999.0 -9999.0 -9999.0 -9999.0 -9999.0 -9999.0 -9999.0 0.578149072328 0.806418071843 0.281084473589 0.590731276503 0.858792789985 1.36651681448 0.277801219721 0.249493037393 0.192402726762 0.194263332956 0.165363323103 5.98895562715 0.218782585447 0.41314379248 50.2658246283 50.6068611421 0.0923559693763 0.384779766523 3.86282018481 0.278368467213 0.562224901599 0.247677519159 0.379408733589 4.07883655628 0.430591239907 2.40317946058 1.977154673 0.130145305456 0.808340826445 0.322796926323 0.478411438689 0.145707375303 0.965427093512 1.23632608797 1.33596929464 1.42763494818 2.96918142409 0.193996566791 0.213536553192 0.185771385263 0.171570056294 0.539459495266 0.104130090714 0.358700171162 0.441206236065
-9999.0 -9999.0 -9999.0 -9999.0 -9999.0 -9999.0 -9999.0 -9999.0 0.3348642617 1.46244801199 1.72722058971 0.26358428232 0.508784322064 0.243581861514 0.20959574065 0.204783987428 2.69868562196 3.57635382369 4.52551645254 5.63465791661 0.257741033495 0.204334473849 0.159909514192 51.5474246836 51.9928024808 52.1039625186 5.07787238916 1.10389553435 0.972805162307 0.117331331489 0.481474056639 4.67734674333 0.10733913985 2.5230389787 0.137879136425 1.03053062214 0.958339521102 0.147528378815 0.621604914537 0.286811117179 0.424292446341 0.122776254675 0.0873186227471 1.51750123456 1.59758693622 3.04897523968 0.301795241198 0.267687415295 0.250494965946 0.651019765916 0.863086957099 0.10584868524 0.536901825542
-9999.0 -9999.0 -9999.0 -9999.0 -9999.0 -9999.0 -9999.0 -9999.0 -9999.0 0.361558876457 2.03009094332 2.28220647438 0.753635071663 1.24033312724 1.66599655784 1.88408809716 0.233727193072 0.681424494665 0.454678120494 0.248589976245 0.231897535116 0.18522430545 0.357793566633 0.600846825624 0.195210411521 57.5343591007 57.6306005692 0.0839101340862 0.0822917087333 0.238065573414 0.357524095597 5.02360620147 0.226953386919 2.62493719428 1.51913377314 1.27205967748 0.133245786094 0.274885002112 0.743739497511 0.122248702443 0.542254820819 0.246273675573 0.130581361784 0.0418386024124 1.75806507106 4.86835787513 0.356649606394 0.324395674736 0.330669889995 0.0843136284362 0.947355069678 0.081276435001 0.719496690085
-9999.0 -9999.0 -9999.0 -9999.0 -9999.0 -9999.0 -9999.0 -9999.0 -9999.0 -9999.0 0.264254302731 2.81454980298 0.240532446853 0.480965515933 0.681316298653 1.06511000633 0.197788256097 0.433193679152 0.207551906721 0.184003319938 0.170830640693 0.33930177726 0.14034517565 0.133856698036 0.243998200873 0.155277038681 57.7808992633 57.9718399448 58.2551311862 0.443717180915 0.112811117463 0.224987093554 5.14471026524 4.7098440054 1.77561623619 0.123618474734 0.532723598237 0.40227304337 0.866330373216 0.243644412788 1.02941623376 0.364516673779 0.210220826622 0.0159782865282 0.0454033557487 4.95678502678 5.03792707563 5.78610480243 0.6047536972 0.181596756518 1.04084534723 1.21331561816 2.00438838651
-9999.0 -9999.0 -9999.0 -9999.0 -9999.0 -9999.0 -9999.0 -9999.0 -9999.0 -9999.0 -9999.0 0.141402194098 3.08590598902 0.197219279128 0.39232624133 1.8417965671 0.203396485071 0.19849972317 0.170129753926 0.363285955315 0.185507617476 0.710226553414 1.01736203101 1.1481853045 0.356133389092 0.436534248279 0.0927552623184 0.125003646099 0.136059227211 58.9678245923 59.2680431637 5.23441193779 4.89753988645 4.8076861622 0.198064182256 0.0937276456935 0.642538401054 1.73118349272 0.979019739578 0.354111842848 1.49232404011 0.376623073936 0.276613725175 0.0301684474316 0.0114843506704 0.0126122110162 0.0202765293553 5.9234540586 6.76652958634 0.0883884407549 0.0724076431908 0.0947282220349 2.09417209943
-9999.0 -9999.0 -9999.0 -9999.0 -9999.0 -9999.0 -9999.0 -9999.0 -9999.0 -9999.0 -9999.0 0.122941817212 3.36459878236 4.10026073736 0.202499945532 2.24593996819 0.179166865231 0.163812006635 0.338349735591 0.876088389193 0.167377008187 0.183555155411 0.142413039041 1.43067276453 1.55732565052 2.15101367099 2.34328296758 2.42685720483 2.50691496042 2.617001805 62.003566943 67.3795474526 72.4183217712 72.4986655272 0.0799438416373 0.0963924853294 1.95248051303 1.8426974362 0.110160228355 0.103829344253 1.59409378952 2.08135370708 0.0775674973877 0.78191574371 0.739637995636 0.0855113798865 0.04493848985 0.0837531597597 0.0846139797113 6.90313185343 0.0698047466971 0.222959210221 0.271075932254
-9999.0 -9999.0 -9999.0 -9999.0 -9999.0 -9999.0 -9999.0 -9999.0 -9999.0 -9999.0 -9999.0 0.286253534863 0.533394187561 4.33395216489 4.71250866813 0.19739509018 2.72490650842 0.136644314795 0.433293961668 1.02262653224 0.315783669841 0.147124317639 0.331249142093 0.121991058665 0.229863547991 0.110527204701 0.0888181422976 0.0521323758364 0.0397821123625 0.0264128167362 0.0189577232592 0.0354500585602 0.0711163044756 0.0961268099985 72.7577537752 2.17974714894 2.04725295834 0.0450390850054 0.300113085734 0.080759225467 0.0700899332588 2.17424617751 3.2502414925 0.895263105469 0.712150539605 0.0564586287572 0.0200098110666 0.0157023944591 0.0688910562334 7.04455074334 7.17896097937 0.0709559202248 0.0722651746521
-9999.0 -9999.0 -9999.0 -9999.0 -9999.0 -9999.0 -9999.0 -9999.0 -9999.0 -9999.0 -9999.0 -9999.0 0.204872407895 3.26345301253 8.18141650561 8.78887266781 11.717318279 12.0191302425 2.33712056143 1.64319678518 0.466656389111 0.143536518843 0.614229841894 0.755588142615 1.09966233766 0.228935976524 0.195345101413 0.161622316566 0.306432422764 0.128752144578 0.111319171484 0.0561047547095 0.0170107205316 0.0157148437904 72.8351209364 75.0974336284 75.1626246142 0.0430612135416 0.752645405411 0.358815109711 0.107672985656 3.60004794288 0.255389979403 0.13455110554 0.548031898154 0.0853246195801 0.0597796956333 0.10996056256 0.16062502141 0.224042799324 7.29038255942 0.0494200776015 0.0418055615171
-9999.0 -9999.0 -9999.0 -9999.0 -9999.0 -9999.0 -9999.0 -9999.0 -9999.0 -9999.0 -9999.0 0.248589522571 2.51665661312 3.03886972895 0.438999019625 0.1353675611 0.276881484574 12.4641478079 12.678583004 15.2886461975 0.124417322716 0.266062342519 0.110326957335 0.112425349063 1.20846555515 1.54574289825 1.83271326639 0.0939809635593 0.399913241087 0.619959757388 0.341214778592 0.144320041594 0.0719654855752 0.0380050371354 0.0377182480576 0.0164819026738 75.213425711 75.2499764132 76.0668979316 0.160162463333 0.0902727049454 3.76049385057 0.271725657184 0.142109289407 0.162623646975 0.160844833396 0.135911451797 0.201922153277 0.587771770344 0.88012543373 8.22164895551 0.0350866425681 0.106528775209
-9999.0 -9999.0 -9999.0 -9999.0 -9999.0 -9999.0 -9999.0 -9999.0 -9999.0 -9999.0 -9999.0 0.259951541399 1.82836671968 0.275887064604 0.207728210493 1.18506341573 1.35957122029 1.52975191138 1.67606109465 20.4425450772 20.5672312465 20.8166794505 22.7069693815 23.0106183179 23.1566245102 23.2695054502 25.2379280594 25.4379168788 25.5305627346 26.2513102023 26.7006936987 26.7899829001 26.9912674608 0.120188183905 0.0688637651743 0.00606884064284 0.00714070064725 75.2896579534 76.3131557151 0.213449679891 4.53321546818 4.4377269094 0.487945257243 0.112360944939 0.114685055796 0.108583670922 0.113478444737 0.228296211104 0.317575427318 0.0837004096034 8.27156513101 8.32418638324 8.54656845695
-9999.0 -9999.0 -9999.0 -9999.0 -9999.0 -9999.0 -9999.0 -9999.0 -9999.0 -9999.0 -9999.0 0.97449854652 1.27608128957 0.548462932093 0.791574500739 0.235843968822 2.68943277881 2.87189987596 3.23097191957 3.33391733463 1.10504625892 22.1247076475 22.2253605747 0.0723945437692 0.0325301790503 0.0230021085754 0.0609795608028 0.021008672548 0.0148823645002 0.0137463502274 0.0192511242499 26.8376109231 27.0513722573 27.2826980524 27.4437603705 27.4772077922 0.00944446721785 0.00314163534252 81.0109280462 4.66789393441 4.63470553229 0.102753491894 0.1016594571 0.0793809293015 0.191355198889 0.187498301942 0.0848726723236 0.0881723138045 0.0815811857655 0.163415711642 0.213288978528 0.0308543353595 0.0541226785247
-9999.0 -9999.0 -9999.0 -9999.0 -9999.0 -9999.0 -9999.0 -9999.0 -9999.0 -9999.0 -9999.0 -9999.0 0.659396882393 0.292065905378 0.238402970471 2.32466045275 2.52178835537 0.198698574422 0.732739133723 0.889007574903 0.998562338295 0.139751528648 0.0739976563095 2.79966357162 2.85137293125 2.89448764178 7.66778502572 7.68798512573 7.71462094973 7.95820033305 8.03600803127 8.04647463649 0.0144939119185 0.0160543250258 0.020300733683 27.5279414344 0.0123597715782 81.6529214099 81.6196891505 0.586131703076 0.545085596071 0.377589171826 0.0901915774335 0.168142336208 0.278309859958 0.274367983199 0.162259149181 0.0834774803263 0.16276429951 0.162575162546 0.282703314035 0.042132478269 0.0834300050861
