data/baseflow/History/mHMbfrc431
ncols                  80
nrows                 72
xllcorner      4374000.0
yllcorner      5656000.0
cellsize            500
NODATA_value       -9999
[rows 0 to 23 of 72, columns 0 to 53 of 80]
-9999.0 -9999.0 -9999.0 -9999.0 -9999.0 -9999.0 -9999.0 -9999.0 -9999.0 -9999.0 -9999.0 -9999.0 0.722584712664 0.654701756755 -9999.0 -9999.0 -9999.0 -9999.0 -9999.0 -9999.0 -9999.0 -9999.0 -9999.0 -9999.0 -9999.0 -9999.0 -9999.0 -9999.0 -9999.0 -9999.0 -9999.0 -9999.0 -9999.0 -9999.0 -9999.0 -9999.0 -9999.0 -9999.0 -9999.0 -9999.0 -9999.0 -9999.0 -9999.0 -9999.0 -9999.0 -9999.0 -9999.0 -9999.0 -9999.0 -9999.0 -9999.0 -9999.0 -9999.0 -9999.0
-9999.0 -9999.0 -9999.0 -9999.0 -9999.0 -9999.0 -9999.0 -9999.0 -9999.0 -9999.0 -9999.0 -9999.0 1.4808242848 3.29088194533 0.537851714165 -9999.0 0.536413513787 -9999.0 -9999.0 -9999.0 -9999.0 -9999.0 -9999.0 -9999.0 -9999.0 -9999.0 -9999.0 -9999.0 -9999.0 -9999.0 -9999.0 -9999.0 -9999.0 -9999.0 -9999.0 -9999.0 -9999.0 -9999.0 -9999.0 -9999.0 -9999.0 -9999.0 -9999.0 -9999.0 -9999.0 -9999.0 -9999.0 -9999.0 -9999.0 -9999.0 -9999.0 -9999.0 -9999.0 -9999.0
-9999.0 -9999.0 -9999.0 -9999.0 -9999.0 -9999.0 -9999.0 -9999.0 -9999.0 -9999.0 0.693426184645 0.657264679018 0.703416952652 0.701012372078 4.57944123545 5.06539308678 1.46815093507 0.472371244631 -9999.0 -9999.0 -9999.0 -9999.0 -9999.0 -9999.0 -9999.0 -9999.0 -9999.0 -9999.0 -9999.0 -9999.0 -9999.0 -9999.0 -9999.0 -9999.0 -9999.0 -9999.0 -9999.0 -9999.0 -9999.0 -9999.0 -9999.0 -9999.0 -9999.0 -9999.0 -9999.0 -9999.0 -9999.0 -9999.0 -9999.0 -9999.0 -9999.0 -9999.0 -9999.0 -9999.0
-9999.0 -9999.0 -9999.0 -9999.0 -9999.0 -9999.0 -9999.0 -9999.0 -9999.0 0.652567693053 1.3515590972 2.68749704689 1.34853894354 0.652371627914 1.28303474931 5.653856868 8.085791865 0.491592582079 -9999.0 0.677263476884 -9999.0 -9999.0 -9999.0 -9999.0 0.992199750544 0.51861893418 -9999.0 -9999.0 -9999.0 -9999.0 -9999.0 -9999.0 -9999.0 -9999.0 -9999.0 -9999.0 -9999.0 -9999.0 -9999.0 -9999.0 -9999.0 -9999.0 -9999.0 -9999.0 -9999.0 -9999.0 -9999.0 -9999.0 -9999.0 -9999.0 -9999.0 -9999.0 -9999.0 -9999.0
-9999.0 -9999.0 -9999.0 -9999.0 -9999.0 -9999.0 -9999.0 -9999.0 0.781366258582 2.14618557795 2.77646211045 3.41341044547 4.66303460715 0.600194168474 2.46609730535 3.03934024612 12.029725393 0.452414624186 0.45926592062 1.24371299479 1.80252222172 0.593258567853 -9999.0 2.42886367786 2.00083359332 0.513944504055 -9999.0 -9999.0 -9999.0 -9999.0 -9999.0 -9999.0 -9999.0 -9999.0 -9999.0 -9999.0 -9999.0 -9999.0 -9999.0 -9999.0 -9999.0 -9999.0 -9999.0 -9999.0 -9999.0 -9999.0 -9999.0 -9999.0 -9999.0 -9999.0 -9999.0 -9999.0 -9999.0 -9999.0
-9999.0 -9999.0 -9999.0 -9999.0 -9999.0 -9999.0 0.753406155424 0.666464840224 0.650459617958 0.667867709497 0.682769697902 4.79827558547 10.1219737431 10.765915902 11.3369718955 0.589681061874 13.1109515195 13.6037768766 1.01531978758 0.564290978854 2.34823862381 4.07628653252 0.499132330747 3.94302284348 0.547622158949 0.517069689834 0.572937196089 -9999.0 -9999.0 -9999.0 -9999.0 -9999.0 -9999.0 -9999.0 -9999.0 -9999.0 -9999.0 -9999.0 -9999.0 -9999.0 -9999.0 -9999.0 -9999.0 -9999.0 -9999.0 -9999.0 -9999.0 -9999.0 -9999.0 -9999.0 -9999.0 -9999.0 -9999.0 -9999.0
-9999.0 -9999.0 -9999.0 -9999.0 -9999.0 -9999.0 1.52739973493 2.24444490755 5.03260894468 6.95968930547 0.579605407396 0.623738861508 0.597439532339 1.71643800873 13.5582376378 0.485218794279 14.088227644 16.1094390228 1.51675840011 1.04366044416 4.57172330475 0.554682197147 4.48431137698 0.977902385497 0.47379610077 0.966906373022 1.14086709915 0.622088003584 0.656450059774 0.632352268747 0.694156480474 1.38524840148 -9999.0 -9999.0 -9999.0 -9999.0 -9999.0 -9999.0 -9999.0 -9999.0 -9999.0 -9999.0 -9999.0 -9999.0 -9999.0 -9999.0 -9999.0 -9999.0 -9999.0 -9999.0 -9999.0 -9999.0 -9999.0 -9999.0
-9999.0 -9999.0 -9999.0 -9999.0 -9999.0 0.875480354031 1.66744943129 0.787701486895 1.50319406721 7.6953735256 8.96644176835 10.2397870151 34.3326551615 0.573971258369 14.1084731505 53.2428283773 53.7092961899 70.6737305953 0.506475790544 1.52324430405 5.06946757169 0.490388815516 10.165416515 5.15950694751 3.1147189466 2.61912117038 0.548234516443 1.84110776743 1.90352661449 1.26394114596 0.611953085105 2.01874129449 0.601031132405 0.583526982712 -9999.0 -9999.0 -9999.0 -9999.0 -9999.0 -9999.0 -9999.0 -9999.0 -9999.0 -9999.0 -9999.0 -9999.0 -9999.0 -9999.0 -9999.0 -9999.0 -9999.0 -9999.0 -9999.0 -9999.0
-9999.0 -9999.0 -9999.0 -9999.0 -9999.0 0.889149603547 2.56190496127 5.05656601561 5.80702414518 11.4874168112 12.1790292145 14.3674977412 23.539272219 36.2907228885 37.5478268362 38.1279649605 1.03172464699 72.5889540431 73.5947179824 76.2042427837 93.4347280343 11.6918594464 10.7131086959 3.64814271309 0.521165801317 3.3086565629 2.29946023224 0.434225808675 2.43179510926 0.53672109531 1.14341491448 3.14947240674 3.71381759914 1.13107121112 0.534672930836 0.526701313528 -9999.0 -9999.0 -9999.0 -9999.0 0.430871347485 0.403327199102 -9999.0 -9999.0 -9999.0 -9999.0 -9999.0 -9999.0 -9999.0 -9999.0 -9999.0 -9999.0 -9999.0 -9999.0
-9999.0 -9999.0 -9999.0 -9999.0 -9999.0 0.850078481962 0.797430128901 3.38730410869 4.15773097084 4.95803189794 0.746948986149 1.4739021688 8.58059470272 1.49613128182 0.695386666466 0.602837262866 0.518959691928 0.60515699943 0.561423066507 0.597825407512 93.9500374427 95.4103251974 0.481352926096 1.50536895361 1.03654046498 3.77326881354 0.881079293344 0.40721561383 2.96113252718 1.06812652791 2.68871750986 6.4572951269 5.92081449872 1.6497701244 1.54932133451 0.55695461056 0.544499452182 -9999.0 -9999.0 0.542305636958 0.904037107055 2.15146834568 0.424354076682 -9999.0 -9999.0 -9999.0 -9999.0 -9999.0 -9999.0 -9999.0 -9999.0 -9999.0 -9999.0 -9999.0
-9999.0 -9999.0 -9999.0 -9999.0 -9999.0 -9999.0 0.900302782238 0.908501089164 1.67927146995 2.48338340987 5.62522496603 7.15010609635 7.910662782 0.773375376061 0.587918253946 8.07052883981 9.85107940867 10.3825474361 12.7063713775 13.2127175091 0.504241190363 95.9230561743 98.4284022421 2.0095246452 0.4864347027 4.21963282324 9.21773919491 3.75082314814 0.885756346271 0.458783928692 10.0874070555 6.94321976558 0.433121443209 0.425617399314 1.98796580516 1.59763091033 0.465292018648 0.404410621469 0.512781641694 1.03964043589 0.480691413597 2.60168572739 3.01977039473 0.35452538508 -9999.0 -9999.0 -9999.0 -9999.0 0.432493725567 0.394435129262 0.227635884974 -9999.0 -9999.0 -9999.0
-9999.0 -9999.0 -9999.0 -9999.0 -9999.0 -9999.0 -9999.0 0.855478535569 0.770417703807 1.61147881096 2.4187714883 0.766388555439 0.660360523085 4.30036105919 5.5859155039 6.93029489454 0.633213517737 1.22427349721 0.614756264937 13.7562400882 30.2233364253 30.6457027794 129.986117352 0.479395612227 1.36350417735 0.426155950157 9.59627175246 0.429203096717 1.35007443469 0.439357292809 10.5229439471 10.9649344137 0.874731784735 0.863110134266 5.05806202678 2.56562438252 0.862779954647 0.461649027676 1.0180122732 1.53663406049 2.44934740839 0.400647872956 3.67223467678 3.94705712777 0.237249296852 0.270086425912 0.280739428671 0.238550667176 0.222644733571 1.10909735387 0.568782232197 0.356519760479 -9999.0 -9999.0
-9999.0 -9999.0 -9999.0 -9999.0 -9999.0 -9999.0 -9999.0 -9999.0 1.60127944498 2.32534862581 0.764181110291 1.5689184433 2.28497868521 3.69946106142 0.712216291488 0.68419135117 0.579067813895 0.583635479669 0.506604549364 15.3567625164 0.629872455112 1.20840976681 131.599511558 132.317346888 0.236839904864 1.8512890468 11.7692083969 0.844529167074 1.71604120039 0.759233088051 1.10164680983 12.5583954743 1.24535008881 7.0886836416 5.88135473429 0.426921216098 2.22398503113 0.919143408795 1.4535984535 0.420912419784 2.80631649488 3.49440739453 3.71658072989 3.92053935416 4.82391308495 0.449306870388 0.478338151295 0.413489459528 0.38095368347 1.32221893136 0.250617576688 1.19138597378 1.44181653966 -9999.0
-9999.0 -9999.0 -9999.0 -9999.0 -9999.0 -9999.0 -9999.0 -9999.0 0.846920889659 4.00173184651 4.74062048951 0.737694924888 1.43224635779 0.692090595509 0.623135338633 0.612886792635 7.79660472263 10.2548276673 12.5270699973 14.89130482 0.550794611787 0.599423489345 0.415210905067 134.443622134 135.231370857 135.462178552 15.3319794061 3.2828772733 2.91353395529 0.303495456623 1.42502265356 14.3201606938 0.333830277317 7.42648048746 0.421548446377 3.01646978509 2.69330266091 0.446599292944 1.88910790964 0.851031376159 1.26709694197 0.292691569349 0.199569205762 4.12038419474 4.29699783527 4.99992512639 0.673595986998 0.594224151135 0.555303129041 1.59093692587 2.10208102487 0.255154435288 1.71554058729 0.31590614931
-9999.0 -9999.0 -9999.0 -9999.0 -9999.0 -9999.0 -9999.0 -9999.0 -9999.0 0.886296073394 5.53779757233 6.25850419993 2.13131230444 3.50928203848 4.76319332817 5.39923454363 0.66138506262 1.88589100315 1.2796511735 0.688175241026 0.651526206532 0.562856386522 1.05643173322 1.66286788644 0.427105596238 151.505276861 151.739843332 0.211804257665 0.207584165697 0.657598405679 0.986062787029 15.2830563561 0.640683997555 7.69197983803 4.57056920852 3.81971825304 0.404860002504 0.83594277125 2.26147557337 0.372761428773 1.62428365976 0.618880982647 0.342921874867 0.179839085746 4.83754314621 9.97182179448 0.793369843658 0.718335445364 0.741411930244 0.199231818845 2.30219242045 0.193083682792 2.19793616071 0.273111824269
-9999.0 -9999.0 -9999.0 -9999.0 -9999.0 -9999.0 -9999.0 -9999.0 -9999.0 -9999.0 0.725479591129 7.71374323362 0.690510781292 1.36677622972 1.96330966224 3.10204184673 0.57482094879 1.20265483118 0.595937105393 0.527301350829 0.49282263622 0.960814818339 0.42409809211 0.385315253787 0.672654444468 0.36511960397 152.026282762 152.469279091 153.147912832 1.22336187314 0.358890700603 0.715822306696 15.6524397724 13.8994348952 5.33164388207 0.377477328634 1.62269889452 1.22531423788 2.63505387899 0.74323782676 2.95784948804 0.963859031672 0.595106041084 0.18656745862 0.206347726008 10.1839861216 10.356219292 12.0045113999 1.38359141787 0.419778788471 2.52434616689 2.93382475374 5.33284112623 0.5239571199
-9999.0 -9999.0 -9999.0 -9999.0 -9999.0 -9999.0 -9999.0 -9999.0 -9999.0 -9999.0 -9999.0 0.52840394898 8.79187483835 0.633087250581 1.2124254686 5.40716907649 0.54560711605 0.532936932219 0.452276559646 1.03360652212 0.546908287423 2.0266012649 2.85234296293 3.20209203354 0.9427514186 1.1198250606 0.203711436957 0.29923308643 0.312690801336 155.017148392 155.940439273 15.9242790986 14.4866757062 14.194676654 0.574513635443 0.274797589868 1.956776457 5.26482456153 2.97477292226 1.07706963577 4.34828717084 1.54976829649 1.25856436892 0.387424264768 0.151583735141 0.113683186211 0.128465015199 12.7614052535 14.7565020363 0.209131671689 0.18320416839 0.214071309662 5.56242360147 6.31391971338
-9999.0 -9999.0 -9999.0 -9999.0 -9999.0 -9999.0 -9999.0 -9999.0 -9999.0 -9999.0 -9999.0 0.485683693205 9.87270016306 11.9475707541 0.590772783368 6.55082555547 0.483343350254 0.45763764946 0.976219351098 2.55060382312 0.526878491863 0.567611745236 0.4167219937 3.99413536074 4.37611914013 5.90812221399 6.38770322147 6.64213070144 6.84722033979 7.17063205506 163.36312401 179.689766487 194.523820175 194.674890625 0.173879528431 0.273550540296 5.93687370832 5.60333175545 0.332861124927 0.331002606681 4.68156553547 6.55126031028 0.26226643433 3.44994564683 3.18682173325 0.849569430414 0.345083980963 0.59551326036 0.233243698993 15.0926519455 0.169308638049 0.560981504541 0.689824751265 7.5796113555
-9999.0 -9999.0 -9999.0 -9999.0 -9999.0 -9999.0 -9999.0 -9999.0 -9999.0 -9999.0 -9999.0 0.786020868604 1.47869902304 12.615946576 13.7087072798 0.534134796915 7.47562054412 0.400057278047 1.27999796948 3.0036342965 0.998394067941 0.467990405102 0.930484262319 0.315078675611 0.645068583574 0.36113007906 0.338466814283 0.322452532298 0.305979253227 0.231618185914 0.173905862437 0.198284992393 0.227246988177 0.250663569365 195.262393436 6.54069253109 6.16862559148 0.112543646372 0.913598087171 0.286951021764 0.313156011952 6.82847664817 11.1521895504 3.76969387218 2.81898061661 0.559027635991 0.203863835087 0.178052093141 0.347115030851 15.6074383797 15.8988968704 0.155575179084 0.164274288583 0.183329330101
-9999.0 -9999.0 -9999.0 -9999.0 -9999.0 -9999.0 -9999.0 -9999.0 -9999.0 -9999.0 -9999.0 -9999.0 0.621617339167 9.14571683428 23.4705519915 25.3023230957 33.2368262976 33.6652965865 6.63826873827 4.96315069017 1.47669521653 0.457947597804 1.82024489058 2.21746025923 3.23457292031 0.746098055524 0.685945420272 0.678909640033 1.32515720069 0.563980492163 0.494283089572 0.317118210731 0.254162093047 0.163088488697 195.45507947 202.2263571 202.36238243 0.103403754418 2.35318897435 1.21603288108 0.316857208856 12.137137825 0.713941865127 0.374480425139 1.64284860194 0.362589871908 0.218555400865 0.393213249648 0.534291755475 0.693310140368 16.1312314841 0.107048611814 0.090964953374 0.0918096854559
-9999.0 -9999.0 -9999.0 -9999.0 -9999.0 -9999.0 -9999.0 -9999.0 -9999.0 -9999.0 -9999.0 0.721371766212 7.02662577569 8.48063756659 1.28062800793 0.525632094171 1.06265432991 35.2087669753 35.5924240467 42.6604872285 0.39555849268 0.847888663419 0.359954217697 0.366553541483 3.58736943176 4.68479038068 5.68456310345 0.307498664787 1.62954142428 2.49097769999 1.37270627854 0.601615218217 0.505458338723 0.417569417918 0.374083198549 0.105734044527 202.458485008 202.522707251 205.006025667 0.472324473799 0.263372414649 12.3712872473 0.768018636126 0.393390713493 0.449005964562 0.445285012223 0.368358171161 0.606273135625 1.65017902519 2.51192560023 18.7562799183 0.0746410571293 0.228978557335 0.157990953005
-9999.0 -9999.0 -9999.0 -9999.0 -9999.0 -9999.0 -9999.0 -9999.0 -9999.0 -9999.0 -9999.0 0.742114408118 4.98859075984 0.752494673246 0.609756699805 3.5277092508 4.06109514493 4.5769150881 5.03447643965 58.0410334661 58.4994599341 59.312196169 65.6517759305 66.7407857825 67.3405974957 67.6994778498 74.2238626235 75.1532409787 75.4798781732 78.3369672516 80.0469256758 80.3301430833 81.4006831323 0.68110875274 0.625772837227 0.109602105475 0.0578550022186 202.600565727 205.67084802 0.610218800603 14.2254710874 13.9982865174 1.38566560458 0.322144925148 0.32915725716 0.312096822359 0.3178493682 0.636012635284 0.876550385513 0.212219767842 18.8593365411 18.9712605007 19.4512857002 19.5387909656
-9999.0 -9999.0 -9999.0 -9999.0 -9999.0 -9999.0 -9999.0 -9999.0 -9999.0 -9999.0 -9999.0 2.62243473175 3.45205035063 1.55243637073 2.25999232797 0.695452870098 7.79036596711 8.32719112957 9.38748081003 9.88627283926 3.45362408985 63.5858855385 64.0726133415 0.339971179672 0.236153310272 0.240767628974 0.49955893385 0.267894260081 0.236546486255 0.236401414153 0.228636214479 80.6375550825 81.7019941979 82.6519266695 83.5010847604 83.7865703134 0.103636989648 0.0271580898165 220.271901614 14.5487397706 14.4646145415 0.273259112844 0.220369287028 0.192558036917 0.534518071159 0.515777719005 0.242836498714 0.245273396373 0.226561792726 0.434882305686 0.549071745418 0.0735292385648 0.137124456068 0.0567179357959
-9999.0 -9999.0 -9999.0 -9999.0 -9999.0 -9999.0 -9999.0 -9999.0 -9999.0 -9999.0 -9999.0 -9999.0 1.77913573325 0.813247680219 0.708722857556 6.70642981857 7.26832016578 0.567210884462 2.08920551807 2.59328604609 3.03297065732 0.515266900424 0.29161890161 8.92258595091 9.14646799115 9.36596649773 23.2940398145 23.4824565185 23.8940829365 25.5186557292 26.6427411665 26.8286679768 0.242210755879 0.255221209754 0.211461975278 83.9041062195 0.0441324887834 222.161369891 222.092475061 1.77050254171 1.65665341096 0.991890962939 0.247262855346 0.381847770893 0.732389798863 0.714687887272 0.463670659263 0.232739761517 0.454139466297 0.461524027658 0.760373314975 0.17702613319 0.284136013447 0.448778323311
