data/baseflow/History/mHMbfrc469
ncols                  80
nrows                 72
xllcorner      4374000.0
yllcorner      5656000.0
cellsize            500
NODATA_value       -9999
[rows 24 to 47 of 72, columns 0 to 54 of 80]
-9999.0 -9999.0 -9999.0 -9999.0 -9999.0 -9999.0 -9999.0 -9999.0 -9999.0 -9999.0 -9999.0 -9999.0 1.48426259803 4.24137580603 5.56315793863 9.5855550635 1.26454496369 2.5395094611 3.75042330156 14.0853278512 15.1840848021 16.2244922334 17.3686790872 18.6030464354 28.6987755362 32.3369181839 34.6362561172 1.07577034875 5.67779979986 6.71274917499 71.5861967526 76.0715396042 77.8691768884 79.6422756017 81.5003587704 275.385311732 0.592419424905 532.312786496 2.03006321785 0.961986274542 5.52452900031 4.60339797051 0.836610960208 2.66625365774 3.78896218049 3.76966203839 2.68786413689 4.43365231601 7.03670457447 2.60400558428 6.87941091157 0.711181711155 1.22649339274 0.408349509758 0.325384970669
-9999.0 -9999.0 -9999.0 -9999.0 -9999.0 -9999.0 -9999.0 -9999.0 -9999.0 -9999.0 -9999.0 -9999.0 1.43775190223 2.84439473185 1.32249493673 2.65913089558 1.23823251766 9.22362725178 11.6746549272 12.911555377 1.16519829516 2.26714395334 21.1044970054 26.4556142541 27.5336867804 2.38335166989 2.5002048425 3.73642488223 0.977130136094 0.930003072825 1.78052242677 0.762077658572 32.7671925311 33.5384200013 34.5014250311 276.013023539 539.159892764 533.447530172 1.60748056141 0.652949133877 0.593563140767 2.26559496081 1.64079202919 3.4948759551 4.62641431141 9.24893283694 0.851945131658 0.85275102997 7.86118237825 8.70583463941 17.121927561 17.7954747407 19.4354003375 20.1978704859 0.716746761323
-9999.0 -9999.0 -9999.0 -9999.0 -9999.0 -9999.0 -9999.0 -9999.0 -9999.0 -9999.0 -9999.0 -9999.0 -9999.0 1.38253529421 2.74877375956 4.11111227413 6.66187729919 1.34048354881 1.25694317507 8.06769992126 9.23962431866 18.9270359268 20.0717517145 3.25407706745 1.18831924407 1.18297754535 1.2159846593 27.4739641114 28.4709620468 29.4753970967 30.36662558 31.9795234922 7.50804065838 8.28811689488 43.7763135789 859.23869071 4.95687786643 4.29542831332 2.27088295751 0.535924293753 0.51066283363 3.47000071831 3.94384649062 4.66512524751 0.595217863195 9.95122389532 1.61083121398 1.59895253939 0.560135946566 0.411081019571 0.354356415799 0.294619972176 0.358411366606 20.5565853692 281.143744546
-9999.0 -9999.0 -9999.0 -9999.0 -9999.0 -9999.0 -9999.0 -9999.0 -9999.0 -9999.0 -9999.0 -9999.0 -9999.0 -9999.0 1.35386932587 2.42699688743 3.35614159742 4.30454471955 5.55905496824 6.84029714331 3.78124278422 6.24066191395 1.14911986131 1.12853619022 21.8852674633 24.1392673151 25.2136789511 26.3956335224 1.07253563249 2.03842952669 4.92094285881 5.96151128703 6.80481212096 0.856849299232 0.629792086356 860.961011334 0.66628669734 1.14061003165 0.619818093858 2.04568123923 0.969535778646 0.55353935397 9.1316461812 9.48871611977 0.339856001944 10.304182238 12.4170036977 2.17406254972 296.850334787 295.880089968 295.06648372 293.550706419 292.992690248 283.00912823 282.662482835
-9999.0 -9999.0 -9999.0 -9999.0 -9999.0 -9999.0 -9999.0 -9999.0 -9999.0 -9999.0 -9999.0 -9999.0 -9999.0 -9999.0 0.219388091313 0.511994906277 0.942069649763 7.87922148327 9.18683582474 1.30870756878 1.27597760101 1.23974089083 17.2487254144 19.631424351 1.1626330519 1.18471252614 1.05104552361 4.23158253489 5.27158525541 3.13204368546 3.96111923783 23.9766520492 24.8906165797 26.4470742639 43.1335487636 904.419075121 0.641522227054 0.518696114905 3.02818391692 2.54237989557 0.36039332244 1.30555701334 1.68675041413 9.92143071426 10.2840702015 23.5861816622 12.6259669899 2.47031943195 304.804026416 3.74527277366 294.337971039 293.96115766 9.41609862522 0.285431640168 1.25502250071
-9999.0 -9999.0 -9999.0 -9999.0 -9999.0 -9999.0 -9999.0 -9999.0 -9999.0 -9999.0 -9999.0 -9999.0 -9999.0 -9999.0 1.12411841854 1.83641820734 3.91618710423 6.73564135217 10.0078024178 12.3717132977 13.621618072 14.8816148432 16.1010147408 1.18313377439 1.13105439774 2.23298562041 2.12495965286 1.07707371395 20.5591702437 21.5820411439 22.5587156053 23.4870714359 14.2238098178 15.2751670299 16.1009059826 904.695227681 1.02034286888 1.47174987819 4.79498095305 0.456479669071 0.680421786127 0.333097192194 0.356216052653 2.00540555616 0.296696345856 0.320788809688 330.198941776 306.357175826 306.02661549 1.35209356487 3.33611241092 2.24632050411 0.620816607759 8.85019875166 2.77020391846
-9999.0 -9999.0 -9999.0 -9999.0 -9999.0 -9999.0 -9999.0 -9999.0 -9999.0 -9999.0 -9999.0 -9999.0 -9999.0 -9999.0 0.783838248183 0.704614198776 1.36749721801 2.11760832796 1.23946872614 1.3703521813 2.64952800388 3.92616021021 6.3562684734 7.56240690347 8.71030856155 12.1114649528 13.1844299692 14.2914799111 1.055972905 10.452636029 11.4334429015 12.4088269224 0.914316157037 0.624482915538 1.0592334344 921.66071365 921.930863508 923.555441341 5.99420963336 0.892874595037 1.33364266151 0.426626555084 0.641461043539 2.29192642576 2.85466895896 0.587692161068 331.656048687 0.454274249186 0.758931275515 0.856112037333 0.614876005345 1.18901342793 0.503164143916 5.37335081226 4.35389460439
-9999.0 -9999.0 -9999.0 -9999.0 -9999.0 -9999.0 -9999.0 -9999.0 -9999.0 -9999.0 -9999.0 -9999.0 -9999.0 -9999.0 -9999.0 0.650678946126 1.29391685926 0.679567209961 1.43113005616 8.91065233467 10.0301208953 11.3026305524 1.21639542415 1.21476978714 2.36488478138 3.51065080601 5.6439844692 6.70800173065 7.33932852845 8.37691058545 0.931872517177 0.928707609924 14.3500354731 14.9227137969 15.291371085 15.6187370077 12.6684982478 937.612679334 945.884484599 946.222820067 947.869088287 949.623054304 950.608488952 0.309608365728 3.12758607233 331.962781462 0.847036162702 0.43671089594 0.366624595101 0.304399342611 0.549771442243 0.621818289816 0.360747625807 0.498379370319 0.517082928378
-9999.0 -9999.0 -9999.0 -9999.0 -9999.0 -9999.0 -9999.0 -9999.0 -9999.0 -9999.0 -9999.0 -9999.0 -9999.0 -9999.0 -9999.0 -9999.0 1.92133213718 2.64669988329 4.80604501049 6.60875005237 1.02348889673 13.6388578687 14.8461531405 16.0521818417 1.19001719429 2.34763202909 1.07706042935 7.88222748257 8.47700097106 9.429072017 10.5048819877 13.0648078113 13.5063767697 0.277388017633 11.4418040359 12.0798370043 12.3606522691 13.7709167434 1.98513199309 1.32541931316 0.905599736002 0.84045122839 951.750934609 952.327719971 957.808256313 332.284190259 2.12824365789 0.983319439815 0.639018568056 0.224909203479 1.85160702383 1.0222428969 0.329434415267 1.8150416239 1.53492930048
-9999.0 -9999.0 -9999.0 -9999.0 -9999.0 -9999.0 -9999.0 -9999.0 -9999.0 -9999.0 -9999.0 -9999.0 -9999.0 -9999.0 -9999.0 -9999.0 0.723795726051 3.35564379178 4.12734569821 1.08596803613 1.28390694562 2.55981821276 3.7587851998 21.0123578508 1.17774775381 4.72687797573 5.82404388528 6.9001118258 0.641016603261 1.53624710678 2.14687879278 9.07114973961 10.3078877407 10.5499519132 0.305102924247 0.339574140913 0.448800319206 0.813990953315 0.376638483077 0.410776964816 0.831345809857 0.609529018996 0.788322712358 1.99578242278 958.377151265 1292.0837951 2.6813185188 0.441822604567 0.229763356401 5.97625502944 5.48869216536 3.31156390286 2.98701609629 2.26042302408 0.49903161288
-9999.0 -9999.0 -9999.0 -9999.0 -9999.0 -9999.0 -9999.0 -9999.0 -9999.0 -9999.0 -9999.0 -9999.0 -9999.0 -9999.0 -9999.0 0.565312046522 1.95078609523 0.656697266296 1.28119633651 1.38531144732 2.68964482152 3.95348590365 5.02457252609 26.7998496735 27.9481384739 1.17544895713 2.27998618301 3.3862299343 4.18567331033 5.11401170798 8.16366732907 8.75958968491 0.901775878025 0.609084450777 0.564184052443 0.592563188934 0.791625889915 0.752273460874 0.730212247304 0.799510382444 2.70196415278 1.15844941581 0.4265469985 0.40524001085 0.497044169071 0.947218614057 1309.6707832 14.5437030674 6.91498828086 0.388321230992 0.15641201644 0.178685472113 0.738826711763 0.547925368743 0.298190310288
-9999.0 -9999.0 -9999.0 -9999.0 -9999.0 -9999.0 -9999.0 -9999.0 -9999.0 -9999.0 -9999.0 -9999.0 -9999.0 -9999.0 0.602703569389 1.14955510708 4.31514531873 0.636233856187 2.3272645506 3.69790716408 5.01710566285 1.32450407266 2.53511156351 3.49159949415 32.1740605058 1.13392284193 2.19774668349 3.26145727618 0.994267923658 1.98590818628 2.87194060737 3.50182084631 69.7285959715 71.0646784737 72.4347403206 78.2210770325 80.2630550062 84.6849076424 1.68242114973 3.47695863411 3.58036163676 99.5270882911 100.407293943 0.378858614887 0.762638466843 1.12641924901 1309.96008553 13.7304721769 6.36437121475 6.19325196604 4.83533401339 4.27082615059 0.979996517157 0.215318649374 0.482622361291
-9999.0 -9999.0 -9999.0 -9999.0 -9999.0 -9999.0 -9999.0 -9999.0 -9999.0 -9999.0 -9999.0 -9999.0 -9999.0 -9999.0 0.610625940592 1.85000572068 6.76864275583 9.91843109434 0.556299324868 13.1838982194 18.928366492 1.26831892146 2.46855733348 3.49958035685 42.1218837458 42.9538067532 1.07512005522 5.4286178612 6.44684119942 7.33221878943 61.4095374691 64.0729322023 65.4313496542 0.661280117407 3.88149631993 4.69700883976 2.09011650082 3.05074064016 88.9577359424 93.8268657106 94.6474353046 95.4337166724 101.449385025 0.509557170951 0.460481423236 1.94139523911 1310.32263168 0.282861077314 0.406663226373 1.21086356319 0.43116897265 3.95488400113 2.99919672211 1.7507644338 1.31717950571
-9999.0 -9999.0 -9999.0 -9999.0 -9999.0 -9999.0 -9999.0 -9999.0 -9999.0 -9999.0 -9999.0 -9999.0 -9999.0 -9999.0 -9999.0 -9999.0 1.28590077893 2.58692596728 11.7836502281 12.4823390777 19.5298886947 20.2633800829 1.25261100986 2.49949461652 5.84096600088 43.6501615795 45.7668827783 46.728327165 0.795416585889 50.3682728327 53.1998976883 1.73541994215 0.638626317093 1.27527597839 2.48016324076 0.594622621216 1.22607708998 2.80759563968 3.55317636531 0.654516158769 0.47433365264 0.961612824094 104.883512139 106.170198246 106.56615146 109.457116835 1310.65846786 0.163371356634 0.327531589682 0.368638772416 0.360834184242 0.366727365466 0.329505974692 0.627483649065 0.143287427212
-9999.0 -9999.0 -9999.0 -9999.0 -9999.0 -9999.0 -9999.0 -9999.0 -9999.0 -9999.0 -9999.0 -9999.0 -9999.0 -9999.0 -9999.0 -9999.0 0.671632145195 0.65519877979 0.660860933242 1.43307475719 0.631352277963 21.5092471661 22.1814787088 1.11521656896 2.28662756116 1.25311420707 1.11552264751 1.09199793572 48.7959440724 0.977283669586 1.96969808114 0.878565409497 0.69213501543 0.612156455919 0.500182164383 0.518268694833 1.5883663359 2.16475925931 0.440310920518 0.386113353171 0.831541371292 1.36164467529 1.7729928926 0.571163648364 107.091282045 109.867774462 1310.88273161 1.29152072076 0.983802832049 0.263464679728 0.586248854937 0.228834792769 0.186877485096 0.826591173599 0.804048568943
-9999.0 -9999.0 -9999.0 -9999.0 -9999.0 -9999.0 -9999.0 -9999.0 -9999.0 -9999.0 -9999.0 -9999.0 -9999.0 -9999.0 -9999.0 -9999.0 -9999.0 -9999.0 0.646316910932 2.02616055609 2.5598136052 3.16171961008 22.7729893258 23.3697820102 24.0125178383 24.8975210786 25.9675933053 28.1546940902 29.083994555 30.0289890862 30.8078189281 0.616056041804 0.589910662372 0.613539966241 2.16952094066 0.566241545222 0.54827713288 0.446702788604 1.31153238836 0.495199153889 0.399576765008 0.374455821668 0.325122272456 0.649135860866 0.949886601647 111.846328377 1424.29189772 0.140130272952 0.384449743825 0.244594063442 0.82435585003 0.478138972477 0.375643390243 2.30306400504 1.35116097232
-9999.0 -9999.0 -9999.0 -9999.0 -9999.0 -9999.0 -9999.0 -9999.0 -9999.0 -9999.0 -9999.0 -9999.0 -9999.0 -9999.0 -9999.0 -9999.0 -9999.0 -9999.0 -9999.0 0.526250232071 4.23211400851 8.55784585033 9.21911413387 1.02218944607 2.14996832468 3.3249008918 4.39388305999 11.2067728224 11.8865482853 0.649317266623 0.650254762409 32.2320350325 33.4965080264 34.04232322 2.61244922558 0.405575593319 0.990169192761 1.4607833373 4.34790978236 5.29936316529 6.07281027579 0.719182348242 1.02008277417 0.345871565741 0.686408450027 0.351407273952 1424.97587094 0.153593516566 0.659701248172 0.483009003084 1.52348871122 2.70272805981 3.16890545945 5.55538898504 1.9242172969
-9999.0 -9999.0 -9999.0 -9999.0 -9999.0 -9999.0 -9999.0 -9999.0 -9999.0 -9999.0 -9999.0 -9999.0 -9999.0 -9999.0 -9999.0 -9999.0 -9999.0 -9999.0 0.595096335786 1.90280653159 3.71672692093 4.84688428759 12.6930524583 13.5249344275 2.41722301359 3.59457671589 4.64164200683 5.75745340255 12.7280470343 14.1095218782 25.6124281258 26.5493597741 27.2754421565 34.6037219165 38.6689970292 0.963955219935 0.615924785743 0.594107686699 1.1497596252 0.526851691304 7.07156290057 7.44476457263 1.36202673424 1.76304378366 0.473921055074 286.194473901 286.981877146 1712.42438982 1713.33166567 0.134328723942 1.80650775007 0.23705455047 0.247911066548 6.18700044622 8.3263056223
-9999.0 -9999.0 -9999.0 -9999.0 -9999.0 -9999.0 -9999.0 -9999.0 -9999.0 -9999.0 -9999.0 -9999.0 -9999.0 -9999.0 -9999.0 -9999.0 -9999.0 -9999.0 -9999.0 0.682034982807 0.66230051561 1.24373441821 2.94054811886 14.0984091829 1.2326872351 1.2173652039 2.27870788289 3.33747182948 8.60563042081 9.58456490299 0.672426480991 0.595309580354 28.0445171398 28.6284894226 67.9060400447 68.5020675508 0.38089766227 0.336983891877 0.294475181082 0.297139532693 0.319097771791 279.138723777 281.381874986 283.525666395 284.38512083 285.794693144 0.396793844868 1.48843848627 1.91829899497 1715.90053873 1716.05612438 1716.21638052 1716.6128607 1716.94773788 8.84144352834
-9999.0 -9999.0 -9999.0 -9999.0 -9999.0 -9999.0 -9999.0 -9999.0 -9999.0 -9999.0 -9999.0 -9999.0 -9999.0 -9999.0 -9999.0 -9999.0 -9999.0 -9999.0 -9999.0 -9999.0 0.600909134356 0.632434848606 1.16664892238 16.3737466248 17.0767626625 1.20334243346 2.25893718946 3.32932667997 4.3104052203 0.921071663986 1.69293654928 46.593849309 47.2272032979 47.8572566152 52.4251712692 121.511813025 264.618452331 265.486354264 266.296783827 267.078499102 270.294247967 271.31495396 1.90028951466 0.86789009802 0.495728550207 0.944616025786 0.741261153888 1.16167505924 0.369597605698 8.41971854221 9.14534595881 9.60499055111 9.84108574481 1717.18344471 1726.4783987
-9999.0 -9999.0 -9999.0 -9999.0 -9999.0 -9999.0 -9999.0 -9999.0 -9999.0 -9999.0 -9999.0 -9999.0 -9999.0 -9999.0 -9999.0 -9999.0 -9999.0 -9999.0 -9999.0 -9999.0 -9999.0 0.611258787107 1.16842673969 1.73028770203 17.563059704 0.854373119304 24.8136949134 25.9225456512 26.8853985077 27.6962779701 43.3549647355 44.174733604 0.670835456465 3.29675498342 4.05054723588 0.654417653489 142.227607629 141.023139674 0.418659512895 0.931402525444 2.50468223126 0.546151696181 0.567428321801 0.443430575618 0.386829822189 0.317283514914 0.357151755646 7.19588031927 7.56332235726 7.9923169981 0.38458027006 0.233952443166 9.97804172465 10.2431464354 10.4298303058
-9999.0 -9999.0 -9999.0 -9999.0 -9999.0 -9999.0 -9999.0 -9999.0 -9999.0 -9999.0 -9999.0 -9999.0 -9999.0 -9999.0 -9999.0 -9999.0 -9999.0 -9999.0 -9999.0 -9999.0 -9999.0 0.551997624404 0.515422301288 2.68309535317 21.4409951701 22.9068745797 23.7605213305 1.18860132246 13.4438470358 14.3664384783 14.7955012441 0.750138135702 1.5102446661 2.15730358558 33.8010434088 34.3216725516 34.7904435258 140.14037565 81.0912427304 0.501254151739 0.530830199141 0.516767007897 0.429747017662 4.35344980694 5.21153782714 5.98278812133 6.4049504342 6.81389175148 44.0868830149 44.4095962871 44.8106231468 45.6849338099 49.7941294155 50.0187653611 60.6925591016
-9999.0 -9999.0 -9999.0 -9999.0 -9999.0 -9999.0 -9999.0 -9999.0 -9999.0 -9999.0 -9999.0 -9999.0 -9999.0 -9999.0 -9999.0 -9999.0 -9999.0 -9999.0 -9999.0 -9999.0 -9999.0 -9999.0 1.07736111194 1.65268082687 0.687275115992 1.23543238557 8.8547202454 10.1023001375 11.1781211683 6.753673866 7.77439619389 8.77823363194 9.50635344574 32.6597717395 33.3231849248 22.6739183667 58.0338394295 58.575486176 80.6491477196 1.07524734525 0.548286239186 0.412300949393 2.99264715761 3.51081647014 0.339883897489 0.318980853349 42.6721182249 43.4255564141 43.7895401091 0.392277792278 0.603401633313 49.0345794993 0.463112669663 1.77310062469 1.97029250445
-9999.0 -9999.0 -9999.0 -9999.0 -9999.0 -9999.0 -9999.0 -9999.0 -9999.0 -9999.0 -9999.0 -9999.0 -9999.0 -9999.0 -9999.0 -9999.0 -9999.0 -9999.0 -9999.0 -9999.0 -9999.0 -9999.0 0.540339659971 1.06936034135 4.75251344035 5.48599784969 6.48575955406 4.61082687238 5.72165082644 1.05163764002 20.5731828336 21.5693333092 22.5009421032 0.734767983788 21.4191980728 22.0978523641 0.556784633881 77.8792097952 1.16562964689 0.581400784558 1.59574372153 2.14546411239 0.443737732343 0.372652691656 38.8347729457 41.9807244893 42.408996718 0.447480460044 1.03891675834 1.31834725599 1.58840030402 3.0366277374 0.640313378125 1.45537331246 0.28874047323
