data/baseflow/History/mHMbfrc559
ncols                  80
nrows                 72
xllcorner      4374000.0
yllcorner      5656000.0
cellsize            500
NODATA_value       -9999
[rows 0 to 23 of 72, columns 0 to 53 of 80]
-9999.0 -9999.0 -9999.0 -9999.0 -9999.0 -9999.0 -9999.0 -9999.0 -9999.0 -9999.0 -9999.0 -9999.0 0.738579806493 0.74689665945 -9999.0 -9999.0 -9999.0 -9999.0 -9999.0 -9999.0 -9999.0 -9999.0 -9999.0 -9999.0 -9999.0 -9999.0 -9999.0 -9999.0 -9999.0 -9999.0 -9999.0 -9999.0 -9999.0 -9999.0 -9999.0 -9999.0 -9999.0 -9999.0 -9999.0 -9999.0 -9999.0 -9999.0 -9999.0 -9999.0 -9999.0 -9999.0 -9999.0 -9999.0 -9999.0 -9999.0 -9999.0 -9999.0 -9999.0 -9999.0
-9999.0 -9999.0 -9999.0 -9999.0 -9999.0 -9999.0 -9999.0 -9999.0 -9999.0 -9999.0 -9999.0 -9999.0 1.53000255377 3.58932540112 0.608040480837 -9999.0 0.619776745213 -9999.0 -9999.0 -9999.0 -9999.0 -9999.0 -9999.0 -9999.0 -9999.0 -9999.0 -9999.0 -9999.0 -9999.0 -9999.0 -9999.0 -9999.0 -9999.0 -9999.0 -9999.0 -9999.0 -9999.0 -9999.0 -9999.0 -9999.0 -9999.0 -9999.0 -9999.0 -9999.0 -9999.0 -9999.0 -9999.0 -9999.0 -9999.0 -9999.0 -9999.0 -9999.0 -9999.0 -9999.0
-9999.0 -9999.0 -9999.0 -9999.0 -9999.0 -9999.0 -9999.0 -9999.0 -9999.0 -9999.0 0.70343459737 0.688390247245 0.741600080631 0.741434258081 4.9322100346 5.51375000864 1.6838251127 0.533340326162 -9999.0 -9999.0 -9999.0 -9999.0 -9999.0 -9999.0 -9999.0 -9999.0 -9999.0 -9999.0 -9999.0 -9999.0 -9999.0 -9999.0 -9999.0 -9999.0 -9999.0 -9999.0 -9999.0 -9999.0 -9999.0 -9999.0 -9999.0 -9999.0 -9999.0 -9999.0 -9999.0 -9999.0 -9999.0 -9999.0 -9999.0 -9999.0 -9999.0 -9999.0 -9999.0 -9999.0
-9999.0 -9999.0 -9999.0 -9999.0 -9999.0 -9999.0 -9999.0 -9999.0 -9999.0 0.680128107249 1.38391944213 2.75878018734 1.4097274672 0.678063466913 1.30473448099 6.11758398416 8.97147596297 0.593158379376 -9999.0 0.678496643589 -9999.0 -9999.0 -9999.0 -9999.0 1.18655342928 0.598845294788 -9999.0 -9999.0 -9999.0 -9999.0 -9999.0 -9999.0 -9999.0 -9999.0 -9999.0 -9999.0 -9999.0 -9999.0 -9999.0 -9999.0 -9999.0 -9999.0 -9999.0 -9999.0 -9999.0 -9999.0 -9999.0 -9999.0 -9999.0 -9999.0 -9999.0 -9999.0 -9999.0 -9999.0
-9999.0 -9999.0 -9999.0 -9999.0 -9999.0 -9999.0 -9999.0 -9999.0 0.856881989353 2.31167694512 2.98135072791 3.64903841977 4.80568151216 0.601511710055 2.46819672907 3.03374320113 13.1220465915 0.556476379341 0.518351793669 1.23859386414 1.77624499098 0.575350447954 -9999.0 3.02148253671 2.49305532965 0.659961136285 -9999.0 -9999.0 -9999.0 -9999.0 -9999.0 -9999.0 -9999.0 -9999.0 -9999.0 -9999.0 -9999.0 -9999.0 -9999.0 -9999.0 -9999.0 -9999.0 -9999.0 -9999.0 -9999.0 -9999.0 -9999.0 -9999.0 -9999.0 -9999.0 -9999.0 -9999.0 -9999.0 -9999.0
-9999.0 -9999.0 -9999.0 -9999.0 -9999.0 -9999.0 0.830044266948 0.713838868631 0.695877207452 0.718494330102 0.737872466085 5.14078150246 10.6296019701 11.2899769628 11.7917563979 0.47964084635 14.1329806313 14.6556845263 1.07072562035 0.554707943629 2.29909014895 3.98240146588 0.568254771687 4.78440319878 0.608974931393 0.611070208309 0.632331361544 -9999.0 -9999.0 -9999.0 -9999.0 -9999.0 -9999.0 -9999.0 -9999.0 -9999.0 -9999.0 -9999.0 -9999.0 -9999.0 -9999.0 -9999.0 -9999.0 -9999.0 -9999.0 -9999.0 -9999.0 -9999.0 -9999.0 -9999.0 -9999.0 -9999.0 -9999.0 -9999.0
-9999.0 -9999.0 -9999.0 -9999.0 -9999.0 -9999.0 1.68003384199 2.45539777629 5.45724593273 7.5250223487 0.619463077816 0.641867902506 0.605451427285 1.75765704476 14.0712601212 0.448236381991 15.112369259 17.154010727 1.59903570624 1.02165663277 4.46352344231 0.547698796779 5.30945508839 1.06245165899 0.538102340387 1.13423759368 1.25609440008 0.635035800181 0.627468057415 0.599345209353 0.667837383153 1.33221435537 -9999.0 -9999.0 -9999.0 -9999.0 -9999.0 -9999.0 -9999.0 -9999.0 -9999.0 -9999.0 -9999.0 -9999.0 -9999.0 -9999.0 -9999.0 -9999.0 -9999.0 -9999.0 -9999.0 -9999.0 -9999.0 -9999.0
-9999.0 -9999.0 -9999.0 -9999.0 -9999.0 0.932103160728 1.78197821551 0.840555819504 1.62255057751 8.33804710495 9.71942649254 11.0669068306 36.9006783979 0.575445322011 14.6496291132 56.4555278562 56.8538591017 74.7681887251 0.471726117282 1.48050626407 4.94778018859 0.475753667188 11.4220210175 5.60891598367 3.50163592677 2.95798394296 0.604338230881 1.8560550732 1.80388813414 1.1969520081 0.573389092292 1.93029472701 0.563700166308 0.548088449304 -9999.0 -9999.0 -9999.0 -9999.0 -9999.0 -9999.0 -9999.0 -9999.0 -9999.0 -9999.0 -9999.0 -9999.0 -9999.0 -9999.0 -9999.0 -9999.0 -9999.0 -9999.0 -9999.0 -9999.0
-9999.0 -9999.0 -9999.0 -9999.0 -9999.0 0.949606155229 2.7472918299 5.42285874572 6.23256921036 12.3914105144 13.1316608078 15.4982273078 25.2728474563 38.8703458635 40.2018523811 40.829800493 1.01970992322 76.6423148347 77.5827731367 80.1252501778 98.4251270724 12.9074562473 11.9660018408 4.03039431946 0.510625993323 3.46106192774 2.39008492933 0.508507566611 2.32891440316 0.48029413795 1.06447289018 2.9976647217 3.53902720933 1.07430222368 0.53430787368 0.510210935317 -9999.0 -9999.0 -9999.0 -9999.0 0.549673189211 0.502329181604 -9999.0 -9999.0 -9999.0 -9999.0 -9999.0 -9999.0 -9999.0 -9999.0 -9999.0 -9999.0 -9999.0 -9999.0
-9999.0 -9999.0 -9999.0 -9999.0 -9999.0 0.909251116992 0.855824249743 3.6785843857 4.51373188785 5.38485916221 0.81058861809 1.59574309238 9.26654954407 1.58897204935 0.738665645142 0.648164055537 0.555286246618 0.646923477473 0.582985080195 0.613562452665 98.9167626498 100.378153393 0.471138179655 1.47124239751 1.01336111855 3.94527666247 1.02182396901 0.483539526511 2.88727868879 0.963639489972 2.37226553306 6.11894857621 5.6692756169 1.59655284259 1.5702992416 0.536645198281 0.532525990084 -9999.0 -9999.0 0.534649854887 1.14855615175 2.70339858329 0.530364624007 -9999.0 -9999.0 -9999.0 -9999.0 -9999.0 -9999.0 -9999.0 -9999.0 -9999.0 -9999.0 -9999.0
-9999.0 -9999.0 -9999.0 -9999.0 -9999.0 -9999.0 0.968208026327 0.993258996707 1.84165405682 2.71388594271 6.09354499076 7.75347293612 8.56100195556 0.825626087631 0.624159174533 8.90505827249 10.8247252257 11.3981953725 13.8261144342 14.3437159784 0.512796405429 100.905733962 103.312558548 1.90303061254 0.291278071746 4.34969945057 9.63460311048 3.84359287116 0.914331354127 0.450459068182 9.40456052326 6.59808692015 0.465552611649 0.46559659072 2.05780204966 1.56806807207 0.499549465495 0.510914277091 0.519241579849 1.03868332422 0.496705543195 3.2837416049 3.76825430574 0.463587883057 -9999.0 -9999.0 -9999.0 -9999.0 0.553991013196 0.514956130014 0.151246219683 -9999.0 -9999.0 -9999.0
-9999.0 -9999.0 -9999.0 -9999.0 -9999.0 -9999.0 -9999.0 0.945354859775 0.801027250927 1.71570397913 2.60002097752 0.834065486935 0.719129568729 4.7594935647 6.20325574134 7.68790779344 0.684358179684 1.27766590008 0.636153352241 14.9013087447 33.1515032933 33.6659186156 137.980226353 0.475704215051 0.842283702399 0.252440704187 10.0722229569 0.459767892484 1.37615425872 0.441730235873 9.85937150061 10.3181865905 0.937149766961 0.918065991656 5.1328229872 2.57092374891 1.02418616689 0.531076995807 1.03243196107 1.54312612662 2.51266033022 0.464488952004 4.68478519504 5.13653965829 0.409835449452 0.445198979552 0.465853962211 0.415789542925 0.394135093782 1.49953146074 0.560921308189 0.341922258871 -9999.0 -9999.0
-9999.0 -9999.0 -9999.0 -9999.0 -9999.0 -9999.0 -9999.0 -9999.0 1.72742270676 2.45968700784 0.827349696502 1.70540214325 2.50419388876 4.07007506513 0.788624927725 0.742438160153 0.601462544778 0.607862450358 0.522994397834 17.1149616691 0.647733901867 1.24106972335 139.790728214 140.953214358 0.468113968516 1.77952001796 12.2572842748 0.880379039922 1.76183229599 0.802252065051 1.18456842532 12.0582933986 1.34426328875 7.30859042592 5.99469921057 0.427414131387 2.4894170569 1.00964797613 1.49463519451 0.454841938245 2.97840941023 3.89487429693 4.29319970678 4.66738328387 6.69146850699 0.786982344113 0.835461363521 0.753034620931 0.70628942359 1.85842364411 0.365206922761 1.2798163838 1.60753131012 -9999.0
-9999.0 -9999.0 -9999.0 -9999.0 -9999.0 -9999.0 -9999.0 -9999.0 0.921656548921 4.27092879709 5.06630578511 0.793395418235 1.54036957226 0.743726731702 0.660055301539 0.647051356688 8.4514695581 11.2771333704 13.8481739714 16.5449058832 0.645449977992 0.615645823571 0.600218740788 143.748786881 145.089738872 145.572395006 16.2802296009 3.50778283656 3.0511600327 0.383895561993 1.56375954717 14.0013541202 0.399526861991 7.70032490007 0.42676682731 3.20600339722 2.98370296265 0.467526050555 1.95574474853 0.910755999202 1.35977985965 0.418473183015 0.364458336248 5.03597518692 5.37464629054 7.02905891482 1.20184505009 1.09872845829 1.03813349423 2.24639578718 2.98821809898 0.370019192689 1.95898241915 0.364877661993
-9999.0 -9999.0 -9999.0 -9999.0 -9999.0 -9999.0 -9999.0 -9999.0 -9999.0 0.954481784939 5.93497374462 6.70769553868 2.29188225158 3.79940992321 5.16335924633 5.87502755832 0.740842326431 2.20668283694 1.44671694113 0.765071760696 0.711027070972 0.605938274937 1.19515502865 2.06992158236 0.717604831152 163.110882829 163.614067057 0.437336412398 0.338503984673 0.753932989978 1.12463234262 15.1339354776 0.766850869736 8.0450222602 4.81612492106 4.01640550081 0.438055179654 0.889905128832 2.3664714288 0.41015265531 1.7610353403 0.818313120347 0.600559081721 0.251639624741 6.20239040774 13.5117410517 1.4570726488 1.35903747916 1.34674829924 0.310359837369 3.29907565677 0.301104295087 2.63575117657 0.320681078699
-9999.0 -9999.0 -9999.0 -9999.0 -9999.0 -9999.0 -9999.0 -9999.0 -9999.0 -9999.0 0.802935125556 8.30383854266 0.736337207051 1.46962124405 2.13671123363 3.44171593362 0.671045203215 1.44083544826 0.686441796403 0.635197093506 0.586848890434 1.16336020349 0.505754328733 0.571211167084 1.1263646633 0.639647907641 164.192944067 165.139417402 166.474365782 1.47166284772 0.37121832946 0.739720509926 15.528318077 14.7673768018 5.64991467119 0.405980612129 1.7416985676 1.31202361287 2.77866840729 0.818973843053 3.39751683045 1.22251712591 0.929479170176 0.15239884596 0.263181511422 13.8935503451 14.2275971416 17.3191970084 2.33887784602 0.637425980707 3.64273989396 4.27863869018 7.21906460802 0.641227362892
-9999.0 -9999.0 -9999.0 -9999.0 -9999.0 -9999.0 -9999.0 -9999.0 -9999.0 -9999.0 -9999.0 0.415701790696 9.15751073411 0.710680220025 1.36190222007 6.10576788845 0.679327936102 0.667344937397 0.576614304347 1.22053533402 0.580332771802 2.31892476668 3.32170515094 3.77733319735 1.54750950652 1.95555976271 0.492782717394 0.596490403476 0.523761454794 168.845962536 169.997669975 15.8600234469 15.4564366184 15.1145336681 0.719411723076 0.355109598596 2.12161928577 5.67153887181 3.17082947303 1.20530770938 4.98971506461 1.79558162857 1.43265043697 0.284049807928 0.117458952463 0.126155239165 0.174139659655 18.2107192224 21.5150006694 0.30423643409 0.315856512681 0.310874821655 7.52075360447 8.44069529667
-9999.0 -9999.0 -9999.0 -9999.0 -9999.0 -9999.0 -9999.0 -9999.0 -9999.0 -9999.0 -9999.0 0.387218460313 10.0942325109 12.3647669885 0.659119818207 7.40432282036 0.612625517907 0.581987463255 1.13409378344 2.92884081957 0.550676159722 0.594144237935 0.476023149737 4.73863568739 5.20144947926 7.63344137186 8.54899333134 8.99035075729 9.4308919148 9.86345155882 180.351632106 197.000183104 213.228707633 213.616426807 0.350799752154 0.355898259157 6.4356230606 6.05710248364 0.383178328598 0.369279035591 5.3923539388 7.58482590882 0.31419501484 3.59339853564 3.35827142023 0.690241809051 0.361967151978 0.614135527508 0.372850526498 22.134991138 0.318772638075 0.916670265669 1.15847143252 10.3706715039
-9999.0 -9999.0 -9999.0 -9999.0 -9999.0 -9999.0 -9999.0 -9999.0 -9999.0 -9999.0 -9999.0 0.847687424993 1.61010566472 13.0985753576 14.3089870109 0.614799657144 8.62266728659 0.508397855813 1.56495969192 3.43262337023 1.05314356331 0.498670649551 1.04021784651 0.423650474564 0.803790917182 0.379950090444 0.334554616917 0.247425738813 0.214578767814 0.194864010066 0.201023100722 0.319178317007 0.435139649062 0.522977730335 214.84769206 7.78424423593 7.08145112366 0.296932326309 1.08886497998 0.26237465237 0.253502476961 7.94841516603 12.6643895299 4.01516964651 3.10313013526 0.418791751221 0.177332307109 0.152130119251 0.434372514563 22.8935545583 23.5267588476 0.333795879101 0.34091573045 0.288559319384
-9999.0 -9999.0 -9999.0 -9999.0 -9999.0 -9999.0 -9999.0 -9999.0 -9999.0 -9999.0 -9999.0 -9999.0 0.665280859947 9.81608549006 24.7827163668 26.8169256477 36.0128614468 36.6000324619 7.62689297435 5.51545138116 1.56445832701 0.487678947108 1.99311351795 2.44451076142 3.6395755928 0.785561186477 0.703153600776 0.62535152011 1.20494727233 0.551509683042 0.540050738818 0.260380512377 0.129463128921 0.171737809883 215.223681863 223.268066317 223.718523605 0.311105899597 2.98938722462 1.26910644612 0.389354134308 13.9476899645 0.928087240543 0.484994171353 2.05077622613 0.392640769457 0.320760518804 0.600486678902 0.855633734124 1.14860835684 24.0498142502 0.247487256731 0.211414728993 0.211672575177
-9999.0 -9999.0 -9999.0 -9999.0 -9999.0 -9999.0 -9999.0 -9999.0 -9999.0 -9999.0 -9999.0 0.77140905216 7.50109406786 9.10786372988 1.42836241833 0.425262645875 0.928128517279 38.0848847833 38.6084731094 46.7953852014 0.433282000741 0.914551714081 0.387863281323 0.39608192828 4.02545925023 5.19548536346 6.23240677422 0.339403375736 1.54492764137 2.42825959666 1.44817169284 0.588347822495 0.383141451548 0.315562053738 0.349955199581 0.210267705443 224.055987971 224.317857124 227.877515528 0.664887083829 0.350084952263 14.3077385954 0.978190594556 0.51203931518 0.579644617782 0.575496834027 0.495217447609 0.860690508077 2.4510627496 3.93346517765 28.2399444075 0.187325991065 0.557404279412 0.377069120582
-9999.0 -9999.0 -9999.0 -9999.0 -9999.0 -9999.0 -9999.0 -9999.0 -9999.0 -9999.0 -9999.0 0.796755344639 5.31962870466 0.832988581176 0.678544502234 3.74793469852 4.33699247059 4.9254676367 5.42646028165 63.7362186264 64.1744966638 65.0563654102 71.981801949 73.1839098177 73.8307367043 74.2369195554 81.1888645344 82.049793462 82.4118240416 85.2231464499 87.06200506 87.3953611844 88.3515280132 0.628124808256 0.535201819994 0.101492964862 0.144012164356 224.626035204 229.144102976 0.991736705367 16.8335997312 16.5049183467 1.83447486258 0.428303622996 0.441766648444 0.427959845579 0.434282229609 0.877344291171 1.25851726069 0.374758722031 28.486904096 28.7565585244 29.9185613241 30.1354652737
-9999.0 -9999.0 -9999.0 -9999.0 -9999.0 -9999.0 -9999.0 -9999.0 -9999.0 -9999.0 -9999.0 2.77715959596 3.66303398968 1.67930069939 2.46426329736 0.77149876131 8.65599211151 9.30931594291 10.5761026483 11.0235723319 4.02000136111 69.8342606453 70.2693988721 0.388050491862 0.244495196401 0.198046511906 0.464070723368 0.214383681535 0.130545595055 0.113719526368 0.148695275471 87.6553828879 88.6494715062 89.6450225178 90.4990267718 91.0006236191 0.220949713144 0.0787019646156 246.848188863 17.428725961 17.1931130076 0.377783102143 0.364440830986 0.335055764523 0.791251843862 0.778770967086 0.365465513262 0.353962078568 0.326562998504 0.692407642093 0.918711105143 0.177043866004 0.332364989657 0.118243443524
-9999.0 -9999.0 -9999.0 -9999.0 -9999.0 -9999.0 -9999.0 -9999.0 -9999.0 -9999.0 -9999.0 -9999.0 1.87930870703 0.869229831643 0.760721958703 7.3714693952 8.05540542407 0.694626988792 2.59913982999 3.16452008829 3.62720321146 0.537677675951 0.38128998863 10.2524703694 10.5583813305 10.838228659 27.988670259 28.1706438603 28.4281906019 30.3338089977 31.117645307 31.2212340871 0.104576989005 0.113759138116 0.139738440094 91.3836421868 0.151252674444 249.896151056 249.641439763 2.55000467684 2.25786446893 1.42791445402 0.354050363279 0.667960322743 1.15254289908 1.13160610718 0.715404245361 0.335315645846 0.656314359057 0.644209310842 1.1989587104 0.169022623101 0.511173309328 0.830980096619
