data/baseflow/History/mHMbfrc242
ncols                  80
nrows                 72
xllcorner      4374000.0
yllcorner      5656000.0
cellsize            500
NODATA_value       -9999
[rows 0 to 23 of 72, columns 0 to 54 of 80]
-9999.0 -9999.0 -9999.0 -9999.0 -9999.0 -9999.0 -9999.0 -9999.0 -9999.0 -9999.0 -9999.0 -9999.0 1.36427649601 0.945659111984 -9999.0 -9999.0 -9999.0 -9999.0 -9999.0 -9999.0 -9999.0 -9999.0 -9999.0 -9999.0 -9999.0 -9999.0 -9999.0 -9999.0 -9999.0 -9999.0 -9999.0 -9999.0 -9999.0 -9999.0 -9999.0 -9999.0 -9999.0 -9999.0 -9999.0 -9999.0 -9999.0 -9999.0 -9999.0 -9999.0 -9999.0 -9999.0 -9999.0 -9999.0 -9999.0 -9999.0 -9999.0 -9999.0 -9999.0 -9999.0 -9999.0
-9999.0 -9999.0 -9999.0 -9999.0 -9999.0 -9999.0 -9999.0 -9999.0 -9999.0 -9999.0 -9999.0 -9999.0 2.75439857208 5.64913597853 0.814282941691 -9999.0 0.589085071632 -9999.0 -9999.0 -9999.0 -9999.0 -9999.0 -9999.0 -9999.0 -9999.0 -9999.0 -9999.0 -9999.0 -9999.0 -9999.0 -9999.0 -9999.0 -9999.0 -9999.0 -9999.0 -9999.0 -9999.0 -9999.0 -9999.0 -9999.0 -9999.0 -9999.0 -9999.0 -9999.0 -9999.0 -9999.0 -9999.0 -9999.0 -9999.0 -9999.0 -9999.0 -9999.0 -9999.0 -9999.0 -9999.0
-9999.0 -9999.0 -9999.0 -9999.0 -9999.0 -9999.0 -9999.0 -9999.0 -9999.0 -9999.0 1.37163697138 1.33303153601 1.37147006145 1.33110608063 8.21780354591 9.17434565554 1.65245131873 0.522511410072 -9999.0 -9999.0 -9999.0 -9999.0 -9999.0 -9999.0 -9999.0 -9999.0 -9999.0 -9999.0 -9999.0 -9999.0 -9999.0 -9999.0 -9999.0 -9999.0 -9999.0 -9999.0 -9999.0 -9999.0 -9999.0 -9999.0 -9999.0 -9999.0 -9999.0 -9999.0 -9999.0 -9999.0 -9999.0 -9999.0 -9999.0 -9999.0 -9999.0 -9999.0 -9999.0 -9999.0 -9999.0
-9999.0 -9999.0 -9999.0 -9999.0 -9999.0 -9999.0 -9999.0 -9999.0 -9999.0 1.34692681308 2.70689855499 5.36919275589 2.67235133531 1.31009321522 2.57586090824 10.4443441761 13.4981782227 0.640337606378 -9999.0 1.34190624354 -9999.0 -9999.0 -9999.0 -9999.0 1.16648281008 0.585890633889 -9999.0 -9999.0 -9999.0 -9999.0 -9999.0 -9999.0 -9999.0 -9999.0 -9999.0 -9999.0 -9999.0 -9999.0 -9999.0 -9999.0 -9999.0 -9999.0 -9999.0 -9999.0 -9999.0 -9999.0 -9999.0 -9999.0 -9999.0 -9999.0 -9999.0 -9999.0 -9999.0 -9999.0 -9999.0
-9999.0 -9999.0 -9999.0 -9999.0 -9999.0 -9999.0 -9999.0 -9999.0 1.42660981084 4.15108204249 5.45531401623 6.76968699084 9.31463104028 1.2585473295 5.04547579539 6.28760789941 21.7909057845 1.13509185248 1.2587612039 2.59664567595 3.81475385407 1.24652133682 -9999.0 3.23212363733 2.6452470253 0.779188497607 -9999.0 -9999.0 -9999.0 -9999.0 -9999.0 -9999.0 -9999.0 -9999.0 -9999.0 -9999.0 -9999.0 -9999.0 -9999.0 -9999.0 -9999.0 -9999.0 -9999.0 -9999.0 -9999.0 -9999.0 -9999.0 -9999.0 -9999.0 -9999.0 -9999.0 -9999.0 -9999.0 -9999.0 -9999.0
-9999.0 -9999.0 -9999.0 -9999.0 -9999.0 -9999.0 1.45263066815 1.37953719821 1.34056264166 1.34859859227 1.34277244557 9.46014935047 20.072708747 21.3659340954 22.517461577 1.10593349522 24.0870265177 25.3012363768 2.49599678508 1.23146430611 5.01606968101 8.69329997197 1.22329729695 6.84284089719 1.30393340141 1.26698889425 1.33900776009 -9999.0 -9999.0 -9999.0 -9999.0 -9999.0 -9999.0 -9999.0 -9999.0 -9999.0 -9999.0 -9999.0 -9999.0 -9999.0 -9999.0 -9999.0 -9999.0 -9999.0 -9999.0 -9999.0 -9999.0 -9999.0 -9999.0 -9999.0 -9999.0 -9999.0 -9999.0 -9999.0 -9999.0
-9999.0 -9999.0 -9999.0 -9999.0 -9999.0 -9999.0 2.88331039272 4.27463542942 9.73280436502 13.7104865025 1.27243386115 1.29268847057 1.2467724044 3.68644283388 27.3844241136 1.126823951 26.4884594992 31.0999612511 3.64311191226 2.39609808674 9.85598209466 1.21053204225 8.05047897641 2.48653904855 1.25864782244 2.50558437545 2.63881673219 1.29397446428 1.31009242709 1.30194316027 1.30713328857 2.62673147151 -9999.0 -9999.0 -9999.0 -9999.0 -9999.0 -9999.0 -9999.0 -9999.0 -9999.0 -9999.0 -9999.0 -9999.0 -9999.0 -9999.0 -9999.0 -9999.0 -9999.0 -9999.0 -9999.0 -9999.0 -9999.0 -9999.0 -9999.0
-9999.0 -9999.0 -9999.0 -9999.0 -9999.0 1.48613539215 2.91978919582 1.41750837234 2.77805628307 15.0766074109 17.6792675098 20.2675757303 63.1974808801 1.21190825377 28.6074055786 100.918927948 101.781229028 134.339091487 0.938406904544 3.56762419931 11.0265473315 1.16738380211 21.7798315291 12.5426770575 7.67020487229 6.41724196404 1.29520547593 3.87484783297 3.86592049826 2.58411796446 1.2609895629 3.91390596072 1.26019181763 1.25860615615 -9999.0 -9999.0 -9999.0 -9999.0 -9999.0 -9999.0 -9999.0 -9999.0 -9999.0 -9999.0 -9999.0 -9999.0 -9999.0 -9999.0 -9999.0 -9999.0 -9999.0 -9999.0 -9999.0 -9999.0 -9999.0
-9999.0 -9999.0 -9999.0 -9999.0 -9999.0 1.49551658588 4.39777236153 8.75104265864 10.118028996 20.0545251556 21.3770603829 25.4321915069 41.7028907883 66.5579696458 68.9540118109 70.067550865 2.19372114778 138.196164122 140.156111569 145.96961847 183.462605652 25.3003142157 22.9730062874 8.86351132743 1.18417613769 7.55819791279 5.10319100339 1.20978500565 5.05429536062 1.14076734893 2.35971862853 6.34031683703 7.55313100448 2.47235016269 1.21015717921 1.21558241854 -9999.0 -9999.0 -9999.0 -9999.0 0.669537778943 0.554825829291 -9999.0 -9999.0 -9999.0 -9999.0 -9999.0 -9999.0 -9999.0 -9999.0 -9999.0 -9999.0 -9999.0 -9999.0 -9999.0
-9999.0 -9999.0 -9999.0 -9999.0 -9999.0 1.4759986997 1.43223055632 5.81480917813 7.18711182262 8.58588702109 1.36585134302 2.72063405106 15.3416800166 2.70130564357 1.30741110476 1.26554026657 1.18058386405 1.26080391072 1.23324776998 1.23464168707 184.645353278 188.124623834 1.15531816044 3.51343456026 2.36305049548 8.74354287054 2.42227876639 1.1960734954 6.26236397793 2.24735912663 5.38150312359 13.4337628561 12.4269910077 3.67555843278 3.62773188915 1.21312691192 1.20994525225 -9999.0 -9999.0 1.21982346648 1.58780802372 3.2990930132 0.582142677417 -9999.0 -9999.0 -9999.0 -9999.0 -9999.0 -9999.0 -9999.0 -9999.0 -9999.0 -9999.0 -9999.0 -9999.0
-9999.0 -9999.0 -9999.0 -9999.0 -9999.0 -9999.0 1.49198258281 1.47716070278 2.91839557578 4.34982495671 9.91212853134 12.6860983335 14.0605050465 1.41932073544 1.2493846079 15.8839109014 19.6228283005 20.8470821725 25.7812283532 26.9789654714 1.17859228713 189.292630708 195.022786489 4.58442597512 0.89455040411 9.8324135671 21.9922025618 8.60953606413 2.26821629023 1.12955971761 20.9973628459 14.5613134875 1.12662763527 1.13795734666 4.77504110276 3.56867745616 1.17335608005 1.1896638527 1.174504952 2.38046819943 1.15462649801 4.00956140025 5.15795191729 1.13722319002 -9999.0 -9999.0 -9999.0 -9999.0 1.21519950148 1.18813325781 0.320466083298 -9999.0 -9999.0 -9999.0 -9999.0
-9999.0 -9999.0 -9999.0 -9999.0 -9999.0 -9999.0 -9999.0 1.49134673922 1.36427913395 2.79534604088 4.19921458231 1.39905859043 1.33798288592 8.16107547521 10.7675549545 13.3928876108 1.25391613315 2.5085805681 1.22835806419 28.1693124939 61.3070424053 61.9880041661 259.096352489 1.1541776895 2.73269017418 0.89043048091 23.1307953536 1.12372865792 3.41001632979 1.12493831436 22.1145005107 23.2232897362 2.25308345351 2.25318231538 11.8268004894 5.9014691294 2.3691425165 1.18522367341 2.35451535485 3.5471115861 5.8353989962 1.14778130082 7.43397501258 8.55351414401 1.06136695391 1.1033296853 1.1340242597 1.08100762008 1.05155356617 3.50740578381 1.36668118317 0.905356251453 -9999.0 -9999.0 -9999.0
-9999.0 -9999.0 -9999.0 -9999.0 -9999.0 -9999.0 -9999.0 -9999.0 2.83705138239 4.17314366923 1.3985393579 2.80952057673 4.15869330316 6.88024160944 1.37089515424 1.34518531614 1.23741864303 1.25410380904 1.19790879127 30.7597470687 1.22340823543 2.42901428219 262.29622962 264.944833313 1.52129262272 5.71568905646 29.9607163101 2.20365972095 4.46103181358 2.15914207743 3.1929207462 27.5639796193 3.30213337723 17.2887395894 13.9862333601 1.08186564161 5.77008659878 2.30027347102 3.46814369663 1.1217152246 6.9663425446 9.21323060301 10.2242986967 11.205378532 12.5802785394 2.0230467161 2.10448940441 2.00885719908 1.93867226254 4.49806498967 1.00040742483 3.28440520887 4.22936695945 -9999.0 -9999.0
-9999.0 -9999.0 -9999.0 -9999.0 -9999.0 -9999.0 -9999.0 -9999.0 1.4492042998 7.04234098466 8.42517174397 1.38733197944 2.73577163262 1.34964179965 1.31045017257 1.29163090795 15.7326822625 20.9550973862 25.6500531975 30.0485850893 1.13783419709 1.21423819284 1.40004532756 270.335688453 273.022154368 274.443291314 40.3524601908 8.9100153149 7.75697327453 1.05221764696 4.22127775332 32.8230234485 1.04048220263 18.3363001372 1.07617949928 7.38374941193 6.89330353321 1.10777492003 4.57243616919 2.2248936945 3.31424154242 1.0928095582 0.973307262955 12.1789850592 13.0955146458 13.4950136181 3.07069573976 2.94769662222 2.87813791358 5.51827309321 7.52073080045 0.996888025544 5.18368848717 0.974322959796 1.90093434615
-9999.0 -9999.0 -9999.0 -9999.0 -9999.0 -9999.0 -9999.0 -9999.0 -9999.0 1.4414216782 9.81938500641 11.1957144059 4.09042145787 6.78718652167 9.39386026354 10.6897982912 1.29139213064 3.97781821549 2.62623373836 1.29183159842 1.29167084385 1.23952771694 2.4907748566 4.3582210794 1.64918697603 317.789811774 319.290343367 1.3887945326 1.0264536119 2.06589339519 3.06438136282 35.8438197176 2.02580197993 19.3033910134 11.399049213 9.34281486664 1.06635897028 2.16445138636 5.61639381312 1.03832731921 4.33621891675 2.1153024723 1.75677411997 0.769876525528 15.480859046 29.7555427849 3.79771594949 3.69645790361 3.76503241606 0.889411035883 8.4093143683 0.879430650326 7.05403098581 0.902257560421 2.81274885742
-9999.0 -9999.0 -9999.0 -9999.0 -9999.0 -9999.0 -9999.0 -9999.0 -9999.0 -9999.0 1.36246236049 13.937506995 1.35453612435 2.70548541837 3.98630226052 6.5812768222 1.32804404219 2.69531842365 1.34176902932 1.32195269592 1.26103949647 2.51392540244 1.18177504793 1.35778601891 2.94842111532 1.66143634693 320.687100496 323.453145118 327.293764947 4.15026649573 1.00296261709 1.99853174429 36.8506033816 35.6743278255 13.4652387287 1.02904975559 4.27427338838 3.21881578638 6.66266799639 2.08207951289 8.50230606921 3.13696234867 2.69639182369 0.615279199672 0.795920494625 30.6857504328 31.5258009203 39.80069109 6.48979125221 1.81109491621 9.34033392166 11.1278005568 19.0480596644 1.79042186517 0.868962075157
-9999.0 -9999.0 -9999.0 -9999.0 -9999.0 -9999.0 -9999.0 -9999.0 -9999.0 -9999.0 -9999.0 0.715284979512 15.5313329037 1.31675152559 2.5767340007 11.7498958511 1.34078656419 1.34317343567 1.2521774394 2.58117595661 1.21958709564 4.95564040347 7.31201365581 8.45366623529 4.07526234385 5.35291678588 1.43425619077 1.58127542026 1.40314209915 333.683295025 336.739185935 37.7774702081 37.5026876111 36.594694612 1.93343017446 0.954484898241 5.25364688008 13.8866611319 7.655961411 3.07445411054 12.5475590111 5.65169344004 4.7044947083 1.23728621556 0.541376866067 0.534400357587 0.620628709443 42.5230897978 51.6214871441 0.867801942358 0.840893413873 0.864791373951 19.8880408005 22.496554285 1.6366523174
-9999.0 -9999.0 -9999.0 -9999.0 -9999.0 -9999.0 -9999.0 -9999.0 -9999.0 -9999.0 -9999.0 0.678717063126 17.1946945671 21.1803108799 1.2631853681 14.2937331525 1.28522441575 1.2647527266 2.46367770288 6.26315755678 1.20544774033 1.22922791769 1.15438320045 10.7780835301 11.8863858715 18.3754507827 20.9139520601 22.1617893906 23.4797415935 24.8772773841 362.895015827 402.955855425 442.589096125 443.484490497 1.0090591585 0.95286789733 15.8457596659 14.8737394454 0.978713799948 0.965609315416 13.459955615 20.077873646 0.888544033658 9.37687129459 8.57987606902 2.39438471387 1.22200260231 1.93872337759 0.898175138861 53.2470983685 0.818263152974 2.51131979705 3.22859208631 27.9569840119 30.1562467755
-9999.0 -9999.0 -9999.0 -9999.0 -9999.0 -9999.0 -9999.0 -9999.0 -9999.0 -9999.0 -9999.0 1.39668907748 2.69883310072 22.471344142 24.9199154943 1.2376902199 16.5039432103 1.17433888582 3.57278017276 7.41456937511 2.35397066569 1.14745226462 2.33935501422 1.0940105164 2.10868724396 1.02158872657 0.962730176542 0.862643559022 0.797590600624 0.796877648355 0.850581491026 1.10643579957 1.30444415512 1.40443341263 446.936961759 19.6521914078 17.8053040942 0.935867062696 2.85555334344 0.743603461482 0.602791429729 20.9958774581 33.1482273832 10.3386266548 7.41261781849 1.28187326438 0.59631568621 0.56978790809 1.3500890949 55.408755699 56.974473015 0.805056423801 0.828750069597 0.79356037445 0.583278659499
-9999.0 -9999.0 -9999.0 -9999.0 -9999.0 -9999.0 -9999.0 -9999.0 -9999.0 -9999.0 -9999.0 -9999.0 1.29566646459 16.3464668616 42.5069927787 46.2241614524 63.878834689 64.7940886162 16.5329493402 12.0874560517 3.51688673323 1.14223857823 4.58849767276 5.69003227669 8.8266819551 2.06594120399 1.96227116349 1.87061576937 3.64764680975 1.76798867095 1.79665566948 0.857903635537 0.658132531467 0.815949071268 448.048383515 468.33484612 469.323782397 0.944190137215 8.01513589012 3.22470181767 0.953403055238 36.0274088665 1.97634823635 1.00423125877 4.10833077129 0.917932703705 0.883502923794 1.68382037329 2.41799389491 3.19515241151 58.379815689 0.682057213589 0.63619947075 0.640941073418 0.550565163978
-9999.0 -9999.0 -9999.0 -9999.0 -9999.0 -9999.0 -9999.0 -9999.0 -9999.0 -9999.0 -9999.0 1.35435014261 12.4083212933 15.0676981453 2.5015454523 0.74501349992 1.76016955668 67.7296135463 68.7175802687 86.1047862366 1.06995499245 2.20677271384 1.0148806661 1.02745929486 9.81956824372 12.8773136851 15.7794075374 0.934026339137 4.57213644165 7.25116264192 4.43734339156 1.7532998425 1.47486113814 1.47804892418 1.51872385947 0.882671748264 470.153332424 470.857252726 480.3864952 1.7247620515 0.887839522153 36.6184336754 2.07654825481 1.05377985947 1.08928624119 1.08030715886 1.03717366423 1.95054411719 5.68718321758 9.70728191832 68.7685600625 0.557162857066 1.69739538623 1.15656443961 1.03591072911
-9999.0 -9999.0 -9999.0 -9999.0 -9999.0 -9999.0 -9999.0 -9999.0 -9999.0 -9999.0 -9999.0 1.37539405211 8.42394042976 1.34500894997 1.24694489442 6.22121934862 7.36332139849 8.53793567661 9.66798039565 116.068808925 116.991480601 119.006333535 133.648125284 136.688797902 138.476095589 139.485918705 157.434548874 159.808710693 160.719219973 168.919508846 174.30676891 175.205191548 178.346374028 2.34674632256 2.24088828986 0.646460061299 0.66744679871 471.661152019 483.711733187 2.60626992144 41.9853362036 41.1781844046 4.04159917932 1.00179597816 1.02851023551 1.01358601767 0.989767248123 1.98684364713 2.91647055575 0.923443894478 69.4285593135 70.1098318813 73.5784424327 74.1771318659 75.7863634215
-9999.0 -9999.0 -9999.0 -9999.0 -9999.0 -9999.0 -9999.0 -9999.0 -9999.0 -9999.0 -9999.0 4.27820503176 5.66948692561 2.71015033217 3.99938584917 1.27868405864 14.5712081003 15.7759500772 18.1428093185 19.1677449565 7.95296667199 128.488595884 129.393585326 0.975295785142 0.783134804461 0.689820189387 1.4985485131 0.735236611293 0.614902571882 0.605250655371 0.668264674935 176.004745794 179.177013864 182.315608673 185.287750047 187.798506151 1.16743945986 0.4554788993 527.924702605 43.5312804207 42.8093646799 0.895599279757 0.894868957644 0.864970582757 1.92314244391 1.91276435899 0.907403305205 0.90920535858 0.866186244145 1.78161947706 2.47169478757 0.520107708828 0.975580364684 0.427335910267 0.311401390757
-9999.0 -9999.0 -9999.0 -9999.0 -9999.0 -9999.0 -9999.0 -9999.0 -9999.0 -9999.0 -9999.0 -9999.0 2.88124977174 1.37365541577 1.29898860149 12.1739642376 13.397537519 1.22339372301 4.85043702406 5.97880737772 7.0293999161 1.10085001965 0.999661376936 19.9908449038 20.875410189 21.7260385657 55.2729476891 55.9570487471 57.1290336841 62.4762604629 65.921739954 66.4954869056 0.570101412164 0.580826941362 0.596568827814 188.857127776 0.534717204939 536.145999325 535.344782474 6.75552983618 5.91393957773 3.55052278498 0.905018003587 1.72980401936 2.81387425074 2.80248198365 1.79033268676 0.886864127126 1.74737010251 1.72186403246 3.27165769776 0.53733921914 1.54444498394 2.58865780123 3.23062587077
