data/baseflow/History/mHMbfrc402
ncols                  80
nrows                 72
xllcorner      4374000.0
yllcorner      5656000.0
cellsize            500
NODATA_value       -9999
[rows 24 to 47 of 72, columns 0 to 54 of 80]
-9999.0 -9999.0 -9999.0 -9999.0 -9999.0 -9999.0 -9999.0 -9999.0 -9999.0 -9999.0 -9999.0 -9999.0 0.797288897809 2.27444617899 2.99815686406 5.2526317608 0.722026573943 1.44414494033 2.14804477774 7.94592009158 8.43766099146 8.65253838115 9.22249959887 9.93657226435 17.1614132912 19.2153812035 20.1176562921 0.232995513151 2.1502260535 2.32336063012 35.8591772256 36.6206146245 36.8947588376 37.1683831839 37.5171219659 143.094934163 0.627149324725 311.417000726 0.528791879315 0.172604525798 2.85458115366 2.58170145215 0.33505130564 1.54884801223 2.17525082301 2.17253927104 1.53527243746 2.53318882418 4.01862888272 1.47908408717 3.96223235441 0.315601531414 0.406016252175 0.0828765957925 0.0726160929986
-9999.0 -9999.0 -9999.0 -9999.0 -9999.0 -9999.0 -9999.0 -9999.0 -9999.0 -9999.0 -9999.0 -9999.0 0.768443452583 1.52527988948 0.730436446596 1.49529763053 0.717934057924 5.13593858982 6.54150713213 7.26680576003 0.675764385306 1.23868003795 12.8301706337 15.9131235262 16.4894412855 1.36623898646 1.36873289772 1.83636127612 0.158242445112 0.149449153233 0.286033252252 0.222098995185 22.0430945937 22.3293550218 22.7007916539 143.643388263 314.095155119 311.650568356 0.28032723766 0.111220807042 0.103229804337 0.559618605745 0.450467547579 1.72335473292 2.53751755873 5.20129676313 0.485520414176 0.485856979065 4.3869553369 4.74991336879 9.4778715528 9.76548517939 10.2565449704 10.4183254454 0.148396414583
-9999.0 -9999.0 -9999.0 -9999.0 -9999.0 -9999.0 -9999.0 -9999.0 -9999.0 -9999.0 -9999.0 -9999.0 -9999.0 0.750289232142 1.49227357295 2.22986071161 3.68761559496 0.750782909037 0.713373236869 5.6808740635 6.35154145974 11.8193394358 12.4792533117 1.89508202983 0.690275325334 0.692013964225 0.672980961608 20.7137471655 21.0597249335 21.2543612175 21.3951973289 21.7905499754 3.23312083264 3.69758173353 26.8482821571 484.849275032 1.83480413711 1.42753000479 0.504750386008 0.162058455829 0.110979618794 0.769722459957 0.864105996944 1.92724584694 0.101174706116 5.34922930629 0.728582467463 0.711107307851 0.104375542535 0.0825749299639 0.0783529591647 0.181419004562 0.0772735124883 10.4954054049 132.486185836
-9999.0 -9999.0 -9999.0 -9999.0 -9999.0 -9999.0 -9999.0 -9999.0 -9999.0 -9999.0 -9999.0 -9999.0 -9999.0 -9999.0 0.735765591677 1.66787485859 2.58568726189 3.53979713819 4.25709111099 4.98590393468 2.15636824821 3.54844756938 0.668940556008 0.667366263218 17.4533714472 18.7849822052 19.4233050612 20.1141099956 0.553510281509 0.949608516822 2.43867776864 2.67175637179 2.90547816754 0.465196975522 0.584260718812 486.298783957 0.456173165578 0.604765740025 0.286551479431 0.768858700789 0.353334947427 0.25090518638 3.00088843959 3.32625111072 0.203435317721 5.5947476631 6.40944137255 0.793923058583 137.261367834 137.069096959 136.894375085 136.385854623 136.012701033 133.053047424 132.819057123
-9999.0 -9999.0 -9999.0 -9999.0 -9999.0 -9999.0 -9999.0 -9999.0 -9999.0 -9999.0 -9999.0 -9999.0 -9999.0 -9999.0 0.239724284763 0.562507474443 0.920745388295 8.56325201726 9.30702594537 0.741583823312 0.721622689655 0.698589394557 14.7734065054 16.1276797026 0.664107662524 0.688317658314 0.627620200367 2.51133880881 3.13140689744 1.59863122137 1.94987001839 13.8247595429 14.2193417896 15.2151535379 24.2219157505 510.822621085 0.467656022379 0.267173753761 1.24007879304 0.998476431554 0.248684169647 0.75553281545 1.00307500899 3.60079322459 3.86534231334 10.8599360093 6.57199379535 0.886459778292 141.108428764 2.11279464876 136.702927554 136.549768977 2.66065819053 0.277156216063 0.161940078566
-9999.0 -9999.0 -9999.0 -9999.0 -9999.0 -9999.0 -9999.0 -9999.0 -9999.0 -9999.0 -9999.0 -9999.0 -9999.0 -9999.0 1.25709128814 2.052100805 4.30812406192 7.65528856681 10.2262355434 11.9702603394 12.6943384922 13.4126272828 14.1136528844 0.673812568084 0.651108749945 1.29179659004 1.26019388519 0.634027771761 11.8800591784 12.4925775409 13.0763556392 13.622992311 7.39833029002 7.67405377666 8.33391546321 511.076549267 0.788804900971 0.712082309081 2.08072034395 0.207079737164 0.595070355818 0.328277614007 0.235950488767 1.2880581296 0.233683100331 0.240318003412 153.144895869 142.069132846 141.826143449 0.745479254065 1.97368163451 1.22160328858 0.244687832496 2.06348398181 0.514723214972
-9999.0 -9999.0 -9999.0 -9999.0 -9999.0 -9999.0 -9999.0 -9999.0 -9999.0 -9999.0 -9999.0 -9999.0 -9999.0 -9999.0 0.884610164786 0.838627798376 1.64148526045 2.49780295377 0.844877731826 0.739102427369 1.45210524453 2.16161292105 3.52808127636 4.21601557945 4.89535074507 6.86984908122 7.5040096448 8.14885518143 0.616787321745 6.10661720646 6.59196284872 6.89866784523 0.164714256308 0.0799971022875 0.189734174848 519.381637552 519.623302999 520.89178812 2.64772649217 0.409366158231 0.908061817171 0.239347492593 0.441063979461 1.51208554286 1.94654235697 0.453380494559 154.258807352 0.38480480868 0.440476770087 0.454501063412 0.448388002159 0.702709447507 0.321571940864 1.41373274348 0.931804079733
-9999.0 -9999.0 -9999.0 -9999.0 -9999.0 -9999.0 -9999.0 -9999.0 -9999.0 -9999.0 -9999.0 -9999.0 -9999.0 -9999.0 -9999.0 0.806248271261 1.60062596349 0.790992833817 1.62529403567 10.0830454281 10.9085033019 11.6277071119 0.680370279018 0.685686236274 1.3683430025 2.03569973233 3.30319470595 3.93206981972 4.28281658796 4.88084024165 0.510867627851 0.393963675462 7.37929790886 7.45863631782 7.64051077126 7.85812787817 6.81315071123 528.593851174 532.597535566 532.781127078 533.861031008 534.77242006 535.565616607 0.277399756731 2.1716530054 154.541755995 0.68850217686 0.348929151273 0.41008918282 0.354465044172 0.60160257081 0.442546989892 0.236191362547 0.273197278511 0.219354028835
-9999.0 -9999.0 -9999.0 -9999.0 -9999.0 -9999.0 -9999.0 -9999.0 -9999.0 -9999.0 -9999.0 -9999.0 -9999.0 -9999.0 -9999.0 -9999.0 2.38410709212 3.2454172924 5.75426322368 7.56733940633 0.953364504323 13.3256786665 14.0054466414 14.6971409208 0.695476118219 1.37479405379 0.644196206619 4.62040032384 4.95361782509 5.483699967 6.00265884608 7.17672697048 7.2624134329 0.0694100429484 5.91807255593 6.36460418357 6.60235232024 7.45688286826 1.12625493308 0.72936137712 0.442589393923 0.422816692665 536.293696192 536.715287524 540.527735199 154.873511551 1.85033973005 0.858972857029 0.613587110849 0.179621076674 1.4940528706 0.686636921532 0.223661119641 1.10874958011 0.902085334514
-9999.0 -9999.0 -9999.0 -9999.0 -9999.0 -9999.0 -9999.0 -9999.0 -9999.0 -9999.0 -9999.0 -9999.0 -9999.0 -9999.0 -9999.0 -9999.0 0.88583797506 4.08789747126 4.95473491905 0.984707454654 0.723415644429 1.4318519803 2.12057212867 17.5143088871 0.689940720074 2.76270451959 3.41458194884 4.05153015419 0.353466015715 0.858350447964 1.06843367409 4.8162549069 5.2141747727 5.40866915776 0.218670239393 0.206090369292 0.22002860264 0.401023615871 0.162246654259 0.177203385954 0.38013457675 0.285052655708 0.370672607637 1.28363059498 540.945768419 696.960894217 2.22790563991 0.250357178493 0.195763570793 4.23502883959 3.85576223359 2.12156100891 1.87316130593 1.36617914771 0.270727331868
-9999.0 -9999.0 -9999.0 -9999.0 -9999.0 -9999.0 -9999.0 -9999.0 -9999.0 -9999.0 -9999.0 -9999.0 -9999.0 -9999.0 -9999.0 0.760264018948 2.48320123436 0.831233673915 0.921837942617 0.77163370512 1.49451013842 2.18985140777 2.97408519603 21.3506025254 22.0289327713 0.689509006153 1.34274065225 1.9969784883 2.451837742 2.88049397537 4.0743566878 4.5962444519 0.125708065767 0.256094094405 0.282031488747 0.437126747818 0.386022954752 0.361160864998 0.302071837908 0.342222912642 1.57539286754 0.768940208858 0.477467056778 0.47363117097 0.384403745929 0.738066346613 710.222556639 10.8082315991 5.25581968198 0.57103918238 0.268127373815 0.228295112884 0.6834680954 0.437997335105 0.207150641899
-9999.0 -9999.0 -9999.0 -9999.0 -9999.0 -9999.0 -9999.0 -9999.0 -9999.0 -9999.0 -9999.0 -9999.0 -9999.0 -9999.0 0.805520571124 1.54232401295 5.63323893421 0.833546643134 1.95739522335 2.72608443244 3.47858818451 0.748253083934 1.44458295995 2.32588985863 25.1904462671 0.673476341734 1.31198324729 1.94364949406 0.591898564593 1.15083488452 1.27163622107 1.72155811249 45.6070534086 46.207554131 46.8221732255 49.5523502752 50.7259373954 52.9728714482 0.680572642572 1.42471808072 1.94956714182 60.6603550548 61.5287864246 0.454507660489 0.776918627762 1.09773733368 710.666393537 10.3895998542 4.43545954724 4.14068179371 3.80732518453 3.53391192057 0.910928447378 0.241510877186 0.422149481916
-9999.0 -9999.0 -9999.0 -9999.0 -9999.0 -9999.0 -9999.0 -9999.0 -9999.0 -9999.0 -9999.0 -9999.0 -9999.0 -9999.0 0.79935260514 2.43408514439 8.86538240316 13.0788937818 0.786493689345 17.3834576255 21.7366883531 0.728158512718 1.4202955449 2.26173955734 31.8067529459 32.6297704736 0.65108164139 3.25296286405 3.87203088955 4.28212062659 42.4630642758 43.0726528893 43.6736030428 0.325014505271 1.9082106098 2.25751876825 1.09757775353 1.58298161093 55.2951777014 57.4877196779 57.9173729489 58.3399629938 62.2201416968 0.341809901444 0.316661788533 1.72470891265 711.100217508 0.378356359973 0.0241892770248 0.0684002056469 0.0264689429103 3.05766040853 2.95035260965 1.73117751943 1.19400527301
-9999.0 -9999.0 -9999.0 -9999.0 -9999.0 -9999.0 -9999.0 -9999.0 -9999.0 -9999.0 -9999.0 -9999.0 -9999.0 -9999.0 -9999.0 -9999.0 1.69464040391 3.42263832098 15.5946745922 16.4855883802 22.5422651174 23.4305507426 0.711484582431 1.41963640612 3.58611420789 33.4818498722 34.8718809948 35.4934333272 0.537974562863 37.4185550097 37.995776952 0.411729589273 0.327291379725 0.660927530826 1.28482243696 0.304679480186 0.633829650852 1.50974159886 1.9025918118 0.344163611984 0.28649594017 0.59284962127 64.0844268066 64.6662831818 64.9655504864 67.3258096753 711.504274191 0.304305411131 0.0148049126264 0.0173121786807 0.0167099280276 0.0173570662323 0.0149059435404 0.0270210724527 0.216027064822
-9999.0 -9999.0 -9999.0 -9999.0 -9999.0 -9999.0 -9999.0 -9999.0 -9999.0 -9999.0 -9999.0 -9999.0 -9999.0 -9999.0 -9999.0 -9999.0 0.882519194952 0.872052922917 0.874292086947 1.82332337894 0.828736372824 25.0683247239 25.8988041284 0.760470305032 1.43990502198 0.72526765969 0.658729631321 0.652917197535 36.4982837764 0.15566298591 0.293480881841 0.274915176874 0.347140459021 0.31971020046 0.278163450257 0.282614444239 0.835497270946 1.12199681776 0.247464768549 0.238099352615 0.486255188947 0.757919057529 0.933043292087 0.22959012149 65.2641507251 67.6277755129 711.830258974 0.640657413041 0.0425677294293 0.00801368459398 0.022584749756 0.00615208583693 0.00437942274486 0.0322846108898 0.990771330738
-9999.0 -9999.0 -9999.0 -9999.0 -9999.0 -9999.0 -9999.0 -9999.0 -9999.0 -9999.0 -9999.0 -9999.0 -9999.0 -9999.0 -9999.0 -9999.0 -9999.0 -9999.0 0.863130662298 2.64125185349 3.40520699518 4.20707997293 26.6768053087 27.43566728 28.2309426071 29.1157794912 29.7623003804 31.0738967698 31.2601738638 31.3949351433 31.6075352045 0.343582497715 0.323567025657 0.326142085674 1.1735892186 0.293884241044 0.279691467364 0.25386628247 0.740254540805 0.269235294686 0.234611042241 0.226105119321 0.207366477116 0.41426408124 0.5957135898 68.8382843565 781.64198516 0.292415852093 0.62262146206 0.00542010905112 0.0300050027519 0.0154343833934 0.00884026634705 1.80681518702 1.62000398638
-9999.0 -9999.0 -9999.0 -9999.0 -9999.0 -9999.0 -9999.0 -9999.0 -9999.0 -9999.0 -9999.0 -9999.0 -9999.0 -9999.0 -9999.0 -9999.0 -9999.0 -9999.0 -9999.0 0.768249830553 5.7774538106 11.5913680294 12.4459286946 0.94161698022 1.69279842953 2.37002758224 3.00940563376 6.92377034514 7.26395975959 0.340789011724 0.319592286639 32.3012563653 32.9358713998 33.2373851776 1.43449922666 0.257049352445 0.538607077549 0.796995664062 2.33827514146 2.85057618264 3.29979161086 0.429598169074 0.608034644328 0.199206717655 0.391299958028 0.196049623076 782.067560872 0.279317362698 1.14317175798 0.313933386772 0.494090118756 1.5089813738 1.6495149932 3.58772184275 1.55076078626
-9999.0 -9999.0 -9999.0 -9999.0 -9999.0 -9999.0 -9999.0 -9999.0 -9999.0 -9999.0 -9999.0 -9999.0 -9999.0 -9999.0 -9999.0 -9999.0 -9999.0 -9999.0 0.817433595911 2.55169796134 5.02567469068 6.60685740101 17.2179034919 18.1342533202 1.37274271381 2.04100564503 2.64908160768 3.28830079361 7.49360138014 8.13350869775 13.4132297593 13.8474370043 14.1556280449 33.5493938799 35.8243790363 0.556004989664 0.300310623074 0.295990521561 0.571102729646 0.267892459081 3.81239952203 4.02688346253 0.800624482576 0.980955047652 0.189340958213 180.492054632 180.88294005 963.281035764 964.806645904 0.263164714738 1.05184806986 0.29962027884 0.255476600312 4.0166845357 5.74673470762
-9999.0 -9999.0 -9999.0 -9999.0 -9999.0 -9999.0 -9999.0 -9999.0 -9999.0 -9999.0 -9999.0 -9999.0 -9999.0 -9999.0 -9999.0 -9999.0 -9999.0 -9999.0 -9999.0 0.891631035496 0.867287002963 1.67627774494 4.0205143453 18.8965082071 0.693027365818 0.686331593393 1.30086965251 1.91052820467 4.28062727389 4.52965421278 0.169980394165 0.282982550997 14.5120897557 14.8288240394 50.9268980088 51.189903223 0.236479788923 0.223902257541 0.195162635573 0.196375308812 0.186322952363 176.987767609 178.107893436 179.264717564 179.61081611 180.309022985 0.202281604261 0.772159522223 1.02218309924 966.35439638 966.602838152 966.889116577 967.105935839 967.253949083 5.9521691617
-9999.0 -9999.0 -9999.0 -9999.0 -9999.0 -9999.0 -9999.0 -9999.0 -9999.0 -9999.0 -9999.0 -9999.0 -9999.0 -9999.0 -9999.0 -9999.0 -9999.0 -9999.0 -9999.0 -9999.0 0.824726597589 0.847814620371 1.59723130823 22.0268916456 22.8691359361 0.681855727978 1.29586563456 1.90997542008 2.14942755539 0.190445912214 0.512243173052 46.2160817136 46.5547858699 46.8232746234 48.9151426122 100.362953744 169.338374592 169.830679674 170.280837164 170.7214238 172.281138847 172.752715485 0.911371764782 0.436437095551 0.236473297739 0.458578631022 0.382602340935 0.592520205143 0.193819397497 4.061071916 4.65007165635 5.16366226894 5.33088698674 967.474481362 973.662791443
-9999.0 -9999.0 -9999.0 -9999.0 -9999.0 -9999.0 -9999.0 -9999.0 -9999.0 -9999.0 -9999.0 -9999.0 -9999.0 -9999.0 -9999.0 -9999.0 -9999.0 -9999.0 -9999.0 -9999.0 -9999.0 0.833151529619 1.60472534574 2.37812018234 23.5429764544 0.815384218972 31.8789425003 32.5079328759 32.703395162 33.0253367632 44.9584277805 45.3397874364 0.341064968295 1.57291042108 1.8814496739 0.309556604081 68.4737321614 67.9027751872 0.21246277251 0.458606284012 1.16814369551 0.241522679932 0.247478698579 0.219722093528 0.198273349144 0.16926790366 0.184612736609 3.42806862935 3.61380904894 3.82081130138 0.320164780716 0.264509484919 5.52761402928 5.74710021265 5.86937288612
-9999.0 -9999.0 -9999.0 -9999.0 -9999.0 -9999.0 -9999.0 -9999.0 -9999.0 -9999.0 -9999.0 -9999.0 -9999.0 -9999.0 -9999.0 -9999.0 -9999.0 -9999.0 -9999.0 -9999.0 -9999.0 0.781792169269 0.738057161978 3.78229711774 28.8679507285 30.4482615364 31.2701251147 0.67691922072 11.4325575404 11.5680721157 11.6658114152 0.341008668022 0.702162025093 1.03189624348 16.5861134197 16.855973726 17.0951376778 67.4505133462 41.2800950749 0.243861939789 0.23987349077 0.233562297227 0.206274079716 2.01309009555 2.4360886983 2.82475054138 3.03158550455 3.2342105508 16.9939749514 17.1580655089 17.3037278771 17.6560122207 19.6514013038 19.796017376 25.830193367
-9999.0 -9999.0 -9999.0 -9999.0 -9999.0 -9999.0 -9999.0 -9999.0 -9999.0 -9999.0 -9999.0 -9999.0 -9999.0 -9999.0 -9999.0 -9999.0 -9999.0 -9999.0 -9999.0 -9999.0 -9999.0 -9999.0 1.52597776127 2.30899898953 0.843079783557 0.67946970789 9.21931863803 9.91339849631 10.4080007125 3.6860150354 3.81785785948 4.00542607896 4.330173266 16.0112017649 16.3166592273 8.30827484913 25.6704946058 25.9299309461 41.062376792 0.489044118426 0.242119313258 0.204110591454 1.37288628545 1.60109653576 0.170966627425 0.162918364216 16.2654685215 16.6423654589 16.8356317025 0.181264492818 0.255049326701 19.2568597499 0.252325413841 1.00462438576 1.12550382303
-9999.0 -9999.0 -9999.0 -9999.0 -9999.0 -9999.0 -9999.0 -9999.0 -9999.0 -9999.0 -9999.0 -9999.0 -9999.0 -9999.0 -9999.0 -9999.0 -9999.0 -9999.0 -9999.0 -9999.0 -9999.0 -9999.0 0.758986700306 1.50563021368 6.27191754517 7.10895052486 7.90375290547 2.97066762229 3.54741096213 0.140852550627 11.0731979549 11.2021609065 11.3581414301 0.255042048338 7.71541696176 8.02393784066 0.262941774171 39.8141242133 0.516015421268 0.257250341936 0.721433043321 0.964018915119 0.207187372556 0.183646775122 14.4775887528 15.9109060283 16.1248913721 0.208920190018 0.501962692771 0.650218213663 0.788590765815 1.49021805733 0.371087266122 0.813603555343 0.177733101369
