data/baseflow/History/mHMbfrc586
ncols                  80
nrows                 72
xllcorner      4374000.0
yllcorner      5656000.0
cellsize            500
NODATA_value       -9999
[rows 0 to 23 of 72, columns 0 to 53 of 80]
-9999.0 -9999.0 -9999.0 -9999.0 -9999.0 -9999.0 -9999.0 -9999.0 -9999.0 -9999.0 -9999.0 -9999.0 0.329105180391 0.610304386905 -9999.0 -9999.0 -9999.0 -9999.0 -9999.0 -9999.0 -9999.0 -9999.0 -9999.0 -9999.0 -9999.0 -9999.0 -9999.0 -9999.0 -9999.0 -9999.0 -9999.0 -9999.0 -9999.0 -9999.0 -9999.0 -9999.0 -9999.0 -9999.0 -9999.0 -9999.0 -9999.0 -9999.0 -9999.0 -9999.0 -9999.0 -9999.0 -9999.0 -9999.0 -9999.0 -9999.0 -9999.0 -9999.0 -9999.0 -9999.0
-9999.0 -9999.0 -9999.0 -9999.0 -9999.0 -9999.0 -9999.0 -9999.0 -9999.0 -9999.0 -9999.0 -9999.0 0.572486431261 2.08497256455 0.528434411622 -9999.0 0.598092261167 -9999.0 -9999.0 -9999.0 -9999.0 -9999.0 -9999.0 -9999.0 -9999.0 -9999.0 -9999.0 -9999.0 -9999.0 -9999.0 -9999.0 -9999.0 -9999.0 -9999.0 -9999.0 -9999.0 -9999.0 -9999.0 -9999.0 -9999.0 -9999.0 -9999.0 -9999.0 -9999.0 -9999.0 -9999.0 -9999.0 -9999.0 -9999.0 -9999.0 -9999.0 -9999.0 -9999.0 -9999.0
-9999.0 -9999.0 -9999.0 -9999.0 -9999.0 -9999.0 -9999.0 -9999.0 -9999.0 -9999.0 0.21747472159 0.199694134639 0.218569459246 0.217101255763 2.47360421267 2.86548821339 1.63586008375 0.523588547216 -9999.0 -9999.0 -9999.0 -9999.0 -9999.0 -9999.0 -9999.0 -9999.0 -9999.0 -9999.0 -9999.0 -9999.0 -9999.0 -9999.0 -9999.0 -9999.0 -9999.0 -9999.0 -9999.0 -9999.0 -9999.0 -9999.0 -9999.0 -9999.0 -9999.0 -9999.0 -9999.0 -9999.0 -9999.0 -9999.0 -9999.0 -9999.0 -9999.0 -9999.0 -9999.0 -9999.0
-9999.0 -9999.0 -9999.0 -9999.0 -9999.0 -9999.0 -9999.0 -9999.0 -9999.0 0.199198487996 0.423239419099 0.834208274352 0.414147645954 0.197917828812 0.389746611305 3.04674323415 5.71386760844 0.53853924719 -9999.0 0.208807324867 -9999.0 -9999.0 -9999.0 -9999.0 1.10226456846 0.574391781313 -9999.0 -9999.0 -9999.0 -9999.0 -9999.0 -9999.0 -9999.0 -9999.0 -9999.0 -9999.0 -9999.0 -9999.0 -9999.0 -9999.0 -9999.0 -9999.0 -9999.0 -9999.0 -9999.0 -9999.0 -9999.0 -9999.0 -9999.0 -9999.0 -9999.0 -9999.0 -9999.0 -9999.0
-9999.0 -9999.0 -9999.0 -9999.0 -9999.0 -9999.0 -9999.0 -9999.0 0.241746540024 0.656235933041 0.843644541361 1.03992482292 1.43823709318 0.180945661042 0.730987716537 0.902626857843 7.26561382446 0.235099299159 0.150085613451 0.378548836939 0.543353129395 0.174343533106 -9999.0 2.654623744 2.17173982803 0.542421787543 -9999.0 -9999.0 -9999.0 -9999.0 -9999.0 -9999.0 -9999.0 -9999.0 -9999.0 -9999.0 -9999.0 -9999.0 -9999.0 -9999.0 -9999.0 -9999.0 -9999.0 -9999.0 -9999.0 -9999.0 -9999.0 -9999.0 -9999.0 -9999.0 -9999.0 -9999.0 -9999.0 -9999.0
-9999.0 -9999.0 -9999.0 -9999.0 -9999.0 -9999.0 0.241081907306 0.2049794739 0.19379625624 0.19953864109 0.205899209603 1.46593796483 3.10643591574 3.30280089166 3.42662275762 0.10935273033 7.56908794193 7.720608847 0.316191534951 0.167751107933 0.704212538463 1.21077785444 0.210171000429 3.35518802902 0.17330383514 0.215626321559 0.179037696396 -9999.0 -9999.0 -9999.0 -9999.0 -9999.0 -9999.0 -9999.0 -9999.0 -9999.0 -9999.0 -9999.0 -9999.0 -9999.0 -9999.0 -9999.0 -9999.0 -9999.0 -9999.0 -9999.0 -9999.0 -9999.0 -9999.0 -9999.0 -9999.0 -9999.0 -9999.0 -9999.0
-9999.0 -9999.0 -9999.0 -9999.0 -9999.0 -9999.0 0.487732432956 0.712372106132 1.57889160471 2.15383437582 0.174141624268 0.189864669209 0.17786853157 0.519118073226 4.0918195917 0.118970590929 7.88975138903 8.59949692437 0.523869762208 0.311040034081 1.357808057 0.162553078371 3.51459731729 0.310583769416 0.155581868072 0.365904745139 0.353537899556 0.180819607284 0.191353954105 0.184016417805 0.203433862364 0.406160534553 -9999.0 -9999.0 -9999.0 -9999.0 -9999.0 -9999.0 -9999.0 -9999.0 -9999.0 -9999.0 -9999.0 -9999.0 -9999.0 -9999.0 -9999.0 -9999.0 -9999.0 -9999.0 -9999.0 -9999.0 -9999.0 -9999.0
-9999.0 -9999.0 -9999.0 -9999.0 -9999.0 0.286912977147 0.540608969763 0.251509621616 0.476434978525 2.38177359232 2.7649562127 3.15015005787 10.7458175327 0.179498634953 4.25732837 16.5524026384 16.7166221707 25.6384587607 0.200241312842 0.45210632654 1.50586684286 0.146353440776 5.33007259171 1.66148821262 1.03688231337 0.88044493437 0.170933516059 0.538991192786 0.551966381318 0.366846587024 0.177018909423 0.590232245122 0.174760210083 0.17093478392 -9999.0 -9999.0 -9999.0 -9999.0 -9999.0 -9999.0 -9999.0 -9999.0 -9999.0 -9999.0 -9999.0 -9999.0 -9999.0 -9999.0 -9999.0 -9999.0 -9999.0 -9999.0 -9999.0 -9999.0
-9999.0 -9999.0 -9999.0 -9999.0 -9999.0 0.290448866865 0.827860995709 1.63427896845 1.87117078609 3.68728751534 3.9000915995 4.58207508457 7.427743911 11.4820530701 11.8558523969 12.0224659345 0.279115810288 26.1798023654 26.4932262859 27.2403536455 34.6870233679 5.78137872269 5.49041397706 1.19413395154 0.154303147435 1.00189324303 0.690983799845 0.144810695557 0.707389974748 0.167497896776 0.350858410263 0.923906605219 1.08879963107 0.332430364312 0.161242476465 0.160129951619 -9999.0 -9999.0 -9999.0 -9999.0 0.475561349033 0.455981676859 -9999.0 -9999.0 -9999.0 -9999.0 -9999.0 -9999.0 -9999.0 -9999.0 -9999.0 -9999.0 -9999.0 -9999.0
-9999.0 -9999.0 -9999.0 -9999.0 -9999.0 0.273489569815 0.25342072409 1.08815413225 1.33297970622 1.59008855408 0.234134365761 0.46047947191 2.69730079819 0.613941518543 0.207135733062 0.174087121729 0.146879346088 0.181550428737 0.178244733141 0.172192874679 34.8645455213 35.3028265298 0.144157015428 0.448321933321 0.306857548189 1.14603773219 0.291810850385 0.140641198806 0.863936327694 0.311690079461 0.766466438899 1.87337029963 1.73724474979 0.485983505338 0.474065963347 0.166088753099 0.166038684565 -9999.0 -9999.0 0.167023968654 0.870506548779 2.28322169769 0.484027797601 -9999.0 -9999.0 -9999.0 -9999.0 -9999.0 -9999.0 -9999.0 -9999.0 -9999.0 -9999.0 -9999.0
-9999.0 -9999.0 -9999.0 -9999.0 -9999.0 -9999.0 0.293713677895 0.29461585822 0.532601087991 0.787103199384 1.75497395668 2.23219106141 2.49731683579 0.397276267581 0.170759458405 2.45642338128 2.97162572601 3.12742126392 3.81096163644 3.96259956417 0.151226784959 35.4556152077 36.1491478221 0.54507905948 0.0592138700543 1.25091305332 2.81246518386 1.13971872117 0.276160630942 0.140373812834 2.92040268589 2.01982839792 0.137784649651 0.139723078037 0.617541037261 0.483794716391 0.149166333645 0.143903901174 0.161309588957 0.324239418913 0.154891507673 2.76786823306 2.9152084638 0.140091754063 -9999.0 -9999.0 -9999.0 -9999.0 0.163367184457 0.154385555356 0.0439513546016 -9999.0 -9999.0 -9999.0
-9999.0 -9999.0 -9999.0 -9999.0 -9999.0 -9999.0 -9999.0 0.270047823254 0.217624913995 0.487496090114 0.744344927727 0.240169229367 0.215390823552 1.3343156014 1.72087457243 2.11989822545 0.182690100017 0.358365747141 0.17707882662 4.12133461065 10.0937887701 10.5250304572 47.1206804994 0.139775388562 0.171926052109 0.0518972280723 2.94311939467 0.135018436301 0.418802215571 0.136607462005 3.05672550905 3.1931327346 0.27723510831 0.277643179342 1.5581556173 0.786927219692 0.294774956212 0.150554955235 0.321475560028 0.481821854421 0.780239623521 0.141719492615 3.19204285926 3.32666489359 0.127179968112 0.134317913371 0.138852408208 0.12973407317 0.125386645795 0.449858183628 0.172077719285 0.10998262299 -9999.0 -9999.0
-9999.0 -9999.0 -9999.0 -9999.0 -9999.0 -9999.0 -9999.0 -9999.0 0.498181464811 0.690487912059 0.237996448325 0.491872168347 0.711626679344 1.16109198867 0.220668531016 0.20863709696 0.17092621653 0.173012374304 0.153398991326 5.64548769255 0.181936365612 0.350356734007 47.9526974166 48.4733728666 0.144337523201 0.455863705868 3.5223483492 0.267091852885 0.541447849274 0.253834154905 0.375165225892 3.71760330863 0.40271042749 2.22944828291 1.82909617676 0.139009625883 0.732805141745 0.297445474886 0.465318577519 0.142453722878 0.918316806945 1.19081274859 1.31453106482 1.43369005715 3.81801425671 0.247640035611 0.257122195457 0.242443868773 0.233530172142 0.566548765601 0.119951690688 0.404347828678 0.515011476948 -9999.0
-9999.0 -9999.0 -9999.0 -9999.0 -9999.0 -9999.0 -9999.0 -9999.0 0.271279538988 1.22555218876 1.4540534182 0.228171620433 0.440139528361 0.211180635291 0.187823116226 0.184153781805 2.33787694161 3.0868399703 4.04182400855 5.17668136447 0.250886731941 0.174041706179 0.15484268591 49.6305587881 50.3889454265 50.5974334768 4.7427888125 1.06836373028 0.936257600547 0.119037978375 0.492929476855 4.33110471376 0.120990062009 2.3518439435 0.133573508041 0.965973157994 0.882665906688 0.144236465276 0.608405421995 0.284465100969 0.425139605262 0.127368383517 0.1127203807 1.55180564468 1.6650788179 3.93098790816 0.374803816154 0.356487895655 0.345529004651 0.690406803272 0.93163963172 0.120099327052 0.626997071722 0.119171159098
-9999.0 -9999.0 -9999.0 -9999.0 -9999.0 -9999.0 -9999.0 -9999.0 -9999.0 0.286504857399 1.70431475175 1.92614978445 0.653808158467 1.07067976032 1.44314204299 1.62829639434 0.192262371673 0.578783190625 0.384901835411 0.201877730219 0.195725279377 0.168103783939 0.322964279598 0.528061733014 0.240968223786 55.8554654681 56.0139513114 0.146053075404 0.11235762466 0.240777918598 0.360085282645 4.68753114518 0.23784982572 2.46406985227 1.46666053552 1.21568421322 0.136596133337 0.277410776307 0.739259065772 0.130393736175 0.553595943597 0.252049469711 0.154851997725 0.0311749636077 1.83928312027 5.87277893169 0.472207369862 0.454639797126 0.452070073696 0.107433937669 1.03868633517 0.105261751374 0.848195908633 0.108041441137
-9999.0 -9999.0 -9999.0 -9999.0 -9999.0 -9999.0 -9999.0 -9999.0 -9999.0 -9999.0 0.222750930957 2.37410111753 0.208724861848 0.412768716893 0.58836493913 0.935074794034 0.179723381019 0.378898286108 0.18462976066 0.170080793711 0.159248718518 0.314949131286 0.143560063622 0.147707412113 0.309457497935 0.191413430589 56.2521361361 56.5997882845 57.0401802282 0.479662235729 0.122310953902 0.243703765448 4.81305635858 4.53789015559 1.72704261239 0.12887838239 0.544796409067 0.410393431501 0.870510629956 0.260928005134 1.06374636485 0.379175608945 0.245622952123 0.0135393355212 0.0366089324307 5.97777142373 6.08642939416 7.11372436231 0.778968294319 0.21796823301 1.15255744997 1.368469028 2.31844546726 0.212447294265
-9999.0 -9999.0 -9999.0 -9999.0 -9999.0 -9999.0 -9999.0 -9999.0 -9999.0 -9999.0 -9999.0 0.184684062277 2.72478182068 0.19121465128 0.365734133295 1.64674222093 0.179584889747 0.177088364232 0.152488771423 0.333490011851 0.16830095953 0.646245289218 0.930593778285 1.06352607001 0.435084311219 0.575717573041 0.158699965985 0.166149380206 0.201111646367 57.8900852135 58.2711377466 4.91992593609 4.7590540958 4.64959985564 0.232420219894 0.113264571561 0.666855024141 1.78432765033 0.99572175463 0.385185058338 1.56979708245 0.426093856093 0.31240456156 0.0296432770614 0.0124217902068 0.0112839076237 0.0196606556437 7.25512084095 8.33349459082 0.103349002673 0.0993166645334 0.102318348224 2.41930080466 2.72422296852
-9999.0 -9999.0 -9999.0 -9999.0 -9999.0 -9999.0 -9999.0 -9999.0 -9999.0 -9999.0 -9999.0 0.126127126299 2.99345990551 3.63326251688 0.180540654967 2.00032473496 0.163137736221 0.154014029958 0.315080512801 0.81522542521 0.161650706942 0.172146687589 0.13916907705 1.34196859545 1.47503134774 2.19270136165 2.45151758831 2.55115466626 2.69336463853 2.82761738388 61.297605376 66.4589917679 71.4718723722 71.6707646001 0.113361402125 0.111836795058 2.02910776299 1.90779582357 0.1227947138 0.118972512585 1.69837622305 2.24307702549 0.0860270006048 0.759228453288 0.716423795705 0.0840873925729 0.0403475445115 0.0706762601167 0.100429782564 8.53768718079 0.102870589558 0.284040201022 0.372793103114 3.27370637347
-9999.0 -9999.0 -9999.0 -9999.0 -9999.0 -9999.0 -9999.0 -9999.0 -9999.0 -9999.0 -9999.0 0.243560135981 0.4562980772 3.8376875509 4.17823953109 0.16861252693 2.5532179343 0.142004185693 0.434540488265 0.962359692658 0.312706850756 0.150267275736 0.305304690057 0.127875353424 0.247233135794 0.123571625431 0.0974918516655 0.0561315204369 0.0427039575758 0.0264737258465 0.0182993461408 0.033369391244 0.0658698090907 0.142369070294 72.1109193047 2.52073607183 2.27962618015 0.117750619199 0.352290583198 0.0862255090847 0.0742635604387 2.35580567024 3.43736158529 0.88115346162 0.685085992986 0.0571694858334 0.0187996117465 0.0157433565989 0.086558774422 8.72848679468 8.94023082884 0.108796124247 0.108955477989 0.0453337450337
-9999.0 -9999.0 -9999.0 -9999.0 -9999.0 -9999.0 -9999.0 -9999.0 -9999.0 -9999.0 -9999.0 -9999.0 0.191606436562 2.84421282805 7.20961437446 7.76853147583 10.5121349142 10.8927663781 2.38320829259 1.58203254551 0.466164732637 0.147904021974 0.595612491751 0.732474179856 1.10553853595 0.252866201773 0.218719209629 0.179407054384 0.342213446368 0.144678557708 0.124052140809 0.0599870929805 0.0222907934968 0.0166958676555 72.2357378708 74.8587276902 75.0509399944 0.127341387693 0.999887719731 0.401660897561 0.123066938546 3.80737057304 0.261371218705 0.135403238412 0.525511379755 0.0771911162913 0.0644528886418 0.127336172523 0.210402048699 0.309215530322 9.12910511494 0.0926802688677 0.0848662245945 0.0848619287218
-9999.0 -9999.0 -9999.0 -9999.0 -9999.0 -9999.0 -9999.0 -9999.0 -9999.0 -9999.0 -9999.0 0.220516262669 2.19435295191 2.64258016275 0.389808209896 0.164607864835 0.313732934898 11.3628432346 11.6109112229 14.3551024819 0.135018484673 0.28149246772 0.124647158615 0.126786877238 1.22967963395 1.60637528317 1.93751155572 0.113744379172 0.455896016679 0.71203911909 0.402170869762 0.169991347237 0.0890529487851 0.0480310992359 0.0558275818355 0.0247275625632 75.2098503943 75.3528799889 76.5759842169 0.213752244807 0.112160731039 4.10079078646 0.28407275097 0.145307073289 0.155765783994 0.153795102063 0.139677754368 0.203898994896 0.661975583729 1.0747241357 10.2956797849 0.0792065859926 0.236876533259 0.159086879484
-9999.0 -9999.0 -9999.0 -9999.0 -9999.0 -9999.0 -9999.0 -9999.0 -9999.0 -9999.0 -9999.0 0.228124419357 1.56932876576 0.233864738553 0.189934092812 1.04227384002 1.20371044004 1.36476936175 1.51477311979 19.0340179618 19.200129602 19.5194646859 21.4196749459 21.745880798 21.9068385811 22.033597457 24.1176490145 24.3711912863 24.4833935668 25.302427141 25.8283998606 25.9389143417 26.1885689172 0.153824248521 0.094591539741 0.00852180142892 0.0116918504218 75.458785906 77.0176631099 0.32017202026 5.10288785488 4.96921834237 0.533665749423 0.127216290499 0.128213435129 0.123436851494 0.122617603375 0.245853238726 0.35460113614 0.107823556158 10.3872528527 10.4825272156 10.9653252432 11.0503466434
-9999.0 -9999.0 -9999.0 -9999.0 -9999.0 -9999.0 -9999.0 -9999.0 -9999.0 -9999.0 -9999.0 0.831845997687 1.09183746563 0.477623523378 0.692969275375 0.209739839593 2.40642523768 2.57743538264 2.91614189841 3.01502998236 1.06033293952 20.7813296106 20.8869420705 0.0686755726113 0.0337724161738 0.0249589678631 0.0646463499649 0.0309882149068 0.022195318225 0.0230694414931 0.0273890397296 25.9943510379 26.2565570976 26.5569544886 26.7843299417 26.8500373786 0.0164148515104 0.0101408147511 82.4687219403 5.33584818549 5.24158331385 0.116784234092 0.110533081852 0.107247721449 0.236881316922 0.232703550432 0.105471523009 0.105780501597 0.104421451143 0.211472741828 0.294367648794 0.0747393544136 0.137771476724 0.0387569398261
-9999.0 -9999.0 -9999.0 -9999.0 -9999.0 -9999.0 -9999.0 -9999.0 -9999.0 -9999.0 -9999.0 -9999.0 0.567189370295 0.253232614049 0.21879500724 2.0625573134 2.24425525736 0.179493978731 0.694523451737 0.844992711176 0.947558372277 0.132108728628 0.0832359340358 2.77057638677 2.83400340479 2.88416779761 8.29296898568 8.31647612085 8.35437404259 8.75999911301 8.87682091977 8.89358881542 0.0270888958909 0.0288203748257 0.0291822543137 27.045386053 0.041738155372 83.4756558165 83.2976412908 0.753198131416 0.660781106215 0.446983314684 0.11190116223 0.212500262099 0.34455930883 0.341383036658 0.207962671813 0.101833237437 0.204073633857 0.20856620765 0.389316613045 0.0508723775128 0.179719658629 0.292098227757
