data/baseflow/History/mHMbfrc599
ncols                  80
nrows                 72
xllcorner      4374000.0
yllcorner      5656000.0
cellsize            500
NODATA_value       -9999
[rows 24 to 47 of 72, columns 0 to 53 of 80]
-9999.0 -9999.0 -9999.0 -9999.0 -9999.0 -9999.0 -9999.0 -9999.0 -9999.0 -9999.0 -9999.0 -9999.0 1.12604428987 3.0431939029 3.94393782022 6.64482658507 0.733935978852 1.50072798646 2.18513247988 8.76999516696 9.35483158511 9.91113263362 10.3811838019 10.8899988956 15.9888683084 17.369843165 18.2398933785 0.366275936118 1.92856603189 2.25860386956 34.6062432232 35.7818703918 36.3759131236 37.0020806552 37.3758269481 142.535650039 0.17643306323 272.78923207 0.233183306131 0.1269997907 1.62839236787 1.39716386939 0.203048013896 0.686982047813 1.093691623 1.05705673262 0.696700988014 1.13621659729 1.78452397987 0.665811609969 1.62373925911 0.134090296785 0.212725260439 0.0337922295825
-9999.0 -9999.0 -9999.0 -9999.0 -9999.0 -9999.0 -9999.0 -9999.0 -9999.0 -9999.0 -9999.0 -9999.0 1.02735356574 2.02783890316 0.919103425335 1.8255200575 0.743810645101 6.03572175322 7.40828784679 8.1217813492 0.626132942877 1.22838670601 12.3338464948 15.0919663108 15.5605808537 0.915264952118 0.950839849981 1.39503020725 0.272434381265 0.23749943232 0.432533513123 0.163755446069 18.3400875046 18.5113648771 18.6573213813 142.734556523 273.838336488 272.876967785 0.186372700279 0.108521251537 0.0968063822473 0.425278682054 0.346836932949 0.88814571943 1.29049930313 2.56572334561 0.21526911841 0.212644770593 1.96641759409 2.16100547923 4.09151872058 4.17225255971 4.41994447455 4.48136129292
-9999.0 -9999.0 -9999.0 -9999.0 -9999.0 -9999.0 -9999.0 -9999.0 -9999.0 -9999.0 -9999.0 -9999.0 -9999.0 0.947617688219 1.89935003617 2.8643015876 4.45425219492 0.839326061333 0.71577525608 5.16453545293 5.78712518489 11.1784524169 11.8283599647 1.77380658436 0.532306021382 0.433703100253 0.373426961885 17.086410869 17.3376701072 17.6094177193 17.8196749157 18.1728264487 2.40257927924 2.49237926123 21.2332526505 437.87889223 0.729019440065 0.56053130413 0.286432742188 0.0806840651364 0.0712939199656 0.599179159902 0.644286770441 1.01637631235 0.0669600971776 2.66113329531 0.352496091397 0.344603050712 0.0605969064057 0.0343180831951 0.0275060926917 0.023866305261 0.0275054033947 4.50943057709
-9999.0 -9999.0 -9999.0 -9999.0 -9999.0 -9999.0 -9999.0 -9999.0 -9999.0 -9999.0 -9999.0 -9999.0 -9999.0 -9999.0 0.893465186513 1.67960725353 2.3540335392 3.02328422808 3.73961725365 4.48699407529 2.09639850754 3.49877998128 0.635839702379 0.58794932426 14.8098883435 15.8604399686 16.3056078394 16.7878486565 0.301019330163 0.534440486398 1.51757846003 1.95215938928 2.21603522978 0.131761342507 0.0720138357899 438.221365788 0.140603703048 0.202057600712 0.121635045556 0.337183610639 0.14606542042 0.0831613516846 1.72090465834 1.76830014387 0.0306236111793 2.69664944652 3.10803770805 0.468156971026 63.0290278072 62.911103971 62.8376169972 62.7179201849 62.6746637484 61.7759136299
-9999.0 -9999.0 -9999.0 -9999.0 -9999.0 -9999.0 -9999.0 -9999.0 -9999.0 -9999.0 -9999.0 -9999.0 -9999.0 -9999.0 0.207769684763 0.457108257506 0.686896303695 6.86711991778 7.60321628002 0.755438808026 0.701568927332 0.699557566584 12.4663916293 13.7611184759 0.602885603976 0.609483817248 0.400868554274 1.77451992566 2.19858001141 0.961051275003 1.27956450935 11.1764080715 11.4515057707 11.8496019637 18.3198087129 456.653641835 0.164685042962 0.0853299875542 0.514409027731 0.411812966744 0.0503318231472 0.190621812789 0.242892552282 1.82164502605 1.86150925105 5.04686021213 3.12317322707 0.497259246363 64.0108726171 0.290490828189 62.7817619777 62.7522558463 0.852956368747 0.0262476022123
-9999.0 -9999.0 -9999.0 -9999.0 -9999.0 -9999.0 -9999.0 -9999.0 -9999.0 -9999.0 -9999.0 -9999.0 -9999.0 -9999.0 1.04279194831 1.70952691066 3.46541081355 6.12052225443 8.23467936069 9.81607879223 10.508937176 11.2223496674 11.8877448322 0.625999055415 0.522708640224 1.01718499772 0.872348474301 0.489819232414 9.89557795683 10.3000352617 10.6511318423 10.9830395123 5.76220358908 6.07697284507 6.36435480326 456.750659339 0.299454406018 0.340624610892 0.935341137054 0.0819192694611 0.113743171952 0.06298031136 0.0474199001315 0.292526355267 0.0301978527342 0.0321147402626 69.2405245593 64.1726480279 64.140984979 0.14309583577 0.266807703088 0.167247742274 0.0317693063563 0.780129394944
-9999.0 -9999.0 -9999.0 -9999.0 -9999.0 -9999.0 -9999.0 -9999.0 -9999.0 -9999.0 -9999.0 -9999.0 -9999.0 -9999.0 0.726077461279 0.691590497855 1.36168243366 2.03938264517 0.860623736341 0.957301760998 1.6932022505 2.40470311812 3.70009381947 4.33241885647 4.83286206907 6.38659876629 6.80980236245 7.32630659067 0.475521097851 4.52509070235 4.86014455337 5.20858004579 0.297339307057 0.236769092712 0.352101806763 463.547977824 463.633693646 464.120522641 1.18308052234 0.179402444483 0.214172689121 0.0645847612259 0.0815844683061 0.329528943583 0.387586912998 0.0564314116173 69.3824090071 0.0457442871243 0.0722444236461 0.081398270013 0.0565478042755 0.109120830733 0.0425339451866 0.55850604355
-9999.0 -9999.0 -9999.0 -9999.0 -9999.0 -9999.0 -9999.0 -9999.0 -9999.0 -9999.0 -9999.0 -9999.0 -9999.0 -9999.0 -9999.0 0.664125941928 1.29596854213 0.616635836734 1.2789079774 7.73888384912 8.35632688081 9.02352241552 0.639579967548 0.639818168429 1.13698812317 1.66895547742 2.46659063366 2.91674273677 3.25194922573 3.66214856055 0.287905421945 0.277388983708 5.84682360212 6.12421927728 6.2338305082 6.34467086138 4.85041538867 469.401105251 471.180872553 471.241295831 471.493521093 471.761334519 471.855395613 0.0234408744747 0.412951482549 69.4016205755 0.0423986192066 0.0218668456873 0.0330232111351 0.0383749808605 0.0644039931728 0.0575042989024 0.0351309501824 0.0650736495499
-9999.0 -9999.0 -9999.0 -9999.0 -9999.0 -9999.0 -9999.0 -9999.0 -9999.0 -9999.0 -9999.0 -9999.0 -9999.0 -9999.0 -9999.0 -9999.0 1.91817303871 2.53607571934 4.41893606279 5.80751910001 0.709342630954 10.5127183536 11.1297457693 11.6947307447 0.522920763711 1.01234675125 0.384985478184 3.26798815642 3.53577286192 3.98229700787 4.45864839257 5.35165710633 5.58544351282 0.138337612192 4.42803803 4.64280782964 4.7529232803 5.188653614 0.515381191056 0.302530123635 0.164248977663 0.144528545502 472.014105296 472.035384105 472.598019277 69.4166566967 0.142725259647 0.0857471673364 0.0571366119235 0.0182714498249 0.189047676369 0.0999813470062 0.0304534418003 0.181732314716
-9999.0 -9999.0 -9999.0 -9999.0 -9999.0 -9999.0 -9999.0 -9999.0 -9999.0 -9999.0 -9999.0 -9999.0 -9999.0 -9999.0 -9999.0 -9999.0 0.649945305074 3.17689128976 3.84010697441 0.752426157952 0.707665309569 1.46676977692 2.12294410915 14.4115039394 0.514824518639 2.08037829926 2.49376560882 2.89724932313 0.308862458243 0.679348820408 0.878050914888 3.49013841016 3.93401679362 4.06002389414 0.1266167851 0.0992756172876 0.116317067468 0.221072214329 0.102616461231 0.10251287818 0.0680552057576 0.0924623215237 0.0383148231256 0.1399289113 472.625749393 542.113948172 0.232936378022 0.0656688594824 0.022740228216 0.607748607516 0.56662863489 0.344701745235 0.310722076306 0.232432621706
-9999.0 -9999.0 -9999.0 -9999.0 -9999.0 -9999.0 -9999.0 -9999.0 -9999.0 -9999.0 -9999.0 -9999.0 -9999.0 -9999.0 -9999.0 0.57266798483 1.79616428718 0.581121452226 0.793379532178 0.813087285476 1.53514512742 2.24329820464 2.82086367106 17.7377676655 18.2163081746 0.501081530097 0.916544062371 1.34301965828 1.62212685615 1.95943390668 3.11785759649 3.35659412321 0.290850137044 0.15226507357 0.0573418390501 0.0432362437593 0.117326566728 0.12423153373 0.149419412634 0.182219067406 0.324096015156 0.132686778977 0.0409412857408 0.0400439690062 0.0302901337615 0.0546156527321 544.702039499 2.32932887917 0.767402476748 0.104401399488 0.0543087717883 0.025444889122 0.0815150247273 0.0527515029564
-9999.0 -9999.0 -9999.0 -9999.0 -9999.0 -9999.0 -9999.0 -9999.0 -9999.0 -9999.0 -9999.0 -9999.0 -9999.0 -9999.0 0.605122178846 1.16471175231 4.09093048023 0.547872328784 1.46594371856 2.24459124835 2.9349253544 0.729951719331 1.32272515439 1.87852642052 20.5389579856 0.454926574373 0.825739993157 1.22174831865 0.359512852487 0.711744054646 0.962722300502 1.1714270338 33.7470753508 34.0781531172 34.357479808 35.50384678 35.7024388232 36.3290673996 0.283290285342 0.603393835851 0.393574866247 38.2291761249 38.2959460951 0.0352585007488 0.0541217429639 0.0721491055926 544.719546107 2.230871685 1.19900999483 1.11885323075 0.74728701358 0.611713276161 0.106750469348 0.027009884874
-9999.0 -9999.0 -9999.0 -9999.0 -9999.0 -9999.0 -9999.0 -9999.0 -9999.0 -9999.0 -9999.0 -9999.0 -9999.0 -9999.0 0.618926954977 1.87172065296 6.57322501073 9.74377229375 0.478662687483 12.6046920616 16.0661586332 0.660302931292 1.24021514328 1.80523505756 25.5886636212 25.9845970159 0.289239468279 1.81396484108 2.08406268967 2.37684847431 31.4709688986 32.112336024 32.4186060743 0.139307855166 0.806762938301 0.953392860487 0.30683811506 0.418258619021 36.9147106427 37.6762013981 37.7459615097 37.8083713429 38.3504287823 0.026574314817 0.022629381345 0.11278326865 544.745233281 0.173015142455 0.175637375742 0.311293320314 0.081501601258 0.535757479092 0.414122210156 0.254713700387
-9999.0 -9999.0 -9999.0 -9999.0 -9999.0 -9999.0 -9999.0 -9999.0 -9999.0 -9999.0 -9999.0 -9999.0 -9999.0 -9999.0 -9999.0 -9999.0 1.302923858 2.61719879518 11.4889174785 12.106300055 16.5989725121 17.1384171616 0.633087696657 1.26655218185 2.82329406878 26.3743002336 27.0505890744 27.2745174896 0.1619910082 28.14199967 28.8339575679 0.407058542092 0.142329370543 0.264494995854 0.508229702056 0.1206772343 0.222636368615 0.445342874616 0.534311395321 0.103830638152 0.0581455781085 0.107610643515 38.8796844075 39.0316807057 39.0494436253 39.2322043116 544.763521341 0.148894017605 0.134226507779 0.0537024501782 0.0522360281596 0.0540551347 0.0450701819385 0.0829762908659
-9999.0 -9999.0 -9999.0 -9999.0 -9999.0 -9999.0 -9999.0 -9999.0 -9999.0 -9999.0 -9999.0 -9999.0 -9999.0 -9999.0 -9999.0 -9999.0 0.68132055946 0.663814575758 0.634976264286 1.21343978538 0.512831877159 18.1673685586 18.645353956 0.551584255091 1.08375366258 0.46487064138 0.321480565642 0.303383191698 27.7953891392 0.239079204017 0.49560928083 0.211263499853 0.14818442275 0.123879226131 0.0836409751676 0.089197687157 0.276156861873 0.385464181522 0.0654709201949 0.0547034655504 0.123324144123 0.21764378099 0.298245674067 0.0904804510919 39.0973576991 39.2513717584 544.775996164 0.431792877321 0.210689199402 0.0294106975982 0.0754722213801 0.0238699773592 0.0178821510344 0.102799075652
-9999.0 -9999.0 -9999.0 -9999.0 -9999.0 -9999.0 -9999.0 -9999.0 -9999.0 -9999.0 -9999.0 -9999.0 -9999.0 -9999.0 -9999.0 -9999.0 -9999.0 -9999.0 0.651590146319 1.79643720157 2.28662739948 2.78991442446 19.1361690525 19.6316934967 20.0873719792 20.5350469238 20.8236680664 21.4432440647 21.6489287282 21.8717913844 22.0217416401 0.121106753003 0.107674189277 0.117737472965 0.388264011783 0.106277813221 0.0980899845221 0.0674069908533 0.193868818677 0.0830173345109 0.0573790483435 0.0515531178251 0.041370130627 0.0825034328651 0.119072756336 39.4920706221 584.709185482 0.069179975512 0.102033243101 0.0226935202688 0.142018168725 0.17329663135 0.0359660356505 0.382056975741
-9999.0 -9999.0 -9999.0 -9999.0 -9999.0 -9999.0 -9999.0 -9999.0 -9999.0 -9999.0 -9999.0 -9999.0 -9999.0 -9999.0 -9999.0 -9999.0 -9999.0 -9999.0 -9999.0 0.531900725483 4.27564244594 8.2089827041 8.70427506343 0.643228157776 1.19104776797 1.72647564418 2.08848385312 4.81999066741 4.95970001776 0.132513421625 0.126596615444 22.3486070031 22.575602802 22.6684318673 0.448796025826 0.0489387162472 0.141230613197 0.205463999687 0.626848422759 0.779638135223 0.88839211497 0.096376528383 0.131959681315 0.045027889231 0.0893602865153 0.0470282291702 584.772166098 0.0478920924466 0.206806456503 0.0529622681375 0.209530045824 0.728165655307 0.789632750803 1.20254904529
-9999.0 -9999.0 -9999.0 -9999.0 -9999.0 -9999.0 -9999.0 -9999.0 -9999.0 -9999.0 -9999.0 -9999.0 -9999.0 -9999.0 -9999.0 -9999.0 -9999.0 -9999.0 0.601161000161 1.92846698516 3.758532857 4.89319527863 12.1729513319 12.7331300807 1.13960332477 1.68515872418 2.09836387769 2.45499980911 5.13748550263 5.42093676252 9.60782440072 9.9120488675 10.0732159807 22.755051843 23.3948085522 0.129610419449 0.0998466114312 0.0909594061924 0.169195628536 0.0753759164945 1.03847758775 1.08966508508 0.174221674405 0.249067436766 0.085846882757 122.929191379 123.029306055 707.826457723 708.080676092 0.0658039845873 0.346337296987 0.1923813962 0.101106413479 1.36613104342
-9999.0 -9999.0 -9999.0 -9999.0 -9999.0 -9999.0 -9999.0 -9999.0 -9999.0 -9999.0 -9999.0 -9999.0 -9999.0 -9999.0 -9999.0 -9999.0 -9999.0 -9999.0 -9999.0 0.694195377873 0.669488488734 1.25388347167 2.95360072882 13.2622207238 0.590248807027 0.581781940887 0.974059690264 1.40234693417 3.41775715658 3.69687021306 0.228343671744 0.197356622187 10.2221197901 10.3211274736 33.8710811289 33.9820333829 0.0387970385974 0.0325835984065 0.0260813196794 0.0263910673254 0.0328434722434 121.859501813 122.20078516 122.492781067 122.641020978 122.867555821 0.0571344982212 0.204201792213 0.229904531043 708.374368342 708.385111577 708.386162997 708.404187469 708.445676179
-9999.0 -9999.0 -9999.0 -9999.0 -9999.0 -9999.0 -9999.0 -9999.0 -9999.0 -9999.0 -9999.0 -9999.0 -9999.0 -9999.0 -9999.0 -9999.0 -9999.0 -9999.0 -9999.0 -9999.0 0.605097783096 0.637858496086 1.17075617414 15.5336516485 16.0186856571 0.565987674188 0.961589866199 1.40589058636 1.78504444333 0.330044066701 0.556687548378 32.6845829891 32.7942911509 32.9780735293 33.8891093748 67.948961805 119.784762944 119.895960234 119.992373505 120.084116314 120.558685893 120.720830088 0.30064161642 0.127012792868 0.0828787126106 0.15182870225 0.101611205418 0.164615014772 0.0494075510145 1.20286422697 1.44931406894 1.639941593 1.65015098497 708.441837202
-9999.0 -9999.0 -9999.0 -9999.0 -9999.0 -9999.0 -9999.0 -9999.0 -9999.0 -9999.0 -9999.0 -9999.0 -9999.0 -9999.0 -9999.0 -9999.0 -9999.0 -9999.0 -9999.0 -9999.0 -9999.0 0.616791112 1.174165671 1.73543146462 16.4673412835 0.426875281683 21.9455536316 22.4047775 22.7319336124 23.0000717283 31.6538146938 31.9148157454 0.110202983936 0.696700745143 0.823559982175 0.120147668199 51.733167211 51.5195212046 0.0547291901728 0.137036280842 0.392023253789 0.0924176489559 0.101302032026 0.0648856332776 0.0525318670758 0.0377629815583 0.0473159792323 1.05037861848 1.10152162684 1.16955047196 0.220517702277 0.164877397201 1.7231982202 1.7407911258
-9999.0 -9999.0 -9999.0 -9999.0 -9999.0 -9999.0 -9999.0 -9999.0 -9999.0 -9999.0 -9999.0 -9999.0 -9999.0 -9999.0 -9999.0 -9999.0 -9999.0 -9999.0 -9999.0 -9999.0 -9999.0 0.556056538994 0.515875509167 2.6863009734 20.1806747759 21.1137588056 21.5593012502 0.40494714794 7.73872125038 8.09236612287 8.27318282107 0.234015020548 0.373562078277 0.482159269929 11.9960709474 12.0807723103 12.1504117672 51.4006872454 31.9352521348 0.0776251887004 0.087702123091 0.0822131584072 0.0581697829418 0.644876755946 0.770861975438 0.877257172772 0.939167494147 0.997825446188 9.74925469343 9.79342017329 9.86982981761 10.0202683985 10.4778128505 10.4889318924
-9999.0 -9999.0 -9999.0 -9999.0 -9999.0 -9999.0 -9999.0 -9999.0 -9999.0 -9999.0 -9999.0 -9999.0 -9999.0 -9999.0 -9999.0 -9999.0 -9999.0 -9999.0 -9999.0 -9999.0 -9999.0 -9999.0 1.08330490283 1.65517051664 0.533195009874 0.576533924185 6.38616417039 6.80482697691 7.05707158668 2.4190844085 2.66161462261 2.90595975668 3.04018206746 11.7946449951 11.934160865 7.07146124591 19.3165362788 19.400788746 31.8789848043 0.170324973438 0.0892830002645 0.0529956744704 0.451031887352 0.531097343106 0.0408422369721 0.037367548023 9.56171150427 9.6647847866 9.71428957782 0.0660253295468 0.105261913747 10.4295502574 0.0209369270373 0.0878864092204
-9999.0 -9999.0 -9999.0 -9999.0 -9999.0 -9999.0 -9999.0 -9999.0 -9999.0 -9999.0 -9999.0 -9999.0 -9999.0 -9999.0 -9999.0 -9999.0 -9999.0 -9999.0 -9999.0 -9999.0 -9999.0 -9999.0 0.542260026505 1.07061510106 4.35539444099 4.8916437431 5.36489132288 1.86586446335 2.1667709872 0.276653442681 8.2058347496 8.43266341533 8.62877255935 0.149437201075 6.82208095142 6.97061237609 0.0938609074633 31.4274301878 0.20392383083 0.10272994054 0.250485618753 0.340204636123 0.0598647250591 0.0448443652294 9.01987520695 9.472208933 9.53458586966 0.0672899958611 0.133994986584 0.166124167758 0.197099738104 0.364995792305 0.0326109045694 0.0731914417529
