data/baseflow/History/mHMbfrc408
ncols                  80
nrows                 72
xllcorner      4374000.0
yllcorner      5656000.0
cellsize            500
NODATA_value       -9999
[rows 24 to 47 of 72, columns 0 to 54 of 80]
-9999.0 -9999.0 -9999.0 -9999.0 -9999.0 -9999.0 -9999.0 -9999.0 -9999.0 -9999.0 -9999.0 -9999.0 1.17687699803 3.27399630226 4.26692721359 7.28911386223 0.875694363131 1.77985509149 2.62854018609 10.2616701445 11.0500520457 11.8754461067 12.6012023287 13.3644578311 20.2402931401 22.4304562827 23.8053729234 0.677078424724 3.17837030985 3.85766269014 47.7737040902 50.5650321879 51.8232303005 53.0917922444 54.0635736934 190.995361216 0.30850527939 369.039011147 0.770758526484 0.410195952921 3.26274991818 2.73851062636 0.48395543525 1.4822660928 2.17625981147 2.13001908681 1.51157628912 2.48977873245 3.93333554989 1.48504849098 3.69228644849 0.391354653982 0.69263979663 0.167763931676 0.137301444301
-9999.0 -9999.0 -9999.0 -9999.0 -9999.0 -9999.0 -9999.0 -9999.0 -9999.0 -9999.0 -9999.0 -9999.0 1.10643767372 2.18823918305 1.01349229456 2.03149055881 0.899521114741 6.85395948051 8.56400671604 9.43799472495 0.806763992596 1.59902553373 15.1343241878 18.8696552572 19.594559716 1.49657411817 1.33261836799 1.99446894682 0.599854185694 0.548959203118 1.02932928925 0.395397681253 23.9766334986 24.403873949 24.6652302853 191.432270333 371.960928196 369.404141786 0.681211520355 0.340909400875 0.310981872167 1.18355683292 0.901008621072 1.99571183737 2.65358330671 5.27468110007 0.487522600195 0.486245414876 4.38418904269 4.85171325513 9.3494009313 9.611105704 10.4837691237 10.8068571934 0.279738333676
-9999.0 -9999.0 -9999.0 -9999.0 -9999.0 -9999.0 -9999.0 -9999.0 -9999.0 -9999.0 -9999.0 -9999.0 -9999.0 1.06365812497 2.10376268863 3.14336408448 5.00693421232 0.957353988309 0.873797140924 6.01285954656 6.82104054018 13.5711808269 14.3886406521 2.33250942697 0.760109566377 0.715603392207 0.65813888604 21.0872202732 21.6176756799 22.2075563482 22.7115784251 23.5646057817 4.36922757741 4.64866729647 29.5418287817 593.166173296 2.13354218631 1.71857196811 0.982243135259 0.255833165031 0.248836505524 1.78552285398 2.00118695757 2.4910968017 0.248743251562 5.58030921933 0.875652035766 0.868183620218 0.225177883305 0.165656327916 0.152535666901 0.121826428414 0.152355415157 11.0422669057 142.112917486
-9999.0 -9999.0 -9999.0 -9999.0 -9999.0 -9999.0 -9999.0 -9999.0 -9999.0 -9999.0 -9999.0 -9999.0 -9999.0 -9999.0 1.0084128537 1.85040093701 2.63008967025 3.41988920739 4.27873675966 5.16169798064 2.59307425628 4.31704958535 0.81677130927 0.779438871659 17.6216355995 19.1088773674 19.7896792209 20.5185052533 0.576519050972 1.07437240745 2.81035422324 3.43796403396 3.9612338054 0.336520960815 0.267375342951 594.174548557 0.398850021659 0.453018023595 0.21787362783 1.05818137826 0.52706785335 0.214139246767 4.71808244061 4.89649761472 0.146124550896 5.73522655448 6.78480563095 1.09788111867 148.809496436 148.425795912 148.077905704 147.452619102 147.222169966 143.367731986 143.185150051
-9999.0 -9999.0 -9999.0 -9999.0 -9999.0 -9999.0 -9999.0 -9999.0 -9999.0 -9999.0 -9999.0 -9999.0 -9999.0 -9999.0 0.231676357767 0.517855594626 0.782909736968 7.7819937989 8.6767619924 0.901261413792 0.871781810806 0.867542415642 14.4888734875 16.1427547862 0.796928628296 0.809205851771 0.659991577735 2.74307939867 3.4149766167 1.75922453489 2.32589301352 15.9264644528 16.4750636556 17.2407783525 27.5128872959 621.944029059 0.365294625124 0.178734428365 1.58342098133 1.32944586265 0.190403336707 0.595561669546 0.765405556493 5.08243023389 5.24066352117 12.5044580169 6.97612671984 1.35132913872 152.163772605 1.25570694769 147.766181811 147.616192464 3.60353232254 0.234544990696 0.901188550957
-9999.0 -9999.0 -9999.0 -9999.0 -9999.0 -9999.0 -9999.0 -9999.0 -9999.0 -9999.0 -9999.0 -9999.0 -9999.0 -9999.0 1.16183632257 1.91617410832 3.92239643478 6.94293846914 9.44601786314 11.1396874743 11.992788712 12.8689521123 13.7106785209 0.817780200899 0.743004353264 1.46452536992 1.36020978243 0.720908424099 13.6971018646 14.3547489139 14.9614591161 15.5491956492 9.06185251802 9.51374236587 9.95435912962 622.15867378 0.649830835463 0.404551422416 2.19035229319 0.268810513876 0.349239166601 0.186818604241 0.157596010765 0.925861357421 0.131372913985 0.139655461532 165.368063933 152.752085673 152.609491504 0.473763408693 1.09323015917 0.704971856058 0.166370459433 3.20031624395 0.931948591703
-9999.0 -9999.0 -9999.0 -9999.0 -9999.0 -9999.0 -9999.0 -9999.0 -9999.0 -9999.0 -9999.0 -9999.0 -9999.0 -9999.0 0.804953826 0.772246391246 1.51696180372 2.27835865045 0.876253318076 0.996939178641 1.89763874098 2.78863908493 4.48104873523 5.31084920747 6.02936743005 8.24165575062 8.90659029934 9.6473099641 0.657874364548 6.69226491186 7.28793880808 7.91517986252 0.606619007281 0.518358934755 0.844697643242 633.218889564 633.421590043 634.434537672 2.9483318842 0.550064030011 0.565240254681 0.139839727382 0.276835173553 1.05114628313 1.29270035124 0.251900764302 165.968130422 0.184833373051 0.246041668811 0.26456059805 0.21209271351 0.398307817501 0.16982015292 2.08533799368 1.69749072127
-9999.0 -9999.0 -9999.0 -9999.0 -9999.0 -9999.0 -9999.0 -9999.0 -9999.0 -9999.0 -9999.0 -9999.0 -9999.0 -9999.0 -9999.0 0.749315215491 1.47538094293 0.699949032473 1.42806124066 8.89744127956 9.67715425302 10.5437321285 0.836374372018 0.837028185763 1.55684299812 2.3071258541 3.60648923254 4.28978952065 4.75606978376 5.38954126074 0.557070928934 0.553958972782 9.0255896775 9.50904396564 9.76662874339 9.99842004743 8.45016854683 643.869265379 648.168513128 648.394064058 649.167585032 649.990418409 650.388933822 0.116410817483 1.40178026656 166.082862863 0.24982543922 0.127336819005 0.167252674203 0.166218823245 0.282302535282 0.244004271957 0.138678845678 0.197959220095 0.194041926837
-9999.0 -9999.0 -9999.0 -9999.0 -9999.0 -9999.0 -9999.0 -9999.0 -9999.0 -9999.0 -9999.0 -9999.0 -9999.0 -9999.0 -9999.0 -9999.0 2.19339159097 2.93856399177 5.13637533589 6.71562268283 0.808705712736 12.2842535113 13.0995286519 13.8811227408 0.741303418122 1.4597660063 0.633967534323 4.87276286545 5.31179988836 5.91634923858 6.49630047541 8.10200498615 8.47390100115 0.226569439317 7.5642860195 8.02110721265 8.23336877264 9.22560606234 1.14677344147 0.682006384121 0.398978681034 0.396595122759 650.779928771 650.929152561 653.194590217 166.186946621 0.743693155227 0.399742007279 0.273712092872 0.0862942485917 0.785780587901 0.395955991046 0.122768387025 0.663501401144 0.557946176783
-9999.0 -9999.0 -9999.0 -9999.0 -9999.0 -9999.0 -9999.0 -9999.0 -9999.0 -9999.0 -9999.0 -9999.0 -9999.0 -9999.0 -9999.0 -9999.0 0.778991894722 3.68466681453 4.44228986465 0.8480613128 0.891936237234 1.80991253487 2.65576794352 17.3169440413 0.734367708005 2.95463626956 3.60583627375 4.25249734784 0.45434798127 1.03168002174 1.4924412687 5.87801503999 6.71333776292 6.89820599624 0.218367107326 0.235254556229 0.304717873636 0.558833870384 0.254947366383 0.275159824618 0.344817236726 0.367172025787 0.346018737806 0.751575546825 653.357113248 819.948227024 0.898088271772 0.210899290974 0.0869288989778 2.34675676191 2.15791679716 1.24359865284 1.11271653593 0.830722075742 0.187922278208
-9999.0 -9999.0 -9999.0 -9999.0 -9999.0 -9999.0 -9999.0 -9999.0 -9999.0 -9999.0 -9999.0 -9999.0 -9999.0 -9999.0 -9999.0 0.691959655255 2.18845367946 0.718653413908 0.904695494398 0.960341580451 1.85104902917 2.72668022149 3.46098059323 21.4573638593 22.1566183902 0.71955683136 1.36517766696 2.01632053565 2.56684100589 3.16125580319 5.25018511819 5.64317544356 0.581781684147 0.381511705018 0.355058347536 0.303167094121 0.340708269678 0.374443626997 0.348940316816 0.52478085301 1.18287782746 0.580950277602 0.190110788951 0.189619544958 0.140929967922 0.26417858965 828.323116733 7.24820928035 2.89963693615 0.33281474253 0.166647062593 0.106142164629 0.329432212729 0.212620219013 0.106557896384
-9999.0 -9999.0 -9999.0 -9999.0 -9999.0 -9999.0 -9999.0 -9999.0 -9999.0 -9999.0 -9999.0 -9999.0 -9999.0 -9999.0 0.735380337752 1.40483813849 5.01652341406 0.719716763524 1.73049216523 2.67199624649 3.54983426933 0.89312911669 1.67122180847 2.37442032409 25.1663714155 0.683580356255 1.29577085875 1.93110338321 0.608307680015 1.212457103 1.78687178376 2.16351317352 46.5860875128 47.2444402913 47.8332146578 49.9340814581 50.9769742856 52.715675401 0.473902346684 1.19248024752 1.410898499 57.7628709833 58.0863416963 0.176153497495 0.281493866835 0.384346331429 828.517077154 6.80721608438 3.48089645369 3.28344825264 2.52891382332 2.15063327252 0.432820671185 0.110448472858 0.196168317331
-9999.0 -9999.0 -9999.0 -9999.0 -9999.0 -9999.0 -9999.0 -9999.0 -9999.0 -9999.0 -9999.0 -9999.0 -9999.0 -9999.0 0.733438720595 2.22879533891 7.97291727882 11.8280290126 0.670705406604 15.5687512832 19.8188111027 0.835321950786 1.60003420227 2.30543522771 31.7705775091 32.3649056027 0.516803543198 2.98904684796 3.4975848884 4.02073719134 42.1082025092 43.4229444946 44.036978567 0.280604776667 1.5472879984 1.83114980743 0.728471307365 1.00261414705 54.1699349042 55.8079864166 56.01947797 56.2185610154 58.3348954792 0.121814434492 0.109668431236 0.591471238284 828.68652153 0.21168927325 0.192009626805 0.582006884432 0.21867560418 1.88886731961 1.48521057816 0.886561147336 0.607527391323
-9999.0 -9999.0 -9999.0 -9999.0 -9999.0 -9999.0 -9999.0 -9999.0 -9999.0 -9999.0 -9999.0 -9999.0 -9999.0 -9999.0 -9999.0 -9999.0 1.55579296348 3.14533663572 14.0669121279 14.8527840633 20.52069535 21.2363443985 0.806785294453 1.61099032203 3.69312720346 32.9950922023 34.0967311721 34.531035516 0.348901682381 36.1608352787 37.5486372313 0.825386240171 0.28464690684 0.533496867148 1.03932634673 0.253068973254 0.492064865239 1.03481087063 1.27453514682 0.2603826777 0.182091935873 0.352452123433 59.7507634789 60.2251878848 60.3215687813 61.1839005007 828.833456553 0.18569731291 0.141839109465 0.169816719623 0.166192862735 0.169961655322 0.150132419785 0.282758377701 0.114311115772
-9999.0 -9999.0 -9999.0 -9999.0 -9999.0 -9999.0 -9999.0 -9999.0 -9999.0 -9999.0 -9999.0 -9999.0 -9999.0 -9999.0 -9999.0 -9999.0 0.814823908895 0.802551770374 0.78971051084 1.57101554978 0.7012338413 22.6288481226 23.2874073682 0.714959554587 1.43082138034 0.687357790175 0.529468663928 0.509558498774 35.4597868372 0.486355950859 0.993358417671 0.394027463657 0.281555190993 0.253831285244 0.195823008297 0.203659907225 0.615687226125 0.842634751673 0.169153186814 0.159476370973 0.341395803834 0.563350436807 0.816781958585 0.264458624196 60.4804828863 61.2799576691 828.954985596 0.780915570301 0.398831560067 0.104559317653 0.251228497798 0.0870749622368 0.0667634762082 0.35650997939 0.522249898841
-9999.0 -9999.0 -9999.0 -9999.0 -9999.0 -9999.0 -9999.0 -9999.0 -9999.0 -9999.0 -9999.0 -9999.0 -9999.0 -9999.0 -9999.0 -9999.0 -9999.0 -9999.0 0.79294926977 2.30892432843 2.97489985196 3.65930295904 23.9452952784 24.5855246253 25.2176743688 25.8620841146 26.3539865782 27.3839643485 27.8097207025 28.2772852145 28.6045338389 0.252715181931 0.230681496314 0.243823948796 0.857669790853 0.226613243114 0.212316013397 0.168493053298 0.494353082324 0.206407358378 0.162333425299 0.151157503709 0.140326936955 0.280072178856 0.393860477858 62.0448939844 891.890602348 0.193421466374 0.340015788318 0.087185570938 0.341487279223 0.181344923156 0.134383665902 1.28782542763 0.86068014543
-9999.0 -9999.0 -9999.0 -9999.0 -9999.0 -9999.0 -9999.0 -9999.0 -9999.0 -9999.0 -9999.0 -9999.0 -9999.0 -9999.0 -9999.0 -9999.0 -9999.0 -9999.0 -9999.0 0.69015919875 5.27282206619 10.3798714454 11.0807153997 0.764011251596 1.46764912039 2.18658504942 2.78146353339 6.69406823173 6.97382078806 0.267343153662 0.254722764405 29.1094640864 29.5503145976 29.7518107145 1.01161671807 0.142684309168 0.344211676979 0.506131566585 1.53782993663 1.91367130061 2.21799386631 0.280015473817 0.387459695511 0.12841726635 0.254027693461 0.130597593557 892.119646196 0.160874973961 0.657287461922 0.220761428536 0.620298643171 1.43492871003 1.64466040649 3.01458578173 0.910708364103
-9999.0 -9999.0 -9999.0 -9999.0 -9999.0 -9999.0 -9999.0 -9999.0 -9999.0 -9999.0 -9999.0 -9999.0 -9999.0 -9999.0 -9999.0 -9999.0 -9999.0 -9999.0 0.744735311492 2.34070228342 4.59866372072 6.03132625986 15.4082557344 16.1317786888 1.48808711753 2.22118637129 2.84918597987 3.43861796879 7.33642049773 7.90607727383 14.5237739951 15.1390127246 15.3899045261 29.9514606058 31.4692725119 0.338388003829 0.217561720858 0.206540093917 0.392670259441 0.183080024705 2.58292333579 2.72459437553 0.508074389137 0.715371687578 0.167943081991 177.41270198 177.676373125 1069.92733928 1070.78281668 0.17403465168 0.991795002531 0.202196801492 0.149182195678 3.25208908776 4.24201053636
-9999.0 -9999.0 -9999.0 -9999.0 -9999.0 -9999.0 -9999.0 -9999.0 -9999.0 -9999.0 -9999.0 -9999.0 -9999.0 -9999.0 -9999.0 -9999.0 -9999.0 -9999.0 -9999.0 0.823904790512 0.79956667577 1.53284182818 3.65792309643 16.7981972317 0.76144701905 0.752361612699 1.35657853004 1.9895432742 5.05004844162 5.55708991649 0.469364924405 0.386282661742 15.6741881389 15.8783136658 47.5794312859 47.7924457407 0.11865842151 0.106176381891 0.0888031096514 0.0896051943892 0.0968967948214 174.488174296 175.32688143 176.266719545 176.650549423 177.223235462 0.143204202122 0.524516993679 0.621873379985 1071.65519724 1071.75888251 1071.93382539 1072.12723609 1072.28938761 4.38105193922
-9999.0 -9999.0 -9999.0 -9999.0 -9999.0 -9999.0 -9999.0 -9999.0 -9999.0 -9999.0 -9999.0 -9999.0 -9999.0 -9999.0 -9999.0 -9999.0 -9999.0 -9999.0 -9999.0 -9999.0 0.750464148324 0.776500954878 1.45222650047 19.6282545898 20.2918295261 0.740585196494 1.3425218736 1.98638837243 2.60803276156 0.58410158002 1.00323809237 43.3969626213 43.6220019311 43.9474410438 45.9672257832 94.0413323624 169.512047529 169.794529891 170.04676568 170.289955962 171.300545474 171.633291731 0.669311830854 0.307587182786 0.18577427704 0.350181529875 0.260179422791 0.413334382234 0.129494130425 2.73300017774 3.04247680472 3.34108275272 3.38875699866 1072.36479735 1076.89294035
-9999.0 -9999.0 -9999.0 -9999.0 -9999.0 -9999.0 -9999.0 -9999.0 -9999.0 -9999.0 -9999.0 -9999.0 -9999.0 -9999.0 -9999.0 -9999.0 -9999.0 -9999.0 -9999.0 -9999.0 -9999.0 0.759390375437 1.45731291518 2.15714397088 20.8773418514 0.599530526936 28.0556985081 28.7165198048 29.3193623942 29.7850969097 41.5832401404 42.0035998152 0.245071971006 1.43959994576 1.72786515434 0.228054917912 75.1926307281 74.7807013295 0.123137569206 0.286830932587 0.790797283838 0.177649948975 0.194308491598 0.154618366187 0.133172833614 0.103387793909 0.122080781427 2.34133317149 2.46844850738 2.62089678895 0.212526333059 0.201841887154 3.52478969484 3.59718049359 3.62996422263
-9999.0 -9999.0 -9999.0 -9999.0 -9999.0 -9999.0 -9999.0 -9999.0 -9999.0 -9999.0 -9999.0 -9999.0 -9999.0 -9999.0 -9999.0 -9999.0 -9999.0 -9999.0 -9999.0 -9999.0 -9999.0 0.705823186519 0.662134586848 3.40579558451 25.6032956414 26.8497855371 27.4567321032 0.620479333569 10.3935720058 11.0169642739 11.3468500979 0.408373024388 0.664683993483 0.888546385406 17.6671342877 17.8461533096 17.9978211547 74.5134979662 45.1461616237 0.155036503094 0.17128256231 0.16444240506 0.131636713986 1.35376638569 1.65456393571 1.91811622709 2.06638051844 2.20921582441 17.5414575294 17.6439601038 17.8229954551 18.2755058989 19.6995010026 19.7452011108 23.4221107098
-9999.0 -9999.0 -9999.0 -9999.0 -9999.0 -9999.0 -9999.0 -9999.0 -9999.0 -9999.0 -9999.0 -9999.0 -9999.0 -9999.0 -9999.0 -9999.0 -9999.0 -9999.0 -9999.0 -9999.0 -9999.0 -9999.0 1.37480473675 2.08362006791 0.697158233153 0.753126011982 8.21164189842 8.84784678427 9.27744199969 3.54820026919 4.01751053186 4.47104848859 4.71817976104 17.2705503239 17.5128779892 10.8694357057 29.0503121865 29.2207021613 45.0169846381 0.335248848676 0.173724313845 0.122777315819 0.927695580233 1.08895056911 0.105109035291 0.0995251525134 17.0790021614 17.3271912858 17.4475548236 0.20929747577 0.317576824481 19.4791080295 0.118740196819 0.324734166343 0.357692116586
-9999.0 -9999.0 -9999.0 -9999.0 -9999.0 -9999.0 -9999.0 -9999.0 -9999.0 -9999.0 -9999.0 -9999.0 -9999.0 -9999.0 -9999.0 -9999.0 -9999.0 -9999.0 -9999.0 -9999.0 -9999.0 -9999.0 0.68376507449 1.35433382647 5.50982330675 6.1933096816 6.81402707005 2.59149046636 3.06727916025 0.506959199072 11.5166600748 11.9478696482 12.3165924756 0.275866446748 10.4195484566 10.6713784516 0.183056038476 44.1441901728 0.3774013427 0.19044604707 0.500829145608 0.675145286958 0.13283795565 0.107964021738 15.8770001463 16.8604874432 17.0038038021 0.153185527158 0.329666042844 0.423627689048 0.529202948059 1.05074880694 0.120073555164 0.266540651753 0.0534867641593
