data/baseflow/History/mHMbfrc259
ncols                  80
nrows                 72
xllcorner      4374000.0
yllcorner      5656000.0
cellsize            500
NODATA_value       -9999
[rows 0 to 23 of 72, columns 0 to 53 of 80]
-9999.0 -9999.0 -9999.0 -9999.0 -9999.0 -9999.0 -9999.0 -9999.0 -9999.0 -9999.0 -9999.0 -9999.0 0.38158833012 0.552328394401 -9999.0 -9999.0 -9999.0 -9999.0 -9999.0 -9999.0 -9999.0 -9999.0 -9999.0 -9999.0 -9999.0 -9999.0 -9999.0 -9999.0 -9999.0 -9999.0 -9999.0 -9999.0 -9999.0 -9999.0 -9999.0 -9999.0 -9999.0 -9999.0 -9999.0 -9999.0 -9999.0 -9999.0 -9999.0 -9999.0 -9999.0 -9999.0 -9999.0 -9999.0 -9999.0 -9999.0 -9999.0 -9999.0 -9999.0 -9999.0
-9999.0 -9999.0 -9999.0 -9999.0 -9999.0 -9999.0 -9999.0 -9999.0 -9999.0 -9999.0 -9999.0 -9999.0 0.675542760972 2.06233884728 0.453414029987 -9999.0 0.480483761382 -9999.0 -9999.0 -9999.0 -9999.0 -9999.0 -9999.0 -9999.0 -9999.0 -9999.0 -9999.0 -9999.0 -9999.0 -9999.0 -9999.0 -9999.0 -9999.0 -9999.0 -9999.0 -9999.0 -9999.0 -9999.0 -9999.0 -9999.0 -9999.0 -9999.0 -9999.0 -9999.0 -9999.0 -9999.0 -9999.0 -9999.0 -9999.0 -9999.0 -9999.0 -9999.0 -9999.0 -9999.0
-9999.0 -9999.0 -9999.0 -9999.0 -9999.0 -9999.0 -9999.0 -9999.0 -9999.0 -9999.0 0.270631581676 0.255757477343 0.272282618363 0.26995753685 2.55192925344 2.92031967596 1.32927014867 0.42727187 -9999.0 -9999.0 -9999.0 -9999.0 -9999.0 -9999.0 -9999.0 -9999.0 -9999.0 -9999.0 -9999.0 -9999.0 -9999.0 -9999.0 -9999.0 -9999.0 -9999.0 -9999.0 -9999.0 -9999.0 -9999.0 -9999.0 -9999.0 -9999.0 -9999.0 -9999.0 -9999.0 -9999.0 -9999.0 -9999.0 -9999.0 -9999.0 -9999.0 -9999.0 -9999.0 -9999.0
-9999.0 -9999.0 -9999.0 -9999.0 -9999.0 -9999.0 -9999.0 -9999.0 -9999.0 0.257169854082 0.530000848284 1.04920514858 0.519325589056 0.249870391306 0.485715127441 3.14865778114 5.3492022957 0.445880295121 -9999.0 0.24699280309 -9999.0 -9999.0 -9999.0 -9999.0 0.914290778602 0.475151241427 -9999.0 -9999.0 -9999.0 -9999.0 -9999.0 -9999.0 -9999.0 -9999.0 -9999.0 -9999.0 -9999.0 -9999.0 -9999.0 -9999.0 -9999.0 -9999.0 -9999.0 -9999.0 -9999.0 -9999.0 -9999.0 -9999.0 -9999.0 -9999.0 -9999.0 -9999.0 -9999.0 -9999.0
-9999.0 -9999.0 -9999.0 -9999.0 -9999.0 -9999.0 -9999.0 -9999.0 0.307376001491 0.843474801888 1.08856471398 1.3399801259 1.80787730175 0.229257092052 0.918570048692 1.1342991746 7.11646037447 0.259316871966 0.198254517239 0.456724447686 0.656926069351 0.210514242925 -9999.0 2.23006508016 1.82879140294 0.462944522732 -9999.0 -9999.0 -9999.0 -9999.0 -9999.0 -9999.0 -9999.0 -9999.0 -9999.0 -9999.0 -9999.0 -9999.0 -9999.0 -9999.0 -9999.0 -9999.0 -9999.0 -9999.0 -9999.0 -9999.0 -9999.0 -9999.0 -9999.0 -9999.0 -9999.0 -9999.0 -9999.0 -9999.0
-9999.0 -9999.0 -9999.0 -9999.0 -9999.0 -9999.0 0.310345550029 0.270431103993 0.253912990892 0.260794357208 0.266481656796 1.88473446619 3.94567538899 4.19236032251 4.35103308182 0.133746083147 7.48922949295 7.69203874155 0.40789027013 0.207446556337 0.852798526201 1.46758929536 0.247267651548 3.01124765835 0.22113115795 0.251670026514 0.228196380932 -9999.0 -9999.0 -9999.0 -9999.0 -9999.0 -9999.0 -9999.0 -9999.0 -9999.0 -9999.0 -9999.0 -9999.0 -9999.0 -9999.0 -9999.0 -9999.0 -9999.0 -9999.0 -9999.0 -9999.0 -9999.0 -9999.0 -9999.0 -9999.0 -9999.0 -9999.0 -9999.0
-9999.0 -9999.0 -9999.0 -9999.0 -9999.0 -9999.0 0.62215097281 0.9108172925 2.02605355414 2.77988896862 0.228775545249 0.243458798166 0.22724644011 0.657735171035 5.19842511852 0.156684742424 7.88302623377 8.65689739276 0.599605224696 0.386789705041 1.6486875598 0.198811279966 3.20467543327 0.394958078552 0.199051049558 0.442635248487 0.449765335257 0.219421213414 0.224966067227 0.218134413716 0.233298910377 0.466481140959 -9999.0 -9999.0 -9999.0 -9999.0 -9999.0 -9999.0 -9999.0 -9999.0 -9999.0 -9999.0 -9999.0 -9999.0 -9999.0 -9999.0 -9999.0 -9999.0 -9999.0 -9999.0 -9999.0 -9999.0 -9999.0 -9999.0
-9999.0 -9999.0 -9999.0 -9999.0 -9999.0 0.347429902235 0.665631028561 0.313648284294 0.601391326098 3.07287415665 3.57299521101 4.07096115426 13.6368178288 0.219019521886 5.41038644727 20.8389272129 20.9972734635 29.9531914924 0.177755187283 0.56781152486 1.8309331996 0.180165148143 5.47142596452 2.07929624105 1.30287907888 1.1011583349 0.218543529723 0.65193313078 0.653339636994 0.43469954657 0.20885627174 0.682467969134 0.20523017423 0.201469681415 -9999.0 -9999.0 -9999.0 -9999.0 -9999.0 -9999.0 -9999.0 -9999.0 -9999.0 -9999.0 -9999.0 -9999.0 -9999.0 -9999.0 -9999.0 -9999.0 -9999.0 -9999.0 -9999.0 -9999.0
-9999.0 -9999.0 -9999.0 -9999.0 -9999.0 0.354628687944 1.02267196536 2.02037458515 2.32105688095 4.61324648165 4.88588064142 5.75195736844 9.34728039616 14.3856907181 14.8553992069 15.073410248 0.360753248238 30.6226188584 30.9703093569 31.9151433874 39.9554089922 6.0273815525 5.66582172509 1.4937849107 0.186766581793 1.23412890183 0.843843312376 0.181075303895 0.84173932878 0.185249351718 0.389414307149 1.07406209728 1.2703864867 0.394371401763 0.191173826011 0.189701236742 -9999.0 -9999.0 -9999.0 -9999.0 0.417932062968 0.391215150121 -9999.0 -9999.0 -9999.0 -9999.0 -9999.0 -9999.0 -9999.0 -9999.0 -9999.0 -9999.0 -9999.0 -9999.0
-9999.0 -9999.0 -9999.0 -9999.0 -9999.0 0.338065593536 0.319449143013 1.37209955045 1.68122993196 2.0034624207 0.296074619264 0.583723994594 3.4054189065 0.60375632073 0.259112407873 0.226173136215 0.191766460603 0.224928187382 0.209479934528 0.214504436368 40.1507902296 40.6898220105 0.176018635981 0.543817914007 0.370961860761 1.41407330949 0.367832515207 0.176346076322 1.0342504113 0.361961793472 0.886726419213 2.2089584055 2.04362263835 0.579407881237 0.563473199245 0.195643481076 0.194983194872 -9999.0 -9999.0 0.198157704382 0.782525903602 1.98974598864 0.411139007779 -9999.0 -9999.0 -9999.0 -9999.0 -9999.0 -9999.0 -9999.0 -9999.0 -9999.0 -9999.0 -9999.0
-9999.0 -9999.0 -9999.0 -9999.0 -9999.0 -9999.0 0.366053962645 0.37063265187 0.681902682194 1.00771481931 2.24049645617 2.848260643 3.15083504044 0.335024717112 0.224202798011 3.14302036912 3.80347699035 4.00423777505 4.85861355885 5.04884008546 0.185661923827 40.8788289257 41.7238620226 0.663607633031 0.0535310469003 1.54605418334 3.44943616739 1.37777921172 0.33316708117 0.167925639591 3.42821320306 2.38228110827 0.165734986256 0.170042501529 0.74021361726 0.570702944449 0.181877689932 0.178186136022 0.190327109647 0.384362321532 0.184839087477 2.4099933887 2.59100162536 0.172546358799 -9999.0 -9999.0 -9999.0 -9999.0 0.203237591017 0.191693723873 0.0618511749703 -9999.0 -9999.0 -9999.0
-9999.0 -9999.0 -9999.0 -9999.0 -9999.0 -9999.0 -9999.0 0.34786788347 0.281193387735 0.622709647983 0.945528518263 0.305717547004 0.261275183564 1.69501425962 2.19302471166 2.70437600807 0.230303707098 0.449061289834 0.219037499053 5.24772106882 12.181521918 12.5543217673 54.7426800674 0.17078505402 0.170196619911 0.0510405833171 3.61294169456 0.164245288582 0.504667994 0.164211867589 3.59096415407 3.75374472778 0.334065311788 0.335305712955 1.85751776417 0.935076709001 0.367932579618 0.187683413819 0.379607475188 0.570991089311 0.929490896987 0.172605761636 2.92669610047 3.08237847041 0.143353704166 0.153438632136 0.163454711246 0.147596815528 0.142662027582 0.555984373493 0.219578379704 0.143744761361 -9999.0 -9999.0
-9999.0 -9999.0 -9999.0 -9999.0 -9999.0 -9999.0 -9999.0 -9999.0 0.639160053879 0.892015880184 0.302667156131 0.622047877935 0.902191668301 1.45928580857 0.280908946101 0.263151422906 0.214691650419 0.217090927349 0.190991918583 6.53556383333 0.219377111834 0.425289828821 55.5550690188 56.0276044852 0.146786395382 0.464125359624 4.22301453924 0.320804106379 0.649686417413 0.300287099335 0.44550020411 4.38154057676 0.48299855272 2.65989011933 2.17825300527 0.163827531031 0.899346412479 0.361540053661 0.551294805967 0.171975463669 1.10141885127 1.43035193325 1.56579168958 1.69385637328 3.62237219817 0.272572111619 0.292946091298 0.267364246106 0.256159640113 0.68944818631 0.142159890984 0.508462368208 0.638971143689 -9999.0
-9999.0 -9999.0 -9999.0 -9999.0 -9999.0 -9999.0 -9999.0 -9999.0 0.344788439598 1.56531538215 1.85758842035 0.291882527104 0.560795235398 0.268062651088 0.237629405774 0.233359849739 2.96364744389 3.91307721675 4.95949010784 6.1299399768 0.273609365919 0.211519943683 0.194363134371 57.184557842 57.8169299295 57.996226297 5.66659538058 1.28037932895 1.12216016384 0.139592235001 0.581349991059 5.10422910116 0.14101374292 2.80415787426 0.160725881018 1.16745638675 1.07632282925 0.171064787496 0.722247439558 0.341751198909 0.509719277466 0.151501582574 0.122137124316 1.82022823505 1.93848945112 3.74031246431 0.421460283355 0.389643932241 0.376366146623 0.837797517832 1.12532065062 0.143421005687 0.775337872243 0.146017741877
-9999.0 -9999.0 -9999.0 -9999.0 -9999.0 -9999.0 -9999.0 -9999.0 -9999.0 0.352826928607 2.16875201435 2.44997854332 0.828915431233 1.36013456457 1.8332712297 2.06963117922 0.239750563135 0.733931768889 0.4782842903 0.24506435758 0.234482044428 0.207611914477 0.401832461306 0.683847858243 0.255220260373 64.1540581528 64.3129139375 0.137663314187 0.115633267169 0.282196087845 0.42144389851 5.52003283524 0.278185245213 2.93155193715 1.76556646309 1.46757027254 0.160828436887 0.328108100827 0.877019304238 0.154390013401 0.661964380399 0.301732724525 0.179616148008 0.0485177830905 2.1461469515 5.98477748929 0.512949475757 0.482930088872 0.492559399472 0.119753451687 1.24560060524 0.117245136634 1.03773315661 0.128397937285
-9999.0 -9999.0 -9999.0 -9999.0 -9999.0 -9999.0 -9999.0 -9999.0 -9999.0 -9999.0 0.285350482882 3.02510327088 0.265703829758 0.528768954676 0.753920230115 1.19999699207 0.23079499049 0.487014250917 0.234955086503 0.219303425006 0.203333305095 0.404436948658 0.176249757625 0.181485790675 0.353295395083 0.213481678374 64.5306907294 64.8471576603 65.2786421125 0.548939583296 0.140454918563 0.280016975646 5.66615164096 5.40107431853 2.07181537954 0.150592040832 0.643539574151 0.484994674967 1.03220908514 0.308739889523 1.26948081344 0.45230376146 0.292045531791 0.0138804279755 0.0519564619169 6.10437423103 6.21838076837 7.31342169976 0.864569349614 0.245809052653 1.37502795782 1.61903537562 2.77261271878 0.25274669632
-9999.0 -9999.0 -9999.0 -9999.0 -9999.0 -9999.0 -9999.0 -9999.0 -9999.0 -9999.0 -9999.0 0.156929801733 3.33012875747 0.245195707814 0.464855780576 2.11399886179 0.23604202065 0.232575912312 0.199177252426 0.427173416697 0.206301520847 0.815755852491 1.17176022753 1.33504865931 0.497749609453 0.624804604222 0.149592878171 0.181633305244 0.201325700403 66.2325013671 66.6627612542 5.78593027676 5.64759977609 5.52610271771 0.265000281565 0.129050161052 0.785869793919 2.10664753106 1.17869794872 0.453852189301 1.86473633602 0.497344319841 0.363861705842 0.0277443822787 0.011753667168 0.0158624534583 0.0273154582307 7.47493327642 8.67205376688 0.117511171318 0.109495690351 0.119286246579 2.8901799817 3.25163530561
-9999.0 -9999.0 -9999.0 -9999.0 -9999.0 -9999.0 -9999.0 -9999.0 -9999.0 -9999.0 -9999.0 0.147313714368 3.66506640134 4.45021232547 0.225308678954 2.56602606001 0.214873545552 0.201851351277 0.39818901882 1.02884242977 0.19585623098 0.206916814196 0.171796484989 1.67891608009 1.83819632108 2.63661044816 2.91351050424 3.03722929922 3.17195704287 3.34059030036 70.1896330882 76.2039899174 82.0783534516 82.2263523668 0.114615895165 0.129963052102 2.39236132555 2.2505721193 0.143910758828 0.142897849608 2.00638410661 2.64471541218 0.107354241505 0.880789820187 0.825323161847 0.0741968994066 0.0470156352086 0.0809761970344 0.113306668155 8.88492425674 0.10846750264 0.319145804773 0.406844322318 3.85447304859
-9999.0 -9999.0 -9999.0 -9999.0 -9999.0 -9999.0 -9999.0 -9999.0 -9999.0 -9999.0 -9999.0 0.293921986475 0.551768824958 4.69982385657 5.12335044752 0.214387196256 3.12585273372 0.175989827818 0.544855773077 1.20630350975 0.375570155076 0.178825862562 0.371008975524 0.152093927131 0.292449385474 0.144405744307 0.117804814897 0.0683261545698 0.0481793889624 0.0353051659799 0.0289926148837 0.0554227896815 0.0966527726083 0.154623825641 82.6588738067 2.8174903776 2.59659479186 0.0956895448958 0.411824024067 0.116423420442 0.103613372807 2.77564230665 4.04439653618 1.0254853095 0.798558385956 0.0427955178161 0.0164694551847 0.0141529832816 0.0944562063807 9.08780600119 9.30239602516 0.111757536646 0.115462265558 0.060792269358
-9999.0 -9999.0 -9999.0 -9999.0 -9999.0 -9999.0 -9999.0 -9999.0 -9999.0 -9999.0 -9999.0 -9999.0 0.234553551736 3.31001654981 8.65912976195 9.3319751835 12.6849982148 13.0237192203 2.80799472008 1.94783405989 0.557950038637 0.17617041682 0.716009629505 0.881750563089 1.32134160346 0.295344516742 0.258417338199 0.211380064623 0.398141774408 0.17161249059 0.153344818304 0.0732551073663 0.0160795055847 0.0246392586911 82.7975288148 85.7556836441 85.9097938831 0.0980896105021 1.11059197939 0.497007674566 0.14225977805 4.48207882909 0.309850535246 0.16004815942 0.628823768657 0.096594876118 0.0822995755467 0.157071130105 0.241667599685 0.341668646934 9.48504303434 0.0868614037244 0.0779170501103 0.077831634561
-9999.0 -9999.0 -9999.0 -9999.0 -9999.0 -9999.0 -9999.0 -9999.0 -9999.0 -9999.0 -9999.0 0.264889053421 2.53355289056 3.06511026439 0.462618360956 0.152639045301 0.326307454151 13.5400722636 13.7842302369 16.9129835952 0.157864811761 0.332443634613 0.144777734953 0.147059595876 1.4637149206 1.9010834495 2.29131386591 0.129142504856 0.526984511982 0.82505046464 0.472574494135 0.197346978531 0.0972014779934 0.0517148145515 0.0579431743576 0.0356561846509 86.028836126 86.1215202166 87.4041143622 0.237819172275 0.12654219889 4.71847719913 0.333043559226 0.170458325149 0.184475967371 0.182672863271 0.164741229618 0.249098197763 0.777180673272 1.22566736139 10.7984789497 0.0667842087047 0.203657589299 0.138812019602
-9999.0 -9999.0 -9999.0 -9999.0 -9999.0 -9999.0 -9999.0 -9999.0 -9999.0 -9999.0 -9999.0 0.272699214126 1.78032992998 0.275099588803 0.226112030983 1.21478508348 1.40562047245 1.59840530341 1.77418404652 22.3725960755 22.5297526975 22.8460519736 25.1187381267 25.507386049 25.696153658 25.8428319867 28.3160429699 28.594125965 28.727409116 29.6790535869 30.2929388408 30.4188069435 30.6976584374 0.170888855532 0.100276595416 0.00980881276296 0.0181201250753 86.211887165 87.8278671051 0.338055130391 5.74428176687 5.60588070168 0.625279343448 0.14970951154 0.152883093793 0.147860998027 0.147027097126 0.294960513223 0.421744542219 0.120281598684 10.8835124048 10.9738582482 11.395745075 11.471998531
-9999.0 -9999.0 -9999.0 -9999.0 -9999.0 -9999.0 -9999.0 -9999.0 -9999.0 -9999.0 -9999.0 0.925559293405 1.21946391898 0.551059484574 0.799079681456 0.242810225025 2.78987407104 2.99546376548 3.39730733563 3.50671504838 1.27301576567 24.3546460538 24.4904147449 0.0889589326055 0.0419742068327 0.0239664580775 0.0731778815736 0.0316688725955 0.0151493189556 0.0143945776426 0.0259179490401 30.4808293086 30.7782773904 31.101331571 31.3371546729 31.4158808918 0.0250101299064 0.011816517126 93.873878214 5.96468877106 5.88850904778 0.133105794576 0.126314045291 0.116930320348 0.273477897789 0.268859688908 0.123595616447 0.12428622139 0.117443818646 0.235961849143 0.313644606923 0.0623120933844 0.11441632678 0.0357813801768
-9999.0 -9999.0 -9999.0 -9999.0 -9999.0 -9999.0 -9999.0 -9999.0 -9999.0 -9999.0 -9999.0 -9999.0 0.624057719075 0.287649292858 0.250096744845 2.37944727552 2.59727707747 0.217121593715 0.829303649581 1.00501260938 1.13314158077 0.153833867827 0.103772407498 3.18579108007 3.26357626063 3.32772233117 9.2455815403 9.27405228925 9.30260932897 9.74275468634 9.83659865943 9.84893639909 0.014886112741 0.0159083637635 0.0274193029411 31.5469558238 0.0363762994814 94.8746255881 94.7791304207 0.839926282006 0.753587121232 0.507942518887 0.127411101203 0.233356211787 0.394945757209 0.39063456664 0.242490291288 0.119814421096 0.234892864919 0.23474122371 0.417771137258 0.0804994652524 0.182569797688 0.286620952779
