data/baseflow/History/mHMbfrc329
ncols                  80
nrows                 72
xllcorner      4374000.0
yllcorner      5656000.0
cellsize            500
NODATA_value       -9999
[rows 24 to 47 of 72, columns 0 to 54 of 80]
-9999.0 -9999.0 -9999.0 -9999.0 -9999.0 -9999.0 -9999.0 -9999.0 -9999.0 -9999.0 -9999.0 -9999.0 1.08618605832 3.09674542373 4.06622098421 7.10640650101 0.991039119729 1.9326684622 2.82684383732 10.4085379838 11.1154437282 11.6146711417 12.3607998814 13.2258171554 21.3244827136 23.7950216081 25.0562658559 0.458606053887 3.01832736588 3.41921034811 47.3560124892 49.0496190518 49.7272933405 50.4114433531 51.1211510351 187.091502437 0.573706840533 394.165190374 0.897030242447 0.373148116923 3.38706636828 2.9586299942 0.423872176168 1.74475073077 2.4786953476 2.47072448719 1.68794072969 2.76842709697 4.37482292802 1.60143703806 4.30208902061 0.333506098281 0.484453977122 0.175760662649 0.151971926225
-9999.0 -9999.0 -9999.0 -9999.0 -9999.0 -9999.0 -9999.0 -9999.0 -9999.0 -9999.0 -9999.0 -9999.0 1.04707526966 2.07726274555 0.974630010127 1.99648726337 0.928153996832 6.82525478209 8.62544494602 9.54966086841 0.845635333357 1.59483304136 16.1217558156 19.8578783134 20.5249305743 1.64713397214 1.6305921488 2.27218152602 0.375461151077 0.358279714385 0.688620853769 0.371720152713 25.7569355402 26.1518030691 26.6402631683 187.604012837 397.7469865 394.609777693 0.643722632024 0.270819931252 0.248176393771 0.933439581329 0.687223706205 2.06111970654 2.91441539438 5.9115692395 0.522630892749 0.522426109396 4.80485389724 5.24212422108 10.3646418752 10.7292173544 11.4008667698 11.7424044199 0.312325031629
-9999.0 -9999.0 -9999.0 -9999.0 -9999.0 -9999.0 -9999.0 -9999.0 -9999.0 -9999.0 -9999.0 -9999.0 -9999.0 1.0151720434 2.01202212424 3.00378243624 4.90496893223 1.0176952792 0.92223828108 6.78075955343 7.62623539471 14.7131479987 15.5399135515 2.34130612788 0.849540616065 0.837295725388 0.801426285216 23.3586551119 23.8850062912 24.302817441 24.6528946361 25.3871995815 4.31895119927 4.8570406803 32.0197798156 617.612611948 2.56435150054 2.1810165508 0.9949887611 0.274902628688 0.230467537675 1.43851283669 1.65123489696 2.51231171963 0.217578894873 6.1673165299 0.841160921199 0.823583550005 0.196165301064 0.162860177888 0.159171043432 0.201244635452 0.16446368651 11.9046093668 169.681534287
-9999.0 -9999.0 -9999.0 -9999.0 -9999.0 -9999.0 -9999.0 -9999.0 -9999.0 -9999.0 -9999.0 -9999.0 -9999.0 -9999.0 0.986270680644 1.98346453032 2.91305974948 3.93333311655 4.90150764781 5.88668810146 2.84581334823 4.6327521313 0.835584680651 0.831472716759 19.355867669 21.0067117802 21.7841396742 22.6253629675 0.687001993316 1.24393071561 3.08472059306 3.51608233879 3.91235974619 0.548990665921 0.598764370667 619.010849448 0.426470892464 0.723254953968 0.340872005995 1.04094394285 0.489337454578 0.305325665661 4.46231677973 4.79061943602 0.236278236227 6.43630678597 7.4554432629 0.987206583453 177.165633431 176.797798925 176.445534303 175.644990365 175.24867537 170.307764703 170.089209662
-9999.0 -9999.0 -9999.0 -9999.0 -9999.0 -9999.0 -9999.0 -9999.0 -9999.0 -9999.0 -9999.0 -9999.0 -9999.0 -9999.0 0.224666799008 0.527686280627 0.932800990579 8.35416108618 9.38599587787 1.03157393061 0.937891937586 0.903253417811 15.9915795814 17.7104175546 0.83519405841 0.865827004266 0.761977950013 3.05252209903 3.79122085263 2.02141537088 2.4627137544 17.1555516979 17.6910022085 18.827285331 30.1284574879 649.418223687 0.431078834761 0.310605924861 1.55409535179 1.2888037453 0.277949668241 0.877610974806 1.15708950404 5.10877334458 5.39392747805 13.4910465119 7.61558828852 1.07990157422 181.665437488 2.43736577851 176.094383739 175.878434888 4.58219579545 0.271918777814 0.241849915955
-9999.0 -9999.0 -9999.0 -9999.0 -9999.0 -9999.0 -9999.0 -9999.0 -9999.0 -9999.0 -9999.0 -9999.0 -9999.0 -9999.0 1.20248112048 1.94177674083 4.11029146106 7.26699478149 10.3057007522 12.3628584458 13.3396417299 14.2703181669 15.1633392693 0.852916398223 0.807645428141 1.59445674395 1.53565927218 0.773403258705 14.897137644 15.623391576 16.3050850129 16.9355855478 9.48787240278 9.97436841665 10.6394516902 649.655271064 0.7172885337 0.810995210697 2.49810309873 0.216300298673 0.604434930803 0.322476746801 0.259839267971 1.43838572301 0.238215434936 0.253399580636 196.446553336 182.749789382 182.492613056 0.871328512098 2.25924615542 1.44343809547 0.332685640113 4.01426925212 1.1697128663
-9999.0 -9999.0 -9999.0 -9999.0 -9999.0 -9999.0 -9999.0 -9999.0 -9999.0 -9999.0 -9999.0 -9999.0 -9999.0 -9999.0 0.852911381198 0.783311043055 1.51654324923 2.33942020367 0.995175757281 0.992642002663 1.92971050319 2.85827257684 4.62105674822 5.51032652999 6.36890083535 8.82213619355 9.60338094718 10.4012434281 0.739362054047 7.47124055554 8.09674226972 8.61427839403 0.393310462392 0.149179504569 0.281630846227 660.145933698 660.371695909 661.540972559 3.05562970304 0.411153050328 0.922906684586 0.261389510873 0.470909924614 1.66304597759 2.1001505533 0.467155250959 197.613994125 0.389970551065 0.50289726332 0.531975220691 0.476231001091 0.81029242968 0.362421844471 2.5608919973 1.93515874396
-9999.0 -9999.0 -9999.0 -9999.0 -9999.0 -9999.0 -9999.0 -9999.0 -9999.0 -9999.0 -9999.0 -9999.0 -9999.0 -9999.0 -9999.0 0.736291447337 1.4661553208 0.748338770906 1.54644402724 9.7062537769 10.6507482452 11.5878997368 0.880175011827 0.885949602672 1.74858959507 2.5845791838 4.14782308032 4.91813105044 5.30029352842 6.00645001433 0.613316194448 0.537474031766 9.42123044086 9.57370628862 9.75773033529 9.96613094912 8.09828624822 670.514220814 674.927842487 675.108654353 676.19402961 677.138148531 677.938341324 0.258801149567 2.31170859051 197.880491334 0.668558905631 0.341735530215 0.367988050189 0.318192680463 0.544454693741 0.468341177857 0.264944002097 0.332763474825 0.301004189193
-9999.0 -9999.0 -9999.0 -9999.0 -9999.0 -9999.0 -9999.0 -9999.0 -9999.0 -9999.0 -9999.0 -9999.0 -9999.0 -9999.0 -9999.0 -9999.0 2.1845972242 3.01750771403 5.42711747625 7.28528812935 0.99031633346 13.56631719 14.4490412735 15.3405043121 0.894440916054 1.75352015553 0.801290932112 5.84716654329 6.20163545665 6.81114531198 7.46898174427 8.96138843127 9.11526311848 0.101556694077 7.25411306559 7.68057576766 7.90026008869 8.74075108061 1.13928054318 0.75159255258 0.477499677648 0.449226420035 678.677371644 679.116030421 683.114401654 198.173522947 1.76200063008 0.838367011253 0.576519040275 0.168493344565 1.51049964222 0.752231850589 0.246482526058 1.28235690094 1.06643701017
-9999.0 -9999.0 -9999.0 -9999.0 -9999.0 -9999.0 -9999.0 -9999.0 -9999.0 -9999.0 -9999.0 -9999.0 -9999.0 -9999.0 -9999.0 -9999.0 0.86930098215 3.83056143217 4.6683826933 1.06716684056 0.956186843116 1.89128352203 2.78315346054 19.0586504691 0.889151782527 3.54681867386 4.36544024682 5.16115029552 0.374741982127 0.938405584223 1.20529102413 5.9450896981 6.55769029938 6.73654606289 0.208026923844 0.201085050756 0.226557407089 0.415971219571 0.169957252703 0.179453704274 0.401352540309 0.280874586238 0.396384841256 1.35256713597 683.56854907 882.920875955 2.13315611214 0.234377358009 0.17214093134 4.5462442697 4.17654505792 2.41042718791 2.14929890144 1.59036656244 0.334123241302
-9999.0 -9999.0 -9999.0 -9999.0 -9999.0 -9999.0 -9999.0 -9999.0 -9999.0 -9999.0 -9999.0 -9999.0 -9999.0 -9999.0 -9999.0 0.699160658354 2.38975619985 0.811802552894 1.20499076751 1.15565660477 2.12447214278 3.05275034684 3.94898683437 23.8526828764 24.7302416346 0.89557350346 1.7245592004 2.55606660061 3.06256058719 3.63712095623 5.21545701896 5.73958401295 0.366708150324 0.311029352472 0.272567597999 0.491057896896 0.409818941276 0.384985185869 0.307645705785 0.339772783793 1.59393397911 0.772522461977 0.452110336079 0.441315774237 0.401710210917 0.764439434503 896.107950439 10.8360875731 5.42693706816 0.471248856049 0.207338698674 0.18545126166 0.657780817273 0.450351702953 0.227348331972
-9999.0 -9999.0 -9999.0 -9999.0 -9999.0 -9999.0 -9999.0 -9999.0 -9999.0 -9999.0 -9999.0 -9999.0 -9999.0 -9999.0 0.742887174556 1.41983575693 5.33656151356 0.815007446152 2.36375236963 3.51231704855 4.58387089416 1.07272530992 2.01348124535 2.96951066589 28.5138029724 0.867538816675 1.67050638453 2.45887117155 0.710534413524 1.40007607791 1.75519053797 2.24434578089 55.6071468015 56.3601652126 57.0662829234 60.7627203952 62.0338493994 64.8023714302 0.721009711703 1.5052970285 1.98995237065 73.8075834009 74.6564458153 0.416691677152 0.732823393029 1.03975635115 896.502541496 10.4365192534 4.4262774001 4.19420633037 3.77045919935 3.50760392089 0.874580413649 0.215903966203 0.414294531802
-9999.0 -9999.0 -9999.0 -9999.0 -9999.0 -9999.0 -9999.0 -9999.0 -9999.0 -9999.0 -9999.0 -9999.0 -9999.0 -9999.0 0.734831527116 2.25202057416 8.32561199065 12.2404919999 0.750646214921 16.3890450918 21.8452728225 1.02912612763 1.97788032963 2.95265086551 36.8698793882 37.7162497539 0.820964145545 4.1011216385 4.8437708933 5.4095076619 50.8084889224 52.1090295354 52.9972521699 0.448482769919 2.61912094686 3.09687113552 1.45170799949 2.08243228166 67.851787774 70.3386367469 70.8806637582 71.4089755959 75.4371469016 0.3833910731 0.343218225004 1.68246524321 896.903845566 0.340673005808 0.0764086150951 0.224637490954 0.0813497898257 3.13877763433 2.83245549115 1.66793084946 1.19225641836
-9999.0 -9999.0 -9999.0 -9999.0 -9999.0 -9999.0 -9999.0 -9999.0 -9999.0 -9999.0 -9999.0 -9999.0 -9999.0 -9999.0 -9999.0 -9999.0 1.57910095922 3.18822372417 14.6261239216 15.4914835885 22.6060673716 23.4868549067 0.982645680703 1.96108189939 4.68612400273 38.5456924431 40.2696678812 41.0400127665 0.675996473235 43.667225623 44.990627181 0.865171649846 0.45216448112 0.907417626538 1.76910637211 0.417886103769 0.859466360737 2.02160760962 2.53277611712 0.457327304364 0.355358219957 0.727037516527 77.7542664536 78.4258153298 78.7342600214 81.1324203405 897.271258418 0.228969015144 0.0602767795666 0.0670497382315 0.0664729081486 0.0676676014496 0.0623402746921 0.11815471947 0.169872223912
-9999.0 -9999.0 -9999.0 -9999.0 -9999.0 -9999.0 -9999.0 -9999.0 -9999.0 -9999.0 -9999.0 -9999.0 -9999.0 -9999.0 -9999.0 -9999.0 0.828664026354 0.816904710526 0.834647201444 1.80664302368 0.809604264097 25.0780156459 25.8832602167 0.953113055403 1.85361946191 0.952165606427 0.845449821874 0.836689209353 42.4660323342 0.436478783998 0.857049475158 0.482735779654 0.480206914811 0.444679721261 0.37557496709 0.38419357544 1.13932133523 1.53619633291 0.32327246083 0.299568202348 0.621264775735 0.986877648684 1.19011194645 0.277339361916 79.1035592126 81.45078943 897.533629036 0.674279948132 0.238374681076 0.0446918711618 0.103380115603 0.0377163661103 0.0301153942679 0.151318211022 0.834963175921
-9999.0 -9999.0 -9999.0 -9999.0 -9999.0 -9999.0 -9999.0 -9999.0 -9999.0 -9999.0 -9999.0 -9999.0 -9999.0 -9999.0 -9999.0 -9999.0 -9999.0 -9999.0 0.805865439185 2.57278548684 3.28802698849 4.06521511831 26.6144674677 27.3350880358 28.0925270552 29.0066002141 29.8313985667 31.5098275208 31.9573206876 32.369302746 32.7811816253 0.460175584093 0.431798813752 0.4448340256 1.59715161257 0.406352651003 0.383815315159 0.334407001822 0.968024930451 0.359358798219 0.296038737955 0.279961629737 0.243427960863 0.485975491762 0.694638748696 82.878358825 981.377257166 0.199297880734 0.47242813105 0.0398411179705 0.144125991288 0.0823751817344 0.0607078983277 1.62881026043 1.3553298158
-9999.0 -9999.0 -9999.0 -9999.0 -9999.0 -9999.0 -9999.0 -9999.0 -9999.0 -9999.0 -9999.0 -9999.0 -9999.0 -9999.0 -9999.0 -9999.0 -9999.0 -9999.0 -9999.0 0.705494283857 5.38873612647 10.9540313845 11.8045207649 1.05601710409 1.99862929253 2.90622289394 3.71792485356 8.88740322635 9.37644584774 0.479803536328 0.460453012018 33.725994286 34.5798759729 34.9870499877 1.94406030916 0.340465698 0.731056174692 1.08228083829 3.15446610932 3.84266311096 4.41267426657 0.532804137259 0.743620254523 0.245219184867 0.479818373665 0.242121466568 981.878141912 0.193011728749 0.821676031012 0.291021008114 0.58224994385 1.41636220271 1.57463535674 3.29782149324 1.49916044663
-9999.0 -9999.0 -9999.0 -9999.0 -9999.0 -9999.0 -9999.0 -9999.0 -9999.0 -9999.0 -9999.0 -9999.0 -9999.0 -9999.0 -9999.0 -9999.0 -9999.0 -9999.0 0.759543677198 2.39140308842 4.69989909494 6.16015636565 16.2687223478 17.2243204656 1.8795382369 2.76762747264 3.53930156666 4.36379821017 9.83324928943 10.78714879 18.4408494913 18.9669132904 19.3710589708 35.4162259175 38.5052954456 0.757396461682 0.423546702674 0.414919627234 0.797112223907 0.369903557658 5.11316874989 5.38676224838 0.976943265316 1.17279181703 0.206838853545 230.840619524 231.329637631 1213.58939556 1214.73317114 0.176892233968 0.97170341099 0.227701643642 0.208506475298 3.70641544093 5.3734723269
-9999.0 -9999.0 -9999.0 -9999.0 -9999.0 -9999.0 -9999.0 -9999.0 -9999.0 -9999.0 -9999.0 -9999.0 -9999.0 -9999.0 -9999.0 -9999.0 -9999.0 -9999.0 -9999.0 0.846035013789 0.822225727682 1.58177212008 3.76626058084 17.9462745979 0.959857103102 0.949000187223 1.74605207032 2.53014765254 6.05682823891 6.5728451823 0.301981219888 0.350180025945 19.8688269048 20.3215328002 59.1862402524 59.5234404804 0.313023914454 0.288332058924 0.240102027643 0.24214243524 0.232539778933 226.412999914 227.921442921 229.301622913 229.695643426 230.639560654 0.260929953012 0.976300654 1.26363338318 1216.53548463 1216.7254811 1216.99955255 1217.22886946 1217.39706511 5.59072839398
-9999.0 -9999.0 -9999.0 -9999.0 -9999.0 -9999.0 -9999.0 -9999.0 -9999.0 -9999.0 -9999.0 -9999.0 -9999.0 -9999.0 -9999.0 -9999.0 -9999.0 -9999.0 -9999.0 -9999.0 0.775864205378 0.80081851069 1.49392438535 20.8808645889 21.7138492738 0.94019658755 1.73619921217 2.52938468207 3.04411077233 0.457192830656 0.932399802792 48.3786867804 48.8398489677 49.1851686453 52.1109157118 111.965752225 216.056824629 216.727312058 217.32718669 217.910893863 220.081746592 220.752550392 1.25412834191 0.586524159336 0.323600634114 0.62062315549 0.485275259565 0.760379668623 0.242451299792 5.50151993496 6.06755906162 6.49588514462 6.65314615378 1217.6001195 1223.43096408
-9999.0 -9999.0 -9999.0 -9999.0 -9999.0 -9999.0 -9999.0 -9999.0 -9999.0 -9999.0 -9999.0 -9999.0 -9999.0 -9999.0 -9999.0 -9999.0 -9999.0 -9999.0 -9999.0 -9999.0 -9999.0 0.791143469557 1.51537329345 2.24039433861 22.3307881024 0.878149615109 30.6324484956 31.4597510739 31.9389670188 32.4433873932 46.4342252155 46.9602390532 0.491631714943 2.2230495349 2.66734840178 0.461287876264 103.406511333 102.560821042 0.296037946832 0.645939571553 1.66463500587 0.350115051409 0.356927615717 0.297487020781 0.256243839225 0.207575422162 0.232049791891 4.70447535166 4.94086177292 5.21568479392 0.297677675523 0.222091033417 6.80599217814 7.01018626073 7.1314701168
-9999.0 -9999.0 -9999.0 -9999.0 -9999.0 -9999.0 -9999.0 -9999.0 -9999.0 -9999.0 -9999.0 -9999.0 -9999.0 -9999.0 -9999.0 -9999.0 -9999.0 -9999.0 -9999.0 -9999.0 -9999.0 0.738015793946 0.688966180733 3.55494534234 27.364067176 28.9759609577 29.8351483016 0.890873477298 12.9316509963 13.3509950311 13.5274452046 0.467356652531 0.993843745309 1.47990914461 24.6562493974 25.0484487171 25.3900116206 101.920741182 60.7664239629 0.346610186059 0.344186654934 0.334883780998 0.280113476074 2.85104748256 3.41371386347 3.91768698778 4.19072800167 4.4558227055 27.0170978694 27.217160297 27.3868834508 27.805874626 30.1970740817 30.342581196 37.6377424017
-9999.0 -9999.0 -9999.0 -9999.0 -9999.0 -9999.0 -9999.0 -9999.0 -9999.0 -9999.0 -9999.0 -9999.0 -9999.0 -9999.0 -9999.0 -9999.0 -9999.0 -9999.0 -9999.0 -9999.0 -9999.0 -9999.0 1.43722894983 2.17956764907 0.844853181997 0.991590509997 9.74363689228 10.6774805412 11.4212247688 5.1216049094 5.57074246768 6.05612269826 6.55839206524 23.8062468696 24.2735639616 14.6295539243 40.4218275111 40.8093236291 60.4605353474 0.715316191728 0.353430543391 0.278959194442 1.96910095337 2.29599656748 0.216276487682 0.202952590541 26.1008636021 26.5837747267 26.8254684383 0.225574705673 0.312124582955 29.7698513938 0.297960841187 1.11446456298 1.23960509075
-9999.0 -9999.0 -9999.0 -9999.0 -9999.0 -9999.0 -9999.0 -9999.0 -9999.0 -9999.0 -9999.0 -9999.0 -9999.0 -9999.0 -9999.0 -9999.0 -9999.0 -9999.0 -9999.0 -9999.0 -9999.0 -9999.0 0.714370794789 1.41756610995 6.10243799865 6.96569355892 7.88705086484 3.84181605575 4.65722680183 0.476495993611 15.8839207513 16.3250057299 16.7587508437 0.459596484509 13.7292075702 14.2026642025 0.392297623545 58.6158609019 0.772223550432 0.38402698639 1.05514446224 1.40939552278 0.285667403642 0.242026751479 23.6853697378 25.6507950266 25.9329715748 0.282403858918 0.641053631072 0.815608684544 0.96079872849 1.8388463085 0.401970798425 0.913602449124 0.187513962587
