data/baseflow/History/mHMbfrc358
ncols                  80
nrows                 72
xllcorner      4374000.0
yllcorner      5656000.0
cellsize            500
NODATA_value       -9999
[rows 24 to 47 of 72, columns 0 to 53 of 80]
-9999.0 -9999.0 -9999.0 -9999.0 -9999.0 -9999.0 -9999.0 -9999.0 -9999.0 -9999.0 -9999.0 -9999.0 1.26388466293 3.55265526902 4.63235851625 7.88868841795 0.918342079881 1.86817066657 2.72089769472 10.7546807771 11.4522462492 12.033410485 12.6488944426 13.3271778588 20.0770301699 22.0040198601 23.025678582 0.427833781997 2.32978611531 2.72597311886 43.2673800152 44.6259625708 45.262831526 45.9159649223 46.4071438997 171.258719814 0.13543157743 331.606783494 0.443752940534 0.210701222722 2.21404477229 1.90734085144 0.269835155111 1.00517991317 1.59914226058 1.56437741236 1.06403076287 1.73296108228 2.7317469491 1.00667408434 2.55204350522 0.210055190237 0.358527979967 0.0662031969676
-9999.0 -9999.0 -9999.0 -9999.0 -9999.0 -9999.0 -9999.0 -9999.0 -9999.0 -9999.0 -9999.0 -9999.0 1.1966457351 2.3737855603 1.09592003034 2.19187497955 0.925714154731 7.33499984826 9.06262522394 9.94429479296 0.778150756297 1.50624213637 15.3992411855 18.9346475143 19.5283086804 1.32956429955 1.15245539734 1.66245746712 0.339723475644 0.300830204473 0.550777342253 0.231164597154 22.5958132074 22.8340552025 22.9859536018 171.517925418 333.220109351 331.7965577 0.306413198554 0.153211897683 0.134520373649 0.558840359864 0.445100885218 1.24164636606 1.86981440671 3.74787434683 0.317560096179 0.313691672976 3.00066692197 3.28622994276 6.33331924602 6.49133433179 6.92092629287 7.04330062944
-9999.0 -9999.0 -9999.0 -9999.0 -9999.0 -9999.0 -9999.0 -9999.0 -9999.0 -9999.0 -9999.0 -9999.0 -9999.0 1.14812863033 2.28006618494 3.4188243703 5.38423960434 1.03084073464 0.904578343284 6.37253504793 7.16995512221 13.9974925209 14.827520622 2.2929853562 0.730939090028 0.647391501958 0.566502026025 20.8490972212 21.225474684 21.59075922 21.8732163804 22.3693188117 3.26264842437 3.46081145742 26.5906670618 531.460890591 1.1658920716 0.93689950571 0.480297607304 0.129029795975 0.10841894052 0.82151588161 0.898237918284 1.44165746723 0.100825065615 3.88342451699 0.510250150859 0.496676120735 0.0937753528765 0.0586860380432 0.0529248507994 0.0541149630621 0.0582608974936 7.13036253429
-9999.0 -9999.0 -9999.0 -9999.0 -9999.0 -9999.0 -9999.0 -9999.0 -9999.0 -9999.0 -9999.0 -9999.0 -9999.0 -9999.0 1.09161216627 2.02490085049 2.83844355671 3.66683145035 4.57178684932 5.50752217918 2.69678429386 4.48131236118 0.800803089892 0.753161580781 17.6334069388 19.0598772358 19.6870066982 20.369392703 0.464796568079 0.826582851803 2.26603800561 2.67672787085 3.00161400244 0.265580640833 0.165599081573 532.04505562 0.223195892081 0.2874012841 0.139240330091 0.5173006963 0.246574574631 0.118462707189 2.45742644462 2.55071959688 0.0615296328219 3.95602103536 4.52341252213 0.56527133626 110.187094079 110.043737299 109.924949197 109.666381802 109.567699572 107.113632014
-9999.0 -9999.0 -9999.0 -9999.0 -9999.0 -9999.0 -9999.0 -9999.0 -9999.0 -9999.0 -9999.0 -9999.0 -9999.0 -9999.0 0.211120729229 0.482038679508 0.816510171186 7.4191735722 8.36859364627 0.96758624471 0.911889371447 0.904176556898 14.511652932 16.2050379256 0.801451703311 0.808659538966 0.595464989511 2.5036540425 3.09498203243 1.44413969616 1.89357335202 15.2909548195 15.6812290279 16.3378296614 25.2642672447 557.472251652 0.213280874706 0.109100251114 0.790393248696 0.656547945248 0.102441500826 0.332326049227 0.432072392193 2.66166371255 2.74616290109 7.4564743505 4.58217170201 0.644699121355 112.137371707 0.839503301658 109.813670099 109.74591993 2.35246585474 0.14121218691
-9999.0 -9999.0 -9999.0 -9999.0 -9999.0 -9999.0 -9999.0 -9999.0 -9999.0 -9999.0 -9999.0 -9999.0 -9999.0 -9999.0 1.08072740042 1.76797879525 3.69676055466 6.46239356967 9.11378655789 11.0498274339 11.9503238726 12.8723903031 13.7405320471 0.825037608974 0.720158426542 1.4057304158 1.25358280402 0.664232013046 13.4491780214 14.0160218868 14.5175179225 15.0095560859 8.03894304124 8.35552618338 8.71659961231 557.614253516 0.392734277944 0.28208785123 1.17874599615 0.129296313628 0.208070401386 0.112541686949 0.0899751887108 0.524737240354 0.0626253403449 0.0677574255322 120.040300553 112.539252942 112.471583959 0.374216196615 0.782266831919 0.500869779636 0.105730855922 2.11365782565
-9999.0 -9999.0 -9999.0 -9999.0 -9999.0 -9999.0 -9999.0 -9999.0 -9999.0 -9999.0 -9999.0 -9999.0 -9999.0 -9999.0 0.754837906394 0.70376792011 1.3730887497 2.09034628744 1.00862311026 1.10133530873 2.06365037092 3.00154845719 4.73437325661 5.58881295757 6.31415421963 8.47588563963 9.11077511284 9.82971205191 0.597945687386 6.36598877767 6.85238237334 7.318937535 0.366088628436 0.265275533022 0.414386858291 566.91989414 567.052778094 567.685368253 1.55415469977 0.268879388759 0.312692764647 0.0820350267502 0.15792080112 0.597521862433 0.71804491332 0.121107785293 120.369216792 0.11316831653 0.205714085115 0.234566431822 0.168054481608 0.321209130434 0.129572259142 1.46302130542
-9999.0 -9999.0 -9999.0 -9999.0 -9999.0 -9999.0 -9999.0 -9999.0 -9999.0 -9999.0 -9999.0 -9999.0 -9999.0 -9999.0 -9999.0 0.669502020195 1.32053537228 0.644505238393 1.33431998666 8.44147066356 9.28219962124 10.1790089487 0.860615383353 0.86104366982 1.58401326377 2.32629107639 3.56106797292 4.21022650529 4.63311159498 5.20113310141 0.429540887343 0.397029805829 8.16213514779 8.42474091998 8.58062372183 8.74048211846 7.18505415957 575.536556597 578.026200045 578.136113532 578.534866513 579.007853339 579.21371015 0.0536588386727 0.772762139287 120.416492135 0.120762575541 0.062646056662 0.0812362123656 0.0834728485316 0.144661169854 0.148976977961 0.0941595736627 0.166453245945
-9999.0 -9999.0 -9999.0 -9999.0 -9999.0 -9999.0 -9999.0 -9999.0 -9999.0 -9999.0 -9999.0 -9999.0 -9999.0 -9999.0 -9999.0 -9999.0 1.96453354997 2.66391238121 4.72940211306 6.35731056485 0.884779146134 12.0891658948 12.9386238791 13.7413734262 0.765964696391 1.49569880098 0.613065689468 4.94443975819 5.33693497848 5.91590626658 6.41190668261 7.63829942712 7.88038976587 0.15561346125 6.55254375694 6.88061458226 7.04023358473 7.7095179255 0.804318618338 0.49242015802 0.290809751088 0.273956771946 579.45569951 579.537665953 580.847560321 120.458494701 0.370326283146 0.209653400717 0.139180992093 0.0430918565334 0.465624968737 0.258574518728 0.0828541846194 0.512483814316
-9999.0 -9999.0 -9999.0 -9999.0 -9999.0 -9999.0 -9999.0 -9999.0 -9999.0 -9999.0 -9999.0 -9999.0 -9999.0 -9999.0 -9999.0 -9999.0 0.717413827397 3.35560743984 4.0791305949 0.940997055334 0.952509450151 1.94952603574 2.83422829711 17.4036730414 0.754827487442 3.04271353584 3.6904089776 4.33837572655 0.400394218456 0.935204226804 1.27266341218 5.32022043483 5.89436431719 6.06650990359 0.175650163013 0.160740678618 0.190585293262 0.356816804304 0.151505874526 0.15261356067 0.210495774095 0.185546732823 0.213871383653 0.49053694301 580.950784822 701.644081206 0.457988041812 0.109333028534 0.0435442329883 1.59308162051 1.49531233598 0.946109505638 0.860233377478 0.649676400887
-9999.0 -9999.0 -9999.0 -9999.0 -9999.0 -9999.0 -9999.0 -9999.0 -9999.0 -9999.0 -9999.0 -9999.0 -9999.0 -9999.0 -9999.0 0.609577366239 1.98950685662 0.661061059635 1.05907956866 1.08179972046 2.06129103295 3.01987365461 3.82712677072 21.8924212171 22.6172663577 0.749845388129 1.40703957657 2.07396625077 2.58226805815 3.121156706 4.74867111432 5.11242884349 0.346407910098 0.284613276586 0.220255625741 0.225978780891 0.218519491356 0.2445242424 0.20221475625 0.280348026968 0.705434620191 0.328620553597 0.101276981842 0.0961451120123 0.0911204096258 0.164260525969 706.667845357 4.47266753084 1.87243049793 0.160116856113 0.0726903560433 0.0516802011915 0.204688710482 0.143781971394
-9999.0 -9999.0 -9999.0 -9999.0 -9999.0 -9999.0 -9999.0 -9999.0 -9999.0 -9999.0 -9999.0 -9999.0 -9999.0 -9999.0 0.647293593823 1.23790470778 4.48130525595 0.632278859111 1.95999432677 3.01238905444 3.96894806535 0.994567642847 1.83120663472 2.6052063777 25.8329819529 0.698629037224 1.29749682492 1.91532310475 0.549261080206 1.08599282422 1.40781105566 1.73714405972 46.5043742583 47.0328425517 47.466957447 49.5355024355 50.2148261462 51.6741837328 0.28257127281 0.69853980425 0.849209235079 55.5039611949 55.6829187359 0.0848911806057 0.14089584817 0.193747150769 706.748304965 4.25658202798 2.17609651332 2.08559675684 1.57934663879 1.34069950239 0.269303161122 0.0636382327175
-9999.0 -9999.0 -9999.0 -9999.0 -9999.0 -9999.0 -9999.0 -9999.0 -9999.0 -9999.0 -9999.0 -9999.0 -9999.0 -9999.0 0.650015461686 1.9783774507 7.1067693191 10.491646144 0.563689384436 13.7872300728 18.4289825071 0.924252325183 1.75631568323 2.5653094061 33.0474354819 33.6560796057 0.533966512502 3.0056155313 3.49033952284 3.94064361803 42.877927683 43.9357714048 44.5206832999 0.274702637377 1.51520704872 1.79762064224 0.719382088346 1.02674123821 53.0529445493 54.1577713336 54.3731154866 54.569714058 55.85750918 0.084316614435 0.0713355201205 0.318530927403 706.823218299 0.11907344618 0.144819274308 0.433923973045 0.172987880229 1.22506728872 0.958487256737 0.580147944529
-9999.0 -9999.0 -9999.0 -9999.0 -9999.0 -9999.0 -9999.0 -9999.0 -9999.0 -9999.0 -9999.0 -9999.0 -9999.0 -9999.0 -9999.0 -9999.0 1.38416192684 2.78142814031 12.4395438819 13.1402479738 19.0389316541 19.7207719857 0.893421345269 1.78633543451 4.10613499237 34.212071556 35.3866189309 35.8299078882 0.337521051401 37.4733077395 38.5789059358 0.691282859115 0.279494688802 0.528897550513 1.02608066498 0.242222501556 0.468636987247 0.981089952459 1.21245650232 0.231515424517 0.135166035563 0.259720183591 56.9211032572 57.2529371039 57.3090049138 57.826326358 706.883948898 0.0737768601492 0.0894586518887 0.115730577258 0.112929023368 0.117115218261 0.0981989025077 0.179309788552
-9999.0 -9999.0 -9999.0 -9999.0 -9999.0 -9999.0 -9999.0 -9999.0 -9999.0 -9999.0 -9999.0 -9999.0 -9999.0 -9999.0 -9999.0 -9999.0 0.726015769111 0.710354791079 0.702734109993 1.42878109308 0.619873971535 20.9539643702 21.5720394782 0.808971324739 1.59831621162 0.755408324521 0.58466647114 0.561602353868 36.7947210755 0.377482600864 0.768022636495 0.3702236719 0.290555686265 0.256310549827 0.180847241365 0.191479055033 0.585033506082 0.810179597866 0.14132204223 0.119300147765 0.264881685747 0.458941262471 0.617672381496 0.183521482802 57.4393732384 57.8882043043 706.920644145 0.365413939975 0.21797141307 0.0623887476688 0.16217111743 0.0506083844501 0.0386499824117 0.22187871749
-9999.0 -9999.0 -9999.0 -9999.0 -9999.0 -9999.0 -9999.0 -9999.0 -9999.0 -9999.0 -9999.0 -9999.0 -9999.0 -9999.0 -9999.0 -9999.0 -9999.0 -9999.0 0.700450553735 2.07189222597 2.63521972185 3.23551358653 22.1562193794 22.7437465668 23.3295475272 24.0152513363 24.5565699689 25.6899331909 26.0413221598 26.3925308075 26.6650160703 0.242402565925 0.21754759506 0.240361465477 0.819104799292 0.222962032914 0.205352682219 0.146540628899 0.419993662246 0.175030454976 0.123350434926 0.111442115119 0.0932532210969 0.185928942858 0.265358283743 58.4276061609 765.754203337 0.0680323698402 0.132915346496 0.0489917209686 0.216248124449 0.108938454085 0.0776852361303 0.72082881125
-9999.0 -9999.0 -9999.0 -9999.0 -9999.0 -9999.0 -9999.0 -9999.0 -9999.0 -9999.0 -9999.0 -9999.0 -9999.0 -9999.0 -9999.0 -9999.0 -9999.0 -9999.0 -9999.0 0.588503735299 4.6615071867 9.16399068848 9.79665632494 0.880716497397 1.69681095104 2.49714464864 3.11180169568 7.41828422831 7.69725729432 0.266488169189 0.256933324685 27.173235522 27.6009475808 27.7956859493 0.959194923958 0.125642688316 0.341059987539 0.494647864733 1.45823302378 1.7844210463 2.0199861814 0.209641965773 0.288359183905 0.098268355311 0.195476733948 0.101906531526 765.915731346 0.0550641481612 0.242269008865 0.108361100629 0.362256955366 0.746801794305 0.8584880234 1.61539783816
-9999.0 -9999.0 -9999.0 -9999.0 -9999.0 -9999.0 -9999.0 -9999.0 -9999.0 -9999.0 -9999.0 -9999.0 -9999.0 -9999.0 -9999.0 -9999.0 -9999.0 -9999.0 0.65441353727 2.08908563685 4.08742334305 5.33174238896 13.6414373303 14.3920587499 1.68797054409 2.4960182576 3.15148326652 3.7772078155 8.01991111097 8.57932920272 15.2180529995 15.7475991637 15.9848297161 28.00037918 29.4545274037 0.330931837093 0.236066430808 0.220820165677 0.413245472751 0.180310030742 2.36035917033 2.47218343839 0.379718937269 0.497326033341 0.101566680691 183.035902718 183.252791979 949.264297678 949.578624766 0.0638562565749 0.506192016061 0.0924940361066 0.076783365414 1.76293593155
-9999.0 -9999.0 -9999.0 -9999.0 -9999.0 -9999.0 -9999.0 -9999.0 -9999.0 -9999.0 -9999.0 -9999.0 -9999.0 -9999.0 -9999.0 -9999.0 -9999.0 -9999.0 -9999.0 0.750437361633 0.72916742483 1.38095933348 3.26441922246 15.0029544608 0.87280940469 0.861762852744 1.51441024581 2.19258334788 5.29774271037 5.74754641952 0.383698373273 0.369065996259 16.3130954872 16.5453083541 46.2119603928 46.3973785224 0.105288998439 0.0878466961609 0.0678130824263 0.0686880151607 0.0787869672228 180.759687541 181.53104922 182.168383695 182.407762888 182.929478131 0.124946777549 0.451863821734 0.532680834894 950.271439773 950.296725011 950.391445849 950.480408109 950.567632277
-9999.0 -9999.0 -9999.0 -9999.0 -9999.0 -9999.0 -9999.0 -9999.0 -9999.0 -9999.0 -9999.0 -9999.0 -9999.0 -9999.0 -9999.0 -9999.0 -9999.0 -9999.0 -9999.0 -9999.0 0.670589928458 0.701127180506 1.29415621066 17.545248962 18.1919910236 0.843744957493 1.49344463567 2.19017249617 2.71903710607 0.455698301855 0.822363296426 40.6124672439 40.8612350524 41.127970538 43.1867198928 89.8160206076 176.035303983 176.310011674 176.547784361 176.770369915 177.825904834 178.177888914 0.652599683728 0.280256477938 0.177089062411 0.32662085423 0.225332210177 0.362468972047 0.110683283732 2.74477261195 2.98922090534 3.18576111327 3.21752526851 950.593335742
-9999.0 -9999.0 -9999.0 -9999.0 -9999.0 -9999.0 -9999.0 -9999.0 -9999.0 -9999.0 -9999.0 -9999.0 -9999.0 -9999.0 -9999.0 -9999.0 -9999.0 -9999.0 -9999.0 -9999.0 -9999.0 0.688582385569 1.31372746748 1.94228044124 18.7135738928 0.669905096155 25.5835123194 26.3143683956 26.7755251909 27.1909537424 39.0171641197 39.4363009161 0.296088617108 1.53229969973 1.84720876246 0.280517744698 85.9508253983 85.4622365477 0.127922328253 0.309964862094 0.86565894445 0.199517151144 0.216310659684 0.144914363684 0.11839923256 0.0860210463917 0.106367178097 2.38974150272 2.50357745597 2.64956796696 0.1730731026 0.144868527173 3.29526815126 3.3452671142
-9999.0 -9999.0 -9999.0 -9999.0 -9999.0 -9999.0 -9999.0 -9999.0 -9999.0 -9999.0 -9999.0 -9999.0 -9999.0 -9999.0 -9999.0 -9999.0 -9999.0 -9999.0 -9999.0 -9999.0 -9999.0 0.629845430326 0.58507022201 3.04182674851 22.9871425654 24.266997278 24.937092723 0.710910468881 10.6756131185 11.1648053294 11.4236380957 0.410662311477 0.736177751652 1.01262581556 20.0306257243 20.2290081435 20.3888891117 85.1788444136 52.0866537443 0.176965789991 0.190532584865 0.179760646308 0.130953718607 1.48367052226 1.76435837843 2.00281830874 2.14078009177 2.27182807566 19.7391865866 19.8276452117 19.9458173653 20.2468613967 21.4020569767 21.4349379254
-9999.0 -9999.0 -9999.0 -9999.0 -9999.0 -9999.0 -9999.0 -9999.0 -9999.0 -9999.0 -9999.0 -9999.0 -9999.0 -9999.0 -9999.0 -9999.0 -9999.0 -9999.0 -9999.0 -9999.0 -9999.0 -9999.0 1.22823079401 1.87258256529 0.678158315949 0.87628728976 8.20366703953 8.95759262625 9.47446573505 4.08797786 4.48527587926 4.90227386832 5.20997384544 19.5613055913 19.8645859672 12.1132295973 32.7281483486 32.9339843193 51.9520733811 0.394417390051 0.20087450086 0.124444226096 1.04560347606 1.22710712992 0.0949761877072 0.0871371876582 19.3004429061 19.5392013765 19.6567846019 0.154642301069 0.224248617447 21.2414709958 0.110089440626 0.29484142568
-9999.0 -9999.0 -9999.0 -9999.0 -9999.0 -9999.0 -9999.0 -9999.0 -9999.0 -9999.0 -9999.0 -9999.0 -9999.0 -9999.0 -9999.0 -9999.0 -9999.0 -9999.0 -9999.0 -9999.0 -9999.0 -9999.0 0.613305362259 1.21424711864 5.14114183882 5.83815149671 6.59116140654 3.08967380511 3.67247184642 0.444479916164 13.308083839 13.6964453117 14.055287161 0.320443545475 11.5588379882 11.875196425 0.217202029477 50.9084586953 0.460527077235 0.228256005953 0.585003605222 0.786744067899 0.138879424054 0.104876394618 18.0315390685 19.0858514806 19.2330339959 0.151961875093 0.310583066989 0.38586249069 0.453110534689 0.903775028581 0.105124248943 0.246679131499
