data/baseflow/History/mHMbfrc467
ncols                  80
nrows                 72
xllcorner      4374000.0
yllcorner      5656000.0
cellsize            500
NODATA_value       -9999
[rows 0 to 23 of 72, columns 0 to 54 of 80]
-9999.0 -9999.0 -9999.0 -9999.0 -9999.0 -9999.0 -9999.0 -9999.0 -9999.0 -9999.0 -9999.0 -9999.0 0.862482959177 0.761506301486 -9999.0 -9999.0 -9999.0 -9999.0 -9999.0 -9999.0 -9999.0 -9999.0 -9999.0 -9999.0 -9999.0 -9999.0 -9999.0 -9999.0 -9999.0 -9999.0 -9999.0 -9999.0 -9999.0 -9999.0 -9999.0 -9999.0 -9999.0 -9999.0 -9999.0 -9999.0 -9999.0 -9999.0 -9999.0 -9999.0 -9999.0 -9999.0 -9999.0 -9999.0 -9999.0 -9999.0 -9999.0 -9999.0 -9999.0 -9999.0 -9999.0
-9999.0 -9999.0 -9999.0 -9999.0 -9999.0 -9999.0 -9999.0 -9999.0 -9999.0 -9999.0 -9999.0 -9999.0 1.79342652331 3.998144304 0.659499760932 -9999.0 0.554506882363 -9999.0 -9999.0 -9999.0 -9999.0 -9999.0 -9999.0 -9999.0 -9999.0 -9999.0 -9999.0 -9999.0 -9999.0 -9999.0 -9999.0 -9999.0 -9999.0 -9999.0 -9999.0 -9999.0 -9999.0 -9999.0 -9999.0 -9999.0 -9999.0 -9999.0 -9999.0 -9999.0 -9999.0 -9999.0 -9999.0 -9999.0 -9999.0 -9999.0 -9999.0 -9999.0 -9999.0 -9999.0 -9999.0
-9999.0 -9999.0 -9999.0 -9999.0 -9999.0 -9999.0 -9999.0 -9999.0 -9999.0 -9999.0 0.842889021224 0.798038773748 0.871048246497 0.870423801819 5.58430335484 6.22449320694 1.5282455759 0.485321733467 -9999.0 -9999.0 -9999.0 -9999.0 -9999.0 -9999.0 -9999.0 -9999.0 -9999.0 -9999.0 -9999.0 -9999.0 -9999.0 -9999.0 -9999.0 -9999.0 -9999.0 -9999.0 -9999.0 -9999.0 -9999.0 -9999.0 -9999.0 -9999.0 -9999.0 -9999.0 -9999.0 -9999.0 -9999.0 -9999.0 -9999.0 -9999.0 -9999.0 -9999.0 -9999.0 -9999.0 -9999.0
-9999.0 -9999.0 -9999.0 -9999.0 -9999.0 -9999.0 -9999.0 -9999.0 -9999.0 0.782923797408 1.64048002244 3.26106728695 1.65577266069 0.795590982601 1.56240573566 6.94699819008 9.64216737207 0.568461421524 -9999.0 0.841625450623 -9999.0 -9999.0 -9999.0 -9999.0 1.07227967637 0.546831369814 -9999.0 -9999.0 -9999.0 -9999.0 -9999.0 -9999.0 -9999.0 -9999.0 -9999.0 -9999.0 -9999.0 -9999.0 -9999.0 -9999.0 -9999.0 -9999.0 -9999.0 -9999.0 -9999.0 -9999.0 -9999.0 -9999.0 -9999.0 -9999.0 -9999.0 -9999.0 -9999.0 -9999.0 -9999.0
-9999.0 -9999.0 -9999.0 -9999.0 -9999.0 -9999.0 -9999.0 -9999.0 0.982526982374 2.65073527839 3.42604715767 4.20920509414 5.6900548491 0.73442907788 3.00498278746 3.70866773093 14.5796892061 0.619004151025 0.626158353839 1.55226832257 2.24591645317 0.736347663615 -9999.0 2.85265906657 2.34481243627 0.658320816853 -9999.0 -9999.0 -9999.0 -9999.0 -9999.0 -9999.0 -9999.0 -9999.0 -9999.0 -9999.0 -9999.0 -9999.0 -9999.0 -9999.0 -9999.0 -9999.0 -9999.0 -9999.0 -9999.0 -9999.0 -9999.0 -9999.0 -9999.0 -9999.0 -9999.0 -9999.0 -9999.0 -9999.0 -9999.0
-9999.0 -9999.0 -9999.0 -9999.0 -9999.0 -9999.0 0.931083619723 0.81237116133 0.794428374861 0.819835201756 0.853043699985 5.94336490471 12.4573764467 13.2559056565 13.932172985 0.683120337219 15.9121165346 16.5573630297 1.4100409394 0.70653778043 2.9226169431 5.08690765781 0.683435295458 4.9328146602 0.731654504456 0.707626160108 0.760678852954 -9999.0 -9999.0 -9999.0 -9999.0 -9999.0 -9999.0 -9999.0 -9999.0 -9999.0 -9999.0 -9999.0 -9999.0 -9999.0 -9999.0 -9999.0 -9999.0 -9999.0 -9999.0 -9999.0 -9999.0 -9999.0 -9999.0 -9999.0 -9999.0 -9999.0 -9999.0 -9999.0 -9999.0
-9999.0 -9999.0 -9999.0 -9999.0 -9999.0 -9999.0 1.8985847313 2.78752063084 6.25348295741 8.61614627424 0.723931635909 0.773315794586 0.741560271427 2.208664838 16.78411345 0.601336948501 17.1817320569 20.0343870368 2.20798822067 1.31829310041 5.72091870588 0.709405298478 5.62382044551 1.34732051884 0.669840203681 1.34152625634 1.52574167321 0.796642386602 0.83098165617 0.794485110171 0.889659701633 1.77512865688 -9999.0 -9999.0 -9999.0 -9999.0 -9999.0 -9999.0 -9999.0 -9999.0 -9999.0 -9999.0 -9999.0 -9999.0 -9999.0 -9999.0 -9999.0 -9999.0 -9999.0 -9999.0 -9999.0 -9999.0 -9999.0 -9999.0 -9999.0
-9999.0 -9999.0 -9999.0 -9999.0 -9999.0 1.08173093624 2.07674509986 0.988365793481 1.8913703157 9.54897086222 11.1538028207 12.7444237983 43.4472417675 0.779480442206 17.4856971713 67.1071357556 67.6801925665 88.755570451 0.671620008519 1.95289694854 6.35851280603 0.628369975578 13.286739159 6.99763769777 4.27221141703 3.58068139815 0.748537240682 2.36048030063 2.39119722656 1.58683422187 0.767473427957 2.57478677306 0.758447088859 0.737171023592 -9999.0 -9999.0 -9999.0 -9999.0 -9999.0 -9999.0 -9999.0 -9999.0 -9999.0 -9999.0 -9999.0 -9999.0 -9999.0 -9999.0 -9999.0 -9999.0 -9999.0 -9999.0 -9999.0 -9999.0 -9999.0
-9999.0 -9999.0 -9999.0 -9999.0 -9999.0 1.10039122814 3.19616022214 6.31720845074 7.27652833646 14.4645450121 15.350094315 18.1765982843 29.9928133462 45.9918614759 47.6151903734 48.3647503301 1.31450368664 91.2499186977 92.6231904963 95.9928525539 118.23223123 15.2696376751 14.0010605884 4.97017020846 0.684910773128 4.39207376114 3.02343541517 0.620792144021 3.08562693038 0.725458683364 1.54269069761 4.121007145 4.85850926234 1.45461426741 0.715474087273 0.697179095433 -9999.0 -9999.0 -9999.0 -9999.0 0.574334174912 0.497298787398 -9999.0 -9999.0 -9999.0 -9999.0 -9999.0 -9999.0 -9999.0 -9999.0 -9999.0 -9999.0 -9999.0 -9999.0 -9999.0
-9999.0 -9999.0 -9999.0 -9999.0 -9999.0 1.05681582771 1.00730829641 4.25469893841 5.24342154949 6.27091804213 0.967708146025 1.90623013282 11.1309278498 2.02979867442 0.901506926067 0.776224745317 0.681021576185 0.890263843427 0.855291868605 0.774520489296 118.901312483 120.828381574 0.631469538228 1.97559374893 1.36031621222 5.03098765418 1.26819029626 0.595319455463 3.79103206071 1.45143038071 3.52653701467 8.3488687917 7.73948617617 2.15375727898 2.08938931589 0.734012004176 0.729978921427 -9999.0 -9999.0 0.727505022907 1.2763536839 2.82658313396 0.533751790471 -9999.0 -9999.0 -9999.0 -9999.0 -9999.0 -9999.0 -9999.0 -9999.0 -9999.0 -9999.0 -9999.0 -9999.0
-9999.0 -9999.0 -9999.0 -9999.0 -9999.0 -9999.0 1.12772111856 1.12980446005 2.13797409457 3.17232867266 7.21761631897 9.20692896383 10.2775195456 1.1118399123 0.788259157552 10.9344243031 13.2637666203 13.9725440272 17.0415623783 17.7155437582 0.674518167034 121.508666323 124.788233647 2.61926169368 0.584825644679 5.62177339598 12.4028555335 4.96373460079 1.22281830364 0.623107401081 13.1411334184 9.01199866345 0.626400423587 0.617399537419 2.73452700637 2.15075108445 0.682934619456 0.622469470083 0.721115432569 1.42741078161 0.691035764773 3.45171008554 4.11189935875 0.585894829822 -9999.0 -9999.0 -9999.0 -9999.0 0.719840247109 0.664888515942 0.225116632787 -9999.0 -9999.0 -9999.0 -9999.0
-9999.0 -9999.0 -9999.0 -9999.0 -9999.0 -9999.0 -9999.0 1.08073533541 0.980218815399 2.05607382424 3.108628186 1.00011051926 0.984474072892 5.88169800271 7.62961625523 9.41980297506 0.830389562261 1.60905902469 0.804279662509 18.4321365688 40.5753601747 41.1205107741 167.156771121 0.642879962179 1.6662428987 0.52223976495 12.9694745693 0.597499978078 1.8578097163 0.603558452948 13.7517205458 14.3634667397 1.26058024966 1.23521732227 6.96393164052 3.5309925195 1.30983162308 0.682284271825 1.43302352153 2.12746428556 3.46120216715 0.629920069887 5.28138509528 5.85069964171 0.515424399736 0.559920431942 0.586362763599 0.522952422074 0.49829664007 1.93075560264 0.764712817412 0.459062849583 -9999.0 -9999.0 -9999.0
-9999.0 -9999.0 -9999.0 -9999.0 -9999.0 -9999.0 -9999.0 -9999.0 2.14871011323 3.06481768123 0.999151062511 2.05202217515 3.00175449831 4.9896342445 0.964564270374 0.916694060182 0.766402084113 0.773780352739 0.684328650635 20.6649615335 0.835983676555 1.60971776008 169.374912319 170.829739887 0.632609234381 2.93841520903 16.4531652424 1.17523760993 2.38414281413 1.08017015039 1.59941662123 16.7016235777 1.8131138699 9.98217219727 8.21771526527 0.662979860765 3.31731196644 1.35607187368 2.08268076598 0.63897240225 4.07236973997 5.27397181144 5.78063448686 6.25599630527 7.81573225202 0.994301438212 1.05681144694 0.950477248593 0.89432709279 2.38366821857 0.466130483202 1.70630477083 2.137372317 -9999.0 -9999.0
-9999.0 -9999.0 -9999.0 -9999.0 -9999.0 -9999.0 -9999.0 -9999.0 1.08965269923 5.21726571254 6.17900264251 0.959962065561 1.87233615962 0.908825319135 0.822928225426 0.807926307686 10.3425158244 13.7400465455 16.8692174759 20.0688023249 0.771378958143 0.799346606897 0.794189480736 174.231508354 175.782997192 176.386840495 21.875453834 4.72751111259 4.10416751867 0.481321852906 2.07828592239 19.288172025 0.503828647693 10.5027341574 0.611308696989 4.3809567675 4.02766170618 0.658605628801 2.7313736845 1.28030203335 1.91216671087 0.568677111558 0.466781834012 6.72399758352 7.15339828251 8.24389690431 1.52297810169 1.38929019006 1.31730137962 2.87739573396 3.82616005267 0.473643650539 2.60131588127 0.518147728228 0.975603664892
-9999.0 -9999.0 -9999.0 -9999.0 -9999.0 -9999.0 -9999.0 -9999.0 -9999.0 1.13096383838 7.2266305832 8.1660508429 2.79506752111 4.61411575666 6.2839929945 7.13851212967 0.898557392679 2.63168250497 1.77997009373 0.939882089298 0.897657656619 0.784107911226 1.5629060972 2.63758229041 0.869120565175 199.772785459 200.399210849 0.59750674637 0.433855613605 0.99432806174 1.4910201337 20.7794593058 0.99766960902 10.9472381218 6.67433873198 5.55564798503 0.621469909611 1.25668808782 3.31298053952 0.581745909127 2.47986416154 1.12024911763 0.827982008767 0.425117522937 8.46219222935 17.0670316242 1.85207653233 1.72574414685 1.71526624428 0.397933667722 4.22726132707 0.387766410881 3.47818194953 0.45643835015 1.44414159913
-9999.0 -9999.0 -9999.0 -9999.0 -9999.0 -9999.0 -9999.0 -9999.0 -9999.0 -9999.0 0.952586296728 10.0761627948 0.910098704503 1.80581338134 2.61090250753 4.18827471583 0.810927697154 1.70552117887 0.846938711871 0.762530739375 0.72103326494 1.41886511749 0.628592548093 0.726121350326 1.42692539803 0.791325249406 201.065049565 202.263204083 203.966002767 2.00132158127 0.516526771596 1.0295291784 21.3301483544 20.2297159527 7.8372073991 0.572398775861 2.46411594164 1.85457156144 3.8965893077 1.16054206284 4.74696998763 1.68000366184 1.29861487516 0.403359311274 0.475300280978 17.5775491424 18.0248194573 21.9713332328 2.98232940392 0.833334531004 4.66951357967 5.48821187197 9.34968988864 0.890647618741 0.41915363336
-9999.0 -9999.0 -9999.0 -9999.0 -9999.0 -9999.0 -9999.0 -9999.0 -9999.0 -9999.0 -9999.0 0.586398729494 11.3432642371 0.96447473786 1.75653930275 7.50697180962 0.801034618903 0.785709247116 0.68187156975 1.49500511477 0.76737262708 2.93223186197 4.19889440207 4.76130782806 1.95512761035 2.4638993088 0.596775486294 0.75657466967 0.69556138226 207.105135263 208.661854035 21.7830005087 21.1576515266 20.7005233549 0.969913815531 0.463526411814 2.99978318147 7.98523659059 4.4513923874 1.70621856619 6.98968520273 3.03999430826 2.53679037495 0.793700058346 0.354821617949 0.318690484594 0.330567975207 23.7279314839 28.084054525 0.419456489085 0.375233444673 0.422667935186 9.7745313193 11.0667755166 0.771526893818
-9999.0 -9999.0 -9999.0 -9999.0 -9999.0 -9999.0 -9999.0 -9999.0 -9999.0 -9999.0 -9999.0 0.536303125208 12.6193870605 15.379761635 0.805881231358 9.09635963985 0.718921640353 0.67590823096 1.40949516581 3.6537979597 0.731628455114 0.783782207727 0.62986499913 5.99159503398 6.57177044504 9.66964125019 10.8240582949 11.4469791027 12.0405687848 12.6156575033 221.881496656 244.812641352 267.012793826 267.449467839 0.471777786281 0.474434011464 9.0622577917 8.52843782046 0.542662953656 0.557591985629 7.62512369383 11.2159723907 0.458441672951 6.50326799726 6.07041444303 1.80796424179 0.811065590174 1.33706877629 0.552918133635 28.9686600264 0.453814400333 1.22493761511 1.55932656703 13.914525151 15.0622972428
-9999.0 -9999.0 -9999.0 -9999.0 -9999.0 -9999.0 -9999.0 -9999.0 -9999.0 -9999.0 -9999.0 1.03701276282 1.96150565556 16.269143058 17.7786773235 0.755432451919 10.458924309 0.595828163444 1.87998683256 4.30163481607 1.40107818924 0.66486726398 1.36501237571 0.525165658125 1.01909549045 0.519744662482 0.490200508284 0.449344567565 0.432666803595 0.41539292709 0.453310787552 0.571147361394 0.655186076538 0.71554392019 269.082824114 10.9336963616 9.9592387824 0.418424443551 1.56620125037 0.382520195952 0.40711499262 11.723221776 19.8079799334 7.0895813651 5.31121545171 1.0741587437 0.469120509875 0.424164216705 0.867479861282 30.2976954911 31.138663607 0.441457067867 0.454743572911 0.451972020727 0.413318609772
-9999.0 -9999.0 -9999.0 -9999.0 -9999.0 -9999.0 -9999.0 -9999.0 -9999.0 -9999.0 -9999.0 -9999.0 0.828196363589 12.1001488473 30.7036665647 33.277764574 44.4295166118 45.0557306021 9.5245003529 7.05865460263 2.08084265595 0.651384773088 2.64669399172 3.2493666825 4.80459168101 1.07618842603 0.999371595832 0.972549832336 1.91429110422 0.911776779148 0.939744183702 0.462155628041 0.420492552503 0.439599720571 269.582577122 280.804667103 281.36551207 0.42683790941 4.28894773444 1.85190460358 0.550652175242 21.5926303042 1.29499239393 0.676910378327 2.92980373265 0.625658655656 0.504781569816 0.95727283843 1.33568847894 1.76354832961 31.8373791421 0.324001311522 0.276792587744 0.277012171696 0.235191011995
-9999.0 -9999.0 -9999.0 -9999.0 -9999.0 -9999.0 -9999.0 -9999.0 -9999.0 -9999.0 -9999.0 0.9481436521 9.27913467719 11.2227837408 1.74613071116 0.611660617661 1.36413200802 47.1110838514 47.6937995099 57.8226468003 0.576787476894 1.21950914962 0.521699922994 0.532570699636 5.33149693221 6.93227578116 8.41711598845 0.465604431656 2.38634118542 3.7579852963 2.29821559764 0.91703288289 0.823675969748 0.821035826194 0.837414306371 0.432174293421 281.762825451 282.067059116 286.995084126 0.898163515492 0.481201298558 22.0065996346 1.38343636143 0.715039272587 0.803765608074 0.797812184419 0.694060272078 1.26303853798 3.48934524498 5.72588094881 37.9156154534 0.24446041473 0.73112016248 0.495767995202 0.434462971959
-9999.0 -9999.0 -9999.0 -9999.0 -9999.0 -9999.0 -9999.0 -9999.0 -9999.0 -9999.0 -9999.0 0.978586536214 6.57963061526 1.00760005228 0.836241155809 4.60580363394 5.334322531 6.06047088182 6.71365606912 78.7571434918 79.4155236912 80.6579552513 89.7082529048 91.4027370412 92.4197415742 92.966157813 102.752399981 104.221456658 104.764002234 109.08137122 111.920240246 112.371689824 114.096319685 1.25218467635 1.23202815974 0.353079848273 0.320366160302 282.429396991 288.624956276 1.3253629193 25.3992113047 24.9764608423 2.56582934516 0.602627699601 0.624171489658 0.593438679695 0.606022539104 1.22409434825 1.75799640508 0.527596904062 38.2434753706 38.5959125828 40.121744467 40.4040356352 41.1023473573
-9999.0 -9999.0 -9999.0 -9999.0 -9999.0 -9999.0 -9999.0 -9999.0 -9999.0 -9999.0 -9999.0 3.43879096392 4.53935189765 2.06274672955 3.01850064245 0.93868997095 10.5722638148 11.342870461 12.8737745268 13.5551559779 4.99660783615 86.7012698149 87.3597406386 0.606681671926 0.474548401083 0.471967800262 0.979753973518 0.53209661033 0.418098214746 0.393110052742 0.388414178275 112.853028443 114.587395463 116.302321123 117.928064387 119.139250497 0.57751956055 0.172403072488 315.095720238 26.1718659457 25.8622072726 0.521559802454 0.484114269455 0.438414567139 1.07645039411 1.04719436484 0.485135495707 0.492266398897 0.453542307989 0.968740609346 1.28831584988 0.250474694426 0.455080699169 0.188228240122 0.179847412747
-9999.0 -9999.0 -9999.0 -9999.0 -9999.0 -9999.0 -9999.0 -9999.0 -9999.0 -9999.0 -9999.0 -9999.0 2.33046742826 1.08016035448 0.953280154509 9.01642013889 9.83047026375 0.812647127604 3.0928084978 3.81522471038 4.45900198704 0.724401490791 0.549520649102 13.1807027467 13.6506432221 14.1091193329 36.2062516505 36.6072795712 37.4037001215 41.1794848549 43.4730205919 43.8269200961 0.368218646126 0.388103975462 0.340220952669 119.637349409 0.233271967036 319.40775238 319.077196306 3.69433798633 3.27694447241 1.95739753098 0.488646662028 0.870729775432 1.52938299987 1.50461424226 0.938953706102 0.467010837687 0.912671234214 0.903790535643 1.68736390006 0.26349481778 0.745075784626 1.2378164227 1.62346605166
