data/baseflow/History/mHMbfrc427
ncols                  80
nrows                 72
xllcorner      4374000.0
yllcorner      5656000.0
cellsize            500
NODATA_value       -9999
[rows 24 to 47 of 72, columns 0 to 53 of 80]
-9999.0 -9999.0 -9999.0 -9999.0 -9999.0 -9999.0 -9999.0 -9999.0 -9999.0 -9999.0 -9999.0 -9999.0 0.603326357837 1.63331111762 2.12201916274 3.61454183573 0.429547780073 0.868616068514 1.27023139442 4.9389442434 5.20066863974 5.31276290059 5.57182155991 5.90285340594 9.58965893622 10.4939350748 10.8748229672 0.0914862472025 0.880650108194 0.950100680236 18.9965381569 19.2347281505 19.3345228166 19.4367418517 19.5387681258 78.0778297115 0.119749333244 165.089575445 0.107715502419 0.0366636968073 1.10115514046 1.00977788 0.113875363413 0.564607944146 0.829120208129 0.817011117852 0.552730497546 0.903394693754 1.42839759638 0.538310893396 1.35716034761 0.0908018253795 0.133345676304 0.0102851984774
-9999.0 -9999.0 -9999.0 -9999.0 -9999.0 -9999.0 -9999.0 -9999.0 -9999.0 -9999.0 -9999.0 -9999.0 0.555380334627 1.09593184823 0.492590349153 1.00315344756 0.429086141991 3.3367831137 4.13984423308 4.56346276994 0.364305592609 0.661287956881 7.50392460231 9.05338339055 9.31323128973 0.608121694104 0.579102000191 0.771386064828 0.05591046137 0.0479226101452 0.0880086791527 0.0646218464253 13.2322207713 13.3237183976 13.3855562628 78.3048341353 165.820989627 165.133195596 0.0497498205687 0.0252682957259 0.0220590648785 0.160876680615 0.142450142834 0.619031561184 0.951834107208 1.94606633539 0.175442077775 0.174757031135 1.55174700292 1.67558703867 3.27188207521 3.32786575687 3.47244916232 3.49177883079
-9999.0 -9999.0 -9999.0 -9999.0 -9999.0 -9999.0 -9999.0 -9999.0 -9999.0 -9999.0 -9999.0 -9999.0 -9999.0 0.503239872531 1.01171842236 1.52888608436 2.43707718996 0.481096765911 0.419056815881 3.52356677 3.88331778413 6.97885422556 7.33677066217 0.995377275228 0.32779562211 0.29971271025 0.269692378853 12.812243554 12.9288475814 12.9964102477 13.0401755034 13.1558543161 1.20063070562 1.3044697709 14.7649762429 259.026117138 0.462101885248 0.293550592574 0.100652118993 0.0335455138638 0.0203956728163 0.203006868389 0.215829570552 0.651941420257 0.0166621592561 1.97736447195 0.248033673089 0.240495762454 0.0175798756523 0.00992008417818 0.00865138939515 0.0212345191676 0.00902863488016 3.50200291739
-9999.0 -9999.0 -9999.0 -9999.0 -9999.0 -9999.0 -9999.0 -9999.0 -9999.0 -9999.0 -9999.0 -9999.0 -9999.0 -9999.0 0.486591727346 1.0960862084 1.67014636055 2.25911384461 2.68631156242 3.12900145476 1.24788408255 2.0539924239 0.356457604597 0.344471471133 11.3288543309 11.9806621751 12.272966589 12.5904101328 0.204646112497 0.334246330095 0.911873654382 0.994804391852 1.08219493686 0.129625108063 0.111153975945 259.510404113 0.17318572312 0.1405607515 0.0681689390609 0.191335344211 0.0880873525011 0.0503919266027 0.905949172769 0.96297338619 0.0267333522281 2.01336070852 2.27172658123 0.250727276571 43.3215604904 43.2928519044 43.2702507029 43.2020511898 43.1581538081 42.6674893671
-9999.0 -9999.0 -9999.0 -9999.0 -9999.0 -9999.0 -9999.0 -9999.0 -9999.0 -9999.0 -9999.0 -9999.0 -9999.0 -9999.0 0.189014340792 0.4067449939 0.592599448855 6.24008078802 6.68144010243 0.449901955886 0.417258981417 0.404928389316 9.94917971952 10.682565562 0.33943873401 0.356218139218 0.272500529859 1.12677676452 1.39793986807 0.614606888759 0.745612482226 6.74928367461 6.90802540146 7.29163249148 11.0918526941 270.758281061 0.176828961108 0.0561633900758 0.324940446116 0.259567516848 0.0491769851096 0.151848493411 0.199834212981 1.01366475539 1.0561043518 3.41032329631 2.29670092182 0.276941139317 44.0536270624 0.288342384235 43.2471441106 43.2261775843 0.454925916281 0.0696181592524
-9999.0 -9999.0 -9999.0 -9999.0 -9999.0 -9999.0 -9999.0 -9999.0 -9999.0 -9999.0 -9999.0 -9999.0 -9999.0 -9999.0 0.953073238205 1.57184846578 3.16117977541 5.67388847085 7.27209870077 8.37840137577 8.80125525491 9.22416926357 9.61418168658 0.354522800473 0.308245479781 0.600506718961 0.562311230816 0.292875458427 5.94616122771 6.21008530241 6.45374323929 6.67228884452 3.30905829735 3.4023168832 3.64463711083 270.891808659 0.335046745098 0.158435447095 0.537527964881 0.0673683635828 0.126516836411 0.0733621518468 0.0443823096928 0.256397354778 0.0334049172824 0.0345905193327 47.6592369646 44.2207927286 44.1840749101 0.13786862362 0.2716573979 0.161146199181 0.0255417021346 0.332094523994
-9999.0 -9999.0 -9999.0 -9999.0 -9999.0 -9999.0 -9999.0 -9999.0 -9999.0 -9999.0 -9999.0 -9999.0 -9999.0 -9999.0 0.666309856817 0.654038982725 1.29705633972 1.92165606151 0.55320643716 0.501304569207 0.925179399621 1.33664102893 2.0753116391 2.44786913578 2.77367306865 3.70926116097 3.99258571132 4.29622436001 0.269437177689 2.80128634061 2.99917116978 3.12336097712 0.0617136510521 0.0196483145732 0.0568856592065 274.603291334 274.72970684 275.267600145 0.755552579686 0.149282419218 0.182496241597 0.0422758957734 0.0799717988512 0.296809663227 0.360352995 0.0622336943851 47.8216216914 0.0567542590383 0.0748686622073 0.0809733028763 0.0659921042132 0.10681887886 0.0431530480564 0.253572931891
-9999.0 -9999.0 -9999.0 -9999.0 -9999.0 -9999.0 -9999.0 -9999.0 -9999.0 -9999.0 -9999.0 -9999.0 -9999.0 -9999.0 -9999.0 0.643864587034 1.25421409051 0.569150045984 1.15789780492 7.1520953637 7.61215451613 8.01295642981 0.367640674779 0.372505939096 0.69835922406 1.02207882377 1.57613264683 1.8591163389 2.02381764131 2.27387216355 0.200789534131 0.14889314562 3.30684907202 3.33362015088 3.41404747894 3.51997868021 3.09237075391 278.795715718 280.142562148 280.225199418 280.482932886 280.759665739 280.884232696 0.0324067017811 0.390863275928 47.852520544 0.0636543508985 0.0326445451995 0.0467152246136 0.0490509766741 0.080426808945 0.0571384239146 0.0331979418067 0.0539181005279
-9999.0 -9999.0 -9999.0 -9999.0 -9999.0 -9999.0 -9999.0 -9999.0 -9999.0 -9999.0 -9999.0 -9999.0 -9999.0 -9999.0 -9999.0 -9999.0 1.85935666974 2.44676639978 4.20983976459 5.42451676324 0.596586724261 9.07787745146 9.44269696491 9.79418606925 0.340581110672 0.664930542214 0.282397055768 2.17779059283 2.32210889612 2.54623243784 2.76943350978 3.227840318 3.27098602637 0.0316032926844 2.64321069445 2.86415675835 2.98844772601 3.40048605983 0.474574904406 0.281020115475 0.141025180546 0.135938591496 281.018121528 281.073836198 281.732079046 47.8827391453 0.190511643366 0.102657958995 0.0717527582175 0.0199575837463 0.200420032292 0.0951871598741 0.0285442430338 0.153751591375
-9999.0 -9999.0 -9999.0 -9999.0 -9999.0 -9999.0 -9999.0 -9999.0 -9999.0 -9999.0 -9999.0 -9999.0 -9999.0 -9999.0 -9999.0 -9999.0 0.621721739557 3.05153989452 3.65956338625 0.621952143127 0.42313789156 0.852877171973 1.2354876505 11.4014343081 0.338687651494 1.35680736292 1.65175113175 1.93571121158 0.152062349554 0.356546664633 0.429712932412 2.11646301558 2.29558397644 2.39445571587 0.108231418721 0.0973359117654 0.0981032093933 0.180563551978 0.0707283609645 0.0750595066888 0.0976306514056 0.098415640033 0.0972661159894 0.226388814957 281.79145004 329.803110722 0.232442429919 0.0660994413692 0.0224762517055 0.583464569318 0.539480580904 0.305847420867 0.270878305898 0.196545155742
-9999.0 -9999.0 -9999.0 -9999.0 -9999.0 -9999.0 -9999.0 -9999.0 -9999.0 -9999.0 -9999.0 -9999.0 -9999.0 -9999.0 -9999.0 0.580945474463 1.75941035343 0.564892929745 0.576152522063 0.493753767889 0.927463069436 1.34361102764 1.76970072928 13.6570471706 13.9861305304 0.339417818113 0.640268977504 0.945471302426 1.13589287613 1.30905334002 1.78735059035 2.01626056698 0.0501389854562 0.0867735755396 0.0923560005201 0.094963184226 0.106610914938 0.118810918257 0.10317594342 0.142082329875 0.363629311529 0.171058813871 0.0593270900757 0.0581144842682 0.0417113892695 0.0763737017576 331.863882535 1.74507364954 0.752723947146 0.109152802277 0.0558962406719 0.0294354616774 0.0839642464604 0.0519096601974
-9999.0 -9999.0 -9999.0 -9999.0 -9999.0 -9999.0 -9999.0 -9999.0 -9999.0 -9999.0 -9999.0 -9999.0 -9999.0 -9999.0 0.617323402244 1.17941177385 4.07275152014 0.544232303074 1.16839266373 1.64475645037 2.07718341426 0.451072847282 0.828600164838 1.31323760835 15.739075726 0.319803150368 0.60180401966 0.886733153013 0.251392317795 0.48703733415 0.529869820646 0.716571725444 24.9224494059 25.114357997 25.304802933 26.0877793515 26.4032410992 26.9933824511 0.147341892886 0.348676697536 0.424918153985 28.606462534 28.706909219 0.0528097114018 0.0811764631158 0.108974796487 331.928920688 1.62341305158 0.715265979164 0.639850286701 0.570235691828 0.511164897638 0.11116635504 0.0301471881381
-9999.0 -9999.0 -9999.0 -9999.0 -9999.0 -9999.0 -9999.0 -9999.0 -9999.0 -9999.0 -9999.0 -9999.0 -9999.0 -9999.0 0.620802228135 1.88113314962 6.56679483536 9.7469863498 0.491866586802 12.6108142313 15.2024773885 0.422897945216 0.799899389434 1.26348327478 19.3819099876 19.7757181208 0.251490925235 1.39242311683 1.61917221611 1.79062469432 23.7131359198 23.9428831632 24.1414095198 0.102733407869 0.574904714936 0.679251259599 0.263393855337 0.370174486969 27.5020190716 27.9981590055 28.0720390043 28.1405273399 28.7794636688 0.0349844280285 0.0293609977247 0.164864769316 331.985822147 0.0732067377756 0.00257080128473 0.00730938540868 0.00308461030303 0.429310314653 0.409777266662 0.247053118851
-9999.0 -9999.0 -9999.0 -9999.0 -9999.0 -9999.0 -9999.0 -9999.0 -9999.0 -9999.0 -9999.0 -9999.0 -9999.0 -9999.0 -9999.0 -9999.0 1.3006158139 2.61343118336 11.5002414295 12.1066819751 15.7388436751 16.2650742604 0.40610138866 0.811827952252 1.94836014346 20.1833670428 20.7431444563 20.9487706224 0.1596564389 21.6232675811 21.8493316705 0.155522356903 0.104516507764 0.202791379657 0.38840704878 0.0909536693753 0.17458081484 0.364708632299 0.445958720653 0.0824167372358 0.0510626912248 0.0988071017176 29.1773533423 29.3017586085 29.327928553 29.5688830858 332.035707532 0.0624225560811 0.00137255524169 0.00166802051493 0.00162618750432 0.00170767842523 0.00141790047272 0.0025258321005
-9999.0 -9999.0 -9999.0 -9999.0 -9999.0 -9999.0 -9999.0 -9999.0 -9999.0 -9999.0 -9999.0 -9999.0 -9999.0 -9999.0 -9999.0 -9999.0 0.67708433237 0.662676889229 0.631080320747 1.20046271663 0.511767248873 17.2924612991 17.7695412974 0.410468058223 0.771287532149 0.342741648549 0.265185092075 0.255094438767 21.3328931507 0.0630217709845 0.126621086647 0.104284357402 0.112726355739 0.0951199105314 0.0689810856258 0.0722974944986 0.217441382838 0.299292576394 0.0530481920022 0.0453880838016 0.0976212889505 0.164964213283 0.230945352673 0.0690793066083 29.3718136915 29.5955727854 332.075890782 0.139710792589 0.00553863319946 0.000712002914653 0.00215445442052 0.000549123829884 0.000414837980913 0.00300610220626
-9999.0 -9999.0 -9999.0 -9999.0 -9999.0 -9999.0 -9999.0 -9999.0 -9999.0 -9999.0 -9999.0 -9999.0 -9999.0 -9999.0 -9999.0 -9999.0 -9999.0 -9999.0 0.652547057127 1.79072768257 2.29388100268 2.79808875585 18.2622349482 18.7535169811 19.2106998238 19.6481047309 19.8957813072 20.41158006 20.4810800536 20.5341042129 20.5986413077 0.100775403419 0.0908168901693 0.0944790142234 0.312959230027 0.0823457867163 0.0753063975947 0.0569644703081 0.160906592184 0.0624123891282 0.0455038061312 0.0418569108005 0.0348747335262 0.0695859020124 0.0992697065902 29.7941929577 362.049560726 0.068948944803 0.104624002965 0.000480997987748 0.00284656148677 0.00143785317428 0.000836663051245 0.27076758461
-9999.0 -9999.0 -9999.0 -9999.0 -9999.0 -9999.0 -9999.0 -9999.0 -9999.0 -9999.0 -9999.0 -9999.0 -9999.0 -9999.0 -9999.0 -9999.0 -9999.0 -9999.0 -9999.0 0.549090242488 4.30609375257 8.26078549606 8.75694307129 0.565208016616 0.976228631121 1.34191562299 1.62768404344 3.56134807273 3.66762705175 0.104951577939 0.0979771738583 20.8150663878 20.995473305 21.0780924045 0.369632288878 0.0478925368483 0.118359607593 0.173507285231 0.518248796972 0.634713824665 0.720669782427 0.0780983150829 0.10698862384 0.0349854346555 0.0687126199604 0.0350605120416 362.121403931 0.0455643189736 0.202827409104 0.0314311914451 0.0474811584837 0.270490275565 0.294149436196 0.592311336913
-9999.0 -9999.0 -9999.0 -9999.0 -9999.0 -9999.0 -9999.0 -9999.0 -9999.0 -9999.0 -9999.0 -9999.0 -9999.0 -9999.0 -9999.0 -9999.0 -9999.0 -9999.0 0.6071653622 1.9290446083 3.77195660241 4.92651753791 12.2547897875 12.7889409354 0.772904645402 1.13491945479 1.42940217315 1.70238824715 3.74655279095 3.94780501909 6.54874305346 6.74027785675 6.83256162481 21.1558499284 21.7006836855 0.117549499863 0.0779426387304 0.0729032427784 0.135370578146 0.0596422819145 0.834883810806 0.875237047018 0.140000121156 0.193508928813 0.0414504970252 100.276006163 100.348854003 462.521390816 462.793669539 0.0609233047465 0.178031881264 0.0755298057207 0.0454752925023 0.659399884485
-9999.0 -9999.0 -9999.0 -9999.0 -9999.0 -9999.0 -9999.0 -9999.0 -9999.0 -9999.0 -9999.0 -9999.0 -9999.0 -9999.0 -9999.0 -9999.0 -9999.0 -9999.0 -9999.0 0.687100683855 0.663679555788 1.25600670545 2.97320610505 13.3214158503 0.400608640603 0.394906071119 0.695801302601 1.00053769261 2.22187412619 2.33513545998 0.0739259070118 0.125092914351 6.95235778844 7.03058173997 28.8075706803 28.8732236458 0.0381332525779 0.0336068925956 0.0266229324356 0.0268757343863 0.0291108945178 99.4654285238 99.7115003594 99.9655782387 100.065668334 100.22714299 0.038650426273 0.139069644495 0.16160715236 463.031296718 463.068591929 463.156199618 463.218775542 463.278600318
-9999.0 -9999.0 -9999.0 -9999.0 -9999.0 -9999.0 -9999.0 -9999.0 -9999.0 -9999.0 -9999.0 -9999.0 -9999.0 -9999.0 -9999.0 -9999.0 -9999.0 -9999.0 -9999.0 -9999.0 0.609988883046 0.637601455738 1.17903398867 15.6164077812 16.1010746619 0.386001131239 0.688151013704 1.00042477885 1.13311555827 0.100596666801 0.239834584224 30.4316014022 30.5226610888 30.628810939 31.3545383905 60.314635557 97.8063977907 97.9062574982 97.9914029248 98.0733089676 98.4309069102 98.5490331999 0.203432632771 0.0878122799324 0.0543039825376 0.100695960384 0.0684971238454 0.110501237415 0.0336736878336 0.814715836195 0.934666856911 1.06078085888 1.07101150671 463.306306946
-9999.0 -9999.0 -9999.0 -9999.0 -9999.0 -9999.0 -9999.0 -9999.0 -9999.0 -9999.0 -9999.0 -9999.0 -9999.0 -9999.0 -9999.0 -9999.0 -9999.0 -9999.0 -9999.0 -9999.0 -9999.0 0.619558832283 1.18261067494 1.7493463614 16.5658320052 0.420523241924 21.9865633148 22.3142477896 22.4158327836 22.5663412523 29.8563860422 30.0357156781 0.0974764523924 0.538307616252 0.641797819591 0.0917499980308 37.3959194703 37.2316649882 0.0447732986132 0.10762898159 0.28571289324 0.063507635067 0.0657263415566 0.0439383073252 0.0355475199587 0.0268816432486 0.0315018338828 0.713700985027 0.746702188493 0.78809679094 0.0965449577119 0.103968007765 1.12547476234 1.14146860551
-9999.0 -9999.0 -9999.0 -9999.0 -9999.0 -9999.0 -9999.0 -9999.0 -9999.0 -9999.0 -9999.0 -9999.0 -9999.0 -9999.0 -9999.0 -9999.0 -9999.0 -9999.0 -9999.0 -9999.0 -9999.0 0.567279741756 0.527348543732 2.73003420411 20.3300919987 21.2528833498 21.6857260502 0.315683426547 7.0337991897 7.11261251036 7.16162314553 0.150630366262 0.264022821654 0.354045246049 8.69886254663 8.76855184708 8.82517526223 37.1310250758 23.7344627866 0.0609627327365 0.0612704037964 0.0575611062867 0.0416592633347 0.447324283774 0.530062945925 0.601491077333 0.64121652235 0.6791598799 6.29532338836 6.32218504958 6.37086900769 6.48762003794 6.82243600196 6.83275293637
-9999.0 -9999.0 -9999.0 -9999.0 -9999.0 -9999.0 -9999.0 -9999.0 -9999.0 -9999.0 -9999.0 -9999.0 -9999.0 -9999.0 -9999.0 -9999.0 -9999.0 -9999.0 -9999.0 -9999.0 -9999.0 -9999.0 1.10292593405 1.67627730093 0.527782341782 0.403636541518 6.05249307875 6.37902093598 6.57354281244 1.87498891766 1.94000489512 2.02722440449 2.13099564181 8.53889170138 8.64232572654 4.37424965379 13.2735859207 13.3409744475 23.6882336202 0.121705850021 0.060390238947 0.0395902639411 0.313687656239 0.366238263479 0.0278269209124 0.0255781392708 6.17039722186 6.23715836349 6.2705525414 0.0511857576572 0.0808623624519 6.78116924576 0.0218819522904 0.0672688926488
-9999.0 -9999.0 -9999.0 -9999.0 -9999.0 -9999.0 -9999.0 -9999.0 -9999.0 -9999.0 -9999.0 -9999.0 -9999.0 -9999.0 -9999.0 -9999.0 -9999.0 -9999.0 -9999.0 -9999.0 -9999.0 -9999.0 0.549063655824 1.08514926603 4.35553489948 4.87909438656 5.3093066635 1.56829898526 1.80528724899 0.0792816533279 6.17223350845 6.23800522824 6.30753521098 0.0908037711738 4.18563379832 4.294165828 0.0708299926263 23.3627423672 0.144891331797 0.0717461286518 0.173243908528 0.233901406225 0.0413128366019 0.0326201578341 5.82276257949 6.10883823631 6.15013221252 0.0410502198341 0.0829200989669 0.104316667991 0.125796614331 0.252417750942 0.0249398147442 0.0552640483532
