data/baseflow/History/mHMbfrc582
ncols                  80
nrows                 72
xllcorner      4374000.0
yllcorner      5656000.0
cellsize            500
NODATA_value       -9999
[rows 24 to 47 of 72, columns 0 to 53 of 80]
-9999.0 -9999.0 -9999.0 -9999.0 -9999.0 -9999.0 -9999.0 -9999.0 -9999.0 -9999.0 -9999.0 -9999.0 0.63470888176 1.76449808868 2.33201722981 4.04135401427 0.533517120822 1.07173001441 1.56671098755 5.88773393248 6.20712921388 6.33835339446 6.69322262892 7.16478907861 12.3873198766 13.723774218 14.2535517736 0.128204483295 1.2492434449 1.35999502536 24.8099127061 25.2188436513 25.3782704473 25.5371512105 25.7257885236 99.3170946012 0.517886096777 224.771612149 0.301480606993 0.100586646774 1.90256041271 1.73640549536 0.202263054127 1.06693745287 1.52067124188 1.51416503097 1.03482634405 1.69517488998 2.68914308622 1.00856484247 2.68669793347 0.189307338616 0.232672396115 0.0501494139424
-9999.0 -9999.0 -9999.0 -9999.0 -9999.0 -9999.0 -9999.0 -9999.0 -9999.0 -9999.0 -9999.0 -9999.0 0.593675347221 1.18008114238 0.559412507156 1.13013044867 0.508090142373 3.86397295233 4.89387640393 5.40256979315 0.470494593208 0.8433256002 9.58051378516 11.6319729397 11.9760230675 0.903595062108 0.806804642655 1.05906111708 0.096446428309 0.0874725595866 0.168529334801 0.123723031221 17.1665734799 17.320864297 17.4972895885 99.6993614105 226.459411553 224.899213855 0.164405725771 0.074344969272 0.0685640490805 0.325035516551 0.26559657152 1.16614699088 1.74537035275 3.5867350078 0.327503004749 0.327731887719 2.92256199665 3.15361529267 6.32972722458 6.50035470642 6.78820673863 6.88628265574
-9999.0 -9999.0 -9999.0 -9999.0 -9999.0 -9999.0 -9999.0 -9999.0 -9999.0 -9999.0 -9999.0 -9999.0 -9999.0 0.565605951914 1.14090591815 1.71945743304 2.78077809535 0.575474471389 0.532975585004 4.50284363705 4.98706747533 8.90573248518 9.3689828149 1.30634029758 0.468307640039 0.45422676459 0.425741903734 16.4070562081 16.6056942117 16.7223672892 16.810167338 17.0339987142 1.86662285809 2.12107305186 19.8744836343 346.21805843 1.1068698706 0.854915481001 0.302979855911 0.0972555337062 0.0681903569791 0.464147574955 0.521487489108 1.28446470812 0.0567200959218 3.66512596522 0.469627393769 0.456946140877 0.0584166498833 0.0478194874681 0.0472268882652 0.104666381528 0.049051584293 6.93527979978
-9999.0 -9999.0 -9999.0 -9999.0 -9999.0 -9999.0 -9999.0 -9999.0 -9999.0 -9999.0 -9999.0 -9999.0 -9999.0 -9999.0 0.553295820343 1.33096928048 2.10172442706 2.90296747027 3.43705747401 3.98470691368 1.58333781116 2.59662169139 0.459916737148 0.452809042259 14.2501677305 15.1476100141 15.582025236 16.0392597635 0.33615736712 0.563480202516 1.45494211514 1.54925612423 1.67674645259 0.266900566304 0.383139853077 347.192598037 0.292745993141 0.381471611638 0.178848590343 0.444896101935 0.205020585346 0.148130915409 1.93831704335 2.15895373212 0.116685749539 3.8164391335 4.32693292511 0.488217391738 95.6792748108 95.5787346861 95.4778867738 95.1592168797 94.944349497 92.9381676332
-9999.0 -9999.0 -9999.0 -9999.0 -9999.0 -9999.0 -9999.0 -9999.0 -9999.0 -9999.0 -9999.0 -9999.0 -9999.0 -9999.0 0.220454774751 0.49704418293 0.782723617144 7.70878770629 8.2569477205 0.553239944933 0.535456042574 0.507282956358 12.361370725 13.3333998173 0.470461744184 0.463545526308 0.416268081102 1.6350820335 2.03043223996 0.976323194113 1.16044596158 9.27237293691 9.5102910097 10.1609301235 15.9488717308 363.360815621 0.32166667268 0.166696335542 0.710089937785 0.573620224125 0.147916713179 0.455131392008 0.614735788402 2.33977868694 2.51442689129 7.16366503981 4.39913923655 0.529870484959 98.1874645744 1.40328114659 95.3620588969 95.2657909669 1.82292868552 0.156117682422
-9999.0 -9999.0 -9999.0 -9999.0 -9999.0 -9999.0 -9999.0 -9999.0 -9999.0 -9999.0 -9999.0 -9999.0 -9999.0 -9999.0 1.17276186598 1.92091364472 3.91105520308 6.98393329415 9.04129653375 10.3561214188 10.8735398994 11.3951915184 11.895904554 0.482538573472 0.44754266301 0.868078289047 0.827655946879 0.413504272544 8.08148394221 8.46878417978 8.83547092493 9.17337561471 4.72332946941 4.85335501826 5.31388717966 363.545200414 0.557716942899 0.454515617485 1.2362633251 0.114148631684 0.399888550253 0.228427820192 0.149868436334 0.806841607044 0.143436607499 0.149914564413 106.148825903 98.8547964042 98.6953721716 0.525953229523 1.32545402537 0.797241146083 0.148265177038 1.43263445372
-9999.0 -9999.0 -9999.0 -9999.0 -9999.0 -9999.0 -9999.0 -9999.0 -9999.0 -9999.0 -9999.0 -9999.0 -9999.0 -9999.0 0.819292137878 0.783732002934 1.53933518229 2.31734077098 0.615543449257 0.514532958841 1.05001845614 1.5715133836 2.5414328244 3.02884274346 3.49363860126 4.83053520222 5.2496240692 5.67714842109 0.365648319953 3.95052614175 4.24660443042 4.43207238628 0.100205917206 0.024037001693 0.0653469149865 368.730605103 368.908088091 369.815134263 1.55107416467 0.224911666273 0.583305125236 0.15615992187 0.279197154024 0.951858642745 1.21943836312 0.276431938103 106.877493792 0.268293307053 0.303705794526 0.311778206603 0.318999663523 0.48235937704 0.215754620979 1.00982854461
-9999.0 -9999.0 -9999.0 -9999.0 -9999.0 -9999.0 -9999.0 -9999.0 -9999.0 -9999.0 -9999.0 -9999.0 -9999.0 -9999.0 -9999.0 0.752942384247 1.48424334078 0.713160846918 1.43399518942 8.97534238309 9.58831960345 10.1101719049 0.492380911408 0.485517938889 0.951212016405 1.40296716717 2.24333537339 2.64566139412 2.84799913186 3.2024636225 0.307001635653 0.214654057412 4.67725199208 4.70496446256 4.80174494642 4.93665310933 4.31299041835 374.704789458 377.134359096 377.243506854 377.929352316 378.482064159 378.963768907 0.157044509671 1.35549621914 107.039190366 0.394642095673 0.201616257068 0.266992004269 0.239581966092 0.394099787784 0.275088169439 0.154316956753 0.200029174487
-9999.0 -9999.0 -9999.0 -9999.0 -9999.0 -9999.0 -9999.0 -9999.0 -9999.0 -9999.0 -9999.0 -9999.0 -9999.0 -9999.0 -9999.0 -9999.0 2.20238540112 2.9602043711 5.22139135026 6.79080702757 0.799168888267 11.4540080224 11.9437704065 12.4314212412 0.478740042645 0.944392880905 0.429734888453 3.15296201342 3.34247659731 3.64508515521 3.93041916898 4.58616925204 4.62796910269 0.0322890264348 3.72030916473 4.0053079669 4.17554078926 4.71262111392 0.715293135528 0.458021297069 0.264638194821 0.249643338522 379.405544518 379.6681762 382.045279238 107.22516462 1.10844198694 0.545545710343 0.390949420586 0.104124396967 0.961357420664 0.442356419028 0.139794303642 0.704178221644
-9999.0 -9999.0 -9999.0 -9999.0 -9999.0 -9999.0 -9999.0 -9999.0 -9999.0 -9999.0 -9999.0 -9999.0 -9999.0 -9999.0 -9999.0 -9999.0 0.78508791326 3.72525577875 4.51551266373 0.818667387217 0.526202022506 1.04517364966 1.5208565672 14.4410116332 0.477032394216 1.91194835018 2.3528093766 2.78455071563 0.198143041213 0.48492021017 0.584400202618 3.03825579324 3.28168615927 3.40985206063 0.137135768808 0.121312012531 0.123745867567 0.22545470781 0.0863047322205 0.0934992153482 0.207049341946 0.151540748511 0.213608170319 0.813067779159 382.323783036 490.258587414 1.37117171046 0.168664844526 0.128941141436 2.73207965378 2.50768003624 1.38830570021 1.22278267292 0.883322631301
-9999.0 -9999.0 -9999.0 -9999.0 -9999.0 -9999.0 -9999.0 -9999.0 -9999.0 -9999.0 -9999.0 -9999.0 -9999.0 -9999.0 -9999.0 0.677713810505 2.18511531243 0.722976026486 0.713627882363 0.5823220437 1.13194908865 1.66140964886 2.25245569461 17.3806631632 17.8438362983 0.474122799149 0.915700647769 1.35594231995 1.63218058313 1.8923183922 2.55488398306 2.9070698328 0.0686416148732 0.135553125061 0.132132878335 0.218981808756 0.202278210608 0.19238142601 0.163118225238 0.180293022114 0.928972125046 0.446148959984 0.312354979388 0.307851244467 0.242806970581 0.453500346985 499.159846319 7.39153967105 3.45904134821 0.416829064275 0.191592805369 0.149608844885 0.433069521951 0.271877645825
-9999.0 -9999.0 -9999.0 -9999.0 -9999.0 -9999.0 -9999.0 -9999.0 -9999.0 -9999.0 -9999.0 -9999.0 -9999.0 -9999.0 0.707378347424 1.37637147402 4.96795686336 0.717316804941 1.53257782342 2.10278280594 2.64534013025 0.554687025779 1.05347093229 1.73201455428 20.2203257287 0.454528967961 0.876920884729 1.29102370042 0.366574430371 0.709466538779 0.779454963157 1.06523980381 33.9508687273 34.2730042203 34.595470686 36.3367495446 36.9406796881 38.3120520895 0.409659820349 0.8243175016 1.13758137137 43.0339371179 43.5712099643 0.286561680141 0.466427772504 0.644474783589 499.417859291 7.12824692084 3.0399742415 2.8058658262 2.58472142614 2.39698691534 0.576627940517 0.156514522813
-9999.0 -9999.0 -9999.0 -9999.0 -9999.0 -9999.0 -9999.0 -9999.0 -9999.0 -9999.0 -9999.0 -9999.0 -9999.0 -9999.0 0.716727741491 2.17487367867 7.85714518355 11.6360100166 0.659861550837 15.3346474697 18.6866137708 0.526759660022 1.01999067056 1.65166537278 25.0517751163 25.6455755002 0.409656890549 2.11066591738 2.47464512705 2.71895836945 31.9697639345 32.3711931298 32.7747829262 0.215933455791 1.23189600728 1.46568558194 0.714684584968 1.02465715995 39.8099821853 41.1339050013 41.4159933087 41.6899130694 43.9764527153 0.198555521783 0.185829187576 1.00661967307 499.720402655 0.369913407923 0.00537102747888 0.0289525746267 0.0131223452418 2.07322189787 1.98927384657 1.17927854653
-9999.0 -9999.0 -9999.0 -9999.0 -9999.0 -9999.0 -9999.0 -9999.0 -9999.0 -9999.0 -9999.0 -9999.0 -9999.0 -9999.0 -9999.0 -9999.0 1.52778265939 3.08771121206 13.8377286238 14.6150079532 19.3802352947 20.1016740418 0.519294924805 1.03753871695 2.57037426468 26.2955765303 27.1932273051 27.5709947028 0.323974184826 28.7569434689 29.1418669108 0.279229134092 0.218199117581 0.422558807098 0.834254867078 0.206959288511 0.427583849699 0.981832368573 1.2423603636 0.239405132006 0.184195853941 0.374165250656 45.1715862626 45.5206314221 45.6883198503 47.1010565668 499.990055997 0.331058073262 0.00342601111968 0.00974022652245 0.00901563162111 0.0093088399025 0.00783770011545 0.0143525860856
-9999.0 -9999.0 -9999.0 -9999.0 -9999.0 -9999.0 -9999.0 -9999.0 -9999.0 -9999.0 -9999.0 -9999.0 -9999.0 -9999.0 -9999.0 -9999.0 0.800869791085 0.786953001533 0.776554231875 1.55901333162 0.697795665338 21.4860408215 22.148408484 0.543013088311 1.02247354558 0.485939435064 0.429429337066 0.420780775401 28.2069665823 0.107544647534 0.218849794179 0.177150976353 0.221604629359 0.205349519514 0.175192001561 0.180509289933 0.552749356977 0.751859862339 0.160396155311 0.146010764324 0.313318421621 0.509975457758 0.615734533072 0.142423146388 45.892804327 47.2762585953 500.20471524 0.57085681464 0.025519945033 0.00527338671704 0.0128091263726 0.00393193094361 0.00285915971322 0.0176733575232
-9999.0 -9999.0 -9999.0 -9999.0 -9999.0 -9999.0 -9999.0 -9999.0 -9999.0 -9999.0 -9999.0 -9999.0 -9999.0 -9999.0 -9999.0 -9999.0 -9999.0 -9999.0 0.777432774436 2.28092765597 2.93333237732 3.61258322685 22.8028831492 23.442106777 24.0795192528 24.7300684452 25.1403992483 25.9738810788 26.092422185 26.1863459284 26.3100868811 0.199684384379 0.192065082352 0.200023172747 0.742260106645 0.194939537404 0.190233149404 0.159556250435 0.473559845925 0.182555538877 0.151734094179 0.142880639321 0.125461964789 0.250490614178 0.369090141896 48.0495170264 549.04047186 0.210494087442 0.437275216041 0.00402156764149 0.0149035581998 0.00578446612151 0.00577433950547 1.23602758041
-9999.0 -9999.0 -9999.0 -9999.0 -9999.0 -9999.0 -9999.0 -9999.0 -9999.0 -9999.0 -9999.0 -9999.0 -9999.0 -9999.0 -9999.0 -9999.0 -9999.0 -9999.0 -9999.0 0.667342493803 5.16725259305 10.2004044325 10.9070612115 0.753229686491 1.29693868599 1.77306220735 2.16958914048 4.80247713154 4.99585878187 0.193245844189 0.188765316423 26.702139663 27.0720961096 27.2514399742 0.897650838425 0.148622758955 0.349858646077 0.515891472883 1.543023518 1.89020533652 2.18228694564 0.272222874411 0.385570356587 0.131429223862 0.263624276139 0.136358557653 549.329334663 0.200739362235 0.819247347826 0.222717975245 0.334153770147 1.25963694939 1.36817621155 2.70787903846
-9999.0 -9999.0 -9999.0 -9999.0 -9999.0 -9999.0 -9999.0 -9999.0 -9999.0 -9999.0 -9999.0 -9999.0 -9999.0 -9999.0 -9999.0 -9999.0 -9999.0 -9999.0 0.728195482965 2.29843067998 4.51257036558 5.91261015771 15.1756323164 15.9119150577 0.99005391877 1.46921790352 1.87206376069 2.26317139278 5.13121110327 5.49477740629 8.97477417501 9.21783597846 9.38334383816 27.4402448538 28.8584923368 0.344778092562 0.212131592832 0.205890489429 0.402165180013 0.188617091457 2.54535303016 2.68548947874 0.512287852993 0.62119446969 0.129661911495 138.371775612 138.666191564 688.231554459 689.343855061 0.200103714706 0.748269584237 0.409095764704 0.304986746952 3.1596591196
-9999.0 -9999.0 -9999.0 -9999.0 -9999.0 -9999.0 -9999.0 -9999.0 -9999.0 -9999.0 -9999.0 -9999.0 -9999.0 -9999.0 -9999.0 -9999.0 -9999.0 -9999.0 -9999.0 0.813482819975 0.791416532145 1.51167599052 3.60885746364 16.5734101128 0.505704721985 0.499870585078 0.9157185218 1.31105864042 2.90834428108 3.06585355978 0.0951199132499 0.165830983724 9.6064012388 9.80704671351 38.8259800139 38.9777146165 0.137877913746 0.124683376098 0.109915852802 0.110840146442 0.1164688245 135.964402949 136.773080206 137.500304595 137.729064708 138.256153103 0.152839083335 0.572950837079 0.742513789009 690.476035442 690.653860822 690.792319479 690.933650489 691.03545295
-9999.0 -9999.0 -9999.0 -9999.0 -9999.0 -9999.0 -9999.0 -9999.0 -9999.0 -9999.0 -9999.0 -9999.0 -9999.0 -9999.0 -9999.0 -9999.0 -9999.0 -9999.0 -9999.0 -9999.0 0.738267267705 0.766234311846 1.43332146754 19.37283481 20.0478153841 0.492115352199 0.899108761765 1.30172429777 1.4669743759 0.127256984031 0.318950330355 38.5650162717 38.7565891636 38.9067968231 40.2085227751 79.3362763649 130.781540192 131.091699965 131.383474512 131.664957104 132.783999397 133.138459023 0.684843301674 0.316978431166 0.184956163329 0.352921289682 0.283970208758 0.445477154703 0.146644367835 3.00085211693 3.59097146245 4.09091884817 4.19817397978 691.158499476
-9999.0 -9999.0 -9999.0 -9999.0 -9999.0 -9999.0 -9999.0 -9999.0 -9999.0 -9999.0 -9999.0 -9999.0 -9999.0 -9999.0 -9999.0 -9999.0 -9999.0 -9999.0 -9999.0 -9999.0 -9999.0 0.750783555016 1.44280527247 2.13679279691 20.6252431147 0.598675173858 27.5950403249 28.0110586605 28.1371616728 28.3209240385 37.7966487483 38.0269965794 0.211724982536 0.975367725195 1.181413162 0.218200816733 51.1315657872 50.7267714433 0.143346587009 0.324023475939 0.8618840328 0.185994495392 0.197371714431 0.159967657941 0.143302153376 0.116838177886 0.135705222578 2.52162579006 2.66482686185 2.83093571249 0.387668829884 0.301578686541 4.3929379294 4.55435348761
-9999.0 -9999.0 -9999.0 -9999.0 -9999.0 -9999.0 -9999.0 -9999.0 -9999.0 -9999.0 -9999.0 -9999.0 -9999.0 -9999.0 -9999.0 -9999.0 -9999.0 -9999.0 -9999.0 -9999.0 -9999.0 0.693612415306 0.653420533048 3.3726091916 25.3236148523 26.5772808254 27.1936312706 0.429890410751 9.19251334833 9.28880544609 9.33961253786 0.204643974459 0.435767819077 0.651517181736 12.0066185905 12.1825911771 12.3419816416 50.4249754335 31.4498400239 0.178027750852 0.183039954953 0.175861708112 0.148588011531 1.46501490202 1.7808973643 2.06419473785 2.22287644143 2.37689321247 12.5418304891 12.6694045254 12.7709397271 13.0071090955 14.4962038464 14.596588296
-9999.0 -9999.0 -9999.0 -9999.0 -9999.0 -9999.0 -9999.0 -9999.0 -9999.0 -9999.0 -9999.0 -9999.0 -9999.0 -9999.0 -9999.0 -9999.0 -9999.0 -9999.0 -9999.0 -9999.0 -9999.0 -9999.0 1.35899451153 2.06756975753 0.712229676016 0.500219976098 7.79852970245 8.25379376038 8.55711788797 2.60911043786 2.70783407361 2.83526406878 3.03972424028 11.6225275603 11.8413463422 6.10756849014 18.6386523111 18.8175647227 31.3036175739 0.360759512614 0.18256016764 0.139323009613 0.995537971276 1.17024317997 0.122855620671 0.115930081101 11.9816252675 12.2717146401 12.4242096021 0.12126992214 0.170765838401 14.2144303658 0.168352430617 0.752829107402
-9999.0 -9999.0 -9999.0 -9999.0 -9999.0 -9999.0 -9999.0 -9999.0 -9999.0 -9999.0 -9999.0 -9999.0 -9999.0 -9999.0 -9999.0 -9999.0 -9999.0 -9999.0 -9999.0 -9999.0 -9999.0 -9999.0 0.680780773416 1.34834851958 5.55890378483 6.26483041971 6.8528081758 2.14367655964 2.50698222928 0.113451470598 8.14061113737 8.24700661673 8.36901840426 0.174944990091 5.69369167226 5.91742547364 0.184635334978 30.3833317894 0.38756829367 0.193045117833 0.525387714015 0.708452671738 0.150407382736 0.127686686705 10.5984685514 11.709246847 11.8791683837 0.165875040328 0.392246898865 0.498340993506 0.602189477242 1.135897578 0.278288280862 0.614522134655
