data/baseflow/History/mHMbfrc380
ncols                  80
nrows                 72
xllcorner      4374000.0
yllcorner      5656000.0
cellsize            500
NODATA_value       -9999
[rows 0 to 23 of 72, columns 0 to 53 of 80]
-9999.0 -9999.0 -9999.0 -9999.0 -9999.0 -9999.0 -9999.0 -9999.0 -9999.0 -9999.0 -9999.0 -9999.0 0.759513922159 0.79138835006 -9999.0 -9999.0 -9999.0 -9999.0 -9999.0 -9999.0 -9999.0 -9999.0 -9999.0 -9999.0 -9999.0 -9999.0 -9999.0 -9999.0 -9999.0 -9999.0 -9999.0 -9999.0 -9999.0 -9999.0 -9999.0 -9999.0 -9999.0 -9999.0 -9999.0 -9999.0 -9999.0 -9999.0 -9999.0 -9999.0 -9999.0 -9999.0 -9999.0 -9999.0 -9999.0 -9999.0 -9999.0 -9999.0 -9999.0 -9999.0
-9999.0 -9999.0 -9999.0 -9999.0 -9999.0 -9999.0 -9999.0 -9999.0 -9999.0 -9999.0 -9999.0 -9999.0 1.50343450089 3.71634365658 0.682137686204 -9999.0 0.604691149789 -9999.0 -9999.0 -9999.0 -9999.0 -9999.0 -9999.0 -9999.0 -9999.0 -9999.0 -9999.0 -9999.0 -9999.0 -9999.0 -9999.0 -9999.0 -9999.0 -9999.0 -9999.0 -9999.0 -9999.0 -9999.0 -9999.0 -9999.0 -9999.0 -9999.0 -9999.0 -9999.0 -9999.0 -9999.0 -9999.0 -9999.0 -9999.0 -9999.0 -9999.0 -9999.0 -9999.0 -9999.0
-9999.0 -9999.0 -9999.0 -9999.0 -9999.0 -9999.0 -9999.0 -9999.0 -9999.0 -9999.0 0.695754844181 0.675052690407 0.701681845026 0.690943647206 4.99432159248 5.66771352895 1.69598791351 0.543864633896 -9999.0 -9999.0 -9999.0 -9999.0 -9999.0 -9999.0 -9999.0 -9999.0 -9999.0 -9999.0 -9999.0 -9999.0 -9999.0 -9999.0 -9999.0 -9999.0 -9999.0 -9999.0 -9999.0 -9999.0 -9999.0 -9999.0 -9999.0 -9999.0 -9999.0 -9999.0 -9999.0 -9999.0 -9999.0 -9999.0 -9999.0 -9999.0 -9999.0 -9999.0 -9999.0 -9999.0
-9999.0 -9999.0 -9999.0 -9999.0 -9999.0 -9999.0 -9999.0 -9999.0 -9999.0 0.684784910006 1.36867123514 2.71768664879 1.33927607536 0.645874195567 1.25556630406 6.26879714947 9.22211439836 0.611626327636 -9999.0 0.643582441528 -9999.0 -9999.0 -9999.0 -9999.0 1.17484285368 0.598371794515 -9999.0 -9999.0 -9999.0 -9999.0 -9999.0 -9999.0 -9999.0 -9999.0 -9999.0 -9999.0 -9999.0 -9999.0 -9999.0 -9999.0 -9999.0 -9999.0 -9999.0 -9999.0 -9999.0 -9999.0 -9999.0 -9999.0 -9999.0 -9999.0 -9999.0 -9999.0 -9999.0 -9999.0
-9999.0 -9999.0 -9999.0 -9999.0 -9999.0 -9999.0 -9999.0 -9999.0 0.809727481151 2.2371410363 2.89111384912 3.54904359711 4.6798585094 0.598053163736 2.40619331112 2.9778680945 13.4476384747 0.603743593179 0.533140051098 1.19757777341 1.73692063843 0.566976310402 -9999.0 3.05126181105 2.50222012191 0.685047942472 -9999.0 -9999.0 -9999.0 -9999.0 -9999.0 -9999.0 -9999.0 -9999.0 -9999.0 -9999.0 -9999.0 -9999.0 -9999.0 -9999.0 -9999.0 -9999.0 -9999.0 -9999.0 -9999.0 -9999.0 -9999.0 -9999.0 -9999.0 -9999.0 -9999.0 -9999.0 -9999.0 -9999.0
-9999.0 -9999.0 -9999.0 -9999.0 -9999.0 -9999.0 0.806099106275 0.727494503886 0.683172974627 0.699426065095 0.706045534766 4.97634247089 10.3130393706 10.9548820746 11.4302178963 0.435305865522 14.4762638048 15.0234033953 1.08283855632 0.546828818886 2.26430538664 3.93391299478 0.607078723308 4.90557880006 0.59361651361 0.62694467505 0.617660508991 -9999.0 -9999.0 -9999.0 -9999.0 -9999.0 -9999.0 -9999.0 -9999.0 -9999.0 -9999.0 -9999.0 -9999.0 -9999.0 -9999.0 -9999.0 -9999.0 -9999.0 -9999.0 -9999.0 -9999.0 -9999.0 -9999.0 -9999.0 -9999.0 -9999.0 -9999.0 -9999.0
-9999.0 -9999.0 -9999.0 -9999.0 -9999.0 -9999.0 1.60903382352 2.36601925006 5.30356688507 7.33132289938 0.615378811454 0.633909103899 0.601179979445 1.77282382966 13.7360903935 0.457502872897 15.5403537955 17.5738505411 1.59233645725 1.04009709298 4.43634661838 0.550054635134 5.43959089396 1.09760312449 0.551378644885 1.15818318346 1.20996250988 0.594755343559 0.599278989356 0.580448281067 0.633537161656 1.26773609488 -9999.0 -9999.0 -9999.0 -9999.0 -9999.0 -9999.0 -9999.0 -9999.0 -9999.0 -9999.0 -9999.0 -9999.0 -9999.0 -9999.0 -9999.0 -9999.0 -9999.0 -9999.0 -9999.0 -9999.0 -9999.0 -9999.0
-9999.0 -9999.0 -9999.0 -9999.0 -9999.0 0.902674967406 1.72006248198 0.806752436844 1.55418265699 8.09675228086 9.42692732071 10.7332125759 34.7094847858 0.591194467665 14.3155559232 53.6760718087 54.0719823692 72.3664119405 0.449685613834 1.53648223442 4.94200681254 0.500102714614 11.6192750311 5.66243534895 3.49771277367 2.94170847988 0.596512330598 1.75441815344 1.73519966128 1.15511665025 0.564269196671 1.85314387582 0.562215792108 0.552002742382 -9999.0 -9999.0 -9999.0 -9999.0 -9999.0 -9999.0 -9999.0 -9999.0 -9999.0 -9999.0 -9999.0 -9999.0 -9999.0 -9999.0 -9999.0 -9999.0 -9999.0 -9999.0 -9999.0 -9999.0
-9999.0 -9999.0 -9999.0 -9999.0 -9999.0 0.902500897117 2.59339873474 5.14314621492 5.89888267987 11.5925617534 12.2884500059 14.4875673465 23.3888669145 36.5548630678 37.7896382044 38.3718389028 1.01267499229 74.1962249858 75.1082085873 77.6685986539 96.305735919 13.1850333009 12.1694291085 4.03907171335 0.528927278175 3.39191291304 2.29719619887 0.51563279321 2.26365027059 0.509491395859 1.05723650887 2.93254722054 3.47757223161 1.08779708746 0.540459348015 0.525304150577 -9999.0 -9999.0 -9999.0 -9999.0 0.579739074719 0.509906151376 -9999.0 -9999.0 -9999.0 -9999.0 -9999.0 -9999.0 -9999.0 -9999.0 -9999.0 -9999.0 -9999.0 -9999.0
-9999.0 -9999.0 -9999.0 -9999.0 -9999.0 0.866680991212 0.804647722202 3.38785253657 4.16117603797 4.96478617209 0.750109561032 1.48169358438 8.42818148895 1.50150764004 0.681448425847 0.617508783056 0.547193201632 0.622654371901 0.57564083476 0.591969707765 96.8507616549 98.3903100721 0.50003328985 1.54222522836 1.05125898832 3.91003263577 1.04488746922 0.504725152478 2.80638151039 0.995222669038 2.39956836601 6.08206224194 5.63368076459 1.61906084477 1.58954535007 0.541613961384 0.538488677972 -9999.0 -9999.0 0.534217987981 1.22251907245 2.80512886908 0.542294162367 -9999.0 -9999.0 -9999.0 -9999.0 -9999.0 -9999.0 -9999.0 -9999.0 -9999.0 -9999.0 -9999.0
-9999.0 -9999.0 -9999.0 -9999.0 -9999.0 -9999.0 0.883963720039 0.897288494516 1.66667687793 2.45580004359 5.49984932659 7.00790973657 7.76375211119 0.802899721473 0.606348763968 8.21483759009 10.0420721044 10.6099222151 12.9772021514 13.512003707 0.536015275975 98.9316260587 101.418280911 1.96089541846 0.264108268521 4.33629338852 9.66906270959 3.81251971175 0.979504306687 0.48814382635 9.45162207987 6.5900582244 0.494772640393 0.497035384665 2.09942312009 1.59249597186 0.514798488345 0.507387774462 0.522501948232 1.0444165865 0.505214181938 3.41578603324 3.91454723795 0.486695218194 -9999.0 -9999.0 -9999.0 -9999.0 0.554577226926 0.526544213377 0.149666793641 -9999.0 -9999.0 -9999.0
-9999.0 -9999.0 -9999.0 -9999.0 -9999.0 -9999.0 -9999.0 0.863065578512 0.715101554765 1.53324672961 2.32619639234 0.759668893703 0.683915403794 4.32503534222 5.66148759658 7.02680964072 0.635637736095 1.22513325836 0.607669632495 14.0679284198 31.6115044491 32.1839705358 134.711907721 0.506431647055 0.793071683881 0.2424490768 10.1586020136 0.49106675681 1.47740541087 0.483350429322 9.93946258769 10.4267127397 0.993715866704 0.981324639926 5.24513432977 2.62718529933 1.03797382017 0.528022661368 1.04235593933 1.55611086044 2.5451195214 0.485303157577 4.90477469699 5.40322215309 0.458571572169 0.48076405015 0.507683953921 0.470589631383 0.453615950795 1.55793323896 0.576883794463 0.362539132627 -9999.0 -9999.0
-9999.0 -9999.0 -9999.0 -9999.0 -9999.0 -9999.0 -9999.0 -9999.0 1.54781375648 2.2048527125 0.748624657212 1.53119905295 2.25222993764 3.69355814809 0.728048296763 0.691317140708 0.58979986872 0.59712629986 0.543501584914 16.4068845602 0.620503772467 1.2060195888 136.59303498 138.052219783 0.629891269831 2.04106643402 12.6931136067 0.967345496618 1.92706074573 0.909114222744 1.3579644753 12.3339305843 1.45380114097 7.62986175129 6.19802539575 0.481071007012 2.55221293535 1.02732277517 1.52567433685 0.482175137437 3.03623050306 4.00711368127 4.45163957402 4.87766542207 7.15141107928 0.878718763788 0.927067701045 0.864905708973 0.827064894981 1.96609199908 0.404000369026 1.34791143389 1.71544798644 -9999.0
-9999.0 -9999.0 -9999.0 -9999.0 -9999.0 -9999.0 -9999.0 -9999.0 0.822694535774 3.83342970642 4.55909334697 0.725720464655 1.4174058258 0.69010010277 0.632129592628 0.620173904507 7.93566583093 10.59491156 13.1499516742 15.7920781512 0.665426950491 0.600200707529 0.674741340844 141.058312467 142.720098856 143.404426715 17.2449918746 3.8986713784 3.36707155473 0.440910835588 1.78369446898 14.5599798633 0.435367042761 8.07503320923 0.472721792964 3.29027330951 3.06070236893 0.490952523736 2.0066756353 0.959673029951 1.42959004617 0.470116018497 0.413949435363 5.29935846697 5.69515555349 7.54628927309 1.34397123737 1.2657890495 1.2182747734 2.38520019031 3.20067107031 0.406601328301 2.09992013848 0.402078931288
-9999.0 -9999.0 -9999.0 -9999.0 -9999.0 -9999.0 -9999.0 -9999.0 -9999.0 0.854486448927 5.33705793432 6.05331487586 2.11851445374 3.51198057371 4.80355732209 5.46636084055 0.680358644804 2.0575402144 1.34935574193 0.694188123283 0.672623573932 0.5981097555 1.20649590819 2.1278694429 0.850935285711 162.215951585 162.871877629 0.608698496947 0.45486649254 0.88525859885 1.32550946638 15.8714108152 0.869613036935 8.48441254025 5.05399904253 4.15891738445 0.472427039679 0.951265163525 2.45233351982 0.444804504409 1.86235067672 0.907877479658 0.665894522009 0.235711666797 6.54824841416 14.4323796444 1.65620560033 1.58375543258 1.57221284406 0.349851439419 3.55169442002 0.342837829045 2.84558128639 0.356896984034
-9999.0 -9999.0 -9999.0 -9999.0 -9999.0 -9999.0 -9999.0 -9999.0 -9999.0 -9999.0 0.729764092708 7.52231547644 0.695423270334 1.39479525121 2.03010895576 3.28940924188 0.646252667006 1.36463157898 0.659291753466 0.620486797967 0.583800131343 1.1606681017 0.52835270522 0.624537798475 1.31971165729 0.770324544951 163.606278271 164.890825344 166.658747604 1.82224799174 0.439439535271 0.876261522684 16.3234228158 15.7282042657 5.97839321388 0.455325911383 1.87650678998 1.41115298802 2.89928550088 0.889036283488 3.65128262266 1.34610424786 1.03416559092 0.1258515454 0.251303551195 14.8376794079 15.218958205 18.7961343177 2.66292810527 0.719742427178 3.929170947 4.64082210117 7.82107222626 0.711060574552
-9999.0 -9999.0 -9999.0 -9999.0 -9999.0 -9999.0 -9999.0 -9999.0 -9999.0 -9999.0 -9999.0 0.386409897819 8.32688487068 0.675141721288 1.30972292806 5.88214330084 0.667718040342 0.661069572443 0.580947265579 1.21911811291 0.596992307641 2.35459926386 3.43019199019 3.93669032268 1.83578234031 2.4155187586 0.654689180648 0.726461374716 0.699811910089 169.602951811 170.964743334 16.7467088281 16.5606684561 16.149343736 0.843355576421 0.410324259743 2.30239627853 6.05577184091 3.32832191273 1.31298941657 5.3867301962 1.88132197701 1.47815041723 0.238100405808 0.0981387259988 0.107928085235 0.152860383695 19.6066513882 23.3372274621 0.345889062387 0.323896553693 0.345809748513 8.15506686268 9.17573761306
-9999.0 -9999.0 -9999.0 -9999.0 -9999.0 -9999.0 -9999.0 -9999.0 -9999.0 -9999.0 -9999.0 0.355179349846 9.18433725684 11.3233229065 0.641608698229 7.16282243193 0.615360817793 0.58190831748 1.1519251401 2.95434622951 0.571795779144 0.6031925562 0.527200831248 4.99386598474 5.49565991523 8.44821329795 9.59357293993 10.1348404276 10.741003543 11.3193153129 182.938556183 200.68409532 218.241699897 218.779746892 0.462847134878 0.41417080634 6.9112394254 6.48672000142 0.421006886695 0.415624346437 5.7871789898 8.09780093706 0.340098564019 3.21004223244 2.97945623718 0.544120925809 0.302396560123 0.509481319227 0.386024938736 24.0403946006 0.358314893652 0.987282970704 1.27469410502 11.1967992023
-9999.0 -9999.0 -9999.0 -9999.0 -9999.0 -9999.0 -9999.0 -9999.0 -9999.0 -9999.0 -9999.0 0.782134401638 1.4960806862 12.0176635264 13.252292537 0.63015779913 8.45825335342 0.538917669006 1.64051848409 3.50023638452 1.11530436059 0.540911570155 1.12043359631 0.491281618358 0.948783219046 0.458756708691 0.402485399976 0.28802975535 0.243501301206 0.225114025921 0.227155356544 0.35291321734 0.487399530477 0.627333666572 220.413625181 8.71448972168 7.84316810162 0.438509648419 1.22263753071 0.301734994628 0.25389760293 8.49553807473 12.8903318676 3.64578281227 2.76629424078 0.315772872058 0.133182673346 0.11627405616 0.409367431534 24.8061713655 25.4994711809 0.359489922691 0.365817988267 0.254958864328
-9999.0 -9999.0 -9999.0 -9999.0 -9999.0 -9999.0 -9999.0 -9999.0 -9999.0 -9999.0 -9999.0 -9999.0 0.65535975412 9.20922033287 23.1094848369 25.097102319 34.1816381106 34.8501400723 7.99052333763 5.72108236134 1.66713033809 0.532961112547 2.17528479932 2.69210388917 4.10928103102 0.939744213152 0.851302673245 0.74549954399 1.43225514438 0.660207284702 0.632536362725 0.297607207099 0.132748892629 0.191220843405 220.908541646 229.891085616 230.430130622 0.462292114299 3.50621378878 1.37687554519 0.418043129695 14.2129232948 0.929240564505 0.479204416186 1.88322917531 0.352423687303 0.313176798482 0.597697060855 0.88358862356 1.20972757547 26.1005082945 0.286141896052 0.254376731409 0.253718536583
-9999.0 -9999.0 -9999.0 -9999.0 -9999.0 -9999.0 -9999.0 -9999.0 -9999.0 -9999.0 -9999.0 0.737659307671 7.03555209166 8.53279323441 1.36933243326 0.412079793924 0.927102837684 36.3717027625 36.9908250827 45.6250349285 0.504567450178 1.0323219035 0.468982986714 0.476555637073 4.57904081129 5.98727601439 7.27253387629 0.424884841871 1.85553833022 2.9301151716 1.72185043729 0.698108766888 0.428017093687 0.346359916524 0.392734855607 0.251819836184 230.906806298 231.32745806 235.624411224 0.743677907887 0.381711355815 14.6492624731 0.955275129789 0.49397994443 0.525451945846 0.520735492605 0.47432040661 0.803415019297 2.41188859497 3.97499552201 30.3627849009 0.220828158573 0.667149800652 0.452325632453
-9999.0 -9999.0 -9999.0 -9999.0 -9999.0 -9999.0 -9999.0 -9999.0 -9999.0 -9999.0 -9999.0 0.758183125802 4.92684191267 0.77030217131 0.666094969124 3.4914323021 4.09098091688 4.69738740277 5.25459246127 61.9529264092 62.4185602073 63.3967342291 70.7390047822 72.1228883435 72.8658150665 73.3544693276 81.4155746993 82.3964431744 82.8309121837 86.2080550228 88.3918997201 88.7958961787 89.8801484622 0.720549596974 0.590766768393 0.109367117533 0.169048895368 231.737031931 237.172576761 1.14590539517 17.2797207045 16.900984199 1.81689182852 0.436507841945 0.438893234459 0.425182037983 0.428440261216 0.864505956125 1.25737747768 0.387448119849 30.6413192878 30.9358135855 32.3125973122 32.5596187388
-9999.0 -9999.0 -9999.0 -9999.0 -9999.0 -9999.0 -9999.0 -9999.0 -9999.0 -9999.0 -9999.0 2.5564253819 3.37124722229 1.54704004507 2.27665214477 0.718420058652 8.14929942511 8.79172113636 10.0661354612 10.5119033689 4.1306407604 68.3019079406 68.7521156494 0.414287039908 0.260475629994 0.196512807782 0.481830579054 0.220215113635 0.138262728472 0.124851589749 0.164263380243 89.0799674449 90.205465335 91.3598538927 92.3249543079 92.9417039544 0.25905562321 0.116750456254 255.563674942 18.008372691 17.6805473015 0.395618089521 0.382950036872 0.356810622607 0.793695920682 0.782344436133 0.35877463841 0.361211890208 0.336299188063 0.714452009608 0.966054268374 0.207822404173 0.377145106803 0.133295117048
-9999.0 -9999.0 -9999.0 -9999.0 -9999.0 -9999.0 -9999.0 -9999.0 -9999.0 -9999.0 -9999.0 -9999.0 1.72376518463 0.798248966924 0.722005118084 6.86593116955 7.53644048652 0.668111222134 2.61259224529 3.20132108776 3.68575804242 0.547411684775 0.439797049736 10.3130857406 10.6755142645 10.9992303964 28.9903068567 29.1896834621 29.4589569433 31.5112397738 32.3079668957 32.4174075174 0.108032062078 0.116497175197 0.145522518045 93.5228749465 0.220234888513 259.008758665 258.608343131 2.7272467102 2.35175223515 1.50757779544 0.374055877809 0.71185819466 1.15392834782 1.14375444367 0.702017117169 0.345951288354 0.677180789217 0.6602721713 1.25493683924 0.168683650363 0.53456667526 0.89011159763
