data/baseflow/History/mHMbfrc290
ncols                  80
nrows                 72
xllcorner      4374000.0
yllcorner      5656000.0
cellsize            500
NODATA_value       -9999
[rows 0 to 23 of 72, columns 0 to 54 of 80]
-9999.0 -9999.0 -9999.0 -9999.0 -9999.0 -9999.0 -9999.0 -9999.0 -9999.0 -9999.0 -9999.0 -9999.0 0.894968151687 0.709175675152 -9999.0 -9999.0 -9999.0 -9999.0 -9999.0 -9999.0 -9999.0 -9999.0 -9999.0 -9999.0 -9999.0 -9999.0 -9999.0 -9999.0 -9999.0 -9999.0 -9999.0 -9999.0 -9999.0 -9999.0 -9999.0 -9999.0 -9999.0 -9999.0 -9999.0 -9999.0 -9999.0 -9999.0 -9999.0 -9999.0 -9999.0 -9999.0 -9999.0 -9999.0 -9999.0 -9999.0 -9999.0 -9999.0 -9999.0 -9999.0 -9999.0
-9999.0 -9999.0 -9999.0 -9999.0 -9999.0 -9999.0 -9999.0 -9999.0 -9999.0 -9999.0 -9999.0 -9999.0 1.82793556839 3.88385279081 0.592264089944 -9999.0 0.479088527202 -9999.0 -9999.0 -9999.0 -9999.0 -9999.0 -9999.0 -9999.0 -9999.0 -9999.0 -9999.0 -9999.0 -9999.0 -9999.0 -9999.0 -9999.0 -9999.0 -9999.0 -9999.0 -9999.0 -9999.0 -9999.0 -9999.0 -9999.0 -9999.0 -9999.0 -9999.0 -9999.0 -9999.0 -9999.0 -9999.0 -9999.0 -9999.0 -9999.0 -9999.0 -9999.0 -9999.0 -9999.0 -9999.0
-9999.0 -9999.0 -9999.0 -9999.0 -9999.0 -9999.0 -9999.0 -9999.0 -9999.0 -9999.0 0.887596702771 0.86213982375 0.902298396959 0.87459751986 5.55399773657 6.15057109103 1.27533893524 0.395691931423 -9999.0 -9999.0 -9999.0 -9999.0 -9999.0 -9999.0 -9999.0 -9999.0 -9999.0 -9999.0 -9999.0 -9999.0 -9999.0 -9999.0 -9999.0 -9999.0 -9999.0 -9999.0 -9999.0 -9999.0 -9999.0 -9999.0 -9999.0 -9999.0 -9999.0 -9999.0 -9999.0 -9999.0 -9999.0 -9999.0 -9999.0 -9999.0 -9999.0 -9999.0 -9999.0 -9999.0 -9999.0
-9999.0 -9999.0 -9999.0 -9999.0 -9999.0 -9999.0 -9999.0 -9999.0 -9999.0 0.859235914149 1.74040623272 3.45633773786 1.73240891729 0.840598947865 1.6589947628 6.95091584321 9.20542863564 0.480041112995 -9999.0 0.869311929368 -9999.0 -9999.0 -9999.0 -9999.0 0.861777023412 0.442075585628 -9999.0 -9999.0 -9999.0 -9999.0 -9999.0 -9999.0 -9999.0 -9999.0 -9999.0 -9999.0 -9999.0 -9999.0 -9999.0 -9999.0 -9999.0 -9999.0 -9999.0 -9999.0 -9999.0 -9999.0 -9999.0 -9999.0 -9999.0 -9999.0 -9999.0 -9999.0 -9999.0 -9999.0 -9999.0
-9999.0 -9999.0 -9999.0 -9999.0 -9999.0 -9999.0 -9999.0 -9999.0 0.966548149261 2.73460282105 3.56422525099 4.39056937201 6.00690483354 0.79110155418 3.22016803222 3.99293339775 14.3550034616 0.630596469781 0.707526541877 1.64040751009 2.3833007588 0.778094653723 -9999.0 2.26458965104 1.86500702914 0.518726205898 -9999.0 -9999.0 -9999.0 -9999.0 -9999.0 -9999.0 -9999.0 -9999.0 -9999.0 -9999.0 -9999.0 -9999.0 -9999.0 -9999.0 -9999.0 -9999.0 -9999.0 -9999.0 -9999.0 -9999.0 -9999.0 -9999.0 -9999.0 -9999.0 -9999.0 -9999.0 -9999.0 -9999.0 -9999.0
-9999.0 -9999.0 -9999.0 -9999.0 -9999.0 -9999.0 0.937230087595 0.867925250832 0.856226524356 0.870334083566 0.881948580465 6.154455804 13.0152417381 13.8556915633 14.6187509349 0.776774113512 15.8249795349 16.5403133791 1.45954678956 0.756991679199 3.10960299669 5.39073348266 0.692964167844 4.26369929134 0.714565727511 0.670556734355 0.728091046177 -9999.0 -9999.0 -9999.0 -9999.0 -9999.0 -9999.0 -9999.0 -9999.0 -9999.0 -9999.0 -9999.0 -9999.0 -9999.0 -9999.0 -9999.0 -9999.0 -9999.0 -9999.0 -9999.0 -9999.0 -9999.0 -9999.0 -9999.0 -9999.0 -9999.0 -9999.0 -9999.0 -9999.0
-9999.0 -9999.0 -9999.0 -9999.0 -9999.0 -9999.0 1.86969339551 2.76250608896 6.26173316566 8.7864371248 0.781780987653 0.804599589905 0.786814806227 2.33318355986 17.6741974362 0.692297332909 17.2368606135 20.0621156535 2.1592999339 1.44057641107 6.07835584394 0.747297124482 4.99126502232 1.39929211873 0.678344408838 1.32588312402 1.46258333507 0.784857615801 0.795029319987 0.77682230913 0.81551771515 1.63684241136 -9999.0 -9999.0 -9999.0 -9999.0 -9999.0 -9999.0 -9999.0 -9999.0 -9999.0 -9999.0 -9999.0 -9999.0 -9999.0 -9999.0 -9999.0 -9999.0 -9999.0 -9999.0 -9999.0 -9999.0 -9999.0 -9999.0 -9999.0
-9999.0 -9999.0 -9999.0 -9999.0 -9999.0 0.990147352277 1.93170281907 0.931141674863 1.8199481887 9.69323847759 11.3576789817 12.998455765 41.3504613554 0.783160593218 18.4382537853 65.8465959231 66.4534094737 87.5370757516 0.642948328469 2.12625369779 6.77137853443 0.687316999792 12.7553353562 7.05963095831 4.22304164658 3.51308826895 0.702335890104 2.32089705715 2.31033443471 1.54152788519 0.743361384557 2.40754501877 0.735305778317 0.725836311011 -9999.0 -9999.0 -9999.0 -9999.0 -9999.0 -9999.0 -9999.0 -9999.0 -9999.0 -9999.0 -9999.0 -9999.0 -9999.0 -9999.0 -9999.0 -9999.0 -9999.0 -9999.0 -9999.0 -9999.0 -9999.0
-9999.0 -9999.0 -9999.0 -9999.0 -9999.0 0.99279907182 2.89955024438 5.77589197012 6.67043043121 13.235297861 14.0938384266 16.777373801 27.5964974658 43.66254864 45.2665601685 46.0175144832 1.44636663441 90.1126584988 91.4124494433 95.0049226194 117.307868848 14.8612022199 13.4852638672 4.94565045543 0.702034609922 4.34170512978 2.97590333621 0.651917680942 2.98729156018 0.673683868068 1.39923878916 3.81308545311 4.51266152531 1.41816654068 0.692582676614 0.685692223743 -9999.0 -9999.0 -9999.0 -9999.0 0.460948050022 0.406635226478 -9999.0 -9999.0 -9999.0 -9999.0 -9999.0 -9999.0 -9999.0 -9999.0 -9999.0 -9999.0 -9999.0 -9999.0 -9999.0
-9999.0 -9999.0 -9999.0 -9999.0 -9999.0 0.968423932114 0.935398312887 3.85498875816 4.75991306729 5.69269738281 0.911220055787 1.807096633 10.1411556596 1.82061644892 0.885344476484 0.819477598748 0.74083558135 0.824273980736 0.76761045017 0.795664544292 118.013525558 120.06494033 0.672996724117 2.06116777534 1.39844096665 5.01649561388 1.3057033965 0.607224943224 3.6763032144 1.34117123958 3.26258798408 7.9454085551 7.30354875938 2.10371504744 2.05174835078 0.69901753204 0.698857944549 -9999.0 -9999.0 0.706792481933 1.02852796207 2.29638396825 0.437506752313 -9999.0 -9999.0 -9999.0 -9999.0 -9999.0 -9999.0 -9999.0 -9999.0 -9999.0 -9999.0 -9999.0 -9999.0
-9999.0 -9999.0 -9999.0 -9999.0 -9999.0 -9999.0 0.998726998683 0.99762201038 1.93980542663 2.88038004714 6.55095348489 8.37601033291 9.29095101764 0.92551930674 0.788245222161 10.3068787477 12.7162620631 13.4710374992 16.5813617946 17.2978089717 0.709813256787 120.766877439 124.215500988 2.77240847557 0.701361494898 5.66893995262 12.4266460475 4.86720795111 1.26644337904 0.636695668558 12.4792472334 8.59712646221 0.632059271381 0.624146291198 2.68486272195 2.05938872396 0.656080939357 0.610349661537 0.678807504943 1.36974121741 0.661274853516 2.79275125514 3.43342419941 0.556554119874 -9999.0 -9999.0 -9999.0 -9999.0 0.649041974206 0.61332650448 0.245212815891 -9999.0 -9999.0 -9999.0 -9999.0
-9999.0 -9999.0 -9999.0 -9999.0 -9999.0 -9999.0 -9999.0 0.997133208905 0.901204033093 1.85111471864 2.78926568643 0.922578228202 0.858772633965 5.29741594006 7.00731145637 8.75737332966 0.830622827781 1.60199131685 0.796849348268 18.0315656328 39.2457293097 39.6849315468 165.107985582 0.683640050929 2.03303075269 0.65366991558 13.0190655776 0.629534222844 1.9117679431 0.6289474578 13.1059713696 13.7308352328 1.26516645702 1.2483804735 6.74117083182 3.38827858409 1.25655045934 0.653698133503 1.35730876912 2.03616753831 3.33043269578 0.625353943017 4.53023861294 5.05559333566 0.505639281003 0.582486979839 0.541368402089 0.485409960009 0.466856922137 1.78449979352 0.836444810633 0.568239571262 -9999.0 -9999.0 -9999.0
-9999.0 -9999.0 -9999.0 -9999.0 -9999.0 -9999.0 -9999.0 -9999.0 1.86409246016 2.73769206966 0.911572145965 1.84438532303 2.72159399742 4.49577793446 0.907727974406 0.881837385889 0.767930209749 0.78006798521 0.714426242817 19.7393382527 0.793725904478 1.54808329989 167.105353741 168.448004352 0.657898124494 3.37142370925 16.9765136012 1.23736758479 2.48238409671 1.16523408165 1.71316041155 16.1247658068 1.83905783393 9.75584495202 7.95172392143 0.610203300426 3.18956379044 1.30181297813 1.9936171433 0.631354905655 3.92410242344 5.09082890919 5.57565069905 6.03200351323 7.01452852314 1.00875799447 0.998781560418 0.905284534088 0.86275548667 2.25328236285 0.486532405021 1.92869784515 2.43279019261 -9999.0 -9999.0
-9999.0 -9999.0 -9999.0 -9999.0 -9999.0 -9999.0 -9999.0 -9999.0 0.964561641957 4.6353729192 5.52644134622 0.893969516236 1.75505145901 0.860666726487 0.827252975805 0.809915849389 10.0582865313 13.371486606 16.3563527135 19.2590931501 0.699723724323 0.771179044295 0.807258647281 171.598548731 172.941531228 173.498654712 22.6281443691 4.92976476746 4.29774485961 0.516747211149 2.25343923338 18.9274698819 0.550242701539 10.3085601826 0.606987645094 4.2077908056 3.84832751415 0.638287405894 2.6243705856 1.2588059816 1.88080618951 0.586294257375 0.453179229404 6.48175105914 6.90340201232 7.43508938056 1.45234133799 1.33487938585 1.28917658615 2.75723901506 3.73869560487 0.489210301031 2.95046495687 0.541863225308 1.05377896762
-9999.0 -9999.0 -9999.0 -9999.0 -9999.0 -9999.0 -9999.0 -9999.0 -9999.0 0.964813760484 6.44397710667 7.32152563736 2.6185465967 4.34393494414 6.01472012036 6.86329682296 0.868266470529 2.53647748978 1.71920756783 0.87718210689 0.850993296966 0.772001903557 1.51972919092 2.61471189657 0.871714094679 197.571312064 198.205570509 0.577175206027 0.486857423822 1.06455540008 1.59822698638 20.5301496297 1.07309326024 10.7962262999 6.54268426281 5.38932319749 0.611884858636 1.23698056023 3.2132647964 0.58629303647 2.45975721557 1.1527676713 0.86478670451 0.490034464398 8.36998166429 16.1644547371 1.78747701614 1.68007853312 1.71062805758 0.42524124685 4.16592072211 0.417884187129 3.91228776226 0.504719924217 1.56661120147
-9999.0 -9999.0 -9999.0 -9999.0 -9999.0 -9999.0 -9999.0 -9999.0 -9999.0 -9999.0 0.876743942318 9.08593779789 0.858650475247 1.71590911131 2.53218518291 4.15639037274 0.832683351761 1.66420348893 0.849080590323 0.790012910007 0.73960625256 1.44640510092 0.660815524699 0.751553922361 1.50988998904 0.825199258754 198.778518425 199.914938568 201.589809857 2.14317562617 0.554504993036 1.10470888573 21.0959068245 20.0688161967 7.7082406292 0.580968191507 2.43647917692 1.83442175293 3.80394676433 1.17429870585 4.77791893626 1.73003030595 1.40638314033 0.605975424857 0.585108526848 16.6673905524 17.113737362 20.9451782978 3.07586629794 0.896338601603 4.62755159708 5.49345324126 9.85365682936 0.997604415429 0.478544529667
-9999.0 -9999.0 -9999.0 -9999.0 -9999.0 -9999.0 -9999.0 -9999.0 -9999.0 -9999.0 -9999.0 0.514901785249 10.2343281901 0.820815429212 1.61523502706 7.31322256996 0.768251010349 0.760671569759 0.699285105106 1.5300317244 0.737127953061 2.90977838084 4.19276308831 4.7569802276 2.05276731257 2.51809965115 0.517464178871 0.743907046596 0.666630082717 204.856386108 206.443059626 21.5958210888 21.0928229688 20.582668871 1.04840180957 0.510463270696 2.98857344983 7.90818560765 4.36946863394 1.73660241048 7.07194241258 3.74021470844 3.20172272056 1.21973025122 0.506339082484 0.435610332903 0.464240847033 23.1623661452 27.7328593204 0.468622233216 0.425330978678 0.462491446723 10.3187489938 11.7767262685 0.910636766421
-9999.0 -9999.0 -9999.0 -9999.0 -9999.0 -9999.0 -9999.0 -9999.0 -9999.0 -9999.0 -9999.0 0.484894606695 11.4092286259 13.9407911603 0.796391258074 8.89050906699 0.705218376233 0.705873374894 1.42268710632 3.68911629645 0.721721669043 0.757235685543 0.645873136968 5.99714031611 6.60599403911 9.75853574846 10.8602125249 11.5455338382 12.1032401915 12.83148029 219.832667186 242.569330436 264.629223353 264.965928432 0.478687536069 0.508992107336 9.01358516639 8.46584501258 0.555003398081 0.55415218385 7.63266176373 11.9366223934 0.521664799642 7.33219271913 6.78326578851 2.33109239799 1.0924083722 1.75391176019 0.5638690646 28.6533802407 0.472712871489 1.36760837251 1.75381079702 15.0971351425 16.5588665706
-9999.0 -9999.0 -9999.0 -9999.0 -9999.0 -9999.0 -9999.0 -9999.0 -9999.0 -9999.0 -9999.0 0.913321896891 1.75019679086 14.758022185 16.2402420168 0.744770218585 10.110313605 0.635557419858 1.98610576233 4.35873851482 1.39069608679 0.666339161231 1.34498243651 0.528240330611 1.07010679467 0.557794194869 0.542766024442 0.547068204814 0.556206410522 0.566996439914 0.59458239713 0.678266009323 0.694134204718 0.671571865486 266.527018403 10.6112623216 9.78794861849 0.365562820655 1.61498781757 0.479377056247 0.432661682301 12.4643566212 21.4514740548 7.91633910594 5.65795747381 1.33764255224 0.620687892715 0.569357669687 1.03935734618 30.1531313644 30.9639373546 0.425414525343 0.453794578304 0.562247562439 0.589582181002
-9999.0 -9999.0 -9999.0 -9999.0 -9999.0 -9999.0 -9999.0 -9999.0 -9999.0 -9999.0 -9999.0 -9999.0 0.793087453305 10.6641179021 27.6895276501 30.0663067958 40.8217866735 41.3203643806 9.56828394738 7.1096598571 2.07117139868 0.657518654048 2.63435303149 3.24496636193 4.88205893544 1.14031349934 1.08733647859 1.10067619481 2.19466845463 1.09647839797 1.12151410736 0.544977686956 0.597341968919 0.561141663715 267.054282438 278.008134773 278.39010401 0.357688284535 4.40273318749 2.00358852045 0.558282222266 23.2051730931 1.23338749562 0.634580496831 2.71504687616 0.644971449496 0.58308617653 1.07788473624 1.4805979777 1.91068297111 31.6550715519 0.328284128654 0.292263634872 0.305690472126 0.297649328409
-9999.0 -9999.0 -9999.0 -9999.0 -9999.0 -9999.0 -9999.0 -9999.0 -9999.0 -9999.0 -9999.0 0.862614318155 8.12520314907 9.86018172866 1.63419919535 0.562285509907 1.25945518492 43.2745595146 43.7979399413 53.8658500682 0.602523538552 1.25400410959 0.560729351312 0.570387105064 5.43858184173 7.13392400708 8.7322716167 0.506823533254 2.69947940653 4.29060424203 2.6397324377 1.03607990838 1.08070518762 1.08475232641 1.01335608009 0.461696873799 278.696799146 278.919337029 283.859476345 0.981086582571 0.514244694811 23.5565118798 1.27774247048 0.657514125073 0.711900918444 0.705725931174 0.63951888698 1.2755629986 3.5069539406 5.89922437939 37.9146803294 0.252971903348 0.767204611197 0.535675239135 0.50976566428
-9999.0 -9999.0 -9999.0 -9999.0 -9999.0 -9999.0 -9999.0 -9999.0 -9999.0 -9999.0 -9999.0 0.885659695838 5.61877882266 0.888445465647 0.792385648299 4.13278706193 4.8620748267 5.58562318934 6.25082545035 73.1005321437 73.7140760717 74.8999909856 83.9362404311 85.7655611765 86.8898015206 87.4567553175 97.8263048942 99.4183476302 99.939176438 104.795811525 107.977003042 108.461594575 110.571232726 1.55902290945 1.52638982951 0.457616033162 0.355172567384 279.218126296 285.50009257 1.40957450313 26.771968604 26.3323374806 2.44761868028 0.595271988143 0.616148210095 0.599277800216 0.595864035784 1.19883196898 1.75612933073 0.554311887506 38.2347342211 38.574017741 40.1721392724 40.4551959678 41.2323896979
-9999.0 -9999.0 -9999.0 -9999.0 -9999.0 -9999.0 -9999.0 -9999.0 -9999.0 -9999.0 -9999.0 2.88265692018 3.80953010706 1.77044313778 2.61556743755 0.835045042261 9.38555114309 10.1321551494 11.6101713551 12.3243806487 4.93631541932 80.8969479561 81.5527391663 0.678875287241 0.561085912493 0.589633650321 1.18043104183 0.607206104112 0.575337892413 0.556476480235 0.533020739244 109.028210101 111.125771904 113.126532404 115.048680299 116.422654824 0.634132822069 0.194802153828 313.257309473 27.5308780924 27.2332540792 0.52246751751 0.489731734814 0.455213048187 1.10374551361 1.08528324964 0.520748323746 0.522530566378 0.493058306923 1.03814765092 1.3842213096 0.242541736005 0.460139069341 0.214296911415 0.247512962099
-9999.0 -9999.0 -9999.0 -9999.0 -9999.0 -9999.0 -9999.0 -9999.0 -9999.0 -9999.0 -9999.0 -9999.0 1.94936583437 0.909127486457 0.841704316942 7.89405496325 8.65941806066 0.769545817324 2.93751201503 3.64905159055 4.32752492173 0.724525380028 0.61099524409 12.6025108746 13.1068765515 13.6168767446 34.6012117526 35.0818673817 36.1302260095 40.0765240994 43.0437150705 43.5442533742 0.535738446351 0.553139282591 0.471328800084 116.802160078 0.20477575215 317.72638366 317.444219607 3.93865681393 3.54394124395 2.01965748852 0.515585478668 0.893900518046 1.55525438547 1.53920126049 1.01705330913 0.504020585804 0.992713967353 0.978240891592 1.83244368718 0.348805810023 0.829844313544 1.36790994608 1.89331925036
