data/baseflow/History/mHMbfrc495
ncols                  80
nrows                 72
xllcorner      4374000.0
yllcorner      5656000.0
cellsize            500
NODATA_value       -9999
[rows 24 to 47 of 72, columns 0 to 53 of 80]
-9999.0 -9999.0 -9999.0 -9999.0 -9999.0 -9999.0 -9999.0 -9999.0 -9999.0 -9999.0 -9999.0 -9999.0 0.7248815189 2.01630156525 2.62610640088 4.44192159427 0.490978671973 1.00613609759 1.46219786165 5.99856732431 6.36105130518 6.62981103027 6.92370249194 7.25551588987 11.3629334195 12.358785579 12.846334295 0.168362061698 1.328193451 1.47651695422 23.4209391602 24.0071633444 24.2825901107 24.5698133769 24.8015855667 95.8172736211 0.24704609902 196.303586074 0.230014150653 0.103189783673 1.31892095601 1.16240607663 0.161090907693 0.612577610167 0.936855119551 0.915270928818 0.617023607478 1.0144562371 1.60477870964 0.608754357203 1.52619057364 0.118312753314 0.204139881506 0.0408913935136
-9999.0 -9999.0 -9999.0 -9999.0 -9999.0 -9999.0 -9999.0 -9999.0 -9999.0 -9999.0 -9999.0 -9999.0 0.669229503766 1.33917224981 0.620947375238 1.23376642821 0.508386064074 4.12489342197 5.07144027557 5.55204532901 0.419396502672 0.806439047109 8.82856302549 10.7266824702 11.0759561996 0.641453527132 0.7491733103 1.07240226312 0.129681286967 0.118036488305 0.221697029968 0.108424301293 14.9598493994 15.0851415786 15.2047948338 96.0425497304 197.605117807 196.423982868 0.167651159294 0.0823658892423 0.0761009285571 0.315604698682 0.250751619339 0.741110662032 1.10066673646 2.2166754849 0.19896328355 0.197382685022 1.76068149065 1.92195776484 3.72998179325 3.82011734969 4.07038330317 4.15018717539
-9999.0 -9999.0 -9999.0 -9999.0 -9999.0 -9999.0 -9999.0 -9999.0 -9999.0 -9999.0 -9999.0 -9999.0 -9999.0 0.65270994303 1.29778407386 1.94908886256 3.03718364105 0.575515550792 0.495406416312 3.95096475954 4.38541349864 8.10515531996 8.54738191458 1.21382319966 0.360699093351 0.310960973328 0.323146003918 14.1948780184 14.3625961573 14.5075885045 14.6216524066 14.844054928 1.6651635708 1.77566867677 17.1595926213 310.932504469 0.838121593061 0.619050561975 0.268004906693 0.0778310756049 0.0659833366433 0.465969409529 0.519837825901 0.858981924437 0.0577572683552 2.29271374689 0.311612242712 0.304503319298 0.052842744645 0.0390379303481 0.0382074498977 0.0452488669574 0.039568527614 4.19011843031
-9999.0 -9999.0 -9999.0 -9999.0 -9999.0 -9999.0 -9999.0 -9999.0 -9999.0 -9999.0 -9999.0 -9999.0 -9999.0 -9999.0 0.604798715373 1.25606517107 1.86103219633 2.46906700895 2.96528674311 3.48007084065 1.47105683426 2.45152480242 0.433899602809 0.406639681698 12.5639471744 13.3077698755 13.6272770838 13.9604037809 0.223891701594 0.392752516511 1.11075039677 1.34598483263 1.51987850714 0.134126020556 0.141137837525 311.476330879 0.210404624226 0.253803240948 0.153472139472 0.388535755478 0.173416182756 0.119146667534 1.46002099678 1.55086967325 0.0534993004615 2.35666201516 2.7418177119 0.396786337629 59.3908306134 59.2828607677 59.1961470771 58.9985496551 58.9107377833 57.5749838008
-9999.0 -9999.0 -9999.0 -9999.0 -9999.0 -9999.0 -9999.0 -9999.0 -9999.0 -9999.0 -9999.0 -9999.0 -9999.0 -9999.0 0.202685407846 0.455065558747 0.64986223753 6.67251638299 7.1964232479 0.536388845203 0.496438621894 0.49728582529 10.900493931 11.8159203955 0.422775964985 0.42244067696 0.319744091371 1.36016129293 1.68423768513 0.713301105462 0.923277055765 8.30282042507 8.5106556214 8.87132606021 13.8928238814 325.526179294 0.232995352824 0.124005318075 0.632818056679 0.512743115938 0.0707322098326 0.26784715267 0.343220391979 1.63556190365 1.70983652334 4.59366466769 2.77176210858 0.447708667235 60.759043425 0.614007255652 59.1118778934 59.0585439842 1.24848202058 0.0608176452153
-9999.0 -9999.0 -9999.0 -9999.0 -9999.0 -9999.0 -9999.0 -9999.0 -9999.0 -9999.0 -9999.0 -9999.0 -9999.0 -9999.0 1.02212505434 1.69040608791 3.4173623769 6.07990265487 7.826246414 9.0343410205 9.52442954026 10.0219874189 10.4873974601 0.443915372617 0.370748624246 0.72998300867 0.673197039734 0.360869057264 7.28682110826 7.60096341319 7.8831294219 8.14707305179 4.3472704845 4.52328168531 4.82230673283 325.665427416 0.413043474405 0.423710240725 1.14341320646 0.116403357607 0.182303269051 0.105480480028 0.069245120914 0.42613720184 0.0582622043853 0.0619442506177 65.6908440755 61.0482804058 60.9832093204 0.235334125991 0.54074522823 0.333235077821 0.0662355498985 1.0777562422
-9999.0 -9999.0 -9999.0 -9999.0 -9999.0 -9999.0 -9999.0 -9999.0 -9999.0 -9999.0 -9999.0 -9999.0 -9999.0 -9999.0 0.71320507537 0.691534328083 1.36336664248 2.03262854562 0.634316666455 0.63668525799 1.17003168935 1.68925060303 2.64298613051 3.10942562499 3.4748634701 4.58874377364 4.91983976603 5.30633857145 0.34368680416 3.50944380491 3.7692719811 3.9950350714 0.165896755249 0.112501977595 0.213300113168 330.894510107 331.029400798 331.712440762 1.4715572716 0.239042224199 0.336457001561 0.0992051523917 0.124937854869 0.487852087827 0.596936571296 0.11323049589 65.9876712719 0.103578073651 0.129076255427 0.136410201848 0.122347186489 0.206586093681 0.0889370907951 0.745650455855
-9999.0 -9999.0 -9999.0 -9999.0 -9999.0 -9999.0 -9999.0 -9999.0 -9999.0 -9999.0 -9999.0 -9999.0 -9999.0 -9999.0 -9999.0 0.666213466489 1.30827746579 0.626453589816 1.29432558578 7.75245252025 8.27167836988 8.76126669116 0.473259991059 0.47205289644 0.838372818135 1.23128718563 1.88749865989 2.24108028881 2.50756049749 2.85060198508 0.243753732094 0.217851471086 4.50477606795 4.63041427323 4.74506242945 4.86998385413 4.18881637115 336.426486616 338.657601313 338.759758155 339.183132859 339.605344714 339.795722962 0.0532558233875 0.647655038986 66.0416459048 0.114753048321 0.058786439886 0.0935006811039 0.0979451577955 0.159189317538 0.117176034735 0.069049194091 0.100967890056
-9999.0 -9999.0 -9999.0 -9999.0 -9999.0 -9999.0 -9999.0 -9999.0 -9999.0 -9999.0 -9999.0 -9999.0 -9999.0 -9999.0 -9999.0 -9999.0 1.94072042391 2.57132471065 4.48946017686 5.78679397425 0.63920467701 9.96691172667 10.4281079632 10.841111558 0.390355152624 0.767950708787 0.319802939047 2.55669941257 2.78723216316 3.16634455662 3.56353388024 4.26127123446 4.37589590109 0.0804493064141 3.67142738713 3.93167037427 4.0706264709 4.57656914011 0.634053754936 0.386883137739 0.221022539695 0.190227565859 340.041339593 340.153885389 341.268512266 66.0941107482 0.370300398528 0.209480759754 0.145764743256 0.0408787630474 0.409614592095 0.197138691122 0.0629710732354 0.338789527371
-9999.0 -9999.0 -9999.0 -9999.0 -9999.0 -9999.0 -9999.0 -9999.0 -9999.0 -9999.0 -9999.0 -9999.0 -9999.0 -9999.0 -9999.0 -9999.0 0.66270575571 3.22025833861 3.88737689605 0.654079886823 0.527636354716 1.08185010571 1.57136496956 12.8481974008 0.395989373822 1.58075891631 1.91915007506 2.24955432912 0.266612609416 0.602259794388 0.750908456948 2.8926591505 3.20777716404 3.33409086781 0.132145267538 0.121335210751 0.136190968849 0.244171610312 0.108933369087 0.115804715496 0.168748602527 0.125969741095 0.148332421194 0.401802025311 341.368232993 407.697645133 0.484442853956 0.114397432259 0.0562179535414 1.2265952015 1.13567181383 0.656686519683 0.584287118301 0.428223110924
-9999.0 -9999.0 -9999.0 -9999.0 -9999.0 -9999.0 -9999.0 -9999.0 -9999.0 -9999.0 -9999.0 -9999.0 -9999.0 -9999.0 -9999.0 0.585150866276 1.84560102557 0.600017821954 0.629510577441 0.613035814558 1.1593011124 1.69818868644 2.17724058125 15.5487786683 15.928283934 0.391820345823 0.733919790598 1.08157110169 1.35047575398 1.6099586807 2.51743730819 2.76017408729 0.152428283069 0.134454605905 0.125697144561 0.0834373348079 0.166422342723 0.166205874535 0.194225938295 0.219183257891 0.610794622064 0.258857962876 0.118565574688 0.118062811629 0.0822387702273 0.150404322628 412.421746749 4.16079013856 1.65118211643 0.260208778508 0.134582717072 0.0701148445219 0.200529465911 0.121444486952
-9999.0 -9999.0 -9999.0 -9999.0 -9999.0 -9999.0 -9999.0 -9999.0 -9999.0 -9999.0 -9999.0 -9999.0 -9999.0 -9999.0 0.615572346526 1.18891351036 4.20769301359 0.576231593103 1.2331847795 1.82522683662 2.34669979025 0.548209210436 0.996535401143 1.50141134224 17.9043717351 0.365942504387 0.681950322456 1.01106902638 0.305441938902 0.600050496481 0.745006098403 0.944687079712 28.9655747157 29.2527986866 29.6087570001 30.955051017 31.3218100532 32.1867693615 0.413574479608 0.867566319284 0.803748092012 35.2622505891 35.4535225824 0.106694831682 0.161930348366 0.215703595952 412.526444269 3.96820894658 1.96795984478 1.80182316503 1.51747797955 1.33137613034 0.262481892425 0.0710875880409
-9999.0 -9999.0 -9999.0 -9999.0 -9999.0 -9999.0 -9999.0 -9999.0 -9999.0 -9999.0 -9999.0 -9999.0 -9999.0 -9999.0 0.622901786199 1.89153126414 6.71903375096 9.92482725588 0.520547959438 12.9121645262 15.8068869474 0.504208830571 0.950066486312 1.43489973049 22.0259890014 22.4199658194 0.262868055138 1.54479572918 1.79471188469 2.0276220633 27.1481205473 27.6006824872 27.8968195899 0.156393473795 0.902882567704 1.10484948687 0.405436935968 0.569721783768 33.0095129157 34.1322337118 34.2643261739 34.3882999703 35.5981868778 0.0701100588925 0.0634823389552 0.334681167044 412.653597318 0.170727290053 0.0491493604589 0.142588656657 0.055287853695 1.13568430923 1.01500683524 0.622231729373
-9999.0 -9999.0 -9999.0 -9999.0 -9999.0 -9999.0 -9999.0 -9999.0 -9999.0 -9999.0 -9999.0 -9999.0 -9999.0 -9999.0 -9999.0 -9999.0 1.31183695846 2.63469895978 11.7413858657 12.3806495816 16.3741179127 16.9364408144 0.482938074485 0.966642344231 2.21452007862 22.8750820153 23.4663879264 23.6910872549 0.179760588559 24.4901944344 24.9497693159 0.29552694902 0.146818759203 0.275269806775 0.542256565062 0.133112349982 0.264345669593 0.574906052813 0.714748160909 0.143207750038 0.0991823936251 0.193285324203 36.3571301788 36.6473890434 36.7020006291 37.2050432033 412.76042107 0.151429099075 0.0330993445189 0.0389878062106 0.0387896328232 0.0399994213718 0.0352444277017 0.064745780145
-9999.0 -9999.0 -9999.0 -9999.0 -9999.0 -9999.0 -9999.0 -9999.0 -9999.0 -9999.0 -9999.0 -9999.0 -9999.0 -9999.0 -9999.0 -9999.0 0.681380637347 0.666107081074 0.649427740791 1.24107722019 0.551443937655 18.0374856109 18.5494871966 0.443266955021 0.8577131438 0.362044938642 0.285397964405 0.274049285734 24.1479830938 0.151292937977 0.305492295589 0.163586335309 0.146508942212 0.134464063143 0.105436991335 0.11005522349 0.339703282664 0.467172768482 0.0939426253065 0.0859255611836 0.187706298817 0.313475864928 0.414915470141 0.146701556245 36.8031257543 37.2646794578 412.851992143 0.415490422513 0.0918395041991 0.0215322715271 0.0556181371815 0.0173929273528 0.013309600972 0.0797689928755
-9999.0 -9999.0 -9999.0 -9999.0 -9999.0 -9999.0 -9999.0 -9999.0 -9999.0 -9999.0 -9999.0 -9999.0 -9999.0 -9999.0 -9999.0 -9999.0 -9999.0 -9999.0 0.658680808419 1.84053203137 2.36707946436 2.90814449468 19.0785391371 19.6098570702 20.1097943778 20.5531826589 20.8164413731 21.3640485894 21.512121927 21.651833848 21.7757385795 0.125443890188 0.117239670148 0.126315161387 0.458345140041 0.123751402195 0.118648623546 0.0921693600629 0.273592242828 0.114230520168 0.0899394727106 0.083250359544 0.0705208923078 0.140728798272 0.205603840445 37.6926936059 451.042499023 0.167505731704 0.276988054658 0.0163730306775 0.0754316030926 0.0413487395814 0.0267911165808 0.821371983509
-9999.0 -9999.0 -9999.0 -9999.0 -9999.0 -9999.0 -9999.0 -9999.0 -9999.0 -9999.0 -9999.0 -9999.0 -9999.0 -9999.0 -9999.0 -9999.0 -9999.0 -9999.0 -9999.0 0.54519736756 4.33236605809 8.42072882753 8.96626144668 0.594082198333 1.04141299851 1.46498612286 1.77036914611 4.00317149787 4.1373985813 0.129811135349 0.126976817283 22.1148658245 22.3807061224 22.4872368282 0.543481388898 0.0798211538979 0.206660921641 0.302309294965 0.908883399197 1.12345108117 1.29707229029 0.158687904465 0.222282431098 0.076471382069 0.153074854683 0.0797233904062 451.194878565 0.135273189396 0.556049331195 0.121244853995 0.234154940859 0.925645660762 1.02258036205 1.92385241641
-9999.0 -9999.0 -9999.0 -9999.0 -9999.0 -9999.0 -9999.0 -9999.0 -9999.0 -9999.0 -9999.0 -9999.0 -9999.0 -9999.0 -9999.0 -9999.0 -9999.0 -9999.0 0.607659061235 1.93682416466 3.79522249111 4.96092550526 12.5335198079 13.1032248615 0.899857886819 1.33028822435 1.68051462676 1.98084605684 4.27837284559 4.54368909366 7.88667173718 8.16930360487 8.3731458453 22.5964928672 23.4362810246 0.197320629231 0.134183978674 0.127710984071 0.24619429232 0.114335081318 1.52090575017 1.60439405017 0.300824030931 0.403570762513 0.131036824195 116.703451369 116.901267879 568.202300476 568.943116599 0.162026870758 0.572958786475 0.270598772199 0.195456120421 2.21945504991
-9999.0 -9999.0 -9999.0 -9999.0 -9999.0 -9999.0 -9999.0 -9999.0 -9999.0 -9999.0 -9999.0 -9999.0 -9999.0 -9999.0 -9999.0 -9999.0 -9999.0 -9999.0 -9999.0 0.692506969023 0.674563358186 1.27329701004 3.02338825756 13.661923018 0.467464186757 0.461703194463 0.795676570824 1.150012826 2.70846656411 2.901506487 0.161935983441 0.174022223259 8.53473321058 8.65817391471 32.2448632383 32.3950014636 0.072572188689 0.0633621321247 0.0545784651879 0.0551481439181 0.0616439597081 115.019987862 115.539423121 116.034952646 116.262003369 116.600327929 0.0936154421716 0.345117920927 0.417440722739 569.554445916 569.645711375 569.720940348 569.800382562 569.887402994
-9999.0 -9999.0 -9999.0 -9999.0 -9999.0 -9999.0 -9999.0 -9999.0 -9999.0 -9999.0 -9999.0 -9999.0 -9999.0 -9999.0 -9999.0 -9999.0 -9999.0 -9999.0 -9999.0 -9999.0 0.617371095719 0.646798315594 1.20018850472 16.0000917065 16.5242846665 0.450114243591 0.780984650153 1.14598816245 1.39277810739 0.211524188195 0.399425329027 32.4566615396 32.5722013733 32.7415773269 33.827793434 66.3639230001 111.928679399 112.105468604 112.269989662 112.426589685 113.108931563 113.331994171 0.439414521824 0.19989262792 0.119940972547 0.226145977171 0.172075108256 0.272453469816 0.0866648220117 1.85614256514 2.21702074837 2.51549922921 2.54941715647 569.937138939
-9999.0 -9999.0 -9999.0 -9999.0 -9999.0 -9999.0 -9999.0 -9999.0 -9999.0 -9999.0 -9999.0 -9999.0 -9999.0 -9999.0 -9999.0 -9999.0 -9999.0 -9999.0 -9999.0 -9999.0 -9999.0 0.628652742057 1.20445160059 1.78319057927 17.005854519 0.417154881496 22.6250141905 23.0027659807 23.2196049822 23.4295245966 31.6215801328 31.8699633805 0.136134196926 0.763930160228 0.950770994007 0.14723555975 45.3891569731 45.1218198108 0.0852434456108 0.197701660118 0.540247517048 0.120799841333 0.131480933781 0.101998748747 0.0882936157104 0.0682667760846 0.0819470147664 1.58203630362 1.66930806793 1.77425109766 0.283011267 0.219702850505 2.70992075015 2.76977858428
-9999.0 -9999.0 -9999.0 -9999.0 -9999.0 -9999.0 -9999.0 -9999.0 -9999.0 -9999.0 -9999.0 -9999.0 -9999.0 -9999.0 -9999.0 -9999.0 -9999.0 -9999.0 -9999.0 -9999.0 -9999.0 0.572208972861 0.537222978642 2.78332376904 20.8849899685 21.849767871 22.2943920706 0.333046788292 7.58819648486 7.79229721413 7.90891376368 0.211095422344 0.367117695238 0.507319369405 10.1941346927 10.3038110986 10.4008434531 44.9410376378 28.3979909687 0.109985844872 0.116927381516 0.111451917597 0.0884775479345 0.921289910845 1.12162650015 1.29684971307 1.39691876176 1.49319457035 10.3639815538 10.4411824282 10.5467245672 10.765303958 11.7221199254 11.7567431171
-9999.0 -9999.0 -9999.0 -9999.0 -9999.0 -9999.0 -9999.0 -9999.0 -9999.0 -9999.0 -9999.0 -9999.0 -9999.0 -9999.0 -9999.0 -9999.0 -9999.0 -9999.0 -9999.0 -9999.0 -9999.0 -9999.0 1.11953916346 1.70986207001 0.577402305123 0.469047133188 6.45295175312 6.80771873641 7.04130625422 2.11686065196 2.27525396726 2.44774955951 2.59132516545 9.94413603167 10.0990843076 5.8081203692 16.3329639065 16.4474411026 28.3102024267 0.232718439283 0.119306665359 0.0826144843286 0.632581281357 0.744326762725 0.0722623141637 0.0682834463062 10.0282110977 10.2058885119 10.2963114375 0.0959607031941 0.15099969892 11.5542865267 0.0851388488249 0.278509430325
-9999.0 -9999.0 -9999.0 -9999.0 -9999.0 -9999.0 -9999.0 -9999.0 -9999.0 -9999.0 -9999.0 -9999.0 -9999.0 -9999.0 -9999.0 -9999.0 -9999.0 -9999.0 -9999.0 -9999.0 -9999.0 -9999.0 0.561759370921 1.11096504905 4.59611721988 5.17292803594 5.60840663813 1.68813781953 1.95376542722 0.174971129889 6.904409704 7.05767545648 7.20637188567 0.148815665932 5.52274956048 5.68372241711 0.11998730722 27.7080987658 0.26016896589 0.129496289218 0.341186585722 0.460927844752 0.0912285035751 0.0734393208771 9.16715266641 9.8655558392 9.97160952338 0.107066313483 0.23658044351 0.296972181134 0.372968080499 0.714565414427 0.101536725717 0.230122536021
