data/baseflow/History/mHMbfrc394
ncols                  80
nrows                 72
xllcorner      4374000.0
yllcorner      5656000.0
cellsize            500
NODATA_value       -9999
[rows 0 to 23 of 72, columns 0 to 54 of 80]
-9999.0 -9999.0 -9999.0 -9999.0 -9999.0 -9999.0 -9999.0 -9999.0 -9999.0 -9999.0 -9999.0 -9999.0 0.988152452787 0.885308650816 -9999.0 -9999.0 -9999.0 -9999.0 -9999.0 -9999.0 -9999.0 -9999.0 -9999.0 -9999.0 -9999.0 -9999.0 -9999.0 -9999.0 -9999.0 -9999.0 -9999.0 -9999.0 -9999.0 -9999.0 -9999.0 -9999.0 -9999.0 -9999.0 -9999.0 -9999.0 -9999.0 -9999.0 -9999.0 -9999.0 -9999.0 -9999.0 -9999.0 -9999.0 -9999.0 -9999.0 -9999.0 -9999.0 -9999.0 -9999.0 -9999.0
-9999.0 -9999.0 -9999.0 -9999.0 -9999.0 -9999.0 -9999.0 -9999.0 -9999.0 -9999.0 -9999.0 -9999.0 2.04389583422 4.62732325634 0.773466267608 -9999.0 0.654382850261 -9999.0 -9999.0 -9999.0 -9999.0 -9999.0 -9999.0 -9999.0 -9999.0 -9999.0 -9999.0 -9999.0 -9999.0 -9999.0 -9999.0 -9999.0 -9999.0 -9999.0 -9999.0 -9999.0 -9999.0 -9999.0 -9999.0 -9999.0 -9999.0 -9999.0 -9999.0 -9999.0 -9999.0 -9999.0 -9999.0 -9999.0 -9999.0 -9999.0 -9999.0 -9999.0 -9999.0 -9999.0 -9999.0
-9999.0 -9999.0 -9999.0 -9999.0 -9999.0 -9999.0 -9999.0 -9999.0 -9999.0 -9999.0 0.978045360889 0.937921942689 0.996981855545 0.991776297667 6.45790620178 7.2439553781 1.83860663635 0.589178015788 -9999.0 -9999.0 -9999.0 -9999.0 -9999.0 -9999.0 -9999.0 -9999.0 -9999.0 -9999.0 -9999.0 -9999.0 -9999.0 -9999.0 -9999.0 -9999.0 -9999.0 -9999.0 -9999.0 -9999.0 -9999.0 -9999.0 -9999.0 -9999.0 -9999.0 -9999.0 -9999.0 -9999.0 -9999.0 -9999.0 -9999.0 -9999.0 -9999.0 -9999.0 -9999.0 -9999.0 -9999.0
-9999.0 -9999.0 -9999.0 -9999.0 -9999.0 -9999.0 -9999.0 -9999.0 -9999.0 0.932336604942 1.91607012231 3.80860885805 1.9057560679 0.920290825307 1.806654166 8.0915159411 11.3374104518 0.679999858309 -9999.0 0.948963173457 -9999.0 -9999.0 -9999.0 -9999.0 1.28091892687 0.649282994606 -9999.0 -9999.0 -9999.0 -9999.0 -9999.0 -9999.0 -9999.0 -9999.0 -9999.0 -9999.0 -9999.0 -9999.0 -9999.0 -9999.0 -9999.0 -9999.0 -9999.0 -9999.0 -9999.0 -9999.0 -9999.0 -9999.0 -9999.0 -9999.0 -9999.0 -9999.0 -9999.0 -9999.0 -9999.0
-9999.0 -9999.0 -9999.0 -9999.0 -9999.0 -9999.0 -9999.0 -9999.0 1.09962306093 3.0518296712 3.9631141917 4.88303886382 6.61048500461 0.852180869211 3.47414677082 4.29178213739 17.1427265129 0.764315870564 0.729631864045 1.75616994322 2.5478307649 0.839653764375 -9999.0 3.38680067201 2.77383399157 0.774536457672 -9999.0 -9999.0 -9999.0 -9999.0 -9999.0 -9999.0 -9999.0 -9999.0 -9999.0 -9999.0 -9999.0 -9999.0 -9999.0 -9999.0 -9999.0 -9999.0 -9999.0 -9999.0 -9999.0 -9999.0 -9999.0 -9999.0 -9999.0 -9999.0 -9999.0 -9999.0 -9999.0 -9999.0 -9999.0
-9999.0 -9999.0 -9999.0 -9999.0 -9999.0 -9999.0 1.08349014723 0.970509610525 0.935573482871 0.960974855649 0.987603923543 6.88566253049 14.446183258 15.3703013923 16.1244578864 0.741096875213 18.6640665023 19.4215182349 1.52458812176 0.801278756529 3.31982799491 5.797114449 0.803168091443 5.82413518297 0.830309327515 0.827710068828 0.860630028262 -9999.0 -9999.0 -9999.0 -9999.0 -9999.0 -9999.0 -9999.0 -9999.0 -9999.0 -9999.0 -9999.0 -9999.0 -9999.0 -9999.0 -9999.0 -9999.0 -9999.0 -9999.0 -9999.0 -9999.0 -9999.0 -9999.0 -9999.0 -9999.0 -9999.0 -9999.0 -9999.0 -9999.0
-9999.0 -9999.0 -9999.0 -9999.0 -9999.0 -9999.0 2.18432797737 3.21865466366 7.23761686147 10.0197999309 0.853683245116 0.896815484273 0.863556608906 2.52542345798 19.4124099059 0.682130290202 20.1423592464 23.0657989449 2.26624649363 1.50815569578 6.52820745824 0.818132130672 6.61158483791 1.55280727863 0.773466093838 1.56819712031 1.7161696611 0.886479660066 0.906859839448 0.871344475929 0.960409659757 1.91816470744 -9999.0 -9999.0 -9999.0 -9999.0 -9999.0 -9999.0 -9999.0 -9999.0 -9999.0 -9999.0 -9999.0 -9999.0 -9999.0 -9999.0 -9999.0 -9999.0 -9999.0 -9999.0 -9999.0 -9999.0 -9999.0 -9999.0 -9999.0
-9999.0 -9999.0 -9999.0 -9999.0 -9999.0 1.19705942977 2.3163680904 1.11011563838 2.14731650022 11.0782867283 12.9408042711 14.7900962268 48.603580561 0.846806744036 20.2443428375 75.6664890288 76.26230983 100.345105047 0.648549057699 2.21542694022 7.26355583103 0.724027233961 15.393197223 8.0235899312 4.88664667658 4.09787740867 0.844769891816 2.61695708806 2.61768341611 1.73869709889 0.841901700301 2.79396268838 0.832502013896 0.811177439221 -9999.0 -9999.0 -9999.0 -9999.0 -9999.0 -9999.0 -9999.0 -9999.0 -9999.0 -9999.0 -9999.0 -9999.0 -9999.0 -9999.0 -9999.0 -9999.0 -9999.0 -9999.0 -9999.0 -9999.0 -9999.0
-9999.0 -9999.0 -9999.0 -9999.0 -9999.0 1.20914097879 3.52351399992 6.98661584968 8.0592885953 15.9712959395 16.9776320912 20.1440939708 32.991854358 51.2779568013 53.1152755418 53.970558338 1.52260529368 103.073800608 104.445491028 108.229370427 133.922060649 17.7013233292 16.2210642141 5.69578693257 0.785282182261 4.95516507795 3.38903953205 0.729315754999 3.40444257661 0.783979485864 1.60485447321 4.40998006007 5.23300317867 1.61316686288 0.808092703328 0.779114810797 -9999.0 -9999.0 -9999.0 -9999.0 0.674620959405 0.579300992469 -9999.0 -9999.0 -9999.0 -9999.0 -9999.0 -9999.0 -9999.0 -9999.0 -9999.0 -9999.0 -9999.0 -9999.0 -9999.0
-9999.0 -9999.0 -9999.0 -9999.0 -9999.0 1.17325904495 1.11935305698 4.65060681532 5.74537338656 6.87383087328 1.07691905668 2.13009285493 12.1215353496 2.15248696538 1.01392781405 0.900783124785 0.803514755539 0.914696340049 0.852859635397 0.89734269317 134.718766054 136.986519013 0.731308531808 2.27161541516 1.55976111263 5.69733917678 1.48067640235 0.703007073175 4.20923111995 1.54317168841 3.68672577941 9.16197491295 8.44938643274 2.40490238398 2.36167006509 0.817229307123 0.814424704581 -9999.0 -9999.0 0.81324942172 1.47898421321 3.28327437354 0.619625299868 -9999.0 -9999.0 -9999.0 -9999.0 -9999.0 -9999.0 -9999.0 -9999.0 -9999.0 -9999.0 -9999.0 -9999.0
-9999.0 -9999.0 -9999.0 -9999.0 -9999.0 -9999.0 1.21573429403 1.21143005591 2.32442734715 3.45234849089 7.85726618058 10.0432334229 11.1446280706 1.11612294787 0.889172704508 11.9818752921 14.6839201809 15.5146343901 19.0697301439 19.8576623213 0.799384637684 137.798104614 141.57446594 2.98855604875 0.576671353184 6.36694074251 14.1310173973 5.61808948583 1.43328324158 0.720072727428 14.3395869182 9.93130084497 0.73686497861 0.726232442793 3.11538006466 2.41776911913 0.785988338049 0.743550052816 0.815366942288 1.60533767503 0.785001117232 4.01257360195 4.78023436305 0.710598045904 -9999.0 -9999.0 -9999.0 -9999.0 0.826038110094 0.776954434568 0.223982737606 -9999.0 -9999.0 -9999.0 -9999.0
-9999.0 -9999.0 -9999.0 -9999.0 -9999.0 -9999.0 -9999.0 1.17982652255 1.05948588716 2.21931283229 3.35951706645 1.09908694987 0.982820893354 6.28102383186 8.235299814 10.2493208159 0.955059999434 1.84643342351 0.929996451988 20.6958301399 46.1199913915 46.7938903668 189.886673026 0.757857287727 1.65277289877 0.509155220007 14.811946939 0.713193197972 2.16811867994 0.705239781601 15.064113521 15.7898845923 1.47959285972 1.44510441253 7.91473647517 4.00117050116 1.53555301173 0.79155118758 1.62179025375 2.39812754884 3.92932293274 0.737525707974 6.21070804348 6.92200646743 0.664431897292 0.706159229037 0.726388268515 0.674645757334 0.648166174491 2.27780541916 0.869826731322 0.562616168332 -9999.0 -9999.0 -9999.0
-9999.0 -9999.0 -9999.0 -9999.0 -9999.0 -9999.0 -9999.0 -9999.0 2.23823539233 3.23874836901 1.09495693406 2.23311824573 3.28939189512 5.37396995893 1.06997498187 1.02737527873 0.884429696471 0.892782473434 0.803454239244 23.7020396536 0.958735049799 1.85947257804 192.549286012 194.522302026 0.898335595402 3.43553426547 18.972439759 1.41759546011 2.81936133141 1.30820431355 1.95082156734 18.6155558477 2.16365687386 11.4696480919 9.36507650686 0.732800862014 3.87518641458 1.57808326413 2.37941153414 0.745644198934 4.67589803436 6.13948940996 6.81103671015 7.45524055303 9.52771195009 1.31412586986 1.3582024766 1.27052501966 1.2122056169 2.87823168106 0.582470533974 2.03068336515 2.56267806743 -9999.0 -9999.0
-9999.0 -9999.0 -9999.0 -9999.0 -9999.0 -9999.0 -9999.0 -9999.0 1.17446798418 5.56605260193 6.6303891171 1.06369341607 2.08813063965 1.02155844801 0.938490251975 0.921794225311 11.7548536137 15.665838134 19.28660054 22.9806313543 0.922051194839 0.924358830786 0.986527481262 198.724124399 200.888703075 201.806446289 25.6281149191 5.71608061731 4.91653210633 0.610209657264 2.56269430049 21.821671429 0.637779545061 12.1212925211 0.725005418564 5.03104198869 4.67995641763 0.769423793245 3.13533124857 1.49312329343 2.23393540775 0.713839915229 0.633371501886 8.09300068642 8.69858108132 10.1317224658 1.98636012527 1.87551886587 1.79828319326 3.49511867339 4.67597936342 0.588685590225 3.12252716363 0.594608135133 1.12489676415
-9999.0 -9999.0 -9999.0 -9999.0 -9999.0 -9999.0 -9999.0 -9999.0 -9999.0 1.2092412613 7.76757487807 8.82138921823 3.12870787485 5.18188675556 7.09655231933 8.07754737285 1.01469354066 3.01627260443 2.00851269233 1.04351867847 1.01896581584 0.909992603999 1.83601289236 3.12951689978 1.15374902498 229.502791559 230.426792831 0.879826076303 0.647253945954 1.25179991648 1.88900471675 23.7378078267 1.27660455989 12.7117713932 7.83472442648 6.4464033156 0.751339314766 1.49395040858 3.83970359133 0.704219628625 2.92449424077 1.4037556078 1.11267757948 0.496286169561 10.3326320708 21.0204609196 2.50869350707 2.40345298537 2.33891593127 0.526451121062 5.19916522183 0.507448833546 4.2209286663 0.544934270803 1.67931010655
-9999.0 -9999.0 -9999.0 -9999.0 -9999.0 -9999.0 -9999.0 -9999.0 -9999.0 -9999.0 1.06314557327 10.9553194401 1.03057286732 2.05238739953 2.99019824275 4.83310942291 0.944028660096 1.98110123435 0.970399568485 0.899635806996 0.854230139049 1.68755313291 0.767527731083 0.908596478047 1.88796661356 1.05253730776 231.391221003 233.188470365 235.711108554 2.6190146632 0.651383636153 1.29849987808 24.4339943912 23.9071401558 9.27663397948 0.709561716972 2.95588538246 2.21821825048 4.5465621939 1.40510633568 5.74188101171 2.10317841565 1.7284198101 0.407404787383 0.53806652543 21.6883528558 22.3188287039 27.7882231356 4.00042484164 1.093010822 5.772851205 6.83794293705 11.5551187297 1.08395228813 0.493498310032
-9999.0 -9999.0 -9999.0 -9999.0 -9999.0 -9999.0 -9999.0 -9999.0 -9999.0 -9999.0 -9999.0 0.580947084449 12.1986545976 0.988530545285 1.92832710386 8.62431506262 0.955738308414 0.943397949609 0.824750344021 1.77147757396 0.904645670181 3.47946485364 5.0310736019 5.74044748504 2.61177517997 3.38941380792 0.898686461821 1.04531459117 1.01292306069 239.913130322 241.924172222 25.0713738231 25.1855704502 24.5519428569 1.29863757373 0.624488196264 3.63477324932 9.55621578567 5.2441576232 2.09091075834 8.53263380053 3.68920046928 3.02642469065 0.804680423068 0.377186581577 0.355227973967 0.412376187347 29.7850459969 35.625067124 0.557953273879 0.501892118885 0.541737476047 12.0844242946 13.664313247 0.91635171858
-9999.0 -9999.0 -9999.0 -9999.0 -9999.0 -9999.0 -9999.0 -9999.0 -9999.0 -9999.0 -9999.0 0.533765530204 13.5031037815 16.6540836689 0.952903187185 10.5073121427 0.874718581241 0.824437001021 1.68152527651 4.3345345298 0.865132912672 0.922787088308 0.772911189705 7.26554161732 8.00020952612 12.1767426371 13.8176452515 14.6517786267 15.5472922601 16.435207804 259.303271945 285.986265987 312.734420536 313.488150448 0.706677009629 0.639816706085 10.9222369218 10.2449723804 0.682147290523 0.690350945603 9.22713441853 13.6367485335 0.594392580547 7.21033896026 6.70773026296 1.82000904598 0.877097350295 1.41870547522 0.698475522674 36.859137038 0.618948557969 1.62255244949 2.14216532863 17.314337199 18.5528750447
-9999.0 -9999.0 -9999.0 -9999.0 -9999.0 -9999.0 -9999.0 -9999.0 -9999.0 -9999.0 -9999.0 1.14989590988 2.20740830692 17.6844984092 19.5130609241 0.920200951112 12.2124811951 0.760665863189 2.3478277487 5.14051863147 1.68305492657 0.812232677914 1.6586708812 0.683883723044 1.32950012097 0.659284026575 0.610784657791 0.512899283198 0.49049679698 0.504748803921 0.541786154147 0.703629011402 0.851354606326 1.00015036237 316.024812563 13.8751835657 12.48779054 0.737299773175 2.01589904798 0.534050316206 0.444138341825 14.3093750488 23.6031939751 7.97956676868 5.92351164368 1.04543244509 0.458695799171 0.425300813416 1.01051704373 38.512426985 39.7079683477 0.616496121964 0.616517619385 0.528165953046 0.380491101692
-9999.0 -9999.0 -9999.0 -9999.0 -9999.0 -9999.0 -9999.0 -9999.0 -9999.0 -9999.0 -9999.0 -9999.0 0.977092804287 13.6478831993 34.1400836443 37.1067500964 50.1784913218 50.9925548579 11.5974602803 8.4841795964 2.51359832967 0.795441566468 3.23709302132 3.99302886769 6.0036533853 1.36608637308 1.26023061748 1.18090933613 2.32547671893 1.1416773667 1.16093814286 0.542935215871 0.432613357739 0.516188772934 316.841855992 331.103719241 331.937686867 0.778621057527 5.91427247661 2.36569444995 0.715592230866 25.9075953172 1.63731976225 0.842578018784 3.41226104367 0.725087882537 0.635343924092 1.22205235424 1.77465440576 2.38189413962 40.7757867142 0.51201200756 0.456153513554 0.457009209107 0.370454257294
-9999.0 -9999.0 -9999.0 -9999.0 -9999.0 -9999.0 -9999.0 -9999.0 -9999.0 -9999.0 -9999.0 1.0951646253 10.4195854288 12.6316371607 2.05016323507 0.629240224353 1.44173281468 53.314368861 54.1117124713 66.5109998514 0.739266864988 1.52368601083 0.678208107749 0.692432482754 6.69838055055 8.7562785185 10.6428768139 0.613630918416 2.94950279377 4.69853273204 2.89520946657 1.14799992197 0.939525107864 0.911926505796 1.00796267655 0.599873616631 332.709489382 333.406175854 340.686159471 1.28702613991 0.661495427399 26.5172304651 1.68460461598 0.867116552197 0.919485140519 0.912300547351 0.836935861938 1.51102958656 4.40047756597 7.43947062079 48.7568731228 0.429550007769 1.26571763188 0.848497039594 0.730581351421
-9999.0 -9999.0 -9999.0 -9999.0 -9999.0 -9999.0 -9999.0 -9999.0 -9999.0 -9999.0 -9999.0 1.12205266053 7.2750266367 1.13433701837 0.999847628092 5.25260919872 6.17366266065 7.08764247605 7.92196259114 91.1685724048 91.9043171481 93.3580613844 104.603909293 106.762051298 108.046107663 108.778116824 121.026684335 122.7170549 123.407283638 128.838947862 132.462531239 133.070818638 135.166829885 1.48642862386 1.45138925749 0.42258212531 0.488372357708 334.093016199 343.381094663 1.99341100045 30.9169679237 30.3091676302 3.20394644893 0.768763003019 0.775823221691 0.748488444165 0.756290289444 1.52861373007 2.2340261623 0.701905593424 49.2760084872 49.8185854587 52.418119244 52.8869467702 54.0600244724
-9999.0 -9999.0 -9999.0 -9999.0 -9999.0 -9999.0 -9999.0 -9999.0 -9999.0 -9999.0 -9999.0 3.76218088483 4.97356970827 2.30774229039 3.40251301903 1.07933064764 12.2130588885 13.174332855 15.0928671553 15.8968761098 6.33050719818 100.936877227 101.6981774 0.738481943324 0.564018746024 0.517336903671 1.12197672298 0.54923959299 0.443683008035 0.398394497889 0.430853426733 133.660854826 135.798828996 137.941053773 139.962697787 141.783894779 0.888957013389 0.370048718494 376.28292733 32.1975490351 31.5780095726 0.696121532234 0.654005861052 0.604949117147 1.38508054388 1.35967173843 0.629504740855 0.63379829711 0.588449961757 1.26897401979 1.75458152283 0.422495949737 0.78413227725 0.309914793674 0.196054219716
-9999.0 -9999.0 -9999.0 -9999.0 -9999.0 -9999.0 -9999.0 -9999.0 -9999.0 -9999.0 -9999.0 -9999.0 2.54109687636 1.19155540541 1.09691894645 10.2915596468 11.2854773399 0.996753131192 3.89687642384 4.81092812855 5.61676446029 0.897038753134 0.725282164146 16.1608220482 16.7937524409 17.3939143762 45.2120833612 45.6980468872 46.5645856808 50.8123236323 53.338867359 53.7134525414 0.350771724486 0.375572900822 0.374181521436 142.823303577 0.466391791277 382.774515905 381.929877656 5.03450835736 4.32944987974 2.61996473656 0.650688320116 1.19998253929 1.99596774023 1.97466768564 1.22691499758 0.602390448332 1.18157578578 1.14903128756 2.25328128837 0.293425006457 1.09452825775 1.87411020353 2.30758911544
