data/baseflow/History/mHMbfrc548
ncols                  80
nrows                 72
xllcorner      4374000.0
yllcorner      5656000.0
cellsize            500
NODATA_value       -9999
[rows 0 to 23 of 72, columns 0 to 53 of 80]
-9999.0 -9999.0 -9999.0 -9999.0 -9999.0 -9999.0 -9999.0 -9999.0 -9999.0 -9999.0 -9999.0 -9999.0 0.654011146833 0.783821232238 -9999.0 -9999.0 -9999.0 -9999.0 -9999.0 -9999.0 -9999.0 -9999.0 -9999.0 -9999.0 -9999.0 -9999.0 -9999.0 -9999.0 -9999.0 -9999.0 -9999.0 -9999.0 -9999.0 -9999.0 -9999.0 -9999.0 -9999.0 -9999.0 -9999.0 -9999.0 -9999.0 -9999.0 -9999.0 -9999.0 -9999.0 -9999.0 -9999.0 -9999.0 -9999.0 -9999.0 -9999.0 -9999.0 -9999.0 -9999.0
-9999.0 -9999.0 -9999.0 -9999.0 -9999.0 -9999.0 -9999.0 -9999.0 -9999.0 -9999.0 -9999.0 -9999.0 1.24570912604 3.38129710905 0.67851023448 -9999.0 0.648089681273 -9999.0 -9999.0 -9999.0 -9999.0 -9999.0 -9999.0 -9999.0 -9999.0 -9999.0 -9999.0 -9999.0 -9999.0 -9999.0 -9999.0 -9999.0 -9999.0 -9999.0 -9999.0 -9999.0 -9999.0 -9999.0 -9999.0 -9999.0 -9999.0 -9999.0 -9999.0 -9999.0 -9999.0 -9999.0 -9999.0 -9999.0 -9999.0 -9999.0 -9999.0 -9999.0 -9999.0 -9999.0
-9999.0 -9999.0 -9999.0 -9999.0 -9999.0 -9999.0 -9999.0 -9999.0 -9999.0 -9999.0 0.549411049558 0.532491105859 0.555998003536 0.548467825903 4.37837579076 5.00704100533 1.79608061366 0.571149345788 -9999.0 -9999.0 -9999.0 -9999.0 -9999.0 -9999.0 -9999.0 -9999.0 -9999.0 -9999.0 -9999.0 -9999.0 -9999.0 -9999.0 -9999.0 -9999.0 -9999.0 -9999.0 -9999.0 -9999.0 -9999.0 -9999.0 -9999.0 -9999.0 -9999.0 -9999.0 -9999.0 -9999.0 -9999.0 -9999.0 -9999.0 -9999.0 -9999.0 -9999.0 -9999.0 -9999.0
-9999.0 -9999.0 -9999.0 -9999.0 -9999.0 -9999.0 -9999.0 -9999.0 -9999.0 0.541146545515 1.07844867062 2.1419559151 1.05532527493 0.506671349112 0.97495389967 5.46385858544 8.54472077438 0.63649437335 -9999.0 0.489493891056 -9999.0 -9999.0 -9999.0 -9999.0 1.21545462243 0.620249270962 -9999.0 -9999.0 -9999.0 -9999.0 -9999.0 -9999.0 -9999.0 -9999.0 -9999.0 -9999.0 -9999.0 -9999.0 -9999.0 -9999.0 -9999.0 -9999.0 -9999.0 -9999.0 -9999.0 -9999.0 -9999.0 -9999.0 -9999.0 -9999.0 -9999.0 -9999.0 -9999.0 -9999.0
-9999.0 -9999.0 -9999.0 -9999.0 -9999.0 -9999.0 -9999.0 -9999.0 0.670795172405 1.81691864279 2.33546853308 2.85553202719 3.68329372563 0.46466690559 1.85488679928 2.29351829742 11.9926105871 0.529579387878 0.411578320925 0.908713978108 1.30880768976 0.42123778514 -9999.0 3.11000468256 2.54049941359 0.6817272682 -9999.0 -9999.0 -9999.0 -9999.0 -9999.0 -9999.0 -9999.0 -9999.0 -9999.0 -9999.0 -9999.0 -9999.0 -9999.0 -9999.0 -9999.0 -9999.0 -9999.0 -9999.0 -9999.0 -9999.0 -9999.0 -9999.0 -9999.0 -9999.0 -9999.0 -9999.0 -9999.0 -9999.0
-9999.0 -9999.0 -9999.0 -9999.0 -9999.0 -9999.0 0.657380967343 0.574581451676 0.547921824891 0.563373875331 0.565800399923 3.99908230975 8.1978128027 8.70013269926 9.03193372473 0.285481454276 12.7494617387 13.1609014638 0.796335664984 0.410653862834 1.69937626984 2.93800589904 0.472234413698 4.61117076275 0.447053837737 0.501911961571 0.46106372863 -9999.0 -9999.0 -9999.0 -9999.0 -9999.0 -9999.0 -9999.0 -9999.0 -9999.0 -9999.0 -9999.0 -9999.0 -9999.0 -9999.0 -9999.0 -9999.0 -9999.0 -9999.0 -9999.0 -9999.0 -9999.0 -9999.0 -9999.0 -9999.0 -9999.0 -9999.0 -9999.0
-9999.0 -9999.0 -9999.0 -9999.0 -9999.0 -9999.0 1.32694000437 1.94386707615 4.32084672525 5.94784865683 0.486373115957 0.501771236477 0.468479753832 1.36019661036 10.7966823727 0.331740624158 13.5527196829 15.0101093743 1.1438940697 0.782429986496 3.31086959758 0.408107507077 5.00458366885 0.80531252986 0.411523959783 0.906075386796 0.913499139632 0.449810886806 0.441343450881 0.426381075103 0.467009287139 0.934371969344 -9999.0 -9999.0 -9999.0 -9999.0 -9999.0 -9999.0 -9999.0 -9999.0 -9999.0 -9999.0 -9999.0 -9999.0 -9999.0 -9999.0 -9999.0 -9999.0 -9999.0 -9999.0 -9999.0 -9999.0 -9999.0 -9999.0
-9999.0 -9999.0 -9999.0 -9999.0 -9999.0 0.756436932289 1.43345161646 0.667313921863 1.27727975857 6.57891110254 7.64329001696 8.68280511802 28.6792144491 0.440134240713 11.2419753387 43.4914387376 43.7761447747 59.2910504911 0.30840038259 1.14537197726 3.68665846952 0.372004169779 9.61552145624 4.23022770951 2.64182847105 2.23744826535 0.441044970751 1.32273967142 1.2735824845 0.847837231269 0.410807214988 1.36209222264 0.408485646413 0.400958807729 -9999.0 -9999.0 -9999.0 -9999.0 -9999.0 -9999.0 -9999.0 -9999.0 -9999.0 -9999.0 -9999.0 -9999.0 -9999.0 -9999.0 -9999.0 -9999.0 -9999.0 -9999.0 -9999.0 -9999.0
-9999.0 -9999.0 -9999.0 -9999.0 -9999.0 0.766736599385 2.19144449391 4.32758278256 4.95364385866 9.79586056053 10.3571300962 12.1486958474 19.5470760764 30.0859140744 31.0498433057 31.5071508503 0.760969959181 60.6276440301 61.2534384522 63.1492542281 77.9928660527 10.7724189172 10.018075425 3.03824697912 0.382696482058 2.53170942856 1.72885640697 0.392181271859 1.65505375406 0.353442777353 0.735306442456 2.11387360495 2.50404270542 0.784453984289 0.384621970432 0.375946005453 -9999.0 -9999.0 -9999.0 -9999.0 0.574539437033 0.524947061031 -9999.0 -9999.0 -9999.0 -9999.0 -9999.0 -9999.0 -9999.0 -9999.0 -9999.0 -9999.0 -9999.0 -9999.0
-9999.0 -9999.0 -9999.0 -9999.0 -9999.0 0.727215140409 0.674470770253 2.92370694184 3.56829303686 4.24329011658 0.613815720136 1.20921727952 7.0365529924 1.15505707 0.532447083573 0.478857813265 0.415283106149 0.43778266041 0.394135421687 0.443819877877 78.4017165732 79.5364681773 0.366436791918 1.12214517773 0.761647402475 2.90328815292 0.783154905008 0.379384455621 2.05749424877 0.682513708081 1.6463570542 4.37783948385 4.05411752283 1.16645563376 1.15248042325 0.387238231702 0.383186706947 -9999.0 -9999.0 0.379263414823 1.15570856834 2.7749372556 0.551073265935 -9999.0 -9999.0 -9999.0 -9999.0 -9999.0 -9999.0 -9999.0 -9999.0 -9999.0 -9999.0 -9999.0
-9999.0 -9999.0 -9999.0 -9999.0 -9999.0 -9999.0 0.774503789577 0.799353647444 1.44225328988 2.11536176974 4.67281752841 5.92453736034 6.51227085793 0.594611421714 0.459732601358 6.49859501892 7.9031839238 8.3352135987 10.1257705521 10.5270933128 0.394791198519 79.9358633102 81.706048581 1.38766016472 0.126541418642 3.18746519473 7.12763742241 2.80926430463 0.704759051204 0.345950721353 6.70818021775 4.73477922621 0.349496775442 0.348857347531 1.5078941411 1.13180086746 0.361738530795 0.373296462728 0.366372922027 0.736284650382 0.350286960481 3.37232266372 3.71866953057 0.341548652909 -9999.0 -9999.0 -9999.0 -9999.0 0.386698436714 0.365942452985 0.0943043240034 -9999.0 -9999.0 -9999.0
-9999.0 -9999.0 -9999.0 -9999.0 -9999.0 -9999.0 -9999.0 0.75174867713 0.594360536077 1.30135362545 1.96878605077 0.630883489135 0.502958371394 3.46270634337 4.51473305518 5.59071131007 0.489212486039 0.934463707074 0.456245951879 10.9429067559 24.9941113657 25.5609996818 108.166866814 0.364826554958 0.394415595981 0.117542964042 7.47725127089 0.357127053551 1.05812470639 0.341457991243 7.05688800883 7.40572102355 0.699698358528 0.686452576583 3.72804114603 1.85762814315 0.738975776487 0.376128624352 0.731232761398 1.09473325399 1.78416604584 0.342061687253 4.41676255919 4.78099417774 0.338726040237 0.358604235774 0.367856329877 0.341313162118 0.326676257357 1.08145411211 0.393768057544 0.254668597916 -9999.0 -9999.0
-9999.0 -9999.0 -9999.0 -9999.0 -9999.0 -9999.0 -9999.0 -9999.0 1.29659127368 1.83389616702 0.623802698929 1.28533778746 1.8715763959 2.99800979774 0.570079461796 0.539947873755 0.448702399466 0.45490332925 0.406258678691 13.2089971366 0.462035752025 0.894084968528 109.704122176 110.888466977 0.477386851539 1.33133470503 9.15713934098 0.692478184601 1.37122987334 0.652394448807 0.959251295938 8.7391028059 1.01615862193 5.37476585897 4.3742994148 0.318107543942 1.79268161272 0.719365113222 1.06317563905 0.32925060343 2.12281294066 2.81176581975 3.14077253427 3.4564889382 6.0758101659 0.652921412607 0.675557012404 0.632419578947 0.602333783063 1.36971018829 0.2813358589 0.935574920327 1.192640064 -9999.0
-9999.0 -9999.0 -9999.0 -9999.0 -9999.0 -9999.0 -9999.0 -9999.0 0.717663059223 3.24823457847 3.84783619666 0.599237974898 1.15403756988 0.553161933215 0.491539300161 0.481351221576 6.26105601203 8.34116254105 10.4149744192 12.6029670541 0.542834298237 0.444613053204 0.486803638992 113.33241382 114.782946383 115.338507231 12.4145087561 2.77280133225 2.40080261275 0.322925105692 1.27373422656 10.3252026399 0.319578600279 5.68931630872 0.325367477635 2.28228952553 2.13576393846 0.337141180801 1.39260642874 0.656456900769 0.977289041722 0.32938587533 0.303993162249 3.76916552266 4.06220939484 6.3682051333 0.981568495933 0.927748345128 0.887933643733 1.6622158513 2.22831130234 0.28180922985 1.45344337613 0.265070684225
-9999.0 -9999.0 -9999.0 -9999.0 -9999.0 -9999.0 -9999.0 -9999.0 -9999.0 0.751652024543 4.50359067155 5.09040922462 1.71631974142 2.83656449743 3.84380885335 4.3632165937 0.528450415022 1.62209484186 1.04398110903 0.535537300795 0.506057829122 0.440740785209 0.879913250387 1.57331327782 0.67245220904 129.027972416 129.522972995 0.44848121696 0.315582564364 0.627622234177 0.930179674428 11.2395479393 0.615239336264 5.97970670138 3.48053578571 2.8641347926 0.321967821077 0.651434741718 1.69741983717 0.303378127869 1.27342308015 0.624596654958 0.458253432791 0.131441493771 4.59830228225 11.2174318554 1.2140830699 1.16447029918 1.13864373941 0.248029932336 2.47448101293 0.24149418709 1.96925281698 0.240681532948
-9999.0 -9999.0 -9999.0 -9999.0 -9999.0 -9999.0 -9999.0 -9999.0 -9999.0 -9999.0 0.603924562857 6.30755239799 0.556726493177 1.11876423062 1.61201533098 2.59575938856 0.510174122497 1.08015286913 0.511993304995 0.484737504288 0.446747461808 0.888039917941 0.402921932081 0.462761604963 0.986387511402 0.592331233128 130.117753856 131.101727866 132.396229484 1.27097066523 0.302098449058 0.601788667474 11.5469692772 10.9583476346 4.11160478899 0.309736409474 1.2817913021 0.965155225284 2.00320828774 0.607530938547 2.49587606722 0.921052929934 0.699481474318 0.0508930209699 0.137785331754 11.5059278862 11.7792860757 14.4039616801 1.90375051106 0.505136397904 2.73856226126 3.23671672586 5.44146243396 0.479735290846
-9999.0 -9999.0 -9999.0 -9999.0 -9999.0 -9999.0 -9999.0 -9999.0 -9999.0 -9999.0 -9999.0 0.301721529124 6.89442385763 0.497677854034 0.985660987172 4.56937185716 0.516275507648 0.510813697155 0.435793800112 0.929554289952 0.433062307622 1.75183517131 2.5445081266 2.91955861333 1.35149674541 1.7727726415 0.483676031874 0.532449983731 0.52954290049 134.566242101 135.544409138 11.8268928777 11.5196938483 11.2401554817 0.579003921466 0.285972171423 1.57117483381 4.15531515224 2.29547971219 0.89779071103 3.67769860292 1.16301380419 0.892105534173 0.0939970213792 0.0396761113038 0.0453944936985 0.0834453414563 14.8672576214 17.5126191033 0.237470320448 0.231794355873 0.234343930744 5.66724182332 6.355982777
-9999.0 -9999.0 -9999.0 -9999.0 -9999.0 -9999.0 -9999.0 -9999.0 -9999.0 -9999.0 -9999.0 0.274417933811 7.54408371301 9.26787109072 0.493802591905 5.5449069767 0.473369413542 0.450988633831 0.860448621945 2.22276581987 0.417347757634 0.443242497216 0.377519344257 3.6897246618 4.05550898954 6.19849110814 7.00581445721 7.35623350152 7.78546503716 8.19975060595 144.240309274 156.748875401 168.960571147 169.376870786 0.307089664951 0.285648391216 4.73552903689 4.44813401714 0.286372242171 0.277894315583 3.94804953219 5.39550136988 0.218224789869 1.94430544382 1.82495330796 0.252958536226 0.151805133057 0.262443630109 0.267289237932 18.0099572298 0.252002608327 0.684163479624 0.891064854174 7.72499733117
-9999.0 -9999.0 -9999.0 -9999.0 -9999.0 -9999.0 -9999.0 -9999.0 -9999.0 -9999.0 -9999.0 0.649922848022 1.22109592063 9.81844233382 10.7459523689 0.469085051231 6.63938397739 0.415643438464 1.25127618972 2.62035262077 0.807783936833 0.388445587106 0.801124953158 0.356370133561 0.673466944121 0.315725810195 0.261016123284 0.15937369243 0.11914301158 0.101558309722 0.0983326841096 0.185728086469 0.295871972665 0.443934385493 170.523742517 6.0326678053 5.38703785156 0.305728224879 0.82755906942 0.204317085351 0.171775941181 5.65862192126 8.38518141489 2.23563514222 1.74041204959 0.157561453164 0.0642068125621 0.0527592704209 0.249812784003 18.5139589451 19.0208689592 0.262606725228 0.266024422981 0.162439210272
-9999.0 -9999.0 -9999.0 -9999.0 -9999.0 -9999.0 -9999.0 -9999.0 -9999.0 -9999.0 -9999.0 -9999.0 0.510292873049 7.55954716157 18.802931688 20.3111561306 27.423934911 28.0309064516 6.06255903275 4.23152179558 1.20491750162 0.382377493711 1.54874644354 1.90605452185 2.90069493892 0.64562792595 0.567148568812 0.470437284412 0.888727199904 0.396179255322 0.365675896236 0.166037825425 0.0492017162394 0.0813825010071 170.868617375 177.144112015 177.591944924 0.32414271048 2.39246933137 0.933602811475 0.283979166345 9.27093279243 0.624816593782 0.323940366602 1.28431282018 0.211982006068 0.19792811237 0.385924697256 0.590442109472 0.826182027505 19.4631316618 0.213591138922 0.191652461607 0.19177443295
-9999.0 -9999.0 -9999.0 -9999.0 -9999.0 -9999.0 -9999.0 -9999.0 -9999.0 -9999.0 -9999.0 0.596136477695 5.81432845188 7.02698824641 1.06128781682 0.304848624499 0.659244159794 29.1211849358 29.622648321 36.255359736 0.352933765266 0.73156017936 0.322523152328 0.328143011402 3.21827279753 4.18074211273 5.03256468299 0.287757632151 1.17250556773 1.84695100525 1.06742241324 0.436179167641 0.229969777582 0.149667277064 0.188326757297 0.129079054844 177.941329412 178.247855771 181.197774444 0.50446179362 0.259244837294 9.66775762138 0.659309511481 0.342335115422 0.373038226294 0.368796758387 0.329106707089 0.545164088573 1.66053030478 2.74339896541 22.4183810158 0.170454174496 0.511526157753 0.345512920133
-9999.0 -9999.0 -9999.0 -9999.0 -9999.0 -9999.0 -9999.0 -9999.0 -9999.0 -9999.0 -9999.0 0.617236573104 4.14088248838 0.630140483713 0.5093183257 2.79856527547 3.24316863139 3.6943393388 4.09293520353 48.9572004773 49.2703290655 49.9447437949 55.1091365973 56.0372990835 56.5072086491 56.8382808499 62.3231482524 62.9259986155 63.2030727136 65.3329577843 66.7053902798 66.9785096898 67.6161237373 0.404902963798 0.287798284923 0.0387854642923 0.073740146186 178.531213357 182.259986735 0.775662019996 11.6192055569 11.343199356 1.25919239028 0.299735299839 0.303218451604 0.296241900229 0.292276163807 0.59008500842 0.85978983144 0.272115859256 22.6261299051 22.845223945 23.8940463454 24.079717626
-9999.0 -9999.0 -9999.0 -9999.0 -9999.0 -9999.0 -9999.0 -9999.0 -9999.0 -9999.0 -9999.0 2.1851250172 2.86645075174 1.27144229768 1.8517437418 0.568624934133 6.4926718855 6.9812245875 7.92791451768 8.21257639744 2.97547108086 53.4472656223 53.7379208424 0.260566493041 0.143433784195 0.0967927934924 0.25450512868 0.0941946132585 0.05597319758 0.0483834214368 0.0732710981668 67.130710885 67.8036556959 68.5191556063 69.0817322859 69.3737591143 0.105135793351 0.0530573095448 194.668288467 12.1388550168 11.9080718334 0.270838254496 0.263834039454 0.252571656108 0.562102243264 0.556505526117 0.255603064933 0.251728245747 0.237211001709 0.504802613688 0.694890603174 0.166391874201 0.307351993581 0.0931755243542
-9999.0 -9999.0 -9999.0 -9999.0 -9999.0 -9999.0 -9999.0 -9999.0 -9999.0 -9999.0 -9999.0 -9999.0 1.47708839733 0.663541097163 0.567511206388 5.52572400551 6.03942473372 0.508480491763 1.94120486151 2.35998964729 2.67766659106 0.376479099986 0.289570985392 7.61203464858 7.84363539607 8.04130954143 21.2764427789 21.3763578633 21.4882018995 22.6884951325 23.041165985 23.0840701072 0.0430200035159 0.0471178298643 0.0685957001248 69.7804045488 0.133176012535 197.002907391 196.706552621 1.82682114805 1.57945589199 1.03938909437 0.258757754985 0.50183729604 0.821661992751 0.815869575171 0.503286656158 0.241577487611 0.475926100816 0.469621683298 0.905425102668 0.133943026623 0.434990661516 0.69117058106
