data/baseflow/History/mHMbfrc276
ncols                  80
nrows                 72
xllcorner      4374000.0
yllcorner      5656000.0
cellsize            500
NODATA_value       -9999
[rows 0 to 23 of 72, columns 0 to 54 of 80]
-9999.0 -9999.0 -9999.0 -9999.0 -9999.0 -9999.0 -9999.0 -9999.0 -9999.0 -9999.0 -9999.0 -9999.0 1.15010120212 0.75056810688 -9999.0 -9999.0 -9999.0 -9999.0 -9999.0 -9999.0 -9999.0 -9999.0 -9999.0 -9999.0 -9999.0 -9999.0 -9999.0 -9999.0 -9999.0 -9999.0 -9999.0 -9999.0 -9999.0 -9999.0 -9999.0 -9999.0 -9999.0 -9999.0 -9999.0 -9999.0 -9999.0 -9999.0 -9999.0 -9999.0 -9999.0 -9999.0 -9999.0 -9999.0 -9999.0 -9999.0 -9999.0 -9999.0 -9999.0 -9999.0 -9999.0
-9999.0 -9999.0 -9999.0 -9999.0 -9999.0 -9999.0 -9999.0 -9999.0 -9999.0 -9999.0 -9999.0 -9999.0 2.36927757935 4.6129072254 0.597477065095 -9999.0 0.470616821154 -9999.0 -9999.0 -9999.0 -9999.0 -9999.0 -9999.0 -9999.0 -9999.0 -9999.0 -9999.0 -9999.0 -9999.0 -9999.0 -9999.0 -9999.0 -9999.0 -9999.0 -9999.0 -9999.0 -9999.0 -9999.0 -9999.0 -9999.0 -9999.0 -9999.0 -9999.0 -9999.0 -9999.0 -9999.0 -9999.0 -9999.0 -9999.0 -9999.0 -9999.0 -9999.0 -9999.0 -9999.0 -9999.0
-9999.0 -9999.0 -9999.0 -9999.0 -9999.0 -9999.0 -9999.0 -9999.0 -9999.0 -9999.0 1.199492986 1.15799012191 1.20053026047 1.18404829498 6.84804423963 7.52080488831 1.26168060374 0.394585618873 -9999.0 -9999.0 -9999.0 -9999.0 -9999.0 -9999.0 -9999.0 -9999.0 -9999.0 -9999.0 -9999.0 -9999.0 -9999.0 -9999.0 -9999.0 -9999.0 -9999.0 -9999.0 -9999.0 -9999.0 -9999.0 -9999.0 -9999.0 -9999.0 -9999.0 -9999.0 -9999.0 -9999.0 -9999.0 -9999.0 -9999.0 -9999.0 -9999.0 -9999.0 -9999.0 -9999.0 -9999.0
-9999.0 -9999.0 -9999.0 -9999.0 -9999.0 -9999.0 -9999.0 -9999.0 -9999.0 1.15720464645 2.35615852069 4.68682506504 2.32686980324 1.13611869857 2.23603238225 8.58512785897 10.82340481 0.46735179485 -9999.0 1.15900108682 -9999.0 -9999.0 -9999.0 -9999.0 0.859167790811 0.441873644636 -9999.0 -9999.0 -9999.0 -9999.0 -9999.0 -9999.0 -9999.0 -9999.0 -9999.0 -9999.0 -9999.0 -9999.0 -9999.0 -9999.0 -9999.0 -9999.0 -9999.0 -9999.0 -9999.0 -9999.0 -9999.0 -9999.0 -9999.0 -9999.0 -9999.0 -9999.0 -9999.0 -9999.0 -9999.0
-9999.0 -9999.0 -9999.0 -9999.0 -9999.0 -9999.0 -9999.0 -9999.0 1.29023545766 3.67031300284 4.7994276712 5.9353186052 8.12006983141 1.07856720524 4.35560509401 5.39447710273 17.6022756151 0.811930483786 0.953391571881 2.19923564325 3.21171311755 1.04685091266 -9999.0 2.27362299061 1.87402208378 0.527981823789 -9999.0 -9999.0 -9999.0 -9999.0 -9999.0 -9999.0 -9999.0 -9999.0 -9999.0 -9999.0 -9999.0 -9999.0 -9999.0 -9999.0 -9999.0 -9999.0 -9999.0 -9999.0 -9999.0 -9999.0 -9999.0 -9999.0 -9999.0 -9999.0 -9999.0 -9999.0 -9999.0 -9999.0 -9999.0
-9999.0 -9999.0 -9999.0 -9999.0 -9999.0 -9999.0 1.24284901786 1.15589784123 1.15782686546 1.17587179654 1.1899183027 8.33076614974 17.5958764606 18.7248567256 19.7583573957 1.04239188454 19.5490940055 20.5090822711 1.97880730296 1.02998795645 4.20870584351 7.29380474745 0.927166040769 4.97213797202 1.02503409932 0.938275653819 1.04642929892 -9999.0 -9999.0 -9999.0 -9999.0 -9999.0 -9999.0 -9999.0 -9999.0 -9999.0 -9999.0 -9999.0 -9999.0 -9999.0 -9999.0 -9999.0 -9999.0 -9999.0 -9999.0 -9999.0 -9999.0 -9999.0 -9999.0 -9999.0 -9999.0 -9999.0 -9999.0 -9999.0 -9999.0
-9999.0 -9999.0 -9999.0 -9999.0 -9999.0 -9999.0 2.50072320641 3.70782189376 8.48053666576 11.9265424745 1.07561952247 1.11939508701 1.06575715916 3.11261635756 23.8366307727 0.951899437595 21.4485470868 25.1892860387 2.9043626698 1.96147645431 8.2432362793 1.01029975675 5.98119182172 1.97134434931 0.986663831242 1.89811437372 2.10401966271 1.11565951419 1.12480292428 1.10223916733 1.16443586006 2.32924753195 -9999.0 -9999.0 -9999.0 -9999.0 -9999.0 -9999.0 -9999.0 -9999.0 -9999.0 -9999.0 -9999.0 -9999.0 -9999.0 -9999.0 -9999.0 -9999.0 -9999.0 -9999.0 -9999.0 -9999.0 -9999.0 -9999.0 -9999.0
-9999.0 -9999.0 -9999.0 -9999.0 -9999.0 1.3228229362 2.59407741515 1.26435806441 2.49170781542 13.1716592188 15.4384077679 17.6979859197 56.3441657093 1.02806187417 24.8472146931 89.2630979005 90.0220616855 116.517852904 0.819179673258 2.89420289946 9.1970224447 0.946810073672 16.9737240163 10.0056548503 6.0302325903 5.02549709849 1.03541394828 3.30071109401 3.30124816707 2.19849350055 1.08116116657 3.43509806559 1.09953533708 1.08675385239 -9999.0 -9999.0 -9999.0 -9999.0 -9999.0 -9999.0 -9999.0 -9999.0 -9999.0 -9999.0 -9999.0 -9999.0 -9999.0 -9999.0 -9999.0 -9999.0 -9999.0 -9999.0 -9999.0 -9999.0 -9999.0
-9999.0 -9999.0 -9999.0 -9999.0 -9999.0 1.32390580519 3.89813222768 7.77569037263 9.02892469849 17.9976810354 19.1875131135 22.8758842665 37.6223698845 59.4256637356 61.5448861746 62.5250935927 1.84480194693 119.804721102 121.492961824 126.283878908 156.299098064 19.88516002 17.9899524066 7.03644202512 1.0048465349 6.26950938017 4.28968780639 0.962140141513 4.33718168816 1.01426762919 2.07680286431 5.56740429998 6.65821470506 2.16621086194 1.07024693525 1.07150680164 -9999.0 -9999.0 -9999.0 -9999.0 0.508383178447 0.436548238346 -9999.0 -9999.0 -9999.0 -9999.0 -9999.0 -9999.0 -9999.0 -9999.0 -9999.0 -9999.0 -9999.0 -9999.0 -9999.0
-9999.0 -9999.0 -9999.0 -9999.0 -9999.0 1.29631162628 1.26702441312 5.17891076563 6.4454765467 7.74086741751 1.24699008266 2.47653412329 13.8670221381 2.44880870114 1.16428006112 1.06928895568 0.969343894033 1.0586065849 1.01790406171 1.0453232416 157.274289983 160.142923421 0.953124471324 2.94439468901 2.00309863827 7.22596773886 1.93623044863 0.932091591424 5.37967321443 2.00716624636 4.84792507802 11.906042968 10.9540939754 3.2161428823 3.17187186593 1.09299440519 1.09767402312 -9999.0 -9999.0 1.08023515414 1.25471543043 2.61024528138 0.465569725594 -9999.0 -9999.0 -9999.0 -9999.0 -9999.0 -9999.0 -9999.0 -9999.0 -9999.0 -9999.0 -9999.0 -9999.0
-9999.0 -9999.0 -9999.0 -9999.0 -9999.0 -9999.0 1.33164956271 1.32862612505 2.59504640021 3.8700062469 8.93467835087 11.4735395317 12.7279842862 1.26799133531 1.05907830537 14.0025245348 17.1734490255 18.1794742773 22.3782608867 23.3618168812 0.980701303001 161.126706264 166.032935893 3.9333765773 0.958582851064 8.17685978635 18.2011607997 7.21170732091 1.91780468814 0.971877176292 18.698339876 12.908359906 0.975076350099 0.969955406674 4.17227657182 3.24007578645 1.05425786452 0.987565039962 1.10395197857 2.16698892407 1.08530987165 3.1800102341 4.22753936181 0.954124672734 -9999.0 -9999.0 -9999.0 -9999.0 1.06361107558 1.01630486959 0.352542713282 -9999.0 -9999.0 -9999.0 -9999.0
-9999.0 -9999.0 -9999.0 -9999.0 -9999.0 -9999.0 -9999.0 1.31229951201 1.23676750429 2.52943685668 3.83014125161 1.27761849518 1.16736915044 7.30140517932 9.5817420799 11.9107119526 1.08829788202 2.16841275969 1.06971218002 24.3693817633 52.9930438449 53.4660586744 221.149301548 0.96667827113 2.82071051173 0.914872498839 19.087141699 0.929832177625 2.89912790337 0.95305006704 19.6546813112 20.6115572448 1.9554641507 1.94513679158 10.583980452 5.35428098437 2.02990611144 1.04889327575 2.20434155652 3.25589397767 5.38069683564 1.0163941071 5.98894658839 6.67795496414 0.634838071545 0.703601107528 0.699480438291 0.630030191677 0.604437415195 2.89462261223 1.29503682251 0.873418884866 -9999.0 -9999.0 -9999.0
-9999.0 -9999.0 -9999.0 -9999.0 -9999.0 -9999.0 -9999.0 -9999.0 2.53902654667 3.74262574005 1.26486274043 2.5564248178 3.77499601547 6.20029662876 1.22846889374 1.19510249061 1.06015372623 1.07040238902 0.997023591646 26.569872147 1.09953245482 2.15669327672 223.765691661 225.181900112 0.556338065272 3.97440273352 23.893069906 1.85354532363 3.77458253519 1.78314572129 2.64479584073 24.3423065001 2.86033667915 15.3509466771 12.5222317407 0.983015829907 5.14839631091 2.09290793583 3.24660167277 1.03229644652 6.36682773466 8.23180321714 8.86890766932 9.47510744256 9.16639177449 1.26871941061 1.3029244217 1.19380985528 1.13355117811 3.62639111464 0.827405026589 3.02382701188 3.82386940245 -9999.0 -9999.0
-9999.0 -9999.0 -9999.0 -9999.0 -9999.0 -9999.0 -9999.0 -9999.0 1.30550509149 6.32449735433 7.56726250191 1.243987653 2.44984844855 1.20451179765 1.1308650579 1.11514205697 13.8263675159 18.3372229995 22.2838391773 26.0594055202 0.931392645755 1.0751453635 0.985544276146 229.080747034 230.307794102 230.776702537 31.976669961 7.41327190164 6.51046661394 0.812388065683 3.48665352783 28.6902950957 0.872916184066 16.2296834386 0.979330044964 6.7233093883 6.20497845268 1.03241177364 4.28564436819 2.06614626322 3.09657657006 0.85882009471 0.603074503409 10.0743390756 10.6354901644 9.72623438696 1.90230056179 1.76780719214 1.71471685181 4.49578324493 6.1674775827 0.834832919069 4.64928864377 0.882503013096 1.69556256349
-9999.0 -9999.0 -9999.0 -9999.0 -9999.0 -9999.0 -9999.0 -9999.0 -9999.0 1.31480299909 8.84759910324 10.0767801636 3.66340582361 6.06721375743 8.33025083986 9.46715307958 1.15811649556 3.45681665959 2.31640353137 1.18202918006 1.1673923179 1.07950766329 2.13919274306 3.46326131937 0.860527045966 264.116380208 264.682556735 0.532381912514 0.621854723001 1.68171383324 2.53073997866 31.2445497738 1.71430612967 17.0222717234 10.4532928356 8.59814982113 0.999994233226 2.01387521091 5.26033738843 0.973488364957 4.06299148116 1.79216363547 1.16105111391 0.604513454136 12.4135659626 22.6304061609 2.35619631009 2.2398233719 2.4101883158 0.733296725139 6.89109816244 0.708007306452 6.22656649924 0.808107817877 2.50504133134
-9999.0 -9999.0 -9999.0 -9999.0 -9999.0 -9999.0 -9999.0 -9999.0 -9999.0 -9999.0 1.2251466249 12.5370423571 1.20655270526 2.39876450491 3.49954221896 5.68469994527 1.11245221862 2.28862841622 1.14101850646 1.08132103381 1.04389628457 2.06584378504 0.963028263599 0.958823662789 1.62275971103 0.796067949948 265.236908778 266.264899691 268.062358639 3.20390299762 0.883855755002 1.76363153088 32.1615389604 31.9196937404 12.354024011 0.945319634907 3.98387250042 2.99465097846 6.23703124272 1.94599258185 7.78596412488 2.74063031653 1.9864438292 0.598418733344 0.645870700832 23.274988633 23.828694615 28.9261141571 4.68907970849 1.50585343378 7.66015083567 9.12513084751 16.0609405255 1.58588656167 0.757329284166
-9999.0 -9999.0 -9999.0 -9999.0 -9999.0 -9999.0 -9999.0 -9999.0 -9999.0 -9999.0 -9999.0 0.696050862918 14.0816850357 1.14099749983 2.22124872713 10.0678286266 1.10496210473 1.0952578806 1.00116792599 2.13096656253 1.07005157366 4.18739273227 6.10270382704 6.99518312754 2.40292338195 2.86599254493 0.497416078632 0.743988619467 0.713401666694 272.638322884 274.911850175 32.9470154244 33.5642635045 32.7446901503 1.71593552715 0.837209103247 4.90342283095 13.0027687111 7.18126326232 2.88298203984 11.5891819184 5.04341269856 4.15513989543 1.30081558603 0.543295316286 0.489111302208 0.513815009917 31.344385372 38.0685310747 0.749100527292 0.683051898867 0.730055226677 16.7889324386 19.095524274 1.41625128845
-9999.0 -9999.0 -9999.0 -9999.0 -9999.0 -9999.0 -9999.0 -9999.0 -9999.0 -9999.0 -9999.0 0.648924477577 15.6546550158 19.2009824468 1.08891306959 12.2310336063 1.03608449423 1.00440086241 2.0437659522 5.23177740797 1.04903005001 1.08716266989 0.958524241598 8.8818032059 9.80864723431 13.6373165731 14.9566367353 15.6994250977 16.2378279277 17.0337276465 292.520059906 326.614963742 361.212786733 361.57692884 0.612405796677 0.83088273189 14.8465350722 13.9295898063 0.932259480947 0.921785882706 12.4951593047 18.4696901621 0.861186301583 10.1338512611 9.27668527145 2.66406539257 1.14966213869 1.85482655227 0.674895252979 39.1758191039 0.548613481153 1.96908012965 2.44579511574 23.3645702986 25.4734008572
-9999.0 -9999.0 -9999.0 -9999.0 -9999.0 -9999.0 -9999.0 -9999.0 -9999.0 -9999.0 -9999.0 1.27111541454 2.4440625313 20.3520946062 22.4310763049 1.03509194218 13.899215375 0.914354759123 2.8492706326 6.19506878987 2.04192740105 0.989701532112 1.98549034249 0.848196071775 1.6930250274 0.881026480835 0.87795337204 0.861788066837 0.84666212288 0.794832937984 0.674881136381 0.695446085518 0.732337358639 0.749808223731 363.388254227 16.9403265349 15.7383897653 0.442342506898 2.68301726242 0.753835476696 0.658581977754 19.3449114136 32.2271384234 11.1000738058 8.00353681374 1.582281422 0.629781407077 0.587177284547 1.16074506138 40.8948391165 41.9049070211 0.523569283829 0.529315983275 0.601463082395 0.686477877099
-9999.0 -9999.0 -9999.0 -9999.0 -9999.0 -9999.0 -9999.0 -9999.0 -9999.0 -9999.0 -9999.0 -9999.0 1.12444186423 14.7886649817 38.3146353601 41.5812722613 56.3879750279 57.0049576634 13.6652201726 10.2297883223 3.045659211 0.979641058323 3.92795382611 4.8603614839 7.44787157649 1.79388675948 1.75983437088 1.75587774105 3.49007021439 1.67100681377 1.55173666229 0.879032586576 0.814424014397 0.668202481919 364.001840126 381.476659946 381.892708991 0.404553667572 6.82388373571 3.24240463079 0.93654897835 35.125332442 2.03057635595 1.03912741046 4.36047488278 1.01943801726 0.747774983608 1.35686326245 1.86888012448 2.41051223494 42.7908231256 0.424829556221 0.377535852734 0.381570654906 0.353133694417
-9999.0 -9999.0 -9999.0 -9999.0 -9999.0 -9999.0 -9999.0 -9999.0 -9999.0 -9999.0 -9999.0 1.20953964692 11.2350736663 13.6418822986 2.23065642098 0.725231806162 1.65340383884 59.6371501646 60.3575798333 74.6538631812 0.905956305576 1.87822954649 0.866108795763 0.876652068753 8.3264911072 10.997183505 13.5997137208 0.835929660138 4.34241493428 6.85326894884 4.07443099203 1.70769016899 1.61408544949 1.45352135848 1.31070238052 0.511885590673 382.235698026 382.513659313 389.968203409 1.59000382055 0.842846286203 35.6105683507 2.11741072421 1.0736989344 1.1406723619 1.1342280999 1.03558045964 1.80132331125 5.08469176539 8.05715804541 51.2874083718 0.341775071976 1.01801861246 0.688493083916 0.633121697998
-9999.0 -9999.0 -9999.0 -9999.0 -9999.0 -9999.0 -9999.0 -9999.0 -9999.0 -9999.0 -9999.0 1.23200829215 7.71131903575 1.22601402861 1.09313704636 5.7068071475 6.70974374473 7.71546236056 8.6774930669 101.30825579 102.163991517 103.902060026 116.850052306 119.440028209 120.968618628 121.863419045 137.490315682 139.811067246 140.673788327 148.467161776 153.450819531 154.282297045 157.571459935 2.25406482378 2.11067197756 0.542846192965 0.367081112031 382.849344798 392.418455921 2.15842892739 40.8018660784 40.0731350973 4.05004809353 0.98191693586 1.00464613462 0.977644923085 0.962773625274 1.93061411412 2.72522481386 0.712279932889 51.7057485036 52.1399221893 54.2244614501 54.5897013607 55.5629701441
-9999.0 -9999.0 -9999.0 -9999.0 -9999.0 -9999.0 -9999.0 -9999.0 -9999.0 -9999.0 -9999.0 3.92265613658 5.2083291008 2.47595224706 3.65287470877 1.16468899705 12.9270383207 13.961123294 16.0188066735 17.0143567244 6.9456278171 112.313140562 113.223081573 0.8148349282 0.633685348706 0.630434813494 1.36103020982 0.785029005822 0.754309976998 0.763310789938 0.768533732151 155.162255494 158.448582379 161.426351697 164.1918059 165.828883801 0.694439854693 0.244652053253 434.664390581 41.9554363705 41.5559902869 0.866082444407 0.806127458296 0.766603506509 1.80228136597 1.77261766053 0.83022636723 0.833527496734 0.766007411728 1.46742479556 1.93046023284 0.323901552592 0.607393589681 0.276972496201 0.270121368189
-9999.0 -9999.0 -9999.0 -9999.0 -9999.0 -9999.0 -9999.0 -9999.0 -9999.0 -9999.0 -9999.0 -9999.0 2.63124556217 1.26899078236 1.18758452712 10.8545697284 11.9166371774 1.0637313602 4.14615044251 5.14838170806 6.1106727639 1.03048178148 0.733850170278 17.1163079252 17.72557673 18.3339871146 46.7013843761 47.2826219161 48.5991983027 53.1382763885 56.8417561088 57.5040583146 0.742814798052 0.762501414996 0.690924726482 166.304666516 0.258606144025 441.464891764 441.092819013 6.12987239886 5.63518865275 3.33051135757 0.838881494173 1.51840973538 2.58180162732 2.5575764349 1.62918320507 0.809010583908 1.56531764169 1.54093522411 2.62236607645 0.461970011638 1.03434773561 1.72907662516 2.2879957524
