data/baseflow/History/mHMbfrc497
ncols                  80
nrows                 72
xllcorner      4374000.0
yllcorner      5656000.0
cellsize            500
NODATA_value       -9999
[rows 0 to 23 of 72, columns 0 to 53 of 80]
-9999.0 -9999.0 -9999.0 -9999.0 -9999.0 -9999.0 -9999.0 -9999.0 -9999.0 -9999.0 -9999.0 -9999.0 0.629167877399 0.690940319043 -9999.0 -9999.0 -9999.0 -9999.0 -9999.0 -9999.0 -9999.0 -9999.0 -9999.0 -9999.0 -9999.0 -9999.0 -9999.0 -9999.0 -9999.0 -9999.0 -9999.0 -9999.0 -9999.0 -9999.0 -9999.0 -9999.0 -9999.0 -9999.0 -9999.0 -9999.0 -9999.0 -9999.0 -9999.0 -9999.0 -9999.0 -9999.0 -9999.0 -9999.0 -9999.0 -9999.0 -9999.0 -9999.0 -9999.0 -9999.0
-9999.0 -9999.0 -9999.0 -9999.0 -9999.0 -9999.0 -9999.0 -9999.0 -9999.0 -9999.0 -9999.0 -9999.0 1.24902612967 3.07191588917 0.563403049726 -9999.0 0.575981980898 -9999.0 -9999.0 -9999.0 -9999.0 -9999.0 -9999.0 -9999.0 -9999.0 -9999.0 -9999.0 -9999.0 -9999.0 -9999.0 -9999.0 -9999.0 -9999.0 -9999.0 -9999.0 -9999.0 -9999.0 -9999.0 -9999.0 -9999.0 -9999.0 -9999.0 -9999.0 -9999.0 -9999.0 -9999.0 -9999.0 -9999.0 -9999.0 -9999.0 -9999.0 -9999.0 -9999.0 -9999.0
-9999.0 -9999.0 -9999.0 -9999.0 -9999.0 -9999.0 -9999.0 -9999.0 -9999.0 -9999.0 0.544792590407 0.517163489689 0.568027715435 0.570998573263 4.08961171289 4.56521126481 1.58030745686 0.505154809785 -9999.0 -9999.0 -9999.0 -9999.0 -9999.0 -9999.0 -9999.0 -9999.0 -9999.0 -9999.0 -9999.0 -9999.0 -9999.0 -9999.0 -9999.0 -9999.0 -9999.0 -9999.0 -9999.0 -9999.0 -9999.0 -9999.0 -9999.0 -9999.0 -9999.0 -9999.0 -9999.0 -9999.0 -9999.0 -9999.0 -9999.0 -9999.0 -9999.0 -9999.0 -9999.0 -9999.0
-9999.0 -9999.0 -9999.0 -9999.0 -9999.0 -9999.0 -9999.0 -9999.0 -9999.0 0.511885671056 1.06964487826 2.12131702701 1.08090370211 0.519372978728 1.00396085448 5.0240072124 7.65770600945 0.541395807327 -9999.0 0.533783573361 -9999.0 -9999.0 -9999.0 -9999.0 1.09179504389 0.564187596011 -9999.0 -9999.0 -9999.0 -9999.0 -9999.0 -9999.0 -9999.0 -9999.0 -9999.0 -9999.0 -9999.0 -9999.0 -9999.0 -9999.0 -9999.0 -9999.0 -9999.0 -9999.0 -9999.0 -9999.0 -9999.0 -9999.0 -9999.0 -9999.0 -9999.0 -9999.0 -9999.0 -9999.0
-9999.0 -9999.0 -9999.0 -9999.0 -9999.0 -9999.0 -9999.0 -9999.0 0.626691128948 1.70530972822 2.19679299727 2.70239242388 3.68553057044 0.456034544299 1.88688642154 2.3124291982 10.8327416591 0.399180094552 0.383921982756 0.966326412751 1.38939251011 0.451943177223 -9999.0 2.72069029034 2.23370976644 0.58148171688 -9999.0 -9999.0 -9999.0 -9999.0 -9999.0 -9999.0 -9999.0 -9999.0 -9999.0 -9999.0 -9999.0 -9999.0 -9999.0 -9999.0 -9999.0 -9999.0 -9999.0 -9999.0 -9999.0 -9999.0 -9999.0 -9999.0 -9999.0 -9999.0 -9999.0 -9999.0 -9999.0 -9999.0
-9999.0 -9999.0 -9999.0 -9999.0 -9999.0 -9999.0 0.611435425559 0.533064762828 0.506856410472 0.524491452314 0.542957775316 3.81745454631 8.0203306899 8.52038039734 8.91298815611 0.386964698019 11.6274580527 12.0200665652 0.82498660469 0.430964689676 1.80135452822 3.11628680281 0.443511164268 4.11155563564 0.488789963774 0.478588753315 0.521050626882 -9999.0 -9999.0 -9999.0 -9999.0 -9999.0 -9999.0 -9999.0 -9999.0 -9999.0 -9999.0 -9999.0 -9999.0 -9999.0 -9999.0 -9999.0 -9999.0 -9999.0 -9999.0 -9999.0 -9999.0 -9999.0 -9999.0 -9999.0 -9999.0 -9999.0 -9999.0 -9999.0
-9999.0 -9999.0 -9999.0 -9999.0 -9999.0 -9999.0 1.24091768365 1.82539882844 4.06260703542 5.56503379475 0.449368191415 0.481847235525 0.448237697363 1.3009309836 10.5920914719 0.336566303688 12.3862028047 13.977463591 1.23613399616 0.780434042276 3.48563473743 0.421264166004 4.52801885017 0.838810584933 0.425713242417 0.883305264208 1.03519727229 0.533872367823 0.56502953721 0.538499664334 0.616592953999 1.22858716952 -9999.0 -9999.0 -9999.0 -9999.0 -9999.0 -9999.0 -9999.0 -9999.0 -9999.0 -9999.0 -9999.0 -9999.0 -9999.0 -9999.0 -9999.0 -9999.0 -9999.0 -9999.0 -9999.0 -9999.0 -9999.0 -9999.0
-9999.0 -9999.0 -9999.0 -9999.0 -9999.0 0.706609370398 1.35021741271 0.638572755711 1.22338862319 6.16232759369 7.16592772191 8.1645723667 27.6292418783 0.44142136997 11.0145545429 42.295850394 42.6157540339 57.1679593917 0.36095720424 1.13645434489 3.85684261503 0.364202833883 9.3988961178 4.47134039296 2.81195226198 2.37330749873 0.500755960015 1.58789855833 1.62608200773 1.07766576267 0.529357199652 1.77991710175 0.532442448086 0.515698335593 -9999.0 -9999.0 -9999.0 -9999.0 -9999.0 -9999.0 -9999.0 -9999.0 -9999.0 -9999.0 -9999.0 -9999.0 -9999.0 -9999.0 -9999.0 -9999.0 -9999.0 -9999.0 -9999.0 -9999.0
-9999.0 -9999.0 -9999.0 -9999.0 -9999.0 0.719460529584 2.07920805467 4.1044130593 4.71468776101 9.35106339463 9.90449490215 11.6703913466 19.0351933398 29.116791717 30.0953325839 30.5508821313 0.735264411668 58.5415209288 59.2757676643 61.2017237203 75.9784441888 10.5562252801 9.82257953422 3.222467792 0.409008268874 2.87724363774 2.00761950694 0.391199132321 2.07765941191 0.454455632239 0.995046461765 2.78815477749 3.28362537422 0.994781599574 0.489587961769 0.467677208454 -9999.0 -9999.0 -9999.0 -9999.0 0.510809663034 0.475286043522 -9999.0 -9999.0 -9999.0 -9999.0 -9999.0 -9999.0 -9999.0 -9999.0 -9999.0 -9999.0 -9999.0 -9999.0
-9999.0 -9999.0 -9999.0 -9999.0 -9999.0 0.688218127627 0.648292972887 2.76998360485 3.39868913909 4.05205241937 0.604231801739 1.18997508901 6.98076102679 1.20872429202 0.542665529459 0.461030868732 0.38767412776 0.482861427602 0.457747820985 0.453941641666 76.3863996846 77.488102391 0.363947493037 1.16359805313 0.811094125562 3.25920870821 0.797580850905 0.373077237746 2.53921035678 0.88625899291 2.20217700244 5.63467823445 5.23404756301 1.46119375199 1.41211174868 0.497234473597 0.491218276746 -9999.0 -9999.0 0.492384887728 1.02783473847 2.50219116353 0.50435055626 -9999.0 -9999.0 -9999.0 -9999.0 -9999.0 -9999.0 -9999.0 -9999.0 -9999.0 -9999.0 -9999.0
-9999.0 -9999.0 -9999.0 -9999.0 -9999.0 -9999.0 0.73372882898 0.743498167971 1.37582643066 2.03439716129 4.58724353555 5.83192637927 6.46296355677 0.649383294762 0.46048178477 6.49243079075 7.8656562485 8.27312576005 10.0579677155 10.4380286183 0.38024361872 77.8809336057 79.7763185706 1.5124741702 0.283806400894 3.58207223212 7.95064290121 3.25353251383 0.726209261572 0.366640560219 8.60384527134 6.03772087947 0.387739161815 0.388600825466 1.82539320211 1.42539232125 0.439023721643 0.403710420638 0.46416964998 0.941728062356 0.436852647423 3.03587400457 3.44825560342 0.367747156324 -9999.0 -9999.0 -9999.0 -9999.0 0.444061139839 0.407565665122 0.129034675138 -9999.0 -9999.0 -9999.0
-9999.0 -9999.0 -9999.0 -9999.0 -9999.0 -9999.0 -9999.0 0.699661972062 0.614322909532 1.30492645656 1.96645250491 0.624746333228 0.537842777426 3.5135850599 4.53592412702 5.60073547478 0.493189192797 0.940215099097 0.471562017745 10.8519585086 24.3745974282 24.8337123835 105.379378324 0.359692813543 0.800172936638 0.241986907073 8.27984995814 0.349801315097 1.10135416553 0.358558426191 8.97553412143 9.34968097258 0.783338436819 0.774601868654 4.57837937978 2.30761286846 0.852316825784 0.445112114394 0.920786697308 1.39059345532 2.23399829014 0.39284362711 4.15654297399 4.48755049278 0.29623060473 0.324754705502 0.340891305844 0.299990869957 0.282583125066 1.16840211647 0.4469045302 0.268943988407 -9999.0 -9999.0
-9999.0 -9999.0 -9999.0 -9999.0 -9999.0 -9999.0 -9999.0 -9999.0 1.29395532111 1.85724705676 0.623472569317 1.282938323 1.87310808588 3.03357535694 0.583250904207 0.550325813713 0.443691421851 0.447116895266 0.382281876689 12.6736292478 0.487909535277 0.934591549891 106.799539824 107.58260697 0.288464083626 1.37996204372 9.9408840558 0.667409326784 1.39343018904 0.62147087202 0.915692355061 10.7509421602 1.10248344416 6.38798610839 5.30825040734 0.379610884748 2.09504570949 0.850845631294 1.31031515028 0.381452215505 2.60092995047 3.31907982294 3.60130138651 3.86497238684 5.59849119291 0.563717171118 0.600262979858 0.535261985851 0.499461747945 1.41751500405 0.26311670917 0.989047501884 1.22426382278 -9999.0
-9999.0 -9999.0 -9999.0 -9999.0 -9999.0 -9999.0 -9999.0 -9999.0 0.691468946999 3.22134939432 3.82209395767 0.59907257941 1.15783741022 0.556198551327 0.488809289346 0.480047625322 6.18304173201 8.19024380263 10.103379278 12.1704239632 0.475101507097 0.463428185159 0.399150346027 109.626972346 110.55061047 110.847811113 12.9569102694 2.68817943028 2.36462283004 0.266209906054 1.18412770661 12.2223405753 0.289590381296 6.68739347523 0.359598428115 2.71554201726 2.51646079705 0.395116941016 1.70009521432 0.76574138476 1.14087595631 0.317041321051 0.257710063517 4.12441013819 4.36099033431 5.83429791392 0.85720072242 0.776790701259 0.729430750145 1.7014567277 2.23823551069 0.267906325242 1.47936395982 0.283217013948
-9999.0 -9999.0 -9999.0 -9999.0 -9999.0 -9999.0 -9999.0 -9999.0 -9999.0 0.72029986227 4.47285662096 5.05398536819 1.71914999194 2.83027560993 3.81530978589 4.31411652567 0.52013094895 1.55866763527 1.04010607214 0.550067917664 0.525677085064 0.45289323478 0.872916088432 1.43569222032 0.429717252181 124.587235098 124.883687521 0.258022464602 0.202372442723 0.534364482938 0.801388332172 13.044866855 0.55812228763 6.9276151699 3.99992577067 3.35949529819 0.350531165006 0.730269860153 2.02512411119 0.325504601688 1.4562177426 0.626252512988 0.432269170938 0.204985347885 5.00326331781 11.027538139 1.03012475719 0.952493076719 0.937766167154 0.21235762662 2.45095081612 0.204963886389 1.9595726302 0.238871333674
-9999.0 -9999.0 -9999.0 -9999.0 -9999.0 -9999.0 -9999.0 -9999.0 -9999.0 -9999.0 0.59635952486 6.25447155363 0.554207866692 1.10521851276 1.57350762785 2.49083887446 0.476591348732 1.01635314943 0.493926052675 0.447709732626 0.416787491197 0.822210369433 0.348934160011 0.36017119696 0.683912933434 0.387045573119 125.228763129 125.782734266 126.559304673 1.03255479257 0.272885191638 0.544209642195 13.3459043505 12.3398420723 4.6463455757 0.316148554005 1.40902333974 1.06556614361 2.35137571793 0.648449873294 2.72737909042 0.942620042247 0.669452937909 0.159674667291 0.225424758443 11.2964213491 11.5268374975 13.6991490336 1.60989010917 0.442375309463 2.68718188146 3.12233155368 5.28302697452 0.468833748461
-9999.0 -9999.0 -9999.0 -9999.0 -9999.0 -9999.0 -9999.0 -9999.0 -9999.0 -9999.0 -9999.0 0.320991586241 6.89804490538 0.514821109417 0.972544463009 4.3781886849 0.477187992886 0.466604188942 0.388152789219 0.866448892746 0.43102862043 1.6766100768 2.36874438978 2.66799748202 0.936986794097 1.15451233854 0.26399134579 0.339640072666 0.315499052182 128.176936293 128.988307931 13.5633803739 12.8045832789 12.5763554829 0.50929324006 0.242947687943 1.69291166082 4.62420024717 2.64788547954 0.938696230251 3.95268587173 1.43761668682 1.17587146485 0.304968984793 0.130895497694 0.124037365319 0.147490144394 14.481590243 16.76749842 0.213154590882 0.192301392437 0.218182740746 5.49905963837 6.16964457368
-9999.0 -9999.0 -9999.0 -9999.0 -9999.0 -9999.0 -9999.0 -9999.0 -9999.0 -9999.0 -9999.0 0.28447280452 7.57199727696 9.24837148632 0.471574593614 5.30868046533 0.425795190242 0.394176473764 0.798398250734 2.0893225529 0.406312199409 0.440154772356 0.335852245103 3.32577344103 3.62910805042 5.12068077389 5.64153132201 5.9046588202 6.15135265331 6.39052499056 135.660466648 149.697599662 162.9590845 163.178276636 0.210403235838 0.241800533297 5.19656857931 4.91265285772 0.289629880976 0.293605941479 4.29105140632 6.01970543264 0.228436054189 3.07836311008 2.87712630529 0.724360368462 0.34357558231 0.580232936577 0.271592326017 17.2082344892 0.228110247019 0.62000159121 0.785450690201 7.5641738256
-9999.0 -9999.0 -9999.0 -9999.0 -9999.0 -9999.0 -9999.0 -9999.0 -9999.0 -9999.0 -9999.0 0.632803865347 1.194125369 9.78832121089 10.6553887039 0.434908700594 6.18357845922 0.333091986732 1.05415217008 2.44418276647 0.766677071979 0.357189605872 0.741727081221 0.268607998603 0.516060784461 0.25695371745 0.229751172726 0.188456018223 0.175313001265 0.148832074598 0.142432303436 0.20366445991 0.265330809184 0.307711391353 163.909906461 6.03725941679 5.56742012245 0.168963379349 0.812945627655 0.192420101536 0.204153826345 6.27493445248 10.1564927012 3.37990047766 2.58903182108 0.442981910888 0.182833510438 0.160223205241 0.365598992805 17.7990303036 18.2233862497 0.222925769866 0.231019318005 0.218785755025
-9999.0 -9999.0 -9999.0 -9999.0 -9999.0 -9999.0 -9999.0 -9999.0 -9999.0 -9999.0 -9999.0 -9999.0 0.489841002592 7.30108171328 18.4349759925 19.8962047451 26.4783508467 26.9155520724 5.40349577253 3.94608074941 1.13261298972 0.348287258655 1.41882971205 1.73471890419 2.5175526646 0.534452677037 0.476473232206 0.442953750012 0.864317412962 0.387944840985 0.37621705059 0.202739966986 0.136780123038 0.137444811297 164.129464383 170.341015693 170.635249271 0.178041270659 2.1214132407 0.943706687946 0.285330128388 11.0823543621 0.678747435193 0.356945315569 1.57236758977 0.322635971658 0.238012339468 0.444320440965 0.623061346404 0.827146554577 18.5735537426 0.163330640822 0.140751606661 0.140928895796
-9999.0 -9999.0 -9999.0 -9999.0 -9999.0 -9999.0 -9999.0 -9999.0 -9999.0 -9999.0 -9999.0 0.571204447825 5.59748530578 6.77561467789 1.01828476513 0.318343109077 0.691934609817 27.9935905108 28.3453634886 34.170822478 0.297614954381 0.641042635403 0.260004151452 0.265426321739 2.77361488297 3.56293091465 4.26139383615 0.21625750255 1.08046923884 1.67892062517 0.995341922434 0.414373242376 0.313200577373 0.27083315738 0.283331699266 0.141607273506 170.827094986 170.975836514 173.405089526 0.441038771847 0.241477827559 11.3678361356 0.743372354432 0.386822754415 0.441015336658 0.43669740231 0.372983677257 0.639302289601 1.74282635786 2.79489330506 21.5420941943 0.122274812646 0.368746472526 0.250944111435
-9999.0 -9999.0 -9999.0 -9999.0 -9999.0 -9999.0 -9999.0 -9999.0 -9999.0 -9999.0 -9999.0 0.588912834142 3.98562507858 0.611266336818 0.491556054756 2.7461876272 3.15781855797 3.56613705295 3.91545880681 46.4090094127 46.7446531715 47.3792623573 52.2058287468 53.0139484746 53.456324773 53.7248528044 58.5081467239 59.1208992873 59.3630464218 61.3051746671 62.5636228032 62.7786378181 63.4977434258 0.474432171616 0.440054060722 0.0922137105939 0.105814612536 171.142818494 174.178103899 0.621107453897 13.248534376 13.0317077347 1.34659290113 0.314482016067 0.321199954719 0.301434974774 0.309660107998 0.62468226388 0.880296865071 0.245668918684 21.7052223542 21.8813288509 22.6516470858 22.7946279506
-9999.0 -9999.0 -9999.0 -9999.0 -9999.0 -9999.0 -9999.0 -9999.0 -9999.0 -9999.0 -9999.0 2.09386475655 2.76027905199 1.25332406239 1.82127524379 0.55572365167 6.31740171569 6.75680754554 7.61971518526 7.96373823013 2.77893508005 50.7004939944 51.014718378 0.259959538026 0.17377585411 0.157287707033 0.344744162501 0.168388315425 0.122231666747 0.110528269998 0.128773665658 62.9817133398 63.7190641951 64.4332140278 65.076833331 65.4396953181 0.172931503008 0.053951485544 187.935878479 13.6124099817 13.4847598128 0.258935799108 0.239572238358 0.210688988918 0.541467495065 0.522278489298 0.23591685084 0.238339831533 0.223611448063 0.46570285759 0.61303041154 0.130924513227 0.240764905094 0.0854814647462
-9999.0 -9999.0 -9999.0 -9999.0 -9999.0 -9999.0 -9999.0 -9999.0 -9999.0 -9999.0 -9999.0 -9999.0 1.42205714728 0.653562142019 0.564525333253 5.43640143445 5.9031437047 0.467741226358 1.77872289864 2.17794231007 2.50615590495 0.37952306158 0.238017509556 7.31102918878 7.50086272822 7.68052333131 19.8013353485 19.9363497033 20.1693877789 21.6116692976 22.3111115679 22.4111832901 0.108328062124 0.11756422574 0.122780881375 65.6562852481 0.083138135774 189.968774455 189.794676476 1.72641698281 1.56359907527 0.968371815403 0.244246285856 0.421184760118 0.763790735371 0.745697268418 0.456476142962 0.22467192037 0.441773381297 0.4454678165 0.80461251447 0.121752746018 0.370310099026 0.593189447526
