data/baseflow/History/mHMbfrc263
ncols                  80
nrows                 72
xllcorner      4374000.0
yllcorner      5656000.0
cellsize            500
NODATA_value       -9999
[rows 24 to 47 of 72, columns 0 to 53 of 80]
-9999.0 -9999.0 -9999.0 -9999.0 -9999.0 -9999.0 -9999.0 -9999.0 -9999.0 -9999.0 -9999.0 -9999.0 0.232145314672 0.558590794204 0.710467876203 1.15965804793 0.104162317378 0.216783315788 0.319615964105 1.43569382873 1.5181433678 1.59860861448 1.65773427556 1.72699121742 2.95785383451 3.14938554119 3.23900004487 0.0300124404539 0.206836292527 0.238599708725 5.51689336229 5.65332898259 5.75222817971 5.86527112671 5.91718080194 25.0309357815 0.0550039677611 54.5552833987 0.016610482687 0.00969566476491 0.344265452755 0.309137827478 0.0440004033099 0.155345969694 0.233608853989 0.22330628427 0.15697670566 0.258378222744 0.413320754414 0.175847877676 0.416714052717 0.0339580058137 0.0611443980225 0.00487564740971
-9999.0 -9999.0 -9999.0 -9999.0 -9999.0 -9999.0 -9999.0 -9999.0 -9999.0 -9999.0 -9999.0 -9999.0 0.181602858316 0.363069623127 0.168534282426 0.317966758673 0.115106763436 1.0233515442 1.22717105627 1.33788178175 0.0996340530551 0.195312186074 2.36031841782 2.83905803973 2.90390523241 0.131656185832 0.120175709911 0.158283564214 0.0249125057967 0.0211278480231 0.0391481476781 0.0151096515655 6.0797984073 6.10488939643 6.11052449301 25.1085322492 54.7501845611 54.5582971567 0.0149671720563 0.0106441192833 0.0100872968392 0.0769779911593 0.0682073400168 0.197351396452 0.278838758118 0.56106796779 0.0589594921684 0.0585078729627 0.457808983967 0.503710542068 1.00126771602 1.01530772417 1.08121006412 1.08984497268
-9999.0 -9999.0 -9999.0 -9999.0 -9999.0 -9999.0 -9999.0 -9999.0 -9999.0 -9999.0 -9999.0 -9999.0 -9999.0 0.172532305681 0.347535210974 0.528316446047 0.778359127676 0.127145082602 0.105901923232 1.21660953568 1.31347588408 2.16894464391 2.2878686213 0.333063832955 0.0802875630228 0.0622486390767 0.0575315018351 5.9535625968 5.97839079696 6.0038761766 6.02470782525 6.05824014534 0.361847799372 0.376997984488 6.49728008431 86.403177386 0.107948155577 0.0599220181836 0.0254890075453 0.00879706337865 0.00781774827855 0.0950145469134 0.100006711546 0.214769710653 0.00999679047085 0.578487535546 0.0929685734629 0.0914540395804 0.0108726692923 0.00499927382786 0.00372395384874 0.00454096916912 0.00397405793803 1.09541535592
-9999.0 -9999.0 -9999.0 -9999.0 -9999.0 -9999.0 -9999.0 -9999.0 -9999.0 -9999.0 -9999.0 -9999.0 -9999.0 -9999.0 0.143271568657 0.387917065375 0.642869269004 0.899783515271 1.00553605325 1.1176214684 0.317232466752 0.548414313828 0.115398396649 0.0967778226212 5.59645295418 5.76738977164 5.84117672082 5.91406766871 0.0414216401896 0.0663917593895 0.240615339745 0.277600680402 0.325471401847 0.0202505057414 0.029328275086 86.5624971023 0.0513499887736 0.0287523057056 0.0144206580532 0.0493959136678 0.0244392290658 0.0102116192945 0.322602797504 0.339676295597 0.00519282473056 0.586149411588 0.683093847307 0.0959621930556 14.4760898401 14.4618800149 14.4528416161 14.4358782682 14.4271003034 14.2410581164
-9999.0 -9999.0 -9999.0 -9999.0 -9999.0 -9999.0 -9999.0 -9999.0 -9999.0 -9999.0 -9999.0 -9999.0 -9999.0 -9999.0 0.140247737408 0.273413036148 0.277009141887 4.00461332147 4.11231248776 0.112154233926 0.107550283928 0.114453581818 5.2097296224 5.42559428453 0.100645496576 0.100706144459 0.0713946793784 0.335660026825 0.425080215939 0.148445166238 0.20783626526 2.07796479432 2.13426043234 2.22584444842 3.52215183163 90.1459239716 0.0600937108672 0.0114549714065 0.0820923149242 0.0666116465209 0.0111687992175 0.0332820634701 0.0444029933951 0.351313464057 0.361726262711 1.06209202373 0.688743736985 0.11044098148 14.7074050582 0.0736433529023 14.4454651567 14.4410506559 0.174150366016 0.0226891827408
-9999.0 -9999.0 -9999.0 -9999.0 -9999.0 -9999.0 -9999.0 -9999.0 -9999.0 -9999.0 -9999.0 -9999.0 -9999.0 -9999.0 0.665511754324 1.12039443081 2.09347041381 3.83034617302 4.43632327183 4.78825192584 4.89616824076 5.00897809989 5.11855650637 0.101418694148 0.0849337237911 0.165966327923 0.158487706336 0.0974402846118 1.77299021179 1.85921501515 1.93793920284 2.01033351586 1.13440262596 1.15480745063 1.23751788686 90.197131953 0.129618250138 0.0315682702474 0.132155906928 0.0180297001917 0.0399332284782 0.0265829133282 0.0102059448655 0.0616775429851 0.00780916506095 0.00798292186316 15.8141384005 14.7464182505 14.7384792766 0.0314261082851 0.0696796612421 0.0371670853229 0.00429831579219 0.121474694281
-9999.0 -9999.0 -9999.0 -9999.0 -9999.0 -9999.0 -9999.0 -9999.0 -9999.0 -9999.0 -9999.0 -9999.0 -9999.0 -9999.0 0.453351027123 0.474274772052 0.954853656706 1.36143605968 0.177666537312 0.169051915235 0.292173784065 0.411491876373 0.644608767826 0.749302460292 0.829884988142 1.08254142344 1.16051311618 1.26688323642 0.0910755656854 0.883820332068 0.954816918535 1.0214987857 0.0615701850452 0.0569299684458 0.0787331142803 91.6212000894 91.6701308178 91.8756887458 0.19416128265 0.0419404487516 0.0519172289501 0.00916945726109 0.018771095923 0.0722849107332 0.0874240450046 0.0145953035112 15.8570512844 0.0185146882938 0.0176179387264 0.017172773716 0.0214577562242 0.0271784211462 0.0117994970985 0.0920390535335
-9999.0 -9999.0 -9999.0 -9999.0 -9999.0 -9999.0 -9999.0 -9999.0 -9999.0 -9999.0 -9999.0 -9999.0 -9999.0 -9999.0 -9999.0 0.480430625418 0.918962100584 0.375012041398 0.746506294494 4.56825755319 4.70281284451 4.80551239339 0.109356237647 0.109632936749 0.189820232173 0.279970643054 0.432133820482 0.519583192974 0.62113112216 0.705405539594 0.0672865853528 0.057466496679 1.16505366376 1.22972889995 1.25624678891 1.29329160761 1.37243564258 93.4162349963 93.8192318712 93.8377217487 93.9047882575 93.9689226058 93.9924718633 0.00705486685819 0.0947010176118 15.8632796593 0.0131438131124 0.00674161286359 0.0190316726024 0.0223034118517 0.033211080387 0.015486745749 0.00931406594887 0.0155564477036
-9999.0 -9999.0 -9999.0 -9999.0 -9999.0 -9999.0 -9999.0 -9999.0 -9999.0 -9999.0 -9999.0 -9999.0 -9999.0 -9999.0 -9999.0 -9999.0 1.3615474818 1.72758307914 2.86977820432 3.5158815438 0.264996848797 5.2091709791 5.31236616099 5.4003884737 0.0867641751402 0.169196279168 0.0722002079436 0.571960193469 0.664584232346 0.75248024425 0.828241274503 1.02961474461 1.11588822878 0.0583851084485 1.19217503513 1.27843845801 1.33566928471 1.49349135784 0.170402575758 0.0887447894599 0.035189237371 0.0342590840258 94.0190647061 94.0274776236 94.1947773093 15.870159735 0.0526764779051 0.03339845462 0.025628594184 0.00513275245297 0.0661645086102 0.0262046434909 0.00813050596376 0.0444334060423
-9999.0 -9999.0 -9999.0 -9999.0 -9999.0 -9999.0 -9999.0 -9999.0 -9999.0 -9999.0 -9999.0 -9999.0 -9999.0 -9999.0 -9999.0 -9999.0 0.410301851156 2.130327532 2.51733054201 0.253643768384 0.117929356981 0.265132432646 0.390792305397 5.88528150127 0.0870323546053 0.349520170029 0.426583427082 0.500699369044 0.0836627966147 0.166528676307 0.233413337814 0.852442039059 0.987098546169 1.04790458383 0.0452214464535 0.0336505508247 0.0331899777893 0.0620152686957 0.0245117000903 0.0248375128581 0.0214224217007 0.0265553992032 0.0220585418624 0.0677336113482 94.2043492762 110.103005148 0.0644856288221 0.0207826241341 0.00664469357449 0.179798077008 0.168369609108 0.092131778407 0.0809985496377 0.056961303435
-9999.0 -9999.0 -9999.0 -9999.0 -9999.0 -9999.0 -9999.0 -9999.0 -9999.0 -9999.0 -9999.0 -9999.0 -9999.0 -9999.0 -9999.0 0.419522801385 1.1922310441 0.37283643656 0.177280458563 0.134212358234 0.254969476147 0.379133318757 0.516182586462 6.65796737025 6.74181892172 0.0875314550908 0.166026151529 0.246482046155 0.330382241596 0.402641532666 0.701392487574 0.793681270845 0.0648732370876 0.0434529473686 0.0319984145736 0.0191312487055 0.023214593386 0.0284143698504 0.0273395065418 0.0462686932656 0.105717879647 0.0554571684429 0.0293310043 0.0299043137401 0.0121353492331 0.0212573670755 111.176187571 0.992845883154 0.287887681377 0.0852566002419 0.0472446801117 0.0166341698344 0.037594452047 0.0181030622963
-9999.0 -9999.0 -9999.0 -9999.0 -9999.0 -9999.0 -9999.0 -9999.0 -9999.0 -9999.0 -9999.0 -9999.0 -9999.0 -9999.0 0.446626066455 0.852456168586 2.83406452386 0.362114720816 0.424471099835 0.550134453013 0.661868350835 0.121392022253 0.219772104312 0.407724455381 7.37794656651 0.0801846998144 0.151433259998 0.228738664256 0.0875110015174 0.170443991616 0.230507467894 0.295535099307 10.342061925 10.4103402899 10.4642807613 10.657853677 10.7293234802 10.8703192904 0.0356260801786 0.0946532394176 0.119783730933 11.2925273136 11.3326034273 0.0261316883995 0.0330482530488 0.0400300903644 111.204788894 0.95350061811 0.53827424116 0.474478720925 0.380919017689 0.316998992645 0.0482499504011 0.0150984261091
-9999.0 -9999.0 -9999.0 -9999.0 -9999.0 -9999.0 -9999.0 -9999.0 -9999.0 -9999.0 -9999.0 -9999.0 -9999.0 -9999.0 0.458893610394 1.38119201077 4.66858000676 7.0257150999 0.336224498233 9.00745944405 9.96354791786 0.110971157818 0.209589576714 0.364769843822 8.5483710713 8.70128509249 0.053379501876 0.336765515176 0.393796754382 0.457134947333 9.87066507931 9.96433067253 10.0159942516 0.0264182466062 0.147587024269 0.173811119883 0.0639769908472 0.0861007603032 11.0010581929 11.1323242593 11.1489394937 11.1643724469 11.3496520087 0.00837270171398 0.00727029269006 0.0549770378386 111.230630898 0.0586948729342 0.0135587821827 0.0414960315288 0.0165325284244 0.256093815236 0.235701966859 0.150295193432
-9999.0 -9999.0 -9999.0 -9999.0 -9999.0 -9999.0 -9999.0 -9999.0 -9999.0 -9999.0 -9999.0 -9999.0 -9999.0 -9999.0 -9999.0 -9999.0 0.969839429429 1.94874024637 8.28756790593 8.70775862901 10.3426787059 10.6511842382 0.11037488215 0.220973358862 0.537430240934 8.93767410605 9.06677858385 9.10872941483 0.0337469266801 9.25561200545 9.35349857537 0.0557900405107 0.026935806785 0.0514325188202 0.100021427132 0.0241277622004 0.0453288130766 0.0975844247934 0.117202898238 0.0225537240157 0.0140102731086 0.0265020203907 11.4697349231 11.5067093024 11.5127359564 11.5889933347 111.249397354 0.0549600581167 0.00847243869644 0.0109106183996 0.0103409472008 0.0107126813216 0.00909918232858 0.0167476820805
-9999.0 -9999.0 -9999.0 -9999.0 -9999.0 -9999.0 -9999.0 -9999.0 -9999.0 -9999.0 -9999.0 -9999.0 -9999.0 -9999.0 -9999.0 -9999.0 0.50887368901 0.4962093334 0.462028784548 0.81967265921 0.350731625369 11.3595565346 11.6464123412 0.115349160017 0.213442827804 0.0771795667947 0.0593921442055 0.0563133827858 9.19193561624 0.0313293443907 0.0681903486948 0.0299107947636 0.0288306347526 0.0246056904886 0.0183105835897 0.0192960244617 0.0598728219549 0.0830668925993 0.0154068984007 0.0134520018156 0.029557771181 0.0508666960017 0.0762929286722 0.0231292953985 11.5249352695 11.5960819317 111.266613637 0.141365547847 0.020265190501 0.00602597912434 0.0150691356681 0.00485272082598 0.00382967172457 0.0209549195657
-9999.0 -9999.0 -9999.0 -9999.0 -9999.0 -9999.0 -9999.0 -9999.0 -9999.0 -9999.0 -9999.0 -9999.0 -9999.0 -9999.0 -9999.0 -9999.0 -9999.0 -9999.0 0.4918080997 1.25619508393 1.61988809469 1.97098574835 11.9901866128 12.3243769082 12.6113128893 12.7967178104 12.8505309047 12.9632923133 12.987331724 13.0166568399 13.0368792115 0.0236718801995 0.0222352631777 0.023629809762 0.0820565410675 0.022345399648 0.0211350183688 0.0155362627504 0.0453432597522 0.0191168571253 0.0138251843813 0.0126016392452 0.0105267173617 0.0209975724279 0.0300729271757 11.6565794695 123.075999385 0.064044342287 0.0925724551808 0.00443297346065 0.0201824662459 0.0104314822243 0.00769527071158 0.223207691165
-9999.0 -9999.0 -9999.0 -9999.0 -9999.0 -9999.0 -9999.0 -9999.0 -9999.0 -9999.0 -9999.0 -9999.0 -9999.0 -9999.0 -9999.0 -9999.0 -9999.0 -9999.0 -9999.0 0.408455323633 3.27469389615 6.11950433458 6.45660624756 0.246128939039 0.367034927699 0.467074104836 0.541294480314 1.07381518639 1.09813562166 0.0240012464565 0.0238636973688 13.0875330238 13.1320385214 13.1529242864 0.0970194228502 0.0128821291234 0.0340213701505 0.0498130328747 0.149748041338 0.18577970069 0.212491605498 0.0240174251881 0.0330160178572 0.0111227617197 0.0219369962466 0.0113249677368 123.090751877 0.0467290041336 0.190930969858 0.0310799492603 0.0552208697298 0.271805520148 0.301015949615 0.550789484101
-9999.0 -9999.0 -9999.0 -9999.0 -9999.0 -9999.0 -9999.0 -9999.0 -9999.0 -9999.0 -9999.0 -9999.0 -9999.0 -9999.0 -9999.0 -9999.0 -9999.0 -9999.0 0.459384498512 1.46832114011 2.87262803897 3.75002827236 9.15036712312 9.4384249587 0.216131437714 0.318896449254 0.413373589393 0.482169171231 1.1224330466 1.16945054506 2.07353335027 2.17311137856 2.19687843435 13.1723531397 13.3171459052 0.0321153788066 0.0226785455584 0.0211779934323 0.0401916565646 0.018462140107 0.248807501014 0.261653410046 0.0433795990238 0.0611935092875 0.0128000879402 51.0322680925 51.0551424939 174.15471425 174.398202839 0.0592666192052 0.181437483724 0.0741155251654 0.0441936042366 0.602155162985
-9999.0 -9999.0 -9999.0 -9999.0 -9999.0 -9999.0 -9999.0 -9999.0 -9999.0 -9999.0 -9999.0 -9999.0 -9999.0 -9999.0 -9999.0 -9999.0 -9999.0 -9999.0 -9999.0 0.527013887792 0.512627049052 0.964962841857 2.29430694566 9.82864461381 0.113730729858 0.111722038018 0.197574006143 0.29689422805 0.722450924118 0.770759786292 0.078909914945 0.0702499043219 2.23012506531 2.25089287748 15.5911036263 15.6112421827 0.0113625547522 0.00992022060558 0.00821060484266 0.00829369841084 0.00911679636619 50.7661165914 50.8474231082 50.9301172686 50.9640753308 51.018044103 0.0130317983967 0.0464646908648 0.0534915085731 174.480407489 174.497468736 174.532996803 174.541836517 174.55196658
-9999.0 -9999.0 -9999.0 -9999.0 -9999.0 -9999.0 -9999.0 -9999.0 -9999.0 -9999.0 -9999.0 -9999.0 -9999.0 -9999.0 -9999.0 -9999.0 -9999.0 -9999.0 -9999.0 -9999.0 0.467011781348 0.490231640069 0.911274224997 11.6035799097 11.8997716626 0.107897429242 0.19360352332 0.296413162076 0.387267493724 0.0808451289089 0.140810650548 20.9539255728 20.9781560818 21.0186070696 21.2857812269 36.9285074706 50.2625820965 50.291500201 50.3171517506 50.3416812207 50.4550055894 50.4921165449 0.0682255075152 0.029655823283 0.0185968238618 0.0342813223275 0.0229106549915 0.0371752115569 0.0113031650916 0.26442383511 0.362255750675 0.468806960368 0.471818285198 174.551663805
-9999.0 -9999.0 -9999.0 -9999.0 -9999.0 -9999.0 -9999.0 -9999.0 -9999.0 -9999.0 -9999.0 -9999.0 -9999.0 -9999.0 -9999.0 -9999.0 -9999.0 -9999.0 -9999.0 -9999.0 -9999.0 0.476582381946 0.916570463238 1.35861337893 12.2476687091 0.169410700389 15.9319210273 16.0389297345 16.1230385988 16.1900219394 20.6820046601 20.7531566851 0.0273605076159 0.194978485234 0.228030535616 0.0272089055635 13.3064044912 13.2571310872 0.0136080073713 0.0341135290786 0.0919366255809 0.0206532722444 0.021699087478 0.0148665442177 0.0118514068649 0.00875426164508 0.0104797158447 0.230517198316 0.241719772672 0.256013137728 0.0867891268882 0.0907763092117 0.525585924251 0.533364149065
-9999.0 -9999.0 -9999.0 -9999.0 -9999.0 -9999.0 -9999.0 -9999.0 -9999.0 -9999.0 -9999.0 -9999.0 -9999.0 -9999.0 -9999.0 -9999.0 -9999.0 -9999.0 -9999.0 -9999.0 -9999.0 0.433380518276 0.409452307692 2.11966421871 15.1230008648 15.6500112539 15.8453453408 0.0801886235033 4.23961404211 4.3301715851 4.42801608277 0.0647810960212 0.0955124947148 0.120266687658 3.11700534999 3.13739982859 3.15479298156 13.2281403391 8.48709220944 0.0191142870027 0.0199945119948 0.0186323865088 0.0132075283847 0.141000002568 0.168886394793 0.192719449021 0.20616394763 0.218957257517 2.00351072456 2.01215945197 2.02881887864 2.068015188 2.17660578556 2.1795476311
-9999.0 -9999.0 -9999.0 -9999.0 -9999.0 -9999.0 -9999.0 -9999.0 -9999.0 -9999.0 -9999.0 -9999.0 -9999.0 -9999.0 -9999.0 -9999.0 -9999.0 -9999.0 -9999.0 -9999.0 -9999.0 -9999.0 0.852198198657 1.30106411669 0.362201534456 0.115414897793 3.98369241938 4.06551329291 4.11163159363 0.642432465609 0.690618082857 0.737585317294 0.765937183995 3.06921553433 3.10085352546 1.53100488825 4.70711348263 4.72623897924 8.47415610767 0.0376143888316 0.0192253842313 0.0124003375006 0.0982580897436 0.114948667789 0.00901506363537 0.00831822116024 1.96314636296 1.9851245138 1.99595809741 0.0174448000782 0.0273523172947 2.1631974039 0.00778874086544 0.022267916469
-9999.0 -9999.0 -9999.0 -9999.0 -9999.0 -9999.0 -9999.0 -9999.0 -9999.0 -9999.0 -9999.0 -9999.0 -9999.0 -9999.0 -9999.0 -9999.0 -9999.0 -9999.0 -9999.0 -9999.0 -9999.0 -9999.0 0.429820245263 0.848509416647 3.27994965371 3.61562857048 3.77056566241 0.537136917149 0.599872091268 0.0461527674531 2.19998726165 2.24001462292 2.2747323634 0.0273590033035 1.47356878251 1.50706913735 0.0221177181213 8.37543056621 0.0448196730205 0.0229804586221 0.0539080201205 0.0732155784259 0.0130185246041 0.0101378443298 1.85140721706 1.94371490174 1.957053787 0.013930392207 0.0273258138529 0.0342794191861 0.04103252636 0.0827674669178 0.0081411879986 0.0183732648092
