data/baseflow/History/mHMbfrc397
ncols                  80
nrows                 72
xllcorner      4374000.0
yllcorner      5656000.0
cellsize            500
NODATA_value       -9999
[rows 0 to 23 of 72, columns 0 to 54 of 80]
-9999.0 -9999.0 -9999.0 -9999.0 -9999.0 -9999.0 -9999.0 -9999.0 -9999.0 -9999.0 -9999.0 -9999.0 1.40457547747 1.03027480479 -9999.0 -9999.0 -9999.0 -9999.0 -9999.0 -9999.0 -9999.0 -9999.0 -9999.0 -9999.0 -9999.0 -9999.0 -9999.0 -9999.0 -9999.0 -9999.0 -9999.0 -9999.0 -9999.0 -9999.0 -9999.0 -9999.0 -9999.0 -9999.0 -9999.0 -9999.0 -9999.0 -9999.0 -9999.0 -9999.0 -9999.0 -9999.0 -9999.0 -9999.0 -9999.0 -9999.0 -9999.0 -9999.0 -9999.0 -9999.0 -9999.0
-9999.0 -9999.0 -9999.0 -9999.0 -9999.0 -9999.0 -9999.0 -9999.0 -9999.0 -9999.0 -9999.0 -9999.0 2.83418338994 5.92522671881 0.889922053697 -9999.0 0.683542180882 -9999.0 -9999.0 -9999.0 -9999.0 -9999.0 -9999.0 -9999.0 -9999.0 -9999.0 -9999.0 -9999.0 -9999.0 -9999.0 -9999.0 -9999.0 -9999.0 -9999.0 -9999.0 -9999.0 -9999.0 -9999.0 -9999.0 -9999.0 -9999.0 -9999.0 -9999.0 -9999.0 -9999.0 -9999.0 -9999.0 -9999.0 -9999.0 -9999.0 -9999.0 -9999.0 -9999.0 -9999.0 -9999.0
-9999.0 -9999.0 -9999.0 -9999.0 -9999.0 -9999.0 -9999.0 -9999.0 -9999.0 -9999.0 1.40399294556 1.3729830142 1.40489725252 1.38240422839 8.59073856593 9.58130665395 1.94032576661 0.619789176437 -9999.0 -9999.0 -9999.0 -9999.0 -9999.0 -9999.0 -9999.0 -9999.0 -9999.0 -9999.0 -9999.0 -9999.0 -9999.0 -9999.0 -9999.0 -9999.0 -9999.0 -9999.0 -9999.0 -9999.0 -9999.0 -9999.0 -9999.0 -9999.0 -9999.0 -9999.0 -9999.0 -9999.0 -9999.0 -9999.0 -9999.0 -9999.0 -9999.0 -9999.0 -9999.0 -9999.0 -9999.0
-9999.0 -9999.0 -9999.0 -9999.0 -9999.0 -9999.0 -9999.0 -9999.0 -9999.0 1.3796217522 2.77302008371 5.52129925019 2.74562000813 1.34962397441 2.6597774836 10.872583716 14.3774147589 0.732854960288 -9999.0 1.35648942997 -9999.0 -9999.0 -9999.0 -9999.0 1.34501952632 0.675677429467 -9999.0 -9999.0 -9999.0 -9999.0 -9999.0 -9999.0 -9999.0 -9999.0 -9999.0 -9999.0 -9999.0 -9999.0 -9999.0 -9999.0 -9999.0 -9999.0 -9999.0 -9999.0 -9999.0 -9999.0 -9999.0 -9999.0 -9999.0 -9999.0 -9999.0 -9999.0 -9999.0 -9999.0 -9999.0
-9999.0 -9999.0 -9999.0 -9999.0 -9999.0 -9999.0 -9999.0 -9999.0 1.47722257402 4.28600941397 5.63731777384 6.99075784434 9.58955234941 1.29912927542 5.21621172511 6.48226462785 22.8769863436 1.11005934332 1.21141216119 2.61372884268 3.84139144168 1.2602007544 -9999.0 3.64513779067 2.97842416477 0.853327144131 -9999.0 -9999.0 -9999.0 -9999.0 -9999.0 -9999.0 -9999.0 -9999.0 -9999.0 -9999.0 -9999.0 -9999.0 -9999.0 -9999.0 -9999.0 -9999.0 -9999.0 -9999.0 -9999.0 -9999.0 -9999.0 -9999.0 -9999.0 -9999.0 -9999.0 -9999.0 -9999.0 -9999.0 -9999.0
-9999.0 -9999.0 -9999.0 -9999.0 -9999.0 -9999.0 1.4819481381 1.41106160017 1.38370076116 1.39616543027 1.39601826451 9.78813254762 20.7310395254 22.0728597383 23.2933485366 1.20947622439 25.2504851513 26.4584359578 2.45311893634 1.24733260716 5.0542153088 8.78808438096 1.16764958264 7.14962329381 1.27918378575 1.2176195527 1.30216518888 -9999.0 -9999.0 -9999.0 -9999.0 -9999.0 -9999.0 -9999.0 -9999.0 -9999.0 -9999.0 -9999.0 -9999.0 -9999.0 -9999.0 -9999.0 -9999.0 -9999.0 -9999.0 -9999.0 -9999.0 -9999.0 -9999.0 -9999.0 -9999.0 -9999.0 -9999.0 -9999.0 -9999.0
-9999.0 -9999.0 -9999.0 -9999.0 -9999.0 -9999.0 2.96203089643 4.40089025666 10.063547148 14.1862442984 1.31551370446 1.34067144217 1.29845641205 3.83513713987 28.3412943581 1.16419670821 27.618913428 32.2373269547 3.6081741502 2.40447721806 9.95901069561 1.23115323607 8.3691458203 2.43980968586 1.22597324291 2.42112906251 2.59711409192 1.31002476769 1.32129950073 1.30265936807 1.33694979976 2.67729463353 -9999.0 -9999.0 -9999.0 -9999.0 -9999.0 -9999.0 -9999.0 -9999.0 -9999.0 -9999.0 -9999.0 -9999.0 -9999.0 -9999.0 -9999.0 -9999.0 -9999.0 -9999.0 -9999.0 -9999.0 -9999.0 -9999.0 -9999.0
-9999.0 -9999.0 -9999.0 -9999.0 -9999.0 1.53523376332 3.02145658367 1.47523483508 2.89742060076 15.6203412075 18.3333857301 21.0347705646 65.9523795469 1.26540268318 29.5993387094 105.107739829 106.002201769 139.763531628 0.98059809672 3.56042823344 11.1338676764 1.16708178574 21.9361285639 12.3689821721 7.49756954594 6.26545847299 1.28465308485 3.9082794652 3.89527638582 2.59652487578 1.26819770722 3.96996204495 1.25242381008 1.24015316997 -9999.0 -9999.0 -9999.0 -9999.0 -9999.0 -9999.0 -9999.0 -9999.0 -9999.0 -9999.0 -9999.0 -9999.0 -9999.0 -9999.0 -9999.0 -9999.0 -9999.0 -9999.0 -9999.0 -9999.0 -9999.0
-9999.0 -9999.0 -9999.0 -9999.0 -9999.0 1.52863238147 4.52713761657 9.04227557141 10.4835088611 20.8697263211 22.2656892053 26.541817662 43.6488182652 69.4978271353 72.0176337107 73.1934838687 2.31003493703 143.800456512 145.808341195 151.693885785 189.470513952 25.5032793106 23.1686577132 8.72013837646 1.20943390279 7.58284665429 5.12621696743 1.19271859644 5.11743873735 1.19207681471 2.42413329139 6.4230238947 7.66034046534 2.46616411237 1.22404156198 1.20800724875 -9999.0 -9999.0 -9999.0 -9999.0 0.748857167985 0.633226952914 -9999.0 -9999.0 -9999.0 -9999.0 -9999.0 -9999.0 -9999.0 -9999.0 -9999.0 -9999.0 -9999.0 -9999.0 -9999.0
-9999.0 -9999.0 -9999.0 -9999.0 -9999.0 1.51058510002 1.48893456513 6.04166229944 7.49073341453 8.96285836989 1.43879910397 2.86546406336 16.0969397597 2.83289507668 1.3754872177 1.31649589175 1.22933402223 1.30126301807 1.24557611038 1.27414513172 190.660555212 194.192964938 1.1681494357 3.56618934303 2.41233734297 8.76422835421 2.39371343388 1.16767974726 6.35431482025 2.35858076668 5.61542770053 13.6562436626 12.5772139445 3.6895109809 3.64050389416 1.22965767087 1.22335977722 -9999.0 -9999.0 1.22950731852 1.72218863813 3.68141655852 0.668955921977 -9999.0 -9999.0 -9999.0 -9999.0 -9999.0 -9999.0 -9999.0 -9999.0 -9999.0 -9999.0 -9999.0 -9999.0
-9999.0 -9999.0 -9999.0 -9999.0 -9999.0 -9999.0 1.54703579945 1.53541786335 3.03491395411 4.5273519793 10.3746526224 13.291846718 14.7369479576 1.46058084549 1.31077755235 16.7148258759 20.6343142182 21.9030395832 27.0705545344 28.2936691688 1.21015490599 195.406126286 201.321308906 4.72257664281 1.0822983077 9.8874807507 22.0463274035 8.65585389386 2.30357225977 1.15135907942 21.5703274254 14.8296022462 1.16016176712 1.14258440543 4.80286085978 3.64563649145 1.20780095145 1.17259325534 1.217544908 2.43094499438 1.19024886141 4.49293548029 5.67134096784 1.12697466729 -9999.0 -9999.0 -9999.0 -9999.0 1.2026526547 1.16611720622 0.344595610161 -9999.0 -9999.0 -9999.0 -9999.0
-9999.0 -9999.0 -9999.0 -9999.0 -9999.0 -9999.0 -9999.0 1.54337438622 1.43959161567 2.93569622873 4.41402364629 1.4675438211 1.39382092765 8.58033189029 11.3339693417 14.1145436869 1.32923435884 2.64965351188 1.30185666671 29.5407985667 64.8121029284 65.5816325143 269.053921914 1.17822450458 3.1938863521 1.03686673789 23.1483213078 1.14532296452 3.4645933889 1.14271187768 22.7216638349 23.8710103189 2.32182423499 2.29077993598 12.0583548496 6.05514931864 2.36644458323 1.20018463511 2.43135531305 3.63408640449 5.99643714908 1.1730981575 7.88972217441 8.91964742908 0.970899041462 1.01563268774 1.03078670695 0.982914570204 0.950912200417 3.42464339815 1.40142558479 0.953999320262 -9999.0 -9999.0 -9999.0
-9999.0 -9999.0 -9999.0 -9999.0 -9999.0 -9999.0 -9999.0 -9999.0 2.97791225055 4.39812289259 1.47118513374 2.95815835266 4.38378927805 7.23501703744 1.43742733704 1.41446136401 1.30801756396 1.31859682111 1.24501125244 32.7664381801 1.32244206248 2.61576909512 272.588143923 275.250220907 1.35286715451 5.8859676545 30.1752815923 2.25176171768 4.52718949664 2.17149483121 3.18858603828 28.3174544314 3.39583935126 17.6456063243 14.3000289473 1.12019905082 5.90385297241 2.37832236286 3.59210222845 1.14809816085 7.12470250216 9.37333055992 10.3260676346 11.2531308615 12.6827434799 1.89471982098 1.94370525195 1.86060282978 1.78824314625 4.36178706742 0.940582153429 3.32229263873 4.19703649053 -9999.0 -9999.0
-9999.0 -9999.0 -9999.0 -9999.0 -9999.0 -9999.0 -9999.0 -9999.0 1.51884899043 7.41620794559 8.87077594028 1.45747903939 2.87895780018 1.42142070849 1.3697803337 1.35465112496 16.6562488275 22.1910523872 27.1848218433 31.9535057799 1.20425700165 1.30570805414 1.4331271971 280.90359114 283.562670158 284.847897756 40.626411222 9.08125938708 7.86898464587 1.00894336387 4.20356260508 33.5646914308 1.04856418875 18.6998055487 1.11860662295 7.63697289517 7.09464630915 1.16597842774 4.75056081982 2.30058018508 3.43576363096 1.07291021642 0.920131785573 12.1740420763 13.0504968587 13.5577039617 2.85311065864 2.74742359051 2.66135579519 5.35322179776 7.25285971183 0.948787919117 5.08412517591 0.915554059832 1.73673715617
-9999.0 -9999.0 -9999.0 -9999.0 -9999.0 -9999.0 -9999.0 -9999.0 -9999.0 1.52225527452 10.3537118331 11.8094087751 4.3164998432 7.16783139978 9.92353882445 11.3117744015 1.39374323358 4.22242130755 2.7907788443 1.39630137383 1.38555931884 1.32706457731 2.70186042921 4.48636137345 1.53049671685 328.269556326 329.642991237 1.30681585029 1.03150125073 2.017920412 3.00217955569 36.5904480968 2.03206820013 19.6461362029 11.9376297821 9.77027833319 1.12723808003 2.2716848855 5.8350342057 1.08442216561 4.49775171506 2.13100873677 1.71097254428 0.814704149757 15.5209069478 29.8779463825 3.60561876705 3.5109920018 3.50268107192 0.838220052015 8.078666991 0.807733498761 6.83208922623 0.830569633822 2.56408057099
-9999.0 -9999.0 -9999.0 -9999.0 -9999.0 -9999.0 -9999.0 -9999.0 -9999.0 -9999.0 1.44414722096 14.7098191265 1.43440516015 2.86153111648 4.2276903898 6.9649043044 1.39012422932 2.82986143316 1.40026189336 1.36179459476 1.31471699238 2.612938742 1.23655305473 1.44693225807 2.91140152566 1.51860707963 330.929250669 333.51052903 337.206003029 4.12260898183 1.01089003114 2.01779029567 37.6384829336 36.7290849121 14.0989258329 1.07377907484 4.49330776567 3.37713806111 6.92161396073 2.1659158238 8.78010637941 3.19978248332 2.67600665991 0.775429693417 0.825720680126 30.7917033511 31.6313836674 39.5312241915 6.0908443148 1.71425038075 8.95652780943 10.6270042477 18.2464272387 1.65899088469 0.764282333667
-9999.0 -9999.0 -9999.0 -9999.0 -9999.0 -9999.0 -9999.0 -9999.0 -9999.0 -9999.0 -9999.0 0.787710027021 16.4773209701 1.40736398571 2.77104346439 12.4870989058 1.40004235022 1.39663404707 1.29786749533 2.6867944126 1.31840450708 5.24142490782 7.70690230736 8.89135550312 4.10540666535 5.38241998679 1.36207796855 1.47848352213 1.33314791015 343.440734761 346.517218481 38.6245427838 38.6712772226 37.7015559979 2.02026044139 0.981793756627 5.52183137013 14.5208113775 7.97198935718 3.20478453854 13.0229989171 6.16962758948 5.16441317338 1.57592582135 0.695258762495 0.688767896914 0.714363230253 42.6085720064 51.2413609889 0.839970254881 0.769000364738 0.801296810906 19.0031465803 21.399423915 1.41937461134
-9999.0 -9999.0 -9999.0 -9999.0 -9999.0 -9999.0 -9999.0 -9999.0 -9999.0 -9999.0 -9999.0 0.741646065783 18.3048751127 22.6076542322 1.36611128979 15.2200548704 1.34292555141 1.31482327325 2.60093089008 6.60357019785 1.29934071164 1.33294985922 1.23184376905 11.3404156102 12.5180153558 19.1011097635 21.651514221 22.954375383 24.2428475257 25.5670452935 373.303711525 414.282695836 455.149284659 456.109754507 1.05623558705 0.979818169001 16.5859141835 15.5586038867 1.03610039051 1.04583741862 14.0466210938 21.2778632902 0.949247957501 11.2561498389 10.3488351873 3.13272296709 1.46703727411 2.27688564492 0.886149714988 52.8778460667 0.823764503228 2.37658251302 3.08902674644 26.7938606002 28.8584680267
-9999.0 -9999.0 -9999.0 -9999.0 -9999.0 -9999.0 -9999.0 -9999.0 -9999.0 -9999.0 -9999.0 1.5050142794 2.92700354783 24.0164825154 26.695788466 1.34668493262 17.5877567361 1.25710993063 3.80923479058 7.86175371869 2.55940462463 1.25707782287 2.51065456171 1.14989573717 2.22844495567 1.08996371863 1.03466782532 0.979105486122 0.954301064808 0.998076674421 1.05300460857 1.19711749484 1.26789747873 1.34698439186 459.589467263 20.8327354927 18.7938798846 1.0595827742 3.04207889695 0.843986433184 0.686186214256 22.2687283775 36.5961390849 12.3387651132 8.85018386268 1.71032182802 0.759744061461 0.731500401159 1.53132581498 55.2426686968 56.855165783 0.824218144432 0.824005727883 0.79696222913 0.707555867858
-9999.0 -9999.0 -9999.0 -9999.0 -9999.0 -9999.0 -9999.0 -9999.0 -9999.0 -9999.0 -9999.0 -9999.0 1.40400685016 17.8963550341 45.9638830178 50.0933480086 68.9176130164 69.9272836029 17.7399929244 12.9623071121 3.83106228684 1.24723601692 4.97011033812 6.16366930494 9.5001833578 2.21912073719 2.0912259214 2.05326385502 4.04507636444 2.0187968897 2.05013657706 0.964202715307 0.907283851349 1.00319701998 460.703236155 482.097449188 483.165603101 1.10194199692 8.77070080971 3.54641867869 1.03117812858 39.8321729123 2.2465305623 1.14216738557 4.68081725695 1.06535831165 0.910581053191 1.73654086729 2.49636587097 3.29893572651 58.3304125127 0.722541485224 0.661920264455 0.666271051938 0.581931815204
-9999.0 -9999.0 -9999.0 -9999.0 -9999.0 -9999.0 -9999.0 -9999.0 -9999.0 -9999.0 -9999.0 1.47831959992 13.5758600611 16.4937284142 2.7951531401 0.847889984479 2.0089868802 73.2417060212 74.3277105422 93.051833717 1.18411757794 2.42311199264 1.1136254323 1.12564837668 10.5994673615 13.9154261165 17.0095733435 0.995658304891 5.02845648852 8.01415300906 4.88034788442 1.906791696 1.76846394339 1.81117066987 1.84515574372 1.02722409906 484.151186897 485.100722588 495.786143827 1.85309069912 0.950659135337 40.5536574484 2.32937930811 1.18526309708 1.23261395261 1.22733941587 1.14198629602 2.08940724269 6.09007388297 10.244807837 69.3081602056 0.619927341914 1.83583968482 1.23342559816 1.10529225375
-9999.0 -9999.0 -9999.0 -9999.0 -9999.0 -9999.0 -9999.0 -9999.0 -9999.0 -9999.0 -9999.0 1.49807250253 9.23194896676 1.47464616443 1.38650477961 6.9341156863 8.23672705966 9.56025040699 10.822245397 126.692983086 127.758677247 130.020629048 146.700772039 150.093957652 152.134258634 153.26159691 172.893845152 175.65842404 176.710557252 185.815666834 191.754830251 192.699641917 196.332388909 2.7080998748 2.67324035124 0.88136028966 0.924539493785 486.036070911 499.606401125 2.83806821281 46.6200872942 45.7657934813 4.54435845845 1.11606684107 1.13462153974 1.11139486509 1.08422881526 2.178808109 3.15076703559 0.941516755018 70.0221118098 70.7582524875 74.4922861297 75.14290969 76.8626200278
-9999.0 -9999.0 -9999.0 -9999.0 -9999.0 -9999.0 -9999.0 -9999.0 -9999.0 -9999.0 -9999.0 4.691974444 6.22215223866 2.98374450196 4.4274909027 1.43454924877 16.2511256081 17.6184266558 20.3216740842 21.5596305393 9.14754878934 140.953766745 142.034732435 1.11752866978 0.92170817734 0.893701057856 1.84601764088 0.950988404226 0.861380232487 0.840568361341 0.83643149181 193.676250345 197.305035856 200.895079364 204.343008659 207.81118435 1.74582961236 0.767684787122 548.966824563 48.4010706768 47.5199345509 0.965826702012 0.951893224226 0.923417457013 2.08749699484 2.0620623922 0.961039821086 0.963924267459 0.868526919417 1.78719881658 2.46212685747 0.584673214373 1.08288440844 0.464973106702 0.392528915055
-9999.0 -9999.0 -9999.0 -9999.0 -9999.0 -9999.0 -9999.0 -9999.0 -9999.0 -9999.0 -9999.0 -9999.0 3.15693389612 1.51370507805 1.45386431281 13.5212316036 14.9101950458 1.38501256405 5.52102667283 6.82597884419 8.06116756761 1.28419387933 1.10001625623 22.7983383474 23.7562345666 24.6939076949 63.2683447916 64.1009377506 65.7296582799 72.1971276553 76.8752408264 77.6403582697 0.763748320013 0.788967976955 0.707011856624 209.262958833 0.732675579617 558.501101218 557.149142684 7.32055436975 6.35464949944 3.78997981438 0.968787895611 1.81783845123 3.01934817558 3.00506942842 1.89460335167 0.934831696176 1.79258692443 1.71312420646 3.20688427151 0.516728493436 1.62728489534 2.72988692664 3.5684495256
