data/baseflow/History/mHMbfrc316
ncols                  80
nrows                 72
xllcorner      4374000.0
yllcorner      5656000.0
cellsize            500
NODATA_value       -9999
[rows 24 to 47 of 72, columns 0 to 54 of 80]
-9999.0 -9999.0 -9999.0 -9999.0 -9999.0 -9999.0 -9999.0 -9999.0 -9999.0 -9999.0 -9999.0 -9999.0 1.34742019337 3.87310234791 5.08258029679 8.85559123228 1.18533394216 2.36356604286 3.47637278218 13.0109755331 13.9464770937 14.6764620167 15.6790587186 16.8187646906 26.2400004013 29.4887755781 31.3120992706 0.754858556458 4.33627785161 5.00399228812 61.856100189 64.7005489785 65.7954727807 66.8776846791 68.0431503733 238.274719674 0.453203173361 478.538606899 1.3452927309 0.585854459768 4.50019960382 3.8556349767 0.620730410535 2.24206176856 3.18781900161 3.16641888153 2.1836722181 3.58040238512 5.66226160999 2.10389712829 5.52557414059 0.501934161238 0.777405413126 0.215982173064 0.171292545337
-9999.0 -9999.0 -9999.0 -9999.0 -9999.0 -9999.0 -9999.0 -9999.0 -9999.0 -9999.0 -9999.0 -9999.0 1.31057355671 2.59998613919 1.21674488185 2.49565404982 1.16000989776 8.53823472467 10.7934771794 11.9433692776 1.05363034148 2.01717751236 19.4981071438 24.2714313803 25.1891115026 2.163547831 2.13846224037 3.07951416312 0.631990769934 0.605253615116 1.14832647535 0.564115664325 30.1004450215 30.6900410638 31.3421069724 238.865478611 483.200813152 479.215640935 0.971539395805 0.395530582398 0.356064284011 1.42331705884 1.06120263045 2.76173394664 3.81082041707 7.66277168141 0.681931415289 0.680642736546 6.26768388595 6.88710079497 13.5351515319 13.9845762588 14.9882773821 15.3953877076 0.354042778914
-9999.0 -9999.0 -9999.0 -9999.0 -9999.0 -9999.0 -9999.0 -9999.0 -9999.0 -9999.0 -9999.0 -9999.0 -9999.0 1.28811713792 2.5394546751 3.78005004003 6.16155640307 1.25181740098 1.16070490814 7.78062467385 8.83694155138 17.6574741578 18.6895434121 2.94043511723 1.07093130673 1.07868980841 1.05672512125 26.3475428536 27.1364242605 27.8195097661 28.3891756906 29.5300303045 6.00438049485 6.66945669639 38.6034910122 760.947059187 3.38804524118 2.86154181523 1.43852864445 0.361196757589 0.308846412986 2.13935425802 2.40371271456 3.38320759816 0.306917336457 8.04419520635 1.15161635486 1.13345502039 0.27083471912 0.195608317325 0.177369510396 0.18417872659 0.182111334169 15.6221815493 224.719914436
-9999.0 -9999.0 -9999.0 -9999.0 -9999.0 -9999.0 -9999.0 -9999.0 -9999.0 -9999.0 -9999.0 -9999.0 -9999.0 -9999.0 1.24473148932 2.31846401901 3.28258052052 4.28594654055 5.45998544208 6.65550425769 3.50334605362 5.73363249063 1.04098946613 1.03672965814 21.2608010411 23.3264812558 24.2999152222 25.3689881196 0.932447496406 1.73393832497 4.17820708838 4.85317014198 5.439417751 0.720738440988 0.572043120714 762.47043351 0.541279097408 0.794062298719 0.374808282726 1.38770130522 0.659337241636 0.348509083749 6.14353348344 6.43018987425 0.229628363494 8.29627336166 9.64982529485 1.35510240539 233.524110739 233.070019561 232.665794542 231.836309002 231.48688584 225.769329606 225.534750839
-9999.0 -9999.0 -9999.0 -9999.0 -9999.0 -9999.0 -9999.0 -9999.0 -9999.0 -9999.0 -9999.0 -9999.0 -9999.0 -9999.0 0.220468809867 0.518266159371 0.955186275516 8.14838965023 9.38192635426 1.22958182797 1.17846264508 1.13065892858 17.0528232742 19.201214352 1.04348721598 1.0823322516 0.955703067009 3.81935076644 4.74485518612 2.71236959747 3.35893842069 21.580039764 22.3110801186 23.6862808603 37.9052021633 800.682694999 0.501775326405 0.314085804823 2.06662642887 1.72542878974 0.295145588577 0.952205291097 1.22973054775 6.74943711321 7.00333724106 17.2945023806 9.83968130075 1.54439455376 238.556838327 2.34614278216 232.284082115 232.072236793 5.39557318945 0.314294297662 0.615426010006
-9999.0 -9999.0 -9999.0 -9999.0 -9999.0 -9999.0 -9999.0 -9999.0 -9999.0 -9999.0 -9999.0 -9999.0 -9999.0 -9999.0 1.15227504781 1.86922126662 4.00583202539 6.97594166746 10.2591887475 12.5541613369 13.7354035485 14.9017327296 16.0160861294 1.06847510724 1.01199194213 1.99974251127 1.92145168969 0.969327153331 18.6362671286 19.5461038672 20.4069751109 21.2195789246 12.2346697349 12.9561213658 13.6543665018 800.941138785 0.833789014322 0.798951952085 3.07330310939 0.312527056064 0.544089023006 0.276914041462 0.255505480948 1.47561152648 0.201950082452 0.218686813725 257.074740263 239.621414284 239.407384431 0.931910474273 2.15890348013 1.41078718681 0.350775360407 4.87056073313 1.42854360432
-9999.0 -9999.0 -9999.0 -9999.0 -9999.0 -9999.0 -9999.0 -9999.0 -9999.0 -9999.0 -9999.0 -9999.0 -9999.0 -9999.0 0.810865404232 0.736032775774 1.42610252434 2.2104606662 1.15695824138 1.23436523403 2.4101868461 3.57659480215 5.78147476212 6.89282961873 7.95795012394 11.032786674 12.0062543147 13.0058415013 0.929355957683 9.39234300314 10.2152036298 10.9521334495 0.596269273836 0.320061025719 0.591351883262 814.843589806 815.085723642 816.401350687 3.92212894394 0.620088182179 0.892213092714 0.241502883137 0.443548285379 1.67034088717 2.03967357285 0.389289026014 258.061925474 0.321176669835 0.532481518657 0.591679804048 0.435432296813 0.802104390304 0.332635050721 3.10753155 2.43853965079
-9999.0 -9999.0 -9999.0 -9999.0 -9999.0 -9999.0 -9999.0 -9999.0 -9999.0 -9999.0 -9999.0 -9999.0 -9999.0 -9999.0 -9999.0 0.686274372802 1.36786112159 0.705058281007 1.46732363239 9.32715522252 10.4257611358 11.6085175274 1.10136502331 1.10692212493 2.17824873421 3.22489881727 5.16836886691 6.12874149477 6.65407288092 7.54755799158 0.796723513375 0.740288882925 12.1835864444 12.4773049645 12.765477238 13.0461952952 10.5564234461 828.09969766 833.753876057 834.007636612 835.129734592 836.299744165 836.972589344 0.201247160912 2.20947499359 258.254668293 0.511823234407 0.264014775962 0.256464769737 0.223294108064 0.388774099556 0.396944330586 0.233594091982 0.346042623981 0.338686774846
-9999.0 -9999.0 -9999.0 -9999.0 -9999.0 -9999.0 -9999.0 -9999.0 -9999.0 -9999.0 -9999.0 -9999.0 -9999.0 -9999.0 -9999.0 -9999.0 2.03796593913 2.82807525164 5.11594349561 6.99174340022 1.03630456371 13.872436776 14.9773291027 16.0968230384 1.1056900292 2.17993641925 0.992612535524 7.26951270518 7.76532181566 8.56089304418 9.39539929999 11.443339839 11.6884849227 0.168737930976 9.4926172173 10.0452192824 10.2972588654 11.444513451 1.48472161319 0.964410952796 0.62069451435 0.596117911007 837.700700254 838.039469655 841.821643699 258.44362901 1.29972090342 0.625362190193 0.419051060924 0.127272800976 1.21089077259 0.653459964327 0.20589610135 1.16168944315 0.989739686177
-9999.0 -9999.0 -9999.0 -9999.0 -9999.0 -9999.0 -9999.0 -9999.0 -9999.0 -9999.0 -9999.0 -9999.0 -9999.0 -9999.0 -9999.0 -9999.0 0.782787073723 3.58785431754 4.39265068733 1.12153636296 1.19739713163 2.36809218122 3.48023448097 20.713043745 1.09689957772 4.39239826789 5.40283643912 6.39491430987 0.52265086328 1.27241441471 1.70656511306 7.7089605056 8.57089981025 8.78986471442 0.263844740803 0.283039610659 0.343883728741 0.629832921307 0.272111906498 0.292802143988 0.54681311359 0.443467265414 0.52951372728 1.35760073766 842.187648465 1101.50003291 1.59925812629 0.267212466281 0.123233444732 3.84497328379 3.56217796905 2.14549952053 1.93769000026 1.45868419941 0.344253061502
-9999.0 -9999.0 -9999.0 -9999.0 -9999.0 -9999.0 -9999.0 -9999.0 -9999.0 -9999.0 -9999.0 -9999.0 -9999.0 -9999.0 -9999.0 0.617335589146 2.13029541098 0.722987386441 1.27935442346 1.31159999112 2.51989710896 3.67673408343 4.7112774375 26.2430173653 27.3159465188 1.09678456878 2.11291171426 3.13122333737 3.81423246828 4.59315172105 6.86654201242 7.43266037235 0.557709123866 0.465826617314 0.431821016468 0.621688115952 0.566987082723 0.54913797091 0.462437519429 0.561325868471 1.882072968 0.873719419754 0.315017024363 0.299280110073 0.306882451685 0.574056965689 1112.46699747 9.08906330007 4.41568263701 0.278843101361 0.116402684757 0.111229022536 0.458170408239 0.333164621427 0.178720002165
-9999.0 -9999.0 -9999.0 -9999.0 -9999.0 -9999.0 -9999.0 -9999.0 -9999.0 -9999.0 -9999.0 -9999.0 -9999.0 -9999.0 0.657094360943 1.25454607494 4.72509589954 0.710460688907 2.39339777434 3.69976342898 4.95335365775 1.24716116083 2.38818930509 3.37738189973 31.4751109213 1.06051803517 2.04219746631 3.01306908764 0.889027235735 1.7641108563 2.30889085461 2.87773290739 64.2559236411 65.2514255988 66.1586568676 70.3724024852 72.1062811258 75.4800038476 0.811115593711 1.84963374226 2.34078708612 85.4155232991 86.0337094744 0.275489890741 0.497624197823 0.70856756062 1112.7119796 8.57528554381 3.81050569977 3.67541865724 2.92874598364 2.58458635941 0.606872285102 0.137665930291 0.294111086738
-9999.0 -9999.0 -9999.0 -9999.0 -9999.0 -9999.0 -9999.0 -9999.0 -9999.0 -9999.0 -9999.0 -9999.0 -9999.0 -9999.0 0.670506783072 2.01873247518 7.40058592191 10.8520538399 0.642501437502 14.5083219251 20.2649176147 1.20517985258 2.3403230573 3.3839860616 41.0560545086 41.9158451257 0.992517747625 5.00765584544 5.9034059495 6.64760861023 57.9257279429 59.7646813417 60.8447670704 0.52003230855 2.97692377667 3.52862195369 1.62530528842 2.35705609336 78.7230229041 81.6024048194 82.1799713651 82.7310653728 86.6633403835 0.306453232012 0.25180863361 1.15560617854 1112.93350469 0.213774629338 0.213719829135 0.635035113746 0.24393941872 2.37213955536 1.90360213178 1.11274015381 0.822616079131
-9999.0 -9999.0 -9999.0 -9999.0 -9999.0 -9999.0 -9999.0 -9999.0 -9999.0 -9999.0 -9999.0 -9999.0 -9999.0 -9999.0 -9999.0 -9999.0 1.40222675586 2.82429081803 12.9381474176 13.7102579893 20.9376732189 21.7475539393 1.17497762674 2.34412454641 5.53861846894 42.676849213 44.6924399393 45.6062217974 0.740237723178 48.7681619051 50.6781795662 1.2109424071 0.525584700262 1.03876069492 2.01316676675 0.47419545016 0.962401014537 2.1671977731 2.72173610845 0.494092565303 0.334721416763 0.674161207619 89.0497168409 89.8225638781 90.035705249 91.7434659993 1113.13136438 0.12225713497 0.145480528143 0.176687354396 0.171942360742 0.177132897892 0.153285960318 0.283286344687 0.0911737506671
-9999.0 -9999.0 -9999.0 -9999.0 -9999.0 -9999.0 -9999.0 -9999.0 -9999.0 -9999.0 -9999.0 -9999.0 -9999.0 -9999.0 -9999.0 -9999.0 0.733741564138 0.719067336632 0.733035626195 1.5961487919 0.713692655572 23.1524859588 23.8929675375 1.08973362522 2.17944310195 1.15808303022 1.01545783974 0.998688030048 47.3759994776 0.646561592032 1.27630803342 0.651912921051 0.556417186796 0.501710630646 0.395970214979 0.410221237748 1.22875477974 1.67125056882 0.32202856888 0.283434286877 0.59682818538 0.97786197395 1.26605537598 0.349187215105 90.3499229413 91.9570458738 1113.25458898 0.601852104557 0.377615291952 0.0962516979335 0.246224937465 0.0765287031577 0.0561075003106 0.346259705466 0.483802472647
-9999.0 -9999.0 -9999.0 -9999.0 -9999.0 -9999.0 -9999.0 -9999.0 -9999.0 -9999.0 -9999.0 -9999.0 -9999.0 -9999.0 -9999.0 -9999.0 -9999.0 -9999.0 0.710415253718 2.25960295445 2.87300396731 3.55494115867 24.550351774 25.2048282852 25.9017516733 26.8186833539 27.7999274226 29.7933374901 30.4359392072 31.0481465067 31.6037782586 0.514343847857 0.47755607835 0.496868798255 1.72898212022 0.448333613973 0.419909337588 0.34073848136 0.971222289671 0.369135914809 0.278936402326 0.259161417073 0.218662934452 0.436338078685 0.611887274195 93.1782432201 1207.18037056 0.0958073658796 0.232989200081 0.0764554272228 0.329914475182 0.171427520301 0.112928184267 1.18664268025 0.776114292962
-9999.0 -9999.0 -9999.0 -9999.0 -9999.0 -9999.0 -9999.0 -9999.0 -9999.0 -9999.0 -9999.0 -9999.0 -9999.0 -9999.0 -9999.0 -9999.0 -9999.0 -9999.0 -9999.0 0.60015112849 4.71418597634 9.57734876033 10.3253030363 1.04488959987 2.12450813342 3.21732847008 4.19080971355 10.3886891527 10.9489271677 0.540648870722 0.518625186243 32.6469701364 33.5735491824 34.0012141774 2.06503255838 0.31477688738 0.746414796948 1.09699513725 3.2209044682 3.9130310022 4.44013356256 0.483904695794 0.662997572716 0.213873917968 0.411669924795 0.205383717521 1207.55581023 0.0882186330504 0.392337316985 0.193493955953 0.612087460088 1.15315696686 1.31293503478 2.54551462227 0.986938584845
-9999.0 -9999.0 -9999.0 -9999.0 -9999.0 -9999.0 -9999.0 -9999.0 -9999.0 -9999.0 -9999.0 -9999.0 -9999.0 -9999.0 -9999.0 -9999.0 -9999.0 -9999.0 0.663181679067 2.10553470063 4.12551575337 5.39549592928 14.2190762244 15.1129487412 2.24255970325 3.32631128376 4.27099586413 5.26099771175 11.558343584 12.6760396137 22.2808460127 23.0007791728 23.4771043782 34.4479513632 37.6501203582 0.753252083583 0.468646085445 0.452491017751 0.856138070956 0.381165952953 5.14293376006 5.39055560155 0.864655271653 1.12167341401 0.216780426999 245.74493968 246.141237674 1453.94406435 1454.47879 0.0815713541824 0.78904575362 0.11169334862 0.1031794017 2.78138838716 3.86015106391
-9999.0 -9999.0 -9999.0 -9999.0 -9999.0 -9999.0 -9999.0 -9999.0 -9999.0 -9999.0 -9999.0 -9999.0 -9999.0 -9999.0 -9999.0 -9999.0 -9999.0 -9999.0 -9999.0 0.750160878677 0.728374856 1.38320194818 3.28829378175 15.7548061455 1.14070079405 1.12811629948 2.09240786901 3.04777679658 7.49467027756 8.19934958428 0.449814459102 0.471679101171 24.0566904542 24.52668541 62.5904115045 62.9716262708 0.27384510542 0.241371167532 0.193033523304 0.195006268303 0.19296524981 241.364382756 242.766563053 244.155863994 244.618712234 245.512759774 0.215954496283 0.790298617116 0.968229451077 1455.76279257 1455.83388508 1456.03949685 1456.29076236 1456.48236202 4.0454311026
-9999.0 -9999.0 -9999.0 -9999.0 -9999.0 -9999.0 -9999.0 -9999.0 -9999.0 -9999.0 -9999.0 -9999.0 -9999.0 -9999.0 -9999.0 -9999.0 -9999.0 -9999.0 -9999.0 -9999.0 0.673057502182 0.701938273533 1.30526454622 18.3147536195 19.0794947673 1.11807826464 2.07898738583 3.04686157375 3.78438458023 0.664593633592 1.27662463735 46.8183599331 47.3243306187 47.7683359091 51.2074460016 114.59192199 231.302770291 231.93127407 232.482906514 233.00992366 235.079411191 235.735706104 1.16075050413 0.519430357548 0.299973451686 0.564108549975 0.390519754494 0.622526164959 0.188222325568 4.70966184212 5.03996217713 5.28200274835 5.35905816698 1456.58051609 1460.82134246
-9999.0 -9999.0 -9999.0 -9999.0 -9999.0 -9999.0 -9999.0 -9999.0 -9999.0 -9999.0 -9999.0 -9999.0 -9999.0 -9999.0 -9999.0 -9999.0 -9999.0 -9999.0 -9999.0 -9999.0 -9999.0 0.686063461029 1.3148775468 1.94673149738 19.6235397764 0.880210084111 27.3577430374 28.3600079986 29.0509464881 29.7095283605 44.3001917182 44.944835011 0.540027771178 2.56983803425 3.08736733208 0.496872755104 116.074186893 115.186317503 0.276844913616 0.627368211896 1.63240408888 0.352549802151 0.354498041124 0.261674618019 0.210894448559 0.163941299644 0.182720725648 4.11623238896 4.29790831096 4.51915363167 0.190999340175 0.147690291296 5.44000014196 5.53220897459 5.58422633721
-9999.0 -9999.0 -9999.0 -9999.0 -9999.0 -9999.0 -9999.0 -9999.0 -9999.0 -9999.0 -9999.0 -9999.0 -9999.0 -9999.0 -9999.0 -9999.0 -9999.0 -9999.0 -9999.0 -9999.0 -9999.0 0.628868960509 0.589758624535 3.05410978844 23.9963552237 25.5409821295 26.4012585376 1.04853625138 13.0823036802 13.7052322213 13.9789757083 0.593997983288 1.17495825992 1.68774417852 28.0404453744 28.4285127102 28.7572924286 114.58583248 67.4898358756 0.342950706808 0.341123595404 0.32843067438 0.248750863508 2.57926553904 3.05845866738 3.47822516604 3.70236275528 3.91778567344 28.5761286862 28.7244703971 28.9273511543 29.4388801123 31.2509476866 31.3219430066 36.9791881566
-9999.0 -9999.0 -9999.0 -9999.0 -9999.0 -9999.0 -9999.0 -9999.0 -9999.0 -9999.0 -9999.0 -9999.0 -9999.0 -9999.0 -9999.0 -9999.0 -9999.0 -9999.0 -9999.0 -9999.0 -9999.0 -9999.0 1.22867610731 1.87583392742 0.755345163186 1.14152767958 9.2632585911 10.3604428709 11.2289122325 5.85776308823 6.48160230782 7.13764623501 7.68180126173 27.1871248751 27.6820119907 17.240211101 46.395544539 46.7694866963 67.2039975004 0.684754040269 0.339402063126 0.241893737898 1.79388605767 2.09175893321 0.165655718088 0.152916174641 27.90006197 28.2654680704 28.4373640807 0.249733318501 0.366583714184 30.97386299 0.18173570034 0.515768214404 0.566960826773
-9999.0 -9999.0 -9999.0 -9999.0 -9999.0 -9999.0 -9999.0 -9999.0 -9999.0 -9999.0 -9999.0 -9999.0 -9999.0 -9999.0 -9999.0 -9999.0 -9999.0 -9999.0 -9999.0 -9999.0 -9999.0 -9999.0 0.61481017676 1.21851653443 5.33013335668 6.11499860496 7.08895804572 4.27420624211 5.2025586342 0.674688736716 17.8012242154 18.4150281226 18.9961697045 0.533930442522 16.3080568377 16.8151025766 0.386895484536 65.4017664849 0.778203308151 0.386723214453 0.971767377561 1.31227033525 0.245462248987 0.198707432336 25.9876891518 27.5682125272 27.7859981835 0.225813967865 0.460590533662 0.584686024723 0.693785410545 1.36459345934 0.18488878848 0.424144995181 0.0818751911762
