data/baseflow/History/mHMbfrc422
ncols                  80
nrows                 72
xllcorner      4374000.0
yllcorner      5656000.0
cellsize            500
NODATA_value       -9999
[rows 0 to 23 of 72, columns 0 to 54 of 80]
-9999.0 -9999.0 -9999.0 -9999.0 -9999.0 -9999.0 -9999.0 -9999.0 -9999.0 -9999.0 -9999.0 -9999.0 1.24964482009 0.882923597276 -9999.0 -9999.0 -9999.0 -9999.0 -9999.0 -9999.0 -9999.0 -9999.0 -9999.0 -9999.0 -9999.0 -9999.0 -9999.0 -9999.0 -9999.0 -9999.0 -9999.0 -9999.0 -9999.0 -9999.0 -9999.0 -9999.0 -9999.0 -9999.0 -9999.0 -9999.0 -9999.0 -9999.0 -9999.0 -9999.0 -9999.0 -9999.0 -9999.0 -9999.0 -9999.0 -9999.0 -9999.0 -9999.0 -9999.0 -9999.0 -9999.0
-9999.0 -9999.0 -9999.0 -9999.0 -9999.0 -9999.0 -9999.0 -9999.0 -9999.0 -9999.0 -9999.0 -9999.0 2.56232815259 5.15820804402 0.728833522336 -9999.0 0.622212928413 -9999.0 -9999.0 -9999.0 -9999.0 -9999.0 -9999.0 -9999.0 -9999.0 -9999.0 -9999.0 -9999.0 -9999.0 -9999.0 -9999.0 -9999.0 -9999.0 -9999.0 -9999.0 -9999.0 -9999.0 -9999.0 -9999.0 -9999.0 -9999.0 -9999.0 -9999.0 -9999.0 -9999.0 -9999.0 -9999.0 -9999.0 -9999.0 -9999.0 -9999.0 -9999.0 -9999.0 -9999.0 -9999.0
-9999.0 -9999.0 -9999.0 -9999.0 -9999.0 -9999.0 -9999.0 -9999.0 -9999.0 -9999.0 1.29316607461 1.25227474786 1.28811401716 1.2441933848 7.5351446191 8.33429272436 1.75095419602 0.564320234393 -9999.0 -9999.0 -9999.0 -9999.0 -9999.0 -9999.0 -9999.0 -9999.0 -9999.0 -9999.0 -9999.0 -9999.0 -9999.0 -9999.0 -9999.0 -9999.0 -9999.0 -9999.0 -9999.0 -9999.0 -9999.0 -9999.0 -9999.0 -9999.0 -9999.0 -9999.0 -9999.0 -9999.0 -9999.0 -9999.0 -9999.0 -9999.0 -9999.0 -9999.0 -9999.0 -9999.0 -9999.0
-9999.0 -9999.0 -9999.0 -9999.0 -9999.0 -9999.0 -9999.0 -9999.0 -9999.0 1.26721951848 2.54319193738 5.04222608688 2.49467902566 1.21760841287 2.38120845963 9.49624783178 12.5343449796 0.617702968172 -9999.0 1.23661408123 -9999.0 -9999.0 -9999.0 -9999.0 1.18922186704 0.609381996357 -9999.0 -9999.0 -9999.0 -9999.0 -9999.0 -9999.0 -9999.0 -9999.0 -9999.0 -9999.0 -9999.0 -9999.0 -9999.0 -9999.0 -9999.0 -9999.0 -9999.0 -9999.0 -9999.0 -9999.0 -9999.0 -9999.0 -9999.0 -9999.0 -9999.0 -9999.0 -9999.0 -9999.0 -9999.0
-9999.0 -9999.0 -9999.0 -9999.0 -9999.0 -9999.0 -9999.0 -9999.0 1.36800290064 3.94336700642 5.16002394078 6.38294077156 8.71140517713 1.15674334892 4.65807664498 5.79524276601 19.9990991627 0.950071289812 1.10882265842 2.365857224 3.45542087822 1.12229121238 -9999.0 3.06208410218 2.50724844093 0.683501362695 -9999.0 -9999.0 -9999.0 -9999.0 -9999.0 -9999.0 -9999.0 -9999.0 -9999.0 -9999.0 -9999.0 -9999.0 -9999.0 -9999.0 -9999.0 -9999.0 -9999.0 -9999.0 -9999.0 -9999.0 -9999.0 -9999.0 -9999.0 -9999.0 -9999.0 -9999.0 -9999.0 -9999.0 -9999.0
-9999.0 -9999.0 -9999.0 -9999.0 -9999.0 -9999.0 1.38341417362 1.30254900743 1.26208055285 1.27248964458 1.26396651577 8.91201837664 18.827878315 20.0260087572 21.1435684342 1.12078800736 22.1527713461 23.2386067838 2.21741394593 1.10336040997 4.52592171498 7.83217248973 1.0375076583 6.12124440763 1.15250633059 1.07247728952 1.18503078815 -9999.0 -9999.0 -9999.0 -9999.0 -9999.0 -9999.0 -9999.0 -9999.0 -9999.0 -9999.0 -9999.0 -9999.0 -9999.0 -9999.0 -9999.0 -9999.0 -9999.0 -9999.0 -9999.0 -9999.0 -9999.0 -9999.0 -9999.0 -9999.0 -9999.0 -9999.0 -9999.0 -9999.0
-9999.0 -9999.0 -9999.0 -9999.0 -9999.0 -9999.0 2.74649956061 4.06318997927 9.21419372937 12.9491153354 1.17595541383 1.20065166356 1.14928980991 3.39611320605 25.6131554397 1.05311007659 24.3062355323 28.4821401535 3.25625249863 2.13934689748 8.86720523623 1.09154626548 7.20359095703 2.19136623348 1.09979425106 2.14744092062 2.33855992076 1.15858001784 1.17117788508 1.16052735452 1.17033746274 2.35191341722 -9999.0 -9999.0 -9999.0 -9999.0 -9999.0 -9999.0 -9999.0 -9999.0 -9999.0 -9999.0 -9999.0 -9999.0 -9999.0 -9999.0 -9999.0 -9999.0 -9999.0 -9999.0 -9999.0 -9999.0 -9999.0 -9999.0 -9999.0
-9999.0 -9999.0 -9999.0 -9999.0 -9999.0 1.42462128765 2.79235550439 1.35085590658 2.63394393538 14.2438188724 16.6694092249 19.0757151825 59.7791290717 1.12069321536 26.727852741 95.0369531559 95.8694442352 125.771738006 0.886716675529 3.18293443412 9.91110348955 1.04002122091 19.3003463636 11.0386357148 6.70455159557 5.60612689837 1.14691095436 3.454792786 3.4447044694 2.30234380728 1.1166189097 3.49536975955 1.10435659226 1.09963869269 -9999.0 -9999.0 -9999.0 -9999.0 -9999.0 -9999.0 -9999.0 -9999.0 -9999.0 -9999.0 -9999.0 -9999.0 -9999.0 -9999.0 -9999.0 -9999.0 -9999.0 -9999.0 -9999.0 -9999.0 -9999.0
-9999.0 -9999.0 -9999.0 -9999.0 -9999.0 1.43281616911 4.19983738319 8.35617682769 9.64685769778 19.0928817121 20.328962322 24.1430122116 39.5828065994 62.9920196264 65.2083558244 66.2333339584 2.00420519538 129.347696469 131.193594079 136.443203259 169.857662514 22.4587772286 20.3781031009 7.78186715081 1.06169371847 6.69673190291 4.52488410886 1.04513686022 4.49530093568 1.02404521129 2.10377511674 5.63423884908 6.70037812847 2.16334972446 1.05113537089 1.05362314704 -9999.0 -9999.0 -9999.0 -9999.0 0.580423244659 0.516037956488 -9999.0 -9999.0 -9999.0 -9999.0 -9999.0 -9999.0 -9999.0 -9999.0 -9999.0 -9999.0 -9999.0 -9999.0 -9999.0
-9999.0 -9999.0 -9999.0 -9999.0 -9999.0 1.41104523873 1.36241146922 5.54935309979 6.84683136167 8.17529054821 1.28850153961 2.5633262325 14.5215534358 2.543532495 1.21374241035 1.16282951832 1.06227550309 1.15442267088 1.1198549106 1.12299187977 170.923722078 174.049477284 1.03195081773 3.14343233719 2.11777083677 7.74516643486 2.09575484527 1.02375844203 5.56185517732 2.02254620606 4.87617274901 11.8871799461 10.9627078328 3.21059473399 3.13106553746 1.05967516549 1.04831334791 -9999.0 -9999.0 1.05271726923 1.30518815844 2.89139167494 0.53686627222 -9999.0 -9999.0 -9999.0 -9999.0 -9999.0 -9999.0 -9999.0 -9999.0 -9999.0 -9999.0 -9999.0 -9999.0
-9999.0 -9999.0 -9999.0 -9999.0 -9999.0 -9999.0 1.42845127646 1.41758518212 2.7839639435 4.14214614574 9.42533469156 12.0400738936 13.3308768047 1.33791520888 1.14057888192 14.7791839225 18.1994553924 19.3129652679 23.8256818915 24.9119869996 1.0717346067 175.107807501 180.351715757 4.21000364468 1.03298226448 8.77083937802 19.4114343181 7.57650314584 1.99247544625 0.998391763857 18.6951047139 12.8817313948 0.968138894 0.972468650634 4.10450821926 3.10454643886 0.999658308744 0.976373632881 1.01582020567 2.05316400727 0.983157506813 3.50138858431 4.44067098478 0.894602004312 -9999.0 -9999.0 -9999.0 -9999.0 0.961518775752 0.922204488169 0.326039315564 -9999.0 -9999.0 -9999.0 -9999.0
-9999.0 -9999.0 -9999.0 -9999.0 -9999.0 -9999.0 -9999.0 1.43088790709 1.32005360496 2.67745386248 4.0047493441 1.32151810736 1.2441676528 7.6458314608 10.0660769299 12.5083554788 1.1496877117 2.308711826 1.12405730949 25.9900759832 56.6398245899 57.2376143691 239.405077914 1.05343143667 3.06259505374 0.995997029981 20.3929331388 0.990766616634 3.00299823126 0.989045690304 19.6654654228 20.6300009102 1.93779818481 1.9347003992 10.2218368675 5.11475036515 1.97208123023 1.00359536563 2.03405442328 3.05836962592 4.99072348399 0.938344200403 6.13837119239 6.86642465302 0.645692716102 0.701009503599 0.708088865228 0.643474732755 0.604414120283 2.64322927672 1.14799177303 0.767976041708 -9999.0 -9999.0 -9999.0
-9999.0 -9999.0 -9999.0 -9999.0 -9999.0 -9999.0 -9999.0 -9999.0 2.7072758667 4.01127540308 1.32227521553 2.65881253087 3.91911863855 6.46582420759 1.28286394987 1.25461083115 1.13721100894 1.15699459146 1.09729813797 28.4788409933 1.1283226928 2.23464619771 242.279852838 244.205596957 0.952950494856 4.99776598215 26.3346713365 1.96108942428 3.92666469126 1.8846132768 2.77945675696 24.3657413596 2.8401591868 14.9117742913 12.0845198802 0.939393831893 4.89023999162 1.96907448832 2.98529433227 0.950932212921 5.89735123917 7.63709317456 8.26520988229 8.86180475371 9.30303823774 1.23573233965 1.27123405672 1.16597570907 1.082558071 3.28138028731 0.699225384064 2.63988491287 3.31943521786 -9999.0 -9999.0
-9999.0 -9999.0 -9999.0 -9999.0 -9999.0 -9999.0 -9999.0 -9999.0 1.38014294168 6.73931055139 8.04292712001 1.30857548391 2.57001555946 1.26274930319 1.21376609295 1.19188161403 14.6627468531 19.5324539644 23.8164548407 27.8407304817 0.983382944511 1.11698363827 1.16128827736 248.840014167 250.745807841 251.576157275 35.1799358602 7.8309053526 6.83736165604 0.89617837248 3.66702583572 28.9270435569 0.885555936823 15.8015902107 0.932350633653 6.36660220875 5.86580245388 0.956449987903 3.92845881556 1.89189828034 2.81134520603 0.814118891834 0.593637496848 9.45109649912 9.98160623405 9.832186705 1.83027580116 1.69901085425 1.60307274529 4.02104380339 5.42975565426 0.702452895138 4.0218971565 0.744650543907 1.43142511594
-9999.0 -9999.0 -9999.0 -9999.0 -9999.0 -9999.0 -9999.0 -9999.0 -9999.0 1.37150781123 9.36016763661 10.6556572669 3.84365519332 6.370907722 8.79495672964 10.0059857347 1.21258760376 3.72787303151 2.45033550191 1.20808396469 1.20962247124 1.14508886723 2.27341427758 3.86892428246 1.22395826576 288.87489073 289.84318076 0.876543754075 0.773060219004 1.81068786349 2.6955566761 31.5425175897 1.73916534611 16.6181969678 9.89815094717 8.11655501297 0.92561511382 1.8712903907 4.82009812505 0.886811525232 3.67498121762 1.65778001253 1.12583105972 0.606834850397 11.6928521203 21.9653042794 2.22463373415 2.10704737563 2.18526659251 0.60998178952 6.02671795746 0.58628283723 5.34799217512 0.678480523973 2.10327032363
-9999.0 -9999.0 -9999.0 -9999.0 -9999.0 -9999.0 -9999.0 -9999.0 -9999.0 -9999.0 1.27742095936 13.2292961891 1.27315452657 2.53923494681 3.73049658937 6.14418452464 1.23901637405 2.52630701415 1.25132119114 1.21931153085 1.15750706706 2.29931535758 1.0723918345 1.15576142725 2.25844962093 1.21950223879 290.752499818 292.478225759 295.071711021 3.52245675919 0.902247956707 1.79694761511 32.4362726912 30.84346719 11.7062274444 0.902032100457 3.69842299073 2.78397860735 5.71384822777 1.77809932359 7.05678415622 2.51151632563 1.86318190914 0.632971515604 0.627196093159 22.5623998135 23.055526726 27.8209427842 4.08692869686 1.25659157506 6.66098435128 7.86798666642 13.8024055674 1.33219609676 0.635016108854
-9999.0 -9999.0 -9999.0 -9999.0 -9999.0 -9999.0 -9999.0 -9999.0 -9999.0 -9999.0 -9999.0 0.735368595099 14.8690624593 1.23375416971 2.41297321415 10.9727001141 1.24884152858 1.2489347968 1.15007285104 2.39007129181 1.13924030862 4.57564192243 6.71925684171 7.74362602898 3.2103264622 4.05106436691 0.901613767983 1.11404060329 0.984118783924 300.334506432 302.904646043 33.2549395955 32.4778620392 31.6649363547 1.67482111713 0.823566586566 4.55502516377 11.9806013647 6.57126536423 2.63431895893 10.5084119863 4.80469256661 4.01082950576 1.34671285983 0.527204278501 0.469159811997 0.475746081164 30.0817277861 35.8881159082 0.620999541751 0.564243947959 0.608526254147 14.4008340347 16.3334501291 1.19121125758
-9999.0 -9999.0 -9999.0 -9999.0 -9999.0 -9999.0 -9999.0 -9999.0 -9999.0 -9999.0 -9999.0 0.693931528863 16.5364594251 20.2852089353 1.18015143167 13.3463580866 1.18238738167 1.15707930663 2.27505663817 5.79838019831 1.12499703252 1.15383371957 1.06182342618 9.86471153921 10.8818242451 15.9828193392 17.8505996727 18.8519442634 19.7101004579 20.8450514957 324.591558569 359.549871992 393.468485205 393.989013316 0.693901191673 0.811310889596 13.6937333133 12.8442648389 0.844293465251 0.836197722276 11.3034424286 16.9233697933 0.753329690329 8.96194276974 8.18366820653 2.52709988304 1.09508942174 1.76331046716 0.579800909975 36.8340189055 0.471685195878 1.65138960574 2.0363544514 19.9852629883 21.8085554873
-9999.0 -9999.0 -9999.0 -9999.0 -9999.0 -9999.0 -9999.0 -9999.0 -9999.0 -9999.0 -9999.0 1.32505993103 2.55116663839 21.4972668719 23.7868041317 1.15587496558 15.3084552299 1.07235445984 3.27814771883 6.8709468668 2.20044862949 1.07401117682 2.17177642695 0.988014764516 1.92702660756 0.953993870205 0.932655851238 0.92171081959 0.901570600297 0.893657787068 0.872846615172 0.993505757569 0.986813222911 0.929452386844 396.218820691 16.0554220181 14.7555051775 0.517770823116 2.43207191607 0.687614149636 0.589744049758 17.6967304343 28.9933822528 9.77018222036 6.9380007365 1.47758434385 0.61020887152 0.565441847825 1.05738015202 38.3712705852 39.2300849893 0.448092346936 0.450259503506 0.532389357304 0.633275513587
-9999.0 -9999.0 -9999.0 -9999.0 -9999.0 -9999.0 -9999.0 -9999.0 -9999.0 -9999.0 -9999.0 -9999.0 1.21822896628 15.5590408459 40.5157306913 44.0234215511 60.3608690867 61.1299689692 15.2532158748 11.24545884 3.29292070687 1.06725949462 4.27258983677 5.29281499195 8.17938519661 1.93233143173 1.87324123267 1.87021676285 3.69134843006 1.80523141818 1.76189957284 0.893796748534 0.861059760769 0.827726064265 396.966797229 413.606304667 414.127588243 0.494549487435 6.36980537881 2.89977308053 0.818042987978 31.4293081288 1.67522488862 0.855330981482 3.57769455386 0.862734733074 0.668715015274 1.20014463357 1.62892940942 2.08364175615 39.9650494918 0.350136060113 0.302931853212 0.306734061353 0.278553804214
-9999.0 -9999.0 -9999.0 -9999.0 -9999.0 -9999.0 -9999.0 -9999.0 -9999.0 -9999.0 -9999.0 1.28308657964 11.8329894186 14.3569846077 2.37314318833 0.767088050594 1.76613069234 63.9995960404 64.8460498757 80.8349329037 1.00043898971 2.06144725784 0.950683620077 0.965322060533 9.12087993979 11.9937470528 14.7684179013 0.897024502822 4.58062795766 7.26085549645 4.33554915286 1.73769403688 1.66894840653 1.64353717262 1.46948084625 0.657285278363 414.559272653 414.913526403 422.06177855 1.41729728115 0.744830053409 31.8826561715 1.76959475589 0.89956616192 0.931779105536 0.923167215641 0.854201474164 1.5560999135 4.32676149307 6.90298360155 47.2320138381 0.272010623762 0.805145432968 0.544076920386 0.489415066369
-9999.0 -9999.0 -9999.0 -9999.0 -9999.0 -9999.0 -9999.0 -9999.0 -9999.0 -9999.0 -9999.0 1.30643593474 8.06399909799 1.27997461427 1.17770030086 5.97099555435 7.05485434226 8.16429370275 9.23004164177 109.562093244 110.475461375 112.39673281 126.597984996 129.539825951 131.345565516 132.301976589 149.534807969 152.082307599 152.958766442 161.158208519 166.387576043 167.233109857 170.587014172 2.4435487549 2.26800772695 0.679063225916 0.485902709839 415.344784203 424.398316126 1.99025070871 36.3406496962 35.7014835254 3.40408792122 0.838089369283 0.847805865194 0.831134723874 0.804395697533 1.61103460517 2.28232085325 0.617123096141 47.5732758077 47.9323862172 49.5828477703 49.872373419 50.6246019567
-9999.0 -9999.0 -9999.0 -9999.0 -9999.0 -9999.0 -9999.0 -9999.0 -9999.0 -9999.0 -9999.0 4.10648131752 5.43647886044 2.5775504733 3.80963446046 1.22090363246 13.9469476725 15.0902428826 17.3456110871 18.4335908804 7.6896655574 121.663414822 122.615643119 1.00089363408 0.854122487293 0.868760629111 1.7609875891 0.914572926719 0.860317746297 0.855298570867 0.823537388268 168.121445283 171.443134477 174.582613348 177.475685591 179.527792604 0.897513348274 0.305551434827 462.145772023 37.4126073754 37.0004012365 0.755167576801 0.697828981533 0.654449235936 1.52365209895 1.50522592174 0.713790358282 0.716347775758 0.655826232205 1.26694296175 1.64371071356 0.25576366475 0.472428114951 0.213725351662 0.220332758446
-9999.0 -9999.0 -9999.0 -9999.0 -9999.0 -9999.0 -9999.0 -9999.0 -9999.0 -9999.0 -9999.0 -9999.0 2.77501515077 1.31056722159 1.24340963849 11.6708381832 12.8357436769 1.16505543466 4.61639391727 5.70553397399 6.77306487588 1.11458551895 0.932867974451 19.278952915 20.0882848133 20.9017113716 52.8325777292 53.6050978786 55.2033596981 60.9881643899 65.4398404267 66.207159304 0.788308758606 0.806781615658 0.698030252132 180.120523773 0.308715269154 468.509103322 468.033682416 5.53966604881 5.0237529961 2.91651689287 0.7407179312 1.30369807296 2.18092154542 2.16257059051 1.39373123973 0.694715422232 1.34407769908 1.31683738511 2.23340015528 0.466910646153 0.917241276913 1.45869220901 1.9195852569
