data/baseflow/History/mHMbfrc569
ncols                  80
nrows                 72
xllcorner      4374000.0
yllcorner      5656000.0
cellsize            500
NODATA_value       -9999
[rows 24 to 47 of 72, columns 0 to 54 of 80]
-9999.0 -9999.0 -9999.0 -9999.0 -9999.0 -9999.0 -9999.0 -9999.0 -9999.0 -9999.0 -9999.0 -9999.0 1.36995508697 3.92865259046 5.17315045184 8.91871781326 1.1647449635 2.34262439672 3.44838523646 12.970765027 13.8734833497 14.5204198157 15.4430976794 16.4536511595 25.6453838008 28.5424536545 30.0233661453 0.554144361131 3.4897260434 3.97145267303 57.1538751498 59.2245663229 60.0687447091 60.9169482835 61.795062289 231.626419695 0.598903303929 485.855492858 1.03844369942 0.428647643932 4.29007560506 3.74510794426 0.562260052051 2.17274897105 3.11997028757 3.09266565849 2.16123605875 3.54148211133 5.58745075679 2.05894522896 5.30857470947 0.458031973708 0.637518008992 0.167670109718 0.130606554273
-9999.0 -9999.0 -9999.0 -9999.0 -9999.0 -9999.0 -9999.0 -9999.0 -9999.0 -9999.0 -9999.0 -9999.0 1.32705745744 2.63453138625 1.22837651954 2.4800673686 1.14263343847 8.5158839856 10.761141709 11.8885715788 1.05310070997 2.00237065217 19.3122614439 23.9251339125 24.7334642568 1.94146339602 1.83807781601 2.60883046897 0.444044201428 0.419142067319 0.800307963679 0.428855714388 28.9200130893 29.4112998382 29.9989650141 232.181357495 489.843778405 486.366520693 0.696141977497 0.290563291357 0.265650222628 1.16140128569 0.893727602769 2.59868505562 3.69917809617 7.46244434969 0.66977431109 0.667913657249 6.15482744457 6.7338344257 13.0973213932 13.4942039277 14.3064183694 14.6231880665 0.293280552181
-9999.0 -9999.0 -9999.0 -9999.0 -9999.0 -9999.0 -9999.0 -9999.0 -9999.0 -9999.0 -9999.0 -9999.0 -9999.0 1.28115117424 2.54172219624 3.80057706866 6.15078250161 1.22842868682 1.14537532959 7.82200764069 8.8856337713 17.5542558373 18.5726904414 2.90008006699 1.02913527063 0.991968339899 0.908634330966 26.1313068418 26.7386257636 27.2272116958 27.6254323585 28.469783609 5.03345396703 5.57317099026 36.1619007964 758.444111202 2.82774950395 2.34189382396 1.0741168799 0.289525679082 0.241314265015 1.69443333874 1.90055578061 3.08769893036 0.246080174036 7.78354099677 1.09970059173 1.07712992705 0.232900102101 0.167921343895 0.14915968698 0.177611671076 0.148027995975 14.7709590569 185.048890599
-9999.0 -9999.0 -9999.0 -9999.0 -9999.0 -9999.0 -9999.0 -9999.0 -9999.0 -9999.0 -9999.0 -9999.0 -9999.0 -9999.0 1.24821198883 2.36677340565 3.37027972605 4.39657979405 5.53714044034 6.69915580619 3.38966004553 5.60006939485 1.0221464565 1.01163994534 21.4177245049 23.3819661072 24.3158709698 25.3179056076 0.77228704803 1.40179081748 3.55524625177 4.04586752027 4.53432515139 0.589344712578 0.495788300099 759.830792491 0.496666856659 0.778913866121 0.413577094597 1.17511789287 0.542213357419 0.354165883354 5.29414842276 5.57112344751 0.216623525922 8.02583056088 9.33719878089 1.29321630311 192.518709615 192.095824052 191.741582563 190.981034553 190.634633333 185.903977873 185.659511379
-9999.0 -9999.0 -9999.0 -9999.0 -9999.0 -9999.0 -9999.0 -9999.0 -9999.0 -9999.0 -9999.0 -9999.0 -9999.0 -9999.0 0.238990334038 0.5520999196 0.996674953912 8.64589318041 9.81963305853 1.17721458672 1.13374440973 1.10649130748 17.3163916731 19.4408742887 1.0233090998 1.023725411 0.906083076602 3.63005645317 4.50523816114 2.31671743136 2.87406676308 20.4879677483 21.1451321605 22.3957441109 35.404737484 795.54203072 0.513026387089 0.361797331478 1.80012793752 1.47534494049 0.254812672915 0.885953586191 1.15511907232 5.87225314852 6.12870902067 16.0288297553 9.46043040644 1.42622137403 197.352456832 2.31007957468 191.410998787 191.206541883 4.43750754868 0.18146255136 0.413483550036
-9999.0 -9999.0 -9999.0 -9999.0 -9999.0 -9999.0 -9999.0 -9999.0 -9999.0 -9999.0 -9999.0 -9999.0 -9999.0 -9999.0 1.24014854558 2.02715330786 4.29343749781 7.47487475288 10.7187965265 12.9781572149 14.0926351969 15.2154529363 16.2947550058 1.05802927662 0.983465332339 1.92912063974 1.82718078812 0.920631433747 17.7607217224 18.6204138501 19.4269087581 20.1855637707 11.2028292147 11.7730785747 12.4837465366 795.803057906 0.845975555264 1.02360936081 3.01068619488 0.277354575268 0.537791357491 0.277316265388 0.250736619746 1.40686419263 0.209924332057 0.2241645154 214.648720954 198.438906902 198.207238878 0.925844280269 2.11169035532 1.35904779797 0.312890830767 4.04011960622 1.11901859552
-9999.0 -9999.0 -9999.0 -9999.0 -9999.0 -9999.0 -9999.0 -9999.0 -9999.0 -9999.0 -9999.0 -9999.0 -9999.0 -9999.0 0.865554262521 0.79804897551 1.55489129358 2.38551050303 1.12963944291 1.15906097136 2.30582485838 3.437167543 5.56328596144 6.62602635209 7.61778175912 10.558131093 11.4762304537 12.422192395 0.844364881895 8.76340494673 9.50941227589 10.1394476252 0.468348170941 0.209001279894 0.411379479421 808.149126966 808.401020975 809.776537353 3.77349831282 0.557062906729 0.97094523543 0.318612437989 0.448911674249 1.61420950225 2.00624428128 0.408961357638 215.685710588 0.339140103042 0.528870280827 0.582163206566 0.442435511004 0.786938505433 0.324762188791 2.64617240158 2.0119440832
-9999.0 -9999.0 -9999.0 -9999.0 -9999.0 -9999.0 -9999.0 -9999.0 -9999.0 -9999.0 -9999.0 -9999.0 -9999.0 -9999.0 -9999.0 0.751602230714 1.49196700208 0.757106810305 1.56614405155 9.86511367179 10.9396706762 12.0639087512 1.07313145469 1.06455510717 2.05832720242 3.05006818517 4.87495447566 5.78182046234 6.25517164413 7.06963386127 0.726606199234 0.635710094199 10.9539220087 11.1588699563 11.4077786186 11.6658298834 9.52456837003 820.374474409 825.83428896 826.07224263 827.256160056 828.44625576 829.160955402 0.219808664102 2.19502516715 215.905494261 0.56272114809 0.288809880715 0.285444380559 0.24883210928 0.430463679144 0.406248967723 0.231896246642 0.335608854777 0.310273855829
-9999.0 -9999.0 -9999.0 -9999.0 -9999.0 -9999.0 -9999.0 -9999.0 -9999.0 -9999.0 -9999.0 -9999.0 -9999.0 -9999.0 -9999.0 -9999.0 2.2179399523 3.04062218483 5.46245400511 7.38732734973 1.05940081793 14.2787568658 15.3418673216 16.3924214152 1.02194990554 2.01839491373 0.918836810641 6.73946480612 7.18531376116 7.89934465465 8.64098845633 10.4294619134 10.6213096085 0.135738367925 8.52003921565 9.02999045349 9.27901788804 10.3356383954 1.42959836531 0.937770829306 0.597693897569 0.558561646823 829.984004782 830.3733558 834.100320029 216.136817284 1.46467109373 0.698760653527 0.468326727933 0.148062834132 1.28687840154 0.671714838768 0.213586258614 1.15171562836 0.96963411204
-9999.0 -9999.0 -9999.0 -9999.0 -9999.0 -9999.0 -9999.0 -9999.0 -9999.0 -9999.0 -9999.0 -9999.0 -9999.0 -9999.0 -9999.0 -9999.0 0.824601193 3.84466286255 4.69920206132 1.12630890296 1.13331970114 2.25487429605 3.29994023468 20.746022521 1.01374119218 4.06703583868 5.00401243453 5.92151942661 0.47150054918 1.1423290609 1.49704391402 6.97469683793 7.66687728238 7.8794464194 0.252665524275 0.251077965671 0.303521116366 0.555549518523 0.242790293694 0.260781456689 0.47800253117 0.37992287336 0.409520425187 1.26648974075 834.499346621 1051.62255751 1.93723875017 0.299802520328 0.171797598781 3.9996915975 3.67542619662 2.1660781181 1.94064867254 1.44759594872 0.333143495473
-9999.0 -9999.0 -9999.0 -9999.0 -9999.0 -9999.0 -9999.0 -9999.0 -9999.0 -9999.0 -9999.0 -9999.0 -9999.0 -9999.0 -9999.0 0.673068507124 2.26158681931 0.759194615163 1.23749164313 1.23583440191 2.39206194763 3.52350631672 4.55649402219 26.1276803035 27.1205979971 1.01367573256 1.96028200857 2.91083147939 3.54196083691 4.2442388656 6.16667293982 6.72296060827 0.403320598407 0.402597686239 0.32685199695 0.412236601637 0.51514505218 0.494172116963 0.44841116875 0.499374501681 1.7796405855 0.769282239026 0.344424101559 0.331032187312 0.339598324518 0.642282148348 1063.28004237 9.46431367211 4.76334357972 0.34858746219 0.148544595211 0.140536767501 0.518030013545 0.36721172765 0.189619667496
-9999.0 -9999.0 -9999.0 -9999.0 -9999.0 -9999.0 -9999.0 -9999.0 -9999.0 -9999.0 -9999.0 -9999.0 -9999.0 -9999.0 0.697211882443 1.36686643114 5.06404891244 0.749167696065 2.34269071984 3.56421975536 4.72177415463 1.16671864104 2.2265160706 3.2001205458 31.1070527703 0.978030827403 1.88962057654 2.80329945214 0.825794667488 1.63110526062 2.03248218937 2.57524479983 60.5260927241 61.4177468837 62.2603284378 66.2084822244 67.5054031838 70.5219894197 1.06451499145 2.16380570436 2.27692623346 80.3775217447 81.0498398412 0.309905558736 0.569669890483 0.819390316559 1063.52478376 8.95973330691 3.65201136078 3.47316018261 3.06287270949 2.81539403424 0.689946092004 0.162848010392 0.324402551752
-9999.0 -9999.0 -9999.0 -9999.0 -9999.0 -9999.0 -9999.0 -9999.0 -9999.0 -9999.0 -9999.0 -9999.0 -9999.0 -9999.0 0.708508757985 2.15425419308 7.92934288544 11.7057398248 0.678747496019 15.5686141804 21.1018829676 1.12523584021 2.17979668923 3.19652961852 40.2166858276 41.0736913829 0.882385764123 4.57248806644 5.37473117986 6.03957275099 55.129414056 56.5822688244 57.518044783 0.462072703983 2.71925208209 3.24500748706 1.46973723041 2.1364573051 73.5247886831 76.6586221006 77.2189740907 77.7539855791 81.7333858185 0.333893741571 0.296471282834 1.36044161175 1063.82787273 0.355005064069 0.0651560410398 0.263217928439 0.116255197813 2.54299777214 2.19411756462 1.28167287281 0.928574815762
-9999.0 -9999.0 -9999.0 -9999.0 -9999.0 -9999.0 -9999.0 -9999.0 -9999.0 -9999.0 -9999.0 -9999.0 -9999.0 -9999.0 -9999.0 -9999.0 1.52800460833 3.08950643744 13.9500261895 14.7648908104 21.8176147641 22.6370147019 1.09617249986 2.18900932862 5.23317653265 41.8312269894 43.6365152937 44.419646885 0.647345366131 47.1355203962 48.6080969615 0.95401866603 0.462417349402 0.917301234526 1.78449673368 0.425144154811 0.870763343962 1.99344047986 2.5162579948 0.469721442699 0.336605195805 0.679552009109 84.161099364 84.9783877475 85.2392267631 87.2496425064 1064.10603596 0.241027767435 0.043791376094 0.0827061425241 0.0814905827731 0.0839175003852 0.0740097005672 0.136699766209 0.116474257058
-9999.0 -9999.0 -9999.0 -9999.0 -9999.0 -9999.0 -9999.0 -9999.0 -9999.0 -9999.0 -9999.0 -9999.0 -9999.0 -9999.0 -9999.0 -9999.0 0.80467925939 0.789116091693 0.792226248032 1.67321379904 0.74375912255 24.1058452723 24.8574274926 1.03852010493 2.06597137945 1.05155005389 0.897419794012 0.880213838004 45.9368678153 0.476663663136 0.948242147206 0.538961992747 0.496090566751 0.443475640325 0.36255638149 0.374265848437 1.13628434662 1.54658388568 0.316352845523 0.283855694003 0.60540190159 0.987737751606 1.24960631927 0.351574635074 85.6008881056 87.5250299736 1064.30914096 0.613107236342 0.211672818349 0.0498749137505 0.120062961987 0.039791089498 0.0293744190702 0.170059272578 0.604581417769
-9999.0 -9999.0 -9999.0 -9999.0 -9999.0 -9999.0 -9999.0 -9999.0 -9999.0 -9999.0 -9999.0 -9999.0 -9999.0 -9999.0 -9999.0 -9999.0 -9999.0 -9999.0 0.780232191144 2.39923608224 3.06073279538 3.77640470706 25.5477648671 26.2283103404 26.9443503705 27.8536633145 28.7187645702 30.4852162967 30.9722617979 31.4158758852 31.8592688449 0.456437737799 0.431660721393 0.443995587634 1.56892682557 0.406607890063 0.390109653486 0.323103956108 0.943347923977 0.358615962296 0.290340497591 0.272130381267 0.231593594928 0.462318298101 0.670501085508 88.9338036118 1154.08714646 0.154281379389 0.356820954913 0.0401879857482 0.148928892618 0.0682203482926 0.0592155160363 1.25492435444 0.992395346092
-9999.0 -9999.0 -9999.0 -9999.0 -9999.0 -9999.0 -9999.0 -9999.0 -9999.0 -9999.0 -9999.0 -9999.0 -9999.0 -9999.0 -9999.0 -9999.0 -9999.0 -9999.0 -9999.0 0.662637019977 5.19268417369 10.4020587017 11.1756727207 1.0445688309 2.08728147404 3.12217982837 4.04630138245 9.88132198272 10.3718634355 0.476421912872 0.463484635054 32.84551938 33.7356064338 34.1365491407 1.8919525366 0.300366901212 0.72165122486 1.05890093524 3.13464001541 3.8208867539 4.38332410619 0.521721950479 0.734885445407 0.249581345908 0.497260612287 0.251798830667 1154.5930925 0.154635593901 0.642612293528 0.235710941446 0.526556288408 1.38678503659 1.52115849202 2.85029109489 1.16296651008
-9999.0 -9999.0 -9999.0 -9999.0 -9999.0 -9999.0 -9999.0 -9999.0 -9999.0 -9999.0 -9999.0 -9999.0 -9999.0 -9999.0 -9999.0 -9999.0 -9999.0 -9999.0 0.729995239506 2.31469891603 4.54128067084 5.94232978012 15.4874490825 16.3882293886 2.12551863594 3.16397600955 4.08635079454 5.00458328557 10.8621269781 11.8293361131 20.7263825923 21.3875580434 21.8468892278 34.5429641727 37.5008868817 0.708675890266 0.44603937641 0.430560171699 0.829900026692 0.379179795648 5.103069185 5.37470188998 0.986959670525 1.26228378205 0.330817022875 243.445259149 244.016210947 1398.96898311 1399.86328474 0.147228992934 0.828124781736 0.365682827158 0.293814360499 3.43874166148 4.76744563622
-9999.0 -9999.0 -9999.0 -9999.0 -9999.0 -9999.0 -9999.0 -9999.0 -9999.0 -9999.0 -9999.0 -9999.0 -9999.0 -9999.0 -9999.0 -9999.0 -9999.0 -9999.0 -9999.0 0.824108405718 0.803697046289 1.52995372426 3.64524382944 17.0741639147 1.08241868681 1.07159289925 2.01396076263 2.94620230531 7.06828890681 7.66325449276 0.396212951135 0.43931176063 22.3760146377 22.8257274093 60.7495504156 61.1401742965 0.281020154143 0.252943733301 0.217385493857 0.219322625932 0.229937183788 238.412723415 240.054402855 241.559057514 242.135236044 243.16691309 0.287756669626 1.08677580618 1.37389260419 1401.75462492 1401.90956872 1402.05247659 1402.3233377 1402.55577651 5.12076730147
-9999.0 -9999.0 -9999.0 -9999.0 -9999.0 -9999.0 -9999.0 -9999.0 -9999.0 -9999.0 -9999.0 -9999.0 -9999.0 -9999.0 -9999.0 -9999.0 -9999.0 -9999.0 -9999.0 -9999.0 0.745410725 0.775899655933 1.44745424095 19.9120493993 20.6968282541 1.0602938876 1.99638401845 2.94067377073 3.57947806126 0.557410957553 1.119869838 48.5707494916 49.0387481789 49.4504964441 52.6387077037 114.142199769 227.913828392 228.550779494 229.138386325 229.703896316 232.027554872 232.759304907 1.39554687736 0.642783731416 0.363664664881 0.691521176432 0.546186497883 0.851107697587 0.264327732133 6.25564700578 6.95108655051 7.44919692049 7.59154783731 1402.72928718 1408.1505957
-9999.0 -9999.0 -9999.0 -9999.0 -9999.0 -9999.0 -9999.0 -9999.0 -9999.0 -9999.0 -9999.0 -9999.0 -9999.0 -9999.0 -9999.0 -9999.0 -9999.0 -9999.0 -9999.0 -9999.0 -9999.0 0.761574219535 1.46283745195 2.16676061281 21.2916158043 0.894823800494 29.5588158425 30.5411428769 31.1188634741 31.7070536101 46.2764808031 46.8876519944 0.490995278357 2.38855075021 2.87787485555 0.486075286205 113.128898007 112.242353825 0.305723779087 0.679187589409 1.811931923 0.393295614713 0.414870114101 0.332367165097 0.291704287589 0.236044416837 0.267471574987 5.365056812 5.63672537796 5.96170281193 0.443143717099 0.309723871473 7.75694477151 7.94654644721 8.0531684699
-9999.0 -9999.0 -9999.0 -9999.0 -9999.0 -9999.0 -9999.0 -9999.0 -9999.0 -9999.0 -9999.0 -9999.0 -9999.0 -9999.0 -9999.0 -9999.0 -9999.0 -9999.0 -9999.0 -9999.0 -9999.0 0.700786461119 0.659743101825 3.4170896705 26.1257574318 27.7265384506 28.6214425212 1.00944852454 13.3136208693 13.8258094315 14.060050703 0.560046130981 1.10966854023 1.5971603788 26.429579131 26.8156973426 27.1589603582 111.593322702 67.3314299178 0.368114960364 0.383343101576 0.371434037116 0.311836886661 3.23917373365 3.88331565202 4.45891645275 4.77369543747 5.07894095097 32.1651886003 32.4178283649 32.6814031678 33.2680396279 36.2980256042 36.4408381702 44.6424112834
-9999.0 -9999.0 -9999.0 -9999.0 -9999.0 -9999.0 -9999.0 -9999.0 -9999.0 -9999.0 -9999.0 -9999.0 -9999.0 -9999.0 -9999.0 -9999.0 -9999.0 -9999.0 -9999.0 -9999.0 -9999.0 -9999.0 1.37543064215 2.09895636032 0.794666545383 1.09226906586 9.76043206829 10.8128050301 11.6041402057 5.51186554811 6.01679033054 6.57208932219 7.09315710167 25.5731310885 26.0710979433 15.9219240728 43.5078980877 43.9140484328 67.0121966311 0.797996036805 0.403662014995 0.310596613517 2.24031955028 2.62228833351 0.259738830106 0.244435542732 31.070308226 31.6554764039 31.945538664 0.284979105485 0.417281695622 35.7638814075 0.292394186845 1.2089182915 1.32839653332
-9999.0 -9999.0 -9999.0 -9999.0 -9999.0 -9999.0 -9999.0 -9999.0 -9999.0 -9999.0 -9999.0 -9999.0 -9999.0 -9999.0 -9999.0 -9999.0 -9999.0 -9999.0 -9999.0 -9999.0 -9999.0 -9999.0 0.690506905622 1.3686357318 5.84906843696 6.66513522669 7.65661073527 4.13625603657 4.99956891992 0.531002453837 16.9990234108 17.490287504 17.9852478203 0.496838028797 14.980201821 15.4898751744 0.412989784026 64.956005255 0.865098603391 0.428772232416 1.20013994175 1.6048946855 0.330571016079 0.280798870002 28.1146566901 30.5295192024 30.869212404 0.342056727239 0.806290726036 1.01310736186 1.23806028248 2.30645786299 0.443888391645 0.996726623831 0.184893219967
