data/baseflow/History/mHMbfrc460
ncols                  80
nrows                 72
xllcorner      4374000.0
yllcorner      5656000.0
cellsize            500
NODATA_value       -9999
[rows 24 to 47 of 72, columns 0 to 53 of 80]
-9999.0 -9999.0 -9999.0 -9999.0 -9999.0 -9999.0 -9999.0 -9999.0 -9999.0 -9999.0 -9999.0 -9999.0 1.13992442483 3.24043663275 4.25670678773 7.34761842308 0.967583633934 1.94922412806 2.88214758878 10.8261669988 11.5367678034 11.9858714083 12.6946311687 13.500973669 21.2490709137 23.5991112092 24.7614985958 0.398381891782 2.77190310216 3.10138907981 46.4082026281 47.8832369139 48.4337810431 48.9832381437 49.5914236347 188.678941453 0.3321344075 405.911722715 0.651928709281 0.266743983966 3.45523973295 3.04780993062 0.441774738539 1.84042651282 2.66055939013 2.6398173243 1.78469843023 2.89946868775 4.55644294521 1.65969203399 4.28580657756 0.374899018586 0.49411675544 0.0931807069753
-9999.0 -9999.0 -9999.0 -9999.0 -9999.0 -9999.0 -9999.0 -9999.0 -9999.0 -9999.0 -9999.0 -9999.0 1.08403686159 2.16356499534 1.02275829923 2.05080890965 0.957933365041 7.0913133055 8.97277986627 9.923606943 0.873680165877 1.62881176813 16.1356055819 19.8365038279 20.5185885113 1.5610716704 1.54752848216 2.16615006859 0.305251315978 0.288868999706 0.548116337812 0.317512402449 24.1311017229 24.5073487698 24.8571565235 189.14318082 408.744984142 406.213818664 0.408959960346 0.177719538571 0.163250128473 0.836876255293 0.668783504967 2.14543427581 3.11877344838 6.30649403552 0.541064492669 0.541100447909 5.00729562244 5.46143877468 10.615050893 10.8913842462 11.476548932 11.6485384647
-9999.0 -9999.0 -9999.0 -9999.0 -9999.0 -9999.0 -9999.0 -9999.0 -9999.0 -9999.0 -9999.0 -9999.0 -9999.0 1.06153357763 2.11123881237 3.1591837138 5.11992239155 1.02442324405 0.966133352934 6.65896071487 7.54857136108 14.7885937348 15.6006113374 2.30623974887 0.81872512758 0.782276743197 0.737330658991 22.1176637907 22.5715354127 22.9103070955 23.1734458543 23.77742286 3.84193538457 4.23387222263 29.4908063927 627.620441804 1.91447127806 1.4609783787 0.650898599021 0.186324205355 0.146339099253 1.14556597925 1.25316242979 2.43436622697 0.150585871959 6.52908474428 0.872489542592 0.854846033615 0.148668351287 0.0947706238085 0.0767816048071 0.105245147833 0.0753102118661 11.7245302606
-9999.0 -9999.0 -9999.0 -9999.0 -9999.0 -9999.0 -9999.0 -9999.0 -9999.0 -9999.0 -9999.0 -9999.0 -9999.0 -9999.0 1.02106842942 1.99762844307 2.87387030903 3.77045059367 4.73380676474 5.71426587957 2.87790138343 4.72891084301 0.816406301191 0.797982114281 18.3315454914 19.9310974044 20.7045632997 21.4876102367 0.613447496653 1.09007956555 2.75899569357 3.10952243424 3.44883808835 0.450200012509 0.326223406571 628.750661805 0.455871913793 0.521006674813 0.27354067197 0.807242230417 0.357553306658 0.212853809009 3.8651796645 4.03610401036 0.127963748194 6.6734384022 7.63358575382 0.954232303798 146.057558366 145.828214535 145.642716198 145.249645954 145.041356616 142.717117874
-9999.0 -9999.0 -9999.0 -9999.0 -9999.0 -9999.0 -9999.0 -9999.0 -9999.0 -9999.0 -9999.0 -9999.0 -9999.0 -9999.0 0.212758237883 0.490476742715 0.885569704929 7.59777784168 8.58975923576 0.993468648381 0.96693378888 0.938125156904 15.0316490826 16.7453780569 0.806067733755 0.828368026906 0.697097303561 2.83183288666 3.5251967765 1.80599142696 2.22965348637 16.7023592981 17.1979704714 18.1640479829 28.2872600811 657.308976684 0.462059993767 0.210186685273 1.26197717662 1.04224387377 0.173568660716 0.57385136949 0.751734616857 4.2162356383 4.36222748215 12.3257425712 7.70938050161 1.05247733231 148.947877717 1.20325512538 145.471027859 145.365245873 2.15156293389 0.120082191137
-9999.0 -9999.0 -9999.0 -9999.0 -9999.0 -9999.0 -9999.0 -9999.0 -9999.0 -9999.0 -9999.0 -9999.0 -9999.0 -9999.0 1.09756577789 1.79435111404 3.79991974662 6.58857793244 9.37634972037 11.365927304 12.3206295228 13.278763706 14.1811680163 0.847355939043 0.805843759312 1.57878321496 1.41456959043 0.726455914897 14.5596536777 15.2412967561 15.873313235 16.4659187659 8.81957942963 9.21935244616 9.77874682984 657.544922278 0.767774052042 0.735374596974 2.15331563324 0.225080192917 0.372120061502 0.192984953459 0.168430079278 0.924109418418 0.12537109813 0.128998172186 161.970131723 149.537253117 149.406802491 0.505631496476 1.10953162981 0.710759786636 0.157816588932 1.90270366794
-9999.0 -9999.0 -9999.0 -9999.0 -9999.0 -9999.0 -9999.0 -9999.0 -9999.0 -9999.0 -9999.0 -9999.0 -9999.0 -9999.0 0.762538592072 0.702043608276 1.37071337961 2.09936835866 1.00290096122 1.01708721136 1.9746357973 2.93557629673 4.72531110093 5.61309952808 6.45658778103 8.8970666474 9.63811964418 10.3721893768 0.667575811765 7.07433397965 7.63808160172 8.07786563467 0.299803478601 0.148293901569 0.306488506661 667.532675309 667.760072293 668.999296734 2.80271937891 0.46706556701 0.640467816976 0.16075960699 0.30160041991 1.06409116316 1.30609467231 0.236286506704 162.539621973 0.179865516645 0.283018100545 0.321676679747 0.233101379836 0.413183386409 0.171318641674 1.25940830635
-9999.0 -9999.0 -9999.0 -9999.0 -9999.0 -9999.0 -9999.0 -9999.0 -9999.0 -9999.0 -9999.0 -9999.0 -9999.0 -9999.0 -9999.0 0.662314971523 1.30949608459 0.661390002913 1.3704256295 8.58419745663 9.50987083464 10.4705748969 0.892659453246 0.895367730166 1.73489250399 2.56633562037 4.02142342747 4.72026170245 5.10427506979 5.7432066654 0.558956259353 0.47583469906 8.86419339538 8.99604142686 9.2105327629 9.43987245706 7.6171861881 677.543304239 681.75989238 681.972594313 682.807647087 683.679278272 684.145198908 0.135061949942 1.42720669224 162.66537922 0.31018018913 0.158754728013 0.155806177597 0.137213906412 0.244341306458 0.229682253648 0.128457211647 0.181100294112
-9999.0 -9999.0 -9999.0 -9999.0 -9999.0 -9999.0 -9999.0 -9999.0 -9999.0 -9999.0 -9999.0 -9999.0 -9999.0 -9999.0 -9999.0 -9999.0 1.94109861074 2.64774177594 4.73100080232 6.40285076349 0.925872475311 12.382453086 13.2650161011 14.1478793931 0.859405051213 1.70234064429 0.764741585016 5.65454467455 6.01077685166 6.5799099012 7.16406057684 8.52456880161 8.63725964136 0.090211936768 6.72600588466 7.17726228582 7.39725929168 8.30821885574 1.18347167555 0.76431395298 0.467801025956 0.417671616494 684.667415887 684.874334382 687.245256504 162.800125948 0.808843207357 0.379227936729 0.256926594593 0.0859343643103 0.712963491948 0.366979347537 0.115924408955 0.621358131662
-9999.0 -9999.0 -9999.0 -9999.0 -9999.0 -9999.0 -9999.0 -9999.0 -9999.0 -9999.0 -9999.0 -9999.0 -9999.0 -9999.0 -9999.0 -9999.0 0.699127489588 3.33543049598 4.07180406419 0.982096257648 0.964470926812 1.92045542224 2.80179152124 17.8375643275 0.859064558318 3.43680670933 4.22002079426 4.98618392593 0.383491927365 0.916425944701 1.17406750764 5.50623330712 6.00894285101 6.1911133597 0.221821985841 0.222666123389 0.257177084932 0.465768897596 0.199955408842 0.217204827003 0.364647439779 0.286811325186 0.329000746957 0.785339821765 687.463606161 850.793511186 0.97972556359 0.216058976126 0.0860558113437 2.17831877064 1.99414100046 1.16179106782 1.04042517001 0.775140555912
-9999.0 -9999.0 -9999.0 -9999.0 -9999.0 -9999.0 -9999.0 -9999.0 -9999.0 -9999.0 -9999.0 -9999.0 -9999.0 -9999.0 -9999.0 0.5748146914 1.903971231 0.631436113005 1.0512461206 1.02726944641 1.99533952591 2.93839433125 3.81782125193 22.3577583945 23.1923963593 0.850565378532 1.6349051823 2.42190592549 2.9026403165 3.42305122709 4.85069278305 5.29686645736 0.254099013305 0.296176145557 0.268886513871 0.22923576649 0.350700349115 0.349731581518 0.370713026229 0.417543292836 1.2052956063 0.490585967353 0.182137036066 0.17566132245 0.176470926935 0.335767412839 857.118912452 5.15524851578 2.56751332236 0.18737580279 0.0799181673921 0.083484069769 0.291458710754 0.202853859387
-9999.0 -9999.0 -9999.0 -9999.0 -9999.0 -9999.0 -9999.0 -9999.0 -9999.0 -9999.0 -9999.0 -9999.0 -9999.0 -9999.0 0.617464827624 1.16713255352 4.24856912452 0.5936681635 1.97725173692 2.99372837385 3.96416897608 0.976756942262 1.86687896 2.70504855798 26.5591807504 0.822658765963 1.57746121402 2.32040086264 0.634095375629 1.24860573002 1.49118524703 1.91837047399 48.6228366284 49.2449557667 49.8881998386 52.3716292643 53.2198288682 55.0430332702 0.716756099729 1.54622307912 1.55896854542 61.0235190196 61.3788773538 0.166076029065 0.306386423092 0.4428351245 857.263032142 4.77662583088 1.9913360203 1.90381211326 1.64590304097 1.5060293283 0.38922737407 0.0943836124951
-9999.0 -9999.0 -9999.0 -9999.0 -9999.0 -9999.0 -9999.0 -9999.0 -9999.0 -9999.0 -9999.0 -9999.0 -9999.0 -9999.0 0.620051871135 1.87522688033 6.72783946632 9.81641397714 0.504696847708 12.8445883474 17.4850988977 0.9333965453 1.81214795108 2.67777291774 34.1382591527 34.8538990687 0.661567982645 3.63757084928 4.2346738546 4.7159260483 44.9676327047 45.8408519593 46.4069005625 0.283906242912 1.70348332499 2.04048448863 0.823916346434 1.18771976466 56.692646558 58.7346862902 59.0160088324 59.2818382796 61.7218360323 0.167830980313 0.149533853375 0.722787033263 857.427146026 0.130878506002 0.0619122345995 0.18078185244 0.0689621719015 1.35029893838 1.20126348724 0.696974669838
-9999.0 -9999.0 -9999.0 -9999.0 -9999.0 -9999.0 -9999.0 -9999.0 -9999.0 -9999.0 -9999.0 -9999.0 -9999.0 -9999.0 -9999.0 -9999.0 1.27179403697 2.54526339111 11.5711264604 12.221298414 18.0379777591 18.7139371971 0.9109846432 1.81914152765 4.34821769603 35.4108527272 36.7254391391 37.260277986 0.418728672995 39.0636157946 39.9441419579 0.562430910106 0.283275491271 0.58051098585 1.10840840704 0.257964300125 0.512706168277 1.13618547824 1.40506061603 0.244595454719 0.173114467532 0.345410441294 63.0015603234 63.4598913907 63.5955987399 64.636934955 857.581676049 0.0843531792431 0.041165642804 0.0483416992323 0.0461197815768 0.0476105486272 0.0405478381153 0.0748673401914
-9999.0 -9999.0 -9999.0 -9999.0 -9999.0 -9999.0 -9999.0 -9999.0 -9999.0 -9999.0 -9999.0 -9999.0 -9999.0 -9999.0 -9999.0 -9999.0 0.657873996569 0.639996190697 0.626884244939 1.31313214327 0.558804805271 19.8253551478 20.4384550629 0.866164584202 1.71035259548 0.800711821524 0.62385635845 0.60658677155 38.2666568985 0.270318057614 0.532657062478 0.341095964497 0.325414929636 0.270863810165 0.21100655438 0.218289042803 0.663114778673 0.904467167479 0.176291271624 0.15025028844 0.318652555534 0.520034665583 0.69735605069 0.233227490053 63.7653010457 64.774204411 857.700498704 0.265509666333 0.108431936061 0.0272589452785 0.0669868341757 0.021524175703 0.0163150639307 0.0931085530132
-9999.0 -9999.0 -9999.0 -9999.0 -9999.0 -9999.0 -9999.0 -9999.0 -9999.0 -9999.0 -9999.0 -9999.0 -9999.0 -9999.0 -9999.0 -9999.0 -9999.0 -9999.0 0.626805925875 1.87832842177 2.36264007798 2.8986990261 20.9696021201 21.52394328 22.1041674044 22.8432299245 23.4386341522 24.6475593985 24.9307258923 25.1767360422 25.4457194229 0.301562086415 0.284548701993 0.284656982177 0.941635976492 0.239119599737 0.22816629655 0.187432105545 0.538471297341 0.189790508825 0.152703059355 0.143811517788 0.123680302877 0.246938568763 0.359269554753 65.510284398 923.608338821 0.0716795052411 0.174601496638 0.0211678515922 0.0914620187345 0.0513151568583 0.0328188325042 0.726021483065
-9999.0 -9999.0 -9999.0 -9999.0 -9999.0 -9999.0 -9999.0 -9999.0 -9999.0 -9999.0 -9999.0 -9999.0 -9999.0 -9999.0 -9999.0 -9999.0 -9999.0 -9999.0 -9999.0 0.50003436911 4.05771096021 8.05159643329 8.61240411292 0.879975971045 1.73673496768 2.57901617648 3.24222195351 7.68820623824 8.00382732196 0.307691852031 0.291816580445 26.101400005 26.6531365948 26.9072644688 1.12789616707 0.152759038125 0.364896418362 0.542757269547 1.65707284688 2.02232980798 2.31557100971 0.273626515001 0.385151940379 0.128508555953 0.253662704341 0.128757219641 923.870175248 0.0742352306141 0.309919569652 0.119132354683 0.282169246096 0.631581790923 0.709403452504 1.47801715916
-9999.0 -9999.0 -9999.0 -9999.0 -9999.0 -9999.0 -9999.0 -9999.0 -9999.0 -9999.0 -9999.0 -9999.0 -9999.0 -9999.0 -9999.0 -9999.0 -9999.0 -9999.0 0.57301489845 1.83870380287 3.57407976259 4.64589437243 11.8815596019 12.6256852151 1.7161040174 2.55963417299 3.22861485332 3.88814304477 8.29573790094 8.91216992038 15.2329884604 15.7202923423 16.0504982107 27.138606108 28.7917541165 0.352488135419 0.225329585687 0.213744491533 0.407355328601 0.185936296615 2.67505958781 2.81537382417 0.505212141082 0.664553878248 0.170461234067 168.144261403 168.404193925 1092.44884095 1092.88317398 0.0660403698427 0.417050785518 0.095440644663 0.0948259782221 1.67095574976
-9999.0 -9999.0 -9999.0 -9999.0 -9999.0 -9999.0 -9999.0 -9999.0 -9999.0 -9999.0 -9999.0 -9999.0 -9999.0 -9999.0 -9999.0 -9999.0 -9999.0 -9999.0 -9999.0 0.660609420921 0.636102166254 1.18547315954 2.77927590176 13.1649747549 0.86915923888 0.861136465811 1.55715102059 2.22188124999 5.14659431808 5.51389163115 0.247697600541 0.314727084075 16.3804843995 16.5907782369 45.6138333975 45.834721402 0.132101097331 0.120427070154 0.105809613171 0.106590184944 0.118379013354 165.532404406 166.344244412 167.155747304 167.487744025 167.993588931 0.139363254584 0.522520765104 0.646559946545 1093.78770616 1093.87845341 1093.96369751 1094.11970972 1094.28729132
-9999.0 -9999.0 -9999.0 -9999.0 -9999.0 -9999.0 -9999.0 -9999.0 -9999.0 -9999.0 -9999.0 -9999.0 -9999.0 -9999.0 -9999.0 -9999.0 -9999.0 -9999.0 -9999.0 -9999.0 0.569844325387 0.60352007871 1.10090465829 15.301894883 15.9285480334 0.852277372397 1.54074305291 2.21337536826 2.59786230418 0.326105620849 0.717539513285 36.0157921771 36.2760168228 36.5602725479 38.4759630213 84.5455064775 160.03389114 160.354833807 160.647900565 160.935498094 162.178741248 162.573146221 0.690507111246 0.308817838025 0.176126441362 0.334922676902 0.260335478051 0.407500918145 0.127045188538 3.02465657332 3.33359068883 3.56172298636 3.63565164106 1094.37448751
-9999.0 -9999.0 -9999.0 -9999.0 -9999.0 -9999.0 -9999.0 -9999.0 -9999.0 -9999.0 -9999.0 -9999.0 -9999.0 -9999.0 -9999.0 -9999.0 -9999.0 -9999.0 -9999.0 -9999.0 -9999.0 0.577847343699 1.09711582361 1.62262148097 16.3859396118 0.722132436484 22.6111113093 23.3014669239 23.6352233245 24.0368654995 34.4625983424 34.8915883887 0.254570916754 1.38406405434 1.68636330531 0.246194371595 75.1769102093 74.7135307696 0.162689014637 0.364471915822 0.968250028534 0.210238188878 0.21413976602 0.15645979004 0.136354235311 0.111927137015 0.125040891347 2.62356516238 2.7503733422 2.89721287742 0.196625156041 0.138270797383 3.70102031771 3.79111912182
-9999.0 -9999.0 -9999.0 -9999.0 -9999.0 -9999.0 -9999.0 -9999.0 -9999.0 -9999.0 -9999.0 -9999.0 -9999.0 -9999.0 -9999.0 -9999.0 -9999.0 -9999.0 -9999.0 -9999.0 -9999.0 0.517007047002 0.475673122231 2.48640162353 19.9512123145 21.2272022523 21.9309870212 0.688503486574 9.65742215881 9.93559197359 10.0793016554 0.386729804092 0.689404101644 0.923576174955 17.3549292365 17.5602876825 17.7448607893 74.3721005672 46.3101033444 0.195890184533 0.204884168066 0.197591381827 0.162794175956 1.63238467153 1.93292592707 2.20301387694 2.34886753616 2.4904441056 17.2840175163 17.3903695121 17.5512198044 17.8884969088 19.2022427896 19.2725375818
-9999.0 -9999.0 -9999.0 -9999.0 -9999.0 -9999.0 -9999.0 -9999.0 -9999.0 -9999.0 -9999.0 -9999.0 -9999.0 -9999.0 -9999.0 -9999.0 -9999.0 -9999.0 -9999.0 -9999.0 -9999.0 -9999.0 1.00088309312 1.53475202471 0.600287206315 0.85350130693 7.34729121918 8.05499180689 8.53156503127 3.7649214321 4.01182587091 4.3060671307 4.59236249103 16.9152813818 17.1825663902 9.72375444794 27.6850627438 27.8874303031 46.1495522225 0.405594846605 0.206927526719 0.157179071115 1.12537871519 1.31783912881 0.119951943941 0.11049896106 16.8016157489 17.0585838442 17.1822254605 0.133327751968 0.223205098667 19.0156457666 0.105102218626 0.492885902118
-9999.0 -9999.0 -9999.0 -9999.0 -9999.0 -9999.0 -9999.0 -9999.0 -9999.0 -9999.0 -9999.0 -9999.0 -9999.0 -9999.0 -9999.0 -9999.0 -9999.0 -9999.0 -9999.0 -9999.0 -9999.0 -9999.0 0.498624682166 0.985077465286 4.28102189334 4.92571625221 5.71447323251 2.97272890246 3.50956819748 0.263297080615 11.5957323048 11.826319686 12.0685567425 0.253980550451 9.22250790403 9.49855645582 0.214517629486 45.1094508684 0.446010724555 0.223622004139 0.598363123618 0.805896744896 0.165202181423 0.140774324019 15.4454423242 16.5652294801 16.7125058883 0.152191911668 0.352487058175 0.447681711056 0.526087062585 0.992685165876 0.183929653836 0.401667714496
