data/baseflow/History/mHMbfrc597
ncols                  80
nrows                 72
xllcorner      4374000.0
yllcorner      5656000.0
cellsize            500
NODATA_value       -9999
[rows 24 to 47 of 72, columns 0 to 53 of 80]
-9999.0 -9999.0 -9999.0 -9999.0 -9999.0 -9999.0 -9999.0 -9999.0 -9999.0 -9999.0 -9999.0 -9999.0 0.961802111635 2.54603310965 3.28018320488 5.44465758192 0.551912441312 1.14198611458 1.65478373654 6.80237216333 7.17510140376 7.43101821258 7.73498638895 8.10289551003 11.8747187561 12.8530125065 13.3313602081 0.170403432275 1.03636890584 1.19030206708 24.2603193736 24.6916539126 24.9063730161 25.1305084842 25.2709770244 102.074943671 0.167482934631 199.951161102 0.107477864972 0.0468309699718 1.01195485722 0.906426509817 0.100567842117 0.465306896243 0.724910441835 0.708963843519 0.461891844227 0.752733199706 1.18422969618 0.431994794896 1.0750465445 0.0704297677462 0.086302524821 0.00909639051851
-9999.0 -9999.0 -9999.0 -9999.0 -9999.0 -9999.0 -9999.0 -9999.0 -9999.0 -9999.0 -9999.0 -9999.0 0.868701114914 1.70822435582 0.736460833337 1.47449788647 0.562535706246 4.7749213382 5.79139436492 6.33337544429 0.45233387634 0.846471773782 9.43059030654 11.3224686248 11.6035489549 0.667922471037 0.576699968 0.808892109397 0.117239383216 0.0960224920948 0.171538542627 0.0780682904019 14.993541638 15.0805574764 15.1394676396 102.241033759 200.590667435 199.99189488 0.0641014410034 0.0381201734875 0.0314042086802 0.160176330644 0.138203221876 0.530532136654 0.826928976225 1.67745722102 0.138890525169 0.137130978049 1.28203421068 1.38465200907 2.64275454214 2.6849616455 2.78155890805 2.7984868732
-9999.0 -9999.0 -9999.0 -9999.0 -9999.0 -9999.0 -9999.0 -9999.0 -9999.0 -9999.0 -9999.0 -9999.0 -9999.0 0.749199205498 1.51729318501 2.30849662841 3.55121258051 0.663390496095 0.538875091799 4.26999120531 4.71824625974 8.69250162061 9.16898545286 1.27064027846 0.384396602531 0.316348827148 0.265120444365 14.4102224354 14.5491935759 14.6726699758 14.7573796005 14.9158319609 1.31419695667 1.38028018067 16.5760812711 319.482844691 0.393687408757 0.279760944098 0.115603099833 0.0351019476508 0.0239581543104 0.217738804095 0.231645566233 0.566707648464 0.0177827522306 1.70680399277 0.197438874803 0.190277864825 0.0160827725507 0.00894356563617 0.00773806245721 0.0151520870258 0.00821745855525 2.80717927404
-9999.0 -9999.0 -9999.0 -9999.0 -9999.0 -9999.0 -9999.0 -9999.0 -9999.0 -9999.0 -9999.0 -9999.0 -9999.0 -9999.0 0.71904868433 1.42686849523 2.04573730157 2.65626489775 3.1979860165 3.77359052715 1.56813937514 2.6349077708 0.452184207235 0.416253678113 12.7671975025 13.5240121479 13.8431965722 14.1975079161 0.202595546634 0.338348177884 0.948860811154 1.08551554655 1.20352613211 0.0947565199401 0.0702068663859 319.78889449 0.106668118863 0.124178760346 0.0664256245466 0.156808203846 0.0668220339774 0.0445109586828 0.831614964754 0.873783841286 0.0187584151562 1.73244836664 1.94156873499 0.205767412504 38.8678240489 38.8401031717 38.8196589991 38.7631380811 38.7326046343 38.2977960875
-9999.0 -9999.0 -9999.0 -9999.0 -9999.0 -9999.0 -9999.0 -9999.0 -9999.0 -9999.0 -9999.0 -9999.0 -9999.0 -9999.0 0.202765929095 0.437831976705 0.632661127791 6.57524623973 7.1245870615 0.573125621084 0.527511293138 0.527097808251 11.0450787188 12.0088137492 0.438207610992 0.443168130018 0.28662630418 1.23058287088 1.52196354434 0.637998721969 0.796504820918 7.94750065668 8.11490008879 8.46639370025 12.748403681 332.651390079 0.135599819854 0.0523886108788 0.253157167314 0.200170528178 0.0351024262743 0.11949162615 0.156372941338 0.913380271883 0.945482423067 2.93782100785 1.95116112054 0.21613297015 39.4416336145 0.229055168662 38.8002497603 38.7832999565 0.407198775917 0.0247095252336
-9999.0 -9999.0 -9999.0 -9999.0 -9999.0 -9999.0 -9999.0 -9999.0 -9999.0 -9999.0 -9999.0 -9999.0 -9999.0 -9999.0 1.01361668422 1.66483838547 3.33766998755 5.94008198762 7.72672086976 9.07119876795 9.59037119808 10.1348619768 10.6375573513 0.456384183303 0.363602071453 0.69778569634 0.614644824685 0.328866238754 7.10909019286 7.38644109333 7.63121944389 7.85928686644 3.78160350675 3.90979267793 4.16389491258 332.751563674 0.25969653963 0.218814962895 0.517103144434 0.0430065342607 0.0963142674507 0.0571609630679 0.0332342920544 0.198783195231 0.0236888602472 0.0250233518253 42.5319468729 39.5750014631 39.5477889184 0.112533314837 0.217283151328 0.12907133762 0.0196411121091 0.333382090204
-9999.0 -9999.0 -9999.0 -9999.0 -9999.0 -9999.0 -9999.0 -9999.0 -9999.0 -9999.0 -9999.0 -9999.0 -9999.0 -9999.0 0.707432847857 0.679855611183 1.34242665809 2.00263470836 0.725606084902 0.755957875075 1.31650315199 1.84809956107 2.77713504047 3.23704837225 3.59612040994 4.67537167877 4.98045229612 5.33368023218 0.292059144251 3.13700274523 3.35103988325 3.52899087149 0.115217592232 0.0426578875531 0.0815523136771 336.893420724 336.985614196 337.426417315 0.666255836982 0.103188653997 0.154349597457 0.0422007918835 0.0592197663533 0.2287057493 0.274203429083 0.0446014461912 42.6538636886 0.0436290384473 0.0589406373987 0.0639809510003 0.0526394473925 0.0889294847851 0.0357841809583 0.258740491944
-9999.0 -9999.0 -9999.0 -9999.0 -9999.0 -9999.0 -9999.0 -9999.0 -9999.0 -9999.0 -9999.0 -9999.0 -9999.0 -9999.0 -9999.0 0.655863972015 1.27834796394 0.597334940278 1.2314456263 7.47099428844 7.96569655898 8.44965889094 0.465647239534 0.466384166732 0.823362356217 1.19463507318 1.77749868562 2.08796669276 2.3139207675 2.57547192519 0.192508545508 0.149670727392 3.73018169297 3.80475015798 3.87187231082 3.95739373247 3.212713864 340.993253441 342.123359948 342.170575308 342.358915509 342.541542982 342.625421117 0.0204035231639 0.295277846288 42.6734709012 0.0385776920183 0.0198743457215 0.0351043391951 0.0399211775764 0.0642743077197 0.0454907479805 0.0277680883979 0.0499943025375
-9999.0 -9999.0 -9999.0 -9999.0 -9999.0 -9999.0 -9999.0 -9999.0 -9999.0 -9999.0 -9999.0 -9999.0 -9999.0 -9999.0 -9999.0 -9999.0 1.89259801839 2.49254470775 4.33080995741 5.63817537491 0.654382059938 9.71954541745 10.1676386843 10.5703288056 0.377241461719 0.729035653878 0.287321248624 2.36055978506 2.51901415553 2.78923210485 3.04862765213 3.55291629243 3.66297876805 0.0665421491103 2.85502616593 3.03214750695 3.13310288298 3.47137537124 0.38040546793 0.219785013435 0.105135554483 0.0934445694896 342.743703535 342.777200585 343.226455614 42.6916275971 0.132076248154 0.0784814460537 0.0545885341943 0.0149029109343 0.163037970995 0.0789992913953 0.0239884218713 0.137254132275
-9999.0 -9999.0 -9999.0 -9999.0 -9999.0 -9999.0 -9999.0 -9999.0 -9999.0 -9999.0 -9999.0 -9999.0 -9999.0 -9999.0 -9999.0 -9999.0 0.636104929475 3.12047611405 3.76696495248 0.684241066109 0.527509682815 1.09769004878 1.56726944256 12.5644092702 0.36929889223 1.49653733722 1.80355405209 2.10343920391 0.192234206242 0.415487334332 0.502242819982 2.29532510551 2.50439278249 2.60391704591 0.10003437049 0.0758961740829 0.0809070540115 0.152033581532 0.0596456746553 0.0590092131969 0.0476889146125 0.0518778915254 0.032899291161 0.130756437192 343.265336055 386.042607165 0.20016627501 0.0492608538011 0.0208797782781 0.495787555485 0.462366161263 0.271454139891 0.241913151278 0.176515610812
-9999.0 -9999.0 -9999.0 -9999.0 -9999.0 -9999.0 -9999.0 -9999.0 -9999.0 -9999.0 -9999.0 -9999.0 -9999.0 -9999.0 -9999.0 0.568680037439 1.76538203124 0.568306746936 0.670324478214 0.634662474006 1.18353714611 1.71735403238 2.18570919176 15.2274269981 15.5741673392 0.363223197608 0.672520170559 0.98736883933 1.18432170344 1.39077892266 1.99189025463 2.20279536455 0.0912958802565 0.0858700487603 0.0397673329533 0.0387501119023 0.0715659263072 0.0917026560032 0.0874089680565 0.105641931728 0.234668843229 0.0945528566917 0.0458212292552 0.0453363195717 0.0298215601571 0.0534300451222 388.109986428 1.83341470658 0.666343035786 0.116353504716 0.0611554768765 0.0275166261654 0.0767938575611 0.0457538887715
-9999.0 -9999.0 -9999.0 -9999.0 -9999.0 -9999.0 -9999.0 -9999.0 -9999.0 -9999.0 -9999.0 -9999.0 -9999.0 -9999.0 0.600223878771 1.15649483703 4.03398982577 0.53359825839 1.27121970186 1.86551682605 2.37597114517 0.555831543809 0.985180500705 1.47678114731 17.4746435183 0.32987713188 0.607362495813 0.89496141629 0.25299922162 0.493301284328 0.576535405653 0.744788487197 27.0632052392 27.2466867188 27.3997451042 28.1800386351 28.3237129655 28.7875021694 0.164704082173 0.348677937727 0.282798463077 30.1274843135 30.1997702535 0.0400928180406 0.0583501201625 0.0761274601209 388.148348643 1.76128412949 0.820323210475 0.731048970988 0.612976466215 0.533076552415 0.100683635819 0.0277300149518
-9999.0 -9999.0 -9999.0 -9999.0 -9999.0 -9999.0 -9999.0 -9999.0 -9999.0 -9999.0 -9999.0 -9999.0 -9999.0 -9999.0 0.614362878678 1.85773420636 6.49918390221 9.64201322497 0.475109362763 12.4543531287 15.3355126797 0.492060862202 0.910547822085 1.38850276628 21.4183589247 21.7839509889 0.228120467581 1.35910888283 1.56515445503 1.747050548 25.7163403689 26.038027183 26.2488390088 0.101677277279 0.560031202989 0.663985045841 0.234067003384 0.321734023895 29.2321891603 29.7072429337 29.765912034 29.8190859985 30.2503272908 0.0242505471548 0.0210435682389 0.115504005027 388.195701869 0.172029649953 0.0200512462266 0.0504012560225 0.0190497564537 0.44852049187 0.412945494884 0.255760696023
-9999.0 -9999.0 -9999.0 -9999.0 -9999.0 -9999.0 -9999.0 -9999.0 -9999.0 -9999.0 -9999.0 -9999.0 -9999.0 -9999.0 -9999.0 -9999.0 1.29249943376 2.59309181694 11.3683170724 11.9719601432 15.8618716661 16.3804813645 0.47198991712 0.944791355747 2.13842727332 22.1689773438 22.7098461035 22.8895304993 0.132883596799 23.5304115449 23.8608011838 0.212974157742 0.103971865989 0.190561861418 0.368093674929 0.0885630326363 0.165374000226 0.32922538272 0.399688864558 0.0790913327688 0.0443800258973 0.0834537338111 30.6147207217 30.7170994315 30.7349231447 30.9141332117 388.234403188 0.158554668015 0.0117707175456 0.0106650514706 0.00995868306299 0.0104688109361 0.00810407378633 0.0144013677641
-9999.0 -9999.0 -9999.0 -9999.0 -9999.0 -9999.0 -9999.0 -9999.0 -9999.0 -9999.0 -9999.0 -9999.0 -9999.0 -9999.0 -9999.0 -9999.0 0.674148131675 0.657167218209 0.626929630245 1.18381957895 0.504146668651 17.3925588532 17.8572929907 0.42899875303 0.81950813364 0.358543269049 0.257149390092 0.242811597757 23.2708637266 0.104182513904 0.218968457657 0.124591975411 0.106151054396 0.0895799108261 0.0605828160019 0.064708168396 0.200441941224 0.280261021364 0.0473225466891 0.039443975193 0.0893268617638 0.158491120921 0.205915311842 0.0557018942321 30.7755269267 30.933778044 388.267510995 0.263531328339 0.0230138222773 0.00455018575393 0.0131410322586 0.0033154042394 0.00225765511463 0.0170405976447
-9999.0 -9999.0 -9999.0 -9999.0 -9999.0 -9999.0 -9999.0 -9999.0 -9999.0 -9999.0 -9999.0 -9999.0 -9999.0 -9999.0 -9999.0 -9999.0 -9999.0 -9999.0 0.646005166875 1.76278145135 2.25267799366 2.74911714368 18.3424203889 18.831689284 19.2786833663 19.6928604614 19.9237242392 20.417678957 20.5174620636 20.6083827849 20.6814936281 0.085160259322 0.0755004500164 0.0836660527012 0.280139783152 0.0775406405403 0.0713343953683 0.0485473908729 0.139930892173 0.0602565397696 0.04160725314 0.0373630385543 0.0303117875447 0.0604533115642 0.0880751406598 31.1155790089 419.676170975 0.078894596444 0.11774256671 0.00301831394943 0.0178836145191 0.0123292152966 0.00454933467446 0.319071586818
-9999.0 -9999.0 -9999.0 -9999.0 -9999.0 -9999.0 -9999.0 -9999.0 -9999.0 -9999.0 -9999.0 -9999.0 -9999.0 -9999.0 -9999.0 -9999.0 -9999.0 -9999.0 -9999.0 0.532381665402 4.25405974486 8.14239629764 8.62988356328 0.589725461853 1.01810028166 1.40470736622 1.67819017817 3.69554445136 3.78938575521 0.0906688018293 0.0865218641827 20.8755379577 21.0255041988 21.0922535884 0.325296848022 0.0381789366394 0.1079567126 0.156346393332 0.469540004135 0.581188815834 0.660664919051 0.0703997086566 0.0968605403914 0.0333815951945 0.066865293923 0.0355135128348 419.739979285 0.0564640601068 0.239474803109 0.0393382163969 0.070934497777 0.463773263686 0.49768124102 0.851902676569
-9999.0 -9999.0 -9999.0 -9999.0 -9999.0 -9999.0 -9999.0 -9999.0 -9999.0 -9999.0 -9999.0 -9999.0 -9999.0 -9999.0 -9999.0 -9999.0 -9999.0 -9999.0 0.597845877815 1.91435806682 3.73539870541 4.86833499808 12.0886139281 12.6203495748 0.834242184139 1.22829227949 1.53173164992 1.80188860197 3.88018671459 4.06303128012 6.82291584615 7.00850134906 7.09515440095 21.1573784592 21.6322093401 0.100887353218 0.0758845211486 0.0695041823678 0.130015785099 0.0577854345921 0.773952900468 0.811693655818 0.128292185568 0.170669342592 0.0508478405811 100.488498284 100.56814888 520.350399349 520.667362107 0.0750534343943 0.226797347704 0.208840390336 0.111700678249 1.00860567968
-9999.0 -9999.0 -9999.0 -9999.0 -9999.0 -9999.0 -9999.0 -9999.0 -9999.0 -9999.0 -9999.0 -9999.0 -9999.0 -9999.0 -9999.0 -9999.0 -9999.0 -9999.0 -9999.0 0.687963974055 0.663651646187 1.24601945132 2.94317174017 13.1468566361 0.435321350544 0.426933626374 0.723742234512 1.03604389922 2.35918302878 2.50452106661 0.0980915944905 0.125270362412 7.2056915001 7.27914489264 28.9949495498 29.0601207854 0.0310048334713 0.0262186215148 0.0209740805561 0.0212200121504 0.0254819466917 99.7204896657 99.9783274246 100.182224364 100.274616888 100.448167704 0.0437777542284 0.156565762548 0.180173620167 520.925605095 520.961128875 520.985110782 521.018038935 521.064549815
-9999.0 -9999.0 -9999.0 -9999.0 -9999.0 -9999.0 -9999.0 -9999.0 -9999.0 -9999.0 -9999.0 -9999.0 -9999.0 -9999.0 -9999.0 -9999.0 -9999.0 -9999.0 -9999.0 -9999.0 0.602352589199 0.63352399154 1.16717065067 15.4133987076 15.8855402525 0.411565687104 0.707283530813 1.03138304445 1.21537993256 0.143473293316 0.281199687842 30.1899229803 30.2677721799 30.3638707076 30.992532072 60.107344343 98.1474157698 98.2356209728 98.312787924 98.3857884421 98.7465056751 98.8699012856 0.224948171657 0.0946925565346 0.0626696779063 0.114617871072 0.0775149707531 0.125823816941 0.0388400291624 0.904783313268 1.16200402199 1.3687068896 1.37926221278 521.081239072
-9999.0 -9999.0 -9999.0 -9999.0 -9999.0 -9999.0 -9999.0 -9999.0 -9999.0 -9999.0 -9999.0 -9999.0 -9999.0 -9999.0 -9999.0 -9999.0 -9999.0 -9999.0 -9999.0 -9999.0 -9999.0 0.613641797819 1.17068712094 1.73118179189 16.3374645496 0.391039058243 21.6397387542 21.9738446728 22.1072094765 22.2511375376 29.5955680671 29.7640118609 0.0840697155146 0.483558143294 0.573888147728 0.0913662012004 37.9574258242 37.7948489778 0.0425210400118 0.105889846112 0.295863064975 0.0689045649987 0.0758997542808 0.0481182729675 0.0393050496818 0.0283814326429 0.0359218759875 0.783782751983 0.823468460187 0.875653425169 0.228701874136 0.175400339154 1.46063599893 1.4803195695
-9999.0 -9999.0 -9999.0 -9999.0 -9999.0 -9999.0 -9999.0 -9999.0 -9999.0 -9999.0 -9999.0 -9999.0 -9999.0 -9999.0 -9999.0 -9999.0 -9999.0 -9999.0 -9999.0 -9999.0 -9999.0 0.55566325691 0.517703761767 2.68970996324 20.0471803167 20.9403184177 21.3536580914 0.314526450492 6.99063626289 7.11886239214 7.18332451027 0.149323971152 0.254392751826 0.337801746543 8.84380542297 8.90733581974 8.95931740355 37.7000556966 23.954466689 0.0622310008141 0.0656725493687 0.0610475097601 0.0431101834681 0.478269092743 0.572636801197 0.652425423515 0.699390536183 0.74388903069 6.58795969502 6.62264869289 6.67698630202 6.78140714811 7.14788873515 7.15938781127
-9999.0 -9999.0 -9999.0 -9999.0 -9999.0 -9999.0 -9999.0 -9999.0 -9999.0 -9999.0 -9999.0 -9999.0 -9999.0 -9999.0 -9999.0 -9999.0 -9999.0 -9999.0 -9999.0 -9999.0 -9999.0 -9999.0 1.08443699966 1.65509252677 0.523783841224 0.417303295055 6.01383280092 6.33721259952 6.5206804709 1.84420384787 1.93531322674 2.04419349348 2.13967726253 8.69041722043 8.79538665894 4.58961897719 13.6245721158 13.6922839994 23.9086635112 0.130346339504 0.0660925782516 0.0391258508238 0.334399901117 0.393912904222 0.0310089371648 0.0284064495032 6.43214606058 6.51506461912 6.55853959942 0.0450428860772 0.0718041321051 7.1023761123 0.0209088598567 0.0889876478856
-9999.0 -9999.0 -9999.0 -9999.0 -9999.0 -9999.0 -9999.0 -9999.0 -9999.0 -9999.0 -9999.0 -9999.0 -9999.0 -9999.0 -9999.0 -9999.0 -9999.0 -9999.0 -9999.0 -9999.0 -9999.0 -9999.0 0.543235545356 1.07284848453 4.33428802981 4.8571088769 5.26800058771 1.52185253718 1.74534338726 0.116329794975 6.27338616035 6.36617776567 6.45598615398 0.0950900463816 4.40226546611 4.51399801904 0.0701740501505 23.5591054188 0.156530279908 0.0766262754292 0.185920248316 0.252355391383 0.044399020784 0.0334192635558 6.01041950809 6.35586016319 6.40835674401 0.0513820542362 0.104025170744 0.12914283916 0.1548016106 0.290801925218 0.0329581394732 0.0738778915437
