data/baseflow/History/mHMbfrc300
ncols                  80
nrows                 72
xllcorner      4374000.0
yllcorner      5656000.0
cellsize            500
NODATA_value       -9999
[rows 0 to 23 of 72, columns 0 to 53 of 80]
-9999.0 -9999.0 -9999.0 -9999.0 -9999.0 -9999.0 -9999.0 -9999.0 -9999.0 -9999.0 -9999.0 -9999.0 0.752622863644 0.66482444107 -9999.0 -9999.0 -9999.0 -9999.0 -9999.0 -9999.0 -9999.0 -9999.0 -9999.0 -9999.0 -9999.0 -9999.0 -9999.0 -9999.0 -9999.0 -9999.0 -9999.0 -9999.0 -9999.0 -9999.0 -9999.0 -9999.0 -9999.0 -9999.0 -9999.0 -9999.0 -9999.0 -9999.0 -9999.0 -9999.0 -9999.0 -9999.0 -9999.0 -9999.0 -9999.0 -9999.0 -9999.0 -9999.0 -9999.0 -9999.0
-9999.0 -9999.0 -9999.0 -9999.0 -9999.0 -9999.0 -9999.0 -9999.0 -9999.0 -9999.0 -9999.0 -9999.0 1.52857654749 3.41662684962 0.563201857871 -9999.0 0.482708017781 -9999.0 -9999.0 -9999.0 -9999.0 -9999.0 -9999.0 -9999.0 -9999.0 -9999.0 -9999.0 -9999.0 -9999.0 -9999.0 -9999.0 -9999.0 -9999.0 -9999.0 -9999.0 -9999.0 -9999.0 -9999.0 -9999.0 -9999.0 -9999.0 -9999.0 -9999.0 -9999.0 -9999.0 -9999.0 -9999.0 -9999.0 -9999.0 -9999.0 -9999.0 -9999.0 -9999.0 -9999.0
-9999.0 -9999.0 -9999.0 -9999.0 -9999.0 -9999.0 -9999.0 -9999.0 -9999.0 -9999.0 0.761270336007 0.720803296435 0.75068951523 0.743905654667 4.82352091954 5.38123456006 1.30845558824 0.411036333682 -9999.0 -9999.0 -9999.0 -9999.0 -9999.0 -9999.0 -9999.0 -9999.0 -9999.0 -9999.0 -9999.0 -9999.0 -9999.0 -9999.0 -9999.0 -9999.0 -9999.0 -9999.0 -9999.0 -9999.0 -9999.0 -9999.0 -9999.0 -9999.0 -9999.0 -9999.0 -9999.0 -9999.0 -9999.0 -9999.0 -9999.0 -9999.0 -9999.0 -9999.0 -9999.0 -9999.0
-9999.0 -9999.0 -9999.0 -9999.0 -9999.0 -9999.0 -9999.0 -9999.0 -9999.0 0.719771092545 1.48347424405 2.9479419079 1.44575782747 0.702035804848 1.40584830013 6.04766534727 8.34572154938 0.483502845618 -9999.0 0.734801783688 -9999.0 -9999.0 -9999.0 -9999.0 0.896573452571 0.458061817477 -9999.0 -9999.0 -9999.0 -9999.0 -9999.0 -9999.0 -9999.0 -9999.0 -9999.0 -9999.0 -9999.0 -9999.0 -9999.0 -9999.0 -9999.0 -9999.0 -9999.0 -9999.0 -9999.0 -9999.0 -9999.0 -9999.0 -9999.0 -9999.0 -9999.0 -9999.0 -9999.0 -9999.0
-9999.0 -9999.0 -9999.0 -9999.0 -9999.0 -9999.0 -9999.0 -9999.0 0.845191354508 2.35061911541 3.06682622489 3.78992501831 5.11484437193 0.696835171905 2.7795889067 3.45602014724 12.8841561652 0.564172608595 0.583519342099 1.39671230066 2.0451223124 0.67457356453 -9999.0 2.34924315643 1.93065894033 0.533247172898 -9999.0 -9999.0 -9999.0 -9999.0 -9999.0 -9999.0 -9999.0 -9999.0 -9999.0 -9999.0 -9999.0 -9999.0 -9999.0 -9999.0 -9999.0 -9999.0 -9999.0 -9999.0 -9999.0 -9999.0 -9999.0 -9999.0 -9999.0 -9999.0 -9999.0 -9999.0 -9999.0 -9999.0
-9999.0 -9999.0 -9999.0 -9999.0 -9999.0 -9999.0 0.832209189309 0.743625589277 0.729483562306 0.744965935323 0.764909536635 5.33740368925 11.2056820376 11.9441094292 12.602252337 0.662668873319 14.1494930389 14.7616715855 1.23460246338 0.657274009185 2.68297836929 4.68468528985 0.600392639533 4.13194170783 0.624817821631 0.600114761424 0.637266542573 -9999.0 -9999.0 -9999.0 -9999.0 -9999.0 -9999.0 -9999.0 -9999.0 -9999.0 -9999.0 -9999.0 -9999.0 -9999.0 -9999.0 -9999.0 -9999.0 -9999.0 -9999.0 -9999.0 -9999.0 -9999.0 -9999.0 -9999.0 -9999.0 -9999.0 -9999.0 -9999.0
-9999.0 -9999.0 -9999.0 -9999.0 -9999.0 -9999.0 1.67890796871 2.46960770885 5.58498590039 7.76489656659 0.689469522496 0.728774810501 0.709961561442 2.06050089131 15.3004920994 0.618743117211 15.3909442121 17.8359176324 1.84788992324 1.26835804276 5.30335134029 0.664696600278 4.777295362 1.2092556004 0.591205855771 1.17175906444 1.27835253225 0.671768901343 0.692361412897 0.67327692052 0.725957948378 1.45144402558 -9999.0 -9999.0 -9999.0 -9999.0 -9999.0 -9999.0 -9999.0 -9999.0 -9999.0 -9999.0 -9999.0 -9999.0 -9999.0 -9999.0 -9999.0 -9999.0 -9999.0 -9999.0 -9999.0 -9999.0 -9999.0 -9999.0
-9999.0 -9999.0 -9999.0 -9999.0 -9999.0 0.868266046562 1.72801035442 0.853506437553 1.65679932005 8.58428042291 10.0624644184 11.5391889053 37.3333663974 0.681797934638 15.97589014 58.8212953363 59.367309405 78.1372105747 0.571902485043 1.87895767549 5.92434894725 0.615341470257 11.5871256188 6.17994214249 3.67564196744 3.06881361136 0.627772034386 1.99593521227 2.01854754706 1.3429951579 0.65835725884 2.12899492549 0.65563584542 0.644521872859 -9999.0 -9999.0 -9999.0 -9999.0 -9999.0 -9999.0 -9999.0 -9999.0 -9999.0 -9999.0 -9999.0 -9999.0 -9999.0 -9999.0 -9999.0 -9999.0 -9999.0 -9999.0 -9999.0 -9999.0
-9999.0 -9999.0 -9999.0 -9999.0 -9999.0 0.868615445375 2.54075989163 5.10388814217 5.94130233951 11.8506752656 12.6494458693 15.1454060558 25.1195458098 39.4681711507 40.9233625541 41.5942923539 1.26381618438 80.407543878 81.5942347219 84.8011417314 104.855110359 13.506579545 12.2537464586 4.33225210218 0.639747072652 3.80125552828 2.58266478018 0.566837764135 2.64567664679 0.620227653409 1.26612461787 3.40648944364 4.054484272 1.28182634663 0.619560564331 0.622551741682 -9999.0 -9999.0 -9999.0 -9999.0 0.469226192488 0.415117351802 -9999.0 -9999.0 -9999.0 -9999.0 -9999.0 -9999.0 -9999.0 -9999.0 -9999.0 -9999.0 -9999.0 -9999.0
-9999.0 -9999.0 -9999.0 -9999.0 -9999.0 0.841570142502 0.81709265307 3.36647696059 4.21807474213 5.09468030402 0.846855225515 1.67754447029 9.34714447558 1.67787567575 0.800987662931 0.716431179354 0.653965028928 0.724318416978 0.695459303934 0.724843964313 105.514259409 107.422317904 0.615590904935 1.88083095045 1.27488442094 4.39614822427 1.14420684523 0.537608484371 3.27111873497 1.23188699203 2.99961526974 7.18790215749 6.58785538074 1.89186623935 1.83198940431 0.642167882687 0.637199228389 -9999.0 -9999.0 0.625697021937 1.02493933023 2.31358406555 0.442084105922 -9999.0 -9999.0 -9999.0 -9999.0 -9999.0 -9999.0 -9999.0 -9999.0 -9999.0 -9999.0 -9999.0
-9999.0 -9999.0 -9999.0 -9999.0 -9999.0 -9999.0 0.882207767868 0.872432531503 1.72536383354 2.59173143253 6.01062545265 7.71350394399 8.56599030455 0.857860440998 0.706602874288 9.33524561165 11.4723661997 12.1405117069 14.9803423783 15.6349087402 0.66263853757 108.092640139 111.271888223 2.52694745872 0.601396058922 4.98913055106 10.9737262972 4.33228507133 1.16651967185 0.599310640873 11.3986426844 7.80997236318 0.573333816204 0.562847930117 2.40268868716 1.90443247416 0.592151527319 0.534450785004 0.628836878616 1.24248481286 0.60995803237 2.81699759541 3.37545079145 0.487736022227 -9999.0 -9999.0 -9999.0 -9999.0 0.586134502049 0.54400512494 0.229015163844 -9999.0 -9999.0 -9999.0
-9999.0 -9999.0 -9999.0 -9999.0 -9999.0 -9999.0 -9999.0 0.848557507798 0.828217434403 1.71581286199 2.59934179799 0.856734510613 0.768872830705 4.85619009 6.37906351568 7.9470189673 0.743957852528 1.46866077819 0.735545114354 16.3151986276 35.8617667902 36.3257511106 148.780223372 0.637914546762 1.7467325802 0.561362894572 11.4889267115 0.575671762505 1.77114328692 0.583224595906 11.9756607029 12.5572825292 1.15303901652 1.14312021396 6.16182336321 3.12767052236 1.12158399286 0.588020542705 1.25304890014 1.85964210621 3.0335357468 0.534935546583 4.30879384895 4.74324820794 0.395371154525 0.438348523708 0.454075388099 0.399180096585 0.381722956606 1.55871110218 0.719941479816 0.496214109652 -9999.0 -9999.0
-9999.0 -9999.0 -9999.0 -9999.0 -9999.0 -9999.0 -9999.0 -9999.0 1.72597781218 2.52193959514 0.844347497553 1.71708727636 2.52900702212 4.14277550804 0.825174725559 0.800628653688 0.708701013248 0.714743018107 0.659725033436 18.1587811171 0.744742418317 1.45118312848 150.720602465 151.942767985 0.503562938426 2.76426281585 14.7584549268 1.16592580079 2.29623938788 1.0581171661 1.55638447987 14.7334201666 1.67040327952 8.92037422586 7.28805749985 0.580381072638 2.92543755961 1.20327058716 1.84511142548 0.575524355253 3.53465594277 4.50743965718 4.88997969826 5.24642848726 6.24498765018 0.763806901831 0.808877409303 0.719774239709 0.681020033745 1.91386708402 0.389696900405 1.62701398464 2.01824375471 -9999.0
-9999.0 -9999.0 -9999.0 -9999.0 -9999.0 -9999.0 -9999.0 -9999.0 0.899977491116 4.29863855996 5.12274943961 0.824150502283 1.62535238436 0.799498840387 0.745445567238 0.734275489955 9.18746419454 12.1808321623 14.932370933 17.6603143003 0.665118556811 0.722302718228 0.708115492824 154.895794161 156.15740821 156.626496156 19.869481495 4.54756987862 3.97745650965 0.450130837817 2.03280191031 17.261086856 0.480010751762 9.40428543233 0.577550398363 3.89875007961 3.55089648418 0.605385732169 2.43703405496 1.1615980489 1.73491202532 0.442173018314 0.349804844799 5.59690093068 5.91883686521 6.56585902206 1.16022054279 1.04922099403 1.00164897456 2.32368099182 3.11625075107 0.39558919275 2.43225576749 0.467407984837
-9999.0 -9999.0 -9999.0 -9999.0 -9999.0 -9999.0 -9999.0 -9999.0 -9999.0 0.916340469775 5.98947223666 6.80246560691 2.43213613528 4.02203676451 5.52245781064 6.28195055986 0.783237102766 2.29059622247 1.53123912534 0.797410706868 0.771768469655 0.699396775891 1.39876552858 2.35477502102 0.743478665407 177.7629195 178.289604782 0.462677604305 0.366631925234 0.975033270779 1.46962520123 18.6980197624 0.952663682474 9.82907265986 6.11701884037 5.03891240702 0.57563756806 1.16182246132 2.97152945935 0.534937116751 2.25153877074 0.917466944699 0.613559598987 0.316767051999 6.89294643167 13.7236215193 1.40364393381 1.29868127146 1.3186158109 0.327571505838 3.44784893542 0.320969327702 3.19785533462 0.427991155433
-9999.0 -9999.0 -9999.0 -9999.0 -9999.0 -9999.0 -9999.0 -9999.0 -9999.0 -9999.0 0.807788092688 8.42459193057 0.799748136007 1.58341244762 2.31136871052 3.74007320943 0.725577798387 1.4941222807 0.738579978306 0.6847782841 0.653467643539 1.28372557722 0.59808088706 0.630252070141 1.2183053506 0.678695199463 178.838204757 179.791569964 181.160493119 1.89587661795 0.532445538816 1.06247510862 19.2552808416 18.4683435774 7.23726982151 0.555976263218 2.28492315266 1.71835047254 3.50756682675 1.06693605771 4.19919678953 1.41506753512 1.00856369048 0.310690780479 0.363885928151 14.1097167097 14.435488791 17.4047585253 2.36394980636 0.685905571958 3.81140573418 4.48731406709 8.02767056239 0.828947803539
-9999.0 -9999.0 -9999.0 -9999.0 -9999.0 -9999.0 -9999.0 -9999.0 -9999.0 -9999.0 -9999.0 0.491597463664 9.50408357512 0.755874791467 1.48039047053 6.62384857281 0.702411938984 0.693456687856 0.62609897554 1.35947454017 0.697280205285 2.65879886955 3.84033835093 4.36126997481 1.67643508407 2.05135053435 0.452704394968 0.619598876454 0.607080507354 184.151103796 185.665803049 19.7179835553 19.4338150116 18.9517579531 0.938815561884 0.450420099167 2.7999942791 7.33480789075 4.02057005173 1.57190083256 6.24844186863 2.50660746951 2.05815069319 0.633126153169 0.270929387089 0.225711008631 0.265510685474 18.7996668021 22.2723216273 0.355467660819 0.319087010523 0.357388758671 8.4140332481 9.62438704402
-9999.0 -9999.0 -9999.0 -9999.0 -9999.0 -9999.0 -9999.0 -9999.0 -9999.0 -9999.0 -9999.0 0.457858186756 10.6033948563 12.9885284248 0.733708056717 8.06644059571 0.648507357286 0.628527525245 1.30594673389 3.35857772414 0.680642156094 0.714016872237 0.600756385272 5.51585130597 6.09448017805 8.75728363015 9.69199042866 10.2093226677 10.6671754788 11.2901695274 197.495991394 218.169411532 238.428285034 238.757297136 0.354439704033 0.454020633637 8.37086953732 7.85610001635 0.503784517776 0.505859172241 6.76812733241 9.7639772197 0.410061589119 5.37332603726 4.96940196805 1.4086604569 0.642119353444 1.07717723322 0.435177419048 22.9539227342 0.350863306442 1.01539761364 1.29183897509 12.0128313317
-9999.0 -9999.0 -9999.0 -9999.0 -9999.0 -9999.0 -9999.0 -9999.0 -9999.0 -9999.0 -9999.0 0.860820830668 1.6600247541 13.7690510265 15.1735102129 0.693770700876 9.25551233917 0.588839387754 1.82873768562 3.99604723474 1.33041584099 0.64686476443 1.27003702665 0.498027570527 1.01623570158 0.557526583491 0.535094534923 0.51686951761 0.493429750242 0.425365423104 0.387772194268 0.494066972751 0.54375961955 0.580405043825 240.107386229 9.72597443275 9.00625303971 0.293445041364 1.44433783525 0.489798252476 0.433810464506 10.214929754 16.9847187544 5.8856627516 4.35722196753 0.875439196231 0.358351153712 0.319997979372 0.657076672932 23.9528899748 24.5809897855 0.33087551015 0.348914921322 0.373481947366
-9999.0 -9999.0 -9999.0 -9999.0 -9999.0 -9999.0 -9999.0 -9999.0 -9999.0 -9999.0 -9999.0 -9999.0 0.750859141378 10.1154515057 26.047000006 28.3029085304 38.1788677416 38.7065511566 8.96457578691 6.64303956182 1.98710749625 0.638360317843 2.54282653955 3.14735785182 4.73666047075 1.14793922255 1.07761157126 1.07205052843 2.10204796903 0.950581567949 0.900624182598 0.513035665321 0.432867404693 0.364095872163 240.599163254 250.712679992 251.085221599 0.293767867392 3.96743640743 1.92173081589 0.50615513339 18.5534466131 1.12322823507 0.584653925164 2.44570235652 0.547547276457 0.389207947262 0.727118450674 1.01448658084 1.33326875571 25.0952064645 0.241192719169 0.209787330165 0.212698382062
-9999.0 -9999.0 -9999.0 -9999.0 -9999.0 -9999.0 -9999.0 -9999.0 -9999.0 -9999.0 -9999.0 0.821222041794 7.691479571 9.33660618217 1.55136680243 0.528172152375 1.19090032313 40.5620167748 41.1032643282 50.6087419257 0.617331662233 1.24864966237 0.566274901925 0.575327296984 5.32487678568 7.05892115234 8.66962765372 0.526182608561 2.62721688317 4.09254874542 2.39748811759 1.01103444248 0.890588427093 0.822265867549 0.811066783108 0.341424805592 251.380136228 251.58905772 256.044956117 0.83890978385 0.442828397807 18.8978792111 1.17819200113 0.600637478639 0.656466008624 0.652929360407 0.566953715744 0.996289673563 2.77301327892 4.45437931376 29.8100090661 0.179475240515 0.547496830185 0.377596306674
-9999.0 -9999.0 -9999.0 -9999.0 -9999.0 -9999.0 -9999.0 -9999.0 -9999.0 -9999.0 -9999.0 0.840112859743 5.31206389017 0.842656886801 0.755582699768 3.92340128624 4.6217742473 5.31463288787 5.98184052241 68.7896730191 69.4180128084 70.6361906111 79.5570085715 81.3157896303 82.3840190572 82.9867514123 93.132413712 94.701431622 95.2779599554 99.9989662896 102.980814801 103.481989252 105.404173266 1.28863904611 1.2667327269 0.293153994558 0.234908599125 251.867338372 257.432395211 1.17036777629 21.7847696201 21.4021492058 2.17340258082 0.510899942999 0.515542617259 0.492249855111 0.50147228512 1.00682343274 1.43345014743 0.399984456739 30.0508147003 30.3105991804 31.4620896308 31.6774817978
-9999.0 -9999.0 -9999.0 -9999.0 -9999.0 -9999.0 -9999.0 -9999.0 -9999.0 -9999.0 -9999.0 2.7016307635 3.58829628156 1.68248512632 2.49026211618 0.79758321682 8.69819925452 9.40341118957 10.8353825977 11.5300800694 4.78515638551 76.4849731341 77.1599509192 0.581970119229 0.460476444068 0.460752154 0.966944334378 0.511783829516 0.454665550233 0.449552280499 0.444110969531 104.051266232 105.957434742 107.713588959 109.376755121 110.304561486 0.412325610434 0.117205503278 280.075383369 22.4356641488 22.2091614658 0.484840400559 0.390999805489 0.357285301396 0.880741318851 0.854570804026 0.406754232923 0.409749580949 0.387406094615 0.781527329049 1.02026427927 0.173094362758 0.327577319974 0.142025168795
-9999.0 -9999.0 -9999.0 -9999.0 -9999.0 -9999.0 -9999.0 -9999.0 -9999.0 -9999.0 -9999.0 -9999.0 1.80213284007 0.872033614703 0.816738289275 7.2830765338 8.0074747764 0.729896980935 2.80068947054 3.50867340474 4.17388356735 0.729745838103 0.51174293894 11.7257553973 12.1639008736 12.5978846214 32.8655241806 33.2572662838 34.0760701991 37.3470657218 39.6737628133 40.0487680511 0.436069314415 0.455946603793 0.39300712194 110.640383552 0.156799596412 283.840867957 283.614520767 3.32226155336 3.01459101231 1.7503731889 0.424619852454 0.702499227675 1.22900296609 1.20672751852 0.78573133902 0.391038678527 0.770796733236 0.785869257215 1.3827119404 0.325031236394 0.643459908183 1.02660921485
