data/baseflow/History/mHMbfrc454
ncols                  80
nrows                 72
xllcorner      4374000.0
yllcorner      5656000.0
cellsize            500
NODATA_value       -9999
[rows 24 to 47 of 72, columns 0 to 53 of 80]
-9999.0 -9999.0 -9999.0 -9999.0 -9999.0 -9999.0 -9999.0 -9999.0 -9999.0 -9999.0 -9999.0 -9999.0 1.00055794921 2.66476255012 3.4512585282 5.76826578733 0.608506776895 1.25533097222 1.83506696998 7.57216937989 8.04420978009 8.46790251866 8.84391422861 9.2684116446 13.6004702147 14.7724939628 15.4219484687 0.271174489807 1.51951246633 1.79136918439 29.0642938854 30.0038221539 30.5034798715 31.0291523216 31.3360970637 117.646248598 0.064395035339 223.2283842 0.188407564282 0.103338661505 1.54629501368 1.33265613775 0.19025529549 0.668187747404 1.05211973215 1.02100816486 0.676556097536 1.11060071251 1.76080988392 0.667280632807 1.65416130614 0.139494417413 0.214601774142 0.033902989518
-9999.0 -9999.0 -9999.0 -9999.0 -9999.0 -9999.0 -9999.0 -9999.0 -9999.0 -9999.0 -9999.0 -9999.0 0.904857606569 1.78178856841 0.795157084031 1.58515068044 0.628338942007 5.2553158381 6.41854759127 7.02951920436 0.525548595746 1.01561356642 10.6352457557 12.9025755282 13.2799326831 0.784550973803 0.730645862502 1.09009642547 0.219814124185 0.189270691151 0.347530680863 0.131319927434 15.8642142447 16.0043593824 16.0559530905 117.777437309 224.047327341 223.284527987 0.148308911435 0.0905845950246 0.0828195614438 0.386690703403 0.320252982224 0.84994926244 1.23999551497 2.47679203284 0.214843404181 0.212075796426 1.94270718299 2.13726652826 4.11673015618 4.2000623677 4.44793255473 4.50816020364
-9999.0 -9999.0 -9999.0 -9999.0 -9999.0 -9999.0 -9999.0 -9999.0 -9999.0 -9999.0 -9999.0 -9999.0 -9999.0 0.806575787737 1.64754773212 2.51347829532 3.89585081948 0.730880566275 0.612257879644 4.55730075294 5.08248951226 9.69159159805 10.2508024936 1.50419924645 0.440764726239 0.35718526362 0.316895497246 14.8726819451 15.0675653801 15.2781434866 15.446399258 15.7270161074 1.89184103326 1.96344297892 18.0783919636 359.954556412 0.569690429798 0.419997910745 0.23004910293 0.0670038562774 0.0609175700172 0.53107371159 0.567793520911 0.96699114571 0.0634275989265 2.56832911675 0.352894307504 0.344080418072 0.0617761662073 0.03354676004 0.0262945412937 0.0230157592525 0.0274825231261 4.53698194185
-9999.0 -9999.0 -9999.0 -9999.0 -9999.0 -9999.0 -9999.0 -9999.0 -9999.0 -9999.0 -9999.0 -9999.0 -9999.0 -9999.0 0.784004643974 1.50872286647 2.12514439495 2.72659470233 3.33952577101 3.98629766542 1.79167446861 3.01985257468 0.53771385438 0.493825588641 12.981401952 13.8604361114 14.2316073593 14.6314066742 0.245539845668 0.428018849625 1.20030716028 1.5115463265 1.73247226687 0.108757744562 0.0553894843429 360.230298515 0.1331465345 0.137780085592 0.071716903501 0.262627948099 0.119676881546 0.0523292356713 1.58460432359 1.62357650997 0.0265032031014 2.59879815719 2.98053952641 0.3838305918 58.6460974409 58.5659000119 58.5075211841 58.4095611531 58.3727016684 57.5075717609
-9999.0 -9999.0 -9999.0 -9999.0 -9999.0 -9999.0 -9999.0 -9999.0 -9999.0 -9999.0 -9999.0 -9999.0 -9999.0 -9999.0 0.18487487183 0.40677172614 0.649721674918 6.05504830169 6.68266227746 0.652494524259 0.599442958926 0.608443491629 10.9787275176 12.0972290462 0.508246808017 0.511371333778 0.333229547607 1.45142222188 1.80189229451 0.781278377647 1.00557408058 9.31388318533 9.55397220774 9.9156243674 14.9871635815 375.287929949 0.137378732202 0.0447283577253 0.392515550628 0.332910146875 0.0456715888221 0.149361598276 0.197222646752 1.66845716711 1.70222102368 4.75153196268 2.99594065123 0.418674418527 59.5139738404 0.267650829596 58.4597885471 58.4367745139 0.82437880469 0.0344575952394
-9999.0 -9999.0 -9999.0 -9999.0 -9999.0 -9999.0 -9999.0 -9999.0 -9999.0 -9999.0 -9999.0 -9999.0 -9999.0 -9999.0 0.916042135528 1.50919675471 3.08643294008 5.37879735927 7.24656973757 8.71326906442 9.30778167145 9.92733247168 10.5015881094 0.532836617961 0.420865512327 0.815885284351 0.719652121512 0.394285895232 8.24047626493 8.57354106953 8.87202150112 9.15334801609 4.62499338761 4.79937343233 4.99285533335 375.349748973 0.256491175372 0.190362480424 0.652147172543 0.0710401034234 0.100202387489 0.0547715917615 0.043770991867 0.242427806701 0.0268287562203 0.0277674352558 64.4123938562 59.6472412936 59.624441991 0.129419714651 0.245989989344 0.15630018279 0.0315916281671 0.751971721669
-9999.0 -9999.0 -9999.0 -9999.0 -9999.0 -9999.0 -9999.0 -9999.0 -9999.0 -9999.0 -9999.0 -9999.0 -9999.0 -9999.0 0.637133263995 0.594119823187 1.16887471627 1.76244542173 0.808914673007 0.863862396307 1.51132452761 2.12583207534 3.21394055027 3.74782560547 4.14428376252 5.3843148824 5.72124024364 6.1348290311 0.334085596566 3.60402274649 3.88077834475 4.16247909669 0.246640278891 0.140705053515 0.224606823187 380.623862685 380.678764229 381.06817848 0.866722037857 0.154284510576 0.148046920814 0.0308143569267 0.0757643180562 0.276944722255 0.330076541169 0.0493861612097 64.5276184859 0.0375751070205 0.0642695953896 0.0748450571399 0.050286697812 0.0995162035391 0.0394259946573 0.526866629458
-9999.0 -9999.0 -9999.0 -9999.0 -9999.0 -9999.0 -9999.0 -9999.0 -9999.0 -9999.0 -9999.0 -9999.0 -9999.0 -9999.0 -9999.0 0.563667904857 1.0992422195 0.527094790589 1.10845166078 6.72303761268 7.27345437748 7.82791752853 0.540803908642 0.541042608123 0.937825335671 1.3626047846 1.99811740455 2.35906402716 2.64247013762 2.95557837279 0.236984221715 0.214843446048 4.61463848938 4.80500946539 4.89152070249 4.98436498252 3.99301792203 385.419203161 386.789376032 386.821786476 386.987551868 387.180059458 387.243524645 0.0207902147053 0.353869156567 64.5387047082 0.0387326444208 0.0199455732983 0.0266218751261 0.0300479358855 0.0538856799729 0.0547748141498 0.0334248881114 0.0605216861606
-9999.0 -9999.0 -9999.0 -9999.0 -9999.0 -9999.0 -9999.0 -9999.0 -9999.0 -9999.0 -9999.0 -9999.0 -9999.0 -9999.0 -9999.0 -9999.0 1.62377114119 2.15306757523 3.76661710681 5.00325900444 0.647780614409 9.1769350346 9.69278815383 10.1437135926 0.412561941626 0.796811995949 0.300308523487 2.55782392346 2.76841010411 3.12175532882 3.50372938371 4.21527623976 4.43415361704 0.123573176161 3.6226731085 3.81025877517 3.90688989098 4.29105790534 0.450759407009 0.264825938025 0.141272199842 0.119091318231 387.308176211 387.300486571 387.791528036 64.5464082667 0.126821106924 0.0743986594692 0.049115245264 0.0174058505768 0.170457558538 0.0931715935977 0.0287082104875 0.172330281701
-9999.0 -9999.0 -9999.0 -9999.0 -9999.0 -9999.0 -9999.0 -9999.0 -9999.0 -9999.0 -9999.0 -9999.0 -9999.0 -9999.0 -9999.0 -9999.0 0.546755889841 2.69712222552 3.27154848922 0.687514670619 0.607485186972 1.27436050348 1.83051938069 12.4580030751 0.405797575392 1.64122980781 1.96629194823 2.28297047128 0.255994391009 0.550791130855 0.694447456758 2.82249948642 3.19243324004 3.30463308812 0.107322538446 0.0890726139758 0.106193707975 0.195463566959 0.0865603910032 0.0858794071758 0.081014988726 0.0742911691316 0.0739551332753 0.151448203505 387.791478068 452.369454431 0.149189209048 0.0544412282958 0.0159659106293 0.560307836347 0.521521560666 0.321020039887 0.290190214751 0.218406483984
-9999.0 -9999.0 -9999.0 -9999.0 -9999.0 -9999.0 -9999.0 -9999.0 -9999.0 -9999.0 -9999.0 -9999.0 -9999.0 -9999.0 -9999.0 0.470814205297 1.48276816155 0.475380899195 0.70897325573 0.715073271579 1.3358674758 1.95319285143 2.44672252755 15.3221371945 15.6999259011 0.397323962698 0.727703439328 1.06731641235 1.30678547746 1.57815021473 2.50332403299 2.70947018185 0.233995839809 0.125183320158 0.0728557278806 0.0341370199148 0.0744943220903 0.094000169835 0.118103528509 0.152829756356 0.251985983885 0.104394054978 0.0281565865354 0.0270360417395 0.0252761897514 0.0462007125431 454.400512226 1.88386911825 0.660453815173 0.0594393805715 0.0272878112943 0.0204149945509 0.0724478984061 0.0496403648819
-9999.0 -9999.0 -9999.0 -9999.0 -9999.0 -9999.0 -9999.0 -9999.0 -9999.0 -9999.0 -9999.0 -9999.0 -9999.0 -9999.0 0.517816902288 0.958000153026 3.34379272911 0.42570842573 1.27744723866 1.94873797684 2.52380189799 0.626721147012 1.10836864166 1.5847628781 17.6427678134 0.357820384845 0.649354247275 0.960582284476 0.293364993985 0.579006767514 0.78286498925 0.960573350893 28.1973875815 28.4226002098 28.6183595968 29.4335373554 29.5958084596 30.0614086598 0.163984000456 0.389264651036 0.3124296346 31.4436108589 31.4908657557 0.0242915743229 0.0410462106018 0.0570781938191 454.382482697 1.78261604894 1.04992244589 1.01604060825 0.669249213674 0.518528086609 0.0957753507254 0.0233832174664
-9999.0 -9999.0 -9999.0 -9999.0 -9999.0 -9999.0 -9999.0 -9999.0 -9999.0 -9999.0 -9999.0 -9999.0 -9999.0 -9999.0 0.524384672241 1.57793100357 5.42325779372 7.95839203548 0.346157543764 10.166941379 13.1160314523 0.555260997191 1.02486198309 1.50568189553 21.8120442704 22.131100647 0.221230397983 1.4127217425 1.62986207194 1.86809152832 26.3726295349 26.8781605938 27.1108076743 0.105579916414 0.60141946181 0.716636245672 0.231318577327 0.309765332769 30.5123620866 31.01582241 31.066509589 31.1114301957 31.5339463147 0.02196375956 0.0198571058477 0.0928546168472 454.36825449 0.0403044507006 0.106177681689 0.31909326519 0.125353568503 0.473476995649 0.329782976633 0.197291367411
-9999.0 -9999.0 -9999.0 -9999.0 -9999.0 -9999.0 -9999.0 -9999.0 -9999.0 -9999.0 -9999.0 -9999.0 -9999.0 -9999.0 -9999.0 -9999.0 1.0586479702 2.1108113382 9.30333180418 9.79275428189 13.5188435862 13.950864903 0.529954931732 1.06142930319 2.34111715857 22.4103121345 22.9246978645 23.0867491196 0.120389698765 23.7432735002 24.2910627664 0.316656623194 0.108348475131 0.207300049029 0.396009210165 0.0949557171295 0.173554985264 0.351086455749 0.415923765023 0.0772218548663 0.0456822266241 0.0839026866033 31.9184369465 32.032754063 32.0469379976 32.1945957028 454.350588224 0.0258063507494 0.0712045470822 0.0863221959757 0.0837677731433 0.0863639781891 0.0745718357889 0.138754355852
-9999.0 -9999.0 -9999.0 -9999.0 -9999.0 -9999.0 -9999.0 -9999.0 -9999.0 -9999.0 -9999.0 -9999.0 -9999.0 -9999.0 -9999.0 -9999.0 0.54857099035 0.52942924665 0.496985511985 0.943250842851 0.38005413542 14.7167836211 15.0873933791 0.454402722546 0.889568045795 0.361134513715 0.245905496956 0.229887190968 23.4820411403 0.184104987215 0.390842684338 0.167544150967 0.119970071417 0.0944522954394 0.0649470207517 0.0693186731757 0.220378546612 0.309130669448 0.0538758974815 0.0433287051305 0.09923210403 0.175433890724 0.2516703903 0.0818483584066 32.0845341406 32.2098080869 454.326960352 0.2074842718 0.157437293686 0.050688392972 0.124613755374 0.0419317978102 0.0330752598211 0.175153971928
-9999.0 -9999.0 -9999.0 -9999.0 -9999.0 -9999.0 -9999.0 -9999.0 -9999.0 -9999.0 -9999.0 -9999.0 -9999.0 -9999.0 -9999.0 -9999.0 -9999.0 -9999.0 0.515732804652 1.38903200923 1.74092664595 2.11242601432 15.4536394314 15.8452693471 16.1980946544 16.5557089295 16.7729577869 17.2428057401 17.402588473 17.5735604114 17.6885884966 0.0942190222928 0.0866828053444 0.0931377147598 0.303724941307 0.083077607645 0.0793388901935 0.0546372494405 0.160020925131 0.0648436403693 0.0472639320925 0.0426354320842 0.0360871018974 0.071961754735 0.105181229316 32.4220537515 486.931568525 0.0224993644579 0.0424798440046 0.0393714527653 0.169903873942 0.0916772867713 0.0664583355937 0.359049069293
-9999.0 -9999.0 -9999.0 -9999.0 -9999.0 -9999.0 -9999.0 -9999.0 -9999.0 -9999.0 -9999.0 -9999.0 -9999.0 -9999.0 -9999.0 -9999.0 -9999.0 -9999.0 -9999.0 0.392741746743 3.30404686688 6.28065393222 6.635544226 0.568001808462 1.02457505851 1.46061375185 1.75595621706 4.00454610934 4.11224160607 0.102260363496 0.101379763403 17.8983173835 18.0569300996 18.133229033 0.352425270295 0.0352973286531 0.102658010659 0.152128487399 0.484042504609 0.606295388435 0.696859769635 0.0804902571976 0.111644832601 0.0393856201631 0.0801639547027 0.0426785075003 486.958715124 0.0169268930079 0.0775857951481 0.0575949210576 0.241438215722 0.423621241071 0.503556217271 0.876790042164
-9999.0 -9999.0 -9999.0 -9999.0 -9999.0 -9999.0 -9999.0 -9999.0 -9999.0 -9999.0 -9999.0 -9999.0 -9999.0 -9999.0 -9999.0 -9999.0 -9999.0 -9999.0 0.464132033241 1.5140706459 2.92590542541 3.78375665473 9.25458940782 9.71580788018 0.94493811372 1.39108554228 1.74519500983 2.03513240337 4.24983228384 4.46852331952 7.98769313594 8.2483173196 8.35927125008 18.1979730947 18.6819055329 0.0902568991354 0.0716107532067 0.0646232590946 0.122137322929 0.0566119926171 0.814769340144 0.857897755198 0.144699866466 0.190878731508 0.0418582845209 101.80754305 101.885213889 588.828542924 588.882001631 0.0209589489944 0.285771322672 0.0306664174972 0.0259160411718 0.925658779318
-9999.0 -9999.0 -9999.0 -9999.0 -9999.0 -9999.0 -9999.0 -9999.0 -9999.0 -9999.0 -9999.0 -9999.0 -9999.0 -9999.0 -9999.0 -9999.0 -9999.0 -9999.0 -9999.0 0.553456114543 0.528231758637 0.96729407843 2.24383167232 10.1212223738 0.495692107112 0.486576084488 0.817659743852 1.18822326036 2.8926329049 3.12558710577 0.192120520369 0.174794425375 8.48299470127 8.54122244608 27.2915828761 27.351762545 0.028333430105 0.0242397494907 0.0208407054121 0.021060883752 0.0290050516748 100.938990327 101.235365058 101.473286772 101.576090548 101.774628723 0.0527414922883 0.189410021808 0.213268533498 589.112794888 589.07740753 589.045825817 589.025049467 589.031398012
-9999.0 -9999.0 -9999.0 -9999.0 -9999.0 -9999.0 -9999.0 -9999.0 -9999.0 -9999.0 -9999.0 -9999.0 -9999.0 -9999.0 -9999.0 -9999.0 -9999.0 -9999.0 -9999.0 -9999.0 0.460127013782 0.49419003242 0.887495266961 11.8258504313 12.2003140346 0.46782377705 0.799994885689 1.18687929382 1.51632567535 0.284101062504 0.483036177623 25.3542207729 25.4288190396 25.5544160418 26.3455566335 53.7773908008 99.2564249063 99.3370964302 99.4088599571 99.4787452079 99.9017985896 100.04325151 0.266015473043 0.110973962177 0.0723288467086 0.13328584709 0.0946832730334 0.15228859406 0.0465645155741 1.11016460125 1.20715039518 1.28475176262 1.29541906576 588.991623826
-9999.0 -9999.0 -9999.0 -9999.0 -9999.0 -9999.0 -9999.0 -9999.0 -9999.0 -9999.0 -9999.0 -9999.0 -9999.0 -9999.0 -9999.0 -9999.0 -9999.0 -9999.0 -9999.0 -9999.0 -9999.0 0.468858793752 0.883141209793 1.30245627176 12.5329213797 0.346669936068 16.7125597788 17.1129101438 17.3915918079 17.6153299043 24.4452606214 24.6848078448 0.0812767244129 0.567166185187 0.692621286118 0.0888485231327 45.407903106 45.2435196075 0.0499534196782 0.121840508056 0.352790822966 0.0835599744959 0.0920734479725 0.0567187276487 0.0479157810714 0.0348429084469 0.0443388074054 0.970141260616 1.01864462229 1.07993134055 0.0752671416966 0.0603430819026 1.32204450769 1.33817188426
-9999.0 -9999.0 -9999.0 -9999.0 -9999.0 -9999.0 -9999.0 -9999.0 -9999.0 -9999.0 -9999.0 -9999.0 -9999.0 -9999.0 -9999.0 -9999.0 -9999.0 -9999.0 -9999.0 -9999.0 -9999.0 0.41006297337 0.373315397247 1.96714941873 15.272995408 16.0146247286 16.3877484577 0.333855669131 6.04782626233 6.34700720904 6.49320422744 0.209125075802 0.315796697965 0.389095390011 9.98498977995 10.0520202318 10.1104673811 45.1415826433 28.8542279369 0.0686898376655 0.0793590211482 0.0745603014628 0.055560200796 0.60184418634 0.714679218693 0.81057611336 0.867283859913 0.921292304198 8.94190444804 8.97545796777 9.03599827215 9.17231423244 9.60154054136 9.612354007
-9999.0 -9999.0 -9999.0 -9999.0 -9999.0 -9999.0 -9999.0 -9999.0 -9999.0 -9999.0 -9999.0 -9999.0 -9999.0 -9999.0 -9999.0 -9999.0 -9999.0 -9999.0 -9999.0 -9999.0 -9999.0 -9999.0 0.792760931759 1.22021773346 0.401526973389 0.482686081609 4.94257671748 5.28382861781 5.48769620841 1.97085835583 2.17991280219 2.38913572518 2.49754739814 9.82653735276 9.94022010506 5.97488394344 16.1650975132 16.2358768209 28.8060380849 0.1541019403 0.0816369084143 0.0500386030514 0.419000104292 0.494959521713 0.0394663805041 0.0354691589248 8.76556874586 8.86177178728 8.90814318993 0.0542472903591 0.0944149112562 9.57042787084 0.0182554646033 0.0883680537382
-9999.0 -9999.0 -9999.0 -9999.0 -9999.0 -9999.0 -9999.0 -9999.0 -9999.0 -9999.0 -9999.0 -9999.0 -9999.0 -9999.0 -9999.0 -9999.0 -9999.0 -9999.0 -9999.0 -9999.0 -9999.0 -9999.0 0.396387503117 0.780005932778 3.24497271705 3.67774190675 4.08424948284 1.527404245 1.76649013594 0.224900518537 6.87872572773 7.06781736185 7.23471489541 0.118104001584 5.77145083993 5.89354924399 0.0796925460405 28.4050009525 0.180754673304 0.0906552038944 0.230706054555 0.312711588256 0.0580917843498 0.0442031102137 8.24009898792 8.68187675447 8.73950359652 0.0622920557727 0.130855524863 0.162613546189 0.181352698744 0.350553574147 0.0332004802193 0.0731633245791
