data/baseflow/History/mHMbfrc346
ncols                  80
nrows                 72
xllcorner      4374000.0
yllcorner      5656000.0
cellsize            500
NODATA_value       -9999
[rows 0 to 23 of 72, columns 0 to 53 of 80]
-9999.0 -9999.0 -9999.0 -9999.0 -9999.0 -9999.0 -9999.0 -9999.0 -9999.0 -9999.0 -9999.0 -9999.0 0.446580569249 0.62889750201 -9999.0 -9999.0 -9999.0 -9999.0 -9999.0 -9999.0 -9999.0 -9999.0 -9999.0 -9999.0 -9999.0 -9999.0 -9999.0 -9999.0 -9999.0 -9999.0 -9999.0 -9999.0 -9999.0 -9999.0 -9999.0 -9999.0 -9999.0 -9999.0 -9999.0 -9999.0 -9999.0 -9999.0 -9999.0 -9999.0 -9999.0 -9999.0 -9999.0 -9999.0 -9999.0 -9999.0 -9999.0 -9999.0 -9999.0 -9999.0
-9999.0 -9999.0 -9999.0 -9999.0 -9999.0 -9999.0 -9999.0 -9999.0 -9999.0 -9999.0 -9999.0 -9999.0 0.770461672072 2.34053305297 0.507432778991 -9999.0 0.531929785742 -9999.0 -9999.0 -9999.0 -9999.0 -9999.0 -9999.0 -9999.0 -9999.0 -9999.0 -9999.0 -9999.0 -9999.0 -9999.0 -9999.0 -9999.0 -9999.0 -9999.0 -9999.0 -9999.0 -9999.0 -9999.0 -9999.0 -9999.0 -9999.0 -9999.0 -9999.0 -9999.0 -9999.0 -9999.0 -9999.0 -9999.0 -9999.0 -9999.0 -9999.0 -9999.0 -9999.0 -9999.0
-9999.0 -9999.0 -9999.0 -9999.0 -9999.0 -9999.0 -9999.0 -9999.0 -9999.0 -9999.0 0.305345277658 0.289069613912 0.305995932858 0.301157626074 2.89505123874 3.32676376348 1.50268482955 0.489580846483 -9999.0 -9999.0 -9999.0 -9999.0 -9999.0 -9999.0 -9999.0 -9999.0 -9999.0 -9999.0 -9999.0 -9999.0 -9999.0 -9999.0 -9999.0 -9999.0 -9999.0 -9999.0 -9999.0 -9999.0 -9999.0 -9999.0 -9999.0 -9999.0 -9999.0 -9999.0 -9999.0 -9999.0 -9999.0 -9999.0 -9999.0 -9999.0 -9999.0 -9999.0 -9999.0 -9999.0
-9999.0 -9999.0 -9999.0 -9999.0 -9999.0 -9999.0 -9999.0 -9999.0 -9999.0 0.291720609323 0.5979386177 1.18327245603 0.584962086922 0.282089915483 0.552727297863 3.59071355222 6.07741976353 0.499720492923 -9999.0 0.286662041265 -9999.0 -9999.0 -9999.0 -9999.0 1.02548877752 0.529412173886 -9999.0 -9999.0 -9999.0 -9999.0 -9999.0 -9999.0 -9999.0 -9999.0 -9999.0 -9999.0 -9999.0 -9999.0 -9999.0 -9999.0 -9999.0 -9999.0 -9999.0 -9999.0 -9999.0 -9999.0 -9999.0 -9999.0 -9999.0 -9999.0 -9999.0 -9999.0 -9999.0 -9999.0
-9999.0 -9999.0 -9999.0 -9999.0 -9999.0 -9999.0 -9999.0 -9999.0 0.345099461653 0.950560766779 1.22943655279 1.51501140774 2.04313852356 0.264798138838 1.05284235639 1.3058199357 8.1304358829 0.31252126629 0.235142307763 0.537130553949 0.777977365173 0.251614733078 -9999.0 2.51101153824 2.05556892899 0.522749284103 -9999.0 -9999.0 -9999.0 -9999.0 -9999.0 -9999.0 -9999.0 -9999.0 -9999.0 -9999.0 -9999.0 -9999.0 -9999.0 -9999.0 -9999.0 -9999.0 -9999.0 -9999.0 -9999.0 -9999.0 -9999.0 -9999.0 -9999.0 -9999.0 -9999.0 -9999.0 -9999.0 -9999.0
-9999.0 -9999.0 -9999.0 -9999.0 -9999.0 -9999.0 0.349823119512 0.307012148144 0.288214138552 0.29497214518 0.300564803577 2.12802635511 4.46010690573 4.7429013402 4.92033761146 0.145254386948 8.56500281495 8.80369576602 0.48469628272 0.246953597526 1.01387687397 1.75292450738 0.303459919562 3.44678255253 0.253879322641 0.299965593561 0.261474949146 -9999.0 -9999.0 -9999.0 -9999.0 -9999.0 -9999.0 -9999.0 -9999.0 -9999.0 -9999.0 -9999.0 -9999.0 -9999.0 -9999.0 -9999.0 -9999.0 -9999.0 -9999.0 -9999.0 -9999.0 -9999.0 -9999.0 -9999.0 -9999.0 -9999.0 -9999.0 -9999.0
-9999.0 -9999.0 -9999.0 -9999.0 -9999.0 -9999.0 0.697860820216 1.01975028595 2.27247847191 3.12636162202 0.262783731428 0.277756302008 0.262951823776 0.762660698854 5.90739163648 0.181646481289 9.03556351475 9.94896734806 0.714103409997 0.466798372204 1.97580734304 0.242114415519 3.68412620855 0.47623878956 0.237786665995 0.52990304564 0.516457921562 0.258822581375 0.267082670805 0.261267796901 0.273384184632 0.547881843191 -9999.0 -9999.0 -9999.0 -9999.0 -9999.0 -9999.0 -9999.0 -9999.0 -9999.0 -9999.0 -9999.0 -9999.0 -9999.0 -9999.0 -9999.0 -9999.0 -9999.0 -9999.0 -9999.0 -9999.0 -9999.0 -9999.0
-9999.0 -9999.0 -9999.0 -9999.0 -9999.0 0.393022334034 0.748349893216 0.350290571116 0.670503928729 3.45175859867 4.01898783925 4.58384169079 15.1186217057 0.252760652241 6.15674129046 23.3232710075 23.5043406148 33.784402164 0.202992737206 0.689079010088 2.20025760594 0.222319140046 6.39746827971 2.48262483066 1.53574653154 1.29468988081 0.252650799388 0.770274749795 0.778952579328 0.519399960047 0.250980492024 0.806497499912 0.248036441756 0.245331378402 -9999.0 -9999.0 -9999.0 -9999.0 -9999.0 -9999.0 -9999.0 -9999.0 -9999.0 -9999.0 -9999.0 -9999.0 -9999.0 -9999.0 -9999.0 -9999.0 -9999.0 -9999.0 -9999.0 -9999.0
-9999.0 -9999.0 -9999.0 -9999.0 -9999.0 0.39457662844 1.13160042172 2.24451547484 2.57473467582 5.07675996762 5.38151247412 6.34716776656 10.2808503444 15.9563490222 16.5010986193 16.7522626634 0.432086663572 34.5772987995 34.9934659965 36.1342610948 45.6464745661 7.08508530149 6.63728113692 1.77260278282 0.232848144559 1.46969951721 1.00158710412 0.222548580781 1.01123598953 0.229012756083 0.472547546167 1.28538461506 1.52512165465 0.482785968963 0.233296823328 0.234184592453 -9999.0 -9999.0 -9999.0 -9999.0 0.448803140852 0.418596241612 -9999.0 -9999.0 -9999.0 -9999.0 -9999.0 -9999.0 -9999.0 -9999.0 -9999.0 -9999.0 -9999.0 -9999.0
-9999.0 -9999.0 -9999.0 -9999.0 -9999.0 0.374965073546 0.35083086955 1.4914062206 1.83049474685 2.18451499342 0.329958722211 0.650986840162 3.72111259303 0.677107112567 0.300243627171 0.264821480131 0.23231823736 0.268449343182 0.25572741741 0.259137067132 45.8875029983 46.5594919358 0.220826131523 0.680732185431 0.463239341141 1.694103743 0.44960799227 0.217442716993 1.24562037679 0.44711480134 1.08311787368 2.67391397959 2.47224983662 0.710696413636 0.691850181626 0.238164839142 0.235908949805 -9999.0 -9999.0 0.236768561195 0.862217266664 2.15011637942 0.435724561553 -9999.0 -9999.0 -9999.0 -9999.0 -9999.0 -9999.0 -9999.0 -9999.0 -9999.0 -9999.0 -9999.0
-9999.0 -9999.0 -9999.0 -9999.0 -9999.0 -9999.0 0.395749242046 0.399329025447 0.733922154878 1.08521955435 2.42293325156 3.09084045844 3.4307668654 0.373175559822 0.263204550525 3.57094073615 4.3544418086 4.59758919293 5.62884241148 5.86316617975 0.231764941031 46.7932245565 47.8445080318 0.824292138042 0.0609861958922 1.85938776659 4.18333670058 1.67309683619 0.42688555392 0.216086067122 4.17890391441 2.89379641638 0.209822860312 0.21516721337 0.910770791972 0.697871578312 0.219653176824 0.216436862393 0.229602594446 0.462053690303 0.221794580743 2.60575898516 2.81550441911 0.201255632792 -9999.0 -9999.0 -9999.0 -9999.0 0.225557642677 0.214636296348 0.0702162909001 -9999.0 -9999.0 -9999.0
-9999.0 -9999.0 -9999.0 -9999.0 -9999.0 -9999.0 -9999.0 0.374280419431 0.299270529329 0.666973158253 1.02104879294 0.336364997079 0.297499267604 1.89131718496 2.46581674629 3.05449813702 0.272834306808 0.536223704596 0.264143214333 6.10578152388 14.2428940504 14.6696045995 63.093389593 0.215874743336 0.196091177508 0.0587105236409 4.39161381756 0.210140501112 0.646737229026 0.211917252813 4.38567159487 4.59262402626 0.421937022312 0.424988426454 2.28097215318 1.14441711357 0.443632912597 0.225592199375 0.45885780419 0.688169770464 1.11743409298 0.205991144448 3.20647304272 3.38431052027 0.161679842913 0.171455771243 0.17957004429 0.164448095227 0.156799983145 0.622673422355 0.250090388622 0.159157796387 -9999.0 -9999.0
-9999.0 -9999.0 -9999.0 -9999.0 -9999.0 -9999.0 -9999.0 -9999.0 0.681187825632 0.946967590285 0.331233199622 0.679669518326 0.993508224185 1.62171833505 0.320753669038 0.303873504241 0.257935008711 0.261043297741 0.236487171932 7.64586527138 0.267710155698 0.521450445218 64.0569773572 64.6656186032 0.215104982701 0.622699617222 5.21171933256 0.41530755026 0.838151912053 0.393218074035 0.584177718215 5.39767252645 0.615844490314 3.305499422 2.69051019492 0.209840812378 1.09850602072 0.442331768052 0.671489636488 0.212753870601 1.32240923859 1.71554035317 1.87159609497 2.02043354586 3.99386073285 0.307186278304 0.324244474734 0.29941944258 0.282952963689 0.776351964743 0.165352620574 0.577999405177 0.730721033069 -9999.0
-9999.0 -9999.0 -9999.0 -9999.0 -9999.0 -9999.0 -9999.0 -9999.0 0.36783686168 1.67024066471 1.99068697673 0.320343328295 0.624481089729 0.303409109641 0.278766255436 0.27390311295 3.42949250342 4.53922502633 5.78662931588 7.18172095575 0.342256369903 0.259652948957 0.246863312246 66.0583441403 66.8462191462 67.1073582744 7.10172790426 1.66122773517 1.45121289416 0.185802186809 0.765481961062 6.34904227906 0.185078796942 3.49358791547 0.20546438424 1.4275997716 1.31835330882 0.213944427424 0.882834262567 0.423041848014 0.628368485597 0.184340784177 0.141997083445 2.16760646349 2.30250617598 4.12842799923 0.467941576388 0.436894430372 0.418098438102 0.948855145834 1.2823664816 0.16627165227 0.889817047704 0.171385460257
-9999.0 -9999.0 -9999.0 -9999.0 -9999.0 -9999.0 -9999.0 -9999.0 -9999.0 0.380635329617 2.33223919388 2.64402083349 0.929170917678 1.5311768432 2.0865174319 2.36370710623 0.284801943509 0.850883457203 0.564971170385 0.292594634309 0.287645803138 0.254298853821 0.501146928186 0.84809683184 0.337183814667 74.8437303022 75.0681097219 0.209226275643 0.167546545522 0.377127252923 0.563979907982 6.90003867277 0.366859116546 3.66476730804 2.18974244746 1.80600428067 0.204772088397 0.414825343136 1.07816044381 0.194624608498 0.817305001284 0.36966594558 0.207370117719 0.0491081612453 2.52880898361 6.76990073049 0.570555552858 0.542144709285 0.554742390415 0.141536069161 1.42339739073 0.137929465486 1.19616926962 0.153537518161
-9999.0 -9999.0 -9999.0 -9999.0 -9999.0 -9999.0 -9999.0 -9999.0 -9999.0 -9999.0 0.313942762338 3.27699822865 0.302590035771 0.602011993749 0.868534796323 1.39206937892 0.266560184727 0.559713640641 0.273973367867 0.258868418598 0.245704348875 0.488252109568 0.220318306639 0.234979773061 0.475530656479 0.279515710834 75.3569631585 75.8186269105 76.4493429694 0.745747173982 0.188709641784 0.37603154925 7.0923894099 6.78001462492 2.58607784363 0.195945936065 0.817457330055 0.615403587253 1.27401403821 0.38955642584 1.56627088207 0.556922763303 0.347049555396 0.0134169496933 0.0551746898188 6.90159832834 7.02859558845 8.25336979426 0.995971261872 0.2913455173 1.57476903676 1.86056826012 3.19235788458 0.300937469269
-9999.0 -9999.0 -9999.0 -9999.0 -9999.0 -9999.0 -9999.0 -9999.0 -9999.0 -9999.0 -9999.0 0.171073239298 3.61179678463 0.283826454468 0.545928932098 2.4598233323 0.271202258676 0.268408682347 0.24362668826 0.514879681929 0.257776801391 1.00101072104 1.44836744408 1.65767725793 0.672485187742 0.8626469708 0.218252474859 0.257252820494 0.278942366985 77.7287577031 78.3061611041 7.26132369864 7.11987864498 6.95179301433 0.351093629063 0.171989072394 1.0023247132 2.64748165524 1.46068678618 0.574982622135 2.31910883028 0.592003329696 0.422376306059 0.0275818278843 0.0119652490102 0.0135656377345 0.027633611855 8.42985739583 9.81802257934 0.141108195765 0.13150048265 0.142379023986 3.33320330881 3.76437194055
-9999.0 -9999.0 -9999.0 -9999.0 -9999.0 -9999.0 -9999.0 -9999.0 -9999.0 -9999.0 -9999.0 0.161201664431 3.98635805554 4.88507805328 0.267883348276 2.98989476907 0.250542887018 0.240268901864 0.49144980156 1.25876612033 0.248103390162 0.260096022752 0.219354203082 2.0951886552 2.30482196925 3.39435835991 3.78514456172 3.95781829756 4.16346978726 4.39381672812 82.9594858395 90.5417498655 97.9800365785 98.188827865 0.16278255555 0.174783586295 3.01811588902 2.83429689289 0.183446597772 0.181482630812 2.49171864277 3.26093485534 0.133048728378 1.02828924545 0.965384611643 0.0754716497925 0.0477982380182 0.0841903304114 0.128919677072 10.0554936062 0.118516080485 0.374073392192 0.471386163959 4.45455236982
-9999.0 -9999.0 -9999.0 -9999.0 -9999.0 -9999.0 -9999.0 -9999.0 -9999.0 -9999.0 -9999.0 0.330959494942 0.627826821217 5.17346874364 5.68006329411 0.254815586163 3.65223463264 0.213233731513 0.664338381427 1.48359722638 0.479615723802 0.230573155329 0.474582869468 0.199686982958 0.391039888394 0.196753643098 0.161515224612 0.0897382002328 0.0620579329331 0.0462911572165 0.0389725159377 0.0764313287877 0.13227167777 0.218142654187 98.7854617129 3.62631047534 3.31128368277 0.140104311468 0.528280475316 0.138191455507 0.119685451791 3.42769283847 4.9373250512 1.2072800915 0.937971553589 0.0463309762647 0.0177648024392 0.015128836799 0.108506857436 10.2881849774 10.526478378 0.123918743483 0.12826439866 0.0677188732246
-9999.0 -9999.0 -9999.0 -9999.0 -9999.0 -9999.0 -9999.0 -9999.0 -9999.0 -9999.0 -9999.0 -9999.0 0.275587055688 3.83816056671 9.78720275537 10.5925373512 14.5275609639 14.9340780003 3.47789982432 2.43026938602 0.714522766349 0.227622058902 0.924233031868 1.14181173285 1.7328070009 0.401631023908 0.356372973492 0.287599996205 0.542536369926 0.236392469274 0.210382277858 0.0965843272719 0.0196524828313 0.0327026052936 98.968985447 102.763782809 102.96454631 0.141552742815 1.42431873505 0.610287630703 0.179103075311 5.47852030198 0.377864733187 0.194125268802 0.751019264759 0.110557989459 0.0976043160535 0.184635299724 0.283550521394 0.399712502504 10.7314472101 0.0974783073409 0.0875819665882 0.0876949614553
-9999.0 -9999.0 -9999.0 -9999.0 -9999.0 -9999.0 -9999.0 -9999.0 -9999.0 -9999.0 -9999.0 0.304015019001 2.93833346564 3.55399981467 0.551921336374 0.179734984693 0.391435767452 15.5615698288 15.8741356248 19.744233834 0.207074264393 0.43273222317 0.194668318955 0.197791293615 1.92816776385 2.52472761314 3.06778345845 0.182807680437 0.726773702733 1.14395755466 0.653416640737 0.271197690838 0.129927786623 0.066195065614 0.0772245795226 0.0508628650329 103.123084344 103.253058346 104.906568086 0.306984958644 0.162093572588 5.75270515301 0.411424910395 0.209923277034 0.222433147924 0.220200248886 0.202612475273 0.303177814125 0.954110727961 1.47920548495 12.3108765245 0.0769941834643 0.232127721999 0.157422496288
-9999.0 -9999.0 -9999.0 -9999.0 -9999.0 -9999.0 -9999.0 -9999.0 -9999.0 -9999.0 -9999.0 0.312530952817 2.06180651709 0.317798551376 0.271026547341 1.43143671854 1.6667526675 1.90418680213 2.12860070093 26.2675040593 26.4655163051 26.8718751644 29.7281815439 30.2408831979 30.4947255579 30.6949819157 33.9967085277 34.3725836481 34.5578553277 35.8756285953 36.7234398742 36.8994950261 37.2744581079 0.231154166733 0.130301796749 0.0128377617068 0.023220618311 103.373572477 105.46232817 0.444033964262 7.00427528515 6.82569849056 0.779851262747 0.187215955672 0.190596214243 0.185718631782 0.183837853431 0.368875544735 0.525626146835 0.148008041849 12.4077453433 12.5099835304 12.9891519986 13.0752753648
-9999.0 -9999.0 -9999.0 -9999.0 -9999.0 -9999.0 -9999.0 -9999.0 -9999.0 -9999.0 -9999.0 1.0745693042 1.41597738875 0.640473583008 0.935639878957 0.28953461306 3.29388354552 3.54185458721 4.03355923413 4.16694734455 1.56202778242 28.7262365397 28.8980479175 0.111138597537 0.0536412988006 0.0302763621343 0.094804624365 0.0411610515864 0.0203359088782 0.0192752708437 0.0335216052168 36.979806423 37.3798640666 37.8172853663 38.1289998163 38.24100212 0.031976492356 0.0174435784083 112.869344207 7.29918895311 7.19208664021 0.171310002869 0.16276294014 0.151836487056 0.347302814982 0.342906426877 0.160654257359 0.16148447251 0.15097831672 0.29687362797 0.393835345172 0.0737774446128 0.135581931251 0.04287116058
-9999.0 -9999.0 -9999.0 -9999.0 -9999.0 -9999.0 -9999.0 -9999.0 -9999.0 -9999.0 -9999.0 -9999.0 0.729919240787 0.333920471815 0.298533555869 2.79945896145 3.05682991578 0.26009454131 1.0115103041 1.23117200759 1.38663596625 0.193213511028 0.135765160564 3.90486598819 4.01070368208 4.09667584005 11.4897780753 11.5271188218 11.56497679 12.1573369157 12.2782917432 12.2942239987 0.0179637800238 0.0192488073937 0.033425327426 38.4282927854 0.0541769996033 114.173267574 114.046093633 1.0912039983 0.972038934478 0.655471280391 0.164096388205 0.302816558355 0.503835776004 0.499822424559 0.315031894869 0.155886619133 0.303777057305 0.301666543373 0.52813020723 0.0895389345885 0.211391303993 0.338059653951
