data/baseflow/History/mHMbfrc264
ncols                  80
nrows                 72
xllcorner      4374000.0
yllcorner      5656000.0
cellsize            500
NODATA_value       -9999
[rows 0 to 23 of 72, columns 0 to 53 of 80]
-9999.0 -9999.0 -9999.0 -9999.0 -9999.0 -9999.0 -9999.0 -9999.0 -9999.0 -9999.0 -9999.0 -9999.0 0.226150044474 0.39178592473 -9999.0 -9999.0 -9999.0 -9999.0 -9999.0 -9999.0 -9999.0 -9999.0 -9999.0 -9999.0 -9999.0 -9999.0 -9999.0 -9999.0 -9999.0 -9999.0 -9999.0 -9999.0 -9999.0 -9999.0 -9999.0 -9999.0 -9999.0 -9999.0 -9999.0 -9999.0 -9999.0 -9999.0 -9999.0 -9999.0 -9999.0 -9999.0 -9999.0 -9999.0 -9999.0 -9999.0 -9999.0 -9999.0 -9999.0 -9999.0
-9999.0 -9999.0 -9999.0 -9999.0 -9999.0 -9999.0 -9999.0 -9999.0 -9999.0 -9999.0 -9999.0 -9999.0 0.439541122932 1.36834983651 0.311559442506 -9999.0 0.408261434664 -9999.0 -9999.0 -9999.0 -9999.0 -9999.0 -9999.0 -9999.0 -9999.0 -9999.0 -9999.0 -9999.0 -9999.0 -9999.0 -9999.0 -9999.0 -9999.0 -9999.0 -9999.0 -9999.0 -9999.0 -9999.0 -9999.0 -9999.0 -9999.0 -9999.0 -9999.0 -9999.0 -9999.0 -9999.0 -9999.0 -9999.0 -9999.0 -9999.0 -9999.0 -9999.0 -9999.0 -9999.0
-9999.0 -9999.0 -9999.0 -9999.0 -9999.0 -9999.0 -9999.0 -9999.0 -9999.0 -9999.0 0.19760431346 0.174371069296 0.190941585881 0.192452574275 1.70550460201 1.9156157761 1.11032368485 0.358950532077 -9999.0 -9999.0 -9999.0 -9999.0 -9999.0 -9999.0 -9999.0 -9999.0 -9999.0 -9999.0 -9999.0 -9999.0 -9999.0 -9999.0 -9999.0 -9999.0 -9999.0 -9999.0 -9999.0 -9999.0 -9999.0 -9999.0 -9999.0 -9999.0 -9999.0 -9999.0 -9999.0 -9999.0 -9999.0 -9999.0 -9999.0 -9999.0 -9999.0 -9999.0 -9999.0 -9999.0
-9999.0 -9999.0 -9999.0 -9999.0 -9999.0 -9999.0 -9999.0 -9999.0 -9999.0 0.173589519322 0.377961329239 0.745744251495 0.359901348618 0.171212345748 0.345553133206 2.06642679035 3.8057212339 0.342512445454 -9999.0 0.180414705366 -9999.0 -9999.0 -9999.0 -9999.0 0.75117442188 0.399323246085 -9999.0 -9999.0 -9999.0 -9999.0 -9999.0 -9999.0 -9999.0 -9999.0 -9999.0 -9999.0 -9999.0 -9999.0 -9999.0 -9999.0 -9999.0 -9999.0 -9999.0 -9999.0 -9999.0 -9999.0 -9999.0 -9999.0 -9999.0 -9999.0 -9999.0 -9999.0 -9999.0 -9999.0
-9999.0 -9999.0 -9999.0 -9999.0 -9999.0 -9999.0 -9999.0 -9999.0 0.224369359299 0.593199382889 0.760628293307 0.936575027185 1.28388411007 0.168279256565 0.669528898382 0.825276367355 4.98211922115 0.126737044142 0.100253044117 0.327111363439 0.465904907128 0.147688018948 -9999.0 1.70847799886 1.40512327344 0.323321297994 -9999.0 -9999.0 -9999.0 -9999.0 -9999.0 -9999.0 -9999.0 -9999.0 -9999.0 -9999.0 -9999.0 -9999.0 -9999.0 -9999.0 -9999.0 -9999.0 -9999.0 -9999.0 -9999.0 -9999.0 -9999.0 -9999.0 -9999.0 -9999.0 -9999.0 -9999.0 -9999.0 -9999.0
-9999.0 -9999.0 -9999.0 -9999.0 -9999.0 -9999.0 0.215381155227 0.175597355526 0.170645111282 0.177442611006 0.187978709855 1.32785522824 2.80341800769 2.98801456511 3.13313235758 0.14702574532 5.26180320342 5.38019068098 0.243481403508 0.146192380666 0.601411245275 1.03392459276 0.128627030461 2.0968929231 0.104735765319 0.114054892428 0.106856583632 -9999.0 -9999.0 -9999.0 -9999.0 -9999.0 -9999.0 -9999.0 -9999.0 -9999.0 -9999.0 -9999.0 -9999.0 -9999.0 -9999.0 -9999.0 -9999.0 -9999.0 -9999.0 -9999.0 -9999.0 -9999.0 -9999.0 -9999.0 -9999.0 -9999.0 -9999.0 -9999.0
-9999.0 -9999.0 -9999.0 -9999.0 -9999.0 -9999.0 0.447166622401 0.65170479799 1.44290260765 1.95164747392 0.1550960847 0.178824819125 0.168445761031 0.458128232577 3.72070887963 0.129776897035 5.51048971717 6.02710340847 0.372610335919 0.271025103435 1.159167538 0.140528101528 2.22841836151 0.203966762235 0.0922996542031 0.200911650162 0.214363461583 0.134570381431 0.147990284874 0.140994400423 0.156147594309 0.310903209599 -9999.0 -9999.0 -9999.0 -9999.0 -9999.0 -9999.0 -9999.0 -9999.0 -9999.0 -9999.0 -9999.0 -9999.0 -9999.0 -9999.0 -9999.0 -9999.0 -9999.0 -9999.0 -9999.0 -9999.0 -9999.0 -9999.0
-9999.0 -9999.0 -9999.0 -9999.0 -9999.0 0.272795482159 0.51369149354 0.241583129542 0.451323763428 2.16648450402 2.51869870526 2.87885706448 10.3667303877 0.149992778284 3.86624438762 15.6913997225 15.8300050675 22.1486599848 0.144246056754 0.395704009942 1.28498210869 0.12398670257 3.44299488646 1.08785693812 0.622251845624 0.520763998615 0.102245384969 0.394786730416 0.425336646624 0.281983243624 0.132490815429 0.448918422377 0.127142121033 0.123405534771 -9999.0 -9999.0 -9999.0 -9999.0 -9999.0 -9999.0 -9999.0 -9999.0 -9999.0 -9999.0 -9999.0 -9999.0 -9999.0 -9999.0 -9999.0 -9999.0 -9999.0 -9999.0 -9999.0 -9999.0
-9999.0 -9999.0 -9999.0 -9999.0 -9999.0 0.278556838332 0.797675576648 1.57158948267 1.80415355074 3.58087432706 3.79003425932 4.46792178267 7.34140153579 11.027285667 11.3931947075 11.5495786155 0.253131892866 22.6809907024 22.9810925828 23.6614732229 28.8923679167 3.82696838043 3.57872590332 0.754285762355 0.124776970417 0.684678942755 0.482549816035 0.084686924783 0.542862089037 0.12134696677 0.250535467878 0.694179112829 0.818787455196 0.244400265544 0.11144399143 0.116180212218 -9999.0 -9999.0 -9999.0 -9999.0 0.298312177739 0.300375915081 -9999.0 -9999.0 -9999.0 -9999.0 -9999.0 -9999.0 -9999.0 -9999.0 -9999.0 -9999.0 -9999.0 -9999.0
-9999.0 -9999.0 -9999.0 -9999.0 -9999.0 0.260536435663 0.245119997 1.05863466507 1.30114260778 1.55706891072 0.233764555211 0.458213548181 2.66626678189 0.467927728063 0.204367979836 0.15521851537 0.125245965936 0.155066553908 0.147258278477 0.15815605527 29.0233490339 29.3929087826 0.119205789844 0.364599436522 0.248374732073 0.785417496298 0.172294876068 0.0776603466069 0.654157544645 0.240792420427 0.626080271629 1.41177782891 1.28809502315 0.346287792105 0.318307847593 0.122539988755 0.121954197398 -9999.0 -9999.0 0.123709354875 0.514215701069 1.44120604562 0.315371016496 -9999.0 -9999.0 -9999.0 -9999.0 -9999.0 -9999.0 -9999.0 -9999.0 -9999.0 -9999.0 -9999.0
-9999.0 -9999.0 -9999.0 -9999.0 -9999.0 -9999.0 0.291231998812 0.289043189571 0.522586635689 0.775516150711 1.75962686184 2.2326663794 2.46933635451 0.247243054678 0.152865800264 2.24530837723 2.69744974647 2.82826080119 3.44881237998 3.58276130777 0.129817902233 29.5245776452 30.1284061067 0.480057112787 0.1025318965 0.88776730556 1.9419356966 0.808695145643 0.19669124143 0.10762123582 2.25246745515 1.52379245117 0.0878316239976 0.0913147074973 0.411287203562 0.360732667404 0.097611254391 0.0800942553108 0.122373445552 0.242637096581 0.118399658319 1.73660217422 1.82843626411 0.0740148581357 -9999.0 -9999.0 -9999.0 -9999.0 0.0942825794531 0.0860464932533 0.0995932842648 -9999.0 -9999.0 -9999.0
-9999.0 -9999.0 -9999.0 -9999.0 -9999.0 -9999.0 -9999.0 0.258959865287 0.23427012285 0.506738911507 0.765488389782 0.237540650851 0.18426233065 1.25194520354 1.58808759429 1.94873418035 0.162154001159 0.335678647958 0.16466761111 3.72692448406 8.53956347346 8.79897153725 39.2141237556 0.118820892207 0.288906297279 0.0902650628231 2.02059066517 0.0928813674265 0.305037161168 0.0987487540525 2.34271640917 2.43572174164 0.179546036883 0.187372397219 1.10539663412 0.576045089351 0.177454488474 0.0978575994218 0.243097626431 0.361511385562 0.577685009448 0.0848269499175 1.96068150065 2.01383238025 0.0482608738007 0.0542357547383 0.0570145682714 0.0489381658986 0.0468329295536 0.239663826864 0.182857826844 0.0890015503477 -9999.0 -9999.0
-9999.0 -9999.0 -9999.0 -9999.0 -9999.0 -9999.0 -9999.0 -9999.0 0.501211199562 0.712188509127 0.231897925754 0.483431414697 0.690224408741 1.09708287636 0.202561419528 0.194444095811 0.158204915582 0.159418425724 0.135403884124 4.52542439695 0.163582041508 0.312338346828 39.7685114112 39.9504331698 0.0364665727012 0.364071986396 2.45054352387 0.195554976546 0.387297839577 0.166304881834 0.243132484716 2.7705235901 0.260523662831 1.55758680979 1.29623685338 0.103107464089 0.499967280189 0.212007534746 0.354660482665 0.106504789709 0.658147211655 0.801491820124 0.847836702567 0.89067151984 2.19738873734 0.0936658310391 0.100203190647 0.0876810750498 0.0833257121337 0.288000198515 0.060605781003 0.337613242397 0.402425568128 -9999.0
-9999.0 -9999.0 -9999.0 -9999.0 -9999.0 -9999.0 -9999.0 -9999.0 0.272966043841 1.2447977417 1.46552386815 0.219898180483 0.421925999091 0.200910458379 0.173670645876 0.170527662033 2.14133606326 2.7440118191 3.42903653755 4.2362733534 0.161320510839 0.154824032974 0.0736612837188 40.556706425 40.8278782853 40.876423403 3.22588896148 0.731417768051 0.65632331902 0.063202393725 0.312681709185 3.15470107163 0.0710795790481 1.62934634804 0.102406657843 0.733001406066 0.616824664834 0.111688256005 0.466169223638 0.216828108987 0.326431111963 0.0616188032704 0.0407164884075 0.932719134471 0.971622189834 2.23619663776 0.142932138422 0.127555110852 0.122908374176 0.351940995578 0.475204524645 0.0615316712782 0.47496090019 0.0906704745602
-9999.0 -9999.0 -9999.0 -9999.0 -9999.0 -9999.0 -9999.0 -9999.0 -9999.0 0.286974118339 1.70978940366 1.91883043465 0.622253246831 1.00985646749 1.34515294857 1.50751852866 0.166516261806 0.455813071667 0.30771890793 0.174160170498 0.162954438104 0.135414039716 0.237374523159 0.329143197997 0.0768750272517 44.2550814925 44.2901000355 0.0349102363656 0.0374819036819 0.149985695425 0.226770672845 3.36863389559 0.141993306771 1.68834289542 1.11911476773 0.939747337396 0.10534814813 0.213547438983 0.566035094863 0.0999452403752 0.425249591936 0.143050639396 0.0640095027976 0.0272891866943 1.07054284556 3.3389963274 0.17269192268 0.158187328407 0.169754702065 0.0519773093803 0.527305173878 0.0505011548565 0.599477362822 0.0826436489903
-9999.0 -9999.0 -9999.0 -9999.0 -9999.0 -9999.0 -9999.0 -9999.0 -9999.0 -9999.0 0.206385699731 2.33343564273 0.196895220632 0.382046450679 0.533151245064 0.806619239969 0.132547999458 0.279150622851 0.13480861045 0.116908262888 0.108980647385 0.210392706839 0.0898866251178 0.066220579544 0.108750305398 0.0555000087509 44.3511988861 44.4318654359 44.5476861582 0.27029248559 0.0896201523204 0.17881150081 3.46306616441 3.21023610665 1.31380077441 0.0973388991716 0.419041688855 0.315404528495 0.666177382772 0.199400659557 0.758684557578 0.231747244999 0.119320390902 0.0263595585788 0.0346812909634 3.38402757415 3.42539970248 3.7900037136 0.335646872018 0.108724442759 0.584522735973 0.690921880084 1.34392357014 0.153187987714
-9999.0 -9999.0 -9999.0 -9999.0 -9999.0 -9999.0 -9999.0 -9999.0 -9999.0 -9999.0 -9999.0 0.220999887501 2.72868542059 0.169645348676 0.317209179164 1.3771416782 0.119588728529 0.11641925396 0.10572626324 0.245797254434 0.141734478853 0.480560951215 0.660475094551 0.736345733826 0.159834576736 0.18943378067 0.0338504745619 0.0462118481873 0.0600828326995 44.9768632263 45.1973515937 3.5226017866 3.34567683563 3.2783670074 0.138470972335 0.0668157925992 0.511879733593 1.36702996126 0.762517049542 0.294371442195 1.13717517973 0.323707478284 0.247255460802 0.0641658790735 0.0286213241045 0.0183212766634 0.02121376651 3.93639601054 4.42617496208 0.0570508301348 0.0507473011095 0.0601917834333 1.41457399494 1.63885977392
-9999.0 -9999.0 -9999.0 -9999.0 -9999.0 -9999.0 -9999.0 -9999.0 -9999.0 -9999.0 -9999.0 0.201561338424 3.11366321561 3.68821077101 0.154572853527 1.66881627812 0.10462129898 0.102779704185 0.247069066842 0.638564764154 0.13795877989 0.148392425647 0.0944926360572 0.912182935856 0.999503729292 1.28695026873 1.36756119645 1.40310117642 1.43631174213 1.48293767204 46.7310897754 50.3170599827 53.7200121781 53.7640049661 0.0344895851965 0.0695838816515 1.55357479264 1.46089565283 0.0947026609665 0.0921362435985 1.22708899719 1.63289437679 0.0667595394668 0.842116078385 0.780715383895 0.177876773994 0.0627142160192 0.111890491077 0.0556434166846 4.50889319554 0.0404296207507 0.146304637727 0.179304430705 1.95073702947
-9999.0 -9999.0 -9999.0 -9999.0 -9999.0 -9999.0 -9999.0 -9999.0 -9999.0 -9999.0 -9999.0 0.225884905202 0.415069990352 3.86825276591 4.15420806476 0.132415824485 1.9660751196 0.0911206975272 0.298430247191 0.756043974403 0.265588283079 0.126757882349 0.234113191552 0.0703657090746 0.150109649507 0.0959575821815 0.0881125017071 0.0790941814048 0.0662824360255 0.0358182089571 0.0178372555472 0.0166268171692 0.021455028739 0.0403731116012 53.8844612346 1.69631402588 1.6052923241 0.0251901519373 0.258144065796 0.0897679592185 0.108527371954 1.71050782988 2.78667751125 0.929232824834 0.707531914602 0.126173648634 0.0403864755761 0.0351097340527 0.0744860165127 4.62617273568 4.70216144539 0.0402830271163 0.0421566347882 0.0336132425518
-9999.0 -9999.0 -9999.0 -9999.0 -9999.0 -9999.0 -9999.0 -9999.0 -9999.0 -9999.0 -9999.0 -9999.0 0.169796179704 2.52910012124 6.85291795659 7.32522269081 9.41270472442 9.60065133478 1.75643242096 1.28335205077 0.394898432021 0.124290269602 0.473959477277 0.574786864205 0.823255333237 0.197200174054 0.182162710929 0.175137906734 0.333770270345 0.126408320803 0.104653113961 0.0790087002477 0.047677620515 0.0197257141563 53.9210480247 55.6918351736 55.7338567708 0.0236893331151 0.693690341231 0.384697857382 0.0963792688393 3.05422619385 0.193759913216 0.101506571534 0.445000340154 0.092062007937 0.0472994855154 0.0865657894717 0.122847924847 0.165219538778 4.76443897872 0.0288848747687 0.0250907463406 0.0250639624906
-9999.0 -9999.0 -9999.0 -9999.0 -9999.0 -9999.0 -9999.0 -9999.0 -9999.0 -9999.0 -9999.0 0.19753537719 1.95580281478 2.34599318976 0.330551581775 0.198336975871 0.34821769743 10.0708124551 10.1956149749 12.1477743782 0.110545675289 0.233498117069 0.101280526207 0.102815934946 0.921357112459 1.21632163077 1.4856113839 0.0862692441165 0.419064152491 0.62921694598 0.346149809397 0.161118095041 0.117948115407 0.086737142608 0.0831848299301 0.0121655331103 55.7626166645 55.7823410261 56.5074268915 0.134710130025 0.0770361731275 3.18844855183 0.227802966658 0.112107440663 0.124309396041 0.122615449582 0.105003942636 0.153520375616 0.433246473257 0.640482007746 5.43552625331 0.0214770222482 0.0651833668955 0.044432470551
-9999.0 -9999.0 -9999.0 -9999.0 -9999.0 -9999.0 -9999.0 -9999.0 -9999.0 -9999.0 -9999.0 0.204897642249 1.40044080973 0.205086110364 0.160201177078 0.942498476072 1.0770537342 1.20675557378 1.33367686174 16.0307003122 16.1601674692 16.3869575651 18.02367793 18.299126264 18.4405643025 18.5371190012 20.2163965758 20.462877367 20.5508794308 21.2752225233 21.7154978445 21.7969710099 22.0736341666 0.165664820389 0.15174628631 0.0148062133489 0.00512487293593 55.7992794047 56.6893970239 0.166542051546 3.82045106647 3.74774416642 0.39584347328 0.0909803229345 0.0912323258084 0.0867729548376 0.0883715309469 0.175026900958 0.237379095756 0.0523596253397 5.46416186954 5.49500985376 5.63102980633 5.65598568165
-9999.0 -9999.0 -9999.0 -9999.0 -9999.0 -9999.0 -9999.0 -9999.0 -9999.0 -9999.0 -9999.0 0.737554864196 0.969187645224 0.415812149392 0.596991391367 0.175850076187 1.91191479888 2.03689354299 2.29382630551 2.42244177819 0.810273058976 17.460788651 17.5858068146 0.0664505108894 0.0411835699765 0.0412228342391 0.0888751946127 0.0526741296386 0.0488177287449 0.0539797748708 0.055193076081 21.8784437313 22.1552824422 22.4094142145 22.6379779755 22.6748455353 0.0101934354549 0.00275681971785 60.625264579 3.92124015592 3.89993315823 0.0882061044945 0.0625606853376 0.0537528212313 0.148444272467 0.143418015183 0.0711657694268 0.0719077375955 0.0708871680626 0.12360004829 0.1547061935 0.0209722478518 0.0394112601548 0.0136979150624
-9999.0 -9999.0 -9999.0 -9999.0 -9999.0 -9999.0 -9999.0 -9999.0 -9999.0 -9999.0 -9999.0 -9999.0 0.49800214458 0.225562823335 0.19026582141 1.66114554767 1.78834440242 0.13531112774 0.474361706232 0.601469729518 0.699276298816 0.132310243108 0.0591122049095 2.14007158661 2.18215357053 2.22197227985 5.99046473965 6.02243591834 6.10063497808 6.4404037607 6.67134486297 6.71042626624 0.0651838264503 0.0677996051424 0.0585423728065 22.7119124024 0.00773305076121 61.2020950296 61.1731221369 0.53778634602 0.512358870469 0.310894947795 0.0757474848518 0.107655069552 0.203890947253 0.198671540379 0.134885293009 0.0688120488863 0.13728221486 0.150639204345 0.225674057317 0.0564850065505 0.0817189505627 0.126491768778
