data/baseflow/History/mHMbfrc284
ncols                  80
nrows                 72
xllcorner      4374000.0
yllcorner      5656000.0
cellsize            500
NODATA_value       -9999
[rows 24 to 47 of 72, columns 0 to 53 of 80]
-9999.0 -9999.0 -9999.0 -9999.0 -9999.0 -9999.0 -9999.0 -9999.0 -9999.0 -9999.0 -9999.0 -9999.0 0.704486371637 1.86407665849 2.40033941362 4.00612125638 0.427992188395 0.873922957294 1.27152191281 5.05882170822 5.32392804821 5.46788275617 5.70702325408 6.00627030178 9.35594610811 10.1819646382 10.5613939749 0.111281655936 0.86693167418 0.966532609476 18.770724408 19.0581819346 19.2034759926 19.3539098368 19.4745179888 81.4114005314 0.116193494531 179.00490439 0.135754661147 0.0532757386161 1.23003871271 1.11585941157 0.124151053884 0.643528740696 0.980146075575 0.969083133651 0.653173254818 1.0649022683 1.6827677549 0.618162562473 1.59846525247 0.103046455357 0.141649661533 0.0207950887132
-9999.0 -9999.0 -9999.0 -9999.0 -9999.0 -9999.0 -9999.0 -9999.0 -9999.0 -9999.0 -9999.0 -9999.0 0.636340169465 1.2524019392 0.538827380335 1.0894763628 0.431282715861 3.49332197841 4.27564533582 4.69467946632 0.35398189004 0.646584927918 7.40126955112 8.8989501949 9.11436398264 0.561754253638 0.532744807454 0.719628634194 0.0758434420608 0.0626754851424 0.115531840874 0.0663101324027 12.2852204805 12.37284493 12.4318091077 81.5769923106 179.68136086 179.048395781 0.0738079821254 0.0396017998299 0.0362446703391 0.198444555419 0.169507417426 0.715738735971 1.11438320337 2.27730941485 0.196290474367 0.194436028901 1.82355928852 1.96803101254 3.84535169975 3.92528176842 4.08926819783 4.12762297821
-9999.0 -9999.0 -9999.0 -9999.0 -9999.0 -9999.0 -9999.0 -9999.0 -9999.0 -9999.0 -9999.0 -9999.0 -9999.0 0.54363250464 1.09145879556 1.65413914755 2.57995833173 0.489472614804 0.410851654405 3.44223294785 3.79349071722 6.8620556743 7.22740218378 0.994752259711 0.325325999752 0.278809708787 0.247311415171 11.8193094535 11.9360813704 12.022395365 12.0832802536 12.2116083991 1.20055343829 1.29546899114 13.7989916018 275.14656368 0.462378030519 0.341024417974 0.134807980383 0.0420149854019 0.0301494339539 0.266977253763 0.287695749776 0.771889180712 0.0287120625439 2.32092160124 0.278803104842 0.269548614387 0.02962304699 0.0180873763885 0.0165132971341 0.0303399641392 0.0185909807862 4.14482004733
-9999.0 -9999.0 -9999.0 -9999.0 -9999.0 -9999.0 -9999.0 -9999.0 -9999.0 -9999.0 -9999.0 -9999.0 -9999.0 -9999.0 0.517798777509 1.11965634915 1.66032641722 2.20527094493 2.62339700547 3.06012071792 1.23071961338 2.04257765408 0.357462280864 0.33768450606 10.3574877113 11.0122426647 11.3054233838 11.6199850423 0.191342600078 0.314947611585 0.892590382653 0.989250180214 1.08766642815 0.120800767006 0.106115891559 275.514926966 0.126642200701 0.149879979568 0.0747963934139 0.175475123644 0.0814928008661 0.0541577314522 1.10714473426 1.17202150627 0.0333123091817 2.36468795277 2.66109610578 0.283287916659 56.8364082197 56.790734047 56.7534550448 56.6509026617 56.5918144468 55.7021045908
-9999.0 -9999.0 -9999.0 -9999.0 -9999.0 -9999.0 -9999.0 -9999.0 -9999.0 -9999.0 -9999.0 -9999.0 -9999.0 -9999.0 0.165082504866 0.353706613597 0.54807317853 5.33760784633 5.76880121957 0.444333048095 0.4141382218 0.406261448716 8.9496651065 9.70479247234 0.357401050285 0.36943076238 0.271668057046 1.13239777138 1.40680253516 0.598245584135 0.734361383908 6.84270007989 7.00233244588 7.38972029817 11.3029672605 286.92702588 0.130167882016 0.0593476087003 0.274240883026 0.225285910989 0.0492906399195 0.160121686569 0.21799552334 1.23189934602 1.28348137461 4.03440396249 2.67943671192 0.302804599368 57.7905391301 0.437883538302 56.7157327233 56.6856794622 0.83504035282 0.0676206510913
-9999.0 -9999.0 -9999.0 -9999.0 -9999.0 -9999.0 -9999.0 -9999.0 -9999.0 -9999.0 -9999.0 -9999.0 -9999.0 -9999.0 0.825049649333 1.35446355131 2.72844122469 4.79942695334 6.28725625727 7.37431867265 7.79108946971 8.2146396189 8.61372158933 0.361908875898 0.3132430034 0.60613017971 0.568058175666 0.296538196826 6.03607899532 6.30009784321 6.54292283984 6.76075426885 3.44136600026 3.54420071459 3.76105982417 287.021368139 0.253278672485 0.171022338878 0.487546036545 0.0474554617553 0.144932705765 0.0838384678252 0.0533932482499 0.285599496655 0.0412656683635 0.042539360248 62.0763021486 58.0091945266 57.9655790417 0.190856793314 0.417495431508 0.255269462349 0.0468158185693 0.695644172952
-9999.0 -9999.0 -9999.0 -9999.0 -9999.0 -9999.0 -9999.0 -9999.0 -9999.0 -9999.0 -9999.0 -9999.0 -9999.0 -9999.0 0.574380754133 0.540285251936 1.06089126224 1.5935763447 0.552398712494 0.515624271035 0.945263396325 1.35789389693 2.11032168119 2.48962484753 2.82070322427 3.77049660044 4.06378476262 4.38328874249 0.279020836944 2.87268748668 3.07741046291 3.22484499981 0.0897420693967 0.0314023450123 0.0611608640959 290.815283086 290.9043272 291.310818189 0.642468258179 0.106681565987 0.188007446057 0.0499100050184 0.0965955326384 0.334765254186 0.414699127528 0.0778556136335 62.2829195662 0.0747571403288 0.105731766983 0.116664931441 0.0983286303821 0.163664276803 0.0690797876451 0.505738331519
-9999.0 -9999.0 -9999.0 -9999.0 -9999.0 -9999.0 -9999.0 -9999.0 -9999.0 -9999.0 -9999.0 -9999.0 -9999.0 -9999.0 -9999.0 0.513613080987 1.00107181935 0.468910949843 0.974937001312 6.07917774857 6.51926566949 6.91198168948 0.376439705856 0.38009905235 0.709776207816 1.03970422752 1.60750135882 1.90007201059 2.07629806897 2.3312887162 0.196184162981 0.149570559274 3.44331725343 3.49328103644 3.55305582037 3.63561738747 3.10867121663 294.761603188 295.890546997 295.936498135 296.162993412 296.384531424 296.52282673 0.0412116708114 0.454482977134 62.3210719319 0.0955221914268 0.0490249957678 0.0670410190036 0.0650371294999 0.110041140069 0.0869079736273 0.0516227381846 0.0810103300691
-9999.0 -9999.0 -9999.0 -9999.0 -9999.0 -9999.0 -9999.0 -9999.0 -9999.0 -9999.0 -9999.0 -9999.0 -9999.0 -9999.0 -9999.0 -9999.0 1.48536585903 1.980210933 3.48232151697 4.58928624129 0.579150915792 7.97032047926 8.34321017112 8.69376014595 0.347466444158 0.675660930904 0.288588756408 2.22559568154 2.37805007756 2.61150959926 2.83861587502 3.30943844341 3.39029022731 0.0499760537958 2.74659442105 2.92351960681 3.027795879 3.35931861309 0.405001043802 0.243417841333 0.126790304949 0.118007788251 296.645911906 296.705105223 297.459231872 62.3631973942 0.281351716423 0.146922674769 0.103445120276 0.0290520462193 0.292314530468 0.144138039282 0.0461764092205 0.259726002629
-9999.0 -9999.0 -9999.0 -9999.0 -9999.0 -9999.0 -9999.0 -9999.0 -9999.0 -9999.0 -9999.0 -9999.0 -9999.0 -9999.0 -9999.0 -9999.0 0.502476271322 2.48182809974 3.01315832833 0.597980753084 0.42341024471 0.861676145774 1.25103328675 10.3182521699 0.343456932256 1.38150119287 1.68717122711 1.98038874622 0.160405752172 0.370600714402 0.45579252004 2.2073049333 2.41611971317 2.51677581779 0.0947242157385 0.0753048566153 0.0765417868342 0.141788841153 0.0553563426473 0.056765802241 0.079459787237 0.0706919565274 0.0839744694767 0.256799298382 297.526249495 360.063157524 0.3349109435 0.0523126140391 0.0325370254783 0.901898552693 0.837908371939 0.495676263761 0.443471126634 0.327087925361
-9999.0 -9999.0 -9999.0 -9999.0 -9999.0 -9999.0 -9999.0 -9999.0 -9999.0 -9999.0 -9999.0 -9999.0 -9999.0 -9999.0 -9999.0 0.43294670814 1.38324032557 0.451046072218 0.566147316622 0.500014673285 0.940917672962 1.36397924611 1.78943610521 12.5500425721 12.8787508119 0.340090093589 0.647961230514 0.961466192643 1.16073856469 1.34423368454 1.87578174061 2.10766228967 0.0795960569307 0.0881184798199 0.0732579491123 0.0736855265473 0.0799732116628 0.0980238787559 0.0828432982164 0.10520983878 0.307094103135 0.150190830678 0.0818597405025 0.0800422916388 0.0641150421968 0.118385776909 362.986573519 2.5425707894 1.103257637 0.123605667472 0.0573083540063 0.0435672148001 0.137714088061 0.0889021910446
-9999.0 -9999.0 -9999.0 -9999.0 -9999.0 -9999.0 -9999.0 -9999.0 -9999.0 -9999.0 -9999.0 -9999.0 -9999.0 -9999.0 0.460928468117 0.879818624959 3.0977535909 0.392202933267 1.11365004042 1.59050421852 2.01990617883 0.456442889872 0.83391240722 1.30430357482 14.5922586259 0.316315262295 0.59923369387 0.886416411682 0.251833123248 0.488089248839 0.55256082877 0.735495144695 23.6824818379 23.8785926281 24.057501028 24.9013269687 25.1378276447 25.7329413089 0.13932995778 0.301677375379 0.35935301512 27.423293867 27.5634530596 0.0737941715384 0.118825459067 0.163007597887 363.040024095 2.44724415127 1.18948839569 1.1222838053 0.928810853843 0.816244224204 0.182480314663 0.0480244792578
-9999.0 -9999.0 -9999.0 -9999.0 -9999.0 -9999.0 -9999.0 -9999.0 -9999.0 -9999.0 -9999.0 -9999.0 -9999.0 -9999.0 0.478041181639 1.43491510536 5.00238016383 7.33056840948 0.334229738026 9.4384299212 11.9030723341 0.414942865875 0.789187628782 1.24368131127 18.1521884086 18.5265221213 0.240708553835 1.3677152184 1.58452679143 1.75665283618 22.3776025251 22.6617559691 22.877200916 0.108629732817 0.618284141847 0.733170943731 0.302217695656 0.429172677529 26.3385419736 26.8196146626 26.9178632398 27.0091537816 27.6736477853 0.0539151672253 0.0489619823935 0.25659829643 363.107258005 0.0875015159464 0.045663881234 0.136378959751 0.059936159095 0.720656203346 0.642131649526 0.385355271961
-9999.0 -9999.0 -9999.0 -9999.0 -9999.0 -9999.0 -9999.0 -9999.0 -9999.0 -9999.0 -9999.0 -9999.0 -9999.0 -9999.0 -9999.0 -9999.0 0.980138773893 1.93973012449 8.59612174538 9.05536441442 12.2968698531 12.7471295206 0.40788170289 0.816193710432 1.94306225996 18.8626341119 19.3928950992 19.5852667794 0.154387603224 20.2442409049 20.5302179887 0.190388520322 0.110586158963 0.215225675766 0.416635067759 0.100647293959 0.19748873629 0.426836930148 0.526099440966 0.0971590636143 0.0640822738113 0.125417917652 28.1301047345 28.2503931478 28.2929705194 28.6663290919 363.165767363 0.0612847424098 0.0248525758006 0.032964059991 0.0331837946108 0.0347386349618 0.030283031025 0.0542607468605
-9999.0 -9999.0 -9999.0 -9999.0 -9999.0 -9999.0 -9999.0 -9999.0 -9999.0 -9999.0 -9999.0 -9999.0 -9999.0 -9999.0 -9999.0 -9999.0 0.503153740492 0.485958460883 0.468102006486 0.908670673665 0.382326168252 13.5169882432 13.9293354727 0.400177146477 0.762960747645 0.32916648472 0.253680583412 0.242967340742 19.9626477281 0.0840416501982 0.179392637163 0.116512177791 0.12060714799 0.101289468439 0.0771245568729 0.08091372564 0.253069945346 0.349963255883 0.0658007988023 0.0544169660323 0.120201079663 0.204609982641 0.261477960607 0.0647758460438 28.3576767886 28.711722807 363.209605623 0.174454899262 0.054383677335 0.0147788425595 0.0446025590711 0.0119039708619 0.0092916431839 0.0650423079745
-9999.0 -9999.0 -9999.0 -9999.0 -9999.0 -9999.0 -9999.0 -9999.0 -9999.0 -9999.0 -9999.0 -9999.0 -9999.0 -9999.0 -9999.0 -9999.0 -9999.0 -9999.0 0.480394174586 1.32868107536 1.67659700206 2.04856672435 14.3150562265 14.7239992884 15.1245369071 15.5398399257 15.7747477993 16.2642155066 16.349189944 16.4219532027 16.4942382997 0.0999053823918 0.0951376625349 0.100498254229 0.344944839415 0.0923031624135 0.0892759271943 0.0675344728195 0.19718764495 0.0753339824016 0.0572877611198 0.0526403654013 0.0423650204095 0.0845198153529 0.125747492867 28.9768728973 392.405228107 0.0571347555029 0.114943177858 0.00994233789597 0.0580390066692 0.0284342870586 0.0187106083376 0.456175233443
-9999.0 -9999.0 -9999.0 -9999.0 -9999.0 -9999.0 -9999.0 -9999.0 -9999.0 -9999.0 -9999.0 -9999.0 -9999.0 -9999.0 -9999.0 -9999.0 -9999.0 -9999.0 -9999.0 0.374669689685 3.15840489474 6.04760813809 6.43174488282 0.552584282763 0.96350046722 1.33035849075 1.60528211019 3.52550495553 3.62666980073 0.0993763652371 0.099027856116 16.7091331367 16.8985156207 16.9850904488 0.409321968217 0.0535225277729 0.141791466799 0.208569454339 0.634471523012 0.778254156227 0.888221650561 0.0997737554468 0.138957957951 0.047630356231 0.09568890953 0.0499410507502 392.489922767 0.050601545599 0.213470932105 0.0644563576204 0.148516491659 0.385005164017 0.4348517532 0.92313255679
-9999.0 -9999.0 -9999.0 -9999.0 -9999.0 -9999.0 -9999.0 -9999.0 -9999.0 -9999.0 -9999.0 -9999.0 -9999.0 -9999.0 -9999.0 -9999.0 -9999.0 -9999.0 0.439633651536 1.43395833296 2.78983262239 3.61916907513 9.01629425319 9.50976033091 0.782298799281 1.14829889638 1.44487626443 1.70654055395 3.71124185294 3.90494736863 6.57013192659 6.75214756518 6.83609509959 17.067512299 17.6708348092 0.13060836097 0.0931049037439 0.0867042609128 0.165805332953 0.0753169878063 1.03451275744 1.08705329523 0.183871239498 0.226032908323 0.0360624141874 94.0107620506 94.1159435813 486.661907381 486.937544744 0.0534793653965 0.259440132479 0.0688532054606 0.0597944932539 1.02498679815
-9999.0 -9999.0 -9999.0 -9999.0 -9999.0 -9999.0 -9999.0 -9999.0 -9999.0 -9999.0 -9999.0 -9999.0 -9999.0 -9999.0 -9999.0 -9999.0 -9999.0 -9999.0 -9999.0 0.525774885963 0.510500449579 0.940703159464 2.20644771726 9.93527200777 0.407394467707 0.40162341011 0.702990822957 1.00930247543 2.27313181289 2.4013961748 0.0927464726433 0.129546648767 6.96116155801 7.04223918005 24.7811828484 24.8371726779 0.0469396618701 0.041307112432 0.0357377377296 0.0360844753165 0.0412048131906 93.0759946828 93.4005380606 93.6756517147 93.7611017821 93.9737389474 0.0582110552068 0.210779069704 0.256634590755 487.296307039 487.325751116 487.38431758 487.422520341 487.462638661
-9999.0 -9999.0 -9999.0 -9999.0 -9999.0 -9999.0 -9999.0 -9999.0 -9999.0 -9999.0 -9999.0 -9999.0 -9999.0 -9999.0 -9999.0 -9999.0 -9999.0 -9999.0 -9999.0 -9999.0 0.449071651223 0.479862772605 0.874783754683 11.6520193778 12.0871104494 0.391201114471 0.693211882652 1.00808983123 1.16565415929 0.123390858066 0.263346191663 24.4485556039 24.5409119536 24.6298354742 25.3462340089 50.2586162215 90.9514507692 91.0709958803 91.1806432962 91.2865063595 91.7770661326 91.9368098996 0.283809500721 0.121929165912 0.0771653807983 0.143601724735 0.103839158616 0.166849742873 0.0540629289901 1.18034780421 1.3546205528 1.4852144285 1.51162775924 487.476934213
-9999.0 -9999.0 -9999.0 -9999.0 -9999.0 -9999.0 -9999.0 -9999.0 -9999.0 -9999.0 -9999.0 -9999.0 -9999.0 -9999.0 -9999.0 -9999.0 -9999.0 -9999.0 -9999.0 -9999.0 -9999.0 0.461684606566 0.880034131831 1.30375832472 12.4527849808 0.407067838175 16.8584384146 17.1883427998 17.3092341475 17.4588045308 23.8527926407 24.0332538382 0.100455143808 0.539328984687 0.647637401164 0.104884122496 40.5782393589 40.3853220841 0.0615670123195 0.145956119137 0.393188877247 0.087742706293 0.0925928430469 0.0611172900532 0.0517086273942 0.0392232257832 0.0480157535422 1.01273537369 1.0653767605 1.13070970353 0.123452529975 0.0845202758809 1.56863502096 1.60874576734
-9999.0 -9999.0 -9999.0 -9999.0 -9999.0 -9999.0 -9999.0 -9999.0 -9999.0 -9999.0 -9999.0 -9999.0 -9999.0 -9999.0 -9999.0 -9999.0 -9999.0 -9999.0 -9999.0 -9999.0 -9999.0 0.407501098473 0.380193108555 1.9936865701 15.2946687533 16.1303525208 16.5594070661 0.310892051362 6.08367121563 6.19321684984 6.26123921622 0.153068127511 0.274947592937 0.369689882581 9.06116756393 9.14071421292 9.21114038078 40.255307926 25.9234390424 0.0825038434 0.084844042084 0.0801087432616 0.0610581178791 0.620181435447 0.739633631525 0.842991220443 0.902919750607 0.960284571111 7.51719452685 7.55970564899 7.61065544619 7.72465746309 8.18836381959 8.21284225849
-9999.0 -9999.0 -9999.0 -9999.0 -9999.0 -9999.0 -9999.0 -9999.0 -9999.0 -9999.0 -9999.0 -9999.0 -9999.0 -9999.0 -9999.0 -9999.0 -9999.0 -9999.0 -9999.0 -9999.0 -9999.0 -9999.0 0.799013302575 1.23295203634 0.455582872362 0.413241815431 5.10427276348 5.43029600057 5.62278232149 1.89770043555 1.98588843337 2.09227261422 2.20331218455 8.88031439699 8.99737784548 4.87990389358 14.1811848955 14.2635283286 25.8608057018 0.163458412852 0.0826034599034 0.0552928011283 0.42696858627 0.502453429106 0.0412665134376 0.037331170117 7.32384966871 7.42473216022 7.47755721285 0.0518507101252 0.0804087801926 8.12886102681 0.0404835807623 0.179966984073
-9999.0 -9999.0 -9999.0 -9999.0 -9999.0 -9999.0 -9999.0 -9999.0 -9999.0 -9999.0 -9999.0 -9999.0 -9999.0 -9999.0 -9999.0 -9999.0 -9999.0 -9999.0 -9999.0 -9999.0 -9999.0 -9999.0 0.404305803627 0.797333858563 3.43389688025 3.91294662251 4.34719419387 1.57205911918 1.80524969672 0.107883577566 6.38931146651 6.47959239502 6.57084579076 0.101415679329 4.66604211435 4.78923975048 0.0867066045605 25.4322599551 0.188219577751 0.0930772347347 0.230037172247 0.312970240337 0.0602841167873 0.0478336287528 6.8102476251 7.23123969795 7.29298216425 0.0617796489279 0.129437729295 0.161229270166 0.185231044873 0.367977218883 0.0656218826466 0.147122154054
