data/baseflow/History/mHMbfrc520
ncols                  80
nrows                 72
xllcorner      4374000.0
yllcorner      5656000.0
cellsize            500
NODATA_value       -9999
[rows 24 to 47 of 72, columns 0 to 53 of 80]
-9999.0 -9999.0 -9999.0 -9999.0 -9999.0 -9999.0 -9999.0 -9999.0 -9999.0 -9999.0 -9999.0 -9999.0 1.17830510611 3.3297709576 4.35329439942 7.41409945554 0.882349966746 1.79218415887 2.63582095077 10.3575710842 11.0814303863 11.6641627818 12.3213914927 13.0084183081 19.912124873 21.9881909313 23.1291431286 0.458508443779 2.90022749764 3.32163637718 44.4005972533 46.1692062723 46.9655963533 47.7773450814 48.4699548492 182.128486617 0.277887630692 366.221935402 0.618565997352 0.28597748052 2.92146657439 2.51843949087 0.387558766672 1.33869736264 1.99984954397 1.96050163765 1.33147290222 2.18025375216 3.43532909037 1.28052066182 3.17316584873 0.279320844634 0.439872184306 0.0901619542967
-9999.0 -9999.0 -9999.0 -9999.0 -9999.0 -9999.0 -9999.0 -9999.0 -9999.0 -9999.0 -9999.0 -9999.0 1.11050170893 2.21914968865 1.03494800836 2.06395346323 0.903221692459 6.94588129869 8.65861393855 9.53602335257 0.799813192747 1.54852869189 15.0698319931 18.6466399005 19.3004916086 1.35999728162 1.4853768903 2.15574034643 0.376783047987 0.346740135716 0.653055860095 0.300192627571 22.6284735322 22.9784240756 23.2791849767 182.474822143 368.827269751 366.551587942 0.439701519559 0.206199239193 0.184944078243 0.815737150137 0.644082355778 1.68118632027 2.3843721639 4.76804608214 0.419933981006 0.416378551369 3.79872921412 4.179173189 7.9829886704 8.18859575745 8.72306348138 8.89046965493
-9999.0 -9999.0 -9999.0 -9999.0 -9999.0 -9999.0 -9999.0 -9999.0 -9999.0 -9999.0 -9999.0 -9999.0 -9999.0 1.06379803235 2.12211322083 3.18852123165 5.06839849847 0.972968701282 0.881677456277 6.07675722144 6.88115867651 13.6447010196 14.45556782 2.25881932413 0.739609026676 0.673391297715 0.671490675549 20.5273372032 20.9611226449 21.3613943591 21.6879851384 22.3083540584 3.78854573561 4.05873554028 27.7228467046 579.210025936 1.77482830322 1.39230332504 0.666268331927 0.17729054254 0.153561476913 1.17496691155 1.29331944071 1.98717923694 0.156523252986 4.97725356285 0.707956093101 0.6933073509 0.146320034625 0.0944375884544 0.0786525896508 0.0746647906556 0.078105840258 8.96971584982
-9999.0 -9999.0 -9999.0 -9999.0 -9999.0 -9999.0 -9999.0 -9999.0 -9999.0 -9999.0 -9999.0 -9999.0 -9999.0 -9999.0 1.00890595527 1.89393705476 2.66601932857 3.44073287424 4.32071240887 5.22464290183 2.62283633694 4.37675238752 0.804135558386 0.767417302145 17.154656527 18.6150608429 19.2863243105 19.9972920131 0.524322897548 0.950602149262 2.51254952625 3.01540550049 3.4313978493 0.337762771241 0.215148340695 580.047056637 0.35722251485 0.480634766791 0.287350230749 0.785679118689 0.347570879219 0.220425396627 3.44195585537 3.56294904685 0.0939516898779 5.08148713205 5.93243686526 0.88973871791 117.422580138 117.172171462 116.977580318 116.602037108 116.459771791 114.057845128
-9999.0 -9999.0 -9999.0 -9999.0 -9999.0 -9999.0 -9999.0 -9999.0 -9999.0 -9999.0 -9999.0 -9999.0 -9999.0 -9999.0 0.212327555198 0.476278613431 0.792491373009 7.20653398704 8.11422554211 0.92074372672 0.884606578495 0.882687230925 14.0329418928 15.6913342989 0.790158483932 0.796464990071 0.645126146361 2.69037495238 3.344085896 1.61507973729 2.07192083741 15.6887931266 16.1959960456 16.9873526074 26.8079591106 607.069938487 0.367086485257 0.221295975036 1.24146029247 1.015886597 0.124956189052 0.483953057829 0.614500762052 3.70450577297 3.8163284136 9.98925454655 5.98321577691 0.988683261735 119.970296299 0.986791513468 116.808541195 116.711567271 2.2681403569 0.0722257742438
-9999.0 -9999.0 -9999.0 -9999.0 -9999.0 -9999.0 -9999.0 -9999.0 -9999.0 -9999.0 -9999.0 -9999.0 -9999.0 -9999.0 1.05234391533 1.73766121424 3.62511582305 6.32402981237 8.81750605639 10.6447831174 11.5222117268 12.412251035 13.2620947261 0.810811774464 0.727496846723 1.4258784808 1.33686803558 0.70453486343 13.6416233277 14.2787497195 14.8628321928 15.4148218093 8.61291718388 9.11284291677 9.57329626843 607.261404266 0.609103205696 0.754150419414 2.15412716793 0.219271682319 0.258438023181 0.134427231944 0.120139550155 0.731032153341 0.0875749527316 0.094069408928 130.515099261 120.453792084 120.354763615 0.424356493757 0.856334867661 0.553232309458 0.125320515929 2.10036967014
-9999.0 -9999.0 -9999.0 -9999.0 -9999.0 -9999.0 -9999.0 -9999.0 -9999.0 -9999.0 -9999.0 -9999.0 -9999.0 -9999.0 0.734218971961 0.693428592264 1.36415220074 2.05858134345 0.961449376206 1.03776808819 1.959604976 2.86640274763 4.5634801542 5.39741600895 6.11824372255 8.29198415369 8.95731034222 9.68924847724 0.660531842155 6.65550837483 7.21253266211 7.73360879034 0.421804044325 0.254356445515 0.453476507551 617.086727973 617.269166831 618.261329814 2.75040384608 0.439927605148 0.549568000383 0.157761047763 0.209913910367 0.824745404158 0.990201606255 0.16751029474 130.937510207 0.131833999853 0.225786530702 0.258394809247 0.172082160444 0.331594927716 0.13005973007 1.41791895282
-9999.0 -9999.0 -9999.0 -9999.0 -9999.0 -9999.0 -9999.0 -9999.0 -9999.0 -9999.0 -9999.0 -9999.0 -9999.0 -9999.0 -9999.0 0.660004387346 1.29758765216 0.636799867947 1.35020277696 8.22371630955 9.04766780774 9.91562662749 0.844063886473 0.843886246363 1.56594171032 2.31417921968 3.61492997201 4.29624780928 4.72946866512 5.36739143571 0.519002194086 0.487908071737 8.51745916205 8.76231544108 8.96951445502 9.17105513704 7.35465396325 626.435671491 630.398223863 630.582455241 631.291645715 632.039887001 632.343009627 0.0777799152133 1.06517338907 131.012193561 0.173020493666 0.0892694722121 0.094230138411 0.0932285624493 0.162438689826 0.165281960802 0.0983149672348 0.163962783867
-9999.0 -9999.0 -9999.0 -9999.0 -9999.0 -9999.0 -9999.0 -9999.0 -9999.0 -9999.0 -9999.0 -9999.0 -9999.0 -9999.0 -9999.0 -9999.0 1.92511568379 2.58245038748 4.57375763025 6.11440970059 0.837021851496 11.7165085603 12.5362472295 13.3060342701 0.746800948841 1.47115515473 0.641657810542 4.91471918815 5.29197966337 5.90687364871 6.55751150375 7.9694790205 8.17652180082 0.137754057287 6.59378284815 6.98822222512 7.17005649715 7.98177950791 1.02660093521 0.649680109739 0.400434124492 0.347227942058 632.772348499 632.929356372 634.693661202 131.078095939 0.483807239992 0.254338096135 0.165737529297 0.0553479341738 0.516701316088 0.28206982399 0.0859928966352 0.490981976537
-9999.0 -9999.0 -9999.0 -9999.0 -9999.0 -9999.0 -9999.0 -9999.0 -9999.0 -9999.0 -9999.0 -9999.0 -9999.0 -9999.0 -9999.0 -9999.0 0.667770537009 3.24233979756 3.94716238625 0.871025169517 0.907718373978 1.84517919038 2.69450094962 16.7953402851 0.749216469933 2.99816311484 3.66660368391 4.32034560779 0.410034381678 0.965323339912 1.26607698858 5.28603519963 5.89284589518 6.06576916663 0.200599305691 0.200564009403 0.242817993003 0.438786887365 0.196678619744 0.208075017767 0.312719343504 0.23926452351 0.27342014809 0.612527391506 634.840251796 766.234448518 0.657409508406 0.194966160411 0.0635703198461 1.65557557638 1.53204861509 0.924514606247 0.832387857444 0.624791050973
-9999.0 -9999.0 -9999.0 -9999.0 -9999.0 -9999.0 -9999.0 -9999.0 -9999.0 -9999.0 -9999.0 -9999.0 -9999.0 -9999.0 -9999.0 0.56677899661 1.8341314462 0.599317120454 0.958755814469 0.990645322985 1.90750155284 2.81547024396 3.58522819975 20.9918395255 21.7045872905 0.732291470654 1.39275330103 2.06092894449 2.53487174769 3.06247988435 4.7107217875 5.08424801135 0.379908533871 0.287440290959 0.229634315574 0.156330842946 0.316882655132 0.3110393679 0.338676558461 0.388371288154 1.01286016711 0.394272635991 0.109562838737 0.104426994797 0.106845926595 0.197421160624 771.571698 4.54212584648 2.01594909553 0.160833456034 0.0723786879191 0.0535278141041 0.199591960569 0.141182500521
-9999.0 -9999.0 -9999.0 -9999.0 -9999.0 -9999.0 -9999.0 -9999.0 -9999.0 -9999.0 -9999.0 -9999.0 -9999.0 -9999.0 0.597916374293 1.15175283272 4.12177836454 0.554649118732 1.74142032222 2.70770408051 3.60232852099 0.92340336688 1.72196309946 2.43641466944 24.7065284554 0.693825427698 1.31412590369 1.95208247563 0.586916701779 1.1638264535 1.52209906904 1.88250465949 44.7072572101 45.2976595435 45.9482361559 48.3651242222 49.0497638735 50.6023728326 0.741828585391 1.5594138134 1.3579903388 55.7982803336 56.0046709759 0.094399845357 0.167835946276 0.237413787399 771.657237556 4.20969124727 1.98126232204 1.88778495776 1.47179579809 1.27098636245 0.264266587166 0.0618299851563
-9999.0 -9999.0 -9999.0 -9999.0 -9999.0 -9999.0 -9999.0 -9999.0 -9999.0 -9999.0 -9999.0 -9999.0 -9999.0 -9999.0 0.610137058861 1.84721387329 6.57560769636 9.66743719429 0.486484155744 12.5857783112 16.7910385928 0.859274990111 1.64501909107 2.38678948078 31.4162673192 31.97668424 0.52365985296 3.01239503993 3.50731401743 3.98358748582 40.9451243756 41.9649017294 42.5211072462 0.27764840243 1.60294262031 1.96033804333 0.701550562453 1.00271925754 51.9446507241 53.9115829927 54.1305420242 54.3322814816 56.2110200715 0.0994345753548 0.0865278569239 0.390028658977 771.762702407 0.118587820545 0.115621201062 0.340346408884 0.133959529104 1.15273887096 0.897394854119 0.533991275204
-9999.0 -9999.0 -9999.0 -9999.0 -9999.0 -9999.0 -9999.0 -9999.0 -9999.0 -9999.0 -9999.0 -9999.0 -9999.0 -9999.0 -9999.0 -9999.0 1.27832848098 2.55474758655 11.4071123611 12.0350078752 17.3375634699 17.9452954331 0.835781366449 1.67124466537 3.82887275816 32.4688721929 33.5405257734 33.9676671986 0.335822220637 35.5315366511 36.5711617266 0.645592043046 0.26447029266 0.502565648524 0.970288334064 0.233036394028 0.454170651378 0.939886391266 1.16861830802 0.226235144745 0.142547363888 0.276161381982 57.3613562728 57.8449846679 57.9179233158 58.529695671 771.855740646 0.0770987864991 0.0757252493306 0.0915455770031 0.0898633788501 0.0928751072279 0.0793005370733 0.145633807384
-9999.0 -9999.0 -9999.0 -9999.0 -9999.0 -9999.0 -9999.0 -9999.0 -9999.0 -9999.0 -9999.0 -9999.0 -9999.0 -9999.0 -9999.0 -9999.0 0.661999054285 0.64401265954 0.628789134161 1.24939435603 0.538959748744 19.0215362172 19.5696537151 0.744971814154 1.48047877012 0.673146328946 0.525179845452 0.505759911081 34.8609639199 0.34258333321 0.69246773222 0.34500479083 0.272134644458 0.235786083672 0.173984766159 0.182510162035 0.555654386998 0.764918688595 0.140824476462 0.120503579938 0.265631693671 0.451707544897 0.619475791645 0.245692538005 58.0564952 58.6047347612 771.924133242 0.360617218621 0.204006325618 0.0494493626937 0.129488114117 0.0406804245801 0.0318548067834 0.180936052253
-9999.0 -9999.0 -9999.0 -9999.0 -9999.0 -9999.0 -9999.0 -9999.0 -9999.0 -9999.0 -9999.0 -9999.0 -9999.0 -9999.0 -9999.0 -9999.0 -9999.0 -9999.0 0.636965599661 1.82169946845 2.31276885556 2.83612540208 20.0880424653 20.6245562239 21.1504629415 21.7481271842 22.2378514071 23.2552838255 23.5863544858 23.9057782894 24.1763995741 0.239739320948 0.21859290794 0.230705314796 0.781425320399 0.207510132854 0.193424068999 0.145827373123 0.420547292084 0.167601763439 0.125781518165 0.115370685413 0.096432530975 0.192402656498 0.280233052541 59.1813862032 831.541303425 0.0746358719845 0.140480241355 0.0392560849399 0.174760279136 0.0937710619032 0.0640949754269 0.654930008364
-9999.0 -9999.0 -9999.0 -9999.0 -9999.0 -9999.0 -9999.0 -9999.0 -9999.0 -9999.0 -9999.0 -9999.0 -9999.0 -9999.0 -9999.0 -9999.0 -9999.0 -9999.0 -9999.0 0.510715643788 4.17060234008 8.13495261865 8.67383537101 0.789064619106 1.53112107495 2.27291388151 2.85476735504 6.81648162474 7.07879294502 0.251113199875 0.24224409371 24.7960480275 25.2631242727 25.4538296419 0.916645544841 0.116394431327 0.306066404407 0.446541406783 1.35700626932 1.6667300724 1.90423999177 0.214949604731 0.298956679941 0.102286523236 0.205848944598 0.107955972098 831.747644528 0.0590203026272 0.261119477224 0.100439948408 0.31975320603 0.812581026347 0.911499509656 1.60449686003
-9999.0 -9999.0 -9999.0 -9999.0 -9999.0 -9999.0 -9999.0 -9999.0 -9999.0 -9999.0 -9999.0 -9999.0 -9999.0 -9999.0 -9999.0 -9999.0 -9999.0 -9999.0 0.584921564836 1.87954658333 3.66822569848 4.77795327482 12.0952014079 12.7632839407 1.54434969098 2.29421469838 2.9203829451 3.49572894288 7.37861485816 7.90497303552 14.0059684279 14.4942850814 14.8458064265 25.6395318421 26.9950747453 0.294277119151 0.205779765265 0.192432795425 0.364110643116 0.162132241835 2.21834022953 2.3297655303 0.400518808395 0.568117900361 0.227335012308 161.919860236 162.194908223 994.076977122 994.445702203 0.0716552135279 0.470698794896 0.204372227258 0.167958226979 1.92482711811
-9999.0 -9999.0 -9999.0 -9999.0 -9999.0 -9999.0 -9999.0 -9999.0 -9999.0 -9999.0 -9999.0 -9999.0 -9999.0 -9999.0 -9999.0 -9999.0 -9999.0 -9999.0 -9999.0 0.677584157808 0.659660086985 1.23289171149 2.90715023632 13.3114033308 0.792404062818 0.783363894239 1.38762397671 2.01337949809 4.87194845448 5.28203393602 0.307135677276 0.305098253475 15.1301576256 15.3210976625 42.5620245978 42.8005442798 0.0936211402407 0.080491467364 0.0658624251044 0.0665728410965 0.0798673312888 159.442499826 160.172014248 160.877665407 161.263997637 161.747800838 0.129980396477 0.476240080667 0.566507905881 995.216256163 995.277450675 995.335323206 995.467878916 995.626271634
-9999.0 -9999.0 -9999.0 -9999.0 -9999.0 -9999.0 -9999.0 -9999.0 -9999.0 -9999.0 -9999.0 -9999.0 -9999.0 -9999.0 -9999.0 -9999.0 -9999.0 -9999.0 -9999.0 -9999.0 0.593598504624 0.627306854343 1.15303176803 15.5565891311 16.1214852093 0.768571727859 1.36937736206 2.00921472695 2.50044189693 0.433145752773 0.807413074474 36.0396058637 36.2425081069 36.5321072213 38.3381544277 81.3622113112 155.035610781 155.28019348 155.498118468 155.705710497 156.67426564 157.001224687 0.625403375018 0.274151762014 0.172580732278 0.321713962704 0.238246608385 0.379037599 0.117744935026 2.72347921284 3.09619800248 3.36310489576 3.40162032923 995.686585919
-9999.0 -9999.0 -9999.0 -9999.0 -9999.0 -9999.0 -9999.0 -9999.0 -9999.0 -9999.0 -9999.0 -9999.0 -9999.0 -9999.0 -9999.0 -9999.0 -9999.0 -9999.0 -9999.0 -9999.0 -9999.0 0.605258823015 1.15549844146 1.71076466436 16.5824265122 0.579546986354 22.599847288 23.2588688043 23.7006671255 24.1136383475 34.4472249635 34.8712040289 0.222690739548 1.2861327479 1.58822213849 0.227312959776 73.435909934 73.0309805181 0.114027066725 0.270355909569 0.774553430635 0.179308409235 0.20051843512 0.140980025708 0.12236042269 0.092759875903 0.113710669634 2.34791555738 2.46935157259 2.61957253584 0.297336378311 0.212433339572 3.49654219753 3.55115942189
-9999.0 -9999.0 -9999.0 -9999.0 -9999.0 -9999.0 -9999.0 -9999.0 -9999.0 -9999.0 -9999.0 -9999.0 -9999.0 -9999.0 -9999.0 -9999.0 -9999.0 -9999.0 -9999.0 -9999.0 -9999.0 0.542884043417 0.505723900025 2.6366602578 20.2968725628 21.421262313 22.0035744196 0.614241208387 9.2764357749 9.69273268406 9.89078375093 0.378630759743 0.643576676644 0.863913589701 16.6927754552 16.8610286174 17.0006621069 72.7812868479 45.1451298067 0.150821169494 0.172022694312 0.163863955109 0.130918936899 1.41803483869 1.70072675937 1.9454644997 2.08759098215 2.2236506867 18.1861132929 18.2896917952 18.4785221091 18.8505543618 20.279547234 20.3205160767
-9999.0 -9999.0 -9999.0 -9999.0 -9999.0 -9999.0 -9999.0 -9999.0 -9999.0 -9999.0 -9999.0 -9999.0 -9999.0 -9999.0 -9999.0 -9999.0 -9999.0 -9999.0 -9999.0 -9999.0 -9999.0 -9999.0 1.05904775888 1.62511541449 0.581598881974 0.785093830533 7.15651786515 7.79145713658 8.22412046304 3.43401995797 3.77707061403 4.14235764039 4.39750241912 16.3063979091 16.5545757718 10.1367579514 27.3275114068 27.5011743112 45.0282830307 0.352558550099 0.183801766295 0.122891135142 0.986078506921 1.16161778678 0.103965880517 0.0959839295461 17.7197236445 17.9712454563 18.0951181361 0.148970226821 0.249763565385 20.0284050662 0.107857228886 0.344273197521
-9999.0 -9999.0 -9999.0 -9999.0 -9999.0 -9999.0 -9999.0 -9999.0 -9999.0 -9999.0 -9999.0 -9999.0 -9999.0 -9999.0 -9999.0 -9999.0 -9999.0 -9999.0 -9999.0 -9999.0 -9999.0 -9999.0 0.531477861092 1.04997330105 4.44605775821 5.05859735294 5.7085241132 2.61690634352 3.0919297846 0.359449931908 11.0472815474 11.3678967832 11.6715750256 0.263411022843 9.68116953403 9.93986245982 0.183571188373 44.1161635558 0.396689956787 0.19708006036 0.541889348523 0.726409015734 0.140490404079 0.111535973852 16.3959141895 17.4916012847 17.6437704484 0.157148759302 0.344689186839 0.428956779571 0.540463999518 1.03823211032 0.125284577938 0.286459349675
