data/baseflow/History/mHMbfrc238
ncols                  80
nrows                 72
xllcorner      4374000.0
yllcorner      5656000.0
cellsize            500
NODATA_value       -9999
[rows 24 to 47 of 72, columns 0 to 53 of 80]
-9999.0 -9999.0 -9999.0 -9999.0 -9999.0 -9999.0 -9999.0 -9999.0 -9999.0 -9999.0 -9999.0 -9999.0 1.10778842603 3.01051135224 3.90266867526 6.5989288563 0.754267125958 1.53456412997 2.24557368848 8.85481084924 9.48920817774 10.1454977414 10.7017558449 11.2837820553 16.7634894743 18.4226520888 19.3945237831 0.472277304508 2.18802708184 2.66902883996 37.5106642085 39.164875936 40.0596207704 41.0020306177 41.5802214281 150.471280381 0.0795539668225 284.204669167 0.417248527011 0.221036143004 2.20495441759 1.84922009405 0.304873030426 0.952423278336 1.51852260325 1.48853978441 1.04431696266 1.7076376298 2.71081719295 1.01875473639 2.54848400701 0.256108739742 0.501539646889 0.0891738008672
-9999.0 -9999.0 -9999.0 -9999.0 -9999.0 -9999.0 -9999.0 -9999.0 -9999.0 -9999.0 -9999.0 -9999.0 1.02157004573 2.01658674296 0.903270091797 1.81703632048 0.757571773092 6.01807721727 7.44353953914 8.18286486502 0.658340066877 1.29351997811 12.736635993 15.7792054022 16.3237380683 1.16675490483 0.944344905948 1.41140086177 0.396728063064 0.344543721567 0.634273809048 0.227890536001 19.2390332362 19.4799795923 19.5806484408 150.686545849 285.622331565 284.358970214 0.316980273843 0.176126090434 0.159159698349 0.687688978895 0.553449959712 1.28056633749 1.81908118054 3.6195509235 0.319971792752 0.316206414568 3.01635898846 3.34462592381 6.44904037726 6.61580078769 7.20849407001 7.36983794095
-9999.0 -9999.0 -9999.0 -9999.0 -9999.0 -9999.0 -9999.0 -9999.0 -9999.0 -9999.0 -9999.0 -9999.0 -9999.0 0.934056996482 1.86541238743 2.80865914967 4.42012649335 0.849649883267 0.741774775327 5.13075723227 5.79156728817 11.4638810824 12.1497264831 1.91973619059 0.640739802502 0.554108493291 0.459182400417 17.3885434179 17.7401584075 18.1491715683 18.4827820312 19.0031274909 3.16582494302 3.2973428132 22.9653272188 459.388509893 1.07019556669 0.836359279096 0.479418085383 0.131037204807 0.123882466785 0.986290017932 1.07138675425 1.5355884368 0.136331552217 3.80447121713 0.57315756378 0.562534061188 0.137140224811 0.0796271943108 0.0684298319416 0.0505315755097 0.0765490297628 7.48012121689
-9999.0 -9999.0 -9999.0 -9999.0 -9999.0 -9999.0 -9999.0 -9999.0 -9999.0 -9999.0 -9999.0 -9999.0 -9999.0 -9999.0 0.888636040755 1.62735594658 2.26683715809 2.90702647527 3.65203535026 4.42653653349 2.21573091215 3.68443592059 0.671484476573 0.636605683567 14.6158141695 15.8397432649 16.3940808868 17.0009190965 0.392540608263 0.711391319989 2.04145165012 2.51001339212 2.90429891573 0.193393692609 0.0954822406451 459.85530781 0.208384756793 0.228864421177 0.114579417295 0.519307968443 0.258600661605 0.0965361608686 2.71120727535 2.77627306381 0.0528165937936 3.86209734332 4.5042003176 0.6419844568 122.584660093 122.387750966 122.235971029 121.953548714 121.866361911 119.057147516
-9999.0 -9999.0 -9999.0 -9999.0 -9999.0 -9999.0 -9999.0 -9999.0 -9999.0 -9999.0 -9999.0 -9999.0 -9999.0 -9999.0 0.184495851435 0.407808264833 0.641031725371 6.25960036176 7.02934621182 0.785912180522 0.748308560027 0.736275217414 12.0002524095 13.3978991154 0.670545010417 0.682017063677 0.530843281926 2.21766243887 2.76044155324 1.27438453052 1.7264765406 13.164004388 13.5833275378 14.1276000069 22.41714763 482.410539035 0.192915966723 0.0876191979623 0.784211802039 0.660184107338 0.0820117341294 0.268869861214 0.35368936765 2.86352309635 2.92944265806 7.59839281725 4.56045195908 0.786839249335 124.546235576 0.694043385903 122.10171766 122.032980413 2.70208949354 0.143864596908
-9999.0 -9999.0 -9999.0 -9999.0 -9999.0 -9999.0 -9999.0 -9999.0 -9999.0 -9999.0 -9999.0 -9999.0 -9999.0 -9999.0 0.943615110335 1.54560189285 3.13933305537 5.52898133234 7.62550985596 9.14262989001 9.88367424003 10.6403466654 11.3628073244 0.68035786854 0.607794373435 1.18959346676 1.10624855403 0.583735182814 11.4142096922 11.9383377472 12.4130696257 12.878307418 7.54825659274 7.87348369959 8.15737705832 482.528729118 0.365273849798 0.213660012685 1.13493821634 0.143629352576 0.159322076354 0.0835714686725 0.0766642901794 0.425494374643 0.0504819464305 0.0541273052549 132.503158875 124.871381743 124.818918239 0.316533870767 0.635780352463 0.421277016428 0.0978927869408 2.48792980406
-9999.0 -9999.0 -9999.0 -9999.0 -9999.0 -9999.0 -9999.0 -9999.0 -9999.0 -9999.0 -9999.0 -9999.0 -9999.0 -9999.0 0.660074957933 0.620028857143 1.22005117151 1.83765841446 0.797767151354 0.898958289861 1.67639212967 2.43106868501 3.84003855806 4.53846470725 5.15326800171 6.9811625614 7.54340032092 8.16357377315 0.551504070249 5.58891106428 6.08528459451 6.62832027925 0.523269275417 0.426969140038 0.665459890936 491.638353652 491.748961354 492.314326845 1.59744449573 0.325626093317 0.240368467132 0.069034675695 0.133806071309 0.48511820794 0.584590181901 0.0976771482962 132.752598179 0.0800290324214 0.164064692556 0.195240052101 0.122404561222 0.261408134514 0.101435939205 1.69003793751
-9999.0 -9999.0 -9999.0 -9999.0 -9999.0 -9999.0 -9999.0 -9999.0 -9999.0 -9999.0 -9999.0 -9999.0 -9999.0 -9999.0 -9999.0 0.587332127353 1.14724643373 0.538002554853 1.10985045998 7.02360031751 7.66661142379 8.38955557151 0.701171055274 0.702244050365 1.31598523604 1.94226356565 3.03895887119 3.61098098574 3.99011903932 4.50985757292 0.42081164584 0.424699795756 7.56364644897 7.95916149617 8.14848821762 8.31768430279 7.06944436951 500.092650114 502.650685654 502.773667671 503.115571219 503.602463852 503.750386606 0.0408525333025 0.629108151237 132.784204698 0.0887798050225 0.0459399486394 0.0527948564349 0.0561862405328 0.102230277905 0.123998368634 0.0782053373032 0.150104806485
-9999.0 -9999.0 -9999.0 -9999.0 -9999.0 -9999.0 -9999.0 -9999.0 -9999.0 -9999.0 -9999.0 -9999.0 -9999.0 -9999.0 -9999.0 -9999.0 1.70192108234 2.26858615418 3.99855115884 5.32684009872 0.703799444446 9.93011057334 10.623242961 11.2815980861 0.645281282785 1.26132336566 0.544012245021 4.21176529251 4.56312329123 5.06617390978 5.57007678735 6.81970735206 7.14374152755 0.192100044127 6.42384885485 6.76520669209 6.91703300513 7.65870878606 0.84515409834 0.496825376053 0.28877070115 0.279339205688 503.930954361 503.96578475 505.023782096 132.809896196 0.277297993558 0.159003353498 0.101754253251 0.0367027248706 0.370295936897 0.215592295287 0.0683498085441 0.444886310948
-9999.0 -9999.0 -9999.0 -9999.0 -9999.0 -9999.0 -9999.0 -9999.0 -9999.0 -9999.0 -9999.0 -9999.0 -9999.0 -9999.0 -9999.0 -9999.0 0.584480503133 2.85125855697 3.46603529618 0.741717897185 0.765548397789 1.56075689821 2.28008505645 14.2419929253 0.635993679213 2.56323970568 3.13352286078 3.69627141175 0.361998772241 0.831853332193 1.19729054026 5.00547135697 5.74673040576 5.89642337794 0.174312729789 0.178641705698 0.231005267607 0.430893080892 0.195505215448 0.201064000313 0.213655067239 0.233995788307 0.222206287885 0.415666138615 505.076624843 638.02724756 0.335809617126 0.110838374952 0.0349631251557 1.31719895081 1.23421154177 0.797031968737 0.729452763647 0.561115250541
-9999.0 -9999.0 -9999.0 -9999.0 -9999.0 -9999.0 -9999.0 -9999.0 -9999.0 -9999.0 -9999.0 -9999.0 -9999.0 -9999.0 -9999.0 0.498060170664 1.59908311781 0.521345887563 0.825225441228 0.876880980246 1.66564054606 2.42826245775 3.05422317455 17.8017455744 18.4154695209 0.634573468077 1.21239199546 1.79757767605 2.24575576851 2.76148710824 4.5050161021 4.82016727983 0.542816796028 0.324007757201 0.262854984596 0.188217219616 0.225474305117 0.27900894582 0.252082512196 0.379725254774 0.68017126344 0.326294719529 0.0626534843827 0.0592617500706 0.0634573436184 0.11580654907 642.695361576 4.22079088745 1.51780615516 0.111548473588 0.049852866722 0.0368129367201 0.157247075378 0.114894512981
-9999.0 -9999.0 -9999.0 -9999.0 -9999.0 -9999.0 -9999.0 -9999.0 -9999.0 -9999.0 -9999.0 -9999.0 -9999.0 -9999.0 0.532674834706 1.01389467556 3.60793154844 0.485407142183 1.49966278735 2.34290649825 3.1150331886 0.80667523385 1.49468183894 2.08307199171 20.9640702297 0.594454899214 1.1265387989 1.67769883923 0.519081670295 1.0353286312 1.52915667196 1.82982266637 39.7107985683 40.2536777029 40.7041255831 42.4931620555 43.1734766205 44.5502374193 0.309949698242 0.785979076704 0.797393029886 48.0223059069 48.1353894305 0.052457104802 0.0936184986701 0.132223553338 642.720048543 3.95969495512 2.297404296 2.23340748835 1.498508646 1.17661869175 0.206214209347 0.0456469883309
-9999.0 -9999.0 -9999.0 -9999.0 -9999.0 -9999.0 -9999.0 -9999.0 -9999.0 -9999.0 -9999.0 -9999.0 -9999.0 -9999.0 0.55538493725 1.66488787467 5.81854332776 8.61631730634 0.417569989358 11.201565085 14.8259548946 0.749969534981 1.43271620168 2.05125920529 26.8114373037 27.2761125554 0.44293145058 2.58649301442 3.00938732485 3.4761533129 35.784790749 37.0322518743 37.5808250147 0.241095445257 1.32902837885 1.58169522042 0.609264349705 0.867776508135 45.7213172337 46.8438139591 47.0151249694 47.1670382013 48.2624498326 0.0622009854748 0.054003129294 0.225419312338 642.7438495 0.08393665402 0.225813442696 0.684292315815 0.276989197278 1.09611938998 0.71749335832 0.434982345902
-9999.0 -9999.0 -9999.0 -9999.0 -9999.0 -9999.0 -9999.0 -9999.0 -9999.0 -9999.0 -9999.0 -9999.0 -9999.0 -9999.0 -9999.0 -9999.0 1.16030305076 2.32051644108 10.1645717822 10.7279620815 15.3082526276 15.8281178691 0.738430383785 1.47573423667 3.37655165885 27.6862099357 28.6657498111 29.010779262 0.268067077572 30.4566358019 31.8128654717 0.791736608044 0.24638499837 0.464181915283 0.900606496066 0.216249091559 0.413450803069 0.854506363717 1.05071239016 0.208763808873 0.115272794994 0.216638913127 49.2757821579 49.606095116 49.6474287717 50.0281208739 642.758978154 0.0496108786718 0.144347304573 0.180889839258 0.177076721198 0.183108735 0.160462534337 0.296102962965
-9999.0 -9999.0 -9999.0 -9999.0 -9999.0 -9999.0 -9999.0 -9999.0 -9999.0 -9999.0 -9999.0 -9999.0 -9999.0 -9999.0 -9999.0 -9999.0 0.605445128148 0.587248713807 0.568684878961 1.12678101076 0.478970967114 16.786122678 17.2571367788 0.642738477618 1.31195890377 0.672116300207 0.502086157319 0.473882300289 29.8884280802 0.470283669194 0.996795096312 0.392973252592 0.262375640676 0.221634610857 0.155643744259 0.165757047073 0.520518881548 0.727516509398 0.127572902779 0.105685679444 0.238686423592 0.42109804524 0.625299105785 0.206740547094 49.7547439936 50.0727852608 642.758844463 0.455564890667 0.356779404744 0.101240666921 0.258782981517 0.0838601607763 0.0675189606509 0.370537082074
-9999.0 -9999.0 -9999.0 -9999.0 -9999.0 -9999.0 -9999.0 -9999.0 -9999.0 -9999.0 -9999.0 -9999.0 -9999.0 -9999.0 -9999.0 -9999.0 -9999.0 -9999.0 0.579683242297 1.64105671125 2.07243223525 2.53692856792 17.7195835084 18.1897006778 18.6451817835 19.169294268 19.6185421506 20.578324566 20.9904263202 21.4354062317 21.7299900776 0.208338565187 0.193106681826 0.210205340478 0.713287465183 0.19727135427 0.186070998477 0.129165900423 0.376161353907 0.159417067412 0.111653244821 0.100319273435 0.0823651362905 0.164206018834 0.237722531992 50.5596561499 693.775589896 0.0447514812575 0.0865678877109 0.0799874440003 0.349034009157 0.18289671937 0.135796307724 0.742497512328
-9999.0 -9999.0 -9999.0 -9999.0 -9999.0 -9999.0 -9999.0 -9999.0 -9999.0 -9999.0 -9999.0 -9999.0 -9999.0 -9999.0 -9999.0 -9999.0 -9999.0 -9999.0 -9999.0 0.461932123221 3.82290018262 7.38531524013 7.86689717544 0.692677541512 1.35405489901 2.02802707681 2.59219304599 6.28194721729 6.5274361167 0.230965354154 0.23359320307 22.1763944993 22.5611169632 22.7366397874 0.834973509196 0.0995581290144 0.305560295771 0.438075577804 1.31124140924 1.61180577428 1.82727487879 0.19065964281 0.26187273661 0.0906385179149 0.181566816408 0.0955482101449 693.898763822 0.0356508399595 0.158740813267 0.118410601201 0.499873673793 0.878822662047 1.03880461053 1.8072469604
-9999.0 -9999.0 -9999.0 -9999.0 -9999.0 -9999.0 -9999.0 -9999.0 -9999.0 -9999.0 -9999.0 -9999.0 -9999.0 -9999.0 -9999.0 -9999.0 -9999.0 -9999.0 0.535924642812 1.73151561959 3.37003336833 4.37994006515 10.9972375582 11.5739220914 1.42511410768 2.10331014192 2.68828359544 3.25197041456 6.8739713963 7.38106229001 13.803895237 14.3579405254 14.5740918637 22.9054220139 24.1422988888 0.272544833951 0.219711109478 0.200704941928 0.376827020065 0.163355907387 2.14104327268 2.24446042717 0.34576643085 0.490590683613 0.103414760927 166.917795126 167.117888337 861.061172579 861.237210353 0.0434119328032 0.598017780798 0.0656288920375 0.0549056918019 1.92580728138
-9999.0 -9999.0 -9999.0 -9999.0 -9999.0 -9999.0 -9999.0 -9999.0 -9999.0 -9999.0 -9999.0 -9999.0 -9999.0 -9999.0 -9999.0 -9999.0 -9999.0 -9999.0 -9999.0 0.628197966674 0.60872336507 1.1316237399 2.66707560446 12.066737707 0.738766774828 0.727319790858 1.31456880225 1.91842173539 4.92544398934 5.47477068927 0.437810679909 0.355580780094 14.8848422477 15.0741462537 39.4248966784 39.5998493466 0.0852828779739 0.0711335307538 0.0576141987132 0.0583289787923 0.0704217933074 164.645633462 165.356335384 166.022030907 166.301742127 166.797775372 0.115998486043 0.412297731982 0.474119818688 861.815019993 861.800491706 861.854623977 861.956564989 862.066422811
-9999.0 -9999.0 -9999.0 -9999.0 -9999.0 -9999.0 -9999.0 -9999.0 -9999.0 -9999.0 -9999.0 -9999.0 -9999.0 -9999.0 -9999.0 -9999.0 -9999.0 -9999.0 -9999.0 -9999.0 0.543065159205 0.57633468806 1.05815020416 14.1331809939 14.6288456636 0.710610567945 1.29699879135 1.91415950663 2.53736962472 0.583563961359 0.999035978361 34.6078051835 34.8207651479 35.1210359702 37.1865529145 77.0413069443 160.32996117 160.568027624 160.779961351 160.978226099 161.969310257 162.301067464 0.603421735269 0.255426120984 0.165825554021 0.304101424544 0.203558853175 0.331132920873 0.102943337414 2.37865686396 2.56458510683 2.71129537538 2.73719465713 862.05618745
-9999.0 -9999.0 -9999.0 -9999.0 -9999.0 -9999.0 -9999.0 -9999.0 -9999.0 -9999.0 -9999.0 -9999.0 -9999.0 -9999.0 -9999.0 -9999.0 -9999.0 -9999.0 -9999.0 -9999.0 -9999.0 0.55653783228 1.06409710518 1.57655909323 15.0459534548 0.51234989849 20.5989545826 21.2470073165 21.8496879374 22.3052181604 32.7997376311 33.2314734697 0.264949191105 1.48234155164 1.80616577417 0.261267669436 83.0643081636 82.6081975786 0.12258648252 0.297540715928 0.818209160819 0.18872065754 0.201360410073 0.129132197314 0.103498798969 0.0739848697577 0.0932106753695 2.06798114109 2.17033376156 2.3019396827 0.135924933271 0.112355524124 2.79543240625 2.82999909588
-9999.0 -9999.0 -9999.0 -9999.0 -9999.0 -9999.0 -9999.0 -9999.0 -9999.0 -9999.0 -9999.0 -9999.0 -9999.0 -9999.0 -9999.0 -9999.0 -9999.0 -9999.0 -9999.0 -9999.0 -9999.0 0.496049086087 0.463879317014 2.42873771218 18.4704462527 19.478957153 20.0141013267 0.668347936971 9.09872282496 9.72833842602 10.0302378835 0.410272236472 0.705476889567 0.942939368658 19.4090647382 19.5828580849 19.7300341816 82.3430563098 49.2660414566 0.170026609928 0.178505467916 0.168233507036 0.117392997911 1.2716958343 1.51892517776 1.72748072319 1.84910263609 1.96445650874 18.7886542902 18.8669531959 19.0210992178 19.4020733572 20.4251950888 20.4510994498
-9999.0 -9999.0 -9999.0 -9999.0 -9999.0 -9999.0 -9999.0 -9999.0 -9999.0 -9999.0 -9999.0 -9999.0 -9999.0 -9999.0 -9999.0 -9999.0 -9999.0 -9999.0 -9999.0 -9999.0 -9999.0 -9999.0 0.974479459616 1.50061209224 0.535177632515 0.747527146949 6.68303310789 7.40018186753 7.88870800675 3.82659399603 4.39685520004 4.94829405654 5.2296584866 18.9925824398 19.2760178252 12.8106362955 32.745692772 32.9302619016 49.1354352977 0.350125631936 0.176772032154 0.10643794699 0.887533043362 1.04253358862 0.0782647563778 0.0711691907821 18.4184416735 18.6170083786 18.7154251377 0.169230176532 0.267958889526 20.3021600147 0.0763759943425 0.204014312973
-9999.0 -9999.0 -9999.0 -9999.0 -9999.0 -9999.0 -9999.0 -9999.0 -9999.0 -9999.0 -9999.0 -9999.0 -9999.0 -9999.0 -9999.0 -9999.0 -9999.0 -9999.0 -9999.0 -9999.0 -9999.0 -9999.0 0.493203196046 0.973628891087 4.12413567804 4.68119740221 5.28682074212 2.73254946225 3.26441840085 0.610614671684 12.5102122684 13.0412502666 13.5046990124 0.325050378574 12.3018898587 12.6030257059 0.19447920882 48.1886161928 0.42562616686 0.209624034749 0.490299225404 0.66791058336 0.117104932064 0.0876111543627 17.4025652363 18.2426108117 18.3648882907 0.128193823624 0.250658789357 0.311929400136 0.370845620841 0.771485971141 0.0738623264385 0.169064287552
