data/baseflow/History/mHMbfrc447
ncols                  80
nrows                 72
xllcorner      4374000.0
yllcorner      5656000.0
cellsize            500
NODATA_value       -9999
[rows 24 to 47 of 72, columns 0 to 53 of 80]
-9999.0 -9999.0 -9999.0 -9999.0 -9999.0 -9999.0 -9999.0 -9999.0 -9999.0 -9999.0 -9999.0 -9999.0 1.28071255148 3.66760966695 4.81230234286 8.25911397411 1.02310311938 2.06817847819 3.05687446163 11.8672323019 12.7961152808 13.6868379296 14.489130666 15.2126128005 22.6668701488 24.796001483 26.0596173053 0.588947756757 3.25908797629 3.82272885225 51.3679741153 54.0186774292 55.2907173583 56.6137926936 57.5413665165 214.869716732 0.114326927046 413.869994471 0.524090304694 0.283315664231 3.33869274291 2.86179069723 0.478855990014 1.45223140456 2.14807077018 2.09069373796 1.42526192411 2.35344910569 3.74266641897 1.45148281606 3.52911006089 0.353362656752 0.581878392426 0.100453192438
-9999.0 -9999.0 -9999.0 -9999.0 -9999.0 -9999.0 -9999.0 -9999.0 -9999.0 -9999.0 -9999.0 -9999.0 1.22927454988 2.44832129699 1.15678259329 2.31793144923 1.0531590588 7.87507544753 9.87206617325 10.8933241616 0.948001464747 1.88469746025 17.0879790408 21.3021126233 22.0514098378 1.4176968391 1.49836463496 2.26360675314 0.503773121516 0.464907153412 0.865708482581 0.348960857258 23.6966508231 24.1403094822 24.3467404762 215.170938862 416.084828232 414.118618671 0.4210680093 0.215148413113 0.194579700409 1.02873560093 0.833241911693 1.92525753259 2.61205836597 5.17918135759 0.470333626645 0.467312580622 4.17756421587 4.63051165556 8.91073011381 9.11868485011 9.79537528147 9.97632172391
-9999.0 -9999.0 -9999.0 -9999.0 -9999.0 -9999.0 -9999.0 -9999.0 -9999.0 -9999.0 -9999.0 -9999.0 -9999.0 1.19547370742 2.37872408215 3.56369225148 5.72611918121 1.10015357857 1.01490064136 6.47814706383 7.42304610785 15.2800888384 16.2220722339 2.6651685984 0.848519847573 0.703214258004 0.641121816299 21.2059917128 21.6715382772 22.1595412975 22.563725066 23.2920602123 4.42267240638 4.63839042301 29.1826443189 660.611002247 1.53683527293 1.12572066367 0.613747262339 0.166792193123 0.154587195672 1.38016180902 1.48617769434 2.254260636 0.180434974182 5.43931850695 0.830056488176 0.819409758604 0.17802621896 0.101148695358 0.0777991286163 0.0617662582086 0.0773612910006 10.0612453549
-9999.0 -9999.0 -9999.0 -9999.0 -9999.0 -9999.0 -9999.0 -9999.0 -9999.0 -9999.0 -9999.0 -9999.0 -9999.0 -9999.0 1.15023161783 1.99888752593 2.72360720169 3.44359008478 4.45440889193 5.48511904568 2.9900817975 4.99496828873 0.946929335423 0.916198659877 17.459724396 19.1578698436 19.9297678248 20.6992141599 0.523976284769 0.96633106209 2.71115483056 3.41112857662 3.99233491277 0.288737628718 0.121906644012 661.313657622 0.347736727355 0.334948976606 0.187619995047 0.718846947411 0.327781477319 0.147716097319 3.86067014122 3.93747887843 0.0729350874049 5.51410665559 6.44135398841 0.948918417704 128.293397023 128.033523289 127.845927418 127.53514782 127.419018249 125.402045334
-9999.0 -9999.0 -9999.0 -9999.0 -9999.0 -9999.0 -9999.0 -9999.0 -9999.0 -9999.0 -9999.0 -9999.0 -9999.0 -9999.0 0.187867142831 0.424300060016 0.724823802457 6.4656684568 7.50042307701 1.04440719203 0.994710008461 1.00551598352 13.8523111968 15.7524543156 0.902472354659 0.91128546416 0.752390422194 3.1679599733 3.93506314198 1.70537877072 2.28354300013 17.9928841709 18.6102838095 19.3367941535 30.2625046695 691.766414668 0.332765885253 0.134477066848 1.11005165383 0.93066232768 0.103367824916 0.362168505586 0.463737107943 4.03318925706 4.10529498252 10.7380050173 6.49234746868 1.08232751575 130.408322804 0.597609112735 127.689263765 127.615554318 1.89678711548 0.0776421663451
-9999.0 -9999.0 -9999.0 -9999.0 -9999.0 -9999.0 -9999.0 -9999.0 -9999.0 -9999.0 -9999.0 -9999.0 -9999.0 -9999.0 0.919165953642 1.52312286959 3.21357137385 5.55641842445 8.12038098126 9.98868120414 10.9886947708 11.9935966922 12.9539905481 0.936061585924 0.836074609029 1.65812278752 1.56266328015 0.832266253196 15.5361071698 16.2883242136 16.9673619703 17.614858417 9.96808871213 10.4684685725 10.7985753762 691.936897498 0.566345535905 0.466789562763 1.76213359634 0.223114804813 0.188480200048 0.0924900818711 0.0962992710855 0.548671197551 0.0622640437375 0.0642323930402 141.481553485 130.693737329 130.630081074 0.246571680154 0.522377560736 0.34944797229 0.0882633082675 1.76384973611
-9999.0 -9999.0 -9999.0 -9999.0 -9999.0 -9999.0 -9999.0 -9999.0 -9999.0 -9999.0 -9999.0 -9999.0 -9999.0 -9999.0 0.634283420611 0.601291522162 1.18476342688 1.78080579972 0.987653186018 1.14133233244 2.17072111158 3.18718219897 5.10914732914 6.05436103172 6.8437272851 9.31927426218 10.042037851 10.8766908457 0.750574539608 7.46735784713 8.11868459207 8.792537208 0.595852700755 0.383280669402 0.648732696194 703.267504373 703.426892937 704.317047313 2.41679370058 0.474163254228 0.34473013919 0.0936559978339 0.168246339519 0.620895240301 0.742780523357 0.115293209799 141.7408148 0.070205512984 0.125232408159 0.145841837145 0.0921788465411 0.196027809034 0.0801538635586 1.14568357724
-9999.0 -9999.0 -9999.0 -9999.0 -9999.0 -9999.0 -9999.0 -9999.0 -9999.0 -9999.0 -9999.0 -9999.0 -9999.0 -9999.0 -9999.0 0.581171977173 1.13622344785 0.53972853476 1.14115301077 7.06465195338 7.92440441751 8.89657501671 0.952168631906 0.952249787219 1.75361405053 2.5955744673 3.98536869865 4.76265677446 5.2734663602 6.00181767067 0.595572479211 0.59567738874 9.64679323039 10.0515447818 10.2902910924 10.5044599394 8.17961772266 713.329929959 716.925920086 717.118850778 717.630542907 718.283856498 718.49923195 0.0548141916433 0.799011548193 141.788047373 0.109423116907 0.0559354286563 0.052196745634 0.0522059701625 0.0996040960887 0.118790971537 0.0682053173223 0.105493602741
-9999.0 -9999.0 -9999.0 -9999.0 -9999.0 -9999.0 -9999.0 -9999.0 -9999.0 -9999.0 -9999.0 -9999.0 -9999.0 -9999.0 -9999.0 -9999.0 1.68016774555 2.24061640473 3.90537443095 5.25380726477 0.735984248983 10.6793934334 11.5895434798 12.4344423091 0.794169168673 1.56228272219 0.64449942378 5.14393561961 5.58880248071 6.29325657045 7.05633023963 8.77894108474 9.13085101178 0.217881230798 7.4061143243 7.81212323299 7.9858464984 8.8419565166 1.00960697629 0.609115186351 0.357278402931 0.303725922527 718.749184835 718.809963625 720.021285012 141.827837897 0.303041208821 0.156390251606 0.101550072254 0.0413632897789 0.342410953757 0.191675692521 0.0601651443526 0.347416383701
-9999.0 -9999.0 -9999.0 -9999.0 -9999.0 -9999.0 -9999.0 -9999.0 -9999.0 -9999.0 -9999.0 -9999.0 -9999.0 -9999.0 -9999.0 -9999.0 0.56302804863 2.79512189964 3.37938993222 0.788946364148 0.997049363686 2.0319342135 2.98631535506 16.3026547935 0.799337877849 3.19177388269 3.8727235656 4.53479932703 0.495615121632 1.13660880614 1.53449740002 5.85281320954 6.61094165876 6.78815345021 0.204961580883 0.216399887554 0.269501955389 0.483108330876 0.228269942206 0.242578934746 0.252947315576 0.247353294377 0.214317043746 0.372430494646 720.085295234 862.070052278 0.367904315971 0.146625628589 0.0398869538997 1.11420547284 1.02511690757 0.624383111945 0.566284050298 0.432144019935
-9999.0 -9999.0 -9999.0 -9999.0 -9999.0 -9999.0 -9999.0 -9999.0 -9999.0 -9999.0 -9999.0 -9999.0 -9999.0 -9999.0 -9999.0 0.496381754057 1.5492066635 0.498015387675 0.936110097724 1.05345184258 2.02518138056 3.00434898217 3.76466602415 20.5718458615 21.3058131133 0.755682643088 1.41329903954 2.08551809577 2.60229192393 3.2124357323 5.28881479432 5.62967547514 0.525871567125 0.330407742058 0.221767305431 0.104759858119 0.245176367082 0.268616638173 0.355871830706 0.453423200002 0.749476904245 0.314198262568 0.0509469120893 0.0486129368937 0.0553381296848 0.105764223705 865.568825269 3.00276566532 1.28063516826 0.0749309290839 0.0336811439372 0.0320160027962 0.131776721106 0.0970658743534
-9999.0 -9999.0 -9999.0 -9999.0 -9999.0 -9999.0 -9999.0 -9999.0 -9999.0 -9999.0 -9999.0 -9999.0 -9999.0 -9999.0 0.545112116615 1.00794878596 3.50631627177 0.446211104723 1.61046407653 2.64232736004 3.594232185 0.978656158182 1.83144052856 2.46960853556 24.2282377005 0.710394619345 1.32060641321 1.96440522073 0.635347602854 1.26833633454 1.77941995095 2.13561205552 43.0446055491 43.6143083091 44.1199617275 45.6635428972 46.187934184 47.2606415621 0.494970908018 1.16019628891 0.938134814837 50.658990988 50.7633295339 0.0456596430848 0.0902057674846 0.132870482484 865.600560084 2.70593587711 1.33736194759 1.29659655818 0.947708008805 0.796006683124 0.174480181902 0.0384601706819
-9999.0 -9999.0 -9999.0 -9999.0 -9999.0 -9999.0 -9999.0 -9999.0 -9999.0 -9999.0 -9999.0 -9999.0 -9999.0 -9999.0 0.544794181295 1.63966043195 5.66517501709 8.27206594643 0.370729244064 10.5747395169 14.6534301062 0.897724188677 1.71643223983 2.40201437106 30.8366196764 31.2896959556 0.411345116668 2.79669985954 3.22244496371 3.74322243279 39.1847120483 40.1640637676 40.5667943041 0.186303081561 1.09961129617 1.31468958722 0.421257575915 0.572819903367 48.0798590911 49.4574688212 49.5630840283 49.6604976149 50.8733811454 0.0540760111683 0.0480361672446 0.219603661116 865.634532451 0.0480370106882 0.106828449191 0.314717804314 0.12016968957 0.733197987955 0.530201643276 0.30971768325
-9999.0 -9999.0 -9999.0 -9999.0 -9999.0 -9999.0 -9999.0 -9999.0 -9999.0 -9999.0 -9999.0 -9999.0 -9999.0 -9999.0 -9999.0 -9999.0 1.08508786052 2.16060794228 9.66562964529 10.1636463034 15.076097942 15.5585563661 0.869105524159 1.73886594189 3.83198531571 31.6104474161 32.4236845773 32.7247217066 0.226867830896 33.9074555632 34.9452409316 0.584503049746 0.184105424045 0.366844974131 0.690248585012 0.160107038577 0.298155159264 0.613945783329 0.733821718169 0.128743465131 0.0842443877105 0.160158091355 51.6204146611 51.923247063 51.9653906312 52.2984562817 865.665850606 0.0320753693291 0.0798358080777 0.0885859331614 0.088056767419 0.0900873269447 0.0802902156107 0.152016006346
-9999.0 -9999.0 -9999.0 -9999.0 -9999.0 -9999.0 -9999.0 -9999.0 -9999.0 -9999.0 -9999.0 -9999.0 -9999.0 -9999.0 -9999.0 -9999.0 0.557446190077 0.540540623633 0.508270664563 0.974273783236 0.395244347857 16.3557155062 16.7759769208 0.713291385685 1.44450009656 0.546624159873 0.385356152007 0.366984153725 33.4050249418 0.350122444529 0.712873855815 0.302336211074 0.208233884948 0.164117343553 0.119181522044 0.124452472539 0.3780268377 0.520009043077 0.0944213780585 0.0790778901223 0.170393023302 0.28541722495 0.459251702173 0.200669741475 52.0348833794 52.3392820207 865.686277939 0.272927192485 0.209957107574 0.0576876214615 0.137974072655 0.0507498398693 0.041862727089 0.196704762033
-9999.0 -9999.0 -9999.0 -9999.0 -9999.0 -9999.0 -9999.0 -9999.0 -9999.0 -9999.0 -9999.0 -9999.0 -9999.0 -9999.0 -9999.0 -9999.0 -9999.0 -9999.0 0.529513386644 1.43845932652 1.81316177132 2.20027776346 17.163072666 17.5829453282 17.9814741369 18.4308098064 18.7845966434 19.5286146767 19.8453527327 20.1783843897 20.4243551099 0.189465109054 0.173707160126 0.173012135732 0.549141853964 0.140674564132 0.131187019738 0.101976717546 0.289617793042 0.105241626405 0.0810399778932 0.0755182088252 0.0657472378148 0.13123702956 0.189839653833 52.714282868 918.697753252 0.0291213460977 0.0575161290488 0.0501257490497 0.193639566188 0.114619387199 0.0841024696296 0.463224040139
-9999.0 -9999.0 -9999.0 -9999.0 -9999.0 -9999.0 -9999.0 -9999.0 -9999.0 -9999.0 -9999.0 -9999.0 -9999.0 -9999.0 -9999.0 -9999.0 -9999.0 -9999.0 -9999.0 0.415811755952 3.41327240824 6.51352063068 6.88890364382 0.654849805414 1.35382594773 2.08413271259 2.59506837455 6.33310304741 6.54331806209 0.199880155485 0.191835309527 20.8827013896 21.2328412833 21.3832490915 0.644804427066 0.0717600201513 0.177015425073 0.264614405182 0.836657648734 1.03277935601 1.1851341372 0.140619760946 0.19693831176 0.0658196565519 0.131079857245 0.0673699850448 918.807642929 0.0217809302639 0.102314914025 0.0751866180429 0.298383703316 0.535033158641 0.635754269369 1.1160545148
-9999.0 -9999.0 -9999.0 -9999.0 -9999.0 -9999.0 -9999.0 -9999.0 -9999.0 -9999.0 -9999.0 -9999.0 -9999.0 -9999.0 -9999.0 -9999.0 -9999.0 -9999.0 0.479526534223 1.54983443792 3.01062269245 3.90799010694 9.62137009828 10.145827086 1.52507996849 2.26613622319 2.89438483071 3.38436408088 6.81349071494 7.24267592236 13.3592759448 13.8853964531 14.1627955267 21.5069373312 22.4013768672 0.169441652391 0.113752286369 0.105862406941 0.198088705062 0.0902492959973 1.36713774595 1.43829177403 0.259966625323 0.400434166948 0.123264629907 140.614399702 140.756682283 1059.61177279 1059.73740477 0.0262748046128 0.353611611507 0.0384553620758 0.0334597742912 1.20037174229
-9999.0 -9999.0 -9999.0 -9999.0 -9999.0 -9999.0 -9999.0 -9999.0 -9999.0 -9999.0 -9999.0 -9999.0 -9999.0 -9999.0 -9999.0 -9999.0 -9999.0 -9999.0 -9999.0 0.561554311263 0.540092228893 1.00054084645 2.33547534079 10.5775211905 0.783490587129 0.774631152909 1.33106324685 1.95936908736 4.88375717275 5.29912279591 0.370789210396 0.319908581494 14.3740679562 14.4794300036 37.0333409802 37.1747240237 0.0554265863316 0.0497852607229 0.0424035678634 0.0427173917325 0.0526905058158 138.95258766 139.394238847 139.922269263 140.204869265 140.494065562 0.0758012242234 0.28067758402 0.324747336235 1060.151111 1060.16268332 1060.19210677 1060.28664313 1060.4339017
-9999.0 -9999.0 -9999.0 -9999.0 -9999.0 -9999.0 -9999.0 -9999.0 -9999.0 -9999.0 -9999.0 -9999.0 -9999.0 -9999.0 -9999.0 -9999.0 -9999.0 -9999.0 -9999.0 -9999.0 0.479455171843 0.509980928675 0.924347276552 12.3674964282 12.7929111504 0.756185468801 1.31433837736 1.96117380647 2.56085378325 0.54364493776 0.941923392488 30.369533598 30.5137255522 30.7828398709 32.2506061118 69.6020869776 136.212238617 136.359117789 136.487548787 136.614328494 137.239143594 137.445745047 0.373873577679 0.16209948393 0.0990415338816 0.18565635344 0.140688945939 0.221741498082 0.0675724613053 1.64756973284 1.76711562801 1.86801207636 1.89259495745 1060.45147802
-9999.0 -9999.0 -9999.0 -9999.0 -9999.0 -9999.0 -9999.0 -9999.0 -9999.0 -9999.0 -9999.0 -9999.0 -9999.0 -9999.0 -9999.0 -9999.0 -9999.0 -9999.0 -9999.0 -9999.0 -9999.0 0.488237822692 0.923541681833 1.36381035688 13.1553867434 0.457299384961 17.9460756077 18.6016094385 19.1597968491 19.6142690306 28.6153896954 29.0597013614 0.14161936409 1.04097620622 1.24702055179 0.133108238844 66.4737077051 66.2260429147 0.0756002841266 0.174833554765 0.496820332726 0.114204846843 0.122709221472 0.0827792728378 0.072703804306 0.0583844830835 0.0675039438384 1.44370125377 1.51339672768 1.59664429482 0.0851421103284 0.0762000868533 1.9231585808 1.94992462933
-9999.0 -9999.0 -9999.0 -9999.0 -9999.0 -9999.0 -9999.0 -9999.0 -9999.0 -9999.0 -9999.0 -9999.0 -9999.0 -9999.0 -9999.0 -9999.0 -9999.0 -9999.0 -9999.0 -9999.0 -9999.0 0.434627951677 0.398050343182 2.08338618783 16.0630127536 16.9373731268 17.38805008 0.505594204428 7.59058414655 8.14992921029 8.42384012368 0.399416289388 0.573840548733 0.69708935071 14.5914518067 14.701994416 14.795390008 66.0659948748 41.7159010815 0.0932035398135 0.109454569532 0.104969189888 0.0857133238464 0.903280803913 1.06706640008 1.21234269216 1.29322047188 1.37122139929 14.2818623062 14.3405329617 14.5031382159 14.8575622194 15.6826041711 15.7078617121
-9999.0 -9999.0 -9999.0 -9999.0 -9999.0 -9999.0 -9999.0 -9999.0 -9999.0 -9999.0 -9999.0 -9999.0 -9999.0 -9999.0 -9999.0 -9999.0 -9999.0 -9999.0 -9999.0 -9999.0 -9999.0 -9999.0 0.840922433767 1.28728177148 0.428844843791 0.773489097913 5.82255670197 6.33536888926 6.67162612122 2.85427281405 3.23515614818 3.61315114926 3.7969725001 14.3441278649 14.5087097602 9.25133142224 24.1629710166 24.2686070237 41.6444034587 0.218705100745 0.115819659549 0.0825011428915 0.629761114839 0.738635238798 0.0641071992419 0.0588383208434 14.0292153895 14.1664628563 14.229175031 0.114798273549 0.226666453563 15.5931748636 0.0388980617468 0.16654250712
-9999.0 -9999.0 -9999.0 -9999.0 -9999.0 -9999.0 -9999.0 -9999.0 -9999.0 -9999.0 -9999.0 -9999.0 -9999.0 -9999.0 -9999.0 -9999.0 -9999.0 -9999.0 -9999.0 -9999.0 -9999.0 -9999.0 0.419067895551 0.825872500966 3.4210459152 3.88724332811 4.43336867571 2.11994204146 2.48747390098 0.379776416846 9.78504823143 10.1116721112 10.3955429955 0.191579500325 8.949220295 9.12213949859 0.118904168436 41.0830995513 0.247420487885 0.12578457671 0.342785596179 0.459020590999 0.0901288667583 0.075305128132 13.2678947585 13.9073586953 13.9853212115 0.0862109890981 0.196296187096 0.248588542905 0.302062874123 0.578904852652 0.0635010313687 0.136399325907
