data/baseflow/History/mHMbfrc528
ncols                  80
nrows                 72
xllcorner      4374000.0
yllcorner      5656000.0
cellsize            500
NODATA_value       -9999
[rows 0 to 23 of 72, columns 0 to 54 of 80]
-9999.0 -9999.0 -9999.0 -9999.0 -9999.0 -9999.0 -9999.0 -9999.0 -9999.0 -9999.0 -9999.0 -9999.0 1.42809270761 0.997400255834 -9999.0 -9999.0 -9999.0 -9999.0 -9999.0 -9999.0 -9999.0 -9999.0 -9999.0 -9999.0 -9999.0 -9999.0 -9999.0 -9999.0 -9999.0 -9999.0 -9999.0 -9999.0 -9999.0 -9999.0 -9999.0 -9999.0 -9999.0 -9999.0 -9999.0 -9999.0 -9999.0 -9999.0 -9999.0 -9999.0 -9999.0 -9999.0 -9999.0 -9999.0 -9999.0 -9999.0 -9999.0 -9999.0 -9999.0 -9999.0 -9999.0
-9999.0 -9999.0 -9999.0 -9999.0 -9999.0 -9999.0 -9999.0 -9999.0 -9999.0 -9999.0 -9999.0 -9999.0 2.89145305251 5.90477777757 0.851930954252 -9999.0 0.657946518543 -9999.0 -9999.0 -9999.0 -9999.0 -9999.0 -9999.0 -9999.0 -9999.0 -9999.0 -9999.0 -9999.0 -9999.0 -9999.0 -9999.0 -9999.0 -9999.0 -9999.0 -9999.0 -9999.0 -9999.0 -9999.0 -9999.0 -9999.0 -9999.0 -9999.0 -9999.0 -9999.0 -9999.0 -9999.0 -9999.0 -9999.0 -9999.0 -9999.0 -9999.0 -9999.0 -9999.0 -9999.0 -9999.0
-9999.0 -9999.0 -9999.0 -9999.0 -9999.0 -9999.0 -9999.0 -9999.0 -9999.0 -9999.0 1.44866121494 1.40374360998 1.44408615617 1.39665893368 8.61619369645 9.58559186602 1.8154891774 0.571859980155 -9999.0 -9999.0 -9999.0 -9999.0 -9999.0 -9999.0 -9999.0 -9999.0 -9999.0 -9999.0 -9999.0 -9999.0 -9999.0 -9999.0 -9999.0 -9999.0 -9999.0 -9999.0 -9999.0 -9999.0 -9999.0 -9999.0 -9999.0 -9999.0 -9999.0 -9999.0 -9999.0 -9999.0 -9999.0 -9999.0 -9999.0 -9999.0 -9999.0 -9999.0 -9999.0 -9999.0 -9999.0
-9999.0 -9999.0 -9999.0 -9999.0 -9999.0 -9999.0 -9999.0 -9999.0 -9999.0 1.40943678094 2.84642510137 5.6495166012 2.80976261231 1.37669684245 2.72143705315 10.9208551081 14.1970797686 0.68104854289 -9999.0 1.42834626577 -9999.0 -9999.0 -9999.0 -9999.0 1.26989937626 0.641115765025 -9999.0 -9999.0 -9999.0 -9999.0 -9999.0 -9999.0 -9999.0 -9999.0 -9999.0 -9999.0 -9999.0 -9999.0 -9999.0 -9999.0 -9999.0 -9999.0 -9999.0 -9999.0 -9999.0 -9999.0 -9999.0 -9999.0 -9999.0 -9999.0 -9999.0 -9999.0 -9999.0 -9999.0 -9999.0
-9999.0 -9999.0 -9999.0 -9999.0 -9999.0 -9999.0 -9999.0 -9999.0 1.50558941356 4.36590979678 5.74776384614 7.13153272332 9.8089519961 1.3346401881 5.35080514424 6.6711685859 22.8801055169 1.14243107039 1.29439867191 2.75491124207 4.04704174126 1.3221226459 -9999.0 3.42543502513 2.80969539904 0.806996882739 -9999.0 -9999.0 -9999.0 -9999.0 -9999.0 -9999.0 -9999.0 -9999.0 -9999.0 -9999.0 -9999.0 -9999.0 -9999.0 -9999.0 -9999.0 -9999.0 -9999.0 -9999.0 -9999.0 -9999.0 -9999.0 -9999.0 -9999.0 -9999.0 -9999.0 -9999.0 -9999.0 -9999.0 -9999.0
-9999.0 -9999.0 -9999.0 -9999.0 -9999.0 -9999.0 1.52509425081 1.42321003506 1.4114640511 1.41980139249 1.4232221611 9.97303139236 21.1577808497 22.5290394885 23.7860875304 1.23076326401 25.3268603965 26.5888103682 2.61388287053 1.30123072455 5.3218513639 9.22388652704 1.24431121906 7.10866879817 1.35688958164 1.29708072574 1.40027577237 -9999.0 -9999.0 -9999.0 -9999.0 -9999.0 -9999.0 -9999.0 -9999.0 -9999.0 -9999.0 -9999.0 -9999.0 -9999.0 -9999.0 -9999.0 -9999.0 -9999.0 -9999.0 -9999.0 -9999.0 -9999.0 -9999.0 -9999.0 -9999.0 -9999.0 -9999.0 -9999.0 -9999.0
-9999.0 -9999.0 -9999.0 -9999.0 -9999.0 -9999.0 3.05669222335 4.51916766709 10.2627178297 14.4661801111 1.35158246544 1.376959608 1.330397697 3.94115450854 28.9788523148 1.21452203933 27.8346079364 32.7683855359 3.88079996237 2.52487677018 10.4553599125 1.28485145567 8.39772722468 2.59016148222 1.30650129621 2.57885099026 2.76368369795 1.38158135763 1.39551954536 1.38737740549 1.40056373457 2.81565808804 -9999.0 -9999.0 -9999.0 -9999.0 -9999.0 -9999.0 -9999.0 -9999.0 -9999.0 -9999.0 -9999.0 -9999.0 -9999.0 -9999.0 -9999.0 -9999.0 -9999.0 -9999.0 -9999.0 -9999.0 -9999.0 -9999.0 -9999.0
-9999.0 -9999.0 -9999.0 -9999.0 -9999.0 1.57150824364 3.08681133509 1.49616253832 2.93507558576 15.9167869995 18.6820681689 21.4327483911 67.269226035 1.30293821807 30.2703653463 107.285990782 108.219968215 142.600352968 1.03286845615 3.76501974612 11.6945394217 1.23480100285 22.7729095303 13.1086615159 7.96775748127 6.66432862307 1.35141287184 4.12591724443 4.11453282572 2.75150091374 1.35079784269 4.19557306342 1.35087499641 1.34859098387 -9999.0 -9999.0 -9999.0 -9999.0 -9999.0 -9999.0 -9999.0 -9999.0 -9999.0 -9999.0 -9999.0 -9999.0 -9999.0 -9999.0 -9999.0 -9999.0 -9999.0 -9999.0 -9999.0 -9999.0 -9999.0
-9999.0 -9999.0 -9999.0 -9999.0 -9999.0 1.59236319248 4.67481255043 9.2806701263 10.742379344 21.3428484621 22.7554976668 27.0874611827 44.5329991743 70.8889471205 73.4351518196 74.6161091961 2.33596361489 146.747431178 148.888390974 155.053849463 194.483161147 26.5115997412 24.0508660041 9.24493213108 1.2722528182 7.99663601427 5.41092326874 1.26310529029 5.39917863785 1.24225801209 2.58420356076 6.84352706304 8.15195844659 2.65756685581 1.30103020606 1.31322369454 -9999.0 -9999.0 -9999.0 -9999.0 0.702084681981 0.598597423269 -9999.0 -9999.0 -9999.0 -9999.0 -9999.0 -9999.0 -9999.0 -9999.0 -9999.0 -9999.0 -9999.0 -9999.0 -9999.0
-9999.0 -9999.0 -9999.0 -9999.0 -9999.0 1.57255531027 1.52382532218 6.19471359841 7.66018165347 9.15554180855 1.4594617843 2.90760360941 16.4336625638 2.89162232808 1.38987577083 1.34467797738 1.25334794877 1.36195182922 1.34195061081 1.30156387941 195.730761892 199.432207508 1.2325534376 3.76556458266 2.54046258705 9.24675651861 2.53235155256 1.23925129208 6.69883737742 2.45897850194 5.9067608341 14.4878234328 13.39526237 3.950923778 3.90822914754 1.31245396278 1.31474075359 -9999.0 -9999.0 1.32763879666 1.6638855362 3.5079388299 0.626256783897 -9999.0 -9999.0 -9999.0 -9999.0 -9999.0 -9999.0 -9999.0 -9999.0 -9999.0 -9999.0 -9999.0 -9999.0
-9999.0 -9999.0 -9999.0 -9999.0 -9999.0 -9999.0 1.59925458607 1.57939619086 3.12346063823 4.6529065528 10.610248759 13.5862012886 15.0629790892 1.52328115173 1.33308109031 17.0457242617 21.0255613528 22.3297397014 27.5950012564 28.8705914379 1.258786967 200.680212184 206.875200571 4.96429501341 1.08394929037 10.4425596344 23.2838204483 9.1329170401 2.44186471634 1.22584186061 22.7782062661 15.7197215227 1.21777569214 1.21851692712 5.1405459056 3.8853517839 1.27103523074 1.25741952101 1.28904840187 2.60084386697 1.26999592201 4.2619736205 5.49986977251 1.19674837271 -9999.0 -9999.0 -9999.0 -9999.0 1.29731127504 1.25852794539 0.367206564869 -9999.0 -9999.0 -9999.0 -9999.0
-9999.0 -9999.0 -9999.0 -9999.0 -9999.0 -9999.0 -9999.0 1.6044384659 1.47045429927 2.99131360632 4.49398539776 1.50329501762 1.45818027929 8.76948772359 11.5730238478 14.3904336353 1.33626495833 2.68885791371 1.30924839095 30.1399801226 65.7432442178 66.4395690364 275.507969495 1.24094423785 3.26495567093 1.06532782773 24.4739931171 1.20182929757 3.6785860279 1.2162613397 23.9840035783 25.1833853879 2.4366518805 2.43122848507 12.8308298078 6.42780983495 2.52331851927 1.27659659588 2.58372310241 3.88056175864 6.38636278139 1.23329798156 7.89216322694 9.02990099221 1.05251279659 1.10442377689 1.14537924014 1.075862827 1.03387989786 3.70304220101 1.47358210198 0.952754951408 -9999.0 -9999.0 -9999.0
-9999.0 -9999.0 -9999.0 -9999.0 -9999.0 -9999.0 -9999.0 -9999.0 3.07486176876 4.53857835929 1.49923717081 3.00683611203 4.44618079797 7.38290378698 1.45078424892 1.43581693144 1.33275039076 1.35188463367 1.29162126781 33.0511850554 1.32065605011 2.62337970642 278.914846874 281.624978747 1.49209137166 6.23567035422 31.9091430841 2.37487423472 4.81189620995 2.30983073072 3.42384763995 29.8663502893 3.57191008062 18.7687317194 15.216134647 1.21293842926 6.25307252644 2.51199368537 3.81447199935 1.22917000696 7.59238286446 9.99050303337 10.9958039396 11.9646293547 13.0014379753 1.99805255902 2.09710971133 1.97367497537 1.87762877278 4.72384355026 1.03198236929 3.47172304015 4.44795093992 -9999.0 -9999.0
-9999.0 -9999.0 -9999.0 -9999.0 -9999.0 -9999.0 -9999.0 -9999.0 1.55719157669 7.61619436723 9.09949800824 1.48972910673 2.94111809237 1.45335515142 1.40941492173 1.38771955012 16.9654150414 22.6155837734 27.6342051286 32.3174174224 1.18906733388 1.31158860025 1.50589266721 287.390969315 290.093287559 291.440820594 43.0183045084 9.58625884921 8.34226617159 1.1010444528 4.5125278817 35.4844140417 1.10251684386 19.885258607 1.18412450156 8.08053650556 7.50489917763 1.22597993574 5.03615602961 2.44844462264 3.65268943366 1.17476597929 0.962598028048 12.9245458702 13.8133233182 13.888284432 3.04343549582 2.88543283396 2.78467326653 5.78835724666 7.85740104537 1.03088256054 5.44948892389 1.04864862086 2.03430959739
-9999.0 -9999.0 -9999.0 -9999.0 -9999.0 -9999.0 -9999.0 -9999.0 -9999.0 1.53804721888 10.590960443 12.0751713739 4.40740908628 7.314116744 10.1274970987 11.532517183 1.4024729135 4.31691264832 2.83560587231 1.39422099528 1.3989780172 1.3414204042 2.7049197847 4.74128268012 1.69914715709 337.48337349 338.950797946 1.37922445969 1.08556948958 2.21251514318 3.30307584635 38.7456761489 2.1770399386 20.9210449064 12.526086527 10.2712604541 1.18571333458 2.39843735049 6.19490005433 1.15356188504 4.79054574661 2.29453884168 1.79199994153 0.859844401593 16.3639333926 31.0001746693 3.72909118509 3.59296050129 3.70159343934 0.92760784886 8.77481420623 0.906247890968 7.38630840963 0.976813271836 3.00384595437
-9999.0 -9999.0 -9999.0 -9999.0 -9999.0 -9999.0 -9999.0 -9999.0 -9999.0 -9999.0 1.45333307504 15.0035705199 1.46696105938 2.92267608916 4.31122415608 7.13187142015 1.44458765768 2.92890316608 1.44945420217 1.42198362398 1.3630396159 2.70543299471 1.27122831272 1.44418221149 3.04803968127 1.70259702266 340.320422363 343.015229784 346.925313264 4.47643270495 1.10812112901 2.2092707697 39.861435268 38.9181268901 14.8118646722 1.14060075047 4.74214036517 3.56873448077 7.35606720544 2.31174198011 9.35815759785 3.42133159303 2.84460552819 0.768321164751 0.888308987206 31.9421374524 32.7674839962 40.8468971074 6.56796845877 1.90375374905 9.73507745861 11.5824817796 19.8438175989 1.91573884472 0.925432090369
-9999.0 -9999.0 -9999.0 -9999.0 -9999.0 -9999.0 -9999.0 -9999.0 -9999.0 -9999.0 -9999.0 0.800350098743 16.8028044926 1.45227381594 2.82866427545 12.7651167476 1.44017104955 1.44255701182 1.35017801469 2.79080716131 1.33190808709 5.3627506078 7.89828743665 9.11696867683 4.2479608694 5.54349513867 1.42145824222 1.65407503674 1.3907922205 353.721091477 357.212966084 40.9126354334 40.9895289683 39.9599904087 2.12071548345 1.0428749966 5.84260346205 15.4133056141 8.47261673728 3.42665719376 13.8702976694 6.46994466185 5.40642457536 1.5965046575 0.686514499474 0.645376332019 0.666677638484 43.9497784825 53.2141575563 0.936141581771 0.859062178278 0.924883993678 20.7414639766 23.5363133076 1.73285302062
-9999.0 -9999.0 -9999.0 -9999.0 -9999.0 -9999.0 -9999.0 -9999.0 -9999.0 -9999.0 -9999.0 0.759774008629 18.6534826146 22.9501288949 1.37376246693 15.5076816355 1.37780377445 1.36260180146 2.68099154219 6.80698577389 1.32833762165 1.35407696295 1.25769265189 11.6291665376 12.8374256933 19.6218499121 22.2536237855 23.6283861243 24.940516439 26.2063804561 384.622758032 427.994293414 471.232066069 472.078244523 1.07250100845 1.06364614274 17.6148427789 16.5216046929 1.10180463287 1.09867152294 14.9720074411 22.5303887851 1.01817858463 11.4318386844 10.4588433695 3.13308386709 1.44409461963 2.31608486108 0.919132732902 54.785797586 0.786119121056 2.55356857862 3.19149701969 29.0649502778 31.5250793131
-9999.0 -9999.0 -9999.0 -9999.0 -9999.0 -9999.0 -9999.0 -9999.0 -9999.0 -9999.0 -9999.0 1.50183335873 2.90459063651 24.3426478534 27.0106052589 1.33658129749 17.84165444 1.27755181842 3.89580546307 8.08145402871 2.60632688574 1.27687227479 2.56673772678 1.18098628003 2.30708542051 1.14559635962 1.1194052177 1.05708815785 1.00768637339 1.03326443109 1.07624990435 1.30473955306 1.45220501891 1.47637602089 475.488594914 21.8288198297 19.5218645283 0.911765584336 3.23570575543 0.809225786614 0.720398282881 23.5765330615 38.1754690794 12.5257431004 8.93528177581 1.74010591898 0.770610879247 0.729645636678 1.52719973047 57.1147578044 58.6057405997 0.769105020548 0.775299383153 0.793401118996 0.731896558217
-9999.0 -9999.0 -9999.0 -9999.0 -9999.0 -9999.0 -9999.0 -9999.0 -9999.0 -9999.0 -9999.0 -9999.0 1.41804557023 17.7112685615 46.0841251183 50.1680795445 69.2387248132 70.1822533745 18.063502598 13.2666229484 3.90123381283 1.27101161169 5.07054220013 6.28680230431 9.74678411556 2.31771578298 2.26281121096 2.20941115072 4.34313812518 2.15059185383 2.16095491858 1.03689912881 0.927532191117 1.05103885988 476.504019295 499.021871113 500.272590447 0.911349150659 8.76464384806 3.66709323283 1.08394091534 41.4576131032 2.25398422629 1.14646151491 4.73010553211 1.09459451905 0.965345723694 1.80634171394 2.53002730257 3.30143243989 59.9266472465 0.629953114879 0.564400148605 0.564763360593 0.473682034978
-9999.0 -9999.0 -9999.0 -9999.0 -9999.0 -9999.0 -9999.0 -9999.0 -9999.0 -9999.0 -9999.0 1.47267566018 13.4520437868 16.3224617237 2.74097733518 0.844000924692 2.00316405029 73.4801777906 74.5289490216 93.495151163 1.20363479353 2.46838383015 1.16427092421 1.17825463671 10.89607972 14.3619021451 17.739424376 1.09598848974 5.43104109532 8.65623039455 5.29224985542 2.08840465361 1.91891456906 1.95235136213 1.865705239 0.981773680805 501.052367909 501.715158776 511.893685509 1.93603794016 1.00844744682 42.0894344548 2.3613583094 1.19536766686 1.2402243174 1.23155945358 1.16830859614 2.18374231744 6.23659440231 10.3495781047 70.9152394281 0.502511150514 1.50343427134 1.01279447848 0.879085098892
-9999.0 -9999.0 -9999.0 -9999.0 -9999.0 -9999.0 -9999.0 -9999.0 -9999.0 -9999.0 -9999.0 1.49586083303 9.10331553598 1.45072939654 1.36397152503 6.74339034549 8.01022993376 9.31935657934 10.5861008647 126.411184708 127.478403577 129.784610307 146.482531097 150.040868317 152.164712315 153.331948609 173.782022859 176.767896917 177.867514561 187.654378879 194.055535129 195.109127958 199.063674491 2.97060630523 2.80053500357 0.83207646277 0.738470943757 502.492876986 515.404551775 2.82728038843 48.1264601621 47.2231437393 4.57732418587 1.1277757231 1.15971613118 1.14052805854 1.11579875223 2.23947071925 3.2481020152 0.966673636653 71.5312514012 72.1668658361 75.2346462632 75.7663461485 77.1361502533
-9999.0 -9999.0 -9999.0 -9999.0 -9999.0 -9999.0 -9999.0 -9999.0 -9999.0 -9999.0 -9999.0 4.6128047402 6.10877302442 2.90288561683 4.30776929598 1.39504639887 15.8520628365 17.1997284606 19.8489066876 21.0642653409 8.9520053315 140.523629508 141.617422795 1.18813453531 0.96254651181 0.905843034984 1.9158464466 1.01761437885 0.888068964354 0.891996577245 0.918840554944 196.129757697 200.08794737 203.959242318 207.589843061 210.484771969 1.33101205432 0.483598308643 565.7897386 49.7466589239 49.0524182003 1.03581753642 1.00434382765 0.951969979435 2.1387918231 2.12419370239 1.01941024591 1.02917171268 0.963081954855 1.91953155385 2.58345032224 0.512918306398 0.957901083013 0.391538219698 0.333217386143
-9999.0 -9999.0 -9999.0 -9999.0 -9999.0 -9999.0 -9999.0 -9999.0 -9999.0 -9999.0 -9999.0 -9999.0 3.10878680711 1.47440827007 1.42234405806 13.1760725343 14.5397536517 1.36026936583 5.40826051128 6.68298598848 7.89988367392 1.28110797714 1.16340076449 22.4486569167 23.4493987002 24.4320650565 62.5311045921 63.3818015241 65.0168183091 72.0438922533 76.730320444 77.5371373067 0.829815020068 0.841933989143 0.799566820525 211.517886477 0.535365025174 574.908581518 574.110957808 7.69648869309 6.86509852524 4.06168756053 1.02489081843 1.91402999115 3.11557974211 3.10146724603 1.99874955732 1.00610552916 1.96189614021 1.93202497754 3.4675433236 0.569884956644 1.59700526604 2.56287367404 3.24832743412
