data/baseflow/History/mHMbfrc596
ncols                  80
nrows                 72
xllcorner      4374000.0
yllcorner      5656000.0
cellsize            500
NODATA_value       -9999
[rows 0 to 23 of 72, columns 0 to 53 of 80]
-9999.0 -9999.0 -9999.0 -9999.0 -9999.0 -9999.0 -9999.0 -9999.0 -9999.0 -9999.0 -9999.0 -9999.0 0.610656679899 0.66033349655 -9999.0 -9999.0 -9999.0 -9999.0 -9999.0 -9999.0 -9999.0 -9999.0 -9999.0 -9999.0 -9999.0 -9999.0 -9999.0 -9999.0 -9999.0 -9999.0 -9999.0 -9999.0 -9999.0 -9999.0 -9999.0 -9999.0 -9999.0 -9999.0 -9999.0 -9999.0 -9999.0 -9999.0 -9999.0 -9999.0 -9999.0 -9999.0 -9999.0 -9999.0 -9999.0 -9999.0 -9999.0 -9999.0 -9999.0 -9999.0
-9999.0 -9999.0 -9999.0 -9999.0 -9999.0 -9999.0 -9999.0 -9999.0 -9999.0 -9999.0 -9999.0 -9999.0 1.27046883985 3.08896549583 0.559347698488 -9999.0 0.574086588922 -9999.0 -9999.0 -9999.0 -9999.0 -9999.0 -9999.0 -9999.0 -9999.0 -9999.0 -9999.0 -9999.0 -9999.0 -9999.0 -9999.0 -9999.0 -9999.0 -9999.0 -9999.0 -9999.0 -9999.0 -9999.0 -9999.0 -9999.0 -9999.0 -9999.0 -9999.0 -9999.0 -9999.0 -9999.0 -9999.0 -9999.0 -9999.0 -9999.0 -9999.0 -9999.0 -9999.0 -9999.0
-9999.0 -9999.0 -9999.0 -9999.0 -9999.0 -9999.0 -9999.0 -9999.0 -9999.0 -9999.0 0.572564477575 0.555688189233 0.609674210827 0.609839604965 4.18521965388 4.68315671076 1.54844621131 0.491935985788 -9999.0 -9999.0 -9999.0 -9999.0 -9999.0 -9999.0 -9999.0 -9999.0 -9999.0 -9999.0 -9999.0 -9999.0 -9999.0 -9999.0 -9999.0 -9999.0 -9999.0 -9999.0 -9999.0 -9999.0 -9999.0 -9999.0 -9999.0 -9999.0 -9999.0 -9999.0 -9999.0 -9999.0 -9999.0 -9999.0 -9999.0 -9999.0 -9999.0 -9999.0 -9999.0 -9999.0
-9999.0 -9999.0 -9999.0 -9999.0 -9999.0 -9999.0 -9999.0 -9999.0 -9999.0 0.545252949048 1.12231018168 2.23387061352 1.14700582944 0.546715126686 1.05734287504 5.17254347363 7.74349932712 0.522192331571 -9999.0 0.571274352882 -9999.0 -9999.0 -9999.0 -9999.0 1.06685555589 0.554048117617 -9999.0 -9999.0 -9999.0 -9999.0 -9999.0 -9999.0 -9999.0 -9999.0 -9999.0 -9999.0 -9999.0 -9999.0 -9999.0 -9999.0 -9999.0 -9999.0 -9999.0 -9999.0 -9999.0 -9999.0 -9999.0 -9999.0 -9999.0 -9999.0 -9999.0 -9999.0 -9999.0 -9999.0
-9999.0 -9999.0 -9999.0 -9999.0 -9999.0 -9999.0 -9999.0 -9999.0 0.727141054122 1.91115176067 2.45178527018 2.99239170804 3.89839043059 0.484452401177 1.99705422439 2.45493608059 11.1088779628 0.440323743511 0.409154319082 1.02990918532 1.4816821992 0.486543726698 -9999.0 2.6291626847 2.16646887555 0.561431375992 -9999.0 -9999.0 -9999.0 -9999.0 -9999.0 -9999.0 -9999.0 -9999.0 -9999.0 -9999.0 -9999.0 -9999.0 -9999.0 -9999.0 -9999.0 -9999.0 -9999.0 -9999.0 -9999.0 -9999.0 -9999.0 -9999.0 -9999.0 -9999.0 -9999.0 -9999.0 -9999.0 -9999.0
-9999.0 -9999.0 -9999.0 -9999.0 -9999.0 -9999.0 0.666076352495 0.57779877832 0.558138822605 0.580739987977 0.608889973861 4.22954837508 8.68981120808 9.2292967222 9.63322972929 0.389047786782 11.9503917517 12.3738964474 0.864827389157 0.455686507577 1.92027314841 3.34095176915 0.483156555924 4.11343989938 0.508522416031 0.509954061566 0.538429331229 -9999.0 -9999.0 -9999.0 -9999.0 -9999.0 -9999.0 -9999.0 -9999.0 -9999.0 -9999.0 -9999.0 -9999.0 -9999.0 -9999.0 -9999.0 -9999.0 -9999.0 -9999.0 -9999.0 -9999.0 -9999.0 -9999.0 -9999.0 -9999.0 -9999.0 -9999.0 -9999.0
-9999.0 -9999.0 -9999.0 -9999.0 -9999.0 -9999.0 1.36582933478 2.01065751593 4.49970754378 6.16224605872 0.49770294987 0.519572484301 0.491513324041 1.45933867222 11.5149368283 0.358979178404 12.7986862621 14.5197078327 1.32313093906 0.838104437945 3.7434187092 0.461520154594 4.56242280711 0.901278728865 0.451896528726 0.938145124806 1.07150275168 0.554422233564 0.566542345826 0.541631187982 0.610719696274 1.22058474819 -9999.0 -9999.0 -9999.0 -9999.0 -9999.0 -9999.0 -9999.0 -9999.0 -9999.0 -9999.0 -9999.0 -9999.0 -9999.0 -9999.0 -9999.0 -9999.0 -9999.0 -9999.0 -9999.0 -9999.0 -9999.0 -9999.0
-9999.0 -9999.0 -9999.0 -9999.0 -9999.0 0.815507018322 1.53932472253 0.717208926095 1.37584802125 6.85224148176 7.98892600548 9.08957979621 31.2381084862 0.502699122485 11.9862202521 47.3573604073 47.7126785296 62.9008294784 0.416091905278 1.2197123714 4.14835231685 0.397658626101 9.74874663887 4.75684956131 2.96154545492 2.49488425481 0.518215386722 1.62674937231 1.62850205649 1.081048258 0.529750312174 1.77347055033 0.531191628452 0.516799483905 -9999.0 -9999.0 -9999.0 -9999.0 -9999.0 -9999.0 -9999.0 -9999.0 -9999.0 -9999.0 -9999.0 -9999.0 -9999.0 -9999.0 -9999.0 -9999.0 -9999.0 -9999.0 -9999.0 -9999.0
-9999.0 -9999.0 -9999.0 -9999.0 -9999.0 0.83228541568 2.3833980768 4.69248654538 5.38237189532 10.690697859 11.3109473942 13.319566187 21.6692413266 32.9377019243 34.0515445003 34.5801193976 0.85863830147 64.4861465504 65.290424629 67.3691929658 82.9778677458 11.0302042756 10.216580513 3.41465344187 0.444500135385 2.9978104093 2.07440703174 0.417111926492 2.09696985163 0.464196151839 0.984680166418 2.77391122154 3.27401138755 1.00198895468 0.492826548086 0.466412293636 -9999.0 -9999.0 -9999.0 -9999.0 0.48223655932 0.448199827675 -9999.0 -9999.0 -9999.0 -9999.0 -9999.0 -9999.0 -9999.0 -9999.0 -9999.0 -9999.0 -9999.0 -9999.0
-9999.0 -9999.0 -9999.0 -9999.0 -9999.0 0.786561330528 0.732684293486 3.1912960746 3.90611264473 4.65584717089 0.690771590431 1.35694931684 7.91820696949 1.37816126372 0.620644369512 0.531630130732 0.451371203586 0.54717960692 0.498753980534 0.513362147401 83.4520894399 84.6823731518 0.400687058354 1.27008622231 0.881420233496 3.41758260944 0.85068409624 0.39784728561 2.58073859644 0.899688954498 2.19871421361 5.66388662972 5.25256797614 1.48616472111 1.42810378317 0.494462361154 0.480790491975 -9999.0 -9999.0 0.464680949925 0.992011737818 2.38095280371 0.474393494646 -9999.0 -9999.0 -9999.0 -9999.0 -9999.0 -9999.0 -9999.0 -9999.0 -9999.0 -9999.0 -9999.0
-9999.0 -9999.0 -9999.0 -9999.0 -9999.0 -9999.0 0.847460808648 0.874197551973 1.58818888157 2.33318796458 5.22149161607 6.63350431992 7.32838472439 0.730483620478 0.521337485486 7.43901239544 9.02417748264 9.49224519524 11.5138863686 11.9386532756 0.430973031598 85.1255280141 87.1991847929 1.64448167798 0.26173264358 3.76640821914 8.33020069559 3.3585905654 0.792004905889 0.397317583448 8.68208245148 6.09474089739 0.413034728333 0.40722651862 1.85030771211 1.41581945901 0.434576396308 0.40203127929 0.438754367714 0.888365130437 0.404426323351 2.88058305787 3.26033476983 0.342206411819 -9999.0 -9999.0 -9999.0 -9999.0 0.386877356901 0.354979106545 0.100751076811 -9999.0 -9999.0 -9999.0
-9999.0 -9999.0 -9999.0 -9999.0 -9999.0 -9999.0 -9999.0 0.82085034782 0.686446047378 1.47274055163 2.23000269799 0.710398814261 0.615156429848 4.00743790234 5.19346453189 6.43603599194 0.572528008414 1.06219274324 0.537167129821 12.4012508034 27.688859107 28.1330256871 116.181309763 0.404888126251 0.74624904939 0.221855188255 8.69938774917 0.390735686317 1.19840530852 0.390306128394 9.0855870538 9.49074388178 0.83166885134 0.810287624369 4.59785867017 2.29845659536 0.841596227834 0.438832008267 0.871398345177 1.31242957138 2.09883574944 0.371166885681 3.91718722381 4.21216711548 0.253467258757 0.280960035859 0.287887262112 0.249503043021 0.228423405655 1.01709932912 0.378366427638 0.23514659605 -9999.0 -9999.0
-9999.0 -9999.0 -9999.0 -9999.0 -9999.0 -9999.0 -9999.0 -9999.0 1.4805050885 2.10522753161 0.702787738528 1.45210373513 2.12680763292 3.46063277823 0.663315662676 0.624452738038 0.496753529499 0.501927906992 0.430441619901 14.3256257679 0.554137636713 1.06060753495 117.690835333 118.461213752 0.26860892784 1.29460521455 10.3137876127 0.754010624816 1.53364805054 0.689908833052 1.02088836715 11.0106318161 1.18239351342 6.50383739055 5.3589354459 0.393480289252 2.06736713856 0.840645644156 1.24525401405 0.367084734208 2.44838792801 3.12541380729 3.3660004752 3.58869355344 5.14638618349 0.475302959531 0.495152801443 0.435280890188 0.395106021761 1.22754088863 0.229829897094 0.851322159071 1.05626884982 -9999.0
-9999.0 -9999.0 -9999.0 -9999.0 -9999.0 -9999.0 -9999.0 -9999.0 0.796207565173 3.67257159714 4.34515678495 0.670916266931 1.2993623927 0.625266959625 0.543326161064 0.531213575958 7.06467938239 9.39393624711 11.5375051531 13.8360751938 0.546583842277 0.525792970063 0.444711147395 120.601337232 121.462486222 121.730253678 13.6397617682 3.00517538465 2.63309828726 0.304378658705 1.32539401541 12.6597195744 0.318432901923 6.83194539275 0.369043426685 2.68032127367 2.48081862762 0.391354546634 1.61829897691 0.735392163215 1.08685902159 0.298676584767 0.216108852993 3.80732531642 3.99947077579 5.33783616489 0.700224691166 0.626552335948 0.575662757303 1.4777962641 1.9455005092 0.233385821665 1.27939543803 0.243273713328
-9999.0 -9999.0 -9999.0 -9999.0 -9999.0 -9999.0 -9999.0 -9999.0 -9999.0 0.835077197942 5.08838663451 5.74233466541 1.93531326572 3.20506139145 4.33670071797 4.931327738 0.622034965157 1.81660296732 1.208469128 0.646430816779 0.606435256623 0.514073580459 1.00461297873 1.64747410918 0.465431663309 136.132746208 136.408551586 0.24416605044 0.223150446306 0.616615062128 0.923111565982 13.5872461483 0.620830786646 7.10021555563 4.00516841743 3.33377832536 0.352540263193 0.729647279132 1.93645374336 0.318099357023 1.38664331916 0.59545308977 0.342418549576 0.13804769805 4.45654874939 9.94102693677 0.830131074696 0.759925698307 0.753074274928 0.186357594371 2.12921102887 0.177302575368 1.69573234787 0.204714272352
-9999.0 -9999.0 -9999.0 -9999.0 -9999.0 -9999.0 -9999.0 -9999.0 -9999.0 -9999.0 0.681361936112 7.11070321261 0.626400439813 1.26032389542 1.81266993138 2.87763394381 0.54592465032 1.17317200858 0.567769600729 0.502505929262 0.466226633088 0.917028048998 0.395712911658 0.404966797578 0.722633664558 0.391784759436 136.735612393 137.25255015 138.03109285 1.2098793185 0.312294455144 0.622709226567 13.9197104649 12.627457892 4.68781647699 0.334654284641 1.41322961409 1.06787129094 2.25578988766 0.63452562454 2.59606444694 0.898721246371 0.564074970107 0.0855075747553 0.153280254038 10.1552628368 10.3345039053 12.0699504476 1.34889143196 0.389904271104 2.33273497535 2.70855359046 4.57646569007 0.403558602171
-9999.0 -9999.0 -9999.0 -9999.0 -9999.0 -9999.0 -9999.0 -9999.0 -9999.0 -9999.0 -9999.0 0.37514913477 7.87900631846 0.595618223415 1.13793459216 5.07379069651 0.544281686117 0.531232475888 0.440101801842 0.974180704039 0.487593763632 1.88465345418 2.67852292855 3.02443112381 1.01148123097 1.21525993301 0.242077793126 0.344920407502 0.329324746784 139.856844822 140.711297521 14.1822787075 13.1745470004 12.9051207944 0.547352805986 0.261976842989 1.70458943435 4.54257589195 2.54717548396 0.920428638833 3.79415273332 1.12037512466 0.861702527354 0.157562810344 0.0559416397304 0.0549031787424 0.0767803826671 12.5256225093 14.4201582632 0.184702097347 0.163628375584 0.186610310113 4.75687201791 5.32707797129
-9999.0 -9999.0 -9999.0 -9999.0 -9999.0 -9999.0 -9999.0 -9999.0 -9999.0 -9999.0 -9999.0 0.338591135604 8.67483179202 10.6083022611 0.551787031755 6.15706046556 0.479150417863 0.443290806883 0.898648395723 2.34860033136 0.457875475596 0.500232691385 0.389755265707 3.78591406925 4.14395538087 5.75469717169 6.29283219202 6.57712888983 6.81903404947 7.05792577187 148.040859588 162.670924193 176.259884014 176.453683214 0.205268679685 0.259842615818 5.1294765328 4.83846434206 0.284717779739 0.284030251856 4.09539044819 5.50163708458 0.211609862379 2.20514543083 2.0531121153 0.349586975329 0.172436926357 0.311066865092 0.206319285164 14.7417938751 0.163414385864 0.49652873944 0.615198094958 6.30064399393
-9999.0 -9999.0 -9999.0 -9999.0 -9999.0 -9999.0 -9999.0 -9999.0 -9999.0 -9999.0 -9999.0 0.733227180425 1.38619966215 11.2339225692 12.23927105 0.511611969207 7.12089689196 0.387095256442 1.21419002505 2.76184545192 0.871082245659 0.409704431449 0.859277784638 0.318515353996 0.61960741884 0.308277942358 0.271725971217 0.204510087512 0.182097713965 0.149087622558 0.129679329199 0.194290455324 0.252864065289 0.286656160272 177.125840391 5.88259640054 5.41372663519 0.133368516141 0.793288487999 0.186897102081 0.165764012546 5.74845719855 8.70076995693 2.48544066319 1.92519811748 0.222474868035 0.0826226567622 0.0679482616416 0.207271229849 15.1122956049 15.4068237386 0.155765464701 0.159540668187 0.129877317073
-9999.0 -9999.0 -9999.0 -9999.0 -9999.0 -9999.0 -9999.0 -9999.0 -9999.0 -9999.0 -9999.0 -9999.0 0.554832399483 8.53049320299 21.3252691955 23.0638023426 30.6555148689 31.1283345947 6.12528673415 4.47840293518 1.29160618355 0.399765646787 1.64257391285 2.01325571049 2.95215824047 0.64012096724 0.568938511857 0.510745215781 0.985931822306 0.434041119758 0.39748244685 0.211614379459 0.0996050656834 0.105099444145 177.31329572 183.357169509 183.576634185 0.131203963496 1.94879576096 0.879108026843 0.268002188457 9.57190360106 0.627986294746 0.330344164608 1.3487912424 0.250079102185 0.17066816622 0.30978639608 0.433561697503 0.579083474861 15.6455009756 0.11076502805 0.0938829066519 0.0939980136523
-9999.0 -9999.0 -9999.0 -9999.0 -9999.0 -9999.0 -9999.0 -9999.0 -9999.0 -9999.0 -9999.0 0.664974532522 6.54355370484 7.92882276956 1.21732701037 0.379258530899 0.808591411253 32.3967827695 32.8147642849 39.3974752203 0.352591409151 0.746753254668 0.313046731457 0.319626648229 3.26401508867 4.21457472944 5.05826529174 0.265448190065 1.24869612562 1.93832612832 1.09467866308 0.458633123089 0.284800822819 0.214351654005 0.201483292768 0.0985940890545 183.715876514 183.81652034 185.971135308 0.423089298353 0.229457538758 9.83225254758 0.653424181397 0.34348326931 0.385548570817 0.381908933713 0.312212631942 0.501611721545 1.4086258488 2.14866548019 17.9091692806 0.0804970557245 0.243512710794 0.165807420313
-9999.0 -9999.0 -9999.0 -9999.0 -9999.0 -9999.0 -9999.0 -9999.0 -9999.0 -9999.0 -9999.0 0.6901478097 4.68589173296 0.72082116056 0.576587496954 3.2264054315 3.72084264248 4.20922178429 4.62165259202 53.8343349759 54.2268908737 54.9878615925 60.654229578 61.6121891124 62.1130728703 62.4392903379 68.053020756 68.7486044883 69.0318651995 71.2858940196 72.687953782 72.9379630538 73.6522415717 0.441544138977 0.334927299658 0.0520320390316 0.0543028497212 183.935294453 186.639903079 0.574415739824 11.5191077669 11.3032537249 1.19380822857 0.277246299837 0.277647523309 0.263953910623 0.266913238147 0.537335862051 0.746764849177 0.192797611198 18.0173227507 18.1341972473 18.6413693749 18.7342409739
-9999.0 -9999.0 -9999.0 -9999.0 -9999.0 -9999.0 -9999.0 -9999.0 -9999.0 -9999.0 -9999.0 2.46804565878 3.24520263146 1.45460421795 2.12915419397 0.66129021829 7.44116172288 7.96887343535 9.0082721061 9.39144651306 3.28411824378 58.9091390614 59.2631288154 0.300061155054 0.175175060373 0.146863068693 0.343502567529 0.162160107347 0.100581143033 0.0885286422977 0.109203759528 73.142215972 73.8771080234 74.5885963134 75.1431802755 75.352451707 0.081151584016 0.0256015732969 198.580228767 11.8491809468 11.7516791379 0.239911738047 0.213223605088 0.186299160633 0.465451648168 0.45222720731 0.204362414576 0.207013967067 0.184716027482 0.371439037418 0.474862804518 0.096197284783 0.161644499711 0.0501065380391
-9999.0 -9999.0 -9999.0 -9999.0 -9999.0 -9999.0 -9999.0 -9999.0 -9999.0 -9999.0 -9999.0 -9999.0 1.67159454103 0.758386749914 0.656148288913 6.37702534616 6.94285220808 0.562549603747 2.1068363682 2.58199976373 2.96543776213 0.44589841698 0.272689297488 8.4030865079 8.60779209769 8.79715941311 22.3496427914 22.4743683666 22.6630063609 23.9792100273 24.5150209537 24.5870324673 0.0758228988466 0.0838372136363 0.0960966009339 75.503219891 0.0539525014611 200.263460798 200.163463083 1.50018341702 1.37104879356 0.878669028655 0.217719976442 0.372074016392 0.655545037589 0.642804715162 0.391725840696 0.1953706844 0.376230599676 0.363933645681 0.626723100345 0.0808450196074 0.230415509188 0.369571540371
