data/baseflow/History/mHMbfrc458
ncols                  80
nrows                 72
xllcorner      4374000.0
yllcorner      5656000.0
cellsize            500
NODATA_value       -9999
[rows 0 to 23 of 72, columns 0 to 54 of 80]
-9999.0 -9999.0 -9999.0 -9999.0 -9999.0 -9999.0 -9999.0 -9999.0 -9999.0 -9999.0 -9999.0 -9999.0 1.42353491589 0.956370825123 -9999.0 -9999.0 -9999.0 -9999.0 -9999.0 -9999.0 -9999.0 -9999.0 -9999.0 -9999.0 -9999.0 -9999.0 -9999.0 -9999.0 -9999.0 -9999.0 -9999.0 -9999.0 -9999.0 -9999.0 -9999.0 -9999.0 -9999.0 -9999.0 -9999.0 -9999.0 -9999.0 -9999.0 -9999.0 -9999.0 -9999.0 -9999.0 -9999.0 -9999.0 -9999.0 -9999.0 -9999.0 -9999.0 -9999.0 -9999.0 -9999.0
-9999.0 -9999.0 -9999.0 -9999.0 -9999.0 -9999.0 -9999.0 -9999.0 -9999.0 -9999.0 -9999.0 -9999.0 2.87910955363 5.81527851964 0.820753585392 -9999.0 0.585924135232 -9999.0 -9999.0 -9999.0 -9999.0 -9999.0 -9999.0 -9999.0 -9999.0 -9999.0 -9999.0 -9999.0 -9999.0 -9999.0 -9999.0 -9999.0 -9999.0 -9999.0 -9999.0 -9999.0 -9999.0 -9999.0 -9999.0 -9999.0 -9999.0 -9999.0 -9999.0 -9999.0 -9999.0 -9999.0 -9999.0 -9999.0 -9999.0 -9999.0 -9999.0 -9999.0 -9999.0 -9999.0 -9999.0
-9999.0 -9999.0 -9999.0 -9999.0 -9999.0 -9999.0 -9999.0 -9999.0 -9999.0 -9999.0 1.43308231694 1.39907276774 1.43552132968 1.39174802876 8.5125634562 9.46961476037 1.65369015302 0.527504993397 -9999.0 -9999.0 -9999.0 -9999.0 -9999.0 -9999.0 -9999.0 -9999.0 -9999.0 -9999.0 -9999.0 -9999.0 -9999.0 -9999.0 -9999.0 -9999.0 -9999.0 -9999.0 -9999.0 -9999.0 -9999.0 -9999.0 -9999.0 -9999.0 -9999.0 -9999.0 -9999.0 -9999.0 -9999.0 -9999.0 -9999.0 -9999.0 -9999.0 -9999.0 -9999.0 -9999.0 -9999.0
-9999.0 -9999.0 -9999.0 -9999.0 -9999.0 -9999.0 -9999.0 -9999.0 -9999.0 1.40276716486 2.82608537139 5.61326191905 2.79220671216 1.36807563874 2.70070844361 10.7976084266 13.8383911528 0.631424493417 -9999.0 1.41584326853 -9999.0 -9999.0 -9999.0 -9999.0 1.13696589119 0.573310810129 -9999.0 -9999.0 -9999.0 -9999.0 -9999.0 -9999.0 -9999.0 -9999.0 -9999.0 -9999.0 -9999.0 -9999.0 -9999.0 -9999.0 -9999.0 -9999.0 -9999.0 -9999.0 -9999.0 -9999.0 -9999.0 -9999.0 -9999.0 -9999.0 -9999.0 -9999.0 -9999.0 -9999.0 -9999.0
-9999.0 -9999.0 -9999.0 -9999.0 -9999.0 -9999.0 -9999.0 -9999.0 1.49379572624 4.33531590418 5.70440301193 7.07523067682 9.74060947658 1.31803490565 5.30209114264 6.61236300843 22.4335779539 1.11952527423 1.27989604151 2.73196604924 4.01449501427 1.31653725486 -9999.0 3.11900564894 2.55135373444 0.743081595723 -9999.0 -9999.0 -9999.0 -9999.0 -9999.0 -9999.0 -9999.0 -9999.0 -9999.0 -9999.0 -9999.0 -9999.0 -9999.0 -9999.0 -9999.0 -9999.0 -9999.0 -9999.0 -9999.0 -9999.0 -9999.0 -9999.0 -9999.0 -9999.0 -9999.0 -9999.0 -9999.0 -9999.0 -9999.0
-9999.0 -9999.0 -9999.0 -9999.0 -9999.0 -9999.0 1.48019380657 1.40705612403 1.39706005126 1.40645666069 1.41290953177 9.89749816198 21.0021533787 22.3604823365 23.607377028 1.22162477874 24.8688162468 26.1290319211 2.59257223958 1.2877865467 5.27685390663 9.15928546701 1.23358775008 6.69394253661 1.28202620598 1.22347559714 1.30590694173 -9999.0 -9999.0 -9999.0 -9999.0 -9999.0 -9999.0 -9999.0 -9999.0 -9999.0 -9999.0 -9999.0 -9999.0 -9999.0 -9999.0 -9999.0 -9999.0 -9999.0 -9999.0 -9999.0 -9999.0 -9999.0 -9999.0 -9999.0 -9999.0 -9999.0 -9999.0 -9999.0 -9999.0
-9999.0 -9999.0 -9999.0 -9999.0 -9999.0 -9999.0 2.95561940056 4.38656714035 10.0250334355 14.1726897728 1.32976697642 1.34898057865 1.31320187196 3.90723547096 28.7518038744 1.19238702202 27.353271879 32.2438247675 3.84458422031 2.492803454 10.3802039552 1.28049296808 7.97773710613 2.56327567165 1.27951316857 2.4533861317 2.5902011759 1.35282146181 1.36047424697 1.34967088977 1.37317255129 2.75880935827 -9999.0 -9999.0 -9999.0 -9999.0 -9999.0 -9999.0 -9999.0 -9999.0 -9999.0 -9999.0 -9999.0 -9999.0 -9999.0 -9999.0 -9999.0 -9999.0 -9999.0 -9999.0 -9999.0 -9999.0 -9999.0 -9999.0 -9999.0
-9999.0 -9999.0 -9999.0 -9999.0 -9999.0 1.52263630965 2.99543244887 1.4592968961 2.87416567277 15.6006313004 18.329009343 21.0343917836 65.3928460071 1.29943797703 30.0339702973 105.052492614 105.98510221 139.816334194 1.01618567928 3.71098214629 11.6112616626 1.22712972719 21.9851028578 12.7491964607 7.6444277193 6.35341980659 1.28562912676 4.01291122357 4.0065806288 2.67808425885 1.31658208028 4.10471971419 1.31635305462 1.31235345536 -9999.0 -9999.0 -9999.0 -9999.0 -9999.0 -9999.0 -9999.0 -9999.0 -9999.0 -9999.0 -9999.0 -9999.0 -9999.0 -9999.0 -9999.0 -9999.0 -9999.0 -9999.0 -9999.0 -9999.0 -9999.0
-9999.0 -9999.0 -9999.0 -9999.0 -9999.0 1.52193605884 4.48282724743 8.94526675169 10.3610683814 20.5815997625 21.9601297185 26.1923724874 43.0683968289 68.9451564119 71.4750926328 72.6523888758 2.29318078808 143.9206842 146.049122949 152.141291097 190.67133717 25.700800592 23.2605864136 8.92030519 1.2692464558 7.77903941982 5.25549660726 1.21581019401 5.26877221658 1.22246856114 2.53788375282 6.70330917927 7.98924065757 2.5977326033 1.27717310606 1.28124043545 -9999.0 -9999.0 -9999.0 -9999.0 0.640022844432 0.533451823733 -9999.0 -9999.0 -9999.0 -9999.0 -9999.0 -9999.0 -9999.0 -9999.0 -9999.0 -9999.0 -9999.0 -9999.0 -9999.0
-9999.0 -9999.0 -9999.0 -9999.0 -9999.0 1.5018252037 1.46569755402 5.95052986042 7.37167967618 8.82243101769 1.42642199391 2.8407242814 15.8688218849 2.8329392011 1.38223323157 1.33683508163 1.22574466786 1.36391594726 1.33820584384 1.28857943355 191.908451935 195.579138591 1.22860567253 3.75713100923 2.53463757586 9.03425483879 2.46309561626 1.19387510668 6.54621419393 2.42248558135 5.81420393914 14.2030704953 13.1306380822 3.87198023851 3.80124577038 1.28298653434 1.28005786211 -9999.0 -9999.0 1.27501464232 1.54907646926 3.19020283836 0.556314113217 -9999.0 -9999.0 -9999.0 -9999.0 -9999.0 -9999.0 -9999.0 -9999.0 -9999.0 -9999.0 -9999.0 -9999.0
-9999.0 -9999.0 -9999.0 -9999.0 -9999.0 -9999.0 1.5228672337 1.51463837917 2.98815792771 4.45216415491 10.1887967837 13.0615762909 14.5174752468 1.47984154342 1.31754440952 16.6912506168 20.6490148765 21.9424743807 27.1556679952 28.4148090609 1.24612425925 196.810087077 202.978102255 4.9500025205 1.09515355278 10.237534682 22.8464632031 8.94137272968 2.45840791018 1.22830307472 22.4018220273 15.4357259243 1.21700946536 1.21904359023 5.02073627835 3.80370054199 1.24353058802 1.1785350573 1.25465754941 2.51353341097 1.23323477835 3.88537781757 5.07847998862 1.10315821447 -9999.0 -9999.0 -9999.0 -9999.0 1.16077897087 1.12382569676 0.348807091848 -9999.0 -9999.0 -9999.0 -9999.0
-9999.0 -9999.0 -9999.0 -9999.0 -9999.0 -9999.0 -9999.0 1.52949505308 1.40828973214 2.87116301755 4.32605773298 1.45005490156 1.4350472638 8.54515749503 11.2969812461 14.0713837812 1.33433807758 2.66131875374 1.29544093088 29.662647206 64.6022344385 65.2830118234 270.448444135 1.23773382946 3.30355061644 1.07738884324 24.0649895392 1.22138807572 3.69876567747 1.22137016124 23.6204688772 24.8296630552 2.4328829963 2.42525404243 12.5691697648 6.30295299272 2.41511384261 1.24202673431 2.51381625706 3.75818084227 6.19125969639 1.19192422533 7.25457340179 8.22653384772 0.875928701502 0.927016310897 0.941575806245 0.869361884032 0.820513496175 3.27572187755 1.37634342035 0.887081208926 -9999.0 -9999.0 -9999.0
-9999.0 -9999.0 -9999.0 -9999.0 -9999.0 -9999.0 -9999.0 -9999.0 2.93740494402 4.32559090211 1.44064035529 2.89421244394 4.29874938185 7.1781817202 1.42340718472 1.40785818984 1.31512569975 1.33548789917 1.27982119023 32.4076141545 1.3169096881 2.61224270929 273.845678015 276.6255595 1.58172830802 6.45447948595 31.7380312402 2.39747714313 4.85706651044 2.36431227356 3.5043280877 29.5706117387 3.5922768525 18.5516873667 14.9687175327 1.20834334206 6.09280056658 2.46864772938 3.73039138167 1.21637936676 7.3787692925 9.66807826349 10.5453126993 11.385770947 11.5955169541 1.69783659456 1.73795683934 1.61807508717 1.51365761051 4.16975813404 0.934221840517 3.21192144293 4.1349854469 -9999.0 -9999.0
-9999.0 -9999.0 -9999.0 -9999.0 -9999.0 -9999.0 -9999.0 -9999.0 1.48443773078 7.26436965421 8.68807361778 1.42883063332 2.83442193189 1.40705074945 1.37671553098 1.35518425081 16.566800472 22.0794532113 27.0399023728 31.6965549251 1.19076554172 1.30600663176 1.54433899329 282.467420101 285.309605459 286.728178684 43.0845112165 9.72722384862 8.46394258885 1.15028725583 4.644811803 35.364169764 1.13828740314 19.7082423831 1.1928572753 7.90831823189 7.33269641903 1.21776632683 4.93688113265 2.4212792826 3.61263085342 1.15102229506 0.834991823401 12.217674538 12.9840145167 12.3601278154 2.5294934402 2.37905655603 2.26499416888 5.14275929853 7.02077099438 0.936465168276 5.09921262237 1.01524519723 1.96200808409
-9999.0 -9999.0 -9999.0 -9999.0 -9999.0 -9999.0 -9999.0 -9999.0 -9999.0 1.47724017068 10.1275983544 11.5495891987 4.25065364299 7.06953579216 9.82668644983 11.2087146391 1.39208994232 4.19047024895 2.8014213012 1.39097587926 1.39932217493 1.33445051167 2.70441137276 4.81281912309 1.82667429101 333.002295464 334.573757821 1.4812042641 1.13486486086 2.28457202823 3.40679111134 38.7172611907 2.24043320514 20.8009780464 12.4099473273 10.1161882523 1.19908237593 2.40586642015 6.10881362405 1.16545801978 4.76164687415 2.28640987307 1.63185422519 0.830006729744 15.4793310737 28.520732923 3.15170097125 3.023073916 3.1276620252 0.883611571767 7.88785338743 0.853691634183 6.92619261329 0.947428633249 2.90226611457
-9999.0 -9999.0 -9999.0 -9999.0 -9999.0 -9999.0 -9999.0 -9999.0 -9999.0 -9999.0 1.40475397893 14.377486399 1.41591251729 2.82794791368 4.19097067679 6.94251477843 1.40294282218 2.81190578702 1.41935526794 1.37029962856 1.33355760143 2.62821378511 1.25594451613 1.48101645165 3.18543908994 1.79657067054 335.95464758 338.830709212 342.989077501 4.61902755092 1.1360150361 2.26178464044 39.8469753463 38.8374712555 14.7448951966 1.16364109203 4.77717239646 3.59112529393 7.28335437248 2.33719820779 9.34513183937 3.42735895797 2.69205887763 0.822394696607 0.906070242301 29.3906055422 30.1877056945 37.0914779804 5.91731405194 1.84724950585 8.79913191655 10.5483736265 18.3108010838 1.86796673048 0.89150310404
-9999.0 -9999.0 -9999.0 -9999.0 -9999.0 -9999.0 -9999.0 -9999.0 -9999.0 -9999.0 -9999.0 0.77708493819 16.1263249748 1.42609746297 2.77824396244 12.4225774416 1.36417442549 1.36439005772 1.32013980925 2.71776612011 1.32109745379 5.26466590189 7.79973599314 9.01145489416 4.43787465154 5.70464697363 1.41020161533 1.76379897029 1.49863939333 350.088526717 353.712048225 40.9181057192 40.9481056165 39.8988650885 2.20541603325 1.09162436401 5.89548890395 15.4297064476 8.41905629839 3.47259385874 13.9239568442 6.50001055923 5.41927823442 1.73141760604 0.728660847229 0.680530019127 0.67277007879 40.2729836069 48.8900999116 0.939446233123 0.829168900708 0.919470223799 19.2029457565 21.9431697447 1.70434992724
-9999.0 -9999.0 -9999.0 -9999.0 -9999.0 -9999.0 -9999.0 -9999.0 -9999.0 -9999.0 -9999.0 0.737623467717 17.9386727293 22.1197968705 1.34937295399 15.1134987971 1.30128240764 1.30165265181 2.62868578119 6.66073341417 1.3163991932 1.34516891554 1.27006735403 11.5254114263 12.777326709 19.7354995971 22.415617805 23.8649390093 25.3303863792 26.7626051282 381.812662934 425.479317784 468.865366585 469.775765428 1.11863209837 1.08259110299 17.6653582181 16.5576118962 1.11804191299 1.10739243681 15.0277863339 22.6323639538 1.03216000544 11.7433132152 10.7471955366 3.27031774157 1.48703225306 2.37715958604 0.901348796622 50.4398008631 0.761352725107 2.50172469916 3.14826318831 27.315041815 29.7714816076
-9999.0 -9999.0 -9999.0 -9999.0 -9999.0 -9999.0 -9999.0 -9999.0 -9999.0 -9999.0 -9999.0 1.45440698165 2.8292758478 23.4823696809 26.1024686117 1.31545718155 17.3378685164 1.21881479863 3.76996003755 7.92087473742 2.5809201552 1.26334811748 2.56782188185 1.21019412187 2.35243580072 1.15214975549 1.12227752599 1.05120265662 1.00705165593 1.04847853467 1.16850880858 1.47926418578 1.61655903987 1.57056921888 473.399625912 21.9665957846 19.6863540139 0.975583657775 3.2671504969 0.813967816389 0.714070420806 23.683525413 38.6353743692 12.8539536711 9.11213792772 1.79909036983 0.797629266642 0.758364781167 1.54620424558 52.7848148502 54.1368153304 0.691018329211 0.685481607842 0.742285590263 0.775383843706
-9999.0 -9999.0 -9999.0 -9999.0 -9999.0 -9999.0 -9999.0 -9999.0 -9999.0 -9999.0 -9999.0 -9999.0 1.37338588267 17.2964893694 44.7386027486 48.7799905552 67.3324181954 68.2505926268 17.6991970621 13.0539759 3.86469524998 1.25699248512 5.04795154417 6.25748062776 9.76589895296 2.3285209577 2.27426348295 2.21077496031 4.35877606408 2.18050773146 2.27452943994 1.04862192092 0.935690277487 1.12746840487 474.524014346 497.225976347 498.434653644 0.961078360976 8.92915694731 3.68654330266 1.09715401719 41.9443141257 2.27796228147 1.15896744505 4.74756550764 1.11319784223 0.994179946753 1.82454348202 2.54173286861 3.3020069446 55.3640738613 0.566648452359 0.499076364908 0.498716770856 0.455790273591
-9999.0 -9999.0 -9999.0 -9999.0 -9999.0 -9999.0 -9999.0 -9999.0 -9999.0 -9999.0 -9999.0 1.42613486308 13.1241023947 15.9448845041 2.71262726785 0.840274572207 1.99968199393 71.5306044614 72.5747933659 91.1636240259 1.17886095325 2.42941116522 1.14028661888 1.15733646664 10.9117042067 14.3853127743 17.7775401222 1.11110359049 5.47291457894 8.74918418929 5.45187536737 2.11761590688 1.93561265245 2.02965829903 1.97648042909 1.09622219942 499.260936677 499.970910112 510.352847496 1.97619288695 1.01417624668 42.5610631019 2.35230539875 1.19449357045 1.23350469969 1.22394578424 1.15619618937 2.16659347511 6.19138977016 10.2947869753 66.2894861932 0.467985430546 1.37834323654 0.920649113383 0.841347780381
-9999.0 -9999.0 -9999.0 -9999.0 -9999.0 -9999.0 -9999.0 -9999.0 -9999.0 -9999.0 -9999.0 1.44905400135 8.90590482714 1.42783137635 1.34608029195 6.65553765439 7.90937433668 9.21371298072 10.4569748349 123.548138222 124.60033175 126.866737515 143.247116538 146.776854811 148.974807497 150.14420774 170.799782392 173.828008956 174.921399006 184.809516785 191.389226032 192.462891493 196.445204645 3.05517504382 2.90901828868 0.96866678802 0.849904316655 500.795253048 513.981963086 2.93831076496 48.5790757325 47.6771884424 4.58120116521 1.13324954907 1.15417762579 1.13573799647 1.10508770812 2.21894039143 3.22793796242 0.972291839858 66.8790479172 67.4691315282 70.2972995232 70.7970254064 72.1032709316
-9999.0 -9999.0 -9999.0 -9999.0 -9999.0 -9999.0 -9999.0 -9999.0 -9999.0 -9999.0 -9999.0 4.51645753348 5.98771141095 2.8563826498 4.24682487135 1.38014907291 15.5327450994 16.8557143371 19.4810754193 20.6867304167 8.77163360988 137.413189721 138.492661229 1.20600311764 1.04193287113 0.99831503407 2.09533548613 1.0607510216 0.943206400504 0.909816524932 0.938494001338 193.485192393 197.45894948 201.41667159 205.159960032 208.518318191 1.55301312312 0.575342870717 564.94872245 50.2801666815 49.4987686144 1.02571358905 1.00815083015 0.956892893877 2.09649280366 2.08152935002 0.996244464838 0.997398597175 0.931321928301 1.89472826455 2.57999689963 0.478238897106 0.906364879916 0.42087621138 0.380024127696
-9999.0 -9999.0 -9999.0 -9999.0 -9999.0 -9999.0 -9999.0 -9999.0 -9999.0 -9999.0 -9999.0 -9999.0 3.04314023171 1.45049398876 1.3987244576 12.8999568163 14.2325079779 1.34123423469 5.26606258311 6.53307393277 7.74290073963 1.27300631392 1.18788775151 22.1957259639 23.2601323618 24.3108643474 62.0354734968 62.993556636 64.8111554736 72.271477513 77.4190746819 78.3114504317 0.806142046782 0.821977040898 0.793221875344 209.632941455 0.589941589379 574.314743065 573.402204415 7.78339516721 6.86167711589 4.0224625446 1.0078194932 1.92654187798 3.03855336133 3.02575870409 1.95229369963 0.970056873019 1.89605406562 1.85945254373 3.44080378851 0.558020955859 1.52780159318 2.54112824896 3.31250536267
