data/baseflow/History/mHMbfrc280
ncols                  80
nrows                 72
xllcorner      4374000.0
yllcorner      5656000.0
cellsize            500
NODATA_value       -9999
[rows 24 to 47 of 72, columns 0 to 53 of 80]
-9999.0 -9999.0 -9999.0 -9999.0 -9999.0 -9999.0 -9999.0 -9999.0 -9999.0 -9999.0 -9999.0 -9999.0 1.06282105776 3.02217745479 3.96179128907 6.81213715602 0.825300112497 1.66731266689 2.4604468202 9.67599158924 10.3354415594 10.8051648235 11.4192596462 12.0258969876 18.6584621021 20.4619026026 21.3715536397 0.346845087797 2.1644454348 2.46903909417 39.9256558444 41.3134811853 41.9242808844 42.5483846488 43.1274226583 167.967154724 0.189806697427 345.04703748 0.52126120134 0.237180935525 3.19764423037 2.82090447391 0.41401019862 1.59814632287 2.35111338781 2.32353079516 1.60793643906 2.63174358453 4.15937625304 1.55754876157 3.90902515271 0.331024382475 0.484736331417 0.0975421965083
-9999.0 -9999.0 -9999.0 -9999.0 -9999.0 -9999.0 -9999.0 -9999.0 -9999.0 -9999.0 -9999.0 -9999.0 1.00160941989 2.00914091878 0.95903438911 1.92145150236 0.848190781173 6.45572216624 8.07080837701 8.89498351261 0.760142962229 1.46183168921 14.186813377 17.5777841154 18.1275375115 1.24315579954 1.14657028044 1.61402618676 0.277755086013 0.260888731633 0.497063769301 0.256187924898 20.8190506097 21.1590888554 21.3906007033 168.316828949 347.131529259 345.285974379 0.368397805699 0.168273078936 0.157653549977 0.806801014206 0.645635011622 1.90867889381 2.77781456312 5.60661168694 0.504307035746 0.501652912766 4.57569519074 4.99917391171 9.67522359174 9.9191707338 10.4991095451 10.6789319392
-9999.0 -9999.0 -9999.0 -9999.0 -9999.0 -9999.0 -9999.0 -9999.0 -9999.0 -9999.0 -9999.0 -9999.0 -9999.0 0.986185531088 1.96052299214 2.93809607687 4.69322949684 0.914213680244 0.826798856954 5.72596193201 6.49284183424 12.8761913989 13.6438689004 2.16171680622 0.721817928061 0.635002444945 0.55944458619 19.0853657295 19.4510848579 19.7564762668 20.0062226652 20.5189622768 3.46943538394 3.74327060758 25.3492524103 540.995135283 1.50867799929 1.18192154873 0.571279587368 0.164368910593 0.140697354046 1.10602977289 1.21280585954 2.20004312275 0.153513934221 5.81781640079 0.805541122616 0.788526130707 0.149078506031 0.097430233648 0.0801406105422 0.091636217883 0.0804672000467 10.7618609117
-9999.0 -9999.0 -9999.0 -9999.0 -9999.0 -9999.0 -9999.0 -9999.0 -9999.0 -9999.0 -9999.0 -9999.0 -9999.0 -9999.0 0.925387533593 1.77016158242 2.50548939004 3.25006061019 4.07725935203 4.92084793309 2.48855476989 4.12737547608 0.769327703128 0.740701696952 15.8503130226 17.2630547297 17.9294516201 18.6121832267 0.478061167563 0.853029774488 2.3690176375 2.74919735921 3.1110671649 0.332216071682 0.217794876955 541.802750794 0.315666262194 0.387324341195 0.192737908462 0.651602274023 0.313520227774 0.163735257087 3.56335665328 3.70003323495 0.108952407075 5.93807623725 6.83424549782 0.874948367816 135.645041601 135.412273581 135.224460338 134.852493921 134.675862894 132.282179346
-9999.0 -9999.0 -9999.0 -9999.0 -9999.0 -9999.0 -9999.0 -9999.0 -9999.0 -9999.0 -9999.0 -9999.0 -9999.0 -9999.0 0.187223904161 0.422248793655 0.73918339915 6.43699530954 7.30632104803 0.878406158224 0.830098524975 0.826709580398 12.8892779687 14.4436119123 0.743885238401 0.752887269215 0.649801678726 2.71049070199 3.37610849795 1.52034666751 1.95717030564 15.3735504904 15.870642612 16.6861888728 26.1225971389 568.14457618 0.290519511435 0.160596243979 0.982014503593 0.820746585147 0.143365609654 0.462476441725 0.612210289701 3.84863414783 3.9714521247 11.0979621525 6.9092235161 0.97678676856 138.152918765 1.00862329024 135.055000896 134.958065555 2.23439029424 0.161731973318
-9999.0 -9999.0 -9999.0 -9999.0 -9999.0 -9999.0 -9999.0 -9999.0 -9999.0 -9999.0 -9999.0 -9999.0 -9999.0 -9999.0 0.936294055332 1.54074570457 3.23396771473 5.57015074305 7.94622907138 9.6926101331 10.5214946892 11.3540698183 12.1506718308 0.76291411691 0.704645992166 1.39113975632 1.34028358843 0.706331396054 13.2893129112 13.9424537974 14.5494435653 15.1189570021 8.41943319851 8.80346326889 9.19344331565 568.334212012 0.520820015957 0.392334658179 1.50835788206 0.168999059744 0.306773023023 0.15846759741 0.142019124914 0.755522055849 0.106322541016 0.109414068308 149.816061963 138.631134207 138.52347083 0.408162702659 0.927493754114 0.602195736721 0.141642058233 1.96350781006
-9999.0 -9999.0 -9999.0 -9999.0 -9999.0 -9999.0 -9999.0 -9999.0 -9999.0 -9999.0 -9999.0 -9999.0 -9999.0 -9999.0 0.64630763958 0.600097133081 1.17435756732 1.78250094491 0.892779660365 0.949212990296 1.80813359071 2.65639145286 4.26921810605 5.06140956633 5.7678234523 7.88565124687 8.555430607 9.28344780078 0.670009584413 6.59736948302 7.15756082695 7.63049923557 0.351835719991 0.181925176302 0.331728061726 577.710509136 577.890314608 578.719075718 2.01538467965 0.359395839518 0.445123595064 0.13554377962 0.255650266192 0.874307632842 1.08118783177 0.201663892822 150.294109691 0.147827919009 0.223561702383 0.252181402255 0.185223800271 0.340722359249 0.144460157028 1.27554368203
-9999.0 -9999.0 -9999.0 -9999.0 -9999.0 -9999.0 -9999.0 -9999.0 -9999.0 -9999.0 -9999.0 -9999.0 -9999.0 -9999.0 -9999.0 0.567520517357 1.11512992126 0.542857050694 1.14587706413 7.24415583787 8.04133911093 8.86632543819 0.79778289219 0.800452169423 1.50631517257 2.23555018917 3.55932555113 4.24639550105 4.64416469664 5.28057857684 0.541463065919 0.483536512273 8.29215407914 8.46961651123 8.65402709175 8.84884914436 7.31498738884 586.832887571 590.004063777 590.171983515 590.76728763 591.450367849 591.831318249 0.11078247702 1.18399969396 150.395311537 0.256351755451 0.131052315007 0.126295849993 0.113964197489 0.205170736067 0.199895873431 0.112420371425 0.155582464223
-9999.0 -9999.0 -9999.0 -9999.0 -9999.0 -9999.0 -9999.0 -9999.0 -9999.0 -9999.0 -9999.0 -9999.0 -9999.0 -9999.0 -9999.0 -9999.0 1.65703697438 2.24395819287 3.99542399138 5.42449218902 0.797880173551 10.5673932836 11.3486457561 12.0972990575 0.731756926836 1.45182731016 0.657462828111 4.90514129905 5.27844628801 5.86013819419 6.45344569542 7.84214989114 8.00990480924 0.114899929829 6.55387938291 6.94279225684 7.13161923432 7.92411804417 0.971572911222 0.604735357459 0.35641813135 0.34336477644 592.180587917 592.340703183 594.27600546 150.501454476 0.674223957513 0.320533470555 0.214969957631 0.0745411353429 0.617635135846 0.322217998212 0.102886313989 0.554419052427
-9999.0 -9999.0 -9999.0 -9999.0 -9999.0 -9999.0 -9999.0 -9999.0 -9999.0 -9999.0 -9999.0 -9999.0 -9999.0 -9999.0 -9999.0 -9999.0 0.572062555375 2.81579217878 3.43789638603 0.840723008833 0.858791486482 1.74023399452 2.56021457516 15.4234836818 0.741580960387 2.95452107159 3.63481267656 4.30079465896 0.388417517193 0.929811258126 1.22142067499 5.30490437888 5.87083831707 6.05124629791 0.198722728015 0.19216214849 0.224589589182 0.413771358142 0.176413296045 0.186976786529 0.265361717218 0.260386639609 0.268741739834 0.628887838873 594.446204952 745.374026434 0.805258513296 0.137410524535 0.0752076012498 1.91323986685 1.75278678028 1.02969863985 0.922894225683 0.690113013311
-9999.0 -9999.0 -9999.0 -9999.0 -9999.0 -9999.0 -9999.0 -9999.0 -9999.0 -9999.0 -9999.0 -9999.0 -9999.0 -9999.0 -9999.0 0.477878022431 1.56551276601 0.515094642307 0.929293084385 0.937369076823 1.80777953576 2.66143132992 3.43184874424 19.4386416564 20.1570484351 0.73215789136 1.41363449718 2.10145409204 2.59483377005 3.12574349103 4.67101586037 5.09071433522 0.322430408758 0.297383670292 0.24988789514 0.237539220382 0.276690532112 0.306439016995 0.26951917953 0.355115486743 0.892992767478 0.426091615339 0.147459537031 0.142289953592 0.146027598369 0.278894107779 751.295709839 4.94561635302 2.24119374696 0.16578411326 0.0724446189675 0.0716573388875 0.258114223614 0.181290009582
-9999.0 -9999.0 -9999.0 -9999.0 -9999.0 -9999.0 -9999.0 -9999.0 -9999.0 -9999.0 -9999.0 -9999.0 -9999.0 -9999.0 0.50735914075 0.970358552194 3.4669037006 0.44151504975 1.6834106646 2.60524954744 3.47431165331 0.88825683355 1.66883232031 2.38114674341 23.0915234602 0.704688975531 1.35500779838 2.02330582492 0.622873849351 1.2290427499 1.53441095686 1.93659910723 42.6812582234 43.2657828307 43.7701118069 45.7441833993 46.5533823843 48.1375360111 0.432948423335 0.963402800711 1.0604782705 52.6687269438 52.9590856151 0.134867238355 0.252413582545 0.366414761087 751.405280383 4.66343616397 2.22385771493 2.14224046479 1.67306358147 1.45350353777 0.34376814105 0.0820974738027
-9999.0 -9999.0 -9999.0 -9999.0 -9999.0 -9999.0 -9999.0 -9999.0 -9999.0 -9999.0 -9999.0 -9999.0 -9999.0 -9999.0 0.525888485006 1.57569949006 5.55906487671 8.0911283242 0.376526450687 10.4542904857 14.4865266479 0.826993691222 1.60372015929 2.35410819901 29.7329563597 30.3212850032 0.524046940802 3.08003419317 3.59723440665 4.08407631853 39.0452191033 39.9417899287 40.449544568 0.245969311702 1.44508257574 1.7019275864 0.715628954786 1.02059895881 49.6027026239 50.994761891 51.2321164308 51.4561839042 53.2512360637 0.143499337856 0.127696823971 0.603885063489 751.529682494 0.117083366475 0.134806367948 0.39843277612 0.154376821922 1.31630375741 1.07861045295 0.631670265187
-9999.0 -9999.0 -9999.0 -9999.0 -9999.0 -9999.0 -9999.0 -9999.0 -9999.0 -9999.0 -9999.0 -9999.0 -9999.0 -9999.0 -9999.0 -9999.0 1.0674765982 2.10596253557 9.48406615755 9.9938792217 14.9262676671 15.4805784515 0.809743632624 1.61894291594 3.82454996834 30.7437973713 31.7635745618 32.1769171985 0.349767351729 33.6867472579 34.6061193021 0.565405011733 0.249068657228 0.51232095483 0.979633307573 0.229465653685 0.455156322966 1.02662942911 1.25927254315 0.217336171557 0.156395270407 0.310437022903 54.4185320467 54.7731895962 54.8878775227 55.7662608777 751.646225829 0.0779438495131 0.0953171277834 0.111839589183 0.111701728446 0.114686006879 0.105011673783 0.196155139377
-9999.0 -9999.0 -9999.0 -9999.0 -9999.0 -9999.0 -9999.0 -9999.0 -9999.0 -9999.0 -9999.0 -9999.0 -9999.0 -9999.0 -9999.0 -9999.0 0.543273191259 0.525646281234 0.511708976162 1.02696817113 0.43266751656 16.349965462 16.8622169921 0.757310776759 1.50189947363 0.627377683329 0.491567552295 0.476827588393 33.0115349116 0.293724715631 0.589611142255 0.32041360256 0.287466197854 0.238662149973 0.192284232141 0.198776135037 0.606857121089 0.827599400511 0.162952430831 0.138648386428 0.293903032031 0.479221483419 0.662702708319 0.191947653017 55.0378742278 55.8826315816 751.733684484 0.380017536135 0.231207990031 0.0680048121556 0.167662728239 0.0575577743315 0.0471559580289 0.248508631802
-9999.0 -9999.0 -9999.0 -9999.0 -9999.0 -9999.0 -9999.0 -9999.0 -9999.0 -9999.0 -9999.0 -9999.0 -9999.0 -9999.0 -9999.0 -9999.0 -9999.0 -9999.0 0.520753531279 1.48624718552 1.87247136211 2.2909000453 17.3006374784 17.7770147432 18.270051117 18.8724900024 19.3401306685 20.2995037232 20.5895895981 20.8639512148 21.1253446337 0.261952017052 0.251544617014 0.251462722812 0.84952053017 0.217217001632 0.209164522222 0.172454902031 0.496936298374 0.175821991307 0.140374194361 0.131889520186 0.111997979214 0.223564093439 0.325094021193 56.5476331474 808.759153952 0.0692025641175 0.156668555085 0.0546818936967 0.230555113853 0.127557861836 0.0948074661395 0.836493360124
-9999.0 -9999.0 -9999.0 -9999.0 -9999.0 -9999.0 -9999.0 -9999.0 -9999.0 -9999.0 -9999.0 -9999.0 -9999.0 -9999.0 -9999.0 -9999.0 -9999.0 -9999.0 -9999.0 0.409724262024 3.42346263247 6.63127771173 7.07326139911 0.773563013669 1.53580390096 2.29110773417 2.90240241665 6.93521939494 7.21092979621 0.26720065134 0.265219406315 21.6747590621 22.1728915543 22.4036968269 1.02022322083 0.140145045934 0.33640977818 0.501712292284 1.53031535847 1.86975935905 2.14003411406 0.251522415038 0.352872811154 0.117505401112 0.231117870802 0.116865275499 808.980106884 0.0655378271687 0.280454973934 0.137112711735 0.431417548542 0.831640071088 0.967505534387 1.84410718195
-9999.0 -9999.0 -9999.0 -9999.0 -9999.0 -9999.0 -9999.0 -9999.0 -9999.0 -9999.0 -9999.0 -9999.0 -9999.0 -9999.0 -9999.0 -9999.0 -9999.0 -9999.0 0.477353239633 1.55047041828 3.02024040424 3.92283193261 9.88026042213 10.520169472 1.56003028777 2.32155943473 2.99031007262 3.57284923634 7.49492187635 8.04035042725 14.2661104054 14.7637126161 15.0072337057 22.6116110881 24.1107891177 0.321753147181 0.207109755085 0.196338770884 0.374945927355 0.172458513871 2.47409178333 2.60375584997 0.46541789925 0.608647416568 0.110022649105 155.958821369 156.192746695 965.308643293 965.682956539 0.0641492829144 0.563788562397 0.0802257346415 0.0744116812806 2.00498025839
-9999.0 -9999.0 -9999.0 -9999.0 -9999.0 -9999.0 -9999.0 -9999.0 -9999.0 -9999.0 -9999.0 -9999.0 -9999.0 -9999.0 -9999.0 -9999.0 -9999.0 -9999.0 -9999.0 0.565773267741 0.550361641178 1.01818290777 2.39243659761 10.9990107295 0.798147466672 0.791769005941 1.44677760566 2.11466156242 5.0337903042 5.41802156993 0.29563498231 0.333346816017 15.3106865517 15.50100369 39.8065700684 39.9721462764 0.123067929116 0.111615524365 0.0977791234418 0.0985391277582 0.108376920663 153.570960559 154.3189744 155.091230643 155.361877097 155.8355743 0.126052183232 0.469265669111 0.577005030567 966.467910764 966.526374809 966.653767633 966.802331907 966.933396872
-9999.0 -9999.0 -9999.0 -9999.0 -9999.0 -9999.0 -9999.0 -9999.0 -9999.0 -9999.0 -9999.0 -9999.0 -9999.0 -9999.0 -9999.0 -9999.0 -9999.0 -9999.0 -9999.0 -9999.0 0.487230558511 0.519012157528 0.948690688356 12.8643731002 13.4078992858 0.781761547921 1.43160268862 2.11119786286 2.577055334 0.40775246279 0.809116142131 32.2198152586 32.4598920981 32.7207156047 34.5528221271 74.7497223424 148.498153506 148.794030568 149.064094055 149.329414239 150.475626938 150.837453426 0.630401350002 0.281532059368 0.161402101279 0.306396959376 0.233068740107 0.366610077285 0.114637878591 2.71454784696 2.95211650473 3.13418333441 3.19913719845 966.994457684
-9999.0 -9999.0 -9999.0 -9999.0 -9999.0 -9999.0 -9999.0 -9999.0 -9999.0 -9999.0 -9999.0 -9999.0 -9999.0 -9999.0 -9999.0 -9999.0 -9999.0 -9999.0 -9999.0 -9999.0 -9999.0 0.499180487696 0.952775990148 1.41228258409 13.8201908461 0.621379637106 19.328909705 20.0285463454 20.4508568202 20.8834140638 30.5679236935 31.0098436773 0.241435436098 1.35077250907 1.61572514523 0.2282468179 73.4608698795 73.0301098527 0.15070584295 0.339288215309 0.896381017409 0.194009489663 0.194754062609 0.141856147039 0.121669840294 0.0988308325958 0.110882260663 2.35691076322 2.46999456553 2.60242450092 0.140913608561 0.106061116612 3.26671328739 3.34413321776
-9999.0 -9999.0 -9999.0 -9999.0 -9999.0 -9999.0 -9999.0 -9999.0 -9999.0 -9999.0 -9999.0 -9999.0 -9999.0 -9999.0 -9999.0 -9999.0 -9999.0 -9999.0 -9999.0 -9999.0 -9999.0 0.44284444983 0.41381880848 2.16354492743 16.9437856815 18.0582195972 18.680577224 0.619908734132 8.7046194676 9.0829020026 9.26986489433 0.403572399913 0.680702181681 0.894516095659 16.5443586824 16.7362047455 16.9094903963 72.7163907124 45.3386592843 0.181179101431 0.188823616411 0.182437590643 0.147472723446 1.47050485349 1.74031836554 1.98153564123 2.11206550422 2.23850546484 16.4604737202 16.557255929 16.6907284788 17.0242210759 18.1670255536 18.2276810226
-9999.0 -9999.0 -9999.0 -9999.0 -9999.0 -9999.0 -9999.0 -9999.0 -9999.0 -9999.0 -9999.0 -9999.0 -9999.0 -9999.0 -9999.0 -9999.0 -9999.0 -9999.0 -9999.0 -9999.0 -9999.0 -9999.0 0.86702555884 1.33562142104 0.528070946431 0.802881249577 6.58300402701 7.21646485145 7.65182262688 3.42160207038 3.74094345356 4.08684894598 4.35714092071 16.1347229903 16.3843963735 9.92781627446 27.0357660174 27.2203033223 45.193980738 0.369708373073 0.188121356768 0.141819167121 1.01396313474 1.18612709586 0.103536030211 0.0949797817732 16.0472534395 16.2671881779 16.3719740251 0.151990886539 0.235350741343 18.0138266008 0.096711461116 0.417518326008
-9999.0 -9999.0 -9999.0 -9999.0 -9999.0 -9999.0 -9999.0 -9999.0 -9999.0 -9999.0 -9999.0 -9999.0 -9999.0 -9999.0 -9999.0 -9999.0 -9999.0 -9999.0 -9999.0 -9999.0 -9999.0 -9999.0 0.437581382342 0.863516670909 3.79006570762 4.3656703571 5.06666450548 2.62365577375 3.10916969639 0.321237460076 10.9657995578 11.257691317 11.5413888876 0.252226213309 9.45900996743 9.71699124369 0.200602426199 44.2456171676 0.410080790572 0.206945362166 0.539136409439 0.727787592581 0.14709546557 0.124379786672 14.8815034553 15.8465603007 15.9734207818 0.13355947871 0.299825149818 0.380099256759 0.448116724458 0.872146824816 0.154906953885 0.339754583226
