data/baseflow/History/mHMbfrc480
ncols                  80
nrows                 72
xllcorner      4374000.0
yllcorner      5656000.0
cellsize            500
NODATA_value       -9999
[rows 24 to 47 of 72, columns 0 to 54 of 80]
-9999.0 -9999.0 -9999.0 -9999.0 -9999.0 -9999.0 -9999.0 -9999.0 -9999.0 -9999.0 -9999.0 -9999.0 1.40779137663 3.98183700853 5.24521141899 9.05525676246 1.15201876945 2.33410697795 3.46380952295 13.2363053011 14.2602589727 15.2357427874 16.1935999357 17.1981842102 26.8871646418 29.935576366 31.7939556414 0.835664181065 4.76890856779 5.59989370906 63.5384636902 67.1047635493 68.707803103 70.3456427794 71.7252595751 250.00268517 0.603239310576 464.836544317 1.31240126752 0.654357986375 4.32766554925 3.64475724782 0.612724457609 1.95212791941 2.83954229324 2.79361461187 1.93404483232 3.19936077698 5.05037101709 1.86838658672 4.82376568356 0.467028600894 0.836297329733 0.292525982286 0.255269893651
-9999.0 -9999.0 -9999.0 -9999.0 -9999.0 -9999.0 -9999.0 -9999.0 -9999.0 -9999.0 -9999.0 -9999.0 1.34562625931 2.66340572592 1.2737939125 2.54769370209 1.16739151954 8.69818978501 10.9749001519 12.1373661914 1.08518750011 2.12742195714 20.0038195027 24.9779850792 25.9488682683 1.97660422261 2.17709827617 3.25731742628 0.763065410803 0.715318052369 1.37385947364 0.566896940064 30.8373063754 31.4177313024 32.0549867527 250.54914088 469.933731697 465.563419523 1.12673462022 0.507313375985 0.456873377839 1.58012516429 1.14716452852 2.56272461194 3.43839995725 6.87297782749 0.63256578499 0.629504534718 5.61912748626 6.21051371305 12.0769312513 12.5023932893 13.6578194879 14.2274849963 0.585241325465
-9999.0 -9999.0 -9999.0 -9999.0 -9999.0 -9999.0 -9999.0 -9999.0 -9999.0 -9999.0 -9999.0 -9999.0 -9999.0 1.29450413849 2.58500340484 3.87591067443 6.29264576443 1.2455368752 1.16211307846 7.81581305074 8.90651228704 17.9383361808 19.0412916658 3.09451319126 1.04737293386 0.955605940566 1.00833448004 26.901826774 27.6313543426 28.3899231847 29.0748234972 30.2763905823 6.26677924039 6.77741008028 39.5423343371 760.259189499 3.66066164223 3.09833499475 1.61210335549 0.401269374177 0.383773633677 2.50701403719 2.8776733115 3.35697849367 0.385873125159 7.3081587165 1.12922364269 1.11436944149 0.342884734385 0.277706960871 0.273197373586 0.233629636557 0.284055697015 14.5079362131 196.909991903
-9999.0 -9999.0 -9999.0 -9999.0 -9999.0 -9999.0 -9999.0 -9999.0 -9999.0 -9999.0 -9999.0 -9999.0 -9999.0 -9999.0 1.26163541033 2.35574381621 3.34879477136 4.35181110242 5.50350220271 6.68442073907 3.45595289696 5.77854289422 1.10062670648 1.05647302133 22.0383022524 24.0933285272 25.0726387906 26.098029586 0.811929933511 1.51701590246 3.9593795648 4.9410922871 5.70723749259 0.57995198958 0.512352636631 761.698763405 0.556280338968 0.924104657583 0.514923934634 1.60016480288 0.755059958251 0.44995136973 6.62742511317 6.94737899875 0.266652126268 7.59346791571 9.16300027196 1.61334410693 208.368416383 207.692404891 207.112917685 205.99435462 205.568787745 198.209017317 197.931668055
-9999.0 -9999.0 -9999.0 -9999.0 -9999.0 -9999.0 -9999.0 -9999.0 -9999.0 -9999.0 -9999.0 -9999.0 -9999.0 -9999.0 0.24975848503 0.579739054447 1.00929159676 8.7982962192 9.98030716601 1.19352452931 1.16009766507 1.15993731008 17.7308324708 19.9755209606 1.08911888115 1.09827854448 0.932137175852 3.81952376933 4.77567519989 2.48780756976 3.23543104058 21.7974089281 22.5581117261 23.7441168301 38.4427885395 800.414420657 0.55669897579 0.442256134267 2.40155684929 2.00367366012 0.278739962027 1.03329394257 1.33052256199 7.28918209245 7.59052984819 17.447205489 9.32059309131 1.83199226535 214.154813408 2.7471285848 206.566607335 206.29218235 6.90146621037 0.241936345481 0.821386041754
-9999.0 -9999.0 -9999.0 -9999.0 -9999.0 -9999.0 -9999.0 -9999.0 -9999.0 -9999.0 -9999.0 -9999.0 -9999.0 -9999.0 1.28091449176 2.09503791361 4.4171014553 7.67090579962 10.8968229057 13.2213014042 14.3704461766 15.5383084676 16.6772870929 1.10745146524 1.01654102518 2.00568642945 1.90910722492 0.995071779725 18.6660622982 19.6000433301 20.4807596629 21.3154936348 12.6440570964 13.4490647047 14.1599785062 800.644253485 0.921033589849 1.23732632026 3.88388031077 0.370255025021 0.590433242519 0.309775512124 0.274241848019 1.60607176351 0.247532123275 0.267282346486 232.920975902 215.278386633 215.019196723 0.942082447223 2.39396624191 1.56800446105 0.396154021417 6.35394202726 1.93828826542
-9999.0 -9999.0 -9999.0 -9999.0 -9999.0 -9999.0 -9999.0 -9999.0 -9999.0 -9999.0 -9999.0 -9999.0 -9999.0 -9999.0 0.893057318837 0.815306658338 1.58638831088 2.44153844833 1.21637307821 1.31107507746 2.50526790582 3.68234182863 5.92952495484 7.03817851424 8.02288427224 11.0428035879 11.971319118 12.9948084597 0.970914405253 9.36955169197 10.2261686328 11.0966220878 0.806529283904 0.546965651852 0.886673761376 815.518386623 815.737373363 817.176435508 4.82948981101 0.70840086031 1.09277263049 0.362679531262 0.493691540611 1.83492742693 2.2907383 0.488840963341 234.09266381 0.375411414618 0.511618017653 0.55179018222 0.459448770398 0.854994629914 0.377981954504 3.98086357379 3.21387864611
-9999.0 -9999.0 -9999.0 -9999.0 -9999.0 -9999.0 -9999.0 -9999.0 -9999.0 -9999.0 -9999.0 -9999.0 -9999.0 -9999.0 -9999.0 0.758796907983 1.51030205653 0.779971529087 1.63570202427 10.0533550304 11.1204025998 12.2541164401 1.11960392919 1.11607507641 2.11023612112 3.12837078613 4.93692948123 5.88716706572 6.52114070554 7.48343978119 0.786260497558 0.784673223099 12.6121109056 13.1608812284 13.4623205499 13.7490924149 11.2320454487 829.54930524 836.168597998 836.390263296 837.673898647 838.941668948 839.654852796 0.232338724444 2.5011784584 234.314654244 0.580214573469 0.297235001904 0.327050967649 0.30196681711 0.528634412659 0.507000224791 0.292963249535 0.387912106705 0.384245915181
-9999.0 -9999.0 -9999.0 -9999.0 -9999.0 -9999.0 -9999.0 -9999.0 -9999.0 -9999.0 -9999.0 -9999.0 -9999.0 -9999.0 -9999.0 -9999.0 2.24226234621 3.06629699531 5.53371308793 7.46008784157 1.06036082083 14.5334417021 15.6231454678 16.6606822231 1.00478429513 1.97540027818 0.878838136515 6.63099770692 7.20957465748 8.14416674484 9.19346706869 11.447096186 11.9023713472 0.27705403958 10.129822798 10.6961908813 10.9639785658 12.1436362838 1.56910362847 1.00874081766 0.644231963857 0.580419620807 840.428520291 840.805214719 844.926351969 234.529209329 1.62238868029 0.825480084548 0.551635623879 0.180021024197 1.58465726366 0.82565232645 0.267189026011 1.43473731688 1.20521530257
-9999.0 -9999.0 -9999.0 -9999.0 -9999.0 -9999.0 -9999.0 -9999.0 -9999.0 -9999.0 -9999.0 -9999.0 -9999.0 -9999.0 -9999.0 -9999.0 0.830642763309 3.87992018927 4.75559082046 1.10707809103 1.16484096635 2.36191945568 3.4762349337 21.1927795639 0.996244710245 4.00234854982 4.91259367426 5.80257211126 0.635891400785 1.49764993315 2.03993332027 7.95251926465 9.04862452105 9.29598938144 0.283790266304 0.287597309733 0.353494983747 0.636243026481 0.292383474808 0.313975277914 0.55932034294 0.408546613635 0.516673033741 1.3986034492 845.279440886 1080.73010092 2.04283824045 0.345507695387 0.2153540012 4.91332031062 4.51758377726 2.65987001745 2.3832987124 1.78324089208 0.385914623735
-9999.0 -9999.0 -9999.0 -9999.0 -9999.0 -9999.0 -9999.0 -9999.0 -9999.0 -9999.0 -9999.0 -9999.0 -9999.0 -9999.0 -9999.0 0.663574928257 2.25502011901 0.754728924313 1.1665648932 1.20999516551 2.36963616699 3.52009717171 4.51190962873 26.516518173 27.4594779079 0.969392208483 1.86564972825 2.77171590897 3.48789343427 4.28371627433 7.09815371683 7.64602504435 0.758417866624 0.474074194686 0.414123395983 0.356556911623 0.525303564665 0.495036305216 0.529628779116 0.59574313459 1.91305339982 0.833312165788 0.364309503772 0.355395819707 0.341248456309 0.643559961717 1097.77930527 14.8236657945 5.95476912378 0.513444598001 0.232694924153 0.197075071726 0.689636180207 0.474073508815 0.244942930164
-9999.0 -9999.0 -9999.0 -9999.0 -9999.0 -9999.0 -9999.0 -9999.0 -9999.0 -9999.0 -9999.0 -9999.0 -9999.0 -9999.0 0.701589542479 1.34886834399 5.01617094898 0.733282352396 2.19267512611 3.3767495447 4.51424703988 1.16652651167 2.20897578888 3.13793707234 31.3629090775 0.919749682368 1.76176866537 2.62879115346 0.852649906127 1.69615250762 2.4296814131 2.95897542721 60.5802208849 61.5689238761 62.6328914571 66.8030013372 68.0967318596 70.9809307192 1.21278136115 2.51310411519 2.52045295474 81.0314755662 81.6941098819 0.329966898986 0.585735184641 0.831460211586 1098.00711538 14.213594168 7.64911277114 7.39045405133 5.28772349887 4.40380427306 0.912031717371 0.220810944805 0.430207211287
-9999.0 -9999.0 -9999.0 -9999.0 -9999.0 -9999.0 -9999.0 -9999.0 -9999.0 -9999.0 -9999.0 -9999.0 -9999.0 -9999.0 0.708538825083 2.15196349906 7.8729646993 11.553299102 0.650002866874 15.2942733809 20.5984410693 1.08733232148 2.10292716614 3.04952843105 40.0187900115 40.7756791973 0.730496115659 4.1124982354 4.84104851045 5.56148572285 54.2422490847 56.1022058184 57.0874738615 0.490813780144 2.81396746341 3.41705308667 1.39701047142 1.97998165636 73.8122424292 77.2389050371 77.7296820822 78.1980718022 82.3239284733 0.310165819542 0.289174525802 1.36023461977 1098.29027978 0.34365353448 0.624092585127 1.87663982115 0.674592575754 3.9962403796 2.98806715343 1.76989264473 1.26824481915
-9999.0 -9999.0 -9999.0 -9999.0 -9999.0 -9999.0 -9999.0 -9999.0 -9999.0 -9999.0 -9999.0 -9999.0 -9999.0 -9999.0 -9999.0 -9999.0 1.49898834879 3.01810986581 13.7296098025 14.533069455 21.2974894684 22.0982329418 1.07521745687 2.14914523673 4.93915791209 41.4929906792 42.9847101035 43.6277648529 0.542942424887 46.0519416627 47.9757032823 1.19862115205 0.469154572737 0.881079194208 1.73825394864 0.434103334091 0.877039175691 1.91552652298 2.40809454087 0.47916750245 0.355859662891 0.707161775164 84.8431681352 85.752699713 85.9986945278 88.002098037 1098.53682623 0.249799703771 0.495245080955 0.571866511839 0.560802479288 0.570212023953 0.517335361126 0.984603488718 0.192473064528
-9999.0 -9999.0 -9999.0 -9999.0 -9999.0 -9999.0 -9999.0 -9999.0 -9999.0 -9999.0 -9999.0 -9999.0 -9999.0 -9999.0 -9999.0 -9999.0 0.78165023283 0.763723631563 0.768262787963 1.59574783612 0.716690988414 23.5154431815 24.2438178202 0.94757754762 1.90379652267 0.880302837709 0.76413448458 0.739907636028 44.9845929271 0.661453194173 1.35455009796 0.578792092059 0.457949484216 0.424697651624 0.344913859601 0.358459498516 1.10233029058 1.50720024832 0.313696210612 0.288405395096 0.626425350076 1.02817848491 1.32771627013 0.42924957936 86.3629139971 88.2531581471 1098.70953151 1.70712443803 1.21213566329 0.382709038152 0.876713417924 0.323320242731 0.258501382061 1.26596375179 0.962980132755
-9999.0 -9999.0 -9999.0 -9999.0 -9999.0 -9999.0 -9999.0 -9999.0 -9999.0 -9999.0 -9999.0 -9999.0 -9999.0 -9999.0 -9999.0 -9999.0 -9999.0 -9999.0 0.75468162752 2.29094793563 2.92009977607 3.60954615853 24.9171543678 25.5954127217 26.2963614958 27.1025858995 27.8178585527 29.3071136985 29.9072918126 30.5448772238 31.0318429232 0.399340696106 0.37778172249 0.402699398828 1.48098651506 0.396211679118 0.382332418291 0.305983439245 0.913212794252 0.371583097645 0.302717951646 0.282026445426 0.244906973213 0.488822804478 0.719656383735 89.7408209325 1190.33346896 0.241076674078 0.51636635766 0.325077408365 1.21070982947 0.669762276625 0.519503924095 3.00521645112 1.59623682768
-9999.0 -9999.0 -9999.0 -9999.0 -9999.0 -9999.0 -9999.0 -9999.0 -9999.0 -9999.0 -9999.0 -9999.0 -9999.0 -9999.0 -9999.0 -9999.0 -9999.0 -9999.0 -9999.0 0.620541482074 4.93943903756 9.91121260907 10.6429652711 0.983611076172 1.92514968263 2.87505795934 3.65484089794 8.91206917097 9.33649464708 0.4074004298 0.404143953499 32.0226293272 32.851175872 33.1883532027 1.76163497598 0.271039961788 0.665063641033 0.9793133311 2.95529759354 3.6491978826 4.22639201193 0.532221925062 0.750112437949 0.256147457377 0.515898559683 0.269464928256 1190.78280908 0.234380899565 0.963734506886 0.591191249269 1.96232200687 3.64222321024 4.2948149511 7.43265400824 1.83507836151
-9999.0 -9999.0 -9999.0 -9999.0 -9999.0 -9999.0 -9999.0 -9999.0 -9999.0 -9999.0 -9999.0 -9999.0 -9999.0 -9999.0 -9999.0 -9999.0 -9999.0 -9999.0 0.694673018997 2.21212532726 4.32946951872 5.65712704204 14.703133877 15.5589977621 1.96495120286 2.92872796219 3.79455555049 4.57512258635 9.8578517512 10.7159385406 19.5438200652 20.2956513721 20.8507208374 33.5423550938 36.2799331059 0.648158630365 0.416815094426 0.401037974602 0.778741726572 0.365385240608 4.94027461739 5.21408986152 1.01138343358 1.30999552331 0.371365842251 224.79819471 225.421930923 1416.46966095 1417.6855401 0.23347487808 2.45092204488 0.371000822196 0.339375868578 8.10398839524 10.1659571586
-9999.0 -9999.0 -9999.0 -9999.0 -9999.0 -9999.0 -9999.0 -9999.0 -9999.0 -9999.0 -9999.0 -9999.0 -9999.0 -9999.0 -9999.0 -9999.0 -9999.0 -9999.0 -9999.0 0.789128294277 0.767412269795 1.44651461211 3.43196311335 16.2193871394 1.00238537823 0.991168922381 1.80821238227 2.6748801747 6.7794397305 7.44174435851 0.548180968223 0.476005606433 21.3284270216 21.7075769425 58.4081914756 58.8301225816 0.243689052307 0.214566662081 0.187641153868 0.189460314802 0.207811020058 219.673993683 221.264750095 222.832088205 223.463745503 224.502928583 0.305315420426 1.13085938717 1.41877056978 1419.59392621 1419.71029617 1419.80419698 1419.97762156 1420.11740368 10.5409507646
-9999.0 -9999.0 -9999.0 -9999.0 -9999.0 -9999.0 -9999.0 -9999.0 -9999.0 -9999.0 -9999.0 -9999.0 -9999.0 -9999.0 -9999.0 -9999.0 -9999.0 -9999.0 -9999.0 -9999.0 0.700606012811 0.73495077386 1.3623054987 18.868254185 19.6116097735 0.972936516949 1.78848509865 2.6759418764 3.49846224459 0.75565341103 1.3210985321 46.1086184674 46.4724917033 46.9202530861 49.9618064974 109.187301283 209.931310825 210.481799232 210.997458599 211.492289191 213.54442994 214.207081145 1.34807660428 0.624984656751 0.370540873654 0.706237397003 0.560994557046 0.884132461673 0.292836069327 5.72586887834 6.44907626716 6.98327831955 7.14253223252 1420.21995058 1431.00414787
-9999.0 -9999.0 -9999.0 -9999.0 -9999.0 -9999.0 -9999.0 -9999.0 -9999.0 -9999.0 -9999.0 -9999.0 -9999.0 -9999.0 -9999.0 -9999.0 -9999.0 -9999.0 -9999.0 -9999.0 -9999.0 0.710701537731 1.36117946884 2.01553229148 20.173081951 0.746232383507 27.6613708865 28.5534348196 29.3146240488 29.9228932712 43.5991884071 44.2590849349 0.403885691613 2.16932510406 2.67453774716 0.420268105724 100.188393142 99.4248572488 0.255153561418 0.581479175749 1.60032721892 0.355937112567 0.385199593346 0.313903946415 0.279859258164 0.222628849479 0.265276115658 4.80770519464 5.09122481688 5.42101434638 0.44892909328 0.305190284758 7.36499691683 7.5834488543 7.70492824195
-9999.0 -9999.0 -9999.0 -9999.0 -9999.0 -9999.0 -9999.0 -9999.0 -9999.0 -9999.0 -9999.0 -9999.0 -9999.0 -9999.0 -9999.0 -9999.0 -9999.0 -9999.0 -9999.0 -9999.0 -9999.0 0.645581871484 0.605364905841 3.13868941938 24.6470205489 26.0776166852 26.8623517661 0.815417427837 11.7317907356 12.4984283296 12.8775092478 0.580308473589 1.03532737398 1.44404584979 23.335165053 23.6585844271 23.947104495 98.8920071127 59.1357702756 0.316298636255 0.345390635598 0.333428497331 0.276311311786 2.72864566275 3.35086947273 3.90308862846 4.21800021229 4.52301285587 28.005074938 28.2557749392 28.5378450962 29.1523486835 32.1903586469 32.3399991749 40.2139948346
-9999.0 -9999.0 -9999.0 -9999.0 -9999.0 -9999.0 -9999.0 -9999.0 -9999.0 -9999.0 -9999.0 -9999.0 -9999.0 -9999.0 -9999.0 -9999.0 -9999.0 -9999.0 -9999.0 -9999.0 -9999.0 -9999.0 1.26051195928 1.92889335499 0.747493760972 0.978005669439 8.81030540225 9.61797793145 10.2446308949 4.60250498073 5.23459835826 5.85030204926 6.26477120998 22.6215977649 23.0422661154 14.8516196626 39.1445336041 39.4703292994 58.8668225271 0.667326065521 0.345299945021 0.250095841603 1.84462474342 2.17555631604 0.229729403658 0.218404403816 26.9632774505 27.5095154174 27.7848024318 0.2826637638 0.42987478929 31.6194919419 0.313486668104 1.1575582245 1.2843266617
-9999.0 -9999.0 -9999.0 -9999.0 -9999.0 -9999.0 -9999.0 -9999.0 -9999.0 -9999.0 -9999.0 -9999.0 -9999.0 -9999.0 -9999.0 -9999.0 -9999.0 -9999.0 -9999.0 -9999.0 -9999.0 -9999.0 0.631521861038 1.25017165017 5.40957968349 6.18871742456 7.00915236724 3.29494011844 3.97760982309 0.656249166779 14.8052075493 15.4061135174 15.9524349403 0.44908186739 14.0655836608 14.4996938459 0.343035672794 57.1486307062 0.729913555041 0.366003419274 0.976954856645 1.32322053369 0.277484845861 0.229228418119 24.3852093834 26.4727481961 26.7833398307 0.326946797777 0.749368387824 0.950240435302 1.18283421136 2.26531608718 0.423307995219 0.947693972571 0.202558517869
