data/baseflow/History/mHMbfrc587
ncols                  80
nrows                 72
xllcorner      4374000.0
yllcorner      5656000.0
cellsize            500
NODATA_value       -9999
[rows 24 to 47 of 72, columns 0 to 53 of 80]
-9999.0 -9999.0 -9999.0 -9999.0 -9999.0 -9999.0 -9999.0 -9999.0 -9999.0 -9999.0 -9999.0 -9999.0 0.455138188715 1.16654567007 1.49633715133 2.47740242451 0.239367084626 0.496927890637 0.735033442233 3.19906268212 3.39527327659 3.58648035365 3.73455124693 3.91043209393 6.47070111775 6.96299593122 7.23895312666 0.10001322913 0.710751131572 0.81174466413 12.9210305635 13.3085465296 13.5435861415 13.801792387 13.9353036391 53.587948276 0.231662786161 108.924184541 0.0679219510228 0.0374877549505 0.760104119172 0.676418659222 0.0944245269255 0.354935642764 0.520009375821 0.505828644332 0.355266381392 0.585857061515 0.933579769261 0.373234322655 0.920509541799 0.0726263339372 0.113837524913 0.0160822034994
-9999.0 -9999.0 -9999.0 -9999.0 -9999.0 -9999.0 -9999.0 -9999.0 -9999.0 -9999.0 -9999.0 -9999.0 0.386902990428 0.768772648885 0.357429676906 0.688840965764 0.265106700582 2.25255034869 2.72282648293 2.97636619285 0.225561622957 0.439266387573 5.06814937113 6.15095389113 6.31888666211 0.33133614935 0.420280611005 0.548782015106 0.0827822657524 0.0720772195072 0.133899233579 0.0511553589638 10.6559485543 10.7205967011 10.7703613072 53.7576581871 109.506849702 108.939939201 0.0611454010601 0.0393006278177 0.0358545592905 0.182530704597 0.152702674965 0.44385442713 0.615780102113 1.24708408439 0.124600979053 0.124067537388 1.02619510333 1.12092185873 2.21643262101 2.25655193643 2.387163492 2.41685708231
-9999.0 -9999.0 -9999.0 -9999.0 -9999.0 -9999.0 -9999.0 -9999.0 -9999.0 -9999.0 -9999.0 -9999.0 -9999.0 0.362224220229 0.737087296135 1.12233009457 1.69673556263 0.289796825314 0.246542760696 2.45169964794 2.67243855301 4.63926129621 4.89907838742 0.695015187375 0.193129750173 0.159609587572 0.150781164094 10.2481725156 10.3279825052 10.4127883384 10.483043801 10.5962143297 1.00291323886 1.05637414821 11.8759231849 175.207957223 0.357299708466 0.243384386311 0.0993765154961 0.0317752054688 0.0283276418476 0.249771687654 0.270460508061 0.499148668782 0.029091129439 1.2894752579 0.194887664195 0.191932799225 0.028195603047 0.0167130678602 0.0140143839579 0.0184503383207 0.0143789887914 2.43129595142
-9999.0 -9999.0 -9999.0 -9999.0 -9999.0 -9999.0 -9999.0 -9999.0 -9999.0 -9999.0 -9999.0 -9999.0 -9999.0 -9999.0 0.327696806671 0.785435832483 1.24888750205 1.71581301257 1.96197153426 2.22142346993 0.743402038711 1.27420925642 0.25213691495 0.223223098478 9.3678140411 9.77691996884 9.95128612387 10.1322914157 0.115767713452 0.19491160035 0.617571382 0.806249764915 0.917276757842 0.0635058136137 0.108429363276 175.559710086 0.113126438886 0.11794321081 0.0687182514973 0.172617979024 0.0744344376062 0.0466443404635 0.799321005181 0.860654327416 0.0215027114303 1.32011379526 1.54973168532 0.268167312905 32.5554699605 32.4933939387 32.4561260165 32.3941371792 32.3588001494 31.7871874861
-9999.0 -9999.0 -9999.0 -9999.0 -9999.0 -9999.0 -9999.0 -9999.0 -9999.0 -9999.0 -9999.0 -9999.0 -9999.0 -9999.0 0.191667788245 0.407631366788 0.491413967675 5.90191820196 6.15657366067 0.264032520361 0.252778824248 0.266890170332 8.46555808997 8.96462803689 0.233805879958 0.240743672225 0.169640480728 0.776513108087 0.974556554377 0.383044910506 0.521578775542 4.75284756616 4.88157130434 5.10012663644 8.26184354918 183.918290987 0.145792949823 0.0564104766326 0.286233022142 0.220060689266 0.035554098676 0.121142049894 0.159039541341 0.902206231675 0.941875702385 2.55129419459 1.56189284798 0.288094014142 33.2624905419 0.278508204453 32.4289302686 32.4128111309 0.52712899826 0.0388712007283
-9999.0 -9999.0 -9999.0 -9999.0 -9999.0 -9999.0 -9999.0 -9999.0 -9999.0 -9999.0 -9999.0 -9999.0 -9999.0 -9999.0 0.940653033223 1.56239371259 3.05424593299 5.54386474901 6.69121833295 7.47395576428 7.72964075363 7.9961916395 8.25262620886 0.235428683174 0.199774544822 0.393591587485 0.373403205986 0.215873420407 4.13279169126 4.32420694439 4.49822679582 4.66026269066 2.6465739266 2.76109755913 2.98022994938 183.997310298 0.270816965128 0.215822396506 0.551383382579 0.0529354535882 0.123520887796 0.0789584603194 0.0351748465762 0.21536764774 0.0309863011515 0.0319066054874 35.9749410551 33.4004054102 33.3694323166 0.109051121275 0.262669638469 0.142763661502 0.0188183269732 0.397847812988
-9999.0 -9999.0 -9999.0 -9999.0 -9999.0 -9999.0 -9999.0 -9999.0 -9999.0 -9999.0 -9999.0 -9999.0 -9999.0 -9999.0 0.655332636307 0.656559559972 1.30667038895 1.91465477945 0.426539081682 0.432937952619 0.715919176902 0.990605771212 1.51682697041 1.76355979011 1.95702240204 2.557345334 2.74332206505 2.97741181059 0.228942767424 2.07358474859 2.23289419946 2.38757677289 0.140382646539 0.141203953108 0.209480427744 187.443050463 187.51646804 187.94518801 0.711831323463 0.115119524992 0.195676704603 0.0498906026667 0.0655651215455 0.252081084632 0.310644083458 0.0585094427111 36.1390862175 0.0695468530907 0.0621107362787 0.0599737434417 0.0775169518031 0.0979402007638 0.0440825131187 0.294718981474
-9999.0 -9999.0 -9999.0 -9999.0 -9999.0 -9999.0 -9999.0 -9999.0 -9999.0 -9999.0 -9999.0 -9999.0 -9999.0 -9999.0 -9999.0 0.647777390518 1.26019894548 0.565999091134 1.16112466173 6.8752508016 7.16310324851 7.40538643766 0.251540972299 0.255355033727 0.448223723822 0.661490838526 1.01959100588 1.2235409749 1.45057211909 1.65097122261 0.150456991338 0.134207644856 2.82984092351 3.02028234309 3.08377266544 3.15710377764 2.68397847659 190.923128696 192.047860126 192.078525419 192.293888834 192.465740857 192.553951452 0.0311204630623 0.339831718984 36.1669872653 0.0668561361489 0.0341534376281 0.0778838768799 0.0797526484502 0.120910575712 0.0583883988596 0.0336046045472 0.0483744873048
-9999.0 -9999.0 -9999.0 -9999.0 -9999.0 -9999.0 -9999.0 -9999.0 -9999.0 -9999.0 -9999.0 -9999.0 -9999.0 -9999.0 -9999.0 -9999.0 1.86633398211 2.42761849952 4.14904507504 5.1970348703 0.475698787009 8.19937602793 8.43732139838 8.64494068827 0.204444861834 0.399004598354 0.171380767289 1.33848969794 1.47796295588 1.72602216015 1.9952519155 2.49892088298 2.69064973013 0.105140818652 2.36421454993 2.51827098491 2.61357827623 2.90580420748 0.353057968363 0.198325426796 0.0972028975567 0.0864535679549 192.670616141 192.706484791 193.271456347 36.2010683016 0.234869769832 0.135387779005 0.103951511053 0.0212507227863 0.243351596568 0.0961717573892 0.0301043646574 0.153354177176
-9999.0 -9999.0 -9999.0 -9999.0 -9999.0 -9999.0 -9999.0 -9999.0 -9999.0 -9999.0 -9999.0 -9999.0 -9999.0 -9999.0 -9999.0 -9999.0 0.609008692748 3.023309776 3.61656473276 0.465430639393 0.271460820902 0.590978840347 0.871281069456 9.73788660858 0.203643970032 0.818971574 0.99984864257 1.17657809091 0.202547425576 0.392098440629 0.49279189398 1.74978098784 2.00633497585 2.0989370006 0.0848920734256 0.0630258280162 0.0645591496409 0.123163718988 0.0592896976464 0.0609171727746 0.0474199685605 0.0562985117929 0.039071091585 0.201126061402 193.309751383 229.633848042 0.31370344937 0.0621434373205 0.0322082303956 0.644609574337 0.598262732633 0.317873730018 0.27742710654 0.194941316803
-9999.0 -9999.0 -9999.0 -9999.0 -9999.0 -9999.0 -9999.0 -9999.0 -9999.0 -9999.0 -9999.0 -9999.0 -9999.0 -9999.0 -9999.0 0.573621816797 1.72777736713 0.553537013342 0.353765102042 0.29544616094 0.563199232401 0.835035909085 1.11372705553 11.2805323107 11.4726486159 0.199928953262 0.379387013805 0.563252065307 0.700029117855 0.856969610506 1.49499288513 1.66876183527 0.151007975849 0.0792733898635 0.0368356650489 0.0400703731391 0.0733277682376 0.0698555204435 0.0961286170369 0.112138662823 0.289853985536 0.138783516339 0.103543805485 0.105019814127 0.0512362469039 0.0920194282197 233.094461444 3.12947825824 0.95025200762 0.217093200949 0.111996735261 0.0554478855773 0.128452077007 0.0664312538165
-9999.0 -9999.0 -9999.0 -9999.0 -9999.0 -9999.0 -9999.0 -9999.0 -9999.0 -9999.0 -9999.0 -9999.0 -9999.0 -9999.0 0.600391696477 1.16547184447 4.02250633737 0.546624504274 0.800435623183 1.07889108967 1.33015253765 0.270741199509 0.493245026524 0.844689539032 12.7053458764 0.185087367244 0.350145257332 0.528247924996 0.185242200524 0.362752871578 0.497354271637 0.628498666129 19.0393704302 19.2119315559 19.3952199511 19.9805977503 20.1268177953 20.4929761048 0.189019148482 0.393093304809 0.343053350981 21.8465618094 21.9954348556 0.0947199267386 0.127451196593 0.160731935541 233.163523475 3.039004586 1.7102862067 1.56170637328 1.12671727048 0.947429538542 0.167407424727 0.051598674274
-9999.0 -9999.0 -9999.0 -9999.0 -9999.0 -9999.0 -9999.0 -9999.0 -9999.0 -9999.0 -9999.0 -9999.0 -9999.0 -9999.0 0.609847343078 1.84930250394 6.47895837004 9.67447058261 0.507240909107 12.5438352207 14.3425463401 0.242125955355 0.459662728989 0.75990797847 15.0241103387 15.3131423694 0.1300237225 0.79185918783 0.924574093296 1.06082748432 17.9531826675 18.1998094792 18.3377982917 0.0695658883304 0.419134314426 0.491080014262 0.179287280488 0.243113621136 20.861252631 21.3650511264 21.4180995284 21.4687771922 22.0652773571 0.0347766574866 0.032253479842 0.227977384518 233.249504875 0.209356609516 0.191823114717 0.316120284729 0.0713989130043 0.788061465508 0.705111355963 0.434993450774
-9999.0 -9999.0 -9999.0 -9999.0 -9999.0 -9999.0 -9999.0 -9999.0 -9999.0 -9999.0 -9999.0 -9999.0 -9999.0 -9999.0 -9999.0 -9999.0 1.29868446075 2.62123455484 11.4554018319 12.0604287956 14.8880252389 15.3743368008 0.240956650585 0.482280981497 1.1428857707 15.712883381 16.0167170226 16.1266159165 0.0915797447096 16.5058979882 16.7639295576 0.153612521751 0.0706594738713 0.131922111884 0.258676474416 0.0638347826316 0.122366449684 0.26416221302 0.322123517794 0.0634659227385 0.0440297704103 0.0854514827684 22.4235756141 22.5300479718 22.5574307268 22.8661378294 233.316055756 0.208493616389 0.159661148405 0.0510252588671 0.0486265774627 0.0501443508756 0.0426917836848 0.0789797390884
-9999.0 -9999.0 -9999.0 -9999.0 -9999.0 -9999.0 -9999.0 -9999.0 -9999.0 -9999.0 -9999.0 -9999.0 -9999.0 -9999.0 -9999.0 -9999.0 0.680666614039 0.667267834038 0.636985018127 1.17915449077 0.519386917641 16.4147241635 16.8606353899 0.23573765384 0.444704559931 0.173637863738 0.140342579032 0.134588087224 16.3371064048 0.0861450023439 0.182496149075 0.0772301675606 0.0705999630447 0.063240342558 0.0491049026235 0.0513275715469 0.157953275376 0.217374585552 0.0429704191465 0.0387626836605 0.0849273074778 0.143124520418 0.192852221136 0.0581172548414 22.5991473998 22.8968257617 233.373391182 0.577758603634 0.22498176957 0.0295863193663 0.0719192616786 0.0239252699753 0.0184846512806 0.09937734691
-9999.0 -9999.0 -9999.0 -9999.0 -9999.0 -9999.0 -9999.0 -9999.0 -9999.0 -9999.0 -9999.0 -9999.0 -9999.0 -9999.0 -9999.0 -9999.0 -9999.0 -9999.0 0.659136878668 1.77926272255 2.30171361778 2.8166734776 17.357902726 17.8403473744 18.2782830651 18.610780112 18.7398763492 19.0105126316 19.0830022704 19.1644545193 19.2204147169 0.0605967775909 0.0565768362448 0.0600674538621 0.214988262463 0.0579548253995 0.0551457368809 0.0426109607455 0.125782463024 0.0524840073368 0.0404718464164 0.0373728297708 0.0317036408224 0.0632657369087 0.0926283884299 23.0874983181 257.080427978 0.141543459114 0.235958171119 0.0224298927724 0.162248952418 0.227397125671 0.0371479734718 0.642623293862
-9999.0 -9999.0 -9999.0 -9999.0 -9999.0 -9999.0 -9999.0 -9999.0 -9999.0 -9999.0 -9999.0 -9999.0 -9999.0 -9999.0 -9999.0 -9999.0 -9999.0 -9999.0 -9999.0 0.560293120704 4.37398794227 8.37486072663 8.88037202167 0.42187125602 0.662648242483 0.872980257572 1.03351531505 2.15781508042 2.21886482854 0.0601493428195 0.0586058990105 19.4041211645 19.5295264635 19.5810075017 0.254962297102 0.0362240254893 0.0904479571944 0.13319680511 0.403926029534 0.501682912211 0.579165662818 0.0707048173102 0.0988412110571 0.0338129176192 0.0688409336451 0.0354276778124 257.124261499 0.118069226264 0.473902633052 0.113214349521 0.295041174761 1.10805534122 1.20163988004 1.90729697829
-9999.0 -9999.0 -9999.0 -9999.0 -9999.0 -9999.0 -9999.0 -9999.0 -9999.0 -9999.0 -9999.0 -9999.0 -9999.0 -9999.0 -9999.0 -9999.0 -9999.0 -9999.0 0.615175432564 1.94961215865 3.82419094401 5.00555326638 12.4771019318 12.938621602 0.447238651007 0.660934371176 0.851147954212 1.00266492273 2.28303567332 2.40227548562 4.20898418482 4.37172738405 4.47176931719 19.6314422492 20.0169317547 0.0873319024088 0.0579157547035 0.0549471591905 0.105830465679 0.0497843655815 0.678101184133 0.715008272298 0.133315123562 0.19234133659 0.0702945361203 83.3383908304 83.41443508 340.565328636 341.167481441 0.134581790847 0.573619015604 0.283001416679 0.174025131926 2.13337920768
-9999.0 -9999.0 -9999.0 -9999.0 -9999.0 -9999.0 -9999.0 -9999.0 -9999.0 -9999.0 -9999.0 -9999.0 -9999.0 -9999.0 -9999.0 -9999.0 -9999.0 -9999.0 -9999.0 0.693154110493 0.673509117915 1.28016026971 3.05090003576 13.4707524217 0.2330961692 0.2292860899 0.402977316754 0.600797173741 1.46434248086 1.56969109557 0.105403624674 0.0932976562394 4.54349023278 4.60009224871 24.7223150894 24.7956222846 0.0319378597995 0.0282836794692 0.0242987513108 0.0245228727341 0.0272499861501 82.5878254514 82.8112823978 83.0326955946 83.1417340907 83.2900724171 0.0415237746994 0.152099018885 0.18362869007 341.448859669 341.498738777 341.522208704 341.53117325 341.549451133
-9999.0 -9999.0 -9999.0 -9999.0 -9999.0 -9999.0 -9999.0 -9999.0 -9999.0 -9999.0 -9999.0 -9999.0 -9999.0 -9999.0 -9999.0 -9999.0 -9999.0 -9999.0 -9999.0 -9999.0 0.623527242487 0.649377222 1.21153910406 15.8290885039 16.280192069 0.222162621591 0.398505117341 0.602283177601 0.775913659224 0.156322173074 0.269771820842 29.6964883065 29.7568746944 29.8840334145 30.3630531105 55.2047261206 81.2357013656 81.3106110639 81.3789009775 81.4444140562 81.7435610283 81.8396493216 0.194867615807 0.0877065963985 0.0541207182792 0.10132985724 0.0756591454608 0.120393272164 0.0379826121757 0.817517257246 1.12048783484 1.40429470912 1.42244656394 341.5447004
-9999.0 -9999.0 -9999.0 -9999.0 -9999.0 -9999.0 -9999.0 -9999.0 -9999.0 -9999.0 -9999.0 -9999.0 -9999.0 -9999.0 -9999.0 -9999.0 -9999.0 -9999.0 -9999.0 -9999.0 -9999.0 0.634594920245 1.21845580849 1.80412957115 16.7488417943 0.299445338625 21.9282940464 22.1370808549 22.2969535461 22.4261023524 29.1831651051 29.3145214963 0.0600248485326 0.36435544229 0.428768277811 0.0644031833318 25.9577033999 25.8411055283 0.0362495667543 0.0869686251053 0.239452593949 0.0537649140906 0.0590312125451 0.0445098448279 0.0383963424877 0.0296170346425 0.03574929912 0.696624071625 0.734971099606 0.783209441593 0.251569319822 0.214290126075 1.55168175313 1.59162703215
-9999.0 -9999.0 -9999.0 -9999.0 -9999.0 -9999.0 -9999.0 -9999.0 -9999.0 -9999.0 -9999.0 -9999.0 -9999.0 -9999.0 -9999.0 -9999.0 -9999.0 -9999.0 -9999.0 -9999.0 -9999.0 0.58351539908 0.549421422758 2.83706331253 20.6213741658 21.4214436441 21.752863997 0.167959942714 6.22029786643 6.39275544342 6.49113957832 0.117213853991 0.187207657598 0.247415947315 5.93907154036 5.98884562351 6.03199110251 25.7658009714 16.4310167806 0.0485218777539 0.0523771703425 0.0494384245039 0.0390527120904 0.407303535654 0.495087682235 0.571664977634 0.615625075711 0.657824704627 4.95329717143 4.99077235848 5.05006082964 5.16429516096 5.55886891494 5.57601845104
-9999.0 -9999.0 -9999.0 -9999.0 -9999.0 -9999.0 -9999.0 -9999.0 -9999.0 -9999.0 -9999.0 -9999.0 -9999.0 -9999.0 -9999.0 -9999.0 -9999.0 -9999.0 -9999.0 -9999.0 -9999.0 -9999.0 1.14368896649 1.73964156862 0.52014425841 0.233015026538 5.67401609517 5.84404405147 5.94822150408 1.20934817566 1.31113710495 1.40968365593 1.47419555097 5.82548934115 5.89720364421 3.1620002231 9.24755734333 9.29651145152 16.3962341252 0.102113391559 0.0527833167261 0.0363595851956 0.280210937509 0.329572952324 0.0315380951193 0.0296366213241 4.80720468002 4.88508004833 4.92496231999 0.047487091256 0.0782639683071 5.49759279887 0.0298909758273 0.13259048335
-9999.0 -9999.0 -9999.0 -9999.0 -9999.0 -9999.0 -9999.0 -9999.0 -9999.0 -9999.0 -9999.0 -9999.0 -9999.0 -9999.0 -9999.0 -9999.0 -9999.0 -9999.0 -9999.0 -9999.0 -9999.0 -9999.0 0.573680596484 1.13434104009 4.47588958872 4.96977584878 5.24747047215 0.980246461242 1.11266440554 0.104673357418 4.11685115989 4.20696456585 4.28521098411 0.064703081987 3.02994564445 3.10501905092 0.0544683472749 16.1346291409 0.114797182482 0.0580168631598 0.15175494866 0.20472033423 0.0401184953051 0.0324308875637 4.42647102286 4.73667430998 4.7830477333 0.0471911248357 0.104017910582 0.130572519406 0.161831917132 0.299273541757 0.0492646942943 0.108669852009
