data/baseflow/History/mHMbfrc522
ncols                  80
nrows                 72
xllcorner      4374000.0
yllcorner      5656000.0
cellsize            500
NODATA_value       -9999
[rows 0 to 23 of 72, columns 0 to 53 of 80]
-9999.0 -9999.0 -9999.0 -9999.0 -9999.0 -9999.0 -9999.0 -9999.0 -9999.0 -9999.0 -9999.0 -9999.0 0.759781445535 0.737406966548 -9999.0 -9999.0 -9999.0 -9999.0 -9999.0 -9999.0 -9999.0 -9999.0 -9999.0 -9999.0 -9999.0 -9999.0 -9999.0 -9999.0 -9999.0 -9999.0 -9999.0 -9999.0 -9999.0 -9999.0 -9999.0 -9999.0 -9999.0 -9999.0 -9999.0 -9999.0 -9999.0 -9999.0 -9999.0 -9999.0 -9999.0 -9999.0 -9999.0 -9999.0 -9999.0 -9999.0 -9999.0 -9999.0 -9999.0 -9999.0
-9999.0 -9999.0 -9999.0 -9999.0 -9999.0 -9999.0 -9999.0 -9999.0 -9999.0 -9999.0 -9999.0 -9999.0 1.47274512942 3.52440488731 0.619444055252 -9999.0 0.57041364298 -9999.0 -9999.0 -9999.0 -9999.0 -9999.0 -9999.0 -9999.0 -9999.0 -9999.0 -9999.0 -9999.0 -9999.0 -9999.0 -9999.0 -9999.0 -9999.0 -9999.0 -9999.0 -9999.0 -9999.0 -9999.0 -9999.0 -9999.0 -9999.0 -9999.0 -9999.0 -9999.0 -9999.0 -9999.0 -9999.0 -9999.0 -9999.0 -9999.0 -9999.0 -9999.0 -9999.0 -9999.0
-9999.0 -9999.0 -9999.0 -9999.0 -9999.0 -9999.0 -9999.0 -9999.0 -9999.0 -9999.0 0.643568786885 0.621694397506 0.661644136485 0.659027600471 4.7284452527 5.30104270671 1.53900537789 0.486043318462 -9999.0 -9999.0 -9999.0 -9999.0 -9999.0 -9999.0 -9999.0 -9999.0 -9999.0 -9999.0 -9999.0 -9999.0 -9999.0 -9999.0 -9999.0 -9999.0 -9999.0 -9999.0 -9999.0 -9999.0 -9999.0 -9999.0 -9999.0 -9999.0 -9999.0 -9999.0 -9999.0 -9999.0 -9999.0 -9999.0 -9999.0 -9999.0 -9999.0 -9999.0 -9999.0 -9999.0
-9999.0 -9999.0 -9999.0 -9999.0 -9999.0 -9999.0 -9999.0 -9999.0 -9999.0 0.620440544442 1.26725258485 2.5185453241 1.26904786837 0.614083675637 1.1864597889 5.85437433531 8.47499408629 0.53875306499 -9999.0 0.604655502506 -9999.0 -9999.0 -9999.0 -9999.0 1.07539830262 0.555329229556 -9999.0 -9999.0 -9999.0 -9999.0 -9999.0 -9999.0 -9999.0 -9999.0 -9999.0 -9999.0 -9999.0 -9999.0 -9999.0 -9999.0 -9999.0 -9999.0 -9999.0 -9999.0 -9999.0 -9999.0 -9999.0 -9999.0 -9999.0 -9999.0 -9999.0 -9999.0 -9999.0 -9999.0
-9999.0 -9999.0 -9999.0 -9999.0 -9999.0 -9999.0 -9999.0 -9999.0 0.736260670199 2.03360371482 2.63094572773 3.23589284708 4.36299293594 0.551945318805 2.24412212593 2.76175052563 12.2749336718 0.512526231879 0.475987886452 1.11291598301 1.60205631764 0.513564029352 -9999.0 2.71781461794 2.24190752832 0.598039906751 -9999.0 -9999.0 -9999.0 -9999.0 -9999.0 -9999.0 -9999.0 -9999.0 -9999.0 -9999.0 -9999.0 -9999.0 -9999.0 -9999.0 -9999.0 -9999.0 -9999.0 -9999.0 -9999.0 -9999.0 -9999.0 -9999.0 -9999.0 -9999.0 -9999.0 -9999.0 -9999.0 -9999.0
-9999.0 -9999.0 -9999.0 -9999.0 -9999.0 -9999.0 0.719236027196 0.642836442239 0.621237059994 0.636924327555 0.645106492609 4.54527203048 9.5143634376 10.1057144475 10.5461353215 0.405325992449 13.187768885 13.66799448 0.986372137992 0.503801095865 2.08123203375 3.57717160363 0.524771422741 4.34038085345 0.544745118594 0.559650155325 0.56387985645 -9999.0 -9999.0 -9999.0 -9999.0 -9999.0 -9999.0 -9999.0 -9999.0 -9999.0 -9999.0 -9999.0 -9999.0 -9999.0 -9999.0 -9999.0 -9999.0 -9999.0 -9999.0 -9999.0 -9999.0 -9999.0 -9999.0 -9999.0 -9999.0 -9999.0 -9999.0 -9999.0
-9999.0 -9999.0 -9999.0 -9999.0 -9999.0 -9999.0 1.46107748721 2.15607447299 4.82874289891 6.67578083787 0.560340027091 0.585412131801 0.544686284483 1.59397744169 12.6049319366 0.40904838464 14.1211822937 16.0171202326 1.47779232331 0.930485147272 4.01456406139 0.479476621893 4.81411393021 0.958028782413 0.48658344623 1.03022682373 1.11583460757 0.559669190645 0.565370021718 0.547558613399 0.586525633022 1.17160413592 -9999.0 -9999.0 -9999.0 -9999.0 -9999.0 -9999.0 -9999.0 -9999.0 -9999.0 -9999.0 -9999.0 -9999.0 -9999.0 -9999.0 -9999.0 -9999.0 -9999.0 -9999.0 -9999.0 -9999.0 -9999.0 -9999.0
-9999.0 -9999.0 -9999.0 -9999.0 -9999.0 0.812365773093 1.56260336467 0.742976709949 1.43177663371 7.38060638519 8.5978717234 9.80214585936 32.580721091 0.533291258697 13.1124993616 49.93200014 50.3061196205 67.0003542363 0.424234796254 1.36048406755 4.45420738714 0.43438563008 10.3078133409 5.03415141267 3.1427204455 2.65138006504 0.540438949474 1.65514030983 1.64382427077 1.09282645429 0.524969880495 1.71358895696 0.513886185589 0.503555834905 -9999.0 -9999.0 -9999.0 -9999.0 -9999.0 -9999.0 -9999.0 -9999.0 -9999.0 -9999.0 -9999.0 -9999.0 -9999.0 -9999.0 -9999.0 -9999.0 -9999.0 -9999.0 -9999.0 -9999.0
-9999.0 -9999.0 -9999.0 -9999.0 -9999.0 0.83422244198 2.4208632465 4.77040947954 5.48807545028 10.9339535628 11.5874171842 13.6518776025 22.253189892 34.2988906526 35.4154833842 35.940409548 0.873461905209 68.5966863485 69.427678468 71.6852106029 88.2265685473 11.651244798 10.7827956094 3.6086612721 0.46028691827 3.10106527331 2.13071092715 0.453504739844 2.12089502864 0.475351240166 1.00462715389 2.71513988491 3.20651555313 0.985101615868 0.481460260661 0.47012349301 -9999.0 -9999.0 -9999.0 -9999.0 0.513238430961 0.466989152921 -9999.0 -9999.0 -9999.0 -9999.0 -9999.0 -9999.0 -9999.0 -9999.0 -9999.0 -9999.0 -9999.0 -9999.0
-9999.0 -9999.0 -9999.0 -9999.0 -9999.0 0.803597996312 0.762986615481 3.2574975915 3.9926475278 4.7536526048 0.703893866928 1.38979957983 8.15498405747 1.39120809943 0.61604320518 0.548901151332 0.466026205178 0.544085381298 0.512427594933 0.505795917376 88.6956016389 89.996331982 0.429514433257 1.3367299823 0.915569516762 3.54182625121 0.916041777436 0.438336381383 2.6125411843 0.929411893753 2.26124358568 5.55959810081 5.1504058043 1.45815973939 1.41830397593 0.487625226825 0.483290179672 -9999.0 -9999.0 0.488042290444 1.07802905308 2.52621198102 0.495303794181 -9999.0 -9999.0 -9999.0 -9999.0 -9999.0 -9999.0 -9999.0 -9999.0 -9999.0 -9999.0 -9999.0
-9999.0 -9999.0 -9999.0 -9999.0 -9999.0 -9999.0 0.85770095073 0.875006875294 1.6282293605 2.40534499773 5.38103987752 6.83608922217 7.54600500359 0.746129158393 0.546670579673 7.66472576321 9.27458720121 9.76493573048 11.8296725049 12.2856031646 0.447496069775 90.4517055215 92.5886889012 1.69408760764 0.223360551468 3.90543772027 8.67706096167 3.46388247956 0.837080779533 0.419053436836 8.65526459354 5.99459919749 0.421509633804 0.420682508828 1.85374490704 1.42221849736 0.454922808686 0.438270443381 0.469037695462 0.946296709699 0.449153855479 3.06441836819 3.4999088939 0.406645159262 -9999.0 -9999.0 -9999.0 -9999.0 0.468204019762 0.438697865094 0.128325966474 -9999.0 -9999.0 -9999.0
-9999.0 -9999.0 -9999.0 -9999.0 -9999.0 -9999.0 -9999.0 0.835552475641 0.710996923803 1.51753889512 2.28355960244 0.731178842737 0.637163847779 4.13047932234 5.34609320305 6.59431910241 0.562383349939 1.0884163161 0.526776266104 12.7647268971 28.4706626133 28.9403777631 122.440076065 0.42318848646 0.680204296657 0.20950238546 9.07581584033 0.412994372691 1.26327151005 0.41038109548 9.07086233671 9.4872067488 0.847461129308 0.83705711603 4.64220728824 2.33267425746 0.897210387104 0.461545030464 0.933985820081 1.40493579297 2.28368293742 0.422280975543 4.28731005463 4.64748757035 0.323782217316 0.350796199872 0.366999517789 0.328647702595 0.309908273422 1.266219489 0.486399244833 0.304419397852 -9999.0 -9999.0
-9999.0 -9999.0 -9999.0 -9999.0 -9999.0 -9999.0 -9999.0 -9999.0 1.53814308571 2.2029989225 0.733741343342 1.50189101036 2.18776928015 3.54488479683 0.664796548532 0.634223112315 0.525275569214 0.530165295242 0.464947382117 14.73370482 0.541000577563 1.04901203475 123.987036348 124.966307152 0.397074765595 1.47552216644 10.9239500619 0.801011182617 1.62643975652 0.753288165578 1.10940550132 11.0696670158 1.21972580578 6.64967689854 5.44808902207 0.412198900058 2.20974033431 0.892287586706 1.3529559542 0.413775618746 2.6894610116 3.48171859277 3.79018586907 4.0805062434 5.85709875178 0.61225034083 0.649516482759 0.586995052491 0.547454575042 1.55362283409 0.306316525444 1.10677391918 1.37831022582 -9999.0
-9999.0 -9999.0 -9999.0 -9999.0 -9999.0 -9999.0 -9999.0 -9999.0 0.81959377456 3.81524488578 4.52644735829 0.710267161977 1.36513910405 0.652848823713 0.58096585364 0.571595605075 7.32600960123 9.70270150523 11.9209464513 14.2164760989 0.56368794146 0.521599654357 0.504120461347 127.3155871 128.424701265 128.83434741 14.5736485194 3.21270164294 2.80580019773 0.347685465905 1.45123152417 12.8758758439 0.355244745924 7.01077717485 0.398516356464 2.861960037 2.64932497016 0.423084149574 1.77111847203 0.828261521306 1.23304190845 0.360264921697 0.28232118717 4.36663982161 4.62579189684 6.11544448829 0.929617873038 0.851640738393 0.802327655268 1.88367688475 2.50638702553 0.310892391454 1.66763252406 0.312518958672
-9999.0 -9999.0 -9999.0 -9999.0 -9999.0 -9999.0 -9999.0 -9999.0 -9999.0 0.839237903386 5.28381685984 5.97540848365 2.02393439347 3.33490548819 4.51137936243 5.11077094676 0.60806523158 1.84523836539 1.20446919839 0.621282349807 0.590149699293 0.526611695297 1.02989406888 1.74644833452 0.590733666971 144.479193183 144.902651981 0.371433054967 0.298975659927 0.695545041425 1.03451532004 13.905595086 0.691110794264 7.32482938178 4.32665074553 3.58753303149 0.394254817856 0.806253704474 2.14291091555 0.371571481005 1.593204799 0.715225844929 0.456291121383 0.175179351703 5.2155026573 11.5384560304 1.1156118951 1.04241621856 1.04506866527 0.250190236385 2.75398587283 0.239628329907 2.21885189979 0.264143456446
-9999.0 -9999.0 -9999.0 -9999.0 -9999.0 -9999.0 -9999.0 -9999.0 -9999.0 -9999.0 0.70784834819 7.39800630459 0.652533218871 1.305919126 1.87636833455 3.00334346159 0.579872057325 1.22035541935 0.587136950207 0.547817192593 0.511011640271 1.01247456349 0.447595034545 0.48487578525 0.94746184364 0.540873577504 145.385159655 146.178152618 147.300873169 1.36741073 0.345822923289 0.6897500962 14.2659163521 13.3803082414 5.07886590473 0.370261665894 1.57776713839 1.18928482865 2.5157260051 0.741945267908 3.03578495981 1.0729958124 0.729714637606 0.0924147713336 0.184741198149 11.8195971319 12.0632096537 14.4268206054 1.83087287828 0.517984844116 3.02503962738 3.52972489241 5.97919083667 0.520275894185
-9999.0 -9999.0 -9999.0 -9999.0 -9999.0 -9999.0 -9999.0 -9999.0 -9999.0 -9999.0 -9999.0 0.374972447889 8.16167433038 0.615592749735 1.17404725736 5.30372211614 0.583119297174 0.574823820005 0.492996534241 1.06012737043 0.509899489794 2.02690649905 2.9170062006 3.32682580772 1.32315015755 1.66889725609 0.404812099419 0.490486541613 0.449280016388 149.48737319 150.573147942 14.5704168109 13.9950074784 13.6911142718 0.651439000563 0.316035539322 1.92169483251 5.1310303324 2.8658975317 1.08759675934 4.45831514478 1.39693147826 1.082303591 0.179486222926 0.0746933717265 0.0794075597714 0.115380906976 15.0127997355 17.5669386899 0.245968031814 0.221294514822 0.245726437657 6.2130946326 6.95169524315
-9999.0 -9999.0 -9999.0 -9999.0 -9999.0 -9999.0 -9999.0 -9999.0 -9999.0 -9999.0 -9999.0 0.344579886312 8.97437656051 10.9374095431 0.568569188872 6.43127118444 0.534369318027 0.506203939426 0.992514093696 2.56278503832 0.491474176576 0.519418717777 0.43367837806 4.19158597832 4.59765751125 6.69349398692 7.45861689299 7.83387136119 8.20072016678 8.55479831122 159.522484881 174.719488285 189.303700132 189.594623014 0.288895294893 0.31816518934 5.82222898139 5.47887799978 0.344170076085 0.343784904017 4.82118686514 6.55636923394 0.267368274781 2.68376706112 2.4912109607 0.422256569304 0.225411400546 0.386390974969 0.266630779491 18.0156683128 0.230658765787 0.675531702525 0.845016107273 8.31621236314
-9999.0 -9999.0 -9999.0 -9999.0 -9999.0 -9999.0 -9999.0 -9999.0 -9999.0 -9999.0 -9999.0 0.729200750692 1.37874969641 11.5667626782 12.6219823222 0.530811208978 7.50383663089 0.447919717517 1.38461882152 3.01270915307 0.944049412951 0.450100426323 0.923888340587 0.383173033416 0.734208483963 0.358276427998 0.317135196437 0.232903570565 0.191472383729 0.16923583725 0.157851701841 0.246045071866 0.334082866428 0.420159799172 190.579997288 6.93487471027 6.3014100937 0.222557579749 0.980541514405 0.238574575755 0.226326646224 6.86387428905 10.4802608658 3.02818398371 2.32573754982 0.253350163433 0.103993657591 0.0906611425114 0.29042933757 18.5368167844 18.9759561617 0.230485471498 0.234950781436 0.189766328679
-9999.0 -9999.0 -9999.0 -9999.0 -9999.0 -9999.0 -9999.0 -9999.0 -9999.0 -9999.0 -9999.0 -9999.0 0.586522340643 8.31546211725 21.5028805863 23.2251717182 31.2351136912 31.7598473215 6.74958523075 4.87742545126 1.40291061136 0.442899126398 1.78908891696 2.19965568224 3.30016711337 0.734774667661 0.666814396021 0.589396617601 1.1258526485 0.508006785424 0.476898726483 0.240953424981 0.102299079628 0.138654397789 190.870316385 198.049800032 198.432511868 0.227294469468 2.5618822443 1.11813738424 0.334425450189 11.531125172 0.749199316577 0.388863000931 1.617852364 0.301228330477 0.232182489744 0.432460715329 0.615504539638 0.825400098766 19.3387882848 0.169920651585 0.144645740211 0.144821137754
-9999.0 -9999.0 -9999.0 -9999.0 -9999.0 -9999.0 -9999.0 -9999.0 -9999.0 -9999.0 -9999.0 0.661344014107 6.35515265798 7.70166718259 1.18943145271 0.369298788278 0.812656184132 33.0497889383 33.5117722424 40.7593241565 0.393715134305 0.832227492805 0.35912181614 0.36511099581 3.65583069332 4.7452608161 5.74159170734 0.322141756199 1.4476682894 2.27129629229 1.32350524797 0.546968157305 0.337570011609 0.265702268713 0.272779835265 0.159271366022 198.670629995 198.851285748 201.787205484 0.547682114297 0.293554044963 11.8372535003 0.811568357264 0.41807033691 0.460780403656 0.457171183754 0.399060784571 0.654931823224 1.87409204709 2.93289355186 22.4480827824 0.125380547413 0.374998099502 0.25404522996
-9999.0 -9999.0 -9999.0 -9999.0 -9999.0 -9999.0 -9999.0 -9999.0 -9999.0 -9999.0 -9999.0 0.679690837905 4.47046562159 0.695035553738 0.575445353251 3.11647822001 3.61057728735 4.11014556351 4.55133052592 54.892202814 55.2958684731 56.099045072 62.0008662652 63.0521850909 63.6046741733 63.9723071793 70.3062674342 71.0788218932 71.4176856262 74.0341331545 75.7098535342 76.0193117477 76.8683253351 0.55461231127 0.43740720935 0.07521284833 0.0970976800975 199.064360212 202.739330938 0.776750728241 13.945167113 13.6687678226 1.51968784204 0.36176669324 0.366817217926 0.352062959394 0.350100355215 0.704629984785 0.987882240956 0.267323237107 22.6158180654 22.7958496845 23.5743598456 23.7164177973
-9999.0 -9999.0 -9999.0 -9999.0 -9999.0 -9999.0 -9999.0 -9999.0 -9999.0 -9999.0 -9999.0 2.32834437588 3.07106303 1.4062943225 2.05032911016 0.632983541991 7.19232350212 7.73022474012 8.77297621134 9.1354787042 3.34210142677 60.0670016688 60.4235655239 0.3064731684 0.185792383278 0.138951181445 0.346842100998 0.158720024403 0.100565804365 0.0936271833196 0.130014303891 76.24222257 77.1225251241 77.9985740895 78.7125147559 79.0703125153 0.14835915218 0.0528561289579 217.307434582 14.4027882643 14.2430194617 0.312184254866 0.295354302557 0.267735371102 0.642880324755 0.628734290683 0.285553017325 0.287573970595 0.258127591392 0.51976704222 0.677735772423 0.125167881397 0.224934073902 0.0780361980084
-9999.0 -9999.0 -9999.0 -9999.0 -9999.0 -9999.0 -9999.0 -9999.0 -9999.0 -9999.0 -9999.0 -9999.0 1.57476763238 0.728633354856 0.636451846752 6.12162180344 6.68627580335 0.560769318454 2.14408630993 2.61589743083 2.99851685607 0.437301648196 0.311806239664 8.47499548621 8.72231006073 8.9463370635 23.3280552611 23.468629819 23.6593256252 25.1998539066 25.7801649974 25.8620813073 0.0845528175515 0.0895911726718 0.119374461128 79.3309721613 0.101999068232 219.67407323 219.512673801 2.05250799517 1.84973506115 1.18586669325 0.298142525305 0.533824677675 0.92067070814 0.908155833208 0.556487910606 0.274179368834 0.526560952148 0.515168458399 0.893848232433 0.139437415434 0.364776390093 0.578107991505
