data/baseflow/History/mHMbfrc288
ncols                  80
nrows                 72
xllcorner      4374000.0
yllcorner      5656000.0
cellsize            500
NODATA_value       -9999
[rows 0 to 23 of 72, columns 0 to 53 of 80]
-9999.0 -9999.0 -9999.0 -9999.0 -9999.0 -9999.0 -9999.0 -9999.0 -9999.0 -9999.0 -9999.0 -9999.0 0.761606345415 0.664143713206 -9999.0 -9999.0 -9999.0 -9999.0 -9999.0 -9999.0 -9999.0 -9999.0 -9999.0 -9999.0 -9999.0 -9999.0 -9999.0 -9999.0 -9999.0 -9999.0 -9999.0 -9999.0 -9999.0 -9999.0 -9999.0 -9999.0 -9999.0 -9999.0 -9999.0 -9999.0 -9999.0 -9999.0 -9999.0 -9999.0 -9999.0 -9999.0 -9999.0 -9999.0 -9999.0 -9999.0 -9999.0 -9999.0 -9999.0 -9999.0
-9999.0 -9999.0 -9999.0 -9999.0 -9999.0 -9999.0 -9999.0 -9999.0 -9999.0 -9999.0 -9999.0 -9999.0 1.55550436864 3.4501683326 0.553608256704 -9999.0 0.462559249879 -9999.0 -9999.0 -9999.0 -9999.0 -9999.0 -9999.0 -9999.0 -9999.0 -9999.0 -9999.0 -9999.0 -9999.0 -9999.0 -9999.0 -9999.0 -9999.0 -9999.0 -9999.0 -9999.0 -9999.0 -9999.0 -9999.0 -9999.0 -9999.0 -9999.0 -9999.0 -9999.0 -9999.0 -9999.0 -9999.0 -9999.0 -9999.0 -9999.0 -9999.0 -9999.0 -9999.0 -9999.0
-9999.0 -9999.0 -9999.0 -9999.0 -9999.0 -9999.0 -9999.0 -9999.0 -9999.0 -9999.0 0.713662877609 0.681359543462 0.732054958236 0.732144560398 4.77047882786 5.27623889387 1.22211848955 0.379902385524 -9999.0 -9999.0 -9999.0 -9999.0 -9999.0 -9999.0 -9999.0 -9999.0 -9999.0 -9999.0 -9999.0 -9999.0 -9999.0 -9999.0 -9999.0 -9999.0 -9999.0 -9999.0 -9999.0 -9999.0 -9999.0 -9999.0 -9999.0 -9999.0 -9999.0 -9999.0 -9999.0 -9999.0 -9999.0 -9999.0 -9999.0 -9999.0 -9999.0 -9999.0 -9999.0 -9999.0
-9999.0 -9999.0 -9999.0 -9999.0 -9999.0 -9999.0 -9999.0 -9999.0 -9999.0 0.67453773837 1.3917819644 2.77337615483 1.40151510267 0.677818017718 1.30775538032 5.86025692218 7.98343011305 0.447835694556 -9999.0 0.671871514146 -9999.0 -9999.0 -9999.0 -9999.0 0.835984772362 0.430920425716 -9999.0 -9999.0 -9999.0 -9999.0 -9999.0 -9999.0 -9999.0 -9999.0 -9999.0 -9999.0 -9999.0 -9999.0 -9999.0 -9999.0 -9999.0 -9999.0 -9999.0 -9999.0 -9999.0 -9999.0 -9999.0 -9999.0 -9999.0 -9999.0 -9999.0 -9999.0 -9999.0 -9999.0
-9999.0 -9999.0 -9999.0 -9999.0 -9999.0 -9999.0 -9999.0 -9999.0 0.80410852636 2.21669804873 2.85867935761 3.50279166198 4.8001976418 0.588746043341 2.44503896784 2.98549429603 11.8672181591 0.453660971966 0.45742058539 1.21075639386 1.7200656273 0.543888126654 -9999.0 2.16398674657 1.79063848032 0.490877793472 -9999.0 -9999.0 -9999.0 -9999.0 -9999.0 -9999.0 -9999.0 -9999.0 -9999.0 -9999.0 -9999.0 -9999.0 -9999.0 -9999.0 -9999.0 -9999.0 -9999.0 -9999.0 -9999.0 -9999.0 -9999.0 -9999.0 -9999.0 -9999.0 -9999.0 -9999.0 -9999.0 -9999.0
-9999.0 -9999.0 -9999.0 -9999.0 -9999.0 -9999.0 0.774049373651 0.683132765341 0.669515832572 0.690045001321 0.703574669043 4.92965008414 10.3982975418 11.0447626044 11.5684828313 0.531933441096 12.8743825365 13.3440791139 0.98574156839 0.537835230743 2.21662758518 3.78645354328 0.485118043661 3.66822200017 0.547241048435 0.521795585305 0.568301196383 -9999.0 -9999.0 -9999.0 -9999.0 -9999.0 -9999.0 -9999.0 -9999.0 -9999.0 -9999.0 -9999.0 -9999.0 -9999.0 -9999.0 -9999.0 -9999.0 -9999.0 -9999.0 -9999.0 -9999.0 -9999.0 -9999.0 -9999.0 -9999.0 -9999.0 -9999.0 -9999.0
-9999.0 -9999.0 -9999.0 -9999.0 -9999.0 -9999.0 1.56357349404 2.29645282778 5.13753433063 7.10719383625 0.573702461407 0.61676413787 0.567042043129 1.64353658522 13.6790241457 0.433339019615 13.769938371 15.6550772257 1.43042762084 0.961660674231 4.22251363678 0.49429722233 4.14983861846 0.919246370857 0.45886061071 0.957232042303 1.12850489074 0.59025139498 0.617741488502 0.58960574 0.647567051906 1.29043488054 -9999.0 -9999.0 -9999.0 -9999.0 -9999.0 -9999.0 -9999.0 -9999.0 -9999.0 -9999.0 -9999.0 -9999.0 -9999.0 -9999.0 -9999.0 -9999.0 -9999.0 -9999.0 -9999.0 -9999.0 -9999.0 -9999.0
-9999.0 -9999.0 -9999.0 -9999.0 -9999.0 0.877314703684 1.68437273467 0.802394418972 1.53614051482 7.8625594272 9.1455456658 10.4236497637 34.7604684959 0.555630826119 14.1925819366 53.5485604924 53.9711420797 70.3638565014 0.45294795579 1.38416144924 4.66059310916 0.430279941086 9.51973814777 4.90709027121 3.04756106353 2.57444858781 0.542007986901 1.74803666478 1.77945564105 1.17970369344 0.554528397105 1.86842955466 0.532315031903 0.51518233224 -9999.0 -9999.0 -9999.0 -9999.0 -9999.0 -9999.0 -9999.0 -9999.0 -9999.0 -9999.0 -9999.0 -9999.0 -9999.0 -9999.0 -9999.0 -9999.0 -9999.0 -9999.0 -9999.0 -9999.0
-9999.0 -9999.0 -9999.0 -9999.0 -9999.0 0.888479058254 2.577768966 5.10184145855 5.86767470571 11.6248373181 12.327612604 14.5563433856 23.8089128771 36.6400063193 37.8661597048 38.4376658024 0.96158215004 72.1121185765 72.9866694986 75.3451891402 91.2559726488 10.8497686465 9.99995868091 3.51328190454 0.454023251818 3.12937898555 2.18463005348 0.407746782878 2.25696171736 0.484491702187 1.02971414599 2.87010380911 3.37098797979 0.999482692017 0.478021141241 0.467086264494 -9999.0 -9999.0 -9999.0 -9999.0 0.430825007545 0.386871226605 -9999.0 -9999.0 -9999.0 -9999.0 -9999.0 -9999.0 -9999.0 -9999.0 -9999.0 -9999.0 -9999.0 -9999.0
-9999.0 -9999.0 -9999.0 -9999.0 -9999.0 0.85387114989 0.811489913862 3.42144091198 4.20718963311 5.02069417679 0.760486058119 1.50029505997 8.71183972809 1.48291837057 0.680286332552 0.575955519997 0.478868178832 0.561418408587 0.496003376865 0.538886459476 91.701668715 92.963101441 0.414765145674 1.30365363256 0.901538056581 3.53990611886 0.829686793343 0.38509583205 2.73816588006 0.968894350466 2.40874151109 5.81870148072 5.33011995217 1.46453072988 1.39248262928 0.49685963496 0.491682268707 -9999.0 -9999.0 0.507301854964 0.928382352446 2.13607551866 0.417299092287 -9999.0 -9999.0 -9999.0 -9999.0 -9999.0 -9999.0 -9999.0 -9999.0 -9999.0 -9999.0 -9999.0
-9999.0 -9999.0 -9999.0 -9999.0 -9999.0 -9999.0 0.905136570403 0.905951589946 1.70979273903 2.53397068204 5.72954946978 7.28689424352 8.05600969974 0.759670953086 0.560955618505 8.06159185603 9.74198971474 10.2336466719 12.3664316504 12.8154330822 0.434990250199 93.4114384561 95.5546898185 1.71550447484 0.370906797489 3.9064276838 8.52072700183 3.46429980317 0.752512079888 0.386077899957 9.02471940598 6.22856376956 0.382625055681 0.374045592707 1.78893107374 1.42865720276 0.435801585238 0.388479116437 0.479679498593 0.971981967012 0.455754557258 2.59851236568 3.02020114726 0.368216978494 -9999.0 -9999.0 -9999.0 -9999.0 0.46869725817 0.42906784621 0.193749505863 -9999.0 -9999.0 -9999.0
-9999.0 -9999.0 -9999.0 -9999.0 -9999.0 -9999.0 -9999.0 0.867627303811 0.779195430615 1.63663728241 2.45762502454 0.781953400903 0.664445001991 4.35903450174 5.63954163808 6.97708653409 0.598751416591 1.1408857683 0.559610896171 13.3030949069 29.2205523855 29.6062067027 125.972486651 0.404752061165 1.04131106818 0.322004407211 8.84983413152 0.364935379367 1.14547539153 0.372896082535 9.39477668346 9.76828593481 0.771426462012 0.757866327432 4.54762564683 2.31045668252 0.821927343052 0.432609480533 0.951597149528 1.43611821459 2.30914811829 0.398627623844 3.72732567619 4.05693133574 0.293431719722 0.329324192895 0.35529677022 0.306972321365 0.291201864468 1.23056848841 0.551852244077 0.368514919759 -9999.0 -9999.0
-9999.0 -9999.0 -9999.0 -9999.0 -9999.0 -9999.0 -9999.0 -9999.0 1.6237477729 2.34913774579 0.779374567475 1.59783528706 2.32489780463 3.75374918274 0.715947753216 0.681464559631 0.534924743247 0.538763756612 0.448528244844 14.9311316189 0.572694873573 1.09219751583 127.447616358 128.20267433 0.264214867169 1.58194109874 10.7167625985 0.700769891203 1.44284038633 0.634853000221 0.918843216723 11.1394021889 1.08197801772 6.3030029157 5.25307882087 0.362747788053 2.066433712 0.846155258278 1.35555625961 0.392021728874 2.66630144528 3.37985223149 3.64954687512 3.89863390437 5.14102237241 0.553514016444 0.610347082062 0.53510726889 0.501982632134 1.48470863214 0.27200023641 1.206011821 1.45634495789 -9999.0
-9999.0 -9999.0 -9999.0 -9999.0 -9999.0 -9999.0 -9999.0 -9999.0 0.859172600781 4.03562488469 4.78896800141 0.751568830504 1.44869477208 0.693919931149 0.606254538912 0.595176679582 7.65049213159 10.0564886431 12.2376976806 14.4989228922 0.522656441597 0.54104662427 0.447273719166 130.26590425 131.036909963 131.28819143 13.799563366 2.77421479109 2.44206150039 0.25579186829 1.18114683788 12.5991040228 0.280799280885 6.58988328397 0.359742123196 2.74759944096 2.49150802865 0.402903486016 1.75986009922 0.790777252461 1.18270954886 0.311989814647 0.243591678087 4.14306675614 4.36453268491 5.36170706348 0.862642734004 0.770167375414 0.729328391529 1.77709087191 2.33230903955 0.277182068633 1.72579185144 0.304330820004
-9999.0 -9999.0 -9999.0 -9999.0 -9999.0 -9999.0 -9999.0 -9999.0 -9999.0 0.879733946568 5.59072053562 6.31328417694 2.14173277445 3.52051584817 4.74321740604 5.36670199944 0.647610477142 1.87123385599 1.26308431517 0.677194768107 0.625480478619 0.535044626076 1.01283132293 1.65493626815 0.445472336739 145.829391339 146.08757389 0.226210012791 0.185815318155 0.528544848638 0.787782402189 13.3901357288 0.535447847449 6.81265926558 4.08780702839 3.44657684335 0.358174503039 0.745739193015 2.09540378178 0.336113905814 1.51113019286 0.620861680958 0.414019024612 0.207955390803 4.99757773166 10.5316171174 1.01859125286 0.93032661645 0.934445088902 0.209491773795 2.54426506528 0.203905992086 2.22313635756 0.254195851849
-9999.0 -9999.0 -9999.0 -9999.0 -9999.0 -9999.0 -9999.0 -9999.0 -9999.0 -9999.0 0.733590961467 7.78321750939 0.681948122272 1.35292944884 1.9332557346 3.04908583792 0.569320977833 1.19803160512 0.590670049354 0.520757438516 0.478114617923 0.936525776544 0.385634568042 0.412810593609 0.729085630889 0.386471652294 146.384212984 146.859349381 147.55775745 1.00366885118 0.275731634194 0.549948012431 13.690489321 12.2894050545 4.7329379358 0.317555700775 1.43990600536 1.08873756698 2.43214551585 0.669586996922 2.79422988567 0.941494161106 0.666009651384 0.191924131827 0.231093366424 10.7900739533 11.0030898369 13.1258943658 1.60346185629 0.438428884557 2.78003854868 3.21374979913 5.64119624256 0.495515681705
-9999.0 -9999.0 -9999.0 -9999.0 -9999.0 -9999.0 -9999.0 -9999.0 -9999.0 -9999.0 -9999.0 0.440651766234 8.71295356307 0.609457436235 1.15968002327 5.28051243524 0.546613458572 0.533013217101 0.433350430653 0.999456841896 0.496491344259 1.91151421141 2.6629191999 2.98092308132 0.986866242803 1.17601891932 0.220175372478 0.330246938662 0.313426704356 149.126479478 149.862862799 13.9094451484 12.7589285133 12.5260286673 0.497847112423 0.236576848543 1.72926149287 4.75570827435 2.73761308169 0.968709198803 4.05512283519 1.54969152966 1.27850949996 0.376026961776 0.160159811745 0.135463484035 0.151680553228 13.9606684131 16.2430386781 0.212362111675 0.189590897844 0.215406525519 5.85758977293 6.56036032959
-9999.0 -9999.0 -9999.0 -9999.0 -9999.0 -9999.0 -9999.0 -9999.0 -9999.0 -9999.0 -9999.0 0.406146948351 9.66986452335 11.6718608616 0.561003480798 6.3768703818 0.482026691617 0.447181949881 0.917524419512 2.41843653235 0.472635656996 0.512619384604 0.370341731028 3.69482120985 4.02081602342 5.55525456277 6.03646963997 6.30842614549 6.52232497976 6.80748422519 156.925829227 171.269162647 184.420693615 184.585928966 0.184638995758 0.237731673901 5.33897665652 5.04956440996 0.298670266626 0.299386636084 4.36864159186 6.22051779792 0.245986913317 3.46032613941 3.2301100293 0.858503776095 0.376043223978 0.640286536956 0.273673581686 16.6622954563 0.214699962445 0.60678407935 0.763542737371 7.9572794721
-9999.0 -9999.0 -9999.0 -9999.0 -9999.0 -9999.0 -9999.0 -9999.0 -9999.0 -9999.0 -9999.0 0.765213957691 1.4296298601 12.3098377773 13.3029908064 0.491053274052 7.28453520468 0.365844216164 1.18241948434 2.81886385125 0.883248586042 0.407012209036 0.828726909954 0.278574850154 0.540790886061 0.280613443987 0.254688120334 0.229569671225 0.214772750459 0.181476017541 0.164095539291 0.21803166765 0.257584547652 0.29010896087 185.244789431 5.97085580079 5.62223792534 0.131749825384 0.829682386346 0.251446838873 0.262655964448 6.48187728738 10.796322538 3.77846580577 2.87500079461 0.537093279105 0.218851126483 0.192553839231 0.398379890562 17.2778077638 17.6771479382 0.211001293396 0.223506694228 0.225866137764
-9999.0 -9999.0 -9999.0 -9999.0 -9999.0 -9999.0 -9999.0 -9999.0 -9999.0 -9999.0 -9999.0 -9999.0 0.582213481267 8.64940975434 22.5127101929 24.2066084572 31.9184658261 32.3301139903 6.09599784413 4.53946973643 1.3000602668 0.396915826785 1.59144023953 1.93386238035 2.76616492239 0.584017742471 0.521237394239 0.504704920611 0.981544736324 0.43599046918 0.412492378475 0.233591182172 0.188723562252 0.154366124079 185.463728857 191.60156929 191.777862306 0.12829135416 2.18767105297 1.07562305816 0.294685919613 11.765093451 0.710635287185 0.372580739622 1.70312120723 0.345732234819 0.245934817717 0.459140246332 0.63553890778 0.835387258587 18.0022407814 0.151484544767 0.132021502354 0.132528484079
-9999.0 -9999.0 -9999.0 -9999.0 -9999.0 -9999.0 -9999.0 -9999.0 -9999.0 -9999.0 -9999.0 0.677197638572 6.63404028097 8.01833074311 1.19413755617 0.439499135985 0.911482562602 33.665840597 34.0161627237 40.5103725929 0.327734882445 0.719194673709 0.282125725122 0.288049417268 3.03981576786 3.89614181752 4.65186353579 0.229321989788 1.21007226622 1.86853771653 1.07641391654 0.452424278777 0.377367052665 0.328427469693 0.316127879764 0.12807050801 191.911328924 192.003573313 194.394549828 0.434963432361 0.242204534237 12.0251155101 0.79025567705 0.407497752398 0.482449688545 0.479542586291 0.393524120597 0.682687325659 1.85918008185 2.91603091341 21.0775011316 0.109376380962 0.334692285386 0.229910598193
-9999.0 -9999.0 -9999.0 -9999.0 -9999.0 -9999.0 -9999.0 -9999.0 -9999.0 -9999.0 -9999.0 0.698632082324 4.72118718691 0.718156572341 0.563838489945 3.3260311613 3.80344360609 4.25951203917 4.64690684846 54.8096591263 55.2013466635 55.8779451721 61.3483628901 62.2457414595 62.7383752315 63.0251491627 68.3495171461 69.0571548897 69.3141044412 71.467323154 72.8165021308 73.0381013337 73.8622524942 0.535850073146 0.500739764277 0.106531213535 0.078086343087 192.119808895 195.080583761 0.592904132182 13.9594922204 13.741233094 1.44961037085 0.336503358491 0.357726656559 0.338885330655 0.34050605971 0.685948738303 0.957652796865 0.255994620537 21.2260682386 21.3864271023 22.0866575817 22.2151455572
-9999.0 -9999.0 -9999.0 -9999.0 -9999.0 -9999.0 -9999.0 -9999.0 -9999.0 -9999.0 -9999.0 2.47371182745 3.26507395737 1.48230443806 2.15188246263 0.657828676105 7.40044511083 7.89439608832 8.85165358545 9.26189019033 3.11168481852 59.6487629908 60.0528838228 0.30261302366 0.205755499519 0.202226931064 0.423111789752 0.213231266913 0.176120675937 0.16609586752 0.172698705308 73.2790826773 74.1062062697 74.8831473949 75.5837291549 75.9096400059 0.135263211523 0.0365597562813 209.470920064 14.300391008 14.19643353 0.258290578685 0.240071762335 0.215538825028 0.593291756295 0.573592674108 0.261803971072 0.264149614745 0.23359756495 0.482413098901 0.623161496186 0.103776982037 0.189723319689 0.0740107757778
-9999.0 -9999.0 -9999.0 -9999.0 -9999.0 -9999.0 -9999.0 -9999.0 -9999.0 -9999.0 -9999.0 -9999.0 1.68159250318 0.776639257002 0.666897868303 6.40137647562 6.92715781455 0.522926868604 1.96111151628 2.39916537386 2.76154960848 0.422600706167 0.262348245668 8.30361344328 8.50696505188 8.70446237363 21.8837054588 22.0463418428 22.3692861287 23.8905100345 24.8236505081 24.9691380183 0.163944245282 0.174964204435 0.152791428945 76.054530734 0.0576581544347 211.40046362 211.301852211 1.7424363477 1.60252588766 0.980569666733 0.252150478743 0.425276837153 0.824297131992 0.807491635827 0.505304421101 0.24989212966 0.478952206374 0.468335065522 0.822416044939 0.147612542584 0.319736914469 0.525485404683
