data/baseflow/History/mHMbfrc590
ncols                  80
nrows                 72
xllcorner      4374000.0
yllcorner      5656000.0
cellsize            500
NODATA_value       -9999
[rows 24 to 47 of 72, columns 0 to 53 of 80]
-9999.0 -9999.0 -9999.0 -9999.0 -9999.0 -9999.0 -9999.0 -9999.0 -9999.0 -9999.0 -9999.0 -9999.0 1.12866927507 3.20350823862 4.1921958128 7.147437304 0.843835851047 1.71320389099 2.52795699068 10.0800551778 10.8343176247 11.5434666026 12.129871283 12.657873747 19.2271341655 20.7824466296 21.8020089294 0.420129932067 2.55602392557 2.93017725417 41.481916407 43.1902083133 44.0583235112 44.9824659945 45.607648158 172.726064828 0.341582062797 327.802671478 0.381798232552 0.202922328615 2.60765022616 2.2601216173 0.378912516967 1.14229870022 1.71260355468 1.66849618076 1.19496263765 1.96764477384 3.11078315787 1.17199891402 2.79632115207 0.267468857862 0.428691058418 0.0771470540177
-9999.0 -9999.0 -9999.0 -9999.0 -9999.0 -9999.0 -9999.0 -9999.0 -9999.0 -9999.0 -9999.0 -9999.0 1.07446567109 2.13712563985 1.00954374191 2.00325487037 0.885067748683 6.79363384942 8.44024666205 9.28398757933 0.767673009561 1.53194863519 14.5914995947 18.1471088347 18.720157794 1.03986689739 1.36508981424 1.89807616761 0.33301456625 0.306993007745 0.573169924358 0.24190860468 21.5156599301 21.8254959105 22.1442002133 173.122178215 329.861422423 327.971492726 0.324659443507 0.170051673035 0.156583159352 0.778492227666 0.631573781492 1.50688928698 2.08383665087 4.14093041535 0.38281650641 0.380979785467 3.45059559169 3.8014394835 7.16515931907 7.31881654869 7.8262957904 7.97066033015
-9999.0 -9999.0 -9999.0 -9999.0 -9999.0 -9999.0 -9999.0 -9999.0 -9999.0 -9999.0 -9999.0 -9999.0 -9999.0 1.05042431063 2.09195066774 3.13460909989 4.97331656751 0.933556528241 0.848158206745 5.73498186364 6.51272403496 13.1135892106 13.9062717088 2.21938408225 0.672169570907 0.540895461129 0.466273117608 19.7250671198 20.0739947837 20.4273010071 20.7151611381 21.2325593692 3.62635702471 3.7932887563 26.1225617072 529.266697403 1.42636851232 1.04055896785 0.491931571014 0.143821517491 0.13106243224 1.07311343092 1.17122799904 1.76193744978 0.133786934832 4.33210817989 0.66334218812 0.655570479786 0.126945865886 0.0802403907153 0.0670910993241 0.0598071826335 0.0655625402813 8.03581047862
-9999.0 -9999.0 -9999.0 -9999.0 -9999.0 -9999.0 -9999.0 -9999.0 -9999.0 -9999.0 -9999.0 -9999.0 -9999.0 -9999.0 1.0004121337 1.79272279282 2.49886872297 3.19988814117 4.04556498155 4.91059363445 2.533948724 4.24513121534 0.793563496682 0.753491545129 16.7162345352 18.1117234316 18.7266138937 19.3294322148 0.399338531028 0.734098381298 2.22028474114 2.85091323018 3.29092265245 0.211379807414 0.139549617576 529.984704187 0.308222109026 0.40273942588 0.264749860178 0.722047129743 0.306319751166 0.189611100982 3.04957544739 3.1442672888 0.0740627135876 4.4117037738 5.23398069081 0.951412106352 100.146672489 99.8559526431 99.6698263101 99.3795741127 99.2661816927 97.5304928154
-9999.0 -9999.0 -9999.0 -9999.0 -9999.0 -9999.0 -9999.0 -9999.0 -9999.0 -9999.0 -9999.0 -9999.0 -9999.0 -9999.0 0.214588399223 0.48061139428 0.722823065144 7.13118459613 8.01387649393 0.892115579095 0.854502864439 0.870833157602 13.7129358306 15.340577659 0.76466624179 0.779364139054 0.615583137125 2.68827155768 3.34778502067 1.35231338836 1.87689211908 15.7294698703 16.2225446923 16.7934784425 26.9311011232 557.141218116 0.381121303852 0.21537658492 1.17281662384 0.90361603295 0.09745124606 0.393548077546 0.493654898079 3.2468020615 3.33018025067 8.75383990041 5.27613450594 1.04538748712 102.183531 0.604389618448 99.5306815214 99.45868484 1.62210533364 0.0563369682366
-9999.0 -9999.0 -9999.0 -9999.0 -9999.0 -9999.0 -9999.0 -9999.0 -9999.0 -9999.0 -9999.0 -9999.0 -9999.0 -9999.0 1.05216092347 1.73987069982 3.58576564882 6.33481068557 8.68621995656 10.4069773366 11.2645599646 12.132326027 12.9571381146 0.797190938738 0.705949381449 1.4064538204 1.31110314968 0.71256466653 13.6320653288 14.2791165114 14.8552875484 15.4023448908 8.95219636042 9.46049622382 9.9545862278 557.331041697 0.64125469971 0.83922718504 2.19967185098 0.214343753636 0.209742192276 0.111818261507 0.0939889597629 0.588073315937 0.0691924269998 0.0727238594362 111.29410034 102.483918116 102.410760224 0.239215527324 0.535906128394 0.3423554342 0.0765488439271 1.47381679868
-9999.0 -9999.0 -9999.0 -9999.0 -9999.0 -9999.0 -9999.0 -9999.0 -9999.0 -9999.0 -9999.0 -9999.0 -9999.0 -9999.0 0.731139080123 0.709897509076 1.40287235111 2.09596103888 0.939485557239 1.07462212925 1.98648880012 2.89029920808 4.60343945566 5.43620643416 6.13099104894 8.26238632812 8.91687063415 9.65961061287 0.734494531604 6.82384353976 7.40079636002 7.98448984782 0.493962180337 0.400883946759 0.677802115068 568.191075414 568.368915623 569.406944155 2.86714368266 0.481385368458 0.533900353083 0.192512816253 0.167460573007 0.664606808364 0.796962545863 0.13178089324 111.605969281 0.0946291660155 0.123023052233 0.131386350471 0.106315230727 0.199766009583 0.0851417775517 0.991292496408
-9999.0 -9999.0 -9999.0 -9999.0 -9999.0 -9999.0 -9999.0 -9999.0 -9999.0 -9999.0 -9999.0 -9999.0 -9999.0 -9999.0 -9999.0 0.690327778013 1.35421325781 0.64779684392 1.35223725381 8.15195115255 8.91140057774 9.77130281089 0.843558297298 0.846413704335 1.53988163618 2.28215787555 3.56050800477 4.26064442745 4.7671272652 5.43981964243 0.537086974049 0.540996463101 9.10359214657 9.52058029834 9.76587944362 9.9869470441 8.00601172447 578.250395533 582.348732432 582.53366794 583.212138749 583.935168503 584.162300163 0.0618517638991 0.857775611662 111.662722979 0.119592360824 0.061060178304 0.081272659596 0.0852942139764 0.144209416846 0.125771073795 0.0719891605143 0.106050938237
-9999.0 -9999.0 -9999.0 -9999.0 -9999.0 -9999.0 -9999.0 -9999.0 -9999.0 -9999.0 -9999.0 -9999.0 -9999.0 -9999.0 -9999.0 -9999.0 2.00904892067 2.66849301687 4.6493998886 6.09487095385 0.749288926122 11.4732187939 12.2940784926 13.0586657298 0.729458501724 1.44142202231 0.61837725073 4.80450301462 5.22591676124 5.92284118994 6.69933407716 8.31340122436 8.6327135703 0.208330572068 7.20277314122 7.61301423916 7.80563846083 8.65694847366 1.05027611749 0.625847108773 0.357443953069 0.31704963676 584.615594796 584.691643335 585.897164022 111.713108035 0.367822613398 0.203350025716 0.137354340221 0.0456732075606 0.407700733667 0.207252020552 0.0646558880949 0.352399094814
-9999.0 -9999.0 -9999.0 -9999.0 -9999.0 -9999.0 -9999.0 -9999.0 -9999.0 -9999.0 -9999.0 -9999.0 -9999.0 -9999.0 -9999.0 -9999.0 0.679537365005 3.33468691727 4.02505462739 0.780294836379 0.906996780526 1.85765652282 2.72836757715 16.5783498463 0.734334370489 2.93421235354 3.57810251928 4.20687910344 0.506910816813 1.11537432505 1.49518315493 5.66462708142 6.38087243472 6.56591949084 0.218992091861 0.203240426315 0.240108619383 0.453131935619 0.235194878978 0.253098846403 0.165651399232 0.253245264451 0.0805279821542 0.294145180907 585.979579681 697.898778954 0.644074737408 0.183823166362 0.0671866655746 1.23889756764 1.13922945558 0.663387317905 0.593861001553 0.442765795926
-9999.0 -9999.0 -9999.0 -9999.0 -9999.0 -9999.0 -9999.0 -9999.0 -9999.0 -9999.0 -9999.0 -9999.0 -9999.0 -9999.0 -9999.0 0.608543818388 1.90324260006 0.618803922201 0.881450973719 0.972133206009 1.8762047077 2.78342714599 3.51175634859 20.6783664363 21.390004466 0.727521297562 1.37466685789 2.03413312377 2.51366063767 3.10460778081 5.09030141961 5.44836677262 0.48453948022 0.310431008782 0.137586361013 0.0991212962482 0.330198583883 0.301129792102 0.431679745681 0.482715107584 0.862345244517 0.346297433706 0.098950646679 0.0981821765411 0.0732331742847 0.136799471157 702.863943811 4.19797148321 1.58046142782 0.197583748546 0.0997779443331 0.0563044644945 0.174600772633 0.112720184669
-9999.0 -9999.0 -9999.0 -9999.0 -9999.0 -9999.0 -9999.0 -9999.0 -9999.0 -9999.0 -9999.0 -9999.0 -9999.0 -9999.0 0.638177940872 1.23564798819 4.3424883196 0.584164933788 1.58958661553 2.54345449172 3.43463756461 0.910728343727 1.71264707635 2.36773199946 24.2996561598 0.696039655789 1.30783453645 1.96098295104 0.631190445899 1.25843709588 1.72657149142 2.08597519269 43.5520475943 44.2132612707 44.867083357 46.7676395569 47.2784209275 48.4840907007 0.868674554173 1.77831865065 1.07280245799 52.903766558 53.072522029 0.0895097679853 0.143415356627 0.195693069071 702.937188352 3.91721196864 1.87881389517 1.74303418045 1.32659044259 1.14772688052 0.229079359501 0.0580787522104
-9999.0 -9999.0 -9999.0 -9999.0 -9999.0 -9999.0 -9999.0 -9999.0 -9999.0 -9999.0 -9999.0 -9999.0 -9999.0 -9999.0 0.649267581495 1.96342244516 6.94956903135 10.2753894488 0.52949708609 13.3395778891 17.3731506571 0.864854323481 1.66482923092 2.3582771741 30.9765901119 31.5022009318 0.430713454863 2.83802408395 3.27578577465 3.80350116854 39.7632705288 40.7143044826 41.1498616044 0.201180452693 1.296245331 1.51154739545 0.48602425618 0.65700688212 49.463582634 51.5158446289 51.6402904046 51.7572526469 53.2110253694 0.0677128669735 0.0592192252652 0.305597104026 703.025910516 0.302874392924 0.163292116313 0.310161151451 0.0826686968457 0.998968652758 0.826519313348 0.499307253917
-9999.0 -9999.0 -9999.0 -9999.0 -9999.0 -9999.0 -9999.0 -9999.0 -9999.0 -9999.0 -9999.0 -9999.0 -9999.0 -9999.0 -9999.0 -9999.0 1.36261056201 2.7335930124 12.1363533848 12.7847795901 17.9498363274 18.5544355413 0.837985284174 1.67529268199 3.81535356002 31.9655903755 32.8452589051 33.1816980863 0.26659474754 34.4761722424 35.4791835945 0.581824255854 0.204016557465 0.400984870386 0.767341096336 0.178828454149 0.338932498918 0.724512076803 0.871668789742 0.162647766861 0.110019218613 0.210588019939 54.2886771618 54.6556142414 54.707318019 55.1654648679 703.099909993 0.251972246231 0.141362698905 0.0632404910804 0.0614516870888 0.0629445995921 0.0543238023154 0.102014260296
-9999.0 -9999.0 -9999.0 -9999.0 -9999.0 -9999.0 -9999.0 -9999.0 -9999.0 -9999.0 -9999.0 -9999.0 -9999.0 -9999.0 -9999.0 -9999.0 0.70783229065 0.692173372429 0.668023111556 1.28256564392 0.557988053895 19.6722192337 20.2273796096 0.73643612783 1.48218198294 0.568071117836 0.419687075801 0.404739816233 33.92741552 0.345568062612 0.688924519607 0.304679029853 0.220529909303 0.188287569945 0.141941897578 0.147657519372 0.442033469488 0.604238341119 0.115005955688 0.103525796092 0.221029027234 0.36602561511 0.535971250904 0.195607595749 54.8007091202 55.2184789171 703.161508055 0.650414006901 0.273402821039 0.0390397650134 0.0934379783523 0.0326620085038 0.025262772907 0.129403880672
-9999.0 -9999.0 -9999.0 -9999.0 -9999.0 -9999.0 -9999.0 -9999.0 -9999.0 -9999.0 -9999.0 -9999.0 -9999.0 -9999.0 -9999.0 -9999.0 -9999.0 -9999.0 0.683420742336 1.90355322657 2.44337432578 2.99145407897 20.7679516276 21.3186156424 21.8511508363 22.3906075808 22.7851242791 23.6116691412 23.9345041008 24.2627296439 24.5166393908 0.206666718141 0.186677481982 0.189548202753 0.634654534725 0.164424430273 0.151718731269 0.120304818582 0.344548757474 0.13619293169 0.10426299949 0.0969461334749 0.0805257946594 0.160724955508 0.23256095828 55.6957920621 759.562732999 0.121654078008 0.200908370908 0.0327457728964 0.182280994987 0.185478728218 0.0507801502773 0.672163854913
-9999.0 -9999.0 -9999.0 -9999.0 -9999.0 -9999.0 -9999.0 -9999.0 -9999.0 -9999.0 -9999.0 -9999.0 -9999.0 -9999.0 -9999.0 -9999.0 -9999.0 -9999.0 -9999.0 0.57408867906 4.52786831955 8.74409958408 9.29566475145 0.717831656892 1.44966401733 2.21455665751 2.79422266116 6.77101197552 7.00706009684 0.225844456999 0.212456306844 25.1969813614 25.6541630536 25.8226220029 0.751316990748 0.099289642255 0.234512556014 0.348523740793 1.06078067728 1.31410702853 1.5123557348 0.182346973106 0.253520505586 0.0842290037662 0.174876645208 0.0848356404497 759.706086152 0.0977904018787 0.400825294522 0.107149370549 0.33330768201 1.09457702717 1.19489735727 1.92265687055
-9999.0 -9999.0 -9999.0 -9999.0 -9999.0 -9999.0 -9999.0 -9999.0 -9999.0 -9999.0 -9999.0 -9999.0 -9999.0 -9999.0 -9999.0 -9999.0 -9999.0 -9999.0 0.636038047651 2.02515642866 3.96556454914 5.18142645066 13.0103617466 13.6507077365 1.58736557483 2.35804758167 3.03548148305 3.57408327179 7.29622744512 7.77469707312 14.3648274876 14.9278140381 15.3176695909 25.974561773 27.0754847668 0.23455752765 0.148320989891 0.140641074905 0.264688134949 0.122583448461 1.75625501446 1.85003126324 0.352088536497 0.584137610651 0.27820782785 161.822710163 162.01715571 921.799243905 922.323677761 0.115328319311 0.571919151849 0.297511746915 0.180756302745 2.2586925227
-9999.0 -9999.0 -9999.0 -9999.0 -9999.0 -9999.0 -9999.0 -9999.0 -9999.0 -9999.0 -9999.0 -9999.0 -9999.0 -9999.0 -9999.0 -9999.0 -9999.0 -9999.0 -9999.0 0.723845677765 0.702499599078 1.3284629678 3.15320347853 14.2329132075 0.815018532887 0.808154343601 1.44122605652 2.1335701887 5.2748201646 5.70331536034 0.380294401676 0.324831217737 15.5408608593 15.7088568319 43.143957839 43.4048493589 0.0813744646094 0.072537830684 0.0595713266812 0.0600907624907 0.0672915779222 159.639089347 160.183680119 160.859974703 161.274742391 161.626156556 0.094994426581 0.350236237495 0.407659089837 922.88353723 922.940658311 922.977724603 923.085769374 923.241004417
-9999.0 -9999.0 -9999.0 -9999.0 -9999.0 -9999.0 -9999.0 -9999.0 -9999.0 -9999.0 -9999.0 -9999.0 -9999.0 -9999.0 -9999.0 -9999.0 -9999.0 -9999.0 -9999.0 -9999.0 0.644969926077 0.674401180637 1.25128691147 16.6788730811 17.2515923754 0.797529041829 1.44072097204 2.14382257295 2.75967668615 0.564878190115 0.995696518318 38.860441836 39.0613577701 39.4618277264 40.9779604389 84.5278948805 156.148520817 156.35019481 156.525548789 156.696048623 157.452895735 157.698362156 0.467444465293 0.211744332563 0.125193876582 0.235640381299 0.175015482777 0.276754726681 0.0842957773215 1.98319396465 2.38149356711 2.69324232054 2.7211166483 923.271239109
-9999.0 -9999.0 -9999.0 -9999.0 -9999.0 -9999.0 -9999.0 -9999.0 -9999.0 -9999.0 -9999.0 -9999.0 -9999.0 -9999.0 -9999.0 -9999.0 -9999.0 -9999.0 -9999.0 -9999.0 -9999.0 0.657522025221 1.25907050588 1.86410032502 17.7590455778 0.569432136258 24.161048954 24.876234713 25.4719163362 25.9865477276 36.9985516095 37.4613049981 0.175483682162 1.1671636498 1.34886182499 0.173228911088 71.4253486125 71.1087068727 0.0966714511118 0.221505461665 0.59924874459 0.133032903062 0.140965312328 0.107847604356 0.0918277102274 0.0723878739922 0.0834412358297 1.71479875057 1.80070378166 1.91548274044 0.335956709975 0.24513382376 2.83876175758 2.88089323441
-9999.0 -9999.0 -9999.0 -9999.0 -9999.0 -9999.0 -9999.0 -9999.0 -9999.0 -9999.0 -9999.0 -9999.0 -9999.0 -9999.0 -9999.0 -9999.0 -9999.0 -9999.0 -9999.0 -9999.0 -9999.0 0.601249232049 0.563382443154 2.91809606342 21.8204483522 22.9552203992 23.5145130421 0.572185242469 9.51543571835 10.0899726468 10.3727254249 0.423313776125 0.632052113072 0.801622659852 16.2269178273 16.3690364549 16.4874659316 70.8978284007 44.0329892368 0.120632679385 0.128355042631 0.123286764959 0.0975386835914 1.03622367785 1.24365762252 1.42645526785 1.52744050553 1.62472296789 14.8641358091 14.9741736927 15.1943304417 15.5882803641 16.556017086 16.5851643469
-9999.0 -9999.0 -9999.0 -9999.0 -9999.0 -9999.0 -9999.0 -9999.0 -9999.0 -9999.0 -9999.0 -9999.0 -9999.0 -9999.0 -9999.0 -9999.0 -9999.0 -9999.0 -9999.0 -9999.0 -9999.0 -9999.0 1.17625262384 1.79247563717 0.601032803039 0.823086875499 7.53687420639 8.10869756948 8.49792472713 3.25004597775 3.63533495361 4.02583576145 4.24167785609 15.9116759772 16.110051098 9.97426648425 26.6116180795 26.7507452317 43.9347640288 0.263035744455 0.133310571853 0.0955348470368 0.721419815462 0.842991602784 0.0764503636701 0.0720069128104 14.5355583534 14.7117697224 14.7974203157 0.147433151272 0.253932343504 16.4057575583 0.0460216373307 0.205054706704
-9999.0 -9999.0 -9999.0 -9999.0 -9999.0 -9999.0 -9999.0 -9999.0 -9999.0 -9999.0 -9999.0 -9999.0 -9999.0 -9999.0 -9999.0 -9999.0 -9999.0 -9999.0 -9999.0 -9999.0 -9999.0 -9999.0 0.589468231866 1.16562118602 4.78119311718 5.38892394113 6.01515391117 2.44306907387 2.86813207003 0.391356796889 10.8457409213 11.1814798057 11.4762772648 0.227168780815 9.60555159312 9.81148125932 0.14709442469 43.2473740073 0.298600723233 0.149114605815 0.393447925711 0.527205011952 0.100870669748 0.0833178485885 13.6469128054 14.3752284217 14.4786846697 0.107082247611 0.236545742889 0.297609276138 0.391659916168 0.687417210131 0.0771472545168 0.168863688859
