data/baseflow/History/mHMbfrc307
ncols                  80
nrows                 72
xllcorner      4374000.0
yllcorner      5656000.0
cellsize            500
NODATA_value       -9999
[rows 24 to 47 of 72, columns 0 to 53 of 80]
-9999.0 -9999.0 -9999.0 -9999.0 -9999.0 -9999.0 -9999.0 -9999.0 -9999.0 -9999.0 -9999.0 -9999.0 1.2730297533 3.61605840641 4.74648000099 8.15804093297 1.01766145672 2.06422694533 3.03858973103 11.6011025137 12.4119666747 13.0411051793 13.7587641542 14.5527138649 22.4748325501 24.7515787011 25.9557708481 0.484146000429 2.77497070907 3.21653904903 48.7807549341 50.3568279935 51.0640465177 51.7847934939 52.4256489339 195.394142346 0.252631351016 409.215947075 0.733255041027 0.316265510104 3.07714272292 2.66288876773 0.357373449097 1.45482055267 2.23459515047 2.2129414581 1.47421347423 2.40611418098 3.77241003174 1.3179087017 3.44432188035 0.254605940971 0.388515286057 0.0907154571149
-9999.0 -9999.0 -9999.0 -9999.0 -9999.0 -9999.0 -9999.0 -9999.0 -9999.0 -9999.0 -9999.0 -9999.0 1.23004519736 2.42988907093 1.12933783418 2.28297470792 1.02007694371 7.71646912353 9.6684181136 10.6699031536 0.916505168075 1.75369815679 17.1118845756 21.144664131 21.8043816485 1.55735028091 1.40967418188 2.01984076355 0.383556654602 0.344376799168 0.642052900507 0.29951372936 24.7775362098 25.0990156505 25.3852324458 195.76513002 411.748114721 409.557145192 0.480613199315 0.215273763014 0.190676503628 0.747274911021 0.576591313967 1.73917731739 2.59132837134 5.22727457281 0.417382234861 0.413155678427 4.11233895697 4.47152219062 8.53951319302 8.77562982465 9.26476609555 9.43546860703
-9999.0 -9999.0 -9999.0 -9999.0 -9999.0 -9999.0 -9999.0 -9999.0 -9999.0 -9999.0 -9999.0 -9999.0 -9999.0 1.14966033105 2.30452081884 3.46435646348 5.59718925358 1.10586172027 1.00847124093 6.86238306563 7.78607120992 15.5235598377 16.4625717685 2.61645272097 0.866062301695 0.77458878875 0.68097431343 22.6668955569 23.124126206 23.5378924037 23.8631963118 24.4802520422 3.89574406884 4.21559458001 29.8711020628 637.573780528 1.78975585184 1.4830799631 0.737466221379 0.187161145065 0.151908653611 1.12035039259 1.24101184952 2.02637880061 0.137761173305 5.40054262319 0.650186757414 0.630755432534 0.113587967016 0.0796264736633 0.0733516380187 0.0883233953359 0.0777788186284 9.52872776851
-9999.0 -9999.0 -9999.0 -9999.0 -9999.0 -9999.0 -9999.0 -9999.0 -9999.0 -9999.0 -9999.0 -9999.0 -9999.0 -9999.0 1.14284263964 2.11272478229 2.97780939089 3.84662628586 4.85438368982 5.8925710118 3.00938888083 5.02349084117 0.920327888179 0.887360938539 18.7820377849 20.4807842564 21.2482109715 22.0655828951 0.576442451638 1.02724874863 2.72097772463 3.1843853124 3.56677761787 0.394852780104 0.296373126518 638.454075567 0.306502508091 0.450601712007 0.216687390017 0.712152234655 0.333633441276 0.186579974158 3.45869661452 3.62313485998 0.111424456487 5.53208737619 6.27192798097 0.724021540632 134.206074718 134.008520867 133.829938403 133.430625628 133.259285387 130.51247279
-9999.0 -9999.0 -9999.0 -9999.0 -9999.0 -9999.0 -9999.0 -9999.0 -9999.0 -9999.0 -9999.0 -9999.0 -9999.0 -9999.0 0.205955098462 0.474451519723 0.85202695777 7.33979265014 8.37619356245 1.05360807518 1.01506424319 1.01027268301 15.1375299454 17.0819410991 0.939587474035 0.947430799111 0.721454238738 2.97114840597 3.67192581741 1.75791615382 2.23617813808 17.5274057909 18.0023783729 18.957411276 29.5851602589 668.270688557 0.295102765229 0.170740531429 1.06009546435 0.884092885958 0.152146611425 0.506238682985 0.660876163418 3.80018379207 3.94195831784 10.5111761956 6.34332001016 0.790607538255 136.86429262 1.23420930713 133.661428378 133.55384374 2.58960869423 0.163472278434
-9999.0 -9999.0 -9999.0 -9999.0 -9999.0 -9999.0 -9999.0 -9999.0 -9999.0 -9999.0 -9999.0 -9999.0 -9999.0 -9999.0 1.05366256544 1.71823139648 3.64586640373 6.33223876849 9.14563999556 11.2196116602 12.2232194334 13.2496342464 14.2406041276 0.952083479011 0.856284367142 1.67039768196 1.50309410847 0.771836687531 15.4071683176 16.0798833128 16.6846459085 17.2687513032 9.2957677173 9.72470975551 10.2612975386 668.477029855 0.533397216448 0.509946807227 1.70750375928 0.155881841697 0.321296875706 0.172714961652 0.138800186477 0.806358500025 0.107206500028 0.116412503699 148.087496741 137.488533515 137.364805913 0.54714452645 1.15333966837 0.731188997625 0.163234771936 2.28603824663
-9999.0 -9999.0 -9999.0 -9999.0 -9999.0 -9999.0 -9999.0 -9999.0 -9999.0 -9999.0 -9999.0 -9999.0 -9999.0 -9999.0 0.737795495572 0.671541194706 1.30862073829 2.02230322737 1.07779018327 1.14960487157 2.20421705951 3.23733583513 5.17365315808 6.13994774558 6.98113391186 9.52895079588 10.2874748306 11.1134684106 0.703667350373 7.38576489063 7.95932700029 8.49005309651 0.388993542362 0.202805829244 0.370766089516 678.854236568 679.047391169 679.941499008 2.18128838968 0.338994320816 0.476577053378 0.128950866621 0.23851566561 0.914560991898 1.11012455053 0.204410764912 148.628447085 0.182017908718 0.30092869749 0.337818606757 0.246739037781 0.44063862771 0.175487371451 1.53324166971
-9999.0 -9999.0 -9999.0 -9999.0 -9999.0 -9999.0 -9999.0 -9999.0 -9999.0 -9999.0 -9999.0 -9999.0 -9999.0 -9999.0 -9999.0 0.624375589677 1.24171902538 0.631842093339 1.32639702377 8.39699281754 9.32216518251 10.3119336587 0.973231526597 0.972142623872 1.81042414626 2.67645750434 4.13969427741 4.90515262566 5.35212794503 6.01635744121 0.506548563211 0.457352832472 9.15786825396 9.40019724639 9.59319620282 9.79336417613 7.86731319439 688.647803902 692.00002732 692.15172955 692.750264338 693.371969955 693.737223136 0.096618881325 1.19746603969 148.72713367 0.234087239269 0.121287173375 0.13578898174 0.128284672919 0.217409124647 0.202468182722 0.123658450947 0.205465730647
-9999.0 -9999.0 -9999.0 -9999.0 -9999.0 -9999.0 -9999.0 -9999.0 -9999.0 -9999.0 -9999.0 -9999.0 -9999.0 -9999.0 -9999.0 -9999.0 1.85111893751 2.54819978509 4.61586486911 6.2969737459 0.940570103145 12.3593254889 13.3202267592 14.2287412611 0.874554859177 1.70989702346 0.721480676585 5.66153795104 6.06199098026 6.69653299967 7.28660002224 8.64615602955 8.88381225335 0.152502021869 7.09480819676 7.49157680798 7.68371523837 8.50149710006 0.976433108938 0.603459259846 0.353179796105 0.327987091366 694.124792753 694.305745441 696.325572681 148.820359527 0.635417653461 0.326087972854 0.218073775561 0.0608990911572 0.642016957751 0.341206158738 0.102092697997 0.584872653512
-9999.0 -9999.0 -9999.0 -9999.0 -9999.0 -9999.0 -9999.0 -9999.0 -9999.0 -9999.0 -9999.0 -9999.0 -9999.0 -9999.0 -9999.0 -9999.0 0.691881564302 3.22835593962 3.9622833294 0.991973510596 1.04131849847 2.10457933436 3.0769375067 18.2383786183 0.859512079356 3.4693774007 4.22524942806 4.9762811907 0.431040179369 1.00199672116 1.30297457071 5.787651311 6.36609622629 6.54691173301 0.206913371136 0.194651003473 0.23283230551 0.433064899956 0.180671157809 0.18288084078 0.25476404002 0.199647392907 0.254594234806 0.70095352176 696.534250652 845.805541227 0.778644596302 0.127482737539 0.06251063946 2.00557835985 1.86672722824 1.11448652954 1.00120659119 0.745785549555
-9999.0 -9999.0 -9999.0 -9999.0 -9999.0 -9999.0 -9999.0 -9999.0 -9999.0 -9999.0 -9999.0 -9999.0 -9999.0 -9999.0 -9999.0 0.55143192609 1.88531729295 0.637397871196 1.11366787212 1.14641959592 2.21065956363 3.25698145257 4.16717405054 23.1094207951 23.9304316957 0.849074873825 1.60509934646 2.37170178252 2.91648343111 3.50075177012 5.1517216659 5.57901349142 0.341427109241 0.281436988263 0.208073830368 0.29041571583 0.267309520378 0.333486852848 0.263406680293 0.328080769273 0.895907469958 0.418721630674 0.167997318779 0.160251895419 0.152675139587 0.279377365535 851.37313781 4.65782377356 2.36026484287 0.198955635814 0.0856311170414 0.0671855091252 0.239037590832 0.164394377303
-9999.0 -9999.0 -9999.0 -9999.0 -9999.0 -9999.0 -9999.0 -9999.0 -9999.0 -9999.0 -9999.0 -9999.0 -9999.0 -9999.0 0.586533758143 1.12056021057 4.1667577409 0.596890589035 2.05185957279 3.16993117827 4.20903119013 1.07654743342 2.0136511636 2.85934121201 27.4458068073 0.790570341107 1.48497211051 2.20407255559 0.628053307053 1.23957012622 1.54549439471 1.93089836907 50.6751264859 51.2693796791 51.7743694127 54.331429299 55.1435532135 57.0360499233 0.420919569596 0.959962829982 1.08577794498 62.2028432121 62.5094332812 0.144335969224 0.24418107653 0.338968735073 851.525013883 4.43293556552 1.81480987284 1.7104213604 1.50098323244 1.37662582669 0.316891343545 0.0776118226019
-9999.0 -9999.0 -9999.0 -9999.0 -9999.0 -9999.0 -9999.0 -9999.0 -9999.0 -9999.0 -9999.0 -9999.0 -9999.0 -9999.0 0.605717342744 1.8194335378 6.58226296528 9.65530758322 0.52665769368 12.7726149218 17.6750820637 1.01678683454 1.94624784138 2.83550889711 35.4360135995 36.1131588162 0.631692422611 3.48883568136 4.06465437382 4.56706501343 46.6551613841 47.7868555112 48.4711110298 0.327230569127 1.821918856 2.16856993343 0.940698814987 1.35995413487 58.8412148644 60.3639855239 60.6747445207 60.9633949226 62.8002194281 0.140027762564 0.11613119417 0.545491654533 851.678606767 0.154575101176 0.0425354887671 0.123950049469 0.0489840463889 1.23446047779 1.0680204955 0.629855654231
-9999.0 -9999.0 -9999.0 -9999.0 -9999.0 -9999.0 -9999.0 -9999.0 -9999.0 -9999.0 -9999.0 -9999.0 -9999.0 -9999.0 -9999.0 -9999.0 1.26554214714 2.53375581908 11.4558260645 12.1264354599 18.2510426887 18.9508899634 0.991433222338 1.98244907907 4.58980872002 36.7100193564 38.0635911877 38.6075132472 0.432697960433 40.5627547302 41.7223432175 0.739844609705 0.332368097187 0.62986690918 1.22546701985 0.294616685213 0.58382357381 1.23270240012 1.54765808761 0.294687029287 0.179379172924 0.353154910102 64.0728981833 64.4388603855 64.5354008348 65.3635701532 851.81360685 0.0913534635264 0.0258571323598 0.03202031373 0.0307454384231 0.0319678054797 0.0258200324675 0.046511817925
-9999.0 -9999.0 -9999.0 -9999.0 -9999.0 -9999.0 -9999.0 -9999.0 -9999.0 -9999.0 -9999.0 -9999.0 -9999.0 -9999.0 -9999.0 -9999.0 0.659796515106 0.642541469666 0.646692189953 1.36679224876 0.601111602218 20.1415670138 20.7789346002 0.901978803615 1.78961946596 0.834081838613 0.676401624812 0.654506514668 39.7311656294 0.385574952497 0.776438427032 0.403601734668 0.340087440452 0.302353806016 0.224385997174 0.235681401776 0.715328358932 0.984096226466 0.17675796099 0.148482364848 0.322980514174 0.548301025635 0.692149282821 0.176953163211 64.7023864771 65.4620650993 851.908862366 0.255293559673 0.0843912758702 0.0137361173044 0.0402267476733 0.00985262634008 0.00645797149085 0.0540473207404
-9999.0 -9999.0 -9999.0 -9999.0 -9999.0 -9999.0 -9999.0 -9999.0 -9999.0 -9999.0 -9999.0 -9999.0 -9999.0 -9999.0 -9999.0 -9999.0 -9999.0 -9999.0 0.633712777162 1.94554859587 2.46162213696 3.03749084223 21.3464460081 21.9301587231 22.5352118784 23.2749588386 23.9103345396 25.2372484613 25.6157580427 25.9714258183 26.2716740747 0.290862382957 0.265480599366 0.2889233953 0.999396540578 0.268063832674 0.248654750564 0.18591741339 0.530024459162 0.210450192498 0.14986510439 0.136114797799 0.107810589882 0.214988245176 0.306155092267 66.0866446177 918.35506276 0.0745721910095 0.159676421921 0.00995299499195 0.051867435651 0.0239478356359 0.013033538785 0.562508201889
-9999.0 -9999.0 -9999.0 -9999.0 -9999.0 -9999.0 -9999.0 -9999.0 -9999.0 -9999.0 -9999.0 -9999.0 -9999.0 -9999.0 -9999.0 -9999.0 -9999.0 -9999.0 -9999.0 0.518688776189 4.18927025131 8.37249499588 8.99190276485 0.935572921654 1.83784504033 2.72808863485 3.42528785365 8.24133686697 8.56259938067 0.308687223874 0.298684840945 26.8830348387 27.4036613841 27.6395401556 1.17833486753 0.162990319556 0.42167208712 0.613599439623 1.80820826423 2.2015671797 2.4841585893 0.252685338407 0.341075332234 0.111436182726 0.217169755196 0.110706829796 918.573878403 0.0653750123479 0.282009453539 0.0847475593959 0.176030621885 0.474001722018 0.522054662026 1.12095838959
-9999.0 -9999.0 -9999.0 -9999.0 -9999.0 -9999.0 -9999.0 -9999.0 -9999.0 -9999.0 -9999.0 -9999.0 -9999.0 -9999.0 -9999.0 -9999.0 -9999.0 -9999.0 0.588523161436 1.8887181614 3.68275806097 4.7962883802 12.4234614419 13.2046612314 1.86130083534 2.76640294349 3.51040781701 4.20836949426 8.90892036295 9.54712004532 16.7014571687 17.2174371639 17.485186214 27.8894188765 29.6883892514 0.414118461501 0.282632067594 0.266953651551 0.501303151896 0.218150470465 2.88680847384 3.01914093496 0.444737957568 0.551655469761 0.0953610547735 182.748572055 182.970438579 1101.70593547 1102.11890358 0.0657016355598 0.317502947869 0.0918493720019 0.0796814716436 1.27049109361
-9999.0 -9999.0 -9999.0 -9999.0 -9999.0 -9999.0 -9999.0 -9999.0 -9999.0 -9999.0 -9999.0 -9999.0 -9999.0 -9999.0 -9999.0 -9999.0 -9999.0 -9999.0 -9999.0 0.680348945871 0.657503750405 1.23202584867 2.90909796153 13.7783172502 0.955527795393 0.944743122113 1.67711029874 2.4411044903 5.81746547586 6.27635248946 0.336999060339 0.352766911485 17.8443928117 18.1152408512 48.0299295643 48.2238608469 0.136410257202 0.116335704325 0.0907903558818 0.0919151096434 0.0960429527985 180.494693764 181.26439373 181.936197145 182.145761325 182.649919801 0.119300089368 0.422990523399 0.5074265876 1102.83456671 1102.90892017 1103.04440811 1103.15220883 1103.26752167
-9999.0 -9999.0 -9999.0 -9999.0 -9999.0 -9999.0 -9999.0 -9999.0 -9999.0 -9999.0 -9999.0 -9999.0 -9999.0 -9999.0 -9999.0 -9999.0 -9999.0 -9999.0 -9999.0 -9999.0 0.594480825921 0.626680495826 1.15389599461 16.0348389029 16.6934831805 0.926166390279 1.65755520096 2.44318335203 2.98426257168 0.454110944151 0.836617101538 38.6422226 38.9249554738 39.1886918879 41.2741478383 89.7239052496 174.8553294 175.199342812 175.498968744 175.782563251 176.955927602 177.343116982 0.656275788525 0.283377225126 0.173691870236 0.321973505583 0.206432969367 0.336861541331 0.102496464309 2.50007194756 2.74685117609 2.92087697797 2.95177119581 1103.3324956
-9999.0 -9999.0 -9999.0 -9999.0 -9999.0 -9999.0 -9999.0 -9999.0 -9999.0 -9999.0 -9999.0 -9999.0 -9999.0 -9999.0 -9999.0 -9999.0 -9999.0 -9999.0 -9999.0 -9999.0 -9999.0 0.606603597124 1.15808768063 1.71394114313 17.1751891627 0.709653863103 23.7443106015 24.5523199169 24.9954531932 25.4215931747 36.991036322 37.4298405091 0.316426171823 1.57684998265 1.89418844733 0.304877932629 84.7905910708 84.2512644543 0.151719837441 0.358845083186 0.940764239385 0.207102696509 0.208927176321 0.140235711046 0.108390381548 0.0780936192321 0.0926728615792 2.185982711 2.28207197591 2.4049678121 0.172144186511 0.117566451301 3.01999747467 3.06624351146
-9999.0 -9999.0 -9999.0 -9999.0 -9999.0 -9999.0 -9999.0 -9999.0 -9999.0 -9999.0 -9999.0 -9999.0 -9999.0 -9999.0 -9999.0 -9999.0 -9999.0 -9999.0 -9999.0 -9999.0 -9999.0 0.546555987625 0.509615211882 2.65481743982 20.9889517328 22.2949012872 23.0287573527 0.779452499264 10.4982090345 10.9486078101 11.1629688661 0.410441033461 0.762437309576 1.06534474145 20.1288862865 20.3501478239 20.5341965746 83.9122660199 51.0560946892 0.204299201265 0.199107289752 0.188740257985 0.131554822208 1.37625555116 1.6319083338 1.84868312481 1.96878719806 2.08303082018 16.7093680416 16.784577005 16.8869283616 17.0998712995 17.890844705 17.9197142327
-9999.0 -9999.0 -9999.0 -9999.0 -9999.0 -9999.0 -9999.0 -9999.0 -9999.0 -9999.0 -9999.0 -9999.0 -9999.0 -9999.0 -9999.0 -9999.0 -9999.0 -9999.0 -9999.0 -9999.0 -9999.0 -9999.0 1.0666614632 1.63609579989 0.65561094876 0.942469066916 7.88174760874 8.67753253486 9.22047943721 4.16924166474 4.52100552739 4.90642250905 5.22003170523 19.631471106 19.9386797746 11.6716866439 32.4428831164 32.6623343647 50.8897955399 0.387829759374 0.189843181233 0.120510335034 0.957282882544 1.11997870813 0.0790328356839 0.071410792983 16.3520985545 16.544234179 16.6388131922 0.101163521879 0.150153369824 17.7862915312 0.0724308417142 0.224439827044
-9999.0 -9999.0 -9999.0 -9999.0 -9999.0 -9999.0 -9999.0 -9999.0 -9999.0 -9999.0 -9999.0 -9999.0 -9999.0 -9999.0 -9999.0 -9999.0 -9999.0 -9999.0 -9999.0 -9999.0 -9999.0 -9999.0 0.535162057595 1.0586055764 4.65195286298 5.34538212707 6.14608233056 3.18891334026 3.79031376665 0.408130044155 13.4354214103 13.7829341579 14.1074423058 0.314617564107 11.1074524148 11.4271119792 0.221889948771 49.8423619686 0.459630432694 0.225630415888 0.524208246266 0.714859769408 0.12581357858 0.0948430238842 15.3524059101 16.1775233843 16.2980047257 0.120616519081 0.224348367647 0.27903954285 0.320089740411 0.626375143144 0.0787808707134 0.185597694633
