data/baseflow/History/mHMbfrc369
ncols                  80
nrows                 72
xllcorner      4374000.0
yllcorner      5656000.0
cellsize            500
NODATA_value       -9999
[rows 0 to 23 of 72, columns 0 to 53 of 80]
-9999.0 -9999.0 -9999.0 -9999.0 -9999.0 -9999.0 -9999.0 -9999.0 -9999.0 -9999.0 -9999.0 -9999.0 0.768017985614 0.812344535047 -9999.0 -9999.0 -9999.0 -9999.0 -9999.0 -9999.0 -9999.0 -9999.0 -9999.0 -9999.0 -9999.0 -9999.0 -9999.0 -9999.0 -9999.0 -9999.0 -9999.0 -9999.0 -9999.0 -9999.0 -9999.0 -9999.0 -9999.0 -9999.0 -9999.0 -9999.0 -9999.0 -9999.0 -9999.0 -9999.0 -9999.0 -9999.0 -9999.0 -9999.0 -9999.0 -9999.0 -9999.0 -9999.0 -9999.0 -9999.0
-9999.0 -9999.0 -9999.0 -9999.0 -9999.0 -9999.0 -9999.0 -9999.0 -9999.0 -9999.0 -9999.0 -9999.0 1.50645152482 3.77150761989 0.700413388161 -9999.0 0.610037499844 -9999.0 -9999.0 -9999.0 -9999.0 -9999.0 -9999.0 -9999.0 -9999.0 -9999.0 -9999.0 -9999.0 -9999.0 -9999.0 -9999.0 -9999.0 -9999.0 -9999.0 -9999.0 -9999.0 -9999.0 -9999.0 -9999.0 -9999.0 -9999.0 -9999.0 -9999.0 -9999.0 -9999.0 -9999.0 -9999.0 -9999.0 -9999.0 -9999.0 -9999.0 -9999.0 -9999.0 -9999.0
-9999.0 -9999.0 -9999.0 -9999.0 -9999.0 -9999.0 -9999.0 -9999.0 -9999.0 -9999.0 0.654274544241 0.632473582328 0.681999784985 0.680268276645 5.0207303419 5.6871410343 1.69149298506 0.539034247301 -9999.0 -9999.0 -9999.0 -9999.0 -9999.0 -9999.0 -9999.0 -9999.0 -9999.0 -9999.0 -9999.0 -9999.0 -9999.0 -9999.0 -9999.0 -9999.0 -9999.0 -9999.0 -9999.0 -9999.0 -9999.0 -9999.0 -9999.0 -9999.0 -9999.0 -9999.0 -9999.0 -9999.0 -9999.0 -9999.0 -9999.0 -9999.0 -9999.0 -9999.0 -9999.0 -9999.0
-9999.0 -9999.0 -9999.0 -9999.0 -9999.0 -9999.0 -9999.0 -9999.0 -9999.0 0.627350050615 1.28864457452 2.56025467751 1.30186750021 0.627448242032 1.22436838307 6.26776481415 9.20805130082 0.610355893595 -9999.0 0.649915761695 -9999.0 -9999.0 -9999.0 -9999.0 1.17075491424 0.596670760168 -9999.0 -9999.0 -9999.0 -9999.0 -9999.0 -9999.0 -9999.0 -9999.0 -9999.0 -9999.0 -9999.0 -9999.0 -9999.0 -9999.0 -9999.0 -9999.0 -9999.0 -9999.0 -9999.0 -9999.0 -9999.0 -9999.0 -9999.0 -9999.0 -9999.0 -9999.0 -9999.0 -9999.0
-9999.0 -9999.0 -9999.0 -9999.0 -9999.0 -9999.0 -9999.0 -9999.0 0.748945543351 2.0566231555 2.65845572825 3.26787953238 4.45151953347 0.55858458815 2.30615709469 2.83979251244 13.2377620139 0.565437021942 0.494295204081 1.18933940202 1.71655734597 0.562665201333 -9999.0 3.03864424082 2.49696780758 0.682246891728 -9999.0 -9999.0 -9999.0 -9999.0 -9999.0 -9999.0 -9999.0 -9999.0 -9999.0 -9999.0 -9999.0 -9999.0 -9999.0 -9999.0 -9999.0 -9999.0 -9999.0 -9999.0 -9999.0 -9999.0 -9999.0 -9999.0 -9999.0 -9999.0 -9999.0 -9999.0 -9999.0 -9999.0
-9999.0 -9999.0 -9999.0 -9999.0 -9999.0 -9999.0 0.730030989726 0.64653526452 0.616151871286 0.634393703366 0.656845590847 4.606276294 9.68571702216 10.2946734512 10.7388700613 0.407065468694 14.2029429635 14.7125824138 1.03230459378 0.537175225491 2.22990737975 3.87388213241 0.589962269522 4.8435104189 0.575773179655 0.605321038862 0.595841569718 -9999.0 -9999.0 -9999.0 -9999.0 -9999.0 -9999.0 -9999.0 -9999.0 -9999.0 -9999.0 -9999.0 -9999.0 -9999.0 -9999.0 -9999.0 -9999.0 -9999.0 -9999.0 -9999.0 -9999.0 -9999.0 -9999.0 -9999.0 -9999.0 -9999.0 -9999.0 -9999.0
-9999.0 -9999.0 -9999.0 -9999.0 -9999.0 -9999.0 1.45286662671 2.12703009796 4.76305313395 6.57879753872 0.547574349989 0.571097903281 0.548870030749 1.60924126892 12.8285491267 0.39590483961 15.1746270214 17.0771389607 1.5117721137 0.984030751889 4.34171349392 0.531566785461 5.35846356372 1.04049756192 0.51960140222 1.10048207971 1.18438509051 0.608899917775 0.621919690055 0.593926705384 0.662023962406 1.32011515885 -9999.0 -9999.0 -9999.0 -9999.0 -9999.0 -9999.0 -9999.0 -9999.0 -9999.0 -9999.0 -9999.0 -9999.0 -9999.0 -9999.0 -9999.0 -9999.0 -9999.0 -9999.0 -9999.0 -9999.0 -9999.0 -9999.0
-9999.0 -9999.0 -9999.0 -9999.0 -9999.0 0.812441528895 1.55278895003 0.732223150855 1.41411126522 7.27736568576 8.48618333616 9.676030467 31.520072131 0.539438378591 13.3643978815 49.251865712 49.6025588788 67.3154799183 0.411090674682 1.43368787973 4.81205192349 0.461782265315 11.2919206002 5.43933237192 3.37465849196 2.83970248871 0.577264437972 1.79088891393 1.79046662095 1.1874127727 0.567654174869 1.9129867004 0.552601058746 0.53421120138 -9999.0 -9999.0 -9999.0 -9999.0 -9999.0 -9999.0 -9999.0 -9999.0 -9999.0 -9999.0 -9999.0 -9999.0 -9999.0 -9999.0 -9999.0 -9999.0 -9999.0 -9999.0 -9999.0 -9999.0
-9999.0 -9999.0 -9999.0 -9999.0 -9999.0 0.805021360995 2.31948810984 4.62536004457 5.31201218572 10.4756265677 11.113289448 13.1470191756 21.3103369442 33.2479583787 34.4372244702 34.9987741639 0.933320133761 69.0045657064 69.8471807445 72.2365873197 90.274311001 12.7610322917 11.8251246119 3.89201838353 0.505072756565 3.33746251391 2.29982640419 0.476830302249 2.3099356587 0.502306580967 1.04803848846 2.96804846601 3.50285012663 1.05057232164 0.523631194852 0.492278757693 -9999.0 -9999.0 -9999.0 -9999.0 0.560430089972 0.497324711908 -9999.0 -9999.0 -9999.0 -9999.0 -9999.0 -9999.0 -9999.0 -9999.0 -9999.0 -9999.0 -9999.0 -9999.0
-9999.0 -9999.0 -9999.0 -9999.0 -9999.0 0.765834593431 0.720959986861 3.06066250933 3.76871592618 4.50708284019 0.695913111634 1.37076575965 7.7596095632 1.43905304882 0.657875048984 0.57752861965 0.51144540876 0.598808846006 0.550448834537 0.577571467141 90.7925780187 92.2035772124 0.459667419563 1.44652677876 1.00101554535 3.81871321278 0.972639295174 0.458375073333 2.84540800329 0.971317902585 2.31933404676 6.01220620269 5.59212207034 1.56211812287 1.50940694517 0.525274696807 0.515979385967 -9999.0 -9999.0 0.513032492527 1.19146386083 2.74212561705 0.533702514386 -9999.0 -9999.0 -9999.0 -9999.0 -9999.0 -9999.0 -9999.0 -9999.0 -9999.0 -9999.0 -9999.0
-9999.0 -9999.0 -9999.0 -9999.0 -9999.0 -9999.0 0.801720414581 0.817104541778 1.50410213893 2.22182848409 5.02163306356 6.41425313127 7.13915651404 0.776352731851 0.563121662177 7.65020067682 9.37831899355 9.89860577183 12.1352215769 12.617578547 0.490825783183 92.7101178884 95.0415758174 1.83787206403 0.238342554391 4.20073853252 9.33374586615 3.74716034681 0.889856310622 0.444629486378 9.23207962016 6.48962335706 0.45693318686 0.454682434936 1.98445099825 1.52795088181 0.483069342349 0.45306511665 0.499833424566 0.995379404576 0.468160917906 3.33963977088 3.79059755849 0.409681981726 -9999.0 -9999.0 -9999.0 -9999.0 0.484670596658 0.446230122139 0.103220811059 -9999.0 -9999.0 -9999.0
-9999.0 -9999.0 -9999.0 -9999.0 -9999.0 -9999.0 -9999.0 0.76520038216 0.645802691679 1.40247267367 2.14531213777 0.699634745374 0.629947205025 4.01012045141 5.26612178736 6.56130411011 0.616941690346 1.15864860425 0.595814709772 13.1410687205 29.6877046997 30.2376096282 126.312309408 0.459811937329 0.696837448754 0.205875614649 9.76452196902 0.445374679363 1.34651750011 0.436707329149 9.67703136408 10.1249102696 0.921678326204 0.898194348691 4.98607907456 2.50520030524 0.955194391835 0.497127459915 0.991215818332 1.47741714264 2.38466890795 0.43167338406 4.61096300155 5.01760421709 0.366550136845 0.394726884915 0.411047778086 0.369211933943 0.348507853574 1.30224570684 0.441601670806 0.266467317759 -9999.0 -9999.0
-9999.0 -9999.0 -9999.0 -9999.0 -9999.0 -9999.0 -9999.0 -9999.0 1.38873782112 1.95920937391 0.68597257143 1.41469253148 2.09271945947 3.43860238208 0.69605363091 0.654696742584 0.544626609914 0.549351213215 0.483708846296 15.4576923189 0.622316076687 1.19559551095 128.135461703 129.383237522 0.502389705709 1.69982831475 11.8870748438 0.862258943255 1.72996982418 0.785606990083 1.16656528125 11.8373743573 1.3233497877 7.12034093089 5.83857867426 0.433277096603 2.36424570546 0.961663540737 1.4279766835 0.429719052948 2.81215787829 3.64974942267 4.00662779593 4.34258467051 6.39797438929 0.697164230871 0.734773998858 0.66492477318 0.618869601515 1.60384350683 0.29438127905 1.01125838527 1.26180316299 -9999.0
-9999.0 -9999.0 -9999.0 -9999.0 -9999.0 -9999.0 -9999.0 -9999.0 0.74812663555 3.43887718629 4.09815526013 0.657478791429 1.29490853568 0.634581628584 0.579514674222 0.568280938707 7.31240911766 9.7903259015 12.2238557444 14.8585086284 0.663395874726 0.593092358682 0.606357260636 132.162032969 133.588194837 134.129162791 15.9064192275 3.47386082001 2.99724882601 0.362582096023 1.5135981169 13.7226737526 0.36236871138 7.49592547676 0.421610584189 3.01978346648 2.84287075057 0.451587107921 1.86477604203 0.859945057314 1.27576497381 0.393748360802 0.32520397151 4.67367276772 4.97340393031 6.69676461057 1.05572209121 0.967974027156 0.906164799877 1.923485151 2.52354331877 0.299363275416 1.53634833052 0.297420246331
-9999.0 -9999.0 -9999.0 -9999.0 -9999.0 -9999.0 -9999.0 -9999.0 -9999.0 0.789582472606 4.82032070968 5.46058946728 1.93653741247 3.21450141251 4.40162763847 5.01377351627 0.653561307447 1.91636960487 1.30796634675 0.693613223405 0.677531544161 0.580492791546 1.16860710846 2.01045158488 0.740435304202 151.349747006 151.872351543 0.480417446222 0.357034751886 0.729439326422 1.09196389103 14.8106719499 0.72244180424 7.8204086193 4.54468293269 3.7717521757 0.419028423495 0.851274082217 2.24262207618 0.378284388506 1.63587789964 0.761159657579 0.519717006488 0.19772490033 5.66849294719 12.6087754033 1.27160742191 1.18853712811 1.15252636378 0.243079535752 2.76267894154 0.230217764198 2.05906823346 0.242646373768
-9999.0 -9999.0 -9999.0 -9999.0 -9999.0 -9999.0 -9999.0 -9999.0 -9999.0 -9999.0 0.663482290358 6.79522135596 0.633237997686 1.27081304844 1.84706926622 2.97621655215 0.583471021852 1.23969657231 0.617158931894 0.562631166887 0.537610589243 1.06407877435 0.470328815637 0.551421239254 1.11948902168 0.639591461314 152.471646908 153.492105694 154.913286391 1.49660300583 0.361103214537 0.719960897497 15.1978791416 14.1930305288 5.3487929492 0.391346132714 1.66107212599 1.25108913757 2.62201251504 0.753575318894 3.14436067682 1.13234609828 0.813350493022 0.115175100471 0.22296949397 12.9355955884 13.2283168321 15.929157239 1.92837681504 0.507947790891 3.02907438276 3.51843829895 5.79533168931 0.484498414593
-9999.0 -9999.0 -9999.0 -9999.0 -9999.0 -9999.0 -9999.0 -9999.0 -9999.0 -9999.0 -9999.0 0.310374324003 7.43394626601 0.600054790071 1.16717406341 5.26860914151 0.589609666787 0.578240043348 0.505413380248 1.10054399181 0.566489042883 2.19085922287 3.14514654425 3.57340967921 1.54719141839 1.98570354638 0.50784975909 0.617482548275 0.589029044238 157.340296643 158.424832816 15.5428599329 14.8712503657 14.5380518811 0.677787336872 0.324353265642 2.01314049929 5.34308120322 2.97852333292 1.10199887942 4.59833169832 1.5135450595 1.18655047916 0.209816488034 0.0890138181777 0.086498416439 0.120114982016 16.6340400706 19.3671012776 0.242612638077 0.213326696911 0.23979688467 6.01617079198 6.69690553536
-9999.0 -9999.0 -9999.0 -9999.0 -9999.0 -9999.0 -9999.0 -9999.0 -9999.0 -9999.0 -9999.0 0.275520496823 8.12113405803 10.0599456259 0.579500611855 6.40659074581 0.530582279388 0.492982548303 1.02375184444 2.66186933702 0.530342093222 0.575948535542 0.465738489798 4.49598822898 4.93237893124 7.40262561209 8.33732947906 8.80475287455 9.29287554733 9.75873071935 168.721496541 185.095592129 200.764664634 201.176624594 0.360531402129 0.332437748967 6.05337731607 5.70132959292 0.347446309452 0.344725244708 4.93508299331 6.81411725393 0.267143431596 2.95996428588 2.77963408769 0.511747007752 0.264685624336 0.465283214442 0.322901007863 19.8909194668 0.264643542035 0.685027069319 0.869749371133 8.11879477686
-9999.0 -9999.0 -9999.0 -9999.0 -9999.0 -9999.0 -9999.0 -9999.0 -9999.0 -9999.0 -9999.0 0.715653390866 1.37742998579 10.6964742024 11.7631131447 0.544012339301 7.553480905 0.432042838428 1.354246857 3.12770931271 1.0125201638 0.477839636953 1.01774572005 0.4010569751 0.771484485454 0.371583796349 0.327511297023 0.230069038967 0.200618474054 0.191373962225 0.197230395428 0.313524572851 0.424856596049 0.533080298913 202.472138027 7.34137756336 6.70086231592 0.298734442638 0.990764090344 0.216039560584 0.178207540562 7.13463838472 11.0788319987 3.3352325558 2.59328122831 0.311242192872 0.130268646092 0.110586507152 0.340721316178 20.5079923978 21.0073464016 0.262248568199 0.266097842929 0.198267611305
-9999.0 -9999.0 -9999.0 -9999.0 -9999.0 -9999.0 -9999.0 -9999.0 -9999.0 -9999.0 -9999.0 -9999.0 0.568638602704 8.55999989036 20.907886681 22.7244665215 30.8231874831 31.4251230682 7.03025855691 5.11059771832 1.50271834675 0.465588775892 1.94341962152 2.39278947251 3.55101753531 0.77482845412 0.693188827344 0.608190393517 1.17406097959 0.545426567484 0.52643665045 0.244676382589 0.109392303834 0.164613102078 202.862963321 210.394712374 210.789281469 0.312936813627 2.6795575811 1.06002625884 0.342451657076 12.2333546004 0.836913255116 0.438900039944 1.78518751942 0.32370612487 0.263254633696 0.495533851162 0.702490421806 0.9476822773 21.4206539828 0.191527835303 0.161410809019 0.160535535656
-9999.0 -9999.0 -9999.0 -9999.0 -9999.0 -9999.0 -9999.0 -9999.0 -9999.0 -9999.0 -9999.0 0.653776788357 6.54595315496 7.94564114134 1.27277937696 0.343866821214 0.775364416519 32.7102608052 33.2345337986 40.8432759827 0.40856735384 0.866931463275 0.37047076484 0.378991731066 3.93345600417 5.08879859939 6.12742684305 0.332372513878 1.51242797222 2.38641788728 1.38764322307 0.558698560415 0.331319222762 0.279920030425 0.307098626796 0.200545714155 211.126086181 211.389069756 214.585401031 0.567552303416 0.298625251307 12.5994764578 0.867479356929 0.458128724251 0.510026401478 0.505617257751 0.423756255521 0.715220730553 2.01950898446 3.24055343537 24.8573192719 0.136482871372 0.410431425091 0.278028461948
-9999.0 -9999.0 -9999.0 -9999.0 -9999.0 -9999.0 -9999.0 -9999.0 -9999.0 -9999.0 -9999.0 0.67545180239 4.67447468011 0.725809739055 0.611203847989 3.29176839827 3.83053691232 4.36149165774 4.82761204648 56.0572076278 56.455487699 57.2610636961 63.6605677578 64.8145972662 65.4520885808 65.8617277195 72.6643700829 73.4616152063 73.830090354 76.6219150627 78.4081705776 78.7280312105 79.5882285623 0.564047578384 0.455561595467 0.0892877433733 0.122018220889 211.677979938 215.690066369 0.856170836116 14.8639873015 14.5755869049 1.60166790468 0.370557415778 0.373064043032 0.354201047348 0.357651240172 0.725982157741 1.03145429528 0.302019522706 25.0432319257 25.2441635864 26.0984538417 26.2549637743
-9999.0 -9999.0 -9999.0 -9999.0 -9999.0 -9999.0 -9999.0 -9999.0 -9999.0 -9999.0 -9999.0 2.4602279564 3.24674178154 1.48240029072 2.18668266583 0.690784747788 7.7754891493 8.35549558394 9.50883845208 9.90952870633 3.69498717326 61.6353989956 62.028621072 0.369116208948 0.234797820595 0.182857106353 0.446460626065 0.202281249006 0.121883872863 0.100940587748 0.130847698504 78.9737539829 79.8651391835 80.7911008726 81.5353838324 81.9717883174 0.184578890539 0.0616414019884 231.304570907 15.3794088447 15.1763734418 0.313592803754 0.295982792909 0.265468155975 0.636311219218 0.619397684025 0.265301202197 0.268581904079 0.23200890492 0.523533709964 0.68285142917 0.129162057187 0.228978584189 0.0762251281489
-9999.0 -9999.0 -9999.0 -9999.0 -9999.0 -9999.0 -9999.0 -9999.0 -9999.0 -9999.0 -9999.0 -9999.0 1.68382721648 0.770827042311 0.693653400035 6.61131418906 7.22718611839 0.613597479768 2.38303572761 2.91617369229 3.34210416214 0.502969667109 0.3714476685 9.58957498437 9.89689226138 10.1747296315 26.8062914363 26.9870555255 27.2331894953 29.1043019822 29.8121142058 29.9031783388 0.0759628532626 0.0848934984631 0.104460229859 82.3393616938 0.134128623424 233.78556107 233.561003035 2.04919871488 1.78676821563 1.15741944909 0.285222157998 0.527435751339 0.905318988418 0.890544857618 0.514000609597 0.252345210501 0.47937358272 0.449357717619 0.859637302904 0.0878175902326 0.304694535432 0.516608165443
