data/baseflow/History/mHMbfrc275
ncols                  80
nrows                 72
xllcorner      4374000.0
yllcorner      5656000.0
cellsize            500
NODATA_value       -9999
[rows 24 to 47 of 72, columns 0 to 54 of 80]
-9999.0 -9999.0 -9999.0 -9999.0 -9999.0 -9999.0 -9999.0 -9999.0 -9999.0 -9999.0 -9999.0 -9999.0 1.19846263427 3.32179275623 4.34370443753 7.38922399917 0.861896560096 1.76641795965 2.61973826662 10.3334104875 11.143418879 11.9458593765 12.6085344841 13.2064349132 20.0286913683 21.8531347555 22.9506888512 0.529267525257 2.56262701659 3.10378295522 44.6835639128 47.181791278 48.4817548458 49.8326382579 50.7752028386 187.013780512 0.0927777639387 354.986590538 0.575711495703 0.3232692825 3.78684885226 3.21662496152 0.554020036852 1.7031963882 2.56122260173 2.50157461677 1.73965493906 2.85703884637 4.51351818305 1.699907333 4.17641742032 0.419384685075 0.699958416767 0.134503347381 0.0998160551026
-9999.0 -9999.0 -9999.0 -9999.0 -9999.0 -9999.0 -9999.0 -9999.0 -9999.0 -9999.0 -9999.0 -9999.0 1.1185113488 2.21575543865 1.04114319385 2.06501474114 0.887071751855 6.91403878604 8.62606000495 9.50793668395 0.829047240343 1.64947252766 15.0621102941 18.8963174306 19.5345162528 1.28451879725 1.08358023532 1.62499955722 0.474897611391 0.436284991352 0.834175271413 0.339667348818 21.5391734139 21.9625932761 22.1329615777 187.28854081 357.048424504 355.226203453 0.48984679313 0.260578044324 0.245870499852 1.22247569005 0.984312024138 2.25858607337 3.10551297731 6.16854161175 0.557873356148 0.553411498305 5.03504252834 5.58191612051 10.670081778 10.9376199571 11.7655439621 12.0087614041 0.203829523854
-9999.0 -9999.0 -9999.0 -9999.0 -9999.0 -9999.0 -9999.0 -9999.0 -9999.0 -9999.0 -9999.0 -9999.0 -9999.0 1.04826122115 2.10906299683 3.18113317727 5.05451803032 0.967008539913 0.879439046189 5.61831790434 6.44720964993 13.4023176483 14.2922480133 2.48464687853 0.777517767699 0.622930090103 0.532944100649 19.0789507226 19.5183868279 19.9896733239 20.4064536874 21.1344635424 4.31073314677 4.50756665143 26.7788826424 571.283050519 1.59357927634 1.2667467343 0.723468808942 0.207315761322 0.201776356511 1.66586379475 1.80771989448 2.69548746308 0.24055377504 6.50287148936 1.00488876334 0.989373895653 0.239230542662 0.140547331298 0.107902712786 0.084852914075 0.108108187343 12.1317537889 147.028606839
-9999.0 -9999.0 -9999.0 -9999.0 -9999.0 -9999.0 -9999.0 -9999.0 -9999.0 -9999.0 -9999.0 -9999.0 -9999.0 -9999.0 1.00909593447 1.76050140869 2.39135205812 2.99695110588 3.86875735066 4.77266217263 2.62759456366 4.43624097089 0.869394546772 0.812012891793 15.638768907 17.1968757211 17.9292429935 18.6420063204 0.493287097119 0.907720442708 2.67837159453 3.2877459449 3.87735782244 0.269485544423 0.120452129736 571.894252178 0.278627655715 0.351178983855 0.176547859859 0.758163995178 0.382486405003 0.1556078161 4.65981733056 4.7600640864 0.0990098185182 6.60424354983 7.72648579997 1.10297562641 151.892704598 151.549510679 151.291398953 150.864207236 150.709351022 147.970760866 147.892076491
-9999.0 -9999.0 -9999.0 -9999.0 -9999.0 -9999.0 -9999.0 -9999.0 -9999.0 -9999.0 -9999.0 -9999.0 -9999.0 -9999.0 0.177363485131 0.38084136349 0.62205782018 5.77623270446 6.65576549884 0.900979992506 0.890492572369 0.898739286022 12.3263140797 14.0862599364 0.864510552249 0.862930122061 0.691573327594 2.91996649028 3.65976169651 1.63503110795 2.25066494691 16.8418337839 17.4584977358 18.1566528932 28.7229353047 600.796779784 0.227493740967 0.140286116872 1.09379716431 0.93874343476 0.131886247607 0.43212075416 0.571295243925 4.88869501846 4.99048897235 12.9884736968 7.80382721192 1.27713092791 154.526836912 0.825976613979 151.078327719 150.975947588 2.57650817977 0.155453521763 0.712341533793
-9999.0 -9999.0 -9999.0 -9999.0 -9999.0 -9999.0 -9999.0 -9999.0 -9999.0 -9999.0 -9999.0 -9999.0 -9999.0 -9999.0 0.86086104289 1.42531826898 2.91141495376 5.01192501714 7.18807055467 8.85033199929 9.72364256112 10.6285072336 11.5218271358 0.858327352916 0.782668744763 1.53462780794 1.44725547902 0.779309925166 14.4012981385 15.1188821343 15.7956113223 16.4476805464 9.73789464596 10.1645535976 10.447096106 600.955807405 0.431114495509 0.287366136925 1.55571789045 0.188098039924 0.248558640383 0.12178871744 0.131627417798 0.686994571385 0.0882014149685 0.0908945719235 167.971879477 154.915700259 154.826785672 0.336220855171 0.736136488117 0.493345791538 0.126762678487 2.34367243831 0.684340314032
-9999.0 -9999.0 -9999.0 -9999.0 -9999.0 -9999.0 -9999.0 -9999.0 -9999.0 -9999.0 -9999.0 -9999.0 -9999.0 -9999.0 0.587433574901 0.549718105608 1.08343681571 1.62601553218 0.892685432232 1.0438138967 1.97747617414 2.88698379205 4.64427055902 5.50007109812 6.23347525656 8.54368974895 9.25188889697 10.0633491562 0.726011458907 7.08815687941 7.7652152865 8.47659420529 0.662502011495 0.477202130895 0.753503305905 612.22540233 612.37256058 613.030126946 2.14299897262 0.411729048138 0.348564816811 0.115041763736 0.233514752006 0.789693469104 0.965271695688 0.166014865725 168.343411157 0.102514602777 0.167041917507 0.193176021259 0.126183351855 0.270317110444 0.112982890004 1.51559105885 1.2334937236
-9999.0 -9999.0 -9999.0 -9999.0 -9999.0 -9999.0 -9999.0 -9999.0 -9999.0 -9999.0 -9999.0 -9999.0 -9999.0 -9999.0 -9999.0 0.522895476838 1.01966779547 0.471993476411 0.992810003097 6.34523343474 7.0719909339 7.92381650795 0.870880154361 0.866761983406 1.59697230581 2.3793137044 3.73635591375 4.46884247421 4.97063245628 5.65985326811 0.598794777735 0.599423792618 9.44095197976 9.8894481097 10.1320887574 10.3501786592 8.65738269102 622.583595268 625.942678473 626.127844695 626.631378727 627.29454833 627.586266386 0.0791422699614 1.04833061042 168.409428099 0.163309941231 0.0835527503408 0.0729084142264 0.07229010006 0.138310969656 0.16640470023 0.0959821223923 0.143571212535 0.14610656703
-9999.0 -9999.0 -9999.0 -9999.0 -9999.0 -9999.0 -9999.0 -9999.0 -9999.0 -9999.0 -9999.0 -9999.0 -9999.0 -9999.0 -9999.0 -9999.0 1.51292926091 2.00834681336 3.53683302544 4.79147425739 0.708980079797 9.60118097701 10.4407951596 11.2109890612 0.753000477469 1.479571241 0.648938065141 5.01547695398 5.48516275312 6.14135545895 6.79058731746 8.51887032856 8.89030084576 0.230427580778 7.85754263834 8.27541792209 8.45822631938 9.38945482447 1.05105044231 0.616355623614 0.357471263782 0.351641457784 627.812881226 627.888111426 629.48155011 168.466416784 0.453373083647 0.232037525508 0.146663530916 0.060485752926 0.486723677296 0.273675892103 0.0856283497955 0.481721872859 0.408275193776
-9999.0 -9999.0 -9999.0 -9999.0 -9999.0 -9999.0 -9999.0 -9999.0 -9999.0 -9999.0 -9999.0 -9999.0 -9999.0 -9999.0 -9999.0 -9999.0 0.501596805733 2.51163190103 3.05935755217 0.73210409942 0.896214489159 1.85280839499 2.73391488381 14.7348786598 0.748773883731 3.01660296872 3.69789477892 4.37281571475 0.483032470859 1.0937233978 1.57123661484 6.13204661371 7.0100560917 7.20799608039 0.223334925933 0.221637986051 0.286989032124 0.539548147446 0.246555132372 0.24914737224 0.247126179016 0.303729515647 0.27022024069 0.492377160836 629.57261516 798.275606878 0.530851771453 0.119431813742 0.0562243145639 1.58206498469 1.45053436279 0.877880822096 0.79226599259 0.601547006882 0.139009040648
-9999.0 -9999.0 -9999.0 -9999.0 -9999.0 -9999.0 -9999.0 -9999.0 -9999.0 -9999.0 -9999.0 -9999.0 -9999.0 -9999.0 -9999.0 0.42935561135 1.36167486801 0.434909610073 0.859482827296 0.953650806449 1.85889156208 2.76108586979 3.48372362479 18.6811142435 19.3844927111 0.72724889419 1.3969165395 2.07699852337 2.66225681338 3.31820440553 5.50874084063 5.88485681945 0.61947913236 0.397324502172 0.283210147462 0.163546413124 0.228626098845 0.285111145456 0.268787997747 0.454734373655 0.768793037351 0.394889978916 0.0744536149192 0.0708611645704 0.0889254469588 0.169787523883 803.366054073 4.4067290817 1.81522318593 0.113141463066 0.049525413055 0.0473848431424 0.193215658181 0.142835670732 0.0775459918747
-9999.0 -9999.0 -9999.0 -9999.0 -9999.0 -9999.0 -9999.0 -9999.0 -9999.0 -9999.0 -9999.0 -9999.0 -9999.0 -9999.0 0.459862636767 0.873889648805 3.04678826691 0.370431945596 1.4391597075 2.35558593453 3.21271949004 0.901885629767 1.69225128281 2.29075837063 22.1053344329 0.677569917678 1.29108998497 1.9452792204 0.652388710346 1.30240025423 1.87962591864 2.26409428855 41.8183057849 42.4828831671 42.9782482226 44.7203610005 45.4364642573 46.7931508437 0.353874582255 0.907617324116 0.877685367655 50.5000700817 50.6526655374 0.0663502444369 0.137020142348 0.204395176382 803.401124119 4.10834712973 2.16143235048 2.1017692917 1.48937699536 1.23455755765 0.256347464308 0.056438377737 0.125829695715
-9999.0 -9999.0 -9999.0 -9999.0 -9999.0 -9999.0 -9999.0 -9999.0 -9999.0 -9999.0 -9999.0 -9999.0 -9999.0 -9999.0 0.480820770593 1.43934319267 4.95776435706 7.29531367386 0.315761310913 9.33722190101 12.9890449374 0.82989444207 1.60110109362 2.25492871922 28.4909507819 28.9383426983 0.437109740732 2.83766679168 3.30598339308 3.86404937573 37.4519285985 38.6447861925 39.1536471022 0.229458230786 1.32109256005 1.55456092332 0.58667624031 0.80350504773 47.9862149821 49.2222482652 49.3840625656 49.5330656611 50.8322680896 0.0884447362056 0.081315440418 0.349884421568 803.443474214 0.0738593246643 0.186239378505 0.562409768843 0.209505652314 1.14254879599 0.802528838691 0.474045576308 0.35642706686
-9999.0 -9999.0 -9999.0 -9999.0 -9999.0 -9999.0 -9999.0 -9999.0 -9999.0 -9999.0 -9999.0 -9999.0 -9999.0 -9999.0 -9999.0 -9999.0 0.987777603999 1.95417048386 8.54163635088 8.99186486989 13.371746852 13.8101850645 0.832578786755 1.66598186687 3.76439034613 29.2497446163 30.0912422431 30.4124360952 0.277188915343 31.7652714607 33.0188358144 0.717558861198 0.233203784856 0.470368236768 0.897802583329 0.216021339861 0.413724272207 0.884059322513 1.06543674653 0.196147942989 0.134660630704 0.256494300952 51.9420363703 52.2767457203 52.3466442443 52.8911511855 803.481193659 0.0486605446831 0.141416903421 0.164743393439 0.161001414572 0.164364431769 0.148688746853 0.282212771151 0.0403111252772
-9999.0 -9999.0 -9999.0 -9999.0 -9999.0 -9999.0 -9999.0 -9999.0 -9999.0 -9999.0 -9999.0 -9999.0 -9999.0 -9999.0 -9999.0 -9999.0 0.508139424532 0.489651915827 0.466014347751 0.878149385939 0.364046347393 14.5455066248 14.9486315593 0.698118417221 1.44450558668 0.558307993507 0.417474344254 0.398054183671 31.1759917982 0.412819757261 0.862320758162 0.368894535259 0.267767751471 0.212443274182 0.166320149415 0.173746549358 0.543376273399 0.748741436985 0.145426845324 0.122538743004 0.268404269493 0.45045995473 0.695562519586 0.221525176601 52.4677937686 52.960265241 803.5009192 0.474463275222 0.377330193007 0.112812356709 0.257783414483 0.0985363474172 0.0831751283724 0.371304761894 0.22868072103
-9999.0 -9999.0 -9999.0 -9999.0 -9999.0 -9999.0 -9999.0 -9999.0 -9999.0 -9999.0 -9999.0 -9999.0 -9999.0 -9999.0 -9999.0 -9999.0 -9999.0 -9999.0 0.484565593028 1.29570623002 1.63480900773 1.99112157539 15.3196826356 15.7261421166 16.1233646247 16.5791140006 16.9640573503 17.773148372 18.1352464641 18.5294171844 18.8317519756 0.228974095171 0.221598095251 0.223373307214 0.747591568498 0.195740378996 0.190978665682 0.148454620898 0.435813617823 0.164447544376 0.128845090515 0.119399615253 0.10242748078 0.204375444566 0.300965538835 53.5702264586 857.572100832 0.0458614401423 0.0933545224886 0.0978913735297 0.359671813149 0.205805038528 0.16708020778 0.802329005782 0.397285542472
-9999.0 -9999.0 -9999.0 -9999.0 -9999.0 -9999.0 -9999.0 -9999.0 -9999.0 -9999.0 -9999.0 -9999.0 -9999.0 -9999.0 -9999.0 -9999.0 -9999.0 -9999.0 -9999.0 0.373866412055 3.17751110454 6.00860036846 6.36740271939 0.668684268598 1.38538798342 2.1277359112 2.68092321287 6.58447282494 6.83215252995 0.235128922367 0.242196489178 19.2992021884 19.730845743 19.9303976667 0.885450954488 0.10425169434 0.268461903906 0.402945303975 1.28264700902 1.59605213388 1.84330778508 0.226561457308 0.317640933837 0.108456744493 0.217730441166 0.113432675193 857.745156133 0.0370130391792 0.168131099972 0.142039020581 0.552623058593 0.95438261056 1.14880134886 1.97889269417 0.622386470531
-9999.0 -9999.0 -9999.0 -9999.0 -9999.0 -9999.0 -9999.0 -9999.0 -9999.0 -9999.0 -9999.0 -9999.0 -9999.0 -9999.0 -9999.0 -9999.0 -9999.0 -9999.0 0.441540696676 1.44504558574 2.80930242579 3.64273161329 8.95565666793 9.47066826548 1.55878214627 2.32441259357 2.99654145965 3.52424479011 7.1551083834 7.66172491007 14.4756116619 15.103128926 15.3103639 20.0960909148 21.343456704 0.245591313696 0.172796935735 0.160373047838 0.308238809408 0.146638927795 2.14375597723 2.26186482679 0.419802356966 0.567930658967 0.100387316387 149.451543369 149.684425336 1007.50003541 1007.69453973 0.0430329335868 0.643630326707 0.0572726244981 0.0510065729901 2.10804588575 2.78549258569
-9999.0 -9999.0 -9999.0 -9999.0 -9999.0 -9999.0 -9999.0 -9999.0 -9999.0 -9999.0 -9999.0 -9999.0 -9999.0 -9999.0 -9999.0 -9999.0 -9999.0 -9999.0 -9999.0 0.531201005976 0.514475692862 0.943110415827 2.21234606708 9.88985371817 0.802411266232 0.792335056852 1.42745553804 2.10310635626 5.31198541256 5.8039211972 0.502061660145 0.428008468423 15.5893365344 15.7314624663 37.2358602429 37.3678918192 0.0871580042784 0.0772826447223 0.0687359601363 0.0693393174842 0.0867294808503 147.035435952 147.755230146 148.526035511 148.840771968 149.327238428 0.128386551252 0.468051367288 0.54874103682 1008.38259283 1008.38472659 1008.44858772 1008.58503051 1008.7336701 2.86715951182
-9999.0 -9999.0 -9999.0 -9999.0 -9999.0 -9999.0 -9999.0 -9999.0 -9999.0 -9999.0 -9999.0 -9999.0 -9999.0 -9999.0 -9999.0 -9999.0 -9999.0 -9999.0 -9999.0 -9999.0 0.448978708219 0.481662919468 0.877508388293 11.5980724536 12.0275190275 0.772594182164 1.40217092174 2.09566438263 2.7794590409 0.622876971599 1.08307242438 30.3769547813 30.5683794293 30.8449104171 32.6765062063 70.2797597674 142.654792233 142.884757293 143.096430321 143.305432598 144.323108152 144.659007769 0.608494998443 0.267120933824 0.164522865244 0.308926898976 0.23168061588 0.369173633046 0.117931286167 2.52273535805 2.69970199029 2.83401530849 2.88075495161 1008.7470386 1011.66868535
-9999.0 -9999.0 -9999.0 -9999.0 -9999.0 -9999.0 -9999.0 -9999.0 -9999.0 -9999.0 -9999.0 -9999.0 -9999.0 -9999.0 -9999.0 -9999.0 -9999.0 -9999.0 -9999.0 -9999.0 -9999.0 0.460340052947 0.878145577371 1.30058062654 12.387428186 0.476127722559 17.2265764654 17.9282522882 18.5484093913 19.0365530901 28.3994449009 28.8726601119 0.193439395144 1.31384571159 1.56792685929 0.191535265258 72.1603608225 71.7898403128 0.125661179439 0.292053059383 0.807837954149 0.182300759645 0.191068159384 0.133053688146 0.115068929695 0.0900573080252 0.107885960684 2.1727847892 2.28954770188 2.42959650969 0.111822830852 0.0896423909032 2.93373463748 2.98541863998 3.02397132564
-9999.0 -9999.0 -9999.0 -9999.0 -9999.0 -9999.0 -9999.0 -9999.0 -9999.0 -9999.0 -9999.0 -9999.0 -9999.0 -9999.0 -9999.0 -9999.0 -9999.0 -9999.0 -9999.0 -9999.0 -9999.0 0.403702916127 0.378170354287 1.98189020545 15.1983187223 16.1018037363 16.6120071826 0.558077642408 7.88734924126 8.5376790077 8.87574175431 0.458971461513 0.686616961904 0.849852531667 15.9879843764 16.1480269801 16.2947801203 71.529599965 44.5459592231 0.156527462409 0.175132661961 0.168335584388 0.133115719683 1.30945512291 1.57043551307 1.79955138087 1.93037639708 2.05631528222 16.4170600411 16.5125894934 16.6721290997 17.1092375817 18.3093187128 18.3556794688 21.4293670004
-9999.0 -9999.0 -9999.0 -9999.0 -9999.0 -9999.0 -9999.0 -9999.0 -9999.0 -9999.0 -9999.0 -9999.0 -9999.0 -9999.0 -9999.0 -9999.0 -9999.0 -9999.0 -9999.0 -9999.0 -9999.0 -9999.0 0.792965123939 1.22528202609 0.437835266847 0.781898712524 5.90913514526 6.46851466095 6.85221436574 3.10942344277 3.56555714362 4.01643400387 4.24915028444 15.6448291285 15.8692324518 10.2271743073 26.6924736034 26.8493620696 44.4201709265 0.326495304458 0.171038389628 0.119546093354 0.892980578476 1.05222843544 0.0941379810063 0.0861764997731 16.0134446284 16.2271424497 16.3303527078 0.18853928878 0.310888728276 18.1786428502 0.07803163652 0.318409816909 0.358582483173
-9999.0 -9999.0 -9999.0 -9999.0 -9999.0 -9999.0 -9999.0 -9999.0 -9999.0 -9999.0 -9999.0 -9999.0 -9999.0 -9999.0 -9999.0 -9999.0 -9999.0 -9999.0 -9999.0 -9999.0 -9999.0 -9999.0 0.402596855368 0.792856605798 3.37143994771 3.85173244653 4.44872698857 2.25755396768 2.68648919778 0.439620640358 10.4424062831 10.8392368047 11.2013449949 0.245814259075 9.81404264834 10.049555196 0.174028902919 43.5745703095 0.370052447107 0.188125022095 0.474126283695 0.645748437526 0.13074901745 0.106533274012 14.9206040149 15.8260571451 15.947957577 0.134680910504 0.296663120722 0.374749882399 0.444550150757 0.899657383529 0.119199128857 0.260430977261 0.0577376837361
