data/baseflow/History/mHMbfrc318
ncols                  80
nrows                 72
xllcorner      4374000.0
yllcorner      5656000.0
cellsize            500
NODATA_value       -9999
[rows 0 to 23 of 72, columns 0 to 54 of 80]
-9999.0 -9999.0 -9999.0 -9999.0 -9999.0 -9999.0 -9999.0 -9999.0 -9999.0 -9999.0 -9999.0 -9999.0 1.18147790095 0.961649011999 -9999.0 -9999.0 -9999.0 -9999.0 -9999.0 -9999.0 -9999.0 -9999.0 -9999.0 -9999.0 -9999.0 -9999.0 -9999.0 -9999.0 -9999.0 -9999.0 -9999.0 -9999.0 -9999.0 -9999.0 -9999.0 -9999.0 -9999.0 -9999.0 -9999.0 -9999.0 -9999.0 -9999.0 -9999.0 -9999.0 -9999.0 -9999.0 -9999.0 -9999.0 -9999.0 -9999.0 -9999.0 -9999.0 -9999.0 -9999.0 -9999.0
-9999.0 -9999.0 -9999.0 -9999.0 -9999.0 -9999.0 -9999.0 -9999.0 -9999.0 -9999.0 -9999.0 -9999.0 2.38392591148 5.23584025674 0.839253481891 -9999.0 0.626487258622 -9999.0 -9999.0 -9999.0 -9999.0 -9999.0 -9999.0 -9999.0 -9999.0 -9999.0 -9999.0 -9999.0 -9999.0 -9999.0 -9999.0 -9999.0 -9999.0 -9999.0 -9999.0 -9999.0 -9999.0 -9999.0 -9999.0 -9999.0 -9999.0 -9999.0 -9999.0 -9999.0 -9999.0 -9999.0 -9999.0 -9999.0 -9999.0 -9999.0 -9999.0 -9999.0 -9999.0 -9999.0 -9999.0
-9999.0 -9999.0 -9999.0 -9999.0 -9999.0 -9999.0 -9999.0 -9999.0 -9999.0 -9999.0 1.171044669 1.13778191365 1.1708289732 1.12181204358 7.3680355969 8.29474846705 1.77978911079 0.566664159009 -9999.0 -9999.0 -9999.0 -9999.0 -9999.0 -9999.0 -9999.0 -9999.0 -9999.0 -9999.0 -9999.0 -9999.0 -9999.0 -9999.0 -9999.0 -9999.0 -9999.0 -9999.0 -9999.0 -9999.0 -9999.0 -9999.0 -9999.0 -9999.0 -9999.0 -9999.0 -9999.0 -9999.0 -9999.0 -9999.0 -9999.0 -9999.0 -9999.0 -9999.0 -9999.0 -9999.0 -9999.0
-9999.0 -9999.0 -9999.0 -9999.0 -9999.0 -9999.0 -9999.0 -9999.0 -9999.0 1.15566704372 2.29986887148 4.55556763464 2.24554295075 1.0885414244 2.11929025391 9.33755324283 12.6066058588 0.689570343871 -9999.0 1.11412912181 -9999.0 -9999.0 -9999.0 -9999.0 1.24229192437 0.619552594584 -9999.0 -9999.0 -9999.0 -9999.0 -9999.0 -9999.0 -9999.0 -9999.0 -9999.0 -9999.0 -9999.0 -9999.0 -9999.0 -9999.0 -9999.0 -9999.0 -9999.0 -9999.0 -9999.0 -9999.0 -9999.0 -9999.0 -9999.0 -9999.0 -9999.0 -9999.0 -9999.0 -9999.0 -9999.0
-9999.0 -9999.0 -9999.0 -9999.0 -9999.0 -9999.0 -9999.0 -9999.0 1.27311596925 3.63138724349 4.7298429636 5.8280208817 7.84147352742 1.01560732116 4.0990267137 5.09736072943 19.5444477499 0.983936404843 1.00778772557 2.10141770634 3.05821251533 0.997554234563 -9999.0 3.41713193839 2.7910630091 0.814340116099 -9999.0 -9999.0 -9999.0 -9999.0 -9999.0 -9999.0 -9999.0 -9999.0 -9999.0 -9999.0 -9999.0 -9999.0 -9999.0 -9999.0 -9999.0 -9999.0 -9999.0 -9999.0 -9999.0 -9999.0 -9999.0 -9999.0 -9999.0 -9999.0 -9999.0 -9999.0 -9999.0 -9999.0 -9999.0
-9999.0 -9999.0 -9999.0 -9999.0 -9999.0 -9999.0 1.30107325274 1.20417932129 1.14543932425 1.15908331726 1.15554512412 8.13647592709 17.0566139228 18.125679319 19.0226862041 0.856842409598 21.4005053527 22.3816082694 1.97672687124 0.959955134433 3.99221206088 6.92117221644 1.04000611075 6.52577879367 1.07502639852 1.07852156057 1.11665233745 -9999.0 -9999.0 -9999.0 -9999.0 -9999.0 -9999.0 -9999.0 -9999.0 -9999.0 -9999.0 -9999.0 -9999.0 -9999.0 -9999.0 -9999.0 -9999.0 -9999.0 -9999.0 -9999.0 -9999.0 -9999.0 -9999.0 -9999.0 -9999.0 -9999.0 -9999.0 -9999.0 -9999.0
-9999.0 -9999.0 -9999.0 -9999.0 -9999.0 -9999.0 2.55727657556 3.76062422932 8.47116699603 11.8531014943 1.04528775596 1.06078667197 1.01279516095 3.00878453215 22.9660379062 0.852039666014 23.3047942837 26.9058688301 2.86754044243 1.84759473398 7.81752995444 0.967680737299 7.48133685464 2.03426168702 1.0363943954 2.08656431406 2.19231425285 1.05357765292 1.06118981351 1.04553041674 1.08739131985 2.1890672352 -9999.0 -9999.0 -9999.0 -9999.0 -9999.0 -9999.0 -9999.0 -9999.0 -9999.0 -9999.0 -9999.0 -9999.0 -9999.0 -9999.0 -9999.0 -9999.0 -9999.0 -9999.0 -9999.0 -9999.0 -9999.0 -9999.0 -9999.0
-9999.0 -9999.0 -9999.0 -9999.0 -9999.0 1.33779450115 2.59930551384 1.23795411288 2.41265307897 13.0463470121 15.232702533 17.3812986552 54.3561725141 0.997534954541 23.9577129659 85.8381539729 86.5010447694 114.520261615 0.711066165424 2.74315292026 8.72392066732 0.900067781748 18.6973123105 10.2898678395 6.36187591771 5.33456692893 1.06865704084 3.13807044049 3.09100143257 2.06756316898 1.01430464888 3.23963010758 1.02263673479 1.01659362364 -9999.0 -9999.0 -9999.0 -9999.0 -9999.0 -9999.0 -9999.0 -9999.0 -9999.0 -9999.0 -9999.0 -9999.0 -9999.0 -9999.0 -9999.0 -9999.0 -9999.0 -9999.0 -9999.0 -9999.0 -9999.0
-9999.0 -9999.0 -9999.0 -9999.0 -9999.0 1.34093549294 3.89058465595 7.73875882679 8.90980102139 17.574168004 18.6819962903 22.1312802132 35.9804249542 57.1958030538 59.1898948557 60.121932352 1.72781860348 117.602913672 119.14794918 123.656763585 154.76920009 21.471508091 19.6581688873 7.31957117176 0.945196475401 6.13459585228 4.15494484492 0.981480816582 4.03133060903 0.895525018679 1.87258780569 5.18918460782 6.16979459182 1.99431250158 0.987737905725 0.98000651624 -9999.0 -9999.0 -9999.0 -9999.0 0.697699572334 0.578881169177 -9999.0 -9999.0 -9999.0 -9999.0 -9999.0 -9999.0 -9999.0 -9999.0 -9999.0 -9999.0 -9999.0 -9999.0 -9999.0
-9999.0 -9999.0 -9999.0 -9999.0 -9999.0 1.31039710452 1.24199696474 5.11993601719 6.30058618933 7.51829026642 1.16966867496 2.32263860893 13.1317545221 2.32771768873 1.09448201347 1.04275448168 0.944396489094 1.04913917758 0.997760053735 1.00540850593 155.720367391 158.459762117 0.897789059673 2.76856216517 1.8805166 7.08959560439 1.97338007731 0.968527658854 5.00511112422 1.75125664936 4.18623522496 10.8698187703 10.1065904316 2.97558818344 2.96165006186 0.985298798051 0.989829749087 -9999.0 -9999.0 0.992571442247 1.5801193681 3.37599136624 0.614436569766 -9999.0 -9999.0 -9999.0 -9999.0 -9999.0 -9999.0 -9999.0 -9999.0 -9999.0 -9999.0 -9999.0 -9999.0
-9999.0 -9999.0 -9999.0 -9999.0 -9999.0 -9999.0 1.32551209843 1.32467741823 2.55983871534 3.78851273195 8.52930660181 10.8932823833 12.065304542 1.24766382352 1.0124430059 13.3469798703 16.4105523267 17.3970232202 21.4019397257 22.3488747608 0.947640876119 159.399899341 163.928776346 3.61071578528 0.664538401209 7.93116826861 17.758958977 6.93375631899 1.80848195416 0.891291178343 16.7906385332 11.7795795596 0.91692672353 0.925801830061 3.90768128074 2.89943903764 0.964065254603 0.993988523828 0.955653650978 1.92717325179 0.935803251104 4.11149987297 5.06455366411 0.946470366255 -9999.0 -9999.0 -9999.0 -9999.0 1.05772402806 1.01883014094 0.239951396746 -9999.0 -9999.0 -9999.0 -9999.0
-9999.0 -9999.0 -9999.0 -9999.0 -9999.0 -9999.0 -9999.0 1.3332492218 1.15058355754 2.38472314857 3.59411599769 1.19694667202 1.12571962128 6.90784271692 9.11860452 11.3420786402 1.03781884264 2.04662289685 1.00689455459 23.2969690143 51.4233721648 52.102439536 217.795681739 0.921801352531 1.99349167236 0.629490514488 18.6975061793 0.898098398257 2.72091547643 0.887926231916 17.6884761489 18.5730356037 1.83068084347 1.80866008912 9.64705596268 4.80691450057 1.98095017966 0.988717123832 1.9159369873 2.86910768772 4.71570475513 0.937326489738 7.02812067683 8.05712458552 0.986787649386 1.0187610365 1.04348790777 0.99973346294 0.972112315451 3.03319332808 1.07778632162 0.68459762542 -9999.0 -9999.0 -9999.0
-9999.0 -9999.0 -9999.0 -9999.0 -9999.0 -9999.0 -9999.0 -9999.0 2.43589920142 3.54805727666 1.18657230511 2.39473340143 3.53432428998 5.8477855177 1.17432055479 1.13066289972 0.998094586499 1.01883184659 0.955246178743 26.1993003947 1.01422258716 1.99848065454 220.617176286 223.177284401 1.47637659259 4.87107074879 24.5161517433 1.76385751073 3.55729297977 1.71529313662 2.56522254202 22.1110207895 2.68552961704 14.065251354 11.3960195475 0.87407779101 4.76231148465 1.89585229788 2.81185287262 0.909834506723 5.67774775887 7.60316834474 8.56113040586 9.49331390615 11.853367357 1.90426000909 1.96001752227 1.88272456818 1.82224445674 3.89867585961 0.830069648926 2.59698977251 3.35241209866 -9999.0 -9999.0
-9999.0 -9999.0 -9999.0 -9999.0 -9999.0 -9999.0 -9999.0 -9999.0 1.26082854588 6.0368830059 7.20015104217 1.16820736689 2.29424705312 1.12684068258 1.06971226908 1.04556335986 13.1036157118 17.5567828427 21.5924693966 25.4827477791 0.992208271846 0.998212542895 1.22851108643 228.187794443 231.0301879 232.471717771 33.1694847646 7.21823052883 6.23753626857 0.877878532541 3.39584283475 26.3540716725 0.841936178149 14.9226755642 0.864501286631 6.04413642846 5.6827240522 0.895347151283 3.69605605509 1.79136331705 2.66370718996 0.964791910511 0.924719681492 10.419323513 11.3045942047 12.7365813066 2.87312485284 2.77408409891 2.69707165707 4.74450649508 6.40676311961 0.826210996312 4.11938595073 0.784306079776 1.52202971199
-9999.0 -9999.0 -9999.0 -9999.0 -9999.0 -9999.0 -9999.0 -9999.0 -9999.0 1.2633541958 8.39656538979 9.55802887145 3.43607627455 5.70851335018 7.87227622338 8.96934816358 1.1064513784 3.43714388166 2.24379924171 1.10266384965 1.10423761104 1.0190756815 2.06652427007 3.81084540906 1.64643634942 268.67727264 270.185196912 1.40375665007 0.953714957098 1.71455282567 2.55832157039 28.8696583175 1.67503557835 15.7426289772 9.26759772021 7.61443217649 0.872738372544 1.7538446443 4.53677255826 0.833466817928 3.48322021539 1.80648899414 1.64502587675 0.715886301455 13.5786513975 27.0945553714 3.60049953827 3.51375327279 3.44944170866 0.733874857513 7.14093596489 0.722752366006 5.63897738473 0.715197153698 2.25210581184
-9999.0 -9999.0 -9999.0 -9999.0 -9999.0 -9999.0 -9999.0 -9999.0 -9999.0 -9999.0 1.15558803749 11.8918533116 1.13993576466 2.28582614091 3.35559770125 5.53603977241 1.13149257654 2.34081557781 1.1498613542 1.11719227679 1.05256711128 2.09963714889 0.977951904912 1.16461595666 2.71580795392 1.63094803991 271.632463477 274.459777991 278.343088068 3.56709786495 0.823373756346 1.63680626111 29.6975849274 29.1562574614 10.9730383452 0.842307832684 3.46714741905 2.60939446899 5.38051332831 1.67369737649 6.9426705594 2.63135953492 2.4312316053 0.556392954995 0.735432719976 27.9932980558 28.8341067529 36.7191019223 5.72314052163 1.50645957267 7.92469513433 9.40545973599 15.7446553031 1.41968098892 0.677975699399
-9999.0 -9999.0 -9999.0 -9999.0 -9999.0 -9999.0 -9999.0 -9999.0 -9999.0 -9999.0 -9999.0 0.565400124632 13.1331524944 1.1151571036 2.17636082009 9.9275521925 1.16721651357 1.16731742687 1.0493335069 2.1705736724 1.02016753686 4.15044024909 6.13471428886 7.09390754488 3.73009125671 5.02937932487 1.50069300922 1.60578096554 1.44036316562 284.133228096 286.808904448 30.4959937793 30.7148844605 29.9462790249 1.62669739207 0.80034018935 4.26646759244 11.2526507347 6.1898896847 2.48219788541 10.2231418957 4.83768165932 4.06188252166 1.05073295867 0.485762506503 0.493201305101 0.571812341526 39.2789093306 47.3285429544 0.719067547025 0.68584177908 0.709849784701 16.4281826979 18.492145175 1.26068583263
-9999.0 -9999.0 -9999.0 -9999.0 -9999.0 -9999.0 -9999.0 -9999.0 -9999.0 -9999.0 -9999.0 0.526518654253 14.4349696674 17.8361873781 1.05997180726 12.0744100474 1.09181548896 1.04959057389 2.02613652238 5.18696723181 0.987421140473 1.02762885996 0.959188010105 9.05022618977 9.97973706608 15.9886338099 18.4935157413 19.6704253067 21.0500341982 22.399475506 310.553423472 343.440547645 376.494793103 377.511696108 0.981983750645 0.808865106034 12.8511781603 12.0622283046 0.790309097203 0.779268391932 10.9624143618 16.6000318016 0.706140032515 7.99012427664 7.39018675499 2.15962266118 1.14420220509 1.8066230891 0.856616751268 48.9114454843 0.804023798667 2.15824501492 2.83124575015 23.295087118 24.9637303992
-9999.0 -9999.0 -9999.0 -9999.0 -9999.0 -9999.0 -9999.0 -9999.0 -9999.0 -9999.0 -9999.0 1.21791246264 2.33337290824 18.9339800001 20.9931357939 1.05971095778 14.0794876834 0.971525189945 2.9305684608 6.12704251675 1.92411624234 0.934315202472 1.97687936218 0.935372169008 1.77572338277 0.830081125895 0.779849831592 0.661354162995 0.618130956553 0.659412454118 0.775162150919 1.08841094858 1.33336617715 1.44163679037 381.06144811 16.9463539675 15.0552674225 1.03983009039 2.33504814335 0.563957643394 0.447753673279 17.3557466887 27.633595962 8.80374581807 6.41630315996 1.13425906857 0.551386312938 0.520422218765 1.25381290492 50.9596655094 52.5053234215 0.793929868565 0.80417282622 0.708562969264 0.450916096052
-9999.0 -9999.0 -9999.0 -9999.0 -9999.0 -9999.0 -9999.0 -9999.0 -9999.0 -9999.0 -9999.0 -9999.0 1.08688121478 14.3688971318 36.4116579146 39.6006054561 54.6882317004 55.5905679741 13.7339010954 9.95168276116 2.88110005586 0.924768205531 3.81592267236 4.73592922154 7.35032674089 1.69229976671 1.60817026985 1.5004326495 2.93976813499 1.46985827686 1.55480540732 0.673722964555 0.509169625565 0.725136505208 382.175572329 399.68440433 400.797171374 1.09756454252 7.0293376867 2.56163684936 0.788303825814 30.0670141438 1.69042002175 0.867573109452 3.51737534309 0.762151428954 0.771380348623 1.51303926644 2.19856333656 2.94201163834 53.8843786573 0.664898763646 0.604253328634 0.605231990148 0.500778131058
-9999.0 -9999.0 -9999.0 -9999.0 -9999.0 -9999.0 -9999.0 -9999.0 -9999.0 -9999.0 -9999.0 1.18092426706 10.9648056527 13.2930640757 2.16997021486 0.600680826478 1.42327133729 58.0187857189 58.9329672199 73.491708301 0.871913499668 1.78848014167 0.825295900223 0.843419779871 8.18513534373 10.711016892 13.1203770951 0.794352296772 3.74010245585 5.99200375008 3.74487417417 1.43706541868 1.1653714857 1.21785712931 1.39310126341 0.922004221755 401.802079405 402.719987905 411.624706423 1.45301328618 0.734781876039 30.6584693013 1.73578889313 0.895712550325 0.940865594092 0.930514587741 0.869732002204 1.68070011602 4.91980313454 8.65829409559 63.2052503843 0.52628992076 1.59245243176 1.08161385931 0.938330020698
-9999.0 -9999.0 -9999.0 -9999.0 -9999.0 -9999.0 -9999.0 -9999.0 -9999.0 -9999.0 -9999.0 1.20998270833 7.54042702228 1.18661298239 1.06796431118 5.38684729813 6.35857357415 7.36377427012 8.31118224146 99.7681724232 100.513262581 102.149057791 114.684270981 117.292800313 118.896037146 119.763797976 134.864888296 136.900148641 137.682951701 144.507113652 149.085383045 149.855064185 152.410342276 1.94333765436 1.93744714654 0.594651884721 0.77260918239 403.682702559 414.885811586 2.31565127442 35.2541086587 34.5727865493 3.36119880414 0.819853812004 0.843883307943 0.826603586053 0.815541311251 1.64574669313 2.44737369895 0.829303596068 63.8481541311 64.5198784685 67.7905625952 68.3679983641 69.8518827466
-9999.0 -9999.0 -9999.0 -9999.0 -9999.0 -9999.0 -9999.0 -9999.0 -9999.0 -9999.0 -9999.0 3.86343692783 5.1018586988 2.37947828567 3.5146415891 1.12245237802 12.9970240149 14.0641209818 16.1597544261 17.017725858 6.99090987817 110.455077462 111.217800359 0.903785282213 0.752173721425 0.671707708723 1.4484992029 0.670000597714 0.538954546276 0.493853110228 0.542020288023 150.519512868 153.107626851 155.768535358 158.355928114 161.027770981 1.342262486 0.541252835869 452.493098068 36.7220005833 35.9582226581 0.75776226191 0.758868325104 0.724703908421 1.57441402292 1.56575539047 0.718642871426 0.72099215704 0.679220024237 1.49531612517 2.0809726431 0.486437268654 0.884745034005 0.360434322549 0.241331332853
-9999.0 -9999.0 -9999.0 -9999.0 -9999.0 -9999.0 -9999.0 -9999.0 -9999.0 -9999.0 -9999.0 -9999.0 2.6092031597 1.21393114307 1.13433891372 10.8763483115 11.9829325954 1.0942412328 4.36003203198 5.33619320929 6.24807605406 0.976745642784 0.939549295575 17.9579447911 18.8241297516 19.6491505793 50.3728402005 51.0459680512 52.1539994608 57.5240374978 60.775447291 61.263736056 0.415003617687 0.433958826689 0.450758999235 162.337225976 0.634375344809 460.057739794 459.019451582 5.71638985085 4.85688632917 2.93864995238 0.729370112711 1.45161571838 2.31570514006 2.30618100283 1.41535553048 0.693627229437 1.36844411979 1.33930725335 2.68846124771 0.377180897631 1.28913704041 2.18047479614 2.69598039105
