data/baseflow/History/mHMbfrc370
ncols                  80
nrows                 72
xllcorner      4374000.0
yllcorner      5656000.0
cellsize            500
NODATA_value       -9999
[rows 24 to 47 of 72, columns 0 to 53 of 80]
-9999.0 -9999.0 -9999.0 -9999.0 -9999.0 -9999.0 -9999.0 -9999.0 -9999.0 -9999.0 -9999.0 -9999.0 0.729027931862 1.91674098444 2.49300391149 4.22869459724 0.480382237639 0.984332559903 1.44686261307 5.78547484128 6.10675374424 6.28267489548 6.59719553059 7.0073429227 11.3927272912 12.527240292 13.0688917425 0.166055233396 1.23201221718 1.37833256708 23.3122455469 23.7364006785 23.9173621056 24.099325227 24.2521040478 89.3986915127 0.165080957994 186.515617732 0.186519292338 0.0735823637618 1.13312121067 1.01638924405 0.100562114155 0.545264272596 0.837726544938 0.822667309184 0.514514575877 0.832226322764 1.29853608523 0.460672538453 1.21533601381 0.0579138229372 0.0859031935422 0.0131675785026
-9999.0 -9999.0 -9999.0 -9999.0 -9999.0 -9999.0 -9999.0 -9999.0 -9999.0 -9999.0 -9999.0 -9999.0 0.639149428284 1.27095471871 0.59872573412 1.18475989598 0.484920414138 3.9497542826 4.87388245074 5.3592135299 0.425323893754 0.786264749902 8.90077934175 10.7480266581 11.0494969539 0.761725779072 0.728801743329 0.996930783071 0.120250507683 0.103017826062 0.1882416965 0.0990148702381 15.2820019509 15.3805109681 15.4701826942 89.5758690658 187.355028036 186.594107658 0.105057229938 0.0530598567987 0.0434920918981 0.168812208992 0.138167376948 0.603711242252 0.939956795029 1.91403716128 0.147285012999 0.145088553125 1.39552816408 1.49798319286 2.89220125051 2.95070261447 3.05284295751 3.07775380444
-9999.0 -9999.0 -9999.0 -9999.0 -9999.0 -9999.0 -9999.0 -9999.0 -9999.0 -9999.0 -9999.0 -9999.0 -9999.0 0.593180301189 1.21749822258 1.8574231786 2.90926309853 0.560008883926 0.489364122503 4.07840522305 4.5045377045 8.21082011208 8.68021876082 1.22953797254 0.406142323278 0.362862828695 0.34094295731 14.6009474686 14.7730000729 14.9046733656 14.9991754504 15.1924121411 1.50889082235 1.63927711715 17.2129439617 294.225359336 0.55496062427 0.449373281713 0.184344143244 0.0505613963696 0.0332743202129 0.2538138997 0.275526965821 0.651925740775 0.0214690409075 1.944278403 0.199474382708 0.191720130566 0.0169756165821 0.0109219482378 0.0105211015542 0.0205767582244 0.0117464614018 3.09004371814
-9999.0 -9999.0 -9999.0 -9999.0 -9999.0 -9999.0 -9999.0 -9999.0 -9999.0 -9999.0 -9999.0 -9999.0 -9999.0 -9999.0 0.568172019758 1.2741389959 1.94218366492 2.61132009218 3.10541309779 3.62312010748 1.46714287587 2.45621816349 0.449157735916 0.410514182544 12.7920567759 13.5764319043 13.9252209816 14.3230325712 0.264595950688 0.442717998638 1.14453545644 1.27781618373 1.39089461149 0.16437040379 0.159069087721 294.633490287 0.116776436248 0.182403759464 0.0865724169955 0.191270972612 0.0837707063364 0.0613307246341 0.982678054453 1.05420478137 0.0285997931601 1.98495197205 2.19839500698 0.203230467014 46.7398457278 46.710220076 46.6832940972 46.6059368393 46.5654145127 45.8923871988
-9999.0 -9999.0 -9999.0 -9999.0 -9999.0 -9999.0 -9999.0 -9999.0 -9999.0 -9999.0 -9999.0 -9999.0 -9999.0 -9999.0 0.190044540157 0.424514616188 0.686787274152 6.69532780835 7.20039388116 0.52232780708 0.497860466219 0.491930992446 11.0750934362 12.0044274238 0.44064456376 0.448047239367 0.308760280991 1.3036310552 1.61790594223 0.783514062994 0.929658679978 7.94544125731 8.11036024708 8.57358794432 13.0388861539 307.780410125 0.123121418553 0.0661036380513 0.291007008876 0.239133072901 0.0497827953846 0.1698688597 0.224278863449 1.11911854105 1.16922861582 3.44275628354 2.21174939308 0.211197724568 47.5365043134 0.383744283006 46.6566231426 46.6339253258 0.636193828257 0.0469130432447
-9999.0 -9999.0 -9999.0 -9999.0 -9999.0 -9999.0 -9999.0 -9999.0 -9999.0 -9999.0 -9999.0 -9999.0 -9999.0 -9999.0 1.01948607683 1.65165921361 3.37932703157 6.05444914287 7.87575842272 9.1816870409 9.675631185 10.1853666123 10.6712064053 0.443052868332 0.374578409252 0.721269020782 0.653966181869 0.349452982659 7.07927802057 7.37733794822 7.64175157187 7.87968715519 3.80510165939 3.92997128376 4.22506061519 307.876027114 0.235146090015 0.223397574713 0.549379138763 0.0400827848791 0.14669785376 0.0876482335787 0.0478766485731 0.287349624116 0.0345765810228 0.0374911148222 51.2207146733 47.753003818 47.7146044837 0.191074885231 0.36994428696 0.215870396098 0.034489882636 0.519643914242
-9999.0 -9999.0 -9999.0 -9999.0 -9999.0 -9999.0 -9999.0 -9999.0 -9999.0 -9999.0 -9999.0 -9999.0 -9999.0 -9999.0 0.724460411355 0.68655068763 1.34897539295 2.03579695034 0.665869859417 0.632260350015 1.1481037705 1.64114728433 2.54674133583 2.99477467336 3.37188008687 4.48988230792 4.81706771106 5.19186498795 0.308290165404 3.1907364821 3.41019191153 3.57724856058 0.096246217646 0.0213108015389 0.0437086221526 311.760918433 311.846982921 312.24657204 0.666605855377 0.084112088719 0.191588475233 0.0447463677478 0.0820698242378 0.327700458258 0.39063754903 0.0645777280504 51.4113654233 0.074759670335 0.107391508998 0.11640034019 0.0969299777394 0.149586991723 0.058560719443 0.390067745519
-9999.0 -9999.0 -9999.0 -9999.0 -9999.0 -9999.0 -9999.0 -9999.0 -9999.0 -9999.0 -9999.0 -9999.0 -9999.0 -9999.0 -9999.0 0.655864034301 1.29191924852 0.616302334758 1.27259108843 7.82580398657 8.34493887136 8.80523932534 0.448799946123 0.451130404071 0.826069810949 1.20666789567 1.8231750233 2.15157809317 2.31731082437 2.59611054041 0.195867748271 0.151659376706 3.58884076091 3.61968240269 3.67070408566 3.74372906971 2.93695239997 315.488664235 316.571152748 316.608369408 316.828780927 317.008695004 317.131252678 0.030981532834 0.41872678765 51.440439786 0.0658852622239 0.0343203953171 0.057323243395 0.0593497763571 0.0921054941258 0.0623265609486 0.0396620733453 0.0747952875527
-9999.0 -9999.0 -9999.0 -9999.0 -9999.0 -9999.0 -9999.0 -9999.0 -9999.0 -9999.0 -9999.0 -9999.0 -9999.0 -9999.0 -9999.0 -9999.0 1.91907921777 2.56596664296 4.51556892782 5.89648596331 0.71240200199 10.0753387113 10.5070642943 10.9024049374 0.386653661237 0.747722335452 0.306299088826 2.44057241793 2.57102221869 2.80965497128 3.03865080927 3.49254714942 3.53659860672 0.029651352467 2.62201916511 2.77626250242 2.8690321173 3.15296596916 0.340640468159 0.206247214301 0.108044121989 0.0957303549325 317.252353592 317.315254743 318.020384708 51.4690051777 0.203476038424 0.11529436206 0.0818480024851 0.0173233911284 0.226672748625 0.109833789469 0.0318313394618 0.185703527438
-9999.0 -9999.0 -9999.0 -9999.0 -9999.0 -9999.0 -9999.0 -9999.0 -9999.0 -9999.0 -9999.0 -9999.0 -9999.0 -9999.0 -9999.0 -9999.0 0.671556440309 3.2219166566 3.90443857208 0.724599028377 0.489105434477 1.02160136959 1.48268017193 12.8071307868 0.378898681324 1.5320816353 1.85951458768 2.17860764865 0.136159200114 0.341870399554 0.408040437144 2.17032321864 2.35207079301 2.43612999669 0.0847500407251 0.0628394950075 0.0627018498261 0.117139686687 0.0415727878468 0.0403457431739 0.0636691810451 0.0428094795128 0.0629976338316 0.248832168688 318.092287746 369.712347375 0.249879047986 0.0382237014755 0.0204437811305 0.681181004076 0.640885167574 0.37623374055 0.335527463934 0.242574335775
-9999.0 -9999.0 -9999.0 -9999.0 -9999.0 -9999.0 -9999.0 -9999.0 -9999.0 -9999.0 -9999.0 -9999.0 -9999.0 -9999.0 -9999.0 0.584547175434 1.86656977349 0.611383655089 0.644662251633 0.552983209283 1.04988949428 1.53273105051 2.01766765202 15.379871837 15.7281257734 0.363461818 0.68260925775 1.00855963794 1.18606485651 1.37352690581 1.85643262316 2.09202208108 0.0749765626286 0.069498175875 0.0494676009228 0.0828568247895 0.0667679533736 0.0856060059449 0.0617129366277 0.0695634847525 0.277105970615 0.138328294744 0.0845844491886 0.0817339469759 0.05428033073 0.095303445529 372.019928655 2.02630236453 0.866528069238 0.126056107105 0.058946936601 0.0319358431053 0.0926531314006 0.0557266601622
-9999.0 -9999.0 -9999.0 -9999.0 -9999.0 -9999.0 -9999.0 -9999.0 -9999.0 -9999.0 -9999.0 -9999.0 -9999.0 -9999.0 0.621237920042 1.18747586655 4.23677898306 0.585488628642 1.32000452219 1.84478784016 2.31473967342 0.505595178951 0.919360648865 1.47299803451 17.7037739554 0.33173531698 0.618470772048 0.911998675326 0.252741505776 0.489589283822 0.551465865572 0.725476349107 27.7591500466 27.9457170046 28.1156557501 29.1509646742 29.359803097 30.0090903653 0.112070613026 0.244731027029 0.328449490828 31.7332181661 31.8669829626 0.0710873202534 0.100982287223 0.129792312277 372.088362897 1.96756899338 0.918562518593 0.83997947282 0.709367241452 0.626375770261 0.121944874799 0.0341646862472
-9999.0 -9999.0 -9999.0 -9999.0 -9999.0 -9999.0 -9999.0 -9999.0 -9999.0 -9999.0 -9999.0 -9999.0 -9999.0 -9999.0 0.626561611531 1.90115130036 6.76019843627 9.98589533137 0.528745563835 13.032809431 15.9222139748 0.44628495066 0.841684128102 1.35073224422 21.5875611019 22.0109176259 0.265800934663 1.45086680842 1.68297638982 1.85165370726 26.3671415839 26.6966131523 26.9690710102 0.137931792098 0.742550146236 0.885542812775 0.365986062132 0.520356715186 30.6908272827 31.1450367902 31.2545641252 31.3556358596 31.9573073376 0.0432104983275 0.0343451383801 0.192754355011 372.158784683 0.102674415819 0.0227639123046 0.0690829175241 0.028885469401 0.542371208716 0.497336512945 0.303089403045
-9999.0 -9999.0 -9999.0 -9999.0 -9999.0 -9999.0 -9999.0 -9999.0 -9999.0 -9999.0 -9999.0 -9999.0 -9999.0 -9999.0 -9999.0 -9999.0 1.32024049347 2.6493763045 11.8191577985 12.4662848979 16.4953206266 17.0865056505 0.439834844754 0.880587518483 2.0538424991 22.4972825106 23.1137174344 23.3459163623 0.17824960852 24.1075706472 24.4307801577 0.226382030563 0.140428414029 0.252553997405 0.495300881945 0.122025723939 0.236511449784 0.47457405751 0.592177017159 0.115846869442 0.0644352710926 0.124984240657 32.3880106575 32.4880063012 32.515455377 32.8037544702 372.215650026 0.0650929410578 0.0103084720695 0.0156592597194 0.0140169286876 0.0149094066527 0.0106377755248 0.0183768921676
-9999.0 -9999.0 -9999.0 -9999.0 -9999.0 -9999.0 -9999.0 -9999.0 -9999.0 -9999.0 -9999.0 -9999.0 -9999.0 -9999.0 -9999.0 -9999.0 0.687753997153 0.673246248152 0.657719535603 1.28752352953 0.565359597695 18.2150292882 18.7452208473 0.418442271287 0.788468431067 0.366976805608 0.294752085503 0.283497110668 23.7772649692 0.0988503638939 0.204612204214 0.13242271 0.13365129196 0.121412609715 0.0850106569727 0.090469425069 0.276776452694 0.384397574069 0.0640081958308 0.052266848498 0.116843553683 0.205996524521 0.239788863559 0.0479137707086 32.5731752776 32.8338294467 372.256432433 0.151543289221 0.0222179339407 0.00511142461723 0.0172640638202 0.00340454845005 0.00214789744144 0.0209168337336
-9999.0 -9999.0 -9999.0 -9999.0 -9999.0 -9999.0 -9999.0 -9999.0 -9999.0 -9999.0 -9999.0 -9999.0 -9999.0 -9999.0 -9999.0 -9999.0 -9999.0 -9999.0 0.665287337744 1.89685851182 2.4294687813 2.98149486755 19.2846210798 19.8229123139 20.3336043423 20.826465158 21.0999653216 21.6729861081 21.7691467377 21.8555388689 21.9353720171 0.106745719902 0.0957962561784 0.10976567792 0.383295391567 0.106528617135 0.0975356749488 0.0673151253392 0.190776537139 0.0808212950595 0.0533463045863 0.0474187430228 0.0342380118052 0.0682349963397 0.0980161342884 33.03818644 405.486053933 0.0595463617163 0.106681973237 0.00320729728552 0.0211189009628 0.00790512196806 0.00432852340835 0.296344742201
-9999.0 -9999.0 -9999.0 -9999.0 -9999.0 -9999.0 -9999.0 -9999.0 -9999.0 -9999.0 -9999.0 -9999.0 -9999.0 -9999.0 -9999.0 -9999.0 -9999.0 -9999.0 -9999.0 0.560756718043 4.41526456705 8.59557235835 9.16026601292 0.63446720377 1.05258218624 1.41255421468 1.68513790766 3.6096943444 3.71880477364 0.106597501639 0.102754229905 22.1605922132 22.3466792235 22.4283926843 0.444540196519 0.0573709270859 0.156610056827 0.226586689516 0.665910165784 0.813260555289 0.912559098227 0.086707245591 0.115690941672 0.0379914741972 0.074328311439 0.0383391769274 405.556204741 0.0474063274582 0.200027580444 0.0454010170273 0.0778341998425 0.297795702478 0.3258927047 0.649105899707
-9999.0 -9999.0 -9999.0 -9999.0 -9999.0 -9999.0 -9999.0 -9999.0 -9999.0 -9999.0 -9999.0 -9999.0 -9999.0 -9999.0 -9999.0 -9999.0 -9999.0 -9999.0 0.620563978238 1.97393586053 3.86668599508 5.05129543684 12.7982854006 13.3983939238 0.76493657721 1.12718870593 1.40571057631 1.67966524442 3.81214360865 4.0212346736 6.49703660209 6.63408956154 6.71726256136 22.5203438625 23.1949296996 0.153215301188 0.109495671222 0.102525384448 0.191463463669 0.0828199621458 1.06480486935 1.11057802251 0.150719909582 0.176986537539 0.0275844478994 102.380301998 102.459415006 508.072224125 508.349216071 0.0542018435008 0.197818911824 0.0778406606358 0.055615569851 0.727258558122
-9999.0 -9999.0 -9999.0 -9999.0 -9999.0 -9999.0 -9999.0 -9999.0 -9999.0 -9999.0 -9999.0 -9999.0 -9999.0 -9999.0 -9999.0 -9999.0 -9999.0 -9999.0 -9999.0 0.70554036745 0.686416126344 1.30190036619 3.08673476313 13.9652191735 0.394738421075 0.388213177427 0.661923142921 0.944939959631 2.12519261528 2.25019631265 0.0640336423357 0.0973549779892 6.84617862068 6.94929400469 30.2100172377 30.2653361368 0.0461152642561 0.0379717280438 0.0283754561996 0.0287702667986 0.031040619199 101.617424372 101.90763599 102.113079149 102.167278641 102.355247389 0.0445725529556 0.156581732043 0.184629686899 508.618799534 508.652385808 508.712767994 508.737877844 508.763646687
-9999.0 -9999.0 -9999.0 -9999.0 -9999.0 -9999.0 -9999.0 -9999.0 -9999.0 -9999.0 -9999.0 -9999.0 -9999.0 -9999.0 -9999.0 -9999.0 -9999.0 -9999.0 -9999.0 -9999.0 0.632833302628 0.660576906541 1.22438418542 16.3629780235 16.9004866904 0.375382702784 0.650427722552 0.944726731163 1.08551590933 0.105261199573 0.218423562099 31.6410926996 31.7362939189 31.8078625115 32.4878392009 62.8132000331 99.556507162 99.6790156418 99.7841070306 99.8816307362 100.314685806 100.461936282 0.256098045065 0.106889542844 0.0697028026419 0.126951178801 0.0767934635926 0.126650704882 0.0370991812576 0.980476716769 1.1522107418 1.29197543175 1.30091477893 508.780978362
-9999.0 -9999.0 -9999.0 -9999.0 -9999.0 -9999.0 -9999.0 -9999.0 -9999.0 -9999.0 -9999.0 -9999.0 -9999.0 -9999.0 -9999.0 -9999.0 -9999.0 -9999.0 -9999.0 -9999.0 -9999.0 0.646911247922 1.23671256984 1.82960158908 17.3836707982 0.427463391273 23.0655218144 23.3691970319 23.4645667502 23.5850813 31.1490296841 31.2991758895 0.112140811262 0.527743126925 0.634450727441 0.119435985497 36.6231443475 36.4151033863 0.0515817297178 0.129688631936 0.356032890484 0.0817345081312 0.0865837499709 0.0539741143554 0.0409695333723 0.0279302025748 0.0347588695938 0.86167671254 0.898200854915 0.947758203037 0.140731914838 0.110433291835 1.36052830634 1.38023698715
-9999.0 -9999.0 -9999.0 -9999.0 -9999.0 -9999.0 -9999.0 -9999.0 -9999.0 -9999.0 -9999.0 -9999.0 -9999.0 -9999.0 -9999.0 -9999.0 -9999.0 -9999.0 -9999.0 -9999.0 -9999.0 0.593874961334 0.553653764696 2.86733888099 21.3645778029 22.3416900225 22.8038945771 0.309254656623 7.34336689922 7.42870064204 7.46360764129 0.121642086734 0.25408566434 0.370261263083 8.83577899778 8.91807511499 8.98362794272 36.2986836776 22.6762575113 0.0765189211655 0.0783732323974 0.0726941956513 0.0486597479785 0.546170665608 0.646708247187 0.729995880935 0.777570008724 0.822294612432 6.32487416322 6.3521906293 6.38068000276 6.43610616998 6.72835490713 6.73733746349
-9999.0 -9999.0 -9999.0 -9999.0 -9999.0 -9999.0 -9999.0 -9999.0 -9999.0 -9999.0 -9999.0 -9999.0 -9999.0 -9999.0 -9999.0 -9999.0 -9999.0 -9999.0 -9999.0 -9999.0 -9999.0 -9999.0 1.15750522474 1.760902719 0.589436590017 0.374063614719 6.38311256833 6.70157745841 6.89222705732 1.88846233141 1.96292895937 2.05455218544 2.16663864353 8.64215049563 8.7664734699 4.40060790027 13.4748204464 13.5566910793 22.6216222642 0.153804820828 0.0771391458752 0.0444596063924 0.384416294808 0.451416260938 0.0301315347701 0.0270276060132 6.18072862732 6.26033411031 6.29963155216 0.028523999673 0.0401796057033 6.69312690662 0.0250039875042 0.0830968045321
-9999.0 -9999.0 -9999.0 -9999.0 -9999.0 -9999.0 -9999.0 -9999.0 -9999.0 -9999.0 -9999.0 -9999.0 -9999.0 -9999.0 -9999.0 -9999.0 -9999.0 -9999.0 -9999.0 -9999.0 -9999.0 -9999.0 0.577128631132 1.14231444689 4.69422694068 5.28085961656 5.70956643269 1.56377234249 1.80415085847 0.0989534179083 6.19139126154 6.27346415428 6.35603403587 0.105829714697 4.17554107771 4.30593430177 0.086281760725 22.2111186622 0.183448283667 0.0909576606583 0.215178706901 0.292702622595 0.0490837063672 0.0353008003709 5.75028374933 6.10815412341 6.15999206799 0.0510544845708 0.0924414836607 0.111945318464 0.125750979133 0.24349877441 0.0291279942511 0.0696469477544
