data/baseflow/History/mHMbfrc461
ncols                  80
nrows                 72
xllcorner      4374000.0
yllcorner      5656000.0
cellsize            500
NODATA_value       -9999
[rows 24 to 47 of 72, columns 0 to 54 of 80]
-9999.0 -9999.0 -9999.0 -9999.0 -9999.0 -9999.0 -9999.0 -9999.0 -9999.0 -9999.0 -9999.0 -9999.0 1.13983346208 3.19166327883 4.18955985785 7.19894441265 0.925616500461 1.87384439388 2.77525144851 10.415891394 11.1236901113 11.6354462982 12.3213167358 13.1098198614 20.6364675392 22.8990689577 24.1291952283 0.48278226264 2.81434035982 3.27893134249 45.9809711215 47.7530636731 48.5194578135 49.2971008911 50.0024097296 185.105821085 0.308732478363 386.81191373 0.716392595427 0.323235431477 3.2988249608 2.86456499739 0.411496693799 1.68900538117 2.46041365199 2.44016629242 1.64772254445 2.68148947195 4.21962839885 1.53141542884 3.98620405314 0.343707553849 0.48652596992 0.119245892822 0.0935566738738
-9999.0 -9999.0 -9999.0 -9999.0 -9999.0 -9999.0 -9999.0 -9999.0 -9999.0 -9999.0 -9999.0 -9999.0 1.0769049952 2.13705720822 0.998914910374 2.00618486469 0.911876344221 6.83798222812 8.63512588091 9.55836445202 0.849320511968 1.58848994138 15.6920805853 19.3191804245 19.9386373853 1.52486444229 1.43137182759 2.0068125776 0.409483140657 0.372693712671 0.709083495856 0.336701604085 23.8382441717 24.2022583455 24.5203670677 185.512198913 389.596692998 387.132346584 0.499806600277 0.234930876605 0.208282809262 0.862539100851 0.667268010189 2.00643570809 2.88060037718 5.82250621844 0.497233551807 0.49549307573 4.63800509264 5.06771643132 9.86260923395 10.1417149733 10.7504880683 10.9705929533 0.188680789255
-9999.0 -9999.0 -9999.0 -9999.0 -9999.0 -9999.0 -9999.0 -9999.0 -9999.0 -9999.0 -9999.0 -9999.0 -9999.0 1.00244162895 2.02110526895 3.04771574085 4.94077255572 0.994616656939 0.92662533686 6.41362613577 7.26559632641 14.307489277 15.1312764113 2.30470504237 0.810182043958 0.756097741383 0.690511047596 21.5787305598 22.0479188844 22.4656673442 22.8172007926 23.4940812003 3.94466740953 4.3079107473 29.168969731 604.470619288 1.93161759622 1.54693338644 0.764001590106 0.204962650988 0.173114865795 1.26604699865 1.40204765105 2.35986450115 0.17836863552 6.05099914162 0.81045754448 0.791823081937 0.16714467429 0.113052933774 0.0978060854553 0.106099446615 0.102996829178 11.0764063325 145.125286797
-9999.0 -9999.0 -9999.0 -9999.0 -9999.0 -9999.0 -9999.0 -9999.0 -9999.0 -9999.0 -9999.0 -9999.0 -9999.0 -9999.0 0.988400237354 1.92907329504 2.77558557736 3.6379228495 4.56731423813 5.52202367387 2.77292827074 4.59035711434 0.81596190463 0.789164044643 17.8459469424 19.4247751672 20.1827743672 20.9684786512 0.603170259579 1.07696520357 2.75286768555 3.17446669371 3.57021813736 0.430407713742 0.311209041391 605.455863743 0.383218446616 0.490123989367 0.242230795133 0.78154669355 0.357090074003 0.193934783114 3.9544509418 4.1229365482 0.125511634436 6.19287813375 7.10601483085 0.901397340428 150.068466605 149.809232875 149.583314766 149.128893408 148.927766719 145.695587697 145.570236508
-9999.0 -9999.0 -9999.0 -9999.0 -9999.0 -9999.0 -9999.0 -9999.0 -9999.0 -9999.0 -9999.0 -9999.0 -9999.0 -9999.0 0.207483594444 0.47370101138 0.848231986615 7.35004196512 8.290114379 0.951326002184 0.93735352184 0.909634729082 14.5581801761 16.2739058755 0.825699047141 0.842635363426 0.675148245963 2.75917042815 3.43971422652 1.78650684229 2.22826842322 16.248687322 16.7486581499 17.7205457998 27.9015528852 633.584488238 0.398456052951 0.188226905839 1.16902941962 0.979184554706 0.168783031864 0.547559985338 0.723107944315 4.30628562144 4.45472523501 11.8861818357 7.17890391254 0.986410764431 152.968183544 1.27029864542 149.377679339 149.259980835 3.0401420014 0.12351243512 0.283534588497
-9999.0 -9999.0 -9999.0 -9999.0 -9999.0 -9999.0 -9999.0 -9999.0 -9999.0 -9999.0 -9999.0 -9999.0 -9999.0 -9999.0 1.07078865297 1.74802836622 3.68131254648 6.39603045206 9.05552088073 10.9830536247 11.9060630638 12.8420377897 13.7417444651 0.840011258672 0.783916701429 1.52532432493 1.38660909375 0.711411972357 14.1353287243 14.7968250235 15.4147931026 15.9955799983 8.82449379917 9.29770282011 9.83064750064 633.780685932 0.675309580075 0.657899273577 1.9700886325 0.185807253376 0.361408759841 0.189065582413 0.163177717308 0.889817239501 0.123109690955 0.128800545181 165.5595495 153.574973355 153.447198109 0.533406135033 1.17681225122 0.760971699568 0.17746781326 2.78241425939 0.791055898563
-9999.0 -9999.0 -9999.0 -9999.0 -9999.0 -9999.0 -9999.0 -9999.0 -9999.0 -9999.0 -9999.0 -9999.0 -9999.0 -9999.0 0.744268538284 0.683180130445 1.3340803765 2.04623604168 0.977859511189 1.00421017584 1.93525896188 2.85488708442 4.58137229143 5.44241848566 6.25218299467 8.61253939636 9.33225932318 10.0662819691 0.665009712997 6.90944851928 7.47566141909 7.97623809638 0.399420182643 0.190558162376 0.342204186987 643.847283511 644.034550745 645.115710103 2.52460317087 0.396906306635 0.580982624263 0.144123365978 0.290141195433 1.02426098233 1.25968423021 0.234472785201 166.129513363 0.181869988635 0.291962491155 0.332298950011 0.239574724608 0.440856505048 0.182313629063 1.82386544069 1.43840209462
-9999.0 -9999.0 -9999.0 -9999.0 -9999.0 -9999.0 -9999.0 -9999.0 -9999.0 -9999.0 -9999.0 -9999.0 -9999.0 -9999.0 -9999.0 0.641932263675 1.26965392371 0.640735416934 1.3302209544 8.33225917205 9.2007844234 10.1051555239 0.866358170506 0.867808758942 1.66980149083 2.46931515466 3.86706041299 4.55539767338 4.96906957601 5.60057853279 0.532165710725 0.467478663686 8.89461213343 9.12363602496 9.31613737171 9.52342039616 7.6774465704 653.627633475 657.403716706 657.564649314 658.283900104 659.007698569 659.427852338 0.124582311377 1.37346226527 166.242322332 0.289813516179 0.148766705839 0.150594829309 0.135809376921 0.241826470332 0.237734423404 0.137732372883 0.205988255145 0.196006708293
-9999.0 -9999.0 -9999.0 -9999.0 -9999.0 -9999.0 -9999.0 -9999.0 -9999.0 -9999.0 -9999.0 -9999.0 -9999.0 -9999.0 -9999.0 -9999.0 1.88235997355 2.56593348091 4.59775942302 6.22387525172 0.906400048276 11.9836126356 12.8344823769 13.6658937257 0.82592716069 1.6247862876 0.7246685354 5.41412477324 5.77342888644 6.35557128883 6.97454537898 8.3566976883 8.59791649755 0.147517673345 6.86574919557 7.27571043864 7.47894831125 8.31647957248 1.06293440816 0.67528789788 0.403517640713 0.364495981972 659.866886677 660.037956831 662.274466804 166.360019337 0.777962678102 0.378958532844 0.253450364932 0.0837727616326 0.734564128564 0.388408188192 0.122264443726 0.679914882949 0.575358849632
-9999.0 -9999.0 -9999.0 -9999.0 -9999.0 -9999.0 -9999.0 -9999.0 -9999.0 -9999.0 -9999.0 -9999.0 -9999.0 -9999.0 -9999.0 -9999.0 0.680502070728 3.2363274407 3.95742561694 0.951095807653 0.92012702362 1.84571862352 2.69909589702 17.2134251433 0.819753035103 3.29233479703 4.04304444997 4.77684535814 0.396708515671 0.928764729232 1.20574884685 5.50819576017 6.12425851864 6.30873385383 0.209297410134 0.200291489777 0.235095601234 0.429592487608 0.183655770415 0.194864668339 0.303567790931 0.237108867146 0.28516544896 0.736775082809 662.469880305 829.316739334 0.933697745054 0.186746130915 0.0814312781075 2.30562465881 2.12279978364 1.26267250935 1.13521932202 0.851559973621 0.20096175725
-9999.0 -9999.0 -9999.0 -9999.0 -9999.0 -9999.0 -9999.0 -9999.0 -9999.0 -9999.0 -9999.0 -9999.0 -9999.0 -9999.0 -9999.0 0.556090775488 1.84902215931 0.613243405472 1.00762515273 0.989246248072 1.92399332459 2.83019146359 3.67018007297 21.5630056211 22.349875042 0.807672700125 1.55593422403 2.30947237942 2.78718583719 3.30837054186 4.86994246762 5.30233561885 0.371322558374 0.290394889256 0.236427011705 0.21932041443 0.300395048396 0.325269935332 0.320872757827 0.367950271147 1.03039340545 0.430650892791 0.17677743167 0.170064227658 0.173345652584 0.326846583629 836.663211705 6.28108175494 2.69177527813 0.193351091347 0.0817533615537 0.0830659393377 0.299502142972 0.210506047079 0.108376350045
-9999.0 -9999.0 -9999.0 -9999.0 -9999.0 -9999.0 -9999.0 -9999.0 -9999.0 -9999.0 -9999.0 -9999.0 -9999.0 -9999.0 0.596717754311 1.12951173337 4.12068124998 0.576353684124 1.89257817515 2.85751757402 3.77660015845 0.945139924093 1.79662489076 2.60554032992 25.5964595145 0.768186190281 1.47391203068 2.17517585485 0.607669357649 1.19774186204 1.51844511965 1.9237151553 47.6156281541 48.2214375418 48.8020219023 51.2862259461 52.0441985564 53.8539282544 0.603244429922 1.30399275268 1.31525312297 59.4873517584 59.8255041209 0.159173217978 0.290753141368 0.417847092906 836.775711807 5.95471846365 3.03653319761 2.9459001571 2.1388088346 1.78836676914 0.398646567093 0.0951820105205 0.188821552458
-9999.0 -9999.0 -9999.0 -9999.0 -9999.0 -9999.0 -9999.0 -9999.0 -9999.0 -9999.0 -9999.0 -9999.0 -9999.0 -9999.0 0.6006152998 1.81709992087 6.52513180174 9.53179336102 0.491434667383 12.4825296746 16.9125723605 0.888829909103 1.72401458279 2.55471896632 32.8771372965 33.5556783433 0.629174647984 3.43191781496 3.99976197787 4.47330039823 43.6670233372 44.7585676691 45.3889048518 0.300225426722 1.74930414707 2.08390707716 0.875743002762 1.25436911997 55.6005162046 57.4307400815 57.7247493334 58.0002009378 60.1607878036 0.164180513488 0.146466681841 0.687472318267 836.910498033 0.137488508737 0.248832509832 0.728040799062 0.278387635932 1.63199789783 1.24871891208 0.728581416558 0.530305001075
-9999.0 -9999.0 -9999.0 -9999.0 -9999.0 -9999.0 -9999.0 -9999.0 -9999.0 -9999.0 -9999.0 -9999.0 -9999.0 -9999.0 -9999.0 -9999.0 1.23817094831 2.47875993929 11.243919676 11.8799286873 17.4535001122 18.1090590184 0.884525240564 1.7678464451 4.18704571119 34.1028898466 35.374821609 35.8903538751 0.411461990996 37.7094282228 38.830299264 0.708695667718 0.305389608097 0.604731189939 1.16804989245 0.280662079065 0.556286456782 1.21150446891 1.50093372471 0.272670780618 0.184170851797 0.363438064099 61.4900097179 61.9026737167 62.0304592071 63.0434219927 837.033702115 0.0857191376564 0.167271636517 0.1974859001 0.190968314723 0.196914834868 0.17205419589 0.318070061508 0.069800543783
-9999.0 -9999.0 -9999.0 -9999.0 -9999.0 -9999.0 -9999.0 -9999.0 -9999.0 -9999.0 -9999.0 -9999.0 -9999.0 -9999.0 -9999.0 -9999.0 0.641170193766 0.623385085043 0.612104299733 1.27767616166 0.547339142265 19.1973329843 19.7924704515 0.821084101344 1.63711026196 0.778612860391 0.62278104745 0.603115360665 36.9238391829 0.356736327358 0.747870603215 0.383026825112 0.33583393589 0.283889252192 0.220048064964 0.22958582553 0.711256547768 0.977550066638 0.187731656311 0.157243583308 0.342169735425 0.571885386757 0.74336416869 0.212763900623 62.2131215518 63.1746257436 837.119860061 0.553278012596 0.394332040735 0.111824334773 0.277125185269 0.0888454890889 0.0692387873887 0.395817277454 0.359292754202
-9999.0 -9999.0 -9999.0 -9999.0 -9999.0 -9999.0 -9999.0 -9999.0 -9999.0 -9999.0 -9999.0 -9999.0 -9999.0 -9999.0 -9999.0 -9999.0 -9999.0 -9999.0 0.611311917703 1.82842696886 2.30172531594 2.82673075903 20.3141988006 20.8575957096 21.4250384008 22.1394245642 22.7283776807 23.936002857 24.2810449398 24.6128887921 24.9059477682 0.290503664496 0.277018224763 0.287471648776 0.97940126236 0.257219042348 0.248554604157 0.194386958965 0.565407914269 0.209914347705 0.163712783385 0.151795723702 0.128666968368 0.256774543303 0.374203392542 63.9470805082 901.71744908 0.0716119245008 0.173926924808 0.0866694758269 0.376917949619 0.204085684235 0.139344925429 1.04133220437 0.588781530329
-9999.0 -9999.0 -9999.0 -9999.0 -9999.0 -9999.0 -9999.0 -9999.0 -9999.0 -9999.0 -9999.0 -9999.0 -9999.0 -9999.0 -9999.0 -9999.0 -9999.0 -9999.0 -9999.0 0.486496058235 3.95840368707 7.85507533978 8.40524565465 0.861584758704 1.68748942147 2.49285414467 3.12928421979 7.42423752555 7.72790369827 0.293669109003 0.290165867725 25.5049775444 26.026800282 26.2739744718 1.16647554592 0.156195275485 0.399303861444 0.590135574227 1.79939299507 2.20268650203 2.51798165062 0.288870847854 0.403552252009 0.136999388268 0.272702202347 0.140573797567 901.963599489 0.0735000241786 0.308166682848 0.183978103498 0.631567132992 1.13440513337 1.31863540259 2.40273332488 0.690363840511
-9999.0 -9999.0 -9999.0 -9999.0 -9999.0 -9999.0 -9999.0 -9999.0 -9999.0 -9999.0 -9999.0 -9999.0 -9999.0 -9999.0 -9999.0 -9999.0 -9999.0 -9999.0 0.558608799989 1.79346977175 3.48692761527 4.53317601398 11.5983867338 12.3206947151 1.66161074376 2.4705330712 3.12159742261 3.75523443788 8.04514836492 8.64553004426 15.0218090211 15.4983578526 15.7768419309 26.5095743436 28.2340626238 0.374678631779 0.256281149586 0.241360399982 0.463154697693 0.211422896677 2.92633984777 3.07755216421 0.527365971041 0.668637052297 0.152014625147 168.594062412 168.868735632 1070.98035252 1071.38017538 0.0662017210806 0.767687417704 0.0950187302837 0.0950255563574 2.6010119076 3.36654871631
-9999.0 -9999.0 -9999.0 -9999.0 -9999.0 -9999.0 -9999.0 -9999.0 -9999.0 -9999.0 -9999.0 -9999.0 -9999.0 -9999.0 -9999.0 -9999.0 -9999.0 -9999.0 -9999.0 0.644561524091 0.621250036097 1.15644948858 2.71353878031 12.8471635762 0.845383846268 0.835883611182 1.5061561148 2.15867471005 5.14355879783 5.55997560006 0.296659542107 0.321047032216 16.1189074508 16.3432181659 44.7972451207 44.9982132761 0.137746433479 0.1224824083 0.10741509348 0.10837821611 0.122878903048 165.86550429 166.77647902 167.583832514 167.885095941 168.466589634 0.157741750973 0.579647823462 0.708575986728 1072.32661101 1072.38036407 1072.42691227 1072.52958942 1072.65773215 3.51232934449
-9999.0 -9999.0 -9999.0 -9999.0 -9999.0 -9999.0 -9999.0 -9999.0 -9999.0 -9999.0 -9999.0 -9999.0 -9999.0 -9999.0 -9999.0 -9999.0 -9999.0 -9999.0 -9999.0 -9999.0 0.555495042986 0.588849214733 1.0751942838 14.93221752 15.5409045528 0.821386959786 1.48658696032 2.15274805248 2.62461707888 0.402573105208 0.790509752846 35.4761095739 35.7405753103 36.0070439174 37.9439380643 83.1649967401 159.847456338 160.189251418 160.505548253 160.81245489 162.190825444 162.635811261 0.787092588004 0.345711215129 0.205711522584 0.387245195603 0.287473307272 0.45619365454 0.143051512632 3.31109529587 3.62442876864 3.84653904451 3.9159296141 1072.7046042 1076.31511705
-9999.0 -9999.0 -9999.0 -9999.0 -9999.0 -9999.0 -9999.0 -9999.0 -9999.0 -9999.0 -9999.0 -9999.0 -9999.0 -9999.0 -9999.0 -9999.0 -9999.0 -9999.0 -9999.0 -9999.0 -9999.0 0.562835229382 1.0698458365 1.58289208346 15.9863424745 0.682002750996 22.0235498095 22.7027943946 23.0912588391 23.4825850453 33.8652899339 34.2962686598 0.268464531694 1.41976821347 1.72759502073 0.275385576724 76.3516683184 75.8361596755 0.177406160026 0.405492508331 1.09123451851 0.241342661396 0.249289666911 0.174170898104 0.1482574676 0.11572772551 0.135344673402 2.86356213797 3.00489235266 3.17446294086 0.199181194021 0.133628498964 3.98155673753 4.06975286346 4.12223439952
-9999.0 -9999.0 -9999.0 -9999.0 -9999.0 -9999.0 -9999.0 -9999.0 -9999.0 -9999.0 -9999.0 -9999.0 -9999.0 -9999.0 -9999.0 -9999.0 -9999.0 -9999.0 -9999.0 -9999.0 -9999.0 0.502848104276 0.46397132357 2.42414481674 19.4656548978 20.6919894728 21.3780892414 0.677300039602 9.41360380702 9.79313146196 9.975320525 0.388060706399 0.709432888773 0.960826802294 17.8290911676 18.046110274 18.2436672225 75.4657244157 46.06013789 0.222999412468 0.233250672164 0.223704378192 0.176051436298 1.76626052142 2.10126188598 2.39535934645 2.55933392268 2.71732668754 18.5422879363 18.6532620478 18.810202063 19.1381541901 20.4568705843 20.5221830495 24.7142135477
-9999.0 -9999.0 -9999.0 -9999.0 -9999.0 -9999.0 -9999.0 -9999.0 -9999.0 -9999.0 -9999.0 -9999.0 -9999.0 -9999.0 -9999.0 -9999.0 -9999.0 -9999.0 -9999.0 -9999.0 -9999.0 -9999.0 0.974604631289 1.49587168382 0.587259709377 0.814441723328 7.12253057081 7.8095897348 8.28577078686 3.74553976474 4.08612786447 4.44946955231 4.74688586302 17.3560356749 17.6502967336 10.5052990458 28.9899358159 29.2132748067 45.8797058646 0.452255709494 0.230718444 0.16281753015 1.21252961779 1.42595230013 0.123917367402 0.113011807793 18.0138280378 18.2954985533 18.4330718712 0.135362853047 0.221489139693 20.2844662322 0.105278248228 0.488917973899 0.543971501992
-9999.0 -9999.0 -9999.0 -9999.0 -9999.0 -9999.0 -9999.0 -9999.0 -9999.0 -9999.0 -9999.0 -9999.0 -9999.0 -9999.0 -9999.0 -9999.0 -9999.0 -9999.0 -9999.0 -9999.0 -9999.0 -9999.0 0.486263938026 0.960637655452 4.18101700241 4.81176823556 5.57009369446 2.87530321613 3.40967705367 0.363364001633 11.675956162 12.0096097618 12.3405160099 0.289076093252 9.96045124962 10.2666352685 0.233884674515 44.7066869433 0.507370348087 0.252002543763 0.646223530998 0.87771473563 0.176043234636 0.143223159602 16.5448158528 17.7580411396 17.9238556335 0.171314266108 0.373561978378 0.471277636143 0.541450857835 1.03115735972 0.179757052108 0.39988392126 0.0816529930726
