data/baseflow/History/mHMbfrc510
ncols                  80
nrows                 72
xllcorner      4374000.0
yllcorner      5656000.0
cellsize            500
NODATA_value       -9999
[rows 24 to 47 of 72, columns 0 to 53 of 80]
-9999.0 -9999.0 -9999.0 -9999.0 -9999.0 -9999.0 -9999.0 -9999.0 -9999.0 -9999.0 -9999.0 -9999.0 1.11659015144 3.12316179522 4.0884843651 6.9866378987 0.872118565338 1.76790638262 2.6059504512 9.84986807542 10.5067093821 10.9323105485 11.5634099782 12.2701976361 19.4131446954 21.4687418044 22.5155256247 0.379873193272 2.38471480981 2.72446057782 41.7734809899 43.0419601368 43.5866999222 44.1393252213 44.6594498542 170.65782966 0.33866711372 360.340015148 0.555688528645 0.225976108968 2.88840079076 2.55015229573 0.341378390074 1.45072967274 2.09310852484 2.07513300721 1.39331053496 2.27175291029 3.56317092491 1.28830278206 3.28148920368 0.252891319939 0.309936760416 0.0590027924848
-9999.0 -9999.0 -9999.0 -9999.0 -9999.0 -9999.0 -9999.0 -9999.0 -9999.0 -9999.0 -9999.0 -9999.0 1.05949643963 2.09439665941 0.96288673549 1.93488612131 0.857384917724 6.52213073245 8.19260586458 9.05339407865 0.796118923239 1.49176652862 14.7666866509 18.238144892 18.7986732381 1.39348928889 1.30234075735 1.80434884194 0.294705496885 0.265529644303 0.500429641375 0.264489643767 22.6448695623 22.9602561741 23.2406896752 171.019584112 362.688289188 360.600065267 0.344363727023 0.156346778378 0.134984526455 0.621955197395 0.499531334883 1.67844897522 2.44096140766 4.95084372154 0.424982631244 0.422482806577 3.8932196428 4.23082144883 8.12559581649 8.31819283549 8.69266999289 8.80433926809
-9999.0 -9999.0 -9999.0 -9999.0 -9999.0 -9999.0 -9999.0 -9999.0 -9999.0 -9999.0 -9999.0 -9999.0 -9999.0 0.965503552514 1.94402786011 2.93518321959 4.72781960935 0.943276068471 0.862487688829 6.05440637653 6.84555403433 13.4483858467 14.253761832 2.23890866891 0.771751055327 0.703162210233 0.633024187531 20.8563178867 21.2563194794 21.5819169035 21.8362892547 22.3608285107 3.4719505649 3.78658358571 27.3722281696 561.260405895 1.60363905738 1.27433737642 0.557904736404 0.156378964013 0.118083551672 0.887523424971 0.976746514566 1.89029893393 0.103735849058 5.0985727655 0.655928464618 0.637643171435 0.0924574987371 0.0619724279674 0.053383511652 0.0805045003995 0.0532818435956 8.85882314266
-9999.0 -9999.0 -9999.0 -9999.0 -9999.0 -9999.0 -9999.0 -9999.0 -9999.0 -9999.0 -9999.0 -9999.0 -9999.0 -9999.0 0.951706834879 1.84971996459 2.65321231407 3.46843951408 4.33572735609 5.2291539285 2.58308089374 4.29638259971 0.793274343734 0.763818681767 17.3276412264 18.8404762239 19.5564032906 20.3071628026 0.538979672613 0.947956996317 2.49943847167 2.81555635252 3.13210536402 0.378161292513 0.292984947247 562.155275294 0.333507649136 0.46346326278 0.241074105545 0.640867799891 0.285459925971 0.189029598442 3.02703850407 3.18705708803 0.105160791419 5.22365270839 5.95349153688 0.712439632278 110.184005592 110.028463668 109.895832141 109.583539431 109.426572448 107.500744376
-9999.0 -9999.0 -9999.0 -9999.0 -9999.0 -9999.0 -9999.0 -9999.0 -9999.0 -9999.0 -9999.0 -9999.0 -9999.0 -9999.0 0.211733352059 0.46526871956 0.794728633534 7.36582667753 8.24101000884 0.891216950529 0.874968773974 0.853886883521 14.1627939872 15.8146825412 0.809933748198 0.820120841446 0.667622115363 2.73439219799 3.40016573114 1.63706099742 2.03865618388 15.6115330185 16.0777702401 17.0019552703 26.6131690834 588.983111213 0.347749537704 0.200852141212 1.00030293194 0.818705742979 0.145194657135 0.493846211736 0.644930574122 3.35337938548 3.49263097794 9.7220684196 6.01087518127 0.770103116115 112.601735042 1.094297481 109.772363016 109.683931274 1.79874772284 0.095047709725
-9999.0 -9999.0 -9999.0 -9999.0 -9999.0 -9999.0 -9999.0 -9999.0 -9999.0 -9999.0 -9999.0 -9999.0 -9999.0 -9999.0 1.0852734092 1.77737131804 3.67783567304 6.47145979543 8.97986428299 10.8025812923 11.6642236342 12.5420157817 13.3960400787 0.806066451533 0.749646200339 1.45944250871 1.37551778263 0.705519715796 13.5973247607 14.2439118846 14.8447365311 15.4082423461 8.37744299948 8.75275720904 9.2620342151 589.172104496 0.591090471736 0.637616523431 1.75689793448 0.162084424235 0.326799743537 0.174484575235 0.139702341176 0.794670575335 0.110932559618 0.117788217272 122.97653969 113.16352146 113.043024 0.480170290466 1.00612636333 0.627387625517 0.126676253295 1.57380103338
-9999.0 -9999.0 -9999.0 -9999.0 -9999.0 -9999.0 -9999.0 -9999.0 -9999.0 -9999.0 -9999.0 -9999.0 -9999.0 -9999.0 0.756743753369 0.714341367952 1.40461496212 2.12343879035 0.927550627517 0.952766942693 1.83174075692 2.69298046888 4.32254066656 5.13672977186 5.89414399094 8.13612647063 8.8409616191 9.58376749074 0.656428942914 6.66805331154 7.21445927214 7.66836226749 0.306502218827 0.113083016965 0.227899043911 598.18109296 598.36111436 599.327042719 2.21742769139 0.332948763492 0.556617727474 0.156744390295 0.250683175196 0.914069904638 1.12305177572 0.2134543884 123.518357207 0.180986414021 0.265715551476 0.294320617495 0.222193652465 0.383266601624 0.155061366669 1.10283042654
-9999.0 -9999.0 -9999.0 -9999.0 -9999.0 -9999.0 -9999.0 -9999.0 -9999.0 -9999.0 -9999.0 -9999.0 -9999.0 -9999.0 -9999.0 0.680109216728 1.33862320356 0.649163339222 1.33759812016 8.390519975 9.19786858917 10.0360667317 0.819303743371 0.819260187938 1.57152369918 2.33056760024 3.69421250464 4.39105564527 4.76340643098 5.37057178596 0.517549208807 0.438267127619 8.10284661336 8.23208825308 8.39882263923 8.5846075398 6.86147096554 606.936770685 610.255273047 610.399694841 611.080587158 611.742868193 612.12738493 0.112556233225 1.22327586051 123.625725875 0.256223090996 0.13169690416 0.142249018048 0.133134307984 0.225902348732 0.194201785413 0.112852002356 0.174293457201
-9999.0 -9999.0 -9999.0 -9999.0 -9999.0 -9999.0 -9999.0 -9999.0 -9999.0 -9999.0 -9999.0 -9999.0 -9999.0 -9999.0 -9999.0 -9999.0 1.98569997389 2.66609292233 4.7297517685 6.32106036653 0.870296414324 11.8258952137 12.6273385341 13.3987075933 0.773287176993 1.51772936838 0.684299215885 5.0908395782 5.41908944276 5.95063615614 6.47776991529 7.73562402293 7.8941672054 0.103010049798 6.13364733462 6.50267886567 6.68727118857 7.42091400836 0.922888468889 0.588240295282 0.349426868746 0.318752914351 612.558192074 612.763220616 614.827695573 123.736052401 0.699551991338 0.347897217933 0.231922233844 0.0709306994966 0.642225866402 0.328273254282 0.100298795015 0.535646654584
-9999.0 -9999.0 -9999.0 -9999.0 -9999.0 -9999.0 -9999.0 -9999.0 -9999.0 -9999.0 -9999.0 -9999.0 -9999.0 -9999.0 -9999.0 -9999.0 0.700192950047 3.3531325257 4.08199033805 0.901068116583 0.860175102822 1.73351380369 2.54119523278 16.7327174266 0.765338990929 3.07846971159 3.78873317869 4.4829839355 0.350644486018 0.835070834058 1.06513482968 5.0222216969 5.49766801181 5.66374995011 0.188495881219 0.177231702632 0.199699023799 0.367546788391 0.150395817998 0.156793651646 0.265920682465 0.197918756441 0.251670586518 0.710913697071 615.031242479 739.248464315 0.896907027025 0.169283639637 0.0813289000502 1.95523332889 1.79839982383 1.04384968207 0.928261026586 0.682701954305
-9999.0 -9999.0 -9999.0 -9999.0 -9999.0 -9999.0 -9999.0 -9999.0 -9999.0 -9999.0 -9999.0 -9999.0 -9999.0 -9999.0 -9999.0 0.59364898569 1.92593748237 0.631889978882 0.958917062674 0.935983401604 1.8129072676 2.66353247708 3.45624469186 20.8459862334 21.5705976062 0.744932509905 1.43997476342 2.14161466153 2.5893694835 3.08649532902 4.409763864 4.83694780773 0.256417077241 0.250070459867 0.194356922184 0.213342136069 0.270315982956 0.282842822375 0.250864715377 0.290369992175 0.975456659483 0.420512349839 0.181220794132 0.174439516962 0.166944217947 0.310793327095 745.453305811 5.1842209518 2.42003992701 0.233112802397 0.105325000002 0.0799166802943 0.261609211742 0.176601937757
-9999.0 -9999.0 -9999.0 -9999.0 -9999.0 -9999.0 -9999.0 -9999.0 -9999.0 -9999.0 -9999.0 -9999.0 -9999.0 -9999.0 0.621171086412 1.20628708572 4.33441865775 0.594617367029 1.79006886724 2.69772099871 3.55355013232 0.888656488485 1.67942017171 2.44709867747 24.6409058904 0.70480468226 1.35742531063 2.01950403298 0.593498137347 1.16696730168 1.39928515997 1.79375463325 44.7484501404 45.2910316575 45.8003068282 48.1778742883 48.8803685092 50.5690336208 0.567156598876 1.17922427038 1.24742219901 55.881034171 56.2174268715 0.161019694791 0.281090672664 0.396959360311 745.58424333 4.90753708771 2.17887870041 2.04696333085 1.72408849872 1.53565108863 0.348838196478 0.0876451705402
-9999.0 -9999.0 -9999.0 -9999.0 -9999.0 -9999.0 -9999.0 -9999.0 -9999.0 -9999.0 -9999.0 -9999.0 -9999.0 -9999.0 0.630544973908 1.91794712965 6.88498865437 10.1372198487 0.524809171443 13.2473038608 17.4423228672 0.823434479025 1.59343156444 2.37692366084 31.4304505562 32.0646930847 0.577721202392 3.18107061182 3.71584974643 4.16157962256 41.2543201358 42.124299834 42.7054862311 0.289175733973 1.64043781919 1.96832944472 0.837180908473 1.20676704073 52.2130722893 53.9098905592 54.1982138996 54.469385422 56.5364167647 0.155233612686 0.136224482974 0.647659617272 745.74651844 0.172196267892 0.0736324535896 0.213105873469 0.0908699004494 1.36065123338 1.19450363823 0.708042175373
-9999.0 -9999.0 -9999.0 -9999.0 -9999.0 -9999.0 -9999.0 -9999.0 -9999.0 -9999.0 -9999.0 -9999.0 -9999.0 -9999.0 -9999.0 -9999.0 1.33722050819 2.68028011677 11.9851443457 12.6525462651 18.0265334974 18.6747148619 0.820666939844 1.64115058442 3.86725072744 32.6169999551 33.7855463155 34.2647233744 0.395418927147 35.9418527052 36.8050460745 0.567613954768 0.288634168119 0.554651745295 1.07496524062 0.260377827547 0.519382519102 1.11630932086 1.40051246816 0.265855260441 0.177562327343 0.352373198936 57.8018430164 58.2176607411 58.3358530439 59.3015034229 745.891351663 0.11853606576 0.0400653141745 0.0517954123457 0.0517723286461 0.0542881730085 0.0462402527854 0.0818544029611
-9999.0 -9999.0 -9999.0 -9999.0 -9999.0 -9999.0 -9999.0 -9999.0 -9999.0 -9999.0 -9999.0 -9999.0 -9999.0 -9999.0 -9999.0 -9999.0 0.694136742556 0.676331832328 0.663515990003 1.32406794039 0.578030321152 19.8276303357 20.4200045104 0.758513175067 1.50351239263 0.703360667427 0.57600910915 0.557507823086 35.2016349471 0.265659194283 0.539635712343 0.323386146209 0.30000067852 0.261047734491 0.202775903163 0.21138587027 0.645283193237 0.884904772629 0.169742816582 0.146977185715 0.31877669984 0.532129358155 0.672275314972 0.187796320751 58.5169091491 59.4260395907 745.998878524 0.342729997473 0.100757966337 0.0215269585687 0.0671567343706 0.0161394462728 0.0116440439044 0.0957529694827
-9999.0 -9999.0 -9999.0 -9999.0 -9999.0 -9999.0 -9999.0 -9999.0 -9999.0 -9999.0 -9999.0 -9999.0 -9999.0 -9999.0 -9999.0 -9999.0 -9999.0 -9999.0 0.669217714924 1.9291048212 2.45646502936 3.01747335359 20.9788398824 21.5493841316 22.1254641275 22.798695409 23.3417672162 24.463392701 24.7340305917 24.9739471166 25.2117753924 0.263707335205 0.247205002373 0.258401377559 0.895467938403 0.236376857088 0.223829604787 0.175419572295 0.508130883647 0.196409868452 0.151588903557 0.140237968075 0.117192622082 0.233882470063 0.34037241147 60.1341662802 806.593023731 0.118252764201 0.231125847733 0.0142432176657 0.0867923142831 0.0407557844422 0.0234887604719 0.774924840175
-9999.0 -9999.0 -9999.0 -9999.0 -9999.0 -9999.0 -9999.0 -9999.0 -9999.0 -9999.0 -9999.0 -9999.0 -9999.0 -9999.0 -9999.0 -9999.0 -9999.0 -9999.0 -9999.0 0.542586732404 4.38965041314 8.60150116027 9.1848282357 0.82985728533 1.59538852402 2.32998245523 2.93241444962 6.91311647203 7.18607300889 0.26509799899 0.260975281315 25.7747255888 26.2594141705 26.4814141305 1.06496762131 0.150643984037 0.380302054784 0.556874015189 1.6698713833 2.04065954954 2.3309912485 0.265476489979 0.370164733593 0.12517277369 0.249217378563 0.128780475096 806.841352502 0.100848012114 0.431490362918 0.123099893841 0.272268067043 0.865002680287 0.942883251619 1.77613449705
-9999.0 -9999.0 -9999.0 -9999.0 -9999.0 -9999.0 -9999.0 -9999.0 -9999.0 -9999.0 -9999.0 -9999.0 -9999.0 -9999.0 -9999.0 -9999.0 -9999.0 -9999.0 0.615349682906 1.971000322 3.85462564435 5.02901045744 12.7994308933 13.5088246475 1.52552771148 2.26529143737 2.89112135057 3.48104372023 7.44684038152 7.98098038624 13.740636475 14.1522476505 14.4080506792 26.7009755497 28.3167426873 0.367741718283 0.245392608529 0.232888476133 0.445639404627 0.201178159984 2.71426058161 2.85269260365 0.490617329422 0.620635571146 0.161924318352 163.247889941 163.53734489 970.556374942 971.143054551 0.113412113734 0.509497906183 0.252710660382 0.203574283002 2.11536597965
-9999.0 -9999.0 -9999.0 -9999.0 -9999.0 -9999.0 -9999.0 -9999.0 -9999.0 -9999.0 -9999.0 -9999.0 -9999.0 -9999.0 -9999.0 -9999.0 -9999.0 -9999.0 -9999.0 0.708007090396 0.690598492745 1.29508402932 3.06616093998 14.0887335464 0.778834748924 0.770268763483 1.39959801264 2.02831564071 4.7272098485 5.06708913844 0.224434481528 0.277927848292 14.7148870613 14.9421501371 43.4726170443 43.6712008473 0.131948361797 0.116358058823 0.0989565013346 0.0999233407547 0.109772513357 160.696180875 161.540396483 162.28441582 162.571038685 163.115490866 0.147842184148 0.544111204776 0.67217122096 972.080173542 972.166359709 972.243682743 972.358463984 972.472105299
-9999.0 -9999.0 -9999.0 -9999.0 -9999.0 -9999.0 -9999.0 -9999.0 -9999.0 -9999.0 -9999.0 -9999.0 -9999.0 -9999.0 -9999.0 -9999.0 -9999.0 -9999.0 -9999.0 -9999.0 0.625001340597 0.658534661834 1.21698551223 16.4623627011 17.0755505389 0.755980408546 1.38344516906 2.02551831957 2.41191996754 0.317328948131 0.658236884313 37.1159993053 37.3568023675 37.5835612257 39.3504722116 83.2211993966 155.221054932 155.540413184 155.832119066 156.111504414 157.314189969 157.704192784 0.723525249689 0.322733746123 0.193582860138 0.363869882618 0.270444091082 0.429177773946 0.13472729144 3.0923636533 3.5313293996 3.8563628003 3.91754153764 972.545148066
-9999.0 -9999.0 -9999.0 -9999.0 -9999.0 -9999.0 -9999.0 -9999.0 -9999.0 -9999.0 -9999.0 -9999.0 -9999.0 -9999.0 -9999.0 -9999.0 -9999.0 -9999.0 -9999.0 -9999.0 -9999.0 0.63671940732 1.21940575147 1.80671623731 17.5721071262 0.642079538396 24.0340059375 24.6921559471 25.0033246322 25.3612788973 35.7338125938 36.1063539078 0.257739867398 1.31622630461 1.5956800294 0.263643399591 71.683809011 71.2064556103 0.152507321355 0.350570005458 0.949283814839 0.210470709392 0.223811879689 0.163995907223 0.140404560579 0.109010672316 0.128189377744 2.65840495929 2.79269814109 2.95547974112 0.318746086573 0.230179084986 4.04886244819 4.13912936248
-9999.0 -9999.0 -9999.0 -9999.0 -9999.0 -9999.0 -9999.0 -9999.0 -9999.0 -9999.0 -9999.0 -9999.0 -9999.0 -9999.0 -9999.0 -9999.0 -9999.0 -9999.0 -9999.0 -9999.0 -9999.0 0.574268157099 0.538529658875 2.80005933815 21.5305562513 22.7576947545 23.4209955868 0.640869189344 9.67956369431 9.95767134712 10.0842668337 0.338987104329 0.639389348307 0.893720596041 16.5725631556 16.7730291331 16.9479716183 70.8794553583 43.9414140297 0.195214355905 0.20410417921 0.195050125205 0.155325434633 1.6135914504 1.93237174155 2.2115236712 2.36838142922 2.51926028269 17.0980913504 17.2103121989 17.3414885561 17.6212150521 19.0130118968 19.0732052718
-9999.0 -9999.0 -9999.0 -9999.0 -9999.0 -9999.0 -9999.0 -9999.0 -9999.0 -9999.0 -9999.0 -9999.0 -9999.0 -9999.0 -9999.0 -9999.0 -9999.0 -9999.0 -9999.0 -9999.0 -9999.0 -9999.0 1.12381493542 1.72323175147 0.627795966753 0.764221187156 7.5522014228 8.20764838534 8.65084406826 3.48264870455 3.72078988334 4.00131785936 4.27661703358 16.1236481781 16.3986450968 9.38136287853 26.5534711553 26.7621619841 43.7829315627 0.411087743326 0.208274068946 0.147187408003 1.1148137797 1.30932063907 0.11822337401 0.109568299136 16.5699462362 16.8508521934 16.993181282 0.130956132693 0.196431383689 18.7689982989 0.132273646175 0.489682926683
-9999.0 -9999.0 -9999.0 -9999.0 -9999.0 -9999.0 -9999.0 -9999.0 -9999.0 -9999.0 -9999.0 -9999.0 -9999.0 -9999.0 -9999.0 -9999.0 -9999.0 -9999.0 -9999.0 -9999.0 -9999.0 -9999.0 0.565146648568 1.11720524764 4.74031089188 5.39414686432 6.11108677672 2.73671098644 3.2394714174 0.262848450849 11.1079237681 11.3429324976 11.5840066218 0.259347953414 8.87149181241 9.15649117487 0.214179263443 42.7146884781 0.458667403334 0.226457160933 0.601925656616 0.810919546808 0.160366715017 0.130616317619 15.1388217494 16.3103984029 16.4794740858 0.168016670141 0.367528276284 0.460587069955 0.556138436699 1.05785346037 0.177670388708 0.403313148352
