data/baseflow/History/mHMbfrc472
ncols                  80
nrows                 72
xllcorner      4374000.0
yllcorner      5656000.0
cellsize            500
NODATA_value       -9999
[rows 0 to 23 of 72, columns 0 to 54 of 80]
-9999.0 -9999.0 -9999.0 -9999.0 -9999.0 -9999.0 -9999.0 -9999.0 -9999.0 -9999.0 -9999.0 -9999.0 1.52139114416 1.0907948565 -9999.0 -9999.0 -9999.0 -9999.0 -9999.0 -9999.0 -9999.0 -9999.0 -9999.0 -9999.0 -9999.0 -9999.0 -9999.0 -9999.0 -9999.0 -9999.0 -9999.0 -9999.0 -9999.0 -9999.0 -9999.0 -9999.0 -9999.0 -9999.0 -9999.0 -9999.0 -9999.0 -9999.0 -9999.0 -9999.0 -9999.0 -9999.0 -9999.0 -9999.0 -9999.0 -9999.0 -9999.0 -9999.0 -9999.0 -9999.0 -9999.0
-9999.0 -9999.0 -9999.0 -9999.0 -9999.0 -9999.0 -9999.0 -9999.0 -9999.0 -9999.0 -9999.0 -9999.0 3.05012870638 6.35810977516 0.948033006665 -9999.0 0.697501805204 -9999.0 -9999.0 -9999.0 -9999.0 -9999.0 -9999.0 -9999.0 -9999.0 -9999.0 -9999.0 -9999.0 -9999.0 -9999.0 -9999.0 -9999.0 -9999.0 -9999.0 -9999.0 -9999.0 -9999.0 -9999.0 -9999.0 -9999.0 -9999.0 -9999.0 -9999.0 -9999.0 -9999.0 -9999.0 -9999.0 -9999.0 -9999.0 -9999.0 -9999.0 -9999.0 -9999.0 -9999.0 -9999.0
-9999.0 -9999.0 -9999.0 -9999.0 -9999.0 -9999.0 -9999.0 -9999.0 -9999.0 -9999.0 1.52680910721 1.47233710699 1.51826565317 1.44683903306 9.15707571527 10.2483837832 1.97946608757 0.628936651917 -9999.0 -9999.0 -9999.0 -9999.0 -9999.0 -9999.0 -9999.0 -9999.0 -9999.0 -9999.0 -9999.0 -9999.0 -9999.0 -9999.0 -9999.0 -9999.0 -9999.0 -9999.0 -9999.0 -9999.0 -9999.0 -9999.0 -9999.0 -9999.0 -9999.0 -9999.0 -9999.0 -9999.0 -9999.0 -9999.0 -9999.0 -9999.0 -9999.0 -9999.0 -9999.0 -9999.0 -9999.0
-9999.0 -9999.0 -9999.0 -9999.0 -9999.0 -9999.0 -9999.0 -9999.0 -9999.0 1.48431486419 2.99853393843 5.92882743648 2.93222095438 1.428532338 2.8194502335 11.6435704491 15.3055223961 0.775319069954 -9999.0 1.51461159834 -9999.0 -9999.0 -9999.0 -9999.0 1.38175162273 0.687959936498 -9999.0 -9999.0 -9999.0 -9999.0 -9999.0 -9999.0 -9999.0 -9999.0 -9999.0 -9999.0 -9999.0 -9999.0 -9999.0 -9999.0 -9999.0 -9999.0 -9999.0 -9999.0 -9999.0 -9999.0 -9999.0 -9999.0 -9999.0 -9999.0 -9999.0 -9999.0 -9999.0 -9999.0 -9999.0
-9999.0 -9999.0 -9999.0 -9999.0 -9999.0 -9999.0 -9999.0 -9999.0 1.57270020513 4.56947920397 6.0039465589 7.44957444889 10.2569332461 1.38025589467 5.53395160802 6.91861181705 24.562522737 1.31511604064 1.42557478605 2.91590325861 4.27085960336 1.39613159197 -9999.0 3.87605979129 3.16085777431 0.941206260426 -9999.0 -9999.0 -9999.0 -9999.0 -9999.0 -9999.0 -9999.0 -9999.0 -9999.0 -9999.0 -9999.0 -9999.0 -9999.0 -9999.0 -9999.0 -9999.0 -9999.0 -9999.0 -9999.0 -9999.0 -9999.0 -9999.0 -9999.0 -9999.0 -9999.0 -9999.0 -9999.0 -9999.0 -9999.0
-9999.0 -9999.0 -9999.0 -9999.0 -9999.0 -9999.0 1.6178205186 1.48880927812 1.47136063546 1.47875552697 1.48219647811 10.4108387381 22.095186284 23.5207766678 24.7910652163 1.21799502291 27.1012645003 28.4396080969 2.77306472285 1.35251377611 5.59817540561 9.70979756773 1.36596392539 7.99034333349 1.48925897107 1.46631749744 1.5476759244 -9999.0 -9999.0 -9999.0 -9999.0 -9999.0 -9999.0 -9999.0 -9999.0 -9999.0 -9999.0 -9999.0 -9999.0 -9999.0 -9999.0 -9999.0 -9999.0 -9999.0 -9999.0 -9999.0 -9999.0 -9999.0 -9999.0 -9999.0 -9999.0 -9999.0 -9999.0 -9999.0 -9999.0
-9999.0 -9999.0 -9999.0 -9999.0 -9999.0 -9999.0 3.21542360345 4.73150357252 10.6695577509 15.0254749639 1.39515790525 1.42058445021 1.37752147055 4.0728827222 30.1656813083 1.2370509019 29.7712215744 34.8666947355 4.02420694375 2.64681470428 11.0051182358 1.36474918309 9.35499558946 2.80886728888 1.43973721152 2.89704222283 3.03722980085 1.48955902254 1.47397483286 1.46842760938 1.48404829684 2.99257816089 -9999.0 -9999.0 -9999.0 -9999.0 -9999.0 -9999.0 -9999.0 -9999.0 -9999.0 -9999.0 -9999.0 -9999.0 -9999.0 -9999.0 -9999.0 -9999.0 -9999.0 -9999.0 -9999.0 -9999.0 -9999.0 -9999.0 -9999.0
-9999.0 -9999.0 -9999.0 -9999.0 -9999.0 1.61472752144 3.18175843075 1.54091810886 3.02639905593 16.516647763 19.3695014844 22.2008655148 68.7464450794 1.33883879735 31.5242412181 110.242683649 111.210862343 147.667722351 1.01118924656 3.94904793282 12.3155332461 1.30733421869 24.9634083532 14.2769906686 8.76983853836 7.36692305779 1.47006818771 4.42873976646 4.32628816547 2.89940683546 1.42924039888 4.46308339716 1.44636007045 1.4492560655 -9999.0 -9999.0 -9999.0 -9999.0 -9999.0 -9999.0 -9999.0 -9999.0 -9999.0 -9999.0 -9999.0 -9999.0 -9999.0 -9999.0 -9999.0 -9999.0 -9999.0 -9999.0 -9999.0 -9999.0 -9999.0
-9999.0 -9999.0 -9999.0 -9999.0 -9999.0 1.61886557129 4.75014359571 9.47393386065 10.9583457781 21.6917842482 23.1339367267 27.5690727803 45.199420886 72.3645174474 75.0140250126 76.2353646129 2.41486056705 151.933817067 154.1164772 160.58923836 203.179275069 28.9383249467 26.3169811093 10.1298893658 1.34601531465 8.64460285567 5.85588120087 1.42123611739 5.67502352435 1.29162289795 2.65699242552 7.23508674339 8.62739733507 2.8496013852 1.39979405678 1.41938294883 -9999.0 -9999.0 -9999.0 -9999.0 0.81462384487 0.676759358808 -9999.0 -9999.0 -9999.0 -9999.0 -9999.0 -9999.0 -9999.0 -9999.0 -9999.0 -9999.0 -9999.0 -9999.0 -9999.0
-9999.0 -9999.0 -9999.0 -9999.0 -9999.0 1.5999317378 1.55115588888 6.25973877243 7.74600576984 9.26672364119 1.49627778112 2.9808675962 16.6094074981 2.90274296877 1.44762520572 1.40304690757 1.29850357572 1.39897815135 1.37897201881 1.3863276604 204.526375289 208.476500718 1.30699814844 3.99244387108 2.68922228707 9.98641819552 2.81324719653 1.39165741176 7.07403456067 2.54249226864 6.07309961742 15.3812788266 14.239775429 4.24604073778 4.25968042933 1.4031673289 1.41411295141 -9999.0 -9999.0 1.42272390063 1.93663010249 4.02533478036 0.710701119628 -9999.0 -9999.0 -9999.0 -9999.0 -9999.0 -9999.0 -9999.0 -9999.0 -9999.0 -9999.0 -9999.0 -9999.0
-9999.0 -9999.0 -9999.0 -9999.0 -9999.0 -9999.0 1.60859373078 1.58074592423 3.147669657 4.69263284921 10.6943209319 13.7164206543 15.2004788285 1.49585156289 1.37058406578 17.4280450906 21.5806634976 22.9477328503 28.4707579046 29.826382208 1.35120437176 209.802917207 216.335214721 5.22796337631 1.03391438345 11.2455925372 25.2473818414 9.85070928996 2.66322042185 1.30894934914 23.9833988661 16.6900414289 1.32421316209 1.33232897772 5.59665415633 4.15891827442 1.37878020582 1.45583026168 1.37884436488 2.78016136768 1.36754967664 4.91344812925 6.28582825495 1.39132135542 -9999.0 -9999.0 -9999.0 -9999.0 1.51561195041 1.48139970344 0.396544352404 -9999.0 -9999.0 -9999.0 -9999.0
-9999.0 -9999.0 -9999.0 -9999.0 -9999.0 -9999.0 -9999.0 1.61784067175 1.46367223991 2.9936952229 4.51709886953 1.53024780377 1.44898081289 8.85132816133 11.7681240184 14.688855594 1.39706116961 2.79616022812 1.37050422729 31.1505941315 68.4507935405 69.265591282 288.033551477 1.33702609982 3.16446447836 1.02424191499 26.5828396453 1.32175937033 3.99080560771 1.30562982953 25.3030062296 26.6062925039 2.6377443976 2.62717960902 13.8307219975 6.89568283482 2.81930848346 1.40892764619 2.77193389983 4.14999642621 6.87101759561 1.37687312924 9.17611689554 10.6979169621 1.47198283605 1.51387771772 1.54047473266 1.50338688342 1.46950543034 4.42293170264 1.69340377083 1.11483804814 -9999.0 -9999.0 -9999.0
-9999.0 -9999.0 -9999.0 -9999.0 -9999.0 -9999.0 -9999.0 -9999.0 3.0368089269 4.47896254253 1.51934275892 3.04491071915 4.51260809394 7.4753356395 1.49980487575 1.48219456253 1.37915969801 1.40849073523 1.36252114033 34.6125786842 1.37359132293 2.73013372522 291.76127367 295.288192043 2.24277968405 7.50955217457 35.4935958766 2.59945829547 5.24098545974 2.57890064742 3.81486722102 31.753982312 3.89345393094 20.3166006607 16.4187018263 1.28652706885 6.85469552611 2.73338950916 4.10322812207 1.33733955442 8.26418330441 11.1053474307 12.5524260596 13.9725448612 16.4395164097 2.88031778696 2.94045012439 2.87432067914 2.80457139118 5.76348355212 1.28990597602 4.11021232325 5.3427457237 -9999.0 -9999.0
-9999.0 -9999.0 -9999.0 -9999.0 -9999.0 -9999.0 -9999.0 -9999.0 1.56217054029 7.5658325328 9.06764295025 1.50983141262 2.99166130241 1.48480217946 1.45722157841 1.42778687696 17.4019135251 23.3757760454 28.7582716629 33.7674725088 1.30036233048 1.36624744651 1.73045565638 302.001767726 305.771991857 307.885446194 48.1981495739 10.5994565029 9.18103854461 1.32413502222 5.12566667513 38.1445608827 1.31024775299 21.5999511219 1.27967300829 8.76113900793 8.19066675183 1.31493102281 5.41433166086 2.64936691604 3.95533058094 1.4413639383 1.42574052897 15.3863053561 16.7602464833 17.8094437446 4.33702588419 4.25083831882 4.16664134001 7.05943996855 9.62566375902 1.27310456969 6.56092360986 1.20488640678 2.3945051889
-9999.0 -9999.0 -9999.0 -9999.0 -9999.0 -9999.0 -9999.0 -9999.0 -9999.0 1.53985651707 10.5755442708 12.0802907965 4.48794233467 7.45534458632 10.3535778304 11.7934070974 1.44477971785 4.5861710456 2.99615464887 1.43572645944 1.47130776799 1.4015070151 2.85472186817 5.24402927732 2.24847340586 360.274231749 362.508518664 2.12260716651 1.44751037838 2.56393680023 3.82073975979 41.9277531481 2.5446770041 22.8604516696 13.6335274039 11.1391596191 1.30215886932 2.61026192182 6.70275357166 1.27440504166 5.22372898621 2.70773223301 2.64925117062 1.20282628187 20.5061113582 39.6036667194 5.56977650107 5.48830640589 5.39368355051 1.20007746725 10.8212949212 1.18824804794 8.99232840279 1.16897359087 3.57850845695
-9999.0 -9999.0 -9999.0 -9999.0 -9999.0 -9999.0 -9999.0 -9999.0 -9999.0 -9999.0 1.47209940052 15.0523295337 1.49905930791 2.99037883585 4.41493459885 7.38682392691 1.56037238652 3.16724062885 1.5718044356 1.56637366386 1.49039224902 2.96201489017 1.43184168807 1.71266912464 3.98314739833 2.3169611272 364.535547669 368.714870895 374.498006659 5.33605585064 1.25378991047 2.49153887998 43.1649178408 42.7769969378 16.1719749156 1.26505645925 5.18387027725 3.90006175035 7.99517857287 2.56475363416 10.4598148786 3.96908962666 3.89671805829 0.99023801039 1.21095491479 41.002887959 42.3401226646 54.6736657484 9.06616893574 2.44019501054 12.0811320784 14.4810728465 24.6424643641 2.32413734415 1.12481246621
-9999.0 -9999.0 -9999.0 -9999.0 -9999.0 -9999.0 -9999.0 -9999.0 -9999.0 -9999.0 -9999.0 0.767215721662 16.7583482226 1.44867558911 2.86215660956 13.216686796 1.56173970767 1.57059636052 1.46117576256 3.02072657195 1.38587442625 5.73564029702 8.55242928821 9.94148962343 5.45422050701 7.39674128653 2.24874365551 2.31990269884 2.04177247563 382.992453752 387.092180451 44.3631282799 45.1528699908 43.9657349006 2.52179465503 1.26261745456 6.41798204545 16.8979481238 9.25077259043 3.82824914135 15.5227785184 8.0207663937 6.80718593159 1.91022538906 0.952572148573 0.978221487313 1.06902718262 59.1172688756 71.9548275265 1.1770622185 1.17374206379 1.15484729174 25.7715046434 29.1896087059 2.16018025305
-9999.0 -9999.0 -9999.0 -9999.0 -9999.0 -9999.0 -9999.0 -9999.0 -9999.0 -9999.0 -9999.0 0.734601787964 18.5666469072 22.9508811268 1.41256771096 16.0432421568 1.48394190382 1.46937255252 2.8403660809 7.24094297806 1.38863305418 1.41854842659 1.35986368642 12.7299515976 14.1101397867 22.8593470444 26.5682693928 28.3069870113 30.3566344257 32.3231395721 421.336080452 469.26460038 517.929863518 519.399422531 1.48793025578 1.25505713524 19.3594809676 18.144516499 1.22937519992 1.21186315233 16.6660933264 25.8980787153 1.14205087275 13.0866253705 12.0623598353 3.9198314275 2.06967069623 3.18041544456 1.35133753149 74.5435438241 1.30505373529 3.58048661252 4.74596409813 37.3112758236 40.269646753
-9999.0 -9999.0 -9999.0 -9999.0 -9999.0 -9999.0 -9999.0 -9999.0 -9999.0 -9999.0 -9999.0 1.53122004739 2.96182323613 24.370741769 27.1037269581 1.37248015801 18.6355528774 1.38673382079 4.18268862038 8.57331493983 2.72030398216 1.33125843162 2.73341304887 1.35870617386 2.61831436464 1.24871066587 1.19993020211 1.06995555036 0.997958967048 1.06521904875 1.26118971638 1.6901637724 2.03327531972 2.1511105941 524.73780188 26.3916394979 23.0972525457 1.74088300467 3.66742236431 0.925302137002 0.741334848823 27.0845963557 43.7218152074 14.3157367704 10.1974171657 1.95780963616 1.00041882898 0.980821144294 2.24066961928 78.0893916585 80.6809652129 1.31496332962 1.31004992308 1.19305743952 0.83249434833
-9999.0 -9999.0 -9999.0 -9999.0 -9999.0 -9999.0 -9999.0 -9999.0 -9999.0 -9999.0 -9999.0 -9999.0 1.44781244056 18.1287163431 46.6288772195 50.7911474442 70.7236903824 71.8153928597 19.2394323582 13.9875942849 4.07857787028 1.32562749442 5.35917931966 6.64721815691 10.5140753845 2.52226213681 2.45530650846 2.33149752457 4.57388616238 2.30210518098 2.46786255038 1.08167671069 0.885987581014 1.24168408106 526.422018593 553.68096961 555.540915146 1.94550016157 11.393994388 4.09888013225 1.23484612899 47.3672691746 2.48924768867 1.26611693543 5.1121337114 1.16780745596 1.2726590785 2.54196988241 3.77651129371 5.05216330589 83.1190112625 1.19967121469 1.13499846749 1.13439291464 1.01424915411
-9999.0 -9999.0 -9999.0 -9999.0 -9999.0 -9999.0 -9999.0 -9999.0 -9999.0 -9999.0 -9999.0 1.50187210559 13.7819667063 16.7225271726 2.80514070571 0.828236318316 1.97896527281 75.1360395854 76.316353665 96.586063782 1.26679732993 2.58526220362 1.22786850976 1.25084233047 11.7494836978 15.5069011645 19.1708188192 1.2112572426 5.79324080672 9.29078822731 5.90647739893 2.26296227852 1.96746253999 2.1171666342 2.45375972614 1.61438628602 557.229082797 558.93885077 573.728732607 2.34073170924 1.17403398677 48.1935248503 2.58151301098 1.31441560559 1.33634153691 1.31904024783 1.29919460478 2.60470269703 7.70463864841 14.0730192387 98.3922655255 1.0692736527 3.19897966274 2.14248848656 1.97523175859
-9999.0 -9999.0 -9999.0 -9999.0 -9999.0 -9999.0 -9999.0 -9999.0 -9999.0 -9999.0 -9999.0 1.52953887023 9.33755901376 1.48823778885 1.40201695824 6.90000023924 8.19968410503 9.56479043675 10.8926215943 130.590299296 131.658758597 134.020632805 151.434470954 155.26283331 157.684395743 158.950422719 181.215794515 184.343421378 185.509137202 196.00150238 203.13018424 204.318425566 208.472447778 3.26546367128 3.40191834341 1.0981200572 1.59560618463 560.596632993 579.267834771 3.74143250347 55.1053228339 54.0279029791 5.10031638209 1.27047405051 1.30361883937 1.29995948784 1.24729151861 2.50935550361 3.77929320529 1.32173435391 99.5804186627 100.788638025 107.262143079 108.372200694 111.416616424
-9999.0 -9999.0 -9999.0 -9999.0 -9999.0 -9999.0 -9999.0 -9999.0 -9999.0 -9999.0 -9999.0 4.73250990273 6.26952386736 2.97786742971 4.41533872583 1.42399759072 16.3866141726 17.8085582514 20.5895544778 21.7910342506 9.38967821466 145.261383759 146.368638274 1.32011556641 1.17582969806 1.0717548769 2.26488622975 1.04912843306 0.901951001333 0.856584325209 0.931992515308 205.353586399 209.549971373 213.860117016 218.259948296 223.702690266 3.00971137477 1.42665320515 638.615828213 57.5685281967 56.1971688936 1.18200397944 1.19132569131 1.18108398906 2.52121488572 2.52997018156 1.19299162482 1.17166771039 1.14694368592 2.46232401505 3.60530567011 1.08035520282 2.0652109919 0.91324008746 0.737065468365
-9999.0 -9999.0 -9999.0 -9999.0 -9999.0 -9999.0 -9999.0 -9999.0 -9999.0 -9999.0 -9999.0 -9999.0 3.19784095808 1.51236422461 1.45897912779 13.5931869095 15.0329303408 1.43229505365 5.71434642058 7.03230901326 8.29302787685 1.34715919845 1.38269089898 24.0091333083 25.3239493025 26.5943809302 68.435311353 69.5320616491 71.3957950826 79.64774093 85.2586191899 86.13026615 0.76477976768 0.782799793648 0.808148569704 226.226710889 1.36245447741 652.014100113 649.587484757 9.38817667616 7.94136216467 4.68841108557 1.18043693487 2.36653681025 3.73316539088 3.73140208653 2.35852750575 1.13634086161 2.27941571686 2.2776564223 4.69162863543 0.703549231256 2.87437934955 4.88686662113 6.39297863438
