data/baseflow/History/mHMbfrc366
ncols                  80
nrows                 72
xllcorner      4374000.0
yllcorner      5656000.0
cellsize            500
NODATA_value       -9999
[rows 0 to 23 of 72, columns 0 to 53 of 80]
-9999.0 -9999.0 -9999.0 -9999.0 -9999.0 -9999.0 -9999.0 -9999.0 -9999.0 -9999.0 -9999.0 -9999.0 1.23329970473 0.981656449069 -9999.0 -9999.0 -9999.0 -9999.0 -9999.0 -9999.0 -9999.0 -9999.0 -9999.0 -9999.0 -9999.0 -9999.0 -9999.0 -9999.0 -9999.0 -9999.0 -9999.0 -9999.0 -9999.0 -9999.0 -9999.0 -9999.0 -9999.0 -9999.0 -9999.0 -9999.0 -9999.0 -9999.0 -9999.0 -9999.0 -9999.0 -9999.0 -9999.0 -9999.0 -9999.0 -9999.0 -9999.0 -9999.0 -9999.0 -9999.0
-9999.0 -9999.0 -9999.0 -9999.0 -9999.0 -9999.0 -9999.0 -9999.0 -9999.0 -9999.0 -9999.0 -9999.0 2.52319306674 5.44861557433 0.853324638405 -9999.0 0.656813057656 -9999.0 -9999.0 -9999.0 -9999.0 -9999.0 -9999.0 -9999.0 -9999.0 -9999.0 -9999.0 -9999.0 -9999.0 -9999.0 -9999.0 -9999.0 -9999.0 -9999.0 -9999.0 -9999.0 -9999.0 -9999.0 -9999.0 -9999.0 -9999.0 -9999.0 -9999.0 -9999.0 -9999.0 -9999.0 -9999.0 -9999.0 -9999.0 -9999.0 -9999.0 -9999.0 -9999.0 -9999.0
-9999.0 -9999.0 -9999.0 -9999.0 -9999.0 -9999.0 -9999.0 -9999.0 -9999.0 -9999.0 1.1887233982 1.17173375375 1.23424572716 1.21973661938 7.77919461738 8.69551507844 1.83754485481 0.583723951216 -9999.0 -9999.0 -9999.0 -9999.0 -9999.0 -9999.0 -9999.0 -9999.0 -9999.0 -9999.0 -9999.0 -9999.0 -9999.0 -9999.0 -9999.0 -9999.0 -9999.0 -9999.0 -9999.0 -9999.0 -9999.0 -9999.0 -9999.0 -9999.0 -9999.0 -9999.0 -9999.0 -9999.0 -9999.0 -9999.0 -9999.0 -9999.0 -9999.0 -9999.0 -9999.0 -9999.0
-9999.0 -9999.0 -9999.0 -9999.0 -9999.0 -9999.0 -9999.0 -9999.0 -9999.0 1.15564551417 2.35387556567 4.68997212222 2.39720655713 1.17272156417 2.30342376379 9.81312635959 13.1105936974 0.687762077779 -9999.0 1.21326874822 -9999.0 -9999.0 -9999.0 -9999.0 1.27296868118 0.64201383772 -9999.0 -9999.0 -9999.0 -9999.0 -9999.0 -9999.0 -9999.0 -9999.0 -9999.0 -9999.0 -9999.0 -9999.0 -9999.0 -9999.0 -9999.0 -9999.0 -9999.0 -9999.0 -9999.0 -9999.0 -9999.0 -9999.0 -9999.0 -9999.0 -9999.0 -9999.0 -9999.0 -9999.0
-9999.0 -9999.0 -9999.0 -9999.0 -9999.0 -9999.0 -9999.0 -9999.0 1.27011261978 3.62910767252 4.75759711132 5.88547114463 8.19457902106 1.07380637 4.42221317198 5.46964034788 20.3615006414 0.960905331031 1.01245981398 2.28521052041 3.33256784227 1.09622655874 -9999.0 3.42325860216 2.80856478068 0.799953485356 -9999.0 -9999.0 -9999.0 -9999.0 -9999.0 -9999.0 -9999.0 -9999.0 -9999.0 -9999.0 -9999.0 -9999.0 -9999.0 -9999.0 -9999.0 -9999.0 -9999.0 -9999.0 -9999.0 -9999.0 -9999.0 -9999.0 -9999.0 -9999.0 -9999.0 -9999.0 -9999.0 -9999.0
-9999.0 -9999.0 -9999.0 -9999.0 -9999.0 -9999.0 1.23338639946 1.15817504761 1.14142425349 1.15873768413 1.18547617812 8.26680880777 17.6095335882 18.7395561932 19.7263874975 0.969512339983 22.3357422647 23.3492573845 2.07777730791 1.06628114434 4.35948017142 7.57383888386 1.03799896673 6.55583952494 1.13012386949 1.08907473744 1.16167317704 -9999.0 -9999.0 -9999.0 -9999.0 -9999.0 -9999.0 -9999.0 -9999.0 -9999.0 -9999.0 -9999.0 -9999.0 -9999.0 -9999.0 -9999.0 -9999.0 -9999.0 -9999.0 -9999.0 -9999.0 -9999.0 -9999.0 -9999.0 -9999.0 -9999.0 -9999.0 -9999.0
-9999.0 -9999.0 -9999.0 -9999.0 -9999.0 -9999.0 2.4467315977 3.61741507744 8.25383795632 11.6270545005 1.05810915113 1.0761608885 1.05005556482 3.11258929608 23.8119320846 0.874899233306 24.2849103665 28.1182863314 3.03936705888 1.98665323447 8.52405405995 1.0412254472 7.57892001427 2.07175225953 1.04047049722 2.09491359169 2.30512626334 1.16992287452 1.1753044852 1.14411915222 1.20588135898 2.41062068668 -9999.0 -9999.0 -9999.0 -9999.0 -9999.0 -9999.0 -9999.0 -9999.0 -9999.0 -9999.0 -9999.0 -9999.0 -9999.0 -9999.0 -9999.0 -9999.0 -9999.0 -9999.0 -9999.0 -9999.0 -9999.0 -9999.0
-9999.0 -9999.0 -9999.0 -9999.0 -9999.0 1.28138553483 2.50758311823 1.21494531081 2.39337745326 12.825830185 15.0585927412 17.2631780366 54.0311966783 1.03633794069 24.8508069281 86.8371927179 87.5457542525 116.909238182 0.809032799056 2.91111887328 9.47853540172 0.94227003815 19.2117925066 10.6402884479 6.54414157197 5.48488429576 1.12846373848 3.4585881027 3.43518992198 2.28455219374 1.0975608354 3.54170547063 1.06831434936 1.0452729114 -9999.0 -9999.0 -9999.0 -9999.0 -9999.0 -9999.0 -9999.0 -9999.0 -9999.0 -9999.0 -9999.0 -9999.0 -9999.0 -9999.0 -9999.0 -9999.0 -9999.0 -9999.0 -9999.0 -9999.0
-9999.0 -9999.0 -9999.0 -9999.0 -9999.0 1.27224152564 3.73210445788 7.46444279603 8.63468686127 17.1383969771 18.2729388697 21.7940521084 35.7339566587 57.0091903015 59.1490471958 60.1651078483 1.88382347997 120.243688049 121.899097593 126.695642529 159.239702021 22.1345504267 20.2460307579 7.55805029891 0.997578327556 6.5504787324 4.47495472163 0.973992408805 4.46322501651 0.999004889335 2.05568483448 5.60490927015 6.63923546916 2.05656457455 1.01931443906 0.973563611678 -9999.0 -9999.0 -9999.0 -9999.0 0.65461140032 0.562770103989 -9999.0 -9999.0 -9999.0 -9999.0 -9999.0 -9999.0 -9999.0 -9999.0 -9999.0 -9999.0 -9999.0 -9999.0
-9999.0 -9999.0 -9999.0 -9999.0 -9999.0 1.24058682498 1.2037650534 4.95746473484 6.14415993414 7.36021529078 1.19131909098 2.36367143919 13.1627431224 2.42834645323 1.17378704808 1.10018372304 1.01912648947 1.12642963523 1.05851325537 1.09242006238 160.245028175 163.068136302 0.93227279628 2.89551345856 1.98365764471 7.51911995991 1.97035640737 0.94343421733 5.51787323659 1.94865990157 4.63535556025 11.5941428308 10.7370416185 3.07495355207 2.97976291642 1.01487127438 0.993181674235 -9999.0 -9999.0 0.986234094696 1.50062583756 3.2461908396 0.597190790957 -9999.0 -9999.0 -9999.0 -9999.0 -9999.0 -9999.0 -9999.0 -9999.0 -9999.0 -9999.0 -9999.0
-9999.0 -9999.0 -9999.0 -9999.0 -9999.0 -9999.0 1.26835143428 1.28296319832 2.47231678362 3.67611594058 8.42940015902 10.8123609038 12.0413220869 1.27891772599 1.07230040796 13.7673751637 17.0457665717 18.0717368343 22.3159518031 23.2768822076 0.966193631532 164.051514916 168.819156817 3.80319514264 0.770158014165 8.37472870862 18.5655667499 7.36099212669 1.81047831919 0.90094871296 18.0301638419 12.532910549 0.919697207548 0.905196415568 3.90864063582 2.95680703219 0.955660951201 0.91117121783 0.957829431861 1.92072959383 0.904295623655 3.95120592192 4.83144919474 0.822541102411 -9999.0 -9999.0 -9999.0 -9999.0 0.896224596889 0.847797207662 0.209559431782 -9999.0 -9999.0 -9999.0
-9999.0 -9999.0 -9999.0 -9999.0 -9999.0 -9999.0 -9999.0 1.25602890828 1.14140888604 2.37047896475 3.59998764357 1.19755563102 1.15241409949 7.05202506317 9.33886779593 11.6703320388 1.13617591475 2.1732151993 1.10704760067 24.2909004918 53.4401671518 54.1053674606 224.684830132 0.930160987954 2.21547806148 0.688853720458 19.4408202903 0.905724547774 2.72693838231 0.893608601979 18.9363444657 19.8443532487 1.84620983325 1.8034953336 9.74247616951 4.87230388752 1.87346892159 0.961935081679 1.9059564749 2.85557509584 4.63874681489 0.867452392025 6.45900514188 7.23422861401 0.704389952942 0.747792734376 0.76487761942 0.707269778041 0.668613390189 2.47748655737 0.896098995192 0.569663611671 -9999.0 -9999.0
-9999.0 -9999.0 -9999.0 -9999.0 -9999.0 -9999.0 -9999.0 -9999.0 2.35857138175 3.43263378087 1.18390718908 2.40182315485 3.58643117713 5.96280337016 1.21211556341 1.17239931836 1.04265812245 1.05058146271 0.957720680777 27.0833574489 1.13534728198 2.2157893172 227.666023985 229.781984967 1.01463657675 4.24247432078 24.545749913 1.75078606084 3.52792711257 1.64614809007 2.42406704137 23.3057767738 2.66234983709 14.043565725 11.4481559864 0.858619244836 4.6170058679 1.86451121199 2.76814996213 0.850129323104 5.47800033972 7.14087547751 7.82619853685 8.4801219291 9.89240095678 1.3398712444 1.38968411795 1.28966074283 1.2039307696 3.09174145254 0.606269081558 2.08805605477 2.61702551102 -9999.0
-9999.0 -9999.0 -9999.0 -9999.0 -9999.0 -9999.0 -9999.0 -9999.0 1.22366434238 5.86191874266 7.02137617155 1.15929413374 2.30585380967 1.14437131391 1.09384100275 1.07832677288 13.4512860286 18.0084586084 22.1785644764 26.3708273552 1.0557536737 1.10259220063 1.15286825074 234.459864155 236.623505897 237.600321733 32.6677917609 7.05456119174 6.11241864772 0.763585700302 3.16846780808 27.2532785623 0.767781507739 14.8271380214 0.843048234257 5.90800528832 5.538193807 0.885218169452 3.62938462653 1.70272061821 2.5245439564 0.781444160539 0.643771893739 9.12661670795 9.71463160099 10.4788935416 2.01032512527 1.88324739976 1.77276843816 3.74622454159 4.9749099355 0.613105239266 3.17369430859 0.583029801478
-9999.0 -9999.0 -9999.0 -9999.0 -9999.0 -9999.0 -9999.0 -9999.0 -9999.0 1.25190690933 8.22971285252 9.3713832265 3.45481575328 5.75787680182 7.98023819308 9.11490949569 1.18448756073 3.48810162667 2.38181601065 1.22900797353 1.21317211402 1.10960702562 2.22694269315 3.73888616586 1.27578970225 272.523547632 273.562761175 0.957902449666 0.74511716978 1.51604951606 2.25602154684 29.5040951916 1.50275014187 15.5137091587 9.00464023703 7.42431015871 0.828617716784 1.68724984204 4.39501331148 0.765728496512 3.25626985814 1.52391652641 1.13000307164 0.518901132974 11.2939681097 22.2591352382 2.4436669335 2.32718226372 2.28913989235 0.51498373872 5.47609316038 0.486744751478 4.25465329987 0.493473981331
-9999.0 -9999.0 -9999.0 -9999.0 -9999.0 -9999.0 -9999.0 -9999.0 -9999.0 -9999.0 1.16159690442 11.7052969072 1.14173150381 2.29361877548 3.3872555653 5.55460365587 1.10937021747 2.28659275866 1.1574099142 1.08663038517 1.05280063661 2.08556174045 0.949218395036 1.10105407881 2.22676227088 1.21016304695 274.593810318 276.532028428 279.293940574 3.0824040413 0.74529381904 1.48676368464 30.2829367653 28.2501575354 10.6032204091 0.786925094381 3.30481691196 2.48922325782 5.16294187913 1.52790199361 6.28191867335 2.27183846436 1.76727076097 0.417189609775 0.530145996998 22.8891426244 23.4336015001 28.6775546112 3.90688699436 1.06497551208 6.02072236582 7.03985930734 11.7546056474 0.988145545438
-9999.0 -9999.0 -9999.0 -9999.0 -9999.0 -9999.0 -9999.0 -9999.0 -9999.0 -9999.0 -9999.0 0.591964603243 12.9986570148 1.10276364662 2.17026432952 9.85714615453 1.10118116231 1.08766955987 0.988368707591 2.11532737161 1.06052999292 4.20009260475 6.09708824858 6.96700485492 3.09968429921 4.00444164656 1.01241881055 1.16614339336 1.03656167405 283.994983024 286.201837819 31.0002021102 29.6525273383 28.9578236475 1.41873893574 0.685649649037 4.02379437585 10.627963094 5.88634192307 2.2401039397 9.23184392688 3.75013400204 3.07414221722 0.799573616152 0.31871564957 0.318294055664 0.354913526077 30.4254391579 35.8886784985 0.505222755292 0.449293895494 0.485989048437 12.193279886 13.5884416668
-9999.0 -9999.0 -9999.0 -9999.0 -9999.0 -9999.0 -9999.0 -9999.0 -9999.0 -9999.0 -9999.0 0.539824546194 14.3447565175 17.7577097994 1.07585939841 11.9838712887 1.02107071034 0.973773919941 1.99132684858 5.13461326812 1.01940755199 1.07856180997 0.933394935757 8.81338854526 9.69721233109 14.6389288344 16.5484775088 17.5384157207 18.4965071681 19.4558881753 306.596283342 339.334673388 370.579490338 371.262828128 0.73169912788 0.688330589833 12.0743967196 11.3561047783 0.709739751144 0.70639246122 9.90954182233 14.3914135125 0.601452929536 6.80387612448 6.2847422011 1.61892216267 0.770409969783 1.26422627793 0.57741331897 36.8650567241 0.493843074884 1.39718969277 1.76012688595 16.5676658789
-9999.0 -9999.0 -9999.0 -9999.0 -9999.0 -9999.0 -9999.0 -9999.0 -9999.0 -9999.0 -9999.0 1.20946007226 2.36090130561 18.8837026442 20.8813922258 1.01455123429 13.8369703705 0.865900585389 2.71342342104 6.05105442894 1.95766433044 0.932472626422 1.94909540239 0.815323233363 1.5814351203 0.767742577012 0.725605307958 0.634173278274 0.619800426975 0.637142453155 0.670261240047 0.855202063843 0.959837227212 1.01356741266 373.718273584 14.6929324133 13.3833267275 0.613630393389 2.04074297334 0.471531052273 0.382427172326 15.0472751237 23.8683808429 7.53461521884 5.5913947258 0.928856692277 0.391394392353 0.352753220488 0.81160884875 38.180904532 39.1206003305 0.48898313466 0.489867559366 0.442386984003
-9999.0 -9999.0 -9999.0 -9999.0 -9999.0 -9999.0 -9999.0 -9999.0 -9999.0 -9999.0 -9999.0 -9999.0 1.05293399316 14.4039031653 36.3456286561 39.6068042109 54.3920675003 55.2074028464 13.375711355 9.88790737587 2.90797427192 0.915708505293 3.76477264793 4.64755641962 7.01912383675 1.58270850984 1.48287574777 1.41033322275 2.78264418733 1.37246024913 1.37640427475 0.64216153038 0.48872320911 0.582381558047 374.47590921 389.529700994 390.218605699 0.634828569296 5.5206996738 2.19918653709 0.685689216875 26.0900868548 1.56765283923 0.809315163728 3.31431281133 0.700553326433 0.562024370812 1.04792835654 1.45822738296 1.91706887467 39.9228363904 0.379891947905 0.327494751322 0.32708232252
-9999.0 -9999.0 -9999.0 -9999.0 -9999.0 -9999.0 -9999.0 -9999.0 -9999.0 -9999.0 -9999.0 1.14354301091 10.9223466555 13.304021856 2.2456964658 0.642121462058 1.472320852 57.6355647422 58.4530544885 72.6075454095 0.813740906617 1.71899680015 0.755478729873 0.768639543124 7.78848501865 10.1377372239 12.3327155814 0.69272995616 3.48368975618 5.54141835295 3.31153680308 1.29781242386 1.0363022721 1.01658382477 1.00863613852 0.58463841469 390.817872855 391.31265885 397.868978211 1.17106024037 0.60971502868 26.5932936567 1.61845721167 0.840838597236 0.902606048603 0.897857488606 0.775985755612 1.38203518167 3.88692886754 6.30814999153 46.609903103 0.283011475402 0.846522552837 0.571648870142
-9999.0 -9999.0 -9999.0 -9999.0 -9999.0 -9999.0 -9999.0 -9999.0 -9999.0 -9999.0 -9999.0 1.16746829797 7.58363906937 1.21584301623 1.09131691167 5.63549067982 6.63081353489 7.62256205893 8.51432912801 99.2490829035 100.023445892 101.605197932 113.817425228 116.189610367 117.600964467 118.406883324 132.467260538 134.323663063 135.070629838 141.43700711 145.528063849 146.190576975 148.471524145 1.61909805156 1.47649167385 0.406604594833 0.434138475569 391.880240892 400.119825466 1.75419538798 30.697458154 30.1472034729 3.08017381004 0.736767284204 0.743486820381 0.718249751637 0.700126704333 1.41341082877 2.0044583998 0.57249334586 46.9742298334 47.3612226743 49.102148958 49.4108739216
-9999.0 -9999.0 -9999.0 -9999.0 -9999.0 -9999.0 -9999.0 -9999.0 -9999.0 -9999.0 -9999.0 3.90466172454 5.17543254351 2.46176559765 3.65832871873 1.18461828209 13.2069012913 14.2572260841 16.3398097738 17.2232979448 6.85453759563 109.781273018 110.554053469 0.798053326557 0.614513819258 0.571266465277 1.24035906623 0.619925590978 0.494485224217 0.448090706007 0.469437304312 146.836807725 149.122787841 151.376160498 153.377197307 154.92228131 0.722105673751 0.242716203474 432.285267684 31.7032471167 31.2773265897 0.620054490629 0.601670555351 0.561105922375 1.3067098474 1.28345502025 0.558884818168 0.563096858016 0.480408799604 1.03569430119 1.3615601391 0.262393527327 0.465721349995 0.176038375178
-9999.0 -9999.0 -9999.0 -9999.0 -9999.0 -9999.0 -9999.0 -9999.0 -9999.0 -9999.0 -9999.0 -9999.0 2.65086622895 1.25469700928 1.17974439819 11.0999893505 12.1902745957 1.08957044663 4.2492290328 5.24169647923 6.13492136477 0.969685899213 0.762249289382 17.3479328165 18.0048159202 18.6376761879 47.8098430057 48.3385924267 49.288467586 53.6791618289 56.296523316 56.6913537694 0.354356212406 0.382406803237 0.36386531703 155.642139259 0.331450935308 437.579510448 437.085204725 4.36199696872 3.82286729656 2.36310391246 0.593733049604 1.11091197985 1.87130038768 1.85278704349 1.09243647336 0.536974006601 1.00939951051 0.93813690434 1.73608516826 0.207197526035 0.657732613713 1.10754935636
