data/baseflow/History/mHMbfrc344
ncols                  80
nrows                 72
xllcorner      4374000.0
yllcorner      5656000.0
cellsize            500
NODATA_value       -9999
[rows 0 to 23 of 72, columns 0 to 53 of 80]
-9999.0 -9999.0 -9999.0 -9999.0 -9999.0 -9999.0 -9999.0 -9999.0 -9999.0 -9999.0 -9999.0 -9999.0 0.683547461274 0.747901133728 -9999.0 -9999.0 -9999.0 -9999.0 -9999.0 -9999.0 -9999.0 -9999.0 -9999.0 -9999.0 -9999.0 -9999.0 -9999.0 -9999.0 -9999.0 -9999.0 -9999.0 -9999.0 -9999.0 -9999.0 -9999.0 -9999.0 -9999.0 -9999.0 -9999.0 -9999.0 -9999.0 -9999.0 -9999.0 -9999.0 -9999.0 -9999.0 -9999.0 -9999.0 -9999.0 -9999.0 -9999.0 -9999.0 -9999.0 -9999.0
-9999.0 -9999.0 -9999.0 -9999.0 -9999.0 -9999.0 -9999.0 -9999.0 -9999.0 -9999.0 -9999.0 -9999.0 1.23129827955 3.2036718954 0.610102694611 -9999.0 0.57227622041 -9999.0 -9999.0 -9999.0 -9999.0 -9999.0 -9999.0 -9999.0 -9999.0 -9999.0 -9999.0 -9999.0 -9999.0 -9999.0 -9999.0 -9999.0 -9999.0 -9999.0 -9999.0 -9999.0 -9999.0 -9999.0 -9999.0 -9999.0 -9999.0 -9999.0 -9999.0 -9999.0 -9999.0 -9999.0 -9999.0 -9999.0 -9999.0 -9999.0 -9999.0 -9999.0 -9999.0 -9999.0
-9999.0 -9999.0 -9999.0 -9999.0 -9999.0 -9999.0 -9999.0 -9999.0 -9999.0 -9999.0 0.524648705078 0.50811059761 0.527573083358 0.516025358566 4.17840516921 4.75385400278 1.62466622384 0.527002310347 -9999.0 -9999.0 -9999.0 -9999.0 -9999.0 -9999.0 -9999.0 -9999.0 -9999.0 -9999.0 -9999.0 -9999.0 -9999.0 -9999.0 -9999.0 -9999.0 -9999.0 -9999.0 -9999.0 -9999.0 -9999.0 -9999.0 -9999.0 -9999.0 -9999.0 -9999.0 -9999.0 -9999.0 -9999.0 -9999.0 -9999.0 -9999.0 -9999.0 -9999.0 -9999.0 -9999.0
-9999.0 -9999.0 -9999.0 -9999.0 -9999.0 -9999.0 -9999.0 -9999.0 -9999.0 0.511858959157 1.03287777653 2.0502921651 1.01800776174 0.495259202152 0.970943881811 5.22554005478 7.99058809421 0.562145397176 -9999.0 0.501752876617 -9999.0 -9999.0 -9999.0 -9999.0 1.11424001473 0.569462534259 -9999.0 -9999.0 -9999.0 -9999.0 -9999.0 -9999.0 -9999.0 -9999.0 -9999.0 -9999.0 -9999.0 -9999.0 -9999.0 -9999.0 -9999.0 -9999.0 -9999.0 -9999.0 -9999.0 -9999.0 -9999.0 -9999.0 -9999.0 -9999.0 -9999.0 -9999.0 -9999.0 -9999.0
-9999.0 -9999.0 -9999.0 -9999.0 -9999.0 -9999.0 -9999.0 -9999.0 0.576625681668 1.62605420963 2.11766490608 2.61345761814 3.54716709166 0.466379773607 1.86423006885 2.31581731861 11.3580055293 0.495613523174 0.433087902339 0.951114064191 1.38590706914 0.450406754493 -9999.0 2.81860690638 2.30541692577 0.611012038161 -9999.0 -9999.0 -9999.0 -9999.0 -9999.0 -9999.0 -9999.0 -9999.0 -9999.0 -9999.0 -9999.0 -9999.0 -9999.0 -9999.0 -9999.0 -9999.0 -9999.0 -9999.0 -9999.0 -9999.0 -9999.0 -9999.0 -9999.0 -9999.0 -9999.0 -9999.0 -9999.0 -9999.0
-9999.0 -9999.0 -9999.0 -9999.0 -9999.0 -9999.0 0.580659424568 0.529852015179 0.50595250097 0.514118089506 0.519400834763 3.65986258149 7.70350195867 8.1933448091 8.54111206697 0.296597435912 12.1400272587 12.5746131085 0.880021184316 0.442395845621 1.81286884589 3.13802561261 0.503475730145 4.33005418144 0.460886321276 0.504714306188 0.474428574276 -9999.0 -9999.0 -9999.0 -9999.0 -9999.0 -9999.0 -9999.0 -9999.0 -9999.0 -9999.0 -9999.0 -9999.0 -9999.0 -9999.0 -9999.0 -9999.0 -9999.0 -9999.0 -9999.0 -9999.0 -9999.0 -9999.0 -9999.0 -9999.0 -9999.0 -9999.0 -9999.0
-9999.0 -9999.0 -9999.0 -9999.0 -9999.0 -9999.0 1.1474878993 1.68395886975 3.79651664891 5.29451264056 0.46703987033 0.481281419091 0.461003555901 1.35647605909 10.309625816 0.350591337855 12.9948137817 14.6394894479 1.29231460073 0.843490188878 3.54424768092 0.434822206093 4.75996324666 0.871590606473 0.436538675926 0.929264046798 0.935457584561 0.466120975291 0.47433516933 0.468110992677 0.480464964768 0.964461511324 -9999.0 -9999.0 -9999.0 -9999.0 -9999.0 -9999.0 -9999.0 -9999.0 -9999.0 -9999.0 -9999.0 -9999.0 -9999.0 -9999.0 -9999.0 -9999.0 -9999.0 -9999.0 -9999.0 -9999.0 -9999.0 -9999.0
-9999.0 -9999.0 -9999.0 -9999.0 -9999.0 0.612737999775 1.18646833357 0.56493407166 1.09855739686 5.8375857524 6.82344470395 7.79991994488 24.7230696791 0.45022852502 10.7547073431 38.9514106983 39.2693734049 54.4806016451 0.355759557837 1.24880018057 3.95331640884 0.405946343103 9.66032600456 4.48064229742 2.75753714997 2.3165909859 0.457915877637 1.38775988633 1.39227441544 0.929696539179 0.453220225099 1.42923189946 0.450606760392 0.44774847569 -9999.0 -9999.0 -9999.0 -9999.0 -9999.0 -9999.0 -9999.0 -9999.0 -9999.0 -9999.0 -9999.0 -9999.0 -9999.0 -9999.0 -9999.0 -9999.0 -9999.0 -9999.0 -9999.0 -9999.0
-9999.0 -9999.0 -9999.0 -9999.0 -9999.0 0.608540379814 1.76651221448 3.52703593027 4.06409548005 8.03333786613 8.54229891658 10.1298878936 16.470488657 26.082855211 27.0029937599 27.4345962495 0.787495423853 55.9007272867 56.6280252971 58.6817920023 73.9556089847 10.9063946624 10.0911760086 3.18509017791 0.422739289352 2.67245504035 1.81338913655 0.413426917441 1.81693778658 0.416099760299 0.856459653525 2.30148578121 2.73714970402 0.881328870951 0.429496018934 0.430506612023 -9999.0 -9999.0 -9999.0 -9999.0 0.522740207653 0.471773919201 -9999.0 -9999.0 -9999.0 -9999.0 -9999.0 -9999.0 -9999.0 -9999.0 -9999.0 -9999.0 -9999.0 -9999.0
-9999.0 -9999.0 -9999.0 -9999.0 -9999.0 0.587488425233 0.561394675856 2.33634087226 2.88224147928 3.44628380079 0.538790821662 1.0676423364 5.98467806874 1.09894154394 0.504198318688 0.467864855192 0.423395284943 0.473462994339 0.452278039123 0.454193581854 74.3892692047 75.6125771685 0.403795211578 1.2411058938 0.842060135799 3.08657848935 0.832463256156 0.404679787475 2.24693282759 0.814664342397 1.96129504739 4.83974470694 4.47297221813 1.30581296458 1.27996078588 0.434183221054 0.431425143031 -9999.0 -9999.0 0.433086174576 1.0715671395 2.5227490741 0.490986092115 -9999.0 -9999.0 -9999.0 -9999.0 -9999.0 -9999.0 -9999.0 -9999.0 -9999.0 -9999.0 -9999.0
-9999.0 -9999.0 -9999.0 -9999.0 -9999.0 -9999.0 0.605975139471 0.612593410534 1.15772305293 1.71676961237 3.86392240365 4.94500346597 5.49325798847 0.596497119137 0.460382152132 6.0257085941 7.40581997986 7.84413504264 9.64999295547 10.0720338543 0.418466165298 76.0339097643 77.9842004367 1.5379841503 0.148333550565 3.41696899427 7.67063751455 3.04286010119 0.793430166741 0.398770094068 7.57940274714 5.24326278125 0.39357804701 0.398418627203 1.68426739901 1.27596187 0.410508834874 0.405142799522 0.419963784359 0.84650925469 0.408211287679 3.06116670165 3.45374319138 0.377660704045 -9999.0 -9999.0 -9999.0 -9999.0 0.413084637537 0.39650302152 0.123408551767 -9999.0 -9999.0 -9999.0
-9999.0 -9999.0 -9999.0 -9999.0 -9999.0 -9999.0 -9999.0 0.592370414955 0.491734740104 1.06469691573 1.62557649959 0.544660282507 0.509205760836 3.12977710391 4.11521975776 5.11709613004 0.47163035976 0.928784793104 0.458027514026 10.5029017468 23.7441983968 24.2529398409 103.145391412 0.398476320823 0.482511228909 0.14933775345 8.05912432915 0.391215376436 1.19801477819 0.394136625938 7.96816613029 8.35594360567 0.789304352725 0.789596493703 4.19967053695 2.10220446718 0.822541372061 0.417299187628 0.840365298849 1.26169162218 2.0608259624 0.388938349662 4.18994670996 4.52479666531 0.305974998069 0.324037497996 0.335237162611 0.310090716454 0.295733816703 1.15364261 0.464395443179 0.30321473193 -9999.0 -9999.0
-9999.0 -9999.0 -9999.0 -9999.0 -9999.0 -9999.0 -9999.0 -9999.0 1.08787895806 1.54004213939 0.536172231745 1.08875259532 1.6066326086 2.65445300061 0.531088901365 0.509857708659 0.451861209926 0.45732767464 0.425051763307 12.3737805189 0.461312068945 0.907204608453 104.594014622 105.592877731 0.424648549411 1.32342479811 9.75696484377 0.771017356494 1.55927098076 0.740243408373 1.09798523273 9.86800696889 1.15427583884 6.11312330179 4.96363086344 0.387954536859 2.03110948712 0.816223073151 1.2339770018 0.393879380889 2.44417987565 3.18678908119 3.48233805461 3.76533195004 5.68103827914 0.582747033777 0.609281682623 0.56709385163 0.536074684727 1.44594970224 0.312071235157 1.08637928799 1.37789211269 -9999.0
-9999.0 -9999.0 -9999.0 -9999.0 -9999.0 -9999.0 -9999.0 -9999.0 0.574095987316 2.67033122583 3.19491464794 0.525214010666 1.03314722817 0.507503699554 0.480754540273 0.473480190535 5.86077197098 7.79331135615 9.76458491648 11.8268742784 0.527690599885 0.452606598489 0.461780062782 107.810312499 108.987781448 109.450579431 13.2971399227 3.09789475839 2.7032390246 0.35188550424 1.44457737776 11.6662409648 0.353049341713 6.47057285464 0.381274519819 2.62661552244 2.43463680218 0.39478700917 1.62495911689 0.783442291493 1.16468307792 0.351418891646 0.274169131779 4.04540472896 4.30274406214 5.93773557096 0.881621432204 0.828511044323 0.793260161437 1.77135102047 2.40002837274 0.313406031631 1.67917309405 0.318213340798
-9999.0 -9999.0 -9999.0 -9999.0 -9999.0 -9999.0 -9999.0 -9999.0 -9999.0 0.58104780053 3.73760345832 4.25309097316 1.54167616423 2.55493121772 3.5179320416 4.00136148849 0.491394392161 1.47703283486 0.979801845838 0.497045812519 0.492202730307 0.452972875245 0.903964846043 1.54137030171 0.587844100329 123.821549386 124.260628025 0.407092821437 0.323471166909 0.708747493408 1.05901841948 12.7096938855 0.695979055816 6.79728803258 4.05199301813 3.3305950246 0.38008943862 0.769057304757 1.99026682021 0.363805652518 1.51888375728 0.701317894753 0.433419399146 0.133679704686 4.8146591196 10.9688166029 1.07878722223 1.03071988165 1.05421651982 0.269786012126 2.66798571792 0.262429946083 2.26016705898 0.288549835731
-9999.0 -9999.0 -9999.0 -9999.0 -9999.0 -9999.0 -9999.0 -9999.0 -9999.0 -9999.0 0.516230431211 5.29412263435 0.507022789826 1.01376211558 1.4842743967 2.41886652002 0.475079279791 0.98201949508 0.485231361177 0.466005159851 0.446281238023 0.887074825324 0.408295423251 0.446084901511 0.913207220533 0.523026602145 124.755150967 125.614878547 126.817691217 1.40919647889 0.353825203881 0.705065343438 13.0688957612 12.5940886344 4.78887892882 0.365562715828 1.51826917481 1.14270388507 2.35649577315 0.728544608057 2.93108815339 1.0532718556 0.716690308058 0.0527996776382 0.145250742691 11.2285027442 11.4697189195 13.7938197661 1.89400085558 0.554859476862 2.9543439324 3.49670123861 6.01543474905 0.568050357288
-9999.0 -9999.0 -9999.0 -9999.0 -9999.0 -9999.0 -9999.0 -9999.0 -9999.0 -9999.0 -9999.0 0.270905991446 5.85779543378 0.4876085591 0.949768445293 4.29881684736 0.480728508203 0.477806394073 0.441814926494 0.922776077542 0.454051248428 1.79398533139 2.61847746655 3.00811675838 1.28756429249 1.65641201122 0.422366704417 0.493473640065 0.494499145358 129.126788252 130.201721149 13.3928967648 13.2441889776 12.9217729064 0.670814505935 0.329034497484 1.86517766527 4.91793019738 2.70653453541 1.07679980843 4.344293241 1.28457477577 0.960181700637 0.106649489147 0.0446876131907 0.0507959778226 0.0868787877271 14.2403364838 16.8919296152 0.269596085261 0.250514123304 0.268782280098 6.27863361695 7.09589619175
-9999.0 -9999.0 -9999.0 -9999.0 -9999.0 -9999.0 -9999.0 -9999.0 -9999.0 -9999.0 -9999.0 0.258787931772 6.48159516265 7.97820043962 0.466204768826 5.22971433336 0.451122109812 0.437483116013 0.882076961252 2.25069055556 0.441800936816 0.45710659282 0.406152178246 3.81806843664 4.209493939 6.28022972518 7.05068368288 7.4110815821 7.81145193714 8.26285994542 138.922437766 152.956834359 166.832489003 167.179041613 0.314678081224 0.330937143602 5.61310084896 5.26824886612 0.344327265075 0.341197823599 4.66962908642 6.29184922756 0.272971745807 2.18017319127 2.01425656306 0.238663616516 0.148179208392 0.251621208307 0.251892112498 17.3475472528 0.228452319671 0.724709736165 0.912866153698 8.48512090958
-9999.0 -9999.0 -9999.0 -9999.0 -9999.0 -9999.0 -9999.0 -9999.0 -9999.0 -9999.0 -9999.0 0.532926086698 1.02692000166 8.46350627679 9.35697306818 0.451746741209 6.22664670285 0.394709950088 1.22362718687 2.66003358032 0.859079206583 0.416071233257 0.852116560567 0.373482066948 0.732184030223 0.365796600655 0.319268099982 0.210585068981 0.162351890982 0.138553267539 0.130776577008 0.2178402339 0.317814256602 0.42934199138 168.298648676 6.79329370809 6.18719570269 0.274311290387 0.996718648036 0.261446082146 0.222192305492 6.60952336525 9.72637387798 2.52040208129 1.91425638257 0.135529270394 0.0572345351887 0.0516282010991 0.247298085986 17.8301404696 18.2797373676 0.233124817649 0.239922900233 0.164277674773
-9999.0 -9999.0 -9999.0 -9999.0 -9999.0 -9999.0 -9999.0 -9999.0 -9999.0 -9999.0 -9999.0 -9999.0 0.474258461655 6.23863944613 16.0584456641 17.4498354548 24.1486458116 24.6883784223 6.09327424447 4.35912558995 1.28201708627 0.412028558575 1.66750364095 2.06555607145 3.16835959003 0.744420552099 0.682785309836 0.578866310047 1.10150330579 0.494319143946 0.461420626784 0.222612399386 0.0657719668484 0.113028017886 168.65439585 175.73292524 176.082744979 0.277646164737 2.70246005653 1.14606257527 0.33608498256 10.7514530442 0.711910818833 0.364359618103 1.42764414992 0.248426356016 0.217004558676 0.407356816186 0.602828564458 0.823610361501 18.6694285772 0.185925021443 0.167230342459 0.167847887032
-9999.0 -9999.0 -9999.0 -9999.0 -9999.0 -9999.0 -9999.0 -9999.0 -9999.0 -9999.0 -9999.0 0.505245808479 4.74497986343 5.75964029046 0.944771957495 0.29506673352 0.668985150999 25.7815822307 26.2537762657 32.8666033049 0.379674788175 0.788666788109 0.360686858907 0.366037443153 3.53050300699 4.63642655309 5.66807836026 0.342676279123 1.44703559658 2.28086618302 1.33693457401 0.551354831827 0.304652282224 0.213240635053 0.234796187857 0.153560409507 176.368882156 176.610074667 179.770810546 0.585871706429 0.307289145146 11.1131450669 0.756997514177 0.385983070903 0.406207297707 0.402889449175 0.372584549718 0.597996376948 1.83271832147 2.89575471084 21.7568945752 0.147899834826 0.444875055763 0.301629161584
-9999.0 -9999.0 -9999.0 -9999.0 -9999.0 -9999.0 -9999.0 -9999.0 -9999.0 -9999.0 -9999.0 0.515761980667 3.26712534687 0.517999698741 0.465308493112 2.3693706312 2.7888934498 3.21493897847 3.62004073514 43.9896879029 44.3429222536 45.0800687714 50.3012580791 51.2879073053 51.8009885738 52.1724879838 58.3512097708 59.0883069976 59.4356218506 62.0546048848 63.7532541368 64.0857324213 64.8982655391 0.525319415417 0.377623029352 0.0573307848373 0.0879064984159 176.851845459 180.844846832 0.852470419888 13.2430859945 12.9307406492 1.45459686101 0.353874820374 0.360712077189 0.352804747834 0.347314366105 0.696901477895 0.996503854929 0.282851767179 21.9415251529 22.1357842012 23.052718561 23.216888188
-9999.0 -9999.0 -9999.0 -9999.0 -9999.0 -9999.0 -9999.0 -9999.0 -9999.0 -9999.0 -9999.0 1.67548396035 2.21581527649 1.03531091601 1.5287862385 0.487549039284 5.50321323958 5.94517806004 6.82017581273 7.0924738654 2.83530061665 48.4523609241 48.7771506799 0.244543435197 0.142376861632 0.0882313600327 0.253820768619 0.117102476013 0.0651793211492 0.0624297980029 0.10228832608 64.2805859572 65.1345371432 66.0071008906 66.6931594994 67.0468392847 0.132114353712 0.0638796133972 194.838695687 13.779610428 13.5699285319 0.319832838341 0.308117648073 0.290095617662 0.660475978513 0.653132253357 0.307551850092 0.308870426525 0.286183518879 0.564734605783 0.750457310331 0.141365433467 0.260136146824 0.0933968806971
-9999.0 -9999.0 -9999.0 -9999.0 -9999.0 -9999.0 -9999.0 -9999.0 -9999.0 -9999.0 -9999.0 -9999.0 1.13165953681 0.531090571444 0.495087712553 4.62212621436 5.0764949499 0.457063804118 1.79337561816 2.19325903905 2.50913546209 0.364050350281 0.281371056365 6.92232691844 7.15395389578 7.3547540949 20.0232337872 20.1333994325 20.2578673719 21.4903509971 21.8856870572 21.9425105187 0.0579907624821 0.0607635858144 0.098708660023 67.3937008047 0.129020769528 197.403575652 197.168884945 2.14486383926 1.904907734 1.2374128048 0.311670270509 0.577572770266 0.957954976716 0.951550878335 0.603539362587 0.298837064664 0.580499167619 0.571018259758 1.00507666863 0.173255639435 0.418367404125 0.674699569382
