data/baseflow/History/mHMbfrc474
ncols                  80
nrows                 72
xllcorner      4374000.0
yllcorner      5656000.0
cellsize            500
NODATA_value       -9999
[rows 24 to 47 of 72, columns 0 to 54 of 80]
-9999.0 -9999.0 -9999.0 -9999.0 -9999.0 -9999.0 -9999.0 -9999.0 -9999.0 -9999.0 -9999.0 -9999.0 1.24202687721 3.49459061286 4.57804840323 7.87842088047 1.03894506107 2.09198004665 3.09300475779 11.559321483 12.3271215511 12.7933497916 13.631538773 14.6574195931 23.7523831973 26.6588578097 28.1217645476 0.496797324401 3.28840862607 3.71113150752 52.8109845877 54.5338905265 55.1863474697 55.8362893578 56.5912267415 205.542513788 0.814513957148 437.393375699 1.16303273194 0.437420687327 4.23714917207 3.7138937453 0.535093002535 2.23578321742 3.18428353389 3.18046940266 2.25154224795 3.68450669368 5.84015303106 2.16205373121 5.88879425204 0.499988035404 0.669088547264 0.251724688859 0.222712864041
-9999.0 -9999.0 -9999.0 -9999.0 -9999.0 -9999.0 -9999.0 -9999.0 -9999.0 -9999.0 -9999.0 -9999.0 1.18808853313 2.34770805077 1.08026130123 2.17825368709 1.00878351586 7.57443684685 9.58328904343 10.6061164681 0.964904309967 1.7846904903 17.7822267526 22.0308284857 22.7997833495 1.94827317411 1.83597631272 2.51546779976 0.389151915622 0.368452078301 0.717795153388 0.439773484876 28.0753842516 28.5307681327 29.2052301192 206.219997953 442.153431832 437.957014923 0.775037355068 0.316716225233 0.293050056462 1.10684390917 0.821273787591 2.59647184277 3.75435894286 7.63275645287 0.699981023126 0.703183638089 6.4291307197 7.02473713093 14.1055884608 14.6424808902 15.5722914888 16.057856311 0.449860408883
-9999.0 -9999.0 -9999.0 -9999.0 -9999.0 -9999.0 -9999.0 -9999.0 -9999.0 -9999.0 -9999.0 -9999.0 -9999.0 1.12280287957 2.24619258841 3.37267788607 5.46874499305 1.11484759228 1.03899562853 7.37559628106 8.33361897304 16.2448554278 17.1835361221 2.65431347962 0.979093153135 0.974537880395 0.929787155054 25.38612962 25.9995940317 26.4414035773 26.8049225031 27.6401240684 4.92731075106 5.5980991632 35.5501991861 684.244183717 3.415964771 2.86762150007 1.23987938526 0.355357021016 0.286855737203 1.7066444178 1.97013792464 3.16094393535 0.27480790569 7.95842750856 1.13783429191 1.11290343428 0.274440332184 0.240782775653 0.228801595875 0.329736519972 0.236778670511 16.2897741959 233.371040869
-9999.0 -9999.0 -9999.0 -9999.0 -9999.0 -9999.0 -9999.0 -9999.0 -9999.0 -9999.0 -9999.0 -9999.0 -9999.0 -9999.0 1.10893222967 2.20999899715 3.21600629165 4.26247799609 5.3039879945 6.37056021802 3.13563925186 5.16069152011 0.935831621102 0.917621385181 20.8055896536 22.6500376805 23.5415788972 24.5159117856 0.828052943505 1.48937920473 3.65694051421 4.04523708621 4.44517618216 0.678871365854 0.823434333062 686.160286298 0.6011299514 0.985931515594 0.462360461839 1.36895729626 0.6436933102 0.42238173135 5.55616959764 6.02405202839 0.35554672315 8.36109084726 9.72581171276 1.31230853496 244.492733914 243.982048028 243.478198581 242.260788939 241.603564833 234.394679763 234.048184492
-9999.0 -9999.0 -9999.0 -9999.0 -9999.0 -9999.0 -9999.0 -9999.0 -9999.0 -9999.0 -9999.0 -9999.0 -9999.0 -9999.0 0.24409621446 0.558189894412 1.00605962327 8.76748273583 9.84786970673 1.08454093129 1.058960618 1.01843011635 17.0426878734 18.9725940791 0.941012912877 0.969401692887 0.839336166392 3.38682883764 4.22283817717 2.37721690425 2.88834952801 19.2246901998 19.8369532047 21.2447514113 33.9768727181 720.505017015 0.619639461518 0.43592017333 2.06565948156 1.70697010767 0.384117847141 1.21665809499 1.62672453494 6.48350862405 6.91250551423 17.6048398958 9.96224639467 1.4689349714 251.421755371 3.91308938183 242.965452613 242.625883488 6.64283719275 0.381472120056 0.420832609245
-9999.0 -9999.0 -9999.0 -9999.0 -9999.0 -9999.0 -9999.0 -9999.0 -9999.0 -9999.0 -9999.0 -9999.0 -9999.0 -9999.0 1.2850401448 2.08554953388 4.37632623109 7.63466265011 10.7897911302 13.0231546284 14.0622211509 15.1108656496 16.1160936063 0.951296235479 0.921181175503 1.79967121214 1.70296384065 0.86100815099 16.6274879454 17.447071537 18.2310436386 18.9649232752 10.4479876108 10.9601821818 11.8418151657 720.815429803 1.02028473779 1.14432250923 3.40238468022 0.30089531516 0.852271298131 0.444621649874 0.388286102646 2.03858628445 0.368744688962 0.386963515915 271.056826186 253.109256649 252.704324958 1.36137980555 3.6360296744 2.3475241803 0.558631568235 5.82986372391 1.69568547164
-9999.0 -9999.0 -9999.0 -9999.0 -9999.0 -9999.0 -9999.0 -9999.0 -9999.0 -9999.0 -9999.0 -9999.0 -9999.0 -9999.0 0.895577562351 0.812088480857 1.57686045496 2.43853549328 1.11427876784 1.10742759186 2.15085106137 3.1952751265 5.14558021568 6.11665505925 7.0650644488 9.83413673374 10.7199115624 11.6105787465 0.816326172374 8.29202913213 8.99569598995 9.54032560958 0.369032493375 0.150078480201 0.333095069812 732.423104297 732.72684389 734.378656415 4.23146757709 0.600934520974 1.3425045974 0.399168701532 0.722547117757 2.39006542439 3.0858315584 0.72558271855 272.853359508 0.597384224028 0.779356764576 0.829193451195 0.740370335871 1.27836458528 0.576822549525 3.70069707556 2.73386275128
-9999.0 -9999.0 -9999.0 -9999.0 -9999.0 -9999.0 -9999.0 -9999.0 -9999.0 -9999.0 -9999.0 -9999.0 -9999.0 -9999.0 -9999.0 0.754057955843 1.50226724991 0.775896336584 1.59538954797 10.0739739459 11.095029777 12.1422307421 0.977818588133 0.980875807842 1.92330653439 2.85767803862 4.59552888039 5.44999652746 5.89246037671 6.6611362513 0.696671216257 0.578508631442 10.2603278086 10.4147281625 10.6732852111 10.9586369786 9.14570014623 744.726539588 750.874554306 751.142556345 752.737028892 754.160442846 755.409569805 0.426863518849 3.44496790902 273.292039768 1.13311142598 0.577528509974 0.575610744744 0.47486169955 0.8344807487 0.751840677107 0.416151679347 0.511768586353 0.466209675323
-9999.0 -9999.0 -9999.0 -9999.0 -9999.0 -9999.0 -9999.0 -9999.0 -9999.0 -9999.0 -9999.0 -9999.0 -9999.0 -9999.0 -9999.0 -9999.0 2.23243959991 3.07748321567 5.5789074526 7.55733496328 1.09873680891 14.3319219944 15.3040292789 16.2839254805 0.977411379054 1.92646054674 0.890832418502 6.45637475004 6.86638724386 7.52113256747 8.1900408077 9.83577742611 9.99631370415 0.115528199994 8.00195698683 8.57371271968 8.86538930956 10.0356876731 1.61016478202 1.06753078998 0.679892180112 0.651780474643 756.548782099 757.23596999 763.250226038 273.800353175 2.94228540916 1.33447926051 0.915733931339 0.296145209914 2.37192063697 1.19033490314 0.387457269165 2.00726225972 1.65864665871
-9999.0 -9999.0 -9999.0 -9999.0 -9999.0 -9999.0 -9999.0 -9999.0 -9999.0 -9999.0 -9999.0 -9999.0 -9999.0 -9999.0 -9999.0 -9999.0 0.849045314575 3.90364586595 4.78982302805 1.1542471843 1.05304402574 2.09094532783 3.05235605662 20.3167985803 0.965796394314 3.87938084855 4.78508030726 5.67385549127 0.435494547075 1.05166852698 1.35354177044 6.50063583336 7.11661698767 7.33331219205 0.269912788346 0.275804119653 0.322596387042 0.591774378241 0.249065015751 0.269790882812 0.593951786232 0.432572118306 0.598465421026 2.01542836292 763.958859042 1039.63749853 3.55570456769 0.383618273705 0.307109057052 7.14363986545 6.51542891966 3.74320126312 3.33635100926 2.47725569752 0.507155283114
-9999.0 -9999.0 -9999.0 -9999.0 -9999.0 -9999.0 -9999.0 -9999.0 -9999.0 -9999.0 -9999.0 -9999.0 -9999.0 -9999.0 -9999.0 0.670262883571 2.30435982791 0.776971824546 1.20983584447 1.14256265224 2.21378393651 3.2414221918 4.24636973619 25.4432848017 26.3821325313 0.961689989025 1.86726406755 2.77470184594 3.36049437186 3.99058287969 5.65354556265 6.25254761297 0.31809787163 0.361739577723 0.355864792903 0.627626096026 0.578353588088 0.562605434575 0.472902629887 0.521412926096 2.34234949211 1.11494147158 0.654519160953 0.638817786743 0.635335183598 1.22174539884 1060.06493549 16.5323606543 8.49485693532 0.664668087786 0.287615534265 0.305896918149 1.04094740437 0.717042125338 0.361245935165
-9999.0 -9999.0 -9999.0 -9999.0 -9999.0 -9999.0 -9999.0 -9999.0 -9999.0 -9999.0 -9999.0 -9999.0 -9999.0 -9999.0 0.703628492996 1.36202978957 5.11998231339 0.767969075423 2.35229588567 3.47777342547 4.55578087434 1.08887882996 2.07968757159 3.09100788787 30.3234262292 0.925742585162 1.79823062126 2.66908101098 0.779792982078 1.53243349599 1.82019612302 2.38003037687 59.126876162 60.0007659257 60.8656051398 65.3162843843 67.0471561298 70.7532778293 1.16018744557 2.34910425724 2.95047396518 83.4505088692 84.7108819396 0.611432590292 1.13825650557 1.65430252892 1060.59853234 15.8827794264 6.60324386492 6.30023109192 5.68946141976 5.30088852082 1.38928256445 0.340726720813 0.668407878257
-9999.0 -9999.0 -9999.0 -9999.0 -9999.0 -9999.0 -9999.0 -9999.0 -9999.0 -9999.0 -9999.0 -9999.0 -9999.0 -9999.0 0.710098251437 2.16108423953 7.99248953349 11.7342654679 0.692281860428 15.6705017537 21.0822845958 1.03999163718 2.01707580949 3.03845766542 39.0229952989 39.9274705972 0.901045410271 4.48020676533 5.3062739595 5.9034988452 54.0075748664 55.3190211979 56.3675854567 0.53280124692 3.09938596442 3.67746083254 1.86385504477 2.70330575941 74.683888868 78.3676704237 79.1397232104 79.8941473286 85.9092799654 0.590588644708 0.559872701976 2.72174429381 1061.21794868 0.46827930447 0.117655891125 0.338487695154 0.134091371983 4.73372230116 4.32862402434 2.52750415704 1.82430911216
-9999.0 -9999.0 -9999.0 -9999.0 -9999.0 -9999.0 -9999.0 -9999.0 -9999.0 -9999.0 -9999.0 -9999.0 -9999.0 -9999.0 -9999.0 -9999.0 1.51742057538 3.05979442073 13.9872459625 14.820198816 21.8100958179 22.674019687 1.02357229623 2.04308671205 4.93174686616 40.7742371275 42.663296856 43.5252368209 0.761389098594 46.4406929184 47.7306414948 0.894145873262 0.538836365191 1.06771454567 2.0945905517 0.513110795272 1.07614280463 2.52426521159 3.21402338628 0.607882800059 0.486775074755 1.00280994821 89.0692748962 90.0286018735 90.5448542129 94.3883566646 1061.80400576 0.328302505881 0.0811658309671 0.092785003867 0.0954651472401 0.0982481471325 0.094356094605 0.174645139148 0.268174717196
-9999.0 -9999.0 -9999.0 -9999.0 -9999.0 -9999.0 -9999.0 -9999.0 -9999.0 -9999.0 -9999.0 -9999.0 -9999.0 -9999.0 -9999.0 -9999.0 0.793283115464 0.77724767495 0.789253087492 1.71178616269 0.768660325764 24.1863339756 24.9841699225 0.991463107697 1.94466833421 1.02466785192 0.943580282737 0.932234885487 45.0887145679 0.395863257731 0.78433726659 0.525157896044 0.561523167605 0.514950775897 0.448754160305 0.459763939243 1.39728039278 1.89019636335 0.416208727528 0.384048571823 0.812889095891 1.29940672349 1.58662494421 0.376039555371 91.1010555401 94.9180728679 1062.26483402 0.897541935798 0.264388431832 0.0543269601873 0.141011673296 0.0470401490369 0.0406785162943 0.220900945129 1.35399802213
-9999.0 -9999.0 -9999.0 -9999.0 -9999.0 -9999.0 -9999.0 -9999.0 -9999.0 -9999.0 -9999.0 -9999.0 -9999.0 -9999.0 -9999.0 -9999.0 -9999.0 -9999.0 0.768217971562 2.42769625918 3.08916487383 3.82381118217 25.6961395969 26.4050822994 27.1686554706 28.1349438479 29.0525229159 30.9266388897 31.350366088 31.7108095274 32.1355423851 0.521128403977 0.505329162675 0.517477577308 1.89597954403 0.487692256736 0.476560182581 0.414013728675 1.23181812168 0.459095600593 0.396599626106 0.378084894917 0.340503368225 0.680113884913 1.0067309112 97.0311590061 1160.69633892 0.307335584777 0.75904707526 0.043029917669 0.195410927186 0.109011333132 0.0819785729589 2.7219463389 2.26851452007
-9999.0 -9999.0 -9999.0 -9999.0 -9999.0 -9999.0 -9999.0 -9999.0 -9999.0 -9999.0 -9999.0 -9999.0 -9999.0 -9999.0 -9999.0 -9999.0 -9999.0 -9999.0 -9999.0 0.644949278323 5.0658793953 10.2957633495 11.1030592618 1.08051941911 2.07125968025 3.01594124117 3.87929670259 9.33002355538 9.85499126202 0.516502820257 0.5104325109 33.1670530863 34.1557279552 34.628381353 2.3078148598 0.392735099346 0.894476286841 1.32286476616 3.95129451795 4.8321349702 5.59969792317 0.72687993695 1.04397204082 0.354247462334 0.710585373854 0.364149862246 1161.48534299 0.336786475165 1.37379276333 0.490993797992 0.98631835618 2.37195728798 2.63838287819 5.53232615159 2.7289556263
-9999.0 -9999.0 -9999.0 -9999.0 -9999.0 -9999.0 -9999.0 -9999.0 -9999.0 -9999.0 -9999.0 -9999.0 -9999.0 -9999.0 -9999.0 -9999.0 -9999.0 -9999.0 0.713107929325 2.26144692912 4.43270626405 5.79943067305 15.2824994609 16.2298416571 1.94045868034 2.88387810274 3.70651275001 4.57872728096 10.3068784064 11.3224629831 19.1856120313 19.7767739437 20.2099186706 35.1189376256 38.7604244822 0.883221107787 0.522406593999 0.510124404816 0.99981982554 0.472766116304 6.51317397932 6.88379056712 1.38530279074 1.66525094106 0.326890452047 236.036680902 236.799742733 1398.88136959 1400.7495646 0.296076337742 1.59695494274 0.402994595324 0.382987993585 6.27609608188 9.3176215778
-9999.0 -9999.0 -9999.0 -9999.0 -9999.0 -9999.0 -9999.0 -9999.0 -9999.0 -9999.0 -9999.0 -9999.0 -9999.0 -9999.0 -9999.0 -9999.0 -9999.0 -9999.0 -9999.0 0.803775243809 0.781760247643 1.4829552402 3.52767722536 16.9147286772 0.986715573224 0.974507119049 1.82485778123 2.653916613 6.21939673765 6.70088525617 0.297990675848 0.38658097095 20.768051991 21.2690894321 60.4438122007 60.8359534824 0.373511173232 0.344717543792 0.314702997471 0.316892953333 0.327907653604 229.794265417 231.872291391 233.819759876 234.410605815 235.744322117 0.400856594689 1.52794497387 2.03836955724 1403.70585074 1404.06941777 1404.37981572 1404.74622577 1405.01076158 9.72023417007
-9999.0 -9999.0 -9999.0 -9999.0 -9999.0 -9999.0 -9999.0 -9999.0 -9999.0 -9999.0 -9999.0 -9999.0 -9999.0 -9999.0 -9999.0 -9999.0 -9999.0 -9999.0 -9999.0 -9999.0 0.721153281769 0.752611331074 1.40055115774 19.6486226484 20.4739690089 0.962103592738 1.81002664723 2.6485703138 3.13010523019 0.401542859758 0.882721966423 46.3220107343 46.8346461284 47.2283514805 50.4462811592 111.670559997 216.437903972 217.244157218 218.014947289 218.765915597 221.646028477 222.538623193 1.74704722995 0.825095428503 0.464632681012 0.896059905148 0.758221629727 1.17662092472 0.391814301123 7.92296105221 8.91236746582 9.64550962215 10.0100928677 1405.38235317 1415.52545666
-9999.0 -9999.0 -9999.0 -9999.0 -9999.0 -9999.0 -9999.0 -9999.0 -9999.0 -9999.0 -9999.0 -9999.0 -9999.0 -9999.0 -9999.0 -9999.0 -9999.0 -9999.0 -9999.0 -9999.0 -9999.0 0.732251956065 1.40441750667 2.07997272401 21.0628234087 0.903825032099 29.1162464904 29.9798173544 30.3809503193 30.8687396608 44.4142797184 44.9323269512 0.535363646934 2.40484630924 2.90589263103 0.52771269643 103.947862926 102.959977631 0.380504272984 0.8265339449 2.17834826211 0.46268049481 0.487223744953 0.417268795582 0.383592912142 0.32875670976 0.367105071232 6.62224519233 7.00417294279 7.43375834754 0.488599667161 0.319793749955 10.2571676651 10.6891446728 10.9992702575
-9999.0 -9999.0 -9999.0 -9999.0 -9999.0 -9999.0 -9999.0 -9999.0 -9999.0 -9999.0 -9999.0 -9999.0 -9999.0 -9999.0 -9999.0 -9999.0 -9999.0 -9999.0 -9999.0 -9999.0 -9999.0 0.670909792015 0.629864076921 3.25997256015 25.7417438228 27.3679146932 28.2840351121 0.943337089455 12.6515657027 12.9961832549 13.1617826963 0.471327665644 1.05251006244 1.58048505149 24.2392324663 24.681168411 25.0894354688 102.168065247 61.8115555961 0.442746624926 0.456203319958 0.445014444047 0.396741625525 3.82658904959 4.65367635066 5.41379077015 5.82954050975 6.23574755497 31.1929881227 31.5309398935 31.8030422925 32.4400752371 36.5041674473 36.8402097984 48.2172769233
-9999.0 -9999.0 -9999.0 -9999.0 -9999.0 -9999.0 -9999.0 -9999.0 -9999.0 -9999.0 -9999.0 -9999.0 -9999.0 -9999.0 -9999.0 -9999.0 -9999.0 -9999.0 -9999.0 -9999.0 -9999.0 -9999.0 1.31056485389 2.00158958805 0.810951525898 0.974783133275 9.37521397009 10.3476251739 11.1139327475 5.15472532602 5.50231465193 5.91688097183 6.4490043745 23.292933019 23.8145287099 13.9227853883 39.484439344 39.9401980566 61.4154180556 0.913364843416 0.461629554342 0.378085018588 2.58946626774 3.03865385173 0.344442581768 0.328832126377 29.6946454395 30.4682810308 30.8642247209 0.324508585509 0.459113887141 35.7303584218 0.508333852752 2.34784579404 2.66949837739
-9999.0 -9999.0 -9999.0 -9999.0 -9999.0 -9999.0 -9999.0 -9999.0 -9999.0 -9999.0 -9999.0 -9999.0 -9999.0 -9999.0 -9999.0 -9999.0 -9999.0 -9999.0 -9999.0 -9999.0 -9999.0 -9999.0 0.655801110571 1.29956635214 5.68982920101 6.53605801594 7.50327734401 3.92949953111 4.78993489533 0.385689449173 15.5716871407 15.9325756896 16.3253828375 0.472956539143 12.9221488556 13.4518895202 0.460216367552 59.0938136393 0.958045233486 0.476279550416 1.3499915995 1.81261092938 0.404259346726 0.356105031403 26.0283613663 28.9616679968 29.3967818469 0.432985860717 1.07850498711 1.38237440538 1.63153017245 3.09182658552 0.875377729678 1.90508961605 0.419905775231
