data/baseflow/History/mHMbfrc580
ncols                  80
nrows                 72
xllcorner      4374000.0
yllcorner      5656000.0
cellsize            500
NODATA_value       -9999
[rows 24 to 47 of 72, columns 0 to 54 of 80]
-9999.0 -9999.0 -9999.0 -9999.0 -9999.0 -9999.0 -9999.0 -9999.0 -9999.0 -9999.0 -9999.0 -9999.0 1.05237769065 3.00386592255 3.97571683462 6.90659771283 0.916906675972 1.83843527082 2.69639119712 10.1643515765 10.8095591833 11.186664734 11.8744675128 12.6865015632 20.6722184648 23.0024169571 24.0861775775 0.341215430342 2.56407086388 2.85189438616 44.3551296899 45.6374387903 46.1290877671 46.6218125559 47.1845721446 179.780135417 0.735085798109 390.318819778 0.77833744237 0.29422050525 3.54751289298 3.15676663605 0.443099854477 1.90115035323 2.67764433263 2.66535669459 1.85230834009 3.04353968224 4.83603807212 1.82201690103 4.82109103706 0.39987372398 0.530563654265 0.162453398923 0.139366609962
-9999.0 -9999.0 -9999.0 -9999.0 -9999.0 -9999.0 -9999.0 -9999.0 -9999.0 -9999.0 -9999.0 -9999.0 1.00503894705 2.00584278551 0.966131872104 1.94348780545 0.893077289383 6.66184700575 8.43670138484 9.31540958857 0.823210861369 1.53282021358 15.6625434294 19.2838358486 19.9210161464 1.55656889691 1.47543633747 2.02626872564 0.270406592184 0.259013477776 0.501484152596 0.311992429234 25.0401331193 25.4052125688 25.8769889311 180.354349998 393.79310578 390.689373824 0.51429664616 0.215736026303 0.203630892755 0.862980859471 0.661485889817 2.18925110424 3.15067576511 6.40892735914 0.591906131902 0.593429830424 5.31356726663 5.79008112518 11.5610294773 11.9369748057 12.6362300901 12.9501448748 0.284595766745
-9999.0 -9999.0 -9999.0 -9999.0 -9999.0 -9999.0 -9999.0 -9999.0 -9999.0 -9999.0 -9999.0 -9999.0 -9999.0 0.988527383425 1.97751837726 2.96413800997 4.80039969857 0.969112952268 0.909555163138 6.72633974791 7.56571847151 14.3676132567 15.1666186475 2.27790828437 0.810002146741 0.791959702787 0.74655542753 23.1177858097 23.5623883575 23.8718369227 24.1225727344 24.7096539153 3.81754230161 4.31747450913 30.7420318702 605.15735838 2.44326634157 2.00457441671 0.832349393956 0.244987763549 0.196881741704 1.27340623262 1.45200159381 2.57162197261 0.188508618845 6.64594021063 0.934159282191 0.915337602981 0.189290823297 0.158545685776 0.148149085241 0.223950223803 0.148731166114 13.0954251273 174.819238184
-9999.0 -9999.0 -9999.0 -9999.0 -9999.0 -9999.0 -9999.0 -9999.0 -9999.0 -9999.0 -9999.0 -9999.0 -9999.0 -9999.0 0.960923767417 2.00474010153 2.98690958554 4.00130687418 4.90886140944 5.83233980499 2.69676434048 4.43492485645 0.802631203551 0.795101968009 19.3564197119 20.9112017946 21.6604774697 22.4474681094 0.627985284968 1.11363380834 2.81442489973 3.1041896776 3.42550824835 0.51354371424 0.616553934751 606.680227829 0.485842473283 0.746185797921 0.367417045155 1.02193919617 0.477642396408 0.324758652256 4.31961846904 4.68059706539 0.253227544754 6.9405207887 8.03368274159 1.05466850309 182.016514591 181.671221616 181.343824728 180.554592004 180.107717526 175.567279109 175.283535435
-9999.0 -9999.0 -9999.0 -9999.0 -9999.0 -9999.0 -9999.0 -9999.0 -9999.0 -9999.0 -9999.0 -9999.0 -9999.0 -9999.0 0.246026852855 0.569611764564 0.984982208379 8.86440345505 9.80206379537 0.939547685508 0.906727137955 0.874694065694 16.1155754217 17.7809886761 0.801052522557 0.797090049297 0.73205639109 2.90779985933 3.61080453377 1.83928650164 2.24267775936 16.3349964668 16.8289127024 17.9138619585 28.3034907743 635.29176223 0.504599194119 0.343758817035 1.57347042986 1.28701761468 0.277867525763 0.899098942294 1.19548854566 5.01461064193 5.32864760496 14.0416918586 8.19373704415 1.17096246378 186.92960711 2.66071319274 181.011875292 180.792064096 4.16624276261 0.259072112142 0.263118034986
-9999.0 -9999.0 -9999.0 -9999.0 -9999.0 -9999.0 -9999.0 -9999.0 -9999.0 -9999.0 -9999.0 -9999.0 -9999.0 -9999.0 1.30114743338 2.12647600206 4.45006219043 7.82151390771 10.726461216 12.6866212237 13.5714239589 14.4586951253 15.3076062416 0.830895351604 0.779004041349 1.52856121141 1.46236171296 0.735200834219 14.1533733016 14.8462683561 15.5014970825 16.112871862 8.68746075326 9.03851405109 9.73132594256 635.550297624 0.8383932779 0.888963987363 2.60870485608 0.239246952625 0.644069644654 0.343499186628 0.280808562234 1.50596523988 0.265947138937 0.280095201958 202.404027803 188.120277037 187.82967917 0.947241841007 2.46442666368 1.55647959216 0.346331071193 3.58008721976 0.995542114452
-9999.0 -9999.0 -9999.0 -9999.0 -9999.0 -9999.0 -9999.0 -9999.0 -9999.0 -9999.0 -9999.0 -9999.0 -9999.0 -9999.0 0.906719367074 0.847761611617 1.65462459661 2.52500868215 0.956356220879 0.912751586896 1.82713903138 2.72895841897 4.41879979493 5.26070581408 6.05670411691 8.38664008405 9.11733607234 9.86601593806 0.670780029488 6.9848621232 7.5560456951 7.97917727147 0.279235112157 0.105306972363 0.227768088392 645.048775739 645.297633457 646.647361253 3.24236206578 0.462275546423 1.02970779544 0.323738264023 0.518951997973 1.75953448952 2.25480868 0.51690633671 203.691795612 0.43708304353 0.540914947349 0.567620198756 0.527366024051 0.872309319536 0.389933791607 2.33144511238 1.68341322273
-9999.0 -9999.0 -9999.0 -9999.0 -9999.0 -9999.0 -9999.0 -9999.0 -9999.0 -9999.0 -9999.0 -9999.0 -9999.0 -9999.0 -9999.0 0.804261086577 1.59485405506 0.798690176496 1.62677558049 10.2134659048 11.1482950333 12.0498695759 0.851651546133 0.842788563726 1.64176326719 2.42855669138 3.89557889265 4.61481518652 4.98079487479 5.63068006379 0.580664473886 0.468614997602 8.50250508291 8.59940635269 8.7901387008 9.01199520729 7.50721528417 655.082249556 659.791908459 659.994947598 661.215966317 662.299227218 663.181760561 0.293891649027 2.50431670153 203.991133714 0.761190084881 0.388556267787 0.416293920863 0.356214425204 0.609777550881 0.508519167267 0.281606843427 0.353124497829 0.303992805761
-9999.0 -9999.0 -9999.0 -9999.0 -9999.0 -9999.0 -9999.0 -9999.0 -9999.0 -9999.0 -9999.0 -9999.0 -9999.0 -9999.0 -9999.0 -9999.0 2.36832688766 3.22948259712 5.76639373971 7.67037126756 1.01830009863 13.9892574356 14.830055366 15.6697738686 0.81654438899 1.61815779344 0.742238006223 5.41397867819 5.76508600872 6.32464453636 6.88482600299 8.2290395488 8.32124492138 0.0745043543605 6.6021778411 7.04974390252 7.28766111829 8.18158284081 1.22345517218 0.807055838791 0.505299344035 0.479260045861 664.017944223 664.482919824 668.744292968 204.325110132 2.00090854365 0.931678445189 0.646203999448 0.19665058509 1.65144674493 0.809849197367 0.257767358466 1.3181632051 1.08937469284
-9999.0 -9999.0 -9999.0 -9999.0 -9999.0 -9999.0 -9999.0 -9999.0 -9999.0 -9999.0 -9999.0 -9999.0 -9999.0 -9999.0 -9999.0 -9999.0 0.869706734746 4.07625398805 4.96762348372 1.06601093535 0.905582139964 1.80285702895 2.63132548986 19.1377323482 0.816978513106 3.26621874479 4.02124473376 4.76107418272 0.365654112329 0.897636130636 1.14050150975 5.43346979734 5.90454166904 6.09168212302 0.213855382888 0.209209486616 0.23674892237 0.431320599139 0.177872362991 0.194203548698 0.424278464945 0.319428929046 0.401353508091 1.38769782797 669.234393865 874.818630461 2.50811408115 0.306505813501 0.236638360304 4.85807305093 4.43764905246 2.51061249705 2.22820802794 1.63959887355 0.344853424523
-9999.0 -9999.0 -9999.0 -9999.0 -9999.0 -9999.0 -9999.0 -9999.0 -9999.0 -9999.0 -9999.0 -9999.0 -9999.0 -9999.0 -9999.0 0.7237770804 2.39918707628 0.802528565952 1.05982776071 0.977352346857 1.901991592 2.80553380076 3.69539838844 23.6675118042 24.464126804 0.811579120543 1.56684534977 2.32047815496 2.81447611775 3.33103538182 4.70863758363 5.21855121812 0.211415044726 0.292587572183 0.26987751657 0.423464984172 0.425094551729 0.392025819917 0.342028235672 0.376162589683 1.70754863174 0.78821467066 0.466174813915 0.454864148407 0.427075957327 0.811854880363 889.613560053 12.029399635 5.90697744439 0.523930078886 0.230557908423 0.214449791975 0.700112112767 0.472343321389 0.232770565859
-9999.0 -9999.0 -9999.0 -9999.0 -9999.0 -9999.0 -9999.0 -9999.0 -9999.0 -9999.0 -9999.0 -9999.0 -9999.0 -9999.0 0.755187828684 1.46961758502 5.3990890405 0.79417814478 2.11318973423 3.08097895317 4.00739069443 0.932530247009 1.78096878837 2.69197750045 27.9480976205 0.787491957544 1.52032591899 2.24571583608 0.655659932701 1.28561901021 1.51091436076 1.97728164019 51.2037869335 51.8808558787 52.5447177492 55.7582823933 56.9552974931 59.5286571227 0.866748180188 1.74070879098 2.14505848547 68.4589177531 69.3278910225 0.429085124021 0.767516886215 1.09920443132 889.982271902 11.5280942425 4.8315141301 4.55682380745 4.05287470704 3.72016625162 0.934245604774 0.235000212859 0.435752103429
-9999.0 -9999.0 -9999.0 -9999.0 -9999.0 -9999.0 -9999.0 -9999.0 -9999.0 -9999.0 -9999.0 -9999.0 -9999.0 -9999.0 0.764635592042 2.31945657954 8.479434954 12.5012765372 0.726866328162 16.5717678926 21.4129645758 0.89559549001 1.73685776323 2.64101688768 35.5062725447 36.3114281969 0.701488124676 3.65206159977 4.29508813569 4.7823675014 47.2915048061 48.2029157278 48.9399591342 0.380526282769 2.23251786443 2.65249502028 1.28782725831 1.85567574057 62.2382994839 64.8887221019 65.407710323 65.9148678726 70.1006813414 0.379660264965 0.35445717028 1.77350636276 890.41285945 0.486501203333 0.0528991390871 0.277576968493 0.126583295691 3.29746848812 3.00833456401 1.7630762268 1.24864559969
-9999.0 -9999.0 -9999.0 -9999.0 -9999.0 -9999.0 -9999.0 -9999.0 -9999.0 -9999.0 -9999.0 -9999.0 -9999.0 -9999.0 -9999.0 -9999.0 1.62456845439 3.28202932208 14.8818974797 15.7349101908 22.1701055478 23.0131829015 0.871281690004 1.73984041046 4.21035099389 37.0882294319 38.5497924678 39.1957698105 0.558171987361 41.3230371891 42.2213483368 0.613056507956 0.383821227545 0.756541819054 1.48497835342 0.363095667258 0.753942702274 1.75880004365 2.22775397689 0.420491746177 0.334012110891 0.683811154356 72.323580777 73.0305114064 73.3524209742 75.8562305174 890.808380592 0.406281419393 0.0352738085724 0.0980802591594 0.0964862454108 0.0987771369797 0.089420772542 0.167475995333 0.189311989
-9999.0 -9999.0 -9999.0 -9999.0 -9999.0 -9999.0 -9999.0 -9999.0 -9999.0 -9999.0 -9999.0 -9999.0 -9999.0 -9999.0 -9999.0 -9999.0 0.850315755523 0.836098730556 0.835105968262 1.73675734674 0.777367373655 24.5499368082 25.3240019036 0.86045829641 1.66422087718 0.804352822512 0.709326027736 0.699410892294 40.3368006594 0.275956775907 0.540196464278 0.364665026001 0.395964680058 0.366208598847 0.317080847957 0.324744048231 0.981924257911 1.32787771963 0.288436484032 0.266379573901 0.563078618293 0.90277425138 1.11364283782 0.283006126624 73.7209777028 76.1829892661 891.110781341 0.824519098387 0.172610807648 0.0603069081957 0.145722445475 0.0505759633126 0.0407841852099 0.212897760931 0.932767700577
-9999.0 -9999.0 -9999.0 -9999.0 -9999.0 -9999.0 -9999.0 -9999.0 -9999.0 -9999.0 -9999.0 -9999.0 -9999.0 -9999.0 -9999.0 -9999.0 -9999.0 -9999.0 0.82563977191 2.50883339419 3.21573079658 3.96712974506 26.0473852608 26.7598611861 27.497312469 28.3479261041 29.0344920272 30.4261436998 30.720108737 30.9729072758 31.2677388381 0.373649934997 0.357849075978 0.364584075246 1.33881744978 0.344641724026 0.334245863903 0.290426905628 0.856931764939 0.321924664703 0.272983597921 0.259341000192 0.229408947148 0.458132874228 0.674439101776 77.5961203344 969.855959838 0.241751484733 0.551197979718 0.0496540654302 0.170795483212 0.069357173853 0.0820901518234 1.91193125964 1.54700493515
-9999.0 -9999.0 -9999.0 -9999.0 -9999.0 -9999.0 -9999.0 -9999.0 -9999.0 -9999.0 -9999.0 -9999.0 -9999.0 -9999.0 -9999.0 -9999.0 -9999.0 -9999.0 -9999.0 0.710836922867 5.48769036899 10.9712862789 11.7694092353 0.973643087587 1.82167773795 2.62449206363 3.31798451709 7.80321161948 8.18175067442 0.373712192616 0.361457065311 32.0417188377 32.7611272151 33.0954355187 1.62697028279 0.275200481989 0.624647289831 0.923014827246 2.7546551203 3.36648453493 3.89093951478 0.493987419882 0.702724161604 0.237187272027 0.481064482776 0.242959479866 970.370578913 0.242322419854 1.0030164175 0.348245224521 0.710335662606 1.90152314777 2.11101625813 4.14660012917 1.72686326513
-9999.0 -9999.0 -9999.0 -9999.0 -9999.0 -9999.0 -9999.0 -9999.0 -9999.0 -9999.0 -9999.0 -9999.0 -9999.0 -9999.0 -9999.0 -9999.0 -9999.0 -9999.0 0.77392077654 2.43983644851 4.79082372977 6.27861518307 16.3062881967 17.1979805478 1.64610788059 2.45134099614 3.15084338268 3.83903732937 8.49809994374 9.22751571813 15.5574229545 16.0246701221 16.3690453761 33.4419964132 36.0156232257 0.626376237094 0.369453719619 0.36120070631 0.704068823776 0.329925461201 4.52380954823 4.77498245186 0.945823523312 1.17471721795 0.272203009411 198.33336245 198.865483753 1169.62913116 1170.99350958 0.229647520568 1.18499756135 0.478175258999 0.384733712244 4.82862116391 6.79516081489
-9999.0 -9999.0 -9999.0 -9999.0 -9999.0 -9999.0 -9999.0 -9999.0 -9999.0 -9999.0 -9999.0 -9999.0 -9999.0 -9999.0 -9999.0 -9999.0 -9999.0 -9999.0 -9999.0 0.862415355365 0.83884965918 1.60465949075 3.83143030083 17.9159698412 0.835446005431 0.827334712555 1.53156287683 2.21761625099 5.11396864659 5.46490348095 0.226452097563 0.309056523073 16.7639581731 17.1343075825 53.4794843369 53.7894184298 0.253756531687 0.232230738446 0.205058878546 0.206621603538 0.213334494608 193.955082329 195.354375267 196.727549045 197.193076431 198.094800618 0.267343284837 1.01399243841 1.32990065726 1172.92505773 1173.15944494 1173.35249556 1173.63097024 1173.82275824 7.13086899718
-9999.0 -9999.0 -9999.0 -9999.0 -9999.0 -9999.0 -9999.0 -9999.0 -9999.0 -9999.0 -9999.0 -9999.0 -9999.0 -9999.0 -9999.0 -9999.0 -9999.0 -9999.0 -9999.0 -9999.0 0.784351162425 0.813164115036 1.52162515952 20.8914722731 21.6824050857 0.819141129659 1.51304841161 2.20765982181 2.57898503899 0.31280149212 0.698512578685 45.7227483044 46.0888970472 46.3958600912 48.7754549812 102.850846938 184.819619664 185.373625806 185.892336103 186.394904511 188.329200826 188.932632913 1.1802002736 0.554462100881 0.315620284925 0.606537796287 0.503827296745 0.78416491407 0.258709112244 5.30166970908 6.11902825546 6.76710472136 6.97540906775 1174.05384266 1181.50589577
-9999.0 -9999.0 -9999.0 -9999.0 -9999.0 -9999.0 -9999.0 -9999.0 -9999.0 -9999.0 -9999.0 -9999.0 -9999.0 -9999.0 -9999.0 -9999.0 -9999.0 -9999.0 -9999.0 -9999.0 -9999.0 0.797421750564 1.53212520352 2.26890816137 22.3067878814 0.806601878951 30.3655338647 31.0791417207 31.4012251385 31.7925777012 44.1847648553 44.6130910355 0.379044719859 1.77929218478 2.14387207508 0.374873131783 81.4050628536 80.7116965302 0.252495895376 0.555966987788 1.4727574742 0.314813971935 0.332095460904 0.280501409961 0.255517604031 0.214256829759 0.243464073764 4.43960777272 4.6933895247 4.99098805016 0.479975838301 0.352650661671 7.20091432746 7.46866916775 7.64242310138
-9999.0 -9999.0 -9999.0 -9999.0 -9999.0 -9999.0 -9999.0 -9999.0 -9999.0 -9999.0 -9999.0 -9999.0 -9999.0 -9999.0 -9999.0 -9999.0 -9999.0 -9999.0 -9999.0 -9999.0 -9999.0 0.737923156115 0.694628143867 3.58510691518 27.3451294397 28.8759492376 29.676721364 0.723482568522 11.6941757525 11.9523435578 12.0806489181 0.387570900422 0.796467212165 1.17948625421 19.0342901664 19.3456980128 19.627058385 80.1827875634 49.0991245638 0.298022247259 0.31009439106 0.301214973315 0.263168875888 2.57279064772 3.12766284691 3.63222739546 3.9107437272 4.18222612646 22.2063111438 22.4577826479 22.6659792813 23.1454078967 25.945514936 26.1398539622 34.0030450713
-9999.0 -9999.0 -9999.0 -9999.0 -9999.0 -9999.0 -9999.0 -9999.0 -9999.0 -9999.0 -9999.0 -9999.0 -9999.0 -9999.0 -9999.0 -9999.0 -9999.0 -9999.0 -9999.0 -9999.0 -9999.0 -9999.0 1.44480833646 2.19783535067 0.800360804003 0.82785471635 9.22414665658 9.97918651584 10.5320037634 4.084167651 4.33275320048 4.62844031232 5.00232090962 18.3655460529 18.7346397669 10.5549284999 30.5034343618 30.8105542547 48.8462386024 0.618193314746 0.313776180429 0.251647139053 1.74707820276 2.04993597682 0.224485467924 0.21333426399 21.2248502636 21.7335786395 21.9943388561 0.242772418968 0.344587617523 25.3893926066 0.318442938639 1.44030513385 1.6246686184
-9999.0 -9999.0 -9999.0 -9999.0 -9999.0 -9999.0 -9999.0 -9999.0 -9999.0 -9999.0 -9999.0 -9999.0 -9999.0 -9999.0 -9999.0 -9999.0 -9999.0 -9999.0 -9999.0 -9999.0 -9999.0 -9999.0 0.722998137013 1.43282000484 6.01581431499 6.82704152595 7.653090912 3.1972850498 3.82493510615 0.269832349586 12.4739810546 12.7233079207 12.9902193842 0.331992815539 9.84798618573 10.2226006857 0.319287834663 47.2824114037 0.65283776434 0.327182899961 0.917068942044 1.23155777887 0.267760991885 0.233480366382 18.7955470882 20.7488639029 21.0388590918 0.290560812165 0.712193497377 0.908648739114 1.12141979809 2.09456494059 0.534295287766 1.17433068109 0.254160534819
