data/baseflow/History/mHMbfrc268
ncols                  80
nrows                 72
xllcorner      4374000.0
yllcorner      5656000.0
cellsize            500
NODATA_value       -9999
[rows 0 to 23 of 72, columns 0 to 53 of 80]
-9999.0 -9999.0 -9999.0 -9999.0 -9999.0 -9999.0 -9999.0 -9999.0 -9999.0 -9999.0 -9999.0 -9999.0 0.806334086871 0.597351523322 -9999.0 -9999.0 -9999.0 -9999.0 -9999.0 -9999.0 -9999.0 -9999.0 -9999.0 -9999.0 -9999.0 -9999.0 -9999.0 -9999.0 -9999.0 -9999.0 -9999.0 -9999.0 -9999.0 -9999.0 -9999.0 -9999.0 -9999.0 -9999.0 -9999.0 -9999.0 -9999.0 -9999.0 -9999.0 -9999.0 -9999.0 -9999.0 -9999.0 -9999.0 -9999.0 -9999.0 -9999.0 -9999.0 -9999.0 -9999.0
-9999.0 -9999.0 -9999.0 -9999.0 -9999.0 -9999.0 -9999.0 -9999.0 -9999.0 -9999.0 -9999.0 -9999.0 1.59404969443 3.19274889965 0.434007611708 -9999.0 0.427365130046 -9999.0 -9999.0 -9999.0 -9999.0 -9999.0 -9999.0 -9999.0 -9999.0 -9999.0 -9999.0 -9999.0 -9999.0 -9999.0 -9999.0 -9999.0 -9999.0 -9999.0 -9999.0 -9999.0 -9999.0 -9999.0 -9999.0 -9999.0 -9999.0 -9999.0 -9999.0 -9999.0 -9999.0 -9999.0 -9999.0 -9999.0 -9999.0 -9999.0 -9999.0 -9999.0 -9999.0 -9999.0
-9999.0 -9999.0 -9999.0 -9999.0 -9999.0 -9999.0 -9999.0 -9999.0 -9999.0 -9999.0 0.720749243974 0.666258946757 0.713597567622 0.716415049936 4.45841225139 4.83726301984 1.13943138384 0.361543550615 -9999.0 -9999.0 -9999.0 -9999.0 -9999.0 -9999.0 -9999.0 -9999.0 -9999.0 -9999.0 -9999.0 -9999.0 -9999.0 -9999.0 -9999.0 -9999.0 -9999.0 -9999.0 -9999.0 -9999.0 -9999.0 -9999.0 -9999.0 -9999.0 -9999.0 -9999.0 -9999.0 -9999.0 -9999.0 -9999.0 -9999.0 -9999.0 -9999.0 -9999.0 -9999.0 -9999.0
-9999.0 -9999.0 -9999.0 -9999.0 -9999.0 -9999.0 -9999.0 -9999.0 -9999.0 0.67799708293 1.40569223231 2.78175842029 1.369399342 0.661505964977 1.2806776526 5.40818289427 7.27319769452 0.376832624144 -9999.0 0.634609561226 -9999.0 -9999.0 -9999.0 -9999.0 0.764483550467 0.403699480997 -9999.0 -9999.0 -9999.0 -9999.0 -9999.0 -9999.0 -9999.0 -9999.0 -9999.0 -9999.0 -9999.0 -9999.0 -9999.0 -9999.0 -9999.0 -9999.0 -9999.0 -9999.0 -9999.0 -9999.0 -9999.0 -9999.0 -9999.0 -9999.0 -9999.0 -9999.0 -9999.0 -9999.0
-9999.0 -9999.0 -9999.0 -9999.0 -9999.0 -9999.0 -9999.0 -9999.0 0.7816412162 2.17577570375 2.80009000175 3.45098213948 4.77420044571 0.59583088038 2.4243595832 2.96318192859 10.9262096429 0.361707626015 0.411405636791 1.15706432592 1.64419663475 0.513208138462 -9999.0 1.82274144977 1.50638739219 0.374949488502 -9999.0 -9999.0 -9999.0 -9999.0 -9999.0 -9999.0 -9999.0 -9999.0 -9999.0 -9999.0 -9999.0 -9999.0 -9999.0 -9999.0 -9999.0 -9999.0 -9999.0 -9999.0 -9999.0 -9999.0 -9999.0 -9999.0 -9999.0 -9999.0 -9999.0 -9999.0 -9999.0 -9999.0
-9999.0 -9999.0 -9999.0 -9999.0 -9999.0 -9999.0 0.791823948646 0.695158203091 0.654269197682 0.672067086855 0.676701057219 4.84572667299 10.2766357313 10.9160372644 11.4504113525 0.540444547766 11.9003108249 12.3472617103 0.928379317278 0.521537631228 2.12159665426 3.6025445112 0.423992574852 3.04606093037 0.457320753591 0.418584852618 0.476045251942 -9999.0 -9999.0 -9999.0 -9999.0 -9999.0 -9999.0 -9999.0 -9999.0 -9999.0 -9999.0 -9999.0 -9999.0 -9999.0 -9999.0 -9999.0 -9999.0 -9999.0 -9999.0 -9999.0 -9999.0 -9999.0 -9999.0 -9999.0 -9999.0 -9999.0 -9999.0 -9999.0
-9999.0 -9999.0 -9999.0 -9999.0 -9999.0 -9999.0 1.60146594927 2.35457810826 5.22528606123 7.15814239135 0.573657608065 0.631527990319 0.570234807271 1.61186794103 13.518399273 0.44910660171 12.7825748456 14.6029147951 1.37939260356 0.934849760749 4.02181606877 0.463765624861 3.50316806898 0.809869996339 0.386692707324 0.785523548139 0.944824639454 0.537756429061 0.577633795511 0.555178075136 0.591298115657 1.17820589922 -9999.0 -9999.0 -9999.0 -9999.0 -9999.0 -9999.0 -9999.0 -9999.0 -9999.0 -9999.0 -9999.0 -9999.0 -9999.0 -9999.0 -9999.0 -9999.0 -9999.0 -9999.0 -9999.0 -9999.0 -9999.0 -9999.0
-9999.0 -9999.0 -9999.0 -9999.0 -9999.0 0.9061508981 1.73274840525 0.824100212966 1.55883628586 7.89910235974 9.1527819902 10.4290188339 35.0642226669 0.534439276041 14.0163911174 53.6187010573 54.0267636204 69.3799701919 0.439728634974 1.34913147568 4.44264274821 0.414962614307 8.22034909786 4.27435704855 2.5741868901 2.15908166787 0.452780820124 1.59351924095 1.6745857208 1.11097581893 0.517752560371 1.7135965499 0.493592263338 0.480853959244 -9999.0 -9999.0 -9999.0 -9999.0 -9999.0 -9999.0 -9999.0 -9999.0 -9999.0 -9999.0 -9999.0 -9999.0 -9999.0 -9999.0 -9999.0 -9999.0 -9999.0 -9999.0 -9999.0 -9999.0
-9999.0 -9999.0 -9999.0 -9999.0 -9999.0 0.917988474052 2.66512918247 5.25997903846 6.03291223455 11.8874619094 12.5873994975 14.7942118106 24.1048358543 36.9913755697 38.1543439351 38.6787707338 0.837595819275 70.9759216023 71.8336701365 74.0644535083 88.3889194322 9.48614728082 8.67006547114 3.01278145073 0.431018175151 2.79022324785 1.9601876062 0.352016683948 2.12341766455 0.454432250128 0.96218199139 2.6499813318 3.11970250122 0.938144617724 0.438709768749 0.442722694301 -9999.0 -9999.0 -9999.0 -9999.0 0.342277975911 0.326361681654 -9999.0 -9999.0 -9999.0 -9999.0 -9999.0 -9999.0 -9999.0 -9999.0 -9999.0 -9999.0 -9999.0 -9999.0
-9999.0 -9999.0 -9999.0 -9999.0 -9999.0 0.888627594544 0.835385174304 3.49712539036 4.28946336617 5.10840172055 0.751600938628 1.48420950919 8.76981606174 1.5021400869 0.643414153937 0.536708423199 0.42539944233 0.511278958535 0.472501070835 0.495130165594 88.8217485318 90.0290099658 0.400030728232 1.2482407794 0.857608377226 3.17181538452 0.71504016293 0.328983463409 2.56676557218 0.892480725961 2.25327998065 5.36870159587 4.93511248542 1.35044692134 1.26134964258 0.464818847239 0.459517276523 -9999.0 -9999.0 0.476959649934 0.716496518272 1.7238004809 0.342050504513 -9999.0 -9999.0 -9999.0 -9999.0 -9999.0 -9999.0 -9999.0 -9999.0 -9999.0 -9999.0 -9999.0
-9999.0 -9999.0 -9999.0 -9999.0 -9999.0 -9999.0 0.924288136591 0.918954948754 1.73354671537 2.5727627741 5.81477922185 7.36886922868 8.13103637895 0.818378504788 0.546935643991 7.77984897019 9.34151661755 9.80272741677 11.8394032963 12.2758261488 0.414897342959 90.453984227 92.513851969 1.65312820158 0.356999540287 3.53949350287 7.73066921669 3.19073244175 0.721551039284 0.377068041418 8.37022465498 5.75817891003 0.344969820382 0.352616087265 1.62771248433 1.3418772407 0.39322916066 0.337750660512 0.454852833333 0.920546986412 0.434480195124 2.08000501149 2.45105257602 0.31250662059 -9999.0 -9999.0 -9999.0 -9999.0 0.383212950596 0.353753854782 0.201213695701 -9999.0 -9999.0 -9999.0
-9999.0 -9999.0 -9999.0 -9999.0 -9999.0 -9999.0 -9999.0 0.876419146608 0.810817127755 1.6827583798 2.50224273747 0.77953926201 0.646502753943 4.2875284251 5.46634085273 6.71317836216 0.551533363054 1.10133349718 0.520804580407 12.7423093472 27.7035311915 28.0114659535 121.23688595 0.391009560833 1.02587721095 0.321347809607 8.03325512004 0.345477724583 1.10262799434 0.360245635929 8.71476300439 9.06566126356 0.702073912383 0.715502667616 4.20854223113 2.15714438787 0.731949218329 0.395425667434 0.903979235436 1.36378760245 2.18343345675 0.349476223866 2.99549799316 3.19264151835 0.173731653495 0.195587676921 0.209076999412 0.180685489528 0.171301493952 0.978267337845 0.517040335314 0.3163777973 -9999.0 -9999.0
-9999.0 -9999.0 -9999.0 -9999.0 -9999.0 -9999.0 -9999.0 -9999.0 1.66520132058 2.42782559229 0.786589348161 1.61181971598 2.32482243922 3.7182710204 0.691567516988 0.664853318901 0.529893090647 0.532914389633 0.44530168894 14.025542973 0.537202493297 1.03465946077 122.528635738 122.913446545 0.109607106857 1.25600624569 9.51640975878 0.678168634676 1.39622002455 0.613662702396 0.889235198623 10.3362728238 0.99734433544 5.88559080092 4.89277144961 0.357864522786 1.90951984815 0.791932585168 1.29641499511 0.381415446628 2.50158741955 3.07916636836 3.23945071287 3.38812868179 3.83713300385 0.329535271095 0.35988763605 0.316518296873 0.296550533591 1.16062279384 0.231124321494 1.07827772012 1.30998604178 -9999.0
-9999.0 -9999.0 -9999.0 -9999.0 -9999.0 -9999.0 -9999.0 -9999.0 0.871389057105 4.14750703123 4.91042753296 0.761174723123 1.45569214123 0.691907091443 0.606324170919 0.59791764565 7.49901560863 9.71751833186 11.6653069299 13.6769362042 0.449167829624 0.513591494881 0.251897075418 124.404477253 124.758468996 124.860633339 12.2553777188 2.60670471257 2.34850793373 0.236915816731 1.14498358979 11.7462292837 0.267239726393 6.15623837115 0.351102820258 2.59713290816 2.31474988821 0.388510667854 1.68901745183 0.769896302038 1.15030507229 0.238744183073 0.146408110894 3.53419588046 3.66666727276 3.96913986395 0.50916437367 0.456184700305 0.43511059292 1.4096583252 1.87953644184 0.234604476505 1.56404819866 0.289744008976
-9999.0 -9999.0 -9999.0 -9999.0 -9999.0 -9999.0 -9999.0 -9999.0 -9999.0 0.896997800098 5.72192398451 6.4601469701 2.15281321251 3.513879528 4.7023792668 5.28528414146 0.591204145147 1.69958879693 1.13886702535 0.61874803046 0.586191292729 0.511944680835 0.903739979381 1.24159953391 0.179390228244 137.411028023 137.512964957 0.0977365936099 0.128351984525 0.518305825272 0.778134996303 12.5168686452 0.517315023813 6.36975744962 3.88302556565 3.25990249953 0.350986817342 0.728247374529 2.02362223602 0.334907618733 1.47796645575 0.536938537867 0.260655267686 0.134776566506 4.07798344586 8.15119943521 0.603098353482 0.553782355404 0.59951432312 0.183366172066 2.06132197675 0.176431561651 2.00898148739 0.247416000535
-9999.0 -9999.0 -9999.0 -9999.0 -9999.0 -9999.0 -9999.0 -9999.0 -9999.0 -9999.0 0.739613739453 7.94479464815 0.689248416202 1.35719046798 1.90927633288 2.94482076313 0.514548074698 1.08061822994 0.524015014532 0.470420581268 0.438028548288 0.850860703225 0.351656859529 0.260081299379 0.387833303985 0.154520448543 137.624717553 137.819602543 138.161939364 0.919160732766 0.282884506426 0.564607943805 12.8161077316 11.6190251865 4.51782368197 0.314960542606 1.41384523699 1.06807750717 2.35911916123 0.668016402732 2.66543751508 0.850322370292 0.472488373446 0.121133315333 0.157828172327 8.30682873402 8.43908164858 9.7043989276 1.17998842638 0.381674112771 2.25971537797 2.6303881001 4.82354942308 0.47640297183
-9999.0 -9999.0 -9999.0 -9999.0 -9999.0 -9999.0 -9999.0 -9999.0 -9999.0 -9999.0 -9999.0 0.487986864369 8.93447948243 0.621984963071 1.16364431693 5.11160693635 0.494232166044 0.483412843583 0.426689595298 0.954590831516 0.499373167862 1.82528056424 2.52138978143 2.81697926323 0.578667933463 0.657793065501 0.0827350860996 0.136805800854 0.133287203226 139.4717202 140.140641409 13.0129048373 12.0574000441 11.8409266171 0.487173362137 0.23549304181 1.70881760201 4.67115651576 2.66772524185 0.97209872888 3.92191415282 1.24051625682 0.9818699423 0.271140224286 0.109731030335 0.0890168673092 0.104316768677 10.2609770175 11.9444124873 0.191316074509 0.171251143311 0.200782335641 5.02978935031 5.71102305485
-9999.0 -9999.0 -9999.0 -9999.0 -9999.0 -9999.0 -9999.0 -9999.0 -9999.0 -9999.0 -9999.0 0.447379474898 9.9293600755 11.9870024435 0.564093863714 6.20572619543 0.44354917584 0.432016641882 0.928828690371 2.39903926922 0.483468261701 0.514710986226 0.360473242606 3.49181256762 3.8149962241 4.82506539594 5.10229662445 5.24756151139 5.33724623216 5.48987260528 145.730444578 158.918754119 171.12690612 171.194322976 0.111336658046 0.227795616607 5.26444100346 4.96947940159 0.303541314682 0.299246274132 4.21704218593 5.73421401909 0.239597907149 2.94038224847 2.70505831176 0.618034622509 0.249018430235 0.42330957474 0.174774189256 12.2077781412 0.129300036107 0.500467081335 0.605178155656 6.74938816765
-9999.0 -9999.0 -9999.0 -9999.0 -9999.0 -9999.0 -9999.0 -9999.0 -9999.0 -9999.0 -9999.0 0.785037300302 1.46272239027 12.6424601729 13.6741700382 0.499036520943 6.96207545632 0.360355721659 1.17761653956 2.81713199985 0.91823730593 0.431974040438 0.836568171518 0.270100288498 0.553497739929 0.310820407284 0.289973520723 0.271675487278 0.245473494837 0.163552580532 0.100424466749 0.0982191685794 0.103898966509 0.121862179722 171.510402986 5.67260525712 5.39341169816 0.0646458701494 0.825747537187 0.244268992369 0.267191708476 5.98947897541 9.7180677786 3.22482692191 2.43014653987 0.402533246401 0.140881182527 0.126261320108 0.264839203973 12.6093482889 12.8385994328 0.120831137199 0.126682836528 0.143758546899
-9999.0 -9999.0 -9999.0 -9999.0 -9999.0 -9999.0 -9999.0 -9999.0 -9999.0 -9999.0 -9999.0 -9999.0 0.617793692796 8.95462530556 23.2068730525 24.925638938 32.2901195203 32.5942976636 6.07400415653 4.62028237357 1.35792828307 0.424140685337 1.64692261701 2.00411971138 2.87652931167 0.638644136719 0.584844950599 0.572914940477 1.10500722582 0.444551783641 0.375741289949 0.267995202324 0.171129909528 0.103314302143 171.615398006 177.503156842 177.577375099 0.0564263419961 2.03872503129 1.08040951636 0.295603484619 10.5869639103 0.626375690006 0.326666735465 1.50497406536 0.329142228778 0.189914936117 0.337354676105 0.456940122942 0.58767231178 13.0293020456 0.0881403610545 0.0768767419027 0.0779146806932
-9999.0 -9999.0 -9999.0 -9999.0 -9999.0 -9999.0 -9999.0 -9999.0 -9999.0 -9999.0 -9999.0 0.711330266621 6.88535422485 8.3001442106 1.19888811127 0.481305692471 0.94667157756 33.981920866 34.2835072822 40.6841728227 0.362232087639 0.782140858393 0.317740306501 0.322349753824 3.17980460844 4.12072446008 4.97650434756 0.264672277608 1.36569566927 2.06621217469 1.1327942286 0.515283769403 0.39748461328 0.305300302487 0.270157529623 0.0665546805523 177.632271922 177.670783034 179.788853329 0.424615051693 0.244395825524 10.7602564871 0.750092182214 0.378825651369 0.419435168121 0.414296248723 0.35159475134 0.551533480598 1.48208115848 2.20575531569 15.3304037787 0.0647717609259 0.196956592918 0.135273047921
-9999.0 -9999.0 -9999.0 -9999.0 -9999.0 -9999.0 -9999.0 -9999.0 -9999.0 -9999.0 -9999.0 0.728933740169 4.87451539365 0.731083797483 0.586618145645 3.3939640069 3.86609470668 4.32926534515 4.74445048307 55.2128618786 55.6216194572 56.3709192035 62.024243009 62.9339661398 63.4116410308 63.7164058669 69.3019655099 70.05408138 70.3264693751 72.7018289881 74.1230298214 74.3728367299 75.2740498378 0.53979257554 0.485561993825 0.0694593406274 0.0370677665285 177.715912082 180.340998911 0.518537357609 12.479993831 12.277465189 1.34099187594 0.317389850963 0.321087860714 0.305507437297 0.297475355143 0.590587864257 0.793786465444 0.171402460229 15.4165122802 15.5082985704 15.9180240288 15.9914667924
-9999.0 -9999.0 -9999.0 -9999.0 -9999.0 -9999.0 -9999.0 -9999.0 -9999.0 -9999.0 -9999.0 2.55829470224 3.37629781971 1.53754551531 2.21283814314 0.660427549791 7.47993737768 7.96038473404 8.90930860009 9.36400671158 3.11433458787 60.2122821353 60.5943178038 0.250577829382 0.164153180452 0.155994451054 0.34150128603 0.194879188766 0.166347364201 0.173115363364 0.184482229178 74.6428281272 75.5411682774 76.3119268167 76.9930702849 77.1867554746 0.0686010084525 0.0210629733546 193.133941152 12.7551983924 12.6958160418 0.258704320764 0.215823890483 0.185842479973 0.526056966582 0.507849532162 0.238221406562 0.240196036933 0.224495494436 0.39543437297 0.497264078497 0.062881747882 0.119073630735 0.052247025663
-9999.0 -9999.0 -9999.0 -9999.0 -9999.0 -9999.0 -9999.0 -9999.0 -9999.0 -9999.0 -9999.0 -9999.0 1.73506437252 0.80467727973 0.691906118309 6.52264503617 7.01010596749 0.512144258944 1.91451093563 2.37272906376 2.75904227598 0.451708002989 0.219165699937 8.37669033253 8.53883769231 8.69841610253 21.3718462342 21.5045190971 21.785165091 22.9759368186 23.7863000081 23.9213971505 0.177325811515 0.185726014963 0.174031892453 77.2568525621 0.0304604868154 194.894436908 194.845152036 1.67179122806 1.59550820219 0.969751904402 0.253296627209 0.372520670541 0.722153262839 0.702797066285 0.458390082241 0.23034652382 0.447460731609 0.460381603957 0.697055752427 0.15974135014 0.24870455336 0.391927089562
