data/baseflow/History/mHMbfrc611
ncols                  80
nrows                 72
xllcorner      4374000.0
yllcorner      5656000.0
cellsize            500
NODATA_value       -9999
[rows 0 to 23 of 72, columns 0 to 53 of 80]
-9999.0 -9999.0 -9999.0 -9999.0 -9999.0 -9999.0 -9999.0 -9999.0 -9999.0 -9999.0 -9999.0 -9999.0 0.482368550468 0.589605757854 -9999.0 -9999.0 -9999.0 -9999.0 -9999.0 -9999.0 -9999.0 -9999.0 -9999.0 -9999.0 -9999.0 -9999.0 -9999.0 -9999.0 -9999.0 -9999.0 -9999.0 -9999.0 -9999.0 -9999.0 -9999.0 -9999.0 -9999.0 -9999.0 -9999.0 -9999.0 -9999.0 -9999.0 -9999.0 -9999.0 -9999.0 -9999.0 -9999.0 -9999.0 -9999.0 -9999.0 -9999.0 -9999.0 -9999.0 -9999.0
-9999.0 -9999.0 -9999.0 -9999.0 -9999.0 -9999.0 -9999.0 -9999.0 -9999.0 -9999.0 -9999.0 -9999.0 0.984603484772 2.56403725364 0.505694198124 -9999.0 0.544306538199 -9999.0 -9999.0 -9999.0 -9999.0 -9999.0 -9999.0 -9999.0 -9999.0 -9999.0 -9999.0 -9999.0 -9999.0 -9999.0 -9999.0 -9999.0 -9999.0 -9999.0 -9999.0 -9999.0 -9999.0 -9999.0 -9999.0 -9999.0 -9999.0 -9999.0 -9999.0 -9999.0 -9999.0 -9999.0 -9999.0 -9999.0 -9999.0 -9999.0 -9999.0 -9999.0 -9999.0 -9999.0
-9999.0 -9999.0 -9999.0 -9999.0 -9999.0 -9999.0 -9999.0 -9999.0 -9999.0 -9999.0 0.44169036904 0.408416711656 0.445581416342 0.448280447311 3.35149525196 3.763332449 1.45453740371 0.461690244581 -9999.0 -9999.0 -9999.0 -9999.0 -9999.0 -9999.0 -9999.0 -9999.0 -9999.0 -9999.0 -9999.0 -9999.0 -9999.0 -9999.0 -9999.0 -9999.0 -9999.0 -9999.0 -9999.0 -9999.0 -9999.0 -9999.0 -9999.0 -9999.0 -9999.0 -9999.0 -9999.0 -9999.0 -9999.0 -9999.0 -9999.0 -9999.0 -9999.0 -9999.0 -9999.0 -9999.0
-9999.0 -9999.0 -9999.0 -9999.0 -9999.0 -9999.0 -9999.0 -9999.0 -9999.0 0.408505806116 0.852117248095 1.69163216658 0.839130316828 0.399892821407 0.777943735277 4.10930818027 6.48900175102 0.479268557865 -9999.0 0.410217650766 -9999.0 -9999.0 -9999.0 -9999.0 1.00025983062 0.525078564466 -9999.0 -9999.0 -9999.0 -9999.0 -9999.0 -9999.0 -9999.0 -9999.0 -9999.0 -9999.0 -9999.0 -9999.0 -9999.0 -9999.0 -9999.0 -9999.0 -9999.0 -9999.0 -9999.0 -9999.0 -9999.0 -9999.0 -9999.0 -9999.0 -9999.0 -9999.0 -9999.0 -9999.0
-9999.0 -9999.0 -9999.0 -9999.0 -9999.0 -9999.0 -9999.0 -9999.0 0.529254787294 1.40267220181 1.78668414571 2.17776443503 2.90985973444 0.355177880511 1.45788977257 1.78233043378 8.97077689468 0.306440033444 0.263314389363 0.727953402609 1.03528832545 0.330456430729 -9999.0 2.41648563065 1.99380493813 0.505721984251 -9999.0 -9999.0 -9999.0 -9999.0 -9999.0 -9999.0 -9999.0 -9999.0 -9999.0 -9999.0 -9999.0 -9999.0 -9999.0 -9999.0 -9999.0 -9999.0 -9999.0 -9999.0 -9999.0 -9999.0 -9999.0 -9999.0 -9999.0 -9999.0 -9999.0 -9999.0 -9999.0 -9999.0
-9999.0 -9999.0 -9999.0 -9999.0 -9999.0 -9999.0 0.516639567803 0.432139306292 0.405936934755 0.422553297587 0.43254376112 3.06461292902 6.38488596317 6.7790445998 7.07752419891 0.301828521715 9.58042258032 9.85892110364 0.591039347669 0.316351732339 1.33399165862 2.28714398796 0.327315837779 3.44031174714 0.325404961326 0.338153305418 0.344786072243 -9999.0 -9999.0 -9999.0 -9999.0 -9999.0 -9999.0 -9999.0 -9999.0 -9999.0 -9999.0 -9999.0 -9999.0 -9999.0 -9999.0 -9999.0 -9999.0 -9999.0 -9999.0 -9999.0 -9999.0 -9999.0 -9999.0 -9999.0 -9999.0 -9999.0 -9999.0 -9999.0
-9999.0 -9999.0 -9999.0 -9999.0 -9999.0 -9999.0 1.05127394339 1.52930798782 3.36343375721 4.56340360778 0.344492575008 0.379422231858 0.347560838552 1.04581595813 8.39674860148 0.249738366145 10.1987620955 11.5600630369 1.00037632188 0.566827796103 2.55004499795 0.301106047418 3.7363761192 0.564914936744 0.281693459991 0.603629441285 0.681028125731 0.359946268344 0.38845623057 0.367275406448 0.424803722168 0.845680322308 -9999.0 -9999.0 -9999.0 -9999.0 -9999.0 -9999.0 -9999.0 -9999.0 -9999.0 -9999.0 -9999.0 -9999.0 -9999.0 -9999.0 -9999.0 -9999.0 -9999.0 -9999.0 -9999.0 -9999.0 -9999.0 -9999.0
-9999.0 -9999.0 -9999.0 -9999.0 -9999.0 0.633448094466 1.18558559894 0.547642223746 1.02194873646 5.05651725043 5.84440588637 6.62825659033 23.2323081252 0.38770918916 8.70384690746 35.0195313553 35.3373813395 47.4867597832 0.3730024481 0.819585452568 2.81440705358 0.25975927884 7.05083152651 3.03127677442 1.88369666372 1.59057186577 0.326316636011 1.06932706298 1.10872343723 0.734415083028 0.353112638818 1.21610072036 0.348642085736 0.336620118985 -9999.0 -9999.0 -9999.0 -9999.0 -9999.0 -9999.0 -9999.0 -9999.0 -9999.0 -9999.0 -9999.0 -9999.0 -9999.0 -9999.0 -9999.0 -9999.0 -9999.0 -9999.0 -9999.0 -9999.0
-9999.0 -9999.0 -9999.0 -9999.0 -9999.0 0.647726054844 1.84013480939 3.6122559225 4.12202236252 8.10607180007 8.55210224777 10.0008644599 16.2611575714 24.6571496065 25.4168224303 25.7731320507 0.55283770065 48.5822488007 49.2094437542 50.5735836354 61.5798092177 7.87971877735 7.35212059592 2.17545182664 0.288328402154 1.91943257082 1.34451918417 0.255989280214 1.40892097055 0.360973179132 0.73269211317 1.89933004155 2.22894030197 0.654716994833 0.314137988652 0.308979264546 -9999.0 -9999.0 -9999.0 -9999.0 0.449812481585 0.421855025236 -9999.0 -9999.0 -9999.0 -9999.0 -9999.0 -9999.0 -9999.0 -9999.0 -9999.0 -9999.0 -9999.0 -9999.0
-9999.0 -9999.0 -9999.0 -9999.0 -9999.0 0.609533999482 0.555184414824 2.41371115013 2.9441149494 3.50217839605 0.499562971528 0.979534245628 5.93575746917 1.15676010964 0.425204895985 0.343473733329 0.276512765982 0.387807270548 0.364036696646 0.326053479144 61.9417582617 62.7228858785 0.257902486811 0.821529252978 0.571591163043 2.17801740792 0.52325772003 0.242923269629 1.71284662285 0.649548377933 1.59821343372 3.77519066561 3.50595852286 0.95254895752 0.912287347679 0.329814969676 0.329211048715 -9999.0 -9999.0 0.333815568661 0.895973602996 2.20905813275 0.451362948666 -9999.0 -9999.0 -9999.0 -9999.0 -9999.0 -9999.0 -9999.0 -9999.0 -9999.0 -9999.0 -9999.0
-9999.0 -9999.0 -9999.0 -9999.0 -9999.0 -9999.0 0.653153524965 0.663028728539 1.18501285508 1.74170517701 3.89603889644 4.92971377646 5.52403874051 0.69847261937 0.346376371791 5.24501973368 6.25695373947 6.55100638098 7.8805190558 8.15589448318 0.274668169034 63.0016333682 64.3392863322 1.06781015492 0.21421788801 2.40211881791 5.32174359922 2.18418340625 0.496077210145 0.255456842985 5.89986790713 4.05236565571 0.254347932939 0.254651568364 1.18309979801 0.955775566953 0.285016536824 0.26132817839 0.318846869265 0.641393036499 0.304131507186 2.67613210324 2.95436492949 0.248028508169 -9999.0 -9999.0 -9999.0 -9999.0 0.318875748245 0.29118582917 0.0908743532423 -9999.0 -9999.0 -9999.0
-9999.0 -9999.0 -9999.0 -9999.0 -9999.0 -9999.0 -9999.0 0.607056993135 0.518650917665 1.11412067998 1.67589230604 0.519374860872 0.484869449858 2.92956510821 3.73642526342 4.58129168764 0.365426968332 0.718302495393 0.349840462775 8.45624650916 19.2907750903 19.6696659032 84.5947163132 0.257437720199 0.591748505135 0.179931405345 5.54350462263 0.23716675883 0.757568895308 0.243499946238 6.14480438174 6.39195860079 0.514365063687 0.50814450328 3.02799264153 1.54227167622 0.555229884245 0.291300663213 0.632366337729 0.948834722014 1.52276377832 0.260333120087 3.43511979467 3.66449417417 0.206571607581 0.229540377794 0.246603313429 0.212765479431 0.202071697756 0.836854074972 0.323211348228 0.196532815738 -9999.0 -9999.0
-9999.0 -9999.0 -9999.0 -9999.0 -9999.0 -9999.0 -9999.0 -9999.0 1.13905284565 1.61385418581 0.523114012744 1.08741299458 1.56507259739 2.56312118481 0.479799940372 0.445949329407 0.340741592868 0.343940065955 0.286171094609 10.2019148491 0.373871392835 0.709309675987 85.6900266276 86.2225019526 0.161897308008 0.921147035277 6.65284218376 0.465847783021 0.957549990099 0.422103525802 0.621584736167 7.32146834657 0.728885042091 4.24918234801 3.53715354844 0.275511127261 1.39762744644 0.573578913136 0.903654773832 0.265684834589 1.77074795485 2.2509801995 2.44203171707 2.61857479489 4.42960711065 0.389431131583 0.42618749017 0.37324761482 0.350431577368 1.01646651957 0.19407631672 0.721103141429 0.895731168029 -9999.0
-9999.0 -9999.0 -9999.0 -9999.0 -9999.0 -9999.0 -9999.0 -9999.0 0.604170498697 2.82088075383 3.31905267868 0.496520153148 0.950510327072 0.451344420869 0.385360853751 0.377138953357 4.99131092101 6.57415053619 8.09762066797 9.77781979783 0.372445150962 0.351146607219 0.258749850143 87.7162660753 88.38942383 88.5706159437 8.69544998268 1.84758390298 1.62991508899 0.181497719423 0.802664893709 8.31653451564 0.194166495575 4.44907257326 0.245701197876 1.86098988435 1.68848501972 0.274423471201 1.17478889593 0.53297128473 0.797011616331 0.213506353882 0.169979887499 2.79183693702 2.94964746384 4.58691256678 0.603808148732 0.538615739383 0.510515693131 1.22190802793 1.61742737024 0.197376888865 1.08529089333 0.218503142165
-9999.0 -9999.0 -9999.0 -9999.0 -9999.0 -9999.0 -9999.0 -9999.0 -9999.0 0.659337451378 3.88885115293 4.37971278439 1.4201097745 2.32868894616 3.1185987232 3.52785423488 0.429719407778 1.24667582141 0.823680096443 0.453167806639 0.416073296239 0.340838048782 0.638732113324 1.04461563775 0.315022473307 97.8217244776 97.99091838 0.153035736868 0.132610499795 0.377484978454 0.564646805874 8.87781474541 0.378329421828 4.61253903708 2.74807618795 2.31140293623 0.248061588064 0.511316467512 1.40514325379 0.230617252062 1.02227890385 0.426267626587 0.263393710641 0.110288260596 3.32500979068 8.03259986051 0.713559809882 0.651476411654 0.659956985015 0.153756545289 1.77335543945 0.150159481867 1.4371812029 0.181326133176
-9999.0 -9999.0 -9999.0 -9999.0 -9999.0 -9999.0 -9999.0 -9999.0 -9999.0 -9999.0 0.498713516476 5.40097819247 0.463733955928 0.929827714353 1.30725967449 2.0202880643 0.360459923719 0.793636248968 0.373744282338 0.329514568219 0.303440467399 0.595858347687 0.250192910626 0.240451860796 0.440136956604 0.256611174834 98.2273563414 98.5660525576 99.0558501793 0.740144598164 0.19662504615 0.392028511027 9.09142694922 8.34665112708 3.20536925145 0.223677983876 0.990902436915 0.74823199667 1.63638246789 0.459606541594 1.90137516361 0.644586750737 0.42349242486 0.0901178253319 0.129343560411 8.20938516458 8.3603737545 9.84674565642 1.14738624189 0.3200549812 1.94684720849 2.26599608288 3.85050743918 0.350343981281
-9999.0 -9999.0 -9999.0 -9999.0 -9999.0 -9999.0 -9999.0 -9999.0 -9999.0 -9999.0 -9999.0 0.368789330429 6.15689005906 0.440672222382 0.821343056964 3.56718608464 0.370253154638 0.360901740874 0.297744015969 0.659919740897 0.346915552834 1.27483967573 1.78277486606 2.00468417768 0.619467665373 0.758284576949 0.164524538832 0.224082938607 0.231154619665 100.208021232 100.742267544 9.24458391247 8.6760109528 8.51417033671 0.352447331237 0.168062765874 1.19477342026 3.24737111838 1.84926738725 0.66810857418 2.77004230563 0.907473253527 0.723759915979 0.176237461873 0.0755583951644 0.0588419585731 0.0714035664597 10.3224027986 11.9437289646 0.151828368165 0.138084989307 0.157034088883 4.01002535255 4.50721260589
-9999.0 -9999.0 -9999.0 -9999.0 -9999.0 -9999.0 -9999.0 -9999.0 -9999.0 -9999.0 -9999.0 0.300107903066 6.79554912755 8.27763287926 0.391339163813 4.32942761168 0.324322726648 0.301197259312 0.6282163967 1.63169034291 0.32452031024 0.355768465275 0.252000272446 2.49599287469 2.7214166079 3.73395948652 4.06881691672 4.23165273118 4.38261676474 4.53185696367 105.459296171 114.986780621 123.929365901 124.070383557 0.133556650362 0.170799309988 3.65806590462 3.45449908287 0.207806974926 0.2099323177 3.02210120891 4.13415327549 0.154355554153 2.10186674752 1.97865137705 0.461173580662 0.199482186674 0.353608864453 0.192020977124 12.2346307046 0.150560120369 0.427612747562 0.53224955396 5.43340848681
-9999.0 -9999.0 -9999.0 -9999.0 -9999.0 -9999.0 -9999.0 -9999.0 -9999.0 -9999.0 -9999.0 0.587494838007 1.08679074456 8.75246610435 9.49512799651 0.369087904672 5.05978659883 0.263568388985 0.824501398388 1.91852167672 0.62134515817 0.294090558373 0.590672602323 0.207660876216 0.398078165446 0.205329447823 0.178501448949 0.146589025148 0.127828595825 0.094559182193 0.0733218368507 0.105499346181 0.149144142041 0.199908211662 124.533491425 4.15915702478 3.85687144613 0.0928743450392 0.580205263976 0.13470857838 0.133195341029 4.31359742362 6.98029128907 2.31785703967 1.80786024111 0.306722478803 0.118661919792 0.0998241196991 0.233100528966 12.6187112312 12.9007834562 0.150163035966 0.158076312829 0.131889180234
-9999.0 -9999.0 -9999.0 -9999.0 -9999.0 -9999.0 -9999.0 -9999.0 -9999.0 -9999.0 -9999.0 -9999.0 0.431270994752 7.06641274631 16.9829745455 18.3114672776 23.7007929311 24.0930108332 4.3360721468 3.14967602897 0.923410009844 0.286329001069 1.14421664208 1.39395393309 2.0051371485 0.427506291858 0.373391016674 0.347775394764 0.666859836158 0.280269269954 0.249170548409 0.147828277709 0.100411604669 0.0701483341598 124.655929186 128.913628072 129.072163241 0.0910880955756 1.44083952542 0.664312467148 0.207213458136 7.64530585908 0.490408132979 0.25899825578 1.15549397466 0.213376692332 0.150592589356 0.281121147799 0.396464890537 0.534199042913 13.1236687036 0.103390148737 0.0876276340024 0.0877622615133
-9999.0 -9999.0 -9999.0 -9999.0 -9999.0 -9999.0 -9999.0 -9999.0 -9999.0 -9999.0 -9999.0 0.540624244154 5.4972685124 6.59649586565 0.941209136174 0.371952874003 0.721706549086 25.1472957278 25.45847556 30.1742632502 0.252433416123 0.534306701988 0.216678427327 0.221531288372 2.21580622819 2.85287875013 3.40456767858 0.174664939491 0.838568799003 1.28577496444 0.716896829338 0.310554940785 0.226602533075 0.173333322584 0.168296818804 0.0586354463074 129.167902174 129.230403345 130.796876296 0.304691730265 0.169738766182 7.87852210005 0.550365155806 0.2843661751 0.336319683157 0.333017827102 0.280024279629 0.459395690862 1.27383723467 1.96270281144 15.1948179823 0.0729591690757 0.221418791856 0.151482643226
-9999.0 -9999.0 -9999.0 -9999.0 -9999.0 -9999.0 -9999.0 -9999.0 -9999.0 -9999.0 -9999.0 0.561168457955 4.01098166914 0.575731138482 0.444216730482 2.65124537293 3.01365084093 3.36669303711 3.67004931496 41.8675186471 42.2171557755 42.8322021221 47.0914230501 47.7744781823 48.1355422207 48.3531199686 52.18868521 52.7104302824 52.8894450445 54.3806662916 55.298644651 55.4595053341 55.9865023543 0.325819604152 0.278057047702 0.0441920701636 0.0285410719925 129.304345083 131.267018004 0.412686276627 9.28066340141 9.11877143459 0.988019374267 0.224864332483 0.235030386634 0.221567742944 0.232797846345 0.470071649154 0.660694523126 0.17949452885 15.2966670695 15.4081232827 15.8722765347 15.9582872968
-9999.0 -9999.0 -9999.0 -9999.0 -9999.0 -9999.0 -9999.0 -9999.0 -9999.0 -9999.0 -9999.0 2.16344970317 2.83334251614 1.23053293192 1.78000245246 0.536815549391 6.20669933736 6.60496931844 7.38577837442 7.71214529898 2.50731749498 45.8461782403 46.1129368924 0.228737947283 0.143158597749 0.138967338405 0.291075029519 0.141220520699 0.108084958795 0.101974969177 0.100662970907 55.6126169868 56.1453106509 56.6598132372 57.0907437603 57.2221139006 0.0463290638383 0.0114830304535 140.843105275 9.5247282778 9.45902822268 0.190450587493 0.172386380389 0.15304702409 0.398375673584 0.385360322562 0.178408559278 0.180575254876 0.165394757919 0.339798361743 0.4345823832 0.0707872849537 0.116434746003 0.0412981711883
-9999.0 -9999.0 -9999.0 -9999.0 -9999.0 -9999.0 -9999.0 -9999.0 -9999.0 -9999.0 -9999.0 -9999.0 1.4789910463 0.653816238363 0.548874748512 5.4054021622 5.83004441874 0.430049600863 1.63981621152 1.99604674278 2.27678047626 0.346491948451 0.202217098945 7.08127599678 7.23112547273 7.37213350481 18.7953736531 18.8979256992 19.0921208069 20.2637809562 20.8183779458 20.8967503505 0.0948344800989 0.102159185143 0.0875702036289 57.3210817405 0.0305999522965 142.129598494 142.075970113 1.18898677131 1.09995022659 0.700951072725 0.174987262204 0.303521814373 0.562770225898 0.551186951768 0.343787731035 0.169510850748 0.330424640069 0.332905130079 0.575853571859 0.0722252028766 0.174232583751 0.300133970371
