data/baseflow/History/mHMbfrc272
ncols                  80
nrows                 72
xllcorner      4374000.0
yllcorner      5656000.0
cellsize            500
NODATA_value       -9999
[rows 24 to 47 of 72, columns 0 to 53 of 80]
-9999.0 -9999.0 -9999.0 -9999.0 -9999.0 -9999.0 -9999.0 -9999.0 -9999.0 -9999.0 -9999.0 -9999.0 0.833631369426 2.19282023555 2.83477834027 4.69928159148 0.464982077222 0.97484996853 1.4463104766 6.03020467061 6.44923511788 6.80609872573 7.11220817327 7.41077328269 11.2505751477 12.1489150987 12.667159372 0.231448425453 1.19750563496 1.44196158455 23.7496821817 24.7439302323 25.3453136263 25.9882956956 26.3915168269 100.51296913 0.0438105360273 189.43355348 0.226591106706 0.130822900994 2.14629753674 1.83970346214 0.299884825202 0.948803577833 1.46976934296 1.4388428275 0.994164383449 1.63575277085 2.58720742442 0.952044113823 2.32210548605 0.211593688085 0.351033294737 0.0525755981123
-9999.0 -9999.0 -9999.0 -9999.0 -9999.0 -9999.0 -9999.0 -9999.0 -9999.0 -9999.0 -9999.0 -9999.0 0.744344450921 1.46691586406 0.652246850344 1.28816641791 0.498556241059 4.16747999879 5.09318820919 5.59120329169 0.453499691838 0.880605965161 8.63530003857 10.7098064783 11.015100619 0.633799924629 0.544952568215 0.802239438984 0.201688307366 0.176485096979 0.340973860652 0.14306923549 13.3365984519 13.5155697764 13.5700682386 100.654896672 190.348253375 189.51783769 0.194709166581 0.117569849909 0.112181322573 0.59376133935 0.498663144851 1.23913942951 1.76541149851 3.51845661118 0.310272186833 0.306949284575 2.86984758732 3.17052070718 5.97337444509 6.09584555099 6.49863362176 6.59350126401
-9999.0 -9999.0 -9999.0 -9999.0 -9999.0 -9999.0 -9999.0 -9999.0 -9999.0 -9999.0 -9999.0 -9999.0 -9999.0 0.642731473716 1.31051624859 1.99816920548 3.09514489042 0.566026255087 0.483752274858 3.42696587237 3.87423727732 7.76071907523 8.27769735739 1.41247315509 0.402530520272 0.304002941185 0.255027846662 12.2729953487 12.4674292094 12.6721441123 12.8523277937 13.161558963 2.08607066946 2.15575933253 15.7725358909 306.886547946 0.706352158115 0.535978783711 0.302383440332 0.0934453844647 0.0890697798169 0.790024910655 0.847231309092 1.42225969569 0.101736442303 3.67281128649 0.549263373338 0.537394205184 0.104061255714 0.056061878683 0.0422415710505 0.0355543604141 0.0431318041082 6.64169252309
-9999.0 -9999.0 -9999.0 -9999.0 -9999.0 -9999.0 -9999.0 -9999.0 -9999.0 -9999.0 -9999.0 -9999.0 -9999.0 -9999.0 0.617008553089 1.14019517185 1.57904579534 1.98870203042 2.46765079371 2.97818187271 1.45029096801 2.50756319271 0.493000146786 0.444327158801 10.4784564464 11.3171682321 11.6941674126 12.0659576221 0.233646134954 0.414959821592 1.3034069828 1.58354398575 1.87764851607 0.105853834873 0.0460135039393 307.203105135 0.134509023685 0.166983313483 0.0865476031432 0.344754404609 0.173661693043 0.0710811056619 2.34129493696 2.38870573588 0.0418107175579 3.71768961394 4.31515498983 0.582576905478 75.9533092609 75.8041156736 75.6962498889 75.508053978 75.4408155544 74.2855781987
-9999.0 -9999.0 -9999.0 -9999.0 -9999.0 -9999.0 -9999.0 -9999.0 -9999.0 -9999.0 -9999.0 -9999.0 -9999.0 -9999.0 0.157191943566 0.317851799825 0.444804680664 4.70608571854 5.18284058692 0.500188146837 0.496511621831 0.518677680872 8.61722370469 9.63918681232 0.500807698412 0.497489601911 0.345893065992 1.50982688823 1.89824362034 0.791508467345 1.10013901827 9.10404520433 9.42683820334 9.80877469908 15.3448398285 322.678705857 0.116204656766 0.0644948151473 0.500790554634 0.42862168893 0.058655118189 0.196628866032 0.263101750981 2.44892027408 2.49607259286 6.92727080486 4.34751407333 0.673105359981 77.230609902 0.347716893501 75.6083660455 75.5609524707 1.08599190736 0.0748778650186
-9999.0 -9999.0 -9999.0 -9999.0 -9999.0 -9999.0 -9999.0 -9999.0 -9999.0 -9999.0 -9999.0 -9999.0 -9999.0 -9999.0 0.741681870777 1.23604585767 2.42273412932 4.23697639684 5.58268148783 6.65472727601 7.14344838998 7.66551743468 8.18804708576 0.484832851063 0.413139636451 0.795201152939 0.750074174702 0.408611006213 7.82709940445 8.19664705967 8.54783907522 8.87645354924 5.13039065627 5.32134020685 5.4744320217 322.800009556 0.252294994143 0.141181620689 0.752256639308 0.0898804969807 0.122071696825 0.0622342903454 0.0619257553964 0.319748029171 0.0390924763935 0.0403646526097 84.3753030193 77.4155288636 77.3716456482 0.150756482844 0.311358560394 0.203936829079 0.0476264205278 0.969946536689
-9999.0 -9999.0 -9999.0 -9999.0 -9999.0 -9999.0 -9999.0 -9999.0 -9999.0 -9999.0 -9999.0 -9999.0 -9999.0 -9999.0 0.504360814779 0.487026355317 0.967444354097 1.42344084507 0.589871576489 0.659664899971 1.20558202944 1.72679534609 2.71601006099 3.19445132295 3.57078245064 4.77666441532 5.14624179961 5.59185914438 0.387680133967 3.79174285434 4.14112206788 4.50778855668 0.325423357548 0.236598299376 0.397509356074 328.806710372 328.92151025 329.326568251 1.08904145249 0.226885162972 0.163060279913 0.052367561862 0.108497597114 0.367834522533 0.445909538341 0.0725772524908 84.5436773739 0.0458089745628 0.0703651915389 0.0791490499504 0.0544176496868 0.118265790956 0.049008094815 0.660508271785
-9999.0 -9999.0 -9999.0 -9999.0 -9999.0 -9999.0 -9999.0 -9999.0 -9999.0 -9999.0 -9999.0 -9999.0 -9999.0 -9999.0 -9999.0 0.472082454447 0.910824175055 0.397804241155 0.826644530091 5.20022181106 5.61474401366 6.06825757696 0.493060793905 0.490835834459 0.864160902178 1.28114917566 1.97382704639 2.36475314496 2.68832500618 3.04112213001 0.296771884912 0.28773594978 4.92704926586 5.18890354042 5.34045511656 5.48239528225 4.83825071601 334.771347407 336.614535777 336.734484724 336.993191981 337.31899338 337.458324011 0.0306846869491 0.481277823273 84.5720146714 0.0563816938838 0.0289020267462 0.0300179892004 0.0336257482471 0.0628632440633 0.0725800166029 0.043308613497 0.0718319961437
-9999.0 -9999.0 -9999.0 -9999.0 -9999.0 -9999.0 -9999.0 -9999.0 -9999.0 -9999.0 -9999.0 -9999.0 -9999.0 -9999.0 -9999.0 -9999.0 1.35002043438 1.7521410061 3.01786646299 3.95775725186 0.499917750583 7.15712514159 7.62069226492 8.01313571406 0.392015204487 0.759217091869 0.325541343776 2.5678221666 2.85061103385 3.2044024731 3.55576727025 4.44315298688 4.68787601204 0.156461544181 4.30635952246 4.57958410417 4.70652511586 5.31856682366 0.628159797884 0.337593629241 0.165306214035 0.162064979121 337.559342137 337.596242501 338.305923938 84.5940340104 0.174098791057 0.0982388908241 0.0616501983517 0.0247831208025 0.217193338874 0.122534269957 0.0370308033952 0.213486262258
-9999.0 -9999.0 -9999.0 -9999.0 -9999.0 -9999.0 -9999.0 -9999.0 -9999.0 -9999.0 -9999.0 -9999.0 -9999.0 -9999.0 -9999.0 -9999.0 0.423120322484 2.17733013332 2.62681503227 0.50141932171 0.505115169097 1.07101823507 1.56924989503 10.000325708 0.38549081519 1.56347270431 1.91226368254 2.25126273367 0.294668047099 0.613325527217 0.864268683758 3.25098828128 3.72608684808 3.86972005083 0.153384589114 0.14062357939 0.181593692984 0.345602480159 0.158538605254 0.155214895605 0.0979930906242 0.14229299913 0.11075992959 0.200514151847 338.351179085 423.044269528 0.20297755082 0.059461587725 0.023754926468 0.707691690135 0.652684520399 0.396650524391 0.3575284247 0.27009574145
-9999.0 -9999.0 -9999.0 -9999.0 -9999.0 -9999.0 -9999.0 -9999.0 -9999.0 -9999.0 -9999.0 -9999.0 -9999.0 -9999.0 -9999.0 0.388370696527 1.16623613239 0.36277620815 0.532379255583 0.547107833504 1.05790268506 1.57560049533 1.99954479795 12.3216908437 12.6782873277 0.374423567844 0.718029033059 1.07103788809 1.39833694109 1.7219569112 2.87302892503 3.09213925081 0.303316555144 0.190307456055 0.129458821882 0.0582705311974 0.092373889149 0.147681399735 0.146153870401 0.276889775278 0.33020068452 0.178887863933 0.0309964743561 0.0297731127764 0.0330334391857 0.0617044670836 425.366264795 2.03096457103 0.83270821051 0.071153106746 0.0343366910402 0.0227680672482 0.0862503712387 0.0614978354386
-9999.0 -9999.0 -9999.0 -9999.0 -9999.0 -9999.0 -9999.0 -9999.0 -9999.0 -9999.0 -9999.0 -9999.0 -9999.0 -9999.0 0.416814953485 0.790747563553 2.67183345375 0.317152870838 0.902151202626 1.40994969049 1.87021658508 0.507801196055 0.924622969405 1.29685429095 14.2643563435 0.337157931677 0.642778991452 0.975749494137 0.334774146839 0.664512407939 0.919708093641 1.126121679 24.4885905803 24.8077598638 25.047953802 25.9098540278 26.1967867124 26.8229631648 0.17578387055 0.487944985869 0.369309293472 28.5386864919 28.5973789521 0.0270229878824 0.0508919574484 0.0735617222487 425.396896591 1.88238620985 0.956243197227 0.910630831038 0.680156528579 0.572950667206 0.114092822572 0.0261987826228
-9999.0 -9999.0 -9999.0 -9999.0 -9999.0 -9999.0 -9999.0 -9999.0 -9999.0 -9999.0 -9999.0 -9999.0 -9999.0 -9999.0 0.436359763591 1.30602654534 4.40543921262 6.5386571662 0.279266196692 8.30955998417 10.5041627765 0.445860817581 0.84813300016 1.23619566162 17.8345552847 18.0998364466 0.211851436391 1.41013637591 1.64373999015 1.92001385083 22.3559141345 22.9241615134 23.186116295 0.117594201083 0.664351342791 0.783136125794 0.275520505447 0.362756830856 27.3778683243 28.0151542153 28.0797064073 28.1384221179 28.6606628116 0.0306379984575 0.028134260666 0.123502886776 425.430063146 0.0474185690755 0.0650483520344 0.19347932753 0.0739212019955 0.51866928356 0.388610304307 0.234009265852
-9999.0 -9999.0 -9999.0 -9999.0 -9999.0 -9999.0 -9999.0 -9999.0 -9999.0 -9999.0 -9999.0 -9999.0 -9999.0 -9999.0 -9999.0 -9999.0 0.898683103029 1.78130699583 7.6534159357 8.03997460716 10.8381980842 11.166793422 0.457986929499 0.917590366761 2.05763356371 18.3256449331 18.7587460259 18.9124778249 0.132604842448 19.5798525488 20.1669206115 0.344793320962 0.120032615708 0.233159908201 0.448384349211 0.111152074533 0.207670717109 0.425571413184 0.506905061663 0.0991013942811 0.0625762346606 0.115497083114 29.1952745387 29.3465132052 29.3705439183 29.574717857 425.459501895 0.0358850446797 0.044395915613 0.0530331586513 0.0509341117704 0.052438011074 0.0465778525588 0.0866555715358
-9999.0 -9999.0 -9999.0 -9999.0 -9999.0 -9999.0 -9999.0 -9999.0 -9999.0 -9999.0 -9999.0 -9999.0 -9999.0 -9999.0 -9999.0 -9999.0 0.463709960307 0.447752438709 0.417107064839 0.749313821515 0.30874415467 11.7930614941 12.0960213113 0.381826251537 0.784076951706 0.292779700173 0.219090396666 0.206424762947 19.2982921281 0.183334495648 0.400135400364 0.182165004676 0.133452190293 0.104742335374 0.0788077463987 0.0834320730228 0.266486850719 0.371608573452 0.0691706417162 0.0571000020264 0.129457525304 0.225533008881 0.349645273408 0.107702932242 29.4245490998 29.5986863563 425.482144567 0.198206517249 0.121550943684 0.0316694580744 0.0767423006053 0.0264563598304 0.0222490470365 0.111169061968
-9999.0 -9999.0 -9999.0 -9999.0 -9999.0 -9999.0 -9999.0 -9999.0 -9999.0 -9999.0 -9999.0 -9999.0 -9999.0 -9999.0 -9999.0 -9999.0 -9999.0 -9999.0 0.44286259768 1.13088481587 1.43784921885 1.74449992684 12.4092957274 12.745011263 13.0482436753 13.3326838334 13.5302563323 13.9543016351 14.1205208004 14.2901539975 14.4208390843 0.104784566186 0.101754565287 0.106133968911 0.358804749576 0.0975841492437 0.0955216258164 0.0687893764396 0.204092724991 0.0830351686284 0.0617579989054 0.0560425281722 0.0457056062399 0.0911440967305 0.136037942104 29.8774919853 455.582178105 0.0386022900684 0.061532670485 0.0251505041845 0.105396900952 0.0582093585681 0.0447580037782 0.34084260123
-9999.0 -9999.0 -9999.0 -9999.0 -9999.0 -9999.0 -9999.0 -9999.0 -9999.0 -9999.0 -9999.0 -9999.0 -9999.0 -9999.0 -9999.0 -9999.0 -9999.0 -9999.0 -9999.0 0.348929487308 2.92187394801 5.43509343245 5.73238472921 0.458378447622 0.864460326477 1.26072673189 1.5509453192 3.64671492286 3.75870146893 0.106068036918 0.112898321861 14.6446962355 14.8463195006 14.9379977956 0.41999014778 0.0452147055931 0.125574289816 0.187691517571 0.604908499729 0.761271893676 0.879225013443 0.105462481256 0.145877673424 0.0504357293623 0.102507395237 0.054486865813 455.675751793 0.02647910423 0.118861685989 0.0459430260798 0.170427929827 0.3727592657 0.43441349039 0.794595569038
-9999.0 -9999.0 -9999.0 -9999.0 -9999.0 -9999.0 -9999.0 -9999.0 -9999.0 -9999.0 -9999.0 -9999.0 -9999.0 -9999.0 -9999.0 -9999.0 -9999.0 -9999.0 0.406389162884 1.32429191796 2.57857685456 3.34818028706 8.11378772573 8.48519777743 0.853246184157 1.26442202993 1.62828627277 1.90272754227 3.90058200779 4.12802371993 7.70716699211 8.05588467377 8.15013797511 15.0136067065 15.5980036305 0.111980717165 0.0850136250749 0.0779519155974 0.149644982464 0.071570108338 1.02908127618 1.08509306944 0.192849746785 0.261542585317 0.04726981745 92.5800717662 92.6966777374 548.419064405 548.578677323 0.0358985328678 0.246913469747 0.0478339524099 0.0335910021324 0.863950039281
-9999.0 -9999.0 -9999.0 -9999.0 -9999.0 -9999.0 -9999.0 -9999.0 -9999.0 -9999.0 -9999.0 -9999.0 -9999.0 -9999.0 -9999.0 -9999.0 -9999.0 -9999.0 -9999.0 0.485065119635 0.469753127718 0.865457615269 2.03665933589 8.85203774238 0.445630862928 0.437439752698 0.775731645299 1.15017075304 2.84676630456 3.08613385635 0.262398085722 0.237813819732 8.28793346627 8.35585093872 24.0297196397 24.0900152913 0.0369161377624 0.0317991324577 0.0275338115736 0.0278248081788 0.036685416063 91.4075655658 91.7623898029 92.1192813887 92.2719725874 92.5212707501 0.0636183383906 0.224709221148 0.254415044648 548.91683612 548.937107645 548.991090258 549.064355313 549.17619432
-9999.0 -9999.0 -9999.0 -9999.0 -9999.0 -9999.0 -9999.0 -9999.0 -9999.0 -9999.0 -9999.0 -9999.0 -9999.0 -9999.0 -9999.0 -9999.0 -9999.0 -9999.0 -9999.0 -9999.0 0.413487533093 0.441439113639 0.808054916228 10.4235166429 10.7479114619 0.420419873973 0.758692580834 1.14826521091 1.50530391308 0.303665818688 0.537690021127 23.2150103668 23.3017678409 23.4444890229 24.371656979 48.574175684 89.2963707057 89.4049169799 89.5036763697 89.6004809526 90.0963305462 90.2663694626 0.303809889807 0.12956318441 0.0857803987346 0.158413884814 0.110117032859 0.179547234276 0.057495731868 1.17722714601 1.28754649101 1.38000083343 1.39465274278 549.194412064
-9999.0 -9999.0 -9999.0 -9999.0 -9999.0 -9999.0 -9999.0 -9999.0 -9999.0 -9999.0 -9999.0 -9999.0 -9999.0 -9999.0 -9999.0 -9999.0 -9999.0 -9999.0 -9999.0 -9999.0 -9999.0 0.423944603216 0.810429125212 1.20036253227 11.0668536798 0.296628882405 14.9459623703 15.3403748982 15.6279034922 15.8687948212 22.1996928177 22.4588501418 0.0919734194576 0.667335532765 0.791742787085 0.0982698806572 40.6235583747 40.4331890962 0.0606927951534 0.144787319152 0.400056656785 0.0917491849963 0.0982367722568 0.0635553682689 0.0529804556218 0.0387359753986 0.0493547272137 1.0129510562 1.06877109991 1.13930280496 0.085013545719 0.0738557296888 1.4350693941 1.45352515464
-9999.0 -9999.0 -9999.0 -9999.0 -9999.0 -9999.0 -9999.0 -9999.0 -9999.0 -9999.0 -9999.0 -9999.0 -9999.0 -9999.0 -9999.0 -9999.0 -9999.0 -9999.0 -9999.0 -9999.0 -9999.0 0.375506779684 0.352582535187 1.84156205655 13.6228918694 14.2795307286 14.6183013168 0.308222391281 5.58451239861 5.88990850554 6.08085179108 0.238544656698 0.351244330183 0.431589590197 8.97014377185 9.04837491713 9.11863246038 40.3029654579 25.4801592068 0.0820434712382 0.087354927588 0.0826793283488 0.0607134611283 0.603853007041 0.72871411401 0.835046710376 0.898270284834 0.958482072806 7.99743240601 8.04140587295 8.13461048562 8.35841324315 8.87260951958 8.88782618936
-9999.0 -9999.0 -9999.0 -9999.0 -9999.0 -9999.0 -9999.0 -9999.0 -9999.0 -9999.0 -9999.0 -9999.0 -9999.0 -9999.0 -9999.0 -9999.0 -9999.0 -9999.0 -9999.0 -9999.0 -9999.0 -9999.0 0.738233307699 1.13630332156 0.358611134475 0.429743907044 4.54818941161 4.85152231676 5.0509951402 1.73720983123 1.94491148895 2.15907687468 2.27379599836 8.79516965072 8.9158676106 5.46032039314 14.670163761 14.7526827178 25.4163968652 0.16194032255 0.0823591806539 0.0516285716869 0.411479787386 0.486397659745 0.039837202104 0.0360405388439 7.80223834476 7.90384155814 7.95600871698 0.0833855292691 0.150518726194 8.82599096603 0.0259952076764 0.101897012098
-9999.0 -9999.0 -9999.0 -9999.0 -9999.0 -9999.0 -9999.0 -9999.0 -9999.0 -9999.0 -9999.0 -9999.0 -9999.0 -9999.0 -9999.0 -9999.0 -9999.0 -9999.0 -9999.0 -9999.0 -9999.0 -9999.0 0.374329619933 0.737276403577 3.00161981603 3.3813965719 3.75099018989 1.32503698891 1.55205290151 0.203251518318 6.05919064979 6.24529354845 6.42128802674 0.125082926647 5.24293910289 5.3713115736 0.0864033852448 24.9853330542 0.191697560309 0.0946236019292 0.221010591254 0.303740157162 0.0578675645244 0.0443153993038 7.30196521361 7.710812036 7.77310832469 0.0644043892332 0.129105608603 0.160733544813 0.188339354103 0.387435826546 0.0378838519767 0.0837577537759
