data/baseflow/History/mHMbfrc462
ncols                  80
nrows                 72
xllcorner      4374000.0
yllcorner      5656000.0
cellsize            500
NODATA_value       -9999
[rows 24 to 47 of 72, columns 0 to 54 of 80]
-9999.0 -9999.0 -9999.0 -9999.0 -9999.0 -9999.0 -9999.0 -9999.0 -9999.0 -9999.0 -9999.0 -9999.0 1.05779445605 2.93229311654 3.84615880579 6.58900374027 0.833332988787 1.69299585237 2.51189403018 9.46837161495 10.0990606701 10.5266137784 11.1430324925 11.8730254247 19.0696633399 21.1617163788 22.2878185301 0.427795420139 2.51094897172 2.92142718449 41.851513461 43.3423560286 43.9993511414 44.6645712129 45.2727725961 166.768180994 0.299266842956 350.690752937 0.652399896489 0.288451595429 2.95562290762 2.57107188637 0.35252768957 1.49497275659 2.19224095337 2.17327838154 1.46578294667 2.38792317217 3.7576645231 1.35431997671 3.55060872437 0.291238000917 0.40368144222 0.0983846983539 0.0785908608514
-9999.0 -9999.0 -9999.0 -9999.0 -9999.0 -9999.0 -9999.0 -9999.0 -9999.0 -9999.0 -9999.0 -9999.0 0.996024006778 1.96771368846 0.911996442213 1.83382296032 0.821275543478 6.22946528187 7.85525139913 8.696860051 0.775151626328 1.43909076391 14.5146234434 17.8692156641 18.4273928393 1.4170416419 1.30086448603 1.80852221466 0.356716887275 0.321113618499 0.612045578997 0.297380514973 22.7241575817 23.0398776145 23.3237959805 167.150945588 353.240097928 350.992385446 0.440654894869 0.206747462335 0.179978855905 0.717433082533 0.55634107158 1.75761136051 2.55174001122 5.16836164917 0.438804507461 0.436451208541 4.11705283137 4.48821003095 8.74243804294 8.98666073497 9.49389327739 9.67649847729 0.15941620767
-9999.0 -9999.0 -9999.0 -9999.0 -9999.0 -9999.0 -9999.0 -9999.0 -9999.0 -9999.0 -9999.0 -9999.0 -9999.0 0.901935572286 1.83513909497 2.78089220035 4.50680878589 0.909627591873 0.84207871959 6.013972235 6.78943061115 13.2481204903 14.0226334415 2.14750574135 0.756154208471 0.698154318491 0.634475141864 20.7228746871 21.1469299956 21.5187589008 21.8287905537 22.4277136502 3.61380965004 3.94396670929 27.5685659239 548.150738309 1.74482931678 1.40329399022 0.685118605751 0.183958890321 0.150867223382 1.06978698832 1.18637767965 2.05062254983 0.144416773477 5.3529296904 0.699277713313 0.680737535354 0.132414020785 0.0905932223501 0.0810645436395 0.0942329508869 0.0876668372847 9.76741142658 132.08134761
-9999.0 -9999.0 -9999.0 -9999.0 -9999.0 -9999.0 -9999.0 -9999.0 -9999.0 -9999.0 -9999.0 -9999.0 -9999.0 -9999.0 0.906026349898 1.81858863353 2.64908797397 3.49048332104 4.33664934711 5.21102092767 2.53943070514 4.22463170803 0.760210125499 0.730794935418 17.2446909032 18.7175485604 19.419096441 20.1603763177 0.556953335746 0.984647154665 2.54407098872 2.92326982947 3.28099947009 0.396749557732 0.300095228787 549.076245897 0.339722452435 0.447676859997 0.213625042661 0.680436900908 0.311008270867 0.17149000644 3.4137659494 3.57413465746 0.111180064589 5.48213234226 6.26607353343 0.768190258378 136.621361824 136.408943204 136.219548811 135.806373796 135.624249084 132.599507471 132.484965763
-9999.0 -9999.0 -9999.0 -9999.0 -9999.0 -9999.0 -9999.0 -9999.0 -9999.0 -9999.0 -9999.0 -9999.0 -9999.0 -9999.0 0.21046566783 0.47636710325 0.833039385302 7.37538701043 8.22882710417 0.869105564229 0.863429108323 0.840671090276 14.1609444478 15.7759134644 0.788072229991 0.802311506818 0.624019849544 2.55569039809 3.18863169647 1.65034304623 2.05845267399 15.0827002031 15.5378206854 16.4693468073 25.9783760392 575.285673609 0.361133879086 0.168461409906 1.01405232519 0.849037068385 0.15563278493 0.498930704661 0.661627416881 3.74722742185 3.88748198947 10.4451141979 6.32956856765 0.836708771516 139.292442872 1.22293492507 136.042075953 135.931047163 2.85082488389 0.119448459583 0.247378419534
-9999.0 -9999.0 -9999.0 -9999.0 -9999.0 -9999.0 -9999.0 -9999.0 -9999.0 -9999.0 -9999.0 -9999.0 -9999.0 -9999.0 1.0899660766 1.77779451768 3.71020913683 6.47592517045 8.99624216583 10.846602945 11.696657992 12.5647189522 13.4105046011 0.786124886772 0.727437516446 1.41003066612 1.28935216241 0.660496334894 13.1268728032 13.7385609511 14.3123646735 14.8508595407 8.1904506698 8.62529351524 9.15141315995 575.488254544 0.624475925705 0.596210362907 1.73809328039 0.15623225922 0.343008982999 0.182720740851 0.149654377641 0.819031433623 0.113457670085 0.119468044137 150.42479499 139.886037011 139.762610888 0.519463941295 1.1430042018 0.735327250124 0.167957950505 2.59622436093 0.717394694811
-9999.0 -9999.0 -9999.0 -9999.0 -9999.0 -9999.0 -9999.0 -9999.0 -9999.0 -9999.0 -9999.0 -9999.0 -9999.0 -9999.0 0.758252056153 0.697684534731 1.36442883338 2.08997891132 0.943811670108 0.948221219412 1.81642321342 2.66594227839 4.2671961809 5.06882368304 5.81523002817 8.00001540461 8.66953154831 9.36306294517 0.626731491145 6.43680001809 6.9624944376 7.42752589611 0.360297454607 0.168455412558 0.307609521696 584.838968737 585.032933953 586.056763098 2.22463707519 0.345163450282 0.529613355734 0.129573851672 0.266439457084 0.94433379023 1.1610850687 0.217368922188 150.971548456 0.177995540461 0.285783640719 0.32491833261 0.237507957472 0.434430945516 0.179085450287 1.72603865555 1.34772006822
-9999.0 -9999.0 -9999.0 -9999.0 -9999.0 -9999.0 -9999.0 -9999.0 -9999.0 -9999.0 -9999.0 -9999.0 -9999.0 -9999.0 -9999.0 0.655451250753 1.29543350677 0.649646280221 1.34666483383 8.42051814258 9.23533924485 10.0595099069 0.806501331763 0.807244035764 1.54549659092 2.28596572458 3.57898996418 4.22344778328 4.61982770782 5.21203926496 0.484887743256 0.421469627892 8.25160296858 8.46008324131 8.63886182601 8.83511655938 7.24138325904 594.115278802 597.536002469 597.6924949 598.353211225 599.011721162 599.411969716 0.113800022768 1.26531408658 151.079628016 0.265455581585 0.136566387096 0.144964299017 0.13256538869 0.233221826974 0.225004385862 0.132857714438 0.204462192273 0.193096338063
-9999.0 -9999.0 -9999.0 -9999.0 -9999.0 -9999.0 -9999.0 -9999.0 -9999.0 -9999.0 -9999.0 -9999.0 -9999.0 -9999.0 -9999.0 -9999.0 1.92111142381 2.61086230626 4.67707770513 6.30174562598 0.902696591845 11.8826189163 12.6770653257 13.4401476002 0.766365803314 1.50056527992 0.665568485834 5.01030235177 5.35132645594 5.90734353448 6.49804514431 7.76844390639 7.99620861451 0.142695383275 6.46329309691 6.85517792611 7.05355616337 7.85595421855 1.002215138 0.628741453791 0.367268756135 0.334641789925 599.824823068 600.00149496 602.104459284 151.19241 0.728882546831 0.363316561182 0.242449891466 0.0774760141705 0.706397218599 0.373826121056 0.118277513864 0.66622099887 0.566790665864
-9999.0 -9999.0 -9999.0 -9999.0 -9999.0 -9999.0 -9999.0 -9999.0 -9999.0 -9999.0 -9999.0 -9999.0 -9999.0 -9999.0 -9999.0 -9999.0 0.691917510719 3.29346971074 4.0282559816 0.935467144588 0.852899605578 1.71903266509 2.5165736161 16.7425453262 0.756556949985 3.04705829056 3.74145989412 4.41998282202 0.380528451603 0.882388940239 1.13762497514 5.165688854 5.74494544772 5.92697893252 0.203984147989 0.188775141696 0.222219970539 0.408850331237 0.173400549794 0.180453597567 0.266559142168 0.207093731889 0.258195812383 0.705256418993 602.310397613 753.993226312 0.874705284883 0.165151240456 0.0755530797187 2.24216809832 2.07119103328 1.24211539793 1.11710875319 0.837236612971 0.203168909834
-9999.0 -9999.0 -9999.0 -9999.0 -9999.0 -9999.0 -9999.0 -9999.0 -9999.0 -9999.0 -9999.0 -9999.0 -9999.0 -9999.0 -9999.0 0.567174820617 1.88123754249 0.623013583036 0.963618143102 0.925517338012 1.80189480629 2.65164855228 3.45407427017 20.8747207708 21.5997564934 0.747552014534 1.44191536798 2.14322092606 2.60015862777 3.08690367112 4.54782906749 4.96872673451 0.340795350929 0.265428513087 0.211167784564 0.210456765204 0.269220757981 0.3098944171 0.290005328801 0.336713501183 0.928999814779 0.397418876826 0.175528655915 0.16870934468 0.169910207155 0.317725480746 760.799747487 5.79923194667 2.62651862239 0.200812694723 0.0850887389638 0.0825346604405 0.296285919604 0.207077566272 0.106335100615
-9999.0 -9999.0 -9999.0 -9999.0 -9999.0 -9999.0 -9999.0 -9999.0 -9999.0 -9999.0 -9999.0 -9999.0 -9999.0 -9999.0 0.608891883348 1.15240047507 4.19736156673 0.585775518979 1.83112144793 2.72530412045 3.57564007406 0.88660361262 1.67822032069 2.46912337586 24.7076413124 0.703011723781 1.34938291063 1.99702597036 0.566931305735 1.11548370267 1.40225928007 1.78448116184 45.6410685927 46.2055489305 46.7321876726 49.1704338888 49.8732903049 51.6541551921 0.533900267511 1.15621659103 1.17307481133 57.0361283791 57.36589917 0.15648785427 0.280356160361 0.399578978268 760.931118556 5.51153526943 2.6453528039 2.54998690465 1.99459353316 1.73683550907 0.393829340662 0.0946693818073 0.184508699565
-9999.0 -9999.0 -9999.0 -9999.0 -9999.0 -9999.0 -9999.0 -9999.0 -9999.0 -9999.0 -9999.0 -9999.0 -9999.0 -9999.0 0.614665579006 1.85882951684 6.65842686845 9.74613230632 0.501597639652 12.7612295848 16.9925577412 0.829304815305 1.60752694596 2.4107783593 31.6304281545 32.2880081592 0.587306242296 3.17512528531 3.71033742294 4.15320625479 41.8835025888 42.9510197243 43.5847911333 0.300889262496 1.72630456921 2.05815715839 0.885764027383 1.27163087273 53.4223102814 55.1160855981 55.4176784792 55.6989659583 57.6953416585 0.160527563426 0.143256410272 0.660985800853 761.088040958 0.146207560906 0.160194693076 0.472967993528 0.182920317022 1.57832963621 1.26495271513 0.743093540955 0.539726268618
-9999.0 -9999.0 -9999.0 -9999.0 -9999.0 -9999.0 -9999.0 -9999.0 -9999.0 -9999.0 -9999.0 -9999.0 -9999.0 -9999.0 -9999.0 -9999.0 1.27189553808 2.54709528071 11.5029435922 12.1547031553 17.547653113 18.2084269447 0.836405275965 1.67253140757 3.96614490421 32.8430958884 34.0576451916 34.5439430857 0.393005050603 36.2975250897 37.3907231838 0.699464156128 0.306413049751 0.599560169862 1.16475124507 0.282841864099 0.562850843294 1.22386968172 1.52178833798 0.282453282719 0.186222127087 0.366329766603 59.0347628859 59.4244253195 59.5477750141 60.5412130743 761.231167139 0.0898894650505 0.101892130989 0.125985489842 0.120180457781 0.124421851014 0.105999942916 0.193792727708 0.0716319858719
-9999.0 -9999.0 -9999.0 -9999.0 -9999.0 -9999.0 -9999.0 -9999.0 -9999.0 -9999.0 -9999.0 -9999.0 -9999.0 -9999.0 -9999.0 -9999.0 0.659708797637 0.641089421615 0.629484814708 1.30337070068 0.560964077165 19.3243191277 19.9256760955 0.778323899194 1.55303605465 0.744530480413 0.604817394115 0.584176896963 35.5472162099 0.34728361094 0.734744651115 0.379911161528 0.332528579752 0.283671296086 0.219422453113 0.229920884944 0.718650426733 0.991108838417 0.189283116619 0.157499033423 0.347414756636 0.587323097989 0.755349308468 0.200540183302 59.739614402 60.6709705607 761.336339525 0.442822190634 0.275752159607 0.0712719527991 0.173686881738 0.0553133316115 0.0427302242597 0.242014502166 0.370275864466
-9999.0 -9999.0 -9999.0 -9999.0 -9999.0 -9999.0 -9999.0 -9999.0 -9999.0 -9999.0 -9999.0 -9999.0 -9999.0 -9999.0 -9999.0 -9999.0 -9999.0 -9999.0 0.629359526026 1.86937355344 2.35580949871 2.89446179041 20.4622931314 21.0194392529 21.5967335034 22.3045088729 22.8729969813 24.0479708926 24.383769461 24.7043754969 24.9861218978 0.276833424503 0.265466611863 0.281421067333 0.974709630421 0.260349332782 0.252886888941 0.193024456851 0.565411245223 0.216047357017 0.166155139896 0.152843108108 0.128813860684 0.257011747194 0.375207180633 61.4551974354 823.350886548 0.0750759596381 0.180403214959 0.0538165180958 0.235324351244 0.125569619719 0.0860320673281 0.904869499502 0.605777616361
-9999.0 -9999.0 -9999.0 -9999.0 -9999.0 -9999.0 -9999.0 -9999.0 -9999.0 -9999.0 -9999.0 -9999.0 -9999.0 -9999.0 -9999.0 -9999.0 -9999.0 -9999.0 -9999.0 0.500176234159 4.08171265141 8.07950999346 8.64417853945 0.86593469635 1.66444796447 2.43050963744 3.04115912397 7.17931662663 7.46990416488 0.280134656605 0.283165845163 25.5492168637 26.049434286 26.288927749 1.15931802026 0.156077982167 0.41249405221 0.607661439705 1.84543176563 2.26193746571 2.58406506207 0.292387549802 0.408039926281 0.140606865097 0.281557991405 0.146507739338 823.625585898 0.0765198583188 0.320589479913 0.154821618382 0.460484841604 0.899540522302 1.03210548314 1.9815961885 0.709544609393
-9999.0 -9999.0 -9999.0 -9999.0 -9999.0 -9999.0 -9999.0 -9999.0 -9999.0 -9999.0 -9999.0 -9999.0 -9999.0 -9999.0 -9999.0 -9999.0 -9999.0 -9999.0 0.575361958587 1.84923547057 3.59611753521 4.67502725552 11.9422135922 12.6704260355 1.60120282403 2.37323828684 3.00272980246 3.61411258778 7.78001116753 8.35569261782 14.6135392092 15.0849795614 15.3365879383 26.524134125 28.2537622395 0.382690506111 0.269801205567 0.253445065795 0.487945556417 0.222802278359 3.01459055805 3.17014670509 0.534125452062 0.66403422496 0.139986028843 172.894892003 173.185985122 996.989053252 997.428520601 0.0699367650812 0.605114208227 0.101002283908 0.100718581535 2.19093244353 2.97957885445
-9999.0 -9999.0 -9999.0 -9999.0 -9999.0 -9999.0 -9999.0 -9999.0 -9999.0 -9999.0 -9999.0 -9999.0 -9999.0 -9999.0 -9999.0 -9999.0 -9999.0 -9999.0 -9999.0 0.665439910104 0.641968965277 1.19376040856 2.8027329229 13.2125719275 0.82106701793 0.810513664062 1.45801191784 2.10031185397 5.03470189149 5.45470697452 0.309254445231 0.325005450122 15.6876149878 15.9212759393 44.3929092602 44.586931408 0.140262832915 0.122828912025 0.107290524249 0.108375798237 0.124985382965 170.065247918 171.048268988 171.853422386 172.143711416 172.777103009 0.170632443465 0.623695433583 0.760566823534 998.46369965 998.539182392 998.606345557 998.72396162 998.876041106 3.12451352489
-9999.0 -9999.0 -9999.0 -9999.0 -9999.0 -9999.0 -9999.0 -9999.0 -9999.0 -9999.0 -9999.0 -9999.0 -9999.0 -9999.0 -9999.0 -9999.0 -9999.0 -9999.0 -9999.0 -9999.0 0.573050184515 0.607959393253 1.11079171884 15.3669353624 15.9852270958 0.792396079802 1.436818016 2.09607622312 2.5780597432 0.405067336657 0.781134971522 36.2206522189 36.486316799 36.7449427948 38.7362677194 83.5451452537 163.790928698 164.145023883 164.474713431 164.792685883 166.258043464 166.735750751 0.852780249187 0.371942831755 0.224724780641 0.421176792235 0.309705826173 0.49331309364 0.155258968009 3.59158094882 3.92697003411 4.15717153876 4.22592637862 998.942373555 1002.17873159
-9999.0 -9999.0 -9999.0 -9999.0 -9999.0 -9999.0 -9999.0 -9999.0 -9999.0 -9999.0 -9999.0 -9999.0 -9999.0 -9999.0 -9999.0 -9999.0 -9999.0 -9999.0 -9999.0 -9999.0 -9999.0 0.581000162348 1.10537105045 1.63594183397 16.4438797498 0.67004907279 22.5932747672 23.2715430364 23.6643870398 24.045402032 34.6256760534 35.0651723337 0.280879033361 1.46600971654 1.7890811391 0.295888864488 79.902842848 79.3512260728 0.186387357629 0.430591786674 1.17004019209 0.26133786625 0.273788781626 0.188463558484 0.159327070147 0.121231229158 0.145684022007 3.10028800223 3.25527099015 3.44433027186 0.214488808473 0.138365315544 4.29659415877 4.38861069821 4.4400328695
-9999.0 -9999.0 -9999.0 -9999.0 -9999.0 -9999.0 -9999.0 -9999.0 -9999.0 -9999.0 -9999.0 -9999.0 -9999.0 -9999.0 -9999.0 -9999.0 -9999.0 -9999.0 -9999.0 -9999.0 -9999.0 0.518329741311 0.479377198976 2.50517370883 20.0397771044 21.2732268684 21.9673121179 0.678589126711 9.55965697925 9.95210706258 10.1493186615 0.392503125981 0.729100646691 0.995403792605 18.4034833083 18.6301024412 18.8366488517 78.9606188468 48.2686805732 0.239794039706 0.251867047305 0.240829563909 0.186705146637 1.90786207082 2.27240925001 2.58888925456 2.7688396453 2.94161512827 20.4122997098 20.5316659244 20.6919932478 21.0358614076 22.4585259125 22.5240865326 27.035547426
-9999.0 -9999.0 -9999.0 -9999.0 -9999.0 -9999.0 -9999.0 -9999.0 -9999.0 -9999.0 -9999.0 -9999.0 -9999.0 -9999.0 -9999.0 -9999.0 -9999.0 -9999.0 -9999.0 -9999.0 -9999.0 -9999.0 1.00625729319 1.54604816991 0.606339973771 0.7963888669 7.2514510108 7.94275142679 8.42897096807 3.78630788116 4.15512192152 4.54614632164 4.85859007692 17.8992810686 18.217905273 11.1421609827 30.2417141921 30.4849781495 48.0737508616 0.493087167574 0.251755042607 0.171051881047 1.31268567436 1.54636437838 0.132040975794 0.120007306276 19.8265860678 20.1391160215 20.2942091711 0.148272888228 0.237705701491 22.2790225808 0.117257754972 0.524898511566 0.579538985868
-9999.0 -9999.0 -9999.0 -9999.0 -9999.0 -9999.0 -9999.0 -9999.0 -9999.0 -9999.0 -9999.0 -9999.0 -9999.0 -9999.0 -9999.0 -9999.0 -9999.0 -9999.0 -9999.0 -9999.0 -9999.0 -9999.0 0.503076098205 0.993760891487 4.32955162846 4.97948419167 5.7371755599 2.88385888975 3.42832589355 0.391770044803 12.0227997773 12.3889182308 12.7543272571 0.313732139783 10.5558314967 10.8881498448 0.251550629132 46.7872813456 0.556467449697 0.274988283711 0.704909093525 0.957574938988 0.188924051267 0.149723761664 18.1986210071 19.543744257 19.7303659125 0.191741103013 0.411690261044 0.516371668996 0.587087104112 1.12944186578 0.190883363995 0.431150371044 0.0864757117067
