data/baseflow/History/mHMbfrc326
ncols                  80
nrows                 72
xllcorner      4374000.0
yllcorner      5656000.0
cellsize            500
NODATA_value       -9999
[rows 24 to 47 of 72, columns 0 to 54 of 80]
-9999.0 -9999.0 -9999.0 -9999.0 -9999.0 -9999.0 -9999.0 -9999.0 -9999.0 -9999.0 -9999.0 -9999.0 1.42314515962 4.08535177646 5.36253823992 9.46854157535 1.41151466632 2.68029258732 3.89102137809 13.9999289432 15.0183798996 15.8405782619 16.9536539066 18.234757621 29.089813054 32.747793901 34.8313524186 0.872781430353 5.02205780657 5.81132039217 69.4456331968 72.9879494481 74.2970590675 75.5940946716 77.0522848002 269.766519633 0.737540598498 556.747986808 1.87228442458 0.821507143126 5.17004447886 4.40073256232 0.734115101729 2.59125140352 3.62583846684 3.61557426436 2.52726619491 4.16801038668 6.6238586621 2.47333750108 6.72708902905 0.6526313629 1.05931477006 0.397445400946 0.335836436421
-9999.0 -9999.0 -9999.0 -9999.0 -9999.0 -9999.0 -9999.0 -9999.0 -9999.0 -9999.0 -9999.0 -9999.0 1.38671922079 2.74659151849 1.28558788153 2.6538024028 1.25073541388 9.13557720561 11.5801831414 12.8361841358 1.15286886983 2.20271187564 21.5433133368 26.8271528073 27.8815232566 2.4222437005 2.42151272098 3.48770308511 0.768212334911 0.755096618451 1.46724381414 0.735610642813 34.0889822943 34.7816849994 35.743313188 270.522163418 563.404349242 557.720800712 1.44547542832 0.571679110354 0.527131521688 1.90158158459 1.33167958738 3.22559791475 4.3753032131 8.80607877529 0.811934882597 0.816806931743 7.36725700164 8.12142346849 16.2946224223 16.9986497206 18.4667361563 19.2293728151 0.685437449853
-9999.0 -9999.0 -9999.0 -9999.0 -9999.0 -9999.0 -9999.0 -9999.0 -9999.0 -9999.0 -9999.0 -9999.0 -9999.0 1.36315030952 2.68155468725 3.98147956073 6.52539393693 1.40433221866 1.24660917704 8.70325173652 9.84813174062 19.5123770613 20.6409278391 3.23534420691 1.17231365367 1.19768749414 1.19687467522 29.4184459303 30.3651723577 31.183965116 31.9133576507 33.3912742619 7.0417745979 7.95916274046 44.6180021952 878.882596905 4.8869061206 4.21702696494 2.1102208984 0.538851723122 0.481911830652 2.97578064635 3.43643067261 4.2518368138 0.507909096754 9.3950237215 1.45047711127 1.43571456428 0.468671476418 0.37127095521 0.346964971004 0.36191011437 0.353100723741 19.6406099875 292.983416468
-9999.0 -9999.0 -9999.0 -9999.0 -9999.0 -9999.0 -9999.0 -9999.0 -9999.0 -9999.0 -9999.0 -9999.0 -9999.0 -9999.0 1.31968503645 2.49587059486 3.56566323478 4.75721956819 6.11352626767 7.4921436179 3.9197357287 6.30711681184 1.13339243137 1.13414090767 23.781153426 26.0438472393 27.1118692726 28.2822325841 1.08742142475 2.0648128779 4.92054885238 5.70678429202 6.38236787747 0.896451726512 0.882584310257 880.990921505 0.712013986739 1.17075023755 0.547971262421 2.04548806854 0.984333205193 0.536362405808 8.24369436186 8.72822820632 0.423421796059 9.84567624343 11.6772336089 1.8484986351 308.129543371 307.305217552 306.542805954 304.970764249 304.278140981 294.610113796 294.207507996
-9999.0 -9999.0 -9999.0 -9999.0 -9999.0 -9999.0 -9999.0 -9999.0 -9999.0 -9999.0 -9999.0 -9999.0 -9999.0 -9999.0 0.246054160085 0.583460930145 1.06143778284 9.24012572648 10.7157035111 1.46489071778 1.26762330543 1.20354176171 19.2189342909 21.5217247922 1.12833465162 1.17823600026 1.05948981159 4.21163468188 5.2402718444 3.15243820648 3.90024769717 23.6000185518 24.4387567714 26.0762162071 42.2594805843 923.624461141 0.680311251608 0.496572673792 3.02545070496 2.52822195025 0.478114290237 1.50503255136 1.95629831485 9.2457280276 9.69932534549 22.5879082181 12.0494089392 2.13992369082 316.284826173 4.23504611259 305.806945555 305.403557218 9.02795491063 0.499502599886 0.953182932875
-9999.0 -9999.0 -9999.0 -9999.0 -9999.0 -9999.0 -9999.0 -9999.0 -9999.0 -9999.0 -9999.0 -9999.0 -9999.0 -9999.0 1.29819103765 2.10003932319 4.49394432091 7.85884706922 11.737588804 14.3105698933 15.6709364161 16.9116670482 18.1047419799 1.15026022243 1.1063789747 2.19362023882 2.12109631381 1.06287795729 20.2842681183 21.2980771518 22.2603585443 23.1808119906 13.564807712 14.4165924137 15.3421413402 923.936691711 1.09854060288 1.21852278673 4.51210805217 0.437385131817 0.874553004723 0.442346578758 0.419657775203 2.36334808188 0.381618516687 0.410575845939 340.960174485 318.049297449 317.64092496 1.46013678875 3.85651837038 2.55140181267 0.665471424905 8.13636320352 2.53780254045
-9999.0 -9999.0 -9999.0 -9999.0 -9999.0 -9999.0 -9999.0 -9999.0 -9999.0 -9999.0 -9999.0 -9999.0 -9999.0 -9999.0 0.91574319353 0.828592351448 1.59789793319 2.48210891878 1.23361051045 1.29540239296 2.54080462665 3.78286420942 6.15691909097 7.34908604195 8.53188371434 11.8918453614 12.9598316181 14.0499462578 1.02249548166 10.3501069421 11.2696650176 12.085802285 0.684740608564 0.426969655765 0.77731138406 939.85975266 940.157898091 941.890936904 5.65002097228 0.842059777851 1.46630654666 0.414691786841 0.752564640156 2.70500887962 3.40096460406 0.752240116565 342.79423211 0.584800447305 0.836562571664 0.906051988353 0.741520819241 1.35300585454 0.600062253384 4.9519756691 3.87021932812
-9999.0 -9999.0 -9999.0 -9999.0 -9999.0 -9999.0 -9999.0 -9999.0 -9999.0 -9999.0 -9999.0 -9999.0 -9999.0 -9999.0 -9999.0 0.773055548503 1.54303674977 0.800718750623 1.65667967165 10.5283500959 11.7229449598 12.993755625 1.18284348338 1.18934243724 2.38325125174 3.51835385035 5.67678493925 6.73042610401 7.31938168188 8.31505306459 0.902979220383 0.839624850031 13.7500181025 14.1318107985 14.4849468475 14.8259938962 12.1496990694 955.450837966 963.352795757 963.675959199 965.444844078 967.144624592 968.381097607 0.410557684747 3.73266347737 343.211563853 1.12072436659 0.573792172114 0.525821017 0.435831224055 0.768570887061 0.764269085918 0.433826088954 0.543851620179 0.53412686219
-9999.0 -9999.0 -9999.0 -9999.0 -9999.0 -9999.0 -9999.0 -9999.0 -9999.0 -9999.0 -9999.0 -9999.0 -9999.0 -9999.0 -9999.0 -9999.0 2.29892897053 3.20106872237 5.79282199596 7.89833436601 1.14073296026 15.4299146429 16.6092220822 17.8233861902 1.23750961249 2.41304656233 1.10979292617 8.1042233842 8.6615659614 9.55768491543 10.4996561593 12.8334377314 13.1358055021 0.201143818379 10.8428760719 11.5174055231 11.8283104554 13.2489144119 1.94431730402 1.293593563 0.86279159399 0.830317490371 969.601474287 970.265602848 976.734736589 343.657861379 2.79873746983 1.28043010237 0.859256081188 0.268928701201 2.33636800092 1.22380149706 0.400994080848 2.13267507581 1.78231702774
-9999.0 -9999.0 -9999.0 -9999.0 -9999.0 -9999.0 -9999.0 -9999.0 -9999.0 -9999.0 -9999.0 -9999.0 -9999.0 -9999.0 -9999.0 -9999.0 0.931077877654 4.07316197801 4.9773577179 1.25781438053 1.27529156556 2.50694587579 3.6946928456 22.8136380692 1.23095732849 4.8890966514 6.01833850504 7.1253265354 0.586170921643 1.43374701747 1.94490632866 8.73984414627 9.74479841439 9.99309335 0.317668763614 0.345476260507 0.428300473615 0.78139199461 0.342840811856 0.374334657088 0.810631651338 0.612927937809 0.79625257208 2.24893001212 977.429877477 1322.9105238 3.41150659541 0.43213376817 0.259175856222 7.23907579753 6.6487999605 3.91418012461 3.51367615253 2.63499821475 0.546827828797
-9999.0 -9999.0 -9999.0 -9999.0 -9999.0 -9999.0 -9999.0 -9999.0 -9999.0 -9999.0 -9999.0 -9999.0 -9999.0 -9999.0 -9999.0 0.729005175577 2.53803092626 0.866788532477 1.55985584387 1.62406128795 2.9028968281 4.11712805383 5.23829416267 28.9972454857 30.2109429209 1.24240637935 2.38566091233 3.52724987316 4.29292844386 5.16513795419 7.76819430999 8.4276311259 0.656360485974 0.562642789469 0.554833226316 0.926758165383 0.816747785686 0.760604618386 0.644083019054 0.729697635713 2.89830393495 1.36341666808 0.618238824764 0.596619026254 0.630344564116 1.21013096769 1343.64926504 16.9132611866 8.39804526535 0.552997158711 0.232488315002 0.238499234474 0.957783635608 0.691760719552 0.367577248504
-9999.0 -9999.0 -9999.0 -9999.0 -9999.0 -9999.0 -9999.0 -9999.0 -9999.0 -9999.0 -9999.0 -9999.0 -9999.0 -9999.0 0.775723279621 1.48109091985 5.63014858539 0.868773459692 2.91911183267 4.54439556273 6.07227633098 1.5097344877 2.80703400214 3.95285849826 35.0826827551 1.20547188441 2.31864540011 3.39573100008 0.984758648514 1.95489128652 2.60346546515 3.26773668125 73.8902925504 75.1538212204 76.3738243093 82.2270276455 84.7342684655 89.556323763 1.31295939527 2.84300360669 3.66423166518 105.085887641 106.326465532 0.566301783902 1.07562438516 1.56446233553 1344.16598059 16.1062257669 7.04841811839 6.79356455214 5.64126204329 5.11992574523 1.27176505426 0.292112980888 0.625230377543
-9999.0 -9999.0 -9999.0 -9999.0 -9999.0 -9999.0 -9999.0 -9999.0 -9999.0 -9999.0 -9999.0 -9999.0 -9999.0 -9999.0 0.769702011605 2.35422046817 8.75335350674 12.839663573 0.796545049801 17.2613690501 24.295654556 1.43521865855 2.7436036018 3.95520096172 46.1062473007 47.1166904711 1.16490555982 5.72489200657 6.79030159403 7.62070082712 66.2422435969 68.5230646595 69.9521171062 0.701080096606 4.11621796468 4.86992064622 2.35506704184 3.40768482184 94.493538456 98.9495336194 99.8557741606 100.739825267 107.618432736 0.635426529311 0.562874505043 2.5910295859 1344.65467856 0.397238240828 0.319445541439 0.933844614219 0.322402700536 4.67829036183 3.93159874145 2.29856430466 1.69926227399
-9999.0 -9999.0 -9999.0 -9999.0 -9999.0 -9999.0 -9999.0 -9999.0 -9999.0 -9999.0 -9999.0 -9999.0 -9999.0 -9999.0 -9999.0 -9999.0 1.64753495464 3.3275005961 15.3537252803 16.2775675341 25.1023435358 26.0701769543 1.35053660686 2.69229595298 6.28821759525 48.0467432217 50.428649231 51.5489830298 1.0172750916 55.5623671574 57.9278525501 1.53928305278 0.706391050584 1.43221164898 2.78747321041 0.65703417273 1.36333338067 3.23279663377 4.07079838044 0.734034930492 0.570270655198 1.17181343213 111.474215765 112.722985068 113.222159015 116.939301838 1345.10727414 0.247676821289 0.271037272195 0.286578771053 0.279028974075 0.282814977872 0.256103160102 0.490853263186 0.200388431941
-9999.0 -9999.0 -9999.0 -9999.0 -9999.0 -9999.0 -9999.0 -9999.0 -9999.0 -9999.0 -9999.0 -9999.0 -9999.0 -9999.0 -9999.0 -9999.0 0.86408051818 0.851375034027 0.876483589338 1.94107746489 0.869226992957 27.7736676594 28.6547986006 1.24815904728 2.46187212464 1.31278948324 1.20081991362 1.19302078346 53.7164002153 0.799924750836 1.57302504749 0.824350740631 0.760116437048 0.69953319817 0.594348354668 0.607406021254 1.80411780766 2.43100883405 0.514042443733 0.476339216505 0.985878051994 1.56363492713 1.96963180767 0.518466859481 113.810037498 117.440894453 1345.39946001 1.21994037037 0.756114660148 0.205242222798 0.449653991617 0.173700324798 0.137455711223 0.638450523985 1.05657146033
-9999.0 -9999.0 -9999.0 -9999.0 -9999.0 -9999.0 -9999.0 -9999.0 -9999.0 -9999.0 -9999.0 -9999.0 -9999.0 -9999.0 -9999.0 -9999.0 -9999.0 -9999.0 0.840340667821 2.74023473851 3.49321006295 4.32392474419 29.4342035465 30.2036891856 31.0284431174 32.1026556875 33.2742936457 35.6645614132 36.4737383068 37.2439000829 38.0061048852 0.734767289027 0.695882029892 0.709033988541 2.52992662255 0.640166896268 0.607757654355 0.532112140889 1.54003056248 0.570384670569 0.469127531244 0.443703034541 0.397598256478 0.793764141448 1.11999003129 119.700444813 1466.66749762 0.20728925835 0.539461369151 0.183803470511 0.639380489018 0.385294057141 0.276201020254 2.51747893072 1.72813423306
-9999.0 -9999.0 -9999.0 -9999.0 -9999.0 -9999.0 -9999.0 -9999.0 -9999.0 -9999.0 -9999.0 -9999.0 -9999.0 -9999.0 -9999.0 -9999.0 -9999.0 -9999.0 -9999.0 0.731856705199 5.60852019181 11.5004890108 12.4205654364 1.23786970202 2.45944606837 3.67296429899 4.76808018521 11.7943189298 12.581570372 0.766786805751 0.744902553867 39.4863367751 40.8502442097 41.5003253752 3.08248874882 0.540424628004 1.16683602025 1.72622289288 5.02832293096 6.11874625615 7.01911440822 0.841813993047 1.1720066452 0.383135146923 0.745304626386 0.374331593752 1467.3963962 0.205637902028 0.905384949415 0.483920289785 1.34633487909 2.56378855404 2.94727284675 5.56531406805 2.29918240591
-9999.0 -9999.0 -9999.0 -9999.0 -9999.0 -9999.0 -9999.0 -9999.0 -9999.0 -9999.0 -9999.0 -9999.0 -9999.0 -9999.0 -9999.0 -9999.0 -9999.0 -9999.0 0.790177377043 2.48913612205 4.89212891093 6.41389222393 17.066933108 18.1378746836 2.5212185576 3.69626160772 4.73044466194 5.86215494029 13.3909159435 14.9509503234 25.983217098 26.8514483631 27.5296491716 42.1817697332 47.0857998533 1.20399224672 0.675962343624 0.663343113151 1.2752526868 0.590078237212 8.12954937762 8.56015251054 1.53561341392 1.93443636797 0.378423213281 309.101877095 309.836711133 1777.75132604 1778.97947577 0.181721905025 1.75147998478 0.235842737072 0.230744761872 6.09441358881 8.61561423422
-9999.0 -9999.0 -9999.0 -9999.0 -9999.0 -9999.0 -9999.0 -9999.0 -9999.0 -9999.0 -9999.0 -9999.0 -9999.0 -9999.0 -9999.0 -9999.0 -9999.0 -9999.0 -9999.0 0.880406575207 0.855661298404 1.64379325666 3.91683292696 18.8955431281 1.28548426167 1.26820941791 2.33353097403 3.38111656089 8.35874771234 9.17262298068 0.534379047431 0.550400863799 28.3131757788 29.0235905612 76.735112773 77.3342045285 0.499297181376 0.458546296276 0.380612946677 0.383940091203 0.36372823724 301.789213437 304.152772296 306.494049948 307.23545446 308.715302568 0.394979322069 1.47237082127 1.91125570572 1781.57627371 1781.75731844 1782.11997483 1782.55454771 1782.84018089 9.01687183569
-9999.0 -9999.0 -9999.0 -9999.0 -9999.0 -9999.0 -9999.0 -9999.0 -9999.0 -9999.0 -9999.0 -9999.0 -9999.0 -9999.0 -9999.0 -9999.0 -9999.0 -9999.0 -9999.0 -9999.0 0.805726654495 0.832611065862 1.55418200808 21.9465155938 22.8577299918 1.25853588461 2.32019370598 3.37798102225 4.17079459156 0.727425995782 1.44151532165 55.3901830697 56.1377095083 56.7535763795 61.5251038824 139.466024352 285.486059029 286.541675305 287.486423354 288.404296767 291.773507177 292.809775573 1.9283839088 0.90180692868 0.49590255991 0.950930431177 0.7291849553 1.14581985746 0.364040661946 8.29546985495 8.98033842073 9.47757937762 9.71294188672 1783.13425305 1792.57871736
-9999.0 -9999.0 -9999.0 -9999.0 -9999.0 -9999.0 -9999.0 -9999.0 -9999.0 -9999.0 -9999.0 -9999.0 -9999.0 -9999.0 -9999.0 -9999.0 -9999.0 -9999.0 -9999.0 -9999.0 -9999.0 0.820518236904 1.57396594478 2.32797907418 23.5013546954 1.03429098994 32.628872697 33.7278570951 34.4965093393 35.2414876081 52.4952825033 53.2429859459 0.788115971716 3.53827952069 4.27267982171 0.719445979988 144.937509115 143.621909375 0.463375643593 1.00693838207 2.58545707895 0.542887049722 0.546189393673 0.454981775518 0.38643426583 0.31344612362 0.345986879075 7.10608730547 7.45509650263 7.86118315891 0.316836149009 0.244406989734 9.87208181867 10.1428425231 10.3224295788
-9999.0 -9999.0 -9999.0 -9999.0 -9999.0 -9999.0 -9999.0 -9999.0 -9999.0 -9999.0 -9999.0 -9999.0 -9999.0 -9999.0 -9999.0 -9999.0 -9999.0 -9999.0 -9999.0 -9999.0 -9999.0 0.763141191165 0.715449307758 3.69123789378 28.7588192157 30.5721912236 31.5679930481 1.19364932894 15.5087776826 16.2100942419 16.5383581394 0.698956318441 1.5201834539 2.27963972331 34.5611959682 35.1706398405 35.7050721662 142.626654322 83.0727375817 0.534930211232 0.531937549172 0.519692424334 0.428780457328 4.32056461554 5.17022566993 5.9315123856 6.33941957959 6.73523459209 40.6010504989 40.893593767 41.2154395271 42.0242850638 45.7843616124 45.9964587508 56.5559046803
-9999.0 -9999.0 -9999.0 -9999.0 -9999.0 -9999.0 -9999.0 -9999.0 -9999.0 -9999.0 -9999.0 -9999.0 -9999.0 -9999.0 -9999.0 -9999.0 -9999.0 -9999.0 -9999.0 -9999.0 -9999.0 -9999.0 1.48965594175 2.26321916556 0.907643467644 1.34811714759 10.9679292801 12.2225001938 13.3437121057 6.99069079608 7.77690548551 8.59364515074 9.3869789936 33.2491533603 33.9615170854 22.1018094112 58.4211703798 59.0148866233 82.5890313489 1.09119395015 0.539536932439 0.424677142991 2.97928333334 3.471596943 0.319055485355 0.299831429415 39.282875666 39.9811303833 40.3221432089 0.411916253992 0.586191169151 45.0588439028 0.490019625332 1.5782356826 1.75800107593
-9999.0 -9999.0 -9999.0 -9999.0 -9999.0 -9999.0 -9999.0 -9999.0 -9999.0 -9999.0 -9999.0 -9999.0 -9999.0 -9999.0 -9999.0 -9999.0 -9999.0 -9999.0 -9999.0 -9999.0 -9999.0 -9999.0 0.742957370283 1.47402278853 6.42031882381 7.35822264208 8.47777245649 4.98989134743 6.17762496778 0.82602710095 21.529637369 22.3266296802 23.1130611107 0.752426712025 20.7251648474 21.4452667192 0.604909798178 79.7628916292 1.18386129599 0.590767758326 1.59227272164 2.13300742402 0.429253200826 0.362890217077 35.7877721104 38.6399029607 39.0425842826 0.413874892541 0.918487714465 1.18114103714 1.42519793077 2.77266495598 0.564339298902 1.29300094326 0.265812343434
