data/baseflow/History/mHMbfrc285
ncols                  80
nrows                 72
xllcorner      4374000.0
yllcorner      5656000.0
cellsize            500
NODATA_value       -9999
[rows 0 to 23 of 72, columns 0 to 53 of 80]
-9999.0 -9999.0 -9999.0 -9999.0 -9999.0 -9999.0 -9999.0 -9999.0 -9999.0 -9999.0 -9999.0 -9999.0 0.674215562966 0.652061075151 -9999.0 -9999.0 -9999.0 -9999.0 -9999.0 -9999.0 -9999.0 -9999.0 -9999.0 -9999.0 -9999.0 -9999.0 -9999.0 -9999.0 -9999.0 -9999.0 -9999.0 -9999.0 -9999.0 -9999.0 -9999.0 -9999.0 -9999.0 -9999.0 -9999.0 -9999.0 -9999.0 -9999.0 -9999.0 -9999.0 -9999.0 -9999.0 -9999.0 -9999.0 -9999.0 -9999.0 -9999.0 -9999.0 -9999.0 -9999.0
-9999.0 -9999.0 -9999.0 -9999.0 -9999.0 -9999.0 -9999.0 -9999.0 -9999.0 -9999.0 -9999.0 -9999.0 1.46618109362 3.35318375863 0.558026926613 -9999.0 0.465801663015 -9999.0 -9999.0 -9999.0 -9999.0 -9999.0 -9999.0 -9999.0 -9999.0 -9999.0 -9999.0 -9999.0 -9999.0 -9999.0 -9999.0 -9999.0 -9999.0 -9999.0 -9999.0 -9999.0 -9999.0 -9999.0 -9999.0 -9999.0 -9999.0 -9999.0 -9999.0 -9999.0 -9999.0 -9999.0 -9999.0 -9999.0 -9999.0 -9999.0 -9999.0 -9999.0 -9999.0 -9999.0
-9999.0 -9999.0 -9999.0 -9999.0 -9999.0 -9999.0 -9999.0 -9999.0 -9999.0 -9999.0 0.653089499205 0.635487349675 0.705080201379 0.710912104347 4.60545039462 5.12851128954 1.24483330283 0.389283530109 -9999.0 -9999.0 -9999.0 -9999.0 -9999.0 -9999.0 -9999.0 -9999.0 -9999.0 -9999.0 -9999.0 -9999.0 -9999.0 -9999.0 -9999.0 -9999.0 -9999.0 -9999.0 -9999.0 -9999.0 -9999.0 -9999.0 -9999.0 -9999.0 -9999.0 -9999.0 -9999.0 -9999.0 -9999.0 -9999.0 -9999.0 -9999.0 -9999.0 -9999.0 -9999.0 -9999.0
-9999.0 -9999.0 -9999.0 -9999.0 -9999.0 -9999.0 -9999.0 -9999.0 -9999.0 0.621512380997 1.28417762795 2.55711728959 1.32718491553 0.632601244894 1.20349238546 5.67429133357 7.84691668912 0.455741139976 -9999.0 0.619468642976 -9999.0 -9999.0 -9999.0 -9999.0 0.853662754408 0.438671151807 -9999.0 -9999.0 -9999.0 -9999.0 -9999.0 -9999.0 -9999.0 -9999.0 -9999.0 -9999.0 -9999.0 -9999.0 -9999.0 -9999.0 -9999.0 -9999.0 -9999.0 -9999.0 -9999.0 -9999.0 -9999.0 -9999.0 -9999.0 -9999.0 -9999.0 -9999.0 -9999.0 -9999.0
-9999.0 -9999.0 -9999.0 -9999.0 -9999.0 -9999.0 -9999.0 -9999.0 0.811694252131 2.14495580361 2.7420267165 3.34216110143 4.45225424301 0.528781623072 2.2251919497 2.71497171746 11.4894295058 0.455419006815 0.418117570801 1.10018976466 1.55790099134 0.494574492221 -9999.0 2.22045584157 1.8339071666 0.504491711752 -9999.0 -9999.0 -9999.0 -9999.0 -9999.0 -9999.0 -9999.0 -9999.0 -9999.0 -9999.0 -9999.0 -9999.0 -9999.0 -9999.0 -9999.0 -9999.0 -9999.0 -9999.0 -9999.0 -9999.0 -9999.0 -9999.0 -9999.0 -9999.0 -9999.0 -9999.0 -9999.0 -9999.0
-9999.0 -9999.0 -9999.0 -9999.0 -9999.0 -9999.0 0.734595902734 0.637846976621 0.618343377327 0.644897030345 0.675204964726 4.71984026896 9.79118028532 10.3836574121 10.8337701836 0.448522705521 12.4082206067 12.8543468091 0.893818163379 0.479259446838 2.00192454732 3.43346518435 0.475548547455 3.67703337532 0.491002735634 0.492285674239 0.507516110935 -9999.0 -9999.0 -9999.0 -9999.0 -9999.0 -9999.0 -9999.0 -9999.0 -9999.0 -9999.0 -9999.0 -9999.0 -9999.0 -9999.0 -9999.0 -9999.0 -9999.0 -9999.0 -9999.0 -9999.0 -9999.0 -9999.0 -9999.0 -9999.0 -9999.0 -9999.0 -9999.0
-9999.0 -9999.0 -9999.0 -9999.0 -9999.0 -9999.0 1.4958865748 2.19940713458 4.91292239427 6.73735650079 0.532160267872 0.557106362819 0.520172262604 1.53150118632 12.8063347582 0.374820713616 13.2545481541 14.9587129592 1.30566572777 0.861071882953 3.8266216913 0.455642640897 4.10918080173 0.85094689201 0.41958753736 0.887510656826 1.00433376722 0.530910441466 0.54156829791 0.510230666649 0.584673621802 1.16319561675 -9999.0 -9999.0 -9999.0 -9999.0 -9999.0 -9999.0 -9999.0 -9999.0 -9999.0 -9999.0 -9999.0 -9999.0 -9999.0 -9999.0 -9999.0 -9999.0 -9999.0 -9999.0 -9999.0 -9999.0 -9999.0 -9999.0
-9999.0 -9999.0 -9999.0 -9999.0 -9999.0 0.886795724161 1.67591272815 0.783360498506 1.5014788128 7.48859373251 8.71321570913 9.90023547961 34.0508246312 0.521415961509 13.3007253616 51.7853892393 52.1546050852 67.8149791472 0.419597419541 1.24448398111 4.22198891835 0.387278749384 9.00685388856 4.48540312216 2.78416032332 2.34762178325 0.482161066369 1.54460481649 1.54219160768 1.02085847292 0.480788989051 1.66847012437 0.463774229133 0.446552145358 -9999.0 -9999.0 -9999.0 -9999.0 -9999.0 -9999.0 -9999.0 -9999.0 -9999.0 -9999.0 -9999.0 -9999.0 -9999.0 -9999.0 -9999.0 -9999.0 -9999.0 -9999.0 -9999.0 -9999.0
-9999.0 -9999.0 -9999.0 -9999.0 -9999.0 0.903095603569 2.58724179894 5.10690852228 5.8506062477 11.6642892841 12.3261589618 14.4826396079 23.6489907767 35.9245916315 37.0952692493 37.6571073718 0.87878331294 69.4564761794 70.2632690554 72.3787801569 87.2049508086 10.2265970655 9.44803611435 3.20989955 0.407529455437 2.79103706112 1.94274644394 0.367456567225 1.96307611313 0.412088742161 0.881385991667 2.53754465368 2.97506457505 0.867489732302 0.432525043958 0.404597778189 -9999.0 -9999.0 -9999.0 -9999.0 0.449875372756 0.399991660562 -9999.0 -9999.0 -9999.0 -9999.0 -9999.0 -9999.0 -9999.0 -9999.0 -9999.0 -9999.0 -9999.0 -9999.0
-9999.0 -9999.0 -9999.0 -9999.0 -9999.0 0.845952236972 0.793899993697 3.51861046569 4.29483057073 5.11374805829 0.744480720347 1.45819041381 8.6670240762 1.4946082895 0.654514627532 0.552137353637 0.457240887158 0.555990608243 0.476772407041 0.5131718857 87.6323315159 88.786284983 0.37236877186 1.16702872443 0.807398101238 3.17250156329 0.753295242715 0.350675756762 2.39525459775 0.808014952469 2.01940058422 5.07721521621 4.68698510694 1.28093739736 1.23383114357 0.434084475364 0.43088231637 -9999.0 -9999.0 0.441182095836 0.965615666964 2.21358738618 0.431561083488 -9999.0 -9999.0 -9999.0 -9999.0 -9999.0 -9999.0 -9999.0 -9999.0 -9999.0 -9999.0 -9999.0
-9999.0 -9999.0 -9999.0 -9999.0 -9999.0 -9999.0 0.940783253786 0.979665829937 1.75625287276 2.57638823495 5.75406236186 7.28007937044 8.04711655027 0.787729455768 0.533045313041 7.78740979043 9.40386974422 9.86968160139 11.866618921 12.276809535 0.403157279234 89.2030081659 91.1101604543 1.51413973556 0.264204629803 3.48054374125 7.6080996433 3.073010004 0.677143663391 0.341074264725 7.79369320754 5.44490574028 0.3502634766 0.350408365179 1.60599193222 1.25369997442 0.389461258844 0.357491251586 0.420656489849 0.846763385478 0.400292057391 2.69597739853 3.07837279018 0.342929438337 -9999.0 -9999.0 -9999.0 -9999.0 0.440230700927 0.40262553857 0.165513083583 -9999.0 -9999.0 -9999.0
-9999.0 -9999.0 -9999.0 -9999.0 -9999.0 -9999.0 -9999.0 0.901940514582 0.760133828838 1.64207688598 2.47518746791 0.766297573506 0.640820412318 4.26646484403 5.48336797173 6.7628505426 0.583691401214 1.05770847115 0.529298295024 12.7282026884 27.8130681133 28.2202845874 120.126635165 0.367042515683 0.730767404841 0.216736763599 7.92691356629 0.338459064598 1.02676172784 0.334493770447 8.13140613358 8.47340554572 0.708709741583 0.695986711924 4.0407406692 2.03791095276 0.761995587698 0.400308409491 0.833640614886 1.25188876045 2.02296144917 0.356682504877 3.74302929138 4.05443708064 0.277964793673 0.306562742552 0.336167870694 0.290398670504 0.276911792287 1.1598247049 0.484446999955 0.294183439097 -9999.0 -9999.0
-9999.0 -9999.0 -9999.0 -9999.0 -9999.0 -9999.0 -9999.0 -9999.0 1.61479331768 2.28937464649 0.754886556404 1.57428709636 2.28935464646 3.69912442703 0.687108051667 0.638999102843 0.486701668164 0.491047385096 0.406274498802 14.1717538758 0.532835103341 1.00867666378 121.545222761 122.299367289 0.247679340498 1.23709191068 9.43723314993 0.645017021664 1.30509657349 0.579237337503 0.853970775661 9.75757636802 1.00529608128 5.66959333632 4.69395196204 0.333540884557 1.88876669058 0.770527615941 1.1916322786 0.349923237557 2.36816100826 3.03301769891 3.29514757607 3.53836731718 5.09550379182 0.528873879907 0.584478526953 0.514170392009 0.48557433797 1.41119932229 0.268957196612 1.05603338662 1.29853426575 -9999.0
-9999.0 -9999.0 -9999.0 -9999.0 -9999.0 -9999.0 -9999.0 -9999.0 0.879956396864 4.00345887731 4.7197693213 0.713133097558 1.36313180953 0.645860139949 0.548162251725 0.536130060038 7.14258499759 9.41283210893 11.4938567193 13.720784536 0.53071786688 0.499034594276 0.426314865221 124.2965595 125.099883939 125.35415032 12.2826184186 2.55387934761 2.23637804723 0.253427311433 1.10099054168 11.1230653683 0.262641600453 5.94192198334 0.32511912006 2.48010334522 2.27047957929 0.359732547565 1.54984132926 0.702791201161 1.05237147144 0.298982065003 0.235825898679 3.77734742042 3.99722263317 5.31464826906 0.830267192434 0.744224935058 0.710574710328 1.6957813832 2.24394079051 0.273644863268 1.56453474045 0.288020094556
-9999.0 -9999.0 -9999.0 -9999.0 -9999.0 -9999.0 -9999.0 -9999.0 -9999.0 0.921779589655 5.51432693611 6.18881974411 2.00735080684 3.30965646075 4.43852883126 5.02635257735 0.618518811943 1.76486492026 1.18159432556 0.651841599551 0.592323842758 0.484219984719 0.932300740194 1.5634426962 0.45233008935 138.38309691 138.631602921 0.220354777204 0.200045764842 0.510795795222 0.765213433008 11.8967520987 0.518653847056 6.16846182755 3.67192399656 3.08596004467 0.326320576702 0.671189598024 1.85423460604 0.304879803598 1.35173633598 0.598239721447 0.386262282301 0.174026426136 4.57619708922 10.0701348754 0.994982489417 0.913517968709 0.926015000929 0.219292954511 2.46632866956 0.21477318277 2.06120480181 0.24355525288
-9999.0 -9999.0 -9999.0 -9999.0 -9999.0 -9999.0 -9999.0 -9999.0 -9999.0 -9999.0 0.715800181225 7.62458611417 0.631661918224 1.27343393262 1.81446812964 2.83450608448 0.515417216651 1.11259092073 0.534285693766 0.469010672457 0.428285434427 0.842623268726 0.347340487398 0.380936226619 0.680460986877 0.371832373781 138.942406471 139.418051496 140.13172459 0.985908453027 0.256823599983 0.512139603812 12.1771780615 11.1737170249 4.27183326194 0.292999460233 1.30221971987 0.982778438761 2.15979161771 0.607299767323 2.56942350587 0.905565220289 0.621795717252 0.137994546224 0.201438975579 10.3247272505 10.5492568368 12.6436227267 1.62238745523 0.45654462932 2.71179480389 3.16625156406 5.43906982359 0.48478726206
-9999.0 -9999.0 -9999.0 -9999.0 -9999.0 -9999.0 -9999.0 -9999.0 -9999.0 -9999.0 -9999.0 0.433883011324 8.48395907017 0.575828885763 1.09107350409 4.91027659374 0.504129860457 0.49111401838 0.403266903789 0.90534371774 0.446060174459 1.72793354276 2.4262181805 2.72751284041 0.942639033626 1.13946320752 0.224552717315 0.323570675917 0.30781070307 141.654216285 142.340695985 12.3990727612 11.6412388651 11.4114951444 0.487177310484 0.233496190653 1.57172185677 4.28388717404 2.44317331792 0.884621566534 3.74134422866 1.32964602223 1.06412220091 0.262926872778 0.105506497861 0.0957135416702 0.115764737427 13.3511889419 15.6660144708 0.223006983688 0.204616059597 0.229239742271 5.66023155997 6.34902481675
-9999.0 -9999.0 -9999.0 -9999.0 -9999.0 -9999.0 -9999.0 -9999.0 -9999.0 -9999.0 -9999.0 0.382530432612 9.35783558033 11.2651455696 0.527994306427 5.93801102042 0.441894017359 0.40658265926 0.827518528048 2.17485946807 0.416562988828 0.457975649955 0.33817370125 3.3898839029 3.69389183826 5.17554332592 5.65641374741 5.90963107587 6.12856638501 6.36243721893 148.963759336 161.765068674 173.803102567 173.997733582 0.203667853136 0.232474277264 4.82723714032 4.55775326747 0.276754252024 0.27539023998 4.03245291284 5.65730971533 0.229363134305 3.00349516958 2.82221774965 0.64550957007 0.294285116716 0.517373693217 0.268834045673 16.0926067523 0.218852656061 0.629079834308 0.792716724716 7.70135604616
-9999.0 -9999.0 -9999.0 -9999.0 -9999.0 -9999.0 -9999.0 -9999.0 -9999.0 -9999.0 -9999.0 0.735752750841 1.37374919713 11.8707462784 12.7925475163 0.46851610266 6.84060131414 0.336103747153 1.07452168149 2.53900375523 0.779376743334 0.359323838702 0.766909319833 0.272205242055 0.522748403527 0.255491250749 0.219924255824 0.162570116481 0.150017615184 0.124275450795 0.11205126265 0.166951824506 0.232337931413 0.281873415867 174.673272786 5.50113805048 5.13676104936 0.146662535235 0.779248519545 0.209153409914 0.212764690017 5.9185119658 9.75542128787 3.31989544756 2.58053375134 0.416257347663 0.165733553462 0.138494340917 0.330432250945 16.6471776016 17.0662008199 0.220538839919 0.2305237508 0.19818504499
-9999.0 -9999.0 -9999.0 -9999.0 -9999.0 -9999.0 -9999.0 -9999.0 -9999.0 -9999.0 -9999.0 -9999.0 0.524722645084 8.25904353644 21.5661139968 23.1700068047 30.4399434962 30.8886777067 5.5477587422 4.0630411887 1.14848915176 0.349557743564 1.44578458099 1.76410133406 2.55224432705 0.531987408861 0.465378105982 0.415862088896 0.809690618868 0.361159775575 0.337017273588 0.173909098353 0.105384811511 0.0976394420605 174.875400423 180.522023344 180.712918561 0.142749422153 2.05112247546 0.958239329318 0.280987643026 10.722949977 0.711239061029 0.374021141678 1.65037502583 0.316928908902 0.230639204479 0.422296550929 0.592291986712 0.791292136202 17.4150030976 0.162121314347 0.142333884484 0.141463461795
-9999.0 -9999.0 -9999.0 -9999.0 -9999.0 -9999.0 -9999.0 -9999.0 -9999.0 -9999.0 -9999.0 0.630855566425 6.34099305965 7.68206328669 1.13149018642 0.401980165124 0.790027858198 32.0820483877 32.46230792 38.4365573767 0.295156686086 0.639579637613 0.257616097152 0.26316719105 2.80700733113 3.59252519795 4.28304145839 0.217002702556 1.02808782616 1.60199911495 0.926039424795 0.384879872821 0.262682229566 0.199975648404 0.206277988952 0.095131585597 180.870825324 180.989984382 183.280789556 0.452439418633 0.247220434199 11.0261250881 0.758771866949 0.400837176481 0.470625922149 0.466652174036 0.39127249579 0.659925055577 1.82798662204 2.84555712601 20.4299437346 0.122158296249 0.370767570878 0.251856983592
-9999.0 -9999.0 -9999.0 -9999.0 -9999.0 -9999.0 -9999.0 -9999.0 -9999.0 -9999.0 -9999.0 0.656964493397 4.58555175085 0.703479892191 0.530578579406 3.12088292147 3.56118327481 3.98947694251 4.34137688016 51.7565813847 52.0825001256 52.687361951 57.5529951756 58.3497298019 58.7669839463 59.035165591 63.8098756332 64.3802412912 64.6136876833 66.4715437989 67.6590223886 67.8722822884 68.5068225437 0.40089557497 0.3306390382 0.0588016368245 0.0571457401653 181.122750141 184.030791886 0.63293122956 12.9642360897 12.7254619698 1.39332385467 0.323308259224 0.338044788884 0.320023308568 0.331226433704 0.668588345219 0.942751051264 0.261218843006 20.5917164024 20.764646181 21.5367875584 21.678584589
-9999.0 -9999.0 -9999.0 -9999.0 -9999.0 -9999.0 -9999.0 -9999.0 -9999.0 -9999.0 -9999.0 2.43186159933 3.19724672361 1.42082228428 2.05680665619 0.621161523965 6.93465895899 7.39201053577 8.28946323664 8.62030464411 2.82479086088 56.0764262967 56.3833788476 0.253548295552 0.150557259711 0.13477523195 0.300397958289 0.139687582539 0.0961068186862 0.0848482294559 0.0983802860234 68.0450300015 68.7019533876 69.3551623784 69.899774004 70.1250738949 0.0877702747535 0.027353868141 197.492085599 13.3468477568 13.2227785448 0.258322847845 0.252904146654 0.225112677941 0.573414815698 0.556592090351 0.254232746922 0.256953527964 0.236260418547 0.488884583152 0.643846546336 0.120117140539 0.219283156413 0.0784253940094
-9999.0 -9999.0 -9999.0 -9999.0 -9999.0 -9999.0 -9999.0 -9999.0 -9999.0 -9999.0 -9999.0 -9999.0 1.65437239665 0.745687781514 0.612102538004 6.01364414305 6.5030984504 0.492287165279 1.82270048912 2.22987594782 2.54461148239 0.374296086104 0.229849211352 7.47130743224 7.64492987454 7.80449877552 19.8174115374 19.9247526058 20.105008755 21.3349089188 21.8663868325 21.9386644691 0.0831981244134 0.0916848426776 0.0937850100489 70.2951783648 0.0592814064302 199.398799745 199.285799398 1.69538345213 1.54099867357 0.986957060628 0.251401558896 0.44977733547 0.813815635307 0.79815678475 0.491594512386 0.243119020705 0.47431895334 0.460455663102 0.838955402003 0.11301225894 0.312891753077 0.525395132286
