data/baseflow/History/mHMbfrc449
ncols                  80
nrows                 72
xllcorner      4374000.0
yllcorner      5656000.0
cellsize            500
NODATA_value       -9999
[rows 24 to 47 of 72, columns 0 to 53 of 80]
-9999.0 -9999.0 -9999.0 -9999.0 -9999.0 -9999.0 -9999.0 -9999.0 -9999.0 -9999.0 -9999.0 -9999.0 0.984858301287 2.77804349047 3.64161861812 6.24426602303 0.775174001711 1.56987436874 2.31597136494 8.91406696995 9.52612216479 9.94539167831 10.4918426262 11.0401210465 16.9958293843 18.5613626654 19.3465894522 0.294730165845 1.89935824304 2.15230429506 35.9307624282 37.0222746986 37.5132147788 38.0214490842 38.438402098 150.19207173 0.105881451738 300.872073872 0.286640228486 0.133542798027 2.23789918615 1.97574732248 0.280170921511 1.02924221185 1.52774231127 1.49125638224 1.00278902045 1.64169086709 2.60250302936 1.00242181522 2.46849714428 0.21395745465 0.298016451613 0.0429427260449
-9999.0 -9999.0 -9999.0 -9999.0 -9999.0 -9999.0 -9999.0 -9999.0 -9999.0 -9999.0 -9999.0 -9999.0 0.933185719686 1.85607427373 0.868156908765 1.74347445459 0.784032890443 5.92489227919 7.42185062282 8.19160750507 0.706060605876 1.35105200481 12.99856901 16.0355666869 16.539013369 1.05680490789 1.02722961616 1.464901121 0.220411027218 0.199770887252 0.371195717176 0.189198307025 18.6891957207 18.9416313869 19.0701515027 150.446054251 302.283722042 301.005451672 0.189632795654 0.0953154409768 0.0847673397101 0.49485811937 0.415177118567 1.23938970512 1.80846058553 3.62740155861 0.323502752018 0.321000534355 2.8722225116 3.15123961507 6.1088023413 6.23698132394 6.57725585255 6.65548463448
-9999.0 -9999.0 -9999.0 -9999.0 -9999.0 -9999.0 -9999.0 -9999.0 -9999.0 -9999.0 -9999.0 -9999.0 -9999.0 0.890412498699 1.78071885972 2.67748139716 4.30314326945 0.84309444571 0.767672868409 5.25925772495 5.96095576575 11.8073766614 12.5041585162 1.95467667289 0.626630137316 0.525325506975 0.458709394827 17.4063157237 17.6869152113 17.9207526719 18.0974626146 18.4686430371 2.67634526005 2.83441876608 22.0380218336 474.922547552 0.927164502238 0.644108038731 0.305011187311 0.0902689715528 0.0716336683496 0.649514023943 0.69538040781 1.37496189051 0.0724216975747 3.74245136178 0.515667092673 0.503125431872 0.0732723425898 0.0413657863771 0.0335281423102 0.0399239978899 0.0345665078762 6.69378127937
-9999.0 -9999.0 -9999.0 -9999.0 -9999.0 -9999.0 -9999.0 -9999.0 -9999.0 -9999.0 -9999.0 -9999.0 -9999.0 -9999.0 0.860371095839 1.61899238323 2.28807638466 2.95991140356 3.72865216705 4.51619188686 2.26685435092 3.77054645637 0.694184135541 0.668824255031 14.6527377533 15.8955926846 16.4625576175 17.0351442484 0.37042686213 0.651838689336 1.8253768433 2.12284419681 2.4061875912 0.210119264232 0.107690792063 475.494708505 0.254037575858 0.229033222245 0.120945333653 0.406950879123 0.181314057166 0.0919382605669 2.14476076818 2.20709314439 0.0466243575236 3.79508850959 4.34733161428 0.546328794099 84.1522061439 84.0430989008 83.9607350252 83.7870923335 83.7075831677 82.5713510825
-9999.0 -9999.0 -9999.0 -9999.0 -9999.0 -9999.0 -9999.0 -9999.0 -9999.0 -9999.0 -9999.0 -9999.0 -9999.0 -9999.0 0.178733192628 0.397213195425 0.666724768999 6.15372042834 6.93764078638 0.794893618471 0.75611644238 0.752985636747 12.0029201389 13.4069402785 0.661585822491 0.670478815242 0.533964035412 2.25192926852 2.79481809429 1.18375639296 1.52520660992 12.9869065449 13.3684471396 13.9474258536 21.3515003574 497.020780149 0.251611207391 0.0888171164806 0.64637376482 0.534290604982 0.073887956669 0.245808577908 0.319147737718 2.27752638258 2.33180086832 6.8039649483 4.37891340352 0.607109621558 85.4751934105 0.438067994819 83.8852662645 83.8387216994 1.06478716588 0.0617685752583
-9999.0 -9999.0 -9999.0 -9999.0 -9999.0 -9999.0 -9999.0 -9999.0 -9999.0 -9999.0 -9999.0 -9999.0 -9999.0 -9999.0 0.898438244912 1.48024888608 3.07500533048 5.37191092779 7.53456487156 9.09881137957 9.85566916892 10.6199953564 11.3427467011 0.686624081373 0.610666643341 1.19810490378 1.11376483191 0.592347576634 11.3269205827 11.856735325 12.334656761 12.7854754917 6.732422325 6.99174555835 7.276684989 497.178003155 0.44018770636 0.310618161817 1.0654890846 0.130947812206 0.151385231642 0.0786285406516 0.0689990536089 0.387585463038 0.0454414038746 0.0466969870069 92.5460206802 85.7026420161 85.652709694 0.193528778926 0.400260623245 0.258957714306 0.0571197588337 0.952551325845
-9999.0 -9999.0 -9999.0 -9999.0 -9999.0 -9999.0 -9999.0 -9999.0 -9999.0 -9999.0 -9999.0 -9999.0 -9999.0 -9999.0 0.620808689253 0.590795335148 1.16544107884 1.74909392182 0.801870511347 0.852172712569 1.62361662826 2.3839856974 3.79345704239 4.49161663124 5.08119368207 6.89346491048 7.42571800157 8.0268736821 0.521724804408 5.3358075072 5.76597407122 6.13945100693 0.260387185187 0.123167136708 0.243339799924 504.443397958 504.591099436 505.306041881 1.46392120228 0.28366700466 0.249650071632 0.0629427524278 0.121796642853 0.442784235208 0.531999935855 0.0839484076379 92.7480669863 0.0592407023082 0.101300799681 0.11677256118 0.0792697856967 0.155372423792 0.0633483602036 0.650788040148
-9999.0 -9999.0 -9999.0 -9999.0 -9999.0 -9999.0 -9999.0 -9999.0 -9999.0 -9999.0 -9999.0 -9999.0 -9999.0 -9999.0 -9999.0 0.571509966348 1.11612181485 0.523039370243 1.08686421517 6.80181031672 7.49755360092 8.22981788596 0.701782820147 0.703187013924 1.29647527205 1.91639490068 2.93332572168 3.49024295544 3.81632967828 4.30922956479 0.401278168588 0.355974763955 6.42504304433 6.55334818783 6.70405485494 6.85988053842 5.46040550573 511.387973394 513.719606692 513.859263149 514.23054759 514.680704494 514.857877924 0.0414039701038 0.574189319673 92.7872512681 0.082893698372 0.0424655667176 0.045615022354 0.0459799895827 0.0844173355629 0.0885076983904 0.0515693838942 0.0820323554941
-9999.0 -9999.0 -9999.0 -9999.0 -9999.0 -9999.0 -9999.0 -9999.0 -9999.0 -9999.0 -9999.0 -9999.0 -9999.0 -9999.0 -9999.0 -9999.0 1.6505675713 2.19706168595 3.82789052034 5.10448931787 0.686781193954 9.71862690692 10.3975051234 11.0311065844 0.598641688825 1.17527372486 0.483138779028 3.85860745464 4.14738470321 4.60500009009 5.0672328955 6.10840490201 6.23713940146 0.0925552792439 4.87139149963 5.17374663426 5.31662654235 5.92623631429 0.717989427379 0.436510509004 0.245261403263 0.21235303751 515.056241754 515.122618406 516.024391695 92.8224851546 0.236102069653 0.123815160231 0.0823082577436 0.0303229420188 0.267043540461 0.144452924266 0.045480632945 0.26176794361
-9999.0 -9999.0 -9999.0 -9999.0 -9999.0 -9999.0 -9999.0 -9999.0 -9999.0 -9999.0 -9999.0 -9999.0 -9999.0 -9999.0 -9999.0 -9999.0 0.553071817361 2.74246658786 3.31477210054 0.728936793895 0.754985857484 1.52923962009 2.23240772751 13.9278554156 0.600697202139 2.4033866519 2.91487628572 3.41256686674 0.315185783205 0.730686084888 0.937011338372 3.94539141912 4.34135969143 4.47850098319 0.154207100877 0.150923234 0.175069336906 0.317702243621 0.139433996732 0.146258325832 0.163274610813 0.156586025512 0.144627852729 0.276965784632 516.095762377 609.069130683 0.285622105853 0.098337018821 0.0297659905212 0.859163902178 0.793411770846 0.480526682372 0.434072008331 0.327520160474
-9999.0 -9999.0 -9999.0 -9999.0 -9999.0 -9999.0 -9999.0 -9999.0 -9999.0 -9999.0 -9999.0 -9999.0 -9999.0 -9999.0 -9999.0 0.48979348961 1.524941389 0.490468286019 0.800464603632 0.821872639582 1.57505675285 2.32088432841 2.95729786062 17.3687651058 17.926658187 0.575246357064 1.07564438263 1.58695472567 1.94402141664 2.34261586621 3.49949716894 3.78733555287 0.218048921107 0.196418877357 0.135879049757 0.0816219063035 0.160819553951 0.180504565239 0.212437278613 0.271017671384 0.509196142086 0.214214627684 0.0470017541959 0.0450318462812 0.0461199662723 0.0868081252308 611.556979319 2.09577112669 1.00194834865 0.0721079202365 0.0327100622534 0.0289955521629 0.109225505801 0.0774154143113
-9999.0 -9999.0 -9999.0 -9999.0 -9999.0 -9999.0 -9999.0 -9999.0 -9999.0 -9999.0 -9999.0 -9999.0 -9999.0 -9999.0 0.53534319617 0.994614437217 3.4544134011 0.438550441838 1.43255600661 2.23210417057 2.9647794774 0.760348071264 1.41353373251 1.9946430367 20.3531443247 0.538134681572 0.999635038426 1.48424984454 0.454609072744 0.897821982582 1.09927405365 1.37355213927 34.3193640869 34.680515889 34.9951631517 36.1260608946 36.4919775818 37.2761822016 0.301838816424 0.705505628047 0.62743840366 39.643606928 39.7354522769 0.0418481934818 0.0767701079999 0.110416578867 611.609098354 1.90715104132 0.818815640894 0.7792786238 0.663535521058 0.599019923385 0.144974548331 0.0340060065261
-9999.0 -9999.0 -9999.0 -9999.0 -9999.0 -9999.0 -9999.0 -9999.0 -9999.0 -9999.0 -9999.0 -9999.0 -9999.0 -9999.0 0.535974381025 1.61530357711 5.5833963687 8.15705972863 0.364749755901 10.4246505264 13.8611767855 0.701388404874 1.33428070057 1.93724524377 25.7135523783 26.1292943689 0.329072833774 2.14956670676 2.472601527 2.81827793295 31.9119742423 32.4683152782 32.7646680804 0.140272869299 0.812691568791 0.966903953408 0.331857064217 0.456649495358 37.9191877377 38.7991477424 38.8871991445 38.9681259576 39.8237520546 0.0426269022597 0.0379213885785 0.179780227823 611.664285014 0.0477870865229 0.0281298942618 0.0826868820267 0.0339494710995 0.540151332387 0.459674805247 0.270423733334
-9999.0 -9999.0 -9999.0 -9999.0 -9999.0 -9999.0 -9999.0 -9999.0 -9999.0 -9999.0 -9999.0 -9999.0 -9999.0 -9999.0 -9999.0 -9999.0 1.07251002584 2.1339978058 9.53039954597 10.0209789937 14.2776144953 14.7491846851 0.678219453211 1.35725509938 3.05700338074 26.4445987108 27.1227660282 27.3680644196 0.184334404777 28.2780999599 28.8489582635 0.344548446872 0.141560411974 0.279784571457 0.528593941796 0.12338815291 0.231565003663 0.476337705774 0.573051995631 0.10162339469 0.0648217508047 0.123551725854 40.3739124331 40.5726102208 40.6068555179 40.8818685618 611.716231744 0.0316515331689 0.0174320916292 0.020963076597 0.020742441059 0.0215102353323 0.0187969549392 0.0345729454768
-9999.0 -9999.0 -9999.0 -9999.0 -9999.0 -9999.0 -9999.0 -9999.0 -9999.0 -9999.0 -9999.0 -9999.0 -9999.0 -9999.0 -9999.0 -9999.0 0.550607642831 0.533701726632 0.501405367498 0.96051044264 0.389884019501 15.5357822739 15.9470098777 0.591388013022 1.1670512531 0.449548179652 0.320861316981 0.30546694586 27.8923666703 0.179816273091 0.3646903498 0.199871958816 0.159110167705 0.126083420156 0.0907069804381 0.0951194961276 0.291291533744 0.402226626377 0.072140926447 0.0596973402475 0.13008509201 0.2202590312 0.33468124109 0.126373822669 40.6644773585 40.9161916304 611.758452769 0.1153179953 0.0537666770312 0.01232781073 0.0307590315668 0.0103082772192 0.00837094954095 0.0439084273445
-9999.0 -9999.0 -9999.0 -9999.0 -9999.0 -9999.0 -9999.0 -9999.0 -9999.0 -9999.0 -9999.0 -9999.0 -9999.0 -9999.0 -9999.0 -9999.0 -9999.0 -9999.0 0.522426221014 1.41799528608 1.78675885206 2.16854216882 16.3293284508 16.743990711 17.1344488986 17.5593586588 17.8537579415 18.4734856451 18.6482636883 18.8111024706 18.9567300302 0.140676003929 0.128807874043 0.130652478599 0.418364999284 0.108717905433 0.101798623089 0.0772514973004 0.220398445814 0.081110098879 0.0619414081699 0.0574087676197 0.049870448372 0.099531892975 0.144506980656 41.2069123811 653.127077324 0.0281823358035 0.0558650099525 0.00946825178829 0.0424312646071 0.0237880108382 0.0168464671332 0.287651492887
-9999.0 -9999.0 -9999.0 -9999.0 -9999.0 -9999.0 -9999.0 -9999.0 -9999.0 -9999.0 -9999.0 -9999.0 -9999.0 -9999.0 -9999.0 -9999.0 -9999.0 -9999.0 -9999.0 0.409404551942 3.36830192533 6.42422370804 6.79472376882 0.61951328523 1.2032862599 1.77918787701 2.18042686518 5.11498342376 5.26782643515 0.146668374338 0.140733457075 19.2741713434 19.5253497236 19.6378770829 0.49078346931 0.0547622364834 0.139904478551 0.208042459069 0.653535427352 0.805820848839 0.923161929692 0.107562125406 0.1506914082 0.0511260547024 0.102567168972 0.0532094279399 653.237868299 0.021624395845 0.100021882595 0.0342512443511 0.100126524706 0.238731918522 0.271947389016 0.576425681486
-9999.0 -9999.0 -9999.0 -9999.0 -9999.0 -9999.0 -9999.0 -9999.0 -9999.0 -9999.0 -9999.0 -9999.0 -9999.0 -9999.0 -9999.0 -9999.0 -9999.0 -9999.0 0.473320691535 1.53109023552 2.97217444966 3.85647219007 9.48830179411 9.99706962538 1.2122944455 1.7956101778 2.27171143163 2.65186701353 5.43291640982 5.73727123568 10.1187794382 10.462356388 10.6331497904 19.733128517 20.4187461682 0.132044005303 0.0917176616014 0.0849453759927 0.159389684582 0.0721352789377 1.06800510506 1.12327757843 0.198079291053 0.284345031603 0.0742282253626 116.139547844 116.252138909 769.557671803 769.708455784 0.0256581451414 0.154016902294 0.0372484917946 0.0319759305721 0.645302309534
-9999.0 -9999.0 -9999.0 -9999.0 -9999.0 -9999.0 -9999.0 -9999.0 -9999.0 -9999.0 -9999.0 -9999.0 -9999.0 -9999.0 -9999.0 -9999.0 -9999.0 -9999.0 -9999.0 0.555232558651 0.533377932464 0.9870826847 2.30274475008 10.4237291317 0.625479362126 0.617726525546 1.0599353249 1.53842596957 3.62847212124 3.88110205508 0.201051603053 0.219334011393 10.7946498969 10.8786625058 31.4008850143 31.4931564915 0.04287067264 0.0381139966167 0.0325325856272 0.0328001015149 0.0411227496061 114.909757953 115.269486137 115.642922536 115.824125637 116.062601495 0.0619243651811 0.228263256232 0.265056738416 770.077366482 770.11619697 770.168458029 770.256637783 770.374574919
-9999.0 -9999.0 -9999.0 -9999.0 -9999.0 -9999.0 -9999.0 -9999.0 -9999.0 -9999.0 -9999.0 -9999.0 -9999.0 -9999.0 -9999.0 -9999.0 -9999.0 -9999.0 -9999.0 -9999.0 0.472676043086 0.503213973675 0.911334435813 12.1884139832 12.6043894273 0.601619210338 1.04456972827 1.53763399994 1.88139430644 0.288220264442 0.552346964281 27.2215518454 27.3319882113 27.5039563334 28.53917829 60.1520343169 112.720327203 112.838730207 112.943498314 113.046312173 113.557822539 113.729662959 0.305741982657 0.130824575347 0.0813245476912 0.151787015133 0.114371740037 0.180903145281 0.0556880005549 1.34690541318 1.46010265526 1.55590131216 1.57602357536 770.414339705
-9999.0 -9999.0 -9999.0 -9999.0 -9999.0 -9999.0 -9999.0 -9999.0 -9999.0 -9999.0 -9999.0 -9999.0 -9999.0 -9999.0 -9999.0 -9999.0 -9999.0 -9999.0 -9999.0 -9999.0 -9999.0 0.481418198701 0.910279731204 1.34417881803 12.9613610372 0.425042998168 17.5322440147 18.0357986513 18.3254672678 18.6204056421 26.1117676376 26.409910675 0.111815540004 0.748649307245 0.897404733812 0.108510104282 52.4584943962 52.2559706887 0.0609185432831 0.142885006793 0.408137324198 0.0945332892912 0.102635931999 0.0669957675001 0.0586627180658 0.0461273230658 0.0547417024492 1.17670421898 1.23440815813 1.30431012626 0.0816076735248 0.0717410778677 1.60620303003 1.63084351683
-9999.0 -9999.0 -9999.0 -9999.0 -9999.0 -9999.0 -9999.0 -9999.0 -9999.0 -9999.0 -9999.0 -9999.0 -9999.0 -9999.0 -9999.0 -9999.0 -9999.0 -9999.0 -9999.0 -9999.0 -9999.0 0.427833618338 0.391553162489 2.05107823933 15.826659056 16.6649523408 17.0939414797 0.409027758992 6.79536628611 7.06306663238 7.19448828456 0.26812176135 0.406518765777 0.505362177943 11.4178863713 11.5051549924 11.5794606431 52.1260041114 33.6145838398 0.0776665968787 0.0905900009504 0.0861532386405 0.069146785792 0.736077434374 0.869579228858 0.986865507565 1.05346962523 1.11752947775 10.7968507783 10.84358071 10.9459887466 11.1768272951 11.8017238754 11.8227528323
-9999.0 -9999.0 -9999.0 -9999.0 -9999.0 -9999.0 -9999.0 -9999.0 -9999.0 -9999.0 -9999.0 -9999.0 -9999.0 -9999.0 -9999.0 -9999.0 -9999.0 -9999.0 -9999.0 -9999.0 -9999.0 -9999.0 0.827768002912 1.26791192192 0.423916772131 0.617953150353 5.44200064778 5.85870088753 6.11618276545 2.31680001332 2.50537533966 2.71737044042 2.85767400406 11.2191688186 11.3529326195 6.68326901978 18.3582626787 18.4445998456 33.5556324799 0.180323429501 0.095545199889 0.0655992796536 0.513286741522 0.603431862417 0.0514783882637 0.046921227452 10.5837184605 10.6988304386 10.753286547 0.0844287756146 0.153287663072 11.7374064405 0.0321095490409 0.142674767215
-9999.0 -9999.0 -9999.0 -9999.0 -9999.0 -9999.0 -9999.0 -9999.0 -9999.0 -9999.0 -9999.0 -9999.0 -9999.0 -9999.0 -9999.0 -9999.0 -9999.0 -9999.0 -9999.0 -9999.0 -9999.0 -9999.0 0.412680590566 0.81317789828 3.37551106565 3.83507120262 4.32898632478 1.83461177696 2.13092943302 0.199198713918 7.90476548891 8.07590995942 8.2405760028 0.138408101247 6.43963604928 6.58059152018 0.0958909754604 33.0909821583 0.205203359451 0.103804427084 0.28037074638 0.376302669125 0.0730693067393 0.0598322790952 9.94634110086 10.4805175584 10.5475207722 0.0720099905014 0.162105270953 0.204301165324 0.24088363483 0.464497027624 0.0540437460611 0.117108667269
