data/baseflow/History/mHMbfrc456
ncols                  80
nrows                 72
xllcorner      4374000.0
yllcorner      5656000.0
cellsize            500
NODATA_value       -9999
[rows 0 to 23 of 72, columns 0 to 54 of 80]
-9999.0 -9999.0 -9999.0 -9999.0 -9999.0 -9999.0 -9999.0 -9999.0 -9999.0 -9999.0 -9999.0 -9999.0 1.23948059928 0.845689361035 -9999.0 -9999.0 -9999.0 -9999.0 -9999.0 -9999.0 -9999.0 -9999.0 -9999.0 -9999.0 -9999.0 -9999.0 -9999.0 -9999.0 -9999.0 -9999.0 -9999.0 -9999.0 -9999.0 -9999.0 -9999.0 -9999.0 -9999.0 -9999.0 -9999.0 -9999.0 -9999.0 -9999.0 -9999.0 -9999.0 -9999.0 -9999.0 -9999.0 -9999.0 -9999.0 -9999.0 -9999.0 -9999.0 -9999.0 -9999.0 -9999.0
-9999.0 -9999.0 -9999.0 -9999.0 -9999.0 -9999.0 -9999.0 -9999.0 -9999.0 -9999.0 -9999.0 -9999.0 2.56874151642 5.1514597189 0.720963296332 -9999.0 0.545133553218 -9999.0 -9999.0 -9999.0 -9999.0 -9999.0 -9999.0 -9999.0 -9999.0 -9999.0 -9999.0 -9999.0 -9999.0 -9999.0 -9999.0 -9999.0 -9999.0 -9999.0 -9999.0 -9999.0 -9999.0 -9999.0 -9999.0 -9999.0 -9999.0 -9999.0 -9999.0 -9999.0 -9999.0 -9999.0 -9999.0 -9999.0 -9999.0 -9999.0 -9999.0 -9999.0 -9999.0 -9999.0 -9999.0
-9999.0 -9999.0 -9999.0 -9999.0 -9999.0 -9999.0 -9999.0 -9999.0 -9999.0 -9999.0 1.27442022606 1.23483228625 1.28335533099 1.25942728941 7.54260215075 8.34839044255 1.51922891367 0.484563151858 -9999.0 -9999.0 -9999.0 -9999.0 -9999.0 -9999.0 -9999.0 -9999.0 -9999.0 -9999.0 -9999.0 -9999.0 -9999.0 -9999.0 -9999.0 -9999.0 -9999.0 -9999.0 -9999.0 -9999.0 -9999.0 -9999.0 -9999.0 -9999.0 -9999.0 -9999.0 -9999.0 -9999.0 -9999.0 -9999.0 -9999.0 -9999.0 -9999.0 -9999.0 -9999.0 -9999.0 -9999.0
-9999.0 -9999.0 -9999.0 -9999.0 -9999.0 -9999.0 -9999.0 -9999.0 -9999.0 1.23529112588 2.50508363034 4.98034661218 2.48391713276 1.21187775831 2.38335339943 9.4933264891 12.2304726908 0.567652123796 -9999.0 1.23752496192 -9999.0 -9999.0 -9999.0 -9999.0 1.04588963552 0.532763963271 -9999.0 -9999.0 -9999.0 -9999.0 -9999.0 -9999.0 -9999.0 -9999.0 -9999.0 -9999.0 -9999.0 -9999.0 -9999.0 -9999.0 -9999.0 -9999.0 -9999.0 -9999.0 -9999.0 -9999.0 -9999.0 -9999.0 -9999.0 -9999.0 -9999.0 -9999.0 -9999.0 -9999.0 -9999.0
-9999.0 -9999.0 -9999.0 -9999.0 -9999.0 -9999.0 -9999.0 -9999.0 1.36973462753 3.89847908509 5.09702197496 6.2994113541 8.63844311423 1.14613800519 4.64568944363 5.76533748069 19.6440373243 0.929962890692 1.05124474857 2.3519201579 3.43565144893 1.12164077283 -9999.0 2.81004755179 2.30770860866 0.658657673573 -9999.0 -9999.0 -9999.0 -9999.0 -9999.0 -9999.0 -9999.0 -9999.0 -9999.0 -9999.0 -9999.0 -9999.0 -9999.0 -9999.0 -9999.0 -9999.0 -9999.0 -9999.0 -9999.0 -9999.0 -9999.0 -9999.0 -9999.0 -9999.0 -9999.0 -9999.0 -9999.0 -9999.0 -9999.0
-9999.0 -9999.0 -9999.0 -9999.0 -9999.0 -9999.0 1.34912374732 1.2474385201 1.22835829046 1.24556475693 1.25905379398 8.82778475379 18.6796558196 19.8778549088 20.9800685536 1.10853659219 21.7590086716 22.8147840181 2.2021904941 1.10008465494 4.50171297922 7.81306527496 1.01317806011 5.80985883286 1.11603552538 1.04066190942 1.13894236764 -9999.0 -9999.0 -9999.0 -9999.0 -9999.0 -9999.0 -9999.0 -9999.0 -9999.0 -9999.0 -9999.0 -9999.0 -9999.0 -9999.0 -9999.0 -9999.0 -9999.0 -9999.0 -9999.0 -9999.0 -9999.0 -9999.0 -9999.0 -9999.0 -9999.0 -9999.0 -9999.0 -9999.0
-9999.0 -9999.0 -9999.0 -9999.0 -9999.0 -9999.0 2.69691447654 3.97982280908 9.02275296466 12.6617788106 1.14076919962 1.17622937366 1.13770231418 3.38099857566 25.4125784788 1.02326268173 23.8484987561 28.1801328613 3.37234656512 2.11659910933 8.83763804901 1.0909517155 6.8831110067 2.12296904811 1.05912384536 2.06860217034 2.26731174074 1.15573075015 1.17199890546 1.14936745975 1.19703998775 2.39770150725 -9999.0 -9999.0 -9999.0 -9999.0 -9999.0 -9999.0 -9999.0 -9999.0 -9999.0 -9999.0 -9999.0 -9999.0 -9999.0 -9999.0 -9999.0 -9999.0 -9999.0 -9999.0 -9999.0 -9999.0 -9999.0 -9999.0 -9999.0
-9999.0 -9999.0 -9999.0 -9999.0 -9999.0 1.42446344978 2.77828084035 1.34161306678 2.61668769469 13.957953302 16.3521155519 18.7298229354 59.376588407 1.14401907648 26.5127855842 94.5600664677 95.4072720218 125.086954409 0.963285620189 3.14774687522 9.86787286564 1.02323533742 18.6924162114 10.7604755425 6.50161251368 5.42877418888 1.11369764392 3.43103522591 3.43203052261 2.28780443909 1.11112663594 3.53774869743 1.09709795904 1.0842214976 -9999.0 -9999.0 -9999.0 -9999.0 -9999.0 -9999.0 -9999.0 -9999.0 -9999.0 -9999.0 -9999.0 -9999.0 -9999.0 -9999.0 -9999.0 -9999.0 -9999.0 -9999.0 -9999.0 -9999.0 -9999.0
-9999.0 -9999.0 -9999.0 -9999.0 -9999.0 1.42486019646 4.17093365023 8.30967407193 9.59825863804 19.0151185454 20.2491235918 24.078174743 39.5401515283 62.697264502 64.9570824095 66.0094506848 2.01192271798 128.767335313 130.740912146 136.007840183 168.721089283 21.8313580768 19.7776781781 7.57731738858 1.05678729208 6.58845935931 4.47041646652 1.00526550456 4.48369917143 1.03673574529 2.21181933142 5.75061031056 6.82453077431 2.14694567429 1.05009361882 1.04487606651 -9999.0 -9999.0 -9999.0 -9999.0 0.55074228554 0.467343754444 -9999.0 -9999.0 -9999.0 -9999.0 -9999.0 -9999.0 -9999.0 -9999.0 -9999.0 -9999.0 -9999.0 -9999.0 -9999.0
-9999.0 -9999.0 -9999.0 -9999.0 -9999.0 1.39273575728 1.3415483451 5.51266396228 6.81702061853 8.15627944933 1.29615952384 2.57264962472 14.540427211 2.6445988368 1.24052176254 1.15691053933 1.06680483258 1.25388216005 1.23089847871 1.14338123798 169.777466272 172.872947293 1.01912671894 3.11376429898 2.10660107292 7.61004849867 2.02954333755 0.980873197084 5.54652503468 2.06670864071 5.02745474317 11.9769048298 11.0771828751 3.19057486446 3.10946289614 1.06599755075 1.05839502271 -9999.0 -9999.0 1.05962448711 1.30480951951 2.74786726656 0.490903762825 -9999.0 -9999.0 -9999.0 -9999.0 -9999.0 -9999.0 -9999.0 -9999.0 -9999.0 -9999.0 -9999.0 -9999.0
-9999.0 -9999.0 -9999.0 -9999.0 -9999.0 -9999.0 1.42318235673 1.42339620757 2.75512113986 4.0947688237 9.36401401712 11.9750270674 13.3369578745 1.41280258811 1.14304292723 14.9083682673 18.3417596685 19.4362379491 23.9623538202 25.028068691 1.06217344865 173.934391318 179.13920165 4.16655563838 1.0123184327 8.61035380304 19.0587902376 7.48390693251 1.96808738288 0.994339040516 18.9574820859 12.9897736227 0.975680648494 0.972200784215 4.09495016512 3.14652081103 1.01557313222 0.963022602395 1.04461290035 2.08691834372 1.01642161634 3.34373847749 4.31716342538 0.896564754778 -9999.0 -9999.0 -9999.0 -9999.0 0.987001328416 0.93742608522 0.300517137602 -9999.0 -9999.0 -9999.0 -9999.0
-9999.0 -9999.0 -9999.0 -9999.0 -9999.0 -9999.0 -9999.0 1.40621674985 1.2973122696 2.65897115482 4.00318496024 1.31521622744 1.315781453 7.76476108569 10.1941842848 12.65936262 1.17649488146 2.32067217185 1.15423710445 26.1153265339 56.6889329444 57.2716237669 238.227096252 1.03584133651 2.97532633669 0.964704088165 20.0123286532 0.974516360293 2.97305754287 0.978618588507 19.9290572167 20.8985083138 1.95670879926 1.94264054993 10.3216215163 5.19575011298 1.97979076159 1.01481860751 2.08575083475 3.1163949104 5.10349889136 0.955006050518 6.01216207736 6.72980922752 0.631020968986 0.686065700429 0.711319396805 0.631032258187 0.588992259094 2.67296418309 1.08971505779 0.676420980197 -9999.0 -9999.0 -9999.0
-9999.0 -9999.0 -9999.0 -9999.0 -9999.0 -9999.0 -9999.0 -9999.0 2.72544656218 3.98074904106 1.3054638438 2.64351527462 3.90852575484 6.53510300981 1.28184314337 1.25098733604 1.13099315691 1.14360486061 1.07309820216 28.3749107809 1.16662514828 2.29200900371 241.150824561 243.110585201 0.899513850809 4.79735419451 25.7163891288 1.94209611394 3.884286225 1.82464556434 2.7148959249 24.656654893 2.86750407024 15.0757038909 12.2468364999 0.986584102452 4.98807481926 2.02082312068 3.07283230922 0.980427088608 6.04003495534 7.80158862437 8.42564607112 9.01120785027 9.12029899611 1.21069864051 1.26988485735 1.14124212471 1.05295169406 3.29520568234 0.689028233909 2.47298660788 3.10632282761 -9999.0 -9999.0
-9999.0 -9999.0 -9999.0 -9999.0 -9999.0 -9999.0 -9999.0 -9999.0 1.3704792264 6.69316956234 7.97329578686 1.28206694384 2.53053302469 1.24757290731 1.19097743748 1.17343955577 14.5194783024 19.3630015667 23.6570517816 27.7578744437 1.01735492344 1.14307842954 1.21271216323 247.73928752 249.619441068 250.404424896 34.4465168324 7.74372491413 6.75203486381 0.842767515169 3.5427383073 29.0737594603 0.843685765862 15.9501101068 0.959961097425 6.53305786626 6.01325181363 0.994289261039 4.05655872268 1.95915478347 2.92320579894 0.818508766187 0.58058098039 9.58794608615 10.1073453486 9.63819276959 1.82347132108 1.66382195506 1.56223260486 4.03378266306 5.4299461021 0.69704265384 3.78756300296 0.763942455026 1.44313007994
-9999.0 -9999.0 -9999.0 -9999.0 -9999.0 -9999.0 -9999.0 -9999.0 -9999.0 1.38911208989 9.29763584629 10.5640104887 3.7870092464 6.2824515803 8.67446766906 9.88013516492 1.2334666519 3.71143932495 2.47371311514 1.25458771786 1.23283732262 1.14546951833 2.28709339119 3.9018884479 1.22392124128 286.919739544 287.809650012 0.811083079928 0.697982185307 1.74622787726 2.61451268192 31.6283715949 1.69100433634 16.725735964 10.1315963715 8.32762375866 0.963495294285 1.9387046335 4.97865455396 0.921032012157 3.82299611488 1.69114357008 1.10245255052 0.59610172178 11.8290310017 21.9015171643 2.21241918212 2.06771673086 2.13662963476 0.603792459994 6.02101349747 0.575303473563 5.07966885968 0.683483334302 2.1242824588
-9999.0 -9999.0 -9999.0 -9999.0 -9999.0 -9999.0 -9999.0 -9999.0 -9999.0 -9999.0 1.26250301557 13.1008014593 1.25046374288 2.49140345157 3.66301933823 6.00928798108 1.20135469055 2.47000640807 1.2268204907 1.16604069732 1.11694397531 2.21214919249 1.02430875603 1.10815091366 2.12717764896 1.17624578261 288.690746742 290.285997474 292.701248706 3.38440759344 0.895517646412 1.78646496756 32.5442103795 31.1853158518 11.9983402495 0.927404717796 3.83495129725 2.88243934174 5.90279907078 1.8408039184 7.31510103695 2.57524773921 1.84297866464 0.586335426125 0.639533463274 22.5223063731 23.0384293392 27.7665746307 4.04649766567 1.26251900059 6.65961260726 7.86070187606 13.4927236193 1.32401026535 0.627753023882
-9999.0 -9999.0 -9999.0 -9999.0 -9999.0 -9999.0 -9999.0 -9999.0 -9999.0 -9999.0 -9999.0 0.741484914831 14.7604784167 1.28986204148 2.44833725012 10.7895003709 1.19548886968 1.18750425456 1.08605092674 2.29074202182 1.13146051496 4.46007185294 6.51638024816 7.47998703636 3.00362140476 3.71324786114 0.821458836765 1.08175692881 0.909267119932 297.716501879 300.407129547 33.3348933191 32.7843909624 31.9948842072 1.63297710591 0.78575004312 4.71327641785 12.3829366753 6.79301018913 2.72240695479 10.8899802781 4.72252638147 3.90805313313 1.25260857143 0.510696871734 0.459075468391 0.446600926149 30.0461222873 35.8907231383 0.640257827414 0.544252443483 0.633928735559 14.1208757636 16.0529613766 1.17185151496
-9999.0 -9999.0 -9999.0 -9999.0 -9999.0 -9999.0 -9999.0 -9999.0 -9999.0 -9999.0 -9999.0 0.690417702447 16.4327980663 20.1587966282 1.16386538559 13.103657189 1.12139667032 1.08503225101 2.1930373913 5.60500331986 1.11003479184 1.1501917475 1.0254896322 9.50624042044 10.4819494982 15.2196666294 16.9552300089 17.914679056 18.7074250078 19.5182451927 320.686791115 355.642407951 389.818979256 390.276431274 0.65045000849 0.794041098122 14.1451303028 13.2694066266 0.877124082099 0.877802047097 11.8390769287 17.428091563 0.77276495013 9.4833167302 8.69373870543 2.56434950507 1.07677687541 1.76605318879 0.630722030806 36.8824430221 0.493982476057 1.66139062737 2.04355717908 19.7133274172 21.5118050801
-9999.0 -9999.0 -9999.0 -9999.0 -9999.0 -9999.0 -9999.0 -9999.0 -9999.0 -9999.0 -9999.0 1.3283418889 2.5632473331 21.3713802014 23.6130554421 1.12270375921 14.9898592255 1.00165714717 3.09567320373 6.64628170747 2.16794307468 1.05481853625 2.13247986728 0.925271890973 1.82384168351 0.930593630305 0.912106808864 0.898357662415 0.879634862998 0.826250582598 0.769465872901 0.92011162914 0.995965609259 0.945481318966 392.331225165 16.48369886 15.0948208978 0.455287064931 2.50974686866 0.626533049294 0.622267546431 18.2359854687 30.2153939982 10.3701910118 7.49608694747 1.52653142936 0.606663907545 0.55806228031 1.07606915297 38.4694335915 39.3603318646 0.465802684678 0.46867848094 0.524792756361 0.63308345384
-9999.0 -9999.0 -9999.0 -9999.0 -9999.0 -9999.0 -9999.0 -9999.0 -9999.0 -9999.0 -9999.0 -9999.0 1.19062986498 15.7895234609 40.5733804442 44.1447806358 60.1451959424 60.8980390677 14.7524784034 10.9488226815 3.23894435137 1.04462946096 4.19834879316 5.19576759738 7.96281216702 1.89261575657 1.83059902345 1.82919139215 3.61721106602 1.72166504096 1.64600492815 0.885822323317 0.810353652427 0.717443595606 392.937296569 409.92633645 410.608055507 0.432308665756 6.37636554666 2.9464563641 0.867051491063 32.8826077284 1.87654292645 0.962772734242 4.02541088554 0.951034339762 0.682006031839 1.2360264031 1.68117020752 2.16524240688 40.1191918354 0.352095681596 0.300964025671 0.300659977797 0.268447122801
-9999.0 -9999.0 -9999.0 -9999.0 -9999.0 -9999.0 -9999.0 -9999.0 -9999.0 -9999.0 -9999.0 1.27469090092 12.0280731012 14.586009255 2.40813906543 0.788537650593 1.84335259969 63.8197424519 64.6547749276 80.1463823581 0.981794723939 2.01912953748 0.929729238593 0.941535712582 8.89143752499 11.7107931066 14.424653018 0.864954368753 4.48088709874 7.0513191226 4.14627970739 1.70098505334 1.57622232564 1.49004250209 1.34725713698 0.563566164722 410.976080226 411.247951204 418.223562486 1.41423610786 0.761135930333 33.3295533927 1.94825333129 0.990772407433 1.05160356539 1.04507261057 0.941148457419 1.65963947923 4.61357946382 7.29009152198 47.7839948915 0.268287620107 0.798468251032 0.537892674295 0.482897637175
-9999.0 -9999.0 -9999.0 -9999.0 -9999.0 -9999.0 -9999.0 -9999.0 -9999.0 -9999.0 -9999.0 1.3002155241 8.30092163562 1.30472269112 1.18068810162 6.07617970447 7.16101948673 8.26472301073 9.31531449753 109.226783908 110.191502014 112.173175919 126.318730592 129.17295254 130.863955108 131.812263784 148.449652995 150.969884764 151.866835445 159.874543152 164.931036558 165.746986673 168.966449929 2.25426797177 2.11432025986 0.548352261042 0.37669444696 411.611374568 420.421427822 1.93083422853 38.058329952 37.4129649152 3.68378601871 0.891556926519 0.904198939275 0.873537393642 0.867394971924 1.73908284126 2.44666356956 0.645546581228 48.1357533554 48.5032234207 50.1518487176 50.4478238234 51.203775891
-9999.0 -9999.0 -9999.0 -9999.0 -9999.0 -9999.0 -9999.0 -9999.0 -9999.0 -9999.0 -9999.0 4.26766759075 5.64811191361 2.64742014513 3.91530858701 1.25462650363 14.2079935013 15.3525020901 17.6217105104 18.7105339158 7.63792080793 121.39681675 122.373370872 0.952357883577 0.747737831347 0.750264893194 1.56504462871 0.893580194582 0.782876924719 0.776654637652 0.758363086532 166.634744653 169.829140961 172.785815331 175.506888926 177.110255498 0.680049934442 0.206497731357 459.756187982 39.079295919 38.7325675034 0.793516275003 0.726988668215 0.651480725988 1.56159592743 1.53288706093 0.710571552594 0.726975527981 0.661860808708 1.29468269746 1.68334085235 0.255267600729 0.474780075054 0.22413286449 0.2359222185
-9999.0 -9999.0 -9999.0 -9999.0 -9999.0 -9999.0 -9999.0 -9999.0 -9999.0 -9999.0 -9999.0 -9999.0 2.88773690473 1.35889813695 1.27105193117 11.915982901 13.0932273491 1.17342557942 4.6155696185 5.71391381637 6.76685116923 1.11793223767 0.859421842486 19.1534063853 19.8624702045 20.5707173627 52.2343667946 52.8884424186 54.2877423898 59.9451279828 63.7864540769 64.4513100121 0.730571333178 0.755557671698 0.659105272165 177.569534894 0.238057056449 465.8820853 465.563986391 5.54499718675 5.08504093313 3.00065808828 0.748822243824 1.30926807419 2.22118605706 2.19745776599 1.37225522074 0.699249796886 1.35201362377 1.33134906921 2.270122047 0.385519196132 0.902493870326 1.47223875198 1.95730570016
