data/baseflow/History/mHMbfrc237
ncols                  80
nrows                 72
xllcorner      4374000.0
yllcorner      5656000.0
cellsize            500
NODATA_value       -9999
[rows 24 to 47 of 72, columns 0 to 53 of 80]
-9999.0 -9999.0 -9999.0 -9999.0 -9999.0 -9999.0 -9999.0 -9999.0 -9999.0 -9999.0 -9999.0 -9999.0 0.75870756206 1.987957444 2.55187898668 4.22113090569 0.419486948537 0.866091617021 1.25496692504 5.17580594013 5.45093971427 5.64518387081 5.87087346656 6.15665990047 9.25903111257 10.0301381738 10.4101608568 0.136835879235 0.845029759149 0.976254748458 18.7963817477 19.1553137778 19.3560853749 19.566115866 19.6931737534 77.8136583416 0.0633636869454 152.085394853 0.111047102246 0.0511005604118 0.902079461545 0.795916915619 0.0969930660229 0.421014967905 0.675903595315 0.660749804173 0.442253381789 0.718993432737 1.13903157518 0.42730183373 1.08740574506 0.0755790368178 0.136076682189 0.0194545663926
-9999.0 -9999.0 -9999.0 -9999.0 -9999.0 -9999.0 -9999.0 -9999.0 -9999.0 -9999.0 -9999.0 -9999.0 0.675517494693 1.33320720792 0.568566358879 1.14183451593 0.427902478361 3.64750629276 4.41260387909 4.82495074138 0.34116518338 0.634084130282 7.35997613082 8.83438594076 9.0477783887 0.531803919272 0.465660821892 0.650092460269 0.100484467031 0.082460659504 0.149665990905 0.0630636216201 12.5090777235 12.5777316055 12.6087944312 77.9321242919 152.574967822 152.110605844 0.0697919851882 0.0417135428422 0.0373036513775 0.176240889629 0.148951292927 0.498508006825 0.77610501905 1.56764505969 0.133620365861 0.131760592968 1.24423684875 1.35663868397 2.64062740376 2.69369225435 2.85047348244 2.88541505624
-9999.0 -9999.0 -9999.0 -9999.0 -9999.0 -9999.0 -9999.0 -9999.0 -9999.0 -9999.0 -9999.0 -9999.0 -9999.0 0.578838326236 1.1680946838 1.77641474738 2.72229868767 0.502917625111 0.407158574326 3.41470045235 3.75478523328 6.79767063099 7.16522924078 0.991457142335 0.30528097057 0.250716064928 0.21548625523 12.0036915994 12.11888611 12.2287969678 12.3096469919 12.4459320474 1.12204369356 1.17615961865 13.8203330947 244.381457281 0.347209531311 0.254775959527 0.120067154019 0.0355208512666 0.0287819829039 0.246019060992 0.26412551337 0.552277521487 0.0282830612483 1.60874729848 0.203666099563 0.197181497401 0.0292778648161 0.0163284844157 0.0147458252555 0.0164210989619 0.0174118367214 2.90681314295
-9999.0 -9999.0 -9999.0 -9999.0 -9999.0 -9999.0 -9999.0 -9999.0 -9999.0 -9999.0 -9999.0 -9999.0 -9999.0 -9999.0 0.546417737739 1.14053474369 1.66847228061 2.1905459036 2.60373679398 3.04250837044 1.21112965736 2.03253103434 0.350905876832 0.323031637407 10.6774596297 11.2880646667 11.545977372 11.8321100646 0.166259913605 0.277532827995 0.804033809021 0.92407381794 1.03188172271 0.0804495417987 0.0581587471523 244.624441206 0.0934489917786 0.0983912972746 0.0496948272647 0.147024746451 0.0700241201766 0.0348772150291 0.850082488393 0.885297922563 0.017376867849 1.63140750972 1.84989146749 0.211836997163 47.9867015458 47.9503127813 47.9236227992 47.8654474934 47.8417366698 46.9804352491
-9999.0 -9999.0 -9999.0 -9999.0 -9999.0 -9999.0 -9999.0 -9999.0 -9999.0 -9999.0 -9999.0 -9999.0 -9999.0 -9999.0 0.174457286989 0.377075433607 0.540194901241 5.7217408379 6.14396419356 0.441038541905 0.410743607071 0.409284000724 9.30840934928 10.0675881736 0.355089537747 0.362878780257 0.235367173271 1.0117613509 1.25469702198 0.529258951404 0.674128814055 6.4572819829 6.60303075554 6.90567652408 10.5298639223 255.229275097 0.0986649742177 0.0367790878455 0.228990418283 0.189100961449 0.0304336350639 0.1008293253 0.135858908169 0.922491167273 0.951764661027 2.85254302422 1.86294611994 0.236899311823 48.6622089721 0.277936086381 47.8989173738 47.8843331891 0.834184319432 0.0531303380196
-9999.0 -9999.0 -9999.0 -9999.0 -9999.0 -9999.0 -9999.0 -9999.0 -9999.0 -9999.0 -9999.0 -9999.0 -9999.0 -9999.0 0.896379593111 1.46980656797 2.91571639012 5.20938738529 6.67312049676 7.74889110656 8.16036261216 8.58720651339 8.98818070033 0.358264469388 0.293134001254 0.561956556283 0.506272774309 0.271586461346 5.74358056069 5.9730832917 6.17687060186 6.36339874335 3.24488030346 3.34214575641 3.52256493388 255.292623696 0.203353133477 0.112414171307 0.385463021385 0.0406825051293 0.0849268094929 0.0500644371976 0.0311175230688 0.173628237125 0.0211592050335 0.0225392413673 51.6566157214 48.7958681648 48.7786974125 0.13696612882 0.263814101521 0.163179844244 0.0287832411048 0.735460815229
-9999.0 -9999.0 -9999.0 -9999.0 -9999.0 -9999.0 -9999.0 -9999.0 -9999.0 -9999.0 -9999.0 -9999.0 -9999.0 -9999.0 0.629219060198 0.603449653785 1.19413269942 1.77878619232 0.564242782252 0.561070156742 1.00110780914 1.41737603561 2.16242430112 2.53450301287 2.83504092774 3.7171442833 3.9788584769 4.28147209285 0.251288316468 2.64039096977 2.82797852039 2.99666149651 0.127270765323 0.0748317542183 0.119368119236 258.953827847 259.011824944 259.327420915 0.527931978823 0.0981829815228 0.113547848427 0.0285523520808 0.054794439187 0.200654705747 0.24188662236 0.0403028811837 51.7645008835 0.0421881663763 0.0724669983184 0.0825692317465 0.0611947322499 0.112389098116 0.043513831146 0.536461772535
-9999.0 -9999.0 -9999.0 -9999.0 -9999.0 -9999.0 -9999.0 -9999.0 -9999.0 -9999.0 -9999.0 -9999.0 -9999.0 -9999.0 -9999.0 0.577304410446 1.12158196552 0.50946181684 1.04302305811 6.49763093562 6.9008714682 7.28073676242 0.373161035322 0.375604471148 0.674116139212 0.983158626853 1.48101766679 1.74839657087 1.93255976957 2.15832354989 0.163621062175 0.138067743662 3.25168293665 3.34149319857 3.40119476656 3.47546147042 3.02508021211 262.653408581 263.587548943 263.608200943 263.734114546 263.879857302 263.929870671 0.0173425938801 0.260574574128 51.772674671 0.0356404227778 0.0184718379985 0.0303118126363 0.034201033585 0.0570363496555 0.050597752347 0.0326205391769 0.0675665132093
-9999.0 -9999.0 -9999.0 -9999.0 -9999.0 -9999.0 -9999.0 -9999.0 -9999.0 -9999.0 -9999.0 -9999.0 -9999.0 -9999.0 -9999.0 -9999.0 1.66247756909 2.18535611159 3.80422183888 4.94561226005 0.575279607031 8.35497012684 8.71978817342 9.04565718024 0.3202325336 0.61623629319 0.247936666069 2.02128823032 2.1796676291 2.40452945326 2.6114596205 3.05659107616 3.16708273917 0.0681206318397 2.70302072995 2.86370369389 2.95443453108 3.26604886565 0.35579609082 0.204744223185 0.100856787437 0.0936457567732 263.988060154 263.993362423 264.411174615 51.7795851379 0.122461433732 0.0738325724517 0.0501113954086 0.0143427562297 0.168290727117 0.0901647598004 0.027935007242 0.182787325753
-9999.0 -9999.0 -9999.0 -9999.0 -9999.0 -9999.0 -9999.0 -9999.0 -9999.0 -9999.0 -9999.0 -9999.0 -9999.0 -9999.0 -9999.0 -9999.0 0.547336888176 2.73530979658 3.30869641392 0.587058239046 0.42223796336 0.876129652307 1.26320309999 10.662072065 0.312994059447 1.26802645397 1.5359987924 1.79599202153 0.16484385103 0.364698628444 0.471466863947 2.12622008418 2.37489263702 2.46965161568 0.0894438374077 0.0707879224684 0.0782808596242 0.145749104117 0.0590942959612 0.059250087126 0.0614414987919 0.0592272224698 0.0642800997588 0.162340332399 264.424503799 316.252502252 0.149099423882 0.0416601959182 0.0156306697117 0.573345426378 0.540444306298 0.342192585218 0.310787294131 0.23378848972
-9999.0 -9999.0 -9999.0 -9999.0 -9999.0 -9999.0 -9999.0 -9999.0 -9999.0 -9999.0 -9999.0 -9999.0 -9999.0 -9999.0 -9999.0 0.485983735633 1.51111431319 0.48558245144 0.548542157775 0.503295313575 0.943896483774 1.36971817584 1.76202221051 12.8450759459 13.1393026163 0.309432735522 0.580716126152 0.859086115493 1.05722222074 1.2446569125 1.84073821798 2.02984229374 0.129407034736 0.0916373399875 0.0691756486826 0.0589667508334 0.0647595406199 0.0950156982358 0.0807353324095 0.108745367781 0.229153728296 0.109221552577 0.0404447314717 0.0390590142265 0.0297682165897 0.0527365830263 318.552919124 2.14187575369 0.706146758883 0.088116628441 0.0422481720125 0.0231629098265 0.0780031421347 0.0510364534067
-9999.0 -9999.0 -9999.0 -9999.0 -9999.0 -9999.0 -9999.0 -9999.0 -9999.0 -9999.0 -9999.0 -9999.0 -9999.0 -9999.0 0.519833236498 0.989339298911 3.43702062061 0.439785785357 1.06235246625 1.53148361811 1.94373988285 0.451738256681 0.807849944329 1.2380679897 14.7529485365 0.278891311458 0.51859824918 0.769700209512 0.223289056696 0.436082987996 0.542773257269 0.690057824945 23.4165933947 23.5952511782 23.7486726523 24.5258733534 24.7171512913 25.2357768042 0.105205833008 0.249712172739 0.267113464068 26.5508132016 26.6136637617 0.0340173023166 0.0511935041691 0.0676463525044 318.55902346 2.06154093074 1.23272010528 1.17601375895 0.795516316171 0.612489977743 0.102238323496 0.0260627901648
-9999.0 -9999.0 -9999.0 -9999.0 -9999.0 -9999.0 -9999.0 -9999.0 -9999.0 -9999.0 -9999.0 -9999.0 -9999.0 -9999.0 0.543417968046 1.62726117952 5.59799576658 8.29373439957 0.381421032827 10.6631326141 13.0467738062 0.401661600748 0.752180939827 1.16540003415 18.1114368203 18.4279895862 0.200097328727 1.17707521156 1.36028682284 1.52837773952 22.048777132 22.425899588 22.6520999737 0.106434159164 0.578074085104 0.689923311581 0.261711508621 0.36787820966 25.73561963 26.1285331518 26.1990110716 26.261337997 26.663976279 0.0251092890858 0.021656294814 0.106639455372 318.564950169 0.0673441568635 0.111816924687 0.336125253475 0.143818027475 0.551854626099 0.407781312149 0.252004592642
-9999.0 -9999.0 -9999.0 -9999.0 -9999.0 -9999.0 -9999.0 -9999.0 -9999.0 -9999.0 -9999.0 -9999.0 -9999.0 -9999.0 -9999.0 -9999.0 1.12517136122 2.24099291908 9.74572875194 10.2618427101 13.4916546355 13.9442103012 0.397939507151 0.796829641628 1.82837468849 18.7589465491 19.2358439504 19.3931430688 0.119834139135 19.9974658034 20.3953355997 0.251156516494 0.109055105934 0.198294228645 0.388453528155 0.0956067132197 0.181339001734 0.367594272595 0.451240429113 0.0914744049067 0.0481016486064 0.0898215745746 27.0536653699 27.1610923571 27.1762227034 27.3481004727 318.563467732 0.0440996180642 0.0644036966814 0.0829288826544 0.0822938706501 0.085793342082 0.074734004538 0.135487281557
-9999.0 -9999.0 -9999.0 -9999.0 -9999.0 -9999.0 -9999.0 -9999.0 -9999.0 -9999.0 -9999.0 -9999.0 -9999.0 -9999.0 -9999.0 -9999.0 0.582926541458 0.56428103873 0.536188325527 1.01221339513 0.425880396246 14.8023948884 15.2103285081 0.364369579189 0.707812406619 0.318409343048 0.237860620578 0.223762804065 19.759396467 0.129205320344 0.281924350205 0.138190645495 0.111662331389 0.0953094585912 0.0648615777762 0.0698042258135 0.223448673883 0.315373460347 0.0532168413846 0.0427060791957 0.0994326703306 0.181167817814 0.240841604071 0.0669336152494 27.2211034896 27.365429033 318.55410191 0.223803890541 0.132782646898 0.0418991745183 0.115299967869 0.0341443381053 0.0273614956654 0.166243800165
-9999.0 -9999.0 -9999.0 -9999.0 -9999.0 -9999.0 -9999.0 -9999.0 -9999.0 -9999.0 -9999.0 -9999.0 -9999.0 -9999.0 -9999.0 -9999.0 -9999.0 -9999.0 0.556656675296 1.50016650064 1.90213055173 2.31972955044 15.6323124408 16.0678096319 16.4669167206 16.8399525426 17.0514085877 17.5069484276 17.6247760499 17.7408000184 17.8252041344 0.0824884230863 0.0764213875248 0.0866400476471 0.299176887403 0.0854798091615 0.0812061427776 0.0530533196475 0.155621017046 0.0687377293761 0.0463126784162 0.040932108042 0.031570864256 0.0629115482381 0.0928157316443 27.5604842421 346.326316173 0.0430135588747 0.0731378268563 0.0302659281928 0.153519810472 0.0778375379073 0.0550127308477 0.409495005314
-9999.0 -9999.0 -9999.0 -9999.0 -9999.0 -9999.0 -9999.0 -9999.0 -9999.0 -9999.0 -9999.0 -9999.0 -9999.0 -9999.0 -9999.0 -9999.0 -9999.0 -9999.0 -9999.0 0.441959793186 3.67012670843 6.964848206 7.38299949594 0.542409923668 0.926420235028 1.27359026442 1.52406655908 3.36081988426 3.45171820353 0.0871452175921 0.088739705049 18.0087192395 18.162499941 18.2308001854 0.347330706514 0.0400663440888 0.130893937346 0.186595251088 0.557704285026 0.686750772046 0.776076551355 0.0776017360426 0.106003962682 0.0374567786874 0.0760431824833 0.0407502946129 346.35897439 0.0323182134168 0.140316484041 0.0580847832952 0.224318217649 0.473122453558 0.547700181521 0.97946595231
-9999.0 -9999.0 -9999.0 -9999.0 -9999.0 -9999.0 -9999.0 -9999.0 -9999.0 -9999.0 -9999.0 -9999.0 -9999.0 -9999.0 -9999.0 -9999.0 -9999.0 -9999.0 0.513311474365 1.66371227206 3.23692694889 4.20442303758 10.3745850568 10.8583392712 0.761468639366 1.1126140759 1.39037649857 1.63822714228 3.55505383175 3.7360323062 6.51074384732 6.72024957381 6.79613870784 18.2992803433 18.8139683616 0.113755586734 0.0964769273872 0.0874990234956 0.165159607158 0.0719081839622 0.914203652842 0.957009695983 0.140457928522 0.182099398164 0.0351235284186 102.379257903 102.463184357 448.821498246 448.969464786 0.0416578863709 0.318470934813 0.0620101740869 0.0456643176302 1.05351715241
-9999.0 -9999.0 -9999.0 -9999.0 -9999.0 -9999.0 -9999.0 -9999.0 -9999.0 -9999.0 -9999.0 -9999.0 -9999.0 -9999.0 -9999.0 -9999.0 -9999.0 -9999.0 -9999.0 0.605539291895 0.586089844365 1.08484628164 2.55338865959 11.3277747201 0.403141041584 0.395266878124 0.673495610734 0.969992060157 2.29296273643 2.46760519571 0.142257104142 0.147806150293 6.92106793867 7.00059603084 25.8863498546 25.9441472332 0.0345880908379 0.0282574649578 0.0228216023708 0.023133252313 0.0284934264631 101.520184746 101.828082351 102.054693837 102.136298536 102.348992151 0.0524822006288 0.183678032445 0.209440992143 449.211516786 449.19001345 449.202311478 449.198985185 449.207865884
-9999.0 -9999.0 -9999.0 -9999.0 -9999.0 -9999.0 -9999.0 -9999.0 -9999.0 -9999.0 -9999.0 -9999.0 -9999.0 -9999.0 -9999.0 -9999.0 -9999.0 -9999.0 -9999.0 -9999.0 0.519265181155 0.552843209472 1.01285816592 13.3058375008 13.7336736257 0.380006622549 0.659705773164 0.96866171208 1.18850180852 0.181781505345 0.328512818135 27.2161928494 27.2975836991 27.3956924703 28.1774028396 54.2009762219 99.6783864412 99.774823145 99.8611881542 99.9405987906 100.379638973 100.52611509 0.275475006788 0.112915333942 0.077669290616 0.140639137887 0.0904295667761 0.149048397857 0.0464774818962 1.07043033296 1.21490054649 1.33606078826 1.34580295767 449.178075684
-9999.0 -9999.0 -9999.0 -9999.0 -9999.0 -9999.0 -9999.0 -9999.0 -9999.0 -9999.0 -9999.0 -9999.0 -9999.0 -9999.0 -9999.0 -9999.0 -9999.0 -9999.0 -9999.0 -9999.0 -9999.0 0.532386459117 1.01688562273 1.50692216677 14.1309991172 0.358690073327 18.872830784 19.2038900158 19.3849652014 19.5490735638 26.5584547169 26.7432278142 0.105580393189 0.578486182414 0.70509544513 0.116485688507 45.3881646219 45.1878799996 0.0524824904227 0.133276619054 0.372281395967 0.0876260385661 0.096285019581 0.0572490602092 0.045219769872 0.0306840330344 0.0408974960661 0.928370432315 0.974968777607 1.03756923295 0.118839648971 0.0994829358688 1.39848791225 1.41580751269
-9999.0 -9999.0 -9999.0 -9999.0 -9999.0 -9999.0 -9999.0 -9999.0 -9999.0 -9999.0 -9999.0 -9999.0 -9999.0 -9999.0 -9999.0 -9999.0 -9999.0 -9999.0 -9999.0 -9999.0 -9999.0 0.472839282147 0.442413326197 2.31537768797 17.3757267734 18.1965470388 18.5952989319 0.313575748476 6.55096582227 6.74053754576 6.84798348976 0.163180933362 0.288889106179 0.390359617203 9.92610523973 9.99949518611 10.061253888 45.0773558998 28.9180552333 0.0792229704102 0.0827345890565 0.0766296627886 0.0512517444745 0.570754733395 0.682205258491 0.774226314292 0.829902296247 0.882240286238 8.6908978686 8.72464389729 8.78426327761 8.9114811176 9.31688545337 9.32596798635
-9999.0 -9999.0 -9999.0 -9999.0 -9999.0 -9999.0 -9999.0 -9999.0 -9999.0 -9999.0 -9999.0 -9999.0 -9999.0 -9999.0 -9999.0 -9999.0 -9999.0 -9999.0 -9999.0 -9999.0 -9999.0 -9999.0 0.928823036536 1.4302352372 0.483901407619 0.41320084835 5.51356293268 5.84930583259 6.0545316005 1.97864803975 2.13915707598 2.30806723088 2.42329982987 9.74147233945 9.87182546305 5.86441829873 16.0183022924 16.0998879982 28.8640521973 0.161352028658 0.0815346634903 0.0448883797005 0.399443850299 0.471122142741 0.033262293147 0.0298351290255 8.52117257299 8.61250709098 8.65949163147 0.056837429532 0.0898695049375 9.27271369031 0.0297386745766 0.0850521895639
-9999.0 -9999.0 -9999.0 -9999.0 -9999.0 -9999.0 -9999.0 -9999.0 -9999.0 -9999.0 -9999.0 -9999.0 -9999.0 -9999.0 -9999.0 -9999.0 -9999.0 -9999.0 -9999.0 -9999.0 -9999.0 -9999.0 0.470168100803 0.927349347776 3.86743853177 4.36485797799 4.76896650934 1.57388834485 1.81694963427 0.186821892513 6.8982568815 7.05714847576 7.20470975836 0.127964887324 5.63390553956 5.77389931798 0.0868744195159 28.4279720718 0.199670402436 0.0973165413742 0.223099839652 0.305067303496 0.0515360100764 0.0367294169266 8.0495600542 8.44006658917 8.49892703495 0.0601791831127 0.112695369401 0.137577343023 0.158657955339 0.326713993961 0.0305625842223 0.0709022320679
