data/baseflow/History/mHMbfrc557
ncols                  80
nrows                 72
xllcorner      4374000.0
yllcorner      5656000.0
cellsize            500
NODATA_value       -9999
[rows 24 to 47 of 72, columns 0 to 54 of 80]
-9999.0 -9999.0 -9999.0 -9999.0 -9999.0 -9999.0 -9999.0 -9999.0 -9999.0 -9999.0 -9999.0 -9999.0 1.10298626683 3.07183561111 4.00660895721 6.82503244263 0.831224429088 1.6930024074 2.50994410647 9.56653439283 10.1976066731 10.6209130121 11.2258920893 11.9078862196 18.659832421 20.6746288503 21.6647303783 0.357881150208 2.50412522032 2.82117288729 40.5202185216 41.7788568511 42.3056612419 42.8363125202 43.3787129316 161.520968236 0.382024608127 321.61201556 0.632744142284 0.259016903268 2.82462784668 2.46335386763 0.366681265381 1.36869257748 2.00969863863 1.96568711927 1.39110003132 2.24464077664 3.5250299898 1.32738765422 3.3998405182 0.298614156889 0.422953124627 0.0938680665028 0.0748802813108
-9999.0 -9999.0 -9999.0 -9999.0 -9999.0 -9999.0 -9999.0 -9999.0 -9999.0 -9999.0 -9999.0 -9999.0 1.03499550404 2.05382168555 0.938559985875 1.88088124472 0.831239112283 6.40304250504 7.9846579939 8.8162728918 0.755314037679 1.41692807263 14.1793199225 17.4755670372 18.0709465573 1.33183693563 1.36657442031 1.94545976692 0.282727496178 0.260172596423 0.493886827466 0.267859277345 22.0268472844 22.3406542791 22.6660075331 161.910350333 324.374532667 321.933492637 0.407661429812 0.177534387619 0.160672124713 0.719770197038 0.568232639788 1.63993451057 2.38686188408 4.7931773521 0.437603388902 0.436288392209 3.89482212685 4.27399000823 8.36678306179 8.60846224623 9.13186176268 9.31020825586 0.161877322123
-9999.0 -9999.0 -9999.0 -9999.0 -9999.0 -9999.0 -9999.0 -9999.0 -9999.0 -9999.0 -9999.0 -9999.0 -9999.0 0.975623515053 1.94595640032 2.9247825053 4.66288635436 0.918746021287 0.826840542249 5.85021624827 6.59349183841 12.9313396678 13.6813942773 2.09077348276 0.71351806554 0.657406025453 0.671107814436 20.2143124973 20.6196875516 20.944357873 21.1997140294 21.7351772122 3.46358106624 3.79284327464 26.9019267925 513.391797837 1.8977575741 1.49666005157 0.6529624532 0.18337731549 0.147034276626 1.04336154451 1.16404716742 1.9229262167 0.141019871147 4.98756968147 0.720270914099 0.704390156637 0.133998175858 0.093556812291 0.0845537921717 0.109057159514 0.0858459346276 9.39656771743 119.128441513
-9999.0 -9999.0 -9999.0 -9999.0 -9999.0 -9999.0 -9999.0 -9999.0 -9999.0 -9999.0 -9999.0 -9999.0 -9999.0 -9999.0 0.933822893685 1.80419586722 2.58024923373 3.37447759711 4.20789949976 5.06458503321 2.50876564305 4.14565596509 0.74357835608 0.71027893471 16.9658160856 18.3360646304 18.9773994636 19.678765934 0.530477171458 0.944757971192 2.44177074997 2.78925809875 3.12631759974 0.387988712308 0.317011899453 514.412401608 0.399784608426 0.543949126845 0.302754965648 0.80956800931 0.363647642416 0.247583074103 3.28352840688 3.46532685464 0.132617290507 5.13929779414 5.98890063449 0.846117878878 123.723749846 123.491114169 123.297744461 122.833986672 122.62189224 119.752513454 119.569588639
-9999.0 -9999.0 -9999.0 -9999.0 -9999.0 -9999.0 -9999.0 -9999.0 -9999.0 -9999.0 -9999.0 -9999.0 -9999.0 -9999.0 0.216663079472 0.483500568426 0.800433255046 7.44256513217 8.30850716004 0.877185682866 0.849256392548 0.828840468146 14.0951907974 15.6298130645 0.731484451721 0.757881285791 0.592907647104 2.5486911634 3.18187999234 1.59826468752 1.99149747969 14.9671032445 15.4370846467 16.3239287974 25.7356010564 540.389833662 0.42054304705 0.261293408465 1.29454277453 1.05717861998 0.166379615504 0.596588883414 0.77279557921 3.66374069954 3.83262047085 10.1726981873 6.0645982819 0.949927274536 126.929552472 1.5103758006 123.105699528 122.977306266 2.68976103684 0.120762686324 0.283930401214
-9999.0 -9999.0 -9999.0 -9999.0 -9999.0 -9999.0 -9999.0 -9999.0 -9999.0 -9999.0 -9999.0 -9999.0 -9999.0 -9999.0 1.10644044228 1.8163474958 3.74592458212 6.57256539791 9.05851644811 10.8344902944 11.6984692718 12.5739489617 13.3805054588 0.743357232853 0.693662148302 1.35453666549 1.25489088229 0.67151183037 12.9983373362 13.6165458342 14.1926157183 14.7342132518 8.13391749116 8.5117192511 9.04261986949 540.600236988 0.69945811903 0.803805795063 2.24865174805 0.225964723985 0.361896671965 0.190968065022 0.162353501956 0.940046944641 0.135282619403 0.144914220623 137.929782012 127.64180527 127.49027188 0.60778316483 1.34585527408 0.858683699474 0.19043312898 2.41319284081 0.637544092251
-9999.0 -9999.0 -9999.0 -9999.0 -9999.0 -9999.0 -9999.0 -9999.0 -9999.0 -9999.0 -9999.0 -9999.0 -9999.0 -9999.0 0.775900340894 0.72409254396 1.41834892547 2.14558178226 0.88911083801 0.906591353808 1.76618840548 2.61885045792 4.20842577099 4.99179227222 5.71019155261 7.83135838947 8.51358806314 9.22362487181 0.617351868744 6.4082776593 6.94991241228 7.40179730149 0.317387504227 0.149799675642 0.316313610591 549.830399618 550.037390248 551.175178514 2.87609770979 0.457253869811 0.701994818582 0.215947497745 0.293280745144 1.07874725717 1.33338919212 0.266078272204 138.609683264 0.224101937493 0.339785811726 0.375177989036 0.283875902705 0.508050178727 0.208476928645 1.62126471553 1.20383545759
-9999.0 -9999.0 -9999.0 -9999.0 -9999.0 -9999.0 -9999.0 -9999.0 -9999.0 -9999.0 -9999.0 -9999.0 -9999.0 -9999.0 -9999.0 0.686582149911 1.35474821861 0.660500779517 1.38461930872 8.57389225614 9.37341382891 10.2148034295 0.790108207856 0.796280771652 1.49611911054 2.22673364588 3.5269123318 4.18204583593 4.55843031617 5.16724420905 0.520194682526 0.45035816594 8.12828125516 8.27221872531 8.47833917646 8.69287045386 7.24419645329 559.316658358 563.5645713 563.758119294 564.635002681 565.540803253 565.997453388 0.138599737525 1.45513607976 138.748563621 0.33220964342 0.170735026188 0.177057074539 0.163180132981 0.280145118741 0.258756915123 0.150299222823 0.225678091637 0.202513696845
-9999.0 -9999.0 -9999.0 -9999.0 -9999.0 -9999.0 -9999.0 -9999.0 -9999.0 -9999.0 -9999.0 -9999.0 -9999.0 -9999.0 -9999.0 -9999.0 2.01390520887 2.7154998844 4.82342976074 6.41597549564 0.857177677674 12.0030343138 12.7803204983 13.5288925738 0.753372220583 1.48371565717 0.663036157862 4.97155273943 5.32300515434 5.88771214505 6.47635724457 7.7797561664 7.91533625351 0.10124064783 6.39261337604 6.82795970708 7.03980061408 7.92657605254 1.16394411928 0.752777102936 0.469487540726 0.420832412017 566.569150458 566.85848621 569.452340081 138.89237942 0.905874271074 0.44960661772 0.296415257008 0.0945297993137 0.833938415648 0.435047432217 0.136071736046 0.734952936571 0.620484032001
-9999.0 -9999.0 -9999.0 -9999.0 -9999.0 -9999.0 -9999.0 -9999.0 -9999.0 -9999.0 -9999.0 -9999.0 -9999.0 -9999.0 -9999.0 -9999.0 0.719877834014 3.41927334471 4.16006993016 0.890556209149 0.869760760048 1.74307874913 2.54569132941 16.8523709855 0.753028970727 3.0156806992 3.70269511984 4.3750112221 0.372033670194 0.897716100996 1.15664668311 5.20355887886 5.69717029276 5.86995225202 0.210025695084 0.216438338119 0.257830757136 0.464899871289 0.199973483011 0.215402089707 0.395431054361 0.28616709174 0.375597488071 0.973423161793 569.712308921 709.239245433 1.18938028222 0.247540645523 0.113097945354 2.59055408344 2.3814975897 1.40113006857 1.25191142839 0.929715412899 0.219895827586
-9999.0 -9999.0 -9999.0 -9999.0 -9999.0 -9999.0 -9999.0 -9999.0 -9999.0 -9999.0 -9999.0 -9999.0 -9999.0 -9999.0 -9999.0 0.607770631482 1.98889126235 0.657908813673 0.959991730163 0.952760013222 1.83660703586 2.6933078508 3.47114066997 20.9963021583 21.7257970274 0.749376711098 1.43997289109 2.14396421281 2.62559948403 3.14062036849 4.57851792272 5.00314707326 0.260127036038 0.290855884665 0.274617522843 0.274752441713 0.392769303344 0.381925332803 0.375771445568 0.415271577418 1.39967048378 0.594985306041 0.230921578455 0.222430869743 0.221576013545 0.415294546466 717.11630854 6.49679525039 3.19878121457 0.278503569052 0.123412599395 0.0991947277339 0.34201867874 0.236475404656 0.119460463858
-9999.0 -9999.0 -9999.0 -9999.0 -9999.0 -9999.0 -9999.0 -9999.0 -9999.0 -9999.0 -9999.0 -9999.0 -9999.0 -9999.0 0.620446612893 1.23440906887 4.48865780575 0.642549571755 1.81327337471 2.74442577535 3.61881933853 0.897257557374 1.69446218535 2.45575087976 24.8142753387 0.712117622669 1.36495545126 2.05931856077 0.606684817569 1.197266228 1.46184301534 1.86417122346 46.2702616053 46.898286116 47.5876372835 50.6036854081 51.5858185224 53.7912708816 0.876701842902 1.80161297046 1.84175248897 61.2209982739 61.6572869011 0.205579456241 0.368893513113 0.525710979387 717.283268954 6.07227919156 2.51460320552 2.36458301615 2.10499811113 1.92597918842 0.455121281232 0.110402077819 0.206697364138
-9999.0 -9999.0 -9999.0 -9999.0 -9999.0 -9999.0 -9999.0 -9999.0 -9999.0 -9999.0 -9999.0 -9999.0 -9999.0 -9999.0 0.632698340604 1.93411731323 7.07172275228 10.5019274906 0.585137087309 13.8726881189 18.1641564872 0.848221306766 1.63969539888 2.42423220557 31.751392785 32.3886579049 0.610090526233 3.2973782482 3.87086559722 4.35228356833 42.4161796164 43.4254011511 44.109608771 0.353591011032 2.03716048421 2.47372090843 1.05033570619 1.5232488702 55.9174789283 58.4035140243 58.7907080794 59.1579454573 62.1072665916 0.219176150227 0.194106390768 0.879557658867 717.495000433 0.202739411094 0.0234932428188 0.132800357147 0.0671123193252 1.71612753391 1.51030918764 0.889220553981 0.630470593074
-9999.0 -9999.0 -9999.0 -9999.0 -9999.0 -9999.0 -9999.0 -9999.0 -9999.0 -9999.0 -9999.0 -9999.0 -9999.0 -9999.0 -9999.0 -9999.0 1.39517124047 2.81681389143 12.5026136386 13.2213674429 18.7969207387 19.4798930407 0.836232516064 1.67101184273 3.94288000559 32.9935188053 34.2589400885 34.7867773648 0.448476876751 36.7196349275 37.7335381017 0.668079524482 0.339009601678 0.662580068208 1.29212421141 0.31072693412 0.632775991276 1.42217688525 1.79455261894 0.34226848556 0.238387807121 0.477453063672 63.8491116 64.5103199516 64.679550307 66.0066491115 717.684836622 0.141282318186 0.0129697926021 0.0427776288343 0.0417782774096 0.043455002841 0.036320066587 0.0656084237342 0.0883235523587
-9999.0 -9999.0 -9999.0 -9999.0 -9999.0 -9999.0 -9999.0 -9999.0 -9999.0 -9999.0 -9999.0 -9999.0 -9999.0 -9999.0 -9999.0 -9999.0 0.735222655188 0.719320999545 0.714503251279 1.44608497193 0.643177403784 20.7556508269 21.3860683325 0.781090369922 1.54954348314 0.757609803882 0.643678813831 0.627629543641 35.8759810508 0.320205696088 0.638748508022 0.387247377017 0.35866284718 0.320004324486 0.258185836097 0.267694643596 0.815893212195 1.11423768967 0.224956661849 0.202197985669 0.433832669967 0.713887990579 0.91677505581 0.29986460216 64.9364293597 66.1897317134 717.828363498 0.370699726207 0.0822853998544 0.0202803911362 0.0565972176397 0.0154119064289 0.0108528419152 0.0782061659253 0.447303553378
-9999.0 -9999.0 -9999.0 -9999.0 -9999.0 -9999.0 -9999.0 -9999.0 -9999.0 -9999.0 -9999.0 -9999.0 -9999.0 -9999.0 -9999.0 -9999.0 -9999.0 -9999.0 0.71329068877 2.10143734892 2.68711709592 3.31044194623 21.9916855931 22.5930218918 23.2008683844 23.8955055344 24.5133809005 25.7987938404 26.1283763657 26.420242049 26.7234984994 0.320413037534 0.302858655009 0.315581212768 1.12095825029 0.294420788203 0.281550468614 0.227770429641 0.667070616416 0.260100510227 0.20757274645 0.193752226609 0.16375111534 0.326844232051 0.475470746645 67.1888684866 785.546429836 0.141612755071 0.291870621951 0.0149919424015 0.0638460648052 0.0213306156358 0.0218908206696 0.884816389212 0.738916600385
-9999.0 -9999.0 -9999.0 -9999.0 -9999.0 -9999.0 -9999.0 -9999.0 -9999.0 -9999.0 -9999.0 -9999.0 -9999.0 -9999.0 -9999.0 -9999.0 -9999.0 -9999.0 -9999.0 0.597575867358 4.7457728576 9.35737882462 10.0189491886 0.850757041928 1.64619775708 2.42511211571 3.09631890684 7.39261520617 7.73680517889 0.333930618753 0.329223192921 27.4598239704 28.0993796137 28.3826795203 1.34925941545 0.212547989654 0.519341435987 0.76045672462 2.24864065277 2.74707389375 3.15198275933 0.373864279419 0.526140180258 0.179779304792 0.353483097885 0.182804752262 785.90464387 0.13519688065 0.547771408333 0.164177895551 0.317763324927 1.02010372844 1.10575666843 2.05648067066 0.801737554669
-9999.0 -9999.0 -9999.0 -9999.0 -9999.0 -9999.0 -9999.0 -9999.0 -9999.0 -9999.0 -9999.0 -9999.0 -9999.0 -9999.0 -9999.0 -9999.0 -9999.0 -9999.0 0.665746884635 2.12010815528 4.15664596812 5.43335292104 13.9613566443 14.7081043872 1.6181882324 2.39513855135 3.0535638831 3.70512255258 8.07372844624 8.75075449616 15.2223122406 15.7327114662 16.1183451628 28.6711597198 30.7863996112 0.509202769335 0.326144738074 0.313492383009 0.604391125987 0.276749044191 3.67900509055 3.87598768962 0.705060246689 0.920206877074 0.275449421098 191.633740309 192.0761362 978.234269023 978.986440687 0.136085924722 0.596009187912 0.318057313691 0.260368230876 2.52774981707 3.44792302884
-9999.0 -9999.0 -9999.0 -9999.0 -9999.0 -9999.0 -9999.0 -9999.0 -9999.0 -9999.0 -9999.0 -9999.0 -9999.0 -9999.0 -9999.0 -9999.0 -9999.0 -9999.0 -9999.0 0.758239653408 0.740874832282 1.40340873115 3.33850476793 15.3283828645 0.831396497929 0.822006021253 1.49641021475 2.16650059401 5.15721921342 5.56807279014 0.276609904331 0.328783712879 16.5194598259 16.8328886154 47.9355194595 48.2527651495 0.199249689419 0.178209334675 0.15367488636 0.155091648702 0.164779071463 187.829697491 189.047639275 190.170837811 190.646069843 191.407418847 0.210227528567 0.789979410709 0.988034639233 980.349717977 980.465628545 980.582904063 980.782362893 980.961331747 3.72491500348
-9999.0 -9999.0 -9999.0 -9999.0 -9999.0 -9999.0 -9999.0 -9999.0 -9999.0 -9999.0 -9999.0 -9999.0 -9999.0 -9999.0 -9999.0 -9999.0 -9999.0 -9999.0 -9999.0 -9999.0 0.681572242514 0.712445985491 1.32570813273 17.9223969843 18.5861227577 0.809383887262 1.50191483664 2.18275031023 2.6225666015 0.373704709173 0.777114788027 41.1525320357 41.4674037075 41.7911137994 44.2499531362 92.8109237932 180.22670269 180.685794744 181.110657914 181.517762137 183.211284201 183.749435689 1.02818349487 0.471878425473 0.2688743476 0.509478099722 0.396209948874 0.619679650465 0.191470656521 4.53440996988 5.08599995101 5.50203925851 5.59337659523 981.079250508 985.06274074
-9999.0 -9999.0 -9999.0 -9999.0 -9999.0 -9999.0 -9999.0 -9999.0 -9999.0 -9999.0 -9999.0 -9999.0 -9999.0 -9999.0 -9999.0 -9999.0 -9999.0 -9999.0 -9999.0 -9999.0 -9999.0 0.696864789204 1.33815343789 1.98235891626 19.1241365226 0.685904597833 26.2116626825 26.9242018422 27.3105627887 27.7270567233 39.5017454403 39.966234916 0.357469508949 1.77843551949 2.18719942225 0.360627084375 86.9539624227 86.2984920267 0.218996823618 0.493370620652 1.32462889508 0.289862765747 0.306834445018 0.24352899284 0.211690666558 0.169592937039 0.192898975079 3.90408846891 4.10024542865 4.32746164884 0.382915256944 0.287530164962 5.74822608548 5.87764739256 5.9438655382
-9999.0 -9999.0 -9999.0 -9999.0 -9999.0 -9999.0 -9999.0 -9999.0 -9999.0 -9999.0 -9999.0 -9999.0 -9999.0 -9999.0 -9999.0 -9999.0 -9999.0 -9999.0 -9999.0 -9999.0 -9999.0 0.636585232279 0.599620182117 3.11171725308 23.5011055466 24.8161555094 25.5343397132 0.720527114495 10.8958170745 11.2234598507 11.3888984534 0.416799624668 0.820505148765 1.17741904055 19.8334313872 20.1136703682 20.3625331066 85.8341467762 52.8434849374 0.268560011926 0.281971546595 0.272021747811 0.224359553368 2.35778505432 2.82841148222 3.24670000074 3.47560212455 3.69715279886 23.4214738667 23.5901159897 23.7984053284 24.2497718948 26.5864604778 26.6793863587 32.7178831481
-9999.0 -9999.0 -9999.0 -9999.0 -9999.0 -9999.0 -9999.0 -9999.0 -9999.0 -9999.0 -9999.0 -9999.0 -9999.0 -9999.0 -9999.0 -9999.0 -9999.0 -9999.0 -9999.0 -9999.0 -9999.0 -9999.0 1.25095464599 1.91335625915 0.695681096925 0.841905487012 8.35729332875 9.10873853159 9.6828564036 4.1435753741 4.46959763806 4.84547749888 5.22379319259 19.2039362683 19.5766711485 11.7792308074 32.4543299763 32.7474239156 52.6216873995 0.583740382456 0.296339584691 0.222661869699 1.63381331583 1.91271932671 0.187871278998 0.177045704273 22.6362727642 23.0592734621 23.2652447839 0.204603446577 0.312913360299 26.137124592 0.230739820785 0.794965873355 0.869668022778
-9999.0 -9999.0 -9999.0 -9999.0 -9999.0 -9999.0 -9999.0 -9999.0 -9999.0 -9999.0 -9999.0 -9999.0 -9999.0 -9999.0 -9999.0 -9999.0 -9999.0 -9999.0 -9999.0 -9999.0 -9999.0 -9999.0 0.629743120782 1.24703805743 5.27605085279 5.98601133012 6.75310660081 3.1589518796 3.80899594958 0.351369558256 12.9547651355 13.2786403232 13.6152467642 0.360758956658 11.0798084827 11.4627082177 0.303807776013 51.1197315667 0.639500564467 0.317919421265 0.880175042401 1.17741630316 0.238173747874 0.200003201103 20.475343377 22.2455597461 22.4940175953 0.250631329322 0.580939776292 0.727560569001 0.908307811068 1.72542455202 0.291496051705 0.655777833493 0.119475786974
