data/baseflow/History/mHMbfrc383
ncols                  80
nrows                 72
xllcorner      4374000.0
yllcorner      5656000.0
cellsize            500
NODATA_value       -9999
[rows 0 to 23 of 72, columns 0 to 53 of 80]
-9999.0 -9999.0 -9999.0 -9999.0 -9999.0 -9999.0 -9999.0 -9999.0 -9999.0 -9999.0 -9999.0 -9999.0 0.864731628652 0.816515692103 -9999.0 -9999.0 -9999.0 -9999.0 -9999.0 -9999.0 -9999.0 -9999.0 -9999.0 -9999.0 -9999.0 -9999.0 -9999.0 -9999.0 -9999.0 -9999.0 -9999.0 -9999.0 -9999.0 -9999.0 -9999.0 -9999.0 -9999.0 -9999.0 -9999.0 -9999.0 -9999.0 -9999.0 -9999.0 -9999.0 -9999.0 -9999.0 -9999.0 -9999.0 -9999.0 -9999.0 -9999.0 -9999.0 -9999.0 -9999.0
-9999.0 -9999.0 -9999.0 -9999.0 -9999.0 -9999.0 -9999.0 -9999.0 -9999.0 -9999.0 -9999.0 -9999.0 1.69733702162 3.95929437585 0.683997901303 -9999.0 0.614547673972 -9999.0 -9999.0 -9999.0 -9999.0 -9999.0 -9999.0 -9999.0 -9999.0 -9999.0 -9999.0 -9999.0 -9999.0 -9999.0 -9999.0 -9999.0 -9999.0 -9999.0 -9999.0 -9999.0 -9999.0 -9999.0 -9999.0 -9999.0 -9999.0 -9999.0 -9999.0 -9999.0 -9999.0 -9999.0 -9999.0 -9999.0 -9999.0 -9999.0 -9999.0 -9999.0 -9999.0 -9999.0
-9999.0 -9999.0 -9999.0 -9999.0 -9999.0 -9999.0 -9999.0 -9999.0 -9999.0 -9999.0 0.802313607447 0.744576541965 0.780393612215 0.770238967454 5.37697684658 6.0287659982 1.70437423521 0.544282521037 -9999.0 -9999.0 -9999.0 -9999.0 -9999.0 -9999.0 -9999.0 -9999.0 -9999.0 -9999.0 -9999.0 -9999.0 -9999.0 -9999.0 -9999.0 -9999.0 -9999.0 -9999.0 -9999.0 -9999.0 -9999.0 -9999.0 -9999.0 -9999.0 -9999.0 -9999.0 -9999.0 -9999.0 -9999.0 -9999.0 -9999.0 -9999.0 -9999.0 -9999.0 -9999.0 -9999.0
-9999.0 -9999.0 -9999.0 -9999.0 -9999.0 -9999.0 -9999.0 -9999.0 -9999.0 0.75337656142 1.55311399757 3.07877427434 1.49414433501 0.722061916081 1.42793013194 6.6895548519 9.63099105051 0.610602545823 -9999.0 0.74159666934 -9999.0 -9999.0 -9999.0 -9999.0 1.17290172752 0.600519571548 -9999.0 -9999.0 -9999.0 -9999.0 -9999.0 -9999.0 -9999.0 -9999.0 -9999.0 -9999.0 -9999.0 -9999.0 -9999.0 -9999.0 -9999.0 -9999.0 -9999.0 -9999.0 -9999.0 -9999.0 -9999.0 -9999.0 -9999.0 -9999.0 -9999.0 -9999.0 -9999.0 -9999.0
-9999.0 -9999.0 -9999.0 -9999.0 -9999.0 -9999.0 -9999.0 -9999.0 0.873844247318 2.43359910768 3.14758156182 3.87544901261 5.28600438838 0.686143914954 2.76340626987 3.42014502126 14.2608323081 0.593825990222 0.551014199479 1.37479607052 1.99561712254 0.651709276086 -9999.0 3.01271213748 2.47354143702 0.669127795951 -9999.0 -9999.0 -9999.0 -9999.0 -9999.0 -9999.0 -9999.0 -9999.0 -9999.0 -9999.0 -9999.0 -9999.0 -9999.0 -9999.0 -9999.0 -9999.0 -9999.0 -9999.0 -9999.0 -9999.0 -9999.0 -9999.0 -9999.0 -9999.0 -9999.0 -9999.0 -9999.0 -9999.0
-9999.0 -9999.0 -9999.0 -9999.0 -9999.0 -9999.0 0.893039997441 0.780224076558 0.74456004631 0.761791061733 0.768729132529 5.43751163011 11.4724248556 12.2050794553 12.8080589574 0.590116230812 15.4556407039 16.0389039959 1.17426182715 0.627747853767 2.60374262247 4.51380599465 0.607810171433 4.86009476042 0.621330009242 0.623390468573 0.639537738754 -9999.0 -9999.0 -9999.0 -9999.0 -9999.0 -9999.0 -9999.0 -9999.0 -9999.0 -9999.0 -9999.0 -9999.0 -9999.0 -9999.0 -9999.0 -9999.0 -9999.0 -9999.0 -9999.0 -9999.0 -9999.0 -9999.0 -9999.0 -9999.0 -9999.0 -9999.0 -9999.0
-9999.0 -9999.0 -9999.0 -9999.0 -9999.0 -9999.0 1.78902966433 2.6092736279 5.80963005719 8.01243821737 0.665449559754 0.720116752051 0.685464353339 1.96636963909 15.3567170054 0.550077843348 16.6057369963 18.8943727947 1.74554709342 1.18047973285 5.08031900729 0.621100768114 5.46659933351 1.14198921521 0.562023913066 1.16158007323 1.26903499574 0.654851218727 0.689829560541 0.667326345666 0.720314351011 1.43997384211 -9999.0 -9999.0 -9999.0 -9999.0 -9999.0 -9999.0 -9999.0 -9999.0 -9999.0 -9999.0 -9999.0 -9999.0 -9999.0 -9999.0 -9999.0 -9999.0 -9999.0 -9999.0 -9999.0 -9999.0 -9999.0 -9999.0
-9999.0 -9999.0 -9999.0 -9999.0 -9999.0 0.9930509018 1.90446488837 0.903350102056 1.71244854956 8.8358229646 10.2717693679 11.7192240394 38.5421815795 0.651560610144 15.9870061167 59.7866486593 60.2820850839 80.0401158597 0.534643526934 1.73340769904 5.64956636549 0.561889882753 11.9955948009 5.94110447393 3.59494749062 3.02073724212 0.619723732724 1.95629944185 2.00119190943 1.33081326583 0.642201191359 2.10449661172 0.630678024454 0.617072738521 -9999.0 -9999.0 -9999.0 -9999.0 -9999.0 -9999.0 -9999.0 -9999.0 -9999.0 -9999.0 -9999.0 -9999.0 -9999.0 -9999.0 -9999.0 -9999.0 -9999.0 -9999.0 -9999.0 -9999.0
-9999.0 -9999.0 -9999.0 -9999.0 -9999.0 0.995246867617 2.87975589503 5.7113594663 6.56042900896 12.8542609072 13.6372716722 16.1040816962 26.1851602792 40.6298692128 42.023805197 42.6512019382 1.1332591252 82.089866308 83.1609557404 86.0927377778 106.031220134 13.741997215 12.6126586053 4.20081959197 0.593205058553 3.65875753729 2.50659809455 0.520604524184 2.58329886638 0.586396004806 1.21370933322 3.31747857771 3.9267912212 1.21354021254 0.57398669232 0.576960992316 -9999.0 -9999.0 -9999.0 -9999.0 0.567600054887 0.506809076609 -9999.0 -9999.0 -9999.0 -9999.0 -9999.0 -9999.0 -9999.0 -9999.0 -9999.0 -9999.0 -9999.0 -9999.0
-9999.0 -9999.0 -9999.0 -9999.0 -9999.0 0.962673259855 0.902528694556 3.70868576129 4.57558802242 5.47274751707 0.840166980919 1.66104174317 9.4747124109 1.64622096282 0.769230211991 0.66890056052 0.585497420828 0.664002770601 0.633174653553 0.661922808205 106.622143932 108.323155427 0.556375119366 1.72257544332 1.18004850322 4.2020789142 1.05536496467 0.496176748661 3.16601372385 1.16331707399 2.84171974169 6.86803024852 6.30522651911 1.77664199126 1.6923581013 0.601199423763 0.593060835426 -9999.0 -9999.0 0.591314828663 1.19557198927 2.76783537375 0.537368043408 -9999.0 -9999.0 -9999.0 -9999.0 -9999.0 -9999.0 -9999.0 -9999.0 -9999.0 -9999.0 -9999.0
-9999.0 -9999.0 -9999.0 -9999.0 -9999.0 -9999.0 0.984279446914 0.956507756172 1.83430069423 2.72665176311 6.1852821236 7.88610423028 8.7248283655 0.8462292625 0.658179252307 8.96400316777 10.9352873913 11.5428598833 14.1707943159 14.7640987871 0.590705908138 108.919455192 111.749280084 2.25026577642 0.442205717317 4.70107985024 10.363175615 4.14650294677 1.0400881329 0.534026823565 10.801956464 7.42892629195 0.500492080546 0.496769932365 2.20125768694 1.75461884473 0.532201060992 0.486320176487 0.573160202861 1.14835965487 0.542402684695 3.36840824094 3.86051070821 0.442199794243 -9999.0 -9999.0 -9999.0 -9999.0 0.519116875399 0.481837287513 0.201373587087 -9999.0 -9999.0 -9999.0
-9999.0 -9999.0 -9999.0 -9999.0 -9999.0 -9999.0 -9999.0 0.92708864846 0.834373325516 1.75605922552 2.6466520389 0.856073258717 0.731494104035 4.73746860602 6.18539960534 7.67335772915 0.685788971789 1.3789864969 0.680466974919 15.3864706135 34.2396498904 34.8026260971 147.700409464 0.561397034458 1.272580809 0.396120413768 10.8333089508 0.509345322357 1.582805345 0.514039369397 11.3112863831 11.8239844809 1.00864938617 0.998573801238 5.62407195613 2.85451251497 1.01799481466 0.532181624498 1.13949309081 1.7055895695 2.74043515253 0.475595016005 4.73270837367 5.16460715606 0.390884337088 0.426247690503 0.440779739598 0.394189071641 0.374193572883 1.39830332636 0.60884847921 0.404119318013 -9999.0 -9999.0
-9999.0 -9999.0 -9999.0 -9999.0 -9999.0 -9999.0 -9999.0 -9999.0 1.75198229506 2.53052836217 0.848216968367 1.73238968498 2.51447175699 4.0659687431 0.802603633163 0.770354715477 0.664993309443 0.671658896781 0.602188205278 17.5901593572 0.695291208282 1.3522434283 149.688899169 151.022761334 0.542019653582 2.35620969065 13.6565069265 1.01505302276 2.0315492358 0.921374822995 1.35185422613 13.7220513442 1.46099491011 8.03338902139 6.60373414996 0.504559665355 2.59896438577 1.06509698492 1.64641031096 0.495739853215 3.18597005928 4.07466550749 4.45091324768 4.80454227589 6.64618027605 0.751010196995 0.784769584895 0.708913185362 0.666492554574 1.72207118021 0.333158288302 1.35883760932 1.67335171784 -9999.0
-9999.0 -9999.0 -9999.0 -9999.0 -9999.0 -9999.0 -9999.0 -9999.0 0.924576986183 4.35693166512 5.18048837279 0.823364955683 1.60292101912 0.777661960797 0.709024557943 0.697017490242 8.74086886591 11.5457448343 14.2320601547 16.9805679579 0.672695923958 0.672905942391 0.672941356896 154.036115817 155.507881058 156.066182399 18.2630373124 4.02334775649 3.49987328279 0.40095717175 1.75838539945 15.9058199028 0.418156084765 8.45858839308 0.499702779547 3.44829062731 3.14443071115 0.521314089978 2.15260635812 0.996345752437 1.48192507349 0.40876547843 0.343992884227 5.15290563353 5.47457545622 6.96693312287 1.12577326084 1.03114086392 0.973923413464 2.07521294002 2.75207384706 0.337754003899 2.00815019078 0.376877782195
-9999.0 -9999.0 -9999.0 -9999.0 -9999.0 -9999.0 -9999.0 -9999.0 -9999.0 0.951921252705 6.05580891625 6.86351141929 2.38918963206 3.92196347035 5.32992020425 6.03221612043 0.720873453352 2.15389505995 1.43175397748 0.740789679097 0.7270434569 0.651869560257 1.29403091796 2.20723305791 0.757906564236 175.690184376 176.234738764 0.511438732224 0.362399678544 0.843941316704 1.26231430036 17.1374955225 0.819721171225 8.82090527849 5.33442989082 4.4164932647 0.492026872114 0.996018662784 2.60513832987 0.452688604209 1.91545444874 0.815838424512 0.563439952237 0.245128983837 6.27800700447 13.507063637 1.36463692725 1.27403996067 1.25057138002 0.278439462098 3.03075679475 0.269927096831 2.63091176201 0.327829813998
-9999.0 -9999.0 -9999.0 -9999.0 -9999.0 -9999.0 -9999.0 -9999.0 -9999.0 -9999.0 0.792330092743 8.45585542312 0.778374080811 1.52860139494 2.20034123685 3.52700910367 0.681012222015 1.41818850314 0.69664803853 0.642741584686 0.614076579344 1.21088067941 0.543366060526 0.604859722272 1.2048432589 0.681386306001 176.842486131 177.902368093 179.361505537 1.68479099861 0.443617186361 0.884748704367 17.600454145 16.2683655651 6.28060809883 0.467342604087 1.95407133697 1.47065240693 3.05912762409 0.903065946062 3.59958702707 1.23644478242 0.890103326452 0.197955980562 0.269782758822 13.8596718549 14.1675213648 17.0642722915 2.1296863606 0.578327114191 3.33645018335 3.90446055736 6.80470654315 0.635492377105
-9999.0 -9999.0 -9999.0 -9999.0 -9999.0 -9999.0 -9999.0 -9999.0 -9999.0 -9999.0 -9999.0 0.479258801238 9.47339663455 0.715905661123 1.38021162504 6.22585274112 0.674636990845 0.664858575091 0.585960360193 1.27586626569 0.657430839964 2.50407149108 3.58123054319 4.06164132898 1.64742672133 2.09123309506 0.51723276167 0.634910217518 0.632237660942 182.110704399 183.423120423 17.9807102703 17.0342234796 16.654244927 0.776683768187 0.372697586382 2.37801456588 6.28669934898 3.48568110236 1.32256580294 5.31674586466 1.90262641923 1.53464654689 0.386001582282 0.17234561073 0.143920274348 0.171974004989 18.0210859809 21.0595366264 0.281419120935 0.253654992227 0.28223944462 7.0939074204 8.00492913584
-9999.0 -9999.0 -9999.0 -9999.0 -9999.0 -9999.0 -9999.0 -9999.0 -9999.0 -9999.0 -9999.0 0.447838284369 10.532707792 12.8513693326 0.676463453785 7.56430002125 0.615996541721 0.584308800167 1.22196681746 3.14840522638 0.634874655004 0.670876477601 0.538571699792 5.11102051956 5.61222870395 8.24245674901 9.20094139623 9.69618021642 10.1913323116 10.744453752 194.715779325 213.579885396 231.425130562 231.830567018 0.352743313363 0.38354553724 7.13946703235 6.71627983157 0.417918479421 0.418829112212 5.73176230721 8.03510823409 0.313973910751 3.77642463313 3.51478429226 0.880656405498 0.408081327577 0.695238169114 0.361352500894 21.646305831 0.299105253305 0.807338115804 1.03328291683 9.78017106664
-9999.0 -9999.0 -9999.0 -9999.0 -9999.0 -9999.0 -9999.0 -9999.0 -9999.0 -9999.0 -9999.0 0.870480911186 1.63393095252 13.5934618598 14.9092109683 0.649516457465 8.81728094533 0.532402645575 1.65488158165 3.71980290681 1.22638647866 0.588230978354 1.16400363471 0.45044367711 0.887494391214 0.466420659392 0.425330087686 0.360011440193 0.319592277738 0.281135027248 0.26992517855 0.373003986081 0.443225105933 0.555668857421 233.18015736 8.54504810837 7.83414303537 0.32216587988 1.18846104162 0.361044629651 0.332523819374 8.39552172102 13.2622285912 4.18044997981 3.14639378199 0.537767447734 0.223307984205 0.198552709012 0.467321484326 22.408290484 22.9616033578 0.290556824289 0.299412181833 0.250964033792
-9999.0 -9999.0 -9999.0 -9999.0 -9999.0 -9999.0 -9999.0 -9999.0 -9999.0 -9999.0 -9999.0 -9999.0 0.721278828112 10.0743482397 25.6976405549 27.7774917162 37.2011455491 37.8222171703 8.38292971093 6.14641923903 1.82560174448 0.578495114957 2.29757706565 2.82231391777 4.18997296963 0.962751083814 0.878976340248 0.825181540902 1.59166936805 0.717682823498 0.68199081201 0.359486166569 0.252019994433 0.25048858025 233.617951174 242.444055337 242.85929946 0.338152627089 3.33765108672 1.48913707748 0.405833017574 14.5014837639 0.886137762562 0.461529449556 1.9105891322 0.38245972139 0.293171169196 0.563101729055 0.80704500205 1.08499447473 23.4212221889 0.217180967719 0.187957503286 0.188414420122
-9999.0 -9999.0 -9999.0 -9999.0 -9999.0 -9999.0 -9999.0 -9999.0 -9999.0 -9999.0 -9999.0 0.811916304511 7.7396483433 9.32680180222 1.42921016675 0.49429746219 1.10496637572 39.5296633964 40.0932507953 49.0952824695 0.51969837353 1.09119632568 0.471130688563 0.479777220049 4.66190409621 6.09474003211 7.39934122773 0.417794977314 2.00852178955 3.13334093114 1.80782967802 0.74812372606 0.563115640422 0.499727010819 0.504228254325 0.256396109568 243.199234819 243.472673879 247.336542309 0.649998106206 0.34383627536 14.8813459117 0.956292487884 0.487472198727 0.532479611015 0.52808524328 0.45599837853 0.774968821068 2.20151104338 3.58101476473 27.2246460847 0.16029563311 0.484914739539 0.330749440997
-9999.0 -9999.0 -9999.0 -9999.0 -9999.0 -9999.0 -9999.0 -9999.0 -9999.0 -9999.0 -9999.0 0.833472647981 5.42066413071 0.817185332088 0.69911762406 3.7878023783 4.42005553954 5.04577075523 5.63329962951 66.4107962535 66.9526420756 67.9931661134 75.6917948718 77.1333381097 77.9497840267 78.4381261126 86.8837360302 88.0338255381 88.4887884684 92.1006130588 94.3692081982 94.7581479117 96.0263672403 0.856721333058 0.768232223973 0.170701380157 0.164443314929 243.75632181 248.537762506 0.945876757576 17.3451378401 17.0247936105 1.75550140706 0.411650249143 0.413602667568 0.394632782632 0.396116897764 0.797791733076 1.13406957136 0.323316619523 27.4351411079 27.6617697854 28.669924088 28.8534300463
-9999.0 -9999.0 -9999.0 -9999.0 -9999.0 -9999.0 -9999.0 -9999.0 -9999.0 -9999.0 -9999.0 2.81326354 3.71265059917 1.68021927957 2.44422497912 0.75126504566 8.60507429494 9.25661202697 10.5477382568 11.0935402603 4.21710228859 73.0917177956 73.6434684594 0.461062959915 0.329654971027 0.304009104411 0.656809597924 0.320403827181 0.256316778381 0.242332043386 0.250252710525 95.1124240339 96.3921434561 97.6489319953 98.7498176265 99.390224401 0.283864279433 0.0883912922439 266.68891011 17.9106519532 17.6884541703 0.365513537951 0.316091520364 0.289193483221 0.708837813991 0.689401768267 0.315221936503 0.317854967757 0.292856469244 0.610093407522 0.799363344127 0.148616224736 0.269883172878 0.0977192712977
-9999.0 -9999.0 -9999.0 -9999.0 -9999.0 -9999.0 -9999.0 -9999.0 -9999.0 -9999.0 -9999.0 -9999.0 1.89960808632 0.882543132799 0.787809771247 7.29967270931 7.97660230116 0.677843725907 2.57696925494 3.18572690951 3.70579811971 0.601401585955 0.437090425685 10.7348806425 11.0987544308 11.441964225 29.658008518 29.9258290083 30.4098802894 32.8104527807 34.168687594 34.3724515122 0.218624737538 0.231624536274 0.212674321821 99.808624166 0.158053014603 269.630988009 269.354504455 2.45513650684 2.17946837301 1.34402945881 0.332279641613 0.571718794501 0.99951370303 0.982946456783 0.609964706387 0.302033959826 0.588175132334 0.590214804542 1.05660651237 0.192739125713 0.444706062733 0.722670951671
