data/baseflow/History/mHMbfrc486
ncols                  80
nrows                 72
xllcorner      4374000.0
yllcorner      5656000.0
cellsize            500
NODATA_value       -9999
[rows 0 to 23 of 72, columns 0 to 54 of 80]
-9999.0 -9999.0 -9999.0 -9999.0 -9999.0 -9999.0 -9999.0 -9999.0 -9999.0 -9999.0 -9999.0 -9999.0 1.26001627238 1.07402709418 -9999.0 -9999.0 -9999.0 -9999.0 -9999.0 -9999.0 -9999.0 -9999.0 -9999.0 -9999.0 -9999.0 -9999.0 -9999.0 -9999.0 -9999.0 -9999.0 -9999.0 -9999.0 -9999.0 -9999.0 -9999.0 -9999.0 -9999.0 -9999.0 -9999.0 -9999.0 -9999.0 -9999.0 -9999.0 -9999.0 -9999.0 -9999.0 -9999.0 -9999.0 -9999.0 -9999.0 -9999.0 -9999.0 -9999.0 -9999.0 -9999.0
-9999.0 -9999.0 -9999.0 -9999.0 -9999.0 -9999.0 -9999.0 -9999.0 -9999.0 -9999.0 -9999.0 -9999.0 2.43411728912 5.51550830517 0.915399709838 -9999.0 0.736240269915 -9999.0 -9999.0 -9999.0 -9999.0 -9999.0 -9999.0 -9999.0 -9999.0 -9999.0 -9999.0 -9999.0 -9999.0 -9999.0 -9999.0 -9999.0 -9999.0 -9999.0 -9999.0 -9999.0 -9999.0 -9999.0 -9999.0 -9999.0 -9999.0 -9999.0 -9999.0 -9999.0 -9999.0 -9999.0 -9999.0 -9999.0 -9999.0 -9999.0 -9999.0 -9999.0 -9999.0 -9999.0 -9999.0
-9999.0 -9999.0 -9999.0 -9999.0 -9999.0 -9999.0 -9999.0 -9999.0 -9999.0 -9999.0 1.14622971966 1.11391298 1.14780258316 1.10852188905 7.6453484447 8.63247336863 2.08845288075 0.665116232498 -9999.0 -9999.0 -9999.0 -9999.0 -9999.0 -9999.0 -9999.0 -9999.0 -9999.0 -9999.0 -9999.0 -9999.0 -9999.0 -9999.0 -9999.0 -9999.0 -9999.0 -9999.0 -9999.0 -9999.0 -9999.0 -9999.0 -9999.0 -9999.0 -9999.0 -9999.0 -9999.0 -9999.0 -9999.0 -9999.0 -9999.0 -9999.0 -9999.0 -9999.0 -9999.0 -9999.0 -9999.0
-9999.0 -9999.0 -9999.0 -9999.0 -9999.0 -9999.0 -9999.0 -9999.0 -9999.0 1.1238352176 2.25628480942 4.47353597301 2.21732345359 1.08018403988 2.12781820013 9.67653550359 13.4406484253 0.790613257331 -9999.0 1.1159950957 -9999.0 -9999.0 -9999.0 -9999.0 1.44371531389 0.721851843877 -9999.0 -9999.0 -9999.0 -9999.0 -9999.0 -9999.0 -9999.0 -9999.0 -9999.0 -9999.0 -9999.0 -9999.0 -9999.0 -9999.0 -9999.0 -9999.0 -9999.0 -9999.0 -9999.0 -9999.0 -9999.0 -9999.0 -9999.0 -9999.0 -9999.0 -9999.0 -9999.0 -9999.0 -9999.0
-9999.0 -9999.0 -9999.0 -9999.0 -9999.0 -9999.0 -9999.0 -9999.0 1.22094485859 3.50675923642 4.59253358391 5.68235900056 7.7420458605 1.03222508728 4.14057766488 5.16201773074 20.5804968716 1.03293511443 1.01067987754 2.13555021667 3.12540501392 1.02062792311 -9999.0 3.92714176524 3.19815091932 0.917590140677 -9999.0 -9999.0 -9999.0 -9999.0 -9999.0 -9999.0 -9999.0 -9999.0 -9999.0 -9999.0 -9999.0 -9999.0 -9999.0 -9999.0 -9999.0 -9999.0 -9999.0 -9999.0 -9999.0 -9999.0 -9999.0 -9999.0 -9999.0 -9999.0 -9999.0 -9999.0 -9999.0 -9999.0 -9999.0
-9999.0 -9999.0 -9999.0 -9999.0 -9999.0 -9999.0 1.23962266079 1.1352938018 1.11507856791 1.12610189248 1.13232454078 7.94884102666 16.7721469122 17.8458797021 18.7280897526 0.816099612833 22.4160038969 23.4020265864 1.98242878803 0.99543027324 4.098218016 7.11082507331 1.03759799167 7.061000474 1.05485878257 1.08076195487 1.08173162926 -9999.0 -9999.0 -9999.0 -9999.0 -9999.0 -9999.0 -9999.0 -9999.0 -9999.0 -9999.0 -9999.0 -9999.0 -9999.0 -9999.0 -9999.0 -9999.0 -9999.0 -9999.0 -9999.0 -9999.0 -9999.0 -9999.0 -9999.0 -9999.0 -9999.0 -9999.0 -9999.0 -9999.0
-9999.0 -9999.0 -9999.0 -9999.0 -9999.0 -9999.0 2.46218905288 3.61904316436 8.15840771404 11.4618226191 1.04232169756 1.06015480393 1.02641134473 3.02496999879 22.7129069134 0.872426238124 24.3792804221 28.0230613764 2.86826871728 1.93718804339 8.05527290286 0.996721741438 8.04305102346 1.99210335679 1.00858946062 2.07658590256 2.13432769683 1.06360291665 1.04790395509 1.03567595761 1.06772385659 2.14514329058 -9999.0 -9999.0 -9999.0 -9999.0 -9999.0 -9999.0 -9999.0 -9999.0 -9999.0 -9999.0 -9999.0 -9999.0 -9999.0 -9999.0 -9999.0 -9999.0 -9999.0 -9999.0 -9999.0 -9999.0 -9999.0 -9999.0 -9999.0
-9999.0 -9999.0 -9999.0 -9999.0 -9999.0 1.25845322915 2.46452530937 1.18663362944 2.32905361359 12.616827539 14.7770944694 16.9133320158 52.4124682904 0.989416952653 23.7252651686 83.5604338101 84.2603666079 113.447621258 0.733216448383 2.87742288237 9.00715081618 0.947411100226 19.1726513014 10.1687787649 6.22869060032 5.23018614749 1.03834955861 3.146212288 3.07507724959 2.0546966177 1.01115307464 3.18261522217 1.01549544882 1.01015967383 -9999.0 -9999.0 -9999.0 -9999.0 -9999.0 -9999.0 -9999.0 -9999.0 -9999.0 -9999.0 -9999.0 -9999.0 -9999.0 -9999.0 -9999.0 -9999.0 -9999.0 -9999.0 -9999.0 -9999.0 -9999.0
-9999.0 -9999.0 -9999.0 -9999.0 -9999.0 1.25226561291 3.66050287558 7.31334073224 8.448992926 16.7077194335 17.7990339918 21.1709851514 34.492207926 55.1091885404 57.1013079177 58.0332328065 1.79613425799 116.588827773 118.143150596 122.843758726 154.879690526 22.0583980929 20.1554050976 7.20880952335 0.963835959969 6.11452009188 4.13968066698 0.979988213719 4.03735950575 0.913396845903 1.8553853976 5.10649242552 6.09054879894 1.99125487094 0.981705731432 0.978536513137 -9999.0 -9999.0 -9999.0 -9999.0 0.794274402788 0.685061796022 -9999.0 -9999.0 -9999.0 -9999.0 -9999.0 -9999.0 -9999.0 -9999.0 -9999.0 -9999.0 -9999.0 -9999.0 -9999.0
-9999.0 -9999.0 -9999.0 -9999.0 -9999.0 1.22778401105 1.1833325296 4.82630546242 5.96941379978 7.14229582866 1.13960860398 2.26599218879 12.5640662383 2.17425629054 1.08884856507 1.04307473484 0.970842329403 1.01860275852 0.982560991452 1.02525397668 155.875304978 158.721819021 0.937814992265 2.85508649021 1.92370088812 7.06684087287 1.95431318179 0.960241204034 5.03097555689 1.78055153634 4.2396088978 10.8478291816 10.031096228 2.96977852067 2.95320609304 0.98388023529 0.982033407551 -9999.0 -9999.0 0.975836023163 1.76044187321 3.87229976922 0.718648851822 -9999.0 -9999.0 -9999.0 -9999.0 -9999.0 -9999.0 -9999.0 -9999.0 -9999.0 -9999.0 -9999.0 -9999.0
-9999.0 -9999.0 -9999.0 -9999.0 -9999.0 -9999.0 1.23856167819 1.23583831413 2.40767267662 3.57732587207 8.10793349837 10.3910417098 11.5016095066 1.1005743779 1.00768447487 12.8838297807 15.9649271009 16.9625639267 21.0009839644 21.9745292281 0.968862686076 159.687766386 164.289789059 3.65540748116 0.568272394337 7.90105742172 17.7152567655 6.94071916835 1.85851323578 0.919183508427 16.8832889714 11.7770942698 0.925730617492 0.927671901625 3.88841301143 2.90724090329 0.951771162403 0.973570776154 0.953591084347 1.91513702191 0.935709350047 4.72638881456 5.65595810588 0.920802900196 -9999.0 -9999.0 -9999.0 -9999.0 0.989172614538 0.959628126779 0.257808134215 -9999.0 -9999.0 -9999.0 -9999.0
-9999.0 -9999.0 -9999.0 -9999.0 -9999.0 -9999.0 -9999.0 1.2399258659 1.07938628291 2.2531286561 3.4166565176 1.15331673571 1.04809874474 6.56532483376 8.71043184537 10.875536994 1.04302098249 2.04856202472 1.0163924441 22.9475135629 50.8281471085 51.63707544 217.819292362 0.938620836094 1.75429871548 0.559850659825 18.6396642823 0.928656075694 2.78915185104 0.914409447531 17.8079165766 18.7282361478 1.84935742197 1.83616668856 9.63774364813 4.80786120043 1.92533456888 0.972046321566 1.9100574677 2.8592788528 4.71655605129 0.932088867384 7.54097318887 8.4793851532 0.887590154775 0.921382499204 0.936686019411 0.893848620099 0.867501394939 2.86141654952 1.09909701718 0.721457964026 -9999.0 -9999.0 -9999.0
-9999.0 -9999.0 -9999.0 -9999.0 -9999.0 -9999.0 -9999.0 -9999.0 2.24666725451 3.27770856634 1.13165355054 2.28017906285 3.38112173569 5.56770961453 1.1108526509 1.08858697299 1.00003543307 1.01543117682 0.971230214567 25.9250947665 1.01019114412 1.99811103384 220.790495378 223.400545052 1.31725666442 4.34712605564 23.9623867376 1.82466653791 3.65938218468 1.77920376728 2.63991335305 22.3267914017 2.72502895436 14.1354002607 11.4239435496 0.886787069138 4.72101693074 1.89080706648 2.81972126318 0.908420396804 5.64304017145 7.525793953 8.39797039405 9.24726830723 11.9202999572 1.72894818698 1.76848694149 1.69542056204 1.63870642483 3.69604587229 0.812366977341 2.64336473981 3.41206625594 -9999.0 -9999.0
-9999.0 -9999.0 -9999.0 -9999.0 -9999.0 -9999.0 -9999.0 -9999.0 1.18528355695 5.61403192863 6.72801197827 1.11777855299 2.2107580053 1.09364700269 1.05297593614 1.03494101317 12.7423271668 17.0355833983 21.1123058711 25.0851496528 1.03921676039 0.998295727486 1.25261888184 228.427127254 231.253941175 232.601717299 32.6795259144 7.40093292273 6.39400973947 0.883849287397 3.5148257622 26.7123592402 0.882004005634 15.0125065913 0.892098241141 6.02938364551 5.64252249948 0.910769032927 3.7216673795 1.8084688024 2.69953357356 0.937551716013 0.836387488323 10.0911899475 10.8977906546 12.7253088172 2.59723253637 2.50463043071 2.43712608592 4.5278341258 6.15592416875 0.810924013812 4.19059403308 0.787017978579 1.53476735066
-9999.0 -9999.0 -9999.0 -9999.0 -9999.0 -9999.0 -9999.0 -9999.0 -9999.0 1.17828012214 7.85827086024 8.96192876842 3.30640270902 5.49386396466 7.60143826673 8.65769477773 1.06317772729 3.283089459 2.15261641238 1.06054053997 1.06348652537 0.998680262136 2.04726279922 3.68753965884 1.52737975467 268.105608619 269.447440234 1.25931233902 0.942819587325 1.73934454303 2.59516984888 29.2926203108 1.72841328013 15.8487383817 9.38239100543 7.65841663209 0.892302943397 1.79304537051 4.59072778985 0.864628547447 3.55235669078 1.79064890952 1.45975442421 0.586672679782 12.8665531551 26.3285559955 3.29582136387 3.21226476598 3.19578394364 0.747853475681 6.89902097398 0.733664370345 5.72607133078 0.741684437817 2.28006503663
-9999.0 -9999.0 -9999.0 -9999.0 -9999.0 -9999.0 -9999.0 -9999.0 -9999.0 -9999.0 1.09555852114 11.1729286735 1.0952465458 2.19287937521 3.22907432105 5.34087950011 1.0915195657 2.22665765598 1.09842528611 1.07594230475 1.02706134335 2.0409423008 0.976004614683 1.17952221799 2.56330196335 1.45857066243 270.795567494 273.367714503 276.931045615 3.60723607977 0.856724342248 1.70751841237 30.1551224479 29.4978388858 11.1341998729 0.8697730511 3.55591063027 2.67350968756 5.46178360083 1.73311652975 7.05591914795 2.64392046536 2.25350019313 0.410705499495 0.610536179065 27.1455841246 27.9330548105 35.1751791438 5.4932346524 1.52234237441 7.67907427004 9.17544815994 15.6217863163 1.47916545994 0.705476974386
-9999.0 -9999.0 -9999.0 -9999.0 -9999.0 -9999.0 -9999.0 -9999.0 -9999.0 -9999.0 -9999.0 0.546366202127 12.347774735 1.0222900892 2.04471142998 9.47835881289 1.08597411987 1.08586830713 1.00561420655 2.08962217518 0.983606227528 4.00774128104 5.93821904149 6.87459797825 3.54876122799 4.72370464765 1.31267711364 1.40506558421 1.30789993231 282.610300483 285.290895777 30.9927825208 31.1388663436 30.3207549757 1.6797009085 0.832430695397 4.39178822757 11.5318966939 6.30590765426 2.57540255861 10.4617649911 4.39704395491 3.58647890424 0.803065836393 0.361334257257 0.378929570618 0.474645238326 37.3104069245 45.0831917878 0.740079712774 0.712486201637 0.729813656153 16.3328170236 18.4928127468 1.31545120921
-9999.0 -9999.0 -9999.0 -9999.0 -9999.0 -9999.0 -9999.0 -9999.0 -9999.0 -9999.0 -9999.0 0.520327158551 13.6322964835 16.8483274597 1.0244776016 11.5178454507 1.03042542934 1.01247202551 1.97945936427 5.04816795015 0.975258561931 1.00200216084 0.939445233523 8.77643432383 9.7107769693 15.372093309 17.6383962199 18.7308842394 19.9678020774 21.142072615 307.678160098 340.761852492 373.983034912 375.007152327 0.956842166435 0.842890180107 13.2048869924 12.3746860481 0.831666223801 0.815162202818 11.2159902217 16.4427987387 0.730466501767 7.19043583893 6.61889625514 1.6705659876 0.906337865561 1.44282607299 0.79700270225 46.5899205193 0.757654414018 2.15234553494 2.81514098291 23.0979442514 24.7596680982
-9999.0 -9999.0 -9999.0 -9999.0 -9999.0 -9999.0 -9999.0 -9999.0 -9999.0 -9999.0 -9999.0 1.12743600382 2.18501011298 17.8932632244 19.8593842682 0.988268229721 13.532187121 0.955373970807 2.89187221952 5.98595288351 1.91051454006 0.93376954475 1.91072591817 0.909033009206 1.77019789797 0.859118731657 0.788868580731 0.622042212058 0.546228821549 0.558181688341 0.617783526477 0.857178380409 1.0753311956 1.26398057716 378.289860456 17.2264174437 15.2968149944 0.990286851583 2.45623688868 0.613522151163 0.483775448795 17.2351600874 26.799051601 8.0283782443 5.86133250994 0.896554223266 0.417991359915 0.393101456424 1.07625082855 48.4331747619 49.9255604684 0.761695750065 0.764699967421 0.624461945339 0.3858644147
-9999.0 -9999.0 -9999.0 -9999.0 -9999.0 -9999.0 -9999.0 -9999.0 -9999.0 -9999.0 -9999.0 -9999.0 1.03853859953 13.2963100477 34.1685374917 37.184554818 51.6931221599 52.6639034292 13.6253409368 9.78918997096 2.85917479481 0.927752536523 3.74985922744 4.65220627141 7.28827541144 1.73980809693 1.64467899708 1.48594447861 2.88072819834 1.39858190864 1.4205921512 0.640483733558 0.393410803042 0.568069282352 379.306463944 397.06525419 398.177140505 1.05637593494 7.22599631588 2.72971966134 0.825555984906 29.3099934104 1.72464016102 0.878840301742 3.47740113824 0.721272663111 0.724778693341 1.40042938079 2.07239904507 2.79941532461 51.2965486639 0.666716664737 0.617644536376 0.617829867453 0.500202596138
-9999.0 -9999.0 -9999.0 -9999.0 -9999.0 -9999.0 -9999.0 -9999.0 -9999.0 -9999.0 -9999.0 1.09336038902 10.0961964568 12.2656167131 2.05119148905 0.589916036211 1.38273885924 55.0044363944 55.9585782257 70.5154935711 0.884533877112 1.80706216787 0.857271243287 0.868446355234 8.14674885582 10.7441354562 13.2043099379 0.814737726613 3.6972918584 5.89934151753 3.63550749849 1.43286296069 1.04486728346 0.985497591302 1.10894536588 0.716556449307 399.189443244 400.160893065 409.262349948 1.55970680841 0.785194317887 30.0442683863 1.77671814458 0.906149902247 0.936973320148 0.928503960441 0.888832108387 1.63515929239 4.92045685026 8.49331108116 60.4641359533 0.574566470038 1.71746608234 1.15353681326 1.00411056619
-9999.0 -9999.0 -9999.0 -9999.0 -9999.0 -9999.0 -9999.0 -9999.0 -9999.0 -9999.0 -9999.0 1.11441722429 6.88454283081 1.10170422347 1.01622867814 5.05594655383 5.99930126482 6.97570751332 7.90940301315 94.9693301126 95.7143758155 97.3549828813 109.417041427 111.942775302 113.387016793 114.271747477 129.108498484 131.005329584 131.800952798 138.513975136 143.001826244 143.802618851 146.210798616 1.74951415054 1.61056238406 0.418868287221 0.593031928139 401.085137309 412.680968722 2.43807519712 34.974966972 34.2111835097 3.47098475119 0.852616138401 0.8670878194 0.856752088445 0.839010595771 1.69067799744 2.51460642603 0.828060067788 61.1261796637 61.8077645866 65.3041178076 65.9148960055 67.503513736
-9999.0 -9999.0 -9999.0 -9999.0 -9999.0 -9999.0 -9999.0 -9999.0 -9999.0 -9999.0 -9999.0 3.50381078354 4.63562101659 2.18637033368 3.24291060165 1.04620294954 11.8605880646 12.8714447911 14.8594774436 15.6101887729 6.54356141263 105.144985633 105.893924951 0.773556761691 0.571906586133 0.46182584551 1.07396599533 0.49460705598 0.376316364415 0.350305259976 0.436222409577 144.399824075 146.875478223 149.404013662 151.738173827 153.848185491 1.01751460906 0.489806782792 450.19024666 36.5616123318 35.7584407767 0.797223959357 0.78385593757 0.761283284091 1.64138921212 1.63466714206 0.775499104124 0.770063404744 0.73746671556 1.55461689725 2.19170650431 0.579714948991 1.08839597148 0.421544882971 0.228341454959
-9999.0 -9999.0 -9999.0 -9999.0 -9999.0 -9999.0 -9999.0 -9999.0 -9999.0 -9999.0 -9999.0 -9999.0 2.35971946425 1.11345989002 1.05998496588 9.8657960688 10.8932192851 1.02644469482 4.03878652189 4.96864176875 5.7887632298 0.897628166748 0.828716220922 16.2767963417 17.008525434 17.6848003026 46.3658370533 46.8549729752 47.5979847436 51.6743893268 53.9131097803 54.2578079231 0.319367595004 0.333485186386 0.397368446656 155.211088439 0.613487746191 458.068305584 456.915942357 5.92164716847 5.06428590285 3.11400944036 0.777946526366 1.51994841221 2.41544995431 2.40759324684 1.53202984355 0.749648141061 1.4802455497 1.45939072643 2.86196807369 0.386281972932 1.48575544749 2.48820877544 2.96805625368
