data/baseflow/History/mHMbfrc481
ncols                  80
nrows                 72
xllcorner      4374000.0
yllcorner      5656000.0
cellsize            500
NODATA_value       -9999
[rows 24 to 47 of 72, columns 0 to 54 of 80]
-9999.0 -9999.0 -9999.0 -9999.0 -9999.0 -9999.0 -9999.0 -9999.0 -9999.0 -9999.0 -9999.0 -9999.0 1.48667939188 4.26437579535 5.62876737359 9.79541783151 1.32309754433 2.65821901258 3.93966630379 14.6563492004 15.837398031 16.9844951474 18.1738345967 19.4305275541 30.343338515 34.1017788232 36.5428376638 1.17030663865 6.18575098751 7.35485881262 76.360608197 81.4974371497 83.5396147568 85.5803989932 87.5774068346 294.513912019 0.743269823155 554.252014191 2.15172055654 1.0603671369 5.58262445047 4.64205509875 0.836185203689 2.60006410654 3.68516851135 3.65928387987 2.57000220909 4.24779235205 6.72019606138 2.4738186162 6.53969873303 0.677209721462 1.24076036431 0.489085466633 0.419635440218
-9999.0 -9999.0 -9999.0 -9999.0 -9999.0 -9999.0 -9999.0 -9999.0 -9999.0 -9999.0 -9999.0 -9999.0 1.44844390062 2.86400278333 1.36371777625 2.74567121486 1.30493946427 9.50959566652 12.0997934412 13.4092796666 1.24863521321 2.43096058508 22.2996871604 27.9941996 29.138607492 2.44767721797 2.63438609686 3.95372181078 1.12001669285 1.08684180153 2.10597186182 0.875023489555 35.0611287363 35.8727168789 36.9244490474 295.197939139 561.834665516 555.469322882 1.86174318711 0.782927651585 0.713034106024 2.42363746261 1.68563139458 3.45440179302 4.50852548042 9.00853172768 0.830593410788 0.830986832144 7.5105627609 8.32381291896 16.3276841794 16.9933224147 18.7500642495 19.6983046357 0.943991389272
-9999.0 -9999.0 -9999.0 -9999.0 -9999.0 -9999.0 -9999.0 -9999.0 -9999.0 -9999.0 -9999.0 -9999.0 -9999.0 1.40572770959 2.78811151003 4.15918528336 6.82922743678 1.39436455482 1.32065425961 8.46527080021 9.71013952478 19.9414710389 21.1595068204 3.47515041651 1.24868338487 1.20270019481 1.24838988106 29.1797882558 30.2419837271 31.3509527738 32.3894959652 34.2360943671 8.04726858735 8.85115526703 46.8419644453 904.169362446 5.5271215554 4.81638746134 2.59098699297 0.617889984664 0.607425395327 3.87264325507 4.47927425983 4.78718418678 0.658516652184 9.74040260798 1.56833490055 1.55798656435 0.584510027791 0.476675139946 0.452660513359 0.361132497553 0.455933973521 20.1435831356 283.902465792
-9999.0 -9999.0 -9999.0 -9999.0 -9999.0 -9999.0 -9999.0 -9999.0 -9999.0 -9999.0 -9999.0 -9999.0 -9999.0 -9999.0 1.3806133339 2.48970750222 3.49181679165 4.5213857192 5.83292375191 7.17062763764 3.95856041169 6.5464228231 1.22702957443 1.20683751934 23.2743439874 25.6780704778 26.8451201482 28.0755489397 1.09601959209 2.13152695844 5.21292893515 6.36974208377 7.30486425033 0.842371217609 0.709780558613 906.04855919 0.713719795811 1.28909709308 0.704454793822 2.34894226933 1.12326540122 0.640375227806 9.85680635748 10.2880095702 0.419677169751 10.1661282027 12.4190732105 2.3079406462 301.223413155 300.089048496 299.109063896 297.315796012 296.645046873 285.776720233 285.382537663
-9999.0 -9999.0 -9999.0 -9999.0 -9999.0 -9999.0 -9999.0 -9999.0 -9999.0 -9999.0 -9999.0 -9999.0 -9999.0 -9999.0 0.236344758364 0.553695943081 1.00777213217 8.53364162861 9.90183455314 1.36461724572 1.33022739209 1.29894399994 18.3685833475 20.8705543567 1.22439303571 1.24929364571 1.12573292705 4.53580786123 5.66414159478 3.29023204827 4.19401612416 25.3883775482 26.3616312329 27.9358461948 45.677640318 952.057788013 0.698468258517 0.623963765324 3.4470891988 2.89777694809 0.402625474481 1.47814036123 1.90225809418 10.7728752485 11.1975494059 24.6958014564 12.6733396197 2.63015710509 309.476631563 3.9321772269 298.202353465 297.772625145 10.1612062859 0.317825398555 1.22936361477
-9999.0 -9999.0 -9999.0 -9999.0 -9999.0 -9999.0 -9999.0 -9999.0 -9999.0 -9999.0 -9999.0 -9999.0 -9999.0 -9999.0 1.21171530447 1.97993582924 4.2343761713 7.32093401247 10.807690795 13.2656620453 14.5710703441 15.8850725898 17.1606249163 1.24616396598 1.19605568456 2.36434115713 2.27556054287 1.15739343066 21.6534770313 22.7634608955 23.8263255106 24.8362108608 15.1196438831 16.2077535636 17.0733405837 952.33521612 1.12271142306 1.65107283578 5.41746240686 0.502770762197 0.784328548207 0.391055434184 0.395647513007 2.26858333363 0.361474350468 0.389532431382 336.053192703 311.053793056 310.672760963 1.30230784688 3.39927528292 2.28208285109 0.622500172573 9.48792990943 3.02649500838
-9999.0 -9999.0 -9999.0 -9999.0 -9999.0 -9999.0 -9999.0 -9999.0 -9999.0 -9999.0 -9999.0 -9999.0 -9999.0 -9999.0 0.844407872534 0.765998184516 1.48689855196 2.30016366441 1.2721263142 1.4015636283 2.73068064193 4.06228896361 6.59491357153 7.84858450076 9.03420173546 12.6057055644 13.7303486572 14.908077018 1.13491334401 11.0459883888 12.0944494535 13.1518708193 1.00676933278 0.68151664816 1.13597575826 970.251288381 970.518366314 972.271086113 6.68969956226 0.955653664331 1.50892836745 0.524632850553 0.711847938243 2.58817283692 3.25164952941 0.716304004296 337.716885223 0.500593525781 0.713065899521 0.77786379838 0.608732182883 1.1770309683 0.520031407327 5.72887675487 4.68168467389
-9999.0 -9999.0 -9999.0 -9999.0 -9999.0 -9999.0 -9999.0 -9999.0 -9999.0 -9999.0 -9999.0 -9999.0 -9999.0 -9999.0 -9999.0 0.712217690508 1.42171106418 0.744499597026 1.56261672578 9.71819803541 10.8930955627 12.2210784155 1.26625522583 1.2640380984 2.45799022701 3.65488469542 5.87216025582 6.99791297282 7.69642001223 8.81770450699 0.98885502822 0.993126262186 15.1255295012 15.7651004923 16.1478576396 16.4941178698 13.411377423 987.090857425 996.039566814 996.354553892 998.149453179 999.932260142 1001.01187588 0.357896554973 3.56127839365 338.071885882 0.919121025967 0.46964328452 0.433902222289 0.381339015922 0.686180332582 0.715009543687 0.402033133103 0.506600715189 0.52228995867
-9999.0 -9999.0 -9999.0 -9999.0 -9999.0 -9999.0 -9999.0 -9999.0 -9999.0 -9999.0 -9999.0 -9999.0 -9999.0 -9999.0 -9999.0 -9999.0 2.11186973902 2.91147483937 5.2870796573 7.21432899306 1.07692448512 14.6459829561 15.8896259446 17.1290923886 1.21461619788 2.39616552606 1.10083846184 8.05866029383 8.70925052615 9.75225151104 10.9346520819 13.6886685073 14.1930508029 0.310659660374 12.1075591636 12.78239055 13.0862585041 14.5400616298 1.97980335587 1.29815007814 0.863051551793 0.789241886727 1002.14635812 1002.7315423 1008.6044697 338.417776211 2.40415343156 1.15048293752 0.756598375419 0.266022436174 2.16126135802 1.14663995368 0.372017537182 1.97527704167 1.64827371548
-9999.0 -9999.0 -9999.0 -9999.0 -9999.0 -9999.0 -9999.0 -9999.0 -9999.0 -9999.0 -9999.0 -9999.0 -9999.0 -9999.0 -9999.0 -9999.0 0.805118426365 3.69245917741 4.53474960989 1.14459102076 1.32781304692 2.64362373072 3.88050865193 22.2410623265 1.20304058876 4.82521580453 5.9462439354 7.04593842027 0.711347387502 1.68927612542 2.34733406344 9.52688745833 10.8771590801 11.1436174761 0.324835909002 0.353824815239 0.45403768139 0.818583404195 0.378982075233 0.414240997332 0.800456446129 0.583455181391 0.735472232858 1.94747127438 1009.13837678 1348.95624148 3.01253432372 0.465082336585 0.30805341442 6.71827786152 6.14036047166 3.60889098714 3.23898362584 2.43934291073 0.500702821617
-9999.0 -9999.0 -9999.0 -9999.0 -9999.0 -9999.0 -9999.0 -9999.0 -9999.0 -9999.0 -9999.0 -9999.0 -9999.0 -9999.0 -9999.0 0.632148337129 2.17845579718 0.732428325104 1.30196494588 1.39605691708 2.72464757843 4.01812873398 5.11857741503 28.1911797796 29.3462742043 1.18447451754 2.29626546747 3.41169866867 4.25255053196 5.22036934517 8.55243554636 9.18270940971 0.979780267399 0.625012227868 0.56543948109 0.570319116118 0.771353721282 0.722108781909 0.728369498991 0.8014692599 2.68085590535 1.16214503575 0.471168070538 0.456318961229 0.495378180617 0.951765932625 1371.02082569 18.7538632302 7.9909035102 0.562131264965 0.248559383596 0.238347281702 0.896635450163 0.639959959495 0.339922604914
-9999.0 -9999.0 -9999.0 -9999.0 -9999.0 -9999.0 -9999.0 -9999.0 -9999.0 -9999.0 -9999.0 -9999.0 -9999.0 -9999.0 0.663967658075 1.28494163792 4.8282875927 0.717577889696 2.38686896509 3.7734540358 5.12179036078 1.34687892527 2.57330751032 3.57078834052 33.7143831723 1.14032411924 2.20939605794 3.28767900805 1.03338479887 2.06295400222 3.02295598779 3.67424102117 71.1851343107 72.5230764864 73.9345725357 79.5947027621 81.5464050693 85.6784514543 1.72784648563 3.53203427564 3.5562480215 100.017421075 100.947766468 0.430633663545 0.831794164018 1.21607002531 1371.32697214 17.9240966167 9.28149979092 9.01047042066 6.50880602479 5.48988575584 1.18816791089 0.274126807363 0.577995265631
-9999.0 -9999.0 -9999.0 -9999.0 -9999.0 -9999.0 -9999.0 -9999.0 -9999.0 -9999.0 -9999.0 -9999.0 -9999.0 -9999.0 0.668535536256 2.0357285558 7.53318430998 11.037103371 0.641150851012 14.6907438987 20.6120209958 1.27813284478 2.48105034344 3.52903358 43.7140265378 44.566298561 1.0037890077 5.31703805632 6.29925822819 7.20688775605 62.7338569622 65.386149551 66.7258829186 0.65643227977 3.81319688459 4.61108411413 1.96457525604 2.80946657024 89.7022548853 94.543072362 95.2622891344 95.955657708 101.930679128 0.484141132153 0.446677265383 2.02723036056 1371.69817965 0.373034814986 0.755983200901 2.26199792562 0.797062006749 5.02690207653 3.69393514263 2.16410299859 1.58483061183
-9999.0 -9999.0 -9999.0 -9999.0 -9999.0 -9999.0 -9999.0 -9999.0 -9999.0 -9999.0 -9999.0 -9999.0 -9999.0 -9999.0 -9999.0 -9999.0 1.42322508437 2.86718274263 13.1402818298 13.9182278024 21.2907399941 22.0956113078 1.2538286134 2.5015776563 5.79711254616 45.3184841045 47.3212013748 48.2660044905 0.798794800624 51.7762189431 54.6093326803 1.73287452348 0.630211442987 1.21973303098 2.38776755012 0.584215789107 1.19334427678 2.68124218183 3.37585986182 0.647235705423 0.49918377516 1.00585603729 105.409122688 106.680107887 107.072130655 110.028955195 1372.03711198 0.264878090661 0.631976691806 0.702108884249 0.690576403191 0.699625258153 0.639758407792 1.22916875388 0.21377021326
-9999.0 -9999.0 -9999.0 -9999.0 -9999.0 -9999.0 -9999.0 -9999.0 -9999.0 -9999.0 -9999.0 -9999.0 -9999.0 -9999.0 -9999.0 -9999.0 0.741629523741 0.726588180883 0.738172378793 1.57560441018 0.70774752481 23.4893419724 24.2255321962 1.10663793587 2.25118455661 1.13736245231 1.04630421165 1.02685531707 50.2273532019 0.993519582521 2.00595943194 0.83210807774 0.638485903598 0.58555215922 0.485553311924 0.500908159156 1.52176972158 2.06801348017 0.438041003596 0.407496283586 0.867559721146 1.39848835564 1.7905258305 0.568009558977 107.583061664 110.418970434 1372.27083059 2.18352984982 1.66475345967 0.509824255626 1.12198949202 0.439533018231 0.354276059615 1.6103915257 1.10702567955
-9999.0 -9999.0 -9999.0 -9999.0 -9999.0 -9999.0 -9999.0 -9999.0 -9999.0 -9999.0 -9999.0 -9999.0 -9999.0 -9999.0 -9999.0 -9999.0 -9999.0 -9999.0 0.718970790109 2.24380888117 2.85891358949 3.53738586366 24.8826910415 25.5443125555 26.2485614896 27.1298104268 28.1320072109 30.1918461858 31.1210498025 32.0925934444 32.8444026955 0.584701551288 0.553162174984 0.573732312595 2.07848778587 0.542559529108 0.521898728566 0.435458551695 1.28830324887 0.503582998141 0.419359685403 0.394952107893 0.34380963603 0.686425146978 1.00633259516 112.497230468 1487.21132811 0.248865086277 0.569497041605 0.458188726657 1.57723322035 0.91666305101 0.712047054973 3.63401401486 1.8560751046
-9999.0 -9999.0 -9999.0 -9999.0 -9999.0 -9999.0 -9999.0 -9999.0 -9999.0 -9999.0 -9999.0 -9999.0 -9999.0 -9999.0 -9999.0 -9999.0 -9999.0 -9999.0 -9999.0 0.598825269183 4.71530508045 9.56116163743 10.294173229 1.03133022037 2.12642514196 3.26457975709 4.27146928513 10.7937057321 11.4244878523 0.604299477262 0.59272646754 34.2298910872 35.4248844423 35.9214227532 2.49153180749 0.399674301562 0.93694143287 1.38231127043 4.13769720154 5.08332808169 5.88380948015 0.746988262212 1.05618700864 0.35568777434 0.709455632656 0.365168764396 1487.87348594 0.247604298469 1.03611485551 0.764993827189 2.57541821005 4.58900478052 5.44313260535 9.21607142432 2.37122423743
-9999.0 -9999.0 -9999.0 -9999.0 -9999.0 -9999.0 -9999.0 -9999.0 -9999.0 -9999.0 -9999.0 -9999.0 -9999.0 -9999.0 -9999.0 -9999.0 -9999.0 -9999.0 0.663017982844 2.10445787925 4.12628031404 5.39944726213 14.1814892954 15.0595508732 2.33140830669 3.47516104524 4.52045501792 5.54709116672 12.2188838432 13.501803941 24.6437040699 25.573000041 26.310848404 36.4351875126 40.3269904546 0.927894509408 0.567799403338 0.550871599137 1.06743501799 0.499291416068 6.85016535406 7.23057491303 1.42342383838 1.84080788685 0.519104047703 273.13546736 273.973405939 1762.24746539 1763.57739832 0.239806490213 3.07668698944 0.392626175347 0.372042794973 10.0303804819 12.6821179889
-9999.0 -9999.0 -9999.0 -9999.0 -9999.0 -9999.0 -9999.0 -9999.0 -9999.0 -9999.0 -9999.0 -9999.0 -9999.0 -9999.0 -9999.0 -9999.0 -9999.0 -9999.0 -9999.0 0.748409046764 0.728329439983 1.38038078058 3.28112054397 15.6965630405 1.18424563647 1.16955309478 2.1871206137 3.23178705577 8.36581137196 9.28640080058 0.676266050282 0.579696544636 26.9774984449 27.5144068484 68.4212141944 69.0048352285 0.363141543727 0.326066839769 0.285985868455 0.288445615461 0.303139966619 266.157499542 268.295233827 270.488476219 271.356093419 272.717034761 0.401238609415 1.50697569845 1.91800745579 1766.14416128 1766.30042799 1766.44973403 1766.7515004 1766.98310243 13.2027323785
-9999.0 -9999.0 -9999.0 -9999.0 -9999.0 -9999.0 -9999.0 -9999.0 -9999.0 -9999.0 -9999.0 -9999.0 -9999.0 -9999.0 -9999.0 -9999.0 -9999.0 -9999.0 -9999.0 -9999.0 0.671121363376 0.700940784647 1.3025878576 18.2320014948 18.9863271496 1.15545431468 2.16960640099 3.22967593125 4.23402306395 0.945793622996 1.69109801208 48.713601422 49.2520988067 49.8488515072 53.9428740555 123.486256669 252.582007689 253.378664393 254.121891772 254.83955636 257.672731193 258.56903501 1.79518723972 0.843002243626 0.480695986601 0.922947865173 0.749640973351 1.17077723314 0.381237128637 7.78275273961 8.61614719893 9.21199543393 9.45023460702 1767.19827117 1780.80809051
-9999.0 -9999.0 -9999.0 -9999.0 -9999.0 -9999.0 -9999.0 -9999.0 -9999.0 -9999.0 -9999.0 -9999.0 -9999.0 -9999.0 -9999.0 -9999.0 -9999.0 -9999.0 -9999.0 -9999.0 -9999.0 0.680684670323 1.30394518998 1.92970403975 19.530224097 0.834631513192 27.1980548147 28.2714921812 29.2467895569 30.0350164567 45.5262049311 46.3277294172 0.574192458243 2.9387255262 3.60878960198 0.571703439103 128.285786483 127.242219429 0.367954111764 0.810789710512 2.18148099989 0.47529026829 0.504167660435 0.42520628876 0.381598466823 0.313000362616 0.359314985614 6.56338126133 6.93669475828 7.36169513518 0.476219368498 0.320599792778 9.6825155941 9.97041728725 10.1525995744
-9999.0 -9999.0 -9999.0 -9999.0 -9999.0 -9999.0 -9999.0 -9999.0 -9999.0 -9999.0 -9999.0 -9999.0 -9999.0 -9999.0 -9999.0 -9999.0 -9999.0 -9999.0 -9999.0 -9999.0 -9999.0 0.621709382748 0.583150010414 3.01809034438 23.8479108546 25.3478568224 26.1966179 1.05837638948 13.1698590477 14.1293553804 14.5760835885 0.724182156859 1.36486032586 1.93715064341 30.6105183245 31.0663092464 31.47383288 126.470100515 73.2613939866 0.436504057302 0.462451676211 0.450400659642 0.382659812364 3.7740119602 4.60843444503 5.35994167725 5.77621238546 6.18135531202 38.8095258852 39.1513956098 39.5317418001 40.3533211357 44.5297849588 44.7525132027 55.1538019103
-9999.0 -9999.0 -9999.0 -9999.0 -9999.0 -9999.0 -9999.0 -9999.0 -9999.0 -9999.0 -9999.0 -9999.0 -9999.0 -9999.0 -9999.0 -9999.0 -9999.0 -9999.0 -9999.0 -9999.0 -9999.0 -9999.0 1.21343698366 1.853349397 0.738034373019 1.16739347548 9.1475068733 10.2130730565 11.1371852314 6.04947583625 7.01508554461 7.93599240186 8.53508602515 29.6168826535 30.1835495746 20.3721840662 52.3313590437 52.7942012304 72.8733619935 0.920200363201 0.468978612461 0.358645490745 2.56020676255 3.00867071206 0.322740942468 0.30841526408 37.3943090842 38.133895337 38.5036842329 0.375198039656 0.569129223548 43.7048570286 0.443618238675 1.67584118996 1.86555885586
-9999.0 -9999.0 -9999.0 -9999.0 -9999.0 -9999.0 -9999.0 -9999.0 -9999.0 -9999.0 -9999.0 -9999.0 -9999.0 -9999.0 -9999.0 -9999.0 -9999.0 -9999.0 -9999.0 -9999.0 -9999.0 -9999.0 0.607310006639 1.20269557389 5.24354531109 6.01787615063 6.95063618625 4.10955080106 5.06645423048 1.00842529295 18.7805891897 19.6980589432 20.5207615185 0.637681363806 19.300522034 19.8810928609 0.473159552834 70.5058968901 0.99357482208 0.494118047501 1.35140186204 1.82151388738 0.387207377694 0.329562666669 33.8843599707 36.7163413893 37.1332642045 0.431118495634 1.01898623971 1.2966170452 1.6262984424 3.07861004414 0.616684239311 1.36796761739 0.291779282103
