data/baseflow/History/mHMbfrc539
ncols                  80
nrows                 72
xllcorner      4374000.0
yllcorner      5656000.0
cellsize            500
NODATA_value       -9999
[rows 24 to 47 of 72, columns 0 to 53 of 80]
-9999.0 -9999.0 -9999.0 -9999.0 -9999.0 -9999.0 -9999.0 -9999.0 -9999.0 -9999.0 -9999.0 -9999.0 0.87270893915 2.29151750078 2.94642528986 4.89547876202 0.506905597611 1.04183865883 1.51555164406 6.22657413145 6.59924941302 6.945589533 7.27264671391 7.68233028733 11.8300886326 12.9800384408 13.6152178533 0.249528866232 1.50511095733 1.76088100138 25.5333681763 26.3831721393 26.8140167288 27.2626020064 27.5678059402 107.528363762 0.2936479206 240.977411666 0.307347033381 0.152646775245 1.65305743819 1.44254631901 0.191391562547 0.788268609455 1.21907902754 1.19037786419 0.800443663075 1.3108282609 2.07111636021 0.777649754393 2.01349421184 0.147359954814 0.247703523823 0.0579578548435
-9999.0 -9999.0 -9999.0 -9999.0 -9999.0 -9999.0 -9999.0 -9999.0 -9999.0 -9999.0 -9999.0 -9999.0 0.774743033421 1.52370230035 0.677516661258 1.33465592809 0.520448452301 4.3326339572 5.28203562223 5.78081212621 0.434389447853 0.838286920237 9.1531124174 11.1442687856 11.4871339921 0.765670784444 0.758882250982 1.08886228574 0.212573335598 0.185460921019 0.345791874257 0.137873434505 15.7645523915 15.9025963899 16.0220142986 107.762843417 242.345815303 241.098877308 0.247117300823 0.132061440933 0.121923468736 0.422665405799 0.326033737333 0.959846893682 1.41543196999 2.85600979939 0.250539540638 0.248323445567 2.26425679117 2.46593186638 4.8444276485 4.96704399258 5.27940565056 5.38891600958
-9999.0 -9999.0 -9999.0 -9999.0 -9999.0 -9999.0 -9999.0 -9999.0 -9999.0 -9999.0 -9999.0 -9999.0 -9999.0 0.697083334258 1.39286440573 2.10530162018 3.22622815065 0.585358465302 0.4956729905 4.13926919121 4.57355407469 8.3630288024 8.84424779593 1.29003974183 0.402807761492 0.355448777233 0.356930972461 14.7401242777 14.9478929403 15.1610348605 15.3373503032 15.6316573657 1.98408085134 2.12995300737 18.3064732364 368.504104256 0.945911189892 0.768551431697 0.380419811147 0.102317737144 0.0923724651861 0.660193513958 0.736040516842 1.13158482683 0.0829951607277 2.95405605747 0.383680555424 0.374721706938 0.0714046144636 0.0522375246823 0.0493876182718 0.0533328064689 0.0512070882068 5.4411378265
-9999.0 -9999.0 -9999.0 -9999.0 -9999.0 -9999.0 -9999.0 -9999.0 -9999.0 -9999.0 -9999.0 -9999.0 -9999.0 -9999.0 0.639009081145 1.34230216693 1.99723259836 2.6572874223 3.15335837329 3.67521821271 1.47007830285 2.47842167897 0.464751117317 0.418535872971 12.9096829953 13.7105590678 14.0668833352 14.4587022195 0.27959173156 0.483954592208 1.31189450144 1.61492063575 1.82324179648 0.17432385454 0.204590220757 369.063992965 0.190325083048 0.272283464067 0.140955164582 0.407911083782 0.191541925885 0.115991547691 1.97309771604 2.09365893096 0.0646287781049 3.03473809842 3.50489534901 0.483372990531 83.6033841896 83.4780720969 83.371408238 83.155097143 83.0596818829 81.2515746805
-9999.0 -9999.0 -9999.0 -9999.0 -9999.0 -9999.0 -9999.0 -9999.0 -9999.0 -9999.0 -9999.0 -9999.0 -9999.0 -9999.0 0.210582645082 0.463322442071 0.668283876424 6.77415663884 7.28044780709 0.524317807397 0.49913326509 0.501682823104 11.1405997399 12.1027971668 0.458922215292 0.460140474328 0.332141341682 1.41739911907 1.77244012999 0.851045765469 1.07440075204 8.69783748524 8.92240099468 9.38820017294 14.8024724376 383.985674663 0.211895526089 0.110737550133 0.609282916861 0.508366784051 0.0904888688301 0.307312847828 0.405067079149 2.20465826486 2.29991595889 5.97376645046 3.53795648625 0.526204024804 85.2835015092 0.777290725329 83.2735905346 83.2190901456 1.70629870578 0.0756848052032
-9999.0 -9999.0 -9999.0 -9999.0 -9999.0 -9999.0 -9999.0 -9999.0 -9999.0 -9999.0 -9999.0 -9999.0 -9999.0 -9999.0 1.04792355609 1.7259990805 3.478159291 6.16792260923 7.94904011823 9.23146905409 9.72247509858 10.2329029684 10.7253663731 0.460940086975 0.389994474415 0.757991559303 0.701666881499 0.384600483758 7.58181117468 7.92259081644 8.23661326226 8.5290803811 4.60054215799 4.78906805358 5.12091953494 384.083464806 0.384681645014 0.33521999303 1.01194077945 0.0904670120576 0.242058945057 0.141390811671 0.0886041280005 0.516093661078 0.0733221809088 0.0780031754124 91.6774909466 85.6537715628 85.5814165923 0.323841047758 0.711360806943 0.431437105221 0.0807371190069 1.50386619805
-9999.0 -9999.0 -9999.0 -9999.0 -9999.0 -9999.0 -9999.0 -9999.0 -9999.0 -9999.0 -9999.0 -9999.0 -9999.0 -9999.0 0.731472041407 0.693648851751 1.36507363078 2.04996558638 0.679519997133 0.686695541084 1.22769939802 1.74402834423 2.71223608456 3.18077364111 3.56764057892 4.73228981389 5.07990211315 5.4921744448 0.359677705097 3.63003587134 3.91125985875 4.17178080421 0.226373675732 0.151000986059 0.228190366834 389.605073053 389.696476792 390.294214184 1.25273450192 0.176451015409 0.357283123607 0.0887607344984 0.158730318328 0.595817721087 0.732640315328 0.141461058504 92.0505140928 0.13867443461 0.180457613407 0.191778021739 0.169907467515 0.276817793789 0.115300137253 1.05854025926
-9999.0 -9999.0 -9999.0 -9999.0 -9999.0 -9999.0 -9999.0 -9999.0 -9999.0 -9999.0 -9999.0 -9999.0 -9999.0 -9999.0 -9999.0 0.663659785265 1.30357901281 0.621174579588 1.30491701753 7.90270928576 8.41883758155 8.89131497218 0.475266578117 0.474313094399 0.860425245242 1.26025994915 1.9368918098 2.29686333302 2.58397577721 2.93386574504 0.259082039656 0.222115249465 4.80531561499 5.00202599817 5.08760183947 5.19288882563 4.41395759653 395.136954585 397.025971358 397.062237835 397.444222568 397.762030609 397.969543112 0.0702506290937 0.796985940565 92.1106209632 0.157586335222 0.0809342796416 0.124444415006 0.122749109745 0.198959801656 0.14394320765 0.0856561699715 0.136980557177
-9999.0 -9999.0 -9999.0 -9999.0 -9999.0 -9999.0 -9999.0 -9999.0 -9999.0 -9999.0 -9999.0 -9999.0 -9999.0 -9999.0 -9999.0 -9999.0 1.93610760806 2.58193817193 4.54981858338 5.91539831072 0.700442773941 10.18047223 10.642284675 11.0586896723 0.408936402192 0.794815152635 0.335417917581 2.63564340124 2.86844250589 3.25496770909 3.66876686441 4.41571708402 4.63006716591 0.12008679461 3.94974851553 4.17802171488 4.31189347098 4.75113927748 0.559859853224 0.342080315312 0.192051363653 0.174820901916 398.172873883 398.264252593 399.588905866 92.1771192396 0.49172566315 0.268320729385 0.188430646491 0.0494318191727 0.510085110329 0.246272086427 0.0772859263256 0.424553386474
-9999.0 -9999.0 -9999.0 -9999.0 -9999.0 -9999.0 -9999.0 -9999.0 -9999.0 -9999.0 -9999.0 -9999.0 -9999.0 -9999.0 -9999.0 -9999.0 0.67565026401 3.24364705237 3.93367912704 0.706008049859 0.520731167447 1.09913888499 1.60364982406 13.1003939693 0.403041408906 1.62747963587 1.98238248048 2.32903036847 0.265796185144 0.603815787329 0.760296568262 3.07520492769 3.46712166104 3.5988120396 0.122439020767 0.0988047390165 0.107831438718 0.198179367775 0.0825845852951 0.0846342737663 0.138872476497 0.101735213456 0.135657715219 0.477134676867 399.686771399 492.148881857 0.607341132208 0.101847193075 0.0581553272188 1.53697284759 1.42659902768 0.829820458925 0.738948675054 0.541254139608
-9999.0 -9999.0 -9999.0 -9999.0 -9999.0 -9999.0 -9999.0 -9999.0 -9999.0 -9999.0 -9999.0 -9999.0 -9999.0 -9999.0 -9999.0 0.587414394123 1.88037542966 0.617410334747 0.649120845041 0.602737533619 1.14881168287 1.68754386463 2.18822571853 15.866991811 16.2504800926 0.400072390576 0.759679474414 1.124778895 1.39248779427 1.66591390228 2.64721195389 2.94006792119 0.220595892242 0.139268476352 0.116498861207 0.113088264034 0.134269991506 0.140450319234 0.134420988671 0.156234787079 0.571630124027 0.26827038067 0.167951054671 0.165813383735 0.118854750729 0.217066647373 498.171269869 5.39539661151 1.95950944849 0.251655458504 0.117450699362 0.0806314026449 0.235872711149 0.147184080544
-9999.0 -9999.0 -9999.0 -9999.0 -9999.0 -9999.0 -9999.0 -9999.0 -9999.0 -9999.0 -9999.0 -9999.0 -9999.0 -9999.0 0.611124716024 1.19323924252 4.27558026709 0.601287361648 1.32417905115 1.89504814342 2.40717070618 0.55032260172 0.996855558137 1.55893314303 18.3487250475 0.367879155808 0.695453288238 1.03248677889 0.324464466913 0.634503710817 0.833083653232 1.06235059904 30.8442904083 31.1474979777 31.4534625773 32.9748901314 33.3361975616 34.351611885 0.294890855693 0.616903951254 0.714467657682 37.6251855469 37.8976036011 0.151768271843 0.231220377492 0.309160729358 498.251920473 5.22870068298 2.9361937884 2.7957382516 2.00616528886 1.63880614233 0.311565236367 0.084145488469
-9999.0 -9999.0 -9999.0 -9999.0 -9999.0 -9999.0 -9999.0 -9999.0 -9999.0 -9999.0 -9999.0 -9999.0 -9999.0 -9999.0 0.622238889798 1.89219627849 6.79450616072 10.0892578633 0.548122426731 13.256514138 16.2620333931 0.50130464728 0.946712779164 1.4754182041 22.659186658 23.1215566518 0.300751263792 1.64261768623 1.9276221796 2.17383097912 28.6282404712 29.2530517922 29.6469611325 0.19509719533 1.09212156198 1.30622950654 0.551971580178 0.776512433345 35.4869413162 36.4550746618 36.640570493 36.814284291 38.1038156174 0.101651441994 0.0913730279477 0.482797880408 498.363628869 0.186455604425 0.219600546814 0.670115160083 0.259233504266 1.4513825359 1.13750536918 0.682220028464
-9999.0 -9999.0 -9999.0 -9999.0 -9999.0 -9999.0 -9999.0 -9999.0 -9999.0 -9999.0 -9999.0 -9999.0 -9999.0 -9999.0 -9999.0 -9999.0 1.34408580487 2.70967275493 11.9877849093 12.6659615945 16.8576604184 17.4716902801 0.495343231281 0.991551508362 2.31585435285 23.6530407972 24.3616328107 24.6268238083 0.21954782062 25.5866213554 26.2475945571 0.421109681001 0.194624016948 0.361556863114 0.719505980841 0.180401866327 0.359448663387 0.792842752454 0.986398952456 0.197066865078 0.131129807769 0.25588645274 39.0377022448 39.2996885786 39.3750088613 40.0898263501 498.453593873 0.137037087523 0.140378163391 0.184958512557 0.175656616915 0.181688041113 0.147725622944 0.270858861597
-9999.0 -9999.0 -9999.0 -9999.0 -9999.0 -9999.0 -9999.0 -9999.0 -9999.0 -9999.0 -9999.0 -9999.0 -9999.0 -9999.0 -9999.0 -9999.0 0.706716016639 0.69030446378 0.679792257207 1.34292530656 0.596374093493 18.6570621969 19.2216434454 0.465364602181 0.90490487002 0.425284570184 0.349585720103 0.335033395078 25.1751845715 0.223629670596 0.477144003208 0.215212569822 0.194079288484 0.178494972222 0.140424064473 0.1475944371 0.467752235551 0.647863874901 0.128795476429 0.112807283653 0.252352936093 0.430751423322 0.533987890993 0.132576151452 39.5117320333 40.1756587402 498.519507731 0.598267654907 0.325150449633 0.102808111509 0.251829419205 0.0786645132935 0.0546953607209 0.332543046914
-9999.0 -9999.0 -9999.0 -9999.0 -9999.0 -9999.0 -9999.0 -9999.0 -9999.0 -9999.0 -9999.0 -9999.0 -9999.0 -9999.0 -9999.0 -9999.0 -9999.0 -9999.0 0.683577123827 1.96624765721 2.5160231254 3.09618599947 19.7855873468 20.3458160085 20.8963795726 21.4299330666 21.7508776562 22.4238828439 22.6145252769 22.824211029 22.9775724508 0.153572952216 0.148023208115 0.164226833388 0.609835764589 0.16879124331 0.166134458085 0.124251269143 0.373033248962 0.157604227823 0.120768483636 0.110331809017 0.0921866658906 0.183890595925 0.267197235542 40.7386780808 539.914648093 0.133792766759 0.260952018187 0.0776316389111 0.333708428677 0.165470197632 0.110033045504 1.03008872192
-9999.0 -9999.0 -9999.0 -9999.0 -9999.0 -9999.0 -9999.0 -9999.0 -9999.0 -9999.0 -9999.0 -9999.0 -9999.0 -9999.0 -9999.0 -9999.0 -9999.0 -9999.0 -9999.0 0.565137812684 4.51981721936 8.84861979065 9.45042274649 0.676871187802 1.17020976149 1.62135653608 1.96287081995 4.42454559675 4.5841809962 0.154869880886 0.157873349291 23.319713185 23.6164536544 23.7517575621 0.72323082805 0.105853953466 0.291031388272 0.424637536868 1.27436788407 1.57349072913 1.80861630087 0.211780816648 0.295963237939 0.104156204174 0.208687547708 0.109345186706 540.064706095 0.126132858701 0.501892930002 0.202182852644 0.58434336598 1.3261923599 1.49877931897 2.59390971887
-9999.0 -9999.0 -9999.0 -9999.0 -9999.0 -9999.0 -9999.0 -9999.0 -9999.0 -9999.0 -9999.0 -9999.0 -9999.0 -9999.0 -9999.0 -9999.0 -9999.0 -9999.0 0.634445096893 2.0251415544 3.96384760487 5.17556409535 13.176615075 13.8162876694 0.980032475543 1.43995818452 1.81234296913 2.15791094019 4.76075193142 5.07645415574 8.91859524897 9.21368126911 9.37948728706 23.8959849954 25.0170357168 0.265922372936 0.192502684969 0.18194942184 0.353826127907 0.164169551405 2.1287701689 2.24275558649 0.392863538028 0.480212032553 0.103247001072 142.082638467 142.316923987 682.466015447 683.080547246 0.126869643265 0.843433733973 0.264701334807 0.2043415821 2.90061190268
-9999.0 -9999.0 -9999.0 -9999.0 -9999.0 -9999.0 -9999.0 -9999.0 -9999.0 -9999.0 -9999.0 -9999.0 -9999.0 -9999.0 -9999.0 -9999.0 -9999.0 -9999.0 -9999.0 0.725516428978 0.707185483446 1.33295725805 3.15891459946 14.3999867252 0.516334837125 0.507832451879 0.881280703441 1.27545304701 3.08484109163 3.33998999998 0.209227640054 0.203511460586 9.59151356404 9.75639349547 34.9259450334 35.0710443571 0.101768824975 0.0881194403133 0.0775266119679 0.0783673201784 0.0888691981811 139.973880191 140.741751034 141.312322309 141.505857764 142.003520936 0.135519373273 0.499847444123 0.605563074595 683.884225806 683.922168966 683.935731472 683.946786969 683.956685336
-9999.0 -9999.0 -9999.0 -9999.0 -9999.0 -9999.0 -9999.0 -9999.0 -9999.0 -9999.0 -9999.0 -9999.0 -9999.0 -9999.0 -9999.0 -9999.0 -9999.0 -9999.0 -9999.0 -9999.0 0.645403125511 0.677243016775 1.25363801057 16.8430238885 17.4293924841 0.491396368566 0.863368020082 1.27158098311 1.59495290471 0.281248347744 0.497455371206 35.2897817721 35.4456512319 35.6128537271 36.9521758893 72.1701799854 135.537211658 135.78165795 136.014265751 136.234825809 137.281338882 137.620626467 0.672922992086 0.299640992519 0.180931854074 0.338413142783 0.251732746823 0.398346659424 0.1217528482 2.90482886333 3.33218849634 3.67233535749 3.72007237879 683.948864127
-9999.0 -9999.0 -9999.0 -9999.0 -9999.0 -9999.0 -9999.0 -9999.0 -9999.0 -9999.0 -9999.0 -9999.0 -9999.0 -9999.0 -9999.0 -9999.0 -9999.0 -9999.0 -9999.0 -9999.0 -9999.0 0.657234864926 1.25940274539 1.86498470783 17.9321023069 0.499513034709 24.0072039059 24.4433972626 24.733529797 24.9746187771 34.2859125021 34.5776807157 0.189511224268 0.980741992794 1.20709290229 0.21453165059 63.1260663396 62.7357813913 0.126456712457 0.301803429297 0.847931596491 0.193257276104 0.211988811021 0.156224800464 0.133295044019 0.0995759346594 0.121846645838 2.50205420209 2.63050709835 2.78869941257 0.317751454858 0.238814819905 3.84957398816 3.93522074786
-9999.0 -9999.0 -9999.0 -9999.0 -9999.0 -9999.0 -9999.0 -9999.0 -9999.0 -9999.0 -9999.0 -9999.0 -9999.0 -9999.0 -9999.0 -9999.0 -9999.0 -9999.0 -9999.0 -9999.0 -9999.0 0.59606641234 0.559549822865 2.9040632796 22.0059479196 23.0878870462 23.6327418017 0.416782407249 8.4662362074 8.7747396286 8.93980199787 0.248717839958 0.468053165665 0.661767437964 13.6864625193 13.841842032 13.9834938356 62.4764564526 39.6009423954 0.168539625663 0.186686706758 0.177447911394 0.139201182063 1.49947772386 1.80640325468 2.07089900588 2.22308975601 2.36885833655 16.6187785473 16.7191122783 16.8082110081 17.0328944839 18.3201333874 18.367644263
-9999.0 -9999.0 -9999.0 -9999.0 -9999.0 -9999.0 -9999.0 -9999.0 -9999.0 -9999.0 -9999.0 -9999.0 -9999.0 -9999.0 -9999.0 -9999.0 -9999.0 -9999.0 -9999.0 -9999.0 -9999.0 -9999.0 1.16636724272 1.78553099794 0.632333493825 0.53686259651 7.01944862864 7.47348669166 7.77540384107 2.72527606746 2.9850237077 3.24412299188 3.44640765442 13.3237055684 13.553933754 8.39934800873 22.5686586613 22.739923817 39.469941032 0.373670337115 0.19618447578 0.131193624085 1.03751300647 1.22373813563 0.113084688386 0.10467679625 16.1131312209 16.3898825731 16.526377131 0.121909043284 0.170925314416 18.1373664728 0.112655791083 0.447439014498
-9999.0 -9999.0 -9999.0 -9999.0 -9999.0 -9999.0 -9999.0 -9999.0 -9999.0 -9999.0 -9999.0 -9999.0 -9999.0 -9999.0 -9999.0 -9999.0 -9999.0 -9999.0 -9999.0 -9999.0 -9999.0 -9999.0 0.585681177352 1.15858825486 4.87199077505 5.50954913144 6.04335134695 2.0970184062 2.45508225072 0.300123014013 9.16660769004 9.42846974755 9.67114827633 0.217096603032 7.97712486783 8.21753856793 0.184674237062 38.5097929838 0.414652152954 0.208205865518 0.563987956776 0.760852069835 0.149515507212 0.117456626377 14.6898624641 15.868054819 16.0319890612 0.171394977205 0.377720737853 0.467287000013 0.544706520778 1.0431688557 0.163456196632 0.37122030581
