data/baseflow/History/mHMbfrc525
ncols                  80
nrows                 72
xllcorner      4374000.0
yllcorner      5656000.0
cellsize            500
NODATA_value       -9999
[rows 0 to 23 of 72, columns 0 to 53 of 80]
-9999.0 -9999.0 -9999.0 -9999.0 -9999.0 -9999.0 -9999.0 -9999.0 -9999.0 -9999.0 -9999.0 -9999.0 0.917759377955 0.76607876657 -9999.0 -9999.0 -9999.0 -9999.0 -9999.0 -9999.0 -9999.0 -9999.0 -9999.0 -9999.0 -9999.0 -9999.0 -9999.0 -9999.0 -9999.0 -9999.0 -9999.0 -9999.0 -9999.0 -9999.0 -9999.0 -9999.0 -9999.0 -9999.0 -9999.0 -9999.0 -9999.0 -9999.0 -9999.0 -9999.0 -9999.0 -9999.0 -9999.0 -9999.0 -9999.0 -9999.0 -9999.0 -9999.0 -9999.0 -9999.0
-9999.0 -9999.0 -9999.0 -9999.0 -9999.0 -9999.0 -9999.0 -9999.0 -9999.0 -9999.0 -9999.0 -9999.0 1.92553964101 4.14357164691 0.649356726978 -9999.0 0.575962046369 -9999.0 -9999.0 -9999.0 -9999.0 -9999.0 -9999.0 -9999.0 -9999.0 -9999.0 -9999.0 -9999.0 -9999.0 -9999.0 -9999.0 -9999.0 -9999.0 -9999.0 -9999.0 -9999.0 -9999.0 -9999.0 -9999.0 -9999.0 -9999.0 -9999.0 -9999.0 -9999.0 -9999.0 -9999.0 -9999.0 -9999.0 -9999.0 -9999.0 -9999.0 -9999.0 -9999.0 -9999.0
-9999.0 -9999.0 -9999.0 -9999.0 -9999.0 -9999.0 -9999.0 -9999.0 -9999.0 -9999.0 0.931091023168 0.905366299314 0.959070844874 0.940486364383 5.89038360541 6.53061488463 1.54977763705 0.487736618924 -9999.0 -9999.0 -9999.0 -9999.0 -9999.0 -9999.0 -9999.0 -9999.0 -9999.0 -9999.0 -9999.0 -9999.0 -9999.0 -9999.0 -9999.0 -9999.0 -9999.0 -9999.0 -9999.0 -9999.0 -9999.0 -9999.0 -9999.0 -9999.0 -9999.0 -9999.0 -9999.0 -9999.0 -9999.0 -9999.0 -9999.0 -9999.0 -9999.0 -9999.0 -9999.0 -9999.0
-9999.0 -9999.0 -9999.0 -9999.0 -9999.0 -9999.0 -9999.0 -9999.0 -9999.0 0.903309326748 1.8306831979 3.63759230021 1.83651868164 0.888257567596 1.7212921421 7.34619063339 10.0182512596 0.553214099654 -9999.0 0.896041743507 -9999.0 -9999.0 -9999.0 -9999.0 1.0858314482 0.559050507913 -9999.0 -9999.0 -9999.0 -9999.0 -9999.0 -9999.0 -9999.0 -9999.0 -9999.0 -9999.0 -9999.0 -9999.0 -9999.0 -9999.0 -9999.0 -9999.0 -9999.0 -9999.0 -9999.0 -9999.0 -9999.0 -9999.0 -9999.0 -9999.0 -9999.0 -9999.0 -9999.0 -9999.0
-9999.0 -9999.0 -9999.0 -9999.0 -9999.0 -9999.0 -9999.0 -9999.0 1.07279495948 2.96316864002 3.84320102223 4.72471280697 6.3154397256 0.81217273423 3.31162902178 4.08894227934 15.3381757277 0.656300869854 0.713882147788 1.66781892535 2.41556533387 0.782683797068 -9999.0 2.78278535894 2.29715880264 0.623723575826 -9999.0 -9999.0 -9999.0 -9999.0 -9999.0 -9999.0 -9999.0 -9999.0 -9999.0 -9999.0 -9999.0 -9999.0 -9999.0 -9999.0 -9999.0 -9999.0 -9999.0 -9999.0 -9999.0 -9999.0 -9999.0 -9999.0 -9999.0 -9999.0 -9999.0 -9999.0 -9999.0 -9999.0
-9999.0 -9999.0 -9999.0 -9999.0 -9999.0 -9999.0 1.03792946358 0.936838066097 0.914134577271 0.933681910762 0.944446550434 6.62497875407 13.8219104008 14.6861108986 15.4503603676 0.778921595785 16.8214068768 17.5485019629 1.51686104944 0.763330325769 3.14861601079 5.44301261842 0.721011410542 4.96999010133 0.808804735386 0.761953374032 0.838429579817 -9999.0 -9999.0 -9999.0 -9999.0 -9999.0 -9999.0 -9999.0 -9999.0 -9999.0 -9999.0 -9999.0 -9999.0 -9999.0 -9999.0 -9999.0 -9999.0 -9999.0 -9999.0 -9999.0 -9999.0 -9999.0 -9999.0 -9999.0 -9999.0 -9999.0 -9999.0 -9999.0
-9999.0 -9999.0 -9999.0 -9999.0 -9999.0 -9999.0 2.10610241165 3.10920884973 6.98269058418 9.70040091313 0.836213349792 0.859040108707 0.811720951007 2.42499627161 18.6055059342 0.690184781172 18.2430729225 21.3311062638 2.39869396168 1.43060940144 6.12639859645 0.746956634675 5.70620398936 1.47362062815 0.738189002889 1.46791122287 1.66443438366 0.849080513242 0.862326370926 0.837787723651 0.896763146266 1.79479108551 -9999.0 -9999.0 -9999.0 -9999.0 -9999.0 -9999.0 -9999.0 -9999.0 -9999.0 -9999.0 -9999.0 -9999.0 -9999.0 -9999.0 -9999.0 -9999.0 -9999.0 -9999.0 -9999.0 -9999.0 -9999.0 -9999.0
-9999.0 -9999.0 -9999.0 -9999.0 -9999.0 1.16890021948 2.24478087912 1.06234231305 2.0531053043 10.7171682428 12.5115488076 14.2731620421 47.015779294 0.82732188761 19.3807153138 72.9114410175 73.5186321691 96.0247982226 0.751486297951 2.11680838391 6.81317095567 0.679018457824 14.0109600464 7.59033885073 4.65815401385 3.90488861395 0.811000524974 2.51057325456 2.50621680606 1.66855236028 0.808276777728 2.62978265777 0.799142363245 0.784301859401 -9999.0 -9999.0 -9999.0 -9999.0 -9999.0 -9999.0 -9999.0 -9999.0 -9999.0 -9999.0 -9999.0 -9999.0 -9999.0 -9999.0 -9999.0 -9999.0 -9999.0 -9999.0 -9999.0 -9999.0
-9999.0 -9999.0 -9999.0 -9999.0 -9999.0 1.19782505207 3.45990035432 6.81925682682 7.84048563386 15.5818823085 16.5249756539 19.4987488119 31.9516315266 49.6916445262 51.3526876968 52.1334256504 1.40053580201 98.6390688154 100.072702201 103.647436717 127.23906099 16.1160922594 14.7550597549 5.39055690265 0.722367336925 4.71974259611 3.23166700883 0.681091936291 3.24923002909 0.741538508148 1.63018260657 4.23740415397 5.0058261585 1.53927083407 0.762023395962 0.739073097248 -9999.0 -9999.0 -9999.0 -9999.0 0.531100470661 0.476140762602 -9999.0 -9999.0 -9999.0 -9999.0 -9999.0 -9999.0 -9999.0 -9999.0 -9999.0 -9999.0 -9999.0 -9999.0
-9999.0 -9999.0 -9999.0 -9999.0 -9999.0 1.15510833912 1.09005938242 4.63138813628 5.67297577863 6.75379205238 1.01398604146 2.00460608979 11.7708575966 2.13938835061 0.918169864986 0.841924749775 0.7422768123 0.90260637305 0.873000664791 0.791645929513 127.952600868 129.999269115 0.675967595674 2.09866579263 1.43703984708 5.41324864833 1.3872884871 0.655432443446 4.00694987452 1.47430542172 3.64494619446 8.69036214428 8.05278363122 2.28809473648 2.22963865385 0.765202223376 0.758871091649 -9999.0 -9999.0 0.763186668652 1.16434629001 2.64373816259 0.507481036958 -9999.0 -9999.0 -9999.0 -9999.0 -9999.0 -9999.0 -9999.0 -9999.0 -9999.0 -9999.0 -9999.0
-9999.0 -9999.0 -9999.0 -9999.0 -9999.0 -9999.0 1.21845763173 1.2384649015 2.32348600276 3.42773823021 7.70887931579 9.79920997631 10.8764010439 1.2020680434 0.837545042233 11.5204189241 14.0069196133 14.7816065262 17.9834640946 18.7046088116 0.710739016656 130.710981646 134.209904805 2.80777351472 0.699773565134 6.0606441508 13.298538949 5.26941474615 1.29986175884 0.658334768984 13.6508925106 9.37702178087 0.666464804839 0.66024714521 2.9155548166 2.23507354893 0.716500574077 0.654076420204 0.739462413405 1.48620288514 0.710025690038 3.20692042516 3.88770583386 0.599194233886 -9999.0 -9999.0 -9999.0 -9999.0 0.718302900105 0.665828204474 0.216867576345 -9999.0 -9999.0 -9999.0
-9999.0 -9999.0 -9999.0 -9999.0 -9999.0 -9999.0 -9999.0 1.20628857277 1.05832946228 2.1911783436 3.2828258516 1.05497463206 1.0325000912 6.16692393133 8.00636274838 9.88054674026 0.861816388167 1.66934348805 0.815337064274 19.4549380285 42.5253519014 43.0184823189 178.47327559 0.681974625857 1.98394996471 0.627053600529 13.9046164809 0.640368883697 1.96831322713 0.646602058223 14.298629218 14.9480804749 1.34088886125 1.31939387604 7.30763727306 3.67190239501 1.37601339802 0.717775568812 1.47309118412 2.20991239579 3.59572789027 0.653598195932 5.01502706557 5.51136163239 0.435140330721 0.484325685255 0.516410974462 0.44483724514 0.415487569627 1.88319927035 0.748450588259 0.452480305549 -9999.0 -9999.0
-9999.0 -9999.0 -9999.0 -9999.0 -9999.0 -9999.0 -9999.0 -9999.0 2.28287594581 3.3055725403 1.05574590231 2.15089502757 3.15255063232 5.23720093358 0.986234864569 0.949068441236 0.809820705225 0.819697061575 0.735959338175 21.5558424546 0.832757651111 1.62373520584 180.593270563 181.751550404 0.437274836664 2.87338444866 17.2755140273 1.24291348612 2.52453318105 1.13466617653 1.67284568525 17.4024086025 1.91483229417 10.4504675206 8.58958393361 0.671681003212 3.44302695939 1.40148921411 2.13611169897 0.653041725533 4.21234057705 5.37656446174 5.78711244869 6.16589850861 7.11959569771 0.818901480686 0.888383495867 0.776023543802 0.716068054058 2.26639030056 0.429996174095 1.6470156576 2.03205205076 -9999.0
-9999.0 -9999.0 -9999.0 -9999.0 -9999.0 -9999.0 -9999.0 -9999.0 1.15963775805 5.58881999034 6.61491531419 1.02772401413 1.99400551888 0.964768522418 0.881567106084 0.865365550862 11.0446698396 14.6785368267 17.8652467517 21.0117856624 0.747024783858 0.80861631412 0.705138361 185.017189947 186.246433714 186.642819532 22.6760829724 4.89695109869 4.32582748283 0.484215903803 2.1503358432 20.0717426272 0.501692421374 10.978490437 0.624326927324 4.53573688022 4.14852043812 0.670837479666 2.79857200817 1.30887524488 1.94759434875 0.511786602246 0.372667586158 6.53743726885 6.86726536195 7.44836714852 1.25615977367 1.1176393082 1.04329368909 2.7333059133 3.61018583047 0.437918975893 2.45665108305 0.473658382153
-9999.0 -9999.0 -9999.0 -9999.0 -9999.0 -9999.0 -9999.0 -9999.0 -9999.0 1.18121630237 7.69745377992 8.70976748862 2.97385073787 4.92480465705 6.72101853244 7.64101431305 0.934718464865 2.81179183534 1.84440675817 0.946809589601 0.911110378192 0.820459764952 1.60988944302 2.67904525994 0.737670212701 210.54414459 210.993513771 0.388381247683 0.34678283999 1.00381224798 1.50072574158 21.5689683838 0.996584505305 11.4097370187 6.83322855608 5.69929533297 0.618057379225 1.264856618 3.37097670833 0.573315849782 2.49895223747 1.05797918778 0.658025120141 0.356804376227 7.9000952868 15.6013980805 1.48142274465 1.35003245609 1.3683087041 0.34334749987 3.95125976187 0.329047328403 3.24210921382 0.397209509468
-9999.0 -9999.0 -9999.0 -9999.0 -9999.0 -9999.0 -9999.0 -9999.0 -9999.0 -9999.0 1.02495437107 10.7721955808 0.972981482578 1.95011158466 2.83338170741 4.57942746174 0.891151962968 1.86509706436 0.904460361052 0.841232644492 0.78750598032 1.55623260531 0.680886966043 0.672647319092 1.21781141764 0.669040561765 211.495632732 212.302909408 213.523593706 1.88371622077 0.51378393941 1.0248829536 22.1140518057 20.810117957 7.98082439083 0.566536028319 2.46565179001 1.85898787912 3.94521410757 1.14277298544 4.68747192798 1.61730944964 1.0882935976 0.351258197823 0.38767895216 15.9966850321 16.3114195342 19.3976154122 2.47430553416 0.727115617763 4.32905439488 5.02659948183 8.58591717211 0.778835986541
-9999.0 -9999.0 -9999.0 -9999.0 -9999.0 -9999.0 -9999.0 -9999.0 -9999.0 -9999.0 -9999.0 0.626188438087 12.1527613351 1.00402312874 1.87501789207 8.19200315718 0.891460264969 0.881025570974 0.7676066336 1.64252595415 0.797695998375 3.14343698322 4.51482345552 5.12321530376 1.70410995003 2.06125477395 0.424333388745 0.574216759956 0.483111507077 216.374435939 217.932414182 22.5464697971 21.7237369841 21.2747237317 0.938647642794 0.44481691801 2.98416694766 7.97957091632 4.47819444897 1.66625203127 6.87502086191 2.78205301353 2.29176650735 0.719578080434 0.267311380519 0.240085395552 0.243033205591 20.7675338246 24.2906253357 0.365672753896 0.304214493766 0.367226897116 8.93466178951 10.0468944906
-9999.0 -9999.0 -9999.0 -9999.0 -9999.0 -9999.0 -9999.0 -9999.0 -9999.0 -9999.0 -9999.0 0.573077041867 13.4887132583 16.4217848561 0.876715617016 9.92788230526 0.818201040332 0.780348316697 1.54992142617 3.98896276245 0.774371849503 0.813379362475 0.685327192686 6.45685514315 7.06829133954 9.80410862974 10.7265056884 11.214622849 11.605977414 12.0012343558 230.336430721 253.693436078 276.143680565 276.398870128 0.329234835758 0.431971385793 9.02261085987 8.5047759855 0.52252143416 0.544256561227 7.54328278084 10.8641580086 0.452149417127 6.05548244657 5.59464140129 1.56273364381 0.638195265101 1.0782642959 0.390447293705 24.8865114956 0.310593103689 0.964575691934 1.17958561038 12.2168446043
-9999.0 -9999.0 -9999.0 -9999.0 -9999.0 -9999.0 -9999.0 -9999.0 -9999.0 -9999.0 -9999.0 1.07498593391 2.0429130303 17.3653443888 19.0149202245 0.833281266083 11.3626167254 0.69602068851 2.16860065409 4.71314589917 1.49807116843 0.720399951346 1.45418127776 0.562123809276 1.09169144366 0.550660045002 0.516480530715 0.498470612826 0.501692176922 0.411415077045 0.347627064592 0.433298957623 0.506499309399 0.491231567785 277.447533691 10.2569624586 9.47852429436 0.213864631704 1.47631689564 0.360173810009 0.42977159322 11.3503136796 18.9266755405 6.6129574478 4.94070862681 0.998622952757 0.37431164738 0.325120359894 0.619202772052 25.8141547818 26.3796036644 0.300772907965 0.310827177779 0.336772712986
-9999.0 -9999.0 -9999.0 -9999.0 -9999.0 -9999.0 -9999.0 -9999.0 -9999.0 -9999.0 -9999.0 -9999.0 0.903004659695 12.4858420119 32.3694777305 35.0609649421 47.1574523823 47.757529872 10.4034618472 7.68144127602 2.2313421078 0.710212663714 2.83954101183 3.49736208092 5.15676971212 1.13832232027 1.04136185293 1.03720055446 2.05134040872 0.911784307444 0.836384152286 0.491152569006 0.423015050932 0.30611226679 277.728288297 288.299019116 288.710762043 0.206760462703 3.70924496412 1.77943399877 0.511067733749 20.6311313408 1.23245709066 0.642390784415 2.79873029025 0.637654503495 0.400688125769 0.711130836409 0.952361913551 1.22630134623 26.8323661843 0.209662246677 0.175825468992 0.176088367831
-9999.0 -9999.0 -9999.0 -9999.0 -9999.0 -9999.0 -9999.0 -9999.0 -9999.0 -9999.0 -9999.0 1.00563767032 9.54521669442 11.563564079 1.83096816292 0.618982971715 1.39658732208 49.9240890849 50.5195795825 61.4924038047 0.64080735336 1.34366902808 0.567178105637 0.577510880897 5.70588647129 7.39096273541 8.93662011563 0.473101264967 2.517556139 3.88507453967 2.20005119684 0.933475639144 0.827130332295 0.719289238199 0.675065271091 0.234278075646 288.907079346 289.039352866 293.049694808 0.803871326942 0.45040535421 20.963241966 1.31886130733 0.684359988493 0.753070583437 0.747555779159 0.652555301155 1.11977567749 3.03031167786 4.57827059091 31.6314700902 0.150093977231 0.450305460861 0.30599601247
-9999.0 -9999.0 -9999.0 -9999.0 -9999.0 -9999.0 -9999.0 -9999.0 -9999.0 -9999.0 -9999.0 1.03302800152 6.66171832457 1.03639603375 0.890249295962 4.70703510788 5.49477813732 6.29281326535 7.00952736706 83.4582594803 84.1515654301 85.5238471268 95.3621472118 97.1354367114 98.1207769273 98.6788206835 108.919544828 110.433877286 110.984289421 115.433005926 118.154937752 118.592602565 120.336773089 1.13466352426 1.08712569388 0.218574774776 0.154219700372 289.223121241 294.248491634 1.06629402485 24.1166998232 23.734139807 2.44527589283 0.580189814679 0.602657657085 0.570024112414 0.577078966366 1.15645738311 1.593464453 0.397111476874 31.8373530282 32.0601202839 32.9972120767 33.1675225019
-9999.0 -9999.0 -9999.0 -9999.0 -9999.0 -9999.0 -9999.0 -9999.0 -9999.0 -9999.0 -9999.0 3.45640152675 4.5545171911 2.08821503308 3.06484756478 0.963521673703 10.9667872679 11.8116979211 13.4638712061 14.2344136441 5.48209942114 92.1203476173 92.7863960668 0.59513555817 0.421191467001 0.433337255726 0.887090824586 0.509734564064 0.411333524231 0.406938460325 0.391931936001 119.106217875 120.833423021 122.386678736 123.820318577 124.441481868 0.258234668765 0.071264746402 319.067073771 24.698847794 24.5331696041 0.469552380169 0.44606054189 0.387059908186 1.00456318515 0.972829451673 0.450581422062 0.465493377165 0.408087875879 0.791577008638 1.00305941109 0.149569896014 0.272317798736 0.108010786692
-9999.0 -9999.0 -9999.0 -9999.0 -9999.0 -9999.0 -9999.0 -9999.0 -9999.0 -9999.0 -9999.0 -9999.0 2.34156819606 1.07470042189 0.966047574392 9.27691844334 10.1562681773 0.874677046505 3.38637642891 4.16860090769 4.89408487339 0.778811543397 0.504555797782 13.7447453136 14.1348855613 14.5212246582 37.0674176332 37.4012475106 38.1241858208 41.7674002837 43.8122527509 44.1356958266 0.40524861419 0.42745593693 0.351898419027 124.663215326 0.0976608743699 322.541878906 322.410076547 3.22320485804 2.98971397386 1.79861286083 0.463235739217 0.775674517462 1.40756313933 1.38037053883 0.862247907054 0.442955442934 0.845021854692 0.801804156526 1.33338782682 0.245115720497 0.546867534324 0.830524981575
