data/baseflow/History/mHMbfrc368
ncols                  80
nrows                 72
xllcorner      4374000.0
yllcorner      5656000.0
cellsize            500
NODATA_value       -9999
[rows 0 to 23 of 72, columns 0 to 53 of 80]
-9999.0 -9999.0 -9999.0 -9999.0 -9999.0 -9999.0 -9999.0 -9999.0 -9999.0 -9999.0 -9999.0 -9999.0 0.885391313878 0.845420115299 -9999.0 -9999.0 -9999.0 -9999.0 -9999.0 -9999.0 -9999.0 -9999.0 -9999.0 -9999.0 -9999.0 -9999.0 -9999.0 -9999.0 -9999.0 -9999.0 -9999.0 -9999.0 -9999.0 -9999.0 -9999.0 -9999.0 -9999.0 -9999.0 -9999.0 -9999.0 -9999.0 -9999.0 -9999.0 -9999.0 -9999.0 -9999.0 -9999.0 -9999.0 -9999.0 -9999.0 -9999.0 -9999.0 -9999.0 -9999.0
-9999.0 -9999.0 -9999.0 -9999.0 -9999.0 -9999.0 -9999.0 -9999.0 -9999.0 -9999.0 -9999.0 -9999.0 1.75434130024 4.16588175852 0.731264391032 -9999.0 0.608285434862 -9999.0 -9999.0 -9999.0 -9999.0 -9999.0 -9999.0 -9999.0 -9999.0 -9999.0 -9999.0 -9999.0 -9999.0 -9999.0 -9999.0 -9999.0 -9999.0 -9999.0 -9999.0 -9999.0 -9999.0 -9999.0 -9999.0 -9999.0 -9999.0 -9999.0 -9999.0 -9999.0 -9999.0 -9999.0 -9999.0 -9999.0 -9999.0 -9999.0 -9999.0 -9999.0 -9999.0 -9999.0
-9999.0 -9999.0 -9999.0 -9999.0 -9999.0 -9999.0 -9999.0 -9999.0 -9999.0 -9999.0 0.7779753326 0.761713524673 0.814710598183 0.810079787987 5.68060425171 6.40950648242 1.6921035671 0.538493354277 -9999.0 -9999.0 -9999.0 -9999.0 -9999.0 -9999.0 -9999.0 -9999.0 -9999.0 -9999.0 -9999.0 -9999.0 -9999.0 -9999.0 -9999.0 -9999.0 -9999.0 -9999.0 -9999.0 -9999.0 -9999.0 -9999.0 -9999.0 -9999.0 -9999.0 -9999.0 -9999.0 -9999.0 -9999.0 -9999.0 -9999.0 -9999.0 -9999.0 -9999.0 -9999.0 -9999.0
-9999.0 -9999.0 -9999.0 -9999.0 -9999.0 -9999.0 -9999.0 -9999.0 -9999.0 0.751246981984 1.53667732857 3.05925109371 1.56568664172 0.759210413954 1.48571340748 7.12285737484 10.1010216734 0.619916126473 -9999.0 0.790351079352 -9999.0 -9999.0 -9999.0 -9999.0 1.17301521445 0.595237858522 -9999.0 -9999.0 -9999.0 -9999.0 -9999.0 -9999.0 -9999.0 -9999.0 -9999.0 -9999.0 -9999.0 -9999.0 -9999.0 -9999.0 -9999.0 -9999.0 -9999.0 -9999.0 -9999.0 -9999.0 -9999.0 -9999.0 -9999.0 -9999.0 -9999.0 -9999.0 -9999.0 -9999.0
-9999.0 -9999.0 -9999.0 -9999.0 -9999.0 -9999.0 -9999.0 -9999.0 0.871845219756 2.42742277072 3.15686861408 3.88879175223 5.3387588429 0.682122860801 2.81781588827 3.47725125784 14.9186605729 0.668090419031 0.624206987192 1.46230885238 2.12068955624 0.697980629343 -9999.0 3.08760915821 2.53582456657 0.704364484738 -9999.0 -9999.0 -9999.0 -9999.0 -9999.0 -9999.0 -9999.0 -9999.0 -9999.0 -9999.0 -9999.0 -9999.0 -9999.0 -9999.0 -9999.0 -9999.0 -9999.0 -9999.0 -9999.0 -9999.0 -9999.0 -9999.0 -9999.0 -9999.0 -9999.0 -9999.0 -9999.0 -9999.0
-9999.0 -9999.0 -9999.0 -9999.0 -9999.0 -9999.0 0.842623429049 0.765352566141 0.741355099333 0.759196089925 0.784778119805 5.47641538773 11.5681895402 12.3023862717 12.8729435892 0.532718230275 16.1257744898 16.7632098248 1.29462352778 0.668932416721 2.76326395842 4.8068714716 0.708243329486 5.23844143743 0.717420310769 0.731223625609 0.740434190357 -9999.0 -9999.0 -9999.0 -9999.0 -9999.0 -9999.0 -9999.0 -9999.0 -9999.0 -9999.0 -9999.0 -9999.0 -9999.0 -9999.0 -9999.0 -9999.0 -9999.0 -9999.0 -9999.0 -9999.0 -9999.0 -9999.0 -9999.0 -9999.0 -9999.0 -9999.0 -9999.0
-9999.0 -9999.0 -9999.0 -9999.0 -9999.0 -9999.0 1.67394287463 2.45998067734 5.55800007396 7.74549038997 0.671251994143 0.690091522937 0.67042369876 1.98112526562 15.4580637757 0.510205820541 17.3454648545 19.7349405381 1.89814864853 1.23445258861 5.39670946471 0.662330409165 5.88249421292 1.30554822603 0.652809204172 1.35613802889 1.47116784347 0.752461423569 0.762028105611 0.732163702847 0.803260763361 1.60292944316 -9999.0 -9999.0 -9999.0 -9999.0 -9999.0 -9999.0 -9999.0 -9999.0 -9999.0 -9999.0 -9999.0 -9999.0 -9999.0 -9999.0 -9999.0 -9999.0 -9999.0 -9999.0 -9999.0 -9999.0 -9999.0 -9999.0
-9999.0 -9999.0 -9999.0 -9999.0 -9999.0 0.910369450782 1.75763721939 0.837897922266 1.63533029434 8.56232853425 10.0199815629 11.4524212608 36.708958079 0.664074976872 16.1207735834 58.1030743913 58.5431053108 79.0754491692 0.515966219509 1.80360294763 5.98954362138 0.583024499319 13.2772354934 6.774516131 4.18897660984 3.5191323491 0.71810071174 2.21524461398 2.20444067093 1.46324050317 0.701504221264 2.33254761224 0.683531887166 0.663118772128 -9999.0 -9999.0 -9999.0 -9999.0 -9999.0 -9999.0 -9999.0 -9999.0 -9999.0 -9999.0 -9999.0 -9999.0 -9999.0 -9999.0 -9999.0 -9999.0 -9999.0 -9999.0 -9999.0 -9999.0
-9999.0 -9999.0 -9999.0 -9999.0 -9999.0 0.902920087275 2.62023575652 5.23388216044 6.03100599984 11.9442789434 12.6994644241 15.0849391698 24.5982576787 38.7571781402 40.1858366522 40.8656415631 1.18055957141 81.1952415195 82.2482764364 85.2462545832 106.941948688 15.119672182 13.9402389415 4.83434307911 0.631087948045 4.15674758277 2.85432085325 0.603089284382 2.85346159232 0.628239623535 1.30239709418 3.64367481898 4.30545893126 1.30439427756 0.651219532728 0.613004831848 -9999.0 -9999.0 -9999.0 -9999.0 0.577201050863 0.505542307659 -9999.0 -9999.0 -9999.0 -9999.0 -9999.0 -9999.0 -9999.0 -9999.0 -9999.0 -9999.0 -9999.0 -9999.0
-9999.0 -9999.0 -9999.0 -9999.0 -9999.0 0.865966110737 0.826744648232 3.48069797614 4.29796886636 5.14522087788 0.813062475863 1.60550741286 9.0210489894 1.69756151555 0.787866652816 0.711027831392 0.644230047591 0.739437573146 0.684371261228 0.712135495111 107.589917223 109.363705353 0.57953577792 1.81520082576 1.25194917683 4.76356818195 1.22714727296 0.580962725001 3.52225141814 1.21669550574 2.89825202757 7.4315301272 6.90448420447 1.9460727126 1.88506889809 0.649808518538 0.637773175825 -9999.0 -9999.0 0.633164811639 1.26206231626 2.83666298038 0.541375519156 -9999.0 -9999.0 -9999.0 -9999.0 -9999.0 -9999.0 -9999.0 -9999.0 -9999.0 -9999.0 -9999.0
-9999.0 -9999.0 -9999.0 -9999.0 -9999.0 -9999.0 0.90318490935 0.921948055292 1.72289837881 2.55055012486 5.79994768766 7.42626426181 8.27785658525 0.915697503892 0.691882433094 9.18573302404 11.3146825827 11.9655430323 14.7193219208 15.3236348925 0.613978658698 109.995229905 112.945650997 2.33371916036 0.350055626516 5.26255754541 11.6808137548 4.66430214565 1.12349585313 0.559457821145 11.4588163773 8.02718471998 0.576247693548 0.570578991424 2.4782189504 1.89189693328 0.604801895485 0.570332305131 0.616566811734 1.2299320209 0.579023070629 3.45473662702 4.01830330998 0.515949074997 -9999.0 -9999.0 -9999.0 -9999.0 0.598825920132 0.555109619998 0.129205711782 -9999.0 -9999.0 -9999.0
-9999.0 -9999.0 -9999.0 -9999.0 -9999.0 -9999.0 -9999.0 0.876057811511 0.755790498009 1.61928378737 2.47737081543 0.81708030159 0.762238906399 4.76189137405 6.28224661351 7.84332191703 0.752656090051 1.41778992104 0.729761899942 15.973678149 35.7626076538 36.3371177028 150.505234272 0.58046887041 1.01919519271 0.306097309162 12.2261492435 0.56383766004 1.69665981498 0.552457120533 12.0219907062 12.5878503087 1.16036862919 1.12956656612 6.20319781761 3.10967542838 1.19321780727 0.618332604078 1.22382772205 1.82647444964 2.95661313011 0.543266199677 5.04782873874 5.5520267105 0.455944122039 0.489034026156 0.506811186117 0.458748627129 0.433713372319 1.62028701077 0.557735069045 0.34122062368 -9999.0 -9999.0
-9999.0 -9999.0 -9999.0 -9999.0 -9999.0 -9999.0 -9999.0 -9999.0 1.61139816301 2.29415603152 0.803927221379 1.64901250851 2.45377784772 4.05988519357 0.82795927995 0.78527927628 0.670875090653 0.676430100613 0.604418539453 18.44454814 0.758215734112 1.46405278501 152.629250573 154.113505863 0.639749182075 2.29581399176 15.0579488991 1.08998693941 2.18611256993 1.00237942827 1.48542743504 14.7515785372 1.66883202366 8.89178790562 7.27431062197 0.54234264712 2.94484981084 1.19474118835 1.76746033748 0.535478019555 3.49124313688 4.5420451452 4.98590877804 5.40531270132 7.27086946653 0.867595873319 0.910436807067 0.829516160792 0.773690581265 2.00259819334 0.374448747578 1.2843472976 1.60549584635 -9999.0
-9999.0 -9999.0 -9999.0 -9999.0 -9999.0 -9999.0 -9999.0 -9999.0 0.857203895449 3.99579920843 4.77342056611 0.776152392957 1.53803005382 0.759126713178 0.70702937739 0.694589047807 8.86064117357 11.8874288095 14.7748635203 17.8226734694 0.770212044507 0.726983735476 0.75311157039 157.399951501 159.035288836 159.69668231 20.1336365165 4.38988795207 3.79157157405 0.46407961525 1.93220295896 17.159347691 0.464440587745 9.3711308391 0.528269177515 3.76021195191 3.53723476848 0.561665386722 2.31097221815 1.07153412543 1.58928844607 0.49375576454 0.408430453376 5.81899514713 6.19438072694 7.64512915109 1.31081013063 1.20890181415 1.13500218445 2.40808914857 3.17032932864 0.380300360678 1.95302418976 0.371636603873
-9999.0 -9999.0 -9999.0 -9999.0 -9999.0 -9999.0 -9999.0 -9999.0 -9999.0 0.899937545184 5.61425019983 6.37546599714 2.30556748452 3.83933107204 5.28986656712 6.03884245407 0.796039880893 2.33426919311 1.59493525356 0.839128744188 0.821828396162 0.718262235918 1.44707224478 2.47548612612 0.894673649469 181.408348982 182.072437728 0.608086291382 0.45781484534 0.928763794825 1.38848824633 18.5448425857 0.921144243683 9.78703439083 5.68068001523 4.70394970567 0.523010234152 1.06246642667 2.7851276185 0.474581501749 2.0411693886 0.956218447452 0.674424633091 0.276540719438 7.11564344332 15.0672731953 1.58338417648 1.48759682241 1.44965436657 0.311022541963 3.47601039295 0.29485927606 2.61863313763 0.306042920026
-9999.0 -9999.0 -9999.0 -9999.0 -9999.0 -9999.0 -9999.0 -9999.0 -9999.0 -9999.0 0.786199965524 7.9571905527 0.759511304703 1.52804972333 2.2384712438 3.6362991831 0.719767424593 1.51573510431 0.758871124322 0.698445024834 0.671133064202 1.32872951448 0.594203050846 0.695051859142 1.4148136817 0.797209550945 182.793825773 184.06517966 185.849667964 1.90290800091 0.457970307718 0.913219778034 19.0323450191 17.7815700212 6.68834134374 0.49176593377 2.07590647185 1.56337656678 3.2610853501 0.945812613439 3.93375108726 1.42226245741 1.05457475744 0.179855471062 0.3025116161 15.4766194645 15.8383277665 19.2114169493 2.43914125943 0.648543408085 3.81465972801 4.43930364124 7.33734007003 0.612775683458
-9999.0 -9999.0 -9999.0 -9999.0 -9999.0 -9999.0 -9999.0 -9999.0 -9999.0 -9999.0 -9999.0 0.379905751639 8.75743548095 0.730211461692 1.42917736183 6.45481525328 0.724515184893 0.712175534285 0.63109583472 1.3650525266 0.696514883029 2.71702731785 3.91766328781 4.46011331341 1.95872929984 2.51964741548 0.643934702689 0.769725860531 0.713409328876 188.873682314 190.246056891 19.4742624885 18.6476495607 18.2210625246 0.865962956121 0.415356817007 2.51965736601 6.67153621959 3.70892566886 1.38431166558 5.76100990414 2.03999606023 1.62484627974 0.330843739044 0.135828853114 0.135161664826 0.174968666523 20.1796973059 23.6257970059 0.309242454692 0.272783929229 0.303067293116 7.61464964108 8.47686135426
-9999.0 -9999.0 -9999.0 -9999.0 -9999.0 -9999.0 -9999.0 -9999.0 -9999.0 -9999.0 -9999.0 0.338879809851 9.6065649525 11.9281026757 0.709750083639 7.85181834178 0.658463925372 0.616925802542 1.27351260976 3.30246904101 0.656762121371 0.707673312873 0.58778126949 5.62380526006 6.17678861797 9.30180345915 10.4961111016 11.1001562324 11.7168596636 12.3168274536 203.217072789 223.764893621 243.430403886 243.919760372 0.457741731248 0.421940884714 7.56614855913 7.12252973536 0.437197779667 0.435023507761 6.18480291537 8.68552670015 0.349095142927 3.90900654195 3.65186728618 0.761908734184 0.386104996359 0.663898316015 0.395949395143 24.2760412384 0.329859528787 0.871485018732 1.10487151888 10.3135868415
-9999.0 -9999.0 -9999.0 -9999.0 -9999.0 -9999.0 -9999.0 -9999.0 -9999.0 -9999.0 -9999.0 0.843073870763 1.63527332826 12.694101633 14.0079469033 0.670905271682 9.18323568692 0.545873788876 1.70784182801 3.88701075637 1.25774029682 0.596049625796 1.26339700274 0.509163487174 0.981345523402 0.471626061002 0.425833756646 0.322447376905 0.294119277015 0.289932202711 0.302763519348 0.448813897662 0.57032392096 0.66497298499 245.529239569 9.20115638491 8.38700679143 0.380300241827 1.25126291386 0.276194981942 0.226157788188 9.09102480424 14.2496656103 4.37872647516 3.36408557443 0.456540463874 0.191422122134 0.164748526029 0.456192617795 25.0719916708 25.6945528456 0.326235941449 0.330811495302 0.267170936606
-9999.0 -9999.0 -9999.0 -9999.0 -9999.0 -9999.0 -9999.0 -9999.0 -9999.0 -9999.0 -9999.0 -9999.0 0.692898822433 10.1730237578 24.8924170561 27.1096320656 36.9493770037 37.6073920544 8.68076097308 6.35284223313 1.86805528181 0.582047926869 2.42048415023 2.98458431117 4.45536949262 0.980489941565 0.889944646418 0.80126316071 1.55810585048 0.739385883575 0.725307691671 0.337344999604 0.179308754928 0.252982552047 246.019349121 255.454756674 255.930713416 0.397430261501 3.38805440101 1.33813707478 0.428520786877 15.6906074979 1.03754143473 0.542004000433 2.21256664325 0.424854950599 0.34165770659 0.639458979542 0.899413704131 1.20189029406 26.2136833813 0.242039743666 0.205512254333 0.204609604825
-9999.0 -9999.0 -9999.0 -9999.0 -9999.0 -9999.0 -9999.0 -9999.0 -9999.0 -9999.0 -9999.0 0.782999474606 7.7599012193 9.43222181853 1.54617954023 0.425874558541 0.964031692931 39.2051788618 39.8117713187 49.1240590131 0.514734124297 1.08833199208 0.469712757846 0.479853602091 4.93853995943 6.39993908256 7.72878189202 0.423114471781 1.98776432365 3.14503255602 1.84784249768 0.736849443863 0.478273909875 0.431790500025 0.459219362262 0.291078050634 256.34148861 256.668707824 260.715883109 0.720448780617 0.377332835961 16.0907937938 1.06661923069 0.562274482335 0.621659368063 0.617182584767 0.519985146059 0.896948551728 2.52578377946 4.06528841728 30.52530207 0.174553566728 0.524636830151 0.355296331678
-9999.0 -9999.0 -9999.0 -9999.0 -9999.0 -9999.0 -9999.0 -9999.0 -9999.0 -9999.0 -9999.0 0.805971132132 5.50292196198 0.863017900859 0.743416780968 3.9598909552 4.62710387313 5.2863359028 5.86741132576 67.6251675465 68.1246534057 69.1373725002 77.1610547668 78.6371265954 79.4728367739 79.987548092 88.6452022297 89.6997247931 90.1657948258 93.8268757771 96.1737940642 96.5799688248 97.7620718221 0.794412167963 0.676667120282 0.149527288196 0.191855531446 257.035497603 262.119260418 1.08690200364 18.8318313859 18.4768894473 1.98854671814 0.464061835954 0.468311863712 0.446895796707 0.448420321685 0.909073536628 1.29258703427 0.377306440904 30.759795162 31.0121546922 32.1014275002 32.2996411318
-9999.0 -9999.0 -9999.0 -9999.0 -9999.0 -9999.0 -9999.0 -9999.0 -9999.0 -9999.0 -9999.0 2.88300202077 3.80883148682 1.76132209398 2.61027842857 0.835352370491 9.36939768919 10.0857204312 11.5094532133 12.0401430027 4.60961046821 74.6068480154 75.1048038409 0.485083623254 0.329047440048 0.271278784346 0.636570325359 0.298139652104 0.195207210407 0.165453747152 0.201418098492 96.9227027519 98.1340658957 99.3637657385 100.390566346 101.063442836 0.298482348069 0.100365887584 281.892256557 19.4748033803 19.2140829264 0.3924289303 0.374303330866 0.339740742543 0.806062674225 0.786827591869 0.339125791033 0.3429441141 0.294491415654 0.658416183281 0.860970156285 0.1646913145 0.291831299729 0.101753450161
-9999.0 -9999.0 -9999.0 -9999.0 -9999.0 -9999.0 -9999.0 -9999.0 -9999.0 -9999.0 -9999.0 -9999.0 1.9710186021 0.909228815321 0.832015553418 7.93149344992 8.6872872021 0.752864643607 2.93646484255 3.60228161549 4.15890446943 0.635916934294 0.477526762605 11.8463552669 12.2470626276 12.6177538663 32.8994753519 33.1616690763 33.5497328995 36.045693343 37.1511954065 37.2998004617 0.125638538886 0.139331145495 0.158808976486 101.523347881 0.183538595719 285.082221304 284.793097659 2.63079110741 2.2941952053 1.46131693144 0.361852846179 0.673981612088 1.14944685983 1.13316956103 0.658533411774 0.323354728168 0.612260791478 0.57029160125 1.08609893387 0.114659565197 0.393620306152 0.667473945582
