data/baseflow/History/mHMbfrc321
ncols                  80
nrows                 72
xllcorner      4374000.0
yllcorner      5656000.0
cellsize            500
NODATA_value       -9999
[rows 0 to 23 of 72, columns 0 to 54 of 80]
-9999.0 -9999.0 -9999.0 -9999.0 -9999.0 -9999.0 -9999.0 -9999.0 -9999.0 -9999.0 -9999.0 -9999.0 1.13877958397 0.952677477012 -9999.0 -9999.0 -9999.0 -9999.0 -9999.0 -9999.0 -9999.0 -9999.0 -9999.0 -9999.0 -9999.0 -9999.0 -9999.0 -9999.0 -9999.0 -9999.0 -9999.0 -9999.0 -9999.0 -9999.0 -9999.0 -9999.0 -9999.0 -9999.0 -9999.0 -9999.0 -9999.0 -9999.0 -9999.0 -9999.0 -9999.0 -9999.0 -9999.0 -9999.0 -9999.0 -9999.0 -9999.0 -9999.0 -9999.0 -9999.0 -9999.0
-9999.0 -9999.0 -9999.0 -9999.0 -9999.0 -9999.0 -9999.0 -9999.0 -9999.0 -9999.0 -9999.0 -9999.0 2.3419947576 5.14781658723 0.826327811218 -9999.0 0.629982224274 -9999.0 -9999.0 -9999.0 -9999.0 -9999.0 -9999.0 -9999.0 -9999.0 -9999.0 -9999.0 -9999.0 -9999.0 -9999.0 -9999.0 -9999.0 -9999.0 -9999.0 -9999.0 -9999.0 -9999.0 -9999.0 -9999.0 -9999.0 -9999.0 -9999.0 -9999.0 -9999.0 -9999.0 -9999.0 -9999.0 -9999.0 -9999.0 -9999.0 -9999.0 -9999.0 -9999.0 -9999.0 -9999.0
-9999.0 -9999.0 -9999.0 -9999.0 -9999.0 -9999.0 -9999.0 -9999.0 -9999.0 -9999.0 1.11544733808 1.07781286131 1.12782059193 1.10768188899 7.19339441991 8.05220920338 1.76454328124 0.55889952481 -9999.0 -9999.0 -9999.0 -9999.0 -9999.0 -9999.0 -9999.0 -9999.0 -9999.0 -9999.0 -9999.0 -9999.0 -9999.0 -9999.0 -9999.0 -9999.0 -9999.0 -9999.0 -9999.0 -9999.0 -9999.0 -9999.0 -9999.0 -9999.0 -9999.0 -9999.0 -9999.0 -9999.0 -9999.0 -9999.0 -9999.0 -9999.0 -9999.0 -9999.0 -9999.0 -9999.0 -9999.0
-9999.0 -9999.0 -9999.0 -9999.0 -9999.0 -9999.0 -9999.0 -9999.0 -9999.0 1.08877435378 2.19205397387 4.35010190134 2.15730488988 1.04251212082 2.01991263817 9.00835829784 12.2148771639 0.681128815575 -9999.0 1.02970014632 -9999.0 -9999.0 -9999.0 -9999.0 1.21941448086 0.611200142097 -9999.0 -9999.0 -9999.0 -9999.0 -9999.0 -9999.0 -9999.0 -9999.0 -9999.0 -9999.0 -9999.0 -9999.0 -9999.0 -9999.0 -9999.0 -9999.0 -9999.0 -9999.0 -9999.0 -9999.0 -9999.0 -9999.0 -9999.0 -9999.0 -9999.0 -9999.0 -9999.0 -9999.0 -9999.0
-9999.0 -9999.0 -9999.0 -9999.0 -9999.0 -9999.0 -9999.0 -9999.0 1.24584789304 3.49052326309 4.51786577254 5.55284789881 7.48882984573 0.939516999103 3.84164864276 4.72962385213 18.5497514372 0.825702439677 0.789313281193 1.87907650858 2.69127283388 0.866614898844 -9999.0 3.30543863655 2.70586002011 0.775852692412 -9999.0 -9999.0 -9999.0 -9999.0 -9999.0 -9999.0 -9999.0 -9999.0 -9999.0 -9999.0 -9999.0 -9999.0 -9999.0 -9999.0 -9999.0 -9999.0 -9999.0 -9999.0 -9999.0 -9999.0 -9999.0 -9999.0 -9999.0 -9999.0 -9999.0 -9999.0 -9999.0 -9999.0 -9999.0
-9999.0 -9999.0 -9999.0 -9999.0 -9999.0 -9999.0 1.24372124282 1.12609610918 1.07092756971 1.09461737515 1.10460137524 7.78419243156 16.3077132038 17.3193592091 18.1422388657 0.810714426485 20.2006696941 21.019093668 1.62455135129 0.839027717183 3.48034017186 6.00097256351 0.838057962292 5.85569183009 0.871424889893 0.869185846805 0.894378437632 -9999.0 -9999.0 -9999.0 -9999.0 -9999.0 -9999.0 -9999.0 -9999.0 -9999.0 -9999.0 -9999.0 -9999.0 -9999.0 -9999.0 -9999.0 -9999.0 -9999.0 -9999.0 -9999.0 -9999.0 -9999.0 -9999.0 -9999.0 -9999.0 -9999.0 -9999.0 -9999.0 -9999.0
-9999.0 -9999.0 -9999.0 -9999.0 -9999.0 -9999.0 2.47473651806 3.64007822423 8.16035734725 11.3207693846 0.949589639137 0.983528204254 0.926176941587 2.7301305015 21.6778043757 0.712629135427 21.7571433101 24.8042977178 2.37554406734 1.54401178813 6.71876611654 0.812974904601 6.63087650585 1.57101238552 0.785887638972 1.61962877897 1.76457779448 0.890838141619 0.897783474253 0.859932719166 0.942839146652 1.88551683152 -9999.0 -9999.0 -9999.0 -9999.0 -9999.0 -9999.0 -9999.0 -9999.0 -9999.0 -9999.0 -9999.0 -9999.0 -9999.0 -9999.0 -9999.0 -9999.0 -9999.0 -9999.0 -9999.0 -9999.0 -9999.0 -9999.0 -9999.0
-9999.0 -9999.0 -9999.0 -9999.0 -9999.0 1.34444952283 2.59321570961 1.23411580538 2.38242237267 12.4914982808 14.5429946659 16.5664556882 53.1978456968 0.916961609235 22.5589551871 82.8459504728 83.4580738093 109.305039547 0.656924995416 2.25160652047 7.44233798551 0.712334560034 15.4848927997 8.11168850756 5.009129086 4.21097794816 0.852563851773 2.61507794124 2.57824395038 1.71311439721 0.816689737611 2.74051321135 0.800666598913 0.77920519899 -9999.0 -9999.0 -9999.0 -9999.0 -9999.0 -9999.0 -9999.0 -9999.0 -9999.0 -9999.0 -9999.0 -9999.0 -9999.0 -9999.0 -9999.0 -9999.0 -9999.0 -9999.0 -9999.0 -9999.0 -9999.0
-9999.0 -9999.0 -9999.0 -9999.0 -9999.0 1.34594460053 3.90784480983 7.7632796407 8.92326941383 17.5870549552 18.6579427235 22.0337150823 35.7385300791 55.9930961014 57.882314573 58.7672368145 1.52539552562 112.056514139 113.404529275 117.186761619 143.033422409 17.7070593416 16.2748131681 5.78071056781 0.741520893924 4.90678881833 3.36982885011 0.708650926771 3.31502564084 0.730272981041 1.51963933424 4.26543965063 5.02764002488 1.52155801213 0.750792856363 0.718005107364 -9999.0 -9999.0 -9999.0 -9999.0 0.642362448272 0.545131199557 -9999.0 -9999.0 -9999.0 -9999.0 -9999.0 -9999.0 -9999.0 -9999.0 -9999.0 -9999.0 -9999.0 -9999.0 -9999.0
-9999.0 -9999.0 -9999.0 -9999.0 -9999.0 1.30695388931 1.23471865579 5.13454262916 6.31735408503 7.54153639612 1.14983882831 2.27375872676 12.9669332061 2.26334001207 1.04395923574 0.94021019259 0.808695616285 0.93432731261 0.83999034645 0.883348572203 143.798282594 145.933890777 0.690376295802 2.14337204851 1.47112614583 5.62035804247 1.43924818455 0.684311468919 4.08001506996 1.43317832175 3.44033150037 8.68646587828 8.03903167629 2.26300278406 2.19587259922 0.753262684963 0.745409331858 -9999.0 -9999.0 0.744538153315 1.40496281758 3.10716553357 0.586903453 -9999.0 -9999.0 -9999.0 -9999.0 -9999.0 -9999.0 -9999.0 -9999.0 -9999.0 -9999.0 -9999.0 -9999.0
-9999.0 -9999.0 -9999.0 -9999.0 -9999.0 -9999.0 1.33565400661 1.33915180376 2.54702443725 3.76719217342 8.48447444323 10.8008419822 11.9491332095 1.18570515937 0.908533404851 12.4112486324 15.1476702563 15.9747987733 19.4367166046 20.1894129587 0.747844340146 146.690640486 150.218166272 2.80631347531 0.517188011553 6.22652818603 13.7102922371 5.42533202822 1.2915159672 0.643304191006 13.4284313994 9.36472860909 0.656030231431 0.651508553805 2.87186058585 2.18813003856 0.700803956924 0.676647264809 0.715745296918 1.43651615636 0.681901827436 3.78655239449 4.46222479097 0.631911026486 -9999.0 -9999.0 -9999.0 -9999.0 0.757876615663 0.707591318829 0.195020357318 -9999.0 -9999.0 -9999.0 -9999.0
-9999.0 -9999.0 -9999.0 -9999.0 -9999.0 -9999.0 -9999.0 1.30968622274 1.14683077567 2.40127202775 3.61187896725 1.16712039832 1.03603078307 6.57755939302 8.58414166965 10.6426307108 0.954694630497 1.81233430947 0.898946283584 20.9899136439 45.9878139738 46.6133246738 198.233869841 0.697975786461 1.46825286754 0.446492162292 14.3488221546 0.648759391163 1.95153885433 0.63166294918 14.0705432941 14.7115928539 1.31745616585 1.2842618769 7.16458025233 3.59145771819 1.39155958371 0.713636434302 1.42436324939 2.13033701502 3.46026049754 0.649136851589 5.76088542655 6.43908465146 0.636182078846 0.671903825316 0.696384036689 0.645445160088 0.622883839227 2.08680024416 0.758659133424 0.473391205647 -9999.0 -9999.0 -9999.0
-9999.0 -9999.0 -9999.0 -9999.0 -9999.0 -9999.0 -9999.0 -9999.0 2.3984487033 3.46844305758 1.1493902047 2.34604709905 3.43972264247 5.62251626456 1.08957197014 1.03929039207 0.857995336498 0.869330982182 0.754103938942 23.3858232778 0.903560480222 1.74401311901 200.714400215 202.602339478 0.878403362266 3.19927704219 18.1795657241 1.25785566682 2.51258025198 1.15543890361 1.71204898405 17.1734792252 1.8966132817 10.2291483311 8.3824721581 0.614462690868 3.40125690754 1.37357581381 2.05675625469 0.628151971097 4.10262588338 5.39528032029 6.00949599096 6.59761662744 8.86499509655 1.22171454328 1.27740803878 1.19181841376 1.14212174576 2.61791584002 0.510537217958 1.75260349908 2.20781032756 -9999.0 -9999.0
-9999.0 -9999.0 -9999.0 -9999.0 -9999.0 -9999.0 -9999.0 -9999.0 1.26055401864 5.94550302883 7.06051693481 1.11522286289 2.16643366731 1.04858190734 0.943063209341 0.923168574027 11.8397966474 15.6923392936 19.1737847751 22.7083639395 0.874804666857 0.866591339937 0.910874721324 206.609519059 208.716060132 209.621620827 24.1408923187 5.06804000369 4.3721578689 0.548941123084 2.23494934167 19.9569812054 0.540148317037 10.784244596 0.605014185999 4.37022007954 4.07862524539 0.644023497422 2.68552379977 1.25003756 1.86027022346 0.623745197464 0.576152534579 7.17959301689 7.72680126872 9.41080653869 1.85494910999 1.74713041793 1.67968853568 3.15050251641 4.18290683963 0.514094753537 2.68621982858 0.505975032307 0.959370140985
-9999.0 -9999.0 -9999.0 -9999.0 -9999.0 -9999.0 -9999.0 -9999.0 -9999.0 1.28056485246 8.2374905971 9.32453203645 3.22003960924 5.32302551052 7.24069885094 8.22097697477 1.00118894139 2.97421308984 1.96097542468 1.01734398966 0.977259340735 0.856299107576 1.70213185206 2.97033530542 1.1298945236 235.803534992 236.684466875 0.825325272198 0.564576991503 1.09147556794 1.62744943726 21.5646372865 1.07099651883 11.2797508484 6.61084936497 5.48628226935 0.605114113258 1.22722064049 3.24668110544 0.559376329896 2.40226228034 1.17408029748 0.961173753416 0.398547096423 9.06340642498 18.939793181 2.28616049589 2.18430885803 2.12149083443 0.43026168267 4.61634597825 0.421678858586 3.61281857618 0.439121805072 1.41328507598
-9999.0 -9999.0 -9999.0 -9999.0 -9999.0 -9999.0 -9999.0 -9999.0 -9999.0 -9999.0 1.10522572871 11.5468852708 1.04355280602 2.08856894036 3.02205642569 4.84733026703 0.932974528949 1.9541326843 0.95019487976 0.877908655747 0.811097902806 1.60456707399 0.703117947685 0.836590673325 1.78711760162 1.03572269816 237.625849847 239.334435565 241.657020997 2.25123775521 0.535134868077 1.06507457403 22.1232335332 20.5801170897 7.77164349264 0.568947813151 2.40167758987 1.80956783344 3.81015502013 1.11819904461 4.68607154394 1.72475701179 1.43757214358 0.299666323193 0.432823975375 19.5112953073 20.0426466243 24.975292721 3.47539608704 0.891919170761 5.09088671604 5.97207614803 9.99419627726 0.871851336694 0.405482351368
-9999.0 -9999.0 -9999.0 -9999.0 -9999.0 -9999.0 -9999.0 -9999.0 -9999.0 -9999.0 -9999.0 0.578835884322 12.7660491417 0.988753141294 1.90463638512 8.56763302562 0.935621203798 0.923374118352 0.782847387012 1.69787715683 0.826382423522 3.24823292726 4.66420998557 5.30697982588 2.43367872107 3.17925440672 0.862848896498 0.987485218273 0.929508497 245.338051806 247.001183711 22.6239485901 21.5731204247 21.0846554381 1.01576070855 0.490593996072 2.92383276961 7.78657871641 4.34237660471 1.64317952421 6.85396512097 2.81453203268 2.31979640555 0.552549793234 0.245688393774 0.233408399712 0.288504217219 26.4760562957 31.3950895367 0.426464469116 0.396624534994 0.426653107793 10.4061648133 11.6565762833 0.729064646339
-9999.0 -9999.0 -9999.0 -9999.0 -9999.0 -9999.0 -9999.0 -9999.0 -9999.0 -9999.0 -9999.0 0.527156134994 14.0400015017 17.1768453332 0.927842278473 10.4066100302 0.847956582456 0.793502850043 1.56957065606 4.07964216661 0.782111092902 0.843330568218 0.686996070566 6.67753661863 7.31401834167 11.1863957232 12.6913323243 13.4215328744 14.2326376655 15.0116205898 262.861515901 286.871390726 309.798844571 310.456406799 0.581718471277 0.500323632334 8.83560941095 8.31716012126 0.518258417317 0.515502464881 7.36535988016 10.7159392591 0.427611458649 5.27525855836 4.93522748224 1.26329437178 0.632462581286 1.0483033021 0.569301895494 32.3927408485 0.510212178382 1.28819816922 1.68813237688 14.5260625451 15.4709565716
-9999.0 -9999.0 -9999.0 -9999.0 -9999.0 -9999.0 -9999.0 -9999.0 -9999.0 -9999.0 -9999.0 1.15709447013 2.19982586712 18.1895608048 19.9149788003 0.879109227658 12.0509143513 0.702598608992 2.1695566977 4.79681444007 1.49576970154 0.708487396614 1.49442582501 0.606601480598 1.15167598187 0.548401540892 0.492144296102 0.393034360475 0.360339240923 0.362002946191 0.392122394321 0.561420974393 0.722809591865 0.869971643018 312.594346989 11.1668505996 10.0708627701 0.576760123062 1.50214386154 0.369488043049 0.312654748212 11.2013917951 17.9731555002 5.83325758011 4.43137225853 0.740781611729 0.325384256526 0.290399379225 0.739391652565 33.6426449767 34.6199566618 0.507096177827 0.518824017214 0.421789116495 0.259730921694
-9999.0 -9999.0 -9999.0 -9999.0 -9999.0 -9999.0 -9999.0 -9999.0 -9999.0 -9999.0 -9999.0 -9999.0 0.94741239222 13.3998336568 34.2406147458 37.0646381667 49.921845176 50.7009276287 10.6452209157 7.75496862509 2.22384458038 0.692978612565 2.85496763837 3.50678149868 5.22261522432 1.13497226092 1.02545761913 0.940233566279 1.82701850114 0.875825800435 0.879358911268 0.403261034628 0.276957532343 0.354832463979 313.247559743 324.726788046 325.40913575 0.61032534104 4.39093155444 1.69211280957 0.519039378811 19.6713480452 1.22126390395 0.6376119561 2.67545045618 0.535466252917 0.476699084919 0.922550160792 1.33666687827 1.80544100095 35.4650238523 0.401857944168 0.356922584849 0.356586317515 0.268533707552
-9999.0 -9999.0 -9999.0 -9999.0 -9999.0 -9999.0 -9999.0 -9999.0 -9999.0 -9999.0 -9999.0 1.07822813278 10.2392893106 12.4126236309 1.95697586145 0.580025111924 1.29569076977 52.795188879 53.5196712412 64.8853776626 0.623748279006 1.30712926372 0.559945310713 0.57352457055 5.78397900225 7.47816242004 9.00859453905 0.494644177337 2.32211319966 3.67908100353 2.20876393582 0.872698735722 0.647702667358 0.61214188593 0.683716971843 0.425257562144 326.015599392 326.538059915 331.95337234 0.9045931961 0.468045273785 20.1477078561 1.28061047334 0.672250242552 0.745837446674 0.738545508346 0.64489546936 1.17060412791 3.34979597548 5.67075013377 41.5446424425 0.306366366986 0.927392929557 0.631128028994 0.518654246448
-9999.0 -9999.0 -9999.0 -9999.0 -9999.0 -9999.0 -9999.0 -9999.0 -9999.0 -9999.0 -9999.0 1.10859772798 7.17320911606 1.1179545558 0.948814821645 5.05084248138 5.89100744542 6.72383969236 7.44780466831 88.1424124208 88.7570912938 89.9759668049 99.7754861939 101.578410778 102.614152733 103.205840898 113.46020711 114.764240307 115.283157643 119.526507074 122.292270879 122.763471271 124.257887485 1.05063472471 0.978629273288 0.249841587862 0.309257295972 327.073710123 333.888167181 1.41659225795 23.4622188122 23.0230260349 2.40207661906 0.564698467042 0.580230236478 0.554616105848 0.562342575598 1.14019757684 1.66628792392 0.53895686482 41.9368980414 42.3535213464 44.2756789407 44.6238101426 45.4704883122
-9999.0 -9999.0 -9999.0 -9999.0 -9999.0 -9999.0 -9999.0 -9999.0 -9999.0 -9999.0 -9999.0 3.71912771972 4.90558151402 2.25582592287 3.30797474034 1.03585891956 11.7500993669 12.6387254071 14.385790484 15.0817053057 5.66260100207 96.7091808114 97.3250366735 0.629644759582 0.455228301682 0.403034365543 0.880638766653 0.405691954537 0.293282151283 0.254264615748 0.281751859171 123.177579417 124.703001772 126.254431772 127.660841111 128.776016094 0.517647952864 0.19602648708 358.740344283 24.3602166627 23.9360105391 0.496374728802 0.480741270231 0.444926012075 1.02971065829 1.00846580331 0.453021429418 0.456421593661 0.421007593283 0.945489247924 1.2852438789 0.286725950245 0.516976946239 0.190771488409 0.102224366413
-9999.0 -9999.0 -9999.0 -9999.0 -9999.0 -9999.0 -9999.0 -9999.0 -9999.0 -9999.0 -9999.0 -9999.0 2.51192189844 1.16369812077 1.04236513597 9.97510069807 10.9047027402 0.928921746687 3.58192691169 4.39465821193 5.08374547437 0.780433429468 0.625472736801 14.7331254831 15.2696526171 15.7699474164 40.3313400846 40.699795167 41.2889578221 44.7067177636 46.4166822365 46.6493288756 0.212304325822 0.230539784326 0.234501180628 129.522292764 0.310410439094 363.218262916 362.695943738 3.52882394106 3.02790340834 1.87392506939 0.463672521137 0.886069414529 1.4869015249 1.46823886401 0.883989251773 0.432216989475 0.847117750316 0.822576536674 1.64077024536 0.204204526928 0.718887194646 1.22183394405 1.44903430478
