data/baseflow/History/mHMbfrc414
ncols                  80
nrows                 72
xllcorner      4374000.0
yllcorner      5656000.0
cellsize            500
NODATA_value       -9999
[rows 24 to 47 of 72, columns 0 to 53 of 80]
-9999.0 -9999.0 -9999.0 -9999.0 -9999.0 -9999.0 -9999.0 -9999.0 -9999.0 -9999.0 -9999.0 -9999.0 0.733724801039 2.01909806852 2.6428963981 4.54828269076 0.561193405066 1.13700335213 1.67265976394 6.41792607104 6.80227269795 7.00293269507 7.36204508084 7.787495153 12.6006301788 13.8038373179 14.3605062088 0.166731079323 1.29072453366 1.4275357755 25.6156629707 26.1258258602 26.3418187385 26.5626622156 26.7794130858 104.480949745 0.213892812605 221.069702187 0.245888846019 0.0929680295858 1.70957617879 1.54116143996 0.192717593318 0.861827098454 1.28207658129 1.26016161903 0.848841650403 1.38332209083 2.17934005754 0.816451504904 2.06051382734 0.147616749562 0.212652069786 0.0338157628088
-9999.0 -9999.0 -9999.0 -9999.0 -9999.0 -9999.0 -9999.0 -9999.0 -9999.0 -9999.0 -9999.0 -9999.0 0.682387713269 1.35210925163 0.628261359101 1.278700832 0.564273749365 4.27845392853 5.35183263378 5.91076854251 0.493276928767 0.915210401226 9.78711720806 11.8956735951 12.2361324466 0.813582398278 0.777647887981 1.06323863848 0.115769698984 0.10285821544 0.192725729418 0.120206347005 16.5367021156 16.6926793905 16.8166909193 104.764189125 222.306653031 221.17671095 0.142550966118 0.0669122729993 0.0601537118908 0.313258908244 0.260925630039 0.975626213969 1.48426994279 3.01100722316 0.264635050748 0.262907953463 2.37710212653 2.57824140434 5.00643750422 5.11826093982 5.36852820616 5.43439974056
-9999.0 -9999.0 -9999.0 -9999.0 -9999.0 -9999.0 -9999.0 -9999.0 -9999.0 -9999.0 -9999.0 -9999.0 -9999.0 0.63287239547 1.2734660394 1.92216320559 3.10401079235 0.621028490918 0.557494465285 4.34260499688 4.83730323565 9.0230535706 9.51373359702 1.36293676016 0.454337764055 0.405827132518 0.368781213634 15.7511860903 15.9459354841 16.0799969869 16.1768876995 16.403547698 1.86590659242 2.02764930223 18.9793978893 346.205090215 0.82998678126 0.616831402883 0.251225556652 0.0778038339021 0.0557109285616 0.431425972761 0.474071734957 1.06940284605 0.0456521946326 3.0798025882 0.389216876912 0.378091417089 0.0440111121938 0.0313873881638 0.0307006613914 0.0552607092534 0.031929213518 5.47216648207
-9999.0 -9999.0 -9999.0 -9999.0 -9999.0 -9999.0 -9999.0 -9999.0 -9999.0 -9999.0 -9999.0 -9999.0 -9999.0 -9999.0 0.616047026154 1.31582424406 1.98320447582 2.66650655926 3.23064429347 3.81218740011 1.66774703287 2.75535923133 0.493278885465 0.475998070381 13.6648354685 14.5843802253 15.0052593848 15.4426389884 0.294210088865 0.501400834805 1.36333083014 1.52196660254 1.68328552386 0.193370607835 0.181625500873 346.846350205 0.222470298445 0.249105741258 0.120814621279 0.366796016515 0.170219173511 0.101724300293 1.63238364235 1.74420759014 0.0654791904029 3.16056343917 3.58537178939 0.415257774509 72.2968243508 72.2168267376 72.1449671885 71.9483402558 71.837141163 70.5769516345
-9999.0 -9999.0 -9999.0 -9999.0 -9999.0 -9999.0 -9999.0 -9999.0 -9999.0 -9999.0 -9999.0 -9999.0 -9999.0 -9999.0 0.20475337859 0.452253599065 0.681288765709 6.99546737349 7.57381212564 0.588432662257 0.561337800237 0.547091379242 11.7305270969 12.7516995392 0.487121190979 0.502695470012 0.395429484073 1.63939826214 2.03580278689 0.903244532683 1.11670880888 9.54915597354 9.80159751129 10.329304535 15.9589404159 362.986652634 0.226341695979 0.0996473875822 0.589574293328 0.47734892123 0.095627546303 0.297350382779 0.390095155994 1.84692227593 1.93704520758 5.71863181445 3.64493837334 0.460846223135 73.7778498253 0.684038041838 72.0698534063 72.0124728025 1.16719603141 0.118976103888
-9999.0 -9999.0 -9999.0 -9999.0 -9999.0 -9999.0 -9999.0 -9999.0 -9999.0 -9999.0 -9999.0 -9999.0 -9999.0 -9999.0 1.0529289277 1.72928271666 3.52139555699 6.32630950349 8.26130871165 9.58587792503 10.1503243131 10.7181366091 11.2557681358 0.497055968153 0.445129936999 0.868629038244 0.817362474188 0.427865349714 8.36845051204 8.75440605065 9.10786067721 9.42902392682 4.9006233812 5.06872679582 5.38712909855 363.140417032 0.413209752857 0.2659975211 0.930694551706 0.104154237486 0.22104348123 0.124988253582 0.0855794907163 0.491721485431 0.072591204464 0.0764319459895 79.9104571255 74.1284074475 74.0472926996 0.283138762716 0.634177359253 0.390635346862 0.0747494057286 0.934638244054
-9999.0 -9999.0 -9999.0 -9999.0 -9999.0 -9999.0 -9999.0 -9999.0 -9999.0 -9999.0 -9999.0 -9999.0 -9999.0 -9999.0 0.738771362994 0.722434980415 1.42768853499 2.12825292289 0.663585942605 0.634763595941 1.20116514383 1.75346485984 2.7816073559 3.30000481987 3.76027772416 5.10479884926 5.51891367552 5.96540876813 0.39730299304 4.03355462826 4.33844791326 4.56242344813 0.129638752464 0.0462299514032 0.107011211019 368.488551157 368.63514743 369.30242007 1.2301076914 0.213229568971 0.331726646482 0.0803283883452 0.15279411199 0.566188322466 0.700431043947 0.138452990697 80.2646599859 0.120034126222 0.155760209306 0.166162188243 0.141921972705 0.241038493372 0.102581858072 0.662596272739
-9999.0 -9999.0 -9999.0 -9999.0 -9999.0 -9999.0 -9999.0 -9999.0 -9999.0 -9999.0 -9999.0 -9999.0 -9999.0 -9999.0 -9999.0 0.708127608712 1.38831299126 0.645045354159 1.31463074345 8.11992571956 8.70201118377 9.24395883719 0.512702228842 0.517660572351 0.976722149844 1.44030036119 2.24472121165 2.66003660753 2.8880216493 3.25674452682 0.29694843699 0.241608122024 4.80721931977 4.85727300869 4.96034499271 5.08555694351 4.24370976263 374.077275253 376.061485084 376.165843741 376.592195983 377.001302851 377.240378422 0.0682087638202 0.763212130572 80.3346911385 0.150720728728 0.0771178227072 0.107160015134 0.108332149372 0.179767228746 0.136921897304 0.0788027709695 0.113847097163
-9999.0 -9999.0 -9999.0 -9999.0 -9999.0 -9999.0 -9999.0 -9999.0 -9999.0 -9999.0 -9999.0 -9999.0 -9999.0 -9999.0 -9999.0 -9999.0 2.06274669523 2.73870919877 4.75086641367 6.14099040046 0.69729433792 10.5492012061 11.056084785 11.542155172 0.475933863115 0.933904310874 0.40443616774 3.09042068394 3.29605589331 3.62326870496 3.95239368193 4.66312393145 4.72385310713 0.0465117617135 3.71726733743 3.97762384734 4.12180246164 4.62667997166 0.617188758528 0.378139582043 0.209558758027 0.200263779099 377.484957577 377.594386859 378.864214343 80.4015597567 0.447226121996 0.23988937361 0.167081514914 0.0477939121762 0.464983528605 0.224483227386 0.0702227860344 0.37220992248
-9999.0 -9999.0 -9999.0 -9999.0 -9999.0 -9999.0 -9999.0 -9999.0 -9999.0 -9999.0 -9999.0 -9999.0 -9999.0 -9999.0 -9999.0 -9999.0 0.710672318506 3.42451139 4.11656815552 0.717981925793 0.562594052557 1.1283167999 1.65379692842 13.7042812356 0.474707159977 1.90284032496 2.3259074141 2.73549169281 0.216383955004 0.516479823455 0.641981848879 3.02803264955 3.29427970684 3.41518413425 0.128466661136 0.117677827243 0.127726866553 0.23488089484 0.09548231606 0.100932258502 0.158264922654 0.14094313443 0.158374565133 0.424692969539 378.983407957 459.664394375 0.546120273105 0.108161991566 0.0516961586042 1.36842403715 1.26301126143 0.720782694183 0.640556711413 0.469350532691
-9999.0 -9999.0 -9999.0 -9999.0 -9999.0 -9999.0 -9999.0 -9999.0 -9999.0 -9999.0 -9999.0 -9999.0 -9999.0 -9999.0 -9999.0 0.652818209148 2.01558447139 0.656025928603 0.684053531977 0.620664117436 1.18875669595 1.73754211212 2.28582779517 16.584416943 17.0381459783 0.46588631137 0.88713874055 1.31417963378 1.58899205372 1.86066268707 2.60561534967 2.89758019721 0.103910673078 0.137951933829 0.133243977217 0.158647887939 0.16314363695 0.170740702568 0.147246658637 0.19072971508 0.600691572358 0.283972776159 0.12583553372 0.124462313974 0.093637017878 0.17350771687 464.20529066 3.88083205724 1.74140727208 0.236203123107 0.1206222063 0.068522029352 0.204748989341 0.128616658588
-9999.0 -9999.0 -9999.0 -9999.0 -9999.0 -9999.0 -9999.0 -9999.0 -9999.0 -9999.0 -9999.0 -9999.0 -9999.0 -9999.0 0.691997282558 1.32448425084 4.64346045318 0.640033665781 1.37434683162 1.97776758739 2.53996179131 0.58232143319 1.09099372702 1.68193927996 19.2690796957 0.440818513245 0.835270662213 1.23803146312 0.36054775391 0.703901950925 0.797183267673 1.04356301475 31.7109175517 32.0047142284 32.2883722227 33.5326119963 34.0174560577 34.9639107566 0.233655930667 0.543371459753 0.723442018079 37.7813118908 37.9957411934 0.114075922168 0.180431043236 0.245057546254 464.346644319 3.68855546062 1.62928941123 1.47980391436 1.33349749365 1.20855538215 0.269976655884 0.0713457987432
-9999.0 -9999.0 -9999.0 -9999.0 -9999.0 -9999.0 -9999.0 -9999.0 -9999.0 -9999.0 -9999.0 -9999.0 -9999.0 -9999.0 0.691309227664 2.09912342252 7.42830506155 11.0047559075 0.593985491144 14.3463601974 17.5058840143 0.543184140688 1.04433597809 1.61438376584 23.9520945082 24.4361566824 0.330192082763 1.90245120344 2.20412109279 2.45985227567 29.8443203269 30.2359067614 30.5513552531 0.159829601459 0.900013952096 1.06767484207 0.449288004679 0.63344819058 35.8664962892 36.6887431232 36.8340542975 36.9708713722 38.1611527869 0.0803167003043 0.0714057087781 0.379206613664 464.472065927 0.154759029577 0.00673719836618 0.0183914441771 0.00738364968037 1.0272158724 0.969734613206 0.583674805166
-9999.0 -9999.0 -9999.0 -9999.0 -9999.0 -9999.0 -9999.0 -9999.0 -9999.0 -9999.0 -9999.0 -9999.0 -9999.0 -9999.0 -9999.0 -9999.0 1.4524671704 2.92422219516 13.0337581117 13.7351507507 18.1376751827 18.7707149882 0.532212807422 1.06444278266 2.53414125221 24.9543884937 25.667574758 25.9454736202 0.221444849389 26.8725805968 27.2488977332 0.259220054283 0.16210938412 0.309429091305 0.60345625321 0.146487615981 0.290283404725 0.627973201024 0.779887204449 0.152270071491 0.106463242178 0.208955162159 38.937494815 39.180694212 39.2435798552 39.8005879376 464.581159861 0.135227824572 0.00378521650144 0.00432826897333 0.00425524844676 0.00444720205432 0.00383283132818 0.00685915618523
-9999.0 -9999.0 -9999.0 -9999.0 -9999.0 -9999.0 -9999.0 -9999.0 -9999.0 -9999.0 -9999.0 -9999.0 -9999.0 -9999.0 -9999.0 -9999.0 0.755047359549 0.742772938279 0.720383644544 1.39056835898 0.614600866694 19.9986215281 20.5805810631 0.518115160886 0.995093277462 0.42706369561 0.339764421202 0.328351252074 26.4647742037 0.109780733362 0.219322758314 0.161146670016 0.165588975489 0.148133166011 0.116028338155 0.120730470599 0.368384512709 0.504701198283 0.100223721852 0.0910746936364 0.196334514642 0.324846725338 0.428801498722 0.122795508274 39.3462561883 39.8659641108 464.670837551 0.301823253294 0.0188615185602 0.00195532069169 0.00570838459 0.00151258251665 0.00113873944347 0.00818958546535
-9999.0 -9999.0 -9999.0 -9999.0 -9999.0 -9999.0 -9999.0 -9999.0 -9999.0 -9999.0 -9999.0 -9999.0 -9999.0 -9999.0 -9999.0 -9999.0 -9999.0 -9999.0 0.73435825331 2.06826354392 2.66831168242 3.27223971483 21.1693900878 21.7540448044 22.3157173223 22.8452934135 23.1642386023 23.8242590716 23.9424366612 24.038293189 24.1508803944 0.145795331286 0.135455453262 0.143342430815 0.507075582659 0.134327269236 0.127610616849 0.100913861772 0.295579381234 0.118674856574 0.0937523509506 0.0871543784152 0.0784322451917 0.156534158742 0.222766285652 40.3142407751 505.372332299 0.143836800143 0.238242385431 0.00141130184797 0.00764075221379 0.00401448100405 0.00230015519285 0.633433317156
-9999.0 -9999.0 -9999.0 -9999.0 -9999.0 -9999.0 -9999.0 -9999.0 -9999.0 -9999.0 -9999.0 -9999.0 -9999.0 -9999.0 -9999.0 -9999.0 -9999.0 -9999.0 -9999.0 0.635471921453 4.88321814415 9.48689407367 10.0950095048 0.65972839949 1.18055968961 1.6618157012 2.03105559461 4.56094114221 4.71138797502 0.147422609247 0.141796630081 24.4564830851 24.7223075252 24.8436585476 0.601531214473 0.0873975624348 0.214654031353 0.315572975133 0.94971064636 1.17120655373 1.34983613145 0.16396117719 0.228122436397 0.0770773362168 0.15331343567 0.0790070397366 505.530535683 0.110828927041 0.463806107952 0.0869582621695 0.130588493934 0.607531027747 0.66206734742 1.35486442996
-9999.0 -9999.0 -9999.0 -9999.0 -9999.0 -9999.0 -9999.0 -9999.0 -9999.0 -9999.0 -9999.0 -9999.0 -9999.0 -9999.0 -9999.0 -9999.0 -9999.0 -9999.0 0.688891753576 2.16979936776 4.26186302922 5.5860975564 14.1046336585 14.7435787098 1.00503577625 1.48669358411 1.88454652942 2.23617173517 4.83765067084 5.12730052645 8.66012579343 8.92504281692 9.0647593213 24.9659136949 25.8801234687 0.208544385817 0.136126150154 0.129479482731 0.247734131456 0.114270422054 1.57346881623 1.65817182452 0.301000379345 0.394502549505 0.0883626375959 127.641064456 127.807751694 633.449967224 634.07096543 0.129738068294 0.409531870494 0.155701886264 0.107574477561 1.51926470219
-9999.0 -9999.0 -9999.0 -9999.0 -9999.0 -9999.0 -9999.0 -9999.0 -9999.0 -9999.0 -9999.0 -9999.0 -9999.0 -9999.0 -9999.0 -9999.0 -9999.0 -9999.0 -9999.0 0.765847133177 0.744460954074 1.42427997599 3.39516804303 15.3655014767 0.51660281351 0.511418707585 0.909603755297 1.31437307003 2.96917946808 3.13756652156 0.118354431825 0.175990336174 9.23412450413 9.36244300227 35.3682936343 35.4810589313 0.0761708924994 0.0677143432806 0.0570520702888 0.0576058481531 0.0627833699924 125.99386068 126.519260149 127.015582507 127.201216092 127.549090341 0.0898555462752 0.331191522902 0.398670385158 634.649668546 634.735217385 634.876201912 634.981967469 635.071668545
-9999.0 -9999.0 -9999.0 -9999.0 -9999.0 -9999.0 -9999.0 -9999.0 -9999.0 -9999.0 -9999.0 -9999.0 -9999.0 -9999.0 -9999.0 -9999.0 -9999.0 -9999.0 -9999.0 -9999.0 0.696257345422 0.72161723166 1.34770325757 18.0006644387 18.5939211034 0.502390605257 0.899755436933 1.31377251826 1.51692550889 0.160730569533 0.362101349535 36.0634318284 36.199101459 36.3466411946 37.4144573308 73.0270408648 122.827506266 123.011684027 123.178850419 123.339832368 124.026386748 124.250878374 0.430153928186 0.194958676927 0.116227863828 0.219106711307 0.165091411363 0.261264515958 0.0817073476876 1.8315873137 2.07571257169 2.31128717356 2.34166364562 635.13608862
-9999.0 -9999.0 -9999.0 -9999.0 -9999.0 -9999.0 -9999.0 -9999.0 -9999.0 -9999.0 -9999.0 -9999.0 -9999.0 -9999.0 -9999.0 -9999.0 -9999.0 -9999.0 -9999.0 -9999.0 -9999.0 0.706226891975 1.35498747578 2.00661735846 19.1412944566 0.512357010854 25.5570835233 25.9878225802 26.1511274613 26.3704207991 35.2416024104 35.486442376 0.149716056273 0.786883694532 0.948649003833 0.147607147646 49.6183765107 49.3478528577 0.0849682320556 0.198289405663 0.540480972122 0.120236471211 0.129853381374 0.0993586455265 0.0857045800346 0.066280183509 0.0784930888008 1.5749104604 1.65683014121 1.75565173552 0.176548259303 0.172485791992 2.44958125648 2.49861905955
-9999.0 -9999.0 -9999.0 -9999.0 -9999.0 -9999.0 -9999.0 -9999.0 -9999.0 -9999.0 -9999.0 -9999.0 -9999.0 -9999.0 -9999.0 -9999.0 -9999.0 -9999.0 -9999.0 -9999.0 -9999.0 0.655314388333 0.614205005839 3.16345332798 23.5259018172 24.635337937 25.1595479493 0.39285387164 8.48618919642 8.61053425171 8.68047625296 0.21145772719 0.375809510115 0.51882092908 11.0670873675 11.1826786908 11.2828832857 49.1641551259 31.7016781186 0.109877892647 0.11678583661 0.11141129513 0.0892521527966 0.939044035759 1.13271140201 1.30217922098 1.39773946377 1.48979682403 10.8218716312 10.8892638423 10.9767897753 11.1932963008 12.0712581283 12.1018844087
-9999.0 -9999.0 -9999.0 -9999.0 -9999.0 -9999.0 -9999.0 -9999.0 -9999.0 -9999.0 -9999.0 -9999.0 -9999.0 -9999.0 -9999.0 -9999.0 -9999.0 -9999.0 -9999.0 -9999.0 -9999.0 -9999.0 1.27736650616 1.9366533837 0.635585230553 0.522373319481 7.22586798287 7.63325122681 7.88734576812 2.34432579735 2.44781530301 2.58125716554 2.73441298294 10.8078577038 10.9664592965 5.83541270291 17.2455802135 17.3637746528 31.613325904 0.235796350476 0.120562867196 0.0850382050853 0.649028017954 0.761838400058 0.070665038853 0.0661151484132 10.5032107346 10.672915902 10.7589246641 0.107220110266 0.156971785316 11.9358361121 0.0802348126958 0.237775679031
-9999.0 -9999.0 -9999.0 -9999.0 -9999.0 -9999.0 -9999.0 -9999.0 -9999.0 -9999.0 -9999.0 -9999.0 -9999.0 -9999.0 -9999.0 -9999.0 -9999.0 -9999.0 -9999.0 -9999.0 -9999.0 -9999.0 0.635881895515 1.25888308185 5.10365213165 5.72980598963 6.25533907941 1.93729211945 2.23818743289 0.114155134227 7.70847245906 7.80984671137 7.92135709853 0.141008934253 5.54062154666 5.70487615211 0.12344006675 31.0027380117 0.262517260746 0.130535060122 0.352304709473 0.473292283921 0.0928414156702 0.0751036930237 9.65034977431 10.3477531098 10.4499664993 0.102079414929 0.224093868472 0.284212185938 0.3452441543 0.672916403365 0.0871476069456 0.196363257499
