data/baseflow/History/mHMbfrc505
ncols                  80
nrows                 72
xllcorner      4374000.0
yllcorner      5656000.0
cellsize            500
NODATA_value       -9999
[rows 24 to 47 of 72, columns 0 to 54 of 80]
-9999.0 -9999.0 -9999.0 -9999.0 -9999.0 -9999.0 -9999.0 -9999.0 -9999.0 -9999.0 -9999.0 -9999.0 1.0736761126 3.04970265799 3.99571826537 6.8417125475 0.839391559058 1.70026245534 2.50194194586 9.71621489037 10.4466924249 11.110772374 11.7421184569 12.3447521335 18.8455386599 20.6951596497 21.7451526974 0.463015575694 2.86587895558 3.31395652522 42.1865635422 44.1710915875 45.1493503615 46.1555298139 46.924571606 172.570033814 0.205429127526 338.047602517 0.581536417467 0.291837206576 3.03643757518 2.59395547322 0.445235142452 1.38894212716 2.04296558294 2.00723605531 1.39958527351 2.31248076213 3.66250759611 1.37678914024 3.39077210609 0.335644058399 0.529934882091 0.11226229301 0.0866501547413
-9999.0 -9999.0 -9999.0 -9999.0 -9999.0 -9999.0 -9999.0 -9999.0 -9999.0 -9999.0 -9999.0 -9999.0 1.03017301294 2.04127228362 0.953299675742 1.9068431173 0.850045410531 6.47672602647 8.10538028559 8.93494956686 0.768233656918 1.51271327826 14.2069501957 17.6904542966 18.3319368001 1.20680373848 1.37064233939 2.07565230415 0.400110454609 0.36860687424 0.697507560227 0.28957058953 20.9910796478 21.3479310104 21.5884209324 172.830304137 340.513614866 338.330117277 0.454862135088 0.224249480725 0.20604471488 0.973639421137 0.77507640623 1.8184178547 2.48192495288 4.94549664266 0.453410108605 0.450394012999 4.07861830067 4.51107968875 8.62603169763 8.8459724764 9.49026254945 9.69851082211 0.202475436996
-9999.0 -9999.0 -9999.0 -9999.0 -9999.0 -9999.0 -9999.0 -9999.0 -9999.0 -9999.0 -9999.0 -9999.0 -9999.0 0.988047242297 1.96470431038 2.94130157773 4.70989645057 0.919914847657 0.836389757902 5.53434482913 6.30413799999 12.7612502558 13.5436142192 2.18969059101 0.704388873544 0.604163567396 0.588024539446 18.8640404938 19.2670433609 19.6808261056 20.034174957 20.6562807824 3.84328870529 4.05208196433 25.9879476051 539.452837749 1.74357270791 1.35592646865 0.676228351226 0.184675260363 0.173132100645 1.37137438289 1.50837522026 2.18693819831 0.194891573405 5.21023166809 0.813187731377 0.801689088003 0.188303502089 0.118662759334 0.0979334904673 0.0840135200371 0.0986097318336 9.79635352975 123.079742301
-9999.0 -9999.0 -9999.0 -9999.0 -9999.0 -9999.0 -9999.0 -9999.0 -9999.0 -9999.0 -9999.0 -9999.0 -9999.0 -9999.0 0.954783650159 1.720254035 2.37750844926 3.03455140186 3.8676577391 4.72357561913 2.48603366546 4.14675005935 0.778913468263 0.746009709285 15.7035830354 17.1233148122 17.7660350803 18.4192975224 0.458710801551 0.843652371059 2.36504824079 2.98739357328 3.47377904862 0.271744457366 0.150672118738 540.127202235 0.343922492842 0.465614417624 0.294502137524 0.836259348707 0.372607492132 0.226256341401 3.85844017777 3.96914659765 0.0989954799684 5.31480930027 6.30858397595 1.06038303841 127.679805137 127.373949434 127.148620126 126.741185784 126.592723662 123.818567623 123.673771539
-9999.0 -9999.0 -9999.0 -9999.0 -9999.0 -9999.0 -9999.0 -9999.0 -9999.0 -9999.0 -9999.0 -9999.0 -9999.0 -9999.0 0.188481452723 0.421400202565 0.677718299728 6.38314601731 7.24489529138 0.871936244759 0.836099248979 0.832501803706 12.6902853078 14.280798946 0.769431485585 0.775948493805 0.638752466516 2.65761479421 3.30624460018 1.48798275253 1.977868511 15.3084490659 15.8361493697 16.4943898129 26.3167594036 566.590738688 0.352402436759 0.219918380693 1.32907945526 1.09402478487 0.124528782624 0.487720966074 0.619328766316 4.10719175443 4.21953602302 10.7856914387 6.36709042344 1.18808474123 130.52847061 1.05804276301 126.954865056 126.854144281 2.62542359581 0.0780710569204 0.455647099591
-9999.0 -9999.0 -9999.0 -9999.0 -9999.0 -9999.0 -9999.0 -9999.0 -9999.0 -9999.0 -9999.0 -9999.0 -9999.0 -9999.0 0.932826559279 1.54246115066 3.19665661804 5.59922689055 7.84481957998 9.48284870869 10.3081757036 11.1451427766 11.9510649719 0.782100553536 0.709658818782 1.40147747639 1.32195818832 0.695127395606 13.1999013288 13.8325847279 14.4195201611 14.9772205973 8.81679619987 9.28179573203 9.66518363235 566.720540625 0.580276787523 0.800553694247 2.31052372534 0.247723604323 0.242501811196 0.121876918603 0.122818886391 0.731437449946 0.0912362796672 0.0973646041138 141.840232828 130.989392873 130.89700909 0.417565777387 0.895787931079 0.588887495531 0.140480391439 2.44874063406 0.677276041455
-9999.0 -9999.0 -9999.0 -9999.0 -9999.0 -9999.0 -9999.0 -9999.0 -9999.0 -9999.0 -9999.0 -9999.0 -9999.0 -9999.0 0.651187047514 0.621503264123 1.22446869449 1.83597050671 0.873770505385 0.963856453494 1.83218943225 2.68708044251 4.30435378322 5.09847519145 5.79394547764 7.91391682391 8.56298392432 9.28706147354 0.663328238834 6.60095289196 7.18991096968 7.77871330092 0.527999323597 0.337369281323 0.585799941834 577.157759092 577.284922262 578.191684728 2.98965934104 0.502489620347 0.567444035524 0.168542890939 0.220315990195 0.830615043099 1.00764137768 0.177840255985 142.263703406 0.129878234459 0.219083640006 0.25022023693 0.169731924277 0.342687143909 0.139334938897 1.62495960876 1.29345673458
-9999.0 -9999.0 -9999.0 -9999.0 -9999.0 -9999.0 -9999.0 -9999.0 -9999.0 -9999.0 -9999.0 -9999.0 -9999.0 -9999.0 -9999.0 0.595939615134 1.16829423896 0.563737108417 1.18107052784 7.21169879145 7.95292674768 8.77514385567 0.804054962615 0.801870636829 1.50230679917 2.22748486483 3.51000860057 4.18621746666 4.65333135396 5.3059033251 0.545603585035 0.538877825269 8.92755233831 9.28234194233 9.50694342337 9.70955437358 7.89249699272 586.877520204 591.105308939 591.261853298 591.962155157 592.739895277 593.006654395 0.0822454212956 1.08979208469 142.331095916 0.182085309731 0.0935381624657 0.0919244220841 0.09195318815 0.166269441185 0.184342013458 0.109047008258 0.172620446301 0.168901797021
-9999.0 -9999.0 -9999.0 -9999.0 -9999.0 -9999.0 -9999.0 -9999.0 -9999.0 -9999.0 -9999.0 -9999.0 -9999.0 -9999.0 -9999.0 -9999.0 1.73106198279 2.30263949833 4.0416169626 5.37438893402 0.709489678158 10.3811509614 11.1665083867 11.9090092833 0.718735869268 1.41514243505 0.627162183365 4.75039651782 5.16017799482 5.83012991819 6.5899212027 8.16483333191 8.46779006406 0.194087008583 7.13264047574 7.53074660152 7.70563251396 8.54803747753 1.10072901088 0.698456573189 0.441044251105 0.373176255309 593.411768911 593.523761134 595.294511296 142.391024422 0.521475465418 0.274709918899 0.174596957702 0.0655848806322 0.563523895529 0.313596078898 0.0983471672062 0.558170095115 0.476639667784
-9999.0 -9999.0 -9999.0 -9999.0 -9999.0 -9999.0 -9999.0 -9999.0 -9999.0 -9999.0 -9999.0 -9999.0 -9999.0 -9999.0 -9999.0 -9999.0 0.596762612926 2.88771799063 3.49968117105 0.748731889803 0.853319428705 1.73346937335 2.54328047578 15.2112864637 0.717725522172 2.87603323477 3.52839478968 4.16607559373 0.472867479581 1.07746112869 1.44083422885 5.62759549595 6.36911175674 6.54375090717 0.204295406397 0.211059611214 0.265742045237 0.474375343787 0.225819625031 0.241815240168 0.352553450945 0.26371920741 0.303953877649 0.636463995868 595.396334525 738.065351955 0.703814685279 0.226903469807 0.0755590723868 1.84578451225 1.70120735219 1.03626664963 0.934175516909 0.704638072286 0.171781713346
-9999.0 -9999.0 -9999.0 -9999.0 -9999.0 -9999.0 -9999.0 -9999.0 -9999.0 -9999.0 -9999.0 -9999.0 -9999.0 -9999.0 -9999.0 0.514612020536 1.64024823288 0.532068045909 0.873477376838 0.946414049744 1.80957279232 2.66128216187 3.3548929293 19.0755323569 19.7661605739 0.709959404808 1.36418032303 2.02563023846 2.52641205011 3.1021121581 5.05855095611 5.4149701329 0.510268599271 0.339763732412 0.258311537478 0.136889633077 0.327951752945 0.32159848619 0.413732832962 0.461913907589 1.09670138356 0.416149399915 0.10509949129 0.100224795524 0.115278290801 0.216060792345 744.926170377 6.06187899694 2.25853202349 0.181509429344 0.0855325873559 0.0602642784272 0.23235475076 0.166821257851 0.0888623825691
-9999.0 -9999.0 -9999.0 -9999.0 -9999.0 -9999.0 -9999.0 -9999.0 -9999.0 -9999.0 -9999.0 -9999.0 -9999.0 -9999.0 0.543044483104 1.04648011268 3.70772879926 0.495488114429 1.54264249979 2.46707875361 3.3215394495 0.877802299376 1.6414757673 2.25217982771 22.489253627 0.674519893132 1.28979417496 1.92315904273 0.613542411408 1.22357079975 1.71861634981 2.08653651882 42.3183622646 42.9584215897 43.6845687613 46.2240397656 46.9002045927 48.4912262465 0.884119921382 1.86166524412 1.51967244575 54.2849047207 54.4874993834 0.0917235137137 0.176532627701 0.257009517119 744.953452324 5.66132758703 3.17012082264 3.06155846803 2.0579470312 1.64010918161 0.307350032741 0.0699945674364 0.144488858133
-9999.0 -9999.0 -9999.0 -9999.0 -9999.0 -9999.0 -9999.0 -9999.0 -9999.0 -9999.0 -9999.0 -9999.0 -9999.0 -9999.0 0.551598243569 1.67514939403 5.93145143761 8.74796072102 0.431712050102 11.3434314025 15.1734008496 0.820521134094 1.57419357355 2.22956735108 28.8163663954 29.3026863846 0.485940515389 2.90402665871 3.3886498609 3.91696204657 38.1490269557 39.3036696356 39.8618221857 0.276811018944 1.67356616034 2.06231181883 0.712851299516 1.01101401852 49.9230282404 52.2134864299 52.4428765231 52.6548522504 54.722558963 0.115965323137 0.104423712048 0.441818367681 745.003171821 0.121825312615 0.303934996023 0.914140254801 0.33676498269 1.50204473719 1.04207779453 0.624826421291 0.455255523028
-9999.0 -9999.0 -9999.0 -9999.0 -9999.0 -9999.0 -9999.0 -9999.0 -9999.0 -9999.0 -9999.0 -9999.0 -9999.0 -9999.0 -9999.0 -9999.0 1.16175499434 2.32765035419 10.3167238886 10.8794671716 15.6608853935 16.1764626977 0.799625564086 1.59800628962 3.67294326 29.703610536 30.6697367986 31.0476545315 0.306115253444 32.5353746087 33.7330548056 0.717617251673 0.260302992556 0.506819003192 0.982012833113 0.237472293697 0.467253236248 1.01298505848 1.25352893267 0.243129950234 0.161897815178 0.313333767117 56.0594813739 56.6514816442 56.736903441 57.434928187 745.041198782 0.0897955796227 0.218824547213 0.262555487478 0.249300494514 0.255600980184 0.218515352946 0.409290246442 0.0592959182408
-9999.0 -9999.0 -9999.0 -9999.0 -9999.0 -9999.0 -9999.0 -9999.0 -9999.0 -9999.0 -9999.0 -9999.0 -9999.0 -9999.0 -9999.0 -9999.0 0.603581477127 0.586989888476 0.569041534256 1.0963151311 0.47226326855 17.121900649 17.5878163873 0.695659305817 1.42549937226 0.627138723735 0.485415814126 0.46493696907 31.9057786302 0.400703908574 0.821625750525 0.370935294459 0.2806413826 0.23891405717 0.186178588377 0.194559230779 0.605940938456 0.83507003124 0.163911520855 0.143182290354 0.315180507908 0.530972986175 0.735647976874 0.313123242928 56.8997187875 57.5255802942 745.055451658 0.717290269931 0.525138583027 0.171355601342 0.386972837025 0.140715736878 0.109794450151 0.528309302895 0.322551722058
-9999.0 -9999.0 -9999.0 -9999.0 -9999.0 -9999.0 -9999.0 -9999.0 -9999.0 -9999.0 -9999.0 -9999.0 -9999.0 -9999.0 -9999.0 -9999.0 -9999.0 -9999.0 0.579576636026 1.61404013256 2.05527670849 2.51685611127 18.0463386555 18.5151518064 18.9703676678 19.4837214479 19.9320224428 20.8654580429 21.2380814328 21.6195334461 21.924017911 0.243017454765 0.230838941895 0.238205856557 0.825476538748 0.219642413984 0.212744382566 0.164505299113 0.485008629609 0.192992798009 0.151328637886 0.139885624512 0.119612838755 0.238713454747 0.350226480459 58.2484079732 804.039353878 0.0974536597114 0.173444728096 0.144316061186 0.534084272594 0.298761293326 0.220549346072 1.12836749164 0.556600536098
-9999.0 -9999.0 -9999.0 -9999.0 -9999.0 -9999.0 -9999.0 -9999.0 -9999.0 -9999.0 -9999.0 -9999.0 -9999.0 -9999.0 -9999.0 -9999.0 -9999.0 -9999.0 -9999.0 0.463258994336 3.78629189281 7.32462105811 7.79060821373 0.679681252566 1.38276221469 2.10877788991 2.68970678638 6.59288594286 6.86065539822 0.255390165296 0.256322124013 22.583577375 23.088610529 23.2990983709 0.98168867489 0.132789830823 0.356371986191 0.521666893625 1.58839091641 1.95585616341 2.24972930802 0.268780775525 0.379034739657 0.131096189401 0.262979749183 0.137310896343 804.232494509 0.0753972813678 0.331575128246 0.217385400914 0.813118876157 1.58847000673 1.85346329069 3.03121417001 0.697011960712
-9999.0 -9999.0 -9999.0 -9999.0 -9999.0 -9999.0 -9999.0 -9999.0 -9999.0 -9999.0 -9999.0 -9999.0 -9999.0 -9999.0 -9999.0 -9999.0 -9999.0 -9999.0 0.529794147592 1.70535039034 3.33003816659 4.33818105496 10.8949651416 11.4585647905 1.50781066792 2.24230981414 2.89871509735 3.46529765027 7.19320508233 7.73748496231 14.3077979586 14.8778225498 15.2994253911 23.4941356545 24.9647467789 0.328824495772 0.234483667849 0.220338955121 0.425613699097 0.195541504355 2.63280109894 2.77494816377 0.511633889308 0.726126078556 0.297886306495 161.708198923 162.050023745 966.364721445 966.743893943 0.0952270055089 1.01399372239 0.217826387029 0.183575148625 3.41334967266 4.19975743256
-9999.0 -9999.0 -9999.0 -9999.0 -9999.0 -9999.0 -9999.0 -9999.0 -9999.0 -9999.0 -9999.0 -9999.0 -9999.0 -9999.0 -9999.0 -9999.0 -9999.0 -9999.0 -9999.0 0.615798162556 0.599240801022 1.11819009776 2.63920149627 11.9470982111 0.772326374273 0.763112677343 1.39492444723 2.06058857924 5.14131974501 5.61450708499 0.393328098659 0.355085645457 15.6126496806 15.8142870268 41.0677961818 41.362999352 0.12033092893 0.105399848843 0.0928635603414 0.0937510914832 0.109814234996 158.624388484 159.530371473 160.424840873 160.912967067 161.494767685 0.163042089981 0.600523014585 0.719888362086 967.633276524 967.625362815 967.614576454 967.704956326 967.820758882 4.48958777146
-9999.0 -9999.0 -9999.0 -9999.0 -9999.0 -9999.0 -9999.0 -9999.0 -9999.0 -9999.0 -9999.0 -9999.0 -9999.0 -9999.0 -9999.0 -9999.0 -9999.0 -9999.0 -9999.0 -9999.0 0.538112879283 0.569294934532 1.04712523101 13.9836844801 14.4681411761 0.74961892712 1.37912452325 2.05918107164 2.6574359431 0.545842004861 0.993075966245 34.1901984575 34.4104508249 34.7418124861 36.8229838251 78.4570371539 153.234021597 153.528075776 153.804031376 154.068046608 155.311683788 155.713351911 0.779673624988 0.347864477818 0.210874091833 0.395855385456 0.299930517213 0.475017143822 0.149816293318 3.33736116931 3.73170015335 4.01002212972 4.06672711576 967.821028818 972.469235939
-9999.0 -9999.0 -9999.0 -9999.0 -9999.0 -9999.0 -9999.0 -9999.0 -9999.0 -9999.0 -9999.0 -9999.0 -9999.0 -9999.0 -9999.0 -9999.0 -9999.0 -9999.0 -9999.0 -9999.0 -9999.0 0.549281866473 1.04939822949 1.55336564444 14.884699217 0.5111289084 20.4006140948 21.0950825807 21.654848213 22.1333479553 32.2775991074 32.7789049214 0.238397775423 1.44041930896 1.80414461489 0.257193186164 74.4906693287 74.0215044521 0.156308152508 0.359509741792 0.994520964375 0.224434195283 0.242306379495 0.177800471272 0.154029175172 0.120133120542 0.143031505876 2.86611962532 3.01844108696 3.20231173681 0.297445975618 0.210838497842 4.18334758503 4.25640154442 4.30043379705
-9999.0 -9999.0 -9999.0 -9999.0 -9999.0 -9999.0 -9999.0 -9999.0 -9999.0 -9999.0 -9999.0 -9999.0 -9999.0 -9999.0 -9999.0 -9999.0 -9999.0 -9999.0 -9999.0 -9999.0 -9999.0 0.491528850865 0.459866130711 2.39725444963 18.2488184918 19.2460144299 19.7746836093 0.601293630743 8.74435772204 9.28377261098 9.55362590343 0.446833766162 0.732354397771 0.966734084431 16.824639351 17.0172495279 17.1920942773 73.698763251 45.2538512745 0.196764034995 0.215836887254 0.207132084402 0.165389692161 1.71137388904 2.06155797685 2.36857806629 2.54330919366 2.71128704443 20.0968827151 20.2284440604 20.4619252164 20.9255107531 22.7522749243 22.8095551621 27.1691676387
-9999.0 -9999.0 -9999.0 -9999.0 -9999.0 -9999.0 -9999.0 -9999.0 -9999.0 -9999.0 -9999.0 -9999.0 -9999.0 -9999.0 -9999.0 -9999.0 -9999.0 -9999.0 -9999.0 -9999.0 -9999.0 -9999.0 0.962282101424 1.47783709645 0.514420487003 0.766105849026 6.60742499999 7.222965911 7.65695569528 3.34834299356 3.78532890591 4.22572637641 4.49986004906 16.3917701843 16.665807787 10.6572870111 28.0703849556 28.2751509343 45.0923762311 0.427410712616 0.221777353637 0.154967441382 1.17741100694 1.38657214221 0.130235226298 0.121601635718 19.5229166823 19.8300089599 19.9818508729 0.183226924644 0.307972025466 22.404057425 0.148844365594 0.472836923933 0.520865647192
-9999.0 -9999.0 -9999.0 -9999.0 -9999.0 -9999.0 -9999.0 -9999.0 -9999.0 -9999.0 -9999.0 -9999.0 -9999.0 -9999.0 -9999.0 -9999.0 -9999.0 -9999.0 -9999.0 -9999.0 -9999.0 -9999.0 0.485008806455 0.957608811459 4.02167499495 4.55488732329 5.16552688128 2.46510628993 2.93344757256 0.429543712374 10.882011187 11.2742669323 11.6433744956 0.29139911798 10.152535971 10.43858197 0.216869762677 43.9839676531 0.47851990408 0.238318972374 0.632500047734 0.855003401296 0.171548613693 0.139850417427 17.9702404634 19.2479866641 19.4271623563 0.189103889422 0.420876625324 0.528582921478 0.679680672319 1.30537109222 0.172930095893 0.390929979797 0.0761408378342
