data/baseflow/History/mHMbfrc476
ncols                  80
nrows                 72
xllcorner      4374000.0
yllcorner      5656000.0
cellsize            500
NODATA_value       -9999
[rows 24 to 47 of 72, columns 0 to 54 of 80]
-9999.0 -9999.0 -9999.0 -9999.0 -9999.0 -9999.0 -9999.0 -9999.0 -9999.0 -9999.0 -9999.0 -9999.0 1.00819426757 2.73691479858 3.57375910978 6.0812638495 0.740137807781 1.5073926231 2.23227523557 8.58820194207 9.13692910284 9.51269335796 10.0569640737 10.7623451771 17.4824439717 19.4539343978 20.4526050519 0.340754254857 2.25476973672 2.58473312446 37.683485258 38.7773937621 39.2874764734 39.8130130374 40.2555378071 147.034814698 0.583115654254 302.149431615 0.581610383256 0.231832156611 2.70523993414 2.38886691102 0.314537853356 1.3895215532 2.02174706668 2.01167638618 1.41253919139 2.31597741834 3.6772691778 1.36436890635 3.68472505355 0.28666068288 0.407833325331 0.120368104609 0.110612667974
-9999.0 -9999.0 -9999.0 -9999.0 -9999.0 -9999.0 -9999.0 -9999.0 -9999.0 -9999.0 -9999.0 -9999.0 0.933221739339 1.83927078768 0.835722877163 1.68034272753 0.736473049004 5.72228866677 7.15958617942 7.90984559779 0.692168723289 1.27914735505 13.2475348261 16.3206270648 16.8599844618 1.32485582214 1.25000558875 1.71615253366 0.27473830565 0.24088983933 0.458061076483 0.238995590404 21.5162958949 21.7664970607 22.0758999594 147.499602248 304.809028197 302.393198414 0.381021787143 0.185535373428 0.165072641647 0.614353707338 0.476788422667 1.60783931625 2.35590928934 4.80595429637 0.440034926103 0.440027942028 4.02555302174 4.38143675301 8.78228308913 9.06502856245 9.60888263659 9.84338080444 0.234504704169
-9999.0 -9999.0 -9999.0 -9999.0 -9999.0 -9999.0 -9999.0 -9999.0 -9999.0 -9999.0 -9999.0 -9999.0 -9999.0 0.843882942681 1.71427066565 2.59892598612 4.16524508583 0.829174267387 0.747315916787 5.70771654995 6.38769521846 12.121961304 12.8276099127 1.94913091128 0.676460529786 0.64047807174 0.606801300653 19.9422388929 20.297354693 20.5831412408 20.8161859315 21.2832224026 3.21162333355 3.57057629057 26.0355372121 478.548650227 1.8564556832 1.49369650565 0.630405168214 0.181431207224 0.143272142762 0.94979245993 1.08025929888 1.8813603067 0.130234975463 4.9655147144 0.681992324115 0.664391186446 0.128229274418 0.105369790179 0.108784514387 0.169507162511 0.122481936872 9.96703468251 143.877897096
-9999.0 -9999.0 -9999.0 -9999.0 -9999.0 -9999.0 -9999.0 -9999.0 -9999.0 -9999.0 -9999.0 -9999.0 -9999.0 -9999.0 0.840434048762 1.75436571603 2.60109076105 3.46938297457 4.21938829039 4.9995399882 2.23930646559 3.74202865694 0.688847912801 0.660967095 16.8430099807 18.1309899956 18.7340217465 19.4017790326 0.514177730085 0.890233816526 2.28968846574 2.63889750733 2.9241091433 0.383432797335 0.511980897828 479.788092484 0.393038661089 0.575311961534 0.27286910619 0.748511451075 0.348643759408 0.234978568373 3.18845239557 3.48363319164 0.178839864556 5.18599371026 5.99780728736 0.800672854037 150.282095612 150.038274941 149.806332251 149.203404348 148.870504423 144.512537995 144.30830441
-9999.0 -9999.0 -9999.0 -9999.0 -9999.0 -9999.0 -9999.0 -9999.0 -9999.0 -9999.0 -9999.0 -9999.0 -9999.0 -9999.0 0.230513348319 0.520407004293 0.86104409603 7.86664921198 8.62845301828 0.777397274609 0.756504063833 0.743356718125 14.1311735305 15.5582481419 0.691098222372 0.70549705806 0.555322095152 2.28659868665 2.8515140477 1.48664365238 1.82689923806 13.3153365682 13.6959580205 14.5992761997 23.2616584555 503.29985309 0.424750787467 0.245789860686 1.15408399518 0.946323825153 0.214734379629 0.682383515703 0.914985992631 3.74913160421 4.00067100748 10.4905114562 6.11060626276 0.886186457773 154.298766573 2.22040521998 149.565189056 149.393964013 4.04342391149 0.240776196115 0.24640187812
-9999.0 -9999.0 -9999.0 -9999.0 -9999.0 -9999.0 -9999.0 -9999.0 -9999.0 -9999.0 -9999.0 -9999.0 -9999.0 -9999.0 1.1849576106 1.93253109428 3.98795085752 6.99101650957 9.45193785257 11.2342765586 11.9785922778 12.7430926379 13.4839721664 0.691211989525 0.630434187931 1.22483907707 1.15007452536 0.590080101234 11.5511433375 12.097888883 12.6158173163 13.0984010909 7.08213971936 7.40096859854 8.03716642843 503.509471302 0.729349300684 0.721136855205 2.00786367071 0.177596121353 0.538643836641 0.299206905918 0.216622615723 1.17388207148 0.206822144886 0.217621519955 165.957231224 155.285651668 155.05940965 0.804703852934 2.07566457834 1.29248908947 0.270701060269 3.48451702119 0.942831374247
-9999.0 -9999.0 -9999.0 -9999.0 -9999.0 -9999.0 -9999.0 -9999.0 -9999.0 -9999.0 -9999.0 -9999.0 -9999.0 -9999.0 0.826500390283 0.755892965525 1.47288435281 2.26217860963 0.90972890484 0.877608761169 1.64171731143 2.38820535457 3.77471946991 4.46478708821 5.09562154279 6.9766906374 7.56254904276 8.18199942891 0.558119173055 5.67944861225 6.13061327627 6.49252992834 0.262953989705 0.149072375139 0.276607610447 511.744280925 511.946513524 513.114572359 2.52560301989 0.370456513259 0.808800503635 0.218212844537 0.401829374154 1.3779539146 1.76543371962 0.404076825314 166.998029554 0.371345436279 0.454347895153 0.475126340711 0.459765353092 0.756980587367 0.341886720597 2.35158587025 1.75901236467
-9999.0 -9999.0 -9999.0 -9999.0 -9999.0 -9999.0 -9999.0 -9999.0 -9999.0 -9999.0 -9999.0 -9999.0 -9999.0 -9999.0 -9999.0 0.704074971188 1.39765193614 0.709605678482 1.47308860433 9.07206868908 9.82631264755 10.5423671612 0.696680501396 0.698459592728 1.32444228367 1.95942493928 3.08765612745 3.66666487469 4.05211412658 4.58360234686 0.433539257174 0.351001019754 7.15181104339 7.36959696901 7.54291761361 7.74584291525 6.4876500526 520.433640873 524.228866788 524.369872953 525.301816846 526.090976019 526.750228189 0.225104358976 1.96148847604 167.223984855 0.577410932277 0.294771040901 0.36410994006 0.319065382258 0.543018991602 0.436388078645 0.249966131396 0.330499899472 0.291106986039
-9999.0 -9999.0 -9999.0 -9999.0 -9999.0 -9999.0 -9999.0 -9999.0 -9999.0 -9999.0 -9999.0 -9999.0 -9999.0 -9999.0 -9999.0 -9999.0 2.07466254119 2.82777276452 5.08709041397 6.78158517224 0.914708704111 12.2634138046 12.938890231 13.5863785283 0.645799558187 1.26206366428 0.56555091683 4.21866006532 4.53330855149 5.05053416359 5.59974137008 6.71620331512 6.96521427159 0.145584246251 5.65030665345 6.06317162068 6.28728357726 7.11235816678 1.07404220282 0.682718146652 0.402041175467 0.378100131178 527.356961818 527.707584562 531.112142011 167.48778634 1.6178323883 0.789492236846 0.555393354509 0.160596025375 1.44273716694 0.702397609353 0.227191377674 1.19888627835 1.00026781359
-9999.0 -9999.0 -9999.0 -9999.0 -9999.0 -9999.0 -9999.0 -9999.0 -9999.0 -9999.0 -9999.0 -9999.0 -9999.0 -9999.0 -9999.0 -9999.0 0.770582549596 3.57999069154 4.38027229715 0.943443603614 0.736670489104 1.49390704564 2.17847031134 16.4283943558 0.633977379369 2.55779408664 3.14255038537 3.71549844493 0.360381265842 0.821854025126 1.02771679764 4.45032470718 4.91698813716 5.097456863 0.20503705163 0.190450001204 0.214978150687 0.394310215996 0.164557212142 0.174228374696 0.318147485785 0.233656095464 0.321464279204 1.16893764421 531.482631323 699.966078396 1.95903464004 0.236962966053 0.178138319094 4.30914941276 3.96323647713 2.27742991184 2.02592763537 1.49185801655 0.329853167475
-9999.0 -9999.0 -9999.0 -9999.0 -9999.0 -9999.0 -9999.0 -9999.0 -9999.0 -9999.0 -9999.0 -9999.0 -9999.0 -9999.0 -9999.0 0.619300524667 2.09277055597 0.698428123705 0.897710500656 0.802296346918 1.54491043198 2.26477655417 2.99109972279 20.1496900558 20.7507688399 0.621580319849 1.19827391606 1.78030311257 2.18067753889 2.57636952507 3.8248632026 4.25883065552 0.22834735855 0.211647116232 0.205609478606 0.31721600483 0.30794377836 0.324168558836 0.288676368849 0.327918095068 1.34303655219 0.64965054227 0.424563891794 0.418173201784 0.35329211063 0.665782806439 713.959572126 11.8802030251 5.26443535952 0.527919654798 0.237482844698 0.213355335796 0.668151402522 0.437301142422 0.211756783612
-9999.0 -9999.0 -9999.0 -9999.0 -9999.0 -9999.0 -9999.0 -9999.0 -9999.0 -9999.0 -9999.0 -9999.0 -9999.0 -9999.0 0.651912785349 1.25915632258 4.67503271857 0.689692110756 1.80675236978 2.57955515603 3.30303100864 0.754294694541 1.41432908266 2.19528429081 23.6398826642 0.585362365182 1.12704981144 1.67674558989 0.499547956696 0.975389093122 1.17002191003 1.53990590501 42.1036743673 42.6099085451 43.1342186763 45.7229221235 46.6194872747 48.6818525388 0.652679986964 1.34192434861 1.66546927191 55.7147352299 56.4635212776 0.394187161243 0.664842819583 0.932118620961 714.282929938 11.4933072519 5.59188077281 5.33385864694 4.32452468751 3.80477521418 0.888727989091 0.23088605847 0.410937449922
-9999.0 -9999.0 -9999.0 -9999.0 -9999.0 -9999.0 -9999.0 -9999.0 -9999.0 -9999.0 -9999.0 -9999.0 -9999.0 -9999.0 0.658923862215 2.0050559724 7.33967988231 10.8128060976 0.620215051788 14.3567613466 18.3842084136 0.693276144802 1.33123629016 2.07886729462 29.6429151719 30.3147652489 0.538651069056 2.76432244735 3.26146862746 3.62038133975 38.9819896127 39.7422969182 40.3700360531 0.320184648532 1.8208602429 2.16185271152 1.05268071458 1.50882824661 50.8585802691 52.9363050218 53.3489040198 53.7479635359 57.0689269578 0.298370266177 0.284699760855 1.48575339257 714.667014246 0.368372103166 0.262215865981 0.780750277501 0.306543646084 3.37522092432 2.94993946563 1.74536164915 1.22533040877
-9999.0 -9999.0 -9999.0 -9999.0 -9999.0 -9999.0 -9999.0 -9999.0 -9999.0 -9999.0 -9999.0 -9999.0 -9999.0 -9999.0 -9999.0 -9999.0 1.41040358061 2.84565048757 12.8742502022 13.6314082943 19.0440588073 19.7816289434 0.688767955828 1.37640753576 3.30120357955 31.0157424747 32.2036969865 32.7101355574 0.442699599541 34.3956899631 35.1347162496 0.518103939624 0.326367964111 0.617901697437 1.22249117786 0.308058051965 0.634684836225 1.42238245573 1.8083480453 0.360562770065 0.27417051525 0.555402308876 58.8590429482 59.3775520563 59.6342054069 61.7318288216 715.015228299 0.268793909294 0.174609749238 0.21662157001 0.215959716069 0.222579215359 0.20376509015 0.375283362984 0.207141991425
-9999.0 -9999.0 -9999.0 -9999.0 -9999.0 -9999.0 -9999.0 -9999.0 -9999.0 -9999.0 -9999.0 -9999.0 -9999.0 -9999.0 -9999.0 -9999.0 0.738837359189 0.722611361056 0.726364925358 1.51948413973 0.683571424769 21.1304518274 21.8073771159 0.667258060082 1.28714244142 0.650954436114 0.584746889898 0.571487031029 33.6193773742 0.221743663131 0.465598467273 0.290175744092 0.321861086511 0.297605787009 0.250404183664 0.258979978813 0.7984274627 1.08952208108 0.233322200383 0.212652422088 0.462002600799 0.757860080888 0.926220214386 0.216479650031 59.9437232301 62.0019030384 715.291187805 0.921924298887 0.394831277559 0.114547014352 0.306510850053 0.0938413067253 0.0759589774992 0.462359172193 1.00295469667
-9999.0 -9999.0 -9999.0 -9999.0 -9999.0 -9999.0 -9999.0 -9999.0 -9999.0 -9999.0 -9999.0 -9999.0 -9999.0 -9999.0 -9999.0 -9999.0 -9999.0 -9999.0 0.713834198095 2.17874507516 2.77922721845 3.43640862207 22.4438033543 23.0739993034 23.7277025411 24.4671226628 25.0239796522 26.1751756957 26.3986810423 26.5979050744 26.8007240247 0.282226079571 0.272119349554 0.287556366043 1.06597919824 0.282605511024 0.27635785455 0.227226153656 0.682083800539 0.268993112932 0.224990890004 0.211283013484 0.189026170737 0.377400118684 0.56101282895 63.1799063356 779.672866742 0.259245557956 0.581920351002 0.0844434263144 0.408939829331 0.2079801196 0.152968622601 2.27686444367 1.65031736469
-9999.0 -9999.0 -9999.0 -9999.0 -9999.0 -9999.0 -9999.0 -9999.0 -9999.0 -9999.0 -9999.0 -9999.0 -9999.0 -9999.0 -9999.0 -9999.0 -9999.0 -9999.0 -9999.0 0.593338797531 4.69191162366 9.4236253277 10.1282843954 0.85379646987 1.52192178223 2.12507421711 2.65249927221 6.07858064682 6.35305944031 0.272003803475 0.270109595139 27.3701991101 27.9001373124 28.1503465623 1.28344299218 0.208673193731 0.500004032837 0.73564835269 2.21242696971 2.72110558218 3.15357550269 0.402718451654 0.574355897316 0.197943525275 0.402669807689 0.210726980504 780.078924351 0.269421361147 1.08439904733 0.403271367008 0.971060320225 2.1969231975 2.49664232877 4.91557943932 1.71970572446
-9999.0 -9999.0 -9999.0 -9999.0 -9999.0 -9999.0 -9999.0 -9999.0 -9999.0 -9999.0 -9999.0 -9999.0 -9999.0 -9999.0 -9999.0 -9999.0 -9999.0 -9999.0 0.66005625345 2.09844182561 4.1092966142 5.37251995416 13.9873480727 14.767946799 1.25262867099 1.85888171073 2.38355780462 2.91308013812 6.57353065422 7.09689006948 11.913403117 12.2914042757 12.5385249345 28.4155562237 30.4302272894 0.485182901555 0.304319173613 0.2938406876 0.576573457233 0.272554060127 3.68549629968 3.8926200778 0.761305253835 0.915753563128 0.185043258412 162.774342608 163.217479963 943.603978623 945.030917354 0.250479923029 1.4899152169 0.344228519427 0.309816631657 5.44222841262 7.37286347453
-9999.0 -9999.0 -9999.0 -9999.0 -9999.0 -9999.0 -9999.0 -9999.0 -9999.0 -9999.0 -9999.0 -9999.0 -9999.0 -9999.0 -9999.0 -9999.0 -9999.0 -9999.0 -9999.0 0.747459006335 0.7261043247 1.37223475551 3.26092045681 15.3871028508 0.639243802309 0.629599799204 1.15490372672 1.68485612689 3.89133754315 4.15684239645 0.193200648183 0.246114245486 12.8560186661 13.1348042671 43.7980927343 44.0170988859 0.195467193597 0.177411570653 0.160870650153 0.162139531401 0.172457906261 159.197317487 160.405762007 161.474205238 161.806203712 162.617959374 0.242267906893 0.90310574974 1.17620088901 946.758669911 946.977996759 947.146516162 947.297997738 947.421202867 7.6028524892
-9999.0 -9999.0 -9999.0 -9999.0 -9999.0 -9999.0 -9999.0 -9999.0 -9999.0 -9999.0 -9999.0 -9999.0 -9999.0 -9999.0 -9999.0 -9999.0 -9999.0 -9999.0 -9999.0 -9999.0 0.665858362198 0.696883268779 1.29464677417 17.905506025 18.5992038192 0.615812379673 1.14096508141 1.68226751196 1.98760575731 0.248355280427 0.523006774152 38.4228224015 38.6984535466 38.9341416322 40.7849630375 85.0199979654 151.726819193 152.16017303 152.575328768 152.976319338 154.590333087 155.102783621 1.02928808277 0.476674224077 0.286790245846 0.546363900726 0.446148037321 0.702509456785 0.238118532017 4.5329044932 5.24745639999 5.79888640999 5.9840401632 947.570777824 955.355661882
-9999.0 -9999.0 -9999.0 -9999.0 -9999.0 -9999.0 -9999.0 -9999.0 -9999.0 -9999.0 -9999.0 -9999.0 -9999.0 -9999.0 -9999.0 -9999.0 -9999.0 -9999.0 -9999.0 -9999.0 -9999.0 0.675726972801 1.2954735378 1.91831336419 19.1312020238 0.665497153814 25.9116310643 26.4630968607 26.6964538359 26.9711569548 37.2735518662 37.6036725221 0.296517731916 1.3767412245 1.66775913924 0.304909628998 66.2695187365 65.7060930282 0.205616739213 0.461706420751 1.2411384274 0.26998537582 0.29472584803 0.2392820598 0.218475236102 0.178901003218 0.21139773123 3.76230122625 3.99223067409 4.26057707509 0.409987551682 0.273768326888 6.19586399755 6.45411996577 6.60908009204
-9999.0 -9999.0 -9999.0 -9999.0 -9999.0 -9999.0 -9999.0 -9999.0 -9999.0 -9999.0 -9999.0 -9999.0 -9999.0 -9999.0 -9999.0 -9999.0 -9999.0 -9999.0 -9999.0 -9999.0 -9999.0 0.616483291421 0.578883750697 2.99815174761 23.3948627532 24.7028044793 25.4047753633 0.579161717783 9.61959459709 9.84342429594 9.97297292212 0.287812108884 0.615506232937 0.912123469883 15.3748929603 15.6167679758 15.837973239 65.2776878112 40.3668076971 0.254715941396 0.265040691463 0.254950612879 0.219918779452 2.13011496432 2.61301727229 3.04673697956 3.2953902374 3.53648123395 17.9158078944 18.1081083436 18.2787678367 18.6565039906 20.9409912273 21.1118637476 27.9163983178
-9999.0 -9999.0 -9999.0 -9999.0 -9999.0 -9999.0 -9999.0 -9999.0 -9999.0 -9999.0 -9999.0 -9999.0 -9999.0 -9999.0 -9999.0 -9999.0 -9999.0 -9999.0 -9999.0 -9999.0 -9999.0 -9999.0 1.20470902745 1.84151780377 0.707381190205 0.615764990805 7.72083327111 8.31152672633 8.73301508082 3.27845154613 3.45985330977 3.67182806448 3.95656777826 14.8449191314 15.1490482557 8.32475713323 24.4302223417 24.6844632683 40.1511586908 0.518585280294 0.263255012088 0.200742863973 1.43544383506 1.69265919556 0.18725467782 0.177513365229 17.0282034559 17.4830260645 17.7259957125 0.186135942136 0.269539705319 20.5318591644 0.270175718692 1.2328969889 1.39396496201
-9999.0 -9999.0 -9999.0 -9999.0 -9999.0 -9999.0 -9999.0 -9999.0 -9999.0 -9999.0 -9999.0 -9999.0 -9999.0 -9999.0 -9999.0 -9999.0 -9999.0 -9999.0 -9999.0 -9999.0 -9999.0 -9999.0 0.603597239449 1.19523507923 5.14249272671 5.86758532958 6.55372681607 2.59076502814 3.0912119363 0.211913610477 10.2060095572 10.3961285262 10.5961312582 0.253485505362 7.75139202994 8.06388191135 0.257206780045 38.8261982286 0.554407980207 0.273911508503 0.752840364953 1.01681070639 0.221962578014 0.18834357999 14.9199351536 16.6001171869 16.864992708 0.259291205736 0.615049936764 0.783709178859 0.917447495908 1.76602640618 0.456512020957 1.00325664145 0.221888025148
