data/baseflow/History/mHMbfrc444
ncols                  80
nrows                 72
xllcorner      4374000.0
yllcorner      5656000.0
cellsize            500
NODATA_value       -9999
[rows 0 to 23 of 72, columns 0 to 53 of 80]
-9999.0 -9999.0 -9999.0 -9999.0 -9999.0 -9999.0 -9999.0 -9999.0 -9999.0 -9999.0 -9999.0 -9999.0 0.789142690787 0.607770625906 -9999.0 -9999.0 -9999.0 -9999.0 -9999.0 -9999.0 -9999.0 -9999.0 -9999.0 -9999.0 -9999.0 -9999.0 -9999.0 -9999.0 -9999.0 -9999.0 -9999.0 -9999.0 -9999.0 -9999.0 -9999.0 -9999.0 -9999.0 -9999.0 -9999.0 -9999.0 -9999.0 -9999.0 -9999.0 -9999.0 -9999.0 -9999.0 -9999.0 -9999.0 -9999.0 -9999.0 -9999.0 -9999.0 -9999.0 -9999.0
-9999.0 -9999.0 -9999.0 -9999.0 -9999.0 -9999.0 -9999.0 -9999.0 -9999.0 -9999.0 -9999.0 -9999.0 1.66305447387 3.39020630717 0.492668528473 -9999.0 0.461768035029 -9999.0 -9999.0 -9999.0 -9999.0 -9999.0 -9999.0 -9999.0 -9999.0 -9999.0 -9999.0 -9999.0 -9999.0 -9999.0 -9999.0 -9999.0 -9999.0 -9999.0 -9999.0 -9999.0 -9999.0 -9999.0 -9999.0 -9999.0 -9999.0 -9999.0 -9999.0 -9999.0 -9999.0 -9999.0 -9999.0 -9999.0 -9999.0 -9999.0 -9999.0 -9999.0 -9999.0 -9999.0
-9999.0 -9999.0 -9999.0 -9999.0 -9999.0 -9999.0 -9999.0 -9999.0 -9999.0 -9999.0 0.82975749611 0.781787176419 0.835514832665 0.820790202332 4.92424250185 5.43298278073 1.29137645827 0.422081698529 -9999.0 -9999.0 -9999.0 -9999.0 -9999.0 -9999.0 -9999.0 -9999.0 -9999.0 -9999.0 -9999.0 -9999.0 -9999.0 -9999.0 -9999.0 -9999.0 -9999.0 -9999.0 -9999.0 -9999.0 -9999.0 -9999.0 -9999.0 -9999.0 -9999.0 -9999.0 -9999.0 -9999.0 -9999.0 -9999.0 -9999.0 -9999.0 -9999.0 -9999.0 -9999.0 -9999.0
-9999.0 -9999.0 -9999.0 -9999.0 -9999.0 -9999.0 -9999.0 -9999.0 -9999.0 0.769685103914 1.61528403706 3.20248525204 1.60331103522 0.776321104911 1.53907759381 6.16368435222 8.34275386895 0.43182121052 -9999.0 0.825042187591 -9999.0 -9999.0 -9999.0 -9999.0 0.894704586277 0.468369174685 -9999.0 -9999.0 -9999.0 -9999.0 -9999.0 -9999.0 -9999.0 -9999.0 -9999.0 -9999.0 -9999.0 -9999.0 -9999.0 -9999.0 -9999.0 -9999.0 -9999.0 -9999.0 -9999.0 -9999.0 -9999.0 -9999.0 -9999.0 -9999.0 -9999.0 -9999.0 -9999.0 -9999.0
-9999.0 -9999.0 -9999.0 -9999.0 -9999.0 -9999.0 -9999.0 -9999.0 0.899913256221 2.50059387836 3.25761379062 4.02612546775 5.56848267904 0.738174062997 3.00244078039 3.72277393372 13.0792465883 0.546623257369 0.650609146365 1.54825179015 2.24975357817 0.731796550131 -9999.0 2.21446911524 1.82596613882 0.477020826345 -9999.0 -9999.0 -9999.0 -9999.0 -9999.0 -9999.0 -9999.0 -9999.0 -9999.0 -9999.0 -9999.0 -9999.0 -9999.0 -9999.0 -9999.0 -9999.0 -9999.0 -9999.0 -9999.0 -9999.0 -9999.0 -9999.0 -9999.0 -9999.0 -9999.0 -9999.0 -9999.0 -9999.0
-9999.0 -9999.0 -9999.0 -9999.0 -9999.0 -9999.0 0.876938922243 0.785654502423 0.771288012127 0.78739300071 0.810352333376 5.66577317736 12.031160698 12.8136258089 13.5476932415 0.758334253673 14.4704728025 15.1384187511 1.40398083688 0.713617401126 2.93760081587 5.08950801626 0.656180464573 4.10532295155 0.696505613978 0.637582114111 0.712990123401 -9999.0 -9999.0 -9999.0 -9999.0 -9999.0 -9999.0 -9999.0 -9999.0 -9999.0 -9999.0 -9999.0 -9999.0 -9999.0 -9999.0 -9999.0 -9999.0 -9999.0 -9999.0 -9999.0 -9999.0 -9999.0 -9999.0 -9999.0 -9999.0 -9999.0 -9999.0 -9999.0
-9999.0 -9999.0 -9999.0 -9999.0 -9999.0 -9999.0 1.77010629609 2.60147413767 5.86795581993 8.15844412378 0.718790253354 0.763954840826 0.736419764657 2.15718301063 16.3660403821 0.662772390749 15.7971404697 18.7165696886 2.25114043464 1.36184036888 5.74415724024 0.706079394147 4.79640389517 1.34015536631 0.659249301168 1.26004712872 1.41392662312 0.737551986945 0.767605167839 0.748470365023 0.788446261318 1.57903221575 -9999.0 -9999.0 -9999.0 -9999.0 -9999.0 -9999.0 -9999.0 -9999.0 -9999.0 -9999.0 -9999.0 -9999.0 -9999.0 -9999.0 -9999.0 -9999.0 -9999.0 -9999.0 -9999.0 -9999.0 -9999.0 -9999.0
-9999.0 -9999.0 -9999.0 -9999.0 -9999.0 0.963281689345 1.87142445996 0.900432566967 1.7379012346 9.01319057896 10.5524275961 12.0928457196 39.828660713 0.732329425656 17.0646800619 62.7938958804 63.381013124 83.195254481 0.703861560468 2.01761735147 6.40297954477 0.653575008656 12.2391927098 6.7706341417 4.06176493173 3.37677653819 0.695772836802 2.18871505977 2.23452380092 1.48894430061 0.716220840612 2.31851821737 0.702435632828 0.691875304375 -9999.0 -9999.0 -9999.0 -9999.0 -9999.0 -9999.0 -9999.0 -9999.0 -9999.0 -9999.0 -9999.0 -9999.0 -9999.0 -9999.0 -9999.0 -9999.0 -9999.0 -9999.0 -9999.0 -9999.0
-9999.0 -9999.0 -9999.0 -9999.0 -9999.0 0.975417867396 2.84546362765 5.64477822344 6.52200492575 12.9556883521 13.7843479843 16.3865607479 27.0379478309 42.20517683 43.7190143772 44.4100141495 1.26791006796 85.5995645276 86.9827076897 90.3967466524 111.685892712 14.2422268229 12.9347778036 4.74947143929 0.67240577525 4.12864258438 2.81656299326 0.596188264297 2.89034707742 0.659424345235 1.46908971687 3.74081140382 4.41635470371 1.35828332798 0.639819987438 0.646774118058 -9999.0 -9999.0 -9999.0 -9999.0 0.40711626885 0.364277244281 -9999.0 -9999.0 -9999.0 -9999.0 -9999.0 -9999.0 -9999.0 -9999.0 -9999.0 -9999.0 -9999.0 -9999.0
-9999.0 -9999.0 -9999.0 -9999.0 -9999.0 0.947538570835 0.910272796015 3.76817329716 4.6615576967 5.58313302169 0.885463652817 1.75195038711 10.0220929938 1.88168744219 0.835266028591 0.744800608853 0.66808847385 0.835440131531 0.836876768736 0.746062542495 112.362334436 114.319477498 0.644596615315 1.97462508777 1.33876721768 4.76491177036 1.22101679387 0.581177591915 3.54340187256 1.31851977909 3.28082112737 7.64433984142 7.07360446329 1.99085101713 1.87978621279 0.664126811071 0.64958457791 -9999.0 -9999.0 0.638235538956 0.873623659113 1.99839299186 0.381448128412 -9999.0 -9999.0 -9999.0 -9999.0 -9999.0 -9999.0 -9999.0 -9999.0 -9999.0 -9999.0 -9999.0
-9999.0 -9999.0 -9999.0 -9999.0 -9999.0 -9999.0 0.989390046684 0.982268195831 1.89869306792 2.82628905859 6.47591195165 8.2764553331 9.2200782435 1.0431947184 0.735945271845 9.97006297766 12.1768727108 12.8690062601 15.8045881544 16.4850017343 0.67228830248 114.991465915 118.310532583 2.66735665216 0.704159352364 5.40100895731 11.8586662819 4.6854732484 1.18548062229 0.611047572399 12.1190572001 8.26446974765 0.568508081183 0.5769723672 2.46010472573 1.92830803619 0.585103459655 0.53444306921 0.618149058259 1.24341457776 0.587880762113 2.41515723906 2.944914903 0.468623141421 -9999.0 -9999.0 -9999.0 -9999.0 0.518353923599 0.482591288461 0.17424852451 -9999.0 -9999.0 -9999.0
-9999.0 -9999.0 -9999.0 -9999.0 -9999.0 -9999.0 -9999.0 0.962270968329 0.906348257373 1.85285915451 2.78636090519 0.907336154623 0.908730295277 5.3051111848 6.89443912535 8.52599994188 0.763700237545 1.52329394026 0.753906571085 17.1834556973 37.1450562951 37.5534357381 156.997240158 0.652077925078 2.03700097079 0.657861934742 12.4390330992 0.582145765746 1.80481737327 0.592321404173 12.6890104156 13.2585094503 1.14472150291 1.15014294868 6.22070369591 3.13794568702 1.13927630449 0.587303108449 1.23328980182 1.85003972721 2.97313342082 0.520621068481 3.80311946256 4.14388964399 0.284905481017 0.313289526416 0.333109733945 0.284512654625 0.261040444771 1.3469293801 0.56120370292 0.335261365913 -9999.0 -9999.0
-9999.0 -9999.0 -9999.0 -9999.0 -9999.0 -9999.0 -9999.0 -9999.0 1.90898524933 2.78516099724 0.901671169736 1.83189694917 2.68452906237 4.48654478111 0.876854537466 0.844563228124 0.734751767135 0.743977038299 0.681913092496 18.552910082 0.759024764877 1.48212265217 158.87947141 159.850139843 0.352009417319 2.76616862556 15.7212145036 1.16556317376 2.33360665686 1.07053370261 1.59500674706 15.4317186131 1.66426571112 8.97863097014 7.32499267601 0.575593860805 2.88335035768 1.17213776749 1.79691471729 0.562190091426 3.48871760536 4.40139086824 4.67576526291 4.92847523257 5.18974411069 0.530663637321 0.568467247122 0.493842844216 0.447744510993 1.60986505201 0.311436798299 1.21384860362 1.49227782409 -9999.0
-9999.0 -9999.0 -9999.0 -9999.0 -9999.0 -9999.0 -9999.0 -9999.0 0.959568065351 4.67544606762 5.55359874548 0.878916839767 1.7233486615 0.843109727916 0.786647205027 0.772846215758 9.59234686681 12.6670007925 15.4174578163 18.1101407364 0.634191924844 0.738376861515 0.64986201324 162.570516785 163.471452509 163.772800834 20.7337388155 4.60182654265 4.03045020393 0.478906495877 2.05111591605 17.9793283836 0.458346838493 9.47036650857 0.559724269668 3.83894623714 3.47920554145 0.576515402785 2.35836521477 1.12019128481 1.65965173665 0.408289960012 0.249751408893 5.17628373503 5.39069357152 5.40343389962 0.801125814746 0.70977019164 0.65496132797 1.95059551285 2.58470522564 0.31665931066 1.81333877675 0.402638190522
-9999.0 -9999.0 -9999.0 -9999.0 -9999.0 -9999.0 -9999.0 -9999.0 -9999.0 0.970306215765 6.47139804995 7.33292866727 2.57098986246 4.24123948697 5.80420714073 6.58384296027 0.801018675266 2.34984877017 1.57705040472 0.819207399183 0.795513406801 0.717578414577 1.39087038382 2.30340116138 0.575732842822 185.419633804 185.735376235 0.30258609489 0.320327807043 1.01424826687 1.51815122748 19.4146417378 0.939940172238 9.88289877289 5.88568991299 4.86134214717 0.544352862471 1.10943116324 2.87089527125 0.512047052296 2.15040995597 0.868548904796 0.465153065317 0.266076459046 6.14473443922 11.7099767219 0.942771238226 0.857308057322 0.886699761816 0.25228841716 2.83212698952 0.239452749278 2.39059240803 0.339198719112
-9999.0 -9999.0 -9999.0 -9999.0 -9999.0 -9999.0 -9999.0 -9999.0 -9999.0 -9999.0 0.851464196985 9.04493381095 0.841624267564 1.66335768502 2.41302395123 3.88124748145 0.743300976918 1.53654059309 0.763760631797 0.707864149202 0.671444442275 1.32478844762 0.588246113987 0.565322882708 0.959056509705 0.51875727231 186.086685866 186.665605508 187.635856305 1.87480067293 0.520592775211 1.03857294862 19.940000926 18.1427505938 6.94831893322 0.527983369789 2.17951469464 1.64193331163 3.38453807538 1.02329144434 3.98768660953 1.33660754324 0.804718158249 0.279309759823 0.296307255122 11.9685725171 12.1793197361 14.1535556381 1.71092526365 0.545311656341 3.10419182126 3.60953482602 6.22459042686 0.633041206459
-9999.0 -9999.0 -9999.0 -9999.0 -9999.0 -9999.0 -9999.0 -9999.0 -9999.0 -9999.0 -9999.0 0.535895036204 10.2592243555 0.865499603349 1.59998048272 6.92069517603 0.73150116443 0.723884850498 0.659877020819 1.41147005022 0.717477398387 2.74257875865 3.95250590073 4.49539873412 1.40491293555 1.65593193569 0.276513061085 0.428849477445 0.365500910462 190.337021938 191.79126616 20.3570542171 18.9875148144 18.5764826683 0.842746207384 0.398065914267 2.66550198978 7.01854710496 3.8678881961 1.50101813718 5.91793688759 2.22471548986 1.82367869259 0.596399975516 0.229181042261 0.183789525525 0.166643409939 15.1761042872 17.6470951833 0.280625541791 0.217686564266 0.292704484389 6.52894244446 7.45230860198
-9999.0 -9999.0 -9999.0 -9999.0 -9999.0 -9999.0 -9999.0 -9999.0 -9999.0 -9999.0 -9999.0 0.492694088887 11.4201391166 13.8860503396 0.743626942874 8.39605888379 0.673171726948 0.648497640966 1.35849411859 3.48069975481 0.695810544688 0.727286970277 0.602658050947 5.66621488724 6.21818213725 8.48868948739 9.2319651572 9.64411292231 9.91871627378 10.248468283 202.320225046 223.257851263 242.746419703 242.897041825 0.261896484075 0.419583124292 7.99348831774 7.50860014515 0.476245340828 0.475571531866 6.44577824369 9.10557522278 0.365789472293 4.72406739271 4.32597039445 1.26438696866 0.481331297568 0.818646412681 0.274857104359 18.037301962 0.192430168797 0.693480247138 0.83060474978 8.98463337891
-9999.0 -9999.0 -9999.0 -9999.0 -9999.0 -9999.0 -9999.0 -9999.0 -9999.0 -9999.0 -9999.0 0.904877576662 1.71712589639 14.6780323944 16.0983490094 0.709064608086 9.53505854163 0.56888511106 1.80892236378 4.10830185551 1.34370672534 0.645649413889 1.3099955032 0.512788698703 1.02398730376 0.545618898615 0.534897767251 0.549972476802 0.536850746768 0.442227630382 0.31980704898 0.340952600304 0.378261358285 0.332573389595 243.644835318 8.8498491621 8.27265822777 0.138129963793 1.31655820808 0.335138271635 0.358304798031 9.49341180838 15.3925541248 5.14474542669 3.76168567524 0.806452716785 0.288066353322 0.255824617172 0.465402401935 18.7053169709 19.0362973356 0.174929249857 0.179136678503 0.205642675539
-9999.0 -9999.0 -9999.0 -9999.0 -9999.0 -9999.0 -9999.0 -9999.0 -9999.0 -9999.0 -9999.0 -9999.0 0.774025862056 10.4559899042 27.308669245 29.5697972034 39.7221480749 40.1895575396 8.98715499825 6.76405389661 2.00043202526 0.638464627636 2.56345059633 3.15859505157 4.73552367287 1.11014665473 1.0669751905 1.08891508057 2.14542650401 0.955646626583 0.821846622393 0.528228273233 0.475539625993 0.300977584088 243.854311265 253.013708184 253.21585579 0.121628819865 3.15496439633 1.57212021325 0.443892554442 16.6909429563 0.923292713358 0.479663359233 2.04769487406 0.490642401564 0.283951115161 0.50889074587 0.680966646299 0.873189186125 19.3116879632 0.122504320258 0.103670468478 0.102485519877
-9999.0 -9999.0 -9999.0 -9999.0 -9999.0 -9999.0 -9999.0 -9999.0 -9999.0 -9999.0 -9999.0 0.844586165008 7.99101078811 9.66427232852 1.52744161725 0.546917243957 1.26292650894 42.1052386708 42.5831801502 52.0205025804 0.581832561253 1.21563208801 0.542705615837 0.549595869814 5.2694264529 6.91242302026 8.4826098853 0.496620819147 2.63576648244 4.07527444536 2.26466024063 0.989682470196 0.911649225547 0.780825737859 0.6592665445 0.174836559613 253.312419239 253.37866616 256.668979565 0.632261688792 0.356949407551 16.9151233954 1.00541592209 0.506212917487 0.539525544164 0.535496878854 0.46334136863 0.770228422277 2.06504281781 3.13260840084 22.5755305272 0.0870016432038 0.264275984196 0.179027820646
-9999.0 -9999.0 -9999.0 -9999.0 -9999.0 -9999.0 -9999.0 -9999.0 -9999.0 -9999.0 -9999.0 0.866222223913 5.5458492405 0.859634901122 0.746697347032 3.91118691 4.57090851778 5.23151423843 5.8644945378 70.1555215835 70.7958380066 72.0595729747 80.4577171452 82.1048733036 83.0414790737 83.5830655032 93.3025348604 94.8082206281 95.3146305754 99.9353488315 102.705463819 103.166629664 105.022202061 1.20442359884 1.10768574926 0.205267915147 0.0956777537915 253.468277589 257.523941029 0.796428669644 19.2358472142 18.9428544913 1.80073905866 0.426101033691 0.427466889114 0.402477596298 0.405712059486 0.808877421765 1.10105261282 0.256413109626 22.6968535045 22.8240436812 23.3738586547 23.4729592115
-9999.0 -9999.0 -9999.0 -9999.0 -9999.0 -9999.0 -9999.0 -9999.0 -9999.0 -9999.0 -9999.0 2.85087926925 3.77047310888 1.73633301955 2.54343113307 0.795053927328 8.93629886346 9.6056496973 10.9411653576 11.6361104751 4.45847163056 77.5170411367 78.1090092708 0.537176348205 0.39477738936 0.412687287543 0.849592087693 0.510368777666 0.452883466354 0.471903982618 0.438405664817 103.692459798 105.514632986 107.095569393 108.514300139 109.011165026 0.176163216353 0.0468421073787 277.220333825 19.6409356899 19.5421086041 0.391534814165 0.326389439966 0.257487141132 0.680568080215 0.658066325979 0.305004161524 0.322061614997 0.290347121065 0.54693145823 0.689930723281 0.082103775054 0.154235473657 0.0746748939059
-9999.0 -9999.0 -9999.0 -9999.0 -9999.0 -9999.0 -9999.0 -9999.0 -9999.0 -9999.0 -9999.0 -9999.0 1.92450912618 0.903264343468 0.821678590546 7.58766659902 8.2780088901 0.699208476114 2.67470685383 3.32658702134 3.94789338208 0.680208219055 0.452354655119 11.3147082607 11.6641206855 12.0180522586 29.825777206 30.1563059127 30.923899113 33.9161802564 35.973395906 36.3342375367 0.459341003877 0.47657220261 0.377174232345 109.136169221 0.0600874745347 279.875501081 279.79929049 2.52347875958 2.38701954841 1.41524982714 0.342585917289 0.536392692716 0.944659065066 0.922839911602 0.57453002698 0.308000633969 0.59196507121 0.602273319483 0.958171962871 0.19681571472 0.356107707354 0.558286880552
