data/baseflow/History/mHMbfrc612
ncols                  80
nrows                 72
xllcorner      4374000.0
yllcorner      5656000.0
cellsize            500
NODATA_value       -9999
[rows 0 to 23 of 72, columns 0 to 53 of 80]
-9999.0 -9999.0 -9999.0 -9999.0 -9999.0 -9999.0 -9999.0 -9999.0 -9999.0 -9999.0 -9999.0 -9999.0 0.651629901877 0.638672798671 -9999.0 -9999.0 -9999.0 -9999.0 -9999.0 -9999.0 -9999.0 -9999.0 -9999.0 -9999.0 -9999.0 -9999.0 -9999.0 -9999.0 -9999.0 -9999.0 -9999.0 -9999.0 -9999.0 -9999.0 -9999.0 -9999.0 -9999.0 -9999.0 -9999.0 -9999.0 -9999.0 -9999.0 -9999.0 -9999.0 -9999.0 -9999.0 -9999.0 -9999.0 -9999.0 -9999.0 -9999.0 -9999.0 -9999.0 -9999.0
-9999.0 -9999.0 -9999.0 -9999.0 -9999.0 -9999.0 -9999.0 -9999.0 -9999.0 -9999.0 -9999.0 -9999.0 1.32821854252 3.05128948392 0.524091076799 -9999.0 0.544784834558 -9999.0 -9999.0 -9999.0 -9999.0 -9999.0 -9999.0 -9999.0 -9999.0 -9999.0 -9999.0 -9999.0 -9999.0 -9999.0 -9999.0 -9999.0 -9999.0 -9999.0 -9999.0 -9999.0 -9999.0 -9999.0 -9999.0 -9999.0 -9999.0 -9999.0 -9999.0 -9999.0 -9999.0 -9999.0 -9999.0 -9999.0 -9999.0 -9999.0 -9999.0 -9999.0 -9999.0 -9999.0
-9999.0 -9999.0 -9999.0 -9999.0 -9999.0 -9999.0 -9999.0 -9999.0 -9999.0 -9999.0 0.613053460491 0.574414716668 0.615576180757 0.619596770772 4.15283432131 4.60250290299 1.4525832881 0.460184863944 -9999.0 -9999.0 -9999.0 -9999.0 -9999.0 -9999.0 -9999.0 -9999.0 -9999.0 -9999.0 -9999.0 -9999.0 -9999.0 -9999.0 -9999.0 -9999.0 -9999.0 -9999.0 -9999.0 -9999.0 -9999.0 -9999.0 -9999.0 -9999.0 -9999.0 -9999.0 -9999.0 -9999.0 -9999.0 -9999.0 -9999.0 -9999.0 -9999.0 -9999.0 -9999.0 -9999.0
-9999.0 -9999.0 -9999.0 -9999.0 -9999.0 -9999.0 -9999.0 -9999.0 -9999.0 0.575065391612 1.18675628795 2.36216195289 1.16896141507 0.561258660883 1.09129534033 5.09112488253 7.48593222416 0.484121371957 -9999.0 0.562792813224 -9999.0 -9999.0 -9999.0 -9999.0 1.0036815616 0.524762031677 -9999.0 -9999.0 -9999.0 -9999.0 -9999.0 -9999.0 -9999.0 -9999.0 -9999.0 -9999.0 -9999.0 -9999.0 -9999.0 -9999.0 -9999.0 -9999.0 -9999.0 -9999.0 -9999.0 -9999.0 -9999.0 -9999.0 -9999.0 -9999.0 -9999.0 -9999.0 -9999.0 -9999.0
-9999.0 -9999.0 -9999.0 -9999.0 -9999.0 -9999.0 -9999.0 -9999.0 0.715899405355 1.94213693473 2.49018398331 3.04328862037 4.06983155365 0.508569337385 2.06946862131 2.53192189377 10.7976711219 0.363723947191 0.36334368586 1.01189351916 1.44303864824 0.45992516674 -9999.0 2.44186394474 2.01741643511 0.515550481123 -9999.0 -9999.0 -9999.0 -9999.0 -9999.0 -9999.0 -9999.0 -9999.0 -9999.0 -9999.0 -9999.0 -9999.0 -9999.0 -9999.0 -9999.0 -9999.0 -9999.0 -9999.0 -9999.0 -9999.0 -9999.0 -9999.0 -9999.0 -9999.0 -9999.0 -9999.0 -9999.0 -9999.0
-9999.0 -9999.0 -9999.0 -9999.0 -9999.0 -9999.0 0.70021161459 0.610122636265 0.579092952127 0.599780424523 0.607814163363 4.28148660965 8.92843499822 9.48578127674 9.94022947841 0.468144020787 11.6898988945 12.089818995 0.850093057933 0.447765896139 1.86346173859 3.19236839489 0.424909887592 3.70271751879 0.422661783839 0.413447549573 0.44782346924 -9999.0 -9999.0 -9999.0 -9999.0 -9999.0 -9999.0 -9999.0 -9999.0 -9999.0 -9999.0 -9999.0 -9999.0 -9999.0 -9999.0 -9999.0 -9999.0 -9999.0 -9999.0 -9999.0 -9999.0 -9999.0 -9999.0 -9999.0 -9999.0 -9999.0 -9999.0 -9999.0
-9999.0 -9999.0 -9999.0 -9999.0 -9999.0 -9999.0 1.42019294875 2.0853226619 4.64016241924 6.3590616057 0.500080709591 0.543947848146 0.49831621247 1.54438231891 11.8817838059 0.379659911847 12.6294362103 14.6477863499 1.47558437972 0.804910248233 3.56372537132 0.419645198078 4.11617932492 0.763097826636 0.36998532827 0.759317434619 0.881526782972 0.484586014208 0.513611640599 0.488245785643 0.550244854712 1.09574118639 -9999.0 -9999.0 -9999.0 -9999.0 -9999.0 -9999.0 -9999.0 -9999.0 -9999.0 -9999.0 -9999.0 -9999.0 -9999.0 -9999.0 -9999.0 -9999.0 -9999.0 -9999.0 -9999.0 -9999.0 -9999.0 -9999.0
-9999.0 -9999.0 -9999.0 -9999.0 -9999.0 0.804722922446 1.54085281885 0.731654925151 1.39417341075 7.04277013528 8.16764047198 9.2880020571 31.5533068266 0.595588138501 12.318512226 48.152626767 48.6297504092 64.131752704 0.543627827457 1.18092771946 3.93684168889 0.367004936141 8.54463323996 4.03098402842 2.45540068466 2.05718203599 0.421350512399 1.42507152387 1.47400512001 0.976768561871 0.465992322515 1.58218232745 0.455511029402 0.440948692774 -9999.0 -9999.0 -9999.0 -9999.0 -9999.0 -9999.0 -9999.0 -9999.0 -9999.0 -9999.0 -9999.0 -9999.0 -9999.0 -9999.0 -9999.0 -9999.0 -9999.0 -9999.0 -9999.0 -9999.0
-9999.0 -9999.0 -9999.0 -9999.0 -9999.0 0.818761388818 2.36298757277 4.66666623159 5.36649152929 10.6212023442 11.2519517673 13.2699974207 21.739111317 33.4558531165 34.5168249628 35.0304519044 0.825969854913 65.774260809 66.7276352799 68.6877263286 82.8481472832 9.72741873624 8.96211897969 2.86063485359 0.399917822357 2.5442991798 1.77991893551 0.333461725611 1.88518776461 0.543980538499 1.03647572095 2.53003630378 2.96934740262 0.865903271927 0.412834585211 0.409679397059 -9999.0 -9999.0 -9999.0 -9999.0 0.454210965656 0.42331343784 -9999.0 -9999.0 -9999.0 -9999.0 -9999.0 -9999.0 -9999.0 -9999.0 -9999.0 -9999.0 -9999.0 -9999.0
-9999.0 -9999.0 -9999.0 -9999.0 -9999.0 0.785234136617 0.735903438683 3.11757680556 3.83656690078 4.58145126641 0.689730697494 1.35950165675 7.99072025827 1.52517051384 0.590285024964 0.490051276128 0.396453294102 0.584163329072 0.554493370328 0.452058820007 83.4146862945 84.5157218143 0.362207231023 1.14532820416 0.793419346977 2.90143656465 0.68672141409 0.313521727711 2.29605545645 0.956137049504 2.30506700552 5.02371079541 4.65947688809 1.2567358346 1.19200650669 0.435392515082 0.431009690129 -9999.0 -9999.0 0.427210336495 0.924042791537 2.24132552305 0.452295628429 -9999.0 -9999.0 -9999.0 -9999.0 -9999.0 -9999.0 -9999.0 -9999.0 -9999.0 -9999.0 -9999.0
-9999.0 -9999.0 -9999.0 -9999.0 -9999.0 -9999.0 0.824864954613 0.832573829652 1.54986583485 2.29300197432 5.19844341447 6.61224365211 7.40882462351 0.891241796909 0.510464935317 7.35772211991 8.7918897314 9.21420126929 11.0840492562 11.4758240612 0.384474050503 84.909610462 86.8080800243 1.51869935409 0.347209412665 3.23392214735 7.10933073904 2.91009706418 0.676514998782 0.351243066875 8.04293467313 5.39878249913 0.337342611457 0.342371386425 1.55233314471 1.26217473028 0.364562880516 0.328088059954 0.414700468139 0.828525836413 0.39391536984 2.71656496802 3.06012420212 0.298056807924 -9999.0 -9999.0 -9999.0 -9999.0 0.369852042513 0.337977557585 0.113400798554 -9999.0 -9999.0 -9999.0
-9999.0 -9999.0 -9999.0 -9999.0 -9999.0 -9999.0 -9999.0 0.788977760277 0.711620252105 1.48750528427 2.23557178768 0.70950339955 0.704074344781 4.07847536569 5.20530730199 6.38787518636 0.510071696955 1.01367845105 0.485071181893 11.9000104963 26.5333948734 26.9255436404 114.469662237 0.362420833714 0.971049781653 0.301137874546 7.41123321604 0.324559738663 1.03536420938 0.334763782497 8.3700014171 8.7020453852 0.684831761299 0.684412053525 3.98345852902 2.02808230133 0.712185138269 0.37898055677 0.822821712585 1.22954792109 1.96570604604 0.323090124072 3.62898418142 3.89306642896 0.236396425484 0.263188509649 0.277535008135 0.238896511909 0.225997252023 0.965680839363 0.394780559764 0.236813167815 -9999.0 -9999.0
-9999.0 -9999.0 -9999.0 -9999.0 -9999.0 -9999.0 -9999.0 -9999.0 1.52305962122 2.19878441524 0.711975276806 1.46116347503 2.12757021174 3.53366907762 0.663676365239 0.62434118066 0.486327731274 0.490050932319 0.407553632796 13.7545209815 0.513416057583 0.98054347384 115.843694433 116.466250655 0.200040883767 1.38014471678 9.04112080465 0.639658344775 1.30651007016 0.566510030544 0.836383518588 9.93814616461 0.97003341005 5.64823220464 4.69634048976 0.405516086926 1.82717300277 0.75223284442 1.17956804671 0.349735690221 2.27923529158 2.86700684824 3.08655774778 3.28907495774 4.76841127437 0.445651190275 0.481365714521 0.420578423466 0.394155994399 1.17143057637 0.226261002108 0.866502179383 1.07715094325 -9999.0
-9999.0 -9999.0 -9999.0 -9999.0 -9999.0 -9999.0 -9999.0 -9999.0 0.786984823994 3.76657680007 4.45494042643 0.686761058316 1.3270165206 0.636999012794 0.55137533563 0.541436604243 7.06263258296 9.23633302242 11.207484615 13.3134036557 0.463056243809 0.485970397715 0.338517879775 118.322479491 119.058158071 119.264309995 11.7856951917 2.50398074113 2.21557852266 0.236142559048 1.07255530753 11.2621909817 0.249964593939 5.90738511929 0.333345580877 2.47587598943 2.21089946576 0.363639447096 1.53634415069 0.701718223999 1.04690644067 0.262008936718 0.196631264765 3.48774082546 3.66785798691 4.94790786894 0.682927287324 0.607939583437 0.57585434799 1.41260907624 1.87407285656 0.230307937981 1.313201588 0.27664152658
-9999.0 -9999.0 -9999.0 -9999.0 -9999.0 -9999.0 -9999.0 -9999.0 -9999.0 0.830506479369 5.20861582101 5.89010161451 1.98481166746 3.26734482072 4.3965074767 4.98060790254 0.600959635831 1.69483359632 1.11573617296 0.620748079624 0.569132243866 0.473948078952 0.877431162454 1.40565375703 0.376931749995 131.68385843 131.889274102 0.184111543135 0.164598172944 0.504572509475 0.757456123793 11.9995225307 0.493101535883 6.11503368602 3.65233304088 3.06947860146 0.326160885117 0.676075520777 1.83890406819 0.302940672044 1.34121506459 0.53585212664 0.329495176487 0.163876368557 4.17895531662 9.26423741829 0.807287762273 0.735871889796 0.747987726901 0.178681325615 2.05483352786 0.173957456262 1.73388327318 0.229063548616
-9999.0 -9999.0 -9999.0 -9999.0 -9999.0 -9999.0 -9999.0 -9999.0 -9999.0 -9999.0 0.688556775355 7.30055206231 0.65671871458 1.3253885142 1.86989991678 2.86986273621 0.486211910698 1.06676781289 0.497971654406 0.442387143732 0.410743323588 0.802005114956 0.327219576251 0.313080270744 0.559373083855 0.31066882079 132.151025589 132.546173711 133.14439297 1.00600179647 0.266070955702 0.530680421273 12.2850639232 11.0523792852 4.25822071214 0.296681161464 1.30827995802 0.988590752297 2.14253675102 0.603747699507 2.46545445393 0.818514358869 0.541606715075 0.151461188888 0.187453070027 9.47266899616 9.65242374752 11.3378257507 1.33186285286 0.379565814694 2.25741093076 2.62872766218 4.53769733427 0.439459413948
-9999.0 -9999.0 -9999.0 -9999.0 -9999.0 -9999.0 -9999.0 -9999.0 -9999.0 -9999.0 -9999.0 0.474121496174 8.32405399691 0.64570901406 1.19183289824 5.0633790102 0.494886575631 0.483081581282 0.422193605906 0.913090271498 0.484820928901 1.7526776852 2.43197994805 2.7225245178 0.78767382203 0.944744633435 0.188729732161 0.278743520088 0.277025538329 134.682649212 135.416246724 12.4887392498 11.4832259044 11.272056656 0.445187024082 0.21345018356 1.5764113097 4.26444909662 2.42046876471 0.876180791719 3.59998280302 1.28263952977 1.04423783263 0.300367091329 0.124802568817 0.096657999991 0.10995117857 12.0139385695 13.9267684888 0.186161533575 0.165861326537 0.194946320844 4.73830581264 5.3652108432
-9999.0 -9999.0 -9999.0 -9999.0 -9999.0 -9999.0 -9999.0 -9999.0 -9999.0 -9999.0 -9999.0 0.407075557898 9.22907317413 11.2557482393 0.557572744608 6.14544006834 0.437755508224 0.420293969626 0.894186105526 2.29573171685 0.456921927245 0.49538768786 0.343682893451 3.37901335817 3.68435638427 4.97878475939 5.39879649222 5.61580465034 5.7959979646 5.97765125883 141.607934446 154.467463963 166.287873388 166.439079959 0.159572797741 0.223088403889 4.80458538607 4.5366256386 0.27177083374 0.298272180995 3.98641376515 5.53410146184 0.210364865075 2.91829415015 2.72261616371 0.701931008282 0.299369543741 0.518960885204 0.234044567684 14.2721532489 0.175414083457 0.520605185846 0.643784163193 6.52172078333
-9999.0 -9999.0 -9999.0 -9999.0 -9999.0 -9999.0 -9999.0 -9999.0 -9999.0 -9999.0 -9999.0 0.768361773622 1.45549715007 11.9191498245 12.9809611137 0.526584410927 7.02326546729 0.358572762734 1.14513011873 2.70404266086 0.876008531243 0.415605564433 0.821886893327 0.274928788347 0.53869214403 0.287263147722 0.258542423435 0.237334552409 0.214201311329 0.164529967666 0.130539942126 0.171203692911 0.214858062724 0.246138508944 166.993039894 5.45401273181 5.03216777424 0.106665930748 0.777783942576 0.184935931775 0.194093704643 5.76450605166 9.41765994278 3.19353995612 2.43803171232 0.453427496197 0.176971480225 0.153597006971 0.323401919424 14.7759048486 15.0944198606 0.169446730731 0.177769161891 0.171878849321
-9999.0 -9999.0 -9999.0 -9999.0 -9999.0 -9999.0 -9999.0 -9999.0 -9999.0 -9999.0 -9999.0 -9999.0 0.614240178449 9.16048667499 22.7344803776 24.6138005528 32.0881534978 32.5183634741 5.9733481197 4.44285782398 1.30144648467 0.405785284283 1.60108650969 1.95154361379 2.78759789031 0.596032012708 0.527913575304 0.514712402307 0.98965471296 0.418272141161 0.373720245014 0.230165797553 0.173367935904 0.123132513028 167.142896068 172.74399833 172.942892664 0.102575502838 1.89020036808 0.890064547576 0.265849959124 10.2637500011 0.620484881992 0.326637395766 1.4688494044 0.297452815931 0.200853986006 0.372387787425 0.515273353686 0.681647735544 15.3493724791 0.116299320124 0.098164680995 0.0983186773553
-9999.0 -9999.0 -9999.0 -9999.0 -9999.0 -9999.0 -9999.0 -9999.0 -9999.0 -9999.0 -9999.0 0.72501697403 7.03990993254 8.50098110898 1.29867806488 0.494013691587 1.01822843894 34.0093744554 34.384042024 40.780867218 0.357715082004 0.757865074162 0.305569302677 0.311681279658 3.08053322517 3.96812796287 4.76481892884 0.242820766942 1.22497652165 1.87262422886 1.03961374441 0.451514516512 0.362589981822 0.301893166004 0.281910875817 0.0952572672001 173.049990503 173.119337889 175.156147968 0.384999056483 0.215127877893 10.4988475464 0.690045756689 0.354694260761 0.416281668705 0.413012231944 0.343086492942 0.578174356316 1.58165806818 2.44658961075 17.9209588406 0.0817195568006 0.247926227869 0.169608682803
-9999.0 -9999.0 -9999.0 -9999.0 -9999.0 -9999.0 -9999.0 -9999.0 -9999.0 -9999.0 -9999.0 0.744745537874 5.00224670865 0.754718686905 0.617283826009 3.49352759852 4.00090674883 4.49462467943 4.92190689353 56.2579180053 56.7945748249 57.7105686777 63.6777564002 64.6452333533 65.1705202342 65.4734698051 70.908968652 71.7170434303 71.9727827295 74.1359705347 75.4479379595 75.6702889093 76.4799507607 0.507928007033 0.463413924023 0.0834207425954 0.0513247530534 173.20783521 175.732976412 0.512520122724 12.1706833608 11.9774089059 1.22863490358 0.280069045542 0.293765010906 0.279074725578 0.291774663295 0.587651936448 0.82103228179 0.21729574632 18.0363048447 18.1619394714 18.6826888571 18.7794454601
-9999.0 -9999.0 -9999.0 -9999.0 -9999.0 -9999.0 -9999.0 -9999.0 -9999.0 -9999.0 -9999.0 2.63153565542 3.46542861416 1.57086363951 2.30105456333 0.718423780898 7.99020482234 8.53525608005 9.60166651091 10.0895641668 3.4431081042 61.8861021844 62.2659932513 0.326676131058 0.220263954795 0.218647959281 0.450118846493 0.227510053341 0.183688868811 0.17789655593 0.1736802051 75.9144764237 76.7194133475 77.4604838295 78.1119315767 78.3449303598 0.0874812123282 0.0203594322108 188.252459661 12.4585619061 12.3829692903 0.241934097697 0.211216423826 0.178311371029 0.482997638168 0.468802510816 0.223785876223 0.226946317863 0.204689299365 0.415731389587 0.529613100135 0.0928077217371 0.151721694964 0.054368690968
-9999.0 -9999.0 -9999.0 -9999.0 -9999.0 -9999.0 -9999.0 -9999.0 -9999.0 -9999.0 -9999.0 -9999.0 1.78255471595 0.818952756204 0.729635913056 6.90213303505 7.46491736542 0.58623633861 2.20959558169 2.70534173785 3.11222367909 0.487803384529 0.283360382127 9.39735535217 9.61164186861 9.82037060554 24.8001968132 24.9677506396 25.2969388503 27.1006571527 28.0336232573 28.1745318604 0.166400159512 0.17672177883 0.148310504579 78.4568965389 0.0400049665212 189.911478694 189.846674536 1.53684519512 1.43031966797 0.881119476467 0.218343070177 0.359563442381 0.677667478139 0.660979424295 0.427064322906 0.213785144253 0.413830560794 0.414909865367 0.707619316576 0.110703565221 0.242232407794 0.401478795181
