data/baseflow/History/mHMbfrc345
ncols                  80
nrows                 72
xllcorner      4374000.0
yllcorner      5656000.0
cellsize            500
NODATA_value       -9999
[rows 0 to 23 of 72, columns 0 to 53 of 80]
-9999.0 -9999.0 -9999.0 -9999.0 -9999.0 -9999.0 -9999.0 -9999.0 -9999.0 -9999.0 -9999.0 -9999.0 0.569243492042 0.708294889948 -9999.0 -9999.0 -9999.0 -9999.0 -9999.0 -9999.0 -9999.0 -9999.0 -9999.0 -9999.0 -9999.0 -9999.0 -9999.0 -9999.0 -9999.0 -9999.0 -9999.0 -9999.0 -9999.0 -9999.0 -9999.0 -9999.0 -9999.0 -9999.0 -9999.0 -9999.0 -9999.0 -9999.0 -9999.0 -9999.0 -9999.0 -9999.0 -9999.0 -9999.0 -9999.0 -9999.0 -9999.0 -9999.0 -9999.0 -9999.0
-9999.0 -9999.0 -9999.0 -9999.0 -9999.0 -9999.0 -9999.0 -9999.0 -9999.0 -9999.0 -9999.0 -9999.0 1.00197677003 2.81714078539 0.574571302165 -9999.0 0.570035153953 -9999.0 -9999.0 -9999.0 -9999.0 -9999.0 -9999.0 -9999.0 -9999.0 -9999.0 -9999.0 -9999.0 -9999.0 -9999.0 -9999.0 -9999.0 -9999.0 -9999.0 -9999.0 -9999.0 -9999.0 -9999.0 -9999.0 -9999.0 -9999.0 -9999.0 -9999.0 -9999.0 -9999.0 -9999.0 -9999.0 -9999.0 -9999.0 -9999.0 -9999.0 -9999.0 -9999.0 -9999.0
-9999.0 -9999.0 -9999.0 -9999.0 -9999.0 -9999.0 -9999.0 -9999.0 -9999.0 -9999.0 0.410959832153 0.393960792077 0.412971122588 0.405184675334 3.57266725489 4.08762584734 1.61454944692 0.524923059545 -9999.0 -9999.0 -9999.0 -9999.0 -9999.0 -9999.0 -9999.0 -9999.0 -9999.0 -9999.0 -9999.0 -9999.0 -9999.0 -9999.0 -9999.0 -9999.0 -9999.0 -9999.0 -9999.0 -9999.0 -9999.0 -9999.0 -9999.0 -9999.0 -9999.0 -9999.0 -9999.0 -9999.0 -9999.0 -9999.0 -9999.0 -9999.0 -9999.0 -9999.0 -9999.0 -9999.0
-9999.0 -9999.0 -9999.0 -9999.0 -9999.0 -9999.0 -9999.0 -9999.0 -9999.0 0.397424795075 0.807458385543 1.60019490183 0.792969244928 0.383993183278 0.752139760393 4.45054351843 7.15975768227 0.547713285581 -9999.0 0.389032776893 -9999.0 -9999.0 -9999.0 -9999.0 1.10471587409 0.567436604482 -9999.0 -9999.0 -9999.0 -9999.0 -9999.0 -9999.0 -9999.0 -9999.0 -9999.0 -9999.0 -9999.0 -9999.0 -9999.0 -9999.0 -9999.0 -9999.0 -9999.0 -9999.0 -9999.0 -9999.0 -9999.0 -9999.0 -9999.0 -9999.0 -9999.0 -9999.0 -9999.0 -9999.0
-9999.0 -9999.0 -9999.0 -9999.0 -9999.0 -9999.0 -9999.0 -9999.0 0.460171427911 1.28068577961 1.66170860457 2.04904443301 2.76594039516 0.360938522224 1.43828722271 1.78542173086 9.85968896743 0.406361997159 0.328708097258 0.733350544922 1.06557135927 0.34562027773 -9999.0 2.74938351171 2.24971722288 0.584180739135 -9999.0 -9999.0 -9999.0 -9999.0 -9999.0 -9999.0 -9999.0 -9999.0 -9999.0 -9999.0 -9999.0 -9999.0 -9999.0 -9999.0 -9999.0 -9999.0 -9999.0 -9999.0 -9999.0 -9999.0 -9999.0 -9999.0 -9999.0 -9999.0 -9999.0 -9999.0 -9999.0 -9999.0
-9999.0 -9999.0 -9999.0 -9999.0 -9999.0 -9999.0 0.46553635934 0.416066973897 0.393090266027 0.400939318513 0.4067845247 2.87403017499 6.02933195263 6.41184918952 6.66561090064 0.210873754626 10.4573108762 10.7892844016 0.671598613992 0.339203017321 1.3913810803 2.40772382739 0.403483337862 3.97533528852 0.352326106189 0.401372728084 0.362801153623 -9999.0 -9999.0 -9999.0 -9999.0 -9999.0 -9999.0 -9999.0 -9999.0 -9999.0 -9999.0 -9999.0 -9999.0 -9999.0 -9999.0 -9999.0 -9999.0 -9999.0 -9999.0 -9999.0 -9999.0 -9999.0 -9999.0 -9999.0 -9999.0 -9999.0 -9999.0 -9999.0
-9999.0 -9999.0 -9999.0 -9999.0 -9999.0 -9999.0 0.924671885439 1.35402582737 3.03308491232 4.19772030431 0.360811282381 0.376064895715 0.358066842721 1.04703301316 8.02576517742 0.258716726507 11.1101645996 12.3706163654 0.987900184463 0.644380959012 2.71694047029 0.333459352361 4.3034690953 0.664016879795 0.332138375678 0.72344352735 0.715924893479 0.3568032245 0.365170651243 0.358807518507 0.372064018182 0.746261840964 -9999.0 -9999.0 -9999.0 -9999.0 -9999.0 -9999.0 -9999.0 -9999.0 -9999.0 -9999.0 -9999.0 -9999.0 -9999.0 -9999.0 -9999.0 -9999.0 -9999.0 -9999.0 -9999.0 -9999.0 -9999.0 -9999.0
-9999.0 -9999.0 -9999.0 -9999.0 -9999.0 0.509391780369 0.976378873478 0.45985106634 0.886855964142 4.6319209197 5.40266178967 6.16741889672 19.9913958022 0.347473188893 8.36899732906 31.1108433773 31.3576092928 44.178071352 0.277059888302 0.952849468782 3.02833677578 0.308711786263 8.05852904257 3.43537934354 2.12075070269 1.7847334434 0.350428072086 1.06189348272 1.0684087268 0.712934306072 0.346213915599 1.1021685168 0.343366619239 0.340426299807 -9999.0 -9999.0 -9999.0 -9999.0 -9999.0 -9999.0 -9999.0 -9999.0 -9999.0 -9999.0 -9999.0 -9999.0 -9999.0 -9999.0 -9999.0 -9999.0 -9999.0 -9999.0 -9999.0 -9999.0
-9999.0 -9999.0 -9999.0 -9999.0 -9999.0 0.50972210518 1.46816280083 2.91893369261 3.35426049339 6.62229419917 7.02856040263 8.30721244247 13.4744091163 21.094925203 21.8247523756 22.164599763 0.600449884941 45.2713695112 45.8371658774 47.4104124217 59.7647880664 9.01031939955 8.3890684627 2.44795790301 0.322546624383 2.03855026652 1.38548318173 0.312666550539 1.39138855777 0.316757418244 0.652903702426 1.76593238412 2.09799476168 0.670122114358 0.325689767543 0.326323935977 -9999.0 -9999.0 -9999.0 -9999.0 0.500562177413 0.459167555486 -9999.0 -9999.0 -9999.0 -9999.0 -9999.0 -9999.0 -9999.0 -9999.0 -9999.0 -9999.0 -9999.0 -9999.0
-9999.0 -9999.0 -9999.0 -9999.0 -9999.0 0.48723032417 0.459427706631 1.93920323049 2.38434513743 2.8472120092 0.435644314989 0.861063251993 4.88509995998 0.893472538337 0.401092633434 0.362708300672 0.323132345682 0.367717339938 0.349930175101 0.353162630639 60.0978255548 61.0309773416 0.306992637957 0.944896980714 0.642019166116 2.35267574635 0.630732011258 0.305901518323 1.71799709205 0.619278150662 1.49490923913 3.69462319745 3.4157941487 0.9901826815 0.968282514925 0.330444191543 0.32788881113 -9999.0 -9999.0 0.329073609539 0.992498649605 2.40513144306 0.477965773038 -9999.0 -9999.0 -9999.0 -9999.0 -9999.0 -9999.0 -9999.0 -9999.0 -9999.0 -9999.0 -9999.0
-9999.0 -9999.0 -9999.0 -9999.0 -9999.0 -9999.0 0.509907259376 0.515454973441 0.956687116362 1.41574602546 3.17059083554 4.0492967474 4.49568812909 0.490483320525 0.359032134599 4.79374553831 5.86584071877 6.20227997797 7.60782752998 7.93142854707 0.320539315339 61.3544778504 62.8258343021 1.15604358327 0.0945647126661 2.59245499832 5.82778916688 2.31986837415 0.599147945395 0.301934801184 5.77901737028 4.00111656023 0.296146636203 0.301929012427 1.27519682545 0.970011925127 0.309235496465 0.305495029348 0.319297320305 0.64288344283 0.309480217441 2.91693870041 3.21278549804 0.284637033511 -9999.0 -9999.0 -9999.0 -9999.0 0.315495998258 0.301442032355 0.0956006238223 -9999.0 -9999.0 -9999.0
-9999.0 -9999.0 -9999.0 -9999.0 -9999.0 -9999.0 -9999.0 0.489032113897 0.396914139521 0.873412270718 1.33520216214 0.442601408723 0.401863209552 2.5158315595 3.29384365743 4.0874374457 0.370183705028 0.726709504972 0.358230050576 8.2642125943 18.9505799091 19.4321801494 83.0048001106 0.301704077281 0.307738824939 0.0934840648071 6.12148044422 0.295453354888 0.906030296777 0.297594367138 6.07106615716 6.36283305734 0.594728856381 0.596947208397 3.18448953622 1.59513735747 0.623265654338 0.316368294696 0.638532434599 0.957948064652 1.56062364416 0.291685228892 3.76672770056 4.01873175241 0.229721037855 0.243345657531 0.253462236539 0.233244374311 0.222465862565 0.875765832654 0.35092987005 0.226186478568 -9999.0 -9999.0
-9999.0 -9999.0 -9999.0 -9999.0 -9999.0 -9999.0 -9999.0 -9999.0 0.892661208206 1.25080290232 0.435846257426 0.890550703429 1.3075842596 2.14649701391 0.426916031785 0.406215018329 0.351401911845 0.355663721058 0.326261830141 10.0141034331 0.361991251041 0.70820685276 84.2191044432 85.0232623417 0.312012203821 0.926014463541 7.32782462397 0.582915906183 1.1771322512 0.555970097976 0.825803247874 7.50058415325 0.869190245983 4.62752525581 3.760727975 0.293757376438 1.5395662217 0.61904504215 0.93628902244 0.298132429828 1.85017041894 2.4076238709 2.62958550691 2.84168463084 4.88604932763 0.437045536233 0.45928797162 0.42574830019 0.402490303819 1.09487836878 0.234970879967 0.816928369638 1.03491560403 -9999.0
-9999.0 -9999.0 -9999.0 -9999.0 -9999.0 -9999.0 -9999.0 -9999.0 0.477526665013 2.19060768123 2.61425325506 0.423759200719 0.829226213362 0.404766792008 0.376916417265 0.370716121049 4.62348938041 6.13489466259 7.74790415406 9.49329907868 0.439098980508 0.352962178844 0.348149286746 86.8290148209 87.8221645365 88.1819023812 9.993333582 2.33711466593 2.04036344352 0.264049919411 1.08436683343 8.84952780268 0.263648166652 4.89506968616 0.288198733277 1.9950681602 1.84617179917 0.299150760189 1.23214443155 0.592708930352 0.880741209027 0.26265787821 0.20387990434 3.05150157135 3.24410932189 5.07817287779 0.663776883987 0.62169619201 0.595242233711 1.3398450674 1.81351389565 0.236135351966 1.26108255687 0.241102150733
-9999.0 -9999.0 -9999.0 -9999.0 -9999.0 -9999.0 -9999.0 -9999.0 -9999.0 0.490297874441 3.06053831161 3.47467258735 1.23553378802 2.04169941165 2.7953868499 3.17304820308 0.385955424304 1.15729155194 0.767253492875 0.393326307547 0.388149201966 0.349315669831 0.693157533253 1.17814656715 0.459890822851 99.028059778 99.3531141799 0.301363802744 0.240515473108 0.533528697198 0.797759270298 9.63244701139 0.521587998632 5.13941343561 3.06884668488 2.52667646111 0.287438267549 0.581649284138 1.50736646984 0.27415118536 1.14731347592 0.52555260377 0.309201213629 0.0833284191184 3.59383913872 8.83353448757 0.810933013666 0.772623269209 0.790660412208 0.20223542666 2.01482446603 0.196995315427 1.69735487725 0.217339902925
-9999.0 -9999.0 -9999.0 -9999.0 -9999.0 -9999.0 -9999.0 -9999.0 -9999.0 -9999.0 0.416835496938 4.31541340636 0.404181363282 0.806771889318 1.17194884102 1.89312589057 0.366911786006 0.765361381998 0.375919577848 0.358138015152 0.341322103334 0.678599173838 0.30925502066 0.333800129679 0.679966205376 0.395091978164 99.7446506928 100.396037309 101.296636323 1.05811628336 0.266346975155 0.530738898157 9.90348125486 9.51968149377 3.6260447862 0.275827376894 1.14751637161 0.863699992577 1.78330982449 0.548874648107 2.20825466068 0.790387165502 0.51443427246 0.0262654270676 0.092000543157 9.02494327014 9.20603958953 10.9500638988 1.42061846584 0.416087659744 2.23047236676 2.6381924091 4.5293880669 0.427126003173
-9999.0 -9999.0 -9999.0 -9999.0 -9999.0 -9999.0 -9999.0 -9999.0 -9999.0 -9999.0 -9999.0 0.223530253128 4.76454968789 0.384478671235 0.743616911367 3.35605473629 0.373160381875 0.370042421762 0.338811477953 0.711177876362 0.352679976413 1.38221264342 2.00913658388 2.30406527694 0.960517455407 1.23427923635 0.313934217619 0.368148881523 0.383541815264 103.070810729 103.884187979 10.1451950801 10.0056248757 9.76500449973 0.50109772387 0.245643985346 1.40865768554 3.71616690982 2.04689608997 0.810896776042 3.2717212076 0.892603215312 0.650413217237 0.0534517654911 0.0227052434482 0.0265551760574 0.0502795177437 11.236102273 13.2203911075 0.201828057379 0.187949912624 0.202550443118 4.72870641739 5.34210004558
-9999.0 -9999.0 -9999.0 -9999.0 -9999.0 -9999.0 -9999.0 -9999.0 -9999.0 -9999.0 -9999.0 0.211060691306 5.26290161817 6.46314793334 0.364864691793 4.0814818188 0.347222389096 0.334602663602 0.678740040778 1.73522727124 0.340791389619 0.355076288525 0.307838722133 2.91846837369 3.2140463939 4.76517685096 5.33229308499 5.58973107907 5.88623539223 6.21923149016 110.460389684 121.072165647 131.540677899 131.819626815 0.23395283624 0.248212777971 4.23962899132 3.97998867516 0.259137651475 0.256534683981 3.51635039285 4.66153634829 0.196672555827 1.53043434171 1.4255743769 0.132979264494 0.0853169585287 0.147480534003 0.186224705212 13.5607758096 0.170403802987 0.538866422127 0.67883520625 6.35320265047
-9999.0 -9999.0 -9999.0 -9999.0 -9999.0 -9999.0 -9999.0 -9999.0 -9999.0 -9999.0 -9999.0 0.435203434931 0.831797548455 6.85036312353 7.54518855842 0.350914145421 4.91918488562 0.299440006399 0.930112906022 2.04814373492 0.660924699667 0.31900986223 0.655985262551 0.28216694812 0.552654527161 0.276507744506 0.233842532516 0.140634368386 0.102493162915 0.0817175512342 0.0730903991079 0.132967103897 0.212069373957 0.316148008073 132.664695902 5.11481512968 4.66357442041 0.202559370224 0.748398538598 0.196108941641 0.168230125439 4.89935076979 7.12330210599 1.78544894272 1.37414650136 0.0782332596916 0.0315196003031 0.0275747267596 0.167160067357 13.9048924487 14.2445060466 0.176361019415 0.182140932662 0.109182914991
-9999.0 -9999.0 -9999.0 -9999.0 -9999.0 -9999.0 -9999.0 -9999.0 -9999.0 -9999.0 -9999.0 -9999.0 0.37288868701 5.07077968859 12.9802645971 14.0747289503 19.3721918151 19.8569386121 4.74188901615 3.3543402493 0.985599053084 0.31539599776 1.27986808156 1.58381284351 2.4170799583 0.563619317346 0.508222397132 0.418943435753 0.793283204941 0.349884773411 0.318506176766 0.150368031575 0.0350725496423 0.0618581391671 132.929537532 138.271639187 138.546388385 0.204864413065 2.02471315476 0.863030644456 0.253231917409 7.89308750238 0.536086963823 0.274927255621 1.06963262713 0.170943624726 0.150207389171 0.282949107987 0.426575253308 0.592092970745 14.5375011317 0.139534681597 0.125459621638 0.125727650763
-9999.0 -9999.0 -9999.0 -9999.0 -9999.0 -9999.0 -9999.0 -9999.0 -9999.0 -9999.0 -9999.0 0.405445229549 3.8705062306 4.68974889864 0.746750637495 0.23813252051 0.527959991744 20.7122570563 21.109916621 26.3186906213 0.289076378922 0.601934295416 0.273249349431 0.277484758016 2.69154427479 3.52908240978 4.30062957839 0.258219025837 1.05365699684 1.65920022208 0.95977852128 0.397672169729 0.202298877973 0.120262015358 0.137225699244 0.0910568538126 138.767499914 138.951483731 141.313363261 0.438505921993 0.230754440281 8.21873942663 0.576777845556 0.294431137806 0.310897965883 0.308044239909 0.284341465572 0.439837371028 1.36689292402 2.13824491564 16.819440689 0.110619031384 0.333178227769 0.225913354933
-9999.0 -9999.0 -9999.0 -9999.0 -9999.0 -9999.0 -9999.0 -9999.0 -9999.0 -9999.0 -9999.0 0.415609955344 2.6947033665 0.420923222659 0.367189160622 1.90555300654 2.23001945624 2.55856144275 2.86955148899 35.1273545046 35.4004606207 35.9660039427 39.9552183066 40.6878618066 41.0583871162 41.3402208873 45.993450039 46.534118898 46.7962899648 48.706108645 49.9401956225 50.1903652169 50.7564544013 0.354481887921 0.226195214335 0.027235353268 0.0466457560878 139.129047168 142.113357015 0.636208247606 9.90126594026 9.65703645652 1.10089696503 0.26588456945 0.270842587596 0.264399318607 0.261213928349 0.52413375013 0.748286288284 0.211711104834 16.9582488963 17.1045733347 17.7920565643 17.9155727185
-9999.0 -9999.0 -9999.0 -9999.0 -9999.0 -9999.0 -9999.0 -9999.0 -9999.0 -9999.0 -9999.0 1.39516107942 1.84090030851 0.843950882578 1.23877059247 0.388498985514 4.40667930547 4.74915200408 5.42769873585 5.62341553183 2.17645378074 38.5522502932 38.795403592 0.169254680802 0.0890164091997 0.0515520552743 0.157185108154 0.0700158073277 0.0356578553875 0.0338615906948 0.0591465942985 50.3193120102 50.9197100305 51.551394205 52.0225984857 52.2256138175 0.0667703989283 0.0345077416579 152.584297215 10.3126735638 10.1576518193 0.242249779162 0.232042589312 0.217467639233 0.495271067142 0.489433397604 0.229818920021 0.230911415744 0.215121320544 0.423663516457 0.562669209437 0.105906749762 0.194700612237 0.0656147054546
-9999.0 -9999.0 -9999.0 -9999.0 -9999.0 -9999.0 -9999.0 -9999.0 -9999.0 -9999.0 -9999.0 -9999.0 0.945141971588 0.436760065805 0.39738932598 3.72385872696 4.07818405731 0.357008297413 1.39457921759 1.70086072283 1.92963605333 0.273975996523 0.201253928818 5.36803139435 5.52930786469 5.66439708117 15.6409300331 15.7061351647 15.7736949225 16.6462046599 16.8639975605 16.8937208605 0.0317585492261 0.0337170079781 0.0585512423129 52.4884543533 0.0864149042257 154.473201121 154.296303516 1.58069526803 1.40578910415 0.931845189109 0.233894704704 0.43333619388 0.718919271862 0.713731626137 0.450928159361 0.223138337972 0.434328021195 0.429277733903 0.75393643809 0.128702827287 0.307872176425 0.494407402306
