data/baseflow/History/mHMbfrc552
ncols                  80
nrows                 72
xllcorner      4374000.0
yllcorner      5656000.0
cellsize            500
NODATA_value       -9999
[rows 0 to 23 of 72, columns 0 to 53 of 80]
-9999.0 -9999.0 -9999.0 -9999.0 -9999.0 -9999.0 -9999.0 -9999.0 -9999.0 -9999.0 -9999.0 -9999.0 0.676387827803 0.726362609533 -9999.0 -9999.0 -9999.0 -9999.0 -9999.0 -9999.0 -9999.0 -9999.0 -9999.0 -9999.0 -9999.0 -9999.0 -9999.0 -9999.0 -9999.0 -9999.0 -9999.0 -9999.0 -9999.0 -9999.0 -9999.0 -9999.0 -9999.0 -9999.0 -9999.0 -9999.0 -9999.0 -9999.0 -9999.0 -9999.0 -9999.0 -9999.0 -9999.0 -9999.0 -9999.0 -9999.0 -9999.0 -9999.0 -9999.0 -9999.0
-9999.0 -9999.0 -9999.0 -9999.0 -9999.0 -9999.0 -9999.0 -9999.0 -9999.0 -9999.0 -9999.0 -9999.0 1.37578520448 3.28024605292 0.585212710448 -9999.0 0.618901438006 -9999.0 -9999.0 -9999.0 -9999.0 -9999.0 -9999.0 -9999.0 -9999.0 -9999.0 -9999.0 -9999.0 -9999.0 -9999.0 -9999.0 -9999.0 -9999.0 -9999.0 -9999.0 -9999.0 -9999.0 -9999.0 -9999.0 -9999.0 -9999.0 -9999.0 -9999.0 -9999.0 -9999.0 -9999.0 -9999.0 -9999.0 -9999.0 -9999.0 -9999.0 -9999.0 -9999.0 -9999.0
-9999.0 -9999.0 -9999.0 -9999.0 -9999.0 -9999.0 -9999.0 -9999.0 -9999.0 -9999.0 0.653720461991 0.606557857137 0.647509020464 0.646488783925 4.42834540494 4.93958478057 1.69052794426 0.537701156254 -9999.0 -9999.0 -9999.0 -9999.0 -9999.0 -9999.0 -9999.0 -9999.0 -9999.0 -9999.0 -9999.0 -9999.0 -9999.0 -9999.0 -9999.0 -9999.0 -9999.0 -9999.0 -9999.0 -9999.0 -9999.0 -9999.0 -9999.0 -9999.0 -9999.0 -9999.0 -9999.0 -9999.0 -9999.0 -9999.0 -9999.0 -9999.0 -9999.0 -9999.0 -9999.0 -9999.0
-9999.0 -9999.0 -9999.0 -9999.0 -9999.0 -9999.0 -9999.0 -9999.0 -9999.0 0.610174267975 1.26293542273 2.50737667403 1.22870192131 0.589386935941 1.15415163128 5.45843939501 8.28709365497 0.582874370624 -9999.0 0.60482354431 -9999.0 -9999.0 -9999.0 -9999.0 1.15122688593 0.593494751472 -9999.0 -9999.0 -9999.0 -9999.0 -9999.0 -9999.0 -9999.0 -9999.0 -9999.0 -9999.0 -9999.0 -9999.0 -9999.0 -9999.0 -9999.0 -9999.0 -9999.0 -9999.0 -9999.0 -9999.0 -9999.0 -9999.0 -9999.0 -9999.0 -9999.0 -9999.0 -9999.0 -9999.0
-9999.0 -9999.0 -9999.0 -9999.0 -9999.0 -9999.0 -9999.0 -9999.0 0.768536112132 2.06980011156 2.6553070883 3.25080463403 4.31434598409 0.548096570718 2.21215123734 2.71705106177 11.9441766322 0.428685273202 0.404710670512 1.10406956483 1.58428610525 0.513276649827 -9999.0 2.87299717909 2.35687108134 0.615102227883 -9999.0 -9999.0 -9999.0 -9999.0 -9999.0 -9999.0 -9999.0 -9999.0 -9999.0 -9999.0 -9999.0 -9999.0 -9999.0 -9999.0 -9999.0 -9999.0 -9999.0 -9999.0 -9999.0 -9999.0 -9999.0 -9999.0 -9999.0 -9999.0 -9999.0 -9999.0 -9999.0 -9999.0
-9999.0 -9999.0 -9999.0 -9999.0 -9999.0 -9999.0 0.755538570817 0.647714245283 0.618692183496 0.639230142141 0.646512986715 4.56845125996 9.49978147549 10.0973234487 10.5825728387 0.494851122978 12.8850397479 13.3168212033 0.954830795036 0.492554643006 2.05193084199 3.54732979846 0.48359115798 4.34093609167 0.501192425223 0.490681748354 0.536757181241 -9999.0 -9999.0 -9999.0 -9999.0 -9999.0 -9999.0 -9999.0 -9999.0 -9999.0 -9999.0 -9999.0 -9999.0 -9999.0 -9999.0 -9999.0 -9999.0 -9999.0 -9999.0 -9999.0 -9999.0 -9999.0 -9999.0 -9999.0 -9999.0 -9999.0 -9999.0 -9999.0
-9999.0 -9999.0 -9999.0 -9999.0 -9999.0 -9999.0 1.53693253877 2.24622089556 4.98477729623 6.82213428446 0.542647976453 0.593854151099 0.549495923054 1.60506708031 12.6221712625 0.413457286628 13.7395141761 15.8627936147 1.62383211514 0.895991609237 3.97251770476 0.481552699983 4.82057402061 0.874533212518 0.430557028291 0.911580822688 1.06832375714 0.569962800536 0.621945810063 0.595537880586 0.672305516198 1.34148998388 -9999.0 -9999.0 -9999.0 -9999.0 -9999.0 -9999.0 -9999.0 -9999.0 -9999.0 -9999.0 -9999.0 -9999.0 -9999.0 -9999.0 -9999.0 -9999.0 -9999.0 -9999.0 -9999.0 -9999.0 -9999.0 -9999.0
-9999.0 -9999.0 -9999.0 -9999.0 -9999.0 0.896808122648 1.70073543663 0.796381967902 1.5002422712 7.54795657201 8.7564206783 9.9678596089 34.3393574332 0.564056604782 13.1053044554 52.0857702785 52.5191432748 69.2538344936 0.567003854732 1.31911979624 4.39993703337 0.420517290252 10.0329279259 4.75187146458 2.92250175341 2.46868862608 0.509700941626 1.70911020857 1.79164977907 1.18929805242 0.581885796322 1.94695039182 0.581693336428 0.566157987684 -9999.0 -9999.0 -9999.0 -9999.0 -9999.0 -9999.0 -9999.0 -9999.0 -9999.0 -9999.0 -9999.0 -9999.0 -9999.0 -9999.0 -9999.0 -9999.0 -9999.0 -9999.0 -9999.0 -9999.0
-9999.0 -9999.0 -9999.0 -9999.0 -9999.0 0.915121648609 2.62841249393 5.17725175947 5.93534381736 11.7312076886 12.4121320572 14.5866982089 23.8588358662 36.3956008592 37.5681201653 38.1005601463 0.8660214242 70.9820919687 72.0370341795 74.3322103082 90.5276279316 11.3829151468 10.5297450293 3.40535810837 0.484145940254 3.05873739882 2.15364054183 0.42795894579 2.30419631965 0.53351404628 1.24233472486 3.14522020908 3.70512386001 1.11116855362 0.523230543865 0.53238291711 -9999.0 -9999.0 -9999.0 -9999.0 0.540520448929 0.499315742133 -9999.0 -9999.0 -9999.0 -9999.0 -9999.0 -9999.0 -9999.0 -9999.0 -9999.0 -9999.0 -9999.0 -9999.0
-9999.0 -9999.0 -9999.0 -9999.0 -9999.0 0.870286302896 0.814687679552 3.47517791485 4.25617234142 5.07073905232 0.74482798327 1.46684162763 8.75590171368 1.63009840074 0.651493958732 0.543381163034 0.444411897796 0.632444587509 0.629179716054 0.521559278522 90.9835038455 92.2886664809 0.432206015776 1.38075339014 0.96068968591 3.47918723823 0.862331852678 0.397880548928 2.81226468882 1.06940646885 2.72770812513 6.30346447932 5.84488717545 1.58730487272 1.53508530496 0.559597802319 0.553290458624 -9999.0 -9999.0 0.552801008755 1.09957388235 2.63920376634 0.521803158472 -9999.0 -9999.0 -9999.0 -9999.0 -9999.0 -9999.0 -9999.0 -9999.0 -9999.0 -9999.0 -9999.0
-9999.0 -9999.0 -9999.0 -9999.0 -9999.0 -9999.0 0.935285628644 0.93504356228 1.72112158027 2.54243574312 5.72731255899 7.27081904597 8.11880844454 0.943036453824 0.555222146181 8.12722135603 9.73842345375 10.2176836314 12.3655532617 12.8235080764 0.459421317308 92.7555634756 95.0452955331 1.83056351448 0.429705379178 3.89212475728 8.69094781138 3.60107101536 0.869020219322 0.452016659627 9.96345514706 6.79269678137 0.429598991373 0.448197264932 2.00511354608 1.63340113832 0.447532397619 0.44206385717 0.537873732402 1.07567590085 0.508870529993 3.20515748209 3.61312125223 0.386695136976 -9999.0 -9999.0 -9999.0 -9999.0 0.462551046308 0.422926118912 0.15971921485 -9999.0 -9999.0 -9999.0
-9999.0 -9999.0 -9999.0 -9999.0 -9999.0 -9999.0 -9999.0 0.878247058179 0.774668297259 1.63670097945 2.45873725095 0.776290551933 0.769129923889 4.50069670579 5.75612015505 7.05709541559 0.575127406402 1.15444433626 0.562701992466 13.3183070757 29.8552708107 30.3553789859 126.307073407 0.441853164087 1.20246182929 0.373224760982 9.07474285922 0.410677724854 1.33517857453 0.424621242283 10.3781169748 10.8108539072 0.880972789212 0.889842380045 5.13489326591 2.60475454926 0.943439890497 0.493447847897 1.06906535306 1.59853538374 2.52684687231 0.39011567112 4.35289179539 4.71333257552 0.320299356054 0.353079722107 0.368551812633 0.321837631848 0.300172864638 1.21196011139 0.489914598103 0.267399176837 -9999.0 -9999.0
-9999.0 -9999.0 -9999.0 -9999.0 -9999.0 -9999.0 -9999.0 -9999.0 1.75183093263 2.47908589911 0.776246861451 1.59789581264 2.31247891596 3.83916857396 0.721614844744 0.682386354837 0.556385087615 0.561029166845 0.480250149429 15.497790312 0.603393483579 1.15931335717 128.00306522 128.965541268 0.356932331974 1.9187473413 11.3460091032 0.823240023503 1.68287080423 0.719703916202 1.08335931654 12.4309675626 1.26348737792 7.28249555834 6.03709653277 0.491016588741 2.4173430555 0.990985313698 1.54422016191 0.466636460372 2.94297468597 3.69944603048 4.01348317839 4.3057392212 5.92375301655 0.614778535934 0.650920860327 0.57683265355 0.532935944456 1.47502651418 0.276513442324 1.04424231826 1.29499580153 -9999.0
-9999.0 -9999.0 -9999.0 -9999.0 -9999.0 -9999.0 -9999.0 -9999.0 0.877005423279 4.21726492389 4.96423692283 0.745793578614 1.44171966231 0.693212739359 0.611617425783 0.600583486099 7.74137710077 10.2056070467 12.4952703377 14.946452412 0.55533871391 0.575315304318 0.487775263648 131.413569403 132.550751468 132.916775863 15.0011270348 3.25081996933 2.84861803783 0.322050747768 1.40713878079 14.1613851451 0.34303915915 7.62334635098 0.450834550698 3.25523860008 2.93518923996 0.485578741585 2.01912995196 0.935698596766 1.39118726862 0.343522589869 0.285368571523 4.59302334725 4.85160226776 6.18156032618 0.930494539237 0.838867539562 0.779009719572 1.77501050194 2.33837246235 0.28109270868 1.57825843509 0.335618786795
-9999.0 -9999.0 -9999.0 -9999.0 -9999.0 -9999.0 -9999.0 -9999.0 -9999.0 0.924558428077 5.78413846191 6.51846137037 2.15330369859 3.5362780204 4.77548481422 5.40885355127 0.659009000803 1.92008331499 1.25122530224 0.683019848338 0.654034794345 0.53395308326 1.04113743673 1.75534670427 0.557491079625 148.873801947 149.227022678 0.339002971636 0.258483554182 0.692507126223 1.04882350246 15.181199904 0.68545037697 7.91498275583 4.88792219253 4.09650879564 0.448779039757 0.917025560353 2.43424286979 0.415477726154 1.79090002831 0.705362535004 0.494486523492 0.259080189733 5.61870792551 12.0084545339 1.1177758691 1.02962700095 1.00205397638 0.228366463909 2.56475332536 0.2185293961 2.09829243361 0.290073664074
-9999.0 -9999.0 -9999.0 -9999.0 -9999.0 -9999.0 -9999.0 -9999.0 -9999.0 -9999.0 0.733296768679 7.99080146424 0.703406806478 1.38371284274 1.97885837689 3.09663866467 0.553213930293 1.23755875327 0.570144579685 0.534468763239 0.50218551051 0.991505981597 0.414980762145 0.438741153193 0.848046763615 0.470239637857 149.649337963 150.355542041 151.377387028 1.35265638131 0.373373517232 0.744611571932 15.5815232386 14.587215648 5.73649089119 0.414187937842 1.78883837465 1.34847793589 2.85073998764 0.828491925871 3.28882951774 1.08424189911 0.783319429475 0.237155252125 0.269334517124 12.3081436002 12.5665465247 14.9189302611 1.74138976569 0.478165629689 2.82016545988 3.28700043046 5.60798224753 0.552885628335
-9999.0 -9999.0 -9999.0 -9999.0 -9999.0 -9999.0 -9999.0 -9999.0 -9999.0 -9999.0 -9999.0 0.494297569121 9.06069459695 0.749420724534 1.34316885574 5.5611185855 0.58097159284 0.569067537381 0.492543942348 1.08006972769 0.575854474178 2.12304178649 2.97868407611 3.35462160088 1.17563377758 1.45436896214 0.349217291906 0.463459833795 0.435223847881 153.534822226 154.673246886 15.8735471496 15.1953630974 14.8950130608 0.610326495193 0.308135441687 2.17121608749 5.79476987392 3.24212023789 1.21308792823 4.85638622432 1.87512167976 1.54724117796 0.470170219235 0.202746663881 0.157089560389 0.18228418768 15.9349470896 18.460240175 0.236497227618 0.219720050239 0.254711753544 5.87746640762 6.67976338773
-9999.0 -9999.0 -9999.0 -9999.0 -9999.0 -9999.0 -9999.0 -9999.0 -9999.0 -9999.0 -9999.0 0.447291693779 10.0884732105 12.2357667803 0.606239410573 6.72863720771 0.518852470466 0.491737029654 1.04341678229 2.68804577384 0.546696121857 0.587663767235 0.404481717767 4.16343588356 4.56380219835 6.47325696835 7.16481283307 7.51897677799 7.85238664258 8.18107444168 163.223017133 179.763186439 195.576217347 195.846981972 0.264765608463 0.33414601023 6.5640205577 6.18233482374 0.383288185254 0.398341157895 5.35695843041 7.59394060636 0.290360415545 4.10326754703 3.82168158248 1.06671634788 0.465149850817 0.783985878111 0.322996447699 18.9363891706 0.235376604032 0.69032197735 0.867861382022 8.2728640845
-9999.0 -9999.0 -9999.0 -9999.0 -9999.0 -9999.0 -9999.0 -9999.0 -9999.0 -9999.0 -9999.0 0.822327669713 1.53648009519 12.9235943607 14.0763998938 0.567696161858 7.78143845759 0.425729051136 1.32830171568 3.15785781598 1.051547876 0.500882519704 1.00139498023 0.353214394565 0.705724404371 0.38377097063 0.361787220926 0.334322524865 0.3141924379 0.264979742427 0.242285395826 0.319933819997 0.379672516546 0.435647359502 196.81949098 7.70773237518 7.04733039712 0.223004044238 1.09328563393 0.269284958575 0.323369951032 7.92180400895 13.0338276043 4.47941313227 3.37381458259 0.670331077191 0.268955860097 0.238247614774 0.484897510728 19.6750633966 20.1316879797 0.242994182671 0.248546090691 0.24552965142
-9999.0 -9999.0 -9999.0 -9999.0 -9999.0 -9999.0 -9999.0 -9999.0 -9999.0 -9999.0 -9999.0 -9999.0 0.65064369941 9.6309363725 24.3483574975 26.3200097324 34.6165675062 35.1355960134 7.04727446869 5.23742973057 1.56391410621 0.48955885871 1.96083293869 2.40081955652 3.50256144779 0.794248290604 0.737910635089 0.720583361452 1.41005881929 0.631229851941 0.599669028844 0.343642416456 0.287494475875 0.23500975687 197.1042609 205.062778816 205.445760416 0.229329175494 2.87931000027 1.32855268043 0.378743071095 14.1910090861 0.840543484771 0.441018571184 1.93586273808 0.410966016908 0.283870710241 0.538681597044 0.752590851792 0.996023464107 20.5071217018 0.175636527511 0.14883022049 0.14902734741
-9999.0 -9999.0 -9999.0 -9999.0 -9999.0 -9999.0 -9999.0 -9999.0 -9999.0 -9999.0 -9999.0 0.756777101387 7.42827877156 8.94225855818 1.34746884137 0.509366140268 1.1288574615 36.7850737538 37.2333322614 44.8001058613 0.433890086041 0.916966681173 0.390524570231 0.39804916832 3.89459958826 5.07918332958 6.18978661786 0.350978452364 1.76474334196 2.74239528902 1.61098091992 0.682200040623 0.585220847701 0.523531710898 0.511835927612 0.214092548899 205.675991026 205.845977029 209.078266703 0.576824405716 0.312836960203 14.5138833056 0.936502893593 0.477284987419 0.53844885507 0.534419006468 0.443949899319 0.77048101275 2.09954307007 3.35325635182 24.0428380958 0.129892293721 0.387865488581 0.262887789777
-9999.0 -9999.0 -9999.0 -9999.0 -9999.0 -9999.0 -9999.0 -9999.0 -9999.0 -9999.0 -9999.0 0.780318072488 5.28933824495 0.785286148009 0.64769746215 3.59473756989 4.14873579291 4.69248865816 5.18825876355 60.998507065 61.5599906026 62.5821522292 69.4939463772 70.7265911087 71.4423421473 71.8459010568 78.9974989508 80.1465647377 80.5522317857 83.7195368926 85.7336772759 86.0707613542 87.3403657147 0.841625319879 0.799405378876 0.177449819828 0.145854090536 206.044195588 210.049163311 0.807189293876 16.7893080231 16.5139359104 1.65592163933 0.368073766875 0.374984323316 0.372736308035 0.379097781176 0.763325017293 1.0698487205 0.290372340722 24.2141620109 24.4023654007 25.2098901801 25.3582331365
-9999.0 -9999.0 -9999.0 -9999.0 -9999.0 -9999.0 -9999.0 -9999.0 -9999.0 -9999.0 -9999.0 2.79173674537 3.66909987533 1.62590993057 2.36924360286 0.729576343818 8.23894073048 8.82421637132 9.96060621907 10.4972381153 3.77212248906 67.1951565629 67.718684182 0.418491517506 0.311333378335 0.309472687957 0.653584339393 0.366060075787 0.29581826352 0.28503573126 0.283486336834 86.4442067542 87.7106543627 88.8968063892 89.9848378975 90.5692658509 0.261981911678 0.0693491616321 227.472626373 17.2591737594 17.0912286294 0.360716511152 0.300588752878 0.250388708475 0.635684450512 0.63427569736 0.29654436433 0.300888766774 0.274700200005 0.561956836903 0.732139154651 0.142614578887 0.264614548067 0.0893031363191
-9999.0 -9999.0 -9999.0 -9999.0 -9999.0 -9999.0 -9999.0 -9999.0 -9999.0 -9999.0 -9999.0 -9999.0 1.89703608488 0.858055348629 0.754957084644 7.0860690278 7.69465094486 0.619321896325 2.36742069133 2.91322637715 3.37267315254 0.566312055871 0.371687785492 10.1268652128 10.4340326757 10.732684273 27.8051635858 28.0682149455 28.6107226877 31.3687554394 32.9258266504 33.165686483 0.277050313095 0.292543350447 0.251010903285 90.8586003249 0.114030025703 230.181811623 229.982885965 2.3617229866 2.14725197607 1.28016633524 0.304101956129 0.513085761279 0.906864104195 0.8984340739 0.567250178068 0.284781706978 0.553316000332 0.563150894248 0.980795458753 0.182588447872 0.464538688301 0.716117824481
