data/baseflow/History/mHMbfrc527
ncols                  80
nrows                 72
xllcorner      4374000.0
yllcorner      5656000.0
cellsize            500
NODATA_value       -9999
[rows 0 to 23 of 72, columns 0 to 54 of 80]
-9999.0 -9999.0 -9999.0 -9999.0 -9999.0 -9999.0 -9999.0 -9999.0 -9999.0 -9999.0 -9999.0 -9999.0 1.34277332743 0.94731572932 -9999.0 -9999.0 -9999.0 -9999.0 -9999.0 -9999.0 -9999.0 -9999.0 -9999.0 -9999.0 -9999.0 -9999.0 -9999.0 -9999.0 -9999.0 -9999.0 -9999.0 -9999.0 -9999.0 -9999.0 -9999.0 -9999.0 -9999.0 -9999.0 -9999.0 -9999.0 -9999.0 -9999.0 -9999.0 -9999.0 -9999.0 -9999.0 -9999.0 -9999.0 -9999.0 -9999.0 -9999.0 -9999.0 -9999.0 -9999.0 -9999.0
-9999.0 -9999.0 -9999.0 -9999.0 -9999.0 -9999.0 -9999.0 -9999.0 -9999.0 -9999.0 -9999.0 -9999.0 2.74666532683 5.58898555354 0.804040467804 -9999.0 0.639914273382 -9999.0 -9999.0 -9999.0 -9999.0 -9999.0 -9999.0 -9999.0 -9999.0 -9999.0 -9999.0 -9999.0 -9999.0 -9999.0 -9999.0 -9999.0 -9999.0 -9999.0 -9999.0 -9999.0 -9999.0 -9999.0 -9999.0 -9999.0 -9999.0 -9999.0 -9999.0 -9999.0 -9999.0 -9999.0 -9999.0 -9999.0 -9999.0 -9999.0 -9999.0 -9999.0 -9999.0 -9999.0 -9999.0
-9999.0 -9999.0 -9999.0 -9999.0 -9999.0 -9999.0 -9999.0 -9999.0 -9999.0 -9999.0 1.38464351178 1.34344750745 1.38793297692 1.33682532386 8.18668312838 9.09389197556 1.75543718023 0.552772382015 -9999.0 -9999.0 -9999.0 -9999.0 -9999.0 -9999.0 -9999.0 -9999.0 -9999.0 -9999.0 -9999.0 -9999.0 -9999.0 -9999.0 -9999.0 -9999.0 -9999.0 -9999.0 -9999.0 -9999.0 -9999.0 -9999.0 -9999.0 -9999.0 -9999.0 -9999.0 -9999.0 -9999.0 -9999.0 -9999.0 -9999.0 -9999.0 -9999.0 -9999.0 -9999.0 -9999.0 -9999.0
-9999.0 -9999.0 -9999.0 -9999.0 -9999.0 -9999.0 -9999.0 -9999.0 -9999.0 1.34558051982 2.71970322864 5.39404492638 2.68629994325 1.31101699915 2.59847725623 10.3755448537 13.522849559 0.655301342172 -9999.0 1.3815298686 -9999.0 -9999.0 -9999.0 -9999.0 1.22803085027 0.622516979841 -9999.0 -9999.0 -9999.0 -9999.0 -9999.0 -9999.0 -9999.0 -9999.0 -9999.0 -9999.0 -9999.0 -9999.0 -9999.0 -9999.0 -9999.0 -9999.0 -9999.0 -9999.0 -9999.0 -9999.0 -9999.0 -9999.0 -9999.0 -9999.0 -9999.0 -9999.0 -9999.0 -9999.0 -9999.0
-9999.0 -9999.0 -9999.0 -9999.0 -9999.0 -9999.0 -9999.0 -9999.0 1.4668836303 4.21331880626 5.544017141 6.87465391516 9.37621804296 1.27719050731 5.12752919445 6.40013220535 21.8193991394 1.07986031803 1.23868338936 2.6567050937 3.90165111636 1.28022492089 -9999.0 3.28625535981 2.69803662666 0.768747923001 -9999.0 -9999.0 -9999.0 -9999.0 -9999.0 -9999.0 -9999.0 -9999.0 -9999.0 -9999.0 -9999.0 -9999.0 -9999.0 -9999.0 -9999.0 -9999.0 -9999.0 -9999.0 -9999.0 -9999.0 -9999.0 -9999.0 -9999.0 -9999.0 -9999.0 -9999.0 -9999.0 -9999.0 -9999.0
-9999.0 -9999.0 -9999.0 -9999.0 -9999.0 -9999.0 1.47157017424 1.36241684935 1.35206961712 1.36288136655 1.3805134917 9.62968151522 20.333360301 21.6543312928 22.8879965523 1.2247895121 24.2073013963 25.4252387474 2.51277438568 1.2470619012 5.12665333441 8.90955235395 1.18285231142 6.77768298293 1.29146782285 1.22408890962 1.33427448065 -9999.0 -9999.0 -9999.0 -9999.0 -9999.0 -9999.0 -9999.0 -9999.0 -9999.0 -9999.0 -9999.0 -9999.0 -9999.0 -9999.0 -9999.0 -9999.0 -9999.0 -9999.0 -9999.0 -9999.0 -9999.0 -9999.0 -9999.0 -9999.0 -9999.0 -9999.0 -9999.0 -9999.0
-9999.0 -9999.0 -9999.0 -9999.0 -9999.0 -9999.0 2.95030955507 4.35680480398 9.8888569393 13.920641621 1.29948129604 1.3201795695 1.28484448984 3.8250776937 27.931675874 1.18403126462 26.63920181 31.4821865076 3.79035204872 2.42900809596 10.0994201516 1.25336221066 8.02377549806 2.49716939495 1.25427008117 2.44577475549 2.63244535388 1.32346703543 1.32812114227 1.31699636112 1.34393013365 2.70340610249 -9999.0 -9999.0 -9999.0 -9999.0 -9999.0 -9999.0 -9999.0 -9999.0 -9999.0 -9999.0 -9999.0 -9999.0 -9999.0 -9999.0 -9999.0 -9999.0 -9999.0 -9999.0 -9999.0 -9999.0 -9999.0 -9999.0 -9999.0
-9999.0 -9999.0 -9999.0 -9999.0 -9999.0 1.5225924473 2.98543944161 1.44194954154 2.83814783407 15.3338441611 18.0109375158 20.6605353534 65.0405609279 1.2736747261 29.1924580738 103.820183036 104.756647539 137.873036103 1.04431871442 3.63257385227 11.2979871162 1.19303454078 21.8205134471 12.5767112458 7.60607502226 6.35300605171 1.28601876475 3.9347538292 3.90078159726 2.60909107653 1.28261862003 4.0193433885 1.28764173406 1.28378999432 -9999.0 -9999.0 -9999.0 -9999.0 -9999.0 -9999.0 -9999.0 -9999.0 -9999.0 -9999.0 -9999.0 -9999.0 -9999.0 -9999.0 -9999.0 -9999.0 -9999.0 -9999.0 -9999.0 -9999.0 -9999.0
-9999.0 -9999.0 -9999.0 -9999.0 -9999.0 1.53976385661 4.50785878354 8.95719821692 10.370273607 20.6269220469 21.9920811611 26.2004594227 43.1187747628 68.6330711979 71.1273717877 72.2888533867 2.29535907904 141.988582448 144.149648223 150.1633879 188.116186069 25.458681913 23.0673024295 8.85100891487 1.23079488925 7.63990211512 5.16522242737 1.20133240055 5.12618420404 1.19318848793 2.48918757629 6.56511976846 7.81173092987 2.5296598776 1.24263196911 1.24759337044 -9999.0 -9999.0 -9999.0 -9999.0 0.662730239352 0.569395552901 -9999.0 -9999.0 -9999.0 -9999.0 -9999.0 -9999.0 -9999.0 -9999.0 -9999.0 -9999.0 -9999.0 -9999.0 -9999.0
-9999.0 -9999.0 -9999.0 -9999.0 -9999.0 1.51423177917 1.46511653364 5.99062019699 7.41013234913 8.86463513217 1.42124833113 2.82809718364 15.9269283998 2.86593333257 1.36450944511 1.31667122272 1.228313802 1.36419538797 1.34725980926 1.28613372397 189.343649109 192.948441369 1.19131843355 3.6384275102 2.45653952886 8.8474013784 2.41528301289 1.17314040674 6.37292988482 2.36395604824 5.68820359441 13.8497599686 12.8063337764 3.76581302858 3.7253447494 1.2493942871 1.25118157181 -9999.0 -9999.0 1.25533816972 1.55858890157 3.31756091698 0.599193648463 -9999.0 -9999.0 -9999.0 -9999.0 -9999.0 -9999.0 -9999.0 -9999.0 -9999.0 -9999.0 -9999.0 -9999.0
-9999.0 -9999.0 -9999.0 -9999.0 -9999.0 -9999.0 1.5481956724 1.53755995503 3.02183479147 4.49382455659 10.254201381 13.1398450044 14.5925131766 1.52473982884 1.29699350082 16.6201149837 20.5230322988 21.7973078652 26.9465584584 28.1904370277 1.23386514621 194.172399355 200.223494998 4.84968882787 1.13706268091 10.0222889603 22.2490292346 8.68941692889 2.34313735344 1.1761607194 21.8333293807 15.0384472077 1.16965424483 1.16845832514 4.90503946763 3.7052750388 1.21243808021 1.18705421057 1.22179548937 2.45900164306 1.20064025624 4.03004322802 5.199521979 1.11293622871 -9999.0 -9999.0 -9999.0 -9999.0 1.23474033708 1.18747964936 0.356053060808 -9999.0 -9999.0 -9999.0 -9999.0
-9999.0 -9999.0 -9999.0 -9999.0 -9999.0 -9999.0 -9999.0 1.55847344053 1.41732539222 2.8846779513 4.34828633769 1.45927963116 1.43809083223 8.54119700866 11.2839421633 14.0431493549 1.31711707463 2.62312848642 1.28818337075 29.4303578148 64.0548933406 64.7139521049 267.049044027 1.2135951283 3.38575447211 1.10033971209 23.3903780533 1.15778939207 3.53209239492 1.16478552583 22.9932067211 24.1466372937 2.34048126206 2.32654165761 12.2523078474 6.13726862258 2.39439091603 1.21948891994 2.44879541894 3.66947849607 6.03469702149 1.15919361622 7.42874520959 8.50483775538 0.996368959193 1.05567065873 1.08997654425 1.00999879022 0.96792682288 3.48101609755 1.39098663132 0.88976911988 -9999.0 -9999.0 -9999.0
-9999.0 -9999.0 -9999.0 -9999.0 -9999.0 -9999.0 -9999.0 -9999.0 2.97830253545 4.38736729683 1.44301765205 2.89958453568 4.30188957176 7.18817174982 1.41674280476 1.39686878577 1.29273496405 1.31361290731 1.25635391454 32.1291561856 1.29335135744 2.56365485732 270.343553269 272.891334194 1.41738912562 6.21238964102 30.7340386096 2.29131907897 4.61707006995 2.19836837873 3.261870433 28.6383522071 3.42893535728 17.9438674359 14.5496397404 1.17368936802 5.96244974421 2.40397058249 3.61953176484 1.16782887316 7.17925785804 9.43384915989 10.3915715267 11.3081899479 12.2657408156 1.89467638304 1.98752954281 1.84621713824 1.74955253426 4.41915613899 0.954979653566 3.25143407868 4.16154669801 -9999.0 -9999.0
-9999.0 -9999.0 -9999.0 -9999.0 -9999.0 -9999.0 -9999.0 -9999.0 1.50620173785 7.36270036842 8.78595264621 1.42982072126 2.83341517486 1.40532659244 1.36162826732 1.33774838573 16.4637868922 21.9953349231 26.8742333718 31.4314830312 1.14406911402 1.28144657663 1.44566211887 278.494615653 281.075289272 282.322829849 41.3972313979 9.20357758873 8.01642658281 1.04060490969 4.29273720852 33.984435827 1.04247270185 19.0046327621 1.1340971846 7.74169322789 7.16727556705 1.17308745254 4.78076554963 2.3257312419 3.46804147873 1.10568327938 0.911701107095 12.2147408023 13.0479326417 13.0968318886 2.87891207902 2.69828415163 2.59504467088 5.40382852435 7.3206807598 0.954482254846 5.10229804753 0.989412334216 1.92209263996
-9999.0 -9999.0 -9999.0 -9999.0 -9999.0 -9999.0 -9999.0 -9999.0 -9999.0 1.49430394768 10.22866394 11.6549122458 4.25391799291 7.07533288176 9.80849312755 11.1821888588 1.37849654649 4.23185996279 2.77950100061 1.3702430541 1.37263147995 1.30076711921 2.6281785303 4.64290451882 1.6497143939 326.611574699 328.010427663 1.29036054174 0.99967150703 2.10612119074 3.14940933081 37.0910536191 2.06840309484 19.9815256959 12.0098096174 9.85537374626 1.13672564895 2.29300044393 5.88172251903 1.09559961534 4.54519783157 2.16781219074 1.72146292745 0.884329367812 15.6164090747 29.4034075343 3.50921856258 3.34976406178 3.43867847659 0.853674995228 8.1682796792 0.834833125644 6.90812387271 0.922116457419 2.84610579414
-9999.0 -9999.0 -9999.0 -9999.0 -9999.0 -9999.0 -9999.0 -9999.0 -9999.0 -9999.0 1.40368718782 14.4848415044 1.42044972866 2.83621290339 4.18833296942 6.93508041434 1.41034886581 2.86722965421 1.41821719367 1.3798986951 1.31685558931 2.60757074143 1.22151463461 1.37388078033 2.912032889 1.64814517184 329.301585691 331.825337375 335.484819655 4.23666076209 1.06341584217 2.11901706336 38.1644677128 37.2175169612 14.2046326998 1.0940883608 4.53304683111 3.41065213637 6.98543329294 2.19558093879 8.8732300699 3.23974112546 2.71844552268 0.848804806616 0.93077272284 30.3233425949 31.1133305343 38.6805241774 6.10421984487 1.76682361527 9.06562167322 10.7755378956 18.497043849 1.80873639013 0.873977522607
-9999.0 -9999.0 -9999.0 -9999.0 -9999.0 -9999.0 -9999.0 -9999.0 -9999.0 -9999.0 -9999.0 0.793272368902 16.2837403865 1.42925980395 2.77162847092 12.432486787 1.39981179657 1.40097227208 1.30138881599 2.70309631784 1.2906274156 5.18185151131 7.62431957872 8.78060321607 4.03111561634 5.2018753205 1.31311722363 1.59072591892 1.33876082951 341.985766029 345.379239957 39.1660607785 39.2175767187 38.2241915044 2.01488225429 0.986257457811 5.58178823665 14.6759314529 8.04806446577 3.25540143548 13.164605924 6.4604006828 5.44938952738 1.74781557873 0.734994645906 0.675134840992 0.677827006931 41.9725193811 50.6850706235 0.881559674203 0.795271834113 0.873107913739 19.3546479275 22.0035414883 1.65622651689
-9999.0 -9999.0 -9999.0 -9999.0 -9999.0 -9999.0 -9999.0 -9999.0 -9999.0 -9999.0 -9999.0 0.748822545341 18.106465523 22.2891052224 1.3386065619 15.1000082099 1.32525547154 1.30749594437 2.58341860892 6.57468131602 1.28428173078 1.31510988487 1.21391803455 11.193345972 12.3547239272 18.7618231526 21.2253772816 22.5379105959 23.7942872781 25.0218122552 371.560242083 413.181042035 454.612202656 455.393147958 0.991133078704 0.999462476805 16.7746610193 15.7337980871 1.04580043737 1.05170834988 14.2600557958 21.7630934163 0.971212559687 11.7472053941 10.7768149694 3.4128818732 1.5573901876 2.52169888527 0.915509688313 52.2058850534 0.767570779074 2.42367253502 3.03409757446 27.4400613262 29.9178586161
-9999.0 -9999.0 -9999.0 -9999.0 -9999.0 -9999.0 -9999.0 -9999.0 -9999.0 -9999.0 -9999.0 1.46201307806 2.83471270495 23.6487040946 26.2460482731 1.30455055465 17.3241167756 1.2221400206 3.74181263119 7.81022628259 2.52075078175 1.23491332334 2.48419801483 1.11906101734 2.19204487626 1.09696669855 1.09009194238 1.06447493194 1.04045231755 1.05886849359 1.10692290141 1.35056837786 1.48906406076 1.42805794235 458.597630885 20.7043879387 18.5072185874 0.825127365382 3.06831229183 0.770724772657 0.716770057106 22.7620005007 37.5449136151 12.8029232698 9.13467928035 1.92031492193 0.857777917161 0.799212170477 1.57697537233 54.5549704153 55.9714072676 0.733726354936 0.745472870736 0.813847821395 0.831542419901
-9999.0 -9999.0 -9999.0 -9999.0 -9999.0 -9999.0 -9999.0 -9999.0 -9999.0 -9999.0 -9999.0 -9999.0 1.37375128707 17.3570404061 44.9334976408 48.9454160954 67.4537433293 68.3398057135 17.4131213491 12.8320277582 3.77539784989 1.22771230133 4.90619369329 6.08134637395 9.38027442685 2.22623601719 2.19185082263 2.17728386686 4.30263134516 2.13315796103 2.14555376359 1.02991744545 0.987720723115 1.07940355387 459.565693657 480.96469376 482.176670809 0.816847045443 8.27532852153 3.52602396749 1.03495986056 40.7172866218 2.19384634664 1.12067608178 4.65356593574 1.10516504893 0.964715419459 1.78561511781 2.46765484202 3.19872051481 57.2036735164 0.580879529 0.514799499818 0.515215828479 0.451101897407
-9999.0 -9999.0 -9999.0 -9999.0 -9999.0 -9999.0 -9999.0 -9999.0 -9999.0 -9999.0 -9999.0 1.44072821202 13.1886863258 16.0093434921 2.69401652017 0.8435194125 2.00045442115 71.6074887911 72.5998024559 90.8637210512 1.16548155646 2.3858155917 1.12974400416 1.1457016533 10.4993997012 13.8432251179 17.1181931153 1.05746208259 5.35303940462 8.52103471573 5.18868509958 2.04172291706 1.96290804494 2.03840892785 1.9445337469 0.986455361239 482.884803518 483.464123059 493.015370141 1.84565793067 0.961997739406 41.2946505626 2.2823369191 1.16249506458 1.21045964385 1.20072686989 1.13227249238 2.16138418321 6.06355650069 10.0480173036 67.8543183491 0.453399296643 1.36080823617 0.919595312613 0.817828615765
-9999.0 -9999.0 -9999.0 -9999.0 -9999.0 -9999.0 -9999.0 -9999.0 -9999.0 -9999.0 -9999.0 1.46776386413 8.95059214157 1.42904504343 1.33555140159 6.59642426333 7.84088799081 9.12575549276 10.363845343 123.106783591 124.17475963 126.448980014 142.904439811 146.446411835 148.62301119 149.763005368 169.792736507 172.862052558 173.946841958 183.591073946 189.862094155 190.876513939 194.871749145 3.01276337412 2.90764417434 0.901331510246 0.735892157006 484.183969865 496.308321696 2.68852985344 47.0496051072 46.2074515207 4.40109022019 1.07970493906 1.109686971 1.08604766706 1.07129729529 2.15122785346 3.12471043864 0.94229840914 68.4279545369 69.0222633471 71.8162248459 72.3073421566 73.5798991456
-9999.0 -9999.0 -9999.0 -9999.0 -9999.0 -9999.0 -9999.0 -9999.0 -9999.0 -9999.0 -9999.0 4.5414941836 6.00550367866 2.83008798993 4.20924426361 1.3682448185 15.4748460916 16.796176463 19.4008833677 20.6395796185 8.80035733746 137.046096986 138.16744212 1.23216303223 1.04200411715 1.02886608417 2.11852795602 1.12182645847 1.00355282873 0.991877192036 0.982077586713 191.938281362 195.915280274 199.790214071 203.483621704 206.40465076 1.3309501611 0.446367088526 545.426396961 48.5546538679 47.9244888701 0.998324716346 0.950653011731 0.888625162391 2.01942307943 2.00061784122 0.961311011105 0.972649187948 0.911849239263 1.84185652183 2.46691418721 0.469982103597 0.884094824431 0.369026996067 0.359063669272
-9999.0 -9999.0 -9999.0 -9999.0 -9999.0 -9999.0 -9999.0 -9999.0 -9999.0 -9999.0 -9999.0 -9999.0 3.0559819337 1.43914344071 1.38846215047 12.8495980561 14.1915851469 1.33765217856 5.2878782211 6.54704360562 7.76872758418 1.28720599861 1.16507551559 22.0613604156 23.0786136556 24.093370815 61.7078432767 62.6368415876 64.4981869254 72.2129658488 77.5075700522 78.4214238407 0.920388560679 0.93809955011 0.847142606608 207.322547689 0.483326316056 554.155770748 553.447595206 7.45187054404 6.66449288132 3.87084517137 0.970951153601 1.78809278273 2.92663275433 2.90911735598 1.87578186218 0.945374548218 1.85115665597 1.82030788706 3.30049678794 0.567358112042 1.54899130466 2.46245693871 3.2047299678
