data/baseflow/History/mHMbfrc367
ncols                  80
nrows                 72
xllcorner      4374000.0
yllcorner      5656000.0
cellsize            500
NODATA_value       -9999
[rows 0 to 23 of 72, columns 0 to 53 of 80]
-9999.0 -9999.0 -9999.0 -9999.0 -9999.0 -9999.0 -9999.0 -9999.0 -9999.0 -9999.0 -9999.0 -9999.0 1.09702959739 0.939811775603 -9999.0 -9999.0 -9999.0 -9999.0 -9999.0 -9999.0 -9999.0 -9999.0 -9999.0 -9999.0 -9999.0 -9999.0 -9999.0 -9999.0 -9999.0 -9999.0 -9999.0 -9999.0 -9999.0 -9999.0 -9999.0 -9999.0 -9999.0 -9999.0 -9999.0 -9999.0 -9999.0 -9999.0 -9999.0 -9999.0 -9999.0 -9999.0 -9999.0 -9999.0 -9999.0 -9999.0 -9999.0 -9999.0 -9999.0 -9999.0
-9999.0 -9999.0 -9999.0 -9999.0 -9999.0 -9999.0 -9999.0 -9999.0 -9999.0 -9999.0 -9999.0 -9999.0 2.21265182336 4.9625100183 0.815020723381 -9999.0 0.646885368481 -9999.0 -9999.0 -9999.0 -9999.0 -9999.0 -9999.0 -9999.0 -9999.0 -9999.0 -9999.0 -9999.0 -9999.0 -9999.0 -9999.0 -9999.0 -9999.0 -9999.0 -9999.0 -9999.0 -9999.0 -9999.0 -9999.0 -9999.0 -9999.0 -9999.0 -9999.0 -9999.0 -9999.0 -9999.0 -9999.0 -9999.0 -9999.0 -9999.0 -9999.0 -9999.0 -9999.0 -9999.0
-9999.0 -9999.0 -9999.0 -9999.0 -9999.0 -9999.0 -9999.0 -9999.0 -9999.0 -9999.0 1.01638708781 1.00179889738 1.05975840061 1.05057982763 6.9530124868 7.80248024543 1.80477555421 0.573517798614 -9999.0 -9999.0 -9999.0 -9999.0 -9999.0 -9999.0 -9999.0 -9999.0 -9999.0 -9999.0 -9999.0 -9999.0 -9999.0 -9999.0 -9999.0 -9999.0 -9999.0 -9999.0 -9999.0 -9999.0 -9999.0 -9999.0 -9999.0 -9999.0 -9999.0 -9999.0 -9999.0 -9999.0 -9999.0 -9999.0 -9999.0 -9999.0 -9999.0 -9999.0 -9999.0 -9999.0
-9999.0 -9999.0 -9999.0 -9999.0 -9999.0 -9999.0 -9999.0 -9999.0 -9999.0 0.988042298703 2.01088213362 4.00791537853 2.04941201463 0.99918888392 1.95865183522 8.74869270322 11.9637278218 0.670572212346 -9999.0 1.03351612441 -9999.0 -9999.0 -9999.0 -9999.0 1.25080781344 0.632163411113 -9999.0 -9999.0 -9999.0 -9999.0 -9999.0 -9999.0 -9999.0 -9999.0 -9999.0 -9999.0 -9999.0 -9999.0 -9999.0 -9999.0 -9999.0 -9999.0 -9999.0 -9999.0 -9999.0 -9999.0 -9999.0 -9999.0 -9999.0 -9999.0 -9999.0 -9999.0 -9999.0 -9999.0
-9999.0 -9999.0 -9999.0 -9999.0 -9999.0 -9999.0 -9999.0 -9999.0 1.11433166112 3.14598166796 4.10917547644 5.07091553832 6.99876612636 0.906676734336 3.74022782413 4.62128914908 18.1945129339 0.839937196587 0.839565786133 1.93142221773 2.80953563841 0.924435390492 -9999.0 3.33497883412 2.73728837095 0.77166622594 -9999.0 -9999.0 -9999.0 -9999.0 -9999.0 -9999.0 -9999.0 -9999.0 -9999.0 -9999.0 -9999.0 -9999.0 -9999.0 -9999.0 -9999.0 -9999.0 -9999.0 -9999.0 -9999.0 -9999.0 -9999.0 -9999.0 -9999.0 -9999.0 -9999.0 -9999.0 -9999.0 -9999.0
-9999.0 -9999.0 -9999.0 -9999.0 -9999.0 -9999.0 1.0761623157 0.997848421712 0.977191818004 0.995970783889 1.02274325283 7.12928244972 15.1118822534 16.0760638379 16.8769248637 0.769250902861 19.8324625954 20.684351154 1.73393465488 0.893578273624 3.66868988102 6.37778513717 0.899763848285 6.04958810024 0.944215767455 0.933134176722 0.970032255824 -9999.0 -9999.0 -9999.0 -9999.0 -9999.0 -9999.0 -9999.0 -9999.0 -9999.0 -9999.0 -9999.0 -9999.0 -9999.0 -9999.0 -9999.0 -9999.0 -9999.0 -9999.0 -9999.0 -9999.0 -9999.0 -9999.0 -9999.0 -9999.0 -9999.0 -9999.0 -9999.0
-9999.0 -9999.0 -9999.0 -9999.0 -9999.0 -9999.0 2.13581097783 3.1494149455 7.16027700111 10.0457313323 0.894521555314 0.912135915802 0.888968656509 2.63608975903 20.3281797654 0.711698363737 21.4669599619 24.6670387738 2.5390071404 1.65754892503 7.16950127232 0.877784314752 6.90539426691 1.73044106223 0.865205444412 1.76556881528 1.9253057921 0.9814218779 0.985346578967 0.953992716727 1.02040687876 2.038327858 -9999.0 -9999.0 -9999.0 -9999.0 -9999.0 -9999.0 -9999.0 -9999.0 -9999.0 -9999.0 -9999.0 -9999.0 -9999.0 -9999.0 -9999.0 -9999.0 -9999.0 -9999.0 -9999.0 -9999.0 -9999.0 -9999.0
-9999.0 -9999.0 -9999.0 -9999.0 -9999.0 1.13697973005 2.21203179851 1.06433643327 2.08910696793 11.0937718437 13.0070045285 14.8894504994 46.9984808599 0.88144708297 21.2087297302 75.058345934 75.6505195019 101.371455426 0.682546551036 2.42580413983 7.96499540973 0.783725696453 16.645945261 8.91305398565 5.48598566209 4.60085545096 0.940872587158 2.89216884873 2.86788026313 1.905696664 0.913032357985 2.98286271472 0.887023956458 0.864678812812 -9999.0 -9999.0 -9999.0 -9999.0 -9999.0 -9999.0 -9999.0 -9999.0 -9999.0 -9999.0 -9999.0 -9999.0 -9999.0 -9999.0 -9999.0 -9999.0 -9999.0 -9999.0 -9999.0 -9999.0
-9999.0 -9999.0 -9999.0 -9999.0 -9999.0 1.12658744569 3.28961902761 6.57961544048 7.59857403146 15.0671498147 16.0449850687 19.1037822485 31.2328782151 49.6043427923 51.4523500191 52.333736504 1.5875501286 104.199034934 105.597223439 109.613404501 137.457417593 19.096473088 17.5182829205 6.33819417723 0.833560258745 5.45977212125 3.73574169576 0.802976294931 3.72069952843 0.82796260805 1.7038427711 4.69338148605 5.55148319333 1.70031223404 0.843270016444 0.799849661078 -9999.0 -9999.0 -9999.0 -9999.0 0.628424789252 0.54470126645 -9999.0 -9999.0 -9999.0 -9999.0 -9999.0 -9999.0 -9999.0 -9999.0 -9999.0 -9999.0 -9999.0 -9999.0
-9999.0 -9999.0 -9999.0 -9999.0 -9999.0 1.09034617535 1.05082380937 4.3709567237 5.40947054773 6.47917212718 1.03826182022 2.05550670592 11.4725931571 2.13992742878 1.01578469395 0.937880899741 0.86171612507 0.968507978048 0.900943663425 0.93317891382 138.312155559 140.675570909 0.774603121866 2.41086865939 1.65563894099 6.2662916614 1.62899563848 0.775392446982 4.59819592847 1.60935856778 3.82292253614 9.6409201229 8.94041311881 2.54111466239 2.45573279431 0.839984562452 0.821333174094 -9999.0 -9999.0 0.813443874383 1.40854297024 3.10125813557 0.580389573794 -9999.0 -9999.0 -9999.0 -9999.0 -9999.0 -9999.0 -9999.0 -9999.0 -9999.0 -9999.0 -9999.0
-9999.0 -9999.0 -9999.0 -9999.0 -9999.0 -9999.0 1.12331880626 1.14415537057 2.17136857127 3.22093687609 7.35700243547 9.42964020092 10.5071971911 1.13807506233 0.910472067639 11.8584408575 14.6555175042 15.5215013666 19.1308739767 19.9360827041 0.812844207185 141.508907332 145.460321749 3.13767822734 0.551287794547 6.95491059206 15.4080612247 6.11838480556 1.49088758866 0.741368320374 14.949757687 10.4196633258 0.757826946403 0.746753876404 3.22477053547 2.44463777225 0.786230901929 0.745860316447 0.790441501039 1.58196083906 0.743383893319 3.7759229677 4.5003468864 0.670420108843 -9999.0 -9999.0 -9999.0 -9999.0 0.749098370269 0.702551796951 0.167574873467 -9999.0 -9999.0 -9999.0
-9999.0 -9999.0 -9999.0 -9999.0 -9999.0 -9999.0 -9999.0 1.10462045798 0.978852417351 2.06133034619 3.14174773402 1.04130229873 0.990898949068 6.10628307977 8.07281700837 10.0846866929 0.977047526245 1.85227636819 0.948813156395 20.7939619283 46.0228001687 46.6603347277 193.655794851 0.7741796426 1.59676673528 0.488913995318 16.132528564 0.749673759012 2.24769468049 0.734085904996 15.6958000704 16.4439890692 1.5230242803 1.48327692697 8.04458281947 4.02425010019 1.54528992972 0.796708413182 1.57114156686 2.35050397403 3.81101319348 0.707819620274 5.83196192923 6.4741318821 0.582089552962 0.620488819432 0.637573068714 0.584418896436 0.552413762906 2.05209471844 0.724985394641 0.452999139265 -9999.0 -9999.0
-9999.0 -9999.0 -9999.0 -9999.0 -9999.0 -9999.0 -9999.0 -9999.0 2.04909760795 2.95253071135 1.0255378605 2.09106305948 3.11918725638 5.17975772975 1.05384144096 1.01000510219 0.882114994265 0.889038830782 0.802299687542 23.474000267 0.974908458689 1.89350215224 196.28491895 198.145719829 0.852541633689 3.29799766051 20.1436376614 1.44768191029 2.90254609869 1.34317848804 1.9821745143 19.2942674457 2.19336892719 11.5763779843 9.44564994233 0.706863286388 3.8077703063 1.54057239121 2.27580745141 0.694814273061 4.50106173511 5.86331164552 6.43011803532 6.96869860147 8.66990347445 1.10731282358 1.15316312259 1.06201557487 0.991152099818 2.55050229315 0.48972691779 1.68129234048 2.10554628655 -9999.0
-9999.0 -9999.0 -9999.0 -9999.0 -9999.0 -9999.0 -9999.0 -9999.0 1.07511112368 5.08666712329 6.08547905808 0.99775269408 1.9818442579 0.981413657796 0.926769502471 0.91221156709 11.5106178229 15.4237061535 19.057929834 22.7882797847 0.942490238172 0.941298510882 0.982304146118 202.249400914 204.219254563 205.067619443 26.8685869748 5.82329095909 5.03634495408 0.622536622643 2.58476543719 22.5152003445 0.622301893267 12.2149814488 0.69099780558 4.86500157737 4.56936720416 0.727401826418 2.97999195897 1.39073488891 2.06099361778 0.640236701496 0.527389876933 7.50063707389 7.98386503401 9.15177120483 1.66501249564 1.54961843828 1.45724154551 3.07994730467 4.07458618 0.49628147011 2.55717266047 0.476693892461
-9999.0 -9999.0 -9999.0 -9999.0 -9999.0 -9999.0 -9999.0 -9999.0 -9999.0 1.11306914472 7.1439572038 8.12452922923 2.96989552794 4.95042593964 6.84525871392 7.8198571649 1.02507387627 3.00478427642 2.04946738162 1.06822040649 1.04636706665 0.937624513555 1.88502629227 3.19861981424 1.12609655113 233.921032176 234.800865324 0.803762910379 0.611951811309 1.23919159091 1.84637732167 24.3544726484 1.22469924922 12.7713357552 7.38890126156 6.10083112358 0.679037765241 1.38133229351 3.60029263833 0.620584482294 2.65172284759 1.24321343428 0.897922866805 0.387513225382 9.21668128678 18.7655461101 2.01860861926 1.91147847614 1.87155242252 0.41105657401 4.47684728875 0.389296731072 3.42885876153 0.39781057962
-9999.0 -9999.0 -9999.0 -9999.0 -9999.0 -9999.0 -9999.0 -9999.0 -9999.0 -9999.0 1.00551265917 10.1460061181 0.979965202581 1.97152337603 2.90368772829 4.74116932052 0.940961902429 1.95867714699 0.985001533612 0.915971957763 0.883186262477 1.74858122116 0.788753412089 0.921190922006 1.87306574258 1.03669928342 235.707901562 237.362456675 239.69567849 2.52901932798 0.607947000133 1.21252138114 24.994402741 23.2080720552 8.70269508245 0.643901985061 2.70231703312 2.03531089137 4.2226935618 1.23758114577 5.11322976763 1.84997875318 1.40605860302 0.276248495384 0.407232990123 19.2859668128 19.7419835542 24.0612740813 3.17237171521 0.854131416455 4.91821550807 5.73816639705 9.53574905937 0.797300774938
-9999.0 -9999.0 -9999.0 -9999.0 -9999.0 -9999.0 -9999.0 -9999.0 -9999.0 -9999.0 -9999.0 0.500082028052 11.2218776348 0.946301170754 1.85926596369 8.41489075151 0.939550990521 0.925775672517 0.830934464961 1.78633031453 0.901441337569 3.54601208004 5.13080316755 5.85145913617 2.59643183972 3.34600129113 0.850088791792 0.995873459926 0.899917011186 243.636575863 245.454004899 25.5828331464 24.3563138461 23.7889024868 1.15083388036 0.554034110255 3.28513246121 8.67536754339 4.80837107826 1.81264776283 7.50234380864 2.82584241484 2.27981587351 0.517692557109 0.207665428537 0.209037934545 0.254203001934 25.3725963146 29.8292790393 0.40632619898 0.359611142229 0.393477206621 9.89280919825 11.0162447308
-9999.0 -9999.0 -9999.0 -9999.0 -9999.0 -9999.0 -9999.0 -9999.0 -9999.0 -9999.0 -9999.0 0.450868214346 12.3512323246 15.3125237078 0.921958348646 10.2333232581 0.862702156721 0.816169872592 1.67441943359 4.32879561321 0.858260973406 0.916011212987 0.778407703713 7.39075059366 8.12429024426 12.2588633974 13.8462907901 14.6588280106 15.4666312465 16.2687557277 262.548010537 289.568035092 315.261868561 315.867504739 0.601752646316 0.558289995569 9.84915712027 9.26666736066 0.573202808457 0.571147038227 8.05309882895 11.4777292394 0.471848692201 5.20469331269 4.82995417711 1.10055678401 0.547707107398 0.91870345946 0.48832935977 30.6470406154 0.414583446344 1.13278584679 1.43291160815 13.412677503
-9999.0 -9999.0 -9999.0 -9999.0 -9999.0 -9999.0 -9999.0 -9999.0 -9999.0 -9999.0 -9999.0 1.06014080158 2.06528182913 16.2905460321 18.0009587133 0.871720606544 11.8719114832 0.724989468711 2.2692680613 5.09961112584 1.64635767764 0.782421504845 1.6459477495 0.676143574226 1.30561759554 0.628793442005 0.580321929862 0.474042274909 0.446953939017 0.452208157213 0.475335988425 0.655203294252 0.778842788029 0.856493315961 317.940706729 12.0020734909 10.9276631248 0.50232460461 1.64566333696 0.370671116289 0.300704513762 12.008340415 18.8462586577 5.80710336176 4.38460369122 0.64139497829 0.270962376212 0.239315303573 0.613343455037 31.6846619404 32.4708264409 0.410274929412 0.413636493096 0.35230401489
-9999.0 -9999.0 -9999.0 -9999.0 -9999.0 -9999.0 -9999.0 -9999.0 -9999.0 -9999.0 -9999.0 -9999.0 0.899784024769 12.7231654236 31.64021249 34.4796873912 47.1821728938 47.9421178696 11.3164693011 8.32933832991 2.44560882366 0.766164893508 3.16595945573 3.9058534768 5.86150602915 1.30203096269 1.19820366721 1.10952018021 2.17012399437 1.04997402158 1.04249941066 0.484551281576 0.306484719461 0.401431493583 318.5784924 330.88574949 331.483687358 0.523139329848 4.45707333244 1.76063114893 0.556055761354 20.6858775329 1.30973280282 0.679817768174 2.76790625826 0.555556126001 0.446971951877 0.835327509789 1.17027366766 1.5520638182 33.1352536929 0.312225844771 0.267537649893 0.266776758681
-9999.0 -9999.0 -9999.0 -9999.0 -9999.0 -9999.0 -9999.0 -9999.0 -9999.0 -9999.0 -9999.0 0.995372841866 9.67273893365 11.7726049798 1.96722608916 0.552302598708 1.25838592383 50.023538455 50.7600465816 62.8038717333 0.679907133357 1.43604122801 0.624149116663 0.636432441029 6.49907177815 8.43599978998 10.2167428752 0.563857030539 2.7403492618 4.3462370428 2.57199736139 1.01537940189 0.726095376618 0.690195069713 0.706462172437 0.431852665732 332.00269392 332.425437215 337.750654006 0.945670214156 0.492766145142 21.1462368871 1.34372946092 0.703404929573 0.766110450488 0.761780789546 0.64874741737 1.13633104595 3.21208235095 5.18779691601 38.6379409639 0.229166410703 0.687315427283 0.464888143448
-9999.0 -9999.0 -9999.0 -9999.0 -9999.0 -9999.0 -9999.0 -9999.0 -9999.0 -9999.0 -9999.0 1.01999824294 6.78367758595 1.07722483249 0.949556367504 4.97656596342 5.83882216069 6.6942231099 7.4528063337 86.231493512 86.8854613268 88.2129511956 98.6594586998 100.625341942 101.764317063 102.438855782 113.980944495 115.438138378 116.052941915 121.07890872 124.29925267 124.838295747 126.536893272 1.17395626439 1.03640886651 0.256842578563 0.303892886953 332.905015156 339.591347318 1.42452897426 24.5807678398 24.1258385229 2.53494076848 0.599473348909 0.605468815676 0.582019104067 0.575697707488 1.16458001553 1.65493583088 0.478816551879 38.9392959116 39.2612782961 40.6818612282 40.9373036616
-9999.0 -9999.0 -9999.0 -9999.0 -9999.0 -9999.0 -9999.0 -9999.0 -9999.0 -9999.0 -9999.0 3.52175092595 4.6607132396 2.18852333879 3.25201439644 1.05028968692 11.7320234489 12.6510661891 14.4738550977 15.2020797504 5.94905094221 95.2879932322 95.9413236242 0.655900495177 0.473584567351 0.41426589565 0.931554382371 0.450054816815 0.322738660489 0.283379806685 0.320173401366 125.328757604 127.048633165 128.766957708 130.246571882 131.311819785 0.487684090205 0.165363227111 365.392688711 25.411264111 25.0655276044 0.506668771785 0.487991821975 0.449020526298 1.05354351002 1.03232541931 0.448181060522 0.452408660262 0.385486027085 0.848189784617 1.11256884004 0.214853031718 0.380590957172 0.138025721088
-9999.0 -9999.0 -9999.0 -9999.0 -9999.0 -9999.0 -9999.0 -9999.0 -9999.0 -9999.0 -9999.0 -9999.0 2.39900876755 1.12168923998 1.04283406752 9.88772846075 10.8492750611 0.95864758481 3.73934613562 4.59907244166 5.34864036147 0.829281570049 0.63486310205 15.1336820291 15.6725518676 16.1820113376 41.7333758551 42.1238984906 42.7539229751 46.1763822043 47.9404588065 48.1921041199 0.217143697166 0.237538443076 0.248355685005 131.910764359 0.257813657166 369.631290958 369.236326201 3.48185531803 3.03993629862 1.90854989533 0.475700599636 0.889902334263 1.50600778392 1.48855108941 0.872883857623 0.428958393956 0.808091883919 0.748962244428 1.40963980992 0.157306379541 0.52345162305 0.884621464988
