data/baseflow/History/mHMbfrc513
ncols                  80
nrows                 72
xllcorner      4374000.0
yllcorner      5656000.0
cellsize            500
NODATA_value       -9999
[rows 24 to 47 of 72, columns 0 to 53 of 80]
-9999.0 -9999.0 -9999.0 -9999.0 -9999.0 -9999.0 -9999.0 -9999.0 -9999.0 -9999.0 -9999.0 -9999.0 0.61593214425 1.65365823041 2.1476569014 3.62075893079 0.419492897751 0.856898087046 1.2587751545 4.85736566518 5.11808847244 5.23785118507 5.49585506459 5.8351203156 9.75890642195 10.7138809093 11.1295634966 0.106819540865 0.877749594043 0.9670425006 19.2689613177 19.5491162889 19.6751174835 19.8055487114 19.9159001312 79.4426945555 0.204472598752 174.520822646 0.128868160345 0.0429875719875 1.16271180808 1.06780211256 0.10869986282 0.612024103207 0.909303305664 0.898812342356 0.59650937296 0.968037082028 1.51751756057 0.547190747112 1.40659692864 0.0860089073343 0.104917011799 0.0106600975746
-9999.0 -9999.0 -9999.0 -9999.0 -9999.0 -9999.0 -9999.0 -9999.0 -9999.0 -9999.0 -9999.0 -9999.0 0.563639170399 1.10947307387 0.494366483825 0.991655774129 0.413871156863 3.27567290033 4.06842141068 4.48436143957 0.375035222109 0.674034606439 7.60593461656 9.23151467076 9.47644136479 0.656127203888 0.568457968763 0.739147164132 0.0710611495935 0.0601611633953 0.110342069608 0.0710305799195 13.5381023301 13.6303801583 13.7022934734 79.64357721 175.343992419 174.568443755 0.0593563354445 0.0304713366694 0.0255848717309 0.156599257512 0.13679673229 0.663855567898 1.02623507912 2.10528880156 0.177282066954 0.175851733867 1.6336986632 1.75132945412 3.39198941647 3.45105516434 3.56832991306 3.58847949925
-9999.0 -9999.0 -9999.0 -9999.0 -9999.0 -9999.0 -9999.0 -9999.0 -9999.0 -9999.0 -9999.0 -9999.0 -9999.0 0.490991278929 0.995783895464 1.51280396403 2.39671591654 0.46855204447 0.413757789828 3.53513142071 3.90564506144 7.043485046 7.43468893038 1.06672393474 0.361967940298 0.323173353113 0.281658278061 13.0612342971 13.1901378584 13.2730888253 13.329168857 13.4610116361 1.30097384375 1.4171691992 15.2295450813 270.319709422 0.498260098824 0.35190493022 0.11849785163 0.0375314447633 0.022322029185 0.206122324031 0.220355497291 0.697790970232 0.0163148707581 2.13332489109 0.239741601732 0.231540552733 0.0156962587103 0.00936546797207 0.0087752579272 0.0240740550466 0.0097249028816 3.59878170528
-9999.0 -9999.0 -9999.0 -9999.0 -9999.0 -9999.0 -9999.0 -9999.0 -9999.0 -9999.0 -9999.0 -9999.0 -9999.0 -9999.0 0.481323427265 1.10953456507 1.69922789741 2.29383084533 2.71125180609 3.14649049364 1.24139361437 2.07410285563 0.37878319957 0.357414338686 11.434526131 12.1413428786 12.4700689955 12.823799796 0.224035322361 0.364566014508 1.00420486235 1.0913969254 1.18075641118 0.144566663659 0.144962724548 270.783613175 0.158176445749 0.171138499655 0.0847248889613 0.186276066784 0.0804746900657 0.0595617806037 0.963225626726 1.03796157954 0.0305050842479 2.17688793713 2.4274557222 0.243335775156 48.615925031 48.5900425524 48.5681679672 48.4943393965 48.4453460585 47.8349403232
-9999.0 -9999.0 -9999.0 -9999.0 -9999.0 -9999.0 -9999.0 -9999.0 -9999.0 -9999.0 -9999.0 -9999.0 -9999.0 -9999.0 0.188696927618 0.401785060579 0.594671446575 6.18642185324 6.60608695452 0.431849496567 0.422597035174 0.413371768621 9.9310183566 10.7283380033 0.388719046163 0.394388501082 0.296718104835 1.23143823204 1.53100126907 0.677780910394 0.820519659167 7.22232443268 7.38542205783 7.81877130615 12.009505341 282.922623586 0.178874521051 0.0696758147675 0.309317700822 0.246886421889 0.0540991575581 0.173933896177 0.230623419041 1.10136463699 1.15586242453 3.66636277092 2.44290142142 0.256447862173 49.4915861149 0.41085243611 48.5448720629 48.5217663451 0.568022917166 0.0434646192015
-9999.0 -9999.0 -9999.0 -9999.0 -9999.0 -9999.0 -9999.0 -9999.0 -9999.0 -9999.0 -9999.0 -9999.0 -9999.0 -9999.0 0.958788545227 1.57652518405 3.15152034543 5.6394663515 7.20221560254 8.31258755143 8.72873279345 9.15773075565 9.57405483925 0.383690870049 0.34588549862 0.667965716375 0.619725975719 0.322112209239 6.3481041188 6.63621318643 6.89989352607 7.1430194129 3.59731727927 3.69029083472 3.9799086706 283.037047971 0.326074346973 0.245113456799 0.597761255631 0.0550148459917 0.156233968875 0.0928217612763 0.0516415123652 0.301001568736 0.0410205149207 0.0431041630582 53.4153260591 49.7160958841 49.6710117367 0.190737614449 0.391926656963 0.227413642378 0.0337648279087 0.446668600116
-9999.0 -9999.0 -9999.0 -9999.0 -9999.0 -9999.0 -9999.0 -9999.0 -9999.0 -9999.0 -9999.0 -9999.0 -9999.0 -9999.0 0.669291968983 0.647958580004 1.28318967598 1.91034563233 0.557938788238 0.49433013637 0.923693222888 1.33910655824 2.11492545968 2.50223984747 2.85146259828 3.88491017513 4.20407332054 4.54862626967 0.293249632055 3.03959061321 3.25374540654 3.39599105502 0.0741646134288 0.023873513955 0.0509475027255 286.929925924 287.038090339 287.577551135 0.765413485566 0.117449162905 0.233070150341 0.0534599942674 0.0932535012903 0.349723010133 0.42691643509 0.0776033432018 53.6328398756 0.0836455915443 0.108585794936 0.116228891453 0.103246562731 0.155778403149 0.0633807462509 0.345833880833
-9999.0 -9999.0 -9999.0 -9999.0 -9999.0 -9999.0 -9999.0 -9999.0 -9999.0 -9999.0 -9999.0 -9999.0 -9999.0 -9999.0 -9999.0 0.625215434033 1.22080932511 0.565360901727 1.15872221853 7.12688480839 7.5797196977 7.97549916906 0.389974349326 0.390486096951 0.735536704169 1.08613821639 1.6941839722 2.0088954151 2.19347020644 2.46233127787 0.20802899238 0.148883251761 3.53205499448 3.5681070028 3.63245093701 3.72409524627 3.12390560583 291.075949922 292.365928765 292.421360347 292.701502144 292.94611317 293.09097831 0.0411051461703 0.464399888865 53.6722425803 0.0889611392816 0.045819412153 0.0706311782431 0.0712684405589 0.113738399861 0.0749730854746 0.0450152290931 0.07534484211
-9999.0 -9999.0 -9999.0 -9999.0 -9999.0 -9999.0 -9999.0 -9999.0 -9999.0 -9999.0 -9999.0 -9999.0 -9999.0 -9999.0 -9999.0 -9999.0 1.80859601847 2.38393905856 4.15942124037 5.3918601945 0.630261532055 9.06685477982 9.44491037151 9.80059631738 0.357636736246 0.696936319046 0.304829267358 2.32114696385 2.47177429596 2.7196400374 2.95019009319 3.42780385404 3.48900041636 0.0396946312311 2.72816453321 2.92126533113 3.03512688633 3.38804943899 0.427418838961 0.259688353383 0.134024391516 0.121709753826 293.253555272 293.333293164 294.136859415 53.7150216518 0.271302440382 0.146444965092 0.103728553532 0.0254477782095 0.275597752669 0.128764974851 0.0393390280239 0.214607156079
-9999.0 -9999.0 -9999.0 -9999.0 -9999.0 -9999.0 -9999.0 -9999.0 -9999.0 -9999.0 -9999.0 -9999.0 -9999.0 -9999.0 -9999.0 -9999.0 0.611135482444 2.98487854024 3.60821325209 0.632313587996 0.414100054135 0.844508655227 1.23104915467 11.4027077344 0.351420394188 1.41930288356 1.73927354637 2.05189824291 0.165979979204 0.384970255209 0.456930769783 2.20866157654 2.39385289603 2.49437808375 0.101117965398 0.0810918914698 0.0783440447139 0.145287449424 0.0538938689098 0.0553581047736 0.0885997951711 0.0660897719087 0.0854741185368 0.288153324539 294.218299082 348.124190611 0.346586048481 0.0700946791545 0.032258801209 0.813617123346 0.756637932927 0.434036397597 0.383898516757 0.27623805541
-9999.0 -9999.0 -9999.0 -9999.0 -9999.0 -9999.0 -9999.0 -9999.0 -9999.0 -9999.0 -9999.0 -9999.0 -9999.0 -9999.0 -9999.0 0.54222012604 1.69797501464 0.54870109321 0.560023640329 0.462515620639 0.88769310498 1.29831329212 1.74276376713 13.6447857091 13.9726024575 0.339600949903 0.651292371789 0.96732695124 1.16363183582 1.35080592105 1.86442517809 2.11224979493 0.0568684670981 0.0810169266082 0.067366192007 0.0766000164549 0.0903487254999 0.100643931862 0.0864428277029 0.101404442686 0.381239212604 0.171219618919 0.0966100094997 0.0944179751675 0.0677466865057 0.122423056809 351.065539475 2.54762286207 1.07998465287 0.161950442076 0.0780735771779 0.0451594657029 0.12609248221 0.0764467360636
-9999.0 -9999.0 -9999.0 -9999.0 -9999.0 -9999.0 -9999.0 -9999.0 -9999.0 -9999.0 -9999.0 -9999.0 -9999.0 -9999.0 0.568120554545 1.10231956978 3.87323323262 0.518279173203 1.15013101992 1.5911675251 1.99759396139 0.431723932689 0.800659943907 1.30541616363 15.7406969365 0.315682644451 0.602758034769 0.89610546708 0.257616685443 0.497541710621 0.546270122191 0.738223841179 24.9063376724 25.0939311796 25.2725814411 26.186158196 26.4283303258 27.0657445752 0.190122852924 0.397359497165 0.470339160072 29.0353341177 29.193347026 0.085196633111 0.128515241577 0.171016408636 351.137481261 2.44101740175 1.13435153678 1.03185294006 0.901079970538 0.805873099978 0.167043535261 0.0466937671671
-9999.0 -9999.0 -9999.0 -9999.0 -9999.0 -9999.0 -9999.0 -9999.0 -9999.0 -9999.0 -9999.0 -9999.0 -9999.0 -9999.0 0.577980865228 1.75806976307 6.21134557609 9.20071671051 0.459125002307 11.9355011292 14.4414368817 0.389843514247 0.746716768794 1.21481972594 19.2739817134 19.6785811403 0.253585447418 1.40765401553 1.63507753922 1.79859875589 23.6489990518 23.883268263 24.1076577591 0.117046258281 0.647507743844 0.770029238523 0.328869873578 0.470757227642 27.7014190923 28.2977013251 28.4063861846 28.5076370882 29.3059080907 0.0545431597353 0.0478606254298 0.262587373743 351.228025483 0.11955886163 0.0159516440132 0.0470110112434 0.020840263615 0.689642688554 0.652690307347 0.396565542092
-9999.0 -9999.0 -9999.0 -9999.0 -9999.0 -9999.0 -9999.0 -9999.0 -9999.0 -9999.0 -9999.0 -9999.0 -9999.0 -9999.0 -9999.0 -9999.0 1.23068519925 2.46864016153 10.863624491 11.4527343721 14.9589492215 15.4801894151 0.390087095315 0.780566585836 1.87953479498 20.1052144892 20.6642862225 20.8756347741 0.171130333743 21.5574659595 21.7796142974 0.159168373076 0.119703959417 0.222624097658 0.433476922768 0.106468370454 0.20956555576 0.436805477722 0.547068464977 0.106916060879 0.0675640733695 0.132597885187 29.7821640909 29.923594674 29.9645785256 30.3498147104 351.304675701 0.0887418649934 0.00808526511472 0.0108188348445 0.0107399827925 0.0113214679541 0.0093358385972 0.0164594962936
-9999.0 -9999.0 -9999.0 -9999.0 -9999.0 -9999.0 -9999.0 -9999.0 -9999.0 -9999.0 -9999.0 -9999.0 -9999.0 -9999.0 -9999.0 -9999.0 0.640910265088 0.62368136107 0.601705846569 1.14935623581 0.498300006599 16.4787337278 16.9522165784 0.388532593659 0.733002390801 0.330342855663 0.265472640664 0.255142846071 21.2543669098 0.0602628532807 0.124113925264 0.102590946988 0.120098637001 0.104936707873 0.0783028623968 0.0823702902027 0.254338364604 0.35152078936 0.0649705242945 0.0551014512672 0.122352194011 0.209597971183 0.260099917745 0.0649567313303 30.0339645844 30.3950967914 351.364613133 0.20494580641 0.0179001497161 0.00434661246797 0.0139434890293 0.00334667689853 0.00244279337061 0.0193181901689
-9999.0 -9999.0 -9999.0 -9999.0 -9999.0 -9999.0 -9999.0 -9999.0 -9999.0 -9999.0 -9999.0 -9999.0 -9999.0 -9999.0 -9999.0 -9999.0 -9999.0 -9999.0 0.616902527565 1.70124955276 2.17263360733 2.66084425755 17.4371215948 17.9258268297 18.3913094499 18.8448947954 19.0915939258 19.6060130459 19.6704774808 19.7213061292 19.781729643 0.100219712481 0.09319258268 0.10048754989 0.349333982872 0.0944995845008 0.0893289463389 0.0664106777832 0.193044100711 0.0777932523566 0.057934523965 0.0528456196089 0.0437119733563 0.0872049560228 0.126999959844 30.6607608265 382.289091645 0.0939488429632 0.162719508301 0.00279526614333 0.017950053559 0.00828050213587 0.00492065889124 0.44060824943
-9999.0 -9999.0 -9999.0 -9999.0 -9999.0 -9999.0 -9999.0 -9999.0 -9999.0 -9999.0 -9999.0 -9999.0 -9999.0 -9999.0 -9999.0 -9999.0 -9999.0 -9999.0 -9999.0 0.496912007147 4.04335504283 7.79551492812 8.28756108548 0.577466865171 0.972790845817 1.3116029903 1.57520814435 3.38022474694 3.4771356544 0.0960329903363 0.0936851943024 19.9864570997 20.162758374 20.2449802031 0.411383390716 0.0551747954417 0.147490458025 0.214586696752 0.644605649189 0.789965160274 0.900356800656 0.0993470787624 0.13768490952 0.0471934759001 0.0948973983505 0.0498255628811 382.384047113 0.074143310425 0.315133615098 0.0689223286041 0.109202998179 0.533582601653 0.577028439478 1.06144272317
-9999.0 -9999.0 -9999.0 -9999.0 -9999.0 -9999.0 -9999.0 -9999.0 -9999.0 -9999.0 -9999.0 -9999.0 -9999.0 -9999.0 -9999.0 -9999.0 -9999.0 -9999.0 0.56617509787 1.81830600953 3.55337907874 4.63257594923 11.6087257055 12.1492567962 0.715265743956 1.05740762404 1.33376421409 1.58853314323 3.54573811689 3.72772318491 6.07583533874 6.23363561115 6.32097548911 20.3282257272 20.9481549138 0.139485428857 0.0985511973014 0.0925219384266 0.176769898839 0.0792923540736 1.05205005586 1.10436179116 0.181429298554 0.225264989501 0.0543131368816 96.5921468279 96.7034506411 479.163670053 479.586403968 0.0902058453431 0.298298238611 0.200761062873 0.144402263334 1.25649077023
-9999.0 -9999.0 -9999.0 -9999.0 -9999.0 -9999.0 -9999.0 -9999.0 -9999.0 -9999.0 -9999.0 -9999.0 -9999.0 -9999.0 -9999.0 -9999.0 -9999.0 -9999.0 -9999.0 0.65508829749 0.638344456861 1.19371061991 2.82238520309 12.6649665012 0.368684735242 0.363430754598 0.642988263207 0.923251761676 2.0273438278 2.1222495249 0.0630198204184 0.109495766836 6.43971039138 6.52788175962 27.5519190659 27.6211370812 0.0477778542909 0.0414287607504 0.0349083055207 0.0352829718853 0.0396807145731 95.6132928813 95.9518498393 96.2212774813 96.3205054895 96.5470156864 0.0601143258096 0.217784532011 0.265269897811 479.979075362 480.031421406 480.074281721 480.115111037 480.158908649
-9999.0 -9999.0 -9999.0 -9999.0 -9999.0 -9999.0 -9999.0 -9999.0 -9999.0 -9999.0 -9999.0 -9999.0 -9999.0 -9999.0 -9999.0 -9999.0 -9999.0 -9999.0 -9999.0 -9999.0 0.575121562194 0.607302970288 1.12006627087 14.8442368476 15.3306347535 0.35377942571 0.633073595575 0.92129657236 1.03347750466 0.0829485299111 0.199941560623 28.9419554268 29.0323468869 29.1146434101 29.7881994713 57.4806438579 93.4872649826 93.6083501138 93.7190398142 93.8241052313 94.2987447778 94.4559204785 0.293588207506 0.12774282194 0.0810866125214 0.150595480607 0.108017771762 0.173473314794 0.054829696289 1.23663824384 1.52751842441 1.76237490717 1.78370764128 480.185883636
-9999.0 -9999.0 -9999.0 -9999.0 -9999.0 -9999.0 -9999.0 -9999.0 -9999.0 -9999.0 -9999.0 -9999.0 -9999.0 -9999.0 -9999.0 -9999.0 -9999.0 -9999.0 -9999.0 -9999.0 -9999.0 0.586532652202 1.12223555677 1.66215037523 15.7726454081 0.412249826447 20.9930853929 21.2906024398 21.3694525194 21.4905136015 28.4605160871 28.6075651832 0.100497211084 0.507685499789 0.612762139081 0.106854966448 35.8881592066 35.6962451613 0.0574880819971 0.138238862518 0.38049653081 0.0859855178542 0.0944523675825 0.0650270185634 0.0550872334106 0.0408828242374 0.0505876391744 1.05997151641 1.11492594085 1.18419623683 0.23548665429 0.182726485107 1.88744986293 1.92827757641
-9999.0 -9999.0 -9999.0 -9999.0 -9999.0 -9999.0 -9999.0 -9999.0 -9999.0 -9999.0 -9999.0 -9999.0 -9999.0 -9999.0 -9999.0 -9999.0 -9999.0 -9999.0 -9999.0 -9999.0 -9999.0 0.527158196125 0.493826239269 2.56997927728 19.3573643916 20.2746130528 20.7220483367 0.290834079532 6.75649526354 6.82415064907 6.86243264702 0.127596803532 0.246530089249 0.347017588955 8.20906654112 8.28638731126 8.35294484415 35.5718261341 22.9667753716 0.0796969616667 0.0834354549024 0.0783046482276 0.0602985869831 0.639495075675 0.768024930302 0.878292565151 0.94271671539 1.00419548759 7.07757461983 7.12043463801 7.16923356621 7.27328914623 7.80475172896 7.82597166231
-9999.0 -9999.0 -9999.0 -9999.0 -9999.0 -9999.0 -9999.0 -9999.0 -9999.0 -9999.0 -9999.0 -9999.0 -9999.0 -9999.0 -9999.0 -9999.0 -9999.0 -9999.0 -9999.0 -9999.0 -9999.0 -9999.0 1.03179430476 1.58247085732 0.530915263261 0.362336070885 5.87413049554 6.17578288616 6.3478353224 1.76443477368 1.81317686056 1.88027386708 1.98257922574 8.03019257021 8.14405791932 4.01108756992 12.4541543121 12.5369379394 22.9056298676 0.16612923916 0.0845616548168 0.0553643585686 0.442313122116 0.521545457437 0.0448800569911 0.0411805430942 6.85791121016 6.97415355145 7.03630131667 0.0498386117357 0.0737748633687 7.71934832335 0.0480183567247 0.179924271236
-9999.0 -9999.0 -9999.0 -9999.0 -9999.0 -9999.0 -9999.0 -9999.0 -9999.0 -9999.0 -9999.0 -9999.0 -9999.0 -9999.0 -9999.0 -9999.0 -9999.0 -9999.0 -9999.0 -9999.0 -9999.0 -9999.0 0.519342356826 1.0257137171 4.24168071294 4.77710594287 5.20318258148 1.4950387265 1.71203535623 0.0608734142199 5.83345367674 5.88453658697 5.94180131496 0.0874525929478 3.80328924573 3.92246576514 0.0848475214588 22.4716852706 0.188036944136 0.0924050545609 0.241237554756 0.326151529184 0.0625404650293 0.0488666126588 6.26995672524 6.74994641888 6.82286767398 0.0700177774639 0.146553938173 0.182227284002 0.215333430009 0.415147902996 0.064762975566 0.148849154852
