data/baseflow/History/mHMbfrc381
ncols                  80
nrows                 72
xllcorner      4374000.0
yllcorner      5656000.0
cellsize            500
NODATA_value       -9999
[rows 0 to 23 of 72, columns 0 to 53 of 80]
-9999.0 -9999.0 -9999.0 -9999.0 -9999.0 -9999.0 -9999.0 -9999.0 -9999.0 -9999.0 -9999.0 -9999.0 0.735847093739 0.787612261365 -9999.0 -9999.0 -9999.0 -9999.0 -9999.0 -9999.0 -9999.0 -9999.0 -9999.0 -9999.0 -9999.0 -9999.0 -9999.0 -9999.0 -9999.0 -9999.0 -9999.0 -9999.0 -9999.0 -9999.0 -9999.0 -9999.0 -9999.0 -9999.0 -9999.0 -9999.0 -9999.0 -9999.0 -9999.0 -9999.0 -9999.0 -9999.0 -9999.0 -9999.0 -9999.0 -9999.0 -9999.0 -9999.0 -9999.0 -9999.0
-9999.0 -9999.0 -9999.0 -9999.0 -9999.0 -9999.0 -9999.0 -9999.0 -9999.0 -9999.0 -9999.0 -9999.0 1.48578768846 3.68414956229 0.680761059238 -9999.0 0.61606230037 -9999.0 -9999.0 -9999.0 -9999.0 -9999.0 -9999.0 -9999.0 -9999.0 -9999.0 -9999.0 -9999.0 -9999.0 -9999.0 -9999.0 -9999.0 -9999.0 -9999.0 -9999.0 -9999.0 -9999.0 -9999.0 -9999.0 -9999.0 -9999.0 -9999.0 -9999.0 -9999.0 -9999.0 -9999.0 -9999.0 -9999.0 -9999.0 -9999.0 -9999.0 -9999.0 -9999.0 -9999.0
-9999.0 -9999.0 -9999.0 -9999.0 -9999.0 -9999.0 -9999.0 -9999.0 -9999.0 -9999.0 0.687427089514 0.664350195637 0.697238374806 0.689643933509 4.94686200258 5.59870900664 1.71878904508 0.550600425635 -9999.0 -9999.0 -9999.0 -9999.0 -9999.0 -9999.0 -9999.0 -9999.0 -9999.0 -9999.0 -9999.0 -9999.0 -9999.0 -9999.0 -9999.0 -9999.0 -9999.0 -9999.0 -9999.0 -9999.0 -9999.0 -9999.0 -9999.0 -9999.0 -9999.0 -9999.0 -9999.0 -9999.0 -9999.0 -9999.0 -9999.0 -9999.0 -9999.0 -9999.0 -9999.0 -9999.0
-9999.0 -9999.0 -9999.0 -9999.0 -9999.0 -9999.0 -9999.0 -9999.0 -9999.0 0.671973684704 1.35085668638 2.68193106309 1.32607718576 0.637533410376 1.23819263481 6.18387288344 9.15620620796 0.615791117871 -9999.0 0.637177160219 -9999.0 -9999.0 -9999.0 -9999.0 1.18894374094 0.607211636891 -9999.0 -9999.0 -9999.0 -9999.0 -9999.0 -9999.0 -9999.0 -9999.0 -9999.0 -9999.0 -9999.0 -9999.0 -9999.0 -9999.0 -9999.0 -9999.0 -9999.0 -9999.0 -9999.0 -9999.0 -9999.0 -9999.0 -9999.0 -9999.0 -9999.0 -9999.0 -9999.0 -9999.0
-9999.0 -9999.0 -9999.0 -9999.0 -9999.0 -9999.0 -9999.0 -9999.0 0.809161723238 2.21535081526 2.85410051482 3.49859229287 4.61831575562 0.582058266215 2.3596442546 2.91242902664 13.2587609648 0.565570800021 0.493499295571 1.17239400967 1.69470382633 0.552816595908 -9999.0 3.06393495065 2.51435700815 0.682141009495 -9999.0 -9999.0 -9999.0 -9999.0 -9999.0 -9999.0 -9999.0 -9999.0 -9999.0 -9999.0 -9999.0 -9999.0 -9999.0 -9999.0 -9999.0 -9999.0 -9999.0 -9999.0 -9999.0 -9999.0 -9999.0 -9999.0 -9999.0 -9999.0 -9999.0 -9999.0 -9999.0 -9999.0
-9999.0 -9999.0 -9999.0 -9999.0 -9999.0 -9999.0 0.793247227011 0.70824922772 0.667119641392 0.685712188174 0.696747235557 4.91179308231 10.1782767514 10.8088338005 11.2812174334 0.444984603391 14.2635376505 14.7792027398 1.0228746784 0.529516661782 2.20443482926 3.82780717794 0.572908907301 4.81989358491 0.561874629974 0.589278720556 0.585114600087 -9999.0 -9999.0 -9999.0 -9999.0 -9999.0 -9999.0 -9999.0 -9999.0 -9999.0 -9999.0 -9999.0 -9999.0 -9999.0 -9999.0 -9999.0 -9999.0 -9999.0 -9999.0 -9999.0 -9999.0 -9999.0 -9999.0 -9999.0 -9999.0 -9999.0 -9999.0 -9999.0
-9999.0 -9999.0 -9999.0 -9999.0 -9999.0 -9999.0 1.59070727792 2.33850765536 5.22975469617 7.20691460659 0.593697193718 0.616392152169 0.583287161363 1.71703163476 13.5088147612 0.439084117665 15.266408318 17.2241765584 1.51091334058 0.995663124677 4.30711614465 0.532121113288 5.33488859031 1.032927625 0.514913953552 1.08226591874 1.15114387669 0.583821482721 0.592960767952 0.570273727593 0.635015563502 1.26895285775 -9999.0 -9999.0 -9999.0 -9999.0 -9999.0 -9999.0 -9999.0 -9999.0 -9999.0 -9999.0 -9999.0 -9999.0 -9999.0 -9999.0 -9999.0 -9999.0 -9999.0 -9999.0 -9999.0 -9999.0 -9999.0 -9999.0
-9999.0 -9999.0 -9999.0 -9999.0 -9999.0 0.908023151323 1.72332380019 0.806443364497 1.54725517533 7.96799968346 9.2682460961 10.544548199 34.5186540915 0.57619260226 14.0682998004 53.1909207246 53.5979388791 71.5665148619 0.455897566919 1.46415993762 4.78936535316 0.475818644966 11.1916034533 5.35986012426 3.29796484592 2.77463323731 0.564503719428 1.71577032814 1.70951444129 1.13640261807 0.554333887481 1.8460573719 0.551636751776 0.538724812037 -9999.0 -9999.0 -9999.0 -9999.0 -9999.0 -9999.0 -9999.0 -9999.0 -9999.0 -9999.0 -9999.0 -9999.0 -9999.0 -9999.0 -9999.0 -9999.0 -9999.0 -9999.0 -9999.0 -9999.0
-9999.0 -9999.0 -9999.0 -9999.0 -9999.0 0.907699312393 2.60632597971 5.16365334277 5.91587227438 11.6140450857 12.3003466277 14.4846593653 23.4087719766 36.3786348175 37.5967687349 38.1700881589 0.989210208471 73.3729816853 74.2858868279 76.7564237632 94.7174124132 12.6915705613 11.7247517441 3.82022032579 0.509170639129 3.25971270257 2.22303370278 0.478214638513 2.22286088928 0.502407247098 1.04562061952 2.90319305962 3.43650118127 1.05999179249 0.527898904978 0.507726475923 -9999.0 -9999.0 -9999.0 -9999.0 0.577923579707 0.512977469298 -9999.0 -9999.0 -9999.0 -9999.0 -9999.0 -9999.0 -9999.0 -9999.0 -9999.0 -9999.0 -9999.0 -9999.0
-9999.0 -9999.0 -9999.0 -9999.0 -9999.0 0.870226042801 0.803473431327 3.39716161224 4.17023059385 4.97671389675 0.747253686413 1.47317812806 8.41868286622 1.49097938316 0.674512306021 0.598848439344 0.523013600277 0.604563450564 0.553624231415 0.576492882862 95.2380199316 96.7039644085 0.475811053774 1.47652095724 1.01168363316 3.74826022455 0.971414227736 0.463552806694 2.74802156017 0.986429820879 2.41203636664 6.00218548988 5.53654363127 1.57464015959 1.536212423 0.5293609377 0.525404179954 -9999.0 -9999.0 0.520549506243 1.20788895993 2.80241990742 0.547341193458 -9999.0 -9999.0 -9999.0 -9999.0 -9999.0 -9999.0 -9999.0 -9999.0 -9999.0 -9999.0 -9999.0
-9999.0 -9999.0 -9999.0 -9999.0 -9999.0 -9999.0 0.891213886297 0.90156732071 1.67280586455 2.46152406093 5.51017542344 7.01140865423 7.76463351361 0.786336120524 0.586609244734 8.04800589535 9.82174384883 10.3641222959 12.6567176282 13.1647513626 0.51257514911 97.2230866969 99.6212903736 1.89408856636 0.29596724707 4.15705813496 9.23215383759 3.67090042357 0.926493824159 0.464741219963 9.35692152083 6.49331848449 0.470221635051 0.469551795427 2.01924351356 1.55193374195 0.491748802835 0.46846944865 0.508025161186 1.01448498649 0.486929961275 3.41199494136 3.8810765651 0.442960875234 -9999.0 -9999.0 -9999.0 -9999.0 0.518327618511 0.486127560707 0.171423956921 -9999.0 -9999.0 -9999.0
-9999.0 -9999.0 -9999.0 -9999.0 -9999.0 -9999.0 -9999.0 0.86539599655 0.718237242752 1.54312346945 2.3397166884 0.755903887259 0.666072278349 4.26944501238 5.56720387859 6.90360267837 0.623916511246 1.19104407522 0.59479530734 13.7001212639 30.8194909134 31.3861249019 132.069585938 0.483357506433 0.857215185383 0.26049198619 9.6796051062 0.463278438709 1.40023989159 0.458444386315 9.8212133985 10.2876722523 0.946506330371 0.932747925213 5.07192290173 2.54830217319 0.971566450553 0.501456310914 1.01137734703 1.50927370117 2.45675738736 0.452576634299 4.7753847728 5.22758518757 0.413619777741 0.43966437496 0.463471274748 0.422402112269 0.405502193922 1.42883117939 0.569567848457 0.359029221951 -9999.0 -9999.0
-9999.0 -9999.0 -9999.0 -9999.0 -9999.0 -9999.0 -9999.0 -9999.0 1.54664303963 2.20066956199 0.743248286233 1.52725820199 2.2417216941 3.6629137519 0.714354335354 0.67718473594 0.568844745806 0.575516645947 0.51667437728 16.0174741098 0.611214386569 1.18117439082 133.909644108 135.249071863 0.543594102426 1.93846204604 12.062680956 0.912774381466 1.81901912963 0.843693838213 1.25636705302 12.0831133472 1.37716173278 7.32222728794 5.97560603927 0.457687739131 2.42045541707 0.982310867568 1.47196002825 0.454564793023 2.90665568602 3.79476897196 4.19549638293 4.57619226399 6.80017559119 0.792524486731 0.838014558755 0.770337455548 0.733298772383 1.78660005224 0.358871670749 1.29409259761 1.62389508832 -9999.0
-9999.0 -9999.0 -9999.0 -9999.0 -9999.0 -9999.0 -9999.0 -9999.0 0.827616643573 3.83488386986 4.55160398437 0.7161268968 1.39528428983 0.676998873471 0.611629639276 0.599549819707 7.74226785396 10.3132182206 12.7950690299 15.4057640311 0.645727790132 0.587102477851 0.624574039352 138.12616321 139.674521585 140.269598561 16.2932737006 3.6536569036 3.16399614703 0.394833395635 1.64421188442 14.1326786273 0.398354930594 7.72980420324 0.44970443391 3.16927471108 2.91211736379 0.470976246411 1.93102092531 0.909162107093 1.35520141832 0.423008702584 0.369116863306 4.95222371375 5.30253721165 7.14959896552 1.20988846708 1.12517929007 1.07701123156 2.16098701124 2.88738621435 0.362271583589 1.97388187625 0.371033078051
-9999.0 -9999.0 -9999.0 -9999.0 -9999.0 -9999.0 -9999.0 -9999.0 -9999.0 0.864085403714 5.3309732536 6.03507860164 2.083649091 3.450590755 4.70354550021 5.34885483091 0.669015932486 1.98988179937 1.3157084841 0.69000524145 0.66443523523 0.579516396721 1.16139032447 2.02596964031 0.777480459358 157.976574011 158.543720425 0.524830353174 0.391251942706 0.803502770297 1.20598367651 15.331424343 0.795023527289 8.09544313711 4.86280727503 4.01787443178 0.448141173992 0.904690156978 2.34798694272 0.416614878281 1.7584327559 0.82562842002 0.589440602121 0.222598013255 6.09146483111 13.5353804639 1.48117937206 1.40121664205 1.38557405339 0.30648310048 3.19588899789 0.300208343941 2.64115053289 0.327607601846
-9999.0 -9999.0 -9999.0 -9999.0 -9999.0 -9999.0 -9999.0 -9999.0 -9999.0 -9999.0 0.72171365224 7.48667068567 0.680922931623 1.36453704537 1.97768105716 3.17821734205 0.613645844797 1.30323685989 0.630180573149 0.581897718328 0.546891062073 1.08288247453 0.488807449787 0.56939050788 1.1791285714 0.686301810605 159.198275036 160.314569684 161.849727564 1.63952433941 0.408549813733 0.814615066269 15.7571045574 14.9810262104 5.73325116488 0.428968498555 1.77859731922 1.33815880766 2.76630348366 0.831833124023 3.40912461277 1.23555436647 0.92156910082 0.145962994657 0.243803995417 13.9048725447 14.2458109696 17.4223885509 2.34802967151 0.633664050064 3.530843356 4.15791272376 7.09459479681 0.651681100878
-9999.0 -9999.0 -9999.0 -9999.0 -9999.0 -9999.0 -9999.0 -9999.0 -9999.0 -9999.0 -9999.0 0.41084808693 8.34804040546 0.655224157003 1.26734802163 5.65757749124 0.625874304905 0.617199733214 0.536074271621 1.14557300252 0.572650455174 2.22309027332 3.2144019094 3.67105687634 1.63093549253 2.11981347321 0.560427770992 0.643089768683 0.63194644561 164.51741749 165.76036703 16.141791369 15.7500386293 15.3694346551 0.766496486963 0.370588003133 2.17455791818 5.73506557366 3.16540785567 1.22494874659 5.02695681397 1.77932844326 1.40819306998 0.276809855861 0.111488584213 0.110252494307 0.145045870462 18.2405516254 21.5539418205 0.307154385452 0.284214832236 0.308897951987 7.39650992077 8.32968112024
-9999.0 -9999.0 -9999.0 -9999.0 -9999.0 -9999.0 -9999.0 -9999.0 -9999.0 -9999.0 -9999.0 0.380396401081 9.25804765217 11.3661253847 0.62168894795 6.88547155851 0.569430416467 0.535326103054 1.08150071523 2.78682103469 0.547665025336 0.583403280534 0.48938583384 4.64233219288 5.10636146133 7.72772130274 8.72385731016 9.20538098984 9.73305789891 10.2490153055 176.594907235 193.633332606 210.263093542 210.737557734 0.396523882252 0.372769768177 6.53124646384 6.13630359089 0.390895585046 0.388519263014 5.41444281394 7.59456188802 0.31142415358 3.27169146324 3.04749962725 0.63026192565 0.320155347354 0.547361689539 0.361474074006 22.1879131585 0.324722064186 0.879862250392 1.13378667987 10.1782911537
-9999.0 -9999.0 -9999.0 -9999.0 -9999.0 -9999.0 -9999.0 -9999.0 -9999.0 -9999.0 -9999.0 0.780723672663 1.48725006351 12.0493627054 13.2277902305 0.597604852843 8.1081162072 0.490022680521 1.50995632743 3.30199719108 1.06331387658 0.512576266281 1.05534520426 0.439264703232 0.856130129523 0.422688545218 0.372813240401 0.276297020629 0.246576749742 0.218912777386 0.214790133562 0.323800987314 0.434794683538 0.557519382861 212.165924438 8.06628208924 7.3142291261 0.366914180034 1.12684861495 0.30374242054 0.273404048936 7.96084367234 12.331723258 3.6802671144 2.80008195222 0.383211260778 0.157928621293 0.135935675427 0.401611397137 22.9107754058 23.5303497656 0.32309323273 0.330904441129 0.241351989385
-9999.0 -9999.0 -9999.0 -9999.0 -9999.0 -9999.0 -9999.0 -9999.0 -9999.0 -9999.0 -9999.0 -9999.0 0.634005195356 9.16383307274 23.0221947437 24.9607240049 33.6542602414 34.294691032 7.52518864404 5.41463629432 1.5870511573 0.503439878444 2.05055464129 2.53067369917 3.8207137785 0.870440526054 0.786440689018 0.699657978792 1.35605879009 0.619758267618 0.588903769478 0.286198757333 0.155882573524 0.180297358938 212.601943444 220.915049524 221.381399496 0.385493704116 3.22573164771 1.33794201942 0.388188753269 13.5788879458 0.88587200426 0.459731857571 1.84042760096 0.350825133351 0.289077375752 0.546702497729 0.79910020326 1.09036026958 24.0577454132 0.249613546522 0.219682109586 0.218915921462
-9999.0 -9999.0 -9999.0 -9999.0 -9999.0 -9999.0 -9999.0 -9999.0 -9999.0 -9999.0 -9999.0 0.727404356621 7.01237828756 8.50047742879 1.34426333069 0.438324517615 0.959015828379 35.81548384 36.393875776 44.5424576194 0.46871907883 0.966282316308 0.431296821369 0.439118055643 4.25577932616 5.55977757448 6.74391422644 0.388518979814 1.74482847487 2.74428092524 1.59844153092 0.652812761195 0.42766082244 0.347145698805 0.379467334216 0.217293205374 221.78869561 222.136980099 226.014144896 0.676599870109 0.351332491179 13.9956288364 0.912556324742 0.475096101451 0.514218290557 0.509553499006 0.453090226689 0.76343283559 2.24920202369 3.65933155072 27.9699463645 0.189513861144 0.573263404108 0.389170900372
-9999.0 -9999.0 -9999.0 -9999.0 -9999.0 -9999.0 -9999.0 -9999.0 -9999.0 -9999.0 -9999.0 0.750083390999 4.94840235648 0.769339939837 0.649820036065 3.50341815402 4.08718593717 4.66793941578 5.19410210659 60.532431729 61.0011821351 61.932040917 68.9571141146 70.2518010926 70.9586526723 71.4118761116 78.9752282958 79.9441490594 80.3548241323 83.5264761813 85.5577925142 85.9265901635 86.9737781345 0.687396218556 0.576313427707 0.110233045901 0.143156088297 222.478808083 227.365569673 1.02166142556 16.4747433113 16.1300886614 1.71263994304 0.407385035154 0.409366604328 0.393625760986 0.400987926529 0.808892067303 1.16803180977 0.350861336483 28.2137869703 28.4737357252 29.661637322 29.8771826641
-9999.0 -9999.0 -9999.0 -9999.0 -9999.0 -9999.0 -9999.0 -9999.0 -9999.0 -9999.0 -9999.0 2.57833938344 3.39872728998 1.54589942348 2.26934625054 0.710520077494 7.99319756721 8.60354528659 9.82114392997 10.2657783398 3.93757418893 66.6497827765 67.1118479992 0.398163086767 0.258162288657 0.215482084096 0.498567196208 0.231891545787 0.162984209413 0.147742926668 0.171439131802 86.2095506188 87.2875678154 88.377748792 89.2962988069 89.8285659503 0.22295040314 0.087239822182 244.793390762 17.1158018502 16.842992204 0.362119591966 0.341670759954 0.314660898643 0.723173249145 0.709064393588 0.32659204807 0.329275591128 0.307382657042 0.648635318698 0.867067630317 0.178662273768 0.323918894639 0.112927630291
-9999.0 -9999.0 -9999.0 -9999.0 -9999.0 -9999.0 -9999.0 -9999.0 -9999.0 -9999.0 -9999.0 -9999.0 1.73861734795 0.802295116256 0.713656891321 6.77019132953 7.40915773885 0.63889172412 2.46624700156 3.03411440645 3.49711026683 0.532224497306 0.402932133008 9.87972139486 10.2108867018 10.510091244 27.6785638686 27.8777914137 28.191174545 30.2389868799 31.1400039538 31.2655742289 0.132387337809 0.143222730455 0.151358354496 90.3160254582 0.174897042887 247.85768891 247.52607903 2.47517608918 2.15430225336 1.36816662665 0.340584963998 0.626555202728 1.04055248722 1.0280657384 0.634674193574 0.313787210658 0.615767654878 0.601862889899 1.1284336408 0.164015332795 0.472892179607 0.780905679899
