data/baseflow/History/mHMbfrc609
ncols                  80
nrows                 72
xllcorner      4374000.0
yllcorner      5656000.0
cellsize            500
NODATA_value       -9999
[rows 24 to 47 of 72, columns 0 to 53 of 80]
-9999.0 -9999.0 -9999.0 -9999.0 -9999.0 -9999.0 -9999.0 -9999.0 -9999.0 -9999.0 -9999.0 -9999.0 0.643785611172 1.66177972036 2.14895076671 3.58739785437 0.388381540505 0.796888203008 1.15673712224 4.75876107418 4.98859719751 5.10724919431 5.32066815346 5.61749111459 9.14048343332 9.94360199459 10.2529392209 0.0848384104235 0.689805284709 0.767890579574 17.6062108497 17.7951271354 17.8917767267 17.9912235401 18.06618871 65.2190052144 0.170827495345 127.634708965 0.0915469567919 0.0318715894432 0.987529054865 0.903883108846 0.0936373319199 0.520016811566 0.818496759434 0.806828624524 0.545982634576 0.886270477128 1.39518397414 0.511580717648 1.30251019282 0.0818061248873 0.0945089683862 0.0100713805683
-9999.0 -9999.0 -9999.0 -9999.0 -9999.0 -9999.0 -9999.0 -9999.0 -9999.0 -9999.0 -9999.0 -9999.0 0.569219662934 1.117566553 0.484079328166 0.97404627312 0.38384095256 3.30213438807 4.04676054372 4.42386726531 0.322639203795 0.580428672253 7.31871710341 8.72984189317 8.92666346905 0.559732172984 0.437295660558 0.57809798265 0.0577675105972 0.0461505053968 0.0826229984861 0.0480933088233 13.2923838898 13.3541847608 13.4000815658 65.3766414376 128.197756147 127.665572103 0.0415132657082 0.023209491616 0.0207086788683 0.133608957265 0.118751603424 0.567320735448 0.92353421085 1.88807572062 0.162686594259 0.160669750973 1.50787025273 1.62479228234 3.14837089932 3.20411158251 3.3100348046 3.3287236063
-9999.0 -9999.0 -9999.0 -9999.0 -9999.0 -9999.0 -9999.0 -9999.0 -9999.0 -9999.0 -9999.0 -9999.0 -9999.0 0.507103483939 1.03614119529 1.58220283169 2.44614558568 0.474002490644 0.401890233541 3.50114124017 3.84491548895 6.82045513147 7.17415756419 0.953104537899 0.311276978837 0.275142909006 0.237561469689 12.9228712521 13.0240390575 13.0972173744 13.1446984367 13.240757262 0.99474764693 1.06542135804 14.5228020653 208.169587296 0.341367672592 0.242905580524 0.0865419032773 0.0281488446915 0.0180555940969 0.173408721939 0.184580800943 0.597943366392 0.0157560120529 1.91506851675 0.225076714879 0.21658734237 0.0179000463008 0.0101172272197 0.00888098538928 0.0195680218176 0.00932354032207 3.3386446671
-9999.0 -9999.0 -9999.0 -9999.0 -9999.0 -9999.0 -9999.0 -9999.0 -9999.0 -9999.0 -9999.0 -9999.0 -9999.0 -9999.0 0.496168949411 1.12192676806 1.70596077829 2.29672968789 2.7003619503 3.12598135082 1.22041049194 2.03116874478 0.337435107102 0.316844716445 11.5455230457 12.1671448266 12.4354443792 12.7317190895 0.173822663795 0.280043072267 0.77594918822 0.8362837962 0.907440475745 0.0956310159756 0.0833044276729 208.477749782 0.103095919345 0.118489200684 0.0607083176079 0.135512006346 0.0596899060699 0.04273877776 0.817137714097 0.866458038485 0.0219277693313 1.94599436923 2.18152651462 0.228053686009 42.9148951461 42.8854415631 42.8628485005 42.792817124 42.7534341405 42.2235971582
-9999.0 -9999.0 -9999.0 -9999.0 -9999.0 -9999.0 -9999.0 -9999.0 -9999.0 -9999.0 -9999.0 -9999.0 -9999.0 -9999.0 0.191930198452 0.408833901844 0.606898832895 6.40159672105 6.82996072536 0.443892182672 0.419070182525 0.4112646598 10.1461063608 10.9159672167 0.358499983238 0.358440630663 0.25370679151 1.03978955359 1.28570365121 0.540133052378 0.646270151338 6.64089126571 6.77084958032 7.10386180602 10.7047825757 219.282270892 0.121196864605 0.0458471648428 0.219849744857 0.174696463162 0.0382870296027 0.124538601251 0.166869021796 0.912071400402 0.950368839439 3.19154784262 2.19305966723 0.237993112499 43.6631355206 0.324304840886 42.8398070658 42.8184105323 0.497146320321 0.0310103045966
-9999.0 -9999.0 -9999.0 -9999.0 -9999.0 -9999.0 -9999.0 -9999.0 -9999.0 -9999.0 -9999.0 -9999.0 -9999.0 -9999.0 1.00794058958 1.64104649458 3.24893196509 5.83654357036 7.43140961077 8.57194982606 8.98146446556 9.40817420422 9.81045111844 0.368244423906 0.306413853947 0.584455260373 0.527046608451 0.272208949751 5.95057843206 6.18475160831 6.39370249032 6.58656201544 3.17792656161 3.25292165028 3.46973806209 219.368775588 0.226798260574 0.164909842907 0.415955315755 0.0369200517445 0.107911427441 0.0642271497717 0.0379988965762 0.216318753426 0.0279535495503 0.0295051154691 47.0681618939 43.8531612373 43.8191817739 0.169539782967 0.31016896732 0.183364877083 0.0273583909459 0.411808726909
-9999.0 -9999.0 -9999.0 -9999.0 -9999.0 -9999.0 -9999.0 -9999.0 -9999.0 -9999.0 -9999.0 -9999.0 -9999.0 -9999.0 0.70647104155 0.673382310813 1.32977305391 1.9906647591 0.588028248838 0.556738051031 1.01589461198 1.45182539794 2.22680762287 2.61518163073 2.9392084377 3.86398787688 4.1421769185 4.45077168386 0.234228732763 2.69330053425 2.87285433033 3.00421858494 0.072892695209 0.0169701071622 0.0345858126357 222.829698351 222.909405176 223.288756518 0.528994445192 0.0793368303196 0.157825167645 0.0374683802515 0.0664933546263 0.249326885772 0.302223107835 0.0514423062509 47.2187696492 0.0565194740346 0.0921093269427 0.102803225459 0.0784032702728 0.127843895788 0.0488492669789 0.321177683268
-9999.0 -9999.0 -9999.0 -9999.0 -9999.0 -9999.0 -9999.0 -9999.0 -9999.0 -9999.0 -9999.0 -9999.0 -9999.0 -9999.0 -9999.0 0.647111835067 1.2632412669 0.586912741013 1.18582663042 7.42030475253 7.87682228095 8.28198655216 0.392599934309 0.390727188155 0.713284965956 1.03950545697 1.58501908013 1.85479980413 2.0047353696 2.2213003253 0.165711437302 0.114447791454 3.20146348609 3.22732794113 3.27196682993 3.33759273206 2.77843638016 226.351591581 227.274257635 227.313451875 227.502355979 227.67406141 227.769289439 0.0226883727497 0.326524786401 47.2415612575 0.0530091135108 0.027456429165 0.045464198125 0.0483338556018 0.0787303035266 0.0584862303232 0.0357779393823 0.066707952039
-9999.0 -9999.0 -9999.0 -9999.0 -9999.0 -9999.0 -9999.0 -9999.0 -9999.0 -9999.0 -9999.0 -9999.0 -9999.0 -9999.0 -9999.0 -9999.0 1.87465583051 2.48417307815 4.34493942048 5.65390096924 0.660067238889 9.46296055001 9.86137259125 10.2269157527 0.350311439457 0.678810800925 0.27831679422 2.21406260121 2.33988021124 2.54908736722 2.73636250624 3.11812707163 3.16878261589 0.0316788587029 2.48629989535 2.62930198206 2.71538119881 2.98095145491 0.322578740048 0.195182933894 0.101335858138 0.0916457364632 227.884773786 227.925138422 228.436210714 47.262550026 0.167840268009 0.0968576136501 0.0688116000077 0.0175458140584 0.204099159221 0.101007817518 0.0304419030226 0.175464516545
-9999.0 -9999.0 -9999.0 -9999.0 -9999.0 -9999.0 -9999.0 -9999.0 -9999.0 -9999.0 -9999.0 -9999.0 -9999.0 -9999.0 -9999.0 -9999.0 0.645176116756 3.12004853634 3.77649161842 0.680857170663 0.453710359523 0.932788080602 1.33849122023 11.9489339108 0.342954377608 1.38858159505 1.68412631111 1.97284151327 0.139104203432 0.320633710592 0.380171292128 2.06389477682 2.22567352837 2.30869418583 0.0781727232814 0.0585610682994 0.0598133760534 0.111364878352 0.0406326857157 0.0401354925978 0.0512652371783 0.0468815643326 0.0410539396374 0.15682646882 228.485463199 275.853359417 0.23627950487 0.0467517369746 0.0208566360862 0.625781206824 0.586123006062 0.34723132391 0.310415828884 0.226517186252
-9999.0 -9999.0 -9999.0 -9999.0 -9999.0 -9999.0 -9999.0 -9999.0 -9999.0 -9999.0 -9999.0 -9999.0 -9999.0 -9999.0 -9999.0 0.570383111863 1.79029323441 0.582084316509 0.631884366344 0.55287736147 1.04301815655 1.5207265482 1.98469522256 14.4393983934 14.7722706833 0.347491658831 0.651046320969 0.95861108359 1.14085495002 1.32348233923 1.77335871229 1.98651844963 0.0584330835314 0.0717412137102 0.0383730703479 0.0453154488983 0.0626771547255 0.0713630124216 0.060383278495 0.0723391414868 0.231140330201 0.0958078353427 0.0505328496527 0.0487705239547 0.0368009472238 0.0655693704735 277.973029219 1.84970932221 0.778394383019 0.0988841886433 0.0477628036643 0.027951286872 0.0872073082032 0.0550631627964
-9999.0 -9999.0 -9999.0 -9999.0 -9999.0 -9999.0 -9999.0 -9999.0 -9999.0 -9999.0 -9999.0 -9999.0 -9999.0 -9999.0 0.604833798949 1.1605417587 4.09128921753 0.560453000993 1.27185490479 1.79261954258 2.25229192249 0.496118945503 0.894785269296 1.40872521712 16.633421178 0.317942477007 0.59251837142 0.870519683212 0.235095894815 0.455630869161 0.513251234962 0.675484727053 26.2481770478 26.4055409441 26.5303234298 27.3401365479 27.4878789286 27.9780663722 0.126938520259 0.266800438042 0.277544786657 29.3407466625 29.4234923408 0.0429679375587 0.0647641444451 0.0857991325893 278.011704222 1.781294576 0.768864174578 0.701558460832 0.608605275241 0.544804399318 0.11538905963 0.0309882969914
-9999.0 -9999.0 -9999.0 -9999.0 -9999.0 -9999.0 -9999.0 -9999.0 -9999.0 -9999.0 -9999.0 -9999.0 -9999.0 -9999.0 0.62230020249 1.87744991658 6.58120300795 9.79066757797 0.498952141809 12.7402439787 15.5262971485 0.462043343759 0.862198052849 1.35614896961 20.5263292217 20.9269833249 0.249804107007 1.37740721948 1.59012484305 1.75563164759 25.0042595356 25.2973666894 25.5167399798 0.10899473719 0.58811750221 0.699326703294 0.264316012076 0.374103877473 28.4807240713 28.8913076289 28.9659509852 29.0333089178 29.4844887861 0.0291971291837 0.0252896724718 0.132362162778 278.060851462 0.161017511517 0.0158658454752 0.0426182883465 0.0183250531128 0.47358136343 0.438266449998 0.265458212607
-9999.0 -9999.0 -9999.0 -9999.0 -9999.0 -9999.0 -9999.0 -9999.0 -9999.0 -9999.0 -9999.0 -9999.0 -9999.0 -9999.0 -9999.0 -9999.0 1.31502781842 2.64666194623 11.5787048908 12.2124116029 16.0733114481 16.6224402522 0.447312603547 0.895250337852 2.10027486351 21.358393468 21.9587731313 22.1650144806 0.151273795368 22.8622158761 23.1633782703 0.200236922692 0.111416114353 0.205702257859 0.397889001968 0.0946500534187 0.179125224009 0.365368637778 0.447337673235 0.0854613227824 0.0477410921429 0.0907091364269 29.8595384156 29.9611393981 29.9821385217 30.1884071823 278.102168244 0.136298829959 0.00859232659549 0.00888703272076 0.00880525172857 0.00930960936836 0.00751987168459 0.0132626484036
-9999.0 -9999.0 -9999.0 -9999.0 -9999.0 -9999.0 -9999.0 -9999.0 -9999.0 -9999.0 -9999.0 -9999.0 -9999.0 -9999.0 -9999.0 -9999.0 0.691279362581 0.674363332953 0.648850552173 1.26464883118 0.540166979246 17.7008565755 18.1937161864 0.435762183693 0.823755001585 0.383465495504 0.287799564493 0.273438638992 22.5798040754 0.0952137310165 0.196783231549 0.121677791817 0.114866122679 0.0981796439239 0.0663490882106 0.0708640946937 0.220545283589 0.308319932046 0.0518349517349 0.0418611187895 0.0954081683325 0.169725900682 0.214622222323 0.0536074255914 30.0285935815 30.2118575899 278.133272374 0.207054921308 0.016970650614 0.00357850837804 0.0114617638308 0.00276775308825 0.00206707159218 0.0156663427565
-9999.0 -9999.0 -9999.0 -9999.0 -9999.0 -9999.0 -9999.0 -9999.0 -9999.0 -9999.0 -9999.0 -9999.0 -9999.0 -9999.0 -9999.0 -9999.0 -9999.0 -9999.0 0.66131721616 1.8602511197 2.36719324993 2.89479469626 18.7013857659 19.2062567429 19.6773688414 20.1447623251 20.4056331032 20.9575307096 21.0510873609 21.1334615455 21.2030690491 0.0920650911287 0.0820597619544 0.0914881599887 0.306484742241 0.0847459686035 0.0786101111844 0.053638172927 0.154293560658 0.0644081417481 0.0445647255255 0.0398868990436 0.0323776084554 0.0645690334435 0.0938198831688 30.4047108948 308.776631758 0.0505804507906 0.0852263814271 0.00234103609923 0.0148827289902 0.00934045563356 0.00416375090966 0.275524852539
-9999.0 -9999.0 -9999.0 -9999.0 -9999.0 -9999.0 -9999.0 -9999.0 -9999.0 -9999.0 -9999.0 -9999.0 -9999.0 -9999.0 -9999.0 -9999.0 -9999.0 -9999.0 -9999.0 0.545613449345 4.3616552575 8.4272950149 8.95813725286 0.631409978479 1.07191084899 1.46031170685 1.74517292599 3.80480254713 3.90505611059 0.0975079920337 0.0921799590774 21.3882082129 21.5414112312 21.6138304291 0.356181370483 0.041664614045 0.122656757925 0.176819320961 0.528063469415 0.648415371652 0.733365383522 0.0749302444218 0.103051520908 0.0355789647638 0.0699302327527 0.0377772710389 308.846224571 0.0367790070028 0.163306196436 0.0336894062141 0.0612434892075 0.355484310773 0.381340713651 0.681775335862
-9999.0 -9999.0 -9999.0 -9999.0 -9999.0 -9999.0 -9999.0 -9999.0 -9999.0 -9999.0 -9999.0 -9999.0 -9999.0 -9999.0 -9999.0 -9999.0 -9999.0 -9999.0 0.614056201261 1.96672605695 3.83217315888 4.99043357528 12.4980633225 13.0710618626 0.835884745235 1.23121892039 1.53535636273 1.81981378703 3.99488924617 4.18808139929 6.92665155589 7.08741631696 7.16194259895 21.6863874122 22.2083934629 0.11199926598 0.0870546558971 0.0795419215796 0.148668957402 0.0646226229538 0.857676008631 0.897919365014 0.134176076712 0.170531003696 0.0423090385352 103.31540121 103.397028281 412.292522302 412.514442332 0.0482218865783 0.161899200027 0.168803871564 0.0897041603942 0.812698112563
-9999.0 -9999.0 -9999.0 -9999.0 -9999.0 -9999.0 -9999.0 -9999.0 -9999.0 -9999.0 -9999.0 -9999.0 -9999.0 -9999.0 -9999.0 -9999.0 -9999.0 -9999.0 -9999.0 0.70714488776 0.680110279976 1.2774430155 3.01197427258 13.6075935774 0.436334693506 0.428510322323 0.735053938793 1.04945864463 2.36348977731 2.50122893616 0.0824873352875 0.117690074078 7.28178466376 7.36291670114 29.642306069 29.7010082715 0.0347149964245 0.0292140304575 0.0234933462297 0.0237812478624 0.0282329973366 102.526380244 102.807653687 103.010909406 103.09284164 103.280199438 0.0466706220279 0.16631920562 0.193158369689 412.787622251 412.816843226 412.838453609 412.869320049 412.907412462
-9999.0 -9999.0 -9999.0 -9999.0 -9999.0 -9999.0 -9999.0 -9999.0 -9999.0 -9999.0 -9999.0 -9999.0 -9999.0 -9999.0 -9999.0 -9999.0 -9999.0 -9999.0 -9999.0 -9999.0 0.617624483558 0.649587221559 1.19401170194 15.9226461913 16.4262651439 0.414307133918 0.717813164735 1.04455593889 1.21214618708 0.127837788623 0.255551845205 31.0864570343 31.1684874804 31.2458485883 31.9067817363 61.6652521604 100.769135217 100.868082277 100.955532863 101.038008292 101.447503664 101.586517 0.246418868587 0.102290262538 0.0677460730824 0.123763370002 0.0823047788184 0.133918778088 0.0409957617148 0.994064639184 1.22747572114 1.40315695652 1.41417928692 412.924922724
-9999.0 -9999.0 -9999.0 -9999.0 -9999.0 -9999.0 -9999.0 -9999.0 -9999.0 -9999.0 -9999.0 -9999.0 -9999.0 -9999.0 -9999.0 -9999.0 -9999.0 -9999.0 -9999.0 -9999.0 -9999.0 0.629920027316 1.19920991314 1.77165516636 16.8801226497 0.431969063369 22.3816583092 22.7221771251 22.8405385247 22.9713500155 30.5354502672 30.6933305735 0.0949276677383 0.506225606859 0.607587518698 0.103314963688 39.0109227647 38.8281256748 0.0484582276422 0.121405414813 0.337394754514 0.0781720436831 0.085306298088 0.0522606922548 0.0422373265646 0.0301318803481 0.0380348101314 0.86709489545 0.908639276628 0.961852169534 0.204318422622 0.149234775351 1.47284948096 1.4933184207
-9999.0 -9999.0 -9999.0 -9999.0 -9999.0 -9999.0 -9999.0 -9999.0 -9999.0 -9999.0 -9999.0 -9999.0 -9999.0 -9999.0 -9999.0 -9999.0 -9999.0 -9999.0 -9999.0 -9999.0 -9999.0 0.569760680015 0.528149453106 2.74969099648 20.6820061106 21.6326470267 22.0872525166 0.338881479654 7.28252253755 7.39319970386 7.44304675003 0.140452430706 0.257809368211 0.352809176473 9.32787800599 9.39809948788 9.45630664382 38.7214025246 24.3938878889 0.0715195267691 0.0747447721875 0.06938137194 0.0489360988046 0.539233442685 0.641045530961 0.726761643031 0.777039040425 0.824612840099 6.84456922352 6.87633193462 6.91706409455 7.00405145616 7.36081975117 7.37253466395
-9999.0 -9999.0 -9999.0 -9999.0 -9999.0 -9999.0 -9999.0 -9999.0 -9999.0 -9999.0 -9999.0 -9999.0 -9999.0 -9999.0 -9999.0 -9999.0 -9999.0 -9999.0 -9999.0 -9999.0 -9999.0 -9999.0 1.10955150789 1.69409301587 0.553265251087 0.423198818245 6.23927284071 6.59316784612 6.7911074067 1.99388988059 2.07491370555 2.17399441738 2.27657863533 9.15946143499 9.27386659279 4.65384310488 14.1939111486 14.2687033605 24.3424606251 0.147487543312 0.0749723275597 0.0443088067505 0.377027164609 0.444491963558 0.0329401040894 0.0297971780109 6.68248248065 6.76939949363 6.81442008097 0.0420778154737 0.0626095815317 7.31964541583 0.0226441839683 0.0943480359056
-9999.0 -9999.0 -9999.0 -9999.0 -9999.0 -9999.0 -9999.0 -9999.0 -9999.0 -9999.0 -9999.0 -9999.0 -9999.0 -9999.0 -9999.0 -9999.0 -9999.0 -9999.0 -9999.0 -9999.0 -9999.0 -9999.0 0.554836515 1.09609072628 4.47375764815 5.02832720326 5.47584775824 1.65813888133 1.90022066616 0.111290966099 6.60959105701 6.69546812165 6.77859284262 0.0981202538641 4.4494755067 4.5710235944 0.0778235093194 23.9499024775 0.175620582631 0.0859835364625 0.208791913802 0.28414862287 0.0502815726238 0.0374226711636 6.22417965561 6.60226291321 6.65793997437 0.0544902474572 0.107246957162 0.132981955248 0.153901788422 0.290171064367 0.0342940954328 0.078484115314
