data/baseflow/History/mHMbfrc519
ncols                  80
nrows                 72
xllcorner      4374000.0
yllcorner      5656000.0
cellsize            500
NODATA_value       -9999
[rows 0 to 23 of 72, columns 0 to 53 of 80]
-9999.0 -9999.0 -9999.0 -9999.0 -9999.0 -9999.0 -9999.0 -9999.0 -9999.0 -9999.0 -9999.0 -9999.0 1.08515447368 0.824208305011 -9999.0 -9999.0 -9999.0 -9999.0 -9999.0 -9999.0 -9999.0 -9999.0 -9999.0 -9999.0 -9999.0 -9999.0 -9999.0 -9999.0 -9999.0 -9999.0 -9999.0 -9999.0 -9999.0 -9999.0 -9999.0 -9999.0 -9999.0 -9999.0 -9999.0 -9999.0 -9999.0 -9999.0 -9999.0 -9999.0 -9999.0 -9999.0 -9999.0 -9999.0 -9999.0 -9999.0 -9999.0 -9999.0 -9999.0 -9999.0
-9999.0 -9999.0 -9999.0 -9999.0 -9999.0 -9999.0 -9999.0 -9999.0 -9999.0 -9999.0 -9999.0 -9999.0 2.17726282333 4.57213024687 0.687299038693 -9999.0 0.580019025214 -9999.0 -9999.0 -9999.0 -9999.0 -9999.0 -9999.0 -9999.0 -9999.0 -9999.0 -9999.0 -9999.0 -9999.0 -9999.0 -9999.0 -9999.0 -9999.0 -9999.0 -9999.0 -9999.0 -9999.0 -9999.0 -9999.0 -9999.0 -9999.0 -9999.0 -9999.0 -9999.0 -9999.0 -9999.0 -9999.0 -9999.0 -9999.0 -9999.0 -9999.0 -9999.0 -9999.0 -9999.0
-9999.0 -9999.0 -9999.0 -9999.0 -9999.0 -9999.0 -9999.0 -9999.0 -9999.0 -9999.0 1.03581881389 0.994456763427 1.04356527622 1.02917080977 6.4894701913 7.18303579193 1.57558995378 0.497170504723 -9999.0 -9999.0 -9999.0 -9999.0 -9999.0 -9999.0 -9999.0 -9999.0 -9999.0 -9999.0 -9999.0 -9999.0 -9999.0 -9999.0 -9999.0 -9999.0 -9999.0 -9999.0 -9999.0 -9999.0 -9999.0 -9999.0 -9999.0 -9999.0 -9999.0 -9999.0 -9999.0 -9999.0 -9999.0 -9999.0 -9999.0 -9999.0 -9999.0 -9999.0 -9999.0 -9999.0
-9999.0 -9999.0 -9999.0 -9999.0 -9999.0 -9999.0 -9999.0 -9999.0 -9999.0 1.00141070151 2.03896850102 4.04553690082 2.02073765514 0.985264875602 1.91902312732 8.09036370353 10.8304464273 0.565768205593 -9999.0 0.992325090858 -9999.0 -9999.0 -9999.0 -9999.0 1.11142559397 0.569461079883 -9999.0 -9999.0 -9999.0 -9999.0 -9999.0 -9999.0 -9999.0 -9999.0 -9999.0 -9999.0 -9999.0 -9999.0 -9999.0 -9999.0 -9999.0 -9999.0 -9999.0 -9999.0 -9999.0 -9999.0 -9999.0 -9999.0 -9999.0 -9999.0 -9999.0 -9999.0 -9999.0 -9999.0
-9999.0 -9999.0 -9999.0 -9999.0 -9999.0 -9999.0 -9999.0 -9999.0 1.10848942803 3.16182101869 4.12206492958 5.09928429333 7.00344090406 0.912573056705 3.69532191409 4.56304935617 16.7314940815 0.721805891949 0.806005284813 1.8611673356 2.70424050545 0.875010413487 -9999.0 2.8845550003 2.37827262156 0.655511376181 -9999.0 -9999.0 -9999.0 -9999.0 -9999.0 -9999.0 -9999.0 -9999.0 -9999.0 -9999.0 -9999.0 -9999.0 -9999.0 -9999.0 -9999.0 -9999.0 -9999.0 -9999.0 -9999.0 -9999.0 -9999.0 -9999.0 -9999.0 -9999.0 -9999.0 -9999.0 -9999.0 -9999.0
-9999.0 -9999.0 -9999.0 -9999.0 -9999.0 -9999.0 1.11696350608 1.03053577981 0.996667595977 1.01207139017 1.01125698884 7.14613318107 15.1193539612 16.0755280893 16.9120043451 0.830987851175 18.3425845447 19.1457377627 1.71564570537 0.86004562744 3.53297364227 6.08989937202 0.820060371966 5.35349314723 0.916457141803 0.868657874022 0.958238825032 -9999.0 -9999.0 -9999.0 -9999.0 -9999.0 -9999.0 -9999.0 -9999.0 -9999.0 -9999.0 -9999.0 -9999.0 -9999.0 -9999.0 -9999.0 -9999.0 -9999.0 -9999.0 -9999.0 -9999.0 -9999.0 -9999.0 -9999.0 -9999.0 -9999.0 -9999.0 -9999.0
-9999.0 -9999.0 -9999.0 -9999.0 -9999.0 -9999.0 2.25158337551 3.33767476059 7.52475665553 10.4848039292 0.91750592779 0.957511180887 0.896337044095 2.64744671702 20.3479263736 0.760102680321 19.92325515 23.3045961722 2.6315880563 1.6074697211 6.85764408344 0.82386942401 6.1859045677 1.66614924201 0.841685069694 1.68126953307 1.89775108725 0.969508120727 1.00184759188 0.981269737752 1.02680778432 2.05531386528 -9999.0 -9999.0 -9999.0 -9999.0 -9999.0 -9999.0 -9999.0 -9999.0 -9999.0 -9999.0 -9999.0 -9999.0 -9999.0 -9999.0 -9999.0 -9999.0 -9999.0 -9999.0 -9999.0 -9999.0 -9999.0 -9999.0
-9999.0 -9999.0 -9999.0 -9999.0 -9999.0 1.20530310017 2.34629028059 1.13274117078 2.19351638191 11.5528301121 13.4837028621 15.415859982 49.807613355 0.899448762801 21.1847351558 77.84368651 78.5038788287 102.978276598 0.753152010731 2.37523754248 7.62944100649 0.765367438434 15.6149122336 8.61706156666 5.31199260061 4.45421597665 0.927752012301 2.89198111421 2.93549051305 1.9554393058 0.950964985503 3.03098386638 0.940719190646 0.92792775638 -9999.0 -9999.0 -9999.0 -9999.0 -9999.0 -9999.0 -9999.0 -9999.0 -9999.0 -9999.0 -9999.0 -9999.0 -9999.0 -9999.0 -9999.0 -9999.0 -9999.0 -9999.0 -9999.0 -9999.0
-9999.0 -9999.0 -9999.0 -9999.0 -9999.0 1.22591500575 3.59201768521 7.10670671143 8.19863234565 16.2579577939 17.2798770054 20.4504219165 33.5207127735 52.5381788548 54.3073011586 55.1239530836 1.47572298906 105.708513982 107.21108291 111.153278496 137.494875 17.9609315196 16.4413964901 6.12871864496 0.820826460863 5.42227772112 3.71968643844 0.796749656387 3.79738207748 0.873602744322 1.87852183609 4.90960188278 5.80827271724 1.81490406453 0.882417343831 0.874075995938 -9999.0 -9999.0 -9999.0 -9999.0 0.571451626757 0.504211805629 -9999.0 -9999.0 -9999.0 -9999.0 -9999.0 -9999.0 -9999.0 -9999.0 -9999.0 -9999.0 -9999.0 -9999.0
-9999.0 -9999.0 -9999.0 -9999.0 -9999.0 1.20268848423 1.15571340606 4.75613944362 5.86043442928 6.98976841361 1.07273661427 2.12930538069 12.3330723566 2.18022513659 0.971027564217 0.891689244928 0.776942475294 0.939202486413 0.925695498056 0.841580962119 138.285264643 140.574230414 0.767709586798 2.39216835177 1.63522873843 6.21217334713 1.61212185849 0.775375647748 4.66969809382 1.73177552889 4.23905957263 10.1225003937 9.37821294442 2.68096646131 2.59792977505 0.895402125085 0.886159206362 -9999.0 -9999.0 0.893068261003 1.28481734334 2.84521793187 0.532165224767 -9999.0 -9999.0 -9999.0 -9999.0 -9999.0 -9999.0 -9999.0 -9999.0 -9999.0 -9999.0 -9999.0
-9999.0 -9999.0 -9999.0 -9999.0 -9999.0 -9999.0 1.2343530489 1.22568678184 2.38071602548 3.54207419836 8.04022724893 10.2495059435 11.371140714 1.19389147343 0.906087025917 12.1397878169 14.7689739516 15.5959222331 19.0519212582 19.844486564 0.781057276255 141.358989091 145.285766334 3.15088245138 0.697479234166 6.95014413229 15.4458484129 6.17381188654 1.53308907023 0.774498331875 15.892201596 10.9176222516 0.770927185188 0.772188550343 3.39072395855 2.60649659407 0.830385111751 0.784424604849 0.853224103953 1.7306937415 0.818068889924 3.45103902746 4.227688758 0.718534901992 -9999.0 -9999.0 -9999.0 -9999.0 0.788019180999 0.748368387643 0.2371914537 -9999.0 -9999.0 -9999.0
-9999.0 -9999.0 -9999.0 -9999.0 -9999.0 -9999.0 -9999.0 1.21397413565 1.11710517478 2.29190315558 3.42488859401 1.11166646247 1.07261492931 6.47683561317 8.39972937242 10.3597079998 0.902954862022 1.80580977203 0.871993076905 20.6603406879 45.3091762696 45.8371472656 192.527738774 0.765950068726 2.0537208524 0.659565212704 16.1708252188 0.744755946037 2.31698142157 0.760192875852 16.6528191185 17.4118403105 1.5492269122 1.54361330667 8.49568602532 4.27164220713 1.61556589907 0.829198613505 1.70231766317 2.56976962362 4.16994961936 0.767203279933 5.61592016895 6.23441698316 0.553220028112 0.594271034959 0.617215614971 0.55953320181 0.525231581886 2.15984735166 0.868632748529 0.541176890579 -9999.0 -9999.0
-9999.0 -9999.0 -9999.0 -9999.0 -9999.0 -9999.0 -9999.0 -9999.0 2.35747546762 3.44735992104 1.12191039022 2.26702891655 3.32269040293 5.48532731669 1.04212614939 1.01644878437 0.887177658611 0.896400986184 0.812416379396 22.9874286569 0.904254314383 1.7731919345 194.867486912 196.388925814 0.712916841297 3.48670064777 20.3456235538 1.45886283954 2.99544564784 1.39627088695 2.06160755288 20.3155049714 2.23690757255 12.2141022993 9.99603189454 0.778070624124 4.00012232073 1.61497542836 2.47109423352 0.762253401711 4.8940700483 6.31191611286 6.83610927496 7.33240787953 8.28887070806 1.03846266965 1.09282136393 0.998070430197 0.927182435207 2.65584461632 0.534145741935 1.95848619368 2.43595723807 -9999.0
-9999.0 -9999.0 -9999.0 -9999.0 -9999.0 -9999.0 -9999.0 -9999.0 1.19061644162 5.80048073779 6.90256921039 1.1033673158 2.14390797156 1.03951160153 0.964957463553 0.951288840428 11.8261484161 15.6474415924 19.0626405002 22.4132946972 0.816044481313 0.883808619898 0.885552946138 200.086942044 201.647629818 202.297608954 27.0098283577 5.88484927072 5.14607065058 0.63614613094 2.69121047352 23.6640707401 0.649382698263 12.8813764876 0.736643123191 5.23070884859 4.80860543366 0.77502659098 3.23743140175 1.52380041089 2.26372650173 0.654778387001 0.490488286691 7.82221037485 8.26267301662 8.72810544737 1.56473032381 1.44630109219 1.35882899727 3.23254752692 4.31586833347 0.540993663026 2.94602903719 0.561828514918
-9999.0 -9999.0 -9999.0 -9999.0 -9999.0 -9999.0 -9999.0 -9999.0 -9999.0 1.19388726759 8.03510192046 9.12235659723 3.19318922606 5.26788640221 7.19405175102 8.15697365627 0.970475504022 2.93431423942 1.95040391039 0.990151097012 0.977941915663 0.909708163537 1.78119367617 3.00955745226 0.940584724098 230.962777287 231.699577633 0.663425242018 0.551765279012 1.2886591806 1.92012403877 25.5666307321 1.27229654435 13.461855801 7.94797842188 6.5813097153 0.722987261367 1.48264476802 3.92413034385 0.685797837415 2.92627535876 1.30172560269 0.875834180745 0.433847978698 9.53432750453 18.6122749788 1.87657859131 1.76664432051 1.77679857457 0.435083836305 4.74276867094 0.414881810539 3.90676008289 0.473486610132
-9999.0 -9999.0 -9999.0 -9999.0 -9999.0 -9999.0 -9999.0 -9999.0 -9999.0 -9999.0 1.08505322328 11.302892022 1.04419381642 2.0778310704 3.0131598925 4.87156685339 0.948728565196 1.95370490632 0.966626766021 0.91483306119 0.87320765018 1.72653817589 0.777375939226 0.848860266403 1.66193249718 0.913578788283 232.429290091 233.761807643 235.730915792 2.53095248745 0.648792033645 1.29401915341 26.2328523806 24.596420374 9.32947072729 0.685626681678 2.90380574898 2.1897358711 4.61241714631 1.37068241983 5.55672035438 1.9550366082 1.40343427652 0.385967725971 0.45250784238 19.0929966786 19.4962408934 23.4868420533 3.14230555657 0.904449837715 5.20480400993 6.07259273054 10.3739986779 0.923636265801
-9999.0 -9999.0 -9999.0 -9999.0 -9999.0 -9999.0 -9999.0 -9999.0 -9999.0 -9999.0 -9999.0 0.61818420895 12.6532472178 1.05390163252 1.97609106553 8.70011789978 0.948502854049 0.940685781905 0.850428840169 1.80176014145 0.889521349537 3.49343168868 5.05371916133 5.77729014112 2.33757669065 2.94557918687 0.701086422441 0.858895098421 0.726348466001 239.570932638 241.599050888 26.8053236221 25.7267754093 25.1686857592 1.19766318526 0.58037300732 3.54114299002 9.43356423249 5.25613004539 2.00845909369 8.17213767027 3.28363699408 2.70660961122 0.784425913346 0.313852499283 0.295518223528 0.304790203203 25.0013866226 29.3894995759 0.431809137542 0.374255455148 0.430360474277 10.7835017519 12.1003588813
-9999.0 -9999.0 -9999.0 -9999.0 -9999.0 -9999.0 -9999.0 -9999.0 -9999.0 -9999.0 -9999.0 0.576680359732 14.028835028 17.1200301306 0.934778537515 10.5616206451 0.88539687001 0.855202012101 1.72575433966 4.41584754459 0.869675596076 0.904266356224 0.778109798759 7.30966947794 8.03568345081 11.749554272 13.1447206066 13.8921303287 14.54871938 15.182823344 257.405144788 285.474979434 312.313719523 312.737327435 0.522283788304 0.590401157107 10.712219981 10.0767062617 0.634492932407 0.64279149536 8.88197451635 12.7746430757 0.526909149436 6.2133206127 5.70035055717 1.5879174924 0.698722469594 1.14441480896 0.451843870182 30.1330194685 0.379512175706 1.16711692251 1.44519544711 14.636408541
-9999.0 -9999.0 -9999.0 -9999.0 -9999.0 -9999.0 -9999.0 -9999.0 -9999.0 -9999.0 -9999.0 1.11596509402 2.13211354599 18.1174408315 19.8902670945 0.885708948878 12.1012059629 0.761464762541 2.38077273033 5.21051073444 1.68082251926 0.808161878195 1.63569163844 0.684336997069 1.33415865316 0.671507693435 0.644490825596 0.605105813078 0.576303009339 0.568569386505 0.549234992783 0.674279735005 0.737070132323 0.749171181232 314.423813699 12.721975595 11.5429877815 0.389828179245 1.81576528057 0.443601032156 0.450853533662 13.3385264639 21.2480043972 6.81429791262 4.98005884896 0.933972853104 0.377231627762 0.34429621641 0.708089364641 31.2192047642 31.9147041849 0.363318385885 0.368653629783 0.376518831006
-9999.0 -9999.0 -9999.0 -9999.0 -9999.0 -9999.0 -9999.0 -9999.0 -9999.0 -9999.0 -9999.0 -9999.0 0.972068842579 12.8835428319 33.7046840104 36.5348601096 49.4349318352 50.0762720484 11.5071974334 8.52708955798 2.50251161966 0.798823765457 3.20016647647 3.94474610946 5.96097877511 1.36933023193 1.30456562771 1.27500555345 2.50197039488 1.21011121033 1.17414762436 0.600157194093 0.522661921563 0.508328368387 314.91546949 328.040426827 328.660230941 0.391525240536 4.69650994174 2.07957372843 0.601834719927 23.0746078629 1.27998326845 0.658567813939 2.79612785827 0.626108386575 0.46031960874 0.845606485595 1.16231221759 1.51131708545 32.5007683505 0.274168125013 0.235348303715 0.235613259089
-9999.0 -9999.0 -9999.0 -9999.0 -9999.0 -9999.0 -9999.0 -9999.0 -9999.0 -9999.0 -9999.0 1.04641135344 9.80949761855 11.8966366434 1.90675187384 0.628420801971 1.4491315711 52.3438598177 52.9929664991 65.1186095068 0.716778721381 1.50935572826 0.666690802449 0.676546142269 6.62124082018 8.64941282648 10.587050319 0.612824464548 3.11337983548 4.92470422458 2.92618385071 1.18079467461 1.05321045045 0.998453303968 0.928881645425 0.442453618622 329.022041874 329.303141806 334.606938986 0.979159008022 0.527188226771 23.4505940266 1.38929655887 0.70705345952 0.754545635454 0.748703401749 0.668847691295 1.16896457593 3.23085180689 5.12139691206 37.9038465148 0.201817349343 0.606145551849 0.410969890885
-9999.0 -9999.0 -9999.0 -9999.0 -9999.0 -9999.0 -9999.0 -9999.0 -9999.0 -9999.0 -9999.0 1.06644086379 6.76448815612 1.06463486899 0.94114601511 4.90009043776 5.72761637692 6.56770612463 7.34767494013 87.9973151127 88.7508747444 90.2486880502 100.793388087 102.856395432 104.062504434 104.737170244 116.897118661 118.696641454 119.349535317 124.946295033 128.516084574 129.099041045 131.284564843 1.54780082571 1.43071343497 0.369591067294 0.316416977689 329.655379852 336.25531254 1.3691147064 26.8715143982 26.4173922743 2.60558780237 0.631365994158 0.63763310792 0.613838283486 0.602278890549 1.2095531034 1.68656910327 0.444040267583 38.169480253 38.4508654084 39.7023985079 39.9253250684
-9999.0 -9999.0 -9999.0 -9999.0 -9999.0 -9999.0 -9999.0 -9999.0 -9999.0 -9999.0 -9999.0 3.47120043934 4.59855524472 2.17010216195 3.18211532556 0.999493066176 11.356263037 12.2319467495 13.9542280004 14.7397726704 5.74171003921 97.1617348194 97.8704858559 0.692595512822 0.532500740876 0.513629492682 1.09165823183 0.604179927969 0.505427915651 0.495514652805 0.500511715602 129.685344155 131.863734322 133.927572758 135.807275388 137.020132943 0.546632937005 0.170426675747 364.142149244 27.6268699761 27.3519992012 0.549671458418 0.510241540064 0.455897806407 1.10304365558 1.08018173522 0.494193105168 0.505958228716 0.44769333089 0.884582568464 1.14674980654 0.206580242576 0.376746289863 0.143492515379
-9999.0 -9999.0 -9999.0 -9999.0 -9999.0 -9999.0 -9999.0 -9999.0 -9999.0 -9999.0 -9999.0 -9999.0 2.3489483421 1.1121595609 1.02121285771 9.60590842771 10.5050841217 0.903926922771 3.52116394299 4.34406547022 5.10089890406 0.815635165246 0.641414405694 14.7593197712 15.2925445534 15.8173223921 40.3756032186 40.8360811425 41.7532003414 45.9587154848 48.528863179 48.9504172439 0.447753831178 0.46147655727 0.419840182909 137.456043349 0.209616499797 368.553054155 368.244418681 3.8425210401 3.48489649931 2.09827159867 0.531412198532 0.916048625268 1.57020482081 1.55046088594 0.956812326294 0.485790022987 0.924207247139 0.899850940846 1.52529450288 0.268729918228 0.667595145389 1.03657394411
