data/baseflow/History/mHMbfrc254
ncols                  80
nrows                 72
xllcorner      4374000.0
yllcorner      5656000.0
cellsize            500
NODATA_value       -9999
[rows 24 to 47 of 72, columns 0 to 54 of 80]
-9999.0 -9999.0 -9999.0 -9999.0 -9999.0 -9999.0 -9999.0 -9999.0 -9999.0 -9999.0 -9999.0 -9999.0 1.04699399029 2.94929258206 3.8544202767 6.58138054925 0.791764870279 1.60765447313 2.36872151975 9.2798360383 9.95773373027 10.5563345503 11.1850790666 11.8328538936 18.3098936672 20.2362361201 21.298957418 0.467153108958 2.47088542989 2.90883545995 40.9757608411 42.8716890229 43.7406107724 44.6243605187 45.3910062279 167.810859939 0.245057930531 338.086999742 0.727051296849 0.341150953138 3.11257889076 2.65778528366 0.446485580546 1.45853646936 2.15542919001 2.12390895904 1.50335083687 2.47495151935 3.92190761828 1.47538683693 3.71931096844 0.375354996365 0.626400653863 0.143483870084 0.117634267759
-9999.0 -9999.0 -9999.0 -9999.0 -9999.0 -9999.0 -9999.0 -9999.0 -9999.0 -9999.0 -9999.0 -9999.0 0.99045930744 1.96791240708 0.919244236284 1.83522953787 0.810850781499 6.20809114182 7.75175123657 8.53732326435 0.727191968933 1.42214159268 13.70184056 17.1101757125 17.7569856719 1.33514367641 1.1596768864 1.69413937788 0.392860968188 0.363197807779 0.691050053681 0.31265945472 21.2780169015 21.6506518171 21.9164033583 168.240125712 340.83391444 338.43420033 0.549625696336 0.253191520531 0.232409688452 0.983559777184 0.761820385439 1.87092461039 2.60223032415 5.20792376888 0.480122846233 0.477942427865 4.34824983256 4.78997189277 9.3003779061 9.5671135559 10.3444190491 10.616519459 0.240968908768
-9999.0 -9999.0 -9999.0 -9999.0 -9999.0 -9999.0 -9999.0 -9999.0 -9999.0 -9999.0 -9999.0 -9999.0 -9999.0 0.959342195479 1.90112057306 2.84518735 4.52993680581 0.868213101741 0.791949701515 5.48990807849 6.22362237143 12.3455463356 13.0938749352 2.13049134104 0.69915278722 0.647919466158 0.578410102147 19.0701264873 19.5063318528 19.9258611377 20.2786579352 20.9348040308 3.85617742408 4.14059317744 26.3022725847 535.613954719 1.97718674316 1.55950636003 0.822656584501 0.21975300234 0.198908668573 1.44062893352 1.60737822203 2.27355671166 0.20330724775 5.46757268882 0.823498549242 0.811183048296 0.187294243055 0.134031148278 0.120876064985 0.115718037613 0.125479610587 10.8025256465 145.727013755
-9999.0 -9999.0 -9999.0 -9999.0 -9999.0 -9999.0 -9999.0 -9999.0 -9999.0 -9999.0 -9999.0 -9999.0 -9999.0 -9999.0 0.910530252461 1.69889146033 2.41088365588 3.12679246103 3.91295969412 4.72035639513 2.36209199293 3.94123872857 0.738453902833 0.710208525847 15.8926842393 17.259185611 17.8915940404 18.5635874623 0.509592513888 0.933646930651 2.54803262514 3.04413019977 3.48215632874 0.341582658328 0.261406058985 536.624167398 0.404839051846 0.441077160777 0.212012980886 0.945918108837 0.463996815914 0.205283739095 4.09160877732 4.25959203708 0.135823111773 5.61534070658 6.57306021136 0.981170660401 151.793290592 151.479546456 151.201036988 150.64191906 150.419328294 146.764448412 146.580580535
-9999.0 -9999.0 -9999.0 -9999.0 -9999.0 -9999.0 -9999.0 -9999.0 -9999.0 -9999.0 -9999.0 -9999.0 -9999.0 -9999.0 0.206802418606 0.461467121586 0.714975716572 6.86204559042 7.67474053468 0.822113536708 0.798517635588 0.795903935109 13.0111853024 14.5336573926 0.734549577408 0.742988811231 0.624015388488 2.59140057703 3.23048949334 1.5834542213 2.10717736283 14.9599496645 15.4695300667 16.2337633641 25.9423806989 562.832425772 0.380297638242 0.178252599204 1.4583099145 1.20939536158 0.186642204431 0.58162487366 0.751495789568 4.44632882716 4.60259536431 11.6111751884 6.73560616595 1.18516730465 155.133956161 1.38864581745 150.942438384 150.79953828 3.43201581959 0.244747133915 0.678112527221
-9999.0 -9999.0 -9999.0 -9999.0 -9999.0 -9999.0 -9999.0 -9999.0 -9999.0 -9999.0 -9999.0 -9999.0 -9999.0 -9999.0 1.02564275639 1.69527936371 3.47261477197 6.08397049564 8.34841387012 9.9382218375 10.7238139717 11.5248382227 12.2976067274 0.74942084211 0.688279607139 1.35926604562 1.28723363197 0.673674781344 12.837892943 13.4645314477 14.0518818601 14.6252390445 8.53255197833 8.9505870421 9.41308988428 563.056902912 0.665844088723 0.421642728877 2.07227051675 0.256982864072 0.339436647776 0.178017790517 0.157185015223 0.907903137676 0.126674012171 0.135375514587 167.498842478 155.77941456 155.637737377 0.54289535985 1.24949907098 0.810972069243 0.195895164248 3.03075899242 0.878163061196
-9999.0 -9999.0 -9999.0 -9999.0 -9999.0 -9999.0 -9999.0 -9999.0 -9999.0 -9999.0 -9999.0 -9999.0 -9999.0 -9999.0 0.707993100994 0.670730773062 1.31624217059 1.98392282533 0.827608278565 0.915725576061 1.75270045712 2.57773719314 4.14711631741 4.91616089456 5.59441829147 7.6562976571 8.29885222435 9.00166905929 0.640752809667 6.43263782582 7.0101735016 7.56607261858 0.478301011203 0.364459658367 0.644771643922 573.334008109 573.551515672 574.610339841 2.82267462047 0.540146251307 0.571919293916 0.147451118632 0.280158022804 1.0364911176 1.27511637817 0.246767837393 168.113893703 0.194667891429 0.293711906292 0.323379805336 0.247081336127 0.463208917325 0.193818874009 1.95959018541 1.54284914661
-9999.0 -9999.0 -9999.0 -9999.0 -9999.0 -9999.0 -9999.0 -9999.0 -9999.0 -9999.0 -9999.0 -9999.0 -9999.0 -9999.0 -9999.0 0.641743582524 1.25977399137 0.602302654985 1.24108414504 7.7826716812 8.50987447515 9.3044125211 0.77850879776 0.777364411816 1.45610716237 2.1625012574 3.43547241295 4.09656280499 4.54282364622 5.16379861781 0.544938427759 0.521989823781 8.57580523527 8.90978550279 9.16486979822 9.40173154437 8.14920504733 583.774458967 588.052963019 588.292778465 589.085730111 589.992858412 590.41151307 0.120377068377 1.38660349697 168.235272761 0.27752048299 0.142429385153 0.156712644065 0.149348244366 0.259311845248 0.249037537525 0.145517187929 0.217340438651 0.209370653084
-9999.0 -9999.0 -9999.0 -9999.0 -9999.0 -9999.0 -9999.0 -9999.0 -9999.0 -9999.0 -9999.0 -9999.0 -9999.0 -9999.0 -9999.0 -9999.0 1.8719537166 2.51491588077 4.43315991127 5.86647493756 0.758925714247 10.9355997145 11.7021076623 12.4336425398 0.71108480834 1.40380196698 0.629276156122 4.75756190506 5.18456782774 5.78838355911 6.37027535713 7.89397481117 8.16421012397 0.179232638511 7.23518882559 7.70705748296 7.92567098187 8.93860049561 1.23241246826 0.76064187414 0.462053923771 0.454446738665 590.882712827 591.070561187 593.465232126 168.351742458 0.777893277288 0.400304337315 0.265327493687 0.0864318156807 0.781159989432 0.411912266598 0.128386623721 0.710741709469 0.602434086278
-9999.0 -9999.0 -9999.0 -9999.0 -9999.0 -9999.0 -9999.0 -9999.0 -9999.0 -9999.0 -9999.0 -9999.0 -9999.0 -9999.0 -9999.0 -9999.0 0.655983427183 3.15773885847 3.82854403536 0.791409543802 0.831274922905 1.69167702707 2.48435173526 15.6578632679 0.709404285456 2.84584467221 3.49346254252 4.13864053422 0.444074161846 1.02072717531 1.43019819082 5.70288096 6.41639298801 6.60212085745 0.223863534993 0.243041763213 0.30912074065 0.566177780842 0.254287409752 0.275606834734 0.403912057537 0.388447710434 0.401893493873 0.872177081026 593.678698993 762.538175459 0.958839989079 0.221201578686 0.0853057926364 2.43566484128 2.24497195761 1.33000041625 1.19411054131 0.893784900436 0.210231752977
-9999.0 -9999.0 -9999.0 -9999.0 -9999.0 -9999.0 -9999.0 -9999.0 -9999.0 -9999.0 -9999.0 -9999.0 -9999.0 -9999.0 -9999.0 0.56427145317 1.82123268599 0.600899260136 0.861063694283 0.90406795712 1.75111472113 2.58904426367 3.30277207149 19.5720244458 20.2639895478 0.709850833678 1.36569507903 2.02606690058 2.57728324142 3.16694963774 5.06322231886 5.46880627355 0.45915278886 0.386071552171 0.373701248901 0.390548375067 0.418062567413 0.441152260038 0.400761206911 0.536584225699 1.37057537501 0.64684992868 0.192307749153 0.1866908343 0.174821276184 0.327167044275 770.074939626 6.3193883207 2.91540162232 0.262790857703 0.119937168028 0.0928261743629 0.321116461354 0.219279531497 0.112549000003
-9999.0 -9999.0 -9999.0 -9999.0 -9999.0 -9999.0 -9999.0 -9999.0 -9999.0 -9999.0 -9999.0 -9999.0 -9999.0 -9999.0 0.599380035425 1.14609077212 4.1280091393 0.583999384474 1.61686579761 2.50069891549 3.33122432487 0.850440745593 1.60454045965 2.27917202407 23.1228044262 0.676992018618 1.29970372572 1.9416076859 0.619397969203 1.23131212215 1.67875686706 2.07333847721 44.4683989436 45.1636667727 45.8103748515 48.328071962 49.5927262481 51.7947537227 0.56740699997 1.37214582711 1.67040605632 58.1640560246 58.517976474 0.172056750572 0.299850781041 0.422414407068 770.273707113 5.86805389872 2.62164767145 2.48097962906 2.10157692334 1.89770159921 0.424447392663 0.103289831993 0.196298740293
-9999.0 -9999.0 -9999.0 -9999.0 -9999.0 -9999.0 -9999.0 -9999.0 -9999.0 -9999.0 -9999.0 -9999.0 -9999.0 -9999.0 0.613737506065 1.84748169561 6.5812388212 9.74948862064 0.52982597458 12.8350197152 16.7818098814 0.810896941071 1.56472242978 2.26318596682 29.6263019099 30.2073501316 0.552013336247 3.06895563636 3.6215088944 4.15130895078 40.0868376479 41.34088395 42.0207614227 0.318846396129 1.81713519815 2.15914047508 0.948718634075 1.35508952294 53.7206633629 55.6955624182 56.0155943053 56.3166296457 58.8685392083 0.170655206323 0.148552463529 0.691999824963 770.453764592 0.186893590972 0.0872973506724 0.25965592509 0.0946520736949 1.69645852441 1.42080219327 0.842292249027 0.597493017806
-9999.0 -9999.0 -9999.0 -9999.0 -9999.0 -9999.0 -9999.0 -9999.0 -9999.0 -9999.0 -9999.0 -9999.0 -9999.0 -9999.0 -9999.0 -9999.0 1.29468148504 2.60520610784 11.57847471 12.2360337182 17.360583827 17.9852832514 0.795554109137 1.58941508168 3.70904060405 30.7631656299 31.9113852024 32.3769281 0.393581509217 34.1711809341 35.4585677071 0.798547706929 0.323223583736 0.628516833858 1.2290945634 0.29646515411 0.596463564061 1.32461062849 1.65548633076 0.323152286908 0.219102309986 0.431909156914 60.5599898276 61.1436537663 61.2720215024 62.3205998143 770.613528489 0.132188767378 0.0636048616053 0.074440081558 0.0707007288521 0.0724129599978 0.0630787853868 0.118382515477 0.090758074318
-9999.0 -9999.0 -9999.0 -9999.0 -9999.0 -9999.0 -9999.0 -9999.0 -9999.0 -9999.0 -9999.0 -9999.0 -9999.0 -9999.0 -9999.0 -9999.0 0.678769800642 0.663383380736 0.655481934245 1.32607868997 0.588803032106 19.1541200756 19.7351583992 0.720378026112 1.45428818465 0.710374276691 0.580762402011 0.560824736495 33.3992937022 0.433131214837 0.8770205808 0.420799220868 0.340004506897 0.305270353 0.244961598083 0.254346049882 0.774858948197 1.05940202331 0.212447452227 0.192713213766 0.410434344864 0.675820881343 0.942334625929 0.295745142639 61.4834584172 62.454228043 770.737130962 0.473432162975 0.210862502143 0.0462776328114 0.107279598243 0.0374531369785 0.0286283653914 0.149879582361 0.444302479105
-9999.0 -9999.0 -9999.0 -9999.0 -9999.0 -9999.0 -9999.0 -9999.0 -9999.0 -9999.0 -9999.0 -9999.0 -9999.0 -9999.0 -9999.0 -9999.0 -9999.0 -9999.0 0.658232414202 1.92799968495 2.46232939315 3.03262426372 20.2925709097 20.8456860188 21.4082790002 22.0395163584 22.5825782469 23.7110017585 24.1257612326 24.5346467107 24.8828735714 0.298864893874 0.283312697504 0.297559514953 1.06324489401 0.281095895353 0.267676542012 0.214628282622 0.627479247242 0.2502901153 0.194076232409 0.180577212883 0.161498214409 0.322300395714 0.454797831901 63.3634196459 834.70230632 0.126611286209 0.254320214177 0.0391146637637 0.14733239605 0.0819898006325 0.0576200944939 0.942486457092 0.729177509479
-9999.0 -9999.0 -9999.0 -9999.0 -9999.0 -9999.0 -9999.0 -9999.0 -9999.0 -9999.0 -9999.0 -9999.0 -9999.0 -9999.0 -9999.0 -9999.0 -9999.0 -9999.0 -9999.0 0.550830962273 4.38399072183 8.61710348217 9.22253461954 0.754946749099 1.48658880644 2.23051631277 2.87638242822 7.03515063145 7.3663886235 0.317736361698 0.317068969805 25.4974666847 26.0566913841 26.3211665917 1.27487053708 0.195554041394 0.481645814165 0.705596923418 2.09133480385 2.56680560387 2.94203030901 0.345194952812 0.478798137821 0.159052165992 0.310772154645 0.157500677591 834.999791959 0.116270529549 0.47579728242 0.158754934621 0.375384590881 0.919079738981 1.03760462864 2.0431446969 0.854011347772
-9999.0 -9999.0 -9999.0 -9999.0 -9999.0 -9999.0 -9999.0 -9999.0 -9999.0 -9999.0 -9999.0 -9999.0 -9999.0 -9999.0 -9999.0 -9999.0 -9999.0 -9999.0 0.615886577913 1.9604133784 3.84084487906 5.02076292634 12.8560959564 13.531441491 1.54354446013 2.2965200036 2.96703673007 3.61789297449 7.75446292264 8.42137560334 15.387606679 16.032565248 16.3567294108 26.5880657459 28.5682235062 0.470394928567 0.305714094006 0.292188847089 0.558425135782 0.255100484932 3.42926653982 3.61004559123 0.628659512555 0.863962772743 0.191907613042 182.243372375 182.558777997 1017.75114703 1018.40226864 0.117247157631 0.624815158713 0.145121514361 0.121847265657 2.26816371492 3.20489490697
-9999.0 -9999.0 -9999.0 -9999.0 -9999.0 -9999.0 -9999.0 -9999.0 -9999.0 -9999.0 -9999.0 -9999.0 -9999.0 -9999.0 -9999.0 -9999.0 -9999.0 -9999.0 -9999.0 0.700344293233 0.682940146073 1.29153988187 3.07801145606 14.104118093 0.79183902607 0.782678928605 1.44518983712 2.12779486516 5.31277065829 5.83650456592 0.437035536742 0.410097176913 16.7444738481 17.0371688453 45.9250404144 46.2210484553 0.178119721051 0.158530111654 0.133128490973 0.134383709504 0.139340833139 178.708331211 179.78425309 180.904069837 181.329679823 182.028555322 0.170502309114 0.624813362692 0.756488298735 1019.44790906 1019.54805935 1019.75748315 1019.99055605 1020.17778666 3.36694181234
-9999.0 -9999.0 -9999.0 -9999.0 -9999.0 -9999.0 -9999.0 -9999.0 -9999.0 -9999.0 -9999.0 -9999.0 -9999.0 -9999.0 -9999.0 -9999.0 -9999.0 -9999.0 -9999.0 -9999.0 0.626685923869 0.655681614619 1.22296793039 16.497863241 17.1073793539 0.770943346963 1.42949302903 2.12262826149 2.70946560617 0.535937203831 0.995911755167 39.3265908419 39.6461988053 40.0333209827 42.6274392035 89.206164779 171.811897522 172.230705872 172.609601187 172.973203885 174.447154486 174.917290237 0.865762626953 0.394544362937 0.227517597633 0.428971044901 0.308738647883 0.491087819343 0.151805231883 3.49227256753 3.81366794712 4.08414598794 4.14405170868 1020.28267769 1023.8378723
-9999.0 -9999.0 -9999.0 -9999.0 -9999.0 -9999.0 -9999.0 -9999.0 -9999.0 -9999.0 -9999.0 -9999.0 -9999.0 -9999.0 -9999.0 -9999.0 -9999.0 -9999.0 -9999.0 -9999.0 -9999.0 0.639065651939 1.23103173032 1.82552483512 17.6094589497 0.615507491774 24.1228455686 24.838611902 25.3983508829 25.8940065068 37.4112662146 37.889988515 0.358917683621 1.86097224729 2.25605171607 0.33543741208 82.1876336114 81.5793810308 0.196729324973 0.444405317225 1.15663906686 0.249720011848 0.255296342528 0.198170899689 0.163209606593 0.127531791711 0.144332302771 3.02287805194 3.17008200048 3.34676412406 0.205704952053 0.175086438354 4.25350273016 4.33630623921 4.37785343126
-9999.0 -9999.0 -9999.0 -9999.0 -9999.0 -9999.0 -9999.0 -9999.0 -9999.0 -9999.0 -9999.0 -9999.0 -9999.0 -9999.0 -9999.0 -9999.0 -9999.0 -9999.0 -9999.0 -9999.0 -9999.0 0.583792941459 0.552704130673 2.86215253816 21.6384504957 22.83199688 23.4623738662 0.705165293601 10.2023824623 10.7427432105 11.0316009331 0.464337622805 0.835263977509 1.16458066422 19.4009481506 19.6607095883 19.8887919435 81.1549241655 48.3294699528 0.243066945227 0.241683530196 0.23279771465 0.178636689945 1.83148092526 2.19954143006 2.52296174161 2.69804584803 2.86674495365 20.2816475217 20.4018897633 20.5900081833 21.0568656763 22.6444373028 22.7020903823 27.1400385627
-9999.0 -9999.0 -9999.0 -9999.0 -9999.0 -9999.0 -9999.0 -9999.0 -9999.0 -9999.0 -9999.0 -9999.0 -9999.0 -9999.0 -9999.0 -9999.0 -9999.0 -9999.0 -9999.0 -9999.0 -9999.0 -9999.0 1.14872682969 1.7572614338 0.632871621231 0.791411560013 7.63695006231 8.37625747586 8.92967419672 3.9564417774 4.44024757511 4.9429666495 5.29759561396 18.826466124 19.1694136507 12.1643790957 32.3322269974 32.5946000197 48.1227752325 0.482500224097 0.238557916865 0.171972533788 1.26440185993 1.47637572663 0.129482618819 0.12111026595 19.7273189298 20.0229595093 20.1670875584 0.221818296727 0.329629084262 22.3836310942 0.157821845846 0.425160216693 0.467552748755
-9999.0 -9999.0 -9999.0 -9999.0 -9999.0 -9999.0 -9999.0 -9999.0 -9999.0 -9999.0 -9999.0 -9999.0 -9999.0 -9999.0 -9999.0 -9999.0 -9999.0 -9999.0 -9999.0 -9999.0 -9999.0 -9999.0 0.579246335872 1.14649780015 4.81102519378 5.45304870047 6.13299828609 2.88580537554 3.4820554837 0.490835131498 12.3185604964 12.7675370354 13.1925416882 0.368658756299 11.5226667205 11.8768478178 0.268327695803 46.8484602502 0.5491913215 0.271919668533 0.680812838107 0.920148937924 0.176176265185 0.143967159133 18.2621450172 19.4575418717 19.6330135355 0.178714940638 0.374080957027 0.478741424239 0.587179407196 1.17039924251 0.154257264939 0.349381280902 0.0694001753731
