data/baseflow/History/mHMbfrc542
ncols                  80
nrows                 72
xllcorner      4374000.0
yllcorner      5656000.0
cellsize            500
NODATA_value       -9999
[rows 0 to 23 of 72, columns 0 to 54 of 80]
-9999.0 -9999.0 -9999.0 -9999.0 -9999.0 -9999.0 -9999.0 -9999.0 -9999.0 -9999.0 -9999.0 -9999.0 1.60560713015 1.11046190277 -9999.0 -9999.0 -9999.0 -9999.0 -9999.0 -9999.0 -9999.0 -9999.0 -9999.0 -9999.0 -9999.0 -9999.0 -9999.0 -9999.0 -9999.0 -9999.0 -9999.0 -9999.0 -9999.0 -9999.0 -9999.0 -9999.0 -9999.0 -9999.0 -9999.0 -9999.0 -9999.0 -9999.0 -9999.0 -9999.0 -9999.0 -9999.0 -9999.0 -9999.0 -9999.0 -9999.0 -9999.0 -9999.0 -9999.0 -9999.0 -9999.0
-9999.0 -9999.0 -9999.0 -9999.0 -9999.0 -9999.0 -9999.0 -9999.0 -9999.0 -9999.0 -9999.0 -9999.0 3.31116950858 6.67022418688 0.954848613229 -9999.0 0.738424218931 -9999.0 -9999.0 -9999.0 -9999.0 -9999.0 -9999.0 -9999.0 -9999.0 -9999.0 -9999.0 -9999.0 -9999.0 -9999.0 -9999.0 -9999.0 -9999.0 -9999.0 -9999.0 -9999.0 -9999.0 -9999.0 -9999.0 -9999.0 -9999.0 -9999.0 -9999.0 -9999.0 -9999.0 -9999.0 -9999.0 -9999.0 -9999.0 -9999.0 -9999.0 -9999.0 -9999.0 -9999.0 -9999.0
-9999.0 -9999.0 -9999.0 -9999.0 -9999.0 -9999.0 -9999.0 -9999.0 -9999.0 -9999.0 1.68883617538 1.6417305245 1.68339011211 1.61697927974 9.80085512688 10.8829194522 2.06439898971 0.651846752657 -9999.0 -9999.0 -9999.0 -9999.0 -9999.0 -9999.0 -9999.0 -9999.0 -9999.0 -9999.0 -9999.0 -9999.0 -9999.0 -9999.0 -9999.0 -9999.0 -9999.0 -9999.0 -9999.0 -9999.0 -9999.0 -9999.0 -9999.0 -9999.0 -9999.0 -9999.0 -9999.0 -9999.0 -9999.0 -9999.0 -9999.0 -9999.0 -9999.0 -9999.0 -9999.0 -9999.0 -9999.0
-9999.0 -9999.0 -9999.0 -9999.0 -9999.0 -9999.0 -9999.0 -9999.0 -9999.0 1.65449549091 3.32148602786 6.58601206819 3.26345576856 1.59522603662 3.14000638907 12.4256101489 16.1636445423 0.779534711442 -9999.0 1.65413442097 -9999.0 -9999.0 -9999.0 -9999.0 1.42270432548 0.712981170686 -9999.0 -9999.0 -9999.0 -9999.0 -9999.0 -9999.0 -9999.0 -9999.0 -9999.0 -9999.0 -9999.0 -9999.0 -9999.0 -9999.0 -9999.0 -9999.0 -9999.0 -9999.0 -9999.0 -9999.0 -9999.0 -9999.0 -9999.0 -9999.0 -9999.0 -9999.0 -9999.0 -9999.0 -9999.0
-9999.0 -9999.0 -9999.0 -9999.0 -9999.0 -9999.0 -9999.0 -9999.0 1.7577469105 5.10343548813 6.70234048761 8.30213471311 11.3934697721 1.52626801776 6.1533248484 7.66582227139 26.1174628165 1.30411287781 1.51094281944 3.17519652321 4.64340012309 1.50823974731 -9999.0 3.86244143536 3.15426957859 0.908858504593 -9999.0 -9999.0 -9999.0 -9999.0 -9999.0 -9999.0 -9999.0 -9999.0 -9999.0 -9999.0 -9999.0 -9999.0 -9999.0 -9999.0 -9999.0 -9999.0 -9999.0 -9999.0 -9999.0 -9999.0 -9999.0 -9999.0 -9999.0 -9999.0 -9999.0 -9999.0 -9999.0 -9999.0 -9999.0
-9999.0 -9999.0 -9999.0 -9999.0 -9999.0 -9999.0 1.78282851336 1.66159022074 1.64442170168 1.65382808537 1.6506738879 11.5931042695 24.5635922867 26.1361565588 27.6242462151 1.49475883459 28.9856839083 30.4388425878 3.02651107562 1.48185543868 6.08612063122 10.5327617894 1.39853907242 8.04877677064 1.57927362816 1.48063122296 1.63314718977 -9999.0 -9999.0 -9999.0 -9999.0 -9999.0 -9999.0 -9999.0 -9999.0 -9999.0 -9999.0 -9999.0 -9999.0 -9999.0 -9999.0 -9999.0 -9999.0 -9999.0 -9999.0 -9999.0 -9999.0 -9999.0 -9999.0 -9999.0 -9999.0 -9999.0 -9999.0 -9999.0 -9999.0
-9999.0 -9999.0 -9999.0 -9999.0 -9999.0 -9999.0 3.54268637548 5.22405139775 11.8362360967 16.7065161501 1.54524953458 1.56754362762 1.50960374665 4.4966115808 33.5546781193 1.40970859526 31.868356129 37.6145665469 4.51536888478 2.88099394602 11.9352485574 1.47014587171 9.5185760725 2.98144965137 1.51402346359 2.97219271835 3.21409595398 1.59562660975 1.5932774379 1.58419010693 1.60399203783 3.22723055736 -9999.0 -9999.0 -9999.0 -9999.0 -9999.0 -9999.0 -9999.0 -9999.0 -9999.0 -9999.0 -9999.0 -9999.0 -9999.0 -9999.0 -9999.0 -9999.0 -9999.0 -9999.0 -9999.0 -9999.0 -9999.0 -9999.0 -9999.0
-9999.0 -9999.0 -9999.0 -9999.0 -9999.0 1.79768822137 3.5334927711 1.71113035945 3.36152001951 18.3716450252 21.5360395883 24.6709880449 76.2251943309 1.49685156659 35.0342773684 122.381389994 123.472015968 162.970730273 1.21044134698 4.29984614957 13.3496406555 1.41055712534 26.0405900791 15.0832502094 9.20275428518 7.70714530837 1.56634099925 4.75111903247 4.68838988499 3.13733290655 1.54274990601 4.80721398859 1.54871923254 1.54744634384 -9999.0 -9999.0 -9999.0 -9999.0 -9999.0 -9999.0 -9999.0 -9999.0 -9999.0 -9999.0 -9999.0 -9999.0 -9999.0 -9999.0 -9999.0 -9999.0 -9999.0 -9999.0 -9999.0 -9999.0 -9999.0
-9999.0 -9999.0 -9999.0 -9999.0 -9999.0 1.79774800681 5.2700682187 10.5134973817 12.1589590108 24.0647807198 25.6538804422 30.5366147843 50.0732873566 80.3518856195 83.2423329616 84.5839948805 2.6591845988 167.73093724 170.220308944 177.273009706 222.313671448 30.2972402894 27.4910523564 10.6546999593 1.44022271659 9.2008972631 6.2336373956 1.46004065338 6.13409964221 1.40654780852 2.9621532983 7.840545912 9.32837484153 3.03764787345 1.49445230643 1.50593047407 -9999.0 -9999.0 -9999.0 -9999.0 0.791852553343 0.675454680389 -9999.0 -9999.0 -9999.0 -9999.0 -9999.0 -9999.0 -9999.0 -9999.0 -9999.0 -9999.0 -9999.0 -9999.0 -9999.0
-9999.0 -9999.0 -9999.0 -9999.0 -9999.0 1.7737850125 1.7172985207 6.94545699046 8.59453849614 10.2804232334 1.6466014989 3.27994723935 18.385833135 3.28805677608 1.5806687622 1.53227513831 1.42165040686 1.57958327416 1.55799471478 1.48522650406 223.730373943 227.925280271 1.39908618599 4.26843493391 2.87633105288 10.6224340018 2.91590818497 1.43180401944 7.61331096443 2.78924419316 6.73678879954 16.5422054631 15.3136269009 4.51946253897 4.506591472 1.50135236205 1.50699301672 -9999.0 -9999.0 1.5156208236 1.85345824916 3.93266491954 0.706706839248 -9999.0 -9999.0 -9999.0 -9999.0 -9999.0 -9999.0 -9999.0 -9999.0 -9999.0 -9999.0 -9999.0 -9999.0
-9999.0 -9999.0 -9999.0 -9999.0 -9999.0 -9999.0 1.78025140864 1.76210894822 3.48382916278 5.18577597287 11.8458738974 15.1666645051 16.8443938079 1.74707226861 1.49370757386 19.1031021023 23.6147038343 25.0879571182 31.0180007935 32.4578994557 1.42442836947 229.328289932 236.408821653 5.69871991821 1.41912481087 12.0129068186 26.7209085332 10.4342891321 2.76749893833 1.37973713483 25.9537390167 17.9262344673 1.37709053014 1.37635374925 5.89754332837 4.42219680093 1.44462210305 1.45132710682 1.46958050477 2.96546910733 1.43978492323 4.77908561967 6.20024596539 1.38953519549 -9999.0 -9999.0 -9999.0 -9999.0 1.51254693873 1.46911682492 0.422078223942 -9999.0 -9999.0 -9999.0 -9999.0
-9999.0 -9999.0 -9999.0 -9999.0 -9999.0 -9999.0 -9999.0 1.79558321378 1.66065794073 3.35070604011 5.02865699837 1.67913018217 1.66585492355 9.82146409922 12.9722362115 16.1317272341 1.51457548504 3.01884054449 1.47760435763 33.8833309263 73.4856834715 74.2673537686 313.118165123 1.41215516158 4.21360977736 1.37750108356 28.0828209094 1.36524978878 4.16232950099 1.3684499909 27.321429374 28.6768985475 2.74821147672 2.73162898761 14.6101578733 7.29687721121 2.88152904541 1.45396389946 2.94702571716 4.42402115722 7.27312908082 1.42214321791 9.03355576867 10.4390019742 1.31850303313 1.37579064451 1.41376298985 1.33910799118 1.28993630609 4.34731968087 1.70186662835 1.10211007 -9999.0 -9999.0 -9999.0
-9999.0 -9999.0 -9999.0 -9999.0 -9999.0 -9999.0 -9999.0 -9999.0 3.42838738498 5.07692722009 1.66073188978 3.33153382898 4.93357141358 8.24918427802 1.61797299464 1.59948264027 1.48720234361 1.51132372992 1.44583275284 36.733584981 1.48038368071 2.93743058675 316.961315717 320.075044409 1.76251546067 7.71389356112 37.1847978827 2.68629665707 5.44240297258 2.63174166077 3.89316014085 33.9790298181 4.03359744452 21.313243152 17.3000597585 1.36238125924 7.07104680943 2.83307644965 4.32675537995 1.38034545339 8.65784480425 11.4745228118 12.7403479578 13.966763055 15.4621407785 2.52668793521 2.61684748017 2.48965014899 2.3820681636 5.54802261994 1.19435479941 4.01482761533 5.12540330169 -9999.0 -9999.0
-9999.0 -9999.0 -9999.0 -9999.0 -9999.0 -9999.0 -9999.0 -9999.0 1.71770284224 8.46652245658 10.1077929495 1.64929563465 3.2609748189 1.61406680628 1.56799701807 1.54168203607 18.840516221 25.1534801604 30.7411397035 35.9215080648 1.29099171639 1.4688112973 1.75116840025 326.612234228 329.714899368 331.282919368 49.8639590271 10.8950073989 9.45952984239 1.2807239374 5.15895781368 40.4067071287 1.28147483912 22.5970333176 1.3287884023 9.13384090996 8.47208601893 1.36802929305 5.6923139734 2.74442778581 4.09512997631 1.39611124109 1.22520269932 15.183860271 16.3298914896 16.6060938225 3.81463424346 3.65379101989 3.52271302916 6.78179590873 9.1759520522 1.1925337898 6.25580276352 1.17531673913 2.26085190597
-9999.0 -9999.0 -9999.0 -9999.0 -9999.0 -9999.0 -9999.0 -9999.0 -9999.0 1.69269999458 11.7560511788 13.3945657544 4.88083013269 8.10626486676 11.2312406619 12.7896605554 1.55992056353 4.82116404756 3.17362323655 1.55230268351 1.56077716234 1.48845726988 3.00853041607 5.33184975925 1.91921041981 384.571649878 386.301665022 1.62744390313 1.24880062461 2.53308194481 3.77205163336 44.1393455192 2.5039822772 23.7938831007 14.1331985446 11.5899509352 1.32963946739 2.68565649103 6.99726375635 1.29713485599 5.3783983779 2.66635548373 2.35168740233 1.23341963508 19.8506106448 37.4424855029 4.73036609522 4.58860610414 4.57612454503 1.05583481623 10.2151303795 1.02458662298 8.45169412221 1.06314056271 3.31752684394
-9999.0 -9999.0 -9999.0 -9999.0 -9999.0 -9999.0 -9999.0 -9999.0 -9999.0 -9999.0 1.6084169932 16.636430323 1.62088544174 3.23403035503 4.7724504315 7.91645385274 1.62053181284 3.28006988153 1.63176092849 1.6019021673 1.52966817714 3.03672447512 1.43865035681 1.67263556496 3.52828457774 1.95422421268 387.852172684 391.006324954 395.539886182 5.10947264828 1.25332268049 2.49728831176 45.3945554869 44.1330817568 16.7076035698 1.28404333726 5.31463649539 3.99998279468 8.30514459375 2.60223911556 10.6074466087 3.93961094026 3.57547501401 1.27185726968 1.2440972947 38.6464108239 39.7082875305 50.0104761185 7.84113712885 2.16780801014 11.3119877104 13.4067179709 22.8411649708 2.09570886035 0.997052599023
-9999.0 -9999.0 -9999.0 -9999.0 -9999.0 -9999.0 -9999.0 -9999.0 -9999.0 -9999.0 -9999.0 0.913449405613 18.710361054 1.62747270636 3.14162906239 14.1671603012 1.60662455361 1.60936798988 1.48871668242 3.10850052555 1.47134488306 5.97148825486 8.81436561582 10.1840138487 4.90555039022 6.41482145975 1.6724442418 1.86556959322 1.55472478548 403.213090829 407.18087153 46.5670309095 46.4565963084 45.300385449 2.42246548264 1.19271809169 6.55011877306 17.3407924833 9.55855495233 3.85554884809 15.6858173807 8.531372153 7.33221457265 2.52296695202 1.092730444 1.06289412106 1.00267722871 54.5216042799 65.5302846615 1.0393644515 0.955850056966 1.01048002782 23.8070636739 26.8470109534 1.86775520507
-9999.0 -9999.0 -9999.0 -9999.0 -9999.0 -9999.0 -9999.0 -9999.0 -9999.0 -9999.0 -9999.0 0.859864123911 20.7953232176 25.5262922035 1.51041218397 17.1832333931 1.52897310137 1.50530671342 2.94860435755 7.52188796223 1.46629334707 1.49819959655 1.39275782575 12.9852717995 14.3400781241 22.1274631017 25.2156361449 26.8285958484 28.4073347593 29.9160211091 438.500372497 488.130613329 537.393237243 538.425461231 1.24611186518 1.20009335016 19.8101645681 18.585293564 1.2352691409 1.23142419363 16.9328521433 26.6876349212 1.16290752025 14.9462155908 13.7467194683 4.83210199531 2.22888329072 3.48687492234 1.12341223798 67.5224801367 1.01238656274 2.96596282244 3.78353035111 33.7278780396 36.6178675852
-9999.0 -9999.0 -9999.0 -9999.0 -9999.0 -9999.0 -9999.0 -9999.0 -9999.0 -9999.0 -9999.0 1.65737600932 3.19995694976 27.0553837071 29.9919096786 1.47282669613 19.7235317563 1.39629583165 4.26722185202 8.90788141333 2.86068888568 1.39280329159 2.82470394601 1.31432708131 2.55723467009 1.25937008187 1.24283858797 1.24513667737 1.24104512806 1.31485276667 1.45361375047 1.7075126884 1.79303373544 1.68754888866 542.423066313 24.9507870112 22.2643547322 1.1683245348 3.60843135709 0.903299458488 0.810562860552 27.859805241 46.368681431 16.1700571456 11.4133662551 2.58776469587 1.20072983594 1.14163869313 2.1348457969 70.6542241378 72.5584406445 0.978695979951 0.981872309273 1.06408671087 1.07099579774
-9999.0 -9999.0 -9999.0 -9999.0 -9999.0 -9999.0 -9999.0 -9999.0 -9999.0 -9999.0 -9999.0 -9999.0 1.55161294452 19.4515116713 50.9448102036 55.4322848219 76.4719326252 77.4673242693 19.8122174952 14.5852843973 4.27606894794 1.38493674122 5.55482076598 6.87880282069 10.7011213253 2.54578996705 2.49255029257 2.50375651844 4.97993187851 2.54095692796 2.6689845318 1.23145710786 1.30137315868 1.41233511898 543.647948112 569.336208626 570.714261931 1.20404267452 10.1260907089 4.09786267618 1.20935607881 50.0297933822 2.51516465463 1.27998007278 5.32133985556 1.29603715808 1.190505295 2.24652977363 3.1408134854 4.08351903729 74.2708693715 0.825267207285 0.74588319761 0.746328620861 0.66045012455
-9999.0 -9999.0 -9999.0 -9999.0 -9999.0 -9999.0 -9999.0 -9999.0 -9999.0 -9999.0 -9999.0 1.61409341583 14.7771571624 17.931741378 2.994565868 0.947586047231 2.2557435259 81.1257726536 82.2086605173 102.964543318 1.29615544751 2.67402607224 1.24154685743 1.25768675753 11.9333151299 15.7101542544 19.4072792173 1.18303311326 6.16065777849 9.86574498725 6.17429763535 2.37412755262 2.41704359158 2.57111646468 2.55039441891 1.37276162479 571.733086451 572.672961998 584.797523486 2.1280769822 1.10723507237 50.7400329546 2.59558708809 1.31897550281 1.36888759276 1.35753482062 1.2859588109 2.54965687842 7.14617833917 12.2351269407 87.3232123009 0.66180195512 1.98593415383 1.33995078715 1.19961519696
-9999.0 -9999.0 -9999.0 -9999.0 -9999.0 -9999.0 -9999.0 -9999.0 -9999.0 -9999.0 -9999.0 1.64105682347 10.0162448113 1.59653003957 1.48736149964 7.39980215404 8.78203971267 10.2091555852 11.5754524704 139.048453048 140.245604934 142.790336064 161.023877365 164.968038127 167.476106219 168.732320559 191.62181577 195.150007053 196.337010221 207.43867537 214.815096142 215.955873028 220.676337465 3.6713250537 3.68823724545 1.27277733684 1.23537868291 573.710265057 589.012396013 3.20158438384 57.4214638768 56.4592345068 5.07059315736 1.25151344761 1.28405797028 1.26594256056 1.22780575297 2.47080110274 3.60093748566 1.12203109699 88.1144000252 88.931550598 92.9764827739 93.6725406553 95.5193700852
-9999.0 -9999.0 -9999.0 -9999.0 -9999.0 -9999.0 -9999.0 -9999.0 -9999.0 -9999.0 -9999.0 5.07909336331 6.72793409034 3.19657585983 4.73578855562 1.5275492168 17.3702220844 18.8423386856 21.7277628944 23.1417488295 9.76112404503 154.548728183 155.785053603 1.42056309645 1.26775734394 1.30713557564 2.62415895347 1.38647762149 1.27743328879 1.23794266191 1.18295042571 217.168321174 221.854358625 226.478008551 231.031365913 235.529310538 2.27734116633 0.85494181125 649.247330455 59.2971334441 58.4009711704 1.11482120192 1.10470532493 1.05367695242 2.36455559012 2.35172537621 1.09915258117 1.10558671967 1.01016235964 2.11763822926 2.88512181343 0.692698701651 1.29689588875 0.505709436418 0.531381837844
-9999.0 -9999.0 -9999.0 -9999.0 -9999.0 -9999.0 -9999.0 -9999.0 -9999.0 -9999.0 -9999.0 -9999.0 3.4235971454 1.62387129492 1.55387836283 14.4428322869 15.9413965015 1.49094550128 5.86312241918 7.25419276175 8.62596062867 1.42972196341 1.33034354621 24.8393416385 26.0285227074 27.2276950426 69.400501648 70.5746186597 73.014408258 82.5186686011 89.4280690725 90.6057677098 1.13253696824 1.15809524112 0.995773487446 236.946631489 0.76926244501 660.086679804 658.765935576 8.62154610402 7.56808749249 4.39053519989 1.11441276678 2.108144732 3.4406314985 3.43130783236 2.15569847708 1.07259179376 2.07686873647 2.01335101651 3.78826837551 0.648569943934 2.0439764516 3.22606315673 4.33353578078
