data/baseflow/History/mHMbfrc299
ncols                  80
nrows                 72
xllcorner      4374000.0
yllcorner      5656000.0
cellsize            500
NODATA_value       -9999
[rows 24 to 47 of 72, columns 0 to 53 of 80]
-9999.0 -9999.0 -9999.0 -9999.0 -9999.0 -9999.0 -9999.0 -9999.0 -9999.0 -9999.0 -9999.0 -9999.0 0.870798726969 2.33978837476 3.04358976907 5.14614162996 0.579727977686 1.18767506067 1.74971851662 7.0089659614 7.50528232158 7.99475002761 8.41390904917 8.88899553938 13.7455283896 15.0818599062 15.8602915258 0.35549068973 1.76236751306 2.13182737004 30.1917277151 31.4953425096 32.1794367532 32.8983423503 33.3689151807 120.533686071 0.12010726798 226.752722982 0.369392799337 0.192075336253 1.83249104905 1.55448985605 0.247539991753 0.798827320674 1.20873933217 1.17250386739 0.814661076918 1.33717872899 2.12184537954 0.828539879124 2.09252265354 0.205260901164 0.385672835318 0.074122839357
-9999.0 -9999.0 -9999.0 -9999.0 -9999.0 -9999.0 -9999.0 -9999.0 -9999.0 -9999.0 -9999.0 -9999.0 0.788860607796 1.55765488997 0.722671029845 1.42916725731 0.588860926936 4.76235043974 5.88872742116 6.47402994155 0.535188934545 1.04759698013 10.4214583273 12.9367991389 13.3729466782 0.92204910492 0.790721665168 1.16165098268 0.306709368951 0.267398843734 0.498632252097 0.187049160387 16.2835492777 16.481386497 16.5822918676 120.756981052 228.108477218 226.897024164 0.287381746258 0.155466050951 0.139081185081 0.558174368128 0.440428277176 1.04922863628 1.45293879655 2.89733196456 0.272044240118 0.26948601971 2.36222673263 2.61623404791 5.16139251991 5.30158419421 5.76495731081 5.90072164628
-9999.0 -9999.0 -9999.0 -9999.0 -9999.0 -9999.0 -9999.0 -9999.0 -9999.0 -9999.0 -9999.0 -9999.0 -9999.0 0.732707289688 1.47767486342 2.23455155539 3.5015630785 0.667792414547 0.585307735074 4.2859468026 4.82025058528 9.38383126027 9.97297687783 1.62783685261 0.496854474558 0.423852944123 0.381418675975 14.8404142972 15.115291172 15.4215577946 15.6784171045 16.0919201446 2.53262670297 2.66430596648 19.3422440502 368.315073704 0.994351315605 0.78231889313 0.432747604579 0.115108801428 0.107068066886 0.823667124545 0.904036608949 1.2682963729 0.112981582637 3.04266000882 0.468982584582 0.460377048664 0.107592164781 0.0676895931486 0.0585750279667 0.0482211672104 0.0642180759153 5.99486075387
-9999.0 -9999.0 -9999.0 -9999.0 -9999.0 -9999.0 -9999.0 -9999.0 -9999.0 -9999.0 -9999.0 -9999.0 -9999.0 -9999.0 0.695712459933 1.35136753953 1.94199207272 2.53096617058 3.11779401485 3.73221621353 1.74333513572 2.94539606296 0.56425163167 0.515905680275 12.6653609293 13.629670141 14.0627822145 14.5275978466 0.325877811146 0.581709742369 1.66982593498 2.01596395539 2.31614758983 0.179165245849 0.122628091087 368.801671258 0.201481490824 0.227019669258 0.111047126816 0.465208269151 0.229947815717 0.0954893853008 2.27423157682 2.35439206215 0.054663655161 3.1055285555 3.63684375009 0.534261169476 89.6978297744 89.5400001323 89.4100036597 89.1704846354 89.0877533062 86.9004235433
-9999.0 -9999.0 -9999.0 -9999.0 -9999.0 -9999.0 -9999.0 -9999.0 -9999.0 -9999.0 -9999.0 -9999.0 -9999.0 -9999.0 0.174124063634 0.386622580605 0.594639174103 5.81830008109 6.41012460525 0.610672432301 0.589676045631 0.593917506126 10.5493062267 11.6984324943 0.552563144705 0.550227391347 0.40400421716 1.7420238517 2.18000667123 1.02354077079 1.39951743492 10.5012422614 10.8198847045 11.2917060489 17.7966097637 386.724450865 0.192310376929 0.0854919312056 0.700877886191 0.588610228906 0.0824526119522 0.267474752502 0.350744118881 2.44435501014 2.51587991205 6.31874090313 3.69093935943 0.650558964475 91.4331078881 0.664442165126 89.296315036 89.2382540185 2.08951522066 0.125264552053
-9999.0 -9999.0 -9999.0 -9999.0 -9999.0 -9999.0 -9999.0 -9999.0 -9999.0 -9999.0 -9999.0 -9999.0 -9999.0 -9999.0 0.895087838912 1.46293595052 2.95354035249 5.20003115213 6.97696710975 8.27264568949 8.85363374739 9.45514831388 10.0410011168 0.553377826053 0.482711097821 0.939824998263 0.861740519178 0.474406017341 9.0513145903 9.4706953195 9.85512331728 10.2328150851 5.82510438261 6.05582609569 6.33760795278 386.829739345 0.354791197573 0.211387521302 1.01649698128 0.122845113517 0.174966438922 0.0963706777348 0.0751618318628 0.430098453126 0.054375865589 0.0582913626853 98.1028304591 91.7493988363 91.6950716207 0.297518952112 0.609861463091 0.388092920078 0.085136836113 1.87918487891
-9999.0 -9999.0 -9999.0 -9999.0 -9999.0 -9999.0 -9999.0 -9999.0 -9999.0 -9999.0 -9999.0 -9999.0 -9999.0 -9999.0 0.625923097368 0.582333477678 1.14019711186 1.7234669554 0.67829070079 0.731708262871 1.35789711037 1.96108620643 3.10283255086 3.65574398784 4.11684297222 5.54608952733 5.97454399478 6.48327320041 0.435890438343 4.39134159527 4.7678909014 5.16276604501 0.360726394414 0.334875122177 0.492355411817 393.900854568 393.998250753 394.539924738 1.37885124096 0.258475294891 0.254564168935 0.0663201386378 0.131359109862 0.490823687785 0.594434050481 0.104166173656 98.3694678692 0.0919433570012 0.156704824432 0.177740451807 0.129481636549 0.241688538354 0.0953845599105 1.27291196248
-9999.0 -9999.0 -9999.0 -9999.0 -9999.0 -9999.0 -9999.0 -9999.0 -9999.0 -9999.0 -9999.0 -9999.0 -9999.0 -9999.0 -9999.0 0.546917851044 1.0709535278 0.508071246211 1.05270381487 6.60941670261 7.14170077927 7.69714375964 0.564629494323 0.561826845733 1.02050553687 1.51017798681 2.331940282 2.77886523309 3.12706142907 3.53941490088 0.330260189268 0.315038067998 5.87098644747 6.1952251531 6.33321942126 6.46932088873 5.65032631322 400.739591568 402.886368527 402.974781114 403.303558938 403.699285434 403.850348775 0.0450260365498 0.640750502639 98.4044965577 0.0992905636731 0.0513239440432 0.0692798035246 0.071255296534 0.121791628146 0.116513504176 0.0721995032631 0.130876118632
-9999.0 -9999.0 -9999.0 -9999.0 -9999.0 -9999.0 -9999.0 -9999.0 -9999.0 -9999.0 -9999.0 -9999.0 -9999.0 -9999.0 -9999.0 -9999.0 1.59035473542 2.12920048664 3.77434294789 5.0000407775 0.648918913468 9.010466977 9.55612674963 10.0503250836 0.482143224024 0.939012719825 0.395724861242 3.16841434047 3.49705646563 3.9228701624 4.29603583826 5.3002307261 5.58054861832 0.169484091729 5.11380602778 5.38862834836 5.52389302829 6.09684760752 0.672410848147 0.402201768166 0.231220083585 0.222345277378 404.017576945 404.060268534 405.11734285 98.435605033 0.307672069206 0.173536012469 0.116302547092 0.0354162852887 0.369876590585 0.19928926113 0.0608951995757 0.370458045825
-9999.0 -9999.0 -9999.0 -9999.0 -9999.0 -9999.0 -9999.0 -9999.0 -9999.0 -9999.0 -9999.0 -9999.0 -9999.0 -9999.0 -9999.0 -9999.0 0.554665970287 2.68060373644 3.26455179469 0.668036048557 0.596401208322 1.24850650821 1.83018072235 12.3978363951 0.476900036926 1.92322478249 2.34340966877 2.76290764494 0.334822015817 0.733806904519 1.06096569498 3.9768304259 4.52079532814 4.66721676224 0.14606868867 0.135540082067 0.16459814365 0.306081743623 0.134250375152 0.13898018522 0.172537252092 0.175989274699 0.179741140343 0.397560740389 405.176527703 503.77075766 0.373133534275 0.0979162551222 0.0360083402505 1.20461055091 1.12469215541 0.690604890265 0.624496558214 0.470327265333
-9999.0 -9999.0 -9999.0 -9999.0 -9999.0 -9999.0 -9999.0 -9999.0 -9999.0 -9999.0 -9999.0 -9999.0 -9999.0 -9999.0 -9999.0 0.4634194359 1.51451117759 0.498796741848 0.67103499165 0.66542561039 1.27795361991 1.88493159257 2.41530653024 15.2920261148 15.7407031806 0.468520725748 0.886593096833 1.31210735733 1.7085948175 2.10675237207 3.52000876795 3.79801357636 0.349019788544 0.245489046356 0.203857609209 0.154285622576 0.17473584019 0.197019068121 0.175586264462 0.260179420721 0.585830819361 0.283119127623 0.0860877863764 0.0831250793457 0.0707038879638 0.128084408836 508.192455399 3.97355129049 1.43799220468 0.139833252048 0.0636997813397 0.0444975648774 0.154410743268 0.103859812306
-9999.0 -9999.0 -9999.0 -9999.0 -9999.0 -9999.0 -9999.0 -9999.0 -9999.0 -9999.0 -9999.0 -9999.0 -9999.0 -9999.0 0.495147594385 0.942834706569 3.39546979995 0.464458343877 1.28088087564 1.91344635659 2.4917199222 0.617201181535 1.14063761517 1.66870649553 17.8473981036 0.428813764763 0.806442454677 1.20624815722 0.393779800047 0.77954697543 1.09928608412 1.34572667772 31.7659482298 32.1822638119 32.5393330393 33.9727242672 34.5025314424 35.5892597203 0.234449956861 0.586349212513 0.688226110444 38.4707148977 38.6148182811 0.0741780048473 0.118995890168 0.161845338958 508.229252979 3.76143106742 2.14474716988 2.06743370753 1.41508482238 1.12088915858 0.20334691298 0.0505067672195
-9999.0 -9999.0 -9999.0 -9999.0 -9999.0 -9999.0 -9999.0 -9999.0 -9999.0 -9999.0 -9999.0 -9999.0 -9999.0 -9999.0 0.513834363527 1.54371909878 5.44388161189 8.03554527798 0.405209186006 10.4966281695 13.4775267794 0.566061169534 1.07815386667 1.60480429621 22.4354660203 22.840990582 0.322750608652 1.86845116123 2.18805163252 2.51176092419 28.9716067091 29.7953048331 30.2167535988 0.192998591727 1.05072084269 1.2540732418 0.506937900536 0.718730685615 36.5594128705 37.4359909136 37.5865000032 37.722158144 38.74128079 0.0621658903143 0.0539353047133 0.25894152939 508.269261976 0.103324785044 0.192354641054 0.588771726334 0.236669783409 1.01976813749 0.725368984001 0.436267231263
-9999.0 -9999.0 -9999.0 -9999.0 -9999.0 -9999.0 -9999.0 -9999.0 -9999.0 -9999.0 -9999.0 -9999.0 -9999.0 -9999.0 -9999.0 -9999.0 1.07464830888 2.14948206878 9.49931387574 10.036719117 13.9356264095 14.436104163 0.561829395908 1.12436191065 2.58056713983 23.2432167795 23.9648323524 24.232660619 0.214139523824 25.278963545 26.1455722863 0.532498904455 0.196923494465 0.360176900955 0.706563105703 0.175214110018 0.338749133297 0.692693332073 0.859891850223 0.174004799556 0.100682376114 0.191717034412 39.5472376506 39.7955674233 39.8373296209 40.2400808658 508.297048973 0.0668615179151 0.121836706894 0.157191745785 0.151767819075 0.157019305989 0.134711576298 0.24783376391
-9999.0 -9999.0 -9999.0 -9999.0 -9999.0 -9999.0 -9999.0 -9999.0 -9999.0 -9999.0 -9999.0 -9999.0 -9999.0 -9999.0 -9999.0 -9999.0 0.561477919479 0.544156337168 0.533714638868 1.0666901597 0.462689559737 15.3574061629 15.8110945719 0.502023856348 0.99747446612 0.46144949242 0.368022092759 0.349772262765 24.8434013943 0.293917458112 0.625091518508 0.260496820584 0.196530596004 0.172291152894 0.125209091915 0.13282960381 0.4160343936 0.579350569841 0.104510319976 0.087694042611 0.196562892558 0.342882736531 0.481693807353 0.14592528359 39.9292673909 40.2848641905 508.307083674 0.412956614989 0.283194825248 0.0842671878908 0.217602615895 0.0677233573275 0.0526681138617 0.306237187877
-9999.0 -9999.0 -9999.0 -9999.0 -9999.0 -9999.0 -9999.0 -9999.0 -9999.0 -9999.0 -9999.0 -9999.0 -9999.0 -9999.0 -9999.0 -9999.0 -9999.0 -9999.0 0.536805705711 1.54486034934 1.95517078707 2.40251887819 16.2511731715 16.7009044767 17.1372785369 17.5968301742 17.9295672463 18.6352237716 18.8862400057 19.1628719994 19.352319221 0.156150329612 0.145427405344 0.160628107823 0.56281879396 0.155981795498 0.148011888868 0.105000194682 0.307240856018 0.129331841181 0.0921839190745 0.0832436541075 0.0684555803756 0.136501393425 0.197268570401 40.6850420866 549.413514006 0.0596861738214 0.117621345466 0.0652032844992 0.288615103958 0.143923509479 0.10590275717 0.704613721729
-9999.0 -9999.0 -9999.0 -9999.0 -9999.0 -9999.0 -9999.0 -9999.0 -9999.0 -9999.0 -9999.0 -9999.0 -9999.0 -9999.0 -9999.0 -9999.0 -9999.0 -9999.0 -9999.0 0.427092753678 3.53379706211 6.88908054219 7.3543368512 0.612942493202 1.12164331381 1.60944006689 1.98441136719 4.63050730576 4.80212965262 0.163819051097 0.165197738772 19.6772638405 19.9617107257 20.0915494424 0.659428051178 0.0832399624707 0.242138394788 0.349122901797 1.04895548823 1.29060753999 1.46648235506 0.156508222734 0.214370318506 0.072974650471 0.145324267177 0.0760433617727 549.503073564 0.0517808599712 0.21809653046 0.11845402812 0.433732163339 0.801743999185 0.937892110069 1.67449969455
-9999.0 -9999.0 -9999.0 -9999.0 -9999.0 -9999.0 -9999.0 -9999.0 -9999.0 -9999.0 -9999.0 -9999.0 -9999.0 -9999.0 -9999.0 -9999.0 -9999.0 -9999.0 0.494336623423 1.6000823462 3.11512824244 4.04841623443 10.2456721392 10.7830638502 1.03277408627 1.53184580226 1.95974352651 2.33455195566 5.0183665314 5.36542576744 9.77525349575 10.1946902341 10.3486379439 20.2225999719 21.2081622205 0.220353848304 0.169459893086 0.156442575373 0.296097649118 0.130042690402 1.71591952878 1.79929874749 0.281854866891 0.3806331878 0.0719563765966 119.85536818 120.007408412 669.543705182 669.793383541 0.0556436217373 0.552529857574 0.0763614682556 0.0649440024068 1.78859086883
-9999.0 -9999.0 -9999.0 -9999.0 -9999.0 -9999.0 -9999.0 -9999.0 -9999.0 -9999.0 -9999.0 -9999.0 -9999.0 -9999.0 -9999.0 -9999.0 -9999.0 -9999.0 -9999.0 0.581438271722 0.562985197803 1.04474101998 2.46011135162 11.2449235015 0.532128615516 0.524254919434 0.928674348556 1.3620148878 3.40191200172 3.71562270683 0.344898943601 0.291626825457 10.5631318134 10.7062800174 32.0600809227 32.1843283162 0.0709821823967 0.0600645561549 0.0494555229335 0.0500411101016 0.0579626197167 118.204850693 118.738204638 119.232918129 119.415255166 119.776816752 0.0880924904026 0.312566516505 0.364361163112 670.24385993 670.234571902 670.278368519 670.32226194 670.361034277
-9999.0 -9999.0 -9999.0 -9999.0 -9999.0 -9999.0 -9999.0 -9999.0 -9999.0 -9999.0 -9999.0 -9999.0 -9999.0 -9999.0 -9999.0 -9999.0 -9999.0 -9999.0 -9999.0 -9999.0 0.501038060925 0.53231034674 0.975858959042 13.1469912274 13.6177643168 0.509396171755 0.911522845065 1.35946953865 1.77410035428 0.368114933929 0.629431546654 29.2676096117 29.4232753404 29.6247622569 31.0301861611 63.3905132097 114.820539646 115.00650594 115.173939384 115.331454707 116.078758132 116.328663852 0.458382279528 0.195400102308 0.1259050534 0.231712030163 0.153489247935 0.250213479994 0.0772855254611 1.76462702591 1.9568931382 2.09796746215 2.11900836904 670.3409608
-9999.0 -9999.0 -9999.0 -9999.0 -9999.0 -9999.0 -9999.0 -9999.0 -9999.0 -9999.0 -9999.0 -9999.0 -9999.0 -9999.0 -9999.0 -9999.0 -9999.0 -9999.0 -9999.0 -9999.0 -9999.0 0.51286494911 0.979336348059 1.4497983085 14.0087712438 0.431051610655 18.9134381328 19.3667215896 19.7230957195 20.0021721664 28.1085696256 28.3914487568 0.183428241199 1.01343004953 1.2290874542 0.185290133234 51.2521429397 50.9257205448 0.0896730680365 0.219937019507 0.610832084174 0.140736269187 0.14966805321 0.0974549912259 0.0781551275361 0.0563859757249 0.0696083934691 1.53196096859 1.60689089983 1.70303842403 0.142674171303 0.0991789170986 2.18055991003 2.21466711832
-9999.0 -9999.0 -9999.0 -9999.0 -9999.0 -9999.0 -9999.0 -9999.0 -9999.0 -9999.0 -9999.0 -9999.0 -9999.0 -9999.0 -9999.0 -9999.0 -9999.0 -9999.0 -9999.0 -9999.0 -9999.0 0.456682998301 0.427040352936 2.23144610307 17.1626993052 18.0606350245 18.5259241999 0.414044689044 7.16509965163 7.57225908232 7.82652671071 0.279929133787 0.481967795964 0.650822586746 12.1566270054 12.2832367474 12.3922563699 50.7357351557 30.6267629245 0.123869181182 0.134180776513 0.126342257709 0.089143084033 0.935910560514 1.12157352049 1.27876410279 1.36908475519 1.45483763263 11.2675647517 11.3243790247 11.4114857537 11.6289354893 12.3090100023 12.3287727656
-9999.0 -9999.0 -9999.0 -9999.0 -9999.0 -9999.0 -9999.0 -9999.0 -9999.0 -9999.0 -9999.0 -9999.0 -9999.0 -9999.0 -9999.0 -9999.0 -9999.0 -9999.0 -9999.0 -9999.0 -9999.0 -9999.0 0.894712415693 1.37737146825 0.501061717875 0.509864372323 5.72931045259 6.15464993184 6.44725951373 2.46251335487 2.74968324722 3.03147992145 3.21026661438 11.8633731493 12.0560759651 7.35038642627 19.8816597448 20.007184975 30.5351379588 0.250659040902 0.129300720506 0.0794254759407 0.646776361214 0.761653180365 0.05878769126 0.0534313174266 11.0060682245 11.149111657 11.2167602274 0.10216154328 0.155285895902 12.228533039 0.0528704757982 0.16164110727
-9999.0 -9999.0 -9999.0 -9999.0 -9999.0 -9999.0 -9999.0 -9999.0 -9999.0 -9999.0 -9999.0 -9999.0 -9999.0 -9999.0 -9999.0 -9999.0 -9999.0 -9999.0 -9999.0 -9999.0 -9999.0 -9999.0 0.451634678641 0.891836030011 3.80382026038 4.32007052259 4.79183129739 1.83261247977 2.17310787578 0.320610591817 7.94934232293 8.22895443537 8.47899615234 0.198622798693 7.0022910141 7.20631585523 0.138235760524 29.8698898407 0.298501361009 0.150116588929 0.352829671546 0.482703349883 0.0874921804652 0.0660033120074 10.2615883816 10.8825302107 10.9684405219 0.0936292921626 0.180494095299 0.224566382451 0.261507060957 0.528912316279 0.0580090517947 0.133667539935
