data/baseflow/History/mHMbfrc560
ncols                  80
nrows                 72
xllcorner      4374000.0
yllcorner      5656000.0
cellsize            500
NODATA_value       -9999
[rows 0 to 23 of 72, columns 0 to 53 of 80]
-9999.0 -9999.0 -9999.0 -9999.0 -9999.0 -9999.0 -9999.0 -9999.0 -9999.0 -9999.0 -9999.0 -9999.0 0.664336309178 0.694301001683 -9999.0 -9999.0 -9999.0 -9999.0 -9999.0 -9999.0 -9999.0 -9999.0 -9999.0 -9999.0 -9999.0 -9999.0 -9999.0 -9999.0 -9999.0 -9999.0 -9999.0 -9999.0 -9999.0 -9999.0 -9999.0 -9999.0 -9999.0 -9999.0 -9999.0 -9999.0 -9999.0 -9999.0 -9999.0 -9999.0 -9999.0 -9999.0 -9999.0 -9999.0 -9999.0 -9999.0 -9999.0 -9999.0 -9999.0 -9999.0
-9999.0 -9999.0 -9999.0 -9999.0 -9999.0 -9999.0 -9999.0 -9999.0 -9999.0 -9999.0 -9999.0 -9999.0 1.39620426753 3.30946724109 0.568085141508 -9999.0 0.588951382864 -9999.0 -9999.0 -9999.0 -9999.0 -9999.0 -9999.0 -9999.0 -9999.0 -9999.0 -9999.0 -9999.0 -9999.0 -9999.0 -9999.0 -9999.0 -9999.0 -9999.0 -9999.0 -9999.0 -9999.0 -9999.0 -9999.0 -9999.0 -9999.0 -9999.0 -9999.0 -9999.0 -9999.0 -9999.0 -9999.0 -9999.0 -9999.0 -9999.0 -9999.0 -9999.0 -9999.0 -9999.0
-9999.0 -9999.0 -9999.0 -9999.0 -9999.0 -9999.0 -9999.0 -9999.0 -9999.0 -9999.0 0.639178495633 0.625400570865 0.678186288021 0.679826386497 4.52314103051 5.05168874616 1.59344528948 0.504525072474 -9999.0 -9999.0 -9999.0 -9999.0 -9999.0 -9999.0 -9999.0 -9999.0 -9999.0 -9999.0 -9999.0 -9999.0 -9999.0 -9999.0 -9999.0 -9999.0 -9999.0 -9999.0 -9999.0 -9999.0 -9999.0 -9999.0 -9999.0 -9999.0 -9999.0 -9999.0 -9999.0 -9999.0 -9999.0 -9999.0 -9999.0 -9999.0 -9999.0 -9999.0 -9999.0 -9999.0
-9999.0 -9999.0 -9999.0 -9999.0 -9999.0 -9999.0 -9999.0 -9999.0 -9999.0 0.618540543336 1.25663463917 2.50558827412 1.28362498108 0.615346413427 1.17328027707 5.58697976379 8.27108094244 0.557681089138 -9999.0 0.606093753485 -9999.0 -9999.0 -9999.0 -9999.0 1.12273084945 0.567831410071 -9999.0 -9999.0 -9999.0 -9999.0 -9999.0 -9999.0 -9999.0 -9999.0 -9999.0 -9999.0 -9999.0 -9999.0 -9999.0 -9999.0 -9999.0 -9999.0 -9999.0 -9999.0 -9999.0 -9999.0 -9999.0 -9999.0 -9999.0 -9999.0 -9999.0 -9999.0 -9999.0 -9999.0
-9999.0 -9999.0 -9999.0 -9999.0 -9999.0 -9999.0 -9999.0 -9999.0 0.787168862615 2.11392897267 2.71534551063 3.31475308471 4.35509474518 0.530341219643 2.19426710118 2.68593960622 11.9494772757 0.48455325684 0.442140780017 1.0911336132 1.55386989419 0.498713159176 -9999.0 2.83746766879 2.34378763945 0.61474944121 -9999.0 -9999.0 -9999.0 -9999.0 -9999.0 -9999.0 -9999.0 -9999.0 -9999.0 -9999.0 -9999.0 -9999.0 -9999.0 -9999.0 -9999.0 -9999.0 -9999.0 -9999.0 -9999.0 -9999.0 -9999.0 -9999.0 -9999.0 -9999.0 -9999.0 -9999.0 -9999.0 -9999.0
-9999.0 -9999.0 -9999.0 -9999.0 -9999.0 -9999.0 0.756580541216 0.652098132237 0.630317505388 0.653669849297 0.670729519296 4.67299633488 9.64006115746 10.2284528983 10.6661206693 0.423668200123 12.8428346494 13.2942659703 0.936245940213 0.481252459508 2.00285787467 3.45497460494 0.492950946112 4.37730963903 0.527835926695 0.531345072261 0.548788939554 -9999.0 -9999.0 -9999.0 -9999.0 -9999.0 -9999.0 -9999.0 -9999.0 -9999.0 -9999.0 -9999.0 -9999.0 -9999.0 -9999.0 -9999.0 -9999.0 -9999.0 -9999.0 -9999.0 -9999.0 -9999.0 -9999.0 -9999.0 -9999.0 -9999.0 -9999.0 -9999.0
-9999.0 -9999.0 -9999.0 -9999.0 -9999.0 -9999.0 1.53127981617 2.24051405203 4.97275678802 6.83985867877 0.547312370425 0.568531946654 0.529533190623 1.57568384185 12.6894582111 0.3798718464 13.7234221313 15.60076063 1.44629861219 0.874552653755 3.86130944786 0.468586734364 4.82501661829 0.906293729689 0.458106697947 0.973074495905 1.08993677814 0.554401187885 0.549586390317 0.521058229936 0.588451094016 1.1723737316 -9999.0 -9999.0 -9999.0 -9999.0 -9999.0 -9999.0 -9999.0 -9999.0 -9999.0 -9999.0 -9999.0 -9999.0 -9999.0 -9999.0 -9999.0 -9999.0 -9999.0 -9999.0 -9999.0 -9999.0 -9999.0 -9999.0
-9999.0 -9999.0 -9999.0 -9999.0 -9999.0 0.863295387736 1.64335397103 0.772035081576 1.48498436248 7.58159054571 8.81916673822 10.0223584066 33.6052481156 0.543525644383 13.1898585551 51.2127751818 51.594924359 67.9295940677 0.459185642451 1.26715161775 4.27026082422 0.401205983993 10.0629190203 4.8103120865 3.01567607466 2.55030842547 0.523011182109 1.61508968073 1.57142667136 1.04144285794 0.493592508599 1.68955197794 0.480984233679 0.465414831183 -9999.0 -9999.0 -9999.0 -9999.0 -9999.0 -9999.0 -9999.0 -9999.0 -9999.0 -9999.0 -9999.0 -9999.0 -9999.0 -9999.0 -9999.0 -9999.0 -9999.0 -9999.0 -9999.0 -9999.0
-9999.0 -9999.0 -9999.0 -9999.0 -9999.0 0.877567793816 2.5312908935 4.99440818719 5.73035968841 11.3633672675 12.0293918803 14.1697594869 23.0697795821 35.4381457014 36.619521273 37.1864752741 0.900643376494 69.6179123699 70.4837546572 72.6560146072 88.6568097771 11.3286478917 10.5263395882 3.46449444214 0.432301695464 2.98108719201 2.06592002761 0.424824916505 2.0180443181 0.451595963349 0.95851261197 2.62246670884 3.08128818407 0.909299372084 0.451614537476 0.426783796559 -9999.0 -9999.0 -9999.0 -9999.0 0.506398775789 0.467173309143 -9999.0 -9999.0 -9999.0 -9999.0 -9999.0 -9999.0 -9999.0 -9999.0 -9999.0 -9999.0 -9999.0 -9999.0
-9999.0 -9999.0 -9999.0 -9999.0 -9999.0 0.838698375474 0.783572830484 3.37634349214 4.13692185052 4.93169642258 0.734481008035 1.44443026329 8.43351607418 1.4800725854 0.658929498323 0.568558007381 0.476880565717 0.592850904747 0.531699532902 0.529093861239 89.1101093899 90.3323645117 0.395305432555 1.23987337936 0.857062914294 3.38911373563 0.857046582602 0.402663037907 2.49249657252 0.869859732508 2.13086456226 5.26503518778 4.88377155434 1.35063488377 1.31810002077 0.453025820799 0.447614869967 -9999.0 -9999.0 0.44990863043 1.04056104337 2.4888546827 0.494957215933 -9999.0 -9999.0 -9999.0 -9999.0 -9999.0 -9999.0 -9999.0 -9999.0 -9999.0 -9999.0 -9999.0
-9999.0 -9999.0 -9999.0 -9999.0 -9999.0 -9999.0 0.889951800744 0.913704694349 1.68457572331 2.47808058923 5.54923570796 7.05156237572 7.80636809135 0.791846734667 0.555819072595 8.00178195865 9.68073657491 10.1739769454 12.2760328769 12.713102711 0.431961369849 90.7735298418 92.7939414481 1.60142955263 0.248857994494 3.72256403995 8.20690055266 3.28325971277 0.755944926541 0.373091402893 8.1529325021 5.66327804855 0.385764357833 0.384301986557 1.72203025006 1.31574182432 0.416257541277 0.417356441138 0.43366235667 0.869329055836 0.410913310406 3.02182978532 3.42131806729 0.376274397116 -9999.0 -9999.0 -9999.0 -9999.0 0.457670118067 0.421505835385 0.122686183932 -9999.0 -9999.0 -9999.0
-9999.0 -9999.0 -9999.0 -9999.0 -9999.0 -9999.0 -9999.0 0.86748389637 0.729077045408 1.5644355678 2.36814073461 0.754961428515 0.673347251115 4.319917084 5.60318704656 6.93148148898 0.60349620627 1.1143204958 0.552786222055 13.1893204521 29.4010755476 29.8707325782 123.517524697 0.397302724742 0.708123812253 0.210772497441 8.56621928448 0.380678000737 1.13907308878 0.365745975592 8.52804163273 8.90680618489 0.777245489763 0.758241120851 4.29402150522 2.15142747358 0.845596656314 0.44044934685 0.861063592919 1.28881718636 2.08901834633 0.380701078513 4.1622886094 4.52879391891 0.329561093136 0.361428706498 0.380387690642 0.334795203987 0.315642103103 1.22282418367 0.450750200253 0.273801589595 -9999.0 -9999.0
-9999.0 -9999.0 -9999.0 -9999.0 -9999.0 -9999.0 -9999.0 -9999.0 1.57912530239 2.24123912963 0.748800036734 1.54620959549 2.26768878041 3.70754202239 0.709582687122 0.664095994644 0.52122163242 0.526621379782 0.443051451515 15.237917056 0.566634855263 1.07884565647 125.104494241 126.062783262 0.361001609043 1.43247606228 10.3190873165 0.724927175936 1.45228853129 0.655275220798 0.963552666128 10.3337705538 1.10768839309 6.08882451008 5.01206262668 0.364578826554 2.05452360673 0.834363127377 1.23858188727 0.370533088967 2.46568622083 3.2064277898 3.52459860178 3.82152433849 5.7715798911 0.630354071662 0.673512009817 0.599908200283 0.559491393714 1.50298835898 0.286727469477 1.02132882886 1.2753757372 -9999.0
-9999.0 -9999.0 -9999.0 -9999.0 -9999.0 -9999.0 -9999.0 -9999.0 0.839306392687 3.89130845716 4.60950279971 0.716367777083 1.38629299001 0.666550801823 0.579788911444 0.567578954663 7.51297195822 10.009662301 12.2855562726 14.7123757728 0.569886959702 0.534481758855 0.491648350777 128.472340225 129.607962967 129.983173674 13.597872201 2.87661705239 2.50959357194 0.306903022344 1.26505796383 11.9035744866 0.318752117508 6.40334369499 0.348224451548 2.66966336254 2.46222929209 0.383714183254 1.61549060748 0.742584203876 1.1068831298 0.333247172775 0.288048788558 4.11355884905 4.37957957942 6.03674061243 0.963818484643 0.872293093115 0.819060348626 1.80966747275 2.39303951327 0.291033429834 1.54849928273 0.285275616279
-9999.0 -9999.0 -9999.0 -9999.0 -9999.0 -9999.0 -9999.0 -9999.0 -9999.0 0.874433925368 5.39823359457 6.09438116029 2.06094244422 3.41497865607 4.61995956963 5.25295607781 0.662907522891 1.95806478883 1.28784958384 0.689740552966 0.633086569219 0.528566925215 1.02858490367 1.76371726569 0.593705639808 144.613701111 144.998047985 0.334805821924 0.258425748878 0.603336904588 0.898492598364 12.8062020146 0.611022984887 6.67441651745 3.97013036178 3.32413047778 0.354363720102 0.723717666209 1.94387499517 0.328222783558 1.42567450653 0.652050959814 0.460614209152 0.186137203019 5.00398113708 11.256586895 1.15946050563 1.07182427705 1.05628442748 0.239254198288 2.63255596088 0.231529997882 2.07378166784 0.246003160243
-9999.0 -9999.0 -9999.0 -9999.0 -9999.0 -9999.0 -9999.0 -9999.0 -9999.0 -9999.0 0.726866805753 7.55140477559 0.664664250807 1.33702600612 1.92514914012 3.06571090339 0.585814903038 1.26848022693 0.602689188529 0.547478238768 0.501749795364 0.992685123543 0.422699037939 0.466570206062 0.904245712844 0.517854582172 145.462672026 146.194521908 147.221088368 1.17038796042 0.296011431114 0.589838376527 13.1219073387 12.1634246402 4.6404247859 0.325945983209 1.41054994687 1.06358419602 2.27351163318 0.654893288803 2.73107612273 0.975086104884 0.714651104492 0.110106456161 0.196159412155 11.5574116314 11.8168478985 14.2589877908 1.8218761742 0.492387001542 2.89868764325 3.38922280844 5.6954572726 0.492185366596
-9999.0 -9999.0 -9999.0 -9999.0 -9999.0 -9999.0 -9999.0 -9999.0 -9999.0 -9999.0 -9999.0 0.401260503299 8.38517468539 0.645620508425 1.21791529481 5.41878258656 0.592019656593 0.579398629629 0.488251650549 1.04983810801 0.501111663748 1.9898482709 2.82834280172 3.20339257141 1.23842171989 1.55237480205 0.381729015454 0.469726068454 0.418520215068 149.110022827 150.007649719 13.3821076782 12.7094867232 12.438824571 0.568644222202 0.278762024579 1.71104755767 4.59446870011 2.58370550448 0.95977669306 3.99685684925 1.36609135633 1.08044788673 0.203304683005 0.0793352665582 0.0851099437098 0.120044876189 14.9065332527 17.4701687769 0.233436451458 0.239044914426 0.237540552274 5.92371438362 6.62515243941
-9999.0 -9999.0 -9999.0 -9999.0 -9999.0 -9999.0 -9999.0 -9999.0 -9999.0 -9999.0 -9999.0 0.367481686697 9.25184508267 11.2953577741 0.580742557232 6.55913637368 0.526481478427 0.494166319503 0.967209865864 2.51273858611 0.47147815636 0.513818066681 0.398781526613 4.0042747431 4.38343365617 6.33252853088 7.04512191922 7.38564874913 7.72353525762 8.05809289245 158.448990601 172.430123191 185.724931562 186.025417491 0.265024957278 0.275904995206 5.19914211316 4.89967811504 0.302723307845 0.296680987214 4.33780286407 6.01931961293 0.242003506944 2.77921476275 2.60467898733 0.490831393517 0.254180488184 0.439868041146 0.289966824388 17.9482564873 0.247725897176 0.697526039126 0.880004334168 8.07769972925
-9999.0 -9999.0 -9999.0 -9999.0 -9999.0 -9999.0 -9999.0 -9999.0 -9999.0 -9999.0 -9999.0 0.771467940529 1.46107823911 11.955571486 13.0074342613 0.536227427605 7.628914658 0.424724740073 1.31661578515 2.93853879153 0.895606449835 0.420494531814 0.882793659936 0.345204786057 0.652060961778 0.307070197507 0.266256370254 0.194346263601 0.169818174077 0.144758800124 0.140636888364 0.231837663013 0.325749051212 0.403238710708 186.962258302 6.20353325976 5.67525094089 0.218132717888 0.857410601424 0.20395214877 0.202376889891 6.30347592473 9.96259316582 3.11328734157 2.42842126992 0.304856719327 0.124484286329 0.104332909102 0.315273872193 18.5134471694 19.0044315565 0.25997233221 0.266322931704 0.212114317969
-9999.0 -9999.0 -9999.0 -9999.0 -9999.0 -9999.0 -9999.0 -9999.0 -9999.0 -9999.0 -9999.0 -9999.0 0.586939501932 8.92700823981 22.5112236494 24.3362090833 32.4608407109 32.9848451219 6.50720580917 4.70454554636 1.32748230045 0.410050207005 1.68051962376 2.05577018311 3.02530988856 0.637480199885 0.561954877431 0.498536741972 0.959882829078 0.42878463913 0.407973909515 0.202126253648 0.0978057022112 0.115601260176 187.238244612 193.63522664 193.972564707 0.228353909518 2.3185501639 0.995260213712 0.305021046077 10.9835785865 0.743296573785 0.390017498942 1.65956459123 0.304447694745 0.239577510979 0.447474759009 0.638716356868 0.862254178435 19.4038828498 0.188861308837 0.160179294821 0.160388127223
-9999.0 -9999.0 -9999.0 -9999.0 -9999.0 -9999.0 -9999.0 -9999.0 -9999.0 -9999.0 -9999.0 0.698018138499 6.83350303394 8.2935570761 1.2788770378 0.408367397683 0.864609420828 34.324335607 34.7739992284 41.7775967895 0.357037140143 0.761203767295 0.314251812433 0.32136600451 3.33639233988 4.28360375365 5.11412047335 0.268522827977 1.22799342102 1.91789037624 1.11530654314 0.458355236223 0.288437448609 0.222419552869 0.243244895223 0.138899695493 194.221714283 194.40872319 197.130477323 0.510827969556 0.271314213637 11.2969892786 0.787883921753 0.414893676408 0.476875258778 0.473322594882 0.39695829465 0.675320660121 1.92184086759 3.04249034509 22.6412421743 0.140797117981 0.41954449274 0.284185722331
-9999.0 -9999.0 -9999.0 -9999.0 -9999.0 -9999.0 -9999.0 -9999.0 -9999.0 -9999.0 -9999.0 0.722245893152 4.87869881995 0.758631679152 0.602254305092 3.40964070937 3.92059817501 4.42759914879 4.8476151248 56.9533263782 57.3669184027 58.1569420811 64.0519809236 65.0262319337 65.5382370115 65.8631509245 71.5473055018 72.2522503154 72.5376782219 74.7601754816 76.1834841746 76.44004666 77.1629323485 0.464153148873 0.378716509291 0.0626831164013 0.0885087381919 194.628467303 198.07855305 0.7543214108 13.3501898366 13.0909724353 1.47058322847 0.341048678292 0.352491826892 0.339343321327 0.343983299403 0.695050219778 0.990166662228 0.289607976334 22.8286086415 23.0342958054 23.9097701974 24.0732392215
-9999.0 -9999.0 -9999.0 -9999.0 -9999.0 -9999.0 -9999.0 -9999.0 -9999.0 -9999.0 -9999.0 2.55929730594 3.37284631351 1.53705186673 2.25109435538 0.701249929676 7.85864854653 8.42682517705 9.52583276977 9.90809002852 3.46466075893 62.2743657832 62.6400393774 0.315093193765 0.18963324125 0.155846671259 0.361950594257 0.165406805382 0.101040864204 0.0886308657695 0.109274287752 76.6367869171 77.3871104953 78.1440958965 78.7715726081 79.0814955249 0.130528863642 0.0456599375802 212.075592818 13.8060655792 13.634948061 0.292178656857 0.283115732886 0.259902383914 0.623850559 0.611705143869 0.282396634424 0.274549735973 0.249771209697 0.531609408246 0.699899147819 0.128473571611 0.239838058371 0.0828380330418
-9999.0 -9999.0 -9999.0 -9999.0 -9999.0 -9999.0 -9999.0 -9999.0 -9999.0 -9999.0 -9999.0 -9999.0 1.73382496346 0.797264166419 0.689185651217 6.7350605755 7.33658157908 0.608521286654 2.2653786516 2.75113090989 3.13857067496 0.454207574468 0.303401519575 8.97274745457 9.20985750666 9.42500053273 24.1621777235 24.2969011022 24.4914011035 25.9909833313 26.5656227842 26.6394103944 0.0784400401589 0.085976116097 0.0989257127235 79.3606228419 0.101789910428 214.346929162 214.170886945 1.93172512873 1.7176075657 1.10390043233 0.274734469067 0.516378393798 0.903229392915 0.886029396199 0.551932500417 0.259232255973 0.504746474106 0.490967684397 0.90997665913 0.123963343093 0.365430065123 0.596465666795
