data/baseflow/History/mHMbfrc477
ncols                  80
nrows                 72
xllcorner      4374000.0
yllcorner      5656000.0
cellsize            500
NODATA_value       -9999
[rows 24 to 47 of 72, columns 0 to 54 of 80]
-9999.0 -9999.0 -9999.0 -9999.0 -9999.0 -9999.0 -9999.0 -9999.0 -9999.0 -9999.0 -9999.0 -9999.0 1.042382612 2.84289029417 3.71245386201 6.3059184363 0.741324421916 1.51853537108 2.25060193241 8.80556650726 9.37833451523 9.7977062813 10.337915407 11.0274810505 17.7529622774 19.7073503489 20.7243358823 0.358432889253 2.40266939986 2.75099182018 38.4420151271 39.6341350839 40.1960751396 40.7766334594 41.2563180327 151.063536598 0.551058535046 302.951120164 0.584357386409 0.248680011349 2.63540338365 2.31170983138 0.310199962381 1.29805884959 1.90872650644 1.89266994595 1.32676179824 2.1826360016 3.4719224012 1.29577040936 3.46629086457 0.271978918585 0.419350615222 0.121479828405 0.112378456556
-9999.0 -9999.0 -9999.0 -9999.0 -9999.0 -9999.0 -9999.0 -9999.0 -9999.0 -9999.0 -9999.0 -9999.0 0.96510828856 1.90624424259 0.873542927659 1.74945701913 0.756399236577 5.90838686114 7.35579410833 8.11873567447 0.696679501132 1.30525572365 13.4237778105 16.571471214 17.1478136204 1.29567120483 1.30004946682 1.82856523658 0.292546499477 0.257785270068 0.48992881915 0.239028632347 21.7306596386 21.9764812572 22.2688401231 151.520927746 305.658956648 303.227190599 0.405668608841 0.197947476396 0.175308427319 0.628263579036 0.484721475965 1.53188637197 2.23261367215 4.54269677552 0.418281784998 0.417132462645 3.80619138148 4.15100581435 8.29404546041 8.55449014137 9.11343420383 9.35169039552 0.248631074099
-9999.0 -9999.0 -9999.0 -9999.0 -9999.0 -9999.0 -9999.0 -9999.0 -9999.0 -9999.0 -9999.0 -9999.0 -9999.0 0.878471606454 1.78376755403 2.70373479133 4.31479331453 0.84153060542 0.749691703843 5.76545547055 6.44851871318 12.246854711 12.9742892582 1.99175471978 0.665701988673 0.614396184538 0.60501910269 20.116898309 20.4682314723 20.7707672931 21.0202194419 21.4989432948 3.25878800156 3.57566638935 26.2188257966 483.619779956 1.85039956845 1.47350504103 0.651702503672 0.180096256054 0.148683809215 0.984003626025 1.12049168943 1.81440111381 0.133964791847 4.7041368022 0.656407719995 0.639578676728 0.129095881999 0.105529580719 0.110865877708 0.153278924435 0.125380153243 9.4788075996 136.111231176
-9999.0 -9999.0 -9999.0 -9999.0 -9999.0 -9999.0 -9999.0 -9999.0 -9999.0 -9999.0 -9999.0 -9999.0 -9999.0 -9999.0 0.867933272611 1.79694288053 2.65534932201 3.52402310199 4.27376277044 5.05743323497 2.22936520845 3.76255282694 0.705861722585 0.669736102395 17.0863332633 18.3655329501 18.952417107 19.6055916544 0.491780494332 0.853488525445 2.2357295453 2.66171671946 2.97875041391 0.350850023444 0.456526819334 484.81194609 0.388335401592 0.554732350458 0.275333466175 0.755574585593 0.351644988171 0.233976281215 3.15227419538 3.42255603299 0.161225000768 4.90325404682 5.71259464754 0.809676230094 142.56652807 142.303276603 142.061470467 141.453452372 141.149434456 136.831067891 136.627580841
-9999.0 -9999.0 -9999.0 -9999.0 -9999.0 -9999.0 -9999.0 -9999.0 -9999.0 -9999.0 -9999.0 -9999.0 -9999.0 -9999.0 0.236910388701 0.536146714596 0.878539538735 8.04549042268 8.80018464898 0.774946556397 0.751622694303 0.754122568378 14.3475884397 15.8060373449 0.70393156991 0.713324668317 0.542784501829 2.26176207215 2.82144860255 1.43995315724 1.79760548986 13.2737398902 13.6540083284 14.5003991818 23.1318240675 508.215856014 0.421919950214 0.239081379561 1.16604714139 0.957534201628 0.194312802829 0.640554145651 0.85242591072 3.66685221084 3.89703666461 10.0524140081 5.81208223235 0.903265977914 146.4026002 2.05861360613 141.813095091 141.642879861 4.0153733738 0.221042162362 0.324132559886
-9999.0 -9999.0 -9999.0 -9999.0 -9999.0 -9999.0 -9999.0 -9999.0 -9999.0 -9999.0 -9999.0 -9999.0 -9999.0 -9999.0 1.21557859857 1.98547419659 4.09347609613 7.1739109537 9.63405445921 11.4375532921 12.1808336235 12.9498404878 13.7007241837 0.703113562108 0.621360112792 1.2089864752 1.13537228342 0.58917905893 11.5018792089 12.0414945699 12.5500350124 13.0248167247 7.08426452727 7.43021267915 8.05759250827 508.450002223 0.731610636199 0.74773120198 2.0567269166 0.182873652627 0.493023573305 0.277064463086 0.195548376942 1.0881993379 0.185470351888 0.196507329948 157.546154449 147.326090591 147.113098056 0.74596565048 1.9040429182 1.18594928332 0.250945460483 3.49097431827 0.961994174695
-9999.0 -9999.0 -9999.0 -9999.0 -9999.0 -9999.0 -9999.0 -9999.0 -9999.0 -9999.0 -9999.0 -9999.0 -9999.0 -9999.0 0.847768734237 0.777431734411 1.51604803307 2.32433358358 0.933794092743 0.913979872037 1.69191525071 2.44336041347 3.84538398874 4.54057089318 5.1452955944 6.98867674061 7.55323797053 8.17448610806 0.562119870984 5.63180884442 6.08039922183 6.46257018437 0.290362139598 0.199084258455 0.363574253874 516.880882091 517.107035834 518.305183691 2.60291811875 0.390619453062 0.759718021347 0.206489537858 0.360049090311 1.27083216862 1.61658588506 0.362460926019 158.496312186 0.337755028087 0.415644328533 0.435662128846 0.419621075843 0.698716112215 0.313810940216 2.3345163612 1.76968008563
-9999.0 -9999.0 -9999.0 -9999.0 -9999.0 -9999.0 -9999.0 -9999.0 -9999.0 -9999.0 -9999.0 -9999.0 -9999.0 -9999.0 -9999.0 0.724564647069 1.43750775104 0.729049694161 1.51638448016 9.27098946771 10.0237863372 10.7244348051 0.702904679569 0.703524191664 1.30589761365 1.92917245428 3.00855247778 3.58111920336 3.99819976263 4.54205727443 0.419536596751 0.353126296863 7.15605628974 7.42257387233 7.61502605754 7.82909976077 6.60882668944 525.811882452 529.747991724 529.918483935 530.823641204 531.616830899 532.212842141 0.1914185854 1.78758765075 158.69710452 0.484278528102 0.247610868486 0.324802712703 0.292877108329 0.495438333855 0.396914958477 0.231001742353 0.313246605256 0.279085035618
-9999.0 -9999.0 -9999.0 -9999.0 -9999.0 -9999.0 -9999.0 -9999.0 -9999.0 -9999.0 -9999.0 -9999.0 -9999.0 -9999.0 -9999.0 -9999.0 2.13300458408 2.89780154084 5.20227044958 6.91276252343 0.919106690876 12.4614265674 13.1334409027 13.7556394336 0.616785844683 1.20115990217 0.528937226207 4.01661198285 4.35731963872 4.92215386066 5.53565130702 6.68820030782 6.94353499685 0.159076744114 5.73933741336 6.17063032671 6.40032163671 7.27403524171 1.11164213916 0.694250858086 0.40325970465 0.370469219885 532.790800639 533.117505535 536.223126603 158.922669097 1.39988025754 0.707740902643 0.496855550626 0.140978546352 1.3180668445 0.644548910218 0.207699139408 1.10836086257 0.929445811684
-9999.0 -9999.0 -9999.0 -9999.0 -9999.0 -9999.0 -9999.0 -9999.0 -9999.0 -9999.0 -9999.0 -9999.0 -9999.0 -9999.0 -9999.0 -9999.0 0.784475861168 3.66539432175 4.48227029413 0.941609320644 0.731731529932 1.50577416454 2.19964975569 16.6010818131 0.604495016597 2.44278134618 2.99472595286 3.53504174086 0.39259218112 0.887554305647 1.11433143516 4.45940100311 4.96306456059 5.15303759489 0.218147071592 0.202127193952 0.234647279868 0.428121401789 0.18478973979 0.193729499906 0.308570020201 0.228560681219 0.307347026245 1.06853698516 536.567373271 696.36857085 1.70975901687 0.231382352902 0.161988627859 3.95672586786 3.64969457156 2.10849657274 1.87725101973 1.3830693685 0.312463872415
-9999.0 -9999.0 -9999.0 -9999.0 -9999.0 -9999.0 -9999.0 -9999.0 -9999.0 -9999.0 -9999.0 -9999.0 -9999.0 -9999.0 -9999.0 0.631708206811 2.1264544348 0.70669015631 0.878109209786 0.790128687059 1.5187584325 2.23675929261 2.94277940477 20.2645949873 20.8306053057 0.587260753202 1.1277658792 1.67589112172 2.08260133673 2.47783275798 3.83959715678 4.25781299635 0.254848920425 0.212269299614 0.205709756885 0.265471677334 0.295575082268 0.321361130286 0.311391301782 0.359594853827 1.26076892808 0.599331903931 0.377110877664 0.372025777841 0.304221331034 0.56851731991 708.788005873 10.5396278567 4.87078670992 0.512748540006 0.233204357823 0.197384724178 0.613691539113 0.398346378449 0.192749680431
-9999.0 -9999.0 -9999.0 -9999.0 -9999.0 -9999.0 -9999.0 -9999.0 -9999.0 -9999.0 -9999.0 -9999.0 -9999.0 -9999.0 0.667393942124 1.28476273905 4.75334490912 0.695872689844 1.76357708769 2.51796435002 3.2159569223 0.737794082659 1.37122587573 2.12930940159 23.6396269946 0.546981275274 1.04774962021 1.56326555876 0.4836348688 0.945686705927 1.16484568295 1.51575833135 41.2474810012 41.7457448586 42.2938981499 44.7929093965 45.6024111066 47.5169076824 0.66366402179 1.38349115109 1.57409352146 54.0840189291 54.7336565929 0.3478218409 0.571972598875 0.792898153615 709.106928846 10.1588225356 4.66581296773 4.40891833321 3.82830721948 3.48202138429 0.814378926874 0.212790297611 0.372635492176
-9999.0 -9999.0 -9999.0 -9999.0 -9999.0 -9999.0 -9999.0 -9999.0 -9999.0 -9999.0 -9999.0 -9999.0 -9999.0 -9999.0 0.675091367394 2.05235252992 7.47943388738 11.0239568181 0.623977012471 14.6008365604 18.5336921066 0.664398295087 1.27065269532 1.98729922495 29.3888022271 30.0254038962 0.482476838166 2.54263177605 3.00197213139 3.35378302124 38.1436464371 38.9298176049 39.5349493229 0.307687250019 1.73440948918 2.0770242239 0.964143996565 1.37429076162 49.4897745268 51.5395580705 51.9067477965 52.2589539421 55.242565512 0.249485922153 0.238862939424 1.25516188064 709.482591931 0.355515707085 0.119288673638 0.354499796607 0.13592075552 3.07234579305 2.7568568411 1.63868076262 1.14479034521
-9999.0 -9999.0 -9999.0 -9999.0 -9999.0 -9999.0 -9999.0 -9999.0 -9999.0 -9999.0 -9999.0 -9999.0 -9999.0 -9999.0 -9999.0 -9999.0 1.44079142833 2.90672607307 13.1165106744 13.8841991341 19.2018882089 19.9340045969 0.663387466829 1.32652151724 3.14328520278 30.7117425705 31.7924333109 32.2409575259 0.389288558003 33.7728607163 34.5423929294 0.529449787222 0.309094764526 0.572844813081 1.13875343757 0.29088522483 0.59560538812 1.30178686816 1.65549046108 0.341573154306 0.252328704501 0.505430147576 56.9274375478 57.431214044 57.6443210575 59.4393816024 709.820591317 0.261446157783 0.0838904025805 0.101104282581 0.100948189668 0.103602768371 0.0954687040061 0.177521546756 0.197850759067
-9999.0 -9999.0 -9999.0 -9999.0 -9999.0 -9999.0 -9999.0 -9999.0 -9999.0 -9999.0 -9999.0 -9999.0 -9999.0 -9999.0 -9999.0 -9999.0 0.754792158796 0.737625942541 0.739061488143 1.5254705005 0.686679496589 21.2907458612 21.9601434301 0.628241934815 1.21536291454 0.602579628327 0.533251584474 0.517869909611 33.0738939044 0.237010316936 0.501388810631 0.28534043361 0.296911446043 0.276154696037 0.228074920064 0.237207068816 0.737602232361 1.01122178167 0.213751017006 0.194272814504 0.428127128264 0.711224982237 0.882025415204 0.221447381035 57.9275810494 59.6646226948 710.094705947 0.767073974917 0.251661641497 0.0589685310317 0.148557673295 0.049111133278 0.0401992411454 0.222907745249 0.952594943297
-9999.0 -9999.0 -9999.0 -9999.0 -9999.0 -9999.0 -9999.0 -9999.0 -9999.0 -9999.0 -9999.0 -9999.0 -9999.0 -9999.0 -9999.0 -9999.0 -9999.0 -9999.0 0.728696358363 2.19591495263 2.80313536033 3.46469642917 22.6014013918 23.2362595605 23.8854664113 24.5923891188 25.0940673817 26.1397426256 26.3711728586 26.5866720315 26.7850281106 0.251406939153 0.241840503181 0.260610986737 0.974509373478 0.262946786049 0.257415406675 0.205017372609 0.619313512739 0.253515530946 0.208224930088 0.193807155776 0.172233288535 0.343791614308 0.511757611118 60.7408868831 771.875846827 0.25369269872 0.550986111605 0.0460952924103 0.201641986256 0.106954668826 0.0809887607689 1.93672030865 1.5624500138
-9999.0 -9999.0 -9999.0 -9999.0 -9999.0 -9999.0 -9999.0 -9999.0 -9999.0 -9999.0 -9999.0 -9999.0 -9999.0 -9999.0 -9999.0 -9999.0 -9999.0 -9999.0 -9999.0 0.602384656394 4.78180629652 9.56421699427 10.2669945031 0.834366197589 1.46606761797 2.03436941896 2.52276658574 5.74833740341 5.99399950819 0.241937597292 0.242800892182 27.323674142 27.8059241678 28.0261695066 1.16504345247 0.183593107747 0.455291230381 0.668313284679 2.02044931567 2.49604476937 2.89494932434 0.367587765987 0.521578314784 0.181226616874 0.37083687339 0.196044169715 772.273645955 0.257281794759 1.03549652725 0.33860899643 0.676766918829 1.77735475844 1.99948752167 4.07498532451 1.58674831731
-9999.0 -9999.0 -9999.0 -9999.0 -9999.0 -9999.0 -9999.0 -9999.0 -9999.0 -9999.0 -9999.0 -9999.0 -9999.0 -9999.0 -9999.0 -9999.0 -9999.0 -9999.0 0.672342734594 2.14029230923 4.18994901599 5.47628009891 14.1969384233 14.9633411439 1.1874390398 1.76209365884 2.26529906541 2.7595522496 6.20979659665 6.68209352591 11.3612216331 11.7564023617 12.0106731634 28.2623509972 30.0858615721 0.437045169835 0.284389862366 0.272980201167 0.535744220717 0.253604728757 3.39359376374 3.58389456387 0.693613354062 0.846355842112 0.187133894307 158.859390445 159.28607978 931.866694823 933.262999827 0.245513514961 1.18704253236 0.346462714885 0.309021106045 4.59933429093 6.38572413109
-9999.0 -9999.0 -9999.0 -9999.0 -9999.0 -9999.0 -9999.0 -9999.0 -9999.0 -9999.0 -9999.0 -9999.0 -9999.0 -9999.0 -9999.0 -9999.0 -9999.0 -9999.0 -9999.0 0.763276395003 0.74149066449 1.39868182805 3.32219461572 15.5895050139 0.60782519191 0.597952279085 1.08509086523 1.59491607394 3.74370612153 4.01759570567 0.219917260682 0.252143432302 12.3085421645 12.5626388819 42.8792122893 43.0965362393 0.170045950251 0.152024885054 0.136920617995 0.138125344025 0.150614301264 155.451016154 156.589186309 157.587052114 157.925121887 158.703077539 0.229313351394 0.845754550021 1.08370798358 934.885283439 935.118809542 935.304120336 935.474312391 935.637179034 6.61721005945
-9999.0 -9999.0 -9999.0 -9999.0 -9999.0 -9999.0 -9999.0 -9999.0 -9999.0 -9999.0 -9999.0 -9999.0 -9999.0 -9999.0 -9999.0 -9999.0 -9999.0 -9999.0 -9999.0 -9999.0 0.677918583882 0.710570327332 1.31900470398 18.1517886339 18.8352639914 0.582035787386 1.0698537026 1.59370720669 1.92405492782 0.272870524215 0.541674737241 38.5809462099 38.8250631904 39.069548927 40.8533681246 84.1659416216 148.602510007 148.992051412 149.365502095 149.724323961 151.200826286 151.680536347 0.969435885981 0.445513306841 0.274902117271 0.52116587818 0.417120194544 0.661148931975 0.224896062675 4.18186403898 4.86741469883 5.39416767826 5.54627715641 935.793180078 942.611960021
-9999.0 -9999.0 -9999.0 -9999.0 -9999.0 -9999.0 -9999.0 -9999.0 -9999.0 -9999.0 -9999.0 -9999.0 -9999.0 -9999.0 -9999.0 -9999.0 -9999.0 -9999.0 -9999.0 -9999.0 -9999.0 0.687928696863 1.31870846835 1.95265307573 19.3724568666 0.627010200926 26.1107345609 26.6430693064 26.9009019491 27.1721325569 37.4160545052 37.7567367442 0.269088834342 1.30417138304 1.59423185217 0.284958676226 64.0451638464 63.5199028745 0.183755764093 0.419088126428 1.14339758895 0.252731838294 0.280106519739 0.222906345161 0.201888394977 0.160680440937 0.195593362234 3.46439330939 3.68082702844 3.9369861293 0.415640938418 0.276592592619 5.75883905228 5.98347931101 6.10814462306
-9999.0 -9999.0 -9999.0 -9999.0 -9999.0 -9999.0 -9999.0 -9999.0 -9999.0 -9999.0 -9999.0 -9999.0 -9999.0 -9999.0 -9999.0 -9999.0 -9999.0 -9999.0 -9999.0 -9999.0 -9999.0 0.626037977017 0.588045076154 3.04715544467 23.6933705174 24.9674429501 25.6415524298 0.538486680925 9.43404495326 9.68955605959 9.84696061546 0.291039962543 0.591768012924 0.864040629622 14.7725959237 14.9919729769 15.1912971041 63.1347113947 39.0518659606 0.233965153997 0.246856836387 0.236288117961 0.199158360816 1.93984894196 2.39190044705 2.79263795703 3.02713461522 3.2537278614 17.0819488737 17.261797153 17.4380443188 17.8157236128 19.9327376307 20.0744305511 26.3458414268
-9999.0 -9999.0 -9999.0 -9999.0 -9999.0 -9999.0 -9999.0 -9999.0 -9999.0 -9999.0 -9999.0 -9999.0 -9999.0 -9999.0 -9999.0 -9999.0 -9999.0 -9999.0 -9999.0 -9999.0 -9999.0 -9999.0 1.2238506141 1.87214026436 0.706515087197 0.580751727331 7.66165790377 8.20945452701 8.59532308342 3.09177654339 3.29779377996 3.5262635058 3.78592888392 14.2851977743 14.5722644065 8.20779513982 23.6463152789 23.8787508416 38.85873139 0.477421463793 0.243594263372 0.17717351842 1.30475621189 1.54251224369 0.167741669095 0.158528653674 16.2583720923 16.6801218285 16.9067603695 0.18057407177 0.266882732117 19.5610070837 0.240074334426 1.04264670715 1.17227579189
-9999.0 -9999.0 -9999.0 -9999.0 -9999.0 -9999.0 -9999.0 -9999.0 -9999.0 -9999.0 -9999.0 -9999.0 -9999.0 -9999.0 -9999.0 -9999.0 -9999.0 -9999.0 -9999.0 -9999.0 -9999.0 -9999.0 0.613760846591 1.21495002494 5.20134295793 5.92286516107 6.5705609148 2.42353638393 2.88299326338 0.235865884943 9.79947732975 10.0126054476 10.2288263755 0.246059213684 7.6724147331 7.96897426178 0.236038848905 37.6344197447 0.517212967825 0.255300420943 0.687588358574 0.931951845872 0.199876444196 0.165274027759 14.3176568267 15.8642529306 16.1134468971 0.244623329807 0.564106581899 0.716100196986 0.842521945845 1.63403014163 0.383803467737 0.850524294246 0.187462691732
