data/baseflow/History/mHMbfrc279
ncols                  80
nrows                 72
xllcorner      4374000.0
yllcorner      5656000.0
cellsize            500
NODATA_value       -9999
[rows 24 to 47 of 72, columns 0 to 54 of 80]
-9999.0 -9999.0 -9999.0 -9999.0 -9999.0 -9999.0 -9999.0 -9999.0 -9999.0 -9999.0 -9999.0 -9999.0 1.25829334515 3.61010715358 4.7335066953 8.12776272075 0.983473376457 1.98712831115 2.93292594813 11.5433966296 12.3835835127 13.0954289292 13.8609587879 14.5772119933 22.1845216659 24.3389362189 25.5091172136 0.501708799087 2.79331460786 3.25331940098 49.0155464299 51.2264739134 52.2229445604 53.2442989512 54.134915595 207.614619807 0.198376496269 422.579794392 0.732512395672 0.357202600331 4.00641767272 3.48267388903 0.553305979246 1.95416115104 2.87841730405 2.84333169659 1.98388585183 3.25179235594 5.13978493188 1.91772723431 4.78700754989 0.4389347762 0.678612044947 0.149427437171 0.112452126362
-9999.0 -9999.0 -9999.0 -9999.0 -9999.0 -9999.0 -9999.0 -9999.0 -9999.0 -9999.0 -9999.0 -9999.0 1.20133043183 2.40372441908 1.14260328561 2.28500130619 1.01198847172 7.69274434687 9.62421558725 10.6032633484 0.914274433548 1.78625089856 16.7614341317 20.879473604 21.5553176308 1.49150481993 1.35489839845 1.94789718035 0.425862221114 0.404442187193 0.77047062125 0.356878436595 23.8984114727 24.3630244619 24.6639521798 208.00793201 425.286427946 422.928748142 0.564285025879 0.257363220267 0.243071556054 1.19576007981 0.937051501557 2.42986417649 3.43929898541 6.90504753378 0.620454002076 0.617451612234 5.67945259643 6.23111091158 11.9936794089 12.3128704721 13.1347043159 13.4092249758 0.232825683458
-9999.0 -9999.0 -9999.0 -9999.0 -9999.0 -9999.0 -9999.0 -9999.0 -9999.0 -9999.0 -9999.0 -9999.0 -9999.0 1.17736280142 2.33699715918 3.49833729099 5.58951649653 1.08671892336 0.984674284242 6.51693525165 7.44070002288 15.0959103503 16.0191033143 2.61410571162 0.868583365556 0.763084287586 0.665512206294 21.4289105581 21.9134254271 22.3630892073 22.7455720654 23.4803127873 4.49539187187 4.82852028106 29.7534454982 663.274980129 1.98603191338 1.59793123003 0.834473648815 0.228559886135 0.209781565995 1.65406815421 1.81816640942 2.88820657729 0.244294535744 7.22728088932 1.03809268909 1.02106661823 0.23241427706 0.151804851733 0.121354146861 0.116173002342 0.119208269491 13.5396316581 166.359253568
-9999.0 -9999.0 -9999.0 -9999.0 -9999.0 -9999.0 -9999.0 -9999.0 -9999.0 -9999.0 -9999.0 -9999.0 -9999.0 -9999.0 1.11308777308 2.01984073297 2.79328293304 3.5722933622 4.55318682235 5.55219292147 2.96043710117 4.91789993365 0.922729899626 0.890728172663 17.5416256006 19.2381949634 20.0412116925 20.8574197605 0.584736716145 1.06832544038 2.96221877147 3.5202002175 4.03269174727 0.404372187803 0.241323721727 664.191060873 0.367318082453 0.467812637049 0.233152766729 0.881428229156 0.431457550249 0.20595162242 4.90306880615 5.05908203745 0.139461888186 7.37459702446 8.55119272145 1.16224331261 171.769767801 171.40464259 171.111790574 170.582008495 170.354416843 167.170245354 167.043909147
-9999.0 -9999.0 -9999.0 -9999.0 -9999.0 -9999.0 -9999.0 -9999.0 -9999.0 -9999.0 -9999.0 -9999.0 -9999.0 -9999.0 0.18885514227 0.428511216381 0.769517506562 6.54573090549 7.57998746213 1.04370484493 0.986177350476 0.986965072866 13.983109297 15.8514892511 0.896218677559 0.901183316446 0.788162095115 3.28657918145 4.09297802714 1.87200014906 2.45619401594 18.5610315872 19.2062882674 20.1562389777 31.7905884581 696.229496795 0.328451808289 0.193843817971 1.30303640401 1.09848218479 0.176937671086 0.572573136938 0.753332315293 5.2373595863 5.38276323489 14.3094535801 8.65325743264 1.31353031261 174.942700292 1.20589736389 170.857345801 170.724615152 2.96869622056 0.193900354252 0.51230565615
-9999.0 -9999.0 -9999.0 -9999.0 -9999.0 -9999.0 -9999.0 -9999.0 -9999.0 -9999.0 -9999.0 -9999.0 -9999.0 -9999.0 0.936943225593 1.54363529395 3.26826809387 5.58985846775 8.23084408024 10.1774798721 11.1572580009 12.1447026419 13.0925605886 0.919442926456 0.853665539796 1.69060142274 1.62492582035 0.85443162793 15.981289928 16.7744103392 17.5119797168 18.214539129 10.4238177177 10.9555949767 11.3812821037 696.444998793 0.581272323045 0.456205752968 1.93322971961 0.218884719998 0.35043527215 0.175665024273 0.172036275632 0.916803971934 0.127393095208 0.131363492625 189.933903194 175.513853888 175.379818206 0.477507472522 1.09437348164 0.722685841418 0.180766448984 2.6583200145 0.791820120134
-9999.0 -9999.0 -9999.0 -9999.0 -9999.0 -9999.0 -9999.0 -9999.0 -9999.0 -9999.0 -9999.0 -9999.0 -9999.0 -9999.0 0.644401767722 0.593775177817 1.15988754466 1.76814388332 1.00676903125 1.12172947781 2.14744118384 3.16247367088 5.09846430078 6.04568984053 6.88615992773 9.44212547745 10.2460124429 11.1206736264 0.807514931318 7.95183598599 8.65456507293 9.29958022694 0.536828035898 0.322148269362 0.541066341041 708.271925794 708.476702473 709.404608416 2.57571583656 0.459417897058 0.52032950806 0.162903400175 0.308235432857 1.05631636521 1.30411291037 0.241922100908 190.499763347 0.165777183633 0.258622509497 0.294299275933 0.207238298935 0.396104132698 0.16762361942 1.67990517148 1.32903269586
-9999.0 -9999.0 -9999.0 -9999.0 -9999.0 -9999.0 -9999.0 -9999.0 -9999.0 -9999.0 -9999.0 -9999.0 -9999.0 -9999.0 -9999.0 0.559343013846 1.10088037535 0.541318067709 1.14598255271 7.2986134385 8.19800667711 9.18287876062 0.959286603969 0.958927307268 1.79895720097 2.67385180705 4.26521117648 5.09474562253 5.5878641703 6.36132505357 0.671347287376 0.631270562657 10.2966828492 10.6044684402 10.8355626013 11.0632009092 9.04942747355 719.39909712 723.338100751 723.553562717 724.267963413 725.111162899 725.572501121 0.131277972966 1.42618685396 190.625430337 0.303734476104 0.155178447949 0.138551373284 0.123816913503 0.227215646845 0.23672519972 0.132192086397 0.180968679476 0.175306636263
-9999.0 -9999.0 -9999.0 -9999.0 -9999.0 -9999.0 -9999.0 -9999.0 -9999.0 -9999.0 -9999.0 -9999.0 -9999.0 -9999.0 -9999.0 -9999.0 1.63612836923 2.22539804263 3.97999639891 5.46112098244 0.84103785256 11.0880755753 12.0229988238 12.9177432897 0.868846623589 1.72731065555 0.784098451029 5.85409497087 6.31930053455 7.03294873045 7.76146152465 9.55357222786 9.82513389782 0.172636629124 8.1833195886 8.63072645261 8.83749730782 9.77698236343 1.14803130494 0.715019421546 0.431747572753 0.418892256788 725.992447024 726.18359909 728.499310211 190.754015301 0.785196602487 0.368487345477 0.243831539098 0.0891860833983 0.713915861802 0.379825188293 0.120987327578 0.653607353611 0.546802294878
-9999.0 -9999.0 -9999.0 -9999.0 -9999.0 -9999.0 -9999.0 -9999.0 -9999.0 -9999.0 -9999.0 -9999.0 -9999.0 -9999.0 -9999.0 -9999.0 0.569786853389 2.7955139969 3.42075788778 0.892892854606 1.02267002922 2.07214768718 3.04578215851 16.8714818889 0.88099733722 3.51082635022 4.31925833336 5.11533170662 0.483380864405 1.15125502235 1.56213099893 6.57865380268 7.36190031477 7.56579842334 0.228126946394 0.228601463723 0.278821484901 0.513752140507 0.224660832265 0.238539565073 0.33233803263 0.333106673282 0.336483674817 0.741249297325 728.701696123 919.957634542 0.936408811038 0.164982251644 0.0873736897254 2.22887527032 2.03747618548 1.20164641779 1.07923728404 0.811553349665 0.176969996947
-9999.0 -9999.0 -9999.0 -9999.0 -9999.0 -9999.0 -9999.0 -9999.0 -9999.0 -9999.0 -9999.0 -9999.0 -9999.0 -9999.0 -9999.0 0.470321476989 1.55371799726 0.512355879367 1.04121640061 1.10946039597 2.14604021525 3.16754686656 4.03839476803 21.5091884188 22.3622340091 0.868190664321 1.6767401777 2.49157434675 3.10223315618 3.78431135876 5.86088972499 6.32509023415 0.506673332939 0.398090706576 0.322381723971 0.29002849629 0.343655763148 0.381026234983 0.338544058557 0.453375719096 1.08318057825 0.517137783766 0.157947075433 0.15186285022 0.166280609671 0.319730333554 926.531185399 5.41167204722 2.58319055182 0.169663383014 0.0730408846926 0.076821272332 0.289440906365 0.207711990298 0.109138174804
-9999.0 -9999.0 -9999.0 -9999.0 -9999.0 -9999.0 -9999.0 -9999.0 -9999.0 -9999.0 -9999.0 -9999.0 -9999.0 -9999.0 0.499273317624 0.955040267578 3.42840495497 0.437640740541 1.83142071059 2.924718401 3.95788957627 1.05327213807 1.97773915405 2.74034225373 25.6735168042 0.837988421667 1.61229804161 2.41135922916 0.750998848973 1.49011730053 1.98247536028 2.44947913391 49.238227156 49.9860940299 50.6101016738 52.9411494741 53.9505994844 55.855364425 0.529761960395 1.19266135398 1.28764174083 61.2796359531 61.6024233239 0.144677612995 0.282029408699 0.414773703539 926.663251846 5.05925451124 2.27606026589 2.19406001243 1.77521151009 1.58916306285 0.385418055342 0.089261302958 0.188382078878
-9999.0 -9999.0 -9999.0 -9999.0 -9999.0 -9999.0 -9999.0 -9999.0 -9999.0 -9999.0 -9999.0 -9999.0 -9999.0 -9999.0 0.517875191834 1.55111409727 5.48794877937 7.97850716855 0.372383243594 10.3205202195 14.8446212903 0.97800246666 1.8978432175 2.72282119647 33.3270794539 33.9567307609 0.614056254985 3.65227905242 4.26558530706 4.87872858457 44.5274110942 45.7566132401 46.3713303637 0.290703192246 1.71107377757 2.0129564942 0.839914949418 1.19511391084 57.5790772831 59.2734972071 59.5502144458 59.8116567854 61.945335582 0.168070046851 0.149419453598 0.690439349759 926.808686456 0.118570479144 0.122890077465 0.347481426072 0.120469087513 1.44624397757 1.18113078034 0.688672423746 0.508045628549
-9999.0 -9999.0 -9999.0 -9999.0 -9999.0 -9999.0 -9999.0 -9999.0 -9999.0 -9999.0 -9999.0 -9999.0 -9999.0 -9999.0 -9999.0 -9999.0 1.05032606794 2.07145428693 9.35279517544 9.85825810763 15.2796128512 15.8400303599 0.956268396046 1.91180072026 4.46351478807 34.3853462051 35.5573810192 36.0386294643 0.4084554892 37.8458960216 39.1302974059 0.761423201948 0.294247227503 0.608430921836 1.16101398367 0.271040716986 0.53648647336 1.21133228648 1.48260426717 0.254461280512 0.184463379958 0.365862466404 63.3471653624 63.7847959215 63.9205057931 64.9294977915 926.947249264 0.0776939643797 0.0985701390917 0.100198108957 0.0958711023 0.0976499356771 0.0854874361115 0.162884555637 0.0640128710901
-9999.0 -9999.0 -9999.0 -9999.0 -9999.0 -9999.0 -9999.0 -9999.0 -9999.0 -9999.0 -9999.0 -9999.0 -9999.0 -9999.0 -9999.0 -9999.0 0.534264791869 0.516869271403 0.504682379874 1.02113126346 0.42987989301 16.7032714281 17.2212071856 0.867666120634 1.7457506574 0.728858672448 0.5672883895 0.550291418891 37.04203048 0.425219405161 0.854680159894 0.410322083772 0.341793990625 0.282452017839 0.228257937394 0.235647194797 0.717881035879 0.977963688074 0.193200253933 0.164994558396 0.348189528594 0.565516594587 0.800942911767 0.240419454401 64.0954991335 65.0652604758 927.053542397 0.427637931555 0.279802007753 0.070602787528 0.154199701273 0.0593006470285 0.0464124907085 0.212671127069 0.338413395182
-9999.0 -9999.0 -9999.0 -9999.0 -9999.0 -9999.0 -9999.0 -9999.0 -9999.0 -9999.0 -9999.0 -9999.0 -9999.0 -9999.0 -9999.0 -9999.0 -9999.0 -9999.0 0.512101126467 1.47311913021 1.85400238153 2.26898515873 17.6564736629 18.1316582089 18.6290271545 19.2639229304 19.8039136248 20.9114182964 21.3167346633 21.7237832505 22.0763890366 0.314370959739 0.302127944813 0.299908242556 1.0088033653 0.256609715694 0.246930499879 0.205194755091 0.59031015761 0.207451123499 0.166264661073 0.156596257526 0.134413113549 0.268329800703 0.388549113023 65.8548143436 993.456787317 0.0683351014231 0.159000121618 0.063693626002 0.222894258558 0.140604574468 0.0933143400483 0.83758154871 0.570813775082
-9999.0 -9999.0 -9999.0 -9999.0 -9999.0 -9999.0 -9999.0 -9999.0 -9999.0 -9999.0 -9999.0 -9999.0 -9999.0 -9999.0 -9999.0 -9999.0 -9999.0 -9999.0 -9999.0 0.402588487941 3.36557676964 6.53677056582 6.97734583372 0.818040608591 1.68948002328 2.58100961459 3.3023971567 8.06694800448 8.40275074024 0.323379182697 0.321432655173 22.7317272 23.328326806 23.6051066034 1.21210520315 0.165953516896 0.395219862469 0.590153884996 1.8031400317 2.20326431584 2.52300606394 0.298362635874 0.418793055085 0.138754139836 0.27204796328 0.137002321338 993.730056558 0.065314636663 0.281869213726 0.148949632229 0.446571302589 0.865390313974 1.00070814511 1.87900919531 0.762492817622
-9999.0 -9999.0 -9999.0 -9999.0 -9999.0 -9999.0 -9999.0 -9999.0 -9999.0 -9999.0 -9999.0 -9999.0 -9999.0 -9999.0 -9999.0 -9999.0 -9999.0 -9999.0 0.469254169901 1.52443376247 2.96937575629 3.85658011397 9.73684478575 10.3937539398 1.838259832 2.74112806699 3.53936666911 4.22868451333 8.78141914789 9.4539829694 17.1440763263 17.7748601307 18.0728415391 23.8515485991 25.6273643808 0.378629380331 0.241827554988 0.229413834589 0.437604717183 0.201472309626 2.91380223948 3.06702514422 0.551838434321 0.734261521592 0.136327313891 177.604781905 177.879820586 1171.78082793 1172.17567444 0.0632758542604 0.5774738748 0.0788038171411 0.0745778937507 2.05265393423 2.89062432356
-9999.0 -9999.0 -9999.0 -9999.0 -9999.0 -9999.0 -9999.0 -9999.0 -9999.0 -9999.0 -9999.0 -9999.0 -9999.0 -9999.0 -9999.0 -9999.0 -9999.0 -9999.0 -9999.0 0.556344884182 0.541175990704 1.00090806895 2.35151149492 10.8672482644 0.939690914315 0.932534425306 1.70871779064 2.50470710629 6.11294403832 6.62771254269 0.423203476139 0.419655342113 18.4356518233 18.6583082821 44.524722562 44.7287472009 0.145189051679 0.13216885818 0.115938572126 0.116800262153 0.128060366157 174.716145764 175.596046725 176.542751743 176.887839007 177.445679631 0.14595167947 0.544857183647 0.668649032653 1173.09283399 1173.17189061 1173.33049811 1173.53597008 1173.71828262 3.00280509574
-9999.0 -9999.0 -9999.0 -9999.0 -9999.0 -9999.0 -9999.0 -9999.0 -9999.0 -9999.0 -9999.0 -9999.0 -9999.0 -9999.0 -9999.0 -9999.0 -9999.0 -9999.0 -9999.0 -9999.0 0.478883870454 0.51024265531 0.932449636083 12.7004750402 13.2509682849 0.921414282147 1.69048367027 2.49940590881 3.13758754638 0.578791604761 1.08665543397 34.2290607761 34.5173010502 34.8449558485 37.0783122587 82.0895051085 168.741283065 169.092140904 169.412124749 169.727175611 171.068674392 171.493222338 0.733097163945 0.328606339228 0.18668270777 0.35501792932 0.270753213274 0.425041025942 0.132125087217 3.15740920944 3.40285057707 3.58993732383 3.66542454084 1173.80913329 1176.94767329
-9999.0 -9999.0 -9999.0 -9999.0 -9999.0 -9999.0 -9999.0 -9999.0 -9999.0 -9999.0 -9999.0 -9999.0 -9999.0 -9999.0 -9999.0 -9999.0 -9999.0 -9999.0 -9999.0 -9999.0 -9999.0 0.490518405669 0.936179780506 1.38764554877 13.6579390259 0.662319529655 19.313112345 20.1426206966 20.7469669207 21.2985919796 32.1148488555 32.6508856939 0.286009379418 1.63832559565 1.9569276239 0.265492960414 86.3108294012 85.8066445702 0.17695133433 0.395855092186 1.04378335761 0.225408445574 0.225131397075 0.165525644757 0.142064454621 0.116393628655 0.129104553131 2.74642157815 2.87686291577 3.02859319053 0.139429168342 0.106720995729 3.73260294627 3.81766868695 3.87797659652
-9999.0 -9999.0 -9999.0 -9999.0 -9999.0 -9999.0 -9999.0 -9999.0 -9999.0 -9999.0 -9999.0 -9999.0 -9999.0 -9999.0 -9999.0 -9999.0 -9999.0 -9999.0 -9999.0 -9999.0 -9999.0 0.434969582581 0.406457349451 2.12516436796 16.7348917765 17.8878827999 18.5446184472 0.722822736132 9.4124240883 9.991584595 10.2664973909 0.502984575619 0.828531210595 1.07764722407 19.5548641244 19.7808002761 19.9850735661 85.4355487568 52.5904245513 0.209898255811 0.219172050373 0.212468835295 0.17253797807 1.71583417559 2.02964116136 2.31134422646 2.46237940597 2.60886976213 19.8315548314 19.9443401718 20.1113471783 20.5324908771 21.8877200791 21.9587607716 25.9129462544
-9999.0 -9999.0 -9999.0 -9999.0 -9999.0 -9999.0 -9999.0 -9999.0 -9999.0 -9999.0 -9999.0 -9999.0 -9999.0 -9999.0 -9999.0 -9999.0 -9999.0 -9999.0 -9999.0 -9999.0 -9999.0 -9999.0 0.851483432324 1.31196476082 0.527044565768 0.943856787398 6.87356797071 7.6119641827 8.13148370851 3.97297239902 4.44539303035 4.92681359539 5.24935438282 19.0753328124 19.3664148671 12.2219016246 32.4396847738 32.6570837719 52.4186885004 0.429956477013 0.218766001127 0.166872668941 1.18310019091 1.38299240013 0.121424300219 0.111671886092 19.3546068035 19.6087149582 19.7284421396 0.189481606997 0.29560297082 21.7049216014 0.112626666961 0.475772885425 0.536951127018
-9999.0 -9999.0 -9999.0 -9999.0 -9999.0 -9999.0 -9999.0 -9999.0 -9999.0 -9999.0 -9999.0 -9999.0 -9999.0 -9999.0 -9999.0 -9999.0 -9999.0 -9999.0 -9999.0 -9999.0 -9999.0 -9999.0 0.429716777942 0.848039922556 3.74363608324 4.32381908341 5.08923528054 2.95123924854 3.5160373124 0.462842198525 12.737021954 13.1585721031 13.5498592739 0.310075235338 11.6743891072 11.9747609572 0.234212954297 51.3137175268 0.47650993253 0.240515716865 0.627980188879 0.847352201438 0.171915035638 0.14647338205 18.006369263 19.1226757025 19.2680006223 0.153898676739 0.347538072934 0.442290363375 0.52522456402 1.02226633104 0.177105140794 0.386800400664 0.0835215488041
