data/baseflow/History/mHMbfrc356
ncols                  80
nrows                 72
xllcorner      4374000.0
yllcorner      5656000.0
cellsize            500
NODATA_value       -9999
[rows 24 to 47 of 72, columns 0 to 53 of 80]
-9999.0 -9999.0 -9999.0 -9999.0 -9999.0 -9999.0 -9999.0 -9999.0 -9999.0 -9999.0 -9999.0 -9999.0 1.10452308788 3.06808322831 3.98983432384 6.79286350839 0.814855591123 1.64774489334 2.40277915971 9.27828430339 9.86687201617 10.3090226672 10.8376817627 11.4343580507 17.3598051292 19.0463508992 19.9062142213 0.338419360326 1.95563661432 2.26799552945 36.9303303379 37.9046758251 38.3691974491 38.845208741 39.205436752 145.303756896 0.134912431634 284.795660273 0.351322937692 0.156978575118 1.98978790227 1.73547412056 0.22829029725 0.94607791458 1.48307148405 1.45999769984 0.987705691341 1.60851458845 2.5352059035 0.918410471846 2.34957962055 0.17505314363 0.268091960139 0.0496884794929
-9999.0 -9999.0 -9999.0 -9999.0 -9999.0 -9999.0 -9999.0 -9999.0 -9999.0 -9999.0 -9999.0 -9999.0 1.04442499283 2.06114137959 0.922496360993 1.8747988227 0.805684317733 6.27288866532 7.78764085528 8.57320837387 0.682125655703 1.29234224735 13.4532035813 16.4029023366 16.8802172608 1.16299620516 1.01530122582 1.447329682 0.259638078654 0.225087305497 0.411231371474 0.183682449335 20.2806537734 20.4759720985 20.6030748789 145.538792619 286.133544307 284.935692275 0.224150131071 0.114699036792 0.0995478883956 0.429865042431 0.349940190087 1.12156073033 1.71583823044 3.46101515268 0.289178773574 0.285566732488 2.77196488004 3.02295029178 5.81170402186 5.950751359 6.27390159151 6.36622563908
-9999.0 -9999.0 -9999.0 -9999.0 -9999.0 -9999.0 -9999.0 -9999.0 -9999.0 -9999.0 -9999.0 -9999.0 -9999.0 0.964363949597 1.91708456418 2.87909226462 4.58358151655 0.900554007045 0.794433661125 5.65866571598 6.35037263294 12.2971734304 12.9952003553 1.91921134926 0.64822223383 0.578215045402 0.495203901215 18.9057444958 19.2146890247 19.498847811 19.7130966414 20.1004440874 2.69394257264 2.86988631351 23.6024022983 455.394275377 0.957341255224 0.763114687769 0.367407660709 0.102610386888 0.0805282984512 0.624714657334 0.681438138107 1.26615440301 0.0716750747993 3.56173980267 0.449330001678 0.435036717202 0.0685915745983 0.0424323550919 0.039805275058 0.0493830754361 0.04557162334 6.42458171941
-9999.0 -9999.0 -9999.0 -9999.0 -9999.0 -9999.0 -9999.0 -9999.0 -9999.0 -9999.0 -9999.0 -9999.0 -9999.0 -9999.0 0.930047812262 1.76347036022 2.50130172461 3.26756774428 4.07340412423 4.9065641004 2.38222383296 3.92962020853 0.685143930974 0.658653133222 16.0308773641 17.3056427821 17.8698189459 18.4831261113 0.403644578666 0.70571566587 1.90396786915 2.20889240204 2.46950029743 0.23308544577 0.155903289316 455.929299629 0.195937385329 0.257746489055 0.124697084313 0.40156399638 0.188154404572 0.10171652118 2.04757202555 2.13639971959 0.0549845486565 3.62897005843 4.12082230127 0.478741238338 97.5139402946 97.4079770098 97.319188878 97.1003520817 97.0090350875 94.9195373714
-9999.0 -9999.0 -9999.0 -9999.0 -9999.0 -9999.0 -9999.0 -9999.0 -9999.0 -9999.0 -9999.0 -9999.0 -9999.0 -9999.0 0.199989838317 0.448212060481 0.73998513935 6.96835109907 7.80788037018 0.854434523811 0.804450508511 0.781228365782 13.2876418651 14.7536724068 0.699471601116 0.716930360503 0.532682469154 2.19331781202 2.71068988694 1.2505720151 1.5785362316 13.2475178704 13.5825124193 14.2123804198 21.9848165497 478.066326035 0.196956744075 0.098796350641 0.61684082444 0.509927147447 0.0894168975007 0.289930421553 0.380533461307 2.23765832382 2.31738199043 6.60155203108 4.16743381652 0.528294369534 99.2158470819 0.774339342749 97.2319662893 97.1715049923 2.0005472383 0.127891038873
-9999.0 -9999.0 -9999.0 -9999.0 -9999.0 -9999.0 -9999.0 -9999.0 -9999.0 -9999.0 -9999.0 -9999.0 -9999.0 -9999.0 1.0228815152 1.67346110162 3.46438597362 6.10446403036 8.50774389592 10.2354967581 11.0424485662 11.8549620961 12.6194065303 0.714079220327 0.628721796575 1.22349205469 1.1086234921 0.570918974228 11.7014598071 12.197578673 12.6428778207 13.0587652155 6.95507594752 7.21779975798 7.56427622652 478.198731426 0.370969924067 0.275870955313 0.977363682581 0.0984248351052 0.194861539792 0.107018687585 0.0813466135035 0.467918814359 0.0591256173035 0.0639939050073 106.233022537 99.5879983855 99.5227542303 0.341207114211 0.727318741819 0.463107134473 0.0952171393432 1.77728537318
-9999.0 -9999.0 -9999.0 -9999.0 -9999.0 -9999.0 -9999.0 -9999.0 -9999.0 -9999.0 -9999.0 -9999.0 -9999.0 -9999.0 0.715840683988 0.673764964194 1.31843935586 1.99726243628 0.885029067452 0.928547125117 1.75334773895 2.55543969454 4.02896897863 4.77242158311 5.43503098063 7.3402530924 7.91203202296 8.53144354312 0.524874079966 5.57486458474 5.99799145464 6.38165115422 0.279336378203 0.130307571617 0.222501876116 485.979607787 486.105270087 486.707242003 1.28519672009 0.216349101237 0.286688661124 0.0752872335881 0.143860616963 0.535856071132 0.649270251891 0.114879812023 106.545951466 0.108582042083 0.187216331028 0.211945443243 0.157395352782 0.29675925185 0.121465608174 1.24800135821
-9999.0 -9999.0 -9999.0 -9999.0 -9999.0 -9999.0 -9999.0 -9999.0 -9999.0 -9999.0 -9999.0 -9999.0 -9999.0 -9999.0 -9999.0 0.645164009973 1.26911615645 0.611135868022 1.25673621169 7.94333724972 8.69590491532 9.47822876796 0.739203443778 0.74320474221 1.40423581646 2.05826944027 3.17657922196 3.74696860291 4.06470065274 4.55211523957 0.377909681956 0.334646743643 7.00052244224 7.15349490359 7.27838614172 7.41892325433 6.02530704403 493.316446079 495.428575497 495.514856535 495.869497254 496.268543612 496.458933286 0.0520548639181 0.701473911592 106.593706126 0.121382316511 0.062876478501 0.081504746974 0.0826176283821 0.142681774629 0.141418648246 0.0890245410126 0.153527981736
-9999.0 -9999.0 -9999.0 -9999.0 -9999.0 -9999.0 -9999.0 -9999.0 -9999.0 -9999.0 -9999.0 -9999.0 -9999.0 -9999.0 -9999.0 -9999.0 1.88747431155 2.54635606575 4.49707896823 6.00220656069 0.805032918441 11.1764272971 11.9135323192 12.6263757961 0.698670961683 1.35850851716 0.567650940434 4.45666228698 4.74520598363 5.20147064174 5.64189997492 6.63800361222 6.81211019712 0.110611179083 5.45059047801 5.74287887601 5.89364736475 6.47707378448 0.705133450218 0.43134672959 0.24515775562 0.229223468636 496.675586811 496.754903916 497.942461168 106.638465956 0.368363741073 0.205359419552 0.137199444035 0.0414783917013 0.44669193965 0.244021430749 0.0788726214469 0.479845594328
-9999.0 -9999.0 -9999.0 -9999.0 -9999.0 -9999.0 -9999.0 -9999.0 -9999.0 -9999.0 -9999.0 -9999.0 -9999.0 -9999.0 -9999.0 -9999.0 0.686780317661 3.20492757478 3.88576996434 0.85598720492 0.82467043622 1.65610707766 2.40895959625 15.7819838868 0.687120633302 2.76498536447 3.36533797894 3.95111484049 0.307718589965 0.723241840362 0.9494909978 4.45282424812 4.90216571175 5.04649981026 0.154373888776 0.137907997235 0.157387662789 0.293986592568 0.121593842252 0.122527095051 0.171199586195 0.143946471043 0.177652982331 0.43945882341 498.040428461 604.912728579 0.453833477972 0.0995505416053 0.0427195771821 1.50964806854 1.41557492648 0.888531609636 0.805805745794 0.60677174387
-9999.0 -9999.0 -9999.0 -9999.0 -9999.0 -9999.0 -9999.0 -9999.0 -9999.0 -9999.0 -9999.0 -9999.0 -9999.0 -9999.0 -9999.0 0.59366941968 1.91527777923 0.63431484023 0.955572791343 0.954841224895 1.80203127967 2.61584321992 3.3323047486 19.7391590502 20.4026730301 0.686039745001 1.29568753799 1.91451988368 2.30953375272 2.73506194956 3.9472908091 4.2886919208 0.258820857164 0.211630006688 0.161731444231 0.184653396736 0.176102334585 0.211095206548 0.173541291458 0.226349077389 0.601310889035 0.278271789412 0.101708865263 0.0972778192547 0.0901390831589 0.163717055807 609.675035059 4.22529964359 1.78724039646 0.161057350239 0.0739838093818 0.0521555959986 0.201181402396 0.140050375359
-9999.0 -9999.0 -9999.0 -9999.0 -9999.0 -9999.0 -9999.0 -9999.0 -9999.0 -9999.0 -9999.0 -9999.0 -9999.0 -9999.0 0.630494293722 1.20544984387 4.33489854275 0.609010169102 1.79288739117 2.72094199059 3.57157045774 0.881417889896 1.63471619241 2.35399350641 23.3381825027 0.641319207662 1.20071229226 1.7630224793 0.484209681517 0.954116021723 1.18528473475 1.4896292293 41.9196844033 42.3488531897 42.7058778744 44.5296216062 45.0723276306 46.3322957705 0.25388871334 0.599790903241 0.724869827572 49.6970125796 49.876404824 0.0869298685399 0.144077112759 0.198312665975 609.756518796 4.03780901439 2.04026603496 1.94823507871 1.50348738904 1.27794154099 0.265033847738 0.0634558659736
-9999.0 -9999.0 -9999.0 -9999.0 -9999.0 -9999.0 -9999.0 -9999.0 -9999.0 -9999.0 -9999.0 -9999.0 -9999.0 -9999.0 0.631001763642 1.92421759257 6.88933324446 10.1949994763 0.546027920504 13.3838186398 17.5942459023 0.825100993358 1.57443146392 2.32026832284 29.9205863029 30.5023943822 0.505609860522 2.78564770792 3.23459053278 3.62278026293 38.8604599554 39.7271685525 40.2353199837 0.241657377671 1.33654684057 1.58555195514 0.635112545106 0.904982774433 47.5576656117 48.5208804305 48.7131853999 48.8894786731 50.0464976952 0.0825603913778 0.0713222176518 0.324844970282 609.833082365 0.118427162802 0.123420433551 0.3705363603 0.158168057883 1.16026811241 0.941463654228 0.569893172371
-9999.0 -9999.0 -9999.0 -9999.0 -9999.0 -9999.0 -9999.0 -9999.0 -9999.0 -9999.0 -9999.0 -9999.0 -9999.0 -9999.0 -9999.0 -9999.0 1.35116512607 2.7170282277 12.0900873333 12.7676597199 18.1849875261 18.8329578466 0.802753960183 1.60449409301 3.73813601527 31.0352671382 32.1351047236 32.5508068677 0.319214699666 34.0596699959 34.9599852938 0.570541463352 0.245971883236 0.466959862611 0.904579578468 0.213949321305 0.414322267567 0.869360377108 1.07493062194 0.205923096045 0.123082782116 0.237579377019 50.9804807839 51.2597389111 51.3166059297 51.8325362922 609.896073406 0.0767508399572 0.0683805931173 0.0929246255758 0.0927911976551 0.0970146589965 0.0819206883282 0.146854201644
-9999.0 -9999.0 -9999.0 -9999.0 -9999.0 -9999.0 -9999.0 -9999.0 -9999.0 -9999.0 -9999.0 -9999.0 -9999.0 -9999.0 -9999.0 -9999.0 0.710017952193 0.694514173923 0.684460028272 1.37766513662 0.597578743486 20.0221902303 20.6139672392 0.741665000012 1.46306054248 0.701883993892 0.549038047797 0.527792972657 33.4404576548 0.299332352713 0.61312637681 0.314843951625 0.257627021282 0.224868265796 0.16011738494 0.169266950513 0.517213624251 0.715838449245 0.126446088515 0.106555306395 0.237341742149 0.410612484314 0.53579435659 0.149676419275 51.4382341227 51.8954254389 609.935308115 0.311688396033 0.157240784814 0.0425410365042 0.125493600715 0.0338802340968 0.0257524028864 0.17607722017
-9999.0 -9999.0 -9999.0 -9999.0 -9999.0 -9999.0 -9999.0 -9999.0 -9999.0 -9999.0 -9999.0 -9999.0 -9999.0 -9999.0 -9999.0 -9999.0 -9999.0 -9999.0 0.684854655226 2.00501327804 2.55400940814 3.13408384981 21.1783447946 21.7441897712 22.3072628504 22.9560386255 23.4659512886 24.5295694258 24.8173399556 25.0906736946 25.3113262136 0.215978863224 0.194203032306 0.21295617313 0.724511721984 0.196414173702 0.181362419968 0.130583996432 0.375462437521 0.155534265753 0.110979440167 0.100178398131 0.0835934304482 0.16667534279 0.23981604119 52.3882492675 662.678048019 0.0722490240502 0.139768559056 0.0305889343943 0.162650028875 0.0751934856023 0.0518279864323 0.681503356834
-9999.0 -9999.0 -9999.0 -9999.0 -9999.0 -9999.0 -9999.0 -9999.0 -9999.0 -9999.0 -9999.0 -9999.0 -9999.0 -9999.0 -9999.0 -9999.0 -9999.0 -9999.0 -9999.0 0.576088430255 4.56127759651 8.93338568475 9.54217342953 0.814168563875 1.5617156828 2.28633371318 2.85118053556 6.72726152696 6.97357409755 0.236599134595 0.228086098986 25.7684083605 26.1524880237 26.3279411039 0.851133921457 0.113283011314 0.301876131423 0.438441593589 1.29397915287 1.58492318701 1.79717912537 0.188650041433 0.260030936007 0.0893065772468 0.178988993324 0.0940786353004 662.828703578 0.0588307044199 0.256314953986 0.0930008008723 0.293701294898 0.655761780526 0.742888012275 1.46189809145
-9999.0 -9999.0 -9999.0 -9999.0 -9999.0 -9999.0 -9999.0 -9999.0 -9999.0 -9999.0 -9999.0 -9999.0 -9999.0 -9999.0 -9999.0 -9999.0 -9999.0 -9999.0 0.639734023773 2.04331692092 3.9988264666 5.21694530868 13.3043421428 14.0114756828 1.5237637959 2.24076345491 2.82301634611 3.39084176833 7.23939069301 7.72854033213 13.465492848 13.8664357977 14.0616551304 26.5099428219 27.7991926534 0.293323197773 0.206578258206 0.193078458296 0.362580665987 0.159415322679 2.10051161314 2.20144065826 0.342994520766 0.43934940762 0.0893210124899 165.830011208 166.032296556 828.95301255 829.283677207 0.0675644975414 0.445350830654 0.0956804657517 0.0782135834356 1.61081657469
-9999.0 -9999.0 -9999.0 -9999.0 -9999.0 -9999.0 -9999.0 -9999.0 -9999.0 -9999.0 -9999.0 -9999.0 -9999.0 -9999.0 -9999.0 -9999.0 -9999.0 -9999.0 -9999.0 0.734461928206 0.713464656551 1.35071701868 3.19474085096 14.6044819522 0.785249402151 0.775083267672 1.36792536393 1.97051008159 4.68710318439 5.06268090805 0.259766131747 0.279142924098 14.3474705032 14.5511159804 42.5222142108 42.6717175621 0.095634586435 0.0808598769119 0.0630156908899 0.0638154125846 0.0723750325377 163.828871329 164.520903525 165.07201635 165.272240615 165.740371862 0.11698240865 0.422263375879 0.502983117955 829.943838745 829.971092604 830.072475689 830.158354308 830.242399809
-9999.0 -9999.0 -9999.0 -9999.0 -9999.0 -9999.0 -9999.0 -9999.0 -9999.0 -9999.0 -9999.0 -9999.0 -9999.0 -9999.0 -9999.0 -9999.0 -9999.0 -9999.0 -9999.0 -9999.0 0.655863053348 0.685807607554 1.26668916569 17.091083024 17.7099395827 0.759731883381 1.35309639833 1.97099781597 2.401638251 0.360868825435 0.677480065407 38.4312523976 38.6461754571 38.8540190116 40.5637521734 83.4167200367 159.608097304 159.852854528 160.065288892 160.265299676 161.214442688 161.529252531 0.591206385417 0.254580143651 0.162099475054 0.299447043509 0.210313703949 0.338506995344 0.105588554807 2.50717961455 2.75542302997 2.9557618077 2.98987586248 830.270236086
-9999.0 -9999.0 -9999.0 -9999.0 -9999.0 -9999.0 -9999.0 -9999.0 -9999.0 -9999.0 -9999.0 -9999.0 -9999.0 -9999.0 -9999.0 -9999.0 -9999.0 -9999.0 -9999.0 -9999.0 -9999.0 0.673580639512 1.2856355937 1.90057594925 18.2206568164 0.635108636876 24.8342113476 25.4804579372 25.8375168401 26.1873165609 37.069348952 37.4398572628 0.254149056442 1.28672873091 1.54980548712 0.246895232722 75.9525087058 75.5220164138 0.116269576215 0.279924456593 0.777030132739 0.178103181646 0.194771729641 0.131167182222 0.108629409706 0.0786467883915 0.0989177411425 2.16771839469 2.27576071874 2.41394962358 0.174374777444 0.145975632087 3.06894162917 3.12235212742
-9999.0 -9999.0 -9999.0 -9999.0 -9999.0 -9999.0 -9999.0 -9999.0 -9999.0 -9999.0 -9999.0 -9999.0 -9999.0 -9999.0 -9999.0 -9999.0 -9999.0 -9999.0 -9999.0 -9999.0 -9999.0 0.61630182108 0.573447539271 2.97936089042 22.394442507 23.6185911271 24.2481997821 0.652215850824 10.0396550364 10.3957381135 10.5617078646 0.33535938887 0.623090589623 0.865718687381 17.9044242728 18.0803772669 18.2229635337 75.2639388299 46.0156118904 0.160904216756 0.170477321062 0.16085019313 0.119122324956 1.33257006744 1.5894706268 1.80758153716 1.93589013837 2.05789080187 17.1923385038 17.2761288572 17.3903140354 17.6629359612 18.7652414529 18.800273705
-9999.0 -9999.0 -9999.0 -9999.0 -9999.0 -9999.0 -9999.0 -9999.0 -9999.0 -9999.0 -9999.0 -9999.0 -9999.0 -9999.0 -9999.0 -9999.0 -9999.0 -9999.0 -9999.0 -9999.0 -9999.0 -9999.0 1.20291166156 1.83348452408 0.652311932751 0.783557297877 7.8184205243 8.50217962767 8.97023945789 3.71101750101 4.01866509426 4.35508231385 4.62609023497 17.4880277654 17.7571453454 10.4872702538 28.9147012119 29.102276041 45.8907415751 0.354427015512 0.178912688349 0.112037057604 0.935674066788 1.09935027458 0.0871158352531 0.0798058450404 16.7716197272 16.9971560339 17.1128590633 0.134137043735 0.198631140178 18.6050421465 0.108831700988 0.313674218769
-9999.0 -9999.0 -9999.0 -9999.0 -9999.0 -9999.0 -9999.0 -9999.0 -9999.0 -9999.0 -9999.0 -9999.0 -9999.0 -9999.0 -9999.0 -9999.0 -9999.0 -9999.0 -9999.0 -9999.0 -9999.0 -9999.0 0.601158809439 1.19004432657 5.00205417189 5.6657224141 6.36997214644 2.8611053909 3.38647377227 0.355516460385 12.0057962984 12.3123062286 12.6005464533 0.274752719598 9.99531309269 10.2765871165 0.192563028036 44.9507076632 0.412242452969 0.202277545427 0.521856226652 0.70153687828 0.126090476698 0.0951470439118 15.5981453388 16.5663088324 16.7067795028 0.141302755201 0.292065469576 0.362604490992 0.426818396385 0.858476852407 0.112158175527 0.261793374825
