data/baseflow/History/mHMbfrc250
ncols                  80
nrows                 72
xllcorner      4374000.0
yllcorner      5656000.0
cellsize            500
NODATA_value       -9999
[rows 24 to 47 of 72, columns 0 to 53 of 80]
-9999.0 -9999.0 -9999.0 -9999.0 -9999.0 -9999.0 -9999.0 -9999.0 -9999.0 -9999.0 -9999.0 -9999.0 0.492951730337 1.28482457567 1.64933397105 2.75034646678 0.302054287848 0.612761176196 0.898048972266 3.57979370057 3.75306913431 3.83341899506 4.0157563946 4.27224551605 7.28770995232 7.99694302756 8.28237342258 0.0552510373755 0.672883950253 0.717962862219 14.1077596185 14.251556006 14.322129802 14.3963868312 14.4648579191 59.6402444441 0.229520745466 136.961237676 0.103920625554 0.0306633876963 1.05385423343 0.978357914115 0.10102662872 0.587264508189 0.855720068924 0.851475902655 0.596628384578 0.981187150503 1.56403881674 0.591968742903 1.58502329406 0.0982494095432 0.129089898025 0.0147758835688
-9999.0 -9999.0 -9999.0 -9999.0 -9999.0 -9999.0 -9999.0 -9999.0 -9999.0 -9999.0 -9999.0 -9999.0 0.432421437516 0.856538487632 0.376340895549 0.75050107545 0.306598514185 2.45202849246 3.01396294033 3.31423960139 0.262530754734 0.471872796087 5.72072444338 6.88075053735 7.06572481442 0.474006378876 0.473229170041 0.604532907324 0.0350993183595 0.0294817818956 0.0549538819885 0.0431143795233 11.2224402463 11.2897159099 11.3553503764 59.8674278666 137.725954113 136.99486715 0.0437896792476 0.022176994435 0.0204589823297 0.142139327006 0.125034635376 0.630724052259 0.971096093394 2.00973529289 0.189523557485 0.189186996982 1.68936018814 1.81290379167 3.67322050439 3.75207127401 3.89750657723 3.92569113587
-9999.0 -9999.0 -9999.0 -9999.0 -9999.0 -9999.0 -9999.0 -9999.0 -9999.0 -9999.0 -9999.0 -9999.0 -9999.0 0.386791675349 0.772589862453 1.16731311498 1.81467265816 0.336488638165 0.29139261563 2.88916061271 3.1459694332 5.34308099443 5.61327532135 0.751806482547 0.251445827206 0.236643423352 0.225636012482 10.9381980758 11.0191021024 11.0626702765 11.0923966644 11.1691623505 0.955364559433 1.07316664646 12.529890744 210.23660804 0.467652859892 0.326626796608 0.0950510356018 0.0324264245835 0.0196884760485 0.183008196987 0.197517703507 0.665181628728 0.0171070029764 2.03850544369 0.256104033555 0.248473905059 0.0187690255804 0.0124022983202 0.012212161673 0.0398668565363 0.0137408600753 3.93958318038
-9999.0 -9999.0 -9999.0 -9999.0 -9999.0 -9999.0 -9999.0 -9999.0 -9999.0 -9999.0 -9999.0 -9999.0 -9999.0 -9999.0 0.355935140215 0.910510582397 1.45237370246 2.00994156028 2.30678012215 2.61526211578 0.871264925871 1.44869817452 0.268092704658 0.254767163943 9.78218258681 10.2776860249 10.505251084 10.7571890546 0.166827120713 0.262994380745 0.744585476631 0.799338631105 0.860371247688 0.131955214371 0.186617473745 210.774128695 0.165547369643 0.174519453917 0.0846235030308 0.180829149152 0.0832646948826 0.0625795748612 0.911236610103 1.01355922353 0.0420736583466 2.09884653789 2.36784078019 0.259829603968 55.9484598366 55.9162235642 55.8883427769 55.7858462443 55.7031157807 54.8207082858
-9999.0 -9999.0 -9999.0 -9999.0 -9999.0 -9999.0 -9999.0 -9999.0 -9999.0 -9999.0 -9999.0 -9999.0 -9999.0 -9999.0 0.18005917037 0.391311208291 0.557138181423 5.84365754037 6.14565074078 0.308589726012 0.292471517241 0.287983690633 8.74822166671 9.28976830998 0.259352549959 0.270842009781 0.218279897108 0.905435291025 1.13156163154 0.499374536112 0.600493678449 5.24220187142 5.36322605371 5.74112441388 9.04752057098 219.962136441 0.185744124762 0.0728102793538 0.304003926313 0.241249203857 0.0639127194679 0.196895834206 0.268334783237 1.09251893838 1.16757107036 3.6570112677 2.3956111993 0.276792299388 57.1302513261 0.632149288586 55.8563287339 55.8234994103 0.804188465924 0.0986638924513
-9999.0 -9999.0 -9999.0 -9999.0 -9999.0 -9999.0 -9999.0 -9999.0 -9999.0 -9999.0 -9999.0 -9999.0 -9999.0 -9999.0 0.912924802676 1.5002726172 2.99943058609 5.38086872832 6.72507412823 7.6212375606 7.91814222728 8.21670693407 8.5018451098 0.26145641605 0.236568331299 0.463241572656 0.450995048045 0.235865987531 4.56472024152 4.7849928979 4.99451712849 5.18136873588 2.66540483862 2.73022792605 3.02870052188 220.080771203 0.342365815515 0.222517126586 0.565450737859 0.0540755627673 0.205182729036 0.123914118177 0.0664382650122 0.365154775957 0.0600899338922 0.0617639999409 61.1464865713 57.437953077 57.3729827909 0.252693615394 0.608540508742 0.352255294542 0.0544345763098 0.574131092572
-9999.0 -9999.0 -9999.0 -9999.0 -9999.0 -9999.0 -9999.0 -9999.0 -9999.0 -9999.0 -9999.0 -9999.0 -9999.0 -9999.0 0.639271942803 0.61685057146 1.21621329983 1.81597481552 0.437312479621 0.361926817177 0.660723793569 0.951266449358 1.49940311964 1.77121018722 2.02206626982 2.74170491087 2.9724783027 3.22258975608 0.230350534259 2.27043022667 2.43277652485 2.52501642855 0.0480685094346 0.0187208286069 0.0383602970223 223.064201656 223.179427336 223.739185425 0.729547105542 0.114039718189 0.277519791143 0.0654262621542 0.124532225524 0.433562341469 0.547911916888 0.11477890716 61.4683047312 0.127994992339 0.149514169259 0.153776406268 0.16275058294 0.232235977198 0.102371229418 0.438853581199
-9999.0 -9999.0 -9999.0 -9999.0 -9999.0 -9999.0 -9999.0 -9999.0 -9999.0 -9999.0 -9999.0 -9999.0 -9999.0 -9999.0 -9999.0 0.595407741462 1.16306045659 0.541507425711 1.10521614342 6.78465999564 7.15657858942 7.43531296472 0.269765528512 0.273520049484 0.524487720527 0.772862876667 1.22744157036 1.45968427332 1.60342398413 1.81859241426 0.171020258015 0.115294478299 2.65621628964 2.68272442055 2.73802476769 2.82460969219 2.67763166981 226.789310538 228.071889735 228.125422782 228.450897004 228.721909857 228.929199367 0.0666320616309 0.607247111993 61.5345495805 0.161577107014 0.0826437085123 0.130478137678 0.121991385514 0.197848169463 0.125102178443 0.072220718356 0.102249950792
-9999.0 -9999.0 -9999.0 -9999.0 -9999.0 -9999.0 -9999.0 -9999.0 -9999.0 -9999.0 -9999.0 -9999.0 -9999.0 -9999.0 -9999.0 -9999.0 1.72618931399 2.29292010494 3.99460404639 5.12896529983 0.556645842056 8.32144353586 8.587389866 8.84377724703 0.260653461877 0.508842736017 0.23178706338 1.70232996292 1.82751840217 2.02130553008 2.20781863602 2.58488643544 2.62706026983 0.0274264934497 2.27451982341 2.46601130528 2.5886760811 2.93587416301 0.451581982435 0.277902692907 0.147700440036 0.137265581144 229.13260066 229.246372874 230.357645759 61.6163352179 0.485949103791 0.251120897507 0.184725220723 0.0447284558374 0.45728946878 0.203369509125 0.0653305198322 0.340911719767
-9999.0 -9999.0 -9999.0 -9999.0 -9999.0 -9999.0 -9999.0 -9999.0 -9999.0 -9999.0 -9999.0 -9999.0 -9999.0 -9999.0 -9999.0 -9999.0 0.593590182667 2.87267287875 3.46272585364 0.561873020568 0.293728137861 0.605136136298 0.890430186161 10.0043577718 0.257562040806 1.03405929692 1.27455605169 1.50568047194 0.127297511725 0.305248453573 0.365451807724 1.79192326469 1.96152144161 2.05734576845 0.0961459840479 0.0762077002898 0.0718633676158 0.132022240658 0.0496467797108 0.0521818951284 0.102333964889 0.0757277005889 0.105034246808 0.415280092891 230.479980415 292.418470762 0.58663478145 0.0809863270748 0.0536147178109 1.30750849363 1.21033892385 0.678174267035 0.598254280566 0.429079916532
-9999.0 -9999.0 -9999.0 -9999.0 -9999.0 -9999.0 -9999.0 -9999.0 -9999.0 -9999.0 -9999.0 -9999.0 -9999.0 -9999.0 -9999.0 0.527650502335 1.66478721411 0.546183812536 0.446895638396 0.330263013206 0.62704323384 0.913767714478 1.26958351393 11.7791786475 12.0292032747 0.25714554827 0.499530407549 0.74476499397 0.906657759827 1.04441045819 1.45013273121 1.70104936633 0.0423855925841 0.0711300333421 0.0742642519375 0.111149807002 0.100971034805 0.105559119393 0.0876866965908 0.0985960669156 0.481836687071 0.240703477729 0.172112975664 0.170846296905 0.115265858085 0.212349913281 297.033573889 3.96387030029 1.69190523119 0.246499130798 0.116724100541 0.0834265027424 0.229885138593 0.136570449072
-9999.0 -9999.0 -9999.0 -9999.0 -9999.0 -9999.0 -9999.0 -9999.0 -9999.0 -9999.0 -9999.0 -9999.0 -9999.0 -9999.0 0.560644187819 1.0716513457 3.80857847585 0.53397760691 1.02104060048 1.33836961692 1.63400486006 0.308827856447 0.579495340501 1.04231376901 13.5489730837 0.244043919499 0.473587649173 0.702907548281 0.21753187613 0.416568129794 0.45151430112 0.636749654735 21.4760356685 21.6567683928 21.8458952958 22.7942046211 23.0988661012 23.8216344078 0.181378986876 0.379285628476 0.575385788582 26.1857076548 26.4655739168 0.158131523906 0.239431475191 0.320616950668 297.17964364 3.83519129564 1.82565796582 1.69140181272 1.49414129721 1.35249284445 0.304635366728 0.0868263102338
-9999.0 -9999.0 -9999.0 -9999.0 -9999.0 -9999.0 -9999.0 -9999.0 -9999.0 -9999.0 -9999.0 -9999.0 -9999.0 -9999.0 0.571960517254 1.72520428535 6.09934485178 9.05086879698 0.489711838801 11.8654005579 14.0272252912 0.287353779371 0.554444942757 0.962798215489 16.4400164572 16.853169551 0.22572678368 1.15450505714 1.36676059269 1.50045284934 20.4011855966 20.581080629 20.790869077 0.116454743008 0.67211494196 0.800974673261 0.376312984551 0.541016971065 24.6038171908 25.2372641384 25.3801983983 25.5168913426 26.6540830327 0.0924810954119 0.0848569239198 0.490338184708 297.340783498 0.178127883065 0.0274550441314 0.0817202818819 0.0344465966688 1.16252862105 1.11302088706 0.668619891087
-9999.0 -9999.0 -9999.0 -9999.0 -9999.0 -9999.0 -9999.0 -9999.0 -9999.0 -9999.0 -9999.0 -9999.0 -9999.0 -9999.0 -9999.0 -9999.0 1.20553012952 2.42514308376 10.7382675734 11.3340458008 14.5567405586 15.0986034237 0.28661692755 0.572943232434 1.46076299142 17.3370098211 17.8507539973 18.0530336636 0.175018349454 18.6771776868 18.8478525737 0.125374033779 0.118014109887 0.228873170541 0.45111337758 0.11129864989 0.228355614409 0.521030702173 0.656998546674 0.126052858307 0.0904964736764 0.182240506724 27.262289776 27.4337141412 27.5099263891 28.1957568817 297.481630211 0.133633786764 0.0154036681582 0.0202474868894 0.0199169285557 0.0208172199862 0.0176311929871 0.0316062651211
-9999.0 -9999.0 -9999.0 -9999.0 -9999.0 -9999.0 -9999.0 -9999.0 -9999.0 -9999.0 -9999.0 -9999.0 -9999.0 -9999.0 -9999.0 -9999.0 0.630609780981 0.616686858797 0.602792397 1.19380750993 0.530263457704 16.1534314423 16.6574166279 0.318121290882 0.584729135158 0.273043023173 0.240029416297 0.234144052737 18.3844734954 0.0439708200765 0.0926240644804 0.0836040789524 0.122944655935 0.111357432029 0.0929407034001 0.0962101035791 0.297232565276 0.406618906716 0.0843578495483 0.0751493140064 0.161772190682 0.266685872482 0.322745439138 0.0744231088141 27.6085986817 28.2795493691 297.598693366 0.30033582274 0.0336438974904 0.00926611088323 0.0267023373571 0.00708203044089 0.00512286929351 0.0375877666738
-9999.0 -9999.0 -9999.0 -9999.0 -9999.0 -9999.0 -9999.0 -9999.0 -9999.0 -9999.0 -9999.0 -9999.0 -9999.0 -9999.0 -9999.0 -9999.0 -9999.0 -9999.0 0.611181276218 1.75216645737 2.24658113063 2.76309392072 17.1633226994 17.6599190594 18.1520132945 18.6216556032 18.8508444176 19.3217721808 19.3684360577 19.405851497 19.4561275996 0.10688014057 0.10365096345 0.108758040839 0.398414161372 0.105631385487 0.10320839448 0.0841558769459 0.249367415021 0.0964013580281 0.0776960538816 0.0726344384492 0.0610490064406 0.121854509696 0.179797393096 28.6599060515 326.670032255 0.131657900349 0.262757827207 0.00618903471838 0.0348206973552 0.0167316430341 0.0103175705702 0.764736847795
-9999.0 -9999.0 -9999.0 -9999.0 -9999.0 -9999.0 -9999.0 -9999.0 -9999.0 -9999.0 -9999.0 -9999.0 -9999.0 -9999.0 -9999.0 -9999.0 -9999.0 -9999.0 -9999.0 0.515271200802 4.07364420048 7.94840047158 8.48868312655 0.5358405802 0.862756530106 1.12824208952 1.36377101743 2.85518338652 2.95402889953 0.100294174874 0.0995007325501 19.6815333598 19.889323961 19.9875752755 0.482132828601 0.0782280914875 0.191175086048 0.28029900829 0.832453063237 1.01813729455 1.16936130457 0.139909678441 0.196908870093 0.0670146635902 0.133504731229 0.0686596646561 326.803973295 0.125426070372 0.500067418917 0.132606591444 0.209500735624 0.678937176368 0.753000694628 1.5830805682
-9999.0 -9999.0 -9999.0 -9999.0 -9999.0 -9999.0 -9999.0 -9999.0 -9999.0 -9999.0 -9999.0 -9999.0 -9999.0 -9999.0 -9999.0 -9999.0 -9999.0 -9999.0 0.572309785302 1.81926667778 3.56634200037 4.66391862275 11.8588990506 12.4095890629 0.555687512395 0.81780622475 1.05070138052 1.27958379489 3.01082212864 3.1918285229 5.15870694051 5.30676454748 5.40044451397 20.0890796124 20.8472107708 0.183632741217 0.118342465331 0.113542485103 0.220805887905 0.102192414288 1.36488676842 1.43828097844 0.260668595314 0.312840066111 0.0542102473935 93.5294963425 93.6723507951 420.586337227 421.251991847 0.123084356222 0.46678820685 0.148242129581 0.122754961668 1.76397842042
-9999.0 -9999.0 -9999.0 -9999.0 -9999.0 -9999.0 -9999.0 -9999.0 -9999.0 -9999.0 -9999.0 -9999.0 -9999.0 -9999.0 -9999.0 -9999.0 -9999.0 -9999.0 -9999.0 0.648995529351 0.632543744325 1.19770669539 2.85577487957 12.9352478572 0.285806539457 0.281925920277 0.517316317434 0.757614572227 1.66371595101 1.73941727721 0.0589978188245 0.102826722907 5.52974190785 5.63938296285 26.574829207 26.6547313998 0.0744935938443 0.0675494534908 0.0595549940706 0.0600470484564 0.0620280366266 92.2974249656 92.7279946453 93.0957430134 93.2007390604 93.477413776 0.0772597050228 0.285276294338 0.361665486863 421.812135178 421.903127866 422.030593519 422.088013313 422.133322208
-9999.0 -9999.0 -9999.0 -9999.0 -9999.0 -9999.0 -9999.0 -9999.0 -9999.0 -9999.0 -9999.0 -9999.0 -9999.0 -9999.0 -9999.0 -9999.0 -9999.0 -9999.0 -9999.0 -9999.0 0.581676649504 0.607739040681 1.13453225537 15.1577332281 15.6811131784 0.276083601122 0.512815615384 0.758449852342 0.848542266568 0.0678556777599 0.176237519621 29.2818240264 29.3924752827 29.4805420806 30.2265141564 56.9642456094 89.4778067861 89.6475969322 89.807050111 89.9606798154 90.5875123348 90.7845284677 0.367720428426 0.166516149929 0.0984035921078 0.185810765705 0.140751385133 0.223180837754 0.0722231243701 1.55153355436 1.85203627611 2.10727729772 2.15299493169 422.178401124
-9999.0 -9999.0 -9999.0 -9999.0 -9999.0 -9999.0 -9999.0 -9999.0 -9999.0 -9999.0 -9999.0 -9999.0 -9999.0 -9999.0 -9999.0 -9999.0 -9999.0 -9999.0 -9999.0 -9999.0 -9999.0 0.592984011192 1.14195000425 1.69358980716 16.1442246119 0.426229482456 21.5062195379 21.7613413633 21.8278845191 21.9342475279 28.8275351127 28.9748364303 0.120414521688 0.561300974077 0.678909802559 0.126185543022 32.343599356 32.1109203281 0.0818563680294 0.187665997588 0.489036901698 0.104913525187 0.110146867757 0.0838208558296 0.0719325199999 0.0571195862394 0.066149696237 1.32018192065 1.39001315412 1.47359597035 0.204802729709 0.156951468926 2.26128769318 2.33715376236
-9999.0 -9999.0 -9999.0 -9999.0 -9999.0 -9999.0 -9999.0 -9999.0 -9999.0 -9999.0 -9999.0 -9999.0 -9999.0 -9999.0 -9999.0 -9999.0 -9999.0 -9999.0 -9999.0 -9999.0 -9999.0 0.543293718091 0.51409577526 2.65921088476 19.8657412669 20.8131364439 21.2728717864 0.259922460315 6.70103765618 6.75857086158 6.80256891347 0.121598754902 0.2573073684 0.378372618472 7.56347710132 7.66221245309 7.75233720143 31.9389445615 20.2835866209 0.104718558552 0.103221754273 0.0980715773914 0.0790511171575 0.788462408013 0.949872530838 1.0926613209 1.17218579333 1.24891620112 6.89815722913 6.95638051715 7.00932358387 7.12788831656 7.78137492327 7.82251557353
-9999.0 -9999.0 -9999.0 -9999.0 -9999.0 -9999.0 -9999.0 -9999.0 -9999.0 -9999.0 -9999.0 -9999.0 -9999.0 -9999.0 -9999.0 -9999.0 -9999.0 -9999.0 -9999.0 -9999.0 -9999.0 -9999.0 1.06846347382 1.63171622072 0.56447128236 0.284609702334 5.90959120545 6.17538589466 6.34033521088 1.64593562156 1.69076053883 1.74973435372 1.86462457723 7.34417494295 7.47314718567 3.60107932128 11.4624016122 11.564922596 20.1989908398 0.202344739474 0.100886517092 0.0743740638365 0.539193643344 0.632669846348 0.0592954028768 0.055073646297 6.62526070646 6.7675907398 6.84264764678 0.0599867916823 0.0859316757822 7.67412126849 0.0731618100007 0.29612798184
-9999.0 -9999.0 -9999.0 -9999.0 -9999.0 -9999.0 -9999.0 -9999.0 -9999.0 -9999.0 -9999.0 -9999.0 -9999.0 -9999.0 -9999.0 -9999.0 -9999.0 -9999.0 -9999.0 -9999.0 -9999.0 -9999.0 0.538096754809 1.06488471901 4.40580865083 4.96204889903 5.36898091034 1.38543967502 1.60046882388 0.0528052014306 5.25606266339 5.30297245018 5.35698957442 0.0906676779062 3.35955268672 3.49275458918 0.105200288539 19.675780036 0.223090147663 0.11052252377 0.286584332051 0.38779038416 0.0786260384241 0.0653614928803 5.93408622791 6.49182994569 6.57736425618 0.0821473355124 0.179343747801 0.225611983833 0.263066387865 0.511199471564 0.108200877186 0.241174687078
