data/baseflow/History/mHMbfrc498
ncols                  80
nrows                 72
xllcorner      4374000.0
yllcorner      5656000.0
cellsize            500
NODATA_value       -9999
[rows 24 to 47 of 72, columns 0 to 53 of 80]
-9999.0 -9999.0 -9999.0 -9999.0 -9999.0 -9999.0 -9999.0 -9999.0 -9999.0 -9999.0 -9999.0 -9999.0 0.703782001267 1.86182847745 2.3997239878 3.99516014859 0.41473914102 0.856804399773 1.23953759089 5.05701707057 5.33392252873 5.51197576029 5.73477521126 6.01166741857 9.25272735381 10.0314202332 10.4168515496 0.130301882626 0.884836682286 1.00427565658 18.7384430729 19.1020295014 19.2866505712 19.4776740712 19.6285624631 77.1552302452 0.181188546942 167.71954687 0.178241637738 0.0759681715914 1.07487448921 0.946591054937 0.122222911567 0.509146248445 0.811528362026 0.791740253885 0.527288170427 0.854940702947 1.35139771828 0.515077833369 1.32402541002 0.101806283852 0.149989154132 0.0330064289605
-9999.0 -9999.0 -9999.0 -9999.0 -9999.0 -9999.0 -9999.0 -9999.0 -9999.0 -9999.0 -9999.0 -9999.0 0.631205233544 1.24636470058 0.541625206011 1.08318099718 0.418381150908 3.52740711928 4.29824457202 4.70320839998 0.340211377865 0.633766632109 7.34613730615 8.79685766267 9.03105136233 0.519408503352 0.506883807257 0.700053015939 0.094725251896 0.0802420685695 0.149747343578 0.0747726902412 13.0404805662 13.1214153767 13.1959056946 77.3121660175 168.594607035 167.79778118 0.115571435229 0.0596710511866 0.054627634512 0.222182600854 0.181461876216 0.599702677673 0.939468994006 1.89260930468 0.164260473174 0.162281194551 1.48377503915 1.62379357703 3.19826820988 3.27882560144 3.46805115008 3.53247155543
-9999.0 -9999.0 -9999.0 -9999.0 -9999.0 -9999.0 -9999.0 -9999.0 -9999.0 -9999.0 -9999.0 -9999.0 -9999.0 0.551121914063 1.11240375521 1.68998296363 2.6097223574 0.499715562598 0.411184252077 3.40753850661 3.75152151298 6.79020962939 7.15278647453 0.968109003988 0.293322238974 0.245237883915 0.232267257673 12.5009500592 12.6252965078 12.7315073902 12.8112275231 12.9642210004 1.15639782605 1.23135303303 14.5277507796 260.517575043 0.565879807073 0.438711243516 0.194529967623 0.0564740894086 0.0456708100566 0.330339833035 0.366978816717 0.680452573959 0.0393895885575 1.94686606519 0.254552884168 0.246469443883 0.0401419260693 0.0282330521202 0.0295397479026 0.0386469655539 0.0339944606535 3.56768105857
-9999.0 -9999.0 -9999.0 -9999.0 -9999.0 -9999.0 -9999.0 -9999.0 -9999.0 -9999.0 -9999.0 -9999.0 -9999.0 -9999.0 0.519403486318 1.09804579603 1.63363708112 2.17409121529 2.58987377364 3.02888542654 1.21995314644 2.03192536073 0.346095238161 0.316573890218 11.2026285677 11.7919242169 12.0460899509 12.3217153007 0.173885457638 0.297115488325 0.829459199658 0.949963506586 1.05649836584 0.0989627416752 0.0995820359937 260.878126063 0.127697803373 0.175131962519 0.0980560764029 0.248863609291 0.115785843435 0.0795222600405 1.11412185568 1.18548973756 0.040988262593 1.99772888798 2.2958194536 0.290118768931 56.9575024573 56.8789439373 56.8127616772 56.6369951585 56.5626770661 55.1766069717
-9999.0 -9999.0 -9999.0 -9999.0 -9999.0 -9999.0 -9999.0 -9999.0 -9999.0 -9999.0 -9999.0 -9999.0 -9999.0 -9999.0 0.19403257942 0.416193071868 0.568754319215 6.28944178352 6.71812997095 0.445691956511 0.414173540234 0.406670807889 9.87286950345 10.6134634291 0.342632390245 0.346496499691 0.231393060281 1.00012296298 1.24236975675 0.54613674496 0.684630911528 6.37811038078 6.5334983148 6.85286659648 10.5712717156 271.561098797 0.145279967645 0.0770538151145 0.390154788699 0.31841019028 0.0544456943916 0.195088559289 0.255692059165 1.2552220903 1.31699705825 3.72391373571 2.31885856743 0.317251041367 58.1183876613 0.572939253212 56.7443617231 56.6946012965 1.31285715219 0.0551598293242
-9999.0 -9999.0 -9999.0 -9999.0 -9999.0 -9999.0 -9999.0 -9999.0 -9999.0 -9999.0 -9999.0 -9999.0 -9999.0 -9999.0 0.987374911286 1.62735397885 3.21379340625 5.78017883447 7.29435025553 8.33413630447 8.74139034719 9.16274018283 9.55325321969 0.350725053975 0.288295623296 0.551104844683 0.496878376946 0.26970454053 5.66520655249 5.89569160958 6.10369798016 6.29781700457 3.20115551989 3.32414696327 3.56259711151 271.660794186 0.273246263011 0.254510033137 0.698429005266 0.0623800925713 0.14138089729 0.0825328046381 0.0546856026701 0.32092473739 0.0459900648515 0.04972927914 62.1554645085 58.3920538423 58.3358821562 0.231702176993 0.523143224225 0.327471796531 0.0670443250417 1.16256963176
-9999.0 -9999.0 -9999.0 -9999.0 -9999.0 -9999.0 -9999.0 -9999.0 -9999.0 -9999.0 -9999.0 -9999.0 -9999.0 -9999.0 0.689465801793 0.673389297698 1.33276323392 1.97397035877 0.538721531571 0.539306007013 0.973329733095 1.38956417156 2.13124888499 2.497364404 2.79063593214 3.65569988906 3.91420748788 4.21272439779 0.247979059154 2.60904307645 2.79860164849 2.96174162256 0.110616056255 0.0428017634488 0.0888116525494 275.290947675 275.387062637 275.846193537 0.881660629586 0.13200409722 0.222934812413 0.0658693986999 0.0978668904466 0.36916092819 0.455238433116 0.0896134558448 62.4033387289 0.0876143667652 0.123838934952 0.134222405983 0.113470780475 0.205483312583 0.087146021594 0.817287054976
-9999.0 -9999.0 -9999.0 -9999.0 -9999.0 -9999.0 -9999.0 -9999.0 -9999.0 -9999.0 -9999.0 -9999.0 -9999.0 -9999.0 -9999.0 0.651001449126 1.27180801952 0.588685861389 1.19791706759 7.24499768041 7.65057022131 8.03856107063 0.370447256176 0.37130776527 0.660846146051 0.966328587497 1.46001393228 1.72372626438 1.9000884941 2.1305874135 0.168595016441 0.139196631261 3.22450587829 3.28561410631 3.35385690335 3.43716316408 2.93296940634 279.149270891 280.559252735 280.615038614 280.882725753 281.145394002 281.287498617 0.038098059968 0.494257890263 62.4439239757 0.0877658412408 0.0452291497889 0.0723348917295 0.0781325871132 0.128531870198 0.106690126738 0.0662738813624 0.106750312574
-9999.0 -9999.0 -9999.0 -9999.0 -9999.0 -9999.0 -9999.0 -9999.0 -9999.0 -9999.0 -9999.0 -9999.0 -9999.0 -9999.0 -9999.0 -9999.0 1.88382486786 2.46886337515 4.27687193087 5.46930658521 0.573757810799 9.09038731343 9.44965255382 9.77014716221 0.312700420766 0.607065159193 0.24682244676 2.00738934287 2.15132357269 2.39022013715 2.62612310436 3.06905056533 3.15565472791 0.053860585787 2.57087554281 2.74855947934 2.852585891 3.2047017032 0.440685911441 0.265274364912 0.145819596232 0.130579211303 281.451589243 281.531263879 282.367916526 62.4809920763 0.290688587717 0.170204714658 0.116505189406 0.0327881885772 0.358755256112 0.183698734969 0.0584720893812 0.337121886584
-9999.0 -9999.0 -9999.0 -9999.0 -9999.0 -9999.0 -9999.0 -9999.0 -9999.0 -9999.0 -9999.0 -9999.0 -9999.0 -9999.0 -9999.0 -9999.0 0.629493311843 3.08700339783 3.71664463261 0.581392879138 0.420027393363 0.864423046382 1.24449030785 11.3591844716 0.31168075985 1.25462520254 1.52072116294 1.78040997065 0.165044946255 0.371210790771 0.452747537335 2.032867616 2.2467770722 2.33974382149 0.0943319425904 0.0775032861276 0.0874125810841 0.162192881172 0.0688955434451 0.068369643635 0.0982560507464 0.0734878886994 0.0996435230904 0.297295136331 282.447136808 345.107391849 0.377017677992 0.0733852664923 0.0431483725803 1.13771592689 1.06308123082 0.641443924885 0.576041432962 0.427712641741
-9999.0 -9999.0 -9999.0 -9999.0 -9999.0 -9999.0 -9999.0 -9999.0 -9999.0 -9999.0 -9999.0 -9999.0 -9999.0 -9999.0 -9999.0 0.56616167885 1.75405963568 0.563593305877 0.534049394139 0.496686805791 0.934836566433 1.3574166654 1.74511957305 13.5609825213 13.8525570606 0.305144181499 0.57191323089 0.844811090643 1.02609248313 1.21007041093 1.75644101736 1.94642084358 0.0983998979585 0.0824507428405 0.0651503640002 0.0587526880187 0.091799291835 0.107887086028 0.10200077416 0.12278532308 0.376717072679 0.169930808902 0.0864634184973 0.08556317876 0.0639862809342 0.115363334386 349.154638594 3.62183236748 1.48391312197 0.218841807749 0.113885563142 0.055401859134 0.172948427527 0.109127285627
-9999.0 -9999.0 -9999.0 -9999.0 -9999.0 -9999.0 -9999.0 -9999.0 -9999.0 -9999.0 -9999.0 -9999.0 -9999.0 -9999.0 0.59528079036 1.15112739251 4.02182965861 0.538746545446 1.05656259196 1.52506020258 1.93406545555 0.443470319036 0.795638845818 1.22345392889 15.4843531076 0.276552242191 0.514660025723 0.764085171661 0.218806253242 0.427674560554 0.508215393124 0.654725365958 24.0378745743 24.2248909807 24.4207035745 25.3886699476 25.6146983796 26.2462471166 0.207104432021 0.441239133502 0.472489383884 28.2742752003 28.4123734503 0.0759706460637 0.115804449493 0.15407917085 349.230769446 3.50052336113 1.71780010613 1.57287185588 1.33229508852 1.16662250196 0.225883410321 0.0586248140455
-9999.0 -9999.0 -9999.0 -9999.0 -9999.0 -9999.0 -9999.0 -9999.0 -9999.0 -9999.0 -9999.0 -9999.0 -9999.0 -9999.0 0.603477283877 1.8351632252 6.45957753747 9.57474525544 0.484807698829 12.3896180783 14.8098432057 0.392181051746 0.73620520038 1.13734990806 18.8065527019 19.1255434157 0.201250787575 1.17419662 1.35757649804 1.51907227656 22.7340207619 23.0661698658 23.3065884454 0.121967410693 0.669696479227 0.813796947897 0.324860989066 0.457321869627 26.8954699382 27.5424709542 27.6516067024 27.7523518655 28.5205114369 0.0520657986805 0.0484801118167 0.242292698168 349.326270247 0.144563999771 0.0404485889501 0.119243343681 0.0541533107921 1.0052869304 0.889957659833 0.550458558055
-9999.0 -9999.0 -9999.0 -9999.0 -9999.0 -9999.0 -9999.0 -9999.0 -9999.0 -9999.0 -9999.0 -9999.0 -9999.0 -9999.0 -9999.0 -9999.0 1.27789631013 2.56630167119 11.3109153291 11.9167644896 15.3465662515 15.850154487 0.38595214397 0.773011940402 1.76397888623 19.5211915467 19.9911192512 20.1605351426 0.135561995795 20.7793497092 21.1086540254 0.222628861268 0.118701689698 0.215324040613 0.428132937539 0.108500105123 0.215345648387 0.452822300519 0.567718538283 0.12052316714 0.0792571554826 0.152545921725 29.1146473018 29.3023201452 29.3422820694 29.7227281861 349.404478796 0.126350232488 0.0212380462128 0.0290417504812 0.0308095404683 0.0323401753134 0.0293720047342 0.0520107119449
-9999.0 -9999.0 -9999.0 -9999.0 -9999.0 -9999.0 -9999.0 -9999.0 -9999.0 -9999.0 -9999.0 -9999.0 -9999.0 -9999.0 -9999.0 -9999.0 0.664812160134 0.6487302387 0.625359609742 1.16350016571 0.512098021557 16.8762339648 17.3318095147 0.349886687063 0.679220478635 0.296507149569 0.232576651764 0.221157496964 20.5228505181 0.102163151807 0.216729097453 0.1271457331 0.115301043131 0.10492067325 0.0797628611503 0.0842964287036 0.268116420128 0.373234370615 0.073149685108 0.0645877051041 0.14766745408 0.256087879352 0.331745460182 0.094806301569 29.4300352117 29.766911614 349.469306324 0.33627271242 0.0620777138875 0.0130196692825 0.0412992868298 0.0109385115485 0.00905081150809 0.0625650947802
-9999.0 -9999.0 -9999.0 -9999.0 -9999.0 -9999.0 -9999.0 -9999.0 -9999.0 -9999.0 -9999.0 -9999.0 -9999.0 -9999.0 -9999.0 -9999.0 -9999.0 -9999.0 0.641513744519 1.7414681913 2.24045734795 2.74574074345 17.8269145006 18.322035393 18.7714771225 19.145264973 19.3560838099 19.8021984717 19.9033732487 19.9936125816 20.076539739 0.089762197673 0.0848917000198 0.095191094132 0.350314746727 0.0980992003753 0.0958356978666 0.0693377438785 0.209826140711 0.0923151300694 0.0712146664968 0.0646819335486 0.0556376795678 0.110979894368 0.164449821142 30.1144305539 379.978366116 0.142738199096 0.22666046155 0.00882389979776 0.0537900467124 0.0254121562159 0.0182448844694 0.694531732672
-9999.0 -9999.0 -9999.0 -9999.0 -9999.0 -9999.0 -9999.0 -9999.0 -9999.0 -9999.0 -9999.0 -9999.0 -9999.0 -9999.0 -9999.0 -9999.0 -9999.0 -9999.0 -9999.0 0.525552136497 4.2133710401 8.09979720118 8.59987259472 0.522621471029 0.887407046751 1.21963592893 1.45317077272 3.19346824175 3.28814519975 0.0912973873931 0.092632651568 20.2894632962 20.4694860127 20.5461347105 0.411331431705 0.0568165878041 0.16224529193 0.235319331001 0.714580752517 0.886741599171 1.02376641861 0.122581695727 0.171877734181 0.0614658087346 0.126989539438 0.0685852354071 380.105407241 0.108923732686 0.4572660671 0.0888741702154 0.174054578355 0.766255146584 0.842004489081 1.60391868222
-9999.0 -9999.0 -9999.0 -9999.0 -9999.0 -9999.0 -9999.0 -9999.0 -9999.0 -9999.0 -9999.0 -9999.0 -9999.0 -9999.0 -9999.0 -9999.0 -9999.0 -9999.0 0.589921984191 1.88690836315 3.6950098858 4.8257231411 12.0659141385 12.5687218635 0.721916542859 1.05983387887 1.32032205305 1.54794232512 3.38380352014 3.56982268635 6.08644182233 6.27210695193 6.37816798739 20.6268865066 21.2601996076 0.148253071148 0.110695724382 0.103877170425 0.202045961944 0.0936677951523 1.20929297776 1.27490388036 0.232509848396 0.292356459371 0.0743233904858 104.999331825 105.171451781 485.366327852 485.972864977 0.138742875949 0.465863674795 0.240960616709 0.16863238604 1.86167638718
-9999.0 -9999.0 -9999.0 -9999.0 -9999.0 -9999.0 -9999.0 -9999.0 -9999.0 -9999.0 -9999.0 -9999.0 -9999.0 -9999.0 -9999.0 -9999.0 -9999.0 -9999.0 -9999.0 0.677249268043 0.659836413458 1.24070984658 2.94226735199 13.1012249458 0.379469289939 0.37308117796 0.634784976111 0.903676223434 2.09338903562 2.23543348708 0.104338886107 0.124172444779 6.50435552197 6.60004834118 27.9534497879 28.038246878 0.0518850761014 0.0439096421793 0.037755646217 0.0382270302418 0.0459848558039 103.66229457 104.116334261 104.475423211 104.620999595 104.936871245 0.0880863201655 0.318278451372 0.382099769849 486.519130741 486.586722394 486.641996168 486.697560831 486.764990017
-9999.0 -9999.0 -9999.0 -9999.0 -9999.0 -9999.0 -9999.0 -9999.0 -9999.0 -9999.0 -9999.0 -9999.0 -9999.0 -9999.0 -9999.0 -9999.0 -9999.0 -9999.0 -9999.0 -9999.0 0.600162550652 0.630692398214 1.16794934991 15.3738349079 15.8419542966 0.359877932083 0.620044928982 0.89989811156 1.07856625224 0.14116544901 0.274348894701 30.0253900634 30.1117696208 30.2146970285 31.0044989424 59.1316619931 101.17963075 101.314018998 101.44117789 101.560554742 102.12857641 102.321430538 0.390846010521 0.172104792444 0.113230032073 0.210517525625 0.158144313795 0.254142366977 0.084107461742 1.670176177 1.99438384481 2.25269332573 2.28033670321 486.80204269
-9999.0 -9999.0 -9999.0 -9999.0 -9999.0 -9999.0 -9999.0 -9999.0 -9999.0 -9999.0 -9999.0 -9999.0 -9999.0 -9999.0 -9999.0 -9999.0 -9999.0 -9999.0 -9999.0 -9999.0 -9999.0 0.612114429684 1.17234796031 1.73564206347 16.3004441149 0.345956000553 21.549866913 21.8465471025 21.9860319488 22.1329738447 29.4448422386 29.6164624849 0.108553188863 0.575266501291 0.711851613623 0.124117987349 41.9162856968 41.6932312769 0.0667403285833 0.16003580816 0.45833784754 0.106805406845 0.123332234911 0.0879403105912 0.0771257423668 0.0563131606818 0.0740467991212 1.40331749261 1.48814478355 1.59496725211 0.257403849591 0.196968202604 2.42525209596 2.47497509858
-9999.0 -9999.0 -9999.0 -9999.0 -9999.0 -9999.0 -9999.0 -9999.0 -9999.0 -9999.0 -9999.0 -9999.0 -9999.0 -9999.0 -9999.0 -9999.0 -9999.0 -9999.0 -9999.0 -9999.0 -9999.0 0.554425662581 0.520643116216 2.70179663301 20.0433600634 20.9058868193 21.2933739741 0.275737700696 6.94741005144 7.08236349561 7.15082459415 0.148719333086 0.276369391179 0.389372737922 8.91367208243 8.99995770146 9.07561922056 41.5518656292 27.0960334402 0.0918436053135 0.102425022064 0.0964585720374 0.0751897732495 0.801321024608 0.982151898713 1.13635001963 1.23114989512 1.32151685418 9.83766591008 9.90812696209 9.99075109833 10.1722386478 11.0243001524 11.0532196084
-9999.0 -9999.0 -9999.0 -9999.0 -9999.0 -9999.0 -9999.0 -9999.0 -9999.0 -9999.0 -9999.0 -9999.0 -9999.0 -9999.0 -9999.0 -9999.0 -9999.0 -9999.0 -9999.0 -9999.0 -9999.0 -9999.0 1.08618393506 1.66132047687 0.538245412203 0.384595594885 6.02643129729 6.32253553529 6.51307941154 1.82123113276 1.93354210455 2.06395124615 2.18169571137 8.70591338545 8.84206994167 5.1017560699 14.2838655886 14.3804049293 27.0265567119 0.203519433938 0.105905180781 0.0663722806045 0.549889399929 0.651683540013 0.0613553707759 0.0571381362505 9.51683727888 9.68424086551 9.77429170482 0.0880058790929 0.131781663671 10.8906119372 0.0804774146832 0.257799858661
-9999.0 -9999.0 -9999.0 -9999.0 -9999.0 -9999.0 -9999.0 -9999.0 -9999.0 -9999.0 -9999.0 -9999.0 -9999.0 -9999.0 -9999.0 -9999.0 -9999.0 -9999.0 -9999.0 -9999.0 -9999.0 -9999.0 0.546348432584 1.0796049672 4.42068449026 4.95352500564 5.33132946016 1.48219427436 1.7072596668 0.130744338495 6.16694222391 6.28259039048 6.40166782209 0.125443758274 4.85570826693 4.99886577826 0.100952266051 26.4977383749 0.230989680401 0.113985030203 0.300871699487 0.407252561164 0.0786728245571 0.0599494628893 8.70988557971 9.36423561441 9.468239602 0.104134451141 0.223470753571 0.278104349193 0.336808361565 0.666628865722 0.0923738008225 0.214845821858
