data/baseflow/History/mHMbfrc545
ncols                  80
nrows                 72
xllcorner      4374000.0
yllcorner      5656000.0
cellsize            500
NODATA_value       -9999
[rows 0 to 23 of 72, columns 0 to 54 of 80]
-9999.0 -9999.0 -9999.0 -9999.0 -9999.0 -9999.0 -9999.0 -9999.0 -9999.0 -9999.0 -9999.0 -9999.0 1.18095908985 0.995741550716 -9999.0 -9999.0 -9999.0 -9999.0 -9999.0 -9999.0 -9999.0 -9999.0 -9999.0 -9999.0 -9999.0 -9999.0 -9999.0 -9999.0 -9999.0 -9999.0 -9999.0 -9999.0 -9999.0 -9999.0 -9999.0 -9999.0 -9999.0 -9999.0 -9999.0 -9999.0 -9999.0 -9999.0 -9999.0 -9999.0 -9999.0 -9999.0 -9999.0 -9999.0 -9999.0 -9999.0 -9999.0 -9999.0 -9999.0 -9999.0 -9999.0
-9999.0 -9999.0 -9999.0 -9999.0 -9999.0 -9999.0 -9999.0 -9999.0 -9999.0 -9999.0 -9999.0 -9999.0 2.35047748884 5.26915358782 0.866452959907 -9999.0 0.711251743305 -9999.0 -9999.0 -9999.0 -9999.0 -9999.0 -9999.0 -9999.0 -9999.0 -9999.0 -9999.0 -9999.0 -9999.0 -9999.0 -9999.0 -9999.0 -9999.0 -9999.0 -9999.0 -9999.0 -9999.0 -9999.0 -9999.0 -9999.0 -9999.0 -9999.0 -9999.0 -9999.0 -9999.0 -9999.0 -9999.0 -9999.0 -9999.0 -9999.0 -9999.0 -9999.0 -9999.0 -9999.0 -9999.0
-9999.0 -9999.0 -9999.0 -9999.0 -9999.0 -9999.0 -9999.0 -9999.0 -9999.0 -9999.0 1.14842550114 1.10913354612 1.14640442543 1.1157875768 7.38909839629 8.31952820247 1.99128013585 0.630602348459 -9999.0 -9999.0 -9999.0 -9999.0 -9999.0 -9999.0 -9999.0 -9999.0 -9999.0 -9999.0 -9999.0 -9999.0 -9999.0 -9999.0 -9999.0 -9999.0 -9999.0 -9999.0 -9999.0 -9999.0 -9999.0 -9999.0 -9999.0 -9999.0 -9999.0 -9999.0 -9999.0 -9999.0 -9999.0 -9999.0 -9999.0 -9999.0 -9999.0 -9999.0 -9999.0 -9999.0 -9999.0
-9999.0 -9999.0 -9999.0 -9999.0 -9999.0 -9999.0 -9999.0 -9999.0 -9999.0 1.11692484487 2.25980829053 4.47925213299 2.21188963514 1.07603315339 2.11703202142 9.34758705951 12.9064598136 0.741756576186 -9999.0 1.09339724116 -9999.0 -9999.0 -9999.0 -9999.0 1.3585249118 0.683683709181 -9999.0 -9999.0 -9999.0 -9999.0 -9999.0 -9999.0 -9999.0 -9999.0 -9999.0 -9999.0 -9999.0 -9999.0 -9999.0 -9999.0 -9999.0 -9999.0 -9999.0 -9999.0 -9999.0 -9999.0 -9999.0 -9999.0 -9999.0 -9999.0 -9999.0 -9999.0 -9999.0 -9999.0 -9999.0
-9999.0 -9999.0 -9999.0 -9999.0 -9999.0 -9999.0 -9999.0 -9999.0 1.23675927774 3.52692394818 4.61865671164 5.72032715299 7.75379854628 1.03901571418 4.14145275864 5.15793637735 19.9504095406 1.00602400411 0.989763750243 2.08970889869 3.04710929671 0.991545076138 -9999.0 3.63834274249 2.96791541034 0.84062709964 -9999.0 -9999.0 -9999.0 -9999.0 -9999.0 -9999.0 -9999.0 -9999.0 -9999.0 -9999.0 -9999.0 -9999.0 -9999.0 -9999.0 -9999.0 -9999.0 -9999.0 -9999.0 -9999.0 -9999.0 -9999.0 -9999.0 -9999.0 -9999.0 -9999.0 -9999.0 -9999.0 -9999.0 -9999.0
-9999.0 -9999.0 -9999.0 -9999.0 -9999.0 -9999.0 1.25165983446 1.14358029055 1.11963238129 1.13327724725 1.14277672558 8.01696577278 16.8671050252 17.9527445709 18.8515149399 0.843572837723 21.7819210451 22.7543454781 1.92614216279 0.974392003234 3.98645151969 6.91869319334 0.984039976416 6.62458789524 1.02656649458 1.03703523807 1.05155878191 -9999.0 -9999.0 -9999.0 -9999.0 -9999.0 -9999.0 -9999.0 -9999.0 -9999.0 -9999.0 -9999.0 -9999.0 -9999.0 -9999.0 -9999.0 -9999.0 -9999.0 -9999.0 -9999.0 -9999.0 -9999.0 -9999.0 -9999.0 -9999.0 -9999.0 -9999.0 -9999.0 -9999.0
-9999.0 -9999.0 -9999.0 -9999.0 -9999.0 -9999.0 2.5013311367 3.68547652791 8.31564430398 11.6457958147 1.05663235967 1.08282376867 1.04441788603 3.05083849732 22.866538714 0.885862958292 23.7120314021 27.2541890804 2.78540149692 1.89339951398 7.8335465147 0.97406478923 7.57373899676 1.9236506149 0.97547565162 1.99986680963 2.07704512494 1.02483350649 1.00555320791 0.989775906383 1.02534043336 2.05831745713 -9999.0 -9999.0 -9999.0 -9999.0 -9999.0 -9999.0 -9999.0 -9999.0 -9999.0 -9999.0 -9999.0 -9999.0 -9999.0 -9999.0 -9999.0 -9999.0 -9999.0 -9999.0 -9999.0 -9999.0 -9999.0 -9999.0 -9999.0
-9999.0 -9999.0 -9999.0 -9999.0 -9999.0 1.29693151128 2.53693715778 1.22337434622 2.39607779954 12.8303153469 15.0295216697 17.2120896968 54.0770797871 0.989396694807 23.8862041697 85.6019823269 86.2847652861 114.68013183 0.719268258512 2.80101449741 8.75544382278 0.916287497992 18.3285873498 9.82885672576 6.01909712452 5.05909549549 1.0097655641 3.03038699687 2.94151740219 1.96418192933 0.957871367305 3.04417107632 0.954884772189 0.947999926239 -9999.0 -9999.0 -9999.0 -9999.0 -9999.0 -9999.0 -9999.0 -9999.0 -9999.0 -9999.0 -9999.0 -9999.0 -9999.0 -9999.0 -9999.0 -9999.0 -9999.0 -9999.0 -9999.0 -9999.0 -9999.0
-9999.0 -9999.0 -9999.0 -9999.0 -9999.0 1.2995024884 3.80046867298 7.57456710167 8.75382541614 17.3488268377 18.4769877029 21.9678445014 35.8524406809 56.8952509788 58.9401406087 59.8927556229 1.78978964579 117.811299417 119.33709696 123.93692663 154.765530834 21.1331737051 19.2855673489 6.97035441621 0.92313604679 5.88368304893 3.98553001892 0.936017854269 3.84647424539 0.851648422369 1.74119307522 4.83744789118 5.75215882444 1.85781708197 0.904539918464 0.90321993103 -9999.0 -9999.0 -9999.0 -9999.0 0.714642633075 0.622602081111 -9999.0 -9999.0 -9999.0 -9999.0 -9999.0 -9999.0 -9999.0 -9999.0 -9999.0 -9999.0 -9999.0 -9999.0 -9999.0
-9999.0 -9999.0 -9999.0 -9999.0 -9999.0 1.271448235 1.2277929112 5.0278579822 6.21721130382 7.4377199832 1.18039549948 2.34575284092 13.1042231079 2.27518060948 1.11906697744 1.05989021768 0.971693496724 1.02043529285 0.963857078701 1.02827335914 155.738985176 158.508143746 0.902150808462 2.73452933883 1.84113328131 6.78927605695 1.86685191876 0.913733518861 4.78610792865 1.6567251932 3.95445936385 10.1778920122 9.41446592541 2.76115119716 2.72808580723 0.910868761088 0.906052723622 -9999.0 -9999.0 0.900769637781 1.58409737522 3.50045538955 0.650755045708 -9999.0 -9999.0 -9999.0 -9999.0 -9999.0 -9999.0 -9999.0 -9999.0 -9999.0 -9999.0 -9999.0 -9999.0
-9999.0 -9999.0 -9999.0 -9999.0 -9999.0 -9999.0 1.29631364784 1.29187711064 2.51124270512 3.73372653493 8.47827433925 10.854316755 12.0096378804 1.16475745495 1.02941022603 13.3010977239 16.4317127203 17.4368251232 21.5281035124 22.4977780326 0.952568711518 159.460563639 163.91648533 3.53708295794 0.566296488583 7.59284242502 16.9155343028 6.59722168654 1.72151515006 0.850396590999 15.7836850666 11.0347249984 0.839447090665 0.841563735896 3.573480049 2.67402135637 0.861453181415 0.886972771879 0.866389324757 1.7523827489 0.84096859416 4.2559932278 5.08744909993 0.82523061591 -9999.0 -9999.0 -9999.0 -9999.0 0.894540348265 0.864726121117 0.230144617591 -9999.0 -9999.0 -9999.0 -9999.0
-9999.0 -9999.0 -9999.0 -9999.0 -9999.0 -9999.0 -9999.0 1.2879715121 1.14165240228 2.37268560768 3.58741012767 1.19925804806 1.08106745773 6.8194512964 9.02292887581 11.2515606679 1.0650310853 2.0960196228 1.0309261925 23.4769518101 51.7039083832 52.4323903724 218.126088379 0.908917279468 1.72956874644 0.546823983405 17.7771640466 0.868975251871 2.58502853989 0.841700570854 16.6299092941 17.4724496331 1.67787726834 1.66213598462 8.83027416162 4.39939653844 1.74786864113 0.882957936626 1.73492376417 2.60859552762 4.27230357123 0.83220992788 6.78013370985 7.64885613768 0.819628872416 0.853347534362 0.869007295996 0.827085713393 0.79747181731 2.5677558938 0.971120248155 0.634673619413 -9999.0 -9999.0 -9999.0
-9999.0 -9999.0 -9999.0 -9999.0 -9999.0 -9999.0 -9999.0 -9999.0 2.37412914017 3.4712610365 1.18305839204 2.38708169968 3.53006209918 5.79365483613 1.14917861979 1.12419420777 1.02415388744 1.03842265895 0.973868580786 26.2760694239 1.02461338479 2.01738260137 220.992959018 223.376913279 1.25064036401 4.17990293559 22.8396422322 1.69981308152 3.37005794865 1.62414357116 2.39105196792 20.7106602104 2.45510577365 12.8535812401 10.4140178661 0.785828088011 4.25232581764 1.70109984344 2.53848517194 0.801971655344 5.08879309277 6.76053501859 7.55025955614 8.3172425965 10.7842206112 1.57652105434 1.61730993698 1.54633470753 1.48439324733 3.2884537465 0.700966702339 2.31699454862 2.9690291453 -9999.0 -9999.0
-9999.0 -9999.0 -9999.0 -9999.0 -9999.0 -9999.0 -9999.0 -9999.0 1.24606774762 5.92718590304 7.09032965283 1.16668570316 2.30009298924 1.1336958075 1.08261955896 1.06485914522 13.138135029 17.5524754624 21.6059812866 25.5130816391 1.00464965229 1.00671948998 1.17208743092 228.14666042 230.701382705 231.943912466 30.8863385492 6.82170906888 5.90176234268 0.804885983301 3.17618992351 24.6658005366 0.788407601815 13.6336605711 0.793272529884 5.42413418303 5.07256349107 0.809254603704 3.334507213 1.59579034641 2.37736038283 0.820202323484 0.75494374701 9.07891906316 9.80040115365 11.5043314069 2.3626868871 2.27298985013 2.19446843277 4.01069118425 5.41569779767 0.699274871081 3.62777164094 0.671273923339 1.30028980479
-9999.0 -9999.0 -9999.0 -9999.0 -9999.0 -9999.0 -9999.0 -9999.0 -9999.0 1.24232845415 8.27781674003 9.43159439705 3.43855303185 5.70372822548 7.86904458253 8.9531486493 1.09039353168 3.3827504809 2.2047247422 1.08996483153 1.07648775564 1.00399705372 2.02121497485 3.60277621609 1.43007506844 265.469313791 266.714720345 1.15582585498 0.813467847587 1.57261120287 2.32960179322 26.9409119621 1.52592487434 14.3631247367 8.36224433796 6.84717411583 0.779997208424 1.57912664205 4.08737295807 0.748314086379 3.11228030905 1.5494314374 1.28750768336 0.493993271914 11.4642043549 23.5944088512 2.94612144559 2.86768048562 2.82675612821 0.625344651266 6.03409449207 0.609752039219 4.92171423604 0.61585375774 1.9163147893
-9999.0 -9999.0 -9999.0 -9999.0 -9999.0 -9999.0 -9999.0 -9999.0 -9999.0 -9999.0 1.14530758499 11.7400471984 1.13656850768 2.27015149851 3.33162346999 5.49483968742 1.1210523163 2.29338666221 1.12151420137 1.09498368104 1.0308533456 2.04996041569 0.95484040119 1.11534899962 2.42555274191 1.39732163269 267.95025687 270.300517675 273.512188877 3.20460174203 0.759109717578 1.51235786792 27.6988435099 26.4283313464 9.90055610896 0.761525353775 3.11739327888 2.34721857343 4.84218752388 1.50076186543 6.13164647851 2.27862990087 1.94253175696 0.293375279319 0.509855516554 24.310886379 24.9811893007 31.4175696678 4.74698932811 1.27336668705 6.68839432379 7.93513378736 13.4492055746 1.22086733025 0.581200086395
-9999.0 -9999.0 -9999.0 -9999.0 -9999.0 -9999.0 -9999.0 -9999.0 -9999.0 -9999.0 -9999.0 0.582678754467 12.9891235027 1.06495362243 2.11453922185 9.76638386792 1.119344876 1.11777321594 1.01399135129 2.11866119985 0.989999743876 4.02611509059 5.90808391883 6.81329342033 3.33179021932 4.40320928243 1.2129281298 1.31554748747 1.17605911078 278.623084088 281.054869961 28.4061757097 27.8179881071 27.1260557696 1.44060673936 0.713633583955 3.83541105168 10.1155604611 5.56382546466 2.2213316267 9.04939396978 3.58028178593 2.90646616452 0.557892441073 0.252957450661 0.270384900927 0.365311896399 33.061762994 39.6809371255 0.601862964853 0.579899455225 0.592491435392 14.0220843748 15.7909943786 1.07279935203
-9999.0 -9999.0 -9999.0 -9999.0 -9999.0 -9999.0 -9999.0 -9999.0 -9999.0 -9999.0 -9999.0 0.550526238374 14.3375396965 17.6868580591 1.05472100607 11.8703988682 1.05979755949 1.03594659809 2.00172239409 5.11593569094 0.974943902611 1.00821871637 0.909040915923 8.65753558846 9.53969352348 14.8283447097 16.9079978511 17.892259765 18.9897521127 20.0399690377 302.171448281 332.3865693 361.975820698 362.811571005 0.789959247893 0.720707922819 11.5523722863 10.8401194065 0.709681334268 0.694887593145 9.70518120679 13.9749947117 0.598209896595 5.53959592446 5.09016106539 1.14498327964 0.663623284617 1.07199472489 0.663397046381 40.9157052588 0.620216041838 1.75293207751 2.27522279455 19.453855047 20.7481812621
-9999.0 -9999.0 -9999.0 -9999.0 -9999.0 -9999.0 -9999.0 -9999.0 -9999.0 -9999.0 -9999.0 1.18249293395 2.28309542416 18.7726590549 20.8099965658 1.02250294185 13.8383815791 0.971601910757 2.93283082244 6.0575482315 1.90189263113 0.924601933419 1.87636387956 0.868907758855 1.65955645101 0.792242036793 0.716581472561 0.576392127289 0.48745008322 0.482395325989 0.509719914365 0.753660541644 0.961374629319 1.13299070212 365.594645824 14.9673767027 13.2680846926 0.809275638918 2.07228641207 0.514749581092 0.421361988402 14.6294155494 22.1110754718 6.22626443111 4.57342269933 0.597393754387 0.282443637857 0.264794940684 0.816812759368 42.3534479041 43.553362451 0.614835103347 0.617017489191 0.498327273484 0.240530847519
-9999.0 -9999.0 -9999.0 -9999.0 -9999.0 -9999.0 -9999.0 -9999.0 -9999.0 -9999.0 -9999.0 -9999.0 1.07830292755 13.8447874941 35.7077458304 38.8245975495 53.6338889399 54.5273610685 13.6480253803 9.85468649758 2.84239423444 0.916389391046 3.67095909931 4.53499374671 6.99435728785 1.60798927941 1.4863197261 1.35400848832 2.59087805025 1.2243082856 1.21078285357 0.566276983226 0.307169803765 0.46730957784 366.456666774 381.946832464 382.95204179 0.857009430815 6.04076406328 2.30557860778 0.692553763613 24.1745988277 1.4211927878 0.726024103213 2.85274053562 0.579463052547 0.588250116178 1.14424211849 1.68654163525 2.2749389226 44.6400459588 0.524828755923 0.478415230159 0.478624875409 0.367573511167
-9999.0 -9999.0 -9999.0 -9999.0 -9999.0 -9999.0 -9999.0 -9999.0 -9999.0 -9999.0 -9999.0 1.13913922662 10.5176871827 12.7721533129 2.11949652121 0.615685532798 1.43408712516 56.9366312734 57.8305610242 72.3257181045 0.862207759619 1.77250920649 0.803242527774 0.81468879154 7.77967285416 10.17196259 12.3827467937 0.72813185626 3.30549818792 5.23319328106 3.13377914801 1.24851277529 0.866857923976 0.814320704849 0.910301160944 0.604705056578 383.74905003 384.483262579 391.965149657 1.24789844999 0.635436191782 24.7609419398 1.47781374796 0.752329523971 0.774113508341 0.765938830365 0.731654357033 1.33611648956 3.97264142313 6.86511812594 52.0245521932 0.426573818913 1.28210618909 0.864995520993 0.721758398111
-9999.0 -9999.0 -9999.0 -9999.0 -9999.0 -9999.0 -9999.0 -9999.0 -9999.0 -9999.0 -9999.0 1.16124780574 7.17835188535 1.14622316898 1.04969231321 5.24344289791 6.21035053202 7.20927574255 8.14829350059 97.5420433082 98.2745920077 99.8801878993 111.880668302 114.298106529 115.656118539 116.466818838 130.374494136 132.08900082 132.780875933 138.740004136 142.610362496 143.298896932 145.336735041 1.46345099777 1.32579680274 0.314117868127 0.452090034762 385.219301543 394.637772196 1.9358584549 28.8055358858 28.1970516004 2.87428211275 0.705954202379 0.7121879621 0.702359490291 0.681243538185 1.37242757092 2.02179220136 0.657953986599 52.5306612067 53.053398701 55.6666605871 56.1193232521 57.2658638932
-9999.0 -9999.0 -9999.0 -9999.0 -9999.0 -9999.0 -9999.0 -9999.0 -9999.0 -9999.0 -9999.0 3.65183415952 4.83442966443 2.2796857805 3.37192519291 1.08060057619 12.2585884642 13.2966715285 15.327308142 16.1321935229 6.64533909481 107.784486521 108.506958068 0.771263115095 0.558538039618 0.451006849614 1.02846053788 0.45525342714 0.322698371875 0.299516646618 0.370107848019 143.819206768 145.903517494 148.014016584 149.926294654 151.517156646 0.743185300133 0.338674523239 425.373362116 30.0365694052 29.4275783251 0.647064324481 0.633768591249 0.609133902227 1.3341145615 1.32779245175 0.61727742055 0.612550836561 0.581764765879 1.23371994976 1.72042688929 0.432566202003 0.810159330473 0.289573474262 0.12655453631
-9999.0 -9999.0 -9999.0 -9999.0 -9999.0 -9999.0 -9999.0 -9999.0 -9999.0 -9999.0 -9999.0 -9999.0 2.45937362218 1.16329037287 1.09912034896 10.2066693223 11.2674705983 1.05651581322 4.12034003036 5.07170138935 5.91279187095 0.915551579851 0.805920661008 16.491695542 17.183732307 17.8304354928 45.7953523047 46.2519614902 46.8938714201 50.7042004342 52.5767282077 52.8600744589 0.249688569221 0.259173536886 0.318008782565 152.536066644 0.46482478063 431.494812485 430.705489238 4.72176534883 4.05723134506 2.521646534 0.632106824014 1.21882241379 1.95627898618 1.94832271911 1.21765465198 0.593774557852 1.16993272396 1.16018392445 2.25235480395 0.357137314658 1.19221336065 1.9082297989 2.17412416783
