data/baseflow/History/mHMbfrc429
ncols                  80
nrows                 72
xllcorner      4374000.0
yllcorner      5656000.0
cellsize            500
NODATA_value       -9999
[rows 24 to 47 of 72, columns 0 to 53 of 80]
-9999.0 -9999.0 -9999.0 -9999.0 -9999.0 -9999.0 -9999.0 -9999.0 -9999.0 -9999.0 -9999.0 -9999.0 0.584724120404 1.49974029488 1.92185211584 3.16980490602 0.320963612063 0.65884273843 0.958006075226 3.9774723436 4.17610723778 4.29955420503 4.4683068946 4.6934718931 7.32167408232 7.91222169138 8.16957072834 0.0682575263202 0.575347844789 0.636007568839 14.3024107272 14.4859493336 14.5882976332 14.6999116388 14.7662320449 60.7245463516 0.0848271589462 125.296492476 0.0482420581636 0.0185786547128 0.712663307479 0.654649450738 0.0688285795413 0.352172077654 0.539146763818 0.528026632755 0.352697074231 0.57521777326 0.91281403409 0.34969749249 0.874521498729 0.0539351790779 0.0892418978223 0.00601958057952
-9999.0 -9999.0 -9999.0 -9999.0 -9999.0 -9999.0 -9999.0 -9999.0 -9999.0 -9999.0 -9999.0 -9999.0 0.5098518862 1.00403626978 0.42997871532 0.855357648933 0.330059219903 2.79369754994 3.38514268987 3.70269217729 0.266604289519 0.489728505448 5.83987699678 6.97492317095 7.14644688509 0.397785735514 0.368484646122 0.489403449023 0.0444444447585 0.0356418232884 0.0632561678912 0.0337967581602 10.8789049378 10.9279717973 10.9527718835 60.8773848055 125.713035777 125.311263405 0.0246562761483 0.0153206873687 0.0135099331805 0.101915017886 0.0912844992412 0.392875475557 0.613331364409 1.25295936638 0.111342350841 0.110578198932 0.988784228381 1.06636415632 2.08826564112 2.11842453653 2.21407557353 2.22500087722
-9999.0 -9999.0 -9999.0 -9999.0 -9999.0 -9999.0 -9999.0 -9999.0 -9999.0 -9999.0 -9999.0 -9999.0 -9999.0 0.444468033191 0.897154742866 1.36444615991 2.0859430994 0.380576971051 0.31178611888 2.86539264424 3.12567290163 5.43481673585 5.70896331473 0.760497348557 0.221224460518 0.190235225309 0.16739781847 10.6358819069 10.699727063 10.7454623784 10.7753769897 10.8387832168 0.729780173998 0.781875866557 11.7695717731 198.449311138 0.246746966721 0.144750536504 0.0491157650352 0.0159423640237 0.0101960506553 0.126290357616 0.132484844524 0.411385784909 0.00980130761937 1.27080681909 0.153320278305 0.148637943506 0.0104524953448 0.00518154271388 0.00439466365822 0.0101099921812 0.00484937029073 2.23064950644
-9999.0 -9999.0 -9999.0 -9999.0 -9999.0 -9999.0 -9999.0 -9999.0 -9999.0 -9999.0 -9999.0 -9999.0 -9999.0 -9999.0 0.416081661827 0.940709059575 1.43152303217 1.92696724954 2.24341023457 2.577049249 0.915404922775 1.53076584189 0.265710204428 0.246303614063 9.664614386 10.1074947754 10.2976491421 10.5050280925 0.119514952346 0.188839838389 0.547139503563 0.602848912561 0.662111232928 0.0676128377724 0.0668125639199 198.762060668 0.107150917663 0.0754305267074 0.0371269395185 0.0974838307966 0.0453994716607 0.0251455097646 0.562005103859 0.596080876265 0.0123605965992 1.28902145485 1.4472915405 0.153507533332 30.0716100177 30.0563022393 30.0453371947 30.0146948757 29.9940790184 29.7066657508
-9999.0 -9999.0 -9999.0 -9999.0 -9999.0 -9999.0 -9999.0 -9999.0 -9999.0 -9999.0 -9999.0 -9999.0 -9999.0 -9999.0 0.18821243434 0.389066771351 0.513297679643 5.79192722434 6.11700799805 0.336619670647 0.305371332972 0.306075154339 8.67765282029 9.22315322396 0.243185453714 0.251822021131 0.171642299507 0.737545657756 0.914007270445 0.36817853136 0.454009867705 4.68706375696 4.78192907305 5.02431469333 7.52934408448 206.399773177 0.115208947616 0.0291286141067 0.165950224493 0.132539241715 0.0250004374062 0.0772252587749 0.102539873184 0.622903047893 0.64567747307 2.1310166145 1.45804845407 0.166046233225 30.4749079816 0.149578580434 30.0346781896 30.0255304235 0.267765902544 0.0407021015294
-9999.0 -9999.0 -9999.0 -9999.0 -9999.0 -9999.0 -9999.0 -9999.0 -9999.0 -9999.0 -9999.0 -9999.0 -9999.0 -9999.0 0.915231102919 1.52120651854 2.98128474388 5.34319450375 6.63782510657 7.53219866082 7.84015085655 8.15595242144 8.44276636301 0.258315683291 0.207936913892 0.402326712636 0.365125880299 0.196598083796 4.16491246383 4.33470349155 4.48829516227 4.62490445312 2.18503850532 2.23208335263 2.39811899463 206.49208563 0.230567248877 0.0871553780457 0.285806196647 0.034746534684 0.0771421026507 0.0475460455033 0.023193388007 0.136561735265 0.0173725984301 0.0178665305557 32.7081002529 30.5633638806 30.5448098207 0.0732124786442 0.142655229614 0.0810123786536 0.0106038153189 0.189953053788
-9999.0 -9999.0 -9999.0 -9999.0 -9999.0 -9999.0 -9999.0 -9999.0 -9999.0 -9999.0 -9999.0 -9999.0 -9999.0 -9999.0 0.631513782065 0.622977037676 1.23807466298 1.82050483466 0.457173550549 0.427515002136 0.751182927251 1.06168038346 1.60294936939 1.86942692335 2.08214957927 2.70716386006 2.88685457179 3.0920078226 0.173175259117 1.8587500839 1.9793039468 2.06134909212 0.0505453933359 0.0252635448151 0.0461065360821 208.954629602 209.041059759 209.408674774 0.40532533792 0.0806481774943 0.104502040713 0.0215490123154 0.0417939616947 0.158780897667 0.191776978885 0.0319614930893 32.7951810772 0.0330936774416 0.0397974491919 0.0419501884396 0.0380801055017 0.0569661208988 0.0231532956489 0.147763607552
-9999.0 -9999.0 -9999.0 -9999.0 -9999.0 -9999.0 -9999.0 -9999.0 -9999.0 -9999.0 -9999.0 -9999.0 -9999.0 -9999.0 -9999.0 0.614949370971 1.19204104868 0.526788122177 1.06431623705 6.54928884289 6.88839963429 7.17336614284 0.267783904262 0.270606544254 0.482786089902 0.699688550646 1.04573953997 1.23053106117 1.36461410616 1.52254617072 0.119372280795 0.0860161287488 2.16606847996 2.20851348142 2.2552053697 2.32401175517 2.12014595357 211.814895867 212.596168736 212.637362647 212.777798606 212.920332423 212.981386382 0.0163640509067 0.207596937618 32.8101159606 0.030790313734 0.0157949254664 0.0286843638318 0.0317990834819 0.0503605782805 0.0305516706446 0.01808264231 0.0310445989334
-9999.0 -9999.0 -9999.0 -9999.0 -9999.0 -9999.0 -9999.0 -9999.0 -9999.0 -9999.0 -9999.0 -9999.0 -9999.0 -9999.0 -9999.0 -9999.0 1.76493090383 2.29824017722 3.91832979047 4.98676577863 0.50259357447 8.03697861826 8.29454558992 8.53004393679 0.222903628613 0.431516234945 0.17315036314 1.39352810256 1.50219826782 1.6489035518 1.78457250289 2.07090855898 2.13461061988 0.0395026554369 1.81209766039 1.9604937149 2.05176575987 2.32028577867 0.30108308881 0.170771409216 0.0762948221384 0.0729311282082 213.047474396 213.072792168 213.41975881 32.8251614465 0.100592471445 0.0573792183602 0.0416407504459 0.0101826787711 0.114554935335 0.0512000448411 0.0153199846395 0.0840543950521
-9999.0 -9999.0 -9999.0 -9999.0 -9999.0 -9999.0 -9999.0 -9999.0 -9999.0 -9999.0 -9999.0 -9999.0 -9999.0 -9999.0 -9999.0 -9999.0 0.574528759475 2.85894623886 3.41700160985 0.519633059167 0.310786681512 0.649435708863 0.928476013487 9.71225953504 0.219929319306 0.885183807433 1.06866723766 1.24390825802 0.109912452845 0.242335285507 0.296557141388 1.40762337578 1.54743177312 1.62526528737 0.0750593082708 0.0604942505301 0.0575302046816 0.106089914112 0.0398113459175 0.0414856549655 0.0478211402419 0.0490038434425 0.0480429734161 0.121840191531 213.446881738 246.33484335 0.122523681239 0.0375698641398 0.0123401234449 0.325912607434 0.303337214153 0.170321496945 0.150468965622 0.107922502808
-9999.0 -9999.0 -9999.0 -9999.0 -9999.0 -9999.0 -9999.0 -9999.0 -9999.0 -9999.0 -9999.0 -9999.0 -9999.0 -9999.0 -9999.0 0.548541973456 1.62957179095 0.517397611936 0.449256614878 0.375600668687 0.69401913416 1.00548426509 1.31647323367 11.4350847386 11.6453961896 0.21896294287 0.406440260258 0.59788093959 0.726073769038 0.833229780249 1.17249905759 1.334454409 0.0431629726602 0.0495200796541 0.0483393295725 0.0457808759114 0.0522699081102 0.0625016207881 0.0544173250367 0.0766822464483 0.193517186511 0.0922212449004 0.038083383824 0.0377420474313 0.0221115820554 0.0397760079417 247.67920111 1.18267158347 0.445934301662 0.0845804396168 0.0451529091572 0.019871195102 0.051580974564 0.0295262841785
-9999.0 -9999.0 -9999.0 -9999.0 -9999.0 -9999.0 -9999.0 -9999.0 -9999.0 -9999.0 -9999.0 -9999.0 -9999.0 -9999.0 0.583937961911 1.11416241799 3.79765832488 0.497729071615 0.932632032018 1.28663586406 1.59202461504 0.328449123781 0.584225426566 0.960082437165 12.9655434255 0.202073315495 0.374015432481 0.550367640475 0.156542080681 0.301502088594 0.337844525773 0.457663934606 19.0340729754 19.1396521139 19.2410960594 19.664982694 19.8188101009 20.1223132461 0.0755313829301 0.18049535557 0.222809076016 20.9554508062 21.0149122938 0.0338438362935 0.0478951418776 0.0618425961664 247.716222726 1.11672941044 0.545560050099 0.482703504554 0.407521745684 0.351025238565 0.0678108541082 0.0195135760588
-9999.0 -9999.0 -9999.0 -9999.0 -9999.0 -9999.0 -9999.0 -9999.0 -9999.0 -9999.0 -9999.0 -9999.0 -9999.0 -9999.0 0.588560820416 1.78312399585 6.16096725026 9.17575401619 0.448359736719 11.8112418563 13.8459629855 0.297033931571 0.550381041028 0.893942077791 15.5613336959 15.8551106677 0.147868131631 0.847241585568 0.979060493266 1.08061849878 18.3066924435 18.4354343099 18.5440181429 0.057199873452 0.314851028965 0.371908331926 0.138191202589 0.191701109657 20.3872011976 20.6431298047 20.6795506027 20.7131227931 21.0497172153 0.0168397653393 0.0141560662609 0.0896560920761 247.74801196 0.0560614515734 0.00811026818095 0.0237740856073 0.0103036758284 0.288488559689 0.272718022554 0.167377452264
-9999.0 -9999.0 -9999.0 -9999.0 -9999.0 -9999.0 -9999.0 -9999.0 -9999.0 -9999.0 -9999.0 -9999.0 -9999.0 -9999.0 -9999.0 -9999.0 1.23533477369 2.48293094017 10.8118231673 11.3729993345 14.3395604451 14.796038933 0.281497811726 0.563230184747 1.3304043158 16.1945062029 16.5475657675 16.6662577591 0.0891118766404 17.0473222948 17.1773536551 0.0856020922676 0.0583607601806 0.110679960263 0.212268468605 0.0500153128345 0.0943161266221 0.193127656375 0.234582273201 0.043915649802 0.0262411229843 0.0502479643558 21.2559332637 21.3180228165 21.330428491 21.4586187725 247.774241646 0.0508526465315 0.00448229322402 0.00565349865885 0.00568158061246 0.0059439455746 0.00508820034244 0.00916446236526
-9999.0 -9999.0 -9999.0 -9999.0 -9999.0 -9999.0 -9999.0 -9999.0 -9999.0 -9999.0 -9999.0 -9999.0 -9999.0 -9999.0 -9999.0 -9999.0 0.64492641964 0.629945412322 0.59292658133 1.09833022871 0.462837461921 15.7280100388 16.1389506558 0.283416865593 0.521455908414 0.21965839505 0.162119711826 0.154496712323 16.8873433474 0.03798480413 0.079207675964 0.0553393492707 0.0618299723459 0.0518718583804 0.0362817167192 0.0382788889364 0.116118367707 0.160865633945 0.0277350057212 0.023425102413 0.051155082364 0.0881263714817 0.122454588434 0.0356210286156 21.3524995986 21.4716490772 247.795159821 0.121939658722 0.00988832598663 0.00241495478914 0.00757082758757 0.00195826184715 0.00152844965579 0.0109038708647
-9999.0 -9999.0 -9999.0 -9999.0 -9999.0 -9999.0 -9999.0 -9999.0 -9999.0 -9999.0 -9999.0 -9999.0 -9999.0 -9999.0 -9999.0 -9999.0 -9999.0 -9999.0 0.619212514 1.65307649464 2.11791813692 2.57658739081 16.5853692548 17.0283354949 17.4241689979 17.7613883454 17.9100847066 18.2225149556 18.2603754036 18.2928132767 18.323144074 0.0532532539981 0.0475743891745 0.0504547120126 0.166434655719 0.0445036714443 0.0406084627495 0.0295678451967 0.0837218907373 0.0334285875383 0.0237828692085 0.0216877757992 0.0176402119681 0.0351911403791 0.0505194995475 21.5732269681 269.509143493 0.0587837582519 0.0839423626325 0.0016203244209 0.00986892647898 0.00466582057783 0.00307559311643 0.20831994935
-9999.0 -9999.0 -9999.0 -9999.0 -9999.0 -9999.0 -9999.0 -9999.0 -9999.0 -9999.0 -9999.0 -9999.0 -9999.0 -9999.0 -9999.0 -9999.0 -9999.0 -9999.0 -9999.0 0.516255690719 4.07685415197 7.74065456052 8.18146131068 0.457966436039 0.741510941051 0.982323796863 1.15749763765 2.40744223576 2.46241293369 0.0547174704853 0.0505811042711 18.4385769035 18.5331217898 18.575928062 0.195298191588 0.0242446045228 0.0622455055332 0.0907981143946 0.271498906712 0.333369370428 0.378113977109 0.0402745567307 0.0549927328442 0.0181127015111 0.0357818537823 0.0184260499401 269.541550777 0.0368218412368 0.165350167297 0.0234112327837 0.0398686648272 0.22902993607 0.250068183277 0.480829116202
-9999.0 -9999.0 -9999.0 -9999.0 -9999.0 -9999.0 -9999.0 -9999.0 -9999.0 -9999.0 -9999.0 -9999.0 -9999.0 -9999.0 -9999.0 -9999.0 -9999.0 -9999.0 0.574227582332 1.83095837195 3.57518842816 4.66427657113 11.4803171675 11.929837096 0.518375151388 0.758369906683 0.947510114211 1.11377679688 2.50150004936 2.6042804844 4.27032350034 4.39089069749 4.43786736835 18.6164011194 18.902075159 0.0607805048478 0.0419021099576 0.0388289526332 0.0719014437364 0.0315281645166 0.43883802475 0.459739805884 0.0720143277279 0.0986491330271 0.0207481511641 78.6815830088 78.7201733377 348.284037877 348.495148055 0.0519476594432 0.151181905143 0.0645276391654 0.0360139487493 0.52836383801
-9999.0 -9999.0 -9999.0 -9999.0 -9999.0 -9999.0 -9999.0 -9999.0 -9999.0 -9999.0 -9999.0 -9999.0 -9999.0 -9999.0 -9999.0 -9999.0 -9999.0 -9999.0 -9999.0 0.654703108358 0.630790578105 1.18888365314 2.80858569682 12.421225488 0.27149019367 0.266688138991 0.454244355168 0.652477968506 1.44526619224 1.51112384861 0.0563165757604 0.0820032982581 4.5028449997 4.54404783675 23.4852415804 23.5183451929 0.0191511098974 0.016739725763 0.0132039107863 0.0133345092815 0.014662001937 78.260607602 78.3919134552 78.5206071289 78.5710338909 78.6577402666 0.0208803613579 0.0744311349075 0.0855701280895 348.619901943 348.638953525 348.691839416 348.717581201 348.744231109
-9999.0 -9999.0 -9999.0 -9999.0 -9999.0 -9999.0 -9999.0 -9999.0 -9999.0 -9999.0 -9999.0 -9999.0 -9999.0 -9999.0 -9999.0 -9999.0 -9999.0 -9999.0 -9999.0 -9999.0 0.576043610174 0.603961963487 1.11346169338 14.582415811 14.997658294 0.258203013675 0.447168353254 0.652172554057 0.745212666534 0.0716801142392 0.151710481214 27.0298250889 27.0775252746 27.1360227281 27.5382341586 51.1020276619 77.3897630302 77.4410802963 77.4846873662 77.5264349527 77.7165634591 77.7799370518 0.110475875669 0.0467693609569 0.0300504401766 0.0552393559645 0.0366142801127 0.0595125657462 0.0180871597552 0.437797143216 0.531345052572 0.634876184668 0.639833752605 348.753002595
-9999.0 -9999.0 -9999.0 -9999.0 -9999.0 -9999.0 -9999.0 -9999.0 -9999.0 -9999.0 -9999.0 -9999.0 -9999.0 -9999.0 -9999.0 -9999.0 -9999.0 -9999.0 -9999.0 -9999.0 -9999.0 0.585519478404 1.11600034545 1.64995504483 15.4262657163 0.317069676954 20.2333328243 20.4489637965 20.518791713 20.6080132892 26.6780196932 26.7868492256 0.0520355965871 0.300851839026 0.357192215543 0.0502029825328 26.2390273203 26.1501119192 0.0231244646041 0.057145300456 0.153718615392 0.0347118294401 0.0367956106549 0.0234419907255 0.0188288456981 0.0138861040064 0.0167144983894 0.38365967618 0.401469063981 0.424358503088 0.0800957496577 0.0889959656526 0.68599988664 0.695141317649
-9999.0 -9999.0 -9999.0 -9999.0 -9999.0 -9999.0 -9999.0 -9999.0 -9999.0 -9999.0 -9999.0 -9999.0 -9999.0 -9999.0 -9999.0 -9999.0 -9999.0 -9999.0 -9999.0 -9999.0 -9999.0 0.533753754159 0.495332643327 2.56749983482 18.9384483344 19.7102388498 20.0462507101 0.196724852902 5.88092283822 5.94639620989 5.99573088201 0.0897821619549 0.151932049664 0.200326752324 6.05457789269 6.09133648962 6.12080008419 26.0982005728 16.9781630831 0.0330119660476 0.0334491237367 0.0310488403745 0.0219791503183 0.240448925564 0.285049869752 0.323103168474 0.344675968232 0.365177977034 3.82141126587 3.83560029864 3.86243472783 3.92330259797 4.09507963474 4.10007454515
-9999.0 -9999.0 -9999.0 -9999.0 -9999.0 -9999.0 -9999.0 -9999.0 -9999.0 -9999.0 -9999.0 -9999.0 -9999.0 -9999.0 -9999.0 -9999.0 -9999.0 -9999.0 -9999.0 -9999.0 -9999.0 -9999.0 1.03741568468 1.57765038593 0.47044081303 0.271629578232 5.29394002977 5.49764550097 5.60607329227 1.28675876979 1.32594325262 1.37452287029 1.42946934621 5.9673557138 6.025564713 2.89512670188 9.0558949412 9.0916402445 16.9546335296 0.0660309874916 0.0329572698972 0.0205452646816 0.169039212295 0.197730111739 0.0144898606303 0.0132427422155 3.75372894901 3.78997289772 3.80839319586 0.0260903418683 0.0417207234405 4.07527776324 0.0105100551651 0.0329459353693
-9999.0 -9999.0 -9999.0 -9999.0 -9999.0 -9999.0 -9999.0 -9999.0 -9999.0 -9999.0 -9999.0 -9999.0 -9999.0 -9999.0 -9999.0 -9999.0 -9999.0 -9999.0 -9999.0 -9999.0 -9999.0 -9999.0 0.51673074159 1.0204589045 4.03467752919 4.4937192792 4.80614823926 1.10345750535 1.24405528149 0.0506990955666 4.40791219616 4.44620943526 4.48273337915 0.0471971157839 2.79026791829 2.85201021917 0.0381343643924 16.7781026963 0.0796143881702 0.0393984987918 0.094124122012 0.127242586103 0.0219136333968 0.0168892202791 3.56386067322 3.72023072876 3.74315186402 0.0224830808229 0.0441516014795 0.0550340774504 0.065574833875 0.131717075789 0.0122153273871 0.0270963937145
