data/baseflow/History/mHMbfrc448
ncols                  80
nrows                 72
xllcorner      4374000.0
yllcorner      5656000.0
cellsize            500
NODATA_value       -9999
[rows 0 to 23 of 72, columns 0 to 53 of 80]
-9999.0 -9999.0 -9999.0 -9999.0 -9999.0 -9999.0 -9999.0 -9999.0 -9999.0 -9999.0 -9999.0 -9999.0 1.09086997335 0.770299200686 -9999.0 -9999.0 -9999.0 -9999.0 -9999.0 -9999.0 -9999.0 -9999.0 -9999.0 -9999.0 -9999.0 -9999.0 -9999.0 -9999.0 -9999.0 -9999.0 -9999.0 -9999.0 -9999.0 -9999.0 -9999.0 -9999.0 -9999.0 -9999.0 -9999.0 -9999.0 -9999.0 -9999.0 -9999.0 -9999.0 -9999.0 -9999.0 -9999.0 -9999.0 -9999.0 -9999.0 -9999.0 -9999.0 -9999.0 -9999.0
-9999.0 -9999.0 -9999.0 -9999.0 -9999.0 -9999.0 -9999.0 -9999.0 -9999.0 -9999.0 -9999.0 -9999.0 2.19083261005 4.47863794525 0.641276965803 -9999.0 0.51227267476 -9999.0 -9999.0 -9999.0 -9999.0 -9999.0 -9999.0 -9999.0 -9999.0 -9999.0 -9999.0 -9999.0 -9999.0 -9999.0 -9999.0 -9999.0 -9999.0 -9999.0 -9999.0 -9999.0 -9999.0 -9999.0 -9999.0 -9999.0 -9999.0 -9999.0 -9999.0 -9999.0 -9999.0 -9999.0 -9999.0 -9999.0 -9999.0 -9999.0 -9999.0 -9999.0 -9999.0 -9999.0
-9999.0 -9999.0 -9999.0 -9999.0 -9999.0 -9999.0 -9999.0 -9999.0 -9999.0 -9999.0 1.05425294346 1.01624850921 1.06524335974 1.04681087639 6.47289451145 7.1907123306 1.44582125161 0.467775853643 -9999.0 -9999.0 -9999.0 -9999.0 -9999.0 -9999.0 -9999.0 -9999.0 -9999.0 -9999.0 -9999.0 -9999.0 -9999.0 -9999.0 -9999.0 -9999.0 -9999.0 -9999.0 -9999.0 -9999.0 -9999.0 -9999.0 -9999.0 -9999.0 -9999.0 -9999.0 -9999.0 -9999.0 -9999.0 -9999.0 -9999.0 -9999.0 -9999.0 -9999.0 -9999.0 -9999.0
-9999.0 -9999.0 -9999.0 -9999.0 -9999.0 -9999.0 -9999.0 -9999.0 -9999.0 1.01182630497 2.07861405608 4.12452743283 2.07199975 1.01391385113 2.00212377806 8.16165569531 10.7123896813 0.513743028799 -9999.0 1.04952181048 -9999.0 -9999.0 -9999.0 -9999.0 1.00561448396 0.51643511806 -9999.0 -9999.0 -9999.0 -9999.0 -9999.0 -9999.0 -9999.0 -9999.0 -9999.0 -9999.0 -9999.0 -9999.0 -9999.0 -9999.0 -9999.0 -9999.0 -9999.0 -9999.0 -9999.0 -9999.0 -9999.0 -9999.0 -9999.0 -9999.0 -9999.0 -9999.0 -9999.0 -9999.0
-9999.0 -9999.0 -9999.0 -9999.0 -9999.0 -9999.0 -9999.0 -9999.0 1.09722604975 3.15621267088 4.14615342521 5.15176458616 7.18207632677 0.965952561617 3.90272383394 4.85009195105 17.0256445637 0.816450176705 0.916533654779 2.00608278819 2.93599355314 0.957235675085 -9999.0 2.62710453569 2.15887818674 0.600246377454 -9999.0 -9999.0 -9999.0 -9999.0 -9999.0 -9999.0 -9999.0 -9999.0 -9999.0 -9999.0 -9999.0 -9999.0 -9999.0 -9999.0 -9999.0 -9999.0 -9999.0 -9999.0 -9999.0 -9999.0 -9999.0 -9999.0 -9999.0 -9999.0 -9999.0 -9999.0 -9999.0 -9999.0
-9999.0 -9999.0 -9999.0 -9999.0 -9999.0 -9999.0 1.10141728224 1.02007427546 1.00293810242 1.01461867937 1.03114392889 7.23320725894 15.4283172041 16.4313552498 17.3241454605 0.867503432117 18.7744557354 19.6815023033 1.85493645831 0.943877393318 3.85249357364 6.67417922114 0.911341777003 5.31195161306 0.981485817194 0.934913495535 1.00811053478 -9999.0 -9999.0 -9999.0 -9999.0 -9999.0 -9999.0 -9999.0 -9999.0 -9999.0 -9999.0 -9999.0 -9999.0 -9999.0 -9999.0 -9999.0 -9999.0 -9999.0 -9999.0 -9999.0 -9999.0 -9999.0 -9999.0 -9999.0 -9999.0 -9999.0 -9999.0 -9999.0
-9999.0 -9999.0 -9999.0 -9999.0 -9999.0 -9999.0 2.21476150257 3.27830423458 7.43797258675 10.4237757179 0.957685523496 0.991184534262 0.957011180715 2.79458367656 21.0029756374 0.848395258649 20.5709334375 24.0547330207 2.7343272803 1.81107408611 7.55149415665 0.924913645309 6.23319772147 1.8480539113 0.929041580965 1.84004883007 1.99544159728 1.00888031551 1.02082142653 1.00580934812 1.03310734632 2.06993363646 -9999.0 -9999.0 -9999.0 -9999.0 -9999.0 -9999.0 -9999.0 -9999.0 -9999.0 -9999.0 -9999.0 -9999.0 -9999.0 -9999.0 -9999.0 -9999.0 -9999.0 -9999.0 -9999.0 -9999.0 -9999.0 -9999.0
-9999.0 -9999.0 -9999.0 -9999.0 -9999.0 1.15797456324 2.27229735463 1.10452242897 2.16114908073 11.4866936748 13.4780957849 15.4707421704 49.4723607596 0.917431735077 21.929984 78.5271949091 79.1960386213 104.385827057 0.724659819888 2.67630816484 8.43340520081 0.876786818536 16.542312302 9.40580169839 5.73392928741 4.79321666762 0.97761788111 3.00012974111 3.00331333402 2.00273351721 0.974793633822 3.06590628758 0.962673353807 0.954415346862 -9999.0 -9999.0 -9999.0 -9999.0 -9999.0 -9999.0 -9999.0 -9999.0 -9999.0 -9999.0 -9999.0 -9999.0 -9999.0 -9999.0 -9999.0 -9999.0 -9999.0 -9999.0 -9999.0 -9999.0
-9999.0 -9999.0 -9999.0 -9999.0 -9999.0 1.17696202454 3.46060082293 6.86582816853 7.94916372874 15.8341165892 16.8759554553 20.0887786278 33.0737587649 52.1323888011 54.0199063266 54.8929997448 1.64066027381 107.307729682 108.818241057 113.200225308 141.730048227 19.213255601 17.4613723724 6.64663848561 0.904718999126 5.75049113152 3.90656662614 0.882622432944 3.91942676429 0.882647225053 1.83632304377 4.92298343095 5.85224909105 1.87649570093 0.909637885495 0.906722706141 -9999.0 -9999.0 -9999.0 -9999.0 0.51151927947 0.438769514363 -9999.0 -9999.0 -9999.0 -9999.0 -9999.0 -9999.0 -9999.0 -9999.0 -9999.0 -9999.0 -9999.0 -9999.0
-9999.0 -9999.0 -9999.0 -9999.0 -9999.0 1.15566802051 1.12199129355 4.61061230059 5.70416285468 6.82047599745 1.08437000476 2.15546958408 12.2447161926 2.13601874692 1.03228837144 0.96570661123 0.881808839462 0.96617151679 0.943700108359 0.949540125808 142.643421159 145.272487175 0.871893010991 2.66813227923 1.80441858629 6.63313098199 1.78016975977 0.865706859258 4.8481058967 1.73168199466 4.17151163188 10.3327486305 9.55202396147 2.77956186703 2.69551226956 0.920194427861 0.907450905901 -9999.0 -9999.0 0.905395676266 1.18476091965 2.53281467174 0.455365924579 -9999.0 -9999.0 -9999.0 -9999.0 -9999.0 -9999.0 -9999.0 -9999.0 -9999.0 -9999.0 -9999.0
-9999.0 -9999.0 -9999.0 -9999.0 -9999.0 -9999.0 1.19551016726 1.18670991323 2.32147307055 3.46252806622 7.92024978894 10.1351904277 11.2352893977 1.11183172556 0.962962072223 12.4713432099 15.346401822 16.2681248054 20.0828549145 20.9860804325 0.893209563741 146.169399692 150.554508218 3.50348671071 0.713806210619 7.4588509422 16.5904468837 6.54156146524 1.69286682534 0.851443560596 16.1651057654 11.1921782264 0.833129195148 0.841030202619 3.54343997458 2.69551860697 0.859267631221 0.830130876069 0.874399291758 1.76732740641 0.843862141391 3.06736904738 3.86956822078 0.752093130047 -9999.0 -9999.0 -9999.0 -9999.0 0.794330968008 0.75809026328 0.230376446292 -9999.0 -9999.0 -9999.0
-9999.0 -9999.0 -9999.0 -9999.0 -9999.0 -9999.0 -9999.0 1.17586626883 1.09293723056 2.24583966801 3.37718605465 1.1142932842 1.03555799391 6.46398025782 8.49244768426 10.5599638064 0.98318222758 1.95923719712 0.96215632736 21.9027107918 47.8527545407 48.3803949089 200.508074828 0.872286134367 2.14118575318 0.690618534594 17.4227777796 0.839492441491 2.5535114477 0.841013836583 16.996548325 17.827456721 1.67320248414 1.67421234229 8.84621959809 4.43006906734 1.70055334446 0.868053213295 1.74689548866 2.63118016063 4.28573777799 0.801442516488 5.27186958328 5.84187539988 0.493787297105 0.52972395659 0.55099433296 0.494030370082 0.459937624016 2.14896788858 0.864152176135 0.545038837098 -9999.0 -9999.0
-9999.0 -9999.0 -9999.0 -9999.0 -9999.0 -9999.0 -9999.0 -9999.0 2.26645111642 3.33329661756 1.11975808006 2.26003128823 3.33922561648 5.4844774338 1.08627701325 1.06279313927 0.962801225764 0.972317203978 0.911465836397 24.1012589588 0.975674802547 1.92376210704 203.000391358 204.612183053 0.722961607281 3.60697996494 21.8305798507 1.65418721557 3.32620379944 1.56825264252 2.32999483389 21.0244002719 2.44016414189 12.8610748127 10.4327021649 0.801197570754 4.21222683635 1.6961907963 2.55840027109 0.808227801359 5.06138828727 6.51066507718 6.98321735041 7.4284974524 7.66777043197 0.922090717551 0.968179127076 0.876377068081 0.806531155143 2.62237769047 0.532982744623 1.95276748919 2.43373123399 -9999.0
-9999.0 -9999.0 -9999.0 -9999.0 -9999.0 -9999.0 -9999.0 -9999.0 1.17046679898 5.65538533841 6.75785210975 1.10376656856 2.1727696408 1.06838649883 1.02016527907 1.0073618436 12.3608816814 16.4208258447 20.0523107631 23.5429612806 0.881291357375 0.959970118509 0.98540934782 208.472649214 209.986278601 210.642845708 29.2385232361 6.61895087715 5.76418665135 0.731393807439 3.04127679921 24.8100209855 0.719960069426 13.6055634983 0.799066788458 5.4367516589 5.04662176512 0.819776489493 3.36723570206 1.61356523711 2.39711297719 0.658166341779 0.4398288242 7.86747936037 8.25652556992 8.05561922293 1.3818389214 1.26768936371 1.18758349235 3.19862618449 4.27918400554 0.539576543628 2.96110426564 0.594847841743
-9999.0 -9999.0 -9999.0 -9999.0 -9999.0 -9999.0 -9999.0 -9999.0 -9999.0 1.18082421582 7.89160132236 8.98698298573 3.25107254708 5.38350263784 7.41519399497 8.42696413304 1.02280559179 3.09577022597 2.05570590606 1.03745446469 1.03060028781 0.969449463252 1.93431599135 3.23924760023 0.964244106639 241.525360684 242.21472971 0.648865057065 0.602291660519 1.48856890153 2.21987650609 26.9646025925 1.42952388806 14.2555714084 8.3701669219 6.87426001885 0.779428125229 1.58653473971 4.1093091561 0.741283876819 3.11002648079 1.35189349151 0.791063139493 0.379920634359 9.39073659743 17.7514561539 1.65153109794 1.54810167244 1.60327483327 0.441939928314 4.71196133781 0.421156375948 3.94145514115 0.510599004638
-9999.0 -9999.0 -9999.0 -9999.0 -9999.0 -9999.0 -9999.0 -9999.0 -9999.0 -9999.0 1.09139017617 11.181386568 1.07484664135 2.14065535885 3.13057446512 5.10792129303 1.00940752726 2.06580911204 1.02362448063 0.984939505641 0.947719127144 1.87948839756 0.863514887395 0.928689833006 1.71765677147 0.919442108885 242.916348787 244.184960736 246.15088826 2.88004483989 0.743525642185 1.48383698064 27.7165005644 26.1498007874 9.89542742612 0.757031762069 3.12477725636 2.35282263123 4.85278561329 1.4816485986 5.88747708129 2.0522646996 1.3233348363 0.310780449988 0.407150356299 18.1805487586 18.5488584658 22.0682832729 3.00292557119 0.927071136326 5.17976049479 6.05978129128 10.4020224671 0.986778295607
-9999.0 -9999.0 -9999.0 -9999.0 -9999.0 -9999.0 -9999.0 -9999.0 -9999.0 -9999.0 -9999.0 0.582692118872 12.449614085 1.03388541044 2.01735047742 9.09988927415 1.00903340907 1.00350256957 0.937641964293 1.95112592542 0.958115712344 3.7891550788 5.53305085331 6.34992277398 2.47012661141 3.04322265173 0.626056385609 0.83307036896 0.703543926287 250.341487174 252.491866532 28.3621422301 27.4150220366 26.7927848647 1.30490416876 0.63178965749 3.82486381834 10.0744514831 5.55025171512 2.17258895585 8.70528458845 3.07849487413 2.47231430014 0.651466129268 0.257832485885 0.234728918475 0.251695318019 23.3787904845 27.6078953726 0.452387884946 0.387204944717 0.465220803265 10.8583163159 12.2810201357
-9999.0 -9999.0 -9999.0 -9999.0 -9999.0 -9999.0 -9999.0 -9999.0 -9999.0 -9999.0 -9999.0 0.544224796686 13.7769071237 16.982221454 0.995205189214 11.0835381772 0.957923973542 0.936708236956 1.88550245106 4.79398791769 0.941832314951 0.969897958703 0.864888927282 8.05825634538 8.87739615402 12.7841233119 14.1730333375 14.9239426036 15.5243351705 16.1548092911 269.218081605 298.672831569 327.049001673 327.408756659 0.521422108122 0.652519403718 11.4792091937 10.7801775161 0.688696880624 0.68024937744 9.3716856414 13.0939067412 0.541055662194 5.87878403586 5.37507353499 1.32446422471 0.580858615072 0.970503950672 0.422020292302 28.2799974285 0.332286393282 1.1704525703 1.42632695861 14.6837577228
-9999.0 -9999.0 -9999.0 -9999.0 -9999.0 -9999.0 -9999.0 -9999.0 -9999.0 -9999.0 -9999.0 1.13467019507 2.19515793069 18.0279026295 19.9497260822 0.961948531064 12.7190110093 0.856829703436 2.65373886755 5.68282344255 1.83827021319 0.894214301259 1.80656385986 0.777918826937 1.532852819 0.77776650634 0.738516845649 0.673309809093 0.617722633953 0.570608248317 0.488138002174 0.579397669185 0.65936658707 0.665342283246 328.96055775 13.1954795579 12.1613094558 0.331436575917 1.9387130576 0.480098500564 0.433907957313 13.6762487583 21.2944000893 6.49660908588 4.76486780154 0.79163207942 0.308468027826 0.280488484707 0.61590360079 29.2409507984 29.8354344539 0.310156799042 0.315609924754 0.32581909217
-9999.0 -9999.0 -9999.0 -9999.0 -9999.0 -9999.0 -9999.0 -9999.0 -9999.0 -9999.0 -9999.0 -9999.0 1.02576805751 13.3661282286 34.313020961 37.2993477092 50.8946044192 51.5711743541 12.6105470976 9.33113435711 2.74387201081 0.887025017326 3.55216244741 4.39684988895 6.71710408338 1.57869112976 1.49833536448 1.44205530401 2.80301744557 1.3053722611 1.19576562271 0.658831171957 0.479111566673 0.457757001159 329.414250042 343.03164692 343.481658763 0.312058408699 4.77988793448 2.18762583743 0.642203023279 23.1866608269 1.32651789606 0.683206687654 2.8385590998 0.63191683753 0.437077281531 0.789954116242 1.08381705756 1.40752297652 30.3467562105 0.232834450985 0.202800706183 0.201482979249
-9999.0 -9999.0 -9999.0 -9999.0 -9999.0 -9999.0 -9999.0 -9999.0 -9999.0 -9999.0 -9999.0 1.08983826345 10.1541630082 12.3304505882 2.03141277952 0.616430875199 1.43053714907 53.9161325011 54.6489630745 67.9123516302 0.826178785254 1.70801209437 0.776198925388 0.784601583186 7.47944684045 9.81923800268 12.0331144108 0.709122207107 3.50287072501 5.49885771006 3.16394555166 1.31842234298 1.06256180097 0.946323499566 0.817729372794 0.352627977559 343.748788378 343.953552955 349.141205664 1.00895964696 0.545160993135 23.5251814709 1.44047440761 0.730076216719 0.763543153498 0.757336995915 0.681866550168 1.13526446721 3.1348064965 4.87560400846 35.4675880237 0.1730661418 0.525180030475 0.355748623212
-9999.0 -9999.0 -9999.0 -9999.0 -9999.0 -9999.0 -9999.0 -9999.0 -9999.0 -9999.0 -9999.0 1.10750691085 6.96274199647 1.10586865993 1.00800237915 5.12113077941 6.03139582007 6.95906763857 7.84062209086 92.1999431247 92.950765342 94.5431895625 106.071996029 108.341939744 109.610717023 110.388978469 123.926970403 125.746479168 126.449225614 132.702692563 136.591672374 137.257160666 139.559917168 1.56189423457 1.33171220082 0.300286386759 0.209835439594 344.204675317 350.677802658 1.353869194 26.9734872583 26.5059253121 2.66666841069 0.644906755975 0.639720322108 0.611018557667 0.602381818572 1.20353877247 1.66644149228 0.416156922908 35.6972389873 35.9354197939 37.0214045146 37.2147310287
-9999.0 -9999.0 -9999.0 -9999.0 -9999.0 -9999.0 -9999.0 -9999.0 -9999.0 -9999.0 -9999.0 3.56157092943 4.71897612177 2.24092706222 3.30437658218 1.05228264449 11.8817370734 12.8337701894 14.717485188 15.5639170577 6.26788255618 102.061076579 102.793419293 0.682395336873 0.49184307268 0.452592168999 0.993980032084 0.538724327997 0.44487433311 0.446196519854 0.474298001127 137.882020135 140.185786479 142.316807876 144.133138085 145.056593832 0.365299281086 0.112829173543 378.543868968 27.6861338631 27.4578524437 0.570800344343 0.512317282837 0.435359149206 1.07639208925 1.05013160521 0.481703096774 0.494749635939 0.457541105266 0.871334267597 1.13091560008 0.169185030832 0.316708314296 0.141933205542
-9999.0 -9999.0 -9999.0 -9999.0 -9999.0 -9999.0 -9999.0 -9999.0 -9999.0 -9999.0 -9999.0 -9999.0 2.40397862529 1.14357179894 1.07297680084 9.98590897739 10.952685958 0.97841584377 3.81530039623 4.72300407345 5.55653580894 0.892766322404 0.644574815862 15.463636393 15.9789272935 16.4809153865 41.5374745668 41.9514105489 42.7411284967 46.2428489218 48.4278536299 48.7975462753 0.407678291086 0.423656281767 0.405831062933 145.379826408 0.154784141111 382.727435008 382.515775606 3.79439830238 3.50230123701 2.1389441962 0.532018647346 0.89186655767 1.5244069515 1.49797860909 0.927263004803 0.475713527366 0.921829172673 0.927875098516 1.53914688119 0.263832577744 0.584216678631 0.950914542355
