data/baseflow/History/mHMbfrc541
ncols                  80
nrows                 72
xllcorner      4374000.0
yllcorner      5656000.0
cellsize            500
NODATA_value       -9999
[rows 0 to 23 of 72, columns 0 to 54 of 80]
-9999.0 -9999.0 -9999.0 -9999.0 -9999.0 -9999.0 -9999.0 -9999.0 -9999.0 -9999.0 -9999.0 -9999.0 1.20137559982 0.915710454093 -9999.0 -9999.0 -9999.0 -9999.0 -9999.0 -9999.0 -9999.0 -9999.0 -9999.0 -9999.0 -9999.0 -9999.0 -9999.0 -9999.0 -9999.0 -9999.0 -9999.0 -9999.0 -9999.0 -9999.0 -9999.0 -9999.0 -9999.0 -9999.0 -9999.0 -9999.0 -9999.0 -9999.0 -9999.0 -9999.0 -9999.0 -9999.0 -9999.0 -9999.0 -9999.0 -9999.0 -9999.0 -9999.0 -9999.0 -9999.0 -9999.0
-9999.0 -9999.0 -9999.0 -9999.0 -9999.0 -9999.0 -9999.0 -9999.0 -9999.0 -9999.0 -9999.0 -9999.0 2.4627960096 5.15864959531 0.78480710938 -9999.0 0.644935860396 -9999.0 -9999.0 -9999.0 -9999.0 -9999.0 -9999.0 -9999.0 -9999.0 -9999.0 -9999.0 -9999.0 -9999.0 -9999.0 -9999.0 -9999.0 -9999.0 -9999.0 -9999.0 -9999.0 -9999.0 -9999.0 -9999.0 -9999.0 -9999.0 -9999.0 -9999.0 -9999.0 -9999.0 -9999.0 -9999.0 -9999.0 -9999.0 -9999.0 -9999.0 -9999.0 -9999.0 -9999.0 -9999.0
-9999.0 -9999.0 -9999.0 -9999.0 -9999.0 -9999.0 -9999.0 -9999.0 -9999.0 -9999.0 1.21847743433 1.18053604167 1.22196853561 1.18862636474 7.42815048677 8.25733314797 1.78445140741 0.56319931846 -9999.0 -9999.0 -9999.0 -9999.0 -9999.0 -9999.0 -9999.0 -9999.0 -9999.0 -9999.0 -9999.0 -9999.0 -9999.0 -9999.0 -9999.0 -9999.0 -9999.0 -9999.0 -9999.0 -9999.0 -9999.0 -9999.0 -9999.0 -9999.0 -9999.0 -9999.0 -9999.0 -9999.0 -9999.0 -9999.0 -9999.0 -9999.0 -9999.0 -9999.0 -9999.0 -9999.0 -9999.0
-9999.0 -9999.0 -9999.0 -9999.0 -9999.0 -9999.0 -9999.0 -9999.0 -9999.0 1.18540809147 2.39383286596 4.75366687034 2.36520726394 1.15419729165 2.26807578221 9.35275090312 12.5190688536 0.658414673873 -9999.0 1.18676079647 -9999.0 -9999.0 -9999.0 -9999.0 1.22830628129 0.62096490701 -9999.0 -9999.0 -9999.0 -9999.0 -9999.0 -9999.0 -9999.0 -9999.0 -9999.0 -9999.0 -9999.0 -9999.0 -9999.0 -9999.0 -9999.0 -9999.0 -9999.0 -9999.0 -9999.0 -9999.0 -9999.0 -9999.0 -9999.0 -9999.0 -9999.0 -9999.0 -9999.0 -9999.0 -9999.0
-9999.0 -9999.0 -9999.0 -9999.0 -9999.0 -9999.0 -9999.0 -9999.0 1.29523552554 3.71088748807 4.85403204794 5.99957878951 8.22899253034 1.08847479694 4.40852901718 5.46989445752 19.6556467647 0.907611154314 1.01814205783 2.25103885605 3.27419156148 1.05725740166 -9999.0 3.25531319637 2.66381515157 0.747002739469 -9999.0 -9999.0 -9999.0 -9999.0 -9999.0 -9999.0 -9999.0 -9999.0 -9999.0 -9999.0 -9999.0 -9999.0 -9999.0 -9999.0 -9999.0 -9999.0 -9999.0 -9999.0 -9999.0 -9999.0 -9999.0 -9999.0 -9999.0 -9999.0 -9999.0 -9999.0 -9999.0 -9999.0 -9999.0
-9999.0 -9999.0 -9999.0 -9999.0 -9999.0 -9999.0 1.29338046135 1.19642860591 1.17725388628 1.19047833711 1.19442332502 8.39161756168 17.763165961 18.8950300732 19.9391435249 1.05350786871 21.6723359177 22.6784558287 2.10780552429 1.04549905366 4.27944416964 7.39421133097 0.980030901557 6.1965326957 1.08627092668 1.02211843135 1.1258441127 -9999.0 -9999.0 -9999.0 -9999.0 -9999.0 -9999.0 -9999.0 -9999.0 -9999.0 -9999.0 -9999.0 -9999.0 -9999.0 -9999.0 -9999.0 -9999.0 -9999.0 -9999.0 -9999.0 -9999.0 -9999.0 -9999.0 -9999.0 -9999.0 -9999.0 -9999.0 -9999.0 -9999.0
-9999.0 -9999.0 -9999.0 -9999.0 -9999.0 -9999.0 2.57763134907 3.79922673162 8.59973229288 12.0853030645 1.08904577105 1.11764839826 1.0693323489 3.1800082471 24.1128914505 0.971819156063 23.6547113605 27.775432619 3.22148344346 2.00459914552 8.36096250507 1.02537363796 7.21502345592 2.03157385493 1.02188219451 2.01535560368 2.22087990945 1.1175968729 1.13119099509 1.11518813423 1.15081006013 2.30924431722 -9999.0 -9999.0 -9999.0 -9999.0 -9999.0 -9999.0 -9999.0 -9999.0 -9999.0 -9999.0 -9999.0 -9999.0 -9999.0 -9999.0 -9999.0 -9999.0 -9999.0 -9999.0 -9999.0 -9999.0 -9999.0 -9999.0 -9999.0
-9999.0 -9999.0 -9999.0 -9999.0 -9999.0 1.34792710995 2.62943734115 1.2671693869 2.47340156242 13.3086435985 15.574876615 17.824232552 55.9205176741 1.07151577111 25.1490638013 89.1681610898 89.9588204248 119.155260684 0.917015660459 2.98146053308 9.33402452693 0.967793155897 18.554191208 10.3443438831 6.30617570014 5.2805769057 1.0839447182 3.32651574273 3.31809413454 2.21524630109 1.08237184458 3.41907539185 1.07747919281 1.06938994944 -9999.0 -9999.0 -9999.0 -9999.0 -9999.0 -9999.0 -9999.0 -9999.0 -9999.0 -9999.0 -9999.0 -9999.0 -9999.0 -9999.0 -9999.0 -9999.0 -9999.0 -9999.0 -9999.0 -9999.0 -9999.0
-9999.0 -9999.0 -9999.0 -9999.0 -9999.0 1.34738519877 3.93579499752 7.84204975369 9.05500724926 17.9034136576 19.058918652 22.6343644888 37.0540868455 59.0248564327 61.1212056103 62.0943387101 1.86467328851 122.558861265 124.385104889 129.315139317 161.067161384 21.4828868041 19.5624982034 7.30850912385 0.990593792513 6.34328419683 4.3159120854 0.957143946533 4.31528639362 0.986688425536 2.12379768152 5.55794405526 6.58825056244 2.09322929503 1.02759876834 1.02744010816 -9999.0 -9999.0 -9999.0 -9999.0 0.652310009644 0.568973619456 -9999.0 -9999.0 -9999.0 -9999.0 -9999.0 -9999.0 -9999.0 -9999.0 -9999.0 -9999.0 -9999.0 -9999.0 -9999.0
-9999.0 -9999.0 -9999.0 -9999.0 -9999.0 1.3192512371 1.26857652229 5.1798998812 6.40358854715 7.65828518695 1.20908120033 2.40262290173 13.5708859431 2.46815765975 1.15008003445 1.08362209242 0.990120331016 1.15288303066 1.13321466579 1.04819979528 162.037994963 164.896411576 0.953605456899 2.91920208029 1.97567586899 7.30322598059 1.93083277237 0.93382313045 5.32573232836 1.96535084477 4.79804712072 11.5598207153 10.7057450148 3.10063133685 3.06361007813 1.03958613866 1.03889331079 -9999.0 -9999.0 1.04551073789 1.46495681793 3.22043224652 0.598348856552 -9999.0 -9999.0 -9999.0 -9999.0 -9999.0 -9999.0 -9999.0 -9999.0 -9999.0 -9999.0 -9999.0 -9999.0
-9999.0 -9999.0 -9999.0 -9999.0 -9999.0 -9999.0 1.33503434905 1.32956178133 2.58406824701 3.84028845277 8.75838234514 11.1961570279 12.4571451821 1.33691517108 1.05632233151 13.7809211555 16.9664614906 17.9846183663 22.1474388923 23.1321081221 0.971161811703 165.860708576 170.69469694 3.88863821449 0.960349218595 8.22640126429 18.171606153 7.14665476957 1.82739742278 0.923134445662 18.1654391315 12.4980514925 0.908932446495 0.905331560313 3.98937049037 3.03920700616 0.972166489307 0.928789743038 1.01305349958 2.04263975708 0.976646905392 3.91213844622 4.85673088816 0.884886631783 -9999.0 -9999.0 -9999.0 -9999.0 0.995928140749 0.952587809849 0.292225338368 -9999.0 -9999.0 -9999.0 -9999.0
-9999.0 -9999.0 -9999.0 -9999.0 -9999.0 -9999.0 -9999.0 1.3270504774 1.21964100703 2.4843225983 3.7312066986 1.22993055007 1.2330711146 7.1953076845 9.43414765947 11.6959480204 1.08136652849 2.13972613335 1.05168268207 24.1283311196 52.3561135149 52.9863260897 225.383425059 0.950019239504 2.80986473208 0.910428285072 19.0502444756 0.896816343067 2.76131081212 0.90727846978 19.0658848578 19.9617109112 1.82007306219 1.80648517855 9.94044344299 4.98387249645 1.89574025206 0.969132092612 2.02524030295 3.04297301067 4.95570602498 0.930914419787 6.6164622181 7.43957638719 0.755307847712 0.804110711188 0.836421415651 0.768266460917 0.732029860131 2.77805878103 1.09800518407 0.692743075793 -9999.0 -9999.0 -9999.0
-9999.0 -9999.0 -9999.0 -9999.0 -9999.0 -9999.0 -9999.0 -9999.0 2.55189439896 3.73949155624 1.21295976349 2.44814859443 3.61273990415 6.05060504014 1.1722058793 1.1490062664 1.04427482928 1.05717589429 0.986763889427 26.2282841482 1.05704411551 2.08184098839 228.164717807 230.115210353 0.917934667246 4.64991755087 24.5530396454 1.76154231874 3.5787154579 1.68294594825 2.48594211574 23.4099057764 2.64553703173 14.3330953618 11.7169070656 0.917154386781 4.69604861627 1.89418494835 2.94207367388 0.911739659421 5.83949170668 7.60687668453 8.32336492598 9.00696172989 10.2799248356 1.43369113086 1.50672679335 1.3947293725 1.31669334679 3.45689036167 0.707109862103 2.51319630655 3.15433917309 -9999.0 -9999.0
-9999.0 -9999.0 -9999.0 -9999.0 -9999.0 -9999.0 -9999.0 -9999.0 1.27493507233 6.25301215927 7.44497647423 1.19558686097 2.35438678482 1.15886069416 1.10413704882 1.08727519165 13.3881928028 17.784380108 21.75851228 25.5638159841 0.932681314433 1.03900919445 1.11867351146 234.520613133 236.469243494 237.306110351 32.6168612071 7.08966680881 6.17578308954 0.774226825174 3.25046033485 27.4542940647 0.786350750536 15.1372962478 0.876998910595 6.12809541021 5.64536362836 0.913757484187 3.85345301165 1.81901551909 2.71261063694 0.843473453537 0.677920872812 9.68285178851 10.307674962 10.9033387688 2.17262738203 2.03261768939 1.93339931239 4.20487582088 5.63337317101 0.713330512398 3.8280619835 0.736771371987 1.38175527365
-9999.0 -9999.0 -9999.0 -9999.0 -9999.0 -9999.0 -9999.0 -9999.0 -9999.0 1.27226911642 8.66081822806 9.83915763382 3.51444191859 5.82422624766 8.02608087083 9.12706572561 1.11182148966 3.35252601013 2.23120658934 1.1205918943 1.10560670303 1.03452664236 2.06420846581 3.52223791336 1.13462086451 271.918642832 272.812923144 0.830701886915 0.664442603135 1.56370773262 2.32880851278 29.7563062969 1.54176280271 15.8436910901 9.38465840839 7.74712454996 0.868445511121 1.76664123095 4.69226921483 0.836837049922 3.53419536185 1.64724768109 1.24879197828 0.64938754293 12.1878200395 23.6114807269 2.64992380612 2.5188201832 2.51166435517 0.593751018213 6.21496309378 0.567471923459 5.1047842445 0.629295307285 2.00379155586
-9999.0 -9999.0 -9999.0 -9999.0 -9999.0 -9999.0 -9999.0 -9999.0 -9999.0 -9999.0 1.16636597577 12.1858101152 1.15671816078 2.3037527968 3.37884912894 5.5349078496 1.10121217676 2.23986928208 1.11778785094 1.06782939804 1.01911606716 2.01660385887 0.9263125483 1.03664376063 2.02897536452 1.10037482896 273.684819207 275.328116464 277.703763922 3.06104600283 0.785383479637 1.56687299248 30.560127808 29.0894111891 11.0446895707 0.825867868308 3.47636779155 2.61846170408 5.53294131806 1.67421020314 6.82611119155 2.45820823683 1.96906138653 0.64441714626 0.668710796347 24.2910806964 24.8738273072 30.5587793326 4.37414643528 1.23376890529 6.83872645342 8.01805689718 13.6598590868 1.2283661407 0.574490888708
-9999.0 -9999.0 -9999.0 -9999.0 -9999.0 -9999.0 -9999.0 -9999.0 -9999.0 -9999.0 -9999.0 0.690513718543 13.7412061211 1.18025026042 2.23145757434 9.88264664766 1.08189554148 1.07631135872 0.977634850475 2.08266166672 1.01951588407 4.0415195332 5.88150415331 6.7346403332 2.83135032941 3.57594927216 0.842652309678 1.00519059938 0.861464317996 282.277484583 284.703773781 31.2546663082 30.4862217325 29.7948201932 1.46008560711 0.706003170511 4.25503547367 11.3583424083 6.32626511815 2.46189702207 10.0541904287 4.74171780585 4.00067706257 1.28949308948 0.531150209328 0.510708670328 0.490767067889 32.9129609044 39.0457070653 0.59069907721 0.509510897627 0.574085493854 14.2051853916 15.9601446373 1.03455742828
-9999.0 -9999.0 -9999.0 -9999.0 -9999.0 -9999.0 -9999.0 -9999.0 -9999.0 -9999.0 -9999.0 0.64444031761 15.2832325644 18.6696500227 1.0544074609 11.9808422938 1.0176732471 0.987022508031 1.97753224708 5.07060106039 1.00350376041 1.03647524191 0.91026924927 8.53105978902 9.38088605455 13.852909017 15.5220981904 16.4053103335 17.205427274 17.9807660906 303.444600237 336.285882527 368.211958887 368.761425338 0.651771594503 0.714665894667 12.9187676061 12.1430587497 0.782769993297 0.789284981201 10.9142276902 16.4327178602 0.706076729749 8.80074770576 8.08061743082 2.56942279235 1.1296477185 1.81254436937 0.640480655876 40.132936326 0.556983034823 1.61794594033 2.03705044106 19.6225534278 21.1808991469
-9999.0 -9999.0 -9999.0 -9999.0 -9999.0 -9999.0 -9999.0 -9999.0 -9999.0 -9999.0 -9999.0 1.20645419548 2.31683354404 19.7626705916 21.8071431061 1.02270495575 13.7488265544 0.888630608846 2.76610848122 5.99278932371 1.94063480972 0.934316195893 1.88448446788 0.798906763474 1.56259320119 0.792176458253 0.768621923525 0.76341919199 0.753616628248 0.73215029191 0.723359247983 0.854166700887 0.917479593692 0.896976479631 370.858271044 15.553748686 14.0913974773 0.549171705877 2.24180271332 0.554104059568 0.556194951118 17.1583594221 28.1853816475 9.58004228132 6.89647387014 1.46615455674 0.614494378607 0.569796077562 1.09957281373 41.7775693474 42.804366943 0.533068175439 0.536823214251 0.552233707561 0.543907081972
-9999.0 -9999.0 -9999.0 -9999.0 -9999.0 -9999.0 -9999.0 -9999.0 -9999.0 -9999.0 -9999.0 -9999.0 1.08516068394 14.0554029648 36.924908459 40.1028980274 54.7591468663 55.4953219487 13.2923073773 9.82752364673 2.88977911673 0.924922903352 3.69827179454 4.56313933598 6.92857400034 1.61140847506 1.54440669021 1.5495129262 3.06805330137 1.48757867465 1.46877801776 0.753522987264 0.741607072972 0.679645245019 371.476724735 387.475678807 388.237522203 0.568949063864 5.99250423826 2.59668062168 0.758513027029 30.5337062767 1.64135907571 0.841244539353 3.53757675819 0.82965350138 0.645962691641 1.20737084405 1.67631960577 2.18584995007 43.6939326707 0.423829082092 0.371405989576 0.371743939223 0.311081788965
-9999.0 -9999.0 -9999.0 -9999.0 -9999.0 -9999.0 -9999.0 -9999.0 -9999.0 -9999.0 -9999.0 1.15235474921 10.6953152797 12.9681071439 2.11971328263 0.704987604754 1.65376485616 58.0934004989 58.8303805834 72.8262279326 0.838401774061 1.75692934366 0.782828712619 0.792203024481 7.69883018295 10.0788539603 12.3625386406 0.712372123245 3.77624587966 5.96142569701 3.57132122231 1.43433907091 1.38369547479 1.34662916628 1.2984134667 0.609121591613 388.740932767 389.170262183 396.074264138 1.22727463605 0.662051299303 31.0373732071 1.70719324694 0.869812863442 0.928318099428 0.922206250508 0.835124332338 1.53309854179 4.28496652368 7.01813752646 51.1354980131 0.323147142094 0.970090275989 0.656601697443 0.56593300567
-9999.0 -9999.0 -9999.0 -9999.0 -9999.0 -9999.0 -9999.0 -9999.0 -9999.0 -9999.0 -9999.0 1.17425849172 7.32688479432 1.15655747713 1.0432873011 5.32953688206 6.28425001182 7.25159055673 8.15596095402 98.1634975888 99.0194263468 100.757498338 112.894863609 115.303339035 116.74101044 117.524976411 131.815208849 133.978997599 134.736501879 141.476124144 145.795633395 146.472713738 149.225894293 1.9930852974 1.95561363255 0.543717654061 0.511819263045 389.657642558 398.289225387 1.75964555583 35.3616060071 34.7864504616 3.26316715052 0.791894105711 0.811923342643 0.788275181323 0.776062105809 1.56173986471 2.21181323597 0.62132990168 51.5399790119 51.9650294696 53.9549060842 54.303368335 55.1896256988
-9999.0 -9999.0 -9999.0 -9999.0 -9999.0 -9999.0 -9999.0 -9999.0 -9999.0 -9999.0 -9999.0 3.74458159976 4.95436036595 2.32653923183 3.43332276926 1.09628307863 12.3610206548 13.3584281254 15.3193811821 16.2707176372 6.52614530044 108.639877433 109.481788583 0.810677754544 0.657987820102 0.672272573649 1.37148385116 0.787828725341 0.671802999473 0.666625955953 0.639033468677 147.207240168 149.938319893 152.528425456 155.000174056 156.844290818 0.909089687218 0.308840841081 435.06186409 36.3599263846 35.9566456807 0.676547050185 0.649173996739 0.594453635405 1.42262760345 1.40032157688 0.642517793584 0.657172694554 0.573488112094 1.18138167371 1.55371776071 0.334493148709 0.617684421439 0.226039652355 0.217738200177
-9999.0 -9999.0 -9999.0 -9999.0 -9999.0 -9999.0 -9999.0 -9999.0 -9999.0 -9999.0 -9999.0 -9999.0 2.52538027429 1.19087146983 1.1140781613 10.3586954129 11.3846784733 1.02413578806 3.95046715227 4.89258272695 5.78408215354 0.947039980309 0.731531493623 16.4710301773 17.0920875615 17.7119403779 45.3002348543 45.8806387892 47.1137826254 52.35198361 55.8265627952 56.3955778004 0.633974196579 0.657588263355 0.548568543087 157.496940826 0.321999820719 440.877815911 440.334794253 4.88143313917 4.37801726819 2.61493103989 0.665290297126 1.18734065328 2.03120680137 2.01641558676 1.24813174491 0.632872108758 1.19906041621 1.14722621642 2.04047711323 0.366901721232 1.02305915378 1.58245839882 2.04378983687
