data/baseflow/History/mHMbfrc500
ncols                  80
nrows                 72
xllcorner      4374000.0
yllcorner      5656000.0
cellsize            500
NODATA_value       -9999
[rows 0 to 23 of 72, columns 0 to 53 of 80]
-9999.0 -9999.0 -9999.0 -9999.0 -9999.0 -9999.0 -9999.0 -9999.0 -9999.0 -9999.0 -9999.0 -9999.0 0.401818866222 0.560917344946 -9999.0 -9999.0 -9999.0 -9999.0 -9999.0 -9999.0 -9999.0 -9999.0 -9999.0 -9999.0 -9999.0 -9999.0 -9999.0 -9999.0 -9999.0 -9999.0 -9999.0 -9999.0 -9999.0 -9999.0 -9999.0 -9999.0 -9999.0 -9999.0 -9999.0 -9999.0 -9999.0 -9999.0 -9999.0 -9999.0 -9999.0 -9999.0 -9999.0 -9999.0 -9999.0 -9999.0 -9999.0 -9999.0 -9999.0 -9999.0
-9999.0 -9999.0 -9999.0 -9999.0 -9999.0 -9999.0 -9999.0 -9999.0 -9999.0 -9999.0 -9999.0 -9999.0 0.833280631792 2.27893130248 0.464375070165 -9999.0 0.532413911613 -9999.0 -9999.0 -9999.0 -9999.0 -9999.0 -9999.0 -9999.0 -9999.0 -9999.0 -9999.0 -9999.0 -9999.0 -9999.0 -9999.0 -9999.0 -9999.0 -9999.0 -9999.0 -9999.0 -9999.0 -9999.0 -9999.0 -9999.0 -9999.0 -9999.0 -9999.0 -9999.0 -9999.0 -9999.0 -9999.0 -9999.0 -9999.0 -9999.0 -9999.0 -9999.0 -9999.0 -9999.0
-9999.0 -9999.0 -9999.0 -9999.0 -9999.0 -9999.0 -9999.0 -9999.0 -9999.0 -9999.0 0.343244964162 0.328902791217 0.377387852681 0.38227945986 2.94599623324 3.30193844066 1.44364609218 0.462092641991 -9999.0 -9999.0 -9999.0 -9999.0 -9999.0 -9999.0 -9999.0 -9999.0 -9999.0 -9999.0 -9999.0 -9999.0 -9999.0 -9999.0 -9999.0 -9999.0 -9999.0 -9999.0 -9999.0 -9999.0 -9999.0 -9999.0 -9999.0 -9999.0 -9999.0 -9999.0 -9999.0 -9999.0 -9999.0 -9999.0 -9999.0 -9999.0 -9999.0 -9999.0 -9999.0 -9999.0
-9999.0 -9999.0 -9999.0 -9999.0 -9999.0 -9999.0 -9999.0 -9999.0 -9999.0 0.316036711716 0.67212154591 1.3357087233 0.703533643071 0.332436648733 0.639949051972 3.59118189642 5.93499080922 0.478225271415 -9999.0 0.353932303706 -9999.0 -9999.0 -9999.0 -9999.0 0.996509850301 0.520490256845 -9999.0 -9999.0 -9999.0 -9999.0 -9999.0 -9999.0 -9999.0 -9999.0 -9999.0 -9999.0 -9999.0 -9999.0 -9999.0 -9999.0 -9999.0 -9999.0 -9999.0 -9999.0 -9999.0 -9999.0 -9999.0 -9999.0 -9999.0 -9999.0 -9999.0 -9999.0 -9999.0 -9999.0
-9999.0 -9999.0 -9999.0 -9999.0 -9999.0 -9999.0 -9999.0 -9999.0 0.434859889101 1.122377239 1.4301836792 1.74280409007 2.33978344011 0.276092333138 1.17566087406 1.43416307911 7.99720661724 0.270569968913 0.232361929138 0.618795390123 0.8782318935 0.284699214334 -9999.0 2.40872960472 1.98306972998 0.497084981323 -9999.0 -9999.0 -9999.0 -9999.0 -9999.0 -9999.0 -9999.0 -9999.0 -9999.0 -9999.0 -9999.0 -9999.0 -9999.0 -9999.0 -9999.0 -9999.0 -9999.0 -9999.0 -9999.0 -9999.0 -9999.0 -9999.0 -9999.0 -9999.0 -9999.0 -9999.0 -9999.0 -9999.0
-9999.0 -9999.0 -9999.0 -9999.0 -9999.0 -9999.0 0.394237832731 0.327544118013 0.314397738919 0.330586210315 0.356186842917 2.4754191547 5.14760628804 5.46326192202 5.69068097471 0.2210871391 8.48029551297 8.72111778173 0.497372168912 0.263950480622 1.12844511873 1.95115883816 0.28726116767 3.33740905126 0.31128760577 0.316336760978 0.331162502167 -9999.0 -9999.0 -9999.0 -9999.0 -9999.0 -9999.0 -9999.0 -9999.0 -9999.0 -9999.0 -9999.0 -9999.0 -9999.0 -9999.0 -9999.0 -9999.0 -9999.0 -9999.0 -9999.0 -9999.0 -9999.0 -9999.0 -9999.0 -9999.0 -9999.0 -9999.0 -9999.0
-9999.0 -9999.0 -9999.0 -9999.0 -9999.0 -9999.0 0.806474310603 1.17747647345 2.60324864705 3.5326629931 0.270581123509 0.289631289552 0.273342943316 0.795094669185 6.71392278189 0.187476429423 8.93282704914 9.92666211063 0.772392179041 0.468903814182 2.17009072168 0.262037937843 3.58806360047 0.511071426284 0.260330334944 0.562289227854 0.656660797319 0.333968264894 0.345170695409 0.321759953491 0.392052198061 0.77904137181 -9999.0 -9999.0 -9999.0 -9999.0 -9999.0 -9999.0 -9999.0 -9999.0 -9999.0 -9999.0 -9999.0 -9999.0 -9999.0 -9999.0 -9999.0 -9999.0 -9999.0 -9999.0 -9999.0 -9999.0 -9999.0 -9999.0
-9999.0 -9999.0 -9999.0 -9999.0 -9999.0 0.493591652902 0.921225548676 0.422743503605 0.805912883793 3.93549121699 4.57597999099 5.19693226179 18.3090797384 0.271177193543 6.977663674 27.7438232255 27.9439229429 38.303354971 0.267297058893 0.671384111629 2.39039439033 0.214727289069 6.59607623884 2.7711394379 1.76609325984 1.49958631543 0.312693708813 0.979450387862 0.975557834114 0.644577467744 0.313096510746 1.11055241221 0.313091262758 0.299161407523 -9999.0 -9999.0 -9999.0 -9999.0 -9999.0 -9999.0 -9999.0 -9999.0 -9999.0 -9999.0 -9999.0 -9999.0 -9999.0 -9999.0 -9999.0 -9999.0 -9999.0 -9999.0 -9999.0 -9999.0
-9999.0 -9999.0 -9999.0 -9999.0 -9999.0 0.504531344367 1.42855347479 2.8097452065 3.21065424857 6.38343829648 6.73782212609 7.9081166724 12.8545774293 19.3694405465 20.022385249 20.3346174573 0.461026113961 39.1919073571 39.6683588775 40.8325575916 50.7277682465 7.29144073961 6.85578645841 2.01453624593 0.24133468193 1.76009716458 1.23461643464 0.233079342221 1.23839837375 0.25648711046 0.589832936055 1.69380952605 1.98237643086 0.57433588617 0.285719428627 0.263980941335 -9999.0 -9999.0 -9999.0 -9999.0 0.427797588627 0.412019635645 -9999.0 -9999.0 -9999.0 -9999.0 -9999.0 -9999.0 -9999.0 -9999.0 -9999.0 -9999.0 -9999.0 -9999.0
-9999.0 -9999.0 -9999.0 -9999.0 -9999.0 0.467456643044 0.428144095626 1.92891744138 2.3504580314 2.79901287304 0.406396758909 0.793080568773 4.69969246675 0.863767766332 0.36689206726 0.297194573633 0.245547637999 0.320033340463 0.289365295331 0.295877660259 50.9771267759 51.6263855194 0.210893642063 0.678980799507 0.477032242458 1.98310980505 0.475126605335 0.219124088241 1.51465103673 0.499238580022 1.27224090011 3.34613996564 3.11305762676 0.846987160729 0.819897565718 0.287819983471 0.283710615265 -9999.0 -9999.0 0.28186658722 0.814128533696 2.0980330374 0.441562868353 -9999.0 -9999.0 -9999.0 -9999.0 -9999.0 -9999.0 -9999.0 -9999.0 -9999.0 -9999.0 -9999.0
-9999.0 -9999.0 -9999.0 -9999.0 -9999.0 -9999.0 0.519793818683 0.548123285504 0.951699454173 1.39130247407 3.10093061537 3.92913236392 4.3635530123 0.479086874147 0.282940015104 4.2510384524 5.1370975623 5.38731004036 6.50311277007 6.72710985688 0.227202243384 51.8633429071 52.9618585465 0.871872115975 0.131092158605 2.15546342045 4.74583246645 1.93554744251 0.409462315275 0.20373126513 5.05379850865 3.57694428062 0.222435548036 0.219806989078 1.0573356424 0.821362807751 0.251775980032 0.235620218921 0.265347851674 0.535750447293 0.246425222566 2.54055351649 2.77912285706 0.213494865025 -9999.0 -9999.0 -9999.0 -9999.0 0.274772853358 0.246112521961 0.0724125107853 -9999.0 -9999.0 -9999.0
-9999.0 -9999.0 -9999.0 -9999.0 -9999.0 -9999.0 -9999.0 0.490203012227 0.394893771451 0.874086043236 1.33340192827 0.41596185457 0.351712267589 2.32322383796 2.997853547 3.70872739039 0.328649096563 0.588844395396 0.305096902343 6.97977872776 15.8636640147 16.2359125195 69.6927538396 0.207959486056 0.363807736979 0.105225180391 4.93209992438 0.201157257159 0.619910920537 0.19879689199 5.26538662637 5.47929581779 0.449521963801 0.435259872958 2.63956272597 1.32673460974 0.495091627935 0.259874194703 0.524588310961 0.789146214883 1.26462703135 0.221668326885 3.1899634146 3.3886278772 0.174956941885 0.197149745086 0.208537738513 0.176450410435 0.164749183642 0.702738285158 0.253024366489 0.151179210876 -9999.0 -9999.0
-9999.0 -9999.0 -9999.0 -9999.0 -9999.0 -9999.0 -9999.0 -9999.0 0.864397738483 1.20483692316 0.406893729987 0.854660045313 1.24697441603 2.02581178879 0.388188525671 0.354143602004 0.266475052972 0.26901455457 0.220973474437 8.3599987976 0.312254058503 0.585577631404 70.6583482127 71.1285382201 0.141868725104 0.650195650207 5.72805582165 0.376439345138 0.777987442486 0.341575700882 0.500816955566 6.27231737115 0.62679821059 3.64078965232 3.03769738465 0.202256808719 1.2028750743 0.489098527357 0.740182630083 0.209554638159 1.47484806547 1.88397881993 2.05065180196 2.2032911067 4.0425337716 0.333685180493 0.359063793906 0.309455755267 0.286020317811 0.84201491393 0.149418665419 0.560487479969 0.691078211458 -9999.0
-9999.0 -9999.0 -9999.0 -9999.0 -9999.0 -9999.0 -9999.0 -9999.0 0.477057082213 2.14411938923 2.52723665171 0.381073064406 0.73391517159 0.350193655056 0.295648161573 0.288348566012 3.88105473452 5.1825251797 6.46623111299 7.94561581379 0.325611771529 0.289160593791 0.228512551307 72.4686204045 73.0900688481 73.2475666156 7.39800258639 1.50037583115 1.32473463164 0.147981455323 0.649134832599 7.07890187236 0.162022657433 3.8056239341 0.198168908036 1.55620170207 1.43892713766 0.221161674801 0.956118142595 0.421396539811 0.628381372093 0.173764277598 0.147303365894 2.35279037195 2.48751367716 4.17674228879 0.507788110536 0.44694648858 0.415400895419 1.00402005974 1.31014057867 0.15275281274 0.831381192587 0.152176277971
-9999.0 -9999.0 -9999.0 -9999.0 -9999.0 -9999.0 -9999.0 -9999.0 -9999.0 0.517575633872 2.96688843482 3.33039874196 1.08625190447 1.79362053283 2.40448702228 2.72386630034 0.346103690156 1.02545876399 0.686016980813 0.375054207343 0.342258729347 0.271997275951 0.519305719653 0.869321017076 0.263245588408 81.121079346 81.2735870814 0.124088528453 0.0991767221709 0.289593693787 0.432949201571 7.52881282836 0.307509622825 3.93607278848 2.25590735349 1.90521042 0.193150964287 0.403153633571 1.1310208568 0.175332767036 0.797759594271 0.342838138399 0.228747194908 0.0958762864882 2.8057851315 7.08742063702 0.602665267718 0.543421850375 0.531510558195 0.118891522567 1.43017476621 0.11489520645 1.10006823655 0.125692021769
-9999.0 -9999.0 -9999.0 -9999.0 -9999.0 -9999.0 -9999.0 -9999.0 -9999.0 -9999.0 0.387386658897 4.10926013099 0.344833135737 0.69392387123 0.983802286719 1.54856651265 0.298047444181 0.656110481377 0.31419621801 0.274583890961 0.249593118858 0.492130026468 0.204476169846 0.200722452709 0.370837292088 0.222965322633 81.4810936034 81.7674818662 82.1595877098 0.545319060679 0.144836040152 0.2886820295 7.6925405358 6.96146317274 2.6116510871 0.171855773921 0.773359134492 0.585281450412 1.30675514402 0.348776009941 1.49233308453 0.515922655716 0.350770460096 0.0540283763663 0.103765887462 7.24721463129 7.37816153326 8.62702803861 0.909276180196 0.246763127253 1.56596107088 1.81267588433 3.02659013081 0.250344892999
-9999.0 -9999.0 -9999.0 -9999.0 -9999.0 -9999.0 -9999.0 -9999.0 -9999.0 -9999.0 -9999.0 0.222009529336 4.54016443218 0.315505378534 0.594329285692 2.7004381806 0.296582085027 0.28740388868 0.222738473264 0.515287227983 0.250052356562 0.988181815441 1.38740193914 1.55521726697 0.503851327695 0.609775399266 0.134752824101 0.178810585504 0.173939766847 83.0265248302 83.4378874918 7.80584710272 7.21837272526 7.09181087301 0.276185230727 0.131711912337 0.924152538859 2.5400043566 1.46538792799 0.503074223799 2.15291078955 0.67731851089 0.535129103742 0.0996378013399 0.0389090562474 0.041217095132 0.0602270735466 8.96763021383 10.2476831421 0.115820451978 0.10860709938 0.117249289018 3.14145484346 3.49579668488
-9999.0 -9999.0 -9999.0 -9999.0 -9999.0 -9999.0 -9999.0 -9999.0 -9999.0 -9999.0 -9999.0 0.18925765075 4.97203347391 6.0417617979 0.287783926543 3.26334080859 0.254322118101 0.228113652815 0.453747635694 1.21118832921 0.229708905713 0.257366697486 0.186774135618 1.92611250056 2.09659700757 2.89498428832 3.16015040616 3.28433705762 3.40453780654 3.52513638258 87.1208015592 95.1567172066 102.606447508 102.730394897 0.102337314143 0.124690852769 2.84471858195 2.69383952491 0.154056290433 0.151555787828 2.3382078335 3.17881628918 0.11802942927 1.53092068815 1.44236929153 0.261499842561 0.133888157973 0.239138318317 0.154383644079 10.4913901706 0.129954692651 0.33906618473 0.428450713587 4.22604040391
-9999.0 -9999.0 -9999.0 -9999.0 -9999.0 -9999.0 -9999.0 -9999.0 -9999.0 -9999.0 -9999.0 0.420583777152 0.782299654915 6.38211312155 6.88866841398 0.257736148318 3.84918932066 0.188507804773 0.594164855508 1.40635522125 0.426116642282 0.194046675485 0.42020494159 0.146635096486 0.275696897452 0.13131242396 0.111725930717 0.0796878815788 0.0720794138532 0.0525613710139 0.0448409250016 0.0782325442902 0.123500021307 0.156846782502 103.100522608 3.23437312715 3.01336905734 0.0757747922344 0.422476513157 0.0985421155347 0.10861404266 3.31377159608 5.28959705725 1.7044905865 1.35372855371 0.168861392399 0.0641000970803 0.0519331724997 0.154164843564 10.7682089216 11.0132325728 0.130573742085 0.136908398041 0.111225552314
-9999.0 -9999.0 -9999.0 -9999.0 -9999.0 -9999.0 -9999.0 -9999.0 -9999.0 -9999.0 -9999.0 -9999.0 0.289290149133 4.82478470646 12.0022006534 12.9024813 16.9908486274 17.3102370343 3.12318249903 2.23678140013 0.626494728985 0.187512148234 0.785203416595 0.954841781258 1.36838211849 0.276320631381 0.237308304727 0.210382830053 0.408403125393 0.173977733757 0.161369924301 0.0889442188987 0.0410704593585 0.0387609122882 103.207754258 106.529363144 106.675349521 0.0798682071536 1.08969664298 0.500534214073 0.154350378312 5.82881236944 0.404416620872 0.215694035423 0.94085105685 0.172549678185 0.116804168731 0.216072032254 0.304885366896 0.411811310055 11.2049906676 0.0895557616381 0.075529742458 0.0756438248698
-9999.0 -9999.0 -9999.0 -9999.0 -9999.0 -9999.0 -9999.0 -9999.0 -9999.0 -9999.0 -9999.0 0.362199425255 3.72509826958 4.50153373037 0.644460553557 0.210290237278 0.424598630927 17.9550027941 18.1808865637 21.6066045086 0.155358310111 0.3395698892 0.132535128113 0.136042404557 1.50053666957 1.90819956479 2.2528436947 0.107608465382 0.516678736158 0.795435164184 0.45831920493 0.195108093695 0.120375211762 0.0861220989357 0.093499343196 0.0436457519602 106.771301369 106.840589146 108.075027717 0.234416175086 0.129581183615 6.03521411199 0.427497206154 0.227762417191 0.272139305371 0.269326748737 0.216719502413 0.352439031788 0.966927370451 1.50168719103 12.8002449733 0.0645768844299 0.195547901123 0.133657699753
-9999.0 -9999.0 -9999.0 -9999.0 -9999.0 -9999.0 -9999.0 -9999.0 -9999.0 -9999.0 -9999.0 0.379470738738 2.73166990212 0.410860728097 0.299889739467 1.78180981779 2.02680565241 2.26705533959 2.45793327568 29.2838730949 29.4710650215 29.8188174556 32.5142288697 32.9245445394 33.1338871675 33.2739230677 35.7470318683 36.0301745924 36.1491674511 37.081162081 37.6793646225 37.7871920761 38.0966668324 0.18764626951 0.154711800903 0.019800699514 0.0275103625418 106.91974896 108.470413827 0.324072865441 7.17521142791 7.05315457586 0.772573213056 0.174599101905 0.178916534289 0.166904273294 0.174333201205 0.352401660126 0.49290765785 0.134815846865 12.8892829633 12.987992145 13.3997954089 13.478005204
-9999.0 -9999.0 -9999.0 -9999.0 -9999.0 -9999.0 -9999.0 -9999.0 -9999.0 -9999.0 -9999.0 1.46641122942 1.92090102634 0.831150008535 1.20073351586 0.358843031388 4.06343104573 4.33201509297 4.85346358707 5.02604827145 1.61422403218 31.7392138343 31.8998750427 0.126942316182 0.0691081572424 0.0555958710008 0.133613278871 0.0537287757957 0.0370853378805 0.0329337663157 0.0433480793581 37.8757121922 38.2009627072 38.5259761074 38.7942246561 38.8872090273 0.0390740171734 0.0120569280606 115.903660956 7.36804101334 7.31065201582 0.140034203212 0.131420694014 0.11854708986 0.302635401745 0.290968968641 0.126972778719 0.12619190879 0.117455016224 0.24848311818 0.322246322532 0.0616551583192 0.110134138796 0.0374069491018
-9999.0 -9999.0 -9999.0 -9999.0 -9999.0 -9999.0 -9999.0 -9999.0 -9999.0 -9999.0 -9999.0 -9999.0 0.997178754422 0.440909678281 0.354442765663 3.52565613585 3.82053817916 0.291053287349 1.07141655107 1.30061450817 1.47478385869 0.212198324484 0.115061964459 4.24583984487 4.33225477543 4.40986441518 11.4924778221 11.5392749677 11.6088106124 12.182730928 12.3986217037 12.4264851642 0.0353331420878 0.0392750851803 0.045451935253 38.9866319763 0.0293020753469 116.911780526 116.833721693 0.874196899428 0.798963040676 0.51690096563 0.128652666688 0.233473187902 0.427508866643 0.416832042187 0.246937655314 0.117576473527 0.231702082838 0.230606475034 0.419334934458 0.0532017071934 0.161673197224 0.265834970505
