data/baseflow/History/mHMbfrc578
ncols                  80
nrows                 72
xllcorner      4374000.0
yllcorner      5656000.0
cellsize            500
NODATA_value       -9999
[rows 24 to 47 of 72, columns 0 to 54 of 80]
-9999.0 -9999.0 -9999.0 -9999.0 -9999.0 -9999.0 -9999.0 -9999.0 -9999.0 -9999.0 -9999.0 -9999.0 1.58534359014 4.60630691833 6.09807256434 10.6003444511 1.42573562546 2.85767830402 4.20560310015 15.7504624684 16.8988444403 17.8093831238 19.001635379 20.2975484452 31.8229897737 35.5749898183 37.6490623998 0.820999320254 4.92390868382 5.63755171092 73.6589605099 77.0707640732 78.4021890864 79.7389269047 81.190393723 296.564017467 0.992598585997 606.995106399 1.84081137885 0.773449725465 6.0070634659 5.18290644814 0.852341968079 3.06913101658 4.2740848172 4.25930134992 3.02764185772 5.00061973614 7.94962652097 2.9573716861 7.80601228968 0.743388597558 1.1195030387 0.424926414987 0.347626364907
-9999.0 -9999.0 -9999.0 -9999.0 -9999.0 -9999.0 -9999.0 -9999.0 -9999.0 -9999.0 -9999.0 -9999.0 1.55618145708 3.08910484418 1.47903099909 2.98053305264 1.40168897544 10.2815547585 13.0443817455 14.4179391952 1.30118000583 2.49608993954 23.6862705045 29.5049451536 30.5775443025 2.48600839378 2.46652195742 3.54199836746 0.691993517871 0.678527293168 1.31843830179 0.692934167992 35.9904793263 36.7390409005 37.8360148819 297.379871071 613.968233587 607.967647533 1.41974841959 0.559586317131 0.528360444551 2.03779853036 1.47353219176 3.77901245816 5.15278345958 10.3801145983 0.963538883567 0.967982823101 8.81675045168 9.69117097646 19.1507986097 19.8815099716 21.4281483579 22.2391210735 0.804256485038
-9999.0 -9999.0 -9999.0 -9999.0 -9999.0 -9999.0 -9999.0 -9999.0 -9999.0 -9999.0 -9999.0 -9999.0 -9999.0 1.52560537712 3.04028234846 4.54314330268 7.40458570871 1.48394648625 1.40615641236 9.43294772876 10.7476868826 21.4309333439 22.6833716978 3.59846553473 1.28830997174 1.26945597263 1.19802000127 31.6172011785 32.5127742654 33.2622437722 33.9127671242 35.2803141358 7.2120767875 8.09052364883 46.9731258348 958.680426941 5.08860513696 4.37229382053 2.0898686047 0.550050759635 0.497179316068 3.11662260504 3.60093606358 4.8437309026 0.531269528591 10.9906098944 1.68791294024 1.66786564439 0.512645624294 0.438485925204 0.385779111952 0.41974169545 0.373109775874 22.6009940338 300.441317149
-9999.0 -9999.0 -9999.0 -9999.0 -9999.0 -9999.0 -9999.0 -9999.0 -9999.0 -9999.0 -9999.0 -9999.0 -9999.0 -9999.0 1.51181236604 2.82777244516 4.01502949807 5.22931113594 6.62607153781 8.04359433881 4.16956271942 6.87721993737 1.26553154998 1.26390386344 25.5899897785 28.0668695822 29.2500106203 30.5016680362 1.07134634837 2.000101968 4.97910910393 5.7692351941 6.49204659552 0.893191478809 0.91674182464 960.909081452 0.756175120436 1.33127117384 0.683272529429 2.13740846369 1.01723106152 0.636455652129 9.05082817125 9.59609088895 0.486379081451 11.5079713148 13.7252943224 2.19923056379 316.297012429 315.268427916 314.351015676 312.59494814 311.778327333 302.119217284 301.630579937
-9999.0 -9999.0 -9999.0 -9999.0 -9999.0 -9999.0 -9999.0 -9999.0 -9999.0 -9999.0 -9999.0 -9999.0 -9999.0 -9999.0 0.269368522163 0.635100106229 1.1722978156 9.91617303202 11.3650157459 1.44489590839 1.39798481844 1.36390341469 20.4788557665 23.0999016636 1.26654221215 1.27408969054 1.1716217984 4.67295644387 5.80486912259 3.16271656118 3.96891760575 26.1302045359 27.0384474981 28.7358997732 46.1616504406 1007.47565336 0.751686812666 0.640535181412 3.17998146331 2.63251815688 0.473018825001 1.61318091401 2.11556620164 10.1656124073 10.6857120426 25.6859542993 14.0342135744 2.48771979236 325.44244608 4.70377297192 313.533309608 313.079366497 8.94770603118 0.393236624821 0.885061409086
-9999.0 -9999.0 -9999.0 -9999.0 -9999.0 -9999.0 -9999.0 -9999.0 -9999.0 -9999.0 -9999.0 -9999.0 -9999.0 -9999.0 1.40620627783 2.29519917064 4.91588488795 8.5272052415 12.4133017494 15.1387648812 16.5091374486 17.8835711839 19.2059119355 1.31301046838 1.24349085058 2.46193504845 2.34848915161 1.17645204089 22.4873956578 23.6063716399 24.6693288094 25.6722707811 14.7047073438 15.5751022093 16.5684390191 1007.81365077 1.20716751602 1.61332272369 5.07467743747 0.456487524464 0.960715896245 0.480959757548 0.476669419822 2.57755478538 0.445935366269 0.47557371623 353.528890405 327.437480054 326.94987096 1.61562219967 4.2677802235 2.81092137512 0.726815144926 8.12663384515 2.48306467419
-9999.0 -9999.0 -9999.0 -9999.0 -9999.0 -9999.0 -9999.0 -9999.0 -9999.0 -9999.0 -9999.0 -9999.0 -9999.0 -9999.0 0.977719139529 0.896568958615 1.74128136563 2.68962613666 1.38720918416 1.46906395053 2.88474348845 4.29052033739 6.94740473506 8.26858930717 9.51448020681 13.2338327202 14.3942518507 15.5824603992 1.13325402993 11.2735478554 12.2703296237 13.1422595329 0.70653416924 0.400408382962 0.730220708323 1024.4669986 1024.79208949 1026.70777158 6.2614696156 0.878525731373 1.70203538044 0.607412387658 0.871239948242 2.98013806026 3.80694258173 0.874826141957 355.631734695 0.665059585501 0.907392836196 0.976606897251 0.814955229228 1.46779366423 0.647323477385 4.95948799765 3.80252181796
-9999.0 -9999.0 -9999.0 -9999.0 -9999.0 -9999.0 -9999.0 -9999.0 -9999.0 -9999.0 -9999.0 -9999.0 -9999.0 -9999.0 -9999.0 0.84174804601 1.67637168331 0.869397964369 1.79280535618 11.279928375 12.583843996 13.9879061249 1.33710523479 1.32576068169 2.57873483102 3.82474553851 6.1495912936 7.31419362508 7.94703395192 9.0367656146 0.987137379441 0.913959132803 14.52142765 14.8839485473 15.2361760269 15.5831856405 12.6192038734 1040.76638261 1049.37722321 1049.722233 1051.74859824 1053.69473985 1055.14184305 0.490518043858 4.21695638414 356.13003076 1.31355494336 0.67104312129 0.597315983822 0.491585732074 0.868808661702 0.845241178883 0.466465070935 0.584938731773 0.555070115269
-9999.0 -9999.0 -9999.0 -9999.0 -9999.0 -9999.0 -9999.0 -9999.0 -9999.0 -9999.0 -9999.0 -9999.0 -9999.0 -9999.0 -9999.0 -9999.0 2.49060245221 3.43519514595 6.19665992894 8.41865557767 1.23194023668 16.6337958307 17.9518802692 19.2714254604 1.27787774287 2.53230332621 1.16482459578 8.4753206916 9.07849366038 10.0421530998 11.0770191037 13.6020107829 13.901929804 0.206526591925 11.2887830024 11.9630817959 12.2841777172 13.7211882709 2.01098749735 1.34440289715 0.893020956416 0.850013698763 1056.58091242 1057.32225483 1064.34582574 356.666270154 3.27494400066 1.46208954257 0.980771097106 0.328462175579 2.60003395824 1.34638239468 0.426401033975 2.21607239507 1.8378316505
-9999.0 -9999.0 -9999.0 -9999.0 -9999.0 -9999.0 -9999.0 -9999.0 -9999.0 -9999.0 -9999.0 -9999.0 -9999.0 -9999.0 -9999.0 -9999.0 0.938601545948 4.34798401426 5.32374214641 1.31340384027 1.40640956209 2.79786615764 4.09561254339 24.6748810134 1.27141615502 5.0900150734 6.26698566708 7.42139720599 0.639703915965 1.55100186149 2.09354002974 9.14981757165 10.1630947386 10.4277657102 0.320401704501 0.340599672108 0.424674020281 0.774364259223 0.344799789125 0.378512596603 0.789298555217 0.615581683592 0.698927970939 2.22853070133 1065.13386591 1423.82813236 4.17737636883 0.52035961038 0.390653381906 7.86326979469 7.16158875699 4.12288906917 3.68181319626 2.74857017569 0.567641773042
-9999.0 -9999.0 -9999.0 -9999.0 -9999.0 -9999.0 -9999.0 -9999.0 -9999.0 -9999.0 -9999.0 -9999.0 -9999.0 -9999.0 -9999.0 0.757570191268 2.56921910889 0.866764751404 1.45688337091 1.49256447991 2.91100864016 4.30681042956 5.54409220424 31.1851442249 32.4309138515 1.26831364153 2.45046100948 3.63306773611 4.44510417147 5.36982069247 8.12243022895 8.81649068058 0.643129569911 0.572248443283 0.500634826445 0.737971928316 0.811134745819 0.739826135818 0.672716591652 0.736358465598 2.92495721335 1.306588305 0.645083540851 0.622854050046 0.687450574748 1.32275551365 1446.76825355 18.3271225252 9.30163450168 0.623647802618 0.262476014145 0.281317648505 1.02818250397 0.733513639136 0.381051411016
-9999.0 -9999.0 -9999.0 -9999.0 -9999.0 -9999.0 -9999.0 -9999.0 -9999.0 -9999.0 -9999.0 -9999.0 -9999.0 -9999.0 0.790766634353 1.53841807902 5.73671728238 0.858344056471 2.73697708078 4.22359047502 5.6599789663 1.43176492397 2.74561349362 3.8942084705 37.2513132342 1.23664010744 2.39118496336 3.54355630826 1.06319789517 2.10943449666 2.75715386033 3.46081163606 75.025278006 76.3233226342 77.5780843498 83.1695922379 85.3291637181 89.8837117169 1.69407106844 3.39742840198 3.75787654239 105.703259741 106.998998813 0.592399078466 1.15993893512 1.70990444453 1447.24423763 17.4400304735 7.18277798084 6.87394728852 5.89490290677 5.40983985866 1.37152470372 0.320694322679 0.661984075951
-9999.0 -9999.0 -9999.0 -9999.0 -9999.0 -9999.0 -9999.0 -9999.0 -9999.0 -9999.0 -9999.0 -9999.0 -9999.0 -9999.0 0.800562307382 2.42844026213 8.96124032243 13.1787454502 0.781721099629 17.5657818246 24.1686264696 1.38681004075 2.69262605255 3.89698866717 48.3018371905 49.3264314229 1.11094838346 5.77669303261 6.81864940577 7.69741728087 67.5682904822 69.6069095991 70.908128378 0.639614639883 3.82676195464 4.54699186851 2.20114264705 3.1879350429 94.507199306 99.4720912205 100.371754519 101.252033449 108.335826107 0.657243132801 0.608647657482 2.83667249692 1447.80266925 0.615845719117 0.251294185445 0.725276624052 0.254765744637 4.89342899524 4.20043737012 2.43998735163 1.78640079576
-9999.0 -9999.0 -9999.0 -9999.0 -9999.0 -9999.0 -9999.0 -9999.0 -9999.0 -9999.0 -9999.0 -9999.0 -9999.0 -9999.0 -9999.0 -9999.0 1.70169531445 3.43943328417 15.708301615 16.6272001505 24.9788201174 25.9263319872 1.34356302534 2.68123227304 6.36356678561 50.222094251 52.4567272176 53.4798666705 0.89126493858 57.0904566962 59.1696067648 1.34224753077 0.644985907993 1.27960032785 2.50643716194 0.609877833173 1.27096244771 2.97882098214 3.7834463447 0.714913722907 0.568315300715 1.16683626023 112.224310161 113.53537183 114.085393296 118.132231221 1448.32613355 0.481022770817 0.230917911594 0.222964025829 0.22428736489 0.226923152334 0.214139022102 0.412924007795 0.225867031813
-9999.0 -9999.0 -9999.0 -9999.0 -9999.0 -9999.0 -9999.0 -9999.0 -9999.0 -9999.0 -9999.0 -9999.0 -9999.0 -9999.0 -9999.0 -9999.0 0.891394861565 0.876595911973 0.884459878927 1.89424031315 0.846751907739 27.5948319462 28.4652409196 1.25612256106 2.50462593925 1.26089173029 1.11744887013 1.10548483218 55.4519600468 0.694014063249 1.35507314649 0.729830119757 0.670518922816 0.618356404495 0.537143233076 0.549313738028 1.65385944305 2.23286472895 0.486727120894 0.451892287796 0.951483812107 1.52159140049 1.91138904841 0.519770125328 114.709365181 118.677324229 1448.70495143 1.44460760593 0.695842698496 0.170852197762 0.378023313193 0.155862316881 0.132944125858 0.553912912903 1.18448413632
-9999.0 -9999.0 -9999.0 -9999.0 -9999.0 -9999.0 -9999.0 -9999.0 -9999.0 -9999.0 -9999.0 -9999.0 -9999.0 -9999.0 -9999.0 -9999.0 -9999.0 -9999.0 0.865469328384 2.70695172852 3.45846107118 4.27212027017 29.2473098399 30.0198880803 30.8441464962 31.9014447053 32.9898466822 35.2041485225 35.9083069636 36.5696203084 37.22275547 0.640906090873 0.614074122838 0.620300002228 2.26755549666 0.580314774932 0.561104276603 0.491630784677 1.4473128477 0.543552960857 0.460473436955 0.43803814611 0.386349245251 0.771573552212 1.13363376104 121.056138333 1571.63905144 0.263218609901 0.653080678666 0.1601858502 0.574859975484 0.370683226875 0.267050319501 2.73812354126 1.99123849201
-9999.0 -9999.0 -9999.0 -9999.0 -9999.0 -9999.0 -9999.0 -9999.0 -9999.0 -9999.0 -9999.0 -9999.0 -9999.0 -9999.0 -9999.0 -9999.0 -9999.0 -9999.0 -9999.0 0.745054745719 5.7520823063 11.6200395 12.4995330932 1.19857735355 2.43247496849 3.68495968319 4.80893448109 11.9177577235 12.5969946987 0.661203942678 0.644039688493 38.6247010203 39.9095709492 40.484657938 2.76093085888 0.470431040781 1.06111362887 1.56655428626 4.6619623207 5.69266634632 6.57599703035 0.833435345072 1.18471175804 0.39775103054 0.813058174463 0.404787184165 1572.47479941 0.273997657757 1.15503120984 0.535513984027 1.43824096019 3.12620363418 3.53867281038 6.41375450211 2.59759089814
-9999.0 -9999.0 -9999.0 -9999.0 -9999.0 -9999.0 -9999.0 -9999.0 -9999.0 -9999.0 -9999.0 -9999.0 -9999.0 -9999.0 -9999.0 -9999.0 -9999.0 -9999.0 0.811202383642 2.55746898555 5.02168913492 6.58116181176 17.259356598 18.2932675222 2.55046669823 3.80426138655 4.92717521491 6.0544705167 13.2925114875 14.6384279349 25.7190449505 26.5725322774 27.2281167223 41.0792371576 45.4596735166 1.07102976738 0.626565300262 0.613627268776 1.19353026518 0.557044958079 7.64057166096 8.06294931129 1.60950150377 2.05232681293 0.52967256969 292.425786987 293.32248919 1866.39513902 1867.95874601 0.249210287461 1.9529382834 0.542036062226 0.463359186608 7.42053738675 10.3641753576
-9999.0 -9999.0 -9999.0 -9999.0 -9999.0 -9999.0 -9999.0 -9999.0 -9999.0 -9999.0 -9999.0 -9999.0 -9999.0 -9999.0 -9999.0 -9999.0 -9999.0 -9999.0 -9999.0 0.904060583501 0.879204085802 1.68214921192 4.01663096122 19.0561190265 1.29246765737 1.27971191992 2.40227966753 3.52399788053 8.59852781515 9.36617967072 0.532807845454 0.549284840016 27.9012820905 28.5495129982 74.641994798 75.2317131978 0.432281513537 0.395852947217 0.347422982532 0.350047689596 0.35926520214 284.867384242 287.195770851 289.596673456 290.477885502 291.971654844 0.441468731281 1.67762302654 2.20675528864 1871.02266979 1871.29355394 1871.52770952 1872.02061183 1872.35715442 11.0068075742
-9999.0 -9999.0 -9999.0 -9999.0 -9999.0 -9999.0 -9999.0 -9999.0 -9999.0 -9999.0 -9999.0 -9999.0 -9999.0 -9999.0 -9999.0 -9999.0 -9999.0 -9999.0 -9999.0 -9999.0 0.82233348803 0.852472238371 1.59521138428 22.1770890695 23.0706870841 1.27015271136 2.38663513925 3.51800063861 4.33727943299 0.74589618672 1.47035516893 55.5474691059 56.202277284 56.7928444556 60.9744923437 136.719521168 269.528220986 270.463773093 271.335198298 272.178733621 275.391935595 276.391416214 1.96364355146 0.926034104369 0.523485881119 1.0067712619 0.833774764631 1.29639640842 0.424876136829 8.82266560316 9.90674411153 10.7070128262 11.0481961733 1872.72428128 1884.29766468
-9999.0 -9999.0 -9999.0 -9999.0 -9999.0 -9999.0 -9999.0 -9999.0 -9999.0 -9999.0 -9999.0 -9999.0 -9999.0 -9999.0 -9999.0 -9999.0 -9999.0 -9999.0 -9999.0 -9999.0 -9999.0 0.836317598145 1.60676177693 2.37925134857 23.7324749428 1.02716148515 32.9852943723 34.1443403419 34.9292757109 35.700581121 52.6011521402 53.3591526789 0.652065798295 3.11593585846 3.74679146695 0.634350405335 131.853897423 130.688153937 0.424287282977 0.9233142595 2.44131131542 0.521151109679 0.548292234215 0.468484586357 0.425685520197 0.358459242376 0.403700421438 7.38897391421 7.80603929482 8.30461305423 0.577832031803 0.401139805394 11.2967436154 11.6871811201 11.968769217
-9999.0 -9999.0 -9999.0 -9999.0 -9999.0 -9999.0 -9999.0 -9999.0 -9999.0 -9999.0 -9999.0 -9999.0 -9999.0 -9999.0 -9999.0 -9999.0 -9999.0 -9999.0 -9999.0 -9999.0 -9999.0 0.773785191512 0.728366052609 3.76118890202 29.0574971483 30.8686337913 31.869875905 1.17364881697 15.1400350725 15.845004008 16.1799495172 0.695659578018 1.39662679039 2.0539832269 31.0960790645 31.6228666029 32.0962066843 129.79165609 77.0175561602 0.491693861921 0.511408164702 0.499924131175 0.437375491582 4.28909108542 5.21191187986 6.05275858001 6.51343811825 6.96267008451 39.4576014143 39.9016984192 40.3039398434 41.2011988232 45.9564909741 46.2742366595 58.6007909392
-9999.0 -9999.0 -9999.0 -9999.0 -9999.0 -9999.0 -9999.0 -9999.0 -9999.0 -9999.0 -9999.0 -9999.0 -9999.0 -9999.0 -9999.0 -9999.0 -9999.0 -9999.0 -9999.0 -9999.0 -9999.0 -9999.0 1.51535017184 2.30660592702 0.87891215227 1.28743768556 10.8916245677 12.1022219198 13.0733748591 6.41934287853 7.09056267942 7.80503833884 8.46540075117 29.9664614751 30.584271343 19.1266645756 51.7688841335 52.2959901682 76.5761789074 1.03237565036 0.521624531194 0.421910927836 2.91651590142 3.41872412664 0.374842919419 0.357153756175 37.8384989457 38.6804677515 39.1075286254 0.440485339381 0.635501214905 44.9847416027 0.529394930653 2.3774357498 2.67632895368
-9999.0 -9999.0 -9999.0 -9999.0 -9999.0 -9999.0 -9999.0 -9999.0 -9999.0 -9999.0 -9999.0 -9999.0 -9999.0 -9999.0 -9999.0 -9999.0 -9999.0 -9999.0 -9999.0 -9999.0 -9999.0 -9999.0 0.758552198951 1.50379104807 6.41483020772 7.32127952337 8.42988689693 4.68648350874 5.72702781033 0.70153508848 19.5774754639 20.227845079 20.8679635996 0.634230312386 17.9395078266 18.5652667554 0.536076221129 73.9420974411 1.09162037814 0.544364311498 1.53235966249 2.05511661883 0.445751006404 0.390432730389 33.8285535088 37.0553750762 37.5294244971 0.480739271501 1.17932904776 1.50460015228 1.88999112982 3.49963677601 0.879981311629 1.93986286783 0.413470368981
