data/baseflow/History/mHMbfrc362
ncols                  80
nrows                 72
xllcorner      4374000.0
yllcorner      5656000.0
cellsize            500
NODATA_value       -9999
[rows 24 to 47 of 72, columns 0 to 54 of 80]
-9999.0 -9999.0 -9999.0 -9999.0 -9999.0 -9999.0 -9999.0 -9999.0 -9999.0 -9999.0 -9999.0 -9999.0 1.10143077279 3.17494862058 4.17246520398 7.22149836211 0.936946755619 1.89312986816 2.80537630902 10.64680833 11.4190260309 12.0264177402 12.8377954934 13.6770036128 21.7219964744 24.2087617689 25.5200210041 0.543646371809 3.09906374313 3.59014903705 48.9408152556 51.1380430176 52.0937252641 53.0523978775 53.9614495232 195.255032003 0.247880273241 391.418638423 0.88703471156 0.400866293976 3.64018281835 3.13501750166 0.499122922279 1.74166254174 2.53867127118 2.51256405453 1.80011496223 2.95486942433 4.65161908684 1.68874545908 4.2684161056 0.404664587492 0.651238398598 0.142812671715 0.112424218137
-9999.0 -9999.0 -9999.0 -9999.0 -9999.0 -9999.0 -9999.0 -9999.0 -9999.0 -9999.0 -9999.0 -9999.0 1.07249658707 2.12756945991 1.00513397513 2.03200656508 0.949362861913 6.97005642556 8.82123195358 9.7572749825 0.875973099314 1.68385231859 16.1794439553 20.2319797367 20.9821195546 1.70838438739 1.52820738092 2.19509385634 0.455777787606 0.429361898184 0.813127590728 0.381777393916 25.2496174039 25.7058375199 26.0777325823 195.700155293 394.531989078 391.852645341 0.628419848198 0.268124914971 0.241420429651 1.08924369878 0.845642177784 2.18156077609 3.03739036023 6.09723705446 0.545440121848 0.541762847893 5.12927237742 5.62308264727 10.7721079956 11.07348075 11.8705126956 12.1359380549 0.230428785562
-9999.0 -9999.0 -9999.0 -9999.0 -9999.0 -9999.0 -9999.0 -9999.0 -9999.0 -9999.0 -9999.0 -9999.0 -9999.0 1.05008861902 2.07674885777 3.09628573801 5.03906582545 0.996326919141 0.945931348507 6.50446645241 7.38601842772 14.6308072215 15.503930882 2.49003076778 0.895253978996 0.870841150119 0.772619937179 22.6044248273 23.1511919853 23.6418978043 24.0500757527 24.8377949059 4.69341255666 5.108422413 31.5260840943 621.98758629 2.24259862757 1.82840424601 0.936287219484 0.238546941864 0.208373297273 1.57033263055 1.73783722391 2.61255240076 0.220828978114 6.38588876284 0.919782235564 0.903435844238 0.205319171999 0.13680167595 0.117648180763 0.115003982782 0.121047417814 12.3109992606 163.122894257
-9999.0 -9999.0 -9999.0 -9999.0 -9999.0 -9999.0 -9999.0 -9999.0 -9999.0 -9999.0 -9999.0 -9999.0 -9999.0 -9999.0 1.01946391261 1.9636468512 2.8211957424 3.69450014382 4.62805814158 5.57861426498 2.82084337999 4.66777253542 0.87431297746 0.861404325233 18.5313874017 20.2321028152 21.0393248806 21.9203073136 0.664093529498 1.21030580253 3.17739294968 3.74515187115 4.24145441764 0.487579091119 0.337873064061 623.071635521 0.416942956068 0.506121872221 0.239453255295 0.990540081438 0.478661639013 0.22425950977 4.57574915704 4.74818758026 0.136889890886 6.53592288465 7.58410893154 1.05896259272 169.502841743 169.178549759 168.905803631 168.357163113 168.137540634 164.067180227 163.889596694
-9999.0 -9999.0 -9999.0 -9999.0 -9999.0 -9999.0 -9999.0 -9999.0 -9999.0 -9999.0 -9999.0 -9999.0 -9999.0 -9999.0 0.215893859935 0.501754154679 0.855209476826 7.7000055212 8.6668583177 0.966097642664 0.955621432826 0.933217229846 15.0488699573 16.8423791311 0.877238993784 0.895673747699 0.796744641876 3.21578618535 3.99852015457 2.03020741864 2.61238945307 18.0385932767 18.6406401909 19.6494405989 31.2850397549 654.613051212 0.387415881659 0.202242721818 1.51925201343 1.26017518396 0.201800708605 0.63411746521 0.818124713573 4.95274500468 5.11359899587 13.1229487558 7.73347872131 1.2341714028 173.12881778 1.55986982129 168.655760915 168.514897488 3.85795667072 0.253928953724 0.597369245743
-9999.0 -9999.0 -9999.0 -9999.0 -9999.0 -9999.0 -9999.0 -9999.0 -9999.0 -9999.0 -9999.0 -9999.0 -9999.0 -9999.0 1.11299281217 1.8220967055 3.8407681848 6.73040875151 9.4586691093 11.3823417615 12.3182197029 13.2669517911 14.1828689316 0.892015116051 0.849878346509 1.68455937378 1.61280466533 0.819344400233 15.5083533948 16.27859123 17.0028892247 17.7046172549 10.2329509577 10.7638741045 11.2909897778 654.831688145 0.660514110497 0.497997432452 2.19618053582 0.254651716982 0.363439004777 0.186288721671 0.170896413573 0.982713329008 0.128023335808 0.136865434619 187.073106585 173.84633299 173.707811717 0.638932129349 1.42951446246 0.931317674767 0.224117556855 3.45585330083 0.998329367535
-9999.0 -9999.0 -9999.0 -9999.0 -9999.0 -9999.0 -9999.0 -9999.0 -9999.0 -9999.0 -9999.0 -9999.0 -9999.0 -9999.0 0.778011954034 0.731279792971 1.42793742352 2.17255736023 0.980720964354 1.01063129387 1.97621741819 2.93510008344 4.77359264474 5.69056953173 6.54641055646 9.10814271797 9.91840163447 10.7620494014 0.780658059527 7.83736514627 8.52793893727 9.14956996301 0.5128553747 0.338369915502 0.580474277318 666.634749451 666.843476097 667.892558609 2.90705628965 0.515114339056 0.607777978968 0.161518404156 0.305850307326 1.12192243816 1.36766445405 0.24916995888 187.71504975 0.209031291602 0.360881725582 0.407313997089 0.293317376004 0.547950659508 0.225789209501 2.23869596799 1.76640328286
-9999.0 -9999.0 -9999.0 -9999.0 -9999.0 -9999.0 -9999.0 -9999.0 -9999.0 -9999.0 -9999.0 -9999.0 -9999.0 -9999.0 -9999.0 0.700667131616 1.38392171801 0.679170705606 1.40258607361 8.86377117885 9.78266224801 10.7409464289 0.916447400304 0.917866669818 1.77697855173 2.64447723972 4.25517096561 5.0664969418 5.52975932506 6.28797160598 0.664793390618 0.618262619215 10.2053475315 10.5132390944 10.7575887791 10.9952935153 9.09902466151 677.980042012 682.359956997 682.578807036 683.385303645 684.316753278 684.763093469 0.128112971863 1.48510768478 187.836031799 0.303159463969 0.156474510182 0.158475704593 0.145683996925 0.256714109867 0.269521734593 0.160936641867 0.247841119874 0.241979913693
-9999.0 -9999.0 -9999.0 -9999.0 -9999.0 -9999.0 -9999.0 -9999.0 -9999.0 -9999.0 -9999.0 -9999.0 -9999.0 -9999.0 -9999.0 -9999.0 2.06020962205 2.80272620579 4.97405229527 6.66393331055 0.917488546348 12.6558406154 13.5690030227 14.4804121323 0.888631722465 1.76293180844 0.808214195792 5.94199702294 6.38816187305 7.08590253625 7.77861465486 9.52470963327 9.76181343099 0.159806632804 8.18200546557 8.65701537976 8.87785759723 9.8682512967 1.25925438621 0.802947838936 0.507027336842 0.490638823768 685.286959743 685.49850389 688.107793078 187.955609734 0.818954386261 0.411582852136 0.271247577965 0.0900030932305 0.825620746284 0.451919451347 0.144331733847 0.829221444609 0.709912166514
-9999.0 -9999.0 -9999.0 -9999.0 -9999.0 -9999.0 -9999.0 -9999.0 -9999.0 -9999.0 -9999.0 -9999.0 -9999.0 -9999.0 -9999.0 -9999.0 0.753952234478 3.52866411364 4.28507721715 0.971893242201 0.975562201008 1.94441594372 2.86784052611 18.2529256056 0.884463634362 3.54820703214 4.36803776315 5.18739499327 0.468345715707 1.13153019566 1.53839559087 6.59547353453 7.35216625337 7.55281119547 0.238572079727 0.241718926704 0.294948888562 0.542019562593 0.237136912332 0.254295108214 0.440860329659 0.376484195525 0.436545199466 0.987138539123 688.348874734 876.870150217 1.01770577961 0.218953416208 0.0870259928482 2.7010242171 2.50296975908 1.53252422503 1.38568113467 1.04305203379 0.252097819869
-9999.0 -9999.0 -9999.0 -9999.0 -9999.0 -9999.0 -9999.0 -9999.0 -9999.0 -9999.0 -9999.0 -9999.0 -9999.0 -9999.0 -9999.0 0.644887570773 2.10120987142 0.699959182311 1.06217638075 1.05149091228 2.03814940681 2.99581656572 3.88143522392 22.875972416 23.7444063762 0.886852644946 1.71546918091 2.54598783659 3.15452003524 3.83055075126 5.85342365484 6.34367879683 0.476740500728 0.425328945035 0.400345186019 0.472665557395 0.452141868182 0.450050475518 0.387242228199 0.490060695307 1.47273957046 0.678253579531 0.204086091922 0.193189651651 0.202384927342 0.375418837068 884.884079956 6.7548464544 3.14669003597 0.224838653246 0.0968717678674 0.0853558564213 0.339209618903 0.243446892683 0.129624834905
-9999.0 -9999.0 -9999.0 -9999.0 -9999.0 -9999.0 -9999.0 -9999.0 -9999.0 -9999.0 -9999.0 -9999.0 -9999.0 -9999.0 0.683513042983 1.30894920531 4.75003986544 0.683008157503 2.02880675479 3.07327768239 4.06675507987 0.993295061108 1.90960392895 2.7628786993 27.2100982614 0.856883608352 1.65414322412 2.4639120155 0.753340212814 1.49247760003 1.96172242879 2.44303136144 53.5369616397 54.3493657281 55.0822019004 58.2012035953 59.5934375713 62.1688117876 0.590264829712 1.40420169108 1.81730547228 69.5141936762 69.9083249805 0.175443377037 0.317819979488 0.45313652555 885.070927228 6.3159660769 2.88780673868 2.7720675795 2.2435907438 1.99474424676 0.448818181659 0.103462085916 0.215502895058
-9999.0 -9999.0 -9999.0 -9999.0 -9999.0 -9999.0 -9999.0 -9999.0 -9999.0 -9999.0 -9999.0 -9999.0 -9999.0 -9999.0 0.686944561635 2.0847999406 7.51630345588 11.0900162928 0.620568821709 14.6432639973 19.4499401448 0.969014683089 1.88463666938 2.7706363577 35.1292525551 35.8739698473 0.76888650126 4.0240137102 4.73981793414 5.36312397512 48.4285928853 49.8528589163 50.6631757995 0.389481582391 2.22804015109 2.64171596868 1.18947753025 1.72799656184 64.5334041103 66.6725947701 67.0881130381 67.4800989085 70.3307796894 0.204818207729 0.172248302303 0.758276566716 885.234651087 0.167533469361 0.146395901482 0.433942492242 0.163202028933 1.82425355715 1.47904391487 0.876623934066 0.643217678362
-9999.0 -9999.0 -9999.0 -9999.0 -9999.0 -9999.0 -9999.0 -9999.0 -9999.0 -9999.0 -9999.0 -9999.0 -9999.0 -9999.0 -9999.0 -9999.0 1.45472092997 2.92653165014 13.1745754776 13.9198950307 20.1089494127 20.8556648718 0.948766262191 1.89345454102 4.53147730671 36.5380970095 38.0781160877 38.7426568057 0.539710495107 41.1029947788 42.5586061876 0.912885960736 0.394194075446 0.782057271199 1.51477286191 0.355488488812 0.715653557691 1.60331906768 2.00542676485 0.363668543473 0.239591572684 0.477319689665 72.1578095808 72.7922662878 72.9374264564 74.0980757993 885.378937539 0.0988165704742 0.104091333594 0.123650506838 0.120956336305 0.124186632211 0.107369604513 0.200185947438 0.0773565890607
-9999.0 -9999.0 -9999.0 -9999.0 -9999.0 -9999.0 -9999.0 -9999.0 -9999.0 -9999.0 -9999.0 -9999.0 -9999.0 -9999.0 -9999.0 -9999.0 0.761505569652 0.747493232475 0.743167794422 1.53964695754 0.676918577114 22.1976601768 22.8870739366 0.901066758674 1.79448319501 0.914069432533 0.779202735512 0.761076449123 40.0784645578 0.486148994039 0.966090142885 0.496257069207 0.425892034035 0.378525721607 0.294850920799 0.306546818283 0.924037113343 1.26162040313 0.239273784254 0.208918370216 0.445135977986 0.736272821962 0.999007293605 0.305329798082 73.1767574142 74.251835366 885.476438521 0.483589578486 0.29070372695 0.0763323788709 0.18314505295 0.0635464592542 0.0498574157844 0.254269853541 0.410774336066
-9999.0 -9999.0 -9999.0 -9999.0 -9999.0 -9999.0 -9999.0 -9999.0 -9999.0 -9999.0 -9999.0 -9999.0 -9999.0 -9999.0 -9999.0 -9999.0 -9999.0 -9999.0 0.738690516478 2.22526992694 2.83945134327 3.49359809766 23.5230457541 24.1576167245 24.813174568 25.6148096181 26.3607486619 27.8786054747 28.3579279283 28.8186623013 29.2360734989 0.38526887153 0.3580426744 0.374614563173 1.29666313985 0.339061513538 0.317798059246 0.251926403416 0.720772261014 0.276101692563 0.20916015969 0.194375082978 0.171271740722 0.341785918971 0.48283968565 75.2212979217 961.294863535 0.0877466429063 0.197403495524 0.0649662542089 0.251172558989 0.138452216954 0.10021322825 0.983793744916 0.671989758887
-9999.0 -9999.0 -9999.0 -9999.0 -9999.0 -9999.0 -9999.0 -9999.0 -9999.0 -9999.0 -9999.0 -9999.0 -9999.0 -9999.0 -9999.0 -9999.0 -9999.0 -9999.0 -9999.0 0.632447793663 4.93604534196 9.78200669306 10.4837728955 0.928609741135 1.83302140554 2.73541108826 3.56140308777 8.66884954445 9.09511069547 0.410996528396 0.399652115218 30.0195328195 30.7209269407 31.0512225607 1.55186238283 0.234988188714 0.569889317792 0.835927527641 2.44763705449 2.97309975793 3.37630878621 0.37084900918 0.516546845758 0.171262518902 0.334210697289 0.169023354031 961.607328421 0.0802063700547 0.348565189811 0.166523644694 0.494798150677 1.00178270136 1.14972154437 2.18145970125 0.866467483345
-9999.0 -9999.0 -9999.0 -9999.0 -9999.0 -9999.0 -9999.0 -9999.0 -9999.0 -9999.0 -9999.0 -9999.0 -9999.0 -9999.0 -9999.0 -9999.0 -9999.0 -9999.0 0.693676631054 2.20055650773 4.31722932401 5.64544432399 14.5773609777 15.3969536753 1.84629856442 2.75153757523 3.56170801387 4.38789571066 9.55776260336 10.4072805417 18.47736893 19.1407001629 19.5268944729 31.3923146283 33.8049392466 0.57100721964 0.364582545137 0.34975120432 0.662710086137 0.294474353187 3.92351516995 4.1171592486 0.678273469001 0.910715155186 0.195675605248 214.674439826 215.017492235 1176.83274836 1177.31423605 0.0817713780371 0.678265955536 0.11280461498 0.100195737767 2.39368702604 3.34318041906
-9999.0 -9999.0 -9999.0 -9999.0 -9999.0 -9999.0 -9999.0 -9999.0 -9999.0 -9999.0 -9999.0 -9999.0 -9999.0 -9999.0 -9999.0 -9999.0 -9999.0 -9999.0 -9999.0 0.785147853066 0.764945196627 1.45914319569 3.46751469281 16.0509577738 0.94008591459 0.929874541504 1.7504198903 2.57012686162 6.2829332209 6.86309029315 0.418258579235 0.433177747633 20.0092533718 20.3781231122 54.5376926798 54.8673184397 0.209661592606 0.183206502013 0.148008825437 0.149472662323 0.15664592786 210.862719953 212.079285658 213.248722279 213.680097559 214.457903433 0.189031796989 0.701530955968 0.860425037886 1178.46320137 1178.53646992 1178.7399156 1178.97203822 1179.14664027 3.51926955126
-9999.0 -9999.0 -9999.0 -9999.0 -9999.0 -9999.0 -9999.0 -9999.0 -9999.0 -9999.0 -9999.0 -9999.0 -9999.0 -9999.0 -9999.0 -9999.0 -9999.0 -9999.0 -9999.0 -9999.0 0.711763707127 0.739853883068 1.37578596145 18.7593547482 19.4809032062 0.921360203564 1.73816439107 2.56646807569 3.17342536641 0.551510526906 1.07305445508 45.2494647721 45.6624809928 46.0555970646 49.02474783 104.267661994 202.927271359 203.419114347 203.85404819 204.268855589 205.998456869 206.549191137 0.99069189137 0.443600886113 0.255427738172 0.480454158246 0.349470327122 0.552512428914 0.167680687057 4.24099379423 4.56356700594 4.8283369693 4.89984759851 1179.25020205 1182.96269651
-9999.0 -9999.0 -9999.0 -9999.0 -9999.0 -9999.0 -9999.0 -9999.0 -9999.0 -9999.0 -9999.0 -9999.0 -9999.0 -9999.0 -9999.0 -9999.0 -9999.0 -9999.0 -9999.0 -9999.0 -9999.0 0.729870527262 1.39691097998 2.06655986504 20.0484769037 0.784238886917 27.673538097 28.5319507301 29.1108659979 29.6691250195 43.1099258842 43.6640741458 0.448785498454 2.18891275357 2.63925259946 0.407866499617 98.1636978749 97.4316649918 0.226774969317 0.516879407765 1.37106451802 0.299632111243 0.306609880665 0.227754513145 0.188702005092 0.149312270237 0.167447699453 3.69671288717 3.8658620871 4.07044197563 0.193896107912 0.174662454929 4.9940732481 5.08664556118 5.1393152552
-9999.0 -9999.0 -9999.0 -9999.0 -9999.0 -9999.0 -9999.0 -9999.0 -9999.0 -9999.0 -9999.0 -9999.0 -9999.0 -9999.0 -9999.0 -9999.0 -9999.0 -9999.0 -9999.0 -9999.0 -9999.0 0.673824875229 0.629209161514 3.25808725091 24.6375969482 26.0790016797 26.855720538 0.89033305452 12.1270286142 12.6583865523 12.9142718456 0.527885800084 1.00546574875 1.42055179101 23.5089106976 23.8262498573 24.0960629415 96.9376506506 57.6231487577 0.283624150263 0.290115684186 0.27896803955 0.215805445643 2.31058365823 2.73835478924 3.11577587905 3.31964845796 3.51569153842 25.4951406846 25.6344592603 25.8245000023 26.3187486444 28.2342319393 28.3054232898 33.5168651826
-9999.0 -9999.0 -9999.0 -9999.0 -9999.0 -9999.0 -9999.0 -9999.0 -9999.0 -9999.0 -9999.0 -9999.0 -9999.0 -9999.0 -9999.0 -9999.0 -9999.0 -9999.0 -9999.0 -9999.0 -9999.0 -9999.0 1.31575243735 2.00108156719 0.736148563401 0.94313362941 8.92551893205 9.87059030672 10.5713327162 4.91621667977 5.44115289992 5.99438289079 6.447348668 22.8009527076 23.2187497567 14.2817375944 38.7192754025 39.0414191281 57.3835365448 0.600900552656 0.300537667715 0.215027101792 1.61660714645 1.88741690259 0.159794045207 0.148897056149 24.8302205202 25.1901001641 25.3625844291 0.248094977784 0.358819061024 27.913004752 0.211384110831 0.570657145508 0.626273348843
-9999.0 -9999.0 -9999.0 -9999.0 -9999.0 -9999.0 -9999.0 -9999.0 -9999.0 -9999.0 -9999.0 -9999.0 -9999.0 -9999.0 -9999.0 -9999.0 -9999.0 -9999.0 -9999.0 -9999.0 -9999.0 -9999.0 0.65668156986 1.30117625522 5.50288037965 6.25434121604 7.11002516521 3.63613193233 4.39226089894 0.531374055941 14.9660420146 15.4572639065 15.9309048557 0.437213386364 13.4947847107 13.9227846755 0.331419825354 55.8086009013 0.674229016812 0.335287739316 0.881303597256 1.18279753268 0.223838561689 0.183438127412 22.9414423323 24.5003067419 24.7122437164 0.217504037843 0.472740383503 0.600511545024 0.726158104572 1.43318854317 0.205379015922 0.472790304485 0.0865426772181
