data/baseflow/History/mHMbfrc436
ncols                  80
nrows                 72
xllcorner      4374000.0
yllcorner      5656000.0
cellsize            500
NODATA_value       -9999
[rows 24 to 47 of 72, columns 0 to 53 of 80]
-9999.0 -9999.0 -9999.0 -9999.0 -9999.0 -9999.0 -9999.0 -9999.0 -9999.0 -9999.0 -9999.0 -9999.0 0.79746226843 2.222699768 2.9145925236 5.06384203042 0.606799349156 1.22276492219 1.80353792963 7.1816004149 7.64669528606 7.94750222779 8.35314649806 8.77721059747 13.5437256832 14.7083460923 15.2649701941 0.199387754688 1.21976258874 1.38676201753 27.7961550527 28.5243771028 28.8548965809 29.1983756944 29.4892093193 117.963105088 0.0896566001483 241.602760681 0.229926638881 0.102732515748 1.96539417347 1.75813565232 0.241096976242 0.93908791351 1.37841344392 1.35361682802 0.896499278206 1.495190139 2.39178026232 0.928853582801 2.30675539769 0.194341717407 0.294895997152 0.0372028526866
-9999.0 -9999.0 -9999.0 -9999.0 -9999.0 -9999.0 -9999.0 -9999.0 -9999.0 -9999.0 -9999.0 -9999.0 0.738614383288 1.47822956499 0.712761880852 1.47206439284 0.654097081898 4.80518890785 5.97791824548 6.61699497923 0.535998554698 1.03602066679 10.4161947174 12.8128917842 13.2004117288 0.8057449291 0.667694961219 0.931116132586 0.146360852164 0.133109700163 0.248311682596 0.131661628894 16.3090696066 16.4864178538 16.5733875657 118.205697269 242.645509746 241.699160518 0.149832071797 0.0754692527409 0.0700280502857 0.415843130231 0.350726963492 1.11092730478 1.62532916234 3.27447215638 0.297525227988 0.295500543494 2.63557450148 2.88543026591 5.63650155433 5.75135157483 6.08344192318 6.15181993804
-9999.0 -9999.0 -9999.0 -9999.0 -9999.0 -9999.0 -9999.0 -9999.0 -9999.0 -9999.0 -9999.0 -9999.0 -9999.0 0.727438386711 1.44906458629 2.17371117802 3.51271742589 0.663572336308 0.598761907538 4.42148580905 4.9550191414 9.50269789075 10.0561256874 1.58275600522 0.451212429076 0.380635345886 0.331890952192 15.4187031774 15.6184981897 15.777359409 15.8969348748 16.1534204837 1.9541544007 2.07276357195 18.7232311705 379.728107387 0.722245309238 0.507117404219 0.245160583818 0.0739501248641 0.0596414792148 0.544964022754 0.585580256894 1.22664452483 0.0618846308246 3.37168313246 0.466794101631 0.455727030077 0.0642025631336 0.0373635706256 0.0302595686603 0.0379072280972 0.0300334034836 6.19308182191
-9999.0 -9999.0 -9999.0 -9999.0 -9999.0 -9999.0 -9999.0 -9999.0 -9999.0 -9999.0 -9999.0 -9999.0 -9999.0 -9999.0 0.685597952611 1.3654472349 1.99315934026 2.61886378641 3.2251462547 3.84702348287 1.76019308984 2.94057349769 0.545065488414 0.535185508531 13.3029419243 14.2957690149 14.7079220425 15.1350481503 0.275108612633 0.47868746037 1.37183460458 1.56005045315 1.75590780442 0.155706636941 0.094665922726 380.238611176 0.204604261003 0.175009623316 0.0832354989022 0.345225421721 0.169701988436 0.0723718308567 1.88004238284 1.94261387042 0.0443020639586 3.42281815008 3.91945350088 0.488202894328 75.4376344662 75.3416864145 75.2662837285 75.1074681082 75.0320275372 74.0216824032
-9999.0 -9999.0 -9999.0 -9999.0 -9999.0 -9999.0 -9999.0 -9999.0 -9999.0 -9999.0 -9999.0 -9999.0 -9999.0 -9999.0 0.192869879011 0.418605631369 0.628327698545 6.36318712464 6.98574637527 0.630379217225 0.582896268292 0.591359753572 11.2110388352 12.3061825272 0.510791397448 0.547514134056 0.423675326328 1.72806895889 2.13652107725 0.877925489768 1.14814713437 10.0244295468 10.2987153301 10.7331374981 16.3424203534 396.752158834 0.187817997492 0.0642787040539 0.543703833704 0.45029323001 0.0715848343272 0.218154802516 0.28563461561 2.00965976569 2.06334994354 6.1214446573 3.96896984621 0.562007488316 76.6821779517 0.415575358272 75.1978028486 75.155029873 0.944881346703 0.110966207502
-9999.0 -9999.0 -9999.0 -9999.0 -9999.0 -9999.0 -9999.0 -9999.0 -9999.0 -9999.0 -9999.0 -9999.0 -9999.0 -9999.0 0.960252834927 1.59187691575 3.21483308419 5.67536081927 7.58501779361 8.91170815845 9.53967975646 10.1388648136 10.7057484905 0.535744450418 0.448379254419 0.894951580382 0.86328555878 0.451618745735 8.75213694742 9.15006713466 9.5101777085 9.85543399431 5.10575641887 5.26618918067 5.49311317661 396.900915874 0.357733508298 0.147951425285 0.782954897072 0.108110373609 0.143236088976 0.0767701210752 0.0631094220477 0.351396421344 0.0440575958987 0.0456510151818 83.0649950741 76.9050868556 76.8556669544 0.186738180508 0.381628987506 0.242299746164 0.0507530516592 0.780094117096
-9999.0 -9999.0 -9999.0 -9999.0 -9999.0 -9999.0 -9999.0 -9999.0 -9999.0 -9999.0 -9999.0 -9999.0 -9999.0 -9999.0 0.657911291949 0.638328403146 1.26339619404 1.87912085594 0.662218630196 0.689811422549 1.30294379084 1.89874483495 3.00928732992 3.57985731984 4.03979067124 5.39441080875 5.77867376851 6.23683928037 0.387147218136 4.10307505714 4.42241157168 4.68582482981 0.179480869685 0.0989044801729 0.192836820503 402.495860114 402.635704269 403.203646953 1.11820337192 0.233543509514 0.206730543265 0.0504253197466 0.111161930414 0.402413145674 0.487457465492 0.0815240138346 83.2660000492 0.0616465105376 0.098043684038 0.110307432273 0.078557024237 0.146982927636 0.0596729659501 0.539005427604
-9999.0 -9999.0 -9999.0 -9999.0 -9999.0 -9999.0 -9999.0 -9999.0 -9999.0 -9999.0 -9999.0 -9999.0 -9999.0 -9999.0 -9999.0 0.624971774394 1.21807713989 0.553954925872 1.12312637358 7.07522254541 7.67675598179 8.23894652821 0.548428044881 0.552127551163 1.04153265294 1.51119530181 2.28419881078 2.70611726686 2.9730837543 3.33661525733 0.302487212763 0.260412295645 4.8974299803 4.98849437082 5.11458479132 5.25145460228 4.58583313454 408.359184154 410.240113385 410.362751395 410.680564714 411.068099493 411.229183919 0.0384373612461 0.527089510643 83.3035647909 0.0809487986596 0.0414944914103 0.0484403339388 0.0497743053685 0.0880981614387 0.0834946011564 0.0482534399583 0.0759215055823
-9999.0 -9999.0 -9999.0 -9999.0 -9999.0 -9999.0 -9999.0 -9999.0 -9999.0 -9999.0 -9999.0 -9999.0 -9999.0 -9999.0 -9999.0 -9999.0 1.80548401394 2.38487241388 4.11503911942 5.37522643962 0.63739261709 9.55198726411 10.088276118 10.5878225457 0.475493369945 0.923056026147 0.374092294325 3.00551767534 3.25782536535 3.59747745776 3.9056656629 4.68245638111 4.76759361484 0.0670859743428 4.04431917584 4.31789220853 4.45604190532 5.01035345861 0.623969838902 0.366151125277 0.194858328767 0.194089946465 411.38428658 411.443560409 412.295222988 83.336890221 0.23220292325 0.123316202369 0.083267970077 0.0284590171159 0.260296814197 0.136447137145 0.0420162308414 0.234805536944
-9999.0 -9999.0 -9999.0 -9999.0 -9999.0 -9999.0 -9999.0 -9999.0 -9999.0 -9999.0 -9999.0 -9999.0 -9999.0 -9999.0 -9999.0 -9999.0 0.601577498012 2.97258292025 3.57336932127 0.675755377864 0.602756002601 1.22950312772 1.83401846825 12.9815751264 0.475441390495 1.89220531993 2.29521600492 2.67531891404 0.252579112617 0.570171697101 0.751220410896 3.24830917674 3.57181697672 3.70454597789 0.140072878677 0.132035124588 0.151206060888 0.28178090034 0.119295188836 0.124539479565 0.141720029076 0.164068194823 0.149238887632 0.278569250406 412.362327306 495.842386915 0.275631514738 0.0850176603977 0.0277676332515 0.807283046963 0.745273061512 0.441024739466 0.396122566259 0.295682725389
-9999.0 -9999.0 -9999.0 -9999.0 -9999.0 -9999.0 -9999.0 -9999.0 -9999.0 -9999.0 -9999.0 -9999.0 -9999.0 -9999.0 -9999.0 0.553645895691 1.6869150151 0.541755869744 0.69573441049 0.67500904138 1.26602451204 1.86133721085 2.3873692318 15.8556381312 16.3159149907 0.471943956499 0.883404579911 1.30753170249 1.62121971882 1.94035167048 2.84471306296 3.09785486139 0.15268298753 0.171463374045 0.148798864075 0.117291513683 0.140907906381 0.166106397149 0.150199110611 0.233235046791 0.467020306473 0.228224392861 0.0506524967582 0.0488740840699 0.0449142598453 0.083789026011 498.336320955 2.09139000243 0.960818816027 0.0881037791984 0.0426150650532 0.0296559357696 0.103636190069 0.0710796382292
-9999.0 -9999.0 -9999.0 -9999.0 -9999.0 -9999.0 -9999.0 -9999.0 -9999.0 -9999.0 -9999.0 -9999.0 -9999.0 -9999.0 0.596152102113 1.12432038759 3.88499804479 0.513514628668 1.31894593966 1.97867274755 2.57981200959 0.618954719761 1.15032257563 1.68178507807 18.4333793003 0.447682127862 0.831991001203 1.20726374764 0.364883752216 0.717794005859 0.859528013664 1.08827137396 30.4634585864 30.7613448329 31.0072099584 31.9245295618 32.3637159575 33.1143521726 0.189367282558 0.479745733823 0.535657354758 35.1186520576 35.212505367 0.0447812592576 0.0775428846614 0.109131236116 498.395666063 1.90782203115 0.832575435463 0.777071986001 0.660268705075 0.589662934317 0.137419577955 0.0334567864954
-9999.0 -9999.0 -9999.0 -9999.0 -9999.0 -9999.0 -9999.0 -9999.0 -9999.0 -9999.0 -9999.0 -9999.0 -9999.0 -9999.0 0.603615567797 1.81586305314 6.28454818642 9.29261552264 0.450506141191 11.9840084925 15.0667229671 0.58397608937 1.11279783602 1.65321088874 23.102806829 23.5180984698 0.296429665686 1.79084500763 2.06963164352 2.34852618617 28.5395536337 28.9770494837 29.2384625258 0.123862997107 0.698009431717 0.815686414098 0.310486752066 0.429347293414 33.7271644446 34.3756774602 34.4601197127 34.5379258766 35.2957525398 0.0402072885805 0.0350585474697 0.173413028094 498.449618872 0.0566978526026 0.0245585014599 0.0710725566829 0.0290650272176 0.520548361295 0.454739733586 0.269531793363
-9999.0 -9999.0 -9999.0 -9999.0 -9999.0 -9999.0 -9999.0 -9999.0 -9999.0 -9999.0 -9999.0 -9999.0 -9999.0 -9999.0 -9999.0 -9999.0 1.23663798824 2.47940395056 10.9309629476 11.504208977 15.5637756903 16.0742366078 0.559369639494 1.11863572989 2.60855316391 23.8849778315 24.5248289601 24.7541121687 0.161762114909 25.5623093258 26.0093598442 0.278403867659 0.12821167597 0.254029174781 0.484415392821 0.112515496986 0.213741439615 0.451464946554 0.54505088149 0.0982145949993 0.0625847652335 0.119551209737 35.8326482225 36.0036126405 36.034785284 36.2971404061 498.498878818 0.0433240087022 0.0156777989687 0.0182124817283 0.0182720355698 0.0189301421458 0.0166580660021 0.0306848712746
-9999.0 -9999.0 -9999.0 -9999.0 -9999.0 -9999.0 -9999.0 -9999.0 -9999.0 -9999.0 -9999.0 -9999.0 -9999.0 -9999.0 -9999.0 -9999.0 0.642970685549 0.627594523364 0.594222896621 1.14036599841 0.474133130231 17.0279648608 17.4886236371 0.527703990154 1.02340523978 0.415859485754 0.302924424403 0.290293380928 25.228892979 0.14206266613 0.283405788178 0.166226449308 0.143630381425 0.118436905956 0.0862906795142 0.0904205911839 0.275524418817 0.379535599468 0.0685054385466 0.0577441236646 0.124998635705 0.210839219825 0.333272307321 0.106699804512 36.0884534787 36.3281137088 498.5379713 0.134249480969 0.0433533562233 0.00993790567556 0.0265221813864 0.00847367853643 0.00696121439666 0.038386816511
-9999.0 -9999.0 -9999.0 -9999.0 -9999.0 -9999.0 -9999.0 -9999.0 -9999.0 -9999.0 -9999.0 -9999.0 -9999.0 -9999.0 -9999.0 -9999.0 -9999.0 -9999.0 0.615344621117 1.69153469076 2.1497453762 2.61546568508 17.945612814 18.4119451905 18.8486296241 19.2970005169 19.5775061623 20.1574599039 20.3002744706 20.4289743427 20.5509419013 0.128032326921 0.116873420912 0.120069425138 0.393237403069 0.102866340038 0.0959483207709 0.073024833048 0.208113828291 0.0787186461986 0.0590175025094 0.0545778689075 0.0480671723629 0.0959231173878 0.136670366545 36.5969266857 535.310645375 0.0451993282046 0.0747801406781 0.00776206325733 0.0363793768528 0.0200994907603 0.0140004746162 0.296091597008
-9999.0 -9999.0 -9999.0 -9999.0 -9999.0 -9999.0 -9999.0 -9999.0 -9999.0 -9999.0 -9999.0 -9999.0 -9999.0 -9999.0 -9999.0 -9999.0 -9999.0 -9999.0 -9999.0 0.506588391582 4.03575218955 7.72636261742 8.18354730662 0.601821495533 1.12623949079 1.63349749676 1.99447307399 4.59670060692 4.73955626424 0.138085788528 0.130420365579 20.8014174546 21.0223232274 21.1275637819 0.46321994695 0.055718903392 0.140919128772 0.208620681115 0.640079915521 0.787521306843 0.899050870586 0.102018063879 0.141485357944 0.0468866203807 0.092522911714 0.0473136127143 535.406375972 0.0299325279533 0.139201212264 0.0330993200477 0.0885719300991 0.264355999424 0.296904029452 0.613879226564
-9999.0 -9999.0 -9999.0 -9999.0 -9999.0 -9999.0 -9999.0 -9999.0 -9999.0 -9999.0 -9999.0 -9999.0 -9999.0 -9999.0 -9999.0 -9999.0 -9999.0 -9999.0 0.569442142198 1.81961737153 3.54570661273 4.61757212931 11.4402725784 11.9757793424 1.06140290057 1.55292277046 1.97062990857 2.32350878623 4.88253989072 5.16393480487 9.00285782211 9.33391135535 9.44395443968 21.221280755 21.8857313373 0.135769426596 0.0925719740048 0.0862909674287 0.160853841733 0.0720129511102 1.04043781323 1.09282753731 0.18474298814 0.267406754005 0.0517409830982 115.206315535 115.300396186 650.765944027 650.960417979 0.0400168390577 0.173791921512 0.0503280008944 0.0331302585847 0.673606545494
-9999.0 -9999.0 -9999.0 -9999.0 -9999.0 -9999.0 -9999.0 -9999.0 -9999.0 -9999.0 -9999.0 -9999.0 -9999.0 -9999.0 -9999.0 -9999.0 -9999.0 -9999.0 -9999.0 0.652056167734 0.627694625486 1.18004210252 2.77591131875 12.4755041685 0.547495554591 0.541974735748 0.924266435747 1.35351120049 3.16557629668 3.37514855502 0.184548674134 0.223136314262 9.59780516007 9.68748709474 31.6667668963 31.7456650015 0.0446258818248 0.0393287494772 0.0323194904611 0.0326046569209 0.0380773137316 114.05269626 114.380677204 114.756054019 114.914926212 115.135646096 0.0520328134496 0.189698208547 0.219125466269 651.267353287 651.302360074 651.397354755 651.497769694 651.595071627
-9999.0 -9999.0 -9999.0 -9999.0 -9999.0 -9999.0 -9999.0 -9999.0 -9999.0 -9999.0 -9999.0 -9999.0 -9999.0 -9999.0 -9999.0 -9999.0 -9999.0 -9999.0 -9999.0 -9999.0 0.57055020487 0.599922096111 1.09972821674 14.6150331537 15.0871669027 0.532272324132 0.923145310423 1.36463299565 1.63563287689 0.227477334554 0.455901244402 30.6085304685 30.7227355906 30.8749326395 31.8995267492 63.7742657104 111.958707016 112.078585802 112.182318202 112.283296691 112.752093021 112.90699705 0.268129604246 0.116016379508 0.0707971531765 0.132086249405 0.0940876495415 0.150086789268 0.0456823345942 1.11515004199 1.21479408402 1.31624470993 1.33143172577 651.629337638
-9999.0 -9999.0 -9999.0 -9999.0 -9999.0 -9999.0 -9999.0 -9999.0 -9999.0 -9999.0 -9999.0 -9999.0 -9999.0 -9999.0 -9999.0 -9999.0 -9999.0 -9999.0 -9999.0 -9999.0 -9999.0 0.581003377343 1.10434283809 1.63228539403 15.519684881 0.45671956216 20.8042519956 21.2634904169 21.4990851397 21.7579882503 29.6681848272 29.9217354147 0.123172494783 0.752081970523 0.889434571153 0.110871860285 48.0712555664 47.8686936168 0.0579721696902 0.137333188937 0.374236205123 0.0841839387695 0.0871688953618 0.0585473182044 0.0488590938504 0.0382455026387 0.0440246678697 0.979903758564 1.02528417526 1.08046903942 0.0734876262369 0.0802600756073 1.37138181708 1.39017174259
-9999.0 -9999.0 -9999.0 -9999.0 -9999.0 -9999.0 -9999.0 -9999.0 -9999.0 -9999.0 -9999.0 -9999.0 -9999.0 -9999.0 -9999.0 -9999.0 -9999.0 -9999.0 -9999.0 -9999.0 -9999.0 0.526681600391 0.485393237123 2.52739733854 19.0202744328 19.9550223164 20.4022856877 0.389547942442 7.36708270438 7.58044992364 7.69832415416 0.238790416536 0.377316278772 0.483295255446 10.9410293153 11.0286283801 11.1014004886 47.7421436338 30.2547071255 0.0754059944296 0.0809777916439 0.0769282210311 0.0582949726722 0.617003948727 0.728686938084 0.826586913121 0.880466872642 0.932221183633 9.13655835774 9.1731936818 9.24796387568 9.45356665021 9.93489812903 9.95007402247
-9999.0 -9999.0 -9999.0 -9999.0 -9999.0 -9999.0 -9999.0 -9999.0 -9999.0 -9999.0 -9999.0 -9999.0 -9999.0 -9999.0 -9999.0 -9999.0 -9999.0 -9999.0 -9999.0 -9999.0 -9999.0 -9999.0 1.0214426876 1.55705417761 0.501953559952 0.552950398993 6.08046794911 6.48519385835 6.73729814991 2.27571835695 2.43312690925 2.61275920061 2.75026611591 10.7429343491 10.8731147678 6.14235970225 17.3359751715 17.4197788466 30.1967241666 0.160181669991 0.0818476764676 0.0557495498632 0.431609153501 0.504391804437 0.0400083645213 0.0367472410936 8.9719126906 9.06076692534 9.10246428546 0.0909283014929 0.144226569804 9.88478038156 0.026102709346 0.0919968813232
-9999.0 -9999.0 -9999.0 -9999.0 -9999.0 -9999.0 -9999.0 -9999.0 -9999.0 -9999.0 -9999.0 -9999.0 -9999.0 -9999.0 -9999.0 -9999.0 -9999.0 -9999.0 -9999.0 -9999.0 -9999.0 -9999.0 0.508363394473 1.00375910469 4.07790614231 4.59097838189 5.08709388167 1.82832571723 2.11554135174 0.169751969423 7.5827758752 7.72850929965 7.86824217289 0.132434575135 5.90408780395 6.04047138156 0.0915525778372 29.7753769077 0.186870119548 0.0940882844268 0.236372362067 0.318547673744 0.0587137115463 0.0477147557231 8.49428113139 8.89168296912 8.94402084997 0.0553349523986 0.116824098422 0.148827966155 0.178142598707 0.356661061374 0.0345180569791 0.0751710464351
