data/baseflow/History/mHMbfrc388
ncols                  80
nrows                 72
xllcorner      4374000.0
yllcorner      5656000.0
cellsize            500
NODATA_value       -9999
[rows 0 to 23 of 72, columns 0 to 54 of 80]
-9999.0 -9999.0 -9999.0 -9999.0 -9999.0 -9999.0 -9999.0 -9999.0 -9999.0 -9999.0 -9999.0 -9999.0 1.21252308625 0.974114456826 -9999.0 -9999.0 -9999.0 -9999.0 -9999.0 -9999.0 -9999.0 -9999.0 -9999.0 -9999.0 -9999.0 -9999.0 -9999.0 -9999.0 -9999.0 -9999.0 -9999.0 -9999.0 -9999.0 -9999.0 -9999.0 -9999.0 -9999.0 -9999.0 -9999.0 -9999.0 -9999.0 -9999.0 -9999.0 -9999.0 -9999.0 -9999.0 -9999.0 -9999.0 -9999.0 -9999.0 -9999.0 -9999.0 -9999.0 -9999.0 -9999.0
-9999.0 -9999.0 -9999.0 -9999.0 -9999.0 -9999.0 -9999.0 -9999.0 -9999.0 -9999.0 -9999.0 -9999.0 2.43728283217 5.27663977565 0.830954227124 -9999.0 0.678677830666 -9999.0 -9999.0 -9999.0 -9999.0 -9999.0 -9999.0 -9999.0 -9999.0 -9999.0 -9999.0 -9999.0 -9999.0 -9999.0 -9999.0 -9999.0 -9999.0 -9999.0 -9999.0 -9999.0 -9999.0 -9999.0 -9999.0 -9999.0 -9999.0 -9999.0 -9999.0 -9999.0 -9999.0 -9999.0 -9999.0 -9999.0 -9999.0 -9999.0 -9999.0 -9999.0 -9999.0 -9999.0 -9999.0
-9999.0 -9999.0 -9999.0 -9999.0 -9999.0 -9999.0 -9999.0 -9999.0 -9999.0 -9999.0 1.22117986983 1.17234238017 1.20258852449 1.14622449564 7.49622064681 8.42687470664 1.93914049198 0.625216979687 -9999.0 -9999.0 -9999.0 -9999.0 -9999.0 -9999.0 -9999.0 -9999.0 -9999.0 -9999.0 -9999.0 -9999.0 -9999.0 -9999.0 -9999.0 -9999.0 -9999.0 -9999.0 -9999.0 -9999.0 -9999.0 -9999.0 -9999.0 -9999.0 -9999.0 -9999.0 -9999.0 -9999.0 -9999.0 -9999.0 -9999.0 -9999.0 -9999.0 -9999.0 -9999.0 -9999.0 -9999.0
-9999.0 -9999.0 -9999.0 -9999.0 -9999.0 -9999.0 -9999.0 -9999.0 -9999.0 1.1812975577 2.39456058904 4.73411178698 2.31407312283 1.12385375499 2.23086517972 9.53865235092 13.0067877553 0.719214651913 -9999.0 1.19374358856 -9999.0 -9999.0 -9999.0 -9999.0 1.34854142385 0.68084486006 -9999.0 -9999.0 -9999.0 -9999.0 -9999.0 -9999.0 -9999.0 -9999.0 -9999.0 -9999.0 -9999.0 -9999.0 -9999.0 -9999.0 -9999.0 -9999.0 -9999.0 -9999.0 -9999.0 -9999.0 -9999.0 -9999.0 -9999.0 -9999.0 -9999.0 -9999.0 -9999.0 -9999.0 -9999.0
-9999.0 -9999.0 -9999.0 -9999.0 -9999.0 -9999.0 -9999.0 -9999.0 1.26098979773 3.6456141305 4.7806550052 5.92657502031 8.15523923112 1.0901029705 4.37940706935 5.47271460354 20.3942415307 1.03610147084 1.10109021434 2.28062715753 3.35204219626 1.10485463523 -9999.0 3.60181342607 2.94309380479 0.836430015535 -9999.0 -9999.0 -9999.0 -9999.0 -9999.0 -9999.0 -9999.0 -9999.0 -9999.0 -9999.0 -9999.0 -9999.0 -9999.0 -9999.0 -9999.0 -9999.0 -9999.0 -9999.0 -9999.0 -9999.0 -9999.0 -9999.0 -9999.0 -9999.0 -9999.0 -9999.0 -9999.0 -9999.0 -9999.0
-9999.0 -9999.0 -9999.0 -9999.0 -9999.0 -9999.0 1.31598199651 1.21893677601 1.1616552919 1.17015120817 1.17976902244 8.2890382546 17.5801411303 18.710777124 19.7100336207 0.959372772836 22.4265100849 23.4991061911 2.16908172403 1.05895428337 4.40343510012 7.67050115772 1.12128665927 6.9325145274 1.18525691384 1.16810000792 1.27961679986 -9999.0 -9999.0 -9999.0 -9999.0 -9999.0 -9999.0 -9999.0 -9999.0 -9999.0 -9999.0 -9999.0 -9999.0 -9999.0 -9999.0 -9999.0 -9999.0 -9999.0 -9999.0 -9999.0 -9999.0 -9999.0 -9999.0 -9999.0 -9999.0 -9999.0 -9999.0 -9999.0 -9999.0
-9999.0 -9999.0 -9999.0 -9999.0 -9999.0 -9999.0 2.57690107364 3.78349439751 8.54745458161 11.9864130286 1.09377569302 1.1208697538 1.09368526452 3.22138422478 23.9619720084 0.975024357355 24.5630101362 28.5977467392 3.18959895386 2.08453141897 8.702816813 1.08855531284 8.00797623333 2.2488442328 1.14540689807 2.28583662052 2.45093449343 1.13816125533 1.15761215083 1.15025865106 1.1784758584 2.37727200612 -9999.0 -9999.0 -9999.0 -9999.0 -9999.0 -9999.0 -9999.0 -9999.0 -9999.0 -9999.0 -9999.0 -9999.0 -9999.0 -9999.0 -9999.0 -9999.0 -9999.0 -9999.0 -9999.0 -9999.0 -9999.0 -9999.0 -9999.0
-9999.0 -9999.0 -9999.0 -9999.0 -9999.0 1.3046370418 2.56474981878 1.23490525038 2.42291163136 13.1807722842 15.4345052916 17.674897161 54.7468719451 1.05901203532 25.0416226043 87.7870886427 88.5433408331 118.398479324 0.81236657368 3.11838124924 9.74444320829 1.03765615081 20.4659388814 11.4080083757 7.01668884313 5.89082996221 1.21390812291 3.40708784193 3.38509204842 2.26890519308 1.12299375389 3.53756416391 1.14315277714 1.14388064501 -9999.0 -9999.0 -9999.0 -9999.0 -9999.0 -9999.0 -9999.0 -9999.0 -9999.0 -9999.0 -9999.0 -9999.0 -9999.0 -9999.0 -9999.0 -9999.0 -9999.0 -9999.0 -9999.0 -9999.0 -9999.0
-9999.0 -9999.0 -9999.0 -9999.0 -9999.0 1.30244739544 3.80376198114 7.59785123917 8.78275979369 17.3432052788 18.4876878987 22.0203307455 36.0054095685 57.6900466933 59.8035807834 60.7780801707 1.90681634869 121.774213242 123.517107783 128.627024911 163.07840401 23.6423658625 21.5508744386 8.10205890672 1.07101628365 6.78068790909 4.53173627582 1.09057480149 4.43759990558 1.00988887088 2.09912978549 5.7284835646 6.82883381708 2.24752155197 1.09439402882 1.11060828717 -9999.0 -9999.0 -9999.0 -9999.0 0.721923003017 0.606111592937 -9999.0 -9999.0 -9999.0 -9999.0 -9999.0 -9999.0 -9999.0 -9999.0 -9999.0 -9999.0 -9999.0 -9999.0 -9999.0
-9999.0 -9999.0 -9999.0 -9999.0 -9999.0 1.28203427024 1.23540011107 4.98423524686 6.17327488884 7.39330791935 1.19356306964 2.37531307739 13.2029843606 2.38790804867 1.15598755395 1.10653693332 1.03398091072 1.12739030577 1.1135693101 1.11144220539 164.163322209 167.319193 1.03971892154 3.16833875022 2.13485994118 7.85433093081 2.18772986246 1.08520548852 5.51387755169 1.98032081962 4.74032253332 12.1237191759 11.2466659647 3.33767691864 3.30582899072 1.10016042134 1.10836230553 -9999.0 -9999.0 1.11019624778 1.62162247721 3.49518547927 0.63676971365 -9999.0 -9999.0 -9999.0 -9999.0 -9999.0 -9999.0 -9999.0 -9999.0 -9999.0 -9999.0 -9999.0 -9999.0
-9999.0 -9999.0 -9999.0 -9999.0 -9999.0 -9999.0 1.2856378643 1.25906149786 2.50356220574 3.72665054685 8.48209433769 10.8815012756 12.0778649189 1.26249582893 1.07872712751 13.7608480995 17.0368183661 18.1072408393 22.5014931727 23.5752988108 1.08078007666 168.386795911 173.591767373 4.15118608733 0.817423958393 8.85310204009 19.7791833148 7.68775737227 2.07980738281 1.03404699172 18.8721480778 13.1694979726 1.03339115311 1.05263406211 4.36912926018 3.258116657 1.0759299695 1.13232756909 1.07452167014 2.16573457325 1.05957130189 4.25861380521 5.32228778946 1.10425017846 -9999.0 -9999.0 -9999.0 -9999.0 1.22125562158 1.18943545249 0.280203439057 -9999.0 -9999.0 -9999.0 -9999.0
-9999.0 -9999.0 -9999.0 -9999.0 -9999.0 -9999.0 -9999.0 1.29266876504 1.15329615538 2.36620845221 3.58184940388 1.2154711223 1.1544032031 7.01752867252 9.31034737746 11.613879042 1.10522622549 2.2178226962 1.10735001315 24.6396546219 54.3214681844 55.052836099 230.626845539 1.06654468608 2.47911974407 0.799528029918 20.851575019 1.02912404702 3.13207747226 1.02793257213 19.9002361991 20.9158489673 2.06443952817 2.06363004491 10.8275345949 5.4029572639 2.23404980761 1.10556711065 2.15896727592 3.23077997974 5.31426978891 1.05262848702 7.59565832834 8.75917856397 1.09848679556 1.14798496145 1.21041528401 1.17553613124 1.14327786328 3.53383644742 1.2237765693 0.791734954439 -9999.0 -9999.0 -9999.0
-9999.0 -9999.0 -9999.0 -9999.0 -9999.0 -9999.0 -9999.0 -9999.0 2.42503451004 3.55798168879 1.20329548379 2.41637867354 3.57410051211 5.92770449521 1.21223107206 1.17797538719 1.08964287018 1.1107736483 1.08260921549 27.5265336981 1.10284827641 2.18634312152 233.696738655 236.533008987 1.70690502632 5.79611937531 27.7669091506 2.05988577933 4.13115340183 2.01454563246 3.02571698746 24.9914024278 3.07104620348 15.941087719 12.8645118546 1.0226909244 5.39752530934 2.1436612834 3.19095344031 1.05215101508 6.42816202227 8.61450928058 9.69394929297 10.7477777357 13.0453079912 2.15740605528 2.23915711414 2.17928759218 2.11800473597 4.54467445672 0.982666351683 2.99070322878 3.89064630731 -9999.0 -9999.0
-9999.0 -9999.0 -9999.0 -9999.0 -9999.0 -9999.0 -9999.0 -9999.0 1.24254066722 6.01164606353 7.19755853381 1.19272451324 2.35935942829 1.16868843134 1.13736419995 1.11365070845 13.6840161476 18.3851269817 22.686585112 26.7662659445 1.04861167057 1.09317254128 1.38555712943 241.919470095 244.974914976 246.616123438 37.7910899693 8.39038042747 7.2505835803 1.03364367204 4.02405100165 30.0192068775 0.999099196018 16.9513716662 1.01457079346 6.88371313958 6.44577004412 1.0292282987 4.20848157538 2.06923787919 3.07842149335 1.10843620388 1.06111220854 11.7955838549 12.8124766876 14.058487608 3.2646930885 3.1870478379 3.11632592311 5.53533613805 7.48795914667 0.967185584221 4.79766968713 0.927570280749 1.83083288819
-9999.0 -9999.0 -9999.0 -9999.0 -9999.0 -9999.0 -9999.0 -9999.0 -9999.0 1.22928220119 8.39965688998 9.5922472279 3.54327511264 5.88118342851 8.14849615172 9.27723132804 1.13625447705 3.60734982266 2.33811401676 1.13398772272 1.16359868632 1.0991498381 2.24276481724 4.11233599524 1.76825715619 287.685731695 289.402133495 1.63867562702 1.13907827607 2.05226130058 3.07497411248 33.0296245601 1.99996848493 17.9401307645 10.7232824865 8.75700432923 1.02452472772 2.04538289867 5.20932002551 0.991860521227 4.06115420006 2.1015711084 1.96071160739 0.890091134778 15.589295867 30.5992682022 4.17223573457 4.10086915388 4.0413214864 0.907702171386 8.38948695978 0.895107875537 6.62780628691 0.897503425898 2.73779257862
-9999.0 -9999.0 -9999.0 -9999.0 -9999.0 -9999.0 -9999.0 -9999.0 -9999.0 -9999.0 1.16319740408 11.9433550069 1.18567053653 2.36195981301 3.47480591423 5.76781348022 1.19560044531 2.48428576067 1.21269830664 1.19892568755 1.14220651715 2.28102233819 1.0860295144 1.28319414991 3.02450285172 1.78598154659 291.006445279 294.249312117 298.752343661 4.28177067733 1.00969417159 2.00946950195 34.0334452117 33.6638473112 12.7642099234 1.01507634103 4.06863159663 3.05795160169 6.21309855078 1.99350461954 8.12333161488 3.0770945155 2.90062101478 0.686585020736 0.898409878829 31.6509059147 32.6664687973 41.8842102825 6.82756408901 1.85414617567 9.34689840763 11.1581257297 18.6560129613 1.76633674543 0.862121206826
-9999.0 -9999.0 -9999.0 -9999.0 -9999.0 -9999.0 -9999.0 -9999.0 -9999.0 -9999.0 -9999.0 0.587254472649 13.2604332662 1.15900095816 2.2729622533 10.4078181769 1.26251791867 1.27041636655 1.15942585138 2.35717505813 1.11804222889 4.52440924869 6.7355372589 7.82882689407 4.17638016019 5.67926959453 1.72556556825 1.79950213582 1.62401217591 305.546360063 308.791652209 35.0015620127 35.5520726854 34.6184394367 1.97180457639 0.978614333088 5.05166226833 13.2343134334 7.20283165401 2.98634764922 12.0760304759 5.94581326025 5.00178429476 1.34523988702 0.645296830885 0.668919438483 0.740283026824 45.0626690457 54.7494702475 0.901622064007 0.88004725457 0.897233398076 19.5456912447 22.1626057036 1.66051064426
-9999.0 -9999.0 -9999.0 -9999.0 -9999.0 -9999.0 -9999.0 -9999.0 -9999.0 -9999.0 -9999.0 0.559115949898 14.6456402875 18.147901957 1.11591500922 12.6736725939 1.18745223237 1.14514218422 2.24116376012 5.68750995006 1.09673731433 1.12463183247 1.07770076822 10.0352014186 11.1012526 17.8884197699 20.761738732 22.1190917918 23.7153043206 25.25980729 335.561107335 373.291315152 411.536833852 412.705633062 1.17058980485 1.0027217334 15.1975789562 14.2262751802 0.971550692039 0.952488502093 12.9640571487 19.8602704892 0.876468381597 9.67900588929 8.90061123273 2.76449638404 1.44193041412 2.24623912854 1.02041947693 56.6889974951 0.974793072731 2.70793032378 3.58498090481 28.2144345943 30.4333314084
-9999.0 -9999.0 -9999.0 -9999.0 -9999.0 -9999.0 -9999.0 -9999.0 -9999.0 -9999.0 -9999.0 1.23859428463 2.38222060604 19.2799624644 21.5065141909 1.13458630441 14.8085555796 1.08168033542 3.26424868893 6.75305312889 2.16632033926 1.06861718734 2.20801123847 1.08081311798 2.08653685551 1.00677326691 0.960042410253 0.843979705563 0.780269613258 0.826422829278 0.946504843902 1.26506987434 1.52998683717 1.67052713344 416.906029086 20.4290652668 18.0171320482 1.33824282375 2.89406003793 0.720208786051 0.568531691041 20.7883555111 33.2190125431 10.6369477973 7.59679567221 1.41120206167 0.686628848153 0.664927206147 1.58897925387 59.2519398876 61.1533527551 0.968745637085 0.977900414775 0.861784588793 0.583860724349
-9999.0 -9999.0 -9999.0 -9999.0 -9999.0 -9999.0 -9999.0 -9999.0 -9999.0 -9999.0 -9999.0 -9999.0 1.15545573842 14.7515640394 37.3843801651 40.7320496668 56.6222994126 57.5631497101 15.2470184158 11.0826698549 3.2557717146 1.06268632769 4.32973013702 5.38972188798 8.4859704241 2.03588133 1.96830727351 1.85873836249 3.63956286751 1.81990904658 1.91188351618 0.856275607883 0.678541514556 0.927902319902 418.238631319 439.340729057 440.704639502 1.42684150663 8.82524046656 3.21623287592 0.973467221709 36.0771108959 1.95433685834 0.99551574601 3.93579183931 0.903913350798 0.94750875419 1.87767977603 2.78008501949 3.72615142688 62.9243168118 0.867779651053 0.815665223972 0.823928311355 0.70288841621
-9999.0 -9999.0 -9999.0 -9999.0 -9999.0 -9999.0 -9999.0 -9999.0 -9999.0 -9999.0 -9999.0 1.22277202349 11.2585245228 13.6296930757 2.25478491509 0.644890954546 1.58148038446 60.2557478597 61.2560856362 77.4002346087 1.03324099258 2.08974296104 1.00132272921 1.01825139519 9.49445163821 12.5382349871 15.4902976464 0.979267398715 4.62179382091 7.4072705774 4.66686131741 1.80869351455 1.53494399115 1.60317867048 1.82599786569 1.18037702065 441.968312534 443.188804381 454.445137499 1.82803267543 0.917298819561 36.7558468859 1.99006058529 1.01211142929 1.0203676722 1.00773779447 0.985615212833 1.94888839637 5.75757956395 10.4568175542 74.2484398148 0.756326639299 2.26904495606 1.53314688448 1.37493247186
-9999.0 -9999.0 -9999.0 -9999.0 -9999.0 -9999.0 -9999.0 -9999.0 -9999.0 -9999.0 -9999.0 1.25048516479 7.6712585689 1.20361421124 1.1254683953 5.53265692604 6.59543338345 7.698860427 8.78937413461 105.059552939 105.930224154 107.858205782 122.050765578 125.138220267 127.046649114 128.080348724 145.928787069 148.414329184 149.351642396 157.736906873 163.39770483 164.353621397 167.633488901 2.52653906876 2.56591467356 0.784535695631 1.01734103905 444.396942476 458.610032107 2.91153711617 42.0986751914 41.2538230886 3.87419959525 0.959088855585 0.967948177977 0.955482824552 0.935392203551 1.88186318348 2.83442657212 0.990246287972 75.1022278285 75.9762499112 80.5891609538 81.3838550471 83.5243765271
-9999.0 -9999.0 -9999.0 -9999.0 -9999.0 -9999.0 -9999.0 -9999.0 -9999.0 -9999.0 -9999.0 3.90927621061 5.16651916869 2.41364786553 3.57086569699 1.14418582309 13.4021401541 14.5379633387 16.7985150892 17.7818233713 7.69788190911 117.044361884 117.935317693 1.04330645535 0.890976498571 0.792008842285 1.70642093226 0.815647124588 0.680432497953 0.646001735407 0.716165711697 165.175630647 168.49599697 171.876344551 175.249249562 178.865564621 1.8227699972 0.819050706912 503.831856281 44.0135526172 42.9550343109 0.942305949142 0.922815664127 0.886573571827 1.85926456384 1.85939699138 0.872387804272 0.873087573306 0.86191602961 1.85105936445 2.69630471748 0.715906132885 1.34249835779 0.583025950293 0.405195823764
-9999.0 -9999.0 -9999.0 -9999.0 -9999.0 -9999.0 -9999.0 -9999.0 -9999.0 -9999.0 -9999.0 -9999.0 2.64348727344 1.23214754603 1.17879013373 11.1491207682 12.3150066005 1.15932794488 4.70917167889 5.79027342723 6.81806257301 1.09292998638 1.09119440059 19.4750693971 20.4941538764 21.4712309675 55.2905211069 56.1045243893 57.4695917847 63.6857700729 67.7385121202 68.3821031568 0.578385683876 0.592164102883 0.621898315316 180.658642713 0.897552649162 513.696661403 512.173098954 7.26184952242 6.15375431447 3.66031240633 0.904470621638 1.79118631696 2.7681617155 2.75786544744 1.72131906381 0.844602246831 1.70310405775 1.72147941302 3.52404403252 0.533976831828 1.94483709573 3.32299915037 4.15653520015
