data/baseflow/History/mHMbfrc535
ncols                  80
nrows                 72
xllcorner      4374000.0
yllcorner      5656000.0
cellsize            500
NODATA_value       -9999
[rows 24 to 47 of 72, columns 0 to 54 of 80]
-9999.0 -9999.0 -9999.0 -9999.0 -9999.0 -9999.0 -9999.0 -9999.0 -9999.0 -9999.0 -9999.0 -9999.0 0.95866771653 2.63010244859 3.4403252955 5.88339417205 0.752423687466 1.52539596028 2.26675153991 8.45186532888 8.99630853273 9.29629502726 9.87723020435 10.6041597893 17.7328570234 19.7910640285 20.8214782984 0.337415415093 2.20269803822 2.51058792866 38.074872199 39.1989087662 39.672276399 40.1466754041 40.6432425123 150.968274992 0.529070652491 324.822977536 0.665007909041 0.2659497901 3.0481611633 2.69429429626 0.348674164827 1.57578072472 2.25463665124 2.2441858266 1.55986514573 2.5570385255 4.03682326586 1.46866200296 3.91011985363 0.296054321411 0.375179994214 0.109028956605 0.0921732541081
-9999.0 -9999.0 -9999.0 -9999.0 -9999.0 -9999.0 -9999.0 -9999.0 -9999.0 -9999.0 -9999.0 -9999.0 0.899088673129 1.76937338635 0.807671489162 1.62635784589 0.737304982357 5.53479484635 6.99380334773 7.75331705691 0.71960697387 1.31604852904 13.3957710151 16.560675511 17.0761826149 1.40105814809 1.2466527314 1.67056932497 0.269866166332 0.244922534901 0.474559156877 0.273314054884 22.1759617516 22.4761353397 22.8141970222 151.42887974 327.612983987 325.126265536 0.428308870538 0.192864821264 0.170993094368 0.664210819569 0.512638279471 1.79576664132 2.62001529339 5.35129782584 0.48194121332 0.479591073224 4.40494801793 4.77976404291 9.43470910281 9.71538840792 10.2094836533 10.4184439843 0.185528301949
-9999.0 -9999.0 -9999.0 -9999.0 -9999.0 -9999.0 -9999.0 -9999.0 -9999.0 -9999.0 -9999.0 -9999.0 -9999.0 0.805970073751 1.62919628871 2.46404142195 4.00084180849 0.80642142135 0.750594957741 5.74037130287 6.44393573181 12.2608936434 12.9891166459 2.02815189221 0.734986939347 0.696973977877 0.638524170149 20.4309206222 20.8279795595 21.1253380485 21.3724406019 21.9016142886 3.46662165571 3.88147749367 27.0780998505 506.342328914 1.93626114563 1.60361763681 0.701756453875 0.202140036661 0.159658678187 1.01552616388 1.1527940052 2.09451392252 0.14206721832 5.52587514583 0.735593883386 0.714172707374 0.129680979406 0.103250774051 0.0992003117827 0.141940661879 0.105193504124 10.5244355938 142.629923731
-9999.0 -9999.0 -9999.0 -9999.0 -9999.0 -9999.0 -9999.0 -9999.0 -9999.0 -9999.0 -9999.0 -9999.0 -9999.0 -9999.0 0.804145898744 1.72067245207 2.5915798774 3.48812647457 4.2437779646 5.02236705324 2.26489716853 3.77645397004 0.716857180836 0.694111804118 17.0221101408 18.4215252082 19.1010672173 19.8398814605 0.571735249711 0.994514946431 2.56780844874 2.83635900652 3.1294452089 0.454200415425 0.475836728851 507.537608786 0.371590523658 0.570119144332 0.261393011241 0.754106943109 0.350716196055 0.222240638005 3.47594379988 3.73542068983 0.168603320729 5.7265871168 6.56437503188 0.803236663099 148.082620446 147.848800411 147.619802941 147.059713363 146.777409728 143.127240462 142.958751997
-9999.0 -9999.0 -9999.0 -9999.0 -9999.0 -9999.0 -9999.0 -9999.0 -9999.0 -9999.0 -9999.0 -9999.0 -9999.0 -9999.0 0.225501522091 0.503763649815 0.851775203808 7.83149414879 8.58810584931 0.76777606667 0.767754590173 0.748065185536 14.1530643637 15.6271746689 0.738287184243 0.752005421957 0.627311094593 2.55514301201 3.19765098916 1.67459846964 2.05039539171 14.3515419861 14.802085477 15.8629547721 25.2663616795 533.071010954 0.399507583835 0.240379455617 1.13699424205 0.938318399931 0.215246790332 0.67162261053 0.899457973802 3.98944690117 4.21444081295 11.2333474022 6.66430331564 0.868932356483 151.628086727 1.85741459385 147.393468909 147.235302993 3.39958728139 0.172140644041 0.172725492654
-9999.0 -9999.0 -9999.0 -9999.0 -9999.0 -9999.0 -9999.0 -9999.0 -9999.0 -9999.0 -9999.0 -9999.0 -9999.0 -9999.0 1.16598436227 1.90091640704 3.94172392931 6.95220560305 9.42674791016 11.1742599433 11.9314300298 12.703429189 13.4680382148 0.718325186636 0.687730153028 1.33838620624 1.28798110753 0.654109481102 12.3698687989 12.9948805375 13.5992481988 14.1618474416 7.83404412187 8.19580520537 8.82548766264 533.299516236 0.690182100553 0.672218153101 1.92479174439 0.162763772257 0.50774203691 0.275379557806 0.211649829277 1.13726874595 0.185509338888 0.195350394568 163.917047702 152.522595307 152.320449267 0.738530920044 1.73778208827 1.09568040565 0.236905590396 3.00250386175 0.798757706801
-9999.0 -9999.0 -9999.0 -9999.0 -9999.0 -9999.0 -9999.0 -9999.0 -9999.0 -9999.0 -9999.0 -9999.0 -9999.0 -9999.0 0.811654007231 0.756280816738 1.48189236877 2.26301894219 0.858457913121 0.810360450745 1.57234379328 2.32352032552 3.7605631767 4.47922882822 5.17547489093 7.23116583812 7.89305070693 8.57767797978 0.631720149794 6.23026605786 6.75824639661 7.16733898427 0.285011353883 0.105951522295 0.206110957376 541.917336482 542.138108257 543.273239064 2.39220141286 0.33531201454 0.761488494436 0.209158806902 0.3888272817 1.32892115119 1.67874690236 0.362639560541 164.833991862 0.3085523984 0.418336203511 0.45101740601 0.378158678595 0.644120933073 0.274092354443 2.01433347739 1.50047563073
-9999.0 -9999.0 -9999.0 -9999.0 -9999.0 -9999.0 -9999.0 -9999.0 -9999.0 -9999.0 -9999.0 -9999.0 -9999.0 -9999.0 -9999.0 0.717357177664 1.42208596382 0.70411495425 1.44997344621 9.11817101639 9.89643198074 10.6321375202 0.722582411223 0.724826580578 1.41461143108 2.10559086245 3.39068631049 4.03860862766 4.39176805053 4.97949545448 0.5122795264 0.408884764663 7.69290111499 7.82313372245 7.98295927236 8.17779595172 7.01657718021 551.129840415 554.780013169 554.932273642 555.828316032 556.610907416 557.250940364 0.203236118125 1.85220055762 165.03658118 0.487185699575 0.249161959148 0.275886572933 0.245010205366 0.417607497647 0.350383873269 0.199503406497 0.281399952905 0.247919194022
-9999.0 -9999.0 -9999.0 -9999.0 -9999.0 -9999.0 -9999.0 -9999.0 -9999.0 -9999.0 -9999.0 -9999.0 -9999.0 -9999.0 -9999.0 -9999.0 2.11464196131 2.87853032157 5.16185289869 6.87150089814 0.934991746096 12.3742370291 13.0880691017 13.7857942936 0.712730412463 1.39933239846 0.650666595311 4.72984214435 5.05225063361 5.57191785155 6.10946364189 7.3312024426 7.50309761385 0.11126372084 6.20353501211 6.60657238395 6.82598964706 7.63083368492 1.04684278822 0.670608952106 0.399344151174 0.378652215119 557.848878165 558.187942144 561.38563057 165.263471148 1.33237760881 0.645683143748 0.439209366248 0.133721981313 1.15990906321 0.579213628438 0.184381260563 0.975261860345 0.81619748689
-9999.0 -9999.0 -9999.0 -9999.0 -9999.0 -9999.0 -9999.0 -9999.0 -9999.0 -9999.0 -9999.0 -9999.0 -9999.0 -9999.0 -9999.0 -9999.0 0.775867621975 3.6340907657 4.43719799531 0.954630009024 0.752223748043 1.51103172906 2.22679194243 16.7242544568 0.702495521898 2.82919853532 3.49958646799 4.15545264575 0.34617652692 0.825094341826 1.04869274102 4.97181679755 5.49938964113 5.68917031093 0.206435593188 0.183881548089 0.208280056522 0.387910016327 0.155873021468 0.161760036662 0.310321211142 0.228175925564 0.315124233428 1.09029364051 561.742289036 727.910913601 1.63224468436 0.210539166982 0.142515095152 3.51222837272 3.22082432086 1.86164593966 1.65737329231 1.22454407627 0.279076464618
-9999.0 -9999.0 -9999.0 -9999.0 -9999.0 -9999.0 -9999.0 -9999.0 -9999.0 -9999.0 -9999.0 -9999.0 -9999.0 -9999.0 -9999.0 0.646014044713 2.14387924127 0.715913606578 0.915499498978 0.806654198136 1.57887983427 2.3229927147 3.11287099793 20.6181898422 21.2976499449 0.697525602302 1.36642818719 2.04050121735 2.49581423308 2.96475495499 4.26113020386 4.76784230388 0.271535623258 0.264022370632 0.231106011022 0.337606747264 0.31727026471 0.342404973748 0.27173429936 0.306447457593 1.27317737852 0.598751934539 0.34857672938 0.339877846721 0.311479118081 0.588197736483 738.498013827 8.78273441271 4.2567418535 0.378606781757 0.164977821464 0.153376358345 0.503148244242 0.340030891907 0.167936232399
-9999.0 -9999.0 -9999.0 -9999.0 -9999.0 -9999.0 -9999.0 -9999.0 -9999.0 -9999.0 -9999.0 -9999.0 -9999.0 -9999.0 0.667080021488 1.31117424289 4.81654648499 0.700198851557 1.85957694506 2.6430719038 3.40075002553 0.782946541732 1.50188503451 2.34471444987 24.3967841516 0.663233687229 1.2960639611 1.93476620454 0.594880659117 1.16117606427 1.37999081779 1.82060498306 45.7045165016 46.3176076003 46.8797895318 49.867602309 50.811261209 53.1410251484 0.632668688969 1.28945534863 1.58647831289 60.584755696 61.2299369101 0.320433452125 0.559981476495 0.7937165985 738.761480543 8.43445619843 3.70196833918 3.51578303572 3.05637475628 2.79758961189 0.670708365813 0.168286770915 0.307919658176
-9999.0 -9999.0 -9999.0 -9999.0 -9999.0 -9999.0 -9999.0 -9999.0 -9999.0 -9999.0 -9999.0 -9999.0 -9999.0 -9999.0 0.67504357852 2.05833479376 7.5595859328 11.1502900796 0.639145496005 14.7974037353 18.9664627586 0.74301006237 1.45185930404 2.27240206457 31.0402884468 31.7880903108 0.623849101131 3.19158000377 3.78602906635 4.22605452025 41.8767528458 42.8801120474 43.6264169187 0.370395151831 2.11897229361 2.51849063562 1.21881582888 1.75445810313 55.6761023167 57.7893174962 58.2544801412 58.6987788053 61.8323626793 0.294870661641 0.267769851198 1.29687982127 739.07732934 0.282345188737 0.100886558751 0.296998892561 0.111123720922 2.49500341827 2.18295350082 1.28118196399 0.909296002439
-9999.0 -9999.0 -9999.0 -9999.0 -9999.0 -9999.0 -9999.0 -9999.0 -9999.0 -9999.0 -9999.0 -9999.0 -9999.0 -9999.0 -9999.0 -9999.0 1.45938126437 2.94128767774 13.2758610814 14.0476819457 19.6473561557 20.4249261702 0.754471679237 1.50825422786 3.70387874892 32.5108536943 33.8326490229 34.4026060664 0.500847820482 36.3697580623 37.3621690864 0.675464875828 0.376682156196 0.732524676506 1.44417711937 0.358728164421 0.739360546835 1.68788709181 2.1306622306 0.409382799953 0.295953513084 0.595321244866 63.8387525426 64.4092177967 64.64859817 66.5424661116 739.368329375 0.192417082574 0.0680782929794 0.081761375971 0.07747692501 0.0798739349938 0.0685774498675 0.126257689419 0.135927506664
-9999.0 -9999.0 -9999.0 -9999.0 -9999.0 -9999.0 -9999.0 -9999.0 -9999.0 -9999.0 -9999.0 -9999.0 -9999.0 -9999.0 -9999.0 -9999.0 0.763344770481 0.747719083992 0.749727634499 1.56394731047 0.700151098014 21.8094895415 22.5306328444 0.750129582836 1.46819695374 0.73194142432 0.658975566476 0.644431884857 35.4753969531 0.298138608235 0.633350323007 0.381687273243 0.391308660621 0.354160680624 0.299220814455 0.309862719415 0.963208419116 1.31757656193 0.275784023089 0.24516914869 0.530849843009 0.8746154074 1.07016028393 0.247191750344 64.9746743438 66.7980958901 739.597111416 0.614533399953 0.245330030932 0.0506553529616 0.115155887396 0.0389343944528 0.0287895058479 0.159172027171 0.673859038752
-9999.0 -9999.0 -9999.0 -9999.0 -9999.0 -9999.0 -9999.0 -9999.0 -9999.0 -9999.0 -9999.0 -9999.0 -9999.0 -9999.0 -9999.0 -9999.0 -9999.0 -9999.0 0.741219207054 2.25027278564 2.87307031442 3.54740769419 23.1897338207 23.8499891441 24.5456072318 25.351027583 25.9831667427 27.2842735727 27.5874477892 27.8588836875 28.1433766286 0.335354961486 0.328226016499 0.346463298819 1.27845080704 0.339657183275 0.335249419929 0.272788699323 0.812524340075 0.315262216657 0.256097183143 0.239098435217 0.204928343123 0.409037114688 0.598376683772 68.0667702599 808.52424173 0.175083229814 0.400327108577 0.0403635937346 0.158625400706 0.087547249283 0.0580759344949 1.37634744046 1.10721953144
-9999.0 -9999.0 -9999.0 -9999.0 -9999.0 -9999.0 -9999.0 -9999.0 -9999.0 -9999.0 -9999.0 -9999.0 -9999.0 -9999.0 -9999.0 -9999.0 -9999.0 -9999.0 -9999.0 0.6210495322 4.90014733498 9.79955913837 10.5219892196 0.915900917909 1.68913757853 2.39964515546 3.04572402776 7.12187954926 7.45572539203 0.327023183882 0.335555232268 28.8033939472 29.4352420102 29.7418243425 1.54344094698 0.247123300005 0.615047242075 0.90401176487 2.7038685466 3.31283378816 3.8137714048 0.462242065781 0.652872553785 0.225361761473 0.450417517008 0.232516983438 808.989794334 0.180797161067 0.732965061432 0.260846232886 0.555514703695 1.44834524426 1.59985457188 3.06692116276 1.22606112849
-9999.0 -9999.0 -9999.0 -9999.0 -9999.0 -9999.0 -9999.0 -9999.0 -9999.0 -9999.0 -9999.0 -9999.0 -9999.0 -9999.0 -9999.0 -9999.0 -9999.0 -9999.0 0.689851819784 2.18771765943 4.28912604634 5.6108586286 14.5708728708 15.4035045171 1.47978714014 2.19380750801 2.83852106063 3.48162900786 7.76028193901 8.40764745677 14.5111654255 14.9787438133 15.254148928 30.0613425145 32.4800029919 0.582186590246 0.381993875527 0.366628532722 0.718020852603 0.335346825279 4.46050412111 4.70488292609 0.865494069441 1.04543274855 0.21298212071 193.165417362 193.664428347 1002.98852276 1003.98717261 0.164966765241 0.891090814476 0.342874998195 0.297105707664 3.59220960607 4.97732373442
-9999.0 -9999.0 -9999.0 -9999.0 -9999.0 -9999.0 -9999.0 -9999.0 -9999.0 -9999.0 -9999.0 -9999.0 -9999.0 -9999.0 -9999.0 -9999.0 -9999.0 -9999.0 -9999.0 0.777603895269 0.759099078895 1.43953337307 3.42207895305 16.059731585 0.757796550465 0.748484564551 1.40571813252 2.06699163275 4.88049759842 5.26453357623 0.279208714359 0.330365513444 15.6697528732 16.0089391618 48.7814908668 49.051794963 0.237205494715 0.213261675345 0.192201594574 0.193885036857 0.208654554403 188.866571586 190.373800848 191.614265873 192.016244261 192.979667868 0.270319728459 1.01132480124 1.27904248287 1005.78421205 1005.96272125 1006.11051529 1006.30286225 1006.47636815 5.21558972028
-9999.0 -9999.0 -9999.0 -9999.0 -9999.0 -9999.0 -9999.0 -9999.0 -9999.0 -9999.0 -9999.0 -9999.0 -9999.0 -9999.0 -9999.0 -9999.0 -9999.0 -9999.0 -9999.0 -9999.0 0.699545479561 0.730562470707 1.35855256826 18.7122163751 19.4554253639 0.733866329475 1.39088774001 2.0660402473 2.4877253376 0.344161660467 0.726222381586 42.0236237735 42.3709075837 42.6462717794 45.0283668011 94.3543860121 179.515748264 180.063265679 180.588792723 181.095232252 183.228781735 183.907624116 1.28943527057 0.588192172102 0.340586702513 0.645694185262 0.505445961238 0.792949860067 0.250785143063 5.62459933266 6.31080940908 6.81537308446 6.96304000237 1006.63622519 1012.07534744
-9999.0 -9999.0 -9999.0 -9999.0 -9999.0 -9999.0 -9999.0 -9999.0 -9999.0 -9999.0 -9999.0 -9999.0 -9999.0 -9999.0 -9999.0 -9999.0 -9999.0 -9999.0 -9999.0 -9999.0 -9999.0 0.709060561301 1.36152377885 2.01758204659 20.0224031189 0.750744668273 27.3634995534 28.0593230033 28.3939741955 28.7686185216 40.4527017159 40.8996647203 0.373295689009 1.77365632349 2.15808561216 0.399039552799 84.6134158673 83.863958522 0.277912249584 0.621982048558 1.6669960918 0.364338915178 0.386168560323 0.301212661765 0.263853018247 0.209883890123 0.244109759301 4.79516368005 5.04963490408 5.3505150344 0.43981658093 0.306193658642 7.12781996755 7.32795259246 7.44418149779
-9999.0 -9999.0 -9999.0 -9999.0 -9999.0 -9999.0 -9999.0 -9999.0 -9999.0 -9999.0 -9999.0 -9999.0 -9999.0 -9999.0 -9999.0 -9999.0 -9999.0 -9999.0 -9999.0 -9999.0 -9999.0 0.648082050264 0.609813234738 3.15400995421 24.5080458742 25.930028318 26.7224106346 0.720568307967 10.8310088156 11.1479593751 11.3161610407 0.401003265393 0.823587559134 1.19478421739 19.260894574 19.5741748023 19.8684089574 83.2863915738 51.0207594237 0.342565440337 0.354527510138 0.341897811152 0.282637534644 2.85104421217 3.43922110269 3.96056116602 4.25146269778 4.53282987465 25.6263177134 25.8401029594 26.038616684 26.4878104702 29.1201862212 29.2636967475 36.8646876653
-9999.0 -9999.0 -9999.0 -9999.0 -9999.0 -9999.0 -9999.0 -9999.0 -9999.0 -9999.0 -9999.0 -9999.0 -9999.0 -9999.0 -9999.0 -9999.0 -9999.0 -9999.0 -9999.0 -9999.0 -9999.0 -9999.0 1.26656654729 1.93520455644 0.741637057872 0.747967610968 8.39791962029 9.13105732549 9.66882714351 3.97608582285 4.30183505382 4.66531700758 5.04884566741 18.5708639291 18.9770426499 11.3766286905 31.6111552895 31.9580038294 50.7237263947 0.709994788022 0.360633677289 0.267860162355 1.94832342134 2.29291611389 0.230251401518 0.214895816551 24.6062953939 25.1463157406 25.4203335356 0.228176515375 0.32716744557 28.6749227729 0.275050454205 1.16450788834 1.2918804898
-9999.0 -9999.0 -9999.0 -9999.0 -9999.0 -9999.0 -9999.0 -9999.0 -9999.0 -9999.0 -9999.0 -9999.0 -9999.0 -9999.0 -9999.0 -9999.0 -9999.0 -9999.0 -9999.0 -9999.0 -9999.0 -9999.0 0.634154799619 1.25598918577 5.38667895263 6.15026053921 6.95343645918 3.0560155563 3.66747373014 0.338211826243 12.4507869346 12.7848604667 13.1484472427 0.368624580695 10.6152826856 11.0335760197 0.347676606441 48.8912665622 0.770214072359 0.379160493118 1.03163636796 1.39334129247 0.292840569829 0.244208032839 21.936413764 24.1060567276 24.4228853754 0.315167661272 0.72817398914 0.914674403847 1.07901689341 2.05564826459 0.428802840333 0.95527923757 0.190240631824
