data/baseflow/History/mHMbfrc398
ncols                  80
nrows                 72
xllcorner      4374000.0
yllcorner      5656000.0
cellsize            500
NODATA_value       -9999
[rows 0 to 23 of 72, columns 0 to 54 of 80]
-9999.0 -9999.0 -9999.0 -9999.0 -9999.0 -9999.0 -9999.0 -9999.0 -9999.0 -9999.0 -9999.0 -9999.0 1.63707804376 1.16861312313 -9999.0 -9999.0 -9999.0 -9999.0 -9999.0 -9999.0 -9999.0 -9999.0 -9999.0 -9999.0 -9999.0 -9999.0 -9999.0 -9999.0 -9999.0 -9999.0 -9999.0 -9999.0 -9999.0 -9999.0 -9999.0 -9999.0 -9999.0 -9999.0 -9999.0 -9999.0 -9999.0 -9999.0 -9999.0 -9999.0 -9999.0 -9999.0 -9999.0 -9999.0 -9999.0 -9999.0 -9999.0 -9999.0 -9999.0 -9999.0 -9999.0
-9999.0 -9999.0 -9999.0 -9999.0 -9999.0 -9999.0 -9999.0 -9999.0 -9999.0 -9999.0 -9999.0 -9999.0 3.29193989723 6.82152332422 1.01085992522 -9999.0 0.757608404068 -9999.0 -9999.0 -9999.0 -9999.0 -9999.0 -9999.0 -9999.0 -9999.0 -9999.0 -9999.0 -9999.0 -9999.0 -9999.0 -9999.0 -9999.0 -9999.0 -9999.0 -9999.0 -9999.0 -9999.0 -9999.0 -9999.0 -9999.0 -9999.0 -9999.0 -9999.0 -9999.0 -9999.0 -9999.0 -9999.0 -9999.0 -9999.0 -9999.0 -9999.0 -9999.0 -9999.0 -9999.0 -9999.0
-9999.0 -9999.0 -9999.0 -9999.0 -9999.0 -9999.0 -9999.0 -9999.0 -9999.0 -9999.0 1.64662811645 1.61439736184 1.64293190583 1.60234268068 9.96607765786 11.1334271819 2.16338783266 0.690726456367 -9999.0 -9999.0 -9999.0 -9999.0 -9999.0 -9999.0 -9999.0 -9999.0 -9999.0 -9999.0 -9999.0 -9999.0 -9999.0 -9999.0 -9999.0 -9999.0 -9999.0 -9999.0 -9999.0 -9999.0 -9999.0 -9999.0 -9999.0 -9999.0 -9999.0 -9999.0 -9999.0 -9999.0 -9999.0 -9999.0 -9999.0 -9999.0 -9999.0 -9999.0 -9999.0 -9999.0 -9999.0
-9999.0 -9999.0 -9999.0 -9999.0 -9999.0 -9999.0 -9999.0 -9999.0 -9999.0 1.62374384088 3.25401830781 6.47223545626 3.21093142566 1.57890932225 3.14223594943 12.6918028636 16.6368139439 0.825589091719 -9999.0 1.62411471056 -9999.0 -9999.0 -9999.0 -9999.0 1.49080557476 0.74605589112 -9999.0 -9999.0 -9999.0 -9999.0 -9999.0 -9999.0 -9999.0 -9999.0 -9999.0 -9999.0 -9999.0 -9999.0 -9999.0 -9999.0 -9999.0 -9999.0 -9999.0 -9999.0 -9999.0 -9999.0 -9999.0 -9999.0 -9999.0 -9999.0 -9999.0 -9999.0 -9999.0 -9999.0 -9999.0
-9999.0 -9999.0 -9999.0 -9999.0 -9999.0 -9999.0 -9999.0 -9999.0 1.71438732803 5.00471035987 6.61897636144 8.23303244867 11.2626523882 1.55976164099 6.22414215923 7.76753262933 26.8244099566 1.35129104352 1.49736430627 3.15638154075 4.65641153484 1.53432621941 -9999.0 4.07869853436 3.32511811108 0.960738344863 -9999.0 -9999.0 -9999.0 -9999.0 -9999.0 -9999.0 -9999.0 -9999.0 -9999.0 -9999.0 -9999.0 -9999.0 -9999.0 -9999.0 -9999.0 -9999.0 -9999.0 -9999.0 -9999.0 -9999.0 -9999.0 -9999.0 -9999.0 -9999.0 -9999.0 -9999.0 -9999.0 -9999.0 -9999.0
-9999.0 -9999.0 -9999.0 -9999.0 -9999.0 -9999.0 1.72467577099 1.65659510992 1.62676657725 1.63633828785 1.65737395785 11.5434270339 24.4148399032 26.0162550094 27.4983162629 1.46259476223 29.7182892919 31.2064162131 3.00771045277 1.51266848062 6.138060663 10.717721813 1.42844573518 8.27603577014 1.50856748524 1.44058830419 1.53247896428 -9999.0 -9999.0 -9999.0 -9999.0 -9999.0 -9999.0 -9999.0 -9999.0 -9999.0 -9999.0 -9999.0 -9999.0 -9999.0 -9999.0 -9999.0 -9999.0 -9999.0 -9999.0 -9999.0 -9999.0 -9999.0 -9999.0 -9999.0 -9999.0 -9999.0 -9999.0 -9999.0 -9999.0
-9999.0 -9999.0 -9999.0 -9999.0 -9999.0 -9999.0 3.43387997793 5.10480646315 11.7455209686 16.6118701631 1.58433043031 1.60220819908 1.56736192725 4.64744319348 33.6665845994 1.46842744494 32.6890309635 38.4042087858 4.46098848807 2.98034034948 12.192028034 1.53655702272 9.77086095184 2.9882260715 1.49009846469 2.90813897082 3.0572376261 1.5478359904 1.54903475312 1.5354002584 1.56237406405 3.13416538674 -9999.0 -9999.0 -9999.0 -9999.0 -9999.0 -9999.0 -9999.0 -9999.0 -9999.0 -9999.0 -9999.0 -9999.0 -9999.0 -9999.0 -9999.0 -9999.0 -9999.0 -9999.0 -9999.0 -9999.0 -9999.0 -9999.0 -9999.0
-9999.0 -9999.0 -9999.0 -9999.0 -9999.0 1.74303853598 3.45443329765 1.69572467621 3.36770524356 18.2950035378 21.5333705875 24.7501501405 76.6801843975 1.53041152837 35.2334010159 123.384175895 124.492839668 164.770678986 1.20837890809 4.4502910446 13.6732366196 1.47487834333 26.2266413607 14.9858102375 8.98977238674 7.48552372967 1.50750497476 4.61325963662 4.57435573597 3.05396461968 1.5022015045 4.66424620928 1.49279846326 1.48500352654 -9999.0 -9999.0 -9999.0 -9999.0 -9999.0 -9999.0 -9999.0 -9999.0 -9999.0 -9999.0 -9999.0 -9999.0 -9999.0 -9999.0 -9999.0 -9999.0 -9999.0 -9999.0 -9999.0 -9999.0 -9999.0
-9999.0 -9999.0 -9999.0 -9999.0 -9999.0 1.7349316443 5.15042246658 10.3087107314 11.9884051429 23.9169956666 25.5610144534 30.5825262686 50.3898487458 80.8538324749 83.854201537 85.2548207751 2.86859823272 169.772855172 172.272231252 179.613654215 225.458601577 30.7129288644 27.7595906238 10.5177539664 1.48366649308 9.05013723077 6.09064511984 1.46697789268 6.04893150344 1.42996435009 2.88518975884 7.60558160303 9.07887362259 2.95267418857 1.46594346206 1.45594017663 -9999.0 -9999.0 -9999.0 -9999.0 0.848312097674 0.712279636276 -9999.0 -9999.0 -9999.0 -9999.0 -9999.0 -9999.0 -9999.0 -9999.0 -9999.0 -9999.0 -9999.0 -9999.0 -9999.0
-9999.0 -9999.0 -9999.0 -9999.0 -9999.0 1.71926866836 1.70777907218 6.87203268727 8.55545142781 10.2648497564 1.68801106032 3.36545462836 18.6169669887 3.33495875907 1.63598711395 1.59189687045 1.53456480712 1.61281808769 1.56108227587 1.57886973961 226.958196378 231.416563843 1.47447759629 4.42397986101 2.96121914867 10.5168256292 2.93296254347 1.4311211904 7.5423624762 2.82710743776 6.69978635108 16.2405111583 14.9588525296 4.42069797663 4.37810785296 1.46721450083 1.46347183384 -9999.0 -9999.0 1.4625107974 1.97424458723 4.17379269421 0.749717032412 -9999.0 -9999.0 -9999.0 -9999.0 -9999.0 -9999.0 -9999.0 -9999.0 -9999.0 -9999.0 -9999.0 -9999.0
-9999.0 -9999.0 -9999.0 -9999.0 -9999.0 -9999.0 1.74686506057 1.73138395161 3.45705773642 5.16548914114 11.906570862 15.3089752264 17.0001298211 1.71962453082 1.5775315538 19.7631811343 24.5573166062 26.1380894677 32.4841137459 34.0219537783 1.52381645349 232.932292398 240.309471739 5.8858803758 1.37278572421 11.9519488103 26.7258836462 10.412484546 2.85964102315 1.42591985597 25.7520500326 17.6791216793 1.42865445057 1.41494239403 5.80328605913 4.37748015389 1.45034876571 1.42201125073 1.45128171808 2.89679039701 1.42728466045 5.09424559387 6.51265735337 1.35655392373 -9999.0 -9999.0 -9999.0 -9999.0 1.42648619557 1.39185689377 0.410925070086 -9999.0 -9999.0 -9999.0 -9999.0
-9999.0 -9999.0 -9999.0 -9999.0 -9999.0 -9999.0 -9999.0 1.75737599739 1.64699268369 3.34803326655 5.06287206534 1.71437126667 1.65907366536 10.0334538137 13.3184807157 16.6227342973 1.62327264532 3.21403950569 1.59577468541 35.5671431465 77.6542803935 78.5515505691 321.534456405 1.49377820608 4.09049761595 1.33644362357 28.1488244014 1.45304601599 4.29694521355 1.42054520979 27.1766482507 28.5948933724 2.85570027612 2.82733655781 14.5447496917 7.28769877969 2.85697956789 1.44538448063 2.90357056845 4.33546919198 7.17373464319 1.41797674119 9.19120268592 10.437642285 1.19261010859 1.25583571644 1.23738462224 1.19255770151 1.15842636326 4.09527288356 1.7159705347 1.16469925603 -9999.0 -9999.0 -9999.0
-9999.0 -9999.0 -9999.0 -9999.0 -9999.0 -9999.0 -9999.0 -9999.0 3.4088470446 5.04425366457 1.69029463309 3.38913811747 5.0604990917 8.42633620276 1.69608649793 1.67537207804 1.57619960767 1.59302665788 1.55892908068 38.9875682795 1.60723939779 3.19176144598 325.802966126 329.195338832 1.86329539455 7.77906876841 37.4163528343 2.87035328154 5.67329347429 2.76967290319 4.09775811536 34.1858754444 4.23226844498 21.5160164786 17.3264815134 1.38800581347 7.15619474201 2.88244957538 4.32352883231 1.41260316153 8.56509945196 11.3095215125 12.4963548754 13.657417937 15.1268861432 2.36684025939 2.37811214873 2.29912215569 2.22335444746 5.27526288805 1.18779833828 4.10914529686 5.24996652005 -9999.0 -9999.0
-9999.0 -9999.0 -9999.0 -9999.0 -9999.0 -9999.0 -9999.0 -9999.0 1.73145916433 8.48299497316 10.1580325546 1.68044231653 3.35496674159 1.67585564606 1.63895047394 1.61911231746 19.7730146376 26.3803357022 32.3941586737 38.0491314755 1.45716496512 1.59500968666 1.82554307756 336.127382882 339.491459431 341.228350184 50.7673962388 11.5079985308 9.95777719753 1.33205797618 5.43337195385 40.9761653832 1.35912162187 22.8792820446 1.38554884034 9.25879349537 8.60549177007 1.42547353724 5.73680206482 2.82149406579 4.21272828645 1.34909372778 1.15688101387 14.8122748788 15.921936013 16.2346594255 3.51531269847 3.41418910615 3.32907021878 6.51143044515 8.90091776783 1.19222619011 6.39833501261 1.16879247899 2.26529189877
-9999.0 -9999.0 -9999.0 -9999.0 -9999.0 -9999.0 -9999.0 -9999.0 -9999.0 1.72278168891 11.8509268324 13.5333383943 5.047187306 8.41066217748 11.7040955484 13.3600190446 1.65887986827 5.02329216852 3.3274080852 1.65051821703 1.6522034934 1.59546375097 3.28837748126 5.54672830657 1.98869455272 395.61094402 397.489302382 1.80114120025 1.40840942109 2.65813679274 3.96019470742 44.9403575007 2.65404810767 24.1419117056 14.6313942929 11.9043322953 1.39684478184 2.8033296896 7.09147354683 1.35160224098 5.54101792243 2.6778434446 2.19973786313 1.06227177713 19.2028683267 36.4951231586 4.52145678459 4.43448707735 4.43764794536 1.10655567585 9.99199176888 1.07334417208 8.66827534676 1.10733717486 3.3696269625
-9999.0 -9999.0 -9999.0 -9999.0 -9999.0 -9999.0 -9999.0 -9999.0 -9999.0 -9999.0 1.66246279143 16.8761066843 1.69186734395 3.37963635435 5.01782136855 8.31819343443 1.67683272076 3.37705546677 1.68437868769 1.65266004818 1.59894132638 3.17563286254 1.55785150253 1.82679665231 3.80388674826 1.99492980025 399.148964527 402.667188484 407.690738553 5.46595328505 1.32453206423 2.64226095375 46.2879658604 45.4477151658 17.386543112 1.37270148689 5.56342128893 4.17971955762 8.4487531601 2.70425781262 10.9016842937 4.01556882071 3.44347831276 1.08344529563 1.13051980902 37.6699952431 38.7811020332 48.7774686565 7.85950961592 2.26717748379 11.1402922799 13.3407731832 23.0719968483 2.21279583806 1.03688809591
-9999.0 -9999.0 -9999.0 -9999.0 -9999.0 -9999.0 -9999.0 -9999.0 -9999.0 -9999.0 -9999.0 0.899356041017 18.9314700773 1.67398239412 3.31124050069 14.9233605542 1.66786250825 1.66821150927 1.58945721921 3.26560224003 1.58999461698 6.35219167523 9.4572231417 10.958111515 5.35634334121 7.05574482169 1.81223116188 1.97633958276 1.75997519176 415.905137352 419.987212223 47.6039597025 48.0203659719 46.7359504431 2.64225363787 1.29499251348 6.88875050145 18.004314741 9.79280005317 4.04037701711 16.2727311701 8.1694410015 6.86878633485 2.21704955732 1.02789122585 0.99376377891 1.02684261337 53.107364338 64.3775311837 1.1255732803 1.04615191432 1.07935164593 24.1009547329 27.3270283971 1.96851494255
-9999.0 -9999.0 -9999.0 -9999.0 -9999.0 -9999.0 -9999.0 -9999.0 -9999.0 -9999.0 -9999.0 0.852127993622 21.0593129726 26.0907305783 1.634733069 18.2005088826 1.60892577729 1.60093815544 3.16426642592 8.01465067749 1.57550296122 1.60643601551 1.55149803224 14.0440833443 15.5465926606 24.1262082943 27.4922713819 29.2299525962 31.0111821073 32.797946417 454.409095734 505.255341869 556.279104446 557.56464182 1.42441159089 1.2938690227 20.6597522364 19.3399487164 1.32639397184 1.32969153282 17.5560731087 27.0734935861 1.24043875982 14.8043158286 13.6042666997 4.39389138344 2.10531538716 3.23488744937 1.1711361708 66.5715201123 1.09893632098 3.22180701149 4.20774798992 34.712182988 37.6387770201
-9999.0 -9999.0 -9999.0 -9999.0 -9999.0 -9999.0 -9999.0 -9999.0 -9999.0 -9999.0 -9999.0 1.72563898943 3.39225614036 27.7466428083 30.9689630262 1.6235047514 21.0088689682 1.54712121286 4.69716125522 9.58274972491 3.14046057441 1.56287267707 3.10905027986 1.47081779612 2.87414792329 1.40978744167 1.35467022305 1.29611477987 1.27082510146 1.35377555276 1.48361121085 1.69280794723 1.7637885407 1.81215948946 562.240897929 26.5547249131 23.741890325 1.49030095821 3.92278842557 1.06664400659 0.854746228879 28.35564884 47.087063907 16.1713322361 11.4483321156 2.33939101615 1.09253578456 1.06450480047 2.15119786058 69.8340623168 71.9492589953 1.07724967779 1.08204799199 1.09571273049 1.02801088384
-9999.0 -9999.0 -9999.0 -9999.0 -9999.0 -9999.0 -9999.0 -9999.0 -9999.0 -9999.0 -9999.0 -9999.0 1.66845358308 20.7383129845 53.3408602608 58.2514545595 80.7578640656 81.9428184515 21.7383779406 15.8780882488 4.72170502534 1.55446264152 6.18530499402 7.69363512193 11.9917683164 2.85673790265 2.73440011089 2.69184637557 5.31913286244 2.69437374699 2.79553392837 1.27522196065 1.24550072405 1.42801378469 563.753484613 591.041422484 592.462427061 1.54301018955 11.4804803448 4.51747457316 1.31993106815 51.1696689423 2.8064196804 1.42283638484 5.73191811637 1.3478685415 1.21973665207 2.34170363798 3.38003836105 4.45786614612 73.9227799451 0.970256258116 0.901999152804 0.917489673315 0.834656843179
-9999.0 -9999.0 -9999.0 -9999.0 -9999.0 -9999.0 -9999.0 -9999.0 -9999.0 -9999.0 -9999.0 1.73212879117 15.6832785488 19.0915805123 3.30767120735 0.993680997825 2.40514741507 85.9620363458 87.2988484759 110.208808611 1.49655874894 3.04292003009 1.427984535 1.44320796163 13.4300019763 17.7228866555 21.8061031669 1.34317587352 6.64938532045 10.654918375 6.6144334727 2.55590972624 2.447402038 2.5873675323 2.6937187545 1.52997579948 593.812565465 595.155104257 609.350473134 2.47955272927 1.24309637775 52.0480352652 2.88290862072 1.46501628635 1.47861418922 1.47073050594 1.41851170645 2.66822159745 7.81583366271 13.4180802816 88.3341123354 0.853752258459 2.52953936188 1.70624802613 1.56918668647
-9999.0 -9999.0 -9999.0 -9999.0 -9999.0 -9999.0 -9999.0 -9999.0 -9999.0 -9999.0 -9999.0 1.75427389068 10.563991606 1.71890575758 1.64624382753 8.02931653175 9.61622281074 11.2404783499 12.8139103899 149.768320101 151.074862186 153.905056094 174.460818736 178.830023189 181.602019202 183.06987345 208.531028963 212.269593002 213.633492691 225.70460448 233.70207323 234.982580519 239.95564566 3.81684647377 3.86206344967 1.38211449682 1.42795968918 596.466991776 614.598377288 3.85881707393 59.6229050804 58.5058497934 5.66266422309 1.40164946396 1.39853125339 1.37784828329 1.3661926086 2.74277976127 4.0093784598 1.24165675615 89.2903400009 90.2684215358 95.3990571065 96.2787514701 98.6832290213
-9999.0 -9999.0 -9999.0 -9999.0 -9999.0 -9999.0 -9999.0 -9999.0 -9999.0 -9999.0 -9999.0 5.31038128386 7.05115185756 3.40422895438 5.08978163584 1.6763355128 18.7419593745 20.378768325 23.6487395831 25.1783489064 11.1155493806 167.218142645 168.545360533 1.46506737899 1.3185246653 1.30626660073 2.66532112429 1.35568609231 1.27424422854 1.23750329507 1.21948065946 236.289679129 241.257569269 246.218267184 251.117455303 256.494263845 2.7378129872 1.23077690392 678.022639987 62.0595274474 60.7882424847 1.25577725918 1.236953984 1.20673019443 2.63800735996 2.6164439987 1.247324423 1.24960343572 1.15452460979 2.37347942556 3.32568692376 0.813753928066 1.53597625046 0.695083962325 0.637058874333
-9999.0 -9999.0 -9999.0 -9999.0 -9999.0 -9999.0 -9999.0 -9999.0 -9999.0 -9999.0 -9999.0 -9999.0 3.56146793258 1.72127892762 1.69705794265 15.4804828737 17.135084585 1.65194027048 6.63310772459 8.23226492189 9.77305838672 1.58886785324 1.45288115789 27.5366905998 28.873428187 30.1948512065 77.505960705 78.7336259314 81.1800228699 90.3430011927 97.3467266636 98.5352150115 1.13476700489 1.15784583328 1.03871480634 258.548854946 1.08262346184 691.122252908 689.097836348 9.84433270092 8.48422594655 4.94812792139 1.25892838606 2.38255582954 3.84308098013 3.83086088108 2.4627009676 1.21700292377 2.36260985246 2.27925328057 4.35454215998 0.695940373451 2.29155102389 3.88454788843 5.22578239648
