data/baseflow/History/mHMbfrc296
ncols                  80
nrows                 72
xllcorner      4374000.0
yllcorner      5656000.0
cellsize            500
NODATA_value       -9999
[rows 24 to 47 of 72, columns 0 to 53 of 80]
-9999.0 -9999.0 -9999.0 -9999.0 -9999.0 -9999.0 -9999.0 -9999.0 -9999.0 -9999.0 -9999.0 -9999.0 0.704561466214 1.88942329545 2.4542379348 4.1681206143 0.491612237966 0.991531058469 1.45265116147 5.64270763869 5.95806018037 6.10769629573 6.41256049012 6.80971712205 10.9806760563 12.0723585736 12.5579084346 0.133162011753 1.11439715863 1.22399900281 22.1657342803 22.4941240251 22.6420142819 22.7915714746 22.9369100163 88.2862070198 0.149032048385 185.806650008 0.192686769372 0.0656808036803 1.41802190221 1.28539541975 0.147637300645 0.731791776044 1.08490816191 1.07476781452 0.731178448499 1.19506350145 1.88632272541 0.690968034886 1.81797707622 0.117932153728 0.161272587974 0.0196760278397
-9999.0 -9999.0 -9999.0 -9999.0 -9999.0 -9999.0 -9999.0 -9999.0 -9999.0 -9999.0 -9999.0 -9999.0 0.644812752887 1.26958362788 0.567674172828 1.15471163637 0.485776368306 3.8239192235 4.73434404929 5.21733963752 0.420457674029 0.769642879653 8.54263499899 10.3678583405 10.6577013636 0.73892328019 0.698203020957 0.944867522678 0.0869351104457 0.0733167282672 0.135620496752 0.0871892242398 14.0714453772 14.1850836556 14.2730103497 88.5150396239 186.768741813 185.881244196 0.0903711824581 0.0445163686173 0.0386148526595 0.220274146788 0.189656923795 0.806900634493 1.24262193747 2.54031393269 0.222783067406 0.221275891654 2.04667572354 2.20985830608 4.34512506054 4.43960968336 4.62306865746 4.6601087791
-9999.0 -9999.0 -9999.0 -9999.0 -9999.0 -9999.0 -9999.0 -9999.0 -9999.0 -9999.0 -9999.0 -9999.0 -9999.0 0.574502951442 1.1612250827 1.76105739752 2.79922209421 0.549221668792 0.477188466381 3.84707063194 4.26703209106 7.89691151857 8.33326897639 1.19057317162 0.400290840804 0.363908632703 0.331680501949 13.4703766912 13.6303419871 13.7367170516 13.8097898076 13.9762208591 1.55490204709 1.68883056033 16.0673405264 291.478270342 0.640092592262 0.462548290119 0.173531698012 0.0539102427285 0.0346455816909 0.295939411025 0.319324914874 0.864264623454 0.0279133344776 2.5858954193 0.316537354336 0.305829969205 0.0274778832854 0.0172461785918 0.0161317619728 0.0375080710884 0.0181087909014 4.67828375249
-9999.0 -9999.0 -9999.0 -9999.0 -9999.0 -9999.0 -9999.0 -9999.0 -9999.0 -9999.0 -9999.0 -9999.0 -9999.0 -9999.0 0.562558646141 1.20783937189 1.79702368863 2.39578981042 2.88812271378 3.40060469701 1.44747492362 2.41055335509 0.427967164881 0.408762632841 11.6470334093 12.4459188542 12.8011871877 13.1948093799 0.259445670456 0.429790428086 1.16782125543 1.28920622731 1.41028684616 0.169255311277 0.148936861671 291.998837154 0.184021071132 0.202552654061 0.099134290695 0.253478453479 0.116160346925 0.075019920657 1.24828971286 1.33474382166 0.0434571209668 2.64401695006 2.97924111203 0.322135084185 64.3790478535 64.3316991637 64.2912804233 64.1636591345 64.0872372378 63.0763348912
-9999.0 -9999.0 -9999.0 -9999.0 -9999.0 -9999.0 -9999.0 -9999.0 -9999.0 -9999.0 -9999.0 -9999.0 -9999.0 -9999.0 0.168480330858 0.373356086446 0.596175271244 5.72494134466 6.2304423044 0.517993575834 0.48763814566 0.481883612056 9.936130328 10.8515124953 0.438031816582 0.451115290329 0.335273788599 1.38572179401 1.72153453607 0.782153962382 0.953847630155 8.28666608527 8.49039796687 8.9820435245 13.8750810968 306.027594801 0.188617813251 0.0785322726646 0.412074070455 0.333166114531 0.0693949984628 0.221596488659 0.296543362427 1.41699388915 1.48628456205 4.5880078769 3.0077608207 0.350215875183 65.6452930789 0.606347602301 64.2486355067 64.209346878 0.945605983891 0.0975869137956
-9999.0 -9999.0 -9999.0 -9999.0 -9999.0 -9999.0 -9999.0 -9999.0 -9999.0 -9999.0 -9999.0 -9999.0 -9999.0 -9999.0 0.875502763916 1.42450147567 2.89392228677 5.11699708715 6.80527578289 8.04619311573 8.54642583705 9.04781720303 9.5284932505 0.439444778583 0.38466782718 0.745147699698 0.69775318401 0.360395333256 7.30009656193 7.62377357775 7.92374402181 8.19525599265 4.22612902814 4.36592212895 4.6771434786 306.160771966 0.347263889446 0.241196038119 0.714960346342 0.0756195928199 0.182081604552 0.104259185447 0.0680923261203 0.380579185776 0.0531530716198 0.0559331093083 70.5938670562 65.9611774763 65.9006407554 0.275778324322 0.57980467746 0.349827628872 0.0608529883988 0.755174864739
-9999.0 -9999.0 -9999.0 -9999.0 -9999.0 -9999.0 -9999.0 -9999.0 -9999.0 -9999.0 -9999.0 -9999.0 -9999.0 -9999.0 0.616446922246 0.572434681272 1.11968381226 1.69880272369 0.632646841625 0.592067439486 1.10065951559 1.59107734094 2.49644110601 2.95406466181 3.35669456426 4.52049276661 4.88411013075 5.27610022015 0.343944590381 3.51940225464 3.78064239816 3.96479546407 0.0983978881246 0.0277897736997 0.0731211589259 310.808657744 310.936861899 311.513399502 0.956534996699 0.168192774353 0.25473100773 0.0644896817773 0.121803851249 0.441551945471 0.542626413363 0.101330663823 70.8759075351 0.103591464493 0.157310629862 0.173328612395 0.143348194579 0.230476840572 0.0937878611254 0.558847084072
-9999.0 -9999.0 -9999.0 -9999.0 -9999.0 -9999.0 -9999.0 -9999.0 -9999.0 -9999.0 -9999.0 -9999.0 -9999.0 -9999.0 -9999.0 0.537520918714 1.05342866166 0.506145868779 1.04923185316 6.57466891104 7.08637039818 7.55336461818 0.454171816456 0.458260205186 0.859919603342 1.26497008604 1.96909209499 2.33083249507 2.53270595401 2.84922866999 0.249687216939 0.194261343631 4.19109739605 4.23152342898 4.32192183708 4.43624011992 3.77929965213 315.773116262 317.419471762 317.506339977 317.837611385 318.1870467 318.37811378 0.0521586682384 0.591574488411 70.9287242036 0.125197444504 0.0645636029811 0.0887084220931 0.0848941321973 0.141220845075 0.109924514044 0.066105719541 0.10854082824
-9999.0 -9999.0 -9999.0 -9999.0 -9999.0 -9999.0 -9999.0 -9999.0 -9999.0 -9999.0 -9999.0 -9999.0 -9999.0 -9999.0 -9999.0 -9999.0 1.56496863542 2.10698528697 3.7451815155 4.96771097448 0.64558452052 8.76164990008 9.21549505592 9.64271999081 0.425383475221 0.825648591674 0.356396768014 2.7294376337 2.90618107946 3.1954574785 3.48646267654 4.07614362377 4.13587806722 0.041567927957 3.29819423854 3.53732711586 3.66889980135 4.12738725925 0.567026264401 0.351608399088 0.193610788214 0.181724382079 318.587089112 318.686557715 319.74194629 70.9855456852 0.365966172277 0.19280359424 0.13492238786 0.0358181944029 0.374131692316 0.185090439581 0.0581111277934 0.326010658947
-9999.0 -9999.0 -9999.0 -9999.0 -9999.0 -9999.0 -9999.0 -9999.0 -9999.0 -9999.0 -9999.0 -9999.0 -9999.0 -9999.0 -9999.0 -9999.0 0.553530058222 2.65547039964 3.23555886033 0.669468731664 0.50173070356 1.01849909861 1.48881247171 11.5915530824 0.418295171899 1.68363330516 2.05754280296 2.41990703533 0.188767806621 0.448465672036 0.546384330286 2.68088529357 2.90869016903 3.01997940997 0.119835019118 0.10788698325 0.115414767895 0.211779940933 0.0831861141784 0.0873763768747 0.134144229481 0.115473617766 0.137022060365 0.392639561823 319.854487756 391.101999264 0.446230160823 0.0811211400687 0.0398718338034 1.15095439069 1.07099792333 0.632397108974 0.56477394309 0.414134436728
-9999.0 -9999.0 -9999.0 -9999.0 -9999.0 -9999.0 -9999.0 -9999.0 -9999.0 -9999.0 -9999.0 -9999.0 -9999.0 -9999.0 -9999.0 0.461820884494 1.51592620562 0.501758419322 0.651070775085 0.577283875819 1.09289224854 1.5927670746 2.09586839821 14.1851704471 14.590282265 0.419077534512 0.797765184288 1.18309082041 1.42857622595 1.66505685764 2.2912855766 2.56674773992 0.0818200733577 0.115125203507 0.113685163325 0.138174156601 0.142296443543 0.16383404801 0.136373518341 0.165018694955 0.516825792925 0.24500867076 0.114591755136 0.110933974871 0.0908635066991 0.165995585966 394.612986663 2.97028584306 1.40944404233 0.156271738381 0.0707035228952 0.0529957397019 0.16912407439 0.109177455275
-9999.0 -9999.0 -9999.0 -9999.0 -9999.0 -9999.0 -9999.0 -9999.0 -9999.0 -9999.0 -9999.0 -9999.0 -9999.0 -9999.0 0.49266797725 0.939012414684 3.39393064124 0.467144940832 1.28792114147 1.84330859861 2.35565627429 0.537867242496 1.00149691748 1.54792100658 16.5983103786 0.391479604157 0.742240246098 1.100615831 0.320016236236 0.622618200782 0.691374791667 0.920243800649 28.2484897999 28.5158774882 28.7826612925 30.0673638877 30.4892817905 31.4617641041 0.218949272286 0.48556838174 0.614239720911 34.1793146504 34.3773102963 0.100729828169 0.161028999806 0.219573425914 394.714500014 2.82425803792 1.21356409169 1.13010885977 1.03695644043 0.963306725463 0.224542667474 0.0593329946223
-9999.0 -9999.0 -9999.0 -9999.0 -9999.0 -9999.0 -9999.0 -9999.0 -9999.0 -9999.0 -9999.0 -9999.0 -9999.0 -9999.0 0.509691491316 1.5317314367 5.42626851819 7.98599842172 0.410737339666 10.4565966218 13.3213282703 0.505908001758 0.966743529881 1.5056510003 20.8968879638 21.3368222204 0.330987272806 1.77262014805 2.07820926218 2.30593507372 26.5317244915 26.9114319303 27.2343105631 0.163880369726 0.923228359606 1.09961312716 0.475960418316 0.689895508997 32.3968871239 33.1696906071 33.3328446852 33.483951547 34.5413813708 0.0793457512563 0.0691156736793 0.348670323433 394.825329079 0.118704449164 0.00813938923906 0.0233785583878 0.0100562755515 0.847208038395 0.800364968277 0.479241744138
-9999.0 -9999.0 -9999.0 -9999.0 -9999.0 -9999.0 -9999.0 -9999.0 -9999.0 -9999.0 -9999.0 -9999.0 -9999.0 -9999.0 -9999.0 -9999.0 1.06104097345 2.11928906651 9.44230619631 9.97578116777 13.7796909505 14.2976783163 0.497987790762 0.995951179422 2.37458969636 21.7630208994 22.4986504541 22.7846135111 0.22852448363 23.7502479946 24.1164114744 0.258729516461 0.166784999855 0.319792290116 0.622258854428 0.149843569213 0.297496328902 0.643329433338 0.804403378217 0.15119792391 0.0948629337838 0.186829204988 35.2322259353 35.4327894591 35.4923028656 36.0119576898 394.922602223 0.0768625103586 0.0039549699976 0.00521787894816 0.00501628035931 0.00530591715721 0.0043366936121 0.00756602483603
-9999.0 -9999.0 -9999.0 -9999.0 -9999.0 -9999.0 -9999.0 -9999.0 -9999.0 -9999.0 -9999.0 -9999.0 -9999.0 -9999.0 -9999.0 -9999.0 0.552260441592 0.5361996987 0.528250047492 1.07747476759 0.46775946299 15.2277975945 15.7009845314 0.490958575788 0.936159932577 0.439581093875 0.363524651663 0.351820745966 23.3324401928 0.104705771693 0.214112137078 0.164537832416 0.176629002346 0.153383715205 0.115868501486 0.121719548598 0.376591256702 0.519805525499 0.0961498795354 0.0803184080241 0.176478698331 0.300104723507 0.385474430221 0.100223227021 35.58963848 36.0771504507 394.99674172 0.161853886449 0.0143169752326 0.00192464071086 0.00633400803452 0.00138334930301 0.000989773524383 0.00875653287102
-9999.0 -9999.0 -9999.0 -9999.0 -9999.0 -9999.0 -9999.0 -9999.0 -9999.0 -9999.0 -9999.0 -9999.0 -9999.0 -9999.0 -9999.0 -9999.0 -9999.0 -9999.0 0.529354027066 1.55250402274 1.96491274211 2.41594202178 16.1452707312 16.6011688604 17.052617442 17.5471701188 17.8889019238 18.604260731 18.7172264137 18.8064833154 18.9096176853 0.147583083606 0.138270180407 0.148625520513 0.515986782881 0.138886511352 0.132174891584 0.0991970401864 0.287392404278 0.112356250681 0.0832503260088 0.0761453848159 0.0616320032714 0.122949938932 0.178895365928 36.4530410396 431.689427441 0.0677341492661 0.142418488898 0.00123204896792 0.00805197236792 0.00368636686529 0.0019990983163 0.464401309161
-9999.0 -9999.0 -9999.0 -9999.0 -9999.0 -9999.0 -9999.0 -9999.0 -9999.0 -9999.0 -9999.0 -9999.0 -9999.0 -9999.0 -9999.0 -9999.0 -9999.0 -9999.0 -9999.0 0.426555348963 3.49904920101 6.86196761 7.34002109857 0.633874634006 1.13050595265 1.57601302303 1.93992525152 4.37573762898 4.52903377992 0.150434663927 0.148021313234 19.2271582782 19.5033445492 19.6306683057 0.612932129457 0.0848973402989 0.226297263876 0.329671058087 0.978407251905 1.19333858722 1.35401876068 0.14499385158 0.200419877641 0.0680628456893 0.134915664648 0.069658184635 431.828140687 0.0621816250013 0.260594345437 0.0711890391911 0.110764336388 0.368036925741 0.40552732381 0.906495339957
-9999.0 -9999.0 -9999.0 -9999.0 -9999.0 -9999.0 -9999.0 -9999.0 -9999.0 -9999.0 -9999.0 -9999.0 -9999.0 -9999.0 -9999.0 -9999.0 -9999.0 -9999.0 0.489499527577 1.58006854652 3.0806333376 4.00761451374 10.213971395 10.7780187059 0.940343926132 1.38195696655 1.75430585084 2.11365842308 4.65012641479 4.94254287781 8.25726266903 8.49734551644 8.63337792883 19.7597775368 20.6898262919 0.212532361803 0.150627736587 0.141192141574 0.268351006445 0.118588263369 1.57818495646 1.65541316396 0.264315459553 0.334898386763 0.0600473815934 108.973156814 109.120580786 541.055589765 541.422251323 0.0632921744304 0.245153502178 0.0850443406563 0.0745434788076 1.03231650664
-9999.0 -9999.0 -9999.0 -9999.0 -9999.0 -9999.0 -9999.0 -9999.0 -9999.0 -9999.0 -9999.0 -9999.0 -9999.0 -9999.0 -9999.0 -9999.0 -9999.0 -9999.0 -9999.0 0.572908151332 0.555714477332 1.03583824025 2.44328073425 11.2444417811 0.483788615086 0.477191938038 0.851629039035 1.23702025863 2.78521307104 2.94808164713 0.0994004062744 0.161590681208 8.82334140767 8.96085081969 29.7703233556 29.8725975593 0.0760983527693 0.0663076618851 0.0554064380359 0.0559950307605 0.0609170909341 107.550069159 108.037846988 108.455001618 108.593299649 108.907554569 0.0803713700716 0.291279939779 0.35531315436 541.937308268 541.998365693 542.111997209 542.198579274 542.276142833
-9999.0 -9999.0 -9999.0 -9999.0 -9999.0 -9999.0 -9999.0 -9999.0 -9999.0 -9999.0 -9999.0 -9999.0 -9999.0 -9999.0 -9999.0 -9999.0 -9999.0 -9999.0 -9999.0 -9999.0 0.498148297123 0.527321643346 0.969256777377 13.1423191699 13.6381140053 0.466522759811 0.843633245597 1.23926215866 1.42058959465 0.137011771129 0.320257345947 27.8861573052 28.033891885 28.1730104381 29.2674253392 59.2640020525 104.300479796 104.493436443 104.668335043 104.835481953 105.573028066 105.813396868 0.417896884533 0.180841016236 0.110422794443 0.205539591586 0.143895002108 0.23109768234 0.0720606131832 1.71939952948 1.94457498898 2.10670778384 2.13724300118 542.322964924
-9999.0 -9999.0 -9999.0 -9999.0 -9999.0 -9999.0 -9999.0 -9999.0 -9999.0 -9999.0 -9999.0 -9999.0 -9999.0 -9999.0 -9999.0 -9999.0 -9999.0 -9999.0 -9999.0 -9999.0 -9999.0 0.510456428264 0.975675378162 1.44481814033 14.0354828952 0.476248057768 19.0272162296 19.4336155872 19.5640519956 19.7526572165 27.134173512 27.3647012518 0.165640605536 0.816390227846 0.986658087361 0.169054088892 44.8479036838 44.5417196006 0.0942919024566 0.222878197254 0.591350821415 0.130511913871 0.135191901232 0.0914103360466 0.0748252187026 0.0561210112811 0.0669440644135 1.49070489521 1.56156090342 1.65001070994 0.158168046033 0.104725619779 2.20481039996 2.25431789645
-9999.0 -9999.0 -9999.0 -9999.0 -9999.0 -9999.0 -9999.0 -9999.0 -9999.0 -9999.0 -9999.0 -9999.0 -9999.0 -9999.0 -9999.0 -9999.0 -9999.0 -9999.0 -9999.0 -9999.0 -9999.0 0.457449527115 0.428062568455 2.23367319936 17.2092921363 18.1599646634 18.6590848266 0.410437426886 7.06086480164 7.16287736166 7.21891803044 0.195239539251 0.38648406551 0.545816439318 10.5827530928 10.7072155521 10.8158886709 44.3372234892 27.6705108426 0.126984149663 0.126376772601 0.119442530325 0.0886038884473 0.929500961825 1.1029681943 1.2524481449 1.33670024534 1.4172600168 9.47193770632 9.52911400259 9.60190370088 9.76696089875 10.4317160673 10.4610362633
-9999.0 -9999.0 -9999.0 -9999.0 -9999.0 -9999.0 -9999.0 -9999.0 -9999.0 -9999.0 -9999.0 -9999.0 -9999.0 -9999.0 -9999.0 -9999.0 -9999.0 -9999.0 -9999.0 -9999.0 -9999.0 -9999.0 0.896400174529 1.37767928294 0.517447048376 0.472370993576 5.75924116214 6.17494266584 6.45051315355 2.28179702436 2.3717161681 2.49296751913 2.66107120527 10.300152183 10.4777390574 5.46508322218 16.4231598399 16.5547216274 27.5699226794 0.250291014094 0.124600454153 0.0829584211188 0.645552908562 0.757491277171 0.0600003573387 0.0544843843376 9.19708437225 9.34306979851 9.41801892606 0.0785353621705 0.117166204433 10.3394928494 0.0627266637491 0.232248973074
-9999.0 -9999.0 -9999.0 -9999.0 -9999.0 -9999.0 -9999.0 -9999.0 -9999.0 -9999.0 -9999.0 -9999.0 -9999.0 -9999.0 -9999.0 -9999.0 -9999.0 -9999.0 -9999.0 -9999.0 -9999.0 -9999.0 0.451951900637 0.893112463695 3.84564731466 4.38172026029 4.88309993657 1.85513290023 2.18618233657 0.109024517233 7.26966422591 7.36486648712 7.47220350558 0.147847848278 5.13888886343 5.32422923823 0.133759479235 26.9078421598 0.287915857505 0.141456617231 0.350824954801 0.475928575261 0.0890625696293 0.0698835857982 8.43926403277 9.06188855835 9.15228517885 0.0884877209582 0.181477495347 0.225901062978 0.261654125405 0.519012668471 0.0835868985541 0.191183855241
