data/baseflow/History/mHMbfrc564
ncols                  80
nrows                 72
xllcorner      4374000.0
yllcorner      5656000.0
cellsize            500
NODATA_value       -9999
[rows 24 to 47 of 72, columns 0 to 54 of 80]
-9999.0 -9999.0 -9999.0 -9999.0 -9999.0 -9999.0 -9999.0 -9999.0 -9999.0 -9999.0 -9999.0 -9999.0 1.25637062412 3.55602494529 4.68481466561 8.06182418627 0.960879224766 1.98150779949 2.94739882327 11.445525835 12.2955061627 13.0897606 13.8151159678 14.5715156587 22.2089796089 24.3657083303 25.7796500606 0.618352905297 3.31510694646 3.88959504054 50.0744819829 52.3722186108 53.4895095487 54.633562666 55.464751024 201.110434773 0.321488393013 375.668662138 0.700209361539 0.349035275134 3.01534161947 2.54675448326 0.428035712617 1.29343465685 1.91689221144 1.85225652473 1.31720502481 2.1595692329 3.40520607615 1.27215674139 3.13489857461 0.300987933701 0.503801827642 0.109138901072 0.0787147921874
-9999.0 -9999.0 -9999.0 -9999.0 -9999.0 -9999.0 -9999.0 -9999.0 -9999.0 -9999.0 -9999.0 -9999.0 1.20061451579 2.37730184147 1.1390212829 2.27385179206 1.01270516331 7.66409863591 9.53985249831 10.5354584993 0.897233479373 1.76333396755 16.7627504517 20.8004402228 21.5219998857 1.41244377583 1.56642768956 2.32694981241 0.501457513202 0.455296015693 0.853445892061 0.338738634008 24.9153490601 25.2820107849 25.6810070878 201.476253896 378.398991514 375.994947284 0.543051332593 0.267972785352 0.24260009634 0.984767422932 0.767080081586 1.72649010371 2.33329187193 4.62326943077 0.419514738195 0.415800311267 3.79616200944 4.20831893361 8.00905097345 8.22800290342 8.84699068631 9.04948861218 0.211763284215
-9999.0 -9999.0 -9999.0 -9999.0 -9999.0 -9999.0 -9999.0 -9999.0 -9999.0 -9999.0 -9999.0 -9999.0 -9999.0 1.14607695253 2.3118708004 3.48254476189 5.59509807495 1.06146795333 0.959293656621 6.63808128249 7.52929349992 15.0738113673 15.9940077677 2.53550763077 0.801255107219 0.689384938851 0.629637009598 22.4192009558 22.8963070754 23.4030100088 23.8313842131 24.563410578 4.37058143264 4.61163692496 30.6105513609 610.63301922 1.94616130227 1.56554024737 0.802085865817 0.208384094987 0.194658938844 1.45707863109 1.60870737555 2.11271023661 0.197468905335 4.87682625662 0.74468426359 0.732291283682 0.176666232772 0.114964652052 0.0966111693714 0.0794928618073 0.0938931632812 9.14458084203 111.788985567
-9999.0 -9999.0 -9999.0 -9999.0 -9999.0 -9999.0 -9999.0 -9999.0 -9999.0 -9999.0 -9999.0 -9999.0 -9999.0 -9999.0 1.13693824597 2.11474485818 2.96634774537 3.79887094761 4.74522171395 5.72123445247 2.85406682885 4.83168289762 0.90705522981 0.849504599624 18.8658700281 20.452277312 21.1535363654 21.9004150986 0.5391445214 0.98970008489 2.73574916584 3.49116828155 3.9999969502 0.310853567639 0.19730548763 611.40485768 0.33474003469 0.514117754852 0.318400948198 0.904742979912 0.409816560548 0.253322664851 3.90644780758 4.03549267227 0.10150717193 4.98836396348 5.95654869954 1.07348897919 116.514174647 116.16750975 115.919431508 115.507590957 115.365303672 112.490459714 112.352984171
-9999.0 -9999.0 -9999.0 -9999.0 -9999.0 -9999.0 -9999.0 -9999.0 -9999.0 -9999.0 -9999.0 -9999.0 -9999.0 -9999.0 0.229829723271 0.522724968905 0.861487468899 7.87116328652 8.84165446068 0.987225652178 0.952723673895 0.985139869785 15.4509545217 17.3202461046 0.8779921384 0.896323427378 0.657263189243 2.84379242007 3.54446171327 1.69968999373 2.26909587099 16.9788148318 17.5035276811 18.2239028948 29.1230838483 640.72511124 0.362940675667 0.243681264957 1.39541330471 1.13431991672 0.13206339449 0.53291732025 0.673252813116 4.19073344588 4.31204965456 10.5246429271 6.00854418294 1.18850063352 119.427826094 1.07166493198 115.723777835 115.623068342 2.7317730144 0.0774838985006 0.427307491996
-9999.0 -9999.0 -9999.0 -9999.0 -9999.0 -9999.0 -9999.0 -9999.0 -9999.0 -9999.0 -9999.0 -9999.0 -9999.0 -9999.0 1.16280808688 1.90882601261 3.96510919834 6.92302741936 9.62233905413 11.6740050263 12.6512809102 13.652378946 14.6088915632 0.906418170794 0.781133627159 1.54291816774 1.40315795915 0.761940844584 14.7505255099 15.4300591625 16.0448801011 16.6284965789 9.53463593264 10.1848456351 10.6789703289 640.893320276 0.612928280817 0.827862708305 2.40770332625 0.229327057075 0.271638578407 0.142407299545 0.127853190777 0.79638317784 0.0926284438077 0.100720443799 130.551400706 119.960812159 119.862519987 0.485709534954 0.94982414542 0.608821005141 0.13218085084 2.54535354968 0.667277199817
-9999.0 -9999.0 -9999.0 -9999.0 -9999.0 -9999.0 -9999.0 -9999.0 -9999.0 -9999.0 -9999.0 -9999.0 -9999.0 -9999.0 0.810143890704 0.754645928841 1.47878391061 2.24974179914 1.09531046574 1.19403802415 2.21173810977 3.21014470358 5.07458046953 5.989375629 6.71813280579 9.06296477332 9.76626591328 10.5629996053 0.784484102533 7.20375609952 7.8128847151 8.44301989095 0.579101869817 0.46432830712 0.737953843447 652.345937895 652.503547714 653.482643396 3.05573605296 0.476678783081 0.582006008993 0.192961223714 0.220479909728 0.893449957395 1.06654862916 0.178015447068 131.006071966 0.148068046899 0.261021567883 0.295343913828 0.197584776446 0.376884788273 0.144036020309 1.74001699374 1.38301415215
-9999.0 -9999.0 -9999.0 -9999.0 -9999.0 -9999.0 -9999.0 -9999.0 -9999.0 -9999.0 -9999.0 -9999.0 -9999.0 -9999.0 -9999.0 0.71214449801 1.4058989574 0.701954556649 1.47730096879 8.97296332772 9.83021218717 10.7693631529 0.92407024696 0.927777662715 1.65054023265 2.45042398246 3.76170835686 4.49523980246 5.04475229489 5.75316864399 0.551813470793 0.560770656778 9.63014094363 10.0903364549 10.3235965092 10.5376258493 8.52779628934 662.845518888 667.180782474 667.340618473 668.046148844 668.817980536 669.097988104 0.0776353310439 1.1424713093 131.073475447 0.174096247522 0.089988921798 0.104600444842 0.106497160691 0.181738165792 0.179610957964 0.108022401657 0.190244970603 0.179178730173
-9999.0 -9999.0 -9999.0 -9999.0 -9999.0 -9999.0 -9999.0 -9999.0 -9999.0 -9999.0 -9999.0 -9999.0 -9999.0 -9999.0 -9999.0 -9999.0 2.08815290132 2.8134577441 4.99880615098 6.67111277247 0.904646387205 12.7407902094 13.6385480698 14.4333098159 0.764179479256 1.49224812845 0.624575313317 4.97881945487 5.43255269656 6.18708466462 7.01106768349 8.6929419264 9.07293357874 0.23225693612 7.72962331789 8.14025095459 8.33382483125 9.19516467568 1.11894381205 0.695826788316 0.427132248252 0.383755595424 669.548031688 669.665137258 671.424449036 131.13076827 0.508358097251 0.278401471165 0.182016953916 0.0583136962797 0.571736053054 0.311670611255 0.094785086816 0.548205925967 0.472419510422
-9999.0 -9999.0 -9999.0 -9999.0 -9999.0 -9999.0 -9999.0 -9999.0 -9999.0 -9999.0 -9999.0 -9999.0 -9999.0 -9999.0 -9999.0 -9999.0 0.739126651925 3.54192692668 4.31542788767 0.93902832832 0.993340782245 2.03263399953 2.98091810672 18.2684939679 0.754902969097 3.04121597897 3.69834680642 4.3400118588 0.534555729183 1.18178223548 1.58004302687 6.02418083222 6.87467112445 7.07385137036 0.220323417653 0.204786743087 0.251168768979 0.46687399944 0.230098644919 0.244271554725 0.282121201695 0.27164889173 0.197828797732 0.562348759821 671.546842864 802.972379195 0.752499424343 0.196790060203 0.0722218752586 1.84222695932 1.71054203053 1.03811543956 0.935653655162 0.702242199661 0.184272941961
-9999.0 -9999.0 -9999.0 -9999.0 -9999.0 -9999.0 -9999.0 -9999.0 -9999.0 -9999.0 -9999.0 -9999.0 -9999.0 -9999.0 -9999.0 0.617701409714 2.0246918051 0.668082951371 1.01622324795 1.05545648202 2.02512423814 3.01615970108 3.83570532567 22.7510521414 23.4747883896 0.748973794844 1.4191165576 2.12293406993 2.63449928095 3.24754343882 5.40442539046 5.79519100454 0.598904170849 0.333296728579 0.19812277513 0.151065780666 0.353512361382 0.335920677625 0.404355025804 0.459490832754 1.05271151703 0.428963549293 0.127526461037 0.122104531686 0.116401239996 0.213078010487 809.649371395 5.82155342166 2.2418502653 0.197359251623 0.0895310785283 0.0609294826265 0.221309582346 0.154258019706 0.0801914073942
-9999.0 -9999.0 -9999.0 -9999.0 -9999.0 -9999.0 -9999.0 -9999.0 -9999.0 -9999.0 -9999.0 -9999.0 -9999.0 -9999.0 0.639558013201 1.25582420826 4.55230516627 0.640367011252 1.87263029831 2.89909083143 3.84148358117 0.978907085631 1.81096791408 2.55098813329 26.6113228993 0.69820380321 1.31518842323 2.00791789791 0.647429100854 1.28961504655 1.83534174463 2.2159561497 49.1020715835 49.8422566902 50.55229045 53.330695357 54.0032171413 55.7899032585 0.843350647659 1.7465429979 1.35593966503 61.6131738896 61.8421007956 0.109265936279 0.185891064262 0.258281689645 809.705314768 5.49365026953 2.93983636521 2.82341492064 1.91369123396 1.56720384199 0.292306622802 0.06939034627 0.131758024824
-9999.0 -9999.0 -9999.0 -9999.0 -9999.0 -9999.0 -9999.0 -9999.0 -9999.0 -9999.0 -9999.0 -9999.0 -9999.0 -9999.0 0.655131748022 1.99360976877 7.20701369764 10.6842483584 0.567557256322 14.0192049063 18.5120719016 0.915368458373 1.7392811592 2.50991295123 33.7354639318 34.3136480816 0.518722880305 3.09155499139 3.63436814661 4.19932702265 44.4404909395 45.834095532 46.5176450299 0.320648725776 1.89200280317 2.27098961813 0.833243170263 1.18536893093 57.413878726 59.6501219814 59.9091044621 60.1463668735 62.0686201702 0.110316712205 0.094524381539 0.424420030736 809.788489391 0.192173116317 0.359156889619 0.815955148014 0.264466130811 1.42660086845 1.01651608076 0.605442497578 0.429399488639
-9999.0 -9999.0 -9999.0 -9999.0 -9999.0 -9999.0 -9999.0 -9999.0 -9999.0 -9999.0 -9999.0 -9999.0 -9999.0 -9999.0 -9999.0 -9999.0 1.42057816274 2.86409871163 12.6768438019 13.3963591343 19.1352925113 19.7997286031 0.887847258792 1.77578873756 4.07804483891 34.8577659863 35.9763749272 36.4040958257 0.365231113939 38.2049149909 39.6947526741 0.892653759437 0.31718576144 0.597148079597 1.16340395856 0.278505586899 0.543254862204 1.1497884296 1.42804112877 0.283605188718 0.173884395913 0.334663882354 63.5301823071 64.0604585883 64.1359491559 64.814624167 809.854386199 0.122744773895 0.265413422899 0.187208594765 0.179210776824 0.184792530475 0.150153817444 0.277558247752 0.0579098255977
-9999.0 -9999.0 -9999.0 -9999.0 -9999.0 -9999.0 -9999.0 -9999.0 -9999.0 -9999.0 -9999.0 -9999.0 -9999.0 -9999.0 -9999.0 -9999.0 0.748161512402 0.729852292539 0.718208420935 1.42963045522 0.625341569008 21.044219065 21.6413309707 0.781948379977 1.57789175937 0.721913198861 0.57184304388 0.553601338628 37.45400985 0.524745595115 1.06932400116 0.450088541539 0.326161569466 0.289296406112 0.213125757329 0.22407759762 0.687973314822 0.949786631363 0.177021443411 0.154629726182 0.341379009698 0.583432011602 0.791151727134 0.275383589576 64.3015928159 64.8964388356 809.89381828 0.755919002596 0.527896792793 0.106388878578 0.260813378684 0.0838099492695 0.0587994892891 0.342640789664 0.294700633185
-9999.0 -9999.0 -9999.0 -9999.0 -9999.0 -9999.0 -9999.0 -9999.0 -9999.0 -9999.0 -9999.0 -9999.0 -9999.0 -9999.0 -9999.0 -9999.0 -9999.0 -9999.0 0.720478118358 2.0844657875 2.65548531636 3.26284351717 22.2298949144 22.819989016 23.3959856514 24.0289443743 24.5724518133 25.7249242062 26.1950328609 26.6956882096 27.0572381577 0.280700635447 0.25620421354 0.275153881498 0.951800835192 0.25651087666 0.240885541095 0.179363778801 0.521658164434 0.217346872374 0.16109144116 0.146914252188 0.120033196565 0.239443621963 0.344490091606 65.6087918974 876.299715623 0.0993804481803 0.183353363897 0.0852411904092 0.404307914498 0.3010979639 0.118269288354 0.867151949268 0.485255644422
-9999.0 -9999.0 -9999.0 -9999.0 -9999.0 -9999.0 -9999.0 -9999.0 -9999.0 -9999.0 -9999.0 -9999.0 -9999.0 -9999.0 -9999.0 -9999.0 -9999.0 -9999.0 -9999.0 0.592070345657 4.76427475868 9.32168230108 9.9507185321 0.847921407505 1.65472044372 2.48044771963 3.16608221088 7.6480896577 7.97491009239 0.3108427071 0.299141446316 27.8474126214 28.4437580652 28.6744012257 1.12013021524 0.150425242948 0.409961137495 0.59346801404 1.77226039447 2.17711534808 2.48522086113 0.277235839456 0.383463138429 0.131400747515 0.263000184698 0.135003193383 876.502726678 0.0845702961411 0.35068328902 0.165164663162 0.618307693582 1.4223430406 1.58182367217 2.49415030339 0.514983244664
-9999.0 -9999.0 -9999.0 -9999.0 -9999.0 -9999.0 -9999.0 -9999.0 -9999.0 -9999.0 -9999.0 -9999.0 -9999.0 -9999.0 -9999.0 -9999.0 -9999.0 -9999.0 0.668613174022 2.14063132368 4.18323018306 5.45448547158 13.8799122331 14.6022928065 1.69779136399 2.53174285414 3.26977608414 3.93521840367 8.39544885223 9.06178752865 16.7527240481 17.3869901693 17.8169888955 28.9054212513 30.6058052834 0.389806429853 0.278728867017 0.261941335969 0.495587478239 0.220185073889 2.90727557598 3.05383046135 0.518855719727 0.739396376334 0.271016232833 200.790870718 201.114045066 1077.72305307 1078.1620012 0.0955928035801 0.815490803587 0.258360639297 0.191647616608 2.8633195527 3.45146081139
-9999.0 -9999.0 -9999.0 -9999.0 -9999.0 -9999.0 -9999.0 -9999.0 -9999.0 -9999.0 -9999.0 -9999.0 -9999.0 -9999.0 -9999.0 -9999.0 -9999.0 -9999.0 -9999.0 0.769748419063 0.748752517666 1.40886826774 3.3354291503 15.2153819139 0.871082118352 0.859987214277 1.58803390023 2.3579906322 5.97605533541 6.57244700166 0.467861326217 0.39158810207 18.1656682115 18.4512938369 49.435298669 49.7553798029 0.131088730628 0.112199282867 0.0910265366752 0.0920740886855 0.105567109922 197.647463264 198.615815983 199.512304187 199.96536106 200.590889503 0.163358291915 0.599873280877 0.705431894045 1079.06386925 1079.08522415 1079.10161552 1079.19242692 1079.31081483 3.68665633983
-9999.0 -9999.0 -9999.0 -9999.0 -9999.0 -9999.0 -9999.0 -9999.0 -9999.0 -9999.0 -9999.0 -9999.0 -9999.0 -9999.0 -9999.0 -9999.0 -9999.0 -9999.0 -9999.0 -9999.0 0.681343522956 0.716069458857 1.3235331413 17.7987000389 18.4239375711 0.840951574806 1.58296679061 2.37003623671 3.08514754199 0.656692418133 1.14177100089 43.0553371081 43.3482421533 43.7675245687 46.1214973413 96.1334650629 191.817847888 192.14748755 192.441655914 192.718730136 194.021311744 194.451207651 0.840322927667 0.371452338632 0.226468618051 0.420889076192 0.302233547369 0.479649054769 0.142690577335 3.60041818919 4.02299354224 4.33387113104 4.3718529123 1079.32038878 1083.10578686
-9999.0 -9999.0 -9999.0 -9999.0 -9999.0 -9999.0 -9999.0 -9999.0 -9999.0 -9999.0 -9999.0 -9999.0 -9999.0 -9999.0 -9999.0 -9999.0 -9999.0 -9999.0 -9999.0 -9999.0 -9999.0 0.6976117194 1.33507008231 1.97630032588 18.9475680268 0.637804672584 25.9617946925 26.7845996797 27.4725878525 28.0437239251 40.9274731697 41.4639356946 0.310958741432 1.74323493255 2.1022687223 0.324641908649 95.361446551 94.7943392269 0.156956902934 0.374441355914 1.05630805199 0.242857644488 0.268418717168 0.193765656555 0.162637246577 0.121363109232 0.145931643343 3.13076713164 3.28179217279 3.47658548621 0.33262771468 0.242982069509 4.49014877231 4.55093575697 4.57725068138
-9999.0 -9999.0 -9999.0 -9999.0 -9999.0 -9999.0 -9999.0 -9999.0 -9999.0 -9999.0 -9999.0 -9999.0 -9999.0 -9999.0 -9999.0 -9999.0 -9999.0 -9999.0 -9999.0 -9999.0 -9999.0 0.631675062949 0.591546419778 3.08188555132 23.2675577504 24.5258422254 25.2189939928 0.762103692271 11.1127510858 11.813758102 12.1563187146 0.486620657062 0.850389646078 1.16711386538 21.9755086197 22.206401333 22.3994966338 94.4534023633 57.0322512081 0.207372736767 0.232510020848 0.221676833523 0.171099393045 1.91041223478 2.28717538099 2.61122204205 2.7949697149 2.97067762459 25.1910816982 25.3276165787 25.5423989812 25.9902034794 27.6515448873 27.6925728705 32.3089833469
-9999.0 -9999.0 -9999.0 -9999.0 -9999.0 -9999.0 -9999.0 -9999.0 -9999.0 -9999.0 -9999.0 -9999.0 -9999.0 -9999.0 -9999.0 -9999.0 -9999.0 -9999.0 -9999.0 -9999.0 -9999.0 -9999.0 1.23937519695 1.8992885618 0.673907214662 0.882326624034 8.34822015272 9.13617480787 9.72619113879 4.33757659321 4.93467977261 5.52207964903 5.87366548596 21.431562198 21.7812746581 14.3246579601 36.9874343798 37.2305234034 56.8640279025 0.482281650141 0.250346710525 0.166549545784 1.33919469382 1.57140133261 0.136570658467 0.127081257696 24.5998466401 24.9270081896 25.0836020971 0.197997854455 0.310769774749 27.4031068373 0.109191405947 0.386518030161 0.416889469317
-9999.0 -9999.0 -9999.0 -9999.0 -9999.0 -9999.0 -9999.0 -9999.0 -9999.0 -9999.0 -9999.0 -9999.0 -9999.0 -9999.0 -9999.0 -9999.0 -9999.0 -9999.0 -9999.0 -9999.0 -9999.0 -9999.0 0.624090582508 1.23463726275 5.20779234189 5.90019657495 6.6530177001 3.07713356926 3.72988150876 0.641661560581 14.1670699067 14.725653253 15.2204635894 0.391795018827 13.6844358733 14.0496215564 0.257595575695 55.5968452244 0.55135209717 0.275328110225 0.741017735253 0.992323223595 0.185366209861 0.145620971021 22.878432952 24.3122563323 24.5064254115 0.206233929033 0.444170627422 0.548742642187 0.681964032966 1.26826920788 0.141084248656 0.323529899551 0.0537242123963
