data/baseflow/History/mHMbfrc293
ncols                  80
nrows                 72
xllcorner      4374000.0
yllcorner      5656000.0
cellsize            500
NODATA_value       -9999
[rows 24 to 47 of 72, columns 0 to 54 of 80]
-9999.0 -9999.0 -9999.0 -9999.0 -9999.0 -9999.0 -9999.0 -9999.0 -9999.0 -9999.0 -9999.0 -9999.0 1.20071235306 3.42828348748 4.50668600204 7.80251374059 1.00842518031 2.01230424475 2.94969932663 11.1865858081 11.983716322 12.5947770152 13.3417069247 14.146140715 21.8063526532 24.1131186319 25.3379135853 0.49683174458 2.86697548043 3.30926115166 48.1864436646 49.9888715462 50.7943934749 51.6143969173 52.3837502321 193.993454338 0.234414661045 404.335096148 0.821237324325 0.352622811266 3.56437008808 3.0752599038 0.47900948011 1.72773667768 2.52732672786 2.50573270291 1.74461337692 2.85903466982 4.52018637428 1.67119572344 4.3395811752 0.381497269056 0.56303500638 0.130826546211 0.102217609865
-9999.0 -9999.0 -9999.0 -9999.0 -9999.0 -9999.0 -9999.0 -9999.0 -9999.0 -9999.0 -9999.0 -9999.0 1.15564767864 2.29552280866 1.08097837713 2.19532303648 0.987752099314 7.4296790422 9.3189938062 10.2849522045 0.881942476696 1.7009819376 16.5099258569 20.4446527827 21.1221687079 1.57580384134 1.45432882717 2.08852034508 0.393943125953 0.362570041811 0.685995687162 0.338835679252 24.095502325 24.5033531156 24.8248606808 194.40724702 407.211817535 404.71401961 0.541341578886 0.238874650332 0.21813416783 0.986481348434 0.773565808392 2.11438983249 3.01191096984 6.05915239588 0.541170315075 0.538970447834 4.99449935693 5.48289060164 10.6988557215 11.0178268209 11.714826207 11.9587151756 0.211677752632
-9999.0 -9999.0 -9999.0 -9999.0 -9999.0 -9999.0 -9999.0 -9999.0 -9999.0 -9999.0 -9999.0 -9999.0 -9999.0 1.11038044563 2.21412063213 3.32153454434 5.3730497021 1.07948031739 0.975670150925 6.53623965666 7.4295935337 14.9448756009 15.8388033552 2.50887198827 0.846389652311 0.790492717067 0.716003713694 21.7349606763 22.2379794574 22.6766617769 23.0292489725 23.7248166064 4.32864252104 4.68698689349 29.8078438953 631.651223838 2.07505894741 1.67639613086 0.834578721884 0.225994525835 0.190893144561 1.41244293313 1.56283124477 2.50015187132 0.196357821569 6.32187172675 0.905208828453 0.886117789553 0.184189443193 0.125019521228 0.108603402212 0.124714049579 0.1115818703 12.0870530866 162.426710002
-9999.0 -9999.0 -9999.0 -9999.0 -9999.0 -9999.0 -9999.0 -9999.0 -9999.0 -9999.0 -9999.0 -9999.0 -9999.0 -9999.0 1.08261492128 1.9813862338 2.76704728109 3.56979397797 4.56993099089 5.59411835148 2.9518167485 4.8908148273 0.887372264017 0.862963780198 17.8311596746 19.5082551272 20.2820360283 21.1018634426 0.619268184448 1.11985856289 2.94366000856 3.44923430902 3.91065464806 0.435535986152 0.291620780455 632.644157677 0.387196549438 0.502846443031 0.245616272298 0.897922394738 0.429909678077 0.22068117036 4.28368283458 4.4624745926 0.145390710805 6.48299659103 7.51033428337 1.01181937473 168.145636071 167.842731044 167.584661661 167.030516639 166.786592592 163.182818078 163.028379937
-9999.0 -9999.0 -9999.0 -9999.0 -9999.0 -9999.0 -9999.0 -9999.0 -9999.0 -9999.0 -9999.0 -9999.0 -9999.0 -9999.0 0.188519432279 0.435715959469 0.780875854229 6.76088673264 7.79935071178 1.04885707907 0.989009287038 0.978409619512 14.2913309265 16.1583670395 0.898745065312 0.910361533089 0.755676307846 3.09649573189 3.84763044987 1.89144094055 2.41559466645 17.8849868908 18.4760467019 19.470310557 30.8521005306 663.751740212 0.362462159193 0.20064035999 1.36009816867 1.13206515928 0.191383250071 0.616987325818 0.809491361735 4.66899175613 4.8375611322 12.7536460498 7.62316515661 1.15063292135 171.703764287 1.58403310373 167.342562815 167.194245825 3.38502740791 0.233162453164 0.426031923161
-9999.0 -9999.0 -9999.0 -9999.0 -9999.0 -9999.0 -9999.0 -9999.0 -9999.0 -9999.0 -9999.0 -9999.0 -9999.0 -9999.0 0.970831947506 1.58444935815 3.34743596659 5.79347372427 8.49367716841 10.455064433 11.4612355307 12.4583243679 13.416198559 0.915512298589 0.836141964728 1.64030366201 1.5515593033 0.797084196078 15.5254932642 16.2586948703 16.9442356075 17.5920257061 9.99675790449 10.5229201113 11.0459466739 663.97283489 0.623311887597 0.530286755959 2.06254903492 0.226160937686 0.371385371948 0.189950457577 0.178224374017 0.982525736108 0.137893792265 0.146225972575 185.330038329 172.456965238 172.302320145 0.659962097513 1.46429073793 0.953494665698 0.225014784279 3.00130537279 0.838769014094
-9999.0 -9999.0 -9999.0 -9999.0 -9999.0 -9999.0 -9999.0 -9999.0 -9999.0 -9999.0 -9999.0 -9999.0 -9999.0 -9999.0 0.677480868572 0.618887587808 1.20393765713 1.85000904765 1.00959746977 1.10007579676 2.12479235609 3.13104699294 5.02601231406 5.97377686856 6.82625598629 9.34365560407 10.1362466359 10.9770286743 0.762767650071 7.70655159603 8.37702739312 8.98914022212 0.471425808091 0.240407463245 0.46131496457 675.294565729 675.508096511 676.524336573 2.73226381779 0.479973121862 0.580399375949 0.168591529427 0.315988550491 1.12613625913 1.38865492756 0.266641727685 186.00407096 0.213739359633 0.370155716639 0.421749257265 0.299085375269 0.553555495373 0.226114843986 1.96300597424 1.49989113565
-9999.0 -9999.0 -9999.0 -9999.0 -9999.0 -9999.0 -9999.0 -9999.0 -9999.0 -9999.0 -9999.0 -9999.0 -9999.0 -9999.0 -9999.0 0.57710426115 1.13941907416 0.570647790946 1.19642013027 7.62629947844 8.52108228679 9.50319419778 0.949120934358 0.950593836238 1.80342239709 2.67060758679 4.23402906275 5.03217786859 5.48225694905 6.20530888069 0.627304270059 0.584628246294 9.91499434531 10.1520241376 10.3938817291 10.6286334311 8.72164217947 686.242086545 690.444177229 690.668107395 691.44788132 692.364554975 692.848662243 0.13706252898 1.51430122819 186.142920634 0.345981770222 0.177945916038 0.173991417146 0.154534461634 0.275427600802 0.282108079358 0.164391779676 0.246259245092 0.233559442191
-9999.0 -9999.0 -9999.0 -9999.0 -9999.0 -9999.0 -9999.0 -9999.0 -9999.0 -9999.0 -9999.0 -9999.0 -9999.0 -9999.0 -9999.0 -9999.0 1.6943349846 2.32230555346 4.18443099489 5.72734136534 0.862778775884 11.441121968 12.3886931732 13.3037115858 0.897473887391 1.76244588575 0.784199165716 5.88775112391 6.30926490671 6.9749016371 7.67921584175 9.33299812049 9.55043093492 0.148720775468 7.82434134352 8.28993358211 8.50359982207 9.4913994037 1.24562769543 0.792621585027 0.494212040114 0.473566847689 693.376130852 693.610807104 696.247288439 186.284875628 0.914035944705 0.445344907297 0.295587555307 0.0974417488409 0.86604801751 0.465005240755 0.148840995384 0.832538532681 0.705960061443
-9999.0 -9999.0 -9999.0 -9999.0 -9999.0 -9999.0 -9999.0 -9999.0 -9999.0 -9999.0 -9999.0 -9999.0 -9999.0 -9999.0 -9999.0 -9999.0 0.619169330679 2.93521685293 3.59665338859 0.922429358176 1.02264196005 2.05238158061 3.01518769456 17.2756383498 0.891627861013 3.57300025274 4.3801017005 5.17335178567 0.444130022503 1.05921949882 1.41879717667 6.33530312858 7.032264977 7.2236304761 0.22572714194 0.239753578467 0.29928293684 0.54945280311 0.239038761931 0.253685472177 0.398857574544 0.352370801865 0.402831023397 0.952087642505 696.509282483 883.421496702 1.11289849005 0.195560802297 0.0957229981919 2.7691096734 2.5547614951 1.53775158966 1.385204124 1.04184935344 0.246191370217
-9999.0 -9999.0 -9999.0 -9999.0 -9999.0 -9999.0 -9999.0 -9999.0 -9999.0 -9999.0 -9999.0 -9999.0 -9999.0 -9999.0 -9999.0 0.497700377105 1.68333475775 0.563782445248 1.0767959458 1.13641701884 2.17998139195 3.19929794134 4.07798759905 21.992714212 22.8668832067 0.895802354878 1.71606748148 2.54340884311 3.12413621211 3.77772033894 5.63894491306 6.10302750122 0.43932459019 0.37729830812 0.341019956033 0.402389989823 0.422432788292 0.455220294459 0.388325594175 0.484696849666 1.33872964129 0.618996169623 0.207876110612 0.198434310112 0.213424427889 0.402244712339 891.090972263 6.30909123771 3.20865321834 0.219286221432 0.093270442137 0.0920414580501 0.358031902031 0.256460080618 0.134948440357
-9999.0 -9999.0 -9999.0 -9999.0 -9999.0 -9999.0 -9999.0 -9999.0 -9999.0 -9999.0 -9999.0 -9999.0 -9999.0 -9999.0 0.529045172666 1.01114960693 3.72519680946 0.521777356783 1.9478783582 3.06703034234 4.12627551452 1.07828241043 2.04795502332 2.85332954034 26.3248310047 0.855733365396 1.63473179066 2.43072781789 0.732827394481 1.45399265339 1.86901631938 2.33224008521 52.0421820501 52.8065441133 53.5026930841 56.5141702442 57.7654740221 60.2487534037 0.615354900726 1.39071088995 1.62575672201 67.2616182986 67.6723132459 0.18450984692 0.344700686058 0.497872067464 891.275914043 5.9159060154 2.44116976123 2.33684177275 2.06898414073 1.92164576513 0.475577189403 0.11041160582 0.229353969053
-9999.0 -9999.0 -9999.0 -9999.0 -9999.0 -9999.0 -9999.0 -9999.0 -9999.0 -9999.0 -9999.0 -9999.0 -9999.0 -9999.0 0.545487106138 1.63886908695 5.8995184659 8.62031511652 0.457627732371 11.3603064587 16.1139883802 1.03956957902 2.01106656147 2.88356154725 34.4409821793 35.1089410737 0.725248632656 3.90777827942 4.60568467234 5.22438071749 47.1485599581 48.5164936526 49.3048962692 0.37387075371 2.15941406896 2.56153619617 1.14060090545 1.66527023165 62.5344040848 64.6270290096 65.0337317722 65.4143920265 68.113376764 0.214492841588 0.187139752278 0.835522414382 891.470060273 0.163838886516 0.0616158685329 0.17871033535 0.0655701679065 1.7468695355 1.50944770481 0.887605317001 0.653748725555
-9999.0 -9999.0 -9999.0 -9999.0 -9999.0 -9999.0 -9999.0 -9999.0 -9999.0 -9999.0 -9999.0 -9999.0 -9999.0 -9999.0 -9999.0 -9999.0 1.12740840763 2.24788232275 10.198348441 10.7843724489 16.6184702063 17.2466856073 1.01633788523 2.03080141768 4.72558228265 35.6420441618 37.1169575698 37.7443047951 0.513511348742 40.0405332446 41.4355477302 0.880027764281 0.379185491974 0.759003646762 1.465221281 0.344178223297 0.692107964975 1.55834798988 1.94692959526 0.35129231104 0.236468071496 0.471160526655 69.8901010972 70.4617320384 70.6252629694 71.8807261541 891.649263243 0.0998128890609 0.0416215223387 0.048070483058 0.0445387862285 0.0459344463361 0.0382018665063 0.0704924533107 0.0808781340911
-9999.0 -9999.0 -9999.0 -9999.0 -9999.0 -9999.0 -9999.0 -9999.0 -9999.0 -9999.0 -9999.0 -9999.0 -9999.0 -9999.0 -9999.0 -9999.0 0.583453157654 0.567497957669 0.567752224004 1.2148026086 0.527249227433 18.2907765415 18.8686499432 0.928046288928 1.85667896328 0.893210632817 0.751738411291 0.733592130128 39.0517567655 0.454888977908 0.90937232703 0.494410916673 0.421318012033 0.363395952198 0.286547310349 0.297639724256 0.907491663194 1.24070333259 0.239925759457 0.205929522141 0.440376903323 0.726327685611 0.978376132752 0.284900737132 70.8647551889 72.0515644299 891.780813325 0.336070514966 0.149499578477 0.0277583706943 0.0649245417122 0.0210088127704 0.0151203833521 0.0875839339314 0.427603467744
-9999.0 -9999.0 -9999.0 -9999.0 -9999.0 -9999.0 -9999.0 -9999.0 -9999.0 -9999.0 -9999.0 -9999.0 -9999.0 -9999.0 -9999.0 -9999.0 -9999.0 -9999.0 0.561543766413 1.72404659161 2.1748613038 2.67891655499 19.366952901 19.8864448412 20.4311210557 21.1385834244 21.8561064753 23.3407376329 23.7991500287 24.2209233573 24.6200025691 0.376599782658 0.355610684474 0.367351950236 1.2631066783 0.328985158622 0.313589403927 0.251101571201 0.723675843345 0.269529535081 0.208862296824 0.194293034964 0.165568157279 0.330413686719 0.474299148864 73.0262300969 965.293948926 0.0834818527074 0.202858313222 0.0223974890929 0.0891137990301 0.0495422842756 0.030480697169 0.855190968056 0.705131646279
-9999.0 -9999.0 -9999.0 -9999.0 -9999.0 -9999.0 -9999.0 -9999.0 -9999.0 -9999.0 -9999.0 -9999.0 -9999.0 -9999.0 -9999.0 -9999.0 -9999.0 -9999.0 -9999.0 0.456290045621 3.72011170883 7.41375776058 7.96621067697 0.880094976391 1.81370674922 2.75704957082 3.56138221913 8.8091532717 9.22665980205 0.401992243323 0.395910607419 25.4142258958 26.1215202288 26.4529134218 1.51603650858 0.220676539831 0.551487893269 0.809219856813 2.40042821388 2.91996862473 3.32408041697 0.371710637885 0.517733082283 0.173289636676 0.339863778188 0.172464077574 965.638982023 0.0826363094123 0.355313010136 0.1342228391 0.309647096645 0.706455576124 0.786278657527 1.6894167805 0.89909407766
-9999.0 -9999.0 -9999.0 -9999.0 -9999.0 -9999.0 -9999.0 -9999.0 -9999.0 -9999.0 -9999.0 -9999.0 -9999.0 -9999.0 -9999.0 -9999.0 -9999.0 -9999.0 0.520312290649 1.67510331772 3.27166777983 4.26054879566 11.0381955096 11.7605095878 1.96558668715 2.90525379352 3.73232155209 4.53461648618 9.67419970278 10.5058852883 18.7438786294 19.3927264938 19.76610226 26.7778652057 29.0852218649 0.529400955835 0.352073167136 0.333980672653 0.634703352102 0.282088946244 3.8568170066 4.05167959958 0.681834870972 0.894107877035 0.171841676575 200.873739701 201.227609827 1167.10324905 1167.61517475 0.0779261104866 0.475168134569 0.102589900154 0.0995125445222 1.91413749722 2.90712111291
-9999.0 -9999.0 -9999.0 -9999.0 -9999.0 -9999.0 -9999.0 -9999.0 -9999.0 -9999.0 -9999.0 -9999.0 -9999.0 -9999.0 -9999.0 -9999.0 -9999.0 -9999.0 -9999.0 0.605985925731 0.589971639588 1.1038904545 2.60764037688 12.2763623831 1.00451500716 0.994557650506 1.82445150429 2.66938950734 6.50410624481 7.07586003629 0.401494178454 0.426430413481 20.2387572946 20.5732560086 49.9883750737 50.2760718677 0.19985746393 0.17775836464 0.150028967066 0.151438767157 0.160615768106 197.214525129 198.389361079 199.526906625 199.928976562 200.680832562 0.190407945187 0.70410105853 0.870478095412 1168.81337784 1168.91733911 1169.1211151 1169.36928374 1169.57885661 3.06766489024
-9999.0 -9999.0 -9999.0 -9999.0 -9999.0 -9999.0 -9999.0 -9999.0 -9999.0 -9999.0 -9999.0 -9999.0 -9999.0 -9999.0 -9999.0 -9999.0 -9999.0 -9999.0 -9999.0 -9999.0 0.532072326936 0.561581435248 1.03458052796 14.3120858449 14.925595386 0.982309755507 1.81061099406 2.66935793539 3.31179457829 0.563965979222 1.09858549302 37.9091667664 38.2958494119 38.6847858673 41.5366269651 92.1640406293 189.293967867 189.775047996 190.210103059 190.630413891 192.397456347 192.95987359 0.98063019513 0.436828072764 0.251386561498 0.474480875116 0.349707723693 0.552967528428 0.171752453468 4.16489632872 4.4938159374 4.72464159715 4.8106538553 1169.70148162 1172.95854531
-9999.0 -9999.0 -9999.0 -9999.0 -9999.0 -9999.0 -9999.0 -9999.0 -9999.0 -9999.0 -9999.0 -9999.0 -9999.0 -9999.0 -9999.0 -9999.0 -9999.0 -9999.0 -9999.0 -9999.0 -9999.0 0.545768033227 1.04420467948 1.5469205733 15.3660222383 0.727560782216 21.6350531785 22.5175212741 23.0959422025 23.6661448532 35.7146781845 36.2888106051 0.42017469039 2.10118985385 2.5378985244 0.393791570623 96.6538181548 95.935702248 0.236063145276 0.531836388891 1.39296816039 0.301609814022 0.304715922359 0.221661354781 0.18518786517 0.145909459195 0.165902777487 3.61769424947 3.7874541104 3.9902020375 0.188069722468 0.129287988958 4.8934705242 5.00046441809 5.06479264698
-9999.0 -9999.0 -9999.0 -9999.0 -9999.0 -9999.0 -9999.0 -9999.0 -9999.0 -9999.0 -9999.0 -9999.0 -9999.0 -9999.0 -9999.0 -9999.0 -9999.0 -9999.0 -9999.0 -9999.0 -9999.0 0.491290444361 0.460175489395 2.39974543849 18.8251250434 20.0910864088 20.8104060414 0.871276658567 10.7372826875 11.2522591551 11.4964163712 0.527080486739 0.98993043391 1.37392379668 22.8145197603 23.1213270213 23.3917453011 95.4287659469 57.1757052291 0.291067836832 0.292132866543 0.281536426178 0.219079958931 2.26194409913 2.67855508409 3.04586460246 3.24581775119 3.43869868505 24.2673664381 24.4092986721 24.6058785376 25.0857703885 26.8400911646 26.92199102 32.0769925668
-9999.0 -9999.0 -9999.0 -9999.0 -9999.0 -9999.0 -9999.0 -9999.0 -9999.0 -9999.0 -9999.0 -9999.0 -9999.0 -9999.0 -9999.0 -9999.0 -9999.0 -9999.0 -9999.0 -9999.0 -9999.0 -9999.0 0.963137465409 1.47962512791 0.6027514825 1.00570499191 7.61553037785 8.5099071465 9.21130734201 4.71411325647 5.19166175582 5.71722409044 6.15648246788 22.1376145796 22.5464751599 13.9417035539 37.6679412904 37.9819039985 56.931594094 0.590593329532 0.294125407326 0.213028656726 1.57067180728 1.835563818 0.154062645161 0.141507853014 23.6208951277 23.9651795227 24.1329439808 0.227382011339 0.341277803293 26.5762890641 0.17566980838 0.618644822545 0.685493265299
-9999.0 -9999.0 -9999.0 -9999.0 -9999.0 -9999.0 -9999.0 -9999.0 -9999.0 -9999.0 -9999.0 -9999.0 -9999.0 -9999.0 -9999.0 -9999.0 -9999.0 -9999.0 -9999.0 -9999.0 -9999.0 -9999.0 0.485368912628 0.960023651448 4.25093043483 4.89581611334 5.7214327378 3.47848755761 4.23448591979 0.496284510434 14.6740508151 15.1280887049 15.5815357319 0.424008167425 13.1770053055 13.5993184837 0.321195215883 55.3845957489 0.665268594177 0.329246255077 0.846294604493 1.14137696943 0.221011878023 0.181455280492 21.8236469671 23.3041725881 23.5078737636 0.207642900417 0.449670870051 0.5690013087 0.672385753938 1.32653422168 0.22466802257 0.507105373372 0.104287993882
