data/baseflow/History/mHMbfrc265
ncols                  80
nrows                 72
xllcorner      4374000.0
yllcorner      5656000.0
cellsize            500
NODATA_value       -9999
[rows 24 to 47 of 72, columns 0 to 53 of 80]
-9999.0 -9999.0 -9999.0 -9999.0 -9999.0 -9999.0 -9999.0 -9999.0 -9999.0 -9999.0 -9999.0 -9999.0 0.459401047023 1.20607378406 1.53354161937 2.46731668068 0.202343115999 0.428261244996 0.625312965927 2.96438697285 3.15337431939 3.35890635993 3.47710193005 3.58477683346 5.18134059243 5.49503099234 5.66768624218 0.0809681823153 0.398132295894 0.479965379665 10.4858065265 10.8470666082 11.0736956029 11.3243178975 11.4511350776 48.5026111329 0.038158838931 95.5496400445 0.0459404565018 0.0297643510847 0.642311833255 0.556872168966 0.0990731065609 0.264122777586 0.428607668788 0.408161728892 0.302936487832 0.49960005488 0.797426453949 0.326235620239 0.752635118407 0.0789585378002 0.150022496728 0.0150939039911
-9999.0 -9999.0 -9999.0 -9999.0 -9999.0 -9999.0 -9999.0 -9999.0 -9999.0 -9999.0 -9999.0 -9999.0 0.399188785237 0.793771991115 0.352315083815 0.66102012524 0.233103164176 2.15545475496 2.56055510414 2.76835541247 0.188480155292 0.387987027996 4.03495371077 4.96937798372 5.0993978198 0.222496833814 0.183105731613 0.264428773515 0.0681675169353 0.0602263266873 0.111783070838 0.0418197372867 7.35019880297 7.40768356083 7.41798871534 48.5740695329 95.826612371 95.5568943729 0.0473367744721 0.0314996081694 0.0307913767471 0.189924075009 0.163358593217 0.368242106925 0.528283419116 1.04130116522 0.106220669472 0.105505427607 0.893677909057 0.994036512796 1.91028254549 1.94245995906 2.10697698741 2.13394232714
-9999.0 -9999.0 -9999.0 -9999.0 -9999.0 -9999.0 -9999.0 -9999.0 -9999.0 -9999.0 -9999.0 -9999.0 -9999.0 0.380006328982 0.752571152938 1.13514805909 1.65116016656 0.258536605623 0.21114833757 1.74513956822 1.94039800725 3.63777879481 3.86318761106 0.646098362184 0.145183458975 0.106781666388 0.0912202782036 7.00775791935 7.07056593512 7.14189361831 7.20045524369 7.29503553532 0.757285232812 0.776408463437 8.20490308901 152.655249297 0.206650085012 0.131532365977 0.0742594183688 0.0251248277139 0.0243947925174 0.243947949567 0.25894827063 0.417667413789 0.0280840954889 1.08725318301 0.185450785753 0.183443916822 0.0298859038926 0.0150143755468 0.0115949317816 0.00911356133866 0.0120610823596 2.15294187021
-9999.0 -9999.0 -9999.0 -9999.0 -9999.0 -9999.0 -9999.0 -9999.0 -9999.0 -9999.0 -9999.0 -9999.0 -9999.0 -9999.0 0.321903837533 0.612241844371 0.875252780837 1.12518298291 1.32751202497 1.54158080011 0.624422454995 1.09028466345 0.215760472657 0.183316540128 6.37008947788 6.68769022076 6.81818216594 6.94017764733 0.0750484172838 0.133456408254 0.475545271237 0.575433234002 0.683277225378 0.0278820980304 0.0211891920899 152.810231044 0.0624826586272 0.0439821773054 0.022941582425 0.118577334187 0.0605533002182 0.0196665447419 0.694226613262 0.710568100796 0.0102972787408 1.09874505078 1.29621881135 0.199050229596 27.4857321347 27.4468687374 27.4210559211 27.3791621732 27.3641576929 26.9712515572
-9999.0 -9999.0 -9999.0 -9999.0 -9999.0 -9999.0 -9999.0 -9999.0 -9999.0 -9999.0 -9999.0 -9999.0 -9999.0 -9999.0 0.135391000711 0.264113829074 0.282029154058 3.76380599479 3.97854717841 0.223845466641 0.213284111378 0.236601093251 5.61428792454 6.05270402224 0.199702602762 0.192800618288 0.134533312813 0.630927836955 0.791310739495 0.276511743628 0.415817711426 4.0828447096 4.19928663082 4.31354159632 6.71359855334 159.584906956 0.0625207631267 0.0174044575339 0.187628671845 0.156706300228 0.0190405891757 0.0584535913714 0.0761863936612 0.727130722779 0.740186092779 2.07113504123 1.31019861252 0.252218865725 27.929844191 0.0957894225602 27.3998080744 27.3901880795 0.374440116586 0.0337312008633
-9999.0 -9999.0 -9999.0 -9999.0 -9999.0 -9999.0 -9999.0 -9999.0 -9999.0 -9999.0 -9999.0 -9999.0 -9999.0 -9999.0 0.620321589781 1.04993560087 1.97421532884 3.5349067082 4.27043321559 4.78385884721 4.98944702237 5.2137258128 5.42759487906 0.208216143758 0.169799324301 0.333225428888 0.299050662558 0.180927035689 3.50493540578 3.65995427733 3.79703334702 3.92999615738 2.23871033558 2.29036726821 2.35931934324 159.636834276 0.140006182712 0.0375952898197 0.281083745924 0.044369734212 0.0424983273774 0.0248488909703 0.0165890802118 0.0948206402452 0.0105556229692 0.0108657566019 30.0517471425 27.9748093277 27.9658617545 0.0389997970192 0.0847212241967 0.0519618345423 0.00992273046094 0.316942887853
-9999.0 -9999.0 -9999.0 -9999.0 -9999.0 -9999.0 -9999.0 -9999.0 -9999.0 -9999.0 -9999.0 -9999.0 -9999.0 -9999.0 0.415458803031 0.428122128037 0.859330446247 1.22918351538 0.290050397361 0.353816663109 0.619041253203 0.876969105603 1.36353269586 1.58122959937 1.72768511494 2.22358982429 2.36884053953 2.56717983453 0.164102253961 1.68853608352 1.83059668708 1.98369168282 0.141810674156 0.166629596716 0.260524668443 162.592696638 162.64134051 162.847376945 0.442420444478 0.108734210004 0.0590635928044 0.0137738589797 0.029474180011 0.108748588386 0.129912594426 0.0198450285567 30.099117289 0.0162704379364 0.0193214540446 0.019897859748 0.0188732751823 0.0334951412748 0.0144266018746 0.224650624528
-9999.0 -9999.0 -9999.0 -9999.0 -9999.0 -9999.0 -9999.0 -9999.0 -9999.0 -9999.0 -9999.0 -9999.0 -9999.0 -9999.0 -9999.0 0.430724168663 0.823790202962 0.337506319743 0.677640641666 4.20805284872 4.4084189996 4.62455956723 0.232062936613 0.229377024717 0.374994192884 0.554001233887 0.838238056853 1.0052705087 1.21041142022 1.36566643974 0.128438588702 0.12687027988 2.31885437334 2.49398439102 2.56971814874 2.63963499893 2.5762172268 165.718009653 166.496136195 166.539842187 166.633632752 166.749040891 166.771832182 0.0081660962325 0.13939330105 30.1040699184 0.0138275717424 0.00706273299028 0.014470750483 0.0176637949766 0.0286327143841 0.0221692913058 0.0132731210293 0.0223735622982
-9999.0 -9999.0 -9999.0 -9999.0 -9999.0 -9999.0 -9999.0 -9999.0 -9999.0 -9999.0 -9999.0 -9999.0 -9999.0 -9999.0 -9999.0 -9999.0 1.22119840237 1.5535083204 2.59213071863 3.23326108171 0.287575812853 5.20203049695 5.42273851619 5.60341376923 0.162353133822 0.3202825575 0.129284774843 1.08105477182 1.2739100469 1.44604136566 1.58884636428 2.02013414014 2.19931771948 0.124272326004 2.29463036008 2.44203695333 2.51364887696 2.82022150242 0.290334230572 0.141066305634 0.0573729622047 0.0594625565769 166.790660609 166.786598108 166.996602776 30.1079928417 0.0531801649107 0.0338024555104 0.023744008794 0.00734933639118 0.0756525306921 0.0373483921919 0.0118478468229 0.0699862403217
-9999.0 -9999.0 -9999.0 -9999.0 -9999.0 -9999.0 -9999.0 -9999.0 -9999.0 -9999.0 -9999.0 -9999.0 -9999.0 -9999.0 -9999.0 -9999.0 0.364661834018 1.91492522374 2.27082498327 0.282954853908 0.256246258326 0.572553741955 0.830297821763 6.61742232959 0.163576883196 0.659272147028 0.795810230947 0.932002770378 0.187872471098 0.352809044192 0.512634226935 1.67989651684 1.92983438058 2.02199286494 0.0795020354716 0.073770212043 0.0891953099502 0.169628601202 0.0776034608585 0.077866437632 0.0385567586549 0.0707703602757 0.0406861354131 0.0778020513655 166.993933055 197.113810075 0.063488532479 0.0300078186536 0.00769053197484 0.235386219469 0.219178300703 0.131067647296 0.118087626758 0.0881606583674
-9999.0 -9999.0 -9999.0 -9999.0 -9999.0 -9999.0 -9999.0 -9999.0 -9999.0 -9999.0 -9999.0 -9999.0 -9999.0 -9999.0 -9999.0 0.369670761575 1.0513721075 0.32688119717 0.275821665016 0.292375403685 0.55962719648 0.844207654836 1.05817234791 7.90933776135 8.06837603205 0.166121274622 0.308537364837 0.454257721737 0.636294447033 0.802117213471 1.46724438677 1.57574417294 0.147438386744 0.102157634522 0.0730426016825 0.0263117787 0.0427966794239 0.0618389492938 0.0671668466955 0.14633262369 0.159886646192 0.0926387427067 0.0206833963043 0.0209846017174 0.0105770317357 0.0190858435477 198.30740659 1.10125667298 0.32352075216 0.0656102480366 0.0365695011998 0.0133297351382 0.0376642542223 0.0221012957397
-9999.0 -9999.0 -9999.0 -9999.0 -9999.0 -9999.0 -9999.0 -9999.0 -9999.0 -9999.0 -9999.0 -9999.0 -9999.0 -9999.0 0.394055892632 0.751415189602 2.48865254722 0.309562957679 0.515032438704 0.789524044443 1.02375869553 0.254638563427 0.450393155597 0.654006681654 8.92783879839 0.152272382401 0.28141552218 0.430351070749 0.163100229407 0.324554442704 0.467397015401 0.56400670121 13.8877281304 14.034363766 14.1417705692 14.4592344963 14.5965655512 14.8454912688 0.0758341157597 0.236391414074 0.177684126442 15.5470173825 15.5762600765 0.0183691994344 0.0251898028039 0.0318716748458 198.313482386 1.02131714261 0.599974187451 0.549868839946 0.396353478016 0.315198182349 0.0485736898803 0.0130533634156
-9999.0 -9999.0 -9999.0 -9999.0 -9999.0 -9999.0 -9999.0 -9999.0 -9999.0 -9999.0 -9999.0 -9999.0 -9999.0 -9999.0 0.408150823025 1.22437546867 4.11384563326 6.17597530771 0.285381022398 7.88363996297 9.17005877857 0.233483971242 0.434273085304 0.633967718313 10.7905148929 10.9442322228 0.083990225895 0.605596299825 0.704906916199 0.844082260537 12.9066328481 13.147704992 13.2458994254 0.0447835497373 0.252708533822 0.294346939038 0.0943610734217 0.120652282392 15.0427220564 15.3270619867 15.3449687666 15.3613447149 15.5935729309 0.0089291570142 0.00774860924992 0.0466111998071 198.31737875 0.0440255426225 0.0373223121243 0.112880703585 0.0441366872104 0.267513209437 0.210663894174 0.133035604858
-9999.0 -9999.0 -9999.0 -9999.0 -9999.0 -9999.0 -9999.0 -9999.0 -9999.0 -9999.0 -9999.0 -9999.0 -9999.0 -9999.0 -9999.0 -9999.0 0.853756143023 1.70917707669 7.26664087448 7.62996246999 9.49521333943 9.76728712618 0.224027722116 0.448665038787 0.996219466113 11.1405424074 11.3293736441 11.3905333567 0.0498603471879 11.6554624237 11.9187487753 0.144847629485 0.0456410855036 0.0905196916656 0.173107458076 0.0402111676292 0.072755797405 0.157606578249 0.18320439486 0.0333110743791 0.020582286633 0.037659457158 15.8140518849 15.8860486168 15.8916049497 15.960539318 198.316394438 0.0420097180423 0.0251679164295 0.0308460242542 0.0298438801635 0.030737068662 0.0268500647296 0.05006124642
-9999.0 -9999.0 -9999.0 -9999.0 -9999.0 -9999.0 -9999.0 -9999.0 -9999.0 -9999.0 -9999.0 -9999.0 -9999.0 -9999.0 -9999.0 -9999.0 0.446126402825 0.434066574355 0.402009037159 0.709876582612 0.299110723295 10.372562979 10.6256548773 0.194428794107 0.385749630378 0.128215695734 0.0902760784151 0.0850826923156 11.5451579881 0.090585675714 0.189250805922 0.0752504171962 0.0521793545068 0.0426214524953 0.0310076372314 0.0326415292977 0.100648828592 0.139460515446 0.0254033079356 0.0220070287522 0.0481066990738 0.0825885586025 0.157177172109 0.0549082320341 15.906611689 15.9667282499 198.31424444 0.154612207047 0.0606839715832 0.0189430428562 0.0453430759565 0.0158436641578 0.0127242739342 0.0638323895495
-9999.0 -9999.0 -9999.0 -9999.0 -9999.0 -9999.0 -9999.0 -9999.0 -9999.0 -9999.0 -9999.0 -9999.0 -9999.0 -9999.0 -9999.0 -9999.0 -9999.0 -9999.0 0.429577919286 1.0882247782 1.39954917624 1.69932379727 10.9208700565 11.2151187105 11.4672064425 11.6440177889 11.7248952266 11.8984599442 11.9736394891 12.0596273919 12.1184039995 0.0450187810007 0.0417170959417 0.0426477254525 0.141498057204 0.0377312816516 0.0354041055974 0.0262099328711 0.0756280817156 0.0311683134912 0.0224556178673 0.0205124867666 0.0178085919679 0.0355223822324 0.050191085854 16.0636789997 214.525661322 0.0501478023072 0.0704547156263 0.014947474088 0.0619872736921 0.0340232848165 0.0255527316225 0.231306934975
-9999.0 -9999.0 -9999.0 -9999.0 -9999.0 -9999.0 -9999.0 -9999.0 -9999.0 -9999.0 -9999.0 -9999.0 -9999.0 -9999.0 -9999.0 -9999.0 -9999.0 -9999.0 -9999.0 0.353528379428 2.85827777264 5.31590938905 5.60196489778 0.271336566591 0.474365396874 0.677664100739 0.817093572435 1.88580404375 1.93826830491 0.0500996209345 0.0491580807738 12.2124457556 12.2948088671 12.3335286476 0.166564318593 0.0195364349747 0.0506540460938 0.0754141890715 0.233131624544 0.291818348774 0.335129615671 0.0390659178018 0.0538116879442 0.0180502040279 0.0354059932547 0.0181759530145 214.536068088 0.035083700416 0.145746133537 0.0337138188195 0.101139746556 0.299031055671 0.341125718859 0.593144463651
-9999.0 -9999.0 -9999.0 -9999.0 -9999.0 -9999.0 -9999.0 -9999.0 -9999.0 -9999.0 -9999.0 -9999.0 -9999.0 -9999.0 -9999.0 -9999.0 -9999.0 -9999.0 0.400205540594 1.28502075724 2.51066361109 3.272996986 7.94626560169 8.21780079092 0.442067425058 0.659933712375 0.851145527815 0.981144912725 2.00794730059 2.11522544703 4.08941079107 4.33197042961 4.37990186993 12.3653720942 12.6020959563 0.047717414112 0.0335936486344 0.0311886384445 0.0586815091562 0.0275047090932 0.391237004501 0.412021282736 0.0706219426073 0.116552804816 0.0261855904643 63.1399972512 63.1738090739 277.701869772 277.868644643 0.0464090285111 0.200020898756 0.0583162133639 0.0336405696386 0.636846693656
-9999.0 -9999.0 -9999.0 -9999.0 -9999.0 -9999.0 -9999.0 -9999.0 -9999.0 -9999.0 -9999.0 -9999.0 -9999.0 -9999.0 -9999.0 -9999.0 -9999.0 -9999.0 -9999.0 0.463678525383 0.45006069986 0.843191658232 1.99955826048 8.56038315963 0.235073951419 0.231318615467 0.403396536075 0.604934369909 1.52685021134 1.65194515555 0.190729155411 0.154066441679 4.43946025738 4.47023640259 17.1137355265 17.1493141148 0.0163707469167 0.0143255413247 0.0118098982095 0.0119200575795 0.0140317908658 62.6230195739 62.7556120975 62.9308280458 63.0189399162 63.108576846 0.0207577508328 0.074174402355 0.0823933706231 277.962713462 277.956811992 277.972332896 277.985658935 278.012287273
-9999.0 -9999.0 -9999.0 -9999.0 -9999.0 -9999.0 -9999.0 -9999.0 -9999.0 -9999.0 -9999.0 -9999.0 -9999.0 -9999.0 -9999.0 -9999.0 -9999.0 -9999.0 -9999.0 -9999.0 0.406975745217 0.428707470175 0.793908068089 10.1061660941 10.3718962693 0.223673453909 0.393973698823 0.601655864496 0.815609155865 0.194966913142 0.326489542607 20.1521390334 20.1927522061 20.2841830331 20.8302231889 38.0468888756 61.8416149092 61.8833355447 61.9191671611 61.9539591096 62.1354407581 62.1935904214 0.110114206216 0.0478193868462 0.0297145646943 0.0548398232051 0.0368108208649 0.0594753983441 0.0176790835782 0.430371334978 0.5089564664 0.595552887991 0.599129856112 277.995786446
-9999.0 -9999.0 -9999.0 -9999.0 -9999.0 -9999.0 -9999.0 -9999.0 -9999.0 -9999.0 -9999.0 -9999.0 -9999.0 -9999.0 -9999.0 -9999.0 -9999.0 -9999.0 -9999.0 -9999.0 -9999.0 0.416047402108 0.798686699482 1.18340764928 10.6762089788 0.18453803893 14.0623203253 14.2797407608 14.4876854777 14.6444232561 19.5636320095 19.705041112 0.0450196193825 0.390276166807 0.450030791849 0.0426765277883 23.7562633569 23.6783642483 0.0225773057782 0.0550676760846 0.149754000715 0.0339381138582 0.0352572808175 0.0240893414351 0.019221364567 0.0143981274852 0.0169780782207 0.379150785345 0.397041925804 0.419641181604 0.0694142474757 0.0752326928802 0.641991214462 0.648419522809
-9999.0 -9999.0 -9999.0 -9999.0 -9999.0 -9999.0 -9999.0 -9999.0 -9999.0 -9999.0 -9999.0 -9999.0 -9999.0 -9999.0 -9999.0 -9999.0 -9999.0 -9999.0 -9999.0 -9999.0 -9999.0 0.376394454873 0.354788298577 1.84018889172 13.1784187304 13.6795907727 13.8845515204 0.149686247165 4.34576634764 4.5690759926 4.76652383393 0.13957008795 0.189471536425 0.227339877242 5.14294892459 5.17709585476 5.20598011869 23.6315872908 15.2125323412 0.0300142596933 0.032423519074 0.0306830997933 0.0218594311994 0.234692017462 0.279721281934 0.318409793555 0.339976265216 0.360524880637 4.015835907 4.02944681569 4.07455627575 4.19254567825 4.39519792816 4.39861168727
-9999.0 -9999.0 -9999.0 -9999.0 -9999.0 -9999.0 -9999.0 -9999.0 -9999.0 -9999.0 -9999.0 -9999.0 -9999.0 -9999.0 -9999.0 -9999.0 -9999.0 -9999.0 -9999.0 -9999.0 -9999.0 -9999.0 0.739818925876 1.13081567019 0.318404035516 0.246484908766 3.81943555722 3.97444565857 4.07280775706 0.984728010902 1.11158534976 1.23440833163 1.28839014631 5.06474766115 5.11807603569 3.12229678157 8.36379252285 8.39565863923 15.192068966 0.0621698375493 0.0319270103138 0.0209404882112 0.164314457465 0.191821015305 0.0147769995194 0.0136581189208 3.95538113608 3.98888056035 4.00401503969 0.0442333857013 0.0791956715552 4.37626685627 0.00910637166004 0.0249754529596
-9999.0 -9999.0 -9999.0 -9999.0 -9999.0 -9999.0 -9999.0 -9999.0 -9999.0 -9999.0 -9999.0 -9999.0 -9999.0 -9999.0 -9999.0 -9999.0 -9999.0 -9999.0 -9999.0 -9999.0 -9999.0 -9999.0 0.373354449152 0.736607731044 2.86625046048 3.17278586573 3.37201301581 0.751678649494 0.865939142104 0.124666687645 3.53171786135 3.6383193473 3.72854135813 0.0604925950327 3.02511866548 3.08164057218 0.0371849150811 15.0286182789 0.074842852232 0.038253480416 0.0902644428039 0.122316864154 0.0216639414261 0.0171465219431 3.77976392469 3.92682829183 3.94641763333 0.0222290050592 0.0439978539333 0.0558288246286 0.0686722497121 0.141030960521 0.00937948930681 0.0205904682111
