data/baseflow/History/mHMbfrc583
ncols                  80
nrows                 72
xllcorner      4374000.0
yllcorner      5656000.0
cellsize            500
NODATA_value       -9999
[rows 24 to 47 of 72, columns 0 to 53 of 80]
-9999.0 -9999.0 -9999.0 -9999.0 -9999.0 -9999.0 -9999.0 -9999.0 -9999.0 -9999.0 -9999.0 -9999.0 0.460159638434 1.27081699872 1.67869040451 2.90714021703 0.382883081664 0.769412609498 1.12361074508 4.22308191509 4.43118239772 4.49686925654 4.73543708319 5.07215476679 9.16550321841 10.1179659116 10.4644471014 0.0637924190707 0.816017802651 0.865906813888 17.59875699 17.7856076613 17.8556060284 17.9254189072 18.0166196466 70.3258541543 0.431843885843 163.545876907 0.159626217383 0.0458582735967 1.31244510587 1.21890593056 0.126771026292 0.754592991841 1.07828086851 1.0736772691 0.733383878851 1.2013143797 1.9056071234 0.714533263703 1.90395460081 0.121975139693 0.149210166007 0.0215975524775
-9999.0 -9999.0 -9999.0 -9999.0 -9999.0 -9999.0 -9999.0 -9999.0 -9999.0 -9999.0 -9999.0 -9999.0 0.428330534565 0.850379125036 0.401236650019 0.811432717393 0.363081030915 2.77440841313 3.51236643553 3.8765247336 0.335865056123 0.589791566831 7.16705818351 8.62955645976 8.87360303199 0.644774462362 0.572779012098 0.731528831901 0.0428909611942 0.0386154743521 0.0742427683038 0.0674874300703 14.0003025514 14.0931041529 14.1971655988 70.6353257948 164.67604835 163.608642336 0.0717035269514 0.0325529451501 0.0299079952031 0.179518073427 0.153917483026 0.80445545334 1.22313196781 2.52863958535 0.232038627157 0.232188901275 2.05804758758 2.207057991 4.44202292337 4.54571889261 4.71887515748 4.76125594547
-9999.0 -9999.0 -9999.0 -9999.0 -9999.0 -9999.0 -9999.0 -9999.0 -9999.0 -9999.0 -9999.0 -9999.0 -9999.0 0.405492907932 0.818954996482 1.23542031696 1.9964065245 0.415242457238 0.382710263465 3.56963430825 3.91584599085 6.7107651459 7.0418746769 0.93244283857 0.33404158713 0.323573739123 0.302888808621 13.5956061869 13.7130126879 13.7692263986 13.8080933009 13.9241813382 1.22218739882 1.3949608574 15.7614662218 251.223880963 0.695059211257 0.505956830225 0.150363210755 0.0518832954997 0.0318257023114 0.240178543093 0.265044964746 0.855468644687 0.0243718984515 2.56672175965 0.315128354264 0.306171247332 0.0262030222074 0.0205628027255 0.0204077091144 0.0648054400554 0.0212417771066 4.78257543021
-9999.0 -9999.0 -9999.0 -9999.0 -9999.0 -9999.0 -9999.0 -9999.0 -9999.0 -9999.0 -9999.0 -9999.0 -9999.0 -9999.0 0.39714765638 1.05380879274 1.72346026775 2.42024107519 2.80408684767 3.1983630534 1.1371034785 1.86306465111 0.32821925613 0.322943536535 12.064331339 12.704830519 13.01465972 13.3406080716 0.22842775478 0.369606719018 0.978058350573 1.02713471573 1.09788325805 0.181430159658 0.2926842749 251.990625959 0.225191224759 0.259242756754 0.121251029493 0.273070167184 0.124584476198 0.0958018498089 1.19800266305 1.36242857012 0.0722333167598 2.66730602697 3.00000554116 0.319508525825 64.9789071023 64.9335829087 64.889073123 64.7204401655 64.5846795749 63.4304938306
-9999.0 -9999.0 -9999.0 -9999.0 -9999.0 -9999.0 -9999.0 -9999.0 -9999.0 -9999.0 -9999.0 -9999.0 -9999.0 -9999.0 0.20770931369 0.462242228482 0.68627797244 7.12879052605 7.52274485964 0.398166335852 0.384814103035 0.3632245159 10.7135351606 11.4093126009 0.336543334583 0.331154191563 0.296309533802 1.16271397562 1.4436733178 0.663113474836 0.780470420867 6.60245800993 6.75453197193 7.2305145828 11.3437377364 263.516684353 0.255070605 0.113000583798 0.452771031607 0.360330731845 0.100636955928 0.304713970194 0.413338009008 1.48548907908 1.60662269528 4.80952771194 3.04409552162 0.343280984894 66.6499666851 0.941282298823 64.8347377614 64.7808090076 1.03515467739 0.114010276557
-9999.0 -9999.0 -9999.0 -9999.0 -9999.0 -9999.0 -9999.0 -9999.0 -9999.0 -9999.0 -9999.0 -9999.0 -9999.0 -9999.0 1.10258491722 1.81008929024 3.63681439969 6.54597022873 8.23432239049 9.27659956212 9.64761571077 10.022024107 10.3809873212 0.345167222904 0.31926470117 0.618414856498 0.588873353406 0.294023727809 5.76585636538 6.04098027466 6.30135364572 6.53930714637 3.28385571617 3.35430602978 3.72497054829 263.669700062 0.452316652327 0.318740433351 0.820365697127 0.0773264292876 0.301430672309 0.178990860255 0.101958628561 0.557357330614 0.0983390769507 0.101958680181 72.006144043 67.1080644253 66.9996599118 0.358495872322 0.898218576949 0.521709163366 0.0846147201467 0.730855184271
-9999.0 -9999.0 -9999.0 -9999.0 -9999.0 -9999.0 -9999.0 -9999.0 -9999.0 -9999.0 -9999.0 -9999.0 -9999.0 -9999.0 0.770532805681 0.747970653219 1.47443538668 2.20245471736 0.480291662331 0.369075180889 0.753306195648 1.12670272156 1.81936516804 2.16788853643 2.50023744864 3.45390928108 3.7524160577 4.05677126257 0.259549758762 2.81388522926 3.01258698592 3.11989124657 0.0475687264077 0.0103303663689 0.0333140524739 267.312374473 267.45956372 268.19678392 1.03847144878 0.153960045127 0.426136138786 0.105829940649 0.191485248618 0.660918011342 0.844716770614 0.188172762767 72.5185355623 0.199077912088 0.210620138237 0.212506038033 0.234020063644 0.330096748189 0.148390392911 0.547102088272
-9999.0 -9999.0 -9999.0 -9999.0 -9999.0 -9999.0 -9999.0 -9999.0 -9999.0 -9999.0 -9999.0 -9999.0 -9999.0 -9999.0 -9999.0 0.724600857219 1.42339231961 0.669602384046 1.33839756199 8.33494429433 8.81246112434 9.18635643367 0.352003013584 0.346912421091 0.679837956962 1.0020573182 1.60061699608 1.88658930973 2.03118072467 2.28269932158 0.21210619976 0.136689289343 3.27368586252 3.28629420367 3.35388622098 3.45774777803 3.14460819428 271.791129314 273.502757488 273.58042523 274.07951087 274.465673727 274.8005157 0.108872393245 0.939434619121 72.6300835751 0.268135363046 0.136992090136 0.205801751919 0.189050865954 0.303605185735 0.1871064349 0.105011308904 0.136296477077
-9999.0 -9999.0 -9999.0 -9999.0 -9999.0 -9999.0 -9999.0 -9999.0 -9999.0 -9999.0 -9999.0 -9999.0 -9999.0 -9999.0 -9999.0 -9999.0 2.11116365766 2.81444054412 4.92471584895 6.32411653277 0.688380471751 10.2663281796 10.6169753625 10.96617305 0.342543619723 0.675258588379 0.306395459923 2.25228869605 2.3868213446 2.60176362574 2.79727699241 3.23085009415 3.25231073859 0.0180304248731 2.66905653167 2.89427381559 3.03709068392 3.44921601845 0.542533257178 0.340504502319 0.187601215934 0.176381335885 275.111631706 275.298718047 276.979893942 72.7621176904 0.782165335582 0.395352333324 0.290121172621 0.0707778873875 0.689555187625 0.30100031819 0.0950922847727 0.471419968138
-9999.0 -9999.0 -9999.0 -9999.0 -9999.0 -9999.0 -9999.0 -9999.0 -9999.0 -9999.0 -9999.0 -9999.0 -9999.0 -9999.0 -9999.0 -9999.0 0.738186952502 3.53385480102 4.26799688479 0.696883668778 0.377198039601 0.748815988322 1.0884803929 12.4048046739 0.341066460061 1.36756171644 1.68216674597 1.99025219305 0.141038346178 0.344511647297 0.40396236534 2.15718640504 2.32782687463 2.43167626173 0.108151221939 0.0908231145001 0.0869797048091 0.15847227288 0.0585700282183 0.0634209540873 0.140364791736 0.102616205949 0.145685796021 0.593201683731 277.176912611 350.442676727 0.968589492655 0.123294595549 0.0918955506748 1.90473086447 1.75214491063 0.951366152772 0.833123721018 0.593406822838
-9999.0 -9999.0 -9999.0 -9999.0 -9999.0 -9999.0 -9999.0 -9999.0 -9999.0 -9999.0 -9999.0 -9999.0 -9999.0 -9999.0 -9999.0 0.652275364874 2.06707234548 0.679447051422 0.559741582351 0.421039127234 0.817158588891 1.19741101558 1.65828024652 14.6753069276 15.0062510465 0.33897854511 0.654088583004 0.968190460444 1.16437180875 1.33504014693 1.77314935684 2.05696219721 0.0298518303093 0.0858811514545 0.0895733936385 0.148889059036 0.13701168917 0.130633202717 0.110574238479 0.122257245254 0.672001906522 0.327747805964 0.248102039699 0.246097483922 0.173654877081 0.32136729074 357.165796237 5.65627049215 2.49766814483 0.362281794345 0.171074474418 0.12070937409 0.325031942712 0.193896663886
-9999.0 -9999.0 -9999.0 -9999.0 -9999.0 -9999.0 -9999.0 -9999.0 -9999.0 -9999.0 -9999.0 -9999.0 -9999.0 -9999.0 0.680863238221 1.32475951003 4.72989526351 0.675144159138 1.26441918276 1.67565730289 2.06562408045 0.399855987337 0.757589815376 1.32493267196 16.9008998531 0.324457730014 0.625431218042 0.920176131873 0.260282654449 0.499622627427 0.530037010007 0.745411562838 26.8575386367 27.0689544055 27.287650382 28.4745565948 28.8848087077 29.8191966516 0.277449106981 0.558356414613 0.81328663198 33.0728279769 33.4814363443 0.227576781286 0.351981131813 0.476057966809 357.373116475 5.46882360639 2.41397416233 2.20138882029 2.02538638752 1.86655454304 0.431714524463 0.122596845467
-9999.0 -9999.0 -9999.0 -9999.0 -9999.0 -9999.0 -9999.0 -9999.0 -9999.0 -9999.0 -9999.0 -9999.0 -9999.0 -9999.0 0.689946559831 2.09378035094 7.51143955643 11.1496748215 0.622966491469 14.6414691913 17.3479550953 0.378892247527 0.732458742986 1.23959112 20.5792498256 21.0746594242 0.291929818061 1.5041132961 1.76259660189 1.92297181858 25.5720373651 25.7862662233 26.0513235974 0.147535269561 0.840317335434 0.999893466456 0.487726096467 0.699186502787 30.8409583682 31.7400482418 31.932423278 32.1191582304 33.7571350956 0.135029685557 0.126373617462 0.727071834912 357.616777437 0.320167450208 0.000451762727705 0.00229455195851 0.0010209214596 1.58961258848 1.55742534177 0.930463378377
-9999.0 -9999.0 -9999.0 -9999.0 -9999.0 -9999.0 -9999.0 -9999.0 -9999.0 -9999.0 -9999.0 -9999.0 -9999.0 -9999.0 -9999.0 -9999.0 1.47169748069 2.97459522802 13.2490157701 13.9829196543 18.0052090345 18.662700217 0.373303419621 0.745906829432 1.88140595081 21.6574305163 22.3142554459 22.583541029 0.230598525004 23.3956991062 23.5934469206 0.151565363201 0.149106041833 0.288349620198 0.569465633571 0.141377718411 0.292059422935 0.669867343011 0.847702351669 0.163489655947 0.125540344394 0.254957103406 34.5707620155 34.8075851056 34.9216478192 35.9308908045 357.830168884 0.297462646085 0.000298418469529 0.000766166876595 0.000711838225606 0.000733806431676 0.000622499488195 0.0011444477883
-9999.0 -9999.0 -9999.0 -9999.0 -9999.0 -9999.0 -9999.0 -9999.0 -9999.0 -9999.0 -9999.0 -9999.0 -9999.0 -9999.0 -9999.0 -9999.0 0.771783925585 0.758210760806 0.742426839697 1.46180905218 0.653045970265 19.9610426776 20.5644663589 0.408562113986 0.752032648346 0.348457690084 0.30720194766 0.300765675175 23.014336993 0.0497398695073 0.0993447458936 0.104538391619 0.151202408325 0.140161578884 0.119462226756 0.123125794444 0.377207704409 0.513219602065 0.109343287628 0.0994388332774 0.213501626605 0.347722517795 0.419502692335 0.0966709550368 35.0611678844 36.0520012 358.004220477 0.49972087133 0.0046687698133 0.000428861088965 0.0010270056521 0.000325582834482 0.000241587909419 0.00142244427951
-9999.0 -9999.0 -9999.0 -9999.0 -9999.0 -9999.0 -9999.0 -9999.0 -9999.0 -9999.0 -9999.0 -9999.0 -9999.0 -9999.0 -9999.0 -9999.0 -9999.0 -9999.0 0.748937786717 2.15471936525 2.77605828614 3.4144918097 21.1793999003 21.7773329494 22.3604928569 22.912183249 23.2052413003 23.8006829383 23.8597171217 23.9013694321 23.9690533907 0.135923710888 0.130742146128 0.13632884976 0.506214760453 0.133085918119 0.12987800967 0.108749854935 0.322796841275 0.124510923712 0.103384616396 0.0973176740215 0.0854191032107 0.170541716351 0.25129163413 36.578598494 395.250009879 0.194088264055 0.383162955627 0.00033872254517 0.00121259088412 0.000499751560147 0.000488541043034 1.00983454146
-9999.0 -9999.0 -9999.0 -9999.0 -9999.0 -9999.0 -9999.0 -9999.0 -9999.0 -9999.0 -9999.0 -9999.0 -9999.0 -9999.0 -9999.0 -9999.0 -9999.0 -9999.0 -9999.0 0.642364051068 4.97673257109 9.75509534449 10.4105467414 0.640441129081 1.0493397132 1.38992146171 1.67178505282 3.54723898874 3.67447752116 0.12865179205 0.124913858133 24.2353843334 24.4868326137 24.6089552686 0.612020560791 0.101208058218 0.238598089193 0.351810198567 1.05234720288 1.28917620492 1.48820647352 0.18542055938 0.262574527029 0.0895335658972 0.179505711556 0.0929298085708 395.44743109 0.180064080375 0.729768942091 0.182669275694 0.249286885637 1.07825951784 1.16932976977 2.27256116836
-9999.0 -9999.0 -9999.0 -9999.0 -9999.0 -9999.0 -9999.0 -9999.0 -9999.0 -9999.0 -9999.0 -9999.0 -9999.0 -9999.0 -9999.0 -9999.0 -9999.0 -9999.0 0.701303945974 2.21422297381 4.34660341547 5.69462903003 14.5178817471 15.1731588968 0.709197640992 1.05209140759 1.3387240914 1.61453207783 3.74893532288 3.98339982289 6.35664845924 6.52190768597 6.63408023987 24.7376238927 25.7044953337 0.234989860413 0.14482367873 0.140518390974 0.27447178635 0.12871346213 1.73595883117 1.83146083121 0.348695698856 0.422465750987 0.087837651003 111.895932999 112.096675681 507.71311924 508.698633946 0.18450984607 0.631139449764 0.377038810096 0.269164452684 2.64128985486
-9999.0 -9999.0 -9999.0 -9999.0 -9999.0 -9999.0 -9999.0 -9999.0 -9999.0 -9999.0 -9999.0 -9999.0 -9999.0 -9999.0 -9999.0 -9999.0 -9999.0 -9999.0 -9999.0 0.783915344055 0.762402664775 1.45572504031 3.47478577702 15.8020097552 0.362385847824 0.358098087764 0.654494917356 0.93569361718 2.02239524351 2.10875621238 0.0528193738675 0.112825560799 6.78621899985 6.9229058825 32.7362944154 32.8392946246 0.0938997744979 0.0848716568077 0.0748112369761 0.07544359543 0.079337423986 110.25503794 110.807167409 111.301980432 111.457346658 111.817349019 0.104228007071 0.390554000741 0.505990382597 509.500281886 509.648898922 509.760556847 509.857251902 509.92727363
-9999.0 -9999.0 -9999.0 -9999.0 -9999.0 -9999.0 -9999.0 -9999.0 -9999.0 -9999.0 -9999.0 -9999.0 -9999.0 -9999.0 -9999.0 -9999.0 -9999.0 -9999.0 -9999.0 -9999.0 0.710803917641 0.737915341683 1.38004968153 18.4954708151 19.1082855839 0.352281894099 0.642193891977 0.928676636343 1.01819426723 0.0649933111627 0.18808337562 35.2304782937 35.3607701976 35.4627625182 36.3474255362 69.2889101052 106.715429354 106.92716665 107.126375334 107.318540313 108.085136345 108.327567424 0.467491857235 0.216209535321 0.12626582236 0.240862280626 0.193541270077 0.303713343668 0.0999764822305 2.04671994733 2.54304505837 2.97995603878 3.05279936258 510.011689132
-9999.0 -9999.0 -9999.0 -9999.0 -9999.0 -9999.0 -9999.0 -9999.0 -9999.0 -9999.0 -9999.0 -9999.0 -9999.0 -9999.0 -9999.0 -9999.0 -9999.0 -9999.0 -9999.0 -9999.0 -9999.0 0.722814485487 1.38893330587 2.05693683639 19.6586301834 0.49943763172 26.0762758639 26.3722904783 26.4364393096 26.5523128548 34.7366073409 34.8933651831 0.144366176636 0.662240969968 0.802837625066 0.149102215732 37.2124434051 36.9357231442 0.0978466460197 0.223013580163 0.591049687913 0.127137890633 0.134910435353 0.109102895924 0.0976599323347 0.0795365600332 0.0924496337876 1.72018241536 1.81778116404 1.93094521422 0.345927137881 0.277941533165 3.23137012416 3.35128488639
-9999.0 -9999.0 -9999.0 -9999.0 -9999.0 -9999.0 -9999.0 -9999.0 -9999.0 -9999.0 -9999.0 -9999.0 -9999.0 -9999.0 -9999.0 -9999.0 -9999.0 -9999.0 -9999.0 -9999.0 -9999.0 0.667560565262 0.628833711073 3.24511370288 24.1547330251 25.268238639 25.7905763873 0.30622757241 8.03138647195 8.07543440411 8.10285375583 0.136817384882 0.294464086883 0.441687309223 8.8267903774 8.94691526437 9.05571983173 36.7295780015 23.1941387335 0.123379635818 0.125594553979 0.120153058644 0.10136775203 0.999870061622 1.21527109378 1.40834782026 1.51654512495 1.62154483551 8.40959356406 8.49618898664 8.56505211076 8.72522891894 9.73792984582 9.80611207622
-9999.0 -9999.0 -9999.0 -9999.0 -9999.0 -9999.0 -9999.0 -9999.0 -9999.0 -9999.0 -9999.0 -9999.0 -9999.0 -9999.0 -9999.0 -9999.0 -9999.0 -9999.0 -9999.0 -9999.0 -9999.0 -9999.0 1.30791669304 1.98917427152 0.661341396095 0.357617911916 7.07714386482 7.40182270813 7.60385830675 1.94723590583 1.9906019755 2.05419723214 2.19005969971 8.56440267188 8.7141184521 4.12034257207 13.3053728299 13.4276752845 23.0941379934 0.246979444193 0.124715288011 0.0949784661861 0.679525302067 0.798816411262 0.0836556935582 0.0789063868931 8.02327235928 8.22292723701 8.32948629339 0.0822706799815 0.115828497905 9.54661984265 0.114502251232 0.511677518728
-9999.0 -9999.0 -9999.0 -9999.0 -9999.0 -9999.0 -9999.0 -9999.0 -9999.0 -9999.0 -9999.0 -9999.0 -9999.0 -9999.0 -9999.0 -9999.0 -9999.0 -9999.0 -9999.0 -9999.0 -9999.0 -9999.0 0.655211708294 1.29729236137 5.28510547465 5.93104662638 6.40196923217 1.64995095705 1.90214783552 0.0504080372389 6.12141613013 6.16863787699 6.22828740657 0.107869805948 3.83737678883 3.99048629761 0.126138438786 22.4644598973 0.265034680834 0.131972093345 0.358713537315 0.483777642234 0.102584676732 0.0869883976393 7.07420766474 7.8347993025 7.95257815424 0.113116440166 0.267085425899 0.339265151917 0.409648770641 0.773008259533 0.189105776785 0.417701690423
