data/baseflow/History/mHMbfrc487
ncols                  80
nrows                 72
xllcorner      4374000.0
yllcorner      5656000.0
cellsize            500
NODATA_value       -9999
[rows 24 to 47 of 72, columns 0 to 54 of 80]
-9999.0 -9999.0 -9999.0 -9999.0 -9999.0 -9999.0 -9999.0 -9999.0 -9999.0 -9999.0 -9999.0 -9999.0 0.885423159767 2.50455680178 3.28504720005 5.66513157436 0.751244644576 1.51177740805 2.24010160595 8.33616490785 8.85761160579 9.11081153762 9.69730466002 10.414920322 17.553475747 19.6069482072 20.5315620584 0.255895110127 2.09381725027 2.29182636609 36.8734030863 37.7365413345 38.0683819502 38.3957290017 38.8065351991 149.948582972 0.632885522979 338.077767012 0.591970263575 0.211568850921 2.9836261701 2.67104883352 0.351957074937 1.58116046902 2.24267247742 2.23656956425 1.58629443061 2.6091932321 4.12910963465 1.51688011263 4.02808043242 0.31294815485 0.395083096217 0.105236944449 0.0961164498323
-9999.0 -9999.0 -9999.0 -9999.0 -9999.0 -9999.0 -9999.0 -9999.0 -9999.0 -9999.0 -9999.0 -9999.0 0.849600052641 1.68157210224 0.781145084731 1.57248875107 0.73668465775 5.43444006298 6.89236183321 7.63464322682 0.705574548024 1.29007033809 13.2344631682 16.3435887895 16.8920275654 1.37971777979 1.29982001714 1.73344858268 0.181710775986 0.171063391635 0.332011886829 0.236591167538 22.1592343756 22.4536788034 22.8169115733 150.457216943 340.843774051 338.347700773 0.345370762046 0.143518667049 0.131666781115 0.619428648604 0.492386768875 1.78551180885 2.61893974871 5.35409386113 0.497489244802 0.496179861174 4.51288973384 4.89843615636 9.70160792295 9.99286114328 10.5013356502 10.7081713415 0.19686261105
-9999.0 -9999.0 -9999.0 -9999.0 -9999.0 -9999.0 -9999.0 -9999.0 -9999.0 -9999.0 -9999.0 -9999.0 -9999.0 0.80604923879 1.60500908563 2.40345974837 3.91614948469 0.793127803495 0.746249067016 5.78711771988 6.4857851421 12.17240724 12.853360819 1.93795810577 0.714027748754 0.695546097355 0.654531196667 20.7193614916 21.0766260821 21.2970881929 21.4659666167 21.899379757 3.26177212523 3.69471740857 26.946422869 518.493522507 1.89312524295 1.52513970273 0.592482722371 0.178912048624 0.131789911364 0.8872949932 1.00381047701 2.03127228135 0.119797982474 5.51687113766 0.756999137995 0.736771807568 0.121208441126 0.0984610137441 0.0988107604452 0.180163825104 0.103847258 10.8100776393 141.059522748
-9999.0 -9999.0 -9999.0 -9999.0 -9999.0 -9999.0 -9999.0 -9999.0 -9999.0 -9999.0 -9999.0 -9999.0 -9999.0 -9999.0 0.789723188381 1.72243442888 2.62087744134 3.55259871426 4.29893457799 5.06001944514 2.23972934259 3.69359498958 0.684216727994 0.673572247839 17.4240982021 18.7686430452 19.4227584122 20.1353570044 0.548904726166 0.946666092726 2.44918812105 2.67985604274 2.93046834519 0.456164871106 0.541861466872 519.830873161 0.409688226753 0.606176547429 0.288207430386 0.754698371338 0.348797911602 0.247708353111 3.26077411346 3.56765502013 0.196165686382 5.75243179315 6.61297053549 0.827226145422 146.693913857 146.463273226 146.246383505 145.645360034 145.281521028 141.624688411 141.409810542
-9999.0 -9999.0 -9999.0 -9999.0 -9999.0 -9999.0 -9999.0 -9999.0 -9999.0 -9999.0 -9999.0 -9999.0 -9999.0 -9999.0 0.238819989104 0.54397778536 0.905959690895 8.4021849476 9.17051272921 0.770240548997 0.752435750501 0.729117458537 14.6962321917 16.0870338033 0.681164846938 0.697817076661 0.623889879852 2.5212769305 3.14434101283 1.6031678952 1.95635160002 14.0412136027 14.4588777458 15.4810121608 24.5779901377 544.699098701 0.433919919441 0.270308646953 1.17938358495 0.959969165895 0.226557016042 0.717793073777 0.959974418702 3.84175620025 4.10348061529 11.2542599148 6.73838879985 0.905526598745 150.695735691 2.21040637937 146.012485406 145.836158366 3.3474129705 0.234686952353 0.179616569532
-9999.0 -9999.0 -9999.0 -9999.0 -9999.0 -9999.0 -9999.0 -9999.0 -9999.0 -9999.0 -9999.0 -9999.0 -9999.0 -9999.0 1.25634534693 2.04808607226 4.24153303474 7.49336209707 10.0612217709 11.8119773583 12.553046713 13.2992998027 14.0195482678 0.688592374842 0.671073317919 1.31906979168 1.26426954062 0.641411136038 12.1074426829 12.7207347611 13.3095000674 13.8561928549 7.50031631514 7.80220997214 8.4569853674 544.946880392 0.745494536829 0.731688594886 2.03162008589 0.181845679279 0.559556278611 0.308426203219 0.226962829491 1.22659579243 0.2221341724 0.232570968786 163.155959312 151.696067756 151.451206993 0.791359339631 2.0633518898 1.29407313808 0.274755735116 2.79511140026 0.743899506394
-9999.0 -9999.0 -9999.0 -9999.0 -9999.0 -9999.0 -9999.0 -9999.0 -9999.0 -9999.0 -9999.0 -9999.0 -9999.0 -9999.0 0.874686894333 0.816976746291 1.59564043115 2.43550378119 0.855722934933 0.779071581581 1.51956649116 2.262390055 3.66803154536 4.36760627932 5.04984777027 7.06412192552 7.71088948965 8.36877042951 0.613996124393 6.10587554636 6.6055568325 6.94628901911 0.20121929569 0.0791988823773 0.176860395051 553.145851415 553.38466658 554.606025427 2.53731697405 0.364651789581 0.844092468208 0.245892168868 0.422481105325 1.43947453165 1.85243589835 0.43561322045 164.250638635 0.376218837365 0.455097598266 0.476811312019 0.450772717923 0.741797514983 0.335533151497 1.86837206655 1.31944845878
-9999.0 -9999.0 -9999.0 -9999.0 -9999.0 -9999.0 -9999.0 -9999.0 -9999.0 -9999.0 -9999.0 -9999.0 -9999.0 -9999.0 -9999.0 0.772626782619 1.53576273954 0.769404939835 1.56995193181 9.76695761171 10.5676798018 11.3115914708 0.703576572836 0.705425360773 1.38552264642 2.0637806332 3.33253305738 3.96639289668 4.30254388761 4.88351936928 0.505164820562 0.395398281944 7.31849822482 7.39926290765 7.56610877128 7.77028804336 6.63859070848 562.1017117 565.943806395 566.11350231 567.110450672 567.971425345 568.704452776 0.244263502739 2.06016079082 164.508512836 0.620098603104 0.315805238666 0.371433415102 0.32995054298 0.563196992684 0.445310148688 0.247528622856 0.304548296463 0.259746093221
-9999.0 -9999.0 -9999.0 -9999.0 -9999.0 -9999.0 -9999.0 -9999.0 -9999.0 -9999.0 -9999.0 -9999.0 -9999.0 -9999.0 -9999.0 -9999.0 2.28121714134 3.1038287273 5.55434426565 7.33600666323 0.94427441262 13.0225920943 13.7205954772 14.4203064656 0.696498292872 1.37597281092 0.641043717821 4.63220464684 4.94485186208 5.44473763556 5.94106857447 7.09796859021 7.18245659716 0.0693834037072 5.79026549088 6.20849387697 6.43859015722 7.25286221277 1.07747942531 0.693376985204 0.41448337484 0.39263244689 569.375391326 569.787665752 573.37949695 164.795485914 1.70596469858 0.823954041431 0.575089573921 0.171985722914 1.47883119028 0.708155667266 0.231338798144 1.18115271625 0.974032138528
-9999.0 -9999.0 -9999.0 -9999.0 -9999.0 -9999.0 -9999.0 -9999.0 -9999.0 -9999.0 -9999.0 -9999.0 -9999.0 -9999.0 -9999.0 -9999.0 0.840507672034 3.91897468136 4.77647262397 0.973614947898 0.745314704481 1.48116933567 2.17393573767 17.2957187792 0.690487364302 2.77071462537 3.42338631964 4.06265804051 0.32917966601 0.79733614036 0.996515342961 4.70560475953 5.12222480683 5.30810212707 0.207898980101 0.189721315009 0.205339774831 0.377722478135 0.153523041848 0.162872765981 0.333761373719 0.243193741266 0.338090158273 1.2096820924 573.794277224 739.670130021 2.07207851084 0.232988975252 0.200434822907 4.34337498163 3.97324616883 2.24698178488 1.99194132249 1.46249007633 0.304927802767
-9999.0 -9999.0 -9999.0 -9999.0 -9999.0 -9999.0 -9999.0 -9999.0 -9999.0 -9999.0 -9999.0 -9999.0 -9999.0 -9999.0 -9999.0 0.694112010386 2.31568304915 0.774333582131 0.912936866592 0.792379754923 1.54422688812 2.27105456361 3.05414595704 21.1605754605 21.8306888847 0.683693307514 1.33289642892 1.98503004602 2.41848760719 2.85470178028 4.00894210249 4.50419262875 0.162754431323 0.240548608206 0.23178418169 0.351945948239 0.32642278364 0.325289812132 0.270924677231 0.307052830845 1.39572609828 0.678330277443 0.427402953425 0.421118309186 0.365259185978 0.693808174042 752.974776158 11.0364734119 5.38833997737 0.576470171329 0.26993623799 0.221789226355 0.689093290045 0.448976795548 0.216860873736
-9999.0 -9999.0 -9999.0 -9999.0 -9999.0 -9999.0 -9999.0 -9999.0 -9999.0 -9999.0 -9999.0 -9999.0 -9999.0 -9999.0 0.722177320969 1.40937250851 5.19745009047 0.763233550143 1.88776644108 2.6699966624 3.4249613066 0.761883471486 1.46579648865 2.31034099119 24.9177109758 0.660067955986 1.28459421546 1.91365934184 0.575756428568 1.1223718344 1.26824605158 1.69654511444 44.8728783459 45.4473729155 46.0034640502 48.7535619905 49.7310308138 51.9057214146 0.650992747041 1.32652071986 1.72781594244 59.2654899332 60.0366201508 0.397566511844 0.686136044572 0.969709292893 753.341320004 10.6565025547 4.56347210879 4.26411601854 3.94435693532 3.6733691101 0.91651620695 0.238086399108 0.42295458781
-9999.0 -9999.0 -9999.0 -9999.0 -9999.0 -9999.0 -9999.0 -9999.0 -9999.0 -9999.0 -9999.0 -9999.0 -9999.0 -9999.0 0.725764081186 2.21385386787 8.14227038194 11.9657326774 0.693154130452 15.8552230384 20.0847881447 0.728286050297 1.42251724379 2.2336060637 31.4223579975 32.1708596934 0.605789173555 3.13317046149 3.70117377664 4.10886553515 41.6077401995 42.3193810692 42.9576659722 0.334275083989 1.91897470523 2.28190696557 1.11423445211 1.60446695206 54.2343258237 56.3390363366 56.7790452626 57.2061055203 60.6898019808 0.321012618298 0.303688586715 1.55417753685 753.765730437 0.387179441292 0.0188145634171 0.0533910590638 0.0227614357799 3.20322928519 3.03855097473 1.79877375896 1.25236955129
-9999.0 -9999.0 -9999.0 -9999.0 -9999.0 -9999.0 -9999.0 -9999.0 -9999.0 -9999.0 -9999.0 -9999.0 -9999.0 -9999.0 -9999.0 -9999.0 1.54985648784 3.12293348289 14.23852379 15.0602881456 20.8160776161 21.6334781948 0.723146031792 1.44416963372 3.5679323926 32.9294148802 34.2075017345 34.7689454383 0.488397792515 36.6025057219 37.2865441834 0.480963880639 0.336638164892 0.656992346481 1.29094050222 0.317794999572 0.660708278178 1.51925166412 1.92748246077 0.370216055708 0.294950756454 0.601370875507 62.5999966087 63.1525858453 63.4300909594 65.6297155285 754.154668688 0.303721954728 0.0127343435186 0.0143747293569 0.0158346508566 0.016320306442 0.0168045648947 0.0309717703774 0.220982026044
-9999.0 -9999.0 -9999.0 -9999.0 -9999.0 -9999.0 -9999.0 -9999.0 -9999.0 -9999.0 -9999.0 -9999.0 -9999.0 -9999.0 -9999.0 -9999.0 0.806059144162 0.791053634911 0.795594295653 1.64341844418 0.746261540769 23.1092752768 23.8655722839 0.736321768446 1.41832829879 0.689034244025 0.624004107358 0.613239498884 35.7478701461 0.194267493136 0.386569089369 0.301407440673 0.344669858773 0.316983275395 0.270951080511 0.278614899304 0.84966568988 1.15344944292 0.25125163748 0.234787630329 0.499837030622 0.802618420862 0.97511982273 0.22335036608 63.7579100834 65.9165466654 754.466548609 0.675753351553 0.0697615728163 0.00913242477539 0.0237635212874 0.0082095682772 0.00732147628597 0.0394411099984 1.05656727093
-9999.0 -9999.0 -9999.0 -9999.0 -9999.0 -9999.0 -9999.0 -9999.0 -9999.0 -9999.0 -9999.0 -9999.0 -9999.0 -9999.0 -9999.0 -9999.0 -9999.0 -9999.0 0.783488185507 2.37343055635 3.04567654527 3.76650166817 24.5704429639 25.272802705 26.0034711117 26.8058422417 27.4093806439 28.643042185 28.859044876 29.0302603284 29.2538584802 0.312671908366 0.29994426288 0.311893770222 1.14860653298 0.299280368213 0.291313036486 0.247460968063 0.738038401361 0.284430382573 0.243711381939 0.230808159002 0.205178012327 0.409702848435 0.606147906654 67.1918134554 822.655362971 0.297998252966 0.626393483404 0.00717103673341 0.0333538594983 0.0194433184442 0.0147837525038 1.96093175327 1.75675277432
-9999.0 -9999.0 -9999.0 -9999.0 -9999.0 -9999.0 -9999.0 -9999.0 -9999.0 -9999.0 -9999.0 -9999.0 -9999.0 -9999.0 -9999.0 -9999.0 -9999.0 -9999.0 -9999.0 0.662482517967 5.16934453317 10.3694170271 11.1379271335 0.905364448586 1.64892972896 2.33063909922 2.93691692128 6.79067499242 7.09914384529 0.304976375885 0.299978533844 29.8820616399 30.4722029902 30.7488896841 1.38851432584 0.23398860352 0.539783836217 0.796910139602 2.38032182041 2.92187268884 3.39202130456 0.441009917065 0.628594166224 0.214649159891 0.432959401003 0.224209241256 823.138138679 0.286696933312 1.17548594957 0.325938303053 0.526788175048 1.72940604544 1.89994267159 4.01806350903 1.81338735328
-9999.0 -9999.0 -9999.0 -9999.0 -9999.0 -9999.0 -9999.0 -9999.0 -9999.0 -9999.0 -9999.0 -9999.0 -9999.0 -9999.0 -9999.0 -9999.0 -9999.0 -9999.0 0.72650120245 2.29852875559 4.51606449906 5.91817827763 15.4181973262 16.2717680611 1.4069102559 2.08989140523 2.69284908969 3.28980279738 7.34147716222 7.93058508303 13.3564640553 13.7599812142 14.0242567343 31.0393310332 33.2329268 0.533042568616 0.320534638797 0.311847429754 0.609758994249 0.288583469877 3.95390723185 4.18006126869 0.838808838603 1.00147372674 0.191622134322 184.358807316 184.842918881 1008.35080324 1009.94186057 0.287371745084 1.1246826955 0.426171575959 0.359125479822 4.60505190626 6.64543349336
-9999.0 -9999.0 -9999.0 -9999.0 -9999.0 -9999.0 -9999.0 -9999.0 -9999.0 -9999.0 -9999.0 -9999.0 -9999.0 -9999.0 -9999.0 -9999.0 -9999.0 -9999.0 -9999.0 0.815171141012 0.795564645145 1.51399727653 3.61173793797 16.9692365316 0.718548616498 0.71104723508 1.32903760085 1.94082032274 4.43215107707 4.72096633215 0.188990615513 0.275280405475 14.3781496625 14.685660037 48.1666011882 48.3986605603 0.219230139865 0.200001457126 0.179401783186 0.180847747444 0.188678073725 180.539952902 181.828224208 182.999386557 183.34902976 184.185236675 0.250822626975 0.946594797995 1.23379856599 1011.77803072 1012.04007597 1012.26714316 1012.4700222 1012.62916004 6.86770859445
-9999.0 -9999.0 -9999.0 -9999.0 -9999.0 -9999.0 -9999.0 -9999.0 -9999.0 -9999.0 -9999.0 -9999.0 -9999.0 -9999.0 -9999.0 -9999.0 -9999.0 -9999.0 -9999.0 -9999.0 0.737836080449 0.767929164217 1.43456481078 19.7755789219 20.5516017097 0.701622087644 1.31872059904 1.93991463131 2.24382451463 0.241897696733 0.568393779426 42.8406518979 43.1467665055 43.3838749611 45.4157210217 94.0462085212 172.47576921 172.958107898 173.415031464 173.858178338 175.589280792 176.134670464 1.08308604734 0.50951997026 0.291864637449 0.5611301798 0.46977706377 0.732462270383 0.245628203654 4.83187552829 5.58311327832 6.18057866161 6.36706987795 1012.84818851 1019.95111736
-9999.0 -9999.0 -9999.0 -9999.0 -9999.0 -9999.0 -9999.0 -9999.0 -9999.0 -9999.0 -9999.0 -9999.0 -9999.0 -9999.0 -9999.0 -9999.0 -9999.0 -9999.0 -9999.0 -9999.0 -9999.0 0.749498212945 1.44010649588 2.13360870521 21.1580237697 0.747129165435 28.7913364733 29.435644202 29.6833837154 30.0168483099 41.5439477675 41.9178152976 0.329246934648 1.53575099558 1.84674952747 0.332699885014 77.9401315973 77.3233936831 0.224371830335 0.497208016596 1.32191531676 0.284515837642 0.303978816007 0.257206706977 0.235223334008 0.194549138957 0.225465589292 4.03423387868 4.27333385824 4.54507340879 0.44557487022 0.322259557949 6.63097656209 6.88744146535 7.03388393035
-9999.0 -9999.0 -9999.0 -9999.0 -9999.0 -9999.0 -9999.0 -9999.0 -9999.0 -9999.0 -9999.0 -9999.0 -9999.0 -9999.0 -9999.0 -9999.0 -9999.0 -9999.0 -9999.0 -9999.0 -9999.0 0.689486104677 0.649863499183 3.35636741532 25.9328140893 27.3973373174 28.1804307764 0.663222503304 10.9540438041 11.1601066837 11.2674327826 0.335834226733 0.700329283895 1.03041018865 17.8346583399 18.1047089906 18.3491836237 76.8497617292 47.6860404936 0.271806276586 0.279702892837 0.270327353754 0.23444816104 2.30823023788 2.82005221984 3.28282830096 3.54217437163 3.79497510121 20.810912478 21.0223270632 21.1795930976 21.5547135553 23.9874695556 24.1600748962 31.3924436254
-9999.0 -9999.0 -9999.0 -9999.0 -9999.0 -9999.0 -9999.0 -9999.0 -9999.0 -9999.0 -9999.0 -9999.0 -9999.0 -9999.0 -9999.0 -9999.0 -9999.0 -9999.0 -9999.0 -9999.0 -9999.0 -9999.0 1.34964402796 2.058307923 0.78950710852 0.730877746774 8.741615404 9.42606177224 9.92076325136 3.76668243729 3.97725985813 4.23716160457 4.56903375478 17.2395790626 17.5793101111 9.97881115823 28.6254194 28.9096390667 47.4481848152 0.562006419664 0.283498096897 0.220254726498 1.5656447275 1.83973706687 0.202782700343 0.19354645694 19.8720884288 20.3537579688 20.6088894689 0.197728537298 0.275141502827 23.5416855345 0.284885231577 1.25158490081 1.40318973417
-9999.0 -9999.0 -9999.0 -9999.0 -9999.0 -9999.0 -9999.0 -9999.0 -9999.0 -9999.0 -9999.0 -9999.0 -9999.0 -9999.0 -9999.0 -9999.0 -9999.0 -9999.0 -9999.0 -9999.0 -9999.0 -9999.0 0.676154123481 1.33976761399 5.75641749694 6.56207031826 7.34368250676 2.98277490236 3.55490131379 0.228484603381 11.8843209716 12.100001002 12.3371077341 0.298680749112 9.33594058003 9.68358538552 0.285133720158 46.0057644388 0.601166842324 0.297226542627 0.826314657658 1.1105545805 0.238806366542 0.204590358093 17.6299274184 19.4189357669 19.6956800931 0.270164064482 0.652276269581 0.830996607406 0.989046210997 1.87756686431 0.463378071773 1.017397344 0.225099181005
