data/baseflow/History/mHMbfrc277
ncols                  80
nrows                 72
xllcorner      4374000.0
yllcorner      5656000.0
cellsize            500
NODATA_value       -9999
[rows 0 to 23 of 72, columns 0 to 54 of 80]
-9999.0 -9999.0 -9999.0 -9999.0 -9999.0 -9999.0 -9999.0 -9999.0 -9999.0 -9999.0 -9999.0 -9999.0 1.04317659598 0.698390588533 -9999.0 -9999.0 -9999.0 -9999.0 -9999.0 -9999.0 -9999.0 -9999.0 -9999.0 -9999.0 -9999.0 -9999.0 -9999.0 -9999.0 -9999.0 -9999.0 -9999.0 -9999.0 -9999.0 -9999.0 -9999.0 -9999.0 -9999.0 -9999.0 -9999.0 -9999.0 -9999.0 -9999.0 -9999.0 -9999.0 -9999.0 -9999.0 -9999.0 -9999.0 -9999.0 -9999.0 -9999.0 -9999.0 -9999.0 -9999.0 -9999.0
-9999.0 -9999.0 -9999.0 -9999.0 -9999.0 -9999.0 -9999.0 -9999.0 -9999.0 -9999.0 -9999.0 -9999.0 2.10592773854 4.19472866871 0.565065897414 -9999.0 0.432746597275 -9999.0 -9999.0 -9999.0 -9999.0 -9999.0 -9999.0 -9999.0 -9999.0 -9999.0 -9999.0 -9999.0 -9999.0 -9999.0 -9999.0 -9999.0 -9999.0 -9999.0 -9999.0 -9999.0 -9999.0 -9999.0 -9999.0 -9999.0 -9999.0 -9999.0 -9999.0 -9999.0 -9999.0 -9999.0 -9999.0 -9999.0 -9999.0 -9999.0 -9999.0 -9999.0 -9999.0 -9999.0 -9999.0
-9999.0 -9999.0 -9999.0 -9999.0 -9999.0 -9999.0 -9999.0 -9999.0 -9999.0 -9999.0 1.04555515362 1.01579366376 1.05387398168 1.04025936123 6.14379966505 6.77510846794 1.16454431459 0.364311759734 -9999.0 -9999.0 -9999.0 -9999.0 -9999.0 -9999.0 -9999.0 -9999.0 -9999.0 -9999.0 -9999.0 -9999.0 -9999.0 -9999.0 -9999.0 -9999.0 -9999.0 -9999.0 -9999.0 -9999.0 -9999.0 -9999.0 -9999.0 -9999.0 -9999.0 -9999.0 -9999.0 -9999.0 -9999.0 -9999.0 -9999.0 -9999.0 -9999.0 -9999.0 -9999.0 -9999.0 -9999.0
-9999.0 -9999.0 -9999.0 -9999.0 -9999.0 -9999.0 -9999.0 -9999.0 -9999.0 1.02649778093 2.06111354918 4.10128074155 2.05069917777 1.00430671838 1.94697425642 7.69558184761 9.77054373017 0.432459555528 -9999.0 0.993163051713 -9999.0 -9999.0 -9999.0 -9999.0 0.791388479173 0.405579224752 -9999.0 -9999.0 -9999.0 -9999.0 -9999.0 -9999.0 -9999.0 -9999.0 -9999.0 -9999.0 -9999.0 -9999.0 -9999.0 -9999.0 -9999.0 -9999.0 -9999.0 -9999.0 -9999.0 -9999.0 -9999.0 -9999.0 -9999.0 -9999.0 -9999.0 -9999.0 -9999.0 -9999.0 -9999.0
-9999.0 -9999.0 -9999.0 -9999.0 -9999.0 -9999.0 -9999.0 -9999.0 1.11538039247 3.20694070092 4.17787958348 5.15477199474 7.09333660695 0.920608660726 3.74620846351 4.63073703096 15.6638942457 0.728506937087 0.831190963905 1.88424659544 2.753070713 0.894927807625 -9999.0 2.1082100421 1.73393275838 0.490774619204 -9999.0 -9999.0 -9999.0 -9999.0 -9999.0 -9999.0 -9999.0 -9999.0 -9999.0 -9999.0 -9999.0 -9999.0 -9999.0 -9999.0 -9999.0 -9999.0 -9999.0 -9999.0 -9999.0 -9999.0 -9999.0 -9999.0 -9999.0 -9999.0 -9999.0 -9999.0 -9999.0 -9999.0 -9999.0
-9999.0 -9999.0 -9999.0 -9999.0 -9999.0 -9999.0 1.06076548526 1.01026721047 1.01638777831 1.02982292503 1.01600470388 7.19867476074 15.2622276766 16.2208302838 17.0688951134 0.832308284367 17.2904730531 18.1167304776 1.71086927459 0.882804011508 3.60998384416 6.24048102699 0.824312095351 4.51150955773 0.886070758928 0.830144248856 0.890394922478 -9999.0 -9999.0 -9999.0 -9999.0 -9999.0 -9999.0 -9999.0 -9999.0 -9999.0 -9999.0 -9999.0 -9999.0 -9999.0 -9999.0 -9999.0 -9999.0 -9999.0 -9999.0 -9999.0 -9999.0 -9999.0 -9999.0 -9999.0 -9999.0 -9999.0 -9999.0 -9999.0 -9999.0
-9999.0 -9999.0 -9999.0 -9999.0 -9999.0 -9999.0 2.14266460782 3.19797171297 7.31323632466 10.3183124415 0.920886311461 0.950453928705 0.900096555345 2.63993621347 20.5270327027 0.789462965757 18.9119387593 22.1074523003 2.49530581573 1.67352011707 7.04950217449 0.855158769823 5.37573831444 1.72229325944 0.87248545616 1.68217784622 1.80856325783 0.995798591414 0.990931799785 0.974150891657 1.02858241256 2.05796735412 -9999.0 -9999.0 -9999.0 -9999.0 -9999.0 -9999.0 -9999.0 -9999.0 -9999.0 -9999.0 -9999.0 -9999.0 -9999.0 -9999.0 -9999.0 -9999.0 -9999.0 -9999.0 -9999.0 -9999.0 -9999.0 -9999.0 -9999.0
-9999.0 -9999.0 -9999.0 -9999.0 -9999.0 1.09440943078 2.18754768762 1.09178614783 2.1364481757 11.3752743659 13.3014875231 15.2200497559 47.7505210249 0.872011872649 21.3826171204 75.8558395666 76.4885233376 99.6912121483 0.690421684924 2.46567462926 7.86199268319 0.807049306193 14.9135144241 8.69035169079 5.25991785915 4.3824048359 0.88720575384 2.93871851559 2.91691045928 1.94315851185 0.965891887114 3.04306320226 0.985321190469 0.975971168233 -9999.0 -9999.0 -9999.0 -9999.0 -9999.0 -9999.0 -9999.0 -9999.0 -9999.0 -9999.0 -9999.0 -9999.0 -9999.0 -9999.0 -9999.0 -9999.0 -9999.0 -9999.0 -9999.0 -9999.0 -9999.0
-9999.0 -9999.0 -9999.0 -9999.0 -9999.0 1.0844609712 3.23778239592 6.51821943486 7.5806578882 15.1381564853 16.1370714507 19.2213377647 31.6572480333 50.3107213341 52.0733251782 52.8930020902 1.5450761172 102.434300625 103.828427534 107.866035964 133.889344411 17.3751585707 15.773547954 6.1124149912 0.859622795135 5.5163522498 3.81001005576 0.845239189565 3.82333469251 0.883433226185 1.83547374535 4.9320883828 5.89253418279 1.92808478476 0.956783337841 0.954433718546 -9999.0 -9999.0 -9999.0 -9999.0 0.477699105015 0.410859692737 -9999.0 -9999.0 -9999.0 -9999.0 -9999.0 -9999.0 -9999.0 -9999.0 -9999.0 -9999.0 -9999.0 -9999.0 -9999.0
-9999.0 -9999.0 -9999.0 -9999.0 -9999.0 1.06466476573 1.0811236965 4.34789050319 5.42000794344 6.51367613812 1.04100104809 2.06925934294 11.7056031378 2.03658333762 0.965790642964 0.898850330298 0.814323485673 0.882408188163 0.84438484192 0.863366903989 134.706875133 137.121139853 0.812081408048 2.51758698768 1.71439631082 6.34418044792 1.6995183642 0.827896538567 4.73791478495 1.74746620712 4.2419557983 10.5347236522 9.70850995278 2.86431929818 2.84638552182 0.970190350945 0.972793397084 -9999.0 -9999.0 0.955530479726 1.18010635439 2.45261024645 0.435781135332 -9999.0 -9999.0 -9999.0 -9999.0 -9999.0 -9999.0 -9999.0 -9999.0 -9999.0 -9999.0 -9999.0 -9999.0
-9999.0 -9999.0 -9999.0 -9999.0 -9999.0 -9999.0 1.09421027225 1.09760300756 2.18489461295 3.27721348953 7.56924415347 9.7103181959 10.7548529712 1.05825344278 0.892261023645 11.7971925664 14.4538009566 15.3003787995 18.8034120422 19.6275027759 0.816160258542 137.941814944 142.062372779 3.30268959167 0.70672828674 7.13247856515 15.9460371957 6.34878405876 1.66200336966 0.838143310855 16.4526564418 11.3975514001 0.85250382812 0.849473658718 3.72397954124 2.85351827456 0.931936306239 0.882010224997 0.963911822885 1.90608126856 0.944396247016 2.98477912718 3.9129467246 0.830322585455 -9999.0 -9999.0 -9999.0 -9999.0 0.900699725257 0.865792382973 0.295278435961 -9999.0 -9999.0 -9999.0 -9999.0
-9999.0 -9999.0 -9999.0 -9999.0 -9999.0 -9999.0 -9999.0 1.08721469182 1.04907486851 2.15393041476 3.24725927258 1.0767953197 0.98365272 6.19097324019 8.09281776077 10.031213136 0.905961126959 1.80521133386 0.887147315129 20.4689617589 44.6044894487 45.0412381575 188.532530568 0.807906241644 2.1169147383 0.686121871807 16.7178283643 0.803492652403 2.50732202996 0.826445422982 17.286408208 18.1200672875 1.70940177857 1.70259225304 9.34524806324 4.70447845527 1.81440194779 0.933804460549 1.92556565012 2.85858303071 4.71972463966 0.909400323504 5.45536701123 6.06624885374 0.576874468799 0.642625771217 0.609025920662 0.554919818774 0.534663098709 2.47672444508 1.11836982617 0.755396283312 -9999.0 -9999.0 -9999.0
-9999.0 -9999.0 -9999.0 -9999.0 -9999.0 -9999.0 -9999.0 -9999.0 2.1698786392 3.18955824761 1.08888790232 2.19751718527 3.22079711108 5.2570367897 1.01875166351 0.994854199287 0.886043741345 0.893903648137 0.834338007318 22.4240479453 0.914449947544 1.7979479704 190.767802402 192.050800301 0.526648530921 3.20111555909 20.6438414116 1.58241877316 3.26006831387 1.54625447865 2.28833883608 21.3632819741 2.49326803943 13.4913814582 11.0189294366 0.844852533018 4.52697828001 1.83016058697 2.82329166547 0.89011332294 5.57949325276 7.24308992704 7.81490704656 8.36186294582 8.32162780717 1.15247273938 1.15180813139 1.06571569703 1.01463627623 3.12994125282 0.727076397905 2.62220955724 3.31984507649 -9999.0 -9999.0
-9999.0 -9999.0 -9999.0 -9999.0 -9999.0 -9999.0 -9999.0 -9999.0 1.11449721722 5.39540725833 6.46783650063 1.07339052514 2.08556630013 1.01127344227 0.94838917222 0.93632736708 11.6158839831 15.3845483753 18.7309508439 21.9546081879 0.811413393465 0.896634443423 0.853277004007 195.444304972 196.607119561 197.069171069 27.6475290853 6.37947563462 5.6019680434 0.707271126171 3.01865397828 25.1267334152 0.762293153411 14.2580571394 0.841413067991 5.86845346953 5.43295440167 0.887529212253 3.71824185379 1.78117722577 2.66704417156 0.761712604435 0.542716532385 8.90320769623 9.41024280763 8.82747992123 1.69132936987 1.58475961874 1.53933644809 3.89284010746 5.35951315425 0.732373699393 4.03539876319 0.752278060212 1.44515636589
-9999.0 -9999.0 -9999.0 -9999.0 -9999.0 -9999.0 -9999.0 -9999.0 -9999.0 1.11930780151 7.56004493935 8.61469476821 3.1031352651 5.12355058147 7.01793099777 7.96707080555 0.962471013068 2.88347908128 1.93489350472 0.98293525 0.975187296645 0.912027787962 1.81043617948 2.96545044695 0.793122260491 226.003919972 226.548606183 0.504249732599 0.562978948906 1.4407135392 2.16270271394 27.3276806694 1.48295200383 14.9437742043 9.0459118256 7.45342539564 0.850964947953 1.72472372338 4.55109639548 0.831604969779 3.49220338384 1.56716322799 1.01552114254 0.486694425228 10.8837841527 20.1529166141 2.09934564189 2.00841387404 2.15076650845 0.642273028399 5.99162140886 0.619751764313 5.4066791034 0.683603527579 2.1268311431
-9999.0 -9999.0 -9999.0 -9999.0 -9999.0 -9999.0 -9999.0 -9999.0 -9999.0 -9999.0 1.05350149608 10.7298947678 1.01268911463 2.01740715975 2.94037464511 4.77638607699 0.933691227426 1.91388744126 0.957043327171 0.91393751093 0.886516450946 1.75654494979 0.820346681893 0.844167160925 1.46766613737 0.734682434989 227.086464643 228.077415295 229.752605637 2.76768252782 0.746113176742 1.48892704325 28.1011102793 27.769124288 10.6533079932 0.800136614465 3.40406460186 2.56132610804 5.38552877046 1.66281361637 6.7126437762 2.38345175568 1.72702216454 0.433578828147 0.515705562164 20.7117302217 21.1999646889 25.7560649027 4.13560090524 1.31373352913 6.65931712175 7.93710027197 13.9575662906 1.34877146745 0.641387677213
-9999.0 -9999.0 -9999.0 -9999.0 -9999.0 -9999.0 -9999.0 -9999.0 -9999.0 -9999.0 -9999.0 0.584679966196 12.0054052725 0.95658713111 1.85958035059 8.45184147369 0.92926255535 0.922515517517 0.848617490299 1.79573972787 0.893155612103 3.53119631113 5.15915335726 5.92321903041 2.15472830854 2.60083526281 0.480128695123 0.687376863429 0.658654872321 233.772963809 235.746100749 28.7760476469 29.1534664928 28.4633791104 1.46217063328 0.715586713803 4.17923565645 11.1350137365 6.18160995283 2.45365248192 9.94675838669 4.07521346604 3.31959355405 0.930565208824 0.384658017058 0.362717399321 0.399643243632 27.5810103559 33.4463856386 0.639594210847 0.587477643927 0.622900602357 14.5666329094 16.5168917022 1.18617336605
-9999.0 -9999.0 -9999.0 -9999.0 -9999.0 -9999.0 -9999.0 -9999.0 -9999.0 -9999.0 -9999.0 0.549763998928 13.3228827971 16.2968336282 0.910057090476 10.2625224267 0.877795751538 0.852529791077 1.72272687352 4.40334413494 0.878224629591 0.906551888866 0.811807443387 7.52600142191 8.30806078194 11.7157932503 12.9037076786 13.5634479946 14.0714715989 14.7892900791 251.084921771 280.883489021 310.974927754 311.334972767 0.557244665224 0.70970965064 12.6890690915 11.9159717331 0.786636032393 0.777803295778 10.7080441941 15.5701063122 0.725108879112 7.76576241855 7.09169833517 1.84494999894 0.836049881978 1.34727686151 0.562059828937 34.3996922325 0.471270431394 1.68250015052 2.09483173701 20.0270437569 21.6689089817
-9999.0 -9999.0 -9999.0 -9999.0 -9999.0 -9999.0 -9999.0 -9999.0 -9999.0 -9999.0 -9999.0 1.07183729799 2.04598993265 17.2553656854 18.9840363446 0.862401811957 11.7165317464 0.77290076614 2.40825400969 5.20895947208 1.70590756022 0.825304809138 1.66139552092 0.719963748822 1.43116072465 0.734188563756 0.71936074767 0.666201459961 0.634573627331 0.600814737607 0.527512956096 0.57840282211 0.635230919515 0.677726438555 313.007352406 14.5980508118 13.530395183 0.414816595545 2.26660070704 0.622929439599 0.53846892129 16.3074717838 26.3751220496 8.57084250395 6.19439759585 1.06598756454 0.431459112665 0.405195138712 0.881611052522 35.7619623084 36.6401636358 0.453393282584 0.457087776778 0.480022923763 0.454196809532
-9999.0 -9999.0 -9999.0 -9999.0 -9999.0 -9999.0 -9999.0 -9999.0 -9999.0 -9999.0 -9999.0 -9999.0 0.937148143352 12.2770445029 32.16515138 34.8705130465 47.364167333 47.9282637426 11.5186520637 8.57241277239 2.54196414899 0.817810561306 3.27754953325 4.05505428991 6.23037764643 1.49208813084 1.45551068289 1.41140388789 2.78569166342 1.33205066675 1.25405029299 0.684810907965 0.551056103313 0.513761068113 313.570824357 328.645864685 329.055510018 0.38674617648 5.79949556058 2.68611803755 0.779625980965 28.7875057677 1.68164159142 0.85852404875 3.56949888461 0.801932243897 0.611097125289 1.11344474083 1.55073054599 2.01461457 37.417956537 0.374067913343 0.334849310784 0.338103800436 0.297215488322
-9999.0 -9999.0 -9999.0 -9999.0 -9999.0 -9999.0 -9999.0 -9999.0 -9999.0 -9999.0 -9999.0 1.00400723143 9.33169617842 11.3250937567 1.84124658905 0.591818881499 1.35015292278 50.0901050833 50.7230837554 62.8083204967 0.746466289959 1.5588186064 0.714132057349 0.722187362721 6.95784859294 9.17613674527 11.3362386493 0.698955797826 3.50214854761 5.5410800763 3.3238193597 1.38231333599 1.19944798947 1.0768304306 0.978201870732 0.429059570258 329.397552492 329.680922979 336.102040803 1.34174097841 0.702995988518 29.2325364224 1.75869466809 0.892501268351 0.944510767139 0.939426945496 0.861831459076 1.48258932551 4.24624619383 6.74249929108 44.541517645 0.300523856911 0.898368198025 0.607850951552 0.543219243983
-9999.0 -9999.0 -9999.0 -9999.0 -9999.0 -9999.0 -9999.0 -9999.0 -9999.0 -9999.0 -9999.0 1.02080868808 6.40524508167 1.01322454318 0.905395039417 4.74458154941 5.57067604336 6.40120009151 7.18865444184 84.9103372422 85.6080305399 87.0394818623 97.564685993 99.6524744551 100.863856613 101.605707853 114.470299334 116.299349811 117.02226818 123.332703136 127.41656874 128.11887767 130.660860383 1.75241565693 1.57651939507 0.395061891717 0.308603612398 330.0084174 338.242526299 1.84991805246 33.6225974323 32.9953674637 3.38064734831 0.824460437632 0.844624025882 0.82451391002 0.806222171643 1.61654238014 2.28502902758 0.602985397695 44.9059078728 45.2827093211 47.1181010157 47.4370101909 48.2770452412
-9999.0 -9999.0 -9999.0 -9999.0 -9999.0 -9999.0 -9999.0 -9999.0 -9999.0 -9999.0 -9999.0 3.26475865909 4.34022628481 2.08227275448 3.05280450923 0.961160443087 10.8315599004 11.6835684307 13.3691769063 14.1238426796 5.64757634546 93.843790411 94.5628890081 0.625623553006 0.470162968979 0.434701557529 0.981203155057 0.555439376871 0.504294473506 0.509789930491 0.551011292139 128.787086345 131.349272816 133.72475875 135.870431594 137.186207797 0.565464914007 0.212500572958 373.169173206 34.6373104783 34.2681517695 0.714390142334 0.675806442958 0.646043516836 1.51997281261 1.49806496532 0.69906479461 0.70147564314 0.642538856405 1.23713450712 1.63307948384 0.281375441654 0.528269775732 0.233847556938 0.187074223993
-9999.0 -9999.0 -9999.0 -9999.0 -9999.0 -9999.0 -9999.0 -9999.0 -9999.0 -9999.0 -9999.0 -9999.0 2.19699151681 1.06290001932 0.976274599705 9.1247893678 9.99675594257 0.87386112734 3.40582838371 4.21700000944 4.971062007 0.807588575085 0.590165575076 13.9655213324 14.457706585 14.9386558725 38.2241811767 38.6508850588 39.5398105244 42.902268011 45.4425912032 45.891821532 0.495919219311 0.507746346268 0.503398575666 137.642007751 0.237908112539 378.870042838 378.515520514 5.05624855672 4.6118013621 2.7736038028 0.703255941934 1.28139542022 2.18209559986 2.16401528965 1.37429284821 0.682904681718 1.3175241516 1.28778023276 2.20632352196 0.379495728985 0.878678500566 1.46624019942 1.85187110618
