data/baseflow/History/mHMbfrc466
ncols                  80
nrows                 72
xllcorner      4374000.0
yllcorner      5656000.0
cellsize            500
NODATA_value       -9999
[rows 24 to 47 of 72, columns 0 to 53 of 80]
-9999.0 -9999.0 -9999.0 -9999.0 -9999.0 -9999.0 -9999.0 -9999.0 -9999.0 -9999.0 -9999.0 -9999.0 1.0467314752 2.77519722946 3.5813199403 5.95037227881 0.609249205704 1.26134019194 1.85503128699 7.64108509014 8.09990707232 8.44982667424 8.86665707245 9.39009892443 14.4122027658 15.8992232015 16.7031133266 0.297388744082 1.82050513794 2.10604661315 31.1999612629 32.1227497107 32.5642224027 33.0151422686 33.3923188537 125.179326947 0.216558844198 249.905065187 0.432058083432 0.198404951979 1.98909288216 1.71873362514 0.234567296069 0.915132210953 1.42372431701 1.39207297482 0.951969171247 1.55844756713 2.47127347888 0.929900352811 2.4318997883 0.193194121621 0.290110105859 0.0703496685045
-9999.0 -9999.0 -9999.0 -9999.0 -9999.0 -9999.0 -9999.0 -9999.0 -9999.0 -9999.0 -9999.0 -9999.0 0.937191681755 1.85074381954 0.821118865382 1.62925145674 0.632869720297 5.29382032224 6.46543550002 7.09233292143 0.546095977326 1.0354389006 11.0829479709 13.5394875249 13.9690978657 0.986292724789 0.947327422867 1.34979823264 0.24013558881 0.209538826847 0.393350519138 0.177727143322 17.9415575526 18.1158454482 18.2844310437 125.422174384 251.552236683 250.105086724 0.296472561452 0.146231853681 0.130374010115 0.484609119074 0.379859611131 1.10800276958 1.66450582622 3.35281781718 0.299567566098 0.296022423445 2.71935106719 2.98290223921 5.89282478119 6.06165613744 6.42943544589 6.56019539091
-9999.0 -9999.0 -9999.0 -9999.0 -9999.0 -9999.0 -9999.0 -9999.0 -9999.0 -9999.0 -9999.0 -9999.0 -9999.0 0.823967497614 1.67543425766 2.55350781985 3.93889551867 0.722273732981 0.6142088568 4.83006919207 5.37292459232 10.1234571857 10.7256662643 1.60710575153 0.519972613867 0.458005592542 0.460506477229 16.6639464262 16.93968614 17.1948865116 17.400605825 17.7716787158 2.44716085439 2.63007918323 21.0951726083 398.180714571 1.13632382258 0.942288605897 0.467915441526 0.123190277604 0.104051965522 0.741775600998 0.823321227414 1.31012483741 0.0992489179902 3.47752196819 0.478498628593 0.463873081212 0.0947714169401 0.0643840343745 0.058807386941 0.0637264567411 0.0646259242523 6.6284612448
-9999.0 -9999.0 -9999.0 -9999.0 -9999.0 -9999.0 -9999.0 -9999.0 -9999.0 -9999.0 -9999.0 -9999.0 -9999.0 -9999.0 0.782472697768 1.59283419179 2.3000786623 2.99458348267 3.61005133263 4.26141802998 1.83538357043 3.11944559106 0.57411436566 0.52507341567 14.3428645901 15.3466342965 15.7882912965 16.3007795918 0.365634028911 0.63517282218 1.68895148253 2.00229817741 2.24825605924 0.236732369152 0.193861011317 398.743915352 0.193378317894 0.308379538721 0.152491676619 0.453904130173 0.21524780302 0.128173759957 2.26409943551 2.38003318923 0.0715738872117 3.56509994606 4.12126327129 0.547788390852 95.6521449151 95.4925141651 95.3555679004 95.0469275562 94.9271516934 92.4649685194
-9999.0 -9999.0 -9999.0 -9999.0 -9999.0 -9999.0 -9999.0 -9999.0 -9999.0 -9999.0 -9999.0 -9999.0 -9999.0 -9999.0 0.205083294764 0.458350699096 0.741532296138 6.82864274785 7.44877963011 0.646696700563 0.626007553133 0.634751073506 12.114629038 13.3366639363 0.584857445791 0.58913315526 0.400222355232 1.72045387005 2.15217223666 1.09447241999 1.3773240372 10.6906766249 10.9810601221 11.5806431123 18.1299060057 417.021122166 0.205495203271 0.110721829319 0.667403535563 0.560536834343 0.102360433213 0.346293834261 0.458330280177 2.50655975945 2.60985664775 6.92187277925 4.16059970716 0.596293246352 97.742276117 0.9887917571 95.2276874285 95.1442378631 2.34077083655 0.0924234168329
-9999.0 -9999.0 -9999.0 -9999.0 -9999.0 -9999.0 -9999.0 -9999.0 -9999.0 -9999.0 -9999.0 -9999.0 -9999.0 -9999.0 1.05143549717 1.71969239324 3.50663604848 6.12088599911 8.12266378357 9.69171891233 10.3120184813 10.9617206377 11.595858637 0.57959087897 0.485202089279 0.936564574236 0.859113009794 0.463708853121 9.38084989225 9.79137848781 10.1715787204 10.5279452653 5.6198633372 5.90465651292 6.28815965334 417.151450949 0.376616133597 0.362757843777 1.11236248795 0.0931765111321 0.239481764033 0.133241960862 0.100565044029 0.568626819451 0.0760717344497 0.0823925416433 105.206028227 98.2238379025 98.1345619161 0.434680031734 0.921517992728 0.585403770077 0.128440817914 2.13035693558
-9999.0 -9999.0 -9999.0 -9999.0 -9999.0 -9999.0 -9999.0 -9999.0 -9999.0 -9999.0 -9999.0 -9999.0 -9999.0 -9999.0 0.734146782774 0.671014111373 1.31116625892 1.99883260135 0.853749245391 0.873757802936 1.55273555533 2.19508478768 3.39406590183 3.98449930985 4.46369025816 5.91279509698 6.34699526295 6.85496294505 0.444991488276 4.43408923736 4.78737342212 5.11265989178 0.252110125926 0.135089648285 0.224128012453 423.464201808 423.588256339 424.215096431 1.38775816784 0.198520850406 0.343228939376 0.0860632896471 0.177125267684 0.652750620425 0.797344915026 0.146638999042 105.608449818 0.140362406915 0.235798580915 0.267711395293 0.197789119181 0.361629785709 0.14593212866 1.4523286768
-9999.0 -9999.0 -9999.0 -9999.0 -9999.0 -9999.0 -9999.0 -9999.0 -9999.0 -9999.0 -9999.0 -9999.0 -9999.0 -9999.0 -9999.0 0.623284219495 1.22657527859 0.612787050251 1.28592093428 7.7982263147 8.41789804082 8.99533475503 0.598080697369 0.598283393288 1.07408311684 1.57662312556 2.40140053846 2.84672997472 3.16106116613 3.58384217758 0.30736448365 0.268600190469 5.55401719113 5.7082900893 5.82171115064 5.95151426575 4.99328046656 429.774585924 432.005140934 432.087318955 432.489621355 432.905396631 433.152776833 0.0663174415786 0.863647360771 105.672635641 0.162475665352 0.0845035923796 0.10503916413 0.102612139708 0.175170403362 0.168541651548 0.105525488667 0.179706317522
-9999.0 -9999.0 -9999.0 -9999.0 -9999.0 -9999.0 -9999.0 -9999.0 -9999.0 -9999.0 -9999.0 -9999.0 -9999.0 -9999.0 -9999.0 -9999.0 1.81734942419 2.44244725864 4.3596101975 5.80391312439 0.781728021835 10.5218819409 11.0986810559 11.6059900111 0.504297442835 0.97381693435 0.405755423033 3.23881242259 3.49549163737 3.92323561343 4.36110360793 5.21158270415 5.37934140144 0.10308678841 4.45790833074 4.72545882985 4.87042164023 5.42656097398 0.720061035459 0.44881009359 0.262932910538 0.243108458906 433.415275626 433.532402216 434.996863003 105.734976178 0.480155432735 0.261050917552 0.173898041508 0.0512866351439 0.538771894783 0.291899855564 0.0907134574769 0.533207211115
-9999.0 -9999.0 -9999.0 -9999.0 -9999.0 -9999.0 -9999.0 -9999.0 -9999.0 -9999.0 -9999.0 -9999.0 -9999.0 -9999.0 -9999.0 -9999.0 0.640644890258 3.07951781602 3.7673151394 0.792336924674 0.639240656419 1.34373247431 1.95944692665 14.1081079286 0.493841345712 2.0015095337 2.43658876671 2.86127894606 0.278189409664 0.648745480219 0.824597823446 3.52934730242 3.94085666555 4.08276562346 0.148905592977 0.123280256099 0.148530566634 0.278213795488 0.119654287648 0.115096471064 0.17201537643 0.128920865486 0.1887086754 0.52865053956 435.138483981 541.195140041 0.588792548875 0.101589333254 0.0515584357799 1.75932227783 1.64293640139 1.00767977305 0.908346349003 0.679308687471
-9999.0 -9999.0 -9999.0 -9999.0 -9999.0 -9999.0 -9999.0 -9999.0 -9999.0 -9999.0 -9999.0 -9999.0 -9999.0 -9999.0 -9999.0 0.524226174052 1.73033538374 0.568627496359 0.768111278213 0.72667212902 1.38717408848 2.04082372014 2.63261756924 17.2979697013 17.7605601262 0.485241174593 0.921192415569 1.36747062954 1.69544559759 2.03141539901 3.08286922676 3.3891590789 0.234541224873 0.166425700259 0.122675326594 0.125701885369 0.15667933694 0.187538306068 0.157165416665 0.199687691384 0.595538134893 0.270687163282 0.127212954205 0.121664109855 0.118284986905 0.214327152782 546.539438262 4.6895328498 2.07976647482 0.182200410193 0.0780188493201 0.0636711002188 0.227689439369 0.156735607729
-9999.0 -9999.0 -9999.0 -9999.0 -9999.0 -9999.0 -9999.0 -9999.0 -9999.0 -9999.0 -9999.0 -9999.0 -9999.0 -9999.0 0.568011318657 1.06706525654 3.86511347362 0.532323550941 1.47268658869 2.15315368062 2.76356631629 0.66711819365 1.21202518433 1.82154179885 20.0928669695 0.438674873689 0.827150941843 1.23449085851 0.382349252166 0.750812206162 0.949915998224 1.20422496301 34.4293126658 34.8062336881 35.1461970998 36.9767945121 37.4108973195 38.6402472862 0.286502098642 0.637713612404 0.730406989007 42.215252519 42.4375145852 0.108627362045 0.182004592433 0.251541354202 546.627088564 4.51117396845 2.20658648899 2.11444707199 1.65589834163 1.43536490822 0.301040751981 0.0734437670898
-9999.0 -9999.0 -9999.0 -9999.0 -9999.0 -9999.0 -9999.0 -9999.0 -9999.0 -9999.0 -9999.0 -9999.0 -9999.0 -9999.0 0.579047990145 1.74642281658 6.17623779348 9.08074701316 0.454631861753 11.8413733113 15.158430967 0.593284910133 1.12492365791 1.72125803136 25.0482795354 25.5157308426 0.355457153066 1.96358205208 2.30655331496 2.60521999459 31.8317550381 32.5822482865 33.0574971066 0.233206979426 1.27501777998 1.54689369534 0.651081131939 0.933196686704 39.9200310685 40.9542338081 41.1794615638 41.3864944464 42.6513329541 0.103213087267 0.0930186163258 0.415801941463 546.74083591 0.136562362381 0.12672357857 0.382038274471 0.152170697473 1.30313762614 1.04494894564 0.624294482575
-9999.0 -9999.0 -9999.0 -9999.0 -9999.0 -9999.0 -9999.0 -9999.0 -9999.0 -9999.0 -9999.0 -9999.0 -9999.0 -9999.0 -9999.0 -9999.0 1.19915433562 2.40294413649 10.7160618125 11.3210229022 15.6716718172 16.2398418668 0.602155995802 1.20587829213 2.77155770973 25.9829743189 26.7907119853 27.087988369 0.239191492659 28.2336696286 28.9945714225 0.498922963696 0.230287282673 0.429323676454 0.846149233765 0.21217316649 0.421276982885 0.886384369709 1.11118678059 0.220018320108 0.13666811042 0.264709512007 43.6696791154 43.9608118972 44.0350057197 44.6909824149 546.83746829 0.0801592356101 0.0794896218741 0.103706605306 0.101505924272 0.105116892462 0.0902768927595 0.164347727926
-9999.0 -9999.0 -9999.0 -9999.0 -9999.0 -9999.0 -9999.0 -9999.0 -9999.0 -9999.0 -9999.0 -9999.0 -9999.0 -9999.0 -9999.0 -9999.0 0.624678185516 0.605567269558 0.591498675019 1.18439838519 0.512136264954 17.2612957037 17.7722288951 0.539967135956 1.06850474382 0.51279071203 0.40893065264 0.389914262464 27.7517916047 0.24569792455 0.519612252871 0.270755479736 0.2351881977 0.205846477626 0.153637942737 0.163324957888 0.522998892537 0.728893526182 0.135055647834 0.109979219659 0.253272876388 0.443283859996 0.580679744624 0.154036462664 44.183463774 44.7725148966 546.902669145 0.353885290059 0.203101145558 0.0545914539542 0.145016100082 0.0447946206181 0.0356886748837 0.204113497216
-9999.0 -9999.0 -9999.0 -9999.0 -9999.0 -9999.0 -9999.0 -9999.0 -9999.0 -9999.0 -9999.0 -9999.0 -9999.0 -9999.0 -9999.0 -9999.0 -9999.0 -9999.0 0.594803439855 1.7141749527 2.1641273355 2.6583728119 18.2652305165 18.7711471119 19.2693733879 19.8147120635 20.1881913754 20.9813859299 21.2082421393 21.4323864935 21.6163654316 0.177205261772 0.169768501435 0.191563357909 0.684967610731 0.19152658526 0.187753098934 0.132304356594 0.394740838695 0.16342921386 0.121002872085 0.1090746228 0.0921967422682 0.183879676919 0.270285318243 45.3395081667 592.666682794 0.0671496988674 0.151475863952 0.042316446156 0.192586973379 0.0961996672054 0.0717961378621 0.756031554551
-9999.0 -9999.0 -9999.0 -9999.0 -9999.0 -9999.0 -9999.0 -9999.0 -9999.0 -9999.0 -9999.0 -9999.0 -9999.0 -9999.0 -9999.0 -9999.0 -9999.0 -9999.0 -9999.0 0.466340286938 3.85820401838 7.55545561925 8.06660328905 0.727835857241 1.30029475533 1.82627227188 2.23295509631 5.12924145983 5.31666138966 0.179302952771 0.186124445594 21.9979824868 22.3349408073 22.4866988852 0.803404580378 0.102740030256 0.302114596375 0.440977960256 1.34254188127 1.65279890149 1.88579065261 0.207084834126 0.288330226072 0.101832474129 0.20723479823 0.110456533444 592.85838587 0.0644918213108 0.272386410015 0.123070357932 0.362535261564 0.742484613737 0.854464140271 1.65050976279
-9999.0 -9999.0 -9999.0 -9999.0 -9999.0 -9999.0 -9999.0 -9999.0 -9999.0 -9999.0 -9999.0 -9999.0 -9999.0 -9999.0 -9999.0 -9999.0 -9999.0 -9999.0 0.542094341776 1.75143654313 3.40385963703 4.42056599971 11.1899539045 11.8064725622 1.14104343615 1.67848273562 2.11655482486 2.53659178288 5.52604596369 5.89910550064 10.3106344315 10.6600510034 10.8251756463 22.6469265665 23.8546345619 0.271236986526 0.209331040014 0.195005804142 0.377366208765 0.171279166579 2.21699248838 2.32859851543 0.380862267308 0.462558676597 0.0857837900208 140.887702545 141.125943647 734.114151365 734.484125439 0.0637389303138 0.497357938781 0.100660455913 0.0975041471807 1.84368122058
-9999.0 -9999.0 -9999.0 -9999.0 -9999.0 -9999.0 -9999.0 -9999.0 -9999.0 -9999.0 -9999.0 -9999.0 -9999.0 -9999.0 -9999.0 -9999.0 -9999.0 -9999.0 -9999.0 0.63395017943 0.612251865012 1.13281498339 2.65739592101 12.3100084174 0.598750748654 0.587675100959 1.01518415535 1.47237891957 3.53836998351 3.83821668966 0.238755588062 0.248185584843 11.0853179963 11.2583619268 35.2690106041 35.4006912257 0.0926936945242 0.0770312230247 0.0660097268633 0.0668769930002 0.0825790802467 138.743524888 139.512575524 140.086971783 140.294844885 140.810665619 0.136786056875 0.490966883433 0.592899250013 735.285174263 735.333598645 735.374445368 735.442852598 735.53598689
-9999.0 -9999.0 -9999.0 -9999.0 -9999.0 -9999.0 -9999.0 -9999.0 -9999.0 -9999.0 -9999.0 -9999.0 -9999.0 -9999.0 -9999.0 -9999.0 -9999.0 -9999.0 -9999.0 -9999.0 0.542100245106 0.577484588068 1.05337631286 14.3512209537 14.8808378627 0.565345625317 0.993178041765 1.46958966276 1.82363587088 0.291588918363 0.542512195442 31.6482647523 31.8269448137 32.0124953538 33.5094290538 69.0731800497 134.148493885 134.397575963 134.631883519 134.853658928 135.934535862 136.300821178 0.670749856462 0.286467183113 0.184598308543 0.342236799324 0.242941386575 0.392382124538 0.124943847986 2.78606803619 3.09169599763 3.28900457704 3.33176504536 735.570375459
-9999.0 -9999.0 -9999.0 -9999.0 -9999.0 -9999.0 -9999.0 -9999.0 -9999.0 -9999.0 -9999.0 -9999.0 -9999.0 -9999.0 -9999.0 -9999.0 -9999.0 -9999.0 -9999.0 -9999.0 -9999.0 0.551500162744 1.04942607327 1.55325019598 15.3014987187 0.496120530787 20.6789858219 21.1803999184 21.4651960993 21.7299794652 30.5259204765 30.858700195 0.208037909155 1.09388264549 1.35406975196 0.22969531199 64.8345432904 64.4136422466 0.127787665183 0.309672954897 0.878749328279 0.203299556196 0.221558696799 0.145497139774 0.121893617471 0.0887252851437 0.112562734384 2.3894221122 2.51386211889 2.67161120658 0.211536609458 0.126999237121 3.40199497099 3.46873067093
-9999.0 -9999.0 -9999.0 -9999.0 -9999.0 -9999.0 -9999.0 -9999.0 -9999.0 -9999.0 -9999.0 -9999.0 -9999.0 -9999.0 -9999.0 -9999.0 -9999.0 -9999.0 -9999.0 -9999.0 -9999.0 0.488453988487 0.452784082092 2.37201784399 18.6884964131 19.7078087382 20.2614553548 0.492264589311 8.02200996912 8.30922165847 8.46548404187 0.286941417139 0.538021952053 0.741330090298 14.2878735247 14.4509269471 14.5966103248 64.1441577612 40.4026732578 0.176791729867 0.194970372686 0.184313166621 0.138227053107 1.44810299323 1.73583933308 1.98088473536 2.12629241365 2.26470969921 15.8748516885 15.9701000561 16.0816946491 16.342730443 17.454389332 17.4968052853
-9999.0 -9999.0 -9999.0 -9999.0 -9999.0 -9999.0 -9999.0 -9999.0 -9999.0 -9999.0 -9999.0 -9999.0 -9999.0 -9999.0 -9999.0 -9999.0 -9999.0 -9999.0 -9999.0 -9999.0 -9999.0 -9999.0 0.951250956279 1.46596492247 0.55825833302 0.590743676538 6.34611254205 6.86135771155 7.21055258977 2.87578851744 3.13074745476 3.40708016266 3.63466411853 13.9095867592 14.157702373 8.62855137998 23.4211760051 23.5989396673 40.269309824 0.376007289602 0.195983815125 0.120605953772 0.996205104741 1.18011191281 0.0974326125346 0.088381503751 15.4122684483 15.6601818281 15.7841888317 0.128679872508 0.193260789777 17.3166443879 0.0999629423291 0.376452135182
-9999.0 -9999.0 -9999.0 -9999.0 -9999.0 -9999.0 -9999.0 -9999.0 -9999.0 -9999.0 -9999.0 -9999.0 -9999.0 -9999.0 -9999.0 -9999.0 -9999.0 -9999.0 -9999.0 -9999.0 -9999.0 -9999.0 0.477875376301 0.943347436856 4.09810295822 4.68963439861 5.26571112518 2.20743250726 2.61676432636 0.287817052004 9.54330026483 9.80101415186 10.0555842726 0.235610652224 8.17884796735 8.43920195176 0.188990017267 39.2917694091 0.428732537312 0.213287093649 0.542223794906 0.739045878399 0.14122545757 0.105589498321 14.120219684 15.1899515022 15.3416052123 0.157094340392 0.323153225492 0.402866028637 0.455586724561 0.894085758179 0.132764927672 0.312640992084
