data/baseflow/History/mHMbfrc521
ncols                  80
nrows                 72
xllcorner      4374000.0
yllcorner      5656000.0
cellsize            500
NODATA_value       -9999
[rows 24 to 47 of 72, columns 0 to 53 of 80]
-9999.0 -9999.0 -9999.0 -9999.0 -9999.0 -9999.0 -9999.0 -9999.0 -9999.0 -9999.0 -9999.0 -9999.0 0.892648201497 2.49789650196 3.25964021072 5.54499858764 0.659412373345 1.34027009391 1.96760366748 7.69137333167 8.18462318967 8.50005715846 8.95882565541 9.46774846431 14.906197575 16.4262059835 17.1774020047 0.254528582215 1.87903095249 2.09541669215 31.6731855249 32.5627359126 32.9539838744 33.3524885646 33.7232949066 130.993813994 0.234661091141 270.896081013 0.367715570394 0.153931834946 2.0939356077 1.84334001906 0.259488406713 0.992970636469 1.48980490572 1.46102270179 0.993048672746 1.62329103005 2.55622735674 0.952224593807 2.36689316241 0.193769237029 0.28178666588 0.047886614643
-9999.0 -9999.0 -9999.0 -9999.0 -9999.0 -9999.0 -9999.0 -9999.0 -9999.0 -9999.0 -9999.0 -9999.0 0.835105375742 1.66598619213 0.769519953208 1.53654155065 0.667578947079 5.16429431554 6.4338312533 7.08589168069 0.590669615526 1.11844157069 11.368509504 13.9880842203 14.4579802256 1.00135237343 1.07099850267 1.50354574344 0.190321718801 0.173345902131 0.326711877662 0.178203159848 17.7999216884 18.0219145261 18.2157216591 131.278000651 272.659936459 271.082131431 0.229623130599 0.107050644469 0.096145657939 0.475157190269 0.388263562802 1.1858477994 1.75424099701 3.52911488505 0.312499518301 0.309762708379 2.81105910082 3.07586105891 5.89717670486 6.03642083769 6.36917695689 6.45856756165
-9999.0 -9999.0 -9999.0 -9999.0 -9999.0 -9999.0 -9999.0 -9999.0 -9999.0 -9999.0 -9999.0 -9999.0 -9999.0 0.789613587745 1.5766658105 2.37183791884 3.76702755726 0.730316238486 0.656531671264 4.80429261846 5.3974308439 10.386961418 10.9849743992 1.65983447994 0.545982390343 0.495485045682 0.486333936313 16.5949809775 16.8702312155 17.0863920713 17.2519087221 17.6039068027 2.52205740845 2.71504655237 21.1977146661 425.291117196 1.16329315629 0.871880176941 0.373628078616 0.106445215306 0.0839534886242 0.662466256113 0.72453988095 1.3447375693 0.0810898844589 3.64654467207 0.498576178025 0.485624007999 0.0792992538729 0.0502708483836 0.0423720245294 0.0520057052243 0.0423177162139 6.50177801644
-9999.0 -9999.0 -9999.0 -9999.0 -9999.0 -9999.0 -9999.0 -9999.0 -9999.0 -9999.0 -9999.0 -9999.0 -9999.0 -9999.0 0.748353461675 1.4968152813 2.16499922305 2.83875756294 3.49624296209 4.17337746377 1.95589555997 3.25390616 0.591000467905 0.562237753904 14.1154232946 15.1911170722 15.6871186474 16.2132788079 0.372273939415 0.653350710311 1.75591428039 2.03321918852 2.27893300906 0.241732654262 0.171202330608 425.96495217 0.278173378311 0.342235272813 0.202030183334 0.509368608535 0.221198250166 0.150857860085 2.17552529158 2.27060548624 0.0645329055504 3.72221195372 4.29474991777 0.584013633147 82.2071646684 82.0705581861 81.9636936339 81.7281372283 81.626267412 80.1615198341
-9999.0 -9999.0 -9999.0 -9999.0 -9999.0 -9999.0 -9999.0 -9999.0 -9999.0 -9999.0 -9999.0 -9999.0 -9999.0 -9999.0 0.195581154807 0.432990449994 0.687786913173 6.52839223943 7.20464036604 0.687620760668 0.660851910679 0.652915323797 11.8186210099 13.0393005818 0.581818827235 0.588214304534 0.470478862191 1.96402369856 2.44223464999 1.14118480725 1.44470209772 11.5047643455 11.8463910969 12.4524813979 19.4522342487 445.600148612 0.29287365094 0.15593006971 0.828126888613 0.669947461529 0.0909857264377 0.342913366217 0.438767994547 2.37485190224 2.459017512 6.92189249114 4.32974733472 0.645685416648 83.9969328715 0.72770541359 81.8665826095 81.8018228311 1.37745697044 0.057189521983
-9999.0 -9999.0 -9999.0 -9999.0 -9999.0 -9999.0 -9999.0 -9999.0 -9999.0 -9999.0 -9999.0 -9999.0 -9999.0 -9999.0 0.972685147313 1.60612325065 3.30407811116 5.80904710881 7.83654583817 9.30202497358 9.95597091692 10.6202760434 11.2520573654 0.594883731768 0.535447127913 1.0450656686 0.976484051137 0.515036708557 10.0330250191 10.4983189928 10.9254063183 11.3262924411 6.11418641025 6.40961171825 6.78889634651 445.763423372 0.494948070584 0.545903455366 1.48536419998 0.152398861298 0.202697810323 0.109053536198 0.0880257684728 0.530619359948 0.0651228766419 0.0696157152656 91.3459810919 84.3686944111 84.293024286 0.323851419519 0.64609693921 0.40834871238 0.0849788362019 1.23923750922
-9999.0 -9999.0 -9999.0 -9999.0 -9999.0 -9999.0 -9999.0 -9999.0 -9999.0 -9999.0 -9999.0 -9999.0 -9999.0 -9999.0 0.67876961294 0.64755043821 1.27713804823 1.91651250416 0.757460969267 0.76595771235 1.44729879803 2.11747047126 3.36387183135 3.97776471866 4.5140829624 6.11725226427 6.60989780572 7.1479548647 0.481636127301 4.88147904437 5.27099004218 5.59538043785 0.223895577944 0.120138347523 0.238666985031 452.648434694 452.804180528 453.617002055 1.91011801713 0.31011258029 0.408394598434 0.112854520892 0.15462703252 0.60184281603 0.724946159348 0.12393024297 91.6692988979 0.105596103468 0.174455064318 0.197790117367 0.138107274201 0.252939381089 0.0992156559145 0.861327386922
-9999.0 -9999.0 -9999.0 -9999.0 -9999.0 -9999.0 -9999.0 -9999.0 -9999.0 -9999.0 -9999.0 -9999.0 -9999.0 -9999.0 -9999.0 0.61978399599 1.21495387377 0.585229279757 1.23241160239 7.49357577438 8.14100528865 8.78542765558 0.620529714648 0.621251143628 1.15641769195 1.70869153536 2.66737532118 3.16636105436 3.47917186435 3.94108088176 0.369507494123 0.323751251147 6.05159331371 6.16916363789 6.31836845861 6.47583632889 5.27995592985 459.539439152 462.392938306 462.531951836 463.061056484 463.611526176 463.841350951 0.0583049034569 0.781457793631 91.7272431176 0.13053568546 0.0673853207263 0.0775195217552 0.0774698250264 0.132273278278 0.123322853387 0.0735123623121 0.123278268255
-9999.0 -9999.0 -9999.0 -9999.0 -9999.0 -9999.0 -9999.0 -9999.0 -9999.0 -9999.0 -9999.0 -9999.0 -9999.0 -9999.0 -9999.0 -9999.0 1.80193344004 2.40238234853 4.23111915544 5.59304617829 0.723518399331 10.2302458628 10.8357216835 11.406272766 0.556848904149 1.09517760749 0.476354553454 3.65610832249 3.92742669473 4.36968526136 4.8224418458 5.77875943056 5.8870019938 0.0790138863908 4.66795840912 4.98059987389 5.13347403962 5.75938811671 0.788654164857 0.496718771275 0.296299351349 0.257412498679 464.166228707 464.289909335 465.603162941 91.7796259078 0.370812457613 0.19683587087 0.130658839455 0.0409921096734 0.396558287301 0.210610611269 0.0639495990562 0.361149855089
-9999.0 -9999.0 -9999.0 -9999.0 -9999.0 -9999.0 -9999.0 -9999.0 -9999.0 -9999.0 -9999.0 -9999.0 -9999.0 -9999.0 -9999.0 -9999.0 0.617496087643 3.0126103459 3.65795272674 0.746091488064 0.674333446147 1.36711409794 1.99226437088 13.989646574 0.557819333876 2.23425984863 2.73200429307 3.21872418336 0.294329328199 0.693102461558 0.88044572829 3.76737788067 4.13872198224 4.27847483044 0.159677718781 0.15287168953 0.177054826023 0.320864597207 0.139839199579 0.147283790023 0.22251580848 0.170334771213 0.197813981362 0.460978704616 465.72052022 557.749668458 0.503618312746 0.146967432833 0.0483941728876 1.24864635468 1.15698154964 0.691040594253 0.619923327912 0.461105992627
-9999.0 -9999.0 -9999.0 -9999.0 -9999.0 -9999.0 -9999.0 -9999.0 -9999.0 -9999.0 -9999.0 -9999.0 -9999.0 -9999.0 -9999.0 0.532841397227 1.70311871463 0.554021346636 0.770939722979 0.745856285295 1.4337480001 2.10788604063 2.72032612131 17.2515596544 17.7815226415 0.545461415384 1.03712650622 1.53495055307 1.87862982208 2.24051412565 3.309351753 3.61301075384 0.189247660063 0.189349044257 0.158814102899 0.11390549179 0.224101630005 0.223006547994 0.23748540889 0.273739106631 0.748699304768 0.293938904109 0.0907284047874 0.0868128728638 0.0828351744981 0.151932993661 561.567118642 3.20509462779 1.54627381897 0.141412676335 0.0647101669481 0.0447513795034 0.156874487583 0.107766274261
-9999.0 -9999.0 -9999.0 -9999.0 -9999.0 -9999.0 -9999.0 -9999.0 -9999.0 -9999.0 -9999.0 -9999.0 -9999.0 -9999.0 0.56138841635 1.08291602241 3.84556659966 0.51335832566 1.44744965143 2.17196045096 2.84075196979 0.694183539236 1.29106800298 1.89460228179 20.1741584477 0.514578733315 0.974028912781 1.44647517159 0.428451178632 0.843603428836 1.01800541792 1.29435779213 34.7287252232 35.1298627299 35.5809059314 37.3027268208 37.7921269842 38.9165162375 0.519268386654 1.09231601157 0.990858318064 42.6695296674 42.8346482477 0.0780422979676 0.13336628956 0.186035444187 561.643684777 2.96043476493 1.22432293473 1.1398355371 1.0131198443 0.930159534574 0.207949015636 0.0506576142249
-9999.0 -9999.0 -9999.0 -9999.0 -9999.0 -9999.0 -9999.0 -9999.0 -9999.0 -9999.0 -9999.0 -9999.0 -9999.0 -9999.0 0.573091406578 1.73648259321 6.15309315197 9.06544837098 0.451194247201 11.7751263027 15.157753722 0.644536787509 1.23150129263 1.8386947618 25.372938387 25.8442115895 0.389844047747 2.23558748838 2.59818966106 2.92423665315 32.2711987703 32.8661536269 33.2554485275 0.199151129966 1.14568882832 1.39842519533 0.512060275877 0.733504707812 39.8944294673 41.2863670934 41.4491178769 41.5989339194 42.9877247029 0.0736080564644 0.0644168837218 0.300889330057 561.737090303 0.104613396944 0.0206936150711 0.0586432276358 0.0227868977062 0.827402885904 0.727965525668 0.43496999053
-9999.0 -9999.0 -9999.0 -9999.0 -9999.0 -9999.0 -9999.0 -9999.0 -9999.0 -9999.0 -9999.0 -9999.0 -9999.0 -9999.0 -9999.0 -9999.0 1.20460411533 2.40785369426 10.6927059575 11.2761547942 15.6663506285 16.2150331327 0.628174566292 1.25632135283 2.91325365351 26.2835877131 27.1003939652 27.4193280083 0.250700535238 28.5425164545 29.1295605467 0.38287833405 0.191534057519 0.362066888648 0.700249418927 0.169169941618 0.330636815147 0.681515675897 0.850067196844 0.166070448481 0.104273520567 0.20216762426 43.8215283804 44.1653391712 44.219761057 44.6878026469 561.819202595 0.0692960454586 0.0116617829218 0.0141858159256 0.0132261707053 0.0138181169002 0.0110071220487 0.0197933759202
-9999.0 -9999.0 -9999.0 -9999.0 -9999.0 -9999.0 -9999.0 -9999.0 -9999.0 -9999.0 -9999.0 -9999.0 -9999.0 -9999.0 -9999.0 -9999.0 0.624385198744 0.60721818882 0.589534761815 1.15514929369 0.497331489228 17.2096469007 17.7040463115 0.579173126931 1.13072333792 0.507737224387 0.396173725657 0.381068136868 28.0565730678 0.181908234655 0.365269908667 0.222185725318 0.195944161936 0.169831094929 0.125138697989 0.13143864872 0.401796222727 0.553917761166 0.101885388475 0.086787805537 0.192304356315 0.328355862873 0.447401766494 0.172484899033 44.3229948352 44.7443360321 561.881294626 0.186839793458 0.0452125266616 0.00640634812193 0.0179952916332 0.00491755882009 0.0036774681571 0.0239386492839
-9999.0 -9999.0 -9999.0 -9999.0 -9999.0 -9999.0 -9999.0 -9999.0 -9999.0 -9999.0 -9999.0 -9999.0 -9999.0 -9999.0 -9999.0 -9999.0 -9999.0 -9999.0 0.600347370605 1.692883904 2.15142381095 2.63582188187 18.1836053642 18.6779491734 19.1540318577 19.6651293606 20.0336951271 20.8006412927 20.9860061319 21.1494382794 21.3114523219 0.170646464521 0.155886009956 0.165332971859 0.5620858575 0.149982666746 0.140278651033 0.104986971266 0.303694214393 0.121571608624 0.0911898078738 0.0835088833203 0.0700163761134 0.139692999146 0.203839271696 45.1650636899 607.299868552 0.0678681390693 0.124287909254 0.00490553293429 0.0238215260668 0.0122985415046 0.00741612599507 0.422459379368
-9999.0 -9999.0 -9999.0 -9999.0 -9999.0 -9999.0 -9999.0 -9999.0 -9999.0 -9999.0 -9999.0 -9999.0 -9999.0 -9999.0 -9999.0 -9999.0 -9999.0 -9999.0 -9999.0 0.480724233906 3.93011264995 7.62636176265 8.12009431709 0.678143623734 1.25611622995 1.81041719422 2.23981910991 5.18008058016 5.36158358914 0.175275274798 0.168863282255 21.7447931993 22.0744288887 22.2102576021 0.658741389558 0.0832455486706 0.221214898504 0.322468779473 0.981676375528 1.20624100412 1.37834787975 0.15546899885 0.216310572907 0.0742915769536 0.149988469452 0.0789185215004 607.458022291 0.0526994462621 0.232874326133 0.0572852419574 0.114034353817 0.483651247214 0.521796820169 0.978303369812
-9999.0 -9999.0 -9999.0 -9999.0 -9999.0 -9999.0 -9999.0 -9999.0 -9999.0 -9999.0 -9999.0 -9999.0 -9999.0 -9999.0 -9999.0 -9999.0 -9999.0 -9999.0 0.551199790415 1.77217281381 3.45743291791 4.502421657 11.3402654374 11.9328068466 1.15765578486 1.71765655624 2.177413313 2.59751848126 5.54212827845 5.899546454 10.1621683459 10.5021604826 10.7437196928 22.3431509955 23.3172049054 0.211423093022 0.149339247319 0.139476173934 0.264444496813 0.117877208334 1.60698710391 1.68768860274 0.289577517433 0.40678137848 0.158795448871 126.705326344 126.905942392 734.474301566 734.806767742 0.0651722360208 0.251386186153 0.186367711954 0.148227165627 1.23660965583
-9999.0 -9999.0 -9999.0 -9999.0 -9999.0 -9999.0 -9999.0 -9999.0 -9999.0 -9999.0 -9999.0 -9999.0 -9999.0 -9999.0 -9999.0 -9999.0 -9999.0 -9999.0 -9999.0 0.639223504386 0.6218147033 1.16136807159 2.73761835453 12.4436247155 0.59459380756 0.587396469444 1.03581539201 1.4951955692 3.4833148226 3.72903754219 0.181538307494 0.213682900497 10.9461374199 11.0832709767 34.5721916041 34.7374911565 0.067097155599 0.0575723213213 0.0472696059932 0.0477891115862 0.0577296704669 124.917485112 125.450554695 125.955658188 126.227800981 126.583752681 0.0954144331213 0.348943681294 0.416232775698 735.387408639 735.444814828 735.498634656 735.602352088 735.724936942
-9999.0 -9999.0 -9999.0 -9999.0 -9999.0 -9999.0 -9999.0 -9999.0 -9999.0 -9999.0 -9999.0 -9999.0 -9999.0 -9999.0 -9999.0 -9999.0 -9999.0 -9999.0 -9999.0 -9999.0 0.55894078111 0.590985328898 1.08575112385 14.5558013979 15.0636775347 0.575198274789 1.02109154778 1.49115505009 1.78196010702 0.242888489279 0.493921483064 31.3547124947 31.4992384313 31.7003383508 32.9694783371 67.8630983389 121.714971963 121.891956413 122.050452558 122.201300187 122.908640696 123.14826091 0.457194322121 0.199691207218 0.126824555594 0.23610867454 0.174303091601 0.277790423092 0.0867098606393 1.98635665118 2.31065769702 2.54888471156 2.57760460309 735.77699016
-9999.0 -9999.0 -9999.0 -9999.0 -9999.0 -9999.0 -9999.0 -9999.0 -9999.0 -9999.0 -9999.0 -9999.0 -9999.0 -9999.0 -9999.0 -9999.0 -9999.0 -9999.0 -9999.0 -9999.0 -9999.0 0.569844488274 1.0876247681 1.6101319302 15.4935447695 0.487070676647 20.8992390277 21.3832828067 21.6279455736 21.9005971895 30.3117906982 30.6071193735 0.159312595609 0.90626430593 1.11846082431 0.164214182121 53.6802818336 53.386985671 0.0825253008864 0.197464087979 0.566039956504 0.131145147064 0.147253794953 0.10255907483 0.0890740238983 0.0672486765278 0.0829515587803 1.70946625047 1.79849788238 1.90902023102 0.26430675258 0.19269848052 2.66371236382 2.70708774269
-9999.0 -9999.0 -9999.0 -9999.0 -9999.0 -9999.0 -9999.0 -9999.0 -9999.0 -9999.0 -9999.0 -9999.0 -9999.0 -9999.0 -9999.0 -9999.0 -9999.0 -9999.0 -9999.0 -9999.0 -9999.0 0.510718897427 0.475617919702 2.47973860211 18.971921206 19.9618111291 20.4593797126 0.455114824019 7.81208457698 8.02604153197 8.13866970986 0.260663976406 0.450372809276 0.608474941005 12.1540550531 12.2749329257 12.3755850502 53.2061841063 33.618347459 0.111030235149 0.12607413653 0.11958328762 0.0953424226063 1.03044903832 1.23678138327 1.41507504023 1.51911954391 1.61866251135 12.5415743882 12.6171689127 12.7517865821 13.0174639669 14.0534875073 14.0841049426
-9999.0 -9999.0 -9999.0 -9999.0 -9999.0 -9999.0 -9999.0 -9999.0 -9999.0 -9999.0 -9999.0 -9999.0 -9999.0 -9999.0 -9999.0 -9999.0 -9999.0 -9999.0 -9999.0 -9999.0 -9999.0 -9999.0 0.996149066389 1.52839791661 0.532522397404 0.585663922353 6.30638854173 6.77613620533 7.07982896021 2.56454235945 2.73567216369 2.93772262701 3.11625860714 11.8756654512 12.055106071 6.85124909465 19.3645335322 19.49006417 33.5334126561 0.256785082806 0.133890690458 0.0887879833243 0.71568822882 0.84385852054 0.075429362886 0.0695184266265 12.1970918047 12.3821885074 12.474822532 0.107162305199 0.178735456887 13.8718392996 0.0800606064989 0.2566883465
-9999.0 -9999.0 -9999.0 -9999.0 -9999.0 -9999.0 -9999.0 -9999.0 -9999.0 -9999.0 -9999.0 -9999.0 -9999.0 -9999.0 -9999.0 -9999.0 -9999.0 -9999.0 -9999.0 -9999.0 -9999.0 -9999.0 0.499913361466 0.987342295364 4.14259007513 4.69733257502 5.22792642948 2.04533904722 2.39189802732 0.184275843105 8.25795028292 8.42154023222 8.58906802431 0.174460528215 6.52252234778 6.70976579383 0.132551844901 32.8693240042 0.288822868158 0.143336647104 0.393064102907 0.527498845932 0.102132883104 0.0807510510663 11.2264441955 12.0280944721 12.1411065213 0.1149694938 0.251230226039 0.312571786737 0.392067041707 0.75483500451 0.0932183439351 0.213601313427
