data/baseflow/History/mHMbfrc417
ncols                  80
nrows                 72
xllcorner      4374000.0
yllcorner      5656000.0
cellsize            500
NODATA_value       -9999
[rows 24 to 47 of 72, columns 0 to 53 of 80]
-9999.0 -9999.0 -9999.0 -9999.0 -9999.0 -9999.0 -9999.0 -9999.0 -9999.0 -9999.0 -9999.0 -9999.0 0.625020105963 1.61253095821 2.07530549928 3.43865217949 0.356268971501 0.733937975765 1.07078572861 4.36968870157 4.60390557047 4.76968469348 4.95451623718 5.19131898797 8.10335637651 8.73483391154 9.01871387269 0.0847057254747 0.632047028453 0.707309975783 15.8111587096 16.0262590206 16.1396042163 16.2632247243 16.3307649826 66.410810259 0.126001550965 129.19078909 0.0517055939215 0.018028926199 0.695072474295 0.643770584238 0.0643766153376 0.35609289577 0.533225756976 0.523045639474 0.345883429346 0.562983374316 0.885657374007 0.330391271285 0.825732894363 0.0467066902076 0.072310718908 0.00426259910933
-9999.0 -9999.0 -9999.0 -9999.0 -9999.0 -9999.0 -9999.0 -9999.0 -9999.0 -9999.0 -9999.0 -9999.0 0.551246376837 1.08268086528 0.465160596781 0.931431838304 0.366548943982 3.03747950578 3.70369563132 4.05839155999 0.300706852591 0.555833164731 6.4670831323 7.74050267195 7.9205478736 0.429307356697 0.389301574058 0.522588193473 0.0564540109713 0.04614350982 0.0805339708347 0.0391653745679 11.8494606314 11.9022622246 11.9315428845 66.5635200417 129.635782922 129.205715158 0.0253297523923 0.0150315654093 0.0123333110834 0.0915091986559 0.081724948142 0.389681342023 0.602183384065 1.23445006443 0.107698635406 0.106842852424 0.953030261021 1.02065477889 1.9773833879 2.00664241725 2.08375018707 2.09188310397
-9999.0 -9999.0 -9999.0 -9999.0 -9999.0 -9999.0 -9999.0 -9999.0 -9999.0 -9999.0 -9999.0 -9999.0 -9999.0 0.469504487709 0.953724441268 1.45374883193 2.2531583164 0.419972304674 0.350328871806 3.08625391185 3.38555418505 5.99543602123 6.30475299308 0.860442292504 0.250490079494 0.20903689273 0.179913479135 11.5521799086 11.6279478025 11.6886892884 11.7286718397 11.8062025132 0.82847351888 0.88496618216 12.8584327252 209.138326448 0.263603022985 0.167496839042 0.0530298421552 0.0181139646146 0.010668529319 0.11512074225 0.121770774585 0.406213551884 0.00817967523366 1.24940803329 0.143483058147 0.13898151987 0.0076694915721 0.0043195633049 0.00382904646557 0.0141199460372 0.00391418058534 2.09643431791
-9999.0 -9999.0 -9999.0 -9999.0 -9999.0 -9999.0 -9999.0 -9999.0 -9999.0 -9999.0 -9999.0 -9999.0 -9999.0 -9999.0 0.451954609159 0.994194796721 1.51304702441 2.03532548415 2.38853640528 2.7604830174 1.02889017683 1.72796647973 0.30104952278 0.281113645372 10.4442335715 10.9602058984 11.180648862 11.4102392392 0.130172796608 0.210070855808 0.617639463705 0.685705429084 0.754878469095 0.0708166897889 0.0836461404636 209.461882081 0.105626218567 0.0894678891238 0.0435034902255 0.108400520045 0.0495319190535 0.0311829768475 0.549995949768 0.598373837754 0.0171216081107 1.27489866294 1.42329911469 0.14393557709 26.9438590337 26.9312290029 26.9211684724 26.885763104 26.8562075133 26.549189554
-9999.0 -9999.0 -9999.0 -9999.0 -9999.0 -9999.0 -9999.0 -9999.0 -9999.0 -9999.0 -9999.0 -9999.0 -9999.0 -9999.0 0.19159405849 0.406916411488 0.537407332866 6.11929585445 6.47829995102 0.372173345229 0.344944627044 0.347592664376 9.29410700566 9.92909879847 0.290371092554 0.296376863576 0.203006099475 0.86643151647 1.07048657301 0.413637314428 0.516571910554 5.41569026203 5.52247989918 5.77498234122 8.7426862909 218.305676544 0.116862871806 0.0353414220148 0.184901502901 0.146483562469 0.0321687148342 0.0975429686526 0.129375814051 0.633731029707 0.665763668505 2.14178312618 1.43786114898 0.15475560332 27.4231504103 0.217010178464 26.9105706006 26.8991094856 0.279359432849 0.0474516273181
-9999.0 -9999.0 -9999.0 -9999.0 -9999.0 -9999.0 -9999.0 -9999.0 -9999.0 -9999.0 -9999.0 -9999.0 -9999.0 -9999.0 0.957753494836 1.5856759559 3.12881583651 5.65276119764 7.04252771788 7.98305300063 8.32870608426 8.68626170678 9.01813127727 0.302282947035 0.248339467877 0.480620320602 0.431237714802 0.230129303552 4.81355241316 5.00959953769 5.18225128437 5.33640416984 2.60273659776 2.6552729983 2.831278343 218.390148906 0.229689178999 0.103213299724 0.316921734284 0.0360944291201 0.0999202993977 0.0625554499926 0.02916233831 0.174105100778 0.024746399133 0.0255865896478 29.7051754595 27.5429876834 27.5162812921 0.0954515865532 0.207454390163 0.11623001272 0.0147643605337 0.169857967273
-9999.0 -9999.0 -9999.0 -9999.0 -9999.0 -9999.0 -9999.0 -9999.0 -9999.0 -9999.0 -9999.0 -9999.0 -9999.0 -9999.0 0.666008004795 0.661233882281 1.31430500849 1.93553967702 0.480352716659 0.458617936444 0.823430772849 1.1733652663 1.79674408398 2.10578828313 2.35429342158 3.09740417567 3.31402452073 3.56050545717 0.204955734773 2.19793687565 2.34065812206 2.4486397499 0.0687368158669 0.0396025635414 0.0597775708314 221.263247473 221.342470562 221.708022952 0.42826593409 0.0771179196509 0.136430799658 0.0273359178415 0.052817366066 0.202649678154 0.248559333237 0.0462743404939 29.8335106899 0.0504572078154 0.054208735046 0.0550728590759 0.0574710721224 0.0808379354006 0.0347119571855 0.138688997612
-9999.0 -9999.0 -9999.0 -9999.0 -9999.0 -9999.0 -9999.0 -9999.0 -9999.0 -9999.0 -9999.0 -9999.0 -9999.0 -9999.0 -9999.0 0.653922476035 1.27263082363 0.567283527108 1.14274452486 7.01273239148 7.3796259883 7.70050726951 0.311196375136 0.313010541365 0.560250252233 0.817720239258 1.23115128035 1.45370760104 1.61381697287 1.80021231749 0.137075288088 0.105099904482 2.57055077303 2.62323972454 2.66563382553 2.72852889175 2.4002703983 224.373468403 225.158395363 225.191347236 225.356033129 225.498895487 225.575628127 0.0234603826676 0.270548834188 29.8567266925 0.0482994425814 0.0247181093301 0.049749591869 0.0541243227217 0.0840082457529 0.0452172435437 0.0261857938427 0.0391871643132
-9999.0 -9999.0 -9999.0 -9999.0 -9999.0 -9999.0 -9999.0 -9999.0 -9999.0 -9999.0 -9999.0 -9999.0 -9999.0 -9999.0 -9999.0 -9999.0 1.88719243615 2.46365281487 4.21056618421 5.33761650082 0.530536773256 8.62808441803 8.92631712113 9.19562021049 0.257430483881 0.49952581678 0.203372009709 1.62927487014 1.76753443117 1.94321400844 2.0996338415 2.44679066682 2.5246847781 0.0497697327905 2.11015651064 2.24954409339 2.33799691775 2.58780472483 0.291009893931 0.167953466511 0.0793717984833 0.0750244189445 225.657112234 225.690106035 226.148395884 29.8805110879 0.161935259319 0.0934695698849 0.0694745597587 0.015605139904 0.178559384903 0.07460903343 0.0231385822385 0.118525574098
-9999.0 -9999.0 -9999.0 -9999.0 -9999.0 -9999.0 -9999.0 -9999.0 -9999.0 -9999.0 -9999.0 -9999.0 -9999.0 -9999.0 -9999.0 -9999.0 0.623078061204 3.06736032721 3.66637704242 0.537153325269 0.345358797381 0.715820108909 1.03193462661 10.5151791211 0.253695656153 1.0236494984 1.2398786307 1.4471132168 0.139813793931 0.299687337468 0.377148520607 1.67192953816 1.8385468 1.92210153145 0.0711210340406 0.0557005274125 0.052355955185 0.0964078970337 0.0352395302879 0.0368035922256 0.0520874580387 0.0472988714351 0.0521439187394 0.165046621558 226.184214141 256.158630362 0.198120869906 0.0438437331805 0.0193686291213 0.486096472093 0.451560041618 0.244908096396 0.214492914939 0.151277946037
-9999.0 -9999.0 -9999.0 -9999.0 -9999.0 -9999.0 -9999.0 -9999.0 -9999.0 -9999.0 -9999.0 -9999.0 -9999.0 -9999.0 -9999.0 0.595048889588 1.77747599733 0.567839178138 0.455864374809 0.392201121375 0.738176768791 1.08023641997 1.42089628104 12.3883052399 12.6248598823 0.246048601575 0.459501492207 0.677776932312 0.835459213852 0.968877508577 1.4134541625 1.58780484723 0.0621810397619 0.0596841541263 0.0516106649732 0.0529455466068 0.0552034828892 0.0611887175637 0.0518569714825 0.068554779603 0.229952343619 0.111998080066 0.0637386197817 0.0642206159774 0.0348922506816 0.0629298387529 258.330888488 1.94023244799 0.702149880433 0.157724963519 0.0862622539434 0.0364252354451 0.0895641529201 0.0481024216923
-9999.0 -9999.0 -9999.0 -9999.0 -9999.0 -9999.0 -9999.0 -9999.0 -9999.0 -9999.0 -9999.0 -9999.0 -9999.0 -9999.0 0.632059998242 1.20789719947 4.142204811 0.552704152216 0.953834526595 1.32428298996 1.6518690314 0.352266967032 0.635953866224 1.03820133382 14.0693889037 0.22680492094 0.421367881881 0.624159987931 0.180426845017 0.34928861697 0.408303299923 0.536924357878 20.7269807418 20.8472476854 20.9568979424 21.4379434656 21.6014558567 21.9376374544 0.0798975884599 0.186981975237 0.269522928934 22.9315385521 23.027566756 0.0577130619205 0.0800690199878 0.102319414739 258.396054969 1.86842790618 0.939608291546 0.827137154719 0.712471446279 0.617843680509 0.11694532133 0.0348323208074
-9999.0 -9999.0 -9999.0 -9999.0 -9999.0 -9999.0 -9999.0 -9999.0 -9999.0 -9999.0 -9999.0 -9999.0 -9999.0 -9999.0 0.632437154671 1.92044130499 6.68949421507 9.95671284987 0.51206948387 12.8676076446 15.0089057414 0.312837209962 0.586958935194 0.947797625973 16.8621790603 17.1750497304 0.153731166916 0.933447081794 1.07158326389 1.19031599837 19.8680393992 20.0260949191 20.1494253832 0.0649547118076 0.3546489743 0.419679429821 0.163616617971 0.226754201478 22.2587062322 22.5419570776 22.5896771934 22.6343727498 23.080386318 0.0258452186104 0.0228946626177 0.147709449578 258.452887378 0.101641084914 0.00688300533094 0.0198355652706 0.00752232241181 0.499641675877 0.487726406968 0.301976439241
-9999.0 -9999.0 -9999.0 -9999.0 -9999.0 -9999.0 -9999.0 -9999.0 -9999.0 -9999.0 -9999.0 -9999.0 -9999.0 -9999.0 -9999.0 -9999.0 1.33073255961 2.67890547046 11.7642286267 12.3789076796 15.5616258362 16.0674056407 0.30295784446 0.606468715558 1.41894397603 17.5661650108 17.9243147709 18.0495702238 0.0956355098208 18.4503779832 18.6098035855 0.102060519781 0.0661208436111 0.122131179261 0.237165483747 0.0573464287331 0.10994503824 0.228752534854 0.281175021147 0.0550131108204 0.0363913870632 0.0707566948913 23.3465588729 23.4263341759 23.4459938593 23.6536088401 258.498355649 0.0986524203134 0.0037182040207 0.00463160240358 0.00404065941586 0.00424014835976 0.00309735301845 0.00551678532467
-9999.0 -9999.0 -9999.0 -9999.0 -9999.0 -9999.0 -9999.0 -9999.0 -9999.0 -9999.0 -9999.0 -9999.0 -9999.0 -9999.0 -9999.0 -9999.0 0.693004495475 0.680105130058 0.64731697391 1.19600206376 0.521063318181 17.113873023 17.5749329699 0.294164586638 0.548049690425 0.217762788588 0.1637370273 0.156306941565 18.2783711764 0.049204631844 0.101005435941 0.0604715277443 0.0656081041761 0.0579894351934 0.0426604191375 0.044737670308 0.135921176637 0.187214194211 0.0352194503124 0.0315952005233 0.0684387357301 0.114910905527 0.150376705427 0.0414657573921 23.4793897872 23.6750380857 258.537188936 0.222129325139 0.00746868546691 0.00181081445532 0.00520940066966 0.00121736379311 0.000765725737917 0.00640121022528
-9999.0 -9999.0 -9999.0 -9999.0 -9999.0 -9999.0 -9999.0 -9999.0 -9999.0 -9999.0 -9999.0 -9999.0 -9999.0 -9999.0 -9999.0 -9999.0 -9999.0 -9999.0 0.67158378274 1.80750633262 2.33597535814 2.8530964682 18.0780612759 18.5744559631 19.0236218564 19.3791101651 19.5293470286 19.8440712752 19.891069046 19.9347352914 19.9706975961 0.056386082413 0.050901474027 0.0549092758281 0.190088041247 0.0510085481402 0.0472758014656 0.0358456665829 0.104030610012 0.0427565853312 0.0323478689303 0.0298411368094 0.0260032362638 0.0518899124784 0.0739159036331 23.8234980063 282.613828861 0.112927277297 0.167923643974 0.00116639410887 0.00670285818236 0.00309234304083 0.00154127031214 0.384882647619
-9999.0 -9999.0 -9999.0 -9999.0 -9999.0 -9999.0 -9999.0 -9999.0 -9999.0 -9999.0 -9999.0 -9999.0 -9999.0 -9999.0 -9999.0 -9999.0 -9999.0 -9999.0 -9999.0 0.574853730674 4.44919191123 8.50358550439 9.00500645724 0.467951469525 0.759826242896 1.01156730779 1.189903384 2.48162983024 2.53814609398 0.0561195628376 0.0524303371963 20.0900967511 20.1897889742 20.2345362565 0.22342657847 0.0304926312142 0.0768404828108 0.112383132669 0.336913174235 0.415875712932 0.477165289959 0.0558127050639 0.0771032528158 0.0258616499622 0.0513264795163 0.0264411981905 282.658206428 0.0801690398549 0.337268369489 0.0509662918724 0.0691429512233 0.428225251742 0.465684417957 0.894106913516
-9999.0 -9999.0 -9999.0 -9999.0 -9999.0 -9999.0 -9999.0 -9999.0 -9999.0 -9999.0 -9999.0 -9999.0 -9999.0 -9999.0 -9999.0 -9999.0 -9999.0 -9999.0 0.627056713795 1.98196111772 3.8875272331 5.09009307023 12.6400537859 13.1246303605 0.532690079334 0.787015491463 0.992359028898 1.15916208767 2.58205270227 2.68874991695 4.45820510123 4.59293268774 4.6436702807 20.2793694941 20.6141867798 0.0745416368423 0.0500033634942 0.0470604844906 0.0890257389191 0.0404687002344 0.555997216907 0.584868972602 0.101492612586 0.132570524494 0.0289223538768 83.0124761915 83.0668410807 365.756872329 366.187490909 0.10185448539 0.288129434103 0.12233935974 0.0744536722562 0.987178877759
-9999.0 -9999.0 -9999.0 -9999.0 -9999.0 -9999.0 -9999.0 -9999.0 -9999.0 -9999.0 -9999.0 -9999.0 -9999.0 -9999.0 -9999.0 -9999.0 -9999.0 -9999.0 -9999.0 0.702045929459 0.68068395912 1.29642159317 3.08436220515 13.6710794124 0.275302514115 0.271215128569 0.467248537705 0.677247369665 1.51733153592 1.58854140755 0.0762435112714 0.0942415074082 4.70906620586 4.75608867991 25.4154490197 25.4551479687 0.0258597082863 0.0228157895977 0.0189484148018 0.0191379849936 0.0208381378607 82.4650467224 82.6422159753 82.8073390599 82.8671939426 82.9836557111 0.030016301333 0.109849318026 0.131436510825 366.385946235 366.424407672 366.49062516 366.515459158 366.535680636
-9999.0 -9999.0 -9999.0 -9999.0 -9999.0 -9999.0 -9999.0 -9999.0 -9999.0 -9999.0 -9999.0 -9999.0 -9999.0 -9999.0 -9999.0 -9999.0 -9999.0 -9999.0 -9999.0 -9999.0 0.63220348101 0.65730859567 1.22404563894 16.0552222634 16.5193187169 0.263357548661 0.459920985556 0.676570203305 0.786653466953 0.0896585124832 0.176617623069 29.6704197111 29.7206227988 29.7821742379 30.2111370548 55.7154519371 81.3654995129 81.4286394149 81.4848836723 81.5387631788 81.7757943102 81.8526809792 0.147279495636 0.065900182163 0.0399741827091 0.074875267833 0.0546100137918 0.0869164707806 0.0269801408548 0.61211794024 0.768145743734 0.936434402656 0.94605914656 366.54733889
-9999.0 -9999.0 -9999.0 -9999.0 -9999.0 -9999.0 -9999.0 -9999.0 -9999.0 -9999.0 -9999.0 -9999.0 -9999.0 -9999.0 -9999.0 -9999.0 -9999.0 -9999.0 -9999.0 -9999.0 -9999.0 0.641071493348 1.22838735467 1.81835479906 17.0011057029 0.328951322862 22.2913868593 22.5133191878 22.5999211047 22.6978446026 29.2858110559 29.3977970072 0.0556548290718 0.320565727776 0.381353708592 0.0550018601205 25.5883107909 25.4898954056 0.0290538350582 0.0701590881883 0.189206637769 0.0420077066617 0.0452154058483 0.0334322468137 0.0283458485207 0.0216495399535 0.0257573540616 0.527837409581 0.554761884857 0.587648556953 0.128008124115 0.135561560748 1.02946583944 1.04973486652
-9999.0 -9999.0 -9999.0 -9999.0 -9999.0 -9999.0 -9999.0 -9999.0 -9999.0 -9999.0 -9999.0 -9999.0 -9999.0 -9999.0 -9999.0 -9999.0 -9999.0 -9999.0 -9999.0 -9999.0 -9999.0 0.59233273246 0.554390810637 2.85689295817 20.9102194787 21.746695401 22.0979463701 0.187953646542 6.33990461285 6.42763822119 6.50438250431 0.0964121497105 0.159233974559 0.212326929924 5.9244590651 5.96584381513 6.0006952167 25.4271193057 16.5549074066 0.0399222299932 0.0410168753819 0.038513474357 0.0298306156983 0.316634881438 0.381329511144 0.437577704248 0.469307992583 0.49979333605 4.05742024505 4.07928739574 4.10803560588 4.17775789478 4.4594982504 4.46909142415
-9999.0 -9999.0 -9999.0 -9999.0 -9999.0 -9999.0 -9999.0 -9999.0 -9999.0 -9999.0 -9999.0 -9999.0 -9999.0 -9999.0 -9999.0 -9999.0 -9999.0 -9999.0 -9999.0 -9999.0 -9999.0 -9999.0 1.15395624211 1.74948972663 0.525100351091 0.268655871551 5.78344486514 5.9739764072 6.07408871993 1.25444333421 1.29716883447 1.34631364368 1.40081066671 5.8297664884 5.88949180908 2.75141775356 8.79721264054 8.83855348423 16.525163048 0.0816617414565 0.0413111172469 0.0282405127909 0.219474847887 0.257471430357 0.0230031045507 0.021471188473 3.95000505819 4.00703078993 4.03705441943 0.034459566828 0.0504882016215 4.41678279981 0.0253720169189 0.0754422506356
-9999.0 -9999.0 -9999.0 -9999.0 -9999.0 -9999.0 -9999.0 -9999.0 -9999.0 -9999.0 -9999.0 -9999.0 -9999.0 -9999.0 -9999.0 -9999.0 -9999.0 -9999.0 -9999.0 -9999.0 -9999.0 -9999.0 0.574573252573 1.1362885358 4.4810126941 4.98355443434 5.29673915743 1.07969537127 1.20860978495 0.0520400142729 4.29833123987 4.33732187387 4.37194477999 0.0462201786633 2.64175999889 2.70433187183 0.0436993773857 16.3126233813 0.0926808496619 0.0459647297656 0.119751917258 0.161221416218 0.0307746507336 0.0246073262494 3.66478685873 3.8970387821 3.93225527614 0.0337587826133 0.0726764078691 0.0919368694486 0.11132102314 0.216963609962 0.0276414058662 0.0623148743458
