data/baseflow/History/mHMbfrc574
ncols                  80
nrows                 72
xllcorner      4374000.0
yllcorner      5656000.0
cellsize            500
NODATA_value       -9999
[rows 0 to 23 of 72, columns 0 to 54 of 80]
-9999.0 -9999.0 -9999.0 -9999.0 -9999.0 -9999.0 -9999.0 -9999.0 -9999.0 -9999.0 -9999.0 -9999.0 1.28926699015 1.01105283508 -9999.0 -9999.0 -9999.0 -9999.0 -9999.0 -9999.0 -9999.0 -9999.0 -9999.0 -9999.0 -9999.0 -9999.0 -9999.0 -9999.0 -9999.0 -9999.0 -9999.0 -9999.0 -9999.0 -9999.0 -9999.0 -9999.0 -9999.0 -9999.0 -9999.0 -9999.0 -9999.0 -9999.0 -9999.0 -9999.0 -9999.0 -9999.0 -9999.0 -9999.0 -9999.0 -9999.0 -9999.0 -9999.0 -9999.0 -9999.0 -9999.0
-9999.0 -9999.0 -9999.0 -9999.0 -9999.0 -9999.0 -9999.0 -9999.0 -9999.0 -9999.0 -9999.0 -9999.0 2.64839218736 5.67527476699 0.880453854981 -9999.0 0.70576215424 -9999.0 -9999.0 -9999.0 -9999.0 -9999.0 -9999.0 -9999.0 -9999.0 -9999.0 -9999.0 -9999.0 -9999.0 -9999.0 -9999.0 -9999.0 -9999.0 -9999.0 -9999.0 -9999.0 -9999.0 -9999.0 -9999.0 -9999.0 -9999.0 -9999.0 -9999.0 -9999.0 -9999.0 -9999.0 -9999.0 -9999.0 -9999.0 -9999.0 -9999.0 -9999.0 -9999.0 -9999.0 -9999.0
-9999.0 -9999.0 -9999.0 -9999.0 -9999.0 -9999.0 -9999.0 -9999.0 -9999.0 -9999.0 1.31055180969 1.27068043807 1.31988962314 1.28858543527 8.10912295095 9.04186820175 1.93471220282 0.607886585458 -9999.0 -9999.0 -9999.0 -9999.0 -9999.0 -9999.0 -9999.0 -9999.0 -9999.0 -9999.0 -9999.0 -9999.0 -9999.0 -9999.0 -9999.0 -9999.0 -9999.0 -9999.0 -9999.0 -9999.0 -9999.0 -9999.0 -9999.0 -9999.0 -9999.0 -9999.0 -9999.0 -9999.0 -9999.0 -9999.0 -9999.0 -9999.0 -9999.0 -9999.0 -9999.0 -9999.0 -9999.0
-9999.0 -9999.0 -9999.0 -9999.0 -9999.0 -9999.0 -9999.0 -9999.0 -9999.0 1.2727923733 2.57420496827 5.11318523334 2.53954159952 1.23364758033 2.41712629147 10.1965186335 13.6626522859 0.731981670789 -9999.0 1.26787258532 -9999.0 -9999.0 -9999.0 -9999.0 1.34784483137 0.67672180834 -9999.0 -9999.0 -9999.0 -9999.0 -9999.0 -9999.0 -9999.0 -9999.0 -9999.0 -9999.0 -9999.0 -9999.0 -9999.0 -9999.0 -9999.0 -9999.0 -9999.0 -9999.0 -9999.0 -9999.0 -9999.0 -9999.0 -9999.0 -9999.0 -9999.0 -9999.0 -9999.0 -9999.0 -9999.0
-9999.0 -9999.0 -9999.0 -9999.0 -9999.0 -9999.0 -9999.0 -9999.0 1.44609113626 4.08002854131 5.32593084838 6.57306810805 8.85420514287 1.15600596831 4.68363898643 5.79917501645 21.3020422484 0.991172006015 1.02558969103 2.3594289118 3.42830443082 1.12425998544 -9999.0 3.61122557251 2.9626281988 0.840110026962 -9999.0 -9999.0 -9999.0 -9999.0 -9999.0 -9999.0 -9999.0 -9999.0 -9999.0 -9999.0 -9999.0 -9999.0 -9999.0 -9999.0 -9999.0 -9999.0 -9999.0 -9999.0 -9999.0 -9999.0 -9999.0 -9999.0 -9999.0 -9999.0 -9999.0 -9999.0 -9999.0 -9999.0 -9999.0
-9999.0 -9999.0 -9999.0 -9999.0 -9999.0 -9999.0 1.41329510301 1.3111574678 1.283458679 1.30474405509 1.31984134586 9.22243790445 19.3321245106 20.5672415338 21.6417083495 1.08150927548 23.4657541596 24.5320002649 2.16677444543 1.0756374211 4.47265453323 7.77756074495 1.04338712676 6.77780311874 1.14272273739 1.09732845873 1.17773160568 -9999.0 -9999.0 -9999.0 -9999.0 -9999.0 -9999.0 -9999.0 -9999.0 -9999.0 -9999.0 -9999.0 -9999.0 -9999.0 -9999.0 -9999.0 -9999.0 -9999.0 -9999.0 -9999.0 -9999.0 -9999.0 -9999.0 -9999.0 -9999.0 -9999.0 -9999.0 -9999.0 -9999.0
-9999.0 -9999.0 -9999.0 -9999.0 -9999.0 -9999.0 2.84175707859 4.21492051498 9.57004377153 13.3877638045 1.18575740484 1.22209458087 1.16752523577 3.49459547097 26.1876313689 0.977699394406 25.6524557696 29.8483929515 3.26170218025 2.04071788651 8.76620292187 1.08703543578 7.83659476423 2.1278121196 1.06881084308 2.12623665599 2.33793837942 1.18400481027 1.19502530469 1.15953894281 1.24782399204 2.49974608361 -9999.0 -9999.0 -9999.0 -9999.0 -9999.0 -9999.0 -9999.0 -9999.0 -9999.0 -9999.0 -9999.0 -9999.0 -9999.0 -9999.0 -9999.0 -9999.0 -9999.0 -9999.0 -9999.0 -9999.0 -9999.0 -9999.0 -9999.0
-9999.0 -9999.0 -9999.0 -9999.0 -9999.0 1.53092600697 2.97474209197 1.43386626393 2.79672296689 14.77365315 17.2905513858 19.7818401244 63.3436697856 1.19943738097 27.3124304638 99.6000927332 100.437035607 131.707275513 0.904907560888 3.06248557831 9.76198079375 0.985196799205 19.7510785371 10.8909012338 6.65038545512 5.57178414208 1.139978881 3.49991973028 3.46438308675 2.306942849 1.12375264727 3.66522323077 1.11702456526 1.09661355191 -9999.0 -9999.0 -9999.0 -9999.0 -9999.0 -9999.0 -9999.0 -9999.0 -9999.0 -9999.0 -9999.0 -9999.0 -9999.0 -9999.0 -9999.0 -9999.0 -9999.0 -9999.0 -9999.0 -9999.0 -9999.0
-9999.0 -9999.0 -9999.0 -9999.0 -9999.0 1.54155971065 4.5002820467 8.93600070016 10.3211228708 20.4604475104 21.7736312112 25.8657956984 42.3703767448 66.7606784917 69.1290683526 70.2542118353 2.06391952146 135.441164448 137.369864242 142.499675481 176.27787217 22.9081790171 20.840287815 7.72215233994 1.04725840095 6.68330401148 4.5558405268 1.00823555377 4.51206439699 1.10019916272 2.18661913439 5.89669701952 6.98429954182 2.16570657513 1.07805131013 1.04963491147 -9999.0 -9999.0 -9999.0 -9999.0 0.704118153938 0.607955702853 -9999.0 -9999.0 -9999.0 -9999.0 -9999.0 -9999.0 -9999.0 -9999.0 -9999.0 -9999.0 -9999.0 -9999.0 -9999.0
-9999.0 -9999.0 -9999.0 -9999.0 -9999.0 1.50693038277 1.44752587642 5.94767185103 7.34754068408 8.78641590353 1.38700819475 2.75250767716 15.5531534107 2.72965735176 1.30283086665 1.20547950063 1.07249726375 1.26739337421 1.21549464715 1.16086410269 177.437730271 180.463502539 0.986952939269 3.05272901227 2.08357789181 7.69420288172 2.03608673598 0.974216752183 5.58959561338 2.12898457162 5.05480802581 12.1956216739 11.2927458089 3.23751551389 3.18358074592 1.08292975971 1.08134356114 -9999.0 -9999.0 1.07815950182 1.6098130305 3.49953610942 0.649249156176 -9999.0 -9999.0 -9999.0 -9999.0 -9999.0 -9999.0 -9999.0 -9999.0 -9999.0 -9999.0 -9999.0 -9999.0
-9999.0 -9999.0 -9999.0 -9999.0 -9999.0 -9999.0 1.5404608122 1.53275588058 2.98145142656 4.42844776077 10.0675826256 12.8707256188 14.2801384509 1.42297318021 1.21633542392 15.6922178953 19.2545145351 20.3621756708 24.9770176208 26.0208756626 1.05517465003 181.52269698 186.632308731 4.07823207018 0.950439686293 8.64631474411 19.1409829766 7.53305535479 1.94740868357 0.974228291325 19.199038545 13.2121364919 0.988816886303 0.974170820072 4.18177779113 3.19322986961 1.0415791926 0.999436016251 1.05963082095 2.11188762187 1.02674454525 4.26229678464 5.2722295414 0.946235661196 -9999.0 -9999.0 -9999.0 -9999.0 1.06367800606 1.00273942046 0.280294813688 -9999.0 -9999.0 -9999.0 -9999.0
-9999.0 -9999.0 -9999.0 -9999.0 -9999.0 -9999.0 -9999.0 1.53157235592 1.38482191164 2.84436775179 4.2825860872 1.41496808035 1.34565875636 8.17361941298 10.7303099895 13.3481245733 1.23722828417 2.38873409062 1.18870140749 27.1054232692 59.5152688439 60.2212723686 248.74020187 1.01874829438 2.74468813093 0.872183909712 20.0823448506 0.968965506153 2.93705626843 0.959569008541 20.1780852784 21.1535532975 1.98098082722 1.93947697806 10.5027304387 5.27953904246 2.03558135893 1.04188652003 2.11363025911 3.14873874915 5.16564202487 0.984635136357 7.18940183041 8.15814423854 0.891127580331 0.949715051958 0.967476548925 0.886980891267 0.838207328549 2.94632153187 1.11371721494 0.711186312939 -9999.0 -9999.0 -9999.0
-9999.0 -9999.0 -9999.0 -9999.0 -9999.0 -9999.0 -9999.0 -9999.0 2.90864691247 4.25302463739 1.40200014646 2.8352694897 4.18588596737 6.93428593727 1.35288204494 1.31887884852 1.14933773514 1.165587114 1.0599794218 30.1843258529 1.21417009187 2.3644355186 251.933430401 254.353033643 1.22933968645 5.19044008412 26.2337342639 1.91818311733 3.8309792413 1.80246250595 2.68323264074 24.9472823257 2.89739959315 15.3451936487 12.5133379284 1.06105614948 5.09236472802 2.05434368697 3.09733500562 0.974924763437 6.13802179165 8.08112299677 8.96647004032 9.80974710812 11.5888577524 1.7301765559 1.78163790389 1.64382662855 1.53746319118 3.71823240836 0.763061986257 2.60664623002 3.30751877219 -9999.0 -9999.0
-9999.0 -9999.0 -9999.0 -9999.0 -9999.0 -9999.0 -9999.0 -9999.0 1.486346106 7.18340824685 8.55554951637 1.37523024073 2.70127560497 1.32495459207 1.23441900403 1.20995895958 15.2924964986 20.397818426 24.9475072618 29.4253293339 1.10876262175 1.17714185629 1.31177226312 259.566950914 262.090766179 263.240208969 35.2439912964 7.73290717922 6.68052161411 0.857184816583 3.53492622037 29.3610009133 0.871686133014 16.2311458759 0.968792647406 6.62013257234 6.12390382388 0.995299578404 4.07540455828 1.94625235839 2.90759068155 0.939921981062 0.83403665996 10.6430502932 11.4174977969 12.3613588832 2.59011705066 2.41574612704 2.2735617668 4.52662219672 6.06798216667 0.768607649978 4.04104894603 0.773822980479 1.47014065623
-9999.0 -9999.0 -9999.0 -9999.0 -9999.0 -9999.0 -9999.0 -9999.0 -9999.0 1.48841707798 9.97621935819 11.3361576905 4.04083650141 6.70526852721 9.21796716078 10.5021703866 1.30899274223 3.93677819386 2.60558087317 1.32624250597 1.30095014996 1.17697038303 2.37621492039 4.12684606808 1.48852701364 301.103657244 302.344740374 1.17108632078 0.856913203627 1.73736328057 2.60603489144 31.9632635089 1.73316028351 17.0423984466 10.222695458 8.39586544157 0.963907608119 1.93548933534 4.99336627373 0.915119615594 3.80674236326 1.83382971474 1.53894562226 0.812065746637 13.8051321818 26.8343393485 3.19923731351 3.0356476833 2.96763427451 0.692741255114 6.74720333085 0.663108744834 5.46978606177 0.706681557654 2.17283239572
-9999.0 -9999.0 -9999.0 -9999.0 -9999.0 -9999.0 -9999.0 -9999.0 -9999.0 -9999.0 1.36059161473 14.1016783163 1.34954594932 2.71519009567 3.95427515997 6.42185578791 1.26998382519 2.62341638776 1.29117933527 1.20466509091 1.135055073 2.24057659476 1.03067685218 1.21357729852 2.54177822452 1.42681587576 303.552269099 305.877769855 309.172415542 3.69451999807 0.885141719581 1.7634466077 32.877734203 31.675306042 12.0920675483 0.925522952256 3.8228709128 2.87429951841 5.91409382759 1.8307398988 7.45968875035 2.73556881278 2.35735494698 0.788640069216 0.843879525281 27.7132972157 28.480829008 35.3744244031 5.14199148297 1.4322566907 7.47957027781 8.85730422346 14.9673225073 1.39783659836 0.644499871327
-9999.0 -9999.0 -9999.0 -9999.0 -9999.0 -9999.0 -9999.0 -9999.0 -9999.0 -9999.0 -9999.0 0.744694083637 15.748541166 1.32495550784 2.55080131134 11.4326115598 1.2613836309 1.24878211238 1.08300710549 2.32856526988 1.14352187788 4.51172675432 6.57220724427 7.52449262486 3.4999015537 4.53706603071 1.19918278299 1.40182636568 1.28288401271 314.897113957 317.640535683 33.7082352329 33.3535531568 32.5215262149 1.69810903601 0.825396771262 4.69797297896 12.3746468499 6.80407658808 2.71300730149 11.0540407361 5.56449478634 4.71659394567 1.55553055495 0.680207625833 0.631453941103 0.637998544726 38.5111026478 45.9192297404 0.712430074912 0.644889883683 0.691013191288 15.6353243386 17.6726404327 1.20651356963
-9999.0 -9999.0 -9999.0 -9999.0 -9999.0 -9999.0 -9999.0 -9999.0 -9999.0 -9999.0 -9999.0 0.704569762752 17.4546508819 21.4280445146 1.23295949825 13.8846332531 1.15240586408 1.09498501321 2.17895352945 5.62807366661 1.10423103726 1.17054088714 1.01781937204 9.54424950513 10.5207215089 16.0830666063 18.2968928106 19.4583773653 20.630953077 21.7599444763 340.529018283 376.480606071 411.898812721 412.734560492 0.881727645118 0.825722814984 14.129635751 13.2599308031 0.87276268024 0.929679477828 12.0083403419 18.4694046698 0.796077169593 10.5939265756 9.81296186912 3.24557421114 1.50076064357 2.41482121995 0.867455082467 47.3476930697 0.725547865229 2.03017926889 2.57748788513 22.3392317178 24.1872557899
-9999.0 -9999.0 -9999.0 -9999.0 -9999.0 -9999.0 -9999.0 -9999.0 -9999.0 -9999.0 -9999.0 1.42408720486 2.74348254704 22.7210168236 25.0474764417 1.17724204071 15.9494654069 1.00431787151 3.09264491696 6.66005024116 2.14075009293 1.03160519949 2.1313280787 0.911385013636 1.77788880868 0.883594213851 0.854890836565 0.806353906342 0.805559583596 0.831420982038 0.941689485696 1.15691763978 1.27715946289 1.28837874417 415.800309046 17.846866023 15.8933585279 0.827331651246 2.59774906098 0.655497182565 0.587286330549 19.3025459841 32.4901242006 11.5207245551 8.35313083074 1.83686004549 0.828457738012 0.758426948009 1.46831606043 49.5468466119 50.9031328405 0.70762623876 0.70239462343 0.72239652759 0.688479951122
-9999.0 -9999.0 -9999.0 -9999.0 -9999.0 -9999.0 -9999.0 -9999.0 -9999.0 -9999.0 -9999.0 -9999.0 1.24906516616 16.6684306643 42.9510134404 46.7287743196 63.753860311 64.6436151268 14.8353359307 10.906293928 3.19490243823 1.01614919992 4.14545835635 5.11706619531 7.79687445736 1.81295807088 1.733420677 1.70199159159 3.38525589302 1.69323970357 1.78340080868 0.817037283487 0.799908514934 0.891496301931 416.744130982 435.108417294 436.123851158 0.856905761003 7.27296059548 2.96253597075 0.879821638189 35.2851376688 1.97068386369 1.01715470647 4.19237165296 0.970914322315 0.8362267811 1.58103360277 2.19435577752 2.8714765281 52.05869261 0.547156691387 0.463133034623 0.463628376896 0.39459862749
-9999.0 -9999.0 -9999.0 -9999.0 -9999.0 -9999.0 -9999.0 -9999.0 -9999.0 -9999.0 -9999.0 1.36182145407 12.6767354005 15.3971622778 2.55139914686 0.788585836863 1.83370989495 67.5749604857 68.4790348527 84.1648691529 0.940208225668 1.94567739204 0.877780330507 0.894741453796 8.6910825336 11.3956435705 14.0318009707 0.827019323821 4.2229869948 6.7354091509 4.18192093398 1.61608406033 1.53015466749 1.60875586611 1.64669889095 0.903213727901 436.900466423 437.554506178 446.249608931 1.53735245188 0.80020827827 35.8784964898 1.97590888731 1.0210415887 1.09787394561 1.0889851529 0.974533379322 1.8793772708 5.23343636243 8.84147048024 61.4643337573 0.420843085373 1.23921815164 0.831703009055 0.718922817374
-9999.0 -9999.0 -9999.0 -9999.0 -9999.0 -9999.0 -9999.0 -9999.0 -9999.0 -9999.0 -9999.0 1.39400278042 8.73116867301 1.38902243159 1.24644902015 6.35781032013 7.48945996966 8.63417286339 9.67365702504 114.284480904 115.239952871 117.145703032 131.240174881 134.099652209 135.91058311 136.835528548 153.369714439 155.831033743 156.713622936 164.395037681 169.482992414 170.28220338 173.389449152 2.36402273821 2.36531871789 0.774535567869 0.756236767128 438.315617753 449.280257092 2.32944707978 40.9144064228 40.2080773104 3.77747843642 0.910120919203 0.926182712089 0.898797193507 0.894887825152 1.80386796443 2.62351568169 0.816240314966 62.0018592892 62.5762571353 65.1292463932 65.5897235033 66.7261352473
-9999.0 -9999.0 -9999.0 -9999.0 -9999.0 -9999.0 -9999.0 -9999.0 -9999.0 -9999.0 -9999.0 4.45845394742 5.89890798385 2.76096685763 4.08775482705 1.31164884706 14.7129325945 15.9055629227 18.2638282126 19.3317118753 7.73822444958 126.474401035 127.442312492 1.0418419531 0.895365447741 0.908336389147 1.8439423755 0.895494578049 0.8068333823 0.761266589942 0.736320031409 171.11386517 174.217169529 177.31333048 180.323368458 183.064904367 1.36484186021 0.440487793123 492.193300837 42.252641117 41.6485814662 0.814347483469 0.774869027266 0.722118449863 1.65638515959 1.63216683479 0.755700516321 0.759630542393 0.704507197433 1.50415954622 2.01382157033 0.502795886585 0.862231320058 0.307110934424 0.297277617038
-9999.0 -9999.0 -9999.0 -9999.0 -9999.0 -9999.0 -9999.0 -9999.0 -9999.0 -9999.0 -9999.0 -9999.0 3.00459405974 1.41532473489 1.32299790206 12.3242325865 13.5670382219 1.23084672594 4.71872540384 5.84240910493 6.88983692883 1.13020976981 0.96957610934 19.6354928308 20.5057839707 21.3667780646 54.2901725831 55.0937751359 56.6777480172 63.1397562521 67.5909458402 68.3018694723 0.693958452467 0.721524758532 0.629699736101 184.06127927 0.498668410689 499.646048248 498.87731899 6.05628737993 5.28714359288 3.10801154476 0.774195350603 1.44110905605 2.38852885199 2.36538491813 1.47512799205 0.72939036356 1.42632738649 1.39343227216 2.63156401539 0.413918592103 1.29233354733 2.05897975647 2.69234930659
