data/baseflow/History/mHMbfrc573
ncols                  80
nrows                 72
xllcorner      4374000.0
yllcorner      5656000.0
cellsize            500
NODATA_value       -9999
[rows 0 to 23 of 72, columns 0 to 53 of 80]
-9999.0 -9999.0 -9999.0 -9999.0 -9999.0 -9999.0 -9999.0 -9999.0 -9999.0 -9999.0 -9999.0 -9999.0 1.04792853051 0.941071767596 -9999.0 -9999.0 -9999.0 -9999.0 -9999.0 -9999.0 -9999.0 -9999.0 -9999.0 -9999.0 -9999.0 -9999.0 -9999.0 -9999.0 -9999.0 -9999.0 -9999.0 -9999.0 -9999.0 -9999.0 -9999.0 -9999.0 -9999.0 -9999.0 -9999.0 -9999.0 -9999.0 -9999.0 -9999.0 -9999.0 -9999.0 -9999.0 -9999.0 -9999.0 -9999.0 -9999.0 -9999.0 -9999.0 -9999.0 -9999.0
-9999.0 -9999.0 -9999.0 -9999.0 -9999.0 -9999.0 -9999.0 -9999.0 -9999.0 -9999.0 -9999.0 -9999.0 2.14451388854 4.90458490515 0.825400707855 -9999.0 0.698064129609 -9999.0 -9999.0 -9999.0 -9999.0 -9999.0 -9999.0 -9999.0 -9999.0 -9999.0 -9999.0 -9999.0 -9999.0 -9999.0 -9999.0 -9999.0 -9999.0 -9999.0 -9999.0 -9999.0 -9999.0 -9999.0 -9999.0 -9999.0 -9999.0 -9999.0 -9999.0 -9999.0 -9999.0 -9999.0 -9999.0 -9999.0 -9999.0 -9999.0 -9999.0 -9999.0 -9999.0 -9999.0
-9999.0 -9999.0 -9999.0 -9999.0 -9999.0 -9999.0 -9999.0 -9999.0 -9999.0 -9999.0 1.0153925169 0.991370026363 1.04206642237 1.0312494492 6.81870677937 7.6516152608 1.90722855384 0.600228441731 -9999.0 -9999.0 -9999.0 -9999.0 -9999.0 -9999.0 -9999.0 -9999.0 -9999.0 -9999.0 -9999.0 -9999.0 -9999.0 -9999.0 -9999.0 -9999.0 -9999.0 -9999.0 -9999.0 -9999.0 -9999.0 -9999.0 -9999.0 -9999.0 -9999.0 -9999.0 -9999.0 -9999.0 -9999.0 -9999.0 -9999.0 -9999.0 -9999.0 -9999.0 -9999.0 -9999.0
-9999.0 -9999.0 -9999.0 -9999.0 -9999.0 -9999.0 -9999.0 -9999.0 -9999.0 0.988580821305 2.00011813821 3.98005119467 1.99411257001 0.964197770886 1.87842883765 8.53902235057 11.9044630756 0.707485251166 -9999.0 0.978625556729 -9999.0 -9999.0 -9999.0 -9999.0 1.32830625913 0.669414838546 -9999.0 -9999.0 -9999.0 -9999.0 -9999.0 -9999.0 -9999.0 -9999.0 -9999.0 -9999.0 -9999.0 -9999.0 -9999.0 -9999.0 -9999.0 -9999.0 -9999.0 -9999.0 -9999.0 -9999.0 -9999.0 -9999.0 -9999.0 -9999.0 -9999.0 -9999.0 -9999.0 -9999.0
-9999.0 -9999.0 -9999.0 -9999.0 -9999.0 -9999.0 -9999.0 -9999.0 1.17520574268 3.24857189233 4.21712312709 5.18573985569 6.90227102095 0.880625925543 3.59283031804 4.4304390325 17.9073088338 0.801958007503 0.747665874074 1.79095493615 2.59118316485 0.851256014936 -9999.0 3.49934866038 2.87383884468 0.798568339675 -9999.0 -9999.0 -9999.0 -9999.0 -9999.0 -9999.0 -9999.0 -9999.0 -9999.0 -9999.0 -9999.0 -9999.0 -9999.0 -9999.0 -9999.0 -9999.0 -9999.0 -9999.0 -9999.0 -9999.0 -9999.0 -9999.0 -9999.0 -9999.0 -9999.0 -9999.0 -9999.0 -9999.0
-9999.0 -9999.0 -9999.0 -9999.0 -9999.0 -9999.0 1.12779439339 1.02829949163 0.997874607086 1.02280616952 1.04585019117 7.29630620205 15.1821288024 16.140241271 16.9061260587 0.752937129479 19.5005976453 20.2985800577 1.59210224529 0.806027774121 3.37102116022 5.86818480241 0.823327127762 6.01949953511 0.859868302328 0.858925177401 0.887402840508 -9999.0 -9999.0 -9999.0 -9999.0 -9999.0 -9999.0 -9999.0 -9999.0 -9999.0 -9999.0 -9999.0 -9999.0 -9999.0 -9999.0 -9999.0 -9999.0 -9999.0 -9999.0 -9999.0 -9999.0 -9999.0 -9999.0 -9999.0 -9999.0 -9999.0 -9999.0 -9999.0
-9999.0 -9999.0 -9999.0 -9999.0 -9999.0 -9999.0 2.27925271409 3.37562647009 7.63392057857 10.6045446022 0.907033369888 0.935290208801 0.891666030975 2.65368609852 20.3464813641 0.687010118879 21.0870949031 24.1356063069 2.37446751064 1.50368431899 6.59208873642 0.816535472488 6.80427808945 1.57647281624 0.786896344381 1.60955437697 1.76416486736 0.905586147432 0.90938943033 0.870305714078 0.972469237501 1.94173433178 -9999.0 -9999.0 -9999.0 -9999.0 -9999.0 -9999.0 -9999.0 -9999.0 -9999.0 -9999.0 -9999.0 -9999.0 -9999.0 -9999.0 -9999.0 -9999.0 -9999.0 -9999.0 -9999.0 -9999.0 -9999.0 -9999.0
-9999.0 -9999.0 -9999.0 -9999.0 -9999.0 1.26316865178 2.43536144069 1.16431924847 2.26440881268 11.7321559917 13.7080116117 15.6497198402 50.9780151441 0.905095657576 21.2065000693 79.1701097074 79.7741086497 104.96154552 0.666166474788 2.23157672194 7.32025156669 0.716960385146 15.7130887509 8.1550422772 5.00882943455 4.20471467331 0.857258424852 2.65543610436 2.61707742588 1.73730430058 0.842875569852 2.82050186763 0.832998323932 0.809880396702 -9999.0 -9999.0 -9999.0 -9999.0 -9999.0 -9999.0 -9999.0 -9999.0 -9999.0 -9999.0 -9999.0 -9999.0 -9999.0 -9999.0 -9999.0 -9999.0 -9999.0 -9999.0 -9999.0 -9999.0
-9999.0 -9999.0 -9999.0 -9999.0 -9999.0 1.27087665914 3.69483138319 7.3311338326 8.45323159853 16.7650121098 17.8087727931 21.1019999222 34.4283383226 53.70086889 55.5746114385 56.475192719 1.55481269997 107.782288559 109.199182543 112.972150054 139.110357376 18.0376832163 16.5332523586 5.80689355586 0.774331815651 5.00751125502 3.43093714097 0.728911452417 3.39983350318 0.808294475126 1.62276462023 4.4685709363 5.27893474258 1.59710037624 0.804011785798 0.760624449043 -9999.0 -9999.0 -9999.0 -9999.0 0.665161904826 0.58432724692 -9999.0 -9999.0 -9999.0 -9999.0 -9999.0 -9999.0 -9999.0 -9999.0 -9999.0 -9999.0 -9999.0 -9999.0
-9999.0 -9999.0 -9999.0 -9999.0 -9999.0 1.22973003082 1.17239074566 4.90140684116 6.04587644068 7.22755250531 1.12117777532 2.2169668088 12.5780935418 2.18208570085 1.03556692543 0.931398243969 0.81361297449 0.969068856344 0.896000630001 0.891462087914 139.95555737 142.16691029 0.715784915791 2.23373496411 1.53686780394 5.74853662314 1.48164662356 0.69909434297 4.21073274871 1.56673999706 3.73689485843 9.14367021044 8.46802471062 2.39036856489 2.33866422076 0.802152291329 0.796903149473 -9999.0 -9999.0 0.79066562126 1.46825835132 3.28637200902 0.62544671731 -9999.0 -9999.0 -9999.0 -9999.0 -9999.0 -9999.0 -9999.0 -9999.0 -9999.0 -9999.0 -9999.0
-9999.0 -9999.0 -9999.0 -9999.0 -9999.0 -9999.0 1.27298536886 1.28632273523 2.44358079454 3.61700921292 8.18063009174 10.4415063973 11.5706503323 1.12184281057 0.934916511122 12.3615022135 15.1169543699 15.9473255122 19.459939133 20.2195494844 0.776463138259 142.957751698 146.659817117 2.93536422611 0.55919204415 6.39439623208 14.1346998534 5.60439202515 1.40102881376 0.699032987272 14.3087595306 9.89284595591 0.721021960858 0.707734705603 3.07173812261 2.35504365756 0.759648862927 0.711247295423 0.775185416997 1.54188786162 0.739745104513 4.00042021814 4.7277806288 0.665455988246 -9999.0 -9999.0 -9999.0 -9999.0 0.767000155413 0.71248086209 0.199324452416 -9999.0 -9999.0 -9999.0
-9999.0 -9999.0 -9999.0 -9999.0 -9999.0 -9999.0 -9999.0 1.25391988978 1.09966379571 2.30510680177 3.48478933545 1.13787839692 1.03970701885 6.51444254957 8.51189068107 10.5754841559 0.975063334178 1.82872327311 0.924461500455 21.0364728029 46.5206562003 47.1791053759 195.318418111 0.734178504939 1.58733588753 0.485290194431 14.8063255915 0.704376622433 2.1144848034 0.688785396585 15.0205209271 15.7344986612 1.4497206486 1.40835587843 7.72244881415 3.88175308426 1.4780590564 0.76632225061 1.5399160147 2.29328984644 3.74249971755 0.698391578774 6.06685864301 6.74338724931 0.621516625114 0.666757572484 0.681008039585 0.619220336587 0.584066936279 2.08553597195 0.774724589714 0.489188532726 -9999.0 -9999.0
-9999.0 -9999.0 -9999.0 -9999.0 -9999.0 -9999.0 -9999.0 -9999.0 2.33695630439 3.36715790262 1.12207673753 2.28917033773 3.37780536932 5.55555000743 1.0776344745 1.0322560385 0.864464396736 0.872962212496 0.769296820793 23.7933358369 0.952996930194 1.83333723633 197.911435383 199.761376248 0.813431241668 3.20746821633 18.6807612008 1.38127514175 2.74530690454 1.2708109269 1.8921287205 18.4765104942 2.10463085827 11.1951410103 9.15871084668 0.75600223233 3.69706027111 1.49968173368 2.23611221845 0.684515555659 4.42554397789 5.78249387735 6.3926472889 6.97095922402 9.12003068636 1.20013084977 1.24002294179 1.13603257798 1.06112964986 2.60205818969 0.511816605942 1.79108287148 2.25313846212 -9999.0
-9999.0 -9999.0 -9999.0 -9999.0 -9999.0 -9999.0 -9999.0 -9999.0 1.2163155267 5.76048513502 6.84869649485 1.08748868902 2.12440550963 1.0336148681 0.93125760249 0.913151341012 11.8397084086 15.7622920123 19.3574998965 23.0797671717 0.922287987564 0.909979001504 0.957398384852 203.828515508 205.852976053 206.672392275 25.0866823539 5.53664586572 4.78283304462 0.591102168879 2.4796654785 21.5727683825 0.605574187828 11.8145269284 0.688592782575 4.80812929645 4.44955833464 0.716024540672 2.93131522337 1.3715846362 2.04774464436 0.641552927479 0.56620182669 7.54181025308 8.07089429958 9.64769912495 1.79481979552 1.66383663975 1.56132627703 3.15015703297 4.18838580285 0.517988961957 2.74097551639 0.513794218487
-9999.0 -9999.0 -9999.0 -9999.0 -9999.0 -9999.0 -9999.0 -9999.0 -9999.0 1.23656374404 8.00409449802 9.06714545127 3.16766684369 5.25620636151 7.17924056392 8.17867102053 1.03643021571 3.03152857218 2.0249368897 1.06655104513 1.02731254987 0.889962891684 1.79614983726 3.08270042646 1.11698876866 233.721022697 234.563461939 0.771881074675 0.570296267932 1.20089017531 1.80477304231 23.3883137757 1.2071892651 12.3662841715 7.35452790755 6.06769099139 0.679443010051 1.37035201764 3.56080738818 0.62954430927 2.65939862863 1.25773281025 0.96267167454 0.441585896433 9.48059310496 19.5749484523 2.20126038607 2.07690204701 2.01341890716 0.45208412528 4.63235488281 0.43084965055 3.6838106236 0.452351570941
-9999.0 -9999.0 -9999.0 -9999.0 -9999.0 -9999.0 -9999.0 -9999.0 -9999.0 -9999.0 1.0922720995 11.2796686558 1.04572914173 2.11163694253 3.05868045477 4.89873870545 0.939326437291 1.97266535964 0.96524171157 0.876506011591 0.823929750776 1.62374342651 0.732805697163 0.859885963244 1.7673818635 1.00997685754 235.465448619 237.067310496 239.301590729 2.5178371136 0.612254265678 1.2207378268 24.034607411 22.7835904711 8.67485803987 0.648555362326 2.69137323333 2.02453420882 4.19243520194 1.25599013383 5.17406348094 1.8825485027 1.48812114594 0.359623262691 0.477355280608 20.1630461401 20.6820862789 25.3982841444 3.43788046128 0.936498694055 5.11688667956 6.02060193329 10.1179727715 0.90245882784
-9999.0 -9999.0 -9999.0 -9999.0 -9999.0 -9999.0 -9999.0 -9999.0 -9999.0 -9999.0 -9999.0 0.577601649947 12.5062631034 1.01615039881 1.9486891494 8.67041419437 0.930777778241 0.913704569493 0.776190223558 1.69623545942 0.853155489941 3.31881601708 4.78895307758 5.44815727881 2.42234531352 3.10403710139 0.806334402067 0.962293359705 0.913497292632 243.276610693 245.127571231 24.6098789533 23.953229384 23.3744521358 1.15842574291 0.557959780961 3.28700336718 8.67730923973 4.79607854249 1.84965371128 7.62863604284 3.16974936997 2.59702585008 0.683794433098 0.288804561423 0.277763922021 0.317790051455 27.0517165975 31.9571283495 0.458482873281 0.408891654328 0.443828028511 10.537740097 11.8320772182
-9999.0 -9999.0 -9999.0 -9999.0 -9999.0 -9999.0 -9999.0 -9999.0 -9999.0 -9999.0 -9999.0 0.545122183749 13.8290728698 16.9507196556 0.944832830356 10.5314964616 0.834693074247 0.779393899894 1.5737185287 4.09458951001 0.805906276867 0.873289657992 0.724320165846 6.87355144108 7.56284143231 11.4107182469 12.9024378891 13.6619006057 14.4461065801 15.2100954231 261.158115007 287.200580465 312.496628715 313.112306422 0.576941244128 0.553011661352 9.87556847107 9.28125060603 0.590845711838 0.62317355027 8.29110810638 12.0855487245 0.50729606353 6.16019690002 5.73038174472 1.52003831949 0.725470323796 1.20501230255 0.570078257014 32.904618011 0.484564803708 1.29814304584 1.65541107162 14.6458570116
-9999.0 -9999.0 -9999.0 -9999.0 -9999.0 -9999.0 -9999.0 -9999.0 -9999.0 -9999.0 -9999.0 1.1355133739 2.18791924406 17.9703686715 19.7096354905 0.886472114818 12.1664487635 0.69976163801 2.17702120714 4.83484917897 1.5478787842 0.736266516292 1.54991682087 0.621905611424 1.21816074127 0.602790686892 0.560896533158 0.467875977884 0.456532552054 0.436909886962 0.466503973118 0.637832643287 0.76991649381 0.854974062587 315.160020323 12.1551361253 10.9771945703 0.509734273198 1.73111927834 0.423689042508 0.390113297351 12.6472956459 20.5601757321 6.8075597653 5.11062241556 0.897326387695 0.377499928621 0.333123742002 0.764613695219 34.1534411711 35.0590855677 0.473873169822 0.472652223494 0.411408592586
-9999.0 -9999.0 -9999.0 -9999.0 -9999.0 -9999.0 -9999.0 -9999.0 -9999.0 -9999.0 -9999.0 -9999.0 0.935015591602 13.184918613 33.8397064713 36.7690832502 49.7655520753 50.5442490201 10.7980517608 7.89320961894 2.30183728615 0.719894386298 2.98103295025 3.67192790519 5.51230607593 1.24810217438 1.15941997591 1.08283825078 2.14077785967 1.02340913617 1.02613671353 0.487354487111 0.349976128945 0.403752660454 315.776140047 328.271071573 328.938073299 0.534534176618 4.76996668727 1.96955872967 0.592636976401 22.5380668187 1.42067496878 0.74079320923 3.00933749718 0.634553583852 0.496325464414 0.936694107337 1.32009172329 1.75692186811 35.8203705253 0.360178489232 0.304045657637 0.304389400983
-9999.0 -9999.0 -9999.0 -9999.0 -9999.0 -9999.0 -9999.0 -9999.0 -9999.0 -9999.0 -9999.0 1.05422985211 10.019951854 12.1957707187 2.00406878487 0.610547083912 1.37545999617 52.7259936647 53.4562517968 64.9989529693 0.65002043363 1.36010602737 0.59752489464 0.60983920778 6.12958603442 7.99236350083 9.74618897484 0.555297566585 2.70698994895 4.28251766974 2.56491789621 1.02090014995 0.782176139191 0.742080761625 0.771335597255 0.428470338134 329.466995934 329.893836314 335.558005116 1.0110387206 0.531495107141 23.0414802839 1.39797676548 0.733957123342 0.813600956795 0.808278192908 0.68688080489 1.22659289637 3.46987441458 5.71183473744 41.9004136354 0.270371021924 0.801348423233 0.540188194769
-9999.0 -9999.0 -9999.0 -9999.0 -9999.0 -9999.0 -9999.0 -9999.0 -9999.0 -9999.0 -9999.0 1.08388729959 7.00492307553 1.12011520035 0.962716432034 5.05855727948 5.91926729864 6.77268581846 7.51308498644 88.1454516307 88.8366593443 90.1731421211 100.25792744 102.150978088 103.263291162 103.908206438 115.057243924 116.586915072 117.2002604 122.148141323 125.352099276 125.886462324 127.64236293 1.23603406133 1.13874273663 0.282782575462 0.324229626861 330.377928111 337.50632885 1.51010966841 26.6461982792 26.155576339 2.6259856259 0.619277426523 0.624247485971 0.598424995541 0.607651327261 1.22672198809 1.7626023943 0.529049405207 42.251738618 42.629429133 44.2867292956 44.5880714795
-9999.0 -9999.0 -9999.0 -9999.0 -9999.0 -9999.0 -9999.0 -9999.0 -9999.0 -9999.0 -9999.0 3.60577917356 4.76774250701 2.2127014101 3.27275950975 1.04444928766 11.4675333955 12.3591109636 14.1336412766 14.8412646012 5.63609264107 96.9528988122 97.6460009501 0.643950678542 0.473783418874 0.436583169829 0.956539535461 0.457502832943 0.351084214678 0.319242098301 0.340624995705 126.374742319 128.154627911 129.929420366 131.523969498 132.639045228 0.531066109278 0.169965435783 365.438548374 27.5274054239 27.1630314542 0.53865104339 0.504890833004 0.463452190908 1.09042493425 1.06614222285 0.482692695192 0.486300862974 0.444486009269 0.957482984258 1.27044650723 0.257350023053 0.450497200921 0.168181864418
-9999.0 -9999.0 -9999.0 -9999.0 -9999.0 -9999.0 -9999.0 -9999.0 -9999.0 -9999.0 -9999.0 -9999.0 2.43096102956 1.14074984391 1.03653518628 9.67824013156 10.6183242898 0.939435185526 3.50175844445 4.33331849932 5.04679804755 0.804880649786 0.607387604557 14.0982220227 14.6186284716 15.1113613744 38.5587459003 38.9523993247 39.6416901077 43.0318742533 44.9487523847 45.229930884 0.284715810199 0.306146399464 0.295207642823 133.244683197 0.256624999357 369.95250165 369.537251698 3.73258939636 3.26922449763 2.02148130567 0.502160296486 0.919711268517 1.55777396395 1.53660976222 0.9383905151 0.462891675318 0.900120972621 0.868344228698 1.63868115711 0.207126618121 0.650161133433 1.09426646051
