data/baseflow/History/mHMbfrc490
ncols                  80
nrows                 72
xllcorner      4374000.0
yllcorner      5656000.0
cellsize            500
NODATA_value       -9999
[rows 0 to 23 of 72, columns 0 to 53 of 80]
-9999.0 -9999.0 -9999.0 -9999.0 -9999.0 -9999.0 -9999.0 -9999.0 -9999.0 -9999.0 -9999.0 -9999.0 0.719413022191 0.815850336476 -9999.0 -9999.0 -9999.0 -9999.0 -9999.0 -9999.0 -9999.0 -9999.0 -9999.0 -9999.0 -9999.0 -9999.0 -9999.0 -9999.0 -9999.0 -9999.0 -9999.0 -9999.0 -9999.0 -9999.0 -9999.0 -9999.0 -9999.0 -9999.0 -9999.0 -9999.0 -9999.0 -9999.0 -9999.0 -9999.0 -9999.0 -9999.0 -9999.0 -9999.0 -9999.0 -9999.0 -9999.0 -9999.0 -9999.0 -9999.0
-9999.0 -9999.0 -9999.0 -9999.0 -9999.0 -9999.0 -9999.0 -9999.0 -9999.0 -9999.0 -9999.0 -9999.0 1.3966635527 3.59709918921 0.690750132885 -9999.0 0.64321003288 -9999.0 -9999.0 -9999.0 -9999.0 -9999.0 -9999.0 -9999.0 -9999.0 -9999.0 -9999.0 -9999.0 -9999.0 -9999.0 -9999.0 -9999.0 -9999.0 -9999.0 -9999.0 -9999.0 -9999.0 -9999.0 -9999.0 -9999.0 -9999.0 -9999.0 -9999.0 -9999.0 -9999.0 -9999.0 -9999.0 -9999.0 -9999.0 -9999.0 -9999.0 -9999.0 -9999.0 -9999.0
-9999.0 -9999.0 -9999.0 -9999.0 -9999.0 -9999.0 -9999.0 -9999.0 -9999.0 -9999.0 0.608375046828 0.578879863664 0.626162005066 0.620941558179 4.73154763468 5.3662860615 1.7983139543 0.574601531015 -9999.0 -9999.0 -9999.0 -9999.0 -9999.0 -9999.0 -9999.0 -9999.0 -9999.0 -9999.0 -9999.0 -9999.0 -9999.0 -9999.0 -9999.0 -9999.0 -9999.0 -9999.0 -9999.0 -9999.0 -9999.0 -9999.0 -9999.0 -9999.0 -9999.0 -9999.0 -9999.0 -9999.0 -9999.0 -9999.0 -9999.0 -9999.0 -9999.0 -9999.0 -9999.0 -9999.0
-9999.0 -9999.0 -9999.0 -9999.0 -9999.0 -9999.0 -9999.0 -9999.0 -9999.0 0.572199557222 1.18932787063 2.35884672723 1.19049346489 0.572057106314 1.11928078902 5.89093708893 8.99135251128 0.645698468722 -9999.0 0.596011794617 -9999.0 -9999.0 -9999.0 -9999.0 1.23729565529 0.628710266784 -9999.0 -9999.0 -9999.0 -9999.0 -9999.0 -9999.0 -9999.0 -9999.0 -9999.0 -9999.0 -9999.0 -9999.0 -9999.0 -9999.0 -9999.0 -9999.0 -9999.0 -9999.0 -9999.0 -9999.0 -9999.0 -9999.0 -9999.0 -9999.0 -9999.0 -9999.0 -9999.0 -9999.0
-9999.0 -9999.0 -9999.0 -9999.0 -9999.0 -9999.0 -9999.0 -9999.0 0.691992345937 1.89172666328 2.4469404738 3.01043291015 4.09602183628 0.521189330172 2.12667941229 2.62634708592 12.7729145154 0.524060520371 0.445191113132 1.0947675793 1.57897248252 0.512542201259 -9999.0 3.20342539554 2.6154589899 0.709318085069 -9999.0 -9999.0 -9999.0 -9999.0 -9999.0 -9999.0 -9999.0 -9999.0 -9999.0 -9999.0 -9999.0 -9999.0 -9999.0 -9999.0 -9999.0 -9999.0 -9999.0 -9999.0 -9999.0 -9999.0 -9999.0 -9999.0 -9999.0 -9999.0 -9999.0 -9999.0 -9999.0 -9999.0
-9999.0 -9999.0 -9999.0 -9999.0 -9999.0 -9999.0 0.667790857162 0.585273898194 0.568274211748 0.584533136237 0.606767484103 4.24513505324 8.92232821565 9.48724821319 9.91201565256 0.402746965228 13.6834868741 14.1422591345 0.986725120403 0.493478268912 2.05149108784 3.55140284668 0.529854700494 4.8366549572 0.505857240512 0.538085216736 0.525416870131 -9999.0 -9999.0 -9999.0 -9999.0 -9999.0 -9999.0 -9999.0 -9999.0 -9999.0 -9999.0 -9999.0 -9999.0 -9999.0 -9999.0 -9999.0 -9999.0 -9999.0 -9999.0 -9999.0 -9999.0 -9999.0 -9999.0 -9999.0 -9999.0 -9999.0 -9999.0 -9999.0
-9999.0 -9999.0 -9999.0 -9999.0 -9999.0 -9999.0 1.35041504448 1.98144194826 4.43585027309 6.11990229942 0.514811379528 0.543480470753 0.517774051941 1.54556736904 11.9075861735 0.391061162377 14.5893522742 16.6809861641 1.60439364986 0.923502066789 3.99157680763 0.488237948669 5.31059426014 0.927125030431 0.459910753457 0.978769018913 1.04189726456 0.542631412249 0.564470353906 0.541925885018 0.60449017405 1.20698594607 -9999.0 -9999.0 -9999.0 -9999.0 -9999.0 -9999.0 -9999.0 -9999.0 -9999.0 -9999.0 -9999.0 -9999.0 -9999.0 -9999.0 -9999.0 -9999.0 -9999.0 -9999.0 -9999.0 -9999.0 -9999.0 -9999.0
-9999.0 -9999.0 -9999.0 -9999.0 -9999.0 0.755552746878 1.45316308051 0.69117168859 1.32806916954 6.77396002196 7.90506758415 9.02293663234 30.1229248687 0.54098454534 12.4033230678 46.8041644493 47.2319546365 64.7291609552 0.524197926654 1.36680296177 4.43466654466 0.437525733579 10.612068091 4.84411887711 2.97872069273 2.5072890019 0.505012076609 1.60432096382 1.6266791373 1.08072832027 0.524944675255 1.75349819915 0.522491577584 0.509736590759 -9999.0 -9999.0 -9999.0 -9999.0 -9999.0 -9999.0 -9999.0 -9999.0 -9999.0 -9999.0 -9999.0 -9999.0 -9999.0 -9999.0 -9999.0 -9999.0 -9999.0 -9999.0 -9999.0 -9999.0
-9999.0 -9999.0 -9999.0 -9999.0 -9999.0 0.763270671568 2.21419771411 4.38832909721 5.05189059486 10.0121176086 10.6218453472 12.5679627344 20.5992145004 31.9346649588 33.0372103234 33.549357485 0.894951731742 66.4587188299 67.4620567906 69.8125999049 86.654141436 11.9733889826 11.0938370521 3.45077172075 0.460945566702 2.98005682464 2.05194223931 0.425540050511 2.09596187315 0.478774881518 1.08767019511 2.82025859 3.31531641406 0.993230437182 0.481492471526 0.469193021018 -9999.0 -9999.0 -9999.0 -9999.0 0.610730405379 0.553280156748 -9999.0 -9999.0 -9999.0 -9999.0 -9999.0 -9999.0 -9999.0 -9999.0 -9999.0 -9999.0 -9999.0 -9999.0
-9999.0 -9999.0 -9999.0 -9999.0 -9999.0 0.734169253087 0.698484742841 2.93528188407 3.61740826862 4.32533436635 0.666577094312 1.31296090017 7.56625048809 1.44178104603 0.61098817358 0.532187600599 0.467359547997 0.617810112537 0.609557842782 0.525174047107 87.1219077263 88.4377161366 0.431277427043 1.33868550818 0.916337284353 3.4154291806 0.862296786035 0.410049149305 2.571862934 0.960012215169 2.41533695668 5.67550971345 5.26676013696 1.46362558756 1.40467079299 0.489689684265 0.479484103669 -9999.0 -9999.0 0.470680464655 1.23570681944 2.94530486881 0.582655528598 -9999.0 -9999.0 -9999.0 -9999.0 -9999.0 -9999.0 -9999.0 -9999.0 -9999.0 -9999.0 -9999.0
-9999.0 -9999.0 -9999.0 -9999.0 -9999.0 -9999.0 0.775524499796 0.774848274584 1.46549601808 2.17370012463 4.90815229607 6.26362244563 6.98366986789 0.815571303907 0.526276130442 7.31707570724 8.8910666169 9.37081773375 11.4153819919 11.8705653467 0.453841086221 88.8968055917 91.0443139286 1.70308351011 0.268661471556 3.77429209031 8.38906365224 3.37610872755 0.821711672222 0.416289711015 8.92799548458 6.11292037543 0.415147223257 0.416252962864 1.83177106706 1.41663607932 0.43682039618 0.411532731738 0.454849836409 0.913216255575 0.430124807234 3.59050239279 3.99004551744 0.368998670542 -9999.0 -9999.0 -9999.0 -9999.0 0.41504763105 0.388726617469 0.124363840932 -9999.0 -9999.0 -9999.0
-9999.0 -9999.0 -9999.0 -9999.0 -9999.0 -9999.0 -9999.0 0.743580400692 0.647648721921 1.38175189296 2.09627577056 0.682020247385 0.674968399657 3.96207562212 5.11247855477 6.29740420674 0.554340155679 1.06282459579 0.532945849894 12.3491761181 27.5847996388 28.1828945123 120.216814188 0.426455633225 0.774035624681 0.236855607686 8.77773664263 0.404642317261 1.24516976457 0.408205417345 9.33690284033 9.74698222928 0.83586545604 0.828354896443 4.59338748906 2.30770389738 0.855521671393 0.442817510554 0.905651824468 1.35652587211 2.18784121212 0.392314083312 4.72793180039 5.09506583421 0.335497179091 0.359200357725 0.367158444231 0.334637143977 0.317928867555 1.13848343482 0.443762623247 0.272063952768 -9999.0 -9999.0
-9999.0 -9999.0 -9999.0 -9999.0 -9999.0 -9999.0 -9999.0 -9999.0 1.4419904026 2.03309492338 0.671726725653 1.37698428815 2.0123741055 3.35900313604 0.636641005753 0.604637625309 0.502522393417 0.508347325502 0.4535790654 14.2633584123 0.537498225228 1.03706168395 121.929050009 123.102339252 0.433654757292 1.63500342634 10.7836882681 0.79330831406 1.60617470161 0.740835114914 1.09763003441 11.3108761763 1.20671930649 6.58203428701 5.39673599004 0.416880405169 2.13484362727 0.867128186192 1.31295912736 0.402364024575 2.57049616551 3.32736893933 3.6584533354 3.97393160773 6.3824999615 0.650481646315 0.67148798037 0.61948598803 0.585345621985 1.42915007339 0.289499307715 1.01231718686 1.27945854369 -9999.0
-9999.0 -9999.0 -9999.0 -9999.0 -9999.0 -9999.0 -9999.0 -9999.0 0.737448241813 3.48009410113 4.1264088057 0.645409763309 1.25350537245 0.605915914745 0.544950124393 0.534317129958 6.81423240797 9.00661584718 11.2412047424 13.6277938436 0.580804174387 0.515313307804 0.50240615297 125.661619329 127.091157541 127.595694144 14.4167336321 3.17059981362 2.76706497634 0.33680181913 1.43316619315 13.0921326027 0.344838734628 6.93409391522 0.396078913115 2.83233957572 2.57276761445 0.41608253006 1.71865875106 0.804468040111 1.19557936838 0.359326885634 0.304613268434 4.2858444562 4.57547891085 6.67142707689 0.973827298607 0.909300536235 0.863703122029 1.73398408587 2.31852781296 0.291354727094 1.5602952662 0.302020912607
-9999.0 -9999.0 -9999.0 -9999.0 -9999.0 -9999.0 -9999.0 -9999.0 -9999.0 0.75265039039 4.81783650602 5.43975750463 1.85974334454 3.0647811103 4.16112114875 4.71614038248 0.576999856868 1.68572622738 1.13174179087 0.599878756463 0.571780629958 0.497833827006 0.970138431538 1.658588817 0.634536824114 143.195882416 143.638471308 0.411470221885 0.314025996035 0.685172243365 1.02682932077 14.1116614843 0.680969553144 7.24465641101 4.29488170623 3.56302936971 0.390402933183 0.795254213013 2.08510377078 0.365767718889 1.54966094381 0.706158424903 0.477493030102 0.170987636912 5.2065265869 12.1310038445 1.20887166382 1.1472449969 1.12133107174 0.256994116772 2.57303956009 0.248917252916 2.10236783076 0.272830391053
-9999.0 -9999.0 -9999.0 -9999.0 -9999.0 -9999.0 -9999.0 -9999.0 -9999.0 -9999.0 0.632071856142 6.71029828723 0.598857903181 1.19168185954 1.71739180869 2.74031053131 0.520806284406 1.09049878007 0.536213109452 0.490437472753 0.459698927122 0.90667435426 0.406416971068 0.447385858818 0.920257819098 0.539948773088 144.182325624 145.078717221 146.286440749 1.37146940433 0.349144422866 0.696005626835 14.4751966426 13.2593990186 5.04401121578 0.370293054284 1.55806232014 1.17408430728 2.45267240039 0.730968782604 2.97264934585 1.06015569206 0.757813652025 0.118099874823 0.188311539306 12.4311397498 12.7138376016 15.318617902 1.92425680057 0.529627195683 2.84683495535 3.36276947435 5.70863633838 0.536815123493
-9999.0 -9999.0 -9999.0 -9999.0 -9999.0 -9999.0 -9999.0 -9999.0 -9999.0 -9999.0 -9999.0 0.389385693523 7.55277837119 0.631034067714 1.14202298199 4.87797317812 0.508821609771 0.501161328023 0.439470448684 0.9612401023 0.481651179628 1.8600080553 2.6698337601 3.03650084122 1.26796809822 1.63538110583 0.42210355285 0.485865720615 0.501656546024 148.550824468 149.643970232 14.7862556053 13.8889248646 13.5776304177 0.641276379929 0.31137833197 1.90079268447 5.04361951761 2.80086781726 1.07528603971 4.38491214293 1.481120485 1.16165964541 0.229367063546 0.0967808948125 0.0882979925446 0.114871955525 15.9805900175 18.7148488501 0.260877317141 0.240914346183 0.259846001714 5.96434779583 6.73982287741
-9999.0 -9999.0 -9999.0 -9999.0 -9999.0 -9999.0 -9999.0 -9999.0 -9999.0 -9999.0 -9999.0 0.361699668177 8.39785419392 10.1729698169 0.520109955756 5.89937881919 0.460554463346 0.437126203694 0.903124930061 2.34005567962 0.462550659717 0.49218978125 0.39886761501 3.82130597572 4.19582133202 6.23757734939 6.98221957081 7.32776689472 7.72993171658 8.11541058675 158.235211367 173.706171899 188.287947493 188.702333772 0.31642479854 0.316762628454 5.73173565966 5.39041584938 0.341587007648 0.344593287214 4.79577326702 6.61632202908 0.265478125356 2.76408144417 2.57824727625 0.534112507109 0.256922805593 0.437904299164 0.296939032356 19.2459390454 0.266931218589 0.733707219662 0.951986987863 8.26067809388
-9999.0 -9999.0 -9999.0 -9999.0 -9999.0 -9999.0 -9999.0 -9999.0 -9999.0 -9999.0 -9999.0 0.663607445854 1.25253357304 10.7405585164 11.6996376803 0.480445864316 6.97084052926 0.387012495487 1.21531690018 2.75739065724 0.886702132666 0.421817488003 0.867729456755 0.344403039714 0.67827601889 0.345818713887 0.298421227985 0.215285783379 0.185426929548 0.148801060612 0.134544563186 0.207516851681 0.300615215572 0.427023746178 189.841613159 7.0474626767 6.37861950521 0.303807004181 0.988350191609 0.243452510246 0.262052023825 6.93204997287 10.629842246 3.10963479146 2.36518878424 0.329293315374 0.1324229442 0.11519896704 0.33828962942 19.8593886527 20.3868625839 0.27335134426 0.276749711308 0.185190356566
-9999.0 -9999.0 -9999.0 -9999.0 -9999.0 -9999.0 -9999.0 -9999.0 -9999.0 -9999.0 -9999.0 -9999.0 0.528687970521 7.59650354329 19.8166623646 21.4265077637 28.8809652665 29.4806420904 6.29482364983 4.50579587175 1.31741791544 0.414842355072 1.68330231451 2.07126094151 3.10268697953 0.708927139216 0.636841860954 0.560179881409 1.08086900372 0.478128633558 0.442782883898 0.225764486583 0.125036345327 0.122610691919 190.178787409 197.470580885 197.91175651 0.321754412503 2.78476057203 1.16594924369 0.337134104297 11.6822238269 0.744658643924 0.386064448488 1.55956719253 0.287962543574 0.235367366025 0.451655219838 0.674616071294 0.931295057603 20.8483522418 0.222110810558 0.199237284667 0.199365422182
-9999.0 -9999.0 -9999.0 -9999.0 -9999.0 -9999.0 -9999.0 -9999.0 -9999.0 -9999.0 -9999.0 0.59698145626 5.81674729389 7.04045204329 1.08659553299 0.396939497894 0.901785652194 30.8235677534 31.3149959863 38.1919567694 0.37471032104 0.78540711366 0.347337899144 0.353108614322 3.44925677822 4.50379225442 5.46378367021 0.313071671497 1.39366125285 2.17824544099 1.26868782639 0.529024041644 0.347744301009 0.260972258788 0.285857860885 0.14672573818 198.266784223 198.581092919 201.922114105 0.583503461144 0.305589247686 12.1292740728 0.790431221865 0.407713250405 0.441687987469 0.437296346567 0.385260631275 0.638133543094 1.90683355199 3.1159679733 24.1907795453 0.182515315586 0.544798328531 0.36678916494
-9999.0 -9999.0 -9999.0 -9999.0 -9999.0 -9999.0 -9999.0 -9999.0 -9999.0 -9999.0 -9999.0 0.616618852892 4.1117464421 0.635176649384 0.52431732536 2.84663421669 3.30400179129 3.75976618725 4.17646093228 51.0273775423 51.4887190767 52.3528547232 57.901242631 58.8984561852 59.4302424 59.7865651417 65.8461665777 66.6802609166 67.0192850737 69.520750055 71.1343353159 71.4388748071 72.2894253207 0.55125237895 0.449053021696 0.0785136568472 0.0946027894005 198.858619762 203.08102355 0.869101403365 14.3892387959 14.0735821061 1.47558483936 0.350912504668 0.354231764974 0.341209546385 0.341246513022 0.687042246589 0.991234063672 0.299428562343 24.4111364355 24.6433266584 25.7609393328 25.9604490177
-9999.0 -9999.0 -9999.0 -9999.0 -9999.0 -9999.0 -9999.0 -9999.0 -9999.0 -9999.0 -9999.0 2.1419080816 2.82664248381 1.28050974169 1.86898840859 0.577040195988 6.48262923341 6.95262541737 7.89109592668 8.23491800955 3.00085325241 55.9831034378 56.3707671564 0.279203633685 0.176511996174 0.149945499438 0.342620279071 0.17175463076 0.120798126749 0.114937385275 0.132532852725 71.6539996328 72.5334240886 73.4309568811 74.1892008524 74.5695029079 0.150617217503 0.0637363787731 218.323275956 14.9646549002 14.7207165728 0.317206927075 0.294246226836 0.272457273519 0.630583572822 0.61867651099 0.287257164446 0.290106225107 0.273006037591 0.567230782376 0.772178827506 0.179972395814 0.333584951203 0.107584427443
-9999.0 -9999.0 -9999.0 -9999.0 -9999.0 -9999.0 -9999.0 -9999.0 -9999.0 -9999.0 -9999.0 -9999.0 1.45023249871 0.670941165714 0.586512012748 5.53834109915 6.02926284506 0.494966189262 1.88736190473 2.32228916728 2.66528212829 0.405523937792 0.289669511183 7.75774821745 7.99285000817 8.20148486189 21.911445902 22.0466230493 22.2724540726 23.9205298884 24.601922115 24.6997074964 0.116006215447 0.123528821481 0.126589373088 75.0061212063 0.138148673381 221.033242653 220.683910977 2.14791589328 1.88402530595 1.20193541631 0.299925650674 0.543872098423 0.90763491649 0.896253907085 0.558916645376 0.278752583607 0.547036339513 0.540496231573 1.01110132454 0.145702205128 0.46911571879 0.761956315705
