data/baseflow/History/mHMbfrc588
ncols                  80
nrows                 72
xllcorner      4374000.0
yllcorner      5656000.0
cellsize            500
NODATA_value       -9999
[rows 24 to 47 of 72, columns 0 to 53 of 80]
-9999.0 -9999.0 -9999.0 -9999.0 -9999.0 -9999.0 -9999.0 -9999.0 -9999.0 -9999.0 -9999.0 -9999.0 0.76900948927 2.08155197127 2.68790114711 4.48879593596 0.45158466588 0.93708791645 1.39168285901 5.93381121443 6.36567578956 6.82880754487 7.1271116128 7.41986256805 11.3588808848 12.2066072555 12.8015301556 0.251169415819 1.54131442479 1.78437013884 24.2629988448 25.2759722735 25.845652031 26.4627447031 26.8078719078 100.992493186 0.254237263715 188.99982832 0.173746907775 0.102583439876 1.38076741332 1.18977384499 0.200994308943 0.581724084559 0.856762804071 0.828013246757 0.596138894645 0.986661129104 1.56737920818 0.615466947451 1.47726701303 0.142026907193 0.239614465246 0.0414120859989
-9999.0 -9999.0 -9999.0 -9999.0 -9999.0 -9999.0 -9999.0 -9999.0 -9999.0 -9999.0 -9999.0 -9999.0 0.694417708868 1.37847559576 0.647607439922 1.2565358452 0.505836894984 4.13787105494 5.02620908904 5.50603257948 0.427959368238 0.868661511284 8.67682427845 10.7465003988 11.0819935753 0.562067856721 0.832831338687 1.13277056511 0.207765168348 0.186310717103 0.347970138687 0.129777738203 14.7075352351 14.8616540726 15.0026416047 101.238383806 190.122041656 189.061270084 0.168826762774 0.101593576033 0.0924636074545 0.4256677001 0.346326261959 0.793006615198 1.05100575538 2.09013671153 0.20711642933 0.206030707 1.7460558004 1.93147231238 3.71685701768 3.79416771202 4.07653083494 4.15348978654
-9999.0 -9999.0 -9999.0 -9999.0 -9999.0 -9999.0 -9999.0 -9999.0 -9999.0 -9999.0 -9999.0 -9999.0 -9999.0 0.660469779552 1.33319814315 2.01773753979 3.09706545511 0.533490460739 0.461987407746 3.63797621105 4.05716578036 7.79659444553 8.28046760539 1.30622202189 0.349709689772 0.275840956768 0.251309613397 13.6932692575 13.8791976895 14.0905973323 14.2695274832 14.559375699 2.12651362713 2.20658037975 17.2928953214 308.745066362 0.76499500879 0.542692188467 0.256862971122 0.0783454597143 0.0741905758281 0.597908051692 0.651867979414 0.93443903726 0.0741071490023 2.19448677643 0.361095134021 0.357436091516 0.0697341802322 0.0429685040649 0.0360067903435 0.0310310389745 0.0362549664865 4.18968013703
-9999.0 -9999.0 -9999.0 -9999.0 -9999.0 -9999.0 -9999.0 -9999.0 -9999.0 -9999.0 -9999.0 -9999.0 -9999.0 -9999.0 0.610105837876 1.19098407713 1.73238973218 2.26306997034 2.72255328716 3.20270947468 1.39088705702 2.3890911764 0.474145210345 0.423343019403 12.0907456785 12.8556841222 13.1722247626 13.4907927375 0.215110458817 0.389340458847 1.22900925506 1.68306151367 1.9458643797 0.102610965792 0.105522639532 309.199447591 0.178355496441 0.225401214122 0.148195666499 0.40385621398 0.169609785423 0.101180733953 1.64734721987 1.7149175639 0.0378215318014 2.23884668936 2.69482763499 0.564913107157 54.8464521 54.6811809495 54.581711233 54.4373271513 54.3807786157 53.3337541458
-9999.0 -9999.0 -9999.0 -9999.0 -9999.0 -9999.0 -9999.0 -9999.0 -9999.0 -9999.0 -9999.0 -9999.0 -9999.0 -9999.0 0.201658549435 0.437832314825 0.568243034225 6.31156988774 6.78848840686 0.491751692834 0.471497327664 0.504259605606 10.4002560928 11.3445771321 0.441980570558 0.457180985813 0.31428816819 1.46017756092 1.83020852589 0.731761587944 1.04382877274 8.92142465045 9.19599578108 9.51246843568 15.4550435114 324.79273394 0.232326702971 0.11824111667 0.661819253709 0.505334939699 0.0552155330913 0.217117648929 0.274541972943 1.77473145824 1.82619005222 4.62042318909 2.71620047159 0.617082381801 56.0471953161 0.358154127559 54.511380871 54.4765221118 0.979461424183 0.041384370041
-9999.0 -9999.0 -9999.0 -9999.0 -9999.0 -9999.0 -9999.0 -9999.0 -9999.0 -9999.0 -9999.0 -9999.0 -9999.0 -9999.0 0.980451395687 1.62675540332 3.24078119278 5.8119829976 7.3625469876 8.5283611017 9.01133908628 9.51207920765 9.99338847924 0.448741572953 0.37891646361 0.754115446108 0.69940380208 0.405790940319 7.72478320788 8.08390828848 8.40579629789 8.71062566563 5.16734168151 5.45858622823 5.77558400495 324.907194331 0.408168944576 0.490320027543 1.2715934734 0.123681600255 0.145496095119 0.0855946629944 0.0534772500669 0.339933024199 0.0412496056628 0.0430907015258 60.8732345901 56.222821444 56.1818300743 0.140185696656 0.323151688894 0.191578031022 0.0352087987867 0.851497351802
-9999.0 -9999.0 -9999.0 -9999.0 -9999.0 -9999.0 -9999.0 -9999.0 -9999.0 -9999.0 -9999.0 -9999.0 -9999.0 -9999.0 0.681797150307 0.674236150997 1.33864904415 1.97655817107 0.662719001465 0.752136671397 1.28273139159 1.8024564546 2.8001184726 3.27127744179 3.62793892265 4.76839338796 5.11638454124 5.55340814733 0.450308187947 3.89697894602 4.22135362528 4.57236436096 0.32732579034 0.340094031021 0.531909441199 331.744094119 331.849558129 332.500719996 1.65816001142 0.279749774487 0.317629758253 0.103668523857 0.0968020821206 0.387901231652 0.466828405981 0.0784939830111 61.0708129665 0.0712139878978 0.0733773059125 0.07381633295 0.078284292056 0.121072420813 0.0532027914679 0.594080083344
-9999.0 -9999.0 -9999.0 -9999.0 -9999.0 -9999.0 -9999.0 -9999.0 -9999.0 -9999.0 -9999.0 -9999.0 -9999.0 -9999.0 -9999.0 0.660433850194 1.28843114066 0.594935615568 1.23639923434 7.29181427201 7.73450379427 8.19600021674 0.478806700672 0.486007455409 0.841084420443 1.24742410986 1.90975048308 2.29956758736 2.69054992776 3.08233816272 0.295983326344 0.302254237728 5.48763214341 5.89817324094 6.04942031973 6.18763685959 4.9891410357 338.004533452 340.404013665 340.491988559 340.869337569 341.236653812 341.354997866 0.0369177216794 0.50361951374 61.1021204947 0.071450334529 0.0364831999384 0.0716414707017 0.0758345708993 0.119478535272 0.0766285912813 0.0444729901652 0.0666714094926
-9999.0 -9999.0 -9999.0 -9999.0 -9999.0 -9999.0 -9999.0 -9999.0 -9999.0 -9999.0 -9999.0 -9999.0 -9999.0 -9999.0 -9999.0 -9999.0 1.90899144755 2.49620736667 4.29281350269 5.4684152088 0.567820777245 9.35031680125 9.80534678183 10.1966476633 0.378337065828 0.739372610485 0.310668060319 2.47776635193 2.75404100225 3.23555318264 3.78161043118 4.80865959429 5.14852625176 0.19738275574 4.46919373715 4.7301735596 4.86404582672 5.39468374262 0.641881802668 0.36418440282 0.192967689618 0.168561804748 341.583268492 341.617117737 342.349312868 61.1340663977 0.249386707678 0.146337763326 0.105945038484 0.027620446844 0.281418532696 0.127522855422 0.0397564418972 0.213521165416
-9999.0 -9999.0 -9999.0 -9999.0 -9999.0 -9999.0 -9999.0 -9999.0 -9999.0 -9999.0 -9999.0 -9999.0 -9999.0 -9999.0 -9999.0 -9999.0 0.625970517325 3.11035698696 3.73336099927 0.566377559353 0.51541784848 1.10741091493 1.63478382114 12.2538439252 0.377514963974 1.51706218483 1.84537100012 2.16589518751 0.377054331958 0.755497583606 0.992025518139 3.34298892274 3.85455375531 3.99304075424 0.146627156317 0.122000485108 0.139303240055 0.267026363621 0.14520420472 0.152869962506 0.0809371073162 0.13085562629 0.046178667285 0.208132241419 342.38717547 403.641995912 0.392342379953 0.107444244931 0.0417101830728 0.805123983379 0.74457886044 0.418128829794 0.370618366547 0.270048763442
-9999.0 -9999.0 -9999.0 -9999.0 -9999.0 -9999.0 -9999.0 -9999.0 -9999.0 -9999.0 -9999.0 -9999.0 -9999.0 -9999.0 -9999.0 0.578375495342 1.76186994101 0.564639442492 0.535803659414 0.550010860204 1.05083019129 1.56639674846 1.99375758058 14.7134021112 15.070573114 0.370542342469 0.697168740885 1.03534955217 1.30026130813 1.63422777817 2.96830123923 3.20194470384 0.351941150595 0.175146521753 0.0683012291068 0.0506811031435 0.167522395093 0.152322411128 0.251095168892 0.286544225971 0.481126276985 0.208110827463 0.0934720065694 0.0944558275158 0.0514515996306 0.0934595549686 407.732695861 3.65575868974 1.11175946055 0.20468228963 0.105477944043 0.0528242428862 0.136427670751 0.0775625258705
-9999.0 -9999.0 -9999.0 -9999.0 -9999.0 -9999.0 -9999.0 -9999.0 -9999.0 -9999.0 -9999.0 -9999.0 -9999.0 -9999.0 0.60678014133 1.1752260537 4.07219623195 0.546747133691 1.04096677551 1.56505416116 2.03989671384 0.505437373219 0.925576290515 1.36247123736 16.8535535194 0.344084267766 0.644768771076 0.980618743863 0.351078058722 0.698574085243 1.02073545225 1.231529695 27.7875224166 28.1669002538 28.5744996621 29.6627783805 29.9226693701 30.5656708648 0.475905505275 0.985215982752 0.583529097225 33.0274130763 33.1660876296 0.0850907050652 0.119258875498 0.153302201356 407.788169441 3.494657591 1.98057976942 1.83879148516 1.23244984558 1.0195410335 0.177836771416 0.0506607359147
-9999.0 -9999.0 -9999.0 -9999.0 -9999.0 -9999.0 -9999.0 -9999.0 -9999.0 -9999.0 -9999.0 -9999.0 -9999.0 -9999.0 0.617627215621 1.8703593589 6.55613450443 9.75898762591 0.503557320378 12.6359880369 15.170574114 0.458629930018 0.87205345617 1.29012123719 20.6108281925 20.9529437686 0.212831249177 1.41681007043 1.6512863133 1.94284625842 25.5414894515 26.1204588978 26.3769462678 0.118874940408 0.761524403512 0.886303434625 0.27705298863 0.366326635793 31.1295854872 32.2726126173 32.3403434431 32.4040805579 33.2456495401 0.0396474095605 0.0358890288281 0.224205261296 407.859201515 0.240890033438 0.296697909471 0.493864015071 0.110997401338 0.868821838102 0.714196735468 0.438745081721
-9999.0 -9999.0 -9999.0 -9999.0 -9999.0 -9999.0 -9999.0 -9999.0 -9999.0 -9999.0 -9999.0 -9999.0 -9999.0 -9999.0 -9999.0 -9999.0 1.30713321458 2.63124726373 11.5394627222 12.1487582315 15.7163807004 16.2242928526 0.45165950049 0.904045007479 2.03669974274 21.3571964316 21.8208690573 21.9908331384 0.141681934511 22.6751536149 23.2933601275 0.35545284905 0.120743854407 0.229104686406 0.44394238964 0.106851652624 0.199914078157 0.422964561058 0.506430759254 0.0985865029974 0.0659181941777 0.124808646053 33.8852696887 34.089818845 34.1195339523 34.4387907509 407.912775606 0.219187588691 0.258538432715 0.0833184776342 0.0797047089547 0.0818561104197 0.0703392932261 0.131346862716
-9999.0 -9999.0 -9999.0 -9999.0 -9999.0 -9999.0 -9999.0 -9999.0 -9999.0 -9999.0 -9999.0 -9999.0 -9999.0 -9999.0 -9999.0 -9999.0 0.68262261946 0.66817941787 0.638785181946 1.18711163003 0.520415960531 17.2671771675 17.7327914769 0.39337130924 0.781635251681 0.290825346713 0.225115223792 0.215468798382 22.3827904039 0.214658528797 0.443939965626 0.173391143197 0.124465182129 0.108523900558 0.0818498783277 0.0856212194566 0.26042457101 0.358099679161 0.0688116703755 0.0622527061892 0.135413037402 0.227983344753 0.333199060549 0.11879647774 34.1754616191 34.4711184787 407.957791241 0.746877491699 0.391996371744 0.0511482151859 0.120749738183 0.042008413711 0.0326805558577 0.167013117663
-9999.0 -9999.0 -9999.0 -9999.0 -9999.0 -9999.0 -9999.0 -9999.0 -9999.0 -9999.0 -9999.0 -9999.0 -9999.0 -9999.0 -9999.0 -9999.0 -9999.0 -9999.0 0.660032062828 1.78589865645 2.30519485866 2.82032475807 18.233348628 18.7295327235 19.1851287415 19.5611993474 19.7688111044 20.2100965312 20.39548364 20.601284098 20.7409268139 0.110258555175 0.10096985732 0.105299563719 0.363809012245 0.0969109530664 0.090475411758 0.0695365124066 0.202630179266 0.0845782812204 0.0640121452953 0.0590256187443 0.049178631338 0.0981339165236 0.142806730017 34.7636366407 443.499438705 0.132745509928 0.217644140614 0.0409262252555 0.275961566788 0.371767624019 0.0656751078577 0.69339008117
-9999.0 -9999.0 -9999.0 -9999.0 -9999.0 -9999.0 -9999.0 -9999.0 -9999.0 -9999.0 -9999.0 -9999.0 -9999.0 -9999.0 -9999.0 -9999.0 -9999.0 -9999.0 -9999.0 0.557082345874 4.37541807289 8.37826584563 8.88528302729 0.512271311485 0.911613426422 1.30972950542 1.60785570688 3.70548022571 3.82819327075 0.117646855199 0.113852295484 21.1424358941 21.3923843431 21.4837521008 0.429270284659 0.0564040534442 0.139038337972 0.206100146338 0.631244399492 0.788119977415 0.910424721387 0.111440891487 0.1549735579 0.0524325958812 0.108670506357 0.0541635263404 443.567218678 0.108644776104 0.438384145049 0.122083697174 0.424610886858 1.36967085385 1.48819663273 2.24102597703
-9999.0 -9999.0 -9999.0 -9999.0 -9999.0 -9999.0 -9999.0 -9999.0 -9999.0 -9999.0 -9999.0 -9999.0 -9999.0 -9999.0 -9999.0 -9999.0 -9999.0 -9999.0 0.614678336164 1.95347676858 3.82883059657 5.00751357017 12.4788420686 12.9842188888 0.839849670569 1.24409850736 1.60929942209 1.88786813194 3.98774150288 4.23732260718 7.92969642053 8.27997298223 8.51735314084 21.5675028336 22.1986593728 0.135761591616 0.0896394622068 0.0845672969969 0.160914320843 0.0758784394802 1.06372918654 1.12185474412 0.213675330708 0.354715922512 0.168973053102 112.74212701 112.862411812 556.456358763 557.005098098 0.1262032547 0.685905145663 0.283873183343 0.173268663404 2.51050449066
-9999.0 -9999.0 -9999.0 -9999.0 -9999.0 -9999.0 -9999.0 -9999.0 -9999.0 -9999.0 -9999.0 -9999.0 -9999.0 -9999.0 -9999.0 -9999.0 -9999.0 -9999.0 -9999.0 0.696689030491 0.676500843574 1.28175059161 3.04987448638 13.5243829655 0.437328886232 0.431585425956 0.758256709258 1.14140901737 2.90909652249 3.160142074 0.245213238867 0.189047297102 8.64274156981 8.73769973423 31.1690687142 31.3263856935 0.0472756678989 0.0416834199546 0.0349247260408 0.0352482870453 0.0405283892642 111.395006008 111.743011381 112.150398397 112.400427205 112.629328232 0.062905592429 0.229775237744 0.266998306822 557.373533543 557.410550695 557.423646936 557.454469157 557.5209574
-9999.0 -9999.0 -9999.0 -9999.0 -9999.0 -9999.0 -9999.0 -9999.0 -9999.0 -9999.0 -9999.0 -9999.0 -9999.0 -9999.0 -9999.0 -9999.0 -9999.0 -9999.0 -9999.0 -9999.0 0.623132498995 0.650527954252 1.21089929251 15.8819807668 16.3575450752 0.420248306126 0.756879193929 1.15005673068 1.54855887266 0.367919189105 0.612855410179 32.9072717706 33.0165787098 33.2917980835 34.1712600935 65.5803064593 109.287427115 109.403028721 109.505351981 109.604175689 110.069702004 110.220823747 0.303444452052 0.136610765299 0.0834637643192 0.156119601943 0.114684044631 0.182530266721 0.0560934244884 1.26331838888 1.59874437113 1.88769581073 1.90673656802 557.512923258
-9999.0 -9999.0 -9999.0 -9999.0 -9999.0 -9999.0 -9999.0 -9999.0 -9999.0 -9999.0 -9999.0 -9999.0 -9999.0 -9999.0 -9999.0 -9999.0 -9999.0 -9999.0 -9999.0 -9999.0 -9999.0 0.634704286143 1.21752025932 1.80253566824 16.8309708503 0.365680748458 22.3181089 22.7138770831 23.0962724312 23.3908363157 31.8022888006 32.0687651359 0.0985513792812 0.67138066747 0.779465270381 0.103934407964 43.5959709 43.4066824836 0.0570820230944 0.135200391981 0.374072991101 0.0846029044903 0.0920196015877 0.0694563791414 0.059093254012 0.0454491009837 0.0542533441335 1.08595805843 1.14339465445 1.21955696581 0.284507504627 0.224549416549 2.03051647306 2.06786114941
-9999.0 -9999.0 -9999.0 -9999.0 -9999.0 -9999.0 -9999.0 -9999.0 -9999.0 -9999.0 -9999.0 -9999.0 -9999.0 -9999.0 -9999.0 -9999.0 -9999.0 -9999.0 -9999.0 -9999.0 -9999.0 0.581576965086 0.546974298808 2.82831941463 20.7099755862 21.5897584989 21.9840812619 0.297832359213 7.25760011165 7.66452439427 7.88218512768 0.241986147589 0.359466355991 0.456617745465 9.78541759737 9.86812758457 9.93824741881 43.285771574 27.1143329668 0.0741572478778 0.0815658643836 0.0776716607844 0.0604794888449 0.642632106011 0.777976731458 0.895884565557 0.962802537884 1.02700408675 8.94254069985 9.00925683188 9.14858965878 9.39763370718 10.0220942675 10.041048296
-9999.0 -9999.0 -9999.0 -9999.0 -9999.0 -9999.0 -9999.0 -9999.0 -9999.0 -9999.0 -9999.0 -9999.0 -9999.0 -9999.0 -9999.0 -9999.0 -9999.0 -9999.0 -9999.0 -9999.0 -9999.0 -9999.0 1.1397872818 1.73567937653 0.533558918611 0.440089282095 6.21506022816 6.51094315176 6.71618258047 1.90282062777 2.15341029739 2.39260005296 2.51189920414 9.59871977962 9.71907883008 6.00064469874 16.0271300339 16.1079781488 27.0583068415 0.161878782081 0.0836143322807 0.0574435802215 0.445138264233 0.522158852662 0.0483646081096 0.0455494710602 8.72840118811 8.84406125416 8.90055337175 0.0928329334323 0.162672087685 9.93027890091 0.0325287463908 0.143982721111
-9999.0 -9999.0 -9999.0 -9999.0 -9999.0 -9999.0 -9999.0 -9999.0 -9999.0 -9999.0 -9999.0 -9999.0 -9999.0 -9999.0 -9999.0 -9999.0 -9999.0 -9999.0 -9999.0 -9999.0 -9999.0 -9999.0 0.572061853717 1.13089519185 4.51106876076 5.03259091747 5.41237764837 1.42560627531 1.66143680907 0.254040371542 6.56869800161 6.78836453441 6.9748886994 0.132839141098 5.77896985301 5.90500017078 0.0892093193527 26.6381293043 0.18494261869 0.0933444602891 0.242864730145 0.326771176977 0.062475028324 0.0504458985919 8.15221483207 8.62561876066 8.69350124453 0.0719287714368 0.156781128846 0.196454004422 0.253771536441 0.454730442666 0.0539752456883 0.118522265008
