data/baseflow/History/mHMbfrc337
ncols                  80
nrows                 72
xllcorner      4374000.0
yllcorner      5656000.0
cellsize            500
NODATA_value       -9999
[rows 0 to 23 of 72, columns 0 to 53 of 80]
-9999.0 -9999.0 -9999.0 -9999.0 -9999.0 -9999.0 -9999.0 -9999.0 -9999.0 -9999.0 -9999.0 -9999.0 0.825905089729 0.721925868823 -9999.0 -9999.0 -9999.0 -9999.0 -9999.0 -9999.0 -9999.0 -9999.0 -9999.0 -9999.0 -9999.0 -9999.0 -9999.0 -9999.0 -9999.0 -9999.0 -9999.0 -9999.0 -9999.0 -9999.0 -9999.0 -9999.0 -9999.0 -9999.0 -9999.0 -9999.0 -9999.0 -9999.0 -9999.0 -9999.0 -9999.0 -9999.0 -9999.0 -9999.0 -9999.0 -9999.0 -9999.0 -9999.0 -9999.0 -9999.0
-9999.0 -9999.0 -9999.0 -9999.0 -9999.0 -9999.0 -9999.0 -9999.0 -9999.0 -9999.0 -9999.0 -9999.0 1.64556145209 3.59876687741 0.582919087562 -9999.0 0.535430580018 -9999.0 -9999.0 -9999.0 -9999.0 -9999.0 -9999.0 -9999.0 -9999.0 -9999.0 -9999.0 -9999.0 -9999.0 -9999.0 -9999.0 -9999.0 -9999.0 -9999.0 -9999.0 -9999.0 -9999.0 -9999.0 -9999.0 -9999.0 -9999.0 -9999.0 -9999.0 -9999.0 -9999.0 -9999.0 -9999.0 -9999.0 -9999.0 -9999.0 -9999.0 -9999.0 -9999.0 -9999.0
-9999.0 -9999.0 -9999.0 -9999.0 -9999.0 -9999.0 -9999.0 -9999.0 -9999.0 -9999.0 0.794196334361 0.756628819879 0.792355997774 0.783274509053 5.04760426275 5.57968967029 1.50722257197 0.486815360217 -9999.0 -9999.0 -9999.0 -9999.0 -9999.0 -9999.0 -9999.0 -9999.0 -9999.0 -9999.0 -9999.0 -9999.0 -9999.0 -9999.0 -9999.0 -9999.0 -9999.0 -9999.0 -9999.0 -9999.0 -9999.0 -9999.0 -9999.0 -9999.0 -9999.0 -9999.0 -9999.0 -9999.0 -9999.0 -9999.0 -9999.0 -9999.0 -9999.0 -9999.0 -9999.0 -9999.0
-9999.0 -9999.0 -9999.0 -9999.0 -9999.0 -9999.0 -9999.0 -9999.0 -9999.0 0.760619495181 1.55372376623 3.08792998764 1.534314812 0.748361445316 1.45902225528 6.25119686841 8.81663114276 0.527346316034 -9999.0 0.74228288432 -9999.0 -9999.0 -9999.0 -9999.0 1.03073646907 0.527055213572 -9999.0 -9999.0 -9999.0 -9999.0 -9999.0 -9999.0 -9999.0 -9999.0 -9999.0 -9999.0 -9999.0 -9999.0 -9999.0 -9999.0 -9999.0 -9999.0 -9999.0 -9999.0 -9999.0 -9999.0 -9999.0 -9999.0 -9999.0 -9999.0 -9999.0 -9999.0 -9999.0 -9999.0
-9999.0 -9999.0 -9999.0 -9999.0 -9999.0 -9999.0 -9999.0 -9999.0 0.866022199092 2.44053730531 3.1797916319 3.92794255409 5.34940652905 0.706452734531 2.84070988639 3.51093822505 13.3378713809 0.506078736625 0.559746589703 1.40977471263 2.04115235042 0.655148287119 -9999.0 2.61415468539 2.14016792395 0.568333117788 -9999.0 -9999.0 -9999.0 -9999.0 -9999.0 -9999.0 -9999.0 -9999.0 -9999.0 -9999.0 -9999.0 -9999.0 -9999.0 -9999.0 -9999.0 -9999.0 -9999.0 -9999.0 -9999.0 -9999.0 -9999.0 -9999.0 -9999.0 -9999.0 -9999.0 -9999.0 -9999.0 -9999.0
-9999.0 -9999.0 -9999.0 -9999.0 -9999.0 -9999.0 0.853524008957 0.783026612046 0.767584928257 0.780338293719 0.780736657041 5.50516914216 11.6083192459 12.3502857331 13.0254916319 0.694204412217 14.5934975237 15.1716160108 1.21585556522 0.663063501172 2.66288751652 4.58820617084 0.55201177319 4.27233698051 0.60083033519 0.562460202067 0.614262946758 -9999.0 -9999.0 -9999.0 -9999.0 -9999.0 -9999.0 -9999.0 -9999.0 -9999.0 -9999.0 -9999.0 -9999.0 -9999.0 -9999.0 -9999.0 -9999.0 -9999.0 -9999.0 -9999.0 -9999.0 -9999.0 -9999.0 -9999.0 -9999.0 -9999.0 -9999.0 -9999.0
-9999.0 -9999.0 -9999.0 -9999.0 -9999.0 -9999.0 1.73135270955 2.56418493307 5.80011033146 8.08514936774 0.709394600906 0.748203713519 0.704945717176 2.04613994422 15.6849511281 0.610567490821 15.7613502947 18.1823903907 1.81655500103 1.24617830255 5.17330375092 0.625875802394 4.89206491922 1.1197825871 0.542416661801 1.08657821556 1.23568373199 0.683676754443 0.716680356681 0.698778378323 0.715156769745 1.42898657303 -9999.0 -9999.0 -9999.0 -9999.0 -9999.0 -9999.0 -9999.0 -9999.0 -9999.0 -9999.0 -9999.0 -9999.0 -9999.0 -9999.0 -9999.0 -9999.0 -9999.0 -9999.0 -9999.0 -9999.0 -9999.0 -9999.0
-9999.0 -9999.0 -9999.0 -9999.0 -9999.0 0.954076233312 1.84390483188 0.885445390138 1.70707843534 8.91940094033 10.4196839478 11.9250805373 39.3295029594 0.679746674121 16.3321504896 61.1835223771 61.7385073035 80.927091226 0.596017266995 1.82961896801 5.76038080205 0.582147528473 11.3018432302 5.80398544082 3.45774824647 2.89553353779 0.605992299542 2.03100695461 2.0958049394 1.39449929156 0.652572180489 2.09875844431 0.6215307029 0.611442810812 -9999.0 -9999.0 -9999.0 -9999.0 -9999.0 -9999.0 -9999.0 -9999.0 -9999.0 -9999.0 -9999.0 -9999.0 -9999.0 -9999.0 -9999.0 -9999.0 -9999.0 -9999.0 -9999.0 -9999.0
-9999.0 -9999.0 -9999.0 -9999.0 -9999.0 0.973986974794 2.84119314851 5.61006445273 6.47127836339 12.8689106506 13.6772087623 16.1907896087 26.7349842799 41.5456893636 42.9757434413 43.633596199 1.23348333308 83.1785657125 84.3597561632 87.4543660732 106.857730173 13.0806027618 11.923660801 4.07065042208 0.601988621205 3.72293878366 2.56555885246 0.520323311866 2.69814643092 0.615583801661 1.24974708932 3.31411405953 3.92074418294 1.20845825722 0.571066578077 0.577340678404 -9999.0 -9999.0 -9999.0 -9999.0 0.472196210239 0.429696088529 -9999.0 -9999.0 -9999.0 -9999.0 -9999.0 -9999.0 -9999.0 -9999.0 -9999.0 -9999.0 -9999.0 -9999.0
-9999.0 -9999.0 -9999.0 -9999.0 -9999.0 0.946759250139 0.907683319026 3.78489044925 4.65899355607 5.5568836447 0.851671362938 1.68873166452 9.85653944475 1.69354083286 0.785694744938 0.709861918897 0.619541324922 0.687154413243 0.645525079466 0.669164757658 107.452104386 109.196523192 0.57730734136 1.77021825389 1.20129854414 4.27052995933 1.04736970842 0.494968595241 3.29273301414 1.2290798636 3.03634371957 6.90459742572 6.29323055147 1.77149467312 1.67602208036 0.594755346032 0.582583507893 -9999.0 -9999.0 0.597164416974 0.973251573165 2.30191666032 0.452028369801 -9999.0 -9999.0 -9999.0 -9999.0 -9999.0 -9999.0 -9999.0 -9999.0 -9999.0 -9999.0 -9999.0
-9999.0 -9999.0 -9999.0 -9999.0 -9999.0 -9999.0 0.996264375682 0.992920988254 1.90103262736 2.82682647819 6.44794233916 8.21624355839 9.08673454634 0.886546038491 0.717422309525 9.59529165393 11.7006053546 12.3593974453 15.1293032935 15.7573122779 0.601074086627 109.803202783 112.76307662 2.37329551569 0.606324524048 4.82604406072 10.5570386828 4.23897174977 1.06101730286 0.550447701624 11.0271890535 7.45562425962 0.500928363685 0.493540867087 2.16738036977 1.73228508454 0.526754150663 0.464399005972 0.576458685769 1.16325696309 0.549166393829 2.79280873109 3.26948888853 0.415500411414 -9999.0 -9999.0 -9999.0 -9999.0 0.473407571438 0.443911679726 0.268327367652 -9999.0 -9999.0 -9999.0
-9999.0 -9999.0 -9999.0 -9999.0 -9999.0 -9999.0 -9999.0 0.96545487272 0.904793334726 1.85118341039 2.76555926576 0.889374115481 0.795087978758 5.07492619083 6.60530693055 8.18157861388 0.728533500468 1.46360170072 0.699905772555 16.4082088027 36.1917062736 36.6637119245 150.490849346 0.576449443792 1.74821486672 0.563885070507 11.0088323655 0.516508460301 1.61264104889 0.533087457506 11.5318637979 12.0438035761 1.00933063954 1.01077638061 5.54656548666 2.81888794916 0.974088001513 0.515651021469 1.14881196217 1.7296180052 2.78579804063 0.467031931091 4.02597954607 4.34074252227 0.281437623267 0.307083097308 0.323996446242 0.290776430877 0.275140982674 1.25025518481 0.678615539839 0.458529370062 -9999.0 -9999.0
-9999.0 -9999.0 -9999.0 -9999.0 -9999.0 -9999.0 -9999.0 -9999.0 1.85993118315 2.7438719266 0.897400332811 1.8211453321 2.66337873144 4.33234240393 0.835984129306 0.81641825921 0.717716304556 0.723440375708 0.644719906393 18.4764023646 0.722952344113 1.41290332623 152.381846668 153.251521244 0.303928507958 2.36637413861 13.7698871956 1.02591400603 2.06869670866 0.943546042327 1.35298912103 13.9040654651 1.44638493685 7.93929726279 6.51703728036 0.502018895271 2.55506905667 1.05405027376 1.67429286609 0.508437414241 3.20478609429 4.00897710476 4.28028931741 4.53640969081 5.40068607284 0.537978771691 0.575590552856 0.523033732463 0.48989679016 1.51535973266 0.30484562414 1.45816743504 1.76029000983 -9999.0
-9999.0 -9999.0 -9999.0 -9999.0 -9999.0 -9999.0 -9999.0 -9999.0 0.960928521498 4.64245035701 5.52153423142 0.87964716156 1.71545498134 0.834737838167 0.77544708727 0.765494626514 9.49935595319 12.5017316321 15.2368214779 17.9597161537 0.620932173644 0.703615312632 0.473162115704 155.853776316 156.811441317 157.115822784 18.0583646083 3.95778262509 3.5220857076 0.377281833264 1.75504418766 16.0678124705 0.409877685494 8.34739355643 0.497947774912 3.50017197616 3.10191282981 0.530473109762 2.19945139761 1.02965502342 1.52955604537 0.345459409853 0.252050999636 4.78905855786 5.01807260654 5.62908297615 0.825208211315 0.760239166287 0.718291193532 1.84502472193 2.46245910584 0.308224732711 2.07544778922 0.350983262683
-9999.0 -9999.0 -9999.0 -9999.0 -9999.0 -9999.0 -9999.0 -9999.0 -9999.0 0.975197501672 6.43566975669 7.30322583296 2.55912514014 4.22102480464 5.76681627503 6.53992159284 0.789029888179 2.29389919308 1.54476938656 0.805362813228 0.780211822372 0.716997381233 1.33791062843 2.00722219059 0.469032035717 175.999760149 176.306736325 0.284875679768 0.26596808802 0.814320646069 1.20913395406 17.2375729406 0.782374944202 8.68178611012 5.40964068662 4.49314415489 0.492645307823 1.01121818953 2.66334414268 0.463995828613 1.97291022952 0.746074158824 0.448092291487 0.232991042576 5.70253412892 11.5199366546 0.995101915367 0.933399681677 0.948121894401 0.247764463378 2.70482832049 0.236500007004 2.64954383716 0.307599291791
-9999.0 -9999.0 -9999.0 -9999.0 -9999.0 -9999.0 -9999.0 -9999.0 -9999.0 -9999.0 0.859191406486 9.02889387368 0.838754863123 1.6613549898 2.40987804092 3.8673170848 0.730116488825 1.49361978392 0.744011197891 0.688979786848 0.653985122587 1.2803854825 0.56462926333 0.50280278544 0.86577239458 0.41941987473 176.642050705 177.227959604 178.109828712 1.50686041797 0.437235236403 0.872810563904 17.6826200384 16.1271869794 6.32420470511 0.458615676228 1.97868999932 1.49192575079 3.12822577858 0.926442682567 3.59689603827 1.17101965198 0.766826851545 0.247389430267 0.247593526616 11.7731796274 11.9853632659 14.0959526252 1.72965251321 0.514559798187 2.96556187327 3.45744153728 6.34686303727 0.593600724774
-9999.0 -9999.0 -9999.0 -9999.0 -9999.0 -9999.0 -9999.0 -9999.0 -9999.0 -9999.0 -9999.0 0.595870621389 10.3124753261 0.786502411271 1.52607427704 6.81040417805 0.702729337361 0.693714878774 0.629815095046 1.37840456185 0.704451425065 2.66315051878 3.77231013989 4.27063427384 1.2424321447 1.50827034324 0.288290481561 0.374250407528 0.370512129437 180.423366415 181.59240901 18.0309880849 16.8611246727 16.4925796621 0.75048502562 0.363238573745 2.40623449393 6.39386654917 3.56073377589 1.35433113835 5.34325958685 2.03461232451 1.66004738965 0.520236927495 0.206422506815 0.173326869906 0.18141403246 15.0186477454 17.4678327281 0.25518325739 0.222614555753 0.246399046739 6.59359541405 7.43988280192
-9999.0 -9999.0 -9999.0 -9999.0 -9999.0 -9999.0 -9999.0 -9999.0 -9999.0 -9999.0 -9999.0 0.55834450679 11.5950872797 14.0697748463 0.748013199127 8.27553809431 0.649662753176 0.635168094568 1.33787659918 3.43530718581 0.696496736155 0.724988227577 0.573181736362 5.36475041027 5.89068672062 7.94551273216 8.60725834394 8.95389951108 9.23223624832 9.66803625198 191.577771499 210.174951264 227.52834543 227.748561492 0.234043561475 0.35448884844 7.25213889733 6.82515604 0.426684056041 0.430748682031 5.77677761879 8.210293216 0.348573045119 4.32370117181 3.96494834551 1.08078009008 0.435861386177 0.719078514704 0.255792664578 17.8804035932 0.207389623974 0.670971914568 0.832765719985 8.94911915526
-9999.0 -9999.0 -9999.0 -9999.0 -9999.0 -9999.0 -9999.0 -9999.0 -9999.0 -9999.0 -9999.0 0.900416382011 1.71350908031 14.866512502 16.2699426192 0.687414263271 9.44737956482 0.567892899997 1.80380631949 4.06230833362 1.34587068191 0.646931232885 1.24072004826 0.464244761197 0.938749347928 0.517400357407 0.492916894212 0.49397925768 0.463106804989 0.360499453658 0.277425344803 0.293565947593 0.298421175251 0.319593675525 228.559457574 8.15879010059 7.63149916139 0.183552053652 1.19013102603 0.418498579165 0.425722395329 8.57234075367 14.0195607586 4.72301159173 3.47563954466 0.678515849793 0.256856241754 0.233325019017 0.443383227319 18.5364989281 18.9261329647 0.203420515742 0.208298920147 0.22153082629
-9999.0 -9999.0 -9999.0 -9999.0 -9999.0 -9999.0 -9999.0 -9999.0 -9999.0 -9999.0 -9999.0 -9999.0 0.782490689994 10.5072943409 27.5311651637 29.783269419 39.8183864072 40.3300807991 8.99882042458 6.7167665608 2.00201670881 0.639604990913 2.477954355 3.03802528059 4.50324188462 1.0543499028 0.988431023673 0.997365336798 1.9364829246 0.829575417927 0.728518479126 0.461864161975 0.377044259222 0.258774858734 228.83295342 237.329536917 237.556487829 0.179195995747 3.19609990244 1.63339521038 0.402312660795 15.2367019291 0.8587051975 0.443604522591 1.98486028613 0.440926934058 0.268367912422 0.49409572827 0.681377922248 0.885294720698 19.2571627461 0.158328021169 0.139741107132 0.141314797499
-9999.0 -9999.0 -9999.0 -9999.0 -9999.0 -9999.0 -9999.0 -9999.0 -9999.0 -9999.0 -9999.0 0.843445751274 8.02669141896 9.70974106741 1.54703672583 0.615394948391 1.29327244665 42.2625579462 42.7458076883 52.2514285546 0.571156027618 1.20626648566 0.52396671654 0.529742914167 5.00449244852 6.55878581398 8.00597501861 0.453304130116 2.38661042058 3.65984461765 2.01272761821 0.876537945804 0.757887908453 0.65872170314 0.593223595798 0.191789068243 237.737373221 237.885498207 241.365903845 0.61856830039 0.339712055476 15.5391711418 0.979427592937 0.495084273455 0.546804326551 0.544035095258 0.443557869334 0.744232669575 2.07315574437 3.18058481778 22.6007208129 0.121785284769 0.365356511745 0.248612741405
-9999.0 -9999.0 -9999.0 -9999.0 -9999.0 -9999.0 -9999.0 -9999.0 -9999.0 -9999.0 -9999.0 0.860300804015 5.56861555576 0.860247835211 0.757861804915 4.11653750718 4.79380833506 5.4603584226 6.07947892959 70.9560681913 71.5724025581 72.7312134147 81.2982301291 82.8362650292 83.7027911803 84.2034063092 93.442363518 94.8075170029 95.2914130793 99.4639578144 101.940485057 102.355635753 103.96580969 1.04185466623 0.974785528871 0.199440616756 0.129093520073 238.035934673 242.318899307 0.818649779668 17.9738394571 17.674181736 1.82402351633 0.43718759654 0.450199027398 0.435339662222 0.410272519135 0.8153358306 1.10949953585 0.262543942771 22.7534936455 22.9157860347 23.6670649857 23.7992106065
-9999.0 -9999.0 -9999.0 -9999.0 -9999.0 -9999.0 -9999.0 -9999.0 -9999.0 -9999.0 -9999.0 2.88150316176 3.80928524623 1.76911938362 2.59840413194 0.819318400697 9.2597482065 9.95300440786 11.3189537455 12.0045286319 4.62236921735 78.3994239018 79.033401883 0.464574610872 0.354249540464 0.364050765216 0.743414949835 0.407523881917 0.386143655532 0.403098294654 0.377806448707 102.828454532 104.399396044 105.801443509 107.078609064 107.662572947 0.241336894593 0.0798707224238 260.885098044 18.4374094378 18.2883475625 0.350132550145 0.307661588565 0.285948432255 0.759443530823 0.74037787315 0.346018212965 0.347678808329 0.29656161052 0.555631958892 0.705570895095 0.111527710019 0.203479156935 0.0807707610302
-9999.0 -9999.0 -9999.0 -9999.0 -9999.0 -9999.0 -9999.0 -9999.0 -9999.0 -9999.0 -9999.0 -9999.0 1.96114410421 0.913520396405 0.839783551945 7.86761240783 8.57386092474 0.715652739168 2.76677491419 3.42945844991 4.03191770595 0.665056459444 0.410303540777 11.6941648969 12.0246276728 12.3543262481 31.5108618833 31.8130521049 32.4904313787 35.0172738623 36.9142473011 37.2275997928 0.389729563768 0.40209322495 0.321685727628 107.909878934 0.0967733428567 263.668704047 263.463163036 2.46044780488 2.27974135159 1.34913927178 0.350952223368 0.562509837136 1.04943373392 1.03285649866 0.669359412824 0.336152109949 0.6293911616 0.606108138715 0.965254900103 0.264490083254 0.43164957062 0.652317226901
