data/baseflow/History/mHMbfrc536
ncols                  80
nrows                 72
xllcorner      4374000.0
yllcorner      5656000.0
cellsize            500
NODATA_value       -9999
[rows 0 to 23 of 72, columns 0 to 54 of 80]
-9999.0 -9999.0 -9999.0 -9999.0 -9999.0 -9999.0 -9999.0 -9999.0 -9999.0 -9999.0 -9999.0 -9999.0 0.727873886064 0.8154903776 -9999.0 -9999.0 -9999.0 -9999.0 -9999.0 -9999.0 -9999.0 -9999.0 -9999.0 -9999.0 -9999.0 -9999.0 -9999.0 -9999.0 -9999.0 -9999.0 -9999.0 -9999.0 -9999.0 -9999.0 -9999.0 -9999.0 -9999.0 -9999.0 -9999.0 -9999.0 -9999.0 -9999.0 -9999.0 -9999.0 -9999.0 -9999.0 -9999.0 -9999.0 -9999.0 -9999.0 -9999.0 -9999.0 -9999.0 -9999.0 -9999.0
-9999.0 -9999.0 -9999.0 -9999.0 -9999.0 -9999.0 -9999.0 -9999.0 -9999.0 -9999.0 -9999.0 -9999.0 1.42921659418 3.72083432578 0.720743041204 -9999.0 0.642563456795 -9999.0 -9999.0 -9999.0 -9999.0 -9999.0 -9999.0 -9999.0 -9999.0 -9999.0 -9999.0 -9999.0 -9999.0 -9999.0 -9999.0 -9999.0 -9999.0 -9999.0 -9999.0 -9999.0 -9999.0 -9999.0 -9999.0 -9999.0 -9999.0 -9999.0 -9999.0 -9999.0 -9999.0 -9999.0 -9999.0 -9999.0 -9999.0 -9999.0 -9999.0 -9999.0 -9999.0 -9999.0 -9999.0
-9999.0 -9999.0 -9999.0 -9999.0 -9999.0 -9999.0 -9999.0 -9999.0 -9999.0 -9999.0 0.619389235774 0.605661991686 0.646289114809 0.640475849501 4.91238368126 5.61428942501 1.78025322387 0.563791001861 -9999.0 -9999.0 -9999.0 -9999.0 -9999.0 -9999.0 -9999.0 -9999.0 -9999.0 -9999.0 -9999.0 -9999.0 -9999.0 -9999.0 -9999.0 -9999.0 -9999.0 -9999.0 -9999.0 -9999.0 -9999.0 -9999.0 -9999.0 -9999.0 -9999.0 -9999.0 -9999.0 -9999.0 -9999.0 -9999.0 -9999.0 -9999.0 -9999.0 -9999.0 -9999.0 -9999.0 -9999.0
-9999.0 -9999.0 -9999.0 -9999.0 -9999.0 -9999.0 -9999.0 -9999.0 -9999.0 0.596542886537 1.21920579105 2.42597880396 1.22976605677 0.591842511187 1.16077086806 6.17043378827 9.28563404899 0.646771060211 -9999.0 0.615080947144 -9999.0 -9999.0 -9999.0 -9999.0 1.22584238381 0.621589486079 -9999.0 -9999.0 -9999.0 -9999.0 -9999.0 -9999.0 -9999.0 -9999.0 -9999.0 -9999.0 -9999.0 -9999.0 -9999.0 -9999.0 -9999.0 -9999.0 -9999.0 -9999.0 -9999.0 -9999.0 -9999.0 -9999.0 -9999.0 -9999.0 -9999.0 -9999.0 -9999.0 -9999.0 -9999.0
-9999.0 -9999.0 -9999.0 -9999.0 -9999.0 -9999.0 -9999.0 -9999.0 0.711523450563 1.95208652923 2.52700458441 3.10139106688 4.21486310522 0.533290127478 2.19574417154 2.71841733072 13.3065987642 0.614089643669 0.498872595479 1.13482510298 1.6433190874 0.537396942987 -9999.0 3.20798374037 2.62250159964 0.722150482127 -9999.0 -9999.0 -9999.0 -9999.0 -9999.0 -9999.0 -9999.0 -9999.0 -9999.0 -9999.0 -9999.0 -9999.0 -9999.0 -9999.0 -9999.0 -9999.0 -9999.0 -9999.0 -9999.0 -9999.0 -9999.0 -9999.0 -9999.0 -9999.0 -9999.0 -9999.0 -9999.0 -9999.0 -9999.0
-9999.0 -9999.0 -9999.0 -9999.0 -9999.0 -9999.0 0.677798806278 0.598269625243 0.584043582992 0.60050625777 0.627128456355 4.36765140649 9.17685775877 9.75480317804 10.1687027779 0.370372958201 14.2442921534 14.7502208264 0.974455732811 0.512560135326 2.13991001919 3.71927841158 0.579887020181 5.0138709583 0.54567113331 0.598992320652 0.557054304169 -9999.0 -9999.0 -9999.0 -9999.0 -9999.0 -9999.0 -9999.0 -9999.0 -9999.0 -9999.0 -9999.0 -9999.0 -9999.0 -9999.0 -9999.0 -9999.0 -9999.0 -9999.0 -9999.0 -9999.0 -9999.0 -9999.0 -9999.0 -9999.0 -9999.0 -9999.0 -9999.0 -9999.0
-9999.0 -9999.0 -9999.0 -9999.0 -9999.0 -9999.0 1.34723860001 1.96668857649 4.41436169228 6.13724956287 0.526017850133 0.540156053536 0.529844292561 1.5414417351 12.191043604 0.394454225503 15.2203205665 16.9768058798 1.38472192721 0.971121943704 4.18780057861 0.518171785771 5.51009985887 1.00613876556 0.506313923235 1.09386620295 1.10425603375 0.553441218611 0.537371548583 0.518184560585 0.568312036307 1.13595510114 -9999.0 -9999.0 -9999.0 -9999.0 -9999.0 -9999.0 -9999.0 -9999.0 -9999.0 -9999.0 -9999.0 -9999.0 -9999.0 -9999.0 -9999.0 -9999.0 -9999.0 -9999.0 -9999.0 -9999.0 -9999.0 -9999.0 -9999.0
-9999.0 -9999.0 -9999.0 -9999.0 -9999.0 0.740929954311 1.41782020829 0.667690170186 1.30164427744 6.79373979503 7.94657496548 9.07047580279 28.8163610586 0.498352974149 12.7198218475 45.5699334764 45.9096470726 63.4839403542 0.369662405596 1.4151485063 4.6593626104 0.465559245464 11.2120039386 5.2223051621 3.22576267476 2.7203907327 0.53383368736 1.61542129213 1.55183262465 1.03209241523 0.499569303262 1.65517974447 0.495890358175 0.485780078216 -9999.0 -9999.0 -9999.0 -9999.0 -9999.0 -9999.0 -9999.0 -9999.0 -9999.0 -9999.0 -9999.0 -9999.0 -9999.0 -9999.0 -9999.0 -9999.0 -9999.0 -9999.0 -9999.0 -9999.0 -9999.0
-9999.0 -9999.0 -9999.0 -9999.0 -9999.0 0.724516821903 2.08369931892 4.17649108406 4.80245662361 9.46092521486 10.048987929 11.9223894557 19.2347923366 30.3158862496 31.4351778427 31.9708524425 0.929815194946 65.1064960463 65.8603807455 68.2017734893 86.010840441 12.6709379357 11.7240820093 3.72772914682 0.485057562164 3.10901398311 2.11696551588 0.483412154307 2.03341992216 0.442729465138 0.891157418544 2.57298912021 3.06017922772 0.963449863579 0.485118780901 0.468074740871 -9999.0 -9999.0 -9999.0 -9999.0 0.627623716419 0.557339161621 -9999.0 -9999.0 -9999.0 -9999.0 -9999.0 -9999.0 -9999.0 -9999.0 -9999.0 -9999.0 -9999.0 -9999.0 -9999.0
-9999.0 -9999.0 -9999.0 -9999.0 -9999.0 0.688972284162 0.648574812717 2.74160623549 3.38572507643 4.05880520547 0.641178366182 1.26352445716 6.91362362078 1.22823608127 0.6185447973 0.55620295298 0.509110317012 0.529504275112 0.478630501137 0.560647183417 86.5265140634 87.9472522064 0.459539286258 1.41480740016 0.964560334956 3.57994626692 0.968990060857 0.467458301926 2.53698466803 0.852153446359 2.02565646666 5.3910673244 4.98252191577 1.44217826105 1.43927941548 0.484700170343 0.486777049734 -9999.0 -9999.0 0.486901468497 1.32177888978 3.04429323045 0.588530528897 -9999.0 -9999.0 -9999.0 -9999.0 -9999.0 -9999.0 -9999.0 -9999.0 -9999.0 -9999.0 -9999.0 -9999.0
-9999.0 -9999.0 -9999.0 -9999.0 -9999.0 -9999.0 0.709260254582 0.733176247951 1.34303735258 1.97910941722 4.46120552134 5.71484580226 6.33124384189 0.605124835335 0.52011383162 6.88632381758 8.54069234703 9.04960690234 11.1833107066 11.6666109596 0.491437794635 88.44759824 90.7076162628 1.77358990389 0.197378994282 3.94905863316 8.83011111963 3.47322993405 0.903308125426 0.444192178271 8.30879644391 5.85664086698 0.458042528155 0.455202864949 1.90585167785 1.44349774233 0.476711797493 0.480584479337 0.485519225085 0.960121551036 0.474612286389 3.7110850545 4.191503331 0.466817200545 -9999.0 -9999.0 -9999.0 -9999.0 0.542402119454 0.514005813205 0.133482798725 -9999.0 -9999.0 -9999.0 -9999.0
-9999.0 -9999.0 -9999.0 -9999.0 -9999.0 -9999.0 -9999.0 0.691178951726 0.557526552647 1.22422612846 1.89091741663 0.631289614349 0.521622053978 3.50762058195 4.66794781719 5.86178696357 0.582108358619 1.08711673735 0.561455443672 12.1734156561 27.7499773598 28.3629778378 120.164212168 0.460763905659 0.593609839235 0.176926079449 9.27518191747 0.457718142159 1.35649376089 0.440577949422 8.76326314398 9.2188052913 0.918536177274 0.899662415573 4.777444013 2.39621256065 0.963183755158 0.491254802432 0.967663368898 1.43447311608 2.37096677631 0.462012225952 5.13857861981 5.6215198147 0.460231211481 0.48384496376 0.495463981773 0.46399430167 0.451176026887 1.51870540761 0.567361118874 0.368677760858 -9999.0 -9999.0 -9999.0
-9999.0 -9999.0 -9999.0 -9999.0 -9999.0 -9999.0 -9999.0 -9999.0 1.17094957696 1.65905076946 0.606962961168 1.24824705889 1.85583738122 3.02101762216 0.62001625864 0.58796314341 0.512421134904 0.518543587457 0.479496961847 14.5371548681 0.566980114875 1.09635832961 121.963061891 123.386046696 0.59400402661 1.76254438917 11.4913732938 0.89480633658 1.77239586962 0.845958447413 1.25822653059 10.993947717 1.34888896951 6.97519064549 5.65269129417 0.42833360593 2.38341262248 0.961614647117 1.42445231377 0.451697564859 2.84217398934 3.77989951067 4.23498157611 4.67382998042 7.41369100168 0.90206000177 0.932455193931 0.878903407347 0.848610236265 1.94192854258 0.414848354899 1.35965763686 1.74694193761 -9999.0 -9999.0
-9999.0 -9999.0 -9999.0 -9999.0 -9999.0 -9999.0 -9999.0 -9999.0 0.656864948733 2.95507193334 3.54007243925 0.584526982308 1.15871821956 0.572426894756 0.534110860315 0.523686394285 6.67980850739 9.00512080021 11.3791899795 13.8912294813 0.648588840293 0.544977436982 0.609338615921 126.239562009 127.944017102 128.621867857 15.705244886 3.5979042821 3.10864757066 0.419127089046 1.67302973266 13.0842227529 0.424695345004 7.39690420015 0.440995110685 3.03686696634 2.85466966655 0.461796731933 1.87936779847 0.902822766814 1.35302377 0.456797168281 0.424750197782 5.10888814158 5.52548602434 7.82940769848 1.36723272103 1.29949493431 1.2625667817 2.36976226929 3.20621137954 0.416885775753 2.14285611201 0.400375975197 0.774189910457
-9999.0 -9999.0 -9999.0 -9999.0 -9999.0 -9999.0 -9999.0 -9999.0 -9999.0 0.68616037668 4.17121384937 4.74078366562 1.73236114792 2.8856739567 3.97848947264 4.54167222285 0.597239686042 1.79893026623 1.20266352545 0.62340766111 0.604570461319 0.529799150848 1.08506779795 1.91584991476 0.831113763064 145.874191267 146.512838873 0.581367122722 0.434850497734 0.827628540008 1.24139914456 14.3366735399 0.838030987437 7.79816769378 4.70253219929 3.85137771009 0.451643674978 0.901088661712 2.30940354849 0.429047445557 1.77679996482 0.886635218741 0.676612699664 0.224576825676 6.3928972645 14.5968758292 1.72095010275 1.65918143652 1.64661881364 0.378149029125 3.58497429746 0.371246758634 2.92552533254 0.370637311662 1.15374407774
-9999.0 -9999.0 -9999.0 -9999.0 -9999.0 -9999.0 -9999.0 -9999.0 -9999.0 -9999.0 0.586132033236 5.92173279849 0.568268477989 1.14378928968 1.67869377607 2.75673124514 0.563762052038 1.18629865418 0.582654420963 0.550480514442 0.525391166272 1.04318421619 0.489799927765 0.569793320272 1.22904138827 0.728483707548 147.251459169 148.512402336 150.22821372 1.70945800544 0.411764480931 0.820747827806 14.7653212504 14.6197399233 5.5831831802 0.432589807564 1.78449301177 1.33997286408 2.74074934981 0.857665544556 3.52902425007 1.31840357926 1.04793748592 0.114296111519 0.244893386767 15.0212041412 15.4346562917 19.1887541495 2.81490443302 0.770087253294 3.98943743128 4.75601487873 8.04943873602 0.746251954056 0.348963270706
-9999.0 -9999.0 -9999.0 -9999.0 -9999.0 -9999.0 -9999.0 -9999.0 -9999.0 -9999.0 -9999.0 0.278414368535 6.47411294347 0.496537950643 1.02371723543 4.85407883074 0.563931208209 0.557852980519 0.498517402385 1.05947804369 0.514852902649 2.07163811821 3.0442361804 3.50316882309 1.70097631894 2.23900620846 0.629135724549 0.698638785138 0.700569727257 153.056468691 154.328316859 15.177580374 15.4473363203 15.035089249 0.835171314169 0.410673439437 2.20065348509 5.78088802647 3.16486372027 1.27730420246 5.23540280733 1.85430419374 1.44220537735 0.211905920103 0.097052191881 0.107327901948 0.169724166817 20.0406382188 24.03116005 0.375049740585 0.364358369466 0.369627718698 8.40813554123 9.48739209356 0.634510882492
-9999.0 -9999.0 -9999.0 -9999.0 -9999.0 -9999.0 -9999.0 -9999.0 -9999.0 -9999.0 -9999.0 0.254887089315 7.10330113282 8.8277240444 0.532192237836 5.9052725878 0.519620233219 0.497009428076 0.985297060992 2.54144770095 0.495943593668 0.525865210463 0.46936202993 4.45232663865 4.92288278744 7.64389221778 8.71802613015 9.20317677317 9.79548070308 10.3680547795 165.373691425 181.546796517 198.00408635 198.573735455 0.455244565137 0.408215865032 6.6166719006 6.20210059978 0.416033329016 0.401305867098 5.60272406139 7.89606507109 0.346418806827 3.28776314338 3.07591447596 0.519834777506 0.312736688589 0.52095163969 0.420732283476 24.8144489536 0.395063583037 1.08752671573 1.42585897459 11.7196681254 12.4495538515
-9999.0 -9999.0 -9999.0 -9999.0 -9999.0 -9999.0 -9999.0 -9999.0 -9999.0 -9999.0 -9999.0 0.625365188352 1.20689523276 9.39049021101 10.3893581054 0.506682005912 7.11554511181 0.46225388479 1.40563730155 3.00333504341 0.962496805031 0.464103858528 0.976969920266 0.4422032337 0.859194729092 0.411420505987 0.359655785919 0.232918229918 0.194549233495 0.182172583023 0.193278500352 0.320874547149 0.466934063376 0.633857318079 200.218479527 8.47495537337 7.58913920341 0.460095270012 1.2161445553 0.303236175632 0.231363392308 8.30237602947 12.8385479834 3.75317319393 2.87842480771 0.298155090906 0.134207511907 0.118824629002 0.446554285154 25.6629952013 26.4458679926 0.403470531477 0.406652924083 0.282339803617 0.1196581057
-9999.0 -9999.0 -9999.0 -9999.0 -9999.0 -9999.0 -9999.0 -9999.0 -9999.0 -9999.0 -9999.0 -9999.0 0.522559035959 7.43760139233 18.3594871902 19.9661187352 27.6154443946 28.2928492083 6.97001223147 4.90796613912 1.43635915247 0.456748555447 1.89152762453 2.34218450219 3.62162716754 0.843658688487 0.774419074776 0.655589840622 1.26872068496 0.593347861142 0.575300712861 0.255734854902 0.0982114213611 0.162954596756 200.725476891 209.479573325 210.054301512 0.482144926991 3.54274976131 1.37388868519 0.429347412114 14.2476205655 0.997581429997 0.515476675492 2.0157196095 0.359465326674 0.334432922987 0.647832831396 0.978597800103 1.35219322849 27.1434942441 0.337119995334 0.305051352216 0.305215794028 0.219945288994
-9999.0 -9999.0 -9999.0 -9999.0 -9999.0 -9999.0 -9999.0 -9999.0 -9999.0 -9999.0 -9999.0 0.584871082673 5.67386831825 6.89285901296 1.13088022248 0.307814374325 0.681996800275 29.4606404775 30.0482116714 37.6666631508 0.42683944911 0.87883947116 0.40898785093 0.416109650428 4.04743158616 5.31575570938 6.48683180221 0.400741251347 1.67923272171 2.67497962742 1.61553589678 0.651900585713 0.378123033017 0.287902255317 0.356066514318 0.244277659427 210.570298745 211.031110471 215.440931258 0.802078988331 0.406921827631 14.7729608366 1.00297434349 0.522650201456 0.566612887513 0.562993459793 0.506584801674 0.858926877249 2.62568024952 4.38320944756 31.868343859 0.279757309525 0.834279786353 0.561133741088 0.456665386863
-9999.0 -9999.0 -9999.0 -9999.0 -9999.0 -9999.0 -9999.0 -9999.0 -9999.0 -9999.0 -9999.0 0.603048326809 3.99336148547 0.629989892262 0.543238674457 2.84568542442 3.34681376921 3.8546827201 4.31831674821 50.953745105 51.3123972613 52.0974536764 58.148767939 59.3363208822 59.9934771046 60.4392342134 67.6003929915 68.4501543778 68.8538677735 71.9542158807 74.0243537502 74.4257776348 75.4347673131 0.66550367867 0.528828177515 0.0992825863716 0.17095503565 211.468740145 217.129916999 1.24244011409 17.6402820625 17.2160237991 1.92704575435 0.46019398027 0.465946254655 0.453773287703 0.458414298423 0.926258499989 1.3629919891 0.43766367729 32.2025031 32.5519325878 34.2596375592 34.5627770869 35.3067883377
-9999.0 -9999.0 -9999.0 -9999.0 -9999.0 -9999.0 -9999.0 -9999.0 -9999.0 -9999.0 -9999.0 2.07677815577 2.73833619843 1.24876905074 1.84921542614 0.59071714411 6.5732098456 7.11124049979 8.17780063054 8.50662758105 3.38506833642 56.1070087251 56.4664074518 0.338373344006 0.217671415349 0.155017537307 0.404264030767 0.165786891726 0.108574983413 0.093026698264 0.1371711223 74.6784832925 75.7427134131 76.8639315136 77.8027841131 78.4352741096 0.269100528916 0.128923326381 236.037222792 18.4738532388 18.0904316324 0.423192298981 0.411470381376 0.397016169388 0.866872940063 0.856277814011 0.396702510468 0.392647946262 0.371651126883 0.79932764014 1.1121844135 0.256800983739 0.465445844174 0.175484413174 0.0575575294084
-9999.0 -9999.0 -9999.0 -9999.0 -9999.0 -9999.0 -9999.0 -9999.0 -9999.0 -9999.0 -9999.0 -9999.0 1.40279696063 0.646789740728 0.585553029574 5.5078062761 6.06867821341 0.557455151902 2.14875029416 2.63443282921 3.02284704562 0.451990640277 0.375519711432 8.3699615259 8.69780232878 8.98413119577 24.4636278851 24.6386853589 24.861802999 26.5448482899 27.2419941957 27.3339395203 0.082479169127 0.0894951656586 0.12932490642 79.068926122 0.23611142075 239.804587233 239.330348627 2.93852684517 2.5228508698 1.61885740139 0.400395155442 0.786217381744 1.26859586883 1.25873618185 0.782862183873 0.377515467872 0.744810206601 0.727479297592 1.43921956356 0.169271521672 0.623046622431 1.07767464396 1.20300932053
