data/baseflow/History/mHMbfrc389
ncols                  80
nrows                 72
xllcorner      4374000.0
yllcorner      5656000.0
cellsize            500
NODATA_value       -9999
[rows 0 to 23 of 72, columns 0 to 54 of 80]
-9999.0 -9999.0 -9999.0 -9999.0 -9999.0 -9999.0 -9999.0 -9999.0 -9999.0 -9999.0 -9999.0 -9999.0 1.20243028645 0.958132675051 -9999.0 -9999.0 -9999.0 -9999.0 -9999.0 -9999.0 -9999.0 -9999.0 -9999.0 -9999.0 -9999.0 -9999.0 -9999.0 -9999.0 -9999.0 -9999.0 -9999.0 -9999.0 -9999.0 -9999.0 -9999.0 -9999.0 -9999.0 -9999.0 -9999.0 -9999.0 -9999.0 -9999.0 -9999.0 -9999.0 -9999.0 -9999.0 -9999.0 -9999.0 -9999.0 -9999.0 -9999.0 -9999.0 -9999.0 -9999.0 -9999.0
-9999.0 -9999.0 -9999.0 -9999.0 -9999.0 -9999.0 -9999.0 -9999.0 -9999.0 -9999.0 -9999.0 -9999.0 2.48662000634 5.34104236389 0.833189734885 -9999.0 0.667708321182 -9999.0 -9999.0 -9999.0 -9999.0 -9999.0 -9999.0 -9999.0 -9999.0 -9999.0 -9999.0 -9999.0 -9999.0 -9999.0 -9999.0 -9999.0 -9999.0 -9999.0 -9999.0 -9999.0 -9999.0 -9999.0 -9999.0 -9999.0 -9999.0 -9999.0 -9999.0 -9999.0 -9999.0 -9999.0 -9999.0 -9999.0 -9999.0 -9999.0 -9999.0 -9999.0 -9999.0 -9999.0 -9999.0
-9999.0 -9999.0 -9999.0 -9999.0 -9999.0 -9999.0 -9999.0 -9999.0 -9999.0 -9999.0 1.2483834299 1.21534948393 1.25078220243 1.21157439935 7.6634032465 8.59690685021 1.90627591386 0.613592728308 -9999.0 -9999.0 -9999.0 -9999.0 -9999.0 -9999.0 -9999.0 -9999.0 -9999.0 -9999.0 -9999.0 -9999.0 -9999.0 -9999.0 -9999.0 -9999.0 -9999.0 -9999.0 -9999.0 -9999.0 -9999.0 -9999.0 -9999.0 -9999.0 -9999.0 -9999.0 -9999.0 -9999.0 -9999.0 -9999.0 -9999.0 -9999.0 -9999.0 -9999.0 -9999.0 -9999.0 -9999.0
-9999.0 -9999.0 -9999.0 -9999.0 -9999.0 -9999.0 -9999.0 -9999.0 -9999.0 1.22051862707 2.45725919244 4.87718492103 2.4118579247 1.17367509542 2.30892699748 9.72972499466 13.1520824297 0.711368145825 -9999.0 1.2114671887 -9999.0 -9999.0 -9999.0 -9999.0 1.32660982878 0.668576530168 -9999.0 -9999.0 -9999.0 -9999.0 -9999.0 -9999.0 -9999.0 -9999.0 -9999.0 -9999.0 -9999.0 -9999.0 -9999.0 -9999.0 -9999.0 -9999.0 -9999.0 -9999.0 -9999.0 -9999.0 -9999.0 -9999.0 -9999.0 -9999.0 -9999.0 -9999.0 -9999.0 -9999.0 -9999.0
-9999.0 -9999.0 -9999.0 -9999.0 -9999.0 -9999.0 -9999.0 -9999.0 1.33245766825 3.82138979832 5.00134219387 6.18323104454 8.42845733094 1.11310945995 4.49956577092 5.59964286706 20.6596278341 1.03410604802 1.08766833134 2.30142100205 3.37377319718 1.11136368478 -9999.0 3.56153144394 2.91068156899 0.830601857115 -9999.0 -9999.0 -9999.0 -9999.0 -9999.0 -9999.0 -9999.0 -9999.0 -9999.0 -9999.0 -9999.0 -9999.0 -9999.0 -9999.0 -9999.0 -9999.0 -9999.0 -9999.0 -9999.0 -9999.0 -9999.0 -9999.0 -9999.0 -9999.0 -9999.0 -9999.0 -9999.0 -9999.0 -9999.0
-9999.0 -9999.0 -9999.0 -9999.0 -9999.0 -9999.0 1.35245697563 1.2594392845 1.21206105848 1.22662860049 1.23640763863 8.65953667844 18.2649337224 19.4295383189 20.4506276417 0.994947752711 22.7234289946 23.7976189005 2.16183011112 1.069326279 4.42589461486 7.71073993477 1.10502664438 6.87128255511 1.18412579613 1.15852699949 1.25932525359 -9999.0 -9999.0 -9999.0 -9999.0 -9999.0 -9999.0 -9999.0 -9999.0 -9999.0 -9999.0 -9999.0 -9999.0 -9999.0 -9999.0 -9999.0 -9999.0 -9999.0 -9999.0 -9999.0 -9999.0 -9999.0 -9999.0 -9999.0 -9999.0 -9999.0 -9999.0 -9999.0 -9999.0
-9999.0 -9999.0 -9999.0 -9999.0 -9999.0 -9999.0 2.67124610199 3.93877706194 8.92581448246 12.5188675136 1.1287250015 1.14966680398 1.11661457052 3.30214733827 24.7980945417 0.973394728331 24.8395409092 28.8211925519 3.16262247581 2.07891138415 8.73272024715 1.09007449062 7.94287928827 2.23137093187 1.1351624826 2.26425964086 2.44185819221 1.16038486823 1.17466221747 1.15771554281 1.20882098993 2.4303845237 -9999.0 -9999.0 -9999.0 -9999.0 -9999.0 -9999.0 -9999.0 -9999.0 -9999.0 -9999.0 -9999.0 -9999.0 -9999.0 -9999.0 -9999.0 -9999.0 -9999.0 -9999.0 -9999.0 -9999.0 -9999.0 -9999.0 -9999.0
-9999.0 -9999.0 -9999.0 -9999.0 -9999.0 1.38199497576 2.70616663131 1.30429386339 2.55821293884 13.7874465613 16.1442866207 18.4727115154 57.7393770139 1.08995559697 25.8974547499 91.9299388966 92.6621692768 122.730117832 0.806118174065 3.09478760401 9.76238786198 1.02318336169 20.3334483462 11.346393603 6.97823745629 5.85585357474 1.20855617303 3.45998001758 3.43049222054 2.29296925831 1.13106283416 3.59803616292 1.14339869395 1.13645882857 -9999.0 -9999.0 -9999.0 -9999.0 -9999.0 -9999.0 -9999.0 -9999.0 -9999.0 -9999.0 -9999.0 -9999.0 -9999.0 -9999.0 -9999.0 -9999.0 -9999.0 -9999.0 -9999.0 -9999.0 -9999.0
-9999.0 -9999.0 -9999.0 -9999.0 -9999.0 1.38262122423 4.04130968621 8.05833736404 9.31301753234 18.4304190734 19.6325843798 23.3593077206 38.1733917547 60.8245355973 63.0252555392 64.0550816791 1.95178927206 126.180123257 127.907788253 132.985495007 167.272545134 23.4866606946 21.4213900661 8.0600940639 1.06505869257 6.81402243208 4.57854247461 1.07844299336 4.49095902019 1.0115881561 2.1067539148 5.78680066881 6.88979428414 2.23452838116 1.09891196392 1.09350180399 -9999.0 -9999.0 -9999.0 -9999.0 0.71182344425 0.597241398957 -9999.0 -9999.0 -9999.0 -9999.0 -9999.0 -9999.0 -9999.0 -9999.0 -9999.0 -9999.0 -9999.0 -9999.0 -9999.0
-9999.0 -9999.0 -9999.0 -9999.0 -9999.0 1.35638653958 1.30600709344 5.32533018522 6.58974477057 7.88585827655 1.26016035664 2.50467594601 14.0085179485 2.51418502571 1.20686562576 1.14639777361 1.0639554435 1.16315230281 1.11813127264 1.13066425449 168.348060669 171.46412869 1.02438158534 3.13486166483 2.1214587838 7.87461699326 2.16962583632 1.06865957505 5.57790062587 1.97949756457 4.73043985349 12.1784111078 11.3056271314 3.33049709453 3.29209406468 1.09971199451 1.09926929657 -9999.0 -9999.0 1.09422150923 1.60623478371 3.45384894325 0.628835824483 -9999.0 -9999.0 -9999.0 -9999.0 -9999.0 -9999.0 -9999.0 -9999.0 -9999.0 -9999.0 -9999.0 -9999.0
-9999.0 -9999.0 -9999.0 -9999.0 -9999.0 -9999.0 1.37074916794 1.36174464937 2.66810763572 3.96561456624 9.02976022736 11.5659840911 12.8335006878 1.32326463432 1.11878997716 14.4451469108 17.8411148236 18.9338553685 23.4134960992 24.4788472542 1.0718097628 172.528853234 177.69382617 4.1187962758 0.832217866034 8.84786311853 19.7485569489 7.71018215906 2.04143603653 1.01347172808 18.8941997185 13.2160956195 1.02924149853 1.03511550313 4.34392823201 3.24379228179 1.06942200064 1.10038875464 1.06342391125 2.13709149534 1.03748987218 4.2093032185 5.2515220967 1.05852365171 -9999.0 -9999.0 -9999.0 -9999.0 1.16302678346 1.12584793016 0.254215832506 -9999.0 -9999.0 -9999.0 -9999.0
-9999.0 -9999.0 -9999.0 -9999.0 -9999.0 -9999.0 -9999.0 1.37339416486 1.23398211741 2.53506755766 3.82885263632 1.2807358452 1.2118004694 7.42096768385 9.81443601378 12.2318665383 1.15599702317 2.27703421487 1.13741110132 25.5553427551 56.2131643571 56.9363641624 236.580905256 1.04740744191 2.46969226114 0.787211519301 20.7871706668 1.01480413817 3.07243298243 1.00791670731 19.9125648469 20.9220262917 2.05745918536 2.03800275121 10.7715580489 5.37488551313 2.18977046435 1.09137701009 2.13046423607 3.18654568267 5.23268022884 1.02924450493 7.41227420984 8.50255259316 1.02432800221 1.06939308786 1.11902086903 1.07720427122 1.04376112852 3.33633666824 1.1469700433 0.727800844274 -9999.0 -9999.0 -9999.0
-9999.0 -9999.0 -9999.0 -9999.0 -9999.0 -9999.0 -9999.0 -9999.0 2.57376347152 3.77404926974 1.26992075998 2.55974153097 3.7908692913 6.27610020795 1.26382558716 1.22539441212 1.11175770139 1.12867227135 1.07506099142 28.4773344693 1.14107601802 2.2482885033 239.696364569 242.392353405 1.51635697363 5.43346783451 27.2857024793 2.01219717569 4.03655911098 1.95167867699 2.92160467035 24.9342019468 3.03815787145 15.783400166 12.7665907029 1.00023701705 5.31039645561 2.11624210856 3.13806796744 1.0179460043 6.30437182054 8.41261985528 9.42581063046 10.4120153566 12.4971634229 2.00951693388 2.07914815982 2.00759490889 1.94121161108 4.27803600461 0.918058681573 2.7898729503 3.62057900382 -9999.0 -9999.0
-9999.0 -9999.0 -9999.0 -9999.0 -9999.0 -9999.0 -9999.0 -9999.0 1.32331216931 6.39079885735 7.63927102845 1.25292149173 2.47272098445 1.22006097665 1.16602394222 1.14452962108 14.2601498025 19.1164454513 23.5056829488 27.7222081028 1.07055346096 1.12227079559 1.33975660311 247.679187282 250.559476896 252.035889205 36.9441806871 8.1760780534 7.07041829011 0.983311739866 3.87331403124 29.7746700351 0.962155485525 16.7584437996 0.990761266463 6.75793964076 6.34815186403 1.01317415332 4.13538587343 2.01219346927 2.99432758465 1.05042019935 0.9870659546 11.3918521939 12.3357566244 13.4380900465 3.03580015211 2.94399534285 2.86395459383 5.21489987148 7.04795666445 0.910047612361 4.46297836649 0.862062441106 1.68122230654
-9999.0 -9999.0 -9999.0 -9999.0 -9999.0 -9999.0 -9999.0 -9999.0 -9999.0 1.32380746484 8.91894489089 10.1667315061 3.70835014182 6.16101432798 8.51540462929 9.7056574686 1.20354049443 3.73142472678 2.43452981525 1.2068019127 1.21064781056 1.12824151273 2.28872409434 4.05954609713 1.6510356505 292.014898756 293.546588681 1.45597356137 1.0508578737 1.94328817265 2.90782206697 32.6507205653 1.91602383239 17.6922128668 10.467136534 8.56123317515 0.99539451864 1.99392093665 5.09608348953 0.954750646295 3.93475081223 2.00666088847 1.80324229729 0.81373167183 14.8868658637 29.2010675104 3.86855998557 3.78384007197 3.72453886916 0.845571309806 7.88715711488 0.829350799849 6.16454009891 0.818963609139 2.50968079369
-9999.0 -9999.0 -9999.0 -9999.0 -9999.0 -9999.0 -9999.0 -9999.0 -9999.0 -9999.0 1.23757593936 12.6615885245 1.23380424648 2.46733006296 3.63051559933 5.98746876581 1.21676605266 2.53170837215 1.23511197968 1.20128361534 1.14392443151 2.28195217957 1.07322722016 1.25187288425 2.82524782013 1.63759709115 295.018681871 297.923567587 301.976472113 4.0237505505 0.954369097747 1.90070549841 33.6151408234 32.9411549507 12.435368073 0.97612056801 3.95364587243 2.97217000803 6.05955033371 1.91487014191 7.83488340371 2.95045137096 2.69897447671 0.647147307715 0.82235556001 30.1851261918 31.122119307 39.6436618696 6.32811629097 1.72879966735 8.78045742067 10.4706005522 17.4349753631 1.62236475658 0.776147726016
-9999.0 -9999.0 -9999.0 -9999.0 -9999.0 -9999.0 -9999.0 -9999.0 -9999.0 -9999.0 -9999.0 0.623407716359 14.0421711006 1.20908051087 2.36988660983 10.7707487248 1.26932413735 1.27011238064 1.14459107669 2.35303049652 1.12673511492 4.53971768825 6.71509443215 7.77418621969 3.92110052033 5.27550568195 1.54065093871 1.61992406645 1.46871872219 308.249999242 311.232615085 34.5390001479 34.7563093406 33.8578498781 1.87696797154 0.925173951839 4.88855188298 12.8235510014 7.0029157565 2.85645640273 11.6234134801 5.60187575998 4.69371230309 1.26740833234 0.576880909966 0.59902828227 0.661800328991 42.5786520452 51.5580816526 0.840984562165 0.808119644396 0.828306747099 18.2431691402 20.6314769825 1.47772268011
-9999.0 -9999.0 -9999.0 -9999.0 -9999.0 -9999.0 -9999.0 -9999.0 -9999.0 -9999.0 -9999.0 0.581386646126 15.4848457241 19.1678777693 1.16295023384 13.1128925597 1.1919231915 1.14165445755 2.234472969 5.69074165419 1.09833962907 1.13682264137 1.06120949621 9.93253372344 10.966048907 17.3191474246 19.9498440877 21.2002730763 22.6284720435 23.9868792816 336.591221755 373.594730962 410.783713214 411.861916099 1.08112867569 0.937947168508 14.6938793865 13.767489215 0.926309989048 0.907224053351 12.4711305456 19.0055511767 0.839796567274 9.43560495012 8.69190916912 2.6286001306 1.3279638026 2.08639185887 0.947740065569 53.3407508803 0.900322032743 2.48941977778 3.2821810672 26.1810251187 28.172575473
-9999.0 -9999.0 -9999.0 -9999.0 -9999.0 -9999.0 -9999.0 -9999.0 -9999.0 -9999.0 -9999.0 1.30451075107 2.51896465356 20.3662410829 22.650120801 1.16425342474 15.2545731225 1.07460627683 3.24910225788 6.75412079886 2.15829965677 1.05737265273 2.18549825136 1.03690898697 1.99004684932 0.950928015278 0.897572892623 0.78307763741 0.73979669674 0.774781479696 0.860814528154 1.12542747515 1.35906092213 1.49086554616 415.635069134 19.3435383655 17.1742652472 1.177645041 2.73833479414 0.650124650754 0.513619865354 19.8977421427 32.0214650241 10.3823039193 7.49523408399 1.40295602231 0.647660958804 0.6140598687 1.45217483748 55.690904202 57.4533698048 0.900661742489 0.90631716084 0.791559657891 0.571260059218
-9999.0 -9999.0 -9999.0 -9999.0 -9999.0 -9999.0 -9999.0 -9999.0 -9999.0 -9999.0 -9999.0 -9999.0 1.19244394075 15.5023210393 39.3218346087 42.8392455123 59.1855708869 60.1254151591 15.2053640546 11.0608961299 3.23566025889 1.04761703415 4.26845007655 5.30072890433 8.25146985374 1.93351009327 1.84100337321 1.7375561101 3.41384612423 1.70041194264 1.76007873645 0.799073107431 0.642764886539 0.814983558517 416.809902011 436.712730931 437.924837247 1.25027399394 8.13889467133 2.99666513269 0.929111908803 34.8554030414 1.95693925185 0.999735109373 3.98632213428 0.904376698028 0.882942377225 1.72583162518 2.53832816115 3.40092823046 59.0799652764 0.795430256311 0.741067692084 0.744915029395 0.62534149528
-9999.0 -9999.0 -9999.0 -9999.0 -9999.0 -9999.0 -9999.0 -9999.0 -9999.0 -9999.0 -9999.0 1.27528947556 11.8061518778 14.3194653637 2.38405327861 0.673616786816 1.61221088215 62.8622961685 63.8529696074 79.9495017429 1.00408106456 2.04375949448 0.95504746102 0.971172573645 9.21035386967 12.1012897301 14.8548201366 0.903952940309 4.31887128177 6.90733097255 4.30447132235 1.67725720758 1.4186535017 1.42620488593 1.59233202319 0.98842505587 439.05137934 440.131880654 450.417777784 1.73114503832 0.873372060513 35.5232835567 1.97199803509 1.01033317142 1.04135287765 1.03158727513 0.976933035067 1.88673298121 5.55910271771 9.86145680885 69.7354735563 0.68754884654 2.05837100992 1.38703161636 1.23148935879
-9999.0 -9999.0 -9999.0 -9999.0 -9999.0 -9999.0 -9999.0 -9999.0 -9999.0 -9999.0 -9999.0 1.30234914024 8.08148106794 1.27707329858 1.18034608479 5.86348606788 6.96658229149 8.10135882866 9.18165667924 108.798976185 109.646113289 111.510673936 125.6779907 128.638070454 130.429882379 131.416082489 148.442878027 150.738530935 151.616077291 159.461724234 164.711256433 165.589776128 168.631233933 2.2733649427 2.26635615354 0.669704548838 0.847675788403 441.199268253 454.265298819 2.73100390521 40.7762762203 39.972101742 3.8313090212 0.93926536282 0.950613909051 0.933707490901 0.921710590359 1.85664085633 2.7721761496 0.938511856523 70.5190266075 71.3244171019 75.5118725491 76.2375791692 78.1664849023
-9999.0 -9999.0 -9999.0 -9999.0 -9999.0 -9999.0 -9999.0 -9999.0 -9999.0 -9999.0 -9999.0 4.12906386592 5.45912832132 2.56313413366 3.79544098579 1.21991160769 14.062828241 15.2408159959 17.575607991 18.5889581727 7.83485944073 120.834866002 121.701469627 1.00281379185 0.820540149596 0.741112674677 1.59034858589 0.767656415971 0.632853705822 0.589867897102 0.646259379834 166.371930045 169.452272351 172.538426102 175.557610291 178.577017968 1.49858038887 0.668768761583 497.872737742 42.5404006127 41.600043786 0.894787645559 0.883963400042 0.848211948644 1.79980759942 1.79314331513 0.833248219953 0.835217689625 0.804200004892 1.73261603998 2.48966715393 0.654324325217 1.21946292751 0.515269898891 0.348744879171
-9999.0 -9999.0 -9999.0 -9999.0 -9999.0 -9999.0 -9999.0 -9999.0 -9999.0 -9999.0 -9999.0 -9999.0 2.78809885305 1.30669642001 1.23922276187 11.7172810839 12.9286981914 1.20391543063 4.82766331692 5.9424618638 6.9825778161 1.10449730469 1.02396265365 19.7681108238 20.6990682919 21.5887360412 55.2949581846 56.0217652197 57.2702988739 63.0841596146 66.7605419517 67.3303093844 0.526948862296 0.550875187169 0.562666392759 180.146179251 0.7621592248 506.910466065 505.601246055 6.79265969853 5.78938953072 3.46880013871 0.858007104025 1.70447493231 2.66658241897 2.65530811004 1.64236429868 0.805880046559 1.60537299082 1.59165087707 3.23170880735 0.434545117104 1.69949782463 2.92035798303 3.64432190883
