data/baseflow/History/mHMbfrc320
ncols                  80
nrows                 72
xllcorner      4374000.0
yllcorner      5656000.0
cellsize            500
NODATA_value       -9999
[rows 24 to 47 of 72, columns 0 to 54 of 80]
-9999.0 -9999.0 -9999.0 -9999.0 -9999.0 -9999.0 -9999.0 -9999.0 -9999.0 -9999.0 -9999.0 -9999.0 1.24336044197 3.47176000912 4.52344524442 7.72879056621 0.944114969465 1.90688747777 2.79573387577 10.7473698095 11.4287679025 11.9043010934 12.5803630057 13.4094295614 20.7206546293 23.0360725831 24.2205308718 0.427683739122 2.7628792659 3.14071424211 45.6113576476 46.8949485231 47.4202354606 47.9454128285 48.4683230457 176.362855183 0.404450776585 355.708798399 0.720050293356 0.291841571414 2.72117103435 2.3717495881 0.312096172544 1.37534121807 2.01212927109 2.00097198702 1.34682231355 2.20278911422 3.47299997125 1.25030571891 3.37856209533 0.246953200086 0.348119440164 0.0971070455208 0.079962943561
-9999.0 -9999.0 -9999.0 -9999.0 -9999.0 -9999.0 -9999.0 -9999.0 -9999.0 -9999.0 -9999.0 -9999.0 1.18432798506 2.3360030689 1.05048534182 2.14195566022 0.938173791359 7.21449046375 8.99248045995 9.91567792635 0.815980565478 1.5263150683 15.8326024422 19.3737937148 19.9902764911 1.54683333887 1.50201410533 2.10389345286 0.333748355687 0.304696840248 0.575674987871 0.303856666799 24.341631192 24.6346229653 24.9915919616 176.776027058 358.459029436 356.044630934 0.46542010853 0.206234380541 0.17978464269 0.637075649521 0.48151506797 1.59325304755 2.33269071585 4.73755733066 0.402088500007 0.400169552456 3.7942649886 4.12734598745 8.13072952627 8.38724165 8.84630333725 9.03243689774 0.167627467143
-9999.0 -9999.0 -9999.0 -9999.0 -9999.0 -9999.0 -9999.0 -9999.0 -9999.0 -9999.0 -9999.0 -9999.0 -9999.0 1.10274163497 2.19262986894 3.28862960784 5.26313481284 1.03550866913 0.926472261673 6.69613651658 7.51649655538 14.4916535399 15.3141266464 2.27378675196 0.798035040202 0.765996722087 0.728261912082 22.3124612541 22.7756055711 23.151959783 23.4529574736 24.0613583203 3.73129489339 4.14527708046 29.5171446983 564.94525948 1.96270302014 1.65545271119 0.747749949863 0.202665590953 0.156822775974 1.00493293692 1.1353899882 1.87443073959 0.130338697883 4.89823679922 0.623900331827 0.606431709924 0.111132569031 0.0838767351549 0.0837455114035 0.11458531518 0.0918556395338 9.13411215501 135.421806714
-9999.0 -9999.0 -9999.0 -9999.0 -9999.0 -9999.0 -9999.0 -9999.0 -9999.0 -9999.0 -9999.0 -9999.0 -9999.0 -9999.0 1.07374845814 2.07995512964 2.98538893528 3.91644309536 4.85068930628 5.8138717116 2.7799004974 4.59371075429 0.811711868663 0.792600798913 18.6197055709 20.1723384861 20.8707134155 21.6558110152 0.613838865153 1.09400099835 2.71910186238 3.09690946297 3.41459897953 0.45177170143 0.447602075588 566.019394746 0.331600044801 0.558750304013 0.262128544706 0.742787293412 0.3411465406 0.221649018648 3.23210967854 3.45710925946 0.140769638603 5.0690098528 5.79112024608 0.698959027159 140.582336395 140.379088408 140.18521828 139.697418863 139.475874403 135.879611271 135.74169934
-9999.0 -9999.0 -9999.0 -9999.0 -9999.0 -9999.0 -9999.0 -9999.0 -9999.0 -9999.0 -9999.0 -9999.0 -9999.0 -9999.0 0.217065921809 0.502584505114 0.901781938146 7.89023396838 8.86430874186 0.985785829909 0.937712995254 0.915735911134 15.3431092138 17.0696769426 0.827227484934 0.857762375204 0.667272882325 2.70016222109 3.34675754795 1.79251703031 2.17904685868 16.0201232535 16.4533824156 17.4426199549 27.4876652411 593.738952807 0.326762691557 0.221820317407 1.11186037424 0.921810128115 0.189666903465 0.620571878283 0.815377411379 3.6873155381 3.87830918968 10.0512209694 5.88025038637 0.76352273784 143.839265537 1.71172822358 139.990640873 139.853928148 3.39732079583 0.194142022634 0.182680152112
-9999.0 -9999.0 -9999.0 -9999.0 -9999.0 -9999.0 -9999.0 -9999.0 -9999.0 -9999.0 -9999.0 -9999.0 -9999.0 -9999.0 1.14714990537 1.8513474393 3.91195738994 6.86390900207 9.71122072388 11.7619306166 12.7003009913 13.6464791192 14.5465651023 0.845649475644 0.758509661667 1.47727742051 1.37001432953 0.692915036945 14.0818522156 14.7056431529 15.2817708109 15.8174512682 8.54234951929 8.93636636563 9.53099425104 593.940653964 0.570919387494 0.63071868092 1.85597663118 0.154408913579 0.422946070834 0.229973617352 0.175192472355 1.00669338159 0.144460558794 0.157576143225 154.820573811 144.653826048 144.490357964 0.701420111283 1.60964133449 1.01681853908 0.223178682598 3.00524106249 0.792967078567
-9999.0 -9999.0 -9999.0 -9999.0 -9999.0 -9999.0 -9999.0 -9999.0 -9999.0 -9999.0 -9999.0 -9999.0 -9999.0 -9999.0 0.812683765308 0.735237132099 1.42188116295 2.20363166409 1.04735320903 1.07166877545 2.03509791837 2.97784260717 4.71631804389 5.59583709224 6.39262902988 8.68893216502 9.39888957642 10.1498136436 0.657541332212 6.83314302701 7.3712517279 7.83423377408 0.32856933954 0.135228897251 0.257211236695 603.424469654 603.612065563 604.553761751 2.298584369 0.318926517106 0.623553845015 0.169737975239 0.305472765674 1.14909752004 1.41127441186 0.280214032793 155.577396222 0.264896756148 0.398103054849 0.433754599648 0.351908904667 0.613602965233 0.257113239722 2.03509028878 1.53479056179
-9999.0 -9999.0 -9999.0 -9999.0 -9999.0 -9999.0 -9999.0 -9999.0 -9999.0 -9999.0 -9999.0 -9999.0 -9999.0 -9999.0 -9999.0 0.682897854439 1.35852204911 0.696837643943 1.44278311998 9.11356108712 10.0230476082 10.9434383651 0.873326323991 0.878793046733 1.6765207613 2.46904731169 3.86003936151 4.56098329353 4.92738630437 5.54479983076 0.496390500237 0.428279404225 8.50177067247 8.65941058159 8.82891961611 9.01918741779 7.37351904613 612.719483774 616.191061971 616.330150742 617.069032429 617.758915575 618.236446071 0.139643905249 1.53042053256 155.718554608 0.355315575365 0.183889327059 0.212405430899 0.193176346271 0.324255074356 0.292674760374 0.17835033656 0.274081715321 0.248987368124
-9999.0 -9999.0 -9999.0 -9999.0 -9999.0 -9999.0 -9999.0 -9999.0 -9999.0 -9999.0 -9999.0 -9999.0 -9999.0 -9999.0 -9999.0 -9999.0 2.02364340028 2.79953452868 5.05770770954 6.84804106967 0.97371722943 12.952486221 13.8279456387 14.6798446333 0.835964646027 1.63106886183 0.709170311853 5.38541849911 5.71963289728 6.27993697612 6.84543865095 8.09754679887 8.27730301789 0.117173514646 6.61464929132 7.0011227609 7.19629126516 7.96864836084 0.989918505861 0.636114552772 0.390532516199 0.359990283978 618.72166862 618.981377923 621.623194156 155.85937235 0.963236603253 0.491022895841 0.332973163767 0.0886625538036 0.944674825921 0.495254226205 0.156031760505 0.880086811121 0.754186219694
-9999.0 -9999.0 -9999.0 -9999.0 -9999.0 -9999.0 -9999.0 -9999.0 -9999.0 -9999.0 -9999.0 -9999.0 -9999.0 -9999.0 -9999.0 -9999.0 0.777860891538 3.55445378619 4.34910861497 1.04312941112 0.966888997696 1.93635947102 2.82390458088 18.3836075963 0.820170902346 3.30307449668 4.04103734173 4.76544952724 0.358859673992 0.866126597787 1.11680699624 5.40732112123 5.94959386709 6.11854154276 0.19417139161 0.183529356583 0.210298218723 0.390807416659 0.159038464584 0.161109119943 0.291455054476 0.206630504926 0.293463512391 0.943472096622 621.916647211 778.455307918 1.1823530911 0.155477623156 0.091205642553 2.97944064902 2.77657630483 1.66751518101 1.49854730416 1.11468150808 0.276168693901
-9999.0 -9999.0 -9999.0 -9999.0 -9999.0 -9999.0 -9999.0 -9999.0 -9999.0 -9999.0 -9999.0 -9999.0 -9999.0 -9999.0 -9999.0 0.616570768676 2.11687902415 0.717431509057 1.11721254335 1.08947926826 2.07562210406 3.02799333042 3.89749249103 23.0483694231 23.8455620571 0.82264356436 1.57004215322 2.32511026756 2.80045831838 3.32831328605 4.75869806077 5.21441352878 0.314275030993 0.270891577412 0.228721950866 0.357977591256 0.295330332037 0.322504839246 0.253994397543 0.296089134095 1.10716146774 0.534886984044 0.269268709145 0.257731682848 0.239689494162 0.440146377086 786.769708631 6.9929882162 3.49649180075 0.284804638303 0.120711835054 0.1008606071 0.383509251131 0.267908945089 0.138279360589
-9999.0 -9999.0 -9999.0 -9999.0 -9999.0 -9999.0 -9999.0 -9999.0 -9999.0 -9999.0 -9999.0 -9999.0 -9999.0 -9999.0 0.657786276204 1.25360905075 4.70382397249 0.705700050959 2.14317988194 3.20668809007 4.19461819317 1.01291917876 1.89827633828 2.77814838705 27.3461627125 0.774859112976 1.47144474636 2.1714089552 0.615358765364 1.21101608879 1.4886712756 1.89684641107 51.6400236911 52.2758446946 52.8595408325 56.0462465488 56.9771272707 59.265540425 0.488344206489 1.07658477215 1.36419785142 65.9802709077 66.4701812599 0.233659533246 0.392545054863 0.543584955593 786.98616136 6.72148194224 2.85991119979 2.71652170664 2.37351180352 2.18161197282 0.507864354811 0.122300140267 0.235128494253
-9999.0 -9999.0 -9999.0 -9999.0 -9999.0 -9999.0 -9999.0 -9999.0 -9999.0 -9999.0 -9999.0 -9999.0 -9999.0 -9999.0 0.672346547087 2.02450336383 7.38572599019 10.8591512132 0.639294033558 14.4930685423 19.4552851911 0.963515522368 1.84361256355 2.74120408534 35.1372309285 35.8813102848 0.709810217784 3.60489433843 4.24407871887 4.73873372478 47.430266714 48.6500784946 49.4639283308 0.399500752885 2.26003999698 2.68829795038 1.21690724501 1.75169849403 61.6923291747 63.5460327511 63.9730060861 64.3777766122 66.9264400105 0.220782192806 0.186101130884 0.875064775415 787.204152206 0.221369878016 0.0774401912243 0.226048137772 0.0879694989457 1.97644403746 1.71307879203 1.01773143135 0.736499792766
-9999.0 -9999.0 -9999.0 -9999.0 -9999.0 -9999.0 -9999.0 -9999.0 -9999.0 -9999.0 -9999.0 -9999.0 -9999.0 -9999.0 -9999.0 -9999.0 1.40931311892 2.84260589562 12.9495753638 13.7215456686 20.1258350696 20.905614096 0.936838778306 1.87102747072 4.41765188084 36.6051820186 38.1498142489 38.805955664 0.541316724986 41.0935811631 42.3427943144 0.821332011317 0.404607637603 0.777773589365 1.52149712812 0.366702844271 0.741352581847 1.63127080662 2.05384375668 0.392650566057 0.258117183508 0.514784856336 68.6702646951 69.1554425728 69.3093765805 70.6252005355 787.393748626 0.12715603484 0.0484740302529 0.0602487605974 0.0584073270554 0.0605440109954 0.0517616657562 0.0938587036325 0.0910281721989
-9999.0 -9999.0 -9999.0 -9999.0 -9999.0 -9999.0 -9999.0 -9999.0 -9999.0 -9999.0 -9999.0 -9999.0 -9999.0 -9999.0 -9999.0 -9999.0 0.739865856859 0.725245854146 0.737103274274 1.57774707021 0.708358678125 22.3015522067 23.011783918 0.883447902125 1.73561221113 0.895077832189 0.773463291105 0.756257362446 40.0928471539 0.411554039883 0.832347778836 0.455017336924 0.414599938028 0.378410789044 0.29475927644 0.307672003744 0.932116957851 1.27556098381 0.242800293035 0.211530891504 0.457181500711 0.765366699634 0.928177570933 0.218927735046 69.5656349818 70.784735014 787.514550617 0.391825665017 0.15726588515 0.0286882795151 0.0791343839415 0.0215534903779 0.0156058048689 0.111922055314 0.467952699267
-9999.0 -9999.0 -9999.0 -9999.0 -9999.0 -9999.0 -9999.0 -9999.0 -9999.0 -9999.0 -9999.0 -9999.0 -9999.0 -9999.0 -9999.0 -9999.0 -9999.0 -9999.0 0.714685851 2.24458619473 2.85902309387 3.53776476593 23.6642753485 24.3080248654 24.9795397591 25.806642389 26.5450630989 28.0707464998 28.4818362338 28.8619466315 29.2079202688 0.35986151812 0.332440741097 0.361022071568 1.28618554425 0.342995986785 0.322037415265 0.249649003635 0.720546466884 0.289787974146 0.213618997587 0.19517470428 0.158047443315 0.315197504176 0.448753076031 71.7081613912 859.75193771 0.10000427854 0.234221056473 0.0209864658141 0.103752043619 0.0504008979335 0.0314857320359 0.911482336052 0.74051782384
-9999.0 -9999.0 -9999.0 -9999.0 -9999.0 -9999.0 -9999.0 -9999.0 -9999.0 -9999.0 -9999.0 -9999.0 -9999.0 -9999.0 -9999.0 -9999.0 -9999.0 -9999.0 -9999.0 0.604752987727 4.7454329175 9.59825268163 10.3352631929 0.969599302896 1.85309072821 2.70605411753 3.44658084878 8.26490656435 8.65737831702 0.379611130478 0.369950851178 29.955318605 30.6101420515 30.91226775 1.52987904392 0.233205111149 0.571046613067 0.837196911277 2.45668217942 3.00080937284 3.40658862988 0.364756530053 0.495178694845 0.163862181383 0.321452522314 0.165035037855 860.061339649 0.0892310392702 0.396988829619 0.137018728642 0.307936155276 0.73700861263 0.815745664525 1.77438029662 0.816875560654
-9999.0 -9999.0 -9999.0 -9999.0 -9999.0 -9999.0 -9999.0 -9999.0 -9999.0 -9999.0 -9999.0 -9999.0 -9999.0 -9999.0 -9999.0 -9999.0 -9999.0 -9999.0 0.668132338037 2.12128210623 4.15343346879 5.43075647435 14.2487352562 15.0946453116 1.77768354255 2.62749319455 3.34772084625 4.10434537289 9.05696061736 9.83050253588 16.9762451298 17.4670977038 17.7890096453 31.2432447665 33.6377358083 0.572839600076 0.369106031773 0.353818886149 0.673260632992 0.302794969481 3.97100189142 4.16262747924 0.647461242921 0.778030703028 0.129354771772 205.490604182 205.82833518 1066.11967785 1066.68093436 0.0858105113088 0.497198255231 0.123524503406 0.115103965323 2.01158981998 2.9208354357
-9999.0 -9999.0 -9999.0 -9999.0 -9999.0 -9999.0 -9999.0 -9999.0 -9999.0 -9999.0 -9999.0 -9999.0 -9999.0 -9999.0 -9999.0 -9999.0 -9999.0 -9999.0 -9999.0 0.755796314208 0.73185061046 1.39018398481 3.30573921737 15.730787877 0.912755466454 0.900133988026 1.63536799642 2.37942693624 5.70948315848 6.20827315288 0.30774300971 0.336262675266 18.2325708719 18.5981474073 52.5159825716 52.7659285136 0.203019113948 0.17449304163 0.136772588168 0.138493624759 0.141355733458 202.293813272 203.417917291 204.346645098 204.618769039 205.361273596 0.184975449002 0.660924611471 0.810132248154 1067.79296519 1067.87434855 1068.02972923 1068.17105593 1068.307647 3.05202869633
-9999.0 -9999.0 -9999.0 -9999.0 -9999.0 -9999.0 -9999.0 -9999.0 -9999.0 -9999.0 -9999.0 -9999.0 -9999.0 -9999.0 -9999.0 -9999.0 -9999.0 -9999.0 -9999.0 -9999.0 0.676615144863 0.705600110631 1.31231212369 18.3002374728 19.0304423029 0.884517852384 1.62154295322 2.38095368301 2.89522757991 0.44277396601 0.856469306898 42.9688599816 43.3366457186 43.6291051276 46.1579084763 99.19423829 194.445335051 194.929232998 195.355313967 195.759562989 197.404863388 197.941521115 0.957036287794 0.422004087809 0.257681666457 0.480209543823 0.324340294357 0.525740809936 0.165417164643 3.79459149907 4.14488160592 4.38263698741 4.44158131038 1068.39066452 1071.5721547
-9999.0 -9999.0 -9999.0 -9999.0 -9999.0 -9999.0 -9999.0 -9999.0 -9999.0 -9999.0 -9999.0 -9999.0 -9999.0 -9999.0 -9999.0 -9999.0 -9999.0 -9999.0 -9999.0 -9999.0 -9999.0 0.689928336081 1.32214960038 1.9568245316 19.5691513574 0.774687076511 26.8906122551 27.6838470208 28.1309609618 28.5781148906 41.2266286949 41.6999776431 0.412202642521 1.91327237803 2.31176187835 0.400954912012 94.7623631602 94.0448222458 0.215212383651 0.50009820731 1.31351265221 0.287647335815 0.296275829832 0.21094838156 0.168008906684 0.121651162813 0.147691649669 3.27358059888 3.43089654211 3.6302952034 0.218980863833 0.146590386493 4.52923232516 4.61443281215 4.65370122122
-9999.0 -9999.0 -9999.0 -9999.0 -9999.0 -9999.0 -9999.0 -9999.0 -9999.0 -9999.0 -9999.0 -9999.0 -9999.0 -9999.0 -9999.0 -9999.0 -9999.0 -9999.0 -9999.0 -9999.0 -9999.0 0.632308656132 0.593017282655 3.07261008831 23.94629972 25.376970949 26.1615947724 0.855022300927 11.621513876 12.0476201032 12.2335260636 0.427159249723 0.881357733839 1.2849562319 22.732470892 23.0349526806 23.2899660761 93.5684716263 55.7892787197 0.282899189966 0.277559567986 0.264540544037 0.192289540928 2.01133731103 2.40431670076 2.73863246383 2.92865821232 3.10979938525 21.8900037932 22.0125224081 22.1522160179 22.4641791139 23.8357103155 23.890332508 28.606033743
-9999.0 -9999.0 -9999.0 -9999.0 -9999.0 -9999.0 -9999.0 -9999.0 -9999.0 -9999.0 -9999.0 -9999.0 -9999.0 -9999.0 -9999.0 -9999.0 -9999.0 -9999.0 -9999.0 -9999.0 -9999.0 -9999.0 1.23649994609 1.88787485194 0.741888961581 0.909891250142 8.63868067632 9.52952205228 10.1976503892 4.71933260346 5.14552576166 5.60832933439 6.02349621227 22.0532277984 22.4593276308 13.5830595315 37.2017346727 37.50934566 55.5538198883 0.55294599452 0.27145069671 0.177518583474 1.39474331329 1.63345339377 0.123881088093 0.112683841365 21.3047225717 21.6149859402 21.7734346506 0.157749295218 0.227385750654 23.623702252 0.154053950454 0.450749557105 0.490102092351
-9999.0 -9999.0 -9999.0 -9999.0 -9999.0 -9999.0 -9999.0 -9999.0 -9999.0 -9999.0 -9999.0 -9999.0 -9999.0 -9999.0 -9999.0 -9999.0 -9999.0 -9999.0 -9999.0 -9999.0 -9999.0 -9999.0 0.619282215148 1.22736599779 5.32529115458 6.08720904812 6.93047807117 3.53384024273 4.27183383661 0.480599105284 14.7759167779 15.2071160643 15.6232796927 0.410613449036 12.827778846 13.2466908714 0.308696557988 54.0775103537 0.639222765925 0.313760783082 0.762672301527 1.03517898882 0.187640433161 0.142535833048 19.7440508406 21.0221216698 21.21610702 0.193481273347 0.373219740949 0.466168017329 0.538710731962 1.06908970597 0.156545940812 0.373457019202 0.0729855442699
