data/baseflow/History/mHMbfrc537
ncols                  80
nrows                 72
xllcorner      4374000.0
yllcorner      5656000.0
cellsize            500
NODATA_value       -9999
[rows 24 to 47 of 72, columns 0 to 53 of 80]
-9999.0 -9999.0 -9999.0 -9999.0 -9999.0 -9999.0 -9999.0 -9999.0 -9999.0 -9999.0 -9999.0 -9999.0 0.616014590549 1.6281629522 2.11095782855 3.56668289347 0.42977728514 0.875007869677 1.29343381046 4.88893109936 5.15164597554 5.25519116083 5.5433699564 5.94951085596 10.3796974838 11.5020340983 11.9884517573 0.112759276572 0.988609851981 1.08028753655 20.6149237841 20.9193162143 21.0479013337 21.1771962881 21.3199362905 84.2584181796 0.373852639841 199.237567794 0.226250490843 0.075661794086 1.58985711317 1.45090051705 0.155243124825 0.856144357784 1.24808925821 1.24000395224 0.852669186139 1.3921197558 2.19514758473 0.799887797043 2.13243412036 0.136699838866 0.162645980851 0.0283867965669
-9999.0 -9999.0 -9999.0 -9999.0 -9999.0 -9999.0 -9999.0 -9999.0 -9999.0 -9999.0 -9999.0 -9999.0 0.555667080617 1.09303487456 0.485673890988 0.973910661659 0.419624727179 3.25223384768 4.07048309181 4.50094630674 0.39948663631 0.706869193 8.01364282009 9.75113132875 10.0235296949 0.770186069705 0.659996661934 0.840416710911 0.0756353614044 0.0658782080609 0.126193464365 0.0954340230904 14.806038538 14.9250729623 15.0530436367 84.5649166765 200.51391054 199.322906602 0.113758325546 0.0545878917663 0.0488445302153 0.238072962156 0.199377137894 0.930006203547 1.4180685799 2.92137371304 0.261122995599 0.259554208358 2.37057683778 2.54714959053 5.05331059668 5.17237094604 5.36742260894 5.42219713465
-9999.0 -9999.0 -9999.0 -9999.0 -9999.0 -9999.0 -9999.0 -9999.0 -9999.0 -9999.0 -9999.0 -9999.0 -9999.0 0.483724652134 0.978543209376 1.48450475647 2.36931996857 0.469694135766 0.424230494252 3.80981863921 4.19819271246 7.4383511552 7.84655520063 1.12395799053 0.402991881865 0.378307983149 0.340685235153 14.2133181442 14.373623991 14.4656762908 14.5325103976 14.7045938874 1.60702658735 1.80843858472 17.0356052586 302.263870601 0.815637545255 0.624132830941 0.220556342038 0.070808423436 0.046653834852 0.33692951885 0.372830034742 1.00661162314 0.0358715449619 2.97336867706 0.361649734295 0.349463821245 0.0344738638527 0.0256785784857 0.0256203545155 0.0612305624588 0.0279205833922 5.45089359093
-9999.0 -9999.0 -9999.0 -9999.0 -9999.0 -9999.0 -9999.0 -9999.0 -9999.0 -9999.0 -9999.0 -9999.0 -9999.0 -9999.0 0.470890750877 1.15725857739 1.83585524294 2.53521496304 2.96392760106 3.40905655479 1.27819302396 2.12905853318 0.398256517396 0.380090037209 12.3656308931 13.1309491808 13.5009580388 13.907226802 0.287777001682 0.470303193534 1.26142231675 1.34701101717 1.45133872258 0.223269797951 0.288177879926 303.019256623 0.223871962003 0.282506902214 0.126483455102 0.306094855371 0.139138287416 0.0999920123168 1.47293818764 1.62605867392 0.0721879793419 3.07065743475 3.45755361609 0.370973809353 75.2497503526 75.1878595282 75.1273736971 74.9331013256 74.8079595534 73.4125872453
-9999.0 -9999.0 -9999.0 -9999.0 -9999.0 -9999.0 -9999.0 -9999.0 -9999.0 -9999.0 -9999.0 -9999.0 -9999.0 -9999.0 0.204513319132 0.444655919466 0.673567476426 6.81168800756 7.23959283194 0.437122655752 0.434295308579 0.420893823282 10.786706976 11.6047718374 0.406469399568 0.415933189676 0.335189428325 1.37671524784 1.72387909002 0.839301143885 1.00666463254 7.85539764819 8.05850595817 8.65651218208 13.6501156018 316.855877458 0.255194052334 0.115976026273 0.489738899835 0.394234434337 0.108422860188 0.327135853418 0.442948365646 1.75610872169 1.87450020967 5.5322932114 3.4987818105 0.394579301647 76.9923287191 0.931311125008 75.0620051225 75.001836688 1.28577434463 0.0995215420595
-9999.0 -9999.0 -9999.0 -9999.0 -9999.0 -9999.0 -9999.0 -9999.0 -9999.0 -9999.0 -9999.0 -9999.0 -9999.0 -9999.0 1.05425884538 1.72320605249 3.47351475223 6.21320256939 7.94491738389 9.11541805124 9.54288620069 9.98136325266 10.4115260051 0.395174486108 0.374666100925 0.725021331088 0.692793428921 0.355257469228 6.81206077493 7.1484974365 7.47295500127 7.77080168384 4.04901899528 4.17262061926 4.59330560716 317.015040833 0.461277779578 0.345486806858 0.892081518366 0.0776065648821 0.304180569169 0.177495977452 0.106755872982 0.584520713512 0.0944314294457 0.0985410767123 83.0765573253 77.4639508499 77.3611486355 0.387570717066 0.889737657489 0.531124400848 0.0921704688592 1.02932391583
-9999.0 -9999.0 -9999.0 -9999.0 -9999.0 -9999.0 -9999.0 -9999.0 -9999.0 -9999.0 -9999.0 -9999.0 -9999.0 -9999.0 0.734368945768 0.699361075079 1.37808412505 2.07607911488 0.563378450634 0.477476339647 0.908480884214 1.3314229554 2.13102979932 2.52980084513 2.91256311013 4.03458163932 4.39485051279 4.77028163354 0.339682073307 3.38617238698 3.6451648729 3.8060824341 0.0844789826074 0.0246024900345 0.0594296319441 321.470475653 321.624177071 322.38637867 1.12644286469 0.164320187498 0.426000357983 0.101624774073 0.198082760797 0.689060469073 0.867548603816 0.182788584508 83.5684124801 0.182649814783 0.224297493374 0.235713992875 0.221529821145 0.340121532786 0.145210074922 0.757144397244
-9999.0 -9999.0 -9999.0 -9999.0 -9999.0 -9999.0 -9999.0 -9999.0 -9999.0 -9999.0 -9999.0 -9999.0 -9999.0 -9999.0 -9999.0 0.671400862947 1.3223142206 0.629579619182 1.28576536159 7.99218587927 8.48652880916 8.89776272249 0.400668992245 0.403376138554 0.781088043775 1.15988647727 1.85436677496 2.20490289635 2.39931025413 2.71308430844 0.260685249412 0.180780654058 3.99935518814 4.03260711905 4.11468230648 4.23391486855 3.86229365495 326.769732833 328.655992733 328.734708886 329.229641995 329.62973524 329.959289545 0.103822866373 0.957459133143 83.671510836 0.240978195996 0.123368614915 0.171856255014 0.160094410115 0.261137957508 0.179750050442 0.103778039784 0.151513344254
-9999.0 -9999.0 -9999.0 -9999.0 -9999.0 -9999.0 -9999.0 -9999.0 -9999.0 -9999.0 -9999.0 -9999.0 -9999.0 -9999.0 -9999.0 -9999.0 1.96458356151 2.63340429033 4.6571417472 6.05141759662 0.721611844824 10.0883705732 10.4851214429 10.8699405173 0.394002196285 0.770914645055 0.353469792437 2.59685016534 2.77035389055 3.05082690553 3.32340454805 3.89908405979 3.95220413708 0.0402104284929 3.3260115251 3.58446148634 3.74222679235 4.22925005326 0.622097469154 0.386166568901 0.210844432026 0.199342004909 330.27015076 330.450259852 332.15148403 83.7923310975 0.706863913181 0.360868995865 0.255114958756 0.0671170053589 0.64490313054 0.300354432199 0.0954683107634 0.499092520858
-9999.0 -9999.0 -9999.0 -9999.0 -9999.0 -9999.0 -9999.0 -9999.0 -9999.0 -9999.0 -9999.0 -9999.0 -9999.0 -9999.0 -9999.0 -9999.0 0.696526543638 3.312260596 4.01942854591 0.720611450978 0.425985953693 0.862259477971 1.26474268127 12.5305985152 0.387287126737 1.5624690409 1.92868514545 2.2868872975 0.187034495374 0.443354531501 0.532256210313 2.65366683572 2.89764382579 3.02699676865 0.133087905879 0.107152407466 0.10912493012 0.203921631103 0.0770997762461 0.079448717725 0.14962542956 0.110023641898 0.154357373056 0.607843135088 332.343715181 416.625862998 0.865887756673 0.116584546494 0.0769079810196 1.88856143255 1.74128540286 0.987170800409 0.87239354573 0.631935506585
-9999.0 -9999.0 -9999.0 -9999.0 -9999.0 -9999.0 -9999.0 -9999.0 -9999.0 -9999.0 -9999.0 -9999.0 -9999.0 -9999.0 -9999.0 0.602878356462 1.94247649054 0.641121810599 0.604558589433 0.470482281966 0.913433367132 1.33679769981 1.84400877612 15.007432199 15.3809849795 0.385006497426 0.751519387021 1.12167441997 1.36666515688 1.59070067932 2.18803934646 2.5295737971 0.07222456873 0.115952470769 0.111524071661 0.167780515174 0.15311185935 0.169052237711 0.132660170227 0.150101646423 0.691187738205 0.336195632035 0.229772305132 0.226381086344 0.172179542216 0.319065357175 422.758518903 5.17783040042 2.3994268432 0.296990621901 0.135551130288 0.104666602005 0.302694842979 0.189463029514
-9999.0 -9999.0 -9999.0 -9999.0 -9999.0 -9999.0 -9999.0 -9999.0 -9999.0 -9999.0 -9999.0 -9999.0 -9999.0 -9999.0 0.62253772199 1.22392450286 4.41201535544 0.628896270335 1.32720763654 1.77895360124 2.20831595059 0.450125066779 0.85234179259 1.46338441085 17.4462195275 0.362773232595 0.706346593233 1.05451912658 0.321102826365 0.618125988913 0.674267473696 0.936707695621 29.2378713383 29.5246175832 29.7977457311 31.3360569399 31.798850261 32.9989711065 0.304941445597 0.622436205498 0.841142041662 36.8518323596 37.2426303113 0.210415910412 0.333587292535 0.455104986736 422.934104824 4.9941667819 2.20687344433 2.04871525759 1.86682102537 1.72407815625 0.40252948763 0.109549309914
-9999.0 -9999.0 -9999.0 -9999.0 -9999.0 -9999.0 -9999.0 -9999.0 -9999.0 -9999.0 -9999.0 -9999.0 -9999.0 -9999.0 0.630825531852 1.92404256428 6.97661781194 10.3420420583 0.576692385887 13.6389801195 16.4908185503 0.422286713349 0.819778339581 1.37566814745 21.546079796 22.0822378092 0.339722627957 1.74021868123 2.06145688856 2.27151588651 27.4739931679 27.8377266815 28.2110683991 0.194021387157 1.10427938066 1.3073873443 0.639805710517 0.919170137973 34.3314919153 35.3862739622 35.6295979348 35.8610118889 37.5492121389 0.149739987803 0.13626712908 0.717943564241 423.14772255 0.22215964646 0.0154906801799 0.0455489496985 0.0190243002253 1.49606925935 1.41678834393 0.84248851553
-9999.0 -9999.0 -9999.0 -9999.0 -9999.0 -9999.0 -9999.0 -9999.0 -9999.0 -9999.0 -9999.0 -9999.0 -9999.0 -9999.0 -9999.0 -9999.0 1.36923548797 2.76103453793 12.3005826817 13.0006153997 17.1108131914 17.768606219 0.429450759225 0.858833550873 2.15719605341 22.6759191602 23.4408235218 23.7513608471 0.272253357171 24.765579986 25.1079277495 0.253745706438 0.199807630768 0.384172706872 0.760977794797 0.190639638544 0.392269940444 0.891450929616 1.12523734785 0.219492901167 0.155608813119 0.311478874773 38.6005911946 38.8826436749 39.0035650423 40.0433215439 423.337770086 0.159946301464 0.00838171855697 0.0111762711451 0.0108502104652 0.0113741503603 0.00901748472228 0.0159709438626
-9999.0 -9999.0 -9999.0 -9999.0 -9999.0 -9999.0 -9999.0 -9999.0 -9999.0 -9999.0 -9999.0 -9999.0 -9999.0 -9999.0 -9999.0 -9999.0 0.71796816229 0.702634844254 0.695425896223 1.39694642251 0.624463825107 19.0080588895 19.6175800717 0.456064138175 0.860825848399 0.415870301601 0.370105732249 0.360441664501 24.298406517 0.0918818575346 0.193838505499 0.16398386965 0.205723793468 0.186901790087 0.156420698286 0.162667315465 0.510882822522 0.701758544555 0.145660547719 0.128398727501 0.281598879722 0.469439221007 0.569033782761 0.12280897258 39.1781875067 40.1774573613 423.49272726 0.344315025853 0.030635054415 0.00469505839249 0.0140762658717 0.00337913829145 0.00221707369687 0.0186201969272
-9999.0 -9999.0 -9999.0 -9999.0 -9999.0 -9999.0 -9999.0 -9999.0 -9999.0 -9999.0 -9999.0 -9999.0 -9999.0 -9999.0 -9999.0 -9999.0 -9999.0 -9999.0 0.696499933698 2.03678129062 2.60872747268 3.21469647904 20.2091415134 20.7962559459 21.3894578461 21.9892260012 22.3413154739 23.0700980294 23.1710991087 23.2494019553 23.3545395888 0.170560942994 0.167546851601 0.17966125941 0.669396461752 0.18044353861 0.179253198378 0.142327943775 0.426557529334 0.169247416677 0.135872141594 0.126022323188 0.107699748872 0.214930576525 0.314752519752 40.8494834422 464.841955279 0.151932599963 0.315897864942 0.00312571673857 0.0180453189588 0.00822058464604 0.0044765736209 0.881292974725
-9999.0 -9999.0 -9999.0 -9999.0 -9999.0 -9999.0 -9999.0 -9999.0 -9999.0 -9999.0 -9999.0 -9999.0 -9999.0 -9999.0 -9999.0 -9999.0 -9999.0 -9999.0 -9999.0 0.581398128466 4.60603481396 9.08368180222 9.71852743869 0.696295374445 1.17204643779 1.57491973526 1.93193395817 4.22218798252 4.38408299455 0.161113493016 0.165424041795 23.6845587715 24.0033162485 24.160289761 0.805882572353 0.127503085577 0.326945731823 0.479767526872 1.43679847849 1.76409000332 2.03078179326 0.244209177164 0.344457695146 0.120302283306 0.241590827718 0.125667643692 465.089772682 0.149464825746 0.596485708964 0.164287882053 0.252392209517 0.921751878889 1.0011562232 1.95812034343
-9999.0 -9999.0 -9999.0 -9999.0 -9999.0 -9999.0 -9999.0 -9999.0 -9999.0 -9999.0 -9999.0 -9999.0 -9999.0 -9999.0 -9999.0 -9999.0 -9999.0 -9999.0 0.647746141565 2.05833298119 4.03387979401 5.27429008936 13.519899182 14.198723926 0.850672366048 1.25610301307 1.61248192681 1.96420255516 4.49977947947 4.80412423308 7.95223139933 8.1918449149 8.32595645707 24.3259379591 25.5899221652 0.304899725442 0.206475080631 0.197295325164 0.387329250137 0.181287695905 2.38208840906 2.5126377033 0.456024330092 0.544547154821 0.104277940015 129.83202939 130.10113228 595.382853085 596.187533418 0.143624407675 0.545088217064 0.295955678567 0.237431960399 2.31286517622
-9999.0 -9999.0 -9999.0 -9999.0 -9999.0 -9999.0 -9999.0 -9999.0 -9999.0 -9999.0 -9999.0 -9999.0 -9999.0 -9999.0 -9999.0 -9999.0 -9999.0 -9999.0 -9999.0 0.733387286478 0.715671612348 1.35440436932 3.21748837461 14.800387382 0.439667508702 0.433396358863 0.800323793709 1.16986151283 2.61882121295 2.76901559202 0.106945052738 0.171237974584 8.54471003808 8.72442125709 34.4618520656 34.5966138557 0.123844146512 0.110323633086 0.0995622065898 0.100499784411 0.110005737435 127.515510573 128.351290158 128.997352987 129.199337163 129.739609491 0.149980833403 0.557876298698 0.700976107267 597.210333027 597.338443356 597.437548501 597.533711488 597.622303241
-9999.0 -9999.0 -9999.0 -9999.0 -9999.0 -9999.0 -9999.0 -9999.0 -9999.0 -9999.0 -9999.0 -9999.0 -9999.0 -9999.0 -9999.0 -9999.0 -9999.0 -9999.0 -9999.0 -9999.0 0.657406282965 0.687611721543 1.27728239387 17.2910506904 17.9180218732 0.422765855276 0.789936099539 1.16853275129 1.33173183367 0.121364706004 0.301685318998 34.7840377407 34.9636161935 35.1025932498 36.3498371066 71.0858949124 122.462713657 122.754827596 123.036930275 123.307904162 124.487090286 124.864976894 0.718617834233 0.324770123069 0.191358373196 0.36108462809 0.278944419716 0.439339010221 0.138890147729 3.12320277756 3.63434007532 4.03422525965 4.1099551121 597.703525082
-9999.0 -9999.0 -9999.0 -9999.0 -9999.0 -9999.0 -9999.0 -9999.0 -9999.0 -9999.0 -9999.0 -9999.0 -9999.0 -9999.0 -9999.0 -9999.0 -9999.0 -9999.0 -9999.0 -9999.0 -9999.0 0.667150060145 1.28061417046 1.89742432936 18.4395599567 0.545557767385 24.7133423097 25.1081202569 25.2265098186 25.4010756746 34.0459548346 34.2780849393 0.198931572336 0.932387535904 1.13469719724 0.219285011791 51.0856823892 50.6729470211 0.150819924104 0.345321446658 0.92970641511 0.204370908119 0.219086311142 0.166889280552 0.14525437678 0.11309427632 0.134366324572 2.66256842843 2.80439807078 2.97456924523 0.360000531349 0.263476540911 4.25300327006 4.37475489053
-9999.0 -9999.0 -9999.0 -9999.0 -9999.0 -9999.0 -9999.0 -9999.0 -9999.0 -9999.0 -9999.0 -9999.0 -9999.0 -9999.0 -9999.0 -9999.0 -9999.0 -9999.0 -9999.0 -9999.0 -9999.0 0.608284849151 0.572349398329 2.96211669822 22.609619995 23.7579422459 24.3545609572 0.40993475208 8.32203658078 8.42315584766 8.48569715587 0.202395278173 0.428794277374 0.628487238974 11.4166647375 11.5853656944 11.7444562828 50.3597136424 32.0455229896 0.193744337553 0.199394144517 0.190425301775 0.154883829752 1.582923624 1.91022483398 2.1974998185 2.36025010699 2.51718707462 13.6597295323 13.775647769 13.8762004179 14.1104586408 15.5352819711 15.609707745
-9999.0 -9999.0 -9999.0 -9999.0 -9999.0 -9999.0 -9999.0 -9999.0 -9999.0 -9999.0 -9999.0 -9999.0 -9999.0 -9999.0 -9999.0 -9999.0 -9999.0 -9999.0 -9999.0 -9999.0 -9999.0 -9999.0 1.18958252886 1.81813685089 0.655935276586 0.439026801639 7.01787440819 7.44061028153 7.72114826901 2.42149414962 2.5200038888 2.64943628902 2.84836303826 11.0389612721 11.2662305311 6.00985799388 17.9575369865 18.1483605743 31.884696641 0.398118653027 0.202545806709 0.145366149043 1.08343199605 1.27708899926 0.125478785294 0.116569203545 13.081961761 13.3877151637 13.5467116444 0.12253326456 0.172817015444 15.3055432929 0.146065986186 0.622876751185
-9999.0 -9999.0 -9999.0 -9999.0 -9999.0 -9999.0 -9999.0 -9999.0 -9999.0 -9999.0 -9999.0 -9999.0 -9999.0 -9999.0 -9999.0 -9999.0 -9999.0 -9999.0 -9999.0 -9999.0 -9999.0 -9999.0 0.596333318401 1.18027832147 4.966033407 5.62553024205 6.17956534089 1.98068844447 2.32394248978 0.111548997194 7.7507811278 7.85710846091 7.98615645941 0.177069936209 5.58719417445 5.82225131965 0.192105224621 30.8588930084 0.433657997227 0.213254517301 0.576848726387 0.780066185293 0.161506694853 0.131982124046 11.5700993524 12.7972734002 12.9807710348 0.178250609917 0.404967056549 0.506351548491 0.58977224631 1.12911179146 0.228483890154 0.512150688272
