data/baseflow/History/mHMbfrc567
ncols                  80
nrows                 72
xllcorner      4374000.0
yllcorner      5656000.0
cellsize            500
NODATA_value       -9999
[rows 24 to 47 of 72, columns 0 to 54 of 80]
-9999.0 -9999.0 -9999.0 -9999.0 -9999.0 -9999.0 -9999.0 -9999.0 -9999.0 -9999.0 -9999.0 -9999.0 1.5445079568 4.47328894785 5.90872457775 10.2567425838 1.38708656891 2.78234021138 4.11540601845 15.344175686 16.5350812935 17.5596897776 18.8320964514 20.1403276574 31.4453899841 35.2596137158 37.5583682105 1.00789766517 5.52243372856 6.44124029035 75.4554312826 79.6578294288 81.3655386079 83.0566183986 84.7567781403 297.60256094 0.7062050051 589.886294397 1.81637355162 0.835381714251 5.90084202852 5.01257153624 0.864580808923 2.88820681107 4.09097625493 4.04733654973 2.86924161868 4.71248878574 7.42559732481 2.73998109401 6.99865635988 0.681075451071 1.10121861431 0.310123843281 0.230007617113
-9999.0 -9999.0 -9999.0 -9999.0 -9999.0 -9999.0 -9999.0 -9999.0 -9999.0 -9999.0 -9999.0 -9999.0 1.51380166886 3.0024911469 1.41724020923 2.86367779244 1.36232111921 9.96020430732 12.6744272251 14.0318516616 1.29349685152 2.51052307904 23.1364891239 29.0691878827 30.200752616 2.52881381585 2.58358270143 3.78441447286 0.872814084106 0.843061350207 1.61943214296 0.741106504627 35.2405683958 36.0292206189 37.0757213248 298.307596864 596.240019789 590.843893377 1.38289689741 0.567745668859 0.522055127897 2.1384192869 1.58217220926 3.69623767993 4.95929959972 9.90983666041 0.901180286879 0.90083084789 8.25511562043 9.10585048833 17.5806891229 18.1666056137 19.5820644692 20.1622368873 0.567425386365
-9999.0 -9999.0 -9999.0 -9999.0 -9999.0 -9999.0 -9999.0 -9999.0 -9999.0 -9999.0 -9999.0 -9999.0 -9999.0 1.48547676791 2.94270866743 4.38549477586 7.16269058898 1.44583783306 1.37799063485 8.87380169831 10.1786760793 20.787364815 22.0412265274 3.59955632859 1.3160331841 1.2964097964 1.20811134183 30.2653194274 31.2342114808 32.1493190937 32.9517816374 34.4825630851 7.64676170076 8.39751976354 46.3568331617 941.220180956 4.58892710695 3.8990320181 1.98738472504 0.491994579041 0.457838437783 3.1872189651 3.59330588703 4.70495338552 0.518995278358 10.5492817834 1.6223774226 1.60562493323 0.477642243017 0.337721759023 0.282454881549 0.247538589106 0.267614315802 20.4274325509 250.781434532
-9999.0 -9999.0 -9999.0 -9999.0 -9999.0 -9999.0 -9999.0 -9999.0 -9999.0 -9999.0 -9999.0 -9999.0 -9999.0 -9999.0 1.45870210238 2.64369937029 3.69020101103 4.76023240618 6.12577301981 7.51280814464 4.11421562552 6.79671287877 1.26780981715 1.26109065397 24.1844166297 26.6714035377 27.8645398942 29.1635423377 1.07154822279 2.03480274703 5.08390194991 6.07854601612 6.90826606702 0.811094357242 0.583533012164 942.954309405 0.672762687376 1.12157256827 0.633026996042 1.95752920156 0.913564279965 0.552776393281 8.76588827927 9.09747814961 0.312313942747 10.8739209943 12.9881624487 2.19927180338 263.06608814 262.16060542 261.453191717 260.219932216 259.748195334 252.311749896 251.968946538
-9999.0 -9999.0 -9999.0 -9999.0 -9999.0 -9999.0 -9999.0 -9999.0 -9999.0 -9999.0 -9999.0 -9999.0 -9999.0 -9999.0 0.243975870584 0.57013257373 1.03849987075 8.85420107125 10.2774780035 1.41604475078 1.37978846923 1.34735496762 19.0739834358 21.6921628568 1.2738815501 1.28251064155 1.1799467998 4.72301058968 5.8729855346 3.23817846897 4.11403241205 26.2792875438 27.2420343626 28.8039173782 46.5647050686 989.888753169 0.682145959438 0.549575097031 2.9429390098 2.42073840864 0.342107724225 1.26590318239 1.62441565585 9.49598416182 9.82431110323 23.6093572493 13.1673752116 2.4564338039 270.112304122 3.03884845516 260.86377839 260.555918855 7.00184761718 0.209678857654 0.935516311479
-9999.0 -9999.0 -9999.0 -9999.0 -9999.0 -9999.0 -9999.0 -9999.0 -9999.0 -9999.0 -9999.0 -9999.0 -9999.0 -9999.0 1.24735028847 2.0415264982 4.369165289 7.56362143104 11.1976034402 13.7627649882 15.1195734809 16.4804103864 17.8030496168 1.31271406919 1.24903472178 2.47091223594 2.36817979788 1.19599228505 22.553378769 23.6902176759 24.7599005137 25.7745593122 15.2755922548 16.3315336541 17.2118042889 990.201646536 1.0914663889 1.54988649546 4.79041062349 0.44613293508 0.652410218116 0.320041132929 0.335364392684 1.92764550667 0.272317671114 0.292664161755 295.350567289 271.510007035 271.213674154 1.21204007313 2.70880960369 1.79124144069 0.450658259876 6.56404454998 1.90810767981
-9999.0 -9999.0 -9999.0 -9999.0 -9999.0 -9999.0 -9999.0 -9999.0 -9999.0 -9999.0 -9999.0 -9999.0 -9999.0 -9999.0 0.868765821224 0.797914368207 1.55442649254 2.3917189675 1.31594606319 1.42781190714 2.82363313356 4.21162960176 6.86340144606 8.18051618474 9.42906620207 13.1709892405 14.3519443594 15.5637234661 1.16515641337 11.4502765517 12.4895667142 13.4727467981 0.871004522379 0.560765300877 0.972325034638 1007.93280511 1008.23500665 1009.9877621 5.99451158666 0.889504764542 1.35773138736 0.484116233826 0.594435711395 2.18930115571 2.697958204 0.532291996738 296.656761551 0.40169972944 0.68235401586 0.767055865223 0.52634765942 0.998702826368 0.40271340295 4.16595464083 3.31395559647
-9999.0 -9999.0 -9999.0 -9999.0 -9999.0 -9999.0 -9999.0 -9999.0 -9999.0 -9999.0 -9999.0 -9999.0 -9999.0 -9999.0 -9999.0 0.750866545499 1.4929580232 0.769790415723 1.611859448 10.0681327397 11.3088342396 12.7004391516 1.33363920111 1.3218122824 2.57660563168 3.83093505572 6.18596715895 7.36584406487 8.04695420732 9.16306519849 1.00759592302 0.979112008425 15.1954460712 15.7096950729 16.0892620897 16.4358536954 13.2098763525 1024.63272134 1032.93209098 1033.28663003 1034.96532118 1036.74358859 1037.66090576 0.279753034286 2.93886119108 296.930935021 0.716862586594 0.367991012268 0.320965288141 0.276216603831 0.489426219182 0.515684133074 0.291581305401 0.42601430537 0.419897983605
-9999.0 -9999.0 -9999.0 -9999.0 -9999.0 -9999.0 -9999.0 -9999.0 -9999.0 -9999.0 -9999.0 -9999.0 -9999.0 -9999.0 -9999.0 -9999.0 2.22005297803 3.05101932851 5.49342427386 7.49557522562 1.11946191302 15.2062207676 16.5222894844 17.8357238695 1.28578887712 2.54483572897 1.17976798985 8.54961454757 9.18274656684 10.1995854032 11.3181452027 14.0124070005 14.4051246946 0.260880885301 11.9202095289 12.5870991746 12.8859801455 14.3278239069 1.98488707081 1.30895514904 0.870791104878 0.813188234923 1038.83376668 1039.31194909 1044.1567853 297.206696154 1.81201931218 0.849972454366 0.555587906834 0.19105611965 1.5795015368 0.854391077124 0.270137981344 1.46922909745 1.23849205295
-9999.0 -9999.0 -9999.0 -9999.0 -9999.0 -9999.0 -9999.0 -9999.0 -9999.0 -9999.0 -9999.0 -9999.0 -9999.0 -9999.0 -9999.0 -9999.0 0.830909434892 3.8591001316 4.72225636217 1.1973933842 1.38680128337 2.75062989437 4.04398034445 23.183787531 1.27539588617 5.11209203457 6.30427308645 7.47360600181 0.68967924221 1.63844685734 2.24654547448 9.54683256875 10.7390377823 11.0027823596 0.325308652189 0.347242714323 0.444385849875 0.813066975021 0.378878519701 0.41435977543 0.708511621994 0.604655865851 0.547048768384 1.59083149633 1044.64164195 1343.0377455 2.49949880759 0.43546111198 0.223775362619 4.99343518061 4.57626450362 2.72273514609 2.44906325955 1.84503361905 0.419331404661
-9999.0 -9999.0 -9999.0 -9999.0 -9999.0 -9999.0 -9999.0 -9999.0 -9999.0 -9999.0 -9999.0 -9999.0 -9999.0 -9999.0 -9999.0 0.670481525585 2.27033440179 0.762156408229 1.40502057021 1.48288971802 2.88195330051 4.2532073735 5.43978080794 29.4783554157 30.7285617323 1.27463929429 2.47504498845 3.67999948578 4.50985682089 5.49274262742 8.57031130576 9.21090907854 0.831012673913 0.615042779051 0.488858399176 0.536345178005 0.812893336144 0.750352938367 0.735706688533 0.805532829243 2.53396075854 1.0552770547 0.377243290777 0.359778376362 0.409416796433 0.780681838122 1358.17407134 12.2698134446 5.86443752625 0.354211883218 0.14775333156 0.150558305903 0.603099554819 0.443203380941 0.237415506968
-9999.0 -9999.0 -9999.0 -9999.0 -9999.0 -9999.0 -9999.0 -9999.0 -9999.0 -9999.0 -9999.0 -9999.0 -9999.0 -9999.0 0.694366963394 1.36203914686 5.0751744226 0.75715347994 2.58480342182 4.0646237597 5.49062101386 1.41459978278 2.71814064891 3.77241440914 35.3205462498 1.23990576998 2.409759333 3.58551365714 1.08529926928 2.16277755946 2.97958801513 3.65765019932 74.1510204 75.514714701 76.8293390966 82.2903199258 84.1344255906 88.3279201548 1.7499104911 3.53638884931 3.30343571792 102.243301852 103.021465557 0.338270120947 0.660742469178 0.968163037809 1358.42753414 11.5213685398 5.07406713305 4.89566856369 3.91079359035 3.48247468385 0.801930286917 0.178862137157 0.386167633588
-9999.0 -9999.0 -9999.0 -9999.0 -9999.0 -9999.0 -9999.0 -9999.0 -9999.0 -9999.0 -9999.0 -9999.0 -9999.0 -9999.0 0.705239958052 2.14581152223 7.93064217121 11.7148686713 0.685969057085 15.6256403192 21.9462710094 1.36874543836 2.66359307434 3.79751974099 46.1125299329 47.0520382501 1.1402770612 5.87298623961 6.92138184503 7.85435768289 66.0134791928 68.4439643872 69.7361873175 0.613870057988 3.69380190964 4.40849839117 1.93858637367 2.8253547036 92.2573104214 97.0613265226 97.7948578397 98.4933776558 103.889895131 0.424219149846 0.372492583355 1.63493990951 1358.74268845 0.394365607189 0.299931307595 0.838990924802 0.298547614505 3.20117200733 2.46453404157 1.43115711886 1.0596248716
-9999.0 -9999.0 -9999.0 -9999.0 -9999.0 -9999.0 -9999.0 -9999.0 -9999.0 -9999.0 -9999.0 -9999.0 -9999.0 -9999.0 -9999.0 -9999.0 1.52972591713 3.09598150584 13.9774553985 14.8022136807 22.6692783683 23.5051318254 1.33571797788 2.6645361815 6.30229121823 47.8404526956 50.1054029607 51.1156840064 0.827653580051 54.7714374559 57.3187469709 1.57352176674 0.612370245574 1.22032116583 2.36462305949 0.560034814976 1.14545336661 2.61104885028 3.29656579336 0.61584784914 0.4388968631 0.884324900547 107.222984837 108.430711889 108.757516085 111.199234569 1359.03511532 0.254273408667 0.247138268446 0.239891486596 0.235630588991 0.240302803219 0.212546618825 0.402145533064 0.117613412318
-9999.0 -9999.0 -9999.0 -9999.0 -9999.0 -9999.0 -9999.0 -9999.0 -9999.0 -9999.0 -9999.0 -9999.0 -9999.0 -9999.0 -9999.0 -9999.0 0.807430390607 0.791942016884 0.7985622189 1.70617223598 0.756351029882 24.9962959885 25.7618994032 1.21969688794 2.47711685816 1.34031841761 1.14039427391 1.1205645097 53.1790857747 0.870370765792 1.73690077189 0.818809265956 0.661630990928 0.586135985193 0.476999973354 0.491944490805 1.48981844802 2.02627559167 0.414183383671 0.373385588456 0.793408394066 1.29188850171 1.68200693544 0.52201885291 109.217279066 111.537464305 1359.24192269 1.17027108604 0.760248276409 0.164887479529 0.372530342501 0.139587188132 0.108002352263 0.519331905507 0.63919591852
-9999.0 -9999.0 -9999.0 -9999.0 -9999.0 -9999.0 -9999.0 -9999.0 -9999.0 -9999.0 -9999.0 -9999.0 -9999.0 -9999.0 -9999.0 -9999.0 -9999.0 -9999.0 0.78425326558 2.43639549335 3.1034677199 3.82976856007 26.4588771563 27.1437477914 27.8713857836 28.8499468772 29.9531779809 32.2058836001 33.051744983 33.8905030451 34.6230851618 0.618266221971 0.583778212815 0.593466061786 2.07208181651 0.533295804466 0.510582041848 0.425076589281 1.2373987433 0.469170067686 0.380085274165 0.356870195665 0.303440493557 0.605781263259 0.876220433195 113.370327273 1474.02687377 0.14919968715 0.355356388621 0.148255415427 0.546613357764 0.349841168574 0.217323295843 1.6793614978 1.06296039058
-9999.0 -9999.0 -9999.0 -9999.0 -9999.0 -9999.0 -9999.0 -9999.0 -9999.0 -9999.0 -9999.0 -9999.0 -9999.0 -9999.0 -9999.0 -9999.0 -9999.0 -9999.0 -9999.0 0.664866032197 5.21403989883 10.4847380075 11.274734055 1.10839092617 2.32817684009 3.59318829417 4.76987249608 12.0056722019 12.6853623001 0.653484714239 0.634538664908 36.0677384623 37.3325106625 37.867506079 2.49413279189 0.388503541071 0.937014496142 1.37312035846 4.07641913738 4.96812185039 5.70045674063 0.680937257734 0.958979421957 0.323551130768 0.64862416692 0.32385744072 1474.66248176 0.149935688135 0.631705235242 0.345515610284 1.07584408919 2.24954250541 2.54164974378 4.29422990606 1.40549598888
-9999.0 -9999.0 -9999.0 -9999.0 -9999.0 -9999.0 -9999.0 -9999.0 -9999.0 -9999.0 -9999.0 -9999.0 -9999.0 -9999.0 -9999.0 -9999.0 -9999.0 -9999.0 0.732751289884 2.32367510561 4.56005506552 5.96730641406 15.6064958512 16.537253783 2.57175669836 3.8373846588 4.98714306451 6.16754355183 13.4741376167 14.8431061568 26.6562382379 27.5896890277 28.3104978412 38.4003374621 42.27498365 0.918458104365 0.580169708991 0.559842120404 1.07598693826 0.489094980102 6.6284550287 6.98010464352 1.30068491093 1.74876638557 0.544223659037 296.032442999 296.781209535 1771.86523703 1772.7434992 0.141983187519 1.36640529724 0.383052021763 0.3155364172 5.03972148075 6.63713224584
-9999.0 -9999.0 -9999.0 -9999.0 -9999.0 -9999.0 -9999.0 -9999.0 -9999.0 -9999.0 -9999.0 -9999.0 -9999.0 -9999.0 -9999.0 -9999.0 -9999.0 -9999.0 -9999.0 0.82733335748 0.807536803532 1.53740589589 3.66137049757 17.2236077735 1.3028815489 1.28842191985 2.44960425898 3.60169654648 9.03510662461 9.96179080814 0.631476151933 0.588004339374 29.0048337057 29.5998973499 72.5373066434 73.1377282805 0.359002771554 0.323538206855 0.27740796429 0.279809991061 0.293555409132 289.183386539 291.285096719 293.36897299 294.271717142 295.591225371 0.366367529799 1.38645957886 1.74036929115 1775.07621389 1775.22930073 1775.37617909 1775.76981545 1776.11187196 7.20595930296
-9999.0 -9999.0 -9999.0 -9999.0 -9999.0 -9999.0 -9999.0 -9999.0 -9999.0 -9999.0 -9999.0 -9999.0 -9999.0 -9999.0 -9999.0 -9999.0 -9999.0 -9999.0 -9999.0 -9999.0 0.749135996622 0.779797632903 1.45374768885 20.0696888594 20.8688721095 1.27841413002 2.43529474807 3.59744535668 4.53945524556 0.873496691924 1.65791386334 53.333371021 53.975612889 54.6216185406 58.8895432527 132.532325876 275.69254744 276.506184857 277.254677845 277.974620585 280.917477603 281.847198417 1.7849329709 0.823689720468 0.46533937057 0.885044128454 0.697628032806 1.08555289385 0.333817581132 8.00297682582 8.77439895783 9.30568616142 9.47763451644 1776.32143913 1783.96157389
-9999.0 -9999.0 -9999.0 -9999.0 -9999.0 -9999.0 -9999.0 -9999.0 -9999.0 -9999.0 -9999.0 -9999.0 -9999.0 -9999.0 -9999.0 -9999.0 -9999.0 -9999.0 -9999.0 -9999.0 -9999.0 0.764948995587 1.4686312993 2.17461787249 21.4620746661 0.961322477003 30.084331379 31.2862036375 32.2052374708 33.0471086347 50.1147529879 50.9230048048 0.638568321818 3.16857879808 3.81695554535 0.624146742155 142.339487014 141.207256123 0.385023378303 0.851259012349 2.28993694667 0.499888159989 0.529568071913 0.426441302332 0.374819908664 0.305255098197 0.342593717646 6.87465924275 7.21883739128 7.63789280718 0.484714982774 0.330544923011 9.64232782868 9.85126309201 9.97993710087
-9999.0 -9999.0 -9999.0 -9999.0 -9999.0 -9999.0 -9999.0 -9999.0 -9999.0 -9999.0 -9999.0 -9999.0 -9999.0 -9999.0 -9999.0 -9999.0 -9999.0 -9999.0 -9999.0 -9999.0 -9999.0 0.703350116808 0.661670156542 3.42702239576 26.3092860845 27.9781665821 28.9271700485 1.25612382921 14.9787155181 15.8274992605 16.2273799073 0.745219080145 1.4626364734 2.09320307604 33.9049223753 34.3991488232 34.8362769843 140.390481807 82.1548828559 0.455656322516 0.485586220615 0.472462292273 0.399290635995 4.15023228338 4.97657553939 5.71700268526 6.11891066727 6.50880450864 43.5337890899 43.8807477086 44.2952079829 45.1821705585 49.1798445573 49.3538427847 59.5099881897
-9999.0 -9999.0 -9999.0 -9999.0 -9999.0 -9999.0 -9999.0 -9999.0 -9999.0 -9999.0 -9999.0 -9999.0 -9999.0 -9999.0 -9999.0 -9999.0 -9999.0 -9999.0 -9999.0 -9999.0 -9999.0 -9999.0 1.37943851461 2.10514790349 0.800077926719 1.30476120037 10.3182122888 11.6321486784 12.6820916255 6.93263945828 7.84091943186 8.75982095342 9.4526434295 32.8105021987 33.4460611047 21.9085788317 57.2827750556 57.7951634365 81.7512453348 1.01079772499 0.515704712624 0.399399241049 2.87119927885 3.35974422928 0.33400374492 0.315272450609 42.16101326 42.899099205 43.2571160153 0.409790324222 0.616126319161 48.451762832 0.356185296491 1.44825211048 1.59138841003
-9999.0 -9999.0 -9999.0 -9999.0 -9999.0 -9999.0 -9999.0 -9999.0 -9999.0 -9999.0 -9999.0 -9999.0 -9999.0 -9999.0 -9999.0 -9999.0 -9999.0 -9999.0 -9999.0 -9999.0 -9999.0 -9999.0 0.692237227914 1.3719442128 5.87060135069 6.69637249968 7.78796731613 4.9108810635 6.01966017708 0.926280854708 21.0249717973 21.8943048274 22.7218576979 0.695198581692 20.7060124467 21.3562437495 0.525405636485 79.1457966301 1.0952232 0.545224335441 1.53772041389 2.05478661146 0.424195297356 0.362309500829 38.4110250129 41.4866121099 41.9088335311 0.435683798939 1.02697429916 1.29172792918 1.61866774616 2.97288948799 0.532650524532 1.19485676352 0.218091291484
