data/baseflow/History/mHMbfrc360
ncols                  80
nrows                 72
xllcorner      4374000.0
yllcorner      5656000.0
cellsize            500
NODATA_value       -9999
[rows 24 to 47 of 72, columns 0 to 54 of 80]
-9999.0 -9999.0 -9999.0 -9999.0 -9999.0 -9999.0 -9999.0 -9999.0 -9999.0 -9999.0 -9999.0 -9999.0 1.19927704461 3.42190573481 4.48747191502 7.72756094186 0.96710064671 1.96062953307 2.89708008573 11.1561645931 11.9581997029 12.641194797 13.4329349793 14.2605072734 22.2425603855 24.655919353 25.9704652412 0.573602211698 3.06591363255 3.60499217455 49.8912060853 52.0851171714 53.0884197186 54.105387266 54.9641170604 196.675236493 0.187354491263 380.011116065 0.757214688293 0.36382884258 3.14704858689 2.68421901258 0.425037735656 1.43599584432 2.17016247716 2.13108823812 1.49883289804 2.45399501946 3.86326512692 1.41332359096 3.556043255 0.343164915606 0.583321501758 0.123078791179 0.0975446547766
-9999.0 -9999.0 -9999.0 -9999.0 -9999.0 -9999.0 -9999.0 -9999.0 -9999.0 -9999.0 -9999.0 -9999.0 1.1543218483 2.28841593814 1.07945606317 2.16757497283 0.979266784567 7.39096331838 9.28917940831 10.2497340783 0.887626148736 1.72113015369 16.6833477266 20.7910920566 21.5407547636 1.66340084758 1.44628719717 2.10402303809 0.486705659056 0.44828844431 0.840408984637 0.35945450672 25.3743676674 25.7709962823 26.0548216057 197.05142481 382.670533903 380.378953934 0.553815027413 0.253181624634 0.222737777572 0.948136021549 0.737559692856 1.83303972892 2.58927227076 5.17738814662 0.457280600335 0.45311723531 4.26841897335 4.69310742198 9.00029948258 9.25059254085 9.96120585277 10.1888313729 0.200094510897
-9999.0 -9999.0 -9999.0 -9999.0 -9999.0 -9999.0 -9999.0 -9999.0 -9999.0 -9999.0 -9999.0 -9999.0 -9999.0 1.12793420816 2.23678963108 3.34265411538 5.37376096607 1.04857254859 0.977001054251 6.69490129055 7.59402899171 15.0646359506 15.9744247393 2.56798696507 0.882933297918 0.82725324085 0.728294239636 22.7717775155 23.2993622315 23.8116749234 24.2384768723 25.0041460496 4.52353795927 4.85373547562 31.164621231 611.082214487 1.9295092782 1.57114128856 0.828844781011 0.213002350576 0.188750504354 1.39296277107 1.53942787087 2.21609913435 0.195938130118 5.43190884574 0.786836677187 0.771886191407 0.182864134429 0.118605285433 0.102152454092 0.0918363662204 0.107761993186 10.3546002668 143.115911726
-9999.0 -9999.0 -9999.0 -9999.0 -9999.0 -9999.0 -9999.0 -9999.0 -9999.0 -9999.0 -9999.0 -9999.0 -9999.0 -9999.0 1.08828455772 2.05331039198 2.91417684303 3.78953571798 4.75571123785 5.74449161261 2.90613437661 4.82718591682 0.898184271807 0.868199593433 18.8302621536 20.5164371504 21.2964574568 22.1400993437 0.623042352176 1.13493671269 3.03693299171 3.62588193175 4.11989957251 0.411935578835 0.258468134275 611.972450317 0.353124542538 0.429174586865 0.203381912709 0.8723791148 0.423420248749 0.187647589116 3.94850137817 4.08630130073 0.107175218733 5.55015935336 6.44712217871 0.909124192832 149.022320419 148.741166352 148.506791031 148.041990972 147.872041672 144.049493239 143.906377739
-9999.0 -9999.0 -9999.0 -9999.0 -9999.0 -9999.0 -9999.0 -9999.0 -9999.0 -9999.0 -9999.0 -9999.0 -9999.0 -9999.0 0.218163667325 0.503882824847 0.859736704482 7.74354701346 8.74388847469 1.00648987566 0.984798614659 0.970220975924 15.2982692922 17.1543219814 0.89757203518 0.911050291901 0.761715353026 3.1173908401 3.87288406022 1.92196223106 2.51703310481 17.9688486002 18.5357699017 19.4175898598 30.7268268662 642.920621263 0.323867809186 0.169028212212 1.33884061907 1.11261614131 0.168610904148 0.53204067954 0.686430904581 4.25744138357 4.38920052968 11.1784841735 6.57033655233 1.07695336984 152.154256295 1.31422979063 148.29514136 148.176827381 3.64682665637 0.223197984327 0.639280507602
-9999.0 -9999.0 -9999.0 -9999.0 -9999.0 -9999.0 -9999.0 -9999.0 -9999.0 -9999.0 -9999.0 -9999.0 -9999.0 -9999.0 1.12105523921 1.83478443448 3.85847395817 6.74713926864 9.53217045386 11.5256293529 12.4898174675 13.4743984688 14.4199342422 0.91785454073 0.848710817306 1.67431491477 1.56121801678 0.807800302866 15.5274138911 16.2646351446 16.9439409603 17.6141290235 10.0908268411 10.574226936 11.0353811829 643.110568668 0.56320164504 0.403466217832 1.90849663205 0.227526948607 0.302156666303 0.15616116886 0.141925644689 0.822125936526 0.102023693995 0.109761772124 164.017195724 152.761425053 152.651997223 0.556683899029 1.20403536326 0.785499492893 0.185350243654 3.29605351928 0.929922031103
-9999.0 -9999.0 -9999.0 -9999.0 -9999.0 -9999.0 -9999.0 -9999.0 -9999.0 -9999.0 -9999.0 -9999.0 -9999.0 -9999.0 0.782990334693 0.732304719171 1.42927603329 2.17628636642 1.02711470136 1.08852298997 2.09629020609 3.09127720185 4.99044748219 5.92998000152 6.77389867673 9.32129635731 10.1055629219 10.9508603717 0.755104895623 7.69656139217 8.36056005233 8.99842401289 0.549976409533 0.399570683638 0.646424331289 654.871514418 655.051356129 655.942123198 2.54154795843 0.458454819499 0.495170787049 0.131889175114 0.252977783528 0.93696026688 1.13452833142 0.199004697184 164.536206206 0.170038099881 0.308395361649 0.352098831939 0.24582275951 0.474840446657 0.19276780771 2.17836262501 1.74378011555
-9999.0 -9999.0 -9999.0 -9999.0 -9999.0 -9999.0 -9999.0 -9999.0 -9999.0 -9999.0 -9999.0 -9999.0 -9999.0 -9999.0 -9999.0 0.698821970162 1.38022850355 0.676292540577 1.39871000578 8.84932481009 9.76680789385 10.7418460478 0.944189292883 0.94366268426 1.78828112898 2.65326305665 4.19788732018 4.99029925663 5.47336218003 6.20480771814 0.615199461672 0.585408362484 10.1000183812 10.463497894 10.6945936624 10.9148455464 9.07580420425 665.937314569 669.825207511 670.016148194 670.678577591 671.483664943 671.829098774 0.094953224686 1.22672652052 164.621737863 0.217500538658 0.112567450965 0.121070258254 0.117371151709 0.207550273487 0.226689972281 0.139018669068 0.229223042199 0.228046679201
-9999.0 -9999.0 -9999.0 -9999.0 -9999.0 -9999.0 -9999.0 -9999.0 -9999.0 -9999.0 -9999.0 -9999.0 -9999.0 -9999.0 -9999.0 -9999.0 2.05391513874 2.79068607328 4.95529453422 6.65523701635 0.925714390804 12.7099814894 13.6449659661 14.5570054231 0.877763744271 1.73477875744 0.76736822421 5.82202679354 6.28399674678 6.98454397954 7.64593592251 9.33922797159 9.62775012188 0.187399468253 8.22808330724 8.67015015402 8.87394785196 9.80399593664 1.16189038817 0.730372182881 0.458629032271 0.442500927492 672.246080019 672.394478942 674.535633648 164.700878261 0.619071030344 0.328821370346 0.21426634034 0.0723251476448 0.693758552554 0.388435241655 0.123820289549 0.73735878236 0.637488046401
-9999.0 -9999.0 -9999.0 -9999.0 -9999.0 -9999.0 -9999.0 -9999.0 -9999.0 -9999.0 -9999.0 -9999.0 -9999.0 -9999.0 -9999.0 -9999.0 0.750626578369 3.51428073677 4.27066830209 0.982379717336 1.0039739464 2.02843700679 2.98474792741 18.4551728815 0.869799053999 3.49991116026 4.2872860071 5.07888614086 0.479629033767 1.14206021634 1.58158857857 6.59334794391 7.40084510421 7.6015726646 0.227345465364 0.225888883323 0.278839833182 0.516743132374 0.228030142474 0.239066347452 0.382919247038 0.339308606829 0.385232484501 0.824607203987 674.714917114 839.828130976 0.769602384926 0.185966100202 0.0695034296692 2.33692077424 2.17588818076 1.35805077273 1.23209879015 0.931496426896 0.236687642346
-9999.0 -9999.0 -9999.0 -9999.0 -9999.0 -9999.0 -9999.0 -9999.0 -9999.0 -9999.0 -9999.0 -9999.0 -9999.0 -9999.0 -9999.0 0.638287529839 2.08592611924 0.694590640944 1.0816416447 1.0844101967 2.10162809151 3.09682731207 3.98332645246 23.1594504873 24.0049230324 0.86655807708 1.66130065948 2.4611769467 3.07705569702 3.7618746236 5.88365665607 6.34075051237 0.532137048682 0.428453048442 0.374160597276 0.399441781509 0.387999778792 0.391446654 0.337128767526 0.4549129233 1.2448209855 0.575384775468 0.154194634076 0.145329844958 0.154143456839 0.282546526497 847.133524393 6.34054634118 2.71741276249 0.198148211417 0.0864346354939 0.071221070023 0.290523847875 0.209303536179 0.112506539363
-9999.0 -9999.0 -9999.0 -9999.0 -9999.0 -9999.0 -9999.0 -9999.0 -9999.0 -9999.0 -9999.0 -9999.0 -9999.0 -9999.0 0.677001670677 1.29583029755 4.70501018981 0.672388535709 2.04183733531 3.11112054375 4.11921951524 1.0229755436 1.9430945717 2.7839912563 27.4649891041 0.827186408044 1.57784165813 2.35015881122 0.71909502781 1.42700991422 1.94166748551 2.38558589121 53.0029840829 53.7820417314 54.4525140444 57.3506573572 58.5621812122 60.852434288 0.480879835506 1.18673152378 1.52170783887 67.1334544645 67.4247016507 0.129916560341 0.232366196986 0.329002317851 847.266061261 5.95337554794 2.98647058524 2.88138834886 2.17089499117 1.85798668063 0.383357919507 0.0876264363335 0.183281292907
-9999.0 -9999.0 -9999.0 -9999.0 -9999.0 -9999.0 -9999.0 -9999.0 -9999.0 -9999.0 -9999.0 -9999.0 -9999.0 -9999.0 0.680356717825 2.06736611113 7.44869694394 10.991972868 0.603843057289 14.4876374836 19.3301172006 0.981314557697 1.89600365093 2.77310132416 35.344609311 36.0470562665 0.687060316316 3.7562436778 4.40953285115 5.0165979794 47.9272882275 49.4166721386 50.2078612905 0.371676566398 2.09418116656 2.48570754072 1.0711637312 1.5460112691 62.9497623649 64.7736879177 65.1263479156 65.4539185297 67.7436576046 0.154289625052 0.129755739569 0.555103179786 847.382197243 0.147185016757 0.208137605612 0.625773488921 0.236142255077 1.71104821487 1.29719305922 0.775548349299 0.571157888898
-9999.0 -9999.0 -9999.0 -9999.0 -9999.0 -9999.0 -9999.0 -9999.0 -9999.0 -9999.0 -9999.0 -9999.0 -9999.0 -9999.0 -9999.0 -9999.0 1.44505633535 2.90607613152 13.0469296467 13.7853104392 19.9781314145 20.7098875268 0.959115810717 1.91573489145 4.51232105557 36.6725151883 38.0899755842 38.6686880949 0.469786405863 40.8369455801 42.3748559877 0.955608720599 0.377003875153 0.732844575271 1.42296644828 0.336753366368 0.667419406649 1.45306209419 1.80924277743 0.336932389812 0.210294603696 0.411620858082 69.4062836443 69.9758965167 70.0813147101 70.9655886727 847.480762433 0.0865337714734 0.142082851258 0.176615695564 0.16985563809 0.174808738074 0.148345392725 0.275280242452 0.067688613374
-9999.0 -9999.0 -9999.0 -9999.0 -9999.0 -9999.0 -9999.0 -9999.0 -9999.0 -9999.0 -9999.0 -9999.0 -9999.0 -9999.0 -9999.0 -9999.0 0.757200508071 0.741910717308 0.736211820873 1.51309407827 0.661747339591 22.024305708 22.693348812 0.889354754038 1.77377401784 0.879109725387 0.713973402064 0.691713133601 39.9087579542 0.520993508109 1.05621663722 0.50098484828 0.400700861421 0.354894173127 0.266931634485 0.279833759406 0.851780759005 1.17083506118 0.215247798371 0.185455571806 0.40287150781 0.680295942955 0.941040259774 0.295829324066 70.2897284303 71.0795633603 847.542513174 0.545547772031 0.375171687741 0.10589219528 0.254781408311 0.0868160165184 0.0672817962223 0.348174276616 0.365160549727
-9999.0 -9999.0 -9999.0 -9999.0 -9999.0 -9999.0 -9999.0 -9999.0 -9999.0 -9999.0 -9999.0 -9999.0 -9999.0 -9999.0 -9999.0 -9999.0 -9999.0 -9999.0 0.73253454396 2.1894606714 2.78875821295 3.4285443297 23.3169657559 23.9406460668 24.5758644883 25.3459695458 26.0182393739 27.4151539033 27.9020307642 28.397130424 28.8047901415 0.346988195546 0.319919344788 0.342963913805 1.18631352197 0.31678690573 0.29619726604 0.223903231094 0.643300612428 0.256528236296 0.188893075209 0.173545549854 0.152021115179 0.303264716606 0.42947577366 71.9435502055 920.104185043 0.0774319776831 0.166372151894 0.0891451190061 0.345259831784 0.182117520883 0.135211553555 0.995841378321 0.598894693509
-9999.0 -9999.0 -9999.0 -9999.0 -9999.0 -9999.0 -9999.0 -9999.0 -9999.0 -9999.0 -9999.0 -9999.0 -9999.0 -9999.0 -9999.0 -9999.0 -9999.0 -9999.0 -9999.0 0.620477079456 4.88358429126 9.64553247296 10.3269384129 0.926677070635 1.82184003324 2.71501705369 3.48745328225 8.4794618708 8.87218494806 0.375734426521 0.369365687109 29.5156317144 30.1431234299 30.4367709838 1.40763915992 0.201197358954 0.516487961067 0.753996389767 2.21668887437 2.70188352638 3.06611756996 0.330715256386 0.459673387925 0.154949863583 0.30491366564 0.156361831686 920.36997643 0.067249203834 0.296145189214 0.171370459345 0.580945234247 1.09366162267 1.2710136437 2.30992059306 0.800163026281
-9999.0 -9999.0 -9999.0 -9999.0 -9999.0 -9999.0 -9999.0 -9999.0 -9999.0 -9999.0 -9999.0 -9999.0 -9999.0 -9999.0 -9999.0 -9999.0 -9999.0 -9999.0 0.686004090829 2.18292405883 4.27699769604 5.58596417879 14.3689899718 15.172176764 1.84410785168 2.74790472427 3.540069337 4.32534595631 9.33230181133 10.1225819315 18.2241121498 18.9055051496 19.2623500533 30.742529485 32.9137705194 0.508098444655 0.343426862172 0.325890248958 0.615713082232 0.271907426982 3.57536116154 3.75022708418 0.60481023922 0.819556906102 0.175708494389 213.746657323 214.071162037 1134.60350206 1134.99718094 0.0729107397629 0.745692485641 0.104128643739 0.0915380848787 2.50456970658 3.37942645912
-9999.0 -9999.0 -9999.0 -9999.0 -9999.0 -9999.0 -9999.0 -9999.0 -9999.0 -9999.0 -9999.0 -9999.0 -9999.0 -9999.0 -9999.0 -9999.0 -9999.0 -9999.0 -9999.0 0.781386140407 0.760869175094 1.44581556294 3.42751020939 15.816804914 0.943309521483 0.932985747475 1.727173251 2.53405537359 6.27279165615 6.879285254 0.47390658959 0.453854695746 19.7262554227 20.0653648523 53.3102412741 53.6125977546 0.176493272776 0.15068353578 0.120181328645 0.121515001805 0.133873065747 210.133435044 211.299443688 212.371231262 212.782982484 213.549016817 0.183120529478 0.673926326382 0.809885241681 1136.05112135 1136.09469876 1136.25313163 1136.44839323 1136.60139743 3.53901225409
-9999.0 -9999.0 -9999.0 -9999.0 -9999.0 -9999.0 -9999.0 -9999.0 -9999.0 -9999.0 -9999.0 -9999.0 -9999.0 -9999.0 -9999.0 -9999.0 -9999.0 -9999.0 -9999.0 -9999.0 0.703474224836 0.733546492113 1.35945894058 18.4917094306 19.1915879558 0.920676149083 1.71054137154 2.53018732313 3.18759495079 0.600410328472 1.11578997661 44.7542874714 45.1314596012 45.5174571317 48.4311543068 102.408593 202.898834509 203.3326338 203.715327387 204.077060852 205.683922389 206.207476244 0.958268882757 0.421858534894 0.252463629323 0.470886771254 0.336531468533 0.535030696619 0.162329408655 4.09121257584 4.39046054837 4.6321115463 4.68938631891 1136.66815904 1140.35876724
-9999.0 -9999.0 -9999.0 -9999.0 -9999.0 -9999.0 -9999.0 -9999.0 -9999.0 -9999.0 -9999.0 -9999.0 -9999.0 -9999.0 -9999.0 -9999.0 -9999.0 -9999.0 -9999.0 -9999.0 -9999.0 0.721813521743 1.38015917211 2.04178917411 19.746437173 0.751273345995 27.2011692133 28.0530864271 28.6755687781 29.2306860589 42.5957998827 43.1447460129 0.426701358142 2.13655148096 2.58398863142 0.393913570648 100.057915536 99.3576326702 0.200984552919 0.472717453395 1.29364988103 0.291009681939 0.305938878743 0.217961162519 0.180087773685 0.138141486594 0.16100660631 3.56625308566 3.73266948571 3.93858509985 0.190121982054 0.167162386628 4.77870092477 4.85660088842 4.89927444079
-9999.0 -9999.0 -9999.0 -9999.0 -9999.0 -9999.0 -9999.0 -9999.0 -9999.0 -9999.0 -9999.0 -9999.0 -9999.0 -9999.0 -9999.0 -9999.0 -9999.0 -9999.0 -9999.0 -9999.0 -9999.0 0.663322706011 0.618450116306 3.20895359252 24.264047951 25.6618437995 26.4117520958 0.860638444391 11.9151783581 12.5238099005 12.8241891829 0.534950427343 0.991428437205 1.38350601279 23.7359710117 24.0294295127 24.2755304985 98.9179174578 58.9094308172 0.261700168421 0.279683841114 0.26715550551 0.201906763932 2.219967805 2.63575342574 2.99730046672 3.19828570565 3.39055977612 26.1733022019 26.3069034528 26.4911725345 26.9910167431 28.864570281 28.9237343702 33.8827976279
-9999.0 -9999.0 -9999.0 -9999.0 -9999.0 -9999.0 -9999.0 -9999.0 -9999.0 -9999.0 -9999.0 -9999.0 -9999.0 -9999.0 -9999.0 -9999.0 -9999.0 -9999.0 -9999.0 -9999.0 -9999.0 -9999.0 1.29525910779 1.97304654495 0.723226219333 0.947021043538 8.80904667097 9.71525413599 10.3889748773 4.8416736761 5.4227337956 6.01594698435 6.45079062841 23.06525233 23.4776513542 14.8639589201 39.4631065473 39.7641244486 58.6960199543 0.576450150911 0.293568852804 0.197629110088 1.55797539535 1.8239379947 0.150796662146 0.139951352418 25.528682678 25.8807612969 26.0488980419 0.254942652113 0.369228471281 28.572383187 0.195064668459 0.500642760031 0.546793332377
-9999.0 -9999.0 -9999.0 -9999.0 -9999.0 -9999.0 -9999.0 -9999.0 -9999.0 -9999.0 -9999.0 -9999.0 -9999.0 -9999.0 -9999.0 -9999.0 -9999.0 -9999.0 -9999.0 -9999.0 -9999.0 -9999.0 0.646964241616 1.28159274894 5.429982891 6.17016534523 7.0053155532 3.53184742097 4.26811639077 0.591180666246 15.1415683131 15.6899853413 16.207499113 0.442268806943 14.0971692591 14.5227861866 0.316850389041 57.1812174431 0.656917108632 0.3283542938 0.85858690996 1.15322380389 0.212773072232 0.16893986897 23.6611965721 25.2125079459 25.420940577 0.219206536453 0.468402110061 0.590552816226 0.709441204111 1.41659721964 0.17978393353 0.417143323439 0.0749642791452
