data/baseflow/History/mHMbfrc546
ncols                  80
nrows                 72
xllcorner      4374000.0
yllcorner      5656000.0
cellsize            500
NODATA_value       -9999
[rows 24 to 47 of 72, columns 0 to 54 of 80]
-9999.0 -9999.0 -9999.0 -9999.0 -9999.0 -9999.0 -9999.0 -9999.0 -9999.0 -9999.0 -9999.0 -9999.0 1.06036365652 2.95138986031 3.8573624279 6.61336417063 0.851672911108 1.71898719559 2.53230373612 9.45162669687 10.0474391763 10.369245498 10.9844719312 11.7339319054 18.7453890141 20.8241192478 21.7762710711 0.283782866279 2.16427766408 2.38290614043 39.6531161959 40.4861667817 40.7922849271 41.0970323713 41.4457237115 162.538139868 0.510613546255 349.816186117 0.479764892533 0.164508118021 2.54316795694 2.28458896126 0.294998741811 1.34195260522 1.92162199139 1.90960569107 1.32484348469 2.16464221366 3.42012056542 1.26774994117 3.34840572289 0.258084720767 0.349238370875 0.0593969536482 0.0492749540462
-9999.0 -9999.0 -9999.0 -9999.0 -9999.0 -9999.0 -9999.0 -9999.0 -9999.0 -9999.0 -9999.0 -9999.0 1.00283649375 1.98150094104 0.90467061872 1.8224572718 0.830742356414 6.21869519396 7.84309156205 8.67490011759 0.765535912519 1.41487354991 14.2720829241 17.5117923763 18.0870264631 1.39137264282 1.31917479992 1.7833227794 0.192985971653 0.176525402221 0.330387322612 0.221052789411 21.957103102 22.2170728475 22.533329227 163.005592024 352.265441235 350.033045982 0.255737431411 0.108461264275 0.0951878372412 0.490219796497 0.400024611122 1.50505040151 2.23718037663 4.56285916407 0.412698756184 0.412831815376 3.73670357724 4.05285718638 8.03238952333 8.24835651023 8.66152729097 8.77558809489 0.105753402506
-9999.0 -9999.0 -9999.0 -9999.0 -9999.0 -9999.0 -9999.0 -9999.0 -9999.0 -9999.0 -9999.0 -9999.0 -9999.0 0.926144291417 1.84887983663 2.77563284231 4.49231587234 0.90804308187 0.836026328501 6.116966046 6.87274513204 13.1194450566 13.8451483563 2.03493037652 0.713981305477 0.688592495842 0.640903205368 20.5777400236 20.9286762259 21.1543695687 21.3154264397 21.7213309219 3.02139091884 3.38564995652 26.3350535776 541.843294866 1.63567527897 1.24114467013 0.453641644773 0.138341400778 0.0933713648954 0.681992844009 0.755228000575 1.66828495835 0.0797737376027 4.68548564573 0.623652464823 0.60824517696 0.0790316671687 0.0560920773101 0.052629875831 0.107807206391 0.0541934032152 8.83003312891 118.879476758
-9999.0 -9999.0 -9999.0 -9999.0 -9999.0 -9999.0 -9999.0 -9999.0 -9999.0 -9999.0 -9999.0 -9999.0 -9999.0 -9999.0 0.902695627043 1.83790427087 2.70807856283 3.61133230767 4.45002532236 5.3100756228 2.46774464108 4.06605568693 0.720507841592 0.697807875202 17.355584433 18.6923002965 19.323442518 20.0143882385 0.522190500871 0.904338116721 2.28276654526 2.50363256211 2.72703779478 0.389211686307 0.414812811535 543.039373709 0.42017787563 0.525484219903 0.2741669207 0.666481127145 0.293435504459 0.219123447585 2.58953564563 2.80708524287 0.130373687683 4.84588268023 5.53945188224 0.683093788549 122.445512388 122.301687286 122.178214704 121.825113085 121.607572184 119.360411248 119.175164408
-9999.0 -9999.0 -9999.0 -9999.0 -9999.0 -9999.0 -9999.0 -9999.0 -9999.0 -9999.0 -9999.0 -9999.0 -9999.0 -9999.0 0.230422569261 0.515517757067 0.86195294155 7.97165136978 8.82326555484 0.858478479112 0.827681750088 0.797807047225 14.565532286 16.0256929423 0.685611642459 0.702064900206 0.580433965211 2.36464015883 2.93695989007 1.50956020617 1.83208235454 13.7474438133 14.1263875909 15.0132531126 23.4057943395 566.721372158 0.446986554918 0.245909268139 1.09244571686 0.875918046935 0.169874185758 0.573243723132 0.751152194827 3.0086274607 3.18730323956 9.07308920244 5.61269678075 0.757503377832 125.367006648 1.48575681666 122.047815712 121.942601845 2.07541613455 0.140694447399 0.137700368633
-9999.0 -9999.0 -9999.0 -9999.0 -9999.0 -9999.0 -9999.0 -9999.0 -9999.0 -9999.0 -9999.0 -9999.0 -9999.0 -9999.0 1.17748258379 1.92501500518 3.99739560161 7.03699015128 9.65645789847 11.4673712611 12.2811401923 13.1044354065 13.8694825697 0.715624239581 0.66126284872 1.28821208047 1.18304008866 0.607685946255 11.9942852641 12.5556976718 13.0818754579 13.5716024735 7.03709472347 7.31281769987 7.90316286052 566.957792712 0.750946285293 0.742539745058 1.96205075409 0.192801206141 0.415496646633 0.228660916349 0.165622369726 0.944046294537 0.145961478018 0.153823344212 135.274046644 126.075735113 125.918786923 0.584744964041 1.37543786589 0.849267929138 0.167428660172 1.73929496287 0.418646790588
-9999.0 -9999.0 -9999.0 -9999.0 -9999.0 -9999.0 -9999.0 -9999.0 -9999.0 -9999.0 -9999.0 -9999.0 -9999.0 -9999.0 0.81988441446 0.765966193708 1.49963615593 2.2837481629 0.892799487168 0.868907164338 1.67014458518 2.46729713636 3.91479891012 4.63501812946 5.30829886807 7.2874018176 7.89417466241 8.51387229006 0.555016065901 5.77911303879 6.22964439816 6.5436036414 0.17680390805 0.0738622282726 0.184203908883 574.832520263 575.061599842 576.282048014 2.51155681855 0.394670580958 0.721710732611 0.209495177208 0.302330136515 1.09358397226 1.36544535484 0.283470701525 136.008738174 0.257924201813 0.341379607019 0.364061115801 0.31816457351 0.516692530316 0.221819746864 1.2223239619 0.841198898488
-9999.0 -9999.0 -9999.0 -9999.0 -9999.0 -9999.0 -9999.0 -9999.0 -9999.0 -9999.0 -9999.0 -9999.0 -9999.0 -9999.0 -9999.0 0.728843059083 1.44378398048 0.711719717645 1.46466828589 9.165538502 9.96535296012 10.7604867766 0.72423549182 0.726546327071 1.39412410021 2.05887672745 3.239974555 3.82727446704 4.14741406133 4.67331022599 0.454669180391 0.359903714817 6.98515289314 7.06194882507 7.24122834156 7.44904810473 6.2768857694 583.419172406 587.237159857 587.419628764 588.309575782 589.154989555 589.665568798 0.161540630034 1.50013350921 136.170178876 0.392121836699 0.200707302134 0.236580876525 0.211452139616 0.353501011517 0.276693478195 0.157095184504 0.21747081895 0.179756211272
-9999.0 -9999.0 -9999.0 -9999.0 -9999.0 -9999.0 -9999.0 -9999.0 -9999.0 -9999.0 -9999.0 -9999.0 -9999.0 -9999.0 -9999.0 -9999.0 2.14516552966 2.91161389805 5.19278484229 6.89592084852 0.908160269172 12.4957941168 13.2045865833 13.9108934799 0.686582734702 1.35234272448 0.601777024472 4.4866337549 4.7793062671 5.24743281993 5.71830875591 6.77971515179 6.86792702924 0.0682811526331 5.42955155359 5.85320920172 6.07475801047 6.90427763676 1.08566527871 0.700224169551 0.421575658982 0.386001793777 590.248765986 590.571089418 593.269487578 136.352147914 1.07227586436 0.522504283222 0.362826173455 0.103444337566 0.935085145411 0.454266626997 0.145679047306 0.760419069766 0.634500522796
-9999.0 -9999.0 -9999.0 -9999.0 -9999.0 -9999.0 -9999.0 -9999.0 -9999.0 -9999.0 -9999.0 -9999.0 -9999.0 -9999.0 -9999.0 -9999.0 0.783288820956 3.67294409529 4.47214817102 0.951691639548 0.790555095753 1.57298419259 2.28088969205 16.9062424833 0.681011180753 2.73412504859 3.35119297925 3.95563013793 0.311496524361 0.748990483686 0.934376836169 4.40802772619 4.77931903128 4.94744478089 0.203813205551 0.199357801688 0.220618152267 0.401435498101 0.165687384704 0.180182070581 0.344191957271 0.255859874852 0.319750455064 0.987335832029 593.565976078 730.670030477 1.3738054732 0.232854564352 0.129046193083 2.78819637481 2.56280306811 1.469030869 1.30482770506 0.955614291738 0.217137658971
-9999.0 -9999.0 -9999.0 -9999.0 -9999.0 -9999.0 -9999.0 -9999.0 -9999.0 -9999.0 -9999.0 -9999.0 -9999.0 -9999.0 -9999.0 0.654333182692 2.16219714605 0.719104198748 0.942489988619 0.861879466551 1.65695452479 2.41609181234 3.1749054105 20.8230823967 21.4783745234 0.671465136891 1.2891677746 1.90978087858 2.30958394377 2.71525957162 3.78880317038 4.22210317684 0.14174437849 0.221400092582 0.235557669784 0.293968532187 0.355750114026 0.34188495064 0.316795168883 0.348607436577 1.36010336409 0.609335352024 0.311516756152 0.304168049403 0.259831209943 0.487586157647 739.488031967 7.25070711013 3.4941636267 0.357262851803 0.161419181496 0.131289911153 0.416372326751 0.274142626121 0.132303626718
-9999.0 -9999.0 -9999.0 -9999.0 -9999.0 -9999.0 -9999.0 -9999.0 -9999.0 -9999.0 -9999.0 -9999.0 -9999.0 -9999.0 0.67395121698 1.32811094741 4.87375970939 0.713941605708 1.87702308895 2.72031264165 3.51057635658 0.807000876566 1.52236554035 2.31910864488 24.5000319321 0.643272962766 1.23389324983 1.82762151105 0.530209238665 1.03573532219 1.16466741565 1.54737148227 43.6004739247 44.133115058 44.7236137675 47.3495064391 48.2809460379 50.3230470702 0.760897901389 1.54678626116 1.73976680234 57.2949505966 57.8595708245 0.284366274879 0.479490263552 0.670193535651 739.723045481 6.8682680817 2.90470349083 2.71701219784 2.45564100491 2.26928678013 0.554525326441 0.143096721669 0.250709444836
-9999.0 -9999.0 -9999.0 -9999.0 -9999.0 -9999.0 -9999.0 -9999.0 -9999.0 -9999.0 -9999.0 -9999.0 -9999.0 -9999.0 0.678390401411 2.07465962385 7.63942647641 11.306640977 0.651557492648 15.0097046415 19.2628673557 0.752600612814 1.45108118956 2.23060361445 30.9117266399 31.6011123736 0.584544730927 3.00421346985 3.53498817506 3.91935060466 40.5999575673 41.2680607203 41.8549266777 0.30833372403 1.80450368081 2.15582569132 0.986043356903 1.42929000072 52.3582042158 54.5675666188 54.9432895924 55.3051497826 58.3559385673 0.242841776028 0.216976096793 1.08178844589 740.013133118 0.27092814216 0.0353429638558 0.0996617501364 0.039955969043 1.99187744373 1.87173304749 1.10539605177 0.768256157217
-9999.0 -9999.0 -9999.0 -9999.0 -9999.0 -9999.0 -9999.0 -9999.0 -9999.0 -9999.0 -9999.0 -9999.0 -9999.0 -9999.0 -9999.0 -9999.0 1.48453974483 3.00222748654 13.4795092055 14.2648738922 19.9556583084 20.7105043151 0.737291056477 1.47272255141 3.54357590673 32.2970284767 33.5531944908 34.0869380102 0.444594599049 35.8395907824 36.4860816776 0.456399518612 0.307109528829 0.60525903883 1.18117343492 0.283599365787 0.582673279145 1.34418802149 1.69551865349 0.315572753448 0.232939087591 0.473480307965 59.9886284191 60.5487665127 60.7431161811 62.3047929064 740.275315948 0.193440877672 0.0196493661906 0.0240919734998 0.0231735498565 0.0242578940252 0.0196934666705 0.0349738237925 0.12433485159
-9999.0 -9999.0 -9999.0 -9999.0 -9999.0 -9999.0 -9999.0 -9999.0 -9999.0 -9999.0 -9999.0 -9999.0 -9999.0 -9999.0 -9999.0 -9999.0 0.78184106593 0.766115180952 0.767386907146 1.5809818726 0.709438464408 22.1141978309 22.8098112195 0.721532374116 1.39246647606 0.708507312793 0.614540422916 0.601091564482 35.0449836523 0.185445049857 0.365795049627 0.292100556706 0.324840430155 0.293212447094 0.24246534336 0.249964095932 0.758817550346 1.03247349644 0.214600955863 0.195925874606 0.415441287453 0.673593202416 0.842243357921 0.235400262926 60.9976268148 62.5172255894 740.484830142 0.4390521204 0.0549414944994 0.0101157251181 0.0300594872868 0.00723479569343 0.00486489941366 0.0408411848389 0.596548430548
-9999.0 -9999.0 -9999.0 -9999.0 -9999.0 -9999.0 -9999.0 -9999.0 -9999.0 -9999.0 -9999.0 -9999.0 -9999.0 -9999.0 -9999.0 -9999.0 -9999.0 -9999.0 0.759980597482 2.28529388675 2.92414039494 3.60938170427 23.4735504922 24.1237776345 24.7918748717 25.5461081991 26.1348027262 27.34046757 27.5473659413 27.7085573948 27.9208269462 0.296801157959 0.281289309426 0.29101766891 1.04253864204 0.270934389474 0.260361483813 0.217272566157 0.637194602164 0.243678791846 0.199482108329 0.187854064347 0.160487042811 0.320411054258 0.465224232597 63.4990856148 804.643439149 0.187232729644 0.399192244372 0.00658337759358 0.039088600908 0.0189639198173 0.00982312620653 1.10899259877 0.974209276139
-9999.0 -9999.0 -9999.0 -9999.0 -9999.0 -9999.0 -9999.0 -9999.0 -9999.0 -9999.0 -9999.0 -9999.0 -9999.0 -9999.0 -9999.0 -9999.0 -9999.0 -9999.0 -9999.0 0.640683496534 5.04237442593 10.0428855712 10.7739947883 0.865517935247 1.58740113304 2.25479465436 2.84165700857 6.59448651055 6.89703163851 0.298675183934 0.289530545779 28.5749602176 29.1577258452 29.4200898352 1.26080306753 0.20773820197 0.488912595507 0.718984318544 2.11756580743 2.58531335506 2.97394803065 0.362338023394 0.512596021737 0.174088158061 0.344140387694 0.175073804783 805.008278168 0.18882942218 0.750989640366 0.217497129663 0.360716997955 1.21305525976 1.31115904428 2.50923018097 0.959322148683
-9999.0 -9999.0 -9999.0 -9999.0 -9999.0 -9999.0 -9999.0 -9999.0 -9999.0 -9999.0 -9999.0 -9999.0 -9999.0 -9999.0 -9999.0 -9999.0 -9999.0 -9999.0 0.708812253026 2.247642551 4.41080677748 5.77276577918 14.957266938 15.7551615339 1.38062655443 2.04817585896 2.61835285143 3.20022027955 7.13287217873 7.7111128814 12.9287226564 13.3451734403 13.6604258501 29.6907534622 31.6779355661 0.481404355068 0.296152072865 0.286784178382 0.554757563581 0.256764491155 3.46445449136 3.65333441413 0.685851086348 0.870280135672 0.226356956963 175.756244646 176.155274881 981.447425286 982.477354892 0.17993440608 0.727165543557 0.36631391302 0.299968567806 3.00189574504 4.10396830433
-9999.0 -9999.0 -9999.0 -9999.0 -9999.0 -9999.0 -9999.0 -9999.0 -9999.0 -9999.0 -9999.0 -9999.0 -9999.0 -9999.0 -9999.0 -9999.0 -9999.0 -9999.0 -9999.0 0.799489145504 0.781510930415 1.48515064363 3.53638172262 16.4163843117 0.704968951196 0.696124102426 1.285808111 1.86116723961 4.23039341455 4.50500591391 0.17768329726 0.265511400674 14.0081003035 14.2994142225 46.2547818402 46.5228285844 0.199127458636 0.181197148317 0.158950491808 0.160260332344 0.164346609057 172.291294934 173.430151379 174.467400675 174.855688899 175.565650694 0.200142329971 0.761189793631 0.977693349988 983.899483151 984.07303007 984.234661183 984.434105068 984.597377115 4.34834256998
-9999.0 -9999.0 -9999.0 -9999.0 -9999.0 -9999.0 -9999.0 -9999.0 -9999.0 -9999.0 -9999.0 -9999.0 -9999.0 -9999.0 -9999.0 -9999.0 -9999.0 -9999.0 -9999.0 -9999.0 0.72264426427 0.753398761266 1.40424383003 19.1628546644 19.881863035 0.685403018484 1.27239532877 1.85504009247 2.1342122866 0.22133125117 0.533734746197 41.2974928727 41.5952984415 41.8705318015 43.9401145536 90.7135200039 165.07581524 165.518819088 165.932059829 166.331226631 167.940841677 168.442551578 0.96348836261 0.447344045646 0.249285961908 0.475997548036 0.382836467477 0.594374114226 0.185146595948 4.3598633799 4.99647985828 5.49387321618 5.60980540723 984.746801408 989.342931101
-9999.0 -9999.0 -9999.0 -9999.0 -9999.0 -9999.0 -9999.0 -9999.0 -9999.0 -9999.0 -9999.0 -9999.0 -9999.0 -9999.0 -9999.0 -9999.0 -9999.0 -9999.0 -9999.0 -9999.0 -9999.0 0.735782192306 1.41406582203 2.09536942944 20.456884839 0.70634637672 27.7798824483 28.386214342 28.6102803293 28.9318113269 40.060233443 40.4233827524 0.323892778933 1.52904157393 1.85671436691 0.32302915852 73.9139627287 73.3192904599 0.211570970266 0.471808402994 1.24987213514 0.268990218126 0.282831635161 0.231894183532 0.205027347005 0.168435807424 0.188718798232 3.7315848853 3.92245443881 4.14377472362 0.422660234396 0.314378328397 5.79481335445 5.97046963733 6.06091995425
-9999.0 -9999.0 -9999.0 -9999.0 -9999.0 -9999.0 -9999.0 -9999.0 -9999.0 -9999.0 -9999.0 -9999.0 -9999.0 -9999.0 -9999.0 -9999.0 -9999.0 -9999.0 -9999.0 -9999.0 -9999.0 0.675127137685 0.636390969067 3.29237972155 25.0973247121 26.4725085799 27.1988319365 0.648797522624 10.5829751195 10.7606919023 10.8628874114 0.323495005333 0.684419963724 1.00596868129 17.0119819462 17.2714822496 17.5054058729 72.8736772162 45.3249450941 0.257146420213 0.26413407547 0.254803226714 0.215855536225 2.24237704392 2.69220088626 3.09715353928 3.31703983488 3.53061375305 19.9610861138 20.1311504793 20.3069438605 20.695128907 22.9316700194 23.0478128052 29.231741373
-9999.0 -9999.0 -9999.0 -9999.0 -9999.0 -9999.0 -9999.0 -9999.0 -9999.0 -9999.0 -9999.0 -9999.0 -9999.0 -9999.0 -9999.0 -9999.0 -9999.0 -9999.0 -9999.0 -9999.0 -9999.0 -9999.0 1.32333133885 2.0206419727 0.744684960885 0.702451402222 8.40291909122 9.08524973797 9.57601692765 3.67193105989 3.84309763126 4.0698087678 4.40081950523 16.4341329212 16.7669878154 9.24441912564 27.0388530027 27.3138211307 45.1066296275 0.549403106002 0.277665014533 0.216728845466 1.54950071306 1.81357100915 0.186260434656 0.176367339389 19.170134085 19.5915247414 19.8041168938 0.18596456834 0.273617960019 22.5012106112 0.239846634678 0.975088008393 1.07757614243
-9999.0 -9999.0 -9999.0 -9999.0 -9999.0 -9999.0 -9999.0 -9999.0 -9999.0 -9999.0 -9999.0 -9999.0 -9999.0 -9999.0 -9999.0 -9999.0 -9999.0 -9999.0 -9999.0 -9999.0 -9999.0 -9999.0 0.663867900264 1.31537468985 5.56918364403 6.32035338842 7.06126531453 2.92236885128 3.49364282593 0.193615643905 11.3205675553 11.4990027656 11.7059329288 0.285354453579 8.61396007591 8.95453870477 0.280509540896 43.7011632312 0.589073218361 0.292553695664 0.827843284649 1.10623767937 0.230223099613 0.197865828545 17.0635877648 18.7747583504 19.0190035125 0.240243560718 0.578495347466 0.727951449982 0.889205234836 1.67488875616 0.360412485942 0.80127077146 0.153081015305
