data/baseflow/History/mHMbfrc463
ncols                  80
nrows                 72
xllcorner      4374000.0
yllcorner      5656000.0
cellsize            500
NODATA_value       -9999
[rows 24 to 47 of 72, columns 0 to 54 of 80]
-9999.0 -9999.0 -9999.0 -9999.0 -9999.0 -9999.0 -9999.0 -9999.0 -9999.0 -9999.0 -9999.0 -9999.0 1.04094726652 2.81237137721 3.67189091731 6.23276455309 0.751869039792 1.5358676251 2.27580985008 8.72810281903 9.28960042117 9.66421053756 10.2091193593 10.8762840186 17.5381235535 19.4494507489 20.4822717421 0.386914966748 2.25242235361 2.62863155858 38.1164380874 39.3742307217 39.9523976859 40.5363815065 41.0585829089 148.651376467 0.276838684073 309.95309578 0.595162859994 0.263560105671 2.66499399023 2.31106155151 0.30745984903 1.32016538911 1.97162083824 1.95177128903 1.31417210406 2.14225218244 3.37222807184 1.2079389888 3.19095427985 0.251284704677 0.349644714094 0.0876693548642 0.0703872830798
-9999.0 -9999.0 -9999.0 -9999.0 -9999.0 -9999.0 -9999.0 -9999.0 -9999.0 -9999.0 -9999.0 -9999.0 0.961581452853 1.8909544679 0.855954522987 1.72175380172 0.742213758266 5.80880368601 7.27521220325 8.04036525987 0.697605107109 1.28915117656 13.3951893117 16.4567067969 16.9582690008 1.29817757275 1.17016818786 1.62528692567 0.319384477794 0.282098341567 0.536800295593 0.258825002077 21.4678786911 21.7321950495 21.9744640412 148.990513443 312.218533237 310.222978784 0.396610493272 0.191142129274 0.166701928837 0.623943724979 0.484339888059 1.55225938304 2.2847318435 4.62826008218 0.388895676085 0.385784990397 3.68803294696 4.01848968259 7.83005698053 8.04989442212 8.49537293376 8.65847504639 0.144429233008
-9999.0 -9999.0 -9999.0 -9999.0 -9999.0 -9999.0 -9999.0 -9999.0 -9999.0 -9999.0 -9999.0 -9999.0 -9999.0 0.843052779249 1.72938533333 2.63583557713 4.22807716962 0.845592715195 0.766562584918 5.63147275951 6.33062892495 12.2403290524 12.9645259523 1.98159400904 0.69437533958 0.631999738633 0.578453395827 19.6939248786 20.0742607638 20.4118095378 20.6906502541 21.2177508719 3.26282711999 3.54866022065 25.7770069441 487.153459724 1.55413996359 1.26797292489 0.62449871452 0.167460023883 0.136635616539 0.952283398997 1.05764375534 1.81132365258 0.125096809824 4.78553285691 0.613184309578 0.594763176741 0.113089481851 0.0776545940229 0.0721041359889 0.0837841750225 0.0804331989638 8.7431765497 122.877142554
-9999.0 -9999.0 -9999.0 -9999.0 -9999.0 -9999.0 -9999.0 -9999.0 -9999.0 -9999.0 -9999.0 -9999.0 -9999.0 -9999.0 0.853054031879 1.73244889886 2.53064172755 3.33397156074 4.10544684617 4.90975477042 2.32543854014 3.89106056185 0.701410341389 0.667556516355 16.5132741093 17.865041906 18.4985014137 19.1859600191 0.504741571606 0.884727843936 2.30732966905 2.65404485859 2.97487200111 0.351499665473 0.274321561853 487.968161318 0.286796387443 0.403034986908 0.187726429327 0.596626239264 0.275553676293 0.153062176574 3.03505080712 3.18469097565 0.0980933655774 4.90238024567 5.59111942577 0.669002037003 127.240144439 127.055783882 126.888053342 126.504840004 126.344347842 123.345427853 123.247152694
-9999.0 -9999.0 -9999.0 -9999.0 -9999.0 -9999.0 -9999.0 -9999.0 -9999.0 -9999.0 -9999.0 -9999.0 -9999.0 -9999.0 0.211292069453 0.472283070106 0.806789215965 7.26497017265 8.04364061127 0.799906286805 0.795391940707 0.779212880637 13.6452429206 15.1618936634 0.745390858671 0.756146283486 0.562617201341 2.31688039748 2.89253902086 1.49674061136 1.8677145585 13.8539980492 14.2600521718 15.12469934 23.8517537857 512.029247122 0.308297988717 0.147073503185 0.87854948529 0.738038587047 0.141196454723 0.451904697304 0.601543020239 3.34758148072 3.47923584227 9.3295470915 5.64553161935 0.724257901695 129.725893038 1.17601753437 126.728599802 126.624170147 2.84121681288 0.113822776729 0.225853504322
-9999.0 -9999.0 -9999.0 -9999.0 -9999.0 -9999.0 -9999.0 -9999.0 -9999.0 -9999.0 -9999.0 -9999.0 -9999.0 -9999.0 1.08888946056 1.77570945289 3.67246312447 6.42257853842 8.79360617162 10.5796492346 11.3622670954 12.1692509985 12.9628977077 0.731485702269 0.662788131731 1.2789715338 1.17261572222 0.601882341272 12.0930185784 12.6452289937 13.1641307844 13.6507371949 7.49073720234 7.88265716847 8.38315787089 512.214466034 0.546479447408 0.519544432739 1.51195378758 0.128319247134 0.317806118841 0.172011875227 0.135784621321 0.746991978489 0.102849610471 0.109520795649 139.714505285 130.301785718 130.187147421 0.510445279467 1.10590805787 0.708965651313 0.158924208409 2.59379925729 0.697412117882
-9999.0 -9999.0 -9999.0 -9999.0 -9999.0 -9999.0 -9999.0 -9999.0 -9999.0 -9999.0 -9999.0 -9999.0 -9999.0 -9999.0 0.758739632089 0.695803709584 1.36125911825 2.0850281412 0.929759328514 0.933013479137 1.75045169137 2.53971310816 4.02415165941 4.76929748049 5.44583646251 7.43324581952 8.04288782397 8.68866645723 0.578547374819 5.89623514074 6.37489759587 6.80526544237 0.330467570404 0.145578728617 0.269205979932 520.734259961 520.911985816 521.819703028 1.92327070729 0.290535089086 0.469198962484 0.114099399871 0.241095043045 0.861257775225 1.0573571579 0.198259067607 140.228554163 0.171198802896 0.279454703056 0.318141763016 0.232409531167 0.427783411082 0.174850775243 1.75311953119 1.37209510143
-9999.0 -9999.0 -9999.0 -9999.0 -9999.0 -9999.0 -9999.0 -9999.0 -9999.0 -9999.0 -9999.0 -9999.0 -9999.0 -9999.0 -9999.0 0.65126538797 1.28624981062 0.644004424401 1.33916170354 8.32594340896 9.08345284594 9.83283397434 0.750296783669 0.750262979835 1.41905544002 2.09587844223 3.26564830657 3.8576763435 4.23198758014 4.77484422091 0.430029472085 0.37109735317 7.52757926889 7.71772845397 7.87890248823 8.05849990839 6.68796774343 529.27428738 532.307311007 532.438832769 533.013432756 533.5876496 533.946075725 0.0996330726385 1.15017577547 140.323987914 0.234623858186 0.121092564486 0.135035782967 0.126096467288 0.219653180704 0.212306386835 0.128607265632 0.207381342962 0.196542447575
-9999.0 -9999.0 -9999.0 -9999.0 -9999.0 -9999.0 -9999.0 -9999.0 -9999.0 -9999.0 -9999.0 -9999.0 -9999.0 -9999.0 -9999.0 -9999.0 1.90772309198 2.58617427554 4.63695033721 6.23318960254 0.885257751384 11.6010985039 12.3405173213 13.0334801172 0.701026870785 1.36446607499 0.597239327266 4.55784853179 4.87299654241 5.39125601376 5.93580786068 7.07328071325 7.30570067571 0.142176743855 5.9657596877 6.32929215938 6.51671999315 7.26745630043 0.932490963392 0.578376574752 0.332401156453 0.305795609954 534.310420547 534.473289402 536.407148857 140.422652932 0.662643770881 0.340600952498 0.22615674514 0.0701646138299 0.673432130616 0.36025557905 0.113949832327 0.654853992738 0.561485240347
-9999.0 -9999.0 -9999.0 -9999.0 -9999.0 -9999.0 -9999.0 -9999.0 -9999.0 -9999.0 -9999.0 -9999.0 -9999.0 -9999.0 -9999.0 -9999.0 0.685961465161 3.2643487852 3.99665915552 0.908209138393 0.794429894402 1.61512536584 2.36130490582 16.1168381401 0.687745257834 2.77944599171 3.40824074445 4.02243701503 0.353998009729 0.813942157711 1.04224503021 4.74279686024 5.2824214037 5.45602360817 0.194468545564 0.173048221935 0.20627032033 0.383089170915 0.163008549957 0.164191176982 0.230285318932 0.17693242876 0.2341623613 0.665623388534 536.602197092 677.481816876 0.795922868197 0.141056010435 0.0683773185901 2.17424505978 2.01725350837 1.22466820534 1.10289567313 0.827110410304 0.20840873045
-9999.0 -9999.0 -9999.0 -9999.0 -9999.0 -9999.0 -9999.0 -9999.0 -9999.0 -9999.0 -9999.0 -9999.0 -9999.0 -9999.0 -9999.0 0.560923057579 1.86148890338 0.61560024519 0.919384225959 0.876625651591 1.70176050063 2.50342347658 3.25730556566 20.0302336998 20.6862228907 0.680606840869 1.31131485395 1.95073595347 2.37928881456 2.82710876488 4.16557160063 4.56218182793 0.316306289072 0.236641469322 0.180543476901 0.191249970478 0.2300549679 0.285003563242 0.25180272596 0.299823761151 0.815092433282 0.35842857555 0.167195018469 0.160392247525 0.160811445378 0.297788789142 684.091785429 5.70312365275 2.54821272922 0.20254392663 0.0856798250184 0.0793677728773 0.286926704057 0.200275238435 0.103053119025
-9999.0 -9999.0 -9999.0 -9999.0 -9999.0 -9999.0 -9999.0 -9999.0 -9999.0 -9999.0 -9999.0 -9999.0 -9999.0 -9999.0 0.603340755328 1.14031149526 4.15284683691 0.578574894742 1.75226585894 2.58833348336 3.37476802055 0.835031892993 1.56409000583 2.31828654219 23.6200402846 0.630811273727 1.20855664856 1.79386439231 0.516706958633 1.01554696725 1.27312915938 1.622540507 43.1344075436 43.6503490515 44.1144804953 46.475310111 47.1018914157 48.8012736762 0.450969055472 0.983780646609 1.01625706233 53.7922231823 54.1004281007 0.147177617947 0.25880122724 0.365680658183 684.216217654 5.45660471719 2.66324005653 2.56567704276 2.00266921452 1.73651541435 0.38068399494 0.0915703972602 0.176302073476
-9999.0 -9999.0 -9999.0 -9999.0 -9999.0 -9999.0 -9999.0 -9999.0 -9999.0 -9999.0 -9999.0 -9999.0 -9999.0 -9999.0 0.611279185945 1.8473064177 6.59936650643 9.67826652084 0.496049361603 12.6700729967 16.6825971984 0.770430522917 1.48727491346 2.24711261829 30.1065628942 30.7223884205 0.532504911853 2.86833880554 3.35928903289 3.76540741906 39.6162025204 40.6466207001 41.2715764515 0.296972132913 1.67332803065 2.00364289104 0.869390188629 1.24832138847 50.5356250993 52.0503444511 52.3492559085 52.6264690488 54.4108309194 0.150590380798 0.1346454207 0.60857724409 684.368794098 0.150238795524 0.162430619671 0.479662480111 0.191036750021 1.58113105962 1.25398783263 0.741474534192 0.538426164605
-9999.0 -9999.0 -9999.0 -9999.0 -9999.0 -9999.0 -9999.0 -9999.0 -9999.0 -9999.0 -9999.0 -9999.0 -9999.0 -9999.0 -9999.0 -9999.0 1.26889249297 2.54218758966 11.4284610769 12.0782963315 17.2353932256 17.8815784721 0.78593011665 1.57248046412 3.70542584439 31.2667648342 32.3988815055 32.842404743 0.360996908119 34.4852755144 35.5368457995 0.680439523122 0.300780453615 0.579513496963 1.13301545883 0.278896880622 0.555704585997 1.20094092344 1.49758214569 0.284846364944 0.183054260283 0.358104456544 55.7378533631 56.1078007813 56.2214064534 57.1570104064 684.505630851 0.0902990040029 0.0997658986588 0.126050002887 0.122566694119 0.127204203587 0.109179308959 0.198283121663 0.0709567968859
-9999.0 -9999.0 -9999.0 -9999.0 -9999.0 -9999.0 -9999.0 -9999.0 -9999.0 -9999.0 -9999.0 -9999.0 -9999.0 -9999.0 -9999.0 -9999.0 0.659622487855 0.640424116001 0.62902304376 1.29178822126 0.558034416813 18.9921221816 19.5800573839 0.723711282104 1.44768308205 0.70067533536 0.571963276951 0.550058538415 33.7905799781 0.333492294843 0.713382530179 0.369693215103 0.320913206104 0.276011893702 0.212115232183 0.223426052969 0.70660718423 0.978844624433 0.185511706098 0.152809301993 0.343005797081 0.588155300468 0.756498076871 0.193101752251 56.4159988687 57.2793920788 684.604639259 0.431783114022 0.26345521205 0.0644148883239 0.171448600341 0.0505978473277 0.0394546394695 0.243151959223 0.370064858984
-9999.0 -9999.0 -9999.0 -9999.0 -9999.0 -9999.0 -9999.0 -9999.0 -9999.0 -9999.0 -9999.0 -9999.0 -9999.0 -9999.0 -9999.0 -9999.0 -9999.0 -9999.0 0.629198756741 1.85606367383 2.34038857499 2.87667537607 20.1153222059 20.6691333829 21.2373667299 21.9175864014 22.4501688823 23.5616683888 23.8824834588 24.1877864923 24.4516933094 0.255538650094 0.246442872451 0.267641491754 0.94189803505 0.256350834439 0.25087082057 0.185873825161 0.549092547025 0.216558186541 0.164060153107 0.149501107854 0.125589014094 0.250523204253 0.36649767153 58.0516301167 743.197955388 0.0753205541295 0.179352340448 0.0478483757319 0.228157058345 0.115416851744 0.0794672122113 0.902320967216 0.603743628284
-9999.0 -9999.0 -9999.0 -9999.0 -9999.0 -9999.0 -9999.0 -9999.0 -9999.0 -9999.0 -9999.0 -9999.0 -9999.0 -9999.0 -9999.0 -9999.0 -9999.0 -9999.0 -9999.0 0.497996268205 4.08445650638 8.06474496528 8.62692976537 0.8524131601 1.61038309093 2.32783139188 2.89856773591 6.8155049703 7.08454003293 0.258324468906 0.266656836652 24.9724452686 25.4415206491 25.6647570487 1.1165947585 0.149288619384 0.41158774229 0.604088395619 1.83253244767 2.24986788988 2.56882822317 0.286537944135 0.399434782839 0.139552544847 0.281167216037 0.147777690329 743.470698742 0.0760990542445 0.319302347151 0.148288274522 0.443730647772 0.876774033428 1.002798538 1.95014678168 0.70541961841
-9999.0 -9999.0 -9999.0 -9999.0 -9999.0 -9999.0 -9999.0 -9999.0 -9999.0 -9999.0 -9999.0 -9999.0 -9999.0 -9999.0 -9999.0 -9999.0 -9999.0 -9999.0 0.574866557067 1.85128882676 3.60006495932 4.67890971397 11.9320607634 12.6455484597 1.52283299278 2.24924424952 2.84381317506 3.42104081833 7.37829318065 7.91258628004 13.9100340781 14.3702882464 14.5961404335 25.8906227362 27.5668847314 0.375469943742 0.275081641361 0.257468936188 0.497593662782 0.227180750049 3.0081662857 3.16260854666 0.524461404001 0.641897097297 0.12524901522 172.344587673 172.647645614 916.299680594 916.741358998 0.0707811899066 0.59120477077 0.104365493349 0.104152106369 2.16810851341 2.95479528801
-9999.0 -9999.0 -9999.0 -9999.0 -9999.0 -9999.0 -9999.0 -9999.0 -9999.0 -9999.0 -9999.0 -9999.0 -9999.0 -9999.0 -9999.0 -9999.0 -9999.0 -9999.0 -9999.0 0.667692050712 0.644629130038 1.19644813205 2.80930548416 13.1868538127 0.788235702695 0.776358419818 1.38455979206 2.00034663288 4.81376899027 5.22480219557 0.312118018372 0.321427911054 14.9449487997 15.177679664 42.9557749721 43.1388989123 0.136269879899 0.117264022866 0.10201410214 0.103174551673 0.121570827967 169.480218871 170.500316213 171.287788808 171.568796643 172.234871768 0.177444019858 0.644089929283 0.7829505707 917.805619599 917.880378159 917.946694254 918.058801985 918.213979629 3.09341765524
-9999.0 -9999.0 -9999.0 -9999.0 -9999.0 -9999.0 -9999.0 -9999.0 -9999.0 -9999.0 -9999.0 -9999.0 -9999.0 -9999.0 -9999.0 -9999.0 -9999.0 -9999.0 -9999.0 -9999.0 0.57368258553 0.609542848203 1.11358081311 15.3466924464 15.9549524817 0.754280886011 1.36111906236 1.99689370572 2.47298763698 0.393300333212 0.746602590677 35.8860211951 36.1416713564 36.3894863683 38.3738269394 81.730789744 163.164924857 163.518082792 163.849555944 164.167174002 165.661751384 166.155953324 0.88589348272 0.383299662704 0.236448357473 0.441137444197 0.319697633295 0.51181185588 0.161602406771 3.70874594965 4.05950214472 4.29036585581 4.35539937397 918.278226958 921.475773218
-9999.0 -9999.0 -9999.0 -9999.0 -9999.0 -9999.0 -9999.0 -9999.0 -9999.0 -9999.0 -9999.0 -9999.0 -9999.0 -9999.0 -9999.0 -9999.0 -9999.0 -9999.0 -9999.0 -9999.0 -9999.0 0.582403247012 1.10860069724 1.64100717544 16.4117906826 0.638162485418 22.4917291097 23.1524891674 23.5327687533 23.89291063 34.3568557891 34.7904436908 0.280509358549 1.45788049475 1.79040745112 0.303541161369 81.0922349212 80.5267558938 0.186980355879 0.437527487545 1.20171813322 0.271294227505 0.287946281432 0.194732616954 0.163578321548 0.121689047867 0.149690167398 3.19485205043 3.35661700144 3.5570299481 0.228112416535 0.139657739993 4.42916304734 4.52075786476 4.56901966701
-9999.0 -9999.0 -9999.0 -9999.0 -9999.0 -9999.0 -9999.0 -9999.0 -9999.0 -9999.0 -9999.0 -9999.0 -9999.0 -9999.0 -9999.0 -9999.0 -9999.0 -9999.0 -9999.0 -9999.0 -9999.0 0.518255900453 0.480192689376 2.51132636201 20.0171408483 21.2211409193 21.9015424012 0.661498762094 9.4535808755 9.83909779483 10.039243222 0.38364664552 0.720936857127 0.989844677174 18.3412932979 18.5672495493 18.7736388316 80.1327045759 49.41144935 0.246781952396 0.260735540083 0.248418951076 0.189639070551 1.9573077132 2.33615399856 2.66189773328 2.85026163816 3.03051915922 20.9981931159 21.122244819 21.2887632816 21.6475397076 23.1143187094 23.1778581549 27.8169586674
-9999.0 -9999.0 -9999.0 -9999.0 -9999.0 -9999.0 -9999.0 -9999.0 -9999.0 -9999.0 -9999.0 -9999.0 -9999.0 -9999.0 -9999.0 -9999.0 -9999.0 -9999.0 -9999.0 -9999.0 -9999.0 -9999.0 1.0077853848 1.55052119089 0.608209962588 0.770074971034 7.19623409612 7.87504757428 8.35326486157 3.71347050873 4.07705580286 4.46656142041 4.77805309367 17.8302661184 18.1577155062 11.2134557923 30.2587496014 30.5092327346 49.2111448771 0.510336286653 0.261103434468 0.170997048559 1.34675793409 1.5897741549 0.13363497663 0.121190274331 20.3831172849 20.7110111116 20.8758766243 0.158318308321 0.251537772106 22.9314492192 0.125453928224 0.531717192472 0.583423849928
-9999.0 -9999.0 -9999.0 -9999.0 -9999.0 -9999.0 -9999.0 -9999.0 -9999.0 -9999.0 -9999.0 -9999.0 -9999.0 -9999.0 -9999.0 -9999.0 -9999.0 -9999.0 -9999.0 -9999.0 -9999.0 -9999.0 0.504982208694 0.997373375661 4.35626399906 5.00772164834 5.74460272183 2.82281866299 3.35923782051 0.392211847696 12.0295589065 12.3945205167 12.7623848366 0.319192277483 10.6145057977 10.9568732245 0.256574073421 47.87415697 0.578963328244 0.285044102199 0.726278418553 0.988409934864 0.192789945398 0.149143702995 18.6827326323 20.0859923405 20.284572148 0.202346096168 0.426345086294 0.53289430596 0.603484231298 1.17071093473 0.191209166649 0.438382376112 0.0863381084507
