data/baseflow/History/mHMbfrc392
ncols                  80
nrows                 72
xllcorner      4374000.0
yllcorner      5656000.0
cellsize            500
NODATA_value       -9999
[rows 0 to 23 of 72, columns 0 to 54 of 80]
-9999.0 -9999.0 -9999.0 -9999.0 -9999.0 -9999.0 -9999.0 -9999.0 -9999.0 -9999.0 -9999.0 -9999.0 0.97239517664 0.888951544466 -9999.0 -9999.0 -9999.0 -9999.0 -9999.0 -9999.0 -9999.0 -9999.0 -9999.0 -9999.0 -9999.0 -9999.0 -9999.0 -9999.0 -9999.0 -9999.0 -9999.0 -9999.0 -9999.0 -9999.0 -9999.0 -9999.0 -9999.0 -9999.0 -9999.0 -9999.0 -9999.0 -9999.0 -9999.0 -9999.0 -9999.0 -9999.0 -9999.0 -9999.0 -9999.0 -9999.0 -9999.0 -9999.0 -9999.0 -9999.0 -9999.0
-9999.0 -9999.0 -9999.0 -9999.0 -9999.0 -9999.0 -9999.0 -9999.0 -9999.0 -9999.0 -9999.0 -9999.0 1.99580665039 4.58741640013 0.780294657839 -9999.0 0.656237119691 -9999.0 -9999.0 -9999.0 -9999.0 -9999.0 -9999.0 -9999.0 -9999.0 -9999.0 -9999.0 -9999.0 -9999.0 -9999.0 -9999.0 -9999.0 -9999.0 -9999.0 -9999.0 -9999.0 -9999.0 -9999.0 -9999.0 -9999.0 -9999.0 -9999.0 -9999.0 -9999.0 -9999.0 -9999.0 -9999.0 -9999.0 -9999.0 -9999.0 -9999.0 -9999.0 -9999.0 -9999.0 -9999.0
-9999.0 -9999.0 -9999.0 -9999.0 -9999.0 -9999.0 -9999.0 -9999.0 -9999.0 -9999.0 0.940306674774 0.919049917018 0.979870134671 0.968563688261 6.40281624617 7.22274696865 1.85992700879 0.598071713177 -9999.0 -9999.0 -9999.0 -9999.0 -9999.0 -9999.0 -9999.0 -9999.0 -9999.0 -9999.0 -9999.0 -9999.0 -9999.0 -9999.0 -9999.0 -9999.0 -9999.0 -9999.0 -9999.0 -9999.0 -9999.0 -9999.0 -9999.0 -9999.0 -9999.0 -9999.0 -9999.0 -9999.0 -9999.0 -9999.0 -9999.0 -9999.0 -9999.0 -9999.0 -9999.0 -9999.0 -9999.0
-9999.0 -9999.0 -9999.0 -9999.0 -9999.0 -9999.0 -9999.0 -9999.0 -9999.0 0.904045603029 1.85252780094 3.68581434021 1.87531596872 0.906882438246 1.77977856048 8.07988505045 11.3798684043 0.688607273744 -9999.0 0.95533566448 -9999.0 -9999.0 -9999.0 -9999.0 1.30109318444 0.657656027395 -9999.0 -9999.0 -9999.0 -9999.0 -9999.0 -9999.0 -9999.0 -9999.0 -9999.0 -9999.0 -9999.0 -9999.0 -9999.0 -9999.0 -9999.0 -9999.0 -9999.0 -9999.0 -9999.0 -9999.0 -9999.0 -9999.0 -9999.0 -9999.0 -9999.0 -9999.0 -9999.0 -9999.0 -9999.0
-9999.0 -9999.0 -9999.0 -9999.0 -9999.0 -9999.0 -9999.0 -9999.0 1.07097379924 2.96603787289 3.86747584323 4.76919408319 6.43995975131 0.840343469466 3.43151247809 4.2553369836 17.2403394859 0.81686000464 0.783594946341 1.78493724671 2.60618220463 0.867003354536 -9999.0 3.46120394771 2.83246102149 0.797119379506 -9999.0 -9999.0 -9999.0 -9999.0 -9999.0 -9999.0 -9999.0 -9999.0 -9999.0 -9999.0 -9999.0 -9999.0 -9999.0 -9999.0 -9999.0 -9999.0 -9999.0 -9999.0 -9999.0 -9999.0 -9999.0 -9999.0 -9999.0 -9999.0 -9999.0 -9999.0 -9999.0 -9999.0 -9999.0
-9999.0 -9999.0 -9999.0 -9999.0 -9999.0 -9999.0 1.0364069229 0.941741281286 0.914542671974 0.936268602681 0.970983946978 6.72807093209 14.0957001933 15.0010673691 15.7340508515 0.700500210313 18.7733595492 19.5741984562 1.60375843375 0.820493160687 3.40784789937 5.97505368893 0.871298452857 6.08762091732 0.889841406615 0.897446994697 0.935157287643 -9999.0 -9999.0 -9999.0 -9999.0 -9999.0 -9999.0 -9999.0 -9999.0 -9999.0 -9999.0 -9999.0 -9999.0 -9999.0 -9999.0 -9999.0 -9999.0 -9999.0 -9999.0 -9999.0 -9999.0 -9999.0 -9999.0 -9999.0 -9999.0 -9999.0 -9999.0 -9999.0 -9999.0
-9999.0 -9999.0 -9999.0 -9999.0 -9999.0 -9999.0 2.0881093246 3.08473637535 6.98255713119 9.70888493892 0.855554089631 0.877047357658 0.858453363065 2.54151981678 19.0655995285 0.689390229669 20.3409980855 23.3608976287 2.3739298837 1.56857526189 6.74747074473 0.854926717867 6.91604801998 1.68417600184 0.842622064014 1.70675756954 1.85135262745 0.938676103746 0.95227338723 0.919786087599 1.01209656759 2.02446158577 -9999.0 -9999.0 -9999.0 -9999.0 -9999.0 -9999.0 -9999.0 -9999.0 -9999.0 -9999.0 -9999.0 -9999.0 -9999.0 -9999.0 -9999.0 -9999.0 -9999.0 -9999.0 -9999.0 -9999.0 -9999.0 -9999.0 -9999.0
-9999.0 -9999.0 -9999.0 -9999.0 -9999.0 1.14425392003 2.21343976339 1.05696355357 2.06640312391 10.7432037992 12.5956401195 14.4125235423 47.3329175628 0.850236123406 19.9207052821 74.0864015049 74.6684875521 99.0809693159 0.669923004788 2.31994652067 7.52493110112 0.767189400803 16.365018934 8.64921154765 5.29697097181 4.44115880814 0.914375593018 2.76880510104 2.75347001119 1.83163674948 0.89761966203 2.95760625925 0.900159882303 0.881482312492 -9999.0 -9999.0 -9999.0 -9999.0 -9999.0 -9999.0 -9999.0 -9999.0 -9999.0 -9999.0 -9999.0 -9999.0 -9999.0 -9999.0 -9999.0 -9999.0 -9999.0 -9999.0 -9999.0 -9999.0 -9999.0
-9999.0 -9999.0 -9999.0 -9999.0 -9999.0 1.16521531452 3.38620642152 6.70341410302 7.74037052762 15.4383743896 16.4189525373 19.51210293 32.081892246 49.9816390264 51.8219786287 52.6951322998 1.57533895323 101.902983128 103.309385096 107.232925904 134.352606369 18.806281112 17.2344375691 6.1498807428 0.832607769551 5.30765512853 3.61104416777 0.799478055374 3.59594335138 0.816829419867 1.69296822525 4.68994143909 5.57352437894 1.74695454767 0.882055503381 0.848268828922 -9999.0 -9999.0 -9999.0 -9999.0 0.691597178213 0.58805733794 -9999.0 -9999.0 -9999.0 -9999.0 -9999.0 -9999.0 -9999.0 -9999.0 -9999.0 -9999.0 -9999.0 -9999.0 -9999.0
-9999.0 -9999.0 -9999.0 -9999.0 -9999.0 1.12364302391 1.0738671443 4.54003653506 5.59964744675 6.69601931187 1.05331390394 2.08217550153 11.894259159 2.1605252331 1.01504215411 0.925398447916 0.849571904655 0.959732090914 0.896790469247 0.930991564177 135.203731982 137.611236898 0.779068858616 2.4159888716 1.65427390049 6.11762739398 1.62201317722 0.777754668704 4.46295295668 1.59723239196 3.82633918717 9.77957640859 9.05762951441 2.61373353811 2.58595645523 0.880169297771 0.877177242804 -9999.0 -9999.0 0.870735100621 1.52820664124 3.35620350929 0.626323290005 -9999.0 -9999.0 -9999.0 -9999.0 -9999.0 -9999.0 -9999.0 -9999.0 -9999.0 -9999.0 -9999.0 -9999.0
-9999.0 -9999.0 -9999.0 -9999.0 -9999.0 -9999.0 1.18943151198 1.20454270261 2.28350222095 3.38175271245 7.68517330237 9.83229815825 10.9295215766 1.14423315446 0.908826352632 12.1090244686 14.9005191741 15.7723668854 19.4320980694 20.2584157577 0.842333036581 138.465456269 142.454249517 3.15446618364 0.555202922323 6.82855779961 15.2187149618 6.02626669769 1.56204910278 0.77711216213 15.189269928 10.605839848 0.810515158991 0.804972709224 3.41901941238 2.60042044721 0.852802109178 0.828086665503 0.866489588485 1.71393835883 0.834973404902 4.09826566537 4.92481296844 0.78669970034 -9999.0 -9999.0 -9999.0 -9999.0 0.899515451713 0.852359697013 0.22026707545 -9999.0 -9999.0 -9999.0 -9999.0
-9999.0 -9999.0 -9999.0 -9999.0 -9999.0 -9999.0 -9999.0 1.16699118137 1.02060720345 2.15493558088 3.27931418334 1.08043707595 0.997064976018 6.29355760617 8.28933934526 10.3335282329 0.98230457079 1.87562572619 0.955337192252 21.1268052461 47.0657448013 47.7593802694 191.827192797 0.805322058145 1.6145974302 0.495175329397 15.9855068943 0.779951143595 2.35570216891 0.769897005761 15.9827328591 16.775942216 1.62660916422 1.59209632306 8.58312292069 4.30933141758 1.6995285949 0.869657132205 1.72663692645 2.55923077194 4.19679027064 0.800068300803 6.52007863932 7.32097709316 0.748091427415 0.789914760598 0.817879205582 0.766846391862 0.738795000073 2.51075995969 0.910508205047 0.570883143452 -9999.0 -9999.0 -9999.0
-9999.0 -9999.0 -9999.0 -9999.0 -9999.0 -9999.0 -9999.0 -9999.0 2.19193459018 3.15507764775 1.07726111974 2.20051614373 3.26175827653 5.36962834217 1.07922288398 1.03052821041 0.899095883665 0.909100174948 0.836640494821 24.1496202429 0.98129797823 1.90491109615 194.566944926 196.73946839 1.04084432589 3.66719317336 20.4486238547 1.54072291688 3.07850038216 1.44608571078 2.17155247047 19.9021093427 2.38679604696 12.4951765445 10.1642999956 0.794423654126 4.221697639 1.70804403711 2.53612339858 0.804136576784 5.02529774087 6.63977682783 7.39405107046 8.12029624326 10.2532619228 1.47700594826 1.52792568861 1.44153545555 1.38209443298 3.19202778579 0.662943501025 2.15370040945 2.7579689517 -9999.0 -9999.0
-9999.0 -9999.0 -9999.0 -9999.0 -9999.0 -9999.0 -9999.0 -9999.0 1.15577820394 5.44973092674 6.49507127544 1.04499807313 2.05988189197 1.0121848645 0.941221374691 0.923786937879 11.8404489155 15.8697477813 19.6091958825 23.4165134004 0.957763879685 0.947467522327 1.06260888236 201.216141986 203.633468864 204.704972045 27.7598298867 6.23938926881 5.37625159138 0.697546551449 2.86148722031 23.4828344782 0.712616531301 13.2243868698 0.783836347939 5.42701492506 5.07780580044 0.821948716165 3.34185109385 1.60244224596 2.39210804213 0.797641190034 0.71594963865 8.83997155134 9.52621267866 10.9375399585 2.23427780746 2.1248387802 2.04843872816 3.88320871708 5.220431972 0.665748607267 3.39169607296 0.658753399006 1.2587833925
-9999.0 -9999.0 -9999.0 -9999.0 -9999.0 -9999.0 -9999.0 -9999.0 -9999.0 1.20089958686 7.62006405986 8.65792050968 3.09291098376 5.14705931413 7.08507288678 8.08760173805 1.04464228265 3.10775423893 2.07300140838 1.07806096324 1.05499403662 0.93902060865 1.90918409308 3.33201716895 1.31201179475 234.819720583 235.902697168 1.01438176718 0.747713357017 1.40671016788 2.12403455191 25.6385676528 1.43436234895 13.8995008106 8.40919053277 6.90622299113 0.804522810292 1.60186686428 4.10090732459 0.757402323995 3.13561267383 1.55538899659 1.2564473966 0.540431158425 11.3351436278 22.9063403258 2.83266752365 2.72927060335 2.66922700207 0.606178438475 5.82503449031 0.589946672786 4.64250342027 0.612427869395 1.88412449257
-9999.0 -9999.0 -9999.0 -9999.0 -9999.0 -9999.0 -9999.0 -9999.0 -9999.0 -9999.0 1.06080843157 10.7903858401 1.02375300787 2.05583529036 3.01455325768 4.9062337165 0.968580330738 2.04314560669 1.00031418008 0.937216527714 0.895805425424 1.77542983134 0.816278863554 0.976068348265 2.10445254544 1.20497669113 237.022871149 239.110788239 242.028834844 2.9413251885 0.716580799864 1.42802046091 26.3952544581 26.0106724177 9.97113427978 0.768892202895 3.17146409309 2.38100576882 4.86257408511 1.51355753473 6.21492086106 2.31542705962 1.94410189005 0.410092081666 0.587574612444 23.6504428834 24.3653396511 30.5658291825 4.57492422836 1.25504637002 6.48130600166 7.70786763132 12.9261891955 1.22429201099 0.563163460625
-9999.0 -9999.0 -9999.0 -9999.0 -9999.0 -9999.0 -9999.0 -9999.0 -9999.0 -9999.0 -9999.0 0.560361596531 11.9793426864 0.999302336623 1.95799642494 8.78074252793 0.992070420479 0.982105730926 0.877853505011 1.8462601229 0.926166514576 3.62438382412 5.28756910468 6.05970814752 2.90570722852 3.81447708773 1.05700206289 1.19230077028 1.13315685289 246.727713942 248.954223158 27.1088097792 27.4364712807 26.7307423312 1.43638039099 0.697225951092 3.90754734892 10.2563217978 5.61442847277 2.25582519822 9.23276101211 3.99477825861 3.26467243197 0.802464751924 0.364706945194 0.355373008009 0.437487616629 32.6842537056 39.3313716845 0.636550156338 0.585364050296 0.624859434309 13.5323019736 15.3219160264 1.05249523013
-9999.0 -9999.0 -9999.0 -9999.0 -9999.0 -9999.0 -9999.0 -9999.0 -9999.0 -9999.0 -9999.0 0.507027383633 13.226368772 16.3821167967 0.966935988752 10.7006894922 0.912196270814 0.864892229139 1.74939042835 4.48951769238 0.88567392737 0.940223415309 0.821344061651 7.69439301511 8.48626430705 13.1487670584 15.0223249246 15.9426246701 16.9775155964 17.9696121741 268.012233494 296.963560002 326.231602703 327.105207324 0.809310638566 0.709489238797 11.7353512828 11.0023581627 0.735742903873 0.732831704796 9.95859145876 14.7348768853 0.655527758043 7.53138982449 6.99312127305 1.81097159891 0.906775252014 1.47324768011 0.768688514059 40.7196556792 0.697695884052 1.85950035051 2.45633342044 19.4436342232 20.8216432954
-9999.0 -9999.0 -9999.0 -9999.0 -9999.0 -9999.0 -9999.0 -9999.0 -9999.0 -9999.0 -9999.0 1.14242063947 2.2059624588 17.4170089958 19.2718373778 0.946275284058 12.4761575982 0.797542090935 2.45729927104 5.32645958313 1.72590422801 0.83520651462 1.73893982729 0.748179683884 1.45360234733 0.704624125868 0.650844261829 0.525206400992 0.502730284356 0.514990579856 0.568286819562 0.779667297726 0.985061824266 1.12898646974 329.981599903 15.1204341069 13.5358196785 0.847402729847 2.17355674081 0.534996440979 0.441102308506 15.4700899879 25.2598040596 8.35849703644 6.22955530343 1.04268999014 0.460627114216 0.423041111422 1.06974672422 42.5114571509 43.8707454421 0.69893479364 0.702070416162 0.588984385789 0.400878251076
-9999.0 -9999.0 -9999.0 -9999.0 -9999.0 -9999.0 -9999.0 -9999.0 -9999.0 -9999.0 -9999.0 -9999.0 0.970692977768 13.6904688117 33.942940174 36.9607887904 50.3414129708 51.193114168 12.0146854956 8.75463077921 2.57964116263 0.82000718955 3.37394796549 4.17680514909 6.35452358339 1.45347578718 1.34978358448 1.24128086623 2.44937630366 1.20429221967 1.23850375304 0.566518797186 0.401178620026 0.520057114979 330.891391962 346.436180076 347.388829321 0.900467812218 6.40477118359 2.4679165969 0.765357711584 27.7505654476 1.76072490849 0.907494441735 3.67969031149 0.780179223606 0.69800292595 1.33935114685 1.95617516646 2.6319561426 45.0986033323 0.589993859494 0.534934796577 0.535504059981 0.432041183267
-9999.0 -9999.0 -9999.0 -9999.0 -9999.0 -9999.0 -9999.0 -9999.0 -9999.0 -9999.0 -9999.0 1.08709923414 10.4462523436 12.6829781383 2.08397810291 0.616274083694 1.40126807238 53.5037221883 54.3504299704 67.1875820802 0.768620513342 1.57843093567 0.715760788312 0.730389647802 7.08917827571 9.2747682549 11.3004799202 0.661784779617 3.12356775278 4.98506586174 3.10463478582 1.22512742051 0.949660858556 0.909150636223 1.04728259377 0.650861562243 348.282456505 349.106403126 357.126045966 1.41661307951 0.72337514404 28.3925914467 1.78538599913 0.927813376519 0.992497414902 0.985130336848 0.895852308402 1.6406446467 4.80918889358 8.17931969391 53.8978634112 0.503086191277 1.49060487474 1.00005652434 0.865354764789
-9999.0 -9999.0 -9999.0 -9999.0 -9999.0 -9999.0 -9999.0 -9999.0 -9999.0 -9999.0 -9999.0 1.1164569364 7.32025496987 1.14889729197 1.01009418147 5.28459307158 6.21989937746 7.1578591334 8.01256843546 92.237414813 92.9561916165 94.4373066725 105.972087471 108.22497409 109.552651942 110.325075415 123.20845088 124.921973057 125.634100194 131.385571887 135.265038311 135.929480584 138.110213888 1.5403337902 1.50598818838 0.408854819295 0.540609835185 349.916898345 360.174748082 2.21145325978 33.0864796436 32.4129147975 3.40982616932 0.818079627959 0.829166278811 0.803121261178 0.815670286246 1.64846351941 2.4327377983 0.787831480455 54.4968469673 55.1195922113 58.175538238 58.7228977187 60.1103252284
-9999.0 -9999.0 -9999.0 -9999.0 -9999.0 -9999.0 -9999.0 -9999.0 -9999.0 -9999.0 -9999.0 3.79981878892 5.01880124576 2.3238164584 3.43973980844 1.10043171818 12.4177575865 13.4045465256 15.3809361211 16.1764824226 6.49006248979 102.186492762 102.933279781 0.759489744301 0.568337142365 0.496829470813 1.11312230666 0.535548963116 0.409653057054 0.361390378033 0.42352744185 136.534194332 138.773592548 141.015770195 143.146874694 145.077633527 0.946967134928 0.414161922822 395.525632526 34.5205121687 33.8085844539 0.753777464357 0.729221344622 0.676959753501 1.50779429479 1.48647084377 0.697829792667 0.702305243321 0.658661467571 1.42333757735 1.99428716968 0.49908873974 0.929220493489 0.371035049167 0.219468957096
-9999.0 -9999.0 -9999.0 -9999.0 -9999.0 -9999.0 -9999.0 -9999.0 -9999.0 -9999.0 -9999.0 -9999.0 2.57232730247 1.196226673 1.0984536814 10.4473096934 11.4695984389 1.02655629284 4.02526024044 4.96419604689 5.79224204486 0.913961505536 0.760223777054 16.4908752606 17.1605942003 17.788101 46.369835667 46.8541076711 47.6642715259 52.0203448655 54.460577891 54.8119668064 0.325066872996 0.351558443627 0.381863660079 146.257052092 0.529885638045 402.735265616 401.774007386 5.53060561029 4.73318960757 2.8700290741 0.712704120838 1.35158175154 2.19678457126 2.17639681246 1.36264886808 0.670402264863 1.32125322537 1.28053968918 2.5591243343 0.308087407857 1.25791203487 2.16852081179 2.64121264018
