data/baseflow/History/mHMbfrc262
ncols                  80
nrows                 72
xllcorner      4374000.0
yllcorner      5656000.0
cellsize            500
NODATA_value       -9999
[rows 24 to 47 of 72, columns 0 to 52 of 80]
-9999.0 -9999.0 -9999.0 -9999.0 -9999.0 -9999.0 -9999.0 -9999.0 -9999.0 -9999.0 -9999.0 -9999.0 0.140939219819 0.3540404935 0.455373097696 0.770478482423 0.0832045398827 0.169486798725 0.247916670752 1.00360609931 1.04345434017 1.05692568598 1.0955508458 1.15515187082 2.29083687293 2.45760924175 2.5150482034 0.00608040073717 0.135775312312 0.140496290371 3.94393545624 3.96254181473 3.97606990817 3.99203652497 4.00210575665 16.7463617705 0.0628124998608 41.7081227042 0.00825168387652 0.00205134887245 0.236652658625 0.225400895399 0.0194360176096 0.127651370835 0.192023611444 0.187953769666 0.127888911182 0.209083650537 0.331719883798 0.129812534806 0.324355402401 0.0174461200406 0.0335668479281
-9999.0 -9999.0 -9999.0 -9999.0 -9999.0 -9999.0 -9999.0 -9999.0 -9999.0 -9999.0 -9999.0 -9999.0 0.116124884961 0.233058514518 0.107686049931 0.215878369588 0.0857821491109 0.690812418582 0.846283274834 0.931017122462 0.0711814010712 0.123520505829 1.87307247741 2.1903660174 2.24207986771 0.113752695897 0.106490413669 0.129090761808 0.00345298163259 0.00279258197589 0.00519797503806 0.00487899906291 5.59555139437 5.60635899574 5.61223621807 16.8331824189 41.8944987643 41.710249032 0.00272998232251 0.0017492958823 0.00164163642523 0.024605633627 0.023215591737 0.136162069808 0.214429930473 0.444508925746 0.042222900826 0.0419314330359 0.355284036923 0.378473548486 0.753592303336 0.761983261267 0.796608004057
-9999.0 -9999.0 -9999.0 -9999.0 -9999.0 -9999.0 -9999.0 -9999.0 -9999.0 -9999.0 -9999.0 -9999.0 -9999.0 0.108841196458 0.217788383802 0.329443636638 0.510925450613 0.096025190249 0.0813773217706 1.10028404087 1.17002411223 1.77645637319 1.85168076878 0.208667908145 0.0626110545435 0.054803818891 0.0506025031301 5.56098716362 5.57233686808 5.57688242514 5.57980810662 5.58811913917 0.193360331808 0.209999951104 5.83423297321 64.6138807526 0.0878917237121 0.0397711249033 0.0079078293117 0.00297865276503 0.00152644028577 0.0276999730125 0.0286348521072 0.139147612446 0.00166924793181 0.44806873285 0.0534612164588 0.0519495338907 0.00204023297017 0.000921179419828 0.000768256885526 0.00372235099463 0.000879163831267
-9999.0 -9999.0 -9999.0 -9999.0 -9999.0 -9999.0 -9999.0 -9999.0 -9999.0 -9999.0 -9999.0 -9999.0 -9999.0 -9999.0 0.0950252124175 0.332845648263 0.589697853802 0.853827916759 0.937359711242 1.0248130869 0.245434172859 0.406774301234 0.074477559636 0.0686515804858 5.27469049799 5.4052045999 5.46367675077 5.5247943421 0.0323480694178 0.0470259539706 0.154861637987 0.162396908046 0.174117095089 0.020527560499 0.0354316211888 64.7918442148 0.0555721112798 0.0272156579393 0.0132633361675 0.0337169353647 0.0161082096301 0.00880200910807 0.172622116885 0.191819783023 0.00425299091392 0.455621048142 0.509898711823 0.0527523328831 11.3491735762 11.3462878674 11.3443711682 11.3367399466 11.3287534877
-9999.0 -9999.0 -9999.0 -9999.0 -9999.0 -9999.0 -9999.0 -9999.0 -9999.0 -9999.0 -9999.0 -9999.0 -9999.0 -9999.0 0.131720306512 0.266142393856 0.278218569848 3.94654628231 4.03201618015 0.0879474209352 0.0829964625758 0.0810866760977 4.99848268978 5.14607157766 0.069480043963 0.0732874250524 0.0552495910239 0.2377549863 0.297428823584 0.106243682305 0.129197428554 1.42129332688 1.44685385919 1.53536405746 2.40197591545 67.2607813842 0.0662754801439 0.0109502269123 0.0622428899105 0.0482316465929 0.0107837003944 0.0308420102701 0.0412415874655 0.203277983683 0.214146837864 0.73839915507 0.514027238661 0.0564654828789 11.5224764047 0.0789301773104 11.3423469185 11.3398045256 0.108845502131
-9999.0 -9999.0 -9999.0 -9999.0 -9999.0 -9999.0 -9999.0 -9999.0 -9999.0 -9999.0 -9999.0 -9999.0 -9999.0 -9999.0 0.647164538758 1.08370968926 2.04740947047 3.77654641353 4.36299280458 4.68234696815 4.76736040986 4.85224135312 4.93205100977 0.0705080476744 0.0620138385566 0.120937052076 0.116505396759 0.0641621662903 1.24581083243 1.3036629423 1.35719306969 1.40479286651 0.696961089244 0.704692734289 0.798482190939 67.3169329354 0.139099895242 0.0342663400632 0.108022265394 0.0140846442983 0.0430043749334 0.0292892571128 0.00954487133296 0.0599855872911 0.00803939272643 0.00815335352852 12.3093031474 11.564662833 11.5562253192 0.0339247294749 0.0768711223072 0.0395054507977 0.0035637603386
-9999.0 -9999.0 -9999.0 -9999.0 -9999.0 -9999.0 -9999.0 -9999.0 -9999.0 -9999.0 -9999.0 -9999.0 -9999.0 -9999.0 0.448252163511 0.469020624117 0.943500312025 1.34996668713 0.150138228746 0.106422760222 0.1922586743 0.275292787412 0.431040675326 0.507469750111 0.574062821736 0.764291849115 0.824423149113 0.893573450216 0.0610220375095 0.61204103948 0.650070553644 0.668683191075 0.00983855992681 0.00324609042598 0.0073054739539 68.1463080545 68.2005344353 68.4258366055 0.156817993317 0.0323052269607 0.0565374498708 0.00901877669227 0.0179327447796 0.0709152540916 0.0862915072814 0.0149465556279 12.3563963704 0.0216381055739 0.0203938302057 0.0198554185214 0.0255130906296 0.0298817818902 0.0129922948696
-9999.0 -9999.0 -9999.0 -9999.0 -9999.0 -9999.0 -9999.0 -9999.0 -9999.0 -9999.0 -9999.0 -9999.0 -9999.0 -9999.0 -9999.0 0.474699880178 0.909459425892 0.375736552422 0.747196487015 4.56219469424 4.68874186851 4.76811027138 0.0755168050148 0.0770774054387 0.143487656547 0.210791370654 0.328793107625 0.390465245154 0.435967336225 0.49267669626 0.0412862422631 0.0248237113101 0.710331597521 0.715017282701 0.732538168481 0.765717811297 0.879320058396 69.457138988 69.8155554202 69.8331972337 69.9056480348 69.9703429163 69.9986323623 0.00810938287821 0.0941018525355 12.3641131614 0.0161530241409 0.00829454125072 0.0226706577923 0.0257172539664 0.0379712554216 0.015608275289 0.00929288688442
-9999.0 -9999.0 -9999.0 -9999.0 -9999.0 -9999.0 -9999.0 -9999.0 -9999.0 -9999.0 -9999.0 -9999.0 -9999.0 -9999.0 -9999.0 -9999.0 1.34774428391 1.71714571992 2.86295463942 3.50858450362 0.263804653153 5.13201016972 5.20734773126 5.27802286744 0.0711124594783 0.138667062802 0.0601252030994 0.465043652291 0.505035407866 0.559910442833 0.605235914175 0.693777726803 0.704308893571 0.00737958473734 0.707191095204 0.786609977316 0.844336217812 0.979697239383 0.159118302622 0.087192853015 0.0357640734999 0.034056319068 70.0343123685 70.0493084786 70.2303782234 12.3731883142 0.0613652338834 0.0376056518783 0.0293654246974 0.00524133183406 0.0709593740711 0.0261550381469 0.00815671459322
-9999.0 -9999.0 -9999.0 -9999.0 -9999.0 -9999.0 -9999.0 -9999.0 -9999.0 -9999.0 -9999.0 -9999.0 -9999.0 -9999.0 -9999.0 -9999.0 0.412703016179 2.12130284572 2.50907265808 0.253762228268 0.0868196175575 0.179823132417 0.264541177508 5.61882708101 0.0714160736761 0.28547474065 0.349309968188 0.410660623117 0.0401516635521 0.0910549228821 0.105200491314 0.519265593956 0.581656831093 0.623330698045 0.038133269221 0.027766962987 0.0225382182145 0.0412473225392 0.0143664723937 0.0154111424979 0.0220432595819 0.0208163480517 0.0222269261565 0.0763183976195 70.2466477692 82.6600490539 0.0760437394193 0.0213435848082 0.00727497366358 0.184812469528 0.173164964857 0.0915692934452 0.0796141615136
-9999.0 -9999.0 -9999.0 -9999.0 -9999.0 -9999.0 -9999.0 -9999.0 -9999.0 -9999.0 -9999.0 -9999.0 -9999.0 -9999.0 -9999.0 0.417633761286 1.19788446106 0.376946663274 0.163821110181 0.102470270732 0.192638471722 0.278956728122 0.403245098718 6.28715333293 6.35656196169 0.0718640287999 0.136965736254 0.203301557487 0.251711045855 0.284478700295 0.398570714396 0.484969975459 0.00945784633804 0.0161959878045 0.0205783504325 0.0219776274186 0.0234977012108 0.0255999208296 0.0228063218586 0.0296635005711 0.111814081885 0.0556931972842 0.0346973664626 0.035239033326 0.0149071974885 0.0261497775326 83.7432311641 0.988456219286 0.302750484103 0.0923218969262 0.0504452143889 0.0187986700884 0.0412897458928
-9999.0 -9999.0 -9999.0 -9999.0 -9999.0 -9999.0 -9999.0 -9999.0 -9999.0 -9999.0 -9999.0 -9999.0 -9999.0 -9999.0 0.444305487407 0.848480035243 2.83961628712 0.367789864344 0.422928061331 0.520615532448 0.609594626775 0.0943046569565 0.1734251074 0.365407810738 6.95939065575 0.0669420121262 0.127122189586 0.188629190417 0.0580058478778 0.109524439702 0.117311633331 0.17042748096 9.35382533838 9.38918188731 9.42907174438 9.59663167058 9.66671276475 9.80056660354 0.033029866578 0.0783470075446 0.128581386071 10.2183730091 10.2666672333 0.0309504464917 0.0394896615781 0.0481267798129 83.7815051402 0.954458476084 0.515435477791 0.448275054603 0.383202663452 0.328792392571 0.0531793380536
-9999.0 -9999.0 -9999.0 -9999.0 -9999.0 -9999.0 -9999.0 -9999.0 -9999.0 -9999.0 -9999.0 -9999.0 -9999.0 -9999.0 0.455701154508 1.37238845604 4.66264057966 7.01081528793 0.341462960582 9.01335980444 9.92601166447 0.0881461592757 0.167660471511 0.321085009464 8.00584003366 8.16601073496 0.0513667294018 0.291738375689 0.339793286952 0.370785095361 9.11513989322 9.13959706831 9.1758288327 0.0216472936481 0.122134724049 0.145084883645 0.0612567224389 0.0864921847393 9.92464597669 10.0410045376 10.0607342645 10.0792243659 10.2877419532 0.0102145551646 0.00886725414648 0.0664813802468 83.8165022312 0.0641979311368 0.00334716694514 0.0100175629431 0.00427221558417 0.262873199177 0.258066380501
-9999.0 -9999.0 -9999.0 -9999.0 -9999.0 -9999.0 -9999.0 -9999.0 -9999.0 -9999.0 -9999.0 -9999.0 -9999.0 -9999.0 -9999.0 -9999.0 0.964456767273 1.93935003422 8.27817611376 8.7024346484 10.3089450068 10.6265404498 0.0868318006684 0.173698381856 0.449816626881 8.4145465296 8.54214295258 8.58495164596 0.0345429220463 8.71092630226 8.73341805732 0.0165973802316 0.0220061196543 0.0420007004122 0.0823434563652 0.020007150927 0.0395825962772 0.0868029026972 0.107597296545 0.0209450305719 0.0136944305089 0.0267759058695 10.3924111155 10.4260978282 10.433784289 10.5250970613 83.8436061243 0.0586352708549 0.00192269310436 0.00246926024964 0.00243974297415 0.00254496850884 0.0022434255024
-9999.0 -9999.0 -9999.0 -9999.0 -9999.0 -9999.0 -9999.0 -9999.0 -9999.0 -9999.0 -9999.0 -9999.0 -9999.0 -9999.0 -9999.0 -9999.0 0.506273880111 0.494106681243 0.462662940456 0.829840939361 0.357459983521 11.3472445964 11.6422714156 0.104150070348 0.182346259938 0.0713464280605 0.0567684862748 0.0543801343127 8.6545190058 0.0049219236917 0.0106338860209 0.0123358822977 0.0228936066088 0.0204315959346 0.0159176568315 0.0166384758245 0.0512173485586 0.0705136229684 0.0136605663164 0.0121058254648 0.0262176834828 0.044078141086 0.0593328949732 0.0172309773219 10.4471172865 10.5341226449 83.8684060435 0.131845401205 0.00406954082055 0.00125045169457 0.00343769804754 0.00103153731247 0.000857091465065
-9999.0 -9999.0 -9999.0 -9999.0 -9999.0 -9999.0 -9999.0 -9999.0 -9999.0 -9999.0 -9999.0 -9999.0 -9999.0 -9999.0 -9999.0 -9999.0 -9999.0 -9999.0 0.489863818185 1.26657877339 1.63314785378 1.98994840294 11.9910279254 12.328905041 12.6227877867 12.8181497202 12.8705173664 12.9787537723 12.9840495629 12.9881911717 12.9943828735 0.0193420060781 0.0182268519161 0.0195057394973 0.0697152134053 0.0187759929068 0.0178869419419 0.0137748296515 0.0402935915422 0.0163649718846 0.0123635336035 0.0113957278282 0.00981464295183 0.0195833622155 0.0279348147043 10.5909613623 94.610165694 0.0669960000921 0.0994755677969 0.000851327858847 0.00459445932826 0.00238040897442 0.00172241596489
-9999.0 -9999.0 -9999.0 -9999.0 -9999.0 -9999.0 -9999.0 -9999.0 -9999.0 -9999.0 -9999.0 -9999.0 -9999.0 -9999.0 -9999.0 -9999.0 -9999.0 -9999.0 -9999.0 0.408220248398 3.26280515996 6.12616768119 6.47202753542 0.247510320228 0.354724213939 0.433979869782 0.49397353755 0.907648060269 0.925008462632 0.0179482253203 0.0172277087901 13.035664659 13.0721120607 13.0892024679 0.0831539894082 0.0123662361513 0.0315795232427 0.046079898724 0.136458595902 0.16755662091 0.191490272175 0.0217840191559 0.0301332123059 0.0101278409284 0.019949615602 0.010225948955 94.6288266401 0.0501519851297 0.203809699881 0.0312531643949 0.040083494436 0.258228369048 0.283140592661
-9999.0 -9999.0 -9999.0 -9999.0 -9999.0 -9999.0 -9999.0 -9999.0 -9999.0 -9999.0 -9999.0 -9999.0 -9999.0 -9999.0 -9999.0 -9999.0 -9999.0 -9999.0 0.458110822972 1.46187214948 2.86097314866 3.73632265242 9.15913029319 9.45512877251 0.168884489688 0.247322540142 0.312117377154 0.367652045035 0.932400689018 0.963134433854 1.4903956609 1.5337234122 1.55370724269 13.1065642322 13.2352189416 0.0303452643783 0.0205218015047 0.0194347527561 0.0371251528606 0.0168668502732 0.223760057365 0.235302205657 0.0396503489466 0.0531467802262 0.0114813303211 46.4436449558 46.4648523355 141.109945017 141.376366787 0.0619966660127 0.172102278547 0.077416191203 0.0476519433739
-9999.0 -9999.0 -9999.0 -9999.0 -9999.0 -9999.0 -9999.0 -9999.0 -9999.0 -9999.0 -9999.0 -9999.0 -9999.0 -9999.0 -9999.0 -9999.0 -9999.0 -9999.0 -9999.0 0.523729597819 0.509706766345 0.96126141079 2.28702345096 9.84659185355 0.0878885726926 0.0865629066396 0.151497123544 0.218282965681 0.465546598399 0.478076528316 0.0128523512386 0.0291208450826 1.57922611164 1.59851460153 14.8533438295 14.8710217625 0.0112636870862 0.00993373383457 0.00829927531344 0.00838205401277 0.00880947524105 46.2200905301 46.291696687 46.3595085638 46.3846059992 46.4312130308 0.0115758591411 0.0418956220037 0.0500692220047 141.46300883 141.487967035 141.53325941 141.546093543
-9999.0 -9999.0 -9999.0 -9999.0 -9999.0 -9999.0 -9999.0 -9999.0 -9999.0 -9999.0 -9999.0 -9999.0 -9999.0 -9999.0 -9999.0 -9999.0 -9999.0 -9999.0 -9999.0 -9999.0 0.4656949898 0.488210276811 0.908437275899 11.6171507251 11.9210447512 0.0842791717538 0.149298317473 0.217989530731 0.238724261337 0.0155838995267 0.0409284936183 20.3374738395 20.3579317224 20.3821564843 20.5492986058 35.4416566963 45.7633151907 45.7907088503 45.8155027938 45.8391802348 45.9405576564 45.9729990715 0.0590983661669 0.0262255356108 0.0158601198265 0.0295567200444 0.020667647023 0.0332062564103 0.0103030008355 0.236548534071 0.341285734254 0.453673258997 0.45726730659
-9999.0 -9999.0 -9999.0 -9999.0 -9999.0 -9999.0 -9999.0 -9999.0 -9999.0 -9999.0 -9999.0 -9999.0 -9999.0 -9999.0 -9999.0 -9999.0 -9999.0 -9999.0 -9999.0 -9999.0 -9999.0 0.475018929275 0.91388059795 1.35472945223 12.2695275575 0.17389964916 15.9418417923 16.0134720445 16.0293195592 16.0553239343 20.2257880204 20.2638497858 0.0232501835544 0.121792202272 0.147056029652 0.0231305421871 10.2945983343 10.2528292797 0.0128028720228 0.0311735740013 0.0808566147806 0.0174711004938 0.0182625503483 0.013194662356 0.0107674420202 0.00816658662332 0.00957303307275 0.204650426391 0.214742847638 0.227316865133 0.0914918718221 0.0939549171297 0.513426387687
-9999.0 -9999.0 -9999.0 -9999.0 -9999.0 -9999.0 -9999.0 -9999.0 -9999.0 -9999.0 -9999.0 -9999.0 -9999.0 -9999.0 -9999.0 -9999.0 -9999.0 -9999.0 -9999.0 -9999.0 -9999.0 0.432745536798 0.408930122947 2.1160342948 15.1458184462 15.6797639325 15.8773038796 0.0649943739923 4.1244487103 4.13763624622 4.15009113179 0.0307834026361 0.0561084828558 0.0782056173688 2.52604306023 2.54335281681 2.5584376117 10.2253432305 6.64492743284 0.017926094636 0.0172243936471 0.0160217294059 0.0119132572633 0.12443380698 0.149247245568 0.170731585487 0.18271153998 0.194176765657 1.42571733163 1.43376230913 1.44606739511 1.47422914097 1.57518588541
-9999.0 -9999.0 -9999.0 -9999.0 -9999.0 -9999.0 -9999.0 -9999.0 -9999.0 -9999.0 -9999.0 -9999.0 -9999.0 -9999.0 -9999.0 -9999.0 -9999.0 -9999.0 -9999.0 -9999.0 -9999.0 -9999.0 0.850806977052 1.29850013905 0.367973940151 0.0878873559378 3.94119926122 4.00925821269 4.04195457081 0.559189602363 0.566273486478 0.575419718206 0.595851481407 2.48649763533 2.51103999881 0.971175162703 3.54849916357 3.56587082296 6.63193534269 0.0334727892948 0.0165536481818 0.0112755839731 0.0861830546617 0.100880305198 0.00843012843692 0.00781012520811 1.38580742053 1.40689773896 1.4182182628 0.0132950131162 0.0198243503543 1.5599018757 0.00936273162591
-9999.0 -9999.0 -9999.0 -9999.0 -9999.0 -9999.0 -9999.0 -9999.0 -9999.0 -9999.0 -9999.0 -9999.0 -9999.0 -9999.0 -9999.0 -9999.0 -9999.0 -9999.0 -9999.0 -9999.0 -9999.0 -9999.0 0.428883682003 0.846966273429 3.28873110453 3.62920893017 3.77932645062 0.505047207847 0.552940537648 0.00721340662552 1.85434191601 1.86058138272 1.86744731588 0.014045875996 0.925962367323 0.951590027941 0.0183813141077 6.5443971067 0.0383196547452 0.019077472095 0.0467827169458 0.0634002845805 0.0118093782777 0.00939313469019 1.28153099092 1.36601166153 1.37930202258 0.0124287218467 0.0252902570692 0.031912773029 0.0384117941101 0.0768439483251 0.00962371281274
