data/baseflow/History/mHMbfrc403
ncols                  80
nrows                 72
xllcorner      4374000.0
yllcorner      5656000.0
cellsize            500
NODATA_value       -9999
[rows 24 to 47 of 72, columns 0 to 53 of 80]
-9999.0 -9999.0 -9999.0 -9999.0 -9999.0 -9999.0 -9999.0 -9999.0 -9999.0 -9999.0 -9999.0 -9999.0 0.661451380326 1.84102923751 2.41409383483 4.19381114779 0.557434945822 1.1174625368 1.65780232651 6.17867809354 6.53126792897 6.67204807608 7.07723846951 7.61518779065 13.381891843 14.9134409607 15.5624356073 0.146848835534 1.53737015389 1.64839660575 27.0905403107 27.5171862185 27.6750582914 27.834847171 28.0248832977 108.149438385 0.525206267225 237.10806926 0.297551722372 0.087852848971 2.02844216514 1.86359372041 0.216567791049 1.12522253156 1.58627840215 1.58406432916 1.11054070243 1.83063758833 2.90140515916 1.06385343913 2.85136188124 0.205373995162 0.264263157431 0.0376803772006
-9999.0 -9999.0 -9999.0 -9999.0 -9999.0 -9999.0 -9999.0 -9999.0 -9999.0 -9999.0 -9999.0 -9999.0 0.625939472264 1.23684753056 0.5782254502 1.18388858826 0.552241121126 4.02955947767 5.10403120437 5.66351012532 0.512850886931 0.92556326018 10.1371518181 12.4603842913 12.8823605877 1.01657102294 1.02469533938 1.34976239038 0.0952348464753 0.0860778056184 0.161848916168 0.132634893576 18.3460729664 18.5264182286 18.7513344416 108.595782505 238.916614301 237.22893833 0.136587641067 0.0577277960153 0.0522927413641 0.323711340437 0.271834570554 1.22013391681 1.82537495237 3.7629821286 0.349194634329 0.34928388287 3.14661965535 3.38616326396 6.76065441252 6.93885370939 7.24271518957 7.31656434899
-9999.0 -9999.0 -9999.0 -9999.0 -9999.0 -9999.0 -9999.0 -9999.0 -9999.0 -9999.0 -9999.0 -9999.0 -9999.0 0.590799797804 1.18080051361 1.77184493378 2.90558421222 0.588349051051 0.548639227513 4.71107237423 5.21891698827 9.39676780728 9.9019920787 1.44245466157 0.518470471841 0.513031287213 0.498067603322 17.5445705004 17.7665684807 17.8829328641 17.9625123402 18.1931926228 2.21986552301 2.53982563353 21.5927075577 369.322166881 1.18428303307 0.877446880784 0.271458478585 0.0920902481463 0.0566317017872 0.430175322069 0.475527858796 1.31633204952 0.0469151081831 3.83835256444 0.495081664544 0.481801766876 0.0490616901852 0.0374363710079 0.0359617331077 0.113790210851 0.0356828034151 7.35096109743
-9999.0 -9999.0 -9999.0 -9999.0 -9999.0 -9999.0 -9999.0 -9999.0 -9999.0 -9999.0 -9999.0 -9999.0 -9999.0 -9999.0 0.580977808538 1.39658974015 2.2128174053 3.06075841674 3.61529961824 4.1819885663 1.65949313079 2.73200910287 0.50953386176 0.505008836696 15.1030598267 16.1123183774 16.5920078297 17.1114008728 0.393378410902 0.654117595239 1.71366717569 1.85323924968 1.99774264095 0.323342601711 0.449016133349 370.466688003 0.351856593126 0.421646114707 0.200077283165 0.487263870977 0.22188523364 0.16582701105 1.91979000542 2.1648490299 0.128133308194 4.00399563582 4.53966299807 0.519236249954 94.8286105356 94.7371436007 94.654770198 94.3759751699 94.137505281 92.3603448984
-9999.0 -9999.0 -9999.0 -9999.0 -9999.0 -9999.0 -9999.0 -9999.0 -9999.0 -9999.0 -9999.0 -9999.0 -9999.0 -9999.0 0.231529620787 0.531966378686 0.824610484406 8.02603763585 8.59892945261 0.574336125707 0.556207706929 0.537184630107 13.0594498464 14.0976360815 0.507664574327 0.52758830636 0.46577502619 1.8672037359 2.32656111225 1.13477697775 1.3715492487 10.3815628694 10.6482829192 11.3988130251 18.0646376357 388.785430823 0.371683609003 0.185192064707 0.808987417807 0.643873428518 0.170339942646 0.512349461066 0.68343533928 2.3552684686 2.54144103564 7.45301331422 4.63892701129 0.572249056305 97.4002189494 1.42432303558 94.5605214395 94.4720444386 1.57900536399 0.202181614905
-9999.0 -9999.0 -9999.0 -9999.0 -9999.0 -9999.0 -9999.0 -9999.0 -9999.0 -9999.0 -9999.0 -9999.0 -9999.0 -9999.0 1.20091873086 1.96511523344 4.06499812327 7.26691951352 9.44646425039 10.9047182998 11.4646217184 12.0209430801 12.5615485658 0.513224586319 0.488960728935 0.966677507215 0.938211121015 0.472673628548 8.96524985082 9.41767512535 9.84669474539 10.2440334476 5.40643666387 5.57122058398 6.11012136041 388.999433035 0.641310957663 0.515951959866 1.41449807708 0.141103958437 0.451925523782 0.259330154476 0.162630262723 0.898879294782 0.161963755926 0.165550043441 105.671513822 98.070378535 97.902692531 0.516513329708 1.34632925506 0.805624335436 0.141254141494 1.11531336578
-9999.0 -9999.0 -9999.0 -9999.0 -9999.0 -9999.0 -9999.0 -9999.0 -9999.0 -9999.0 -9999.0 -9999.0 -9999.0 -9999.0 0.844435048917 0.808210690648 1.58617816214 2.39899294874 0.703839414814 0.588561912907 1.13868150878 1.68250244003 2.72095426955 3.24513731386 3.75843003404 5.24214510935 5.71515805144 6.19800705118 0.456751870706 4.55733103887 4.89794555823 5.09497236099 0.0950566049739 0.0387157610297 0.101954707648 395.069766424 395.273237411 396.310676417 1.81064548969 0.282839599901 0.665735494639 0.164763171713 0.30573763752 1.06007386529 1.36133404184 0.31213631899 106.461857593 0.287634550172 0.308993191668 0.313634464109 0.331234865398 0.486924797069 0.223464212475 0.816387219566
-9999.0 -9999.0 -9999.0 -9999.0 -9999.0 -9999.0 -9999.0 -9999.0 -9999.0 -9999.0 -9999.0 -9999.0 -9999.0 -9999.0 -9999.0 0.781087420959 1.545769502 0.75045514502 1.53489325276 9.46970162724 10.1367266263 10.6838966923 0.517583696444 0.522178170222 1.03745491995 1.5389214201 2.47970116639 2.94716779619 3.21246940828 3.6522047323 0.363675775811 0.262962052179 5.40850466591 5.45438068586 5.5832833472 5.75235255003 5.12830814996 402.133520611 404.9838211 405.116760999 405.9068684 406.54984131 407.107343924 0.192983577861 1.51883216471 106.658126986 0.469003149313 0.237718639848 0.317003648429 0.280967253652 0.465308586326 0.304376777182 0.162934136597 0.190682681629
-9999.0 -9999.0 -9999.0 -9999.0 -9999.0 -9999.0 -9999.0 -9999.0 -9999.0 -9999.0 -9999.0 -9999.0 -9999.0 -9999.0 -9999.0 -9999.0 2.30124416872 3.10918761988 5.4773548686 7.12425852026 0.842994150915 12.1091030277 12.6246325983 13.1456783154 0.525231789983 1.03462349542 0.479198799083 3.46476075977 3.71207102007 4.10288435737 4.47421803948 5.28365356818 5.34717752043 0.0483881033051 4.40773658462 4.76196655979 4.9622982217 5.61859258767 0.852653527889 0.543369855712 0.314958922783 0.299663434214 407.623595429 407.926720811 410.63944598 106.894196277 1.30826577352 0.625441605381 0.456798410763 0.122937708532 1.08019092352 0.473503477487 0.153976250553 0.753247962248
-9999.0 -9999.0 -9999.0 -9999.0 -9999.0 -9999.0 -9999.0 -9999.0 -9999.0 -9999.0 -9999.0 -9999.0 -9999.0 -9999.0 -9999.0 -9999.0 0.841272220552 3.90969551409 4.72569003857 0.862160174089 0.554473960901 1.10145661631 1.6258918067 15.3019864687 0.519803424993 2.08348719605 2.57106723407 3.04542418228 0.263182898549 0.633306934899 0.767871721734 3.55621810325 3.84841661911 4.00925568541 0.174452655433 0.155681421517 0.156763616532 0.285664540928 0.11157681187 0.121681813432 0.258094529743 0.19341397087 0.252164178475 0.937161190196 410.938409796 518.646888794 1.57716213674 0.183433101568 0.140524142713 2.98452385686 2.72453695337 1.47336640829 1.29397549316 0.932010945379
-9999.0 -9999.0 -9999.0 -9999.0 -9999.0 -9999.0 -9999.0 -9999.0 -9999.0 -9999.0 -9999.0 -9999.0 -9999.0 -9999.0 -9999.0 0.735206579137 2.36760858278 0.787719582006 0.757460967165 0.601276042169 1.15692285373 1.68953875518 2.32085230433 18.4005185434 18.9083472913 0.517454165148 1.00462161274 1.49350562395 1.82750333264 2.12103757944 2.95793902106 3.38399973604 0.0693377648692 0.167145622994 0.192467375567 0.297201072111 0.262365579249 0.249051028833 0.20753504942 0.234482930128 1.13714377781 0.563269862506 0.379810664043 0.379123723955 0.275651932792 0.524100747662 528.661038633 8.27468454783 3.81847923463 0.498186085008 0.239944615916 0.184812135603 0.515183730575 0.314769019705
-9999.0 -9999.0 -9999.0 -9999.0 -9999.0 -9999.0 -9999.0 -9999.0 -9999.0 -9999.0 -9999.0 -9999.0 -9999.0 -9999.0 0.779388572072 1.49168608068 5.39853427724 0.790850268008 1.66625291991 2.26031352581 2.83517651234 0.577726175131 1.10614647576 1.86002820336 21.515914039 0.502309062545 0.975405611171 1.44267320296 0.432554481142 0.835138755733 0.899279227211 1.24392446709 36.8067488878 37.2119415495 37.6380803051 39.5457674658 40.3434485038 41.8936717865 0.465482599644 0.973250544392 1.39108999746 47.2308109297 47.890241134 0.361365656578 0.584646760173 0.80846238336 529.020809556 7.97700224359 3.53617205513 3.26777385543 3.0025138436 2.76902375512 0.685296861743 0.190067329475
-9999.0 -9999.0 -9999.0 -9999.0 -9999.0 -9999.0 -9999.0 -9999.0 -9999.0 -9999.0 -9999.0 -9999.0 -9999.0 -9999.0 0.773604956826 2.35611859215 8.52713050426 12.6082859758 0.747166650748 16.7014032905 20.3378138855 0.55530187024 1.07833611571 1.77357828184 26.7525318144 27.4496471604 0.478913285414 2.4031982614 2.85066726392 3.13036801514 34.6676329072 35.0291738756 35.4407710467 0.228829694692 1.33557578535 1.58084154234 0.761289296683 1.09547820746 43.4985999698 45.0017876395 45.2969381876 45.5868701252 48.3616372272 0.232869416659 0.215725000767 1.2437219089 529.373307463 0.329339933889 0.00912638774379 0.0252747775024 0.00990032798476 2.36135656266 2.30956368712 1.36489070726
-9999.0 -9999.0 -9999.0 -9999.0 -9999.0 -9999.0 -9999.0 -9999.0 -9999.0 -9999.0 -9999.0 -9999.0 -9999.0 -9999.0 -9999.0 -9999.0 1.64239528901 3.31795866627 15.023441155 15.8727300557 21.1066415138 21.924212976 0.542925658131 1.08369108743 2.7545804695 28.2210224065 29.274588627 29.7308845728 0.39053901266 31.0938933119 31.4312803559 0.248526263867 0.230613080145 0.461218904123 0.897714486054 0.213875047341 0.443053318211 1.0463614167 1.31780396329 0.239969293163 0.197675283009 0.408171833576 49.6458235307 50.0419207223 50.245820498 51.9341906909 529.696129492 0.274064235562 0.00536676123311 0.00618262110188 0.00599540113793 0.00624918154902 0.00525331493598 0.0094350511055
-9999.0 -9999.0 -9999.0 -9999.0 -9999.0 -9999.0 -9999.0 -9999.0 -9999.0 -9999.0 -9999.0 -9999.0 -9999.0 -9999.0 -9999.0 -9999.0 0.856260884305 0.845610180642 0.842059982936 1.72233877787 0.782111007057 23.4727309164 24.2357533095 0.593906490804 1.10505421348 0.544509920413 0.49015087415 0.484563745402 30.441391744 0.0843786687999 0.161282360139 0.17183656228 0.241813105362 0.223017581332 0.192508533038 0.195907665433 0.580345086871 0.780566687179 0.170937718272 0.163961016696 0.335969363102 0.525934385384 0.645045557398 0.15651975845 50.4515944708 52.1432467749 529.963469366 0.562043423355 0.0169545610788 0.00271915489651 0.00790787858419 0.00200878382362 0.00134788211833 0.0110811559701
-9999.0 -9999.0 -9999.0 -9999.0 -9999.0 -9999.0 -9999.0 -9999.0 -9999.0 -9999.0 -9999.0 -9999.0 -9999.0 -9999.0 -9999.0 -9999.0 -9999.0 -9999.0 0.836749851397 2.51193506085 3.24353234471 4.00314925858 24.9719645969 25.6872210946 26.4208193941 27.1824075344 27.6611251409 28.6329097289 28.7366012555 28.8076004853 28.9293788256 0.236985443195 0.222861903936 0.225868510291 0.813576843335 0.20476670039 0.194759583561 0.175088383737 0.51075843946 0.187107142697 0.161975086443 0.155764737752 0.141957350158 0.283583286477 0.408349742597 52.974808448 583.76217746 0.269692546767 0.545327576921 0.00176780541046 0.0104646734301 0.00541198359359 0.00272366065651 1.47893245001
-9999.0 -9999.0 -9999.0 -9999.0 -9999.0 -9999.0 -9999.0 -9999.0 -9999.0 -9999.0 -9999.0 -9999.0 -9999.0 -9999.0 -9999.0 -9999.0 -9999.0 -9999.0 -9999.0 0.742695426555 5.59608485507 11.1505610428 11.9496947337 0.819130369791 1.40574057467 1.9132677032 2.37967146991 5.27068599013 5.49807964401 0.230090161442 0.214597151202 29.4092941182 29.8464003329 30.053451082 0.992526707849 0.176488839749 0.372755140822 0.550963293529 1.61721363223 1.97239770802 2.28219489163 0.295580553389 0.417922186511 0.137113749635 0.269683788938 0.13540714755 584.057934169 0.250611468244 1.01768160585 0.25923225093 0.372104599885 1.27179828275 1.39078779186 2.98826185128
-9999.0 -9999.0 -9999.0 -9999.0 -9999.0 -9999.0 -9999.0 -9999.0 -9999.0 -9999.0 -9999.0 -9999.0 -9999.0 -9999.0 -9999.0 -9999.0 -9999.0 -9999.0 0.791571597918 2.47318582888 4.86938779949 6.39966631972 16.5658427524 17.3916175389 1.03354084155 1.5331617392 1.9788566678 2.44003703372 5.63073877634 6.05105587821 9.78794790301 10.0892302106 10.3001897025 30.2685649936 31.8410015393 0.383636735216 0.209356731457 0.205890784896 0.397097728294 0.185944541866 2.63808507507 2.78581295349 0.550359988412 0.672878373705 0.128965922961 146.680115592 146.95181787 731.250321826 732.604959786 0.242742703208 0.88656590503 0.276711331808 0.226384755114 3.33489640919
-9999.0 -9999.0 -9999.0 -9999.0 -9999.0 -9999.0 -9999.0 -9999.0 -9999.0 -9999.0 -9999.0 -9999.0 -9999.0 -9999.0 -9999.0 -9999.0 -9999.0 -9999.0 -9999.0 0.865004520682 0.840956585006 1.62348698122 3.89190756561 18.12007255 0.522752121569 0.517200876982 0.968581975735 1.41597931943 3.10043083958 3.24675262427 0.100864926479 0.197096819199 10.5463131769 10.765490603 42.7940672992 42.9738225798 0.162063891882 0.153157008425 0.133384532687 0.134226681104 0.127594689097 144.263571841 145.04065767 145.833529515 146.06957632 146.555205428 0.14075021106 0.535704537087 0.706789426683 733.716841461 733.927758805 734.163643238 734.314479155 734.419406147
-9999.0 -9999.0 -9999.0 -9999.0 -9999.0 -9999.0 -9999.0 -9999.0 -9999.0 -9999.0 -9999.0 -9999.0 -9999.0 -9999.0 -9999.0 -9999.0 -9999.0 -9999.0 -9999.0 -9999.0 0.798232936889 0.821276903637 1.54605232692 21.1463357048 21.9172145162 0.512341336472 0.964065012044 1.41562425288 1.56142603679 0.110508421491 0.323228432663 42.1116093934 42.344391066 42.5288472371 43.9679374501 87.1181613308 138.970354318 139.309708376 139.620132489 139.923579309 141.00572446 141.333968817 0.634338618835 0.302407631036 0.165627311981 0.320368197995 0.265358633097 0.411801049617 0.134706839798 2.81576145398 3.30667211452 3.75086465295 3.8646555088 734.572856191
-9999.0 -9999.0 -9999.0 -9999.0 -9999.0 -9999.0 -9999.0 -9999.0 -9999.0 -9999.0 -9999.0 -9999.0 -9999.0 -9999.0 -9999.0 -9999.0 -9999.0 -9999.0 -9999.0 -9999.0 -9999.0 0.806329342393 1.55255712896 2.30052329469 22.5618724328 0.689543277362 30.2434027687 30.7048941632 30.8155286398 31.0260238204 41.2694840309 41.5356811293 0.234907701561 1.08293938628 1.29536665527 0.215246955398 51.5067200114 51.1101815549 0.146178088026 0.318944181678 0.812856128829 0.168342140304 0.173733813517 0.152249591997 0.137141307786 0.116317484152 0.127766087675 2.37634271034 2.50556127425 2.65064294451 0.29030858291 0.244085091586 4.0454419353 4.20895965951
-9999.0 -9999.0 -9999.0 -9999.0 -9999.0 -9999.0 -9999.0 -9999.0 -9999.0 -9999.0 -9999.0 -9999.0 -9999.0 -9999.0 -9999.0 -9999.0 -9999.0 -9999.0 -9999.0 -9999.0 -9999.0 0.755717602203 0.713205433699 3.65530396806 27.6802737878 29.0917405496 29.7975535548 0.493745640865 9.94261697921 10.0168704753 10.0755351606 0.232922169834 0.48316286035 0.711471873386 12.5223835765 12.7083658973 12.8729726501 50.7985457746 31.5299894812 0.171256263009 0.167538197539 0.162226323454 0.142454882374 1.39376712792 1.68767096134 1.95674927801 2.10086214102 2.24184006727 11.8045417611 11.9180914223 12.0188256626 12.2591619942 13.630651781 13.7291667078
-9999.0 -9999.0 -9999.0 -9999.0 -9999.0 -9999.0 -9999.0 -9999.0 -9999.0 -9999.0 -9999.0 -9999.0 -9999.0 -9999.0 -9999.0 -9999.0 -9999.0 -9999.0 -9999.0 -9999.0 -9999.0 -9999.0 1.47490015492 2.23157923447 0.788244974014 0.509235256546 8.396078321 8.90114592183 9.23639467994 2.8064004152 2.87107241277 2.97122674946 3.18962150244 12.1246225953 12.3373331346 5.86450317956 18.9227673666 19.102343294 31.3795406577 0.340201239967 0.168388577231 0.14025297189 0.95043155043 1.1093030389 0.117665830492 0.111975276887 11.2925064995 11.5570512472 11.6950235332 0.123386089791 0.173709812158 13.3625534231 0.17158571601 0.686085305417
-9999.0 -9999.0 -9999.0 -9999.0 -9999.0 -9999.0 -9999.0 -9999.0 -9999.0 -9999.0 -9999.0 -9999.0 -9999.0 -9999.0 -9999.0 -9999.0 -9999.0 -9999.0 -9999.0 -9999.0 -9999.0 -9999.0 0.733655000229 1.45486578925 5.99521324878 6.76813087518 7.417999083 2.32932148605 2.73703134076 0.0733339822873 8.56378865125 8.62889257976 8.71147723996 0.161588908445 5.45299424505 5.66827179921 0.1817758969 30.5108022882 0.359557226198 0.179006464219 0.500104514904 0.668840535317 0.143129061614 0.126124057573 10.0419037229 11.0427517971 11.1945892792 0.145955481825 0.347703201326 0.449278374175 0.543400541386 1.0283486305 0.253308423055 0.555816569798
