data/baseflow/History/mHMbfrc336
ncols                  80
nrows                 72
xllcorner      4374000.0
yllcorner      5656000.0
cellsize            500
NODATA_value       -9999
[rows 24 to 47 of 72, columns 0 to 53 of 80]
-9999.0 -9999.0 -9999.0 -9999.0 -9999.0 -9999.0 -9999.0 -9999.0 -9999.0 -9999.0 -9999.0 -9999.0 0.849608963123 2.25398017845 2.91467166051 4.83996503524 0.495781263372 1.02490624816 1.49776531516 6.37682045292 6.80588112561 7.26472552126 7.5816154821 7.91628085049 12.1928537991 13.1602202331 13.7065385573 0.252219630212 1.25592999382 1.51082592262 25.5281054722 26.5267909117 27.0623582442 27.6396237862 27.9639923102 106.105751807 0.189692383568 194.629118633 0.186244889981 0.107569125501 1.33274535026 1.14919908674 0.187266316897 0.587376463577 0.904093228665 0.873157535454 0.616938731594 1.0158797028 1.59913878493 0.603619169945 1.4587595059 0.145383189853 0.281758405645 0.0408695821608
-9999.0 -9999.0 -9999.0 -9999.0 -9999.0 -9999.0 -9999.0 -9999.0 -9999.0 -9999.0 -9999.0 -9999.0 0.754988755249 1.49294121609 0.687157843789 1.32597420678 0.523540768955 4.45213650589 5.42515513887 5.91469609822 0.447098516944 0.895039258307 9.348508203 11.5562464294 11.9196790415 0.670933970577 0.575722455018 0.829969170651 0.216772721319 0.19343812519 0.356727323537 0.131330678723 15.4599257366 15.6080402759 15.6691263257 106.313067582 195.591376852 194.692205621 0.177948984743 0.104852757208 0.0957215968588 0.407766856029 0.32623142686 0.783366742592 1.08841279808 2.16598949084 0.201792406911 0.200711182701 1.76860699937 1.94415267061 3.70748431662 3.7855999239 4.11062950127 4.18720998497
-9999.0 -9999.0 -9999.0 -9999.0 -9999.0 -9999.0 -9999.0 -9999.0 -9999.0 -9999.0 -9999.0 -9999.0 -9999.0 0.707456754199 1.43240197316 2.17198593169 3.31706751739 0.595882441554 0.510066512712 4.00240666458 4.46671589222 8.44734191948 8.95778379528 1.46023807905 0.383708775537 0.318693160604 0.284106209585 14.4299296852 14.6252714251 14.8449697415 15.0263558965 15.3186274413 1.9578178133 2.0533115985 17.7920440472 319.806531209 0.693543670321 0.509532342755 0.272331942082 0.0817256629913 0.0761414993073 0.589842981691 0.647265847743 0.925251383473 0.0722411175957 2.26392028492 0.341095072114 0.337429157463 0.0641669403953 0.0404749639722 0.0352498122516 0.0318551456764 0.0358254886961 4.24892435955
-9999.0 -9999.0 -9999.0 -9999.0 -9999.0 -9999.0 -9999.0 -9999.0 -9999.0 -9999.0 -9999.0 -9999.0 -9999.0 -9999.0 0.665320343648 1.29560929111 1.88476431633 2.48666204263 2.98722354456 3.51117639772 1.52082881251 2.58603128546 0.485000130459 0.432465264782 12.719016812 13.5129098751 13.857023712 14.1989436339 0.23250611614 0.417599431791 1.28718527093 1.54964523211 1.78747051032 0.117277160597 0.128392377506 320.279790083 0.178355498678 0.168748275514 0.0826528659745 0.376556918082 0.186445823195 0.0726511320393 1.63890255751 1.71484867218 0.040828475955 2.3126807957 2.6950753692 0.397182837734 55.7442903735 55.6480391378 55.5687194339 55.4275081468 55.3703551692 54.2182109481
-9999.0 -9999.0 -9999.0 -9999.0 -9999.0 -9999.0 -9999.0 -9999.0 -9999.0 -9999.0 -9999.0 -9999.0 -9999.0 -9999.0 0.205401299019 0.450039905033 0.612884557336 6.56687633394 7.0988870364 0.549165870888 0.515526754057 0.539480496181 10.9074076397 11.9202774466 0.472664918064 0.459809189441 0.338548183519 1.47943920185 1.84402106625 0.764297412024 1.09737448246 9.26956031189 9.52448192613 9.85722791695 15.457619099 335.864702287 0.176392636302 0.0686871487335 0.594330638039 0.491779188072 0.0705669077973 0.214972071856 0.277259466603 1.78244522076 1.83885632212 4.6716635246 2.74854853229 0.506634296572 56.9150612898 0.396447290031 55.5001119319 55.4661108998 1.08446022491 0.0914043700529
-9999.0 -9999.0 -9999.0 -9999.0 -9999.0 -9999.0 -9999.0 -9999.0 -9999.0 -9999.0 -9999.0 -9999.0 -9999.0 -9999.0 1.02427007253 1.68994193734 3.36231299191 5.98726905882 7.72850323734 8.9299449599 9.43006663221 9.95957402179 10.4607218074 0.489084775627 0.414309702194 0.812548539672 0.721887425985 0.406012010291 7.97276568274 8.32590989887 8.63953702672 8.95304949222 5.0179587198 5.16722951919 5.40161015531 335.971034821 0.335345181167 0.165659201082 0.865585845443 0.119338422004 0.161536192797 0.0954620162841 0.0571857726403 0.348315590823 0.0444768519375 0.0469714290085 61.8064306662 57.1052364094 57.0632539469 0.155481103305 0.356501316797 0.211009959293 0.0369093106326 0.901134932287
-9999.0 -9999.0 -9999.0 -9999.0 -9999.0 -9999.0 -9999.0 -9999.0 -9999.0 -9999.0 -9999.0 -9999.0 -9999.0 -9999.0 0.708102630911 0.678484584474 1.3320277771 1.99479734684 0.636589202029 0.71660783186 1.30120003192 1.86906689265 2.9251298926 3.42094138373 3.79717960612 5.01257152336 5.36315770676 5.79420773424 0.364745594806 3.83504252186 4.14290772872 4.46795979697 0.30384825049 0.360866418013 0.541310630178 342.500453089 342.598547677 343.105510106 1.21911729266 0.24979413782 0.236700371075 0.0529378761581 0.102221388974 0.398676536166 0.482122996319 0.085565050223 62.0245300267 0.0797343637386 0.0850620107347 0.0859997729382 0.0886472672121 0.136457696953 0.059781840114 0.633194363386
-9999.0 -9999.0 -9999.0 -9999.0 -9999.0 -9999.0 -9999.0 -9999.0 -9999.0 -9999.0 -9999.0 -9999.0 -9999.0 -9999.0 -9999.0 0.652560735361 1.28195015245 0.599458976299 1.21916358006 7.51652392405 8.00289683979 8.50987388169 0.517586483053 0.510518497488 0.885425703003 1.30447722729 1.99128505598 2.36964645578 2.76592797726 3.11819725486 0.281747780982 0.272040668145 5.24286426189 5.59849555344 5.74205620506 5.87685215976 5.40130305813 349.062047376 350.982029386 351.072333503 351.385166583 351.713859335 351.836620094 0.0408151268107 0.520307830289 62.0589522925 0.0820212825248 0.041937270448 0.0798443134038 0.0831700298433 0.130965424506 0.0838836394835 0.0489573366937 0.0723056341775
-9999.0 -9999.0 -9999.0 -9999.0 -9999.0 -9999.0 -9999.0 -9999.0 -9999.0 -9999.0 -9999.0 -9999.0 -9999.0 -9999.0 -9999.0 -9999.0 1.90482350479 2.5320000014 4.41675559064 5.69088791957 0.627209950946 9.74494936265 10.2354868878 10.6661690636 0.398969212227 0.783956395505 0.324615602704 2.64496541433 3.0242866941 3.41302617402 3.71984592763 4.63927630168 4.97685124227 0.216830561093 4.86269035092 5.1427794231 5.27899934998 5.85520963521 0.610025593123 0.334511392294 0.173917193555 0.173591684321 351.961856842 352.000477786 352.875027916 62.0950820549 0.278827223868 0.162273769818 0.117245006904 0.0290449230271 0.309310089743 0.140392637273 0.0447980846176 0.238631632034
-9999.0 -9999.0 -9999.0 -9999.0 -9999.0 -9999.0 -9999.0 -9999.0 -9999.0 -9999.0 -9999.0 -9999.0 -9999.0 -9999.0 -9999.0 -9999.0 0.681105702696 3.17935252556 3.83112138276 0.641924531306 0.554346301106 1.18342157652 1.71358298469 12.8183450307 0.396566438822 1.60034603542 1.93936952359 2.28154856139 0.376592492788 0.749795777639 1.09221338751 3.69689823746 4.20472844594 4.3669603022 0.146170462639 0.139280620065 0.166464751187 0.313218538948 0.141044994936 0.145182106527 0.137382265016 0.167552354493 0.135728084351 0.334416971089 352.916320145 415.154932634 0.338160807049 0.0899518261354 0.0323852075951 0.892134653999 0.82739513981 0.467916349817 0.414963793775 0.301722778269
-9999.0 -9999.0 -9999.0 -9999.0 -9999.0 -9999.0 -9999.0 -9999.0 -9999.0 -9999.0 -9999.0 -9999.0 -9999.0 -9999.0 -9999.0 0.598516570938 1.89923619717 0.620715092674 0.619340572671 0.61340033188 1.17663957845 1.75472168673 2.23058051687 15.5654673677 15.9426420786 0.391558811373 0.736402449127 1.08590851823 1.4818698089 1.84086094155 3.25082804654 3.49813996758 0.306930446048 0.228574964859 0.19086758616 0.126085434866 0.148615107758 0.167531722018 0.159088600499 0.276401766398 0.536339992035 0.280269002362 0.114020205128 0.114758543989 0.0632732552704 0.115247494769 419.192126137 3.62570738987 1.19767947513 0.210475686257 0.106712016384 0.0549976588785 0.151620009881 0.0877613511648
-9999.0 -9999.0 -9999.0 -9999.0 -9999.0 -9999.0 -9999.0 -9999.0 -9999.0 -9999.0 -9999.0 -9999.0 -9999.0 -9999.0 0.637568779093 1.21639475646 4.33901547918 0.613820818441 1.23399889298 1.81857169167 2.33806780051 0.554594948946 0.99869122722 1.49133595341 17.9060598969 0.363909918036 0.681597297978 1.02468334175 0.346378137893 0.686721049879 0.98389511692 1.19893211558 29.8598826937 30.219499803 30.5227995297 31.6145926341 32.0760620502 32.9051246084 0.212910793551 0.567066122498 0.625295040316 35.30069591 35.4735224443 0.103994007661 0.146061324541 0.187673386257 419.26821494 3.4266233996 1.9373842634 1.80447662781 1.34512954698 1.1141740567 0.198132523598 0.0561326433395
-9999.0 -9999.0 -9999.0 -9999.0 -9999.0 -9999.0 -9999.0 -9999.0 -9999.0 -9999.0 -9999.0 -9999.0 -9999.0 -9999.0 0.635267532811 1.94220258798 6.91598049549 10.2596120858 0.566599985751 13.435812943 16.3373951355 0.492716821017 0.932564697548 1.40248141234 21.9779610326 22.3696903012 0.25551799404 1.54824609762 1.80549415141 2.09182563591 27.533258757 28.1729010775 28.4873586954 0.147963693756 0.829715411732 0.975958094452 0.363667961692 0.489543038025 33.6627187654 34.4412400543 34.5343793045 34.6220982132 35.5799596026 0.0530278068349 0.0458138714871 0.276964251548 419.342773548 0.148536881829 0.115357602311 0.348994568022 0.130797831798 0.962408472225 0.784971690943 0.480751869217
-9999.0 -9999.0 -9999.0 -9999.0 -9999.0 -9999.0 -9999.0 -9999.0 -9999.0 -9999.0 -9999.0 -9999.0 -9999.0 -9999.0 -9999.0 -9999.0 1.35971559302 2.73936763185 12.1863005676 12.8583824527 16.9324603916 17.5115797775 0.482413094692 0.965526546459 2.19433492868 22.8501714377 23.4277750971 23.6442062657 0.179203250877 24.4651992843 25.1504956367 0.407901628336 0.150225643883 0.287306951834 0.561979893518 0.133774954448 0.254487432871 0.563794686637 0.676759730715 0.128213330611 0.0853248649221 0.163289839211 36.3026387178 36.5337151706 36.5712565274 36.9691098369 419.398435584 0.121251661439 0.0789142284803 0.0979871531796 0.0926967267297 0.0953313408756 0.0788821102116 0.146567174145
-9999.0 -9999.0 -9999.0 -9999.0 -9999.0 -9999.0 -9999.0 -9999.0 -9999.0 -9999.0 -9999.0 -9999.0 -9999.0 -9999.0 -9999.0 -9999.0 0.713274543176 0.700187759525 0.68809585579 1.33050095245 0.592425951937 18.6897023931 19.216783794 0.429267950544 0.848474342665 0.35268449011 0.281671671219 0.270302540401 24.1153299571 0.238567912947 0.499925325383 0.201154833815 0.156000151119 0.141537461547 0.10868752162 0.113464160808 0.344684877594 0.473173057182 0.0916693270376 0.0839692455503 0.179837738186 0.299924932323 0.452850489419 0.145979767403 36.6428732286 37.0114224194 419.437469601 0.441721835447 0.193462703274 0.0573535644036 0.136221100873 0.0446769532101 0.0317337390882 0.181523040801
-9999.0 -9999.0 -9999.0 -9999.0 -9999.0 -9999.0 -9999.0 -9999.0 -9999.0 -9999.0 -9999.0 -9999.0 -9999.0 -9999.0 -9999.0 -9999.0 -9999.0 -9999.0 0.691022123783 1.96973025293 2.53816440189 3.11914905045 19.7666472148 20.3079070813 20.8173003602 21.2652362663 21.5246451243 22.0698625471 22.2724583752 22.5006753786 22.6602570047 0.134244354795 0.125197895277 0.133970845728 0.476228468696 0.127571069395 0.119485400209 0.0926726333349 0.269295957321 0.112856221808 0.0840779504818 0.0773854035571 0.0675215866837 0.134706794995 0.187107357049 37.3805969207 457.288099155 0.121734246337 0.212228933703 0.0446273399633 0.182949403743 0.0941474914997 0.0637918612048 0.699597631318
-9999.0 -9999.0 -9999.0 -9999.0 -9999.0 -9999.0 -9999.0 -9999.0 -9999.0 -9999.0 -9999.0 -9999.0 -9999.0 -9999.0 -9999.0 -9999.0 -9999.0 -9999.0 -9999.0 0.592974798551 4.60750070312 8.98402327626 9.57790654771 0.599189589643 1.04903821325 1.4848390941 1.80927229989 4.17341537884 4.3219746336 0.143231694943 0.141816278905 22.9392813284 23.1869623773 23.3034913829 0.566178208723 0.0827552545637 0.202210830923 0.298137267157 0.883789774763 1.09639982211 1.25940533734 0.147924260279 0.203569099561 0.0680127813448 0.131842534393 0.066755771349 457.367051802 0.0991072160719 0.404805453098 0.127530389563 0.333683363329 0.834031924435 0.944169029747 1.69478246694
-9999.0 -9999.0 -9999.0 -9999.0 -9999.0 -9999.0 -9999.0 -9999.0 -9999.0 -9999.0 -9999.0 -9999.0 -9999.0 -9999.0 -9999.0 -9999.0 -9999.0 -9999.0 0.646675602748 2.05189030855 4.02748619576 5.26891197413 13.3789795456 13.9684678345 0.940636310094 1.39700650532 1.79132095743 2.10749389846 4.50580338543 4.80518027859 9.04830394979 9.52750364833 9.6727027132 23.4189762569 24.2808241584 0.198050039536 0.129194219868 0.122383476615 0.231452209861 0.107519363396 1.47154531255 1.55023858207 0.266978161602 0.386714640066 0.0835902243725 137.746546699 137.875488429 595.271992073 595.773934968 0.108239478494 0.572054880234 0.140566561104 0.100406393763 1.83265508865
-9999.0 -9999.0 -9999.0 -9999.0 -9999.0 -9999.0 -9999.0 -9999.0 -9999.0 -9999.0 -9999.0 -9999.0 -9999.0 -9999.0 -9999.0 -9999.0 -9999.0 -9999.0 -9999.0 0.732329520019 0.711831830922 1.35695164863 3.22138343931 14.5528971015 0.495967038362 0.488851996948 0.86875370212 1.28215970241 3.21887318345 3.50107960233 0.397061230055 0.319795909338 9.8515516718 9.97898627543 34.4096304571 34.5454411203 0.0744033851561 0.0658079562102 0.0535489465615 0.0540865708289 0.0574124685464 136.072589353 136.579031121 137.106912595 137.326328085 137.650931433 0.0766994726224 0.281171894699 0.326905525805 596.202380187 596.2215066 596.287509906 596.338543692 596.386344642
-9999.0 -9999.0 -9999.0 -9999.0 -9999.0 -9999.0 -9999.0 -9999.0 -9999.0 -9999.0 -9999.0 -9999.0 -9999.0 -9999.0 -9999.0 -9999.0 -9999.0 -9999.0 -9999.0 -9999.0 0.662152161457 0.688003181344 1.27758356845 17.0543885242 17.6037371371 0.475353758497 0.851140330942 1.27505663491 1.68941689211 0.380115836604 0.645275947807 36.0279939573 36.1684938442 36.3897286821 37.8302676141 72.5643655715 133.088237758 133.26277916 133.415443337 133.562335201 134.235870414 134.449521325 0.416483587957 0.18782432719 0.107951835591 0.201927012582 0.14160157791 0.224557335687 0.0647477417378 1.73580769407 1.95513944959 2.1600749479 2.17934210875 596.374116744
-9999.0 -9999.0 -9999.0 -9999.0 -9999.0 -9999.0 -9999.0 -9999.0 -9999.0 -9999.0 -9999.0 -9999.0 -9999.0 -9999.0 -9999.0 -9999.0 -9999.0 -9999.0 -9999.0 -9999.0 -9999.0 0.67733649345 1.29600568817 1.91582604058 18.1078747303 0.440587950157 24.1567801593 24.6058638425 25.0155912649 25.326265116 34.8429084428 35.1350551844 0.166421738245 1.02851383831 1.23315109818 0.159173117901 60.3529356002 60.0668400948 0.0852910297289 0.20177640629 0.546201655709 0.121750347901 0.128104873277 0.0974519505115 0.0786753120297 0.0593940551106 0.0680657422775 1.53010112265 1.59833531547 1.68275655355 0.167452761303 0.149333509115 2.27341453334 2.31117927155
-9999.0 -9999.0 -9999.0 -9999.0 -9999.0 -9999.0 -9999.0 -9999.0 -9999.0 -9999.0 -9999.0 -9999.0 -9999.0 -9999.0 -9999.0 -9999.0 -9999.0 -9999.0 -9999.0 -9999.0 -9999.0 0.625771980007 0.584210503607 3.02161290396 22.287549771 23.2943120238 23.7647687269 0.372596714135 8.38230832949 8.84483667662 9.19833442739 0.301955799117 0.475648857918 0.627535532955 13.0669409558 13.1912327581 13.2969829379 59.8844437774 37.9135232961 0.110216156153 0.117451238749 0.112118677116 0.0843394911569 0.951186751017 1.13218900482 1.28876836007 1.37398626384 1.45558909604 13.8093969936 13.8623045537 13.9599353134 14.2426609507 15.0236521037 15.0426154673
-9999.0 -9999.0 -9999.0 -9999.0 -9999.0 -9999.0 -9999.0 -9999.0 -9999.0 -9999.0 -9999.0 -9999.0 -9999.0 -9999.0 -9999.0 -9999.0 -9999.0 -9999.0 -9999.0 -9999.0 -9999.0 -9999.0 1.22106109774 1.85506132486 0.6190582869 0.530874041895 7.03388995927 7.43595733402 7.71660021682 2.51589048545 2.83403482495 3.13879725031 3.31651186142 12.7792368125 12.9617481326 8.31101537449 21.7447247459 21.8717350127 37.8260623586 0.244610400835 0.124797179342 0.0857591509122 0.671629697948 0.782905181553 0.0647813949158 0.0606273846567 13.5463833997 13.6942004843 13.7622414335 0.131302192802 0.204480696818 14.9313766789 0.0545630775836 0.159350100359
-9999.0 -9999.0 -9999.0 -9999.0 -9999.0 -9999.0 -9999.0 -9999.0 -9999.0 -9999.0 -9999.0 -9999.0 -9999.0 -9999.0 -9999.0 -9999.0 -9999.0 -9999.0 -9999.0 -9999.0 -9999.0 -9999.0 0.609371624241 1.20654516392 4.96979752324 5.58171267158 6.05402454903 1.88918036224 2.20845830069 0.327157277555 8.73781578384 9.03113526246 9.28966531274 0.197776573912 7.97265083959 8.16289516801 0.137730983191 37.1837354181 0.281198719127 0.141733428916 0.372922832685 0.498141650105 0.0900701294348 0.0717570051832 12.7575786076 13.4173286282 13.5040172696 0.0936556632444 0.19609041045 0.246287671147 0.296512201356 0.590236003724 0.0585979132028 0.132110369859
