data/baseflow/History/mHMbfrc483
ncols                  80
nrows                 72
xllcorner      4374000.0
yllcorner      5656000.0
cellsize            500
NODATA_value       -9999
[rows 0 to 23 of 72, columns 0 to 54 of 80]
-9999.0 -9999.0 -9999.0 -9999.0 -9999.0 -9999.0 -9999.0 -9999.0 -9999.0 -9999.0 -9999.0 -9999.0 1.56030165198 1.11670582256 -9999.0 -9999.0 -9999.0 -9999.0 -9999.0 -9999.0 -9999.0 -9999.0 -9999.0 -9999.0 -9999.0 -9999.0 -9999.0 -9999.0 -9999.0 -9999.0 -9999.0 -9999.0 -9999.0 -9999.0 -9999.0 -9999.0 -9999.0 -9999.0 -9999.0 -9999.0 -9999.0 -9999.0 -9999.0 -9999.0 -9999.0 -9999.0 -9999.0 -9999.0 -9999.0 -9999.0 -9999.0 -9999.0 -9999.0 -9999.0 -9999.0
-9999.0 -9999.0 -9999.0 -9999.0 -9999.0 -9999.0 -9999.0 -9999.0 -9999.0 -9999.0 -9999.0 -9999.0 3.12939902372 6.46768940848 0.954129031168 -9999.0 0.716612967632 -9999.0 -9999.0 -9999.0 -9999.0 -9999.0 -9999.0 -9999.0 -9999.0 -9999.0 -9999.0 -9999.0 -9999.0 -9999.0 -9999.0 -9999.0 -9999.0 -9999.0 -9999.0 -9999.0 -9999.0 -9999.0 -9999.0 -9999.0 -9999.0 -9999.0 -9999.0 -9999.0 -9999.0 -9999.0 -9999.0 -9999.0 -9999.0 -9999.0 -9999.0 -9999.0 -9999.0 -9999.0 -9999.0
-9999.0 -9999.0 -9999.0 -9999.0 -9999.0 -9999.0 -9999.0 -9999.0 -9999.0 -9999.0 1.56627328414 1.51644013953 1.55649443199 1.50573775922 9.39763627816 10.4939674819 2.03808730295 0.648016907138 -9999.0 -9999.0 -9999.0 -9999.0 -9999.0 -9999.0 -9999.0 -9999.0 -9999.0 -9999.0 -9999.0 -9999.0 -9999.0 -9999.0 -9999.0 -9999.0 -9999.0 -9999.0 -9999.0 -9999.0 -9999.0 -9999.0 -9999.0 -9999.0 -9999.0 -9999.0 -9999.0 -9999.0 -9999.0 -9999.0 -9999.0 -9999.0 -9999.0 -9999.0 -9999.0 -9999.0 -9999.0
-9999.0 -9999.0 -9999.0 -9999.0 -9999.0 -9999.0 -9999.0 -9999.0 -9999.0 1.52920538061 3.08816636134 6.12032713578 3.03110391653 1.48527846273 2.94912755512 11.9519580746 15.6894598018 0.786771418537 -9999.0 1.54837086801 -9999.0 -9999.0 -9999.0 -9999.0 1.41892791899 0.706673577059 -9999.0 -9999.0 -9999.0 -9999.0 -9999.0 -9999.0 -9999.0 -9999.0 -9999.0 -9999.0 -9999.0 -9999.0 -9999.0 -9999.0 -9999.0 -9999.0 -9999.0 -9999.0 -9999.0 -9999.0 -9999.0 -9999.0 -9999.0 -9999.0 -9999.0 -9999.0 -9999.0 -9999.0 -9999.0
-9999.0 -9999.0 -9999.0 -9999.0 -9999.0 -9999.0 -9999.0 -9999.0 1.61025073411 4.69895983698 6.19807894278 7.71179359412 10.6255625559 1.45914003869 5.82530766943 7.27374743002 25.2701200993 1.28688770384 1.43626996709 3.00487260023 4.42455448669 1.45158829705 -9999.0 3.9379263806 3.20823569612 0.941831847766 -9999.0 -9999.0 -9999.0 -9999.0 -9999.0 -9999.0 -9999.0 -9999.0 -9999.0 -9999.0 -9999.0 -9999.0 -9999.0 -9999.0 -9999.0 -9999.0 -9999.0 -9999.0 -9999.0 -9999.0 -9999.0 -9999.0 -9999.0 -9999.0 -9999.0 -9999.0 -9999.0 -9999.0 -9999.0
-9999.0 -9999.0 -9999.0 -9999.0 -9999.0 -9999.0 1.64570001618 1.54290659572 1.52149969058 1.52945571063 1.54064102928 10.799201861 22.9252055954 24.4217299516 25.791828909 1.33789124342 27.9598029101 29.3541398351 2.87835265553 1.42700552858 5.82492802621 10.1289586164 1.37920080806 8.03427861587 1.48796296857 1.43416480516 1.52402861644 -9999.0 -9999.0 -9999.0 -9999.0 -9999.0 -9999.0 -9999.0 -9999.0 -9999.0 -9999.0 -9999.0 -9999.0 -9999.0 -9999.0 -9999.0 -9999.0 -9999.0 -9999.0 -9999.0 -9999.0 -9999.0 -9999.0 -9999.0 -9999.0 -9999.0 -9999.0 -9999.0 -9999.0
-9999.0 -9999.0 -9999.0 -9999.0 -9999.0 -9999.0 3.28252979672 4.85841036939 11.0564624937 15.5901111898 1.46906016574 1.49841370561 1.4564305402 4.30544055413 31.4803098734 1.34087546373 30.7622573147 36.1799827355 4.24857957532 2.79884966325 11.5038816921 1.43108502921 9.45744448746 2.86647455799 1.44602732621 2.86037516821 3.01989930176 1.51830648566 1.51082057478 1.50318299413 1.51814419791 3.05178389886 -9999.0 -9999.0 -9999.0 -9999.0 -9999.0 -9999.0 -9999.0 -9999.0 -9999.0 -9999.0 -9999.0 -9999.0 -9999.0 -9999.0 -9999.0 -9999.0 -9999.0 -9999.0 -9999.0 -9999.0 -9999.0 -9999.0 -9999.0
-9999.0 -9999.0 -9999.0 -9999.0 -9999.0 1.66299569869 3.28077550106 1.59882891358 3.1586579294 17.1516783921 20.1498813968 23.1405746444 71.9077189971 1.42224877701 32.9130173343 115.423864579 116.463041416 154.368688875 1.10578891412 4.18741906821 12.8883311928 1.38065067413 25.331033805 14.4748194614 8.77783602459 7.3396585875 1.48260146066 4.51166548186 4.45903872429 2.98181142507 1.46892059682 4.5508538371 1.4734919145 1.47199227139 -9999.0 -9999.0 -9999.0 -9999.0 -9999.0 -9999.0 -9999.0 -9999.0 -9999.0 -9999.0 -9999.0 -9999.0 -9999.0 -9999.0 -9999.0 -9999.0 -9999.0 -9999.0 -9999.0 -9999.0 -9999.0
-9999.0 -9999.0 -9999.0 -9999.0 -9999.0 1.67012073797 4.92114142156 9.80821102279 11.3741127551 22.5979919666 24.125227217 28.7938420141 47.3366585075 75.7782320045 78.5667564184 79.8564394546 2.58127707913 158.924455323 161.274075493 168.134141417 211.936094384 29.5193696244 26.7554703926 10.2027621857 1.41283874336 8.80072587454 5.93975793766 1.4140918928 5.87105731489 1.36909167516 2.79347682385 7.43196674679 8.87217326581 2.91344396098 1.432469339 1.44172698224 -9999.0 -9999.0 -9999.0 -9999.0 0.822780240632 0.694481002034 -9999.0 -9999.0 -9999.0 -9999.0 -9999.0 -9999.0 -9999.0 -9999.0 -9999.0 -9999.0 -9999.0 -9999.0 -9999.0
-9999.0 -9999.0 -9999.0 -9999.0 -9999.0 1.65332867666 1.6126751731 6.50909946863 8.07702223427 9.67256048925 1.57043140311 3.13110932147 17.4451396816 3.09597347225 1.52057754716 1.47105842902 1.38430770252 1.4922971389 1.48133388403 1.45722326931 213.350309697 217.50592724 1.38003337499 4.19624230315 2.82214079069 10.197257089 2.82506677634 1.39135241842 7.30809995521 2.696566835 6.42642511101 15.8356044639 14.6366295649 4.34145625513 4.30186257566 1.43949519515 1.43425647976 -9999.0 -9999.0 1.42331142376 1.9168449309 4.0572662065 0.728207549674 -9999.0 -9999.0 -9999.0 -9999.0 -9999.0 -9999.0 -9999.0 -9999.0 -9999.0 -9999.0 -9999.0 -9999.0
-9999.0 -9999.0 -9999.0 -9999.0 -9999.0 -9999.0 1.66717838759 1.64359578987 3.27081668476 4.88191496588 11.1957372416 14.3707165959 15.9516060687 1.61056474083 1.45899494203 18.3299449502 22.7103915367 24.1486953646 29.9782139808 31.4025752059 1.41310872791 218.90476062 225.80863669 5.52492200421 1.18942180028 11.5304472662 25.7758238794 10.0715966134 2.74469594511 1.36843330937 24.9136964318 17.2048395469 1.35224754217 1.35978128653 5.66385861279 4.25232795447 1.38939375411 1.4000958884 1.39478448585 2.8018472774 1.36787973176 4.95106608168 6.28901155611 1.31484463425 -9999.0 -9999.0 -9999.0 -9999.0 1.38065587158 1.34681674626 0.38262135063 -9999.0 -9999.0 -9999.0 -9999.0
-9999.0 -9999.0 -9999.0 -9999.0 -9999.0 -9999.0 -9999.0 1.67106053572 1.54844386687 3.14896890846 4.74800993979 1.60232054747 1.54860015572 9.34000216199 12.3714350131 15.4226247326 1.47691967287 2.95553654097 1.45646952744 32.8167050103 71.7010633371 72.5478345541 300.867258951 1.39393710169 3.59200406756 1.17378470844 27.1327101424 1.36099429303 4.12534664515 1.36177895941 26.2703942564 27.6188726463 2.70206221085 2.70189026744 14.0774488893 7.03342094526 2.78435481964 1.40342322305 2.79563236635 4.18727253845 6.89731983329 1.34997478812 8.92758118914 10.2003900222 1.20288789853 1.24324724305 1.26018069298 1.21263970239 1.17293551391 3.9803904777 1.57301963778 1.02479590739 -9999.0 -9999.0 -9999.0
-9999.0 -9999.0 -9999.0 -9999.0 -9999.0 -9999.0 -9999.0 -9999.0 3.20103080909 4.73308276787 1.58534274815 3.17684279713 4.72545110516 7.85893271718 1.56568555437 1.5519677762 1.45875801187 1.4788601499 1.43282411483 36.0409854797 1.45982049108 2.90203416589 304.776451579 308.085693813 1.90610895251 7.33257988227 35.874659792 2.69353006223 5.42092899754 2.63882685899 3.91566620421 32.8870035078 3.98908528086 20.7221087097 16.7353147516 1.33997827475 6.86534763947 2.75064545467 4.13202714926 1.33714497618 8.22543631632 10.8844705042 12.0649708444 13.2187343371 14.8508925172 2.3356032338 2.38007343978 2.29855768544 2.21603585526 5.10992933649 1.1346285551 3.74516277019 4.81641072127 -9999.0 -9999.0
-9999.0 -9999.0 -9999.0 -9999.0 -9999.0 -9999.0 -9999.0 -9999.0 1.62714081531 7.95222546164 9.5231052485 1.57719230269 3.13534266433 1.56013827666 1.52608628657 1.50407396248 18.2670541748 24.3913570782 29.9522097292 35.1626031578 1.34201000978 1.45119188105 1.7266125479 314.686073954 318.055945033 319.846267557 48.6289804402 10.8981588622 9.45029403115 1.29496463703 5.19581870656 39.362323461 1.28330831199 22.0077644803 1.31949343313 8.83813212627 8.22629401619 1.33866386818 5.45717227799 2.66116956326 3.96553067344 1.31194872046 1.15028961195 14.3661606623 15.4584023721 15.9409873433 3.49642199872 3.39272940811 3.29227616632 6.27681436869 8.54876057425 1.13178999112 5.90442639689 1.11943675452 2.17213930874
-9999.0 -9999.0 -9999.0 -9999.0 -9999.0 -9999.0 -9999.0 -9999.0 -9999.0 1.60601546258 11.0970817995 12.6659166512 4.70256477521 7.81491267284 10.8496846447 12.3579593339 1.51106909306 4.66279088365 3.07554992038 1.50660769584 1.52650441402 1.46687904689 2.98461992269 5.21233675635 1.97914349777 372.112050313 374.002587318 1.81896951974 1.36397068048 2.57946106204 3.84987041404 43.1537027945 2.53048822469 23.2312600809 13.8049153278 11.265500025 1.31335818989 2.641449415 6.73752471585 1.27391626883 5.21515938113 2.54835768892 2.1420780304 0.992916749474 18.5063802292 35.4468563197 4.43938226751 4.3484947136 4.32519676464 1.03757538973 9.57223327551 1.01229335745 8.03617823748 1.04464896676 3.21112432646
-9999.0 -9999.0 -9999.0 -9999.0 -9999.0 -9999.0 -9999.0 -9999.0 -9999.0 -9999.0 1.54233922362 15.7723152015 1.56886966306 3.12840183358 4.62081956839 7.66584739343 1.5673237453 3.16734097202 1.57783228493 1.55427409613 1.49707279767 2.97208931491 1.42723494348 1.66535336697 3.61836636085 2.00295293691 375.720906984 379.27853493 384.32316764 5.3085622867 1.2806955007 2.55260299148 44.4302635049 43.2985585987 16.3807649094 1.28476559026 5.24220850871 3.94148237746 8.02040483793 2.55422847182 10.2589045776 3.78787343979 3.28850227858 0.87243014038 1.01169481642 36.5623965165 37.6148440279 47.396983538 7.50862316345 2.11639446807 10.6429073908 12.7022662213 21.7191273328 2.0681450725 0.990284081381
-9999.0 -9999.0 -9999.0 -9999.0 -9999.0 -9999.0 -9999.0 -9999.0 -9999.0 -9999.0 -9999.0 0.825023957489 17.6222517033 1.53681230806 3.01602023653 13.7077622306 1.55842965346 1.56200629274 1.47593042773 3.045099863 1.45346431496 5.87412706257 8.71126835095 10.0906051959 5.0387222879 6.71377131345 1.86447442587 1.99056446917 1.76123568974 392.427278665 396.462769257 45.6553916117 45.6897188907 44.4997093929 2.45439879396 1.21402231451 6.47443435358 16.9615410619 9.25764516765 3.79101408952 15.2428273976 7.21793330988 6.05310682361 1.75769082105 0.795759801413 0.790031976882 0.837103096133 51.0282591815 61.6389306626 1.02851393665 0.969270156723 1.01409583156 22.7047946519 25.7337782035 1.87611192728
-9999.0 -9999.0 -9999.0 -9999.0 -9999.0 -9999.0 -9999.0 -9999.0 -9999.0 -9999.0 -9999.0 0.782710050793 19.5563094632 24.1414697425 1.48359540445 16.6701795837 1.492724563 1.478338928 2.92237196099 7.41839230822 1.44947948083 1.47712496684 1.39820969978 12.9013201759 14.2784084502 22.384049909 25.6743743888 27.3216659592 29.0944548813 30.7672444817 428.850931116 477.632887103 526.286746829 527.543608017 1.3540273305 1.23345903043 19.4255006491 18.2021704596 1.22131198734 1.21432727692 16.3987461492 24.8024021221 1.09160854131 12.2638235146 11.2444566301 3.46346370441 1.69512705063 2.63799530911 1.08043553673 63.6570967851 1.01287939523 2.96331641311 3.83619901985 32.3334560556 34.9803385076
-9999.0 -9999.0 -9999.0 -9999.0 -9999.0 -9999.0 -9999.0 -9999.0 -9999.0 -9999.0 -9999.0 1.58030844965 3.08857863457 25.6394700219 28.5164815958 1.4401276908 19.2756122828 1.39766932988 4.25444544923 8.8159530223 2.85181319004 1.40121930151 2.83346753876 1.34416257586 2.64057228804 1.30752825695 1.26813822424 1.17299130797 1.10813892052 1.15674691832 1.27241251021 1.54315386285 1.72700766775 1.81881112124 532.091163454 25.3389343115 22.4149064662 1.41979608732 3.60811796726 0.905389090057 0.751242634271 25.9466725317 41.6133491122 13.4400262187 9.56444948143 1.83450312094 0.849637774153 0.822230041479 1.80105574137 66.4831854936 68.4533121185 1.00363604518 1.00334418628 0.942309174972 0.799370027036
-9999.0 -9999.0 -9999.0 -9999.0 -9999.0 -9999.0 -9999.0 -9999.0 -9999.0 -9999.0 -9999.0 -9999.0 1.51392993895 18.7730970428 48.7600127388 53.1454997397 73.7698209962 74.8688145045 19.8180282552 14.4952820063 4.27238479651 1.39514761994 5.59678130826 6.9500343098 10.9034498965 2.63969021585 2.57598175673 2.48924099813 4.88819535971 2.43880593245 2.5210907937 1.16384408272 1.01831382989 1.23294678692 533.496389135 559.593869432 561.135107585 1.50972010885 10.5178008219 4.02230068327 1.1898241327 45.1466658117 2.41277688211 1.22587529861 4.97811820514 1.13902691904 1.06530426118 2.06881193881 3.00145010429 3.98538765639 70.2753891852 0.88573720857 0.819825665682 0.82005893293 0.704402389703
-9999.0 -9999.0 -9999.0 -9999.0 -9999.0 -9999.0 -9999.0 -9999.0 -9999.0 -9999.0 -9999.0 1.55820024434 14.2148566419 17.2839775728 2.94165527749 0.886368307574 2.1243029057 78.3984447119 79.5907153655 100.469805991 1.33175334892 2.72060598966 1.30523279006 1.32035417993 12.2028458985 16.140917918 19.9871558318 1.25397068199 6.13867752185 9.81193481789 6.08773992833 2.37007593298 2.12646571469 2.20459646821 2.3032446133 1.35987538128 562.452833928 563.737646115 576.795110886 2.22066062832 1.12579152629 45.9502819665 2.53076751054 1.28029077569 1.30799170217 1.29794578253 1.24214227187 2.3371637342 6.83031705543 11.8472522689 83.014051623 0.760651628197 2.26911322939 1.52181297466 1.35847047051
-9999.0 -9999.0 -9999.0 -9999.0 -9999.0 -9999.0 -9999.0 -9999.0 -9999.0 -9999.0 -9999.0 1.58022177861 9.59180188482 1.55028632739 1.47082141108 7.17825533624 8.55278423949 9.97496828539 11.3644963988 135.701252077 136.862251066 139.382599452 157.578752845 161.521462856 163.937976582 165.258732802 188.306113925 191.608958743 192.839179937 203.921606538 211.271837097 212.480302453 216.882525475 3.3661073694 3.31512889458 1.05622277648 1.20414322501 565.00951235 581.524692647 3.41790903353 52.6318490776 51.6075521028 4.92632876305 1.21699958977 1.23228218827 1.21474391399 1.17868863878 2.36706316133 3.46498163116 1.08793134651 83.8866379849 84.7791739145 89.3823912327 90.1751721248 92.2851493782
-9999.0 -9999.0 -9999.0 -9999.0 -9999.0 -9999.0 -9999.0 -9999.0 -9999.0 -9999.0 -9999.0 4.84373636605 6.42083430927 3.07206122925 4.57173066813 1.48829865862 16.847950801 18.2996478049 21.1713575525 22.4747505979 9.69564811371 151.025099257 152.201979694 1.29202079716 1.10659807386 1.03365496076 2.18228960991 1.11065429603 0.983090247066 0.965323363484 1.00710398122 213.59832029 218.016333275 222.432845471 226.722460206 231.111380574 2.21580818794 0.982634875642 637.58411249 54.7957163107 53.6767530187 1.14155508319 1.10386964842 1.06217689175 2.31264366042 2.3003784049 1.08951882532 1.09061037943 1.0345696432 2.11433466518 2.98465908979 0.803837429363 1.53125332519 0.600601588739 0.479590493257
-9999.0 -9999.0 -9999.0 -9999.0 -9999.0 -9999.0 -9999.0 -9999.0 -9999.0 -9999.0 -9999.0 -9999.0 3.25660409709 1.55729858906 1.52019201364 13.9703957773 15.4360403111 1.46834217902 5.81451232642 7.20261991755 8.53325561214 1.40301219316 1.30429968421 24.2539161491 25.4448663536 26.6045762578 68.3290918289 69.3496849581 71.2426370484 79.1016840373 84.5891894425 85.503769825 0.885319083435 0.900505472226 0.867292778656 233.015710524 0.974592498128 649.204895437 647.465455942 8.7527938113 7.55036841274 4.45583286207 1.11361695547 2.13117998585 3.39121009666 3.37777950726 2.14853994039 1.06503139886 2.09019578765 2.06560834187 3.94162020041 0.613398869741 2.20991488858 3.59281190289 4.58628955599
