data/baseflow/History/mHMbfrc479
ncols                  80
nrows                 72
xllcorner      4374000.0
yllcorner      5656000.0
cellsize            500
NODATA_value       -9999
[rows 0 to 23 of 72, columns 0 to 54 of 80]
-9999.0 -9999.0 -9999.0 -9999.0 -9999.0 -9999.0 -9999.0 -9999.0 -9999.0 -9999.0 -9999.0 -9999.0 1.01360843172 0.890703693806 -9999.0 -9999.0 -9999.0 -9999.0 -9999.0 -9999.0 -9999.0 -9999.0 -9999.0 -9999.0 -9999.0 -9999.0 -9999.0 -9999.0 -9999.0 -9999.0 -9999.0 -9999.0 -9999.0 -9999.0 -9999.0 -9999.0 -9999.0 -9999.0 -9999.0 -9999.0 -9999.0 -9999.0 -9999.0 -9999.0 -9999.0 -9999.0 -9999.0 -9999.0 -9999.0 -9999.0 -9999.0 -9999.0 -9999.0 -9999.0 -9999.0
-9999.0 -9999.0 -9999.0 -9999.0 -9999.0 -9999.0 -9999.0 -9999.0 -9999.0 -9999.0 -9999.0 -9999.0 2.02304396913 4.54540097007 0.755806004118 -9999.0 0.640942483972 -9999.0 -9999.0 -9999.0 -9999.0 -9999.0 -9999.0 -9999.0 -9999.0 -9999.0 -9999.0 -9999.0 -9999.0 -9999.0 -9999.0 -9999.0 -9999.0 -9999.0 -9999.0 -9999.0 -9999.0 -9999.0 -9999.0 -9999.0 -9999.0 -9999.0 -9999.0 -9999.0 -9999.0 -9999.0 -9999.0 -9999.0 -9999.0 -9999.0 -9999.0 -9999.0 -9999.0 -9999.0 -9999.0
-9999.0 -9999.0 -9999.0 -9999.0 -9999.0 -9999.0 -9999.0 -9999.0 -9999.0 -9999.0 0.967829161583 0.923005091786 0.975296179705 0.960666943553 6.33481268696 7.08947169723 1.78921003602 0.569296007929 -9999.0 -9999.0 -9999.0 -9999.0 -9999.0 -9999.0 -9999.0 -9999.0 -9999.0 -9999.0 -9999.0 -9999.0 -9999.0 -9999.0 -9999.0 -9999.0 -9999.0 -9999.0 -9999.0 -9999.0 -9999.0 -9999.0 -9999.0 -9999.0 -9999.0 -9999.0 -9999.0 -9999.0 -9999.0 -9999.0 -9999.0 -9999.0 -9999.0 -9999.0 -9999.0 -9999.0 -9999.0
-9999.0 -9999.0 -9999.0 -9999.0 -9999.0 -9999.0 -9999.0 -9999.0 -9999.0 0.920527391007 1.89177119874 3.75555375739 1.87307507995 0.907759730406 1.78391660617 7.93152224739 11.0963159045 0.667654748086 -9999.0 0.941488085372 -9999.0 -9999.0 -9999.0 -9999.0 1.24810319702 0.631253323938 -9999.0 -9999.0 -9999.0 -9999.0 -9999.0 -9999.0 -9999.0 -9999.0 -9999.0 -9999.0 -9999.0 -9999.0 -9999.0 -9999.0 -9999.0 -9999.0 -9999.0 -9999.0 -9999.0 -9999.0 -9999.0 -9999.0 -9999.0 -9999.0 -9999.0 -9999.0 -9999.0 -9999.0 -9999.0
-9999.0 -9999.0 -9999.0 -9999.0 -9999.0 -9999.0 -9999.0 -9999.0 1.07908884807 3.00493255896 3.91423369394 4.83253434081 6.52588219727 0.866799249896 3.48191836002 4.31942180417 16.8902306797 0.746880134662 0.761907494293 1.77849926567 2.59237249654 0.851370058923 -9999.0 3.33922165123 2.73107619735 0.770430128727 -9999.0 -9999.0 -9999.0 -9999.0 -9999.0 -9999.0 -9999.0 -9999.0 -9999.0 -9999.0 -9999.0 -9999.0 -9999.0 -9999.0 -9999.0 -9999.0 -9999.0 -9999.0 -9999.0 -9999.0 -9999.0 -9999.0 -9999.0 -9999.0 -9999.0 -9999.0 -9999.0 -9999.0 -9999.0
-9999.0 -9999.0 -9999.0 -9999.0 -9999.0 -9999.0 1.06370825653 0.957340426944 0.934969494516 0.954202168406 0.971979335187 6.79661270595 14.2609504275 15.1814781051 15.9779788341 0.796618350333 18.4651260489 19.2373680788 1.65873429809 0.82717107164 3.38996912552 5.90779970294 0.805618393788 5.77464337226 0.847313329243 0.82877463333 0.878597234433 -9999.0 -9999.0 -9999.0 -9999.0 -9999.0 -9999.0 -9999.0 -9999.0 -9999.0 -9999.0 -9999.0 -9999.0 -9999.0 -9999.0 -9999.0 -9999.0 -9999.0 -9999.0 -9999.0 -9999.0 -9999.0 -9999.0 -9999.0 -9999.0 -9999.0 -9999.0 -9999.0 -9999.0
-9999.0 -9999.0 -9999.0 -9999.0 -9999.0 -9999.0 2.15804867826 3.1851028103 7.1741937572 9.96431353559 0.875717704596 0.918218379243 0.879655742927 2.61724730818 19.3791253814 0.745464532304 20.0149332693 23.4076549588 2.61764554341 1.58346280528 6.67681534308 0.835179938522 6.59449173864 1.60833763594 0.801882560076 1.59977665082 1.76106499058 0.91466460349 0.949610611472 0.922701700074 0.992911696479 1.98712538988 -9999.0 -9999.0 -9999.0 -9999.0 -9999.0 -9999.0 -9999.0 -9999.0 -9999.0 -9999.0 -9999.0 -9999.0 -9999.0 -9999.0 -9999.0 -9999.0 -9999.0 -9999.0 -9999.0 -9999.0 -9999.0 -9999.0 -9999.0
-9999.0 -9999.0 -9999.0 -9999.0 -9999.0 1.17685929263 2.28110710276 1.09421601233 2.11753049663 11.0060966063 12.8795584048 14.7442697016 48.7550841677 0.904891573554 20.2163836078 75.9804182811 76.6645858565 101.290603133 0.784565938256 2.36500613148 7.45058313968 0.766588221802 15.6561061924 8.26559722048 5.01510186237 4.1979964627 0.867915826719 2.7219061701 2.75974991569 1.83735496302 0.894968008782 2.91234704191 0.890392662925 0.874672021321 -9999.0 -9999.0 -9999.0 -9999.0 -9999.0 -9999.0 -9999.0 -9999.0 -9999.0 -9999.0 -9999.0 -9999.0 -9999.0 -9999.0 -9999.0 -9999.0 -9999.0 -9999.0 -9999.0 -9999.0 -9999.0
-9999.0 -9999.0 -9999.0 -9999.0 -9999.0 1.202210029 3.50611807657 6.92958450805 8.00029972882 15.9219847636 16.9343630254 20.0965919419 33.1590153664 51.5622822403 53.3936079317 54.2388727827 1.55600130384 104.198643161 105.813556397 109.862233844 136.132985552 18.0528009827 16.5022062086 5.84935835198 0.819212281222 5.14930152538 3.52217663926 0.765720732026 3.58768073286 0.841496745479 1.80488714666 4.72454524123 5.59167857275 1.72735881654 0.840621900587 0.834421472632 -9999.0 -9999.0 -9999.0 -9999.0 0.678072117498 0.590212556155 -9999.0 -9999.0 -9999.0 -9999.0 -9999.0 -9999.0 -9999.0 -9999.0 -9999.0 -9999.0 -9999.0 -9999.0 -9999.0
-9999.0 -9999.0 -9999.0 -9999.0 -9999.0 1.16788138194 1.12138042175 4.67150956789 5.75892269332 6.87914193831 1.07324315915 2.12675834386 12.3074981673 2.23296523462 1.00882049244 0.910196269936 0.814333802562 1.01001341777 1.00089917371 0.899296082366 136.945492035 139.313080476 0.775852050895 2.39411416496 1.6307657113 5.92726237824 1.55075113502 0.742365706534 4.42263510829 1.6834145596 4.10604790107 9.72127024567 9.0026751869 2.55557996418 2.47922883774 0.861167712673 0.850569499816 -9999.0 -9999.0 0.846002750318 1.48060389683 3.31174744621 0.626703660246 -9999.0 -9999.0 -9999.0 -9999.0 -9999.0 -9999.0 -9999.0 -9999.0 -9999.0 -9999.0 -9999.0 -9999.0
-9999.0 -9999.0 -9999.0 -9999.0 -9999.0 -9999.0 1.22933317301 1.22243964149 2.35413909245 3.49990720208 7.9694796466 10.1780277186 11.3305830427 1.22075073981 0.923722885391 12.3926465344 15.1203061113 15.9772074337 19.5986043735 20.4260830877 0.824464121806 140.139782633 144.120286059 3.17428829125 0.719740769285 6.66658918467 14.8236268497 5.89766778261 1.51617455584 0.769625376996 15.3577100682 10.5184107637 0.758052481029 0.755598235038 3.25040885238 2.52367703012 0.798568605504 0.751361383217 0.829465339088 1.65638845142 0.793952217214 4.04475246474 4.79286567443 0.68597647086 -9999.0 -9999.0 -9999.0 -9999.0 0.77871009226 0.730793972598 0.241443058673 -9999.0 -9999.0 -9999.0 -9999.0
-9999.0 -9999.0 -9999.0 -9999.0 -9999.0 -9999.0 -9999.0 1.19730728409 1.09230079179 2.26196728166 3.40539202995 1.11269834595 1.10553728098 6.56359169821 8.55735615206 10.5923801601 0.951711065225 1.88249857529 0.929293394716 21.2819438515 47.1184266065 47.7776641628 193.433078184 0.794984693655 2.08735671038 0.66666795038 15.5465792384 0.746851218751 2.2969727077 0.753325103024 16.1078169686 16.8572949558 1.52200280161 1.51023054179 8.21739457997 4.14547429862 1.554776773 0.799950967051 1.65361763781 2.46842580133 4.00728302894 0.732215602244 6.13684779794 6.78932397861 0.599006871997 0.643259413665 0.661494794968 0.601176912319 0.573102039016 2.11293043755 0.842118225371 0.513303306144 -9999.0 -9999.0 -9999.0
-9999.0 -9999.0 -9999.0 -9999.0 -9999.0 -9999.0 -9999.0 -9999.0 2.36476938056 3.42434703971 1.11891177887 2.27226935749 3.33713421498 5.55123421983 1.07885989942 1.04655949647 0.91349334341 0.924295012471 0.844627302427 24.0836068966 0.958665333908 1.86951706633 196.060032177 197.91091833 0.813085380241 3.70643029874 19.9612301061 1.48824295663 2.98683121577 1.3975066022 2.07713896607 19.7574820359 2.21983993413 11.9161500198 9.72700185339 0.78668564346 3.91401761135 1.58963572507 2.41736400062 0.755964530975 4.72360795705 6.11180754919 6.70974428386 7.27735563169 9.09884724671 1.16675726861 1.21258145758 1.11339092411 1.05350415818 2.63161675457 0.532381946628 1.9030295569 2.39225694134 -9999.0 -9999.0
-9999.0 -9999.0 -9999.0 -9999.0 -9999.0 -9999.0 -9999.0 -9999.0 1.19539759103 5.79128955201 6.8840381996 1.09394022157 2.14457631851 1.04919085189 0.977042540148 0.960082570205 12.0631959799 16.0455945843 19.7199129813 23.3774642751 0.893392355169 0.930963385467 0.958254603321 202.069910766 204.102276567 204.913708848 26.7890329986 5.96303891992 5.18260731192 0.645988153407 2.71602558344 23.1418572963 0.654230167427 12.587938986 0.74373277655 5.15379585735 4.73155494254 0.776701231633 3.1781722158 1.51111366379 2.24852846892 0.653790138089 0.557237661663 7.83793327396 8.35815935374 9.61760857037 1.7597159137 1.63551553948 1.55325183804 3.19686981865 4.27519595714 0.537719936827 2.90904847533 0.573899018985 1.08696084657
-9999.0 -9999.0 -9999.0 -9999.0 -9999.0 -9999.0 -9999.0 -9999.0 -9999.0 1.21941712309 8.03298896539 9.11738648065 3.21079877634 5.3116250314 7.28440024758 8.28466923028 1.02522820536 3.0702021666 2.04277305222 1.04636078215 1.02513849703 0.928031889662 1.83518767454 3.13530569955 1.08900350843 233.661124151 234.4980048 0.781711302393 0.577040957411 1.33080967353 1.99548065718 25.1059645895 1.30480179502 13.1859391977 7.95093411968 6.56025028033 0.746154438356 1.50410213122 3.88055796327 0.701375155512 2.92846291705 1.31212586908 0.967822388732 0.46092536555 9.80935878135 19.8838458991 2.18343878785 2.06307372317 2.01760853598 0.467723103224 4.73929645062 0.451710375814 3.90407420805 0.514623520358 1.6064765638
-9999.0 -9999.0 -9999.0 -9999.0 -9999.0 -9999.0 -9999.0 -9999.0 -9999.0 -9999.0 1.07903614238 11.2865404109 1.05902775461 2.10372543313 3.0659448275 4.97449633205 0.97823305096 2.03377966499 1.00329060346 0.934527747904 0.886159146815 1.74953827329 0.798062575468 0.881581434715 1.7794445201 1.01257263638 235.387606579 236.983812738 239.237797062 2.64360193033 0.683083060606 1.36196965306 25.8093495361 24.4715522233 9.39298837944 0.714132371577 2.96604191736 2.23085190071 4.58484943935 1.40162929148 5.60389700628 1.97989098635 1.51410934772 0.414069640853 0.495505598507 20.4674860429 20.9880426223 25.6859581246 3.49055568784 0.972824013697 5.24377827283 6.18673682558 10.5307526902 1.00213922169 0.472631664019
-9999.0 -9999.0 -9999.0 -9999.0 -9999.0 -9999.0 -9999.0 -9999.0 -9999.0 -9999.0 -9999.0 0.645554489071 12.7126465488 1.0929125309 2.04819801205 8.92757968537 0.976415864289 0.965840755635 0.857272306243 1.8399574719 0.922553771943 3.57681867522 5.18212844988 5.92391281741 2.47449113396 3.16357290063 0.812114274698 0.964526536016 0.897943454245 243.443852882 245.60587404 26.4196042411 25.7048820177 25.0955053076 1.25882181978 0.605853792238 3.6370812244 9.5695152628 5.26285474566 2.0722803642 8.31807163633 3.45171936294 2.84269577319 0.82147935555 0.365831794655 0.334362512212 0.348322477634 27.5021756991 32.5373028836 0.485982677534 0.433032766659 0.479927120854 11.0101695404 12.4666478022 0.866903137384
-9999.0 -9999.0 -9999.0 -9999.0 -9999.0 -9999.0 -9999.0 -9999.0 -9999.0 -9999.0 -9999.0 0.59989732715 14.1445899868 17.316174854 0.965297398043 10.8388153204 0.898164959384 0.858323831911 1.74988715233 4.50017135552 0.894667804158 0.941134477274 0.800682594847 7.50235838742 8.2564393461 12.2236981873 13.7438411117 14.5185055267 15.2969086411 16.052511293 262.47136253 290.377311589 317.461429944 318.079269633 0.583234024586 0.613849599812 10.9162486363 10.247621967 0.66652073415 0.676718177225 9.06822447996 13.1749048081 0.544197708942 6.81936777345 6.31910056121 1.83421557958 0.82225128165 1.34988208964 0.596775314469 33.5524017504 0.518451633134 1.38815214529 1.79326813178 15.6128841893 16.8431822291
-9999.0 -9999.0 -9999.0 -9999.0 -9999.0 -9999.0 -9999.0 -9999.0 -9999.0 -9999.0 -9999.0 1.1523405672 2.20598935844 18.3464789681 20.1885267171 0.921622229065 12.534689879 0.78525475261 2.43189303455 5.32643756879 1.73739060011 0.838899735243 1.70053423282 0.710772017301 1.39302603807 0.705852174089 0.666868375476 0.61529462637 0.585225359029 0.547683547928 0.543435679274 0.694063939522 0.795107472949 0.885286473554 320.194689527 13.4845841359 12.1318813086 0.563426823001 1.92141341361 0.477698023122 0.489001060052 13.7866366189 22.4447923234 7.48985715191 5.53579665453 1.08119780717 0.456243657948 0.414691264343 0.895348171542 34.9687600491 35.9612175936 0.514985126352 0.522728956216 0.454909728997 0.385325089614
-9999.0 -9999.0 -9999.0 -9999.0 -9999.0 -9999.0 -9999.0 -9999.0 -9999.0 -9999.0 -9999.0 -9999.0 0.996971011188 13.5914502438 34.7625429487 37.7678219006 51.1580612543 51.9381522137 11.9448839637 8.76997537036 2.59256585618 0.827126165619 3.33070732856 4.10857472453 6.2205411207 1.44363268004 1.36012868527 1.32069741611 2.59163704312 1.22210183928 1.19571435151 0.612142756846 0.527999192241 0.509180120506 320.840442095 334.772360222 335.569986554 0.603567117969 5.34188363964 2.25515118249 0.657646835668 24.4736544737 1.43680390353 0.741888297637 3.07625501474 0.664670610638 0.52067250329 1.00581476911 1.44851854462 1.94139752741 36.8210593541 0.41101087177 0.365972424583 0.366196840759 0.292151700682
-9999.0 -9999.0 -9999.0 -9999.0 -9999.0 -9999.0 -9999.0 -9999.0 -9999.0 -9999.0 -9999.0 1.09240810084 10.3799737181 12.5684821172 2.03117497912 0.676641043027 1.5648346539 54.371436034 55.1260083917 67.8294611098 0.76155345331 1.58107184371 0.709283348264 0.720597922473 6.93006090387 9.0813625007 11.1154843497 0.650975665332 3.24237981317 5.1028993368 3.03427976507 1.23259263637 1.06663423547 1.00877207058 1.02186974432 0.513807100351 336.161903098 336.682037559 343.033651745 1.08839870467 0.57550932929 25.0189815521 1.51668934471 0.774196405661 0.832099973077 0.825766352758 0.737118867963 1.30699679697 3.72868676183 6.19637145044 43.446985755 0.334313644392 0.998431770258 0.673218332374 0.577939982408
-9999.0 -9999.0 -9999.0 -9999.0 -9999.0 -9999.0 -9999.0 -9999.0 -9999.0 -9999.0 -9999.0 1.11808875789 7.21522370174 1.12033952618 0.9929510009 5.18598750497 6.07654160162 6.97433831169 7.80956845792 92.2027430424 93.0074148464 94.5986210526 105.939234253 108.148316541 109.455552418 110.18467165 123.00893305 124.941265154 125.646785673 131.468638897 135.202538559 135.823919266 138.078432314 1.58860632063 1.52603595579 0.398149398871 0.398364908797 337.206198212 345.153105516 1.60540935277 28.9293147192 28.4035267092 2.84781004467 0.68032451755 0.688632602342 0.660562891299 0.660061642905 1.32767574184 1.89964516288 0.56318020821 43.8594103723 44.2946389854 46.3524881269 46.7242999573 47.6556037704
-9999.0 -9999.0 -9999.0 -9999.0 -9999.0 -9999.0 -9999.0 -9999.0 -9999.0 -9999.0 -9999.0 3.72711610838 4.9261726359 2.28224438065 3.36077317493 1.06485733117 12.0675437446 13.0073938343 14.8730476707 15.7156048914 6.17589723705 102.05257604 102.846378803 0.747948935779 0.582794745167 0.571980427688 1.19231268145 0.662180339985 0.522507941621 0.506831212984 0.497873528369 136.439669074 138.694045329 140.878072147 142.920686189 144.409792196 0.721234961946 0.256267191793 375.559605597 29.9090872369 29.4869156307 0.610695763317 0.556860523655 0.51096936904 1.20565021651 1.17959184188 0.540572948164 0.548778263134 0.503622856923 1.05719225057 1.43418221662 0.352270042869 0.663023343961 0.236931821234 0.176581008738
-9999.0 -9999.0 -9999.0 -9999.0 -9999.0 -9999.0 -9999.0 -9999.0 -9999.0 -9999.0 -9999.0 -9999.0 2.52571039132 1.17887042804 1.08677853109 10.1804282295 11.1568186399 0.974628503795 3.78626892627 4.67429772317 5.4820765183 0.891134452009 0.69361827601 15.8683141886 16.4638832124 17.040981589 43.973461379 44.4733104319 45.4562281353 50.116522946 52.901632791 53.3354312821 0.465626189868 0.488055573061 0.422479019543 145.1892277 0.33430856291 380.915612093 380.282382516 4.29301135222 3.7872101768 2.28764554776 0.565930104724 1.01807020166 1.72162090215 1.70027256532 1.04967204922 0.524752453134 1.02080743418 1.00923792792 1.88178367592 0.318018590542 1.00642600541 1.60790442712 1.99193746552
