data/baseflow/History/mHMbfrc455
ncols                  80
nrows                 72
xllcorner      4374000.0
yllcorner      5656000.0
cellsize            500
NODATA_value       -9999
[rows 0 to 23 of 72, columns 0 to 53 of 80]
-9999.0 -9999.0 -9999.0 -9999.0 -9999.0 -9999.0 -9999.0 -9999.0 -9999.0 -9999.0 -9999.0 -9999.0 1.07280564224 0.769554917496 -9999.0 -9999.0 -9999.0 -9999.0 -9999.0 -9999.0 -9999.0 -9999.0 -9999.0 -9999.0 -9999.0 -9999.0 -9999.0 -9999.0 -9999.0 -9999.0 -9999.0 -9999.0 -9999.0 -9999.0 -9999.0 -9999.0 -9999.0 -9999.0 -9999.0 -9999.0 -9999.0 -9999.0 -9999.0 -9999.0 -9999.0 -9999.0 -9999.0 -9999.0 -9999.0 -9999.0 -9999.0 -9999.0 -9999.0 -9999.0
-9999.0 -9999.0 -9999.0 -9999.0 -9999.0 -9999.0 -9999.0 -9999.0 -9999.0 -9999.0 -9999.0 -9999.0 2.26569676126 4.59539935796 0.656766736423 -9999.0 0.519692813002 -9999.0 -9999.0 -9999.0 -9999.0 -9999.0 -9999.0 -9999.0 -9999.0 -9999.0 -9999.0 -9999.0 -9999.0 -9999.0 -9999.0 -9999.0 -9999.0 -9999.0 -9999.0 -9999.0 -9999.0 -9999.0 -9999.0 -9999.0 -9999.0 -9999.0 -9999.0 -9999.0 -9999.0 -9999.0 -9999.0 -9999.0 -9999.0 -9999.0 -9999.0 -9999.0 -9999.0 -9999.0
-9999.0 -9999.0 -9999.0 -9999.0 -9999.0 -9999.0 -9999.0 -9999.0 -9999.0 -9999.0 1.11504607088 1.07095158334 1.12816971891 1.11694193862 6.68170048685 7.38503408593 1.43863960281 0.459614692353 -9999.0 -9999.0 -9999.0 -9999.0 -9999.0 -9999.0 -9999.0 -9999.0 -9999.0 -9999.0 -9999.0 -9999.0 -9999.0 -9999.0 -9999.0 -9999.0 -9999.0 -9999.0 -9999.0 -9999.0 -9999.0 -9999.0 -9999.0 -9999.0 -9999.0 -9999.0 -9999.0 -9999.0 -9999.0 -9999.0 -9999.0 -9999.0 -9999.0 -9999.0 -9999.0 -9999.0
-9999.0 -9999.0 -9999.0 -9999.0 -9999.0 -9999.0 -9999.0 -9999.0 -9999.0 1.06661085248 2.1832968663 4.34185157114 2.17030996409 1.05337199966 2.07039981092 8.36284421908 10.9155612292 0.528035859718 -9999.0 1.07624470039 -9999.0 -9999.0 -9999.0 -9999.0 0.99036189574 0.508148513011 -9999.0 -9999.0 -9999.0 -9999.0 -9999.0 -9999.0 -9999.0 -9999.0 -9999.0 -9999.0 -9999.0 -9999.0 -9999.0 -9999.0 -9999.0 -9999.0 -9999.0 -9999.0 -9999.0 -9999.0 -9999.0 -9999.0 -9999.0 -9999.0 -9999.0 -9999.0 -9999.0 -9999.0
-9999.0 -9999.0 -9999.0 -9999.0 -9999.0 -9999.0 -9999.0 -9999.0 1.23257203375 3.43970871127 4.47087542886 5.50776774982 7.52955390943 0.982016913404 4.00755515312 4.95553443441 17.269742001 0.77065099292 0.855663362731 2.01566684386 2.92840658685 0.953219915641 -9999.0 2.61224999625 2.14931209154 0.601546683893 -9999.0 -9999.0 -9999.0 -9999.0 -9999.0 -9999.0 -9999.0 -9999.0 -9999.0 -9999.0 -9999.0 -9999.0 -9999.0 -9999.0 -9999.0 -9999.0 -9999.0 -9999.0 -9999.0 -9999.0 -9999.0 -9999.0 -9999.0 -9999.0 -9999.0 -9999.0 -9999.0 -9999.0
-9999.0 -9999.0 -9999.0 -9999.0 -9999.0 -9999.0 1.19680643425 1.0818568024 1.05892246759 1.08148982202 1.1036022872 7.73497342929 16.3288019963 17.3715280151 18.3190577326 0.969368510741 19.080824382 19.9603256988 1.84603596648 0.932362926518 3.82446472325 6.63243938086 0.846559433698 5.12296709074 0.926784269973 0.861085457536 0.944763257469 -9999.0 -9999.0 -9999.0 -9999.0 -9999.0 -9999.0 -9999.0 -9999.0 -9999.0 -9999.0 -9999.0 -9999.0 -9999.0 -9999.0 -9999.0 -9999.0 -9999.0 -9999.0 -9999.0 -9999.0 -9999.0 -9999.0 -9999.0 -9999.0 -9999.0 -9999.0 -9999.0
-9999.0 -9999.0 -9999.0 -9999.0 -9999.0 -9999.0 2.39747383498 3.52416419714 7.94995047795 11.0826049484 0.964114710115 1.00999008437 0.972542244012 2.88361464074 22.0794735447 0.851484507203 20.8114109851 24.5438238195 2.89050777547 1.76931182017 7.48192815919 0.920614524952 6.01982083957 1.74914351585 0.866003744712 1.69194770815 1.8865746707 0.975750806334 0.999329493765 0.969752511435 1.0355791233 2.07000325329 -9999.0 -9999.0 -9999.0 -9999.0 -9999.0 -9999.0 -9999.0 -9999.0 -9999.0 -9999.0 -9999.0 -9999.0 -9999.0 -9999.0 -9999.0 -9999.0 -9999.0 -9999.0 -9999.0 -9999.0 -9999.0 -9999.0
-9999.0 -9999.0 -9999.0 -9999.0 -9999.0 1.29767700561 2.5153180798 1.20775496025 2.33748216895 12.2393359898 14.309878444 16.3668738122 52.8583141595 0.988647549746 23.0090575144 83.5373132294 84.2796952888 110.177988637 0.871056014086 2.61834563221 8.33538199932 0.845022015832 15.8022739606 8.9098298011 5.37488179716 4.48689026085 0.926624479744 2.88948731033 2.90743435517 1.93405631968 0.931674146437 3.03098563253 0.913288679136 0.896111901897 -9999.0 -9999.0 -9999.0 -9999.0 -9999.0 -9999.0 -9999.0 -9999.0 -9999.0 -9999.0 -9999.0 -9999.0 -9999.0 -9999.0 -9999.0 -9999.0 -9999.0 -9999.0 -9999.0 -9999.0
-9999.0 -9999.0 -9999.0 -9999.0 -9999.0 1.29555812411 3.77650864404 7.52523908059 8.67727913562 17.1681636425 18.2553141417 21.6679522266 35.5559792788 55.8943691317 57.8870706254 58.8137295072 1.70095051397 113.360040674 115.10811472 119.541902473 147.12116659 18.4140145971 16.7164266008 6.27475287403 0.879688859066 5.47986885199 3.73535366326 0.806400524961 3.77950214928 0.870833385958 1.8999470977 4.89839524659 5.79245867231 1.77405033428 0.863109612339 0.853342438031 -9999.0 -9999.0 -9999.0 -9999.0 0.497240040238 0.428850254357 -9999.0 -9999.0 -9999.0 -9999.0 -9999.0 -9999.0 -9999.0 -9999.0 -9999.0 -9999.0 -9999.0 -9999.0
-9999.0 -9999.0 -9999.0 -9999.0 -9999.0 1.25418593106 1.20126519433 4.98412872465 6.15958571854 7.37461744865 1.16076222979 2.29619194678 13.0620832099 2.41678707185 1.09933250727 0.989584778643 0.896678156823 1.11082522978 1.08271323578 0.981908228654 148.003552762 150.559688191 0.838086145588 2.57452143826 1.75091314262 6.31552233934 1.6388345891 0.781788319153 4.65843721896 1.74138753755 4.28495555751 10.056725908 9.30567679108 2.62912549048 2.5360535379 0.882867934874 0.872440970854 -9999.0 -9999.0 0.870633937826 1.14674362709 2.47416109289 0.452478534819 -9999.0 -9999.0 -9999.0 -9999.0 -9999.0 -9999.0 -9999.0 -9999.0 -9999.0 -9999.0 -9999.0
-9999.0 -9999.0 -9999.0 -9999.0 -9999.0 -9999.0 1.29568256152 1.30197074232 2.48146821515 3.68258974688 8.42290174164 10.7568936311 12.0053444484 1.31135615743 0.977894352842 13.1062251016 16.046471859 16.9623678095 20.8262074882 21.7106196643 0.882355226175 151.447640982 155.775949258 3.46380844113 0.884071985626 7.1335587363 15.7083693053 6.19950163265 1.58920000181 0.809055185339 15.9459119698 10.8915614238 0.788163002006 0.78337829878 3.33506603843 2.59671306038 0.825214251235 0.761741698165 0.861479152353 1.71405337067 0.829984738303 3.00993867153 3.79069153752 0.700532038759 -9999.0 -9999.0 -9999.0 -9999.0 0.791584058736 0.74083321824 0.247553527641 -9999.0 -9999.0 -9999.0
-9999.0 -9999.0 -9999.0 -9999.0 -9999.0 -9999.0 -9999.0 1.26067300878 1.16254099949 2.40249127557 3.62315767531 1.17441662764 1.17858142511 6.91977031154 9.03525526133 11.1980179093 1.02321132719 1.99826615353 1.000211155 22.6315747629 49.1202646198 49.6413601253 206.931512604 0.852435717378 2.54390105156 0.817576513276 16.4668457236 0.785861899239 2.40868502239 0.78978927029 16.728830695 17.5126501838 1.58435092728 1.5674258735 8.46091941308 4.27380812175 1.59301051583 0.824156452848 1.71617471677 2.55809334136 4.16541217242 0.75880385412 5.09921685872 5.65139976575 0.47715988951 0.528366817797 0.550989297777 0.475384450334 0.438557040073 2.08987927608 0.850096294541 0.514441017505 -9999.0 -9999.0
-9999.0 -9999.0 -9999.0 -9999.0 -9999.0 -9999.0 -9999.0 -9999.0 2.46708614552 3.5697363932 1.15994742312 2.36685028136 3.48806864508 5.83923090342 1.13951738034 1.0986484201 0.962301575524 0.971261202127 0.889911013708 24.6191242544 1.0177770343 1.98163627751 209.461016522 210.98913304 0.628220422341 3.82470920527 20.9839877983 1.56597170034 3.12764482907 1.43846464238 2.13976258838 20.5221885091 2.30775343646 12.2770279596 10.0144954394 0.803431644694 4.04905412188 1.64961513916 2.51740688299 0.792453793927 4.90890678898 6.28518367603 6.75998706751 7.19936935302 7.45367750491 0.915939498025 0.967824911858 0.848781685948 0.773030340155 2.54015564059 0.505924716968 1.88744123675 2.34443668222 -9999.0
-9999.0 -9999.0 -9999.0 -9999.0 -9999.0 -9999.0 -9999.0 -9999.0 1.24078529394 6.02351437471 7.15167911891 1.12809259662 2.22083164075 1.09035929899 1.0193311023 1.00341534543 12.5701824361 16.7362396146 20.4380935266 24.0598151222 0.879037801257 0.986303839156 0.966881369459 214.83836175 216.308901094 216.857415045 27.8998526386 6.20255671047 5.42003384476 0.643377708041 2.77100457379 23.9749796452 0.649037325054 12.958393642 0.777151349741 5.35224534738 4.89404017125 0.812507923647 3.31747122965 1.58633115768 2.36614982588 0.62627964706 0.434193462922 7.63071739195 8.01335366671 7.83508573676 1.38016082959 1.23324282016 1.14201311621 3.09294310537 4.12340881809 0.514607739843 2.84858464367 0.58872364553
-9999.0 -9999.0 -9999.0 -9999.0 -9999.0 -9999.0 -9999.0 -9999.0 -9999.0 1.27820281316 8.34706798925 9.45560636375 3.31996789227 5.49820100846 7.5525970329 8.59429448839 1.08184880588 3.20445865197 2.15155915437 1.1170753948 1.07814831091 0.974101658067 1.92414189007 3.23798499246 0.944707690555 246.319374911 246.934694137 0.556442761691 0.484217290712 1.35594771427 2.03277978407 25.9559983664 1.30831160037 13.5408966696 8.24625335257 6.80741929849 0.780149868245 1.57186022725 4.05522510638 0.73811203228 3.08437992748 1.315464191 0.813782693666 0.460730930914 9.3376357781 17.4845661262 1.6561594781 1.51997100484 1.55194915848 0.43317499494 4.54706566458 0.409500319482 3.79235942466 0.513724805815
-9999.0 -9999.0 -9999.0 -9999.0 -9999.0 -9999.0 -9999.0 -9999.0 -9999.0 -9999.0 1.11349953335 11.6906475653 1.08957387317 2.16604703737 3.16404776433 5.13785468238 1.00959887333 2.10139703187 1.04169619256 0.964556862673 0.918875560721 1.8148998412 0.821433913225 0.860456687496 1.58747364594 0.878822797017 247.58130146 248.685774426 250.378220336 2.58055320733 0.705438406705 1.40776237062 26.6882438457 25.1799601672 9.74738067318 0.743364003043 3.10086900789 2.33109180827 4.79480061195 1.47312938181 5.83906638685 2.01761591239 1.37143821822 0.471213201642 0.506413464039 17.9642420983 18.351351756 21.8497832677 2.9409022828 0.915163527524 5.01346861267 5.87857566063 10.0630415075 0.985198492544
-9999.0 -9999.0 -9999.0 -9999.0 -9999.0 -9999.0 -9999.0 -9999.0 -9999.0 -9999.0 -9999.0 0.683360288654 13.2081969996 1.14311961821 2.12806130462 9.22391695636 1.00154090788 0.988928647749 0.885189119571 1.89884891244 0.960387945828 3.71566865767 5.37232198918 6.12758413334 2.23832399111 2.70569032763 0.556672109839 0.786800327269 0.66938624749 254.192508354 256.252866325 27.2851745221 26.4124122457 25.8063302996 1.25187263507 0.594695949578 3.79784600942 9.99767941402 5.50417967723 2.17238822662 8.68523604377 3.66488421287 3.03070198243 1.00210868579 0.411203734175 0.348007025645 0.331603225477 23.6989077917 27.9959158607 0.469963048655 0.387800277794 0.467291556955 10.5321246344 11.9671311073
-9999.0 -9999.0 -9999.0 -9999.0 -9999.0 -9999.0 -9999.0 -9999.0 -9999.0 -9999.0 -9999.0 0.626737683916 14.7113729264 17.9854346939 0.995033056247 11.19466738 0.922328857785 0.880405653831 1.81292285991 4.65832756011 0.930139972425 0.977037956213 0.829244307243 7.74928471945 8.52317708192 12.0623742343 13.3056063133 14.0000338695 14.5406041476 15.1091600193 271.905756695 300.337762845 327.732796339 328.042910995 0.446946028431 0.602728071312 11.3983494804 10.7021608463 0.697851183 0.699345178146 9.47945559822 13.8350075167 0.595323385589 7.91970921035 7.29478172404 2.18817111186 0.8741391507 1.46205460224 0.502799287341 28.7395601327 0.370602948218 1.21331685351 1.48445667981 14.6935403808
-9999.0 -9999.0 -9999.0 -9999.0 -9999.0 -9999.0 -9999.0 -9999.0 -9999.0 -9999.0 -9999.0 1.19255734511 2.28549331368 19.049260745 20.9504852313 0.951232642471 12.7744071245 0.79805175491 2.49301953711 5.512248869 1.80540962953 0.87127136532 1.76483811387 0.717644144492 1.41638614916 0.735229812128 0.71835869289 0.717890628676 0.710398678676 0.62374326952 0.539188686217 0.65399461232 0.723476451594 0.685877320813 329.481585175 12.9857160959 12.0059946113 0.290205519524 1.96686179146 0.487933586028 0.518556394549 14.4644970458 24.3613161291 8.6358023607 6.32656765392 1.36014352826 0.515405394524 0.46314434601 0.859157384187 29.9857007355 30.6436211966 0.347096769138 0.350486987976 0.398718216622
-9999.0 -9999.0 -9999.0 -9999.0 -9999.0 -9999.0 -9999.0 -9999.0 -9999.0 -9999.0 -9999.0 -9999.0 1.02008425051 14.1778274697 36.1407435772 39.2574035313 52.8774801218 53.5227956367 12.1771040732 9.08605399729 2.69123544257 0.859248794547 3.46156731851 4.27159010631 6.43843707044 1.50417247084 1.439403673 1.45241343497 2.87616896983 1.32395241643 1.22494780195 0.708690076575 0.657139135661 0.50261963974 329.898145648 343.264782017 343.731022552 0.270683745552 4.90631993137 2.35293538656 0.692074545156 26.5217928846 1.54475616171 0.798004801095 3.39212173223 0.798790163639 0.527644119908 0.954285181118 1.28371557648 1.64866208944 31.1873603069 0.248961921469 0.207496570015 0.207217450356
-9999.0 -9999.0 -9999.0 -9999.0 -9999.0 -9999.0 -9999.0 -9999.0 -9999.0 -9999.0 -9999.0 1.12396398736 10.8390688783 13.1238040165 2.11440163487 0.721727517629 1.6567689866 56.0803330421 56.7690936805 69.5828346134 0.79391827535 1.64545118284 0.73849995945 0.748708008085 7.17595531753 9.41546010824 11.5405078847 0.669692134848 3.54526552618 5.52518373924 3.17172420921 1.33595118186 1.24132070241 1.12440292721 1.01604458684 0.365627063055 343.962343888 344.118545682 349.37792966 1.06508178601 0.587283089683 26.8818094488 1.6127058464 0.822961041979 0.892485694377 0.886897528522 0.775836513426 1.34641720267 3.66756790086 5.70285136514 37.1589330219 0.182473488296 0.543082433811 0.366561834297
-9999.0 -9999.0 -9999.0 -9999.0 -9999.0 -9999.0 -9999.0 -9999.0 -9999.0 -9999.0 -9999.0 1.15203076216 7.58750713057 1.17433943845 1.02538679517 5.44463128324 6.37007372294 7.3000518215 8.16772173855 95.1456131418 95.9887880648 97.6577391268 109.518215414 111.816837486 113.161865258 113.918453325 127.237359446 129.289332631 130.002406332 136.303918731 140.201889994 140.829116926 143.369282853 1.70538754665 1.62124495036 0.369694091223 0.223949603871 344.34151741 350.942888481 1.41360922525 30.7020049444 30.2140560817 2.99954281825 0.715129510417 0.725876250279 0.693731924805 0.695685456302 1.39608902452 1.9376202354 0.490584446226 37.4079639948 37.6718847218 38.800632874 39.0066708928
-9999.0 -9999.0 -9999.0 -9999.0 -9999.0 -9999.0 -9999.0 -9999.0 -9999.0 -9999.0 -9999.0 3.94081748035 5.20791937226 2.39980246854 3.53599940554 1.12076427407 12.6723951494 13.645645917 15.5805352605 16.5218158076 6.46077673089 105.485136618 106.330247377 0.779043929414 0.591416103122 0.610664261073 1.26017448362 0.735655679925 0.634535964265 0.627912439361 0.594956611133 141.556833098 144.067059963 146.329223489 148.414429243 149.414254076 0.4029786899 0.109057911557 382.522879435 31.4364220164 31.2207714823 0.624858280166 0.553595578667 0.479822827798 1.21070287915 1.17997372557 0.537580246903 0.554302869907 0.494958981491 0.97405690972 1.24530393137 0.167313632827 0.307110022698 0.148853867996
-9999.0 -9999.0 -9999.0 -9999.0 -9999.0 -9999.0 -9999.0 -9999.0 -9999.0 -9999.0 -9999.0 -9999.0 2.67225859492 1.24441284511 1.13472479603 10.7117262546 11.7252061222 1.0102081999 3.93362824154 4.8684614584 5.7487103074 0.951333425645 0.672585566617 16.4724813065 17.013441568 17.5555493116 44.2905635388 44.7937655956 45.9132992127 50.5070767399 53.5447971881 54.0590297944 0.598543182854 0.627900026795 0.517539530417 149.691479874 0.138197468733 387.056552174 386.885811491 4.21296757846 3.91007741621 2.31347293636 0.574196567931 0.964050252403 1.69850332928 1.6728805388 1.02839236683 0.527799806827 1.01409518735 0.999047400273 1.67688455681 0.283796255113 0.617331958862 1.01092578521
