data/baseflow/History/mHMbfrc303
ncols                  80
nrows                 72
xllcorner      4374000.0
yllcorner      5656000.0
cellsize            500
NODATA_value       -9999
[rows 24 to 47 of 72, columns 0 to 53 of 80]
-9999.0 -9999.0 -9999.0 -9999.0 -9999.0 -9999.0 -9999.0 -9999.0 -9999.0 -9999.0 -9999.0 -9999.0 1.09895481284 3.1060699495 4.09002625942 7.08509445928 0.897799152578 1.8113285864 2.67764724308 10.3309582418 11.1073032205 11.7662289846 12.4882447325 13.2606158107 20.6253339318 22.8543438688 24.0915533952 0.529691319665 2.91402172723 3.39840448022 46.4153610727 48.4283739223 49.3042654985 50.1960683791 51.0114217488 185.305074449 0.224934286585 364.118309574 0.816333003038 0.371656419743 3.27936769235 2.80468702814 0.458728813122 1.54654570264 2.24928119881 2.21345177169 1.54284211144 2.53010363883 4.01301865899 1.53935016048 3.95236747538 0.379432472381 0.627003112082 0.145302594848
-9999.0 -9999.0 -9999.0 -9999.0 -9999.0 -9999.0 -9999.0 -9999.0 -9999.0 -9999.0 -9999.0 -9999.0 1.04232311743 2.07470402487 0.999011320559 2.00709928388 0.912352802248 6.82282038106 8.58588490303 9.48448568821 0.84307234914 1.64211579417 15.4111623761 19.263130995 19.9510989868 1.51685199152 1.41454818653 2.04414522071 0.439634769642 0.408706194197 0.772624605584 0.355150997224 22.9320148137 23.3357117301 23.65211408 185.732901839 367.020688312 364.492736255 0.581222479077 0.260068950818 0.237879803324 1.03102027566 0.795354172543 1.95074704407 2.71124334748 5.42753621264 0.502105086105 0.501127772958 4.46405236239 4.92820184459 9.72073085559 10.0233014019 10.7983970024 11.0681936353
-9999.0 -9999.0 -9999.0 -9999.0 -9999.0 -9999.0 -9999.0 -9999.0 -9999.0 -9999.0 -9999.0 -9999.0 -9999.0 1.01912130621 2.03840127934 3.05652702123 4.94034055422 0.975856837084 0.904754277569 5.99195909167 6.83547004073 13.8719173754 14.7329901683 2.43374010201 0.804653633107 0.745156836285 0.693380606798 20.4189188528 20.9316429726 21.4086189458 21.8038255215 22.5465186024 4.30966001725 4.66243458171 28.6027504671 581.566110603 2.11204282004 1.69194522493 0.872924205274 0.230511663789 0.203532988377 1.49844906799 1.66291479725 2.37637921476 0.218291162613 5.71255189314 0.867386423591 0.853980489509 0.203926496251 0.137086574764 0.118700078493 0.116824580532 0.123385137765 11.2292115712
-9999.0 -9999.0 -9999.0 -9999.0 -9999.0 -9999.0 -9999.0 -9999.0 -9999.0 -9999.0 -9999.0 -9999.0 -9999.0 -9999.0 0.985809878492 1.8053284034 2.53910695584 3.2873332497 4.18915953944 5.1122464364 2.71962866328 4.52415896963 0.856910950105 0.826019879234 16.7253052902 18.3032232572 19.0330071527 19.8018772039 0.61079794073 1.11627589935 2.91983419516 3.44407009665 3.90359931778 0.427187998547 0.286541649842 582.572768264 0.409786146355 0.480132877173 0.231860741807 0.953488795647 0.461375928014 0.213908760749 4.25678725869 4.42316556816 0.136901458785 5.86181562846 6.86024483747 1.00731428986 157.804987038 157.482555874 157.210776858 156.671623739 156.45285417 152.570537871
-9999.0 -9999.0 -9999.0 -9999.0 -9999.0 -9999.0 -9999.0 -9999.0 -9999.0 -9999.0 -9999.0 -9999.0 -9999.0 -9999.0 0.184174655532 0.422512686134 0.730991459988 6.51242079691 7.45434865458 0.948108565486 0.915537218988 0.907483198868 13.4164880983 15.1529322036 0.842360853481 0.85226270297 0.717444332416 2.98126619421 3.71156344985 1.8566867381 2.39716268702 17.0185682743 17.5904633141 18.5113184929 29.5092411728 612.316845484 0.387635450099 0.193186970878 1.45877501754 1.21046088232 0.189040199439 0.600167991727 0.77933745462 4.61764963846 4.77441853676 12.0395154239 6.99102397291 1.17975104545 161.264777107 1.47890566201 156.962297002 156.824758634 3.67001650791 0.248452083845
-9999.0 -9999.0 -9999.0 -9999.0 -9999.0 -9999.0 -9999.0 -9999.0 -9999.0 -9999.0 -9999.0 -9999.0 -9999.0 -9999.0 0.943319229552 1.54329458122 3.2385216993 5.63716777158 8.11880454316 9.89011945885 10.7979739935 11.7129377967 12.5980627321 0.854843543138 0.79339894864 1.56408222808 1.4804555353 0.780182113901 14.7003907878 15.4136035142 16.0709496149 16.7025374221 9.65454354248 10.179008315 10.6830476962 612.512194289 0.663586895051 0.481877075922 2.12380331387 0.251204669804 0.347143864009 0.177743283527 0.165724667919 0.938446300072 0.126778028114 0.135221818616 174.086798954 161.947318363 161.812760888 0.611176534542 1.3529827218 0.884527039142 0.215748980796 3.27945765403
-9999.0 -9999.0 -9999.0 -9999.0 -9999.0 -9999.0 -9999.0 -9999.0 -9999.0 -9999.0 -9999.0 -9999.0 -9999.0 -9999.0 0.657965403689 0.60558870018 1.18469164909 1.81392634173 0.913036404945 1.01654235677 1.96291887687 2.89848198853 4.69103314205 5.57205024815 6.35809203135 8.73821632031 9.48647874129 10.3039295036 0.737942640751 7.37523835376 8.0206837004 8.62626923 0.501963661497 0.304171230951 0.542877157618 623.683510981 623.870634156 624.902939518 2.84373572908 0.519553220809 0.570584925902 0.156890306846 0.293633607219 1.0709644427 1.31177112888 0.24545170055 174.697361589 0.194967225274 0.337198849889 0.382604489336 0.270137379458 0.510216773454 0.206993909039 2.12032517338
-9999.0 -9999.0 -9999.0 -9999.0 -9999.0 -9999.0 -9999.0 -9999.0 -9999.0 -9999.0 -9999.0 -9999.0 -9999.0 -9999.0 -9999.0 0.567650550697 1.12433908251 0.558413329636 1.17098972026 7.41927940153 8.24927835421 9.16366538605 0.889555285917 0.889409902429 1.67729674363 2.49532436624 3.97940358293 4.74282752753 5.21284287187 5.92014259959 0.607125554814 0.575089248458 9.66003155371 9.94685134201 10.1909302777 10.4261272806 8.75603442868 634.621044638 638.897066762 639.100121169 639.855896396 640.755509246 641.163781387 0.122743508711 1.42505332415 174.81152866 0.294491324774 0.151668308873 0.148999851658 0.137047369145 0.243733254202 0.256164672266 0.151192352369 0.23587271258
-9999.0 -9999.0 -9999.0 -9999.0 -9999.0 -9999.0 -9999.0 -9999.0 -9999.0 -9999.0 -9999.0 -9999.0 -9999.0 -9999.0 -9999.0 -9999.0 1.67510828116 2.28710528051 4.11032826645 5.57516416206 0.809449165545 10.960510262 11.8411422045 12.6903541775 0.827792597021 1.63817717161 0.7413332046 5.54810493349 5.98845740474 6.66181422263 7.33522318745 8.98686303783 9.23661692684 0.162371725424 7.85240086786 8.32016173572 8.53507240221 9.52178924267 1.23810749464 0.784384788696 0.488019269102 0.473223441923 641.639212512 641.811940293 644.25669511 174.922242575 0.786255903404 0.390815076693 0.256917723769 0.0859155998542 0.777521576088 0.423268731672 0.131956555542 0.755036602639
-9999.0 -9999.0 -9999.0 -9999.0 -9999.0 -9999.0 -9999.0 -9999.0 -9999.0 -9999.0 -9999.0 -9999.0 -9999.0 -9999.0 -9999.0 -9999.0 0.614232531163 2.89011544852 3.53593251378 0.855122232105 0.948764230416 1.91416043465 2.82433149124 16.3759489109 0.830400420532 3.32249548988 4.0839955421 4.84305739527 0.460662962952 1.08972563783 1.48013753431 6.28909429673 7.04276201529 7.23459923689 0.226631598816 0.240304913996 0.298062985144 0.545916934288 0.240114680942 0.259196378868 0.414259555004 0.376805512322 0.412532751299 0.908407848471 644.456760094 819.873375242 0.966436099382 0.212963135184 0.0832622662602 2.49332322296 2.30397116894 1.39227177171 1.25666528502 0.948058352595
-9999.0 -9999.0 -9999.0 -9999.0 -9999.0 -9999.0 -9999.0 -9999.0 -9999.0 -9999.0 -9999.0 -9999.0 -9999.0 -9999.0 -9999.0 0.498221346188 1.67715613886 0.561922627356 0.984418535858 1.04004427877 2.00482870035 2.95128242711 3.77189879563 20.7660879216 21.5776901685 0.83391773972 1.60572010205 2.38289519738 2.97255203358 3.62827587089 5.6070145473 6.04840187932 0.490402645556 0.389896037518 0.354598517105 0.424392266033 0.443711040781 0.45696649107 0.398831951867 0.502548102279 1.38044056101 0.634920967558 0.180202991623 0.171668580723 0.182153520639 0.340879247979 827.529399728 6.46625134288 2.89504687403 0.202530785294 0.0866458608309 0.078492352332 0.30254501314 0.216495858139
-9999.0 -9999.0 -9999.0 -9999.0 -9999.0 -9999.0 -9999.0 -9999.0 -9999.0 -9999.0 -9999.0 -9999.0 -9999.0 -9999.0 0.530616285013 1.01262127191 3.72926117394 0.529793151182 1.80298947961 2.8277939193 3.79960015549 0.985518563821 1.86977579844 2.61672992239 24.7777581447 0.795428807792 1.52861982136 2.28359914755 0.706741691969 1.40417548789 1.87912517704 2.31858366244 49.4263414866 50.1872634298 50.8755556888 53.7793580804 55.0967798018 57.5265604664 0.595314465798 1.38762074621 1.68225300181 64.3083833076 64.6567119815 0.15771174523 0.290353885622 0.416653736479 827.662521315 6.03425048602 2.88931975658 2.78820303563 2.10227930971 1.80353323189 0.400988013519 0.0927665298392
-9999.0 -9999.0 -9999.0 -9999.0 -9999.0 -9999.0 -9999.0 -9999.0 -9999.0 -9999.0 -9999.0 -9999.0 -9999.0 -9999.0 0.547662028896 1.64554362071 5.91361472166 8.69319900917 0.469612759038 11.4799598294 15.8898711803 0.952073555192 1.83899915046 2.63779931632 32.2619878187 32.894179305 0.67716350364 3.65836024526 4.30708691282 4.90550804201 44.4944857591 45.9187288275 46.694888909 0.365664908048 2.08288679076 2.47205416408 1.08889360366 1.58006292281 59.6725863259 61.7199634763 62.0897805492 62.4345569131 65.0302827724 0.182492764251 0.15510187224 0.693392486365 827.783903472 0.150714170919 0.204209609274 0.601358670285 0.222552914444 1.64858067247 1.28233172677 0.752759350766
-9999.0 -9999.0 -9999.0 -9999.0 -9999.0 -9999.0 -9999.0 -9999.0 -9999.0 -9999.0 -9999.0 -9999.0 -9999.0 -9999.0 -9999.0 -9999.0 1.14559398678 2.29416485865 10.312304168 10.910590142 16.404930036 17.0189228677 0.928521365517 1.85420021843 4.34251828123 33.4301758499 34.8046924412 35.3923756848 0.482488757321 37.5812583174 39.0770635975 0.92382049266 0.370764658776 0.728182819407 1.41089395449 0.334000086241 0.667404251463 1.46930384956 1.8372810791 0.339325233578 0.219754346736 0.434893295586 66.7238047775 67.2981290843 67.4288103941 68.4748915773 827.8897056 0.0906119930764 0.14414558182 0.166973353587 0.157932827367 0.162321081038 0.13771545451 0.256448374488
-9999.0 -9999.0 -9999.0 -9999.0 -9999.0 -9999.0 -9999.0 -9999.0 -9999.0 -9999.0 -9999.0 -9999.0 -9999.0 -9999.0 -9999.0 -9999.0 0.597654659615 0.582110593049 0.583022029187 1.22602484248 0.536868258028 18.0812764481 18.6459609897 0.846289088563 1.70676234478 0.831899523699 0.712705560625 0.693130945891 36.639462321 0.5062578488 1.01617964153 0.492007997905 0.398766503997 0.350111984565 0.271779025184 0.28283336421 0.856456276607 1.17183587148 0.222177850826 0.192049717142 0.409271524239 0.678208094649 0.937989225817 0.289147290494 67.6359749955 68.6080589248 827.953761087 0.519825245342 0.349444912471 0.0970376298473 0.232180703488 0.0762194375638 0.0558915795641 0.318197636043
-9999.0 -9999.0 -9999.0 -9999.0 -9999.0 -9999.0 -9999.0 -9999.0 -9999.0 -9999.0 -9999.0 -9999.0 -9999.0 -9999.0 -9999.0 -9999.0 -9999.0 -9999.0 0.575544449056 1.749149363 2.21398212319 2.72917445722 19.1504701393 19.6678483871 20.2063191888 20.8752574166 21.5494900329 22.9385026289 23.4247530151 23.9045244436 24.3131157522 0.357378631351 0.333965536951 0.347473052555 1.19922023369 0.314496895956 0.295535811756 0.233592116044 0.669347212404 0.254887360244 0.192156908057 0.17812916765 0.152977229271 0.305262309947 0.432792544497 69.4746445103 898.023452433 0.0755448602928 0.171368402513 0.0792711217561 0.317022383429 0.17853801504 0.112390106241 0.938209088883
-9999.0 -9999.0 -9999.0 -9999.0 -9999.0 -9999.0 -9999.0 -9999.0 -9999.0 -9999.0 -9999.0 -9999.0 -9999.0 -9999.0 -9999.0 -9999.0 -9999.0 -9999.0 -9999.0 0.469981853639 3.80477714814 7.57333708388 8.1284521035 0.819810238884 1.66998480092 2.53861064631 3.27617423458 8.12295018422 8.52139700913 0.382655327882 0.375382243056 25.0573943834 25.7154402801 26.0231345201 1.43363887695 0.208063338879 0.520632080273 0.760604334702 2.24573860784 2.73107331844 3.09973328411 0.337902569353 0.466223714052 0.153296637639 0.298252436957 0.150447188309 898.270952238 0.0699736558607 0.301342065062 0.165523783317 0.546459749535 1.02338695274 1.17588167595 2.15427737516
-9999.0 -9999.0 -9999.0 -9999.0 -9999.0 -9999.0 -9999.0 -9999.0 -9999.0 -9999.0 -9999.0 -9999.0 -9999.0 -9999.0 -9999.0 -9999.0 -9999.0 -9999.0 0.533518050389 1.71329698533 3.34430651112 4.35731595842 11.2541890801 11.9439223188 1.7929405147 2.67165262088 3.45036470782 4.18808474488 8.97879324087 9.779416966 17.6585426875 18.3202052189 18.6861989224 26.3291946396 28.5237839459 0.508990948956 0.337387231364 0.320366818685 0.604904580982 0.265906313324 3.59592974389 3.77201524913 0.610786837497 0.835148738377 0.174044542806 190.059641836 190.35154983 1088.76420164 1089.14634503 0.0680748922283 0.692929469483 0.0917094205055 0.0839047903629 2.33382790539
-9999.0 -9999.0 -9999.0 -9999.0 -9999.0 -9999.0 -9999.0 -9999.0 -9999.0 -9999.0 -9999.0 -9999.0 -9999.0 -9999.0 -9999.0 -9999.0 -9999.0 -9999.0 -9999.0 0.617552869407 0.598510374674 1.12172847882 2.65116412804 12.4587024558 0.915529330331 0.905351407963 1.67730163131 2.46300862495 6.1162708739 6.69092906746 0.436895534796 0.430947032096 19.1321011422 19.4564514799 48.3138088736 48.611082623 0.181726355195 0.159987658039 0.131003885369 0.132281846439 0.138144516937 186.700197468 187.734317995 188.808164769 189.202650457 189.867875083 0.160315607773 0.585046872319 0.707481291835 1090.06032598 1090.08945305 1090.23630307 1090.42005151 1090.56328057
-9999.0 -9999.0 -9999.0 -9999.0 -9999.0 -9999.0 -9999.0 -9999.0 -9999.0 -9999.0 -9999.0 -9999.0 -9999.0 -9999.0 -9999.0 -9999.0 -9999.0 -9999.0 -9999.0 -9999.0 0.541459835809 0.570744269585 1.05191480379 14.5149776564 15.1050197128 0.893817189125 1.65983998143 2.46013804489 3.11721013851 0.595019334131 1.10351048069 37.4064447063 37.7731963748 38.1722071877 40.9445120095 89.9129829647 179.557197971 179.990882675 180.374856033 180.742267223 182.27008611 182.756921424 0.854603438606 0.379053833531 0.220403671179 0.41379497652 0.288460901895 0.460676762632 0.140421864487 3.44029378709 3.70439843539 3.90194014273 3.95600166208 1090.60726376
-9999.0 -9999.0 -9999.0 -9999.0 -9999.0 -9999.0 -9999.0 -9999.0 -9999.0 -9999.0 -9999.0 -9999.0 -9999.0 -9999.0 -9999.0 -9999.0 -9999.0 -9999.0 -9999.0 -9999.0 -9999.0 0.552991490171 1.05712361648 1.56464874383 15.5433695173 0.662227677921 21.6470227019 22.4697875395 23.0893407925 23.6440810511 35.2804030494 35.8152443887 0.401558921573 2.02512467708 2.44609543232 0.369830159041 89.2141157358 88.5547279753 0.202153639959 0.462438132883 1.21192119419 0.263911975323 0.264111214683 0.189884652632 0.15359578255 0.119230272649 0.134139682688 3.00725185234 3.14241212547 3.30658952106 0.16491961911 0.126116476537 4.0278900189 4.09486150042
-9999.0 -9999.0 -9999.0 -9999.0 -9999.0 -9999.0 -9999.0 -9999.0 -9999.0 -9999.0 -9999.0 -9999.0 -9999.0 -9999.0 -9999.0 -9999.0 -9999.0 -9999.0 -9999.0 -9999.0 -9999.0 0.49781889977 0.465782702884 2.42478767493 19.0118926584 20.2071882459 20.8860412555 0.78834329583 10.2096983105 10.8048327272 11.083123801 0.508131676533 0.937641886958 1.30463373745 21.4106309412 21.6904581979 21.9312301549 88.1211208448 51.9010421472 0.252526266979 0.254683359223 0.244602354338 0.18240760863 1.88480739747 2.23422989845 2.53996467833 2.70410338211 2.8618509387 21.3401120833 21.4497999926 21.6313268709 22.0782500172 23.4631422381 23.51285885
-9999.0 -9999.0 -9999.0 -9999.0 -9999.0 -9999.0 -9999.0 -9999.0 -9999.0 -9999.0 -9999.0 -9999.0 -9999.0 -9999.0 -9999.0 -9999.0 -9999.0 -9999.0 -9999.0 -9999.0 -9999.0 -9999.0 0.973648374906 1.49391898984 0.585722481573 0.90927941575 7.32359577475 8.14277405829 8.78503169385 4.42024173549 4.95880237923 5.50971597346 5.90984440784 20.7922569955 21.1661034276 13.4971439447 35.7191675699 35.9891663552 51.6972624944 0.501837594408 0.249901183916 0.175490146606 1.30960034635 1.52843273561 0.121970024273 0.1122352971 20.8483880268 21.1148912724 21.2382607904 0.207551007801 0.314254681895 23.2605140682 0.128825378171 0.365129894842
-9999.0 -9999.0 -9999.0 -9999.0 -9999.0 -9999.0 -9999.0 -9999.0 -9999.0 -9999.0 -9999.0 -9999.0 -9999.0 -9999.0 -9999.0 -9999.0 -9999.0 -9999.0 -9999.0 -9999.0 -9999.0 -9999.0 0.489864460676 0.968419613669 4.21623939147 4.83239907444 5.58978955562 3.18229294812 3.87388009206 0.564469881973 13.5272899868 14.0377664673 14.5129904896 0.406847555893 12.8007965108 13.1877487801 0.285746830805 50.3741677375 0.578734445395 0.288800217239 0.708490977245 0.959236955246 0.179144039659 0.144900248523 19.4424404139 20.608728652 20.7665287428 0.166457127006 0.339541310289 0.431734920107 0.517485964033 1.03053692819 0.13147389709 0.29978302274
