data/baseflow/History/mHMbfrc386
ncols                  80
nrows                 72
xllcorner      4374000.0
yllcorner      5656000.0
cellsize            500
NODATA_value       -9999
[rows 24 to 47 of 72, columns 0 to 54 of 80]
-9999.0 -9999.0 -9999.0 -9999.0 -9999.0 -9999.0 -9999.0 -9999.0 -9999.0 -9999.0 -9999.0 -9999.0 1.36554190238 3.8963489475 5.14645950627 8.97066386198 1.16450894417 2.39651502733 3.63947969137 13.68171817 14.8269371772 15.9122693733 17.1444849591 18.4700647608 28.9367416995 32.7656563349 35.1941255281 1.16342616723 5.89671968602 7.03260012418 74.0256470042 79.1785394084 81.155041647 83.1033623027 85.1898383736 285.346256805 0.634889316308 547.778701624 2.44866633387 1.16144591259 5.92509160118 4.90912975901 0.9155494317 2.82752070741 3.86813305679 3.86286437244 2.80855614154 4.65095401494 7.4098790296 2.77886223583 7.47619262997 0.823401734263 1.50342872958 0.569397282647 0.458559969571
-9999.0 -9999.0 -9999.0 -9999.0 -9999.0 -9999.0 -9999.0 -9999.0 -9999.0 -9999.0 -9999.0 -9999.0 1.33282677338 2.62504794708 1.25908707244 2.55423032752 1.24340275859 8.73034452918 11.2090169776 12.4882272403 1.21541753344 2.36263502938 20.9259452081 26.5712957402 27.6966184561 2.55339567403 2.49206717428 3.70264389221 1.0986370682 1.07777237254 2.11318159184 0.938592241998 34.2474769352 35.1155486003 36.2004004542 286.088036659 555.722170742 549.064242188 2.03232841808 0.825687936304 0.756692115802 2.6909506152 1.86949549418 3.75040178281 4.78698782534 9.57150713461 0.915569503356 0.923217874499 8.3192833666 9.24845826365 18.4673025126 19.310370286 21.3830585918 22.4530099621 0.933793997173
-9999.0 -9999.0 -9999.0 -9999.0 -9999.0 -9999.0 -9999.0 -9999.0 -9999.0 -9999.0 -9999.0 -9999.0 -9999.0 1.29352463838 2.55000489047 3.78474629675 6.29108477902 1.23126768529 1.24860812671 7.79813210289 8.99160352152 18.6510047889 19.8311614962 3.42893942086 1.24778985869 1.26637480099 1.23410267048 28.097670463 29.2183168307 30.3356335109 31.3942646041 33.3505506194 8.22326896749 9.18447427575 46.3295886025 888.457206469 5.89693141957 5.17344568965 2.84044354861 0.675184018685 0.663384632095 4.23523745555 4.8627742552 5.26605270923 0.778708757733 10.4549961685 1.79198201835 1.786613375 0.747380771252 0.55764508526 0.483096885986 0.382369312737 0.483791219669 23.0877307546 332.205165342
-9999.0 -9999.0 -9999.0 -9999.0 -9999.0 -9999.0 -9999.0 -9999.0 -9999.0 -9999.0 -9999.0 -9999.0 -9999.0 -9999.0 1.2691584502 2.29364391575 3.24721624075 4.19050786913 5.36637151118 6.56382669097 3.64162965088 6.0960345932 1.18890515533 1.19624852059 22.1271877124 24.5221986967 25.6691108192 26.9113971425 1.17048260736 2.28631389155 5.48097682852 6.54511429539 7.43757926174 0.965995276875 0.83197572572 890.521584623 0.746627444799 1.23079435696 0.574388253314 2.52722077795 1.25329257751 0.58624540476 10.7810473161 11.2314710012 0.446251826196 10.9060562059 13.2199404093 2.39191297672 352.008821214 350.791265471 349.711375228 347.816546794 347.111251135 334.635909405 334.204183865
-9999.0 -9999.0 -9999.0 -9999.0 -9999.0 -9999.0 -9999.0 -9999.0 -9999.0 -9999.0 -9999.0 -9999.0 -9999.0 -9999.0 0.231109142834 0.539301853694 0.936665542532 8.34647299187 9.51525598213 1.16204233109 1.24696962972 1.2277013783 17.3795484798 19.7692193433 1.18495485027 1.23819945137 1.14063919696 4.51912870797 5.63718719616 3.45709910566 4.36559541064 24.778505795 25.7773983497 27.5024385633 45.1784439738 936.047527009 0.699131879294 0.5161047026 3.66762999143 3.09422742354 0.506928238751 1.60766128018 2.07621086728 11.7593302808 12.2052909886 26.7710511085 13.694994394 2.83373183624 361.128001519 4.28685777333 348.7508731 348.301831863 11.746101459 0.565898597289 1.70943878639
-9999.0 -9999.0 -9999.0 -9999.0 -9999.0 -9999.0 -9999.0 -9999.0 -9999.0 -9999.0 -9999.0 -9999.0 -9999.0 -9999.0 1.19716309887 1.95623361909 4.15165054134 7.26819384537 10.3782488777 12.5631884905 13.7374570795 14.9822948531 16.2163554574 1.19849022773 1.17198667107 2.32768506737 2.27662534819 1.13673359884 21.0630591815 22.1667597491 23.226867187 24.2469365463 14.9556587547 16.0429124295 16.9393973999 936.332749365 1.12159209124 1.21809743263 5.21481585181 0.521944204285 0.845329582093 0.4104578713 0.440494442665 2.467885625 0.377260823741 0.404571616628 389.971004353 362.895464176 362.507891942 1.52994836421 3.8283825 2.58016869584 0.724412208282 10.8525899739 3.47174643947
-9999.0 -9999.0 -9999.0 -9999.0 -9999.0 -9999.0 -9999.0 -9999.0 -9999.0 -9999.0 -9999.0 -9999.0 -9999.0 -9999.0 0.837058237691 0.779926166988 1.52696299183 2.33115080737 1.13938004215 1.26166338227 2.49395458003 3.73031728537 6.1494632697 7.36376538079 8.50558411465 12.0486700083 13.1830301033 14.3385546299 1.10421294533 10.888721991 11.9440034929 12.9803815361 0.986395785918 0.680301791 1.15432091039 953.920810213 954.192156442 955.919891555 6.56234022789 1.00209428447 1.48509981077 0.424421156711 0.789059468258 2.81608177279 3.5176297008 0.739038578747 391.708970003 0.529450811905 0.841764960611 0.935871221269 0.684442740459 1.34130151182 0.571697983782 6.54067174037 5.35600530073
-9999.0 -9999.0 -9999.0 -9999.0 -9999.0 -9999.0 -9999.0 -9999.0 -9999.0 -9999.0 -9999.0 -9999.0 -9999.0 -9999.0 -9999.0 0.744556591918 1.4797660208 0.732776649851 1.5110397166 9.51723052561 10.6119307817 11.8429564524 1.20478291013 1.21139266075 2.36384652815 3.55682113002 5.81719522119 6.94001749958 7.60676611076 8.68496048768 1.02007793284 1.00584865872 14.7698325485 15.3753489126 15.7811553543 16.1434737774 13.3916523718 970.803304819 979.753221233 980.099137338 981.911364189 983.749589426 984.93702001 0.389952391657 3.85032739877 392.070182226 0.985800776627 0.504764589471 0.419381132851 0.35573518857 0.647079791567 0.728794263628 0.414418217984 0.573148405074 0.603517041882
-9999.0 -9999.0 -9999.0 -9999.0 -9999.0 -9999.0 -9999.0 -9999.0 -9999.0 -9999.0 -9999.0 -9999.0 -9999.0 -9999.0 -9999.0 -9999.0 2.19983287237 2.99378494617 5.31766104282 7.14252942058 0.995102125324 14.0728821656 15.2730494808 16.4923991068 1.16734285553 2.3495047885 1.13797142858 7.95026272219 8.58700528415 9.56174965123 10.6137253783 13.3745510621 13.838255555 0.290581043157 12.0401018705 12.7430243274 13.0505977502 14.5976885744 2.09636134348 1.38431034088 0.935407352354 0.9099408647 986.144869218 986.679342864 993.101793948 392.426727382 2.45532270982 1.12774745823 0.735765966779 0.26247357016 2.14473528742 1.17741124698 0.367767390291 2.04777211075 1.72900799462
-9999.0 -9999.0 -9999.0 -9999.0 -9999.0 -9999.0 -9999.0 -9999.0 -9999.0 -9999.0 -9999.0 -9999.0 -9999.0 -9999.0 -9999.0 -9999.0 0.792322487234 3.7691971163 4.58143404148 1.05371537838 1.22814846609 2.44164228698 3.6431777333 21.2648091169 1.15061535658 4.66464509263 5.77177657209 6.91266258267 0.672425265755 1.60461111805 2.27699608291 9.460686094 10.8142604624 11.075161052 0.330123660409 0.373373513594 0.489223955538 0.892697676781 0.40658943807 0.445503378965 0.917390353142 0.722317399476 0.910009129452 2.19438753965 993.691994521 1387.58380948 3.00666171493 0.489330432202 0.242816119653 6.79240558419 6.22438158071 3.71662073869 3.35542596186 2.54679405623 0.560818260927
-9999.0 -9999.0 -9999.0 -9999.0 -9999.0 -9999.0 -9999.0 -9999.0 -9999.0 -9999.0 -9999.0 -9999.0 -9999.0 -9999.0 -9999.0 0.666823084917 2.18818982421 0.72594234797 1.11466156429 1.16110808174 2.36699122338 3.54135445421 4.59674159655 26.6623709609 27.7851892322 1.15007912383 2.25378344631 3.35561342572 4.21175840739 5.2093267588 8.4690168551 9.11511352132 0.9862716444 0.687317871018 0.654454709392 0.98615970874 0.903710076083 0.858716129421 0.743481565099 0.868003291107 3.04266906858 1.38721043264 0.471213781865 0.449921306491 0.521334966176 0.997670862753 1408.90910099 17.8841980109 7.76693938479 0.425842059927 0.173693885069 0.192175277108 0.793458701441 0.589345183247 0.32138294475
-9999.0 -9999.0 -9999.0 -9999.0 -9999.0 -9999.0 -9999.0 -9999.0 -9999.0 -9999.0 -9999.0 -9999.0 -9999.0 -9999.0 0.708381069586 1.3543045898 4.93930783265 0.716125209843 2.0931593026 3.24855551351 4.4037061163 1.14572733176 2.26886070894 3.19863497208 31.7569242182 1.11593543262 2.19309549517 3.3104484706 1.05843690471 2.11627418005 3.09149288026 3.78270973485 71.0351120197 72.4715368969 73.799248187 79.7225495008 82.4762535443 87.4666820797 1.30233846626 2.95091797072 3.84275935865 102.803025471 103.773201276 0.423763259696 0.84396849042 1.24573406541 1409.28594383 16.9280463342 8.65793458229 8.46156940065 5.89454319189 4.88477723516 1.05274832157 0.230564123301 0.520885541014
-9999.0 -9999.0 -9999.0 -9999.0 -9999.0 -9999.0 -9999.0 -9999.0 -9999.0 -9999.0 -9999.0 -9999.0 -9999.0 -9999.0 0.719018755152 2.16271482531 7.80511785402 11.4860207003 0.651847095782 15.171704806 20.3340626276 1.12728064215 2.23009835005 3.19987449612 41.1001672534 41.9573468013 1.11763888779 5.61176399482 6.72627337287 7.67204650809 61.8686198489 64.8255842441 66.3662587199 0.722966852865 4.16615484993 4.9417917712 2.34031565554 3.38375335168 92.2001818244 96.6938474374 97.554981061 98.382874623 104.840934787 0.524901379736 0.460404506444 2.07381868726 1409.58792254 0.304517319418 0.805767925964 2.40003088397 0.86055338307 4.54012608321 3.15803201391 1.82962535407 1.37350749764
-9999.0 -9999.0 -9999.0 -9999.0 -9999.0 -9999.0 -9999.0 -9999.0 -9999.0 -9999.0 -9999.0 -9999.0 -9999.0 -9999.0 -9999.0 -9999.0 1.49219962352 3.00663236125 13.6457630749 14.4202249768 21.0277770766 21.7953620464 1.14352207008 2.27918069061 5.47379468097 42.7266614999 44.8870945097 45.9760643008 0.998528843369 50.0875199506 53.2478430664 1.95502555302 0.730105727767 1.44555254588 2.81258518275 0.675311204761 1.38570852652 3.12778245027 3.94956969816 0.740895068375 0.535543644476 1.08275316006 108.64421167 109.962881668 110.365206253 113.383491336 1409.86434745 0.180977351053 0.645996241844 0.724895354426 0.706712857833 0.718740428988 0.645454842345 1.23304646069 0.144265040263
-9999.0 -9999.0 -9999.0 -9999.0 -9999.0 -9999.0 -9999.0 -9999.0 -9999.0 -9999.0 -9999.0 -9999.0 -9999.0 -9999.0 -9999.0 -9999.0 0.77638617898 0.762770827946 0.759099020136 1.56765153273 0.704992057551 23.1906559911 23.9113263972 1.04831518244 2.1629333264 1.20741861472 1.14566148736 1.13056311046 48.2126603924 1.10943728843 2.2123605233 0.961247145147 0.763474316362 0.693592142737 0.573330485007 0.589639318524 1.76222301639 2.38896210192 0.487945221024 0.445007104969 0.932171894711 1.50725699846 1.98168203804 0.585761169512 110.887920984 113.772143841 1410.02650756 1.93460393409 1.59859453643 0.495358910476 1.124837805 0.425189011048 0.342502597106 1.59868511223 0.79486663322
-9999.0 -9999.0 -9999.0 -9999.0 -9999.0 -9999.0 -9999.0 -9999.0 -9999.0 -9999.0 -9999.0 -9999.0 -9999.0 -9999.0 -9999.0 -9999.0 -9999.0 -9999.0 0.755710614518 2.2698580092 2.91283643915 3.59456138922 24.5838432002 25.2457908914 25.9420289104 26.8244004674 27.9341785268 30.2665328015 31.3300872158 32.4221493119 33.3313042875 0.733626057391 0.690793936173 0.699688715787 2.47122324591 0.634540580608 0.599016763258 0.506248246443 1.46334791585 0.552244742161 0.44302819081 0.41748171138 0.377928948614 0.754434388789 1.06806117838 115.888623779 1528.05027512 0.148406407875 0.379344289068 0.448033527413 1.56911304445 0.897051150117 0.687913641919 3.0324008494 1.31675891193
-9999.0 -9999.0 -9999.0 -9999.0 -9999.0 -9999.0 -9999.0 -9999.0 -9999.0 -9999.0 -9999.0 -9999.0 -9999.0 -9999.0 -9999.0 -9999.0 -9999.0 -9999.0 -9999.0 0.645739124591 5.01224185505 9.99235488088 10.7203876625 0.940637062775 1.98526758728 3.09024855112 4.20403033057 10.917010726 11.7212654404 0.773952183204 0.752105206562 34.7951205435 36.1352375929 36.7673022392 2.97918324746 0.477336607319 1.09071947213 1.60282236304 4.74441567112 5.7791693245 6.61848653194 0.783229748914 1.09088213373 0.356833637545 0.698729531058 0.353064243621 1528.65960196 0.14697550582 0.642509896349 0.656101741837 2.4179272896 3.92818361919 4.69606807679 7.80325918096 2.02274782801
-9999.0 -9999.0 -9999.0 -9999.0 -9999.0 -9999.0 -9999.0 -9999.0 -9999.0 -9999.0 -9999.0 -9999.0 -9999.0 -9999.0 -9999.0 -9999.0 -9999.0 -9999.0 0.705029745498 2.22557331785 4.37484296678 5.73812085629 14.8760852926 15.6979812397 2.19839123911 3.34852988767 4.41230425929 5.56681165383 12.6888545214 14.3168636597 25.9711323209 26.9590802578 27.6471347017 37.4056648374 42.0617660383 1.11101413075 0.664440927833 0.644783087054 1.23169806349 0.559849742239 7.66914196783 8.06469069806 1.42970152725 1.88982263014 0.410132350155 284.636416713 285.323439794 1814.33890918 1815.13669601 0.130024762625 2.70116076712 0.1659479733 0.161684116847 8.21864205092 10.4108542356
-9999.0 -9999.0 -9999.0 -9999.0 -9999.0 -9999.0 -9999.0 -9999.0 -9999.0 -9999.0 -9999.0 -9999.0 -9999.0 -9999.0 -9999.0 -9999.0 -9999.0 -9999.0 -9999.0 0.787548761231 0.767761003815 1.46608612193 3.50838798047 16.354613844 1.10529931791 1.09041686775 2.16538559344 3.2355765545 8.51695530602 9.54675420874 0.70547243233 0.624299986631 28.43753907 29.1021014383 71.7989223283 72.4022115588 0.415421665289 0.375456049988 0.31071393573 0.313314314548 0.317823230362 277.348484863 279.592590195 281.935837263 282.753627292 284.204923356 0.372966585926 1.38643125695 1.73764163323 1817.37413574 1817.43681552 1817.72999565 1818.16562526 1818.4341496 10.8050368429
-9999.0 -9999.0 -9999.0 -9999.0 -9999.0 -9999.0 -9999.0 -9999.0 -9999.0 -9999.0 -9999.0 -9999.0 -9999.0 -9999.0 -9999.0 -9999.0 -9999.0 -9999.0 -9999.0 -9999.0 0.715858121298 0.74329063603 1.39429878563 19.0762200522 19.808502515 1.08095594229 2.15288752852 3.23164386323 4.2400716117 0.96216367611 1.7717753928 50.8881352792 51.612053601 52.2798177555 57.1097063731 130.156564775 262.383486028 263.300613607 264.118230307 264.903183139 267.957367875 268.914321785 1.81257171647 0.833038962933 0.479221711344 0.909761303249 0.685796207506 1.08108900056 0.339945381775 7.65773865687 8.18454404584 8.58864085609 8.77262924554 1818.60656504 1829.78304158
-9999.0 -9999.0 -9999.0 -9999.0 -9999.0 -9999.0 -9999.0 -9999.0 -9999.0 -9999.0 -9999.0 -9999.0 -9999.0 -9999.0 -9999.0 -9999.0 -9999.0 -9999.0 -9999.0 -9999.0 -9999.0 0.727063631753 1.39758600391 2.07056708269 20.3865307374 0.828169946776 28.4130171092 29.5140432466 30.5194133751 31.3595824619 47.5577750153 48.3516768946 0.75930156869 3.53522819762 4.27939505787 0.685436592257 131.296686043 130.071314924 0.408942349297 0.897958304054 2.36190121839 0.509429836213 0.528076885553 0.418648539795 0.358987655419 0.290358660827 0.324453905 6.58411824313 6.91108332305 7.29469653161 0.257084071549 0.22212528801 8.89482236222 9.08924000578 9.22202008517
-9999.0 -9999.0 -9999.0 -9999.0 -9999.0 -9999.0 -9999.0 -9999.0 -9999.0 -9999.0 -9999.0 -9999.0 -9999.0 -9999.0 -9999.0 -9999.0 -9999.0 -9999.0 -9999.0 -9999.0 -9999.0 0.671492230024 0.633318952368 3.2698445324 24.9979081551 26.4972121761 27.3551423401 1.18021255268 13.9445604465 14.9223154736 15.3697791052 0.756855638347 1.54495028193 2.25453912557 32.7484007099 33.2953147992 33.7666365436 129.193957288 71.8681166129 0.482345214345 0.494244392243 0.480659820015 0.394788886551 3.97685470285 4.77282543155 5.48313266989 5.86626815029 6.23722935119 40.4498445015 40.7218030323 41.097863263 42.0373459763 45.6829523237 45.8474512685 55.2414092698
-9999.0 -9999.0 -9999.0 -9999.0 -9999.0 -9999.0 -9999.0 -9999.0 -9999.0 -9999.0 -9999.0 -9999.0 -9999.0 -9999.0 -9999.0 -9999.0 -9999.0 -9999.0 -9999.0 -9999.0 -9999.0 -9999.0 1.317369388 2.00523275208 0.731349409983 1.05986179298 9.2996595979 10.5120504551 11.6338556517 6.65954485467 7.7571319204 8.8150376086 9.56459799009 31.5620497457 32.2332176569 21.9785442297 56.3088287372 56.8468519772 71.4397255418 1.00419255303 0.50129194687 0.383235684216 2.73576426579 3.19734061108 0.298202927829 0.279154511851 39.2135315187 39.8708185931 40.1879224613 0.462939559077 0.67010129945 45.0202027651 0.422371112044 1.18161106146 1.3128018019
-9999.0 -9999.0 -9999.0 -9999.0 -9999.0 -9999.0 -9999.0 -9999.0 -9999.0 -9999.0 -9999.0 -9999.0 -9999.0 -9999.0 -9999.0 -9999.0 -9999.0 -9999.0 -9999.0 -9999.0 -9999.0 -9999.0 0.661025110918 1.30908552493 5.47701995796 6.21937868221 7.14410288905 4.39679392741 5.54290301091 1.13382214505 19.2821722427 20.3435845975 21.3078563291 0.770377486287 20.7046252933 21.3889593082 0.546730625712 68.820712935 1.10882625252 0.54915044661 1.46051432222 1.96309122413 0.396734715309 0.335828651849 35.9259028455 38.6125907343 38.9921716294 0.391676928117 0.864370232579 1.11092268845 1.36217434234 2.68597645591 0.429634587809 0.966046479482 0.192186607711
