data/baseflow/History/mHMbfrc399
ncols                  80
nrows                 72
xllcorner      4374000.0
yllcorner      5656000.0
cellsize            500
NODATA_value       -9999
[rows 24 to 47 of 72, columns 0 to 54 of 80]
-9999.0 -9999.0 -9999.0 -9999.0 -9999.0 -9999.0 -9999.0 -9999.0 -9999.0 -9999.0 -9999.0 -9999.0 1.81897974524 5.30412971201 7.00976224152 12.282063476 1.71180468623 3.42147089096 5.09619068957 18.8304539329 20.3339512698 21.6559775101 23.2650107014 24.9653029252 39.1887991241 44.1390697603 47.1532557748 1.39864495223 7.30429995501 8.61185434009 96.8236265731 102.824012909 105.113097739 107.361331436 109.828971418 375.927843312 0.950300134719 734.327984381 2.87470445671 1.35699970583 7.74309722262 6.50359485721 1.15060174268 3.80572211296 5.31806893902 5.31215278464 3.7909504984 6.26268535867 9.9345707466 3.63622341345 9.69951293834 1.01990305991 1.69393217626 0.779208078387 0.675064240593
-9999.0 -9999.0 -9999.0 -9999.0 -9999.0 -9999.0 -9999.0 -9999.0 -9999.0 -9999.0 -9999.0 -9999.0 1.79461358945 3.56075179755 1.71278603202 3.48973186373 1.70596889298 12.1222706402 15.4837667174 17.1930066099 1.62454763145 3.15820670498 28.6968413102 36.1599579542 37.5782019506 3.31073542147 3.24900368317 4.76378203517 1.27307406623 1.24979095314 2.4156488361 1.09298931706 44.7933731286 45.8890991701 47.2922911505 376.836885953 744.145131872 735.882369204 2.47140571874 0.983122014964 0.931373327642 3.29736801379 2.25913128365 4.89385520842 6.47183283621 12.9917285679 1.19255360065 1.19356107479 11.0649017709 12.2158940381 24.0895266645 25.151388954 27.6248782803 29.1348290954 1.37124426803
-9999.0 -9999.0 -9999.0 -9999.0 -9999.0 -9999.0 -9999.0 -9999.0 -9999.0 -9999.0 -9999.0 -9999.0 -9999.0 1.7780951769 3.52338130309 5.24865649485 8.69532163957 1.75924973009 1.69621514622 10.8816349911 12.5055629227 25.7301605984 27.3094161242 4.55671572465 1.67130277702 1.68615787019 1.62136444708 37.5393828876 38.916321454 40.2368070152 41.4305321516 43.6938953818 10.3716734728 11.6252651811 60.180781354 1181.57779823 7.29991557302 6.47229997139 3.46233202774 0.859406157407 0.847406993974 5.18857062819 6.06028317515 6.81228762338 0.963615118163 14.0067717909 2.20070538368 2.18354614465 0.883158326508 0.780538008161 0.724160176983 0.630989630989 0.703143360644 29.8855705072 413.521319856
-9999.0 -9999.0 -9999.0 -9999.0 -9999.0 -9999.0 -9999.0 -9999.0 -9999.0 -9999.0 -9999.0 -9999.0 -9999.0 -9999.0 1.75531772586 3.17507773354 4.47139336174 5.81175988928 7.50134721006 9.20965314333 5.11381922018 8.43440094311 1.60211115766 1.60683629412 29.593714788 32.7928333051 34.3300335345 35.9840908358 1.51018999623 2.89166455101 6.99777147942 8.28141188913 9.37205024622 1.25902885577 1.12537838774 1184.19255301 0.869968480744 1.633938441 0.774815955282 3.09634384879 1.52753048351 0.783024009657 13.7249512317 14.4130514745 0.713404393091 14.7147172023 17.7023451193 2.99172191453 439.02655866 437.388541296 435.821176876 432.95173599 431.727836691 415.938154641 415.380223687
-9999.0 -9999.0 -9999.0 -9999.0 -9999.0 -9999.0 -9999.0 -9999.0 -9999.0 -9999.0 -9999.0 -9999.0 -9999.0 -9999.0 0.27256608789 0.661224216626 1.26558433644 10.426980094 12.1902429251 1.74963652561 1.70901831435 1.66872882293 23.1459404453 26.4057227618 1.60018496425 1.64286063412 1.53567135261 6.1228277468 7.63229247448 4.46911721341 5.6247061251 33.6899742572 34.9654973307 37.2543192671 60.7238845947 1245.37374479 0.819316701877 0.724580237476 4.41715258902 3.74142105981 0.688566992939 2.17511681658 2.84669321771 15.1561278098 15.8337043729 35.5324482697 18.3120730233 3.41104312602 450.905944652 6.06646150502 434.356253336 433.66546159 14.5999779472 0.626927470455 1.53879360259
-9999.0 -9999.0 -9999.0 -9999.0 -9999.0 -9999.0 -9999.0 -9999.0 -9999.0 -9999.0 -9999.0 -9999.0 -9999.0 -9999.0 1.4322535312 2.32621088968 5.09789354019 8.84373649336 13.3400623604 16.4876115752 18.1860730396 19.8802520412 21.5424050215 1.63194548604 1.58836135442 3.16226756793 3.07530359062 1.53905555704 28.7401654356 30.2345849878 31.6610321761 33.0371708511 19.942116582 21.299889611 22.402959427 1245.75845333 1.30959277316 1.7184325411 6.48991743211 0.582874846255 1.2445752486 0.60773198517 0.641497816343 3.44055261706 0.618606581424 0.649963305177 489.473111662 453.366018489 452.719695215 1.93522124312 5.39498031138 3.64620784261 1.00915057603 13.4426246545 4.43894925736
-9999.0 -9999.0 -9999.0 -9999.0 -9999.0 -9999.0 -9999.0 -9999.0 -9999.0 -9999.0 -9999.0 -9999.0 -9999.0 -9999.0 1.00647006696 0.917365898631 1.77847809353 2.7656028337 1.58900711861 1.72949704182 3.43570233841 5.14293251868 8.44589298191 10.1003998507 11.7320582062 16.5337402312 18.0758572454 19.6386932821 1.50295771572 14.8529731697 16.239067389 17.5358351149 1.16645164264 0.763923478125 1.26284440748 1268.83640119 1269.20251823 1271.27890601 7.95648128638 1.09812496683 2.07758499497 0.644824491808 1.17247260581 3.97300175052 5.11672580925 1.2223346908 492.227902557 0.803576498436 1.08583249627 1.16816028829 0.951801630299 1.80237312243 0.816769809028 7.86210509964 6.35866072915
-9999.0 -9999.0 -9999.0 -9999.0 -9999.0 -9999.0 -9999.0 -9999.0 -9999.0 -9999.0 -9999.0 -9999.0 -9999.0 -9999.0 -9999.0 0.862681922231 1.72906980886 0.903295250812 1.88493065522 11.985531518 13.5573131352 15.2864885069 1.64745790339 1.65308795386 3.29422439774 4.91365599987 8.00986761733 9.54504726169 10.3892489798 11.8582516991 1.35276272225 1.29766497613 19.8685659364 20.5569545437 21.0064601923 21.4212089315 17.3359238996 1290.34170472 1301.02161753 1301.44076731 1303.90925155 1306.1440545 1308.12873964 0.694328728737 5.68095714846 492.936847277 1.78364947586 0.903821161188 0.765529868533 0.631135602959 1.15540120984 1.18226042277 0.628606869005 0.718372940351 0.736670461861
-9999.0 -9999.0 -9999.0 -9999.0 -9999.0 -9999.0 -9999.0 -9999.0 -9999.0 -9999.0 -9999.0 -9999.0 -9999.0 -9999.0 -9999.0 -9999.0 2.5786005689 3.59590692941 6.51619132129 8.94695992899 1.3804995599 18.4111344709 20.0578177905 21.7368298811 1.67320030325 3.31934108126 1.56542626175 11.1830470154 12.000151676 13.3058428451 14.6993035089 18.2594783589 18.786490944 0.337850109024 15.7802005301 16.590526154 16.9512212147 18.6797245329 2.34233107531 1.55413119919 1.04652599603 1.00986131934 1309.8601052 1310.81677763 1320.18659255 493.690926478 4.44917039964 1.96061585651 1.30973797812 0.481135635456 3.53289049988 1.82865113298 0.594299496637 3.07420822921 2.52401996941
-9999.0 -9999.0 -9999.0 -9999.0 -9999.0 -9999.0 -9999.0 -9999.0 -9999.0 -9999.0 -9999.0 -9999.0 -9999.0 -9999.0 -9999.0 -9999.0 1.00980824345 4.55657751877 5.5785837369 1.47469376134 1.73257552559 3.42859158391 5.0786967478 28.4808059696 1.66079974063 6.65094154172 8.22526198302 9.77551273483 0.865023059908 2.11447339603 2.93869241849 12.7152883837 14.3188186256 14.6514407995 0.394992629714 0.423851128566 0.534881973937 0.975512072111 0.43248982326 0.472235304315 1.014689029 0.762819857554 0.983831560099 2.88595463438 1321.15191208 1817.46357878 5.3183251417 0.557649655594 0.458385373202 10.6923848071 9.67755056148 5.56140973237 4.98154102783 3.75268118502 0.707719432593
-9999.0 -9999.0 -9999.0 -9999.0 -9999.0 -9999.0 -9999.0 -9999.0 -9999.0 -9999.0 -9999.0 -9999.0 -9999.0 -9999.0 -9999.0 0.813684721848 2.78586890617 0.948600348679 1.73120201886 1.81728616363 3.54730296508 5.22689551438 6.73185914119 36.3509388976 37.9937965228 1.66652826758 3.24996608306 4.83231066564 5.96068166684 7.28667008827 11.3646189828 12.2727693087 1.12935017724 0.873468497225 0.785559313643 1.16668433197 1.0283520886 0.954577876221 0.799323151786 0.912348880242 3.60462336765 1.69648184157 0.82177242807 0.801028805227 0.870955839923 1.71417299391 1848.77324096 25.4834463381 12.4362846972 0.789015420035 0.34360336599 0.38260014051 1.43111152256 1.02934072702 0.54523640789
-9999.0 -9999.0 -9999.0 -9999.0 -9999.0 -9999.0 -9999.0 -9999.0 -9999.0 -9999.0 -9999.0 -9999.0 -9999.0 -9999.0 0.861622121469 1.65056149121 6.21134960816 0.94512237317 3.23352381434 5.05648316569 6.85542235024 1.77253695415 3.44199126044 4.8265937072 43.9470936868 1.63634575754 3.19245963587 4.73786227364 1.46133493144 2.90770659739 4.03361432474 4.97574839429 97.1796814866 99.0193298303 100.694630375 108.090229549 111.225398771 117.201061458 1.78022841483 3.75144901431 4.59580824406 136.989764854 138.7023609 0.78103974467 1.57569596402 2.34998566631 1849.4947443 24.4636270021 11.1213018386 10.7586896033 8.60636816209 7.67464813336 1.90529317322 0.437503572118 0.952403414386
-9999.0 -9999.0 -9999.0 -9999.0 -9999.0 -9999.0 -9999.0 -9999.0 -9999.0 -9999.0 -9999.0 -9999.0 -9999.0 -9999.0 0.855274325453 2.60334932971 9.66819402196 14.1685683287 0.883818352546 19.0266205259 26.9824799948 1.74260304111 3.40881445526 4.88922328586 57.9505232387 59.2529129105 1.58213531692 7.93090159994 9.45920901515 10.7196788027 85.8489277149 89.2886232335 91.1318187849 0.886158036286 5.21138690095 6.15305111616 2.93622850387 4.21111799101 123.43107897 129.208536254 130.327362154 131.428201058 140.494150318 0.886972088208 0.816905954357 3.88608588912 1850.19080973 0.52137806696 0.62046577352 1.82257011104 0.625487460432 6.97858903796 5.61505086933 3.24242912475 2.39392619323
-9999.0 -9999.0 -9999.0 -9999.0 -9999.0 -9999.0 -9999.0 -9999.0 -9999.0 -9999.0 -9999.0 -9999.0 -9999.0 -9999.0 -9999.0 -9999.0 1.80858242204 3.65022499442 16.9254151828 17.9273365215 27.8795512866 28.9820134175 1.69893902206 3.38884371022 8.16984414031 60.3544411244 63.4936772822 64.999572791 1.31467391855 70.3505871391 73.991088998 2.23294796871 0.891643681935 1.81051030939 3.51569404951 0.829178261962 1.71598323507 4.0941097776 5.13134106687 0.917231097933 0.766152217815 1.58003610343 145.513506188 147.080907049 147.849176625 153.289859341 1850.86629922 0.378074561197 0.565002747437 0.578295698643 0.57726665797 0.581497312311 0.551161210318 1.07596497013 0.305701025764
-9999.0 -9999.0 -9999.0 -9999.0 -9999.0 -9999.0 -9999.0 -9999.0 -9999.0 -9999.0 -9999.0 -9999.0 -9999.0 -9999.0 -9999.0 -9999.0 0.940068012022 0.92926820835 0.950858507313 2.10467203656 0.953923242889 30.8568801784 31.8891697552 1.60582385626 3.24585894671 1.73591494752 1.58041144315 1.56903635849 67.918786747 1.26945099684 2.48635348361 1.12990070661 0.951259645559 0.87725174042 0.763994076692 0.775527102436 2.28509476935 3.06487807984 0.674659267449 0.648958655353 1.31969588382 2.04961451285 2.5397639932 0.638239899278 148.623580353 154.030597494 1851.36927705 2.40336954746 1.68539220756 0.471581553879 0.997734516654 0.425865998631 0.353515366482 1.4534096475 1.56845733036
-9999.0 -9999.0 -9999.0 -9999.0 -9999.0 -9999.0 -9999.0 -9999.0 -9999.0 -9999.0 -9999.0 -9999.0 -9999.0 -9999.0 -9999.0 -9999.0 -9999.0 -9999.0 0.919893848054 2.98456906134 3.82327577963 4.7356049107 32.7764746889 33.6539151784 34.6308384097 35.9687796395 37.5248306243 40.6830521941 41.9225581158 43.1675547179 44.255537317 0.948802784281 0.891924732901 0.897367801776 3.22231730203 0.804201965329 0.76301287836 0.696372426028 2.02354859195 0.730883413275 0.635433050661 0.612902948763 0.564426536157 1.12755824078 1.61245876675 157.274351029 2011.62029507 0.336726496734 0.831097147214 0.459182303945 1.44901909931 0.904842123728 0.710929108551 4.33298877291 2.63452385898
-9999.0 -9999.0 -9999.0 -9999.0 -9999.0 -9999.0 -9999.0 -9999.0 -9999.0 -9999.0 -9999.0 -9999.0 -9999.0 -9999.0 -9999.0 -9999.0 -9999.0 -9999.0 -9999.0 0.819931539479 6.16003873858 12.6232439371 13.6305729417 1.41477004981 3.0005093725 4.64230639138 6.21953504361 15.8567548543 16.8925398813 1.00372192249 0.956647364609 46.1603276655 47.9057749567 48.7368924609 3.9397542249 0.706819244051 1.47032497566 2.1778582947 6.38067688331 7.77215963368 8.98804916673 1.16364497838 1.64353861185 0.53531423464 1.04605332696 0.521301243446 2012.70602606 0.343586275964 1.45287682427 0.91789836561 2.75213423616 4.95830343986 5.84121457132 10.3367449907 3.59340798527
-9999.0 -9999.0 -9999.0 -9999.0 -9999.0 -9999.0 -9999.0 -9999.0 -9999.0 -9999.0 -9999.0 -9999.0 -9999.0 -9999.0 -9999.0 -9999.0 -9999.0 -9999.0 0.871774308946 2.71973378623 5.35763713103 7.04427843669 18.7296590917 19.9440872916 3.31560349447 4.94538422706 6.45321239525 8.06879533387 18.053280025 20.1276229696 35.8861665879 37.1107326427 37.9676600552 49.5954931826 55.840302352 1.52539787806 0.81719012963 0.806343739 1.55257996936 0.727001736786 10.3741603577 10.954186168 2.16074948614 2.66072651 0.517797297267 383.747478688 384.76561792 2398.19059403 2400.13581282 0.301694811201 3.3933348357 0.344791644778 0.330346328936 11.1083725417 15.0357545978
-9999.0 -9999.0 -9999.0 -9999.0 -9999.0 -9999.0 -9999.0 -9999.0 -9999.0 -9999.0 -9999.0 -9999.0 -9999.0 -9999.0 -9999.0 -9999.0 -9999.0 -9999.0 -9999.0 0.949750425142 0.924250281588 1.78766989251 4.28882445924 20.7873781891 1.67183899106 1.65702137549 3.17570284427 4.68837624566 11.9045588271 13.1828538704 0.847644752706 0.79944233881 38.9540270585 39.823911266 96.4224462087 97.1528905101 0.646960297015 0.61211555802 0.530126994924 0.53335856036 0.503744966959 374.311369241 377.304469165 380.448617295 381.396045073 383.248467885 0.528197343791 2.01848137472 2.64849575729 2403.79941493 2404.14335621 2404.58170341 2405.10777529 2405.45766332 15.5666979417
-9999.0 -9999.0 -9999.0 -9999.0 -9999.0 -9999.0 -9999.0 -9999.0 -9999.0 -9999.0 -9999.0 -9999.0 -9999.0 -9999.0 -9999.0 -9999.0 -9999.0 -9999.0 -9999.0 -9999.0 0.879855429702 0.904060341362 1.70388132723 24.1338775447 25.190888367 1.65013881573 3.16480823101 4.68626409732 5.94156686632 1.17731118556 2.2361965397 66.5011884798 67.4400756463 68.189628827 74.0553361665 171.927334535 353.61279322 354.952771789 356.170242521 357.36235468 361.537367289 362.800617299 2.42577436533 1.16462322847 0.621226872558 1.20725973138 1.00108084653 1.54800428302 0.499134191266 10.7286696477 11.6602141328 12.3777128317 12.7875143283 2405.98029322 2422.11765446
-9999.0 -9999.0 -9999.0 -9999.0 -9999.0 -9999.0 -9999.0 -9999.0 -9999.0 -9999.0 -9999.0 -9999.0 -9999.0 -9999.0 -9999.0 -9999.0 -9999.0 -9999.0 -9999.0 -9999.0 -9999.0 0.888868022385 1.71242495595 2.53810961563 25.9313558802 1.29341545132 36.6468115135 38.2060639889 39.4388390837 40.5517935931 62.1793274692 63.245064981 0.944696134769 4.41990701533 5.27581523386 0.84665889379 180.318713882 178.761480064 0.577656906192 1.22073691596 3.12112911732 0.64827773422 0.654970980672 0.58587703857 0.524533841309 0.448893502464 0.48348478172 9.11240517941 9.59084892359 10.1203338459 0.398641473909 0.312824071793 13.0180002607 13.4463384238 13.7402343835
-9999.0 -9999.0 -9999.0 -9999.0 -9999.0 -9999.0 -9999.0 -9999.0 -9999.0 -9999.0 -9999.0 -9999.0 -9999.0 -9999.0 -9999.0 -9999.0 -9999.0 -9999.0 -9999.0 -9999.0 -9999.0 0.834569453014 0.788055129892 4.04057479449 31.7172094494 33.8897072068 35.137756296 1.6688787673 18.8845898555 20.0334971627 20.5532997182 1.01077217979 2.00517848645 2.91181669296 44.5174307308 45.2586091041 45.9123643864 177.528840456 100.822976462 0.636795012946 0.637472662099 0.628297341986 0.552159220154 5.39565398823 6.51147620736 7.53837243252 8.07735562952 8.60587513567 53.1227602586 53.5458580462 53.9369570433 54.896229929 60.0529581641 60.4061954579 74.5427037872
-9999.0 -9999.0 -9999.0 -9999.0 -9999.0 -9999.0 -9999.0 -9999.0 -9999.0 -9999.0 -9999.0 -9999.0 -9999.0 -9999.0 -9999.0 -9999.0 -9999.0 -9999.0 -9999.0 -9999.0 -9999.0 -9999.0 1.62914374916 2.46748604112 0.993953190315 1.64790272585 12.5854170593 14.2972513501 15.7647204514 9.12528909077 10.4053115714 11.6704660907 12.6352328094 42.9425835886 43.7772187729 28.6955000197 75.3363006696 76.0460148066 100.228110288 1.31097090862 0.649496361041 0.550088450001 3.68684143814 4.29356120674 0.451585367008 0.430226516234 51.2903805994 52.2464450011 52.7136677024 0.494562380284 0.696353621015 59.0455153689 0.636198188769 2.44520042625 2.73496253184
-9999.0 -9999.0 -9999.0 -9999.0 -9999.0 -9999.0 -9999.0 -9999.0 -9999.0 -9999.0 -9999.0 -9999.0 -9999.0 -9999.0 -9999.0 -9999.0 -9999.0 -9999.0 -9999.0 -9999.0 -9999.0 -9999.0 0.810280203726 1.60873714326 6.93456374518 7.96219545122 9.37226177802 6.27939262617 7.79611312342 1.32021805536 27.0892168187 28.3063830564 29.4184332686 0.940660946971 27.0722601403 27.9147894948 0.71712646337 96.8608627987 1.39393292753 0.694741498109 1.93946063714 2.59005962265 0.553165187403 0.49118030257 46.6865545628 50.4052901371 50.9363563592 0.541611432885 1.29745965181 1.68686974362 2.05594718757 3.8582874457 0.903118022874 1.98047249891 0.427793560381
