data/baseflow/History/mHMbfrc600
ncols                  80
nrows                 72
xllcorner      4374000.0
yllcorner      5656000.0
cellsize            500
NODATA_value       -9999
[rows 24 to 47 of 72, columns 0 to 53 of 80]
-9999.0 -9999.0 -9999.0 -9999.0 -9999.0 -9999.0 -9999.0 -9999.0 -9999.0 -9999.0 -9999.0 -9999.0 1.29998515144 3.61566080235 4.70831118593 7.98757345215 0.920858250866 1.87612571155 2.72396550361 10.7666862623 11.5012216221 12.2007135076 12.7977616887 13.4144445072 19.5795653769 21.2917985542 22.4012216153 0.474608194891 2.50215945596 2.92401193444 43.0640695241 44.7099420254 45.5045057899 46.3304661732 46.8583048251 178.331882925 0.213133796922 344.959172448 0.331032688078 0.178108408205 2.12287107392 1.81901254341 0.27473971951 0.911035638282 1.44514659824 1.40093145584 0.931364570541 1.51762506113 2.37570607139 0.869178529978 2.11478333052 0.180578148824 0.298778725157 0.0484217679968
-9999.0 -9999.0 -9999.0 -9999.0 -9999.0 -9999.0 -9999.0 -9999.0 -9999.0 -9999.0 -9999.0 -9999.0 1.22047582752 2.41305713289 1.10671944626 2.20531274047 0.931838981664 7.36096095098 9.07472573891 9.9546623651 0.770449056977 1.5179947286 15.0496051075 18.4436753808 19.0311769108 1.13092746205 1.21922877644 1.79283272889 0.360840531266 0.322447339381 0.589378388318 0.2263507285 21.5463079783 21.7899114891 22.0214517586 178.585014637 346.387797986 345.086393126 0.265060607347 0.146680679723 0.131990743694 0.590194203282 0.47625511674 1.18612953576 1.71129099322 3.3957843297 0.28033750707 0.277353135035 2.61914809369 2.87783326587 5.39422965063 5.50462359179 5.85238604289 5.94036439506
-9999.0 -9999.0 -9999.0 -9999.0 -9999.0 -9999.0 -9999.0 -9999.0 -9999.0 -9999.0 -9999.0 -9999.0 -9999.0 1.14324432885 2.28424930834 3.43445713942 5.40150111091 1.02892757121 0.89177522734 6.17035414411 6.94657376569 13.6224881117 14.4081003499 2.16207168732 0.656758433626 0.549960155052 0.472557414082 19.8480414751 20.1835872667 20.5438527172 20.826208156 21.3107830268 3.13336155808 3.2590414054 25.4032460135 550.457712948 1.01622508233 0.783146195135 0.39853626631 0.110469798165 0.0986418752699 0.827475105941 0.891246343685 1.36648203761 0.0946361821903 3.52926108904 0.466136678639 0.457280655354 0.0859255106794 0.0497846099442 0.039614722259 0.032761736142 0.0385203623637 5.97902008203
-9999.0 -9999.0 -9999.0 -9999.0 -9999.0 -9999.0 -9999.0 -9999.0 -9999.0 -9999.0 -9999.0 -9999.0 -9999.0 -9999.0 1.09467648351 1.98982499167 2.74939595031 3.50318270801 4.39486824731 5.31847576127 2.61068115798 4.33937768276 0.774077178372 0.722657864599 16.9820599831 18.2954091311 18.8610836434 19.4603225368 0.387586338731 0.701280408608 1.9669657237 2.53030432109 2.88229538973 0.178506966411 0.0882128623747 550.886164048 0.190988490913 0.279282030842 0.175548785726 0.484349061392 0.207105134523 0.120154040444 2.33802324443 2.39513283795 0.0423757370264 3.57603615114 4.1320943844 0.647697340541 82.1430746279 81.9714598072 81.8673755813 81.712446294 81.6566573951 80.501177911
-9999.0 -9999.0 -9999.0 -9999.0 -9999.0 -9999.0 -9999.0 -9999.0 -9999.0 -9999.0 -9999.0 -9999.0 -9999.0 -9999.0 0.215919595188 0.483941330959 0.767530283499 7.30603350157 8.22913896735 0.942618552044 0.873916737195 0.870006072464 14.0728890915 15.6716352942 0.741014865196 0.748873062843 0.51736046155 2.24785596126 2.78141023942 1.23600002181 1.65400749022 14.0194912292 14.3792834958 14.8613363476 23.0988495187 574.109517455 0.215969026128 0.124069840829 0.746364227947 0.59214911667 0.0651253749715 0.258510132935 0.325320465319 2.46225235047 2.51160255939 6.7479058963 4.15294410667 0.6929918379 83.4567257428 0.367367095233 81.7908713313 81.754530898 1.09833004436 0.0308608511104
-9999.0 -9999.0 -9999.0 -9999.0 -9999.0 -9999.0 -9999.0 -9999.0 -9999.0 -9999.0 -9999.0 -9999.0 -9999.0 -9999.0 1.08497557847 1.77748659912 3.66126323032 6.42153889346 8.91335057566 10.7808105554 11.6453551659 12.529986088 13.34798887 0.77775623791 0.656643905487 1.28523410533 1.10816069267 0.611653018537 12.3840809801 12.8967819056 13.3421493883 13.7644943961 7.34845328613 7.77844226292 8.12449777602 574.214397555 0.377555427235 0.483517297165 1.34474466594 0.122770712596 0.137318166228 0.0732269282735 0.0612738466263 0.38528393998 0.0385398998868 0.040876350497 90.4201947985 83.6491807586 83.6131649596 0.177461001042 0.333597123618 0.213289289194 0.0435843220616 1.01797324486
-9999.0 -9999.0 -9999.0 -9999.0 -9999.0 -9999.0 -9999.0 -9999.0 -9999.0 -9999.0 -9999.0 -9999.0 -9999.0 -9999.0 0.75469541206 0.713294392238 1.40095386666 2.11170342785 1.01586238053 1.1458544413 2.06187897125 2.95240446175 4.56963069935 5.36131635945 5.99277979421 7.94803925757 8.48768552279 9.1258149742 0.600728208759 5.72966644254 6.16133822085 6.61278468251 0.392005541254 0.318657459933 0.488203069146 582.940829326 583.03145136 583.627304869 1.70477519838 0.263239407152 0.289140587021 0.0928454918482 0.104481215465 0.43089223397 0.504695201965 0.0715610819758 90.5907484702 0.0535626658842 0.0902960978021 0.10296372174 0.0674036165306 0.134914189798 0.052449432352 0.715038105491
-9999.0 -9999.0 -9999.0 -9999.0 -9999.0 -9999.0 -9999.0 -9999.0 -9999.0 -9999.0 -9999.0 -9999.0 -9999.0 -9999.0 -9999.0 0.681930105277 1.33463381289 0.648693725182 1.35089741675 8.20334265045 8.95706899931 9.801995114 0.800327733824 0.799396285959 1.42795214373 2.09413217022 3.11897948578 3.69049806515 4.11196502295 4.63736174761 0.378302879294 0.379442290092 7.49683530129 7.83940697705 7.9887424383 8.12958463234 6.15725699099 590.308611637 592.758350002 592.835486884 593.172230251 593.53961657 593.64951265 0.0299339893405 0.536799339596 90.6111728997 0.0559210327643 0.0288110724929 0.0379175825768 0.0429864817715 0.0742053270924 0.0727658347474 0.0437315390203 0.0781539558799
-9999.0 -9999.0 -9999.0 -9999.0 -9999.0 -9999.0 -9999.0 -9999.0 -9999.0 -9999.0 -9999.0 -9999.0 -9999.0 -9999.0 -9999.0 -9999.0 1.97619395584 2.63227287469 4.61457501003 6.1319999316 0.79521688628 11.5574229506 12.3287528617 13.0423347265 0.65863138622 1.28253319869 0.495938070647 4.15311080354 4.49265804355 5.05959490526 5.6638252175 6.84253439854 7.13213177211 0.1731300816 5.63955514512 5.9065112938 6.03463490291 6.58284519602 0.656515345248 0.390772079447 0.221461629316 0.195750798247 593.861850438 593.877453783 594.582620635 90.6257658419 0.177955327993 0.103804314839 0.0683424028566 0.0234627020409 0.230328922995 0.124844175853 0.0384457377098 0.227569015959
-9999.0 -9999.0 -9999.0 -9999.0 -9999.0 -9999.0 -9999.0 -9999.0 -9999.0 -9999.0 -9999.0 -9999.0 -9999.0 -9999.0 -9999.0 -9999.0 0.6785696363 3.30174418053 4.00155977426 0.850471239047 0.888934297491 1.82826649605 2.64093829866 16.4280201905 0.652191087235 2.62676941639 3.15435556651 3.66948573961 0.401511253602 0.875599618196 1.14604858185 4.46680759643 5.03595610856 5.18329213284 0.152893112138 0.12892250055 0.153398262773 0.290282564508 0.138828837466 0.14283567938 0.0943784883715 0.134771417337 0.047840548262 0.166889661176 594.605516479 685.304470733 0.307243050276 0.0896570086934 0.0289629870858 0.74841545768 0.696051644657 0.425638798747 0.384685332467 0.289564974224
-9999.0 -9999.0 -9999.0 -9999.0 -9999.0 -9999.0 -9999.0 -9999.0 -9999.0 -9999.0 -9999.0 -9999.0 -9999.0 -9999.0 -9999.0 0.58745851315 1.8667073334 0.606693972293 0.946396588357 1.01078754411 1.91187767507 2.80005903821 3.49417850273 20.4747707909 21.0834310413 0.633242134851 1.1634612966 1.70611134291 2.06445207309 2.50092870678 4.02435906635 4.30185561462 0.387979596046 0.207144498504 0.0818481460357 0.0581514771301 0.176989102709 0.175357850415 0.221688139184 0.260958250028 0.448959171379 0.180959739403 0.0448428838507 0.0434356510869 0.0368578608496 0.0672613001285 688.513514748 2.87661044031 0.918479480871 0.104083390819 0.0531763972887 0.0273837667918 0.0953718497272 0.0645263728576
-9999.0 -9999.0 -9999.0 -9999.0 -9999.0 -9999.0 -9999.0 -9999.0 -9999.0 -9999.0 -9999.0 -9999.0 -9999.0 -9999.0 0.620560538243 1.19447438281 4.22707113883 0.568395379225 1.70201724703 2.67847778128 3.54707491419 0.909458795367 1.651772929 2.29040595863 23.8604051636 0.583858306756 1.0652194079 1.57568182081 0.458321394295 0.911074230379 1.25810878321 1.51575860113 40.4478084985 40.9057974197 41.3069409455 42.8099351835 43.0944868822 43.9315303413 0.430689580862 0.904068513931 0.551423934946 46.5331447582 46.6093655785 0.0385215838861 0.0626629486799 0.0855929507791 688.514906331 2.74118825773 1.54222485586 1.46418971348 0.891345629516 0.710498882326 0.125168166437 0.0302347061853
-9999.0 -9999.0 -9999.0 -9999.0 -9999.0 -9999.0 -9999.0 -9999.0 -9999.0 -9999.0 -9999.0 -9999.0 -9999.0 -9999.0 0.633896933332 1.91692417798 6.76847450757 9.99538553364 0.493958867094 12.9463382056 17.0607941024 0.824961019462 1.55339197074 2.22058153079 30.0103105437 30.4654997893 0.376388894178 2.3441385672 2.69231630436 3.07614816316 37.4822583181 38.3274070264 38.7121841863 0.174431881641 1.0475067539 1.23251661168 0.388284818542 0.532804291198 44.6797990572 45.7801435658 45.8680826965 45.9470544554 46.6792606097 0.0346792862849 0.0291961796911 0.137340310075 688.525060515 0.191953166666 0.296753284089 0.514389962549 0.128290511908 0.633864296823 0.459828608504 0.280021920548
-9999.0 -9999.0 -9999.0 -9999.0 -9999.0 -9999.0 -9999.0 -9999.0 -9999.0 -9999.0 -9999.0 -9999.0 -9999.0 -9999.0 -9999.0 -9999.0 1.32737166779 2.66257242449 11.7807662601 12.4161196488 17.6087935429 18.1861011736 0.7864031089 1.57298207929 3.48465557355 30.8816443459 31.7225763031 32.0137098921 0.211228125714 33.1388153902 34.0535642664 0.532443691428 0.177876913809 0.338357539674 0.646734883964 0.150313914741 0.277770412247 0.57041769676 0.681791851601 0.126169306426 0.0725087011595 0.135134137181 47.3764180322 47.588285136 47.6103421717 47.8319848202 688.528136532 0.15573835976 0.240264712841 0.0883620939547 0.0859260105611 0.0886097258672 0.0738934672481 0.137129436358
-9999.0 -9999.0 -9999.0 -9999.0 -9999.0 -9999.0 -9999.0 -9999.0 -9999.0 -9999.0 -9999.0 -9999.0 -9999.0 -9999.0 -9999.0 -9999.0 0.691818589242 0.674335879931 0.648225477808 1.25887161405 0.531969132692 19.2518952731 19.7615973256 0.674112161355 1.3341422759 0.574410545298 0.402239488707 0.38202119346 32.6883751469 0.320083145059 0.654503008988 0.275603284371 0.190178417588 0.159019336476 0.109226736052 0.115741774782 0.354205386619 0.49155101635 0.0843686245406 0.0710185412886 0.15685798187 0.271661994775 0.383342040926 0.125152873858 47.6683917385 47.855691751 688.523976494 0.583554802366 0.358862619098 0.0518085202468 0.127213450457 0.0423136110869 0.0314351769776 0.17157236323
-9999.0 -9999.0 -9999.0 -9999.0 -9999.0 -9999.0 -9999.0 -9999.0 -9999.0 -9999.0 -9999.0 -9999.0 -9999.0 -9999.0 -9999.0 -9999.0 -9999.0 -9999.0 0.662122668916 1.85321603261 2.35480742695 2.87504633387 20.2688562418 20.7853028954 21.2674073829 21.7725734226 22.1385360994 22.9167673688 23.1969211407 23.4985969631 23.707391011 0.161689564927 0.144180173916 0.154347884216 0.504720163013 0.135516365973 0.124543596157 0.0887827661583 0.252654405843 0.103886891962 0.0729134006198 0.0661267950273 0.0529858607428 0.105691902337 0.151687897555 48.1617287958 737.26195037 0.0659133150521 0.0991539173748 0.0412604395289 0.255098090341 0.326037969933 0.063168697202 0.460716224898
-9999.0 -9999.0 -9999.0 -9999.0 -9999.0 -9999.0 -9999.0 -9999.0 -9999.0 -9999.0 -9999.0 -9999.0 -9999.0 -9999.0 -9999.0 -9999.0 -9999.0 -9999.0 -9999.0 0.540742478889 4.34418997773 8.38326053745 8.90127697027 0.726611923685 1.39497480278 2.06784414299 2.53274350236 5.97192453795 6.15982928483 0.178196882313 0.169301814009 24.178179101 24.5005478364 24.6256250969 0.58660316003 0.0659749919845 0.183477619874 0.268119037911 0.813212393427 1.00636074241 1.14535188522 0.124531923105 0.17107868672 0.0577263129265 0.114672017358 0.0586158074083 737.325315526 0.0455894008292 0.198825784197 0.0716138946003 0.345482378561 1.01436285684 1.10228749374 1.5926950506
-9999.0 -9999.0 -9999.0 -9999.0 -9999.0 -9999.0 -9999.0 -9999.0 -9999.0 -9999.0 -9999.0 -9999.0 -9999.0 -9999.0 -9999.0 -9999.0 -9999.0 -9999.0 0.611001754393 1.95893752985 3.81860855902 4.97144998328 12.4291965338 13.0426098745 1.42529484753 2.10848232817 2.63124350349 3.08647293315 6.40382507993 6.7871745428 12.1839176311 12.5935250898 12.8402939675 24.7406135371 25.5785950513 0.170662532676 0.127203640583 0.116617254163 0.216052066276 0.0956960460518 1.33404086533 1.39988958742 0.228313009025 0.348365178456 0.137134567582 146.233065514 146.35423978 883.68956536 883.910863559 0.0626708297827 0.475723526195 0.193228517054 0.102579849472 1.77880053589
-9999.0 -9999.0 -9999.0 -9999.0 -9999.0 -9999.0 -9999.0 -9999.0 -9999.0 -9999.0 -9999.0 -9999.0 -9999.0 -9999.0 -9999.0 -9999.0 -9999.0 -9999.0 -9999.0 0.704862068576 0.680506154359 1.27555789842 3.00331108736 13.587923159 0.738458502767 0.72882790832 1.23107075738 1.77014661447 4.34932991823 4.7209122626 0.304753586811 0.255475894437 13.0325349849 13.16448111 38.9745949675 39.1408942016 0.0532055530485 0.0452645367048 0.0363294921521 0.0367290804466 0.0443642817225 144.821148285 145.245532835 145.648076117 145.869258496 146.14056833 0.0695222133754 0.251589467041 0.283916280429 884.24702632 884.234536397 884.21302178 884.222526998 884.265185133
-9999.0 -9999.0 -9999.0 -9999.0 -9999.0 -9999.0 -9999.0 -9999.0 -9999.0 -9999.0 -9999.0 -9999.0 -9999.0 -9999.0 -9999.0 -9999.0 -9999.0 -9999.0 -9999.0 -9999.0 0.615773795663 0.64877776321 1.19028177163 15.9006179097 16.4206621117 0.711439324095 1.21755642433 1.77332634312 2.26079566197 0.43571339262 0.740258913009 35.3298105031 35.4805878284 35.7454030247 36.962697406 76.2101075364 142.157244679 142.301539657 142.425567668 142.54424512 143.158105118 143.360915101 0.375703649921 0.160688586929 0.100141288353 0.184707922278 0.125933787389 0.201993393563 0.0594818290675 1.53839797978 1.80407235056 2.00023872026 2.01302821171 884.241314743
-9999.0 -9999.0 -9999.0 -9999.0 -9999.0 -9999.0 -9999.0 -9999.0 -9999.0 -9999.0 -9999.0 -9999.0 -9999.0 -9999.0 -9999.0 -9999.0 -9999.0 -9999.0 -9999.0 -9999.0 -9999.0 0.627918919077 1.19494620872 1.76614355388 16.879839712 0.493459325678 22.6964740118 23.2730145818 23.7185662737 24.0845600917 33.9657055475 34.3077869402 0.146051351849 0.927416531778 1.09409363366 0.154950778847 65.8128516095 65.5383723958 0.0738685029456 0.181022327091 0.50745006059 0.117448247081 0.125356296426 0.0827637733279 0.0669861047971 0.0495575952921 0.0596015546892 1.35180364585 1.41409128463 1.49727459287 0.236022105497 0.169329566246 2.08390575333 2.10381853554
-9999.0 -9999.0 -9999.0 -9999.0 -9999.0 -9999.0 -9999.0 -9999.0 -9999.0 -9999.0 -9999.0 -9999.0 -9999.0 -9999.0 -9999.0 -9999.0 -9999.0 -9999.0 -9999.0 -9999.0 -9999.0 0.566471201054 0.524795284461 2.73376182195 20.6747634455 21.6934805428 22.1953281932 0.511651458749 8.66609535956 9.13456864781 9.37149086666 0.308976977499 0.491935587853 0.634625075474 15.111470831 15.2235849846 15.3164432482 65.3804540417 40.4864454764 0.100750858933 0.111798127785 0.105665917226 0.0760312440979 0.844587798297 1.00252223583 1.13753891516 1.21373269979 1.28624402905 12.9542354546 13.0136175453 13.1281248709 13.3475922896 13.9361712178 13.9496142455
-9999.0 -9999.0 -9999.0 -9999.0 -9999.0 -9999.0 -9999.0 -9999.0 -9999.0 -9999.0 -9999.0 -9999.0 -9999.0 -9999.0 -9999.0 -9999.0 -9999.0 -9999.0 -9999.0 -9999.0 -9999.0 -9999.0 1.10272219862 1.6847399131 0.559085013589 0.733258211093 6.91271335685 7.44274297542 7.77857373709 3.01801593009 3.36172228128 3.7029536413 3.88353929754 14.8495508482 15.0278143964 9.25878592458 24.6983130208 24.809062348 40.4114876066 0.221810805129 0.11548960006 0.0721826334389 0.593473401351 0.696146357117 0.0536213484271 0.0492728335273 12.7253261697 12.8525044453 12.9115989465 0.0922485974381 0.150613949991 13.8722619886 0.0255654327644 0.10895461807
-9999.0 -9999.0 -9999.0 -9999.0 -9999.0 -9999.0 -9999.0 -9999.0 -9999.0 -9999.0 -9999.0 -9999.0 -9999.0 -9999.0 -9999.0 -9999.0 -9999.0 -9999.0 -9999.0 -9999.0 -9999.0 -9999.0 0.551470560771 1.08908354837 4.47753938143 5.04958546622 5.60834726954 2.28222159021 2.66630481297 0.375611553086 10.2147862142 10.5297348178 10.8018298083 0.200500936909 8.93699540642 9.1257458417 0.123489332295 39.825379509 0.262930148231 0.132551753389 0.328789262127 0.44477334521 0.0789682084952 0.0608071433704 12.0419916141 12.6156273114 12.6908547517 0.0827119887364 0.168735235352 0.2098109679 0.253128977317 0.45859330011 0.0405908838868 0.0906460132738
