data/baseflow/History/mHMbfrc435
ncols                  80
nrows                 72
xllcorner      4374000.0
yllcorner      5656000.0
cellsize            500
NODATA_value       -9999
[rows 0 to 23 of 72, columns 0 to 53 of 80]
-9999.0 -9999.0 -9999.0 -9999.0 -9999.0 -9999.0 -9999.0 -9999.0 -9999.0 -9999.0 -9999.0 -9999.0 0.871257327485 0.715125723595 -9999.0 -9999.0 -9999.0 -9999.0 -9999.0 -9999.0 -9999.0 -9999.0 -9999.0 -9999.0 -9999.0 -9999.0 -9999.0 -9999.0 -9999.0 -9999.0 -9999.0 -9999.0 -9999.0 -9999.0 -9999.0 -9999.0 -9999.0 -9999.0 -9999.0 -9999.0 -9999.0 -9999.0 -9999.0 -9999.0 -9999.0 -9999.0 -9999.0 -9999.0 -9999.0 -9999.0 -9999.0 -9999.0 -9999.0 -9999.0
-9999.0 -9999.0 -9999.0 -9999.0 -9999.0 -9999.0 -9999.0 -9999.0 -9999.0 -9999.0 -9999.0 -9999.0 1.70051093718 3.72377269631 0.590983136552 -9999.0 0.51214264476 -9999.0 -9999.0 -9999.0 -9999.0 -9999.0 -9999.0 -9999.0 -9999.0 -9999.0 -9999.0 -9999.0 -9999.0 -9999.0 -9999.0 -9999.0 -9999.0 -9999.0 -9999.0 -9999.0 -9999.0 -9999.0 -9999.0 -9999.0 -9999.0 -9999.0 -9999.0 -9999.0 -9999.0 -9999.0 -9999.0 -9999.0 -9999.0 -9999.0 -9999.0 -9999.0 -9999.0 -9999.0
-9999.0 -9999.0 -9999.0 -9999.0 -9999.0 -9999.0 -9999.0 -9999.0 -9999.0 -9999.0 0.80201177796 0.767873161878 0.806078425808 0.796293056386 5.24098662139 5.8596709226 1.45519943083 0.475577281187 -9999.0 -9999.0 -9999.0 -9999.0 -9999.0 -9999.0 -9999.0 -9999.0 -9999.0 -9999.0 -9999.0 -9999.0 -9999.0 -9999.0 -9999.0 -9999.0 -9999.0 -9999.0 -9999.0 -9999.0 -9999.0 -9999.0 -9999.0 -9999.0 -9999.0 -9999.0 -9999.0 -9999.0 -9999.0 -9999.0 -9999.0 -9999.0 -9999.0 -9999.0 -9999.0 -9999.0
-9999.0 -9999.0 -9999.0 -9999.0 -9999.0 -9999.0 -9999.0 -9999.0 -9999.0 0.766391638829 1.58159002862 3.13707919908 1.56983727732 0.768405797033 1.51985184846 6.6150578218 9.10906602269 0.495795960395 -9999.0 0.792600734396 -9999.0 -9999.0 -9999.0 -9999.0 1.0056461061 0.520786243202 -9999.0 -9999.0 -9999.0 -9999.0 -9999.0 -9999.0 -9999.0 -9999.0 -9999.0 -9999.0 -9999.0 -9999.0 -9999.0 -9999.0 -9999.0 -9999.0 -9999.0 -9999.0 -9999.0 -9999.0 -9999.0 -9999.0 -9999.0 -9999.0 -9999.0 -9999.0 -9999.0 -9999.0
-9999.0 -9999.0 -9999.0 -9999.0 -9999.0 -9999.0 -9999.0 -9999.0 0.83898401913 2.40626926554 3.16017847675 3.93163080383 5.46379744806 0.739134376774 2.97229110329 3.69320190295 13.9884109919 0.612492730476 0.696297762065 1.51218618889 2.2204766949 0.730981805236 -9999.0 2.54351222511 2.0897733465 0.558791662131 -9999.0 -9999.0 -9999.0 -9999.0 -9999.0 -9999.0 -9999.0 -9999.0 -9999.0 -9999.0 -9999.0 -9999.0 -9999.0 -9999.0 -9999.0 -9999.0 -9999.0 -9999.0 -9999.0 -9999.0 -9999.0 -9999.0 -9999.0 -9999.0 -9999.0 -9999.0 -9999.0 -9999.0
-9999.0 -9999.0 -9999.0 -9999.0 -9999.0 -9999.0 0.844105227457 0.812046618055 0.765332247692 0.775393408797 0.786901205044 5.52707827835 11.7699765657 12.5395712738 13.2083743124 0.644925336127 15.3549353317 16.0846622012 1.42221262523 0.717050315292 2.9190937312 5.0783614926 0.735503083039 4.64918801191 0.723632603107 0.700069711468 0.745164179322 -9999.0 -9999.0 -9999.0 -9999.0 -9999.0 -9999.0 -9999.0 -9999.0 -9999.0 -9999.0 -9999.0 -9999.0 -9999.0 -9999.0 -9999.0 -9999.0 -9999.0 -9999.0 -9999.0 -9999.0 -9999.0 -9999.0 -9999.0 -9999.0 -9999.0 -9999.0 -9999.0
-9999.0 -9999.0 -9999.0 -9999.0 -9999.0 -9999.0 1.6924005457 2.51714630241 5.75947594626 8.04639031346 0.733429061196 0.766861880982 0.742413009949 2.15364319438 16.0353094291 0.639318996193 16.7546696069 19.4266472907 2.09082369288 1.37683732738 5.74609266577 0.708144154428 5.35041577803 1.46656921747 0.718384389581 1.3569950308 1.47031061687 0.746181575238 0.782148549569 0.768776001382 0.797311751656 1.59567370129 -9999.0 -9999.0 -9999.0 -9999.0 -9999.0 -9999.0 -9999.0 -9999.0 -9999.0 -9999.0 -9999.0 -9999.0 -9999.0 -9999.0 -9999.0 -9999.0 -9999.0 -9999.0 -9999.0 -9999.0 -9999.0 -9999.0
-9999.0 -9999.0 -9999.0 -9999.0 -9999.0 0.905034000474 1.76759054138 0.856149381499 1.67672694096 8.86860621167 10.3994665432 11.9415379341 38.3623806425 0.707464512655 16.7473479762 60.6933618504 61.2167901756 81.5489294471 0.574245147145 2.03426531149 6.41634224781 0.665137412335 13.2204690129 7.18275225094 4.32443824951 3.58178589581 0.746101966449 2.21745508877 2.30027944019 1.53265805213 0.746493718277 2.35858393438 0.735603388398 0.726116189461 -9999.0 -9999.0 -9999.0 -9999.0 -9999.0 -9999.0 -9999.0 -9999.0 -9999.0 -9999.0 -9999.0 -9999.0 -9999.0 -9999.0 -9999.0 -9999.0 -9999.0 -9999.0 -9999.0 -9999.0
-9999.0 -9999.0 -9999.0 -9999.0 -9999.0 0.920173151429 2.69859631133 5.34575263209 6.18921747643 12.3109910322 13.1228212744 15.621455392 25.7051043686 40.4796856917 41.9612468866 42.6462608029 1.29249109406 83.850285611 85.036703803 88.4052834567 110.744932384 15.2577895268 13.925585213 5.02144486289 0.69505443293 4.2892320138 2.89119070513 0.618914424597 2.98973024211 0.67498894133 1.39782249229 3.76849434066 4.48100337351 1.42957578378 0.697784220947 0.692407832915 -9999.0 -9999.0 -9999.0 -9999.0 0.497873521238 0.434521521489 -9999.0 -9999.0 -9999.0 -9999.0 -9999.0 -9999.0 -9999.0 -9999.0 -9999.0 -9999.0 -9999.0 -9999.0
-9999.0 -9999.0 -9999.0 -9999.0 -9999.0 0.902884466324 0.871597053586 3.57251774146 4.42357506056 5.29204482041 0.842597229819 1.67526675352 9.46921551928 1.68025788162 0.809257930759 0.750541000687 0.682225415432 0.745572666163 0.721393141546 0.741658239986 111.442521126 113.444423137 0.661020375241 2.03146312357 1.37872983834 5.00149991605 1.31358013617 0.625646714975 3.66690651152 1.32513079498 3.21771838624 7.9267783262 7.29475971075 2.10750363085 2.01162625502 0.708805344154 0.703970142092 -9999.0 -9999.0 0.711603656685 1.09137446943 2.4310226229 0.455114047683 -9999.0 -9999.0 -9999.0 -9999.0 -9999.0 -9999.0 -9999.0 -9999.0 -9999.0 -9999.0 -9999.0
-9999.0 -9999.0 -9999.0 -9999.0 -9999.0 -9999.0 0.927561022488 0.916125385205 1.79059315692 2.66994393563 6.10741640463 7.82484583164 8.67533999672 0.870264655499 0.752332159144 9.66784407913 11.9048596994 12.6168451244 15.5913177538 16.2852904234 0.682487835867 114.134990255 117.459906931 2.650016454 0.508984172322 5.61799375708 12.4596190552 4.90360597875 1.24546590451 0.641361731949 12.4155472473 8.58058461478 0.617536081677 0.651166089173 2.69374231963 2.07246341262 0.671496973936 0.600919200704 0.688629312718 1.38909277573 0.668877378193 2.94192925915 3.59700127189 0.58942445317 -9999.0 -9999.0 -9999.0 -9999.0 0.657105531477 0.627849554155 0.212222027194 -9999.0 -9999.0 -9999.0
-9999.0 -9999.0 -9999.0 -9999.0 -9999.0 -9999.0 -9999.0 0.908710156265 0.834173641089 1.72142551034 2.59841718045 0.863880781297 0.794990559174 5.00315773705 6.568962709 8.17842296133 0.767441633368 1.53533069862 0.756483027868 16.9991191753 37.2759905811 37.7673099327 156.469878175 0.658037479927 1.52377285373 0.489010050256 13.1184106487 0.610780198734 1.89976375534 0.63119247802 13.0251042711 13.6281670941 1.24683894498 1.27591634196 6.78098283815 3.41575958365 1.32590710308 0.672776480677 1.37389444275 2.06740504878 3.35893706726 0.617337584826 4.73045488377 5.19770166364 0.412675451699 0.428098066566 0.472659296318 0.426450843585 0.406242158353 1.80762507942 0.708031214729 0.451545001394 -9999.0 -9999.0
-9999.0 -9999.0 -9999.0 -9999.0 -9999.0 -9999.0 -9999.0 -9999.0 1.74313468697 2.55832149818 0.866264795864 1.74748239697 2.5820008587 4.23406597603 0.86844746419 0.838309410445 0.751508216738 0.757049456816 0.699980072437 18.8441378668 0.76643071634 1.50572585273 158.478685897 159.645713291 0.485002725328 2.50833205405 16.1878353524 1.21686418559 2.47000297138 1.12831770007 1.74157011738 16.0143605478 1.82433006172 9.8246797722 7.97656700206 0.611424600466 3.27215862985 1.31494935942 2.00641562229 0.657740257389 4.00342434712 5.15911795434 5.55240689633 5.92384546631 6.72542475889 0.764374633654 0.837755728963 0.762859501291 0.718181019104 2.22770677356 0.476556832922 1.61958381649 2.00772016641 -9999.0
-9999.0 -9999.0 -9999.0 -9999.0 -9999.0 -9999.0 -9999.0 -9999.0 0.902633215865 4.34878199707 5.20253545816 0.854947190979 1.68385105037 0.828418572669 0.789816099387 0.780829416077 9.57459397779 12.6405311675 15.4905705458 18.3171502542 0.712718850268 0.750553622689 0.684806278958 162.6142185 163.795387675 164.253085048 21.606219956 4.88427165999 4.28250484616 0.53408260129 2.19192387966 18.7462878534 0.460725813622 10.3684799317 0.609700728579 4.23868866229 3.91980955962 0.6344045157 2.63750058778 1.28515068656 1.90185235633 0.560184427971 0.36591139082 6.29023833945 6.62382264555 7.05803031946 1.1999656189 1.10671537032 1.05925986063 2.72823508355 3.69134743042 0.480873711258 2.46241873637 0.551897275751
-9999.0 -9999.0 -9999.0 -9999.0 -9999.0 -9999.0 -9999.0 -9999.0 -9999.0 0.90951301157 6.07893757867 6.92877024454 2.51955741736 4.169752906 5.74044129315 6.52221104455 0.789494105709 2.31592041326 1.55890382819 0.799175445279 0.793970977248 0.745296510553 1.46247192245 2.40350655616 0.70415640406 187.073870026 187.53883407 0.440639281745 0.428297929052 1.12934837136 1.70280373556 20.3496247841 1.02709097842 10.8503614329 6.4920302737 5.37011452352 0.601337378863 1.22361497529 3.21460872143 0.576558440736 2.46563560492 1.14647836942 0.67037432798 0.316602252715 7.60378686622 14.9298481776 1.44248975677 1.3582029746 1.43153868526 0.395525827751 4.08405917196 0.382945327332 3.31115158975 0.454578124676
-9999.0 -9999.0 -9999.0 -9999.0 -9999.0 -9999.0 -9999.0 -9999.0 -9999.0 -9999.0 0.843430498279 8.62465477453 0.833243945552 1.65708119028 2.41940504451 3.90491878623 0.741917392182 1.52051330421 0.763795081971 0.711070650988 0.688648770136 1.36977867972 0.590968787304 0.596048320258 1.12448368253 0.655336920666 188.052061522 188.917209841 190.299225955 2.14975228447 0.545226853943 1.0883702868 20.9090577218 19.9850773 7.64916482355 0.571057158854 2.40736383373 1.81257970685 3.79292368785 1.15214884301 4.74241689058 1.70282671682 1.112679543 0.240468989032 0.352183669534 15.2994898102 15.6356458467 18.7353701996 2.70408565077 0.852935756928 4.50567393714 5.30266292665 8.94125958295 0.861108200794
-9999.0 -9999.0 -9999.0 -9999.0 -9999.0 -9999.0 -9999.0 -9999.0 -9999.0 -9999.0 -9999.0 0.474937106475 9.64799503606 0.789080147075 1.5446931779 6.95297328683 0.763622204835 0.758302722738 0.726032030288 1.46387025585 0.770329159902 2.91079847962 4.19747322627 4.79591726395 1.67355235056 2.08787104899 0.448759858762 0.589965802319 0.545731037291 193.479288 194.967760583 21.3680398721 20.8662442639 20.4495429275 0.944553009755 0.441741425007 2.94243713165 7.8143671613 4.3374458013 1.69168408101 6.95396876443 2.50872311669 2.01526592482 0.508663662047 0.213326186286 0.21636681271 0.197539406904 19.8286452283 23.6527201564 0.432719285634 0.329185109552 0.449552750009 9.38478050985 10.6436824537
-9999.0 -9999.0 -9999.0 -9999.0 -9999.0 -9999.0 -9999.0 -9999.0 -9999.0 -9999.0 -9999.0 0.449037454777 10.7245702705 13.2051477511 0.767506804078 8.51629484647 0.720110028552 0.688085493975 1.44846363277 3.64626086892 0.722546349622 0.747542253338 0.664010880015 6.08053905483 6.64453907843 9.43056788422 10.4228360803 10.9317515177 11.3494546105 11.9266417573 207.355292929 229.515221285 251.117879056 251.389008957 0.409223578456 0.479191974304 8.88837790232 8.35404611248 0.537394841396 0.528330996301 7.46258372726 10.4907026175 0.4534457566 4.86646506565 4.46152643548 1.11093237793 0.480944278621 0.794347631918 0.364893895851 24.2623335778 0.302939360823 1.05263740687 1.2733085555 12.7351532078
-9999.0 -9999.0 -9999.0 -9999.0 -9999.0 -9999.0 -9999.0 -9999.0 -9999.0 -9999.0 -9999.0 0.879354624069 1.70042326929 14.0151156407 15.5410486138 0.780876779005 9.8275957731 0.602911324472 1.9229659668 4.31966083611 1.40442328789 0.679623094742 1.41593620578 0.584808832074 1.13276431423 0.572029613842 0.533962124078 0.472355782038 0.424750817829 0.368096163068 0.315567749603 0.395370523488 0.492263921964 0.480946808378 252.611738849 10.1134379199 9.41071249125 0.25249074607 1.51184795813 0.428463834302 0.371345367431 10.9662273016 17.2979467166 5.3854278484 3.96352234492 0.632714892081 0.251771485853 0.23142728536 0.52466804502 25.1071370607 25.6606368513 0.285817179634 0.287524397555 0.254937996612
-9999.0 -9999.0 -9999.0 -9999.0 -9999.0 -9999.0 -9999.0 -9999.0 -9999.0 -9999.0 -9999.0 -9999.0 0.794809076443 10.3559069202 26.6748072151 28.9740563837 39.521401102 40.1100669183 9.55263547386 7.10121582533 2.09289774338 0.672793618262 2.74860648403 3.43261587761 5.14659788374 1.16428683165 1.08942033782 1.0357299305 2.00370160315 0.903646065249 0.830738618185 0.466088312701 0.315343776417 0.297492269091 253.003059157 263.47270552 263.759508488 0.240013794721 3.83984246199 1.81391634245 0.518564796455 18.8665859426 1.10061833822 0.565238554932 2.35784327191 0.513090712732 0.373730948953 0.679198614143 0.942127942912 1.23744772366 26.1487222661 0.218559315701 0.192200213408 0.186845444938
-9999.0 -9999.0 -9999.0 -9999.0 -9999.0 -9999.0 -9999.0 -9999.0 -9999.0 -9999.0 -9999.0 0.848962028214 7.86770434088 9.55092928832 1.56698238276 0.501719869751 1.13652055215 41.9812671042 42.5917557073 52.7059135882 0.61685925869 1.2850506467 0.572533599892 0.578793739669 5.70437664474 7.42526811177 9.02790869776 0.508908427851 2.50589120751 3.90444904624 2.23493079138 0.9395181067 0.726450874501 0.627064664338 0.56346036358 0.243810458337 263.98122581 264.157938902 268.337461655 0.790349936554 0.44724586155 19.1857787634 1.18157430903 0.599613008839 0.635945353846 0.631166362308 0.575644069265 0.960971376148 2.72313658464 4.26153984795 30.6405132392 0.162953381872 0.495531145133 0.331870341436
-9999.0 -9999.0 -9999.0 -9999.0 -9999.0 -9999.0 -9999.0 -9999.0 -9999.0 -9999.0 -9999.0 0.862686643385 5.38883938344 0.855016901105 0.776895137197 3.98298903213 4.69014201266 5.39149768785 6.061146754 71.3339443561 71.9115413486 73.0943948938 81.8512851763 83.5023696372 84.404516343 84.9730755067 95.0830469158 96.374186158 96.8868836076 101.341600922 104.10918974 104.58801911 106.193015825 1.07169429622 0.923690786669 0.198595018591 0.159790389208 264.367927523 269.562192508 1.05508088003 22.0557858911 21.6604958751 2.15789570977 0.526600538612 0.538451858862 0.512551823796 0.522918144723 1.04685086595 1.46242584285 0.383664854339 30.8610681627 31.0836205424 32.1058760644 32.2874096735
-9999.0 -9999.0 -9999.0 -9999.0 -9999.0 -9999.0 -9999.0 -9999.0 -9999.0 -9999.0 -9999.0 2.75273923859 3.64546994355 1.72469494822 2.54239829749 0.808414792132 9.13983339281 9.84607597208 11.269127662 11.8944212164 4.78451057691 78.8385392196 79.4130751088 0.476209857393 0.330792636763 0.296887779053 0.65815738 0.344270121741 0.284104601566 0.285441663143 0.310907734765 105.021712781 106.636555662 108.137755875 109.429816833 110.080048174 0.269746276196 0.0859893171467 292.374449449 22.6506481673 22.4635937986 0.492086991212 0.464690554013 0.370516821965 0.889570397221 0.875078695713 0.408920643474 0.445916572019 0.408355050178 0.788264399184 1.03857347757 0.162626254229 0.299582482475 0.134255097474
-9999.0 -9999.0 -9999.0 -9999.0 -9999.0 -9999.0 -9999.0 -9999.0 -9999.0 -9999.0 -9999.0 -9999.0 1.85391747783 0.880927321009 0.829671238837 7.69979276142 8.43085762028 0.73870759898 2.90247573718 3.59045994338 4.21396150406 0.659477874843 0.457216975142 11.7493305507 12.1100027368 12.4567567067 31.4811320602 31.7547488653 32.2624589719 34.4537080095 35.879255659 36.1180967685 0.270465000654 0.280678858707 0.279099407212 110.336711068 0.117146246656 295.870183044 295.689475441 3.1670791853 2.93083243087 1.8423550726 0.458655404627 0.790029056935 1.29058513212 1.27778459519 0.773609468188 0.430459455419 0.829886071135 0.824744189548 1.4005888572 0.269894770633 0.531185284669 0.865168903081
