data/baseflow/History/mHMbfrc287
ncols                  80
nrows                 72
xllcorner      4374000.0
yllcorner      5656000.0
cellsize            500
NODATA_value       -9999
[rows 24 to 47 of 72, columns 0 to 53 of 80]
-9999.0 -9999.0 -9999.0 -9999.0 -9999.0 -9999.0 -9999.0 -9999.0 -9999.0 -9999.0 -9999.0 -9999.0 0.714843060679 1.86610269751 2.3920301669 3.93696920905 0.377066730357 0.782527185582 1.13177163075 4.83613497645 5.0901307722 5.28269137601 5.4907952375 5.75235951078 8.67391465434 9.38275490365 9.73075135926 0.126655811284 0.778337051362 0.898415827749 17.5982397911 17.9636438988 18.1561699162 18.3572535825 18.490007936 74.5911442797 0.0807916082644 157.569021448 0.121745794647 0.0591359847108 0.969865119558 0.85718119649 0.106266925629 0.457924931466 0.747556904344 0.72937251885 0.497043774042 0.809480529837 1.28182490066 0.483607232944 1.23276634372 0.0861439497799 0.144569276023 0.0242637726481
-9999.0 -9999.0 -9999.0 -9999.0 -9999.0 -9999.0 -9999.0 -9999.0 -9999.0 -9999.0 -9999.0 -9999.0 0.628340822578 1.24015378343 0.541770940701 1.06237001633 0.390702567633 3.43889385096 4.14325606527 4.51209203882 0.309635663538 0.585426288054 6.86078925766 8.26705245284 8.47828633852 0.489002816125 0.425344562402 0.591850679746 0.0955655320501 0.0814279624454 0.149198794005 0.063261063454 11.5336966429 11.6029973269 11.6372899528 74.7061214537 158.100645716 157.603839307 0.0856289740744 0.0494136338702 0.0467189326842 0.20465405606 0.167647617537 0.543821678615 0.859626317087 1.73651732068 0.151296915025 0.149459821872 1.39818104301 1.52076289888 2.97452643576 3.03926523554 3.20933759284 3.25361498444
-9999.0 -9999.0 -9999.0 -9999.0 -9999.0 -9999.0 -9999.0 -9999.0 -9999.0 -9999.0 -9999.0 -9999.0 -9999.0 0.557574278842 1.12480500058 1.71041809984 2.57955612534 0.465000897109 0.375774440702 3.20089965076 3.51696624345 6.32536773463 6.67524660426 0.955570854591 0.272409056504 0.226886121315 0.202392571469 11.0397723069 11.1493955089 11.2536778597 11.3326328095 11.4685821586 1.06865204215 1.12621702881 12.8027458039 245.663829803 0.376099501027 0.288621303691 0.140899708618 0.0417252549925 0.0359098032788 0.290868545103 0.315283060698 0.612037527151 0.0353297132202 1.78427027836 0.225824406921 0.219285325257 0.0342257863075 0.0210767817052 0.0188484261069 0.0215715061192 0.0207838308676 3.27808626525
-9999.0 -9999.0 -9999.0 -9999.0 -9999.0 -9999.0 -9999.0 -9999.0 -9999.0 -9999.0 -9999.0 -9999.0 -9999.0 -9999.0 0.5131150427 1.08111556557 1.58402029682 2.07919854234 2.45468799698 2.85252735791 1.11293461183 1.87364079795 0.327324912457 0.292983275346 9.8589614277 10.4001938526 10.6272115265 10.8814583191 0.155704076665 0.262791165659 0.764608349838 0.879725280276 0.981132414433 0.079592434758 0.0657363839794 245.906242318 0.0866838670796 0.108151641659 0.0548752527253 0.160211300639 0.0775782184263 0.0415800650525 0.967088272751 1.01183106187 0.0234920962953 1.81420921186 2.05954507902 0.237831932376 48.6690313934 48.6198986404 48.5799591382 48.4942892754 48.4562649787 47.5995198276
-9999.0 -9999.0 -9999.0 -9999.0 -9999.0 -9999.0 -9999.0 -9999.0 -9999.0 -9999.0 -9999.0 -9999.0 -9999.0 -9999.0 0.169063044784 0.362364752511 0.517526957565 5.30816899453 5.70013159013 0.409063010752 0.378332040012 0.382565048821 8.61392530962 9.31484854817 0.32259047042 0.322751004173 0.212778029515 0.931918538235 1.15849694556 0.496469550405 0.640900547878 6.034381976 6.16540642457 6.43376026789 9.79046122717 255.771505495 0.0908489888399 0.0400156222579 0.236992758926 0.199495135518 0.0356338781841 0.11880583857 0.160512032432 1.05520011225 1.09076851566 3.21372146247 2.0735023918 0.260077035844 49.4125780026 0.314707608367 48.5427336358 48.5205422492 0.815323096562 0.05253576337
-9999.0 -9999.0 -9999.0 -9999.0 -9999.0 -9999.0 -9999.0 -9999.0 -9999.0 -9999.0 -9999.0 -9999.0 -9999.0 -9999.0 0.843777703356 1.38936271916 2.7447026737 4.82260741502 6.18962496016 7.19499127782 7.56522185998 7.95497135603 8.31643990176 0.332097136002 0.268280868208 0.517433312926 0.460721782584 0.25494234774 5.3486680577 5.56394907078 5.75524152148 5.93428226017 3.00204705135 3.08535103442 3.25174086041 255.835889552 0.185633299825 0.109241563387 0.384318387191 0.0371779856549 0.102639766628 0.060565066522 0.0377205232354 0.207585862344 0.0272091421115 0.0284703065517 52.799013102 49.567610081 49.5407755664 0.143678891409 0.297132744951 0.182368632975 0.033162614902 0.707824712942
-9999.0 -9999.0 -9999.0 -9999.0 -9999.0 -9999.0 -9999.0 -9999.0 -9999.0 -9999.0 -9999.0 -9999.0 -9999.0 -9999.0 0.584029526067 0.548854769379 1.07750527985 1.61163182041 0.530089319208 0.534530733309 0.953138833125 1.35142079258 2.06516135454 2.41078532641 2.67566571815 3.47729061465 3.71136014392 3.99402578003 0.230319402516 2.44098115028 2.61531661539 2.77031760884 0.118459395551 0.0768421059222 0.118842051057 259.225604356 259.285238142 259.578616882 0.505287286001 0.0846094602608 0.12961539713 0.0324896079762 0.0662395782096 0.240263324838 0.292631500898 0.0511377007472 52.9358151132 0.0506614144781 0.0777526632464 0.0869917999108 0.0698618312408 0.120864111442 0.0492578502902 0.506961219524
-9999.0 -9999.0 -9999.0 -9999.0 -9999.0 -9999.0 -9999.0 -9999.0 -9999.0 -9999.0 -9999.0 -9999.0 -9999.0 -9999.0 -9999.0 0.519133972277 1.00900599755 0.463914997714 0.958039899065 5.97491077169 6.35558528119 6.71364766301 0.353182516995 0.35228817165 0.615382621413 0.897537851404 1.3472361185 1.59206130697 1.78215720132 1.99465658148 0.155454126482 0.130578746191 2.99659973245 3.08157569448 3.13559509235 3.20277208749 2.85617311837 262.719770726 263.614999307 263.639503994 263.784415326 263.934761633 264.012697449 0.0233811677626 0.317042251389 52.9544867593 0.0518771689719 0.0267241538915 0.0435236402912 0.0457171483752 0.0763362527062 0.0616199006993 0.0379503278976 0.0663419895748
-9999.0 -9999.0 -9999.0 -9999.0 -9999.0 -9999.0 -9999.0 -9999.0 -9999.0 -9999.0 -9999.0 -9999.0 -9999.0 -9999.0 -9999.0 -9999.0 1.49546142233 1.97782677757 3.46310365019 4.5284430174 0.545546775877 7.72038150659 8.06155299905 8.36063319953 0.284584134057 0.551658501012 0.220658787166 1.82014190593 1.98924401359 2.20665682773 2.38964138629 2.82180610766 2.91408510164 0.0621430561771 2.56093818278 2.70781843466 2.79302619173 3.0789944433 0.337218956801 0.195778768625 0.100232423717 0.0925975837969 264.082479008 264.105420266 264.612730422 52.9733714598 0.168729338038 0.0965628365778 0.0680363644752 0.0186431295996 0.207261266448 0.104669337154 0.0335083828822 0.200432836306
-9999.0 -9999.0 -9999.0 -9999.0 -9999.0 -9999.0 -9999.0 -9999.0 -9999.0 -9999.0 -9999.0 -9999.0 -9999.0 -9999.0 -9999.0 -9999.0 0.496506099552 2.47645122192 3.00403837878 0.557849629438 0.399536477864 0.845622948626 1.21431752517 9.89274204064 0.281162120694 1.13623037787 1.37324403622 1.60641232902 0.16999788996 0.366237459414 0.479138226177 2.02176517588 2.25226810053 2.34785155209 0.0828438252409 0.0636726414379 0.0708494567653 0.132613774352 0.0537999218439 0.0528229761298 0.0592995014416 0.0549874672307 0.064234758975 0.178222302785 264.642413413 317.701813138 0.200019590752 0.0368818455909 0.0206942012857 0.662912735856 0.621002088243 0.378135061933 0.340809248839 0.253582214561
-9999.0 -9999.0 -9999.0 -9999.0 -9999.0 -9999.0 -9999.0 -9999.0 -9999.0 -9999.0 -9999.0 -9999.0 -9999.0 -9999.0 -9999.0 0.428604156896 1.35990294168 0.439775696717 0.518821731733 0.474587762909 0.893642215145 1.30757051601 1.6799703 11.9676711623 12.2319220411 0.276996595474 0.517342761579 0.763265970713 0.966540314647 1.15014655116 1.74257269292 1.92576278705 0.113604321209 0.0897222726527 0.0652321386311 0.0513194478422 0.0590651457912 0.0794754503311 0.0670228613706 0.0940694001775 0.217150582695 0.106762339276 0.0533217391482 0.0523317524262 0.0378308632187 0.0684007453897 320.078986005 2.161183711 0.816484972546 0.10094170759 0.0483980227693 0.0312318594571 0.0996730725078 0.0635590700045
-9999.0 -9999.0 -9999.0 -9999.0 -9999.0 -9999.0 -9999.0 -9999.0 -9999.0 -9999.0 -9999.0 -9999.0 -9999.0 -9999.0 0.457667233499 0.871866434592 3.05440261687 0.384444865705 1.01241753738 1.45755531288 1.84213822661 0.419674747623 0.743403512729 1.14620009268 13.7330025787 0.250871324202 0.465167410917 0.692206818616 0.208676378105 0.407420366176 0.507171779771 0.647524005875 21.5608281258 21.7334428595 21.8760540509 22.5703061792 22.7458607455 23.204829601 0.0962858976677 0.224690807654 0.25073581151 24.4336286017 24.5188297018 0.0471494984234 0.0712655447256 0.0947963874308 320.101311002 2.09014059513 1.14494728157 1.08639137242 0.813501878173 0.674929405437 0.130991891492 0.0344856910548
-9999.0 -9999.0 -9999.0 -9999.0 -9999.0 -9999.0 -9999.0 -9999.0 -9999.0 -9999.0 -9999.0 -9999.0 -9999.0 -9999.0 0.47669730847 1.42992188314 4.95137880582 7.27679270506 0.3247056479 9.34249561545 11.5921513319 0.367563098219 0.686608205391 1.07006002994 16.7848127587 17.0841865745 0.179681173717 1.05917130249 1.22954069371 1.38440446898 20.3181320884 20.6429946537 20.8399922886 0.0940469699119 0.519707148431 0.616899428106 0.235784350405 0.329813817232 23.6698176697 24.0255797255 24.0929073369 24.1536321702 24.5805160786 0.0303799151734 0.0273304446135 0.146286450735 320.133303806 0.0707856167958 0.0727766508403 0.224071603993 0.0935731929717 0.599788322831 0.488907848445 0.297793138808
-9999.0 -9999.0 -9999.0 -9999.0 -9999.0 -9999.0 -9999.0 -9999.0 -9999.0 -9999.0 -9999.0 -9999.0 -9999.0 -9999.0 -9999.0 -9999.0 0.979532487218 1.94103354595 8.53067886315 8.98488786718 11.9783228081 12.3951419595 0.35916910677 0.719304614872 1.64420350342 17.384614434 17.8074875227 17.9501077324 0.110818957224 18.4810671911 18.8194806628 0.213470730333 0.0960815479105 0.180274258252 0.35100310396 0.0852984861617 0.162771116363 0.34121767941 0.416051831967 0.0797098130617 0.047866874406 0.0908350476705 24.946851823 25.043560617 25.0654912278 25.2849844905 320.157503928 0.0507651716483 0.0457590420804 0.0594476506908 0.0591846970097 0.061248775473 0.0537159009562 0.0987331121034
-9999.0 -9999.0 -9999.0 -9999.0 -9999.0 -9999.0 -9999.0 -9999.0 -9999.0 -9999.0 -9999.0 -9999.0 -9999.0 -9999.0 -9999.0 -9999.0 0.505011292557 0.487020358417 0.466500130616 0.888731103723 0.371712713144 13.144394248 13.5205039559 0.331199627597 0.634529442924 0.2757019407 0.204224364543 0.192902542416 18.262110038 0.110435663023 0.234792750888 0.117557962193 0.101199616223 0.0859937436557 0.0617754924305 0.0656062335933 0.207865642585 0.290217861498 0.0520763780465 0.0425721390126 0.0963069578355 0.168655421232 0.223155376794 0.0598201505191 25.1102805193 25.3089967885 320.172746348 0.202564023885 0.101326279943 0.0317379010288 0.0844179605482 0.0260456575398 0.020178682818 0.121344804395
-9999.0 -9999.0 -9999.0 -9999.0 -9999.0 -9999.0 -9999.0 -9999.0 -9999.0 -9999.0 -9999.0 -9999.0 -9999.0 -9999.0 -9999.0 -9999.0 -9999.0 -9999.0 0.481000568868 1.3062560412 1.6472378633 2.01005643551 13.8923170023 14.2830955916 14.649847045 14.9984612927 15.18183818 15.5727702643 15.6702685158 15.7710389022 15.8485851559 0.0787171568411 0.0739951802183 0.08150352449 0.280309998157 0.0773624294672 0.0744146853264 0.0525190377791 0.15392502322 0.0630875263094 0.0454709227147 0.0410302233416 0.0324014417858 0.064601452848 0.0953252579284 25.5073513122 345.895194363 0.0486790760321 0.0899078322014 0.0236525960602 0.111753157495 0.0557944735908 0.0405739239552 0.426536204605
-9999.0 -9999.0 -9999.0 -9999.0 -9999.0 -9999.0 -9999.0 -9999.0 -9999.0 -9999.0 -9999.0 -9999.0 -9999.0 -9999.0 -9999.0 -9999.0 -9999.0 -9999.0 -9999.0 0.370742481455 3.15455313353 6.00025954711 6.36886688305 0.500085308143 0.845231121225 1.15521790338 1.37712608864 3.01742320276 3.1014947301 0.0810958463052 0.0814997721321 16.0160665179 16.1615608305 16.2273598421 0.327653648222 0.0388792241182 0.11432336115 0.166249574385 0.506316686507 0.62485127036 0.711591340933 0.0771010926334 0.106155721717 0.0367314389753 0.073804678949 0.0389247245191 345.942663366 0.04041948212 0.170821182258 0.0620201575309 0.189645290785 0.419559037759 0.485199470064 0.938638565527
-9999.0 -9999.0 -9999.0 -9999.0 -9999.0 -9999.0 -9999.0 -9999.0 -9999.0 -9999.0 -9999.0 -9999.0 -9999.0 -9999.0 -9999.0 -9999.0 -9999.0 -9999.0 0.438496957799 1.43546049297 2.78993458586 3.61507471503 8.9461978439 9.39518060298 0.676172080844 0.994780922631 1.24728815654 1.46598700958 3.19246352023 3.35862569876 5.82268459096 6.02927541988 6.0992172759 16.2909931884 16.7673959658 0.100874066216 0.0795922938648 0.072778662927 0.137736905328 0.0613372030556 0.831789615214 0.872905500137 0.140190224333 0.174467914894 0.0275932083454 88.3845362981 88.4649249853 434.427530218 434.63145069 0.0457248112659 0.284947816477 0.060368502879 0.049927193381 1.01829032718
-9999.0 -9999.0 -9999.0 -9999.0 -9999.0 -9999.0 -9999.0 -9999.0 -9999.0 -9999.0 -9999.0 -9999.0 -9999.0 -9999.0 -9999.0 -9999.0 -9999.0 -9999.0 -9999.0 0.528383076782 0.512884520099 0.941869280042 2.20337895551 9.81006888721 0.357261803423 0.350979152073 0.597361033728 0.86140071088 2.02048561826 2.16332658416 0.146137436278 0.149865303575 6.20846263388 6.27410867673 23.1018965423 23.149651463 0.0333734834163 0.028393953747 0.0238705184562 0.0241461658209 0.028975514458 87.6248668785 87.8912547896 88.1069538525 88.1775862008 88.3586011072 0.0469610220627 0.167308704691 0.195863137638 434.884784812 434.88880955 434.912748466 434.921760519 434.938327213
-9999.0 -9999.0 -9999.0 -9999.0 -9999.0 -9999.0 -9999.0 -9999.0 -9999.0 -9999.0 -9999.0 -9999.0 -9999.0 -9999.0 -9999.0 -9999.0 -9999.0 -9999.0 -9999.0 -9999.0 0.448646772128 0.480811542646 0.873229540235 11.5190370565 11.9161884711 0.338504671885 0.584162824875 0.85810483935 1.04441531664 0.155491444725 0.285365559529 23.7532050793 23.8276665616 23.9196380954 24.6070407271 47.83075619 85.9464149458 86.0360929108 86.1170059824 86.1940909486 86.5845187328 86.7140558458 0.236399462588 0.0994855919333 0.065378000517 0.120319352052 0.0825370537982 0.134028178903 0.0425339132236 0.947741375116 1.08994700265 1.19663824273 1.21080176821 434.928162429
-9999.0 -9999.0 -9999.0 -9999.0 -9999.0 -9999.0 -9999.0 -9999.0 -9999.0 -9999.0 -9999.0 -9999.0 -9999.0 -9999.0 -9999.0 -9999.0 -9999.0 -9999.0 -9999.0 -9999.0 -9999.0 0.462064358804 0.879102732408 1.30145390375 12.2692462857 0.335865966701 16.4349686181 16.725924525 16.8822952643 17.0273951422 23.1770021251 23.33751594 0.089459608422 0.506295235548 0.614642370687 0.0927207550527 38.0317007701 37.8663718955 0.046940756019 0.115952701584 0.321441759202 0.073999701545 0.0795476170514 0.0500918434941 0.0411700664351 0.0296794677889 0.0377964084018 0.818614928725 0.860569924744 0.914206371985 0.109952459845 0.0760124003283 1.26149969921 1.2859238391
-9999.0 -9999.0 -9999.0 -9999.0 -9999.0 -9999.0 -9999.0 -9999.0 -9999.0 -9999.0 -9999.0 -9999.0 -9999.0 -9999.0 -9999.0 -9999.0 -9999.0 -9999.0 -9999.0 -9999.0 -9999.0 0.405653586349 0.377323885882 1.98331114502 15.0739216038 15.8224452592 16.1893931515 0.264039358333 5.73351550775 5.90102553179 6.01293513826 0.150031795316 0.254608687172 0.335979593031 8.4221342469 8.48725885398 8.54329450307 37.7676655742 24.2201030112 0.0662634622988 0.0707609964396 0.066289398738 0.0476873328542 0.500956267681 0.598655653814 0.681360988498 0.730282533131 0.776765449734 6.85352640899 6.8854933169 6.92740901566 7.02343650311 7.37310875887 7.38636306865
-9999.0 -9999.0 -9999.0 -9999.0 -9999.0 -9999.0 -9999.0 -9999.0 -9999.0 -9999.0 -9999.0 -9999.0 -9999.0 -9999.0 -9999.0 -9999.0 -9999.0 -9999.0 -9999.0 -9999.0 -9999.0 -9999.0 0.794980134772 1.22823352256 0.435588684959 0.364524493492 4.8586228962 5.14532041511 5.3159576252 1.71203403434 1.83723537059 1.96968343633 2.0665895721 8.26783597737 8.37309479102 4.8114005935 13.4293044167 13.4961120246 24.1734596323 0.134653958161 0.0690938241317 0.0422228288088 0.346709116065 0.408649357252 0.0311438780254 0.0280343649551 6.70569982167 6.78444211717 6.82440348001 0.0453610444422 0.0694866971097 7.33471486617 0.0267004196852 0.104384941592
-9999.0 -9999.0 -9999.0 -9999.0 -9999.0 -9999.0 -9999.0 -9999.0 -9999.0 -9999.0 -9999.0 -9999.0 -9999.0 -9999.0 -9999.0 -9999.0 -9999.0 -9999.0 -9999.0 -9999.0 -9999.0 -9999.0 0.402555115579 0.793357490377 3.38612387001 3.83974499752 4.20377198841 1.37959387596 1.58520892497 0.142316914109 5.87322880975 5.99483462184 6.10799770247 0.101252412101 4.6221515284 4.73433777739 0.0731985961479 23.8183421625 0.159950022796 0.0797881614023 0.1894901541 0.258895350616 0.0471285132421 0.0355071591687 6.30130264959 6.63599732679 6.68431145473 0.0506643741424 0.100204485265 0.123996392679 0.141068497131 0.283115103685 0.0378167661698 0.0859479356255
