data/baseflow/History/mHMbfrc450
ncols                  80
nrows                 72
xllcorner      4374000.0
yllcorner      5656000.0
cellsize            500
NODATA_value       -9999
[rows 0 to 23 of 72, columns 0 to 53 of 80]
-9999.0 -9999.0 -9999.0 -9999.0 -9999.0 -9999.0 -9999.0 -9999.0 -9999.0 -9999.0 -9999.0 -9999.0 0.817054671849 0.690197099922 -9999.0 -9999.0 -9999.0 -9999.0 -9999.0 -9999.0 -9999.0 -9999.0 -9999.0 -9999.0 -9999.0 -9999.0 -9999.0 -9999.0 -9999.0 -9999.0 -9999.0 -9999.0 -9999.0 -9999.0 -9999.0 -9999.0 -9999.0 -9999.0 -9999.0 -9999.0 -9999.0 -9999.0 -9999.0 -9999.0 -9999.0 -9999.0 -9999.0 -9999.0 -9999.0 -9999.0 -9999.0 -9999.0 -9999.0 -9999.0
-9999.0 -9999.0 -9999.0 -9999.0 -9999.0 -9999.0 -9999.0 -9999.0 -9999.0 -9999.0 -9999.0 -9999.0 1.67588622991 3.70899732768 0.595003105579 -9999.0 0.502845490315 -9999.0 -9999.0 -9999.0 -9999.0 -9999.0 -9999.0 -9999.0 -9999.0 -9999.0 -9999.0 -9999.0 -9999.0 -9999.0 -9999.0 -9999.0 -9999.0 -9999.0 -9999.0 -9999.0 -9999.0 -9999.0 -9999.0 -9999.0 -9999.0 -9999.0 -9999.0 -9999.0 -9999.0 -9999.0 -9999.0 -9999.0 -9999.0 -9999.0 -9999.0 -9999.0 -9999.0 -9999.0
-9999.0 -9999.0 -9999.0 -9999.0 -9999.0 -9999.0 -9999.0 -9999.0 -9999.0 -9999.0 0.767008749902 0.748482862402 0.805890733435 0.800540718187 5.21176792806 5.83825676274 1.40789385028 0.454522342897 -9999.0 -9999.0 -9999.0 -9999.0 -9999.0 -9999.0 -9999.0 -9999.0 -9999.0 -9999.0 -9999.0 -9999.0 -9999.0 -9999.0 -9999.0 -9999.0 -9999.0 -9999.0 -9999.0 -9999.0 -9999.0 -9999.0 -9999.0 -9999.0 -9999.0 -9999.0 -9999.0 -9999.0 -9999.0 -9999.0 -9999.0 -9999.0 -9999.0 -9999.0 -9999.0 -9999.0
-9999.0 -9999.0 -9999.0 -9999.0 -9999.0 -9999.0 -9999.0 -9999.0 -9999.0 0.72883654989 1.51097608236 3.00811952559 1.54674899453 0.749565700026 1.47515836076 6.5454621763 9.00314365923 0.498499065956 -9999.0 0.789677828466 -9999.0 -9999.0 -9999.0 -9999.0 0.97732010993 0.503424748665 -9999.0 -9999.0 -9999.0 -9999.0 -9999.0 -9999.0 -9999.0 -9999.0 -9999.0 -9999.0 -9999.0 -9999.0 -9999.0 -9999.0 -9999.0 -9999.0 -9999.0 -9999.0 -9999.0 -9999.0 -9999.0 -9999.0 -9999.0 -9999.0 -9999.0 -9999.0 -9999.0 -9999.0
-9999.0 -9999.0 -9999.0 -9999.0 -9999.0 -9999.0 -9999.0 -9999.0 0.857387583656 2.37438463074 3.0958871317 3.8188646378 5.26831648382 0.685452835245 2.8243391983 3.49783148131 13.7380877693 0.657501009054 0.655440924243 1.47254141967 2.13836967918 0.699054224185 -9999.0 2.52988505742 2.08042074381 0.571122739889 -9999.0 -9999.0 -9999.0 -9999.0 -9999.0 -9999.0 -9999.0 -9999.0 -9999.0 -9999.0 -9999.0 -9999.0 -9999.0 -9999.0 -9999.0 -9999.0 -9999.0 -9999.0 -9999.0 -9999.0 -9999.0 -9999.0 -9999.0 -9999.0 -9999.0 -9999.0 -9999.0 -9999.0
-9999.0 -9999.0 -9999.0 -9999.0 -9999.0 -9999.0 0.812119650037 0.730402854295 0.725751732152 0.743012754883 0.776991128672 5.3867058283 11.4056895491 12.1388723816 12.740128718 0.572727408207 14.976046715 15.6298079263 1.31363188065 0.675642492308 2.79036722174 4.84729686853 0.685245712177 4.60758049806 0.726072170267 0.718280959724 0.740214450916 -9999.0 -9999.0 -9999.0 -9999.0 -9999.0 -9999.0 -9999.0 -9999.0 -9999.0 -9999.0 -9999.0 -9999.0 -9999.0 -9999.0 -9999.0 -9999.0 -9999.0 -9999.0 -9999.0 -9999.0 -9999.0 -9999.0 -9999.0 -9999.0 -9999.0 -9999.0 -9999.0
-9999.0 -9999.0 -9999.0 -9999.0 -9999.0 -9999.0 1.63412981766 2.4039765712 5.43698760401 7.58957292736 0.674499449339 0.695969536982 0.682135588721 1.99517237669 15.3626409211 0.560516623595 16.2458099819 18.718522205 1.94428161405 1.28071043872 5.46384220376 0.674427015056 5.25951078508 1.32457332487 0.669321031302 1.36815546071 1.46989497252 0.731582878939 0.724140839202 0.701239964954 0.755462871302 1.50940790811 -9999.0 -9999.0 -9999.0 -9999.0 -9999.0 -9999.0 -9999.0 -9999.0 -9999.0 -9999.0 -9999.0 -9999.0 -9999.0 -9999.0 -9999.0 -9999.0 -9999.0 -9999.0 -9999.0 -9999.0 -9999.0 -9999.0
-9999.0 -9999.0 -9999.0 -9999.0 -9999.0 0.886957364873 1.7178498117 0.82221602302 1.60868656176 8.39889689363 9.85802107966 11.2926085984 36.6137351997 0.656356237511 16.0385659321 57.9813632583 58.4550991396 78.0508987807 0.554101045897 1.87630350744 6.08376071535 0.612969599445 12.71276117 6.82084123834 4.20058323432 3.52866960808 0.715086091084 2.15387620291 2.10352616989 1.39878546593 0.675256879619 2.20699267812 0.663904298355 0.651056788299 -9999.0 -9999.0 -9999.0 -9999.0 -9999.0 -9999.0 -9999.0 -9999.0 -9999.0 -9999.0 -9999.0 -9999.0 -9999.0 -9999.0 -9999.0 -9999.0 -9999.0 -9999.0 -9999.0 -9999.0
-9999.0 -9999.0 -9999.0 -9999.0 -9999.0 0.892850826504 2.59681648974 5.16474985761 5.96402286109 11.8792547516 12.6394759671 15.0372117015 24.6645998104 38.6384934688 40.078606945 40.7617038132 1.22089951823 80.233380579 81.3290225918 84.4517216224 105.766075899 14.6137061438 13.3772984822 4.85331657619 0.633040811022 4.11898536561 2.80587596175 0.624411912971 2.73625465737 0.599875095717 1.25861238159 3.47027449684 4.11072048172 1.27933541943 0.627110022175 0.609362074324 -9999.0 -9999.0 -9999.0 -9999.0 0.471679943761 0.411978742755 -9999.0 -9999.0 -9999.0 -9999.0 -9999.0 -9999.0 -9999.0 -9999.0 -9999.0 -9999.0 -9999.0 -9999.0
-9999.0 -9999.0 -9999.0 -9999.0 -9999.0 0.858398937102 0.823653854427 3.47788095794 4.29612709898 5.14357579738 0.817074036094 1.61412571635 9.08804782797 1.63467559796 0.794955229396 0.720072145687 0.659997459597 0.72693536593 0.68234458165 0.724153778323 106.426398942 108.274182312 0.603086111435 1.85123577734 1.25932329747 4.73228526106 1.25926447849 0.606287796793 3.39127419891 1.17040245522 2.83426482084 7.1869883283 6.64855883576 1.90504971746 1.85446900703 0.631039103405 0.621150623552 -9999.0 -9999.0 0.616116902414 1.04839662551 2.31987044278 0.432039083608 -9999.0 -9999.0 -9999.0 -9999.0 -9999.0 -9999.0 -9999.0 -9999.0 -9999.0 -9999.0 -9999.0
-9999.0 -9999.0 -9999.0 -9999.0 -9999.0 -9999.0 0.905727976369 0.925373275655 1.73858082547 2.57533648417 5.86428122614 7.50668072772 8.33807689978 0.842641761129 0.69182623732 9.20906145715 11.3593141171 12.025738893 14.817999994 15.4527884752 0.635968731451 108.917951326 111.939893182 2.39885883241 0.392061792738 5.26172241879 11.6571194691 4.58192385915 1.14554486732 0.569595422529 11.151764291 7.77587123715 0.571805691939 0.568758770233 2.43469347938 1.84553018221 0.592451590246 0.578093181893 0.59974699021 1.20229446619 0.574875502442 2.81365931074 3.37399151027 0.526103819898 -9999.0 -9999.0 -9999.0 -9999.0 0.587601034246 0.550286055819 0.15903907555 -9999.0 -9999.0 -9999.0
-9999.0 -9999.0 -9999.0 -9999.0 -9999.0 -9999.0 -9999.0 0.885041406637 0.774170942019 1.64296703414 2.50635792451 0.825751150783 0.747169450346 4.7588373537 6.28298118053 7.84844430428 0.754188519136 1.43258282131 0.728304623844 16.1169503281 35.5352493569 36.0203404711 149.144132942 0.603050749113 1.15693710811 0.357127997257 12.2225391562 0.577533775472 1.72502796486 0.562011958642 11.7203752843 12.289692659 1.14772133071 1.12850656758 6.06973621698 3.03653255802 1.17858065936 0.602887872741 1.19459059141 1.78909489592 2.91700772315 0.547418616598 4.36567479255 4.79094613936 0.369159325381 0.402384262992 0.419541619426 0.368253175536 0.342445410192 1.56445964916 0.600758232428 0.376954901338 -9999.0 -9999.0
-9999.0 -9999.0 -9999.0 -9999.0 -9999.0 -9999.0 -9999.0 -9999.0 1.63294227152 2.34923171316 0.814469742361 1.66612882068 2.47197919666 4.06405726635 0.817705464275 0.781640692389 0.682656549083 0.689231385847 0.631324246041 18.0736271675 0.731887262 1.42039833056 151.078403238 152.282354042 0.488397836532 2.1465299517 14.8943367158 1.1233827893 2.23492656248 1.04621494147 1.54782631632 14.4629833237 1.66280764868 8.76527297218 7.13232141298 0.531056404467 2.89926283547 1.16848962013 1.74153793559 0.541269124308 3.45435476386 4.46475025003 4.82250296211 5.15595400504 6.16675928915 0.696737323427 0.735160829575 0.652992445762 0.599894742495 1.90533336374 0.379591888047 1.36747977366 1.7054304651 -9999.0
-9999.0 -9999.0 -9999.0 -9999.0 -9999.0 -9999.0 -9999.0 -9999.0 0.870229163203 4.07616824888 4.86641260803 0.78956054107 1.55972070439 0.768033316202 0.718702375793 0.707194548409 8.92471783604 11.9662881185 14.7537948913 17.5564255168 0.708455038502 0.706463508337 0.697288858304 155.171568806 156.39073887 156.862017056 19.9058887787 4.46952963376 3.89201301376 0.493687657532 2.02579486689 16.98703264 0.488666124519 9.26440734709 0.534634852317 3.73516877362 3.46943990474 0.555929101989 2.28741080032 1.0826028837 1.61215537997 0.452287683681 0.326339005737 5.48383864133 5.77503150674 6.45697037162 1.0476304749 0.945650186022 0.882470037438 2.31550732316 3.08752276231 0.385465341795 2.07136754376 0.404270270889
-9999.0 -9999.0 -9999.0 -9999.0 -9999.0 -9999.0 -9999.0 -9999.0 -9999.0 0.90650604622 5.71136705473 6.4870550079 2.33295161401 3.87858054091 5.33874015482 6.08524824921 0.780914974195 2.34711578641 1.56567928445 0.809331022736 0.775769746719 0.693267934023 1.38115415487 2.32260760987 0.732630923214 178.025779004 178.509631729 0.435829602379 0.394222196514 0.98480518064 1.46460725285 18.4236555496 0.95858458823 9.69917102295 5.69582647113 4.69696890909 0.52546276841 1.06697248674 2.78128252907 0.493847727243 2.08940179907 0.923901701531 0.554651079357 0.24982690324 6.55299291209 13.2391672783 1.25104150126 1.1566772093 1.1837969833 0.317069602115 3.40084729028 0.303296148128 2.766381101 0.347998791878
-9999.0 -9999.0 -9999.0 -9999.0 -9999.0 -9999.0 -9999.0 -9999.0 -9999.0 -9999.0 0.793280210051 8.08107684421 0.766346045184 1.53649273188 2.24934227096 3.67638139764 0.740399517613 1.54716586896 0.761018044437 0.714587908553 0.677544947419 1.34467768438 0.610944988262 0.648057040752 1.20194851496 0.673632033371 179.055965789 179.950169383 181.288244163 1.89602597773 0.484277070752 0.966150276252 18.9233636448 17.7515679179 6.71863754343 0.503374909398 2.09594396852 1.57788230772 3.276454806 0.98580875466 3.97970023178 1.4000127988 0.913745425498 0.17082970641 0.266946161332 13.574724598 13.8551615096 16.4984557672 2.18921329092 0.662332507709 3.74448917935 4.38376733586 7.44187275459 0.6808076135
-9999.0 -9999.0 -9999.0 -9999.0 -9999.0 -9999.0 -9999.0 -9999.0 -9999.0 -9999.0 -9999.0 0.428466138742 8.98756416043 0.725960758639 1.42740613967 6.52556858563 0.739133088202 0.729944575967 0.646930011578 1.38014740288 0.668394411114 2.677481549 3.8951682396 4.45624005795 1.71018119144 2.1062241426 0.44589276762 0.581628184465 0.513766293446 184.112699852 185.489207821 19.3477394391 18.6093651595 18.1861345372 0.878532346997 0.424364436453 2.55782243049 6.76179708071 3.74277963414 1.44544156256 5.87158082186 1.95693938087 1.53887254455 0.340501365427 0.134131201097 0.132084832559 0.160866502536 17.3771408542 20.4711305416 0.321787718496 0.283421262712 0.32599021064 7.76041265532 8.7389805092
-9999.0 -9999.0 -9999.0 -9999.0 -9999.0 -9999.0 -9999.0 -9999.0 -9999.0 -9999.0 -9999.0 0.394613261783 9.93841552327 12.2659168851 0.709170376015 7.93383914811 0.683788716469 0.651683764892 1.29265704026 3.33125311444 0.644743617368 0.679652633826 0.589827910561 5.63343125046 6.19420551698 8.88833604397 9.83238082911 10.3131966788 10.7229619512 11.1587361003 197.076642621 217.142865344 236.409792126 236.686577155 0.346771107089 0.424432441361 7.69023957664 7.2288445594 0.458403663822 0.449225987579 6.33636915921 8.74896976707 0.364254964094 4.02419105633 3.72640739092 0.796656922493 0.369877716696 0.636589672402 0.32717522417 20.984137412 0.260425280122 0.84978668755 1.04325465456 10.4641121564
-9999.0 -9999.0 -9999.0 -9999.0 -9999.0 -9999.0 -9999.0 -9999.0 -9999.0 -9999.0 -9999.0 0.842620767796 1.62471355388 13.0256675679 14.3669778912 0.678267703181 9.20756347996 0.592501242835 1.82225677756 3.93194793157 1.24641327326 0.59874096873 1.23755437633 0.526225713646 1.01622633175 0.497272913729 0.449724204955 0.355269637009 0.310402683019 0.271467412536 0.236139150897 0.328081432148 0.4220784461 0.461089170106 237.758765663 8.80799724386 8.14748392255 0.219131387261 1.2847959092 0.316102091103 0.29646129687 9.14990001576 14.4228790805 4.48447194108 3.41241910964 0.498217917383 0.190818781532 0.163386759616 0.404477582117 21.6514621431 22.1282035329 0.251361974104 0.257819003936 0.243305694744
-9999.0 -9999.0 -9999.0 -9999.0 -9999.0 -9999.0 -9999.0 -9999.0 -9999.0 -9999.0 -9999.0 -9999.0 0.712457069313 10.0149467838 25.0923427461 27.2627900212 37.1101475465 37.6926489697 8.76234575344 6.399883813 1.85569318855 0.590083933704 2.40012662067 2.961662746 4.48569323083 1.0181187016 0.933418341657 0.847987122743 1.63321720852 0.738026220393 0.677157596208 0.360357721765 0.190207570478 0.204929240442 238.069908143 247.149498982 247.454491868 0.208572300494 3.20535595341 1.47986984098 0.443026154201 15.833679416 1.01308841321 0.52749280134 2.19800621848 0.452723326516 0.30548537403 0.552393554148 0.76203424933 1.00147967571 22.5220785568 0.180863660569 0.155027814736 0.154197678777
-9999.0 -9999.0 -9999.0 -9999.0 -9999.0 -9999.0 -9999.0 -9999.0 -9999.0 -9999.0 -9999.0 0.791313118613 7.63754853498 9.2738821269 1.50558961239 0.461075908976 1.02542945203 39.3535428742 39.9272874646 49.2445305126 0.541482898844 1.12617136126 0.499221330153 0.506488800594 4.97980426157 6.49066900546 7.86925511298 0.446314712619 2.07511101571 3.24711886987 1.86270963338 0.777405394275 0.523297369314 0.418370532578 0.385310454209 0.182384159389 247.646417794 247.785826923 251.275860472 0.69999823059 0.379453070615 16.1326486307 1.05870792867 0.547681898489 0.604895177336 0.600851910895 0.514321778412 0.84562149849 2.35465256816 3.61427741476 26.3254108383 0.132668265849 0.402185148341 0.272987231423
-9999.0 -9999.0 -9999.0 -9999.0 -9999.0 -9999.0 -9999.0 -9999.0 -9999.0 -9999.0 -9999.0 0.811757113997 5.35749954037 0.842281663251 0.727168886158 3.8607677288 4.51501884167 5.17588584779 5.77319488541 67.204971011 67.7130726026 68.7724942226 76.7026560021 78.1628477265 78.9433104586 79.4520526507 88.1742504249 89.2340408254 89.6774395345 93.4090912496 95.7502514438 96.1700304344 97.417429861 0.806915822051 0.640326556576 0.115091402557 0.101677227283 247.961240015 252.349169918 0.945074013944 18.7190450759 18.3786530413 1.95779770328 0.462564716199 0.466891631765 0.444748337027 0.449206015706 0.900749140072 1.25220851758 0.320109989465 26.504819725 26.6952427458 27.5322871409 27.6849986694
-9999.0 -9999.0 -9999.0 -9999.0 -9999.0 -9999.0 -9999.0 -9999.0 -9999.0 -9999.0 -9999.0 2.7827089025 3.67738411547 1.70383483088 2.51345971558 0.7981567535 8.9824649299 9.68415603217 11.0619162698 11.5914125396 4.4664933933 74.0979859628 74.5734165048 0.429675961291 0.273299477397 0.229049974478 0.534014390538 0.248427223639 0.179758126226 0.168164929143 0.207654254877 96.5082998445 97.7866348703 98.9990970597 99.9804172965 100.39768342 0.160208560355 0.0495759155232 271.702810012 19.2322013228 19.0787708458 0.399778223836 0.366897305128 0.320154203793 0.789786658624 0.769317229037 0.348392958871 0.354141149352 0.324067151618 0.637458601142 0.823555168233 0.120197431161 0.218659317993 0.0961372321683
-9999.0 -9999.0 -9999.0 -9999.0 -9999.0 -9999.0 -9999.0 -9999.0 -9999.0 -9999.0 -9999.0 -9999.0 1.88312791386 0.878899438221 0.794635567948 7.58209418694 8.31485524271 0.728564341426 2.8073707779 3.44814506176 3.99772196085 0.609443170082 0.412601128713 11.0035055259 11.3251432179 11.6255702512 29.6064904521 29.8151640384 30.1463271541 32.0574081573 33.0079324444 33.1495813203 0.157330219311 0.168506248091 0.191759597825 100.611834903 0.0900874370139 274.512912644 274.392021503 2.57399878285 2.37193526722 1.49104997365 0.369346526411 0.645780541205 1.11972032544 1.10044346818 0.671872089138 0.336968630383 0.653889461475 0.647233034027 1.10425541343 0.164596368388 0.375994923685 0.633087041476
