data/baseflow/History/mHMbfrc385
ncols                  80
nrows                 72
xllcorner      4374000.0
yllcorner      5656000.0
cellsize            500
NODATA_value       -9999
[rows 24 to 47 of 72, columns 0 to 54 of 80]
-9999.0 -9999.0 -9999.0 -9999.0 -9999.0 -9999.0 -9999.0 -9999.0 -9999.0 -9999.0 -9999.0 -9999.0 1.08184435095 3.03673688979 4.00855235971 6.99919862694 0.904240716981 1.8402381837 2.77736058606 10.4501529033 11.3269147996 12.164195431 13.0731829759 14.0735480952 22.3707251991 25.2425453801 27.0907857802 0.894497197275 4.4575070322 5.34851397572 56.6161423111 60.5004765312 61.9932693624 63.4780066068 65.0158541728 218.126009425 0.452006243715 416.536571924 1.76369069776 0.848452040952 4.16226916003 3.44483888134 0.632289164448 1.91454437094 2.65923156298 2.64031673862 1.91818868322 3.1750047155 5.05335807072 1.90141183358 5.06197453516 0.554068412864 1.02767694921 0.354107216225 0.285353104838
-9999.0 -9999.0 -9999.0 -9999.0 -9999.0 -9999.0 -9999.0 -9999.0 -9999.0 -9999.0 -9999.0 -9999.0 1.03612859081 2.04029309985 0.984851984593 1.99216539792 0.932009518961 6.70182698092 8.57747401122 9.54145687121 0.936047649453 1.8174385649 16.2363424146 20.5810760286 21.4487405386 1.91514793768 1.84304857747 2.7539615482 0.853146313922 0.832959466664 1.63343514108 0.701062982732 26.8682144208 27.4856706622 28.2593273954 218.683530695 422.368255256 417.509804086 1.47426292025 0.616159268189 0.550066480561 1.86379244723 1.29162813328 2.56437788808 3.28793093424 6.56258240409 0.62703398087 0.631139275199 5.66843601414 6.30145117702 12.5357891725 13.0789959972 14.4668195615 15.1290348424 0.582891218491
-9999.0 -9999.0 -9999.0 -9999.0 -9999.0 -9999.0 -9999.0 -9999.0 -9999.0 -9999.0 -9999.0 -9999.0 -9999.0 0.994153357014 1.96448551779 2.92368037814 4.82483034175 0.966830483045 0.944327895864 6.15171135431 7.06474703401 14.4801302507 15.4028658947 2.66656438686 0.938542851636 0.928634912308 0.903443872036 22.26208067 23.089170249 23.9385927637 24.7519299897 26.2215220141 6.06158725354 6.72997143892 35.6488979153 676.940131405 4.287033334 3.7469229862 2.06977775179 0.490056921217 0.46565766685 2.98003595065 3.41031689821 3.60855826139 0.530824248845 7.16775934315 1.22481756848 1.21907706436 0.491869426669 0.351830365075 0.30130989269 0.23285406506 0.305167603301 15.570460934 225.470760488
-9999.0 -9999.0 -9999.0 -9999.0 -9999.0 -9999.0 -9999.0 -9999.0 -9999.0 -9999.0 -9999.0 -9999.0 -9999.0 -9999.0 0.96252410412 1.79564537962 2.57808898787 3.37170421839 4.28859030761 5.22760172951 2.78887126812 4.67198028215 0.919846628935 0.913735384798 17.8239656805 19.6247410556 20.4803696867 21.4004206889 0.855434843791 1.67185936209 4.04142591106 4.83255491411 5.49745318162 0.677755569447 0.590623026089 678.451756629 0.554036318557 0.8830369418 0.408343519502 1.82943873029 0.895590153081 0.404933688821 7.47650939737 7.78174093271 0.284549897871 7.45995396057 9.02042229189 1.63261938192 238.545984266 237.762080774 237.076653485 235.88467095 235.462707833 227.300270957 227.009496856
-9999.0 -9999.0 -9999.0 -9999.0 -9999.0 -9999.0 -9999.0 -9999.0 -9999.0 -9999.0 -9999.0 -9999.0 -9999.0 -9999.0 0.201880403037 0.46517225863 0.775061115703 7.17315420202 8.09122733916 0.91548662676 0.945551771669 0.930948442847 14.2309675016 16.0609726511 0.90883040766 0.945202120434 0.839981233105 3.3598756894 4.19256736381 2.53709772376 3.22692190232 18.495635996 19.2224992751 20.4591999622 33.4875893326 712.202464479 0.518552785786 0.362099721535 2.67978293861 2.25457903356 0.354677225339 1.11901497376 1.43691332247 8.14270497298 8.43804826577 18.3412008202 9.34501751295 1.97617869258 244.670126082 2.75141503542 236.478154031 236.195791326 7.71462161236 0.402391691777 1.32596268374
-9999.0 -9999.0 -9999.0 -9999.0 -9999.0 -9999.0 -9999.0 -9999.0 -9999.0 -9999.0 -9999.0 -9999.0 -9999.0 -9999.0 1.04401374212 1.70796828133 3.57709620013 6.29578971611 8.82591759707 10.5707249574 11.4818408029 12.4211761062 13.3547322563 0.913854229209 0.883388798336 1.74858389537 1.69035440588 0.854173863505 15.7293160822 16.5469653593 17.3243222491 18.0785510653 11.0662865363 11.8289586589 12.5023335881 712.419050445 0.838276450125 0.846207851726 3.77651957363 0.39178990553 0.583615439093 0.287652645294 0.295811980301 1.70208704967 0.241645725988 0.261062505029 264.37000584 245.845112185 245.598480308 1.03628117822 2.45576912759 1.64144974523 0.450846017211 7.09229929277 2.19952855992
-9999.0 -9999.0 -9999.0 -9999.0 -9999.0 -9999.0 -9999.0 -9999.0 -9999.0 -9999.0 -9999.0 -9999.0 -9999.0 -9999.0 0.72981884334 0.68434127025 1.34293764325 2.0410679238 0.893729759379 0.973213979546 1.89879439216 2.82099845623 4.65668152463 5.56177886655 6.40275405902 9.03356029049 9.8672797757 10.7388933171 0.816984737903 8.06527040436 8.8370508359 9.60624399101 0.740115635804 0.526500459913 0.891899825699 725.49261639 725.696978036 726.986256684 4.7830316752 0.748867655133 1.031597725 0.283722328594 0.525438486442 1.93332486335 2.38276972432 0.471990012741 265.494029182 0.347455926404 0.561852587037 0.628716167826 0.447134589903 0.87947874865 0.365625182218 4.37029624864 3.57211858204
-9999.0 -9999.0 -9999.0 -9999.0 -9999.0 -9999.0 -9999.0 -9999.0 -9999.0 -9999.0 -9999.0 -9999.0 -9999.0 -9999.0 -9999.0 0.654077573297 1.29690960831 0.633145476125 1.30220535686 8.16018990758 8.98961566051 9.9004596806 0.912824958052 0.912245276842 1.76045117507 2.65000305122 4.28292441489 5.11599626573 5.64276380016 6.43927639953 0.73297020528 0.723146453587 10.9118117497 11.3829053492 11.6885727561 11.962161796 10.0595476097 738.174268362 744.745431989 745.003684423 746.276534332 747.603326243 748.361626851 0.240090293839 2.59135097188 265.707839779 0.572359403102 0.294161843192 0.254445168147 0.225605727685 0.403822917387 0.451405050581 0.26307962858 0.392083083536 0.407996168639
-9999.0 -9999.0 -9999.0 -9999.0 -9999.0 -9999.0 -9999.0 -9999.0 -9999.0 -9999.0 -9999.0 -9999.0 -9999.0 -9999.0 -9999.0 -9999.0 1.92692609456 2.60500220825 4.60864807579 6.13678331965 0.813937560295 11.6481722383 12.5364501768 13.4151300111 0.861271027466 1.71364347116 0.805166233934 5.81412156396 6.31159500269 7.04862512112 7.81635395645 9.84492527396 10.2191465909 0.232959518057 9.03568905143 9.56595161321 9.80150339791 10.9721173388 1.57024628294 1.02947606835 0.691461052564 0.672931893909 749.180757893 749.507709545 753.845185302 265.911654771 1.46868030339 0.701873779739 0.450353248676 0.157332450672 1.34611598254 0.745932679285 0.228301182471 1.27805604392 1.08573199469
-9999.0 -9999.0 -9999.0 -9999.0 -9999.0 -9999.0 -9999.0 -9999.0 -9999.0 -9999.0 -9999.0 -9999.0 -9999.0 -9999.0 -9999.0 -9999.0 0.696069775024 3.27834449174 3.9776456718 0.861466220938 0.913073501619 1.8296584324 2.72831716369 16.9914249719 0.848969419123 3.4296164299 4.228095189 5.04382719147 0.522448857497 1.22501780647 1.74811846249 7.05406575474 8.08390888436 8.29277076955 0.251585040944 0.27905809064 0.367030152872 0.671478216573 0.306507145791 0.334045521941 0.674128575684 0.536929079274 0.671509833751 1.52829632431 754.2252556 1021.04214675 1.82092118631 0.354650149893 0.145774418543 4.28089860621 3.93560780403 2.35880929807 2.12826519234 1.60911465519 0.373779345831
-9999.0 -9999.0 -9999.0 -9999.0 -9999.0 -9999.0 -9999.0 -9999.0 -9999.0 -9999.0 -9999.0 -9999.0 -9999.0 -9999.0 -9999.0 0.58758346397 1.91768613229 0.632449396399 0.907398425489 0.92298361356 1.82330368268 2.6989731985 3.49834073835 21.1437211736 21.9600093301 0.840823884609 1.63222651501 2.42395958119 3.07729439015 3.81371427472 6.29851165213 6.78262647194 0.740314114949 0.508029483186 0.471935838953 0.717886909212 0.66278380579 0.629444894822 0.547204342078 0.648776929465 2.19061094303 0.991379426681 0.301964076333 0.287213915882 0.329815725714 0.622541215446 1034.86894456 11.6871085691 4.92805749615 0.297002194274 0.121051785308 0.120594470392 0.489430898829 0.361058235446 0.195766982064
-9999.0 -9999.0 -9999.0 -9999.0 -9999.0 -9999.0 -9999.0 -9999.0 -9999.0 -9999.0 -9999.0 -9999.0 -9999.0 -9999.0 0.625052501715 1.19384394956 4.33362202737 0.621994015613 1.71851503557 2.63169641812 3.5253258064 0.892388202097 1.73353181409 2.47270753307 25.0545273624 0.806129990524 1.56815081723 2.36701894916 0.765923822719 1.52998115789 2.25544603125 2.75704508543 53.5961923141 54.6314975135 55.5832797244 59.8986669919 61.9241473295 65.5468197824 0.887040364454 2.06620401302 2.75090959984 76.3267996997 76.9301537796 0.265542740739 0.515396263724 0.752666211161 1035.1107804 10.9762784326 5.68291191198 5.53831787102 3.85987894212 3.17101045477 0.64865770308 0.143370974954 0.313038575419
-9999.0 -9999.0 -9999.0 -9999.0 -9999.0 -9999.0 -9999.0 -9999.0 -9999.0 -9999.0 -9999.0 -9999.0 -9999.0 -9999.0 0.628141854485 1.9034649694 6.85733533715 10.103001207 0.562505209087 13.2971464724 17.4559985117 0.849333605525 1.66854942738 2.42092155734 32.0893243565 32.7367305363 0.759846045412 3.94238082559 4.71359236108 5.39008962801 46.8778594064 49.0687462287 50.2136352617 0.532755017755 3.03786735454 3.61092929587 1.68725220669 2.43711986753 68.8948487224 72.0507140153 72.648983761 73.2179625482 77.6052962195 0.330442526699 0.284378737291 1.25671370313 1035.29655378 0.21973142937 0.520872303208 1.55859605753 0.584603859751 2.94498471526 2.00971716036 1.17117888887 0.871416326061
-9999.0 -9999.0 -9999.0 -9999.0 -9999.0 -9999.0 -9999.0 -9999.0 -9999.0 -9999.0 -9999.0 -9999.0 -9999.0 -9999.0 -9999.0 -9999.0 1.31853069049 2.65571593324 11.9922945595 12.6671934703 18.0545153894 18.698582031 0.861783472968 1.71797742449 4.0629890683 33.3480587604 34.8615661689 35.5912000751 0.68404106541 38.4550401799 40.788333122 1.46645446724 0.539058210976 1.04787468948 2.04700038943 0.498253476799 1.01625644659 2.22991973719 2.82000798118 0.546207009098 0.372981858984 0.74518190812 80.3380897457 81.3060923355 81.5475685411 83.4258781474 1035.45976543 0.127282672031 0.390564396964 0.457118495427 0.451210037835 0.461143086397 0.408192488717 0.771194279705 0.0929025821013
-9999.0 -9999.0 -9999.0 -9999.0 -9999.0 -9999.0 -9999.0 -9999.0 -9999.0 -9999.0 -9999.0 -9999.0 -9999.0 -9999.0 -9999.0 -9999.0 0.68701984719 0.67444331381 0.668037862306 1.35843967809 0.602146102863 19.8921141997 20.4872602597 0.77579164201 1.58842717999 0.857309319233 0.795755609395 0.783063476071 37.1529729879 0.814652956587 1.65316452083 0.704951327554 0.550903490333 0.502492623291 0.406793053643 0.421055489487 1.26596827362 1.72468530503 0.342908989064 0.309633727324 0.656823112945 1.07946930068 1.44367678326 0.446631525226 81.9096904084 83.6625068646 1035.54827623 1.20875856348 0.970897764651 0.275997111197 0.682249177695 0.235634585525 0.185784951583 0.971377100893 0.510711069369
-9999.0 -9999.0 -9999.0 -9999.0 -9999.0 -9999.0 -9999.0 -9999.0 -9999.0 -9999.0 -9999.0 -9999.0 -9999.0 -9999.0 -9999.0 -9999.0 -9999.0 -9999.0 0.667844001756 1.97599614097 2.53144430718 3.11574785444 21.0592298405 21.6240322459 22.2000392762 22.8797681359 23.6416877557 25.2589249058 26.0281011413 26.8311278656 27.490433683 0.515570916576 0.485532773809 0.498631103915 1.76509021363 0.461174261418 0.433744671481 0.3531332402 1.02224850209 0.399601909447 0.3104800499 0.289611984778 0.260336894747 0.51953961036 0.735537487189 85.1236782157 1121.9916421 0.103965361737 0.251781550408 0.241862338832 0.9280682107 0.494142076427 0.373333287756 1.88555976825 0.840771606122
-9999.0 -9999.0 -9999.0 -9999.0 -9999.0 -9999.0 -9999.0 -9999.0 -9999.0 -9999.0 -9999.0 -9999.0 -9999.0 -9999.0 -9999.0 -9999.0 -9999.0 -9999.0 -9999.0 0.566436210272 4.41361641104 8.74027833082 9.35465103076 0.763848808583 1.53807066062 2.33610424144 3.11506828385 7.90467279319 8.46991342698 0.542347648217 0.53401012901 28.5207728089 29.4624439869 29.9041235465 2.11412935847 0.3249809146 0.773128439592 1.13199135948 3.36923886606 4.1177077066 4.70923590556 0.545642202833 0.756756901432 0.250103509176 0.491096237888 0.250062017487 1122.40277192 0.0984833993456 0.430159983837 0.375091833781 1.42063819569 2.34081404633 2.76786324465 4.7050745082 1.28799576052
-9999.0 -9999.0 -9999.0 -9999.0 -9999.0 -9999.0 -9999.0 -9999.0 -9999.0 -9999.0 -9999.0 -9999.0 -9999.0 -9999.0 -9999.0 -9999.0 -9999.0 -9999.0 0.620724795264 1.9647904005 3.85731035041 5.05084493795 13.003931674 13.6822590612 1.6075407082 2.42448169602 3.19322175628 3.99760007414 9.16995599323 10.3183817642 18.7583816357 19.5047154582 20.0006081869 30.3524971017 33.6446505268 0.781244228307 0.487772013943 0.469723013638 0.899814660593 0.40908600453 5.47835200393 5.75878478501 0.992418024886 1.34390519341 0.300170763485 216.158169091 216.650192146 1339.2853032 1339.81621841 0.091201837708 1.62130677253 0.122308136063 0.114822114132 4.98715071274 6.3851391876
-9999.0 -9999.0 -9999.0 -9999.0 -9999.0 -9999.0 -9999.0 -9999.0 -9999.0 -9999.0 -9999.0 -9999.0 -9999.0 -9999.0 -9999.0 -9999.0 -9999.0 -9999.0 -9999.0 0.6977093562 0.67979344794 1.29572112136 3.08654548454 14.2516137216 0.81057283074 0.798011204169 1.56253367379 2.33502584665 6.15008064497 6.88472029678 0.546008555208 0.475937662312 20.5686453831 21.0453339932 55.1697413745 55.6219535462 0.277678224741 0.245965799285 0.202957843395 0.204906559173 0.214812833835 210.761390013 212.418728673 214.11815111 214.73916843 215.830805747 0.270608600346 0.995487508752 1.222692331 1341.37433771 1341.40291174 1341.61273396 1341.94083133 1342.14859371 6.65942586653
-9999.0 -9999.0 -9999.0 -9999.0 -9999.0 -9999.0 -9999.0 -9999.0 -9999.0 -9999.0 -9999.0 -9999.0 -9999.0 -9999.0 -9999.0 -9999.0 -9999.0 -9999.0 -9999.0 -9999.0 0.632033609833 0.657230615033 1.22540531783 16.642691015 17.2450263378 0.787446838404 1.54802749212 2.32980251053 3.07891452622 0.712134271655 1.29138090035 41.4374240454 41.9490928014 42.4562845984 46.0373321229 102.15800434 200.082292077 200.717910092 201.289179902 201.833303378 204.035477277 204.739565461 1.33668401853 0.606567382822 0.357821338093 0.673876562882 0.492191137254 0.781508241939 0.243412587407 5.50813588185 5.8837237415 6.17519229915 6.28109798505 1342.24044593 1349.15265975
-9999.0 -9999.0 -9999.0 -9999.0 -9999.0 -9999.0 -9999.0 -9999.0 -9999.0 -9999.0 -9999.0 -9999.0 -9999.0 -9999.0 -9999.0 -9999.0 -9999.0 -9999.0 -9999.0 -9999.0 -9999.0 0.643394151373 1.23264332267 1.82372531892 17.7405865354 0.627523664423 24.3642244909 25.1597051925 25.8890664013 26.4839828191 39.0289851264 39.6016796757 0.552346179312 2.58670358838 3.15108447925 0.506285915998 97.2829412025 96.3791952259 0.287836439689 0.645853906833 1.72354566477 0.378107259213 0.39734560781 0.304868648416 0.257256376016 0.202095968769 0.231168421832 4.74436426806 4.98051571953 5.26377473949 0.203223139819 0.176618851059 6.37407770883 6.49370679312 6.56864419144
-9999.0 -9999.0 -9999.0 -9999.0 -9999.0 -9999.0 -9999.0 -9999.0 -9999.0 -9999.0 -9999.0 -9999.0 -9999.0 -9999.0 -9999.0 -9999.0 -9999.0 -9999.0 -9999.0 -9999.0 -9999.0 0.592607943528 0.555305674112 2.86849059573 21.7584831434 22.9586941512 23.6167545888 0.826264508096 10.8578122947 11.588887876 11.9456098805 0.552418253618 1.11982875833 1.63395867912 23.8960835933 24.2852647849 24.6221201866 95.7576149634 53.8044683126 0.35119774262 0.36493166373 0.352707851976 0.280818558355 2.85531701572 3.43533249174 3.94572234399 4.22536348107 4.49482748752 29.6347663496 29.826747009 30.1182653397 30.8571881357 33.4986646428 33.5968935027 40.2660619315
-9999.0 -9999.0 -9999.0 -9999.0 -9999.0 -9999.0 -9999.0 -9999.0 -9999.0 -9999.0 -9999.0 -9999.0 -9999.0 -9999.0 -9999.0 -9999.0 -9999.0 -9999.0 -9999.0 -9999.0 -9999.0 -9999.0 1.15725925415 1.75966528993 0.620330451777 0.780229757727 7.62062943658 8.46963000833 9.24981157732 4.744069305 5.53888312788 6.29710712324 6.83348315253 23.0422765752 23.5394053919 16.1893759976 41.2216677013 41.6094979929 53.4989278051 0.728664574481 0.365865198482 0.26587767708 1.96466045261 2.30009064972 0.210010858466 0.195874541081 28.7450717028 29.2219527238 29.4515053938 0.36429490104 0.528543041573 33.0437364806 0.290127054074 0.735284950702 0.810532803171
-9999.0 -9999.0 -9999.0 -9999.0 -9999.0 -9999.0 -9999.0 -9999.0 -9999.0 -9999.0 -9999.0 -9999.0 -9999.0 -9999.0 -9999.0 -9999.0 -9999.0 -9999.0 -9999.0 -9999.0 -9999.0 -9999.0 0.578385744022 1.14475042373 4.7541761747 5.38053648834 6.07328698676 3.13612645405 3.93955931972 0.82848121101 14.1904962333 14.9853100969 15.70818452 0.567945930756 15.2560141689 15.7647738999 0.396324003022 51.5858944999 0.817707265682 0.40488106629 1.05754250718 1.42453043511 0.280307264826 0.230668950505 26.3431686932 28.3135968584 28.592963726 0.29000738354 0.62179811076 0.794614801548 0.973569330938 1.95156216055 0.265915886383 0.604396839812 0.115808676438
