data/baseflow/History/mHMbfrc607
ncols                  80
nrows                 72
xllcorner      4374000.0
yllcorner      5656000.0
cellsize            500
NODATA_value       -9999
[rows 24 to 47 of 72, columns 0 to 53 of 80]
-9999.0 -9999.0 -9999.0 -9999.0 -9999.0 -9999.0 -9999.0 -9999.0 -9999.0 -9999.0 -9999.0 -9999.0 0.815887366376 2.19941038992 2.87053888691 4.87325831042 0.58598725533 1.18971704256 1.72977530697 6.76675018873 7.13573584908 7.32926161323 7.69114350744 8.14617668375 13.1643578251 14.4383763635 14.9826237589 0.16340433363 1.23365890209 1.38094849233 26.4361475731 26.8908984326 27.1065888475 27.3254732241 27.529377225 101.053653298 0.242456954326 210.210264257 0.248481917563 0.0974060069898 1.82305083611 1.63193300081 0.199360228904 0.94049520382 1.45822867538 1.44046259105 0.978856315338 1.59148048158 2.50261451044 0.910520031674 2.31701209283 0.166225543725 0.1995161727 0.0327988708092
-9999.0 -9999.0 -9999.0 -9999.0 -9999.0 -9999.0 -9999.0 -9999.0 -9999.0 -9999.0 -9999.0 -9999.0 0.752933677091 1.4795559878 0.660101341139 1.33501598662 0.563409526232 4.56888066153 5.69267112039 6.25146377809 0.49382884266 0.900899712909 10.3144347649 12.4717713194 12.8017465042 0.87681375299 0.736647657781 1.00193795802 0.118632346309 0.101340547993 0.189455019662 0.111347004618 17.0859646022 17.2252522731 17.345858459 101.290338621 211.33224196 210.307577184 0.136306105864 0.0681557171929 0.0625925779511 0.326426637229 0.275978866063 1.06387826848 1.67360291655 3.39669956343 0.28991016264 0.286723139714 2.72606268651 2.95921108766 5.69310576085 5.81662891673 6.05219474015 6.11332491561
-9999.0 -9999.0 -9999.0 -9999.0 -9999.0 -9999.0 -9999.0 -9999.0 -9999.0 -9999.0 -9999.0 -9999.0 -9999.0 0.685895343851 1.38985496864 2.10765229043 3.33423155025 0.673623442447 0.595920596998 4.64069762453 5.16359052905 9.54606157264 10.0602305338 1.41711879094 0.486023843946 0.442144552952 0.384430961476 16.2988413543 16.4958526449 16.6406475748 16.7449887226 16.9650029695 1.81053676773 1.95124214169 19.4203972359 332.150731504 0.745346061898 0.575584045311 0.242262114676 0.0730564298654 0.0544395503286 0.447774838063 0.485691182759 1.16378909287 0.0511269166278 3.47409679656 0.431450444692 0.41705737055 0.05414387401 0.0333334195149 0.0290459723462 0.0436476525921 0.0295108191247 6.14402480438
-9999.0 -9999.0 -9999.0 -9999.0 -9999.0 -9999.0 -9999.0 -9999.0 -9999.0 -9999.0 -9999.0 -9999.0 -9999.0 -9999.0 0.678537738863 1.43856341574 2.13856313957 2.85407349294 3.45177068457 4.07331367571 1.7900880703 2.95049997045 0.500323914013 0.481361270914 14.1164987417 15.0744666185 15.5102389053 15.9770984165 0.300346942872 0.505480786471 1.36234595061 1.4873782926 1.64009875539 0.184139966122 0.136588677469 332.631604003 0.170190732713 0.233285262549 0.12299297863 0.310880582017 0.139403588558 0.0933441410648 1.73050131192 1.81332348589 0.0500041399989 3.53674849405 4.00573333216 0.456803045857 78.5085660188 78.415015893 78.3407061295 78.1583467145 78.0722825772 76.8719520523
-9999.0 -9999.0 -9999.0 -9999.0 -9999.0 -9999.0 -9999.0 -9999.0 -9999.0 -9999.0 -9999.0 -9999.0 -9999.0 -9999.0 0.203908615955 0.445070102544 0.712071586495 7.00519936828 7.63017033543 0.63933350107 0.611098110189 0.585925385712 12.0273452589 13.1422639505 0.532373237995 0.52855601548 0.413507548265 1.6627711563 2.06070214671 0.922538620668 1.12205738893 10.0193966678 10.2631398443 10.7954455535 16.5418901474 349.316168952 0.189134483013 0.0935921533731 0.483818151816 0.390669480096 0.074103379117 0.250857265 0.331822791884 1.90023700818 1.97141947792 6.10857954975 4.03248156211 0.483240148169 79.9580765611 0.618442986108 78.2709461643 78.2188333073 1.12949341848 0.0526992258589
-9999.0 -9999.0 -9999.0 -9999.0 -9999.0 -9999.0 -9999.0 -9999.0 -9999.0 -9999.0 -9999.0 -9999.0 -9999.0 -9999.0 1.0653828541 1.73783913687 3.5222197028 6.26754305742 8.31182325452 9.74094673333 10.3331198299 10.940312929 11.5179452274 0.544178872702 0.477553356522 0.917816007361 0.843564133322 0.429084737154 8.86005545423 9.24299058197 9.59157517652 9.91614547421 5.08354640177 5.24222612681 5.56130102558 349.440058233 0.33783283838 0.314912478005 0.860684345697 0.0760859491035 0.176946141754 0.0983191712674 0.0734061011978 0.413571498733 0.0537863658545 0.0572696897919 86.4562207923 80.3015003075 80.2364558652 0.305310547865 0.581463851602 0.360866752583 0.0678182707897 0.999943220391
-9999.0 -9999.0 -9999.0 -9999.0 -9999.0 -9999.0 -9999.0 -9999.0 -9999.0 -9999.0 -9999.0 -9999.0 -9999.0 -9999.0 0.745707586928 0.706377634104 1.39080074678 2.0940393753 0.714090769938 0.678990961501 1.31567860035 1.92708070666 3.0398191816 3.60064875778 4.10196590203 5.53730235033 5.97531888047 6.44274661916 0.378459449914 4.18384404345 4.49408058917 4.73417190196 0.147671643758 0.0381307497279 0.0842459039823 354.970466198 355.085107949 355.648466689 1.08413037099 0.160016858698 0.280896148043 0.0775272270499 0.12751940162 0.472958441433 0.574385357994 0.100012001962 86.7310871861 0.0939906148873 0.164583272348 0.187038527596 0.130719088235 0.233299418637 0.0900672607461 0.725225973268
-9999.0 -9999.0 -9999.0 -9999.0 -9999.0 -9999.0 -9999.0 -9999.0 -9999.0 -9999.0 -9999.0 -9999.0 -9999.0 -9999.0 -9999.0 0.676836666777 1.32715153569 0.630471853453 1.27950181836 8.064404452 8.68876404221 9.28117995403 0.565882036405 0.559987342946 1.06012672796 1.55442422931 2.42038047298 2.84443849522 3.06566210595 3.42160459532 0.288536197919 0.219926393923 5.07779566264 5.12778720469 5.2126106976 5.31854008498 4.31987307199 360.415115524 362.145692988 362.221080416 362.562525207 362.897495206 363.080457075 0.0442366973731 0.620530935862 86.7760346803 0.106954678022 0.0553422678255 0.07257476607 0.0732436655911 0.124330539579 0.110782064152 0.0667871296695 0.116708410477
-9999.0 -9999.0 -9999.0 -9999.0 -9999.0 -9999.0 -9999.0 -9999.0 -9999.0 -9999.0 -9999.0 -9999.0 -9999.0 -9999.0 -9999.0 -9999.0 1.96940564166 2.63459139055 4.64017247969 6.11963668045 0.772631925621 10.7344808331 11.3051824808 11.8510303064 0.529942744468 1.03459598638 0.442621605476 3.40839835621 3.6085396207 3.93426464085 4.24383922297 4.91941838898 5.00284503495 0.0548765961365 3.88239223721 4.10085497313 4.22028044333 4.64675214009 0.537295352084 0.335825494623 0.190932975816 0.17391728929 363.302950795 363.379243037 364.333105047 86.8161900312 0.312731909444 0.171464563174 0.117448050397 0.0342632069192 0.359925650969 0.188889301088 0.0576314374456 0.33013301216
-9999.0 -9999.0 -9999.0 -9999.0 -9999.0 -9999.0 -9999.0 -9999.0 -9999.0 -9999.0 -9999.0 -9999.0 -9999.0 -9999.0 -9999.0 -9999.0 0.691881819076 3.31446928224 4.02221905245 0.808499469548 0.627335198236 1.26382923685 1.82647149149 14.2383251271 0.522033169962 2.10537280301 2.56946131642 3.02303723095 0.217185712602 0.51166096747 0.628169659595 3.22746759857 3.48974630575 3.60375619267 0.118571619198 0.0970258891772 0.107901165144 0.200792321057 0.0812171856159 0.0812035354671 0.105401994402 0.09755826505 0.0802827719023 0.280382462985 364.425190144 451.439039063 0.443722369487 0.0838115349593 0.038746712418 1.13288346781 1.0559783307 0.633794954649 0.569465490517 0.422413889348
-9999.0 -9999.0 -9999.0 -9999.0 -9999.0 -9999.0 -9999.0 -9999.0 -9999.0 -9999.0 -9999.0 -9999.0 -9999.0 -9999.0 -9999.0 0.59909655524 1.91178321242 0.625707972637 0.798463948532 0.729281261117 1.39606929151 2.04058844853 2.66001826963 17.4898203319 17.995067986 0.522733377857 0.994027347365 1.46859663288 1.75808340642 2.05969772522 2.8144685331 3.10981808495 0.115681118212 0.137662531398 0.0765825920708 0.0893566013075 0.127656197117 0.137740797763 0.124072394191 0.147351139692 0.432883075878 0.177607065427 0.0773654359833 0.0739007388256 0.0673752178129 0.122345175565 454.838522986 2.88971939874 1.35074685782 0.126163989124 0.0584743068951 0.0409065431693 0.144484602992 0.0981853938118
-9999.0 -9999.0 -9999.0 -9999.0 -9999.0 -9999.0 -9999.0 -9999.0 -9999.0 -9999.0 -9999.0 -9999.0 -9999.0 -9999.0 0.633514902795 1.21821926788 4.3408828358 0.601592234443 1.56139269164 2.26256795694 2.90475505186 0.673827602289 1.24863953234 1.892546525 20.4277030757 0.488141885001 0.923889853888 1.3580717654 0.373858839999 0.730105026912 0.839314323245 1.08819665852 34.5479413043 34.8474025239 35.0912395565 36.4876943431 36.7825353957 37.6769385445 0.263770243964 0.552271231895 0.529742715371 40.246992382 40.3845885783 0.0660662466792 0.109085691554 0.150125033971 454.899722898 2.7618948191 1.11404762586 1.03397767073 0.920634536649 0.84029834924 0.191570907559 0.0475137073926
-9999.0 -9999.0 -9999.0 -9999.0 -9999.0 -9999.0 -9999.0 -9999.0 -9999.0 -9999.0 -9999.0 -9999.0 -9999.0 -9999.0 0.647848093638 1.9572224961 6.93636963235 10.2652473926 0.535540872401 13.4022546187 16.9122746763 0.632306804002 1.20351524453 1.84334276098 25.6974413391 26.2160841712 0.396297540543 2.1565727082 2.49659457662 2.77213079089 32.4688862274 32.9777514889 33.338809934 0.176885980045 0.99250202705 1.1805182449 0.464446950862 0.663912457318 38.5724150106 39.3867783991 39.5278676093 39.6565389915 40.5070378613 0.0587493373438 0.0508319580746 0.24133816816 454.975976885 0.210734650124 0.0150522482007 0.0529712502369 0.0257050826504 0.746730084679 0.667843013273 0.398822390587
-9999.0 -9999.0 -9999.0 -9999.0 -9999.0 -9999.0 -9999.0 -9999.0 -9999.0 -9999.0 -9999.0 -9999.0 -9999.0 -9999.0 -9999.0 -9999.0 1.36213122186 2.73899675816 12.1428995566 12.8118711377 17.4937369913 18.1105994163 0.619472514235 1.23877685788 2.93089192198 26.7169643437 27.5924277044 27.9209138738 0.247684123338 29.0327560814 29.5402820416 0.340337514428 0.180171300558 0.342551507881 0.662177359776 0.157613746716 0.305013641257 0.638767185526 0.787587409289 0.148859676486 0.0888450994442 0.170732360647 41.2059779595 41.408194807 41.4507461245 41.8306201085 455.042607224 0.167222294676 0.00796669686461 0.0127967397268 0.0126274607806 0.0133449739407 0.0108620138073 0.0191153192175
-9999.0 -9999.0 -9999.0 -9999.0 -9999.0 -9999.0 -9999.0 -9999.0 -9999.0 -9999.0 -9999.0 -9999.0 -9999.0 -9999.0 -9999.0 -9999.0 0.712316322447 0.696155182892 0.675738135612 1.34842215112 0.579810420063 19.2656150901 19.8227337999 0.595649925644 1.15146434238 0.546208683389 0.42638546646 0.409525520153 28.5694097177 0.156508088638 0.32055982509 0.204136709819 0.190126041133 0.162902521318 0.116810415606 0.123469168585 0.382071381731 0.529748939011 0.093821855527 0.0773912360958 0.173081878901 0.300001904097 0.386288541373 0.103676967895 41.5376071693 41.8767224839 455.092116834 0.25760297802 0.0276260845954 0.0048469617651 0.016205025211 0.00373104935947 0.0028081905929 0.0224063608456
-9999.0 -9999.0 -9999.0 -9999.0 -9999.0 -9999.0 -9999.0 -9999.0 -9999.0 -9999.0 -9999.0 -9999.0 -9999.0 -9999.0 -9999.0 -9999.0 -9999.0 -9999.0 0.684164592852 1.96967093362 2.50667390212 3.07062922168 20.3686084656 20.9156716113 21.4465179408 22.0267340111 22.4220172789 23.2445713273 23.4041704522 23.541493962 23.6752238102 0.159321319445 0.145285757927 0.156989248665 0.530202607549 0.143264328424 0.134753638633 0.09741338049 0.280582871709 0.112569191839 0.0814996031019 0.0739116886202 0.0608031741379 0.121291161487 0.176176692918 42.2391910984 497.642321342 0.0590918052759 0.107513871353 0.00326910893344 0.0196239885641 0.00866078729032 0.00566492351587 0.385233743215
-9999.0 -9999.0 -9999.0 -9999.0 -9999.0 -9999.0 -9999.0 -9999.0 -9999.0 -9999.0 -9999.0 -9999.0 -9999.0 -9999.0 -9999.0 -9999.0 -9999.0 -9999.0 -9999.0 0.568997429425 4.51526025244 8.80610402721 9.38496560861 0.742073717888 1.34407869532 1.89886222975 2.3297531929 5.30058750654 5.47253838428 0.166892579656 0.159970460251 24.0088928681 24.2902030097 24.4193245591 0.621533384939 0.0772964657135 0.213800837156 0.311253311339 0.935426616331 1.14664416451 1.30193197873 0.138992659426 0.192180181218 0.0657970697987 0.130605340217 0.0687350427897 497.773487115 0.0452445087374 0.201330310254 0.0471519738254 0.0924939870248 0.443574330626 0.476570674392 0.891998957092
-9999.0 -9999.0 -9999.0 -9999.0 -9999.0 -9999.0 -9999.0 -9999.0 -9999.0 -9999.0 -9999.0 -9999.0 -9999.0 -9999.0 -9999.0 -9999.0 -9999.0 -9999.0 0.635744184822 2.02892396633 3.96166826975 5.16644920514 13.0673608781 13.7250190385 1.1706646865 1.73223650418 2.18148773357 2.60801725945 5.63065472105 5.96477586731 10.0490800606 10.3165249508 10.4599024698 24.5471563232 25.465671261 0.199709915965 0.14660481026 0.136033329436 0.256127948413 0.112793463191 1.51848662492 1.59205777776 0.252794721666 0.327177462012 0.086739541314 132.388850736 132.537971362 630.401040508 630.682790914 0.0563186531821 0.209961915206 0.197316588117 0.113110587778 1.08591942185
-9999.0 -9999.0 -9999.0 -9999.0 -9999.0 -9999.0 -9999.0 -9999.0 -9999.0 -9999.0 -9999.0 -9999.0 -9999.0 -9999.0 -9999.0 -9999.0 -9999.0 -9999.0 -9999.0 0.726735696661 0.701825088574 1.32357906796 3.1283347623 14.2952726426 0.603849803174 0.595235422031 1.05431465681 1.51120980873 3.44493644768 3.6653723568 0.140406207345 0.189219289037 10.6575944069 10.798497559 36.3976066585 36.5091733712 0.0653937001076 0.055804525583 0.0453520884816 0.0458757255256 0.0534744485326 130.95995005 131.445700868 131.834799191 131.997404196 132.316874277 0.0820587052501 0.296658404654 0.348948801318 631.166982972 631.212665224 631.24929437 631.313488033 631.390489377
-9999.0 -9999.0 -9999.0 -9999.0 -9999.0 -9999.0 -9999.0 -9999.0 -9999.0 -9999.0 -9999.0 -9999.0 -9999.0 -9999.0 -9999.0 -9999.0 -9999.0 -9999.0 -9999.0 -9999.0 0.641487356255 0.672538626858 1.24055136106 16.7093205006 17.2820078712 0.581365559354 1.03475822004 1.50477701814 1.75876404537 0.199478055747 0.416744550622 34.743345446 34.8907926067 35.0297698362 36.1418734417 72.754988889 127.864203426 128.040663804 128.197675694 128.347161523 129.055051868 129.291558562 0.421862984183 0.180125802913 0.114430505103 0.211528575935 0.147312471952 0.236944051614 0.0729165368718 1.7531935992 2.0551150599 2.26951424387 2.29187988088 631.426704243
-9999.0 -9999.0 -9999.0 -9999.0 -9999.0 -9999.0 -9999.0 -9999.0 -9999.0 -9999.0 -9999.0 -9999.0 -9999.0 -9999.0 -9999.0 -9999.0 -9999.0 -9999.0 -9999.0 -9999.0 -9999.0 0.65395797371 1.24740671253 1.84412645466 17.7671184058 0.549756785995 23.8855436931 24.3731514191 24.5642710902 24.787214542 33.8414965288 34.0986098371 0.16114343344 0.847893554161 1.0156721796 0.168131699461 54.9399273406 54.6380981094 0.0867086438427 0.208829047538 0.574395643562 0.130625481842 0.140285886928 0.0920306965758 0.0761520581207 0.0564229761175 0.0689880447143 1.52361310596 1.59733684914 1.69213548207 0.251999054934 0.17427651671 2.36069542456 2.39582914642
-9999.0 -9999.0 -9999.0 -9999.0 -9999.0 -9999.0 -9999.0 -9999.0 -9999.0 -9999.0 -9999.0 -9999.0 -9999.0 -9999.0 -9999.0 -9999.0 -9999.0 -9999.0 -9999.0 -9999.0 -9999.0 0.594580692117 0.552737901078 2.87270745148 21.7703112603 22.8796016045 23.4412442458 0.492347048283 8.61993265273 8.78599066805 8.86554659684 0.23109199466 0.42561175743 0.584277819642 12.9106410629 13.0323141563 13.1351324547 54.4487656418 34.1294855073 0.119454307577 0.125493423682 0.118260257389 0.087849177464 0.943820545002 1.12258834848 1.27566056715 1.36368740643 1.44758701923 11.2188483874 11.2814891578 11.3628372605 11.5341465773 12.199603432 12.2232732861
-9999.0 -9999.0 -9999.0 -9999.0 -9999.0 -9999.0 -9999.0 -9999.0 -9999.0 -9999.0 -9999.0 -9999.0 -9999.0 -9999.0 -9999.0 -9999.0 -9999.0 -9999.0 -9999.0 -9999.0 -9999.0 -9999.0 1.15896866329 1.76808527911 0.605693104871 0.593094495059 7.04347639623 7.55851130292 7.87305254309 2.76692245186 2.90422010308 3.07455817195 3.25148743474 12.6300276755 12.8127427186 6.81249133486 20.0876796276 20.2152691276 34.0374905785 0.250364783796 0.127305694693 0.0815280253582 0.657438095787 0.773434756702 0.0612273276763 0.0557971271479 10.9337431667 11.0861892301 11.1635397182 0.0814152710322 0.12211006408 12.1165988139 0.044372901767 0.187436014986
-9999.0 -9999.0 -9999.0 -9999.0 -9999.0 -9999.0 -9999.0 -9999.0 -9999.0 -9999.0 -9999.0 -9999.0 -9999.0 -9999.0 -9999.0 -9999.0 -9999.0 -9999.0 -9999.0 -9999.0 -9999.0 -9999.0 0.579483008129 1.14560209744 4.73931929981 5.35499896968 5.94462830637 2.25013674447 2.61835625291 0.167267496691 8.92005994152 9.06104936836 9.20676324657 0.166783342589 6.48016487193 6.67166541573 0.132260582472 33.3775156025 0.289530676522 0.142584485994 0.360284758156 0.488146739399 0.0903915288672 0.069878200193 10.1355035354 10.7937475103 10.8882061474 0.094268799555 0.194538613664 0.242748700893 0.285230115878 0.530652565507 0.0682751263635 0.155603242851
