data/baseflow/History/mHMbfrc491
ncols                  80
nrows                 72
xllcorner      4374000.0
yllcorner      5656000.0
cellsize            500
NODATA_value       -9999
[rows 24 to 47 of 72, columns 0 to 53 of 80]
-9999.0 -9999.0 -9999.0 -9999.0 -9999.0 -9999.0 -9999.0 -9999.0 -9999.0 -9999.0 -9999.0 -9999.0 0.806493513502 2.16629235584 2.80491926938 4.69625157279 0.500819214961 1.02852590303 1.51072420305 6.22801523621 6.60171155823 6.89508150956 7.22533714426 7.63318082832 12.2999673331 13.490252252 14.0762910171 0.199159498386 1.52798837586 1.71847775834 25.5684454183 26.2449921639 26.586968633 26.9462483777 27.2044488988 105.025157369 0.356723294584 222.961992123 0.250173520056 0.115323872085 1.57109462141 1.39273027563 0.180740232005 0.755528823588 1.12289178275 1.10134170456 0.754226660697 1.24417704767 1.97174578607 0.742903406539 1.90442215343 0.13925154422 0.220492818757 0.0456979028193
-9999.0 -9999.0 -9999.0 -9999.0 -9999.0 -9999.0 -9999.0 -9999.0 -9999.0 -9999.0 -9999.0 -9999.0 0.728405591694 1.44009762578 0.657021617025 1.29737835364 0.523679049577 4.28653718831 5.26116973259 5.76741271471 0.451205882125 0.86099017109 9.44485444136 11.557706514 11.9490151164 0.778442767078 0.855836796128 1.21226954898 0.160746091577 0.142658867729 0.268226143037 0.122820249763 16.6680572729 16.8070512409 16.9329797726 105.312380528 224.418741109 223.079334545 0.188059808795 0.100329559003 0.0906697263024 0.354352375637 0.281288278417 0.896491070906 1.3084631609 2.65720928062 0.244637602138 0.242943685944 2.15259985406 2.33830727126 4.59287322649 4.70173282886 4.97469369262 5.06383283113
-9999.0 -9999.0 -9999.0 -9999.0 -9999.0 -9999.0 -9999.0 -9999.0 -9999.0 -9999.0 -9999.0 -9999.0 -9999.0 0.668604007304 1.35108203687 2.04883868327 3.17674560982 0.584729976147 0.507485862668 4.28408868402 4.74073234315 8.65582514942 9.14852355507 1.34266661649 0.418800843177 0.371512173714 0.38234175851 15.770140374 15.9646763863 16.1400896691 16.2823072906 16.5396141638 2.01140823632 2.16516413562 19.2894825195 349.162173324 0.946577788034 0.710752936268 0.305645639407 0.089546494672 0.0752334845809 0.533851590671 0.59563008744 1.02875168986 0.0634786515865 2.73868781445 0.368558780012 0.359446841933 0.0561194704772 0.0416324436883 0.0420726883776 0.0588886454352 0.0455681034205 5.11011701374
-9999.0 -9999.0 -9999.0 -9999.0 -9999.0 -9999.0 -9999.0 -9999.0 -9999.0 -9999.0 -9999.0 -9999.0 -9999.0 -9999.0 0.630510433104 1.37063931127 2.06842512131 2.76893772728 3.27438846884 3.80277909171 1.51690137183 2.56180980644 0.480851567111 0.444998979795 13.8611524605 14.7072746391 15.0799343253 15.481730262 0.279124699497 0.477578931576 1.34519459199 1.63760881628 1.8401436759 0.17832398805 0.23113581466 349.861482924 0.23750981652 0.297110822233 0.161940617236 0.413755950108 0.188398916884 0.126796241722 1.72131638228 1.85855664515 0.0676114796879 2.8259881771 3.27004973628 0.449934336251 70.8360584751 70.7253875309 70.6331361417 70.4097211338 70.2942722167 68.5502396417
-9999.0 -9999.0 -9999.0 -9999.0 -9999.0 -9999.0 -9999.0 -9999.0 -9999.0 -9999.0 -9999.0 -9999.0 -9999.0 -9999.0 0.22659837749 0.510477188403 0.741620984144 7.39961917153 7.92280045681 0.538535553431 0.514565771581 0.524182223276 12.006129232 13.0108636205 0.47902154816 0.480815144488 0.368613866641 1.55950821278 1.94501479353 0.867533499851 1.10793667077 9.34590545056 9.58472644669 10.0671666444 15.9916004436 366.034888358 0.268171265198 0.136133224804 0.659929671014 0.537411558931 0.0939118768467 0.324009191173 0.424360684887 1.97329167881 2.07893344359 5.53317721143 3.30825785396 0.495659927026 72.5527866449 0.840461839537 70.5416649405 70.4799338091 1.62202695409 0.0967330291781
-9999.0 -9999.0 -9999.0 -9999.0 -9999.0 -9999.0 -9999.0 -9999.0 -9999.0 -9999.0 -9999.0 -9999.0 -9999.0 -9999.0 1.13975947949 1.87926947145 3.81245929266 6.7563167896 8.64948877708 10.013684346 10.523965733 11.0515586972 11.5617884396 0.485236353417 0.417790213509 0.820141685798 0.773407512762 0.41539227466 8.12452655989 8.49754069582 8.84090294691 9.16039816656 5.02151005634 5.20678534214 5.59787600174 366.19305498 0.483517543336 0.450816694876 1.19999590658 0.11290834204 0.264485023119 0.15677060377 0.0920112123823 0.546263942124 0.0835076219203 0.0879470356958 78.5524392609 72.9500963404 72.8599471455 0.319857975161 0.769553102271 0.459652259057 0.0810095141567 1.35383239966
-9999.0 -9999.0 -9999.0 -9999.0 -9999.0 -9999.0 -9999.0 -9999.0 -9999.0 -9999.0 -9999.0 -9999.0 -9999.0 -9999.0 0.795171311871 0.756666005767 1.48597978679 2.2361293459 0.72834046394 0.706445285132 1.26955995238 1.81001373776 2.83383728662 3.33218403908 3.74359294368 4.99498166905 5.37957550601 5.82838658983 0.405943257389 4.02950793318 4.33724800236 4.60246820338 0.205975310934 0.144123566205 0.254500185818 372.287027848 372.438020803 373.230590454 1.52755291388 0.236087117849 0.411158433558 0.110182531946 0.168925462972 0.63436227158 0.789832122465 0.162424628586 78.984088815 0.160327729623 0.179835056241 0.184798417195 0.187918661932 0.293099716446 0.130094276995 0.960532090192
-9999.0 -9999.0 -9999.0 -9999.0 -9999.0 -9999.0 -9999.0 -9999.0 -9999.0 -9999.0 -9999.0 -9999.0 -9999.0 -9999.0 -9999.0 0.720561654361 1.42143667817 0.694515605995 1.44850128743 8.64653719011 9.21056496461 9.70571715174 0.505515424731 0.504330158009 0.917385143572 1.35184533219 2.10554718874 2.51028727194 2.8447738636 3.24717021386 0.290499398877 0.247859879834 5.22181654293 5.40318850966 5.52973477504 5.67486706782 4.93033672821 378.758871748 381.134776354 381.228861707 381.713867817 382.145171773 382.408425427 0.0822410436461 0.864760042445 79.0666226602 0.185733529218 0.0948536457423 0.159198836443 0.158078368607 0.255721410995 0.169877485398 0.0990857285268 0.139859159308
-9999.0 -9999.0 -9999.0 -9999.0 -9999.0 -9999.0 -9999.0 -9999.0 -9999.0 -9999.0 -9999.0 -9999.0 -9999.0 -9999.0 -9999.0 -9999.0 2.10914569017 2.81518029549 4.96387731247 6.43055876202 0.741833730844 11.0497106226 11.5392231665 11.9802760768 0.431782508497 0.843023874384 0.366988870662 2.82629568506 3.09939933575 3.55671461605 4.04213321961 4.87947669876 5.06344139478 0.116947925479 4.32151121428 4.6262169954 4.79339622807 5.37454817899 0.711610420094 0.428378906835 0.234636613469 0.207105366541 382.686679831 382.831824896 384.32963462 79.1567457166 0.59583146332 0.327545212564 0.235128109839 0.0605805971191 0.614897014159 0.281460901047 0.0907536937986 0.479631459198
-9999.0 -9999.0 -9999.0 -9999.0 -9999.0 -9999.0 -9999.0 -9999.0 -9999.0 -9999.0 -9999.0 -9999.0 -9999.0 -9999.0 -9999.0 -9999.0 0.739626093332 3.53784017652 4.28997933569 0.746070942245 0.538411570519 1.12976301398 1.65611757844 14.0977337757 0.427435442526 1.72194968266 2.10717777179 2.48365488965 0.325734222564 0.720357529004 0.891019580974 3.35252541876 3.7448658308 3.89980451565 0.159446389682 0.138254191519 0.150068755297 0.270818782188 0.116659800404 0.120888891675 0.169601955813 0.125353136739 0.157624459213 0.535417449072 384.469920293 463.990661474 0.739305878013 0.122226884611 0.0798591106611 1.78997036828 1.656414754 0.939313462764 0.831430687003 0.603908226439
-9999.0 -9999.0 -9999.0 -9999.0 -9999.0 -9999.0 -9999.0 -9999.0 -9999.0 -9999.0 -9999.0 -9999.0 -9999.0 -9999.0 -9999.0 0.634226504541 2.04619301639 0.671411448257 0.663011030358 0.596819844614 1.1436609231 1.69169898046 2.22171470107 16.9382676586 17.3432058034 0.419858339955 0.802336097308 1.19059914904 1.49471783739 1.78862995855 2.87820206147 3.1934236769 0.193741660962 0.151890902829 0.137355079994 0.118768457726 0.169697391443 0.176983160944 0.192422606125 0.223412175212 0.689482776225 0.320730438009 0.198909241345 0.198794147608 0.131847450846 0.242038018543 470.843780387 6.04361595923 2.38270159613 0.374002948467 0.187264947764 0.113257270064 0.311314871254 0.184954675326
-9999.0 -9999.0 -9999.0 -9999.0 -9999.0 -9999.0 -9999.0 -9999.0 -9999.0 -9999.0 -9999.0 -9999.0 -9999.0 -9999.0 0.665793508238 1.28880796684 4.63980192001 0.65669616552 1.36798577253 1.93593989002 2.45291406167 0.550325017168 1.01171715413 1.6021085481 19.5206988162 0.390204734288 0.74283431911 1.10791480605 0.356850075076 0.697597703616 0.878209691664 1.12976947115 32.1336430654 32.4658202452 32.8477891243 34.4353136963 34.8559154725 35.8966688072 0.398830475515 0.841325940119 0.869331955213 39.4622089404 39.7790451407 0.182506170069 0.273260717411 0.363222643519 471.005415842 5.84429154518 2.97758821508 2.75679585247 2.28947866693 2.00402562977 0.40961761815 0.11466648705
-9999.0 -9999.0 -9999.0 -9999.0 -9999.0 -9999.0 -9999.0 -9999.0 -9999.0 -9999.0 -9999.0 -9999.0 -9999.0 -9999.0 0.672997154931 2.04621131531 7.35878788863 10.8746745359 0.595539664129 14.2628351968 17.3519230975 0.497831563398 0.949363366073 1.49536048231 23.9108865874 24.3966218467 0.31044024649 1.73766905512 2.03943011099 2.29963012594 29.9489267808 30.4932329601 30.8661750762 0.194046346332 1.09461925848 1.32573362802 0.525761986536 0.736254220188 36.9678403597 38.1487940387 38.3231023141 38.4880319262 39.9927253791 0.104630280081 0.0972599364081 0.553713232319 471.199526839 0.247993969566 0.0898417944546 0.275404448809 0.107466866641 1.71693591944 1.53522514152 0.931967539029
-9999.0 -9999.0 -9999.0 -9999.0 -9999.0 -9999.0 -9999.0 -9999.0 -9999.0 -9999.0 -9999.0 -9999.0 -9999.0 -9999.0 -9999.0 -9999.0 1.43166557298 2.88361176527 12.9086226416 13.633659637 17.9943549299 18.6481070006 0.495498188908 0.991497864656 2.3346365387 24.9645535382 25.6710928469 25.9460051513 0.229618145705 26.9009192959 27.4525038429 0.359972975537 0.187877881974 0.346361776959 0.686306446734 0.171845829914 0.342142660796 0.741430035387 0.924825164671 0.188874581797 0.132397903468 0.259617879778 40.9327606942 41.2278453259 41.3127313496 42.1110974936 471.364763722 0.211462715829 0.0604634713557 0.0785128195035 0.0773336532324 0.0795816912494 0.0703039197278 0.129815718067
-9999.0 -9999.0 -9999.0 -9999.0 -9999.0 -9999.0 -9999.0 -9999.0 -9999.0 -9999.0 -9999.0 -9999.0 -9999.0 -9999.0 -9999.0 -9999.0 0.74688045602 0.730669605716 0.721938195517 1.41171193286 0.636563765753 19.9136904948 20.5142932945 0.470136788994 0.907000993376 0.409707339138 0.343913123881 0.330776494835 26.4774397787 0.179004502365 0.374340160397 0.191193542393 0.182076301328 0.16888357567 0.133949090288 0.139955294036 0.434021732556 0.597509153582 0.121440599117 0.111540024702 0.244758924911 0.409795956008 0.518330726344 0.145767939502 41.4491605601 42.2036657368 471.503519095 0.597846070178 0.159113396245 0.0449345619199 0.112721409166 0.0365183558797 0.0277906216494 0.161157621857
-9999.0 -9999.0 -9999.0 -9999.0 -9999.0 -9999.0 -9999.0 -9999.0 -9999.0 -9999.0 -9999.0 -9999.0 -9999.0 -9999.0 -9999.0 -9999.0 -9999.0 -9999.0 0.723473346522 2.07486846575 2.66875889235 3.28973991363 21.1207410227 21.7232590284 22.3113328101 22.8577292165 23.1758315728 23.8398003647 24.0031719227 24.1690875966 24.305827846 0.151834842269 0.143572870528 0.156584165651 0.578827850419 0.157713959727 0.151998066113 0.117538062931 0.351416607216 0.148920528207 0.117498668622 0.10858111996 0.0924342167449 0.184450839091 0.270649048408 42.7689910532 514.99493513 0.222720695213 0.40043626739 0.0344915542813 0.150237827856 0.0756465041889 0.0559288218349 1.25809461786
-9999.0 -9999.0 -9999.0 -9999.0 -9999.0 -9999.0 -9999.0 -9999.0 -9999.0 -9999.0 -9999.0 -9999.0 -9999.0 -9999.0 -9999.0 -9999.0 -9999.0 -9999.0 -9999.0 0.601788714669 4.76250105518 9.35875369137 9.99768429687 0.680940532361 1.16368247764 1.59945312962 1.93975091265 4.32184292929 4.47557411889 0.150076393681 0.149646119396 24.6728565747 24.9755772732 25.1053948605 0.686663243744 0.103395448251 0.266630322999 0.389572249939 1.16980943733 1.4487467737 1.67507157381 0.20644532395 0.289058035169 0.0996639156557 0.200734583948 0.105202392642 515.184675906 0.194138589961 0.788071319381 0.205984600757 0.412923512021 1.33159587261 1.48945864697 2.85806145227
-9999.0 -9999.0 -9999.0 -9999.0 -9999.0 -9999.0 -9999.0 -9999.0 -9999.0 -9999.0 -9999.0 -9999.0 -9999.0 -9999.0 -9999.0 -9999.0 -9999.0 -9999.0 0.667722518655 2.12513994194 4.16869847017 5.45385043606 13.9280974908 14.5894162329 0.926545680304 1.37040845929 1.74761973632 2.08624223941 4.62885392955 4.92890814781 8.51528990895 8.82253640604 9.0211124955 25.242271701 26.3100670294 0.253783564687 0.172095282903 0.16375485819 0.317141952449 0.148414393547 1.9666208385 2.07517842607 0.386735022598 0.482954844877 0.115874240592 130.986917741 131.224347396 646.544760779 647.580418179 0.215120899071 0.861672883326 0.330831464499 0.250447660922 3.22087591168
-9999.0 -9999.0 -9999.0 -9999.0 -9999.0 -9999.0 -9999.0 -9999.0 -9999.0 -9999.0 -9999.0 -9999.0 -9999.0 -9999.0 -9999.0 -9999.0 -9999.0 -9999.0 -9999.0 0.758553326353 0.739515402364 1.39784200458 3.3253607406 15.2095088568 0.480750440891 0.473406744336 0.836038815699 1.22139119926 2.89073415517 3.10273662747 0.180994039259 0.194457796926 9.21499370844 9.36939211058 35.8398567113 35.9953641552 0.0946190987429 0.0830790673765 0.072422578974 0.0731554523676 0.0803513518937 129.001175612 129.663392228 130.241985746 130.452958281 130.893239783 0.123510536197 0.452823258143 0.556163983632 648.40985307 648.535601261 648.632137854 648.695579116 648.763667557
-9999.0 -9999.0 -9999.0 -9999.0 -9999.0 -9999.0 -9999.0 -9999.0 -9999.0 -9999.0 -9999.0 -9999.0 -9999.0 -9999.0 -9999.0 -9999.0 -9999.0 -9999.0 -9999.0 -9999.0 0.678482882303 0.709897278818 1.32053620351 17.7825057049 18.3969308866 0.459662596722 0.82097991272 1.21877103748 1.49243125866 0.233040387366 0.438331946978 36.1750201443 36.3185538425 36.4977925377 37.7411776983 73.8895085948 125.035886002 125.261403013 125.47282702 125.674115362 126.537704813 126.820330091 0.565502410149 0.257382468033 0.15695408278 0.295580099939 0.224515862203 0.356973560814 0.115955484559 2.35163692457 2.81529201296 3.20345532964 3.25939540689 648.816982137
-9999.0 -9999.0 -9999.0 -9999.0 -9999.0 -9999.0 -9999.0 -9999.0 -9999.0 -9999.0 -9999.0 -9999.0 -9999.0 -9999.0 -9999.0 -9999.0 -9999.0 -9999.0 -9999.0 -9999.0 -9999.0 0.690274471099 1.324423288 1.96133170791 18.9343465155 0.495304031507 25.2543578663 25.6632382584 25.8922780315 26.1093033511 35.2561229161 35.5267567466 0.167438873172 0.88914592174 1.10016308144 0.184171226851 50.9221160236 50.5879429723 0.105904318461 0.249037978854 0.682474858633 0.152904124141 0.167535978965 0.130051628127 0.112858713577 0.0866935560306 0.105612513589 1.9862946924 2.10065425953 2.23842821713 0.337901571173 0.255517196147 3.46147331138 3.56226625663
-9999.0 -9999.0 -9999.0 -9999.0 -9999.0 -9999.0 -9999.0 -9999.0 -9999.0 -9999.0 -9999.0 -9999.0 -9999.0 -9999.0 -9999.0 -9999.0 -9999.0 -9999.0 -9999.0 -9999.0 -9999.0 0.629724715752 0.592936034871 3.06898035288 23.2399662489 24.3560825784 24.8996183174 0.380273101882 8.45070417302 8.67939464756 8.81367718152 0.228818964143 0.42021577325 0.593210406916 11.6628073084 11.7987956297 11.9197413269 50.3638999168 31.519285164 0.139199852095 0.148289241469 0.14083110352 0.111440669562 1.13764778563 1.39419280964 1.61795777734 1.74725426243 1.87162551247 11.7280264824 11.8236811872 11.9190537825 12.1289576517 13.2247233138 13.2782926861
-9999.0 -9999.0 -9999.0 -9999.0 -9999.0 -9999.0 -9999.0 -9999.0 -9999.0 -9999.0 -9999.0 -9999.0 -9999.0 -9999.0 -9999.0 -9999.0 -9999.0 -9999.0 -9999.0 -9999.0 -9999.0 -9999.0 1.23340501955 1.8843887996 0.66458473665 0.475327627202 7.18258964009 7.58166377298 7.84246433933 2.40157175458 2.57895613629 2.76722437076 2.93688046352 11.3521920945 11.5439285316 6.5107050549 18.5829336036 18.7242408282 31.4078605793 0.287298730326 0.147694095581 0.10123408394 0.775539124476 0.914188757611 0.0904253529211 0.0854211678667 11.293552591 11.521770125 11.6407929749 0.103919985851 0.151721258278 13.0483895179 0.106088383465 0.412876889083
-9999.0 -9999.0 -9999.0 -9999.0 -9999.0 -9999.0 -9999.0 -9999.0 -9999.0 -9999.0 -9999.0 -9999.0 -9999.0 -9999.0 -9999.0 -9999.0 -9999.0 -9999.0 -9999.0 -9999.0 -9999.0 -9999.0 0.619357769571 1.2256029227 5.1372240363 5.80145154472 6.31083877602 1.90590140892 2.22061731744 0.200513642777 7.89057318999 8.06715266217 8.23700637519 0.173839875485 6.15828345181 6.35810400533 0.148588380813 30.6610256938 0.322361535358 0.160976753347 0.416196554291 0.564431425825 0.112676020911 0.090222437506 10.2189423636 11.086538007 11.2215341954 0.136326543779 0.298122434598 0.37511399683 0.44778366171 0.859552422688 0.151264872502 0.338470429508
