data/baseflow/History/mHMbfrc245
ncols                  80
nrows                 72
xllcorner      4374000.0
yllcorner      5656000.0
cellsize            500
NODATA_value       -9999
[rows 24 to 47 of 72, columns 0 to 54 of 80]
-9999.0 -9999.0 -9999.0 -9999.0 -9999.0 -9999.0 -9999.0 -9999.0 -9999.0 -9999.0 -9999.0 -9999.0 1.24371139961 3.58388822709 4.71257382686 8.17513534945 1.09252532611 2.18326379133 3.23566654308 12.1008248938 12.9778298172 13.6064075133 14.5472131132 15.5608311881 24.780547881 27.7421638471 29.3137538709 0.614875244066 3.80175265486 4.36371408518 56.7183222251 59.3133081195 60.3684183726 61.4113036946 62.5826387914 229.347227372 0.502101099228 487.830528733 1.39900273784 0.613536159247 4.97389545235 4.28461444617 0.693416717345 2.53992963673 3.5793013512 3.57599344854 2.55004150893 4.20668926281 6.69572449974 2.49381431157 6.64443621033 0.616992078036 0.940915123715 0.325340157044 0.273040114342
-9999.0 -9999.0 -9999.0 -9999.0 -9999.0 -9999.0 -9999.0 -9999.0 -9999.0 -9999.0 -9999.0 -9999.0 1.20576729456 2.39974841335 1.13500448455 2.30576807877 1.090452912 7.87943110886 9.99460443063 11.0762684137 1.01987105532 1.94503904277 18.4403471493 23.028970957 23.8455306133 1.9957774607 1.94434202368 2.75159066982 0.528320247011 0.505303642359 0.988995093849 0.512325468642 28.6841551101 29.2835657159 29.9313419221 229.956999708 492.765490288 488.527083621 1.03228080426 0.424144133929 0.396463231185 1.62301524647 1.20251392422 3.10507710995 4.29555415274 8.67697634171 0.807508080989 0.809330250504 7.41829725345 8.14779954348 16.1938989099 16.7857421792 18.0518610603 18.666055709 0.55895645237
-9999.0 -9999.0 -9999.0 -9999.0 -9999.0 -9999.0 -9999.0 -9999.0 -9999.0 -9999.0 -9999.0 -9999.0 -9999.0 1.17080396427 2.32082972092 3.46664498666 5.67764162863 1.13258972724 1.0744686035 7.35927445484 8.37327560352 16.6998694438 17.692241397 2.84545307159 1.0412224683 1.02711306509 0.961303555005 25.3323387947 26.0172323196 26.5899993945 27.0940139948 28.1217178273 5.76537486247 6.42976650685 36.9820981096 760.000531404 3.58913076676 3.0569736415 1.52606855668 0.397333511742 0.360749922438 2.41780584405 2.7496074117 3.91215919487 0.413398978512 9.17464655278 1.40316262912 1.3842848163 0.404538232154 0.309418400992 0.275345010398 0.280770600801 0.281765146278 18.9651321699 270.419927875
-9999.0 -9999.0 -9999.0 -9999.0 -9999.0 -9999.0 -9999.0 -9999.0 -9999.0 -9999.0 -9999.0 -9999.0 -9999.0 -9999.0 1.13659574164 2.19078181576 3.14198589586 4.12785347737 5.21036602966 6.30754560772 3.24354152843 5.35297440035 1.0085718964 1.00917273623 20.4578223897 22.4570735844 23.4155907661 24.4542079254 0.8548816761 1.56282271135 3.96184293434 4.59541237047 5.17577146908 0.719816070051 0.610124369633 761.611944464 0.561387295233 0.880677913902 0.422612987432 1.49677498861 0.725976001061 0.390772052209 7.07411349965 7.42522237688 0.31198866066 9.50616483076 11.2020790471 1.66584426486 282.315992448 281.628635512 281.012376877 279.781184263 279.236051251 271.604240837 271.310067176
-9999.0 -9999.0 -9999.0 -9999.0 -9999.0 -9999.0 -9999.0 -9999.0 -9999.0 -9999.0 -9999.0 -9999.0 -9999.0 -9999.0 0.217792328829 0.512810319556 0.942978910429 8.00950027859 9.12905604957 1.11849124009 1.08626856176 1.06267719999 16.4184295232 18.4696984572 1.00569089199 1.03741370347 0.95334401065 3.83812906589 4.78377997585 2.54837514602 3.1830798155 21.1325201036 21.8923523098 23.3415299854 37.6291764157 799.574149637 0.546708719672 0.37649150467 2.20508971543 1.84724647775 0.344211163233 1.10032688257 1.45688327933 7.81210174516 8.15032970784 20.2179660303 11.4448193306 1.86104321601 288.779336241 3.21158987397 280.43349203 280.118782962 7.11405089204 0.387312835252 0.654147939089
-9999.0 -9999.0 -9999.0 -9999.0 -9999.0 -9999.0 -9999.0 -9999.0 -9999.0 -9999.0 -9999.0 -9999.0 -9999.0 -9999.0 1.13126605647 1.84359940704 3.95941922257 6.89347694874 9.98639679762 12.1900387035 13.2829901443 14.3656774242 15.4199381934 1.02032092727 0.985212475439 1.95419797444 1.92257584689 0.96880723723 18.1160655684 19.0508729349 19.9488608962 20.7883726623 12.1499964685 12.8755792862 13.6391756667 799.855877416 0.903295975367 0.963017690531 3.37711605185 0.318761325793 0.689552157203 0.347492417919 0.336984543906 1.78425711671 0.291992233261 0.307061682523 310.641507156 290.165291793 289.852775042 1.16646654824 2.94504226028 1.946965652 0.501625341172 6.43354007673 1.98794561078
-9999.0 -9999.0 -9999.0 -9999.0 -9999.0 -9999.0 -9999.0 -9999.0 -9999.0 -9999.0 -9999.0 -9999.0 -9999.0 -9999.0 0.794701346972 0.732317368309 1.42702722002 2.19583161867 1.10634780348 1.13368664883 2.22222499713 3.30575043314 5.39907218918 6.44984517131 7.47122691317 10.4531133458 11.4247276306 12.4153815061 0.949505945834 9.31738306515 10.1616321576 10.8758133394 0.571821299207 0.285719799244 0.523438066335 813.503162706 813.777438052 815.229365246 4.23988803518 0.630187888119 1.09574525776 0.335476452333 0.615548391696 2.07015319832 2.62457350487 0.572184818063 312.025807734 0.435032071251 0.659982710245 0.727348824682 0.569483643947 1.04777624979 0.452995763679 3.9453886461 3.0880082999
-9999.0 -9999.0 -9999.0 -9999.0 -9999.0 -9999.0 -9999.0 -9999.0 -9999.0 -9999.0 -9999.0 -9999.0 -9999.0 -9999.0 -9999.0 0.689654910809 1.36793941735 0.694487356211 1.44979201437 9.17395425248 10.2371184826 11.3249438354 1.04464156528 1.05078835445 2.0764735487 3.09184822014 5.0354002784 6.00531214975 6.5169194317 7.43038120616 0.838478637067 0.755743445609 12.0000220835 12.2775091036 12.551930861 12.8339611341 10.5345415299 826.949299915 833.068827075 833.339253473 834.684596422 836.0311417 837.030979775 0.324238533272 2.90213455663 312.347306227 0.839414149865 0.428636168118 0.387223473634 0.323383932584 0.583456828652 0.591736453813 0.331086391136 0.437691363232 0.426621122866
-9999.0 -9999.0 -9999.0 -9999.0 -9999.0 -9999.0 -9999.0 -9999.0 -9999.0 -9999.0 -9999.0 -9999.0 -9999.0 -9999.0 -9999.0 -9999.0 2.03542397605 2.80362069083 5.04431586116 6.86285144735 1.01414963843 13.4682481603 14.5099315656 15.5561002007 1.05106769195 2.07881486133 0.983931941464 7.01816568116 7.50165897197 8.29779604055 9.17737135972 11.2694905376 11.5160108071 0.166486127492 9.43026161266 9.99245386484 10.2638435178 11.4348312595 1.59711695068 1.0541036743 0.683440455352 0.652405053134 837.991400188 838.494481159 843.492314645 312.705120523 2.14183800769 0.974227232326 0.651575517546 0.225205971774 1.80047875693 0.946656462162 0.306736943318 1.65101527312 1.37814584999
-9999.0 -9999.0 -9999.0 -9999.0 -9999.0 -9999.0 -9999.0 -9999.0 -9999.0 -9999.0 -9999.0 -9999.0 -9999.0 -9999.0 -9999.0 -9999.0 0.758128949302 3.54268326152 4.3311106607 1.07799835536 1.10123765817 2.18507556424 3.23808885906 19.8545743354 1.04724096479 4.1857832818 5.18364117294 6.15587414129 0.514467683634 1.26510174711 1.68110236839 7.63262770654 8.4874731272 8.71423454033 0.2732117166 0.280643873258 0.339766847984 0.622694652221 0.27091645605 0.290279091855 0.598395207609 0.454226434649 0.597796161678 1.70043279805 844.028746683 1158.13029291 2.57706574879 0.329468075946 0.220356064879 5.61436819236 5.13210336576 3.02462868539 2.71612437803 2.04136453121 0.435418461609
-9999.0 -9999.0 -9999.0 -9999.0 -9999.0 -9999.0 -9999.0 -9999.0 -9999.0 -9999.0 -9999.0 -9999.0 -9999.0 -9999.0 -9999.0 0.617183897892 2.08628234835 0.704111025086 1.1920289601 1.17321689985 2.27550689162 3.34649668544 4.36488655821 25.0482569198 26.081770123 1.04976898012 2.05550119152 3.06431960413 3.74198110832 4.50930475237 6.71855155256 7.35380836055 0.536946641135 0.474933206234 0.42961524676 0.654617846866 0.6004061062 0.581455442737 0.489191195409 0.557552927252 2.14643842858 0.996393102047 0.461802100416 0.446321495427 0.477073698263 0.919381071982 1174.09245407 13.0550047703 6.51765451399 0.425850873868 0.17988127048 0.200853316408 0.757656834326 0.542075895655 0.284416216593
-9999.0 -9999.0 -9999.0 -9999.0 -9999.0 -9999.0 -9999.0 -9999.0 -9999.0 -9999.0 -9999.0 -9999.0 -9999.0 -9999.0 0.654011514781 1.25265631341 4.65571752365 0.685285723912 2.27754585824 3.44339786107 4.5790648228 1.13565138717 2.20136753646 3.1900547136 30.0838145005 1.02513312628 2.00713189992 2.98532360599 0.924568685059 1.82733495316 2.33930914457 2.97167004339 62.1434776741 63.1976455287 64.1760049434 68.7082240535 70.5210003041 74.2294619169 1.00228496138 2.12491070661 2.68985073773 86.0234151731 86.9532793311 0.427030823235 0.825261276082 1.21148112157 1174.47493045 12.4495963918 5.42726348594 5.23575069962 4.42203354557 4.02548206718 1.00882622616 0.234797763589 0.497199035989
-9999.0 -9999.0 -9999.0 -9999.0 -9999.0 -9999.0 -9999.0 -9999.0 -9999.0 -9999.0 -9999.0 -9999.0 -9999.0 -9999.0 0.666821447106 2.00921630059 7.32416717679 10.7592151721 0.62386984631 14.3346492477 19.7166649327 1.10513066788 2.16744674918 3.20082173102 39.2594415724 40.1716053488 0.972511333669 4.93819135372 5.87007336014 6.6213780354 55.7808895847 57.5122845484 58.6165620574 0.542153834883 3.18713614796 3.78326117202 1.83108254159 2.65934779788 78.0558878497 81.426266588 82.1416373048 82.8317110338 87.9385617326 0.484532515157 0.438866871635 2.0283491622 1174.87663194 0.309768994092 0.218752809651 0.644595218716 0.239161875337 3.66307931694 3.09203491188 1.80445205072 1.33357673323
-9999.0 -9999.0 -9999.0 -9999.0 -9999.0 -9999.0 -9999.0 -9999.0 -9999.0 -9999.0 -9999.0 -9999.0 -9999.0 -9999.0 -9999.0 -9999.0 1.39958065496 2.81298320578 12.806979421 13.5565982098 20.3771493075 21.1819084577 1.09117345348 2.17831025842 5.29102815795 40.9416571634 42.8763174476 43.7529911982 0.771555698136 46.8454441419 48.5832193358 1.12983411624 0.547333597812 1.10435508048 2.15197401446 0.516052143645 1.07107576459 2.51437030218 3.17333275345 0.579888518524 0.437832193647 0.893519285199 90.9341001594 91.8739377663 92.2745299127 95.1954570888 1175.25852641 0.201811128195 0.164717734383 0.186918730606 0.184212598016 0.188231668617 0.173718444302 0.327607695222 0.169473148807
-9999.0 -9999.0 -9999.0 -9999.0 -9999.0 -9999.0 -9999.0 -9999.0 -9999.0 -9999.0 -9999.0 -9999.0 -9999.0 -9999.0 -9999.0 -9999.0 0.729657678565 0.715099002556 0.721886131619 1.56985035985 0.697821753367 22.557412502 23.3083460165 1.05396385895 2.10085799422 1.08364486903 0.968349575741 0.954813513678 45.4342024694 0.554618259954 1.11136823988 0.620962352304 0.593836184899 0.532867792021 0.457562938355 0.468744548538 1.41834915879 1.92058707671 0.408678426957 0.370566647768 0.77446739895 1.23918372757 1.55228756776 0.400399855462 92.7420602222 95.6050397304 1175.54805863 0.892368931785 0.509357506966 0.121785432132 0.285460365329 0.1036484165 0.0855500210319 0.421697310016 0.888501650079
-9999.0 -9999.0 -9999.0 -9999.0 -9999.0 -9999.0 -9999.0 -9999.0 -9999.0 -9999.0 -9999.0 -9999.0 -9999.0 -9999.0 -9999.0 -9999.0 -9999.0 -9999.0 0.709428845495 2.23026320153 2.83596444445 3.50334268038 23.9618424106 24.6160444127 25.3316210404 26.2829166771 27.227025339 29.1468252944 29.7157704341 30.2388983473 30.7772095635 0.556889896765 0.538549756645 0.543935391187 1.95159572489 0.499105799802 0.483457978551 0.418955393212 1.22555134097 0.446783803612 0.372076902956 0.353355022625 0.309023027775 0.617057536369 0.896958512119 97.4630391102 1274.23351697 0.17996930578 0.456537190031 0.105720572496 0.39792949184 0.226277291981 0.172198496898 2.05710065304 1.49164121363
-9999.0 -9999.0 -9999.0 -9999.0 -9999.0 -9999.0 -9999.0 -9999.0 -9999.0 -9999.0 -9999.0 -9999.0 -9999.0 -9999.0 -9999.0 -9999.0 -9999.0 -9999.0 -9999.0 0.604087409115 4.73760407723 9.55207431869 10.2915445238 1.04128483857 2.09933680847 3.1470955963 4.14150106296 10.1880192588 10.7703490773 0.568380750762 0.563449162344 31.9210249458 32.9899100414 33.5009402237 2.38287799003 0.400325331051 0.916238643478 1.35114102654 3.99544281347 4.86138659612 5.58539893962 0.68213210261 0.965294657113 0.321675446491 0.632234795328 0.318650022647 1274.88340874 0.194234750065 0.805853964262 0.372290433416 0.982956369722 1.94055373707 2.21829154423 4.3735820198 2.01568225013
-9999.0 -9999.0 -9999.0 -9999.0 -9999.0 -9999.0 -9999.0 -9999.0 -9999.0 -9999.0 -9999.0 -9999.0 -9999.0 -9999.0 -9999.0 -9999.0 -9999.0 -9999.0 0.666749570827 2.1118473117 4.14324252121 5.42301614702 14.2259424862 15.126973313 2.13256060908 3.16843497576 4.12934875736 5.12086049514 11.3398830904 12.484372245 21.8339847944 22.540784101 23.0480251808 34.0131502051 37.7595578833 0.905677487872 0.542212355101 0.526888429775 1.02089321921 0.471673461102 6.47905650424 6.83056903836 1.27417580137 1.57477260491 0.294968738115 248.243584453 248.885153107 1524.21638378 1525.31471313 0.167552656037 1.33312169882 0.198125783189 0.194719041163 4.82813060169 7.04491921727
-9999.0 -9999.0 -9999.0 -9999.0 -9999.0 -9999.0 -9999.0 -9999.0 -9999.0 -9999.0 -9999.0 -9999.0 -9999.0 -9999.0 -9999.0 -9999.0 -9999.0 -9999.0 -9999.0 0.75055354391 0.73219969739 1.39291052387 3.32401427732 15.7745041591 1.07930336482 1.06981042653 2.0399941952 3.0073161218 7.29752801918 7.94586603095 0.418687191298 0.466458456981 23.6767984331 24.2044856288 62.4290552133 62.8625058011 0.379251619588 0.350878223337 0.310134189785 0.312303080529 0.311816680421 242.28231861 244.242857365 246.131621971 246.711628077 247.946355182 0.340111170173 1.28246927127 1.6552200309 1527.60713574 1527.80937191 1528.14315881 1528.4930643 1528.74534584 7.36521377957
-9999.0 -9999.0 -9999.0 -9999.0 -9999.0 -9999.0 -9999.0 -9999.0 -9999.0 -9999.0 -9999.0 -9999.0 -9999.0 -9999.0 -9999.0 -9999.0 -9999.0 -9999.0 -9999.0 -9999.0 0.678262409481 0.706237862083 1.32044116298 18.3709164759 19.1581881739 1.06226645188 2.03225708572 3.00779501566 3.67856163097 0.598183925798 1.23598581919 46.861819897 47.431914676 47.8856584212 51.5489039791 114.858277763 228.985492258 229.815207394 230.588525048 231.340694599 234.212553772 235.095105288 1.62564927413 0.755535407972 0.41847321335 0.801889993318 0.635274216113 0.99235085148 0.31814928809 7.0620556733 7.67738103093 8.1414390334 8.37824427057 1529.00627789 1536.71911619
-9999.0 -9999.0 -9999.0 -9999.0 -9999.0 -9999.0 -9999.0 -9999.0 -9999.0 -9999.0 -9999.0 -9999.0 -9999.0 -9999.0 -9999.0 -9999.0 -9999.0 -9999.0 -9999.0 -9999.0 -9999.0 0.69093258413 1.33049865642 1.97320712266 19.7229152955 0.927481428676 27.6539218471 28.6547543122 29.2687634342 29.9140725303 44.3047348694 44.9824368219 0.588659437474 2.73409875617 3.29900434437 0.56539485077 113.289003302 112.238095989 0.395762362841 0.854485582568 2.19384379179 0.461298872088 0.467138041079 0.380998823196 0.332087341105 0.277830619709 0.304207471158 6.03423251916 6.34226740237 6.6944839531 0.292449652171 0.219938893207 8.52701256737 8.78853651615 8.9754594449
-9999.0 -9999.0 -9999.0 -9999.0 -9999.0 -9999.0 -9999.0 -9999.0 -9999.0 -9999.0 -9999.0 -9999.0 -9999.0 -9999.0 -9999.0 -9999.0 -9999.0 -9999.0 -9999.0 -9999.0 -9999.0 0.636137826795 0.601073675614 3.10792822911 24.1769379434 25.7785446122 26.6900374166 1.04523198493 13.0108380106 13.5429384829 13.7874855357 0.60793148475 1.24592059788 1.81298948181 26.8839873498 27.354773024 27.7867153422 111.408148159 65.9529646409 0.455279591944 0.451795951957 0.440636301249 0.371465903527 3.64256740176 4.36555834012 5.02192699282 5.37163331571 5.71213487181 32.6769451422 32.9444934151 33.2094834532 33.8515080594 37.0544397116 37.2678722738 46.4815959708
-9999.0 -9999.0 -9999.0 -9999.0 -9999.0 -9999.0 -9999.0 -9999.0 -9999.0 -9999.0 -9999.0 -9999.0 -9999.0 -9999.0 -9999.0 -9999.0 -9999.0 -9999.0 -9999.0 -9999.0 -9999.0 -9999.0 1.2490679265 1.90671285025 0.762537028108 1.07488594967 9.28742436112 10.3537785764 11.2066045073 5.60468554574 6.15988698089 6.76299516508 7.35882394607 25.8772966945 26.4368921269 16.2619377586 44.5437603569 45.0194136872 65.5458341408 0.909053817083 0.451370727466 0.363824361511 2.49213568882 2.91092623255 0.286215640199 0.268582316805 31.4931457913 32.1126888313 32.4186803432 0.324241514549 0.465078387579 36.4787447925 0.381470984545 1.47293443063 1.66006879868
-9999.0 -9999.0 -9999.0 -9999.0 -9999.0 -9999.0 -9999.0 -9999.0 -9999.0 -9999.0 -9999.0 -9999.0 -9999.0 -9999.0 -9999.0 -9999.0 -9999.0 -9999.0 -9999.0 -9999.0 -9999.0 -9999.0 0.62739059297 1.24356818759 5.39745848935 6.19352916962 7.20130795129 4.13704783483 5.06132931616 0.554584904396 16.8720274727 17.4080232804 17.9599684574 0.552366071518 15.190449873 15.7601983742 0.480939038699 63.199964229 0.982958389809 0.487431776707 1.31070388557 1.76312023278 0.370593086228 0.323051282896 28.4337972691 30.9150422084 31.2684299478 0.356551448458 0.82494056945 1.05513740695 1.25849380155 2.42347675096 0.542682550327 1.19550011899 0.259256615772
