data/baseflow/History/mHMbfrc534
ncols                  80
nrows                 72
xllcorner      4374000.0
yllcorner      5656000.0
cellsize            500
NODATA_value       -9999
[rows 0 to 23 of 72, columns 0 to 54 of 80]
-9999.0 -9999.0 -9999.0 -9999.0 -9999.0 -9999.0 -9999.0 -9999.0 -9999.0 -9999.0 -9999.0 -9999.0 1.06605711875 0.973908717966 -9999.0 -9999.0 -9999.0 -9999.0 -9999.0 -9999.0 -9999.0 -9999.0 -9999.0 -9999.0 -9999.0 -9999.0 -9999.0 -9999.0 -9999.0 -9999.0 -9999.0 -9999.0 -9999.0 -9999.0 -9999.0 -9999.0 -9999.0 -9999.0 -9999.0 -9999.0 -9999.0 -9999.0 -9999.0 -9999.0 -9999.0 -9999.0 -9999.0 -9999.0 -9999.0 -9999.0 -9999.0 -9999.0 -9999.0 -9999.0 -9999.0
-9999.0 -9999.0 -9999.0 -9999.0 -9999.0 -9999.0 -9999.0 -9999.0 -9999.0 -9999.0 -9999.0 -9999.0 2.09772136864 4.93214574798 0.855660605086 -9999.0 0.698434661083 -9999.0 -9999.0 -9999.0 -9999.0 -9999.0 -9999.0 -9999.0 -9999.0 -9999.0 -9999.0 -9999.0 -9999.0 -9999.0 -9999.0 -9999.0 -9999.0 -9999.0 -9999.0 -9999.0 -9999.0 -9999.0 -9999.0 -9999.0 -9999.0 -9999.0 -9999.0 -9999.0 -9999.0 -9999.0 -9999.0 -9999.0 -9999.0 -9999.0 -9999.0 -9999.0 -9999.0 -9999.0 -9999.0
-9999.0 -9999.0 -9999.0 -9999.0 -9999.0 -9999.0 -9999.0 -9999.0 -9999.0 -9999.0 0.968325113918 0.945463861 0.989852628943 0.971555433267 6.78272352147 7.69528131772 1.95092496929 0.617050165602 -9999.0 -9999.0 -9999.0 -9999.0 -9999.0 -9999.0 -9999.0 -9999.0 -9999.0 -9999.0 -9999.0 -9999.0 -9999.0 -9999.0 -9999.0 -9999.0 -9999.0 -9999.0 -9999.0 -9999.0 -9999.0 -9999.0 -9999.0 -9999.0 -9999.0 -9999.0 -9999.0 -9999.0 -9999.0 -9999.0 -9999.0 -9999.0 -9999.0 -9999.0 -9999.0 -9999.0 -9999.0
-9999.0 -9999.0 -9999.0 -9999.0 -9999.0 -9999.0 -9999.0 -9999.0 -9999.0 0.936751001608 1.91003415472 3.79551754249 1.90669981879 0.926665042504 1.82873392316 8.58676889483 12.0830417995 0.727593682101 -9999.0 0.964021763328 -9999.0 -9999.0 -9999.0 -9999.0 1.35044424832 0.679225974546 -9999.0 -9999.0 -9999.0 -9999.0 -9999.0 -9999.0 -9999.0 -9999.0 -9999.0 -9999.0 -9999.0 -9999.0 -9999.0 -9999.0 -9999.0 -9999.0 -9999.0 -9999.0 -9999.0 -9999.0 -9999.0 -9999.0 -9999.0 -9999.0 -9999.0 -9999.0 -9999.0 -9999.0 -9999.0
-9999.0 -9999.0 -9999.0 -9999.0 -9999.0 -9999.0 -9999.0 -9999.0 1.05316187357 2.97487198424 3.88981444016 4.80754886997 6.59941574758 0.870919858967 3.53099123116 4.39248145393 18.2650085013 0.919735383222 0.848140936946 1.82718296524 2.67260855128 0.879376086153 -9999.0 3.63208987299 2.96656332677 0.843552099512 -9999.0 -9999.0 -9999.0 -9999.0 -9999.0 -9999.0 -9999.0 -9999.0 -9999.0 -9999.0 -9999.0 -9999.0 -9999.0 -9999.0 -9999.0 -9999.0 -9999.0 -9999.0 -9999.0 -9999.0 -9999.0 -9999.0 -9999.0 -9999.0 -9999.0 -9999.0 -9999.0 -9999.0 -9999.0
-9999.0 -9999.0 -9999.0 -9999.0 -9999.0 -9999.0 1.03636949354 0.940540563967 0.925492158887 0.941290667879 0.969489043816 6.75732566043 14.2905977733 15.2096689878 15.9353807749 0.666680960174 19.8190792073 20.6590583216 1.6438263958 0.849279701508 3.50258445835 6.10074845387 0.908632615229 6.4018894625 0.909047057452 0.947235270524 0.930756032135 -9999.0 -9999.0 -9999.0 -9999.0 -9999.0 -9999.0 -9999.0 -9999.0 -9999.0 -9999.0 -9999.0 -9999.0 -9999.0 -9999.0 -9999.0 -9999.0 -9999.0 -9999.0 -9999.0 -9999.0 -9999.0 -9999.0 -9999.0 -9999.0 -9999.0 -9999.0 -9999.0 -9999.0
-9999.0 -9999.0 -9999.0 -9999.0 -9999.0 -9999.0 2.06433668353 3.03185175229 6.85342986408 9.59868957563 0.867883511156 0.886407943875 0.870639822505 2.53603077778 19.2802091988 0.707467865699 21.4636667033 24.418604406 2.33433957848 1.63577004525 6.89948343602 0.858769700409 7.24180536916 1.71113210944 0.866039404081 1.80011264523 1.84829235002 0.921439462662 0.900591443274 0.880979874729 0.9300202909 1.86325811287 -9999.0 -9999.0 -9999.0 -9999.0 -9999.0 -9999.0 -9999.0 -9999.0 -9999.0 -9999.0 -9999.0 -9999.0 -9999.0 -9999.0 -9999.0 -9999.0 -9999.0 -9999.0 -9999.0 -9999.0 -9999.0 -9999.0 -9999.0
-9999.0 -9999.0 -9999.0 -9999.0 -9999.0 1.08658803008 2.11249217593 1.01213933487 1.99077999683 10.5966401512 12.4339180821 14.2437683998 44.7279654979 0.814898294315 20.1457840735 71.2919432317 71.8537957657 97.2183072966 0.593153978927 2.40422016325 7.70317853794 0.79695230077 16.837518637 8.77733616696 5.38851718793 4.52903922121 0.901426527645 2.71299418243 2.62817616964 1.75203611707 0.855107239743 2.74398642888 0.854661316883 0.84465643241 -9999.0 -9999.0 -9999.0 -9999.0 -9999.0 -9999.0 -9999.0 -9999.0 -9999.0 -9999.0 -9999.0 -9999.0 -9999.0 -9999.0 -9999.0 -9999.0 -9999.0 -9999.0 -9999.0 -9999.0 -9999.0
-9999.0 -9999.0 -9999.0 -9999.0 -9999.0 1.07741197353 3.13640537924 6.26969826082 7.24327144944 14.3439383532 15.280468654 18.2054963081 29.6388541305 47.0503597998 48.8130678224 49.6472111083 1.53791484117 99.8739161543 101.128909931 105.068796298 132.904777471 19.3122738003 17.6963867395 6.23767308495 0.833061623993 5.28232236916 3.57958902843 0.845967667735 3.4634883767 0.774172301458 1.54495675875 4.34594409284 5.19129448736 1.68089221205 0.845623228689 0.829091931384 -9999.0 -9999.0 -9999.0 -9999.0 0.74026636276 0.638523144709 -9999.0 -9999.0 -9999.0 -9999.0 -9999.0 -9999.0 -9999.0 -9999.0 -9999.0 -9999.0 -9999.0 -9999.0 -9999.0
-9999.0 -9999.0 -9999.0 -9999.0 -9999.0 1.04447751097 1.00126028494 4.14342862941 5.13256746513 6.15308572738 0.992816832246 1.96730424031 10.7942829559 1.8929432842 0.967729748733 0.903427124861 0.841880784512 0.854317321786 0.79869798061 0.905963252933 133.766767398 136.204753781 0.797323323344 2.44635814537 1.65980233035 6.10033577455 1.69094668379 0.824922294772 4.32966683987 1.49652653936 3.54032429815 9.25133442351 8.54337621958 2.51757317815 2.52631143274 0.845220083414 0.850469181928 -9999.0 -9999.0 0.852974223478 1.65703423739 3.62523127407 0.670278100106 -9999.0 -9999.0 -9999.0 -9999.0 -9999.0 -9999.0 -9999.0 -9999.0 -9999.0 -9999.0 -9999.0 -9999.0
-9999.0 -9999.0 -9999.0 -9999.0 -9999.0 -9999.0 1.06643682251 1.07977965395 2.05724645139 3.05016951691 6.93713213399 8.90769155469 9.86646202835 0.933861145587 0.866817649717 11.1494601804 13.8503332984 14.7084491377 18.254611949 19.0852990295 0.839331367081 137.049598289 141.00927468 3.12976004513 0.463468516764 6.7991296152 15.2541677282 5.97891858639 1.60522266527 0.791465693944 14.3623837701 10.0673589556 0.811186835348 0.809520693426 3.35073621615 2.52635787801 0.843996570999 0.855780117951 0.852987857034 1.68948961293 0.839384038478 4.41944092436 5.26774560431 0.832125113552 -9999.0 -9999.0 -9999.0 -9999.0 0.929814550623 0.893328442608 0.23163490013 -9999.0 -9999.0 -9999.0 -9999.0
-9999.0 -9999.0 -9999.0 -9999.0 -9999.0 -9999.0 -9999.0 1.05450158961 0.900982464489 1.91607555968 2.93782667849 0.993079418521 0.854554959479 5.6291898961 7.51023032917 9.4280423524 0.933953132919 1.80083865342 0.912200839828 19.9368220428 44.7830895597 45.5180257789 188.206124262 0.806863032286 1.39162110427 0.430424735421 16.0462697881 0.806401308611 2.40909481956 0.787196074001 15.1671979206 15.9718855803 1.62485650198 1.60311329652 8.39225177592 4.2073957335 1.70438527554 0.864045815203 1.70385291042 2.52874487484 4.19279209758 0.827053485031 6.95105270124 7.79249380842 0.803644790819 0.836184559136 0.852380484507 0.81047658299 0.789047153368 2.64348722919 1.00387669867 0.659066106901 -9999.0 -9999.0 -9999.0
-9999.0 -9999.0 -9999.0 -9999.0 -9999.0 -9999.0 -9999.0 -9999.0 1.86518399784 2.70014232353 0.973684400619 1.97838312457 2.94879228495 4.81441901605 0.991312262388 0.958513180317 0.870425647506 0.880874037419 0.834002010226 23.1028483617 0.9295963395 1.81950134266 190.880733026 193.099810574 1.08797263983 3.5287037257 20.3946915133 1.58595832377 3.16183511118 1.52711737533 2.27350184437 19.1333957472 2.39700563356 12.331010035 9.96385060506 0.771777796606 4.21865548595 1.69721535073 2.52211231963 0.812545151958 5.03322891155 6.70541664695 7.49945981833 8.27078013272 10.9209822193 1.57218214871 1.61639012753 1.54333766775 1.49193390838 3.4024995158 0.744630204916 2.41989017535 3.11845752949 -9999.0 -9999.0
-9999.0 -9999.0 -9999.0 -9999.0 -9999.0 -9999.0 -9999.0 -9999.0 1.01766535432 4.71985679786 5.67062420105 0.952014745456 1.89462379304 0.941539872963 0.90303327841 0.888014412099 11.0966695475 14.9495570199 18.6381981552 22.3353296109 0.965687244619 0.906720053446 1.0430179303 197.504429674 199.968270436 201.105473009 27.8978972166 6.40407260764 5.53927080567 0.760614844472 3.02704685448 22.9147495401 0.767867286757 13.0940774913 0.790202681103 5.37827883191 5.05206477694 0.821984916564 3.33616896692 1.62203635379 2.42913981678 0.822413953864 0.756122792303 9.0367363222 9.77069049774 11.6535757006 2.37726893526 2.28417550584 2.22471991346 4.16858913663 5.66558416089 0.746035769526 3.82909191526 0.716129196096 1.39042246893
-9999.0 -9999.0 -9999.0 -9999.0 -9999.0 -9999.0 -9999.0 -9999.0 -9999.0 1.04518222791 6.66912801328 7.61192376752 2.84437333614 4.73996495764 6.57286267348 7.50702853227 0.971755015724 2.96684887295 1.97583792247 1.000189922 0.991652465064 0.906288452214 1.85792734122 3.25316508655 1.3399168475 231.470352907 232.611017701 1.05916702027 0.801974480143 1.50462462255 2.25573773192 25.1828768709 1.51712633045 13.8270521814 8.37325010438 6.83991948476 0.808914008511 1.61461800327 4.11630135872 0.777772135435 3.1988369202 1.59978465077 1.29663517329 0.50905334232 11.5173999277 23.8347580976 3.00311195032 2.92197567781 2.91752364297 0.684557680148 6.34656930024 0.670388807391 5.23482263429 0.669502841371 2.06863063406
-9999.0 -9999.0 -9999.0 -9999.0 -9999.0 -9999.0 -9999.0 -9999.0 -9999.0 -9999.0 0.951636981626 9.53010224116 0.945639448175 1.89750868621 2.8011554719 4.6390216924 0.957278311902 1.98467818818 0.980736663459 0.947449778352 0.913336962015 1.81632030114 0.865228754764 1.00340218907 2.18035971718 1.25552952387 233.79324259 235.986506008 239.050230791 3.11139412901 0.748811810626 1.49276488349 25.9525743394 26.0278213657 9.95097579679 0.779076054024 3.20463864853 2.40627371458 4.8984476741 1.55623032558 6.36068954357 2.37919461568 1.99851116894 0.34347349849 0.537892786551 24.5827571553 25.2990298494 31.8877861889 5.02256013107 1.39151110749 7.06600806904 8.4406619221 14.3350748036 1.3438885572 0.633718255863
-9999.0 -9999.0 -9999.0 -9999.0 -9999.0 -9999.0 -9999.0 -9999.0 -9999.0 -9999.0 -9999.0 0.460728928561 10.4834426187 0.849360256897 1.74812182625 8.2309828294 0.963354667733 0.958390940921 0.8812478505 1.83897340321 0.891712752222 3.59895428098 5.32098352156 6.14820137142 3.03754425919 4.02777001348 1.13608621898 1.23836680403 1.1625435982 243.986474524 246.293563177 26.702255759 27.5168188374 26.7749109403 1.51529990321 0.747826168203 3.96083577984 10.3827129399 5.66713070872 2.31958640727 9.45188809329 3.86822970642 3.12193938287 0.664756133407 0.305755125886 0.319906817997 0.411287751159 33.8027230751 40.9086500133 0.676906981394 0.654674010374 0.666387131645 14.9776337782 16.930393796 1.17365901747
-9999.0 -9999.0 -9999.0 -9999.0 -9999.0 -9999.0 -9999.0 -9999.0 -9999.0 -9999.0 -9999.0 0.427160155872 11.5479294761 14.4027633318 0.903832750345 10.0262372312 0.906344037004 0.879870195375 1.73816172757 4.44509411955 0.870938396281 0.907938968283 0.838715241202 7.8436950748 8.684370611 13.5659403842 15.5389482093 16.4663810347 17.5344286685 18.556685279 265.948543103 294.479795409 323.80595881 324.695296551 0.833342034598 0.748502669849 11.8991361876 11.1464699038 0.756100633624 0.731490093679 10.1120727948 14.7619329017 0.66479118864 6.81502456813 6.31810171785 1.50221271304 0.802963757541 1.29206379804 0.729411495569 42.2605666984 0.675948726626 1.9527962749 2.5402833839 21.0348122911 22.4954512913
-9999.0 -9999.0 -9999.0 -9999.0 -9999.0 -9999.0 -9999.0 -9999.0 -9999.0 -9999.0 -9999.0 1.01129627376 1.96739746905 15.3388445379 17.0701962012 0.874896837324 11.8490520075 0.82992831685 2.51454738142 5.26806779292 1.70263136953 0.828736838878 1.7207407356 0.803905372328 1.56744144235 0.755818509482 0.698167649093 0.535608511318 0.48821409675 0.488548730304 0.526550998977 0.746156883088 0.951980743702 1.13539254226 327.564960242 15.3269789024 13.673534309 0.846153307818 2.21817419945 0.554149275574 0.419318164864 15.4953606082 24.5645848279 7.63038697112 5.68618847299 0.838857994115 0.376468099204 0.345873164373 0.954776478306 43.906233693 45.2320967858 0.679924294721 0.679312553812 0.554576632271 0.341984399937
-9999.0 -9999.0 -9999.0 -9999.0 -9999.0 -9999.0 -9999.0 -9999.0 -9999.0 -9999.0 -9999.0 -9999.0 0.900694905314 12.1225213901 30.0968640874 32.8110537856 45.5338054018 46.4353495319 12.0355463383 8.64424552924 2.54596393045 0.81930079226 3.35938449111 4.16898935641 6.50403643689 1.54136743656 1.46139183858 1.31009350883 2.56604972947 1.24557118731 1.24690562952 0.568143128061 0.338600634227 0.47034980697 328.45396991 344.24510075 345.211699824 0.880976803834 6.44348221855 2.48470540323 0.770240293981 27.021125171 1.71831310424 0.881695083083 3.49880089562 0.712860921959 0.657225375892 1.26450003749 1.86272694243 2.51483294124 46.4377554407 0.584441670304 0.533085087124 0.533301093095 0.417291804856
-9999.0 -9999.0 -9999.0 -9999.0 -9999.0 -9999.0 -9999.0 -9999.0 -9999.0 -9999.0 -9999.0 0.974810596834 9.2180081854 11.206746807 1.88708176093 0.515490039168 1.17618264991 48.4615198602 49.3402396831 62.2383068643 0.774182274152 1.58676034454 0.749310912505 0.760636641289 7.27827121206 9.59231012696 11.7889904227 0.740723118781 3.32214551114 5.31084813753 3.26053578766 1.29661507626 0.920818271289 0.834978126558 0.946675671105 0.603017824738 346.063497428 346.849185315 354.826575146 1.43972336114 0.728888091615 27.707243686 1.73420887662 0.894806322088 0.947384907491 0.941581456188 0.865521485139 1.54480987745 4.60399719173 7.81061683254 54.8329890035 0.490054662628 1.46031438964 0.980191053222 0.829473257879
-9999.0 -9999.0 -9999.0 -9999.0 -9999.0 -9999.0 -9999.0 -9999.0 -9999.0 -9999.0 -9999.0 0.997247768377 6.37946418621 1.01714566519 0.920608252281 4.67627252923 5.53503794992 6.41355999533 7.23704713447 84.5953803175 85.2312444269 86.6410767738 97.4282210754 99.6561817405 100.964875812 101.766966794 115.05402568 116.764588828 117.499571867 123.602726943 127.673055836 128.407729527 130.596359276 1.53158762782 1.38260817864 0.347502786623 0.473614142833 347.624514946 357.838343507 2.22484391057 32.4080255526 31.6971928661 3.3536839523 0.812221994543 0.820825137255 0.804206935616 0.799328004887 1.61168403735 2.36900573981 0.754631945428 55.405597253 55.9973893987 58.9683415577 59.4846524512 60.8008055505
-9999.0 -9999.0 -9999.0 -9999.0 -9999.0 -9999.0 -9999.0 -9999.0 -9999.0 -9999.0 -9999.0 3.27886935748 4.33588081747 2.02623721875 3.01164885597 0.97383141843 10.8868036823 11.8080671672 13.6320964954 14.300250798 5.94770816618 93.7158611986 94.3674751226 0.684982121324 0.516666021498 0.427906390635 1.00356487151 0.45497881043 0.365052744464 0.326764589597 0.395087632071 128.979627503 131.229584712 133.497835622 135.551160686 137.270315714 0.803281120684 0.362918501584 392.440156662 33.8430375442 33.1485268726 0.746045293833 0.729257030842 0.705584479133 1.5338864608 1.52017644282 0.706194610159 0.700237757518 0.663917534958 1.40566075177 1.96452672489 0.458701272433 0.840392830593 0.341478991843 0.175304193656
-9999.0 -9999.0 -9999.0 -9999.0 -9999.0 -9999.0 -9999.0 -9999.0 -9999.0 -9999.0 -9999.0 -9999.0 2.21039901753 1.03847248107 0.973337173538 9.06359739817 10.0107637074 0.943617599669 3.68955434407 4.54312154666 5.28911456516 0.826431339917 0.724733589844 14.6992068624 15.3540303035 15.9573953892 42.1803405531 42.6340225765 43.3630737941 47.1244492751 49.2736963519 49.5896988698 0.285579782682 0.304224521718 0.349987034878 138.376447629 0.49051525622 399.365300855 398.497541254 5.40410504434 4.65288244247 2.88401087249 0.717620909933 1.40329857524 2.24814466915 2.2342405865 1.39521407941 0.677670943929 1.3344249729 1.3071410951 2.55688437827 0.318036667579 1.15500459737 1.99123941138 2.36444828706
