data/baseflow/History/mHMbfrc340
ncols                  80
nrows                 72
xllcorner      4374000.0
yllcorner      5656000.0
cellsize            500
NODATA_value       -9999
[rows 24 to 47 of 72, columns 0 to 54 of 80]
-9999.0 -9999.0 -9999.0 -9999.0 -9999.0 -9999.0 -9999.0 -9999.0 -9999.0 -9999.0 -9999.0 -9999.0 1.53097083363 4.38392198347 5.77611867999 10.0222271095 1.31139807781 2.64118961648 3.90100332562 14.8428958005 16.0120043871 17.1081422497 18.2130104982 19.2831043469 29.6411230127 32.8195779684 34.7924106349 0.964086839144 4.75774396252 5.70246853009 70.1323158338 74.3216719878 76.1201694261 77.9262186399 79.5410291962 279.714078327 0.321585432892 542.054558181 1.36364974166 0.695168551111 5.11170140587 4.30228230244 0.766327373964 2.36881119267 3.44024563326 3.39302798737 2.39350044315 3.93326781323 6.20710744149 2.30851938986 5.72768184779 0.607809242323 1.05573644917 0.259406548919 0.205080753509
-9999.0 -9999.0 -9999.0 -9999.0 -9999.0 -9999.0 -9999.0 -9999.0 -9999.0 -9999.0 -9999.0 -9999.0 1.4720229213 2.92928243586 1.41104526542 2.83953721276 1.33015612185 9.76241323179 12.3190597302 13.6141455573 1.21080497022 2.38824834578 22.0599054058 27.6727772793 28.6797350909 2.17343071356 2.02375612995 3.00581801903 0.881486240066 0.840390963678 1.60617364322 0.664369498519 33.2182912855 33.9231117895 34.4688536536 280.2944917 546.808163961 542.747261462 1.14037550409 0.513935577562 0.462603638674 1.92200056386 1.44775241993 3.14236102271 4.19550233345 8.34908358858 0.754804689548 0.754228885681 6.91841281518 7.65377748597 14.6444450438 15.0789604304 16.4009539542 16.8888107895 0.422816308474
-9999.0 -9999.0 -9999.0 -9999.0 -9999.0 -9999.0 -9999.0 -9999.0 -9999.0 -9999.0 -9999.0 -9999.0 -9999.0 1.44991800766 2.89153528097 4.32622705964 7.05235722609 1.39512354648 1.31037573535 8.34227146332 9.56395209176 19.7447169547 20.9635623342 3.49718905994 1.18610457493 1.09987098209 0.995817434449 28.560682528 29.4232163724 30.3180649674 31.1172296234 32.5342930416 6.94543429162 7.49804731649 42.41788097 869.825072207 3.51352906576 2.91702379798 1.62863667569 0.413421820697 0.390095960136 2.83638450472 3.17242959415 3.97170165062 0.423163903957 8.88450637431 1.38356526385 1.37258945055 0.380098659188 0.259043902649 0.224490156252 0.177416645325 0.226026025417 17.2135327396 220.48440798
-9999.0 -9999.0 -9999.0 -9999.0 -9999.0 -9999.0 -9999.0 -9999.0 -9999.0 -9999.0 -9999.0 -9999.0 -9999.0 -9999.0 1.4161574718 2.48825042363 3.44579657038 4.42545493089 5.7301901273 7.06032105333 3.94649607483 6.54160437667 1.22105172478 1.19466930301 23.0802468111 25.418309223 26.5155157583 27.649956635 0.910460018643 1.7439714348 4.51108726679 5.46126398597 6.27884790968 0.637014275104 0.392994874573 871.221553204 0.573263561283 0.726701242791 0.349890980034 1.63533330897 0.801166774739 0.3414133397 7.49603358748 7.73076317521 0.224210697674 9.11298862258 10.7562768033 1.70412565399 230.72342335 230.111499639 229.592078303 228.66553466 228.33456173 222.186600614 221.934400302
-9999.0 -9999.0 -9999.0 -9999.0 -9999.0 -9999.0 -9999.0 -9999.0 -9999.0 -9999.0 -9999.0 -9999.0 -9999.0 -9999.0 0.237050011227 0.547814563015 0.954381990406 8.43638610758 9.81094043168 1.3771397771 1.33020967864 1.3167125724 18.2433132798 20.7558751401 1.21640021139 1.23993692306 1.09061943581 4.44545572056 5.52750421806 2.83584110714 3.70679229007 25.1316383588 26.0524982825 27.3726070875 43.9582597954 915.510789325 0.525547129505 0.302575535851 2.44997602924 2.04938386878 0.30142070194 0.94619646848 1.20985667255 8.01789613386 8.24626023902 19.7015830192 11.015246375 2.01909145488 235.750671234 1.93066658104 229.134531365 228.909955079 5.80388595818 0.334938185819 1.21719704136
-9999.0 -9999.0 -9999.0 -9999.0 -9999.0 -9999.0 -9999.0 -9999.0 -9999.0 -9999.0 -9999.0 -9999.0 -9999.0 -9999.0 1.19460485392 1.96067327217 4.16502293546 7.24433473657 10.6812828213 13.1094695185 14.4299974729 15.7604010969 17.0394240027 1.24663096149 1.1720863629 2.32206702062 2.21581848719 1.1411701751 21.5928705146 22.6585772822 23.6463017384 24.6014424207 14.656147157 15.541000902 16.1766389264 915.790787706 0.887958185395 0.715025088548 3.45749365952 0.403778177157 0.487813691547 0.240308466783 0.245693528736 1.42897409271 0.190763618997 0.204969890882 256.468374998 236.616058133 236.419049102 0.730262782012 1.69828095823 1.13919780212 0.295566411781 5.29856508836 1.59260348502
-9999.0 -9999.0 -9999.0 -9999.0 -9999.0 -9999.0 -9999.0 -9999.0 -9999.0 -9999.0 -9999.0 -9999.0 -9999.0 -9999.0 0.829119705797 0.771023480353 1.50307898392 2.30226815732 1.25744916288 1.44918357624 2.81499510142 4.17424462217 6.77434906069 8.06003251173 9.23496623253 12.7567245196 13.8588328923 15.0253865007 1.0798214429 10.8596187575 11.8500282951 12.8437433971 0.920412938118 0.626145804795 1.06352004295 933.055368875 933.322964072 934.71174564 4.58180084818 0.819042431326 0.86439896972 0.240045169278 0.435909773907 1.6201464609 1.97948296096 0.37520954242 257.343373936 0.252593406944 0.39402216137 0.439867158149 0.30500669465 0.624214558567 0.263354684148 3.36516899839 2.76347936315
-9999.0 -9999.0 -9999.0 -9999.0 -9999.0 -9999.0 -9999.0 -9999.0 -9999.0 -9999.0 -9999.0 -9999.0 -9999.0 -9999.0 -9999.0 0.732046340759 1.45568716359 0.72943552319 1.51541164224 9.56392866258 10.7325699824 12.0752814673 1.29102236098 1.2928111687 2.47177739585 3.67033345194 5.86288000581 6.97933305598 7.67611631933 8.72058807001 0.939131622801 0.934177888255 14.6143575736 15.1947283267 15.5743434949 15.9109584367 13.1023611642 949.226182329 955.850072758 956.183431281 957.353096342 958.702189422 959.334682254 0.187522369067 2.14561602763 257.518970562 0.423281688534 0.216707198403 0.198929791817 0.185185533493 0.333418648729 0.365135391566 0.209130251096 0.295304468495 0.309192796123
-9999.0 -9999.0 -9999.0 -9999.0 -9999.0 -9999.0 -9999.0 -9999.0 -9999.0 -9999.0 -9999.0 -9999.0 -9999.0 -9999.0 -9999.0 -9999.0 2.16760410293 2.96489658636 5.29523988777 7.16569328876 1.03167047496 14.5128162263 15.7852999661 17.0363178851 1.21719237404 2.4078699533 1.09177964704 8.08527405843 8.74407435518 9.71354445889 10.7126240161 13.3141971892 13.774592386 0.290613233576 11.8486046947 12.5075497738 12.791836002 14.2318514022 1.75790048032 1.09596762831 0.689426965425 0.678513294859 960.033296944 960.303880021 963.895962786 257.685052295 1.134762765 0.564528045288 0.363065379628 0.132488726602 1.10174882573 0.601863373423 0.193853441721 1.0678604006 0.901836533766
-9999.0 -9999.0 -9999.0 -9999.0 -9999.0 -9999.0 -9999.0 -9999.0 -9999.0 -9999.0 -9999.0 -9999.0 -9999.0 -9999.0 -9999.0 -9999.0 0.81389509884 3.74081299049 4.55371109662 1.10029923393 1.37010913526 2.74880794498 4.05000886591 22.3421474861 1.21026495391 4.85177254469 5.96221119829 7.05974181865 0.689455054265 1.60942465811 2.25640993395 9.38621607206 10.6527360294 10.9175724922 0.32016494515 0.351777646344 0.456710422854 0.839001396149 0.380922720513 0.409610245795 0.619444554381 0.58542619335 0.604882896663 1.26094306173 964.182019592 1222.59322438 1.39908960189 0.323401830955 0.124125593542 3.53102294324 3.24079041976 1.94719767985 1.75607240643 1.33036865962 0.294899334142
-9999.0 -9999.0 -9999.0 -9999.0 -9999.0 -9999.0 -9999.0 -9999.0 -9999.0 -9999.0 -9999.0 -9999.0 -9999.0 -9999.0 -9999.0 0.676939662033 2.25101541886 0.752445397257 1.32699507986 1.45704406253 2.82434430683 4.16503941973 5.27678221738 28.422361687 29.6037330735 1.20511796382 2.32532669726 3.44978037286 4.30462811646 5.28901862441 8.45243163159 9.03829965382 0.905304161857 0.630206373765 0.559580872671 0.634249808935 0.669135805427 0.688141886947 0.606485042159 0.791086239423 2.03557640452 0.93762531088 0.253137047021 0.243946413209 0.255793317026 0.489147850561 1234.28059909 9.92023595514 4.12345592842 0.290832014684 0.131355729958 0.110838101137 0.443873859265 0.322665864067 0.174908466283
-9999.0 -9999.0 -9999.0 -9999.0 -9999.0 -9999.0 -9999.0 -9999.0 -9999.0 -9999.0 -9999.0 -9999.0 -9999.0 -9999.0 0.71779036111 1.37395736484 5.04738874962 0.730811607944 2.39163708377 3.83735638593 5.22404263865 1.39268942083 2.65236081763 3.62839260077 33.9984162867 1.16668560963 2.24808126722 3.34725778274 1.03394993583 2.06571774461 2.94913971065 3.57529821748 70.1520103222 71.3369106264 72.3788973524 76.5074626696 78.4951577898 81.937843299 0.917753325389 2.1554260091 2.5103824949 91.8833492914 92.3943759821 0.229207304244 0.432748883485 0.626761313459 1234.50489213 9.24325379613 4.74490805082 4.58886823649 3.33351965081 2.80531143615 0.586671957091 0.131016711556 0.285456474904
-9999.0 -9999.0 -9999.0 -9999.0 -9999.0 -9999.0 -9999.0 -9999.0 -9999.0 -9999.0 -9999.0 -9999.0 -9999.0 -9999.0 0.714807149086 2.17994961304 7.94047101975 11.6723577641 0.665341862041 15.4390163896 21.4631237835 1.33015241053 2.58509851863 3.64737234031 44.349689832 45.1896316892 0.964560035554 5.29767101589 6.22891015036 7.13740667797 62.3388134648 64.7226386181 65.8501501824 0.518306575254 3.00272896019 3.54365729578 1.50966891844 2.14433065718 85.0339543243 88.1230265463 88.6103124961 89.0736544872 92.9664920176 0.280331466625 0.238781723786 1.05428104478 1234.6988444 0.211788324222 0.382285019243 1.12379387189 0.409238711269 2.57681234396 1.84878646808 1.08741369577 0.799551760122
-9999.0 -9999.0 -9999.0 -9999.0 -9999.0 -9999.0 -9999.0 -9999.0 -9999.0 -9999.0 -9999.0 -9999.0 -9999.0 -9999.0 -9999.0 -9999.0 1.51823761107 3.05236072081 13.8772208417 14.6686724832 22.1622193574 22.9638100993 1.30329008645 2.60228589592 6.04224197089 45.8880840672 47.7857942547 48.609442302 0.68863313533 51.7703819247 54.3191140047 1.52522994229 0.524276009069 1.05587757001 2.03705298721 0.475187722805 0.94729023112 2.15593412812 2.65792495842 0.484014613154 0.342931572672 0.680240649397 95.6211308371 96.5307388178 96.7393934736 98.3364681719 1234.87489762 0.147048781552 0.287983792815 0.325918048606 0.315681616371 0.322615757389 0.283539917708 0.533846381742 0.0992906704567
-9999.0 -9999.0 -9999.0 -9999.0 -9999.0 -9999.0 -9999.0 -9999.0 -9999.0 -9999.0 -9999.0 -9999.0 -9999.0 -9999.0 -9999.0 -9999.0 0.792627615927 0.778347598367 0.782209001136 1.61884458132 0.719044174412 24.3882226982 25.1270305632 1.15779136788 2.365136599 1.15689888477 0.963940749137 0.941176153341 50.4065564676 0.884112031314 1.78721304344 0.769714447595 0.578101239996 0.507579872327 0.407903178312 0.420955590791 1.26282120985 1.71655711456 0.343251521076 0.312624046687 0.656025803368 1.063857498 1.48358820644 0.466004653317 97.0615539605 98.5544733678 1234.99918046 1.07724426505 0.788840192492 0.211972244676 0.487513980717 0.175566164558 0.135943302603 0.681941212061 0.518996843031
-9999.0 -9999.0 -9999.0 -9999.0 -9999.0 -9999.0 -9999.0 -9999.0 -9999.0 -9999.0 -9999.0 -9999.0 -9999.0 -9999.0 -9999.0 -9999.0 -9999.0 -9999.0 0.770342704789 2.33850837301 2.9916616244 3.68682529727 25.7969745228 26.473372784 27.1751776101 28.0437874709 28.9667367681 30.8644930536 31.695270283 32.5522814139 33.2391516118 0.537182204226 0.504238826372 0.513663267799 1.77935106635 0.457438018468 0.431088463373 0.357187788027 1.02851233064 0.393331250135 0.30999127556 0.29040104359 0.262666793922 0.524292574038 0.732368815554 100.0108314 1336.22882484 0.134551951997 0.281319739391 0.182818545485 0.678593238568 0.385453359427 0.273422169504 1.62309320257 0.867614892683
-9999.0 -9999.0 -9999.0 -9999.0 -9999.0 -9999.0 -9999.0 -9999.0 -9999.0 -9999.0 -9999.0 -9999.0 -9999.0 -9999.0 -9999.0 -9999.0 -9999.0 -9999.0 -9999.0 0.662152691644 5.14353306545 10.2472121134 10.9949918276 1.04599497891 2.21232557599 3.43861190229 4.50624475503 11.358834813 11.9651733757 0.580090769772 0.568796860207 34.3547963841 35.3528922308 35.8224774419 2.14423256942 0.335487791544 0.775356218578 1.14394416793 3.36387509298 4.11416375349 4.71423261698 0.555900758174 0.774672226857 0.256627256007 0.499022613957 0.250703873265 1336.67738267 0.120967228048 0.508166783093 0.318839363534 1.11198704458 2.02104766827 2.35708501484 4.04380841263 1.27768107631
-9999.0 -9999.0 -9999.0 -9999.0 -9999.0 -9999.0 -9999.0 -9999.0 -9999.0 -9999.0 -9999.0 -9999.0 -9999.0 -9999.0 -9999.0 -9999.0 -9999.0 -9999.0 0.721775431476 2.28748914207 4.4941612091 5.88243846477 15.2633880511 16.1567056774 2.52375846804 3.75385427791 4.8496748132 5.91972407097 12.7176036558 13.9499329548 25.6009904424 26.5876511467 27.1405819979 36.283864933 39.5939801416 0.776081487374 0.473719144052 0.455800277609 0.866297097322 0.396104908307 5.47289399451 5.76240084628 1.01827562958 1.40487327843 0.328410126276 284.614967918 285.119100317 1622.05577464 1622.73286986 0.120839218704 1.37780371334 0.15635210703 0.128752099745 4.33523878442 5.71927577005
-9999.0 -9999.0 -9999.0 -9999.0 -9999.0 -9999.0 -9999.0 -9999.0 -9999.0 -9999.0 -9999.0 -9999.0 -9999.0 -9999.0 -9999.0 -9999.0 -9999.0 -9999.0 -9999.0 0.815388107056 0.795482351063 1.51964272419 3.61109778178 16.8477852729 1.28943082145 1.2760603365 2.37338964711 3.48423322941 8.87503389669 9.81247685438 0.688089561749 0.62634871745 27.7905245131 28.2744207744 68.3842717719 68.8589087959 0.306877109712 0.278164891424 0.231203067207 0.233179355552 0.235673337181 278.839354361 280.6063515 282.421976332 283.136121992 284.256980138 0.277864266252 1.03912952194 1.26309864191 1624.38893848 1624.48053933 1624.75088283 1625.14155066 1625.44164406 6.01208982982
-9999.0 -9999.0 -9999.0 -9999.0 -9999.0 -9999.0 -9999.0 -9999.0 -9999.0 -9999.0 -9999.0 -9999.0 -9999.0 -9999.0 -9999.0 -9999.0 -9999.0 -9999.0 -9999.0 -9999.0 0.742249576628 0.770088534523 1.43229614414 19.668643764 20.449180239 1.26294384499 2.35618124394 3.47889290017 4.48555798518 0.942590961839 1.73097940894 52.4579587472 53.0169183378 53.6172836938 57.7817197612 127.186237132 267.67168298 268.366658837 268.985387977 269.584811133 272.022166345 272.78663511 1.42425585563 0.654795831113 0.363963354082 0.691041375277 0.521641232936 0.817203438702 0.246270327887 6.19166932015 6.58788582938 6.91340577631 7.0184084977 1625.59723638 1631.91895119
-9999.0 -9999.0 -9999.0 -9999.0 -9999.0 -9999.0 -9999.0 -9999.0 -9999.0 -9999.0 -9999.0 -9999.0 -9999.0 -9999.0 -9999.0 -9999.0 -9999.0 -9999.0 -9999.0 -9999.0 -9999.0 0.759731063726 1.45550696367 2.1534358326 21.0466999137 0.896045538564 29.423598274 30.5858744754 31.5768734643 32.431147969 49.1841803713 49.9841888232 0.597612527811 3.0383882786 3.66280111149 0.54156795849 139.789270618 138.802190445 0.327099606678 0.725243563797 1.91087566066 0.413009716074 0.423384770958 0.337251001746 0.284662390524 0.228123480103 0.253017591932 5.39821953589 5.65082880162 5.9502324148 0.227961648958 0.207162743439 7.13395998669 7.26063774635 7.34123958451
-9999.0 -9999.0 -9999.0 -9999.0 -9999.0 -9999.0 -9999.0 -9999.0 -9999.0 -9999.0 -9999.0 -9999.0 -9999.0 -9999.0 -9999.0 -9999.0 -9999.0 -9999.0 -9999.0 -9999.0 -9999.0 0.704200655394 0.658251976393 3.40370147 25.8536523384 27.4481080909 28.319714681 1.15093125748 14.5227106485 15.4674317561 15.9048445185 0.76051986258 1.39764133861 1.94428315566 33.1823333559 33.6241030143 34.0078233699 138.097540201 80.7374679322 0.388161870786 0.400268705866 0.389161137957 0.313638645117 3.33643338617 3.96952013164 4.5326095442 4.83441032135 5.12625817138 38.9121498944 39.1234859715 39.4672232939 40.3436283107 43.4031000365 43.511243684 50.9596952509
-9999.0 -9999.0 -9999.0 -9999.0 -9999.0 -9999.0 -9999.0 -9999.0 -9999.0 -9999.0 -9999.0 -9999.0 -9999.0 -9999.0 -9999.0 -9999.0 -9999.0 -9999.0 -9999.0 -9999.0 -9999.0 -9999.0 1.37460967292 2.08913480075 0.787315978416 1.30654883155 10.1482662889 11.3545643197 12.3425837469 6.60033302451 7.58809915524 8.55719456971 9.19966844898 32.2042952698 32.7777205423 22.0494251099 56.5299793853 56.9787399655 80.3983335208 0.841878156016 0.422100670562 0.321007838074 2.33113335636 2.71603444018 0.245351082889 0.230639503713 37.9273989269 38.4618002183 38.7138587226 0.415231969338 0.623843384272 42.9131385904 0.294281830555 0.857455335434 0.946270962171
-9999.0 -9999.0 -9999.0 -9999.0 -9999.0 -9999.0 -9999.0 -9999.0 -9999.0 -9999.0 -9999.0 -9999.0 -9999.0 -9999.0 -9999.0 -9999.0 -9999.0 -9999.0 -9999.0 -9999.0 -9999.0 -9999.0 0.685615136623 1.35914266895 5.81446855538 6.63113592397 7.65714091871 4.58742502107 5.61759369439 0.999090167948 20.6352071241 21.5705060383 22.4289900603 0.658526180913 20.9625208802 21.5500877516 0.46264173259 78.2063431332 0.93303391919 0.464556004972 1.26347574368 1.6867039443 0.32964856081 0.277465878988 35.1421954277 37.4407158957 37.750197885 0.323112571612 0.728916525471 0.931461362737 1.14587562286 2.26636403716 0.317043818797 0.708284161252 0.131629200203
