data/baseflow/History/mHMbfrc438
ncols                  80
nrows                 72
xllcorner      4374000.0
yllcorner      5656000.0
cellsize            500
NODATA_value       -9999
[rows 0 to 23 of 72, columns 0 to 53 of 80]
-9999.0 -9999.0 -9999.0 -9999.0 -9999.0 -9999.0 -9999.0 -9999.0 -9999.0 -9999.0 -9999.0 -9999.0 0.513809758943 0.588187323576 -9999.0 -9999.0 -9999.0 -9999.0 -9999.0 -9999.0 -9999.0 -9999.0 -9999.0 -9999.0 -9999.0 -9999.0 -9999.0 -9999.0 -9999.0 -9999.0 -9999.0 -9999.0 -9999.0 -9999.0 -9999.0 -9999.0 -9999.0 -9999.0 -9999.0 -9999.0 -9999.0 -9999.0 -9999.0 -9999.0 -9999.0 -9999.0 -9999.0 -9999.0 -9999.0 -9999.0 -9999.0 -9999.0 -9999.0 -9999.0
-9999.0 -9999.0 -9999.0 -9999.0 -9999.0 -9999.0 -9999.0 -9999.0 -9999.0 -9999.0 -9999.0 -9999.0 0.968490698035 2.52362854932 0.484799725169 -9999.0 0.483181475638 -9999.0 -9999.0 -9999.0 -9999.0 -9999.0 -9999.0 -9999.0 -9999.0 -9999.0 -9999.0 -9999.0 -9999.0 -9999.0 -9999.0 -9999.0 -9999.0 -9999.0 -9999.0 -9999.0 -9999.0 -9999.0 -9999.0 -9999.0 -9999.0 -9999.0 -9999.0 -9999.0 -9999.0 -9999.0 -9999.0 -9999.0 -9999.0 -9999.0 -9999.0 -9999.0 -9999.0 -9999.0
-9999.0 -9999.0 -9999.0 -9999.0 -9999.0 -9999.0 -9999.0 -9999.0 -9999.0 -9999.0 0.403174826808 0.383052923337 0.420941085126 0.419857858641 3.29665142848 3.75223723518 1.36373181402 0.447907158196 -9999.0 -9999.0 -9999.0 -9999.0 -9999.0 -9999.0 -9999.0 -9999.0 -9999.0 -9999.0 -9999.0 -9999.0 -9999.0 -9999.0 -9999.0 -9999.0 -9999.0 -9999.0 -9999.0 -9999.0 -9999.0 -9999.0 -9999.0 -9999.0 -9999.0 -9999.0 -9999.0 -9999.0 -9999.0 -9999.0 -9999.0 -9999.0 -9999.0 -9999.0 -9999.0 -9999.0
-9999.0 -9999.0 -9999.0 -9999.0 -9999.0 -9999.0 -9999.0 -9999.0 -9999.0 0.375414564783 0.792779302054 1.57038263113 0.804409330954 0.387570801935 0.763338582295 4.12465175596 6.39313859091 0.445184808747 -9999.0 0.414750156635 -9999.0 -9999.0 -9999.0 -9999.0 0.944374735784 0.494401916286 -9999.0 -9999.0 -9999.0 -9999.0 -9999.0 -9999.0 -9999.0 -9999.0 -9999.0 -9999.0 -9999.0 -9999.0 -9999.0 -9999.0 -9999.0 -9999.0 -9999.0 -9999.0 -9999.0 -9999.0 -9999.0 -9999.0 -9999.0 -9999.0 -9999.0 -9999.0 -9999.0 -9999.0
-9999.0 -9999.0 -9999.0 -9999.0 -9999.0 -9999.0 -9999.0 -9999.0 0.453715359419 1.24070828714 1.6110945109 1.99256916087 2.74811107749 0.356824960571 1.45463108931 1.79978512203 8.99896239352 0.363694117043 0.341208622536 0.76519622576 1.11048127577 0.364160726674 -9999.0 2.30598108963 1.89875619108 0.485969845339 -9999.0 -9999.0 -9999.0 -9999.0 -9999.0 -9999.0 -9999.0 -9999.0 -9999.0 -9999.0 -9999.0 -9999.0 -9999.0 -9999.0 -9999.0 -9999.0 -9999.0 -9999.0 -9999.0 -9999.0 -9999.0 -9999.0 -9999.0 -9999.0 -9999.0 -9999.0 -9999.0 -9999.0
-9999.0 -9999.0 -9999.0 -9999.0 -9999.0 -9999.0 0.445852355233 0.400770101987 0.37452182253 0.384854332072 0.402734106586 2.81728448419 5.96026932972 6.34450211105 6.62366600526 0.250918967741 9.64154631449 9.9999161432 0.67335838203 0.348605382581 1.44849254521 2.51545962665 0.436403890241 3.5719651096 0.388461923115 0.405308335301 0.407236008332 -9999.0 -9999.0 -9999.0 -9999.0 -9999.0 -9999.0 -9999.0 -9999.0 -9999.0 -9999.0 -9999.0 -9999.0 -9999.0 -9999.0 -9999.0 -9999.0 -9999.0 -9999.0 -9999.0 -9999.0 -9999.0 -9999.0 -9999.0 -9999.0 -9999.0 -9999.0 -9999.0
-9999.0 -9999.0 -9999.0 -9999.0 -9999.0 -9999.0 0.900602479009 1.32330203016 2.97324270553 4.09057175642 0.350571795117 0.372090129517 0.358750888804 1.02156483212 7.95762553517 0.267733787535 10.3107117625 11.5443920644 0.97081268756 0.65370394934 2.82979479051 0.346229712262 3.91193063872 0.746509963059 0.373107539671 0.740698213517 0.801196375472 0.396933922147 0.411064689287 0.395367755548 0.440239401122 0.87825135935 -9999.0 -9999.0 -9999.0 -9999.0 -9999.0 -9999.0 -9999.0 -9999.0 -9999.0 -9999.0 -9999.0 -9999.0 -9999.0 -9999.0 -9999.0 -9999.0 -9999.0 -9999.0 -9999.0 -9999.0 -9999.0 -9999.0
-9999.0 -9999.0 -9999.0 -9999.0 -9999.0 0.503248649917 0.966488543581 0.456563830619 0.885395491707 4.52713057729 5.29320753398 6.05674643115 20.3758888407 0.329117534201 8.302887061 31.4865024755 31.7257257998 43.7130722597 0.271558854511 0.949049077366 3.14556143876 0.311757795165 8.01533431424 3.7741488804 2.35418709999 1.9554733635 0.4005061303 1.17107324374 1.18881321963 0.789525871311 0.384272434571 1.27690714657 0.380999987381 0.371152560526 -9999.0 -9999.0 -9999.0 -9999.0 -9999.0 -9999.0 -9999.0 -9999.0 -9999.0 -9999.0 -9999.0 -9999.0 -9999.0 -9999.0 -9999.0 -9999.0 -9999.0 -9999.0 -9999.0 -9999.0
-9999.0 -9999.0 -9999.0 -9999.0 -9999.0 0.518417145938 1.4965363225 2.94970819864 3.3982618401 6.79396293278 7.21243077128 8.53863730185 13.9803657888 21.4633507451 22.2343803065 22.5950227189 0.611062803477 44.7955852557 45.3310789266 46.9090275982 59.360173398 8.98923317035 8.36090837456 2.69213067055 0.335240379345 2.22727799214 1.51880875505 0.314827086139 1.53155617917 0.325234294149 0.688095330494 1.97096043278 2.33301906466 0.723958748485 0.356500926823 0.344619843559 -9999.0 -9999.0 -9999.0 -9999.0 0.433417261203 0.389297321974 -9999.0 -9999.0 -9999.0 -9999.0 -9999.0 -9999.0 -9999.0 -9999.0 -9999.0 -9999.0 -9999.0 -9999.0
-9999.0 -9999.0 -9999.0 -9999.0 -9999.0 0.494439242537 0.468506839547 2.02330938465 2.4843015309 2.9644345553 0.452994688524 0.89337223384 5.14922484811 0.883703173943 0.425605716256 0.372277766593 0.327820570445 0.349593482967 0.326158130436 0.3713366104 59.703369009 60.6459078814 0.309815606804 0.966860513375 0.663558375715 2.5682831616 0.668470438604 0.314026672529 1.87993131995 0.626814772395 1.54326783212 4.07374645706 3.75887457238 1.06820713761 1.02988242784 0.361316123872 0.359414101404 -9999.0 -9999.0 0.362663473396 0.876175097044 2.08058965321 0.410871636043 -9999.0 -9999.0 -9999.0 -9999.0 -9999.0 -9999.0 -9999.0 -9999.0 -9999.0 -9999.0 -9999.0
-9999.0 -9999.0 -9999.0 -9999.0 -9999.0 -9999.0 0.539015384182 0.54999522996 1.01227614144 1.49643406679 3.37104343724 4.30218942589 4.74293548718 0.448141531272 0.364611709753 5.01139366261 6.12796590031 6.469171996 7.93720568613 8.26337488076 0.324262415427 60.9769563824 62.5120876469 1.21329772942 0.147220609341 2.82320915145 6.28966531578 2.49860010171 0.595169074655 0.30105991798 6.22942469889 4.39120883727 0.305447353455 0.319156792096 1.37268970586 1.04998693067 0.338130816707 0.314581447196 0.347197882988 0.700697178483 0.333372443005 2.51548400506 2.85137210249 0.307077763624 -9999.0 -9999.0 -9999.0 -9999.0 0.362311774517 0.338400224823 0.101279903055 -9999.0 -9999.0 -9999.0
-9999.0 -9999.0 -9999.0 -9999.0 -9999.0 -9999.0 -9999.0 0.516057334235 0.432351650393 0.939578721157 1.43392448735 0.468228121601 0.375399862641 2.61944707461 3.44185059738 4.29158001937 0.396301694528 0.764082228791 0.382327117039 8.60819934505 19.5773598271 19.9815461623 83.1887388507 0.30424152416 0.440490735544 0.132731710951 6.61926042565 0.293462493867 0.904926715393 0.29542468906 6.52532319556 6.81963743209 0.616352756576 0.620197490204 3.42995193421 1.7223172445 0.700811468457 0.347661996234 0.690387490027 1.03878754633 1.68353206277 0.310488237302 3.44610329432 3.70386679168 0.226303976416 0.239263896949 0.265301462905 0.233353760066 0.220883458722 0.973061390895 0.352725469757 0.224953551308 -9999.0 -9999.0
-9999.0 -9999.0 -9999.0 -9999.0 -9999.0 -9999.0 -9999.0 -9999.0 0.921924938009 1.32074559806 0.468322113514 0.962379915813 1.41290137952 2.26337491321 0.471334014236 0.436634873125 0.365133044325 0.368148243964 0.32833542468 10.2654845959 0.391449080094 0.755834045027 84.3483752082 84.9878852486 0.221772056004 0.890253581671 7.76415805778 0.571544928574 1.16420424919 0.526464656963 0.813808519292 7.97442731157 0.889325655483 4.88474772232 3.99375899975 0.281499139737 1.66994747367 0.662510268496 0.996723363537 0.316161886284 2.02926855636 2.62189206908 2.83654133257 3.03666668805 4.53868398047 0.419205482867 0.463076951159 0.41229240426 0.385450476974 1.18780168654 0.239174015938 0.810827171773 1.00061504206 -9999.0
-9999.0 -9999.0 -9999.0 -9999.0 -9999.0 -9999.0 -9999.0 -9999.0 0.517261804838 2.34664942838 2.7990049375 0.451769395499 0.881385400529 0.428217063833 0.390615633577 0.38427055295 4.88559465953 6.49749229985 8.10247464515 9.82481073362 0.426099604428 0.375476409955 0.331203299567 86.6318014285 87.3693331495 87.6067074019 10.3163626425 2.29978762745 2.01909550541 0.253507495157 1.02927450797 9.2566071155 0.225363324396 5.14353423563 0.289891723574 2.12753212868 1.98388225199 0.308539980173 1.3027140599 0.619059833315 0.917437974079 0.278344794358 0.19404401891 3.23347024156 3.41153640653 4.71615873908 0.658937675989 0.596082884438 0.565191091004 1.44157961396 1.92702171774 0.242347854242 1.22016842041 0.259437920276
-9999.0 -9999.0 -9999.0 -9999.0 -9999.0 -9999.0 -9999.0 -9999.0 -9999.0 0.544657147005 3.29101056621 3.73611732869 1.31621045976 2.17577910875 2.96491180153 3.3659779619 0.416715227439 1.2427885571 0.827800512465 0.432318962372 0.415883867659 0.364750746037 0.715522019389 1.19307413514 0.380504916028 98.6008698851 98.8242694161 0.202910937671 0.194818020803 0.519994502313 0.78302633731 10.011124504 0.489978951005 5.36973067024 3.18212372642 2.65249270591 0.285952859782 0.585430277232 1.5731659387 0.270452932698 1.18186476912 0.558438357868 0.320413913918 0.127803558526 3.84058105084 8.69640537346 0.784882320613 0.726401127805 0.750932879482 0.19519387799 2.12161799146 0.188624592514 1.63903905344 0.208947812751
-9999.0 -9999.0 -9999.0 -9999.0 -9999.0 -9999.0 -9999.0 -9999.0 -9999.0 -9999.0 0.454861124075 4.65247294188 0.430855134754 0.861385017365 1.24178061293 1.98773606308 0.382432606905 0.81308715911 0.397911062757 0.363253387036 0.344889618995 0.687218293437 0.290502344014 0.290973160434 0.544015119561 0.332108113013 99.1158111176 99.5438202873 100.200748643 0.985964504697 0.245518455125 0.48990176901 10.2695275818 9.78856942267 3.72821469618 0.266077929668 1.14375730785 0.862293832585 1.84439869394 0.539747877814 2.2764446382 0.822536551265 0.517347298096 0.0656718908183 0.136579123491 8.89426505562 9.07455559072 10.7409340755 1.38259080676 0.421615204791 2.33428459302 2.73097676478 4.53259388686 0.402276967005
-9999.0 -9999.0 -9999.0 -9999.0 -9999.0 -9999.0 -9999.0 -9999.0 -9999.0 -9999.0 -9999.0 0.232284764285 5.11550038309 0.371759706757 0.747745308945 3.49902434212 0.40031963076 0.394321594818 0.355103928883 0.728938137546 0.372112477973 1.43617500301 2.08214409563 2.36821054906 0.802086798795 0.997704495108 0.218610995377 0.285514953697 0.285352743298 101.733082685 102.402050854 10.4741854212 10.19771332 10.0030061315 0.442968191098 0.208431905235 1.38922287198 3.73144132189 2.0971032301 0.788834994953 3.31076719284 0.990016745695 0.760195302775 0.124833467144 0.0498676002851 0.0588949697847 0.0702050537104 11.1536248337 13.0874769309 0.208366980263 0.16408668647 0.221865035265 4.74146198121 5.32141466634
-9999.0 -9999.0 -9999.0 -9999.0 -9999.0 -9999.0 -9999.0 -9999.0 -9999.0 -9999.0 -9999.0 0.212761522624 5.62156897412 6.94314140111 0.385017029912 4.28527877216 0.366043079485 0.340298028149 0.698003974689 1.77804111942 0.341585121353 0.362494216093 0.30954566891 2.97887418761 3.24739291129 4.5799338448 5.03765492918 5.25122504708 5.44448339377 5.70849122771 108.355247067 119.167338283 129.704184929 129.86010945 0.192704018896 0.21888248329 4.22505701792 3.97981145576 0.248244661474 0.238521079921 3.53854726679 4.77708574416 0.194815712957 1.96909990994 1.83729390715 0.317935549064 0.158936944032 0.276441949697 0.18817077571 13.3999089374 0.158679362507 0.520798933245 0.631811804302 6.29500441969
-9999.0 -9999.0 -9999.0 -9999.0 -9999.0 -9999.0 -9999.0 -9999.0 -9999.0 -9999.0 -9999.0 0.490563860669 0.932497965342 7.37069764634 8.1291595818 0.397176851929 5.08844536681 0.293970653024 0.925644403574 2.09063590166 0.656537719996 0.313173099615 0.690237933483 0.274841549562 0.518986899618 0.250067771392 0.214041151204 0.144635345214 0.114486031972 0.0903320988077 0.0762828887556 0.122087115773 0.20066521745 0.227659506955 130.457479908 4.77999487142 4.46525956293 0.114744162051 0.688679123717 0.190318456925 0.160750905076 4.99420334156 7.64840446184 2.22339005828 1.723681738 0.191821341746 0.075137653376 0.0628422286516 0.197354032763 13.7624017414 14.0621715186 0.156708247441 0.158450194404 0.116243793608
-9999.0 -9999.0 -9999.0 -9999.0 -9999.0 -9999.0 -9999.0 -9999.0 -9999.0 -9999.0 -9999.0 -9999.0 0.397046909083 5.7780441001 14.2984810951 15.4660114516 20.9508821765 21.3917912318 4.69783718094 3.3877689246 0.975481629915 0.30805034713 1.29875355914 1.6112602659 2.38616917818 0.512784660204 0.456301833635 0.391759761181 0.744413883854 0.323936075411 0.293480796499 0.152108389072 0.0556859808059 0.0664327507139 130.642118149 135.5992036 135.743353276 0.110280010008 1.74745504222 0.821453407136 0.242899244386 8.42325730606 0.556806157963 0.289834116197 1.20057976714 0.21886440386 0.160088782391 0.293611497825 0.417906453796 0.565202990353 14.3186173899 0.11399446059 0.0981116309834 0.0953962805704
-9999.0 -9999.0 -9999.0 -9999.0 -9999.0 -9999.0 -9999.0 -9999.0 -9999.0 -9999.0 -9999.0 0.454726355383 4.43044576782 5.36111447529 0.825576461027 0.244163783243 0.525444251627 22.2694548426 22.6434880991 27.7430329445 0.276068071685 0.58110836751 0.250781906294 0.254412257036 2.63152809172 3.38893408218 4.06201332002 0.218647406585 0.961167010262 1.49786415194 0.850799227382 0.357131167854 0.203133965861 0.135761064947 0.13201703322 0.0680267727133 135.857527319 135.944327967 137.852803991 0.368211509859 0.207529683141 8.65777998895 0.591821640939 0.305972949015 0.342029833042 0.339294200463 0.295260613417 0.468608439996 1.34670230701 2.0673565974 16.5043856817 0.0827626715727 0.251294216343 0.168470575426
-9999.0 -9999.0 -9999.0 -9999.0 -9999.0 -9999.0 -9999.0 -9999.0 -9999.0 -9999.0 -9999.0 0.468264807964 3.13982451431 0.481593456569 0.399234252252 2.18529906541 2.53471223835 2.8811995381 3.19176179159 37.7077618713 37.9610389411 38.4831960926 42.5773772416 43.2794719057 43.6321784815 43.8849729188 48.3071971864 48.7817700214 48.9980662395 50.7266977345 51.8172161234 52.024706556 52.5515599332 0.328382494151 0.227968872217 0.0320784521 0.0374579108001 136.043811284 138.430077888 0.495298322016 10.1908113858 9.98917085411 1.07750110842 0.25572858463 0.263210974854 0.249919527328 0.257693909821 0.51783475593 0.723281793756 0.192917062041 16.6194109131 16.7381745613 17.2594213948 17.3537399678
-9999.0 -9999.0 -9999.0 -9999.0 -9999.0 -9999.0 -9999.0 -9999.0 -9999.0 -9999.0 -9999.0 1.65037040484 2.17107673672 0.979332766259 1.42943192861 0.441756400149 5.12585815284 5.49661194798 6.22693927585 6.46461269988 2.35669142945 41.2668334581 41.5017883187 0.182668741239 0.0994160668786 0.0728369955271 0.184421317866 0.073673820775 0.0488570853794 0.0444549465246 0.0651375004484 52.1562142285 52.7082250962 53.2593941854 53.6758687648 53.8235341566 0.0544348148042 0.0183379420493 148.992699103 10.4865704042 10.4022642513 0.233249132678 0.234949071178 0.183240518539 0.439012925538 0.431325256619 0.196929565086 0.208718159678 0.190760403181 0.380111316783 0.500932614464 0.0772351009285 0.137799960543 0.0562046196426
-9999.0 -9999.0 -9999.0 -9999.0 -9999.0 -9999.0 -9999.0 -9999.0 -9999.0 -9999.0 -9999.0 -9999.0 1.11771827082 0.509339040455 0.446099018282 4.37700906216 4.77251614595 0.394097885856 1.52200280937 1.85012258102 2.10972319793 0.296873258895 0.187569768111 5.88586248058 6.02588143595 6.14973557592 15.8882035409 15.958349728 16.050429294 16.7418835685 17.0182233319 17.0566318466 0.0424830226324 0.0459967918563 0.0642735134443 53.943364605 0.0418850889277 150.541037124 150.466395482 1.41035017973 1.30479662487 0.87413078635 0.21231841969 0.390967256165 0.639475327088 0.632408391344 0.37560625069 0.19930843378 0.385554130785 0.381595841849 0.664969991763 0.110242622037 0.222990367998 0.372123830408
