data/baseflow/History/mHMbfrc243
ncols                  80
nrows                 72
xllcorner      4374000.0
yllcorner      5656000.0
cellsize            500
NODATA_value       -9999
[rows 24 to 47 of 72, columns 0 to 54 of 80]
-9999.0 -9999.0 -9999.0 -9999.0 -9999.0 -9999.0 -9999.0 -9999.0 -9999.0 -9999.0 -9999.0 -9999.0 1.57099561299 4.559862965 5.99301717588 10.383272804 1.37895766369 2.75163422921 4.06070862458 15.2792263935 16.4426480729 17.4632910483 18.6300166521 19.8350580372 30.4224693238 33.9160408198 35.8891714514 0.867024932763 4.77659573967 5.5832257002 71.3300972851 75.0636349242 76.6529273225 78.2571807567 79.803135284 287.701786548 0.432948087569 583.559816591 1.56696600698 0.732077201739 5.67306342735 4.84029739081 0.82583786091 2.8135895269 4.00695328127 3.99280895884 2.8509209145 4.69539650243 7.46073266713 2.77116186875 7.21893513348 0.7054442253 1.13870166919 0.362968074106 0.292381360061
-9999.0 -9999.0 -9999.0 -9999.0 -9999.0 -9999.0 -9999.0 -9999.0 -9999.0 -9999.0 -9999.0 -9999.0 1.53180374125 3.05209945689 1.43921266052 2.91988975529 1.3739417662 10.0018198653 12.6513479969 13.9947719527 1.26044006445 2.44952753391 22.6753715574 28.3288839994 29.3264435972 2.36271472466 2.24909370577 3.24759570127 0.768439795971 0.740678945747 1.42244530779 0.649690429713 33.6567633657 34.3925540016 35.0739478233 288.335561355 588.934381475 584.326868788 1.22772415266 0.524940464893 0.491020186799 2.04739305362 1.51467789501 3.56846025392 4.84299550335 9.72727675745 0.894857096797 0.894909850859 8.28744502282 9.12724501817 17.8957718891 18.5164746131 20.0103100665 20.6868950592 0.598649149518
-9999.0 -9999.0 -9999.0 -9999.0 -9999.0 -9999.0 -9999.0 -9999.0 -9999.0 -9999.0 -9999.0 -9999.0 -9999.0 1.50771116296 2.97266647664 4.42958760084 7.21715592906 1.43345044417 1.34645778723 8.73930095694 10.002579396 20.3999430094 21.6217026381 3.51582941201 1.24963995268 1.21140624175 1.12177084744 29.1991495782 30.0724499603 30.885408229 31.6043946625 32.957232804 7.10953560876 7.82341582215 43.5147473688 921.073631119 3.97249598215 3.37251461151 1.77543845469 0.459308751642 0.434106704013 3.02416060272 3.410301456 4.55341917114 0.511431954118 10.3387639214 1.59907744631 1.58265666798 0.484681263292 0.354099506714 0.303480034532 0.266252054721 0.30467414048 21.0336480001 296.507473908
-9999.0 -9999.0 -9999.0 -9999.0 -9999.0 -9999.0 -9999.0 -9999.0 -9999.0 -9999.0 -9999.0 -9999.0 -9999.0 -9999.0 1.45343537397 2.61732734026 3.63514236246 4.68947081301 6.04475945475 7.41621273221 4.05077913224 6.67238980614 1.2399648738 1.23848789963 23.3682949317 25.7945626603 26.9461366005 28.1584836171 1.005613597 1.88462779423 4.76753422521 5.62744372353 6.40589828613 0.786860701345 0.570848163386 922.698640679 0.617894458209 0.903933621558 0.436341554637 1.74141319462 0.853847436677 0.407762606391 8.39108121472 8.71319845726 0.304779854699 10.653624216 12.5781639337 1.92001871666 309.330133065 308.549317461 307.873570839 306.64465419 306.144575382 297.927351209 297.637923021
-9999.0 -9999.0 -9999.0 -9999.0 -9999.0 -9999.0 -9999.0 -9999.0 -9999.0 -9999.0 -9999.0 -9999.0 -9999.0 -9999.0 0.223781964012 0.530858754585 1.00231820827 8.34331976955 9.75670440414 1.41051519744 1.35339150994 1.32547319397 18.417931047 20.9532767053 1.23124083578 1.26048657014 1.15483149727 4.66347745321 5.79627435177 3.04567777637 3.86871020948 25.8806619804 26.8234557928 28.3819177788 45.756439461 968.776216612 0.587721612864 0.385515879768 2.56317230274 2.15389713374 0.358467807825 1.14209922515 1.49811871881 9.09326227631 9.40953612761 22.8499144812 12.8393515436 2.18179321042 315.932924416 3.01246667443 307.265409636 306.966214059 7.71806977801 0.407602223807 0.888990296318
-9999.0 -9999.0 -9999.0 -9999.0 -9999.0 -9999.0 -9999.0 -9999.0 -9999.0 -9999.0 -9999.0 -9999.0 -9999.0 -9999.0 1.15824714849 1.88819532303 4.08655399907 7.0596500691 10.6394581524 13.1841130323 14.5419307713 15.8853704573 17.1796405894 1.26310474647 1.20934540166 2.40370943085 2.33199318501 1.179082433 22.2434836854 23.3633864858 24.4205011468 25.4223978264 15.1190160609 16.0301394241 16.7966946698 969.041473047 0.96614765804 0.935260093408 3.7555143184 0.387316464717 0.66655413634 0.328211451101 0.336940180445 1.80925427839 0.273309542728 0.28776375398 340.29299299 317.222238681 316.947975458 1.1276486175 2.73938848465 1.8255841131 0.473296922376 7.0574246645 2.17276310042
-9999.0 -9999.0 -9999.0 -9999.0 -9999.0 -9999.0 -9999.0 -9999.0 -9999.0 -9999.0 -9999.0 -9999.0 -9999.0 -9999.0 0.811306401406 0.741036927391 1.44083280218 2.22455926979 1.294491341 1.42341468604 2.78974543187 4.15222488951 6.76094989202 8.0645215051 9.31086954708 12.9687556957 14.1438167503 15.3481097965 1.13925833395 11.3478086614 12.3872236035 13.358550592 0.865041152372 0.47151107954 0.78863358326 986.257366598 986.514147579 988.023645529 4.79297773503 0.762344959365 1.08830191589 0.332295894589 0.610566289141 2.08565249318 2.60945693361 0.535740006818 341.561437845 0.390247978725 0.636691627021 0.713680819774 0.523274971573 0.995147659826 0.422603614167 4.37187730371 3.51725809331
-9999.0 -9999.0 -9999.0 -9999.0 -9999.0 -9999.0 -9999.0 -9999.0 -9999.0 -9999.0 -9999.0 -9999.0 -9999.0 -9999.0 -9999.0 0.694400067381 1.3777386029 0.70419920829 1.47315419282 9.41999646688 10.6609142361 12.0300522965 1.30171338461 1.30627953981 2.55806689254 3.80424492771 6.16633956205 7.34653426185 7.98179150808 9.0824793369 1.01114486636 0.965356545339 15.0726150468 15.5108309712 15.8368863791 16.1524524634 13.1628307272 1002.48052786 1009.32439038 1009.60750804 1010.9598158 1012.43126898 1013.35145873 0.296941198886 2.86775200707 341.834109021 0.74823753433 0.382563385707 0.334256241209 0.282513734942 0.517704864313 0.560095787654 0.314759941686 0.430741115407 0.434581016014
-9999.0 -9999.0 -9999.0 -9999.0 -9999.0 -9999.0 -9999.0 -9999.0 -9999.0 -9999.0 -9999.0 -9999.0 -9999.0 -9999.0 -9999.0 -9999.0 2.04988785349 2.83468943894 5.11801639842 7.04949578099 1.09126308489 14.5314512527 15.8287035807 17.1308685985 1.28935181154 2.55603703975 1.1942314166 8.60952142276 9.21854537326 10.196533773 11.2629540126 13.90790422 14.2896677826 0.237014133735 11.9511628725 12.5782236348 12.8646251209 14.1884806278 1.78188796366 1.17317899175 0.767463810496 0.740975071499 1014.28016663 1014.70768471 1019.59580469 342.131383865 1.91300230903 0.881518663884 0.582927951665 0.211327926318 1.67649646428 0.902779355539 0.295409785471 1.62701536798 1.36590534389
-9999.0 -9999.0 -9999.0 -9999.0 -9999.0 -9999.0 -9999.0 -9999.0 -9999.0 -9999.0 -9999.0 -9999.0 -9999.0 -9999.0 -9999.0 -9999.0 0.76906623013 3.58584280522 4.39222544628 1.17799934277 1.38738368137 2.75336701341 4.06198987534 22.507739134 1.28983554568 5.14810572099 6.35799428302 7.54160636744 0.644123438995 1.57325713684 2.15946992233 9.63955334582 10.8553834692 11.10606357 0.29931819362 0.323502588881 0.402084803311 0.73387996205 0.323271075024 0.351738091487 0.689351032162 0.559339677728 0.676925302668 1.70653271274 1020.05017795 1363.39584452 2.30718301145 0.359736370754 0.201495335548 5.36387392699 4.91123273143 2.94626567068 2.65801277077 2.01159910865 0.43749816836
-9999.0 -9999.0 -9999.0 -9999.0 -9999.0 -9999.0 -9999.0 -9999.0 -9999.0 -9999.0 -9999.0 -9999.0 -9999.0 -9999.0 -9999.0 0.61868460732 2.10542576296 0.711265984599 1.41022447205 1.49751993653 2.89197515746 4.25068765327 5.43413589582 28.7972762668 30.073469609 1.2952911693 2.52040689789 3.74747221769 4.59493913684 5.59413172625 8.62805065384 9.31175418821 0.862295164748 0.626266968507 0.544743064042 0.758063442409 0.719551098074 0.697399620336 0.596554418696 0.6867659178 2.35830529751 1.07830268013 0.408135817092 0.391811287873 0.434251191929 0.8368955144 1380.37357351 14.3269802802 6.16426706233 0.362259516634 0.150934637173 0.174152171195 0.701730984294 0.513482472815 0.276405488749
-9999.0 -9999.0 -9999.0 -9999.0 -9999.0 -9999.0 -9999.0 -9999.0 -9999.0 -9999.0 -9999.0 -9999.0 -9999.0 -9999.0 0.655923525695 1.2559985624 4.68188497299 0.688101670572 2.57935615095 4.07171835515 5.51101283889 1.43399482562 2.76244598905 3.83983727686 34.7494226555 1.2687218908 2.46792545625 3.66407280554 1.11975106227 2.22762257174 3.08150665785 3.79841810102 74.4053649067 75.7048982603 76.8512962768 81.9867310711 84.1509969817 88.3416172008 1.09625436629 2.37442313931 2.94923631895 101.01783625 101.857577419 0.373982614721 0.735499923856 1.08405772346 1380.66093898 13.6269529475 7.03618291985 6.87436625827 4.92864035052 4.15262738169 0.932300110877 0.209546320674 0.467972232936
-9999.0 -9999.0 -9999.0 -9999.0 -9999.0 -9999.0 -9999.0 -9999.0 -9999.0 -9999.0 -9999.0 -9999.0 -9999.0 -9999.0 0.670585062302 2.01869795919 7.36152426902 10.7977409652 0.620607189231 14.3855558529 20.7200812517 1.39776927925 2.72878537006 3.89897410968 45.8051644229 46.7859233843 1.16091169885 5.99630733541 7.09391642598 8.05674315041 66.119918406 68.5433519508 69.851486082 0.624866033041 3.66529398212 4.33419671109 2.00179291863 2.90194415969 92.4828750844 96.1518786741 96.8857689865 97.5885762169 102.796548158 0.462808554265 0.408187998927 1.83310085415 1380.95410827 0.26524643528 0.608715932897 1.8044596155 0.644915844609 3.84394473568 2.83424081141 1.65542744143 1.24173416456
-9999.0 -9999.0 -9999.0 -9999.0 -9999.0 -9999.0 -9999.0 -9999.0 -9999.0 -9999.0 -9999.0 -9999.0 -9999.0 -9999.0 -9999.0 -9999.0 1.40277653781 2.81675508077 12.8423191416 13.595113254 21.3779922856 22.1995235642 1.36150864761 2.71764534329 6.47094459996 47.558151317 49.8488050058 50.8898708167 0.894871269583 54.6571130034 57.1977123653 1.56946155628 0.630976375016 1.28576771535 2.48797597311 0.582408529048 1.1878377712 2.7828776163 3.47529546423 0.613868351809 0.44681895202 0.905179687006 106.005723099 107.05264773 107.418561399 110.087607218 1381.23066053 0.164544456288 0.497154023967 0.542485059853 0.529661982429 0.538216314956 0.488385687802 0.935021022396 0.144093164858
-9999.0 -9999.0 -9999.0 -9999.0 -9999.0 -9999.0 -9999.0 -9999.0 -9999.0 -9999.0 -9999.0 -9999.0 -9999.0 -9999.0 -9999.0 -9999.0 0.730982348573 0.715875150204 0.72280269427 1.59043747489 0.699566853843 23.5773201849 24.3401419052 1.26547540192 2.55894051025 1.32095362601 1.15530094023 1.13855706722 52.9782550453 0.868672455413 1.72788189821 0.814593647437 0.700067479866 0.62143155174 0.518252974858 0.531598213314 1.59505146663 2.1598459213 0.44331347948 0.396523896131 0.824181240101 1.32112641515 1.71435723601 0.477127417011 107.871651146 110.463844181 1381.42324712 1.57644217295 1.26611666658 0.396847646029 0.868543096511 0.344240717737 0.280668028447 1.23444928427 0.780261987888
-9999.0 -9999.0 -9999.0 -9999.0 -9999.0 -9999.0 -9999.0 -9999.0 -9999.0 -9999.0 -9999.0 -9999.0 -9999.0 -9999.0 -9999.0 -9999.0 -9999.0 -9999.0 0.708946800473 2.24907948376 2.850027674 3.5175539608 24.9913372276 25.648081771 26.3697593969 27.3803322402 28.5039721282 30.7853200292 31.6343659823 32.4803726202 33.2263731792 0.668052438744 0.63625535487 0.638602106071 2.23577516419 0.56846994907 0.542116477506 0.466085703174 1.34309754205 0.483268545819 0.392278588299 0.371719236948 0.324042470349 0.64700126422 0.92922531844 112.360929752 1495.59002035 0.143086742496 0.371941685823 0.363022455615 1.23710939538 0.748278806303 0.563823394203 2.67485195093 1.3170005531
-9999.0 -9999.0 -9999.0 -9999.0 -9999.0 -9999.0 -9999.0 -9999.0 -9999.0 -9999.0 -9999.0 -9999.0 -9999.0 -9999.0 -9999.0 -9999.0 -9999.0 -9999.0 -9999.0 0.600515927091 4.72937962607 9.55295414647 10.2957958439 1.13104509904 2.39470137158 3.70142852473 4.91591693594 12.3930360138 13.1240690199 0.707766331432 0.690901807617 34.5955351476 35.8558868917 36.4581395531 2.72334061978 0.444090989256 1.02024801545 1.50243533891 4.41325502653 5.35100394381 6.11452569479 0.717896889277 1.01147763571 0.33417490179 0.650701310913 0.325208424864 1496.18043966 0.153886642459 0.647843413246 0.581179474682 2.01568375875 3.37513008836 4.02638170804 6.78228211407 1.95582571986
-9999.0 -9999.0 -9999.0 -9999.0 -9999.0 -9999.0 -9999.0 -9999.0 -9999.0 -9999.0 -9999.0 -9999.0 -9999.0 -9999.0 -9999.0 -9999.0 -9999.0 -9999.0 0.665576919854 2.11250755662 4.1397701298 5.41311868054 14.2157676181 15.1558776199 2.66304213237 3.95729032657 5.14380333874 6.35813328196 13.931242505 15.392107544 27.5808822111 28.5108915493 29.1336097389 37.0510358825 41.2985290413 1.01452514208 0.612096626612 0.592355329557 1.13436368847 0.513839029748 7.07733994968 7.44800709974 1.33183025692 1.70873361889 0.335737930304 296.476037645 297.115771237 1793.6520187 1794.47913398 0.13294183212 2.29626723437 0.161549046242 0.161651461615 7.19017867144 9.3240936171
-9999.0 -9999.0 -9999.0 -9999.0 -9999.0 -9999.0 -9999.0 -9999.0 -9999.0 -9999.0 -9999.0 -9999.0 -9999.0 -9999.0 -9999.0 -9999.0 -9999.0 -9999.0 -9999.0 0.752696615969 0.733021132555 1.39207736881 3.31462685934 15.8036879713 1.35039745898 1.33911761429 2.5368109493 3.73257084673 9.36396411771 10.2940490733 0.63889938451 0.609702495197 29.8897039195 30.5006118181 72.3690314077 72.8998453897 0.414330084011 0.381444314122 0.329266157032 0.331569502853 0.328916377784 289.931553199 292.03471503 294.131031773 294.816986833 296.127587323 0.34700296257 1.30926076103 1.65724889168 1796.66063336 1796.76487305 1797.04590986 1797.40009893 1797.63252716 9.66425302541
-9999.0 -9999.0 -9999.0 -9999.0 -9999.0 -9999.0 -9999.0 -9999.0 -9999.0 -9999.0 -9999.0 -9999.0 -9999.0 -9999.0 -9999.0 -9999.0 -9999.0 -9999.0 -9999.0 -9999.0 0.677148091604 0.706098113192 1.31617329907 18.3923496846 19.1959876736 1.33166063338 2.52624159351 3.73014303169 4.72161218198 0.929030474142 1.76448226339 51.4778203382 52.1632722975 52.7545979247 57.3233560472 130.790131624 275.47083515 276.381041713 277.211177426 278.017066432 281.156176819 282.113715408 1.73596072562 0.800036237553 0.43860184984 0.838285543638 0.651586424169 1.0167490698 0.317521202042 7.55545161391 8.09317450861 8.50146898979 8.71234913318 1797.81716684 1807.79987506
-9999.0 -9999.0 -9999.0 -9999.0 -9999.0 -9999.0 -9999.0 -9999.0 -9999.0 -9999.0 -9999.0 -9999.0 -9999.0 -9999.0 -9999.0 -9999.0 -9999.0 -9999.0 -9999.0 -9999.0 -9999.0 0.690920169669 1.32799012521 1.9683967744 19.7568719188 1.01530637282 28.0634730875 29.3047050222 30.2829509994 31.1632288 48.0559402922 48.9056394497 0.714922461688 3.39457586135 4.08768886404 0.660887720505 143.763983908 142.55478711 0.436651387422 0.946190027334 2.42469698755 0.51082587056 0.510191667591 0.406531863614 0.348206531446 0.290343253381 0.314133019157 6.53415585852 6.84710433314 7.20668090031 0.255281873591 0.205534221706 8.83918079423 9.06456895516 9.23095695623
-9999.0 -9999.0 -9999.0 -9999.0 -9999.0 -9999.0 -9999.0 -9999.0 -9999.0 -9999.0 -9999.0 -9999.0 -9999.0 -9999.0 -9999.0 -9999.0 -9999.0 -9999.0 -9999.0 -9999.0 -9999.0 0.634389622089 0.597269233361 3.09447283189 24.2008813722 25.8926679579 26.8641539293 1.27877846938 14.7300129145 15.6487659826 16.0438041215 0.788678758506 1.556120869 2.22782927377 34.4128746313 34.9564592138 35.4447580885 141.635785372 82.5197354509 0.501868765998 0.498408219679 0.486434568365 0.401666612033 4.03548264955 4.796528853 5.48595453267 5.84866399394 6.20134696058 40.8103839982 41.0792705775 41.3948926708 42.1846893122 45.572169562 45.7646772047 55.2049580006
-9999.0 -9999.0 -9999.0 -9999.0 -9999.0 -9999.0 -9999.0 -9999.0 -9999.0 -9999.0 -9999.0 -9999.0 -9999.0 -9999.0 -9999.0 -9999.0 -9999.0 -9999.0 -9999.0 -9999.0 -9999.0 -9999.0 1.24446455005 1.90084451429 0.77057664492 1.36165019379 9.98897525343 11.3126719757 12.399912215 7.04156069499 7.97019521685 8.8922060589 9.62799489026 33.2425503852 33.9029933567 22.0833793615 58.0930759424 58.6336656417 82.0758377011 1.01825208109 0.504931858917 0.403124416517 2.7878841058 3.24807191615 0.301767414411 0.282317252995 39.61174362 40.2479694523 40.5529409964 0.392468173921 0.569045955976 44.9887097291 0.375730079361 1.34167796698 1.50904933052
-9999.0 -9999.0 -9999.0 -9999.0 -9999.0 -9999.0 -9999.0 -9999.0 -9999.0 -9999.0 -9999.0 -9999.0 -9999.0 -9999.0 -9999.0 -9999.0 -9999.0 -9999.0 -9999.0 -9999.0 -9999.0 -9999.0 0.624955544163 1.23842487615 5.41356244449 6.22825015935 7.36389243 4.97418820431 6.1152268771 0.930568877452 21.2418626913 22.1187655811 22.9453940256 0.712549116447 20.820849106 21.4947395837 0.55389348383 79.4375012089 1.11533024144 0.554484194341 1.47996586485 1.98602956052 0.405012331441 0.351897169239 36.3677993296 39.0242563848 39.3853729551 0.372694084102 0.854185522806 1.09346568927 1.31549952446 2.55009071853 0.494910995804 1.09134497821 0.231399232673
