data/baseflow/History/mHMbfrc406
ncols                  80
nrows                 72
xllcorner      4374000.0
yllcorner      5656000.0
cellsize            500
NODATA_value       -9999
[rows 0 to 23 of 72, columns 0 to 53 of 80]
-9999.0 -9999.0 -9999.0 -9999.0 -9999.0 -9999.0 -9999.0 -9999.0 -9999.0 -9999.0 -9999.0 -9999.0 0.469880320757 0.694252717451 -9999.0 -9999.0 -9999.0 -9999.0 -9999.0 -9999.0 -9999.0 -9999.0 -9999.0 -9999.0 -9999.0 -9999.0 -9999.0 -9999.0 -9999.0 -9999.0 -9999.0 -9999.0 -9999.0 -9999.0 -9999.0 -9999.0 -9999.0 -9999.0 -9999.0 -9999.0 -9999.0 -9999.0 -9999.0 -9999.0 -9999.0 -9999.0 -9999.0 -9999.0 -9999.0 -9999.0 -9999.0 -9999.0 -9999.0 -9999.0
-9999.0 -9999.0 -9999.0 -9999.0 -9999.0 -9999.0 -9999.0 -9999.0 -9999.0 -9999.0 -9999.0 -9999.0 0.871047596394 2.63511347876 0.581383896263 -9999.0 0.60324599391 -9999.0 -9999.0 -9999.0 -9999.0 -9999.0 -9999.0 -9999.0 -9999.0 -9999.0 -9999.0 -9999.0 -9999.0 -9999.0 -9999.0 -9999.0 -9999.0 -9999.0 -9999.0 -9999.0 -9999.0 -9999.0 -9999.0 -9999.0 -9999.0 -9999.0 -9999.0 -9999.0 -9999.0 -9999.0 -9999.0 -9999.0 -9999.0 -9999.0 -9999.0 -9999.0 -9999.0 -9999.0
-9999.0 -9999.0 -9999.0 -9999.0 -9999.0 -9999.0 -9999.0 -9999.0 -9999.0 -9999.0 0.357971847343 0.334421928311 0.360126256378 0.357251377329 3.27344455986 3.76164032514 1.70590816247 0.553938026586 -9999.0 -9999.0 -9999.0 -9999.0 -9999.0 -9999.0 -9999.0 -9999.0 -9999.0 -9999.0 -9999.0 -9999.0 -9999.0 -9999.0 -9999.0 -9999.0 -9999.0 -9999.0 -9999.0 -9999.0 -9999.0 -9999.0 -9999.0 -9999.0 -9999.0 -9999.0 -9999.0 -9999.0 -9999.0 -9999.0 -9999.0 -9999.0 -9999.0 -9999.0 -9999.0 -9999.0
-9999.0 -9999.0 -9999.0 -9999.0 -9999.0 -9999.0 -9999.0 -9999.0 -9999.0 0.337797807989 0.69649783223 1.37764417912 0.680831222683 0.32531487676 0.632635916638 4.05316851301 6.89792676175 0.576690775546 -9999.0 0.328082124994 -9999.0 -9999.0 -9999.0 -9999.0 1.15923161047 0.597410438142 -9999.0 -9999.0 -9999.0 -9999.0 -9999.0 -9999.0 -9999.0 -9999.0 -9999.0 -9999.0 -9999.0 -9999.0 -9999.0 -9999.0 -9999.0 -9999.0 -9999.0 -9999.0 -9999.0 -9999.0 -9999.0 -9999.0 -9999.0 -9999.0 -9999.0 -9999.0 -9999.0 -9999.0
-9999.0 -9999.0 -9999.0 -9999.0 -9999.0 -9999.0 -9999.0 -9999.0 0.414638458873 1.12104503487 1.43664872443 1.76061763906 2.36636608529 0.292526690165 1.18527211025 1.45874894225 9.18671372633 0.326598940796 0.237501909894 0.594434983258 0.850239484468 0.270942251565 -9999.0 2.86553413444 2.33970153419 0.599953743255 -9999.0 -9999.0 -9999.0 -9999.0 -9999.0 -9999.0 -9999.0 -9999.0 -9999.0 -9999.0 -9999.0 -9999.0 -9999.0 -9999.0 -9999.0 -9999.0 -9999.0 -9999.0 -9999.0 -9999.0 -9999.0 -9999.0 -9999.0 -9999.0 -9999.0 -9999.0 -9999.0 -9999.0
-9999.0 -9999.0 -9999.0 -9999.0 -9999.0 -9999.0 0.410070828088 0.351434146056 0.329620959482 0.340211035 0.348211576864 2.47414471421 5.16946045839 5.48837245616 5.70013533741 0.193914081541 9.67794557726 9.92324021641 0.500553757292 0.263227480219 1.09979323848 1.88739356505 0.31240133363 3.85316942381 0.264240043866 0.307731933623 0.27592710006 -9999.0 -9999.0 -9999.0 -9999.0 -9999.0 -9999.0 -9999.0 -9999.0 -9999.0 -9999.0 -9999.0 -9999.0 -9999.0 -9999.0 -9999.0 -9999.0 -9999.0 -9999.0 -9999.0 -9999.0 -9999.0 -9999.0 -9999.0 -9999.0 -9999.0 -9999.0 -9999.0
-9999.0 -9999.0 -9999.0 -9999.0 -9999.0 -9999.0 0.825078073996 1.20292807447 2.66159739361 3.63489252631 0.288238029559 0.309377314195 0.286311848072 0.824483817807 6.76091825321 0.196210854744 10.1588639063 11.1102466693 0.73447143613 0.487304243086 2.11645852787 0.253075700252 4.09969791018 0.483500695638 0.240414624668 0.538038604478 0.542754529185 0.281459454374 0.29527485548 0.283324006466 0.312229355241 0.623513336688 -9999.0 -9999.0 -9999.0 -9999.0 -9999.0 -9999.0 -9999.0 -9999.0 -9999.0 -9999.0 -9999.0 -9999.0 -9999.0 -9999.0 -9999.0 -9999.0 -9999.0 -9999.0 -9999.0 -9999.0 -9999.0 -9999.0
-9999.0 -9999.0 -9999.0 -9999.0 -9999.0 0.486069799694 0.913046994915 0.422653612657 0.797472138335 4.01981047154 4.65872532346 5.29338580662 17.9154919059 0.273857904839 7.02567796696 27.2378526985 27.4382384908 38.9289799163 0.22074485201 0.712730814464 2.34704568355 0.227917947798 6.89158401804 2.55388777402 1.583487568 1.33666378551 0.261709341559 0.83278627973 0.849387699063 0.564501929894 0.269805461266 0.904793729645 0.263944938837 0.257906578147 -9999.0 -9999.0 -9999.0 -9999.0 -9999.0 -9999.0 -9999.0 -9999.0 -9999.0 -9999.0 -9999.0 -9999.0 -9999.0 -9999.0 -9999.0 -9999.0 -9999.0 -9999.0 -9999.0 -9999.0
-9999.0 -9999.0 -9999.0 -9999.0 -9999.0 0.48934994077 1.39291111133 2.75209162486 3.14326143524 6.18194858589 6.53015209 7.64978294568 12.351212057 18.8993822503 19.4948695197 19.7679657179 0.447437865408 39.7722351686 40.2143842212 41.3940759698 51.5613415998 7.59565002524 7.14082828543 1.82796179358 0.238702585877 1.54404737029 1.06572685582 0.221751706321 1.0901817847 0.237474804005 0.500274479458 1.40647828189 1.65755104296 0.503606088315 0.241466092971 0.239046144532 -9999.0 -9999.0 -9999.0 -9999.0 0.531705830445 0.491582408094 -9999.0 -9999.0 -9999.0 -9999.0 -9999.0 -9999.0 -9999.0 -9999.0 -9999.0 -9999.0 -9999.0 -9999.0
-9999.0 -9999.0 -9999.0 -9999.0 -9999.0 0.460678785382 0.424508289221 1.83549120942 2.24054743012 2.66675443602 0.384854709845 0.756468339955 4.43449555897 0.766562879944 0.330515138847 0.281031785203 0.237022615463 0.279232238748 0.258774580133 0.267766545775 51.8032362136 52.4822486734 0.224231010314 0.694316115409 0.474407815439 1.76939788194 0.450098767891 0.21499205065 1.33407644412 0.464283145317 1.15338662679 2.85877696436 2.64203300302 0.737290437714 0.706497254378 0.248286462616 0.245455808137 -9999.0 -9999.0 0.246077003527 0.999758637519 2.51799299871 0.516927939735 -9999.0 -9999.0 -9999.0 -9999.0 -9999.0 -9999.0 -9999.0 -9999.0 -9999.0 -9999.0 -9999.0
-9999.0 -9999.0 -9999.0 -9999.0 -9999.0 -9999.0 0.493835705043 0.501064954099 0.898957323662 1.32298179299 2.93779991893 3.72200745214 4.11192444397 0.416350248746 0.277452462341 3.96199813306 4.78757487069 5.03721215471 6.11185759193 6.34895696476 0.234349743318 52.7184952888 53.8018247589 0.853835342307 0.101074540417 1.93857721289 4.34748981634 1.75933083703 0.424732410055 0.215558584052 4.43849918908 3.08244284631 0.210290721219 0.214499302218 0.926814527366 0.723027122671 0.221220644067 0.214967394888 0.236406130498 0.476168913132 0.22610154662 3.06433018395 3.27546383262 0.199839887118 -9999.0 -9999.0 -9999.0 -9999.0 0.229194625638 0.215681981157 0.080832887363 -9999.0 -9999.0 -9999.0
-9999.0 -9999.0 -9999.0 -9999.0 -9999.0 -9999.0 -9999.0 0.460771003134 0.374892784637 0.82575423234 1.24890376746 0.394882819651 0.327202017875 2.15865760086 2.77871655209 3.42093187662 0.2908794239 0.565253869847 0.277164991365 6.59743571592 15.5193422033 16.0325463367 70.4566183118 0.217731127411 0.291038185874 0.0870095907988 4.55507495234 0.210254211489 0.6444486997 0.209844892871 4.64500459206 4.85234484089 0.423792171361 0.423820879982 2.33621241965 1.17700907716 0.445357889423 0.228472335921 0.47113585352 0.706864938234 1.14013192767 0.204465528109 3.67452548144 3.87463453937 0.187111540002 0.197265523224 0.204395070654 0.189600051317 0.181962176223 0.630690982183 0.255919907996 0.153755432005 -9999.0 -9999.0
-9999.0 -9999.0 -9999.0 -9999.0 -9999.0 -9999.0 -9999.0 -9999.0 0.827881623745 1.15914048417 0.388356972628 0.804339068579 1.16075810137 1.8689002166 0.353940801385 0.333350820452 0.268296021041 0.271700336867 0.240287055501 8.41191678667 0.285237954362 0.549336647756 71.5858845046 72.3441287776 0.248063350036 0.776808804039 5.52875372747 0.413261859612 0.831811036065 0.385635136727 0.572591587756 5.65409884284 0.615237732522 3.3523246763 2.74151267654 0.208193154624 1.10696558009 0.447970369339 0.68427197903 0.212259458222 1.34812794943 1.74965091606 1.93410325179 2.11160406797 4.5981319784 0.364538949871 0.378815604629 0.355783598599 0.340646563049 0.795436710582 0.163532000356 0.576050232573 0.724145821536 -9999.0
-9999.0 -9999.0 -9999.0 -9999.0 -9999.0 -9999.0 -9999.0 -9999.0 0.451172434495 2.04259271072 2.41414903391 0.371004446438 0.712184996986 0.339858012033 0.298305775947 0.292045100374 3.75324218296 4.93830970576 6.30421083856 7.85925205728 0.360815992324 0.272891741609 0.254925304751 73.9889814127 75.0303948213 75.3599409792 7.43542800126 1.6510694499 1.44039632798 0.182733530283 0.748338693838 6.58426163761 0.180297428943 3.53672088607 0.203900837868 1.45313383198 1.33097828226 0.215430629767 0.896330496331 0.42264420765 0.628425961909 0.192519191749 0.169435337964 2.28753423099 2.45454362167 4.764743642 0.552357187819 0.523940440871 0.503639618729 0.966321568849 1.29548439234 0.163855078633 0.87913565865 0.165879011922
-9999.0 -9999.0 -9999.0 -9999.0 -9999.0 -9999.0 -9999.0 -9999.0 -9999.0 0.472270401406 2.81997475102 3.17672859974 1.05437709987 1.72863690255 2.32594370413 2.62656862041 0.310180376479 0.916511063381 0.606660199507 0.322712530156 0.308889289446 0.264153747676 0.514292572025 0.881315891061 0.385512236091 83.561435899 83.8212110858 0.246635245179 0.179847676577 0.367966134634 0.549156744122 7.12142597146 0.358016900688 3.7044056709 2.20577018398 1.82819305771 0.202586403951 0.412688177422 1.08800396074 0.191091533857 0.814521719656 0.375728843585 0.246594722285 0.0649908682201 2.7533745002 7.67189974543 0.697702589177 0.670356880581 0.651079661917 0.146245656455 1.440269223 0.142177630821 1.18218237984 0.149125341526
-9999.0 -9999.0 -9999.0 -9999.0 -9999.0 -9999.0 -9999.0 -9999.0 -9999.0 -9999.0 0.361220041685 3.90427219839 0.338057324798 0.670480851481 0.954561668084 1.50362007623 0.278514124719 0.594836441394 0.286105186934 0.264712403002 0.247631368612 0.490962441375 0.2192639568 0.239096808951 0.510815600405 0.310784120543 84.1724677297 84.732046625 85.4627972911 0.742356237019 0.182478677084 0.363693710379 7.30966869168 6.81529303391 2.59709604958 0.192701145581 0.808988806132 0.609694023196 1.28026817848 0.382246705761 1.56519672403 0.560629633349 0.386287332171 0.0306502397235 0.0706795158011 7.8327388349 8.00012750791 9.52084973566 1.10641950958 0.300920231266 1.59525911825 1.88815445817 3.20756078717 0.293434322115
-9999.0 -9999.0 -9999.0 -9999.0 -9999.0 -9999.0 -9999.0 -9999.0 -9999.0 -9999.0 -9999.0 0.248844809074 4.36480455877 0.308965448557 0.587397875652 2.63790923332 0.282744970329 0.279066547228 0.24504276517 0.523437412817 0.262755126059 1.01083088535 1.45793863617 1.66613573353 0.712577969776 0.940490840458 0.261399241481 0.287281915094 0.32283109394 86.7803764795 87.3712568748 7.4758284612 7.14521328248 6.98242052172 0.340904839222 0.166844704604 0.989018760543 2.63226222068 1.46365847323 0.564037691184 2.30551650696 0.668107934735 0.500448062788 0.0585936073936 0.0251423011241 0.0243340706409 0.0352443723689 9.77309031699 11.3261889314 0.146090260947 0.137908427374 0.146046085057 3.34850841546 3.77028160692
-9999.0 -9999.0 -9999.0 -9999.0 -9999.0 -9999.0 -9999.0 -9999.0 -9999.0 -9999.0 -9999.0 0.224726292263 4.84563105694 5.85781531126 0.284957444875 3.19858121838 0.256574077658 0.244334836776 0.49751891525 1.27995989763 0.251016264646 0.267566066025 0.218118857863 2.10220415115 2.30811968148 3.47280327873 3.90442933738 4.08174515214 4.32358673811 4.55716688888 92.2362636261 100.105059985 107.664619606 107.957326066 0.184065955237 0.171326594243 2.99343176771 2.81437228042 0.179868363285 0.178071264176 2.47681087934 3.32084036032 0.128981803943 1.15390187744 1.08898357484 0.157665567059 0.0785095852165 0.137692266736 0.153626238683 11.6283559554 0.148483591199 0.404353881545 0.533107600415 4.56310584161
-9999.0 -9999.0 -9999.0 -9999.0 -9999.0 -9999.0 -9999.0 -9999.0 -9999.0 -9999.0 -9999.0 0.387950741443 0.721335583178 6.17776130002 6.70698092297 0.26547500557 3.94517981361 0.216237760957 0.672576008031 1.50627010246 0.483009809923 0.230779655192 0.47974725443 0.199169154738 0.384278376141 0.189606452972 0.152321516139 0.0884856578564 0.0662439224719 0.0484246192159 0.0401792946988 0.0763940182753 0.137744064662 0.245784834879 108.669561946 3.78534576432 3.40803332484 0.197620243098 0.52070113757 0.135304669319 0.118897645747 3.48521757301 5.11461387149 1.33231688885 1.03323448545 0.100147138916 0.0373287124523 0.0308959786385 0.143421769875 11.9314341248 12.2431124959 0.159755146095 0.158924852355 0.0707367996861
-9999.0 -9999.0 -9999.0 -9999.0 -9999.0 -9999.0 -9999.0 -9999.0 -9999.0 -9999.0 -9999.0 -9999.0 0.298329858 4.42433730546 11.4190722552 12.2851237281 16.5216004066 17.0060982279 3.59777115395 2.4602834538 0.718803086534 0.227103603054 0.9262365935 1.13997965275 1.71750601959 0.388131186663 0.338168497483 0.277690764015 0.527176731234 0.228552795328 0.201165576334 0.0934015460698 0.0343085829675 0.0351059464334 108.874789455 112.817216292 113.104972798 0.20990609875 1.5260633116 0.600753973999 0.177131429047 5.65540095312 0.380025747099 0.196263534147 0.763937073996 0.11516367386 0.104578289947 0.209127179892 0.338502031496 0.490438712968 12.5285044375 0.13828474506 0.127423363636 0.126677954319
-9999.0 -9999.0 -9999.0 -9999.0 -9999.0 -9999.0 -9999.0 -9999.0 -9999.0 -9999.0 -9999.0 0.346188655566 3.41161199023 4.11030758624 0.601434795888 0.223465584827 0.446220754497 17.6940007951 18.0440999481 22.1076598533 0.204413548546 0.429375736243 0.189465479428 0.192600438924 1.90777476245 2.48569510851 3.00162968506 0.174402751606 0.701410937947 1.10085715622 0.623066049735 0.259128775039 0.134767415396 0.0749975651801 0.0902184964255 0.0522895689344 113.346175044 113.569978982 115.450222734 0.310238560047 0.159630268164 6.02388604499 0.410657252515 0.210623702254 0.225634667944 0.222952200551 0.201025672239 0.310243628519 0.991081785643 1.63982234737 14.3046066207 0.118302460608 0.352252798433 0.235268791663
-9999.0 -9999.0 -9999.0 -9999.0 -9999.0 -9999.0 -9999.0 -9999.0 -9999.0 -9999.0 -9999.0 0.358803212523 2.43641721783 0.364555558613 0.290734000521 1.62531230834 1.87051343739 2.11738175894 2.34425330441 29.2665884201 29.4639208045 29.8625728258 32.7565177513 33.2718757945 33.5321732524 33.7280821029 36.9888558566 37.3643369638 37.5404858303 38.808119606 39.617859629 39.7839521181 40.1534286185 0.232207645836 0.143562943433 0.0166356874834 0.0257163999762 113.739327604 116.1223475 0.48090420883 7.39275860889 7.20479238152 0.770102913122 0.183289185534 0.184303673327 0.179016412204 0.178655656554 0.359466349824 0.522098144768 0.165151642073 14.4401944542 14.5798866795 15.2935516752 15.4166050298
-9999.0 -9999.0 -9999.0 -9999.0 -9999.0 -9999.0 -9999.0 -9999.0 -9999.0 -9999.0 -9999.0 1.28719852801 1.68964382378 0.74016804906 1.06949544421 0.321507815009 3.66774780619 3.92557968629 4.43592669744 4.58625916962 1.60079303766 31.769282799 31.9420159173 0.124640509357 0.0658463063222 0.0484618494063 0.123327876436 0.0535067741878 0.0332442393696 0.0304390039158 0.0379521326233 39.8628351894 40.2515615049 40.6946828065 41.0267898562 41.1565566348 0.0358733154105 0.0214578274409 124.0537515 7.74810910189 7.58858182091 0.168104430497 0.163204522476 0.152190877965 0.338139301595 0.334352280318 0.15439351036 0.155191278165 0.146661128953 0.309811154426 0.438323306378 0.11374410987 0.209668872618 0.0602023741688
-9999.0 -9999.0 -9999.0 -9999.0 -9999.0 -9999.0 -9999.0 -9999.0 -9999.0 -9999.0 -9999.0 -9999.0 0.875697537596 0.391658460507 0.331214788209 3.15280628071 3.42309649117 0.272783619662 1.04356206715 1.26958073784 1.4279891281 0.199836726051 0.145359640157 4.1833934018 4.29871201646 4.39256080638 12.1516583463 12.197315418 12.2598271785 12.963740402 13.1421672918 13.1657949211 0.0279905962796 0.0304606989058 0.0348748714987 41.4631900301 0.0755049094326 125.544057092 125.277244942 1.10065703439 0.948480219273 0.643895851605 0.159652025927 0.305751105732 0.495142347181 0.490869610387 0.30310711936 0.149744910113 0.294421847501 0.291627973121 0.570246611539 0.0841087796362 0.28059441375 0.450823251076
