data/baseflow/History/mHMbfrc236
ncols                  80
nrows                 72
xllcorner      4374000.0
yllcorner      5656000.0
cellsize            500
NODATA_value       -9999
[rows 24 to 47 of 72, columns 0 to 53 of 80]
-9999.0 -9999.0 -9999.0 -9999.0 -9999.0 -9999.0 -9999.0 -9999.0 -9999.0 -9999.0 -9999.0 -9999.0 0.738673393731 1.96113255991 2.52501746815 4.1910783327 0.423186791799 0.872850326724 1.26821182537 5.19186044553 5.46198950199 5.61703385596 5.84439335847 6.13456568204 9.32688717738 10.1110824248 10.4793009551 0.117730926861 0.817438033102 0.921826731785 18.6924303866 18.962110379 19.0999047732 19.2413470365 19.3435099543 77.702838393 0.0697993457726 152.767438149 0.105950631784 0.0430555684121 0.893141011032 0.8012452155 0.0889713027415 0.431767821835 0.683078273577 0.668994881568 0.442585837267 0.719286764495 1.13514762352 0.418335108171 1.06913242285 0.0663680465139 0.107231468049 0.0131175512961
-9999.0 -9999.0 -9999.0 -9999.0 -9999.0 -9999.0 -9999.0 -9999.0 -9999.0 -9999.0 -9999.0 -9999.0 0.666199659893 1.31522371598 0.567083898111 1.14019588119 0.432473123423 3.64108835253 4.41534331691 4.83471220287 0.348101552351 0.639592892273 7.41629379589 8.89609748854 9.10680532627 0.537083518141 0.481890453527 0.664706878749 0.0788036930929 0.0638351644155 0.115271242335 0.0579361367975 12.4943310153 12.5612229918 12.5977146844 77.8413961535 153.298783378 152.80843343 0.0564201548142 0.031903481117 0.0275810472831 0.140731618948 0.121566361603 0.487207042246 0.776376525752 1.57611527526 0.131850310681 0.130128718105 1.23178144497 1.33377974434 2.58542475885 2.63423315168 2.75643749439 2.78067785038
-9999.0 -9999.0 -9999.0 -9999.0 -9999.0 -9999.0 -9999.0 -9999.0 -9999.0 -9999.0 -9999.0 -9999.0 -9999.0 0.573128418498 1.15784735108 1.76082988455 2.71283644546 0.501404021517 0.410394785709 3.44719773659 3.7929351756 6.86719458425 7.23890695842 0.996656521227 0.310523268873 0.257602713313 0.222058773557 12.0513482107 12.1623353249 12.2538136798 12.3166487873 12.4357814021 1.07835780221 1.1396910357 13.7800315057 245.007057247 0.345488604005 0.24720594401 0.104468315994 0.0315011162877 0.0223162198179 0.193395635306 0.207072882658 0.524453136263 0.0187062387585 1.60556702071 0.189603663928 0.182614512277 0.019027093877 0.0108254919733 0.0102183864701 0.0159800621191 0.0121756182464 2.79431912886
-9999.0 -9999.0 -9999.0 -9999.0 -9999.0 -9999.0 -9999.0 -9999.0 -9999.0 -9999.0 -9999.0 -9999.0 -9999.0 -9999.0 0.546804758474 1.14769539912 1.68292421642 2.21200327348 2.62926842365 3.07117743898 1.22089942339 2.0527807383 0.355285255307 0.328963950959 10.688568967 11.3141357698 11.5798828825 11.873254174 0.169863335787 0.280130357482 0.798799484365 0.897433902631 0.988969456434 0.0881409817737 0.0661953534184 245.301533737 0.10142359533 0.103768822024 0.0518033414274 0.136961271921 0.0633700329547 0.0359939154179 0.764621053569 0.803116980823 0.0177311882306 1.62974958328 1.83046958847 0.192232149053 43.5952775916 43.5642016461 43.5388833081 43.4676015472 43.4354377542 42.7285016015
-9999.0 -9999.0 -9999.0 -9999.0 -9999.0 -9999.0 -9999.0 -9999.0 -9999.0 -9999.0 -9999.0 -9999.0 -9999.0 -9999.0 0.171359983726 0.373081409516 0.545683992352 5.66437324231 6.0883870352 0.442181213507 0.413344188558 0.413413690612 9.29393018662 10.0638238266 0.36087617273 0.369380369102 0.241074392678 1.02718499951 1.27297104539 0.535161261672 0.665244832657 6.50440885117 6.64494928328 6.97210126117 10.5657563657 255.976979264 0.107009303895 0.0391605740346 0.218942452014 0.178506788328 0.0320051191116 0.105082168462 0.141182759168 0.84216633597 0.873321879501 2.75568977587 1.84290621496 0.207535419447 44.2428723006 0.280597232782 43.5135415806 43.4926093401 0.675339517818 0.0523098909193
-9999.0 -9999.0 -9999.0 -9999.0 -9999.0 -9999.0 -9999.0 -9999.0 -9999.0 -9999.0 -9999.0 -9999.0 -9999.0 -9999.0 0.879877750355 1.4431043205 2.88279507309 5.14363309617 6.61942829167 7.71436600976 8.13114742289 8.56224414228 8.96893178806 0.362867530329 0.29777956326 0.570103674636 0.515386781853 0.273924011221 5.79621603991 6.02965086964 6.23755498766 6.42581928829 3.19085014077 3.28526333512 3.48038234657 256.074172987 0.218084273298 0.125481697987 0.386674583866 0.0393287930426 0.0903374558536 0.0533041130815 0.0321827214759 0.181391689749 0.0224400274848 0.0238450141201 47.1725010455 44.3981528495 44.3709139491 0.139276680869 0.268239346105 0.163628091034 0.0274690221818 0.57560812391
-9999.0 -9999.0 -9999.0 -9999.0 -9999.0 -9999.0 -9999.0 -9999.0 -9999.0 -9999.0 -9999.0 -9999.0 -9999.0 -9999.0 0.617740548127 0.592570595928 1.17232450956 1.74965756984 0.572918366883 0.558183067222 0.999080777908 1.41673385229 2.16487230686 2.54061268474 2.84562933917 3.74026642332 4.00692159165 4.31103212517 0.252847762997 2.65794701979 2.84130308971 2.98832304379 0.0911531954462 0.0294448150533 0.0639558709042 259.597110175 259.689151615 260.058767768 0.529442791217 0.0976115956435 0.121827691913 0.0301699151421 0.0570288657857 0.209980216034 0.253441581156 0.0426076144903 47.2964740838 0.0453002442294 0.0748297573681 0.0843846876594 0.0641344630088 0.113491370465 0.0440358650596 0.42956569758
-9999.0 -9999.0 -9999.0 -9999.0 -9999.0 -9999.0 -9999.0 -9999.0 -9999.0 -9999.0 -9999.0 -9999.0 -9999.0 -9999.0 -9999.0 0.567031357858 1.10341030808 0.505313512022 1.0366303186 6.45165696239 6.86608510894 7.24776489739 0.375784153458 0.378542716469 0.681350526943 0.994320821356 1.49998098693 1.76958875586 1.94484320284 2.17223067537 0.164189497781 0.130717633523 3.16577141179 3.21989380281 3.28012224369 3.35829782261 2.89872373755 263.297104178 264.275114866 264.325821855 264.490324022 264.670110244 264.755422044 0.0193034277125 0.273509442167 47.3159013509 0.0396643227908 0.0205407987327 0.0330952907533 0.0365747593804 0.0604525818844 0.050323530134 0.0320973236679 0.064918578866
-9999.0 -9999.0 -9999.0 -9999.0 -9999.0 -9999.0 -9999.0 -9999.0 -9999.0 -9999.0 -9999.0 -9999.0 -9999.0 -9999.0 -9999.0 -9999.0 1.63623414523 2.15701241882 3.7620337477 4.90176639814 0.579682018306 8.32642260489 8.69257787237 9.01988390512 0.322384476649 0.620918958125 0.252339119791 2.03752144338 2.18649940929 2.40777608849 2.61235261697 3.03008048742 3.11444808678 0.0543883655382 2.56179446787 2.72900784353 2.8240769785 3.14378107947 0.363750774947 0.211031950593 0.102499336697 0.0949341846059 264.850469148 264.889839637 265.362154104 47.3344199275 0.132237086873 0.0779403457383 0.0532204871846 0.014698584306 0.170930403096 0.0893507809372 0.0274049663352 0.174062062784
-9999.0 -9999.0 -9999.0 -9999.0 -9999.0 -9999.0 -9999.0 -9999.0 -9999.0 -9999.0 -9999.0 -9999.0 -9999.0 -9999.0 -9999.0 -9999.0 0.540499000499 2.70014637906 3.26839757093 0.591117881074 0.422315858822 0.873401400175 1.26046016045 10.6363420852 0.315615592466 1.27734417931 1.54931601566 1.81224237417 0.158917581391 0.354194037572 0.436747084608 2.03669655783 2.2415981145 2.33596819696 0.0916756953562 0.072843000882 0.0785352549769 0.145508540475 0.0571350970438 0.0576852119876 0.0624254374338 0.0568159997581 0.0642435308444 0.170991433336 265.409702096 312.841226093 0.162122362673 0.0425384087574 0.0163819120835 0.566469060873 0.532796715488 0.331587449919 0.299718483941 0.22344613949
-9999.0 -9999.0 -9999.0 -9999.0 -9999.0 -9999.0 -9999.0 -9999.0 -9999.0 -9999.0 -9999.0 -9999.0 -9999.0 -9999.0 -9999.0 0.478941609112 1.49363889861 0.481132897831 0.549555483236 0.495119557596 0.931443753005 1.35468447048 1.75544635536 12.8196689714 13.1162468779 0.310582522748 0.583990323876 0.864583074203 1.0551532503 1.22946171201 1.74671066843 1.94207735177 0.0850339262739 0.0783726757846 0.0627304656856 0.0626970879903 0.0657158846677 0.0994064552271 0.0829624529645 0.105538281286 0.238648605461 0.112516833714 0.0446603758262 0.0431208914763 0.0328100981774 0.0582459478752 314.7152048 1.66213524191 0.704740194532 0.0910857738398 0.0434565971065 0.024314278486 0.0786390123467 0.0505912338366
-9999.0 -9999.0 -9999.0 -9999.0 -9999.0 -9999.0 -9999.0 -9999.0 -9999.0 -9999.0 -9999.0 -9999.0 -9999.0 -9999.0 0.511745502623 0.974704180817 3.39257111312 0.434630870375 1.06735099825 1.53043785414 1.94043341956 0.447834011847 0.80405678242 1.24415819759 14.7440712658 0.281145686275 0.524740931768 0.778690371837 0.222655921588 0.432911208178 0.499507422523 0.651020275286 23.221066916 23.3886802065 23.5395381591 24.3165531734 24.5132893468 25.0453469699 0.110976440104 0.256639027786 0.279652164575 26.4129500798 26.4857333892 0.0377576355642 0.056924379015 0.075359689174 314.765770644 1.58486906281 0.753063091935 0.69478620343 0.594744995868 0.529885901642 0.10337830015 0.0269579607302
-9999.0 -9999.0 -9999.0 -9999.0 -9999.0 -9999.0 -9999.0 -9999.0 -9999.0 -9999.0 -9999.0 -9999.0 -9999.0 -9999.0 0.534548032143 1.60023407249 5.51788673532 8.16238961701 0.378171928347 10.5006763902 12.8848073512 0.399106602095 0.748505989477 1.17056540252 18.111536244 18.43997212 0.20490204952 1.19435932608 1.37945261667 1.53807785453 21.9745675265 22.289008661 22.5076814353 0.104797529649 0.570388802846 0.681484569532 0.265823807112 0.376003864453 25.552722535 25.9594860215 26.0363430858 26.1052510138 26.5437905598 0.0275912446389 0.0235886500552 0.118228612736 314.81536727 0.069866086999 0.018279716667 0.0541517038536 0.0244641543829 0.466915952291 0.411238388673 0.253173945399
-9999.0 -9999.0 -9999.0 -9999.0 -9999.0 -9999.0 -9999.0 -9999.0 -9999.0 -9999.0 -9999.0 -9999.0 -9999.0 -9999.0 -9999.0 -9999.0 1.10373982175 2.19669907496 9.59056380719 10.098145825 13.3239101685 13.7788281656 0.394870302869 0.79080221831 1.82810640113 18.7757307186 19.256011236 19.4201172912 0.124917026833 20.0220949003 20.3421538423 0.212265101317 0.107276126056 0.195425936458 0.382588472422 0.0941981953986 0.180545589435 0.365600854286 0.451766332759 0.0912487389877 0.0486664303534 0.0918509182308 26.924841244 27.030527622 27.0500843756 27.2421462654 314.857177251 0.0457014779486 0.00913294351839 0.0121889494034 0.01219008367 0.012852709367 0.0110909673448 0.0195970107629
-9999.0 -9999.0 -9999.0 -9999.0 -9999.0 -9999.0 -9999.0 -9999.0 -9999.0 -9999.0 -9999.0 -9999.0 -9999.0 -9999.0 -9999.0 -9999.0 0.570465482782 0.552549901624 0.525940888948 0.998169164489 0.420918622764 14.6269609951 15.0379157476 0.367883598455 0.708304311895 0.312582924445 0.237445298098 0.224714365437 19.7796596823 0.0987810659633 0.214077239676 0.124515857978 0.10923589422 0.09364033038 0.0644064372962 0.0691316026112 0.219901963957 0.309513293548 0.052363536823 0.0421143374783 0.0972152876409 0.175939477084 0.227182855152 0.0603741878848 27.0985344168 27.2639918153 314.890358775 0.120401720178 0.0263671054741 0.00527777983149 0.0161474806967 0.0041298033502 0.00324346407084 0.023405564759
-9999.0 -9999.0 -9999.0 -9999.0 -9999.0 -9999.0 -9999.0 -9999.0 -9999.0 -9999.0 -9999.0 -9999.0 -9999.0 -9999.0 -9999.0 -9999.0 -9999.0 -9999.0 0.545203913407 1.47747453546 1.87429010114 2.2867317152 15.4559460039 15.8895098259 16.2907914956 16.6709304688 16.8850048699 17.3434317917 17.4393863044 17.5250590655 17.5972929257 0.082093870403 0.0758096555209 0.0855343877974 0.295781164431 0.0839634986346 0.0795199719813 0.0527103908078 0.153881426136 0.0668920995432 0.0452099525825 0.0401132729326 0.0311340561486 0.0620550832132 0.0911784366285 27.4576584172 342.501799068 0.0443357889167 0.0765113874548 0.00347891665538 0.0210663527442 0.0100525189245 0.00654085804846 0.269886389716
-9999.0 -9999.0 -9999.0 -9999.0 -9999.0 -9999.0 -9999.0 -9999.0 -9999.0 -9999.0 -9999.0 -9999.0 -9999.0 -9999.0 -9999.0 -9999.0 -9999.0 -9999.0 -9999.0 0.434784821855 3.59586679583 6.83949292654 7.25385918121 0.545027769272 0.929540509849 1.27218395213 1.52061400452 3.3270462004 3.41543468734 0.0851138163737 0.085735453906 17.779870803 17.9325450651 18.0005538707 0.344117123374 0.0409436034145 0.12884444815 0.18434428495 0.549665047448 0.675277338403 0.762358562232 0.0759220833089 0.103706944016 0.0362709915262 0.0733574176843 0.0390938467066 342.576306488 0.033866156495 0.146363055228 0.0332345256009 0.0671630068285 0.25264991215 0.279563643433 0.572563448215
-9999.0 -9999.0 -9999.0 -9999.0 -9999.0 -9999.0 -9999.0 -9999.0 -9999.0 -9999.0 -9999.0 -9999.0 -9999.0 -9999.0 -9999.0 -9999.0 -9999.0 -9999.0 0.503226950538 1.62852893519 3.1697513887 4.11909817961 10.1852586391 10.6725377479 0.747065893638 1.09260835776 1.36541876424 1.6083861868 3.50383787352 3.67669744511 6.26246071459 6.44897511956 6.52344519078 18.0696885548 18.5833448454 0.114356833147 0.0936636948326 0.0855764749928 0.161827643139 0.0707025583332 0.897015455814 0.93872225076 0.137198133535 0.174621087066 0.0335559088208 97.7630234297 97.8514123019 440.481029911 440.689787388 0.0428737049335 0.164154889865 0.0633135401098 0.0468146203751 0.647033150022
-9999.0 -9999.0 -9999.0 -9999.0 -9999.0 -9999.0 -9999.0 -9999.0 -9999.0 -9999.0 -9999.0 -9999.0 -9999.0 -9999.0 -9999.0 -9999.0 -9999.0 -9999.0 -9999.0 0.59169775491 0.57274664113 1.06158711486 2.50060150164 11.1364305529 0.393932555656 0.386601741671 0.658905288188 0.948696789732 2.18392092874 2.32891311234 0.103949202607 0.131337403097 6.64289652534 6.72251980638 25.3748355971 25.431287469 0.0352844202846 0.0290193160347 0.0234299820655 0.0237440290828 0.0284109392001 96.9154594601 97.2167922688 97.4379297799 97.5187411459 97.7267470034 0.0495942522645 0.173849711723 0.200121681052 440.974461084 441.006887374 441.074772858 441.120634009 441.178675134
-9999.0 -9999.0 -9999.0 -9999.0 -9999.0 -9999.0 -9999.0 -9999.0 -9999.0 -9999.0 -9999.0 -9999.0 -9999.0 -9999.0 -9999.0 -9999.0 -9999.0 -9999.0 -9999.0 -9999.0 0.508559954202 0.540820047682 0.9919804143 13.0747824803 13.5045273346 0.372051755967 0.64639651468 0.948455649536 1.12798758238 0.137877340969 0.269442099397 26.4834718743 26.5640796979 26.6512584558 27.3660086815 52.8708663423 95.067757135 95.1719100913 95.2660459371 95.3533922543 95.7837991714 95.9322160294 0.261607149929 0.107496490174 0.0735184436405 0.133282552603 0.0853765099934 0.140742753014 0.0439238144097 1.01505680457 1.16060374343 1.2839964999 1.29410466909 441.202138946
-9999.0 -9999.0 -9999.0 -9999.0 -9999.0 -9999.0 -9999.0 -9999.0 -9999.0 -9999.0 -9999.0 -9999.0 -9999.0 -9999.0 -9999.0 -9999.0 -9999.0 -9999.0 -9999.0 -9999.0 -9999.0 0.52082378251 0.995198162089 1.47501908453 13.8976425879 0.364909461661 18.5790555461 18.9005987455 19.0340571071 19.1788477242 25.9042838935 26.0774179694 0.0998424393849 0.533881169346 0.648678612214 0.110722035952 42.0988576218 41.9024656059 0.050709952139 0.128510778898 0.35628151772 0.0832513345402 0.0909015915857 0.0543349999186 0.0428239483972 0.0293077290888 0.0385512395234 0.879621997619 0.923381891108 0.982133252327 0.11866243323 0.100228764218 1.34752003488 1.36572445868
-9999.0 -9999.0 -9999.0 -9999.0 -9999.0 -9999.0 -9999.0 -9999.0 -9999.0 -9999.0 -9999.0 -9999.0 -9999.0 -9999.0 -9999.0 -9999.0 -9999.0 -9999.0 -9999.0 -9999.0 -9999.0 0.463630117614 0.434037995049 2.26882919617 17.0832820802 17.9056545303 18.3085122684 0.304488787306 6.38469977117 6.51474260933 6.5885509191 0.14826269632 0.268419580762 0.366183753607 9.20869154256 9.28086824225 9.34177683221 41.7900730402 27.0090239376 0.0763783560899 0.0788551393784 0.073030686531 0.0489628296939 0.541670437646 0.647038090721 0.734319345882 0.786749911623 0.836073246112 7.8285210285 7.86161252303 7.91950150644 8.03309689225 8.4149869274 8.42564342791
-9999.0 -9999.0 -9999.0 -9999.0 -9999.0 -9999.0 -9999.0 -9999.0 -9999.0 -9999.0 -9999.0 -9999.0 -9999.0 -9999.0 -9999.0 -9999.0 -9999.0 -9999.0 -9999.0 -9999.0 -9999.0 -9999.0 0.910280664829 1.40047210609 0.478503475416 0.399507787965 5.40989924785 5.72947948696 5.92186629727 1.86761057854 1.98034323885 2.11060942747 2.21902799515 9.02999154271 9.15367047449 5.20531247742 14.6375106291 14.7178102006 26.9534352661 0.153318322625 0.0771880621358 0.0429768472008 0.378645685483 0.446469693333 0.0315911329449 0.028370199727 7.66411665071 7.75170599918 7.79767402103 0.0495812780435 0.0781078801686 8.3690958111 0.0301956818769 0.0856952906773
-9999.0 -9999.0 -9999.0 -9999.0 -9999.0 -9999.0 -9999.0 -9999.0 -9999.0 -9999.0 -9999.0 -9999.0 -9999.0 -9999.0 -9999.0 -9999.0 -9999.0 -9999.0 -9999.0 -9999.0 -9999.0 -9999.0 0.460274253417 0.908072219098 3.79163231797 4.2852153574 4.68955780613 1.51995980166 1.7511458918 0.137744887747 6.4687591734 6.58610005143 6.70205422409 0.114305932004 4.98628867851 5.11817310602 0.0826663687579 26.5361910392 0.188886297532 0.0920180574106 0.210956627703 0.288581866899 0.0489436048752 0.0351564581569 7.2149726557 7.58453813502 7.64149334815 0.0564065458822 0.105520937061 0.129179734979 0.149296772837 0.305485703829 0.0306983375478 0.0713899251425
