data/baseflow/History/mHMbfrc328
ncols                  80
nrows                 72
xllcorner      4374000.0
yllcorner      5656000.0
cellsize            500
NODATA_value       -9999
[rows 0 to 23 of 72, columns 0 to 54 of 80]
-9999.0 -9999.0 -9999.0 -9999.0 -9999.0 -9999.0 -9999.0 -9999.0 -9999.0 -9999.0 -9999.0 -9999.0 1.28939077165 1.0877081562 -9999.0 -9999.0 -9999.0 -9999.0 -9999.0 -9999.0 -9999.0 -9999.0 -9999.0 -9999.0 -9999.0 -9999.0 -9999.0 -9999.0 -9999.0 -9999.0 -9999.0 -9999.0 -9999.0 -9999.0 -9999.0 -9999.0 -9999.0 -9999.0 -9999.0 -9999.0 -9999.0 -9999.0 -9999.0 -9999.0 -9999.0 -9999.0 -9999.0 -9999.0 -9999.0 -9999.0 -9999.0 -9999.0 -9999.0 -9999.0 -9999.0
-9999.0 -9999.0 -9999.0 -9999.0 -9999.0 -9999.0 -9999.0 -9999.0 -9999.0 -9999.0 -9999.0 -9999.0 2.54891058659 5.73981147687 0.950377352437 -9999.0 0.708101059332 -9999.0 -9999.0 -9999.0 -9999.0 -9999.0 -9999.0 -9999.0 -9999.0 -9999.0 -9999.0 -9999.0 -9999.0 -9999.0 -9999.0 -9999.0 -9999.0 -9999.0 -9999.0 -9999.0 -9999.0 -9999.0 -9999.0 -9999.0 -9999.0 -9999.0 -9999.0 -9999.0 -9999.0 -9999.0 -9999.0 -9999.0 -9999.0 -9999.0 -9999.0 -9999.0 -9999.0 -9999.0 -9999.0
-9999.0 -9999.0 -9999.0 -9999.0 -9999.0 -9999.0 -9999.0 -9999.0 -9999.0 -9999.0 1.22840225679 1.19000621939 1.23006727798 1.18994893041 8.0221879344 9.05831087368 2.05293966932 0.66200855887 -9999.0 -9999.0 -9999.0 -9999.0 -9999.0 -9999.0 -9999.0 -9999.0 -9999.0 -9999.0 -9999.0 -9999.0 -9999.0 -9999.0 -9999.0 -9999.0 -9999.0 -9999.0 -9999.0 -9999.0 -9999.0 -9999.0 -9999.0 -9999.0 -9999.0 -9999.0 -9999.0 -9999.0 -9999.0 -9999.0 -9999.0 -9999.0 -9999.0 -9999.0 -9999.0 -9999.0 -9999.0
-9999.0 -9999.0 -9999.0 -9999.0 -9999.0 -9999.0 -9999.0 -9999.0 -9999.0 1.19930869879 2.42040644917 4.79570582859 2.38409134461 1.16432808201 2.28509883268 10.1831146057 13.9475673288 0.786372915684 -9999.0 1.19130353697 -9999.0 -9999.0 -9999.0 -9999.0 1.4344975598 0.712760251227 -9999.0 -9999.0 -9999.0 -9999.0 -9999.0 -9999.0 -9999.0 -9999.0 -9999.0 -9999.0 -9999.0 -9999.0 -9999.0 -9999.0 -9999.0 -9999.0 -9999.0 -9999.0 -9999.0 -9999.0 -9999.0 -9999.0 -9999.0 -9999.0 -9999.0 -9999.0 -9999.0 -9999.0 -9999.0
-9999.0 -9999.0 -9999.0 -9999.0 -9999.0 -9999.0 -9999.0 -9999.0 1.27924910611 3.70607937838 4.85938170789 6.02273751425 8.30043518155 1.1019182122 4.4356040031 5.52041048501 21.5163056159 1.07839806432 1.09425653127 2.27450757617 3.31950777273 1.07892483381 -9999.0 3.94631233743 3.21957943353 0.938519555625 -9999.0 -9999.0 -9999.0 -9999.0 -9999.0 -9999.0 -9999.0 -9999.0 -9999.0 -9999.0 -9999.0 -9999.0 -9999.0 -9999.0 -9999.0 -9999.0 -9999.0 -9999.0 -9999.0 -9999.0 -9999.0 -9999.0 -9999.0 -9999.0 -9999.0 -9999.0 -9999.0 -9999.0 -9999.0
-9999.0 -9999.0 -9999.0 -9999.0 -9999.0 -9999.0 1.30775625692 1.2290072032 1.18589673038 1.19562416749 1.19643648731 8.42234426504 17.8724796021 19.015444167 19.9846969294 0.920175037119 23.521347735 24.5863173047 2.16266957683 1.06097652396 4.3454883818 7.52082470557 1.10870808076 7.3855564162 1.21593361668 1.21771196269 1.25580569116 -9999.0 -9999.0 -9999.0 -9999.0 -9999.0 -9999.0 -9999.0 -9999.0 -9999.0 -9999.0 -9999.0 -9999.0 -9999.0 -9999.0 -9999.0 -9999.0 -9999.0 -9999.0 -9999.0 -9999.0 -9999.0 -9999.0 -9999.0 -9999.0 -9999.0 -9999.0 -9999.0 -9999.0
-9999.0 -9999.0 -9999.0 -9999.0 -9999.0 -9999.0 2.58545063766 3.82053701005 8.66351510361 12.1733065667 1.1090479252 1.13216051136 1.08904554419 3.21164945397 24.2107341095 0.939101712269 25.6080051789 29.5720781132 3.15770950261 2.04366447742 8.50573842553 1.04471948122 8.41844308865 2.19725476212 1.13728053738 2.3316053543 2.43557840235 1.11401560255 1.1184444386 1.10507020618 1.12111986986 2.25278425906 -9999.0 -9999.0 -9999.0 -9999.0 -9999.0 -9999.0 -9999.0 -9999.0 -9999.0 -9999.0 -9999.0 -9999.0 -9999.0 -9999.0 -9999.0 -9999.0 -9999.0 -9999.0 -9999.0 -9999.0 -9999.0 -9999.0 -9999.0
-9999.0 -9999.0 -9999.0 -9999.0 -9999.0 1.33448666098 2.61518305597 1.26293627885 2.47238424734 13.3890984109 15.6765356025 17.9488980923 55.9474210153 1.05619044363 25.2787297737 89.1937040421 89.9112168584 120.673026775 0.77761705707 3.03356098635 9.49853206374 0.987366742798 20.6372727757 11.2106025185 6.97491337871 5.88551772154 1.20440759893 3.31906787141 3.28048797718 2.19194100682 1.06070052573 3.34273791721 1.04916952969 1.04301682808 -9999.0 -9999.0 -9999.0 -9999.0 -9999.0 -9999.0 -9999.0 -9999.0 -9999.0 -9999.0 -9999.0 -9999.0 -9999.0 -9999.0 -9999.0 -9999.0 -9999.0 -9999.0 -9999.0 -9999.0 -9999.0
-9999.0 -9999.0 -9999.0 -9999.0 -9999.0 1.34103874672 3.92747568737 7.8163076386 9.02678467082 17.8588865272 19.0228407473 22.6093119702 36.9318986977 58.9046584288 61.0180808625 61.9984060334 1.85719081428 123.946613065 125.600028421 130.529244157 164.652983022 23.6333095166 21.6621911293 7.996206833 1.00633166614 6.60036337665 4.42159803838 1.04061032545 4.27364832477 0.956737745816 1.97436954979 5.36166170513 6.37043100633 2.04788607643 1.00154771827 0.997624110786 -9999.0 -9999.0 -9999.0 -9999.0 0.761259229074 0.634617770745 -9999.0 -9999.0 -9999.0 -9999.0 -9999.0 -9999.0 -9999.0 -9999.0 -9999.0 -9999.0 -9999.0 -9999.0 -9999.0
-9999.0 -9999.0 -9999.0 -9999.0 -9999.0 1.32035571857 1.27195922493 5.17866956617 6.39507505188 7.63961587732 1.21052279283 2.40906661785 13.5540160985 2.41517966014 1.15507152983 1.10551127888 1.01314256965 1.10015273194 1.06783102711 1.07082345914 165.674324122 168.615964392 0.971482339163 2.96750542995 2.00487006313 7.60717409654 2.1028096951 1.06115771598 5.29256368687 1.87014913425 4.43564389811 11.219730245 10.4119639324 3.04814948019 2.9984087022 1.00407468069 1.00101667471 -9999.0 -9999.0 1.0084339012 1.68919020313 3.65677917688 0.67221824697 -9999.0 -9999.0 -9999.0 -9999.0 -9999.0 -9999.0 -9999.0 -9999.0 -9999.0 -9999.0 -9999.0 -9999.0
-9999.0 -9999.0 -9999.0 -9999.0 -9999.0 -9999.0 1.33428098715 1.31976719066 2.5950727267 3.8627753722 8.76199659254 11.212509306 12.4283254449 1.28864036735 1.08045569014 13.9016493973 17.1539772233 18.205420851 22.4732427163 23.4923416208 1.00441878751 169.613804687 174.430284142 3.84251045957 0.704459415267 8.49263744677 18.9036078318 7.35480488104 1.88177837998 0.933204718634 17.4550724424 12.1576790416 0.929068139999 0.936745488529 3.94854883258 2.94775086867 0.973265200747 1.01871438211 0.970547196927 1.96183601538 0.947695830716 4.45231517277 5.40563354896 1.02164032124 -9999.0 -9999.0 -9999.0 -9999.0 1.10237921922 1.07244772335 0.231077965547 -9999.0 -9999.0 -9999.0 -9999.0
-9999.0 -9999.0 -9999.0 -9999.0 -9999.0 -9999.0 -9999.0 1.33172197324 1.18811154543 2.45591677072 3.70000007206 1.2377369243 1.1697299744 7.15429982516 9.44594960115 11.7550529129 1.09722469219 2.18080034042 1.06906651011 24.5142165173 54.0086200199 54.7713069985 231.08846764 0.972269470026 2.11932223696 0.678706682457 19.8706791546 0.939435309826 2.83125948737 0.926995081189 18.3781103357 19.2919814405 1.85715985631 1.84350963348 9.77659983144 4.87861324746 2.00646806918 0.990066975691 1.94452460885 2.92100097607 4.79370466679 0.942926632171 7.48989407439 8.54086186207 0.96548475215 0.949194135156 1.06128665956 1.02820465776 0.998274457991 3.18669925752 1.05927207689 0.679053287542 -9999.0 -9999.0 -9999.0
-9999.0 -9999.0 -9999.0 -9999.0 -9999.0 -9999.0 -9999.0 -9999.0 2.49840287009 3.64849675015 1.23042884794 2.47481807796 3.65530031234 6.04188220495 1.20980163637 1.17863675288 1.06885722282 1.08541292567 1.02074614251 27.4486263006 1.06937048374 2.11498043135 234.113275505 236.698936568 1.38408007111 4.82439340149 25.6585466652 1.83810472061 3.69614077478 1.78135386779 2.6430338527 22.8770632234 2.72100932735 14.2633349211 11.5507822509 0.88954404414 4.81433588304 1.90792154065 2.85337819594 0.91871856633 5.7675005379 7.71531945002 8.64415977927 9.55251481541 12.1895735063 1.80824879642 1.95920582767 1.90155093482 1.83638415999 4.0682888768 0.847440643037 2.5604142653 3.29720576113 -9999.0 -9999.0
-9999.0 -9999.0 -9999.0 -9999.0 -9999.0 -9999.0 -9999.0 -9999.0 1.2838703355 6.17874792291 7.39189114826 1.2177172656 2.39585424822 1.17913602792 1.13472275449 1.11491194466 13.676331077 18.3062553404 22.5506212533 26.645242111 1.05628416114 1.05653842158 1.21241360712 241.774541847 244.583611818 245.979607753 34.4487099201 7.45401520175 6.46022492223 0.895975967464 3.48963902828 27.2270021114 0.854418946025 15.1299509701 0.880160182023 6.10755572004 5.74318483589 0.907853084373 3.75301753507 1.81583194588 2.69905934493 0.936132983444 0.901396139764 10.4560105717 11.3173856542 13.0487542021 2.8544388883 2.78040620377 2.70062540714 4.94599510961 6.64157358146 0.843296087263 4.0404639326 0.757800844762 1.46711664707
-9999.0 -9999.0 -9999.0 -9999.0 -9999.0 -9999.0 -9999.0 -9999.0 -9999.0 1.26959639079 8.61482897944 9.81660557482 3.57799713871 5.93004002647 8.18892663906 9.31341242003 1.12798420531 3.55245527139 2.29762104774 1.12925526825 1.1343233735 1.07270317351 2.15818604526 3.76035621298 1.52204944839 283.281733641 284.662793918 1.31145867599 0.941750350363 1.74688190661 2.59109451225 29.754812566 1.68637797617 15.9518417431 9.37119920964 7.69233037496 0.879742870863 1.77528978611 4.60367252508 0.844960963995 3.52783054753 1.77956147914 1.57232296619 0.638990388283 13.4031614553 27.2224970385 3.58418130572 3.51483413706 3.44770858785 0.736520992885 7.37054327933 0.720595863312 5.56048559212 0.694257346269 2.16626686673
-9999.0 -9999.0 -9999.0 -9999.0 -9999.0 -9999.0 -9999.0 -9999.0 -9999.0 -9999.0 1.18736491808 12.2103021909 1.18164588452 2.35842658814 3.46416628344 5.714682372 1.16213621992 2.432149483 1.17583355318 1.15302435598 1.09537037524 2.1999420206 1.01788575831 1.17114399879 2.60046481435 1.48968792915 286.007420034 288.657646141 292.30007208 3.58157371871 0.832782163519 1.65819138338 30.5895092354 29.4754893678 11.0850450115 0.848980430165 3.50807050997 2.64045873578 5.45680004191 1.69519329087 6.97277108388 2.60872161137 2.33373971713 0.482111903912 0.646305852008 28.0563156003 28.8585689355 36.7155177114 5.7078206177 1.50246068222 8.14258055764 9.61017475989 15.8579081399 1.3775022216 0.656460550251
-9999.0 -9999.0 -9999.0 -9999.0 -9999.0 -9999.0 -9999.0 -9999.0 -9999.0 -9999.0 -9999.0 0.572320984876 13.470434368 1.13893539103 2.22592917832 10.2609519184 1.24181263709 1.24237612335 1.08617146049 2.24418539729 1.06397028752 4.33169836238 6.38172653315 7.39090761208 3.61996947297 4.86371582749 1.37356243009 1.4466311469 1.34007389918 297.961517525 300.596106733 31.3891625224 31.0300579325 30.2617257483 1.62489901928 0.801398680163 4.31517286479 11.3924881207 6.27260424067 2.50992620225 10.2784516086 4.61557824736 3.84296078587 0.943742623164 0.434908810504 0.454463246081 0.513837801423 38.9822051623 46.9121308386 0.710874076172 0.68663447523 0.700461490337 16.5266909281 18.5347709188 1.22276041349
-9999.0 -9999.0 -9999.0 -9999.0 -9999.0 -9999.0 -9999.0 -9999.0 -9999.0 -9999.0 -9999.0 0.541280744041 14.8144457146 18.2619684277 1.09085290441 12.4665134137 1.18283834204 1.09978916161 2.12097883113 5.41051240565 1.04011611521 1.07177608586 0.993629600305 9.42441101662 10.3751162557 16.2273393174 18.5796831699 19.6803148995 20.9553247873 22.1656571681 324.011386755 357.535710788 390.637641184 391.63886215 0.945372357269 0.809484603536 13.0071397314 12.2075833847 0.800418116311 0.786458278274 11.0068618596 16.4142609593 0.699715375278 7.5059382338 6.91749375385 1.94663770201 0.999946090362 1.56085894361 0.788054863171 48.4266661393 0.761474898314 2.10103070299 2.77497618036 23.105056272 24.6893490625
-9999.0 -9999.0 -9999.0 -9999.0 -9999.0 -9999.0 -9999.0 -9999.0 -9999.0 -9999.0 -9999.0 1.2164498747 2.34281255588 19.3755092925 21.4893583052 1.07504469368 14.6509863554 1.00666348227 3.06200816127 6.39009601681 2.02262158753 0.980548961646 2.03845349088 0.968237496006 1.83542062848 0.864570909284 0.801652903996 0.681962040511 0.62443800763 0.641100574869 0.692045437906 0.911995682841 1.11037305879 1.29459301403 394.976533686 17.0688286531 15.1768203601 1.02765217917 2.35735685452 0.553640573523 0.432737356336 17.1672443292 26.9253831 8.30061185731 6.02215439555 1.02314478818 0.474338022859 0.453745940652 1.14539285945 50.3366924929 51.8375263931 0.76453088932 0.763259575628 0.622261324899 0.397676080294
-9999.0 -9999.0 -9999.0 -9999.0 -9999.0 -9999.0 -9999.0 -9999.0 -9999.0 -9999.0 -9999.0 -9999.0 1.11453709656 14.2163820844 36.7823685972 39.9933756176 55.6775501598 56.6679318427 14.3800963136 10.3976500866 3.02087498123 0.972779319846 3.95892520843 4.90519467615 7.61333209467 1.75595007499 1.65331542718 1.54283327403 3.00424726138 1.4690310177 1.48499577391 0.681540854561 0.510057367807 0.654435516163 396.000853537 413.584471211 414.685685858 1.10464045773 7.01174097293 2.54377871001 0.788190326322 29.3057610384 1.64195871749 0.83826582953 3.3661895167 0.720664491914 0.712867600993 1.40413390137 2.09324966335 2.82877441733 53.2314867941 0.684239584508 0.640327338441 0.641570781199 0.517025802402
-9999.0 -9999.0 -9999.0 -9999.0 -9999.0 -9999.0 -9999.0 -9999.0 -9999.0 -9999.0 -9999.0 1.17039423216 10.8104582127 13.1163037756 2.16677352228 0.600391042509 1.44586910045 59.1260813818 60.0722001356 75.3348477167 0.905717262064 1.87212885114 0.861443407246 0.875139932392 8.46792691252 11.0772875463 13.5435831414 0.804712454383 3.80527108562 6.06138341771 3.69149624787 1.44854231059 1.16443741907 1.14763043688 1.26413525012 0.790131438115 415.690005107 416.663167434 425.554090476 1.4514146697 0.736245382818 29.9436404815 1.71667546117 0.877135138522 0.904179203535 0.894309178384 0.844758841929 1.57722792687 4.69448172424 8.28803934272 62.2036727505 0.588623818738 1.76304660583 1.18736921632 1.02520931776
-9999.0 -9999.0 -9999.0 -9999.0 -9999.0 -9999.0 -9999.0 -9999.0 -9999.0 -9999.0 -9999.0 1.19266407058 7.36800183522 1.16994184597 1.07763914826 5.34615360084 6.32846581377 7.3435914959 8.31095312468 101.46387603 102.237766697 103.93708367 116.609323246 119.208957401 120.7463144 121.62405248 136.966008629 138.948381282 139.730235098 146.612606543 151.129960608 151.899941 154.443222024 1.88048874719 1.80768271596 0.520759693889 0.658669498756 417.586846005 428.840345809 2.30087462011 34.5729084715 33.8788900349 3.32857910268 0.818772614758 0.832319616169 0.815781644148 0.790924388754 1.59231913738 2.35329543159 0.783236421887 62.8720458598 63.5576417928 67.1391505166 67.7573143153 69.3733959396
-9999.0 -9999.0 -9999.0 -9999.0 -9999.0 -9999.0 -9999.0 -9999.0 -9999.0 -9999.0 -9999.0 3.75299852361 4.96843956333 2.34985036519 3.47004089202 1.10894999938 12.8583552741 13.919405696 16.0008539738 16.8507374506 7.01233546176 112.239458417 112.992186878 0.835388098352 0.670174522804 0.589271682486 1.28128027739 0.615911103748 0.505362297119 0.479938851835 0.52167440954 152.548535517 155.121376742 157.720863335 160.186114713 162.577976587 1.15978860491 0.53950463862 465.867485121 36.0918403336 35.2848018116 0.755371840821 0.756694959235 0.726576468207 1.56406589963 1.55645000421 0.707395669714 0.70883941066 0.671543312083 1.4464347169 2.0720998922 0.551118324396 1.01489972195 0.409981568824 0.24247123664
-9999.0 -9999.0 -9999.0 -9999.0 -9999.0 -9999.0 -9999.0 -9999.0 -9999.0 -9999.0 -9999.0 -9999.0 2.5404385706 1.19616989237 1.13233213611 10.7514968015 11.8399906594 1.08297055339 4.38387722909 5.35879215315 6.2518592985 0.952366064706 0.883132614953 17.688492043 18.488258626 19.2415924046 49.7638821464 50.3567748505 51.3525409715 56.2095765645 59.120904991 59.5735574655 0.420043243628 0.43581045427 0.442054415334 163.957763929 0.638817587488 473.48726885 472.326754675 5.66440686597 4.82493486413 2.9470757243 0.733081698282 1.46058580725 2.30936084862 2.29822617617 1.39793504414 0.684845762205 1.35129410883 1.33027997408 2.68243193684 0.359040980951 1.39994472522 2.38156042979 2.88447536001
