data/baseflow/History/mHMbfrc339
ncols                  80
nrows                 72
xllcorner      4374000.0
yllcorner      5656000.0
cellsize            500
NODATA_value       -9999
[rows 0 to 23 of 72, columns 0 to 54 of 80]
-9999.0 -9999.0 -9999.0 -9999.0 -9999.0 -9999.0 -9999.0 -9999.0 -9999.0 -9999.0 -9999.0 -9999.0 1.27094468292 0.918242729792 -9999.0 -9999.0 -9999.0 -9999.0 -9999.0 -9999.0 -9999.0 -9999.0 -9999.0 -9999.0 -9999.0 -9999.0 -9999.0 -9999.0 -9999.0 -9999.0 -9999.0 -9999.0 -9999.0 -9999.0 -9999.0 -9999.0 -9999.0 -9999.0 -9999.0 -9999.0 -9999.0 -9999.0 -9999.0 -9999.0 -9999.0 -9999.0 -9999.0 -9999.0 -9999.0 -9999.0 -9999.0 -9999.0 -9999.0 -9999.0 -9999.0
-9999.0 -9999.0 -9999.0 -9999.0 -9999.0 -9999.0 -9999.0 -9999.0 -9999.0 -9999.0 -9999.0 -9999.0 2.57206858893 5.21010888125 0.749566855677 -9999.0 0.613949977547 -9999.0 -9999.0 -9999.0 -9999.0 -9999.0 -9999.0 -9999.0 -9999.0 -9999.0 -9999.0 -9999.0 -9999.0 -9999.0 -9999.0 -9999.0 -9999.0 -9999.0 -9999.0 -9999.0 -9999.0 -9999.0 -9999.0 -9999.0 -9999.0 -9999.0 -9999.0 -9999.0 -9999.0 -9999.0 -9999.0 -9999.0 -9999.0 -9999.0 -9999.0 -9999.0 -9999.0 -9999.0 -9999.0
-9999.0 -9999.0 -9999.0 -9999.0 -9999.0 -9999.0 -9999.0 -9999.0 -9999.0 -9999.0 1.28355945562 1.24108985582 1.27854959724 1.24613135995 7.59521676622 8.3850830465 1.74058150398 0.559969808437 -9999.0 -9999.0 -9999.0 -9999.0 -9999.0 -9999.0 -9999.0 -9999.0 -9999.0 -9999.0 -9999.0 -9999.0 -9999.0 -9999.0 -9999.0 -9999.0 -9999.0 -9999.0 -9999.0 -9999.0 -9999.0 -9999.0 -9999.0 -9999.0 -9999.0 -9999.0 -9999.0 -9999.0 -9999.0 -9999.0 -9999.0 -9999.0 -9999.0 -9999.0 -9999.0 -9999.0 -9999.0
-9999.0 -9999.0 -9999.0 -9999.0 -9999.0 -9999.0 -9999.0 -9999.0 -9999.0 1.24875730608 2.527750516 5.01846905647 2.49281261984 1.22291062545 2.4052135241 9.54591601747 12.6001483976 0.629662205905 -9999.0 1.24023541318 -9999.0 -9999.0 -9999.0 -9999.0 1.19519415781 0.605091694442 -9999.0 -9999.0 -9999.0 -9999.0 -9999.0 -9999.0 -9999.0 -9999.0 -9999.0 -9999.0 -9999.0 -9999.0 -9999.0 -9999.0 -9999.0 -9999.0 -9999.0 -9999.0 -9999.0 -9999.0 -9999.0 -9999.0 -9999.0 -9999.0 -9999.0 -9999.0 -9999.0 -9999.0 -9999.0
-9999.0 -9999.0 -9999.0 -9999.0 -9999.0 -9999.0 -9999.0 -9999.0 1.33021237454 3.86082387678 5.07318934633 6.29624445364 8.7022413382 1.17445597704 4.70390431387 5.83306173442 20.0313092076 0.889123321009 1.05716634386 2.37342758662 3.45870739825 1.11475644844 -9999.0 3.133570271 2.56473376121 0.710252468934 -9999.0 -9999.0 -9999.0 -9999.0 -9999.0 -9999.0 -9999.0 -9999.0 -9999.0 -9999.0 -9999.0 -9999.0 -9999.0 -9999.0 -9999.0 -9999.0 -9999.0 -9999.0 -9999.0 -9999.0 -9999.0 -9999.0 -9999.0 -9999.0 -9999.0 -9999.0 -9999.0 -9999.0 -9999.0
-9999.0 -9999.0 -9999.0 -9999.0 -9999.0 -9999.0 1.34198581046 1.26986505595 1.24354532943 1.25288696092 1.25119473222 8.80685524474 18.7241884562 19.9324798564 21.0592243532 1.14048235313 22.1570286948 23.201624366 2.17428864062 1.11732648208 4.52856155225 7.80205408533 0.993273658079 6.08059829407 1.12449505986 1.03536612796 1.15868900523 -9999.0 -9999.0 -9999.0 -9999.0 -9999.0 -9999.0 -9999.0 -9999.0 -9999.0 -9999.0 -9999.0 -9999.0 -9999.0 -9999.0 -9999.0 -9999.0 -9999.0 -9999.0 -9999.0 -9999.0 -9999.0 -9999.0 -9999.0 -9999.0 -9999.0 -9999.0 -9999.0 -9999.0
-9999.0 -9999.0 -9999.0 -9999.0 -9999.0 -9999.0 2.6788162809 3.97417434949 9.05929343553 12.7560314073 1.17938917711 1.2125226387 1.15015949034 3.37394394023 25.4816533776 1.04296456467 24.2335228573 28.3616608038 3.20066169995 2.12896867595 8.81647694908 1.06590928594 7.15011080057 2.09362508866 1.04609070748 2.05698224023 2.29411844499 1.17754362068 1.20769763853 1.19532395093 1.20336039651 2.41364923739 -9999.0 -9999.0 -9999.0 -9999.0 -9999.0 -9999.0 -9999.0 -9999.0 -9999.0 -9999.0 -9999.0 -9999.0 -9999.0 -9999.0 -9999.0 -9999.0 -9999.0 -9999.0 -9999.0 -9999.0 -9999.0 -9999.0 -9999.0
-9999.0 -9999.0 -9999.0 -9999.0 -9999.0 1.39626919404 2.73806303653 1.32997343735 2.6041567667 14.0369975832 16.4605293724 18.883870412 59.5051288687 1.11268284846 26.5684394691 94.6128083475 95.4446723253 125.256943709 0.905472338939 3.14560988335 9.83637756392 1.01521994916 18.8861768958 10.6869805972 6.4894811904 5.42887461285 1.12490035526 3.51562282257 3.56002625108 2.37678521804 1.14575505009 3.58362070944 1.12188223829 1.11480617039 -9999.0 -9999.0 -9999.0 -9999.0 -9999.0 -9999.0 -9999.0 -9999.0 -9999.0 -9999.0 -9999.0 -9999.0 -9999.0 -9999.0 -9999.0 -9999.0 -9999.0 -9999.0 -9999.0 -9999.0 -9999.0
-9999.0 -9999.0 -9999.0 -9999.0 -9999.0 1.40940975563 4.14298059572 8.23171921544 9.52604057867 18.9183877029 20.1682965277 24.0006837108 39.5068474434 62.7533720251 64.9743079934 66.0001223119 1.9827334532 128.784703317 130.602211634 135.767811314 168.536068791 21.9454997721 19.938190334 7.53612842664 1.04200435793 6.645541124 4.53070708826 0.995433767034 4.62630455256 1.05438675026 2.16738387657 5.75801268913 6.84190797622 2.19330439142 1.05689977219 1.06552631943 -9999.0 -9999.0 -9999.0 -9999.0 0.595001172937 0.521904415031 -9999.0 -9999.0 -9999.0 -9999.0 -9999.0 -9999.0 -9999.0 -9999.0 -9999.0 -9999.0 -9999.0 -9999.0 -9999.0
-9999.0 -9999.0 -9999.0 -9999.0 -9999.0 1.38936962752 1.34790242944 5.48897538035 6.78937349826 8.11398270286 1.29084911941 2.57048279644 14.5542645865 2.55628991374 1.21516778383 1.14961543173 1.03674508158 1.11909355715 1.07956778875 1.09158092912 169.554572904 172.544575096 1.00268556802 3.07336038523 2.07957679756 7.64406303466 1.99798954923 0.96477025782 5.69565267598 2.08677396514 5.06184919381 12.1285972736 11.1540741751 3.23978965085 3.1380714983 1.07668239962 1.06516962129 -9999.0 -9999.0 1.08312317249 1.337351237 2.9446048577 0.544523730852 -9999.0 -9999.0 -9999.0 -9999.0 -9999.0 -9999.0 -9999.0 -9999.0 -9999.0 -9999.0 -9999.0 -9999.0
-9999.0 -9999.0 -9999.0 -9999.0 -9999.0 -9999.0 1.41597207971 1.40127171484 2.75776397192 4.11232904732 9.42145845887 12.0520573461 13.3535549652 1.33896878375 1.15082993598 14.8416134766 18.2294302219 19.3179932013 23.7691788746 24.8196099292 1.01646812087 173.554661459 178.640998702 4.09878767982 1.02486612453 8.62355503517 19.0374382242 7.54615336066 1.91815093422 0.974760793412 19.0885730608 13.1003681146 0.93525830383 0.934057363244 4.08507469873 3.14577371161 0.994572939446 0.938067866952 1.03978190664 2.10848447256 1.00392837847 3.5707335923 4.4980171132 0.85782336026 -9999.0 -9999.0 -9999.0 -9999.0 0.930588903674 0.891606247664 0.357605338578 -9999.0 -9999.0 -9999.0 -9999.0
-9999.0 -9999.0 -9999.0 -9999.0 -9999.0 -9999.0 -9999.0 1.40583193666 1.32674019901 2.68316017739 4.01671910399 1.32538327082 1.25002689332 7.6915639595 10.1044456734 12.5567941225 1.14672204514 2.30781808534 1.11117149559 25.8816734629 56.4307650744 57.0282075343 237.391423962 0.994188228508 3.0061883228 0.977410757429 19.9193925195 0.935428843003 2.89948213657 0.957603799177 20.0150669951 20.9438964189 1.87734920242 1.87962594621 10.2494817903 5.15441718282 1.91894223214 0.988939775132 2.07863182874 3.13668061696 5.09719525837 0.922121558766 6.10267340221 6.77530336197 0.606310976968 0.652272117245 0.677591689693 0.622031950292 0.590492907656 2.55359646218 1.16395485896 0.792329813565 -9999.0 -9999.0 -9999.0
-9999.0 -9999.0 -9999.0 -9999.0 -9999.0 -9999.0 -9999.0 -9999.0 2.7090919207 4.02469735535 1.32758489008 2.66870394526 3.94163380512 6.49675030247 1.2819965911 1.26196469483 1.14139669369 1.15338877441 1.06524569862 28.4297826589 1.12901999714 2.23046451293 240.229649814 241.799894399 0.700727161145 4.42416977662 25.1426172692 1.83300836377 3.74150413307 1.75035613081 2.54430288938 24.44541245 2.70490342319 14.7138284791 12.0302072312 0.909148897139 4.8075399741 1.94666018375 3.0290374092 0.93832116954 5.94414881627 7.58909851503 8.15818673589 8.70086093256 9.03383112492 1.1437048586 1.20798653047 1.11748564251 1.05016271553 3.13766467622 0.655216391516 2.63539024215 3.26320729113 -9999.0 -9999.0
-9999.0 -9999.0 -9999.0 -9999.0 -9999.0 -9999.0 -9999.0 -9999.0 1.37688668415 6.7488739397 8.06145820558 1.31629639501 2.59285558599 1.2771196856 1.22802138572 1.21357748029 14.7574829355 19.5349158156 23.759287738 27.7851457317 0.965194277951 1.11361384843 0.945137973731 245.998086007 247.512010286 248.13431849 33.1397398289 7.25768844185 6.40422854455 0.765746456093 3.32661034795 28.5630740913 0.799117150796 15.5134500019 0.898999753285 6.31343204157 5.77576969143 0.947888089013 3.97523329329 1.88077253163 2.79434892825 0.737036267171 0.540110373869 9.23737011162 9.72484544573 9.52022210555 1.73482309883 1.6219686525 1.54311175174 3.83443994887 5.15568316167 0.659562545064 3.91115287584 0.694267018481 1.31934317029
-9999.0 -9999.0 -9999.0 -9999.0 -9999.0 -9999.0 -9999.0 -9999.0 -9999.0 1.36966699528 9.38786670867 10.6929357165 3.87620113673 6.42150993445 8.86246363972 10.0763513268 1.21346515535 3.64081469669 2.4223316679 1.22141345573 1.21070898307 1.14738227243 2.21463094371 3.47483864661 0.888900950807 282.815091642 283.491061774 0.64206218548 0.5898200237 1.56745807618 2.32263650629 30.8361114408 1.52865757229 16.1928429593 9.6808666504 8.00513717439 0.884675362932 1.81864602611 4.82642141338 0.849440956834 3.61710493747 1.51736747864 1.00451998001 0.536000897916 11.2387232441 21.1540903909 2.09202415311 1.98843165275 2.04623813291 0.536454015514 5.6808099305 0.51463533949 5.12172303984 0.611025700907 1.92125565376
-9999.0 -9999.0 -9999.0 -9999.0 -9999.0 -9999.0 -9999.0 -9999.0 -9999.0 -9999.0 1.28681851352 13.2800270509 1.2820483409 2.55086740902 3.74555025977 6.11422026091 1.19218141086 2.42672397914 1.20758336641 1.1614169218 1.11292086437 2.20098372416 0.993577003052 0.988395551371 1.77876688768 0.866088446502 284.131439055 285.381209981 287.285853205 2.96762091271 0.797348707438 1.59058111677 31.641557746 29.6985831137 11.3478918722 0.833437245512 3.56372093515 2.68844465086 5.6792487799 1.69942278027 6.77074235314 2.32031367908 1.6619634967 0.565383378224 0.552185822637 21.6778737599 22.1155181138 26.5805873238 3.71886886815 1.10497180349 6.24030461775 7.30381280895 12.9369469236 1.19358131262 0.567256882593
-9999.0 -9999.0 -9999.0 -9999.0 -9999.0 -9999.0 -9999.0 -9999.0 -9999.0 -9999.0 -9999.0 0.762427033653 14.9765531982 1.23319578024 2.40290065569 10.8502120292 1.18436869582 1.17868994121 1.08637935273 2.29784621932 1.12678752493 4.43707741106 6.39921329954 7.31198681852 2.55104974369 3.15819708207 0.644406853416 0.796563332372 0.711123315837 291.595565403 293.755190741 32.3059377484 31.0627090846 30.3817222528 1.43749420936 0.702688195442 4.34503171618 11.5975100576 6.47291146213 2.4885407264 9.99945206814 4.28508893302 3.57321080352 1.17762911454 0.47297425827 0.418399889421 0.419640191303 28.5851419783 33.7711029937 0.529425701498 0.477748661032 0.519280423428 13.4382311184 15.1379568651 1.02698948129
-9999.0 -9999.0 -9999.0 -9999.0 -9999.0 -9999.0 -9999.0 -9999.0 -9999.0 -9999.0 -9999.0 0.718640249844 16.6980404053 20.4593003469 1.17713169084 13.1908603322 1.1249065722 1.1057887341 2.21576351659 5.65276826543 1.1155341502 1.14485178161 0.985325244512 9.24100112763 10.1601596548 14.2675245726 15.6902158225 16.4488772423 17.0593689663 17.8841323384 312.229494888 345.722010715 377.816305961 378.200605763 0.529208222139 0.695525015491 13.1622748355 12.3844515563 0.783847214488 0.784864664954 10.7589904852 15.7859295865 0.679471968743 8.35445751131 7.64578768853 2.31957757255 0.978612289618 1.57196884557 0.506722799694 34.6047755859 0.420804077386 1.41985706382 1.75333493465 18.3336160704 19.9167610193
-9999.0 -9999.0 -9999.0 -9999.0 -9999.0 -9999.0 -9999.0 -9999.0 -9999.0 -9999.0 -9999.0 1.32227071045 2.55565215293 21.6798105849 23.9218910652 1.11566095775 15.0568498864 0.984898898579 3.08425612595 6.67592293234 2.15961482577 1.04172225974 2.05377074284 0.852183230161 1.68138917685 0.871113639426 0.83966431059 0.835574499044 0.80036266256 0.726442669856 0.643041891243 0.686789086253 0.692415151565 0.681772561152 379.869962136 15.0650286757 13.9943677684 0.405594654944 2.21621975225 0.660232081478 0.602160672562 16.4663198753 26.9258492233 9.08517545226 6.54255584763 1.38097587448 0.554382794416 0.513833958854 0.948352365988 35.9758063539 36.757892348 0.407768163148 0.417659664587 0.482396740315 0.557866376348
-9999.0 -9999.0 -9999.0 -9999.0 -9999.0 -9999.0 -9999.0 -9999.0 -9999.0 -9999.0 -9999.0 -9999.0 1.22334964625 15.5307520198 40.615347135 44.0961208819 60.1162871056 60.8438004669 14.707756816 10.9369514088 3.21508717606 1.03366066665 4.06488451329 5.00943700759 7.57159290052 1.76717673457 1.68226864083 1.6880399463 3.30490568963 1.53392914331 1.43260698486 0.803795902593 0.752075488748 0.623958014874 380.406751947 395.947170977 396.358900749 0.392339965309 5.75312388651 2.71091857657 0.737927340186 29.1347003085 1.53966653352 0.789242559279 3.45253475914 0.808146966565 0.569718221025 1.04119508567 1.42270057939 1.82811267761 37.4328782802 0.324576480352 0.289901281893 0.293282744868 0.255642360489
-9999.0 -9999.0 -9999.0 -9999.0 -9999.0 -9999.0 -9999.0 -9999.0 -9999.0 -9999.0 -9999.0 1.2757391429 11.7925863433 14.3123616689 2.36276448419 0.797648616734 1.78629239963 63.6638073037 64.4239002901 79.8341582249 0.93232359451 1.96019656549 0.866188973066 0.875809359865 8.4039303923 11.0018219343 13.4624715227 0.768581081512 4.05917775815 6.33669728814 3.64623506658 1.51346815948 1.42765363873 1.31911212342 1.1907145523 0.482899283864 396.68508923 396.954587142 403.279521412 1.17397933876 0.639636186119 29.5556051587 1.70894475679 0.863865907016 0.922576725886 0.916729384378 0.804538713257 1.42020368398 3.93102808486 6.19530808203 43.9541031452 0.249936166841 0.75403930477 0.514164145547 0.455185737231
-9999.0 -9999.0 -9999.0 -9999.0 -9999.0 -9999.0 -9999.0 -9999.0 -9999.0 -9999.0 -9999.0 1.29351011971 8.02971100882 1.27598661951 1.1712265439 6.01857322366 7.06965356982 8.12800044651 9.1217498549 108.100550905 109.004363209 110.834315185 124.274612842 126.848471835 128.342684094 129.175782869 144.662280071 146.864954745 147.635932199 154.795314205 159.207861907 159.913028082 162.769174109 1.98975307618 1.87338090607 0.501868597014 0.356461079605 397.262458146 405.138027963 1.59554231572 33.7473808493 33.2033949934 3.25053522114 0.791954525384 0.812911899049 0.793171634731 0.751582097197 1.4995424562 2.07804544146 0.522415427871 44.2607737367 44.58410485 46.1273061062 46.392478233 47.09269066
-9999.0 -9999.0 -9999.0 -9999.0 -9999.0 -9999.0 -9999.0 -9999.0 -9999.0 -9999.0 -9999.0 4.09126173858 5.42253953661 2.58469414405 3.82268895273 1.22819370827 13.8467253204 14.947508657 17.0997572665 18.1506131561 7.32450653928 119.669782417 120.566682959 0.810388573248 0.652264696747 0.668240364148 1.35673338386 0.730271343884 0.687128718664 0.6999769365 0.668238302996 160.681212641 163.494780572 166.069313061 168.446623236 169.945315777 0.664543332772 0.224607645637 440.002266623 34.6165306757 34.3091328177 0.650661371027 0.609882194193 0.573032530105 1.42816286174 1.40392289098 0.654232040136 0.656439917601 0.578044637621 1.09533558333 1.4094331399 0.227979043669 0.415755010173 0.181919816345 0.193328924912
-9999.0 -9999.0 -9999.0 -9999.0 -9999.0 -9999.0 -9999.0 -9999.0 -9999.0 -9999.0 -9999.0 -9999.0 2.766055557 1.3153518807 1.25191503964 11.6464639365 12.7651220342 1.12609452981 4.43581849899 5.47298710638 6.44975167704 1.03849712756 0.739218640211 18.2998562226 18.9129806519 19.5282545073 49.417011477 49.992045122 51.2315880236 55.8112713369 59.3074025946 59.8923277894 0.666340220858 0.686143462981 0.56904336229 170.41123183 0.232802045629 445.312393404 444.937673545 4.68814580571 4.30849236798 2.54919173757 0.662181774547 1.13335537519 2.01876439352 1.99777182998 1.27866175392 0.637972098295 1.20635320429 1.17057155546 1.91230131029 0.429024516342 0.813307144853 1.27450405349 1.68707766496
