data/baseflow/History/mHMbfrc512
ncols                  80
nrows                 72
xllcorner      4374000.0
yllcorner      5656000.0
cellsize            500
NODATA_value       -9999
[rows 0 to 23 of 72, columns 0 to 53 of 80]
-9999.0 -9999.0 -9999.0 -9999.0 -9999.0 -9999.0 -9999.0 -9999.0 -9999.0 -9999.0 -9999.0 -9999.0 0.665223466089 0.712712038168 -9999.0 -9999.0 -9999.0 -9999.0 -9999.0 -9999.0 -9999.0 -9999.0 -9999.0 -9999.0 -9999.0 -9999.0 -9999.0 -9999.0 -9999.0 -9999.0 -9999.0 -9999.0 -9999.0 -9999.0 -9999.0 -9999.0 -9999.0 -9999.0 -9999.0 -9999.0 -9999.0 -9999.0 -9999.0 -9999.0 -9999.0 -9999.0 -9999.0 -9999.0 -9999.0 -9999.0 -9999.0 -9999.0 -9999.0 -9999.0
-9999.0 -9999.0 -9999.0 -9999.0 -9999.0 -9999.0 -9999.0 -9999.0 -9999.0 -9999.0 -9999.0 -9999.0 1.28830148083 3.28892327319 0.619216782325 -9999.0 0.578117500783 -9999.0 -9999.0 -9999.0 -9999.0 -9999.0 -9999.0 -9999.0 -9999.0 -9999.0 -9999.0 -9999.0 -9999.0 -9999.0 -9999.0 -9999.0 -9999.0 -9999.0 -9999.0 -9999.0 -9999.0 -9999.0 -9999.0 -9999.0 -9999.0 -9999.0 -9999.0 -9999.0 -9999.0 -9999.0 -9999.0 -9999.0 -9999.0 -9999.0 -9999.0 -9999.0 -9999.0 -9999.0
-9999.0 -9999.0 -9999.0 -9999.0 -9999.0 -9999.0 -9999.0 -9999.0 -9999.0 -9999.0 0.557521914221 0.547146456089 0.585271985385 0.582307525936 4.36384281524 4.94874690602 1.57960538739 0.501302642242 -9999.0 -9999.0 -9999.0 -9999.0 -9999.0 -9999.0 -9999.0 -9999.0 -9999.0 -9999.0 -9999.0 -9999.0 -9999.0 -9999.0 -9999.0 -9999.0 -9999.0 -9999.0 -9999.0 -9999.0 -9999.0 -9999.0 -9999.0 -9999.0 -9999.0 -9999.0 -9999.0 -9999.0 -9999.0 -9999.0 -9999.0 -9999.0 -9999.0 -9999.0 -9999.0 -9999.0
-9999.0 -9999.0 -9999.0 -9999.0 -9999.0 -9999.0 -9999.0 -9999.0 -9999.0 0.543688729455 1.09963347345 2.1906688525 1.12008086137 0.541672278241 1.04836399684 5.44372733294 8.14601938829 0.556696191091 -9999.0 0.554038127287 -9999.0 -9999.0 -9999.0 -9999.0 1.10880601063 0.568706779015 -9999.0 -9999.0 -9999.0 -9999.0 -9999.0 -9999.0 -9999.0 -9999.0 -9999.0 -9999.0 -9999.0 -9999.0 -9999.0 -9999.0 -9999.0 -9999.0 -9999.0 -9999.0 -9999.0 -9999.0 -9999.0 -9999.0 -9999.0 -9999.0 -9999.0 -9999.0 -9999.0 -9999.0
-9999.0 -9999.0 -9999.0 -9999.0 -9999.0 -9999.0 -9999.0 -9999.0 0.656129889789 1.80101335844 2.33153054372 2.86096350061 3.81749153997 0.483630816026 1.97861121852 2.44230750866 11.6739281659 0.527122904912 0.452177669962 1.02325005078 1.48620394384 0.488120594567 -9999.0 2.83788280182 2.33503383938 0.630461862352 -9999.0 -9999.0 -9999.0 -9999.0 -9999.0 -9999.0 -9999.0 -9999.0 -9999.0 -9999.0 -9999.0 -9999.0 -9999.0 -9999.0 -9999.0 -9999.0 -9999.0 -9999.0 -9999.0 -9999.0 -9999.0 -9999.0 -9999.0 -9999.0 -9999.0 -9999.0 -9999.0 -9999.0
-9999.0 -9999.0 -9999.0 -9999.0 -9999.0 -9999.0 0.628480330057 0.56333953372 0.548316211981 0.563298260632 0.57584686074 4.02318748541 8.37773381672 8.90039663445 9.26887054525 0.325739461901 12.4928812301 12.9395978162 0.895242488922 0.464022139728 1.93866491444 3.36849178845 0.530069703208 4.50255324845 0.540645937503 0.57691232214 0.566055054307 -9999.0 -9999.0 -9999.0 -9999.0 -9999.0 -9999.0 -9999.0 -9999.0 -9999.0 -9999.0 -9999.0 -9999.0 -9999.0 -9999.0 -9999.0 -9999.0 -9999.0 -9999.0 -9999.0 -9999.0 -9999.0 -9999.0 -9999.0 -9999.0 -9999.0 -9999.0 -9999.0
-9999.0 -9999.0 -9999.0 -9999.0 -9999.0 -9999.0 1.2727449976 1.87667846512 4.21798890725 5.84737012903 0.49533766848 0.507983683427 0.483014196139 1.41350752514 11.109297023 0.352498485596 13.3500165883 14.9550190477 1.27499504248 0.867112647372 3.78939155774 0.46486737519 4.96437075871 0.956310219548 0.490802623895 1.05496038414 1.12471579183 0.561339990031 0.56755764089 0.548018127886 0.605419558552 1.20963530015 -9999.0 -9999.0 -9999.0 -9999.0 -9999.0 -9999.0 -9999.0 -9999.0 -9999.0 -9999.0 -9999.0 -9999.0 -9999.0 -9999.0 -9999.0 -9999.0 -9999.0 -9999.0 -9999.0 -9999.0 -9999.0 -9999.0
-9999.0 -9999.0 -9999.0 -9999.0 -9999.0 0.714936729361 1.36837567417 0.646775009967 1.25176170475 6.47231835812 7.55599365663 8.61442915227 28.3740545515 0.462739512778 11.5774634387 43.6932920768 43.9963287718 59.4938250223 0.337222914608 1.26197595444 4.21279129044 0.417867494481 10.4616103513 5.05046438662 3.17686141953 2.68539618645 0.546444913683 1.66422145267 1.64440903528 1.09310088063 0.537668846929 1.76671605235 0.539197087972 0.527534526181 -9999.0 -9999.0 -9999.0 -9999.0 -9999.0 -9999.0 -9999.0 -9999.0 -9999.0 -9999.0 -9999.0 -9999.0 -9999.0 -9999.0 -9999.0 -9999.0 -9999.0 -9999.0 -9999.0 -9999.0
-9999.0 -9999.0 -9999.0 -9999.0 -9999.0 0.726270841072 2.10161791536 4.15199148797 4.77331194467 9.48548569516 10.0570209576 11.8696602026 19.2912200661 29.822967025 30.8446111523 31.3337001937 0.830185867804 60.9554780345 61.6463248592 63.7307450007 80.1429162463 11.7765672517 10.93324257 3.639045752 0.460307480857 3.13996338492 2.15691648751 0.472225198324 2.13235985839 0.463339059056 0.975790631368 2.76974797755 3.28525549764 1.03201627823 0.515713938151 0.494221507089 -9999.0 -9999.0 -9999.0 -9999.0 0.541179980162 0.487488508921 -9999.0 -9999.0 -9999.0 -9999.0 -9999.0 -9999.0 -9999.0 -9999.0 -9999.0 -9999.0 -9999.0 -9999.0
-9999.0 -9999.0 -9999.0 -9999.0 -9999.0 0.697071357539 0.658467873859 2.81552189914 3.45327027233 4.11482850754 0.61870199843 1.22077158125 7.03878941753 1.18329322164 0.563493450833 0.509588110801 0.451423970356 0.481980984773 0.435614172365 0.489515052997 80.5995162672 81.879984466 0.422611621016 1.32878714143 0.915242896592 3.5873150715 0.950145508748 0.457068819392 2.64016642376 0.899248196634 2.18676594909 5.75974229087 5.33564575736 1.54164973678 1.52234489519 0.514404258014 0.508104648908 -9999.0 -9999.0 0.502967463355 1.15233817586 2.66507273339 0.51799735244 -9999.0 -9999.0 -9999.0 -9999.0 -9999.0 -9999.0 -9999.0 -9999.0 -9999.0 -9999.0 -9999.0
-9999.0 -9999.0 -9999.0 -9999.0 -9999.0 -9999.0 0.737555536849 0.757773172293 1.40092676809 2.06515073175 4.61352743927 5.87754125743 6.49398231811 0.603803896518 0.495058326316 6.80958579233 8.32597837743 8.79219369836 10.7433730735 11.177570591 0.440392929126 82.3302395739 84.4377145854 1.66232417738 0.190609502307 3.93825295552 8.84089717016 3.53799082893 0.873734009199 0.431163714392 8.82336550339 6.2175446061 0.457131515352 0.450024017787 1.98857532034 1.49702829923 0.484152243262 0.475234409693 0.484445572012 0.974637397891 0.457644183761 3.23691032893 3.68745257903 0.42816126614 -9999.0 -9999.0 -9999.0 -9999.0 0.480639948817 0.450765441378 0.120300027265 -9999.0 -9999.0 -9999.0
-9999.0 -9999.0 -9999.0 -9999.0 -9999.0 -9999.0 -9999.0 0.7220270206 0.591271653982 1.2829950945 1.94949162819 0.63526644465 0.533673683179 3.57913152378 4.69531200466 5.83958745948 0.533078560001 1.00973476132 0.506614995444 11.6355822655 26.4256859735 26.9281905014 112.31905767 0.420261760959 0.579227273894 0.174226400264 9.25973848313 0.431893751347 1.31325167795 0.427104498118 9.26920584396 9.7151495308 0.916045151283 0.892807408608 4.92867384364 2.4605750244 0.962193124819 0.492103958507 0.963977626634 1.44673076674 2.35048599854 0.443664898292 4.53390326018 4.93933859209 0.364679068568 0.391834168 0.402110303926 0.364055157442 0.343113467201 1.31396332224 0.485214604794 0.309482592375 -9999.0 -9999.0
-9999.0 -9999.0 -9999.0 -9999.0 -9999.0 -9999.0 -9999.0 -9999.0 1.2832614756 1.82120219789 0.631715233365 1.29520316359 1.90486524028 3.07899710158 0.601568208557 0.57250110267 0.483575137991 0.488405405801 0.439198105856 13.8388510441 0.527846771145 1.02167367808 113.892549559 114.997550714 0.453546777044 1.48540849592 11.1441663626 0.832162970306 1.69708495863 0.796127177297 1.17659325616 11.4297525395 1.31992688335 7.05482665334 5.76699143867 0.415030268296 2.34065344527 0.941651679881 1.39227903082 0.422267643719 2.77500425139 3.62745931515 3.97977174425 4.31364372661 6.31213767944 0.693794059445 0.721413853899 0.659086543603 0.614776060894 1.63205962859 0.324622017304 1.12832720658 1.41827192116 -9999.0
-9999.0 -9999.0 -9999.0 -9999.0 -9999.0 -9999.0 -9999.0 -9999.0 0.697631921218 3.19665611061 3.80718266309 0.609423283936 1.18511362303 0.573628587113 0.519087763089 0.509855148429 6.60148669539 8.82858102017 10.9988015767 13.299625899 0.583218596479 0.507824228922 0.531500624139 117.464330285 118.763446639 119.253167766 15.0219340847 3.37516007008 2.9368113984 0.378270268128 1.55193958754 13.3670948118 0.390772839261 7.44758118733 0.419025571582 2.98170176819 2.79610114278 0.440441894748 1.81958231783 0.845292741551 1.25478071309 0.39286083241 0.323463084768 4.6432599595 4.94304671472 6.61107468938 1.03829170472 0.960436669749 0.904498016172 1.97727523094 2.63526345878 0.328297960616 1.71990983486 0.311928093461
-9999.0 -9999.0 -9999.0 -9999.0 -9999.0 -9999.0 -9999.0 -9999.0 -9999.0 0.721209526302 4.46412096362 5.05899855163 1.76524116406 2.9279816978 3.99799622847 4.55372552185 0.577959692796 1.73022909194 1.1549701409 0.599696696491 0.577405383046 0.510411764271 1.02691087564 1.77298649415 0.682605930386 135.508787958 136.000359039 0.427115373931 0.345188524254 0.739065157481 1.10125077091 14.4848858543 0.753741718658 7.79424896059 4.51046651211 3.72646935771 0.409450050966 0.836777365916 2.19910720112 0.379162431951 1.61804010609 0.759841478161 0.510476447573 0.176581766539 5.57602707916 12.4345190897 1.2613675137 1.18881680569 1.17810724654 0.276411250186 2.90843799725 0.265661646632 2.30813884894 0.269828074742
-9999.0 -9999.0 -9999.0 -9999.0 -9999.0 -9999.0 -9999.0 -9999.0 -9999.0 -9999.0 0.615104755365 6.29472638949 0.573514470021 1.15425407343 1.68123886159 2.72747624521 0.540822533846 1.13742526662 0.558490464466 0.522027346089 0.497580042416 0.987225609506 0.452428855416 0.507767431322 1.03049517235 0.607075574825 136.574242697 137.503992942 138.79842734 1.4766858376 0.363265574517 0.724304233275 14.8677858117 14.1555990544 5.30353719553 0.38910468568 1.63558115583 1.23294843594 2.57984638092 0.757042039637 3.12097993808 1.12906146735 0.805630211954 0.0898115685793 0.186515292939 12.7480834091 13.0288739946 15.7210857447 2.03934630045 0.56656647623 3.20447697787 3.7596988961 6.3258137374 0.540873748746
-9999.0 -9999.0 -9999.0 -9999.0 -9999.0 -9999.0 -9999.0 -9999.0 -9999.0 -9999.0 -9999.0 0.308463555059 6.90462813479 0.522057775084 1.03845636465 4.80843805511 0.542662579586 0.535146387214 0.466437533377 1.00259499387 0.489295054945 1.96328861912 2.8583768004 3.27123903691 1.4305738274 1.82380339105 0.460851937315 0.54680449449 0.519736139549 141.140225152 142.227182668 15.2046987495 14.8444753345 14.5021748703 0.705280836371 0.343499288842 1.9895305377 5.27908562541 2.93620792682 1.10839612767 4.5776835157 1.44633192449 1.11541963208 0.162236565909 0.0642387452801 0.0704443804799 0.110974390234 16.3015197119 19.138925613 0.26543887954 0.249112852538 0.260276979653 6.57171653433 7.33942191074
-9999.0 -9999.0 -9999.0 -9999.0 -9999.0 -9999.0 -9999.0 -9999.0 -9999.0 -9999.0 -9999.0 0.28185425523 7.5851914795 9.32842572332 0.521369075473 5.84008444278 0.498188636401 0.470903689281 0.929973317454 2.40792828289 0.468187114482 0.499348904683 0.432256764704 4.13809511174 4.55609957595 6.81458630504 7.65722456921 8.05957380018 8.48510725146 8.90151115401 151.613594121 167.551192943 183.111899188 183.489058046 0.34267391257 0.33731099297 5.99085009603 5.63773200347 0.349174691744 0.338037429057 4.89247540425 6.69666155392 0.271278070049 2.53135068679 2.36067248569 0.359233276857 0.211089745901 0.362239271665 0.290110884085 19.6433673279 0.25725222883 0.738239394058 0.935967441964 8.80580379098
-9999.0 -9999.0 -9999.0 -9999.0 -9999.0 -9999.0 -9999.0 -9999.0 -9999.0 -9999.0 -9999.0 0.639751262739 1.22447058886 9.89419268943 10.8588261409 0.489913387063 6.90271713172 0.423060144451 1.30264486961 2.83385197373 0.899027119967 0.428044189069 0.900312955737 0.38584771212 0.740417819754 0.353614906498 0.309318983107 0.207905353201 0.173497435442 0.156679768575 0.157892622654 0.2597780562 0.370081400304 0.474293629687 184.651023913 7.23385674978 6.58147925538 0.275512448733 0.993225578167 0.238517494419 0.189794552075 7.0109592848 10.5045986916 2.88965001146 2.22405445233 0.209991004492 0.0899856676028 0.0773599839484 0.28718384308 20.1863711054 20.6784151437 0.257072963785 0.260603364696 0.190674435546
-9999.0 -9999.0 -9999.0 -9999.0 -9999.0 -9999.0 -9999.0 -9999.0 -9999.0 -9999.0 -9999.0 -9999.0 0.518484215139 7.42053308144 18.7966148141 20.3747183005 27.7697385478 28.3203383693 6.42674034569 4.60344685685 1.33636282883 0.419955808694 1.73302461045 2.13717089552 3.24076257615 0.728395351568 0.659620001419 0.566320328873 1.09071841301 0.500102171621 0.479550730529 0.22465932153 0.0841225692946 0.129997316164 184.996449989 192.45267358 192.852309383 0.284157812784 2.66152413809 1.09159643631 0.337746186286 11.6009829066 0.778884115196 0.404698695442 1.60083031175 0.279504796074 0.235069990449 0.441340506674 0.641016896711 0.872442791046 21.0923031423 0.196274571178 0.168412282145 0.168586588302
-9999.0 -9999.0 -9999.0 -9999.0 -9999.0 -9999.0 -9999.0 -9999.0 -9999.0 -9999.0 -9999.0 0.584049009723 5.65606514798 6.87298967926 1.10444668174 0.317921313904 0.684724332993 29.4562952561 29.9413888086 36.8903584197 0.375647225045 0.790790018704 0.348209206834 0.354628857352 3.5956768147 4.67778706115 5.65568117434 0.321686119846 1.4167078362 2.23555928075 1.32037828286 0.536558057287 0.307335368701 0.231176400709 0.249945166139 0.161279917806 193.155751668 193.400149703 196.55401004 0.585161470209 0.302516223275 11.9645990248 0.798565325036 0.417189408314 0.457772875237 0.454713284052 0.389745688773 0.641945297635 1.89517276053 3.02272321159 24.3128550946 0.14779190489 0.441493010486 0.29846519499
-9999.0 -9999.0 -9999.0 -9999.0 -9999.0 -9999.0 -9999.0 -9999.0 -9999.0 -9999.0 -9999.0 0.601192397024 3.98417655407 0.62817055453 0.528682312664 2.84118403759 3.31302505135 3.78755669424 4.20482709389 49.8898358823 50.2294094238 50.9385072519 56.487346038 57.5070860801 58.0516021693 58.42401716 64.6319900955 65.3399177844 65.667902866 68.2589226112 69.9482488348 70.2653165145 71.0746643777 0.52489462181 0.388763920217 0.0655796619092 0.0991933183518 193.665609422 197.66366506 0.867831194278 14.1531187804 13.8478846303 1.51834713094 0.359247553297 0.361569220661 0.34917267935 0.346350644102 0.699062297961 1.00019179243 0.291279700759 24.5039286356 24.7083554583 25.6207441225 25.7858969134
-9999.0 -9999.0 -9999.0 -9999.0 -9999.0 -9999.0 -9999.0 -9999.0 -9999.0 -9999.0 -9999.0 2.07191489412 2.73565955508 1.25927618571 1.85544329496 0.58699117847 6.55268450747 7.06141588418 8.06002263714 8.37566034679 3.16024433904 54.6758473275 55.0051782672 0.292398212265 0.175489837476 0.12618577246 0.328230230183 0.137873431542 0.0855976602215 0.0739187458822 0.106974137131 70.4729885219 71.3206506709 72.1948017038 72.8841391383 73.2452792857 0.145345713717 0.0571418312331 212.568067132 14.6805022671 14.4747505665 0.311401103018 0.301311278272 0.286314659975 0.650563955804 0.639017531014 0.284496672513 0.282353286675 0.25586598094 0.539807452858 0.713126203667 0.134519838368 0.238403176149 0.0831294974091
-9999.0 -9999.0 -9999.0 -9999.0 -9999.0 -9999.0 -9999.0 -9999.0 -9999.0 -9999.0 -9999.0 -9999.0 1.4049469651 0.650918038565 0.580036940121 5.53831913191 6.07296915363 0.529471192184 2.02724842411 2.47866385796 2.83766557479 0.413053645903 0.309264275567 7.85819321376 8.10873835979 8.33061769078 22.1736360212 22.306957897 22.476876448 23.838005529 24.3455244596 24.4131536741 0.0615663566521 0.0671234619438 0.0949816588465 73.5730611332 0.120685109423 215.039736329 214.823186779 2.06181314177 1.81609824552 1.18474264458 0.293949770908 0.565920499954 0.94036041263 0.930379564683 0.559483330497 0.269663111062 0.521633368837 0.502484089232 0.927180672698 0.110705442338 0.340208766665 0.5695668921
