data/baseflow/History/mHMbfrc411
ncols                  80
nrows                 72
xllcorner      4374000.0
yllcorner      5656000.0
cellsize            500
NODATA_value       -9999
[rows 24 to 47 of 72, columns 0 to 54 of 80]
-9999.0 -9999.0 -9999.0 -9999.0 -9999.0 -9999.0 -9999.0 -9999.0 -9999.0 -9999.0 -9999.0 -9999.0 1.22842024479 3.5151046572 4.62182895255 7.95864099401 0.995479620372 2.01596256528 2.98069826696 11.5500592374 12.4177609077 13.1880461324 13.9600746566 14.7325140479 22.6208367329 24.8909920416 26.1821936398 0.573126728836 3.05630448924 3.59523102771 50.7702647668 53.2032800862 54.3035543392 55.4391060365 56.3711063833 207.678504712 0.297036614137 410.99055025 0.809372598316 0.393690383392 3.52992790121 3.02732812999 0.496493997631 1.64416497893 2.42240732549 2.3762707529 1.64946779224 2.70249363767 4.25951875386 1.59540387687 3.95221957478 0.378010003755 0.623463618956 0.157910311827 0.1290373306
-9999.0 -9999.0 -9999.0 -9999.0 -9999.0 -9999.0 -9999.0 -9999.0 -9999.0 -9999.0 -9999.0 -9999.0 1.17440814884 2.34483393783 1.11911417091 2.2435277453 1.02578488513 7.64634182319 9.60714503051 10.5996026385 0.924436552057 1.81161731996 17.0994782159 21.2347307895 21.9415002498 1.55314193872 1.4285988852 2.0775019972 0.493947494624 0.463554822248 0.878427215613 0.385677604432 25.7555149397 26.2061704173 26.5373860361 208.124675742 414.034515231 411.387048728 0.65552019028 0.301282486631 0.275897560699 1.13343659931 0.865283244942 2.10713996173 2.91484922421 5.81923645717 0.522339188751 0.519961004232 4.72040169602 5.19599479115 9.96124360926 10.2397044198 11.0302724461 11.3341654738 0.26578031556
-9999.0 -9999.0 -9999.0 -9999.0 -9999.0 -9999.0 -9999.0 -9999.0 -9999.0 -9999.0 -9999.0 -9999.0 -9999.0 1.15700436578 2.29757610608 3.43732593882 5.54551135396 1.0772222335 1.00250482776 6.7097978633 7.6461849121 15.3954359253 16.3213126394 2.63222918765 0.860518291229 0.778356277293 0.698766662704 23.0699983635 23.5959911356 24.1057694067 24.5389651955 25.3417196405 4.57133209075 4.91372609888 31.7396325081 654.130830136 2.20909362394 1.79940379373 0.961941546563 0.254191359312 0.234232832241 1.6769243852 1.88211570447 2.57808159028 0.235833178725 6.11152769129 0.895551009511 0.882779512395 0.211132654605 0.157681203777 0.144375946614 0.13206537846 0.142565575249 11.5296192443 146.613115151
-9999.0 -9999.0 -9999.0 -9999.0 -9999.0 -9999.0 -9999.0 -9999.0 -9999.0 -9999.0 -9999.0 -9999.0 -9999.0 -9999.0 1.10911552596 2.03059939121 2.86972029973 3.71917039197 4.7139356444 5.72728680638 2.98862399028 4.97674566732 0.930375767302 0.901176397315 19.1395466106 20.8508614631 21.646459423 22.4569022644 0.608654735523 1.12397678005 3.01204551345 3.60125837244 4.1309250938 0.403565366092 0.29547821497 655.173336171 0.40274855348 0.501825063611 0.242451394008 1.04053461521 0.507028979793 0.232970051399 4.6960784764 4.88572457607 0.161082432535 6.2823736751 7.34657544644 1.08988776205 152.857503732 152.491677821 152.162122686 151.537965195 151.286482508 147.546474047 147.362796299
-9999.0 -9999.0 -9999.0 -9999.0 -9999.0 -9999.0 -9999.0 -9999.0 -9999.0 -9999.0 -9999.0 -9999.0 -9999.0 -9999.0 0.225972280172 0.515469803426 0.842722322773 7.89670184175 8.92842986346 1.0384450037 1.00486179629 1.00510117374 15.5317634013 17.4363957984 0.912062354997 0.918698624394 0.775062178491 3.22916243508 4.01015236619 1.90105965964 2.4925662074 18.4402039087 19.0616929615 19.9747960079 31.6326608563 687.065541446 0.378997348662 0.203821660573 1.57095239217 1.30797775814 0.207052920665 0.649391178356 0.836735595851 5.09120473555 5.26462610945 13.1104296915 7.5273473365 1.27313924197 156.24724523 1.38418263639 151.861509876 151.706354615 3.49513479514 0.23180937387 0.586289239621
-9999.0 -9999.0 -9999.0 -9999.0 -9999.0 -9999.0 -9999.0 -9999.0 -9999.0 -9999.0 -9999.0 -9999.0 -9999.0 -9999.0 1.14586838773 1.88620795755 3.94224437231 6.93943022072 9.71886627018 11.6521165309 12.6480051927 13.6569489212 14.6238480884 0.939857625184 0.861522651243 1.70184416538 1.60028124884 0.840388788148 15.9367518188 16.7033310961 17.4059895534 18.0789212776 10.3304209117 10.8543135584 11.3267804927 687.283251029 0.659817108774 0.480786434987 2.23511237721 0.258418694708 0.373438044574 0.194021900755 0.1745156618 1.00820621487 0.145321606675 0.154609881237 170.130956354 156.897427406 156.741651875 0.531027318357 1.22270318754 0.797267971186 0.191339539535 3.10292243151 0.902807731796
-9999.0 -9999.0 -9999.0 -9999.0 -9999.0 -9999.0 -9999.0 -9999.0 -9999.0 -9999.0 -9999.0 -9999.0 -9999.0 -9999.0 0.796559342314 0.76199700496 1.49577344796 2.25654826616 0.998608139362 1.11873037674 2.15827742527 3.18927364108 5.14920241699 6.11511075256 6.95916775976 9.53482454572 10.3242532817 11.185838284 0.777117541319 7.83159325022 8.51110308478 9.17563483606 0.574927674926 0.364914232113 0.610032659968 699.120171252 699.327391768 700.365535744 2.94570421383 0.517815463814 0.620779736945 0.162964985653 0.308444579786 1.14708133402 1.41556764323 0.280738141587 170.793384058 0.199543775967 0.283152462935 0.309264677043 0.233091779753 0.445534316748 0.188650932458 2.00219772919 1.59170811249
-9999.0 -9999.0 -9999.0 -9999.0 -9999.0 -9999.0 -9999.0 -9999.0 -9999.0 -9999.0 -9999.0 -9999.0 -9999.0 -9999.0 -9999.0 0.738198421876 1.4570097736 0.702912808182 1.44622323408 9.03694181831 9.95103866581 10.9569505508 0.974270934243 0.974808863201 1.81829773553 2.69986774848 4.25150835358 5.06462143157 5.55778192747 6.30041218429 0.639680901603 0.618375924891 10.1954581698 10.5397760853 10.7774713005 11.0049963477 9.03542375763 710.358074215 714.669896399 714.885213734 715.703225721 716.565024904 717.020282349 0.134830843111 1.5382528042 170.925679471 0.300409143375 0.153388591365 0.16956278541 0.164783597681 0.286302261126 0.267417595773 0.150839486463 0.21025836313 0.202753775321
-9999.0 -9999.0 -9999.0 -9999.0 -9999.0 -9999.0 -9999.0 -9999.0 -9999.0 -9999.0 -9999.0 -9999.0 -9999.0 -9999.0 -9999.0 -9999.0 2.16734408131 2.9219633544 5.13582854626 6.79526040267 0.880175111204 12.9068044868 13.8595224945 14.7707326927 0.872060908711 1.72891953804 0.761560013281 5.79511233499 6.25872232847 6.94838582457 7.63809467267 9.39750616126 9.6977054515 0.190713515402 8.15710397784 8.60916613412 8.82188343306 9.77831104099 1.15746320908 0.714721895 0.430967220699 0.422094323226 717.484718813 717.669036751 720.161546302 171.045158602 0.839673142554 0.432358583835 0.288860070967 0.0971040630991 0.840253827632 0.43421223149 0.135658455943 0.725892223364 0.608745575247
-9999.0 -9999.0 -9999.0 -9999.0 -9999.0 -9999.0 -9999.0 -9999.0 -9999.0 -9999.0 -9999.0 -9999.0 -9999.0 -9999.0 -9999.0 -9999.0 0.770767142851 3.66478396389 4.43020751821 0.925119675441 1.03500263746 2.08664659801 3.06760658772 18.760924959 0.87691788925 3.50704338281 4.29219149903 5.06778424185 0.486792347389 1.13601676669 1.57156907158 6.52634097586 7.33226780938 7.52748403378 0.21880937795 0.229985013778 0.286732703746 0.525654308923 0.232354813492 0.24985611934 0.372032681298 0.353442663255 0.366521247175 0.818945949218 720.361084031 891.893058778 1.02328324772 0.218118835196 0.0955455978077 2.54907756632 2.33692763741 1.3560102802 1.21389115112 0.907745745612 0.201395861321
-9999.0 -9999.0 -9999.0 -9999.0 -9999.0 -9999.0 -9999.0 -9999.0 -9999.0 -9999.0 -9999.0 -9999.0 -9999.0 -9999.0 -9999.0 0.681493135269 2.16727581425 0.714734696209 1.03159613492 1.0990790704 2.13394981906 3.15951834314 4.02941100454 23.5077715897 24.3532788263 0.863137929212 1.64699810108 2.43794253878 3.04256808199 3.71555631339 5.83692082893 6.2783481638 0.538035357015 0.399360035861 0.346319077977 0.362658433503 0.386946379305 0.401615217547 0.357109737845 0.478952325412 1.26361887007 0.591891948117 0.190599095966 0.18707511333 0.166987721174 0.316154163433 900.256100383 7.1080002056 3.08654277241 0.302306189046 0.148495695257 0.100890224371 0.339470436573 0.229647506129 0.117964340806
-9999.0 -9999.0 -9999.0 -9999.0 -9999.0 -9999.0 -9999.0 -9999.0 -9999.0 -9999.0 -9999.0 -9999.0 -9999.0 -9999.0 0.721653251016 1.38231604694 4.94028307415 0.69794191281 1.91490722487 2.99945448841 4.02329674446 1.03910414415 1.96904442159 2.76554369168 27.7924884361 0.828457237178 1.57445535407 2.34821342387 0.720813547922 1.4335126567 1.95673326087 2.39201886261 51.9180167181 52.6440426437 53.2803144947 55.7334468643 56.886228805 58.8820378704 0.529475676398 1.26313835931 1.54100323092 64.7146791571 65.0668405706 0.174240621676 0.303067580569 0.427220780987 900.452930355 6.67586239762 3.20080900977 3.0232303106 2.38840961753 2.07279051543 0.447998184885 0.10900914541 0.207345661027
-9999.0 -9999.0 -9999.0 -9999.0 -9999.0 -9999.0 -9999.0 -9999.0 -9999.0 -9999.0 -9999.0 -9999.0 -9999.0 -9999.0 0.720663691116 2.18671837859 7.84072136688 11.5681694845 0.646217804388 15.1881746493 19.9358443244 0.988335512797 1.91138242039 2.74275687269 35.5976564738 36.2633484071 0.608494044591 3.58329713419 4.169521799 4.77015165577 47.1524607416 48.4506061987 49.1233941333 0.315344868783 1.78493651761 2.11055498038 0.878612885499 1.23348904034 60.6569383433 62.4620092007 62.7383209364 62.9997200389 65.3913817112 0.158593355502 0.140010856947 0.683778430462 900.619313758 0.19627747164 0.165387577953 0.48067181192 0.173730981493 1.83375970224 1.47983440019 0.876241353373 0.614256164368
-9999.0 -9999.0 -9999.0 -9999.0 -9999.0 -9999.0 -9999.0 -9999.0 -9999.0 -9999.0 -9999.0 -9999.0 -9999.0 -9999.0 -9999.0 -9999.0 1.5108709935 3.04225757803 13.7249551284 14.4825016229 20.6151461408 21.3474062721 0.960417005851 1.91967289023 4.44660914065 36.883212158 38.1220419837 38.6307547446 0.413544872072 40.4981862419 41.8438345045 0.819107584865 0.319280794969 0.61889758873 1.20139234115 0.287737016598 0.568522205383 1.24218764885 1.53521488788 0.295303550567 0.211326991889 0.415117310278 66.9944909058 67.5342332034 67.6577082537 68.6709199719 900.766782078 0.16463228076 0.125106948884 0.138572616419 0.134155206306 0.137059414076 0.120103481043 0.226511252784 0.101350349362
-9999.0 -9999.0 -9999.0 -9999.0 -9999.0 -9999.0 -9999.0 -9999.0 -9999.0 -9999.0 -9999.0 -9999.0 -9999.0 -9999.0 -9999.0 -9999.0 0.784917620644 0.773000772365 0.760822957864 1.52367160813 0.677165513762 22.694325782 23.3692565799 0.864807613973 1.7356945192 0.761609721271 0.602667711026 0.584227735108 39.6869043235 0.457214206888 0.920662998823 0.422403133773 0.33090850406 0.295796819804 0.234106331501 0.242398029407 0.730941320416 0.996602795495 0.200570115332 0.185818652148 0.39393567012 0.642495643156 0.8951668736 0.280781186719 67.8509591037 68.7941046113 900.882127685 0.68807846946 0.350829079768 0.0868801886521 0.203565594321 0.0710865187218 0.0534936799212 0.285498188832 0.482405971539
-9999.0 -9999.0 -9999.0 -9999.0 -9999.0 -9999.0 -9999.0 -9999.0 -9999.0 -9999.0 -9999.0 -9999.0 -9999.0 -9999.0 -9999.0 -9999.0 -9999.0 -9999.0 0.764306791801 2.23524415414 2.87613562434 3.53629509133 24.0117583729 24.6536212854 25.2984250924 25.9961479464 26.5650550596 27.7392639222 28.1704235722 28.6071342357 28.9647612653 0.30278031719 0.280215745241 0.291144266055 1.02068026505 0.26605229642 0.250812205184 0.204115081572 0.594064708285 0.235170078053 0.187609462524 0.175699914087 0.16253988678 0.324454971531 0.455861163073 69.6899383287 971.374707701 0.168648603468 0.300204733202 0.0735194248114 0.282307001475 0.159473873082 0.107662426326 1.15169444301 0.801042861875
-9999.0 -9999.0 -9999.0 -9999.0 -9999.0 -9999.0 -9999.0 -9999.0 -9999.0 -9999.0 -9999.0 -9999.0 -9999.0 -9999.0 -9999.0 -9999.0 -9999.0 -9999.0 -9999.0 0.664648423638 5.08588260786 10.018162935 10.6994721302 0.850717345221 1.71127728548 2.59723495024 3.30128149745 8.04018576107 8.37390564433 0.320365339379 0.308000731012 29.5863581 30.1318858068 30.3826205039 1.21447997677 0.179264936767 0.42499940927 0.626296113068 1.88095912291 2.31863319618 2.67495357794 0.329916133836 0.458858493361 0.152291311375 0.299655310001 0.152412008753 971.654906 0.137672007821 0.573382207817 0.192507054966 0.544636196982 1.27606526496 1.45002501765 2.67404890033 0.895087503899
-9999.0 -9999.0 -9999.0 -9999.0 -9999.0 -9999.0 -9999.0 -9999.0 -9999.0 -9999.0 -9999.0 -9999.0 -9999.0 -9999.0 -9999.0 -9999.0 -9999.0 -9999.0 0.71798810884 2.25741982517 4.43620149514 5.81741185706 14.8817873023 15.6499393444 1.8282504309 2.72613844037 3.50340762747 4.18556393065 8.76688870724 9.43919683231 17.1605830698 17.8056990296 18.1116146785 30.6307662223 32.4749334153 0.41999134235 0.264201823087 0.252582478631 0.480947081957 0.221962941007 3.10869052242 3.27707347028 0.603249667488 0.831526768123 0.198623570318 199.071653736 199.379654175 1171.20114613 1171.95653329 0.151725943116 0.870272806735 0.179402796853 0.132830178968 2.90991352698 3.88534529307
-9999.0 -9999.0 -9999.0 -9999.0 -9999.0 -9999.0 -9999.0 -9999.0 -9999.0 -9999.0 -9999.0 -9999.0 -9999.0 -9999.0 -9999.0 -9999.0 -9999.0 -9999.0 -9999.0 0.795205734963 0.773304838645 1.48243961764 3.53612790266 16.3124763588 0.934789648027 0.927277584199 1.6823648881 2.46563630999 6.08199020913 6.61005181696 0.457814999663 0.423085694357 18.458360269 18.7136619007 51.4684095485 51.7245186153 0.154587927843 0.13898219858 0.11669982861 0.117728955357 0.125000660973 195.691312541 196.697698124 197.77047961 198.197212195 198.858040157 0.166350050108 0.61696703433 0.741167976372 1172.96942897 1173.06899115 1173.26425672 1173.48352165 1173.65748681 4.05206855527
-9999.0 -9999.0 -9999.0 -9999.0 -9999.0 -9999.0 -9999.0 -9999.0 -9999.0 -9999.0 -9999.0 -9999.0 -9999.0 -9999.0 -9999.0 -9999.0 -9999.0 -9999.0 -9999.0 -9999.0 0.725567395517 0.750844850263 1.40370377445 19.0596611092 19.7494850733 0.916044784659 1.66577960626 2.46238071901 3.13666668126 0.614758577413 1.1085744298 44.5664666363 44.8514703459 45.1993416994 47.5361469664 99.568844942 189.542631241 189.904406254 190.228927221 190.542697228 191.835308457 192.252145607 0.804881669095 0.370395167224 0.214246238136 0.406235693261 0.307636609863 0.48448288043 0.149627355546 3.39944477908 3.70762807916 3.99643701352 4.05449030902 1173.76107572 1177.99251965
-9999.0 -9999.0 -9999.0 -9999.0 -9999.0 -9999.0 -9999.0 -9999.0 -9999.0 -9999.0 -9999.0 -9999.0 -9999.0 -9999.0 -9999.0 -9999.0 -9999.0 -9999.0 -9999.0 -9999.0 -9999.0 0.735337812591 1.41116836553 2.08980707112 20.3307504079 0.697582836279 27.73558129 28.5582742387 29.2037156869 29.7624734007 42.4718170986 42.989559667 0.306856786029 1.70295506265 2.04211528432 0.284257804863 89.6146832376 89.0970773144 0.164469062087 0.373554761555 1.00968098139 0.222751847566 0.23600744876 0.188126580531 0.161818928006 0.128118232213 0.146746397736 2.93482636058 3.0840258386 3.26059777079 0.200921516674 0.197134763373 4.17858368469 4.25705900282 4.29727208541
-9999.0 -9999.0 -9999.0 -9999.0 -9999.0 -9999.0 -9999.0 -9999.0 -9999.0 -9999.0 -9999.0 -9999.0 -9999.0 -9999.0 -9999.0 -9999.0 -9999.0 -9999.0 -9999.0 -9999.0 -9999.0 0.683793152581 0.640936387228 3.29935797325 24.9454482947 26.2926953082 26.9787392591 0.725674663213 11.2315922128 11.8577036714 12.16149013 0.49200668477 0.817327798823 1.09930866164 20.473527286 20.7010802165 20.8969807879 88.743077198 54.485706354 0.201451603884 0.215564303005 0.208144929488 0.168328562457 1.75166500599 2.11278168894 2.43221329559 2.60750977003 2.77697873029 21.9991969144 22.1232192742 22.3197311931 22.8167839522 24.5376590614 24.5950553443 28.9497151189
-9999.0 -9999.0 -9999.0 -9999.0 -9999.0 -9999.0 -9999.0 -9999.0 -9999.0 -9999.0 -9999.0 -9999.0 -9999.0 -9999.0 -9999.0 -9999.0 -9999.0 -9999.0 -9999.0 -9999.0 -9999.0 -9999.0 1.3320446211 2.01927972466 0.704342717833 0.945364179412 8.66177192159 9.41357368888 9.94270491642 4.15088555146 4.64133187444 5.13644171051 5.4551429225 19.971370321 20.2726120821 12.7082009711 33.8441812326 34.0678093618 54.3170479071 0.436152542853 0.222822397373 0.16317144786 1.21011902684 1.41614185482 0.133625840529 0.126105510829 21.4335003753 21.7370811343 21.8835714887 0.237397067444 0.354204044384 24.2606311699 0.154076222042 0.424900237053 0.466573970671
-9999.0 -9999.0 -9999.0 -9999.0 -9999.0 -9999.0 -9999.0 -9999.0 -9999.0 -9999.0 -9999.0 -9999.0 -9999.0 -9999.0 -9999.0 -9999.0 -9999.0 -9999.0 -9999.0 -9999.0 -9999.0 -9999.0 0.662409645565 1.31230310361 5.42044481788 6.12956605093 6.88709809681 3.08835844559 3.66211408587 0.502467801698 13.3631846804 13.8115120651 14.2196393399 0.333592278796 12.143827681 12.4546650121 0.235859908121 53.1867490394 0.485624970441 0.243021481444 0.65385162235 0.87735966223 0.173191652704 0.143234506548 19.9103251003 21.1595138057 21.3361871885 0.183865014664 0.407536833327 0.523505027087 0.652998060126 1.27737887517 0.156903875309 0.349649290022 0.0670522665022
