data/baseflow/History/mHMbfrc384
ncols                  80
nrows                 72
xllcorner      4374000.0
yllcorner      5656000.0
cellsize            500
NODATA_value       -9999
[rows 0 to 23 of 72, columns 0 to 54 of 80]
-9999.0 -9999.0 -9999.0 -9999.0 -9999.0 -9999.0 -9999.0 -9999.0 -9999.0 -9999.0 -9999.0 -9999.0 1.09150859246 0.89797428331 -9999.0 -9999.0 -9999.0 -9999.0 -9999.0 -9999.0 -9999.0 -9999.0 -9999.0 -9999.0 -9999.0 -9999.0 -9999.0 -9999.0 -9999.0 -9999.0 -9999.0 -9999.0 -9999.0 -9999.0 -9999.0 -9999.0 -9999.0 -9999.0 -9999.0 -9999.0 -9999.0 -9999.0 -9999.0 -9999.0 -9999.0 -9999.0 -9999.0 -9999.0 -9999.0 -9999.0 -9999.0 -9999.0 -9999.0 -9999.0 -9999.0
-9999.0 -9999.0 -9999.0 -9999.0 -9999.0 -9999.0 -9999.0 -9999.0 -9999.0 -9999.0 -9999.0 -9999.0 2.21501926431 4.77585881457 0.750894288676 -9999.0 0.64336593262 -9999.0 -9999.0 -9999.0 -9999.0 -9999.0 -9999.0 -9999.0 -9999.0 -9999.0 -9999.0 -9999.0 -9999.0 -9999.0 -9999.0 -9999.0 -9999.0 -9999.0 -9999.0 -9999.0 -9999.0 -9999.0 -9999.0 -9999.0 -9999.0 -9999.0 -9999.0 -9999.0 -9999.0 -9999.0 -9999.0 -9999.0 -9999.0 -9999.0 -9999.0 -9999.0 -9999.0 -9999.0 -9999.0
-9999.0 -9999.0 -9999.0 -9999.0 -9999.0 -9999.0 -9999.0 -9999.0 -9999.0 -9999.0 1.15525288359 1.09093249058 1.09326720255 1.0318600486 6.75638785126 7.55049672926 1.80198605377 0.57703366482 -9999.0 -9999.0 -9999.0 -9999.0 -9999.0 -9999.0 -9999.0 -9999.0 -9999.0 -9999.0 -9999.0 -9999.0 -9999.0 -9999.0 -9999.0 -9999.0 -9999.0 -9999.0 -9999.0 -9999.0 -9999.0 -9999.0 -9999.0 -9999.0 -9999.0 -9999.0 -9999.0 -9999.0 -9999.0 -9999.0 -9999.0 -9999.0 -9999.0 -9999.0 -9999.0 -9999.0 -9999.0
-9999.0 -9999.0 -9999.0 -9999.0 -9999.0 -9999.0 -9999.0 -9999.0 -9999.0 1.07525613483 2.24030229665 4.42417471429 2.07525901749 0.997802776628 1.99346735807 8.53223936307 11.7046740626 0.661616472971 -9999.0 1.08615206484 -9999.0 -9999.0 -9999.0 -9999.0 1.24428440246 0.633261733847 -9999.0 -9999.0 -9999.0 -9999.0 -9999.0 -9999.0 -9999.0 -9999.0 -9999.0 -9999.0 -9999.0 -9999.0 -9999.0 -9999.0 -9999.0 -9999.0 -9999.0 -9999.0 -9999.0 -9999.0 -9999.0 -9999.0 -9999.0 -9999.0 -9999.0 -9999.0 -9999.0 -9999.0 -9999.0
-9999.0 -9999.0 -9999.0 -9999.0 -9999.0 -9999.0 -9999.0 -9999.0 1.20101237595 3.39944007314 4.44621609524 5.49791056511 7.50480965759 0.98042471289 3.93404403301 4.91649992269 18.2225249825 0.859330056504 0.910767728904 2.03081241957 2.96382765147 0.976985364011 -9999.0 3.26450250715 2.67627815679 0.744818828392 -9999.0 -9999.0 -9999.0 -9999.0 -9999.0 -9999.0 -9999.0 -9999.0 -9999.0 -9999.0 -9999.0 -9999.0 -9999.0 -9999.0 -9999.0 -9999.0 -9999.0 -9999.0 -9999.0 -9999.0 -9999.0 -9999.0 -9999.0 -9999.0 -9999.0 -9999.0 -9999.0 -9999.0 -9999.0
-9999.0 -9999.0 -9999.0 -9999.0 -9999.0 -9999.0 1.24441140409 1.11875650463 1.06309475962 1.07672703357 1.10977996342 7.71679081235 16.2678506078 17.3045203701 18.2512147103 0.951474839443 20.0801735452 20.9962303899 1.82717633469 0.913934293168 3.87236132576 6.73196287153 0.910578285439 5.97789265551 0.978498703093 0.943865105536 0.987888067422 -9999.0 -9999.0 -9999.0 -9999.0 -9999.0 -9999.0 -9999.0 -9999.0 -9999.0 -9999.0 -9999.0 -9999.0 -9999.0 -9999.0 -9999.0 -9999.0 -9999.0 -9999.0 -9999.0 -9999.0 -9999.0 -9999.0 -9999.0 -9999.0 -9999.0 -9999.0 -9999.0 -9999.0
-9999.0 -9999.0 -9999.0 -9999.0 -9999.0 -9999.0 2.44489661547 3.56729906747 8.0315545526 11.1922117883 0.987794187609 1.02937150254 0.997936227579 2.93359658107 22.0869921995 0.870407379594 21.8900616018 25.4117516822 2.7074583118 1.77686035431 7.59897114919 0.942353469552 6.90540401999 1.85463169561 0.921981931056 1.83328769551 1.92988694904 0.943742026585 0.972934162832 0.956817126221 0.995474591124 2.00657959321 -9999.0 -9999.0 -9999.0 -9999.0 -9999.0 -9999.0 -9999.0 -9999.0 -9999.0 -9999.0 -9999.0 -9999.0 -9999.0 -9999.0 -9999.0 -9999.0 -9999.0 -9999.0 -9999.0 -9999.0 -9999.0 -9999.0 -9999.0
-9999.0 -9999.0 -9999.0 -9999.0 -9999.0 1.28125705906 2.48669324963 1.1804151214 2.30634391817 12.3350877415 14.4111565326 16.4698253878 52.050751543 0.975858060375 23.0435508588 82.558544718 83.306734569 109.9745007 0.781380789029 2.64607165691 8.47647788691 0.87116366161 17.1225557769 9.3212548974 5.63140625762 4.7111548919 0.934304578579 2.82004642233 2.81845913351 1.8871138465 0.916412316013 2.96199949301 0.918599611334 0.91233102051 -9999.0 -9999.0 -9999.0 -9999.0 -9999.0 -9999.0 -9999.0 -9999.0 -9999.0 -9999.0 -9999.0 -9999.0 -9999.0 -9999.0 -9999.0 -9999.0 -9999.0 -9999.0 -9999.0 -9999.0 -9999.0
-9999.0 -9999.0 -9999.0 -9999.0 -9999.0 1.27944999021 3.7018829554 7.37172784706 8.51189466481 16.7609558302 17.8338389891 21.1913336092 34.6302742742 54.892255339 56.8586716306 57.7542271933 1.7320929907 113.087773343 114.703171823 119.17464411 148.33813271 19.8098131773 18.0541226954 6.56006145893 0.910785109797 5.50479460192 3.71624884346 0.865853195461 3.68451860332 0.86216646249 1.7520242805 4.75256552584 5.66216026788 1.81888548746 0.853490393744 0.867107288249 -9999.0 -9999.0 -9999.0 -9999.0 0.62012178107 0.539094654398 -9999.0 -9999.0 -9999.0 -9999.0 -9999.0 -9999.0 -9999.0 -9999.0 -9999.0 -9999.0 -9999.0 -9999.0 -9999.0
-9999.0 -9999.0 -9999.0 -9999.0 -9999.0 1.25074541179 1.18164978928 4.79639815033 5.94543945679 7.13508038667 1.1412030631 2.26452837493 12.6166133056 2.24157767394 1.08201531185 1.00674874623 0.901264830279 1.00888994763 0.969111445579 0.985698808124 149.24900878 151.902992778 0.866203725684 2.66834510016 1.81341862069 6.39121225858 1.73742117555 0.836559239527 4.5690938923 1.71285724601 4.12193333282 10.0658228731 9.25651120041 2.70475584891 2.56687723572 0.871693572029 0.871926315696 -9999.0 -9999.0 0.873693902637 1.35465033645 3.0273001694 0.571054921374 -9999.0 -9999.0 -9999.0 -9999.0 -9999.0 -9999.0 -9999.0 -9999.0 -9999.0 -9999.0 -9999.0 -9999.0
-9999.0 -9999.0 -9999.0 -9999.0 -9999.0 -9999.0 1.25778138335 1.2214300572 2.40374157697 3.56801220413 8.13390545215 10.4379111177 11.5675297621 1.15586875325 0.966952197205 12.7358631979 15.6794938783 16.6230290056 20.5264659194 21.4513891469 0.924366581556 152.813996387 157.275472839 3.57513834928 0.871231816716 7.24893356613 16.0562620906 6.25300743911 1.68790150466 0.846420973979 15.8676026063 10.9284155954 0.806792391466 0.809224487976 3.38592750922 2.58746117909 0.851049441042 0.847478132784 0.870115929339 1.72150740812 0.842178422514 3.69116901735 4.50584617122 0.779962824551 -9999.0 -9999.0 -9999.0 -9999.0 0.864122430765 0.81908873934 0.294152214287 -9999.0 -9999.0 -9999.0 -9999.0
-9999.0 -9999.0 -9999.0 -9999.0 -9999.0 -9999.0 -9999.0 1.24623460204 1.1081474155 2.27185914255 3.451850869 1.16933587894 1.05920904161 6.58088686123 8.69000317449 10.8204021308 0.997561751818 2.00672129051 0.986600939982 22.3754142812 49.1148786218 49.7465048298 208.669777514 0.903512508858 2.54557344993 0.813697872277 16.8851529555 0.8310734938 2.5519368913 0.832108822273 16.6944028468 17.5113711853 1.61148452991 1.59649432054 8.53974195569 4.3017581355 1.69997323903 0.860261022816 1.74398521885 2.57644650701 4.21278903617 0.797893695167 6.08206305225 6.89183301879 0.760434235698 0.808916057409 0.790784830971 0.738924339196 0.708296681168 2.38620770962 1.00184845329 0.67112977602 -9999.0 -9999.0 -9999.0
-9999.0 -9999.0 -9999.0 -9999.0 -9999.0 -9999.0 -9999.0 -9999.0 2.30431505241 3.38513486808 1.15305832384 2.32729915647 3.4049842226 5.59579384447 1.12587025889 1.08687648481 0.976809154539 0.999682480369 0.936191197008 24.8632317762 0.989107336153 1.94672586896 211.344517679 213.399889664 1.15277693002 4.80655094015 22.5172026303 1.65964779904 3.32419324116 1.57918240074 2.33865330975 20.6565604231 2.38204057982 12.4927943088 10.133590321 0.80454675004 4.18037872312 1.68230814512 2.54598627529 0.807130326623 5.00845912861 6.57586924807 7.31669460836 8.02730328351 9.82856524294 1.48200414193 1.4804611962 1.39351525196 1.33139591527 3.02889923013 0.64336215949 2.33205260441 2.94832025762 -9999.0 -9999.0
-9999.0 -9999.0 -9999.0 -9999.0 -9999.0 -9999.0 -9999.0 -9999.0 1.19179714615 5.72793774766 6.8562404554 1.13433275264 2.22265676488 1.08955356617 1.02927693783 1.00238732962 12.5302705563 16.7268020647 20.5306476249 24.1882207915 0.900120866192 0.972371898926 1.07927129443 217.763029058 219.945463096 221.00380027 30.3208103323 6.67757368905 5.80637226534 0.762916718852 3.08952444765 24.5075072011 0.753157637063 13.2536156155 0.800459961912 5.46043162983 5.01653642346 0.809415484462 3.33628500265 1.5944739181 2.36640089054 0.764511800836 0.71350299573 8.73083810349 9.40407511047 10.499503674 2.16625053368 2.05612777974 1.97287252664 3.6893752288 4.97794892355 0.639494506896 3.5754581506 0.662704344706 1.28983207205
-9999.0 -9999.0 -9999.0 -9999.0 -9999.0 -9999.0 -9999.0 -9999.0 -9999.0 1.18485590052 8.01357621869 9.1369382839 3.32519337318 5.49548119519 7.5479162668 8.57346353986 1.03722777435 3.22228148017 2.10672821415 1.03293201082 1.06213795461 0.974613039547 1.94126931238 3.39489484226 1.2645770413 253.631062124 254.781804726 1.08203572546 0.751888753179 1.54291642201 2.30653142262 26.7460962419 1.48683870433 13.9595701369 8.54311562477 7.01519453623 0.803508319669 1.59773284231 4.09978233434 0.756556795668 3.10339332954 1.48806745125 1.33886741555 0.7135353553 11.4767514939 22.5623702038 2.71082066838 2.6083062378 2.54761678717 0.57080702121 5.54612353389 0.558422146665 4.78451347704 0.614414859709 1.91378880205
-9999.0 -9999.0 -9999.0 -9999.0 -9999.0 -9999.0 -9999.0 -9999.0 -9999.0 -9999.0 1.08927259512 11.3386322032 1.09995550349 2.18001785252 3.17800751736 5.22196137967 1.06741478573 2.1972097833 1.08497585257 1.04086208137 0.99053873245 1.96212201683 0.910884175181 1.01486192536 2.21663358505 1.27274744652 255.842569563 257.971879149 260.945215811 3.11716941591 0.775211753767 1.54021992535 27.5196766383 26.2462690536 10.1173334511 0.78220516376 3.17106906151 2.38307351672 4.8662769145 1.51964482537 6.06180637439 2.21276384464 2.00200607089 0.751345597556 0.736406371561 23.2981423212 23.9455989129 29.8380167823 4.33639698924 1.18324528172 6.16068378308 7.30872717646 12.6509682771 1.20156788871 0.57725317227
-9999.0 -9999.0 -9999.0 -9999.0 -9999.0 -9999.0 -9999.0 -9999.0 -9999.0 -9999.0 -9999.0 0.645407147577 12.7745595071 1.04389117587 2.02957877285 9.29885793286 1.07661672535 1.07711143977 0.97134204315 2.04441868085 0.986261326505 3.92723842202 5.7468326749 6.60173679697 3.05482061018 4.01437902056 1.1181425832 1.24248381368 1.12339595084 265.858505898 268.239882325 28.2220050228 27.6529018348 26.9557683215 1.44773899297 0.708347293396 3.90313190945 10.2341185349 5.60224235304 2.25478431581 9.01738045036 4.79078014768 4.11364555844 1.44599769506 0.665795725193 0.612055299177 0.612900515126 32.6303753133 38.8716275892 0.583698192219 0.541471279794 0.571362175248 13.2245238418 14.9811858212 1.09149677322
-9999.0 -9999.0 -9999.0 -9999.0 -9999.0 -9999.0 -9999.0 -9999.0 -9999.0 -9999.0 -9999.0 0.611285889101 14.2382589993 17.4508877816 0.985392359766 11.2862954816 0.98707728471 0.953606957348 1.92141762451 4.92850325219 0.96383113114 1.00428522941 0.895615326733 8.39684648431 9.2626209431 14.1866043096 16.164140353 17.1513293888 18.2030903288 19.3337776091 288.597824011 318.821522952 348.307023981 349.030419885 0.735736176487 0.705238820568 11.6976482816 10.9760609522 0.717351810144 0.717187148313 9.72241689272 15.2134275088 0.628661400245 8.7276732453 8.09076071521 2.87780145435 1.38373830738 2.16754360627 0.729896326858 40.1351999288 0.647701938451 1.74097736638 2.27176020679 19.1537841301 20.8542275983
-9999.0 -9999.0 -9999.0 -9999.0 -9999.0 -9999.0 -9999.0 -9999.0 -9999.0 -9999.0 -9999.0 1.17584984408 2.21573848348 18.4724216216 20.4396539435 0.995043981023 13.0594139812 0.890951601999 2.70718821607 5.82539727688 1.87187091994 0.905807772918 1.85963274882 0.827753235298 1.60444874606 0.794860896833 0.770698731743 0.741823620128 0.730482422844 0.749986239503 0.84736736615 1.04407664658 1.13719912413 1.1316408557 351.759743959 14.8656290218 13.3554929209 0.771766583712 2.0974989023 0.61774931058 0.533824853225 15.8718055711 26.5942483943 9.43361928317 6.73659037933 1.54912583613 0.749446440468 0.707969179991 1.33302554095 42.090960514 43.2771388723 0.615148259517 0.626996828386 0.661586985822 0.625782005846
-9999.0 -9999.0 -9999.0 -9999.0 -9999.0 -9999.0 -9999.0 -9999.0 -9999.0 -9999.0 -9999.0 -9999.0 1.03800584781 13.6751919341 35.1372752744 38.1046191621 52.0628684986 52.834432348 12.9763037708 9.54216056055 2.8013649986 0.896320219284 3.6356798816 4.49682268116 6.90478575504 1.62352892665 1.56177529236 1.54400613963 3.05399293387 1.51850724374 1.59188984049 0.730724084521 0.745156720758 0.82099951704 352.655200673 368.012630631 368.833011871 0.82344151947 6.22059335755 2.5489806271 0.70858129371 28.7167898495 1.47904757856 0.762191905645 3.15042153832 0.742369615811 0.678922714313 1.32511418999 1.88489053179 2.47992942472 44.3059754565 0.494984539633 0.438280360182 0.443916953295 0.413843118722
-9999.0 -9999.0 -9999.0 -9999.0 -9999.0 -9999.0 -9999.0 -9999.0 -9999.0 -9999.0 -9999.0 1.12911292691 10.4864171011 12.6568185935 2.00197505625 0.672404944381 1.57178429625 55.3479681232 56.1355296448 69.8571727205 0.838180768574 1.72576173495 0.788417601859 0.807538995862 7.70168808319 10.1206960015 12.4349470803 0.749667277129 3.80629831977 6.05760526046 3.72748101217 1.43831945705 1.4010444392 1.48683070946 1.57256709744 0.89641134609 369.565987089 370.206280671 377.791414166 1.24477597595 0.640237891105 29.2034246302 1.53260843432 0.785239215369 0.824389865889 0.813710607301 0.741728380108 1.46013949423 4.12690829693 7.23634952436 52.051136501 0.380851894364 1.14934891884 0.785577370832 0.725428248551
-9999.0 -9999.0 -9999.0 -9999.0 -9999.0 -9999.0 -9999.0 -9999.0 -9999.0 -9999.0 -9999.0 1.16118000047 7.21493925482 1.10986268023 0.98796225996 5.1308146575 6.06816637474 7.01924494527 7.93901585123 94.5942877946 95.4035160382 97.0398188514 109.213753467 111.749255162 113.401551916 114.219979769 129.012270935 131.242243148 132.00806929 138.874611467 143.376135672 144.084765889 146.882889451 2.15020171373 2.2179226782 0.776491672069 0.808869560959 370.922766044 380.334184603 1.89947852494 33.1573271672 32.5939548762 2.92385727305 0.710288832319 0.725156082023 0.706840153553 0.690702002519 1.38856728655 2.04119342 0.660486697936 52.5286240257 53.0342652499 55.4063265233 55.8276351869 56.9478664569
-9999.0 -9999.0 -9999.0 -9999.0 -9999.0 -9999.0 -9999.0 -9999.0 -9999.0 -9999.0 -9999.0 3.68740913444 4.87380292831 2.23865307037 3.28249121178 1.02914821515 12.0040367278 12.9947694919 14.9539060108 15.8844147106 6.60230268461 105.035931614 105.888959854 0.905154261799 0.841542335384 0.876809625931 1.72441055753 0.82165518235 0.780978678541 0.744040852424 0.699507327589 144.823771257 147.604415185 150.385202816 153.169822201 156.105551921 1.52113567296 0.532051719783 415.253416837 34.3104378139 33.7410976979 0.659779642362 0.613618904996 0.581129687995 1.3181437371 1.30392642084 0.603906455667 0.605702635759 0.572978986223 1.22513371259 1.68564973627 0.347831264441 0.646091017565 0.287718173608 0.317499269468
-9999.0 -9999.0 -9999.0 -9999.0 -9999.0 -9999.0 -9999.0 -9999.0 -9999.0 -9999.0 -9999.0 -9999.0 2.48675745973 1.15867718478 1.06947114248 10.0333946362 11.0581192814 1.01646101178 3.94074835305 4.87338275075 5.78620127321 0.983270832414 0.865834978689 16.7084626195 17.5198979851 18.3293127041 46.9103738535 47.7033153871 49.286858725 55.2569975294 59.8453536945 60.5601934943 0.667172461529 0.689560207924 0.593606771344 157.147172542 0.529891480161 421.749609829 420.881357079 5.02594643152 4.36048481971 2.51075503595 0.624016298935 1.15839276588 1.90092347988 1.88648333337 1.1793703206 0.579915380468 1.14935547209 1.14375810374 2.21167262533 0.405408350198 1.08682470739 1.81273401641 2.49683383444
