data/baseflow/History/mHMbfrc271
ncols                  80
nrows                 72
xllcorner      4374000.0
yllcorner      5656000.0
cellsize            500
NODATA_value       -9999
[rows 0 to 23 of 72, columns 0 to 53 of 80]
-9999.0 -9999.0 -9999.0 -9999.0 -9999.0 -9999.0 -9999.0 -9999.0 -9999.0 -9999.0 -9999.0 -9999.0 0.589611986235 0.533011904342 -9999.0 -9999.0 -9999.0 -9999.0 -9999.0 -9999.0 -9999.0 -9999.0 -9999.0 -9999.0 -9999.0 -9999.0 -9999.0 -9999.0 -9999.0 -9999.0 -9999.0 -9999.0 -9999.0 -9999.0 -9999.0 -9999.0 -9999.0 -9999.0 -9999.0 -9999.0 -9999.0 -9999.0 -9999.0 -9999.0 -9999.0 -9999.0 -9999.0 -9999.0 -9999.0 -9999.0 -9999.0 -9999.0 -9999.0 -9999.0
-9999.0 -9999.0 -9999.0 -9999.0 -9999.0 -9999.0 -9999.0 -9999.0 -9999.0 -9999.0 -9999.0 -9999.0 1.20533797532 2.6341052023 0.400865379856 -9999.0 0.409478308548 -9999.0 -9999.0 -9999.0 -9999.0 -9999.0 -9999.0 -9999.0 -9999.0 -9999.0 -9999.0 -9999.0 -9999.0 -9999.0 -9999.0 -9999.0 -9999.0 -9999.0 -9999.0 -9999.0 -9999.0 -9999.0 -9999.0 -9999.0 -9999.0 -9999.0 -9999.0 -9999.0 -9999.0 -9999.0 -9999.0 -9999.0 -9999.0 -9999.0 -9999.0 -9999.0 -9999.0 -9999.0
-9999.0 -9999.0 -9999.0 -9999.0 -9999.0 -9999.0 -9999.0 -9999.0 -9999.0 -9999.0 0.5357803516 0.508897389585 0.552425096716 0.558305811536 3.60666525505 3.95165451664 1.0835159632 0.343430677416 -9999.0 -9999.0 -9999.0 -9999.0 -9999.0 -9999.0 -9999.0 -9999.0 -9999.0 -9999.0 -9999.0 -9999.0 -9999.0 -9999.0 -9999.0 -9999.0 -9999.0 -9999.0 -9999.0 -9999.0 -9999.0 -9999.0 -9999.0 -9999.0 -9999.0 -9999.0 -9999.0 -9999.0 -9999.0 -9999.0 -9999.0 -9999.0 -9999.0 -9999.0 -9999.0 -9999.0
-9999.0 -9999.0 -9999.0 -9999.0 -9999.0 -9999.0 -9999.0 -9999.0 -9999.0 0.509468490496 1.0455240158 2.07890845751 1.04089644225 0.496274440182 0.949628190671 4.3734133422 6.14241333542 0.358951475869 -9999.0 0.479893001787 -9999.0 -9999.0 -9999.0 -9999.0 0.729590047764 0.38642665493 -9999.0 -9999.0 -9999.0 -9999.0 -9999.0 -9999.0 -9999.0 -9999.0 -9999.0 -9999.0 -9999.0 -9999.0 -9999.0 -9999.0 -9999.0 -9999.0 -9999.0 -9999.0 -9999.0 -9999.0 -9999.0 -9999.0 -9999.0 -9999.0 -9999.0 -9999.0 -9999.0 -9999.0
-9999.0 -9999.0 -9999.0 -9999.0 -9999.0 -9999.0 -9999.0 -9999.0 0.666992849121 1.761455204 2.24439791148 2.73439388189 3.58356738944 0.431962404772 1.77737077702 2.16813798216 8.92595122528 0.310879778235 0.310943185845 0.856223920998 1.21486739371 0.387897873271 -9999.0 1.74110121179 1.44296556177 0.359962794123 -9999.0 -9999.0 -9999.0 -9999.0 -9999.0 -9999.0 -9999.0 -9999.0 -9999.0 -9999.0 -9999.0 -9999.0 -9999.0 -9999.0 -9999.0 -9999.0 -9999.0 -9999.0 -9999.0 -9999.0 -9999.0 -9999.0 -9999.0 -9999.0 -9999.0 -9999.0 -9999.0 -9999.0
-9999.0 -9999.0 -9999.0 -9999.0 -9999.0 -9999.0 0.629489954943 0.537980373641 0.508882005821 0.530671102697 0.546236371424 3.8533260681 7.9413965198 8.42444503143 8.78638480625 0.356002209805 9.62940348038 9.969103088 0.685453272432 0.375843125209 1.56287610969 2.68981666837 0.35043492827 2.78150403525 0.374449567444 0.356823878936 0.393543504083 -9999.0 -9999.0 -9999.0 -9999.0 -9999.0 -9999.0 -9999.0 -9999.0 -9999.0 -9999.0 -9999.0 -9999.0 -9999.0 -9999.0 -9999.0 -9999.0 -9999.0 -9999.0 -9999.0 -9999.0 -9999.0 -9999.0 -9999.0 -9999.0 -9999.0 -9999.0 -9999.0
-9999.0 -9999.0 -9999.0 -9999.0 -9999.0 -9999.0 1.28395776216 1.88109121845 4.17018008017 5.67735291137 0.434841264757 0.468949419139 0.428785465176 1.23302894145 10.3636076028 0.306020319416 10.2882174682 11.5975597593 1.00695533713 0.673868928167 3.00056383374 0.361260812034 3.12948070355 0.661454410231 0.324329969052 0.660688122074 0.790907678995 0.433738580333 0.458327221173 0.430734456985 0.502498484754 0.998872796741 -9999.0 -9999.0 -9999.0 -9999.0 -9999.0 -9999.0 -9999.0 -9999.0 -9999.0 -9999.0 -9999.0 -9999.0 -9999.0 -9999.0 -9999.0 -9999.0 -9999.0 -9999.0 -9999.0 -9999.0 -9999.0 -9999.0
-9999.0 -9999.0 -9999.0 -9999.0 -9999.0 0.763063449131 1.43961213535 0.671433814561 1.27256214872 6.30415429172 7.30687147722 8.29311736513 28.7998921235 0.414455418265 10.7511157805 43.2091728427 43.4922027657 55.6324628735 0.315732886848 0.973492365264 3.31290125735 0.305873848295 6.96971009348 3.50847732196 2.15342938602 1.81041813645 0.383470223328 1.27393634946 1.30437740018 0.862751631504 0.410166737726 1.43019238867 0.40065709038 0.384950958073 -9999.0 -9999.0 -9999.0 -9999.0 -9999.0 -9999.0 -9999.0 -9999.0 -9999.0 -9999.0 -9999.0 -9999.0 -9999.0 -9999.0 -9999.0 -9999.0 -9999.0 -9999.0 -9999.0 -9999.0
-9999.0 -9999.0 -9999.0 -9999.0 -9999.0 0.777104577863 2.22778700786 4.38872863082 5.02442737573 9.97003608627 10.5314521797 12.3550802359 20.1027913824 30.3761488507 31.3364601734 31.7886605758 0.665887804081 56.9094605223 57.5626800461 59.2150768272 70.7909843038 7.95665034954 7.33483217876 2.50507418229 0.3434121392 2.27897386846 1.59653219404 0.298818250787 1.66785291559 0.35645894409 0.76340426041 2.18892269998 2.58536952816 0.765559380254 0.387613410694 0.371183080813 -9999.0 -9999.0 -9999.0 -9999.0 0.33482039886 0.31622896425 -9999.0 -9999.0 -9999.0 -9999.0 -9999.0 -9999.0 -9999.0 -9999.0 -9999.0 -9999.0 -9999.0 -9999.0
-9999.0 -9999.0 -9999.0 -9999.0 -9999.0 0.733592617598 0.681955157491 2.98733751789 3.64932059106 4.34553252237 0.628708581227 1.23237979081 7.35361153625 1.26971409923 0.537521405779 0.439120409115 0.35060799342 0.438148281553 0.38333845039 0.409796246179 71.1406717987 72.0868920631 0.306632846522 0.976160872403 0.680325884619 2.58936871829 0.61248830367 0.281263732963 2.03811557029 0.69279973739 1.7550786787 4.44110696907 4.10293163133 1.12693489743 1.10706765364 0.399808088183 0.405685942216 -9999.0 -9999.0 0.42172549502 0.713271804247 1.69949047897 0.339663777426 -9999.0 -9999.0 -9999.0 -9999.0 -9999.0 -9999.0 -9999.0 -9999.0 -9999.0 -9999.0 -9999.0
-9999.0 -9999.0 -9999.0 -9999.0 -9999.0 -9999.0 0.79932637731 0.823787412779 1.48742402841 2.18576567671 4.88693038006 6.18267618434 6.83539874857 0.691633475924 0.434994099674 6.4938972384 7.78918791761 8.16025609681 9.8149095467 10.1516666169 0.336151772745 72.433826975 74.0593970563 1.29168558473 0.249748384662 2.87165865463 6.32867463686 2.59148690352 0.606499355699 0.309914881366 6.83821211747 4.78345189673 0.320326565792 0.319218100861 1.45258832464 1.18267885421 0.376745627477 0.332493650067 0.425609832311 0.83200870119 0.413081372677 2.05954074989 2.44709593917 0.333703179533 -9999.0 -9999.0 -9999.0 -9999.0 0.426692326935 0.387345645876 0.185757922265 -9999.0 -9999.0 -9999.0
-9999.0 -9999.0 -9999.0 -9999.0 -9999.0 -9999.0 -9999.0 0.761753797611 0.649626491852 1.39724749487 2.10225857529 0.650322041976 0.534962597739 3.5935910998 4.59761053854 5.65892840526 0.471876331125 0.888391538739 0.439545066364 10.5244935495 23.2121249521 23.4994444574 98.1663742495 0.314551389216 0.700613764001 0.210221868737 6.59612941646 0.292437268377 0.923608052041 0.298919518804 7.14542076615 7.4568091998 0.649297262942 0.639796484319 3.78004637894 1.94226611013 0.715717443384 0.381886401154 0.843028337661 1.2416171767 2.03105951059 0.349481978715 3.04267049053 3.26925950587 0.201514225969 0.226310207312 0.242230619786 0.206112394556 0.193940902815 1.08019839087 0.497765436209 0.296367531785 -9999.0 -9999.0
-9999.0 -9999.0 -9999.0 -9999.0 -9999.0 -9999.0 -9999.0 -9999.0 1.38825525262 1.97383177914 0.645915207603 1.34398734653 1.94653563403 3.12847725394 0.587690815463 0.54588539698 0.414773485257 0.41801863334 0.345904827396 11.904896079 0.466655930317 0.881655861939 99.2842802051 99.6353193315 0.092685520002 0.896346370695 7.68935829231 0.577255542706 1.18279645649 0.525484729281 0.784585036888 8.65604846389 0.936200342948 5.35039406955 4.4407602892 0.340734822358 1.85658588592 0.768811523232 1.22494162944 0.370759081834 2.38546337637 3.00416617902 3.2036686879 3.38795168602 4.04567564662 0.395816805129 0.428986281532 0.373294132201 0.346749670104 1.29791126591 0.262290245433 1.06846944155 1.31359877579 -9999.0
-9999.0 -9999.0 -9999.0 -9999.0 -9999.0 -9999.0 -9999.0 -9999.0 0.750440584791 3.44452280238 4.05931191031 0.612119873483 1.16944987341 0.553777530205 0.467913493872 0.458133205736 6.09352601679 8.01973046458 9.72694669091 11.5750240035 0.416974938844 0.436003092976 0.237541841303 100.989240023 101.33388819 101.41894083 10.0648258622 2.25458899962 2.02092192573 0.225745402503 1.02068744157 9.92792978633 0.255858815452 5.61353996533 0.332091253234 2.5034849028 2.2556126937 0.375826114791 1.60732232113 0.747351621982 1.12890682591 0.267833887155 0.18141298839 3.56880215696 3.73609811708 4.21243059399 0.61372954898 0.545487813345 0.516299252694 1.58334505204 2.11820880129 0.267079385836 1.58129642064 0.295593756045
-9999.0 -9999.0 -9999.0 -9999.0 -9999.0 -9999.0 -9999.0 -9999.0 -9999.0 0.7902553182 4.74424649164 5.33038150037 1.72940392976 2.84201381002 3.80155117335 4.29897548312 0.528217821756 1.50622903709 1.01789229353 0.565638824335 0.523686423173 0.426373625858 0.780166201679 1.13423295938 0.194559804261 111.781263364 111.875127975 0.086296757351 0.124036305286 0.481219580549 0.735440066047 10.6960387695 0.515393204739 5.83943032438 3.77123665175 3.16553600164 0.35825271832 0.717687028978 1.95014100927 0.343552015599 1.47561044148 0.602822594747 0.337609588254 0.184531889383 4.29567248019 8.65148060432 0.744339106555 0.681359059552 0.728756939863 0.230700960871 2.34365458367 0.217754946054 2.08278195461 0.262653228221
-9999.0 -9999.0 -9999.0 -9999.0 -9999.0 -9999.0 -9999.0 -9999.0 -9999.0 -9999.0 0.611334648527 6.55820275841 0.549679278057 1.09840345005 1.55438166999 2.41173486359 0.434395692355 0.946378908328 0.456036994084 0.39608386551 0.369062270092 0.721534652552 0.304530266951 0.230605516805 0.349041978568 0.159888851777 111.98949704 112.165382475 112.495283733 0.866731352929 0.265265663815 0.529071284827 10.9926838243 11.0405472612 4.41531028358 0.315985885712 1.41048023961 1.05972565507 2.29421017293 0.684206652634 2.78619371398 0.949474121904 0.599969535205 0.164307833903 0.210989350207 8.8693264074 9.05104819271 10.627067317 1.46669183502 0.483095356862 2.59296469535 3.05408501281 5.35250935843 0.516918311252
-9999.0 -9999.0 -9999.0 -9999.0 -9999.0 -9999.0 -9999.0 -9999.0 -9999.0 -9999.0 -9999.0 0.361260449955 7.27180801416 0.498852576255 0.941903029561 4.19309091401 0.427807912906 0.415374526482 0.34703889923 0.782047613563 0.412172077599 1.53207875495 2.14870765931 2.41263471143 0.530248008575 0.603684087888 0.0816841998926 0.139214361016 0.139670041575 113.707639772 114.32533197 11.2033470507 11.5384527385 11.2927888091 0.536364802718 0.25637110183 1.72143695367 4.66084531731 2.62915489955 1.01216496561 4.1413378393 1.59081226897 1.27260262164 0.367571993583 0.150618070812 0.136857482762 0.14817539895 11.4207452707 13.5674037678 0.252457621014 0.217648607143 0.247288479629 5.59403092867 6.34308514156
-9999.0 -9999.0 -9999.0 -9999.0 -9999.0 -9999.0 -9999.0 -9999.0 -9999.0 -9999.0 -9999.0 0.318797413176 7.99535290797 9.66357884088 0.456931752238 5.08115519493 0.371380515028 0.34480703437 0.731373516953 1.91405720703 0.38535637287 0.424312750966 0.309465724038 3.00727218046 3.29564425412 4.22171101111 4.4935582305 4.63122420186 4.72071717006 4.86399030367 119.299389649 130.695738847 142.419495768 142.48961001 0.127173889476 0.236630802637 5.28737629908 4.9764951551 0.327577846917 0.321827872173 4.4891371034 6.43249064936 0.308289279376 4.09004392643 3.791493442 0.914186162707 0.360813669806 0.611683827723 0.237692133261 13.9244087193 0.178640594419 0.638372270379 0.775859658338 7.67876394793
-9999.0 -9999.0 -9999.0 -9999.0 -9999.0 -9999.0 -9999.0 -9999.0 -9999.0 -9999.0 -9999.0 0.646734080781 1.20746713399 10.1956221784 11.0108374133 0.407923147446 5.75358133583 0.287047999224 0.929939141231 2.24241512819 0.72869339039 0.33993158791 0.708695612762 0.24480559055 0.49043353189 0.258287073571 0.248798957081 0.217983207948 0.220266669911 0.152407042286 0.103041073345 0.109148507605 0.133753261609 0.142281246687 142.839460704 5.7233651704 5.43196292492 0.0725114041896 0.905088276389 0.26922379683 0.311259936149 6.75550368924 11.9211616325 4.49100637121 3.4159425031 0.59715841643 0.203720508108 0.178874438439 0.361729333556 14.4730962093 14.7954991864 0.170654472747 0.172073684142 0.189008094334
-9999.0 -9999.0 -9999.0 -9999.0 -9999.0 -9999.0 -9999.0 -9999.0 -9999.0 -9999.0 -9999.0 -9999.0 0.46811690557 7.31096957923 18.7842298747 20.2038611492 26.3067112093 26.5971746199 4.85861527523 3.66666453574 1.07772489582 0.330451926814 1.35985468838 1.66242579836 2.42139048134 0.538182088435 0.507052283327 0.484653063058 0.970611154031 0.410457729665 0.363523112229 0.245557883123 0.164181004394 0.0994086582033 142.951417401 148.84627857 148.920858603 0.0623511122477 2.30844924197 1.24865263507 0.353835377397 13.1342120341 0.895457394195 0.469590759471 2.07894584697 0.46897195983 0.260885851242 0.456846331628 0.609987245705 0.781087600097 15.0611284168 0.123180607149 0.10270015782 0.103031128881
-9999.0 -9999.0 -9999.0 -9999.0 -9999.0 -9999.0 -9999.0 -9999.0 -9999.0 -9999.0 -9999.0 0.562159114088 5.61661478629 6.79530242951 1.00493235074 0.359650708637 0.705763148783 27.6602180305 27.9362877298 33.0952818822 0.283217894232 0.608633510978 0.255690714947 0.261189312939 2.68704335015 3.48950892342 4.24220531001 0.237428029228 1.21963756409 1.87258521459 1.08937302036 0.48973748984 0.387122964348 0.293155173421 0.283384127572 0.0711109290362 148.979910044 149.020554175 151.423605326 0.541563602627 0.309314700245 13.3427803425 0.93123673362 0.486106573957 0.558180066874 0.553780198299 0.449644856686 0.724837562605 1.97305405396 2.94149475074 18.1350003555 0.0921748288264 0.272046557526 0.183285697011
-9999.0 -9999.0 -9999.0 -9999.0 -9999.0 -9999.0 -9999.0 -9999.0 -9999.0 -9999.0 -9999.0 0.584330422863 4.05018295588 0.618461991294 0.472191392425 2.74278272847 3.13245789223 3.51492656848 3.8442321116 44.8949145775 45.2105164008 45.7824324914 50.4059593806 51.1712773849 51.5970938289 51.8690472018 56.6613742811 57.3328144666 57.5925566152 59.7795687722 61.1705290891 61.4149383973 62.3024440941 0.52958445732 0.502184661013 0.0728710357423 0.0464603232849 149.073934347 152.137687294 0.671337947628 15.4993591985 15.2400846866 1.69643251695 0.395422686117 0.407829978112 0.387104316828 0.390214123338 0.779231198252 1.0618633009 0.245289439468 18.2579754795 18.3893888477 18.9535363333 19.0563656135
-9999.0 -9999.0 -9999.0 -9999.0 -9999.0 -9999.0 -9999.0 -9999.0 -9999.0 -9999.0 -9999.0 2.13889280733 2.81512809548 1.24834355233 1.81284850039 0.550658357619 6.06460148713 6.46857660826 7.27887437262 7.62100613669 2.58810447293 48.9618312048 49.2728605074 0.227343325717 0.149078672707 0.139991627983 0.325052036635 0.183988885351 0.158126580756 0.152889653848 0.174361569947 61.6835517324 62.5888537738 63.3712714553 64.0896435463 64.3009036295 0.0811593991913 0.0254539061476 168.033074513 15.8520855801 15.7767271376 0.318383910783 0.287685258154 0.253683139114 0.673159908976 0.651512700193 0.29545382937 0.298515371729 0.269674056623 0.506586115996 0.640894685969 0.0908401803153 0.167087067621 0.0707797343321
-9999.0 -9999.0 -9999.0 -9999.0 -9999.0 -9999.0 -9999.0 -9999.0 -9999.0 -9999.0 -9999.0 -9999.0 1.45000784902 0.659445408538 0.552393041495 5.25172020535 5.68136517045 0.438237761591 1.61116425329 1.99489123786 2.32288965707 0.387312292396 0.193867341488 6.64222618862 6.79310585592 6.939128335 17.6141232102 17.7385234164 18.0113326399 19.2098997902 20.0112461058 20.1407956569 0.173701351654 0.186534760726 0.185341740921 64.3732333263 0.0344822152603 170.184233733 170.1374779 2.06015289997 1.95614330588 1.19414827997 0.304520715669 0.505055386879 0.935359258318 0.914543736322 0.568017395919 0.28328434826 0.547825826797 0.533487982244 0.866000597382 0.148271164075 0.28211207362 0.466001216684
