data/baseflow/History/mHMbfrc355
ncols                  80
nrows                 72
xllcorner      4374000.0
yllcorner      5656000.0
cellsize            500
NODATA_value       -9999
[rows 0 to 23 of 72, columns 0 to 53 of 80]
-9999.0 -9999.0 -9999.0 -9999.0 -9999.0 -9999.0 -9999.0 -9999.0 -9999.0 -9999.0 -9999.0 -9999.0 1.02248095179 0.826516444715 -9999.0 -9999.0 -9999.0 -9999.0 -9999.0 -9999.0 -9999.0 -9999.0 -9999.0 -9999.0 -9999.0 -9999.0 -9999.0 -9999.0 -9999.0 -9999.0 -9999.0 -9999.0 -9999.0 -9999.0 -9999.0 -9999.0 -9999.0 -9999.0 -9999.0 -9999.0 -9999.0 -9999.0 -9999.0 -9999.0 -9999.0 -9999.0 -9999.0 -9999.0 -9999.0 -9999.0 -9999.0 -9999.0 -9999.0 -9999.0
-9999.0 -9999.0 -9999.0 -9999.0 -9999.0 -9999.0 -9999.0 -9999.0 -9999.0 -9999.0 -9999.0 -9999.0 2.11162639134 4.51483406989 0.689152558624 -9999.0 0.586110413432 -9999.0 -9999.0 -9999.0 -9999.0 -9999.0 -9999.0 -9999.0 -9999.0 -9999.0 -9999.0 -9999.0 -9999.0 -9999.0 -9999.0 -9999.0 -9999.0 -9999.0 -9999.0 -9999.0 -9999.0 -9999.0 -9999.0 -9999.0 -9999.0 -9999.0 -9999.0 -9999.0 -9999.0 -9999.0 -9999.0 -9999.0 -9999.0 -9999.0 -9999.0 -9999.0 -9999.0 -9999.0
-9999.0 -9999.0 -9999.0 -9999.0 -9999.0 -9999.0 -9999.0 -9999.0 -9999.0 -9999.0 1.00956293793 0.988942296307 1.02700352598 1.01577123704 6.40172195093 7.11046040187 1.63707794788 0.525584887485 -9999.0 -9999.0 -9999.0 -9999.0 -9999.0 -9999.0 -9999.0 -9999.0 -9999.0 -9999.0 -9999.0 -9999.0 -9999.0 -9999.0 -9999.0 -9999.0 -9999.0 -9999.0 -9999.0 -9999.0 -9999.0 -9999.0 -9999.0 -9999.0 -9999.0 -9999.0 -9999.0 -9999.0 -9999.0 -9999.0 -9999.0 -9999.0 -9999.0 -9999.0 -9999.0 -9999.0
-9999.0 -9999.0 -9999.0 -9999.0 -9999.0 -9999.0 -9999.0 -9999.0 -9999.0 0.998578833528 1.99186955196 3.9669778503 1.98025445762 0.963300275226 1.86030626154 7.98412109414 10.8273172224 0.585188948593 -9999.0 0.936019109407 -9999.0 -9999.0 -9999.0 -9999.0 1.12192591713 0.573950440288 -9999.0 -9999.0 -9999.0 -9999.0 -9999.0 -9999.0 -9999.0 -9999.0 -9999.0 -9999.0 -9999.0 -9999.0 -9999.0 -9999.0 -9999.0 -9999.0 -9999.0 -9999.0 -9999.0 -9999.0 -9999.0 -9999.0 -9999.0 -9999.0 -9999.0 -9999.0 -9999.0 -9999.0
-9999.0 -9999.0 -9999.0 -9999.0 -9999.0 -9999.0 -9999.0 -9999.0 1.12498411763 3.17870895633 4.1236841092 5.06816450628 6.84354811542 0.855180141194 3.5155177443 4.3137137268 16.4868528701 0.714603631914 0.723856959581 1.70982807112 2.45291650046 0.787300691668 -9999.0 2.90195208753 2.38557532426 0.652002206791 -9999.0 -9999.0 -9999.0 -9999.0 -9999.0 -9999.0 -9999.0 -9999.0 -9999.0 -9999.0 -9999.0 -9999.0 -9999.0 -9999.0 -9999.0 -9999.0 -9999.0 -9999.0 -9999.0 -9999.0 -9999.0 -9999.0 -9999.0 -9999.0 -9999.0 -9999.0 -9999.0 -9999.0
-9999.0 -9999.0 -9999.0 -9999.0 -9999.0 -9999.0 1.11685062596 1.03157505312 0.988063896035 1.00724604356 1.00725790026 7.09547705917 14.8809340905 15.8023449296 16.5543859141 0.742864093387 17.9709281289 18.7146091049 1.49217541135 0.769070451256 3.1783488592 5.46640021157 0.747621374701 5.19166934041 0.833664652685 0.80246878368 0.866508170868 -9999.0 -9999.0 -9999.0 -9999.0 -9999.0 -9999.0 -9999.0 -9999.0 -9999.0 -9999.0 -9999.0 -9999.0 -9999.0 -9999.0 -9999.0 -9999.0 -9999.0 -9999.0 -9999.0 -9999.0 -9999.0 -9999.0 -9999.0 -9999.0 -9999.0 -9999.0 -9999.0
-9999.0 -9999.0 -9999.0 -9999.0 -9999.0 -9999.0 2.21921308505 3.27176390328 7.37549686747 10.2897124332 0.866155995959 0.890569850512 0.832021780073 2.45629498904 19.7351765126 0.646924946046 19.3787533613 22.1035439828 2.15381913119 1.40248740169 6.11887695441 0.731321471628 5.90205652778 1.45231408128 0.735373981476 1.50600728783 1.69825206401 0.83923878201 0.851623508756 0.818278808611 0.894256131351 1.78527654356 -9999.0 -9999.0 -9999.0 -9999.0 -9999.0 -9999.0 -9999.0 -9999.0 -9999.0 -9999.0 -9999.0 -9999.0 -9999.0 -9999.0 -9999.0 -9999.0 -9999.0 -9999.0 -9999.0 -9999.0 -9999.0 -9999.0
-9999.0 -9999.0 -9999.0 -9999.0 -9999.0 1.19126238286 2.30706939119 1.10338947669 2.13990090721 11.3479885923 13.2166725801 15.0592949752 47.8144657677 0.822307634258 20.5198259333 74.7012570218 75.2202193629 98.2425291845 0.574646866612 2.03887289784 6.77483332477 0.645102803136 14.1622358218 7.57573615621 4.72311663881 3.97566244671 0.829608795287 2.47905966968 2.46063362424 1.63397995442 0.782456043879 2.5982415031 0.765060633141 0.744213476446 -9999.0 -9999.0 -9999.0 -9999.0 -9999.0 -9999.0 -9999.0 -9999.0 -9999.0 -9999.0 -9999.0 -9999.0 -9999.0 -9999.0 -9999.0 -9999.0 -9999.0 -9999.0 -9999.0 -9999.0
-9999.0 -9999.0 -9999.0 -9999.0 -9999.0 1.19770299654 3.48133208785 6.91215483405 7.95270870435 15.6831154886 16.6511351975 19.686745786 31.9449931091 50.3185486619 52.0095250086 52.8144865214 1.3496504363 100.677155455 101.858352269 105.225000442 128.808525684 16.1746051377 14.8802403787 5.42360939842 0.684079779985 4.65353431249 3.19058760362 0.6665664276 3.16585393356 0.683069429178 1.44006750173 4.04855733774 4.77714950003 1.45285470628 0.717536650515 0.683802842103 -9999.0 -9999.0 -9999.0 -9999.0 0.53288525591 0.473024313274 -9999.0 -9999.0 -9999.0 -9999.0 -9999.0 -9999.0 -9999.0 -9999.0 -9999.0 -9999.0 -9999.0 -9999.0
-9999.0 -9999.0 -9999.0 -9999.0 -9999.0 1.16560739239 1.10223696919 4.57256473702 5.63069016199 6.71904129611 1.03100911332 2.04117986223 11.6144289521 2.03904933697 0.933914339426 0.84372796398 0.728366838229 0.832596742714 0.748635678741 0.779972914773 129.506674034 131.441792436 0.631016159142 1.97124440828 1.35786694597 5.30851840931 1.35733720796 0.644274845468 3.89251784398 1.33011898133 3.21764376934 8.24881863289 7.65576644411 2.1597313252 2.09314532654 0.720503494452 0.71096473838 -9999.0 -9999.0 0.715219572118 1.17133250376 2.63712570914 0.500609856856 -9999.0 -9999.0 -9999.0 -9999.0 -9999.0 -9999.0 -9999.0 -9999.0 -9999.0 -9999.0 -9999.0
-9999.0 -9999.0 -9999.0 -9999.0 -9999.0 -9999.0 1.18045001468 1.19162861885 2.26925690493 3.35934526202 7.58284495433 9.66192454598 10.6993003408 1.07826236135 0.817376687481 11.218030019 13.673266161 14.418941973 17.5172334329 18.1951771161 0.671573674354 132.128801579 135.372864395 2.58163912186 0.480309901239 5.87207143271 12.9333601907 5.14192277313 1.19884460052 0.599489549845 12.6736128391 8.88375141416 0.61663460386 0.608351482291 2.73197659103 2.08844953917 0.668338177979 0.63256698581 0.686368423974 1.38162544638 0.652628712294 3.20016126036 3.84206505282 0.589178660956 -9999.0 -9999.0 -9999.0 -9999.0 0.714291822015 0.664591367294 0.184213703252 -9999.0 -9999.0 -9999.0
-9999.0 -9999.0 -9999.0 -9999.0 -9999.0 -9999.0 -9999.0 1.16640746197 1.03230277951 2.14784366576 3.22761590413 1.04560402461 0.942290955847 5.95460122527 7.76706623398 9.62422020659 0.852673575377 1.6227893541 0.800291759286 18.9160478195 41.5069067274 42.0333352465 178.636989424 0.632097507524 1.37236585072 0.417881438401 13.5107539891 0.597181381299 1.81196219136 0.589143351705 13.2724280102 13.873299185 1.24066913283 1.20924689146 6.82276065573 3.42298070005 1.31447157891 0.677777157965 1.36406286324 2.04813465753 3.32302660578 0.611784592903 4.97093192602 5.47541764725 0.449213737617 0.490333204813 0.52448382706 0.464014735642 0.442904635352 1.90594882371 0.714908259721 0.451751620393 -9999.0 -9999.0
-9999.0 -9999.0 -9999.0 -9999.0 -9999.0 -9999.0 -9999.0 -9999.0 2.13934973101 3.10387380573 1.0368370897 2.11155788267 3.10244520193 5.08067103429 0.984387808336 0.93423805847 0.775106052408 0.783072097118 0.684921038797 21.1338895566 0.815076584135 1.57705125482 180.768641613 182.069271124 0.530352018977 2.44376007118 16.4735950806 1.14870503451 2.31692478947 1.05160961737 1.54377342598 16.1441300289 1.76578957092 9.66997762699 7.95710220319 0.575939639067 3.21906663923 1.30132558875 1.96308531455 0.589431576491 3.91200992433 5.04669013865 5.47196500538 5.86915424298 7.14927434237 0.848184008074 0.921760153969 0.823823535518 0.778385026529 2.32228562348 0.454329898028 1.63689166004 2.04368130611 -9999.0
-9999.0 -9999.0 -9999.0 -9999.0 -9999.0 -9999.0 -9999.0 -9999.0 1.11643124728 5.30735451469 6.31478407933 1.00657059455 1.95050639171 0.941117691467 0.848133326283 0.832867039682 10.7165291594 14.2552676981 17.3878446093 20.5570690507 0.766776873335 0.78384746788 0.742811297953 185.340586387 186.715570545 187.225482737 21.6420935171 4.58582904412 3.99818716278 0.478195677545 2.00198888156 18.6333498521 0.481634849565 10.1655905887 0.56317149915 4.12759778933 3.85844616528 0.608732209616 2.56168644734 1.18051316356 1.75790769443 0.507179683313 0.389540544818 6.25986622964 6.6139702531 7.50217910419 1.31528888994 1.1934023269 1.14157794928 2.80411411548 3.73019722139 0.462311120378 2.47737022791 0.467275091778
-9999.0 -9999.0 -9999.0 -9999.0 -9999.0 -9999.0 -9999.0 -9999.0 -9999.0 1.13551271975 7.37608300472 8.35654815655 2.89888028272 4.79847212462 6.53493588234 7.43011827741 0.918302322385 2.74532813573 1.80672904183 0.93893862603 0.891619745448 0.787056303839 1.55187460428 2.61101311685 0.81050893715 210.260821315 210.815459522 0.482454647457 0.395490258188 0.952589081995 1.41511052095 20.038078725 0.940402784902 10.584209614 6.17271462095 5.14432913961 0.558954104743 1.14492913591 3.07665012876 0.515362634759 2.25447022916 1.00501300906 0.666966015589 0.314755271077 7.57874309096 15.3597869095 1.56765004917 1.45316710663 1.49111054184 0.359545366578 4.09700759224 0.353572185943 3.30400398576 0.397231789275
-9999.0 -9999.0 -9999.0 -9999.0 -9999.0 -9999.0 -9999.0 -9999.0 -9999.0 -9999.0 1.00358264894 10.3734202843 0.939115709458 1.88642471125 2.73807671884 4.4102281809 0.854517186282 1.80605421779 0.87299623985 0.811741693035 0.757755407234 1.50547633825 0.653591469077 0.710989059372 1.3450528724 0.743787605184 211.420263165 212.428968239 213.896142742 1.85986537895 0.468480181671 0.934016232445 20.5391916282 19.1397017944 7.22545900495 0.515087146798 2.2293296927 1.68118998789 3.59354253718 1.02725157141 4.27964152938 1.50889840731 1.0702027613 0.234305394044 0.336037522051 15.7647018239 16.1057300489 19.4094766735 2.63292894473 0.74906925939 4.50348170005 5.25347093122 8.90880080157 0.788599725735
-9999.0 -9999.0 -9999.0 -9999.0 -9999.0 -9999.0 -9999.0 -9999.0 -9999.0 -9999.0 -9999.0 0.513080493838 11.4497811578 0.898811704491 1.73562491284 7.83082851828 0.875548117838 0.863593413436 0.73775963695 1.57477997235 0.761103608732 3.02567170417 4.34681403129 4.95090131146 1.88476944356 2.34859040588 0.529880157126 0.667428363281 0.60247406201 216.764533257 218.086111229 20.9596870153 19.9965786416 19.5739957245 0.888265692954 0.424966833374 2.69897590714 7.24366085316 4.0759474662 1.50003232185 6.25321451788 2.28599187799 1.84385830133 0.449188288965 0.177317868495 0.173892607603 0.212363484082 20.5333878196 24.2512402435 0.360593724511 0.330742062368 0.366625032166 9.26843904952 10.392917798
-9999.0 -9999.0 -9999.0 -9999.0 -9999.0 -9999.0 -9999.0 -9999.0 -9999.0 -9999.0 -9999.0 0.462902915177 12.5688330534 15.4214373538 0.844248022396 9.51408474419 0.802935790966 0.751953140619 1.46887551405 3.79449805996 0.723355189896 0.771109471316 0.637957110843 6.2292530585 6.81166488564 9.79191719941 10.8567446895 11.4077869414 11.889366479 12.4472724905 231.060611353 252.920266494 273.745506302 274.085953468 0.378979217119 0.421299867877 8.19007576637 7.72082534876 0.471124434602 0.46714036009 6.71573097789 9.49325091872 0.391245836777 4.76355858952 4.4311883385 1.0178866023 0.482481331902 0.820504620071 0.409605211657 24.9175107659 0.347318598913 1.02206328032 1.28175780713 12.6210908667
-9999.0 -9999.0 -9999.0 -9999.0 -9999.0 -9999.0 -9999.0 -9999.0 -9999.0 -9999.0 -9999.0 1.04998311624 2.00041393792 16.3451560778 17.9323416756 0.811417263196 10.9858979196 0.667059145355 2.04979161025 4.46172683095 1.38845322001 0.66075836244 1.37358361499 0.564703196827 1.05939416342 0.50162682711 0.450958334352 0.370455963521 0.34203047625 0.322410632833 0.313861981057 0.43322977732 0.530514870042 0.564595390389 275.405651842 9.46646210558 8.78102715136 0.277013728041 1.33215884632 0.326160473869 0.292031136599 9.92736085968 16.0651718135 5.27701017605 4.030652863 0.625853667605 0.252463032108 0.219828179175 0.533834794689 25.7940152598 26.4570449468 0.34870940424 0.370186665183 0.349398594405
-9999.0 -9999.0 -9999.0 -9999.0 -9999.0 -9999.0 -9999.0 -9999.0 -9999.0 -9999.0 -9999.0 -9999.0 0.863706676581 12.2173927458 30.9901316895 33.5852233188 45.3091291471 45.9641716466 9.85781448057 7.20667540657 2.06411819837 0.647969086061 2.64060507101 3.24748008971 4.82541362288 1.03907312758 0.929966477969 0.863852369575 1.6750858339 0.778805171132 0.749855187074 0.377762139912 0.238825711281 0.269359285943 275.82479599 285.557221506 285.901128842 0.275319553598 3.43530247941 1.52302486854 0.46781461746 17.6269237852 1.13151378938 0.590037341159 2.53451418101 0.521266736826 0.385078699359 0.701024361642 0.971205127893 1.27888877027 27.001838728 0.254304595585 0.225988825086 0.22566022144
-9999.0 -9999.0 -9999.0 -9999.0 -9999.0 -9999.0 -9999.0 -9999.0 -9999.0 -9999.0 -9999.0 0.979428721554 9.33245016703 11.3179057954 1.79806495049 0.518725700039 1.14354369198 47.84351664 48.4651523596 58.9272249957 0.580858331387 1.22106623578 0.51919890379 0.529371893513 5.33710164656 6.88581994081 8.2660490317 0.436739195154 2.10724786618 3.3067890871 1.92943353805 0.78514957668 0.570035006644 0.502393200538 0.494925569172 0.262971097594 286.186080637 286.399430142 290.301009968 0.765874648707 0.412311639694 17.9842325784 1.1995812302 0.626518933676 0.703637529388 0.698697963059 0.605132175524 1.04193291206 2.92319067753 4.55609440306 31.8270604635 0.188523075282 0.580976251546 0.398659508462
-9999.0 -9999.0 -9999.0 -9999.0 -9999.0 -9999.0 -9999.0 -9999.0 -9999.0 -9999.0 -9999.0 1.00459265742 6.54072124454 1.01937098537 0.867533129417 4.62290520374 5.37750686479 6.13660206108 6.80002390626 80.3754534709 80.9177372274 82.0337862017 91.0629714153 92.692471729 93.588461533 94.1260302902 103.433241047 104.579056962 105.040110835 108.866536869 111.297780009 111.710987317 113.049317978 0.880240468567 0.767864916497 0.167907807313 0.171129422995 286.666955502 291.591482735 1.07836867585 20.9482926037 20.5802081103 2.24633391356 0.528810886587 0.549361419363 0.525014099352 0.534965048476 1.07975880164 1.53097096166 0.423262755272 32.0822691307 32.3568130668 33.5746820327 33.8006321874
-9999.0 -9999.0 -9999.0 -9999.0 -9999.0 -9999.0 -9999.0 -9999.0 -9999.0 -9999.0 -9999.0 3.39959818563 4.48495200967 2.07348528189 3.04270529309 0.956227488032 10.9078646488 11.7328952061 13.3361845506 13.9767704702 5.23405253017 88.2334832262 88.778452527 0.543286039137 0.363345765423 0.319010763724 0.712929730522 0.346549568176 0.242265994035 0.214786134017 0.248628931034 112.103316205 113.466875562 114.779782056 115.904743006 116.543708069 0.2760839831 0.087984624214 313.367563947 21.5687402741 21.3554907245 0.442336969753 0.427269689602 0.387434886545 0.953764359278 0.930988245259 0.427032635862 0.430810138971 0.389603828011 0.79773739659 1.04216060973 0.183747986366 0.338130428197 0.135966027082
-9999.0 -9999.0 -9999.0 -9999.0 -9999.0 -9999.0 -9999.0 -9999.0 -9999.0 -9999.0 -9999.0 -9999.0 2.30220841336 1.0661204098 0.953312073486 9.25558718107 10.1254526209 0.860882582537 3.34502107175 4.08303203285 4.72351652583 0.707609900001 0.511798885769 13.3397729077 13.7450461023 14.1293751628 35.8627868644 36.1453311005 36.6053069948 39.2510538213 40.5725087677 40.7599515146 0.181461814003 0.197945839116 0.212130800294 116.873667413 0.141335128316 316.76222299 316.553018852 2.98298478439 2.69670678269 1.67747308613 0.422826567865 0.767832035015 1.3617787579 1.34308537238 0.830308922722 0.407821796732 0.790107732993 0.764091228629 1.36812444947 0.199024718179 0.530553749868 0.887516814823
