data/baseflow/History/mHMbfrc566
ncols                  80
nrows                 72
xllcorner      4374000.0
yllcorner      5656000.0
cellsize            500
NODATA_value       -9999
[rows 0 to 23 of 72, columns 0 to 54 of 80]
-9999.0 -9999.0 -9999.0 -9999.0 -9999.0 -9999.0 -9999.0 -9999.0 -9999.0 -9999.0 -9999.0 -9999.0 1.51031832097 1.03921582294 -9999.0 -9999.0 -9999.0 -9999.0 -9999.0 -9999.0 -9999.0 -9999.0 -9999.0 -9999.0 -9999.0 -9999.0 -9999.0 -9999.0 -9999.0 -9999.0 -9999.0 -9999.0 -9999.0 -9999.0 -9999.0 -9999.0 -9999.0 -9999.0 -9999.0 -9999.0 -9999.0 -9999.0 -9999.0 -9999.0 -9999.0 -9999.0 -9999.0 -9999.0 -9999.0 -9999.0 -9999.0 -9999.0 -9999.0 -9999.0 -9999.0
-9999.0 -9999.0 -9999.0 -9999.0 -9999.0 -9999.0 -9999.0 -9999.0 -9999.0 -9999.0 -9999.0 -9999.0 3.08510571309 6.23760915711 0.877726500503 -9999.0 0.69842110505 -9999.0 -9999.0 -9999.0 -9999.0 -9999.0 -9999.0 -9999.0 -9999.0 -9999.0 -9999.0 -9999.0 -9999.0 -9999.0 -9999.0 -9999.0 -9999.0 -9999.0 -9999.0 -9999.0 -9999.0 -9999.0 -9999.0 -9999.0 -9999.0 -9999.0 -9999.0 -9999.0 -9999.0 -9999.0 -9999.0 -9999.0 -9999.0 -9999.0 -9999.0 -9999.0 -9999.0 -9999.0 -9999.0
-9999.0 -9999.0 -9999.0 -9999.0 -9999.0 -9999.0 -9999.0 -9999.0 -9999.0 -9999.0 1.58081621035 1.53255105674 1.57710492721 1.51128871291 9.16111721755 10.1594781199 1.92095693938 0.605491815411 -9999.0 -9999.0 -9999.0 -9999.0 -9999.0 -9999.0 -9999.0 -9999.0 -9999.0 -9999.0 -9999.0 -9999.0 -9999.0 -9999.0 -9999.0 -9999.0 -9999.0 -9999.0 -9999.0 -9999.0 -9999.0 -9999.0 -9999.0 -9999.0 -9999.0 -9999.0 -9999.0 -9999.0 -9999.0 -9999.0 -9999.0 -9999.0 -9999.0 -9999.0 -9999.0 -9999.0 -9999.0
-9999.0 -9999.0 -9999.0 -9999.0 -9999.0 -9999.0 -9999.0 -9999.0 -9999.0 1.54215706756 3.10631123921 6.15459120945 3.04996320154 1.4882447025 2.9287362402 11.5963916887 15.0448412042 0.723471541721 -9999.0 1.55268573428 -9999.0 -9999.0 -9999.0 -9999.0 1.35406873542 0.675371895669 -9999.0 -9999.0 -9999.0 -9999.0 -9999.0 -9999.0 -9999.0 -9999.0 -9999.0 -9999.0 -9999.0 -9999.0 -9999.0 -9999.0 -9999.0 -9999.0 -9999.0 -9999.0 -9999.0 -9999.0 -9999.0 -9999.0 -9999.0 -9999.0 -9999.0 -9999.0 -9999.0 -9999.0 -9999.0
-9999.0 -9999.0 -9999.0 -9999.0 -9999.0 -9999.0 -9999.0 -9999.0 1.65075084774 4.78332340134 6.28469516783 7.78922210644 10.6573596466 1.43142196121 5.75643663724 7.17875133335 24.3289479273 1.20938541445 1.40910809579 2.97593333552 4.35814252565 1.4261744865 -9999.0 3.64557562809 2.99554894063 0.853470271633 -9999.0 -9999.0 -9999.0 -9999.0 -9999.0 -9999.0 -9999.0 -9999.0 -9999.0 -9999.0 -9999.0 -9999.0 -9999.0 -9999.0 -9999.0 -9999.0 -9999.0 -9999.0 -9999.0 -9999.0 -9999.0 -9999.0 -9999.0 -9999.0 -9999.0 -9999.0 -9999.0 -9999.0 -9999.0
-9999.0 -9999.0 -9999.0 -9999.0 -9999.0 -9999.0 1.62721899031 1.5512181603 1.54467769282 1.55460034842 1.5553524281 10.8922789759 23.0391149219 24.5223361011 25.9029905548 1.3740699033 27.0271352292 28.392457676 2.83624961828 1.38784995088 5.71454469546 9.92481313084 1.31187028766 7.56438373378 1.47886235169 1.39709436276 1.53208161504 -9999.0 -9999.0 -9999.0 -9999.0 -9999.0 -9999.0 -9999.0 -9999.0 -9999.0 -9999.0 -9999.0 -9999.0 -9999.0 -9999.0 -9999.0 -9999.0 -9999.0 -9999.0 -9999.0 -9999.0 -9999.0 -9999.0 -9999.0 -9999.0 -9999.0 -9999.0 -9999.0 -9999.0
-9999.0 -9999.0 -9999.0 -9999.0 -9999.0 -9999.0 3.24840087348 4.83585597197 11.0656752428 15.6478273391 1.46118616021 1.48496270419 1.43587274083 4.30642442262 31.5663952009 1.3205545834 29.8315649246 35.2621665056 4.24610773018 2.70318605565 11.2464411023 1.397578727 8.94840412042 2.81000769738 1.4225446735 2.78861628421 3.01643889227 1.49295739962 1.49839444414 1.48712869465 1.50939492544 3.03828539491 -9999.0 -9999.0 -9999.0 -9999.0 -9999.0 -9999.0 -9999.0 -9999.0 -9999.0 -9999.0 -9999.0 -9999.0 -9999.0 -9999.0 -9999.0 -9999.0 -9999.0 -9999.0 -9999.0 -9999.0 -9999.0 -9999.0 -9999.0
-9999.0 -9999.0 -9999.0 -9999.0 -9999.0 1.68341404056 3.30607115904 1.61102731923 3.17752317531 17.2254481808 20.2286330388 23.2041688303 72.4436053319 1.45587771643 32.9759291569 116.069492827 117.124546337 154.164295403 1.13943363944 4.05848316818 12.5797130288 1.32767930814 24.5100263524 14.2103815806 8.65208558312 7.2403271708 1.47086899959 4.45399937461 4.39596866709 2.94220908613 1.44090775855 4.51943580743 1.44422426497 1.44168114749 -9999.0 -9999.0 -9999.0 -9999.0 -9999.0 -9999.0 -9999.0 -9999.0 -9999.0 -9999.0 -9999.0 -9999.0 -9999.0 -9999.0 -9999.0 -9999.0 -9999.0 -9999.0 -9999.0 -9999.0 -9999.0
-9999.0 -9999.0 -9999.0 -9999.0 -9999.0 1.69529674291 4.98190546762 9.90735567598 11.4803845815 22.8114024643 24.3377768511 29.0311564133 47.7951471517 76.3740324357 79.1619316906 80.4709796211 2.58261329002 158.772716359 161.171288898 167.854051678 210.459487589 28.6003966779 25.898404167 10.0393037601 1.36489825063 8.64632192158 5.84750917483 1.37417026055 5.75259701066 1.37460451783 2.7769354348 7.36387986952 8.75707181291 2.83598566162 1.39453348399 1.39780068942 -9999.0 -9999.0 -9999.0 -9999.0 0.708757959941 0.608569921695 -9999.0 -9999.0 -9999.0 -9999.0 -9999.0 -9999.0 -9999.0 -9999.0 -9999.0 -9999.0 -9999.0 -9999.0 -9999.0
-9999.0 -9999.0 -9999.0 -9999.0 -9999.0 1.67828690461 1.63100722693 6.59183552111 8.16650941206 9.77636804945 1.58295082462 3.15347861851 17.6523158713 3.12940761346 1.52540069269 1.47319588913 1.363990858 1.52716748346 1.50528673709 1.43544175532 211.906296532 215.918219376 1.32564887193 4.04151418598 2.72468635258 9.99426762242 2.7468537085 1.34047549232 7.13896532002 2.67034696263 6.36671738798 15.5203099087 14.3681509373 4.24071058064 4.19742790953 1.39518741275 1.39578059204 -9999.0 -9999.0 1.400997032 1.67589088949 3.55579827051 0.63974967633 -9999.0 -9999.0 -9999.0 -9999.0 -9999.0 -9999.0 -9999.0 -9999.0 -9999.0 -9999.0 -9999.0 -9999.0
-9999.0 -9999.0 -9999.0 -9999.0 -9999.0 -9999.0 1.6938871171 1.66743128657 3.33170139532 4.96396414367 11.3483178815 14.5562579028 16.1624068967 1.63674833051 1.46515113755 18.5397725905 22.9080540704 24.3337049898 30.0954399443 31.483166676 1.37717902369 217.279268465 224.005925877 5.39740899197 1.30002518968 11.3125680852 25.1571089018 9.80453457706 2.61727903672 1.30465466178 24.4140765887 16.8293804335 1.30051621254 1.28986442667 5.49681056022 4.11422488377 1.36182638519 1.36820537014 1.35632075948 2.73591802854 1.33072825251 4.3201897974 5.63810150729 1.28422962597 -9999.0 -9999.0 -9999.0 -9999.0 1.38608795782 1.34324312024 0.364363116401 -9999.0 -9999.0 -9999.0 -9999.0
-9999.0 -9999.0 -9999.0 -9999.0 -9999.0 -9999.0 -9999.0 1.71655625215 1.5764936518 3.19072287049 4.80753937098 1.623580046 1.59599338542 9.49845875656 12.5563667651 15.6451711989 1.47652932858 2.94045017675 1.44074770159 32.8633709491 71.7061312232 72.4272726762 298.768000546 1.35336441077 3.87393214978 1.26264790011 26.4522148231 1.29647734271 3.93534358292 1.29610734651 25.7090693068 26.9889193993 2.59465496517 2.5678657299 13.6468795503 6.82005930681 2.70000376569 1.35377103833 2.72098657614 4.0802141263 6.72178981004 1.32047029835 8.25902490588 9.58244650536 1.22327170978 1.28389117039 1.32528537983 1.24978007431 1.19081728607 3.98170337003 1.52568328277 0.999502678128 -9999.0 -9999.0 -9999.0
-9999.0 -9999.0 -9999.0 -9999.0 -9999.0 -9999.0 -9999.0 -9999.0 3.27811761897 4.85470778048 1.61751705831 3.24060215629 4.80323307617 8.00949573147 1.57774913664 1.56623642975 1.44408809893 1.47043080711 1.40460097477 36.0536803867 1.45096448535 2.87339635629 302.47564648 305.481477293 1.73169754595 7.2973319637 35.0746471995 2.57166450488 5.15902590098 2.49633727225 3.69378302311 32.0058325658 3.81257783089 20.0214321633 16.2405721363 1.3377270617 6.63782648611 2.65297459056 4.01032122787 1.29013510304 8.01534754924 10.645036776 11.8179872135 12.9489559054 14.2047316136 2.3267956707 2.42644761615 2.29566379636 2.16945018924 5.10059856174 1.09444576658 3.6340133644 4.6526822608 -9999.0 -9999.0
-9999.0 -9999.0 -9999.0 -9999.0 -9999.0 -9999.0 -9999.0 -9999.0 1.65618971492 8.12752413666 9.72713062624 1.60814634265 3.18094783762 1.57545169607 1.5304178988 1.50112670134 18.4471603481 24.6877350105 30.1731695654 35.2820552486 1.28109345792 1.43618504791 1.70739426896 311.877065882 314.849007321 316.378447765 47.1718660153 10.3806447095 9.00620598081 1.22660239682 4.90006985647 38.1108234576 1.21539482866 21.239231283 1.26519042161 8.58443324345 7.95076766462 1.28764817498 5.28517294979 2.56332350354 3.8181433686 1.29783656932 1.13186928721 14.0699684301 15.1091269543 15.2414971785 3.5219632807 3.35547846721 3.2005590144 6.23013311781 8.41961124968 1.08919961894 5.69214962402 1.07241056129 2.0594567147
-9999.0 -9999.0 -9999.0 -9999.0 -9999.0 -9999.0 -9999.0 -9999.0 -9999.0 1.62978830434 11.3350605133 12.9417763309 4.77287618622 7.93375727148 11.0010813191 12.5390984085 1.5425306908 4.78646627772 3.14626459018 1.54110358233 1.54308768089 1.47828939598 2.9710981656 5.29416455275 1.89969522471 366.937891752 368.64302177 1.59651721887 1.19612608111 2.43751386379 3.62877543092 41.6768879019 2.38324290614 22.3833534524 13.3140127629 10.8955379993 1.26141786767 2.53630969105 6.51469866188 1.22084034602 5.01914496441 2.48650458625 2.17043278837 1.13803985965 18.3097042161 34.4294386 4.31595440985 4.17179015185 4.17688859524 0.98174573191 9.38146477887 0.948416160048 7.70450129519 0.979825312208 3.02092632575
-9999.0 -9999.0 -9999.0 -9999.0 -9999.0 -9999.0 -9999.0 -9999.0 -9999.0 -9999.0 1.5744208322 16.132501812 1.60152874797 3.20918712145 4.72533832949 7.83788909483 1.61402984924 3.2653066909 1.6217112606 1.58601228672 1.51009287277 2.98560871817 1.40398169327 1.64331900349 3.50662707796 1.94878143588 370.177042262 373.285185182 377.752053865 5.05726430764 1.20714419198 2.40410965563 42.882335075 41.6217143202 15.7603737853 1.22119916542 5.02675612496 3.78135984986 7.74745086029 2.45061777208 9.90354972279 3.67719468415 3.31721759928 1.1225707613 1.1151416618 35.5290057151 36.4856078787 45.8377336453 7.22777098912 2.01464148072 10.400020489 12.3404793416 20.9485600025 1.93152127125 0.902964772269
-9999.0 -9999.0 -9999.0 -9999.0 -9999.0 -9999.0 -9999.0 -9999.0 -9999.0 -9999.0 -9999.0 0.858569408561 18.0903260105 1.58587154528 3.0912967987 14.0395499567 1.60191538861 1.60754424247 1.46759806683 3.06234007423 1.44446396556 5.86556556481 8.65744137307 10.0040394695 4.86753744138 6.41084440863 1.71719636705 1.89654187711 1.57989247476 385.347431033 389.049224895 44.0025430244 43.8501049729 42.7422890107 2.32364776358 1.14824972297 6.19960543012 16.3026719185 8.93379986715 3.63774360137 14.6917157067 7.81391233254 6.68707164049 2.23477214474 0.967033667947 0.918963432638 0.89641684056 49.8730855493 59.9804933471 0.964958126645 0.905330224516 0.938721844929 21.8210429515 24.6006246051 1.66361992272
-9999.0 -9999.0 -9999.0 -9999.0 -9999.0 -9999.0 -9999.0 -9999.0 -9999.0 -9999.0 -9999.0 0.826116147873 20.1023428337 24.7828899669 1.50118701972 17.0573654362 1.51357457261 1.49262737479 2.89832689132 7.40168181894 1.43728062521 1.47542319965 1.38072653263 12.7744580131 14.1099152065 21.8699492722 24.9866047721 26.5865878196 28.1229413354 29.6070506775 420.006280558 466.923662397 513.42934339 514.392820783 1.1624285591 1.15175672303 18.646706902 17.4855330725 1.16651996765 1.19593349826 15.8904673013 24.8530525684 1.08627075969 13.7097289871 12.6012961669 4.31145428635 1.9841395091 3.11358401782 1.01928867546 61.7113603501 0.866301297726 2.70216781762 3.37640256682 30.7242259886 33.2548105218
-9999.0 -9999.0 -9999.0 -9999.0 -9999.0 -9999.0 -9999.0 -9999.0 -9999.0 -9999.0 -9999.0 1.63704681355 3.16815047743 26.3013798805 29.2049741022 1.46147542627 19.5697916348 1.38923796178 4.2495475402 8.78455497176 2.81953338365 1.38069611244 2.7901176504 1.30894134342 2.54175868064 1.24934062296 1.22507879357 1.20531506712 1.18511168092 1.25351133815 1.35545766114 1.6264594103 1.74669831641 1.66318335405 518.260888431 23.5395638236 20.8863789495 1.05751787967 3.45451315754 0.876040502169 0.753322316578 25.9547240596 43.0122860387 14.8645208105 10.5251019318 2.34071356804 1.08351041461 1.02807245001 1.93233670629 64.542740068 66.2388484895 0.878803280347 0.873724320568 0.967548131318 0.914993313178
-9999.0 -9999.0 -9999.0 -9999.0 -9999.0 -9999.0 -9999.0 -9999.0 -9999.0 -9999.0 -9999.0 -9999.0 1.54057899806 19.3426960201 50.0340918183 54.5272064912 75.4220601712 76.4063072235 19.5841276541 14.3991780483 4.22526207516 1.37259232994 5.49331141133 6.8035041399 10.6009809202 2.52907038318 2.46251968056 2.45264042725 4.85485681466 2.46036692768 2.54219821099 1.18602332388 1.20421409709 1.30028433032 519.40875125 543.621956636 544.885491677 1.08066700157 9.53671126494 3.90207785049 1.15352583807 46.4720105996 2.37379829263 1.20963187998 5.03315238218 1.21081550267 1.09957067226 2.07917595049 2.88200584343 3.73310443722 67.7351774532 0.716970960068 0.629162859337 0.629633361487 0.52376683858
-9999.0 -9999.0 -9999.0 -9999.0 -9999.0 -9999.0 -9999.0 -9999.0 -9999.0 -9999.0 -9999.0 1.61155355587 14.6940697581 17.8392745305 3.00838045411 0.925472506364 2.21314239543 80.0334767837 81.1356757735 101.660425595 1.30433873024 2.669097183 1.24401242892 1.26276498483 11.8349337148 15.5967912044 19.2793293744 1.17577188012 6.02280224748 9.63251581396 5.93868423165 2.29715788605 2.27255843801 2.37321744936 2.3668916641 1.28599393523 545.800897459 546.574654797 557.872551191 2.01368245797 1.0596556627 47.0959886528 2.47712088413 1.26069380816 1.30522187941 1.29300929484 1.22066808277 2.41645657988 6.75907855242 11.4195306472 79.8657831414 0.5633440509 1.66383444449 1.11526401498 0.947195567197
-9999.0 -9999.0 -9999.0 -9999.0 -9999.0 -9999.0 -9999.0 -9999.0 -9999.0 -9999.0 -9999.0 1.6404966842 9.94632035006 1.59073398808 1.4944768412 7.37976055863 8.76852857114 10.2077465051 11.5876862523 137.847423448 139.048248028 141.592513648 159.874233457 163.81206573 166.284092555 167.543151648 190.171374887 193.554428456 194.705817718 205.560632386 212.677344151 213.78994763 218.273879793 3.43266513213 3.43303108793 1.13833674511 1.06862974743 547.532864358 561.701585149 2.98174281068 53.3920987443 52.4760275639 4.82940961897 1.19309456743 1.22488154495 1.206475924 1.16628814984 2.34574742721 3.41978739949 1.04555473136 80.5550303691 81.2767493412 84.663849875 85.2498461514 86.7225081922
-9999.0 -9999.0 -9999.0 -9999.0 -9999.0 -9999.0 -9999.0 -9999.0 -9999.0 -9999.0 -9999.0 5.0293746135 6.66467210525 3.17386286036 4.71171955789 1.52579436447 17.4087825123 18.8897137912 21.8034976844 23.1879473024 9.85368175525 153.439716709 154.645139388 1.40141171839 1.22673305873 1.24199355268 2.48874217417 1.24888480599 1.17057723883 1.14487727768 1.10063437493 214.947852852 219.392404747 223.741034093 227.99373444 231.909254487 1.92152858077 0.640896697647 617.606489181 55.1112954811 54.3310391818 1.07965658265 1.08081336775 1.03208998854 2.28507913333 2.27370942563 1.07704152611 1.07537972904 0.9871770019 2.0208885793 2.7280226529 0.680670188519 1.1614186626 0.414646016174 0.409613164535
-9999.0 -9999.0 -9999.0 -9999.0 -9999.0 -9999.0 -9999.0 -9999.0 -9999.0 -9999.0 -9999.0 -9999.0 3.38704034391 1.60935518567 1.55246421365 14.4661332807 15.9668863225 1.49482899983 5.91981952183 7.32488869588 8.70767194331 1.42586192328 1.33346931225 24.9283052739 26.1106688516 27.2957117598 69.5896288636 70.7190272544 72.9865049416 81.8138908757 88.2424355815 89.3045733476 1.02838199204 1.05291043752 0.911337840217 233.101869739 0.644640198816 627.568422204 626.582720136 8.19523094709 7.26485483905 4.26235934219 1.0836895614 2.07468819637 3.35190198444 3.32828764301 2.12144073457 1.04563010237 2.02119451869 1.97154841077 3.5863782818 0.583440416031 1.7591174187 2.75894037234 3.6106374063
