data/baseflow/History/mHMbfrc401
ncols                  80
nrows                 72
xllcorner      4374000.0
yllcorner      5656000.0
cellsize            500
NODATA_value       -9999
[rows 24 to 47 of 72, columns 0 to 54 of 80]
-9999.0 -9999.0 -9999.0 -9999.0 -9999.0 -9999.0 -9999.0 -9999.0 -9999.0 -9999.0 -9999.0 -9999.0 1.00462153926 2.90663797919 3.83730923534 6.7234928627 0.927916010534 1.85576830449 2.76346015447 10.2487151102 10.9361724181 11.2965188773 12.0861262595 13.0187640434 21.8180842244 24.5156927267 25.7768958845 0.387770864257 3.01417386253 3.30415363384 47.5160668078 48.9162718366 49.4114859244 49.8967245116 50.5409316323 189.802664331 0.722389353715 406.674503757 0.929780372988 0.341527934068 3.90366299127 3.46056990927 0.501610981917 2.05799026753 2.88612966026 2.88204428839 2.05220650857 3.3889394239 5.38049061047 1.98584369776 5.31545958881 0.467024474644 0.626505260141 0.178167227344 0.156171463521
-9999.0 -9999.0 -9999.0 -9999.0 -9999.0 -9999.0 -9999.0 -9999.0 -9999.0 -9999.0 -9999.0 -9999.0 0.978416921461 1.94716457706 0.939406184393 1.91461766428 0.929532403846 6.61299653467 8.43233065452 9.36310177668 0.878332759496 1.64125072087 16.142070825 20.1657795904 20.9348147507 1.79826861519 1.78723131237 2.45388237098 0.280795463275 0.274988258148 0.531947734751 0.367164078492 26.4343717021 26.8753103539 27.4678956721 190.456223493 410.680838053 407.127575363 0.580643356279 0.220532704448 0.208290127209 0.973141039238 0.743498170523 2.37427628565 3.41658180853 6.95737581396 0.651447934554 0.652129909293 5.91454007763 6.4459402026 12.8431339408 13.2905332815 14.0971090539 14.4439946076 0.317955538054
-9999.0 -9999.0 -9999.0 -9999.0 -9999.0 -9999.0 -9999.0 -9999.0 -9999.0 -9999.0 -9999.0 -9999.0 -9999.0 0.973133465488 1.92742083253 2.87203678277 4.74839241547 0.957311465205 0.918606721808 6.79707310076 7.67152858521 14.7592238932 15.6123968558 2.45617592139 0.900937595751 0.912246641414 0.886576478809 24.2084529769 24.74228178 25.084021328 25.3479734709 26.0275921822 4.62277704946 5.27307408906 33.3879687712 634.839419019 2.83619823055 2.31543076697 0.946054241107 0.279733460264 0.216267312337 1.39664187175 1.59311387115 2.80338663168 0.215188873431 7.24000155144 1.04221344926 1.02164786738 0.215745051043 0.177475598109 0.166902451749 0.277874912043 0.163691313065 14.6125947345 188.568399954
-9999.0 -9999.0 -9999.0 -9999.0 -9999.0 -9999.0 -9999.0 -9999.0 -9999.0 -9999.0 -9999.0 -9999.0 -9999.0 -9999.0 0.949605949768 1.99739082874 3.00454340564 4.04879187466 4.96592985781 5.89390117897 2.76756740197 4.56317732765 0.866823658142 0.86728112302 19.9572526547 21.6756672326 22.5011987777 23.3983609305 0.759197096346 1.34884099369 3.38860552209 3.78208691375 4.15502178311 0.646950354066 0.732701113714 636.620056267 0.569781698693 0.838443582919 0.39680048414 1.19590388858 0.558668694259 0.366803660657 4.72967075672 5.14611978455 0.311108676472 7.59055533817 8.81350527729 1.20186844528 196.721579589 196.323637276 195.956686963 195.045932475 194.483428257 189.461124356 189.144923284
-9999.0 -9999.0 -9999.0 -9999.0 -9999.0 -9999.0 -9999.0 -9999.0 -9999.0 -9999.0 -9999.0 -9999.0 -9999.0 -9999.0 0.243611122618 0.580296926735 1.00290537035 8.91626578118 9.87154875552 0.948679130312 0.924362103333 0.902436361985 16.4954237698 18.2465326686 0.856873329514 0.882408742203 0.823008382045 3.29427595235 4.108674312 2.20252681624 2.70973177045 18.0715428272 18.6409973214 19.9343947416 31.905926181 668.88117255 0.567131382707 0.372078150245 1.86103084998 1.52021044504 0.349906540788 1.07532107954 1.42048575767 5.52799314372 5.89007286003 15.590541216 9.06922097407 1.35680732501 202.319812861 3.03256214411 195.574361672 195.317224732 4.56626728768 0.365668374557 0.364292983836
-9999.0 -9999.0 -9999.0 -9999.0 -9999.0 -9999.0 -9999.0 -9999.0 -9999.0 -9999.0 -9999.0 -9999.0 -9999.0 -9999.0 1.28305279609 2.09044760852 4.45331440331 7.8522409553 10.8389940538 12.8961863386 13.8190548805 14.7372307422 15.6347360462 0.874983469271 0.849931188122 1.69108266556 1.65053146933 0.830663488223 15.4807466241 16.2871657936 17.057531673 17.7863129709 9.94003722441 10.3996424357 11.1838112558 669.181097941 0.936620883646 0.956220071915 2.99651289059 0.292632594407 0.756879072869 0.400716699068 0.329736099662 1.78367913379 0.324423021203 0.335766747489 219.542198832 203.647757502 203.30763217 1.03518734097 2.79383996051 1.78713308333 0.405959456722 3.82335917536 1.08506060381
-9999.0 -9999.0 -9999.0 -9999.0 -9999.0 -9999.0 -9999.0 -9999.0 -9999.0 -9999.0 -9999.0 -9999.0 -9999.0 -9999.0 0.902813705958 0.845671890258 1.6499467411 2.52727703532 1.00918906521 0.942678386077 1.86389728457 2.78525587452 4.56598141312 5.45760015535 6.33448251823 8.90688524086 9.73558700451 10.5793310939 0.811626814495 7.99163104644 8.66517875138 9.1404036694 0.294023165787 0.167321947131 0.35333074339 680.373758682 680.660003647 682.167314341 3.77968885304 0.571709800187 1.19759347591 0.334888358479 0.612594046077 2.08335426046 2.68603230752 0.633610659159 221.056827257 0.495427376336 0.60399159775 0.633497718533 0.5835798045 0.974765345179 0.444530416498 2.44746304535 1.74333429533
-9999.0 -9999.0 -9999.0 -9999.0 -9999.0 -9999.0 -9999.0 -9999.0 -9999.0 -9999.0 -9999.0 -9999.0 -9999.0 -9999.0 -9999.0 0.807588141648 1.60840084326 0.809704962826 1.67237989661 10.4414587222 11.4396592987 12.3727971955 0.88600535588 0.89097746087 1.77281633159 2.6433347598 4.30609903685 5.13280021621 5.5844451161 6.37543383122 0.695578451299 0.574918272446 9.8643137559 10.0148560174 10.263394699 10.5343368848 8.90195832746 692.186322368 697.691798877 697.94551515 699.381247493 700.634681917 701.730641185 0.383247473215 2.99530381223 221.450472993 0.970053226757 0.491559345324 0.510503723023 0.430663275336 0.749318982125 0.618228163465 0.32903280811 0.376832455956 0.329418686541
-9999.0 -9999.0 -9999.0 -9999.0 -9999.0 -9999.0 -9999.0 -9999.0 -9999.0 -9999.0 -9999.0 -9999.0 -9999.0 -9999.0 -9999.0 -9999.0 2.39671626191 3.28836225791 5.87007081402 7.8175112128 1.05134308907 14.3731494741 15.2583441934 16.1595492104 0.899479706299 1.7839380774 0.841532117521 6.00950878078 6.44537642238 7.14533474329 7.85254132347 9.5114605121 9.63356914598 0.102859022263 7.82535894297 8.3706244089 8.64335454451 9.72554532354 1.4441383719 0.946862494312 0.598784004011 0.574167531054 702.728407586 703.302104664 708.485727021 221.900008371 2.52027166956 1.13835118369 0.795129335833 0.252040297383 1.99412091006 0.957012702099 0.312097463849 1.56878996112 1.27962620613
-9999.0 -9999.0 -9999.0 -9999.0 -9999.0 -9999.0 -9999.0 -9999.0 -9999.0 -9999.0 -9999.0 -9999.0 -9999.0 -9999.0 -9999.0 -9999.0 0.9048414711 4.14903841267 5.04419786315 1.09756611444 0.936376257845 1.85458968043 2.74904044627 19.8063807694 0.89399250741 3.5779694518 4.42518627797 5.25757413644 0.461226913481 1.12994683333 1.44916107007 6.39758726776 6.96045103024 7.18746478191 0.265511940658 0.263729675557 0.299147142465 0.545231095966 0.228206466142 0.249412325801 0.538104910006 0.403630468924 0.523645922883 1.70097259893 709.057557562 932.507385715 3.02983897313 0.328917521642 0.262085172314 5.78924783643 5.25777854921 2.93941538923 2.60872843121 1.92541138685 0.373644515021
-9999.0 -9999.0 -9999.0 -9999.0 -9999.0 -9999.0 -9999.0 -9999.0 -9999.0 -9999.0 -9999.0 -9999.0 -9999.0 -9999.0 -9999.0 0.761624853455 2.52498508264 0.850392825881 1.10217161885 0.985573658684 1.9188098484 2.82346247049 3.77583967439 24.5083950939 25.392735352 0.896993484221 1.74907153772 2.60120576043 3.20330337023 3.815569653 5.50805559861 6.1265054799 0.24216222648 0.379678107237 0.397806917933 0.618368287204 0.546187090921 0.507897360586 0.425326446711 0.482171219585 2.10532282521 1.01328988463 0.578217200836 0.570047128528 0.515244671457 0.998871679374 949.492225004 13.6420950389 7.00115732869 0.631603030295 0.289096659581 0.271514479428 0.875748341152 0.586276013158 0.289083091574
-9999.0 -9999.0 -9999.0 -9999.0 -9999.0 -9999.0 -9999.0 -9999.0 -9999.0 -9999.0 -9999.0 -9999.0 -9999.0 -9999.0 0.806648947848 1.5449434669 5.69739090972 0.851729242549 2.24944233282 3.23700094009 4.20873563645 0.958787044666 1.85925426421 2.85925210649 29.1561454264 0.880287278104 1.71748747969 2.54917190151 0.787520977926 1.54276088801 1.78264186693 2.35093291214 56.1658149448 57.0294371992 57.8879057772 61.6826251185 63.3437147695 66.4927193508 0.95917379647 2.00966307302 2.63505053765 77.1816925966 78.2863116916 0.550644555123 0.997675046194 1.43928793091 950.031149042 13.0748901514 5.31692765056 5.00435161508 4.66945309264 4.38362126122 1.16805524367 0.295230701677 0.556949594393
-9999.0 -9999.0 -9999.0 -9999.0 -9999.0 -9999.0 -9999.0 -9999.0 -9999.0 -9999.0 -9999.0 -9999.0 -9999.0 -9999.0 0.80057773345 2.43698328985 8.93313742799 13.1489268223 0.801951064191 17.5376376099 22.6714812253 0.941429355313 1.84006274519 2.83064564927 37.3648768461 38.3057905763 0.859492094335 4.28355366467 5.11423592292 5.70187252018 51.5429747922 52.5925427162 53.4534341998 0.449538038537 2.64946595068 3.13315064513 1.53137087625 2.21198243435 69.7415373895 72.8258780781 73.4291818551 74.0231159404 79.2613216705 0.481962762228 0.446259911037 2.30685358551 950.556680081 0.419329898611 0.0186482934407 0.0524869150689 0.0225671839811 3.84585838461 3.648187523 2.1272720348 1.50375074828
-9999.0 -9999.0 -9999.0 -9999.0 -9999.0 -9999.0 -9999.0 -9999.0 -9999.0 -9999.0 -9999.0 -9999.0 -9999.0 -9999.0 -9999.0 -9999.0 1.69455330073 3.4218745883 15.6886328644 16.5949779293 23.4892666999 24.424443063 0.917189315808 1.82960544622 4.57127482277 39.217051102 41.0040090397 41.8266432262 0.717951495635 44.4877659486 45.5123328393 0.696788725728 0.452457399831 0.919834190434 1.78628049899 0.42178616543 0.879769339911 2.1083311885 2.65745258315 0.477955403831 0.400606363295 0.830282066966 81.8736458935 82.6968768268 83.1194127787 86.3017087054 951.054873208 0.326140133868 0.0132788921094 0.0143331120323 0.016420500299 0.0168530769242 0.017524397714 0.0327210943024 0.242309914522
-9999.0 -9999.0 -9999.0 -9999.0 -9999.0 -9999.0 -9999.0 -9999.0 -9999.0 -9999.0 -9999.0 -9999.0 -9999.0 -9999.0 -9999.0 -9999.0 0.881760110941 0.871701165631 0.879889950734 1.87265827625 0.850964116796 26.1030090881 26.9782193529 0.95035370223 1.83393164879 0.945531570697 0.862956591808 0.856999392539 43.2258129959 0.304518605987 0.574527307347 0.435729584601 0.48381567708 0.445269326705 0.389077383511 0.394880327653 1.16527865907 1.56310724149 0.346159244116 0.333792171398 0.679769720328 1.05604017343 1.30390358962 0.324492983768 83.537342927 86.7214300027 951.44909084 0.709438829182 0.0757344687495 0.00866293048984 0.024650762867 0.00847664042051 0.00777852095922 0.0415647938286 1.15147923623
-9999.0 -9999.0 -9999.0 -9999.0 -9999.0 -9999.0 -9999.0 -9999.0 -9999.0 -9999.0 -9999.0 -9999.0 -9999.0 -9999.0 -9999.0 -9999.0 -9999.0 -9999.0 0.862788514898 2.69353176802 3.46610017743 4.28630133138 27.7744367755 28.5541248727 29.3885615317 30.3843915946 31.2344897531 32.9598857692 33.304079179 33.5788053787 33.945328715 0.482165124847 0.454255015092 0.456267885052 1.64000842272 0.409230748817 0.389340476583 0.355707358015 1.03650478752 0.375015051095 0.328053864664 0.316663908175 0.291800823955 0.582957856679 0.83690125345 88.419232334 1040.99693886 0.306190652839 0.687298919965 0.00720148552969 0.0344195914506 0.0200665075802 0.0156915577206 2.12142973051 1.89868026872
-9999.0 -9999.0 -9999.0 -9999.0 -9999.0 -9999.0 -9999.0 -9999.0 -9999.0 -9999.0 -9999.0 -9999.0 -9999.0 -9999.0 -9999.0 -9999.0 -9999.0 -9999.0 -9999.0 0.76959879469 5.77886443409 11.677382453 12.5626412836 1.05224642921 1.9905798266 2.87529675801 3.72883288643 8.91180323363 9.40559476601 0.489172356437 0.461242309065 34.9173951176 35.8085266489 36.2328409369 2.00710506804 0.361417267319 0.753151923652 1.11527708687 3.26986510248 3.98469779457 4.61336789444 0.602220721254 0.852832952384 0.278954652947 0.547066123225 0.273459713533 1041.59901978 0.30045775163 1.24113609737 0.363306641803 0.60874768382 1.71383514189 1.8733592702 4.13530818371 2.04925352104
-9999.0 -9999.0 -9999.0 -9999.0 -9999.0 -9999.0 -9999.0 -9999.0 -9999.0 -9999.0 -9999.0 -9999.0 -9999.0 -9999.0 -9999.0 -9999.0 -9999.0 -9999.0 0.817822464246 2.55120103327 5.02578438169 6.60821233829 17.3408851354 18.3265223109 1.78771785242 2.6642533325 3.47435194058 4.33746333826 9.79953810905 10.7470891138 18.1339543594 18.7423178462 19.177464917 36.6708118973 39.8561758651 0.779312719563 0.417925892184 0.41251596655 0.795827627942 0.37358243868 5.32773498595 5.62820399541 1.12271641734 1.37810743981 0.267669675042 222.187102989 222.730649827 1264.78075726 1266.45498133 0.275477390063 1.19265059915 0.31315281944 0.277888077273 4.65325590874 6.92526701898
-9999.0 -9999.0 -9999.0 -9999.0 -9999.0 -9999.0 -9999.0 -9999.0 -9999.0 -9999.0 -9999.0 -9999.0 -9999.0 -9999.0 -9999.0 -9999.0 -9999.0 -9999.0 -9999.0 0.890855374021 0.866780312903 1.67684819136 4.02320124264 19.0988343033 0.901854866143 0.893736365621 1.70927480481 2.52138861414 5.84023762878 6.26552962404 0.285051580157 0.395100196828 19.6778687323 20.1216318222 60.3640691532 60.7357371742 0.332815094174 0.3154848636 0.275025829776 0.276716312671 0.262092815293 217.274621687 218.836768755 220.464870393 220.955381266 221.927059941 0.280152667828 1.07218550169 1.422705713 1268.55187067 1268.84814225 1269.19710789 1269.51144011 1269.7276369 7.21534836091
-9999.0 -9999.0 -9999.0 -9999.0 -9999.0 -9999.0 -9999.0 -9999.0 -9999.0 -9999.0 -9999.0 -9999.0 -9999.0 -9999.0 -9999.0 -9999.0 -9999.0 -9999.0 -9999.0 -9999.0 0.825429365232 0.847975192784 1.59833900872 22.2348458014 23.1256980807 0.889723105391 1.70348032114 2.52059383374 2.92360292223 0.338943372234 0.813457944682 50.0262359732 50.5028855444 50.8814295079 53.8277394424 114.928010535 206.577980603 207.269847427 207.902084534 208.521409542 210.696184081 211.353691088 1.26621183359 0.608370260035 0.326419779174 0.634264531801 0.531477317105 0.821597283342 0.268229049543 5.65509114263 6.34268415158 6.91794112781 7.15308995865 1270.04683482 1277.60376479
-9999.0 -9999.0 -9999.0 -9999.0 -9999.0 -9999.0 -9999.0 -9999.0 -9999.0 -9999.0 -9999.0 -9999.0 -9999.0 -9999.0 -9999.0 -9999.0 -9999.0 -9999.0 -9999.0 -9999.0 -9999.0 0.833972391928 1.60659333459 2.381051424 23.8073571924 0.934059247942 32.6291397137 33.4679296686 33.8218006963 34.3043036108 48.1712261206 48.7034185994 0.479493088682 2.21497138295 2.64899845598 0.432214868697 90.9444871982 90.146137426 0.298115008702 0.637383748571 1.6239760107 0.335669964834 0.341762787516 0.306367270745 0.276500224968 0.237232823907 0.256991326117 4.7776205227 5.03467368292 5.31943310859 0.341683218228 0.277013425004 7.3596760659 7.64231335476 7.81429008808
-9999.0 -9999.0 -9999.0 -9999.0 -9999.0 -9999.0 -9999.0 -9999.0 -9999.0 -9999.0 -9999.0 -9999.0 -9999.0 -9999.0 -9999.0 -9999.0 -9999.0 -9999.0 -9999.0 -9999.0 -9999.0 0.783259097174 0.739531318905 3.79000329057 29.1725991585 30.8914362806 31.8187682671 0.905518495293 13.0155669602 13.2816816639 13.4460581702 0.485430143057 0.991071027884 1.4529391258 22.0299400552 22.4089513278 22.7449373082 89.5109724508 53.7274772612 0.335977385322 0.332483210723 0.325391331705 0.288255034589 2.81138437412 3.39928308771 3.9409523187 4.22737002157 4.50827551349 24.2639953325 24.4923343104 24.6974559857 25.1955793436 27.9889780542 28.1924022412 36.2380884422
-9999.0 -9999.0 -9999.0 -9999.0 -9999.0 -9999.0 -9999.0 -9999.0 -9999.0 -9999.0 -9999.0 -9999.0 -9999.0 -9999.0 -9999.0 -9999.0 -9999.0 -9999.0 -9999.0 -9999.0 -9999.0 -9999.0 1.52893695948 2.31378800605 0.873233344285 0.889965057595 9.91025587404 10.8404713002 11.5507643902 4.80874588265 5.08938869013 5.44391134119 5.91204801415 21.224200792 21.6506838326 11.9638904783 35.0824320815 35.4458705114 53.4223356656 0.680751798763 0.337196448893 0.286567318195 1.91827020174 2.23552141097 0.239373560086 0.228349561476 23.264152783 23.7824449342 24.0435896302 0.256382855032 0.36066337246 27.4314798998 0.355981909237 1.40822015971 1.57819431998
-9999.0 -9999.0 -9999.0 -9999.0 -9999.0 -9999.0 -9999.0 -9999.0 -9999.0 -9999.0 -9999.0 -9999.0 -9999.0 -9999.0 -9999.0 -9999.0 -9999.0 -9999.0 -9999.0 -9999.0 -9999.0 -9999.0 0.760379786103 1.50889944825 6.35610540804 7.2343078035 8.17774197011 3.72204874853 4.51579763756 0.292050230919 14.2890536325 14.5594509116 14.8594013316 0.394054974047 11.1346286111 11.5648095985 0.368213984877 51.6835821882 0.718325721358 0.35842915974 1.00752445429 1.34534410377 0.289588965368 0.257765275305 20.7938252784 22.7782068178 23.0696723045 0.288833667787 0.698270792821 0.906428832423 1.10200607993 2.07898177073 0.520441596123 1.14016767342 0.248965305404
