data/baseflow/History/mHMbfrc349
ncols                  80
nrows                 72
xllcorner      4374000.0
yllcorner      5656000.0
cellsize            500
NODATA_value       -9999
[rows 0 to 23 of 72, columns 0 to 53 of 80]
-9999.0 -9999.0 -9999.0 -9999.0 -9999.0 -9999.0 -9999.0 -9999.0 -9999.0 -9999.0 -9999.0 -9999.0 0.854904823551 0.717122334022 -9999.0 -9999.0 -9999.0 -9999.0 -9999.0 -9999.0 -9999.0 -9999.0 -9999.0 -9999.0 -9999.0 -9999.0 -9999.0 -9999.0 -9999.0 -9999.0 -9999.0 -9999.0 -9999.0 -9999.0 -9999.0 -9999.0 -9999.0 -9999.0 -9999.0 -9999.0 -9999.0 -9999.0 -9999.0 -9999.0 -9999.0 -9999.0 -9999.0 -9999.0 -9999.0 -9999.0 -9999.0 -9999.0 -9999.0 -9999.0
-9999.0 -9999.0 -9999.0 -9999.0 -9999.0 -9999.0 -9999.0 -9999.0 -9999.0 -9999.0 -9999.0 -9999.0 1.74379104498 3.72579065724 0.577436254628 -9999.0 0.534815661777 -9999.0 -9999.0 -9999.0 -9999.0 -9999.0 -9999.0 -9999.0 -9999.0 -9999.0 -9999.0 -9999.0 -9999.0 -9999.0 -9999.0 -9999.0 -9999.0 -9999.0 -9999.0 -9999.0 -9999.0 -9999.0 -9999.0 -9999.0 -9999.0 -9999.0 -9999.0 -9999.0 -9999.0 -9999.0 -9999.0 -9999.0 -9999.0 -9999.0 -9999.0 -9999.0 -9999.0 -9999.0
-9999.0 -9999.0 -9999.0 -9999.0 -9999.0 -9999.0 -9999.0 -9999.0 -9999.0 -9999.0 0.869907324681 0.830974027403 0.868794530448 0.848865969987 5.33679908848 5.90608742255 1.49469977085 0.48159909091 -9999.0 -9999.0 -9999.0 -9999.0 -9999.0 -9999.0 -9999.0 -9999.0 -9999.0 -9999.0 -9999.0 -9999.0 -9999.0 -9999.0 -9999.0 -9999.0 -9999.0 -9999.0 -9999.0 -9999.0 -9999.0 -9999.0 -9999.0 -9999.0 -9999.0 -9999.0 -9999.0 -9999.0 -9999.0 -9999.0 -9999.0 -9999.0 -9999.0 -9999.0 -9999.0 -9999.0
-9999.0 -9999.0 -9999.0 -9999.0 -9999.0 -9999.0 -9999.0 -9999.0 -9999.0 0.830905199061 1.69988273729 3.37354894543 1.67206228017 0.811945299672 1.61325365631 6.67778882279 9.21832998761 0.520842960945 -9999.0 0.846068050735 -9999.0 -9999.0 -9999.0 -9999.0 1.00747326283 0.518684874847 -9999.0 -9999.0 -9999.0 -9999.0 -9999.0 -9999.0 -9999.0 -9999.0 -9999.0 -9999.0 -9999.0 -9999.0 -9999.0 -9999.0 -9999.0 -9999.0 -9999.0 -9999.0 -9999.0 -9999.0 -9999.0 -9999.0 -9999.0 -9999.0 -9999.0 -9999.0 -9999.0 -9999.0
-9999.0 -9999.0 -9999.0 -9999.0 -9999.0 -9999.0 -9999.0 -9999.0 0.95324803094 2.67466087784 3.4926916709 4.31632521055 5.86238154096 0.794668582501 3.19023909456 3.97063628118 14.3215425399 0.602640103784 0.67377139382 1.62382221474 2.36759737799 0.773936375303 -9999.0 2.5398779193 2.07840908225 0.548872336046 -9999.0 -9999.0 -9999.0 -9999.0 -9999.0 -9999.0 -9999.0 -9999.0 -9999.0 -9999.0 -9999.0 -9999.0 -9999.0 -9999.0 -9999.0 -9999.0 -9999.0 -9999.0 -9999.0 -9999.0 -9999.0 -9999.0 -9999.0 -9999.0 -9999.0 -9999.0 -9999.0 -9999.0
-9999.0 -9999.0 -9999.0 -9999.0 -9999.0 -9999.0 0.932104392899 0.852396880108 0.837503765723 0.851396822307 0.865966913897 6.05840891207 12.7685978487 13.6042626707 14.3893302749 0.80725329765 15.8021139622 16.4985741715 1.43550389666 0.767800372156 3.09754720663 5.37888527473 0.655114935444 4.43495645875 0.67341830776 0.628191945593 0.664148564037 -9999.0 -9999.0 -9999.0 -9999.0 -9999.0 -9999.0 -9999.0 -9999.0 -9999.0 -9999.0 -9999.0 -9999.0 -9999.0 -9999.0 -9999.0 -9999.0 -9999.0 -9999.0 -9999.0 -9999.0 -9999.0 -9999.0 -9999.0 -9999.0 -9999.0 -9999.0 -9999.0
-9999.0 -9999.0 -9999.0 -9999.0 -9999.0 -9999.0 1.87605988121 2.77025452648 6.27610571909 8.76653743095 0.790208947658 0.824771508027 0.807418195262 2.35777757617 17.4751974436 0.71474291523 17.1965200498 20.0217110128 2.14472040686 1.45866148722 6.07191427936 0.750740577459 5.16870517144 1.35065603671 0.650191117491 1.25595483399 1.36785554307 0.760441838346 0.774963556149 0.759482908494 0.784618655462 1.57235488349 -9999.0 -9999.0 -9999.0 -9999.0 -9999.0 -9999.0 -9999.0 -9999.0 -9999.0 -9999.0 -9999.0 -9999.0 -9999.0 -9999.0 -9999.0 -9999.0 -9999.0 -9999.0 -9999.0 -9999.0 -9999.0 -9999.0
-9999.0 -9999.0 -9999.0 -9999.0 -9999.0 1.01294584589 1.9689460328 0.948501794293 1.84088978031 9.67479892497 11.3447654552 13.0077922127 42.0483649665 0.781372424049 18.2436325983 66.5187020127 67.1439757046 88.2675666031 0.668012915216 2.15092910971 6.76930419892 0.691021555058 12.6745333732 6.79277687941 3.98721934428 3.31251377108 0.661574743669 2.24773071157 2.265226857 1.51050283149 0.723882511617 2.31726441011 0.703281814336 0.692997492155 -9999.0 -9999.0 -9999.0 -9999.0 -9999.0 -9999.0 -9999.0 -9999.0 -9999.0 -9999.0 -9999.0 -9999.0 -9999.0 -9999.0 -9999.0 -9999.0 -9999.0 -9999.0 -9999.0 -9999.0
-9999.0 -9999.0 -9999.0 -9999.0 -9999.0 1.00830210017 2.95231171375 5.88969316055 6.80630770009 13.5145105708 14.3946241604 17.140053109 28.2690762208 44.460222683 46.093616147 46.8471085942 1.43855927444 90.8732641203 92.2294247429 95.8652493714 118.099547804 14.7942065219 13.4159396008 4.71881039364 0.712434667717 4.19857578041 2.88002534336 0.619361507526 2.95218998516 0.690841685384 1.39017342954 3.6944931992 4.38299644102 1.37206201996 0.653183611531 0.655702843277 -9999.0 -9999.0 -9999.0 -9999.0 0.465206612885 0.42575573262 -9999.0 -9999.0 -9999.0 -9999.0 -9999.0 -9999.0 -9999.0 -9999.0 -9999.0 -9999.0 -9999.0 -9999.0
-9999.0 -9999.0 -9999.0 -9999.0 -9999.0 0.981551707586 0.954771886289 3.92695680015 4.85672556991 5.81477747264 0.931630366669 1.8469307646 10.3968560097 1.8673238614 0.898581853086 0.824289736837 0.738941605796 0.819163223353 0.775257220076 0.799699144699 118.810278773 120.880963354 0.681818470405 2.09109295944 1.42011633843 4.86036438864 1.24333735035 0.585323216859 3.63762478433 1.375939813 3.34488653087 7.74424384296 7.08320117554 2.02093863856 1.91874786844 0.672632937223 0.657325798218 -9999.0 -9999.0 0.65495618769 0.991674438884 2.30172039653 0.442737804555 -9999.0 -9999.0 -9999.0 -9999.0 -9999.0 -9999.0 -9999.0 -9999.0 -9999.0 -9999.0 -9999.0
-9999.0 -9999.0 -9999.0 -9999.0 -9999.0 -9999.0 1.0212017189 1.01671657172 1.9709840195 2.93202739352 6.71110893139 8.58210223582 9.5283422562 0.959992059437 0.810491315719 10.4639519396 12.9072800395 13.6789762425 16.8819838599 17.620907092 0.716961886468 121.598974912 125.106802043 2.81685624996 0.730531022035 5.52061547649 12.1001929519 4.78214288872 1.25670422363 0.644221279239 12.3600306256 8.39192616264 0.59350921 0.590957853697 2.49951298473 1.96627662078 0.602075036977 0.538155902278 0.63907373651 1.28061579435 0.608853681151 2.79125487294 3.33416082213 0.468397846058 -9999.0 -9999.0 -9999.0 -9999.0 0.53750800687 0.504135539016 0.267576147818 -9999.0 -9999.0 -9999.0
-9999.0 -9999.0 -9999.0 -9999.0 -9999.0 -9999.0 -9999.0 1.00405452109 0.934223606474 1.91038079964 2.87625642806 0.943702794672 0.871951064844 5.39659421307 7.10748147321 8.8648522839 0.841268448946 1.66615232319 0.815274166735 18.3808158046 40.1612152459 40.6434621918 166.980805396 0.687509077287 2.09508252139 0.670816276719 12.6619260364 0.620877895471 1.90648503582 0.627872045093 12.9624386693 13.5684087069 1.19343751914 1.19427996635 6.35528188309 3.21309722982 1.12586383914 0.593678974008 1.27531378589 1.90791418609 3.08182301033 0.53590107024 4.20694489844 4.57453123566 0.329314120275 0.373123148398 0.369289305002 0.325984948041 0.312586461471 1.43328627402 0.749859376979 0.504026076602 -9999.0 -9999.0
-9999.0 -9999.0 -9999.0 -9999.0 -9999.0 -9999.0 -9999.0 -9999.0 1.90696763154 2.8094123733 0.931437839182 1.88837545611 2.78218641484 4.58578436958 0.914666879096 0.895349151076 0.809175610045 0.818742109967 0.746947745931 20.2621635643 0.827709471254 1.62228228187 169.080613709 170.199144238 0.453060919754 3.01879142361 16.2066305119 1.22614779335 2.45842924186 1.14004613614 1.65707093702 15.8152545178 1.72878605568 9.20692689547 7.49907584199 0.58534166023 2.93409822965 1.20846068513 1.86330649973 0.576187148599 3.57038338754 4.51207469564 4.82686167267 5.12154400548 5.81442138976 0.635555711384 0.656962893618 0.587712977395 0.555262964399 1.75041692361 0.370379367745 1.65301053907 2.04468909801 -9999.0
-9999.0 -9999.0 -9999.0 -9999.0 -9999.0 -9999.0 -9999.0 -9999.0 0.986586806421 4.75071812698 5.66105323276 0.91209185388 1.79829286407 0.885526487163 0.84933673559 0.835418571809 10.2947765153 13.6638552697 16.7257063501 19.7361820235 0.713054539357 0.808737198053 0.671337687291 173.278350356 174.423313084 174.834294211 21.5072138448 4.80415365169 4.23302171786 0.486797586202 2.16031661104 18.4878669324 0.508327291814 9.71674660448 0.581910596399 3.96946068562 3.55919694307 0.605331155107 2.44853228306 1.15766166707 1.72066826948 0.432867964491 0.290857099638 5.4116345877 5.67112202166 6.07319303357 0.941987686307 0.856124139091 0.818812610597 2.1428234292 2.89454071 0.375375340264 2.45204719288 0.446219269089
-9999.0 -9999.0 -9999.0 -9999.0 -9999.0 -9999.0 -9999.0 -9999.0 -9999.0 0.991495385132 6.60239791257 7.49705186462 2.68569777296 4.44483179039 6.13950097024 6.98796070372 0.881184800988 2.56331552786 1.73688802092 0.898406630066 0.87758776107 0.805988334035 1.54984557639 2.51720573122 0.675705964432 197.490838465 197.950957091 0.414101366658 0.385958302329 1.02505714597 1.52820535421 19.9656671432 0.984023038254 10.1569129916 6.19099017436 5.10916816686 0.571642180973 1.16403479071 2.9844679822 0.534752217304 2.23204159823 0.909816649627 0.524205885022 0.284475901448 6.51168680022 12.7915762956 1.12923260688 1.04928333399 1.09955226587 0.300989427751 3.19803558163 0.295124016871 3.17757459686 0.397316870622
-9999.0 -9999.0 -9999.0 -9999.0 -9999.0 -9999.0 -9999.0 -9999.0 -9999.0 -9999.0 0.885533133482 9.27826357533 0.882738262051 1.75237424823 2.57401451789 4.20037981817 0.826778051758 1.67420397176 0.844712618485 0.789546115904 0.753201408074 1.4753136595 0.672200238912 0.665723161128 1.21141525382 0.635079779306 198.409397133 199.243725073 200.520675114 1.95622318169 0.532805729307 1.06214281935 20.5011178775 18.8425249826 7.2833942349 0.544553097622 2.28554491272 1.72206267125 3.5217885208 1.06944639244 4.16138875356 1.4083557059 0.924766026906 0.338234514157 0.329405301091 13.0902293659 13.3417854668 15.725185761 2.06559129139 0.633282277288 3.52717804248 4.14451560617 7.64456012861 0.77399801603
-9999.0 -9999.0 -9999.0 -9999.0 -9999.0 -9999.0 -9999.0 -9999.0 -9999.0 -9999.0 -9999.0 0.572679441859 10.5432825681 0.838034925881 1.65302101114 7.42466804087 0.782327549334 0.774546595745 0.712933493856 1.56305008842 0.792254254477 3.03775097113 4.35113796495 4.93591172942 1.71698507483 2.07546332568 0.403551211765 0.56312107144 0.527253891143 203.512768292 204.98713611 20.9524791315 19.7606165996 19.3025734992 0.931789878934 0.452938935001 2.78840401192 7.31533528138 4.02537528089 1.56902016052 6.19455195038 2.53294412021 2.09120342812 0.713567707415 0.274202446853 0.21755135458 0.235943051109 16.9534955707 19.9373008326 0.327502370136 0.290440957154 0.327470768479 7.97830927603 9.08718697556
-9999.0 -9999.0 -9999.0 -9999.0 -9999.0 -9999.0 -9999.0 -9999.0 -9999.0 -9999.0 -9999.0 0.537806153284 11.815451984 14.4026716443 0.822138732582 9.03767192751 0.723701467635 0.712841529026 1.49268281631 3.84762995878 0.78099867476 0.813870351901 0.674765120217 6.22461798958 6.84941793411 9.58247277364 10.5103094067 11.0326613948 11.4395763834 12.054975341 217.477018798 239.253961646 259.704021261 259.96240675 0.326612817932 0.450704825669 8.32327789835 7.82303774021 0.495451778723 0.495636702312 6.68424764408 9.68273088116 0.410747047535 5.2655046103 4.83463725665 1.4390401339 0.589499547898 0.974496016846 0.328468502883 20.4539371568 0.2639795002 0.879830081035 1.08550455128 11.1183561048
-9999.0 -9999.0 -9999.0 -9999.0 -9999.0 -9999.0 -9999.0 -9999.0 -9999.0 -9999.0 -9999.0 0.924794990058 1.77970018545 15.2401480306 16.7819570026 0.760184360634 10.2953416164 0.635830491726 2.01772226897 4.54976019895 1.50666712205 0.722662141006 1.42324327594 0.548188276789 1.10592824409 0.587331786809 0.568076447038 0.568126874187 0.555601520663 0.503414445621 0.432034793407 0.46798080166 0.468809971683 0.466942123813 261.067549172 9.45340138725 8.79336420224 0.228452366657 1.40473807766 0.455547728658 0.442567555873 10.1113968852 16.683248379 5.7270507686 4.17218277319 0.911913989338 0.350987100481 0.316062433026 0.582371033876 21.2980381916 21.7632038392 0.245109588172 0.265385240283 0.317059012227
-9999.0 -9999.0 -9999.0 -9999.0 -9999.0 -9999.0 -9999.0 -9999.0 -9999.0 -9999.0 -9999.0 -9999.0 0.824952941951 10.794846452 28.399994109 30.8481677588 41.8014157855 42.3227738791 10.0346099533 7.51824552162 2.24265864891 0.713215944871 2.81269526911 3.45757968231 5.16044815894 1.19943474814 1.14090261064 1.14992634815 2.26311111136 1.05290297305 0.962218936645 0.54226706651 0.517613030539 0.393649154029 261.438368672 271.266028371 271.522552378 0.215764550257 3.68672962305 1.82554875844 0.469608230622 18.0907158122 0.986987036757 0.509571760673 2.25146665446 0.515272005022 0.351471986101 0.633322545553 0.860697175678 1.10825272599 22.14871293 0.182009330934 0.162322077086 0.16874692294
-9999.0 -9999.0 -9999.0 -9999.0 -9999.0 -9999.0 -9999.0 -9999.0 -9999.0 -9999.0 -9999.0 0.872344417969 8.21933495661 9.95998979954 1.67223460642 0.623505293441 1.34832568576 44.3862461854 44.92137672 55.4875490051 0.629575350636 1.33672382726 0.58237719577 0.591598297131 5.73629238231 7.51016607383 9.18711865355 0.531967338907 2.79074080108 4.36168414692 2.47614939058 1.03206672939 0.971827047777 0.87974710924 0.770700796091 0.277449234872 271.717226397 271.862877981 275.858300765 0.767467344901 0.411929513307 18.404115235 1.09972051741 0.560308764929 0.610930768061 0.605972258332 0.523723209537 0.918251106623 2.52436738098 3.9060246588 26.2530654106 0.13767400582 0.420538059177 0.293806209945
-9999.0 -9999.0 -9999.0 -9999.0 -9999.0 -9999.0 -9999.0 -9999.0 -9999.0 -9999.0 -9999.0 0.892012032823 5.6595129688 0.890143411907 0.819670907983 4.19461855829 4.94270506579 5.68602286359 6.37385027057 74.9345883445 75.5939207978 76.8599356733 86.2290582778 88.0308509277 89.0997617195 89.6815225596 100.431878108 102.072691906 102.624158102 107.576591145 110.593985453 111.081860951 113.048309232 1.33375751011 1.23018898995 0.295653113191 0.179229698695 272.039012124 277.01255207 1.02163234549 21.1280944162 20.7724300005 2.06271034859 0.494091483159 0.50699127087 0.490595482308 0.476916048386 0.954860565909 1.33480275943 0.338449624656 26.4318344114 26.6232046862 27.5022767472 27.6598206838
-9999.0 -9999.0 -9999.0 -9999.0 -9999.0 -9999.0 -9999.0 -9999.0 -9999.0 -9999.0 -9999.0 2.89899626446 3.83565431014 1.78066352308 2.63052359302 0.839285993919 9.3713947226 10.1272617132 11.6278441738 12.3863411344 5.01775460009 83.0131976609 83.7159016304 0.604692677711 0.482892027579 0.506401890753 1.03480012417 0.562254323182 0.534864318809 0.528571862116 0.4874509335 111.629135441 113.555721824 115.306356595 116.892350303 117.705691146 0.329533326761 0.0997321536918 298.812891163 21.6748501585 21.5013133377 0.425722098653 0.380427956497 0.348000240171 0.882527087796 0.85963834133 0.407838106005 0.409756070752 0.372455634634 0.705397207794 0.899704569373 0.133236033121 0.245905176499 0.106281576871
-9999.0 -9999.0 -9999.0 -9999.0 -9999.0 -9999.0 -9999.0 -9999.0 -9999.0 -9999.0 -9999.0 -9999.0 1.96092013225 0.919859351419 0.85970544405 7.85791750263 8.6240236526 0.778534760113 2.95506478076 3.68979293112 4.3764868065 0.75229523242 0.53331984665 12.4811528088 12.9188596762 13.3594260732 34.2627043565 34.6839881042 35.630030529 39.0147636631 41.5766006073 42.0162774868 0.483097322553 0.497911133832 0.400252488408 117.966558939 0.11767326164 302.128917992 301.945899981 3.00515367163 2.77971187924 1.62520718095 0.413886475252 0.678016544887 1.22166805861 1.20249970556 0.794357320861 0.395860246243 0.761470957558 0.752062406488 1.23055238109 0.300634108289 0.523275798799 0.809188815663
