data/baseflow/History/mHMbfrc415
ncols                  80
nrows                 72
xllcorner      4374000.0
yllcorner      5656000.0
cellsize            500
NODATA_value       -9999
[rows 24 to 47 of 72, columns 0 to 53 of 80]
-9999.0 -9999.0 -9999.0 -9999.0 -9999.0 -9999.0 -9999.0 -9999.0 -9999.0 -9999.0 -9999.0 -9999.0 0.58409821901 1.5773160029 2.05812610513 3.5293357868 0.428241081827 0.868704488224 1.27527205945 4.89673252172 5.16459917674 5.28088170736 5.5334639548 5.85380177314 9.67674400359 10.5662814798 10.9503101473 0.0953481498373 0.884426923835 0.957655588136 19.0190629356 19.271207223 19.37434125 19.4799469085 19.5886999316 77.5784131687 0.178784526403 165.452267683 0.131027268399 0.0432723383074 1.18651085624 1.09014846984 0.121597432241 0.61391903616 0.91506365098 0.899511007641 0.604183408162 0.984348875902 1.55050058297 0.580392879126 1.46605149076 0.0952430682052 0.13664364235 0.0145952079494
-9999.0 -9999.0 -9999.0 -9999.0 -9999.0 -9999.0 -9999.0 -9999.0 -9999.0 -9999.0 -9999.0 -9999.0 0.536157702335 1.05822457305 0.483764584392 0.987940493824 0.428223122886 3.27985663474 4.09037398648 4.51657366091 0.369234060244 0.671946544453 7.60342891638 9.16086863531 9.40729262163 0.599552696609 0.575129572273 0.768381237482 0.0593171721922 0.0512338978497 0.0945330690498 0.0684280120102 13.7405861426 13.8359477569 13.9102433983 77.8083511753 166.276733838 165.506228949 0.0633901263754 0.0301989799859 0.026792147973 0.174058649585 0.151271615378 0.671844220109 1.04603206397 2.13508574987 0.188118943978 0.186865697028 1.68022593869 1.8106432674 3.52584467205 3.59410376775 3.74714381582 3.77566068274
-9999.0 -9999.0 -9999.0 -9999.0 -9999.0 -9999.0 -9999.0 -9999.0 -9999.0 -9999.0 -9999.0 -9999.0 -9999.0 0.483373294773 0.977068185525 1.47955721492 2.38344080875 0.478359761544 0.422848182611 3.55289617988 3.92168613488 7.06286589578 7.42937151915 1.01261135963 0.335660603967 0.297815772229 0.269940442769 13.2989349398 13.4197260027 13.4915465469 13.5388618964 13.6624972011 1.24005956632 1.35066824942 15.3510170729 259.563829529 0.523473309997 0.36338938505 0.125948767308 0.0420373290744 0.0262749593247 0.226621183947 0.245232240193 0.712584072036 0.0197368250303 2.16873136427 0.261377812437 0.253194418089 0.0198373382575 0.0135036829233 0.0132602670172 0.0342666227901 0.0138525341165 3.79189290303
-9999.0 -9999.0 -9999.0 -9999.0 -9999.0 -9999.0 -9999.0 -9999.0 -9999.0 -9999.0 -9999.0 -9999.0 -9999.0 -9999.0 0.47296534399 1.08116271238 1.67274738294 2.27916640269 2.70906496612 3.15431680153 1.26232675894 2.08273814578 0.367613013325 0.353833400369 11.7618341239 12.4451650843 12.7549733713 13.0783928832 0.205849148494 0.339142140341 0.938830021438 1.0259296165 1.11890310523 0.132866667256 0.139230030156 260.073028754 0.171220533581 0.171036840285 0.0829456395446 0.226580122467 0.103930658118 0.0662395638964 1.01027382535 1.09381641652 0.0406232979436 2.22255604471 2.49943864018 0.269127722028 49.2384716302 49.2022332963 49.1703375536 49.0661725279 48.9958426317 48.2830749508
-9999.0 -9999.0 -9999.0 -9999.0 -9999.0 -9999.0 -9999.0 -9999.0 -9999.0 -9999.0 -9999.0 -9999.0 -9999.0 -9999.0 0.194676239964 0.42378649159 0.607989670166 6.54140925887 6.98011519851 0.448053120819 0.424343324249 0.411419498668 10.3217242587 11.0842822757 0.36184397371 0.376123191279 0.287958555791 1.19335744721 1.48084885784 0.631246175035 0.769106205585 7.0141077095 7.17879059737 7.57546303514 11.6124349223 271.837442162 0.179573655505 0.0682700970585 0.377718170947 0.301548309266 0.0650284440897 0.199424841488 0.262751755958 1.16400248421 1.22667851087 3.84922941566 2.53564394328 0.295105830696 50.215043784 0.457624890477 49.1350089817 49.1027070809 0.654487081613 0.0866877086236
-9999.0 -9999.0 -9999.0 -9999.0 -9999.0 -9999.0 -9999.0 -9999.0 -9999.0 -9999.0 -9999.0 -9999.0 -9999.0 -9999.0 0.999421192902 1.64335285539 3.30714529466 5.98401329461 7.61261767441 8.70594901244 9.13441041483 9.56530347998 9.97072773453 0.369415508271 0.326960948256 0.636160338054 0.595882352115 0.311750842381 6.17383553406 6.45319982421 6.70803505401 6.9366849896 3.48371560739 3.57898274688 3.83727834026 271.966301331 0.335859504056 0.190111855347 0.619237942355 0.070595264213 0.166943559711 0.0981603674738 0.0583777398897 0.33909021585 0.0498506245683 0.0520880544819 54.3487632776 50.4564566072 50.4012153714 0.193808243152 0.430100074231 0.256330178066 0.0427276729993 0.475374447895
-9999.0 -9999.0 -9999.0 -9999.0 -9999.0 -9999.0 -9999.0 -9999.0 -9999.0 -9999.0 -9999.0 -9999.0 -9999.0 -9999.0 0.702073194245 0.693863322323 1.37544810772 2.03826935758 0.541673449068 0.486253539824 0.911225651716 1.32342321913 2.08326252614 2.46864485813 2.80965977281 3.79887090648 4.10185026202 4.42808403303 0.287967669725 2.94562410552 3.15414004719 3.28897684834 0.0650684033296 0.0198328697706 0.0537126370323 275.768214613 275.891011665 276.435533365 0.827032859731 0.146241629791 0.242353160863 0.0548395057619 0.104976548137 0.392353187256 0.48468918326 0.0943975131144 54.597599129 0.0892065989725 0.108326907428 0.113613992246 0.104340730757 0.165478545061 0.0707531014118 0.356544819717
-9999.0 -9999.0 -9999.0 -9999.0 -9999.0 -9999.0 -9999.0 -9999.0 -9999.0 -9999.0 -9999.0 -9999.0 -9999.0 -9999.0 -9999.0 0.684249916839 1.33734920698 0.610193767964 1.23678189175 7.60550801671 8.0711809374 8.47525118011 0.379146262171 0.383839521331 0.72376961895 1.06483260374 1.65032965117 1.95239886383 2.11771242095 2.38347471282 0.207619961064 0.156690341473 3.42642158577 3.4496732473 3.52179354477 3.61831739733 3.09625935309 279.944133736 281.349633363 281.425090705 281.7359621 282.024537063 282.191932879 0.0473177105962 0.528424841385 54.6458672548 0.102439695745 0.0524180753695 0.0826389239426 0.0855362531884 0.138543338644 0.0933265904253 0.0537825027936 0.0781178750844
-9999.0 -9999.0 -9999.0 -9999.0 -9999.0 -9999.0 -9999.0 -9999.0 -9999.0 -9999.0 -9999.0 -9999.0 -9999.0 -9999.0 -9999.0 -9999.0 1.98571315818 2.61746789388 4.50904478488 5.76701060548 0.611576445629 9.54751613508 9.92198010371 10.2804779991 0.35171330424 0.688014734177 0.295215434183 2.26817185332 2.4154316208 2.65036929152 2.88021986352 3.35470691409 3.38886631082 0.0269926946757 2.67437277378 2.879783471 3.00081083537 3.38586998241 0.467621751626 0.282191013371 0.148712378855 0.141580370451 282.366011514 282.445292193 283.338651444 54.693230402 0.315425580955 0.173049426116 0.123438464079 0.0325020727147 0.333055008666 0.153153415016 0.047868988009 0.250148577519
-9999.0 -9999.0 -9999.0 -9999.0 -9999.0 -9999.0 -9999.0 -9999.0 -9999.0 -9999.0 -9999.0 -9999.0 -9999.0 -9999.0 -9999.0 -9999.0 0.672899573346 3.26691041557 3.91529158612 0.62416885956 0.419607560399 0.84135624035 1.23078196217 11.8896780854 0.349876847615 1.40375559908 1.7137818353 2.0125040734 0.155234855527 0.369962132244 0.445726178658 2.16830291882 2.3473482484 2.44559428127 0.101486476784 0.0881750347452 0.0898897280089 0.165279906312 0.0648899582707 0.0685637218782 0.107262817085 0.0954539142594 0.107577923433 0.305285947729 283.424360116 338.317179903 0.385791209452 0.0791066417621 0.0369216158754 0.95455076239 0.88282543472 0.495290996003 0.437866598201 0.316604948259
-9999.0 -9999.0 -9999.0 -9999.0 -9999.0 -9999.0 -9999.0 -9999.0 -9999.0 -9999.0 -9999.0 -9999.0 -9999.0 -9999.0 -9999.0 0.62988208954 1.91669410055 0.619715889976 0.552265987125 0.467407246546 0.890045548052 1.29556213434 1.72993565285 14.1529439187 14.4852935253 0.341903848534 0.649418230464 0.961697449661 1.15805817195 1.33823815704 1.83165441966 2.06826161125 0.0479774306866 0.087659474003 0.0902801120989 0.107603538186 0.110576649478 0.116412470076 0.100179398598 0.129490419932 0.429203445257 0.20468590073 0.0999722937504 0.0995112529483 0.0669969390581 0.123002864806 341.773223375 2.98822017289 1.26252131924 0.205860027775 0.107696923315 0.0553023700826 0.153699484819 0.0917353332275
-9999.0 -9999.0 -9999.0 -9999.0 -9999.0 -9999.0 -9999.0 -9999.0 -9999.0 -9999.0 -9999.0 -9999.0 -9999.0 -9999.0 0.667987870829 1.27808609774 4.44002657811 0.605483232315 1.15468772265 1.60664912371 2.02467380776 0.435913832396 0.812106399296 1.31337148854 16.2872247477 0.322063463638 0.608725217422 0.900887686852 0.258983733386 0.50164523632 0.544124037818 0.73098650085 25.4193746923 25.6133661645 25.8078120526 26.664830358 26.9935813998 27.6408440248 0.158963256458 0.369221285191 0.512422748876 29.5830962419 29.7463851682 0.0906049896635 0.136499444454 0.181536258695 341.887363204 2.85212825984 1.30628504515 1.17052218136 1.05073835892 0.942808015911 0.202226985663 0.0559275808907
-9999.0 -9999.0 -9999.0 -9999.0 -9999.0 -9999.0 -9999.0 -9999.0 -9999.0 -9999.0 -9999.0 -9999.0 -9999.0 -9999.0 0.667166355571 2.02643937957 7.12839453513 10.5816687257 0.56254169686 13.7510727042 16.3405988487 0.402058192221 0.770306530279 1.23513215006 19.9091904185 20.3164367885 0.239513571293 1.38201865861 1.59814913185 1.76831648994 24.1986904404 24.4138137486 24.6239210316 0.1105225165 0.619971978552 0.735722530037 0.308346826045 0.434387914075 28.2585075508 28.8186294034 28.9179451453 29.011400753 29.8590010199 0.054611276468 0.048549787697 0.274434217007 341.988714043 0.134231624249 0.00154065220983 0.00418414418669 0.00169680519542 0.786311454032 0.762729093807 0.463277936982
-9999.0 -9999.0 -9999.0 -9999.0 -9999.0 -9999.0 -9999.0 -9999.0 -9999.0 -9999.0 -9999.0 -9999.0 -9999.0 -9999.0 -9999.0 -9999.0 1.40308601929 2.82542928333 12.5231498564 13.1889712827 16.9414792181 17.5214883858 0.393760407465 0.787647726193 1.89612966621 20.7836293558 21.3145591244 21.5160050052 0.159211949839 22.159432723 22.3592592787 0.144964195479 0.112155595851 0.212861476988 0.41524078967 0.101009162538 0.199749589598 0.429965355995 0.533950374565 0.104501451737 0.0726616979001 0.142529797426 30.3882609446 30.5533708078 30.5962335504 30.9940706594 342.075483729 0.121582017539 0.000737527880428 0.000871065775936 0.000813193949675 0.000861203148488 0.00068430919639 0.0011944926492
-9999.0 -9999.0 -9999.0 -9999.0 -9999.0 -9999.0 -9999.0 -9999.0 -9999.0 -9999.0 -9999.0 -9999.0 -9999.0 -9999.0 -9999.0 -9999.0 0.729825826251 0.717674943863 0.691011484501 1.31142677004 0.577467853959 18.6775145215 19.2096622567 0.396387908306 0.745161574361 0.313816993828 0.248204144218 0.239460596212 21.8740434277 0.0531507293885 0.104999507548 0.0970819549601 0.113810299729 0.101793220165 0.0793520223779 0.0826349431007 0.252284110935 0.345887918846 0.0684091823371 0.062053938088 0.133934466697 0.222002227109 0.292444663738 0.0832858263378 30.6664070359 31.039339546 342.148456091 0.261960408807 0.0041965290085 0.000303119316885 0.00102094987996 0.000217911404355 0.000156111840651 0.00138111692127
-9999.0 -9999.0 -9999.0 -9999.0 -9999.0 -9999.0 -9999.0 -9999.0 -9999.0 -9999.0 -9999.0 -9999.0 -9999.0 -9999.0 -9999.0 -9999.0 -9999.0 -9999.0 0.709356586869 1.96346778793 2.53622398737 3.1059201401 19.764709664 20.313379676 20.8290409444 21.2816678759 21.5139781352 21.9954087055 22.0563782206 22.1008624492 22.1631974226 0.0997274432943 0.0925274213147 0.0981785127082 0.347218763831 0.0921821179824 0.0874743419969 0.0688710856353 0.201715666322 0.0811575746319 0.0639279736269 0.0593832139041 0.0533061348976 0.106386530841 0.151487457911 31.34456669 373.821976666 0.132584218371 0.211284174634 0.00019590656452 0.00132042289111 0.000644978205876 0.000315596966573 0.525588149682
-9999.0 -9999.0 -9999.0 -9999.0 -9999.0 -9999.0 -9999.0 -9999.0 -9999.0 -9999.0 -9999.0 -9999.0 -9999.0 -9999.0 -9999.0 -9999.0 -9999.0 -9999.0 -9999.0 0.612582404976 4.71258300674 9.099433703 9.66531191194 0.566598906594 0.963780816795 1.31357301955 1.57872029897 3.40345453565 3.50297002851 0.0986095411987 0.0942232940549 22.3726845234 22.5543247366 22.6371153547 0.411547284623 0.0595102903785 0.146706093399 0.215552536078 0.648732061207 0.800089568543 0.921846673044 0.111669881928 0.155313575359 0.0524913831158 0.10445697617 0.0538623476533 373.93155093 0.0993818018513 0.416070184311 0.0715070007146 0.0972668194111 0.526265115578 0.57262294721 1.15168633425
-9999.0 -9999.0 -9999.0 -9999.0 -9999.0 -9999.0 -9999.0 -9999.0 -9999.0 -9999.0 -9999.0 -9999.0 -9999.0 -9999.0 -9999.0 -9999.0 -9999.0 -9999.0 0.664789018796 2.09490069155 4.11369963737 5.39104482766 13.5299152167 14.1013887112 0.731121152448 1.08016546362 1.36525146838 1.61537027397 3.57330024682 3.76091243065 6.18344389823 6.36358635388 6.45856350763 22.7206361913 23.3456059702 0.142332634019 0.0932745486781 0.0886273344672 0.169514659729 0.0781167882336 1.07469723503 1.13240659058 0.2049368771 0.268282974635 0.0599315390712 103.609205459 103.723185159 477.735990956 478.289175314 0.119591929986 0.354396159928 0.143578858974 0.0950488656402 1.28558787098
-9999.0 -9999.0 -9999.0 -9999.0 -9999.0 -9999.0 -9999.0 -9999.0 -9999.0 -9999.0 -9999.0 -9999.0 -9999.0 -9999.0 -9999.0 -9999.0 -9999.0 -9999.0 -9999.0 0.739719095464 0.718706148641 1.37405586483 3.27443925712 14.6935102343 0.375610485779 0.371592456408 0.657269607444 0.947178337366 2.07912933656 2.17272114313 0.0655994752035 0.119700157084 6.57411758763 6.66178392316 30.0928602995 30.1694563945 0.0518040471457 0.0460234253538 0.0387683181731 0.0391461695941 0.0427068760127 102.486838109 102.845509421 103.182993887 103.309056432 103.546655236 0.0613533767229 0.225942241698 0.271886883351 478.696183833 478.767668904 478.883162183 478.956906787 479.019905659
-9999.0 -9999.0 -9999.0 -9999.0 -9999.0 -9999.0 -9999.0 -9999.0 -9999.0 -9999.0 -9999.0 -9999.0 -9999.0 -9999.0 -9999.0 -9999.0 -9999.0 -9999.0 -9999.0 -9999.0 0.671449659414 0.696251308805 1.29973330466 17.2322244669 17.7721467155 0.364490754913 0.649982570554 0.946781978228 1.05883755462 0.0834367694294 0.213234034288 32.9012183037 32.9935779207 33.0938261445 33.8180304892 64.0768303972 100.322725755 100.448497017 100.562673474 100.672582017 101.142781918 101.296445819 0.29384083408 0.132950471181 0.079531315702 0.149807578067 0.112585451803 0.17830316034 0.0557886848375 1.24906827741 1.4578816474 1.66750541356 1.68815816831 479.06568354
-9999.0 -9999.0 -9999.0 -9999.0 -9999.0 -9999.0 -9999.0 -9999.0 -9999.0 -9999.0 -9999.0 -9999.0 -9999.0 -9999.0 -9999.0 -9999.0 -9999.0 -9999.0 -9999.0 -9999.0 -9999.0 0.680934894117 1.30618053357 1.93418508034 18.2942620535 0.429105703959 24.2160475821 24.5241871474 24.6077406514 24.7466407259 32.3741612806 32.5413841323 0.101923534585 0.533333236851 0.643370988732 0.10095456953 36.1216537122 35.936671287 0.0578993806101 0.136353961414 0.370515636116 0.0822313021849 0.088925567444 0.0677277581844 0.0583825666958 0.0450820287691 0.0534781739005 1.07384211891 1.12974286697 1.19731285599 0.158538315964 0.159018929382 1.78712044611 1.82358345977
-9999.0 -9999.0 -9999.0 -9999.0 -9999.0 -9999.0 -9999.0 -9999.0 -9999.0 -9999.0 -9999.0 -9999.0 -9999.0 -9999.0 -9999.0 -9999.0 -9999.0 -9999.0 -9999.0 -9999.0 -9999.0 0.631428562703 0.59167433016 3.0470809185 22.4957315764 23.4856248141 23.9316144096 0.281649229574 7.4182902471 7.47538274703 7.51309424986 0.141355533547 0.253569299938 0.351210536773 8.14331806326 8.22213967442 8.29043552559 35.8113907028 23.3394337272 0.0761210421954 0.0801538260614 0.0761092651725 0.0608412610221 0.640222483076 0.772310711004 0.887803208503 0.953016769586 1.01581745631 7.24023527915 7.28616985807 7.34576060307 7.4926163793 8.08974301228 8.11055950625
-9999.0 -9999.0 -9999.0 -9999.0 -9999.0 -9999.0 -9999.0 -9999.0 -9999.0 -9999.0 -9999.0 -9999.0 -9999.0 -9999.0 -9999.0 -9999.0 -9999.0 -9999.0 -9999.0 -9999.0 -9999.0 -9999.0 1.23062649805 1.86527085773 0.591131506409 0.376734260607 6.55388636117 6.84506917175 7.01456172746 1.75207972134 1.79723809211 1.86360961379 1.96523982275 7.96634761475 8.07481742306 3.9465827365 12.3239189285 12.4045555132 23.2791000292 0.161246232707 0.0822974932496 0.0578688403985 0.442454149018 0.519459263661 0.048080818466 0.0449638527835 7.02040606322 7.13718232356 7.19734938162 0.0726906831771 0.106438313668 7.99782591493 0.0545112068184 0.161849731647
-9999.0 -9999.0 -9999.0 -9999.0 -9999.0 -9999.0 -9999.0 -9999.0 -9999.0 -9999.0 -9999.0 -9999.0 -9999.0 -9999.0 -9999.0 -9999.0 -9999.0 -9999.0 -9999.0 -9999.0 -9999.0 -9999.0 0.612592466438 1.21237077531 4.85905119062 5.43325314772 5.8561549279 1.49562756038 1.70521673165 0.0510536371281 5.79826635667 5.84310959096 5.89729557181 0.0867737374618 3.74519438777 3.85759689915 0.0841825550277 22.8617696474 0.17938259091 0.089158024026 0.240209357952 0.32280035001 0.0632563381144 0.0511019251681 6.43536489376 6.91277907651 6.98368685809 0.0696755490805 0.152662329627 0.193519327199 0.234915967386 0.458041860457 0.0593058034139 0.133673763592
