data/baseflow/History/mHMbfrc382
ncols                  80
nrows                 72
xllcorner      4374000.0
yllcorner      5656000.0
cellsize            500
NODATA_value       -9999
[rows 24 to 47 of 72, columns 0 to 53 of 80]
-9999.0 -9999.0 -9999.0 -9999.0 -9999.0 -9999.0 -9999.0 -9999.0 -9999.0 -9999.0 -9999.0 -9999.0 0.979531026984 2.66389274494 3.46297463606 5.87442693368 0.68997069719 1.40197266435 2.06507809073 8.07167131819 8.61359417561 9.06349411354 9.55713114772 10.1492047925 15.9546607406 17.6055334614 18.4876279813 0.350937688106 1.99763177898 2.34109623556 34.6085577474 35.7923183667 36.3446199142 36.9199484575 37.3387795685 139.076220416 0.263326057923 275.256451421 0.401018579862 0.187008734274 1.93783338317 1.68694996392 0.228935196211 0.898830174355 1.34107667327 1.31778777854 0.899785035888 1.47564578048 2.33422949927 0.873296895376 2.24012819831 0.176817571847 0.297815751646 0.0573350952491
-9999.0 -9999.0 -9999.0 -9999.0 -9999.0 -9999.0 -9999.0 -9999.0 -9999.0 -9999.0 -9999.0 -9999.0 0.897981722088 1.77650850435 0.817110753746 1.62920191648 0.696726512591 5.42819854554 6.7511595204 7.43884432444 0.629375941424 1.20485555512 12.1005054721 14.9589281451 15.4645040714 1.1197743005 1.00477052413 1.43246579972 0.288202572948 0.253558295554 0.471248704094 0.200726123946 19.2005020492 19.4052771603 19.5707105315 139.371716556 276.916274029 275.43750949 0.292967804096 0.147848387458 0.126874470805 0.475845406105 0.37242699668 1.0918529454 1.57174841795 3.1754287663 0.283126102276 0.280462620081 2.56039815883 2.79719135357 5.46533804434 5.60332709905 5.96539895666 6.0729123834
-9999.0 -9999.0 -9999.0 -9999.0 -9999.0 -9999.0 -9999.0 -9999.0 -9999.0 -9999.0 -9999.0 -9999.0 -9999.0 0.83062709464 1.66556852453 2.51050780822 3.97389101534 0.761522368606 0.681332212518 5.14989724737 5.77092858024 10.9970299001 11.6518150035 1.83514987623 0.585354506205 0.526442575242 0.47804945688 17.7774042194 18.0757017488 18.3620389657 18.5932571089 19.0077232449 2.67679147523 2.88667117289 22.6363601531 439.061395889 1.15697450936 0.931224725239 0.455252816649 0.118823968798 0.0985835772576 0.727490669295 0.80492527572 1.27323976656 0.0879162516026 3.2880361326 0.44679370643 0.435325460272 0.0788852937707 0.0525103515199 0.0473581952177 0.0539139693846 0.0508290718581 6.15169189914
-9999.0 -9999.0 -9999.0 -9999.0 -9999.0 -9999.0 -9999.0 -9999.0 -9999.0 -9999.0 -9999.0 -9999.0 -9999.0 -9999.0 0.788649274036 1.59332992905 2.3416102782 3.1083045631 3.7911948468 4.49872985219 2.01342788874 3.36665777064 0.637274983805 0.601509613206 15.1870575512 16.3034769681 16.8130321424 17.3703651753 0.39272779734 0.687695978511 1.87165371508 2.18615375141 2.45095451996 0.250963215393 0.252780401373 439.759995896 0.23180552234 0.31028428988 0.145877163938 0.483820410129 0.228817311639 0.122119561835 2.20013880399 2.326789102 0.0679528014037 3.37338732459 3.87604475474 0.503981923704 89.2158119469 89.0869236773 88.9731106827 88.7284492951 88.625456747 86.6828277804
-9999.0 -9999.0 -9999.0 -9999.0 -9999.0 -9999.0 -9999.0 -9999.0 -9999.0 -9999.0 -9999.0 -9999.0 -9999.0 -9999.0 0.208361200793 0.472837185902 0.754796281263 7.24150746383 7.93324307703 0.706111999649 0.672933730885 0.669855912003 12.7888563506 14.0699371824 0.614110983899 0.619242609062 0.468059470732 1.97894478025 2.46182031555 1.18649403886 1.54171190774 11.6314458476 11.945806192 12.563264448 19.6092154721 459.537273584 0.231652640107 0.118233934707 0.737076178522 0.610544053358 0.105902477439 0.342625181838 0.446413069223 2.44880585004 2.54846732285 6.6275453358 3.93665062271 0.574784068558 91.0503809506 0.816938767811 88.8695235023 88.8045743588 1.83920006141 0.128191950228
-9999.0 -9999.0 -9999.0 -9999.0 -9999.0 -9999.0 -9999.0 -9999.0 -9999.0 -9999.0 -9999.0 -9999.0 -9999.0 -9999.0 1.08438020027 1.7706558077 3.65005085912 6.46900850417 8.66590892968 10.2008795134 10.8665122234 11.547423064 12.2034324094 0.62417935112 0.552900040937 1.07713083642 0.986364838407 0.524688261177 10.1030910524 10.5679544832 10.9919532846 11.400148413 6.1000640929 6.32800701781 6.72430385761 459.682305484 0.413788241339 0.326623293603 1.15746651553 0.114912579931 0.24597830836 0.139948108144 0.0932138319302 0.555823836356 0.0731760839713 0.0792912984056 98.1518296665 91.4682112378 91.3865574227 0.359718736557 0.761631751681 0.464759659364 0.0909665482613 1.59267787316
-9999.0 -9999.0 -9999.0 -9999.0 -9999.0 -9999.0 -9999.0 -9999.0 -9999.0 -9999.0 -9999.0 -9999.0 -9999.0 -9999.0 0.76163191566 0.718407229453 1.40932454706 2.13223202148 0.775263249925 0.789199878773 1.47530985553 2.1446341833 3.4075849556 4.02654881451 4.55200721703 6.18102933657 6.66057769035 7.2082900356 0.471732396276 4.82470494244 5.20370121366 5.5467819662 0.272727801914 0.217697098435 0.338618139753 466.635087554 466.767166656 467.435019759 1.48548244121 0.236201650012 0.358004453736 0.0864025329488 0.162916188151 0.633917603189 0.768188579986 0.13960233517 98.5344041047 0.138871855167 0.196677495951 0.211782462011 0.176898755225 0.297628475868 0.121029120447 1.11541514779
-9999.0 -9999.0 -9999.0 -9999.0 -9999.0 -9999.0 -9999.0 -9999.0 -9999.0 -9999.0 -9999.0 -9999.0 -9999.0 -9999.0 -9999.0 0.68554368847 1.35321737622 0.651748960604 1.34103471646 8.29012236045 8.94034605792 9.57366390171 0.626407762656 0.626554768715 1.15019467323 1.6974110112 2.61390658249 3.10941343412 3.45747192878 3.90336288236 0.344401093938 0.300075472323 5.96205333311 6.19073963831 6.3231272514 6.46645254712 5.44138383219 473.464284749 475.769051327 475.86756023 476.302715535 476.72338301 476.959695044 0.0658952124968 0.828422828434 98.5974685718 0.145903099135 0.0755287724209 0.1062633158 0.105183099122 0.170790669011 0.137976566806 0.0852858922645 0.148230570484
-9999.0 -9999.0 -9999.0 -9999.0 -9999.0 -9999.0 -9999.0 -9999.0 -9999.0 -9999.0 -9999.0 -9999.0 -9999.0 -9999.0 -9999.0 -9999.0 2.00867490375 2.69541031291 4.75164666263 6.23816040341 0.772729917792 11.0564597731 11.653997956 12.2034120782 0.532451078425 1.03823328303 0.442754582993 3.47482859901 3.78328129587 4.2182625236 4.59743041985 5.54904232702 5.75623665957 0.131707901128 4.8754636973 5.16166728284 5.30883150976 5.88953186434 0.691411327559 0.420754540682 0.240651459533 0.226164455162 477.20807908 477.318669124 478.717935404 98.6584327074 0.433600569802 0.236940572449 0.162909180334 0.0417818494547 0.466100443061 0.238098529703 0.070762096924 0.409389282923
-9999.0 -9999.0 -9999.0 -9999.0 -9999.0 -9999.0 -9999.0 -9999.0 -9999.0 -9999.0 -9999.0 -9999.0 -9999.0 -9999.0 -9999.0 -9999.0 0.71766275906 3.38686778682 4.10491325513 0.797695385899 0.652709686434 1.34486431763 1.97135322328 14.745663114 0.524922477433 2.11845269184 2.58400156423 3.04470294438 0.315373192646 0.716889636463 0.974365908832 3.8678687229 4.30312128745 4.45431061844 0.154556609555 0.135060663968 0.156759937636 0.293437212536 0.122901189344 0.12294772264 0.174033187321 0.145489268341 0.177604842237 0.50196986951 478.847489402 577.797256182 0.536545395055 0.103672446423 0.0448659391986 1.43875248233 1.34342902101 0.797906557379 0.714917731722 0.527026587612
-9999.0 -9999.0 -9999.0 -9999.0 -9999.0 -9999.0 -9999.0 -9999.0 -9999.0 -9999.0 -9999.0 -9999.0 -9999.0 -9999.0 -9999.0 0.614694530684 1.98785749599 0.655508387172 0.768469007379 0.713235586722 1.36138369763 2.00027123587 2.60946948398 17.9698119871 18.4543064163 0.502737132242 0.955135085851 1.41398998598 1.79527131798 2.1584175188 3.37032989333 3.69570744578 0.237398158501 0.198798380339 0.162656571707 0.183586505028 0.172755902764 0.19220785211 0.158815041562 0.219790841169 0.657876267915 0.321588746414 0.143777919342 0.139036234013 0.10635171587 0.191035804708 582.49528001 4.07643331225 1.75316719625 0.189150967205 0.0832214815629 0.0565049316909 0.183285331983 0.120256297504
-9999.0 -9999.0 -9999.0 -9999.0 -9999.0 -9999.0 -9999.0 -9999.0 -9999.0 -9999.0 -9999.0 -9999.0 -9999.0 -9999.0 0.652364250477 1.2482884387 4.50295243679 0.63945125822 1.5396792909 2.22665887341 2.85425028979 0.659541174146 1.21742314717 1.85680106899 20.8785729837 0.466044921847 0.881341486581 1.31174134094 0.405809547061 0.795436337201 1.00764440308 1.27904227997 35.2642182549 35.6526109213 35.9958661421 37.6002219534 38.1316054965 39.2984272652 0.25157457926 0.606018513888 0.788807106583 42.6625280448 42.9008657583 0.123525783291 0.188628193842 0.251264595838 582.615947053 3.8854648844 1.87400420058 1.76641942983 1.39232613075 1.20196946203 0.242451905254 0.0626468982372
-9999.0 -9999.0 -9999.0 -9999.0 -9999.0 -9999.0 -9999.0 -9999.0 -9999.0 -9999.0 -9999.0 -9999.0 -9999.0 -9999.0 0.651431504036 1.98543175787 7.13719005829 10.5269735786 0.571659196822 13.7964676471 17.2735010791 0.587828066872 1.11800180263 1.72312019041 25.8275281902 26.3381686225 0.370819159929 2.06336868935 2.41132926328 2.70930358782 32.743119687 33.3906507203 33.8223998318 0.211047369535 1.14772310057 1.37064710033 0.590298654127 0.835289703841 40.4384940828 41.4094508289 41.5997368932 41.7774887907 43.0835776582 0.0882713314707 0.0742418960993 0.386813892217 582.727667327 0.148724380036 0.0955692325185 0.288393203999 0.116454712249 1.07281842465 0.884488918454 0.529186605844
-9999.0 -9999.0 -9999.0 -9999.0 -9999.0 -9999.0 -9999.0 -9999.0 -9999.0 -9999.0 -9999.0 -9999.0 -9999.0 -9999.0 -9999.0 -9999.0 1.38005128323 2.77817314262 12.4775766019 13.1730510595 17.8870476443 18.5261680411 0.580608554146 1.16170929339 2.69737379911 26.892860414 27.7192980592 28.0445537879 0.263285145743 29.1631544044 29.8096133907 0.427160871803 0.214508867027 0.387914605044 0.765468575227 0.192108022765 0.379466180318 0.782119913827 0.982764540861 0.201591433836 0.123416789887 0.240353494781 43.979017837 44.2464364693 44.3069661469 44.888978635 582.81954582 0.0906446466958 0.0562106671403 0.0743845869575 0.0708748397998 0.0737475182947 0.0602308257951 0.109142495862
-9999.0 -9999.0 -9999.0 -9999.0 -9999.0 -9999.0 -9999.0 -9999.0 -9999.0 -9999.0 -9999.0 -9999.0 -9999.0 -9999.0 -9999.0 -9999.0 0.720553271438 0.70559135349 0.693587587581 1.37834012515 0.606968266632 19.7352405305 20.3105358425 0.532627026066 1.03260243237 0.488139395211 0.403772050205 0.388315767326 28.6711519985 0.207097439541 0.436468429388 0.220570360837 0.202778818374 0.186418219493 0.140011104894 0.147359555534 0.453485341556 0.626878849984 0.116309086911 0.100645600676 0.223172805336 0.385129199326 0.499008580849 0.136336785724 44.4244049438 44.953143173 582.879732967 0.316121098244 0.142219283289 0.0352102743116 0.0970863106673 0.0270864064904 0.0197540915722 0.131481375896
-9999.0 -9999.0 -9999.0 -9999.0 -9999.0 -9999.0 -9999.0 -9999.0 -9999.0 -9999.0 -9999.0 -9999.0 -9999.0 -9999.0 -9999.0 -9999.0 -9999.0 -9999.0 0.697378416898 2.01992017714 2.5854035836 3.1762587167 20.8884678855 21.4594228976 22.0158224898 22.5873192054 22.9606091332 23.7389305322 23.9295778846 24.1206987973 24.2741867228 0.16801470166 0.155372081786 0.171651447956 0.616826607995 0.169251510859 0.159189829169 0.117160108132 0.341422638845 0.144975889541 0.10439674111 0.09449987775 0.0778656561293 0.155254479102 0.221937784639 45.405046068 628.663358371 0.0774033034353 0.155052368055 0.0259595087344 0.126440842521 0.0592576383133 0.0397746265664 0.571721680381
-9999.0 -9999.0 -9999.0 -9999.0 -9999.0 -9999.0 -9999.0 -9999.0 -9999.0 -9999.0 -9999.0 -9999.0 -9999.0 -9999.0 -9999.0 -9999.0 -9999.0 -9999.0 -9999.0 0.586081300157 4.60460406434 9.03489144619 9.64324371752 0.701044607567 1.23310096281 1.71864825068 2.11069230071 4.77571595478 4.947645045 0.167385782832 0.164625414399 24.619478139 24.9213930269 25.0582048884 0.724736412993 0.102003230178 0.268176257322 0.389248406338 1.16077899999 1.42690348322 1.6234804535 0.175142441613 0.238498629239 0.0803295391221 0.159701057951 0.0833576217605 628.805628256 0.065582239808 0.278414244248 0.0951379472314 0.250894749843 0.58789577666 0.660247852903 1.26641898984
-9999.0 -9999.0 -9999.0 -9999.0 -9999.0 -9999.0 -9999.0 -9999.0 -9999.0 -9999.0 -9999.0 -9999.0 -9999.0 -9999.0 -9999.0 -9999.0 -9999.0 -9999.0 0.64758686162 2.05667202701 4.03072926431 5.26797473036 13.4421550174 14.0918064287 1.01969756202 1.51395198597 1.93643393817 2.32729643298 5.11727562473 5.45257920288 9.3999506492 9.7457287592 9.90162108936 25.2059614805 26.3240602781 0.26137677239 0.180677591368 0.170904858927 0.325953428486 0.146540046672 1.90058368366 1.99246464016 0.312886489684 0.399135058442 0.0800171487389 132.354633186 132.529494081 761.435362932 761.813806181 0.0677902565187 0.399903321927 0.0962881358522 0.0775114160053 1.39825540995
-9999.0 -9999.0 -9999.0 -9999.0 -9999.0 -9999.0 -9999.0 -9999.0 -9999.0 -9999.0 -9999.0 -9999.0 -9999.0 -9999.0 -9999.0 -9999.0 -9999.0 -9999.0 -9999.0 0.733477562857 0.714823301937 1.35668997814 3.21939355296 14.6818893795 0.523039817751 0.515192773909 0.918628036163 1.34368165511 3.16527130437 3.39537664337 0.238891212939 0.242333952509 10.1119060329 10.2781330231 36.746647239 36.8744987531 0.0860940816656 0.0730098849332 0.0576472551384 0.0583691144639 0.064024020531 130.601103513 131.192537179 131.690200751 131.868024652 132.273485088 0.0979395450675 0.349322057065 0.41389104507 762.382111754 762.422313926 762.520298081 762.5943662 762.670453228
-9999.0 -9999.0 -9999.0 -9999.0 -9999.0 -9999.0 -9999.0 -9999.0 -9999.0 -9999.0 -9999.0 -9999.0 -9999.0 -9999.0 -9999.0 -9999.0 -9999.0 -9999.0 -9999.0 -9999.0 0.659649877057 0.688153776694 1.2771476591 17.1775204235 17.7589483345 0.501074123938 0.903171980075 1.34051533 1.63257582244 0.246316362976 0.466900186034 35.3519377451 35.5183141143 35.6900973029 36.9873061687 74.0138651195 126.881480619 127.096314679 127.287851811 127.46718793 128.254673814 128.519426854 0.499649173705 0.21659821186 0.139826622694 0.257461291287 0.172245312163 0.279991216233 0.0858526356846 1.98814392431 2.22032624746 2.40603834967 2.42923610043 762.699117167
-9999.0 -9999.0 -9999.0 -9999.0 -9999.0 -9999.0 -9999.0 -9999.0 -9999.0 -9999.0 -9999.0 -9999.0 -9999.0 -9999.0 -9999.0 -9999.0 -9999.0 -9999.0 -9999.0 -9999.0 -9999.0 0.673191523495 1.28701762765 1.90421515737 18.265193449 0.50886180544 24.4499915469 24.8953876399 25.1306102557 25.3623796626 34.4005040719 34.6594271674 0.190713032904 0.959367845514 1.16169802965 0.190617898457 52.653887054 52.3161689623 0.0951877347832 0.229578683927 0.634750099643 0.144944533191 0.159968397058 0.109432361777 0.088878197176 0.0634223714437 0.0791188302419 1.71841926863 1.80321961163 1.91307220341 0.169362541615 0.134485844511 2.50047727835 2.54092567316
-9999.0 -9999.0 -9999.0 -9999.0 -9999.0 -9999.0 -9999.0 -9999.0 -9999.0 -9999.0 -9999.0 -9999.0 -9999.0 -9999.0 -9999.0 -9999.0 -9999.0 -9999.0 -9999.0 -9999.0 -9999.0 0.618852559647 0.576644628998 2.98666538089 22.4252465857 23.515219704 24.0604792039 0.426916490721 8.39972476255 8.65029506884 8.81802094572 0.241730906201 0.44957828944 0.634028437413 12.1212347396 12.2573776322 12.3720098808 52.1073835396 32.5841863878 0.131445507635 0.139183229555 0.131018634909 0.0966513870363 1.03852782995 1.24995447972 1.42835605789 1.53198867594 1.63028421459 12.0168000181 12.0817214014 12.1704230849 12.3847787942 13.1845874124 13.207519728
-9999.0 -9999.0 -9999.0 -9999.0 -9999.0 -9999.0 -9999.0 -9999.0 -9999.0 -9999.0 -9999.0 -9999.0 -9999.0 -9999.0 -9999.0 -9999.0 -9999.0 -9999.0 -9999.0 -9999.0 -9999.0 -9999.0 1.20582966955 1.8342366534 0.625876969824 0.504216412929 7.00427542238 7.44442061534 7.72932623276 2.51711461854 2.6969680816 2.88902625569 3.06857124118 11.8060257968 12.0025059462 6.74212379545 19.2672562114 19.407694797 32.4831526188 0.274873410273 0.13983509684 0.0879244549427 0.719915480242 0.847940734871 0.0681190545657 0.0621433435861 11.6926582571 11.8682709272 11.9560350202 0.105815198268 0.156489838806 13.0753457248 0.0746243408989 0.197626949758
-9999.0 -9999.0 -9999.0 -9999.0 -9999.0 -9999.0 -9999.0 -9999.0 -9999.0 -9999.0 -9999.0 -9999.0 -9999.0 -9999.0 -9999.0 -9999.0 -9999.0 -9999.0 -9999.0 -9999.0 -9999.0 -9999.0 0.600816355565 1.18964784132 4.91485593724 5.54028328528 6.07087527788 1.99262931993 2.33312025067 0.206359723566 8.19764454532 8.37793641835 8.55116445773 0.179118038278 6.38261224121 6.58771497491 0.145827929342 31.7591901971 0.317106478215 0.156670549484 0.396205359055 0.536654139639 0.0984278120569 0.0742089503986 10.7901842096 11.5339511617 11.6446322105 0.111241235906 0.217034877843 0.268746749607 0.31394109097 0.626479453435 0.0700120368188 0.164634703195
