data/baseflow/History/mHMbfrc543
ncols                  80
nrows                 72
xllcorner      4374000.0
yllcorner      5656000.0
cellsize            500
NODATA_value       -9999
[rows 0 to 23 of 72, columns 0 to 54 of 80]
-9999.0 -9999.0 -9999.0 -9999.0 -9999.0 -9999.0 -9999.0 -9999.0 -9999.0 -9999.0 -9999.0 -9999.0 1.56237945232 1.10382435171 -9999.0 -9999.0 -9999.0 -9999.0 -9999.0 -9999.0 -9999.0 -9999.0 -9999.0 -9999.0 -9999.0 -9999.0 -9999.0 -9999.0 -9999.0 -9999.0 -9999.0 -9999.0 -9999.0 -9999.0 -9999.0 -9999.0 -9999.0 -9999.0 -9999.0 -9999.0 -9999.0 -9999.0 -9999.0 -9999.0 -9999.0 -9999.0 -9999.0 -9999.0 -9999.0 -9999.0 -9999.0 -9999.0 -9999.0 -9999.0 -9999.0
-9999.0 -9999.0 -9999.0 -9999.0 -9999.0 -9999.0 -9999.0 -9999.0 -9999.0 -9999.0 -9999.0 -9999.0 3.1661046385 6.48761891096 0.948721038847 -9999.0 0.730859782503 -9999.0 -9999.0 -9999.0 -9999.0 -9999.0 -9999.0 -9999.0 -9999.0 -9999.0 -9999.0 -9999.0 -9999.0 -9999.0 -9999.0 -9999.0 -9999.0 -9999.0 -9999.0 -9999.0 -9999.0 -9999.0 -9999.0 -9999.0 -9999.0 -9999.0 -9999.0 -9999.0 -9999.0 -9999.0 -9999.0 -9999.0 -9999.0 -9999.0 -9999.0 -9999.0 -9999.0 -9999.0 -9999.0
-9999.0 -9999.0 -9999.0 -9999.0 -9999.0 -9999.0 -9999.0 -9999.0 -9999.0 -9999.0 1.59448132733 1.5381210044 1.5816425368 1.51686297809 9.42328913985 10.4998922117 2.05021071013 0.64794679844 -9999.0 -9999.0 -9999.0 -9999.0 -9999.0 -9999.0 -9999.0 -9999.0 -9999.0 -9999.0 -9999.0 -9999.0 -9999.0 -9999.0 -9999.0 -9999.0 -9999.0 -9999.0 -9999.0 -9999.0 -9999.0 -9999.0 -9999.0 -9999.0 -9999.0 -9999.0 -9999.0 -9999.0 -9999.0 -9999.0 -9999.0 -9999.0 -9999.0 -9999.0 -9999.0 -9999.0 -9999.0
-9999.0 -9999.0 -9999.0 -9999.0 -9999.0 -9999.0 -9999.0 -9999.0 -9999.0 1.55179954315 3.13495094348 6.20406632828 3.06536887531 1.49699875326 2.95734518856 11.9585320317 15.6799680565 0.775943958075 -9999.0 1.56583349099 -9999.0 -9999.0 -9999.0 -9999.0 1.41208236134 0.706460132015 -9999.0 -9999.0 -9999.0 -9999.0 -9999.0 -9999.0 -9999.0 -9999.0 -9999.0 -9999.0 -9999.0 -9999.0 -9999.0 -9999.0 -9999.0 -9999.0 -9999.0 -9999.0 -9999.0 -9999.0 -9999.0 -9999.0 -9999.0 -9999.0 -9999.0 -9999.0 -9999.0 -9999.0 -9999.0
-9999.0 -9999.0 -9999.0 -9999.0 -9999.0 -9999.0 -9999.0 -9999.0 1.6349727704 4.76293745757 6.26091965079 7.77140400299 10.7290148586 1.44433019388 5.80131759303 7.23682825325 25.1857190459 1.28124002492 1.43883291442 3.01056577536 4.40813239452 1.4340369587 -9999.0 3.84628747386 3.13844489722 0.907677648374 -9999.0 -9999.0 -9999.0 -9999.0 -9999.0 -9999.0 -9999.0 -9999.0 -9999.0 -9999.0 -9999.0 -9999.0 -9999.0 -9999.0 -9999.0 -9999.0 -9999.0 -9999.0 -9999.0 -9999.0 -9999.0 -9999.0 -9999.0 -9999.0 -9999.0 -9999.0 -9999.0 -9999.0 -9999.0
-9999.0 -9999.0 -9999.0 -9999.0 -9999.0 -9999.0 1.68182028133 1.55794980356 1.53597848684 1.54354580172 1.54372537147 10.8596987227 23.0779295779 24.5644985917 25.9302411 1.3378259784 27.8539642826 29.2343752873 2.85686495992 1.40528069061 5.7817940429 10.0089929679 1.36199029563 7.91329084847 1.50106115606 1.43806155424 1.55440193234 -9999.0 -9999.0 -9999.0 -9999.0 -9999.0 -9999.0 -9999.0 -9999.0 -9999.0 -9999.0 -9999.0 -9999.0 -9999.0 -9999.0 -9999.0 -9999.0 -9999.0 -9999.0 -9999.0 -9999.0 -9999.0 -9999.0 -9999.0 -9999.0 -9999.0 -9999.0 -9999.0 -9999.0
-9999.0 -9999.0 -9999.0 -9999.0 -9999.0 -9999.0 3.34292201378 4.92784596341 11.1386301839 15.6913419586 1.45482262146 1.48418195475 1.43090610061 4.23415948861 31.5174771102 1.31476696778 30.605787883 35.9641323245 4.21386626536 2.73748093361 11.345383674 1.39724123296 9.31384753076 2.83981047804 1.4425814069 2.86344196755 3.0549138389 1.51838680406 1.5172332728 1.5108007696 1.52627984974 3.07227655364 -9999.0 -9999.0 -9999.0 -9999.0 -9999.0 -9999.0 -9999.0 -9999.0 -9999.0 -9999.0 -9999.0 -9999.0 -9999.0 -9999.0 -9999.0 -9999.0 -9999.0 -9999.0 -9999.0 -9999.0 -9999.0 -9999.0 -9999.0
-9999.0 -9999.0 -9999.0 -9999.0 -9999.0 1.68808819157 3.32272717351 1.61055902495 3.16345165657 17.24879187 20.2205724388 23.17792251 71.7761889097 1.39865394659 32.9200329498 115.132583401 116.154648181 153.842615806 1.10047766737 4.08247673908 12.6935553972 1.34470490701 25.0790369691 14.3928738329 8.78911745131 7.36630265225 1.48635950195 4.52140587869 4.46763911135 2.99063895265 1.47409529476 4.58173296157 1.48421213527 1.48490829868 -9999.0 -9999.0 -9999.0 -9999.0 -9999.0 -9999.0 -9999.0 -9999.0 -9999.0 -9999.0 -9999.0 -9999.0 -9999.0 -9999.0 -9999.0 -9999.0 -9999.0 -9999.0 -9999.0 -9999.0 -9999.0
-9999.0 -9999.0 -9999.0 -9999.0 -9999.0 1.69223953602 4.96560629552 9.90032159853 11.4534382069 22.672464573 24.1759688204 28.7874860446 47.1968849053 75.6177050803 78.3484281109 79.6096276632 2.48787706885 158.268840877 160.570503905 167.24152647 210.431051775 29.1424118678 26.4614536577 10.174044578 1.37615987764 8.76379472807 5.9382224601 1.40147143231 5.85120246765 1.34117539074 2.79422216081 7.46026333489 8.88712228515 2.9159792032 1.43187140359 1.44866878371 -9999.0 -9999.0 -9999.0 -9999.0 0.794480551606 0.675397657477 -9999.0 -9999.0 -9999.0 -9999.0 -9999.0 -9999.0 -9999.0 -9999.0 -9999.0 -9999.0 -9999.0 -9999.0 -9999.0
-9999.0 -9999.0 -9999.0 -9999.0 -9999.0 1.67203797136 1.62046624874 6.53939844331 8.09446167992 9.68269543047 1.55379270703 3.09640813879 17.3330743259 3.06981856555 1.49035950441 1.44113360334 1.33411905667 1.45801436754 1.44282677033 1.40632721921 211.802066052 215.818544195 1.33737224195 4.08133112978 2.74913131015 10.1236667316 2.79317169954 1.37498296666 7.26830580453 2.64496644227 6.36260234434 15.7995448596 14.6226775401 4.33004694243 4.32044747131 1.43981621492 1.44704551709 -9999.0 -9999.0 1.45575490758 1.86180028801 3.93851429816 0.704699203415 -9999.0 -9999.0 -9999.0 -9999.0 -9999.0 -9999.0 -9999.0 -9999.0 -9999.0 -9999.0 -9999.0 -9999.0
-9999.0 -9999.0 -9999.0 -9999.0 -9999.0 -9999.0 1.67961755866 1.65184747314 3.28109356137 4.89094858636 11.1681539835 14.3076723179 15.8741500832 1.61556747563 1.41181715318 17.9835891295 22.2368541848 23.6293675264 29.2605808549 30.6346825065 1.36109177381 217.165585536 223.883674275 5.38855008267 1.18875302945 11.4289885065 25.5188813301 9.98600592865 2.67011702905 1.32911488969 24.7392056087 17.1319303733 1.3231329876 1.33305899664 5.66453004685 4.24953104519 1.38580393689 1.40994360406 1.41099410235 2.8483830289 1.38843051629 4.78836148211 6.15590191159 1.35181787496 -9999.0 -9999.0 -9999.0 -9999.0 1.4634879354 1.42682460322 0.401154846761 -9999.0 -9999.0 -9999.0 -9999.0
-9999.0 -9999.0 -9999.0 -9999.0 -9999.0 -9999.0 -9999.0 1.68525879491 1.55222865031 3.14891779357 4.73233622516 1.58720338981 1.53613142296 9.22073588788 12.1876276929 15.1673558414 1.42871392208 2.86404632805 1.39989666474 31.9907288574 69.7103975595 70.4979155241 296.7763494 1.34928533475 3.58958294974 1.17037790021 26.8361721218 1.31709022931 4.01405171085 1.31882740036 26.0586437761 27.3678007777 2.64289729472 2.64130336338 14.0402142824 7.0128267128 2.78818886286 1.40564488763 2.83158756328 4.25033340593 6.99686809108 1.3714297156 8.93770215978 10.3597239948 1.35280672147 1.40101317976 1.43367243333 1.37531012763 1.33288188412 4.24376602763 1.6533211701 1.07768303589 -9999.0 -9999.0 -9999.0
-9999.0 -9999.0 -9999.0 -9999.0 -9999.0 -9999.0 -9999.0 -9999.0 3.21424256616 4.75392773807 1.57504868749 3.15726873553 4.67356243293 7.76844754517 1.53301472638 1.51698736126 1.41459312262 1.43796584345 1.38152823582 34.9844513922 1.4047441417 2.790850733 300.50151003 303.729582905 1.93930532641 7.39146592878 35.5983255169 2.59528366953 5.25552171072 2.54918359771 3.77665495694 32.4907763749 3.88980228708 20.5289107289 16.6402985859 1.31051054805 6.84049814827 2.7388669254 4.1687363317 1.33945965409 8.34764802667 11.1036750041 12.4100644118 13.6838998004 15.5550805254 2.61005861481 2.68740795367 2.58667490973 2.49416768717 5.4659835805 1.19249779236 3.937427766 5.05904691313 -9999.0 -9999.0
-9999.0 -9999.0 -9999.0 -9999.0 -9999.0 -9999.0 -9999.0 -9999.0 1.62660210336 7.96860686118 9.52706439155 1.56587247789 3.09576266914 1.53232705692 1.49157331378 1.46663543674 17.8603746159 23.8425573485 29.1914082707 34.1706635834 1.2647607073 1.39583705714 1.71697443242 310.225245175 313.544612191 315.317499936 48.0414430744 10.5460754237 9.14248484905 1.25439121809 5.01997021199 38.7457228585 1.25433338711 21.7793537873 1.28873871437 8.80386393185 8.18876856289 1.32364389503 5.49098810247 2.6611184627 3.97274178723 1.38243273922 1.27123173867 14.9500983567 16.1569694622 16.7598498116 3.93687323153 3.80882143635 3.69423606833 6.68732029277 9.07213818047 1.18651763175 6.19346127978 1.16411873128 2.26283790519
-9999.0 -9999.0 -9999.0 -9999.0 -9999.0 -9999.0 -9999.0 -9999.0 -9999.0 1.60426535457 11.0916757103 12.6516923308 4.63708765096 7.69321526284 10.6546540245 12.1235994485 1.46673219563 4.56501640529 2.99569947053 1.45892817085 1.47993176655 1.41550276056 2.87394451598 5.20247560694 2.02274214635 367.030219828 368.943938238 1.80182599974 1.29120705639 2.47681835368 3.69279137215 42.4023302735 2.4528205931 22.9613427525 13.6549778668 11.1790982771 1.29302915468 2.60755375907 6.76613960425 1.26608091842 5.22932538985 2.62529307645 2.39988660469 1.17083470728 19.6388077606 37.456638392 4.92509410993 4.81750809577 4.7781464812 1.07459231061 10.1333276074 1.04932460123 8.41051946061 1.07798210301 3.33816880327
-9999.0 -9999.0 -9999.0 -9999.0 -9999.0 -9999.0 -9999.0 -9999.0 -9999.0 -9999.0 1.52733621755 15.7320282585 1.54338221995 3.07514032374 4.52848449782 7.50699782863 1.53942862772 3.11618975015 1.54641672572 1.52743133824 1.45988945477 2.89939618641 1.38186004031 1.63999401332 3.63453480886 2.06596102483 370.655173687 374.173806537 379.131045583 5.07614984482 1.22664177402 2.44332553718 43.6283026687 42.6955840244 16.1657799307 1.25198504579 5.16665671487 3.88789185537 8.0442819946 2.54177469958 10.3596977117 3.87039267844 3.60093160977 1.07899833183 1.198299698 38.6958513226 39.8257989738 50.62997284 8.08317230634 2.19585415733 11.249004548 13.3843546318 22.8109603094 2.12896324349 1.02154266727
-9999.0 -9999.0 -9999.0 -9999.0 -9999.0 -9999.0 -9999.0 -9999.0 -9999.0 -9999.0 -9999.0 0.836543778637 17.6080904814 1.52063533862 2.95896915476 13.4253529766 1.53203082139 1.53653490692 1.43384589524 2.97539209757 1.40621508866 5.70593083725 8.43897375912 9.76450242543 4.99943855428 6.63023291172 1.85578143015 2.02091327044 1.71971164104 386.986465965 390.95157312 44.7811743171 44.9673850875 43.8365952967 2.38149190502 1.17931190932 6.37818436854 16.8609844279 9.2743399025 3.77372884841 15.3328632146 7.97538067449 6.80126437045 2.11663467694 0.9672497288 0.946220438352 0.964890756036 54.8819101059 66.2580370012 1.05561124956 0.998156204993 1.03525740709 23.811593448 26.9177214206 1.93049718354
-9999.0 -9999.0 -9999.0 -9999.0 -9999.0 -9999.0 -9999.0 -9999.0 -9999.0 -9999.0 -9999.0 0.791129549117 19.5363514039 24.054556175 1.44053701384 16.3027151231 1.46178877241 1.44552510055 2.83361583518 7.2118167925 1.40412843594 1.43188836484 1.33676346832 12.4617727818 13.7779519835 21.7348622339 24.9799805232 26.6119598279 28.3510291447 30.0152723114 422.548965392 470.525190841 518.519132483 519.697204054 1.30953078407 1.19742358419 19.2820815184 18.0818855396 1.21132346375 1.20153960195 16.508779139 25.6727756203 1.12392233724 13.4828544339 12.397544456 4.13950622848 2.02430555278 3.17214808008 1.16944597825 68.3822356527 1.06684204498 3.08293715939 3.97715506681 33.9234074346 36.7208140671
-9999.0 -9999.0 -9999.0 -9999.0 -9999.0 -9999.0 -9999.0 -9999.0 -9999.0 -9999.0 -9999.0 1.580112236 3.05407924713 25.5177733972 28.3273903321 1.40542420485 18.7849935579 1.35040487092 4.11279537439 8.54804042094 2.74685575733 1.34157944486 2.71789655713 1.27991379172 2.49540512002 1.22803558418 1.19566879438 1.13594475349 1.08860018018 1.15341369758 1.31371975796 1.66150414255 1.86549375792 1.85117533634 524.123803506 25.0136879045 22.1386858437 1.35784353966 3.5630827175 0.89321031365 0.764374655132 26.821797628 43.768847109 14.6743367916 10.3982212238 2.15982710843 1.04283278047 1.00061744093 2.0453908158 71.4966444429 73.5278202616 1.03757994555 1.03886027331 1.06207051603 0.90770736439
-9999.0 -9999.0 -9999.0 -9999.0 -9999.0 -9999.0 -9999.0 -9999.0 -9999.0 -9999.0 -9999.0 -9999.0 1.48812148466 18.607479708 48.3724640868 52.6437928403 72.7107864109 73.7181824127 19.0951893543 14.0087402022 4.10992611046 1.33513365265 5.35249689109 6.63309571495 10.3604898675 2.47954739751 2.41734800288 2.3648850545 4.66226880038 2.35444768054 2.49697089951 1.13446107014 1.04317641077 1.29562939226 525.519071178 551.337369915 552.899596227 1.41936337309 10.3655895696 4.01086858384 1.1932987924 47.3258565265 2.43416987347 1.23725828442 5.07559573786 1.20108174204 1.1915476922 2.28944260957 3.25822076598 4.27533187861 75.3856983535 0.896507477102 0.820941160189 0.821270631979 0.7117759237
-9999.0 -9999.0 -9999.0 -9999.0 -9999.0 -9999.0 -9999.0 -9999.0 -9999.0 -9999.0 -9999.0 1.54649407749 14.1363948725 17.1523274841 2.85958530967 0.878999905322 2.09892401651 77.1696090084 78.2638026561 98.3197612761 1.26091808519 2.58980368731 1.21231327892 1.22823124775 11.5653418289 15.2490568758 18.8445800877 1.1638887729 5.82526339481 9.32663112037 5.88006180362 2.26317480765 2.11465614938 2.28085269738 2.41710606122 1.44660194131 554.119776129 555.27197881 568.022411336 2.14932412816 1.103803302 48.0602968546 2.52683736195 1.28108582866 1.3156813744 1.30292275138 1.25805250536 2.50388679591 7.12127279717 12.4664390377 88.7431396717 0.734410084573 2.20457424261 1.48553309459 1.31966467825
-9999.0 -9999.0 -9999.0 -9999.0 -9999.0 -9999.0 -9999.0 -9999.0 -9999.0 -9999.0 -9999.0 1.57115095482 9.57191406477 1.52519128492 1.42838865476 7.0666966915 8.38926517454 9.75973234508 11.0846408979 132.806839593 133.937619209 136.369271226 153.822927104 157.632627838 160.029753465 161.263721605 183.287676505 186.531046906 187.681164838 198.201399462 205.265646357 206.401348696 210.710188993 3.3742098641 3.43689416335 1.15429636115 1.2813364205 556.491384365 572.553017481 3.31105472473 54.6465859673 53.6653770994 4.93868312184 1.22394024775 1.25080738458 1.23705657647 1.19740261281 2.41012348216 3.554182886 1.15722057858 89.6088303176 90.4966082312 94.9795670831 95.7498504734 97.7902768584
-9999.0 -9999.0 -9999.0 -9999.0 -9999.0 -9999.0 -9999.0 -9999.0 -9999.0 -9999.0 -9999.0 4.85167434612 6.42775339648 3.05804085263 4.52570526899 1.45513190639 16.604809782 18.0151456347 20.783912795 22.0750467474 9.33855806806 147.591954259 148.751808712 1.34174463172 1.18014901649 1.13554097044 2.35192906973 1.17550039304 1.03406578411 0.992687786901 1.02094299364 207.500859077 211.815624728 216.156502195 220.488878709 225.056286764 2.33925045562 0.942424660801 630.38849894 56.6834526159 55.6418061727 1.11225332053 1.10139937301 1.05747842874 2.33660720462 2.32929217052 1.0961299289 1.09516636267 1.03001740897 2.17740420651 3.03130841827 0.76233144602 1.43415249175 0.564284279643 0.500791800572
-9999.0 -9999.0 -9999.0 -9999.0 -9999.0 -9999.0 -9999.0 -9999.0 -9999.0 -9999.0 -9999.0 -9999.0 3.26993576783 1.55312390693 1.49058788535 13.8118506866 15.2402592676 1.42791679291 5.63178911721 6.96376048936 8.24587895689 1.35297147211 1.31621795479 23.8699712808 25.0684729706 26.254973105 67.06158237 68.1466250138 70.17307003 78.7072768183 84.5562767647 85.5373800421 0.90242270514 0.920128536899 0.874924926604 226.740756944 0.901528219266 641.67131472 640.123097426 8.65538023846 7.48874981989 4.38592600641 1.10984211734 2.1213165741 3.42018570721 3.41078917562 2.15605863108 1.06440257603 2.08782544811 2.05619246853 3.97633581728 0.657105327055 2.18813052447 3.50595727957 4.54761749315
