data/baseflow/History/mHMbfrc334
ncols                  80
nrows                 72
xllcorner      4374000.0
yllcorner      5656000.0
cellsize            500
NODATA_value       -9999
[rows 24 to 47 of 72, columns 0 to 53 of 80]
-9999.0 -9999.0 -9999.0 -9999.0 -9999.0 -9999.0 -9999.0 -9999.0 -9999.0 -9999.0 -9999.0 -9999.0 0.348214934019 0.912251341968 1.17949056407 2.00623935436 0.24297167512 0.481628449133 0.701354626629 2.73718071657 2.86327204686 2.92089420009 3.0511653906 3.24532541169 5.92904099291 6.46255609591 6.66575018163 0.0325369597245 0.481790367017 0.506517560942 10.9795268512 11.064572835 11.1102567974 11.1612972507 11.1992533072 43.9597275692 0.240369547091 99.5796560366 0.0499772154848 0.0129123046779 0.643939339863 0.605635389183 0.0556782832666 0.363253343524 0.52797459858 0.524063606634 0.351670739715 0.575533535327 0.907923214184 0.333347091419 0.886446984737 0.047140494402 0.0675063729098 0.00473686868889
-9999.0 -9999.0 -9999.0 -9999.0 -9999.0 -9999.0 -9999.0 -9999.0 -9999.0 -9999.0 -9999.0 -9999.0 0.307530280191 0.608289660931 0.275618351661 0.555131897836 0.23297832636 1.86189914038 2.3014393059 2.53271303156 0.200483521323 0.355522840391 4.72963879152 5.61854002601 5.75854743338 0.354443308919 0.355277410667 0.444073183713 0.0193438478108 0.0163856964119 0.0299471102111 0.0255651905683 10.3443144611 10.3851895541 10.4260907211 44.1438838592 100.111222917 99.5954558867 0.0185870236287 0.00974196164005 0.00875355931894 0.075491560394 0.067765327419 0.387198896778 0.590871364205 1.22471917525 0.108999028902 0.108754129255 0.972495012473 1.03566753317 2.06184380824 2.0983608769 2.17113711903 2.18028371456
-9999.0 -9999.0 -9999.0 -9999.0 -9999.0 -9999.0 -9999.0 -9999.0 -9999.0 -9999.0 -9999.0 -9999.0 -9999.0 0.285677214807 0.575210048904 0.869721668734 1.36633027758 0.2686710364 0.230238046985 2.5141316973 2.71491981248 4.44529471061 4.65242368848 0.580604106562 0.190013955361 0.178419301348 0.170383022373 10.1736929767 10.2263515717 10.2519485807 10.2683990475 10.3131034118 0.665378533245 0.750269496841 11.2493727061 155.593957383 0.295269430991 0.197367928291 0.0459964999851 0.0168094280872 0.00893275757028 0.0932268517778 0.099572513992 0.401745337624 0.00714309294836 1.23771096583 0.141109056633 0.137233740556 0.00718102736736 0.00444671611681 0.00422881089115 0.0208763988535 0.00444723625845 2.18527083128
-9999.0 -9999.0 -9999.0 -9999.0 -9999.0 -9999.0 -9999.0 -9999.0 -9999.0 -9999.0 -9999.0 -9999.0 -9999.0 -9999.0 0.270304808722 0.756520637837 1.25823013447 1.8051918029 2.04694616689 2.29753074856 0.708882468895 1.16194382269 0.20542617992 0.195762645356 9.29389131333 9.67823568939 9.85096194783 10.0374218208 0.1189065975 0.184310837798 0.530272074622 0.564281180731 0.604130182228 0.0891606293543 0.164067807124 156.031394991 0.120954544189 0.119763122961 0.056938343977 0.11144537762 0.0503174575153 0.0400629701089 0.527285429595 0.608300187097 0.0247352521792 1.27671787286 1.4228864573 0.142352483496 30.6773804666 30.6647720009 30.6542286724 30.6103164265 30.5656473563 30.1318972394
-9999.0 -9999.0 -9999.0 -9999.0 -9999.0 -9999.0 -9999.0 -9999.0 -9999.0 -9999.0 -9999.0 -9999.0 -9999.0 -9999.0 0.180705894904 0.391179070477 0.526928825585 5.94191884635 6.19860516188 0.261171993604 0.235785914289 0.229022746059 8.48457056052 8.91094813071 0.202106865405 0.210972599495 0.166613738584 0.685615784212 0.852385230394 0.356518624743 0.42976715989 4.07005578592 4.15084863755 4.41832502544 6.97759838444 163.121825931 0.141181134009 0.0507823571019 0.193960429561 0.151377358527 0.0440225028055 0.13139940201 0.176870485486 0.660408593902 0.710886702764 2.20605622206 1.43862171645 0.15246921042 31.3511647344 0.367114878325 30.6420191929 30.627262751 0.387096395528 0.0597810728062
-9999.0 -9999.0 -9999.0 -9999.0 -9999.0 -9999.0 -9999.0 -9999.0 -9999.0 -9999.0 -9999.0 -9999.0 -9999.0 -9999.0 0.936918930422 1.53044719219 3.02701199228 5.51972204662 6.79697952556 7.58121724894 7.82650633017 8.06515992439 8.28985771279 0.206651267226 0.184779279801 0.361639723579 0.342505804352 0.178675328361 3.56742577179 3.7298191619 3.87971223675 4.01359779242 2.0285704206 2.06485804374 2.30425438547 163.216988842 0.262748768223 0.158499817705 0.376680335519 0.0353441397586 0.157635439755 0.100756384037 0.0419517995808 0.24800811683 0.0395446665577 0.0406982262503 33.7723745721 31.5340725268 31.4929333687 0.142413917672 0.355713656629 0.19299574043 0.0232234717294 0.217731997553
-9999.0 -9999.0 -9999.0 -9999.0 -9999.0 -9999.0 -9999.0 -9999.0 -9999.0 -9999.0 -9999.0 -9999.0 -9999.0 -9999.0 0.660247816653 0.642527186773 1.26314690946 1.8844672843 0.368919465117 0.292785593259 0.535485650322 0.77167255835 1.21087632977 1.42929725397 1.62901584637 2.19329541015 2.36979683656 2.55999871471 0.170056256292 1.75355625675 1.86736138003 1.93193438334 0.0356783471208 0.0245034163986 0.0382725974753 165.579026075 165.669117546 166.100545759 0.479257476015 0.0716607663791 0.208180423028 0.0421970417718 0.0784688582315 0.293020720039 0.366019342814 0.0750731259847 33.9907648853 0.0934158216 0.0879762591864 0.0858673543503 0.107881141489 0.133613947938 0.0608870126676 0.179358233545
-9999.0 -9999.0 -9999.0 -9999.0 -9999.0 -9999.0 -9999.0 -9999.0 -9999.0 -9999.0 -9999.0 -9999.0 -9999.0 -9999.0 -9999.0 0.623696851667 1.22278647127 0.568847260719 1.14704079662 7.00600568632 7.32286828571 7.55181430992 0.216976424614 0.219012831255 0.419026161195 0.614248277027 0.964589141695 1.14036888902 1.2607724106 1.42010366499 0.12035139627 0.0802746031413 2.09870329758 2.1285306648 2.16533923021 2.2274508973 2.12887843326 168.503463465 169.368528219 169.403260576 169.64198719 169.814335424 169.952457799 0.0443967475964 0.403223969712 34.0352280658 0.103634352848 0.0529935456763 0.104701091714 0.101744392412 0.155557870009 0.0750122948897 0.0428214058359 0.0558480532651
-9999.0 -9999.0 -9999.0 -9999.0 -9999.0 -9999.0 -9999.0 -9999.0 -9999.0 -9999.0 -9999.0 -9999.0 -9999.0 -9999.0 -9999.0 -9999.0 1.81787506708 2.41551754806 4.19492739101 5.31793377004 0.518636619791 8.33905915866 8.55496606951 8.76460894794 0.210640284967 0.409425202049 0.180120323559 1.35560347183 1.46491952007 1.61356366921 1.74605337066 2.02304772648 2.07373988969 0.0349601276027 1.82643347878 1.96990791448 2.06607993824 2.31477660731 0.312183363149 0.18568291592 0.0937706249316 0.0868207383632 170.087846527 170.17072186 170.936274836 34.0909104051 0.330625060297 0.179850958828 0.137986402875 0.0265966709575 0.311187087395 0.121524475023 0.0395690615438 0.193246847655
-9999.0 -9999.0 -9999.0 -9999.0 -9999.0 -9999.0 -9999.0 -9999.0 -9999.0 -9999.0 -9999.0 -9999.0 -9999.0 -9999.0 -9999.0 -9999.0 0.661491281301 3.03572128738 3.64351589978 0.529262455274 0.242673783512 0.496317963442 0.724534966801 9.71447705953 0.208350431586 0.834156592062 1.02155931993 1.2015808724 0.107138643437 0.24370906195 0.299436835457 1.4324545746 1.570281722 1.65098403062 0.0715109059144 0.0537279548501 0.0468772879955 0.0864930195105 0.0310293137069 0.0322840713585 0.0630885989881 0.0461945186474 0.0628483483866 0.300043217381 171.019639826 205.333144279 0.402121259434 0.053290684927 0.0341585486388 0.822131891689 0.763490162374 0.404156830234 0.351469791502 0.244076900946
-9999.0 -9999.0 -9999.0 -9999.0 -9999.0 -9999.0 -9999.0 -9999.0 -9999.0 -9999.0 -9999.0 -9999.0 -9999.0 -9999.0 -9999.0 0.588262598183 1.86201047787 0.613551509931 0.421041859043 0.298004819081 0.546312520047 0.785447059044 1.08673569751 11.3006330483 11.5041198835 0.209602547386 0.40010985923 0.592591081428 0.721676939896 0.82585158607 1.16068859457 1.35711073662 0.0355405334558 0.052113458669 0.0502114727312 0.0768699245918 0.0655339432363 0.0648771482479 0.0521851613646 0.0610072645348 0.340935598936 0.17935626778 0.148370597302 0.1493330406 0.0797329148736 0.145045378593 208.846638433 3.07101234707 1.16258641394 0.240440910024 0.120174890961 0.0658951043199 0.166216979323 0.0895106178002
-9999.0 -9999.0 -9999.0 -9999.0 -9999.0 -9999.0 -9999.0 -9999.0 -9999.0 -9999.0 -9999.0 -9999.0 -9999.0 -9999.0 0.626130619359 1.1951234023 4.27366161509 0.618804787457 1.00737939739 1.29585941441 1.55765030012 0.27139737543 0.498701539375 0.927422908448 12.8942746714 0.198593408453 0.378703110996 0.556816117845 0.161595881331 0.308991679879 0.340732554327 0.477666983272 19.4895747992 19.6157358786 19.7426880238 20.3980704923 20.6004647656 21.0666767861 0.11668788453 0.246588791248 0.402200536769 22.6321523185 22.8580506877 0.136516706285 0.189748517884 0.243305864755 208.980666852 2.98880502421 1.49656307738 1.35037024012 1.19659580331 1.07308888855 0.218412952569 0.0666629995944
-9999.0 -9999.0 -9999.0 -9999.0 -9999.0 -9999.0 -9999.0 -9999.0 -9999.0 -9999.0 -9999.0 -9999.0 -9999.0 -9999.0 0.620139925082 1.90111926802 6.79698524865 10.1015773524 0.576251939714 13.2897201431 15.4051177565 0.252575991949 0.480289624039 0.848147556864 15.4489954281 15.8178464594 0.177855585203 0.910742274191 1.06676642237 1.165032771 18.7166544157 18.8372974171 18.9799101598 0.0818871635182 0.470182971713 0.556243339016 0.247986962435 0.351796152104 21.5842970171 21.9942226418 22.0816791413 22.166435076 22.9799177057 0.0597921231464 0.0534441341523 0.352721417884 209.118727704 0.172025877538 0.0106303408316 0.0313843720306 0.0120374843005 0.898554522634 0.880403249986 0.538610200834
-9999.0 -9999.0 -9999.0 -9999.0 -9999.0 -9999.0 -9999.0 -9999.0 -9999.0 -9999.0 -9999.0 -9999.0 -9999.0 -9999.0 -9999.0 -9999.0 1.33692027709 2.70030106538 12.024844193 12.6939745964 16.0013245321 16.5776227784 0.244105046852 0.48775723488 1.23050555222 16.318958257 16.745115484 16.9093535949 0.139356528395 17.3920694654 17.5082603502 0.0830565893485 0.0828413635495 0.161702636644 0.316559314623 0.0754333310171 0.152036778195 0.350264549892 0.435657924365 0.0799754395486 0.0591143347573 0.119655696776 23.373520164 23.4829286042 23.5307182617 24.008802958 209.234325041 0.137409846926 0.00632276162881 0.0080235328908 0.0074155397413 0.00770748562535 0.00607554473234 0.0110280333158
-9999.0 -9999.0 -9999.0 -9999.0 -9999.0 -9999.0 -9999.0 -9999.0 -9999.0 -9999.0 -9999.0 -9999.0 -9999.0 -9999.0 -9999.0 -9999.0 0.703263859799 0.692082452094 0.682573513212 1.33853638741 0.598906781366 17.7663869763 18.2916215767 0.274965607463 0.493711876744 0.222958631208 0.192134447393 0.188120829417 17.1670452281 0.0311752511785 0.0649560711408 0.0558348984371 0.0860355884229 0.0796645650459 0.0647982717428 0.0668291264633 0.200197575179 0.272037288882 0.0552705193261 0.0505943103124 0.106450612718 0.172666266709 0.209748995394 0.0478940097538 23.5911648161 24.0621625666 209.326128723 0.292299377014 0.0149216011844 0.00419875502444 0.0103682098785 0.00305840930511 0.00205676047549 0.0133581582316
-9999.0 -9999.0 -9999.0 -9999.0 -9999.0 -9999.0 -9999.0 -9999.0 -9999.0 -9999.0 -9999.0 -9999.0 -9999.0 -9999.0 -9999.0 -9999.0 -9999.0 -9999.0 0.682395876377 1.97518446896 2.54757372309 3.13394173792 18.8430176443 19.3760629481 19.8808966325 20.3122607918 20.4961367629 20.8728654508 20.9049829605 20.9320121885 20.9656450912 0.0784383716841 0.0732272539433 0.0772800799307 0.278221788559 0.0725185855441 0.0682706340512 0.0567242858938 0.164503660683 0.063555884474 0.0504286128147 0.0471984832678 0.0398644586393 0.0795685334246 0.114041162634 24.2985355569 233.999887933 0.134755478185 0.248119165823 0.00287109576935 0.0137942559121 0.0069352887148 0.00413712811625 0.60492889959
-9999.0 -9999.0 -9999.0 -9999.0 -9999.0 -9999.0 -9999.0 -9999.0 -9999.0 -9999.0 -9999.0 -9999.0 -9999.0 -9999.0 -9999.0 -9999.0 -9999.0 -9999.0 -9999.0 0.592896574877 4.55629091918 8.93913720641 9.54227038526 0.517519744647 0.794595954256 1.01511804 1.19619167429 2.405741875 2.4794625617 0.0754442870124 0.0712142839798 21.1307646026 21.2767544923 21.3457010041 0.336160421308 0.0567466003545 0.127662600362 0.187942956533 0.54711607375 0.668372017356 0.765698030519 0.0898995615674 0.124875607653 0.0415041238036 0.0813583490764 0.0412832004789 234.081044987 0.114169943697 0.466254787184 0.107137994462 0.143963575762 0.59709991852 0.654267392442 1.31618247804
-9999.0 -9999.0 -9999.0 -9999.0 -9999.0 -9999.0 -9999.0 -9999.0 -9999.0 -9999.0 -9999.0 -9999.0 -9999.0 -9999.0 -9999.0 -9999.0 -9999.0 -9999.0 0.641462665965 2.0254066801 3.97740471028 5.20915768862 13.3001214826 13.8642220592 0.467480823161 0.684164124905 0.866564604634 1.04244822435 2.51956489154 2.65342093364 4.25518923472 4.38190388052 4.45051448723 21.4190526604 21.9510984333 0.12978924278 0.0767985243673 0.0742984607682 0.142181003444 0.0655369849009 0.890323515558 0.937133092839 0.16417539842 0.198897807672 0.034823717306 90.452666563 90.5369966969 324.691542591 325.319416541 0.119685345536 0.407285481251 0.154592881523 0.115082243681 1.46434233292
-9999.0 -9999.0 -9999.0 -9999.0 -9999.0 -9999.0 -9999.0 -9999.0 -9999.0 -9999.0 -9999.0 -9999.0 -9999.0 -9999.0 -9999.0 -9999.0 -9999.0 -9999.0 -9999.0 0.718735557707 0.697766454496 1.33735606308 3.18061335395 14.4386360653 0.242268901568 0.238663021597 0.425728434232 0.615589842796 1.35235041015 1.40946155516 0.067004484352 0.0899398450661 4.54078083265 4.62075967266 26.6366188368 26.6959031426 0.0521695030124 0.0474681722774 0.0392711591557 0.0396297694945 0.0386317247913 89.6697170868 89.9422218295 90.1788317166 90.2486108698 90.418604454 0.0459987665361 0.17045443678 0.216218202151 325.676795862 325.750540905 325.84766771 325.883674655 325.912417646
-9999.0 -9999.0 -9999.0 -9999.0 -9999.0 -9999.0 -9999.0 -9999.0 -9999.0 -9999.0 -9999.0 -9999.0 -9999.0 -9999.0 -9999.0 -9999.0 -9999.0 -9999.0 -9999.0 -9999.0 0.654635960789 0.677475832667 1.26154032067 16.9074028297 17.4438512533 0.233694493273 0.421302184631 0.615304974594 0.692984189773 0.0622337152501 0.144568142025 31.4237474205 31.5039375534 31.5742413234 32.1437095902 58.902056962 87.8506929564 87.9660306367 88.0689995153 88.168464901 88.5627832286 88.6856528348 0.230159168668 0.10517915762 0.0598740250811 0.113387842969 0.0848613561438 0.133940025403 0.0418626476697 0.991403268769 1.23570430293 1.45743323723 1.48180083095 325.941838464
-9999.0 -9999.0 -9999.0 -9999.0 -9999.0 -9999.0 -9999.0 -9999.0 -9999.0 -9999.0 -9999.0 -9999.0 -9999.0 -9999.0 -9999.0 -9999.0 -9999.0 -9999.0 -9999.0 -9999.0 -9999.0 0.667750880393 1.2783851473 1.88971317559 17.9397485213 0.387524724073 23.6024312485 23.8067349655 23.8725717828 23.9604380501 31.0679862711 31.1811033896 0.0885779812465 0.43050502759 0.515415603877 0.0872292737984 28.8320655316 28.673954154 0.0513949667384 0.119196254157 0.309104534055 0.0659105574959 0.068637789664 0.0537451228078 0.0451823869421 0.0353753922929 0.0404746089648 0.853336558682 0.894950507401 0.944950483905 0.179765305669 0.150595570349 1.58286976931 1.63173078268
-9999.0 -9999.0 -9999.0 -9999.0 -9999.0 -9999.0 -9999.0 -9999.0 -9999.0 -9999.0 -9999.0 -9999.0 -9999.0 -9999.0 -9999.0 -9999.0 -9999.0 -9999.0 -9999.0 -9999.0 -9999.0 0.620565539411 0.57926899916 2.98904830918 22.0642904791 23.0023878308 23.4142659616 0.204876321188 6.88648754345 6.95161664368 7.02980483257 0.097722796962 0.194968897376 0.283536704856 6.78320020189 6.85331381371 6.91374154778 28.5626148374 18.3006644329 0.0666369559152 0.0651582096501 0.0617630350223 0.0492555024553 0.521909081385 0.623517729884 0.712950594925 0.762090692337 0.809474210088 5.47921761668 5.51349632445 5.54559102057 5.62568710817 6.04113374118 6.06370532336
-9999.0 -9999.0 -9999.0 -9999.0 -9999.0 -9999.0 -9999.0 -9999.0 -9999.0 -9999.0 -9999.0 -9999.0 -9999.0 -9999.0 -9999.0 -9999.0 -9999.0 -9999.0 -9999.0 -9999.0 -9999.0 -9999.0 1.2090248537 1.83256192412 0.605453211226 0.250422878909 6.26243926517 6.47753831457 6.60519985896 1.45431387092 1.49561978433 1.54482595777 1.62893228474 6.62487987361 6.71724205207 3.14199460617 10.130779922 10.2016695154 18.2473960915 0.134305631002 0.0666009589155 0.0487949854495 0.36340182265 0.424270051263 0.0375815140005 0.0350659249349 5.30985141836 5.39980035763 5.44693346762 0.0413753962089 0.0592651009903 5.97338676438 0.0469880309842 0.1765809496
-9999.0 -9999.0 -9999.0 -9999.0 -9999.0 -9999.0 -9999.0 -9999.0 -9999.0 -9999.0 -9999.0 -9999.0 -9999.0 -9999.0 -9999.0 -9999.0 -9999.0 -9999.0 -9999.0 -9999.0 -9999.0 -9999.0 0.601684999732 1.19199040966 4.86670854333 5.44850711584 5.80051104187 1.24476346706 1.41380631824 0.0460051061024 4.82143545727 4.86175925955 4.90379175933 0.0653323797447 2.96798422784 3.06302545876 0.0731632599329 17.8993055188 0.148474833056 0.0738879717981 0.197909236489 0.264714289135 0.0509978740241 0.0418014007982 4.85557901203 5.22544055142 5.2801504748 0.052283094204 0.114180913888 0.143472177131 0.167669231501 0.323161073599 0.0637033443639 0.145000297404
