data/baseflow/History/mHMbfrc501
ncols                  80
nrows                 72
xllcorner      4374000.0
yllcorner      5656000.0
cellsize            500
NODATA_value       -9999
[rows 24 to 47 of 72, columns 0 to 53 of 80]
-9999.0 -9999.0 -9999.0 -9999.0 -9999.0 -9999.0 -9999.0 -9999.0 -9999.0 -9999.0 -9999.0 -9999.0 0.61656566935 1.55927324575 1.99241514486 3.25871053852 0.302570377246 0.631841946177 0.914921662479 3.85824606684 4.06574701665 4.22529475401 4.37809080333 4.57533781271 6.86652834649 7.39409151777 7.6650300337 0.0996277026092 0.599280231079 0.700570096098 13.8452170538 14.1457180473 14.3303047113 14.5282336816 14.6401249476 60.1520354753 0.112282720853 136.895564527 0.0899748663711 0.0428047073035 0.766763928696 0.67195302297 0.0876879072024 0.348492762233 0.562260859781 0.546289358431 0.357461968961 0.580116929718 0.9177230054 0.349469763785 0.882920488608 0.06700500219 0.0926772348193 0.0151219772687
-9999.0 -9999.0 -9999.0 -9999.0 -9999.0 -9999.0 -9999.0 -9999.0 -9999.0 -9999.0 -9999.0 -9999.0 0.5307355893 1.04451315612 0.439175529764 0.874109848486 0.313720837947 2.74776153706 3.30143371401 3.60402821883 0.249134716941 0.467604713136 5.51479525189 6.57055224627 6.72529831484 0.360231062355 0.322763979731 0.45258707903 0.0757522201019 0.0614887069905 0.113666285997 0.0471304187335 10.5371421684 10.5898706556 10.6178428296 60.2427280803 137.361401361 136.919431627 0.0627254175199 0.0390519003498 0.0354685561078 0.161496223359 0.136395240547 0.424209837128 0.651429591434 1.30863099846 0.112082544584 0.110458369463 1.0074089269 1.10356968171 2.15180430671 2.19519006133 2.30517418696 2.33343657629
-9999.0 -9999.0 -9999.0 -9999.0 -9999.0 -9999.0 -9999.0 -9999.0 -9999.0 -9999.0 -9999.0 -9999.0 -9999.0 0.438322251268 0.890377615256 1.36126965789 2.06114985245 0.373152768136 0.295201385878 2.62595762631 2.86947775297 5.08735070068 5.36355726014 0.722040559435 0.207270181381 0.163553315306 0.143323602014 10.1663510142 10.2459051029 10.3248189974 10.3853695115 10.4866222285 0.818213439941 0.854095161856 11.515957438 209.157716392 0.303642956319 0.230425204888 0.107022672736 0.0320561689243 0.0268246113597 0.228051212512 0.246710471478 0.473331478732 0.0253245073294 1.34605916537 0.176588123883 0.171108136376 0.0252016120244 0.0146365137696 0.0131891570371 0.0173075958672 0.0146343703318 2.34867878577
-9999.0 -9999.0 -9999.0 -9999.0 -9999.0 -9999.0 -9999.0 -9999.0 -9999.0 -9999.0 -9999.0 -9999.0 -9999.0 -9999.0 0.407198520031 0.878846921444 1.31097474336 1.74101683245 2.03947975828 2.35995298317 0.869561310569 1.4734057898 0.258492381825 0.231024943387 9.26271201917 9.68361934379 9.85994484702 10.0539105068 0.112427027043 0.188094612369 0.551609873269 0.663180729962 0.749425987718 0.0524055159822 0.0522063740596 209.354066498 0.0729262091952 0.0951342799403 0.0528448364152 0.136813734766 0.0629158079426 0.0399051930063 0.754451367865 0.794202011932 0.0189041763634 1.37102516138 1.56880789351 0.200178107489 35.2208113871 35.181998804 35.1520781304 35.0804090697 35.0496638014 34.393951419
-9999.0 -9999.0 -9999.0 -9999.0 -9999.0 -9999.0 -9999.0 -9999.0 -9999.0 -9999.0 -9999.0 -9999.0 -9999.0 -9999.0 0.181107360538 0.376570555937 0.463059635 5.58152479265 5.88198823143 0.316895030516 0.295719379068 0.297541901214 8.2921944989 8.84216938056 0.253795843698 0.256923908244 0.156174213941 0.697354203703 0.869468255948 0.362701909621 0.460733422769 4.56976735449 4.68298678125 4.89302020485 7.52672262549 216.940246605 0.0864481248932 0.0377653587722 0.212583260671 0.1747798568 0.0296392535254 0.103449041292 0.136734295859 0.831690166427 0.864171917441 2.48456707596 1.57884633016 0.214879357025 35.8681856776 0.283647173323 35.1246419673 35.1047148985 0.623769374794 0.0294391921216
-9999.0 -9999.0 -9999.0 -9999.0 -9999.0 -9999.0 -9999.0 -9999.0 -9999.0 -9999.0 -9999.0 -9999.0 -9999.0 -9999.0 0.897178191768 1.48624469942 2.87533138742 5.20173360023 6.36467995836 7.17859923748 7.47060882898 7.77877989214 8.0685923576 0.255545945158 0.200755564969 0.381985842622 0.345253510766 0.191658495274 4.05707776208 4.21877431673 4.36514069711 4.50202749506 2.31051085179 2.38393719938 2.53912846924 216.992743509 0.172263590286 0.144080177056 0.391048976501 0.0344630579265 0.0834124799212 0.0507317638812 0.0296235381039 0.174563599162 0.0231478094538 0.0249919079517 38.5119614268 36.0112321202 35.9852535097 0.127002696634 0.261573528683 0.157524149954 0.0260582827363 0.533771901088
-9999.0 -9999.0 -9999.0 -9999.0 -9999.0 -9999.0 -9999.0 -9999.0 -9999.0 -9999.0 -9999.0 -9999.0 -9999.0 -9999.0 0.627399212517 0.620197661501 1.23340391591 1.80693139119 0.435314464404 0.433570189028 0.751722782402 1.05103311316 1.58706873906 1.84927917652 2.04981435608 2.65029838185 2.82711465069 3.04309091448 0.172731666775 1.84156886497 1.97820507067 2.10908744251 0.105174600952 0.0449371341358 0.0766846605744 219.663313393 219.712947992 219.991475217 0.496188940963 0.0753619019177 0.124048249525 0.0307688618377 0.0525990787952 0.201059951395 0.244881059648 0.0446543342964 38.6381499171 0.04780105161 0.0660406541232 0.0713708785338 0.0619493134584 0.107733778718 0.0442948563112 0.401570481643
-9999.0 -9999.0 -9999.0 -9999.0 -9999.0 -9999.0 -9999.0 -9999.0 -9999.0 -9999.0 -9999.0 -9999.0 -9999.0 -9999.0 -9999.0 0.603845672493 1.17107049308 0.522793297805 1.07287387537 6.38896689066 6.67409022917 6.9402885363 0.266341341119 0.267915098036 0.465141853611 0.677338497948 1.00917508512 1.19401159295 1.34936427588 1.50765056441 0.116006607384 0.0972982066368 2.36600897998 2.44263763474 2.48500133583 2.53841004067 2.15877817406 222.385834755 223.207611177 223.223640622 223.35581913 223.476506862 223.534066914 0.0176408422762 0.264279263284 38.6536662767 0.0372984272013 0.0192589169537 0.0387900928483 0.0453360746788 0.0723220677172 0.053612455137 0.0341389251187 0.0624498864916
-9999.0 -9999.0 -9999.0 -9999.0 -9999.0 -9999.0 -9999.0 -9999.0 -9999.0 -9999.0 -9999.0 -9999.0 -9999.0 -9999.0 -9999.0 -9999.0 1.73190495594 2.23668058198 3.82579533251 4.82925896205 0.461583023042 7.76136989772 8.01413431426 8.23060151046 0.213622032518 0.410152032727 0.162914059121 1.34717400359 1.4556737832 1.64289473015 1.84003371847 2.18038758722 2.29681013449 0.0655215894852 1.91610359926 2.03414064902 2.10713274162 2.34347828754 0.283796864258 0.162721423886 0.0822311162066 0.0713203359489 223.601541852 223.622599012 224.045806002 38.6672075182 0.139286088411 0.0875963371169 0.0608545482774 0.0158434671347 0.190873209972 0.095440161848 0.029530012901 0.175293628908
-9999.0 -9999.0 -9999.0 -9999.0 -9999.0 -9999.0 -9999.0 -9999.0 -9999.0 -9999.0 -9999.0 -9999.0 -9999.0 -9999.0 -9999.0 -9999.0 0.558690727787 2.78705270573 3.33988084342 0.460090578765 0.296695850093 0.629620621341 0.907391223099 9.37485523599 0.209622643847 0.850252162034 1.02793399133 1.20126780429 0.137342719364 0.288340372076 0.349676582133 1.46646589357 1.65576530756 1.72956092242 0.0675695745553 0.0495669268971 0.0571869944446 0.106810153847 0.0451007612211 0.0430177858231 0.0487509287305 0.0369542740939 0.0490153496118 0.153591559172 224.069010098 262.802395912 0.179093659439 0.0418686223129 0.0208049103383 0.603276367573 0.566712606183 0.342328365689 0.306842008286 0.225582046239
-9999.0 -9999.0 -9999.0 -9999.0 -9999.0 -9999.0 -9999.0 -9999.0 -9999.0 -9999.0 -9999.0 -9999.0 -9999.0 -9999.0 -9999.0 0.519070701295 1.56365908633 0.494653425086 0.395795044055 0.355580802464 0.664468131377 0.964819719952 1.23951964451 10.9754855111 11.1679014833 0.203943484526 0.381210250896 0.563747737141 0.688042219021 0.820986614809 1.26708931293 1.4035396848 0.102600242531 0.0584015468137 0.036190631044 0.0256804768603 0.0449971943582 0.059417097896 0.0606806076789 0.0754359066059 0.193824889823 0.0873496687792 0.0484238590847 0.0483303394661 0.0307998075504 0.0543110713016 265.435554541 2.44902194746 0.829776237971 0.156813114562 0.084929210389 0.0335731849223 0.0963813814459 0.0570324231489
-9999.0 -9999.0 -9999.0 -9999.0 -9999.0 -9999.0 -9999.0 -9999.0 -9999.0 -9999.0 -9999.0 -9999.0 -9999.0 -9999.0 0.547105735835 1.05610146416 3.62153324081 0.472255097333 0.797384824484 1.12507557332 1.40590674885 0.31358135439 0.552945742762 0.870963395719 12.355746283 0.180444155647 0.334735597022 0.499176962304 0.151478558756 0.296427557315 0.379306908489 0.480464410779 18.2998759267 18.417818237 18.5364242106 19.1311717354 19.2363954233 19.5908842019 0.112615137016 0.245855288669 0.241955543299 20.7029862711 20.7743100215 0.0420464689997 0.0594921642247 0.0763388085105 265.460833475 2.38098680326 1.3270355554 1.21392289126 0.92603081473 0.760268107352 0.125300617987 0.0342494766187
-9999.0 -9999.0 -9999.0 -9999.0 -9999.0 -9999.0 -9999.0 -9999.0 -9999.0 -9999.0 -9999.0 -9999.0 -9999.0 -9999.0 0.556315384903 1.69154954735 5.86825328146 8.74584297878 0.423676147371 11.2452725985 13.0463006119 0.269290362413 0.500714363454 0.788677890335 14.7055733299 14.9320536462 0.124012607089 0.752518718253 0.868401644592 0.982210199653 17.356861281 17.6036845864 17.7639491376 0.0771295868632 0.422505405991 0.512914200277 0.191860615772 0.263819208663 19.9719310424 20.334149276 20.3901678773 20.4404793736 20.8221325374 0.0233282783277 0.0216805434653 0.11614454199 265.49840159 0.103085355331 0.0649246720006 0.194893092634 0.0805628587114 0.647195556316 0.548721685774 0.345883860265
-9999.0 -9999.0 -9999.0 -9999.0 -9999.0 -9999.0 -9999.0 -9999.0 -9999.0 -9999.0 -9999.0 -9999.0 -9999.0 -9999.0 -9999.0 -9999.0 1.18328387862 2.37783509921 10.3162569412 10.8579166638 13.5237149252 13.9375123474 0.268554421566 0.538187529957 1.21601220404 15.2433866513 15.5473262339 15.6472543779 0.0794229950891 16.0304113214 16.2810416759 0.162051025161 0.0774683492313 0.135925226141 0.271696522445 0.0706933823577 0.13617744714 0.277826353224 0.343188016249 0.0763236678934 0.0450136744765 0.0839519347697 21.1769039427 21.2804982808 21.2970382793 21.4835568107 265.523849574 0.0947695149177 0.0367356289303 0.0489062335002 0.0470115119014 0.0491136824444 0.0405524134007 0.0727890962503
-9999.0 -9999.0 -9999.0 -9999.0 -9999.0 -9999.0 -9999.0 -9999.0 -9999.0 -9999.0 -9999.0 -9999.0 -9999.0 -9999.0 -9999.0 -9999.0 0.618190991187 0.601700568541 0.571262653384 1.02668350922 0.444781212878 14.8324007439 15.2045708574 0.239303872513 0.464820030198 0.199417895295 0.151164486528 0.141450133178 15.8767974903 0.077703716971 0.175004393833 0.0882145867732 0.0744129287384 0.0656219341979 0.0475877812564 0.0510706508701 0.168483520419 0.238487946135 0.0446135442682 0.0380189203825 0.0906380622026 0.164801122424 0.213697934359 0.0596942082282 21.344767838 21.5027500622 265.543245748 0.294158490726 0.0818094773074 0.0236856126262 0.0646410815731 0.0182939875955 0.0136155579369 0.0883634649393
-9999.0 -9999.0 -9999.0 -9999.0 -9999.0 -9999.0 -9999.0 -9999.0 -9999.0 -9999.0 -9999.0 -9999.0 -9999.0 -9999.0 -9999.0 -9999.0 -9999.0 -9999.0 0.594543346751 1.55501248743 2.00069862916 2.44297074204 15.63717277 16.0666391744 16.4381950868 16.7140207073 16.8468731499 17.1330212906 17.2037854987 17.2729080558 17.325106789 0.0522626865557 0.0502275812363 0.0578850719248 0.213421736116 0.062242867444 0.0619639870895 0.041018429084 0.126068093096 0.0595727216233 0.043404926366 0.0385600599046 0.0325396377897 0.0648712211449 0.0960604619922 21.7058818392 287.555422152 0.113206458646 0.16580120446 0.0165735938918 0.0849776616505 0.0411788653128 0.0274015422938 0.515297628965
-9999.0 -9999.0 -9999.0 -9999.0 -9999.0 -9999.0 -9999.0 -9999.0 -9999.0 -9999.0 -9999.0 -9999.0 -9999.0 -9999.0 -9999.0 -9999.0 -9999.0 -9999.0 -9999.0 0.4805479009 3.89607644022 7.38428742071 7.80965494902 0.408335646065 0.663013685333 0.8880670346 1.0406542248 2.21541141097 2.26972521118 0.0521072486505 0.0550819017341 17.4470295712 17.5468134827 17.5915773479 0.24779802587 0.030433461066 0.100149180544 0.143478845706 0.44001061197 0.550883806431 0.63500059027 0.0734304044938 0.102218123214 0.0374148094081 0.0777697725942 0.0426611906248 287.609454485 0.0801830188278 0.341628180367 0.0666929684764 0.166890398591 0.653090469026 0.721884536828 1.28821032179
-9999.0 -9999.0 -9999.0 -9999.0 -9999.0 -9999.0 -9999.0 -9999.0 -9999.0 -9999.0 -9999.0 -9999.0 -9999.0 -9999.0 -9999.0 -9999.0 -9999.0 -9999.0 0.544351125642 1.74978404928 3.42208648434 4.4631716394 11.003987882 11.405769696 0.497789971929 0.727948572979 0.906902648217 1.05619892191 2.32999650843 2.43758535572 4.19874509209 4.32949665528 4.39252117704 17.6372601301 18.0101555257 0.0844475575976 0.0723330263708 0.0661086317417 0.129074443951 0.0599338846943 0.756344173683 0.796883239242 0.136800745224 0.171859266374 0.0445013281479 82.4810600107 82.5831614462 370.22001147 370.64633759 0.11022423656 0.399109744066 0.194430619941 0.125166081277 1.46198744483
-9999.0 -9999.0 -9999.0 -9999.0 -9999.0 -9999.0 -9999.0 -9999.0 -9999.0 -9999.0 -9999.0 -9999.0 -9999.0 -9999.0 -9999.0 -9999.0 -9999.0 -9999.0 -9999.0 0.631325679009 0.614302550258 1.14856158237 2.71747133586 11.8818951522 0.263952022104 0.258271521708 0.432512908845 0.621087285192 1.46795641974 1.57218788262 0.0860461072141 0.0896951664698 4.47306939213 4.52780318974 22.5961283563 22.6483293533 0.0281173237088 0.0231551872428 0.0201772126862 0.0204539473061 0.0265000906063 81.6225727704 81.9302718047 82.1411997868 82.229357185 82.4478668497 0.0580120523358 0.205054166202 0.237178905723 370.962470265 370.983732411 370.994293789 370.99803084 371.014460831
-9999.0 -9999.0 -9999.0 -9999.0 -9999.0 -9999.0 -9999.0 -9999.0 -9999.0 -9999.0 -9999.0 -9999.0 -9999.0 -9999.0 -9999.0 -9999.0 -9999.0 -9999.0 -9999.0 -9999.0 0.55373512976 0.584471360119 1.07852633964 13.9731415732 14.3548999063 0.246474696794 0.420679383505 0.619165327482 0.769398610352 0.121596611885 0.218912679188 26.3212243312 26.3714892074 26.4414357207 26.9620063807 49.6665211621 80.0422686779 80.1209643393 80.1970457511 80.2674895315 80.6528721756 80.7862697299 0.272274526336 0.115041638778 0.0803548892828 0.146510187231 0.10167725659 0.166178339483 0.0534568404583 1.10507593339 1.34633370474 1.54390480459 1.55616457701 371.008503132
-9999.0 -9999.0 -9999.0 -9999.0 -9999.0 -9999.0 -9999.0 -9999.0 -9999.0 -9999.0 -9999.0 -9999.0 -9999.0 -9999.0 -9999.0 -9999.0 -9999.0 -9999.0 -9999.0 -9999.0 -9999.0 0.565455089626 1.08166292596 1.60071972243 14.7649387904 0.249016757395 19.3309983985 19.5399899581 19.6551744118 19.7584819984 25.8836400763 26.007305141 0.0647350076866 0.369671198098 0.465896945084 0.0824142407038 30.3016951254 30.1532984294 0.0436257702492 0.1092202728 0.32081938333 0.0773039507409 0.0915776574569 0.0589929884712 0.0496760369143 0.0341210700885 0.046840588119 0.936935172136 0.991730404928 1.06435265203 0.204869040169 0.161426815084 1.67247011151 1.69864155578
-9999.0 -9999.0 -9999.0 -9999.0 -9999.0 -9999.0 -9999.0 -9999.0 -9999.0 -9999.0 -9999.0 -9999.0 -9999.0 -9999.0 -9999.0 -9999.0 -9999.0 -9999.0 -9999.0 -9999.0 -9999.0 0.508607017444 0.477199201169 2.48110720162 18.1678971433 18.8693556244 19.1621263624 0.183175414776 5.7770446044 5.90075281123 5.96525255898 0.105688608209 0.185699400831 0.253393500933 6.43817703115 6.4910890391 6.53886307401 30.0631157615 19.741745404 0.0648051089454 0.0732051518978 0.067889344929 0.0491689069813 0.539216767328 0.660518062254 0.761256805683 0.824523735748 0.884159640724 6.79190837441 6.83257369165 6.8828924127 6.99189815817 7.48906182348 7.50204530473
-9999.0 -9999.0 -9999.0 -9999.0 -9999.0 -9999.0 -9999.0 -9999.0 -9999.0 -9999.0 -9999.0 -9999.0 -9999.0 -9999.0 -9999.0 -9999.0 -9999.0 -9999.0 -9999.0 -9999.0 -9999.0 -9999.0 0.99700396332 1.52733460613 0.46193728286 0.262226922748 5.17565191254 5.3711053871 5.48959596245 1.28563401723 1.3726665419 1.46703992728 1.53920660531 6.30424761619 6.39813925689 3.59911640771 10.2102382708 10.2739854185 19.696225754 0.141930972498 0.0746008915922 0.0418059972689 0.370858897442 0.441788580213 0.0379619118696 0.034850726725 6.58281869492 6.69351507382 6.75322786424 0.0538567429881 0.0802092866338 7.42538766307 0.0384897094582 0.124134669004
-9999.0 -9999.0 -9999.0 -9999.0 -9999.0 -9999.0 -9999.0 -9999.0 -9999.0 -9999.0 -9999.0 -9999.0 -9999.0 -9999.0 -9999.0 -9999.0 -9999.0 -9999.0 -9999.0 -9999.0 -9999.0 -9999.0 0.502567590326 0.99191484213 3.98501778384 4.43383393164 4.70668420301 1.05630857557 1.2022390044 0.0989455275961 4.51507763648 4.60180606642 4.68911845654 0.0820061557523 3.43354258866 3.53434623457 0.0670452672073 19.3232046625 0.166902228415 0.081428830445 0.204477077374 0.279477934336 0.0515295107835 0.0371587955937 6.03927238062 6.48254179526 6.55398160939 0.0710865084353 0.141525680803 0.174131261004 0.203783023302 0.405680495756 0.0443977750201 0.104059430574
