data/baseflow/History/mHMbfrc400
ncols                  80
nrows                 72
xllcorner      4374000.0
yllcorner      5656000.0
cellsize            500
NODATA_value       -9999
[rows 24 to 47 of 72, columns 0 to 54 of 80]
-9999.0 -9999.0 -9999.0 -9999.0 -9999.0 -9999.0 -9999.0 -9999.0 -9999.0 -9999.0 -9999.0 -9999.0 1.43920446601 4.17562462079 5.51486657513 9.65922732765 1.33505489486 2.66998648573 3.97705697091 14.751546141 15.8387762266 16.5934563379 17.7991095773 19.1424089264 30.9244523826 34.8164305292 36.8925079423 0.808063670871 4.97740009277 5.65961800047 71.7162323608 74.914801578 76.0910896904 77.243922739 78.6351325716 283.255117807 0.885355506814 581.603064764 1.81422876498 0.76447606121 5.84486430348 5.04264491851 0.815763188953 2.96763392904 4.14937527678 4.14320080404 2.95755065572 4.88629352791 7.75779552437 2.86028164595 7.6462947474 0.739747964082 1.09029701305 0.413917130136 0.360644888656
-9999.0 -9999.0 -9999.0 -9999.0 -9999.0 -9999.0 -9999.0 -9999.0 -9999.0 -9999.0 -9999.0 -9999.0 1.40651551549 2.79805396042 1.35034411353 2.74887820795 1.33747571485 9.51385712388 12.1356814746 13.4740181484 1.26746370976 2.42036926309 22.7251728038 28.5398045202 29.6513951166 2.5962560977 2.57253690839 3.65408072586 0.663046758575 0.650603956142 1.25863195039 0.690647158822 35.9107766028 36.6608374649 37.670937543 284.08146514 588.376587916 582.556651159 1.35470452278 0.517360418004 0.488011883763 1.93359711869 1.38968150886 3.6076288711 4.98806569251 10.0812074868 0.93859681242 0.939672136455 8.5898209474 9.42748931604 18.712187193 19.4576078205 20.9629798773 21.7668944477 0.73310154671
-9999.0 -9999.0 -9999.0 -9999.0 -9999.0 -9999.0 -9999.0 -9999.0 -9999.0 -9999.0 -9999.0 -9999.0 -9999.0 1.39993506663 2.77298506129 4.13141697898 6.83089817562 1.37571484379 1.32298248077 9.03656632243 10.2995158058 20.5697679381 21.8018453786 3.5484906083 1.30152818768 1.31791592731 1.27882722783 31.5374493394 32.4656839409 33.2055774879 33.8289984264 35.185758117 7.4017075645 8.37868188023 47.0399012383 919.893148305 4.92644915809 4.21935745911 2.01144082816 0.53547780499 0.472700336601 2.92636348828 3.38725609627 4.61806724631 0.507246468571 10.6712246025 1.61717946279 1.59468767575 0.483937578297 0.414451992263 0.386013288617 0.453421134673 0.375813421204 22.1626902226 295.68697599
-9999.0 -9999.0 -9999.0 -9999.0 -9999.0 -9999.0 -9999.0 -9999.0 -9999.0 -9999.0 -9999.0 -9999.0 -9999.0 -9999.0 1.36916247863 2.64793420651 3.8430892568 5.08078766308 6.39990379056 7.73399858486 3.98535495028 6.57521030761 1.25129376803 1.2521770886 25.3708953579 27.8516627024 29.0439483281 30.3381606438 1.14621543746 2.11966728757 5.20578670639 5.97995351874 6.66978091914 0.972611925683 0.978423867237 922.216948036 0.75582967957 1.25751427593 0.594786852965 2.0636427665 0.989109082221 0.577097676144 8.58358891575 9.15476254845 0.5104193134 11.2077345902 13.2443841009 2.02049315953 311.270563351 310.372311887 309.52766079 307.754847418 306.852656022 297.276798707 296.822523718
-9999.0 -9999.0 -9999.0 -9999.0 -9999.0 -9999.0 -9999.0 -9999.0 -9999.0 -9999.0 -9999.0 -9999.0 -9999.0 -9999.0 0.267787100215 0.644359393724 1.17880096675 10.0320264457 11.4069111636 1.36479187576 1.33119906811 1.30154915773 20.370258691 22.9001560523 1.23860325141 1.2733078306 1.19021415347 4.76275439998 5.93995461851 3.35304295827 4.17031356319 26.1640847955 27.077805693 28.9175463104 46.6801783418 969.336818643 0.730450575614 0.558445122106 3.06673178647 2.55288882982 0.526517078767 1.64244021061 2.15916534092 9.72662985796 10.2580839433 24.9425940082 13.672637995 2.2971139484 320.063432933 4.65026986548 308.699037006 308.236623812 8.79084788467 0.512759250952 0.85423453471
-9999.0 -9999.0 -9999.0 -9999.0 -9999.0 -9999.0 -9999.0 -9999.0 -9999.0 -9999.0 -9999.0 -9999.0 -9999.0 -9999.0 1.40964563627 2.29229714643 4.95854273078 8.66671908979 12.506414068 15.1845324048 16.5112301552 17.8328433075 19.1263866116 1.26480064719 1.22928622911 2.44664200787 2.38662919692 1.20046976001 22.361355746 23.527191518 24.6409193485 25.7043277786 14.9179456424 15.7842036667 16.7797242817 969.709036301 1.18332526128 1.3846716513 4.72073326232 0.441555124023 1.03327149359 0.523730395884 0.493873632325 2.65417814591 0.481672894046 0.502386345425 347.420423812 322.022066619 321.513156805 1.53187485565 4.21275817315 2.78101556179 0.709357595179 7.80474446466 2.44591561769
-9999.0 -9999.0 -9999.0 -9999.0 -9999.0 -9999.0 -9999.0 -9999.0 -9999.0 -9999.0 -9999.0 -9999.0 -9999.0 -9999.0 0.991508303032 0.914968138195 1.77884736544 2.74668238618 1.33421765746 1.35699455263 2.68617824186 4.01623151952 6.58868881403 7.87550387372 9.14058554387 12.8587050007 14.0559258488 15.2750263393 1.17286783861 11.5487852869 12.5791968518 13.4253910147 0.641453165316 0.3992298703 0.737094039335 986.704951978 987.060600106 988.961482228 5.87466780308 0.852174776502 1.69149960807 0.501431738688 0.910419974496 3.08231674092 3.97533978555 0.94719630032 349.622530085 0.678712778886 0.879258581506 0.93679836829 0.804678326738 1.43459490195 0.651183937121 4.7009631262 3.59702793927
-9999.0 -9999.0 -9999.0 -9999.0 -9999.0 -9999.0 -9999.0 -9999.0 -9999.0 -9999.0 -9999.0 -9999.0 -9999.0 -9999.0 -9999.0 0.866423416303 1.73162831937 0.889678369063 1.84866848143 11.643318148 12.9632978692 14.3090508192 1.28031731668 1.28654836508 2.55888087872 3.81633935981 6.21941553065 7.4145885967 8.06842024384 9.21256411578 1.03278526167 0.924817516117 14.7985297873 15.157267501 15.5194373038 15.8789554281 13.0608370402 1003.5209925 1011.73586415 1012.09927932 1014.13182158 1015.95462795 1017.55901318 0.561587201863 4.42705541664 350.203074703 1.44251419896 0.730905641455 0.673501645519 0.556471681215 0.993317885144 0.918271750988 0.487534449022 0.555390259869 0.528372995843
-9999.0 -9999.0 -9999.0 -9999.0 -9999.0 -9999.0 -9999.0 -9999.0 -9999.0 -9999.0 -9999.0 -9999.0 -9999.0 -9999.0 -9999.0 -9999.0 2.58146345674 3.57301670293 6.4299435833 8.70017896588 1.26064953011 16.9341200652 18.2125650966 19.5139571941 1.29753625248 2.57423789087 1.21512494298 8.67445538302 9.30594158518 10.3192156397 11.3773324453 13.9697723043 14.2467782612 0.201480971113 11.6790208936 12.3897518136 12.7229841364 14.1910751333 1.97882460894 1.30848722402 0.858554606251 0.826049220608 1018.99926685 1019.81746565 1027.34049058 350.845930758 3.64174443964 1.60858261014 1.09731825631 0.375845420026 2.8407297552 1.41977109246 0.462398494128 2.3563202086 1.92722146373
-9999.0 -9999.0 -9999.0 -9999.0 -9999.0 -9999.0 -9999.0 -9999.0 -9999.0 -9999.0 -9999.0 -9999.0 -9999.0 -9999.0 -9999.0 -9999.0 0.993758705709 4.51838733123 5.51382246638 1.3323923458 1.3500433241 2.67513919791 3.96501740592 24.7727551066 1.28941293749 5.16115302012 6.38363533167 7.58592949058 0.668189768728 1.63667858663 2.18571668852 9.50704999018 10.4944391593 10.7830471593 0.345013320126 0.359520865754 0.43348458525 0.790124072507 0.341715488788 0.373456455081 0.805649001914 0.604474564532 0.782327697342 2.40165223144 1028.16059907 1381.22287483 4.3682294433 0.459598015934 0.372875963653 8.42929246693 7.63727588487 4.33069342348 3.8622168036 2.88246308901 0.548645220608
-9999.0 -9999.0 -9999.0 -9999.0 -9999.0 -9999.0 -9999.0 -9999.0 -9999.0 -9999.0 -9999.0 -9999.0 -9999.0 -9999.0 -9999.0 0.816989533477 2.75629260785 0.934060404106 1.45457063407 1.41721414088 2.76262640748 4.06890516959 5.32985415042 31.1746066697 32.4504123584 1.29390701471 2.52349018691 3.75282542151 4.6252405625 5.58576307189 8.35274357357 9.14208351193 0.577593126102 0.615275810062 0.600068117638 0.925797784101 0.817554504449 0.759818221443 0.636362929564 0.721972353646 2.98638808781 1.41871502524 0.742511677828 0.727525771427 0.730484804744 1.42921184687 1404.83521448 18.7939665241 9.97063126569 0.744185691678 0.331709724893 0.342971355269 1.19457060532 0.832276422965 0.426651508721
-9999.0 -9999.0 -9999.0 -9999.0 -9999.0 -9999.0 -9999.0 -9999.0 -9999.0 -9999.0 -9999.0 -9999.0 -9999.0 -9999.0 0.865215120265 1.6572310922 6.18009832076 0.933943498598 2.82972036803 4.25072055557 5.65045093483 1.37991063178 2.67770035986 3.91101217554 37.4157209287 1.27034775552 2.4790063509 3.68041128501 1.13912468634 2.25027494111 2.8242410657 3.59882196625 77.4271715453 78.7769385993 80.0667805208 85.7636776637 88.250902195 92.9636367421 1.4319802685 3.00328791214 3.77875935949 108.784826038 110.276139651 0.707103957958 1.36119824011 2.00267676079 1405.52326527 17.9759010926 7.13118433982 6.77799143407 6.28616454533 5.92427719734 1.59277332557 0.382836237055 0.779723240413
-9999.0 -9999.0 -9999.0 -9999.0 -9999.0 -9999.0 -9999.0 -9999.0 -9999.0 -9999.0 -9999.0 -9999.0 -9999.0 -9999.0 0.85877708693 2.61390727512 9.65076631413 14.1735672371 0.876492969906 18.9785321477 25.6811370622 1.3560125371 2.6512704617 3.92385022649 48.7072896659 49.868656355 1.23986738364 6.18347153643 7.38412040344 8.30349217512 69.7294591242 71.7988010397 73.1514786225 0.675799854156 3.98279819139 4.7085395387 2.29386788363 3.31024248552 97.8314372143 102.440872644 103.339951143 104.225209769 111.728382302 0.717984405001 0.663687242644 3.26995993177 1406.19215782 0.494924186311 0.0589282750731 0.171191332392 0.0631966373814 5.27710033796 4.80971881532 2.78792840547 2.01778969624
-9999.0 -9999.0 -9999.0 -9999.0 -9999.0 -9999.0 -9999.0 -9999.0 -9999.0 -9999.0 -9999.0 -9999.0 -9999.0 -9999.0 -9999.0 -9999.0 1.81716473507 3.66922206332 16.9246902133 17.9162223912 26.5720776419 27.630649824 1.32109603239 2.63523462168 6.45783573651 50.9164109387 53.4320753015 54.6180857359 1.0357791369 58.6501963765 60.7592677924 1.35582570432 0.680123148101 1.38356201008 2.68615239898 0.633686665266 1.32049240083 3.1644922628 3.98509592265 0.715500533969 0.599698877994 1.2424012498 115.643940011 116.878606803 117.506950842 122.053488221 1406.83635881 0.371788735586 0.0510020523685 0.0523632152067 0.0545679436591 0.0552363925045 0.0546577401424 0.105307812721 0.288171821755
-9999.0 -9999.0 -9999.0 -9999.0 -9999.0 -9999.0 -9999.0 -9999.0 -9999.0 -9999.0 -9999.0 -9999.0 -9999.0 -9999.0 -9999.0 -9999.0 0.945357178715 0.934626200069 0.950610036067 2.06746799258 0.938502314042 29.4780688806 30.4689128105 1.3034251458 2.57708872805 1.36155319698 1.24288704045 1.23443655015 56.7771240347 0.689299386236 1.32756976747 0.76138881307 0.727813779456 0.669807669238 0.585178871665 0.593839023028 1.75128409312 2.3487172008 0.519933366783 0.501601084607 1.02028078408 1.58361674147 1.95753489849 0.489002299593 118.128209109 122.668028939 1407.33556134 1.01910498377 0.305046562877 0.0410468026125 0.0922751748981 0.0382467989332 0.033457608755 0.141446676462 1.42366155985
-9999.0 -9999.0 -9999.0 -9999.0 -9999.0 -9999.0 -9999.0 -9999.0 -9999.0 -9999.0 -9999.0 -9999.0 -9999.0 -9999.0 -9999.0 -9999.0 -9999.0 -9999.0 0.925120197668 2.95052916164 3.78777243447 4.68849327006 31.343546441 32.2038468085 33.1445656241 34.3544223031 35.57899903 38.0646289189 38.7836133759 39.4347852008 40.1249373585 0.726030750237 0.683826000552 0.68665408098 2.46678352032 0.615214736564 0.584872314608 0.534793903317 1.55738466884 0.563080328001 0.492078308616 0.475123492739 0.438055767653 0.87514878033 1.25436673124 125.207657723 1534.11347538 0.340593582918 0.806506838168 0.0412701959692 0.133681290991 0.0846724892168 0.0674677996334 2.73800898587 2.37161808963
-9999.0 -9999.0 -9999.0 -9999.0 -9999.0 -9999.0 -9999.0 -9999.0 -9999.0 -9999.0 -9999.0 -9999.0 -9999.0 -9999.0 -9999.0 -9999.0 -9999.0 -9999.0 -9999.0 0.825361802025 6.19654286664 12.6190300059 13.6035911858 1.27727120039 2.56389242485 3.8392675885 5.07249762803 12.5728867964 13.3424350871 0.753249512903 0.714878389174 41.5869535924 42.9278356944 43.5665553711 3.01917303278 0.543900905234 1.13231515742 1.67680059177 4.91375638771 5.98713139521 6.93022720791 0.903656095716 1.27913486949 0.417663639648 0.817590444021 0.40784372289 1535.00934181 0.34290330699 1.4318460761 0.476257538323 0.922356657399 2.26660017294 2.50069054913 5.39823189527 2.90092838808
-9999.0 -9999.0 -9999.0 -9999.0 -9999.0 -9999.0 -9999.0 -9999.0 -9999.0 -9999.0 -9999.0 -9999.0 -9999.0 -9999.0 -9999.0 -9999.0 -9999.0 -9999.0 0.8769712228 2.73542319528 5.38887835156 7.08584147663 18.730654484 19.8727523823 2.57561141624 3.84056548218 5.01244203993 6.27008925527 14.0807877274 15.5913162951 27.0414675487 27.9608257707 28.6164756103 44.2257457204 49.0176677978 1.17255287526 0.628059989583 0.620021696657 1.19558261375 0.560978024183 8.00190987142 8.45270035757 1.68324741935 2.06817528986 0.402551382359 305.528790214 306.335241 1841.98604841 1843.93432623 0.306129641275 1.57135616398 0.347513747877 0.32056787358 6.06963708421 9.26212833786
-9999.0 -9999.0 -9999.0 -9999.0 -9999.0 -9999.0 -9999.0 -9999.0 -9999.0 -9999.0 -9999.0 -9999.0 -9999.0 -9999.0 -9999.0 -9999.0 -9999.0 -9999.0 -9999.0 0.955061846432 0.929321937572 1.79805109424 4.31419919754 20.7111982303 1.29892881054 1.28732570941 2.46586553753 3.64058189246 8.82687208594 9.62912213028 0.530028470722 0.597373776011 29.3705727112 30.0384265323 79.6380235726 80.1981895672 0.500641513368 0.474559872489 0.413356581715 0.415885666064 0.393350010195 298.166718622 300.503891458 302.949015428 303.687491179 305.137141641 0.415281637374 1.5910525447 2.10867685843 1846.95695297 1847.32531484 1847.76959032 1848.23807474 1848.56009343 9.69337848493
-9999.0 -9999.0 -9999.0 -9999.0 -9999.0 -9999.0 -9999.0 -9999.0 -9999.0 -9999.0 -9999.0 -9999.0 -9999.0 -9999.0 -9999.0 -9999.0 -9999.0 -9999.0 -9999.0 -9999.0 0.885145879252 0.909252886262 1.71395770085 24.0757951224 25.0874107659 1.28185352894 2.45754535739 3.63933282149 4.4101202688 0.687816103908 1.44664762931 59.6350586359 60.3536145125 60.9245119115 65.3791584087 146.127060841 282.11698046 283.157281463 284.107068122 285.037487398 288.289919273 289.274854802 1.89183757224 0.909858110978 0.485255276567 0.943531800932 0.788983772041 1.21866929375 0.395497892061 8.42915665687 9.28591929684 9.97174533193 10.3170162592 1849.03395546 1859.23561188
-9999.0 -9999.0 -9999.0 -9999.0 -9999.0 -9999.0 -9999.0 -9999.0 -9999.0 -9999.0 -9999.0 -9999.0 -9999.0 -9999.0 -9999.0 -9999.0 -9999.0 -9999.0 -9999.0 -9999.0 -9999.0 0.89426658926 1.72280804125 2.55333497208 25.8254338242 1.15246422023 35.9288876435 37.1416939791 37.8611241558 38.6461685368 56.6165727699 57.4195329411 0.722496866011 3.35199497784 4.00602007013 0.649936797879 134.928935623 133.728638512 0.447727064988 0.950147605697 2.42604965099 0.502648267108 0.50971845985 0.458278986488 0.412511447954 0.354454736266 0.381921830945 7.13537995264 7.51473440946 7.93374920475 0.388141291191 0.309068219275 10.5473129167 10.9291429952 11.1807227055
-9999.0 -9999.0 -9999.0 -9999.0 -9999.0 -9999.0 -9999.0 -9999.0 -9999.0 -9999.0 -9999.0 -9999.0 -9999.0 -9999.0 -9999.0 -9999.0 -9999.0 -9999.0 -9999.0 -9999.0 -9999.0 0.839969776076 0.793109200973 4.06539641705 31.6146488859 33.6307998619 34.75773026 1.30791906371 16.3238273256 16.9310817654 17.246373552 0.746379210822 1.50781920685 2.20292899573 32.9073590939 33.4775425514 33.9827042251 132.773854409 77.5687841255 0.49745384045 0.496008060758 0.487492696164 0.431191033233 4.20975454275 5.08592473372 5.89387259268 6.31864830704 6.73542568531 38.399613304 38.7374493377 39.0451103421 39.7940359564 43.9406408817 44.2395132417 55.7580967512
-9999.0 -9999.0 -9999.0 -9999.0 -9999.0 -9999.0 -9999.0 -9999.0 -9999.0 -9999.0 -9999.0 -9999.0 -9999.0 -9999.0 -9999.0 -9999.0 -9999.0 -9999.0 -9999.0 -9999.0 -9999.0 -9999.0 1.63963344473 2.48223476285 0.969867452418 1.28151907423 11.6004084944 12.9438503914 14.0405433486 6.97230037985 7.64008037013 8.37708738769 9.10078347403 31.6955143168 32.3365842995 19.6056976294 54.1500487069 54.6966975169 77.1098254453 1.01856551255 0.505038883026 0.429780988805 2.87423892504 3.34820581772 0.357469738763 0.341155419691 36.9337410332 37.6963259083 38.0734192759 0.385497465027 0.542286989116 43.1122545332 0.527062329756 2.06340441939 2.31205622505
-9999.0 -9999.0 -9999.0 -9999.0 -9999.0 -9999.0 -9999.0 -9999.0 -9999.0 -9999.0 -9999.0 -9999.0 -9999.0 -9999.0 -9999.0 -9999.0 -9999.0 -9999.0 -9999.0 -9999.0 -9999.0 -9999.0 0.81541387771 1.61859333179 6.90144559148 7.89103948749 9.10303674689 5.10169375617 6.2767281401 0.691899860702 20.6337313355 21.2740194116 21.9134506851 0.658675674285 18.358765069 19.0053752249 0.553220623984 74.5031808179 1.07748678607 0.537627929757 1.51007597874 2.01603178038 0.43321423866 0.385972538794 33.277128731 36.2220745064 36.647669875 0.428151182652 1.03530845166 1.34545057518 1.63838336634 3.08323940912 0.76305258609 1.67051562901 0.36301664395
