data/baseflow/History/mHMbfrc418
ncols                  80
nrows                 72
xllcorner      4374000.0
yllcorner      5656000.0
cellsize            500
NODATA_value       -9999
[rows 0 to 23 of 72, columns 0 to 53 of 80]
-9999.0 -9999.0 -9999.0 -9999.0 -9999.0 -9999.0 -9999.0 -9999.0 -9999.0 -9999.0 -9999.0 -9999.0 0.525771427638 0.609727584677 -9999.0 -9999.0 -9999.0 -9999.0 -9999.0 -9999.0 -9999.0 -9999.0 -9999.0 -9999.0 -9999.0 -9999.0 -9999.0 -9999.0 -9999.0 -9999.0 -9999.0 -9999.0 -9999.0 -9999.0 -9999.0 -9999.0 -9999.0 -9999.0 -9999.0 -9999.0 -9999.0 -9999.0 -9999.0 -9999.0 -9999.0 -9999.0 -9999.0 -9999.0 -9999.0 -9999.0 -9999.0 -9999.0 -9999.0 -9999.0
-9999.0 -9999.0 -9999.0 -9999.0 -9999.0 -9999.0 -9999.0 -9999.0 -9999.0 -9999.0 -9999.0 -9999.0 1.0941138906 2.71549274374 0.505984551114 -9999.0 0.545085390563 -9999.0 -9999.0 -9999.0 -9999.0 -9999.0 -9999.0 -9999.0 -9999.0 -9999.0 -9999.0 -9999.0 -9999.0 -9999.0 -9999.0 -9999.0 -9999.0 -9999.0 -9999.0 -9999.0 -9999.0 -9999.0 -9999.0 -9999.0 -9999.0 -9999.0 -9999.0 -9999.0 -9999.0 -9999.0 -9999.0 -9999.0 -9999.0 -9999.0 -9999.0 -9999.0 -9999.0 -9999.0
-9999.0 -9999.0 -9999.0 -9999.0 -9999.0 -9999.0 -9999.0 -9999.0 -9999.0 -9999.0 0.50799838514 0.482087818205 0.517869414758 0.522037837036 3.63366877488 4.05699535125 1.50909016278 0.488456941103 -9999.0 -9999.0 -9999.0 -9999.0 -9999.0 -9999.0 -9999.0 -9999.0 -9999.0 -9999.0 -9999.0 -9999.0 -9999.0 -9999.0 -9999.0 -9999.0 -9999.0 -9999.0 -9999.0 -9999.0 -9999.0 -9999.0 -9999.0 -9999.0 -9999.0 -9999.0 -9999.0 -9999.0 -9999.0 -9999.0 -9999.0 -9999.0 -9999.0 -9999.0 -9999.0 -9999.0
-9999.0 -9999.0 -9999.0 -9999.0 -9999.0 -9999.0 -9999.0 -9999.0 -9999.0 0.48469610304 0.990795140729 1.96991362182 0.978670017777 0.467887940348 0.896512211619 4.45604933267 6.91931145881 0.494738503868 -9999.0 0.443447276475 -9999.0 -9999.0 -9999.0 -9999.0 1.02045007853 0.533036778903 -9999.0 -9999.0 -9999.0 -9999.0 -9999.0 -9999.0 -9999.0 -9999.0 -9999.0 -9999.0 -9999.0 -9999.0 -9999.0 -9999.0 -9999.0 -9999.0 -9999.0 -9999.0 -9999.0 -9999.0 -9999.0 -9999.0 -9999.0 -9999.0 -9999.0 -9999.0 -9999.0 -9999.0
-9999.0 -9999.0 -9999.0 -9999.0 -9999.0 -9999.0 -9999.0 -9999.0 0.636440578475 1.68080849993 2.14467234347 2.61484676204 3.39339966472 0.417650966531 1.69724520546 2.07758983638 9.74004103441 0.333672005609 0.299652135118 0.802717425448 1.13960692186 0.360689855075 -9999.0 2.45289492266 2.01369763786 0.500976201299 -9999.0 -9999.0 -9999.0 -9999.0 -9999.0 -9999.0 -9999.0 -9999.0 -9999.0 -9999.0 -9999.0 -9999.0 -9999.0 -9999.0 -9999.0 -9999.0 -9999.0 -9999.0 -9999.0 -9999.0 -9999.0 -9999.0 -9999.0 -9999.0 -9999.0 -9999.0 -9999.0 -9999.0
-9999.0 -9999.0 -9999.0 -9999.0 -9999.0 -9999.0 0.598974829959 0.514452964495 0.490784290666 0.510158959651 0.5199946361 3.67824768885 7.5520715026 8.01384832365 8.37162520191 0.362436994278 10.4465408553 10.7726291417 0.655184035462 0.358172955669 1.46768668 2.52175728722 0.335458068512 3.47959763293 0.32627032247 0.333475145068 0.330295588736 -9999.0 -9999.0 -9999.0 -9999.0 -9999.0 -9999.0 -9999.0 -9999.0 -9999.0 -9999.0 -9999.0 -9999.0 -9999.0 -9999.0 -9999.0 -9999.0 -9999.0 -9999.0 -9999.0 -9999.0 -9999.0 -9999.0 -9999.0 -9999.0 -9999.0 -9999.0 -9999.0
-9999.0 -9999.0 -9999.0 -9999.0 -9999.0 -9999.0 1.22650363361 1.79878692552 3.99584821021 5.45140518308 0.424636505619 0.455279468846 0.417984947498 1.20441209092 9.91716877356 0.308815433988 11.0888228494 12.3867287725 0.970509502778 0.655962831668 2.82236486409 0.341502733382 3.80136924899 0.597975645977 0.289319792489 0.606972584228 0.662456153718 0.362211069824 0.368277093101 0.350005832992 0.383127187178 0.76291263614 -9999.0 -9999.0 -9999.0 -9999.0 -9999.0 -9999.0 -9999.0 -9999.0 -9999.0 -9999.0 -9999.0 -9999.0 -9999.0 -9999.0 -9999.0 -9999.0 -9999.0 -9999.0 -9999.0 -9999.0 -9999.0 -9999.0
-9999.0 -9999.0 -9999.0 -9999.0 -9999.0 0.735021084989 1.38441667932 0.646337501705 1.2183994068 6.04813549977 7.01363727847 7.96393810636 27.6271309809 0.402213403348 10.2962202721 41.4893548554 41.7996906584 54.7704748826 0.326253478633 0.954812055645 3.12442728129 0.296988551405 7.23666626559 3.12632535298 1.88662873809 1.58389635101 0.321816578147 1.05423960405 1.05619469013 0.700002351107 0.323619808627 1.10069016822 0.306411864651 0.297066616558 -9999.0 -9999.0 -9999.0 -9999.0 -9999.0 -9999.0 -9999.0 -9999.0 -9999.0 -9999.0 -9999.0 -9999.0 -9999.0 -9999.0 -9999.0 -9999.0 -9999.0 -9999.0 -9999.0 -9999.0
-9999.0 -9999.0 -9999.0 -9999.0 -9999.0 0.748381653452 2.14205703335 4.21729797956 4.82460945036 9.54830758585 10.0847479503 11.8222547542 19.2715966516 29.1826061623 30.1004895148 30.5295438054 0.6859111204 56.0840453065 56.7668759326 58.4145930323 70.0073208037 8.17367694365 7.57168577606 2.21157987672 0.30757462521 1.9255469067 1.33096105158 0.25959565083 1.35491562492 0.297721660787 0.606866682043 1.69325099756 1.99085514578 0.585537452538 0.278515374247 0.271225078461 -9999.0 -9999.0 -9999.0 -9999.0 0.435170952936 0.416490230141 -9999.0 -9999.0 -9999.0 -9999.0 -9999.0 -9999.0 -9999.0 -9999.0 -9999.0 -9999.0 -9999.0 -9999.0
-9999.0 -9999.0 -9999.0 -9999.0 -9999.0 0.706798601411 0.655124240167 2.85351441994 3.4858921328 4.14982966279 0.598690599561 1.17402225002 6.99375917758 1.19129889138 0.512330029025 0.427627153985 0.350051881078 0.418744990273 0.369076596204 0.393874342629 70.3354269777 71.2432180649 0.289989854711 0.892371769227 0.610671872061 2.20496707658 0.529726975349 0.245712531162 1.6571205561 0.58579804904 1.46483643527 3.42699917381 3.14402477102 0.859525148791 0.802223679835 0.286960564329 0.277041648477 -9999.0 -9999.0 0.274337092333 0.821308207326 2.10611163715 0.436723561217 -9999.0 -9999.0 -9999.0 -9999.0 -9999.0 -9999.0 -9999.0 -9999.0 -9999.0 -9999.0 -9999.0
-9999.0 -9999.0 -9999.0 -9999.0 -9999.0 -9999.0 0.76241667586 0.785271508055 1.40980947526 2.07289666973 4.64510906155 5.88025353954 6.49703653911 0.633745835428 0.424868321952 6.25258470236 7.51339753767 7.88235741589 9.49035509024 9.82445755253 0.323395115626 71.5736687301 73.0595571213 1.17692444689 0.235738259407 2.45415814413 5.34335685211 2.13831107104 0.505352113976 0.259524850147 5.40283795623 3.69470599099 0.238851022803 0.239605648348 1.04516069081 0.828876430811 0.247108194514 0.222098197138 0.26639259756 0.532687064766 0.247646007329 2.5493658806 2.76620915491 0.191473826091 -9999.0 -9999.0 -9999.0 -9999.0 0.221846503892 0.204035208642 0.115801893968 -9999.0 -9999.0 -9999.0
-9999.0 -9999.0 -9999.0 -9999.0 -9999.0 -9999.0 -9999.0 0.722704612262 0.624958659263 1.33140552484 2.00044558073 0.620084830736 0.507122324893 3.4411026882 4.41183593162 5.43161980383 0.453560799187 0.86528988194 0.418479850513 10.1874095809 22.8782227402 23.2916671757 96.9947053109 0.293854116332 0.657541261248 0.201347922881 5.57527681775 0.254250889504 0.769274214051 0.250359657569 5.64401098696 5.88875490474 0.483548375896 0.480819235296 2.65901877003 1.34444959877 0.47374124398 0.250933844561 0.528936797319 0.790917583153 1.26230556344 0.209546603149 3.12527511209 3.28429826894 0.138995342105 0.151823216717 0.159533770219 0.139462199464 0.129970612927 0.579858685348 0.281452334688 0.159111594006 -9999.0 -9999.0
-9999.0 -9999.0 -9999.0 -9999.0 -9999.0 -9999.0 -9999.0 -9999.0 1.32020235703 1.88977704829 0.620133600155 1.28645012073 1.86347471 2.98924806519 0.557342168668 0.524421719491 0.409339153232 0.412557222619 0.344060522788 11.9546705531 0.429399284294 0.817973142121 98.2263014707 98.7639377944 0.155909499008 0.975394863469 6.74642640213 0.502379616141 0.984118163141 0.439347954257 0.640676169621 6.78426668978 0.693066327059 3.79003641456 3.11272846749 0.235293393469 1.21333740819 0.499238288122 0.762565460167 0.227650091166 1.46424663363 1.84228280337 1.97817963581 2.1048563107 3.80571028563 0.26428176265 0.280286265161 0.248950290503 0.229518210987 0.702539072952 0.135871339105 0.581285826247 0.705307635115 -9999.0
-9999.0 -9999.0 -9999.0 -9999.0 -9999.0 -9999.0 -9999.0 -9999.0 0.710692167024 3.29562267286 3.88668332741 0.588749498416 1.12859086247 0.536784202972 0.459806273625 0.451063445871 5.95958768447 7.83875078017 9.59248432899 11.4929371554 0.417083129662 0.40522516776 0.268977595445 100.402530038 101.082216331 101.257222411 8.84890844162 1.92283874985 1.6990196865 0.186815676455 0.825861995341 7.8045116091 0.188053726834 3.98219452809 0.229682707001 1.6540257233 1.46815447706 0.242369065637 0.996118204833 0.458413234689 0.678975376332 0.166002537138 0.121485394699 2.22945073863 2.34068478329 3.91663248724 0.399883612641 0.361320773591 0.336205818816 0.850000844764 1.12627292333 0.137913600323 0.840779891975 0.152669597801
-9999.0 -9999.0 -9999.0 -9999.0 -9999.0 -9999.0 -9999.0 -9999.0 -9999.0 0.757310874736 4.55029512477 5.12503092848 1.67875098494 2.7627086713 3.7085450395 4.1997178251 0.509746337684 1.46706413166 0.965117960126 0.529680311437 0.47716701949 0.400520959832 0.73415831816 1.1512559132 0.304412343367 110.64247139 110.805667285 0.146881511592 0.134713366304 0.396281473397 0.589425800721 8.3661522464 0.371191277022 4.14329184202 2.50120982178 2.08718702975 0.224273343717 0.458158397 1.19972339198 0.203804825583 0.871606319651 0.347841208484 0.188397889502 0.0735779279149 2.59599498078 6.60262912404 0.480342648625 0.443615890223 0.443368747663 0.113141014941 1.23725001622 0.107496452341 1.09198915194 0.131625486791
-9999.0 -9999.0 -9999.0 -9999.0 -9999.0 -9999.0 -9999.0 -9999.0 -9999.0 -9999.0 0.5939034339 6.31555491282 0.540703559974 1.07607477607 1.53222259858 2.39259526633 0.431655811542 0.931006440924 0.439424287155 0.388069016836 0.352949974152 0.690760656108 0.286613544038 0.257814508486 0.451366371496 0.249582040564 111.029996256 111.354773162 111.829896174 0.73960566169 0.204589458439 0.408095593387 8.57751079668 7.59680503835 2.93139647748 0.212145796703 0.894160415322 0.673970614481 1.40397486638 0.406396712581 1.6081199513 0.537364649292 0.316728452448 0.0579039452789 0.0804028058435 6.72429203297 6.83158909083 7.84494412916 0.802554941142 0.235613316742 1.35909538309 1.58562650954 2.78222056656 0.255220314077
-9999.0 -9999.0 -9999.0 -9999.0 -9999.0 -9999.0 -9999.0 -9999.0 -9999.0 -9999.0 -9999.0 0.435694071232 7.1863445331 0.502028589616 0.954901116793 4.20142742754 0.426956001655 0.416553404375 0.346239725395 0.770170053629 0.391820293294 1.46092568981 2.03875746964 2.2905396105 0.64407834949 0.782530826352 0.159687429403 0.210377370527 0.217853868431 112.998461238 113.545451873 8.74217320581 7.94121816555 7.77099427631 0.343986975781 0.165176814942 1.08541796156 2.87175807142 1.59548401336 0.594630763261 2.37923890617 0.706841125901 0.543479681288 0.122190231003 0.045681140717 0.0372937106163 0.0428150865387 8.13038393003 9.26094757326 0.115144343557 0.102081538934 0.116287347961 2.89688019012 3.26035696317
-9999.0 -9999.0 -9999.0 -9999.0 -9999.0 -9999.0 -9999.0 -9999.0 -9999.0 -9999.0 -9999.0 0.398379177982 8.06391605041 9.76397086816 0.463126388304 5.10214056341 0.377332929808 0.354842318077 0.730777231339 1.8988242755 0.372234112991 0.403556832571 0.292237644077 2.85274157118 3.11203140096 4.17973052382 4.51978995503 4.6822061092 4.82711081058 5.0134331676 118.742625922 127.749652542 135.936708167 136.075254577 0.120864784432 0.164123143003 3.25658442902 3.06553664114 0.187747119163 0.185707099223 2.55817584969 3.44363855224 0.133304378094 1.56343165681 1.4584975998 0.295102802891 0.114466198522 0.202762372647 0.119286811353 9.453346965 0.0964271860138 0.300314326765 0.370718095451 3.86551932765
-9999.0 -9999.0 -9999.0 -9999.0 -9999.0 -9999.0 -9999.0 -9999.0 -9999.0 -9999.0 -9999.0 0.656624203009 1.22967809198 10.3102016865 11.1672893011 0.426654031923 5.89927057973 0.310674828853 0.981182865133 2.23970386821 0.714345714876 0.339356902704 0.673544955023 0.236337628431 0.461974232348 0.239955632502 0.208368314161 0.175800767796 0.155179205981 0.109559630962 0.074792642147 0.0963781095747 0.126407088566 0.168273899743 136.503226189 3.6906955071 3.44188391217 0.0881430104846 0.521715165711 0.153666122745 0.160805296954 3.60445976403 5.64669636197 1.7438158568 1.34420476205 0.200979803233 0.0679515474215 0.0570625434779 0.140618844503 9.69593918113 9.88429288293 0.0993007499794 0.100316225261 0.0705338471581
-9999.0 -9999.0 -9999.0 -9999.0 -9999.0 -9999.0 -9999.0 -9999.0 -9999.0 -9999.0 -9999.0 -9999.0 0.491122298397 7.65746537068 19.3042213534 20.7954036526 27.0711277937 27.4804238151 5.01766154996 3.65915677575 1.06151726178 0.331585403475 1.31128716305 1.5990418933 2.30872403831 0.496618509972 0.432984637021 0.406461679853 0.77623922809 0.319011909326 0.267041572975 0.163646194943 0.101960514079 0.0643688421784 136.630472813 140.451021328 140.579129936 0.0874285130904 1.37103836287 0.668573369217 0.180399595487 6.20618285929 0.402925594458 0.211459655435 0.89804123399 0.16619978957 0.100962637966 0.185052684343 0.264131253303 0.358016142968 10.0404640585 0.0728978154 0.0619715950996 0.061641219212
-9999.0 -9999.0 -9999.0 -9999.0 -9999.0 -9999.0 -9999.0 -9999.0 -9999.0 -9999.0 -9999.0 0.595569421442 5.89716668128 7.12513944025 1.05777745883 0.437313443127 0.84453705754 28.7094313274 29.0479108685 34.4681757495 0.294828689236 0.622031669327 0.255001267739 0.259775026279 2.55344231391 3.29371557053 3.93881249479 0.206316159588 0.975295354609 1.48883122722 0.790779471733 0.34620332279 0.241410594445 0.180532042281 0.166265713206 0.0500124069524 140.676605483 140.750984344 142.255500991 0.281402079489 0.154219408948 6.43956702749 0.451246843363 0.233398972643 0.260303341369 0.257764555871 0.209459522538 0.323391235043 0.915582255298 1.37593221747 11.4911014455 0.0542405506709 0.161586007302 0.108812212668
-9999.0 -9999.0 -9999.0 -9999.0 -9999.0 -9999.0 -9999.0 -9999.0 -9999.0 -9999.0 -9999.0 0.616518379572 4.24257044646 0.640531895989 0.500699141913 2.97158438539 3.39226833346 3.80265359811 4.15181875433 47.2422649601 47.5806311896 48.1834479501 53.093106862 53.861235775 54.2620499105 54.5121387647 58.9682021994 59.5566591132 59.7660701842 61.4862503653 62.4951574887 62.6770878359 63.2534365371 0.346290099047 0.282675440318 0.0400228945276 0.0249099943261 140.824531293 142.698958069 0.37804193887 7.67244133237 7.52252062874 0.816264642496 0.190268054409 0.189721027896 0.180208593082 0.178535982238 0.357309984984 0.490178672675 0.120981119883 11.5626595179 11.6395743864 11.9738675465 12.0344435796
-9999.0 -9999.0 -9999.0 -9999.0 -9999.0 -9999.0 -9999.0 -9999.0 -9999.0 -9999.0 -9999.0 2.24727281886 2.95384448704 1.31863841823 1.91876843563 0.587922177421 6.58379277083 7.02678545801 7.89765501995 8.26950622589 2.80446192561 51.6076376585 51.9509616627 0.236250890976 0.147932682872 0.144450356031 0.302403573978 0.153767021022 0.121718983986 0.120356730382 0.114838067876 62.8498385458 63.4231490506 63.964311028 64.4054233673 64.5305749188 0.0410798899871 0.0130623900017 150.660912103 7.90111951699 7.83446019879 0.165199876491 0.143706955659 0.12613256296 0.318717293581 0.309137789401 0.141398989997 0.142806360728 0.128479702037 0.247348370683 0.315732392886 0.0521823565458 0.0933880209131 0.0294933894019
-9999.0 -9999.0 -9999.0 -9999.0 -9999.0 -9999.0 -9999.0 -9999.0 -9999.0 -9999.0 -9999.0 -9999.0 1.52600196783 0.691077712418 0.590353237063 5.69185077468 6.15781456362 0.471576414281 1.76787330921 2.1721819441 2.49856320143 0.383496209565 0.207920235169 7.38515076416 7.53893127541 7.68449468864 19.3920345089 19.5004615078 19.7129522531 20.8212474 21.4089174273 21.4968455923 0.111013660661 0.117960199657 0.0966973875574 64.6464479733 0.0323745362502 151.841018476 151.75674693 1.04905825755 0.968296197087 0.610239318898 0.15225019048 0.252388172508 0.44807453003 0.438503903821 0.271961830711 0.135879842278 0.261312058936 0.258685203935 0.424940123602 0.0771882310575 0.151359860948 0.239119273684
