data/baseflow/History/mHMbfrc530
ncols                  80
nrows                 72
xllcorner      4374000.0
yllcorner      5656000.0
cellsize            500
NODATA_value       -9999
[rows 0 to 23 of 72, columns 0 to 54 of 80]
-9999.0 -9999.0 -9999.0 -9999.0 -9999.0 -9999.0 -9999.0 -9999.0 -9999.0 -9999.0 -9999.0 -9999.0 1.64969700924 1.12365903864 -9999.0 -9999.0 -9999.0 -9999.0 -9999.0 -9999.0 -9999.0 -9999.0 -9999.0 -9999.0 -9999.0 -9999.0 -9999.0 -9999.0 -9999.0 -9999.0 -9999.0 -9999.0 -9999.0 -9999.0 -9999.0 -9999.0 -9999.0 -9999.0 -9999.0 -9999.0 -9999.0 -9999.0 -9999.0 -9999.0 -9999.0 -9999.0 -9999.0 -9999.0 -9999.0 -9999.0 -9999.0 -9999.0 -9999.0 -9999.0 -9999.0
-9999.0 -9999.0 -9999.0 -9999.0 -9999.0 -9999.0 -9999.0 -9999.0 -9999.0 -9999.0 -9999.0 -9999.0 3.32029788832 6.75429721407 0.968401151769 -9999.0 0.715696130181 -9999.0 -9999.0 -9999.0 -9999.0 -9999.0 -9999.0 -9999.0 -9999.0 -9999.0 -9999.0 -9999.0 -9999.0 -9999.0 -9999.0 -9999.0 -9999.0 -9999.0 -9999.0 -9999.0 -9999.0 -9999.0 -9999.0 -9999.0 -9999.0 -9999.0 -9999.0 -9999.0 -9999.0 -9999.0 -9999.0 -9999.0 -9999.0 -9999.0 -9999.0 -9999.0 -9999.0 -9999.0 -9999.0
-9999.0 -9999.0 -9999.0 -9999.0 -9999.0 -9999.0 -9999.0 -9999.0 -9999.0 -9999.0 1.69498177884 1.65405573823 1.68946811679 1.61760192566 9.92963026559 11.0896458952 2.00634434487 0.633191628004 -9999.0 -9999.0 -9999.0 -9999.0 -9999.0 -9999.0 -9999.0 -9999.0 -9999.0 -9999.0 -9999.0 -9999.0 -9999.0 -9999.0 -9999.0 -9999.0 -9999.0 -9999.0 -9999.0 -9999.0 -9999.0 -9999.0 -9999.0 -9999.0 -9999.0 -9999.0 -9999.0 -9999.0 -9999.0 -9999.0 -9999.0 -9999.0 -9999.0 -9999.0 -9999.0 -9999.0 -9999.0
-9999.0 -9999.0 -9999.0 -9999.0 -9999.0 -9999.0 -9999.0 -9999.0 -9999.0 1.64625460953 3.34137184345 6.62402145333 3.28729980648 1.61136596593 3.18935216064 12.6802400299 16.3710879876 0.768302503107 -9999.0 1.68209296831 -9999.0 -9999.0 -9999.0 -9999.0 1.39754866966 0.698443287075 -9999.0 -9999.0 -9999.0 -9999.0 -9999.0 -9999.0 -9999.0 -9999.0 -9999.0 -9999.0 -9999.0 -9999.0 -9999.0 -9999.0 -9999.0 -9999.0 -9999.0 -9999.0 -9999.0 -9999.0 -9999.0 -9999.0 -9999.0 -9999.0 -9999.0 -9999.0 -9999.0 -9999.0 -9999.0
-9999.0 -9999.0 -9999.0 -9999.0 -9999.0 -9999.0 -9999.0 -9999.0 1.72170044932 5.04050229392 6.66906639515 8.29912490967 11.498075758 1.57693473724 6.30208916984 7.88073762081 26.7175376674 1.41654072938 1.59933528028 3.27064544782 4.81623461166 1.57645823507 -9999.0 3.85640051532 3.15066297528 0.925177191817 -9999.0 -9999.0 -9999.0 -9999.0 -9999.0 -9999.0 -9999.0 -9999.0 -9999.0 -9999.0 -9999.0 -9999.0 -9999.0 -9999.0 -9999.0 -9999.0 -9999.0 -9999.0 -9999.0 -9999.0 -9999.0 -9999.0 -9999.0 -9999.0 -9999.0 -9999.0 -9999.0 -9999.0 -9999.0
-9999.0 -9999.0 -9999.0 -9999.0 -9999.0 -9999.0 1.75775991917 1.65422569444 1.64393632626 1.64757824773 1.6654268654 11.6143428475 24.7227253012 26.3344674391 27.8221402969 1.44826198239 29.6407485549 31.167788579 3.15671829542 1.54969211635 6.34075473812 10.9894968927 1.50942783404 8.32850850818 1.6371043011 1.57844629212 1.69089501999 -9999.0 -9999.0 -9999.0 -9999.0 -9999.0 -9999.0 -9999.0 -9999.0 -9999.0 -9999.0 -9999.0 -9999.0 -9999.0 -9999.0 -9999.0 -9999.0 -9999.0 -9999.0 -9999.0 -9999.0 -9999.0 -9999.0 -9999.0 -9999.0 -9999.0 -9999.0 -9999.0 -9999.0
-9999.0 -9999.0 -9999.0 -9999.0 -9999.0 -9999.0 3.50705030289 5.18882719007 11.8357516385 16.7450813023 1.61321035895 1.6242655032 1.57911383817 4.69708448313 34.0229220174 1.44959026709 32.6777508423 38.5163794162 4.60976191721 3.02538661978 12.4679490721 1.53147958107 9.87291979481 3.15417414964 1.60242499772 3.16547995139 3.32601432184 1.64589082676 1.61707293794 1.61637490139 1.61341483974 3.24990438762 -9999.0 -9999.0 -9999.0 -9999.0 -9999.0 -9999.0 -9999.0 -9999.0 -9999.0 -9999.0 -9999.0 -9999.0 -9999.0 -9999.0 -9999.0 -9999.0 -9999.0 -9999.0 -9999.0 -9999.0 -9999.0 -9999.0 -9999.0
-9999.0 -9999.0 -9999.0 -9999.0 -9999.0 1.76140136006 3.4777075655 1.69042422356 3.35934217423 18.4210782965 21.6880697296 24.9259013055 76.9674136439 1.54463507758 35.5689090299 123.879587831 124.973628903 165.328195082 1.17537863633 4.51641060978 13.957927584 1.4876691834 27.2695349955 15.8780569293 9.67335416713 8.09313541942 1.62232943879 4.88618923662 4.77332811276 3.19760959177 1.57654113437 4.86070447269 1.60544870724 1.60964583379 -9999.0 -9999.0 -9999.0 -9999.0 -9999.0 -9999.0 -9999.0 -9999.0 -9999.0 -9999.0 -9999.0 -9999.0 -9999.0 -9999.0 -9999.0 -9999.0 -9999.0 -9999.0 -9999.0 -9999.0 -9999.0
-9999.0 -9999.0 -9999.0 -9999.0 -9999.0 1.77847508624 5.23000774577 10.4059102655 12.0760525057 24.0314412279 25.6712854796 30.6784263803 50.4811896307 81.1015733389 84.0715025434 85.4532670628 2.77442272963 170.20246301 172.677916877 180.022633973 227.226850669 31.7546860915 28.7905582667 11.2002881647 1.52474389543 9.60153109643 6.47227135064 1.57745555345 6.30839182292 1.47274413035 3.00112872103 7.98645471474 9.53976187093 3.17156133105 1.56441178513 1.57856001027 -9999.0 -9999.0 -9999.0 -9999.0 0.807397682839 0.676472068656 -9999.0 -9999.0 -9999.0 -9999.0 -9999.0 -9999.0 -9999.0 -9999.0 -9999.0 -9999.0 -9999.0 -9999.0 -9999.0
-9999.0 -9999.0 -9999.0 -9999.0 -9999.0 1.76482454689 1.71684255627 6.93192832448 8.59893314407 10.2975114563 1.68404397495 3.36033642509 18.6290846762 3.30412307593 1.61791381836 1.59770640693 1.49385203028 1.58341583325 1.55996624488 1.53557137203 228.727428544 233.181770176 1.48584017044 4.52985547651 3.0473619743 11.1256417362 3.13944444103 1.55373604276 7.87825955163 2.90578612102 6.91446793762 17.1008997515 15.8046189966 4.73355555632 4.72941956329 1.56236267467 1.57057477218 -9999.0 -9999.0 1.56743234995 1.9494045827 4.02785551098 0.704253342539 -9999.0 -9999.0 -9999.0 -9999.0 -9999.0 -9999.0 -9999.0 -9999.0 -9999.0 -9999.0 -9999.0 -9999.0
-9999.0 -9999.0 -9999.0 -9999.0 -9999.0 -9999.0 1.77810970672 1.75205071879 3.50305894498 5.22018359718 11.9424389061 15.3421551189 17.0260394474 1.71982780953 1.58184960316 19.8626867662 24.581310769 26.1441037707 32.3767071894 33.9068560119 1.51111007846 234.670737486 242.097146323 5.95477950137 1.29170924645 12.5707507066 28.1414851413 10.9442129474 3.00054894845 1.48769392144 26.8862380571 18.5821191216 1.50188235494 1.506210935 6.23605964369 4.64334091702 1.54747182029 1.5827483724 1.53715585026 3.08734234927 1.52401659055 4.8972699481 6.42257542272 1.51878067525 -9999.0 -9999.0 -9999.0 -9999.0 1.60197509903 1.57218499401 0.435101398487 -9999.0 -9999.0 -9999.0 -9999.0
-9999.0 -9999.0 -9999.0 -9999.0 -9999.0 -9999.0 -9999.0 1.80889827774 1.64746865191 3.33778866659 5.04119814106 1.72037258042 1.68123968595 10.0965873453 13.3959705575 16.6975246136 1.57240886431 3.16347144253 1.53354951912 35.4084189409 77.314303811 78.1308397358 322.881038761 1.49933812127 3.91591809633 1.28215766289 29.6325562791 1.4847758118 4.50136812945 1.48750914094 28.3732236139 29.8472420424 2.99756449741 2.99043121908 15.4633335622 7.71705418638 3.1152008338 1.56315770371 3.0871738729 4.61795301765 7.65485782207 1.52685053409 9.52030643648 11.0561304775 1.46156045227 1.50392916654 1.52086151399 1.47115582109 1.42961672183 4.67410690363 1.84439430883 1.2152043665 -9999.0 -9999.0 -9999.0
-9999.0 -9999.0 -9999.0 -9999.0 -9999.0 -9999.0 -9999.0 -9999.0 3.42997548838 5.08332686898 1.71576759391 3.42804156551 5.09496893018 8.4844198736 1.6823073199 1.67393499952 1.57548793893 1.60139226238 1.54731134454 38.8827684654 1.54186176296 3.07532662949 326.910005554 330.4032183 2.10951138665 8.05629406662 39.2225155111 2.92097746038 5.91800208182 2.89891552615 4.29258662586 35.6593460907 4.4119576033 22.7864533877 18.3793337651 1.46020191804 7.64897545159 3.05722710273 4.58280128046 1.49958255735 9.17413963639 12.2398098638 13.6580041359 15.046462708 16.6736586059 2.81842095572 2.88504871138 2.79275400487 2.69436682002 6.07475950245 1.36984935841 4.440091862 5.73656896023 -9999.0 -9999.0
-9999.0 -9999.0 -9999.0 -9999.0 -9999.0 -9999.0 -9999.0 -9999.0 1.73704164736 8.51434201578 10.2174322335 1.71278431089 3.39938495061 1.69044122661 1.66303343449 1.63622530989 19.8858012308 26.6040885343 32.5549974888 38.0356659016 1.41189113989 1.53919550352 1.85496399843 337.419860077 340.955565129 342.889957815 53.1414903183 11.8650970597 10.30817899 1.43735118491 5.71306527409 42.7783824156 1.42571949695 24.2075806291 1.44181702388 9.8188992286 9.15506547586 1.48633131897 6.06302569337 2.98017057373 4.44802784142 1.5375971719 1.38546035515 16.4276809082 17.7397578826 17.9836676495 4.24490210836 4.12509938919 4.02244227734 7.47034156623 10.2039018349 1.36019603639 7.03829009733 1.31045146843 2.57171831852
-9999.0 -9999.0 -9999.0 -9999.0 -9999.0 -9999.0 -9999.0 -9999.0 -9999.0 1.69730144661 11.9105204537 13.6222119899 5.10205706831 8.4893794758 11.8102074777 13.4671745258 1.64498547159 5.13257783315 3.35284264004 1.62349834875 1.64765144366 1.59826976746 3.23893414464 5.71847082617 2.20198770435 400.028971101 402.121679133 1.98312524956 1.50332133556 2.82403631324 4.20781812081 46.9479582883 2.79310240313 25.5695287871 15.2707926734 12.4765752565 1.44813241389 2.92728130654 7.49450258139 1.42174447975 5.85827604894 2.94692731754 2.62339264477 1.24964987176 21.4637240582 40.6045733487 5.32579422566 5.23415142362 5.28376708476 1.25583790537 11.4431327735 1.23144769893 9.6081628867 1.24488818814 3.80778176856
-9999.0 -9999.0 -9999.0 -9999.0 -9999.0 -9999.0 -9999.0 -9999.0 -9999.0 -9999.0 1.67316289982 16.9981185517 1.7075632043 3.41254617404 5.060856802 8.44519899726 1.74188108219 3.51664478378 1.73908239232 1.73507419733 1.66369441556 3.30922023081 1.58214017045 1.83971694103 4.03793865452 2.24716144418 403.98555416 407.850812846 413.369508516 5.78175797167 1.3874248187 2.76369282379 48.3252480502 47.7512291051 18.0840233094 1.40585201504 5.79829376433 4.36429629325 8.92897719146 2.85431749391 11.626808539 4.35713817733 3.99774426923 1.19464856686 1.26415438225 41.918542279 43.1310052456 54.854733314 9.12432084152 2.55557111147 12.7293361682 15.2166369637 26.0162204203 2.47038294764 1.19366536184
-9999.0 -9999.0 -9999.0 -9999.0 -9999.0 -9999.0 -9999.0 -9999.0 -9999.0 -9999.0 -9999.0 0.897890040912 19.0307565237 1.68355301128 3.3190867857 15.1368698361 1.7425591622 1.7520142739 1.65309734559 3.38485217074 1.57659271606 6.46488887958 9.60067843257 11.1450252623 5.62028109123 7.49077928148 2.06217226218 2.22773573793 1.88659441318 422.162344126 426.578289041 49.6807913688 50.404837952 49.0813475711 2.73824701457 1.36126097606 7.16727103596 18.8482879619 10.3155853414 4.24519269823 17.2381391536 8.93206307921 7.58224521899 2.36924105671 1.07740013259 1.06582802972 1.05017331581 59.3868394156 72.1845261319 1.23941912866 1.17787714864 1.21589305799 27.1784911433 30.7911124908 2.26271428135
-9999.0 -9999.0 -9999.0 -9999.0 -9999.0 -9999.0 -9999.0 -9999.0 -9999.0 -9999.0 -9999.0 0.859151112131 21.1466698898 26.1331276308 1.62844761178 18.3951542161 1.67931099084 1.6729336117 3.24106123072 8.21296185083 1.58276606242 1.60380075866 1.54027085019 14.2629805369 15.7819698556 24.7877632657 28.4251148684 30.241137743 32.1586824207 33.9887631034 462.287270756 515.443688323 569.113416598 570.399640694 1.50064405379 1.36732593358 21.5823864852 20.2263691666 1.3676845551 1.3534003936 18.5361796094 28.8247608396 1.29589406126 14.9696062603 13.7449946583 4.52993510981 2.17923416964 3.37160568758 1.22895136036 74.4461727251 1.12349854744 3.5073719396 4.47812078773 38.5083729413 41.7430290332
-9999.0 -9999.0 -9999.0 -9999.0 -9999.0 -9999.0 -9999.0 -9999.0 -9999.0 -9999.0 -9999.0 1.71515942578 3.34091398174 27.7534449313 30.9132737589 1.58762631768 21.2314005426 1.58652797885 4.79045546876 9.74803709653 3.11036997368 1.52768552464 3.09816543516 1.50900116605 2.93080260564 1.41884815723 1.377786124 1.28723594705 1.23632952647 1.31851942829 1.47501728442 1.80396855667 2.00389782334 2.00785796145 575.243971326 27.8251708672 24.6631968319 1.49263875939 4.05065897343 1.01662719676 0.843670608101 30.1431325825 49.0816590356 16.3251374306 11.5029002776 2.33218341779 1.12172586672 1.08888237633 2.20716085778 77.7975614086 79.9640913299 1.10461289807 1.09792351124 1.1118749429 1.00495561367
-9999.0 -9999.0 -9999.0 -9999.0 -9999.0 -9999.0 -9999.0 -9999.0 -9999.0 -9999.0 -9999.0 -9999.0 1.66445907049 20.3078315441 52.8172618558 57.605984021 80.3112882858 81.4562659398 21.8414796014 15.941427225 4.66051461964 1.52394358438 6.10589141016 7.58111194314 11.9316319804 2.85873074251 2.79488093294 2.71007855229 5.34301378841 2.70854835149 2.83095592969 1.27436441891 1.18573907717 1.43875111792 576.740329539 605.411839636 607.084028131 1.51053371746 11.596258885 4.52344797169 1.34713960388 53.1265711577 2.74708375175 1.39036680324 5.65802159589 1.3226202635 1.30054678565 2.48282935376 3.5391734574 4.63986633908 81.9726099091 0.97455529196 0.898165927214 0.89841757232 0.761154952142
-9999.0 -9999.0 -9999.0 -9999.0 -9999.0 -9999.0 -9999.0 -9999.0 -9999.0 -9999.0 -9999.0 1.70302020095 15.3825594107 18.69898458 3.20968463238 0.963762864297 2.30032942886 85.3024855213 86.5908038586 109.514841198 1.45857243377 2.97677227211 1.41821379982 1.43614389936 13.3438298313 17.6143013111 21.7929940865 1.37414528345 6.71029282483 10.7694355825 6.75134913065 2.60022390356 2.43333732006 2.56306261798 2.65821031417 1.55645321195 608.358097843 609.561561893 623.623026824 2.52124131498 1.28046341529 53.9393272797 2.84075784027 1.44039744135 1.46960182541 1.45838230508 1.41188648419 2.75315778187 7.95595322942 13.7465969848 96.6764836449 0.816004388091 2.43730435857 1.63455199764 1.43318191735
-9999.0 -9999.0 -9999.0 -9999.0 -9999.0 -9999.0 -9999.0 -9999.0 -9999.0 -9999.0 -9999.0 1.72751746205 10.3218564063 1.6709083502 1.60601090932 7.76911237528 9.26320733025 10.8225479075 12.339576916 147.79366762 149.031169447 151.766067645 171.654004259 175.996483995 178.737835291 180.172916249 205.537210217 209.216045724 210.546413086 222.68346303 230.799088697 232.128551864 237.089444973 3.85440520572 3.81940004684 1.32272278114 1.35734638434 610.836749641 628.707885522 3.84143762331 61.4037702247 60.2380375425 5.59668989225 1.3961398338 1.43112014114 1.42192030236 1.37109950352 2.75320954364 4.05710273093 1.29282374185 97.6139522246 98.5659943053 103.485939598 104.313229585 106.51403743
-9999.0 -9999.0 -9999.0 -9999.0 -9999.0 -9999.0 -9999.0 -9999.0 -9999.0 -9999.0 -9999.0 5.18354262443 6.87936302662 3.31188145684 4.93373758263 1.61194757947 18.2535321708 19.8601514188 23.0048468467 24.4274884074 10.6677369493 164.530804841 165.796926127 1.46471432335 1.32081309769 1.28057614004 2.61852494661 1.2941667059 1.18511323014 1.1553660722 1.17247916991 233.364878094 238.336568019 243.314571361 248.195592345 253.271676841 2.51806301602 1.04081398439 693.653240543 63.7750931924 62.5848042877 1.28541047908 1.28457856161 1.24823826729 2.71194095117 2.71051239835 1.29442639526 1.29364651844 1.22456874627 2.50883415915 3.50350124238 0.804458909483 1.50402007121 0.640326437958 0.564126140156
-9999.0 -9999.0 -9999.0 -9999.0 -9999.0 -9999.0 -9999.0 -9999.0 -9999.0 -9999.0 -9999.0 -9999.0 3.48549710664 1.67182170171 1.63983005544 15.0778376647 16.694466027 1.61145996924 6.44342191643 7.95041785579 9.40514885493 1.51493488275 1.48001966275 26.7716907388 28.1415850175 29.491114311 75.4753665796 76.7102761551 79.0518936709 88.4770137283 95.2543598174 96.3877295404 1.05289226425 1.06637385333 1.00708148759 255.070093181 0.961256647196 706.390777446 704.742507289 9.99075274349 8.69575795648 5.11699709837 1.29575643514 2.50766067122 3.98868219221 3.98294121906 2.55327798998 1.26903411287 2.48913595191 2.43650614709 4.62911940469 0.713813065973 2.28893137978 3.76941654639 4.91140850147
