data/baseflow/History/mHMbfrc457
ncols                  80
nrows                 72
xllcorner      4374000.0
yllcorner      5656000.0
cellsize            500
NODATA_value       -9999
[rows 24 to 47 of 72, columns 0 to 54 of 80]
-9999.0 -9999.0 -9999.0 -9999.0 -9999.0 -9999.0 -9999.0 -9999.0 -9999.0 -9999.0 -9999.0 -9999.0 1.38055505258 3.95335811332 5.19363354501 8.93431237724 1.1534715414 2.32821458417 3.468693857 13.1975961044 14.2630928963 15.2663398197 16.3544314132 17.4509777375 26.9392445328 30.2013211802 32.2477017611 0.963731641729 5.18867324162 6.13794647722 66.3005295523 70.5691692384 72.3672797655 74.1631522143 75.8028111232 259.841458844 0.303523594608 490.152616006 1.29503728155 0.66309144779 5.1057848792 4.26915663444 0.781641667987 2.32824009918 3.24449416154 3.20978263445 2.29492590543 3.81555797353 6.07531665246 2.29099641978 5.78902164863 0.623317086557 1.02649358438 0.243940779412 0.181198084149
-9999.0 -9999.0 -9999.0 -9999.0 -9999.0 -9999.0 -9999.0 -9999.0 -9999.0 -9999.0 -9999.0 -9999.0 1.34047029169 2.6521530716 1.24155813864 2.49335512787 1.16431824567 8.62468584736 10.9145822491 12.0818581229 1.11802610984 2.19267389144 19.743340382 24.9159640606 25.9534048059 2.13026604263 2.26659865249 3.44881323903 0.877172324095 0.829361864555 1.58505721414 0.650493737479 29.6076233 30.3186302912 30.8503276005 260.320800915 494.990308595 490.89833839 1.03129528427 0.476544107308 0.430148694867 1.95060964471 1.49551075976 3.11737019048 4.01014262917 7.99180834689 0.761108278372 0.759072333191 6.80880867743 7.56554101757 14.6804065991 15.1250356744 16.3820011395 16.8243908316 0.378853005687
-9999.0 -9999.0 -9999.0 -9999.0 -9999.0 -9999.0 -9999.0 -9999.0 -9999.0 -9999.0 -9999.0 -9999.0 -9999.0 1.29052472557 2.57235872872 3.85144860061 6.24401001898 1.22827023662 1.15801272031 7.4189866171 8.52498210202 17.5946691578 18.707362003 3.1691625044 1.11097195386 1.04321294982 1.03261222962 25.0993804377 25.9091200736 26.7617761406 27.5259059974 28.8947829831 6.69364355797 7.18128389227 38.6406551464 794.20057651 3.38803768013 2.74222779227 1.46183426612 0.371632838719 0.358879317585 2.76356574771 3.04290153537 3.93398802683 0.438917640746 8.56202635922 1.44138780859 1.43040652192 0.418107217595 0.261976554541 0.201815679385 0.152491475884 0.197370944252 17.022954446 203.454754293
-9999.0 -9999.0 -9999.0 -9999.0 -9999.0 -9999.0 -9999.0 -9999.0 -9999.0 -9999.0 -9999.0 -9999.0 -9999.0 -9999.0 1.27116891528 2.2636212703 3.11526716469 3.96759909879 5.11348248331 6.28332601463 3.44925921458 5.75071357419 1.12036183707 1.10006840717 20.0559295576 22.1721216529 23.1797636957 24.248303456 0.877317655645 1.65174747246 4.20408504664 5.21944950321 6.03760616787 0.599708716292 0.335403894793 795.483308825 0.596945665071 0.75675503238 0.406749234275 1.46437173995 0.673660478398 0.326422888929 7.26843598542 7.44914929742 0.184196503272 8.74653027991 10.4468382183 1.76385830084 211.864996332 211.239191956 210.756572936 209.938571444 209.656871414 204.770775748 204.58981787
-9999.0 -9999.0 -9999.0 -9999.0 -9999.0 -9999.0 -9999.0 -9999.0 -9999.0 -9999.0 -9999.0 -9999.0 -9999.0 -9999.0 0.200452525809 0.464895248149 0.861116615535 7.13355873587 8.31636993009 1.18625433545 1.14898930133 1.14485081194 15.7060549612 17.9366593397 1.08560620026 1.10092487132 0.982007908704 4.00555888058 4.99278907975 2.65862592432 3.43910583591 22.192153433 23.0566224583 24.2765667644 39.1636041282 834.920620903 0.574295721152 0.326212900825 2.24665652433 1.87914707536 0.227812768954 0.801229333841 1.03435672254 7.67881997927 7.87459760187 18.8231092657 10.5748551275 2.01252537338 216.557235839 1.67709573342 210.358676182 210.156469417 4.59216837568 0.147651985146 0.919369329303
-9999.0 -9999.0 -9999.0 -9999.0 -9999.0 -9999.0 -9999.0 -9999.0 -9999.0 -9999.0 -9999.0 -9999.0 -9999.0 -9999.0 1.00523650007 1.64984910597 3.54275660408 6.07385756366 9.03951712512 11.2271628544 12.364868062 13.5145870676 14.6404591824 1.10736515096 1.04042376665 2.06352199466 2.00247980623 1.0294595011 18.9350090805 19.9043785555 20.826681172 21.7046695829 13.0523684378 13.9455658766 14.5802949535 835.159466768 0.924495277516 1.15764899224 3.69702344592 0.406873738015 0.413391337357 0.198560833835 0.220606892928 1.2240837763 0.17119728088 0.178307269419 236.264903107 217.305621807 217.134066474 0.65706977824 1.46469640294 0.992414473423 0.282257819545 4.31383756451 1.30493403995
-9999.0 -9999.0 -9999.0 -9999.0 -9999.0 -9999.0 -9999.0 -9999.0 -9999.0 -9999.0 -9999.0 -9999.0 -9999.0 -9999.0 0.698537009191 0.635837718258 1.23977507427 1.90757748531 1.15678473204 1.27774431754 2.45140016157 3.61856771899 5.83432244396 6.92823953544 7.92402942884 11.0078643839 11.9643123737 13.0026215052 0.97009407013 9.48343888299 10.3948982812 11.3220750783 0.878425888912 0.601542945025 1.04275413287 850.592443252 850.823203833 852.279662698 4.82424662231 0.831166952811 0.846202227253 0.242944669705 0.407587844631 1.4094835041 1.74354183337 0.327022879421 236.999646579 0.205718200136 0.335273632254 0.395685118295 0.246466601734 0.507207222033 0.207140364754 2.66612587326 2.18171303943
-9999.0 -9999.0 -9999.0 -9999.0 -9999.0 -9999.0 -9999.0 -9999.0 -9999.0 -9999.0 -9999.0 -9999.0 -9999.0 -9999.0 -9999.0 0.596190556511 1.17865773784 0.603926689891 1.27412045068 7.93101203775 8.94386781701 10.0818349154 1.1051888745 1.10319349215 2.11346601123 3.14699879243 5.01935982012 6.00610993773 6.62190455441 7.57165809818 0.852802727019 0.855401442552 12.8904738553 13.4603146513 13.8250262258 14.1406999123 11.6539471952 865.212011968 872.029714579 872.338163335 873.46076199 874.787952694 875.357105533 0.171304538626 1.90420973857 237.147843515 0.38811320106 0.198761351141 0.143392859647 0.128595427198 0.243953826731 0.291507361963 0.164799355823 0.24056943849 0.249246000689
-9999.0 -9999.0 -9999.0 -9999.0 -9999.0 -9999.0 -9999.0 -9999.0 -9999.0 -9999.0 -9999.0 -9999.0 -9999.0 -9999.0 -9999.0 -9999.0 1.74634141877 2.38589780461 4.27458398934 5.87210950833 0.899518828486 12.1734743332 13.2536215344 14.3029300089 1.01553847945 2.00248823568 0.904092621932 6.72154785029 7.28426280033 8.18832064269 9.22868369874 11.6220666792 12.0876257604 0.290805160693 10.5043420406 11.1073577112 11.3612564902 12.6850679807 1.7396992274 1.11947378807 0.730563515537 0.63863092251 876.051849534 876.267786061 879.38375335 237.292167428 0.983010529908 0.455204012577 0.285883063024 0.120460175162 0.875064202953 0.488009219207 0.14940932481 0.830093101384 0.699369150914
-9999.0 -9999.0 -9999.0 -9999.0 -9999.0 -9999.0 -9999.0 -9999.0 -9999.0 -9999.0 -9999.0 -9999.0 -9999.0 -9999.0 -9999.0 -9999.0 0.631412517559 3.00784472539 3.6799453676 0.9694994738 1.15774804048 2.33007340226 3.42207362417 18.7804966971 1.00755639614 4.04183586027 4.97173408944 5.88171170185 0.62239873451 1.46143532872 2.0254491983 8.16099179289 9.39061057219 9.62411430819 0.297619098534 0.327497871616 0.429145832429 0.77056390368 0.366265531338 0.397421726703 0.598930365315 0.480961837888 0.522310441967 1.05978566662 879.616558642 1117.49705153 1.19575387493 0.322436732731 0.112013235994 2.80804200961 2.54952590326 1.51562316209 1.35838902653 1.03291414363 0.231680062574
-9999.0 -9999.0 -9999.0 -9999.0 -9999.0 -9999.0 -9999.0 -9999.0 -9999.0 -9999.0 -9999.0 -9999.0 -9999.0 -9999.0 -9999.0 0.512106158438 1.70623888685 0.565272696356 1.13901728974 1.23145553346 2.38522125988 3.52722175391 4.47836915694 23.8933467106 24.8698950966 0.999727444456 1.93779468621 2.8860180178 3.60610007724 4.46763630886 7.3510531015 7.86649200782 0.908924667346 0.572902033901 0.466713318256 0.295186663858 0.561379772983 0.565039682501 0.677909463885 0.765512675565 1.77273495232 0.698473801818 0.174226244348 0.165537390012 0.208738777385 0.402599601644 1126.81493141 7.88465051204 3.2333474713 0.172263075186 0.0696689382475 0.0856618764838 0.328967490291 0.245189679939 0.133303907356
-9999.0 -9999.0 -9999.0 -9999.0 -9999.0 -9999.0 -9999.0 -9999.0 -9999.0 -9999.0 -9999.0 -9999.0 -9999.0 -9999.0 0.554882351328 1.04050861234 3.79095775506 0.524373814561 2.02372837992 3.23872379107 4.38849843024 1.16233641101 2.21918271257 3.03640392455 28.4974603291 0.958374837627 1.85132264458 2.77207945304 0.908440960701 1.81600721896 2.6531125921 3.20770684879 58.8745400586 59.9803532794 61.1143676727 64.9663419474 66.2270139782 68.9588244699 1.22705459488 2.68821206836 2.36197876094 78.0528127346 78.4253689932 0.157419910619 0.330879376766 0.496713488517 1126.91159193 7.27042033603 3.84760089587 3.7720374148 2.57816764522 2.11423689016 0.437543361602 0.0954723491937 0.217453033688
-9999.0 -9999.0 -9999.0 -9999.0 -9999.0 -9999.0 -9999.0 -9999.0 -9999.0 -9999.0 -9999.0 -9999.0 -9999.0 -9999.0 0.558882470375 1.68616900133 6.01693217141 8.77376070706 0.434457297031 11.4447449101 16.435922935 1.10660276947 2.13814636463 3.01944119531 37.0514850227 37.733456098 0.783847402402 4.36472622797 5.18904407007 6.00401171265 51.8576852154 54.0072911412 54.9414384329 0.4372137459 2.59788824441 3.15231517249 1.18778463912 1.69341025976 71.3421766848 74.7222455989 75.1030512451 75.4598715017 78.8716350117 0.219482614513 0.196222397948 0.849944948368 1127.02885758 0.117459716113 0.377487847025 1.12749267811 0.403307496135 1.96635173328 1.31036141328 0.758447787954 0.570767586825
-9999.0 -9999.0 -9999.0 -9999.0 -9999.0 -9999.0 -9999.0 -9999.0 -9999.0 -9999.0 -9999.0 -9999.0 -9999.0 -9999.0 -9999.0 -9999.0 1.13911709081 2.27851115396 10.32270474 10.9029412334 16.9206700704 17.5220087237 1.07696083444 2.1506676899 5.04990144154 38.2202621638 39.6953359055 40.3009483824 0.50973901082 42.7698471957 44.9913748789 1.30631271237 0.427771142683 0.842778485673 1.60723967771 0.390396346473 0.765481746713 1.68227961527 2.06127095397 0.360075884626 0.251684664596 0.495057116184 80.8396903881 81.607215269 81.7809981905 83.047687566 1127.14027032 0.0693568111359 0.299518943349 0.334683669158 0.320959387522 0.326693045741 0.288278749782 0.551527634299 0.0612786140003
-9999.0 -9999.0 -9999.0 -9999.0 -9999.0 -9999.0 -9999.0 -9999.0 -9999.0 -9999.0 -9999.0 -9999.0 -9999.0 -9999.0 -9999.0 -9999.0 0.590277884045 0.572639126059 0.558511540521 1.16534861785 0.487612903257 18.4933863348 19.0342030684 0.966496565534 1.97403279581 0.939475083541 0.748058658985 0.721493368002 41.702862981 0.740482614452 1.50269893057 0.634782022495 0.461577999696 0.37564884512 0.31621365877 0.327884612797 1.00069512955 1.36805841869 0.265419952672 0.225755972663 0.481477375674 0.789489780053 1.10811780535 0.429683417729 82.0200430854 83.2207402745 1127.21237028 0.915328500439 0.788372059549 0.236590378421 0.520762579373 0.202819350362 0.165086999045 0.726991322972 0.348700599659
-9999.0 -9999.0 -9999.0 -9999.0 -9999.0 -9999.0 -9999.0 -9999.0 -9999.0 -9999.0 -9999.0 -9999.0 -9999.0 -9999.0 -9999.0 -9999.0 -9999.0 -9999.0 0.559495427345 1.66447623652 2.0835498522 2.55099039259 19.4994257259 19.9899570085 20.4996030583 21.1856855523 21.8894852794 23.3632225714 24.0521039258 24.7694389471 25.3262309803 0.421226475702 0.397752580887 0.397207304503 1.38480001218 0.361801074046 0.345749677068 0.280575844168 0.808677838124 0.287876488532 0.231054481238 0.217083184826 0.187470373164 0.374268751205 0.545827951433 84.3327288593 1212.55165506 0.0557153868448 0.150044327086 0.215378883177 0.733128409738 0.426716801337 0.33162055109 1.39063112147 0.60462310342
-9999.0 -9999.0 -9999.0 -9999.0 -9999.0 -9999.0 -9999.0 -9999.0 -9999.0 -9999.0 -9999.0 -9999.0 -9999.0 -9999.0 -9999.0 -9999.0 -9999.0 -9999.0 -9999.0 0.437667831835 3.60636213974 7.12374107337 7.60847326413 0.856340962873 1.81666168378 2.82392632384 3.74910848048 9.47192661977 9.94578677058 0.451408649125 0.47890436022 26.3682698029 27.2055358749 27.5989500989 1.66562577211 0.223554807583 0.540948062038 0.806133614994 2.47587100406 3.03151572623 3.47727202887 0.415008492868 0.585201784884 0.196812987828 0.389606228221 0.1986987614 1212.89227673 0.0592851678757 0.257280683911 0.305633300725 1.14180591583 1.84573786978 2.21826282363 3.64642654162 0.911546886947
-9999.0 -9999.0 -9999.0 -9999.0 -9999.0 -9999.0 -9999.0 -9999.0 -9999.0 -9999.0 -9999.0 -9999.0 -9999.0 -9999.0 -9999.0 -9999.0 -9999.0 -9999.0 0.508499528761 1.64187763885 3.18390210184 4.12973894911 10.5013802238 11.1793419038 2.06075119798 3.07693599087 4.0471967895 4.98473813711 10.5521021414 11.5195475341 21.6006225935 22.4861615458 23.1032097231 27.9461271713 30.3815032435 0.518446787461 0.337339702391 0.318140138015 0.606144189575 0.278153409563 4.02177020626 4.23605696999 0.770840798626 1.05899274448 0.314026943409 217.230009678 217.637503099 1430.70116698 1431.02035556 0.0520569773542 1.24905089997 0.0803288821974 0.0888669233771 3.89328267357 4.8930351896
-9999.0 -9999.0 -9999.0 -9999.0 -9999.0 -9999.0 -9999.0 -9999.0 -9999.0 -9999.0 -9999.0 -9999.0 -9999.0 -9999.0 -9999.0 -9999.0 -9999.0 -9999.0 -9999.0 0.593803743192 0.570281544952 1.05586651611 2.46479854279 11.654483263 1.04774101122 1.03683947053 1.9743837443 2.95830327536 7.62054743257 8.45485744315 0.645660582006 0.552555890083 23.640484534 23.9520193584 54.7291295921 55.1178055947 0.192671384437 0.175041119259 0.154141774702 0.155263430374 0.177495234708 212.999612304 214.260169915 215.572348878 216.17987602 216.964519474 0.217776732738 0.815086199197 0.990084807097 1432.28966139 1432.3265834 1432.36532068 1432.56307757 1432.81357108 5.16523161301
-9999.0 -9999.0 -9999.0 -9999.0 -9999.0 -9999.0 -9999.0 -9999.0 -9999.0 -9999.0 -9999.0 -9999.0 -9999.0 -9999.0 -9999.0 -9999.0 -9999.0 -9999.0 -9999.0 -9999.0 0.505490454721 0.538286359191 0.975774118981 13.5449786843 14.100488283 1.02416437115 1.96100043504 2.95810686556 3.88795852466 0.872361010434 1.60736189357 39.0821108008 39.4850605205 40.0058946708 43.2687942486 98.799587404 204.70938897 205.182779385 205.613934251 206.037856369 207.941784337 208.548010518 1.07527893757 0.479757088309 0.275093467228 0.522405703825 0.406978247317 0.637184056735 0.197979058358 4.70791215826 5.03844225491 5.26209802806 5.36442441218 1432.87850684 1438.23456991
-9999.0 -9999.0 -9999.0 -9999.0 -9999.0 -9999.0 -9999.0 -9999.0 -9999.0 -9999.0 -9999.0 -9999.0 -9999.0 -9999.0 -9999.0 -9999.0 -9999.0 -9999.0 -9999.0 -9999.0 -9999.0 0.514048996472 0.972935542736 1.4376076301 14.4995597825 0.694014603098 20.4646418391 21.4831807441 22.3878407706 23.1367236389 36.0259308874 36.7923999588 0.391198912969 2.30028851147 2.82691176249 0.377768196329 105.454808523 104.743117578 0.249596446655 0.555061652819 1.4914865186 0.327573990693 0.335227150843 0.243426480536 0.212525334503 0.173986505119 0.19563459338 4.0922221527 4.29174339938 4.52300789508 0.197148768049 0.132344837612 5.42268353769 5.52985029245 5.61129878277
-9999.0 -9999.0 -9999.0 -9999.0 -9999.0 -9999.0 -9999.0 -9999.0 -9999.0 -9999.0 -9999.0 -9999.0 -9999.0 -9999.0 -9999.0 -9999.0 -9999.0 -9999.0 -9999.0 -9999.0 -9999.0 0.455533658446 0.417137493012 2.19032884054 17.6435099015 18.8288164396 19.5316159278 0.973350376888 10.7278493587 11.6009309214 12.0237182309 0.701083423389 1.17543230662 1.52884595507 25.1015885985 25.417009232 25.7007613103 104.219614148 61.1257046787 0.295265059696 0.316461249354 0.30701737195 0.252113155402 2.54334404161 3.01259301721 3.43367053244 3.66224223745 3.88397331657 28.4697217883 28.637332987 28.949762939 29.5886400442 31.7455965081 31.8449790587 37.5586746832
-9999.0 -9999.0 -9999.0 -9999.0 -9999.0 -9999.0 -9999.0 -9999.0 -9999.0 -9999.0 -9999.0 -9999.0 -9999.0 -9999.0 -9999.0 -9999.0 -9999.0 -9999.0 -9999.0 -9999.0 -9999.0 -9999.0 0.881770545816 1.35570535498 0.532455812428 1.03300249433 7.21471177004 8.18437685147 8.90347756894 4.90160502408 5.78107267766 6.63458464269 7.10851423208 24.4253063355 24.8440681441 16.4628189189 42.5013870783 42.8185872133 60.8706667352 0.630109283156 0.322966383202 0.243392622609 1.75547651007 2.05618574593 0.187968286759 0.173347362756 27.721672116 28.1217460622 28.3110183349 0.228599020315 0.411213670408 31.4505485565 0.153890138417 0.701764135834 0.787971041923
-9999.0 -9999.0 -9999.0 -9999.0 -9999.0 -9999.0 -9999.0 -9999.0 -9999.0 -9999.0 -9999.0 -9999.0 -9999.0 -9999.0 -9999.0 -9999.0 -9999.0 -9999.0 -9999.0 -9999.0 -9999.0 -9999.0 0.440248928486 0.868784334608 3.79894446463 4.38060236417 5.21383373484 3.38697674643 4.13849124192 0.772268397941 15.4534700872 16.2258067737 16.9245730801 0.480428038703 15.6793863668 16.1134308287 0.334353989998 59.2384852927 0.699155120857 0.350160983382 0.935754816058 1.25964856746 0.257115073766 0.218529591461 25.6065907766 27.3603778491 27.5853923413 0.240287806452 0.558518252339 0.708784309993 0.843498945192 1.59620933761 0.263039400054 0.572720114099 0.118064140796
