data/baseflow/History/mHMbfrc327
ncols                  80
nrows                 72
xllcorner      4374000.0
yllcorner      5656000.0
cellsize            500
NODATA_value       -9999
[rows 24 to 47 of 72, columns 0 to 54 of 80]
-9999.0 -9999.0 -9999.0 -9999.0 -9999.0 -9999.0 -9999.0 -9999.0 -9999.0 -9999.0 -9999.0 -9999.0 1.27457551679 3.65027642391 4.79558647167 8.42734406351 1.2222990967 2.34348447916 3.410562922 12.4207678239 13.3002046391 13.9690862407 14.904228194 15.9810025213 25.5914096204 28.675712449 30.3404045701 0.649241856145 4.00864143516 4.58003941284 58.9680610429 61.56658564 62.5546761868 63.5436943476 64.6093746915 232.630132055 0.668409451949 489.594802152 1.34353188247 0.56643825669 4.34184992679 3.74983321664 0.589236004923 2.21148256975 3.10180655378 3.09127499238 2.13793779405 3.51809406495 5.57840510382 2.07445923646 5.59888689631 0.501319694544 0.759894521757 0.261023306226 0.220256671189
-9999.0 -9999.0 -9999.0 -9999.0 -9999.0 -9999.0 -9999.0 -9999.0 -9999.0 -9999.0 -9999.0 -9999.0 1.23143830107 2.446698111 1.1547271459 2.36607305497 1.10726386053 8.12799907473 10.2849360254 11.3904347448 1.01642000009 1.93439179967 19.121490811 23.704626947 24.5766907292 2.04607973117 2.05432175605 2.90976583711 0.55097143429 0.537513220857 1.0393975393 0.550409794653 30.0561058056 30.6124963756 31.3461719516 233.28891014 494.675614238 490.274714709 0.989978645484 0.399843432861 0.367933682305 1.39134422801 1.00215497832 2.68286125317 3.70530330852 7.48227963511 0.680684928524 0.683519216822 6.17189254366 6.77137864466 13.517239766 14.0438964077 15.0735949466 15.5766412936 0.450393105
-9999.0 -9999.0 -9999.0 -9999.0 -9999.0 -9999.0 -9999.0 -9999.0 -9999.0 -9999.0 -9999.0 -9999.0 -9999.0 1.21009830213 2.39186474438 3.5632800928 5.82091101877 1.23063706491 1.10137777158 7.83367649167 8.8472443785 17.3720185541 18.3675623143 2.83726595892 1.01684729764 1.02221447053 1.0095354425 26.5844220236 27.3179720373 27.9152992394 28.430302583 29.516200063 5.7228398499 6.4662276166 38.5454274799 766.810286637 3.69373675553 3.14075380635 1.48953388652 0.39907495809 0.341589982931 2.13723857196 2.45395599958 3.37531641175 0.339766113044 7.88914815707 1.15886358971 1.14266378361 0.310511381008 0.247516394391 0.231630613024 0.278392665473 0.233128420595 15.8354493939 229.551272552
-9999.0 -9999.0 -9999.0 -9999.0 -9999.0 -9999.0 -9999.0 -9999.0 -9999.0 -9999.0 -9999.0 -9999.0 -9999.0 -9999.0 1.16975948898 2.2632799905 3.26623770691 4.37832162641 5.56109038384 6.76264771411 3.43917096781 5.56398167663 1.00261769256 0.998642186465 21.7117561743 23.6936686838 24.6305589271 25.6403889663 0.895474464518 1.66584550047 4.0375902566 4.64130657118 5.17828897895 0.734380333395 0.757595001595 768.623299535 0.59573693058 0.957619922659 0.449795589529 1.54799286227 0.73481168242 0.424803970981 6.2494615638 6.66131955882 0.330016513642 8.25119040537 9.67054649628 1.41680358186 240.028988957 239.472710012 238.957409584 237.836578816 237.294638268 230.643916464 230.321099216
-9999.0 -9999.0 -9999.0 -9999.0 -9999.0 -9999.0 -9999.0 -9999.0 -9999.0 -9999.0 -9999.0 -9999.0 -9999.0 -9999.0 0.234016817873 0.553416009534 1.00099284533 8.76312490565 10.0408243739 1.27255150343 1.11874272121 1.07263849701 17.6878805177 19.7317836464 0.995973889928 1.0328053398 0.923607388892 3.69072520878 4.58730804131 2.60556782969 3.20841945472 20.6965549443 21.3971197689 22.7980246149 36.6851926413 805.644788852 0.582096904798 0.409129979171 2.32094569027 1.92596839329 0.384730836841 1.20679809352 1.57478572981 7.08100252786 7.45189994465 18.0555545555 9.94293419216 1.61256348261 246.310694089 3.29312445176 238.453047441 238.155904452 6.17385088047 0.396702586924 0.543085850626
-9999.0 -9999.0 -9999.0 -9999.0 -9999.0 -9999.0 -9999.0 -9999.0 -9999.0 -9999.0 -9999.0 -9999.0 -9999.0 -9999.0 1.24077389054 2.00625659231 4.28184919967 7.51159636973 11.0087901901 13.3530283601 14.541391303 15.6425883062 16.6998036568 1.01756235066 0.970773039515 1.92232923174 1.85539883861 0.933757106541 17.8641971905 18.7475657395 19.5813569916 20.3685950051 11.6414993181 12.3146578812 13.1248538497 805.926440942 0.948333537634 1.02638339552 3.55608639437 0.341431683554 0.749712212564 0.387311641221 0.343028328701 1.92363572454 0.312394054592 0.333840927818 266.053509114 247.730766847 247.397132551 1.15710331945 3.02157499859 1.96332286646 0.478764723988 5.43308215586 1.61986350677
-9999.0 -9999.0 -9999.0 -9999.0 -9999.0 -9999.0 -9999.0 -9999.0 -9999.0 -9999.0 -9999.0 -9999.0 -9999.0 -9999.0 0.87677435758 0.797490394134 1.54019627637 2.38666856128 1.12781734011 1.16732772042 2.27797516632 3.38296985685 5.48840374925 6.54448620495 7.57592244854 10.5211666463 11.4557920741 12.4129062957 0.891898732971 9.02548766765 9.8045864851 10.4699861229 0.5271537367 0.278618361005 0.520419862746 819.240813686 819.509902141 821.019605064 4.44546090117 0.656570224924 1.22369544551 0.342865177382 0.618700801666 2.21060682597 2.78232070133 0.613813655123 267.562603128 0.491160848353 0.668754751849 0.716085448878 0.610885932652 1.07158980015 0.477034691956 3.39795675412 2.57067572336
-9999.0 -9999.0 -9999.0 -9999.0 -9999.0 -9999.0 -9999.0 -9999.0 -9999.0 -9999.0 -9999.0 -9999.0 -9999.0 -9999.0 -9999.0 0.745648485536 1.48768313927 0.768445559185 1.59209830934 10.05583605 11.1388629933 12.2591798698 1.04894210111 1.05442854355 2.09319469406 3.09103664162 4.97203120336 5.89665112387 6.39218807434 7.25384590093 0.770098965962 0.696675615524 11.6883431637 11.944281223 12.2217289277 12.5059834137 10.2048214181 832.398878153 838.703921356 838.966264554 840.434225046 841.800921643 842.833753359 0.341313311889 3.05794362013 267.910907173 0.908776653991 0.46478453207 0.453499230417 0.380667087179 0.66215217309 0.612968289951 0.345485036119 0.429522036008 0.400057147179
-9999.0 -9999.0 -9999.0 -9999.0 -9999.0 -9999.0 -9999.0 -9999.0 -9999.0 -9999.0 -9999.0 -9999.0 -9999.0 -9999.0 -9999.0 -9999.0 2.21659865117 3.07805332175 5.56013834508 7.53905931155 1.06831442441 14.485305229 15.5298740872 16.5926370786 1.07493985775 2.10279967918 0.964654936229 7.0461172962 7.50932325171 8.27353347952 9.08371136423 11.0222376297 11.2374388388 0.146322697481 9.09407963484 9.66227099483 9.93515817426 11.1005981285 1.58834359009 1.05446227484 0.689368580601 0.659927559163 843.840319962 844.401004206 849.711548729 268.290933076 2.30971526957 1.06682215744 0.724781004332 0.220370663015 1.9212711662 0.980708870943 0.321324947381 1.6811087475 1.39889637589
-9999.0 -9999.0 -9999.0 -9999.0 -9999.0 -9999.0 -9999.0 -9999.0 -9999.0 -9999.0 -9999.0 -9999.0 -9999.0 -9999.0 -9999.0 -9999.0 0.893957130702 3.91252750641 4.77765088739 1.16574275527 1.13177004728 2.2374525322 3.29458909823 21.0156600893 1.07152137102 4.25982977678 5.24303995439 6.20351257791 0.486191346993 1.20257083757 1.59299891063 7.38673942983 8.18096338022 8.39865092968 0.269559933351 0.28286963876 0.338184865141 0.616635737637 0.263880817803 0.287575465529 0.626687684777 0.469243525201 0.614172343899 1.8343823447 850.291128932 1120.10836387 2.81526457922 0.349867623887 0.218141973115 5.85408680927 5.37182126305 3.12447160887 2.794164769 2.08012317233 0.430940406541
-9999.0 -9999.0 -9999.0 -9999.0 -9999.0 -9999.0 -9999.0 -9999.0 -9999.0 -9999.0 -9999.0 -9999.0 -9999.0 -9999.0 -9999.0 0.705842793626 2.44321468321 0.832804505906 1.40984991794 1.42618387093 2.56344146797 3.65338232362 4.67306121234 26.5814486159 27.6364717737 1.07740469284 2.07139167088 3.06571957048 3.70907526895 4.43660774362 6.52645075184 7.12159754039 0.490183352027 0.441922514365 0.430415660691 0.729380012347 0.641774406125 0.596398946914 0.499892244503 0.55885487707 2.33386990042 1.10683527061 0.545919622995 0.529403633907 0.5248478849 1.00507568683 1136.89751317 13.6390875331 6.87966234321 0.510802387974 0.218674665823 0.213463049091 0.807461604401 0.569621403029 0.295121266167
-9999.0 -9999.0 -9999.0 -9999.0 -9999.0 -9999.0 -9999.0 -9999.0 -9999.0 -9999.0 -9999.0 -9999.0 -9999.0 -9999.0 0.75021563279 1.43359232482 5.42868838092 0.833222031288 2.67826375102 4.10249271429 5.42183129679 1.31188763727 2.44304140001 3.49888593743 32.000412116 1.04628485638 2.0133038519 2.95559456612 0.855906962851 1.69342022574 2.17668324697 2.75895444092 64.7455142611 65.7613287402 66.7478002189 71.5152857461 73.4740696353 77.3260689591 1.05954932101 2.26365112033 2.93719687609 89.8438675133 90.9118667169 0.502206776526 0.924290133316 1.33180062966 1137.36488686 13.0057519118 5.50557934718 5.2641656044 4.58539871182 4.23392314912 1.07392905515 0.255351552454 0.519663387638
-9999.0 -9999.0 -9999.0 -9999.0 -9999.0 -9999.0 -9999.0 -9999.0 -9999.0 -9999.0 -9999.0 -9999.0 -9999.0 -9999.0 0.741390058288 2.27307932339 8.44489066844 12.3843953775 0.762405388537 16.6101538723 22.9448816353 1.24536206759 2.38588874038 3.48714027204 41.7583898508 42.6879368975 0.988453326402 4.93099670994 5.83388268662 6.53291556671 58.6268579705 60.3315359026 61.4753514315 0.5716894443 3.35935150815 3.97208184496 1.90726297548 2.75276020102 81.3395919272 84.9071390852 85.6370584992 86.3499205315 91.967405408 0.519172942304 0.461102090527 2.18408072388 1137.81571266 0.369756648208 0.16162734755 0.471444576546 0.162559807905 3.82828671483 3.37684898112 1.97775923541 1.43988485551
-9999.0 -9999.0 -9999.0 -9999.0 -9999.0 -9999.0 -9999.0 -9999.0 -9999.0 -9999.0 -9999.0 -9999.0 -9999.0 -9999.0 -9999.0 -9999.0 1.58999002261 3.20844562321 14.7969614249 15.6784097856 23.7165859634 24.6350276412 1.17666305992 2.34737061485 5.52772226018 43.5582973308 45.5933012474 46.5356407143 0.847615308799 49.8179295088 51.556312031 1.14270735627 0.575979688271 1.16699014688 2.27217146727 0.535535563736 1.10909965169 2.6366449359 3.31286300292 0.593568463886 0.464307724476 0.954342704419 95.0836854657 96.0695706219 96.482193632 99.5979935604 1138.2321974 0.237959228411 0.133328562703 0.14210309617 0.136162850571 0.138359750476 0.121260436209 0.230968103799 0.185076019206
-9999.0 -9999.0 -9999.0 -9999.0 -9999.0 -9999.0 -9999.0 -9999.0 -9999.0 -9999.0 -9999.0 -9999.0 -9999.0 -9999.0 -9999.0 -9999.0 0.833247555841 0.821189870354 0.842806702638 1.85174649635 0.826653045739 26.2572760371 27.094455145 1.10834982843 2.17139926169 1.1143064639 1.01082168849 1.0035378597 48.299353133 0.574175946817 1.12421743016 0.633797608569 0.618721558882 0.570676023976 0.486591965555 0.49691332558 1.47488769012 1.98652806419 0.421227092785 0.390804833806 0.807221604682 1.27752620128 1.59182841048 0.407337401963 96.962371032 100.017724081 1138.51415173 0.85836145274 0.410149191557 0.0983193218132 0.215270927404 0.0807210645904 0.0610495412171 0.297249299677 0.943167437953
-9999.0 -9999.0 -9999.0 -9999.0 -9999.0 -9999.0 -9999.0 -9999.0 -9999.0 -9999.0 -9999.0 -9999.0 -9999.0 -9999.0 -9999.0 -9999.0 -9999.0 -9999.0 0.810100413408 2.62234479657 3.34428784383 4.1357393997 27.8387843933 28.5761282043 29.3612712374 30.3513611324 31.3388332005 33.3471258935 33.9386977521 34.4847978564 35.052118265 0.598487027713 0.566935094706 0.577645393262 2.06741776946 0.522883207131 0.496430349285 0.436670311547 1.26347626592 0.465088350614 0.384475339769 0.364338449278 0.324535866441 0.647944079588 0.916900614056 101.877474871 1241.57567888 0.202319168364 0.508135464898 0.0867961517197 0.305143950781 0.186284363145 0.122812118307 1.97281248379 1.53765831505
-9999.0 -9999.0 -9999.0 -9999.0 -9999.0 -9999.0 -9999.0 -9999.0 -9999.0 -9999.0 -9999.0 -9999.0 -9999.0 -9999.0 -9999.0 -9999.0 -9999.0 -9999.0 -9999.0 0.706464798089 5.40765449296 11.0510454235 11.9240650677 1.14901271944 2.23915098467 3.30862148601 4.25807953743 10.3741332274 11.0069848686 0.619539785471 0.599642346304 36.2694087504 37.3851628249 37.9170295612 2.52149859787 0.444396816514 0.954724902434 1.41338052389 4.11631181717 5.00791781053 5.74784112152 0.693337122716 0.967606724827 0.316890844798 0.616557603676 0.309272620936 1242.19440704 0.199815254229 0.865470832293 0.365577585764 0.858504334414 1.83442092052 2.05975409031 4.12970575572 1.88505523773
-9999.0 -9999.0 -9999.0 -9999.0 -9999.0 -9999.0 -9999.0 -9999.0 -9999.0 -9999.0 -9999.0 -9999.0 -9999.0 -9999.0 -9999.0 -9999.0 -9999.0 -9999.0 0.761738729943 2.400322676 4.71732716458 6.18230240519 16.4054562907 17.4160903194 2.21951616635 3.26132686308 4.17391917648 5.14135341161 11.6143770079 12.8561826916 22.1842223392 22.8879715177 23.4381833206 38.4734929641 42.4850716432 0.985107888817 0.549904888983 0.539962327146 1.03867017278 0.481612579442 6.65567572136 7.01064498673 1.26924313874 1.58434360572 0.307527349452 269.73598654 270.347650494 1512.99602453 1514.18371015 0.178145263328 1.25348340338 0.229490700878 0.218097240328 4.5957103857 6.67584724953
-9999.0 -9999.0 -9999.0 -9999.0 -9999.0 -9999.0 -9999.0 -9999.0 -9999.0 -9999.0 -9999.0 -9999.0 -9999.0 -9999.0 -9999.0 -9999.0 -9999.0 -9999.0 -9999.0 0.849946058099 0.82632050681 1.58854250612 3.77997930942 18.1465818666 1.13264999405 1.1195746314 2.05709748753 2.98035687473 7.22594884208 7.863153268 0.408715295557 0.451825991196 24.0766776435 24.6572879528 67.6466640559 68.1265884656 0.412571270614 0.380525013586 0.317940407486 0.320614195138 0.30422616698 263.759867545 265.714055556 267.618186715 268.211306896 269.426756034 0.327780736755 1.2280729217 1.59575149798 1516.39478417 1516.58262993 1516.91663751 1517.2686856 1517.5051747 7.00094040044
-9999.0 -9999.0 -9999.0 -9999.0 -9999.0 -9999.0 -9999.0 -9999.0 -9999.0 -9999.0 -9999.0 -9999.0 -9999.0 -9999.0 -9999.0 -9999.0 -9999.0 -9999.0 -9999.0 -9999.0 0.778917633482 0.804421384064 1.49921340528 21.092232578 21.9592834665 1.11066986344 2.04460096004 2.97776672609 3.62915587319 0.586839599616 1.18323750408 51.3777145047 51.9844259613 52.4759993229 56.3441759513 124.948901145 250.316992174 251.189489966 251.972660584 252.734793822 255.538946712 256.398943938 1.60037738267 0.749790010381 0.409106660549 0.785569178386 0.609963960258 0.955094951895 0.302342441394 6.97832945864 7.60383382388 8.07055739507 8.27160646881 1517.7646723 1525.11884937
-9999.0 -9999.0 -9999.0 -9999.0 -9999.0 -9999.0 -9999.0 -9999.0 -9999.0 -9999.0 -9999.0 -9999.0 -9999.0 -9999.0 -9999.0 -9999.0 -9999.0 -9999.0 -9999.0 -9999.0 -9999.0 0.794430191623 1.52097407791 2.24829027409 22.5811844945 0.959237732286 31.2213271539 32.1929536917 32.8156402098 33.4457012828 48.9524458904 49.5946728243 0.640023632458 2.88856245654 3.47979674638 0.589852784047 124.474588899 123.391843311 0.385730830053 0.837170288544 2.14837395958 0.45014495393 0.453802515865 0.379932087137 0.324840397239 0.265208957466 0.291650278549 5.9828889609 6.27621788492 6.61596083273 0.303143545103 0.234062474311 8.42575389937 8.66751058659 8.82297529779
-9999.0 -9999.0 -9999.0 -9999.0 -9999.0 -9999.0 -9999.0 -9999.0 -9999.0 -9999.0 -9999.0 -9999.0 -9999.0 -9999.0 -9999.0 -9999.0 -9999.0 -9999.0 -9999.0 -9999.0 -9999.0 0.74005209442 0.690507981792 3.56464982322 27.6492656441 29.3566397041 30.2842115044 1.02724052483 14.1051214558 14.6581300898 14.9053969783 0.587683156348 1.25967290913 1.88116178064 29.3182714469 29.8216949797 30.2645284545 122.564885188 72.68102131 0.445105023843 0.442144720549 0.431638402735 0.359882564828 3.64533703754 4.35704497853 4.99673875236 5.3387042498 5.6709047341 34.1328910799 34.3811546689 34.6399165589 35.2838448974 38.4440763018 38.6275606177 47.6549374671
-9999.0 -9999.0 -9999.0 -9999.0 -9999.0 -9999.0 -9999.0 -9999.0 -9999.0 -9999.0 -9999.0 -9999.0 -9999.0 -9999.0 -9999.0 -9999.0 -9999.0 -9999.0 -9999.0 -9999.0 -9999.0 -9999.0 1.44097850357 2.18633972361 0.867484063834 1.18801879883 10.3019395563 11.3819073657 12.3036653639 5.99494237728 6.5790419874 7.20290525348 7.84968735465 28.2331125674 28.8227540214 18.1731622829 48.9481260548 49.4407846676 72.2835832462 0.914200959283 0.452377084267 0.359936563284 2.51740390158 2.9328933216 0.273412207129 0.257077166137 33.00923685 33.6049077922 33.8961112586 0.331604516812 0.468890387473 37.8449661125 0.405350326019 1.37554143825 1.53340239168
-9999.0 -9999.0 -9999.0 -9999.0 -9999.0 -9999.0 -9999.0 -9999.0 -9999.0 -9999.0 -9999.0 -9999.0 -9999.0 -9999.0 -9999.0 -9999.0 -9999.0 -9999.0 -9999.0 -9999.0 -9999.0 -9999.0 0.716499286328 1.42165605452 6.17498437253 7.07027686937 8.0974517731 4.40325454867 5.39627815046 0.607639255641 18.6044501891 19.1841373736 19.765045926 0.597177667554 17.0327710659 17.6287749909 0.502794882521 69.9280750034 0.985749697663 0.491952728548 1.3457802216 1.79914638753 0.364482873511 0.310320041586 30.0047139831 32.4562915019 32.8008672656 0.350840196276 0.79233946052 1.0160084278 1.2193919466 2.35575995826 0.494781636757 1.12686965549 0.230870753509
