data/baseflow/History/mHMbfrc374
ncols                  80
nrows                 72
xllcorner      4374000.0
yllcorner      5656000.0
cellsize            500
NODATA_value       -9999
[rows 24 to 47 of 72, columns 0 to 54 of 80]
-9999.0 -9999.0 -9999.0 -9999.0 -9999.0 -9999.0 -9999.0 -9999.0 -9999.0 -9999.0 -9999.0 -9999.0 1.19963989424 3.41382441085 4.48969371362 7.79877732718 1.03852076172 2.06721172132 3.04536634982 11.4632731614 12.335930721 13.0814694425 13.9757023409 14.9463210213 23.6624242195 26.475376602 28.0885729509 0.706159762129 3.80928413442 4.46028226724 55.4695320961 58.2793868633 59.4179616238 60.563816105 61.7098318697 216.077380257 0.361220549887 432.048423383 1.28158922593 0.580833695256 3.97927581826 3.37349706693 0.554414542071 1.88024715528 2.6813792192 2.65059284683 1.83561820667 3.01323055761 4.76845398044 1.77861502307 4.60883882511 0.451608507597 0.758100722398 0.186169655976 0.143379254136
-9999.0 -9999.0 -9999.0 -9999.0 -9999.0 -9999.0 -9999.0 -9999.0 -9999.0 -9999.0 -9999.0 -9999.0 1.15687775823 2.28847661325 1.08577069116 2.19594747873 1.01102443083 7.52097138859 9.50765682674 10.5156785435 0.95660081436 1.85194597992 17.5303981399 21.947997463 22.7898761009 1.90064893497 1.76856722592 2.5884291711 0.613771251603 0.587362671279 1.12725263469 0.526390620084 27.5855176576 28.1073860323 28.6720964983 216.579295924 436.287674335 432.698725524 0.941669407903 0.389354978441 0.343734336709 1.34084935311 0.998311207265 2.39429729071 3.23086037572 6.46214587655 0.571223416018 0.569933819198 5.29491715052 5.8411219826 11.4241221953 11.7941118053 12.7469694851 13.093733903 0.294953299173
-9999.0 -9999.0 -9999.0 -9999.0 -9999.0 -9999.0 -9999.0 -9999.0 -9999.0 -9999.0 -9999.0 -9999.0 -9999.0 1.11792039655 2.23204669484 3.3417876116 5.42924353492 1.09619411079 1.01945839212 6.90084079689 7.8584565004 15.7821807707 16.7431582517 2.72556821764 0.971160915551 0.938784316604 0.878286175492 24.0996177247 24.7951480176 25.4388373696 25.9983604802 27.0756776686 5.43046442649 5.98713313154 35.1552348575 688.242928411 3.08192701353 2.60930055557 1.36926765336 0.328400090006 0.287474024175 2.03232325778 2.27364240448 2.98079294846 0.291716306765 6.82683688851 1.01210778287 0.998665637935 0.258012502446 0.17618212992 0.152061304285 0.137991882326 0.15515635204 13.3253890673 189.176703772
-9999.0 -9999.0 -9999.0 -9999.0 -9999.0 -9999.0 -9999.0 -9999.0 -9999.0 -9999.0 -9999.0 -9999.0 -9999.0 -9999.0 1.09723632649 2.05475460888 2.92967342815 3.83151608242 4.85899445063 5.91024959104 3.09681085409 5.0994211274 0.953576566335 0.934893522682 19.6366098418 21.4756520816 22.346096568 23.2923889735 0.788677988998 1.48158432184 3.70525515443 4.37119915019 4.93705802644 0.599021811276 0.474346554726 689.531318297 0.481398776178 0.673612505926 0.312045011271 1.29056094102 0.620842679613 0.298062304483 5.56979747888 5.79525257055 0.179665042128 7.02268922769 8.21042060484 1.21391332133 196.86634684 196.458843067 196.106640606 195.438331081 195.186866261 190.34056888 190.149249604
-9999.0 -9999.0 -9999.0 -9999.0 -9999.0 -9999.0 -9999.0 -9999.0 -9999.0 -9999.0 -9999.0 -9999.0 -9999.0 -9999.0 0.217098535071 0.503457679777 0.873184585858 7.95045962679 9.03792243522 1.09012302708 1.02797141122 1.00037946349 15.8565072205 17.8055893704 0.9527076315 0.972659533537 0.843268853601 3.40945137411 4.24125587114 2.34854789233 2.9988287441 19.2152447533 19.863315308 20.9988177184 33.5743785824 723.348488301 0.437824612969 0.25947025919 1.93449794834 1.61718488081 0.250288488505 0.808137605098 1.03419237257 6.057491331 6.2594725043 15.0087868177 8.39521769381 1.43756537001 201.126426667 1.81818070344 195.791783846 195.626498272 4.60218819959 0.276598646524 0.802197515226
-9999.0 -9999.0 -9999.0 -9999.0 -9999.0 -9999.0 -9999.0 -9999.0 -9999.0 -9999.0 -9999.0 -9999.0 -9999.0 -9999.0 1.14692114986 1.86564181294 3.928455746 6.92514826795 9.85849172117 11.8858443349 12.9092082458 13.9293367523 14.9258871664 0.96765140661 0.912324374177 1.80335903272 1.71136346863 0.874610873002 16.5260072183 17.3400699314 18.0967004802 18.8366087393 10.898987487 11.5171156744 12.1286197565 723.550991193 0.720364285556 0.647180154339 2.78627987098 0.305719625088 0.435962078764 0.221606888209 0.206941609432 1.22806898843 0.155840332103 0.169880313848 217.094189075 201.972891075 201.811871991 0.766612916327 1.65667678568 1.08223632957 0.272230769877 4.16907349316 1.21177887629
-9999.0 -9999.0 -9999.0 -9999.0 -9999.0 -9999.0 -9999.0 -9999.0 -9999.0 -9999.0 -9999.0 -9999.0 -9999.0 -9999.0 0.807786381998 0.755506991789 1.47894384741 2.25502350325 1.02469244329 1.09851823302 2.13421920701 3.15773170076 5.12754955565 6.1071428852 7.01882315816 9.75590259866 10.6053596327 11.5017332083 0.81540172148 8.2512078811 8.98271919289 9.68057522595 0.595324820872 0.396331573588 0.686075502023 736.142453815 736.331291753 737.448497193 3.60247245167 0.600524580866 0.732189551145 0.191604164845 0.358395522893 1.38425674676 1.67137528713 0.299223156824 217.848650318 0.245454786807 0.422826086317 0.477628201839 0.327653269301 0.622003288978 0.248432416822 2.68078377903 2.13334554433
-9999.0 -9999.0 -9999.0 -9999.0 -9999.0 -9999.0 -9999.0 -9999.0 -9999.0 -9999.0 -9999.0 -9999.0 -9999.0 -9999.0 -9999.0 0.718357553527 1.42331315451 0.700060820333 1.44804191291 9.10046945352 10.0322398327 11.0479230519 0.982737428711 0.981798564059 1.89725196948 2.81832703676 4.49163522475 5.34206643558 5.8437435186 6.6353230385 0.68262015427 0.654642384536 10.8278398496 11.1874295449 11.4540132715 11.6989161679 9.51458462559 747.96919082 753.114646234 753.338775759 754.275938714 755.325061918 755.828194928 0.147616156547 1.80087893062 217.97827747 0.345109761107 0.178765272238 0.169848713327 0.155245587167 0.268483598071 0.286602710764 0.173035577819 0.282062221806 0.278744004299
-9999.0 -9999.0 -9999.0 -9999.0 -9999.0 -9999.0 -9999.0 -9999.0 -9999.0 -9999.0 -9999.0 -9999.0 -9999.0 -9999.0 -9999.0 -9999.0 2.11599643996 2.87069147016 5.10859773006 6.84311542564 0.935680406174 13.0457860507 14.0129976732 14.970406162 0.939201058183 1.85038971191 0.832939187699 6.23585710845 6.71249606586 7.44717523051 8.16252389088 10.0191884773 10.3148130082 0.193350329997 8.59836082469 9.07440522688 9.28704624345 10.3204787706 1.34444879448 0.870777975151 0.570709119377 0.552933585695 756.397857924 756.621690632 759.678121259 218.094900351 0.89276868122 0.442914503166 0.287998401144 0.0904956985083 0.872743400392 0.485099823333 0.145678556284 0.845940147321 0.728881131571
-9999.0 -9999.0 -9999.0 -9999.0 -9999.0 -9999.0 -9999.0 -9999.0 -9999.0 -9999.0 -9999.0 -9999.0 -9999.0 -9999.0 -9999.0 -9999.0 0.768523898331 3.61800618808 4.40287654157 0.990076524485 1.02901734202 2.05969548117 3.03769977716 18.970113055 0.932305812673 3.73893432737 4.59124913096 5.44525065552 0.498811749021 1.19501179135 1.65820559565 6.91884070062 7.74641551679 7.94202693593 0.232435759257 0.248571620583 0.320083026848 0.58682321731 0.262545061187 0.283162782461 0.504870159545 0.435125085755 0.497520624138 1.1276059094 759.938260245 978.612888949 1.10811528557 0.234508310385 0.0855524677408 2.8045830958 2.60178915482 1.57897510708 1.42738429794 1.07635345972 0.270440189001
-9999.0 -9999.0 -9999.0 -9999.0 -9999.0 -9999.0 -9999.0 -9999.0 -9999.0 -9999.0 -9999.0 -9999.0 -9999.0 -9999.0 -9999.0 0.645973267469 2.12401090972 0.706036235003 1.09696333692 1.14261815583 2.17854866168 3.18291775106 4.07655410794 23.776262129 24.6706753434 0.919646589328 1.76626072558 2.61551221448 3.2537110498 3.975921303 6.19603382118 6.66536529691 0.555892898312 0.454068934936 0.410504212287 0.537639199634 0.505077654571 0.503118150092 0.433171175148 0.544353894386 1.64168812025 0.765151829707 0.215011690166 0.202384513058 0.214379045564 0.39461291834 987.318112673 7.36207800103 3.23017213294 0.211101258487 0.0875682316321 0.0753603921758 0.306224143225 0.223559057416 0.120322685665
-9999.0 -9999.0 -9999.0 -9999.0 -9999.0 -9999.0 -9999.0 -9999.0 -9999.0 -9999.0 -9999.0 -9999.0 -9999.0 -9999.0 0.685809475769 1.31217018951 4.78159536808 0.684466235505 2.0554455948 3.18314462127 4.25632563318 1.08387165234 2.04683305816 2.8924259074 28.2481494303 0.877767998565 1.68329337023 2.50149244534 0.754078294773 1.50019827287 2.03979289819 2.50553173207 55.8521697894 56.7373160303 57.5230905316 61.0462263251 62.6180074508 65.5165606975 0.658144475775 1.56926685131 2.02133843316 73.6612243947 74.074085643 0.181641431237 0.326089103604 0.461877473159 987.473108668 6.88179586565 3.37843274157 3.26874963451 2.35437651119 1.96473244878 0.405002794656 0.0909010175593 0.190061483832
-9999.0 -9999.0 -9999.0 -9999.0 -9999.0 -9999.0 -9999.0 -9999.0 -9999.0 -9999.0 -9999.0 -9999.0 -9999.0 -9999.0 0.690407453505 2.09459919316 7.56211705279 11.1359176371 0.621509517461 14.6765051068 19.6570750006 1.01697711495 1.96256952122 2.8350623393 36.3013709944 37.0034280673 0.781419394687 4.07454213232 4.78557311036 5.42180695568 50.2624388583 51.9309852654 52.8724305806 0.444370321257 2.48984470199 2.96127874541 1.34372653321 1.94617080091 68.1176832744 70.5160077046 70.9723456214 71.4021065464 74.5055867446 0.209207681983 0.169433684743 0.755435891314 987.598588271 0.164074492598 0.277888544986 0.826965091303 0.313480211057 1.8136660027 1.31080002796 0.769104801517 0.564944292387
-9999.0 -9999.0 -9999.0 -9999.0 -9999.0 -9999.0 -9999.0 -9999.0 -9999.0 -9999.0 -9999.0 -9999.0 -9999.0 -9999.0 -9999.0 -9999.0 1.45596697506 2.92665457258 13.2196413812 13.9659883067 20.319020726 21.0557890798 0.992873569025 1.98161024741 4.61905981469 37.6636945459 39.2697294836 39.9843639967 0.588685392842 42.5547331058 44.2769977687 1.09812373493 0.449885376628 0.86359674252 1.68084313363 0.403976775843 0.812389750473 1.74966880628 2.20513287679 0.419002406144 0.265794786246 0.527015878349 76.4882163009 77.1601635944 77.2970320947 78.450690951 987.703623412 0.0905663127184 0.189632208998 0.231818909613 0.223082359237 0.229815424862 0.194818743765 0.360720865795 0.0609705972528
-9999.0 -9999.0 -9999.0 -9999.0 -9999.0 -9999.0 -9999.0 -9999.0 -9999.0 -9999.0 -9999.0 -9999.0 -9999.0 -9999.0 -9999.0 -9999.0 0.758302259772 0.743892447742 0.738612692637 1.51986624188 0.673114902916 22.389392134 23.0533534242 0.892609668091 1.79897461554 0.942667975354 0.815546660108 0.797873404838 41.4311243903 0.586548983429 1.17382337413 0.569137004373 0.458969928526 0.414842104079 0.31695769159 0.330953004064 0.9975150821 1.3654973308 0.253410600663 0.220801922326 0.473973981439 0.794261024606 1.07966414495 0.32702264613 77.5397055433 78.5865548174 987.757209471 0.629086944465 0.457908855379 0.132028494819 0.326871632036 0.106436919992 0.0808052998355 0.449193938904 0.329401507836
-9999.0 -9999.0 -9999.0 -9999.0 -9999.0 -9999.0 -9999.0 -9999.0 -9999.0 -9999.0 -9999.0 -9999.0 -9999.0 -9999.0 -9999.0 -9999.0 -9999.0 -9999.0 0.736387752522 2.2019970791 2.8157382021 3.46697278962 23.68470726 24.3131809449 24.9471854342 25.7063937804 26.4826960748 28.0672566568 28.6374162073 29.1962126573 29.6764796986 0.407855864963 0.375942520837 0.400061419137 1.39643750637 0.370465057535 0.344296729504 0.265627184909 0.758513755739 0.302377410842 0.220521108597 0.202548084782 0.172510599565 0.344114309856 0.481893197742 79.5391257087 1067.99128114 0.0742885953204 0.164589086581 0.10805147733 0.44060392709 0.231634341521 0.162409061968 1.02256558038 0.53061838011
-9999.0 -9999.0 -9999.0 -9999.0 -9999.0 -9999.0 -9999.0 -9999.0 -9999.0 -9999.0 -9999.0 -9999.0 -9999.0 -9999.0 -9999.0 -9999.0 -9999.0 -9999.0 -9999.0 0.626417783035 4.8927433376 9.70396529323 10.3915188224 0.902039878582 1.78942374597 2.68683759152 3.45952536781 8.51844010758 8.96685069694 0.429357147915 0.417859981564 30.49309003 31.2162807494 31.5489965206 1.65230732354 0.238969406784 0.591625897686 0.865129837876 2.55378785462 3.11366572563 3.52874327329 0.376231503641 0.512949367458 0.167165465458 0.324653435279 0.164561992235 1068.25521885 0.0639600644404 0.284347846882 0.186021508257 0.686394232644 1.21268226858 1.40971694421 2.46779519624 0.720246297675
-9999.0 -9999.0 -9999.0 -9999.0 -9999.0 -9999.0 -9999.0 -9999.0 -9999.0 -9999.0 -9999.0 -9999.0 -9999.0 -9999.0 -9999.0 -9999.0 -9999.0 -9999.0 0.68795827775 2.17909675355 4.27708789315 5.59917589755 14.4352262519 15.2188284455 1.85094583717 2.75754042166 3.54824482335 4.33411697929 9.49219251328 10.396357992 18.5520952069 19.2361789136 19.6374015319 31.9010392673 34.454336298 0.59699450667 0.38810645785 0.371489962661 0.701134221168 0.310507176926 4.10284246308 4.29685430459 0.668853788377 0.908155936754 0.19260580296 211.641101908 211.962412489 1280.37144046 1280.73205463 0.065417439146 0.831662272399 0.0934045274596 0.0790196753772 2.64296086801 3.42588325313
-9999.0 -9999.0 -9999.0 -9999.0 -9999.0 -9999.0 -9999.0 -9999.0 -9999.0 -9999.0 -9999.0 -9999.0 -9999.0 -9999.0 -9999.0 -9999.0 -9999.0 -9999.0 -9999.0 0.774915588523 0.755176595626 1.43815584352 3.42181572546 15.8591802008 0.942244565288 0.930148611575 1.71626170845 2.50834175972 6.2491050449 6.85848357612 0.477628295227 0.449180725101 20.1247832859 20.5052133694 55.3175715366 55.6475721501 0.198763258071 0.169864534855 0.131969219789 0.133491980827 0.140473028403 207.883144026 209.057807039 210.225102064 210.657042424 211.428112819 0.179872522195 0.651046848958 0.779414538195 1281.72297881 1281.74186642 1281.87847494 1282.07476306 1282.22654917 3.57899833367
-9999.0 -9999.0 -9999.0 -9999.0 -9999.0 -9999.0 -9999.0 -9999.0 -9999.0 -9999.0 -9999.0 -9999.0 -9999.0 -9999.0 -9999.0 -9999.0 -9999.0 -9999.0 -9999.0 -9999.0 0.700830451165 0.729276269748 1.35814809336 18.5194981063 19.1957143554 0.916956577562 1.69668201477 2.50270112445 3.16942099005 0.606154448273 1.12069944812 44.2184248972 44.6283529411 45.0437246906 48.0518422815 104.086944013 199.970320091 200.446609961 200.860433455 201.250140536 202.875366936 203.404447993 0.961787861905 0.424603895971 0.25594335683 0.476585035419 0.32145427487 0.516855064759 0.155248786475 3.83693946716 4.10219838477 4.30896561083 4.35636063631 1282.26836033 1285.98334122
-9999.0 -9999.0 -9999.0 -9999.0 -9999.0 -9999.0 -9999.0 -9999.0 -9999.0 -9999.0 -9999.0 -9999.0 -9999.0 -9999.0 -9999.0 -9999.0 -9999.0 -9999.0 -9999.0 -9999.0 -9999.0 0.714328608968 1.36998471043 2.02813067715 19.7397653261 0.696970323586 27.0195210067 27.8456594923 28.4692804279 29.0201929175 42.0771728165 42.6095713476 0.449663094062 2.2006644715 2.65907192984 0.410978955684 95.4037632092 94.6793919163 0.208578518369 0.485481597196 1.30073151398 0.289104687679 0.299341882661 0.214232631967 0.171701665615 0.128549010424 0.149293228365 3.3502188168 3.50200890784 3.69186725393 0.169711999396 0.144049930203 4.42921145618 4.48946718336 4.5208118813
-9999.0 -9999.0 -9999.0 -9999.0 -9999.0 -9999.0 -9999.0 -9999.0 -9999.0 -9999.0 -9999.0 -9999.0 -9999.0 -9999.0 -9999.0 -9999.0 -9999.0 -9999.0 -9999.0 -9999.0 -9999.0 0.658279957321 0.617668013989 3.18917472961 24.2105046855 25.5438114862 26.2533496765 0.825955158757 11.6114915893 12.2191416698 12.5218328178 0.521501057636 0.997823543632 1.41569592526 23.0203651409 23.3268170973 23.5810063222 94.2206371431 55.3626571198 0.270286731803 0.277574707886 0.265425804945 0.19570304926 2.07566076559 2.47437000033 2.81767181979 3.0062758733 3.18639056502 24.0417156968 24.1603457842 24.3503836763 24.8459293281 26.4592073718 26.5045784349 31.0697707025
-9999.0 -9999.0 -9999.0 -9999.0 -9999.0 -9999.0 -9999.0 -9999.0 -9999.0 -9999.0 -9999.0 -9999.0 -9999.0 -9999.0 -9999.0 -9999.0 -9999.0 -9999.0 -9999.0 -9999.0 -9999.0 -9999.0 1.28527679999 1.95519841978 0.699537152203 0.922638965349 8.5571485334 9.42534268355 10.1172155891 4.72737729228 5.29009077149 5.8681755132 6.30692064143 22.3340470248 22.7451245747 14.3919059195 38.2973909628 38.600075421 55.1407715891 0.555951199344 0.277726204262 0.18548970212 1.44525753541 1.69084780621 0.133359529033 0.122917511043 23.4717986072 23.7831558383 23.9301368609 0.240380846282 0.35554502292 26.2133521374 0.157082875624 0.368072924214 0.400176706353
-9999.0 -9999.0 -9999.0 -9999.0 -9999.0 -9999.0 -9999.0 -9999.0 -9999.0 -9999.0 -9999.0 -9999.0 -9999.0 -9999.0 -9999.0 -9999.0 -9999.0 -9999.0 -9999.0 -9999.0 -9999.0 -9999.0 0.641698258178 1.27095124462 5.31912542051 6.03054309402 6.80817811513 3.41636671759 4.15065613939 0.598428572967 14.5376169624 15.0902263399 15.6128056401 0.454265197578 13.6268618459 14.0506149949 0.312147445844 53.6650224332 0.641526373476 0.317903281754 0.79093174199 1.06967072782 0.195506067648 0.15294682602 21.8492668991 23.1935465922 23.3816409009 0.196470344079 0.391340588882 0.494302684628 0.598208272819 1.20265950435 0.130958340723 0.305735124707 0.0541729841852
