data/baseflow/History/mHMbfrc492
ncols                  80
nrows                 72
xllcorner      4374000.0
yllcorner      5656000.0
cellsize            500
NODATA_value       -9999
[rows 24 to 47 of 72, columns 0 to 53 of 80]
-9999.0 -9999.0 -9999.0 -9999.0 -9999.0 -9999.0 -9999.0 -9999.0 -9999.0 -9999.0 -9999.0 -9999.0 0.808639214145 2.2039039917 2.86368280258 4.82503696453 0.526998648539 1.08153926737 1.5830761233 6.50029509067 6.90552808917 7.24212915842 7.58536866228 7.99049411271 12.741724704 13.9462697541 14.5593043264 0.221492975072 1.66062810458 1.87272955503 26.7644482342 27.5658906937 27.9648479513 28.3835755184 28.6882023878 108.973600066 0.328630669678 225.975004522 0.282847196871 0.136427756748 1.62971947527 1.43011257561 0.198514640955 0.76123462882 1.14724364956 1.12029717185 0.763791941578 1.26163780269 1.99910510599 0.756791645331 1.91999800946 0.149277921437 0.256370832911 0.0567552857648
-9999.0 -9999.0 -9999.0 -9999.0 -9999.0 -9999.0 -9999.0 -9999.0 -9999.0 -9999.0 -9999.0 -9999.0 0.740353929281 1.46495132961 0.678821049907 1.34057314944 0.552642348258 4.46615896025 5.48983807913 6.01713647608 0.465546766788 0.902719677682 9.77731411936 11.9738683722 12.391634653 0.777977334012 0.899231955219 1.30144444636 0.182444850978 0.164220378569 0.309568321934 0.137069043637 16.8788470696 17.0309613281 17.168921591 109.252572469 227.560230255 226.122758249 0.225258689351 0.117134719367 0.107385940969 0.411865241688 0.322749549259 0.930440348378 1.34826740963 2.71990453858 0.248894985049 0.247067193722 2.19238466719 2.39218841136 4.67318882405 4.78865851704 5.10928377192 5.21994318734
-9999.0 -9999.0 -9999.0 -9999.0 -9999.0 -9999.0 -9999.0 -9999.0 -9999.0 -9999.0 -9999.0 -9999.0 -9999.0 0.695309485385 1.3991929437 2.11396712299 3.2972696838 0.612624750993 0.53393648439 4.3558451665 4.83295281456 8.93364321216 9.44597457913 1.3937042387 0.422962581038 0.370036231169 0.392717039682 15.8794071362 16.0881201681 16.2843607898 16.4457797005 16.7354392458 2.11870681245 2.26297426201 19.6393175027 356.600197618 1.03419418637 0.781243113143 0.353271625856 0.100800894918 0.088885950182 0.623142569803 0.696907103867 1.09055082984 0.0778727097142 2.81795934559 0.388660883194 0.380271331513 0.0694300089778 0.0518309077551 0.0517719467277 0.0596663393013 0.0553265647212 5.27592591557
-9999.0 -9999.0 -9999.0 -9999.0 -9999.0 -9999.0 -9999.0 -9999.0 -9999.0 -9999.0 -9999.0 -9999.0 -9999.0 -9999.0 0.657419043054 1.38895302405 2.07582229939 2.76228293682 3.29349125725 3.84783009915 1.58923404893 2.68244412101 0.500574921193 0.460251395148 13.9463370977 14.815757514 15.1937625491 15.5940821342 0.279882703774 0.488172619413 1.37619256166 1.7105294587 1.93957023362 0.170632895692 0.204087679094 357.281810272 0.245795631155 0.311668897524 0.180079661304 0.471670026186 0.214294203105 0.141821456744 1.8911167825 2.01765995295 0.0688370921251 2.90280049689 3.39039407317 0.503978445269 74.7876031737 74.6460266575 74.5306793669 74.2708493856 74.1535720736 72.25412206
-9999.0 -9999.0 -9999.0 -9999.0 -9999.0 -9999.0 -9999.0 -9999.0 -9999.0 -9999.0 -9999.0 -9999.0 -9999.0 -9999.0 0.223520095247 0.504293158338 0.730870029076 7.31082869699 7.86424795556 0.568714020267 0.538574135364 0.55060030858 12.0218439464 13.0700664759 0.496498991612 0.495886464111 0.377503786743 1.59819253697 1.99101774018 0.880843407273 1.13910102236 9.64066053479 9.8906909042 10.3438509183 16.4002717021 373.867907381 0.272052388869 0.146419290603 0.750640482615 0.613688771613 0.0920535806073 0.335287090991 0.433511612597 2.12907807303 2.22924291627 5.80393472213 3.42896799179 0.562574536367 76.5636245433 0.822359801859 74.418242654 74.3489115038 1.77301009106 0.0883643880459
-9999.0 -9999.0 -9999.0 -9999.0 -9999.0 -9999.0 -9999.0 -9999.0 -9999.0 -9999.0 -9999.0 -9999.0 -9999.0 -9999.0 1.1215602808 1.85195474677 3.76071982929 6.66379810791 8.57550175289 9.94282229857 10.4772640607 11.0291906631 11.5583743549 0.507174302771 0.430494603891 0.846722880217 0.791187925036 0.428257358436 8.38449253829 8.76488551177 9.11196222209 9.4362507875 5.19329177533 5.39921640634 5.76990092523 374.031801057 0.485106793653 0.489468511404 1.34094898887 0.131345372919 0.247108253227 0.144639118439 0.0900844646775 0.546807568486 0.07888306475 0.0834897649932 82.8189919867 76.9478568011 76.8599299461 0.307805450086 0.734579298403 0.446831893736 0.085398441625 1.52838832528
-9999.0 -9999.0 -9999.0 -9999.0 -9999.0 -9999.0 -9999.0 -9999.0 -9999.0 -9999.0 -9999.0 -9999.0 -9999.0 -9999.0 0.782486734464 0.747711640647 1.4699227687 2.20743127431 0.730649714593 0.722607925851 1.31442513892 1.88329970799 2.95708696371 3.47829795002 3.89857005712 5.18577492817 5.57462816685 6.03522735417 0.41521077821 4.12909923786 4.44704569604 4.73365181941 0.23003002757 0.169223903856 0.297962586948 380.39789565 380.555516152 381.356834104 1.70922389327 0.26856382915 0.413777760728 0.116072161727 0.163613891979 0.629695171924 0.776689569485 0.15329971855 83.2243013369 0.145441220776 0.170316565491 0.176936333281 0.171691411736 0.279743131579 0.123145910807 1.05723375167
-9999.0 -9999.0 -9999.0 -9999.0 -9999.0 -9999.0 -9999.0 -9999.0 -9999.0 -9999.0 -9999.0 -9999.0 -9999.0 -9999.0 -9999.0 0.714004724201 1.40749418351 0.68540910328 1.42949559598 8.52422423386 9.10167034854 9.62190275085 0.528729330495 0.526398676354 0.94947933972 1.39575371966 2.15919511661 2.57152623264 2.9152415648 3.33170660618 0.297023127596 0.26487419221 5.41025493852 5.61245471028 5.74842054005 5.89677976346 5.05529527728 387.028193993 389.621437257 389.734631661 390.241334935 390.71729351 390.972134718 0.0743454587304 0.846031722931 83.3008561479 0.163893706752 0.0837821436594 0.139668429302 0.141557681968 0.230086954269 0.161896808008 0.0952069448117 0.136722286137
-9999.0 -9999.0 -9999.0 -9999.0 -9999.0 -9999.0 -9999.0 -9999.0 -9999.0 -9999.0 -9999.0 -9999.0 -9999.0 -9999.0 -9999.0 -9999.0 2.08829933459 2.78209353685 4.89413700534 6.33624209429 0.727882979588 10.9746790481 11.4844905708 11.9409707307 0.440709364736 0.86085621848 0.369256094138 2.8791395389 3.16482627793 3.6416359551 4.15234715068 5.03184316751 5.22702512857 0.124765851598 4.44307952315 4.75124880709 4.91608944756 5.51030091034 0.738262294514 0.446966836934 0.251610179956 0.21821151286 391.261176702 391.40504938 392.858601427 83.3802564284 0.531719707362 0.297454007354 0.211069159941 0.056446230396 0.57298756834 0.269501668827 0.0867442162666 0.466571882971
-9999.0 -9999.0 -9999.0 -9999.0 -9999.0 -9999.0 -9999.0 -9999.0 -9999.0 -9999.0 -9999.0 -9999.0 -9999.0 -9999.0 -9999.0 -9999.0 0.726621448713 3.49278740163 4.23123493266 0.733425980452 0.565507158342 1.18621740005 1.73794338014 14.1572232888 0.437503513061 1.76078015678 2.14939491667 2.52903375328 0.338820065663 0.75231155458 0.939782524587 3.44610282913 3.85678855626 4.01147690149 0.159900059056 0.142950289803 0.158569403344 0.284172480043 0.127242608105 0.133197594439 0.187841380955 0.138730430118 0.169412206841 0.514793263302 392.993273131 476.704896025 0.670734466671 0.129632179491 0.0753337453201 1.69750808612 1.57254159324 0.90366254581 0.803044025987 0.587466488948
-9999.0 -9999.0 -9999.0 -9999.0 -9999.0 -9999.0 -9999.0 -9999.0 -9999.0 -9999.0 -9999.0 -9999.0 -9999.0 -9999.0 -9999.0 0.626687140997 2.0121673714 0.658563678827 0.667670084628 0.622740999433 1.19470086395 1.77015680031 2.29958400576 17.0557318901 17.4684782719 0.427547594114 0.812782136735 1.20395061327 1.517289778 1.82385127841 2.98246126595 3.28398045542 0.212264909519 0.161621802321 0.147183978412 0.107568529227 0.18182487399 0.182183380841 0.214311535882 0.247346120449 0.710173627187 0.316882778308 0.174097152026 0.173890744081 0.116389327908 0.213167014135 483.114945735 5.65382615506 2.25375493634 0.345253871291 0.174266807658 0.101489244049 0.285884718406 0.17205268753
-9999.0 -9999.0 -9999.0 -9999.0 -9999.0 -9999.0 -9999.0 -9999.0 -9999.0 -9999.0 -9999.0 -9999.0 -9999.0 -9999.0 0.658936002165 1.27350184444 4.56700948167 0.64091428681 1.35195093836 1.94827516884 2.48859828057 0.574475070278 1.05023578267 1.62483395634 19.646703272 0.397193445945 0.751825572303 1.11962165566 0.361145289284 0.708575830068 0.910113061506 1.15516726913 32.2967745791 32.6426419066 33.0573662025 34.6780677901 35.1034134068 36.1351024713 0.447759004281 0.946733931878 0.916170226213 39.7672971681 40.0450786027 0.158816274739 0.237917069157 0.31587562455 483.267365217 5.43741109445 2.7343728485 2.5264366532 2.11539512523 1.85904349613 0.375262831571 0.103266745148
-9999.0 -9999.0 -9999.0 -9999.0 -9999.0 -9999.0 -9999.0 -9999.0 -9999.0 -9999.0 -9999.0 -9999.0 -9999.0 -9999.0 0.666143044424 2.02413434206 7.25584670811 10.7202346691 0.580017479593 14.0294618532 17.1350228892 0.515614686159 0.97995639291 1.51641180502 24.0653376491 24.5284950503 0.302203419225 1.7329204217 2.02847949207 2.2982717349 30.0461254744 30.6183418461 30.9896435879 0.193499911972 1.10109097935 1.3425368567 0.507220846008 0.708695784358 37.1651214417 38.43579851 38.6009925929 38.756621571 40.2377306159 0.0937688667878 0.0865457008431 0.482926671173 483.449405454 0.227116037821 0.075636411916 0.231186157883 0.0897728554854 1.59559534902 1.4141095972 0.860883630801
-9999.0 -9999.0 -9999.0 -9999.0 -9999.0 -9999.0 -9999.0 -9999.0 -9999.0 -9999.0 -9999.0 -9999.0 -9999.0 -9999.0 -9999.0 -9999.0 1.41259378087 2.84324034238 12.714112421 13.4231031002 17.7632170485 18.397199696 0.508823788693 1.01835884074 2.36119458478 25.0695575503 25.7523681174 26.0168829286 0.217404419782 26.9517609963 27.5324598148 0.374541316738 0.184074734031 0.339251084344 0.671609531056 0.167839999083 0.333044076094 0.717767645702 0.893532092274 0.182922267202 0.127295054797 0.248211063654 41.171270202 41.493268134 41.5686949381 42.2764628029 483.604580872 0.195707383734 0.0522948860056 0.0666450302682 0.0661944775384 0.067981227912 0.0605786072421 0.112413327874
-9999.0 -9999.0 -9999.0 -9999.0 -9999.0 -9999.0 -9999.0 -9999.0 -9999.0 -9999.0 -9999.0 -9999.0 -9999.0 -9999.0 -9999.0 -9999.0 0.736132383446 0.719911648725 0.709130182541 1.37666791344 0.618862649598 19.629010785 20.2094326337 0.469409337222 0.911067981351 0.403507533356 0.332435890845 0.319085912827 26.5405441399 0.190839746962 0.395596542859 0.196649592132 0.178434307703 0.165279203603 0.130487366538 0.13635246604 0.422777260006 0.582159685178 0.117998093137 0.108481882921 0.237925072319 0.398499488226 0.514924419061 0.162963106613 41.6982590326 42.3584262861 483.736863559 0.561980510426 0.152752586124 0.0392036171857 0.0976607184975 0.0323630088864 0.0250331785686 0.140467549132
-9999.0 -9999.0 -9999.0 -9999.0 -9999.0 -9999.0 -9999.0 -9999.0 -9999.0 -9999.0 -9999.0 -9999.0 -9999.0 -9999.0 -9999.0 -9999.0 -9999.0 -9999.0 0.712836281986 2.02854304058 2.60926496499 3.21392128399 20.8001901395 21.3886678029 21.9573197253 22.4777470149 22.7839652535 23.4233847011 23.5962220655 23.7744588894 23.9208378401 0.149447870485 0.1410781413 0.153446556472 0.564917488846 0.153776919526 0.148085039697 0.114387765884 0.341616208417 0.144973736933 0.114116822834 0.105452646304 0.0895834179314 0.178762007426 0.261840687054 42.9029468097 527.321299958 0.208732013145 0.366441206799 0.03115109883 0.13089373235 0.0669616929832 0.0504060023633 1.14946953561
-9999.0 -9999.0 -9999.0 -9999.0 -9999.0 -9999.0 -9999.0 -9999.0 -9999.0 -9999.0 -9999.0 -9999.0 -9999.0 -9999.0 -9999.0 -9999.0 -9999.0 -9999.0 -9999.0 0.591330981146 4.68909482153 9.18715538827 9.80569346594 0.663783044521 1.14376246725 1.58558856375 1.92005766984 4.30701864244 4.46070786751 0.149135732129 0.148472117214 24.3038690213 24.6109793626 24.7379137047 0.668787059746 0.0986471937559 0.256383889646 0.374702426256 1.12968116685 1.40025224473 1.61947110731 0.199953185666 0.279611777551 0.0961586851271 0.193216244224 0.101146372289 527.513569353 0.178147919989 0.725334850249 0.182724147128 0.364924213826 1.22764520988 1.37171819462 2.62410323649
-9999.0 -9999.0 -9999.0 -9999.0 -9999.0 -9999.0 -9999.0 -9999.0 -9999.0 -9999.0 -9999.0 -9999.0 -9999.0 -9999.0 -9999.0 -9999.0 -9999.0 -9999.0 0.6573023515 2.09337120424 4.10555325357 5.36996929546 13.6742730197 14.3149391426 0.939076714636 1.38983969817 1.76821782937 2.10106907354 4.62272701903 4.92542814055 8.57753006089 8.89928727784 9.12209939671 24.8701572454 25.9045435772 0.243473147088 0.166347515637 0.158158656132 0.305761213749 0.142903735219 1.90064321723 2.00549263059 0.375592112385 0.482365572419 0.13155159993 129.707259126 129.945728659 657.597106342 658.563595694 0.201670861576 0.786055672949 0.31747963538 0.238558672937 2.98001688887
-9999.0 -9999.0 -9999.0 -9999.0 -9999.0 -9999.0 -9999.0 -9999.0 -9999.0 -9999.0 -9999.0 -9999.0 -9999.0 -9999.0 -9999.0 -9999.0 -9999.0 -9999.0 -9999.0 0.747752318837 0.729138217176 1.3772703913 3.27454011557 14.9235509365 0.487089881732 0.479958318018 0.839612179256 1.22423340861 2.92082901808 3.14217893519 0.193198493277 0.19909104012 9.312868452 9.46169277427 35.5346727901 35.7016251723 0.0894619104557 0.0782600726133 0.0679090768729 0.0686075613474 0.0761768545342 127.713942656 128.353631894 128.938926395 129.175381012 129.600486096 0.118293659402 0.433336428119 0.527326998401 659.353287885 659.479189149 659.579584034 659.661618625 659.750876364
-9999.0 -9999.0 -9999.0 -9999.0 -9999.0 -9999.0 -9999.0 -9999.0 -9999.0 -9999.0 -9999.0 -9999.0 -9999.0 -9999.0 -9999.0 -9999.0 -9999.0 -9999.0 -9999.0 -9999.0 0.668177484093 0.699543713242 1.30024046164 17.456443882 18.049931929 0.466198682311 0.824060135372 1.22110719764 1.50822675066 0.248146040198 0.459463395587 35.63300795 35.7707598688 35.9605030404 37.2164002196 73.0792210434 123.890377551 124.107573331 124.310749264 124.504124896 125.331885675 125.605032746 0.54291919203 0.247095670231 0.150860201129 0.28408414987 0.214928032154 0.341870890483 0.11061269971 2.24978115953 2.68607532755 3.05012649173 3.09860474443 659.813044021
-9999.0 -9999.0 -9999.0 -9999.0 -9999.0 -9999.0 -9999.0 -9999.0 -9999.0 -9999.0 -9999.0 -9999.0 -9999.0 -9999.0 -9999.0 -9999.0 -9999.0 -9999.0 -9999.0 -9999.0 -9999.0 0.680006023138 1.30421829781 1.93125320983 18.5763575769 0.473349381874 24.7530441961 25.160387851 25.4077107906 25.6342640692 34.6817092805 34.9616395392 0.161415314703 0.885087640908 1.10152461998 0.177662966221 50.5955586618 50.2723464715 0.10044456292 0.237152361972 0.653004713091 0.146809405895 0.160791277423 0.124837688193 0.108180708864 0.083102204901 0.101079342557 1.90388484165 2.01310598761 2.14469546419 0.325711837296 0.248149943642 3.29113492322 3.37840977594
-9999.0 -9999.0 -9999.0 -9999.0 -9999.0 -9999.0 -9999.0 -9999.0 -9999.0 -9999.0 -9999.0 -9999.0 -9999.0 -9999.0 -9999.0 -9999.0 -9999.0 -9999.0 -9999.0 -9999.0 -9999.0 0.619689664027 0.583108723456 3.01917659697 22.8038593117 23.8831095531 24.40042181 0.37005733283 8.30289366437 8.54700670663 8.69178624983 0.236003218873 0.420797901577 0.587868548161 11.5353912502 11.6668886187 11.7836115858 50.0585541418 31.3334154444 0.131521038133 0.142162859214 0.135158932241 0.106788189697 1.09033413281 1.3364392388 1.55108755851 1.67497382252 1.7941017878 11.5702203627 11.6633568773 11.7675983669 11.9923908164 13.075421613 13.1228691154
-9999.0 -9999.0 -9999.0 -9999.0 -9999.0 -9999.0 -9999.0 -9999.0 -9999.0 -9999.0 -9999.0 -9999.0 -9999.0 -9999.0 -9999.0 -9999.0 -9999.0 -9999.0 -9999.0 -9999.0 -9999.0 -9999.0 1.21351249147 1.85415777008 0.64593822375 0.482189339923 7.04916266755 7.43988590012 7.69657132661 2.35828727293 2.54740150788 2.74593692915 2.91185070373 11.2359998681 11.4213586445 6.54579534125 18.4747368316 18.6093929265 31.2268461732 0.273834982403 0.14174177114 0.097090679704 0.743382832186 0.876139142013 0.0861974888305 0.0814753667195 11.1608506066 11.3766364357 11.4879470442 0.106104342137 0.159447676865 12.8955390001 0.100784526935 0.364854160006
-9999.0 -9999.0 -9999.0 -9999.0 -9999.0 -9999.0 -9999.0 -9999.0 -9999.0 -9999.0 -9999.0 -9999.0 -9999.0 -9999.0 -9999.0 -9999.0 -9999.0 -9999.0 -9999.0 -9999.0 -9999.0 -9999.0 0.60936871409 1.20560196331 5.03646458034 5.68190206806 6.17221172801 1.86089243296 2.16600294118 0.20967652911 7.78899849963 7.97435271357 8.15117606064 0.173689482145 6.20526365265 6.39830217939 0.142853141409 30.5141825665 0.307826629701 0.154640544628 0.398896699389 0.541167094212 0.107793461987 0.0862667484617 10.1424471484 10.9670237658 11.0937415349 0.130118836698 0.283431931907 0.356791186584 0.434191831961 0.83369381421 0.133343359509 0.299813681883
