data/baseflow/History/mHMbfrc421
ncols                  80
nrows                 72
xllcorner      4374000.0
yllcorner      5656000.0
cellsize            500
NODATA_value       -9999
[rows 0 to 23 of 72, columns 0 to 53 of 80]
-9999.0 -9999.0 -9999.0 -9999.0 -9999.0 -9999.0 -9999.0 -9999.0 -9999.0 -9999.0 -9999.0 -9999.0 0.916116695182 0.710824877764 -9999.0 -9999.0 -9999.0 -9999.0 -9999.0 -9999.0 -9999.0 -9999.0 -9999.0 -9999.0 -9999.0 -9999.0 -9999.0 -9999.0 -9999.0 -9999.0 -9999.0 -9999.0 -9999.0 -9999.0 -9999.0 -9999.0 -9999.0 -9999.0 -9999.0 -9999.0 -9999.0 -9999.0 -9999.0 -9999.0 -9999.0 -9999.0 -9999.0 -9999.0 -9999.0 -9999.0 -9999.0 -9999.0 -9999.0 -9999.0
-9999.0 -9999.0 -9999.0 -9999.0 -9999.0 -9999.0 -9999.0 -9999.0 -9999.0 -9999.0 -9999.0 -9999.0 1.8663783741 3.89075707166 0.5809095457 -9999.0 0.536234723475 -9999.0 -9999.0 -9999.0 -9999.0 -9999.0 -9999.0 -9999.0 -9999.0 -9999.0 -9999.0 -9999.0 -9999.0 -9999.0 -9999.0 -9999.0 -9999.0 -9999.0 -9999.0 -9999.0 -9999.0 -9999.0 -9999.0 -9999.0 -9999.0 -9999.0 -9999.0 -9999.0 -9999.0 -9999.0 -9999.0 -9999.0 -9999.0 -9999.0 -9999.0 -9999.0 -9999.0 -9999.0
-9999.0 -9999.0 -9999.0 -9999.0 -9999.0 -9999.0 -9999.0 -9999.0 -9999.0 -9999.0 0.917518346416 0.887262257277 0.919685660711 0.89955082924 5.5902027529 6.18075392918 1.49220820963 0.480286749041 -9999.0 -9999.0 -9999.0 -9999.0 -9999.0 -9999.0 -9999.0 -9999.0 -9999.0 -9999.0 -9999.0 -9999.0 -9999.0 -9999.0 -9999.0 -9999.0 -9999.0 -9999.0 -9999.0 -9999.0 -9999.0 -9999.0 -9999.0 -9999.0 -9999.0 -9999.0 -9999.0 -9999.0 -9999.0 -9999.0 -9999.0 -9999.0 -9999.0 -9999.0 -9999.0 -9999.0
-9999.0 -9999.0 -9999.0 -9999.0 -9999.0 -9999.0 -9999.0 -9999.0 -9999.0 0.893564080955 1.80340527626 3.58218107762 1.77904662407 0.867422053005 1.69581994536 6.99348376256 9.5228728744 0.51250240921 -9999.0 0.869662386397 -9999.0 -9999.0 -9999.0 -9999.0 1.00741617847 0.520815896959 -9999.0 -9999.0 -9999.0 -9999.0 -9999.0 -9999.0 -9999.0 -9999.0 -9999.0 -9999.0 -9999.0 -9999.0 -9999.0 -9999.0 -9999.0 -9999.0 -9999.0 -9999.0 -9999.0 -9999.0 -9999.0 -9999.0 -9999.0 -9999.0 -9999.0 -9999.0 -9999.0 -9999.0
-9999.0 -9999.0 -9999.0 -9999.0 -9999.0 -9999.0 -9999.0 -9999.0 0.995821377121 2.83001656031 3.69402714588 4.56277447255 6.19960237379 0.81944331504 3.30513221459 4.09864312984 14.8056574421 0.649360100881 0.735641959697 1.65254371496 2.40700495634 0.77936156535 -9999.0 2.52526403376 2.07091524166 0.545731791707 -9999.0 -9999.0 -9999.0 -9999.0 -9999.0 -9999.0 -9999.0 -9999.0 -9999.0 -9999.0 -9999.0 -9999.0 -9999.0 -9999.0 -9999.0 -9999.0 -9999.0 -9999.0 -9999.0 -9999.0 -9999.0 -9999.0 -9999.0 -9999.0 -9999.0 -9999.0 -9999.0 -9999.0
-9999.0 -9999.0 -9999.0 -9999.0 -9999.0 -9999.0 0.988490714303 0.918572589292 0.893633250454 0.905789274432 0.907223110699 6.38557868974 13.4509970773 14.3066623749 15.0895167714 0.789244524288 16.3014514799 17.0419061613 1.50647011612 0.771962253149 3.14961110296 5.44583783495 0.698494417314 4.59607014217 0.76961643402 0.715769386663 0.781615467617 -9999.0 -9999.0 -9999.0 -9999.0 -9999.0 -9999.0 -9999.0 -9999.0 -9999.0 -9999.0 -9999.0 -9999.0 -9999.0 -9999.0 -9999.0 -9999.0 -9999.0 -9999.0 -9999.0 -9999.0 -9999.0 -9999.0 -9999.0 -9999.0 -9999.0 -9999.0 -9999.0
-9999.0 -9999.0 -9999.0 -9999.0 -9999.0 -9999.0 1.97986087483 2.92820176581 6.63499048169 9.28635126503 0.829061306725 0.854024775069 0.814511344292 2.39325904845 18.2279428194 0.728408680561 17.7642670764 20.6298151015 2.21565344917 1.47964303674 6.15551782815 0.753740786997 5.33786398553 1.45233747155 0.720112150988 1.41622503694 1.55514598852 0.797445875707 0.805890637729 0.792179459467 0.811019869799 1.62507862635 -9999.0 -9999.0 -9999.0 -9999.0 -9999.0 -9999.0 -9999.0 -9999.0 -9999.0 -9999.0 -9999.0 -9999.0 -9999.0 -9999.0 -9999.0 -9999.0 -9999.0 -9999.0 -9999.0 -9999.0 -9999.0 -9999.0
-9999.0 -9999.0 -9999.0 -9999.0 -9999.0 1.05623718459 2.05736141148 0.99218031263 1.92596408518 10.2340904105 11.9701425711 13.6938025909 43.7579102408 0.790543293985 19.0061683455 68.93541521 69.5250518268 91.1838186442 0.632562024267 2.18937053874 6.86905600229 0.709153500914 13.4335580311 7.37035732879 4.44720256692 3.71616782331 0.762474587715 2.3677006897 2.36417462222 1.57655748143 0.758182197376 2.40158083043 0.740057799969 0.731723160293 -9999.0 -9999.0 -9999.0 -9999.0 -9999.0 -9999.0 -9999.0 -9999.0 -9999.0 -9999.0 -9999.0 -9999.0 -9999.0 -9999.0 -9999.0 -9999.0 -9999.0 -9999.0 -9999.0 -9999.0
-9999.0 -9999.0 -9999.0 -9999.0 -9999.0 1.06545197784 3.11563195483 6.18659089743 7.13852795582 14.1482877173 15.0495893408 17.8496618395 29.2762293776 46.1378976271 47.7417585665 48.4850100383 1.41637059117 93.7251539199 95.0270887062 98.6591914651 121.818702824 15.5943154119 14.1774934387 5.18527402409 0.723482047669 4.51674087194 3.06650730086 0.679979050857 3.0820067598 0.701704772939 1.43368922244 3.84051412519 4.56009002121 1.44355870381 0.696328684261 0.691009466732 -9999.0 -9999.0 -9999.0 -9999.0 0.46376513737 0.425921260359 -9999.0 -9999.0 -9999.0 -9999.0 -9999.0 -9999.0 -9999.0 -9999.0 -9999.0 -9999.0 -9999.0 -9999.0
-9999.0 -9999.0 -9999.0 -9999.0 -9999.0 1.04190232972 1.00215127001 4.12679721422 5.09018157013 6.07896995439 0.948488705922 1.88233802867 10.733827673 1.86925648795 0.880936647156 0.82279618865 0.743779874037 0.811881570391 0.771798590664 0.788775027584 122.543190334 124.668743272 0.700733833659 2.1354568143 1.44255407249 5.21260271411 1.36804625005 0.656040315831 3.80612720854 1.38883685863 3.36597453899 8.05836263331 7.41077185704 2.13886010788 2.05125599437 0.706796364361 0.692078643789 -9999.0 -9999.0 0.692012969297 0.992691041329 2.30420671332 0.444782260407 -9999.0 -9999.0 -9999.0 -9999.0 -9999.0 -9999.0 -9999.0 -9999.0 -9999.0 -9999.0 -9999.0
-9999.0 -9999.0 -9999.0 -9999.0 -9999.0 -9999.0 1.06953946206 1.06765140914 2.06600004921 3.07019355841 6.98525799569 8.91544581912 9.86937317171 0.9770794615 0.812410429791 10.6930515831 13.1190507517 13.8934199784 17.0739333771 17.8185078743 0.730873899515 125.396632492 128.963769583 2.85978600163 0.701023122813 5.89255942674 12.9535812419 5.08496006898 1.31030442884 0.662770280186 12.7179334842 8.72317859091 0.629791072354 0.62569959703 2.67813720352 2.06180708609 0.649312130416 0.603474219538 0.670007153048 1.35014281259 0.640232960982 2.78933587024 3.38136432754 0.535992951026 -9999.0 -9999.0 -9999.0 -9999.0 0.587625664217 0.555166605093 0.24123597794 -9999.0 -9999.0 -9999.0
-9999.0 -9999.0 -9999.0 -9999.0 -9999.0 -9999.0 -9999.0 1.05735135386 0.971824154159 1.98827039481 2.97954088282 0.973011536096 0.89377293651 5.59131882175 7.32230771417 9.08490725933 0.825898354732 1.64469726953 0.801627227219 18.5757203965 40.6509062327 41.1229427452 171.338241289 0.708205499425 2.04981065134 0.662665528274 13.5694988227 0.65422549106 1.97919558217 0.652334646697 13.3533019692 13.990064473 1.26473890334 1.25838572918 6.72795094503 3.38126438516 1.24460359335 0.645691158946 1.3372315371 2.00954637914 3.25945247093 0.586804005172 4.36032227998 4.75416879685 0.346101867075 0.383375820553 0.389035778918 0.344822267679 0.32277321257 1.56251971123 0.746177643245 0.497939249545 -9999.0 -9999.0
-9999.0 -9999.0 -9999.0 -9999.0 -9999.0 -9999.0 -9999.0 -9999.0 2.00065600859 2.94722821837 0.973171430125 1.96796648217 2.8945876095 4.74939988669 0.930064512625 0.906075085695 0.805795738527 0.815289071024 0.754913144696 20.5551002837 0.810136802465 1.59350621911 173.408311478 174.524353475 0.442167506187 2.95435171226 17.083854225 1.2908115337 2.57042848444 1.20825747318 1.76512664952 16.3886555738 1.83668992091 9.73775883823 7.92629931639 0.608404795501 3.14305263441 1.27837503879 1.95105627476 0.604814463108 3.80351828225 4.83338318671 5.16571062907 5.47742011978 6.04937405765 0.659813497994 0.685775329578 0.615526607998 0.569303183331 1.89497599571 0.390611850895 1.65557186379 2.04172680095 -9999.0
-9999.0 -9999.0 -9999.0 -9999.0 -9999.0 -9999.0 -9999.0 -9999.0 1.03016809293 4.98388928904 5.93804881003 0.955947287876 1.87224386244 0.915809928205 0.862787764003 0.849600462036 10.5535818475 14.0039444356 17.0718496513 20.0416695367 0.707680303455 0.794950267287 0.70278394607 177.608196744 178.716406998 179.106695259 22.6351601127 5.06367529944 4.44862551765 0.535409420198 2.3099568422 19.2540450289 0.547080094985 10.2868738861 0.603901302642 4.14975021359 3.78456396198 0.624532383332 2.56271573601 1.21308164699 1.80174903166 0.454749724345 0.308347006426 5.7844024164 6.05785008729 6.32208177924 0.979858189557 0.892937198217 0.837949140702 2.3164116023 3.10853391584 0.395651752533 2.44926560393 0.447580245213
-9999.0 -9999.0 -9999.0 -9999.0 -9999.0 -9999.0 -9999.0 -9999.0 -9999.0 1.03762150162 6.92264318923 7.86743149274 2.79733540258 4.63102296573 6.36253800627 7.23354538134 0.878733817163 2.64361312129 1.74867509902 0.88549423455 0.865904712107 0.807852878612 1.57847544689 2.55277226106 0.676550575623 202.876013894 203.32371521 0.400911774838 0.390986048792 1.1081938783 1.64805380767 20.8525141433 1.06369611255 10.7610186679 6.42977080269 5.29399844731 0.592178268502 1.20502042871 3.12156184384 0.558214127699 2.33811534203 0.966197141112 0.56157178992 0.29772952803 6.91432973041 13.4555702181 1.1754872188 1.09499642788 1.13740238138 0.324774510499 3.4264116641 0.309704349425 3.19268663853 0.395337250772
-9999.0 -9999.0 -9999.0 -9999.0 -9999.0 -9999.0 -9999.0 -9999.0 -9999.0 -9999.0 0.940525304848 9.7583760713 0.921070496777 1.83523467744 2.68371880757 4.3730577158 0.859642977745 1.76042229658 0.869060886369 0.829009189387 0.786958046658 1.55672156073 0.711001555565 0.710189123271 1.24545103837 0.636240226351 203.784056436 204.587618936 205.837724962 2.07526742531 0.565551765305 1.12848189395 21.4210962224 19.8558148129 7.57785729393 0.572161468113 2.37028653613 1.78506049 3.68156787884 1.11583419195 4.37735787532 1.49374249447 0.971824781213 0.300983946038 0.316867967326 13.7694188396 14.0248432133 16.511484677 2.16341375474 0.674792599664 3.76940516593 4.41558763357 7.92353132769 0.77056993367
-9999.0 -9999.0 -9999.0 -9999.0 -9999.0 -9999.0 -9999.0 -9999.0 -9999.0 -9999.0 -9999.0 0.568879239418 11.0027769068 0.884366499561 1.72406094064 7.77540036411 0.853860615427 0.848325670749 0.771542015131 1.63165948478 0.797261567859 3.14177782442 4.55179189886 5.20385425873 1.79077225833 2.16844877896 0.413384960798 0.549197047946 0.508417871054 208.912824445 210.418762727 21.9089149427 20.8546485124 20.3565182468 1.00742637498 0.48988701351 2.90304504882 7.64757578996 4.21279864652 1.64266623921 6.51740994275 2.55473510918 2.07806838522 0.642297634998 0.244621716997 0.210878723427 0.224467762042 17.6372722581 20.7146126161 0.336145709128 0.295089532869 0.331016627323 8.25489885776 9.3603436654
-9999.0 -9999.0 -9999.0 -9999.0 -9999.0 -9999.0 -9999.0 -9999.0 -9999.0 -9999.0 -9999.0 0.534682503773 12.2690783154 15.0135105634 0.844298769706 9.4578638754 0.802497430938 0.782814883066 1.56147970022 3.99274247634 0.783390807722 0.810182872626 0.708554877721 6.59145615807 7.25307355843 10.1080115549 11.0696954927 11.5831307089 11.9731755095 12.569468622 223.405523566 246.097479052 267.609923313 267.850523512 0.326441280388 0.475534491605 8.7156202984 8.18448804693 0.524414232559 0.520192646316 7.01780498628 10.0748396829 0.441950149177 5.1291689621 4.67796432082 1.27997639395 0.53008775641 0.87468609264 0.31589958459 21.2102348953 0.248533772248 0.873676576271 1.06920989177 11.2683894103
-9999.0 -9999.0 -9999.0 -9999.0 -9999.0 -9999.0 -9999.0 -9999.0 -9999.0 -9999.0 -9999.0 0.984015864087 1.88898218633 15.9022120658 17.5239485854 0.812579005955 10.8333889668 0.719661013813 2.22174352217 4.73317544453 1.52805225307 0.742503778623 1.46891444432 0.618280748594 1.21890497493 0.620930647855 0.597349652026 0.589156278112 0.570732306824 0.502989752824 0.406776892647 0.445520971022 0.457331168029 0.448013364769 268.911257235 9.84640641336 9.16975261838 0.220765785395 1.47596884106 0.444501976013 0.404062968668 10.5384922384 17.0752112114 5.62512811101 4.08143036279 0.794541667397 0.298811895175 0.27141312928 0.526601122725 21.9890000911 22.4359155295 0.235306361998 0.239889983953 0.275396680519
-9999.0 -9999.0 -9999.0 -9999.0 -9999.0 -9999.0 -9999.0 -9999.0 -9999.0 -9999.0 -9999.0 -9999.0 0.873087703271 11.527481044 29.8961987282 32.4428659001 43.9912922757 44.5523420586 10.5182688018 7.76772951156 2.28133130275 0.735339166282 2.90555519666 3.58688068988 5.43545589982 1.26380889493 1.19908797976 1.19903077032 2.35382951487 1.07967068178 0.964168122245 0.562376082844 0.485133914741 0.366768267506 269.264189797 279.477132337 279.714339043 0.207875775747 3.75851052045 1.84010521484 0.500336772615 18.5860604121 1.05331186452 0.541364470517 2.29853986382 0.531404025945 0.342054934178 0.614552651638 0.834706515488 1.07323643312 22.8079755545 0.17582180688 0.150665213505 0.152649809633
-9999.0 -9999.0 -9999.0 -9999.0 -9999.0 -9999.0 -9999.0 -9999.0 -9999.0 -9999.0 -9999.0 0.93949398176 8.77597503211 10.6460059798 1.73808094775 0.592433173325 1.31526337123 46.6343370538 47.2185976299 58.2856438818 0.675591879958 1.40570595941 0.627659138776 0.635697038684 6.04958964569 7.92622028945 9.69582235291 0.565810610715 2.90923963813 4.53643966019 2.5616991815 1.08396274597 0.970621881891 0.857145426506 0.752752777917 0.265872698928 279.896993498 280.034508008 284.094094801 0.812130092302 0.440090874216 18.8944623274 1.13485693744 0.577749630507 0.61383104222 0.609407200849 0.537453760306 0.907180286715 2.5228603262 3.85580746785 26.8481152764 0.131945205651 0.393456732683 0.267505137984
-9999.0 -9999.0 -9999.0 -9999.0 -9999.0 -9999.0 -9999.0 -9999.0 -9999.0 -9999.0 -9999.0 0.957850626356 6.03981778896 0.952569115854 0.854584964932 4.46109316779 5.23917744504 6.02455207213 6.757515671 79.197727044 79.8475846059 81.1634730813 91.0280173642 92.9139592483 93.990311114 94.6106994015 105.74105916 107.339529505 107.904071716 113.052843869 116.184620853 116.703874954 118.715565412 1.34403040841 1.22954149878 0.269385028222 0.177202875358 280.206941415 285.294008877 1.07064275649 21.7125742145 21.3362386031 2.14196210935 0.519797298953 0.523388934346 0.507894110182 0.494314811867 0.987773566667 1.35863173713 0.325266303826 27.0185952169 27.200380451 28.0119694089 28.1556975291
-9999.0 -9999.0 -9999.0 -9999.0 -9999.0 -9999.0 -9999.0 -9999.0 -9999.0 -9999.0 -9999.0 3.09621442638 4.09693397196 1.92877972459 2.84528559113 0.907118766831 10.245263039 11.0576834055 12.6607211161 13.4229844515 5.39589994552 87.6810821017 88.3567416664 0.602832622191 0.453588972706 0.453718785694 0.946804995748 0.52332500749 0.47755135066 0.490470080549 0.472299201011 117.265340321 119.250685583 121.035718712 122.643109631 123.419969567 0.320795248659 0.102330334361 307.699416796 22.2816941393 22.108898461 0.451707504141 0.394971818651 0.360539720148 0.901631310985 0.882025810392 0.419391474714 0.421952818406 0.374773196424 0.695443513277 0.881163098881 0.124294745449 0.229149783196 0.0994173389075
-9999.0 -9999.0 -9999.0 -9999.0 -9999.0 -9999.0 -9999.0 -9999.0 -9999.0 -9999.0 -9999.0 -9999.0 2.09259601263 0.986236266778 0.920762982826 8.6219107292 9.45113125083 0.833322809691 3.25245622606 4.02575357874 4.75354981579 0.771903041027 0.540422501572 13.3739167805 13.8058996263 14.2363384292 36.0831481742 36.4701532167 37.3041473524 40.3813718362 42.6861570542 43.0772731827 0.466471941477 0.48129667426 0.405426153908 123.666729715 0.118064498661 311.125880921 310.951075729 3.12375442818 2.8973709778 1.71407706847 0.437850475809 0.713237992784 1.2625094994 1.24454301312 0.811920194136 0.407059537228 0.776202385059 0.757881622154 1.20969471986 0.287486352768 0.479171752593 0.743885062046
