data/baseflow/History/mHMbfrc378
ncols                  80
nrows                 72
xllcorner      4374000.0
yllcorner      5656000.0
cellsize            500
NODATA_value       -9999
[rows 0 to 23 of 72, columns 0 to 54 of 80]
-9999.0 -9999.0 -9999.0 -9999.0 -9999.0 -9999.0 -9999.0 -9999.0 -9999.0 -9999.0 -9999.0 -9999.0 1.12195792112 0.947864234754 -9999.0 -9999.0 -9999.0 -9999.0 -9999.0 -9999.0 -9999.0 -9999.0 -9999.0 -9999.0 -9999.0 -9999.0 -9999.0 -9999.0 -9999.0 -9999.0 -9999.0 -9999.0 -9999.0 -9999.0 -9999.0 -9999.0 -9999.0 -9999.0 -9999.0 -9999.0 -9999.0 -9999.0 -9999.0 -9999.0 -9999.0 -9999.0 -9999.0 -9999.0 -9999.0 -9999.0 -9999.0 -9999.0 -9999.0 -9999.0 -9999.0
-9999.0 -9999.0 -9999.0 -9999.0 -9999.0 -9999.0 -9999.0 -9999.0 -9999.0 -9999.0 -9999.0 -9999.0 2.24121041118 4.9988301701 0.81575948922 -9999.0 0.661454652794 -9999.0 -9999.0 -9999.0 -9999.0 -9999.0 -9999.0 -9999.0 -9999.0 -9999.0 -9999.0 -9999.0 -9999.0 -9999.0 -9999.0 -9999.0 -9999.0 -9999.0 -9999.0 -9999.0 -9999.0 -9999.0 -9999.0 -9999.0 -9999.0 -9999.0 -9999.0 -9999.0 -9999.0 -9999.0 -9999.0 -9999.0 -9999.0 -9999.0 -9999.0 -9999.0 -9999.0 -9999.0 -9999.0
-9999.0 -9999.0 -9999.0 -9999.0 -9999.0 -9999.0 -9999.0 -9999.0 -9999.0 -9999.0 1.10751648028 1.07885828654 1.10090865719 1.07254992383 7.04035414555 7.92042069444 1.86688027494 0.59706283135 -9999.0 -9999.0 -9999.0 -9999.0 -9999.0 -9999.0 -9999.0 -9999.0 -9999.0 -9999.0 -9999.0 -9999.0 -9999.0 -9999.0 -9999.0 -9999.0 -9999.0 -9999.0 -9999.0 -9999.0 -9999.0 -9999.0 -9999.0 -9999.0 -9999.0 -9999.0 -9999.0 -9999.0 -9999.0 -9999.0 -9999.0 -9999.0 -9999.0 -9999.0 -9999.0 -9999.0 -9999.0
-9999.0 -9999.0 -9999.0 -9999.0 -9999.0 -9999.0 -9999.0 -9999.0 -9999.0 1.09515043102 2.18291295861 4.33399290197 2.12560238006 1.03504251626 2.02853119285 8.9105723678 12.2409552162 0.693026095415 -9999.0 1.04004937474 -9999.0 -9999.0 -9999.0 -9999.0 1.29663555839 0.654952328438 -9999.0 -9999.0 -9999.0 -9999.0 -9999.0 -9999.0 -9999.0 -9999.0 -9999.0 -9999.0 -9999.0 -9999.0 -9999.0 -9999.0 -9999.0 -9999.0 -9999.0 -9999.0 -9999.0 -9999.0 -9999.0 -9999.0 -9999.0 -9999.0 -9999.0 -9999.0 -9999.0 -9999.0 -9999.0
-9999.0 -9999.0 -9999.0 -9999.0 -9999.0 -9999.0 -9999.0 -9999.0 1.21964983605 3.4728914843 4.53633633088 5.6036359969 7.48040534484 0.995846840954 3.96871837602 4.93669470707 18.9144409451 0.918864483836 0.927052182436 1.98568659253 2.90534893923 0.953147014283 -9999.0 3.46058653709 2.83475701082 0.801066899778 -9999.0 -9999.0 -9999.0 -9999.0 -9999.0 -9999.0 -9999.0 -9999.0 -9999.0 -9999.0 -9999.0 -9999.0 -9999.0 -9999.0 -9999.0 -9999.0 -9999.0 -9999.0 -9999.0 -9999.0 -9999.0 -9999.0 -9999.0 -9999.0 -9999.0 -9999.0 -9999.0 -9999.0 -9999.0
-9999.0 -9999.0 -9999.0 -9999.0 -9999.0 -9999.0 1.23653322178 1.15508955655 1.1026749888 1.11728243881 1.11637714463 7.84407909116 16.3805578988 17.4243459919 18.2957682739 0.828451731707 20.6902632709 21.6249663128 1.86345517255 0.931084915255 3.80872695652 6.63208157281 0.955589304304 6.32631267761 0.993727200522 0.992998474428 1.03025337142 -9999.0 -9999.0 -9999.0 -9999.0 -9999.0 -9999.0 -9999.0 -9999.0 -9999.0 -9999.0 -9999.0 -9999.0 -9999.0 -9999.0 -9999.0 -9999.0 -9999.0 -9999.0 -9999.0 -9999.0 -9999.0 -9999.0 -9999.0 -9999.0 -9999.0 -9999.0 -9999.0 -9999.0
-9999.0 -9999.0 -9999.0 -9999.0 -9999.0 -9999.0 2.45980004903 3.6376486531 8.24471325233 11.5291767126 1.0293145686 1.04964498405 1.00603721868 2.97513294469 22.1972222103 0.848961880369 22.5327382213 26.0219117995 2.74998360877 1.80336916382 7.51110244684 0.938567682869 7.24459608295 1.88059614562 0.944623643867 1.91262175658 2.01511121737 0.984990644258 0.985019432917 0.968237240902 1.01040419139 2.02746767665 -9999.0 -9999.0 -9999.0 -9999.0 -9999.0 -9999.0 -9999.0 -9999.0 -9999.0 -9999.0 -9999.0 -9999.0 -9999.0 -9999.0 -9999.0 -9999.0 -9999.0 -9999.0 -9999.0 -9999.0 -9999.0 -9999.0 -9999.0
-9999.0 -9999.0 -9999.0 -9999.0 -9999.0 1.29909266523 2.53016862954 1.21539998398 2.37432997741 12.7031672428 14.8576699512 16.9876353619 53.5723763366 0.984636260888 23.1759570377 84.2784431975 84.9358973421 112.085865371 0.726721258854 2.68081230589 8.39562491291 0.877772763891 17.7007523891 9.55994819578 5.84322876269 4.89614949534 1.00092570583 2.92105808033 2.88209599368 1.92341026629 0.943046977132 2.99723922437 0.941136982854 0.932755371918 -9999.0 -9999.0 -9999.0 -9999.0 -9999.0 -9999.0 -9999.0 -9999.0 -9999.0 -9999.0 -9999.0 -9999.0 -9999.0 -9999.0 -9999.0 -9999.0 -9999.0 -9999.0 -9999.0 -9999.0 -9999.0
-9999.0 -9999.0 -9999.0 -9999.0 -9999.0 1.30370318372 3.80595393607 7.56792214186 8.73676198613 17.2788682805 18.3912927112 21.8359074751 35.5949971366 56.4270265248 58.4207923136 59.3564271062 1.73576463066 115.161427142 116.689611732 121.120008384 150.833820979 20.4172608763 18.6388885206 6.77342054847 0.911653593139 5.73090786157 3.85342729449 0.901345469859 3.78439882714 0.86598573898 1.77386201709 4.82117793678 5.74067559321 1.84523714682 0.913958490072 0.903389598578 -9999.0 -9999.0 -9999.0 -9999.0 0.68085906577 0.582817808695 -9999.0 -9999.0 -9999.0 -9999.0 -9999.0 -9999.0 -9999.0 -9999.0 -9999.0 -9999.0 -9999.0 -9999.0 -9999.0
-9999.0 -9999.0 -9999.0 -9999.0 -9999.0 1.27766792509 1.22184715418 5.00721795585 6.18676231032 7.39554703194 1.16454853248 2.31366982047 13.0164360126 2.32768119441 1.09197237768 1.03127754876 0.943563449626 1.03389540801 0.98165672081 0.994579263518 151.774727708 154.473590566 0.878574595472 2.68338419935 1.81552105778 6.63322696742 1.81588944437 0.886628696935 4.70693997679 1.69307466768 4.01346904057 10.1411174351 9.40157320773 2.75340261531 2.71900447414 0.915677956082 0.913233947734 -9999.0 -9999.0 0.909084022286 1.52188801868 3.32708006012 0.617101846061 -9999.0 -9999.0 -9999.0 -9999.0 -9999.0 -9999.0 -9999.0 -9999.0 -9999.0 -9999.0 -9999.0 -9999.0
-9999.0 -9999.0 -9999.0 -9999.0 -9999.0 -9999.0 1.2894093045 1.28690836397 2.49931183861 3.70981881052 8.41684270864 10.7701002942 11.9422128272 1.23724513662 1.01952216518 13.2859034374 16.3443360749 17.324334798 21.3295153948 22.2672484767 0.932410617678 155.411786435 159.823779589 3.49805798496 0.623384044855 7.44328273485 16.5828497858 6.47430878935 1.72472174007 0.858509547658 15.834823063 11.0169723289 0.862033531207 0.864869831539 3.59704860115 2.70803873472 0.89185376768 0.889425976289 0.893034292899 1.78675971715 0.872817638449 4.05224326345 4.92215413437 0.862776330331 -9999.0 -9999.0 -9999.0 -9999.0 0.945587176295 0.912723926886 0.220637863734 -9999.0 -9999.0 -9999.0 -9999.0
-9999.0 -9999.0 -9999.0 -9999.0 -9999.0 -9999.0 -9999.0 1.28650855069 1.13817816287 2.35861096481 3.56191804285 1.18632062523 1.11552225145 6.87686226518 9.05896339714 11.2705526916 1.043686789 2.05700350906 1.01127333524 23.2223029032 51.3161240221 52.0066782951 213.568025965 0.896709488577 1.87854250294 0.597155082843 17.4474742224 0.864171750521 2.59660930743 0.852622880842 16.6912234538 17.5431507035 1.72656472482 1.71131581763 8.9737969986 4.49056061284 1.79360873682 0.904917634259 1.78607316039 2.66801756275 4.39111707509 0.860045001236 6.68386852637 7.55938583499 0.812790303148 0.845677895374 0.883246436733 0.835561229996 0.808358747282 2.71612710983 0.986514025682 0.638095465271 -9999.0 -9999.0 -9999.0
-9999.0 -9999.0 -9999.0 -9999.0 -9999.0 -9999.0 -9999.0 -9999.0 2.40210807879 3.50262282291 1.18014386763 2.38255452592 3.52538790173 5.82121265178 1.16044042008 1.12533814141 1.00668313201 1.01946396531 0.951917320091 26.1646415854 1.02226934958 2.01151369669 216.414867941 218.768948296 1.19138197368 4.2358936142 22.5868990929 1.70985923394 3.40488148459 1.63328855246 2.43455165719 20.895021963 2.54175817647 13.167927599 10.6493404101 0.842857752371 4.41196772455 1.76958966061 2.6336460797 0.848978155925 5.25338302084 6.97967383272 7.76792449391 8.53069975046 10.673176825 1.56393084858 1.63340479154 1.55003928695 1.48821257007 3.46305203774 0.732001377065 2.36385485518 3.03929006466 -9999.0 -9999.0
-9999.0 -9999.0 -9999.0 -9999.0 -9999.0 -9999.0 -9999.0 -9999.0 1.24009179981 5.96345205448 7.12331564538 1.16227167047 2.28889191504 1.12623551022 1.06691664282 1.04947061723 13.1194866674 17.5183584752 21.5235267415 25.4323290951 0.992490714963 1.00357827003 1.19697527295 223.518546818 225.988544369 227.171788075 30.7058991934 6.91425947006 5.95990961559 0.798428809988 3.21251966457 24.9070562103 0.790197403715 13.9700877626 0.831389416965 5.63885356836 5.28772089753 0.854625342094 3.47609631398 1.68769834822 2.51525354143 0.849643373871 0.751224915549 9.28741422169 10.0031528102 11.3874014283 2.38010973663 2.27398924879 2.19981244633 4.2192545643 5.6925422298 0.734477867277 3.73438226346 0.717886629001 1.38146992728
-9999.0 -9999.0 -9999.0 -9999.0 -9999.0 -9999.0 -9999.0 -9999.0 -9999.0 1.25374275422 8.32282940214 9.48277267874 3.43221765642 5.70128152061 7.86387323378 8.96243700845 1.1086550146 3.37876141794 2.21087508974 1.11019882003 1.09399857051 1.0168640624 2.06684847572 3.65395640156 1.4077215365 260.441386044 261.664627112 1.14192093117 0.852313592134 1.60019617179 2.39215448813 27.2717785771 1.56940564317 14.71835631 8.7472867339 7.15367918582 0.833197906814 1.67284970648 4.27414636329 0.795752106795 3.29318897371 1.63461630035 1.31087688339 0.54892224112 11.7835894024 23.7925636032 2.95588867255 2.86085429102 2.85333508468 0.644368087384 6.336027158 0.63082421181 5.09090585418 0.647207392106 2.03758189454
-9999.0 -9999.0 -9999.0 -9999.0 -9999.0 -9999.0 -9999.0 -9999.0 -9999.0 -9999.0 1.15880382326 11.8166954865 1.13992577208 2.2817910586 3.35326744031 5.49857278635 1.09648610341 2.26895392258 1.10686676811 1.06635609977 1.01238633265 2.0130217246 0.936128207621 1.12985656023 2.41477585106 1.35823996038 262.869542365 265.182773047 268.425732269 3.32168811965 0.792962235133 1.58146925522 28.0764759501 27.4039274189 10.3833655323 0.809700354254 3.31325214266 2.49007668778 5.07417412806 1.59205757955 6.50188223629 2.41785533296 2.01827788584 0.393053069255 0.568231419266 24.5281702535 25.2093894111 31.643460184 4.84889491508 1.31999818479 7.02055906084 8.32133177222 14.0290245115 1.28972038908 0.607889360125
-9999.0 -9999.0 -9999.0 -9999.0 -9999.0 -9999.0 -9999.0 -9999.0 -9999.0 -9999.0 -9999.0 0.589331811889 13.1064064278 1.12113477139 2.19366648777 9.87201992849 1.12451819742 1.12022872299 1.01389192245 2.10068115428 1.01823456289 4.05040635668 5.9429495591 6.84895821042 3.35872206383 4.44140798267 1.20497516988 1.31938582598 1.19852033527 273.611341606 276.069263322 28.8520565465 28.9104423685 28.1638217521 1.53969175652 0.752497915238 4.08158543861 10.6958915225 5.8472268007 2.35846140151 9.61980106999 4.03000113663 3.29778504125 0.766346451008 0.328231781686 0.341820536886 0.415154774432 33.5542718431 40.3630511085 0.634501859583 0.596212532854 0.627157322931 14.6333566278 16.4955722243 1.11437819705
-9999.0 -9999.0 -9999.0 -9999.0 -9999.0 -9999.0 -9999.0 -9999.0 -9999.0 -9999.0 -9999.0 0.545631216129 14.4614956504 17.9108244804 1.0765947495 12.0311181242 1.05902857124 1.01983392434 2.00647263357 5.11353636404 0.991058782505 1.027731682 0.935180705857 8.72280282798 9.61919491115 14.9975558641 17.1382016932 18.205644933 19.3365271517 20.4273071309 297.612236232 328.418963228 359.206950537 360.083950888 0.866361066158 0.760860510678 12.2376220099 11.4720615387 0.760352899296 0.749596485338 10.3251347565 15.1238604942 0.656509279517 6.79848614687 6.25744704962 1.5721460324 0.81566225375 1.31354924793 0.701512754394 41.6414410892 0.647771510874 1.83368433233 2.36899485631 20.4124894691 21.8313891579
-9999.0 -9999.0 -9999.0 -9999.0 -9999.0 -9999.0 -9999.0 -9999.0 -9999.0 -9999.0 -9999.0 1.22205816684 2.36594618261 19.0387829994 21.1436998555 1.06848618504 13.9831471707 0.961878980107 2.91471890779 6.07670839781 1.94697356741 0.952938625706 1.94424628088 0.885194290127 1.71750308851 0.834233002188 0.770921326764 0.648380980752 0.589803983435 0.610343243394 0.659123043686 0.875080997789 1.04015519649 1.16918231649 363.056518263 15.6609892424 14.0214684124 0.842631041361 2.22443657266 0.529006183184 0.420183994624 15.8460297393 24.8141882854 7.57440880468 5.55734896021 0.863573260823 0.384488087225 0.357082874449 0.936795662355 43.2213013203 44.4591650352 0.63760321388 0.644218635389 0.549743557221 0.341810787678
-9999.0 -9999.0 -9999.0 -9999.0 -9999.0 -9999.0 -9999.0 -9999.0 -9999.0 -9999.0 -9999.0 -9999.0 1.10500812341 14.5140524592 36.742194797 40.0335769291 55.0248859842 55.9058590199 13.713359205 9.96423643915 2.91607816752 0.943171811246 3.8094593601 4.72459967341 7.28924346508 1.69947917109 1.58716245555 1.47680073884 2.8704792842 1.40235253574 1.41612829914 0.648736944928 0.436313543012 0.590938671538 363.986248992 380.099650768 381.028769103 0.887297091537 6.39602019281 2.43472996923 0.753869335076 27.153680421 1.62303705559 0.830413241885 3.30270025323 0.701688613184 0.646956390631 1.23191102276 1.77811235896 2.37594255151 45.5525007002 0.524443106653 0.470272677776 0.470896074277 0.379026259014
-9999.0 -9999.0 -9999.0 -9999.0 -9999.0 -9999.0 -9999.0 -9999.0 -9999.0 -9999.0 -9999.0 1.19049778483 11.0345890926 13.403018669 2.23961273853 0.636963553562 1.50778561222 58.4429395136 59.3630204943 73.9305876855 0.90793295392 1.8439030099 0.853208697524 0.865041850336 8.13797634964 10.6845505373 13.063498438 0.778229893734 3.64274541416 5.80313060482 3.51860086129 1.3827145753 1.05012386213 1.02920794085 1.10254455339 0.689069772132 381.873097574 382.641828898 390.568591971 1.36476446707 0.694145274131 27.7321380086 1.66514199604 0.852939903947 0.885784474945 0.87876611309 0.82278957402 1.49553910578 4.38336133493 7.40095324938 53.4802179653 0.411461714471 1.24047260109 0.841062732842 0.717139853129
-9999.0 -9999.0 -9999.0 -9999.0 -9999.0 -9999.0 -9999.0 -9999.0 -9999.0 -9999.0 -9999.0 1.21325012199 7.56807516366 1.20315168044 1.10554259984 5.5428850737 6.56121308051 7.60158588216 8.58407079597 100.762514493 101.554034997 103.278465568 116.175520979 118.793101973 120.303389723 121.184875678 135.999529275 137.941906493 138.72377397 145.352261002 149.697437686 150.44104142 152.829003096 1.71988451769 1.59993780146 0.429013459925 0.548409357163 383.430338545 393.463070157 2.12359848457 32.1314378804 31.4863386053 3.21093428054 0.783113248838 0.787444620522 0.767994602511 0.762264165112 1.53794666341 2.25071521234 0.703408542887 53.9890758921 54.522558527 57.0729188299 57.5254428152 58.6676932045
-9999.0 -9999.0 -9999.0 -9999.0 -9999.0 -9999.0 -9999.0 -9999.0 -9999.0 -9999.0 -9999.0 3.8669750041 5.11791556188 2.42062866796 3.58639871978 1.15481688386 13.1174154391 14.2048941319 16.3615985095 17.2587179643 7.16004878573 111.794020424 112.597844464 0.862527876393 0.641281268641 0.554424180879 1.23018151867 0.598428482832 0.451396773548 0.419547796862 0.476153804699 151.087050629 153.513049767 155.948284426 158.175693638 160.125165616 0.933388399477 0.390709400404 427.644081497 33.4412489859 32.8082177228 0.71369058906 0.695115884337 0.656719440793 1.44279042935 1.42662753655 0.657606516377 0.660903482073 0.613419105736 1.30249730568 1.77156432084 0.384637975527 0.701827937956 0.278989737314 0.156131765461
-9999.0 -9999.0 -9999.0 -9999.0 -9999.0 -9999.0 -9999.0 -9999.0 -9999.0 -9999.0 -9999.0 -9999.0 2.60323444866 1.23244536586 1.16733191453 10.9508990125 12.064481074 1.11258464058 4.41875216451 5.44532425799 6.3734989159 0.994733229497 0.873387865298 17.9824230498 18.7318878192 19.4410546443 50.1160723137 50.6579776333 51.5319960708 56.0422929514 58.5784953946 58.9640392877 0.352060914321 0.371106104479 0.398161431333 161.221828548 0.505825072398 434.358419256 433.522697699 5.21559919515 4.48330776264 2.74603463667 0.684709514299 1.30913801683 2.1022853378 2.08799987827 1.29142266572 0.636183278813 1.24173467897 1.2087468867 2.30431464035 0.309081179186 1.01363627747 1.71453949965 2.04511790485
