data/baseflow/History/mHMbfrc354
ncols                  80
nrows                 72
xllcorner      4374000.0
yllcorner      5656000.0
cellsize            500
NODATA_value       -9999
[rows 0 to 23 of 72, columns 0 to 54 of 80]
-9999.0 -9999.0 -9999.0 -9999.0 -9999.0 -9999.0 -9999.0 -9999.0 -9999.0 -9999.0 -9999.0 -9999.0 1.00386397041 0.814263360859 -9999.0 -9999.0 -9999.0 -9999.0 -9999.0 -9999.0 -9999.0 -9999.0 -9999.0 -9999.0 -9999.0 -9999.0 -9999.0 -9999.0 -9999.0 -9999.0 -9999.0 -9999.0 -9999.0 -9999.0 -9999.0 -9999.0 -9999.0 -9999.0 -9999.0 -9999.0 -9999.0 -9999.0 -9999.0 -9999.0 -9999.0 -9999.0 -9999.0 -9999.0 -9999.0 -9999.0 -9999.0 -9999.0 -9999.0 -9999.0 -9999.0
-9999.0 -9999.0 -9999.0 -9999.0 -9999.0 -9999.0 -9999.0 -9999.0 -9999.0 -9999.0 -9999.0 -9999.0 2.07066262435 4.41983056633 0.673705880847 -9999.0 0.581087913474 -9999.0 -9999.0 -9999.0 -9999.0 -9999.0 -9999.0 -9999.0 -9999.0 -9999.0 -9999.0 -9999.0 -9999.0 -9999.0 -9999.0 -9999.0 -9999.0 -9999.0 -9999.0 -9999.0 -9999.0 -9999.0 -9999.0 -9999.0 -9999.0 -9999.0 -9999.0 -9999.0 -9999.0 -9999.0 -9999.0 -9999.0 -9999.0 -9999.0 -9999.0 -9999.0 -9999.0 -9999.0 -9999.0
-9999.0 -9999.0 -9999.0 -9999.0 -9999.0 -9999.0 -9999.0 -9999.0 -9999.0 -9999.0 0.997265360922 0.972265598142 1.00989837116 0.99672516986 6.2702270013 6.96750054879 1.63157588295 0.525494634569 -9999.0 -9999.0 -9999.0 -9999.0 -9999.0 -9999.0 -9999.0 -9999.0 -9999.0 -9999.0 -9999.0 -9999.0 -9999.0 -9999.0 -9999.0 -9999.0 -9999.0 -9999.0 -9999.0 -9999.0 -9999.0 -9999.0 -9999.0 -9999.0 -9999.0 -9999.0 -9999.0 -9999.0 -9999.0 -9999.0 -9999.0 -9999.0 -9999.0 -9999.0 -9999.0 -9999.0 -9999.0
-9999.0 -9999.0 -9999.0 -9999.0 -9999.0 -9999.0 -9999.0 -9999.0 -9999.0 0.984890435863 1.96564700543 3.91063903874 1.94698028076 0.946848867515 1.83011975971 7.83155560618 10.6571414075 0.578777476209 -9999.0 0.920792632476 -9999.0 -9999.0 -9999.0 -9999.0 1.11742955767 0.572002949523 -9999.0 -9999.0 -9999.0 -9999.0 -9999.0 -9999.0 -9999.0 -9999.0 -9999.0 -9999.0 -9999.0 -9999.0 -9999.0 -9999.0 -9999.0 -9999.0 -9999.0 -9999.0 -9999.0 -9999.0 -9999.0 -9999.0 -9999.0 -9999.0 -9999.0 -9999.0 -9999.0 -9999.0 -9999.0
-9999.0 -9999.0 -9999.0 -9999.0 -9999.0 -9999.0 -9999.0 -9999.0 1.10777000929 3.13336811531 4.06597559275 5.00162242164 6.74759306637 0.857159343917 3.4934068329 4.30209209192 16.3145286355 0.724632134268 0.75110404533 1.71081864928 2.46857650775 0.795241555902 -9999.0 2.88584152241 2.36963768651 0.646350812852 -9999.0 -9999.0 -9999.0 -9999.0 -9999.0 -9999.0 -9999.0 -9999.0 -9999.0 -9999.0 -9999.0 -9999.0 -9999.0 -9999.0 -9999.0 -9999.0 -9999.0 -9999.0 -9999.0 -9999.0 -9999.0 -9999.0 -9999.0 -9999.0 -9999.0 -9999.0 -9999.0 -9999.0 -9999.0
-9999.0 -9999.0 -9999.0 -9999.0 -9999.0 -9999.0 1.11192003803 1.02565176194 0.977381557654 0.995232202908 0.991866051724 6.99902606386 14.6767019956 15.5891894442 16.3514740636 0.751255021051 17.8181990895 18.5792196689 1.53764025673 0.783799982929 3.21081095431 5.53586192402 0.761495007983 5.20823895577 0.849466900844 0.815306945716 0.882812981284 -9999.0 -9999.0 -9999.0 -9999.0 -9999.0 -9999.0 -9999.0 -9999.0 -9999.0 -9999.0 -9999.0 -9999.0 -9999.0 -9999.0 -9999.0 -9999.0 -9999.0 -9999.0 -9999.0 -9999.0 -9999.0 -9999.0 -9999.0 -9999.0 -9999.0 -9999.0 -9999.0 -9999.0
-9999.0 -9999.0 -9999.0 -9999.0 -9999.0 -9999.0 2.21159003614 3.26110822298 7.33992621225 10.2284285338 0.871389048078 0.89710893858 0.843087210826 2.48182613793 19.5767257017 0.680622021142 19.2812523936 22.1095011683 2.23186955878 1.45289299533 6.21917054086 0.751442142871 5.94343416571 1.50610002705 0.764048444707 1.55076188506 1.73138879606 0.845925212528 0.860680282978 0.834849541711 0.888904958502 1.77738311988 -9999.0 -9999.0 -9999.0 -9999.0 -9999.0 -9999.0 -9999.0 -9999.0 -9999.0 -9999.0 -9999.0 -9999.0 -9999.0 -9999.0 -9999.0 -9999.0 -9999.0 -9999.0 -9999.0 -9999.0 -9999.0 -9999.0 -9999.0
-9999.0 -9999.0 -9999.0 -9999.0 -9999.0 1.18617406344 2.29726533431 1.09757049764 2.12441852071 11.2734735962 13.1344628721 14.9735218918 47.697755918 0.826267088175 20.3735058127 74.4787610543 75.0172108101 98.0756839619 0.597756686575 2.12600156006 6.90594810492 0.677558039497 14.4670641421 7.81118218832 4.84966175878 4.07696139179 0.854028466433 2.51183910091 2.50315299512 1.66502710162 0.800040837207 2.6035454634 0.783827153707 0.767555052757 -9999.0 -9999.0 -9999.0 -9999.0 -9999.0 -9999.0 -9999.0 -9999.0 -9999.0 -9999.0 -9999.0 -9999.0 -9999.0 -9999.0 -9999.0 -9999.0 -9999.0 -9999.0 -9999.0 -9999.0 -9999.0
-9999.0 -9999.0 -9999.0 -9999.0 -9999.0 1.20050841396 3.48645527269 6.90393810785 7.94014788752 15.6417596232 16.6081683278 19.6294395678 31.9022752863 50.2010640282 51.8945940112 52.6930440347 1.38813354315 100.569019468 101.803948008 105.3112107 129.466402059 16.5744330654 15.2109956117 5.5797581547 0.716501886204 4.78136055844 3.25828787337 0.7053094119 3.23700721682 0.711778773905 1.4861103886 4.10351540056 4.85933234692 1.50801959335 0.743619382783 0.721246234366 -9999.0 -9999.0 -9999.0 -9999.0 0.537285404921 0.476600153846 -9999.0 -9999.0 -9999.0 -9999.0 -9999.0 -9999.0 -9999.0 -9999.0 -9999.0 -9999.0 -9999.0 -9999.0 -9999.0
-9999.0 -9999.0 -9999.0 -9999.0 -9999.0 1.17157051401 1.10315152616 4.56048296171 5.61190948667 6.69216569494 1.02530112135 2.0316139447 11.6245901144 2.03563336565 0.932749502527 0.855348747024 0.749423054203 0.84494788723 0.779199154523 0.799812706272 130.1967236 132.246985082 0.670145345322 2.0788796006 1.42402730694 5.4715742187 1.43261205239 0.686320603456 3.98820480515 1.38614347302 3.34563616837 8.46096239936 7.84478222893 2.23882148454 2.18363231175 0.750016546501 0.74311751747 -9999.0 -9999.0 0.752431508611 1.18290598091 2.65502448356 0.500823797718 -9999.0 -9999.0 -9999.0 -9999.0 -9999.0 -9999.0 -9999.0 -9999.0 -9999.0 -9999.0 -9999.0 -9999.0
-9999.0 -9999.0 -9999.0 -9999.0 -9999.0 -9999.0 1.17893189431 1.18312586461 2.2683077542 3.36086534764 7.58885286897 9.67043148974 10.7079172839 1.08548280394 0.843026557624 11.3980186891 13.9072790317 14.6863127956 17.9099531828 18.6333070192 0.712667224617 132.968791691 136.397379403 2.73065722069 0.530066967006 6.08490230887 13.4510337331 5.32501565745 1.28813519522 0.645937756685 13.0900101101 9.13365934652 0.653590478671 0.651306606418 2.86309056007 2.18919359626 0.706072785013 0.677542071211 0.72826665758 1.46344285103 0.700221274603 3.22151317275 3.9076464244 0.638861900757 -9999.0 -9999.0 -9999.0 -9999.0 0.763879033011 0.717115280338 0.208989080099 -9999.0 -9999.0 -9999.0 -9999.0
-9999.0 -9999.0 -9999.0 -9999.0 -9999.0 -9999.0 -9999.0 1.16723013986 1.03901618567 2.15032406349 3.22551154441 1.04798905288 0.956028088513 6.00989698743 7.85976163405 9.74395635502 0.865243480322 1.68336517192 0.821801603986 19.3893317706 42.7154066232 43.2488399556 180.935799962 0.676096720818 1.53448812585 0.47582096185 14.0753954303 0.639568163486 1.94661452782 0.634993320919 13.7274488569 14.3663823861 1.31479787078 1.29467929697 7.16816321535 3.59999873273 1.39983659183 0.717653156253 1.45015075793 2.17510493259 3.54257139509 0.657499998964 5.12155977167 5.65151437315 0.474588575114 0.515411024611 0.552790565996 0.492905075059 0.472942738774 2.05414666288 0.797505246431 0.514084982456 -9999.0 -9999.0 -9999.0
-9999.0 -9999.0 -9999.0 -9999.0 -9999.0 -9999.0 -9999.0 -9999.0 2.15691495159 3.14588230858 1.04758023337 2.12508387112 3.12251850602 5.1166771654 1.00329394803 0.957727269185 0.816389560442 0.825300763316 0.73739727419 21.8020340645 0.838476718141 1.63510135896 183.129350048 184.488458251 0.571290620849 2.68822113195 17.3307050471 1.24328122889 2.50273763315 1.14830383732 1.68934485485 16.8035264328 1.88612675036 10.246849124 8.40090497053 0.627417891709 3.4422418111 1.38888398784 2.1031827937 0.645119530134 4.18163575744 5.40041065771 5.85142911471 6.2746902906 7.42761995415 0.899236353432 0.978632079932 0.881386019929 0.837533398685 2.51406512829 0.510325115434 1.83917400383 2.30371708967 -9999.0 -9999.0
-9999.0 -9999.0 -9999.0 -9999.0 -9999.0 -9999.0 -9999.0 -9999.0 1.11746931283 5.35444970518 6.37777974693 1.02398585832 1.98982640478 0.964145758923 0.886754338702 0.871973675201 11.065186199 14.7449745051 17.9958614241 21.2197101307 0.78281294053 0.814119641175 0.783374262834 187.908362853 189.326761619 189.866259553 22.908900011 4.95732395578 4.32651529606 0.529236576457 2.19768630194 19.5359708831 0.530740947149 10.7902918362 0.613745602048 4.42893674806 4.12713857017 0.658339746733 2.75519576366 1.2906666169 1.92359279251 0.547859257597 0.416369614779 6.69154345907 7.07166304781 7.80653299702 1.40073314727 1.27960249799 1.2323744188 3.05190541529 4.0900188615 0.518311703065 2.79518695608 0.529168756047 1.00028039279
-9999.0 -9999.0 -9999.0 -9999.0 -9999.0 -9999.0 -9999.0 -9999.0 -9999.0 1.13033171026 7.44464203105 8.45407203097 2.96794209814 4.91350451824 6.71753563059 7.63947158078 0.93729973295 2.85073511466 1.8633730756 0.950137501909 0.916208172728 0.829028694265 1.6376528462 2.75483629928 0.847471307225 214.239918972 214.836572408 0.52726308963 0.44258171051 1.06227212355 1.5794199854 21.0940276333 1.041043629 11.2595281037 6.68843927923 5.55563953181 0.615279117631 1.25286638653 3.33026376408 0.575160849962 2.48053306915 1.10056201877 0.728942902497 0.352125371651 8.13594947256 16.2473860371 1.67830273292 1.56558489931 1.62669681141 0.408653321744 4.50664874323 0.402868360957 3.73370210463 0.459743464438 1.47819508208
-9999.0 -9999.0 -9999.0 -9999.0 -9999.0 -9999.0 -9999.0 -9999.0 -9999.0 -9999.0 1.01929701959 10.5044770538 0.971863660312 1.94749858233 2.83476528335 4.59726817784 0.903474528376 1.90064875331 0.918704902717 0.868662655368 0.815032218135 1.62307731819 0.713091443001 0.767366309143 1.45198932614 0.79316311169 215.469999924 216.556513137 218.159654101 2.07312663655 0.526144485626 1.04918787686 21.6493254067 20.6055825461 7.85044954364 0.570964352525 2.45242959596 1.84732049255 3.90721567497 1.14741005263 4.71687856631 1.66094378421 1.1806401517 0.275131691659 0.372728405759 16.6803707494 17.0457494819 20.5989006149 2.91644525706 0.847941154669 4.96442612315 5.81456025934 9.95107571496 0.909806530085 0.429330545136
-9999.0 -9999.0 -9999.0 -9999.0 -9999.0 -9999.0 -9999.0 -9999.0 -9999.0 -9999.0 -9999.0 0.529908521533 11.6418222511 0.940946362755 1.82223824473 8.21681780819 0.93732475984 0.927878402378 0.808815555551 1.69732885907 0.817382356962 3.25761348544 4.70603052063 5.38178814372 2.05350747759 2.56792527997 0.580066171858 0.723110570488 0.65077358457 221.344915764 222.836567171 22.1237273154 21.5662122833 21.0916579902 1.00171471752 0.482135615276 2.98455116209 7.96843812522 4.45274329796 1.68393812016 6.9318684668 2.62028389572 2.12212965766 0.547281117442 0.221228452861 0.21396180533 0.252882318684 21.891724863 26.0138166575 0.411108260242 0.379675909334 0.418836553687 10.3660576746 11.6704144127 0.777091826173
-9999.0 -9999.0 -9999.0 -9999.0 -9999.0 -9999.0 -9999.0 -9999.0 -9999.0 -9999.0 -9999.0 0.487916158098 12.8209674027 15.7685346653 0.888025723856 9.99770739124 0.870389458484 0.823149876536 1.6027231956 4.1098384306 0.784806053318 0.824861910112 0.703148718527 6.79521477047 7.44312162559 10.7050404024 11.879801036 12.4907398943 13.018506064 13.6490860796 237.045894182 260.159859438 282.627201516 282.986124758 0.422048932154 0.481039874832 9.03928056099 8.50792224679 0.534315958179 0.531065701333 7.45519126252 10.6201694685 0.449274868411 5.43949253021 5.04010974335 1.23395105699 0.570637409354 0.956158464137 0.442801003957 26.7422588753 0.37803276845 1.15866135733 1.45090035769 14.2243217979 15.2826510397
-9999.0 -9999.0 -9999.0 -9999.0 -9999.0 -9999.0 -9999.0 -9999.0 -9999.0 -9999.0 -9999.0 1.06999101255 2.04765245358 16.7255547368 18.4303625335 0.869558624566 11.5578339573 0.743230010115 2.27052575216 4.84706003943 1.52141135054 0.733084407931 1.50139013294 0.64078334714 1.20982744015 0.579722404658 0.529199938886 0.453892773435 0.421301298534 0.398122664079 0.381871347647 0.500387997719 0.58951406593 0.618937719474 284.441870675 10.491029607 9.70872037908 0.316414555432 1.52243135754 0.390919316538 0.350130264759 11.1143225497 18.0990403255 6.00879597766 4.53392192793 0.75611825412 0.306121664025 0.271824598456 0.625252911475 27.7425722292 28.4695992701 0.381274595589 0.40464593702 0.401090898076 0.329555510617
-9999.0 -9999.0 -9999.0 -9999.0 -9999.0 -9999.0 -9999.0 -9999.0 -9999.0 -9999.0 -9999.0 -9999.0 0.91982276605 12.5532226959 31.8719998205 34.598136245 46.9454543575 47.6222153289 10.7626737046 7.86596114629 2.26867565208 0.722297889034 2.91513884778 3.59488975208 5.40026124508 1.19339105729 1.08422429665 1.02294106837 1.98656190976 0.927883195973 0.890512692697 0.455829533391 0.314388991757 0.337622143169 284.910266307 295.720470839 296.095145781 0.312706339283 3.95529454251 1.77554192809 0.532855449139 19.8211741122 1.23430896572 0.639432432435 2.75262405752 0.586355903772 0.437064197803 0.794654514464 1.10089301046 1.44307948909 29.0742844961 0.284118907681 0.255273735309 0.255307673706 0.216854991507
-9999.0 -9999.0 -9999.0 -9999.0 -9999.0 -9999.0 -9999.0 -9999.0 -9999.0 -9999.0 -9999.0 1.01921764231 9.57869325654 11.614273266 1.87573654475 0.553669324865 1.24334134339 49.6674768536 50.3316757186 61.7230695281 0.663224349999 1.378509096 0.602867895055 0.613014460114 5.99186371655 7.77495948709 9.38847739633 0.515516238674 2.49514251975 3.91982225274 2.29410289491 0.936224437823 0.720780823721 0.649252376652 0.635375166799 0.324134898329 296.406459786 296.643203145 301.115401376 0.888865592994 0.476772261693 20.1988254516 1.32974900494 0.687332568494 0.755667322786 0.750003839694 0.668649291852 1.16069928745 3.26591367836 5.09986495166 34.4752148365 0.215252940891 0.661630155843 0.453483630314 0.403242821087
-9999.0 -9999.0 -9999.0 -9999.0 -9999.0 -9999.0 -9999.0 -9999.0 -9999.0 -9999.0 -9999.0 1.04100399055 6.64525218512 1.03873679126 0.916137172688 4.77589397147 5.58221946617 6.40065565969 7.13922609921 84.3091902533 84.9200941489 86.1928712435 96.2335842867 98.1067794444 99.1508918725 99.7649681055 110.409206196 111.787707507 112.323123197 116.835700264 119.702029651 120.187414339 121.834389828 1.09769970885 0.986975621269 0.230752109059 0.218295355633 296.937307155 302.593167996 1.24397836213 23.4891159925 23.0691509115 2.50788341112 0.597840908516 0.618624579859 0.595307426131 0.601243751272 1.21066025888 1.71782920977 0.470134433232 34.7611093549 35.0666687273 36.4490735796 36.7036103492 37.3515538498
-9999.0 -9999.0 -9999.0 -9999.0 -9999.0 -9999.0 -9999.0 -9999.0 -9999.0 -9999.0 -9999.0 3.43293866061 4.53373854645 2.11848464543 3.11631109194 0.986497881566 11.3677091999 12.2546131503 13.979577426 14.7023320496 5.73482516072 93.0046357009 93.6256617125 0.623228436234 0.433861624027 0.392552714325 0.86029555821 0.431007041479 0.324332687738 0.299373466524 0.332393933858 120.667931521 122.33385644 123.918206847 125.314273817 126.157773365 0.370085499241 0.121945750732 327.029103389 24.2034152454 23.9521142005 0.511266215951 0.490576919492 0.448179623781 1.08954333016 1.06718780878 0.499411876792 0.503128151312 0.46086234742 0.916261837831 1.20022258667 0.20982384746 0.388706393461 0.162759092846 0.122381432013
-9999.0 -9999.0 -9999.0 -9999.0 -9999.0 -9999.0 -9999.0 -9999.0 -9999.0 -9999.0 -9999.0 -9999.0 2.32583254288 1.08325924077 0.993345029994 9.59526488605 10.5235534098 0.918774226551 3.62146828861 4.42331200113 5.14328561716 0.781445188125 0.586026576142 14.5161321425 14.9836338857 15.4327113556 39.3219321829 39.6698850566 40.2737882276 43.4032470665 45.1483211952 45.4079516108 0.261028842294 0.280038955789 0.285661682623 126.541351922 0.173925293483 331.04047182 330.788412605 3.52790982043 3.19755391729 1.95343388618 0.495234071244 0.888407994016 1.56116778883 1.54305776471 0.972998765865 0.479316067356 0.9310741315 0.909541932418 1.59413276532 0.257715704975 0.643692558645 1.06621925298 1.32258621013
