data/baseflow/History/mHMbfrc499
ncols                  80
nrows                 72
xllcorner      4374000.0
yllcorner      5656000.0
cellsize            500
NODATA_value       -9999
[rows 0 to 23 of 72, columns 0 to 53 of 80]
-9999.0 -9999.0 -9999.0 -9999.0 -9999.0 -9999.0 -9999.0 -9999.0 -9999.0 -9999.0 -9999.0 -9999.0 0.473957338697 0.619883850582 -9999.0 -9999.0 -9999.0 -9999.0 -9999.0 -9999.0 -9999.0 -9999.0 -9999.0 -9999.0 -9999.0 -9999.0 -9999.0 -9999.0 -9999.0 -9999.0 -9999.0 -9999.0 -9999.0 -9999.0 -9999.0 -9999.0 -9999.0 -9999.0 -9999.0 -9999.0 -9999.0 -9999.0 -9999.0 -9999.0 -9999.0 -9999.0 -9999.0 -9999.0 -9999.0 -9999.0 -9999.0 -9999.0 -9999.0 -9999.0
-9999.0 -9999.0 -9999.0 -9999.0 -9999.0 -9999.0 -9999.0 -9999.0 -9999.0 -9999.0 -9999.0 -9999.0 0.946556328287 2.54687172156 0.509468462985 -9999.0 0.564371277042 -9999.0 -9999.0 -9999.0 -9999.0 -9999.0 -9999.0 -9999.0 -9999.0 -9999.0 -9999.0 -9999.0 -9999.0 -9999.0 -9999.0 -9999.0 -9999.0 -9999.0 -9999.0 -9999.0 -9999.0 -9999.0 -9999.0 -9999.0 -9999.0 -9999.0 -9999.0 -9999.0 -9999.0 -9999.0 -9999.0 -9999.0 -9999.0 -9999.0 -9999.0 -9999.0 -9999.0 -9999.0
-9999.0 -9999.0 -9999.0 -9999.0 -9999.0 -9999.0 -9999.0 -9999.0 -9999.0 -9999.0 0.38898992379 0.374063404981 0.421885872068 0.426014751989 3.29840697912 3.69984487294 1.53645766058 0.491655020202 -9999.0 -9999.0 -9999.0 -9999.0 -9999.0 -9999.0 -9999.0 -9999.0 -9999.0 -9999.0 -9999.0 -9999.0 -9999.0 -9999.0 -9999.0 -9999.0 -9999.0 -9999.0 -9999.0 -9999.0 -9999.0 -9999.0 -9999.0 -9999.0 -9999.0 -9999.0 -9999.0 -9999.0 -9999.0 -9999.0 -9999.0 -9999.0 -9999.0 -9999.0 -9999.0 -9999.0
-9999.0 -9999.0 -9999.0 -9999.0 -9999.0 -9999.0 -9999.0 -9999.0 -9999.0 0.362034516345 0.762798272898 1.51702217832 0.793036454129 0.377528810579 0.726111466756 4.02919075448 6.54324037484 0.51409279288 -9999.0 0.396414866817 -9999.0 -9999.0 -9999.0 -9999.0 1.06122182188 0.552375476766 -9999.0 -9999.0 -9999.0 -9999.0 -9999.0 -9999.0 -9999.0 -9999.0 -9999.0 -9999.0 -9999.0 -9999.0 -9999.0 -9999.0 -9999.0 -9999.0 -9999.0 -9999.0 -9999.0 -9999.0 -9999.0 -9999.0 -9999.0 -9999.0 -9999.0 -9999.0 -9999.0 -9999.0
-9999.0 -9999.0 -9999.0 -9999.0 -9999.0 -9999.0 -9999.0 -9999.0 0.479392375913 1.2603314989 1.61337649287 1.97099619316 2.65314039645 0.318356297146 1.34152806112 1.63927056672 8.89384858758 0.311362956794 0.272679570152 0.701792341737 1.0008557862 0.324891014152 -9999.0 2.58960606155 2.12998784837 0.540318687558 -9999.0 -9999.0 -9999.0 -9999.0 -9999.0 -9999.0 -9999.0 -9999.0 -9999.0 -9999.0 -9999.0 -9999.0 -9999.0 -9999.0 -9999.0 -9999.0 -9999.0 -9999.0 -9999.0 -9999.0 -9999.0 -9999.0 -9999.0 -9999.0 -9999.0 -9999.0 -9999.0 -9999.0
-9999.0 -9999.0 -9999.0 -9999.0 -9999.0 -9999.0 0.443584933226 0.375822223985 0.362283771578 0.378563620441 0.401264458179 2.79260193655 5.82061631414 6.17900444149 6.43786982145 0.247208537717 9.44275865304 9.72120658903 0.579127929025 0.30410473416 1.2903162033 2.23119530143 0.331680113322 3.66010830907 0.36267226143 0.367379424222 0.386614602093 -9999.0 -9999.0 -9999.0 -9999.0 -9999.0 -9999.0 -9999.0 -9999.0 -9999.0 -9999.0 -9999.0 -9999.0 -9999.0 -9999.0 -9999.0 -9999.0 -9999.0 -9999.0 -9999.0 -9999.0 -9999.0 -9999.0 -9999.0 -9999.0 -9999.0 -9999.0 -9999.0
-9999.0 -9999.0 -9999.0 -9999.0 -9999.0 -9999.0 0.906757363504 1.32795532348 2.9451499796 4.01795033975 0.315141746972 0.335560061231 0.314700815578 0.916333153188 7.61783513929 0.219164716495 9.97026399183 11.0904252772 0.873626202143 0.543372708258 2.48641791339 0.30007474498 3.95161632178 0.598320537087 0.306647651175 0.658051480149 0.766976620002 0.38783953183 0.402118675871 0.378085278601 0.449730347268 0.894627766364 -9999.0 -9999.0 -9999.0 -9999.0 -9999.0 -9999.0 -9999.0 -9999.0 -9999.0 -9999.0 -9999.0 -9999.0 -9999.0 -9999.0 -9999.0 -9999.0 -9999.0 -9999.0 -9999.0 -9999.0 -9999.0 -9999.0
-9999.0 -9999.0 -9999.0 -9999.0 -9999.0 0.53895744788 1.01552167802 0.47129711202 0.901251864806 4.46717073893 5.1973024404 5.90949108744 20.5424602559 0.31107977973 7.91907979233 31.1665745405 31.3904203478 42.9333462526 0.278971721276 0.782996233751 2.74313787473 0.250787960582 7.46693106203 3.23824845493 2.06576931679 1.75273260034 0.36714949575 1.14335368457 1.14447643645 0.75708786014 0.369363472264 1.28326542239 0.370326643514 0.355716026666 -9999.0 -9999.0 -9999.0 -9999.0 -9999.0 -9999.0 -9999.0 -9999.0 -9999.0 -9999.0 -9999.0 -9999.0 -9999.0 -9999.0 -9999.0 -9999.0 -9999.0 -9999.0 -9999.0 -9999.0
-9999.0 -9999.0 -9999.0 -9999.0 -9999.0 0.553869176318 1.58097435796 3.10707319862 3.55824118847 7.08445333634 7.48715871302 8.79923177389 14.3332697824 21.6706057728 22.4002610709 22.7485585311 0.531165298388 43.9336911917 44.4561454042 45.7990634911 57.0670742423 8.27409561116 7.76663142378 2.35382059657 0.28311370629 2.06509265038 1.44495623865 0.277291424394 1.45624086237 0.308062121596 0.688244529868 1.97389432273 2.31588418243 0.683584776532 0.339272970215 0.31692419814 -9999.0 -9999.0 -9999.0 -9999.0 0.468010795834 0.445967842094 -9999.0 -9999.0 -9999.0 -9999.0 -9999.0 -9999.0 -9999.0 -9999.0 -9999.0 -9999.0 -9999.0 -9999.0
-9999.0 -9999.0 -9999.0 -9999.0 -9999.0 0.519863911598 0.481199573865 2.13451304257 2.6050738448 3.10111941818 0.452976167696 0.887130937721 5.25740605758 0.921578667213 0.407688783185 0.338414458295 0.28212446765 0.353202810763 0.32200366832 0.33241291598 57.3557618805 58.1156247791 0.248465983577 0.799244274656 0.560310500619 2.32886242296 0.564847069648 0.262152011248 1.78235695662 0.598751656972 1.50352030533 3.93768622072 3.66159457259 1.00892799672 0.979438476732 0.342145589361 0.337871181647 -9999.0 -9999.0 0.337441398542 0.904518588744 2.29205607816 0.476377360665 -9999.0 -9999.0 -9999.0 -9999.0 -9999.0 -9999.0 -9999.0 -9999.0 -9999.0 -9999.0 -9999.0
-9999.0 -9999.0 -9999.0 -9999.0 -9999.0 -9999.0 0.571899800708 0.596871467828 1.06030610332 1.55520951449 3.47080373292 4.4031597576 4.87782289926 0.496717789706 0.327837153763 4.82305027735 5.83133346764 6.12184435154 7.40130028286 7.66343339676 0.264259289427 58.3911366235 59.6786749332 1.02181001556 0.148101169298 2.53442628716 5.59979555626 2.28400237382 0.490845958228 0.244655033834 5.9601127058 4.21181833599 0.266614587386 0.263524300706 1.26313338742 0.978029106089 0.303149947627 0.283948446287 0.317332290902 0.642457547438 0.296714005326 2.77739195637 3.06677449388 0.259870376166 -9999.0 -9999.0 -9999.0 -9999.0 0.329389976137 0.29758547748 0.08819363912 -9999.0 -9999.0 -9999.0
-9999.0 -9999.0 -9999.0 -9999.0 -9999.0 -9999.0 -9999.0 0.545346704984 0.446414550813 0.977587179211 1.48599247062 0.468131370744 0.390500418272 2.62196451306 3.38913803074 4.19250041487 0.369130282898 0.675638938154 0.34475133244 7.9552832407 18.1318004277 18.5427487474 78.7960253026 0.244475656474 0.419740505185 0.122750729311 5.82325782743 0.239464975328 0.742778997155 0.23912643546 6.21377158429 6.46951530892 0.538074801767 0.52287719978 3.15054434204 1.58331572134 0.593751159805 0.310184291435 0.6282168579 0.947002143479 1.5221727421 0.27113601303 3.56896235301 3.81047565036 0.214608991542 0.23915039666 0.252784487518 0.217347196908 0.203974115866 0.851994661077 0.310682775586 0.187069582655 -9999.0 -9999.0
-9999.0 -9999.0 -9999.0 -9999.0 -9999.0 -9999.0 -9999.0 -9999.0 0.968184139791 1.36349511577 0.463809135336 0.966367620764 1.41046480008 2.27883838413 0.437752347316 0.404207065067 0.31125235197 0.31403084751 0.261147986575 9.5732828976 0.355078005824 0.671263007571 79.8943217329 80.4674954495 0.187079364347 0.796156570027 6.80179796692 0.449688047306 0.934250732983 0.41317365782 0.605999704427 7.42114711438 0.751442011748 4.36045346687 3.6341578563 0.247672384265 1.44095388796 0.584338906712 0.888732371415 0.253945608687 1.77635625548 2.27655128991 2.48031159099 2.66837836673 4.61280606445 0.408452877408 0.438870244216 0.383391469489 0.356219089348 1.02572105409 0.184497979815 0.6902468509 0.852378675905 -9999.0
-9999.0 -9999.0 -9999.0 -9999.0 -9999.0 -9999.0 -9999.0 -9999.0 0.533248084654 2.41605203053 2.85671170973 0.438700849688 0.845172561666 0.403866095334 0.34543428281 0.337759029444 4.49618852927 5.99420426478 7.46105647768 9.11805221488 0.370474737257 0.331992830492 0.278852967496 82.027810421 82.7622387098 82.9665469987 8.82499553694 1.80489703418 1.58906919393 0.178908461232 0.785527505754 8.39774946985 0.195915000528 4.56064934632 0.238766968548 1.85894143562 1.72464111781 0.265460640125 1.14955644861 0.510308884268 0.761098034243 0.215213666382 0.182143585827 2.85290336805 3.02020096745 4.77948663983 0.622911342229 0.554596536278 0.518117747569 1.22504047784 1.60247991886 0.188349096678 1.02597722362 0.188609250004
-9999.0 -9999.0 -9999.0 -9999.0 -9999.0 -9999.0 -9999.0 -9999.0 -9999.0 0.571317968382 3.35327088486 3.77631691352 1.25362974485 2.07001888818 2.78183594773 3.15256171671 0.394994462391 1.17784466788 0.783816037057 0.422169535408 0.388827524941 0.318954625198 0.613807713885 1.02826632905 0.319899501908 92.3728964994 92.5716863954 0.164925013593 0.127663762219 0.351124102372 0.524621833682 8.9418666825 0.371791172817 4.71947760285 2.70514088421 2.28146585976 0.232501478505 0.485764490472 1.36245652917 0.213318862548 0.967838194325 0.42113268653 0.287810845241 0.121374342746 3.41945617773 8.33045049599 0.74225613041 0.675844254725 0.662114196742 0.146705434154 1.7505844523 0.142076026583 1.358058575 0.156771437438
-9999.0 -9999.0 -9999.0 -9999.0 -9999.0 -9999.0 -9999.0 -9999.0 -9999.0 -9999.0 0.44527127654 4.67199235494 0.401096440084 0.805802624924 1.14607522849 1.81146160113 0.34923503286 0.760537540599 0.364992249171 0.323331107424 0.295490541575 0.583080826542 0.243601621493 0.248853507133 0.467509301545 0.276045191729 92.8272417255 93.1995951613 93.7088015812 0.670534252317 0.175761526352 0.35038993231 9.13897195446 8.35455743427 3.13259291393 0.207292871749 0.933140669983 0.706205258476 1.57629072354 0.424593634191 1.81595965984 0.631098715251 0.441179440677 0.0696002617867 0.130332149362 8.52439749175 8.68604786702 10.2336955078 1.12722586025 0.304721834483 1.91700309083 2.22083358021 3.71918212473 0.311106711131
-9999.0 -9999.0 -9999.0 -9999.0 -9999.0 -9999.0 -9999.0 -9999.0 -9999.0 -9999.0 -9999.0 0.243105615925 5.14506872887 0.366132581764 0.695368258526 3.16785395695 0.349279731334 0.339595196228 0.267701349655 0.610972918773 0.296167167503 1.17087039047 1.64807732314 1.85104129027 0.634029286589 0.774081855642 0.175307176438 0.228653679812 0.219370673803 94.7861619307 95.3007426108 9.27857493056 8.66213488422 8.51063154415 0.335625453268 0.160009969806 1.11648411783 3.06867077413 1.7691881533 0.612682389798 2.61909430646 0.845592323854 0.67217975 0.126852143065 0.0516668610825 0.0556580664509 0.0790649667111 10.6580823625 12.2435168273 0.143464618356 0.133112739008 0.145198664087 3.86156174285 4.30278523583
-9999.0 -9999.0 -9999.0 -9999.0 -9999.0 -9999.0 -9999.0 -9999.0 -9999.0 -9999.0 -9999.0 0.211354133902 5.63697005433 6.87818353417 0.338217346553 3.8327450184 0.303818049871 0.275009910583 0.545209923357 1.44558423178 0.274729695236 0.303943163775 0.22549752658 2.29772632103 2.50224882343 3.5019407176 3.84116099568 4.00429238807 4.1629836095 4.32067808737 99.8215436136 109.400776035 118.361840452 118.518852209 0.132813346996 0.154259831164 3.43887948084 3.25544785906 0.1877296612 0.187530017073 2.84078725447 3.88356616809 0.146051352555 1.83047274157 1.72038634847 0.319058948753 0.168546849877 0.295592758721 0.187468279684 12.5473656855 0.161023803816 0.420602511146 0.533314278777 5.21359021676
-9999.0 -9999.0 -9999.0 -9999.0 -9999.0 -9999.0 -9999.0 -9999.0 -9999.0 -9999.0 -9999.0 0.481653548671 0.899838164503 7.27511473646 7.88132749054 0.30744743991 4.51439619398 0.229412197202 0.721525423352 1.68246308806 0.512886483081 0.235569010269 0.501888683625 0.178709740704 0.336823248562 0.161776063148 0.13799985065 0.098410105475 0.0862179282297 0.0679193419498 0.063297496922 0.108045996066 0.16146104576 0.201586486796 118.998586331 3.95485042437 3.66707032774 0.102716549789 0.520473489689 0.121570847308 0.130679589535 4.0492117685 6.41936818961 2.03855184598 1.60676411723 0.197810018329 0.0796633772451 0.0666210143682 0.19668434012 12.8971256897 13.200327236 0.160666418676 0.168249723178 0.140528549046
-9999.0 -9999.0 -9999.0 -9999.0 -9999.0 -9999.0 -9999.0 -9999.0 -9999.0 -9999.0 -9999.0 -9999.0 0.345289003677 5.55063817409 13.7728166181 14.8332704974 19.6351254235 20.0005727636 3.74103868793 2.68475935911 0.755461756593 0.228382988152 0.945447081745 1.15160856164 1.65757761698 0.338960321514 0.292603407037 0.258775603978 0.499468736394 0.217297960081 0.206710035602 0.108994214813 0.0489117724973 0.0558721779236 119.14081419 123.210486042 123.403487591 0.108946189833 1.35297683251 0.607564223062 0.186615520256 7.06158855928 0.478216387155 0.25366136493 1.10536569424 0.204905100047 0.14667326286 0.273703160342 0.388073715272 0.52330061442 13.4420509766 0.112932971097 0.0963266114764 0.0964620098995
-9999.0 -9999.0 -9999.0 -9999.0 -9999.0 -9999.0 -9999.0 -9999.0 -9999.0 -9999.0 -9999.0 0.423837850653 4.27660462768 5.17056918692 0.75315426286 0.237174584281 0.489566277382 20.7558747906 21.0230273865 25.1113218212 0.191145054359 0.415811741315 0.163785906266 0.167790149629 1.81945651952 2.31939672998 2.74693923237 0.133153211224 0.632835611295 0.979503257172 0.571967287386 0.239574920073 0.14710258215 0.111017994486 0.121104266835 0.0651406009651 123.531055036 123.62612703 125.176685414 0.285050273253 0.156655682993 7.29783873074 0.507014579148 0.268100106275 0.317998361585 0.315175655482 0.257766356399 0.425924220114 1.17974354043 1.85646808903 15.416912493 0.0823978671156 0.249878984085 0.170763045628
-9999.0 -9999.0 -9999.0 -9999.0 -9999.0 -9999.0 -9999.0 -9999.0 -9999.0 -9999.0 -9999.0 0.441363660901 3.10538057719 0.469348087362 0.353787562059 2.06918764346 2.36040913224 2.64729333746 2.87920052873 34.1219707427 34.3435782822 34.758504135 38.0079907455 38.5131122393 38.7729359165 38.9447637277 41.9669177533 42.3144048827 42.4630029859 43.6066245122 44.347436449 44.4807635692 44.8581077445 0.236217221893 0.195047147051 0.0293487641896 0.0435035332574 123.733525024 125.674407635 0.400010578535 8.64315006807 8.49517564242 0.921971729413 0.211291603781 0.218306529102 0.204364900118 0.211968026152 0.428417367648 0.602246857662 0.167765746206 15.5291841333 15.6524393355 16.1773840694 16.2762638993
-9999.0 -9999.0 -9999.0 -9999.0 -9999.0 -9999.0 -9999.0 -9999.0 -9999.0 -9999.0 -9999.0 1.6563529755 2.17368308197 0.957567718154 1.38653494535 0.418323541697 4.75011135792 5.06877910443 5.68652013285 5.89415973816 1.93258543636 37.0516423452 37.24926702 0.15614024717 0.0882168543065 0.0693452888342 0.166538814714 0.070111725555 0.0435784058287 0.0378865518576 0.0524922220672 44.5860047922 44.9824678889 45.3832193279 45.7158120378 45.8586225404 0.0636653413665 0.0203194376534 134.647426461 8.88230467962 8.8055277558 0.16802827767 0.159500598198 0.1433796074 0.368875933993 0.355349602335 0.156685234385 0.156425248532 0.144909064266 0.308728127713 0.40335842507 0.0822597992335 0.148431565927 0.0504490359761
-9999.0 -9999.0 -9999.0 -9999.0 -9999.0 -9999.0 -9999.0 -9999.0 -9999.0 -9999.0 -9999.0 -9999.0 1.12471446776 0.503993781735 0.414534721208 4.11092414744 4.45768829235 0.342544005091 1.27703512712 1.5503592402 1.75941380271 0.250929682057 0.145676863791 5.09001980196 5.20134007372 5.30194665119 13.7887099658 13.8501950402 13.9349336526 14.6681469725 14.9307856217 14.964762515 0.0373569973428 0.0413476027031 0.0528961078872 45.9926095814 0.0430949977992 135.902002269 135.79614147 1.06929816183 0.970146491382 0.627344750149 0.1573152667 0.283534624444 0.520710095341 0.508370952724 0.304525699192 0.146389130737 0.28747224445 0.285899582018 0.524891491556 0.0714944957929 0.220046170852 0.357250294557
