data/baseflow/History/mHMbfrc532
ncols                  80
nrows                 72
xllcorner      4374000.0
yllcorner      5656000.0
cellsize            500
NODATA_value       -9999
[rows 24 to 47 of 72, columns 0 to 54 of 80]
-9999.0 -9999.0 -9999.0 -9999.0 -9999.0 -9999.0 -9999.0 -9999.0 -9999.0 -9999.0 -9999.0 -9999.0 1.45567886849 4.21072612212 5.56076415356 9.67448173414 1.33287389047 2.6724122615 3.9638702274 14.6959449787 15.7853896248 16.5844604894 17.7254020374 18.9734558718 30.3547272307 33.997450366 35.9582459452 0.76569589803 4.72826688618 5.40710048463 69.7908185815 72.9730760269 74.2457761285 75.5199645622 76.9068017759 280.329135795 0.778710241027 584.876674698 1.60407859319 0.693191666265 5.94965698767 5.15742412804 0.831608666571 3.02132056641 4.23781423323 4.2204417741 2.99712881531 4.93796925332 7.83049464675 2.9200514893 7.61395420991 0.707328217994 1.01788096118 0.319032372167 0.251858524917
-9999.0 -9999.0 -9999.0 -9999.0 -9999.0 -9999.0 -9999.0 -9999.0 -9999.0 -9999.0 -9999.0 -9999.0 1.41503843052 2.8187423961 1.35149134623 2.71665583395 1.32020616996 9.50869777515 12.1163305794 13.4280936764 1.26570634367 2.41030782696 22.5029133149 28.1621280751 29.1795665391 2.42759069686 2.43236396386 3.43267093337 0.650244038958 0.631606388963 1.22697231163 0.64845682233 34.2988105168 35.0342550597 35.9122330373 281.082263326 590.993697975 585.715747956 1.18591246798 0.479095013883 0.445130063343 1.88865437298 1.4016260265 3.68590516228 5.09238918033 10.2801073955 0.960752972574 0.961009154254 8.66794445573 9.51018181699 18.7111410119 19.3409281467 20.6725355908 21.2737700246 0.531978512587
-9999.0 -9999.0 -9999.0 -9999.0 -9999.0 -9999.0 -9999.0 -9999.0 -9999.0 -9999.0 -9999.0 -9999.0 -9999.0 1.39699985589 2.77973202422 4.15291180384 6.82340900675 1.37891805406 1.32565050029 8.82631533517 10.0896443573 20.3474255229 21.5681800248 3.50954608361 1.27000688808 1.24414781962 1.20050645322 30.1314798708 30.9964337404 31.7063201821 32.3202602079 33.6075152263 7.07369118555 7.92496541762 44.7859806394 917.226731484 4.37197089914 3.69016280208 1.75796409637 0.46636795946 0.413641722274 2.78071800669 3.15568711333 4.58333175947 0.458461474328 10.8413480896 1.64209229629 1.6189605683 0.437387272712 0.334155320881 0.283354761958 0.299920388181 0.269971406473 21.5357750626 274.249916465
-9999.0 -9999.0 -9999.0 -9999.0 -9999.0 -9999.0 -9999.0 -9999.0 -9999.0 -9999.0 -9999.0 -9999.0 -9999.0 -9999.0 1.37102072533 2.59290892587 3.70328772066 4.85407432153 6.17834838806 7.51745980972 3.98484717568 6.58152194888 1.23866388679 1.23108351729 24.1535815892 26.5947783363 27.781940462 29.0299631203 1.06365489191 1.96512063401 4.92917107102 5.65182361084 6.34788049587 0.882105875119 0.763341429718 919.254669124 0.720734620015 1.14543660719 0.594284541691 1.82086444597 0.851140041962 0.520355235813 8.20622207372 8.61901250837 0.364970859465 11.2265557851 13.2337956775 2.00289310783 285.761057958 284.999782344 284.339265748 283.07223415 282.482313506 275.498711761 275.139799401
-9999.0 -9999.0 -9999.0 -9999.0 -9999.0 -9999.0 -9999.0 -9999.0 -9999.0 -9999.0 -9999.0 -9999.0 -9999.0 -9999.0 0.250389485891 0.58546558218 1.09613196721 9.08277904028 10.4514711677 1.36344783047 1.33966125225 1.31090218362 19.2070932437 21.7203272637 1.23258236635 1.25429062446 1.1693941065 4.72009826454 5.88617820133 3.16686690733 3.96144635685 26.0093011385 26.9515412947 28.7058072695 46.1258621812 965.787703488 0.721860299518 0.533980657506 2.73685307662 2.26985677717 0.39599806586 1.33811930003 1.74712034649 9.06086441665 9.44267249432 23.6220982819 13.4592588402 2.21604448497 292.737738739 3.28806880533 283.739605397 283.416560207 6.46777398209 0.262962079072 0.629566813045
-9999.0 -9999.0 -9999.0 -9999.0 -9999.0 -9999.0 -9999.0 -9999.0 -9999.0 -9999.0 -9999.0 -9999.0 -9999.0 -9999.0 1.26682192666 2.07511212894 4.49423711132 7.76345560444 11.4358162887 14.0387501899 15.3618667384 16.6853422398 17.9674785069 1.25281631888 1.22913288995 2.43245851035 2.3597396448 1.19343653235 22.2778615188 23.4326059337 24.5390611598 25.580496031 14.8644079144 15.7217046407 16.6530516108 966.134384153 1.16790031333 1.44471694481 4.43586561437 0.409207094591 0.806074170554 0.402951029434 0.390273132965 2.1255915931 0.336160181378 0.351449493463 318.132704283 294.211813155 293.861737227 1.21351907763 2.94389237208 1.93188782852 0.481391188269 5.91652621268 1.7727578049
-9999.0 -9999.0 -9999.0 -9999.0 -9999.0 -9999.0 -9999.0 -9999.0 -9999.0 -9999.0 -9999.0 -9999.0 -9999.0 -9999.0 0.881065920285 0.808607664357 1.57623030541 2.43356189426 1.30487190459 1.36607362557 2.70089634384 4.0469611904 6.62734685626 7.90634144447 9.15295150172 12.8464245703 14.0411469606 15.2556668466 1.16082040399 11.4035442876 12.434601492 13.3076824955 0.692460120348 0.362303146515 0.652286365738 982.683616571 983.018447351 984.894798044 5.50879840001 0.792060932761 1.44328989439 0.449889406049 0.71248878235 2.45380353345 3.08702070422 0.651964951452 319.666402356 0.469650160668 0.69043658992 0.758291999949 0.577997190183 1.04192278048 0.442922759534 3.67446502487 2.84178325765
-9999.0 -9999.0 -9999.0 -9999.0 -9999.0 -9999.0 -9999.0 -9999.0 -9999.0 -9999.0 -9999.0 -9999.0 -9999.0 -9999.0 -9999.0 0.762534365714 1.52184528078 0.789769722612 1.65692606509 10.4368029938 11.7129488719 13.0660148042 1.28797016593 1.29016936806 2.53710819591 3.78549741844 6.16244823881 7.35093991462 7.97506579593 9.08902410747 1.03226006748 0.926079049524 14.5429576006 14.8668900258 15.2006200486 15.5416447378 12.7041433889 999.001210469 1006.71909505 1007.04921615 1008.80006946 1010.45929061 1011.6341496 0.383305201303 3.40391046923 320.038852459 0.942988969857 0.480276778271 0.424782921188 0.35318247963 0.629035457432 0.605697620239 0.327736233097 0.42542181986 0.40153395833
-9999.0 -9999.0 -9999.0 -9999.0 -9999.0 -9999.0 -9999.0 -9999.0 -9999.0 -9999.0 -9999.0 -9999.0 -9999.0 -9999.0 -9999.0 -9999.0 2.26515889016 3.13587570944 5.68246252784 7.77317248637 1.18872506923 15.6125797467 16.8887089469 18.1748897725 1.27390622991 2.53179154134 1.19762998836 8.5492925333 9.15347716039 10.112312479 11.1256089093 13.681719642 13.9545569142 0.188130501791 11.3898937807 12.0618498748 12.3802760152 13.7604491963 1.86926661423 1.23911962814 0.80343934281 0.749499786543 1012.8281494 1013.45022824 1019.19868989 320.448107217 2.3584613363 1.04874159024 0.705291498279 0.244531762768 1.87238591822 0.96364999784 0.307162656534 1.60637174832 1.32975207277
-9999.0 -9999.0 -9999.0 -9999.0 -9999.0 -9999.0 -9999.0 -9999.0 -9999.0 -9999.0 -9999.0 -9999.0 -9999.0 -9999.0 -9999.0 -9999.0 0.856645323833 3.96714428006 4.86308701088 1.2588803903 1.34964698241 2.68107417994 3.95368534875 23.4075959994 1.27184344361 5.08633845914 6.29537099748 7.47992920538 0.627309522422 1.54027786729 2.06482552621 9.25373822831 10.2721046312 10.5444069604 0.324935467809 0.337371348005 0.402621193087 0.732300556843 0.31564471505 0.343773449235 0.718788704707 0.530203978112 0.671793296928 1.89427866918 1019.78024722 1341.73433146 2.94250810257 0.430454212925 0.258356470182 5.67932153212 5.16088417429 2.97548022158 2.66121675249 1.99075765166 0.415575026511
-9999.0 -9999.0 -9999.0 -9999.0 -9999.0 -9999.0 -9999.0 -9999.0 -9999.0 -9999.0 -9999.0 -9999.0 -9999.0 -9999.0 -9999.0 0.690397280106 2.35302848166 0.794943110935 1.40938115611 1.40902687162 2.76038241195 4.08243237323 5.32036267997 29.6912958311 30.9383341821 1.26454068071 2.47063078562 3.67831622316 4.51580098665 5.4622293727 8.16375964333 8.91161750833 0.63563442939 0.580844207395 0.518598102086 0.64744844353 0.730421728694 0.681683706573 0.600481802801 0.663036930744 2.56880590164 1.11995278108 0.499310200855 0.483687529232 0.503129286221 0.975031790342 1358.14073334 13.100981818 6.73210119099 0.431985901474 0.182661229464 0.206014068017 0.748287130369 0.533110432599 0.276471652349
-9999.0 -9999.0 -9999.0 -9999.0 -9999.0 -9999.0 -9999.0 -9999.0 -9999.0 -9999.0 -9999.0 -9999.0 -9999.0 -9999.0 0.713256025098 1.4002743626 5.23638301871 0.776486582984 2.66328027742 4.06999270588 5.44374240211 1.36549661279 2.65129612709 3.81257491209 35.6942330631 1.23891754158 2.42048934157 3.60483896057 1.12014868837 2.21484459681 2.83358133565 3.58787422017 73.3448758483 74.6137807762 75.8482007057 81.1212481208 83.0918935745 87.1544651458 1.49904655187 3.03171930058 3.33662018082 100.831485578 101.850177582 0.466558065974 0.899228138789 1.32086349837 1358.50498182 12.3647850067 5.11473148785 4.91714155909 4.24171926952 3.89589784595 0.999093319156 0.234157046125 0.486506534967
-9999.0 -9999.0 -9999.0 -9999.0 -9999.0 -9999.0 -9999.0 -9999.0 -9999.0 -9999.0 -9999.0 -9999.0 -9999.0 -9999.0 0.719377301282 2.19132058007 8.1537654765 11.9524947503 0.705004742246 15.9643131474 22.3285072307 1.3274954238 2.6034634371 3.81946032141 46.5691121042 47.6269507716 1.13630286235 5.88480749008 6.97745248373 7.87618629395 65.907913502 67.8793807141 69.0993750789 0.610491843584 3.60141775366 4.30781228588 1.94853561657 2.82293681122 91.1684056404 95.4898425349 96.2263645922 96.9386997456 102.881464254 0.507627673337 0.454604524629 2.17388551919 1358.9252663 0.312531302849 0.173488741323 0.499573012822 0.183921519678 3.52421630347 3.00230136389 1.73347612696 1.26991629864
-9999.0 -9999.0 -9999.0 -9999.0 -9999.0 -9999.0 -9999.0 -9999.0 -9999.0 -9999.0 -9999.0 -9999.0 -9999.0 -9999.0 -9999.0 -9999.0 1.54197671373 3.1052739869 14.2395091378 15.0802106036 23.0674265124 23.9853290086 1.30326927299 2.6017565449 6.27897118666 48.4926161589 50.7397729069 51.7764692198 0.892663443379 55.3440495962 57.3451106872 1.27910404822 0.603635455611 1.21837510406 2.3538959552 0.557469042124 1.14326036095 2.65053088733 3.32877841874 0.59262982353 0.45143692767 0.923592278854 106.024647563 107.147630816 107.569382117 110.647468588 1359.32923595 0.209352456581 0.138923668213 0.146368526872 0.147861682638 0.150551897607 0.140876100613 0.268200101266 0.162627435315
-9999.0 -9999.0 -9999.0 -9999.0 -9999.0 -9999.0 -9999.0 -9999.0 -9999.0 -9999.0 -9999.0 -9999.0 -9999.0 -9999.0 -9999.0 -9999.0 0.804064947799 0.788981615401 0.800470752556 1.74936736564 0.776680107512 25.5150698396 26.3650346605 1.24596454242 2.48115224077 1.24732266507 1.10734378441 1.09377257183 53.7003294532 0.646357749927 1.27400464322 0.700824398399 0.650777883402 0.579327841956 0.48894312391 0.499771459923 1.49263588158 2.01552498586 0.42156431642 0.381902769922 0.791729526729 1.25962033103 1.5889092041 0.466428903562 108.032502474 111.069410995 1359.64105152 0.857842718529 0.462796864079 0.102392780892 0.238475159228 0.0921235647623 0.0780428798198 0.352128257874 0.839908106315
-9999.0 -9999.0 -9999.0 -9999.0 -9999.0 -9999.0 -9999.0 -9999.0 -9999.0 -9999.0 -9999.0 -9999.0 -9999.0 -9999.0 -9999.0 -9999.0 -9999.0 -9999.0 0.781420479542 2.48007781807 3.15201440821 3.8943377199 27.0862437976 27.8164244664 28.6202096602 29.6932837807 30.7773426372 32.9712959063 33.6334137493 34.2461514283 34.8678756152 0.632983522648 0.601499620259 0.599733599045 2.100243266 0.529042257586 0.50475902934 0.442646188245 1.27815092717 0.45410917155 0.379952038732 0.362748706534 0.31391157619 0.62698741931 0.910554843906 112.946071343 1473.79712864 0.185781898519 0.462837191346 0.0947828548336 0.341549496017 0.210348255626 0.156999467774 1.90290678541 1.40743017127
-9999.0 -9999.0 -9999.0 -9999.0 -9999.0 -9999.0 -9999.0 -9999.0 -9999.0 -9999.0 -9999.0 -9999.0 -9999.0 -9999.0 -9999.0 -9999.0 -9999.0 -9999.0 -9999.0 0.659394141075 5.1634185912 10.4897345841 11.3025673025 1.18273330764 2.41658972562 3.65201449925 4.80585602819 11.8880227795 12.5449000378 0.640830185357 0.618786874527 36.2024701919 37.4047439166 37.9568063404 2.54865183552 0.409957178052 0.918639241555 1.35647883358 4.03727640189 4.90408865256 5.63228249304 0.690032852118 0.979017411123 0.323002972618 0.63378633085 0.318202158334 1474.46431003 0.199601340089 0.823368814809 0.359611325693 0.917215441231 2.04491147875 2.30774110889 4.30961277295 1.8025178115
-9999.0 -9999.0 -9999.0 -9999.0 -9999.0 -9999.0 -9999.0 -9999.0 -9999.0 -9999.0 -9999.0 -9999.0 -9999.0 -9999.0 -9999.0 -9999.0 -9999.0 -9999.0 0.728188913505 2.30297512229 4.51621377106 5.91032200378 15.5686820182 16.5865257507 2.50054415927 3.73434298778 4.87758054708 6.02441202007 13.1960527194 14.4901267993 25.4066269747 26.2469145013 26.8592886184 38.4984765537 42.4277440696 0.917861984466 0.538618319151 0.52296427601 1.00536308512 0.460407572865 6.5059859069 6.85388409016 1.29989674893 1.65599836069 0.439776141481 274.568416777 275.27105209 1750.19588811 1751.32625771 0.172167166865 1.26403721625 0.384686310976 0.355782950156 5.03274491396 7.04497423123
-9999.0 -9999.0 -9999.0 -9999.0 -9999.0 -9999.0 -9999.0 -9999.0 -9999.0 -9999.0 -9999.0 -9999.0 -9999.0 -9999.0 -9999.0 -9999.0 -9999.0 -9999.0 -9999.0 0.816367388554 0.79647733126 1.51622029787 3.60187030734 17.294326564 1.26130951368 1.2515445117 2.38673906606 3.52455774333 8.54264235411 9.28494456365 0.513321210381 0.555488378881 27.5213884019 28.0512254158 71.0049575099 71.5179526415 0.368086859051 0.343043226581 0.302618952481 0.304496125456 0.309218323086 268.358759722 270.295186836 272.25856767 273.004733072 274.200243988 0.341428219279 1.30745316255 1.68429510879 1753.6717653 1753.90312188 1754.11124817 1754.4792455 1754.77508503 7.51218682847
-9999.0 -9999.0 -9999.0 -9999.0 -9999.0 -9999.0 -9999.0 -9999.0 -9999.0 -9999.0 -9999.0 -9999.0 -9999.0 -9999.0 -9999.0 -9999.0 -9999.0 -9999.0 -9999.0 -9999.0 0.738472001332 0.768986778994 1.4292875775 20.0900041933 20.965058831 1.24471574824 2.37627307471 3.52170655471 4.31217459818 0.709235382283 1.44641200473 51.8631587083 52.4513020523 52.9666420259 56.8393298236 128.83555813 255.173656713 255.984263001 256.732670563 257.462805033 260.283214686 261.155470253 1.6279934794 0.757000858527 0.41785143431 0.802360833509 0.654643916525 1.01209350675 0.316480475854 7.38782481374 8.21153997651 8.80945465162 9.04963596106 1755.05403818 1763.02825056
-9999.0 -9999.0 -9999.0 -9999.0 -9999.0 -9999.0 -9999.0 -9999.0 -9999.0 -9999.0 -9999.0 -9999.0 -9999.0 -9999.0 -9999.0 -9999.0 -9999.0 -9999.0 -9999.0 -9999.0 -9999.0 0.748164886404 1.4343341841 2.12424050739 21.5740719158 1.04577099287 30.2561109746 31.4227302675 32.1587679416 32.9229303993 48.9118496061 49.6757625702 0.58216919763 2.8668899195 3.46644820785 0.554164288732 125.523805375 124.49783453 0.377468775782 0.814783229205 2.14677639091 0.458254692118 0.473962690618 0.387502365804 0.347971450365 0.297333766734 0.321754127539 6.33867399937 6.65796995538 7.01977941416 0.503583458271 0.352005188308 9.22017483565 9.48720646801 9.68293370404
-9999.0 -9999.0 -9999.0 -9999.0 -9999.0 -9999.0 -9999.0 -9999.0 -9999.0 -9999.0 -9999.0 -9999.0 -9999.0 -9999.0 -9999.0 -9999.0 -9999.0 -9999.0 -9999.0 -9999.0 -9999.0 0.686801175836 0.643432817972 3.32665786015 26.3437997609 28.1181249145 29.1349599424 1.18185475845 14.3649714248 15.0157376629 15.3240566858 0.703098746451 1.35222266603 1.91629999813 29.7480752284 30.2147951824 30.6338153814 123.70444947 73.8205313072 0.430679815949 0.448948195178 0.438500001236 0.384495911579 3.83642950721 4.58854067404 5.27802144488 5.64329865804 5.99977923829 36.4497209717 36.7415017131 37.0678406536 37.7646344473 41.4910263268 41.7183827311 51.639609168
-9999.0 -9999.0 -9999.0 -9999.0 -9999.0 -9999.0 -9999.0 -9999.0 -9999.0 -9999.0 -9999.0 -9999.0 -9999.0 -9999.0 -9999.0 -9999.0 -9999.0 -9999.0 -9999.0 -9999.0 -9999.0 -9999.0 1.33814696918 2.04081793071 0.823622595951 1.25429594305 10.1789210289 11.3890917644 12.3144763371 6.24819138692 6.87695799803 7.55475163481 8.16690443833 28.7516330873 29.308567039 17.8886565344 49.0068359753 49.4710197811 73.4404329751 0.920345315872 0.466884533093 0.384114107347 2.63491627865 3.08093265457 0.318673477565 0.300864663887 35.1829601572 35.8557620422 36.1797017241 0.320050854068 0.483191989631 40.7560622387 0.385353837216 1.61438646713 1.81954390727
-9999.0 -9999.0 -9999.0 -9999.0 -9999.0 -9999.0 -9999.0 -9999.0 -9999.0 -9999.0 -9999.0 -9999.0 -9999.0 -9999.0 -9999.0 -9999.0 -9999.0 -9999.0 -9999.0 -9999.0 -9999.0 -9999.0 0.667272681348 1.32258706664 5.76495815739 6.63101972302 7.75626829143 4.62919744884 5.62512411056 0.627903751 18.8430856742 19.4336589876 20.0237529324 0.566881183839 16.8216945167 17.388675965 0.476067499566 71.0993151344 0.97673576025 0.487212728028 1.38798324457 1.8559018207 0.399884495515 0.355798843849 31.7584042133 34.5500291777 34.9289099418 0.386063485013 0.942985484478 1.20037417689 1.47686598536 2.75004444162 0.603968640647 1.31458955443 0.2674439975
