data/baseflow/History/mHMbfrc424
ncols                  80
nrows                 72
xllcorner      4374000.0
yllcorner      5656000.0
cellsize            500
NODATA_value       -9999
[rows 0 to 23 of 72, columns 0 to 53 of 80]
-9999.0 -9999.0 -9999.0 -9999.0 -9999.0 -9999.0 -9999.0 -9999.0 -9999.0 -9999.0 -9999.0 -9999.0 1.07159405288 0.847568284945 -9999.0 -9999.0 -9999.0 -9999.0 -9999.0 -9999.0 -9999.0 -9999.0 -9999.0 -9999.0 -9999.0 -9999.0 -9999.0 -9999.0 -9999.0 -9999.0 -9999.0 -9999.0 -9999.0 -9999.0 -9999.0 -9999.0 -9999.0 -9999.0 -9999.0 -9999.0 -9999.0 -9999.0 -9999.0 -9999.0 -9999.0 -9999.0 -9999.0 -9999.0 -9999.0 -9999.0 -9999.0 -9999.0 -9999.0 -9999.0
-9999.0 -9999.0 -9999.0 -9999.0 -9999.0 -9999.0 -9999.0 -9999.0 -9999.0 -9999.0 -9999.0 -9999.0 2.13201397784 4.57726342638 0.703968134622 -9999.0 0.61258312338 -9999.0 -9999.0 -9999.0 -9999.0 -9999.0 -9999.0 -9999.0 -9999.0 -9999.0 -9999.0 -9999.0 -9999.0 -9999.0 -9999.0 -9999.0 -9999.0 -9999.0 -9999.0 -9999.0 -9999.0 -9999.0 -9999.0 -9999.0 -9999.0 -9999.0 -9999.0 -9999.0 -9999.0 -9999.0 -9999.0 -9999.0 -9999.0 -9999.0 -9999.0 -9999.0 -9999.0 -9999.0
-9999.0 -9999.0 -9999.0 -9999.0 -9999.0 -9999.0 -9999.0 -9999.0 -9999.0 -9999.0 1.02629237419 0.977888873471 1.02031964141 0.996816320886 6.45343294664 7.19613038246 1.72375847342 0.556168346475 -9999.0 -9999.0 -9999.0 -9999.0 -9999.0 -9999.0 -9999.0 -9999.0 -9999.0 -9999.0 -9999.0 -9999.0 -9999.0 -9999.0 -9999.0 -9999.0 -9999.0 -9999.0 -9999.0 -9999.0 -9999.0 -9999.0 -9999.0 -9999.0 -9999.0 -9999.0 -9999.0 -9999.0 -9999.0 -9999.0 -9999.0 -9999.0 -9999.0 -9999.0 -9999.0 -9999.0
-9999.0 -9999.0 -9999.0 -9999.0 -9999.0 -9999.0 -9999.0 -9999.0 -9999.0 0.989396111971 2.02072855854 3.99542862462 1.97445252558 0.961227968636 1.88982598088 8.1136184345 11.0893396477 0.603447030803 -9999.0 0.974863043551 -9999.0 -9999.0 -9999.0 -9999.0 1.16421237265 0.598331062396 -9999.0 -9999.0 -9999.0 -9999.0 -9999.0 -9999.0 -9999.0 -9999.0 -9999.0 -9999.0 -9999.0 -9999.0 -9999.0 -9999.0 -9999.0 -9999.0 -9999.0 -9999.0 -9999.0 -9999.0 -9999.0 -9999.0 -9999.0 -9999.0 -9999.0 -9999.0 -9999.0 -9999.0
-9999.0 -9999.0 -9999.0 -9999.0 -9999.0 -9999.0 -9999.0 -9999.0 1.07242508271 3.08095547801 4.0269262066 4.99775518531 6.90581040142 0.916274596652 3.67726475219 4.5695609283 17.1463541627 0.804606111822 0.850221479768 1.85527064511 2.70093975426 0.873561781672 -9999.0 2.97569542408 2.43574307205 0.657900296855 -9999.0 -9999.0 -9999.0 -9999.0 -9999.0 -9999.0 -9999.0 -9999.0 -9999.0 -9999.0 -9999.0 -9999.0 -9999.0 -9999.0 -9999.0 -9999.0 -9999.0 -9999.0 -9999.0 -9999.0 -9999.0 -9999.0 -9999.0 -9999.0 -9999.0 -9999.0 -9999.0 -9999.0
-9999.0 -9999.0 -9999.0 -9999.0 -9999.0 -9999.0 1.09997027627 1.01716064546 0.973303402426 0.985021494261 0.989248767256 7.0036721816 14.8738854509 15.8289863039 16.644162666 0.778223621302 18.7762918254 19.6277958119 1.72162921828 0.865051334463 3.53208738255 6.10353638335 0.852098717545 5.47524343359 0.876869600107 0.859836916553 0.89549051396 -9999.0 -9999.0 -9999.0 -9999.0 -9999.0 -9999.0 -9999.0 -9999.0 -9999.0 -9999.0 -9999.0 -9999.0 -9999.0 -9999.0 -9999.0 -9999.0 -9999.0 -9999.0 -9999.0 -9999.0 -9999.0 -9999.0 -9999.0 -9999.0 -9999.0 -9999.0 -9999.0
-9999.0 -9999.0 -9999.0 -9999.0 -9999.0 -9999.0 2.19134059056 3.23999420368 7.31306297318 10.1992473516 0.911112422397 0.94980772802 0.907814909279 2.64698978587 20.1165038677 0.78049145444 20.4767137676 23.7395071873 2.55731492001 1.66330556323 6.89927354624 0.844667533676 6.30354320663 1.66561489093 0.829001348232 1.66755490692 1.76655052438 0.883768011311 0.891851154604 0.878866515445 0.89237617403 1.79020068857 -9999.0 -9999.0 -9999.0 -9999.0 -9999.0 -9999.0 -9999.0 -9999.0 -9999.0 -9999.0 -9999.0 -9999.0 -9999.0 -9999.0 -9999.0 -9999.0 -9999.0 -9999.0 -9999.0 -9999.0 -9999.0 -9999.0
-9999.0 -9999.0 -9999.0 -9999.0 -9999.0 1.15153840004 2.25051194251 1.08745922815 2.11635798877 11.2271137201 13.1247632209 15.0285529694 47.8648820582 0.872065873506 20.9913994001 75.6434120205 76.2776061628 101.084981348 0.680335351611 2.46870114754 7.70085251916 0.796838075936 15.5413198581 8.42832462944 5.1240979882 4.28870481323 0.86493981213 2.62330248009 2.61811493832 1.74709400003 0.839758081366 2.65111839911 0.823067516039 0.816501347198 -9999.0 -9999.0 -9999.0 -9999.0 -9999.0 -9999.0 -9999.0 -9999.0 -9999.0 -9999.0 -9999.0 -9999.0 -9999.0 -9999.0 -9999.0 -9999.0 -9999.0 -9999.0 -9999.0 -9999.0
-9999.0 -9999.0 -9999.0 -9999.0 -9999.0 1.16061149969 3.40138781934 6.76060087144 7.80555622297 15.4645184171 16.4588594368 19.535670061 31.9537510752 50.4748224955 52.250148949 53.0633051521 1.50214107441 103.777453919 105.19406833 109.235803922 135.719317126 17.9636109583 16.3675895777 5.94607539849 0.803956081418 5.05344308483 3.4220164385 0.77591508296 3.40721759501 0.76943855839 1.57839317245 4.24500401702 5.03778269359 1.60392280738 0.771649255451 0.772309802592 -9999.0 -9999.0 -9999.0 -9999.0 0.553590957274 0.495785100241 -9999.0 -9999.0 -9999.0 -9999.0 -9999.0 -9999.0 -9999.0 -9999.0 -9999.0 -9999.0 -9999.0 -9999.0
-9999.0 -9999.0 -9999.0 -9999.0 -9999.0 1.13761052922 1.09778512487 4.49785116913 5.55306349302 6.63387907232 1.04015556785 2.06649629284 11.7286889461 2.11193256903 0.971749587257 0.901850199494 0.808762694052 0.89899141034 0.882342932322 0.880400908675 136.565850541 138.949402677 0.78121492988 2.3761591742 1.60198046755 5.84375201444 1.56149956709 0.75979596614 4.20760950249 1.50016673856 3.58726854978 8.84243701715 8.18543865797 2.36468481225 2.28055254058 0.782375756006 0.770474713238 -9999.0 -9999.0 0.771756761249 1.20744666327 2.73102485287 0.51526461749 -9999.0 -9999.0 -9999.0 -9999.0 -9999.0 -9999.0 -9999.0 -9999.0 -9999.0 -9999.0 -9999.0
-9999.0 -9999.0 -9999.0 -9999.0 -9999.0 -9999.0 1.16574120339 1.15264509408 2.24618982206 3.34660614432 7.60777873145 9.72104190291 10.7738949156 1.14281862893 0.897646116493 11.6948950671 14.3537826233 15.2042758689 18.7229806438 19.5559546957 0.81588747465 139.765573929 143.6529253 3.09633182638 0.555946701313 6.56063310702 14.5357596197 5.70191262848 1.46743527873 0.736828076736 13.8438103452 9.57861254372 0.698854087509 0.716350502621 2.99812774488 2.28473745173 0.722904989437 0.707059808047 0.741291929885 1.50059089656 0.71310035769 3.30739154693 3.98113415635 0.64095527817 -9999.0 -9999.0 -9999.0 -9999.0 0.692527191682 0.661915091658 0.202093554846 -9999.0 -9999.0 -9999.0
-9999.0 -9999.0 -9999.0 -9999.0 -9999.0 -9999.0 -9999.0 1.1417843508 1.03923312024 2.15144943253 3.23305328856 1.06505056724 0.979587469649 6.10009025971 7.99095704392 9.91427500231 0.905133054268 1.8110985612 0.882886653304 20.3946671441 44.6496830619 45.22543764 190.354201441 0.785375193953 1.68835064998 0.539326579837 15.2683644522 0.735163664688 2.2155450405 0.727936636233 14.5516395037 15.258037857 1.40584375052 1.41921623408 7.48501433388 3.74931141834 1.4450902383 0.738078555834 1.48243312128 2.2321998356 3.62225690125 0.670322504802 5.21267146661 5.75468640418 0.48032799495 0.518573231009 0.526794073362 0.479229140056 0.449865792696 1.90738022716 0.769862042677 0.500381797174 -9999.0 -9999.0
-9999.0 -9999.0 -9999.0 -9999.0 -9999.0 -9999.0 -9999.0 -9999.0 2.18186951981 3.18445810927 1.06462397114 2.15022403551 3.16246976233 5.18765424924 1.02407244164 0.995306625653 0.8857693785 0.898281263309 0.83638157972 22.5802751541 0.880728313215 1.73637907417 192.71377738 194.36344667 0.794183601237 3.28724756733 19.265329836 1.44950020151 2.88493377264 1.36722014569 2.02283235754 17.96318748 2.05629885121 10.9013962333 8.83827131894 0.688399199004 3.5723455042 1.43895291072 2.16711619112 0.686547242952 4.27974943353 5.5398983451 6.00676135611 6.4503991121 7.56333426772 0.915715220442 0.944207207394 0.866610732998 0.804020899923 2.37055354101 0.495342267489 1.77996198039 2.24929635231 -9999.0
-9999.0 -9999.0 -9999.0 -9999.0 -9999.0 -9999.0 -9999.0 -9999.0 1.12473759565 5.40769878821 6.45410106621 1.04832567205 2.05260411876 1.0040774635 0.9498449411 0.934450686425 11.4875257789 15.2454456635 18.6558317878 21.9642865795 0.833356009475 0.866778709597 0.905443665137 198.119855193 199.821282078 200.57053044 25.869261184 5.77110940074 5.02339803267 0.650793136093 2.65366952455 21.2590278032 0.629255768708 11.5391926191 0.675549109115 4.61023004582 4.28203385661 0.692960335758 2.84697808729 1.36376305913 2.02280532463 0.59453317213 0.436778292554 6.88868007939 7.283153202 7.95670932643 1.35861426888 1.26178877252 1.18854945062 2.89493290291 3.8936132406 0.497854648715 2.74274297522 0.526816134685
-9999.0 -9999.0 -9999.0 -9999.0 -9999.0 -9999.0 -9999.0 -9999.0 -9999.0 1.12877305453 7.52443989784 8.55751463932 3.06273165842 5.05859446693 6.94023788357 7.87137000282 0.933093410137 2.87020932922 1.88051313528 0.936987694963 0.933168471345 0.874720713161 1.73381045265 2.98724025565 1.01821834615 228.254091957 229.052875333 0.727795368222 0.593872630151 1.316311763 1.95990284359 23.1422478566 1.24712604417 12.1229670816 7.10398341971 5.83274950863 0.663616165835 1.34647216765 3.47969122221 0.629646181373 2.63243899872 1.1940281173 0.765071929385 0.337343686972 8.34447663328 16.628692336 1.65092131477 1.56374406862 1.60458965244 0.430496838183 4.31515457335 0.413373258782 3.67420801458 0.472100744782
-9999.0 -9999.0 -9999.0 -9999.0 -9999.0 -9999.0 -9999.0 -9999.0 -9999.0 -9999.0 1.02607117195 10.6235997824 1.0076152667 2.004774815 2.91551402183 4.74830920772 0.943227570932 1.93398024761 0.950040741011 0.92055345217 0.869279232187 1.7276232767 0.790162230431 0.872524585798 1.76659635724 0.988140303407 229.853707586 231.324478123 233.452160459 2.60188595263 0.647489774671 1.28980926133 23.7864248761 22.311991615 8.40747909384 0.646367879244 2.65387539913 1.9986962729 4.11403489404 1.26159742606 5.04507325285 1.79584931605 1.25248924647 0.243652979984 0.365328662046 17.0574084107 17.4300232953 20.970311869 2.94075278642 0.884104312114 4.76506597206 5.61831683175 9.70224991275 0.927387184503
-9999.0 -9999.0 -9999.0 -9999.0 -9999.0 -9999.0 -9999.0 -9999.0 -9999.0 -9999.0 -9999.0 0.530338685404 11.7718259567 0.964567017492 1.86804143046 8.45874543128 0.952873616386 0.950232372851 0.871959580104 1.81361478008 0.870400635107 3.46673860984 5.05656342155 5.81011653186 2.47931813564 3.16091173419 0.743057887481 0.915546850952 0.829768874909 237.496185286 239.402638704 24.3616248228 23.4363401783 22.88099942 1.17650780784 0.578535499026 3.25911391147 8.58141191615 4.71840079827 1.86376484143 7.47713785238 2.68852126079 2.14859242852 0.511294112038 0.213889121537 0.197773438161 0.243067393128 22.1558201203 26.3150787262 0.431286247685 0.398921912817 0.436248861805 10.1290211979 11.4707953346
-9999.0 -9999.0 -9999.0 -9999.0 -9999.0 -9999.0 -9999.0 -9999.0 -9999.0 -9999.0 -9999.0 0.497311784805 12.9804798029 15.9590505565 0.916534216673 10.3004047394 0.899384389501 0.875961675795 1.73021763617 4.4117723741 0.850915294747 0.878364081507 0.782696628552 7.37357614518 8.11574974948 12.0593603526 13.5026210735 14.2460948556 14.9424317275 15.7833496842 255.892123896 281.454492292 305.960160835 306.426497514 0.538748342866 0.584705883468 9.79348196427 9.19246293539 0.594292417415 0.586612595865 8.02169782033 11.2658736872 0.479824602014 4.82007049168 4.41471748639 1.03917378865 0.505350306484 0.837562657426 0.419066402903 27.0127828164 0.342616084644 1.16660013723 1.4458415224 13.8254035092
-9999.0 -9999.0 -9999.0 -9999.0 -9999.0 -9999.0 -9999.0 -9999.0 -9999.0 -9999.0 -9999.0 1.06237312837 2.04205473896 16.9237477687 18.6953272502 0.892051372894 11.9173630496 0.803453022673 2.45847891969 5.21977067168 1.65794271266 0.805148042256 1.63817219853 0.723623895674 1.40560581375 0.691351001673 0.640417588009 0.546557441761 0.479466300173 0.455252856748 0.438750757065 0.586891908891 0.667592059897 0.743914463335 308.240972587 11.6598841373 10.6604816052 0.416940897429 1.71273022442 0.441433991658 0.370710521606 11.7963393858 18.1663786155 5.36833071584 3.92691324792 0.599408457766 0.251007572436 0.230448427115 0.570861641327 27.94430693 28.5778308303 0.329743200614 0.330442948285 0.317090172119
-9999.0 -9999.0 -9999.0 -9999.0 -9999.0 -9999.0 -9999.0 -9999.0 -9999.0 -9999.0 -9999.0 -9999.0 0.950304590911 12.4190725271 32.0308168012 34.7666949229 47.5131853575 48.2222752688 11.641967012 8.51561939564 2.47682174904 0.798380618917 3.2052853004 3.96629314886 6.07000635153 1.40412051012 1.31550080582 1.22894655361 2.3650997656 1.10482727685 1.05516827424 0.534033590013 0.337252486755 0.414828966299 308.836332705 320.95130508 321.42109557 0.40995168658 4.50063330757 1.94838734806 0.573316736236 19.8266441287 1.14716392452 0.588027140435 2.38636283206 0.511125518223 0.432351182484 0.789213174342 1.10069618244 1.44008352282 29.1230630621 0.257352649477 0.222086199879 0.224022711277
-9999.0 -9999.0 -9999.0 -9999.0 -9999.0 -9999.0 -9999.0 -9999.0 -9999.0 -9999.0 -9999.0 1.01546187706 9.45120355512 11.4647271185 1.85690572476 0.552570212969 1.28781864231 50.3515546601 51.0777053746 63.396877612 0.742278013921 1.53531733231 0.694438992642 0.705178728077 6.75324320503 8.8397121715 10.8044288253 0.638241522282 2.99436163755 4.71772270396 2.76840819437 1.1271018069 0.842659061986 0.779590068121 0.730835480059 0.396920659665 321.809960604 322.12747255 327.278737084 0.989954733726 0.516572837226 20.2237987031 1.24699636514 0.632361975746 0.646375944757 0.63863306452 0.601471405207 1.04326248321 2.94703816077 4.74552056364 34.1379008068 0.199173515761 0.589559205299 0.397579345731
-9999.0 -9999.0 -9999.0 -9999.0 -9999.0 -9999.0 -9999.0 -9999.0 -9999.0 -9999.0 -9999.0 1.03467809897 6.48727556303 1.02482156606 0.924122004366 4.69155877163 5.51493792294 6.36042035706 7.16407917395 85.6767270344 86.3532994624 87.7866984423 98.2132418789 100.283261123 101.456410127 102.15753249 114.334436491 115.92007425 116.539358949 121.911047096 125.323068054 125.922650255 127.8292014 1.3372990925 1.13910197621 0.278941187505 0.259961999828 322.488196124 328.995780369 1.4229776209 23.4288150038 22.9627653187 2.36105546454 0.576362751579 0.571029444759 0.556101097133 0.54041411115 1.08461252042 1.54552040989 0.43267492011 34.3905635266 34.656254534 35.8671235695 36.0815389929
-9999.0 -9999.0 -9999.0 -9999.0 -9999.0 -9999.0 -9999.0 -9999.0 -9999.0 -9999.0 -9999.0 3.32176667452 4.39534400597 2.07048596794 3.04332588492 0.960553137438 10.9856146891 11.8594845058 13.5825522464 14.3053120813 5.71908237717 94.6134802973 95.2636412729 0.64444569526 0.476609809378 0.408119990926 0.911586348114 0.448815693487 0.341429816104 0.329780410758 0.377390166668 126.426591967 128.354622184 130.229502793 131.847161879 132.898362088 0.444680631953 0.166444176049 353.521984345 24.2325522379 23.9124524893 0.534805589581 0.486779082119 0.449200526717 1.02990616089 1.01550723317 0.472526095838 0.474514055927 0.448863850585 0.87979414076 1.15615351382 0.190779164189 0.352889660486 0.146159858415
-9999.0 -9999.0 -9999.0 -9999.0 -9999.0 -9999.0 -9999.0 -9999.0 -9999.0 -9999.0 -9999.0 -9999.0 2.24433885828 1.05833797553 0.986571861449 9.25191977056 10.1439523778 0.899867726358 3.53014697401 4.34742724497 5.08052326561 0.795507558489 0.649021112007 14.4534274058 15.0012469927 15.5235815934 39.4272248927 39.8270890913 40.473349438 43.7003196392 45.5462674228 45.8440219109 0.287053112407 0.297144447919 0.323354185779 133.388569062 0.226363058388 357.872221685 357.527566597 3.71978251787 3.33439158678 2.03209727165 0.510509461693 0.901045770237 1.48436139831 1.46831840651 0.925216762965 0.458919414789 0.899086324868 0.902786794699 1.56069302046 0.292817802446 0.623465323921 1.0060462356
