data/baseflow/History/mHMbfrc248
ncols                  80
nrows                 72
xllcorner      4374000.0
yllcorner      5656000.0
cellsize            500
NODATA_value       -9999
[rows 0 to 23 of 72, columns 0 to 53 of 80]
-9999.0 -9999.0 -9999.0 -9999.0 -9999.0 -9999.0 -9999.0 -9999.0 -9999.0 -9999.0 -9999.0 -9999.0 0.721254920439 0.772089392686 -9999.0 -9999.0 -9999.0 -9999.0 -9999.0 -9999.0 -9999.0 -9999.0 -9999.0 -9999.0 -9999.0 -9999.0 -9999.0 -9999.0 -9999.0 -9999.0 -9999.0 -9999.0 -9999.0 -9999.0 -9999.0 -9999.0 -9999.0 -9999.0 -9999.0 -9999.0 -9999.0 -9999.0 -9999.0 -9999.0 -9999.0 -9999.0 -9999.0 -9999.0 -9999.0 -9999.0 -9999.0 -9999.0 -9999.0 -9999.0
-9999.0 -9999.0 -9999.0 -9999.0 -9999.0 -9999.0 -9999.0 -9999.0 -9999.0 -9999.0 -9999.0 -9999.0 1.2981660758 3.43533127736 0.666983638256 -9999.0 0.553833860874 -9999.0 -9999.0 -9999.0 -9999.0 -9999.0 -9999.0 -9999.0 -9999.0 -9999.0 -9999.0 -9999.0 -9999.0 -9999.0 -9999.0 -9999.0 -9999.0 -9999.0 -9999.0 -9999.0 -9999.0 -9999.0 -9999.0 -9999.0 -9999.0 -9999.0 -9999.0 -9999.0 -9999.0 -9999.0 -9999.0 -9999.0 -9999.0 -9999.0 -9999.0 -9999.0 -9999.0 -9999.0
-9999.0 -9999.0 -9999.0 -9999.0 -9999.0 -9999.0 -9999.0 -9999.0 -9999.0 -9999.0 0.54492037378 0.534895880161 0.554038048415 0.543820187851 4.47250985738 5.13893655545 1.56152094503 0.498015240197 -9999.0 -9999.0 -9999.0 -9999.0 -9999.0 -9999.0 -9999.0 -9999.0 -9999.0 -9999.0 -9999.0 -9999.0 -9999.0 -9999.0 -9999.0 -9999.0 -9999.0 -9999.0 -9999.0 -9999.0 -9999.0 -9999.0 -9999.0 -9999.0 -9999.0 -9999.0 -9999.0 -9999.0 -9999.0 -9999.0 -9999.0 -9999.0 -9999.0 -9999.0 -9999.0 -9999.0
-9999.0 -9999.0 -9999.0 -9999.0 -9999.0 -9999.0 -9999.0 -9999.0 -9999.0 0.535496300573 1.07614732648 2.14097113038 1.07132387955 0.522308184368 1.02441173161 5.6407098739 8.41594700188 0.575000011964 -9999.0 0.533411289994 -9999.0 -9999.0 -9999.0 -9999.0 1.09720548205 0.554535663702 -9999.0 -9999.0 -9999.0 -9999.0 -9999.0 -9999.0 -9999.0 -9999.0 -9999.0 -9999.0 -9999.0 -9999.0 -9999.0 -9999.0 -9999.0 -9999.0 -9999.0 -9999.0 -9999.0 -9999.0 -9999.0 -9999.0 -9999.0 -9999.0 -9999.0 -9999.0 -9999.0 -9999.0
-9999.0 -9999.0 -9999.0 -9999.0 -9999.0 -9999.0 -9999.0 -9999.0 0.59246927592 1.68741334403 2.20243931077 2.71696173793 3.70984637213 0.48448847291 1.95533345728 2.43080829118 12.0674387146 0.572871630073 0.472279679491 1.00608414811 1.47111170639 0.481782829095 -9999.0 2.90984343277 2.37854212791 0.664777018117 -9999.0 -9999.0 -9999.0 -9999.0 -9999.0 -9999.0 -9999.0 -9999.0 -9999.0 -9999.0 -9999.0 -9999.0 -9999.0 -9999.0 -9999.0 -9999.0 -9999.0 -9999.0 -9999.0 -9999.0 -9999.0 -9999.0 -9999.0 -9999.0 -9999.0 -9999.0 -9999.0 -9999.0
-9999.0 -9999.0 -9999.0 -9999.0 -9999.0 -9999.0 0.588919605342 0.546393987079 0.528771103213 0.536849523835 0.54261606896 3.80584864428 8.03167102719 8.54051600778 8.89621979118 0.299288726349 12.9019212962 13.3712631964 0.942158909945 0.465827318966 1.92804423225 3.34394954093 0.561249146332 4.63392080022 0.511453603139 0.572933964606 0.52796308355 -9999.0 -9999.0 -9999.0 -9999.0 -9999.0 -9999.0 -9999.0 -9999.0 -9999.0 -9999.0 -9999.0 -9999.0 -9999.0 -9999.0 -9999.0 -9999.0 -9999.0 -9999.0 -9999.0 -9999.0 -9999.0 -9999.0 -9999.0 -9999.0 -9999.0 -9999.0 -9999.0
-9999.0 -9999.0 -9999.0 -9999.0 -9999.0 -9999.0 1.16780360797 1.72103676739 3.90215000264 5.46765543011 0.487006012262 0.494357510272 0.479281498758 1.42203574563 10.7575933077 0.364780750201 13.8166005421 15.5484194854 1.37214699707 0.894360847368 3.77853631152 0.463015981551 5.08991691677 0.953399814702 0.484103311467 1.04561163678 1.03585369891 0.500500346614 0.507484710834 0.498513794324 0.528556639544 1.05996431212 -9999.0 -9999.0 -9999.0 -9999.0 -9999.0 -9999.0 -9999.0 -9999.0 -9999.0 -9999.0 -9999.0 -9999.0 -9999.0 -9999.0 -9999.0 -9999.0 -9999.0 -9999.0 -9999.0 -9999.0 -9999.0 -9999.0
-9999.0 -9999.0 -9999.0 -9999.0 -9999.0 0.620675093481 1.20631624896 0.577989926059 1.12888821543 6.03032011341 7.05686531795 8.06638089938 25.3859166375 0.471429924137 11.2305592572 40.1754542451 40.4970258774 56.6240636017 0.364991264158 1.32641357299 4.2159060501 0.434328696372 10.4499681088 4.91461541314 3.05952880124 2.5762879161 0.505636777937 1.4932735671 1.48572909636 0.991088080588 0.492471077712 1.56596690278 0.498869431768 0.494450072004 -9999.0 -9999.0 -9999.0 -9999.0 -9999.0 -9999.0 -9999.0 -9999.0 -9999.0 -9999.0 -9999.0 -9999.0 -9999.0 -9999.0 -9999.0 -9999.0 -9999.0 -9999.0 -9999.0 -9999.0
-9999.0 -9999.0 -9999.0 -9999.0 -9999.0 0.62127549922 1.8089584321 3.6037118545 4.15511420802 8.22525668916 8.74656427666 10.3724841671 16.8449159333 26.7492660426 27.696742154 28.1465414999 0.827836066202 58.1007694951 58.8401543921 61.002468501 77.4347273892 11.7766321844 10.9054118379 3.51131636141 0.447013562843 2.90520148642 1.96752686768 0.458022906661 1.93813625179 0.432131025588 0.913562177461 2.5126585526 2.98971417825 0.96812131629 0.484290567574 0.477491893855 -9999.0 -9999.0 -9999.0 -9999.0 0.59368157407 0.509713027648 -9999.0 -9999.0 -9999.0 -9999.0 -9999.0 -9999.0 -9999.0 -9999.0 -9999.0 -9999.0 -9999.0 -9999.0
-9999.0 -9999.0 -9999.0 -9999.0 -9999.0 0.602542179597 0.575851928284 2.39498531647 2.95540293832 3.5330930891 0.551574142293 1.09307794147 6.12179228306 1.1101097241 0.518856861735 0.488234799432 0.451075670575 0.496833528988 0.472734790293 0.476567290489 77.8928133779 79.1907543516 0.428154571641 1.31373972392 0.890044934823 3.35245185301 0.923326801951 0.454109779505 2.40293026432 0.844404433665 2.04354967413 5.28004670182 4.90298475195 1.44259940631 1.44617517293 0.48340994065 0.490243239352 -9999.0 -9999.0 0.498034483965 1.26060043463 2.83326901162 0.53593716837 -9999.0 -9999.0 -9999.0 -9999.0 -9999.0 -9999.0 -9999.0 -9999.0 -9999.0 -9999.0 -9999.0
-9999.0 -9999.0 -9999.0 -9999.0 -9999.0 -9999.0 0.61923033017 0.62511635158 1.19156357643 1.76422703388 3.95434486799 5.05847694597 5.61584128061 0.593275200402 0.47210193451 6.16714838925 7.60145563616 8.05759455753 9.91701851459 10.3551739885 0.439714118096 79.6332953941 81.6818537146 1.61378054315 0.147391255924 3.69215900703 8.34312328313 3.30103591829 0.856235747028 0.424242433307 8.16315250147 5.71862517137 0.44335140085 0.447128407816 1.9082128307 1.42800774697 0.47404506729 0.483591869707 0.478938816082 0.968441077442 0.4763760125 3.4471044978 3.93825930594 0.488565758679 -9999.0 -9999.0 -9999.0 -9999.0 0.551451329458 0.534808125144 0.136103091985 -9999.0 -9999.0 -9999.0
-9999.0 -9999.0 -9999.0 -9999.0 -9999.0 -9999.0 -9999.0 0.611602030454 0.497197961109 1.08502301092 1.65820332145 0.555855219731 0.519673933449 3.20197364999 4.21233325204 5.23529436286 0.487972926033 0.945963550809 0.473848799071 10.8012645708 24.4280431648 24.9879946107 107.672793818 0.418698053382 0.476949536049 0.147040610345 8.77794964493 0.423889475892 1.28777441694 0.422532963606 8.59477379539 9.02302856809 0.886979667356 0.879087843692 4.72903136514 2.36285460696 0.969593820983 0.484555886552 0.958163032925 1.44100014768 2.38342867768 0.475896920507 4.93260169103 5.4337907983 0.482917794205 0.499671608696 0.519148985087 0.493835178673 0.487417369289 1.58888446689 0.593656352074 0.382960011559 -9999.0 -9999.0
-9999.0 -9999.0 -9999.0 -9999.0 -9999.0 -9999.0 -9999.0 -9999.0 1.11314528522 1.56688131737 0.54638559051 1.11131028355 1.64116757088 2.71250233138 0.537109437128 0.514413589294 0.457083113422 0.462499405526 0.435154110916 12.7277343638 0.470748242861 0.924173514094 109.238204162 110.537009307 0.549195618007 1.56047806509 10.7727251565 0.829416810482 1.68486614306 0.812230958948 1.21808781505 10.7325406974 1.30157337142 6.88086961639 5.58712823809 0.429986028792 2.34290740836 0.933085973763 1.40671282075 0.452616564741 2.86673341044 3.8281406845 4.29100542746 4.74041734256 7.29535594615 0.934131701084 0.975532724965 0.931466882191 0.914422654513 2.04834690788 0.455273673773 1.43398911751 1.86136424996 -9999.0
-9999.0 -9999.0 -9999.0 -9999.0 -9999.0 -9999.0 -9999.0 -9999.0 0.590685196545 2.73359407406 3.26714683664 0.533811522791 1.04757064584 0.513084024083 0.482202445268 0.474684311198 5.95068957229 7.93537280436 9.99979675163 12.1418188402 0.566901415963 0.460888178288 0.551513735605 113.015429778 114.534516038 115.163810437 14.7343869737 3.38830933472 2.93574922465 0.405591133017 1.61296807845 12.7491249264 0.405975384511 7.29347323114 0.424964049322 2.98404826605 2.79711976513 0.443477406434 1.85170420293 0.895988352979 1.3426178906 0.474047420297 0.435646092905 5.18661497788 5.61990450841 7.72783649897 1.43006024868 1.37394385023 1.36075927544 2.50735531331 3.42064784472 0.45476607464 2.29545705339 0.442040736797
-9999.0 -9999.0 -9999.0 -9999.0 -9999.0 -9999.0 -9999.0 -9999.0 -9999.0 0.60334486281 3.82499585121 4.34936355877 1.56213226349 2.5935031598 3.56889664236 4.06418871715 0.502408123804 1.51964685798 0.999111802742 0.505541405464 0.49500139191 0.454785871715 0.928293550593 1.64271356745 0.734113650197 131.284497277 131.861009624 0.530504525365 0.41969258316 0.79324509617 1.18731662159 13.9477994336 0.804230028867 7.68286596451 4.56683937361 3.75549593124 0.428827618361 0.865729473369 2.27329236576 0.419387382414 1.7626989026 0.903809367221 0.696605788 0.213858294814 6.47513138463 14.5892457758 1.80191762872 1.7531052824 1.77657563861 0.409342893658 3.83559157175 0.409299433137 3.15123771132 0.410218542183
-9999.0 -9999.0 -9999.0 -9999.0 -9999.0 -9999.0 -9999.0 -9999.0 -9999.0 -9999.0 0.531751845413 5.41995832618 0.512195532633 1.02868960061 1.5089138262 2.46590107714 0.488143899057 1.01283337744 0.495968037717 0.478621221199 0.457731626611 0.914695449175 0.429616350174 0.507596000401 1.09680021536 0.650520429904 132.52911001 133.672855108 135.231737465 1.63270914303 0.387692219346 0.772645150148 14.3474608926 14.2516442376 5.39681539716 0.410127028868 1.71044858078 1.28713862218 2.69600986506 0.840480764319 3.51573118626 1.32800736478 1.07836283608 0.0936981107967 0.234878031519 15.011969901 15.4363882006 19.3868096291 3.03637129069 0.835361397763 4.2733294343 5.10947225406 8.66498250369 0.817706453714
-9999.0 -9999.0 -9999.0 -9999.0 -9999.0 -9999.0 -9999.0 -9999.0 -9999.0 -9999.0 -9999.0 0.258128486226 5.95321854364 0.497605070334 0.970709611967 4.39840051339 0.499010515819 0.496355325262 0.453563223478 0.936695021571 0.4508756219 1.81932516555 2.68731970475 3.10526040649 1.53153578776 2.02396314542 0.557436469465 0.605275731207 0.614103204182 137.874250071 139.093707661 14.7208895948 14.9961649028 14.6278473533 0.781629448722 0.384978607463 2.10593693864 5.60293735206 3.10238370114 1.24540814612 5.17224792068 1.83008101082 1.42942062214 0.178583520833 0.0837964261505 0.0982187074776 0.158746310696 20.1678290834 24.4328590804 0.402181457451 0.392778494717 0.404300642886 9.06371568641 10.2525312777
-9999.0 -9999.0 -9999.0 -9999.0 -9999.0 -9999.0 -9999.0 -9999.0 -9999.0 -9999.0 -9999.0 0.245057863362 6.55177426357 8.09274982738 0.475138754552 5.3524836481 0.470532390944 0.452729388009 0.888573905466 2.26621354167 0.436140449727 0.452133412824 0.420151095328 3.95641684515 4.36540290549 6.81851061406 7.77151859784 8.2013098368 8.72536700444 9.22027319826 148.91819692 164.497293575 180.390819809 180.91248393 0.446735999818 0.389287818897 6.39499367219 6.00231257325 0.399301422305 0.392340653026 5.55014421182 7.79405812312 0.344600183031 2.86478007138 2.65799534525 0.41454679061 0.271654491881 0.445544618791 0.418934046335 25.2493147064 0.412184325638 1.16668053377 1.54112010257 12.609811577
-9999.0 -9999.0 -9999.0 -9999.0 -9999.0 -9999.0 -9999.0 -9999.0 -9999.0 -9999.0 -9999.0 0.552776804252 1.06319206849 8.59261729642 9.51084209585 0.469675638552 6.45584073285 0.420739422289 1.27639723346 2.6833168368 0.851064884526 0.413764595633 0.865350791397 0.403101658132 0.776604081241 0.371135683671 0.316507750855 0.198319138187 0.154082451754 0.14198132737 0.15259821285 0.25704101445 0.400434941115 0.554664049087 182.439822274 8.12788748075 7.30900079234 0.434034997082 1.17565372176 0.285240902181 0.233379763903 8.18590646774 12.228452284 3.29159630406 2.48605728344 0.220050757496 0.103448724524 0.0950682489655 0.427480252246 26.0859788247 26.897304301 0.415445579479 0.425368247074 0.274554727064
-9999.0 -9999.0 -9999.0 -9999.0 -9999.0 -9999.0 -9999.0 -9999.0 -9999.0 -9999.0 -9999.0 -9999.0 0.480041885645 6.49012729251 16.4730725761 17.9105818501 24.8740800428 25.5016961746 6.24625398415 4.37535682377 1.27155185355 0.409936178997 1.67995380872 2.08572167808 3.23775725436 0.753871670796 0.684535797964 0.570657056035 1.09280936515 0.50587032541 0.494452641537 0.218670029772 0.0712930361126 0.135466390107 182.907298844 191.312010105 191.848346995 0.451557041858 3.39603401704 1.30880177874 0.404335397979 13.5044326196 0.888579197525 0.454955273076 1.76032921595 0.313117805359 0.328600480134 0.639525666849 0.984759963874 1.36995640261 27.6359622437 0.358187592076 0.337497387773 0.337193776703
-9999.0 -9999.0 -9999.0 -9999.0 -9999.0 -9999.0 -9999.0 -9999.0 -9999.0 -9999.0 -9999.0 0.525147922849 4.9434471538 6.00106324686 0.978749501284 0.278687984608 0.643318799453 26.5884333406 27.1285578725 33.9586961893 0.387915185216 0.795055634894 0.369605259432 0.374521208413 3.60807754518 4.73170800994 5.76975150623 0.34831702927 1.44301140136 2.29361021963 1.40163567495 0.56511974703 0.322180984518 0.235800181891 0.294250723618 0.208188717962 192.317878305 192.734012951 196.928126823 0.747247561215 0.381757306152 13.9759466338 0.895249162011 0.460841987567 0.491001375624 0.486820075433 0.46436487808 0.794476643084 2.51234413605 4.28845473138 32.2821919652 0.301333887091 0.91869994047 0.623116098728
-9999.0 -9999.0 -9999.0 -9999.0 -9999.0 -9999.0 -9999.0 -9999.0 -9999.0 -9999.0 -9999.0 0.537402477816 3.42756457347 0.541243690608 0.477846417162 2.44098422176 2.87441683208 3.31842749708 3.73570418625 45.5089966831 45.8466108786 46.5826821208 51.8879695345 52.9106237704 53.4425734402 53.8256341544 60.1004547072 60.8220422747 61.1674864098 63.7971088565 65.5777641142 65.9280937315 66.7835934785 0.576849235937 0.444306375406 0.076372518761 0.14569656955 193.133626455 198.509715488 1.16502364524 16.5741572731 16.1721669127 1.7367944574 0.422926312211 0.437782436547 0.429688108584 0.436044365299 0.878755910661 1.31321927943 0.442418254489 32.6344586538 32.9977362987 34.8776725726 35.2072424218
-9999.0 -9999.0 -9999.0 -9999.0 -9999.0 -9999.0 -9999.0 -9999.0 -9999.0 -9999.0 -9999.0 1.76817344813 2.33323714749 1.08217343183 1.595461845 0.507037297743 5.74535393844 6.20909158542 7.12479467136 7.39256097261 2.93276003017 50.0366057015 50.3414357712 0.264511436726 0.153734826137 0.0957644493813 0.270603085311 0.120043751356 0.0662367170699 0.0602568810489 0.102798874998 66.1191574764 67.0292109459 67.9970884046 68.8076337205 69.3396051565 0.221334413798 0.112782018078 216.255494974 17.3491862997 16.9882241781 0.392474446366 0.398246842324 0.381930985208 0.826078036194 0.821860151167 0.389541169629 0.390867648642 0.380042552964 0.815752604081 1.15751627965 0.288691793914 0.545617624264 0.201988944955
-9999.0 -9999.0 -9999.0 -9999.0 -9999.0 -9999.0 -9999.0 -9999.0 -9999.0 -9999.0 -9999.0 -9999.0 1.18992150849 0.554885780046 0.506827915896 4.82060759549 5.3018543687 0.479231986372 1.88178812468 2.29444780565 2.61554236423 0.366752382241 0.313302885506 7.2677308008 7.52792094227 7.7499782724 21.0876293238 21.205653036 21.3375614495 22.7420368288 23.1783893853 23.2395423926 0.0585895189973 0.0615798019981 0.106055980333 69.8956816448 0.211999299779 219.740784688 219.332942032 2.75227712222 2.36353582013 1.53583487696 0.383653483791 0.764952532095 1.22119533887 1.21684819704 0.768386903001 0.378656629774 0.756006307231 0.748360934082 1.50941030187 0.198630497312 0.740986117046 1.25321085893
