data/baseflow/History/mHMbfrc551
ncols                  80
nrows                 72
xllcorner      4374000.0
yllcorner      5656000.0
cellsize            500
NODATA_value       -9999
[rows 0 to 23 of 72, columns 0 to 53 of 80]
-9999.0 -9999.0 -9999.0 -9999.0 -9999.0 -9999.0 -9999.0 -9999.0 -9999.0 -9999.0 -9999.0 -9999.0 0.545764438551 0.697232061443 -9999.0 -9999.0 -9999.0 -9999.0 -9999.0 -9999.0 -9999.0 -9999.0 -9999.0 -9999.0 -9999.0 -9999.0 -9999.0 -9999.0 -9999.0 -9999.0 -9999.0 -9999.0 -9999.0 -9999.0 -9999.0 -9999.0 -9999.0 -9999.0 -9999.0 -9999.0 -9999.0 -9999.0 -9999.0 -9999.0 -9999.0 -9999.0 -9999.0 -9999.0 -9999.0 -9999.0 -9999.0 -9999.0 -9999.0 -9999.0
-9999.0 -9999.0 -9999.0 -9999.0 -9999.0 -9999.0 -9999.0 -9999.0 -9999.0 -9999.0 -9999.0 -9999.0 1.09370048601 2.94210065164 0.593088524006 -9999.0 0.619439983911 -9999.0 -9999.0 -9999.0 -9999.0 -9999.0 -9999.0 -9999.0 -9999.0 -9999.0 -9999.0 -9999.0 -9999.0 -9999.0 -9999.0 -9999.0 -9999.0 -9999.0 -9999.0 -9999.0 -9999.0 -9999.0 -9999.0 -9999.0 -9999.0 -9999.0 -9999.0 -9999.0 -9999.0 -9999.0 -9999.0 -9999.0 -9999.0 -9999.0 -9999.0 -9999.0 -9999.0 -9999.0
-9999.0 -9999.0 -9999.0 -9999.0 -9999.0 -9999.0 -9999.0 -9999.0 -9999.0 -9999.0 0.504098777033 0.451726688398 0.492507720249 0.494264935469 3.80192022974 4.29624074551 1.69711452775 0.540664711748 -9999.0 -9999.0 -9999.0 -9999.0 -9999.0 -9999.0 -9999.0 -9999.0 -9999.0 -9999.0 -9999.0 -9999.0 -9999.0 -9999.0 -9999.0 -9999.0 -9999.0 -9999.0 -9999.0 -9999.0 -9999.0 -9999.0 -9999.0 -9999.0 -9999.0 -9999.0 -9999.0 -9999.0 -9999.0 -9999.0 -9999.0 -9999.0 -9999.0 -9999.0 -9999.0 -9999.0
-9999.0 -9999.0 -9999.0 -9999.0 -9999.0 -9999.0 -9999.0 -9999.0 -9999.0 0.456038527027 0.963025145296 1.90514984436 0.922782911023 0.437519088955 0.859655515329 4.67301412097 7.50284662054 0.580400174724 -9999.0 0.456117038168 -9999.0 -9999.0 -9999.0 -9999.0 1.14819831083 0.592759395106 -9999.0 -9999.0 -9999.0 -9999.0 -9999.0 -9999.0 -9999.0 -9999.0 -9999.0 -9999.0 -9999.0 -9999.0 -9999.0 -9999.0 -9999.0 -9999.0 -9999.0 -9999.0 -9999.0 -9999.0 -9999.0 -9999.0 -9999.0 -9999.0 -9999.0 -9999.0 -9999.0 -9999.0
-9999.0 -9999.0 -9999.0 -9999.0 -9999.0 -9999.0 -9999.0 -9999.0 0.607503590462 1.59421569527 2.02626147618 2.47271034019 3.26255704311 0.406474668259 1.63413155354 2.00566998687 10.3715699816 0.366601223782 0.292064191635 0.815500761803 1.16416084803 0.375486150029 -9999.0 2.84946481463 2.33479246563 0.604440387238 -9999.0 -9999.0 -9999.0 -9999.0 -9999.0 -9999.0 -9999.0 -9999.0 -9999.0 -9999.0 -9999.0 -9999.0 -9999.0 -9999.0 -9999.0 -9999.0 -9999.0 -9999.0 -9999.0 -9999.0 -9999.0 -9999.0 -9999.0 -9999.0 -9999.0 -9999.0 -9999.0 -9999.0
-9999.0 -9999.0 -9999.0 -9999.0 -9999.0 -9999.0 0.603531103466 0.492623169624 0.460557831311 0.480244718096 0.48933664751 3.48180235497 7.21590990733 7.66875499213 7.99649985875 0.322740238825 11.0421337459 11.3502487319 0.676514555997 0.35704214659 1.50249542826 2.59497738974 0.373605951997 4.02268341346 0.363400632267 0.383444255221 0.387092879963 -9999.0 -9999.0 -9999.0 -9999.0 -9999.0 -9999.0 -9999.0 -9999.0 -9999.0 -9999.0 -9999.0 -9999.0 -9999.0 -9999.0 -9999.0 -9999.0 -9999.0 -9999.0 -9999.0 -9999.0 -9999.0 -9999.0 -9999.0 -9999.0 -9999.0 -9999.0 -9999.0
-9999.0 -9999.0 -9999.0 -9999.0 -9999.0 -9999.0 1.234170664 1.78904402291 3.91806703289 5.28422515776 0.393819889799 0.447326928538 0.408407995272 1.15930324665 9.46550720696 0.283598182531 11.6544791372 13.1535746484 1.15186853438 0.649914892606 2.90275594442 0.352455592755 4.3700219054 0.64432304972 0.321272192901 0.686549186695 0.774915175498 0.411755110398 0.465776073683 0.440317056428 0.51655734873 1.02879868399 -9999.0 -9999.0 -9999.0 -9999.0 -9999.0 -9999.0 -9999.0 -9999.0 -9999.0 -9999.0 -9999.0 -9999.0 -9999.0 -9999.0 -9999.0 -9999.0 -9999.0 -9999.0 -9999.0 -9999.0 -9999.0 -9999.0
-9999.0 -9999.0 -9999.0 -9999.0 -9999.0 0.75629353933 1.41132025713 0.650565134282 1.20078266282 5.85387629179 6.75734876123 7.66920251795 27.5224271601 0.398027798272 9.81809772244 40.9215603789 41.2261223967 55.0172258348 0.413053042052 0.946648704963 3.21256631998 0.304416302052 8.18119305587 3.47910560369 2.14194768997 1.80872430774 0.376216919433 1.24420674354 1.32796464304 0.879865105737 0.428756350617 1.47932622159 0.428757067713 0.41407449154 -9999.0 -9999.0 -9999.0 -9999.0 -9999.0 -9999.0 -9999.0 -9999.0 -9999.0 -9999.0 -9999.0 -9999.0 -9999.0 -9999.0 -9999.0 -9999.0 -9999.0 -9999.0 -9999.0 -9999.0
-9999.0 -9999.0 -9999.0 -9999.0 -9999.0 0.77888739596 2.21018875649 4.32760416157 4.93813761789 9.72072920145 10.2529298253 11.9812316551 19.4873454185 29.1744057881 30.0742699858 30.4737343737 0.603654109136 56.2275325195 56.9806172428 58.6303351411 71.3074550111 9.16174137359 8.54411678166 2.49384159382 0.349600576464 2.23526466513 1.56729734198 0.299264027866 1.68933028087 0.378632830468 0.919140289025 2.35148327158 2.76214732662 0.810628647291 0.379480108669 0.385793232478 -9999.0 -9999.0 -9999.0 -9999.0 0.528522346399 0.492496526771 -9999.0 -9999.0 -9999.0 -9999.0 -9999.0 -9999.0 -9999.0 -9999.0 -9999.0 -9999.0 -9999.0 -9999.0
-9999.0 -9999.0 -9999.0 -9999.0 -9999.0 0.729920276352 0.667236566996 2.90104354965 3.53650044117 4.20612472535 0.596038636505 1.16858852515 7.11541307426 1.31581241708 0.502354901011 0.395190460403 0.316195959942 0.443940282782 0.443437743101 0.387503491438 71.6442179271 72.596180104 0.311717265245 0.995760331833 0.693257220058 2.53921151244 0.611005707789 0.284405608847 2.04633521767 0.759822242746 1.98046443666 4.66726142506 4.33410764622 1.16792560611 1.10751458793 0.410992489575 0.407168859188 -9999.0 -9999.0 0.407513028813 1.0443662829 2.56551776607 0.517171228017 -9999.0 -9999.0 -9999.0 -9999.0 -9999.0 -9999.0 -9999.0 -9999.0 -9999.0 -9999.0 -9999.0
-9999.0 -9999.0 -9999.0 -9999.0 -9999.0 -9999.0 0.800202729311 0.795679667243 1.42759138868 2.10480235781 4.70263102351 5.9451631576 6.62625374347 0.773264457655 0.402008966277 6.24088715986 7.41478317756 7.75812617629 9.35154975826 9.68657629632 0.336819929859 72.9408448887 74.5687483455 1.29106695385 0.251254016899 2.81679263847 6.28962799393 2.60568770431 0.613239026279 0.323437599653 7.31913243698 5.02055904506 0.307741251475 0.312037520881 1.43484663115 1.19186511638 0.344453849497 0.30902232007 0.396029653639 0.789736982395 0.372658965858 3.11605769456 3.43637746168 0.28031571912 -9999.0 -9999.0 -9999.0 -9999.0 0.345741248565 0.314401531971 0.115280211749 -9999.0 -9999.0 -9999.0
-9999.0 -9999.0 -9999.0 -9999.0 -9999.0 -9999.0 -9999.0 0.724117467633 0.622394685784 1.3479164104 2.02361239585 0.624550364299 0.57356045117 3.52009331122 4.4752141814 5.46760299277 0.425326496189 0.862503303001 0.420399653494 10.0497536117 22.9873389245 23.4798329895 98.7921859048 0.318377366873 0.698529597886 0.211680138517 6.55738875097 0.286383323101 0.943962336945 0.303142559667 7.61803722623 7.9194293801 0.62350951685 0.624754657419 3.73416299397 1.91725075393 0.663362924306 0.347817984031 0.785900556654 1.17199367812 1.86093150526 0.303949020911 3.99090358804 4.2717534178 0.251806070973 0.277641006556 0.290763800701 0.253911570358 0.238053694226 0.908069757031 0.360850754767 0.207856116347 -9999.0 -9999.0
-9999.0 -9999.0 -9999.0 -9999.0 -9999.0 -9999.0 -9999.0 -9999.0 1.45096183216 2.01738502396 0.629267698113 1.30910623934 1.86769902875 3.04194558448 0.566330906829 0.529226352204 0.411143847364 0.415490864938 0.351095292963 12.1634904261 0.455435912319 0.866052507114 100.196506922 101.042172399 0.288463899479 1.27356701915 8.09405538169 0.584301788749 1.19746829825 0.525528008299 0.781393372984 9.06343840062 0.892580061562 5.24414692874 4.36560953979 0.340962314616 1.72235648048 0.710324520572 1.13106485156 0.338486990924 2.15576856232 2.72839343961 2.97509554329 3.20488823086 5.22685063157 0.485157212733 0.514624127977 0.456761618632 0.424807624247 1.11111785433 0.208241309255 0.784633974516 0.973136709065 -9999.0
-9999.0 -9999.0 -9999.0 -9999.0 -9999.0 -9999.0 -9999.0 -9999.0 0.737987948848 3.48298344619 4.08168809535 0.596639492698 1.13913115213 0.539508902738 0.459900567417 0.449799401868 5.89656080566 7.7469195821 9.59622147752 11.6240324776 0.456734946947 0.428954882803 0.375393596564 103.095153974 104.151540678 104.483136873 10.7550363896 2.33867734892 2.03910660892 0.226062250369 1.00779254444 10.3123536173 0.23921055157 5.49175398873 0.324112938146 2.33798840097 2.09906007456 0.352709524684 1.47567247535 0.678437644092 1.01097473211 0.264943934832 0.221668791411 3.43085980125 3.63619084436 5.43154547186 0.73633111731 0.664982202433 0.620912047495 1.33459546167 1.75828802909 0.211196562704 1.18017042186 0.25262009974
-9999.0 -9999.0 -9999.0 -9999.0 -9999.0 -9999.0 -9999.0 -9999.0 -9999.0 0.79800146414 4.76276406825 5.34864060719 1.69764476522 2.7666823721 3.69406524459 4.16658371482 0.496932337722 1.45396739303 0.968504951559 0.528110895774 0.494065224346 0.409365488552 0.786781995608 1.34752166631 0.465779693427 116.088974523 116.380440534 0.276132248118 0.194580005774 0.493259452731 0.744201213695 11.0323808914 0.47945645648 5.70140970968 3.5169631814 2.94821703047 0.328190572301 0.667126377889 1.77879733448 0.303103789607 1.30422579454 0.52783388332 0.350825598338 0.154236456331 4.15755039628 9.75625816787 0.887823802366 0.819116747868 0.793298543699 0.174052843407 1.93191977084 0.167844547313 1.56729228814 0.220070158627
-9999.0 -9999.0 -9999.0 -9999.0 -9999.0 -9999.0 -9999.0 -9999.0 -9999.0 -9999.0 0.582573377537 6.51830177234 0.548623941456 1.06970117313 1.50628939001 2.34169302392 0.427327370591 0.931385891453 0.445195990208 0.391828977945 0.362204494727 0.712072263203 0.30566985154 0.3239730499 0.645706378686 0.387630859203 116.757211397 117.352746259 118.171370071 0.976538105596 0.270170576479 0.538482863504 11.3236582148 10.5215931421 4.13039187899 0.301542009608 1.30273518957 0.981469639686 2.0830858611 0.60456853045 2.40935241099 0.800881951357 0.551976457199 0.130091824317 0.180889306809 9.98883428515 10.1905469482 12.062236005 1.34650716529 0.363634363537 2.12479774156 2.47967755508 4.21144947965 0.413570656163
-9999.0 -9999.0 -9999.0 -9999.0 -9999.0 -9999.0 -9999.0 -9999.0 -9999.0 -9999.0 -9999.0 0.401025303838 7.35068586061 0.568070870728 1.00647625236 4.19549291926 0.434518468935 0.424128198392 0.349709222095 0.785615237791 0.427761266957 1.54305839748 2.16380494437 2.43729764416 0.887226155697 1.11914352053 0.280188583341 0.362460225642 0.370332359461 119.80825429 120.628449168 11.5352467715 10.9574142034 10.7436379406 0.458744909798 0.218443766341 1.58270276402 4.23325753995 2.37127514291 0.887499433486 3.55369722393 1.21101457194 0.976264627222 0.255408979661 0.122585328348 0.0899989551179 0.103290647217 12.7486735729 14.7071786741 0.181292347601 0.161948888041 0.188086002898 4.41406841774 5.01707651583
-9999.0 -9999.0 -9999.0 -9999.0 -9999.0 -9999.0 -9999.0 -9999.0 -9999.0 -9999.0 -9999.0 0.354740286988 8.14562667239 9.85222696218 0.452608228718 5.08053682982 0.380882632509 0.351154118564 0.75124783922 1.95411063625 0.401639686886 0.438599456576 0.309970793622 3.04180350043 3.32439153784 4.76699061512 5.28319923271 5.5374164795 5.80309982679 6.06158528311 127.010045069 139.044104517 150.482527153 150.737113216 0.200568944716 0.240857341087 4.79686720589 4.51759127558 0.281349814447 0.282521672749 3.90439275503 5.37480679957 0.197241204308 2.7965681779 2.63068258086 0.68617427242 0.291074020995 0.51296665449 0.258643890206 15.097168325 0.195773490223 0.522169419409 0.664100868088 6.18980951239
-9999.0 -9999.0 -9999.0 -9999.0 -9999.0 -9999.0 -9999.0 -9999.0 -9999.0 -9999.0 -9999.0 0.681177406647 1.24846293514 10.3924472277 11.2569319949 0.422904925019 5.9625722435 0.309123156363 0.970158893295 2.29777772763 0.771731165054 0.366881747083 0.731608927049 0.25730303218 0.505265121355 0.277814469583 0.249612076398 0.205172702838 0.176182422817 0.141321284113 0.125774948535 0.185898232603 0.248903553154 0.338351273962 151.526877744 5.67903110982 5.19910684481 0.185920737626 0.796597382474 0.195304228097 0.233793704075 5.61101848487 9.12857931166 3.07166848178 2.36966413471 0.446349030981 0.178157914316 0.153624264916 0.342796615415 15.6468153235 16.0212520721 0.197614964497 0.202942551904 0.165045954152
-9999.0 -9999.0 -9999.0 -9999.0 -9999.0 -9999.0 -9999.0 -9999.0 -9999.0 -9999.0 -9999.0 -9999.0 0.502475265665 7.9862379301 19.7386809399 21.2425034816 27.6004866134 28.0878261788 5.25016030193 3.82321217002 1.14835863883 0.357744358854 1.4330634373 1.74976155018 2.54224889843 0.576443489015 0.521689667982 0.485033210096 0.932955396114 0.406079408593 0.378780977327 0.21696794927 0.158163779515 0.131072972852 151.762837275 157.6364784 157.954283354 0.193135922751 2.15461661977 0.97836847453 0.283943975621 9.97722692367 0.620681271444 0.327384064184 1.43224713047 0.279770570881 0.202074032194 0.392381697783 0.561521890967 0.758761854054 16.3280358381 0.143826462205 0.123170604016 0.123319351718
-9999.0 -9999.0 -9999.0 -9999.0 -9999.0 -9999.0 -9999.0 -9999.0 -9999.0 -9999.0 -9999.0 0.613687434309 6.21901881973 7.44203945776 1.04770719584 0.404589155304 0.875304167519 29.3466979903 29.7323490473 35.4653170219 0.319121352198 0.671683331111 0.28533205538 0.291491050532 2.82969202605 3.69230056243 4.47183354245 0.252257339582 1.18830461494 1.84323187359 1.07646404118 0.460893086515 0.352866048901 0.293749517452 0.303050919103 0.130634584345 158.165499845 158.329972743 160.788456629 0.421892650639 0.231253093028 10.2939042551 0.710071267299 0.359727665745 0.409320967602 0.404991798634 0.340493913297 0.576683394851 1.58691310228 2.55532017482 19.0350942651 0.107946330177 0.322789845751 0.218733483694
-9999.0 -9999.0 -9999.0 -9999.0 -9999.0 -9999.0 -9999.0 -9999.0 -9999.0 -9999.0 -9999.0 0.637354566203 4.51671154607 0.641258578703 0.499916207431 2.91690394649 3.3293956358 3.73135260173 4.10216632354 48.3822587291 48.7960180156 49.5471888477 54.6484976154 55.5462228513 56.0499316482 56.3501798057 61.4516139178 62.2275920022 62.5139014408 64.6587577259 66.0320166815 66.2773837194 67.0951911674 0.522989841454 0.476705311256 0.0937649350112 0.0736905783957 158.49345604 161.537165774 0.598589057945 12.116928073 11.8995072457 1.25808876401 0.285760374602 0.290235863316 0.272766068046 0.280978114537 0.567336975632 0.801224847175 0.227298575823 19.1782321732 19.3334796161 20.0052314961 20.1291014277
-9999.0 -9999.0 -9999.0 -9999.0 -9999.0 -9999.0 -9999.0 -9999.0 -9999.0 -9999.0 -9999.0 2.42495277282 3.17719656737 1.36108094563 1.95797667354 0.5819725651 6.75764763461 7.19516371352 8.06559025973 8.43807996427 2.81009844851 52.9784581482 53.3654602104 0.298641945182 0.204584909443 0.194415522488 0.41950027702 0.220001106294 0.167492820442 0.156262704804 0.162262300075 66.5159287992 67.3435475794 68.1433051252 68.8529984615 69.179786746 0.13222271564 0.036399600508 174.174503672 12.4933076802 12.356660383 0.26929019764 0.219528661662 0.191691052814 0.487581163397 0.470913115843 0.216933027639 0.222157838814 0.209091432089 0.435417754095 0.570553321853 0.107765714038 0.198248666284 0.0646007543611
-9999.0 -9999.0 -9999.0 -9999.0 -9999.0 -9999.0 -9999.0 -9999.0 -9999.0 -9999.0 -9999.0 -9999.0 1.65614606825 0.732589902968 0.614977073372 5.87030027445 6.33929397793 0.469166680466 1.78823804795 2.19382521048 2.52067485878 0.410752407105 0.273516932634 7.91120532873 8.13297663045 8.34078912621 21.6807682888 21.8430931788 22.1553723608 23.989784022 24.8997156429 25.032086501 0.151847372037 0.162630384908 0.146282732045 69.4328349654 0.0818011753863 176.207284048 176.026067103 1.73241981249 1.56703401544 0.9580972363 0.231800025806 0.382940324058 0.686053603076 0.670550704372 0.414406582109 0.209459855877 0.412809346796 0.431074007123 0.763313694309 0.130013683682 0.33265115016 0.527957694671
