data/baseflow/History/mHMbfrc274
ncols                  80
nrows                 72
xllcorner      4374000.0
yllcorner      5656000.0
cellsize            500
NODATA_value       -9999
[rows 24 to 47 of 72, columns 0 to 53 of 80]
-9999.0 -9999.0 -9999.0 -9999.0 -9999.0 -9999.0 -9999.0 -9999.0 -9999.0 -9999.0 -9999.0 -9999.0 0.938457374059 2.51135081148 3.26231778442 5.47570982127 0.583163627133 1.21027422236 1.79351780634 7.3026091328 7.83498380625 8.34180159865 8.75510125786 9.14501670201 13.8198041806 14.9969353563 15.6939583597 0.326956571393 1.61823049467 1.96069435901 30.0229015401 31.4893278911 32.3004236237 33.1511219289 33.7001025297 125.161597355 0.0557761879689 235.042617628 0.318053556295 0.18270450915 2.55107019008 2.17754891187 0.360307928534 1.13699513117 1.73716624897 1.69530071945 1.17016156346 1.9208856282 3.03964093756 1.14698373842 2.81939049812 0.263087393737 0.442513684246 0.0787095098727
-9999.0 -9999.0 -9999.0 -9999.0 -9999.0 -9999.0 -9999.0 -9999.0 -9999.0 -9999.0 -9999.0 -9999.0 0.847542703514 1.67544796309 0.766950686258 1.51646703199 0.611067219769 4.98221804674 6.14134935459 6.75158228431 0.560323148429 1.10294751461 10.5165007918 13.0962766389 13.5081338768 0.830949717204 0.70254363159 1.0449563094 0.291436819296 0.261982158681 0.501133301224 0.201341808201 15.6637623831 15.9083738441 15.9910081164 125.32203458 236.210309204 235.146331884 0.27563602898 0.158874939002 0.151128498976 0.758920640694 0.622388371819 1.49010576097 2.09280148085 4.16469994944 0.374930725209 0.371185990256 3.38440974908 3.7490108932 7.16406097874 7.32911423218 7.84698211036 7.98841608422
-9999.0 -9999.0 -9999.0 -9999.0 -9999.0 -9999.0 -9999.0 -9999.0 -9999.0 -9999.0 -9999.0 -9999.0 -9999.0 0.763387909641 1.54926545936 2.35181720402 3.6765853465 0.689048550942 0.602704602945 4.0734725169 4.63023766201 9.40931183806 10.0344458872 1.71773963729 0.510474862554 0.39613628685 0.337052575162 14.1800886327 14.4465100987 14.7348115958 14.9894730621 15.4242097506 2.70968952967 2.81241182091 18.8718914958 380.489001068 0.935835042005 0.734711290811 0.417248624057 0.125689169648 0.121704783859 1.02676385247 1.10801178856 1.74621860951 0.141786818922 4.36715022151 0.664608498602 0.651583229474 0.14366093131 0.0815124490435 0.06265656769 0.0502653628935 0.0639263143341 8.05898194983
-9999.0 -9999.0 -9999.0 -9999.0 -9999.0 -9999.0 -9999.0 -9999.0 -9999.0 -9999.0 -9999.0 -9999.0 -9999.0 -9999.0 0.730402819027 1.31909518595 1.81290523576 2.27950375077 2.87696911178 3.50664512263 1.80191882706 3.07388430531 0.599782742456 0.546644329345 11.9247238924 12.9635258818 13.4389780107 13.9082732043 0.309597569058 0.559588087729 1.68851656033 2.06727186985 2.44076873417 0.150149987454 0.0650767475144 380.834409011 0.166327272157 0.219190785077 0.112573865981 0.456845594423 0.23064230491 0.0949008555231 2.94883073132 3.01112358865 0.0577343299691 4.42762630023 5.16028850959 0.715404472688 99.2818431734 99.0843099026 98.9401850763 98.7059156224 98.6214063291 96.9565409502
-9999.0 -9999.0 -9999.0 -9999.0 -9999.0 -9999.0 -9999.0 -9999.0 -9999.0 -9999.0 -9999.0 -9999.0 -9999.0 -9999.0 0.160309880801 0.332203249379 0.494940191097 4.98257956908 5.58140665729 0.622163247082 0.61407118173 0.627535591458 9.66073102939 10.8873743336 0.599638556821 0.597889687396 0.4404363282 1.8935566889 2.37817267165 1.03568345236 1.42040850911 11.2308381634 11.6296632564 12.0871867813 18.9715169031 399.905030303 0.138615430155 0.0862219014463 0.65811336479 0.565127269859 0.0794042597513 0.263627125807 0.351408928679 3.09062142354 3.15330915371 8.46972400966 5.20239370151 0.816396037492 100.90118267 0.487969190087 98.822744011 98.767626418 1.57495717178 0.097100123676
-9999.0 -9999.0 -9999.0 -9999.0 -9999.0 -9999.0 -9999.0 -9999.0 -9999.0 -9999.0 -9999.0 -9999.0 -9999.0 -9999.0 0.772369778292 1.28172785953 2.54513433581 4.42490013582 6.01809752966 7.26231406622 7.86450774784 8.4986297452 9.12630963133 0.588626625211 0.514347739724 0.998285028407 0.938983301528 0.511191255288 9.6590679403 10.1233520436 10.5628235489 10.977746382 6.37471822243 6.62661349698 6.81054868588 399.992475745 0.281613748519 0.178634701663 0.952491559816 0.112876182553 0.159865088812 0.0803431608505 0.0824055016427 0.425894773242 0.0533356699605 0.0549285972888 109.630249804 101.127660707 101.079645851 0.205018021009 0.436554960626 0.289088744553 0.070660866449 1.42514346752
-9999.0 -9999.0 -9999.0 -9999.0 -9999.0 -9999.0 -9999.0 -9999.0 -9999.0 -9999.0 -9999.0 -9999.0 -9999.0 -9999.0 0.526238154899 0.500193404072 0.990553519206 1.46916370065 0.676114201393 0.775970141606 1.43374837248 2.06548663018 3.27022966707 3.85444836822 4.33157968581 5.84313056716 6.30534492957 6.85107936925 0.480640833554 4.67785477744 5.11566530489 5.575669547 0.421994418515 0.274877390814 0.438201063803 407.203594595 407.282421494 407.689386205 1.31720880412 0.253068904571 0.214685500015 0.0706209609674 0.145426178377 0.490357246554 0.597036616679 0.0995896446018 109.847765622 0.062320493065 0.0982698112523 0.112256884716 0.075545667835 0.163503556652 0.0683371023629 0.946868859244
-9999.0 -9999.0 -9999.0 -9999.0 -9999.0 -9999.0 -9999.0 -9999.0 -9999.0 -9999.0 -9999.0 -9999.0 -9999.0 -9999.0 -9999.0 0.48000947552 0.929666764712 0.414141526117 0.865068734271 5.47926547841 5.98235925969 6.55254034061 0.597875872895 0.595221112312 1.06951112932 1.58722148866 2.46147792179 2.94339416 3.29662172305 3.74149575838 0.378080964424 0.372589709974 6.10422036668 6.3742053572 6.53149013395 6.68059613694 5.72301512829 414.006165769 416.1149091 416.202230946 416.479832022 416.844082078 416.990472979 0.0441245850384 0.646254053229 109.876557601 0.0858444309871 0.0439656358168 0.0422342881881 0.0450580909042 0.0856441310159 0.101689244248 0.0598867014025 0.0944136845971
-9999.0 -9999.0 -9999.0 -9999.0 -9999.0 -9999.0 -9999.0 -9999.0 -9999.0 -9999.0 -9999.0 -9999.0 -9999.0 -9999.0 -9999.0 -9999.0 1.37777669618 1.80130516461 3.13058626846 4.1598753218 0.561854990694 7.81256992406 8.38081832702 8.87948683435 0.493678372611 0.962135312801 0.415744397085 3.25412712395 3.57254979606 4.0015418207 4.43185633441 5.52769264752 5.77256415589 0.153029536612 5.16261428309 5.4514170062 5.5851460362 6.22584885677 0.70193980611 0.398669455099 0.215815790788 0.210520852586 417.086983785 417.096883823 418.017177654 109.898035025 0.253596959654 0.137598930549 0.0866855155747 0.0355613911172 0.300138120898 0.169451069487 0.0522691614632 0.298624992958
-9999.0 -9999.0 -9999.0 -9999.0 -9999.0 -9999.0 -9999.0 -9999.0 -9999.0 -9999.0 -9999.0 -9999.0 -9999.0 -9999.0 -9999.0 -9999.0 0.440755900646 2.24462952073 2.71989426721 0.569992932346 0.617142683264 1.29575641618 1.90269438444 11.3054361385 0.488539446071 1.97434704895 2.4165063737 2.85034896662 0.325413086105 0.714785138605 1.00913876816 3.98112873417 4.56532165881 4.71544841621 0.160735076994 0.148550639939 0.189882354005 0.360488122073 0.163303357654 0.15989931183 0.134295729923 0.173954254886 0.151327001108 0.276648112018 418.037959419 528.025514175 0.295617076362 0.0721990196028 0.0336284363458 0.980484886206 0.902362904442 0.548748289741 0.495112926549 0.375106004696
-9999.0 -9999.0 -9999.0 -9999.0 -9999.0 -9999.0 -9999.0 -9999.0 -9999.0 -9999.0 -9999.0 -9999.0 -9999.0 -9999.0 -9999.0 0.391175184599 1.20178077386 0.376580718842 0.626640571527 0.667228960802 1.29178727205 1.91694541721 2.42193258202 14.0839291216 14.5367755645 0.473304221717 0.907697663976 1.35180368862 1.73546446645 2.14843980011 3.54687638798 3.80891446472 0.397916891622 0.236873763096 0.158280367696 0.0830235416289 0.122040598409 0.166166284616 0.157615070626 0.284171179784 0.427533895711 0.223984406472 0.04230568361 0.040382194177 0.0483997055362 0.0913194239456 531.514678703 3.14550568347 1.13700138115 0.082920749439 0.0380322473244 0.030379236533 0.119895940233 0.0872249500614
-9999.0 -9999.0 -9999.0 -9999.0 -9999.0 -9999.0 -9999.0 -9999.0 -9999.0 -9999.0 -9999.0 -9999.0 -9999.0 -9999.0 0.420247642552 0.796717903669 2.72418439585 0.324356813887 1.05457939375 1.68207918729 2.2566877124 0.622169228756 1.14456514456 1.57909128964 16.4403176867 0.43202749149 0.822456381134 1.24305468722 0.42139272619 0.838655657801 1.19378233137 1.44791070303 29.3164153249 29.7201518583 30.0150679213 31.1259009748 31.5072667181 32.2985100738 0.201376877903 0.53583017783 0.482619320961 34.4557193986 34.5363921717 0.037167963856 0.0737153104933 0.108473350742 531.497766847 2.96751304038 1.72868101507 1.68037724403 1.09131371478 0.848614179497 0.158840661834 0.0356960849728
-9999.0 -9999.0 -9999.0 -9999.0 -9999.0 -9999.0 -9999.0 -9999.0 -9999.0 -9999.0 -9999.0 -9999.0 -9999.0 -9999.0 0.440313000541 1.31801543984 4.47379415192 6.62077157755 0.280300855113 8.42757465223 11.0337767529 0.554052525547 1.058681789 1.51846877555 20.7814466388 21.0933360516 0.274759189966 1.8054812673 2.10429387859 2.45872117354 26.5436416038 27.2985372821 27.6296756818 0.149909203867 0.855214916228 1.00604349686 0.361447104395 0.483119012471 33.0308967523 33.7613412507 33.8493937063 33.9295389868 34.6282882138 0.046159512292 0.0427393478776 0.184567764426 531.485718592 0.0544609193461 0.182682575085 0.549468702009 0.206963797647 0.783769965045 0.518625333312 0.30943586562
-9999.0 -9999.0 -9999.0 -9999.0 -9999.0 -9999.0 -9999.0 -9999.0 -9999.0 -9999.0 -9999.0 -9999.0 -9999.0 -9999.0 -9999.0 -9999.0 0.906814021768 1.7957993627 7.74720390856 8.14513216918 11.3734726794 11.7261179033 0.562966754653 1.12726523711 2.52772653864 21.3371175591 21.8822490675 22.0806649551 0.17262995085 22.9375074874 23.7302740743 0.457447199236 0.152675156499 0.30213702188 0.579022381905 0.141598649954 0.266419439282 0.558089485865 0.666242259523 0.125653060687 0.0831175229997 0.15529396499 35.3236550755 35.5227413185 35.5565871169 35.8486600927 531.469765911 0.0381078726346 0.13234856284 0.156575597476 0.151637331882 0.155364755121 0.13854786179 0.260829229349
-9999.0 -9999.0 -9999.0 -9999.0 -9999.0 -9999.0 -9999.0 -9999.0 -9999.0 -9999.0 -9999.0 -9999.0 -9999.0 -9999.0 -9999.0 -9999.0 0.467637739739 0.450640355555 0.422578532718 0.769119415293 0.31655291459 12.3673425723 12.6911767125 0.466411637089 0.962894182106 0.367294436352 0.273669860479 0.259037764063 22.569880769 0.257108266383 0.547874931617 0.236734792838 0.172619726367 0.13608895815 0.104436237868 0.109876477096 0.348085747585 0.482757717861 0.0918882177591 0.0764252924477 0.170710584789 0.292151598502 0.449957450893 0.140963342513 35.6272943509 35.8822792667 531.443614822 0.389278390709 0.310568136132 0.100791374755 0.235696144992 0.0858823798735 0.0716237844748 0.338392758295
-9999.0 -9999.0 -9999.0 -9999.0 -9999.0 -9999.0 -9999.0 -9999.0 -9999.0 -9999.0 -9999.0 -9999.0 -9999.0 -9999.0 -9999.0 -9999.0 -9999.0 -9999.0 0.445820411458 1.1513763221 1.45814708038 1.77088047639 13.0134945571 13.3623477826 13.6858161167 14.0153263205 14.2639974604 14.7929171836 15.0193323851 15.2623660384 15.444828915 0.140839455542 0.136709290222 0.14041271279 0.472547060706 0.12629380841 0.123735519862 0.0923686985142 0.273069174481 0.106942446425 0.0818299141971 0.07500773969 0.0627599570207 0.12518134771 0.18608116731 36.2593766624 568.066725771 0.0383084567946 0.0678493694886 0.0832062366013 0.326003077169 0.18245341989 0.143868562146 0.629076589276
-9999.0 -9999.0 -9999.0 -9999.0 -9999.0 -9999.0 -9999.0 -9999.0 -9999.0 -9999.0 -9999.0 -9999.0 -9999.0 -9999.0 -9999.0 -9999.0 -9999.0 -9999.0 -9999.0 0.345715102433 2.92927716979 5.47057393131 5.77690533843 0.514256760403 1.003132702 1.49294504236 1.8535742455 4.43545863417 4.58664654897 0.143571824076 0.15055854883 15.7385070592 16.006812355 16.1294042332 0.555923603198 0.0617832163014 0.166011599494 0.249123618437 0.801633304546 1.00441924342 1.16118861042 0.14188868619 0.197861741354 0.0682932872083 0.13830587466 0.0729435482388 568.135222952 0.0277689263373 0.126555998319 0.110263038 0.46498292097 0.80038052226 0.963859851118 1.61408502002
-9999.0 -9999.0 -9999.0 -9999.0 -9999.0 -9999.0 -9999.0 -9999.0 -9999.0 -9999.0 -9999.0 -9999.0 -9999.0 -9999.0 -9999.0 -9999.0 -9999.0 -9999.0 0.406822572943 1.33101654243 2.5888312133 3.35775714569 8.16128196392 8.56638493206 1.04401953369 1.55060715154 1.99393122734 2.33777284906 4.78347311997 5.09239019936 9.55172913513 9.96134737448 10.0865282822 16.2300362159 17.0043500372 0.149030951923 0.109824332691 0.101048315832 0.194378839612 0.093170363188 1.35520272782 1.42989788044 0.261858276602 0.348931996014 0.0605006304626 108.332700335 108.479417668 676.611100379 676.715074006 0.0358154929201 0.541038606185 0.0484203612773 0.0383375622189 1.70184237425
-9999.0 -9999.0 -9999.0 -9999.0 -9999.0 -9999.0 -9999.0 -9999.0 -9999.0 -9999.0 -9999.0 -9999.0 -9999.0 -9999.0 -9999.0 -9999.0 -9999.0 -9999.0 -9999.0 0.48930491188 0.473792441183 0.868839763104 2.03998786369 8.93902712039 0.541942588228 0.533165183299 0.949869500731 1.40099427812 3.51418239472 3.82919901045 0.323098224712 0.283551805036 10.2640479906 10.3510397422 27.4516159883 27.5280157567 0.0509472856162 0.0444377849896 0.0391813460584 0.0395609420909 0.0516816153804 106.831057821 107.291786965 107.758495846 107.948684965 108.265026088 0.0844444607258 0.3030450053 0.347868417448 677.107013754 677.063777766 677.057927798 677.084429911 677.136283801
-9999.0 -9999.0 -9999.0 -9999.0 -9999.0 -9999.0 -9999.0 -9999.0 -9999.0 -9999.0 -9999.0 -9999.0 -9999.0 -9999.0 -9999.0 -9999.0 -9999.0 -9999.0 -9999.0 -9999.0 0.413829757349 0.443633377512 0.809251633837 10.5113282046 10.8572965434 0.515342312322 0.930133732609 1.39709762491 1.84818346317 0.399888489569 0.695774689011 24.7835493099 24.898283339 25.0732834026 26.2389637272 53.9094781266 104.08600912 104.222382818 104.346936023 104.4695932 105.119482381 105.334232624 0.399355569531 0.172583301583 0.110499069435 0.20578662077 0.149478801999 0.240745563675 0.0770839548191 1.60751509095 1.73757878209 1.83987911896 1.86385549095 677.094798233
-9999.0 -9999.0 -9999.0 -9999.0 -9999.0 -9999.0 -9999.0 -9999.0 -9999.0 -9999.0 -9999.0 -9999.0 -9999.0 -9999.0 -9999.0 -9999.0 -9999.0 -9999.0 -9999.0 -9999.0 -9999.0 0.424476409585 0.810408005069 1.20017350973 11.1791752979 0.340123112532 15.2381565625 15.7119138727 16.1020990039 16.4118596507 23.4996826832 23.8157788878 0.120000702968 0.837270016445 1.00046905189 0.124659842556 50.051979909 49.8133427512 0.0804841542644 0.189264858099 0.526240963862 0.120143328403 0.127698149188 0.0854228994913 0.0728847464175 0.0551158224675 0.0684316653758 1.38359187631 1.45948528672 1.55290501677 0.0928226803986 0.0761318331223 1.90704349562 1.93541256646
-9999.0 -9999.0 -9999.0 -9999.0 -9999.0 -9999.0 -9999.0 -9999.0 -9999.0 -9999.0 -9999.0 -9999.0 -9999.0 -9999.0 -9999.0 -9999.0 -9999.0 -9999.0 -9999.0 -9999.0 -9999.0 0.373115875601 0.350042227795 1.83256778012 13.7421259967 14.4540546492 14.836324211 0.373975070919 6.13964649718 6.55406615624 6.7752252746 0.296246628595 0.441088939772 0.543800065826 10.9818584282 11.0832088961 11.17551077 49.6489038424 31.2596259862 0.104187524554 0.114896771533 0.109558934989 0.0837839780237 0.828323639454 0.996734248502 1.1422799206 1.22745814132 1.30901014002 10.6624922889 10.7226640542 10.8258476737 11.1000775919 11.8235474049 11.8470659736
-9999.0 -9999.0 -9999.0 -9999.0 -9999.0 -9999.0 -9999.0 -9999.0 -9999.0 -9999.0 -9999.0 -9999.0 -9999.0 -9999.0 -9999.0 -9999.0 -9999.0 -9999.0 -9999.0 -9999.0 -9999.0 -9999.0 0.733643782287 1.13229943157 0.373060921875 0.525196461354 4.84151030201 5.21412831343 5.46505227528 2.1278516392 2.41863672061 2.70741461379 2.8560667972 10.7600572951 10.9103212614 6.91545086403 18.2034817173 18.305658719 31.1807997157 0.212923840772 0.110512999731 0.0729739454312 0.56432580208 0.666520698845 0.0574391461581 0.0522371200418 10.4023061074 10.5394140689 10.6070654169 0.116405077643 0.195749908965 11.7549800042 0.0408694683985 0.167730026033
-9999.0 -9999.0 -9999.0 -9999.0 -9999.0 -9999.0 -9999.0 -9999.0 -9999.0 -9999.0 -9999.0 -9999.0 -9999.0 -9999.0 -9999.0 -9999.0 -9999.0 -9999.0 -9999.0 -9999.0 -9999.0 -9999.0 0.372673615667 0.733682032301 3.03647490094 3.43754059779 3.8661374745 1.57691189775 1.86165404745 0.283040308139 7.28848082036 7.54388992101 7.77805098933 0.160670127326 6.64166796801 6.8008862185 0.11295700052 30.6263813007 0.246097807599 0.123659674502 0.301319162605 0.41224351208 0.0813495683859 0.0641866926414 9.70981253146 10.2819184243 10.3625265308 0.0876327733919 0.185347616296 0.232177631327 0.272509775173 0.553869777767 0.0626797979526 0.137601190833
