data/baseflow/History/mHMbfrc442
ncols                  80
nrows                 72
xllcorner      4374000.0
yllcorner      5656000.0
cellsize            500
NODATA_value       -9999
[rows 0 to 23 of 72, columns 0 to 52 of 80]
-9999.0 -9999.0 -9999.0 -9999.0 -9999.0 -9999.0 -9999.0 -9999.0 -9999.0 -9999.0 -9999.0 -9999.0 0.343191092185 0.450679531 -9999.0 -9999.0 -9999.0 -9999.0 -9999.0 -9999.0 -9999.0 -9999.0 -9999.0 -9999.0 -9999.0 -9999.0 -9999.0 -9999.0 -9999.0 -9999.0 -9999.0 -9999.0 -9999.0 -9999.0 -9999.0 -9999.0 -9999.0 -9999.0 -9999.0 -9999.0 -9999.0 -9999.0 -9999.0 -9999.0 -9999.0 -9999.0 -9999.0 -9999.0 -9999.0 -9999.0 -9999.0 -9999.0 -9999.0
-9999.0 -9999.0 -9999.0 -9999.0 -9999.0 -9999.0 -9999.0 -9999.0 -9999.0 -9999.0 -9999.0 -9999.0 0.726690267326 1.89374521902 0.370789030664 -9999.0 0.41906573407 -9999.0 -9999.0 -9999.0 -9999.0 -9999.0 -9999.0 -9999.0 -9999.0 -9999.0 -9999.0 -9999.0 -9999.0 -9999.0 -9999.0 -9999.0 -9999.0 -9999.0 -9999.0 -9999.0 -9999.0 -9999.0 -9999.0 -9999.0 -9999.0 -9999.0 -9999.0 -9999.0 -9999.0 -9999.0 -9999.0 -9999.0 -9999.0 -9999.0 -9999.0 -9999.0 -9999.0
-9999.0 -9999.0 -9999.0 -9999.0 -9999.0 -9999.0 -9999.0 -9999.0 -9999.0 -9999.0 0.328808169958 0.297409847861 0.339678680006 0.343733393045 2.49355430304 2.805487658 1.16781589042 0.384790858136 -9999.0 -9999.0 -9999.0 -9999.0 -9999.0 -9999.0 -9999.0 -9999.0 -9999.0 -9999.0 -9999.0 -9999.0 -9999.0 -9999.0 -9999.0 -9999.0 -9999.0 -9999.0 -9999.0 -9999.0 -9999.0 -9999.0 -9999.0 -9999.0 -9999.0 -9999.0 -9999.0 -9999.0 -9999.0 -9999.0 -9999.0 -9999.0 -9999.0 -9999.0 -9999.0
-9999.0 -9999.0 -9999.0 -9999.0 -9999.0 -9999.0 -9999.0 -9999.0 -9999.0 0.288175982781 0.632510839452 1.25082839976 0.633898350948 0.299370775271 0.593030698125 3.07303663007 4.95595896255 0.366052349292 -9999.0 0.325708903779 -9999.0 -9999.0 -9999.0 -9999.0 0.806604239897 0.427897695833 -9999.0 -9999.0 -9999.0 -9999.0 -9999.0 -9999.0 -9999.0 -9999.0 -9999.0 -9999.0 -9999.0 -9999.0 -9999.0 -9999.0 -9999.0 -9999.0 -9999.0 -9999.0 -9999.0 -9999.0 -9999.0 -9999.0 -9999.0 -9999.0 -9999.0 -9999.0 -9999.0
-9999.0 -9999.0 -9999.0 -9999.0 -9999.0 -9999.0 -9999.0 -9999.0 0.397270126373 1.0238863822 1.30682117983 1.60136769515 2.1787476978 0.272719721255 1.12470438656 1.38059885971 6.87004435348 0.223227311667 0.203905704255 0.579532698096 0.825322340181 0.266711808707 -9999.0 1.89669397126 1.56678734864 0.381718698972 -9999.0 -9999.0 -9999.0 -9999.0 -9999.0 -9999.0 -9999.0 -9999.0 -9999.0 -9999.0 -9999.0 -9999.0 -9999.0 -9999.0 -9999.0 -9999.0 -9999.0 -9999.0 -9999.0 -9999.0 -9999.0 -9999.0 -9999.0 -9999.0 -9999.0 -9999.0 -9999.0
-9999.0 -9999.0 -9999.0 -9999.0 -9999.0 -9999.0 0.372834784889 0.306716009352 0.287285867161 0.301542148282 0.325848767384 2.27789434307 4.77868567937 5.08585301065 5.32619957164 0.246157280719 7.36469587013 7.59372263646 0.467214042118 0.254063916101 1.06355436178 1.84058926991 0.27217504805 2.68810530427 0.239398474191 0.244295460686 0.249093688944 -9999.0 -9999.0 -9999.0 -9999.0 -9999.0 -9999.0 -9999.0 -9999.0 -9999.0 -9999.0 -9999.0 -9999.0 -9999.0 -9999.0 -9999.0 -9999.0 -9999.0 -9999.0 -9999.0 -9999.0 -9999.0 -9999.0 -9999.0 -9999.0 -9999.0 -9999.0
-9999.0 -9999.0 -9999.0 -9999.0 -9999.0 -9999.0 0.764805344138 1.11084274246 2.45855731465 3.312597226 0.255439770741 0.289451155856 0.274374991918 0.774018195924 6.31942138414 0.20265947261 7.80832800957 8.86724612441 0.802274900331 0.463249912389 2.05630001999 0.251109459519 2.92447300874 0.451642653073 0.216523146273 0.437391069728 0.493061592684 0.264449169972 0.289746303676 0.271631094561 0.317887158819 0.631829292572 -9999.0 -9999.0 -9999.0 -9999.0 -9999.0 -9999.0 -9999.0 -9999.0 -9999.0 -9999.0 -9999.0 -9999.0 -9999.0 -9999.0 -9999.0 -9999.0 -9999.0 -9999.0 -9999.0 -9999.0 -9999.0
-9999.0 -9999.0 -9999.0 -9999.0 -9999.0 0.470737203166 0.883833492972 0.410118213012 0.768611645802 3.68650611645 4.28530991795 4.88429144404 17.688049278 0.262158242295 6.56936162166 26.753758503 26.9774389409 36.3161427454 0.300014304817 0.668116546721 2.27314978143 0.212544522014 5.48940907992 2.33988788333 1.41936068652 1.18128733638 0.241512793988 0.780131716478 0.822159568629 0.543783984488 0.256563653188 0.902494465275 0.248244789615 0.237989403502 -9999.0 -9999.0 -9999.0 -9999.0 -9999.0 -9999.0 -9999.0 -9999.0 -9999.0 -9999.0 -9999.0 -9999.0 -9999.0 -9999.0 -9999.0 -9999.0 -9999.0 -9999.0 -9999.0
-9999.0 -9999.0 -9999.0 -9999.0 -9999.0 0.482299370733 1.37722245172 2.70806036464 3.10303400239 6.16386291837 6.51465488735 7.66709700511 12.5605673665 18.8130487159 19.4515426415 19.740915674 0.44045238172 37.1989425173 37.7383286534 38.913951207 47.5630595406 6.16659823381 5.73520362165 1.65617801982 0.226111071487 1.40683680921 0.978956334263 0.177608052614 1.03928885265 0.220010986882 0.532511798086 1.3883289663 1.62031604375 0.46035846929 0.210067099345 0.207881626638 -9999.0 -9999.0 -9999.0 -9999.0 0.332411774119 0.312155003 -9999.0 -9999.0 -9999.0 -9999.0 -9999.0 -9999.0 -9999.0 -9999.0 -9999.0 -9999.0 -9999.0
-9999.0 -9999.0 -9999.0 -9999.0 -9999.0 0.450891839151 0.419257754712 1.83887495492 2.25317372322 2.6916684259 0.399571203007 0.780698477809 4.62926884528 0.898585532909 0.358659175837 0.27988488761 0.231394739008 0.320579489171 0.31281068212 0.288094542815 47.8016289568 48.4424004909 0.206552944305 0.646234369199 0.446838520897 1.61005814978 0.375806973233 0.171076777968 1.25388079842 0.435146886889 1.13919417969 2.71007658818 2.51000169069 0.66144545592 0.599572218475 0.224712486377 0.215965947006 -9999.0 -9999.0 0.210315229841 0.625997297609 1.59346569446 0.329967008855 -9999.0 -9999.0 -9999.0 -9999.0 -9999.0 -9999.0 -9999.0 -9999.0 -9999.0 -9999.0
-9999.0 -9999.0 -9999.0 -9999.0 -9999.0 -9999.0 0.501567979918 0.510369237989 0.914186729978 1.34789586589 3.04258617904 3.861145474 4.29523964685 0.518958006299 0.271281246371 4.13403374424 4.9666300524 5.20473918027 6.30323187407 6.53110288897 0.226400610914 48.6731882576 49.7393442025 0.849145640412 0.172030868523 1.78524447117 3.90471934053 1.58919526425 0.350676202785 0.185436042787 4.22698231366 2.90856566785 0.167778385762 0.175188337503 0.782833120533 0.638088412491 0.177746029004 0.157186452967 0.199012551008 0.401573718878 0.181920014969 1.9223393628 2.07911272949 0.137122918663 -9999.0 -9999.0 -9999.0 -9999.0 0.165650379876 0.149619852761 0.0523406485538 -9999.0 -9999.0
-9999.0 -9999.0 -9999.0 -9999.0 -9999.0 -9999.0 -9999.0 0.461454494209 0.404190832215 0.871792324916 1.32087952804 0.411203330728 0.370274790274 2.3006606595 2.93710669973 3.61143086479 0.305812084196 0.586504250779 0.297644613735 6.78279712253 15.0558907825 15.3627394808 65.5624678769 0.206020173669 0.471265744573 0.142403250603 4.07941876572 0.170616950899 0.541593930579 0.173803030434 4.39213896506 4.55911238468 0.341532293063 0.344312685529 2.0034034716 1.01760505965 0.358998864804 0.184716365656 0.393991093498 0.592549067722 0.926682232144 0.145145588072 2.33848372366 2.4520110979 0.0953827943226 0.104961385481 0.114926179406 0.0962298731467 0.0886919179042 0.424330737944 0.159384932609 0.0931781585421 -9999.0
-9999.0 -9999.0 -9999.0 -9999.0 -9999.0 -9999.0 -9999.0 -9999.0 0.887274062613 1.2481081065 0.404296252452 0.844490014627 1.21673145575 1.99155201252 0.386903320205 0.352857593075 0.269125524292 0.271440490726 0.226548281129 7.76036472782 0.30046741906 0.567189392101 66.4130777394 66.750298007 0.0881805403286 0.65353168247 4.86217165548 0.340873775187 0.681349666493 0.289484317106 0.435981440969 5.17971392861 0.484112385527 2.79063084975 2.31207259739 0.161838525814 0.895541718908 0.364218459682 0.559846269983 0.166246211783 1.08358991712 1.35017127422 1.44136499363 1.52441229856 2.80115873631 0.176939489436 0.19436354752 0.165944206883 0.151151771497 0.506732190269 0.0939668009153 0.346351958929 0.422009377612
-9999.0 -9999.0 -9999.0 -9999.0 -9999.0 -9999.0 -9999.0 -9999.0 0.470128871451 2.16922348294 2.55108345281 0.380147638943 0.731131797821 0.348632452073 0.297712609588 0.291145847782 3.79130955412 4.95038824064 6.11016804064 7.41835351013 0.293187689957 0.280476055475 0.180610139528 67.7906446052 68.1992027024 68.293880512 6.2889621438 1.31850064402 1.16685212057 0.123928747233 0.546578195435 5.85343062395 0.114386869596 2.91819613328 0.163666918691 1.20579594322 1.07622679319 0.174022551072 0.725829173177 0.329606144372 0.485261037721 0.117768937224 0.0794715479361 1.60563542144 1.67650055403 2.87178426207 0.272790509725 0.238120046498 0.219879817501 0.608807276086 0.800634614889 0.0957586377306 0.511393622579
-9999.0 -9999.0 -9999.0 -9999.0 -9999.0 -9999.0 -9999.0 -9999.0 -9999.0 0.499644995773 2.98288290048 3.34580170672 1.08162153426 1.76790497474 2.36264302673 2.66285985622 0.321681824337 0.895086682018 0.607432385791 0.343474330054 0.313766786159 0.249676509393 0.460381543093 0.734443782504 0.18935920251 74.9027366614 74.982894805 0.07776194498 0.0790639732272 0.269722236516 0.40359341998 6.22530169965 0.241730417187 3.02192990527 1.77504439481 1.49371801884 0.155187379979 0.3217709899 0.864236273109 0.138686939194 0.615902538085 0.24284578088 0.122446469626 0.0487663033944 1.84380048389 4.76840193427 0.319520869824 0.286522471192 0.290338321464 0.0749648782539 0.875227914961 0.0717535576012 0.677750422184
-9999.0 -9999.0 -9999.0 -9999.0 -9999.0 -9999.0 -9999.0 -9999.0 -9999.0 -9999.0 0.369632032939 4.08788404908 0.343753599368 0.675342790401 0.949825597758 1.45649101977 0.25311228246 0.552232219299 0.266518481155 0.228246388513 0.209719115562 0.412350420398 0.164956464238 0.143216214304 0.245900395693 0.148222390963 75.1104038386 75.275682327 75.5329368387 0.491342816752 0.136561122067 0.272345767621 6.36941199064 5.4212321446 2.07354744023 0.145312393494 0.62129744237 0.469580362978 1.00317831761 0.276209177022 1.11957308415 0.367341240295 0.201550846939 0.0332328514521 0.0547034180802 4.84981528767 4.92099037621 5.58410901161 0.535472625483 0.161778445884 0.95875962751 1.11184536885 1.85384591319
-9999.0 -9999.0 -9999.0 -9999.0 -9999.0 -9999.0 -9999.0 -9999.0 -9999.0 -9999.0 -9999.0 0.248418953853 4.6129915569 0.334073483907 0.599721359114 2.55054796835 0.251883123682 0.244529382129 0.206929631024 0.462384577121 0.253241913082 0.908567659017 1.26660960698 1.41290837005 0.359030814246 0.428269304634 0.0795445117986 0.117441304571 0.124055713168 76.2772828828 76.6225969543 6.46639548236 5.62331059566 5.52656488629 0.206248874386 0.0968665732575 0.746668810324 2.00123928273 1.1295160637 0.399841856177 1.63181589905 0.431314677061 0.329587912134 0.0681821123659 0.0271882657344 0.0200003669022 0.0242404741954 5.77081451165 6.52701481097 0.0794759208153 0.064732093249 0.0859291782981 1.94090029346
-9999.0 -9999.0 -9999.0 -9999.0 -9999.0 -9999.0 -9999.0 -9999.0 -9999.0 -9999.0 -9999.0 0.217362094507 5.09772314064 6.1280502129 0.276022053682 3.09232503185 0.217573995811 0.198635609968 0.440668564171 1.1471460267 0.230729044244 0.25412803372 0.172777253183 1.74415847148 1.89164841411 2.50908611476 2.69549270016 2.78388797416 2.85523991808 2.95152705269 79.6707543069 86.2662552533 92.0117327066 92.0724907801 0.07144128655 0.104572168258 2.25385771809 2.12856824785 0.12342434125 0.118620190498 1.7663520782 2.31122969435 0.080583192177 0.993161566709 0.932949638595 0.184783375919 0.0736560869595 0.135570263785 0.0838535521776 6.64818507051 0.0611026188369 0.200524880906 0.241808976922
-9999.0 -9999.0 -9999.0 -9999.0 -9999.0 -9999.0 -9999.0 -9999.0 -9999.0 -9999.0 -9999.0 0.409572528644 0.753735000635 6.45259859374 6.9635723644 0.25792766718 3.59605509695 0.160031989233 0.525379873443 1.33824816745 0.43270111672 0.200085702312 0.426306675191 0.133665502438 0.26066953625 0.142262377637 0.123402839474 0.101984441361 0.0856540341236 0.0560385019246 0.0343247711952 0.0449896901663 0.0713831379742 0.0892898933953 92.2948207804 2.46834516559 2.33273282656 0.0379676617945 0.333078837849 0.0865628609083 0.0948918156259 2.40613753672 3.69636041405 1.10717956148 0.866093118288 0.128145245121 0.0422098097926 0.0343238649843 0.0872326979671 6.79988407985 6.91558652451 0.0616454851906 0.063090537638
-9999.0 -9999.0 -9999.0 -9999.0 -9999.0 -9999.0 -9999.0 -9999.0 -9999.0 -9999.0 -9999.0 -9999.0 0.290639611449 4.60948374111 11.8607768563 12.7189534701 16.5509486653 16.8380879306 2.95658071634 2.18578339196 0.638015171878 0.194797959708 0.806043856505 0.982752861191 1.3908638612 0.295679177081 0.25816176791 0.240873845567 0.4569633037 0.182890590379 0.151127033679 0.0980861165907 0.0604693025742 0.0327205069053 92.3552348194 94.8966147802 94.9461922332 0.0351064015671 0.820014108374 0.409934236697 0.117426422736 4.05246881653 0.261275980262 0.138534573792 0.587844433996 0.104662570895 0.0623607973056 0.11449922516 0.161560886855 0.220095094526 7.00943349121 0.0416271485144 0.0347699506701
-9999.0 -9999.0 -9999.0 -9999.0 -9999.0 -9999.0 -9999.0 -9999.0 -9999.0 -9999.0 -9999.0 0.353162564744 3.56619315098 4.28930190522 0.604372390521 0.236056788259 0.501539890177 17.5557699561 17.7689571377 20.9928717315 0.165212396655 0.357267485886 0.143328191532 0.146229204985 1.53024820008 1.96461356993 2.33972374078 0.117691603467 0.572292264791 0.867640534849 0.458307851211 0.204321960996 0.139568262882 0.0986391249807 0.0874395039702 0.0201943478149 94.9798480623 95.0011035254 95.8570086985 0.160581080098 0.0920647488575 4.19580183925 0.2927433972 0.150081612527 0.171819862316 0.169654400808 0.138460632948 0.208648312619 0.578021302738 0.858861700275 7.91118293305 0.0290023178524 0.0880558700415
-9999.0 -9999.0 -9999.0 -9999.0 -9999.0 -9999.0 -9999.0 -9999.0 -9999.0 -9999.0 -9999.0 0.368891682251 2.58855869484 0.382476060384 0.285779245915 1.6598309758 1.89148281347 2.11195558614 2.30923585162 28.0667405148 28.2930477791 28.7014491576 31.271116518 31.6887817289 31.9002581816 32.041366573 34.625033788 34.9680102347 35.088563966 36.0914688373 36.6787210998 36.7830261185 37.1068477168 0.195142476693 0.153652449655 0.0179422369627 0.00791420337372 95.0252798111 96.081590386 0.206756282038 4.96382290687 4.87416774453 0.507813332239 0.113967279654 0.114751882926 0.107266545945 0.112299806109 0.225360602526 0.308274947717 0.0757030643613 7.95275054088 7.99711137297 8.18118749265
-9999.0 -9999.0 -9999.0 -9999.0 -9999.0 -9999.0 -9999.0 -9999.0 -9999.0 -9999.0 -9999.0 1.3749181064 1.8049362989 0.777013412605 1.11485983952 0.327731056923 3.69116148763 3.91796413079 4.37366181412 4.56914607972 1.42312789275 30.4494569662 30.6181176941 0.118756717314 0.0681758939043 0.0669052134976 0.143206975685 0.0713154840158 0.0608648405734 0.0613268936883 0.05842777617 36.8747078547 37.1992053186 37.5086963713 37.753891269 37.7992865819 0.0128233712518 0.00315275995937 101.184184802 5.08724157546 5.06006522361 0.108153658665 0.0948843335902 0.0729750995511 0.185580229877 0.17982188383 0.0808995287479 0.0847199149918 0.0784712779785 0.153954060641 0.196375342399 0.0245845533893 0.0429469341048
-9999.0 -9999.0 -9999.0 -9999.0 -9999.0 -9999.0 -9999.0 -9999.0 -9999.0 -9999.0 -9999.0 -9999.0 0.93100709491 0.418350037499 0.34039872247 3.2297078898 3.47398470524 0.250528368432 0.906328688911 1.11767849725 1.27979287002 0.207936306236 0.1019475277 3.82339004028 3.8947711755 3.961273386 9.82287027583 9.87063686899 9.9722234564 10.4567084762 10.7251234886 10.767660311 0.0598530631633 0.0639767302185 0.0518297601252 37.8378387222 0.0103353298612 101.831705701 101.811839967 0.617684230001 0.58249387545 0.38179446951 0.0894255837925 0.15386206948 0.264576813 0.258604346015 0.153112655776 0.0798042802058 0.155604841655 0.161083910248 0.266112566035 0.040039120752 0.071785585703
