data/baseflow/History/mHMbfrc363
ncols                  80
nrows                 72
xllcorner      4374000.0
yllcorner      5656000.0
cellsize            500
NODATA_value       -9999
[rows 24 to 47 of 72, columns 0 to 54 of 80]
-9999.0 -9999.0 -9999.0 -9999.0 -9999.0 -9999.0 -9999.0 -9999.0 -9999.0 -9999.0 -9999.0 -9999.0 1.16761014098 3.36578415875 4.41977751071 7.61322156792 0.964821446392 1.94804496997 2.87452763992 10.9679039045 11.754289219 12.4024592786 13.1827019845 13.9893720682 21.7378344453 24.1135588833 25.3910799916 0.53492710427 3.05281462325 3.5439984221 48.9797872683 51.1414479556 52.0791293172 53.0308928332 53.9003198317 200.087590274 0.255234040552 410.580440252 0.853452084023 0.389994297083 3.55203431442 3.06652450031 0.475595365406 1.71060688417 2.50889022655 2.48144535527 1.72830880278 2.82728400867 4.44382800404 1.61920397559 4.09239031506 0.366051323341 0.586437193375 0.135189796686 0.104738544291
-9999.0 -9999.0 -9999.0 -9999.0 -9999.0 -9999.0 -9999.0 -9999.0 -9999.0 -9999.0 -9999.0 -9999.0 1.13080236467 2.25124827291 1.05968397791 2.13569998936 0.977103694736 7.24062091928 9.11357124258 10.0647678698 0.880741430529 1.69806272139 16.343747024 20.3176971951 21.0207624849 1.62441862287 1.50424150422 2.14948820409 0.45554789796 0.429069279172 0.811566831485 0.371816371999 24.9754985976 25.4094264426 25.7742423762 200.506485234 413.573131643 410.984936388 0.621585435996 0.27030847327 0.244599170507 1.05656135825 0.811588461983 2.12577523001 2.98358071437 5.99191126304 0.523371397595 0.519813996662 4.89359480836 5.3582595583 10.2663693656 10.5545817308 11.2798962436 11.5316869546 0.216684518057
-9999.0 -9999.0 -9999.0 -9999.0 -9999.0 -9999.0 -9999.0 -9999.0 -9999.0 -9999.0 -9999.0 -9999.0 -9999.0 1.09799411405 2.17292806937 3.24650625355 5.24799646278 1.02587449544 0.957014813298 6.58214623105 7.46692548444 14.7867878571 15.6611485722 2.4760638142 0.867962815973 0.829554348137 0.743077119324 22.4055916623 22.9314210587 23.4112791268 23.8143625842 24.581238603 4.48537627512 4.8875864669 30.9947495081 645.271092182 2.1728861716 1.79143261383 0.92118490859 0.234928220022 0.206676195605 1.54117609372 1.70875401742 2.54814514361 0.213994417847 6.26420614409 0.867806320877 0.85150555494 0.191490190975 0.130547945019 0.112497546922 0.111169691878 0.114098926681 11.6877101089 154.501195614
-9999.0 -9999.0 -9999.0 -9999.0 -9999.0 -9999.0 -9999.0 -9999.0 -9999.0 -9999.0 -9999.0 -9999.0 -9999.0 -9999.0 1.05501320012 2.00414614322 2.85835635743 3.72836161968 4.67932605006 5.64779324385 2.8483194053 4.71930388842 0.875813736973 0.858400161627 18.4354047306 20.1086274468 20.8994938933 21.7468773645 0.637713306335 1.16401538565 3.03831235552 3.58353107476 4.05741624504 0.469427019912 0.335192124835 646.286848348 0.385883866006 0.501198125949 0.239644036227 0.955376334896 0.458948968427 0.221156463358 4.47812217391 4.65109063431 0.135724533183 6.413367286 7.40914247826 1.00566720382 160.333978299 160.027706817 159.76716408 159.253057621 159.04300779 155.269609041 155.107450257
-9999.0 -9999.0 -9999.0 -9999.0 -9999.0 -9999.0 -9999.0 -9999.0 -9999.0 -9999.0 -9999.0 -9999.0 -9999.0 -9999.0 0.21102450802 0.490269515264 0.851376920581 7.57987595423 8.56091708542 0.984744558082 0.961060192545 0.945390226952 14.9698316623 16.7684152269 0.870233424478 0.884123173544 0.771351984547 3.14138313037 3.90194242493 1.95236677395 2.49348888146 17.7518693097 18.3388027115 19.3349362924 30.6713053064 677.181763036 0.364807837973 0.20043556919 1.45031865284 1.20355418625 0.194919680807 0.618510312243 0.7989646258 4.85204307061 5.01023986661 12.8250474788 7.54282780718 1.14782507316 163.722749418 1.47753484785 159.530726003 159.399836361 3.57275958414 0.228819931836 0.453175249913
-9999.0 -9999.0 -9999.0 -9999.0 -9999.0 -9999.0 -9999.0 -9999.0 -9999.0 -9999.0 -9999.0 -9999.0 -9999.0 -9999.0 1.09106017717 1.78419318847 3.77387193185 6.60804961423 9.34247112526 11.2781709623 12.2273812028 13.1868033589 14.1070733891 0.889779507478 0.833602567401 1.64629042805 1.57046884962 0.805572583491 15.3422058252 16.0890905575 16.7852665584 17.4533020047 9.92777757213 10.4690801789 10.979715025 677.369598665 0.619413477736 0.508407374641 2.12206320216 0.23408025559 0.360204723324 0.185208277759 0.167632439946 0.962047284465 0.126285733651 0.13495087571 177.328136299 164.404383084 164.271944844 0.605439481424 1.35633304768 0.879058793606 0.208257602539 3.1992082625 0.914983399129
-9999.0 -9999.0 -9999.0 -9999.0 -9999.0 -9999.0 -9999.0 -9999.0 -9999.0 -9999.0 -9999.0 -9999.0 -9999.0 -9999.0 0.763831238606 0.7163890319 1.39807308895 2.13032720227 0.98918853192 1.04637170916 2.02465964017 2.9931152776 4.83618196441 5.75408506756 6.595812211 9.10422876305 9.89080009336 10.7178587492 0.75949396402 7.64112041881 8.29952724578 8.89581423269 0.492330426857 0.281590352846 0.480111316232 688.574204658 688.752008419 689.722597478 2.75585318688 0.463566622244 0.594990636559 0.159719835954 0.298713074224 1.09780504812 1.33851366354 0.244905048044 177.952478273 0.204308514753 0.342771631281 0.383949709558 0.281480257183 0.518265263719 0.214356871291 2.08382197857 1.63993967495
-9999.0 -9999.0 -9999.0 -9999.0 -9999.0 -9999.0 -9999.0 -9999.0 -9999.0 -9999.0 -9999.0 -9999.0 -9999.0 -9999.0 -9999.0 0.684946660687 1.35381186376 0.667549593572 1.3877545878 8.72744589237 9.64127068365 10.5998464091 0.918702149675 0.920462634548 1.76390404644 2.61782912695 4.17577380249 4.96718794657 5.41006190051 6.14090625588 0.631064270835 0.584874038973 9.83522460271 10.1024771203 10.3155796661 10.5294170744 8.54689230329 699.142340779 703.214367819 703.389543491 704.140154315 704.968156019 705.391083092 0.126042049639 1.45285938022 178.068597043 0.298844330872 0.154160678454 0.157798245037 0.144593599365 0.253433584178 0.259099309079 0.153793703425 0.234011179944 0.22546579709
-9999.0 -9999.0 -9999.0 -9999.0 -9999.0 -9999.0 -9999.0 -9999.0 -9999.0 -9999.0 -9999.0 -9999.0 -9999.0 -9999.0 -9999.0 -9999.0 2.01530557853 2.74513288278 4.88047970155 6.54874620798 0.910369413534 12.5246821787 13.4328870884 14.3269840494 0.870650171032 1.72520014117 0.780649445035 5.78915555403 6.20020576482 6.86708892715 7.54334107095 9.19169208078 9.4162025597 0.143458795256 7.71464253592 8.14333862142 8.34725300333 9.23281332383 1.13612155567 0.728124143413 0.457727972639 0.439494375439 705.875263675 706.068197382 708.559472839 178.184189197 0.803872555321 0.402094127153 0.266741474758 0.0870137056619 0.799344501433 0.433264531312 0.138164371857 0.785303086155 0.670765514163
-9999.0 -9999.0 -9999.0 -9999.0 -9999.0 -9999.0 -9999.0 -9999.0 -9999.0 -9999.0 -9999.0 -9999.0 -9999.0 -9999.0 -9999.0 -9999.0 0.73724558248 3.45658291296 4.20157752805 0.9619254486 0.982318902684 1.96743621877 2.89308441704 18.1193234944 0.869410537577 3.48261159681 4.27972169134 5.07069003124 0.428423704013 1.0520643044 1.4097651942 6.24500640906 6.95913005488 7.1467457882 0.216249209334 0.214829018161 0.259376451698 0.475875775375 0.205224920728 0.219585085081 0.390025479575 0.325274791955 0.383989695499 0.918346440627 708.777674137 887.497003735 0.999225052217 0.201191700194 0.0851489441186 2.58798974381 2.39657581927 1.45769910786 1.3160070573 0.988064988725 0.236823349434
-9999.0 -9999.0 -9999.0 -9999.0 -9999.0 -9999.0 -9999.0 -9999.0 -9999.0 -9999.0 -9999.0 -9999.0 -9999.0 -9999.0 -9999.0 0.628937007561 2.05285537085 0.683726893815 1.05947643413 1.06719708189 2.05983541529 3.03016272215 3.90524387314 22.7533649902 23.6015029527 0.865599224828 1.66853839912 2.47535199373 3.03660263529 3.67302949234 5.54434881973 6.01541137741 0.454777828698 0.376663570823 0.338346664406 0.427274276028 0.409594858475 0.404832459318 0.342495825359 0.419661683297 1.33826546606 0.615301422576 0.204014398329 0.193646528833 0.197646813031 0.367120618115 895.37802212 6.692160325 3.02289518577 0.221202187047 0.0954554457903 0.0839049633297 0.327481532928 0.233523169179 0.123418644604
-9999.0 -9999.0 -9999.0 -9999.0 -9999.0 -9999.0 -9999.0 -9999.0 -9999.0 -9999.0 -9999.0 -9999.0 -9999.0 -9999.0 0.665961255935 1.27623110022 4.6333311439 0.66340772584 2.00550775688 3.06077494049 4.05346641247 1.00137473059 1.91007640415 2.75039111461 27.0416182668 0.835403780827 1.60601546735 2.3892863525 0.719140541849 1.42349988849 1.86385686864 2.32101614998 52.2804336898 53.0275515262 53.7014539135 56.6539108667 57.8893737157 60.2515013388 0.551639531897 1.28412838354 1.65394182101 67.0857351682 67.4768725012 0.176351619563 0.316320062601 0.449666334341 895.541301599 6.30412152067 3.00036212618 2.88646368368 2.24393093539 1.95689556141 0.433598404965 0.100951389211 0.207194094389
-9999.0 -9999.0 -9999.0 -9999.0 -9999.0 -9999.0 -9999.0 -9999.0 -9999.0 -9999.0 -9999.0 -9999.0 -9999.0 -9999.0 0.669260420102 2.03071605535 7.32797265104 10.7948536525 0.603387625527 14.2436581339 19.0235184354 0.965054394639 1.87240866195 2.74626492481 34.856068564 35.5808828441 0.724941398311 3.85588343304 4.52723310913 5.11389769694 47.4758863819 48.8029368388 49.5656738744 0.368419084169 2.11303349111 2.50198032249 1.11871528118 1.61761781434 62.4882454842 64.4634016551 64.8526009839 65.2210634502 67.8850194792 0.198517286708 0.166815770333 0.746929546354 895.685386992 0.168363206698 0.190672869776 0.549320239864 0.202617089004 1.78901394788 1.42859336027 0.845423585338 0.617248597121
-9999.0 -9999.0 -9999.0 -9999.0 -9999.0 -9999.0 -9999.0 -9999.0 -9999.0 -9999.0 -9999.0 -9999.0 -9999.0 -9999.0 -9999.0 -9999.0 1.41273062233 2.83867678027 12.8168594873 13.5389967038 19.6635002189 20.3951223187 0.942029309953 1.88145993686 4.46466239123 36.2251428075 37.685716343 38.3133341806 0.510077544497 40.5264065082 41.8898974059 0.856009982543 0.372665979832 0.738546283809 1.43186480928 0.336517518995 0.676093970075 1.52056395506 1.89697243861 0.340458463941 0.227456098214 0.453937605319 69.5913463549 70.1669917362 70.3074378261 71.4380511461 895.810356472 0.099426888353 0.135528236382 0.15257254825 0.147152170753 0.151342870559 0.127399557877 0.236376130885 0.0758364068756
-9999.0 -9999.0 -9999.0 -9999.0 -9999.0 -9999.0 -9999.0 -9999.0 -9999.0 -9999.0 -9999.0 -9999.0 -9999.0 -9999.0 -9999.0 -9999.0 0.7376448843 0.724200434663 0.720194080741 1.49306625969 0.656930560908 21.6978695566 22.3731807772 0.886240180399 1.76107696814 0.86389932147 0.73036864653 0.714202764631 39.5619707835 0.457493803267 0.911353436457 0.460181090572 0.400378541373 0.357990615574 0.280607924913 0.291316072042 0.877194371382 1.19640053863 0.227840392326 0.198621751775 0.422312364069 0.696506426004 0.927491608213 0.274799586103 70.5327853176 71.5869250288 895.889532522 0.53152494405 0.339020400118 0.0885718932443 0.216880419351 0.0714077789893 0.052066664085 0.293394909213 0.397603329363
-9999.0 -9999.0 -9999.0 -9999.0 -9999.0 -9999.0 -9999.0 -9999.0 -9999.0 -9999.0 -9999.0 -9999.0 -9999.0 -9999.0 -9999.0 -9999.0 -9999.0 -9999.0 0.715920279254 2.15830927429 2.75486195828 3.38968788911 22.9916909376 23.6126235566 24.2542323226 25.0327018294 25.7336438716 27.1594767662 27.6068026373 28.0422964833 28.4305713702 0.364171686334 0.338854863194 0.354236634545 1.23024339039 0.320960036462 0.301212918453 0.240723092355 0.687919753303 0.260769657597 0.198613486683 0.184814548064 0.16155153797 0.322396873214 0.455600320749 72.5033524009 969.017897827 0.0870436316565 0.196222863304 0.0739356374836 0.298893249407 0.172657029897 0.104701086549 0.997782081853 0.64824677309
-9999.0 -9999.0 -9999.0 -9999.0 -9999.0 -9999.0 -9999.0 -9999.0 -9999.0 -9999.0 -9999.0 -9999.0 -9999.0 -9999.0 -9999.0 -9999.0 -9999.0 -9999.0 -9999.0 0.614204180459 4.78757092336 9.48924850824 10.1710740861 0.916278869187 1.80683863843 2.69628301365 3.47704162964 8.43037006202 8.8298633957 0.386031638335 0.374257898327 29.1843406559 29.8510453051 30.1623975152 1.4727928917 0.224502386617 0.539014600282 0.791846337888 2.32039299078 2.81655009045 3.19884328518 0.35210631197 0.490534030196 0.162583786223 0.316922757648 0.159758941626 969.295078426 0.0803943923455 0.347095079461 0.175174444347 0.547886554385 1.08282307191 1.2343954613 2.27927660841 0.800347195035
-9999.0 -9999.0 -9999.0 -9999.0 -9999.0 -9999.0 -9999.0 -9999.0 -9999.0 -9999.0 -9999.0 -9999.0 -9999.0 -9999.0 -9999.0 -9999.0 -9999.0 -9999.0 0.672824926138 2.13341608424 4.18655260477 5.47527392111 14.1438004574 14.949942879 1.82904954885 2.7208518289 3.50072027269 4.27537578104 9.25844779726 10.0528270664 17.7541693884 18.3502104612 18.7148782494 30.4845541117 32.7727505773 0.540899783965 0.341926811223 0.328681052169 0.623552357894 0.277656335551 3.71453754182 3.89783131994 0.644654371296 0.856562829648 0.186159131792 208.577726589 208.900212887 1178.37324122 1178.83081014 0.0810184330338 0.72894408094 0.111656057905 0.0982191223342 2.48478872412 3.36479827905
-9999.0 -9999.0 -9999.0 -9999.0 -9999.0 -9999.0 -9999.0 -9999.0 -9999.0 -9999.0 -9999.0 -9999.0 -9999.0 -9999.0 -9999.0 -9999.0 -9999.0 -9999.0 -9999.0 0.760929940678 0.741779963615 1.41575908859 3.36486982613 15.5891151422 0.934081576531 0.925258597238 1.71132038918 2.49869759611 6.07458596045 6.60778596297 0.373472647307 0.391061230476 19.1581112937 19.5049998263 52.6073953493 52.9090556079 0.200863383957 0.176248849218 0.142818879975 0.144200421391 0.150129080755 205.037588555 206.183441665 207.263907659 207.655453138 208.382427975 0.178885324446 0.666856893726 0.819736897368 1179.90793544 1179.9593452 1180.12572916 1180.303885 1180.4338808 3.52910516885
-9999.0 -9999.0 -9999.0 -9999.0 -9999.0 -9999.0 -9999.0 -9999.0 -9999.0 -9999.0 -9999.0 -9999.0 -9999.0 -9999.0 -9999.0 -9999.0 -9999.0 -9999.0 -9999.0 -9999.0 0.690795636351 0.717697589983 1.33501262685 18.2204150116 18.9288608897 0.915813942461 1.69799470255 2.49567409739 3.0813720017 0.529192521654 1.01572298511 43.8405390432 44.2234534557 44.5820286287 47.294172019 100.533911809 197.52245022 197.987498575 198.399179479 198.792482941 200.435825755 200.955979847 0.94091167132 0.421903889952 0.241491499829 0.454940118149 0.333398846713 0.525295017184 0.158352516888 4.08635098066 4.40374063186 4.66361957949 4.73256970401 1180.50944441 1184.18777906
-9999.0 -9999.0 -9999.0 -9999.0 -9999.0 -9999.0 -9999.0 -9999.0 -9999.0 -9999.0 -9999.0 -9999.0 -9999.0 -9999.0 -9999.0 -9999.0 -9999.0 -9999.0 -9999.0 -9999.0 -9999.0 0.708541889719 1.35621429069 2.00663866425 19.4832597087 0.769456441219 26.9042563329 27.7340861623 28.2908155472 28.8214371067 41.8209796324 42.3459251751 0.41520577337 2.0171410386 2.42706546877 0.381754313622 96.51897508 95.8330765273 0.215435955565 0.48990358633 1.30316434735 0.284704138672 0.291919706883 0.217761831961 0.181383296714 0.143942029221 0.16103238123 3.56768279616 3.72902192494 3.92364253269 0.192135603657 0.170643447737 4.82449374344 4.91533303895 4.96610276775
-9999.0 -9999.0 -9999.0 -9999.0 -9999.0 -9999.0 -9999.0 -9999.0 -9999.0 -9999.0 -9999.0 -9999.0 -9999.0 -9999.0 -9999.0 -9999.0 -9999.0 -9999.0 -9999.0 -9999.0 -9999.0 0.654917564897 0.61144866521 3.16543452113 23.9476286528 25.3598617619 26.1181006483 0.838350256946 11.7329795358 12.252374812 12.4802946734 0.491197228664 0.935842318654 1.324886951 22.6807609123 22.980632761 23.2361035186 95.3672039261 57.3985727406 0.267986217263 0.276090844492 0.26577473488 0.208165098702 2.23834098142 2.64826229416 3.01053747555 3.20585769961 3.39383792189 25.0916359094 25.2252704748 25.4014305364 25.8482154941 27.6605483073 27.7293022694 32.7648206309
-9999.0 -9999.0 -9999.0 -9999.0 -9999.0 -9999.0 -9999.0 -9999.0 -9999.0 -9999.0 -9999.0 -9999.0 -9999.0 -9999.0 -9999.0 -9999.0 -9999.0 -9999.0 -9999.0 -9999.0 -9999.0 -9999.0 1.27859315394 1.94386561088 0.719703820405 0.946026523861 8.73823414402 9.62635731088 10.2812722021 4.71512894364 5.20652701902 5.7184421058 6.14254809369 22.0121461817 22.4051739548 13.8566467105 37.4149329208 37.7179427093 57.1780918782 0.576119542289 0.289195353702 0.209304432421 1.56813641363 1.83068111484 0.156086767457 0.145295095576 24.452680747 24.80002942 24.9647575705 0.226564694759 0.325813484708 27.3623831085 0.197472548924 0.561541188662 0.615755600627
-9999.0 -9999.0 -9999.0 -9999.0 -9999.0 -9999.0 -9999.0 -9999.0 -9999.0 -9999.0 -9999.0 -9999.0 -9999.0 -9999.0 -9999.0 -9999.0 -9999.0 -9999.0 -9999.0 -9999.0 -9999.0 -9999.0 0.637771304619 1.26393364317 5.35905157398 6.09787517788 6.93746671877 3.50795900023 4.21816039257 0.506565121401 14.5645001768 15.029423563 15.4716502003 0.409024795336 13.1145254603 13.5168859662 0.31474697897 55.682162107 0.641136433204 0.319260649029 0.855112563551 1.14518481578 0.21844346714 0.179898242348 22.6021693395 24.1326583095 24.3378097794 0.210258014922 0.462721393413 0.586119255469 0.704003433191 1.37366863743 0.20258237169 0.465294886685 0.0842363463106
