data/baseflow/History/mHMbfrc610
ncols                  80
nrows                 72
xllcorner      4374000.0
yllcorner      5656000.0
cellsize            500
NODATA_value       -9999
[rows 0 to 23 of 72, columns 0 to 53 of 80]
-9999.0 -9999.0 -9999.0 -9999.0 -9999.0 -9999.0 -9999.0 -9999.0 -9999.0 -9999.0 -9999.0 -9999.0 0.384782904217 0.5602258081 -9999.0 -9999.0 -9999.0 -9999.0 -9999.0 -9999.0 -9999.0 -9999.0 -9999.0 -9999.0 -9999.0 -9999.0 -9999.0 -9999.0 -9999.0 -9999.0 -9999.0 -9999.0 -9999.0 -9999.0 -9999.0 -9999.0 -9999.0 -9999.0 -9999.0 -9999.0 -9999.0 -9999.0 -9999.0 -9999.0 -9999.0 -9999.0 -9999.0 -9999.0 -9999.0 -9999.0 -9999.0 -9999.0 -9999.0 -9999.0
-9999.0 -9999.0 -9999.0 -9999.0 -9999.0 -9999.0 -9999.0 -9999.0 -9999.0 -9999.0 -9999.0 -9999.0 0.737934453151 2.22340822202 0.491620348084 -9999.0 0.53258378529 -9999.0 -9999.0 -9999.0 -9999.0 -9999.0 -9999.0 -9999.0 -9999.0 -9999.0 -9999.0 -9999.0 -9999.0 -9999.0 -9999.0 -9999.0 -9999.0 -9999.0 -9999.0 -9999.0 -9999.0 -9999.0 -9999.0 -9999.0 -9999.0 -9999.0 -9999.0 -9999.0 -9999.0 -9999.0 -9999.0 -9999.0 -9999.0 -9999.0 -9999.0 -9999.0 -9999.0 -9999.0
-9999.0 -9999.0 -9999.0 -9999.0 -9999.0 -9999.0 -9999.0 -9999.0 -9999.0 -9999.0 0.301195173538 0.283732481143 0.311520375613 0.311590302737 2.77713358223 3.17181828165 1.42841790465 0.453938765879 -9999.0 -9999.0 -9999.0 -9999.0 -9999.0 -9999.0 -9999.0 -9999.0 -9999.0 -9999.0 -9999.0 -9999.0 -9999.0 -9999.0 -9999.0 -9999.0 -9999.0 -9999.0 -9999.0 -9999.0 -9999.0 -9999.0 -9999.0 -9999.0 -9999.0 -9999.0 -9999.0 -9999.0 -9999.0 -9999.0 -9999.0 -9999.0 -9999.0 -9999.0 -9999.0 -9999.0
-9999.0 -9999.0 -9999.0 -9999.0 -9999.0 -9999.0 -9999.0 -9999.0 -9999.0 0.282277588265 0.586613822518 1.16287315237 0.585611635776 0.278570480922 0.540639337242 3.41889496437 5.75561198862 0.469770887288 -9999.0 0.290229252937 -9999.0 -9999.0 -9999.0 -9999.0 0.980174207528 0.514736117737 -9999.0 -9999.0 -9999.0 -9999.0 -9999.0 -9999.0 -9999.0 -9999.0 -9999.0 -9999.0 -9999.0 -9999.0 -9999.0 -9999.0 -9999.0 -9999.0 -9999.0 -9999.0 -9999.0 -9999.0 -9999.0 -9999.0 -9999.0 -9999.0 -9999.0 -9999.0 -9999.0 -9999.0
-9999.0 -9999.0 -9999.0 -9999.0 -9999.0 -9999.0 -9999.0 -9999.0 0.362718865467 0.961120240569 1.22617557729 1.49658764315 2.00673229397 0.242319460832 0.999656554057 1.22524788585 7.64269286939 0.277652579062 0.205137204447 0.515152825762 0.735559279477 0.236555047658 -9999.0 2.36931255806 1.95204301441 0.495757575906 -9999.0 -9999.0 -9999.0 -9999.0 -9999.0 -9999.0 -9999.0 -9999.0 -9999.0 -9999.0 -9999.0 -9999.0 -9999.0 -9999.0 -9999.0 -9999.0 -9999.0 -9999.0 -9999.0 -9999.0 -9999.0 -9999.0 -9999.0 -9999.0 -9999.0 -9999.0 -9999.0 -9999.0
-9999.0 -9999.0 -9999.0 -9999.0 -9999.0 -9999.0 0.346150048972 0.293047864478 0.276495880559 0.287393346593 0.297989608344 2.10801258675 4.3944493825 4.66337952118 4.83751419312 0.158023092782 8.03667863156 8.23780879987 0.416611649225 0.223162735546 0.949749982899 1.63288397264 0.268707957285 3.2481200664 0.257175416523 0.291609805577 0.271237269276 -9999.0 -9999.0 -9999.0 -9999.0 -9999.0 -9999.0 -9999.0 -9999.0 -9999.0 -9999.0 -9999.0 -9999.0 -9999.0 -9999.0 -9999.0 -9999.0 -9999.0 -9999.0 -9999.0 -9999.0 -9999.0 -9999.0 -9999.0 -9999.0 -9999.0 -9999.0 -9999.0
-9999.0 -9999.0 -9999.0 -9999.0 -9999.0 -9999.0 0.701757065734 1.02334371599 2.26042145533 3.07596134543 0.237251637913 0.254606773593 0.236466919516 0.675219644317 5.70510555464 0.156186191858 8.42207664016 9.22110298525 0.620270695939 0.403341617847 1.82326677852 0.216750854388 3.46311264698 0.439709270102 0.22662533271 0.507900591414 0.537077440681 0.270127009148 0.282975522743 0.268322388306 0.313167468109 0.624074292979 -9999.0 -9999.0 -9999.0 -9999.0 -9999.0 -9999.0 -9999.0 -9999.0 -9999.0 -9999.0 -9999.0 -9999.0 -9999.0 -9999.0 -9999.0 -9999.0 -9999.0 -9999.0 -9999.0 -9999.0 -9999.0 -9999.0
-9999.0 -9999.0 -9999.0 -9999.0 -9999.0 0.429161630967 0.797680710206 0.36498106761 0.686530872953 3.41032200635 3.95053903499 4.48156409485 15.4414261878 0.2212543403 5.92400077446 23.3345674373 23.4953631348 33.0209150393 0.189734803204 0.574553251112 2.01487541992 0.188454864665 6.04149200349 2.37244498044 1.50898253625 1.28084116134 0.258941385331 0.803082052605 0.80794154581 0.535726279575 0.261832514896 0.898740879276 0.262567686296 0.254315654108 -9999.0 -9999.0 -9999.0 -9999.0 -9999.0 -9999.0 -9999.0 -9999.0 -9999.0 -9999.0 -9999.0 -9999.0 -9999.0 -9999.0 -9999.0 -9999.0 -9999.0 -9999.0 -9999.0 -9999.0
-9999.0 -9999.0 -9999.0 -9999.0 -9999.0 0.436438509173 1.23045331874 2.41863971605 2.75550992618 5.41827178532 5.71446997565 6.68023175158 10.7482424023 16.2981135552 16.8183497463 17.0542214644 0.363341114943 33.6931054557 34.0398534816 34.9955175434 43.8180504469 6.62806843244 6.26052363918 1.72161218334 0.211977727908 1.48079619685 1.02823663875 0.210771087704 1.03541678373 0.213978388425 0.477119773743 1.3765696885 1.6259318216 0.495791845473 0.248040706273 0.237356799088 -9999.0 -9999.0 -9999.0 -9999.0 0.441123572314 0.413988284179 -9999.0 -9999.0 -9999.0 -9999.0 -9999.0 -9999.0 -9999.0 -9999.0 -9999.0 -9999.0 -9999.0 -9999.0
-9999.0 -9999.0 -9999.0 -9999.0 -9999.0 0.406490302619 0.366876857602 1.62114417456 1.97287890345 2.34579345471 0.333857310154 0.653701853839 3.87369197166 0.704047527149 0.290517323024 0.240360386041 0.19850357892 0.231551578083 0.211170732557 0.231573524748 44.0199226755 44.5920021607 0.189047243275 0.604222400118 0.420505213541 1.68016341472 0.427450618199 0.20231840155 1.27038733291 0.415292873583 1.03744048571 2.80913928185 2.60713513796 0.735943301211 0.726298446955 0.251608764062 0.253451026043 -9999.0 -9999.0 0.257113464615 0.869523348573 2.15790746267 0.443249686129 -9999.0 -9999.0 -9999.0 -9999.0 -9999.0 -9999.0 -9999.0 -9999.0 -9999.0 -9999.0 -9999.0
-9999.0 -9999.0 -9999.0 -9999.0 -9999.0 -9999.0 0.438324369113 0.452419809153 0.790866162232 1.15732288247 2.56328085413 3.24862361456 3.59650130094 0.394713005378 0.22988851945 3.51564301913 4.23135483183 4.44146559208 5.37537884064 5.57185634654 0.199449001208 44.7958264636 45.7452699443 0.749430655986 0.0904308444558 1.82813431385 4.0989176104 1.66356726265 0.387897478419 0.194276278505 4.25031908898 3.02136321658 0.209152217704 0.203658662373 0.943905060991 0.734140662437 0.236289738366 0.223266875922 0.247746443423 0.496390557519 0.238930551783 2.61499649335 2.85299734957 0.218643410463 -9999.0 -9999.0 -9999.0 -9999.0 0.275765083232 0.25442449395 0.0731596631215 -9999.0 -9999.0 -9999.0
-9999.0 -9999.0 -9999.0 -9999.0 -9999.0 -9999.0 -9999.0 0.408630033002 0.319207097263 0.714874164231 1.09096285734 0.344821901187 0.276180527412 1.91524203726 2.47955483877 3.06393175837 0.259664954688 0.495508341015 0.246072530692 5.78418617012 13.7411982351 14.1126916415 60.3566035897 0.186663439668 0.257201880867 0.0753422568675 4.27801321138 0.186835438568 0.586548323719 0.189649981536 4.45015965593 4.64934033176 0.419430705193 0.405910562117 2.38068190196 1.20336669623 0.458877891888 0.235744444668 0.491979991225 0.735834947068 1.20116712575 0.224355187604 3.28524359477 3.49568851881 0.191480581315 0.209929097244 0.224079034354 0.197088328843 0.187984095667 0.738525717968 0.277632481963 0.174090873947 -9999.0 -9999.0
-9999.0 -9999.0 -9999.0 -9999.0 -9999.0 -9999.0 -9999.0 -9999.0 0.717532918029 0.997717263919 0.344966241844 0.720722568051 1.04511991805 1.67240110116 0.324666031553 0.301152389677 0.234615942305 0.237337848864 0.202843149086 7.50305240155 0.26507133932 0.503062435184 61.2510570182 61.7646202401 0.159626428323 0.578798827615 5.01726823682 0.362051896157 0.749887551516 0.345408852156 0.508430872303 5.41589602049 0.597443864985 3.34123196226 2.76172038705 0.186913622878 1.12468213407 0.457693828988 0.707345139839 0.21141090201 1.4143461213 1.83915754206 2.01721706875 2.18341122798 4.20867015929 0.361823254379 0.392421813635 0.349579907521 0.329743440228 0.908524208023 0.178591746372 0.636258587526 0.796479431349 -9999.0
-9999.0 -9999.0 -9999.0 -9999.0 -9999.0 -9999.0 -9999.0 -9999.0 0.401283473749 1.8043633829 2.13122212981 0.325791643099 0.627805921282 0.30030009541 0.260160351981 0.25410741657 3.38709564444 4.5299035355 5.72772639377 7.0913566215 0.314344433526 0.249122867179 0.220585837486 63.0552089845 63.7334758565 63.9281572983 6.67478858347 1.46953895436 1.28803680855 0.157725085694 0.66568763723 6.24734520053 0.169535594457 3.51417031813 0.190987110154 1.44870566251 1.3530422612 0.216126937799 0.922256212856 0.423550489431 0.634940988257 0.192798063742 0.158800680786 2.34690749464 2.49722310387 4.35852180763 0.559147962821 0.506135620267 0.482201461362 1.0960181804 1.45899697948 0.181076672062 0.964239072507 0.181891820863
-9999.0 -9999.0 -9999.0 -9999.0 -9999.0 -9999.0 -9999.0 -9999.0 -9999.0 0.448183099994 2.51321125579 2.83685815687 0.941692357492 1.55317716406 2.09240836249 2.37434067576 0.300449042886 0.905106516311 0.601316846217 0.322266640151 0.301240775807 0.250425685355 0.484893132107 0.82797968119 0.301799941533 71.1632722414 71.3406319902 0.153672268792 0.128140774131 0.312529187531 0.466263564083 6.72756329316 0.325908509765 3.66103329876 2.16387008156 1.80957845661 0.198810619625 0.406644174037 1.10921017613 0.186926219396 0.819122082849 0.3753913002 0.232287566669 0.0723476489558 2.78583607171 7.26230598223 0.666765976035 0.616729001986 0.625077951154 0.145456079893 1.60603213842 0.142030168019 1.28561761231 0.153625985303
-9999.0 -9999.0 -9999.0 -9999.0 -9999.0 -9999.0 -9999.0 -9999.0 -9999.0 -9999.0 0.334924321183 3.5016023007 0.3028869799 0.598417282348 0.858934299099 1.37275345397 0.270057908632 0.588647197967 0.28216259769 0.252192260267 0.234887848605 0.463602982335 0.204512006434 0.211825939805 0.407352125431 0.246930452815 71.5900672395 71.9438379866 72.431266212 0.612831130817 0.157504416194 0.313966565895 6.89950023458 6.65756484655 2.53115044899 0.179986873995 0.791726771618 0.597110542196 1.29687673461 0.37286480975 1.57015122697 0.559957983069 0.3701891831 0.0383159486282 0.0863229556513 7.42176850307 7.56319769739 8.96443985302 1.07910252556 0.299796630095 1.76790048791 2.0678523391 3.4915224156 0.303668581427
-9999.0 -9999.0 -9999.0 -9999.0 -9999.0 -9999.0 -9999.0 -9999.0 -9999.0 -9999.0 -9999.0 0.197371810363 3.87741627918 0.281245194499 0.546256653493 2.45076631105 0.27834881942 0.272316331161 0.220584464872 0.488391709579 0.246683612317 0.950912902663 1.35851940139 1.5432083585 0.570674186251 0.716593024698 0.171080374126 0.21327424107 0.223372058476 73.4355183384 73.886534517 7.03432945134 6.94826247527 6.80465586271 0.314821151107 0.150295520833 0.959080294742 2.59802333513 1.47198000456 0.544693059264 2.28741861185 0.670196604864 0.510696547389 0.0729353891344 0.0312431897903 0.028990019486 0.045089580777 9.26492115217 10.7695692176 0.140176955551 0.129282941327 0.141275349118 3.62824242143 4.056319461
-9999.0 -9999.0 -9999.0 -9999.0 -9999.0 -9999.0 -9999.0 -9999.0 -9999.0 -9999.0 -9999.0 0.167677263616 4.25944532062 5.28180590146 0.272641663199 2.9875089974 0.246260414862 0.226393136459 0.451658052417 1.18009368962 0.231353115944 0.253479076726 0.199676014197 1.94043418201 2.12294469402 3.03655875167 3.35219394237 3.49772268646 3.65130791362 3.80116445758 77.8842819754 85.1851699891 92.3936740632 92.5530206061 0.132941399589 0.146002953165 2.93504730553 2.76803741776 0.170926169188 0.157350189648 2.45017636886 3.29610018652 0.127914451241 1.44925938351 1.37359266977 0.215231554407 0.10700574612 0.194943044705 0.163847863279 11.0386170028 0.139937123742 0.390627395711 0.490586585099 4.8469563548
-9999.0 -9999.0 -9999.0 -9999.0 -9999.0 -9999.0 -9999.0 -9999.0 -9999.0 -9999.0 -9999.0 0.403498115272 0.750858894073 5.61103014 6.12826149311 0.260677913688 3.62424006269 0.2064318958 0.630359589232 1.39012362466 0.444950347356 0.211707229942 0.436405640732 0.174008809399 0.326887201694 0.157538607706 0.12989143354 0.082376970485 0.066490923952 0.0489706706103 0.040395535653 0.0734361288948 0.123319815241 0.188351035981 93.0179205583 3.41005908988 3.14445797526 0.0974845739379 0.470311847238 0.10854709672 0.0960700294856 3.45337082075 5.38755074713 1.63631365647 1.3028378137 0.144737055374 0.0568898397729 0.0459314241175 0.156918338051 11.3348782852 11.6029951145 0.141817589872 0.148255385675 0.102851761592
-9999.0 -9999.0 -9999.0 -9999.0 -9999.0 -9999.0 -9999.0 -9999.0 -9999.0 -9999.0 -9999.0 -9999.0 0.29215626565 5.00038427442 11.4193902624 12.3331400929 16.2149492724 16.5926835907 3.25569503729 2.27133274781 0.662668980041 0.206300513383 0.840014736426 1.02876041272 1.51881398433 0.32741416322 0.282649857474 0.239819114217 0.458565946451 0.196987246963 0.1778266053 0.0901332140054 0.0374936967072 0.0355168533697 93.1471995806 96.6532501334 96.8190140229 0.0978616013579 1.21584858307 0.536824065345 0.173529118349 5.96117451022 0.420041812029 0.221047468773 0.94736519372 0.152981361588 0.120635480364 0.225170699141 0.327876836683 0.451962373832 11.8184144964 0.100769122184 0.0861767025484 0.0862936324979
-9999.0 -9999.0 -9999.0 -9999.0 -9999.0 -9999.0 -9999.0 -9999.0 -9999.0 -9999.0 -9999.0 0.372359853193 3.90197723094 4.6820337002 0.667003328504 0.208702007403 0.42043377708 17.254782754 17.5378940802 21.1513900506 0.185570265689 0.388652253337 0.163748309937 0.167462105385 1.68149050842 2.1707887555 2.58373393163 0.138402705952 0.597205686501 0.929030689154 0.529931680673 0.223289559326 0.127033125404 0.0801757650875 0.0873008877054 0.0421591326442 96.9307684346 97.0095108883 98.3796125302 0.27524178037 0.150189585088 6.20002611337 0.460846056552 0.24145817284 0.282529133548 0.279495314677 0.24110696815 0.382998143289 1.10509733737 1.70042127967 13.6237615002 0.0727852169583 0.219914006585 0.149955175377
-9999.0 -9999.0 -9999.0 -9999.0 -9999.0 -9999.0 -9999.0 -9999.0 -9999.0 -9999.0 -9999.0 0.388712749879 2.88186809343 0.41073554569 0.314631374496 1.8919752864 2.1535118245 2.41195306754 2.63106055797 29.5874239115 29.77703965 30.1552209755 33.2378008375 33.733762941 33.9842552963 34.1551186582 36.9912273649 37.3173841413 37.4588159838 38.5439349525 39.2392333602 39.3732270914 39.7162250168 0.206710414906 0.145456040141 0.0178417678583 0.0200291116846 97.0968372657 98.8372266066 0.38451650047 7.46436546753 7.31012068896 0.852968809478 0.197907639979 0.205766376959 0.193910608855 0.201637910976 0.407811875832 0.579885965703 0.164004565883 13.7234287696 13.8316675892 14.2909800539 14.3757290259
-9999.0 -9999.0 -9999.0 -9999.0 -9999.0 -9999.0 -9999.0 -9999.0 -9999.0 -9999.0 -9999.0 1.57466937829 2.05642210084 0.879749427164 1.27586142121 0.385555056923 4.52659047304 4.82416586291 5.40796759288 5.5980712719 1.85428407069 32.3421535842 32.527418991 0.151175944781 0.0806426304951 0.0658700339121 0.15546905121 0.068748907837 0.0423682692689 0.0376285123343 0.0452766977136 39.4644384955 39.8251550187 40.2046040989 40.4935046922 40.5792865948 0.0283948667184 0.00951910300527 106.606487463 7.70339787741 7.63352324129 0.162785922966 0.158362761775 0.146384970659 0.361129630499 0.349706693484 0.159297118487 0.160585622764 0.14824633479 0.307196979863 0.397531649158 0.0684442245902 0.113863591314 0.0380109980214
-9999.0 -9999.0 -9999.0 -9999.0 -9999.0 -9999.0 -9999.0 -9999.0 -9999.0 -9999.0 -9999.0 -9999.0 1.08182410626 0.467922629341 0.388189170811 3.92673521869 4.24867494529 0.318152950286 1.23682317633 1.49543990485 1.6864258543 0.235312480204 0.14743657202 5.1617739793 5.27016129976 5.36486533852 14.2121495416 14.2655582764 14.3445734054 15.0435640557 15.2847918534 15.3145182677 0.0350453366749 0.0387533039492 0.0423573961231 40.6885941197 0.0310967245022 107.748125845 107.683011306 1.02116243067 0.931244822006 0.618198968409 0.156976213442 0.28797845023 0.516270728611 0.507146008469 0.311066013129 0.151227029226 0.295573373849 0.292036852724 0.519382615413 0.0561657902121 0.159483794323 0.274344643215
