data/baseflow/History/mHMbfrc554
ncols                  80
nrows                 72
xllcorner      4374000.0
yllcorner      5656000.0
cellsize            500
NODATA_value       -9999
[rows 0 to 23 of 72, columns 0 to 54 of 80]
-9999.0 -9999.0 -9999.0 -9999.0 -9999.0 -9999.0 -9999.0 -9999.0 -9999.0 -9999.0 -9999.0 -9999.0 0.966177690538 0.81990359289 -9999.0 -9999.0 -9999.0 -9999.0 -9999.0 -9999.0 -9999.0 -9999.0 -9999.0 -9999.0 -9999.0 -9999.0 -9999.0 -9999.0 -9999.0 -9999.0 -9999.0 -9999.0 -9999.0 -9999.0 -9999.0 -9999.0 -9999.0 -9999.0 -9999.0 -9999.0 -9999.0 -9999.0 -9999.0 -9999.0 -9999.0 -9999.0 -9999.0 -9999.0 -9999.0 -9999.0 -9999.0 -9999.0 -9999.0 -9999.0 -9999.0
-9999.0 -9999.0 -9999.0 -9999.0 -9999.0 -9999.0 -9999.0 -9999.0 -9999.0 -9999.0 -9999.0 -9999.0 1.95721822419 4.14872113976 0.624946492376 -9999.0 0.635695751754 -9999.0 -9999.0 -9999.0 -9999.0 -9999.0 -9999.0 -9999.0 -9999.0 -9999.0 -9999.0 -9999.0 -9999.0 -9999.0 -9999.0 -9999.0 -9999.0 -9999.0 -9999.0 -9999.0 -9999.0 -9999.0 -9999.0 -9999.0 -9999.0 -9999.0 -9999.0 -9999.0 -9999.0 -9999.0 -9999.0 -9999.0 -9999.0 -9999.0 -9999.0 -9999.0 -9999.0 -9999.0 -9999.0
-9999.0 -9999.0 -9999.0 -9999.0 -9999.0 -9999.0 -9999.0 -9999.0 -9999.0 -9999.0 0.950968188534 0.911403012041 0.9546000229 0.942437718792 5.88417570517 6.50606003487 1.73949727897 0.55182517249 -9999.0 -9999.0 -9999.0 -9999.0 -9999.0 -9999.0 -9999.0 -9999.0 -9999.0 -9999.0 -9999.0 -9999.0 -9999.0 -9999.0 -9999.0 -9999.0 -9999.0 -9999.0 -9999.0 -9999.0 -9999.0 -9999.0 -9999.0 -9999.0 -9999.0 -9999.0 -9999.0 -9999.0 -9999.0 -9999.0 -9999.0 -9999.0 -9999.0 -9999.0 -9999.0 -9999.0 -9999.0
-9999.0 -9999.0 -9999.0 -9999.0 -9999.0 -9999.0 -9999.0 -9999.0 -9999.0 0.918790342753 1.86553419542 3.70549200499 1.8393077037 0.893718821354 1.74429538365 7.32391344342 10.289055142 0.615645222551 -9999.0 0.903912234817 -9999.0 -9999.0 -9999.0 -9999.0 1.2007221951 0.614815371329 -9999.0 -9999.0 -9999.0 -9999.0 -9999.0 -9999.0 -9999.0 -9999.0 -9999.0 -9999.0 -9999.0 -9999.0 -9999.0 -9999.0 -9999.0 -9999.0 -9999.0 -9999.0 -9999.0 -9999.0 -9999.0 -9999.0 -9999.0 -9999.0 -9999.0 -9999.0 -9999.0 -9999.0 -9999.0
-9999.0 -9999.0 -9999.0 -9999.0 -9999.0 -9999.0 -9999.0 -9999.0 1.0552049572 2.9646750975 3.85883708158 4.76407080264 6.41570776106 0.842075495748 3.38557016106 4.18070650998 15.7223986798 0.646487604525 0.708369407437 1.70076396113 2.46987859961 0.805041730832 -9999.0 3.07014189729 2.51909853127 0.678364845992 -9999.0 -9999.0 -9999.0 -9999.0 -9999.0 -9999.0 -9999.0 -9999.0 -9999.0 -9999.0 -9999.0 -9999.0 -9999.0 -9999.0 -9999.0 -9999.0 -9999.0 -9999.0 -9999.0 -9999.0 -9999.0 -9999.0 -9999.0 -9999.0 -9999.0 -9999.0 -9999.0 -9999.0 -9999.0
-9999.0 -9999.0 -9999.0 -9999.0 -9999.0 -9999.0 1.06490271205 0.959240795816 0.929988896687 0.947061916475 0.950216706311 6.68410372166 14.0082351812 14.8998033205 15.6807981439 0.788608348782 17.2098688291 17.9402469911 1.55906225215 0.784064881156 3.22403251601 5.59069805115 0.755062159076 5.31350182555 0.827524474231 0.777101043536 0.885285942089 -9999.0 -9999.0 -9999.0 -9999.0 -9999.0 -9999.0 -9999.0 -9999.0 -9999.0 -9999.0 -9999.0 -9999.0 -9999.0 -9999.0 -9999.0 -9999.0 -9999.0 -9999.0 -9999.0 -9999.0 -9999.0 -9999.0 -9999.0 -9999.0 -9999.0 -9999.0 -9999.0 -9999.0
-9999.0 -9999.0 -9999.0 -9999.0 -9999.0 -9999.0 2.15102049729 3.16818279269 7.11174699567 9.88341886191 0.858032688026 0.899673984702 0.844687375229 2.50176818853 18.9140020904 0.706229414533 18.6611048931 21.8675228259 2.4803593243 1.46984252119 6.30123079227 0.773478250775 6.08800432123 1.4844234583 0.738452451048 1.51364394474 1.75040390108 0.919634830441 0.934926158388 0.912030495128 0.973778156652 1.94953116937 -9999.0 -9999.0 -9999.0 -9999.0 -9999.0 -9999.0 -9999.0 -9999.0 -9999.0 -9999.0 -9999.0 -9999.0 -9999.0 -9999.0 -9999.0 -9999.0 -9999.0 -9999.0 -9999.0 -9999.0 -9999.0 -9999.0 -9999.0
-9999.0 -9999.0 -9999.0 -9999.0 -9999.0 1.15894404161 2.24926019107 1.0741447756 2.07778523316 10.9012127424 12.7254521687 14.5486801119 47.5699694508 0.861550126661 19.6973631188 73.9048747041 74.542575796 97.5804901532 0.75823009635 2.1826750005 7.01521610258 0.706497759661 14.7064040109 7.8662070609 4.83744035486 4.07312554417 0.835041888184 2.71715218103 2.72729420228 1.8164783701 0.891182792711 2.86711894463 0.891821659198 0.878803374442 -9999.0 -9999.0 -9999.0 -9999.0 -9999.0 -9999.0 -9999.0 -9999.0 -9999.0 -9999.0 -9999.0 -9999.0 -9999.0 -9999.0 -9999.0 -9999.0 -9999.0 -9999.0 -9999.0 -9999.0 -9999.0
-9999.0 -9999.0 -9999.0 -9999.0 -9999.0 1.180490497 3.43996442459 6.80634877516 7.84854081317 15.5819929454 16.5592759309 19.6030366398 32.20105972 50.2581683497 51.9770310548 52.771609165 1.42251793835 100.253528146 101.764616262 105.481920335 130.130734159 16.9232052288 15.4992217304 5.61757135915 0.780898510083 5.00752752193 3.48019782512 0.759064994434 3.55069681648 0.828252572693 1.8014363065 4.66980203556 5.53594358801 1.73327762072 0.84165821065 0.845733486714 -9999.0 -9999.0 -9999.0 -9999.0 0.596777882582 0.536886272747 -9999.0 -9999.0 -9999.0 -9999.0 -9999.0 -9999.0 -9999.0 -9999.0 -9999.0 -9999.0 -9999.0 -9999.0 -9999.0
-9999.0 -9999.0 -9999.0 -9999.0 -9999.0 1.14808184266 1.09858782041 4.57314805337 5.63030125183 6.71674873616 1.0317502216 2.04584192607 11.8767496241 2.13477409767 0.945969326833 0.856473556034 0.739814194293 0.933425007293 0.927331288928 0.814939717741 130.889742128 133.065932531 0.724207427103 2.26541557293 1.5541412825 5.73140727113 1.50912596498 0.712571160869 4.40024105294 1.65087885553 4.0641241074 9.62529005782 8.91176778176 2.52036916147 2.48965730659 0.867517079755 0.862493372382 -9999.0 -9999.0 0.864501687677 1.29312293592 2.9456232605 0.558953474354 -9999.0 -9999.0 -9999.0 -9999.0 -9999.0 -9999.0 -9999.0 -9999.0 -9999.0 -9999.0 -9999.0 -9999.0
-9999.0 -9999.0 -9999.0 -9999.0 -9999.0 -9999.0 1.19866837733 1.19518610846 2.28878693384 3.3974399987 7.71705963472 9.84168250815 10.9451242053 1.17334590408 0.87259622705 11.7941276995 14.3447647891 15.1397187203 18.5119482875 19.2711734021 0.755066862178 133.82579536 137.598515927 3.02180218706 0.722503998355 6.4494614546 14.4080397094 5.8331051315 1.49904298822 0.749608825301 15.1929478091 10.4082452906 0.734223243576 0.777690136133 3.29117343068 2.5565352882 0.753447566725 0.79011857569 0.843370408085 1.69126517453 0.812983228051 3.57737005777 4.27947908746 0.698777590088 -9999.0 -9999.0 -9999.0 -9999.0 0.787395014241 0.74133881361 0.251811889717 -9999.0 -9999.0 -9999.0 -9999.0
-9999.0 -9999.0 -9999.0 -9999.0 -9999.0 -9999.0 -9999.0 1.17075949154 1.06625752232 2.19592889638 3.29294244346 1.06980389832 1.05610081803 6.28626457841 8.16619505797 10.085731383 0.887608051193 1.7722417172 0.859949272531 20.0630583734 44.3892619632 44.9494509364 183.906439536 0.739611933272 2.09761730114 0.670403811269 15.1082425943 0.738018769835 2.26560800803 0.725472325648 15.9115315974 16.652692663 1.49276684466 1.52207095329 8.25116672844 4.135985034 1.61780603502 0.836983746823 1.68292769391 2.51988001815 4.05849262151 0.686083426081 5.60587010496 6.2203712733 0.551926942051 0.596497924482 0.618666385785 0.555808718077 0.522820679802 2.13042579506 0.862565038135 0.494902547431 -9999.0 -9999.0 -9999.0
-9999.0 -9999.0 -9999.0 -9999.0 -9999.0 -9999.0 -9999.0 -9999.0 2.30435421528 3.34640283212 1.07381601214 2.17721837325 3.19918983563 5.31595839437 1.03083869521 0.993940468752 0.868621937079 0.877167793895 0.789812626035 22.6949293116 0.903626583418 1.7648069001 186.281932441 187.754762897 0.657961810565 3.41894862423 19.1732610438 1.44030780581 2.90258096509 1.28962502115 1.94368437315 19.4762442197 2.17318442453 11.930774167 9.75635306308 0.787882563319 4.02444546598 1.63067326835 2.45755653799 0.767218595758 4.79902467534 6.15806461805 6.6965142976 7.2044999914 8.30782541201 1.05608226532 1.10985747743 1.0071042846 0.937911178932 2.62427293261 0.526722391611 1.89999013476 2.38110856432 -9999.0 -9999.0
-9999.0 -9999.0 -9999.0 -9999.0 -9999.0 -9999.0 -9999.0 -9999.0 1.15472798382 5.63644063183 6.68732490374 1.05216747142 2.05986816547 1.00650553596 0.937408385514 0.923708827541 11.5577519325 15.3566553251 18.705003719 22.0811197612 0.800389655356 0.878924610165 0.840281889835 191.419977174 193.005182957 193.611391218 25.5876257457 5.68742453804 4.97269726296 0.628888517952 2.57796549869 22.6574542306 0.661456700961 12.5643855528 0.742956192735 5.27960138891 4.84204545674 0.781324562818 3.22929087635 1.53356851214 2.28182891206 0.616471318909 0.50227809581 7.70540138031 8.16057791639 8.7617625317 1.59702912844 1.46877110483 1.37952113191 3.19150510394 4.26058596724 0.533696805818 2.93029203614 0.584867537715 1.09797707984
-9999.0 -9999.0 -9999.0 -9999.0 -9999.0 -9999.0 -9999.0 -9999.0 -9999.0 1.17813012066 7.78881303673 8.83622331304 3.08611804551 5.10557420187 6.99690813272 7.9541330378 0.973436492984 2.93094956631 1.89077608275 0.988442058568 0.976534017982 0.858379768624 1.70814257971 2.89387121782 0.910400958631 220.72560643 221.398860779 0.628329092262 0.530060948953 1.28205838433 1.93702746759 24.5703765162 1.2934526462 13.1311073324 8.03938038162 6.67067455562 0.744514695527 1.50778084279 3.93501062835 0.704843565023 2.9661275078 1.26948444486 0.937267846278 0.509612873868 9.60013498978 18.7385185768 1.93770190328 1.81684042368 1.81036504584 0.444940539591 4.6992567353 0.425943050108 3.93697174049 0.51217568116 1.60837208294
-9999.0 -9999.0 -9999.0 -9999.0 -9999.0 -9999.0 -9999.0 -9999.0 -9999.0 -9999.0 1.04374602415 10.9338435697 1.01994733694 2.02925399519 2.95579734239 4.74917441713 0.893836576483 1.94739785141 0.906707737558 0.891467784088 0.849881763799 1.68841630204 0.740096873043 0.829618247444 1.59920799413 0.828157062049 222.095249863 223.370011313 225.306542618 2.5119496121 0.655401602994 1.30742634562 25.2530760178 24.3797432107 9.48572392663 0.703077923422 2.96781252886 2.23366952809 4.6425152495 1.40855896278 5.60559356181 1.9406903456 1.48640565503 0.452657120542 0.49898023983 19.2565463711 19.7114010764 23.8384845306 3.24890452633 0.921592848081 5.18861568581 6.09289336535 10.4760462451 1.01405776202 0.469040731955
-9999.0 -9999.0 -9999.0 -9999.0 -9999.0 -9999.0 -9999.0 -9999.0 -9999.0 -9999.0 -9999.0 0.626267235707 12.3178558126 1.06213687298 1.98887646889 8.55224578245 0.941447211825 0.931957236973 0.861545764966 1.79796603192 0.893972360969 3.46624173434 4.98018228684 5.67949125176 2.24809447413 2.80325997999 0.686617138386 0.866102328152 0.720114869093 229.124576438 231.165495046 25.8156488308 25.5257816077 24.9573105834 1.15604145318 0.595111667208 3.63313828531 9.61513324651 5.31809015373 2.07732375127 8.32081116637 3.59636678321 2.99223946315 0.92593239245 0.38541623155 0.338229315018 0.38540428425 25.6679386749 30.295729421 0.448337056938 0.448588085971 0.484791633411 10.9528771727 12.4130041498 0.862618240125
-9999.0 -9999.0 -9999.0 -9999.0 -9999.0 -9999.0 -9999.0 -9999.0 -9999.0 -9999.0 -9999.0 0.582900691633 13.7091726384 16.7926398591 0.936755583952 10.3844931729 0.872918179679 0.863781412129 1.73716995563 4.4217293271 0.868962903685 0.909819323184 0.718355159747 7.13309586251 7.87687258214 11.4570382714 12.8515702492 13.5627455564 14.2019509054 14.8242350442 246.61613848 273.708300115 300.391465879 300.843168278 0.535133898161 0.638003632704 10.9499848622 10.2869066151 0.665006880945 0.677914316991 9.08445546907 13.3239348726 0.559486405668 7.12598845226 6.56153049235 1.91853118263 0.871372415441 1.40736466066 0.519322341201 31.1091806161 0.402348928778 1.32150668218 1.64546222928 15.3946921589 16.6853594341
-9999.0 -9999.0 -9999.0 -9999.0 -9999.0 -9999.0 -9999.0 -9999.0 -9999.0 -9999.0 -9999.0 1.11393368651 2.13604343172 17.7949124755 19.5965052175 0.898463693034 11.9370222893 0.766590890885 2.36277508265 5.21784275203 1.69274276041 0.820019668157 1.64924898285 0.671154171922 1.34200967825 0.68072597369 0.661282621121 0.638531168521 0.622392400292 0.586191436798 0.567050392555 0.699809926148 0.774903284552 0.788799520941 302.61738368 13.1445008514 11.8732314111 0.429342064943 1.91575857218 0.478829326705 0.498336012636 13.9287190998 22.8821577299 7.78053305541 5.68824813022 1.1429660704 0.473574665587 0.433686480191 0.861969177396 32.4020623777 33.1976167502 0.420975764861 0.425993466341 0.471110516839 0.454912886704
-9999.0 -9999.0 -9999.0 -9999.0 -9999.0 -9999.0 -9999.0 -9999.0 -9999.0 -9999.0 -9999.0 -9999.0 0.979191398747 13.1834458091 33.7326374864 36.6497657354 49.3945934567 50.0585635971 11.5636213875 8.58022224649 2.52761441148 0.808535194278 3.23755036439 3.99166880592 6.02734691126 1.39204758846 1.33229913891 1.3210946872 2.61033648426 1.24249589062 1.2149551703 0.643110805749 0.577741491703 0.536956167506 303.137591211 316.698199304 317.360477443 0.440056226419 5.06655770354 2.25925261228 0.653400676123 24.8708313115 1.40327500991 0.724519954497 3.10363282079 0.707079936678 0.52937363062 0.979473296336 1.35180004322 1.76005548684 33.873746707 0.319175773957 0.273902411296 0.274214570336 0.236933208093
-9999.0 -9999.0 -9999.0 -9999.0 -9999.0 -9999.0 -9999.0 -9999.0 -9999.0 -9999.0 -9999.0 1.06699540166 10.0620984442 12.1884429836 1.97382794501 0.657776883422 1.5308958927 52.4402305823 53.114404034 65.3379987004 0.740696529456 1.54188376883 0.687987209286 0.698272788716 6.71492993417 8.79273550928 10.7858972969 0.634698919097 3.24789807422 5.11714837517 3.07294337043 1.25632183404 1.15190651568 1.09803616027 1.07308316014 0.50043115548 317.770148719 318.082591249 323.870097165 1.09733306579 0.580383666677 25.276998731 1.522223586 0.777229199325 0.833453609565 0.82701613232 0.736555043747 1.32158637781 3.64353072914 5.84459312666 40.0447503425 0.243378592933 0.722793942445 0.487794682548 0.427236110871
-9999.0 -9999.0 -9999.0 -9999.0 -9999.0 -9999.0 -9999.0 -9999.0 -9999.0 -9999.0 -9999.0 1.08907938853 6.96753613614 1.08565684377 0.970251547169 5.03113064165 5.90035889397 6.77645419141 7.58645143791 89.0476704969 89.8429227697 91.4102668426 102.622092744 104.766762694 106.044864818 106.747161515 119.23369286 121.170495153 121.858971691 127.693067671 131.45155863 132.06371141 134.457051553 1.68166396896 1.64300022071 0.429242169281 0.383254491345 318.487312282 325.763698222 1.56686146144 28.96946725 28.4782421599 2.8077561811 0.65380519427 0.661776774273 0.665935460204 0.662325061328 1.33139692836 1.87731252107 0.511211181404 40.3542528913 40.6911664358 42.1862947255 42.4567798354 43.1321347282
-9999.0 -9999.0 -9999.0 -9999.0 -9999.0 -9999.0 -9999.0 -9999.0 -9999.0 -9999.0 -9999.0 3.59695581524 4.75069185768 2.20737798453 3.25439919275 1.03462648584 11.6880642892 12.6274585981 14.4364387903 15.2969004963 6.11618867944 98.8257203415 99.6097815269 0.729157591024 0.57684327342 0.568846910106 1.19236740382 0.671053055745 0.564799154609 0.556841628887 0.559756961574 132.729702753 135.113851935 137.354435234 139.484384536 140.941907835 0.689418833779 0.210839574231 355.952176439 29.8402650011 29.5019979481 0.64263712276 0.581172284306 0.489065448446 1.17079774616 1.17631465631 0.575923227469 0.563365354461 0.51118844585 1.01538009239 1.33711821776 0.289294558172 0.54079838706 0.18887846892 0.178916372492
-9999.0 -9999.0 -9999.0 -9999.0 -9999.0 -9999.0 -9999.0 -9999.0 -9999.0 -9999.0 -9999.0 -9999.0 2.43394016917 1.13491416666 1.0563647254 9.873452083 10.8156852922 0.96906809865 3.76801047535 4.64206338753 5.43984669404 0.914050778804 0.663728401296 15.6147024281 16.1763447498 16.7323865362 43.2636215819 43.7653600211 44.7966792437 49.5491735001 52.5245741335 53.0067365712 0.534458426813 0.55558689196 0.490288291183 141.476097824 0.261873182122 361.104622616 360.715831612 4.43084628329 4.00287695671 2.36747906265 0.572188176863 1.01375971511 1.71639592818 1.69062276341 1.11414104924 0.53932268396 1.04031131811 1.02830901481 1.78469292769 0.32864963253 0.916371088345 1.39444434675 1.77364244933
