data/baseflow/History/mHMbfrc484
ncols                  80
nrows                 72
xllcorner      4374000.0
yllcorner      5656000.0
cellsize            500
NODATA_value       -9999
[rows 24 to 47 of 72, columns 0 to 54 of 80]
-9999.0 -9999.0 -9999.0 -9999.0 -9999.0 -9999.0 -9999.0 -9999.0 -9999.0 -9999.0 -9999.0 -9999.0 1.562247306 4.49703953277 5.93421566671 10.315245596 1.40071137355 2.81147602727 4.18050941611 15.6031741992 16.795073724 17.7401641464 19.0112017847 20.3793376976 32.4188668983 36.4242544 38.6917158794 0.942163601111 5.49842291949 6.35252278953 76.6259076781 80.5392857259 82.0527220334 83.551366277 85.1924803441 303.091112251 0.918829877661 615.661893695 1.87940429349 0.831559464591 6.04736728854 5.18149816301 0.862214841771 2.9988514362 4.18726159812 4.16693593028 2.95957740545 4.87973598393 7.73681296573 2.88192069886 7.56469489378 0.725560357127 1.115885482 0.426967536743 0.37790762802
-9999.0 -9999.0 -9999.0 -9999.0 -9999.0 -9999.0 -9999.0 -9999.0 -9999.0 -9999.0 -9999.0 -9999.0 1.51104845518 3.00986345009 1.44167551497 2.89675222293 1.39183223485 10.1040849995 12.8662993003 14.2634075608 1.34685045708 2.58223167584 23.8946277714 29.9760554348 31.11724124 2.64981092668 2.70064268656 3.86935213374 0.817704589418 0.793532689429 1.53488308741 0.761878052218 37.0469140781 37.8629986727 38.9000329836 303.900807781 622.743202971 616.674564974 1.46189425313 0.591433056306 0.541950106234 2.0953061 1.51947869555 3.73055473 5.06139034587 10.1910253885 0.954049860861 0.95467345762 8.59046430663 9.45484589066 18.6369753864 19.3349838901 20.8919316543 21.7223649449 0.806185436623
-9999.0 -9999.0 -9999.0 -9999.0 -9999.0 -9999.0 -9999.0 -9999.0 -9999.0 -9999.0 -9999.0 -9999.0 -9999.0 1.49517022346 2.96813517164 4.42950634882 7.26041377048 1.46908054912 1.4045286268 9.28559297787 10.6224684414 21.5324060631 22.8342478079 3.73212962583 1.35588082774 1.3372939418 1.32363401389 32.0964149752 33.0905021386 33.9630773516 34.7277281311 36.2625857831 7.84575506378 8.78530507581 48.757286273 975.780438528 5.12285112702 4.39790403799 2.14164715382 0.556983830334 0.50408283769 3.20485921727 3.69819593038 4.806335839 0.534254572974 10.8133700346 1.67615892341 1.65534378059 0.501487808505 0.418197408549 0.398459712488 0.41008480581 0.402282573454 22.1111284672 294.809387273
-9999.0 -9999.0 -9999.0 -9999.0 -9999.0 -9999.0 -9999.0 -9999.0 -9999.0 -9999.0 -9999.0 -9999.0 -9999.0 -9999.0 1.454411509 2.72316726929 3.88504883383 5.08788981167 6.48521467391 7.90352583173 4.2237611712 6.98181359601 1.31813198347 1.30283683183 25.7235071761 28.2964567628 29.5487007675 30.8934619325 1.16848920293 2.18605931451 5.39099359211 6.27637417605 7.06607116869 0.971159474701 0.903502448067 978.020349656 0.761289914794 1.31666373299 0.669660146671 2.11930371533 1.0036585782 0.607593398213 9.08082302416 9.59877958597 0.462661547953 11.2997155402 13.4668057021 2.14001436097 310.919920391 309.963357074 309.098725524 307.327034678 306.528297237 296.383830859 295.949867749
-9999.0 -9999.0 -9999.0 -9999.0 -9999.0 -9999.0 -9999.0 -9999.0 -9999.0 -9999.0 -9999.0 -9999.0 -9999.0 -9999.0 0.267841202582 0.628684325824 1.16531709266 9.80749011304 11.2623939252 1.44941370589 1.41647210164 1.38697112264 20.5051522087 23.1585067289 1.29584821681 1.32253966875 1.21929936649 4.94026083977 6.16070955885 3.45212896542 4.32353278257 27.3365907963 28.3459022204 30.2136069528 48.8446180295 1027.2906573 0.760357584082 0.627417225897 3.15078055968 2.62274509794 0.459878725484 1.55880189921 2.04119451255 10.1422827446 10.6367232841 25.3290313033 13.7663443245 2.39969874331 319.53720719 4.43051417658 308.261436047 307.806339144 9.3957237132 0.390170480759 0.861069913346
-9999.0 -9999.0 -9999.0 -9999.0 -9999.0 -9999.0 -9999.0 -9999.0 -9999.0 -9999.0 -9999.0 -9999.0 -9999.0 -9999.0 1.39176863854 2.26901578854 4.86615452671 8.43177912115 12.320809906 15.046826882 16.4449959136 17.8462494947 19.2044105445 1.32109868814 1.28848241399 2.54875155481 2.46581396351 1.25743491367 23.3965920522 24.6029703242 25.7576734836 26.8472804651 15.713615871 16.7167641344 17.7236581819 1027.65047081 1.23071583902 1.61223448175 5.04429626745 0.455762712632 0.944357196149 0.477641415932 0.455538501373 2.48746739154 0.43296700585 0.45858950188 347.114642144 321.389390298 320.923394278 1.47851498039 3.9658432201 2.6278823049 0.680770590217 8.56709219902 2.69461198756
-9999.0 -9999.0 -9999.0 -9999.0 -9999.0 -9999.0 -9999.0 -9999.0 -9999.0 -9999.0 -9999.0 -9999.0 -9999.0 -9999.0 0.968899508411 0.881712615156 1.71134405296 2.64966368779 1.37843540623 1.46996832903 2.88236391562 4.30683746019 7.02881243081 8.37329226626 9.67100631555 13.5361442096 14.7748511332 16.0512964842 1.21601140453 11.9302453105 13.0195644999 13.9811681546 0.793208097195 0.47545690462 0.820982690539 1045.47145735 1045.81898712 1047.79054171 6.22646038582 0.876786783457 1.65125077838 0.557563723406 0.838232278713 2.87878361957 3.6825834234 0.859392967321 349.133678096 0.620581558274 0.833108010307 0.896546499852 0.745658291468 1.36851059873 0.614791434377 5.19237159288 4.07872298314
-9999.0 -9999.0 -9999.0 -9999.0 -9999.0 -9999.0 -9999.0 -9999.0 -9999.0 -9999.0 -9999.0 -9999.0 -9999.0 -9999.0 -9999.0 0.822207385717 1.64555741705 0.862424880465 1.79509792452 11.2494830353 12.5677202083 13.9937686143 1.35665047812 1.35889297054 2.66014742371 3.9652861109 6.42033168766 7.65613198497 8.34185294294 9.51851180596 1.07404534025 0.995064988776 15.4730908453 15.9006370786 16.2679512742 16.6317099927 13.5764764513 1062.87757052 1071.49079653 1071.84312348 1073.81911465 1075.69287877 1077.09636561 0.475255713639 4.07837071172 349.625559684 1.22268268272 0.622192536783 0.577507048202 0.490644039578 0.878056271391 0.85076966241 0.465742566189 0.555859499726 0.543547145165
-9999.0 -9999.0 -9999.0 -9999.0 -9999.0 -9999.0 -9999.0 -9999.0 -9999.0 -9999.0 -9999.0 -9999.0 -9999.0 -9999.0 -9999.0 -9999.0 2.44665360726 3.38546454166 6.15089156977 8.37583271237 1.24520629797 16.6806118264 18.0201416498 19.3664712035 1.32804789551 2.63264385414 1.23167990817 8.87389862446 9.52652780512 10.5658655404 11.6884765395 14.4382814276 14.7737173286 0.228065898016 12.1751719148 12.892292645 13.2316182809 14.7274098679 2.03336846952 1.3445926733 0.87956464629 0.823785408733 1078.45551151 1079.23516712 1086.15579236 350.148989411 3.15715651963 1.45068257208 0.971068967512 0.337392649631 2.61862796598 1.3423738788 0.438740492377 2.27078143144 1.87354062659
-9999.0 -9999.0 -9999.0 -9999.0 -9999.0 -9999.0 -9999.0 -9999.0 -9999.0 -9999.0 -9999.0 -9999.0 -9999.0 -9999.0 -9999.0 -9999.0 0.935079399014 4.29131505048 5.26716380951 1.31785336713 1.42606918979 2.83511498372 4.17451436781 24.8790109236 1.32279379465 5.29451789261 6.54121402187 7.76351016098 0.684998177374 1.66855094911 2.25792612376 9.80646520679 10.9575183867 11.2481649459 0.34685368503 0.362755706403 0.442627730451 0.804836741611 0.351980119997 0.382797701157 0.798747381354 0.586287866866 0.760198105138 2.26965400506 1086.89443963 1438.99887472 3.88455956117 0.477814223832 0.379039117831 7.9558587964 7.23473348338 4.17354379559 3.72913537163 2.79057648733 0.55062264468
-9999.0 -9999.0 -9999.0 -9999.0 -9999.0 -9999.0 -9999.0 -9999.0 -9999.0 -9999.0 -9999.0 -9999.0 -9999.0 -9999.0 -9999.0 0.738481495475 2.54678272458 0.860920985275 1.4629859778 1.4954005603 2.92017185853 4.31015858933 5.5763584462 31.4566425979 32.7464731266 1.31314818427 2.55613755552 3.80192984599 4.68257439961 5.68275196833 8.68599656391 9.44185512706 0.744838535421 0.62704392629 0.573482191594 0.745623852517 0.806391601745 0.750906361007 0.668960180836 0.738506977854 2.90969292362 1.32371151227 0.64522137118 0.628417405287 0.658310308295 1.27597454022 1462.55174618 19.2701846415 9.50824337129 0.712152666749 0.317733476497 0.314447614789 1.11946733104 0.785342575735 0.406503935208
-9999.0 -9999.0 -9999.0 -9999.0 -9999.0 -9999.0 -9999.0 -9999.0 -9999.0 -9999.0 -9999.0 -9999.0 -9999.0 -9999.0 0.770276316868 1.49947730269 5.64961907014 0.847750393224 2.75725537259 4.2470992417 5.69645298002 1.44266524823 2.78553321783 3.96802057383 37.6861573109 1.27894427683 2.48969192334 3.70743323159 1.14867706825 2.27826371886 3.00802152357 3.7713902833 77.7674549278 79.1550291614 80.5270482905 86.4456364825 88.6703206344 93.2766757834 1.65450230087 3.35065426058 3.75689982391 109.040936758 110.325380239 0.601869816074 1.16202211493 1.70558069994 1463.06202987 18.4400871084 8.09190377418 7.75018985959 6.56408221508 5.97029005152 1.48979416454 0.353792496577 0.723874619968
-9999.0 -9999.0 -9999.0 -9999.0 -9999.0 -9999.0 -9999.0 -9999.0 -9999.0 -9999.0 -9999.0 -9999.0 -9999.0 -9999.0 0.773846065157 2.35804695403 8.78489950519 12.8504668822 0.765821232965 17.1548474834 23.8123801455 1.39033647522 2.71800093736 3.94974766688 48.9551994349 50.011612754 1.17312503452 6.06927119866 7.19942670802 8.15008017695 69.5439858997 71.8681029076 73.2593238317 0.693740966983 4.04901420678 4.84519459762 2.25005142238 3.24171106513 97.9773410097 102.881017497 103.75313033 104.603364075 111.637913875 0.646955568185 0.60176726617 2.82942246999 1463.65268394 0.480776664576 0.298536725369 0.879010210005 0.307730937634 5.36569342568 4.58721031468 2.67624707789 1.9414515771
-9999.0 -9999.0 -9999.0 -9999.0 -9999.0 -9999.0 -9999.0 -9999.0 -9999.0 -9999.0 -9999.0 -9999.0 -9999.0 -9999.0 -9999.0 -9999.0 1.64666067309 3.31698735947 15.3131272562 16.2194694345 24.6124044498 25.5777726989 1.3672866437 2.7285950285 6.49851379445 50.9324388458 53.265970222 54.3573658232 0.941948075109 58.211762977 60.6131966981 1.52165950644 0.682003791084 1.35155742578 2.63788853805 0.638014479615 1.32242371027 3.0737847162 3.88220974267 0.722421470444 0.58323857075 1.19426326829 115.531788008 116.823906148 117.375886411 121.410932104 1464.21102542 0.354451956704 0.253424132397 0.270357666021 0.266205503746 0.269586700654 0.252079056745 0.485404518364 0.27823305223
-9999.0 -9999.0 -9999.0 -9999.0 -9999.0 -9999.0 -9999.0 -9999.0 -9999.0 -9999.0 -9999.0 -9999.0 -9999.0 -9999.0 -9999.0 -9999.0 0.855614043666 0.840273314378 0.857489069476 1.85193471847 0.837140873938 27.2257822814 28.1184984275 1.27382677089 2.55524878476 1.29537840377 1.1770886381 1.16099039743 56.4554445319 0.800631597284 1.58487382896 0.801225166251 0.709227777139 0.649714565906 0.557395366787 0.570539916862 1.71679147426 2.31956941962 0.505759242917 0.4769448256 0.99734607042 1.57965183229 1.96277465955 0.532425091437 117.997216259 121.963854574 1464.63715544 1.50578537113 0.813853800063 0.205401372085 0.443554343722 0.180380944397 0.150994852254 0.647713557322 1.41017266135
-9999.0 -9999.0 -9999.0 -9999.0 -9999.0 -9999.0 -9999.0 -9999.0 -9999.0 -9999.0 -9999.0 -9999.0 -9999.0 -9999.0 -9999.0 -9999.0 -9999.0 -9999.0 0.832340674153 2.63316614237 3.36241113844 4.16425606488 28.8992267739 29.6848176213 30.5366871446 31.6221651228 32.7675614718 35.0971631192 35.893873718 36.6607456328 37.3747764658 0.672902350191 0.640364918498 0.652015945676 2.36405779365 0.60504546937 0.582713668478 0.508285901419 1.49900419503 0.562748441642 0.48389593257 0.461481775256 0.407003146932 0.812872692051 1.19419816924 124.450428369 1591.06519267 0.333358419681 0.772449928355 0.191221535889 0.636208956049 0.390930753605 0.303778059093 3.25045575414 2.37686805533
-9999.0 -9999.0 -9999.0 -9999.0 -9999.0 -9999.0 -9999.0 -9999.0 -9999.0 -9999.0 -9999.0 -9999.0 -9999.0 -9999.0 -9999.0 -9999.0 -9999.0 -9999.0 -9999.0 0.705109577741 5.48402258641 11.1779050508 12.0529802128 1.2136275412 2.47742062205 3.75825966512 4.93022897999 12.2818712263 12.9895088258 0.686432038113 0.668702742414 38.8333625148 40.1529515713 40.7413101831 2.86654919545 0.488991471969 1.09190001593 1.61438404831 4.79317486091 5.86446492795 6.79627477837 0.881645021413 1.25635727439 0.420728990406 0.836799003294 0.426158136038 1591.95783548 0.338368359162 1.40522118113 0.61587343624 1.56871549866 3.38914130378 3.88009563466 7.31216306428 2.94406023688
-9999.0 -9999.0 -9999.0 -9999.0 -9999.0 -9999.0 -9999.0 -9999.0 -9999.0 -9999.0 -9999.0 -9999.0 -9999.0 -9999.0 -9999.0 -9999.0 -9999.0 -9999.0 0.771710609835 2.43788076856 4.78972206301 6.27789534401 16.592911024 17.6458814802 2.6062490932 3.88796661733 5.05693139929 6.23498816623 13.7440760201 15.1513857307 26.7828242313 27.7008534781 28.3873116679 41.346777563 45.8693833144 1.09576019465 0.634615897668 0.620963001819 1.20719821889 0.568080435653 7.89159916083 8.33902708311 1.68424658315 2.0934684223 0.489096578089 299.714453555 300.654833111 1893.22695139 1895.1243185 0.319866688386 2.23190749285 0.495243207597 0.454772583431 8.23658288579 11.5284247819
-9999.0 -9999.0 -9999.0 -9999.0 -9999.0 -9999.0 -9999.0 -9999.0 -9999.0 -9999.0 -9999.0 -9999.0 -9999.0 -9999.0 -9999.0 -9999.0 -9999.0 -9999.0 -9999.0 0.862949991475 0.841780416508 1.60457240651 3.82617701469 18.4010095215 1.3195718218 1.30687995795 2.46679886688 3.63097860306 8.96554300134 9.81508920177 0.586296155666 0.597364197586 29.1203735507 29.7436345714 76.2071249767 76.7836978145 0.455019730259 0.419461750768 0.37467819051 0.377390790557 0.381852818344 292.012193821 294.456945622 296.920872262 297.760472314 299.292216116 0.458038261323 1.74652271522 2.28261882284 1898.33108577 1898.65890419 1898.97017717 1899.39273095 1899.70052751 12.0480190404
-9999.0 -9999.0 -9999.0 -9999.0 -9999.0 -9999.0 -9999.0 -9999.0 -9999.0 -9999.0 -9999.0 -9999.0 -9999.0 -9999.0 -9999.0 -9999.0 -9999.0 -9999.0 -9999.0 -9999.0 0.782752662514 0.813714582184 1.5194365159 21.3726938285 22.2905053364 1.29636738654 2.45147156615 3.62664145418 4.51316289565 0.806056420419 1.58726529805 55.1984270583 55.8397650654 56.4172753008 60.7514692147 138.077154177 276.084089206 277.057545234 277.971857703 278.861696508 282.200379741 283.235098601 2.03782002428 0.97013776133 0.533817024976 1.0329973229 0.868910962403 1.34520734352 0.440294988629 9.07572022667 10.1154883965 10.8858736805 11.2340874243 1900.10469721 1912.66737793
-9999.0 -9999.0 -9999.0 -9999.0 -9999.0 -9999.0 -9999.0 -9999.0 -9999.0 -9999.0 -9999.0 -9999.0 -9999.0 -9999.0 -9999.0 -9999.0 -9999.0 -9999.0 -9999.0 -9999.0 -9999.0 0.793811952393 1.52397659388 2.25706303752 22.9429076626 1.04167685446 32.0581999229 33.2591494863 34.0981681286 34.9156364974 52.0226657457 52.8421013427 0.660455078756 3.20313623697 3.8786441894 0.641775231226 137.014412261 135.825337926 0.444771122343 0.960118361368 2.52618596866 0.537682558383 0.560256055594 0.490158491865 0.446293054646 0.379395387699 0.421141779468 7.64020256647 8.07047154479 8.54918739466 0.555806294647 0.38402364472 11.5303951266 11.9354681432 12.2093317737
-9999.0 -9999.0 -9999.0 -9999.0 -9999.0 -9999.0 -9999.0 -9999.0 -9999.0 -9999.0 -9999.0 -9999.0 -9999.0 -9999.0 -9999.0 -9999.0 -9999.0 -9999.0 -9999.0 -9999.0 -9999.0 0.731417096167 0.687924120876 3.55122909303 28.0438881503 29.8767000281 30.9118264639 1.21573953796 15.2135359083 15.9765305089 16.3373146341 0.749397988856 1.47490775082 2.12843445058 32.3968696684 32.9320424116 33.4177732953 134.894096464 79.700374699 0.510717658325 0.527393162046 0.515957455064 0.45267076716 4.42246853199 5.38040566667 6.25846665142 6.73285548216 7.19713884089 41.1864218762 41.5870682138 41.9434311937 42.7514050108 47.50901399 47.830884287 60.3987182794
-9999.0 -9999.0 -9999.0 -9999.0 -9999.0 -9999.0 -9999.0 -9999.0 -9999.0 -9999.0 -9999.0 -9999.0 -9999.0 -9999.0 -9999.0 -9999.0 -9999.0 -9999.0 -9999.0 -9999.0 -9999.0 -9999.0 1.42859587137 2.17728833079 0.885165316832 1.31407620873 10.7732937853 12.0143765252 13.0261081944 6.66476012968 7.44345004686 8.25112118135 8.92809530909 31.2461309845 31.8790556078 20.1905484116 54.1675592572 54.7050010672 79.2425463247 1.06283784241 0.53698327278 0.436797835435 3.00224579595 3.5176549646 0.392101683406 0.376643269245 39.5167545998 40.3844254285 40.8181634509 0.397592015784 0.575462061662 46.5696801713 0.545470493535 2.28744628423 2.57043191051
-9999.0 -9999.0 -9999.0 -9999.0 -9999.0 -9999.0 -9999.0 -9999.0 -9999.0 -9999.0 -9999.0 -9999.0 -9999.0 -9999.0 -9999.0 -9999.0 -9999.0 -9999.0 -9999.0 -9999.0 -9999.0 -9999.0 0.713916092794 1.41538355352 6.19576873938 7.12195458181 8.25737865249 4.80398164914 5.8807517199 0.794614328107 20.23001237 20.9679086161 21.680550917 0.657578939771 18.9784046324 19.621970917 0.546930238353 76.5317003102 1.12716691632 0.560996838181 1.57340118216 2.11152555975 0.460296791178 0.405091706872 35.3904294469 38.7029783531 39.1879204389 0.490281670318 1.20615727892 1.54245410102 1.89773295534 3.55645299191 0.851333142658 1.85710953069 0.403563131047
