data/baseflow/History/mHMbfrc234
ncols                  80
nrows                 72
xllcorner      4374000.0
yllcorner      5656000.0
cellsize            500
NODATA_value       -9999
[rows 0 to 23 of 72, columns 0 to 53 of 80]
-9999.0 -9999.0 -9999.0 -9999.0 -9999.0 -9999.0 -9999.0 -9999.0 -9999.0 -9999.0 -9999.0 -9999.0 0.655896053161 0.650368197852 -9999.0 -9999.0 -9999.0 -9999.0 -9999.0 -9999.0 -9999.0 -9999.0 -9999.0 -9999.0 -9999.0 -9999.0 -9999.0 -9999.0 -9999.0 -9999.0 -9999.0 -9999.0 -9999.0 -9999.0 -9999.0 -9999.0 -9999.0 -9999.0 -9999.0 -9999.0 -9999.0 -9999.0 -9999.0 -9999.0 -9999.0 -9999.0 -9999.0 -9999.0 -9999.0 -9999.0 -9999.0 -9999.0 -9999.0 -9999.0
-9999.0 -9999.0 -9999.0 -9999.0 -9999.0 -9999.0 -9999.0 -9999.0 -9999.0 -9999.0 -9999.0 -9999.0 1.34756239203 3.16207490336 0.541351652241 -9999.0 0.491581878001 -9999.0 -9999.0 -9999.0 -9999.0 -9999.0 -9999.0 -9999.0 -9999.0 -9999.0 -9999.0 -9999.0 -9999.0 -9999.0 -9999.0 -9999.0 -9999.0 -9999.0 -9999.0 -9999.0 -9999.0 -9999.0 -9999.0 -9999.0 -9999.0 -9999.0 -9999.0 -9999.0 -9999.0 -9999.0 -9999.0 -9999.0 -9999.0 -9999.0 -9999.0 -9999.0 -9999.0 -9999.0
-9999.0 -9999.0 -9999.0 -9999.0 -9999.0 -9999.0 -9999.0 -9999.0 -9999.0 -9999.0 0.603364434958 0.580734189223 0.645393141316 0.647313246262 4.335160285 4.85111550276 1.31039786563 0.410174355195 -9999.0 -9999.0 -9999.0 -9999.0 -9999.0 -9999.0 -9999.0 -9999.0 -9999.0 -9999.0 -9999.0 -9999.0 -9999.0 -9999.0 -9999.0 -9999.0 -9999.0 -9999.0 -9999.0 -9999.0 -9999.0 -9999.0 -9999.0 -9999.0 -9999.0 -9999.0 -9999.0 -9999.0 -9999.0 -9999.0 -9999.0 -9999.0 -9999.0 -9999.0 -9999.0 -9999.0
-9999.0 -9999.0 -9999.0 -9999.0 -9999.0 -9999.0 -9999.0 -9999.0 -9999.0 0.563751988741 1.18297848588 2.35301462393 1.22224119611 0.585527121652 1.14071494788 5.38393957 7.64734417952 0.47340351092 -9999.0 0.614055391904 -9999.0 -9999.0 -9999.0 -9999.0 0.921215055058 0.476882164501 -9999.0 -9999.0 -9999.0 -9999.0 -9999.0 -9999.0 -9999.0 -9999.0 -9999.0 -9999.0 -9999.0 -9999.0 -9999.0 -9999.0 -9999.0 -9999.0 -9999.0 -9999.0 -9999.0 -9999.0 -9999.0 -9999.0 -9999.0 -9999.0 -9999.0 -9999.0 -9999.0 -9999.0
-9999.0 -9999.0 -9999.0 -9999.0 -9999.0 -9999.0 -9999.0 -9999.0 0.729098587918 1.94259796583 2.51059548878 3.08312722767 4.1360978171 0.528108722751 2.17552208687 2.68307242796 11.3061220084 0.49096643421 0.471926497973 1.13062029099 1.62913367981 0.532625363422 -9999.0 2.37644176117 1.96112325952 0.534275400067 -9999.0 -9999.0 -9999.0 -9999.0 -9999.0 -9999.0 -9999.0 -9999.0 -9999.0 -9999.0 -9999.0 -9999.0 -9999.0 -9999.0 -9999.0 -9999.0 -9999.0 -9999.0 -9999.0 -9999.0 -9999.0 -9999.0 -9999.0 -9999.0 -9999.0 -9999.0 -9999.0 -9999.0
-9999.0 -9999.0 -9999.0 -9999.0 -9999.0 -9999.0 0.675397144171 0.590579135622 0.57493540431 0.596293466453 0.631240989098 4.36794505582 9.10683172439 9.68830224156 10.1438510101 0.442970808248 12.2529831048 12.7372095367 0.987429120287 0.514566850184 2.11483309732 3.68175372614 0.521457663243 3.97135194926 0.545205251086 0.544553128901 0.556739249553 -9999.0 -9999.0 -9999.0 -9999.0 -9999.0 -9999.0 -9999.0 -9999.0 -9999.0 -9999.0 -9999.0 -9999.0 -9999.0 -9999.0 -9999.0 -9999.0 -9999.0 -9999.0 -9999.0 -9999.0 -9999.0 -9999.0 -9999.0 -9999.0 -9999.0 -9999.0 -9999.0
-9999.0 -9999.0 -9999.0 -9999.0 -9999.0 -9999.0 1.3760526332 2.02479895284 4.5502889003 6.26220602271 0.527729335394 0.554310333268 0.537497636344 1.56946554698 12.185422472 0.409365176706 13.2006290862 15.0736784265 1.46148559874 0.957061029384 4.13494444609 0.514257178008 4.46040932345 0.986097344807 0.493096317606 1.01376722771 1.11707710764 0.566005944548 0.56810018212 0.540805520813 0.598992125283 1.193709629 -9999.0 -9999.0 -9999.0 -9999.0 -9999.0 -9999.0 -9999.0 -9999.0 -9999.0 -9999.0 -9999.0 -9999.0 -9999.0 -9999.0 -9999.0 -9999.0 -9999.0 -9999.0 -9999.0 -9999.0 -9999.0 -9999.0
-9999.0 -9999.0 -9999.0 -9999.0 -9999.0 0.792116741934 1.51340893896 0.714511604477 1.38298832751 6.95613234162 8.14388424307 9.30696894473 31.9699470351 0.527009498422 12.7093466825 49.2364498885 49.61093928 65.4007948191 0.442612202006 1.4026881359 4.59031530028 0.447401817886 10.0506566382 5.12029832374 3.15752824001 2.65353417392 0.545958610101 1.65911220598 1.63019583371 1.0809072469 0.508718443405 1.72499428161 0.490661178815 0.475655356457 -9999.0 -9999.0 -9999.0 -9999.0 -9999.0 -9999.0 -9999.0 -9999.0 -9999.0 -9999.0 -9999.0 -9999.0 -9999.0 -9999.0 -9999.0 -9999.0 -9999.0 -9999.0 -9999.0 -9999.0
-9999.0 -9999.0 -9999.0 -9999.0 -9999.0 0.813724228566 2.34803596315 4.63087121573 5.33069466344 10.6785176647 11.3285308964 13.4176466148 22.1448084966 33.8203709784 35.0489470344 35.6346041131 0.965809604477 67.178879353 68.0800351897 70.4729495125 86.9954173181 11.4741747505 10.560932779 3.65256737419 0.474155085177 3.11916964518 2.13969058274 0.447078808773 2.10149908407 0.455822511406 0.943369772242 2.66501644505 3.13979708094 0.935812776427 0.460551957015 0.440160697913 -9999.0 -9999.0 -9999.0 -9999.0 0.457054545106 0.408650859068 -9999.0 -9999.0 -9999.0 -9999.0 -9999.0 -9999.0 -9999.0 -9999.0 -9999.0 -9999.0 -9999.0 -9999.0
-9999.0 -9999.0 -9999.0 -9999.0 -9999.0 0.769468056562 0.731497058235 3.1982807861 3.92327421847 4.68274824111 0.717285883608 1.40996809341 8.27686468925 1.51604559158 0.682850985839 0.591425335872 0.518688818774 0.618374742456 0.561807723019 0.588960754994 87.5067629234 88.8822102448 0.441504269777 1.36883006219 0.940297703326 3.57024001885 0.912748172534 0.431153696884 2.58839286666 0.882512505904 2.12895067504 5.38679322087 4.99804894566 1.39017112659 1.34465656186 0.465740578943 0.457006768575 -9999.0 -9999.0 0.458259189483 0.972860133718 2.24714880239 0.438909634397 -9999.0 -9999.0 -9999.0 -9999.0 -9999.0 -9999.0 -9999.0 -9999.0 -9999.0 -9999.0 -9999.0
-9999.0 -9999.0 -9999.0 -9999.0 -9999.0 -9999.0 0.853157315832 0.878440576369 1.61479418661 2.38195390596 5.39087496916 6.86948460028 7.642570183 0.826310799264 0.581975020063 8.08359691798 9.86291750642 10.3952855951 12.6860155247 13.1759502111 0.484259224954 89.3795491819 91.6339256061 1.78335997126 0.295290558643 3.9463915942 8.6681234375 3.42830737092 0.814281226874 0.408071320358 8.32610362502 5.81597409301 0.406968594253 0.406524088716 1.76801176565 1.35611392261 0.436563736443 0.417794919309 0.446508110972 0.891073770922 0.422647846136 2.73065433577 3.15062381215 0.386523513553 -9999.0 -9999.0 -9999.0 -9999.0 0.466594672197 0.430741011245 0.126985329649 -9999.0 -9999.0 -9999.0
-9999.0 -9999.0 -9999.0 -9999.0 -9999.0 -9999.0 -9999.0 0.821843955197 0.709614318809 1.52370828847 2.31862059846 0.74286165476 0.663577536752 4.29657092449 5.6002286617 6.95842794985 0.641234899919 1.19873869845 0.606870435084 13.7072724284 30.4259266349 30.8673700331 123.423855318 0.444558317722 0.833298382693 0.248112525953 9.06289268845 0.40944829529 1.23212143076 0.399921263584 8.72723820111 9.13016469062 0.820132042661 0.804359658218 4.44104367491 2.23207268031 0.870778099321 0.447972978434 0.886726337559 1.32383329999 2.14722900534 0.397880873478 3.88988005586 4.2230041402 0.293917535696 0.321159499914 0.345102150634 0.301423622008 0.285149684512 1.23433955054 0.459305587914 0.290008203085 -9999.0 -9999.0
-9999.0 -9999.0 -9999.0 -9999.0 -9999.0 -9999.0 -9999.0 -9999.0 1.53149931193 2.17872888918 0.744018368114 1.53926310661 2.26599033737 3.70234511427 0.73056276261 0.686448817871 0.562852538481 0.56763928029 0.490625043951 15.642405603 0.616276002285 1.17952845867 125.039200394 125.897980443 0.312348751964 1.468372618 10.8694196492 0.792100452543 1.57838834683 0.716999038655 1.05705731248 10.650875794 1.17498556223 6.35399146899 5.20654845994 0.391297404912 2.13663458996 0.863523123902 1.28337703933 0.392149386149 2.53919641915 3.28029097843 3.56128993895 3.82219060087 5.31831157618 0.554748628532 0.602614524341 0.532556266163 0.497745663836 1.49891266308 0.289598929048 1.04742043152 1.30245413128 -9999.0
-9999.0 -9999.0 -9999.0 -9999.0 -9999.0 -9999.0 -9999.0 -9999.0 0.823273611771 3.80085826125 4.51338832972 0.710394784058 1.38710407827 0.673408143274 0.60528189636 0.593571034179 7.71447908112 10.2998346657 12.6709457073 15.1541326825 0.600732586134 0.58486079869 0.491388385827 128.193818895 129.10893728 129.417553497 14.3491961201 3.12411357728 2.73496227809 0.325559308191 1.36884661969 12.3520198708 0.326212640134 6.69076577381 0.379610830798 2.75973834029 2.56320855206 0.405469894106 1.68002490316 0.783842236226 1.16546193814 0.328353609767 0.253896490648 4.07848331783 4.30934505415 5.54836918825 0.857463303639 0.770512819418 0.728291795751 1.80896047348 2.39911644394 0.294639970969 1.57689969594 0.296498548256
-9999.0 -9999.0 -9999.0 -9999.0 -9999.0 -9999.0 -9999.0 -9999.0 -9999.0 0.867653289135 5.30439639163 5.99812061929 2.07035364818 3.43401307802 4.67892649923 5.32518062992 0.685872079168 2.00844669299 1.34475273394 0.719241130054 0.673195646793 0.573707683965 1.11659895421 1.82046433128 0.521404982667 144.663596739 144.989158118 0.282180666129 0.247566214975 0.657127691211 0.978220246245 13.3156969941 0.642803592996 6.97785358912 4.14680623307 3.45406265285 0.376707896793 0.767102059071 2.02683990791 0.347341953742 1.49864969774 0.662664775077 0.4181838538 0.18730929211 4.90362421059 10.6337142925 1.02101315072 0.93896338401 0.953337936891 0.233405236552 2.6336569238 0.226357074351 2.10145241686 0.249802034612
-9999.0 -9999.0 -9999.0 -9999.0 -9999.0 -9999.0 -9999.0 -9999.0 -9999.0 -9999.0 0.722338886723 7.4501501866 0.673811408638 1.35436953995 1.95781481142 3.13274857284 0.605092563534 1.29478105949 0.629824945356 0.57008975885 0.531591439351 1.05189658554 0.450889728001 0.462822958213 0.838901388812 0.466563545172 145.378160479 145.979233191 146.865984403 1.25283949868 0.323229090019 0.644842128255 13.6583906543 12.7475865116 4.86309942876 0.349650160639 1.4986534994 1.12888271248 2.37481299795 0.692172265695 2.84277106966 0.998258537019 0.666714868112 0.125142599932 0.200911625138 10.9003079065 11.1246445899 13.2690452572 1.69089185812 0.484528955898 2.89295518256 3.3723731238 5.69575487021 0.495141005517
-9999.0 -9999.0 -9999.0 -9999.0 -9999.0 -9999.0 -9999.0 -9999.0 -9999.0 -9999.0 -9999.0 0.387871391285 8.24775496648 0.635996706727 1.22613072167 5.53069938237 0.610783554488 0.598203483115 0.505600974291 1.10579475922 0.548530760384 2.14324584473 3.05146594395 3.45594652256 1.18308043643 1.44567998855 0.307285163563 0.404063855014 0.377852334381 148.795909308 149.676488651 13.9356615154 13.321801636 13.0399086815 0.603940582627 0.289679816812 1.81790308793 4.83698644642 2.70036460221 1.01140373898 4.16866181189 1.37881515541 1.08694889242 0.237968029965 0.0950200779794 0.098526224446 0.117863009064 13.9464609067 16.3251012666 0.232303062312 0.213112201931 0.237581524161 5.92420239989 6.62955756077
-9999.0 -9999.0 -9999.0 -9999.0 -9999.0 -9999.0 -9999.0 -9999.0 -9999.0 -9999.0 -9999.0 0.348565492273 9.07656741787 11.1513818542 0.601618720969 6.71686414276 0.547760306719 0.506511864647 1.02444811129 2.6667125617 0.516260323755 0.558444559492 0.441964925863 4.32942987001 4.73122550676 6.61951977366 7.26483726845 7.58998554474 7.86799909204 8.19141006261 158.191800808 172.643980596 186.447467682 186.661351156 0.236931413711 0.283389985804 5.48014094102 5.16084451957 0.318740049503 0.315863799131 4.48396766461 6.18594749369 0.248532549003 3.03113791798 2.84033184265 0.611073321077 0.283351168474 0.490921705965 0.261523787183 16.7467036376 0.220706486822 0.648327891482 0.806258880421 7.99488697262
-9999.0 -9999.0 -9999.0 -9999.0 -9999.0 -9999.0 -9999.0 -9999.0 -9999.0 -9999.0 -9999.0 0.779928278044 1.48090021986 11.8230707955 12.9292144079 0.562339106264 7.7786524605 0.439452433622 1.37606019172 3.12947674847 0.9830647523 0.463120758164 0.970645613842 0.373604945458 0.714376187399 0.348249075621 0.306349811423 0.233260259992 0.205858574979 0.175376804462 0.158642857636 0.231201429465 0.304179684467 0.342334568999 187.473357481 6.26213142789 5.82749103776 0.162360435165 0.89458349528 0.239909878355 0.222686218908 6.47315510344 10.3952956926 3.36725452136 2.62580481586 0.38801775975 0.151615226048 0.126351330761 0.315793535592 17.2795101832 17.6972769805 0.221059829328 0.232454095871 0.205435617164
-9999.0 -9999.0 -9999.0 -9999.0 -9999.0 -9999.0 -9999.0 -9999.0 -9999.0 -9999.0 -9999.0 -9999.0 0.602748807944 9.07114888771 22.6039408839 24.4803840797 32.7795468641 33.2782102367 6.90081236789 5.0632830024 1.45689195048 0.452704733477 1.85689882149 2.27913730483 3.35320937629 0.720712721557 0.640661267398 0.57671098449 1.11025762532 0.494923428799 0.458747231181 0.2384407531 0.12807774881 0.133752172164 187.72337693 194.187099659 194.401329703 0.159555703348 2.30713526974 1.07159153239 0.313669753716 11.4320434232 0.754434527546 0.396473394027 1.71748684913 0.32975448004 0.231239030041 0.421731867482 0.586577093096 0.778970964345 18.0356262178 0.156916911689 0.135650802111 0.135264349924
-9999.0 -9999.0 -9999.0 -9999.0 -9999.0 -9999.0 -9999.0 -9999.0 -9999.0 -9999.0 -9999.0 0.70565668955 6.93944247386 8.4233438545 1.31512408821 0.404388853298 0.862863690528 34.6470729448 35.1044627043 42.4912450646 0.397844490732 0.844690069795 0.354804591028 0.361325788767 3.70400950141 4.77402843344 5.73032878283 0.304210050083 1.41324278456 2.20428285014 1.25807881482 0.522927274354 0.345114136186 0.269399494148 0.265029431408 0.131190669469 194.571008814 194.690383366 197.259446368 0.503285892089 0.273112504913 11.7094966144 0.816089230736 0.427717875896 0.490472951335 0.486788941733 0.402059507082 0.668369818138 1.84669556299 2.84373894458 21.043485906 0.113610636078 0.346709704776 0.236930343055
-9999.0 -9999.0 -9999.0 -9999.0 -9999.0 -9999.0 -9999.0 -9999.0 -9999.0 -9999.0 -9999.0 0.730256696867 4.94758798325 0.771283380347 0.624614954262 3.4733341244 4.007870396 4.53977714026 4.99873043631 58.0618171486 58.4688909416 59.2644993292 65.5411030439 66.6203892919 67.1973556386 67.5610204393 73.969843143 74.7555000515 75.0756942735 77.6334821639 79.2362623744 79.5224487179 80.370523221 0.532989220664 0.427875250946 0.0775620027023 0.0793192656681 194.843810717 198.074621048 0.696276086025 13.7389466469 13.4854821819 1.50012868169 0.348999169398 0.357686262225 0.339053376481 0.34272944773 0.689810211256 0.96252625641 0.256654554955 21.1992885836 21.3679041824 22.0944001925 22.229252084
-9999.0 -9999.0 -9999.0 -9999.0 -9999.0 -9999.0 -9999.0 -9999.0 -9999.0 -9999.0 -9999.0 2.59035199113 3.41935960176 1.56666550957 2.2940185652 0.713118150054 7.97144350703 8.54482041256 9.67420998785 10.1041054423 3.6258069191 63.5882948061 63.9683304843 0.33778174594 0.21267297462 0.189360466517 0.425738689152 0.203210516062 0.137308092413 0.119992497518 0.140397344185 79.7649152185 80.6340371569 81.4732556568 82.153199894 82.4521663999 0.121958681261 0.0359444235024 212.32894544 14.1399551601 14.0145427177 0.294258080032 0.276217111415 0.24745926076 0.612522960988 0.594740334914 0.265273303003 0.26795884465 0.241752894822 0.49105105164 0.637564577801 0.110453238867 0.200261986692 0.0749189542556
-9999.0 -9999.0 -9999.0 -9999.0 -9999.0 -9999.0 -9999.0 -9999.0 -9999.0 -9999.0 -9999.0 -9999.0 1.75318837966 0.813192369919 0.706322459293 6.82023513536 7.42944024679 0.608779400016 2.31068548152 2.83088833542 3.2616498206 0.492616981199 0.30999940126 9.22146858081 9.46077727303 9.68448622777 24.788225245 24.9455899431 25.2042794083 26.8484162626 27.5985959114 27.6990101376 0.105818382253 0.116347290066 0.124425675796 82.6343353458 0.0709500226188 214.446793991 214.341338642 1.9043861897 1.73709781051 1.10139939896 0.275040692967 0.49253514376 0.870305110784 0.85431870061 0.515249593954 0.253950132939 0.490518307094 0.477999167123 0.839957304718 0.13558373877 0.315403283518 0.516337744526
