data/baseflow/History/mHMbfrc410
ncols                  80
nrows                 72
xllcorner      4374000.0
yllcorner      5656000.0
cellsize            500
NODATA_value       -9999
[rows 24 to 47 of 72, columns 0 to 54 of 80]
-9999.0 -9999.0 -9999.0 -9999.0 -9999.0 -9999.0 -9999.0 -9999.0 -9999.0 -9999.0 -9999.0 -9999.0 1.23365237799 3.51686120428 4.61249320987 7.91100715736 0.969283112668 1.96661388176 2.89608685817 11.3204882385 12.1549953059 12.9268604434 13.657446191 14.4015265855 21.9188263924 24.0913333438 25.3228162569 0.553038805756 2.88574113558 3.40512202012 48.997431002 51.2560143221 52.2765305015 53.3281306789 54.1525213724 198.87805015 0.285342366662 387.415643171 0.686885803072 0.338357887115 3.18104948893 2.72728668903 0.446529555743 1.48251821636 2.19328584736 2.15163130841 1.5024511537 2.46474830751 3.88294960422 1.44466885193 3.57476921293 0.345016155115 0.575523893475 0.132073639683 0.107248771537
-9999.0 -9999.0 -9999.0 -9999.0 -9999.0 -9999.0 -9999.0 -9999.0 -9999.0 -9999.0 -9999.0 -9999.0 1.1790445552 2.34770143082 1.10864800153 2.21833274682 0.997654872603 7.55146450257 9.45007645158 10.4061234034 0.881889391707 1.73154112618 16.6155579649 20.5856571738 21.2781223651 1.49139774702 1.33977790708 1.95446697139 0.47066843768 0.438034299911 0.822483443025 0.352415833324 25.0909526729 25.4956160393 25.7643531542 199.300795536 390.086056165 387.728914822 0.559806193814 0.267926356773 0.245045301008 1.00569076936 0.773572238767 1.90135635661 2.63679830247 5.26565762719 0.472549379609 0.470658664363 4.29769248546 4.72546157103 9.03504087113 9.27432437102 9.9899640939 10.2437079216 0.219713651769
-9999.0 -9999.0 -9999.0 -9999.0 -9999.0 -9999.0 -9999.0 -9999.0 -9999.0 -9999.0 -9999.0 -9999.0 -9999.0 1.15506176737 2.29122481795 3.42758018206 5.49233641053 1.06161742992 0.975660099901 6.59613849396 7.49663628796 14.9797160008 15.8683805981 2.52948199202 0.810011962426 0.739529950139 0.65961395453 22.5949335469 23.0860700287 23.5720101425 23.9773239572 24.7160212232 4.23642847327 4.52973662731 30.5322873879 620.124562386 1.95141397242 1.55393303789 0.830888414544 0.2256228849 0.206528121287 1.48612219333 1.66203843337 2.30487570478 0.201791361591 5.51943427378 0.806294679308 0.795101818195 0.179830270392 0.132444608019 0.121318301152 0.112684741518 0.119544160696 10.4155467439 131.558312668
-9999.0 -9999.0 -9999.0 -9999.0 -9999.0 -9999.0 -9999.0 -9999.0 -9999.0 -9999.0 -9999.0 -9999.0 -9999.0 -9999.0 1.10652651147 2.01854065043 2.85022421395 3.69057763699 4.65560031871 5.64138755913 2.90055712772 4.8271961577 0.888564449546 0.855893703425 18.8954256989 20.5175222319 21.2591469473 22.0191249913 0.567735807261 1.04551794785 2.79958619701 3.35031694123 3.83528664835 0.349895347935 0.264270660833 621.091136404 0.386075110189 0.444779431307 0.214364170531 0.949254427981 0.463292064431 0.205806117218 4.17222171375 4.34347481121 0.138051999945 5.66765977996 6.61484894353 0.974525695107 136.937419201 136.636169751 136.365839667 135.857303434 135.649403921 132.433257007 132.271176906
-9999.0 -9999.0 -9999.0 -9999.0 -9999.0 -9999.0 -9999.0 -9999.0 -9999.0 -9999.0 -9999.0 -9999.0 -9999.0 -9999.0 0.232687259748 0.526859451555 0.83644807087 8.00379188547 9.01174065448 1.0159135653 0.976594705912 0.976670424218 15.4386156727 17.2787825557 0.875108059579 0.879685784675 0.723984170908 3.01430010523 3.73528558567 1.76527192039 2.32312415542 17.4853177035 18.042822199 18.8553272484 29.7296860864 651.053171511 0.362864804734 0.178524083598 1.44554921094 1.20194060383 0.186001452981 0.578859078603 0.744468400142 4.52438465313 4.6766505532 11.7296369264 6.77972053991 1.15816697144 139.93249323 1.18534077829 136.119554832 135.994401789 3.01195520145 0.216776547565 0.559522315336
-9999.0 -9999.0 -9999.0 -9999.0 -9999.0 -9999.0 -9999.0 -9999.0 -9999.0 -9999.0 -9999.0 -9999.0 -9999.0 -9999.0 1.17257177871 1.9327968052 4.00911887659 7.06803568516 9.80548269042 11.6958695464 12.6575505563 13.637143355 14.5684756133 0.907477601073 0.819327518752 1.61767728868 1.49616826391 0.785707718295 15.1652364496 15.8711399005 16.5126161203 17.1303628938 9.66570725821 10.1221810147 10.5674871222 651.244097266 0.642805231501 0.418027893646 2.0469934333 0.247631808475 0.341023928024 0.180675238569 0.154017855995 0.900362321774 0.12691593159 0.134798280489 152.313020796 140.484549738 140.355810757 0.459253605298 1.04513864122 0.67360679217 0.155045745209 2.64134773535 0.749114747405
-9999.0 -9999.0 -9999.0 -9999.0 -9999.0 -9999.0 -9999.0 -9999.0 -9999.0 -9999.0 -9999.0 -9999.0 -9999.0 -9999.0 0.813581022137 0.779748656253 1.53122136413 2.30580358669 0.981115793936 1.10647104481 2.1240831039 3.13154032937 5.02789638454 5.96017115683 6.7582244139 9.20463331227 9.94080441406 10.7491371477 0.713507824523 7.35863268856 7.98132209999 8.59843069043 0.540292899191 0.37313863688 0.625393033325 662.495539742 662.674855745 663.65922237 2.74328841296 0.50456000327 0.557678627756 0.14033707222 0.271713269491 1.02362390738 1.25808405266 0.244214867546 152.885856125 0.177786203785 0.243421173357 0.263452364083 0.205006959311 0.384696648913 0.163101023088 1.73690299083 1.37776040828
-9999.0 -9999.0 -9999.0 -9999.0 -9999.0 -9999.0 -9999.0 -9999.0 -9999.0 -9999.0 -9999.0 -9999.0 -9999.0 -9999.0 -9999.0 0.756050592714 1.49054153783 0.714380969561 1.46426591999 9.14476923023 10.0270702146 11.0063034445 0.943311832392 0.941918932511 1.73987118354 2.57606934618 4.02398744981 4.78261223099 5.26630142857 5.95018570098 0.58578408279 0.567098893481 9.61525160509 9.97117176183 10.2075999117 10.4321491272 8.65077710057 673.229778795 677.262576524 677.447909507 678.172948143 678.9433895 679.313287985 0.115259772415 1.36456613684 152.99065892 0.24892870732 0.127039000883 0.155265071177 0.154353927145 0.264082900022 0.233354823031 0.13205265573 0.186626283091 0.177340630379
-9999.0 -9999.0 -9999.0 -9999.0 -9999.0 -9999.0 -9999.0 -9999.0 -9999.0 -9999.0 -9999.0 -9999.0 -9999.0 -9999.0 -9999.0 -9999.0 2.21660928241 2.98076672513 5.22736873023 6.88752121508 0.869297456968 12.9224622673 13.8433975196 14.7191269593 0.827896245061 1.6389371394 0.710225542025 5.47254628592 5.92479764189 6.57176813769 7.19467643995 8.83399150099 9.14641295557 0.195204168891 7.78233782127 8.22954585726 8.44019137757 9.38551342217 1.11093137562 0.672202603217 0.393607850084 0.388129992563 679.688400754 679.817375477 682.002366394 153.084158862 0.721748795989 0.382265876462 0.258786972711 0.0839365155171 0.747906637719 0.379771139054 0.118442040883 0.634372808553 0.532486372274
-9999.0 -9999.0 -9999.0 -9999.0 -9999.0 -9999.0 -9999.0 -9999.0 -9999.0 -9999.0 -9999.0 -9999.0 -9999.0 -9999.0 -9999.0 -9999.0 0.786820304471 3.73783067389 4.51377942828 0.914309977297 1.01096990605 2.04299017328 2.98992962942 18.5929642878 0.830705333588 3.32635128646 4.05859937091 4.78419311778 0.476935462482 1.08885328242 1.51578125757 6.19610090994 6.96507419635 7.1546556262 0.214925361492 0.227484809434 0.283641912168 0.519858190305 0.230485699655 0.248580683119 0.33724702046 0.33770492523 0.334241796378 0.732614707546 682.143902138 835.603920269 0.876171561708 0.202121715963 0.0837789424885 2.24756767218 2.06398872703 1.19208155647 1.06603156258 0.794743536007 0.178675880176
-9999.0 -9999.0 -9999.0 -9999.0 -9999.0 -9999.0 -9999.0 -9999.0 -9999.0 -9999.0 -9999.0 -9999.0 -9999.0 -9999.0 -9999.0 0.697707811342 2.21132314018 0.727292086923 1.0117527597 1.08514603459 2.09970801531 3.10550948849 3.94169582229 23.24437068 24.0417389084 0.816646900861 1.54814283322 2.28588994395 2.86740463793 3.49795762359 5.54291689191 5.9562231754 0.510593933253 0.376499154216 0.332957109197 0.317976203193 0.349831923214 0.375914439826 0.339913919475 0.476659829383 1.15428744135 0.550675047738 0.176992022157 0.175138818584 0.141512911372 0.266256882297 843.865068614 7.20101081413 2.76365167406 0.304412306834 0.152217038261 0.0967887807195 0.309822447338 0.203638950797 0.102847985275
-9999.0 -9999.0 -9999.0 -9999.0 -9999.0 -9999.0 -9999.0 -9999.0 -9999.0 -9999.0 -9999.0 -9999.0 -9999.0 -9999.0 0.739648599656 1.41566449878 5.05212443816 0.715998771989 1.88404140674 2.95241939969 3.95051667588 1.01560963547 1.90755785142 2.67861683666 27.3821377358 0.780763720991 1.47565001144 2.19637561603 0.664298036912 1.32151906419 1.82544835951 2.22681608753 50.1935015342 50.8589262446 51.4433247452 53.642322715 54.6897818819 56.4761921593 0.477408340419 1.1651646221 1.39206581881 61.6275480611 61.9383264081 0.162450625746 0.269266660547 0.372717657791 844.015477949 6.79418002313 3.6377721998 3.45554154766 2.48732237495 2.04654549517 0.407888416383 0.102190805568 0.185778462421
-9999.0 -9999.0 -9999.0 -9999.0 -9999.0 -9999.0 -9999.0 -9999.0 -9999.0 -9999.0 -9999.0 -9999.0 -9999.0 -9999.0 0.738406481192 2.241692201 8.02530313956 11.8628796583 0.664184689982 15.5785565653 20.2533098789 0.959491133983 1.8440254665 2.64152403897 34.880232572 35.5186388986 0.567850204917 3.35136237769 3.89336648523 4.45006198971 45.7608988189 46.9814328875 47.5993082068 0.289010244535 1.61765224713 1.9107146913 0.769892236726 1.0695416659 58.0241725665 59.6537327128 59.8811014409 60.0953558869 62.2011807637 0.129634863762 0.114581237744 0.58500623796 844.138377861 0.194698290775 0.273915708188 0.809943265452 0.294651120331 1.80777903334 1.38534228501 0.825036167109 0.569122622269
-9999.0 -9999.0 -9999.0 -9999.0 -9999.0 -9999.0 -9999.0 -9999.0 -9999.0 -9999.0 -9999.0 -9999.0 -9999.0 -9999.0 -9999.0 -9999.0 1.55363577003 3.13223912523 14.0827749142 14.8614345713 20.9500927092 21.6842517471 0.925628606628 1.85000817542 4.2415953869 36.1427140116 37.3201070976 37.7932013808 0.379925216204 39.5256335537 40.8024703747 0.7704266596 0.292809972608 0.561315341079 1.08995138624 0.261199190701 0.510097351332 1.10041109822 1.35267120744 0.263173650374 0.185594773266 0.361652162609 63.6330974422 64.1128298571 64.2110915483 65.0698410094 844.241249026 0.169006485722 0.205492727958 0.234826394259 0.225971257541 0.230982503234 0.199618654647 0.376228730127 0.102318464741
-9999.0 -9999.0 -9999.0 -9999.0 -9999.0 -9999.0 -9999.0 -9999.0 -9999.0 -9999.0 -9999.0 -9999.0 -9999.0 -9999.0 -9999.0 -9999.0 0.809274641627 0.797014517768 0.783508127699 1.56244643181 0.694471597319 23.0648650888 23.7397085097 0.824151813866 1.64793314371 0.731372729795 0.568427334202 0.549380867326 38.7802376503 0.439930606944 0.886321502262 0.392094654727 0.299298635133 0.268485590277 0.209134612311 0.216981786557 0.653711829065 0.892556623491 0.177943871125 0.165437688771 0.351624722877 0.576160147605 0.818567697782 0.261534159819 64.3734312403 65.1682536417 844.317930959 0.83227580506 0.483297741639 0.148907766497 0.343759807443 0.12079261088 0.089415120831 0.474764099286 0.474403717098
-9999.0 -9999.0 -9999.0 -9999.0 -9999.0 -9999.0 -9999.0 -9999.0 -9999.0 -9999.0 -9999.0 -9999.0 -9999.0 -9999.0 -9999.0 -9999.0 -9999.0 -9999.0 0.787596138169 2.2952534134 2.95460692836 3.63223369802 24.3950778019 25.0445830639 25.6894109651 26.3676602328 26.9004531644 28.0045927933 28.4135371913 28.8339901972 29.1615749259 0.272686415741 0.249957808283 0.261577180761 0.915012069084 0.239643584631 0.224602263364 0.180653601538 0.525542938554 0.211690926125 0.167022382194 0.155969182287 0.144293073603 0.28800142863 0.4035081543 65.9534003752 911.171141316 0.176499978579 0.306495512642 0.122458412377 0.474362708611 0.264894740695 0.179754537875 1.32350077532 0.785378060124
-9999.0 -9999.0 -9999.0 -9999.0 -9999.0 -9999.0 -9999.0 -9999.0 -9999.0 -9999.0 -9999.0 -9999.0 -9999.0 -9999.0 -9999.0 -9999.0 -9999.0 -9999.0 -9999.0 0.684940976032 5.2383839458 10.307564956 11.0031759445 0.832035869218 1.64757527692 2.48675375126 3.14404518321 7.61456554238 7.91697118715 0.290231440127 0.276601744174 29.7150662414 30.197278785 30.4186087527 1.08435544137 0.15643771797 0.373351519645 0.549914434584 1.65600900282 2.04721875674 2.36319220886 0.291702362009 0.404516240606 0.134068982898 0.263573082854 0.134363343048 911.375731315 0.143438690989 0.591913415212 0.240177201335 0.772962581681 1.62217917832 1.86956307657 3.26741275359 0.825824698698
-9999.0 -9999.0 -9999.0 -9999.0 -9999.0 -9999.0 -9999.0 -9999.0 -9999.0 -9999.0 -9999.0 -9999.0 -9999.0 -9999.0 -9999.0 -9999.0 -9999.0 -9999.0 0.7397589063 2.32578042076 4.56938165112 5.99168145383 15.3053646163 16.0667864694 1.7399064782 2.59406559252 3.31612946232 3.95584226511 8.28157136006 8.89255479685 16.1714831123 16.7980598203 17.072158597 30.6372801508 32.2732910545 0.368777452891 0.234114138098 0.223058704244 0.423483372468 0.195638047354 2.74763161253 2.89623679768 0.530915572541 0.743526408042 0.178336847166 191.629347108 191.892992866 1103.36526934 1104.09654386 0.158779780472 1.11281039462 0.186052046664 0.135127799457 3.48989410699 4.38901550724
-9999.0 -9999.0 -9999.0 -9999.0 -9999.0 -9999.0 -9999.0 -9999.0 -9999.0 -9999.0 -9999.0 -9999.0 -9999.0 -9999.0 -9999.0 -9999.0 -9999.0 -9999.0 -9999.0 0.819156040562 0.795735444383 1.525346392 3.63779921445 16.740492862 0.892229886951 0.884175164522 1.58557446718 2.3144876458 5.71754576331 6.21801812088 0.451119742815 0.404118073645 17.3826502308 17.607187401 50.1309916103 50.3600431049 0.132757235619 0.118921271208 0.0991826746352 0.100068071852 0.107132657612 188.618112094 189.505224285 190.469011011 190.855942842 191.441753607 0.147240005215 0.543847726574 0.64648834296 1104.94478492 1104.99774136 1105.13496723 1105.28553263 1105.40217683 4.5312600105
-9999.0 -9999.0 -9999.0 -9999.0 -9999.0 -9999.0 -9999.0 -9999.0 -9999.0 -9999.0 -9999.0 -9999.0 -9999.0 -9999.0 -9999.0 -9999.0 -9999.0 -9999.0 -9999.0 -9999.0 0.746614795519 0.772642030875 1.44401723917 19.5611686109 20.2475533054 0.871748393192 1.56836200565 2.30989680983 2.95187823777 0.58983807353 1.0434364008 44.5321984807 44.782516479 45.1140119391 47.2684202735 97.9153325367 183.26150044 183.568941675 183.842289268 184.106050489 185.228213448 185.58748814 0.713614159362 0.327573307721 0.191565730073 0.362259734418 0.271242544964 0.428205155991 0.131621570696 2.98305421051 3.27812427022 3.56252714037 3.60998063468 1105.44191748 1110.08137004
-9999.0 -9999.0 -9999.0 -9999.0 -9999.0 -9999.0 -9999.0 -9999.0 -9999.0 -9999.0 -9999.0 -9999.0 -9999.0 -9999.0 -9999.0 -9999.0 -9999.0 -9999.0 -9999.0 -9999.0 -9999.0 0.75624488622 1.45076845967 2.14780296405 20.8378394471 0.664821454151 28.2402337185 29.0054057996 29.6249254166 30.1413709709 42.5905038914 43.0613681816 0.273438139437 1.55924852244 1.86946261669 0.252796411033 85.0424120224 84.5881499307 0.142581617709 0.326175458495 0.885414050701 0.196428565758 0.209920818926 0.166335484352 0.142457187325 0.111722596434 0.129031904237 2.57823765476 2.7097008383 2.86620853588 0.201374232068 0.197628393676 3.73708033403 3.80577088134 3.83831132899
-9999.0 -9999.0 -9999.0 -9999.0 -9999.0 -9999.0 -9999.0 -9999.0 -9999.0 -9999.0 -9999.0 -9999.0 -9999.0 -9999.0 -9999.0 -9999.0 -9999.0 -9999.0 -9999.0 -9999.0 -9999.0 0.703005283464 0.658632496091 3.38995159423 25.560218763 26.881687146 27.5382435626 0.680669291907 11.0146912647 11.6337656408 11.9467099751 0.453541133212 0.741543022091 0.991442003045 19.4089817538 19.6088555263 19.7790557835 84.2837699264 51.9430493252 0.176888299609 0.189791978242 0.182764161709 0.146477409972 1.53310122828 1.85271805992 2.13412797602 2.28936720987 2.43918293166 20.1447882754 20.2511260758 20.4336148515 20.8973961284 22.4055349461 22.4511844387 26.3348188179
-9999.0 -9999.0 -9999.0 -9999.0 -9999.0 -9999.0 -9999.0 -9999.0 -9999.0 -9999.0 -9999.0 -9999.0 -9999.0 -9999.0 -9999.0 -9999.0 -9999.0 -9999.0 -9999.0 -9999.0 -9999.0 -9999.0 1.36884463837 2.07462263427 0.708642630141 0.901206794847 8.62143757555 9.32735575223 9.81089774056 3.9220799328 4.39011704372 4.85464722778 5.13653529656 18.965798232 19.23511251 11.9929915599 31.9817026668 32.1773836296 51.797336177 0.383623260576 0.196147725625 0.141176364693 1.05955304279 1.24051736653 0.116232069576 0.109715160905 19.6500277792 19.916911797 20.0453450467 0.218480413825 0.329339503087 22.1731374553 0.127770523474 0.345147382251 0.378823550968
-9999.0 -9999.0 -9999.0 -9999.0 -9999.0 -9999.0 -9999.0 -9999.0 -9999.0 -9999.0 -9999.0 -9999.0 -9999.0 -9999.0 -9999.0 -9999.0 -9999.0 -9999.0 -9999.0 -9999.0 -9999.0 -9999.0 0.680487075361 1.34792969513 5.5290409025 6.23775396375 6.94938573518 2.92445128114 3.45000731857 0.488566805607 12.7599216843 13.1866927555 13.5650866992 0.302356946632 11.4901362554 11.7691589557 0.207884282316 50.8017229578 0.429614107406 0.214834623501 0.574296651366 0.771037968232 0.150705326142 0.123547452989 18.315682005 19.4118120667 19.5669295102 0.163080212528 0.357060267677 0.45826657539 0.571663194649 1.12294800005 0.127706262126 0.284108983994 0.0546732825849
