data/baseflow/History/mHMbfrc246
ncols                  80
nrows                 72
xllcorner      4374000.0
yllcorner      5656000.0
cellsize            500
NODATA_value       -9999
[rows 24 to 47 of 72, columns 0 to 54 of 80]
-9999.0 -9999.0 -9999.0 -9999.0 -9999.0 -9999.0 -9999.0 -9999.0 -9999.0 -9999.0 -9999.0 -9999.0 1.13868896463 3.22200161919 4.21662613457 7.26155559798 0.940202130204 1.88460563869 2.78554055935 10.4659468206 11.1680340732 11.6073851624 12.3590503799 13.2153509527 21.2030627689 23.6791486291 24.9266313037 0.439325937593 2.98936241646 3.38417883316 46.9405127986 48.6117260265 49.3127906706 50.0098341297 50.8018641917 191.091271161 0.472408435872 424.48650222 1.03772207865 0.432262037197 4.17110455636 3.63491433873 0.547232724755 2.16915964486 3.09142747851 3.08923699393 2.19800890445 3.62384320133 5.77148158598 2.14478288948 5.7658535409 0.503908463871 0.729083171203 0.24893669774 0.21700880373
-9999.0 -9999.0 -9999.0 -9999.0 -9999.0 -9999.0 -9999.0 -9999.0 -9999.0 -9999.0 -9999.0 -9999.0 1.09381569721 2.16328191051 0.997949156538 2.03156459186 0.933182595315 6.8738878685 8.67208825577 9.60266160022 0.859200105675 1.61311297817 15.9458281024 19.7620123191 20.4220813677 1.6639312616 1.63560152034 2.27760852641 0.35936409364 0.335804061575 0.658255888732 0.370627186673 25.3004575572 25.7421917447 26.2305731443 191.626033245 428.334442475 424.977408782 0.711911758163 0.302317464658 0.283234516623 1.16537974812 0.884463749752 2.5734461971 3.66623059146 7.43784157111 0.688582800592 0.688752334476 6.36766354121 6.97187190559 13.9236956177 14.4151200466 15.4005022493 15.8736432971 0.445953169799
-9999.0 -9999.0 -9999.0 -9999.0 -9999.0 -9999.0 -9999.0 -9999.0 -9999.0 -9999.0 -9999.0 -9999.0 -9999.0 1.02537314692 2.03933037578 3.05742086544 4.97247498972 0.98930975283 0.919210936558 6.63126048106 7.48308758685 14.5453889517 15.3883051316 2.38884090042 0.873903197175 0.85277777375 0.800902493924 22.9001596679 23.4191711325 23.8215095994 24.1650738421 24.8944665327 4.52911802557 5.06122753237 31.7929411458 652.018136267 2.77217967952 2.33388412028 1.09955366525 0.300180910525 0.260245388958 1.73495886378 1.97122535024 3.1343869651 0.284011148317 7.78773623743 1.14726105643 1.12509142513 0.288263772548 0.222828748552 0.20897878231 0.239962357695 0.22297279468 16.0976529554 237.018387183
-9999.0 -9999.0 -9999.0 -9999.0 -9999.0 -9999.0 -9999.0 -9999.0 -9999.0 -9999.0 -9999.0 -9999.0 -9999.0 -9999.0 1.00114203962 2.0046096378 2.91791449361 3.86242743319 4.79321093762 5.74275212367 2.77328540337 4.57711625681 0.851792928297 0.846657009269 18.8020746216 20.4963509286 21.3032115189 22.1809646365 0.697281553367 1.2432421771 3.1913228345 3.64034270813 4.0689899124 0.582944350552 0.538809025716 653.425156216 0.471531321854 0.744722265917 0.358582340473 1.13992207383 0.546985348274 0.320272644725 5.44105971429 5.75798741253 0.255955286716 8.07111914323 9.43377575271 1.31753015685 246.919295994 246.414121641 245.952393515 244.935504351 244.463979376 237.929426774 237.673425318
-9999.0 -9999.0 -9999.0 -9999.0 -9999.0 -9999.0 -9999.0 -9999.0 -9999.0 -9999.0 -9999.0 -9999.0 -9999.0 -9999.0 0.220532902423 0.510452647418 0.906549240306 7.93025930551 8.88546146738 0.960415630732 0.930434327878 0.904916696723 15.3650593768 17.1150516389 0.862001686401 0.892273480607 0.79052350333 3.17913423628 3.96567091766 2.06815063573 2.55642451762 17.7073066543 18.3051566391 19.5512735195 31.3512648681 685.08041252 0.469958417526 0.315721816736 1.69465461325 1.41300996995 0.283812159497 0.911183655451 1.21771241674 6.09327844343 6.39250365907 16.5319113854 9.61899315577 1.45475743163 252.441273887 2.85552536955 245.498123644 245.228095899 6.09035970967 0.336487914752 0.436014665191
-9999.0 -9999.0 -9999.0 -9999.0 -9999.0 -9999.0 -9999.0 -9999.0 -9999.0 -9999.0 -9999.0 -9999.0 -9999.0 -9999.0 1.1427253913 1.86087651253 3.94500002972 6.91010334185 9.73006738239 11.7513162263 12.6893797623 13.6212472923 14.5283916888 0.8642915573 0.825820142763 1.62946340638 1.5986251343 0.804432988451 15.2344926268 16.0079710709 16.7538661702 17.4434097925 9.9673956359 10.4978168921 11.1919570576 685.339514953 0.792415516582 0.836329695614 2.69703057176 0.245066120984 0.616133297351 0.319462022471 0.287770636865 1.51233777816 0.253784203638 0.26701595675 270.456738573 253.695006866 253.413279131 1.04605460904 2.64527021516 1.72749063147 0.428422082336 5.46325068739 1.64832749374
-9999.0 -9999.0 -9999.0 -9999.0 -9999.0 -9999.0 -9999.0 -9999.0 -9999.0 -9999.0 -9999.0 -9999.0 -9999.0 -9999.0 0.804762757851 0.743928652416 1.45074003944 2.22573410834 1.01389276187 0.996804935396 1.92740695647 2.84572954046 4.60796718987 5.49770553127 6.36398470473 8.86749271676 9.68341606146 10.5176158217 0.794190275947 7.79883266146 8.48212048676 9.02930370329 0.403851386568 0.166199950364 0.331555068183 696.455721172 696.708376629 697.99784687 3.37759533504 0.492777797674 0.940010817463 0.284846348956 0.526777154676 1.76266226867 2.24375328118 0.496733426988 271.692416053 0.400297743707 0.589905702498 0.644551972902 0.526728097021 0.950543766988 0.413722972922 3.42243697689 2.64778602139
-9999.0 -9999.0 -9999.0 -9999.0 -9999.0 -9999.0 -9999.0 -9999.0 -9999.0 -9999.0 -9999.0 -9999.0 -9999.0 -9999.0 -9999.0 0.701146550762 1.38727017032 0.696533302719 1.44887547297 9.12551105222 10.0647035881 10.981252261 0.881142876437 0.887649831159 1.75628600033 2.6090834111 4.23346591708 5.04160784685 5.47117499191 6.22739093192 0.676296532197 0.581948896845 9.87230219499 10.0562515854 10.2765280856 10.5183828607 8.75278919683 707.774545408 712.761940301 712.982877512 714.124672657 715.225449423 716.087639265 0.276544568865 2.48417136367 271.974468585 0.720509838809 0.368228496068 0.359428275061 0.305846814293 0.545451540952 0.531263195131 0.301598986317 0.404990389531 0.387180508212
-9999.0 -9999.0 -9999.0 -9999.0 -9999.0 -9999.0 -9999.0 -9999.0 -9999.0 -9999.0 -9999.0 -9999.0 -9999.0 -9999.0 -9999.0 -9999.0 2.06355395954 2.828382361 5.07226266926 6.84115575286 0.971696528351 12.9370877447 13.8196805175 14.6996304527 0.89342874694 1.75894773409 0.827937415996 5.92866755318 6.32788646883 6.98847272237 7.71301263396 9.36109237585 9.56499322255 0.13579540169 7.78120175519 8.26976558663 8.51783024055 9.51539906677 1.35456396974 0.887508307635 0.560936327455 0.530464039622 716.897668282 717.339346506 721.631066468 272.289429149 1.88440173102 0.878228746089 0.593020262416 0.196019558348 1.63909476124 0.853282352989 0.275731258231 1.48918257588 1.24625488601
-9999.0 -9999.0 -9999.0 -9999.0 -9999.0 -9999.0 -9999.0 -9999.0 -9999.0 -9999.0 -9999.0 -9999.0 -9999.0 -9999.0 -9999.0 -9999.0 0.762947662104 3.5726718201 4.36188231736 1.02485141341 0.937249778648 1.86608738564 2.76130285717 18.3634862834 0.886547528422 3.55002453206 4.39621448078 5.21692899858 0.427459773862 1.04348793921 1.3530686205 6.29720863203 6.95737457146 7.16410757159 0.241496230355 0.235766616066 0.276382633238 0.508009235429 0.217068568574 0.229941233108 0.467820678366 0.347227174427 0.474184764234 1.45806855933 722.110734814 995.635626413 2.26259164507 0.275329058385 0.196464266339 5.08996442986 4.66734193786 2.74829640626 2.46501001649 1.84584283238 0.402340749751
-9999.0 -9999.0 -9999.0 -9999.0 -9999.0 -9999.0 -9999.0 -9999.0 -9999.0 -9999.0 -9999.0 -9999.0 -9999.0 -9999.0 -9999.0 0.627190357856 2.10252267588 0.707337114685 1.07884013709 1.01827758056 1.96495070196 2.87931509867 3.78495456388 22.9505388589 23.8229103445 0.889292312707 1.74255803189 2.60025188177 3.16001871934 3.76943909382 5.48079157772 6.05621566747 0.374223672637 0.363462745073 0.329014679962 0.509042109506 0.459986874455 0.461620535211 0.386057845089 0.438251985639 1.75014938023 0.824976347141 0.426335730805 0.413320361743 0.421378249108 0.80579406954 1010.04842395 11.8783286781 5.95141180734 0.42833842881 0.183264141975 0.192736814136 0.70216269834 0.493731314923 0.255016240962
-9999.0 -9999.0 -9999.0 -9999.0 -9999.0 -9999.0 -9999.0 -9999.0 -9999.0 -9999.0 -9999.0 -9999.0 -9999.0 -9999.0 0.665209558089 1.27328964215 4.70527182294 0.688409938135 2.10752226823 3.10981301698 4.07617167977 0.978900423494 1.88623186803 2.80851182627 27.4140069708 0.860440091693 1.68456330634 2.50264048614 0.766742509817 1.50755932264 1.84261808165 2.38602756759 54.3400989312 55.1797572158 55.973623497 59.832276382 61.2272021437 64.3019241202 0.807956383894 1.69764474647 2.17894837326 74.1329833122 74.9626140001 0.39294662585 0.733801403798 1.06512070162 1010.41032868 11.3871085725 4.92471135449 4.72730462898 4.07157916315 3.73074092539 0.934758721983 0.22294302091 0.453655736036
-9999.0 -9999.0 -9999.0 -9999.0 -9999.0 -9999.0 -9999.0 -9999.0 -9999.0 -9999.0 -9999.0 -9999.0 -9999.0 -9999.0 0.678528890129 2.04541421888 7.42162293055 10.9197549869 0.626749120288 14.5147493852 19.3761973761 0.945125100692 1.84809927208 2.78897201299 35.4669819157 36.3112269694 0.821337636727 4.14846829685 4.92532645649 5.52509837156 49.303314734 50.6258881631 51.5574692182 0.463619511071 2.71535714745 3.22910943663 1.56097997465 2.26071839953 67.5672381511 70.3329515518 70.9453533084 71.5346567798 75.7988422724 0.410553748383 0.375898176904 1.76865069234 1010.80053939 0.310275133807 0.163653113465 0.482161712718 0.1796690031 3.37329614087 2.92370648887 1.71243742201 1.2519848736
-9999.0 -9999.0 -9999.0 -9999.0 -9999.0 -9999.0 -9999.0 -9999.0 -9999.0 -9999.0 -9999.0 -9999.0 -9999.0 -9999.0 -9999.0 -9999.0 1.42578723878 2.86640654628 12.9928199861 13.7492440929 20.0424951755 20.8332685638 0.939591081521 1.87664247263 4.58915053581 37.0635172123 38.7349577602 39.476312718 0.651653901731 42.0537202848 43.364427261 0.876269515186 0.468483664943 0.933741910341 1.828946293 0.444551428372 0.922758770866 2.14846312059 2.7159256552 0.507373602444 0.379902901855 0.771986708475 78.354591017 79.1166954605 79.4577086902 82.0117784857 1011.16729851 0.204709532039 0.118726842681 0.137507515158 0.134547114432 0.137828858389 0.126158332142 0.236441820772 0.168371273165
-9999.0 -9999.0 -9999.0 -9999.0 -9999.0 -9999.0 -9999.0 -9999.0 -9999.0 -9999.0 -9999.0 -9999.0 -9999.0 -9999.0 -9999.0 -9999.0 0.743929961242 0.728674487852 0.732460008968 1.56941367675 0.698993290764 22.2128974003 22.950772422 0.922388216798 1.82433063873 0.931946469742 0.837115444175 0.823117065156 40.8796813292 0.403625996466 0.822488024844 0.496534361016 0.50112844538 0.451899815676 0.387294656926 0.398062328254 1.21533518183 1.65090511968 0.351171411298 0.316799891845 0.670111832956 1.08209280635 1.32963826709 0.324206797995 79.8713752001 82.3637136519 1011.44902024 0.756312979629 0.365734587111 0.0848417649211 0.203045478767 0.0703605828501 0.0570685004439 0.300250520998 0.865579661052
-9999.0 -9999.0 -9999.0 -9999.0 -9999.0 -9999.0 -9999.0 -9999.0 -9999.0 -9999.0 -9999.0 -9999.0 -9999.0 -9999.0 -9999.0 -9999.0 -9999.0 -9999.0 0.722437657767 2.23990733496 2.85191392242 3.52204505342 23.6079366754 24.2638968605 24.9715290575 25.8683080589 26.6799365505 28.3349779889 28.7545531693 29.1271450705 29.529999997 0.456200905293 0.443323955449 0.454368748405 1.6503504571 0.427651202104 0.417071083127 0.354734814204 1.04585123869 0.389355391795 0.322809248071 0.304938958552 0.263112785999 0.525300244534 0.77034929973 83.9766183904 1096.49576954 0.184125046694 0.452498071514 0.0706989743354 0.280068836331 0.155017931836 0.114971055488 1.87736785544 1.43900205686
-9999.0 -9999.0 -9999.0 -9999.0 -9999.0 -9999.0 -9999.0 -9999.0 -9999.0 -9999.0 -9999.0 -9999.0 -9999.0 -9999.0 -9999.0 -9999.0 -9999.0 -9999.0 -9999.0 0.613508924837 4.82186554196 9.67596816675 10.4126198222 0.991902656749 1.92854397017 2.82772637265 3.6658712089 8.8258746364 9.29469323169 0.459248464589 0.460224685937 30.4747027803 31.358621525 31.7801940163 2.01032318946 0.335613289002 0.78451269689 1.15611366513 3.43116596646 4.18527468907 4.81401909977 0.588590518693 0.832086529377 0.280309802723 0.555002810073 0.282476458347 1097.07777629 0.195092235595 0.806100862931 0.329538468437 0.79474651809 1.67937142281 1.90020720028 3.87751212278 1.79353385387
-9999.0 -9999.0 -9999.0 -9999.0 -9999.0 -9999.0 -9999.0 -9999.0 -9999.0 -9999.0 -9999.0 -9999.0 -9999.0 -9999.0 -9999.0 -9999.0 -9999.0 -9999.0 0.678454808872 2.15059862553 4.2180599371 5.51988002905 14.4148172553 15.2893969736 1.84601908612 2.73423704684 3.54742750423 4.38049442456 9.72541657519 10.6382489145 18.4003236119 18.9742778692 19.3809101791 32.2088375455 35.3750114802 0.76787789126 0.470561373075 0.45586129563 0.886898431062 0.411899719319 5.59908937659 5.90460116025 1.10028393214 1.33294140848 0.236465249884 221.902685504 222.479914903 1319.97240663 1321.07938577 0.171929838128 1.15419202222 0.205321891456 0.198961191425 4.31340330007 6.29884092102
-9999.0 -9999.0 -9999.0 -9999.0 -9999.0 -9999.0 -9999.0 -9999.0 -9999.0 -9999.0 -9999.0 -9999.0 -9999.0 -9999.0 -9999.0 -9999.0 -9999.0 -9999.0 -9999.0 0.764836827171 0.745878563842 1.41719458433 3.38239447727 15.9434736668 0.938243376115 0.928895848874 1.75847887724 2.58493985903 6.15714358396 6.661640458 0.319288549156 0.385145000844 19.910181098 20.3591484843 56.1094116391 56.4562132584 0.319561114911 0.293307565608 0.259901816058 0.261863297786 0.266142112951 216.802275878 218.52673987 220.106876381 220.56992463 221.667628163 0.306712600773 1.14750685004 1.47532054007 1323.15523764 1323.35838012 1323.66576284 1323.94939099 1324.16758348 6.56088125482
-9999.0 -9999.0 -9999.0 -9999.0 -9999.0 -9999.0 -9999.0 -9999.0 -9999.0 -9999.0 -9999.0 -9999.0 -9999.0 -9999.0 -9999.0 -9999.0 -9999.0 -9999.0 -9999.0 -9999.0 0.689590839074 0.718695566976 1.34378672745 18.5838165247 19.3574651652 0.918427868131 1.74940464595 2.58643726311 3.11692064914 0.453171854912 0.964939383183 44.7403345627 45.2101589407 45.5700609582 48.6135892548 105.425758057 205.273149246 205.982262366 206.647388796 207.292763381 209.805460924 210.586276676 1.44754073716 0.668822823639 0.37849061636 0.722754755558 0.567114515369 0.890490983495 0.288144426726 6.22547106313 6.82733310076 7.27954294519 7.48316282281 1324.39300574 1331.24057341
-9999.0 -9999.0 -9999.0 -9999.0 -9999.0 -9999.0 -9999.0 -9999.0 -9999.0 -9999.0 -9999.0 -9999.0 -9999.0 -9999.0 -9999.0 -9999.0 -9999.0 -9999.0 -9999.0 -9999.0 -9999.0 0.702425066763 1.35317554046 2.00714823163 19.9288348673 0.862440917876 27.6767632434 28.5370293658 28.9923313652 29.5038257719 42.6777679476 43.2475362373 0.493266459551 2.28361010533 2.75752333394 0.491921153843 99.1323082858 98.2162428988 0.341435670781 0.745853352175 1.92856547867 0.408714900829 0.418787048031 0.336314350535 0.292638079001 0.240385206511 0.269217714556 5.3003987748 5.57763961774 5.89838042388 0.3039562084 0.219660889198 7.63628721978 7.87499609548 8.03329680859
-9999.0 -9999.0 -9999.0 -9999.0 -9999.0 -9999.0 -9999.0 -9999.0 -9999.0 -9999.0 -9999.0 -9999.0 -9999.0 -9999.0 -9999.0 -9999.0 -9999.0 -9999.0 -9999.0 -9999.0 -9999.0 0.645872564589 0.61098904632 3.15950716297 24.4452165145 25.9872425659 26.8554813698 0.901107924884 12.1124591944 12.5057179636 12.6979662855 0.501618595245 1.04515776669 1.53008897381 23.3372291094 23.7406490254 24.1119306882 97.4988189063 58.3655564772 0.402237037297 0.399966355822 0.388284266873 0.324006977883 3.17493713226 3.81741158336 4.39559918517 4.70918298655 5.01377260774 27.9175442587 28.1554473838 28.3746478469 28.8911132836 31.6249305405 31.8078833797 40.0477815342
-9999.0 -9999.0 -9999.0 -9999.0 -9999.0 -9999.0 -9999.0 -9999.0 -9999.0 -9999.0 -9999.0 -9999.0 -9999.0 -9999.0 -9999.0 -9999.0 -9999.0 -9999.0 -9999.0 -9999.0 -9999.0 -9999.0 1.26919483475 1.93842569234 0.762553155902 0.931412116597 8.98559733042 9.90226509529 10.6145200886 4.88218284482 5.29373536302 5.75655751191 6.2577824842 22.4676326889 22.9585218698 13.7894599484 38.335842317 38.7520486718 58.0079764975 0.798395641852 0.396755882749 0.311157520385 2.16715446105 2.53631691726 0.247851377708 0.231716064235 26.8533664601 27.4080115271 27.6876295349 0.260684152943 0.374154838388 31.1486215436 0.321461199006 1.28224770158 1.44067120472
-9999.0 -9999.0 -9999.0 -9999.0 -9999.0 -9999.0 -9999.0 -9999.0 -9999.0 -9999.0 -9999.0 -9999.0 -9999.0 -9999.0 -9999.0 -9999.0 -9999.0 -9999.0 -9999.0 -9999.0 -9999.0 -9999.0 0.638183763715 1.26467713702 5.45947509406 6.25020364586 7.18171416281 3.68910633055 4.47998625378 0.423258056583 14.8829008485 15.2937101415 15.728663755 0.462859718856 12.8552947681 13.3567250877 0.418234488602 55.9394324963 0.868058868626 0.429144032395 1.14162014367 1.53939179692 0.321878882786 0.275959468875 24.1449745668 26.3369890532 26.6575134157 0.319960995577 0.726876961672 0.924066044615 1.08976397057 2.09872680948 0.470255616056 1.04177211279 0.226084294399
