data/baseflow/History/mHMbfrc323
ncols                  80
nrows                 72
xllcorner      4374000.0
yllcorner      5656000.0
cellsize            500
NODATA_value       -9999
[rows 24 to 47 of 72, columns 0 to 54 of 80]
-9999.0 -9999.0 -9999.0 -9999.0 -9999.0 -9999.0 -9999.0 -9999.0 -9999.0 -9999.0 -9999.0 -9999.0 1.52985213445 4.32940158623 5.69321163339 9.83443103867 1.22698381959 2.48898461301 3.69847789461 14.2071053624 15.2737640042 16.2766637557 17.3718422953 18.5963865761 28.7133523473 32.1770275222 34.3338426128 1.02873987498 5.17937577436 6.21159264422 70.2839782317 74.3653572894 76.0148626746 77.6495297684 79.2541009795 270.558984434 0.510291292116 531.131286711 1.81225895154 0.909239483327 4.64381938678 3.84096100672 0.665020111319 2.11098197046 3.06555882911 3.02276346186 2.12954919385 3.50783747709 5.56091406055 2.09179307972 5.57640467668 0.577520292461 1.08301805073 0.422406029506 0.34991345908
-9999.0 -9999.0 -9999.0 -9999.0 -9999.0 -9999.0 -9999.0 -9999.0 -9999.0 -9999.0 -9999.0 -9999.0 1.45998627756 2.89374358871 1.38204120261 2.77567875704 1.24006421433 9.3760387782 11.7989400844 13.0434534859 1.15059181114 2.23753946368 21.2266437717 26.5854934029 27.6201721321 2.32045201832 2.20290547947 3.25406578914 0.969155272338 0.921658279728 1.77392515779 0.719817782872 33.1167997205 33.7396225475 34.481745459 271.127819167 537.174359358 532.101101966 1.56871573636 0.678008714972 0.606934490547 1.93486404041 1.34364425415 2.79463818618 3.72599395953 7.43769760157 0.68901078463 0.687037949078 6.21443845126 6.89707460503 13.7235494507 14.3251635618 15.8674915327 16.67252288 0.719864117457
-9999.0 -9999.0 -9999.0 -9999.0 -9999.0 -9999.0 -9999.0 -9999.0 -9999.0 -9999.0 -9999.0 -9999.0 -9999.0 1.40833082938 2.8239565028 4.24010421524 6.81661892366 1.3314624054 1.23764768787 8.34217662778 9.48952392137 19.0384013672 20.2439707627 3.3594044684 1.14762027438 1.12306710496 1.09371854046 28.1235965233 29.0520044428 30.0253062523 30.9256001887 32.4741462886 6.83869815713 7.52855574658 42.667668874 851.215759444 4.47548685889 3.96020148358 2.20609580265 0.522440241286 0.50417568811 3.18371471544 3.68139623434 3.90653940151 0.536583832983 8.01224364507 1.26182983588 1.24678606579 0.474040971118 0.366328758704 0.355596591237 0.273693844183 0.382518836314 17.1959687538 265.776158174
-9999.0 -9999.0 -9999.0 -9999.0 -9999.0 -9999.0 -9999.0 -9999.0 -9999.0 -9999.0 -9999.0 -9999.0 -9999.0 -9999.0 1.3794691064 2.5515100116 3.59483173491 4.65133267177 5.8814549352 7.14460886587 3.672142947 6.12831466161 1.17713331575 1.12985102962 22.7975944103 24.9868155629 25.9955043615 27.1225693556 0.994826704594 1.89458348181 4.62675544333 5.54257922771 6.25735217778 0.733950489313 0.62494648602 852.748449325 0.533577186453 0.960220938217 0.4484019294 1.89481475807 0.932722662524 0.447382800275 8.10360524458 8.46511127289 0.321546681215 8.35266934785 10.0046349174 1.71058450115 281.984109419 281.168918178 280.39561259 278.933763236 278.442670487 267.65897154 267.362607652
-9999.0 -9999.0 -9999.0 -9999.0 -9999.0 -9999.0 -9999.0 -9999.0 -9999.0 -9999.0 -9999.0 -9999.0 -9999.0 -9999.0 0.240481287551 0.566990866 1.03369231467 8.83116756103 10.0801131371 1.26198885283 1.24004444387 1.22456543507 18.2436077438 20.6168684053 1.16847622257 1.19001017237 0.974104974017 3.96308377544 4.93349810402 2.93242372266 3.72367207772 22.860656915 23.6425124875 25.0283788789 40.374887172 893.40245389 0.495305363712 0.383878941079 2.7342358173 2.31266096073 0.383105130807 1.22865042941 1.58462963601 8.88650466059 9.23579324554 20.1747473861 10.3032226082 2.01691101946 288.98004173 3.41308022462 279.674558061 279.323290397 10.2296596084 0.408389669136 1.36542779004
-9999.0 -9999.0 -9999.0 -9999.0 -9999.0 -9999.0 -9999.0 -9999.0 -9999.0 -9999.0 -9999.0 -9999.0 -9999.0 -9999.0 1.27044566638 2.05408197464 4.37843368146 7.62161475255 11.0217820672 13.4636671265 14.6811276736 15.9242490814 17.1380502144 1.1685373392 1.0877833116 2.13501653617 1.99172720619 1.02879345043 19.7024237129 20.6458201777 21.5280586108 22.3978247084 13.155569971 13.9885936455 14.7342462252 893.638387235 0.815927740699 0.922656776375 3.90047940699 0.376161217136 0.657271870755 0.334498741181 0.320775502225 1.8844126687 0.272982260486 0.302568184402 310.76755305 290.390936351 290.096990087 1.2298505923 3.08037670981 2.06085821966 0.565816919805 9.52587769707 3.00714560711
-9999.0 -9999.0 -9999.0 -9999.0 -9999.0 -9999.0 -9999.0 -9999.0 -9999.0 -9999.0 -9999.0 -9999.0 -9999.0 -9999.0 0.895966230223 0.80673362043 1.55710040199 2.41920170335 1.26301966277 1.38002572215 2.64234154903 3.88399045257 6.28838367979 7.47786285816 8.54196307419 11.7784902347 12.7837802601 13.8693606223 0.969345924547 9.7991413259 10.677238988 11.5637670539 0.831181511945 0.591788076658 0.945379274333 909.090659238 909.311099977 910.595507922 4.83511811787 0.701491118722 1.08156072966 0.29821821251 0.554676681416 2.12557837784 2.61457409257 0.53679823964 312.106420753 0.427361679395 0.674712114135 0.744657213701 0.567206842653 1.10819613062 0.476525350985 5.84445426485 4.82897319753
-9999.0 -9999.0 -9999.0 -9999.0 -9999.0 -9999.0 -9999.0 -9999.0 -9999.0 -9999.0 -9999.0 -9999.0 -9999.0 -9999.0 -9999.0 0.746371985837 1.48893962884 0.769714241047 1.60104783431 10.1357633084 11.2440637229 12.4479990146 1.19661444382 1.19514313275 2.26054150283 3.35004880745 5.31856483293 6.32297380681 6.9426790597 7.88448666163 0.807206174502 0.786677166196 13.1419691859 13.6807723046 13.9824908469 14.2628692326 11.8670773007 923.636990367 930.315649185 930.559421007 931.856312038 933.153399579 933.971361901 0.246502889913 2.82734801696 312.344262882 0.679533013872 0.351241653017 0.333498897437 0.295916322541 0.522044410657 0.577486559761 0.349355138163 0.499047322335 0.525591736139
-9999.0 -9999.0 -9999.0 -9999.0 -9999.0 -9999.0 -9999.0 -9999.0 -9999.0 -9999.0 -9999.0 -9999.0 -9999.0 -9999.0 -9999.0 -9999.0 2.21839502396 3.07756496583 5.57690249493 7.59537294937 1.11706631342 14.8755881805 16.0572489029 17.1962043184 1.09853862113 2.15900714992 0.983310255867 7.34164798045 7.9253360627 8.82326986078 9.6972338172 11.9468687754 12.3929152909 0.270349709325 10.8001816406 11.3554508253 11.6084733888 12.8066364437 1.61495430845 1.05932514052 0.710042698267 0.677367889127 934.812044357 935.219592705 939.969306711 312.565821766 1.75364895555 0.867816642648 0.568167440925 0.172946489669 1.72764580932 0.958981496607 0.306510530906 1.73920745303 1.48887888815
-9999.0 -9999.0 -9999.0 -9999.0 -9999.0 -9999.0 -9999.0 -9999.0 -9999.0 -9999.0 -9999.0 -9999.0 -9999.0 -9999.0 -9999.0 -9999.0 0.848194754886 3.90648815813 4.78816045273 1.19216462028 1.25097626239 2.53364743805 3.74572352546 22.0920649303 1.08411364209 4.36639944463 5.37872386214 6.39647086749 0.603251827275 1.44372879532 2.02855027718 8.57913551231 9.74856854012 9.98987372438 0.27452485258 0.285771229401 0.36658968632 0.676715470715 0.302580820752 0.319248611125 0.637502997547 0.489145849836 0.639821047271 1.66479789485 940.432638436 1254.11318788 2.15292257141 0.320711364659 0.162126879099 5.59884318028 5.20404057866 3.17418961206 2.87085043102 2.17419342791 0.500889820335
-9999.0 -9999.0 -9999.0 -9999.0 -9999.0 -9999.0 -9999.0 -9999.0 -9999.0 -9999.0 -9999.0 -9999.0 -9999.0 -9999.0 -9999.0 0.667925029282 2.30625508135 0.783434588459 1.30603025558 1.34481116176 2.61391739651 3.85484365155 4.94675239904 27.9022915147 28.975218229 1.10500351407 2.12440834507 3.1497939175 3.92650566811 4.82954078111 7.69125950519 8.27397481061 0.839960008711 0.568991276644 0.484105934984 0.711674159651 0.625911662979 0.601129292857 0.503429425705 0.606001803049 2.14348116128 1.00407511727 0.389203868817 0.370495922166 0.4054598341 0.759665224207 1272.42507476 15.895111051 6.39522416116 0.391771267401 0.161496540657 0.151347604586 0.671642761811 0.497220026836 0.273418159421
-9999.0 -9999.0 -9999.0 -9999.0 -9999.0 -9999.0 -9999.0 -9999.0 -9999.0 -9999.0 -9999.0 -9999.0 -9999.0 -9999.0 0.711291378409 1.35767349392 5.10962509451 0.765417931651 2.44556447248 3.76402221604 5.00229099095 1.2689014709 2.42711913347 3.45086040123 33.2458281512 1.04602867575 2.00435177913 2.98405508766 0.912781318011 1.81701226532 2.61761708484 3.19212182247 69.3823096149 70.5536426084 71.5978463987 76.7753204911 78.7259677762 82.6962569819 0.904383346013 2.06929085194 2.68834282196 94.6173709883 95.3775076625 0.34007209024 0.628884421823 0.899767564877 1272.710821 15.2648487045 8.39632861893 8.21012493358 5.54602708044 4.47426348399 0.885621279992 0.194863069015 0.429697072275
-9999.0 -9999.0 -9999.0 -9999.0 -9999.0 -9999.0 -9999.0 -9999.0 -9999.0 -9999.0 -9999.0 -9999.0 -9999.0 -9999.0 0.729700213235 2.1913891183 8.01198664535 11.7510072749 0.69327014954 15.6793506022 21.5268472379 1.20683671013 2.35397677678 3.42464888815 43.0783825185 43.9496588362 0.987374704054 5.0079152285 5.94958580855 6.75044765181 61.5287785323 64.1485843998 65.5318524332 0.647693284111 3.69344535918 4.38197386947 2.00404109416 2.86631465441 86.7684293666 90.1270233319 90.8298794147 91.5022172964 96.1979952544 0.400831523286 0.343442082147 1.49665646985 1272.97564118 0.289792145618 0.836532195635 2.51144380258 0.935749839558 4.18524069774 2.81785506378 1.66246204055 1.2452997868
-9999.0 -9999.0 -9999.0 -9999.0 -9999.0 -9999.0 -9999.0 -9999.0 -9999.0 -9999.0 -9999.0 -9999.0 -9999.0 -9999.0 -9999.0 -9999.0 1.51766281893 3.05769332078 14.0063600036 14.8401224636 22.2543710471 23.111366243 1.21661708635 2.43030580929 5.70156171648 44.7706385021 46.7994566442 47.6918677168 0.800810628432 51.1897729437 53.9943526312 1.7567642256 0.654485952521 1.27120268851 2.48925390666 0.60371964844 1.22221666144 2.75072173787 3.44223128068 0.643324611747 0.45107581447 0.902602373908 99.3662241643 100.367146996 100.647458008 102.898864268 1273.20519404 0.161882694846 0.614975836769 0.741901589726 0.732106659485 0.748969067244 0.669300665267 1.25101885972 0.129061068197
-9999.0 -9999.0 -9999.0 -9999.0 -9999.0 -9999.0 -9999.0 -9999.0 -9999.0 -9999.0 -9999.0 -9999.0 -9999.0 -9999.0 -9999.0 -9999.0 0.794068436621 0.778685042162 0.793226636405 1.70154185999 0.769375055082 24.6270815279 25.4153274831 1.09808419262 2.23478966211 1.198822602 1.04205834774 1.01746612894 49.6404211136 0.991537918787 2.01201752647 0.845821670055 0.669885032466 0.616293714265 0.50591392658 0.524434339774 1.576258303 2.14495175678 0.422199519068 0.375590255581 0.802410333472 1.31913822682 1.69590703542 0.468126335575 101.087123431 103.180718327 1273.32324067 1.75544133204 1.45853410609 0.419749198094 1.06544586447 0.34198241251 0.265248256161 1.54285298014 0.717301704681
-9999.0 -9999.0 -9999.0 -9999.0 -9999.0 -9999.0 -9999.0 -9999.0 -9999.0 -9999.0 -9999.0 -9999.0 -9999.0 -9999.0 -9999.0 -9999.0 -9999.0 -9999.0 0.767722502536 2.42021667848 3.08665964155 3.82339871948 26.1316136922 26.8425272848 27.5947651462 28.5553764937 29.5499569937 31.6336590943 32.5468404998 33.5203832999 34.2782278047 0.597897124903 0.558341028991 0.598076710053 2.17252414529 0.573482880551 0.539665086473 0.434503212197 1.25469163336 0.494208983766 0.377215852623 0.347359565329 0.302415862506 0.603227387047 0.843880933172 104.862383232 1380.08790547 0.12476616374 0.316680526806 0.343573130121 1.42474009588 0.724547595077 0.533471305862 2.77989288866 1.14936346438
-9999.0 -9999.0 -9999.0 -9999.0 -9999.0 -9999.0 -9999.0 -9999.0 -9999.0 -9999.0 -9999.0 -9999.0 -9999.0 -9999.0 -9999.0 -9999.0 -9999.0 -9999.0 -9999.0 0.651563834007 5.10233437791 10.3424929668 11.1453134893 1.10185621586 2.22699071776 3.36246848684 4.38231642062 10.9796724178 11.652952621 0.644262174168 0.643923894983 35.5023365717 36.6076605388 37.131903256 2.6025676184 0.418772779862 0.97443824579 1.43554009763 4.20277985516 5.13104439166 5.84535402546 0.647464963475 0.883133740292 0.29063232391 0.568273281423 0.290796722606 1380.57362636 0.113726561015 0.522147907367 0.50909733534 2.06038450381 3.30109383688 3.89860863695 6.74040638842 1.65708716152
-9999.0 -9999.0 -9999.0 -9999.0 -9999.0 -9999.0 -9999.0 -9999.0 -9999.0 -9999.0 -9999.0 -9999.0 -9999.0 -9999.0 -9999.0 -9999.0 -9999.0 -9999.0 0.71874510488 2.2785850618 4.46390276238 5.83909763663 15.3663400511 16.3070181887 2.36261984661 3.51127418011 4.50821429072 5.572960323 12.4867651476 13.8519266926 24.9141421742 25.7961364799 26.389936044 37.7039012395 41.8094394818 0.99476997932 0.609116833701 0.588966445912 1.1223991021 0.50905630863 6.79776065188 7.13385975698 1.15309725151 1.47241600536 0.284962588106 287.994771915 288.569873162 1669.45200328 1670.12719624 0.107735794559 2.30503151354 0.157311132968 0.155902799019 7.11495356224 8.91852811417
-9999.0 -9999.0 -9999.0 -9999.0 -9999.0 -9999.0 -9999.0 -9999.0 -9999.0 -9999.0 -9999.0 -9999.0 -9999.0 -9999.0 -9999.0 -9999.0 -9999.0 -9999.0 -9999.0 0.810564017052 0.786319712015 1.49532227217 3.56266454187 17.0001582414 1.21261551647 1.19728232544 2.20896011557 3.22815837648 8.28798322697 9.2143606758 0.66416704567 0.581072648895 27.1132411225 27.7344729871 70.0899842467 70.5976567901 0.36868554593 0.321429267176 0.25047424286 0.253526733816 0.251969303685 282.042429497 283.998323844 285.816121888 286.420273637 287.699632337 0.32057546431 1.15499880219 1.42889053052 1671.97293236 1672.01857105 1672.19359255 1672.45377297 1672.64512373 9.19906655226
-9999.0 -9999.0 -9999.0 -9999.0 -9999.0 -9999.0 -9999.0 -9999.0 -9999.0 -9999.0 -9999.0 -9999.0 -9999.0 -9999.0 -9999.0 -9999.0 -9999.0 -9999.0 -9999.0 -9999.0 0.728105919935 0.758625870479 1.41481568607 19.7730375533 20.5944740431 1.17780869924 2.18399596274 3.22262161746 4.15835669653 0.866326432681 1.55538715968 51.6324445364 52.2743912243 52.8523701595 57.307041074 128.459802572 268.726506079 269.556469955 270.280256836 270.971946936 273.711589209 274.59203747 1.61916376968 0.72919759086 0.431228207406 0.811677043987 0.569052029202 0.914868705475 0.287905851254 6.5806805076 7.0569235732 7.3793975867 7.49249803914 1672.74844129 1682.17330931
-9999.0 -9999.0 -9999.0 -9999.0 -9999.0 -9999.0 -9999.0 -9999.0 -9999.0 -9999.0 -9999.0 -9999.0 -9999.0 -9999.0 -9999.0 -9999.0 -9999.0 -9999.0 -9999.0 -9999.0 -9999.0 0.742411711255 1.42459217198 2.10966283756 21.1876815891 0.911833813403 29.5115026514 30.5956400296 31.4878761268 32.2223313062 48.710110979 49.4285605043 0.707856898302 3.28549024585 3.98555896103 0.660635614448 139.419467161 138.238776399 0.35825452939 0.819343625227 2.17142067452 0.474204003243 0.485708792216 0.365908659957 0.296560610377 0.221070299845 0.261588258107 5.67361742108 5.94746814029 6.2858762843 0.260240948844 0.18771428773 7.60387680048 7.74534457021 7.8252432375
-9999.0 -9999.0 -9999.0 -9999.0 -9999.0 -9999.0 -9999.0 -9999.0 -9999.0 -9999.0 -9999.0 -9999.0 -9999.0 -9999.0 -9999.0 -9999.0 -9999.0 -9999.0 -9999.0 -9999.0 -9999.0 0.681906067575 0.640762718444 3.31794530394 25.9450507026 27.5873814627 28.5109454747 1.15455339369 14.383497591 15.3143343241 15.746429348 0.704526442071 1.44571823457 2.12313407732 33.8202438318 34.3395357878 34.7767219204 137.453568631 78.5268972903 0.446866185379 0.458272828788 0.442206566217 0.334073851174 3.47155813044 4.15325354198 4.74099412652 5.07047296326 5.38601423439 38.1279025064 38.341388002 38.60669857 39.2901861055 41.9924455763 42.0960654915 50.03668311
-9999.0 -9999.0 -9999.0 -9999.0 -9999.0 -9999.0 -9999.0 -9999.0 -9999.0 -9999.0 -9999.0 -9999.0 -9999.0 -9999.0 -9999.0 -9999.0 -9999.0 -9999.0 -9999.0 -9999.0 -9999.0 -9999.0 1.33469567523 2.03764053221 0.822667794672 1.19206472732 9.96069173567 11.1758137651 12.2155753302 6.74661454767 7.76044934604 8.73016028724 9.4403806736 32.6775248965 33.3359967595 22.6753559919 57.9841515198 58.4873520188 78.1436993148 0.917525142134 0.458184290651 0.314313478643 2.4057437355 2.81314046502 0.224223184179 0.206923719842 37.1470801934 37.6746101976 37.9297914321 0.349508938597 0.503500914558 41.5271826446 0.326727925693 0.873050308795 0.955569130075
-9999.0 -9999.0 -9999.0 -9999.0 -9999.0 -9999.0 -9999.0 -9999.0 -9999.0 -9999.0 -9999.0 -9999.0 -9999.0 -9999.0 -9999.0 -9999.0 -9999.0 -9999.0 -9999.0 -9999.0 -9999.0 -9999.0 0.66855840051 1.32568768173 5.79560462222 6.6506041887 7.6810690722 4.589867409 5.69478651734 1.08927288838 20.5931205486 21.6244646956 22.566882097 0.747268293302 21.4306097735 22.1039381273 0.524156902717 75.7243522725 1.04076676173 0.52073054307 1.31180707789 1.77138156934 0.329295832929 0.255791026588 34.4636318077 36.6802046614 36.9938570695 0.334233279456 0.670147891646 0.85117748271 1.01522428901 2.02489937086 0.303491724462 0.723606426964 0.141447798212
