data/baseflow/History/mHMbfrc247
ncols                  80
nrows                 72
xllcorner      4374000.0
yllcorner      5656000.0
cellsize            500
NODATA_value       -9999
[rows 24 to 47 of 72, columns 0 to 54 of 80]
-9999.0 -9999.0 -9999.0 -9999.0 -9999.0 -9999.0 -9999.0 -9999.0 -9999.0 -9999.0 -9999.0 -9999.0 0.85943675463 2.41062209727 3.15107070894 5.4207394675 0.695212751575 1.39525689466 2.06127423043 7.76760190426 8.24272776414 8.47679667097 8.99820764325 9.63016576617 15.9197772529 17.7343536398 18.5632370691 0.237166946954 1.97662075731 2.17169670073 33.5612883776 34.3724785155 34.7045079063 35.0342097969 35.4390675225 136.830982869 0.40213184501 312.886610793 0.588359026417 0.218505498978 2.94771712664 2.62641179759 0.35631319141 1.57883108493 2.2584482852 2.256773768 1.60300803175 2.6422958978 4.2081064309 1.56283947709 4.2122015141 0.33595621227 0.443171533671 0.120108298193 0.105747540914
-9999.0 -9999.0 -9999.0 -9999.0 -9999.0 -9999.0 -9999.0 -9999.0 -9999.0 -9999.0 -9999.0 -9999.0 0.820269651666 1.61961930697 0.743077427347 1.51587539277 0.689954914935 5.11849393395 6.4441651775 7.13424787082 0.630419938881 1.16007601902 12.0810259871 14.869178533 15.3470529565 1.21730558266 1.20482753815 1.63101890085 0.17475928239 0.161583065772 0.316385945524 0.213809500081 20.0359319897 20.3105177056 20.6160788057 137.268749776 315.379403644 313.149041695 0.347004840833 0.1477096947 0.13775286692 0.646397260443 0.513791285563 1.79573097017 2.64213555379 5.39534010199 0.501281933158 0.501187825413 4.61193442577 5.01753293294 10.0570108032 10.3723710887 10.9407486998 11.1700077409 0.217763877778
-9999.0 -9999.0 -9999.0 -9999.0 -9999.0 -9999.0 -9999.0 -9999.0 -9999.0 -9999.0 -9999.0 -9999.0 -9999.0 0.761806300003 1.51955636263 2.28263626492 3.70730083572 0.738619190115 0.680198130328 5.30011834651 5.92466888484 11.1169493915 11.737433869 1.75064876928 0.639745877021 0.622437763265 0.586166865315 18.6909783413 19.0135970669 19.2240380802 19.3913823068 19.7934090108 3.01937199735 3.3914711244 24.353899266 477.223719898 1.74198698225 1.40880820809 0.583364745352 0.172408398294 0.133594507739 0.923826456569 1.03808574767 2.06301234788 0.13431390036 5.5775562698 0.782184017386 0.763219174763 0.141306857127 0.106403835839 0.101334725534 0.157683001791 0.10908063108 11.2775396909 160.799641594
-9999.0 -9999.0 -9999.0 -9999.0 -9999.0 -9999.0 -9999.0 -9999.0 -9999.0 -9999.0 -9999.0 -9999.0 -9999.0 -9999.0 0.746502023506 1.61076160609 2.4164938094 3.24946065191 3.93996062288 4.64641375243 2.05402206774 3.38928108149 0.626168733721 0.620858325263 15.6981377029 16.9428507179 17.5326023974 18.1771951236 0.490000302898 0.843660918454 2.20939111158 2.45894705296 2.7097470211 0.409098390092 0.422801706692 478.349479251 0.366745719918 0.529029665288 0.254744394346 0.707657810736 0.332325463738 0.217030948408 3.31122668227 3.55535223874 0.167156885549 5.77490474218 6.66186490979 0.854297456765 166.47973817 166.228842318 166.001668522 165.419052088 165.102382898 161.372507332 161.183036185
-9999.0 -9999.0 -9999.0 -9999.0 -9999.0 -9999.0 -9999.0 -9999.0 -9999.0 -9999.0 -9999.0 -9999.0 -9999.0 -9999.0 0.209108214061 0.4778964779 0.806763393122 7.36106328635 8.06944259634 0.714121839148 0.689200435691 0.669445146759 13.1697372156 14.4601259981 0.634640580799 0.659752376011 0.575012743158 2.31438731262 2.88758468364 1.44666219436 1.7669791674 12.9501339949 13.3467645741 14.2823774484 22.737584798 501.345868185 0.376368462401 0.223828897013 1.09214511758 0.896669832954 0.199330472012 0.633378525423 0.851376362522 3.79431176992 4.01148514823 11.1384792504 6.7790675656 0.93542786242 170.281592616 2.0100335195 165.766023924 165.600431725 3.45151146434 0.251988253183 0.207206712796
-9999.0 -9999.0 -9999.0 -9999.0 -9999.0 -9999.0 -9999.0 -9999.0 -9999.0 -9999.0 -9999.0 -9999.0 -9999.0 -9999.0 1.08394445693 1.76677328622 3.69208354895 6.52188320167 8.84528724857 10.4943237501 11.1915481881 11.8845459516 12.5572573879 0.635103747876 0.603235533421 1.18801997937 1.16459028363 0.586524075414 11.1753237779 11.7380862425 12.2808949712 12.7773383983 7.05840989339 7.36945291833 7.94235363266 501.567044929 0.648567508732 0.619157197958 1.82743928189 0.169082625395 0.476413367977 0.25709085119 0.204202735325 1.07930515479 0.18170088597 0.190046283414 182.49878356 171.194822016 170.991474583 0.756405609209 1.88564123513 1.19762374722 0.268500827096 2.95575449842 0.823146008376
-9999.0 -9999.0 -9999.0 -9999.0 -9999.0 -9999.0 -9999.0 -9999.0 -9999.0 -9999.0 -9999.0 -9999.0 -9999.0 -9999.0 0.764502825966 0.715010054384 1.39867920249 2.13197963016 0.818744236906 0.749869915618 1.43887042471 2.11649117285 3.41113047349 4.06654918981 4.70295735213 6.53412438466 7.13107482544 7.74288869938 0.58079651705 5.70329276753 6.17708837569 6.51178352483 0.208229938763 0.0759414163752 0.172786239384 509.401471479 509.617258391 510.681193384 2.30937080335 0.345029831665 0.703247107623 0.202515964772 0.376282052173 1.26476863676 1.60967029201 0.353660261529 183.407005223 0.309949246033 0.432600509642 0.46633100134 0.405433762478 0.689941500871 0.30122683165 1.93439503816 1.40443448636
-9999.0 -9999.0 -9999.0 -9999.0 -9999.0 -9999.0 -9999.0 -9999.0 -9999.0 -9999.0 -9999.0 -9999.0 -9999.0 -9999.0 -9999.0 0.678184978061 1.33769224918 0.659530141292 1.36453303279 8.52662442941 9.27326590049 9.94790166262 0.647145063518 0.653215296883 1.29103443077 1.91587811345 3.1014669043 3.69156292553 4.00575599199 4.55622661951 0.478744164133 0.383202142448 6.9989204625 7.08740954002 7.24542186143 7.43500373987 6.34820926784 517.834717808 521.392566599 521.556840985 522.409929544 523.205878322 523.833061069 0.199795542961 1.78414266702 183.612521626 0.514210129216 0.262894158381 0.286793303384 0.248933564967 0.433049754914 0.379526421315 0.216174663017 0.29202145612 0.258038394513
-9999.0 -9999.0 -9999.0 -9999.0 -9999.0 -9999.0 -9999.0 -9999.0 -9999.0 -9999.0 -9999.0 -9999.0 -9999.0 -9999.0 -9999.0 -9999.0 1.98878966406 2.70446245198 4.81569831841 6.40501560427 0.850304101779 11.5343906847 12.1835831807 12.8287259567 0.65691011008 1.29075431996 0.605642137781 4.34561021586 4.63513118822 5.11602305078 5.63068865893 6.74790262722 6.85549419834 0.0787193192973 5.56022679785 5.95062526177 6.16130971769 6.93248110904 1.03689459129 0.671767449926 0.408724443869 0.384420437805 524.427539625 524.759453854 527.893404614 183.847327734 1.38222874587 0.657845056256 0.453401634742 0.139205574358 1.21526169985 0.610750509033 0.197013761967 1.050320051 0.877197549204
-9999.0 -9999.0 -9999.0 -9999.0 -9999.0 -9999.0 -9999.0 -9999.0 -9999.0 -9999.0 -9999.0 -9999.0 -9999.0 -9999.0 -9999.0 -9999.0 0.722934463419 3.4097854967 4.14965918665 0.886856916743 0.692505311026 1.38079528033 2.04259842973 15.5370361779 0.650722773037 2.60752425667 3.22829065924 3.82899943627 0.310539771612 0.757161052901 0.948742497738 4.50961534238 4.92541835752 5.09547907706 0.194124825084 0.180054298088 0.199938237921 0.367799234097 0.152503304964 0.160949324497 0.325136125126 0.239785139621 0.331386878519 1.08639343766 528.253799275 713.024349966 1.66223054857 0.205363665127 0.14571328044 3.69747749154 3.39672051616 1.97513076612 1.76361526219 1.3065744438 0.289707884213
-9999.0 -9999.0 -9999.0 -9999.0 -9999.0 -9999.0 -9999.0 -9999.0 -9999.0 -9999.0 -9999.0 -9999.0 -9999.0 -9999.0 -9999.0 0.606070394161 2.00118052589 0.669283075622 0.86375335652 0.756220641369 1.45523316007 2.1287556662 2.8478927946 19.1064208269 19.7460909006 0.652964387336 1.27926437335 1.90965632337 2.31570404984 2.72868863544 3.85052798399 4.32259251962 0.182412791697 0.237143616545 0.226853594762 0.353769966708 0.31846544173 0.324232191295 0.270289133336 0.306011252944 1.28379346811 0.614241724178 0.348314344239 0.339501405909 0.315225192845 0.597284409995 723.48761347 8.59855127928 4.41000430181 0.380120719622 0.166691021158 0.159730934175 0.539723506526 0.365665149622 0.181970445913
-9999.0 -9999.0 -9999.0 -9999.0 -9999.0 -9999.0 -9999.0 -9999.0 -9999.0 -9999.0 -9999.0 -9999.0 -9999.0 -9999.0 0.643125626991 1.23053846911 4.50327745375 0.65243384666 1.76032313666 2.50192306514 3.21413593954 0.724932057731 1.39308804414 2.17570650109 22.6206741606 0.629577595871 1.23217895601 1.83031571328 0.559110940359 1.09101951987 1.250497848 1.66854784976 42.1579313798 42.730163537 43.292824614 46.0686677714 47.03536564 49.2292311689 0.569020942043 1.19129607882 1.58265148925 56.284064416 56.9317135351 0.320583710649 0.56703830941 0.808018213935 723.79045363 8.24366172392 3.37111011417 3.18872554365 2.97204522817 2.80249787203 0.718991052027 0.180012071092 0.339997781049
-9999.0 -9999.0 -9999.0 -9999.0 -9999.0 -9999.0 -9999.0 -9999.0 -9999.0 -9999.0 -9999.0 -9999.0 -9999.0 -9999.0 0.655901972312 1.97764814397 7.12956707599 10.5124314638 0.595203430425 13.924816634 17.856639148 0.696630066809 1.36066261843 2.12940061491 28.819940775 29.5340295162 0.603251789145 3.03895592993 3.60811393104 4.01748659895 38.8407092976 39.6109238883 40.2598763616 0.333885586828 1.95216439458 2.32362915639 1.12317125858 1.6268500992 51.5765080472 53.537251202 53.9787374868 54.4029904506 57.5295969145 0.293153074254 0.268936640247 1.31854189075 724.119841365 0.275925539481 0.0199786829147 0.0571763726188 0.0214714900936 2.49241824909 2.32465650298 1.36795874539 0.977839233738
-9999.0 -9999.0 -9999.0 -9999.0 -9999.0 -9999.0 -9999.0 -9999.0 -9999.0 -9999.0 -9999.0 -9999.0 -9999.0 -9999.0 -9999.0 -9999.0 1.37923850265 2.77348341091 12.4997702158 13.2188820576 18.4919657999 19.2183762847 0.69456875714 1.3874802836 3.4474228071 30.2162532683 31.4758459262 32.0211768222 0.479314886193 33.8535992116 34.5949423678 0.51882296588 0.337580210144 0.669648247065 1.31381814 0.320481079099 0.665452403998 1.54392489799 1.95384365815 0.367602033616 0.273075747692 0.554426404819 59.356317492 59.8912839233 60.1349972355 62.0288508144 724.424913473 0.187604756425 0.0132299642548 0.0152760374767 0.0146034475095 0.0150684712085 0.0133117813856 0.0245085779672 0.1472939464
-9999.0 -9999.0 -9999.0 -9999.0 -9999.0 -9999.0 -9999.0 -9999.0 -9999.0 -9999.0 -9999.0 -9999.0 -9999.0 -9999.0 -9999.0 -9999.0 0.720012780682 0.705085016327 0.703900568436 1.47798416573 0.658881490015 20.5213770487 21.1990365834 0.709571033129 1.3761654948 0.69114722606 0.622143142897 0.611104646735 33.009221355 0.213229790186 0.431941251436 0.318184779021 0.35948114277 0.324628565273 0.277275699398 0.28541567283 0.87363213782 1.18826571742 0.251719050758 0.226368423805 0.480627278662 0.778966198868 0.950792439965 0.226645265269 60.4348457743 62.2841480521 724.664679096 0.433927672791 0.0722156306738 0.00870158693548 0.0212510506632 0.00685747462318 0.00539655761549 0.030643934478 0.726778448901
-9999.0 -9999.0 -9999.0 -9999.0 -9999.0 -9999.0 -9999.0 -9999.0 -9999.0 -9999.0 -9999.0 -9999.0 -9999.0 -9999.0 -9999.0 -9999.0 -9999.0 -9999.0 0.699031029979 2.12446794957 2.71047265149 3.34464408452 21.8211109456 22.4391250586 23.0923764287 23.8645461248 24.4666055299 25.6973115264 25.9308752032 26.1206063252 26.3597991622 0.323400136155 0.314437224324 0.324268469166 1.18202204787 0.307910046567 0.300509300721 0.25342391496 0.748327740209 0.280583671361 0.23148842542 0.218199426902 0.186855048003 0.373033479423 0.548434405281 63.4381503212 788.794732317 0.17241976171 0.40226076632 0.00709925383451 0.0291561152429 0.0160846102627 0.0108993762149 1.34186361292 1.19544635542
-9999.0 -9999.0 -9999.0 -9999.0 -9999.0 -9999.0 -9999.0 -9999.0 -9999.0 -9999.0 -9999.0 -9999.0 -9999.0 -9999.0 -9999.0 -9999.0 -9999.0 -9999.0 -9999.0 0.592948523567 4.66509819758 9.29498078107 9.98400507174 0.85715066477 1.58134431136 2.24562228495 2.86341255806 6.66954255986 6.99335596375 0.320025783899 0.320504805442 27.0334557291 27.6623601105 27.9620271569 1.43846290872 0.239341234661 0.563942829875 0.830693535727 2.46567110933 3.00936068805 3.4606249327 0.42133429065 0.595067766229 0.201016277719 0.398653085726 0.203391705352 789.220463214 0.17810644426 0.728341535094 0.228908314104 0.389979946239 1.05942480999 1.16515930672 2.59829334399 1.3192132569
-9999.0 -9999.0 -9999.0 -9999.0 -9999.0 -9999.0 -9999.0 -9999.0 -9999.0 -9999.0 -9999.0 -9999.0 -9999.0 -9999.0 -9999.0 -9999.0 -9999.0 -9999.0 0.656203063177 2.08096759609 4.08139078034 5.34063830555 13.8543735989 14.6409346289 1.36871474845 2.02410336792 2.62229075315 3.23295078413 7.25241167198 7.87186321413 13.3224099602 13.726357195 14.0123822216 28.2684906971 30.5356582668 0.550554639354 0.340391564064 0.329249579519 0.64077540833 0.29766689721 4.02845555823 4.24792420905 0.787154062403 0.94807690935 0.165446274934 174.997459277 175.416187033 964.956711103 965.958873528 0.161106688045 0.726682579085 0.19303693862 0.180039520146 2.94919757141 4.42103557568
-9999.0 -9999.0 -9999.0 -9999.0 -9999.0 -9999.0 -9999.0 -9999.0 -9999.0 -9999.0 -9999.0 -9999.0 -9999.0 -9999.0 -9999.0 -9999.0 -9999.0 -9999.0 -9999.0 0.740415640751 0.722110359286 1.37125667906 3.27286886458 15.2663437406 0.697255504816 0.689894381845 1.30243576946 1.91391108657 4.41419978755 4.72089457362 0.19029624313 0.272024269216 14.3923661878 14.7163246229 45.5165228247 45.7600331258 0.228117864729 0.208671661055 0.184677937063 0.186118201812 0.190115523658 171.346441317 172.59290457 173.713982847 174.038386629 174.832719906 0.222112542871 0.828762029171 1.06520603318 967.498863495 967.678400471 967.938564781 968.144721421 968.307842685 4.60509191319
-9999.0 -9999.0 -9999.0 -9999.0 -9999.0 -9999.0 -9999.0 -9999.0 -9999.0 -9999.0 -9999.0 -9999.0 -9999.0 -9999.0 -9999.0 -9999.0 -9999.0 -9999.0 -9999.0 -9999.0 0.667024173328 0.695468635074 1.30033467616 17.8199993509 18.5293145498 0.680953039908 1.29567862729 1.91612011203 2.23541616131 0.258127677898 0.604270297254 39.7271626892 40.0609955977 40.313844044 42.4847431001 88.4943855012 163.025873337 163.536837767 164.016246246 164.480935163 166.304292798 166.872823871 1.05004710994 0.483579045767 0.275352028779 0.524914660365 0.409210510382 0.643835441471 0.208676480406 4.49847902509 5.01173650709 5.40871062456 5.55396537677 968.475590617 973.289579211
-9999.0 -9999.0 -9999.0 -9999.0 -9999.0 -9999.0 -9999.0 -9999.0 -9999.0 -9999.0 -9999.0 -9999.0 -9999.0 -9999.0 -9999.0 -9999.0 -9999.0 -9999.0 -9999.0 -9999.0 -9999.0 0.679582855302 1.30938600645 1.94229392895 19.0771453858 0.731797744313 26.1574651276 26.7972045154 27.0549138105 27.3965084454 38.3401235475 38.7488273725 0.35408504935 1.63195877806 1.97158694681 0.358574045903 74.0168460465 73.3488751882 0.246079139958 0.543104956247 1.40308707004 0.297418069342 0.305310445288 0.243034668569 0.210719939836 0.171850842857 0.193702884832 3.8282055073 4.02862656453 4.26175148242 0.281507718172 0.204307056378 5.69687738008 5.88176385165 5.99411436591
-9999.0 -9999.0 -9999.0 -9999.0 -9999.0 -9999.0 -9999.0 -9999.0 -9999.0 -9999.0 -9999.0 -9999.0 -9999.0 -9999.0 -9999.0 -9999.0 -9999.0 -9999.0 -9999.0 -9999.0 -9999.0 0.624480516328 0.591040176789 3.05631101536 23.423493004 24.7984618831 25.550269053 0.673512058582 10.3181475765 10.524539611 10.6371475774 0.351742832602 0.744976803009 1.09652209794 17.3327084652 17.6246250138 17.8928628369 72.8298580637 44.4342791117 0.295626533987 0.291658499271 0.28179953714 0.233317615936 2.29362135283 2.75797495202 3.1744104567 3.401308111 3.62147100963 19.5798879129 19.7513170756 19.9061112361 20.2666413573 22.2139866307 22.3445742151 28.4867086273
-9999.0 -9999.0 -9999.0 -9999.0 -9999.0 -9999.0 -9999.0 -9999.0 -9999.0 -9999.0 -9999.0 -9999.0 -9999.0 -9999.0 -9999.0 -9999.0 -9999.0 -9999.0 -9999.0 -9999.0 -9999.0 -9999.0 1.22770423526 1.87508169161 0.715412446462 0.693424185323 8.07009125915 8.75516111125 9.26149755173 3.691439179 3.90799496804 4.17474386605 4.53072585142 16.6999643618 17.0602936969 9.60429839349 27.8145519021 28.1180476486 44.1746395124 0.580908707993 0.287998707761 0.223105487814 1.56638582108 1.83377471022 0.177412674642 0.165567897208 18.8035138992 19.2074446955 19.4143320076 0.181721031672 0.26087078153 21.877603827 0.228304273356 0.921169336494 1.03362742768
-9999.0 -9999.0 -9999.0 -9999.0 -9999.0 -9999.0 -9999.0 -9999.0 -9999.0 -9999.0 -9999.0 -9999.0 -9999.0 -9999.0 -9999.0 -9999.0 -9999.0 -9999.0 -9999.0 -9999.0 -9999.0 -9999.0 0.617694997514 1.22369199067 5.22775279754 5.96009903824 6.72803498512 2.89542120893 3.47857426398 0.228089948923 11.3469698549 11.568168284 11.8180272631 0.313679230503 8.92085965169 9.28949113313 0.304176752204 42.6666063612 0.633571340933 0.312861042818 0.826849263518 1.11563104968 0.231603117137 0.197205361397 16.8374071682 18.4260391973 18.6618477688 0.231831062527 0.522502562083 0.662568166843 0.778452544677 1.50055992689 0.337184826756 0.748826334242 0.162193155212
