data/baseflow/History/mHMbfrc452
ncols                  80
nrows                 72
xllcorner      4374000.0
yllcorner      5656000.0
cellsize            500
NODATA_value       -9999
[rows 24 to 47 of 72, columns 0 to 53 of 80]
-9999.0 -9999.0 -9999.0 -9999.0 -9999.0 -9999.0 -9999.0 -9999.0 -9999.0 -9999.0 -9999.0 -9999.0 0.872583497631 2.31816309806 3.00292743221 5.0296218298 0.549875887543 1.13041578379 1.65222468696 6.64184697744 7.01758548424 7.24906315003 7.56449500745 7.94527128991 11.9562548002 12.9522235371 13.4228543068 0.158767652581 0.968867470915 1.11031518795 24.1468016299 24.5642276122 24.7750662899 24.9940559568 25.1516106769 98.8500195329 0.0716320724711 195.884532234 0.126949032988 0.05597895118 1.30665254146 1.16811701832 0.140406399227 0.612104284228 0.95364964327 0.931663067894 0.617989065293 1.0088052174 1.59492243761 0.594595719914 1.48878113674 0.110381714018 0.142562153568 0.0167494807552
-9999.0 -9999.0 -9999.0 -9999.0 -9999.0 -9999.0 -9999.0 -9999.0 -9999.0 -9999.0 -9999.0 -9999.0 0.792785786873 1.55817121995 0.683452811514 1.3741930374 0.554496323929 4.58013222692 5.61441905671 6.15940255511 0.469625668432 0.872540629108 9.45428480206 11.3947056625 11.6739002479 0.690525402878 0.557918144275 0.759685311509 0.107735366407 0.0886980403405 0.160877224534 0.0811346920938 14.4039018116 14.5059683866 14.5510689948 99.0033791791 196.577819272 195.9308675 0.0739908456684 0.0435098920392 0.0389564783551 0.224643931784 0.195199481518 0.705319890051 1.09897729643 2.2214123493 0.189763028746 0.187496861588 1.73992794266 1.89220080823 3.65575176493 3.72137804826 3.881327939 3.91173701475
-9999.0 -9999.0 -9999.0 -9999.0 -9999.0 -9999.0 -9999.0 -9999.0 -9999.0 -9999.0 -9999.0 -9999.0 -9999.0 0.695025174323 1.41943772551 2.16620615668 3.3826800267 0.647215475749 0.544959921074 4.19585871247 4.66199850106 8.71278455125 9.19469878887 1.30348524102 0.396607861469 0.325504108359 0.260332640398 13.8249825188 13.963371174 14.0767602709 14.1560541919 14.3152720601 1.35917169505 1.43206426399 16.0361726662 311.709579933 0.430387506562 0.289444125199 0.131526607105 0.0409045375986 0.0304986122316 0.293808806304 0.31154556859 0.758975001695 0.028357314424 2.26856265323 0.282000918349 0.272383677756 0.0293911420101 0.0157277031349 0.0131207600526 0.019667938183 0.0142829323413 3.92758001446
-9999.0 -9999.0 -9999.0 -9999.0 -9999.0 -9999.0 -9999.0 -9999.0 -9999.0 -9999.0 -9999.0 -9999.0 -9999.0 -9999.0 0.686052625572 1.3708857038 1.97014421779 2.56205700714 3.11083598179 3.68771244076 1.59898219901 2.67535346455 0.463227314599 0.432903729002 12.120879033 12.9066670103 13.246994283 13.6087839036 0.209527645987 0.348197433936 0.98695167667 1.11019627126 1.23185588148 0.105318565409 0.0630493523493 312.038467991 0.133526099944 0.115405076944 0.0559238387558 0.178447533003 0.0804037028305 0.0411559372453 1.10838763521 1.14774930424 0.0221402309816 2.2965897823 2.59059374415 0.285838112722 49.334486063 49.292285121 49.2593441161 49.1790569185 49.1398130718 48.5372462018
-9999.0 -9999.0 -9999.0 -9999.0 -9999.0 -9999.0 -9999.0 -9999.0 -9999.0 -9999.0 -9999.0 -9999.0 -9999.0 -9999.0 0.180174692312 0.3909094882 0.615120310471 5.89202807512 6.45142937628 0.579862302043 0.533916279123 0.533699959163 10.3644183894 11.3353033828 0.440850829946 0.448631227996 0.299678051015 1.28652601248 1.59407985794 0.658638316226 0.821884024793 8.15073730005 8.33841662651 8.71320233924 12.9728720828 325.125526163 0.141936742412 0.0390909985441 0.281124800261 0.232334162686 0.0405875317484 0.126918537601 0.169119901287 1.18870359481 1.22085694004 3.87210455206 2.60464535364 0.307248149734 50.0538259438 0.255031638711 49.2284448084 49.2055274696 0.566665048588 0.038163827977
-9999.0 -9999.0 -9999.0 -9999.0 -9999.0 -9999.0 -9999.0 -9999.0 -9999.0 -9999.0 -9999.0 -9999.0 -9999.0 -9999.0 0.893883675003 1.47166624177 2.99355945618 5.24899352908 7.00766989483 8.35287596389 8.88393703644 9.43497334587 9.94154624647 0.462104970246 0.377084053445 0.726595642998 0.640736427261 0.343190092337 7.24663897162 7.54085254526 7.80567121272 8.05271852977 3.85040116041 3.96383610741 4.16724904765 325.229591921 0.269439793221 0.158009236073 0.493477040211 0.0538961251533 0.0967653629716 0.0543091754171 0.038703659709 0.213114973047 0.025292248904 0.0260103937083 54.0909389993 50.1976111306 50.1688753164 0.126067648082 0.240822665953 0.149527406634 0.0268673444205 0.489167855404
-9999.0 -9999.0 -9999.0 -9999.0 -9999.0 -9999.0 -9999.0 -9999.0 -9999.0 -9999.0 -9999.0 -9999.0 -9999.0 -9999.0 0.620449302237 0.584371883594 1.15192650636 1.73085604246 0.71670220747 0.724748908168 1.28545848672 1.82266239569 2.76063274889 3.22698306967 3.59293816463 4.70910811337 5.0211996922 5.3816116824 0.291465218278 3.17395121529 3.40033540065 3.58211483247 0.115954341293 0.0393835129962 0.0846769370535 329.408382596 329.506258425 329.953741303 0.679107855103 0.127971640771 0.137888399809 0.0286934819698 0.0683988079576 0.245993401033 0.296031667024 0.046601992423 54.2111975728 0.038938708164 0.0650691302347 0.0750625213837 0.0531043120453 0.0986646614337 0.0391687990142 0.359830171438
-9999.0 -9999.0 -9999.0 -9999.0 -9999.0 -9999.0 -9999.0 -9999.0 -9999.0 -9999.0 -9999.0 -9999.0 -9999.0 -9999.0 -9999.0 0.55942630192 1.08974586842 0.511800941186 1.06433144422 6.54431286166 7.05457115955 7.550285854 0.469543325486 0.47219375558 0.835991560458 1.21813933226 1.80260203843 2.12487972734 2.33524606107 2.6033396501 0.205062425459 0.161518950871 3.75254088256 3.81810735875 3.89404669804 3.98675176983 3.28958743202 333.630811901 334.832081955 334.896002779 335.086625709 335.29945537 335.395048856 0.0213559696403 0.31943372723 54.2314198349 0.0410247415455 0.0210979705428 0.0293009175806 0.0319771105571 0.0564406536905 0.0521740601211 0.0316038689918 0.0564886172989
-9999.0 -9999.0 -9999.0 -9999.0 -9999.0 -9999.0 -9999.0 -9999.0 -9999.0 -9999.0 -9999.0 -9999.0 -9999.0 -9999.0 -9999.0 -9999.0 1.61014260712 2.13200112004 3.71316502269 4.90779586615 0.622267281339 8.7877543094 9.24204175817 9.65074533926 0.378236621605 0.732106316396 0.282258753009 2.35552651514 2.52216118031 2.79404019853 3.06166388781 3.58650577057 3.68508004767 0.0647327978316 2.91053107188 3.09940845575 3.20127365525 3.57461375975 0.427517364961 0.250667220361 0.125347040273 0.109458182243 335.49448317 335.527220688 336.021804529 54.2494841992 0.131547094963 0.0752190367838 0.0507980224174 0.0169449540486 0.167115161168 0.0882205907166 0.0274207305157 0.161986457242
-9999.0 -9999.0 -9999.0 -9999.0 -9999.0 -9999.0 -9999.0 -9999.0 -9999.0 -9999.0 -9999.0 -9999.0 -9999.0 -9999.0 -9999.0 -9999.0 0.538767351578 2.66602876211 3.2248879964 0.658572307073 0.535008168844 1.1057872694 1.58310515336 11.6711132251 0.37193758961 1.50320487686 1.80651312237 2.10181480784 0.193856971588 0.429013647658 0.519145278472 2.32392110511 2.55069057249 2.6521898195 0.103593038878 0.0861105612347 0.0958537155021 0.177921118915 0.0732827553709 0.0735028719565 0.0719934154377 0.0679988564461 0.0686537802511 0.149706851497 336.061343498 390.394075717 0.156806542592 0.0518783214109 0.0165635135003 0.539478962705 0.501964557776 0.305538683679 0.275189612879 0.205334640715
-9999.0 -9999.0 -9999.0 -9999.0 -9999.0 -9999.0 -9999.0 -9999.0 -9999.0 -9999.0 -9999.0 -9999.0 -9999.0 -9999.0 -9999.0 0.473311366785 1.47443184765 0.472669394247 0.661507940934 0.631957943587 1.18052502057 1.71933778475 2.18908010725 14.2813758444 14.6290148208 0.363499738928 0.669492624639 0.983553846897 1.19104532686 1.40484104138 2.02024139709 2.22412588165 0.10145066614 0.0929941412617 0.0623056375642 0.0385895906036 0.0697766663943 0.0951540787129 0.103013623515 0.133172400801 0.24200264437 0.102408054467 0.0315304497168 0.0303719802856 0.0271134759603 0.0495700078592 392.016985321 1.41728655714 0.643884117353 0.0618764706501 0.0285923866488 0.0217027932599 0.0737556278529 0.0495498370619
-9999.0 -9999.0 -9999.0 -9999.0 -9999.0 -9999.0 -9999.0 -9999.0 -9999.0 -9999.0 -9999.0 -9999.0 -9999.0 -9999.0 0.518681773294 0.962430672861 3.34019913942 0.423950845015 1.21986028391 1.81488975446 2.32816688773 0.555903819059 0.991590533653 1.46358288042 16.4581417686 0.330072110051 0.603494765435 0.892520592628 0.259147309361 0.505993149773 0.587495403514 0.756809784634 25.6208991827 25.7990298592 25.9480055167 26.6198864508 26.7856096841 27.2302091137 0.140862263725 0.330481126166 0.292522529545 28.4990103041 28.5545550487 0.027505451932 0.0456479970582 0.0631933268727 392.048467803 1.3230824421 0.603014057959 0.567550676682 0.482861362518 0.432473438858 0.0978277271615 0.0246034399435
-9999.0 -9999.0 -9999.0 -9999.0 -9999.0 -9999.0 -9999.0 -9999.0 -9999.0 -9999.0 -9999.0 -9999.0 -9999.0 -9999.0 0.523103206365 1.57594306433 5.41780709915 7.94970192254 0.348566633723 10.1513129762 12.9064559718 0.498746791712 0.923564825637 1.39224775844 20.3237880301 20.648785232 0.208832438456 1.31657223135 1.51152798098 1.69995698239 24.2850183933 24.595253513 24.7876576317 0.0886614447146 0.499907072239 0.589704779278 0.211008819721 0.288713784369 27.6397869663 28.0805551615 28.1344565515 28.1827510741 28.6022234115 0.022910749846 0.0208050612846 0.101501120743 392.083507188 0.0421344265242 0.0189739537698 0.0554959746097 0.0235790611679 0.384757472576 0.337442322144 0.201699983407
-9999.0 -9999.0 -9999.0 -9999.0 -9999.0 -9999.0 -9999.0 -9999.0 -9999.0 -9999.0 -9999.0 -9999.0 -9999.0 -9999.0 -9999.0 -9999.0 1.05609080313 2.10510391065 9.29199459277 9.77564458066 13.3089867449 13.7415808016 0.475810416441 0.95296565404 2.1446303171 20.9321944729 21.4154853286 21.5717989001 0.115854656874 22.1525418162 22.4709387765 0.201190842245 0.0934640763417 0.178079795552 0.340752796305 0.0820613828704 0.152717677401 0.309015986683 0.371086435355 0.069775985705 0.041408932235 0.0771609017195 28.945561366 29.0457353945 29.0637790307 29.2257410223 392.115011482 0.0275526180286 0.0107337999539 0.0133847558926 0.0132625768441 0.0138583036367 0.0118374844406 0.0214012590678
-9999.0 -9999.0 -9999.0 -9999.0 -9999.0 -9999.0 -9999.0 -9999.0 -9999.0 -9999.0 -9999.0 -9999.0 -9999.0 -9999.0 -9999.0 -9999.0 0.546118060904 0.527782348167 0.494114153795 0.935617113787 0.377401737648 14.5030579274 14.8763632815 0.427328210843 0.820608192979 0.329394011254 0.228731655307 0.214899945538 21.9180454739 0.0974834623134 0.206555923836 0.121542508138 0.102659426656 0.0811870792096 0.0563411709851 0.0600235041655 0.190970919972 0.267831258395 0.0470470566799 0.0378462676448 0.0865879742489 0.152900057252 0.217409717047 0.0651530504284 29.1026455957 29.2450635708 392.140143157 0.08231478663 0.0285521740227 0.00661348035017 0.0183427034047 0.00527518832215 0.00404789474285 0.0260642092526
-9999.0 -9999.0 -9999.0 -9999.0 -9999.0 -9999.0 -9999.0 -9999.0 -9999.0 -9999.0 -9999.0 -9999.0 -9999.0 -9999.0 -9999.0 -9999.0 -9999.0 -9999.0 0.514570981092 1.38206843515 1.73659273317 2.10629689453 15.2428085844 15.6351448277 15.9909053484 16.3475910697 16.5519339335 16.9912699523 17.0855233858 17.170243948 17.2432889821 0.0808735294826 0.0745405424491 0.0798816743172 0.262272063706 0.0716914858618 0.0687210666008 0.04777350143 0.140100330237 0.0559895897911 0.0414223226825 0.0375431162523 0.0324479008546 0.0647198930517 0.0949450825493 29.4407918925 421.690067394 0.0244611382748 0.0463867627283 0.00456296045616 0.0245636804738 0.0126980275607 0.00815307460266 0.219520252783
-9999.0 -9999.0 -9999.0 -9999.0 -9999.0 -9999.0 -9999.0 -9999.0 -9999.0 -9999.0 -9999.0 -9999.0 -9999.0 -9999.0 -9999.0 -9999.0 -9999.0 -9999.0 -9999.0 0.396459558721 3.30516568889 6.2772443213 6.63072935383 0.549818149717 0.976211457146 1.36852097416 1.63425539786 3.63618443395 3.72458547682 0.0849439079063 0.0835806623457 17.411344167 17.5479451385 17.614218006 0.305483932779 0.0321480824356 0.0933326754322 0.137380950127 0.432847083989 0.538990357942 0.618798108869 0.0712758310399 0.0996827101884 0.0354186869782 0.0725722145636 0.0387362917795 421.762535283 0.0185017681205 0.0846471289787 0.0246450784283 0.0639304065973 0.173826188784 0.196468103829 0.43119285628
-9999.0 -9999.0 -9999.0 -9999.0 -9999.0 -9999.0 -9999.0 -9999.0 -9999.0 -9999.0 -9999.0 -9999.0 -9999.0 -9999.0 -9999.0 -9999.0 -9999.0 -9999.0 0.464440537386 1.51049888854 2.9229331303 3.78446456358 9.2561364882 9.71402631763 0.84613718151 1.24529545356 1.55647897624 1.81075741809 3.81396257863 3.98767557232 6.8367414946 7.03936880568 7.11869148362 17.6719284181 18.0979279515 0.0821105270542 0.0648032963572 0.058665202138 0.111220071553 0.0509082540935 0.723655682144 0.761919655281 0.129794219772 0.170997625085 0.0355008816818 91.6808745359 91.7600521127 513.565256137 513.684794434 0.0226785905509 0.11185290116 0.0328666312616 0.0275246468895 0.481502845776
-9999.0 -9999.0 -9999.0 -9999.0 -9999.0 -9999.0 -9999.0 -9999.0 -9999.0 -9999.0 -9999.0 -9999.0 -9999.0 -9999.0 -9999.0 -9999.0 -9999.0 -9999.0 -9999.0 0.550557253281 0.525958815507 0.96678577443 2.24773951836 10.1215705106 0.442376441454 0.434517739901 0.73329985865 1.05717435291 2.42810136926 2.57839015909 0.112442737317 0.138336851842 7.22451624941 7.27827902662 25.4337278552 25.4827392591 0.0262605364795 0.0226814429516 0.0197587094853 0.0199583546969 0.027011037765 90.8601254652 91.1363302497 91.3582395736 91.4546993126 91.643676201 0.0487816091283 0.176589923193 0.201534642026 513.960700294 513.984099335 514.014210744 514.056129323 514.123413765
-9999.0 -9999.0 -9999.0 -9999.0 -9999.0 -9999.0 -9999.0 -9999.0 -9999.0 -9999.0 -9999.0 -9999.0 -9999.0 -9999.0 -9999.0 -9999.0 -9999.0 -9999.0 -9999.0 -9999.0 0.461032501156 0.493520324054 0.889247546932 11.8339198915 12.2100322824 0.41822232128 0.718609534431 1.0559150793 1.25883726094 0.157876426104 0.309500747193 24.1886616688 24.2561099462 24.3515874183 24.9924233482 50.5428053423 89.3151180835 89.3942349294 89.4663199972 89.5363994706 89.9243120732 90.05760062 0.240831024209 0.100277252665 0.0657539637621 0.121183987884 0.0883990340225 0.141602720483 0.0439894212042 1.03179267021 1.13192932562 1.21450924662 1.22677848889 514.142608842
-9999.0 -9999.0 -9999.0 -9999.0 -9999.0 -9999.0 -9999.0 -9999.0 -9999.0 -9999.0 -9999.0 -9999.0 -9999.0 -9999.0 -9999.0 -9999.0 -9999.0 -9999.0 -9999.0 -9999.0 -9999.0 0.469602716571 0.885792780458 1.30691906437 12.5474949629 0.344497856636 16.7040125586 17.0515080555 17.2008421837 17.3657245995 23.538810181 23.7246326353 0.0729605451865 0.468571957735 0.566072216213 0.0789212353536 38.7010140461 38.5523671172 0.045115263038 0.109433210466 0.317028070981 0.0750378116952 0.0840086865916 0.0515034054007 0.0444220940171 0.0328055968593 0.0417911936912 0.896641727164 0.942892843085 1.00111223323 0.0762750666771 0.0632711579738 1.25492695778 1.27334757966
-9999.0 -9999.0 -9999.0 -9999.0 -9999.0 -9999.0 -9999.0 -9999.0 -9999.0 -9999.0 -9999.0 -9999.0 -9999.0 -9999.0 -9999.0 -9999.0 -9999.0 -9999.0 -9999.0 -9999.0 -9999.0 0.413403720679 0.377156191115 1.98228088276 15.3052451034 16.0442251627 16.4123937457 0.297389883281 5.76364786657 5.90804813412 5.98365571533 0.161723521787 0.255667762368 0.321646870714 8.43784245195 8.49689666496 8.54898969904 38.4569059003 25.0901870261 0.0622157261902 0.0714482353878 0.066947916816 0.0510931836411 0.553576171378 0.657790126076 0.746885941973 0.800001425478 0.850660516222 7.7116652275 7.74527283058 7.80745297632 7.94767738528 8.38614622438 8.39962515738
-9999.0 -9999.0 -9999.0 -9999.0 -9999.0 -9999.0 -9999.0 -9999.0 -9999.0 -9999.0 -9999.0 -9999.0 -9999.0 -9999.0 -9999.0 -9999.0 -9999.0 -9999.0 -9999.0 -9999.0 -9999.0 -9999.0 0.799441182999 1.2277697244 0.400247484155 0.429113743006 4.83570752865 5.13696148936 5.3079514815 1.71927632537 1.8189144379 1.93726022961 2.02827488281 8.29727747237 8.39677281686 4.62937077535 13.2512454834 13.3163201727 25.0436208759 0.14033060219 0.0742822554564 0.0461638767061 0.384851807112 0.455386502513 0.0377502250872 0.0339909027 7.53586525897 7.63014603596 7.67757688454 0.0554967637445 0.09586517932 8.34956856435 0.0210650132511 0.100213476052
-9999.0 -9999.0 -9999.0 -9999.0 -9999.0 -9999.0 -9999.0 -9999.0 -9999.0 -9999.0 -9999.0 -9999.0 -9999.0 -9999.0 -9999.0 -9999.0 -9999.0 -9999.0 -9999.0 -9999.0 -9999.0 -9999.0 0.399194853495 0.785915318184 3.24836327896 3.6774289409 4.06963708573 1.41097981308 1.61873741996 0.116341777792 5.99226786232 6.08876887288 6.18634190341 0.0910082504237 4.45175843678 4.55828143867 0.0700196179638 24.677068329 0.162855183771 0.0809614338065 0.211403188388 0.286050253514 0.0542413774531 0.0418629713748 7.02554018269 7.45113234676 7.50843365796 0.0592231218954 0.128238048857 0.159633044291 0.179806027557 0.351747288407 0.0377498312863 0.0828384838695
