data/baseflow/History/mHMbfrc269
ncols                  80
nrows                 72
xllcorner      4374000.0
yllcorner      5656000.0
cellsize            500
NODATA_value       -9999
[rows 0 to 23 of 72, columns 0 to 53 of 80]
-9999.0 -9999.0 -9999.0 -9999.0 -9999.0 -9999.0 -9999.0 -9999.0 -9999.0 -9999.0 -9999.0 -9999.0 0.731889538339 0.568471485956 -9999.0 -9999.0 -9999.0 -9999.0 -9999.0 -9999.0 -9999.0 -9999.0 -9999.0 -9999.0 -9999.0 -9999.0 -9999.0 -9999.0 -9999.0 -9999.0 -9999.0 -9999.0 -9999.0 -9999.0 -9999.0 -9999.0 -9999.0 -9999.0 -9999.0 -9999.0 -9999.0 -9999.0 -9999.0 -9999.0 -9999.0 -9999.0 -9999.0 -9999.0 -9999.0 -9999.0 -9999.0 -9999.0 -9999.0 -9999.0
-9999.0 -9999.0 -9999.0 -9999.0 -9999.0 -9999.0 -9999.0 -9999.0 -9999.0 -9999.0 -9999.0 -9999.0 1.45948713165 2.99124750791 0.418275694578 -9999.0 0.410554361617 -9999.0 -9999.0 -9999.0 -9999.0 -9999.0 -9999.0 -9999.0 -9999.0 -9999.0 -9999.0 -9999.0 -9999.0 -9999.0 -9999.0 -9999.0 -9999.0 -9999.0 -9999.0 -9999.0 -9999.0 -9999.0 -9999.0 -9999.0 -9999.0 -9999.0 -9999.0 -9999.0 -9999.0 -9999.0 -9999.0 -9999.0 -9999.0 -9999.0 -9999.0 -9999.0 -9999.0 -9999.0
-9999.0 -9999.0 -9999.0 -9999.0 -9999.0 -9999.0 -9999.0 -9999.0 -9999.0 -9999.0 0.658066584148 0.61573835058 0.658628213919 0.662463716199 4.15906199451 4.52731508837 1.0920288244 0.346134560154 -9999.0 -9999.0 -9999.0 -9999.0 -9999.0 -9999.0 -9999.0 -9999.0 -9999.0 -9999.0 -9999.0 -9999.0 -9999.0 -9999.0 -9999.0 -9999.0 -9999.0 -9999.0 -9999.0 -9999.0 -9999.0 -9999.0 -9999.0 -9999.0 -9999.0 -9999.0 -9999.0 -9999.0 -9999.0 -9999.0 -9999.0 -9999.0 -9999.0 -9999.0 -9999.0 -9999.0
-9999.0 -9999.0 -9999.0 -9999.0 -9999.0 -9999.0 -9999.0 -9999.0 -9999.0 0.624359054761 1.28494266842 2.54783508427 1.25826702343 0.606097821195 1.16753954069 5.04836781005 6.83998766926 0.362871714534 -9999.0 0.574714227055 -9999.0 -9999.0 -9999.0 -9999.0 0.730971511235 0.386238421686 -9999.0 -9999.0 -9999.0 -9999.0 -9999.0 -9999.0 -9999.0 -9999.0 -9999.0 -9999.0 -9999.0 -9999.0 -9999.0 -9999.0 -9999.0 -9999.0 -9999.0 -9999.0 -9999.0 -9999.0 -9999.0 -9999.0 -9999.0 -9999.0 -9999.0 -9999.0 -9999.0 -9999.0
-9999.0 -9999.0 -9999.0 -9999.0 -9999.0 -9999.0 -9999.0 -9999.0 0.745469383801 2.04545038842 2.62482492048 3.22247391512 4.37461129538 0.539700589024 2.20154065109 2.68870121612 10.1947920028 0.34805988071 0.37769622147 1.04064923934 1.47487100707 0.461049336969 -9999.0 1.74492010358 1.44306216326 0.359931893461 -9999.0 -9999.0 -9999.0 -9999.0 -9999.0 -9999.0 -9999.0 -9999.0 -9999.0 -9999.0 -9999.0 -9999.0 -9999.0 -9999.0 -9999.0 -9999.0 -9999.0 -9999.0 -9999.0 -9999.0 -9999.0 -9999.0 -9999.0 -9999.0 -9999.0 -9999.0 -9999.0 -9999.0
-9999.0 -9999.0 -9999.0 -9999.0 -9999.0 -9999.0 0.738855662469 0.646505167181 0.609211990803 0.628367982619 0.635133253819 4.52703127646 9.5060324645 10.0918545896 10.5631756258 0.470625557041 11.0711016734 11.483059654 0.839958454945 0.465164090237 1.89914065074 3.23028899869 0.392872702513 2.88737421181 0.420141743501 0.390721242196 0.435156918344 -9999.0 -9999.0 -9999.0 -9999.0 -9999.0 -9999.0 -9999.0 -9999.0 -9999.0 -9999.0 -9999.0 -9999.0 -9999.0 -9999.0 -9999.0 -9999.0 -9999.0 -9999.0 -9999.0 -9999.0 -9999.0 -9999.0 -9999.0 -9999.0 -9999.0 -9999.0 -9999.0
-9999.0 -9999.0 -9999.0 -9999.0 -9999.0 -9999.0 1.49609490473 2.19808779014 4.88132067392 6.68215927603 0.528615172388 0.576150904331 0.521539218632 1.4832108924 12.463845829 0.396741971365 11.8750102048 13.4880266833 1.23625480145 0.832951302318 3.60285800943 0.418436658863 3.29265617727 0.738820646128 0.355658739069 0.727132391174 0.863071220568 0.477521046318 0.505138898598 0.48247320643 0.524170633928 1.0437536367 -9999.0 -9999.0 -9999.0 -9999.0 -9999.0 -9999.0 -9999.0 -9999.0 -9999.0 -9999.0 -9999.0 -9999.0 -9999.0 -9999.0 -9999.0 -9999.0 -9999.0 -9999.0 -9999.0 -9999.0 -9999.0 -9999.0
-9999.0 -9999.0 -9999.0 -9999.0 -9999.0 0.854794231072 1.63032500916 0.77197197888 1.4630429268 7.38703064278 8.5594749831 9.7390082961 32.8626689391 0.492951031617 12.9237389113 49.9675135196 50.316029941 64.4438147115 0.376569501556 1.20190714827 3.97697768766 0.36809169789 7.57607514044 3.89272486665 2.36207904014 1.98314257645 0.413709784743 1.40874395826 1.45688532317 0.965730291299 0.449932831798 1.51129274495 0.429835700228 0.417000487608 -9999.0 -9999.0 -9999.0 -9999.0 -9999.0 -9999.0 -9999.0 -9999.0 -9999.0 -9999.0 -9999.0 -9999.0 -9999.0 -9999.0 -9999.0 -9999.0 -9999.0 -9999.0 -9999.0 -9999.0
-9999.0 -9999.0 -9999.0 -9999.0 -9999.0 0.866252332797 2.50917813561 4.95242714953 5.67798827216 11.2103424609 11.8613740408 13.9303999927 22.6354110407 34.6326334858 35.7153033464 36.2115155413 0.763459927337 65.8955010119 66.6515353055 68.6413134446 81.6810287307 8.7084362465 7.97961528506 2.75410020975 0.380839106207 2.4925955208 1.74531383708 0.319138711322 1.84846498672 0.389274341089 0.827586165949 2.32263529066 2.7318819474 0.813722477048 0.384888723272 0.382225024893 -9999.0 -9999.0 -9999.0 -9999.0 0.323212838972 0.308347677703 -9999.0 -9999.0 -9999.0 -9999.0 -9999.0 -9999.0 -9999.0 -9999.0 -9999.0 -9999.0 -9999.0 -9999.0
-9999.0 -9999.0 -9999.0 -9999.0 -9999.0 0.833709445801 0.782095248534 3.31342776657 4.0604874437 4.8361761192 0.706977179311 1.39327620583 8.23422674743 1.40372012798 0.600726732829 0.500558638587 0.396453066293 0.481551862563 0.433728117729 0.456967660108 82.0739014157 83.1505124801 0.352594248999 1.09953414519 0.756509907175 2.83391059886 0.650087851063 0.299740130455 2.24035358507 0.760053452655 1.91003890915 4.67553969359 4.31454474751 1.17814671568 1.10706213871 0.404508241269 0.399947445247 -9999.0 -9999.0 0.412454049825 0.673250048478 1.62690191594 0.324658704265 -9999.0 -9999.0 -9999.0 -9999.0 -9999.0 -9999.0 -9999.0 -9999.0 -9999.0 -9999.0 -9999.0
-9999.0 -9999.0 -9999.0 -9999.0 -9999.0 -9999.0 0.876866648977 0.881823246118 1.64495492688 2.43263814905 5.46989444747 6.9240872992 7.63967961372 0.762576840991 0.501803924218 7.23425425061 8.68311648343 9.10546875821 10.9594015325 11.3499255757 0.372795754991 83.5336959056 85.3459584275 1.44912091675 0.282490708989 3.14876099014 6.8709732761 2.81235247186 0.630868042022 0.326536730594 7.23360312608 5.01696737479 0.306832690708 0.311560833312 1.43318949955 1.16837152114 0.348701839452 0.305377330408 0.395227486872 0.796472777614 0.376583131099 1.96364160395 2.29608843119 0.284685626909 -9999.0 -9999.0 -9999.0 -9999.0 0.350478226705 0.321925627732 0.163329496916 -9999.0 -9999.0 -9999.0
-9999.0 -9999.0 -9999.0 -9999.0 -9999.0 -9999.0 -9999.0 0.836314257823 0.751514266817 1.57713835645 2.35063924292 0.729466045501 0.603239336021 3.99684035012 5.09774573151 6.26028982523 0.513627799327 1.00175379894 0.478549978038 11.7718586076 25.4840732816 25.776258631 111.769197953 0.346094226496 0.810462620807 0.249786803041 7.14553936405 0.305612993342 0.962648191568 0.31287823601 7.53764052751 7.84619776689 0.623359444038 0.627817654076 3.6885864115 1.88539336106 0.658132740235 0.352430900755 0.784639313066 1.18008167733 1.89366160546 0.310245361742 2.79588363381 2.97996155074 0.161906500901 0.181658859493 0.194442178444 0.167214193704 0.157905203345 0.892666725236 0.435777289283 0.262471388716 -9999.0 -9999.0
-9999.0 -9999.0 -9999.0 -9999.0 -9999.0 -9999.0 -9999.0 -9999.0 1.5588653934 2.25437802479 0.728582637072 1.49943676602 2.16262622391 3.46549404337 0.640696788587 0.609013098042 0.475563281638 0.47857455652 0.395141525204 12.8690262829 0.487409541463 0.933709188492 112.944515935 113.302603139 0.0994872472742 1.01930006822 8.36570951371 0.596349412554 1.21957770853 0.537785191506 0.783568283805 8.97713368023 0.885634888718 5.16476746344 4.28891982694 0.31252380455 1.69303499658 0.699063866993 1.12491740841 0.331665591197 2.18410121915 2.70703723317 2.85846486871 2.99875466118 3.58385476045 0.308361663127 0.335874476836 0.294374081131 0.274733325086 1.06139733736 0.210462618016 0.919651463507 1.12264103873 -9999.0
-9999.0 -9999.0 -9999.0 -9999.0 -9999.0 -9999.0 -9999.0 -9999.0 0.823779965079 3.87044898254 4.57339349723 0.700899809841 1.33647570319 0.632726425953 0.545399927402 0.536770993288 6.84127691837 8.8853659646 10.6739775443 12.5366902511 0.42087441976 0.462986632556 0.235135914265 114.66334106 114.99525579 115.088554568 10.7825485785 2.29612546381 2.06501374014 0.216635656878 1.00977951863 10.2237585885 0.237537884804 5.40697149324 0.30585176324 2.2781718604 2.0483374212 0.338673522014 1.46542367131 0.668091766137 0.99843005188 0.217195797518 0.13794544622 3.13653514391 3.26170271731 3.70861048901 0.475839439411 0.425184627024 0.404017178075 1.28882736098 1.71706240347 0.213840111661 1.34434567951 0.250375595162
-9999.0 -9999.0 -9999.0 -9999.0 -9999.0 -9999.0 -9999.0 -9999.0 -9999.0 0.847387688139 5.32589767801 5.99858094979 1.96970728892 3.21868856326 4.29866415788 4.83561709641 0.546607962182 1.57315138139 1.04652303781 0.569708267031 0.530432977526 0.454628724475 0.808953106993 1.12977245866 0.171881417543 126.151208105 126.244596649 0.0876814272194 0.115992907312 0.463124177853 0.694581460252 10.913516333 0.462801922211 5.60191136641 3.39038713285 2.84785003885 0.306892693661 0.634332949434 1.75587990917 0.290857892825 1.28339520837 0.483049644435 0.24409822794 0.123265804824 3.63875935989 7.44684429525 0.565848230333 0.518724506041 0.558114725099 0.17044080676 1.88547419907 0.163243185017 1.74299923329 0.213391940769
-9999.0 -9999.0 -9999.0 -9999.0 -9999.0 -9999.0 -9999.0 -9999.0 -9999.0 -9999.0 0.682931928475 7.36978518518 0.624870440069 1.23691950237 1.74081729576 2.6865947411 0.472476672526 0.99896552313 0.480451398368 0.42851199377 0.394661271792 0.769327179204 0.316342438823 0.236124306927 0.353612586627 0.147488453425 126.351176536 126.528254742 126.83967122 0.819633824648 0.246347519475 0.491574900663 11.1762460758 10.2055445478 3.9490777733 0.27559650599 1.23179328336 0.930093196803 2.04720018918 0.579854592457 2.33669892023 0.758902670925 0.433945994609 0.10134413334 0.140267654308 7.59581426766 7.7213816555 8.90944698548 1.09768714895 0.354647637607 2.07000754449 2.4137469499 4.3230236926 0.413539756073
-9999.0 -9999.0 -9999.0 -9999.0 -9999.0 -9999.0 -9999.0 -9999.0 -9999.0 -9999.0 -9999.0 0.41229817584 8.19548142005 0.561711502994 1.05016044852 4.65172350732 0.455686267027 0.444939830256 0.381490044519 0.855904763057 0.439333422758 1.62979895258 2.25844334636 2.52624068801 0.528420337132 0.601522499228 0.0771365587014 0.126703929956 0.122407867884 128.000489125 128.580832526 11.3518914115 10.6006926654 10.4062073366 0.436702164527 0.210417032639 1.48878471403 4.06186926433 2.31653296369 0.844703917344 3.43516316913 1.08709782557 0.855314401026 0.222367239825 0.0894357903141 0.0796987129606 0.0916531229482 9.39806506782 10.960289118 0.17671118696 0.157908669186 0.182268245652 4.50653453439 5.09845911181
-9999.0 -9999.0 -9999.0 -9999.0 -9999.0 -9999.0 -9999.0 -9999.0 -9999.0 -9999.0 -9999.0 0.373844041805 9.03428850895 10.8882234614 0.506903688145 5.63927114853 0.405581803109 0.388440561944 0.816671944796 2.12135966538 0.419574228109 0.451020861897 0.319018114268 3.13114983193 3.41656998047 4.33218933947 4.58452888213 4.71356474409 4.79462098361 4.92725697937 133.60021318 145.108182927 155.847931714 155.909268093 0.101568901436 0.20017045666 4.5789699254 4.32205218912 0.264443376485 0.258938551181 3.6921193246 5.03009726118 0.213464484063 2.59502150367 2.39576983911 0.523534516902 0.21578717351 0.367532285143 0.161087941112 11.2051930875 0.121879781612 0.458483546823 0.554551427437 6.03042768162
-9999.0 -9999.0 -9999.0 -9999.0 -9999.0 -9999.0 -9999.0 -9999.0 -9999.0 -9999.0 -9999.0 0.710867660616 1.32207445509 11.476277453 12.3916154201 0.448922763836 6.34466651265 0.321465563504 1.04231782422 2.48312981063 0.792340051147 0.369992283298 0.737166871188 0.243831301198 0.488844623663 0.264078685336 0.243109382757 0.215133650429 0.193324849328 0.129184165433 0.0806811141406 0.084484974218 0.0957991126714 0.111447827505 156.19462663 4.93844124349 4.69298610051 0.0570610213261 0.718981294027 0.204637404589 0.225819528166 5.25893372696 8.57175910118 2.857502381 2.17352546865 0.337816833403 0.117430632203 0.103899131769 0.228264367738 11.5599221279 11.7782195367 0.115400297684 0.119876098769 0.128015736419
-9999.0 -9999.0 -9999.0 -9999.0 -9999.0 -9999.0 -9999.0 -9999.0 -9999.0 -9999.0 -9999.0 -9999.0 0.543521637706 7.96076697415 20.8649808351 22.3940752646 29.10774397 29.3987395161 5.34162935829 4.037220061 1.16990306388 0.362238863898 1.43215928477 1.74316843848 2.50398364522 0.544755560139 0.494551075771 0.472794025402 0.91197455279 0.369556364888 0.314949061028 0.217156843708 0.124927834514 0.0798090022966 156.286221711 161.400092177 161.465081885 0.049816692358 1.76899688018 0.932288311788 0.261582697697 9.37389030771 0.582947108917 0.305000531193 1.37769496318 0.295316546457 0.16953356319 0.300755664609 0.408213351725 0.527469316664 11.9588708839 0.0837732562803 0.0722944041149 0.0729267289381
-9999.0 -9999.0 -9999.0 -9999.0 -9999.0 -9999.0 -9999.0 -9999.0 -9999.0 -9999.0 -9999.0 0.632142636539 6.11159479015 7.37884856513 1.06769564141 0.395952901154 0.78157875068 30.5676426582 30.8469420069 36.4924059851 0.306856045712 0.664988020609 0.268268119367 0.272681030666 2.76308903326 3.56596289514 4.29154104423 0.224889248259 1.1351088839 1.72321074209 0.950706017158 0.42916773971 0.311931484172 0.230845104386 0.206116552051 0.0539967461648 161.513340083 161.546936814 163.386588105 0.380283855398 0.218180270159 9.53736519787 0.669890425873 0.341888624345 0.383405450109 0.379148740374 0.316588011516 0.495136618467 1.34176899862 1.99462171329 14.0426036451 0.0616266505031 0.186343188715 0.127347094943
-9999.0 -9999.0 -9999.0 -9999.0 -9999.0 -9999.0 -9999.0 -9999.0 -9999.0 -9999.0 -9999.0 0.650294249323 4.33542912657 0.657603212406 0.516417343591 2.96110782579 3.37406547595 3.78192733713 4.13897697214 49.1646769976 49.4999057368 50.1234073429 54.9386583561 55.7087807252 56.1096629888 56.3719618862 61.1482865431 61.7592640915 61.98984636 63.9800359484 65.18274813 65.3966648802 66.124410144 0.431607467836 0.375059235378 0.0510173743368 0.03061035615 161.587357144 163.883870912 0.466889633544 11.0912179884 10.90752153 1.20339447032 0.282732587241 0.287225391449 0.272680075296 0.268554666509 0.534245992234 0.720967012955 0.159448198587 14.124288664 14.2115139733 14.5984817772 14.6678403356
-9999.0 -9999.0 -9999.0 -9999.0 -9999.0 -9999.0 -9999.0 -9999.0 -9999.0 -9999.0 -9999.0 2.2700481202 2.9938774339 1.35469851714 1.95023376262 0.582130273231 6.54067135441 6.96633039034 7.80340339928 8.17127031701 2.69252155372 53.4171889395 53.725438875 0.211051478102 0.132104271629 0.11956952455 0.271407138121 0.15067248071 0.120451545408 0.121246316348 0.137766671411 65.6130457761 66.3469487582 66.9847500714 67.5335267159 67.6841786047 0.0537635475437 0.0169269681175 175.256083912 11.3396862473 11.2872065342 0.230998233348 0.199117604774 0.172988325902 0.474092362446 0.458020407256 0.210683785277 0.212563719423 0.197165187817 0.35459677107 0.44792404208 0.0598453774388 0.111969332993 0.0476320303509
-9999.0 -9999.0 -9999.0 -9999.0 -9999.0 -9999.0 -9999.0 -9999.0 -9999.0 -9999.0 -9999.0 -9999.0 1.53293928052 0.7104598123 0.601799824101 5.69113948806 6.13056079891 0.455796381781 1.6831061655 2.07839993046 2.40628397378 0.384732756883 0.186933577674 7.10345517356 7.24153250283 7.3750297312 18.1891247655 18.2937930681 18.5003433094 19.4714826856 20.0706657838 20.1677169083 0.124775194423 0.132254107383 0.13371846576 67.7446808636 0.0258128382589 176.796475293 176.756645375 1.46750601051 1.39867064982 0.863714903783 0.222704276818 0.346319856996 0.655913757741 0.639288862857 0.406326569886 0.203083540054 0.394408700132 0.400453982267 0.620487012124 0.127788357666 0.213303922004 0.341994585907
