data/baseflow/History/mHMbfrc306
ncols                  80
nrows                 72
xllcorner      4374000.0
yllcorner      5656000.0
cellsize            500
NODATA_value       -9999
[rows 24 to 47 of 72, columns 0 to 53 of 80]
-9999.0 -9999.0 -9999.0 -9999.0 -9999.0 -9999.0 -9999.0 -9999.0 -9999.0 -9999.0 -9999.0 -9999.0 1.32837383424 3.75241809101 4.92831564027 8.46496965392 1.05352790605 2.13827488977 3.15340056073 12.0562098951 12.9263136397 13.649900139 14.4253707559 15.2706561446 23.4430472664 25.8723699638 27.2430903144 0.589957457651 3.19739713581 3.77112166637 52.3320923138 54.4115787745 55.3863792051 56.3774458641 57.2433413057 208.64695682 0.264911002442 433.512086379 0.938422451899 0.430389982508 3.58750185421 3.06119176624 0.44486142115 1.6738546636 2.51568156602 2.49193664048 1.67288115202 2.73562822302 4.30059628528 1.53193672433 3.99664487418 0.320629028065 0.507823776611 0.136957982588
-9999.0 -9999.0 -9999.0 -9999.0 -9999.0 -9999.0 -9999.0 -9999.0 -9999.0 -9999.0 -9999.0 -9999.0 1.27561123361 2.5197937214 1.1756891086 2.37115828124 1.0553444913 8.01071331293 10.0426426246 11.0881053895 0.96100671631 1.84921425151 17.794916528 22.0272074116 22.7215854373 1.65666130774 1.52954767217 2.21637333615 0.4984014252 0.447590568636 0.846037993056 0.369781389918 25.9248891459 26.3164305421 26.6582194081 209.035119378 436.562279564 433.938727967 0.665834489069 0.303615193225 0.270400814359 1.0114578908 0.766658266287 2.06467086127 2.95494529239 5.94383848577 0.490127657633 0.485757370777 4.71932025384 5.16180177697 9.92128266972 10.2193119671 10.8767790665 11.1333394377
-9999.0 -9999.0 -9999.0 -9999.0 -9999.0 -9999.0 -9999.0 -9999.0 -9999.0 -9999.0 -9999.0 -9999.0 -9999.0 1.18495512387 2.38661832254 3.59695265093 5.80992732102 1.15079676427 1.05061157685 7.01610256903 7.98048024293 16.0813523062 17.0678224583 2.74564475137 0.915577907906 0.821617991843 0.734211796714 23.3026739228 23.8345022055 24.3504695652 24.7810089802 25.5564767351 4.48416041467 4.8485342294 31.8175798368 677.588570736 2.21535510255 1.87227143643 0.986139003528 0.24251460019 0.210930495765 1.54029810176 1.71568155513 2.489850657 0.206840456215 6.19295308301 0.802788531456 0.781980052224 0.173755698201 0.122864715408 0.110909492372 0.112359162215 0.117866346315 11.2716276996
-9999.0 -9999.0 -9999.0 -9999.0 -9999.0 -9999.0 -9999.0 -9999.0 -9999.0 -9999.0 -9999.0 -9999.0 -9999.0 -9999.0 1.18214131069 2.1496646792 3.00870847267 3.87269590486 4.92440694519 6.00877634965 3.14153826192 5.24748053321 0.968982610857 0.933212715995 19.1587303865 20.9553735 21.7773164041 22.6505796015 0.641445032736 1.15886977544 3.04429403363 3.61402861198 4.09314663015 0.449064307288 0.322635605748 678.51889055 0.340327034985 0.523552448412 0.252162583385 0.890604423819 0.424544404222 0.222345035401 4.44627058557 4.63175468065 0.139351625646 6.3509762482 7.28734447106 0.919454238137 159.897555507 159.605732098 159.342841892 158.811880298 158.602349109 154.915175076
-9999.0 -9999.0 -9999.0 -9999.0 -9999.0 -9999.0 -9999.0 -9999.0 -9999.0 -9999.0 -9999.0 -9999.0 -9999.0 -9999.0 0.204105409573 0.468035285894 0.845665604567 7.28564939538 8.36260383295 1.09659576242 1.05999856529 1.05345750601 15.3256806189 17.3588855496 0.985747756376 0.995253597003 0.773865809534 3.19016651969 3.95766270813 1.95498716489 2.49332743199 18.6569245302 19.2239219061 20.2774098449 31.9775858242 710.70856155 0.327902161626 0.200966353244 1.30165756819 1.09395186538 0.179582182212 0.599191415862 0.782836277238 4.83991835483 5.00746487742 12.6687464055 7.38162495286 1.01322456407 163.144086531 1.48165995507 159.104470487 158.967832407 3.48191797652 0.194375375912
-9999.0 -9999.0 -9999.0 -9999.0 -9999.0 -9999.0 -9999.0 -9999.0 -9999.0 -9999.0 -9999.0 -9999.0 -9999.0 -9999.0 1.04424708483 1.7023450167 3.61055167245 6.26875160841 9.12411010719 11.2319160673 12.2811389596 13.3526344227 14.3908473963 0.994083273716 0.897433658563 1.75119456594 1.60940453134 0.829465708107 16.3034827643 17.041850143 17.7177543806 18.3650025375 10.2168757221 10.7593476024 11.3175492401 710.891729291 0.581073606098 0.570445795212 2.0309097103 0.18636873572 0.363614371168 0.191005576424 0.165771566604 0.948423376184 0.128892589685 0.13991564272 176.633642473 163.864924543 163.722337581 0.640435812746 1.37242517257 0.883968936436 0.210818505225 3.13365593481
-9999.0 -9999.0 -9999.0 -9999.0 -9999.0 -9999.0 -9999.0 -9999.0 -9999.0 -9999.0 -9999.0 -9999.0 -9999.0 -9999.0 0.73134169592 0.665021311441 1.2965196412 2.00298239559 1.09916811631 1.2017963644 2.30012304383 3.37382640963 5.39330223604 6.40040142626 7.288123059 9.96264781453 10.7760571298 11.6588272323 0.772095503004 7.91332451863 8.56681925436 9.19984099893 0.509784071295 0.250115089287 0.444787278035 722.307544484 722.477966803 723.40724546 2.58177582384 0.396845916658 0.548843564941 0.154620421299 0.286602152172 1.07703509391 1.31375453628 0.247142862849 177.264176688 0.206779032664 0.346263334713 0.390478818679 0.279198095329 0.515707961509 0.20629715102 2.0441704996
-9999.0 -9999.0 -9999.0 -9999.0 -9999.0 -9999.0 -9999.0 -9999.0 -9999.0 -9999.0 -9999.0 -9999.0 -9999.0 -9999.0 -9999.0 0.617832427671 1.22839276623 0.623912979492 1.31184473712 8.31743457761 9.25872213918 10.286389848 1.01442401874 1.01339272108 1.89892470902 2.80823757032 4.38388512374 5.20430251181 5.68273976782 6.40883712742 0.579624730628 0.538170649679 10.0477054008 10.3578860311 10.5686736315 10.7818591542 8.6695230685 732.941409937 736.767321714 736.908256574 737.568522957 738.2612741 738.660283192 0.116380359216 1.41982704942 177.375728884 0.281810023298 0.145795759679 0.152142684272 0.14226403172 0.245729081464 0.243740395525 0.147861160212 0.242677059357
-9999.0 -9999.0 -9999.0 -9999.0 -9999.0 -9999.0 -9999.0 -9999.0 -9999.0 -9999.0 -9999.0 -9999.0 -9999.0 -9999.0 -9999.0 -9999.0 1.83117894164 2.51914133558 4.56453809823 6.23960925615 0.940912291363 12.3818666757 13.3830793706 14.3288069208 0.921735906639 1.8033748753 0.781102441119 6.00744850511 6.43306491688 7.11545209847 7.78963462006 9.35976393772 9.67342078637 0.188532430559 7.85099076672 8.27125927572 8.47224260304 9.35235304627 1.07039588778 0.667833038757 0.400380472501 0.374004165431 739.075137553 739.248014872 741.583678847 177.480114838 0.756402708511 0.383179610226 0.252504020681 0.0754301058654 0.755861358928 0.408895583188 0.122153621952 0.699091537867
-9999.0 -9999.0 -9999.0 -9999.0 -9999.0 -9999.0 -9999.0 -9999.0 -9999.0 -9999.0 -9999.0 -9999.0 -9999.0 -9999.0 -9999.0 -9999.0 0.683420749292 3.19156851228 3.91875051649 0.992663180636 1.08178656645 2.18977188845 3.20656925249 18.5102453731 0.908378496734 3.66103827501 4.47757101965 5.2842306094 0.458189230875 1.07255033431 1.4202827813 6.33448556126 7.05213537825 7.2438258711 0.218070538057 0.20896764754 0.255045254575 0.473402929434 0.200987395309 0.205436423434 0.300820631987 0.240038007441 0.301765984772 0.809278116261 741.789485795 919.754429861 0.924061303858 0.154293819376 0.0753537487609 2.37636755798 2.20568309781 1.31964532533 1.18687859473 0.888652023536
-9999.0 -9999.0 -9999.0 -9999.0 -9999.0 -9999.0 -9999.0 -9999.0 -9999.0 -9999.0 -9999.0 -9999.0 -9999.0 -9999.0 -9999.0 0.54470573125 1.86080789278 0.628279042648 1.13232103183 1.19154667799 2.29903040578 3.387690104 4.31762687586 23.5280042737 24.3986230711 0.899901926118 1.71624717413 2.54329009526 3.1216082567 3.76718284803 5.65131299819 6.10932546266 0.464031154427 0.329265816979 0.245849459279 0.333871130697 0.315634306494 0.373914371557 0.301476097587 0.37364690533 1.04449428272 0.485361032142 0.185128282472 0.176348476364 0.178292992648 0.328804468828 926.735509609 5.93647742777 2.77178304537 0.21285164667 0.0904606757589 0.0756797271726 0.27738825834 0.194233167649
-9999.0 -9999.0 -9999.0 -9999.0 -9999.0 -9999.0 -9999.0 -9999.0 -9999.0 -9999.0 -9999.0 -9999.0 -9999.0 -9999.0 0.579503994959 1.10692007207 4.11181134682 0.586889311817 2.06112619335 3.22026740823 4.30068291861 1.12210550313 2.10431824406 2.95734904949 28.0132515583 0.841506310418 1.59601326119 2.37212865707 0.694774901571 1.37506826323 1.78630784308 2.21427221052 53.4744081701 54.1629884125 54.7519415116 57.6575555881 58.6035767882 60.7711417094 0.488204575827 1.10942578009 1.27134823023 66.7523022612 67.0964313953 0.159960454542 0.280725160626 0.39528314735 926.861620649 5.65641086295 2.6138786347 2.50509415042 1.93905028975 1.67503362016 0.367949710824 0.0880158728207
-9999.0 -9999.0 -9999.0 -9999.0 -9999.0 -9999.0 -9999.0 -9999.0 -9999.0 -9999.0 -9999.0 -9999.0 -9999.0 -9999.0 0.59862617742 1.79839288408 6.49959310422 9.53268984421 0.519166787577 12.6073422718 17.5949290809 1.06116081791 2.03497311701 2.94030805932 36.3308591966 37.0250064916 0.690086385822 3.77029753872 4.4070519708 4.97823667753 48.7337474464 50.1305856179 50.9161754155 0.370804406976 2.07330172275 2.46775952568 1.07787859795 1.55517748475 62.8522752559 64.6110069108 64.9685379051 65.3010654948 67.4416350592 0.167877862374 0.140973537961 0.645409257902 926.988221943 0.163586048194 0.164927273685 0.476353078127 0.184742849347 1.52013552424 1.20946601157 0.710303804835
-9999.0 -9999.0 -9999.0 -9999.0 -9999.0 -9999.0 -9999.0 -9999.0 -9999.0 -9999.0 -9999.0 -9999.0 -9999.0 -9999.0 -9999.0 -9999.0 1.2500674578 2.50161414293 11.308982273 11.9703687306 18.1631813305 18.8553311589 1.03952529344 2.07863863524 4.81373666938 37.6233410964 39.0704838538 39.6638909116 0.481397585804 41.8498820991 43.2957162869 0.910648088753 0.376473189585 0.715181661837 1.39363871345 0.337239771947 0.669957027345 1.42135425961 1.78467023161 0.340969323494 0.211317457479 0.41616818204 68.9384163998 69.3718872374 69.4873699162 70.463876681 927.096014306 0.0959948782465 0.0997577226808 0.121706902114 0.114143012698 0.118795289757 0.0953529111962 0.171578655214
-9999.0 -9999.0 -9999.0 -9999.0 -9999.0 -9999.0 -9999.0 -9999.0 -9999.0 -9999.0 -9999.0 -9999.0 -9999.0 -9999.0 -9999.0 -9999.0 0.65104811975 0.633958274927 0.637946267405 1.34924894833 0.594120799365 20.0312257489 20.6643206548 0.935572949344 1.87573688895 0.888635151833 0.73735739763 0.714099862301 40.9211985275 0.485593393554 0.992242492428 0.475059951902 0.385960310416 0.342788237294 0.258796943187 0.271323891183 0.825305907026 1.13461134933 0.207500307478 0.175443118895 0.380825736959 0.643699232566 0.815702806361 0.210588640058 69.6833787432 70.5808327963 927.159440934 0.414876527667 0.235757257717 0.0518697394353 0.149398870506 0.0366976948108 0.0246346712668 0.200238705692
-9999.0 -9999.0 -9999.0 -9999.0 -9999.0 -9999.0 -9999.0 -9999.0 -9999.0 -9999.0 -9999.0 -9999.0 -9999.0 -9999.0 -9999.0 -9999.0 -9999.0 -9999.0 0.625770558779 1.9201655511 2.43006229876 2.9991135834 21.2255027015 21.8034565124 22.4063467324 23.1563117471 23.8496801574 25.2926783378 25.7575770155 26.2114369939 26.5756645489 0.331266145533 0.305372056345 0.329567949892 1.14738889471 0.307312049108 0.286854965448 0.216947421043 0.621526981182 0.245194508546 0.177517981489 0.161953330237 0.130020159065 0.259315273676 0.371116441182 71.3357774717 998.982663808 0.0781416188089 0.172238033835 0.0370061339047 0.193222042905 0.0910517334245 0.0496620899254 0.770614561787
-9999.0 -9999.0 -9999.0 -9999.0 -9999.0 -9999.0 -9999.0 -9999.0 -9999.0 -9999.0 -9999.0 -9999.0 -9999.0 -9999.0 -9999.0 -9999.0 -9999.0 -9999.0 -9999.0 0.512018311286 4.13885776776 8.27050467975 8.8842313778 0.939584070085 1.87865323964 2.81788031375 3.57326955432 8.70392718153 9.07078416867 0.352002912176 0.344945414405 27.2737606885 27.8747331432 28.1492173319 1.35817168365 0.191050208832 0.490686242904 0.714722514578 2.11161800631 2.57221982318 2.90855447495 0.302449539093 0.410664260844 0.134766898234 0.26339567239 0.134446186453 999.200504656 0.0700645187572 0.302541179031 0.120373072485 0.363661111192 0.748757376223 0.83660258624 1.64628034091
-9999.0 -9999.0 -9999.0 -9999.0 -9999.0 -9999.0 -9999.0 -9999.0 -9999.0 -9999.0 -9999.0 -9999.0 -9999.0 -9999.0 -9999.0 -9999.0 -9999.0 -9999.0 0.58115301624 1.86524065679 3.6381468345 4.73921711561 12.2782596637 13.0558484982 1.96108958559 2.91245560549 3.71512069577 4.47006268333 9.48670917632 10.2207652432 18.1275340488 18.6950412694 19.0012268702 28.4362957871 30.5144465235 0.481086838133 0.326349847634 0.308571574677 0.582051244949 0.254968217953 3.38117540695 3.53952350445 0.536369744562 0.672051217685 0.119549902781 195.069797259 195.331143177 1194.66583764 1195.05537469 0.0691188556228 0.512285256169 0.0955283854504 0.0850564142741 1.81649074349
-9999.0 -9999.0 -9999.0 -9999.0 -9999.0 -9999.0 -9999.0 -9999.0 -9999.0 -9999.0 -9999.0 -9999.0 -9999.0 -9999.0 -9999.0 -9999.0 -9999.0 -9999.0 -9999.0 0.671857955776 0.649758925669 1.21730493392 2.8769572477 13.6230897715 1.00570416464 0.994232281684 1.78850911896 2.61105048292 6.35072862602 6.89956019805 0.388637364541 0.387247112906 19.4112844434 19.7210934468 50.4981581846 50.7244930354 0.161704803836 0.13901122466 0.110361273115 0.111650331559 0.117239305922 192.381560273 193.29310611 194.107587256 194.360201442 194.952509361 0.144303332013 0.514083294256 0.61817231233 1195.86317425 1195.89185394 1195.99527718 1196.07920272 1196.16146984
-9999.0 -9999.0 -9999.0 -9999.0 -9999.0 -9999.0 -9999.0 -9999.0 -9999.0 -9999.0 -9999.0 -9999.0 -9999.0 -9999.0 -9999.0 -9999.0 -9999.0 -9999.0 -9999.0 -9999.0 0.58735340896 0.619246344052 1.14145381101 15.8550134095 16.5114860542 0.974913217428 1.76817260936 2.61285416858 3.26242487831 0.557848210642 1.00740437511 39.591957221 39.9171712453 40.219434308 42.5992726742 93.5844472607 185.784495924 186.181057068 186.528712606 186.858317827 188.240864747 188.690656287 0.780504091 0.339264320036 0.206339925901 0.383601912438 0.251055596115 0.408180312881 0.124866928492 2.99577160736 3.26244776397 3.45058665539 3.49048835851 1196.1857726
-9999.0 -9999.0 -9999.0 -9999.0 -9999.0 -9999.0 -9999.0 -9999.0 -9999.0 -9999.0 -9999.0 -9999.0 -9999.0 -9999.0 -9999.0 -9999.0 -9999.0 -9999.0 -9999.0 -9999.0 -9999.0 0.599335090838 1.14538938351 1.69559461895 16.9903498955 0.726252785262 23.6115015389 24.4771521298 25.020474268 25.5128916563 37.651198651 38.1506323214 0.361621338953 1.79486632211 2.15738421677 0.350817062259 91.8071969022 91.1876228041 0.18035668652 0.422356488852 1.10873689701 0.243765904777 0.245776822773 0.167655175874 0.131268010192 0.0962706499531 0.113147680613 2.61461241606 2.73167077681 2.87953062044 0.178336745763 0.123266419008 3.56227954384 3.61814757921
-9999.0 -9999.0 -9999.0 -9999.0 -9999.0 -9999.0 -9999.0 -9999.0 -9999.0 -9999.0 -9999.0 -9999.0 -9999.0 -9999.0 -9999.0 -9999.0 -9999.0 -9999.0 -9999.0 -9999.0 -9999.0 0.539828060578 0.504560833581 2.62767705404 20.7675606328 22.0856352648 22.8367626543 0.83676015009 10.8481422734 11.4061691883 11.6545082797 0.462602630533 0.865355317973 1.21182273668 21.9677170339 22.2237672018 22.4395506693 90.7927394133 54.391623615 0.238148905896 0.234356184815 0.223013531506 0.158147158704 1.638265898 1.94515901738 2.20725588844 2.351845072 2.48971070348 19.2521974609 19.3437768658 19.4662067364 19.7329065961 20.7282098696 20.7645612586
-9999.0 -9999.0 -9999.0 -9999.0 -9999.0 -9999.0 -9999.0 -9999.0 -9999.0 -9999.0 -9999.0 -9999.0 -9999.0 -9999.0 -9999.0 -9999.0 -9999.0 -9999.0 -9999.0 -9999.0 -9999.0 -9999.0 1.05505794118 1.61911762848 0.650125310372 0.990396053425 7.97186696676 8.82083652222 9.43015820685 4.51401089871 4.97264060318 5.45391459191 5.81619866425 21.3949916108 21.747000441 13.2145410467 35.9272300202 36.1803108835 54.1992582959 0.455355571957 0.223683976405 0.145540843835 1.13674987182 1.32998486528 0.0977513815011 0.0887006092747 18.8229396932 19.054267447 19.1662030497 0.127458551935 0.189172810138 20.594533429 0.0915940077173 0.284959361613
-9999.0 -9999.0 -9999.0 -9999.0 -9999.0 -9999.0 -9999.0 -9999.0 -9999.0 -9999.0 -9999.0 -9999.0 -9999.0 -9999.0 -9999.0 -9999.0 -9999.0 -9999.0 -9999.0 -9999.0 -9999.0 -9999.0 0.530205934416 1.04870371569 4.60846163441 5.29743880618 6.12835179805 3.36339669929 4.03033344346 0.521378237022 14.3664948017 14.8184436489 15.2328540844 0.371894055314 12.5658819669 12.9322129243 0.259242045921 52.9773078648 0.536520936078 0.26403188468 0.619520721405 0.844094592629 0.15156317013 0.116324227625 17.6184804374 18.6141232508 18.7569003588 0.145475623909 0.276846394 0.345623084829 0.399269372555 0.783282159117 0.100648396958 0.235141316749
