data/baseflow/History/mHMbfrc515
ncols                  80
nrows                 72
xllcorner      4374000.0
yllcorner      5656000.0
cellsize            500
NODATA_value       -9999
[rows 0 to 23 of 72, columns 0 to 53 of 80]
-9999.0 -9999.0 -9999.0 -9999.0 -9999.0 -9999.0 -9999.0 -9999.0 -9999.0 -9999.0 -9999.0 -9999.0 0.594881089141 0.655138018592 -9999.0 -9999.0 -9999.0 -9999.0 -9999.0 -9999.0 -9999.0 -9999.0 -9999.0 -9999.0 -9999.0 -9999.0 -9999.0 -9999.0 -9999.0 -9999.0 -9999.0 -9999.0 -9999.0 -9999.0 -9999.0 -9999.0 -9999.0 -9999.0 -9999.0 -9999.0 -9999.0 -9999.0 -9999.0 -9999.0 -9999.0 -9999.0 -9999.0 -9999.0 -9999.0 -9999.0 -9999.0 -9999.0 -9999.0 -9999.0
-9999.0 -9999.0 -9999.0 -9999.0 -9999.0 -9999.0 -9999.0 -9999.0 -9999.0 -9999.0 -9999.0 -9999.0 1.19860398718 3.00216419412 0.563650379799 -9999.0 0.560365813607 -9999.0 -9999.0 -9999.0 -9999.0 -9999.0 -9999.0 -9999.0 -9999.0 -9999.0 -9999.0 -9999.0 -9999.0 -9999.0 -9999.0 -9999.0 -9999.0 -9999.0 -9999.0 -9999.0 -9999.0 -9999.0 -9999.0 -9999.0 -9999.0 -9999.0 -9999.0 -9999.0 -9999.0 -9999.0 -9999.0 -9999.0 -9999.0 -9999.0 -9999.0 -9999.0 -9999.0 -9999.0
-9999.0 -9999.0 -9999.0 -9999.0 -9999.0 -9999.0 -9999.0 -9999.0 -9999.0 -9999.0 0.551161936614 0.516871460321 0.557610165899 0.558018042692 4.01337383187 4.50955815916 1.51615585666 0.481499453084 -9999.0 -9999.0 -9999.0 -9999.0 -9999.0 -9999.0 -9999.0 -9999.0 -9999.0 -9999.0 -9999.0 -9999.0 -9999.0 -9999.0 -9999.0 -9999.0 -9999.0 -9999.0 -9999.0 -9999.0 -9999.0 -9999.0 -9999.0 -9999.0 -9999.0 -9999.0 -9999.0 -9999.0 -9999.0 -9999.0 -9999.0 -9999.0 -9999.0 -9999.0 -9999.0 -9999.0
-9999.0 -9999.0 -9999.0 -9999.0 -9999.0 -9999.0 -9999.0 -9999.0 -9999.0 0.514072519144 1.069597461 2.12552046828 1.06218586885 0.511341191853 1.00359407797 4.96611857201 7.50697573642 0.520608317928 -9999.0 0.536676762682 -9999.0 -9999.0 -9999.0 -9999.0 1.0650279615 0.551150907534 -9999.0 -9999.0 -9999.0 -9999.0 -9999.0 -9999.0 -9999.0 -9999.0 -9999.0 -9999.0 -9999.0 -9999.0 -9999.0 -9999.0 -9999.0 -9999.0 -9999.0 -9999.0 -9999.0 -9999.0 -9999.0 -9999.0 -9999.0 -9999.0 -9999.0 -9999.0 -9999.0 -9999.0
-9999.0 -9999.0 -9999.0 -9999.0 -9999.0 -9999.0 -9999.0 -9999.0 0.641043618494 1.73299085178 2.23178474438 2.7374450239 3.68266312844 0.470115425967 1.91208348357 2.35198611194 10.7398734161 0.407680480608 0.371468726175 0.976594025658 1.40923601915 0.460025084638 -9999.0 2.66082645644 2.19463042109 0.576300594176 -9999.0 -9999.0 -9999.0 -9999.0 -9999.0 -9999.0 -9999.0 -9999.0 -9999.0 -9999.0 -9999.0 -9999.0 -9999.0 -9999.0 -9999.0 -9999.0 -9999.0 -9999.0 -9999.0 -9999.0 -9999.0 -9999.0 -9999.0 -9999.0 -9999.0 -9999.0 -9999.0 -9999.0
-9999.0 -9999.0 -9999.0 -9999.0 -9999.0 -9999.0 0.622694414388 0.540099918381 0.519448839684 0.53604132506 0.548196673865 3.85382393146 8.06330351947 8.57389864077 8.97696972664 0.40112028385 11.5536063179 11.9404636239 0.85475646337 0.439041264209 1.83125713911 3.17045962963 0.449905752132 4.05226467005 0.461820070479 0.469595540954 0.489469241362 -9999.0 -9999.0 -9999.0 -9999.0 -9999.0 -9999.0 -9999.0 -9999.0 -9999.0 -9999.0 -9999.0 -9999.0 -9999.0 -9999.0 -9999.0 -9999.0 -9999.0 -9999.0 -9999.0 -9999.0 -9999.0 -9999.0 -9999.0 -9999.0 -9999.0 -9999.0 -9999.0
-9999.0 -9999.0 -9999.0 -9999.0 -9999.0 -9999.0 1.26762775426 1.85674708876 4.14186654159 5.68521064379 0.462315245832 0.500024803934 0.467436891453 1.36937761751 10.728305326 0.352324928591 12.3106345768 14.1934705376 1.45479821999 0.80135230954 3.55232876103 0.429603707514 4.48043475899 0.822544409561 0.410464641393 0.857001381025 0.975239767451 0.511468465445 0.553326325655 0.529804084461 0.597552383995 1.19151943257 -9999.0 -9999.0 -9999.0 -9999.0 -9999.0 -9999.0 -9999.0 -9999.0 -9999.0 -9999.0 -9999.0 -9999.0 -9999.0 -9999.0 -9999.0 -9999.0 -9999.0 -9999.0 -9999.0 -9999.0 -9999.0 -9999.0
-9999.0 -9999.0 -9999.0 -9999.0 -9999.0 0.735613726491 1.39976617007 0.660079847329 1.24832215798 6.29258922194 7.31808745707 8.34129607491 28.5617623403 0.476123578971 11.1509338787 43.7151041294 44.0858027959 59.0601015026 0.510515086512 1.17467116489 3.93607243414 0.377903938254 9.26495878426 4.37255137905 2.70255207882 2.2742827688 0.474735923784 1.53041000472 1.59618876705 1.05904900932 0.516937249807 1.72910658543 0.513962489351 0.498947603655 -9999.0 -9999.0 -9999.0 -9999.0 -9999.0 -9999.0 -9999.0 -9999.0 -9999.0 -9999.0 -9999.0 -9999.0 -9999.0 -9999.0 -9999.0 -9999.0 -9999.0 -9999.0 -9999.0 -9999.0
-9999.0 -9999.0 -9999.0 -9999.0 -9999.0 0.752042398419 2.16721647956 4.26966037986 4.89931296207 9.69563127375 10.2655960777 12.0850968167 19.7832797903 30.3579671078 31.3539190459 31.8104231759 0.762559635413 60.5607390759 61.4853049017 63.5165820973 78.2769430928 10.4606844554 9.70220222693 3.12829610405 0.426050365442 2.78880404544 1.93741972773 0.380033758256 2.04114671407 0.47131872926 1.11102975907 2.79244481987 3.28089201959 0.973139264026 0.464928740757 0.460115383856 -9999.0 -9999.0 -9999.0 -9999.0 0.503256338342 0.461770817104 -9999.0 -9999.0 -9999.0 -9999.0 -9999.0 -9999.0 -9999.0 -9999.0 -9999.0 -9999.0 -9999.0 -9999.0
-9999.0 -9999.0 -9999.0 -9999.0 -9999.0 0.71643067455 0.674100578641 2.86842213447 3.5175229277 4.19421646952 0.623120797543 1.22714558957 7.26881262399 1.42009358426 0.553067220701 0.469269196572 0.396574831357 0.539168700383 0.544492605966 0.458644445052 78.677685673 79.8300410936 0.38309007205 1.21858913672 0.845766776873 3.17694930037 0.777759666609 0.364250764754 2.48742360584 0.948610901391 2.4313773515 5.58808271567 5.18681788776 1.42387942575 1.35572389973 0.486085058209 0.478588452993 -9999.0 -9999.0 0.477338514794 1.04323455239 2.47735983053 0.490895619116 -9999.0 -9999.0 -9999.0 -9999.0 -9999.0 -9999.0 -9999.0 -9999.0 -9999.0 -9999.0 -9999.0
-9999.0 -9999.0 -9999.0 -9999.0 -9999.0 -9999.0 0.767764940101 0.770370845047 1.42393601209 2.10687550343 4.7460728629 6.02786128458 6.732902858 0.842722197468 0.473503306707 6.82304439358 8.21493113609 8.63212553553 10.4697125435 10.8670561368 0.40156184117 80.2365476176 82.2213334779 1.58460173403 0.325857225204 3.52192737285 7.82473721062 3.19636769259 0.757939889218 0.391909379443 8.82143007257 6.00844156528 0.387606669842 0.383439279397 1.75639577043 1.40323974066 0.423250378005 0.380119480853 0.455658057776 0.919284525173 0.428129459818 3.00579783416 3.3929115965 0.341874309638 -9999.0 -9999.0 -9999.0 -9999.0 0.414666367675 0.380383409389 0.136845910072 -9999.0 -9999.0 -9999.0
-9999.0 -9999.0 -9999.0 -9999.0 -9999.0 -9999.0 -9999.0 0.722192388161 0.635277699252 1.35305720981 2.03610513918 0.644324992667 0.649792605279 3.7559677751 4.81500818874 5.91050131531 0.495046065978 0.975030403435 0.483342170787 11.2946877422 25.2809442825 25.7321269863 108.777294145 0.384368242692 0.916510820722 0.283758869993 8.16521998436 0.360294495428 1.15678641167 0.373979028772 9.19809087158 9.57575128658 0.781427032687 0.769449220517 4.47676500255 2.27273879103 0.807793592898 0.421078335268 0.904655119372 1.36094152907 2.17439184438 0.371234274969 4.05533246347 4.36912810243 0.279453684052 0.307974444685 0.323610820163 0.282282754619 0.266128212726 1.09283996876 0.443106734537 0.26009732971 -9999.0 -9999.0
-9999.0 -9999.0 -9999.0 -9999.0 -9999.0 -9999.0 -9999.0 -9999.0 1.45426325447 2.0416723545 0.643441104295 1.32508186071 1.91959451918 3.19861600352 0.598502816392 0.568226854105 0.466460772033 0.470219178748 0.408673343518 13.0934411598 0.511364351061 0.98293459645 110.228102049 111.039587809 0.29260652273 1.50749872444 9.97891839406 0.715968476707 1.47623650371 0.658721346066 0.974239603892 11.006756558 1.11475145068 6.32335288232 5.2365442508 0.405891407917 2.04174198341 0.834500755096 1.29677190264 0.385103694433 2.52161262723 3.20032212591 3.46435681549 3.71004978292 5.40729990621 0.527542090743 0.562868653786 0.49773021603 0.464044191784 1.32693078689 0.25224887525 0.964384139602 1.19449723896 -9999.0
-9999.0 -9999.0 -9999.0 -9999.0 -9999.0 -9999.0 -9999.0 -9999.0 0.724476665345 3.46857835471 4.08761709946 0.617869448091 1.19338092097 0.573149655895 0.509170130493 0.500408883587 6.42293959294 8.47229203385 10.4664190614 12.5997824387 0.505209514725 0.487823973362 0.411812666264 113.113490473 114.075809341 114.381925282 13.1845899 2.8655941675 2.51681579143 0.285290894032 1.25893660032 12.571019225 0.29873197216 6.63415429645 0.376603612994 2.75189370164 2.47349255118 0.403621287084 1.68879581712 0.772336003358 1.14644032546 0.303917139687 0.238412223105 3.95155231467 4.16841711086 5.62352637248 0.799699482763 0.719318987638 0.676131026312 1.59546418163 2.10912851925 0.256434200385 1.44426638888 0.290541169438
-9999.0 -9999.0 -9999.0 -9999.0 -9999.0 -9999.0 -9999.0 -9999.0 -9999.0 0.755358131062 4.76142641355 5.36272650594 1.77463893505 2.91566037358 3.94495081357 4.46962224544 0.548426023741 1.58938933944 1.076603127 0.576802147124 0.549169835624 0.47740497505 0.917662656949 1.50386594266 0.484222272549 128.418693003 128.721402934 0.275451234262 0.226934897079 0.600979013225 0.899006529992 13.4577969949 0.591439320904 6.89469163202 4.11718953976 3.44552579097 0.366951417731 0.756505451205 2.02522794891 0.336826118336 1.46748319927 0.606153419837 0.38492896188 0.171437701189 4.72175691672 10.5143460982 0.952223881014 0.87551832201 0.872935319115 0.202849481152 2.31318205145 0.197264101621 1.90644629252 0.244401233761
-9999.0 -9999.0 -9999.0 -9999.0 -9999.0 -9999.0 -9999.0 -9999.0 -9999.0 -9999.0 0.604346907751 6.57487730422 0.57315903942 1.13136825493 1.62511835271 2.57650166494 0.482222247841 1.02139979439 0.503918545508 0.44975482545 0.426066368237 0.837107465877 0.365408494314 0.371270063312 0.71156581629 0.415236577346 129.097765563 129.685952186 130.526333348 1.15835328375 0.316355549448 0.630972686261 13.7939371042 12.5396192218 4.8117069061 0.3425228852 1.46960700683 1.10941824408 2.36276071898 0.671554307466 2.71528183188 0.915372930505 0.615796972297 0.150875668438 0.192186232363 10.755464726 10.9610725203 12.9567463409 1.51690110705 0.42365461755 2.53812197332 2.95482248162 5.05574462618 0.468540563114
-9999.0 -9999.0 -9999.0 -9999.0 -9999.0 -9999.0 -9999.0 -9999.0 -9999.0 -9999.0 -9999.0 0.421183816063 7.49288824219 0.610227447659 1.09488264233 4.61221139861 0.478238175219 0.468039365435 0.401800670487 0.889781501935 0.47231484812 1.76266012685 2.50159378002 2.82536338316 0.994064908023 1.22972709098 0.287375407619 0.372861560809 0.362621692729 132.335960917 133.265340059 14.0521835467 13.0754587929 12.8118032628 0.550922067137 0.262285614205 1.77756092163 4.75836424983 2.67362173306 0.97698766719 3.9762726158 1.36838789684 1.10309426559 0.293703559413 0.123487459104 0.101089581767 0.112153264872 13.6437982148 15.7914306989 0.204466901209 0.182421754546 0.209113782212 5.27349707675 5.94650985027
-9999.0 -9999.0 -9999.0 -9999.0 -9999.0 -9999.0 -9999.0 -9999.0 -9999.0 -9999.0 -9999.0 0.382237040167 8.35157759498 10.0722259732 0.493034895505 5.58277557805 0.426962822027 0.398368630989 0.848133485674 2.19877633982 0.448522743693 0.481849124898 0.370817583158 3.54212667444 3.88039137327 5.48859650603 6.05806531452 6.34355714865 6.61583277933 6.88550285674 140.464085476 155.034517544 168.586992557 168.817639482 0.222175397011 0.268738584667 5.37785756297 5.0704214995 0.304540915588 0.308656097538 4.37139465146 6.03158753331 0.224249231081 2.86798456502 2.67715160267 0.687653413084 0.30080373232 0.517628928953 0.249362207319 16.1786610948 0.200290188707 0.571507439541 0.716992779502 7.2118527688
-9999.0 -9999.0 -9999.0 -9999.0 -9999.0 -9999.0 -9999.0 -9999.0 -9999.0 -9999.0 -9999.0 0.653844755076 1.22639194724 10.6228558621 11.5452754179 0.458531357833 6.48300883828 0.34259391567 1.09589961059 2.58297259857 0.855887362491 0.404244708036 0.822662123287 0.300358333752 0.59308727457 0.317128008795 0.290658335065 0.248920011616 0.225819346402 0.182185199953 0.158646675315 0.216771578934 0.273071103776 0.333930732207 169.580939718 6.22152971906 5.73472496858 0.166552658365 0.858715197255 0.207653884441 0.256137219753 6.2902142993 9.94293291553 3.1609411299 2.40059293992 0.436480170647 0.172938715487 0.149780506982 0.327220101836 16.700571132 17.0669912329 0.194079332188 0.202627442062 0.179271116614
-9999.0 -9999.0 -9999.0 -9999.0 -9999.0 -9999.0 -9999.0 -9999.0 -9999.0 -9999.0 -9999.0 -9999.0 0.515004516352 7.50438431529 19.557290229 21.1154777898 28.0298306777 28.4896333527 5.7858604669 4.26142592681 1.26912706912 0.395364215005 1.60003241592 1.95899408961 2.87916773717 0.655906999209 0.601996792802 0.568624327398 1.10472420869 0.484971231646 0.447583427588 0.254131859892 0.190504884107 0.148833461363 169.79572994 176.195795708 176.472067496 0.166899972168 2.23843682887 1.03805579955 0.29367153496 10.8484735073 0.652206353553 0.341681544619 1.45481295746 0.284415964617 0.20091680725 0.377456060979 0.532794454028 0.713783194387 17.362935558 0.138372989173 0.118104339031 0.118269519653
-9999.0 -9999.0 -9999.0 -9999.0 -9999.0 -9999.0 -9999.0 -9999.0 -9999.0 -9999.0 -9999.0 0.589709275941 5.76418064555 6.95713836884 1.06290695741 0.410943212941 0.909416586822 29.8096655182 30.199105094 36.4345979551 0.347575393217 0.737898879074 0.315145088538 0.321079191236 3.19830246021 4.17194986703 5.06802940175 0.283799217229 1.39129665231 2.15606879023 1.23572823538 0.524990386456 0.409354071224 0.340473583665 0.326356546296 0.1275030006 176.641080942 176.76348516 179.247676463 0.448925790871 0.243632981749 11.1414083177 0.710267396212 0.363697041889 0.41262590785 0.409482693932 0.341302624502 0.568736542236 1.59269825411 2.50133256951 20.0066816624 0.10019408603 0.303327861538 0.207002125181
-9999.0 -9999.0 -9999.0 -9999.0 -9999.0 -9999.0 -9999.0 -9999.0 -9999.0 -9999.0 -9999.0 0.608440409856 4.0886579588 0.619332890867 0.509242702455 2.80458659727 3.2433510917 3.67512497111 4.06689898847 49.0207188141 49.4740725947 50.3059515183 55.6952532551 56.6520898632 57.1929861734 57.5195569028 63.279195053 64.1661959835 64.4927344762 66.9812423185 68.5386149392 68.8069332375 69.7166345262 0.592332521569 0.521733981828 0.10178769429 0.0736901287976 176.903164755 179.988901565 0.625336424245 12.9689519616 12.7389155431 1.29005585296 0.298669284492 0.304508072254 0.287749048875 0.294191013653 0.591709439982 0.831209824909 0.225972775311 20.1414399751 20.2879031615 20.9206243967 21.0366718233
-9999.0 -9999.0 -9999.0 -9999.0 -9999.0 -9999.0 -9999.0 -9999.0 -9999.0 -9999.0 -9999.0 2.13886352018 2.82060459012 1.26585341766 1.8459893008 0.569581461536 6.37533386866 6.82948076559 7.73566734446 8.12105713327 2.91783387151 53.8690444662 54.2660160686 0.301542078992 0.21290167004 0.208663493743 0.446401240448 0.246677190802 0.193996988293 0.187222756322 0.184029413376 69.0625659297 69.9754954961 70.850999669 71.6074172171 71.9234903187 0.124770177547 0.033893981044 193.428366821 13.3353915354 13.2164910398 0.26691415606 0.232423613783 0.209014240812 0.515421146007 0.499217080933 0.226994121185 0.232612108367 0.213815653028 0.435927037915 0.562227932512 0.0905640621018 0.162256029475 0.0610411787116
-9999.0 -9999.0 -9999.0 -9999.0 -9999.0 -9999.0 -9999.0 -9999.0 -9999.0 -9999.0 -9999.0 -9999.0 1.45135959331 0.667357571851 0.583637685303 5.45549717263 5.93548563074 0.48191036502 1.8204032017 2.24524541294 2.60424098922 0.422412112652 0.274637264843 7.60784427779 7.83033651897 8.04142707562 21.0319882847 21.2043381379 21.5561981798 23.4140094441 24.4023166129 24.5533487876 0.180278462437 0.190863219621 0.160741339523 72.1155781255 0.0674469847616 195.365075083 195.248406407 1.73098424336 1.5776837745 0.976829459229 0.239603718553 0.415435578885 0.726946221935 0.712700974074 0.437393099994 0.220730075026 0.429929999 0.433632244219 0.752945412886 0.120180106518 0.287846950621 0.465341827894
