data/baseflow/History/mHMbfrc604
ncols                  80
nrows                 72
xllcorner      4374000.0
yllcorner      5656000.0
cellsize            500
NODATA_value       -9999
[rows 0 to 23 of 72, columns 0 to 54 of 80]
-9999.0 -9999.0 -9999.0 -9999.0 -9999.0 -9999.0 -9999.0 -9999.0 -9999.0 -9999.0 -9999.0 -9999.0 1.15827260031 0.903497226681 -9999.0 -9999.0 -9999.0 -9999.0 -9999.0 -9999.0 -9999.0 -9999.0 -9999.0 -9999.0 -9999.0 -9999.0 -9999.0 -9999.0 -9999.0 -9999.0 -9999.0 -9999.0 -9999.0 -9999.0 -9999.0 -9999.0 -9999.0 -9999.0 -9999.0 -9999.0 -9999.0 -9999.0 -9999.0 -9999.0 -9999.0 -9999.0 -9999.0 -9999.0 -9999.0 -9999.0 -9999.0 -9999.0 -9999.0 -9999.0 -9999.0
-9999.0 -9999.0 -9999.0 -9999.0 -9999.0 -9999.0 -9999.0 -9999.0 -9999.0 -9999.0 -9999.0 -9999.0 2.32435539504 5.02678285339 0.784675571392 -9999.0 0.652133712284 -9999.0 -9999.0 -9999.0 -9999.0 -9999.0 -9999.0 -9999.0 -9999.0 -9999.0 -9999.0 -9999.0 -9999.0 -9999.0 -9999.0 -9999.0 -9999.0 -9999.0 -9999.0 -9999.0 -9999.0 -9999.0 -9999.0 -9999.0 -9999.0 -9999.0 -9999.0 -9999.0 -9999.0 -9999.0 -9999.0 -9999.0 -9999.0 -9999.0 -9999.0 -9999.0 -9999.0 -9999.0 -9999.0
-9999.0 -9999.0 -9999.0 -9999.0 -9999.0 -9999.0 -9999.0 -9999.0 -9999.0 -9999.0 1.1249359214 1.08485518105 1.12616134031 1.09955111927 7.11082026948 7.93881725446 1.78180771525 0.562714348763 -9999.0 -9999.0 -9999.0 -9999.0 -9999.0 -9999.0 -9999.0 -9999.0 -9999.0 -9999.0 -9999.0 -9999.0 -9999.0 -9999.0 -9999.0 -9999.0 -9999.0 -9999.0 -9999.0 -9999.0 -9999.0 -9999.0 -9999.0 -9999.0 -9999.0 -9999.0 -9999.0 -9999.0 -9999.0 -9999.0 -9999.0 -9999.0 -9999.0 -9999.0 -9999.0 -9999.0 -9999.0
-9999.0 -9999.0 -9999.0 -9999.0 -9999.0 -9999.0 -9999.0 -9999.0 -9999.0 1.0944636986 2.21375181249 4.39114379922 2.17991081531 1.06300589743 2.08233657082 8.941773631 12.0637548296 0.641240700452 -9999.0 1.08642644082 -9999.0 -9999.0 -9999.0 -9999.0 1.23380578201 0.63160706133 -9999.0 -9999.0 -9999.0 -9999.0 -9999.0 -9999.0 -9999.0 -9999.0 -9999.0 -9999.0 -9999.0 -9999.0 -9999.0 -9999.0 -9999.0 -9999.0 -9999.0 -9999.0 -9999.0 -9999.0 -9999.0 -9999.0 -9999.0 -9999.0 -9999.0 -9999.0 -9999.0 -9999.0 -9999.0
-9999.0 -9999.0 -9999.0 -9999.0 -9999.0 -9999.0 -9999.0 -9999.0 1.19346782792 3.42224109759 4.47111199656 5.53305791929 7.59009491378 0.99721009626 4.01746777706 4.97576280785 18.6698990473 0.893428109227 0.946285753976 2.04813181982 2.98366660993 0.967010581973 -9999.0 3.2246592333 2.64861831527 0.739890633736 -9999.0 -9999.0 -9999.0 -9999.0 -9999.0 -9999.0 -9999.0 -9999.0 -9999.0 -9999.0 -9999.0 -9999.0 -9999.0 -9999.0 -9999.0 -9999.0 -9999.0 -9999.0 -9999.0 -9999.0 -9999.0 -9999.0 -9999.0 -9999.0 -9999.0 -9999.0 -9999.0 -9999.0 -9999.0
-9999.0 -9999.0 -9999.0 -9999.0 -9999.0 -9999.0 1.18917387125 1.11463735408 1.08371734902 1.09670509935 1.09682689566 7.74286003032 16.383254808 17.4227061436 18.2963303769 0.835056701229 20.4024209002 21.3062069741 1.87619122698 0.948004666205 3.90372380694 6.72922197966 0.95019939693 6.12016758483 1.0514121168 1.0290600788 1.09234285509 -9999.0 -9999.0 -9999.0 -9999.0 -9999.0 -9999.0 -9999.0 -9999.0 -9999.0 -9999.0 -9999.0 -9999.0 -9999.0 -9999.0 -9999.0 -9999.0 -9999.0 -9999.0 -9999.0 -9999.0 -9999.0 -9999.0 -9999.0 -9999.0 -9999.0 -9999.0 -9999.0 -9999.0
-9999.0 -9999.0 -9999.0 -9999.0 -9999.0 -9999.0 2.38199681548 3.53616838207 8.02374186287 11.2373383734 1.00265548961 1.03558854724 0.97655689252 2.82409885253 21.9961418609 0.818500788006 22.1329503183 25.4707267232 2.66888375405 1.7876116698 7.58720470509 0.911919026263 7.04495953551 1.91227314007 0.984923024931 1.98930111595 2.15198725599 1.06490910862 1.08279124767 1.06721313555 1.11451541802 2.2355938518 -9999.0 -9999.0 -9999.0 -9999.0 -9999.0 -9999.0 -9999.0 -9999.0 -9999.0 -9999.0 -9999.0 -9999.0 -9999.0 -9999.0 -9999.0 -9999.0 -9999.0 -9999.0 -9999.0 -9999.0 -9999.0 -9999.0 -9999.0
-9999.0 -9999.0 -9999.0 -9999.0 -9999.0 1.27407381725 2.47759091298 1.19645825694 2.3273981097 12.3767397849 14.4670970075 16.5518332563 52.3199071673 0.906961550869 22.9216941245 82.3053914653 82.9073677246 109.392799783 0.648334527174 2.61671115134 8.45045385951 0.857556584003 17.7950499595 9.84618864844 6.11994822374 5.13803009568 1.0486230886 3.18781998578 3.17817453643 2.12115362699 1.04956767708 3.31104964855 1.05778203785 1.04975169691 -9999.0 -9999.0 -9999.0 -9999.0 -9999.0 -9999.0 -9999.0 -9999.0 -9999.0 -9999.0 -9999.0 -9999.0 -9999.0 -9999.0 -9999.0 -9999.0 -9999.0 -9999.0 -9999.0 -9999.0 -9999.0
-9999.0 -9999.0 -9999.0 -9999.0 -9999.0 1.28225947878 3.74851563567 7.44240485071 8.58673449148 16.9784496819 18.060243184 21.4065874381 34.8440070243 54.9547946467 56.8478250335 57.7172649132 1.58674088238 112.181510437 113.573801222 117.824330632 147.486386243 20.3925247542 18.7029638081 7.0210617103 0.909691312646 6.0865359268 4.1547632425 0.944058274022 4.13985755961 0.888047039589 1.90820757929 5.29694650629 6.30925834044 2.05538797428 1.01754893363 1.00815948992 -9999.0 -9999.0 -9999.0 -9999.0 0.644931126312 0.561671945395 -9999.0 -9999.0 -9999.0 -9999.0 -9999.0 -9999.0 -9999.0 -9999.0 -9999.0 -9999.0 -9999.0 -9999.0 -9999.0
-9999.0 -9999.0 -9999.0 -9999.0 -9999.0 1.25656997499 1.20565958984 4.93056418127 6.08556448499 7.26884582318 1.1311587657 2.24745524419 12.7028540253 2.11368366398 1.03675200172 0.968610202256 0.864912030202 0.920956833953 0.882509980707 0.923058292311 148.331091381 150.883296272 0.854661991556 2.65931921773 1.81398361281 6.98095688594 1.8962565651 0.920845910044 5.1215776126 1.77192349346 4.3053667186 11.2053572474 10.3746778479 3.06597966464 3.03879228406 1.0206893319 1.02405356546 -9999.0 -9999.0 1.03113296988 1.48500597841 3.21982199441 0.590921356743 -9999.0 -9999.0 -9999.0 -9999.0 -9999.0 -9999.0 -9999.0 -9999.0 -9999.0 -9999.0 -9999.0 -9999.0
-9999.0 -9999.0 -9999.0 -9999.0 -9999.0 -9999.0 1.27322815441 1.26342911298 2.45965447622 3.65652750987 8.2867816744 10.5871793263 11.6751203606 1.06770622887 0.95947345847 12.6762891309 15.527868417 16.4329540926 20.1700326677 21.0430031386 0.864676619165 151.750425586 156.046241384 3.43830025046 0.630661419125 7.77167450363 17.4253967138 6.9124479691 1.75144290239 0.872571666665 17.2422642839 12.103043092 0.911798432041 0.897554223177 3.9670248743 2.99290382529 0.986231081886 0.967802785804 0.992446947625 2.00710249685 0.973682235695 3.9040039625 4.87199643653 0.925053802042 -9999.0 -9999.0 -9999.0 -9999.0 1.01233296326 0.974636519386 0.270417797474 -9999.0 -9999.0 -9999.0 -9999.0
-9999.0 -9999.0 -9999.0 -9999.0 -9999.0 -9999.0 -9999.0 1.26003932437 1.12595684703 2.33335706461 3.51016486168 1.15963700405 1.02368101294 6.59256772516 8.66378352284 10.7691622797 0.974099281567 1.93243339207 0.938864894453 21.930164017 48.3883247236 48.9883320198 206.631672331 0.846731349641 1.89853866914 0.60626572133 18.2640535235 0.846440165374 2.63347445868 0.864853037884 18.1287259657 19.006780676 1.82045257598 1.79223315282 9.86147321005 4.93928777126 1.93690917452 0.977935638278 1.98498333277 2.98701691339 4.91837549242 0.956777494419 6.71548891096 7.58272740246 0.788812848652 0.835206064902 0.86896138095 0.804331668314 0.761156189989 2.86290325401 1.11316054331 0.722554530279 -9999.0 -9999.0 -9999.0
-9999.0 -9999.0 -9999.0 -9999.0 -9999.0 -9999.0 -9999.0 -9999.0 2.35356132028 3.44081396718 1.15613153253 2.33378908114 3.43481749213 5.59606562179 1.09307031721 1.07262854708 0.950110132013 0.9618681257 0.884222684441 24.6590348156 0.957475497762 1.88366497354 209.182000737 211.04192671 0.90343106956 3.71113575609 22.782211288 1.64272890566 3.40530421568 1.62185190371 2.38635154642 22.4076280147 2.62288065485 14.1517264822 11.5575383842 0.841338940852 4.72156089285 1.89200741463 2.89870074682 0.909545207686 5.8333392234 7.66988282976 8.39917318159 9.0964830714 10.5008287783 1.47122296566 1.5510765208 1.44286294902 1.35082442047 3.60126695388 0.755639103946 2.60532775785 3.29368855138 -9999.0 -9999.0
-9999.0 -9999.0 -9999.0 -9999.0 -9999.0 -9999.0 -9999.0 -9999.0 1.22361682281 5.86103262994 6.99771907281 1.13951282114 2.23148356921 1.0918219256 1.02828831275 1.0124059515 12.5123718593 16.6664367814 20.3992302606 24.0155384684 0.911876654898 0.939772261005 1.03425532977 215.229604714 217.126038346 217.979382636 30.4746800089 6.71689587292 5.85898776395 0.765403401726 3.14532927499 26.3287973681 0.795963228352 14.9551503442 0.849529897996 6.02409154408 5.64670089661 0.903916300908 3.80671180077 1.81392806334 2.71062043106 0.870895980296 0.689142692023 9.78628337266 10.4183060932 11.1313054536 2.22884499261 2.09270792806 1.98626680836 4.3943215803 5.91601610054 0.758860450466 4.00698658638 0.746933746495 1.41066609011
-9999.0 -9999.0 -9999.0 -9999.0 -9999.0 -9999.0 -9999.0 -9999.0 -9999.0 1.22855807507 8.16349811535 9.29292125847 3.33308797636 5.51430162484 7.56734253084 8.59314018281 1.02861818866 3.19977866213 2.105908164 1.04455633866 1.03109636994 0.979630966217 1.95245745594 3.37997794473 1.14825937972 250.4876784 251.392226741 0.827715594197 0.688897877672 1.49672410544 2.22135282387 28.5774603044 1.52376348348 15.6570672598 9.14829547568 7.55513273861 0.844749965919 1.73386122646 4.63132001914 0.821947350101 3.52351834806 1.67864324743 1.21403527957 0.545424986988 12.076401954 23.711535783 2.68224425436 2.56043408771 2.6111055618 0.641262319578 6.5439301628 0.614154218544 5.3691629358 0.647207645537 2.04802548266
-9999.0 -9999.0 -9999.0 -9999.0 -9999.0 -9999.0 -9999.0 -9999.0 -9999.0 -9999.0 1.11971836136 11.5311187105 1.09517244684 2.17118673662 3.17325209963 5.21574426448 1.06222606437 2.16800602146 1.07169044833 1.03200901444 0.984195691075 1.9518977752 0.898265911555 1.02106897363 2.02728250051 1.10923256942 252.303263017 253.975004907 256.412658607 3.04080304052 0.735045485511 1.4659385418 29.3401156459 28.5346609791 10.7382474246 0.789601067015 3.39706903257 2.56266539499 5.45789784704 1.64511603093 6.83463698448 2.4865574187 1.92671969117 0.427416442644 0.564721310184 24.3628203164 24.9267552299 30.6704992243 4.59734843084 1.31362766632 7.21410548337 8.48665073667 14.440153178 1.27939060611 0.591162740375
-9999.0 -9999.0 -9999.0 -9999.0 -9999.0 -9999.0 -9999.0 -9999.0 -9999.0 -9999.0 -9999.0 0.542478376276 12.7033380774 1.04350606726 2.03528161195 9.30852459449 1.06151524358 1.05780791647 0.942484385392 1.98721314883 0.941647558906 3.82839693349 5.60099428975 6.4418527204 2.83419433927 3.60913152865 0.862071904171 1.0363828334 0.913027738105 260.977360581 263.14325391 29.989357349 29.8474587601 29.1971748422 1.42743042903 0.697416639875 4.14181895654 11.1104496707 6.22527183278 2.40751788875 9.98968864717 4.07767892038 3.36217126923 0.860486524642 0.360559690122 0.351584749811 0.392919543429 32.5343869304 38.8452202111 0.605371725948 0.557347519254 0.601423524613 14.9965946198 16.8079564971 1.04381485798
-9999.0 -9999.0 -9999.0 -9999.0 -9999.0 -9999.0 -9999.0 -9999.0 -9999.0 -9999.0 -9999.0 0.535751360903 14.0225139645 17.2913611552 1.00080851114 11.3241174305 1.00244290581 0.972939628375 1.87690824204 4.80987950663 0.926629465265 0.958275158424 0.869348029758 8.18315481597 8.99716726808 13.4420486798 15.0983757556 15.9726734737 16.7578302242 17.5028146917 281.386661412 312.74591438 343.846851207 344.381938581 0.669884339915 0.698269695779 12.603434123 11.8620312625 0.755565726706 0.734516797673 10.6921343592 15.5161016101 0.665376356471 7.24710943074 6.65564789868 1.76045381472 0.837487200602 1.36042294984 0.594931154916 39.8454030566 0.499969886933 1.64073230376 2.02168939195 20.2182061158 21.6366764677
-9999.0 -9999.0 -9999.0 -9999.0 -9999.0 -9999.0 -9999.0 -9999.0 -9999.0 -9999.0 -9999.0 1.17101173328 2.24353382833 18.3480159856 20.2666757372 0.962698963225 13.1170778274 0.897514086459 2.72951227399 5.67839974521 1.79472840837 0.865830365105 1.76111282659 0.795484629914 1.51747754164 0.733550556676 0.682239606771 0.585066028287 0.530637706547 0.514540930943 0.513579782808 0.67017773211 0.795449995453 0.876024463767 346.472529621 15.0570612464 13.6308276615 0.487261046781 2.14948308251 0.515017223417 0.437135496429 16.2009660892 25.5663901335 7.9921086323 5.84341336451 1.00352224348 0.423970261643 0.390993190829 0.874158189233 41.2248408402 42.1585903364 0.486008509962 0.489704625556 0.489589338545 0.400904540815
-9999.0 -9999.0 -9999.0 -9999.0 -9999.0 -9999.0 -9999.0 -9999.0 -9999.0 -9999.0 -9999.0 -9999.0 1.04538201387 13.6798870027 34.943657684 37.9235525292 51.9290144213 52.7033565079 12.6908273642 9.22979610224 2.67505691809 0.857940272243 3.44061995773 4.24726772256 6.50897595862 1.4936220062 1.39879990977 1.31211205617 2.54838798531 1.2100729623 1.19160717263 0.598948961802 0.42617793657 0.487239307269 347.058636699 362.51513648 363.187028789 0.484810174453 5.54568121019 2.37534676157 0.731433292012 27.8051121585 1.56795983096 0.803982789771 3.36769863409 0.739367915088 0.610786338387 1.12218408893 1.5556123667 2.02881606662 42.9629022521 0.380425077075 0.331377760866 0.331678716752 0.259174107664
-9999.0 -9999.0 -9999.0 -9999.0 -9999.0 -9999.0 -9999.0 -9999.0 -9999.0 -9999.0 -9999.0 1.12715849428 10.4188788064 12.6330657433 2.04076306054 0.570940195913 1.34410518623 54.9429976556 55.717562894 69.1296113563 0.786769993769 1.6384089851 0.732701204597 0.742645647269 7.22317277867 9.42948253457 11.4802826491 0.650956037824 3.19339727866 5.03772020337 3.01642834415 1.21710339311 0.970860698922 0.902951353759 0.862903027867 0.450738048608 363.609374933 363.937227409 370.186564353 1.1926017062 0.637907919968 28.2546284264 1.66579679023 0.848515737713 0.905391752519 0.897496478765 0.830216081439 1.46830576086 4.12624274835 6.65178858034 49.9873159244 0.279949792904 0.845601149964 0.573835692007 0.471684307396
-9999.0 -9999.0 -9999.0 -9999.0 -9999.0 -9999.0 -9999.0 -9999.0 -9999.0 -9999.0 -9999.0 1.14877355348 7.14496804852 1.12641288773 1.01051899186 5.17259652938 6.0648744725 6.98773701499 7.84000731722 93.6033637633 94.2777373869 95.7433695093 106.9850372 109.187772776 110.405895291 111.140482611 124.032034581 125.668810998 126.316360843 132.050024616 135.756177171 136.379278376 138.492962956 1.49862974912 1.33841088389 0.325201810488 0.306374487718 364.339320394 372.187887656 1.67791847869 32.4336685447 31.8675442609 3.19813812343 0.780820250662 0.802792746193 0.778842582807 0.755795377841 1.52071000199 2.16177139385 0.594189091431 50.3439155257 50.7193003072 52.4522391773 52.7523125134 53.4947143808
-9999.0 -9999.0 -9999.0 -9999.0 -9999.0 -9999.0 -9999.0 -9999.0 -9999.0 -9999.0 -9999.0 3.64931615692 4.83179868273 2.27786261804 3.35039277809 1.06014622901 12.1496340272 13.1280829578 15.0243207895 15.79291382 6.26250147173 103.173542496 103.872438754 0.698551096203 0.487809485281 0.4245922493 0.948312520221 0.481119963399 0.373612389255 0.357509181354 0.410408269857 136.927859416 139.071014629 141.141530609 142.979854267 144.123863461 0.506520977827 0.161854133423 405.821367717 33.3354202758 33.0112162443 0.64548461432 0.642065295557 0.596402179124 1.42967960472 1.40739930625 0.643379718774 0.646287399625 0.584448899131 1.170102477 1.52350073095 0.329582925718 0.539429889265 0.188404712718 0.137885927634
-9999.0 -9999.0 -9999.0 -9999.0 -9999.0 -9999.0 -9999.0 -9999.0 -9999.0 -9999.0 -9999.0 -9999.0 2.45377507182 1.16476279021 1.08392943024 10.1951581353 11.2057396926 0.994541050654 3.90756326063 4.78944162364 5.58070623503 0.840568502007 0.691212770463 15.7777318447 16.3307053523 16.8577507707 43.1461495872 43.5468620868 44.2379072941 47.8054133328 49.8054910418 50.1256406962 0.331968693372 0.346987037397 0.363702558169 144.595998642 0.223799238555 410.918848383 410.601591905 4.48906714771 4.08048255403 2.53244314645 0.650494874328 1.1925800902 2.06165970263 2.03850893282 1.26261524787 0.623267068098 1.19548199628 1.1667884351 2.01464953691 0.285514417531 0.791473761384 1.27162303456 1.55944961134
