data/baseflow/History/mHMbfrc494
ncols                  80
nrows                 72
xllcorner      4374000.0
yllcorner      5656000.0
cellsize            500
NODATA_value       -9999
[rows 24 to 47 of 72, columns 0 to 53 of 80]
-9999.0 -9999.0 -9999.0 -9999.0 -9999.0 -9999.0 -9999.0 -9999.0 -9999.0 -9999.0 -9999.0 -9999.0 0.866179005319 2.43290100114 3.17726193137 5.38879571056 0.61140349416 1.25297173289 1.8273368516 7.36558985802 7.84837429413 8.27436006861 8.6587092414 9.07731175846 14.0905943098 15.3640044263 16.0372034183 0.264862768656 1.85598732035 2.10832541671 29.9749945191 30.9774322942 31.4651005617 31.9758674873 32.3548089924 121.914370453 0.290821489429 243.990395445 0.343845677566 0.165970960425 1.71598392874 1.49082138907 0.218970078809 0.787561720102 1.19132611912 1.16711947886 0.789983339585 1.3038082126 2.05955530977 0.761959646959 1.91256196288 0.154578724444 0.277620933145 0.0630009822779
-9999.0 -9999.0 -9999.0 -9999.0 -9999.0 -9999.0 -9999.0 -9999.0 -9999.0 -9999.0 -9999.0 -9999.0 0.817120348988 1.62262627421 0.753449034915 1.50063028641 0.632102298629 5.02205336739 6.20509976169 6.80486017748 0.528772289519 1.03081522765 10.8540969018 13.2758917382 13.7264579005 0.81972647832 0.963796638607 1.41862908626 0.221666126486 0.202330863096 0.380681732953 0.16255038608 17.7771904317 17.956498261 18.1227868528 122.179489056 245.737970722 244.175780773 0.275381996917 0.136670578632 0.124607976665 0.477719680311 0.369331868052 0.986023019316 1.40851068576 2.8294079583 0.249761338326 0.247850524848 2.26190113023 2.47210887647 4.74484826295 4.86418379047 5.21216135779 5.33471329008
-9999.0 -9999.0 -9999.0 -9999.0 -9999.0 -9999.0 -9999.0 -9999.0 -9999.0 -9999.0 -9999.0 -9999.0 -9999.0 0.779783195917 1.55872575456 2.34449318812 3.68991118335 0.696640551242 0.61598192721 4.6818826794 5.23036804107 9.89232098764 10.4520548678 1.54116433683 0.462541487316 0.399394085282 0.415349972522 16.5917112551 16.8301559471 17.0649647042 17.2606104829 17.6073741561 2.33327477472 2.47879975811 20.8394427766 388.899402742 1.16100238491 0.889450919224 0.418328148195 0.115512204117 0.104505095239 0.724617370992 0.812700711231 1.17963440914 0.0946921140685 2.94705831142 0.40651247703 0.398763662122 0.0824512789357 0.0616275060012 0.0590276249914 0.0593941835231 0.0604655417018 5.39556170504
-9999.0 -9999.0 -9999.0 -9999.0 -9999.0 -9999.0 -9999.0 -9999.0 -9999.0 -9999.0 -9999.0 -9999.0 -9999.0 -9999.0 0.747089108624 1.4869097459 2.16912854685 2.84692935224 3.4585415273 4.09267613768 1.81985311609 3.0495588814 0.549883264376 0.518645664894 14.476549283 15.4445913796 15.8607673267 16.2877318526 0.294060012862 0.527166547424 1.48114016857 1.86503630221 2.13485600764 0.175790862031 0.175451692845 389.550831477 0.256757415186 0.333237063463 0.202134760249 0.54225444268 0.244940559246 0.159738322653 2.10487619714 2.21801839824 0.0717108652696 3.03007419044 3.55713245306 0.552634542973 75.6295782798 75.4614351755 75.3270223308 75.0474448746 74.9332846353 73.0814171
-9999.0 -9999.0 -9999.0 -9999.0 -9999.0 -9999.0 -9999.0 -9999.0 -9999.0 -9999.0 -9999.0 -9999.0 -9999.0 -9999.0 0.218114026285 0.494162737444 0.725021048511 7.21756852804 7.85645133433 0.653905848278 0.614617771663 0.621939259336 12.3266952321 13.5001702339 0.551237319918 0.549111537738 0.419566830202 1.75902780313 2.17742754117 0.939624041098 1.23296234534 10.6215529277 10.9037878497 11.3527606811 17.9602773177 407.688705773 0.279507404925 0.164097296121 0.866064190949 0.708176465538 0.0917713022319 0.352579440394 0.449681318067 2.3272741528 2.42206335012 6.16804762993 3.597320912 0.625966401584 77.4387160484 0.785953750216 75.2013050092 75.1286673932 1.73223978922 0.075306409269
-9999.0 -9999.0 -9999.0 -9999.0 -9999.0 -9999.0 -9999.0 -9999.0 -9999.0 -9999.0 -9999.0 -9999.0 -9999.0 -9999.0 1.0940484911 1.80939716851 3.68999926763 6.53425944533 8.54960826004 9.97505492841 10.5846087566 11.2064637116 11.7971904682 0.572151932421 0.482849266488 0.952433177405 0.876157816187 0.463060216014 9.28043396453 9.68624642496 10.0521129282 10.396050854 5.75794862374 6.01775767087 6.37055838896 407.845834328 0.489590725311 0.549383793623 1.53184947748 0.155500149131 0.225962235012 0.128397602087 0.0892723678733 0.552347341352 0.0748826552607 0.0798569591304 84.0316188916 77.8012214485 77.7184559597 0.294378405939 0.68109920454 0.423973906769 0.0880641940512 1.52625782658
-9999.0 -9999.0 -9999.0 -9999.0 -9999.0 -9999.0 -9999.0 -9999.0 -9999.0 -9999.0 -9999.0 -9999.0 -9999.0 -9999.0 0.763201530199 0.733971979355 1.44476278499 2.16499895943 0.758226836812 0.778436507006 1.44271518437 2.08788804347 3.2897163461 3.88066687957 4.3511417138 5.79582753608 6.22467021393 6.7197231165 0.445477527555 4.53238553941 4.88078649069 5.21362511897 0.278853664583 0.204779135938 0.356921807868 414.91728157 415.069292883 415.872191958 1.96087973731 0.315387073311 0.426209740351 0.129194454808 0.160894688388 0.630635823567 0.770791429735 0.14624563976 84.4072538655 0.127821046397 0.160263867083 0.169828861493 0.149927675113 0.258168103209 0.111261031414 1.03841835636
-9999.0 -9999.0 -9999.0 -9999.0 -9999.0 -9999.0 -9999.0 -9999.0 -9999.0 -9999.0 -9999.0 -9999.0 -9999.0 -9999.0 -9999.0 0.703799887141 1.38564189135 0.672788869621 1.39866076098 8.37262843793 8.9938569788 9.59735175497 0.598152242793 0.595351408865 1.07105074238 1.57356133645 2.4219202853 2.87695114236 3.23079391665 3.67966537653 0.321831749962 0.303912245595 6.01318045674 6.24782731463 6.39655866941 6.54933717612 5.50917246534 422.014464809 424.898886732 425.02339918 425.554330757 426.087403035 426.326013964 0.0685139354959 0.835562911709 84.4761755839 0.147063264741 0.0752968187385 0.114435284356 0.118359714588 0.194147948899 0.148384079442 0.0871214778331 0.126520381679
-9999.0 -9999.0 -9999.0 -9999.0 -9999.0 -9999.0 -9999.0 -9999.0 -9999.0 -9999.0 -9999.0 -9999.0 -9999.0 -9999.0 -9999.0 -9999.0 2.05603997734 2.73629585264 4.80159250865 6.22994945634 0.720570753092 11.0136954785 11.5975608315 12.1250968744 0.497018067787 0.974555294406 0.411620075019 3.245013863 3.55009632421 4.05250413863 4.59662222701 5.5655745847 5.78097302671 0.135675304971 4.89048827174 5.20480555451 5.36619137112 5.98632451344 0.779995510188 0.477216002309 0.278527972265 0.239467513222 426.628277867 426.764464227 428.183308628 84.5428858962 0.469310291685 0.26320853171 0.181408999431 0.0525674999594 0.511711529107 0.249632359375 0.0796594103229 0.428415565092
-9999.0 -9999.0 -9999.0 -9999.0 -9999.0 -9999.0 -9999.0 -9999.0 -9999.0 -9999.0 -9999.0 -9999.0 -9999.0 -9999.0 -9999.0 -9999.0 0.706915268487 3.43120337153 4.15200698681 0.736247959694 0.6502514046 1.33466529525 1.94715330628 14.624211611 0.496743791526 1.99370420973 2.42675598812 2.84959391508 0.357141178072 0.801920629049 1.02286036767 3.82467653346 4.29115961186 4.44410038467 0.160354236624 0.15078317386 0.173851216101 0.310456508872 0.142494482544 0.151716790689 0.218966857972 0.162280237441 0.191062172262 0.506161657304 428.303323109 513.137995081 0.610515080309 0.142821570232 0.0708897900873 1.54128242753 1.42455020531 0.825730979488 0.735298978507 0.540852657712
-9999.0 -9999.0 -9999.0 -9999.0 -9999.0 -9999.0 -9999.0 -9999.0 -9999.0 -9999.0 -9999.0 -9999.0 -9999.0 -9999.0 -9999.0 0.616627950324 1.96386664908 0.640937810813 0.709981420123 0.711117244942 1.3761552014 2.03910935239 2.60917647608 17.815240705 18.2896253328 0.489713245569 0.924688213672 1.36598347829 1.71599239442 2.06523427193 3.36608920361 3.65732916163 0.268506066184 0.188716985534 0.169454840762 0.107465071876 0.214316546601 0.211589259119 0.254912882627 0.287386249718 0.770015251762 0.325387015556 0.144161882993 0.143261236688 0.103773930861 0.190652364592 519.072774831 5.23216963627 2.04310992957 0.298731350787 0.152210535181 0.0843156717798 0.246192258658 0.151722292895
-9999.0 -9999.0 -9999.0 -9999.0 -9999.0 -9999.0 -9999.0 -9999.0 -9999.0 -9999.0 -9999.0 -9999.0 -9999.0 -9999.0 0.650830409235 1.25286523087 4.46341403054 0.616782394943 1.37610864702 2.06318792632 2.69428518362 0.663566956019 1.21603862393 1.79406200372 20.6159525812 0.457914667806 0.860390743058 1.27733495064 0.392351492046 0.774637062303 1.03361476795 1.28293165049 34.6945139041 35.0858774682 35.5623980307 37.3239161956 37.7969019062 38.9103561542 0.5407154443 1.13530336473 1.02191668083 42.875812857 43.1117458923 0.130090403753 0.201084114134 0.270100677723 519.193491967 4.9869854586 2.54942983163 2.36380657654 1.91241728294 1.65611189098 0.322765190912 0.0862525260093
-9999.0 -9999.0 -9999.0 -9999.0 -9999.0 -9999.0 -9999.0 -9999.0 -9999.0 -9999.0 -9999.0 -9999.0 -9999.0 -9999.0 0.658276140683 1.99708493781 7.11520728249 10.502895714 0.558166350093 13.701001444 16.995156333 0.609951514641 1.15602316537 1.71897508863 25.553865335 26.0097336606 0.3328093472 1.95166827085 2.26987774409 2.58178529966 32.1382970994 32.8289598863 33.2236949397 0.204203454085 1.18196466978 1.4475067836 0.524072723972 0.734204192907 39.9735712867 41.4375514436 41.6056652346 41.7635638458 43.2974605359 0.0903089862249 0.0817226239401 0.422692453422 519.340660979 0.195904261899 0.0976877756033 0.292225612582 0.109488501533 1.43011424718 1.21815603896 0.742916994194
-9999.0 -9999.0 -9999.0 -9999.0 -9999.0 -9999.0 -9999.0 -9999.0 -9999.0 -9999.0 -9999.0 -9999.0 -9999.0 -9999.0 -9999.0 -9999.0 1.38486896005 2.7823764278 12.4366451439 13.1216030022 17.6023401405 18.2165561897 0.591260444964 1.1834251578 2.70000354211 26.5171104231 27.2468569593 27.5309610076 0.229148451244 28.5676331151 29.2853084451 0.446197221796 0.19095230279 0.357313595219 0.70410048356 0.173270540348 0.343237031903 0.745205967943 0.924928900149 0.18543842457 0.128443724918 0.250045926833 44.2799596402 44.6589075936 44.7289134447 45.3655016645 519.46466962 0.170577031003 0.0690160474662 0.084070990609 0.0818755686526 0.0839876421192 0.073171610074 0.136123531299
-9999.0 -9999.0 -9999.0 -9999.0 -9999.0 -9999.0 -9999.0 -9999.0 -9999.0 -9999.0 -9999.0 -9999.0 -9999.0 -9999.0 -9999.0 -9999.0 0.718839074252 0.70282360965 0.689287094691 1.32938522409 0.59449296557 19.4017638204 19.9627368889 0.528978190557 1.04180737886 0.44674200623 0.358662623089 0.344478052144 28.1261263254 0.244079172238 0.500061380632 0.229022937445 0.189699533313 0.174279288387 0.137076414508 0.143035181951 0.441013188361 0.60629890998 0.122081258027 0.112068783992 0.2442312068 0.407285990344 0.539998979477 0.194491708395 44.8578283206 45.4413783329 519.569100163 0.562968283329 0.201610678922 0.0521503456773 0.123118356987 0.0423599701344 0.0319997836884 0.171805804288
-9999.0 -9999.0 -9999.0 -9999.0 -9999.0 -9999.0 -9999.0 -9999.0 -9999.0 -9999.0 -9999.0 -9999.0 -9999.0 -9999.0 -9999.0 -9999.0 -9999.0 -9999.0 0.696029474633 1.96421296568 2.52602969439 3.10786088925 20.5325094051 21.1053738843 21.6534648429 22.1599381497 22.4908472281 23.1797996792 23.4083010846 23.6397499778 23.8211891657 0.162384441508 0.152169309378 0.163790764848 0.595318802005 0.16072100563 0.15391749747 0.119798557829 0.355441327172 0.148665379092 0.116886946975 0.108247153475 0.0914683621036 0.182532997269 0.266507100441 45.9947399045 566.221444856 0.18569699178 0.315550787082 0.0423627785428 0.167872235911 0.0906024086544 0.0644253291684 1.03776179074
-9999.0 -9999.0 -9999.0 -9999.0 -9999.0 -9999.0 -9999.0 -9999.0 -9999.0 -9999.0 -9999.0 -9999.0 -9999.0 -9999.0 -9999.0 -9999.0 -9999.0 -9999.0 -9999.0 0.576799936215 4.579501363 8.93884373703 9.53038173433 0.667872928477 1.20345591736 1.72372533021 2.10539736602 4.86938792491 5.04476575168 0.168657536573 0.166474336752 24.2645552037 24.6113184118 24.7494224664 0.706160035462 0.104086536121 0.268655834279 0.392947547657 1.1805766548 1.45965657088 1.68534852542 0.206386929198 0.28890328726 0.0991099238571 0.198033440166 0.102985940282 566.410657515 0.153311521755 0.628732997686 0.166876961469 0.382993005355 1.19715524452 1.34194451869 2.46983998185
-9999.0 -9999.0 -9999.0 -9999.0 -9999.0 -9999.0 -9999.0 -9999.0 -9999.0 -9999.0 -9999.0 -9999.0 -9999.0 -9999.0 -9999.0 -9999.0 -9999.0 -9999.0 0.642495139972 2.04585020699 4.01067394933 5.24467133308 13.3047421826 13.9331614975 1.10019892181 1.63164024975 2.07142397439 2.44866450816 5.24853909903 5.59975730617 9.96439429625 10.3391782255 10.612302513 24.8910339607 25.9829368684 0.256972192641 0.174193679696 0.165834303025 0.319583416817 0.148489336513 1.97593036192 2.08447931504 0.390870842005 0.525165976552 0.172146432659 138.175114676 138.429214615 704.965032339 705.797723283 0.179547464845 0.758328456139 0.296827393424 0.220606052036 2.81873168971
-9999.0 -9999.0 -9999.0 -9999.0 -9999.0 -9999.0 -9999.0 -9999.0 -9999.0 -9999.0 -9999.0 -9999.0 -9999.0 -9999.0 -9999.0 -9999.0 -9999.0 -9999.0 -9999.0 0.730298377665 0.712213911312 1.34473947198 3.19656078869 14.5286225287 0.569952683252 0.562932807424 0.983372164634 1.43145591143 3.47067596968 3.75038260309 0.243325391504 0.229311985974 10.8223233325 10.9819690818 37.1627864049 37.3628119445 0.0945180000027 0.0826036377702 0.0711628815333 0.0718939207116 0.0800062999389 135.997226903 136.665911179 137.310438183 137.607124308 138.041130655 0.120223053683 0.443056910344 0.535114623651 706.565271437 706.665464594 706.74762119 706.839532184 706.941580123
-9999.0 -9999.0 -9999.0 -9999.0 -9999.0 -9999.0 -9999.0 -9999.0 -9999.0 -9999.0 -9999.0 -9999.0 -9999.0 -9999.0 -9999.0 -9999.0 -9999.0 -9999.0 -9999.0 -9999.0 0.652138648397 0.683056694832 1.26927585551 17.002467678 17.5774623383 0.548858635768 0.966692691277 1.42784630201 1.79311023256 0.325499083786 0.579161208218 35.8977994777 36.0477856765 36.2704982121 37.6944731991 75.2442064029 131.998489554 132.22698414 132.439436836 132.64164465 133.519161437 133.805365019 0.565935142 0.258000563689 0.154193555197 0.290882440141 0.220825618081 0.349656519365 0.110929017765 2.37572377411 2.78624622544 3.12158679595 3.16513735278 706.996980627
-9999.0 -9999.0 -9999.0 -9999.0 -9999.0 -9999.0 -9999.0 -9999.0 -9999.0 -9999.0 -9999.0 -9999.0 -9999.0 -9999.0 -9999.0 -9999.0 -9999.0 -9999.0 -9999.0 -9999.0 -9999.0 0.66334982887 1.27293279459 1.88556910698 18.0912449889 0.476931375649 24.2044176156 24.6779219091 25.009968566 25.2914859409 34.7461344197 35.0742414203 0.175641894645 0.996813167696 1.24212695802 0.189841393129 56.5271625603 56.1828780615 0.110143528821 0.254614964533 0.694554571175 0.155183625209 0.168404782114 0.131403761169 0.113479661839 0.0879001435867 0.105035572954 2.02624766424 2.13773638201 2.27151678394 0.314235747715 0.240181491754 3.34226043377 3.41646211184
-9999.0 -9999.0 -9999.0 -9999.0 -9999.0 -9999.0 -9999.0 -9999.0 -9999.0 -9999.0 -9999.0 -9999.0 -9999.0 -9999.0 -9999.0 -9999.0 -9999.0 -9999.0 -9999.0 -9999.0 -9999.0 0.604051639178 0.568914079404 2.94580394626 22.2119962153 23.2787339355 23.787839182 0.416091535227 8.52009347989 8.85212772699 9.03478749035 0.280055351862 0.481339153517 0.661975784123 12.8407605749 12.98218216 13.1074618566 55.9485010799 34.7649326346 0.141301820097 0.149956173061 0.143264559824 0.113530377372 1.17873875556 1.43596581159 1.66114021195 1.78920769209 1.91245487784 13.6736208319 13.772280466 13.9072882381 14.1883550269 15.4037315056 15.4478817923
-9999.0 -9999.0 -9999.0 -9999.0 -9999.0 -9999.0 -9999.0 -9999.0 -9999.0 -9999.0 -9999.0 -9999.0 -9999.0 -9999.0 -9999.0 -9999.0 -9999.0 -9999.0 -9999.0 -9999.0 -9999.0 -9999.0 1.18364287526 1.80904496936 0.624853985086 0.568529812782 7.07239805797 7.51188169459 7.81008730145 2.59508718246 2.85464684563 3.11655650849 3.30282731455 12.5194741657 12.7179410648 7.63928512873 20.9071736273 21.0564416473 34.647927456 0.298367264375 0.152655833778 0.105994368672 0.808733006849 0.951390949598 0.0926764887809 0.0877083817299 13.2433342479 13.4710547619 13.5871098206 0.122391567093 0.193540577098 15.1913984394 0.10677179247 0.351303535305
-9999.0 -9999.0 -9999.0 -9999.0 -9999.0 -9999.0 -9999.0 -9999.0 -9999.0 -9999.0 -9999.0 -9999.0 -9999.0 -9999.0 -9999.0 -9999.0 -9999.0 -9999.0 -9999.0 -9999.0 -9999.0 -9999.0 0.594836596056 1.17662054344 4.90185579994 5.53025222143 6.03974923926 2.0016689898 2.33310127044 0.279373291303 8.5528833432 8.80052063337 9.02935347438 0.20090466483 7.27342887299 7.47965479443 0.154181861096 33.869712425 0.334701583413 0.166099607855 0.435677634055 0.588880036064 0.116646087132 0.0940600729879 12.1482967822 13.0362514372 13.1709150667 0.136613431369 0.301145562524 0.378229514861 0.475543352016 0.908474935761 0.128204236138 0.289936350789
