data/baseflow/History/mHMbfrc313
ncols                  80
nrows                 72
xllcorner      4374000.0
yllcorner      5656000.0
cellsize            500
NODATA_value       -9999
[rows 0 to 23 of 72, columns 0 to 54 of 80]
-9999.0 -9999.0 -9999.0 -9999.0 -9999.0 -9999.0 -9999.0 -9999.0 -9999.0 -9999.0 -9999.0 -9999.0 1.04457934153 0.802952768431 -9999.0 -9999.0 -9999.0 -9999.0 -9999.0 -9999.0 -9999.0 -9999.0 -9999.0 -9999.0 -9999.0 -9999.0 -9999.0 -9999.0 -9999.0 -9999.0 -9999.0 -9999.0 -9999.0 -9999.0 -9999.0 -9999.0 -9999.0 -9999.0 -9999.0 -9999.0 -9999.0 -9999.0 -9999.0 -9999.0 -9999.0 -9999.0 -9999.0 -9999.0 -9999.0 -9999.0 -9999.0 -9999.0 -9999.0 -9999.0 -9999.0
-9999.0 -9999.0 -9999.0 -9999.0 -9999.0 -9999.0 -9999.0 -9999.0 -9999.0 -9999.0 -9999.0 -9999.0 2.11078299005 4.49463677863 0.693463711113 -9999.0 0.524024326865 -9999.0 -9999.0 -9999.0 -9999.0 -9999.0 -9999.0 -9999.0 -9999.0 -9999.0 -9999.0 -9999.0 -9999.0 -9999.0 -9999.0 -9999.0 -9999.0 -9999.0 -9999.0 -9999.0 -9999.0 -9999.0 -9999.0 -9999.0 -9999.0 -9999.0 -9999.0 -9999.0 -9999.0 -9999.0 -9999.0 -9999.0 -9999.0 -9999.0 -9999.0 -9999.0 -9999.0 -9999.0 -9999.0
-9999.0 -9999.0 -9999.0 -9999.0 -9999.0 -9999.0 -9999.0 -9999.0 -9999.0 -9999.0 1.04596527635 1.00399320602 1.0432321171 0.999803858085 6.4041613947 7.14732997234 1.44730330913 0.453583868951 -9999.0 -9999.0 -9999.0 -9999.0 -9999.0 -9999.0 -9999.0 -9999.0 -9999.0 -9999.0 -9999.0 -9999.0 -9999.0 -9999.0 -9999.0 -9999.0 -9999.0 -9999.0 -9999.0 -9999.0 -9999.0 -9999.0 -9999.0 -9999.0 -9999.0 -9999.0 -9999.0 -9999.0 -9999.0 -9999.0 -9999.0 -9999.0 -9999.0 -9999.0 -9999.0 -9999.0 -9999.0
-9999.0 -9999.0 -9999.0 -9999.0 -9999.0 -9999.0 -9999.0 -9999.0 -9999.0 1.00785820548 2.04301681054 4.04700560899 2.00301763744 0.971965453881 1.91193720808 8.07664720168 10.7105315356 0.560360417045 -9999.0 1.01910901927 -9999.0 -9999.0 -9999.0 -9999.0 0.99763698371 0.501306797048 -9999.0 -9999.0 -9999.0 -9999.0 -9999.0 -9999.0 -9999.0 -9999.0 -9999.0 -9999.0 -9999.0 -9999.0 -9999.0 -9999.0 -9999.0 -9999.0 -9999.0 -9999.0 -9999.0 -9999.0 -9999.0 -9999.0 -9999.0 -9999.0 -9999.0 -9999.0 -9999.0 -9999.0 -9999.0
-9999.0 -9999.0 -9999.0 -9999.0 -9999.0 -9999.0 -9999.0 -9999.0 1.10896476328 3.16968397767 4.14521607952 5.12144942627 6.99373686287 0.921119087591 3.71826555186 4.62166170548 16.8037898746 0.803028326429 0.870424093646 1.91995381651 2.79247868486 0.908909566501 -9999.0 2.71417133499 2.22378242212 0.64133298447 -9999.0 -9999.0 -9999.0 -9999.0 -9999.0 -9999.0 -9999.0 -9999.0 -9999.0 -9999.0 -9999.0 -9999.0 -9999.0 -9999.0 -9999.0 -9999.0 -9999.0 -9999.0 -9999.0 -9999.0 -9999.0 -9999.0 -9999.0 -9999.0 -9999.0 -9999.0 -9999.0 -9999.0 -9999.0
-9999.0 -9999.0 -9999.0 -9999.0 -9999.0 -9999.0 1.10817640682 1.0299250542 1.00462092001 1.01635568102 1.02460777996 7.16894595366 15.1395859693 16.107711561 16.9639511012 0.845535896446 18.4887551971 19.3381814995 1.74768665285 0.878643933985 3.64564726147 6.31147787982 0.863264971024 5.26148009933 0.909308859555 0.880151316743 0.93490385211 -9999.0 -9999.0 -9999.0 -9999.0 -9999.0 -9999.0 -9999.0 -9999.0 -9999.0 -9999.0 -9999.0 -9999.0 -9999.0 -9999.0 -9999.0 -9999.0 -9999.0 -9999.0 -9999.0 -9999.0 -9999.0 -9999.0 -9999.0 -9999.0 -9999.0 -9999.0 -9999.0 -9999.0
-9999.0 -9999.0 -9999.0 -9999.0 -9999.0 -9999.0 2.20657892477 3.25674875254 7.37716472941 10.3515817312 0.930703242916 0.957699867837 0.916495522554 2.70844560889 20.511049724 0.798485523968 20.1603756149 23.466291771 2.56715315267 1.6867418602 7.12615602617 0.876308494089 6.12732125305 1.73582768081 0.867648691045 1.72327705248 1.86222543422 0.948700973761 0.959880229596 0.944702984724 0.97463200091 1.96132132053 -9999.0 -9999.0 -9999.0 -9999.0 -9999.0 -9999.0 -9999.0 -9999.0 -9999.0 -9999.0 -9999.0 -9999.0 -9999.0 -9999.0 -9999.0 -9999.0 -9999.0 -9999.0 -9999.0 -9999.0 -9999.0 -9999.0 -9999.0
-9999.0 -9999.0 -9999.0 -9999.0 -9999.0 1.13812450492 2.24001460275 1.08582873443 2.12278005092 11.4028860036 13.3483178649 15.2753523481 48.1779392063 0.900934191789 21.3961301853 76.4422035896 77.1104731032 101.703734742 0.712662599665 2.49816671214 7.94836595253 0.816631536119 15.7912417785 8.82316642943 5.37618962575 4.49136189407 0.89928389534 2.82289527757 2.79415149809 1.86861215743 0.906414175845 2.90036149288 0.909986462544 0.903532251509 -9999.0 -9999.0 -9999.0 -9999.0 -9999.0 -9999.0 -9999.0 -9999.0 -9999.0 -9999.0 -9999.0 -9999.0 -9999.0 -9999.0 -9999.0 -9999.0 -9999.0 -9999.0 -9999.0 -9999.0 -9999.0
-9999.0 -9999.0 -9999.0 -9999.0 -9999.0 1.14188071355 3.34807534794 6.67904586504 7.73153578516 15.3486406437 16.3551186616 19.4770679641 32.0202648777 50.778921347 52.5941934244 53.4321675083 1.62388986455 104.58962236 106.055038944 110.231194803 137.281333315 18.2936101815 16.6569003408 6.23751691287 0.849899593336 5.38171014972 3.67231639868 0.841701957725 3.63600636969 0.833626560301 1.71318995826 4.6514892566 5.52602501362 1.7747283804 0.865233627051 0.867888128062 -9999.0 -9999.0 -9999.0 -9999.0 0.545554483583 0.463278880871 -9999.0 -9999.0 -9999.0 -9999.0 -9999.0 -9999.0 -9999.0 -9999.0 -9999.0 -9999.0 -9999.0 -9999.0 -9999.0
-9999.0 -9999.0 -9999.0 -9999.0 -9999.0 1.12308434692 1.09205619647 4.43932023036 5.49743952405 6.58351634041 1.05657929101 2.1004334307 11.8101957093 2.07384935557 0.996577519155 0.938288265836 0.853200253111 0.937528360183 0.891953341355 0.9134509349 138.123299824 140.590417912 0.809959219839 2.49420287161 1.69372076584 6.21184757849 1.68629725759 0.802390025158 4.49609633486 1.65437991127 3.96978389686 9.78666120012 9.02137273369 2.63764840315 2.59445083878 0.874313632542 0.87415239589 -9999.0 -9999.0 0.870348525153 1.24730830456 2.68662291994 0.493249169881 -9999.0 -9999.0 -9999.0 -9999.0 -9999.0 -9999.0 -9999.0 -9999.0 -9999.0 -9999.0 -9999.0 -9999.0
-9999.0 -9999.0 -9999.0 -9999.0 -9999.0 -9999.0 1.14566447249 1.13203797816 2.24532964691 3.34725922951 7.63299314635 9.78188460071 10.8400010207 1.07895941955 0.913355989815 12.0332183209 14.7928406382 15.6770683288 19.3145114739 20.1720359166 0.852615862307 141.43701254 145.578461711 3.31470239844 0.751149227212 6.99753225372 15.5378880995 6.08590325426 1.59250105513 0.7970639328 15.334931881 10.5955514874 0.791847939296 0.787701377561 3.3939404934 2.56755841394 0.835019585428 0.82339420899 0.846655439965 1.69892071663 0.825483000627 3.27155135157 4.08284824659 0.748038271852 -9999.0 -9999.0 -9999.0 -9999.0 0.851198287106 0.813425905862 0.266001329229 -9999.0 -9999.0 -9999.0 -9999.0
-9999.0 -9999.0 -9999.0 -9999.0 -9999.0 -9999.0 -9999.0 1.15023590216 1.04859127863 2.14652838641 3.2380075775 1.08761565806 1.01008392997 6.23234737628 8.21754373447 10.2259333325 0.937720631708 1.86669472295 0.920990107265 21.0374800586 46.2515601839 46.7964260096 193.888281009 0.83206166446 2.2236517607 0.716390519714 16.3095878561 0.783793551802 2.40195688861 0.787542916537 16.1202963655 16.8987279005 1.58115707565 1.56320401184 8.45680526343 4.23703517899 1.65317658464 0.837843509547 1.69660803774 2.53341701046 4.15359497064 0.80277817883 5.60749349821 6.37596145295 0.737164769934 0.801731976086 0.778934269279 0.722980552704 0.697588760609 2.4012288021 1.00015995005 0.676531825159 -9999.0 -9999.0 -9999.0
-9999.0 -9999.0 -9999.0 -9999.0 -9999.0 -9999.0 -9999.0 -9999.0 2.19481274734 3.22910342479 1.07733890466 2.1662463509 3.19872337791 5.28051852007 1.05685519635 1.03031285682 0.911484766343 0.928596975692 0.862708165723 23.4669956642 0.924065542647 1.81915870657 196.335963209 198.289771897 1.05152111822 4.32749875598 21.4311894531 1.54988796598 3.1232575735 1.48235641621 2.18045549912 19.9105827272 2.30299442394 12.2460062868 9.97191617935 0.761811327082 4.07129670383 1.63760456241 2.48586040223 0.789449387054 4.9302087209 6.48854365582 7.18323806619 7.84800140785 9.16242106368 1.41481023258 1.42842410222 1.33006379348 1.26699791946 3.03605811859 0.627205798165 2.33592402611 2.93559323885 -9999.0 -9999.0
-9999.0 -9999.0 -9999.0 -9999.0 -9999.0 -9999.0 -9999.0 -9999.0 1.12546805308 5.44926296576 6.50925863529 1.06497645542 2.09913200006 1.03505646828 0.981799243369 0.96041764633 11.9521675765 15.9107251749 19.4736960345 22.8848547675 0.848478728125 0.908232645928 1.06426260882 202.446443611 204.483374917 205.441427429 28.8054668761 6.27682237022 5.42940075973 0.697439100923 2.87334830059 23.4904337739 0.704613731704 12.9561123094 0.759505880223 5.2748629334 4.88244455472 0.789432273169 3.2663966464 1.56718441991 2.33304900641 0.769038051653 0.659313333254 8.5055169184 9.11417749204 9.76960379347 2.07376836094 1.94844061826 1.87055414972 3.68457459173 4.94761074659 0.628877447393 3.54630797163 0.642877803992 1.23528456864
-9999.0 -9999.0 -9999.0 -9999.0 -9999.0 -9999.0 -9999.0 -9999.0 -9999.0 1.11472073368 7.58692659576 8.64623374386 3.14725081409 5.2220778538 7.19583688299 8.19070814446 1.00170058017 3.04188398468 2.01857953511 1.00014595041 0.996596448275 0.924325369878 1.86424221968 3.3279009672 1.249543506 236.464450649 237.529725935 0.986231109045 0.70655351919 1.39864593477 2.07998607593 25.5360629509 1.368759613 13.5928983367 8.1764107079 6.73066112061 0.761965418367 1.53598157809 3.99338290739 0.72271934366 3.0372797861 1.45982181981 1.21269642428 0.623336167351 10.9249271314 21.2003723015 2.53081565827 2.41537253327 2.40431752061 0.531639005654 5.47723071522 0.517091360963 4.70556214798 0.571624279763 1.81518575279
-9999.0 -9999.0 -9999.0 -9999.0 -9999.0 -9999.0 -9999.0 -9999.0 -9999.0 -9999.0 1.04118567648 10.7461409315 1.04609085151 2.08338974148 3.05320928119 5.01398663733 1.01064639869 2.04839707089 1.0266990514 0.98676919372 0.928321892929 1.84004282558 0.852155234716 1.02385583113 2.19533828883 1.23453491371 238.512245739 240.461055314 243.196527637 2.87504672572 0.701108662628 1.39567087833 26.2467209187 25.2086261232 9.63789563879 0.726786998638 3.03018322763 2.28065938403 4.72279563786 1.44860012584 5.90918932417 2.15661930128 1.85892238958 0.623792392716 0.644280952206 21.8617489569 22.4294811921 27.8636623474 4.0711690529 1.10079234311 6.04851317235 7.12064709502 12.3405580022 1.12501398253 0.53425235322
-9999.0 -9999.0 -9999.0 -9999.0 -9999.0 -9999.0 -9999.0 -9999.0 -9999.0 -9999.0 -9999.0 0.574474236597 12.0340149162 1.00565396197 1.96357673092 8.9148574838 0.99443999192 0.992192273347 0.902380246679 1.91521751911 0.913338875983 3.65998395553 5.35323594273 6.14817389014 3.00312142741 3.92163143282 1.01368829201 1.18412451063 1.0449922022 247.738482569 249.922302515 26.8966600167 26.4852860889 25.8499870048 1.3247225777 0.64493518557 3.71039116614 9.79858131301 5.41030023938 2.13252299215 8.70148795866 4.31134769753 3.67437582164 1.20990156004 0.50604198898 0.475269647877 0.498958964703 30.1701373705 35.9251066438 0.528269694789 0.480720163734 0.51344448614 12.8404442181 14.4572453334 0.978684434598
-9999.0 -9999.0 -9999.0 -9999.0 -9999.0 -9999.0 -9999.0 -9999.0 -9999.0 -9999.0 -9999.0 0.544563204636 13.3632037954 16.4365596367 0.95743159921 10.833641688 0.926132050479 0.914021941603 1.79385250608 4.61239236583 0.896126804869 0.931962266239 0.835833818014 7.8139491263 8.61566780408 13.3691058555 15.212469584 16.2006129629 17.168760567 18.2452011096 269.083056577 297.813501165 325.902275562 326.530303314 0.708728849068 0.652295179424 11.160636701 10.4868812947 0.67284976849 0.676443176256 9.3726462392 14.3505407942 0.596672739699 7.75338896135 7.16270684394 2.33547629367 1.10724150108 1.76746138027 0.642225355867 37.0106845192 0.559768222498 1.54743732789 1.9746435054 18.0992449226 19.5809050496
-9999.0 -9999.0 -9999.0 -9999.0 -9999.0 -9999.0 -9999.0 -9999.0 -9999.0 -9999.0 -9999.0 1.09983906879 2.10756540781 17.4287426828 19.2630918994 0.926535553929 12.4620326917 0.83763855478 2.56916930525 5.45419865802 1.74391188411 0.845542012986 1.72140779241 0.758542028947 1.46798146163 0.72720932777 0.701467040308 0.671303082586 0.655422281097 0.699616596668 0.812374517267 1.00331597572 1.02632419833 1.04036494774 328.990482177 13.7501341111 12.4940219774 0.62519088067 1.96655111885 0.573466300487 0.479241101202 14.9677281214 24.6205721451 8.42522178884 6.07232762881 1.30144340831 0.602507073018 0.558972622733 1.09452126481 38.6458650965 39.6698115972 0.533463523786 0.554462358117 0.597948975512 0.537639526953
-9999.0 -9999.0 -9999.0 -9999.0 -9999.0 -9999.0 -9999.0 -9999.0 -9999.0 -9999.0 -9999.0 -9999.0 0.99219628679 12.8969257592 33.1141914688 35.9748995114 49.2745770505 49.961372492 12.1334457038 8.91527950071 2.60772805978 0.836964911569 3.37621862482 4.17580619946 6.38213902704 1.48676846293 1.41746219942 1.39873653955 2.75885160087 1.39353301026 1.48908519076 0.663641927198 0.650486133119 0.773082304122 329.796584977 343.996594993 344.66903062 0.644950499829 5.62134334075 2.34789770799 0.659217552398 26.6422207525 1.41310001407 0.727142993889 3.06695968372 0.701790391725 0.637377594352 1.20517989208 1.66868362028 2.17149085256 40.5364152982 0.413442633076 0.363695305334 0.371187526466 0.324301963183
-9999.0 -9999.0 -9999.0 -9999.0 -9999.0 -9999.0 -9999.0 -9999.0 -9999.0 -9999.0 -9999.0 1.06966137716 9.82411204867 11.913106347 1.95076953214 0.611071187011 1.42982534251 52.2681177274 52.9832425951 65.7791793189 0.780625604422 1.60972866848 0.723990787239 0.738212914217 7.10328854631 9.30959756108 11.4303173414 0.699034810215 3.45736943846 5.53534271988 3.46349444313 1.32455900236 1.26755793356 1.38395372595 1.30321041059 0.721629060953 345.254009309 345.734553306 352.417968893 1.17181359377 0.591770527612 27.0616109317 1.49528141632 0.766342602909 0.815142342939 0.806957135068 0.73352053488 1.43329421273 3.97892536082 6.70620701409 47.6627020637 0.302200517242 0.920355594855 0.636124054177 0.561709625109
-9999.0 -9999.0 -9999.0 -9999.0 -9999.0 -9999.0 -9999.0 -9999.0 -9999.0 -9999.0 -9999.0 1.09307719954 6.71042566074 1.06238794773 0.960714789157 4.91571747611 5.80156399076 6.69617135972 7.54668982303 89.2208871926 89.9650770492 91.4856263316 102.813086966 105.157092728 106.627971795 107.372408765 120.901090308 122.975735363 123.705258189 130.010327822 134.20552686 134.867959424 137.451988889 2.00683838452 1.87871613192 0.608897649601 0.588847279569 346.307013073 354.684611203 1.77135157088 30.8354347884 30.3186014701 2.86618284275 0.695660550548 0.720245036013 0.700374304732 0.680587689452 1.37173985532 1.99739362236 0.615293748206 48.0552532162 48.4750286812 50.3852096399 50.7241774835 51.5995054599
-9999.0 -9999.0 -9999.0 -9999.0 -9999.0 -9999.0 -9999.0 -9999.0 -9999.0 -9999.0 -9999.0 3.40549264319 4.51271335089 2.13178293392 3.14824881652 1.00590795874 11.4272046102 12.3582960032 14.2002687225 15.0480431992 6.21441616494 98.9615352355 99.7378733591 0.848979073801 0.735074915576 0.726885413919 1.51178057199 0.761822704166 0.691366380493 0.659944067776 0.640890765956 135.566713911 138.132248856 140.720760679 143.108366457 145.222443674 1.03273836373 0.32886888783 386.943864772 31.8078759285 31.3742911331 0.602490706113 0.574460129231 0.54682066777 1.28782048448 1.26927097252 0.582912409369 0.584914266781 0.53430784642 1.13783043529 1.49114476514 0.268099631403 0.483942807828 0.206534931728 0.210998701405
-9999.0 -9999.0 -9999.0 -9999.0 -9999.0 -9999.0 -9999.0 -9999.0 -9999.0 -9999.0 -9999.0 -9999.0 2.29030046736 1.087569078 1.02763168115 9.56855967719 10.5278178868 0.951224763058 3.74461670374 4.62670662865 5.46476242613 0.894287841351 0.813192367564 15.8018151318 16.5213698236 17.2351198417 43.9665187026 44.6322422497 45.9409037541 51.0298184718 54.6596590106 55.2619277935 0.584944562099 0.60204789359 0.527569317004 145.955292686 0.37313684953 392.551468159 392.009748821 4.60465778458 4.03719718656 2.33017881144 0.588415946233 1.07952683745 1.83965222199 1.82495242126 1.13956685899 0.561326947885 1.09041446827 1.06386037918 1.95448599634 0.373871922363 0.873055965066 1.40784646393 1.86747032635
