data/baseflow/History/mHMbfrc305
ncols                  80
nrows                 72
xllcorner      4374000.0
yllcorner      5656000.0
cellsize            500
NODATA_value       -9999
[rows 24 to 47 of 72, columns 0 to 53 of 80]
-9999.0 -9999.0 -9999.0 -9999.0 -9999.0 -9999.0 -9999.0 -9999.0 -9999.0 -9999.0 -9999.0 -9999.0 1.06814845156 3.0161912625 3.97455679669 6.88886739478 0.890167808786 1.7962050345 2.65653906517 10.0716666072 10.803176011 11.3743500211 12.0459647372 12.7795677569 19.983840321 22.087140681 23.2337825419 0.473464052437 2.6974158222 3.14708388922 44.2535658182 45.9805626938 46.7694544983 47.5729789156 48.2879014687 175.790043264 0.233738775983 357.288802755 0.749835616548 0.338536143944 3.08584040476 2.6538793598 0.395446348727 1.47822882962 2.16158113848 2.13696678104 1.44304733446 2.35901766534 3.71998361824 1.37239719024 3.55439241895 0.295630036471 0.460762136988 0.117033376623
-9999.0 -9999.0 -9999.0 -9999.0 -9999.0 -9999.0 -9999.0 -9999.0 -9999.0 -9999.0 -9999.0 -9999.0 1.01863343738 2.02023018187 0.963497712207 1.94841037865 0.889204690075 6.62413785817 8.35579610637 9.24443117511 0.822596293039 1.57966389014 15.1386743983 18.7520557493 19.3494936389 1.42924937124 1.334391289 1.91427273769 0.397099598887 0.361392015137 0.686800435112 0.315659892791 22.5580482364 22.9073583757 23.1966268728 176.160127814 359.894352078 357.627734913 0.529083535419 0.243606806233 0.217900955383 0.864699484614 0.663764617197 1.81107343714 2.5561437433 5.14317818963 0.445605205152 0.442950491099 4.10045819562 4.49620893828 8.74937351296 9.00967135058 9.59516828347 9.81391684112
-9999.0 -9999.0 -9999.0 -9999.0 -9999.0 -9999.0 -9999.0 -9999.0 -9999.0 -9999.0 -9999.0 -9999.0 -9999.0 0.96925642951 1.95151998171 2.93797266336 4.78314030109 0.961580249341 0.891936756156 5.99542104956 6.81938006895 13.6957994592 14.5270321356 2.32675189893 0.782695419621 0.713053485903 0.647041843528 20.3531751148 20.808636294 21.2270337331 21.5775073345 22.2315717903 3.8674679098 4.19341190459 27.6624995963 563.891664759 1.8892159996 1.5601591701 0.797400005199 0.206405545857 0.177912084227 1.29176362632 1.43697484874 2.16855374101 0.176906191689 5.36484756306 0.735330566869 0.718512313802 0.155987839832 0.108600952977 0.0965981030779 0.102110662618 0.101966262028 9.9312967891
-9999.0 -9999.0 -9999.0 -9999.0 -9999.0 -9999.0 -9999.0 -9999.0 -9999.0 -9999.0 -9999.0 -9999.0 -9999.0 -9999.0 0.958227520457 1.79408924934 2.54988467826 3.32103072709 4.21701069428 5.13542175371 2.67800034702 4.44704792611 0.828867175125 0.803074440137 16.7618993225 18.3120551087 19.0299643357 19.7795779593 0.562714605573 1.01427739843 2.64947914686 3.10074063539 3.50982301059 0.394685224521 0.286599503139 564.774530333 0.330232729304 0.456959958202 0.219478837655 0.789689964999 0.377013254678 0.19328575424 3.80793980829 3.97153512903 0.123332978096 5.50404004009 6.35118365537 0.831288040016 137.96243815 137.709355587 137.486128431 137.029924998 136.840685576 133.608816583
-9999.0 -9999.0 -9999.0 -9999.0 -9999.0 -9999.0 -9999.0 -9999.0 -9999.0 -9999.0 -9999.0 -9999.0 -9999.0 -9999.0 0.185544396498 0.424285858472 0.750420860489 6.62438142561 7.54459729459 0.930874788088 0.901666484026 0.885707955636 13.506996887 15.2113759993 0.828825171576 0.840777094659 0.686257723774 2.81878908167 3.50191406094 1.71342088504 2.1650508138 16.1744389473 16.679793118 17.5749556642 27.8062350356 592.783863398 0.321973988283 0.180533111985 1.17918299806 0.98417066551 0.16484646518 0.536360007892 0.702156004179 4.15514955017 4.30417477903 10.9975740061 6.44435589683 0.928208576285 140.897338053 1.33370845823 137.282085197 137.163854869 3.0502608463 0.193912094997
-9999.0 -9999.0 -9999.0 -9999.0 -9999.0 -9999.0 -9999.0 -9999.0 -9999.0 -9999.0 -9999.0 -9999.0 -9999.0 -9999.0 0.956594705903 1.56022650242 3.28680445571 5.73883987194 8.23277935837 10.0288830369 10.9263580009 11.8308394781 12.7075024628 0.836958635053 0.769954165882 1.50811181291 1.41430185993 0.731605649357 14.0812148797 14.7439977412 15.3542772884 15.928499811 8.9688693118 9.42511358805 9.89951351996 592.954555861 0.557758651145 0.47242115699 1.7871962959 0.182552479181 0.332656341442 0.174250065 0.151598164396 0.854111629506 0.11755972158 0.126199082779 152.618295315 141.531509546 141.40678057 0.565733196831 1.2340716711 0.794454138619 0.186288417339 2.7156065476
-9999.0 -9999.0 -9999.0 -9999.0 -9999.0 -9999.0 -9999.0 -9999.0 -9999.0 -9999.0 -9999.0 -9999.0 -9999.0 -9999.0 0.670580872309 0.616373938648 1.20537826169 1.85061159186 0.920138437869 0.985941587636 1.90245623137 2.80263957721 4.51645152692 5.37201227234 6.14975734717 8.46055218417 9.18064156301 9.95201418431 0.687386576957 6.96001563716 7.54607967432 8.08593391559 0.427251358016 0.18641861859 0.338599165419 602.878287808 603.039998133 603.91830967 2.30344736447 0.372981772102 0.51197437391 0.142742522643 0.266637256548 0.975768902101 1.1959168305 0.226645005527 153.188654714 0.187579101863 0.309798229924 0.347773679118 0.254074123358 0.465666864748 0.188813121067 1.77898459328
-9999.0 -9999.0 -9999.0 -9999.0 -9999.0 -9999.0 -9999.0 -9999.0 -9999.0 -9999.0 -9999.0 -9999.0 -9999.0 -9999.0 -9999.0 0.576818326205 1.14417051562 0.572397153736 1.19937923264 7.58447838002 8.41012883592 9.29175226731 0.856754104133 0.858133517676 1.63537799983 2.42442033756 3.8358959271 4.5578913319 4.96268270188 5.61067368313 0.540887417887 0.495777058064 8.83093909461 9.03504854898 9.21752382968 9.40843436884 7.65670758806 612.348190522 615.801097352 615.944187921 616.579766325 617.266646647 617.641783176 0.111237267106 1.29770364488 153.29075813 0.266389459441 0.137439458019 0.142904962755 0.132787146066 0.23142522636 0.229001682949 0.136766192744 0.217215221359
-9999.0 -9999.0 -9999.0 -9999.0 -9999.0 -9999.0 -9999.0 -9999.0 -9999.0 -9999.0 -9999.0 -9999.0 -9999.0 -9999.0 -9999.0 -9999.0 1.70485726326 2.33254582718 4.20087422059 5.69637950727 0.82774400665 11.0807687039 11.9318691413 12.7530066403 0.807672974457 1.58872461259 0.708812031432 5.31991643445 5.68702374696 6.27870353625 6.88721722724 8.30056240541 8.51076989948 0.133560636845 6.90746964351 7.29062822224 7.47735749364 8.26042764025 0.987281175143 0.627118966405 0.382673952537 0.363210889879 618.042540591 618.206732339 620.382028401 153.389783562 0.718595722196 0.361389070653 0.239105558187 0.0746301262044 0.710386129885 0.381347550648 0.116674044509 0.661685782289
-9999.0 -9999.0 -9999.0 -9999.0 -9999.0 -9999.0 -9999.0 -9999.0 -9999.0 -9999.0 -9999.0 -9999.0 -9999.0 -9999.0 -9999.0 -9999.0 0.628728706353 2.94998724995 3.61177946193 0.871673329361 0.912215711798 1.83240235205 2.70051909764 16.2976911266 0.802972587899 3.22248848915 3.95743654793 4.67971991013 0.38897446877 0.930190184447 1.2247821322 5.59847516633 6.2228036409 6.39573516108 0.192081024558 0.188544483316 0.2230456943 0.411147226952 0.173945257026 0.182834416462 0.304065127488 0.253727247273 0.303885359793 0.772601588804 620.57291187 774.422951621 0.877968566716 0.161052496115 0.074211273996 2.24065977345 2.07423771525 1.24127061739 1.11640589138 0.83615168801
-9999.0 -9999.0 -9999.0 -9999.0 -9999.0 -9999.0 -9999.0 -9999.0 -9999.0 -9999.0 -9999.0 -9999.0 -9999.0 -9999.0 -9999.0 0.509410980669 1.71924177667 0.577745352398 0.971852399901 0.99757501116 1.92641229687 2.83157755345 3.64230525724 20.5782564007 21.3560811832 0.799356120226 1.53690590182 2.28167550116 2.78591941312 3.34912067549 4.967733381 5.39405833782 0.391873384471 0.302162703931 0.250027212269 0.330494739878 0.323976894313 0.336217549348 0.280572201355 0.345163737327 1.06079299342 0.490281043438 0.1765041854 0.168538095212 0.170041708961 0.315771287286 781.267742206 5.82471095296 2.62187833836 0.202192093351 0.0867027730439 0.074446524894 0.273358330415 0.191639208572
-9999.0 -9999.0 -9999.0 -9999.0 -9999.0 -9999.0 -9999.0 -9999.0 -9999.0 -9999.0 -9999.0 -9999.0 -9999.0 -9999.0 0.541723562464 1.03497841935 3.81753048563 0.542345156563 1.80177978821 2.7792242632 3.70617033726 0.949545159923 1.80412243563 2.56648286731 24.5253673764 0.758054534498 1.45144310282 2.15738195994 0.639914179807 1.2656140849 1.62575031471 2.03059767646 47.2298626034 47.8608101691 48.4195598366 51.0519515138 52.0198741579 54.0463294574 0.460356894462 1.04726854635 1.29311466407 59.7417851487 60.0734944561 0.154004570671 0.273549686386 0.387500608736 781.39148737 5.52224955121 2.64618067271 2.54341385221 1.9145188123 1.63561667664 0.362738698618 0.0865715028522
-9999.0 -9999.0 -9999.0 -9999.0 -9999.0 -9999.0 -9999.0 -9999.0 -9999.0 -9999.0 -9999.0 -9999.0 -9999.0 -9999.0 0.558223661111 1.6783538678 6.04605757141 8.87677468534 0.481688631789 11.7228439147 16.0573236188 0.910159569199 1.7594792102 2.56164183114 31.8115154296 32.4507524672 0.634299809364 3.43599054865 4.02170246492 4.54224300733 42.9926641308 44.1791932682 44.8767787464 0.333328805426 1.88200079541 2.23711194698 0.988262102286 1.42802763001 55.9810208406 57.6291196345 57.9629659826 58.2747145356 60.4105478329 0.164244721278 0.139167153821 0.636726324907 781.512123447 0.152895703072 0.184045476373 0.543471063615 0.202608921184 1.48482545976 1.18455576994 0.696314605108
-9999.0 -9999.0 -9999.0 -9999.0 -9999.0 -9999.0 -9999.0 -9999.0 -9999.0 -9999.0 -9999.0 -9999.0 -9999.0 -9999.0 -9999.0 -9999.0 1.16632217801 2.33442585718 10.5281629865 11.1384704493 16.5843608298 17.2168726131 0.893958117624 1.78664593468 4.20285084069 33.0012482015 34.3026470303 34.8509989304 0.448973370151 36.8323613767 38.0445833881 0.773829762589 0.338082007839 0.652716864986 1.26967662138 0.305172790797 0.609170214337 1.32023998957 1.65442474605 0.31007321276 0.198307442493 0.392171323663 61.8464113212 62.2870001764 62.4034804475 63.3612663902 781.615968193 0.0918944351208 0.112730768195 0.142061384252 0.127864166904 0.132792883283 0.106293655704 0.192535108408
-9999.0 -9999.0 -9999.0 -9999.0 -9999.0 -9999.0 -9999.0 -9999.0 -9999.0 -9999.0 -9999.0 -9999.0 -9999.0 -9999.0 -9999.0 -9999.0 0.607115678854 0.591510809878 0.592892011676 1.24531023717 0.548057879172 18.30212477 18.8839385239 0.824057103572 1.64847170606 0.782366274463 0.665565256503 0.64687235091 35.9786518775 0.399060621641 0.808914102178 0.414601715511 0.353648491334 0.31310424725 0.242157315547 0.252631760587 0.766703968162 1.05072745463 0.19713536856 0.168665029586 0.362337025274 0.6050671091 0.785503981823 0.214530108738 62.5908944958 63.4804225449 781.678814398 0.427706753719 0.255092738827 0.0644520562393 0.171533822514 0.0453700106965 0.0314018503848 0.228681190051
-9999.0 -9999.0 -9999.0 -9999.0 -9999.0 -9999.0 -9999.0 -9999.0 -9999.0 -9999.0 -9999.0 -9999.0 -9999.0 -9999.0 -9999.0 -9999.0 -9999.0 -9999.0 0.584593848352 1.77807789512 2.25316607041 2.77916156381 19.4021523975 19.9350318259 20.4905528568 21.1703142725 21.8002129551 23.0970516188 23.4879886613 23.8603709999 24.186776619 0.311522492689 0.290075801148 0.306475921579 1.06740263656 0.282574220522 0.265292012163 0.206517659277 0.592442791728 0.228283217865 0.169776210384 0.156377090817 0.12922777111 0.257817295379 0.368720628554 64.2286250533 846.407664926 0.0762789294083 0.169546890321 0.0467096352446 0.222641804658 0.104935397717 0.063248840807 0.80336833531
-9999.0 -9999.0 -9999.0 -9999.0 -9999.0 -9999.0 -9999.0 -9999.0 -9999.0 -9999.0 -9999.0 -9999.0 -9999.0 -9999.0 -9999.0 -9999.0 -9999.0 -9999.0 -9999.0 0.479074628836 3.86565435642 7.70227192648 8.26787875353 0.829288929768 1.65437241449 2.47694594085 3.15439266295 7.65838729472 7.9989791588 0.328450516846 0.322391695425 24.837593144 25.4084447112 25.6736776946 1.27202751847 0.183899243798 0.46186321464 0.674703830629 1.99479586406 2.42775854447 2.7521263743 0.295025376393 0.404570127674 0.133183449012 0.259980659582 0.132044949936 846.623837146 0.0696042226291 0.298837277507 0.13031816017 0.406611074838 0.802463737273 0.904186876104 1.74656653959
-9999.0 -9999.0 -9999.0 -9999.0 -9999.0 -9999.0 -9999.0 -9999.0 -9999.0 -9999.0 -9999.0 -9999.0 -9999.0 -9999.0 -9999.0 -9999.0 -9999.0 -9999.0 0.542700688274 1.7400017598 3.39651456404 4.42680128741 11.4416915722 12.1458899984 1.69946941758 2.52646552957 3.24101963534 3.91075432498 8.36502848579 9.04228000398 15.9510983265 16.4586825248 16.7519733869 25.9437869725 27.8941264355 0.45321092214 0.301224136664 0.28596502283 0.541275266747 0.238630132563 3.19635112811 3.35054079299 0.529494873469 0.682906087045 0.129107518701 173.060025316 173.318101661 1020.07372622 1020.45731662 0.068056725816 0.552795260174 0.0923431202501 0.0827944764227 1.91370794599
-9999.0 -9999.0 -9999.0 -9999.0 -9999.0 -9999.0 -9999.0 -9999.0 -9999.0 -9999.0 -9999.0 -9999.0 -9999.0 -9999.0 -9999.0 -9999.0 -9999.0 -9999.0 -9999.0 0.625933921959 0.6063414156 1.13732503102 2.69037144285 12.6728129745 0.865838562707 0.857049688101 1.57095470575 2.29267008163 5.53806787869 6.00202848529 0.314464634776 0.341952291769 17.1312988748 17.4185105889 45.5717607943 45.8000775447 0.158870363399 0.138792220957 0.112676613982 0.113858575207 0.119074887585 170.331135405 171.225353194 172.071275402 172.350439109 172.925747072 0.141399896767 0.510741748365 0.61794003852 1021.26505807 1021.29542291 1021.41314237 1021.52385556 1021.61343569
-9999.0 -9999.0 -9999.0 -9999.0 -9999.0 -9999.0 -9999.0 -9999.0 -9999.0 -9999.0 -9999.0 -9999.0 -9999.0 -9999.0 -9999.0 -9999.0 -9999.0 -9999.0 -9999.0 -9999.0 0.54919835015 0.578482999583 1.06759847235 14.7602449172 15.3641932164 0.844386794221 1.55565524951 2.29308794058 2.83268455151 0.467844757953 0.88930605426 36.1776605745 36.4862567057 36.7804930771 39.020435878 85.0843988285 164.008485552 164.391243238 164.730234076 165.053738166 166.397739859 166.830099858 0.753921698203 0.331760848625 0.196756568492 0.368032483045 0.250752107555 0.403478169981 0.123543766662 2.97892200876 3.23529493883 3.42414577859 3.46890991708 1021.64551403
-9999.0 -9999.0 -9999.0 -9999.0 -9999.0 -9999.0 -9999.0 -9999.0 -9999.0 -9999.0 -9999.0 -9999.0 -9999.0 -9999.0 -9999.0 -9999.0 -9999.0 -9999.0 -9999.0 -9999.0 -9999.0 0.560037742593 1.07125923062 1.5861505116 15.8128506701 0.662363230659 21.9238479706 22.6756755242 23.1399026283 23.5913134538 34.4140995692 34.8745503398 0.337852624564 1.6702821157 2.01129898298 0.324424097466 78.5441981397 77.9646624531 0.176819109075 0.408007957413 1.06861902833 0.233166296954 0.234446853637 0.165081742299 0.132120967596 0.100164053142 0.115041650997 2.59889579544 2.71640309976 2.8613630672 0.165801504148 0.121992244926 3.53956015424 3.59926232075
-9999.0 -9999.0 -9999.0 -9999.0 -9999.0 -9999.0 -9999.0 -9999.0 -9999.0 -9999.0 -9999.0 -9999.0 -9999.0 -9999.0 -9999.0 -9999.0 -9999.0 -9999.0 -9999.0 -9999.0 -9999.0 0.505057289156 0.472909577866 2.45976573345 19.3374335001 20.5460030219 21.2274301424 0.722164194964 9.76757940776 10.1991417184 10.3918110634 0.418773470228 0.79029631868 1.11061716642 18.8875585617 19.1312321474 19.3404891308 77.5821670842 46.330768222 0.226380778943 0.225035126141 0.215179644359 0.158004789348 1.62593746331 1.92967598571 2.19275823055 2.33601026621 2.47325770559 17.8082919222 17.9021370431 18.0276043306 18.328192765 19.4163559213 19.4574015032
-9999.0 -9999.0 -9999.0 -9999.0 -9999.0 -9999.0 -9999.0 -9999.0 -9999.0 -9999.0 -9999.0 -9999.0 -9999.0 -9999.0 -9999.0 -9999.0 -9999.0 -9999.0 -9999.0 -9999.0 -9999.0 -9999.0 0.987542380928 1.51456753864 0.597155112748 0.848159870376 7.25474584033 7.99083695938 8.53594210493 3.95323465884 4.33102576886 4.73804453058 5.07534579617 18.3491749832 18.6748913189 11.2069603261 30.8045483398 31.043539438 46.1475907222 0.440034995274 0.217675511671 0.148786623804 1.12716384539 1.31772233596 0.102499841499 0.0936451660807 17.3763153056 17.6092008121 17.7201904798 0.145522198278 0.215173898337 19.2624179818 0.102321214378 0.311489495402
-9999.0 -9999.0 -9999.0 -9999.0 -9999.0 -9999.0 -9999.0 -9999.0 -9999.0 -9999.0 -9999.0 -9999.0 -9999.0 -9999.0 -9999.0 -9999.0 -9999.0 -9999.0 -9999.0 -9999.0 -9999.0 -9999.0 0.496426551319 0.981710668676 4.27692834344 4.9048552915 5.64919285656 2.96613802952 3.56601622785 0.410422136703 12.2310205842 12.5995506046 12.9541108004 0.334915156102 10.6021687602 10.9396728984 0.247928100955 44.9807587432 0.509534220599 0.252326283116 0.610304514239 0.82876440566 0.153584364267 0.121733920363 16.157150466 17.1655625701 17.306582974 0.145051888399 0.288168120547 0.362760515222 0.425507206298 0.837896632023 0.111141966628 0.256257730506
