data/baseflow/History/mHMbfrc235
ncols                  80
nrows                 72
xllcorner      4374000.0
yllcorner      5656000.0
cellsize            500
NODATA_value       -9999
[rows 24 to 47 of 72, columns 0 to 53 of 80]
-9999.0 -9999.0 -9999.0 -9999.0 -9999.0 -9999.0 -9999.0 -9999.0 -9999.0 -9999.0 -9999.0 -9999.0 0.849140691295 2.30627963699 2.98242738263 4.98138827746 0.524192244574 1.07670238169 1.56723736816 6.34257743983 6.69594498305 6.91998790045 7.21749279618 7.57571102789 11.5142743636 12.5014476541 12.9830012255 0.167858777174 1.07828020534 1.23100204756 23.4216883648 23.8448045527 24.0579016692 24.2768886554 24.4376188892 96.5931906487 0.0842343429809 187.43484594 0.158931104368 0.0675061107022 1.17838879722 1.04924871924 0.12423591422 0.56520918317 0.886251267847 0.868314095077 0.577022352947 0.939234312061 1.48069718091 0.543495442983 1.38001769839 0.0928363116831 0.15009253814 0.019882142565
-9999.0 -9999.0 -9999.0 -9999.0 -9999.0 -9999.0 -9999.0 -9999.0 -9999.0 -9999.0 -9999.0 -9999.0 0.784430855649 1.54739756795 0.677994600203 1.36208154389 0.531713310154 4.4065275562 5.3752749351 5.89244312045 0.439467926855 0.816325993463 9.07395756914 10.9615339378 11.2358152596 0.677712124233 0.607324704653 0.847564557402 0.118687836559 0.0980524388541 0.17783648571 0.0848903698373 14.6153481929 14.7134131292 14.7688421894 96.7652682534 188.158805924 187.496624698 0.0904774069798 0.0490629002042 0.0423241032314 0.20728720665 0.1759390006 0.648090676048 1.01492624899 2.05529695018 0.172495016451 0.170460955561 1.61081872577 1.74761072998 3.3703073382 3.43729829413 3.60971877773 3.64645465098
-9999.0 -9999.0 -9999.0 -9999.0 -9999.0 -9999.0 -9999.0 -9999.0 -9999.0 -9999.0 -9999.0 -9999.0 -9999.0 0.688373022146 1.38790510767 2.10512269485 3.26690509999 0.612583912479 0.510994171875 4.07642630591 4.51479331472 8.36252695609 8.8277943086 1.26092005473 0.394619652906 0.329362895343 0.282220436391 13.9729080336 14.1259040362 14.2585700466 14.3532193175 14.5289297082 1.45981387134 1.54533565965 16.3746715622 301.402017192 0.486959502129 0.355703776821 0.158458042957 0.046072799425 0.0340319692911 0.288598431397 0.310607125658 0.707323268692 0.0296937551346 2.10026411111 0.254259662894 0.245566885813 0.0291955692022 0.017074257018 0.0157162821099 0.0223127859404 0.0181457965032 3.66804124563
-9999.0 -9999.0 -9999.0 -9999.0 -9999.0 -9999.0 -9999.0 -9999.0 -9999.0 -9999.0 -9999.0 -9999.0 -9999.0 -9999.0 0.664028173061 1.34251156369 1.94321440063 2.53824861405 3.05707128167 3.60324971698 1.52140480329 2.5538871516 0.447307910508 0.416973289635 12.2381300489 13.0312091349 13.3731197289 13.7430154904 0.221615045012 0.372548047756 1.05803604638 1.2043301098 1.33597423816 0.12030892496 0.0851031405282 301.770728126 0.133146076166 0.138293413515 0.0687067398866 0.198837842912 0.0927292532923 0.0502693464882 1.06482445464 1.11428866163 0.0254390419579 2.13348193485 2.40530947319 0.262115410611 54.7829361618 54.7361819247 54.6980380339 54.5992671099 54.5554913478 53.6227512673
-9999.0 -9999.0 -9999.0 -9999.0 -9999.0 -9999.0 -9999.0 -9999.0 -9999.0 -9999.0 -9999.0 -9999.0 -9999.0 -9999.0 0.183571810511 0.40440234637 0.60936112532 6.12400924955 6.65234004613 0.548277830036 0.51431595303 0.513627992833 10.4813836172 11.4448408518 0.454190442854 0.462051651922 0.312989492596 1.32799713926 1.64582244607 0.699285024797 0.881647790051 8.26257591136 8.45467700044 8.8649281388 13.5048541953 315.403874078 0.136568613409 0.0528206171034 0.31577052651 0.25828043566 0.0444649785679 0.145147477164 0.193129630134 1.16611359068 1.20730706377 3.6871551222 2.42442274323 0.286562646132 55.6410211438 0.364312016016 54.6610201565 54.6327728755 0.890305057114 0.0690615063804
-9999.0 -9999.0 -9999.0 -9999.0 -9999.0 -9999.0 -9999.0 -9999.0 -9999.0 -9999.0 -9999.0 -9999.0 -9999.0 -9999.0 0.937352403877 1.53947328198 3.10674016084 5.51361467768 7.23400842473 8.51632835093 9.03297601175 9.56486230477 10.068206265 0.457546148079 0.381815668327 0.734345338546 0.665535926073 0.352587462601 7.32810315433 7.63139120642 7.90218394828 8.15143677798 4.13131100874 4.26888854794 4.50433513476 315.516687768 0.270760064532 0.163321323698 0.537397172172 0.0567784025311 0.114431996458 0.0657786424789 0.0431244116451 0.24425466271 0.0302817604824 0.0322030826453 59.5494956254 55.8379895384 55.802643459 0.176783455295 0.345596330202 0.213283022187 0.0385349231037 0.765126877101
-9999.0 -9999.0 -9999.0 -9999.0 -9999.0 -9999.0 -9999.0 -9999.0 -9999.0 -9999.0 -9999.0 -9999.0 -9999.0 -9999.0 0.656283854108 0.627367373787 1.23961049153 1.85693468136 0.67250556713 0.674178941486 1.21937058096 1.73930280581 2.67837692692 3.14813626014 3.53447254493 4.67757808445 5.01835741513 5.40403517373 0.324854489458 3.39812739638 3.64084042656 3.84276188599 0.132448584506 0.0510905132318 0.104872945136 320.12042541 320.22694212 320.67772348 0.73645025474 0.137318479831 0.159519317976 0.0406727519747 0.0764385719466 0.281786266494 0.340276642907 0.0576001493733 59.7109485011 0.057405997453 0.094914741061 0.107130123359 0.0799183150467 0.143650574246 0.0561534617349 0.558973636103
-9999.0 -9999.0 -9999.0 -9999.0 -9999.0 -9999.0 -9999.0 -9999.0 -9999.0 -9999.0 -9999.0 -9999.0 -9999.0 -9999.0 -9999.0 0.599472870292 1.16939385968 0.54244308245 1.11704086855 6.96937374155 7.47006985823 7.94959730873 0.47188286985 0.473593798249 0.857486058532 1.25435755078 1.90468070825 2.2503753409 2.47610687335 2.77196097934 0.218713394235 0.180104760233 4.11017139345 4.19980991999 4.28200328399 4.38185095014 3.71908788332 324.820501099 326.122177393 326.186926477 326.400756974 326.642314223 326.751729963 0.0265328636573 0.367326924394 59.7365579175 0.0551004188426 0.0285014418492 0.0417697504736 0.0450154972589 0.0753749808245 0.0653553558123 0.0410822955809 0.0794793952512
-9999.0 -9999.0 -9999.0 -9999.0 -9999.0 -9999.0 -9999.0 -9999.0 -9999.0 -9999.0 -9999.0 -9999.0 -9999.0 -9999.0 -9999.0 -9999.0 1.73509329498 2.29896147743 4.02619713511 5.28316473237 0.650451538108 9.20565205579 9.66385175726 10.077894708 0.405898712881 0.785350701289 0.32313212726 2.58764140772 2.78281944158 3.07101707232 3.33753977672 3.90466441799 4.02954049019 0.0774005127287 3.30169798085 3.5110432592 3.62463402279 4.03255739815 0.46494304495 0.272891235693 0.138108738261 0.129263890589 326.875422935 326.92280362 327.549746516 59.7608305661 0.176303038519 0.101176885376 0.0683780016761 0.0197416223564 0.217947997579 0.114880663484 0.0352356357654 0.218393666953
-9999.0 -9999.0 -9999.0 -9999.0 -9999.0 -9999.0 -9999.0 -9999.0 -9999.0 -9999.0 -9999.0 -9999.0 -9999.0 -9999.0 -9999.0 -9999.0 0.579151776337 2.88060410384 3.49235404143 0.669080828451 0.523915514057 1.07886714095 1.55898914584 12.0824228633 0.399238741301 1.61235129963 1.95836860087 2.29441355505 0.208289934902 0.465455881348 0.583964458489 2.62946252237 2.89713753757 3.01052834197 0.113440591536 0.094717762393 0.105418755657 0.19489732779 0.0781967440149 0.0798065588945 0.0891286004877 0.08237980583 0.0907825551333 0.227520153186 327.607251712 387.491222603 0.216877112815 0.057246198082 0.021477242154 0.716631756293 0.671734114904 0.415226941243 0.374935199021 0.279799471895
-9999.0 -9999.0 -9999.0 -9999.0 -9999.0 -9999.0 -9999.0 -9999.0 -9999.0 -9999.0 -9999.0 -9999.0 -9999.0 -9999.0 -9999.0 0.50845369106 1.59851898309 0.517108066515 0.649455059168 0.607652806172 1.14748191366 1.67244373365 2.15540978378 14.7162227891 15.0919931738 0.39198345695 0.738505764012 1.09289914912 1.34117280748 1.57476404359 2.27538813025 2.50983970112 0.121713769869 0.110257006858 0.0891401724683 0.0890545644348 0.0939622951409 0.135920508011 0.114535307729 0.146884604882 0.328920986025 0.154183753787 0.0555714858538 0.0534894557534 0.0433545684876 0.077662000398 389.824818606 2.05384426968 0.881064388854 0.104161798512 0.0489708353466 0.029361964233 0.0972585863532 0.0637459608114
-9999.0 -9999.0 -9999.0 -9999.0 -9999.0 -9999.0 -9999.0 -9999.0 -9999.0 -9999.0 -9999.0 -9999.0 -9999.0 -9999.0 0.542566201653 1.03446252203 3.61910170324 0.466370988257 1.23529805484 1.80804930767 2.31924633183 0.552616544517 0.998702278865 1.50830217208 17.0323526904 0.358148691969 0.67002703797 0.994411277947 0.286880748771 0.559859697075 0.657942206474 0.848495276802 27.5799773719 27.8065000911 28.0076849668 28.9819837481 29.2629217803 29.9583245116 0.153743307196 0.357487433437 0.387585301809 31.7659342768 31.8590128246 0.047208092594 0.0735631323168 0.0988590343233 389.882120702 1.94726817755 0.922864916743 0.858095275043 0.72297067604 0.640653612712 0.128130554917 0.0328234645818
-9999.0 -9999.0 -9999.0 -9999.0 -9999.0 -9999.0 -9999.0 -9999.0 -9999.0 -9999.0 -9999.0 -9999.0 -9999.0 -9999.0 0.566380888456 1.69523853462 5.87065944156 8.66764801101 0.405957053767 11.1690454167 13.9786670001 0.496884737786 0.934398923322 1.43353052171 21.1241757064 21.5088703461 0.259597158417 1.52018186076 1.75596723873 1.96455184322 25.9563888597 26.3707637698 26.642858521 0.130106087042 0.713033362108 0.850427186341 0.336641162716 0.477232367155 30.602447604 31.1513817638 31.2503637017 31.3398339662 31.9378251703 0.03772551565 0.032161614154 0.157078217085 389.937201527 0.0798025192594 0.0283966449658 0.0838144588813 0.0371166488492 0.56779819082 0.491308623929 0.30016648107
-9999.0 -9999.0 -9999.0 -9999.0 -9999.0 -9999.0 -9999.0 -9999.0 -9999.0 -9999.0 -9999.0 -9999.0 -9999.0 -9999.0 -9999.0 -9999.0 1.16708568742 2.32161783562 10.1860213122 10.7276748382 14.4475254378 14.9476789725 0.488143485492 0.97734458978 2.25260774651 21.8809137471 22.4697505052 22.6776453089 0.159649259153 23.4373533778 23.8613223472 0.276006011429 0.132935450823 0.245123092666 0.478389780939 0.117109831891 0.225709623049 0.460817052607 0.570219446175 0.113511377023 0.0626742585092 0.119200126388 32.4300514082 32.5736734099 32.6002015883 32.8522716275 389.983443144 0.0514991303883 0.0142789086979 0.0189700510034 0.0186458204953 0.0196530589009 0.0166165061456 0.0293922500769
-9999.0 -9999.0 -9999.0 -9999.0 -9999.0 -9999.0 -9999.0 -9999.0 -9999.0 -9999.0 -9999.0 -9999.0 -9999.0 -9999.0 -9999.0 -9999.0 0.602191930926 0.583625429934 0.557674125258 1.07033850164 0.452297855739 15.8579944466 16.3106339892 0.449660011844 0.871270938816 0.380642337504 0.290443835069 0.276118834936 23.127294643 0.132949723486 0.284559112062 0.157908641242 0.136278612707 0.116933489972 0.0820261983083 0.0875712534433 0.275962366506 0.386375218352 0.066533395616 0.0541842278824 0.123222515171 0.219547274285 0.289697406148 0.0809619869588 32.6616605925 32.8814436563 390.018653394 0.145144065622 0.0400340565949 0.00815752113309 0.0246711341511 0.00628698728803 0.00482727596859 0.0350318213017
-9999.0 -9999.0 -9999.0 -9999.0 -9999.0 -9999.0 -9999.0 -9999.0 -9999.0 -9999.0 -9999.0 -9999.0 -9999.0 -9999.0 -9999.0 -9999.0 -9999.0 -9999.0 0.575803877332 1.57836944016 2.00145024366 2.44362885122 16.7591953521 17.2268086369 17.6668941239 18.1025162345 18.3667931608 18.929282885 19.0575234361 19.1745698851 19.2714888321 0.106124838319 0.0979144852633 0.108666686764 0.374420978402 0.10469554997 0.0989591108146 0.0676382958722 0.196590947123 0.0834202004306 0.057392559307 0.0513437728278 0.0410199516291 0.0817777918583 0.119052077187 33.1302294115 423.3299359 0.0492537042818 0.0875969122272 0.00545780704138 0.0321629808202 0.0153981468328 0.00973217841955 0.322004994947
-9999.0 -9999.0 -9999.0 -9999.0 -9999.0 -9999.0 -9999.0 -9999.0 -9999.0 -9999.0 -9999.0 -9999.0 -9999.0 -9999.0 -9999.0 -9999.0 -9999.0 -9999.0 -9999.0 0.460770152668 3.79811238467 7.25461321542 7.70194350023 0.614990569472 1.07853299123 1.50155890599 1.81169621995 4.03788330153 4.15212144783 0.1100793829 0.109761673642 19.5046349357 19.7006357625 19.7882012848 0.437217858285 0.0536035502307 0.160595639944 0.231132500575 0.689757329529 0.846360629238 0.956635545956 0.0970938194907 0.132956592437 0.045921696485 0.0923111032011 0.0487212634418 423.418030436 0.0384927900826 0.166171492273 0.0409201611106 0.0899561795188 0.301935510804 0.334857808365 0.682771476664
-9999.0 -9999.0 -9999.0 -9999.0 -9999.0 -9999.0 -9999.0 -9999.0 -9999.0 -9999.0 -9999.0 -9999.0 -9999.0 -9999.0 -9999.0 -9999.0 -9999.0 -9999.0 0.531962985 1.71917779205 3.34672816536 4.35044384091 10.7986284337 11.3401877262 0.912224169998 1.33854993494 1.6800987592 1.98140022435 4.2683071081 4.49250319568 7.70904717849 7.9480036328 8.04667569067 19.8765802243 20.5301483405 0.145586400813 0.114344702693 0.105273396121 0.199241225054 0.0875045959909 1.122782009 1.17547180446 0.17561123872 0.228216241324 0.0458952499788 110.321161106 110.427553939 533.904895343 534.135958221 0.0475818220469 0.197593945346 0.0698086372009 0.052690552181 0.769664330434
-9999.0 -9999.0 -9999.0 -9999.0 -9999.0 -9999.0 -9999.0 -9999.0 -9999.0 -9999.0 -9999.0 -9999.0 -9999.0 -9999.0 -9999.0 -9999.0 -9999.0 -9999.0 -9999.0 0.62369657906 0.603592409918 1.12031157044 2.64009957927 11.8351088696 0.47755733257 0.469511965281 0.807080780725 1.16463995181 2.69527937565 2.87834148202 0.135618744521 0.16546541402 8.19348818287 8.29235375692 28.9126661724 28.987645816 0.046064417249 0.0383300940524 0.0310779301447 0.0314732169514 0.0367948024141 109.25648977 109.62293314 109.913196914 110.021377102 110.272433007 0.060027690981 0.211845826506 0.245769711292 534.476894946 534.508520671 534.584598384 534.639829529 534.707736485
-9999.0 -9999.0 -9999.0 -9999.0 -9999.0 -9999.0 -9999.0 -9999.0 -9999.0 -9999.0 -9999.0 -9999.0 -9999.0 -9999.0 -9999.0 -9999.0 -9999.0 -9999.0 -9999.0 -9999.0 0.537140350759 0.570577746271 1.04732284504 13.8826824939 14.3553580152 0.453776478676 0.793266016013 1.16424999859 1.39143411657 0.178240746775 0.346299252351 28.8247882069 28.9279305942 29.0414498851 29.9286523972 59.0127028111 106.972485461 107.101708987 107.218165941 107.326815146 107.849547985 108.027004097 0.315263133072 0.131339050521 0.0877925034876 0.160052174399 0.10408571608 0.170693677468 0.0531459238987 1.22990514222 1.39160757909 1.5300864788 1.54353980556 534.731096471
-9999.0 -9999.0 -9999.0 -9999.0 -9999.0 -9999.0 -9999.0 -9999.0 -9999.0 -9999.0 -9999.0 -9999.0 -9999.0 -9999.0 -9999.0 -9999.0 -9999.0 -9999.0 -9999.0 -9999.0 -9999.0 0.549624641962 1.05033772443 1.55681114709 14.7748423009 0.422214787913 19.8520227609 20.2415576059 20.4124237393 20.5963917832 28.0929584178 28.305289363 0.122477348269 0.66021798298 0.799356996986 0.131411693681 47.8368023875 47.6033579322 0.0627478236708 0.156457879554 0.430322088815 0.0994367900983 0.107289862212 0.0662274978869 0.0525957160807 0.0369076018536 0.0472304881682 1.06609049469 1.11872212364 1.18834578214 0.128273990024 0.110420166977 1.60220242364 1.62498623151
-9999.0 -9999.0 -9999.0 -9999.0 -9999.0 -9999.0 -9999.0 -9999.0 -9999.0 -9999.0 -9999.0 -9999.0 -9999.0 -9999.0 -9999.0 -9999.0 -9999.0 -9999.0 -9999.0 -9999.0 -9999.0 0.490220134561 0.458856828196 2.396695616 18.1498946742 19.0621458404 19.5182096797 0.365450734483 7.05851832661 7.22726989601 7.32110052181 0.185759420091 0.330582675531 0.448881686647 10.5975220821 10.6860016239 10.7610110309 47.4660396566 30.430070448 0.0917485000104 0.0945216086142 0.0880746530004 0.0602655653539 0.655966108879 0.783672958449 0.890500887404 0.95358891447 1.01313693916 9.10767917282 9.14799859221 9.22279158279 9.37275714972 9.854162575 9.86793593281
-9999.0 -9999.0 -9999.0 -9999.0 -9999.0 -9999.0 -9999.0 -9999.0 -9999.0 -9999.0 -9999.0 -9999.0 -9999.0 -9999.0 -9999.0 -9999.0 -9999.0 -9999.0 -9999.0 -9999.0 -9999.0 -9999.0 0.961815238716 1.47871926258 0.514420537818 0.4794960482 5.88814861904 6.26575801595 6.49601018927 2.16485880299 2.30389419305 2.46239633266 2.59295319319 10.3846490704 10.5283476391 5.9959882378 16.8638182348 16.9595144652 30.3624721168 0.183373585483 0.0923439560401 0.0535180486839 0.457261692032 0.538686172145 0.0393577351137 0.0355696109257 8.91087337215 9.01597023099 9.07025081357 0.0655712727243 0.103009771084 9.79252452631 0.0399506070983 0.110359817452
-9999.0 -9999.0 -9999.0 -9999.0 -9999.0 -9999.0 -9999.0 -9999.0 -9999.0 -9999.0 -9999.0 -9999.0 -9999.0 -9999.0 -9999.0 -9999.0 -9999.0 -9999.0 -9999.0 -9999.0 -9999.0 -9999.0 0.485751096458 0.958638213545 4.01981085212 4.55424563748 5.02064971436 1.74778810473 2.0200949333 0.16828496624 7.38109319289 7.52375239929 7.66287592739 0.134952794689 5.73914272737 5.89153184284 0.0990964585304 29.8669974038 0.222750933999 0.108928136386 0.253061768736 0.345891251485 0.0599810846711 0.044086529494 8.37163196183 8.81566013656 8.88292500383 0.0673241473322 0.128219947088 0.158393932617 0.185612031947 0.378125610027 0.0396051814751 0.0917400996293
