data/baseflow/History/mHMbfrc598
ncols                  80
nrows                 72
xllcorner      4374000.0
yllcorner      5656000.0
cellsize            500
NODATA_value       -9999
[rows 24 to 47 of 72, columns 0 to 53 of 80]
-9999.0 -9999.0 -9999.0 -9999.0 -9999.0 -9999.0 -9999.0 -9999.0 -9999.0 -9999.0 -9999.0 -9999.0 0.919656587326 2.41877230633 3.11472902761 5.18055984162 0.524835709257 1.08432701995 1.57180911061 6.49977265634 6.87068842992 7.16456652716 7.46439178088 7.82028547244 11.4232085094 12.366651692 12.8741856395 0.193206961988 1.10007697878 1.27406715065 23.728248265 24.2662917506 24.5400343825 24.8280168155 24.9949110582 99.6218855079 0.145989517608 193.254138711 0.11136834086 0.0552230994607 0.986333086635 0.869591721256 0.105528797945 0.435093438898 0.68561647775 0.666516903584 0.432735124314 0.704756593296 1.10810831241 0.41108995446 1.01296081947 0.0708489992231 0.0968078421326 0.0125265292448
-9999.0 -9999.0 -9999.0 -9999.0 -9999.0 -9999.0 -9999.0 -9999.0 -9999.0 -9999.0 -9999.0 -9999.0 0.817983977852 1.61326529489 0.711731244195 1.41166683699 0.538237632826 4.5678640616 5.53576812195 6.05099079177 0.433150392827 0.826344011415 9.01411926554 10.8612630127 11.1512710275 0.635872071627 0.582034006692 0.832810435795 0.137244842601 0.115557411194 0.207930139167 0.0846391661646 14.3486972356 14.4379585307 14.4979204231 99.7626987965 193.842073848 193.285313258 0.0788841385643 0.0481359791136 0.0415008153494 0.192938012619 0.162110253745 0.520885527955 0.790350110405 1.592010567 0.132830071591 0.131064353889 1.20671384849 1.31136965271 2.50146417662 2.54311270915 2.65319992554 2.6758473349
-9999.0 -9999.0 -9999.0 -9999.0 -9999.0 -9999.0 -9999.0 -9999.0 -9999.0 -9999.0 -9999.0 -9999.0 -9999.0 0.725469327728 1.46370255991 2.22204458872 3.40304465063 0.627814428864 0.511860571396 4.04414701425 4.47190904411 8.27219881506 8.73338223915 1.23040874888 0.363386343958 0.296406427783 0.254243599628 13.704357192 13.8468303968 13.9862854973 14.0876480033 14.2648424667 1.36348333355 1.42158746838 15.9677727406 309.619866064 0.387095700505 0.285482266884 0.131494881447 0.0388610959646 0.030389937014 0.267616248798 0.285694288068 0.571332277093 0.0257879354696 1.63068191965 0.19771731581 0.191554992003 0.0229915607848 0.0126679071813 0.0103511302104 0.013495680464 0.0106148925704 2.6866895827
-9999.0 -9999.0 -9999.0 -9999.0 -9999.0 -9999.0 -9999.0 -9999.0 -9999.0 -9999.0 -9999.0 -9999.0 -9999.0 -9999.0 0.678599194724 1.35091785306 1.93579599709 2.51221639007 3.02620374702 3.57092425939 1.48902426596 2.50191093171 0.440840079758 0.399874271539 12.1574409619 12.8725686518 13.1714680275 13.5042903565 0.195566804887 0.332031914358 0.935776718761 1.12206061737 1.25438776763 0.0856195369417 0.0591747038033 309.867683643 0.0935720192137 0.116857558959 0.0642332559274 0.163397210473 0.0706111220216 0.0428390221479 0.889393502512 0.925692232155 0.0171268870769 1.65312330246 1.86952901363 0.226130110142 37.5174728638 37.4795562569 37.4554546139 37.4079753561 37.3850808899 36.9322387034
-9999.0 -9999.0 -9999.0 -9999.0 -9999.0 -9999.0 -9999.0 -9999.0 -9999.0 -9999.0 -9999.0 -9999.0 -9999.0 -9999.0 0.194317098418 0.420440791254 0.601219189429 6.28487790733 6.80753577787 0.544117130806 0.500088815491 0.501492065265 10.5285709567 11.4425392382 0.415748414029 0.421175438462 0.267275253421 1.17450220294 1.45484830685 0.618905885777 0.787919165766 7.61513091162 7.77976676381 8.08897493769 12.2337828276 322.182599128 0.117699615287 0.047806719809 0.2549933103 0.20391775577 0.0320470346866 0.111454222211 0.14498880364 0.960975906008 0.988696465835 2.90313843737 1.87785526291 0.23731925676 38.0636401193 0.195576531221 37.4358648242 37.4234019335 0.430060574092 0.0206014330059
-9999.0 -9999.0 -9999.0 -9999.0 -9999.0 -9999.0 -9999.0 -9999.0 -9999.0 -9999.0 -9999.0 -9999.0 -9999.0 -9999.0 0.973848357314 1.59847188249 3.19690197514 5.68590646667 7.37700141102 8.65590355756 9.14883187124 9.6642698721 10.1396241381 0.433678527529 0.345869502714 0.666227575661 0.580787655229 0.320753057818 6.80298340996 7.06902878138 7.30153811786 7.51894410459 3.67692240799 3.8219992193 4.04519946981 322.251564604 0.226471762117 0.195827310031 0.493485819818 0.04124761666 0.0854190433211 0.0504737660336 0.0301500566438 0.182228472403 0.0204500815908 0.0216426766724 41.0864260061 38.1713868378 38.151949083 0.0979306887354 0.18429745965 0.11001182407 0.0170620183676 0.367449131464
-9999.0 -9999.0 -9999.0 -9999.0 -9999.0 -9999.0 -9999.0 -9999.0 -9999.0 -9999.0 -9999.0 -9999.0 -9999.0 -9999.0 0.678860012071 0.652247243313 1.28778177403 1.91868019047 0.697122292142 0.743123639962 1.27488537921 1.78119903107 2.67776517483 3.11562983648 3.45224923847 4.4787331686 4.76314109195 5.1059593609 0.291431962558 2.99552873585 3.20393673791 3.39362325689 0.141975632922 0.0780176989846 0.120663164266 326.324414901 326.385333231 326.749524149 0.627771742467 0.0944540747133 0.137028787921 0.0369741037956 0.0529805215621 0.208337985985 0.247624319747 0.0383281713916 41.1862102852 0.0366151804585 0.0506006648182 0.055279484531 0.044182187318 0.0759928631189 0.0301720497817 0.277877075963
-9999.0 -9999.0 -9999.0 -9999.0 -9999.0 -9999.0 -9999.0 -9999.0 -9999.0 -9999.0 -9999.0 -9999.0 -9999.0 -9999.0 -9999.0 0.628936567551 1.22456097295 0.571681700023 1.18151921502 7.12231102046 7.58710997965 8.04813579091 0.443760422066 0.445242899839 0.779779640602 1.13299769066 1.67286811042 1.96917561351 2.19128125286 2.4472930967 0.183451646354 0.152560152198 3.64030351755 3.7452741233 3.8058604243 3.88113374316 3.10583938795 330.148821924 331.16817249 331.189680302 331.335891478 331.476912153 331.529615917 0.0167950663963 0.265376645184 41.1979090148 0.0307465700278 0.0158529032483 0.0288621642515 0.0336232591704 0.0540960282156 0.0390707060118 0.0239964360864 0.0446079528386
-9999.0 -9999.0 -9999.0 -9999.0 -9999.0 -9999.0 -9999.0 -9999.0 -9999.0 -9999.0 -9999.0 -9999.0 -9999.0 -9999.0 -9999.0 -9999.0 1.81214786333 2.3807229996 4.12741764591 5.36430690786 0.615029904959 9.24477431178 9.66966572284 10.0498041777 0.353874599136 0.683384869327 0.263822521852 2.20727005088 2.36730851963 2.64012147278 2.90877901825 3.41994540122 3.53815165723 0.0702469246891 2.79132690998 2.94740245509 3.03656859534 3.33566701009 0.339289877422 0.195287960846 0.0946429488758 0.0836712815557 331.611611658 331.618557661 331.99137783 41.2079476454 0.108093173265 0.0655946419018 0.0454613333642 0.012547054917 0.139301423535 0.0683392228322 0.0206950758855 0.120586338103
-9999.0 -9999.0 -9999.0 -9999.0 -9999.0 -9999.0 -9999.0 -9999.0 -9999.0 -9999.0 -9999.0 -9999.0 -9999.0 -9999.0 -9999.0 -9999.0 0.604851020216 2.97810598326 3.59240755708 0.643641751461 0.501165298504 1.05286499222 1.51016271236 11.9641736853 0.347136053728 1.40591319967 1.68917599587 1.96573821808 0.1900555015 0.412588771981 0.50897393625 2.2249497965 2.46302022206 2.55697100247 0.0902181039236 0.0666631295156 0.0716445735705 0.135253201427 0.0544956943878 0.0534976950766 0.0408333943454 0.0468983905945 0.0273450207912 0.109120472077 332.002936448 373.255437973 0.164608391639 0.042426366496 0.0170000155236 0.428436840332 0.400180803796 0.237046554134 0.211820225885 0.155251870522
-9999.0 -9999.0 -9999.0 -9999.0 -9999.0 -9999.0 -9999.0 -9999.0 -9999.0 -9999.0 -9999.0 -9999.0 -9999.0 -9999.0 -9999.0 0.542257415999 1.67831144421 0.539395107211 0.62533803568 0.594603174835 1.11196320182 1.6166916953 2.05336256337 14.4621120785 14.7852686697 0.339587386917 0.624846862594 0.916379104483 1.1012552618 1.30593983898 1.94434620858 2.13656470931 0.127317197244 0.0859009221121 0.0350707058037 0.031653078024 0.0632067761529 0.0776018995242 0.077428563283 0.0948128545789 0.201600023323 0.0819690631349 0.0378917190326 0.0375106059831 0.0241157912831 0.0430188625563 375.30028627 1.87721771108 0.575135925152 0.102047354605 0.0541461453807 0.0232436974389 0.065230503158 0.03887473408
-9999.0 -9999.0 -9999.0 -9999.0 -9999.0 -9999.0 -9999.0 -9999.0 -9999.0 -9999.0 -9999.0 -9999.0 -9999.0 -9999.0 0.572919144447 1.10297631793 3.83935251921 0.506623562652 1.18910852062 1.74744818973 2.22992134099 0.523856415524 0.929280480039 1.38568321205 16.5621019687 0.30694746166 0.561121995164 0.827870481901 0.239728121095 0.469198165597 0.581543301884 0.735251681102 25.6354203834 25.8173153693 25.9641853706 26.69531249 26.8165342547 27.2253425993 0.145539608546 0.310090445183 0.242117918363 28.3987638544 28.4563948354 0.0329815645747 0.0474427102862 0.0614908710021 375.30731235 1.81533753045 0.995619430923 0.915755568019 0.621672830423 0.501214568736 0.0853262302261 0.0233970064351
-9999.0 -9999.0 -9999.0 -9999.0 -9999.0 -9999.0 -9999.0 -9999.0 -9999.0 -9999.0 -9999.0 -9999.0 -9999.0 -9999.0 0.586578351524 1.77380565332 6.19257918529 9.19269526925 0.448752391913 11.8602693302 14.5627663279 0.463037659967 0.857725002215 1.30075632858 20.2460598927 20.5774597993 0.20519161398 1.24658667106 1.43501149441 1.61357178563 24.2764680946 24.6233754526 24.8237032098 0.0952495441979 0.527231034385 0.62454066258 0.211357928397 0.288039622902 27.62575666 28.0456007435 28.0940690168 28.1375364108 28.495696011 0.0195450551869 0.0168333334893 0.0928221515408 375.321966734 0.152734648217 0.125682001351 0.233831106179 0.0662766461045 0.42741790504 0.35504818744 0.220675225105
-9999.0 -9999.0 -9999.0 -9999.0 -9999.0 -9999.0 -9999.0 -9999.0 -9999.0 -9999.0 -9999.0 -9999.0 -9999.0 -9999.0 -9999.0 -9999.0 1.23422770204 2.47685955343 10.8342913198 11.4082223241 15.0617301708 15.5479224416 0.443611983103 0.88796288879 1.99640358176 20.9321038243 21.4236101928 21.58336598 0.117194954192 22.1699001575 22.5359794075 0.22636954724 0.0974308338302 0.178130623799 0.343805519861 0.0825969497394 0.152506202635 0.302490742663 0.364410374905 0.0717545706121 0.0395200795467 0.0735011558136 28.8269960062 28.9166877639 28.9292587837 29.0721972281 375.329132543 0.141652546907 0.0890286572519 0.0411383075249 0.0395786760358 0.0411784364407 0.0337138024976 0.0613315368769
-9999.0 -9999.0 -9999.0 -9999.0 -9999.0 -9999.0 -9999.0 -9999.0 -9999.0 -9999.0 -9999.0 -9999.0 -9999.0 -9999.0 -9999.0 -9999.0 0.644321860272 0.627806650677 0.597382362487 1.12298363487 0.476199291497 16.5044070767 16.9377807257 0.39874617489 0.763932479441 0.33070306462 0.232926284524 0.21940589001 21.9334863995 0.121139445347 0.254154201376 0.12515498803 0.0995155401055 0.0836828402247 0.0559109247654 0.0598580699987 0.18612465119 0.260711337414 0.0435683371533 0.0360812936332 0.0821287884842 0.146591697748 0.191998560554 0.0522942226786 28.962486701 29.0862505477 375.331856022 0.342276010818 0.126976004576 0.0208258417043 0.0554814964878 0.0164306162469 0.012044406255 0.0748813575071
-9999.0 -9999.0 -9999.0 -9999.0 -9999.0 -9999.0 -9999.0 -9999.0 -9999.0 -9999.0 -9999.0 -9999.0 -9999.0 -9999.0 -9999.0 -9999.0 -9999.0 -9999.0 0.616792370397 1.67430467758 2.13808056256 2.60738329299 17.3955557075 17.8564122791 18.2730920848 18.6528816163 18.8608342609 19.3074286897 19.4155970295 19.5249468578 19.6031749701 0.0791534201461 0.0701243493329 0.0780151799971 0.259830795511 0.0721425263689 0.0664576512258 0.0446301596551 0.128622913418 0.0559820159962 0.0381482904776 0.0341010745 0.0273621141049 0.0545606365029 0.0791373554001 29.2467006421 404.918637894 0.0708486478408 0.103482222278 0.0151152088587 0.0967032831955 0.110350115718 0.024218827163 0.33697319198
-9999.0 -9999.0 -9999.0 -9999.0 -9999.0 -9999.0 -9999.0 -9999.0 -9999.0 -9999.0 -9999.0 -9999.0 -9999.0 -9999.0 -9999.0 -9999.0 -9999.0 -9999.0 -9999.0 0.506177680451 4.05609252956 7.74753251014 8.20563828961 0.548737895801 0.946664767985 1.30995067918 1.56134338436 3.44318828619 3.53141040891 0.0848494511985 0.0811207439946 19.789115728 19.92775881 19.9886063861 0.300374807806 0.0336137852832 0.097670425572 0.141429891897 0.427370758068 0.53062309305 0.603206083991 0.0639835556147 0.0876097294353 0.0301506352563 0.0597993958513 0.0319717956648 404.948120626 0.0495363817354 0.21143583015 0.0455151325951 0.152987128065 0.605068601694 0.65485516736 1.02289074376
-9999.0 -9999.0 -9999.0 -9999.0 -9999.0 -9999.0 -9999.0 -9999.0 -9999.0 -9999.0 -9999.0 -9999.0 -9999.0 -9999.0 -9999.0 -9999.0 -9999.0 -9999.0 0.570016567476 1.82707495397 3.56326894951 4.64192065019 11.4992674533 11.994923023 0.783441894383 1.15409396016 1.43632628395 1.68560521223 3.62705080368 3.80154591363 6.47062796891 6.65088196872 6.73450661954 20.0471089449 20.4799182838 0.0898699387111 0.0694534555823 0.063247325556 0.117974107666 0.0524276214575 0.706744901198 0.74104269608 0.11515839862 0.15413965116 0.0457809789829 95.3392697069 95.405307594 500.357807557 500.605807851 0.0673996687141 0.292963189548 0.188949975422 0.0982779744398 1.16004861901
-9999.0 -9999.0 -9999.0 -9999.0 -9999.0 -9999.0 -9999.0 -9999.0 -9999.0 -9999.0 -9999.0 -9999.0 -9999.0 -9999.0 -9999.0 -9999.0 -9999.0 -9999.0 -9999.0 0.657239386517 0.633777376978 1.18838417315 2.80419791262 12.4932899434 0.408743308703 0.401181672649 0.67327452598 0.965192352192 2.2506980613 2.40468416724 0.113583836618 0.122622411896 6.83598920148 6.90215859046 27.4633608101 27.5242182283 0.0269806504047 0.0226276403252 0.0180550900126 0.0182730540392 0.022396573995 94.6617573454 94.8939238225 95.0733235938 95.1531046264 95.3078479248 0.0395314832158 0.140619017011 0.159770570756 500.801740232 500.800898954 500.789933063 500.785331156 500.793041166
-9999.0 -9999.0 -9999.0 -9999.0 -9999.0 -9999.0 -9999.0 -9999.0 -9999.0 -9999.0 -9999.0 -9999.0 -9999.0 -9999.0 -9999.0 -9999.0 -9999.0 -9999.0 -9999.0 -9999.0 0.574006394057 0.604380102613 1.11189630301 14.6503912714 15.0897797528 0.387002576266 0.659107135485 0.962710938481 1.16642114531 0.167482790475 0.303328266909 28.7456971179 28.8162368191 28.9123178419 29.5014459965 57.0742510036 93.2544527581 93.3291470828 93.3938005139 93.4547620044 93.7803911759 93.8899714557 0.207066816077 0.0866139278861 0.0576531198321 0.105172195977 0.0696894902939 0.11346761375 0.0344952720696 0.821154206607 1.04910264485 1.23391591474 1.24197278782 500.775324624
-9999.0 -9999.0 -9999.0 -9999.0 -9999.0 -9999.0 -9999.0 -9999.0 -9999.0 -9999.0 -9999.0 -9999.0 -9999.0 -9999.0 -9999.0 -9999.0 -9999.0 -9999.0 -9999.0 -9999.0 -9999.0 0.584865627719 1.11496473585 1.64844169608 15.5160890425 0.355983777811 20.5065613001 20.8201417492 20.9802465362 21.1284281605 28.1427489163 28.3055574938 0.0760282707113 0.452978283114 0.537654576692 0.0838928654766 36.1112943023 35.9643481979 0.0381397340855 0.0960975867578 0.272006586927 0.0639918892423 0.0705560211112 0.0440800215102 0.0355610877644 0.0252705003477 0.032202304044 0.714837249214 0.750257028861 0.796928692721 0.205223548893 0.15944369107 1.31516939679 1.330776625
-9999.0 -9999.0 -9999.0 -9999.0 -9999.0 -9999.0 -9999.0 -9999.0 -9999.0 -9999.0 -9999.0 -9999.0 -9999.0 -9999.0 -9999.0 -9999.0 -9999.0 -9999.0 -9999.0 -9999.0 -9999.0 0.528551593147 0.491826931333 2.55710411909 19.0360025369 19.8647927308 20.2433698379 0.28750585195 6.57954994687 6.74636900312 6.82831077841 0.145222519642 0.241272366194 0.316705764606 8.42606938569 8.48347402515 8.53037027788 35.8825117433 22.641172323 0.0560841649008 0.0608162190901 0.0565068722621 0.0392867657055 0.437874657461 0.523901559426 0.596167624417 0.638729497191 0.678958711659 6.25018008611 6.27901996705 6.32470093576 6.41489152351 6.7280101899 6.73632170188
-9999.0 -9999.0 -9999.0 -9999.0 -9999.0 -9999.0 -9999.0 -9999.0 -9999.0 -9999.0 -9999.0 -9999.0 -9999.0 -9999.0 -9999.0 -9999.0 -9999.0 -9999.0 -9999.0 -9999.0 -9999.0 -9999.0 1.0310418932 1.57415311994 0.492188473841 0.393226687858 5.66915351281 5.9652322625 6.13394769838 1.73658673794 1.85201510445 1.97636346839 2.06466671644 8.28693178358 8.38374235398 4.54104038619 13.1381916465 13.1972838081 22.6025348768 0.118858448678 0.0611500763374 0.0353679940643 0.306344314824 0.361096884369 0.0275380451177 0.0251300252483 6.11598332372 6.18869173725 6.22540130843 0.0401474219074 0.0633425998559 6.69293208755 0.0164532566224 0.0693761818206
-9999.0 -9999.0 -9999.0 -9999.0 -9999.0 -9999.0 -9999.0 -9999.0 -9999.0 -9999.0 -9999.0 -9999.0 -9999.0 -9999.0 -9999.0 -9999.0 -9999.0 -9999.0 -9999.0 -9999.0 -9999.0 -9999.0 0.516473181042 1.01971655924 4.10673720496 4.59648175716 4.97195506327 1.4060325725 1.61422288877 0.139453188243 5.92258473727 6.03468008963 6.13596527298 0.0924421779872 4.36868125825 4.47221766798 0.0644909041503 22.2865446867 0.143412806524 0.0710588974621 0.17060482999 0.2320642452 0.0403512948544 0.0299027994671 5.73946163635 6.05095936314 6.09650286436 0.0465479845825 0.0919944224669 0.11390644959 0.134798089142 0.25309519509 0.0256848157104 0.0576858742627
