data/baseflow/History/mHMbfrc253
ncols                  80
nrows                 72
xllcorner      4374000.0
yllcorner      5656000.0
cellsize            500
NODATA_value       -9999
[rows 0 to 23 of 72, columns 0 to 54 of 80]
-9999.0 -9999.0 -9999.0 -9999.0 -9999.0 -9999.0 -9999.0 -9999.0 -9999.0 -9999.0 -9999.0 -9999.0 0.896469948481 0.749967720793 -9999.0 -9999.0 -9999.0 -9999.0 -9999.0 -9999.0 -9999.0 -9999.0 -9999.0 -9999.0 -9999.0 -9999.0 -9999.0 -9999.0 -9999.0 -9999.0 -9999.0 -9999.0 -9999.0 -9999.0 -9999.0 -9999.0 -9999.0 -9999.0 -9999.0 -9999.0 -9999.0 -9999.0 -9999.0 -9999.0 -9999.0 -9999.0 -9999.0 -9999.0 -9999.0 -9999.0 -9999.0 -9999.0 -9999.0 -9999.0 -9999.0
-9999.0 -9999.0 -9999.0 -9999.0 -9999.0 -9999.0 -9999.0 -9999.0 -9999.0 -9999.0 -9999.0 -9999.0 1.81108832296 3.932193016 0.628016741949 -9999.0 0.526988268404 -9999.0 -9999.0 -9999.0 -9999.0 -9999.0 -9999.0 -9999.0 -9999.0 -9999.0 -9999.0 -9999.0 -9999.0 -9999.0 -9999.0 -9999.0 -9999.0 -9999.0 -9999.0 -9999.0 -9999.0 -9999.0 -9999.0 -9999.0 -9999.0 -9999.0 -9999.0 -9999.0 -9999.0 -9999.0 -9999.0 -9999.0 -9999.0 -9999.0 -9999.0 -9999.0 -9999.0 -9999.0 -9999.0
-9999.0 -9999.0 -9999.0 -9999.0 -9999.0 -9999.0 -9999.0 -9999.0 -9999.0 -9999.0 0.895468787624 0.856677873832 0.890135217197 0.863936856329 5.58015597806 6.21972151012 1.47296773278 0.468787391113 -9999.0 -9999.0 -9999.0 -9999.0 -9999.0 -9999.0 -9999.0 -9999.0 -9999.0 -9999.0 -9999.0 -9999.0 -9999.0 -9999.0 -9999.0 -9999.0 -9999.0 -9999.0 -9999.0 -9999.0 -9999.0 -9999.0 -9999.0 -9999.0 -9999.0 -9999.0 -9999.0 -9999.0 -9999.0 -9999.0 -9999.0 -9999.0 -9999.0 -9999.0 -9999.0 -9999.0 -9999.0
-9999.0 -9999.0 -9999.0 -9999.0 -9999.0 -9999.0 -9999.0 -9999.0 -9999.0 0.860526678274 1.7523983564 3.47409002118 1.71825021987 0.83618791528 1.65535152575 7.02130960175 9.61870513383 0.540110400484 -9999.0 0.871437031551 -9999.0 -9999.0 -9999.0 -9999.0 1.02370442804 0.520070050569 -9999.0 -9999.0 -9999.0 -9999.0 -9999.0 -9999.0 -9999.0 -9999.0 -9999.0 -9999.0 -9999.0 -9999.0 -9999.0 -9999.0 -9999.0 -9999.0 -9999.0 -9999.0 -9999.0 -9999.0 -9999.0 -9999.0 -9999.0 -9999.0 -9999.0 -9999.0 -9999.0 -9999.0 -9999.0
-9999.0 -9999.0 -9999.0 -9999.0 -9999.0 -9999.0 -9999.0 -9999.0 0.951985943238 2.71226491156 3.54488477377 4.38435123188 6.01790639923 0.807893090983 3.24487511018 4.03339197181 14.9103462605 0.658814081536 0.722366840355 1.656959883 2.41706565455 0.788050668415 -9999.0 2.68740433359 2.19805953265 0.608288153755 -9999.0 -9999.0 -9999.0 -9999.0 -9999.0 -9999.0 -9999.0 -9999.0 -9999.0 -9999.0 -9999.0 -9999.0 -9999.0 -9999.0 -9999.0 -9999.0 -9999.0 -9999.0 -9999.0 -9999.0 -9999.0 -9999.0 -9999.0 -9999.0 -9999.0 -9999.0 -9999.0 -9999.0 -9999.0
-9999.0 -9999.0 -9999.0 -9999.0 -9999.0 -9999.0 0.950683977527 0.875989651913 0.856747232816 0.867461980508 0.873134208457 6.13816476915 13.0074979459 13.8507448231 14.6268324578 0.786580001542 16.4061553139 17.1322370545 1.49205812944 0.771189789389 3.16295844268 5.48085349393 0.719868821746 4.81531964788 0.757068159953 0.720146246763 0.778994811123 -9999.0 -9999.0 -9999.0 -9999.0 -9999.0 -9999.0 -9999.0 -9999.0 -9999.0 -9999.0 -9999.0 -9999.0 -9999.0 -9999.0 -9999.0 -9999.0 -9999.0 -9999.0 -9999.0 -9999.0 -9999.0 -9999.0 -9999.0 -9999.0 -9999.0 -9999.0 -9999.0 -9999.0
-9999.0 -9999.0 -9999.0 -9999.0 -9999.0 -9999.0 1.89930309819 2.8028081415 6.34786675807 8.89008623209 0.808294900254 0.838558508631 0.805053630639 2.3614316169 17.7220926752 0.71594127709 17.853984133 20.7361973711 2.21438563341 1.47696745462 6.19168626023 0.761537631247 5.56728386106 1.45699520788 0.720197976957 1.41857239871 1.54287877625 0.801088538192 0.82202485065 0.809859544066 0.835950109407 1.67825848099 -9999.0 -9999.0 -9999.0 -9999.0 -9999.0 -9999.0 -9999.0 -9999.0 -9999.0 -9999.0 -9999.0 -9999.0 -9999.0 -9999.0 -9999.0 -9999.0 -9999.0 -9999.0 -9999.0 -9999.0 -9999.0 -9999.0 -9999.0
-9999.0 -9999.0 -9999.0 -9999.0 -9999.0 1.00470744675 1.96124973987 0.946309129033 1.84079031539 9.79533754523 11.4835567611 13.1668031778 42.1035691996 0.783835385428 18.493906551 66.6885813812 67.2972714036 89.0922628368 0.648064568407 2.18622918043 6.90792370567 0.711450875768 13.690564766 7.39085510702 4.44598457054 3.71209685632 0.750810136834 2.38215252689 2.40790896429 1.60782410732 0.783481142502 2.48369522184 0.778019191011 0.77105640236 -9999.0 -9999.0 -9999.0 -9999.0 -9999.0 -9999.0 -9999.0 -9999.0 -9999.0 -9999.0 -9999.0 -9999.0 -9999.0 -9999.0 -9999.0 -9999.0 -9999.0 -9999.0 -9999.0 -9999.0 -9999.0
-9999.0 -9999.0 -9999.0 -9999.0 -9999.0 1.01406809077 2.96291441276 5.88939627554 6.80503779059 13.5050386616 14.3857162607 17.1168312805 28.1619232216 44.4513763012 46.0345918296 46.7638645378 1.41281106723 91.6406839659 92.9638386378 96.6224743495 120.101494108 15.8660526792 14.4436063699 5.19344248165 0.73526236215 4.52453081843 3.0846505703 0.686292216087 3.14247486429 0.730366865855 1.48900179787 3.98914540861 4.74407443576 1.52070416033 0.741677811366 0.74574399379 -9999.0 -9999.0 -9999.0 -9999.0 0.548446345279 0.477450283193 -9999.0 -9999.0 -9999.0 -9999.0 -9999.0 -9999.0 -9999.0 -9999.0 -9999.0 -9999.0 -9999.0 -9999.0 -9999.0
-9999.0 -9999.0 -9999.0 -9999.0 -9999.0 0.989624654368 0.955777737642 3.92764538477 4.8524230497 5.80291644516 0.924529521124 1.83605120976 10.3505882327 1.82591922805 0.868475113277 0.811613807442 0.734549461632 0.810021442277 0.778605114186 0.79383286389 120.834574442 122.971406235 0.705070322981 2.16306723847 1.46577932281 5.22622008359 1.3784245753 0.660694872657 3.88217654943 1.44868721516 3.50031872379 8.41026132285 7.73420392103 2.24550504984 2.19630907039 0.755584787365 0.75911482666 -9999.0 -9999.0 0.769333222994 1.19354105675 2.66645529883 0.50142585595 -9999.0 -9999.0 -9999.0 -9999.0 -9999.0 -9999.0 -9999.0 -9999.0 -9999.0 -9999.0 -9999.0 -9999.0
-9999.0 -9999.0 -9999.0 -9999.0 -9999.0 -9999.0 1.02427285435 1.01373743334 1.97377886438 2.93858870468 6.70792928121 8.57247696157 9.50099448725 0.951398790593 0.798102783411 10.4079609134 12.799581615 13.5641139061 16.7186785577 17.4622749073 0.733476740662 123.702855451 127.310197571 2.8945999251 0.724317644248 5.9150188755 13.1030314283 5.18417158771 1.35807335829 0.689032899223 13.2819245526 9.1118731282 0.673223088567 0.67709626138 2.8835290544 2.2380536241 0.708858782077 0.671588627888 0.748374122688 1.50437394164 0.737098410905 3.24066251014 3.94233598411 0.651247554145 -9999.0 -9999.0 -9999.0 -9999.0 0.751720762048 0.717393492828 0.272440885023 -9999.0 -9999.0 -9999.0 -9999.0
-9999.0 -9999.0 -9999.0 -9999.0 -9999.0 -9999.0 -9999.0 1.00638733175 0.932611085139 1.90751590228 2.86373174579 0.941247499574 0.873075982927 5.39693769168 7.09901448803 8.82766474705 0.813513527076 1.6251535994 0.798345698197 18.2160543507 39.9116983004 40.4359842777 169.056597531 0.714404833301 2.11132483569 0.681636563055 13.7398842045 0.665589409668 2.05483831177 0.675862702261 13.949176334 14.6167346037 1.35136562028 1.35225893096 7.29332068518 3.68049051184 1.37522132001 0.709424478131 1.49705611308 2.24266341789 3.67666789496 0.684211280256 5.22945767625 5.83221043412 0.563342445354 0.613298527949 0.631476619217 0.574604001804 0.556262922183 2.09661767124 0.927537601574 0.629289981171 -9999.0 -9999.0 -9999.0
-9999.0 -9999.0 -9999.0 -9999.0 -9999.0 -9999.0 -9999.0 -9999.0 1.9273514707 2.8412938514 0.93666103789 1.89280538242 2.78116507517 4.57614051748 0.910517923139 0.887469655168 0.794329060036 0.805789644501 0.748805083835 20.1850556534 0.800342061821 1.5774626152 171.206253792 172.624628939 0.628485682351 3.37554480958 17.7369395074 1.32232263296 2.672008843 1.25461804785 1.85176582091 17.190742357 1.97450474132 10.5745462465 8.61841685654 0.672506414735 3.49190578542 1.42037109191 2.20510295891 0.702708214148 4.33941733512 5.64140333172 6.18000020995 6.69154022492 7.98568375137 1.09265190122 1.14737235456 1.05427579858 1.01157616438 2.634805361 0.564680481979 2.14336297324 2.70489060405 -9999.0 -9999.0
-9999.0 -9999.0 -9999.0 -9999.0 -9999.0 -9999.0 -9999.0 -9999.0 0.992905363765 4.80203861375 5.72147457466 0.922002733971 1.80905364356 0.887098685342 0.84884144325 0.834424638081 10.2601270157 13.6087617994 16.6703996227 19.6297135242 0.714690334808 0.787479783593 0.794570370367 176.011513601 177.512132109 178.098929339 23.6935713155 5.27608486058 4.61220524136 0.565685084786 2.43511261455 20.2190653059 0.596256082555 11.1740890542 0.668883288431 4.59906348573 4.21236455761 0.7023893818 2.90801555517 1.40276320349 2.09968928227 0.629153397212 0.505825958022 7.19680915452 7.67259757528 8.46027698103 1.65962852546 1.54335142353 1.49408367917 3.21941202144 4.35806523276 0.567761322198 3.28491605776 0.617634714999 1.19791861136
-9999.0 -9999.0 -9999.0 -9999.0 -9999.0 -9999.0 -9999.0 -9999.0 -9999.0 0.998149274274 6.66658994417 7.57862336994 2.70315632859 4.47139585628 6.16386340816 7.00934189288 0.851927334253 2.55578161496 1.69730978538 0.85412036605 0.84608866191 0.78702785797 1.54834258559 2.66938464766 0.855582557204 203.287849084 203.93947844 0.577145876605 0.493829338514 1.16904555537 1.75168560602 21.9606022811 1.16637228558 11.7057457167 7.16362550091 5.89603947052 0.675453600664 1.36656340923 3.56575526379 0.655049139101 2.74902588473 1.25412733848 0.925421314261 0.489937700112 9.12804735304 17.9901303533 2.03549932545 1.92702570194 1.97098395544 0.48984011474 4.84826016308 0.479495415492 4.3697698531 0.56258807017 1.76603696959
-9999.0 -9999.0 -9999.0 -9999.0 -9999.0 -9999.0 -9999.0 -9999.0 -9999.0 -9999.0 0.898997653171 9.38868971157 0.891232879952 1.77122111748 2.59607213995 4.24040104133 0.837048432939 1.70404357497 0.849114175085 0.808089218556 0.76494558713 1.51028750843 0.692731302213 0.751806746652 1.47406567937 0.810309339456 204.590230741 205.769944229 207.496873363 2.30375675039 0.608789699935 1.21320982251 22.5842613429 21.8569826194 8.45160862925 0.64191421423 2.69625384965 2.02955685143 4.22515027453 1.31190146328 5.30211993252 1.8954561593 1.49782528628 0.513772973208 0.533101869961 18.5219918543 18.9861658877 23.3513637627 3.50343157106 1.01130935401 5.37112715405 6.36296063467 11.2234466622 1.1049582784 0.533461609502
-9999.0 -9999.0 -9999.0 -9999.0 -9999.0 -9999.0 -9999.0 -9999.0 -9999.0 -9999.0 -9999.0 0.580190491522 10.6381511821 0.850721781769 1.664366546 7.5216723465 0.822778927739 0.817690508436 0.742159575339 1.58868851329 0.779894718594 3.05641479445 4.43019089754 5.06531554781 2.05917506453 2.56597137765 0.590161326128 0.735697051636 0.704352986545 211.076027194 212.87127573 23.1277611278 22.9531889527 22.4069931703 1.13504767144 0.554241376197 3.30965954704 8.77605528296 4.85449729718 1.93771144445 7.85049903765 3.73682821518 3.15132231845 1.05599069394 0.439602130119 0.392473633606 0.414394630253 25.3475636229 30.3488338848 0.499812324295 0.455977347621 0.497088702377 11.723688543 13.3253599109 0.985995404985
-9999.0 -9999.0 -9999.0 -9999.0 -9999.0 -9999.0 -9999.0 -9999.0 -9999.0 -9999.0 -9999.0 0.544298345689 11.8974671355 14.5330056056 0.818478312783 9.14816096902 0.764711191967 0.746966666955 1.51055172499 3.87752279449 0.76695590538 0.795058184038 0.686036410659 6.41392401536 7.06907922839 10.3196949212 11.518831244 12.1704640657 12.748506577 13.5341890421 227.04537666 251.371569229 275.397204992 275.82414555 0.483656932891 0.559788210253 10.0050180174 9.39550021975 0.618709537173 0.618422951207 8.47051666389 12.8181264859 0.560270911703 7.20694866402 6.63153939706 2.12325986448 0.956843451742 1.54616044555 0.545564505764 31.2703068566 0.470455711033 1.41481950654 1.8001979502 16.6006642548 18.1089701855
-9999.0 -9999.0 -9999.0 -9999.0 -9999.0 -9999.0 -9999.0 -9999.0 -9999.0 -9999.0 -9999.0 0.945268293439 1.81292470303 15.3867694278 16.9498348157 0.78006137443 10.5170223925 0.677629610663 2.10763006041 4.58737578425 1.48844845713 0.719403303366 1.4378564349 0.600537927528 1.19534078024 0.620320832255 0.602026965124 0.595543395493 0.589618492586 0.570235736451 0.548666490583 0.639510189505 0.685874611098 0.682295036765 277.519489238 11.8228497999 10.8766569596 0.412240180101 1.78749672794 0.540799962814 0.470385605117 13.3894369299 22.3708612772 7.83092465295 5.62612652552 1.24528228551 0.529452387271 0.487437903731 0.937755726257 32.6649202688 33.5221852826 0.445736954994 0.46102859593 0.497054251752 0.528371419977
-9999.0 -9999.0 -9999.0 -9999.0 -9999.0 -9999.0 -9999.0 -9999.0 -9999.0 -9999.0 -9999.0 -9999.0 0.848591245929 11.0487695593 28.8184529927 31.2573394769 42.46443269 43.0587343436 10.206243257 7.53715536849 2.2210828155 0.712206741223 2.83745676845 3.50116149831 5.32403444786 1.261429771 1.21227657427 1.21368839718 2.40584680914 1.16490827991 1.13557257141 0.59144266089 0.58833079957 0.520818531387 278.116258234 290.391959378 290.877138361 0.415152133339 4.86030289102 2.20758426008 0.612318477249 24.2439814682 1.31215221416 0.673045727213 2.85532814231 0.677971610477 0.552442279335 1.02098571171 1.42013436221 1.85047234934 34.2595679829 0.352807878313 0.316233235977 0.320245890832 0.287705373885
-9999.0 -9999.0 -9999.0 -9999.0 -9999.0 -9999.0 -9999.0 -9999.0 -9999.0 -9999.0 -9999.0 0.905061745315 8.42407342757 10.1983351516 1.65928042632 0.588177783057 1.29814226846 45.0905998634 45.6773505166 56.4619175451 0.655931492225 1.36304586137 0.616595693524 0.625641462984 5.9425720357 7.82143057804 9.61439400724 0.575768678401 2.98163064923 4.71240845236 2.83139376676 1.1475279702 1.12146509633 1.07494350995 1.03358257167 0.461603458405 291.281702618 291.609853686 297.191792503 1.05667242698 0.552060193937 24.6701537098 1.37800756466 0.701950338134 0.746144546297 0.739664153785 0.684086443901 1.27272732206 3.56532144099 5.87889389519 40.500770714 0.274040106113 0.832017414007 0.569912560419 0.518749598824
-9999.0 -9999.0 -9999.0 -9999.0 -9999.0 -9999.0 -9999.0 -9999.0 -9999.0 -9999.0 -9999.0 0.924159982208 5.78526232062 0.904338744964 0.818116206266 4.22134441693 4.96935981783 5.71844479152 6.42772675851 76.2303072258 76.8735736454 78.1673158925 87.6842164892 89.6220554963 90.79952507 91.4307494272 102.710254035 104.436321642 105.031704254 110.376534142 113.818643243 114.376805326 116.64233495 1.61134646853 1.58038661557 0.431999703438 0.375351557286 291.992036029 299.039246617 1.50191279691 28.1902785602 27.7042780842 2.62700280092 0.638536263804 0.655556916413 0.639364522769 0.631500296769 1.26831340993 1.83284733208 0.52890696359 40.8433374149 41.2057263799 42.9256965007 43.2323133022 44.0415395983
-9999.0 -9999.0 -9999.0 -9999.0 -9999.0 -9999.0 -9999.0 -9999.0 -9999.0 -9999.0 -9999.0 2.96323824459 3.91736687851 1.82457013131 2.68266496386 0.848316529525 9.60430830724 10.3706104933 11.8876155316 12.6314258232 5.11919160822 84.3845888986 85.0742162002 0.674111532398 0.5482638792 0.562530378353 1.15767936476 0.622667945794 0.585556822114 0.572696417578 0.55439121719 114.987116774 117.23583769 119.345935999 121.378363724 122.813619833 0.680256110103 0.225571959747 328.404109064 29.0372564303 28.6977676411 0.566371899269 0.520067773748 0.490049804176 1.16727013023 1.14955108621 0.544976656892 0.547267014582 0.515107888145 1.03686529305 1.36476478573 0.252398961937 0.472980735476 0.20404649279 0.202772992807
-9999.0 -9999.0 -9999.0 -9999.0 -9999.0 -9999.0 -9999.0 -9999.0 -9999.0 -9999.0 -9999.0 -9999.0 1.99699430432 0.937864678808 0.868843135455 8.07082679133 8.85773293618 0.787732415574 3.05217779565 3.7866719622 4.48399094964 0.752915791559 0.599800241087 12.8935523929 13.4043779789 13.9156089634 35.715912919 36.2004633602 37.2570604057 41.163438954 44.1442958238 44.6441949778 0.545375286144 0.560578658664 0.484282698752 123.325428668 0.246099213828 333.320315883 332.900049872 4.17098879051 3.75056652913 2.17505569484 0.550590066444 0.970403948922 1.66470209426 1.64978018504 1.06449297603 0.529738380138 1.03789918005 1.03041431977 1.82633889717 0.396262897767 0.87790639133 1.39632005972 1.83625629707
