data/baseflow/History/mHMbfrc342
ncols                  80
nrows                 72
xllcorner      4374000.0
yllcorner      5656000.0
cellsize            500
NODATA_value       -9999
[rows 0 to 23 of 72, columns 0 to 54 of 80]
-9999.0 -9999.0 -9999.0 -9999.0 -9999.0 -9999.0 -9999.0 -9999.0 -9999.0 -9999.0 -9999.0 -9999.0 1.09572576289 0.920946341163 -9999.0 -9999.0 -9999.0 -9999.0 -9999.0 -9999.0 -9999.0 -9999.0 -9999.0 -9999.0 -9999.0 -9999.0 -9999.0 -9999.0 -9999.0 -9999.0 -9999.0 -9999.0 -9999.0 -9999.0 -9999.0 -9999.0 -9999.0 -9999.0 -9999.0 -9999.0 -9999.0 -9999.0 -9999.0 -9999.0 -9999.0 -9999.0 -9999.0 -9999.0 -9999.0 -9999.0 -9999.0 -9999.0 -9999.0 -9999.0 -9999.0
-9999.0 -9999.0 -9999.0 -9999.0 -9999.0 -9999.0 -9999.0 -9999.0 -9999.0 -9999.0 -9999.0 -9999.0 2.10066635947 4.68028296614 0.756937082427 -9999.0 0.635382332459 -9999.0 -9999.0 -9999.0 -9999.0 -9999.0 -9999.0 -9999.0 -9999.0 -9999.0 -9999.0 -9999.0 -9999.0 -9999.0 -9999.0 -9999.0 -9999.0 -9999.0 -9999.0 -9999.0 -9999.0 -9999.0 -9999.0 -9999.0 -9999.0 -9999.0 -9999.0 -9999.0 -9999.0 -9999.0 -9999.0 -9999.0 -9999.0 -9999.0 -9999.0 -9999.0 -9999.0 -9999.0 -9999.0
-9999.0 -9999.0 -9999.0 -9999.0 -9999.0 -9999.0 -9999.0 -9999.0 -9999.0 -9999.0 0.978753320647 0.948211832398 0.980047690066 0.953812068083 6.50930032661 7.29692678422 1.81147392626 0.584815648894 -9999.0 -9999.0 -9999.0 -9999.0 -9999.0 -9999.0 -9999.0 -9999.0 -9999.0 -9999.0 -9999.0 -9999.0 -9999.0 -9999.0 -9999.0 -9999.0 -9999.0 -9999.0 -9999.0 -9999.0 -9999.0 -9999.0 -9999.0 -9999.0 -9999.0 -9999.0 -9999.0 -9999.0 -9999.0 -9999.0 -9999.0 -9999.0 -9999.0 -9999.0 -9999.0 -9999.0 -9999.0
-9999.0 -9999.0 -9999.0 -9999.0 -9999.0 -9999.0 -9999.0 -9999.0 -9999.0 0.951667218047 1.92909916249 3.82795670182 1.90374796796 0.931155957378 1.83636113562 8.19595095497 11.3679800972 0.651143598872 -9999.0 0.958841681607 -9999.0 -9999.0 -9999.0 -9999.0 1.24930623744 0.632125376936 -9999.0 -9999.0 -9999.0 -9999.0 -9999.0 -9999.0 -9999.0 -9999.0 -9999.0 -9999.0 -9999.0 -9999.0 -9999.0 -9999.0 -9999.0 -9999.0 -9999.0 -9999.0 -9999.0 -9999.0 -9999.0 -9999.0 -9999.0 -9999.0 -9999.0 -9999.0 -9999.0 -9999.0 -9999.0
-9999.0 -9999.0 -9999.0 -9999.0 -9999.0 -9999.0 -9999.0 -9999.0 1.0243821045 2.95344147576 3.8744575443 4.80412734974 6.63775592047 0.889961703708 3.56912007289 4.43894495719 17.3478065954 0.80982684096 0.836166336408 1.83288616762 2.6820745344 0.874786449603 -9999.0 3.26650223013 2.67030174466 0.736730814091 -9999.0 -9999.0 -9999.0 -9999.0 -9999.0 -9999.0 -9999.0 -9999.0 -9999.0 -9999.0 -9999.0 -9999.0 -9999.0 -9999.0 -9999.0 -9999.0 -9999.0 -9999.0 -9999.0 -9999.0 -9999.0 -9999.0 -9999.0 -9999.0 -9999.0 -9999.0 -9999.0 -9999.0 -9999.0
-9999.0 -9999.0 -9999.0 -9999.0 -9999.0 -9999.0 1.03313886222 0.966799498096 0.939866124995 0.949106945164 0.956973029962 6.72593711034 14.2928872337 15.2154716638 15.9799581981 0.708445260119 18.9081599563 19.7406534982 1.70355262618 0.859743224006 3.51740313412 6.09376075554 0.879911178193 5.8493539835 0.886219654694 0.889474605533 0.915550599606 -9999.0 -9999.0 -9999.0 -9999.0 -9999.0 -9999.0 -9999.0 -9999.0 -9999.0 -9999.0 -9999.0 -9999.0 -9999.0 -9999.0 -9999.0 -9999.0 -9999.0 -9999.0 -9999.0 -9999.0 -9999.0 -9999.0 -9999.0 -9999.0 -9999.0 -9999.0 -9999.0 -9999.0
-9999.0 -9999.0 -9999.0 -9999.0 -9999.0 -9999.0 2.04731032011 3.02374635883 6.876009277 9.6645646356 0.888211643181 0.911969897912 0.879181354124 2.59231153149 19.3796993722 0.741389638055 20.5600151229 23.7476651144 2.5079789254 1.64665879441 6.89187386117 0.84611305301 6.69425531477 1.69289623959 0.845576244588 1.71535362442 1.80585355735 0.914394110694 0.935069332935 0.926575250719 0.942850118049 1.89402350619 -9999.0 -9999.0 -9999.0 -9999.0 -9999.0 -9999.0 -9999.0 -9999.0 -9999.0 -9999.0 -9999.0 -9999.0 -9999.0 -9999.0 -9999.0 -9999.0 -9999.0 -9999.0 -9999.0 -9999.0 -9999.0 -9999.0 -9999.0
-9999.0 -9999.0 -9999.0 -9999.0 -9999.0 1.05899466364 2.07861688843 1.00722230534 1.97636453803 10.6421553618 12.4820743515 14.3146845797 44.9468779326 0.859920808244 20.2320432968 71.7292849757 72.3395014722 97.1642817255 0.680532093979 2.44167346166 7.69553455886 0.798578527427 16.1353707601 8.61413536474 5.24878778082 4.39376550451 0.884570087858 2.72809755303 2.75293902953 1.83948029011 0.900711737073 2.81556625331 0.89823602089 0.89427830548 -9999.0 -9999.0 -9999.0 -9999.0 -9999.0 -9999.0 -9999.0 -9999.0 -9999.0 -9999.0 -9999.0 -9999.0 -9999.0 -9999.0 -9999.0 -9999.0 -9999.0 -9999.0 -9999.0 -9999.0 -9999.0
-9999.0 -9999.0 -9999.0 -9999.0 -9999.0 1.05884656244 3.11006532422 6.20676013993 7.18419728177 14.2702388707 15.2164598519 18.1307290133 29.7668716247 47.4448940712 49.1657661086 49.9689088763 1.52298883838 99.8824506395 101.278166512 105.276821091 132.364089267 18.5784517835 16.9780248964 6.08743117533 0.83426959879 5.23738070775 3.55677012891 0.812348696409 3.59702859211 0.828603093603 1.70545024008 4.55553946549 5.42381640916 1.76018306062 0.857867220941 0.862416978976 -9999.0 -9999.0 -9999.0 -9999.0 0.631621739938 0.55127454018 -9999.0 -9999.0 -9999.0 -9999.0 -9999.0 -9999.0 -9999.0 -9999.0 -9999.0 -9999.0 -9999.0 -9999.0 -9999.0
-9999.0 -9999.0 -9999.0 -9999.0 -9999.0 1.03865427829 1.01060925524 4.13179418299 5.11653541645 6.12408455094 0.983433102431 1.95588908374 10.9618332095 2.01113396898 0.939843111923 0.890622904444 0.816686599356 0.897051942941 0.870826558786 0.868580936949 133.208050335 135.613629622 0.798271918085 2.45388768948 1.66345584304 6.0532777983 1.63106523201 0.794426576616 4.44849789086 1.62428492179 3.90446315349 9.62067237202 8.8886095827 2.60746474249 2.55668414828 0.866804809847 0.862034739549 -9999.0 -9999.0 0.865782864777 1.39401382463 3.08895297317 0.573131329554 -9999.0 -9999.0 -9999.0 -9999.0 -9999.0 -9999.0 -9999.0 -9999.0 -9999.0 -9999.0 -9999.0 -9999.0
-9999.0 -9999.0 -9999.0 -9999.0 -9999.0 -9999.0 1.06469702063 1.06002197119 2.07299385356 3.0903231691 7.04644494473 9.03547456802 10.0414838438 1.08297423646 0.88348870622 11.3272747605 13.9645574746 14.8151673745 18.2970810153 19.1235411435 0.819746739234 136.436594423 140.405713531 3.15872407549 0.507546312704 6.78293956775 15.1718504294 6.00961083154 1.58314545146 0.796793853012 15.0807479625 10.4248316787 0.785522291291 0.792988963486 3.35878961458 2.54844052737 0.818881042341 0.802562469191 0.838446565376 1.69235371727 0.81623495234 3.75009573209 4.52933078183 0.746038206912 -9999.0 -9999.0 -9999.0 -9999.0 0.799117490012 0.772090983221 0.241350396142 -9999.0 -9999.0 -9999.0 -9999.0
-9999.0 -9999.0 -9999.0 -9999.0 -9999.0 -9999.0 -9999.0 1.05458718262 0.945436238285 1.96966527919 2.98353708852 1.00229829358 0.960775158254 5.8416406649 7.6953527646 9.57633645262 0.894323866476 1.78525323503 0.876401009708 19.9601533047 44.0953686419 44.7243884311 186.67537659 0.798597056311 1.56806559087 0.499172311931 15.9368696336 0.777382724085 2.38957580725 0.78811541889 15.8584202728 16.6342274116 1.57455943069 1.57678492837 8.38070318421 4.19736918678 1.62663993364 0.827295048219 1.6786651088 2.52262157309 4.12318285748 0.777846795179 5.98495105822 6.64399270304 0.603681067419 0.639926405529 0.654150276905 0.609916333751 0.580967739651 2.25002895521 0.922912231368 0.609800252418 -9999.0 -9999.0 -9999.0
-9999.0 -9999.0 -9999.0 -9999.0 -9999.0 -9999.0 -9999.0 -9999.0 2.01638038765 2.92859679508 0.998114001471 2.01141289848 2.97926621794 4.93643209444 0.988367170972 0.964582109778 0.87766515607 0.888247337517 0.835137200541 22.4501515786 0.886578814262 1.75321219432 189.114740683 190.853440603 0.870778679529 3.2921442743 19.9815040924 1.53493300105 3.11371068251 1.48281570745 2.19513808151 19.6515713652 2.3039859948 12.2052512985 9.90953959071 0.775683817264 4.03505798401 1.62389601515 2.46678482666 0.787162216113 4.87928806154 6.35675694756 6.93880017843 7.49801203767 8.92659806651 1.15131346698 1.19299519038 1.11766689155 1.05518826733 2.82825304983 0.613462306444 2.16090078564 2.74150635559 -9999.0 -9999.0
-9999.0 -9999.0 -9999.0 -9999.0 -9999.0 -9999.0 -9999.0 -9999.0 1.03821359922 4.98311874274 5.96734898664 0.986414729018 1.9497794263 0.963489139995 0.928539720961 0.915789403001 11.2237931447 14.916113065 18.3721978765 21.7808329904 0.869448389228 0.875639716957 0.915914772518 194.748112708 196.606019471 197.452175175 27.0510910463 6.17850040077 5.38896624116 0.699079680286 2.89205017535 23.2515775259 0.708976427987 12.9205073635 0.763490610427 5.21708652147 4.83980050211 0.789271181335 3.24943133475 1.56746161193 2.33094220286 0.703302478234 0.550636042119 8.05187140256 8.56084456377 9.4343296072 1.72874671318 1.63349927792 1.56250522392 3.46915528242 4.70353265863 0.615339040411 3.33886930914 0.628241544523 1.20705499719
-9999.0 -9999.0 -9999.0 -9999.0 -9999.0 -9999.0 -9999.0 -9999.0 -9999.0 1.04012010932 6.97095063603 7.94966829435 2.91933912526 4.84510100418 6.70184162616 7.63135184189 0.937885461805 2.81059568201 1.8703467718 0.942407592021 0.943578961086 0.885734433465 1.77439303138 3.02846780235 1.06258170577 226.396002088 227.27990546 0.823122734148 0.651363154105 1.41169972428 2.10955102119 25.3358581784 1.39189581141 13.5729589263 8.07481736215 6.626584087 0.760137118341 1.5391343105 3.98232945354 0.729732694014 3.04174251223 1.40168913326 0.959420267991 0.397968516453 9.84116425797 19.7048946272 2.11939107256 2.03423907839 2.07850309396 0.533173981953 5.23004657742 0.516488697567 4.48568968116 0.573161209798 1.7800296963
-9999.0 -9999.0 -9999.0 -9999.0 -9999.0 -9999.0 -9999.0 -9999.0 -9999.0 -9999.0 0.970255297665 9.90608619652 0.96895962135 1.93489830601 2.84668462454 4.65863302298 0.916068492681 1.87351906802 0.932510102921 0.903118645043 0.870985187929 1.72828851249 0.804702263744 0.892706409006 1.83358771147 1.01314458923 228.148048319 229.805902055 232.1883583 2.81744614323 0.70991389174 1.41467018629 26.0548479515 25.1377617621 9.54634141979 0.732223418277 3.03928807514 2.2876902562 4.71700445835 1.46167236741 5.86786979866 2.10694939172 1.56139514924 0.272470389326 0.422371137229 20.2351933269 20.7082556074 25.2857762103 3.73595972854 1.09584192335 5.79005678444 6.85439943292 11.850008489 1.12788201896 0.536174027656
-9999.0 -9999.0 -9999.0 -9999.0 -9999.0 -9999.0 -9999.0 -9999.0 -9999.0 -9999.0 -9999.0 0.522072914803 11.0403536185 0.940854027957 1.83988893807 8.29543907136 0.919097038609 0.916239928992 0.861918789292 1.79555312345 0.886114111608 3.49573560149 5.11155453779 5.87845650902 2.57770990196 3.31656577961 0.841839763234 0.986030812132 0.912006642417 236.585106978 238.701820104 26.7062142202 26.4405784646 25.7930509537 1.34445389261 0.66002106893 3.7350789498 9.84817527791 5.41867057439 2.16036355371 8.70162822747 3.21348240957 2.56228593804 0.554861591701 0.231191904779 0.228474108262 0.295820549134 26.6617222708 31.9215186542 0.533451165607 0.492507457081 0.526856345731 12.3649116318 13.9937655834 0.982977513842
-9999.0 -9999.0 -9999.0 -9999.0 -9999.0 -9999.0 -9999.0 -9999.0 -9999.0 -9999.0 -9999.0 0.489533899157 12.2375896128 15.0973522846 0.904235584036 10.0974524731 0.871928836313 0.855098581009 1.72989817682 4.40196714219 0.870899368205 0.895180600866 0.802955046625 7.47293529026 8.24977466439 12.3791735961 13.9611949441 14.7545842766 15.5628366512 16.4798666242 256.012188016 284.127879894 311.900616057 312.490601453 0.632748177558 0.664534381689 11.2420314632 10.5504934481 0.690625249497 0.685156666919 9.35318554656 13.2419380089 0.588238507564 5.61534816334 5.13613792203 1.11825732841 0.57362732929 0.94294985212 0.518157389424 32.8240673285 0.450993298773 1.45377880496 1.82791964467 16.9857818597 18.2301516424
-9999.0 -9999.0 -9999.0 -9999.0 -9999.0 -9999.0 -9999.0 -9999.0 -9999.0 -9999.0 -9999.0 1.00468660466 1.94714615209 16.0290004906 17.7708864513 0.87539457567 11.7198146368 0.779293016052 2.41541563877 5.21344564747 1.69784584466 0.825021246599 1.67100868625 0.737025306648 1.45325062493 0.732468989472 0.685260093724 0.56518585294 0.502591468787 0.479106030595 0.483467851733 0.657656061798 0.793161871192 0.880701705089 314.676667764 13.6269340472 12.4050640906 0.556497810093 2.00232803332 0.52462577107 0.441769031371 13.8780347599 21.4040896517 6.29198886465 4.61909513433 0.633826960167 0.272063368147 0.25287730485 0.684684861085 33.9707713777 34.8320797547 0.445077424102 0.453278399783 0.41395157468 0.278362228099
-9999.0 -9999.0 -9999.0 -9999.0 -9999.0 -9999.0 -9999.0 -9999.0 -9999.0 -9999.0 -9999.0 -9999.0 0.924751161397 11.8592077251 30.5290471197 33.2248141798 45.7825936943 46.525717457 11.6949164936 8.57420314912 2.53552825528 0.81822572022 3.28872579724 4.07504563686 6.26926682419 1.48832017776 1.4135893286 1.30220337066 2.52636926827 1.19234487808 1.16877460686 0.5784179993 0.339240476975 0.446561890886 315.388638636 329.512884279 330.138807817 0.562464121894 5.42825902205 2.2917551192 0.671675663907 23.4381482286 1.40648942098 0.717818311116 2.90280455627 0.608656612636 0.515183809859 0.957331446632 1.36096539242 1.79876678297 35.5867439591 0.361483328447 0.324726291879 0.327273354338 0.265685931569
-9999.0 -9999.0 -9999.0 -9999.0 -9999.0 -9999.0 -9999.0 -9999.0 -9999.0 -9999.0 -9999.0 0.971045768033 9.00328780461 10.9349649432 1.82313374262 0.566119464799 1.3043428623 48.6623289147 49.4085342778 61.8242858599 0.757096978103 1.56980707031 0.721423111265 0.731669229875 6.99207333986 9.20207779583 11.3141312268 0.687056217044 3.21859093495 5.0916007501 3.05719069921 1.23764412497 0.89982007264 0.829886324396 0.841403809663 0.49090040392 330.666674334 331.122251238 337.47936898 1.17375844687 0.614090874769 23.9307467638 1.49049172692 0.757051214865 0.786868345718 0.780818621374 0.728159336191 1.26774630752 3.70533823882 5.97614301913 41.9361778368 0.288948436642 0.866014942738 0.587018650785 0.503262216199
-9999.0 -9999.0 -9999.0 -9999.0 -9999.0 -9999.0 -9999.0 -9999.0 -9999.0 -9999.0 -9999.0 0.9872952019 6.1447567547 0.980235448501 0.903320714544 4.53902445776 5.36265134639 6.19896469438 7.00139047283 83.4064712947 84.1036780475 85.5660275548 96.0537766265 98.1565873426 99.3513824137 100.092450691 112.792382267 114.466645564 115.161663892 120.969186663 124.746011754 125.413078585 127.49024134 1.45694058054 1.28786585577 0.311270453944 0.345516482185 331.613834825 339.63308423 1.71021788357 27.8375770659 27.2694228191 2.87541422901 0.704321029964 0.716707364604 0.702516656848 0.685532960622 1.37545371567 1.96797836159 0.557345540623 42.2924383408 42.6654467763 44.4443513388 44.7592908168 45.5578458822
-9999.0 -9999.0 -9999.0 -9999.0 -9999.0 -9999.0 -9999.0 -9999.0 -9999.0 -9999.0 -9999.0 3.13088612289 4.14810974341 1.96791514159 2.91301452376 0.936351831185 10.5289286475 11.3871399937 13.087302785 13.7684034219 5.64617441922 92.3318815566 93.0142885693 0.62104346796 0.455934373578 0.370286785675 0.875548684829 0.438880210963 0.330384000285 0.319930928606 0.39303524376 125.960689828 128.076796793 130.148553829 131.985294204 133.299544021 0.587034881938 0.240529784258 368.917043168 28.8536507781 28.4290771038 0.631283625407 0.604600403241 0.572692560935 1.31044550329 1.29621295051 0.612038032092 0.614228305388 0.566827714611 1.11677426537 1.48176475664 0.274026728032 0.506200257547 0.207128937114 0.12016502951
-9999.0 -9999.0 -9999.0 -9999.0 -9999.0 -9999.0 -9999.0 -9999.0 -9999.0 -9999.0 -9999.0 -9999.0 2.11139517045 1.00298777296 0.952799415014 8.8193734633 9.69044151339 0.879406373177 3.46454576709 4.27245215765 4.98618773848 0.783289420857 0.639394928906 13.9706211481 14.5233930004 15.0435335844 39.3098432882 39.704416107 40.3320232585 43.629725048 45.487608891 45.7819482473 0.293140629096 0.304008914319 0.351230599914 133.983628439 0.317154038117 374.331157818 373.81949596 4.49687909984 3.99682055826 2.45295850075 0.621312232203 1.13879522115 1.8942665206 1.88184023626 1.2009284655 0.595466700855 1.15388836767 1.13298557662 1.98673031456 0.350032059936 0.850238671666 1.38472673764 1.63909455563
