data/baseflow/History/mHMbfrc523
ncols                  80
nrows                 72
xllcorner      4374000.0
yllcorner      5656000.0
cellsize            500
NODATA_value       -9999
[rows 24 to 47 of 72, columns 0 to 53 of 80]
-9999.0 -9999.0 -9999.0 -9999.0 -9999.0 -9999.0 -9999.0 -9999.0 -9999.0 -9999.0 -9999.0 -9999.0 0.72687890497 1.94644292874 2.50825196767 4.18698262416 0.461020328601 0.942328934527 1.36557768343 5.41258193704 5.6935477406 5.83192737424 6.08730935194 6.41138466684 10.1183578946 11.0327890683 11.425090231 0.102681257898 0.912859092257 0.992840125431 20.0839680003 20.3431162369 20.4557482145 20.5712078303 20.6815817284 84.5342676958 0.171037854152 177.142345984 0.124375504118 0.0424739041608 1.11764062842 1.01995687146 0.114978578695 0.562958944837 0.860614483133 0.844269019078 0.562606539696 0.91357008112 1.43257707551 0.525375480669 1.31307176033 0.0885817690549 0.120511831886 0.0107791191997
-9999.0 -9999.0 -9999.0 -9999.0 -9999.0 -9999.0 -9999.0 -9999.0 -9999.0 -9999.0 -9999.0 -9999.0 0.665143464032 1.30761663563 0.562444681154 1.12845442371 0.453700840179 3.72407633762 4.57659915759 5.01736407153 0.380626679709 0.693016513588 7.96823311323 9.59115026488 9.85328805275 0.617045320813 0.596447262279 0.788803019934 0.0635678327308 0.0540165780887 0.0985998300246 0.0665563440201 13.4807576288 13.5724892814 13.6470651783 84.7294230998 178.002087172 177.194654316 0.0581701108155 0.0288962326652 0.0253003882685 0.166425812078 0.145802879134 0.622577189323 0.983248801315 1.99988027466 0.171564044007 0.169895826029 1.55320586496 1.67659658314 3.21700692797 3.27510261673 3.40748879936 3.42773675351
-9999.0 -9999.0 -9999.0 -9999.0 -9999.0 -9999.0 -9999.0 -9999.0 -9999.0 -9999.0 -9999.0 -9999.0 -9999.0 0.579018753618 1.16279893025 1.76124180859 2.74189933791 0.531283892498 0.450575663175 3.71015160782 4.09480013362 7.3998258366 7.78546898218 1.05220894746 0.34160695912 0.303727251242 0.276225457627 13.0286688589 13.1515963363 13.2303458425 13.2814056923 13.4052830686 1.22940196629 1.32704949066 15.0980229545 277.937510161 0.516102414677 0.344060544976 0.114561391675 0.0368676637436 0.023137781914 0.215238836954 0.22994174138 0.659568491551 0.0185035709 2.03264619695 0.243080293222 0.234846661152 0.0189527015625 0.0111066261247 0.00952366692603 0.0220697719187 0.00962422434141 3.43775054928
-9999.0 -9999.0 -9999.0 -9999.0 -9999.0 -9999.0 -9999.0 -9999.0 -9999.0 -9999.0 -9999.0 -9999.0 -9999.0 -9999.0 0.55485532699 1.19455202844 1.77290663359 2.35701150463 2.81209574423 3.28730318008 1.33841758299 2.20953529289 0.374328823375 0.351815002058 11.5014829001 12.1796215963 12.4851316291 12.8104880258 0.203659261673 0.335915917974 0.930216331545 1.02118463018 1.1122482776 0.124742182849 0.107409406199 278.37910301 0.17227357859 0.171969490153 0.0990029055689 0.215326094484 0.0902964945393 0.0680011573776 0.932186930305 0.989505698306 0.0274990262341 2.06953977054 2.32820161068 0.25493015687 43.2732592175 43.241033783 43.215899726 43.1401187023 43.0954058339 42.593174773
-9999.0 -9999.0 -9999.0 -9999.0 -9999.0 -9999.0 -9999.0 -9999.0 -9999.0 -9999.0 -9999.0 -9999.0 -9999.0 -9999.0 0.191338409588 0.412458294087 0.598932506099 6.13884822372 6.60775593918 0.482626704893 0.453236951337 0.438368156011 10.0254156001 10.8249357859 0.373670036108 0.380035736854 0.27847840054 1.16373426503 1.44265926511 0.622799851714 0.765983226035 7.16937285147 7.33217082781 7.70752612602 11.7314411929 290.242456113 0.192298809917 0.0763143322517 0.3701331595 0.293145459312 0.0465226499027 0.166515057893 0.215693016748 1.04328675393 1.08781542719 3.48979116757 2.34255583388 0.276422813961 44.1043868345 0.353922722122 43.1906337068 43.1673407754 0.467192708527 0.0330567261296
-9999.0 -9999.0 -9999.0 -9999.0 -9999.0 -9999.0 -9999.0 -9999.0 -9999.0 -9999.0 -9999.0 -9999.0 -9999.0 -9999.0 0.946117516066 1.56195230951 3.13497351877 5.56735301154 7.18506262862 8.3413985037 8.78617108858 9.24301112933 9.6647933982 0.384412515815 0.335233485136 0.646024648252 0.581520800874 0.306302587778 6.34698035609 6.61641670707 6.86018743145 7.08599817712 3.50195132723 3.60638154413 3.87068050981 290.360154602 0.340019396036 0.288564429962 0.714570687007 0.0737040696485 0.124277061008 0.0721652632904 0.0448814706345 0.271546863468 0.0334039821556 0.0352851087681 47.8173278483 44.2998073365 44.2613883556 0.169135017439 0.327036847164 0.194692459389 0.0312810551696 0.376978391451
-9999.0 -9999.0 -9999.0 -9999.0 -9999.0 -9999.0 -9999.0 -9999.0 -9999.0 -9999.0 -9999.0 -9999.0 -9999.0 -9999.0 0.661319740124 0.635660597958 1.2568079431 1.87320943287 0.594268387952 0.556039603326 1.02050065906 1.47104432988 2.27349476189 2.67228368264 3.01581575831 4.02275447044 4.32489514529 4.65116307597 0.27795834285 2.95655557858 3.16087684372 3.30105972758 0.0723356425095 0.0268782717545 0.0676373982533 294.281620417 294.393489929 294.955062227 0.930625751061 0.154146514086 0.22445202647 0.055176954722 0.0795707030507 0.310909009671 0.374151089121 0.0626951676579 47.9909428027 0.0630707808708 0.0934229412688 0.103032649746 0.0811221948705 0.131434608211 0.0516103679534 0.289442494246
-9999.0 -9999.0 -9999.0 -9999.0 -9999.0 -9999.0 -9999.0 -9999.0 -9999.0 -9999.0 -9999.0 -9999.0 -9999.0 -9999.0 -9999.0 0.610581551245 1.1905062678 0.557819473069 1.16718656602 7.05067348259 7.51736876413 7.94900296332 0.402086165316 0.403041093367 0.742601513257 1.08908072867 1.66859667273 1.96637660464 2.15052572543 2.41295736936 0.198523345664 0.150977792434 3.52149268215 3.55471349243 3.6327895173 3.73172345415 3.12277808171 298.481582374 299.987788752 300.06190914 300.350548947 300.636540357 300.75670321 0.0301689387853 0.403737998527 48.0205632496 0.0650013884704 0.0335756338051 0.0491211464847 0.0514411759711 0.0837517650161 0.0623516751385 0.0374013370711 0.0645874818692
-9999.0 -9999.0 -9999.0 -9999.0 -9999.0 -9999.0 -9999.0 -9999.0 -9999.0 -9999.0 -9999.0 -9999.0 -9999.0 -9999.0 -9999.0 -9999.0 1.76370680352 2.32758713674 4.06481649654 5.29104949573 0.622833425278 9.07950579149 9.47393442956 9.84439659225 0.358843170054 0.700414385319 0.292558818413 2.30664722552 2.46158593713 2.71534715733 2.95605321751 3.4297034054 3.4789941076 0.0356862510901 2.71084247747 2.91523068925 3.02814741714 3.4116766276 0.471460938055 0.28963668191 0.157280811487 0.136135348201 300.929039317 300.995828651 301.685037453 48.0485470301 0.197290180301 0.109231081185 0.0758162997787 0.0204319203286 0.217757947248 0.107058098845 0.0322538000073 0.17877339193
-9999.0 -9999.0 -9999.0 -9999.0 -9999.0 -9999.0 -9999.0 -9999.0 -9999.0 -9999.0 -9999.0 -9999.0 -9999.0 -9999.0 -9999.0 -9999.0 0.593855838005 2.91526404686 3.52715169512 0.638217268371 0.457035180547 0.928087347143 1.33242307029 11.5650447998 0.356087375076 1.43311897639 1.74180419172 2.04352464149 0.172024701369 0.397944273616 0.475919860901 2.18970930859 2.37163500976 2.47048480095 0.105768329885 0.091023786731 0.0941434680232 0.171607784977 0.0693561818222 0.0726586876098 0.107814537965 0.0825801124868 0.096738663842 0.246905362482 301.748829394 349.932428621 0.268256496314 0.0823937073507 0.0261149409258 0.657296018357 0.611445264152 0.356298929469 0.316897369047 0.230254154155
-9999.0 -9999.0 -9999.0 -9999.0 -9999.0 -9999.0 -9999.0 -9999.0 -9999.0 -9999.0 -9999.0 -9999.0 -9999.0 -9999.0 -9999.0 0.522677067268 1.6421963061 0.529677371775 0.601320854124 0.536231616522 1.01293531832 1.47091402319 1.91489676496 13.9517095858 14.2863634199 0.347034316667 0.651959078765 0.961497736317 1.15865592357 1.3456398381 1.87726817064 2.09186525573 0.0554368753013 0.0854155535662 0.0773483678291 0.0575173675197 0.10878648428 0.112486279834 0.116178875113 0.134529654754 0.399692206888 0.158757917911 0.0606077548414 0.0586508796294 0.0455186602025 0.0819481456913 352.174045536 1.91558924873 0.861988063076 0.112245131921 0.0538938537799 0.0307592800278 0.092881367165 0.0585849131905
-9999.0 -9999.0 -9999.0 -9999.0 -9999.0 -9999.0 -9999.0 -9999.0 -9999.0 -9999.0 -9999.0 -9999.0 -9999.0 -9999.0 0.550682502515 1.06286241132 3.73248416376 0.492047018068 1.18090634076 1.69200398371 2.14650223205 0.483235035306 0.87653303255 1.3612094354 16.0730973453 0.32181847579 0.601725728353 0.889378990911 0.24660921277 0.4790799187 0.527870169076 0.70036522621 25.0823482175 25.2737069087 25.4941557785 26.3873525703 26.6281120769 27.2092772806 0.251950325188 0.530651755781 0.516364875882 29.1251167099 29.226328746 0.0519974289144 0.0803099695622 0.10762930259 352.224027143 1.78594621699 0.766670536253 0.6939125142 0.628200149344 0.573703100092 0.123011906224 0.0329702480854
-9999.0 -9999.0 -9999.0 -9999.0 -9999.0 -9999.0 -9999.0 -9999.0 -9999.0 -9999.0 -9999.0 -9999.0 -9999.0 -9999.0 0.563341032215 1.7082721571 6.00273591833 8.87849567045 0.431190024175 11.4849247401 14.1178988065 0.436335736189 0.820381065466 1.28168977979 19.7130668544 20.0791466931 0.237673207506 1.37008248154 1.57745588591 1.74324443113 23.8794478622 24.1141500043 24.3177015328 0.106971283651 0.605977244929 0.733817290138 0.271530799097 0.387335944932 27.7215327766 28.4083810656 28.492150909 28.5689056611 29.3027624115 0.0366234513396 0.0319953252064 0.166471298399 352.28582441 0.0830724074106 0.00270092618087 0.00770573354792 0.00327265094756 0.494251521777 0.472426533643 0.286449796992
-9999.0 -9999.0 -9999.0 -9999.0 -9999.0 -9999.0 -9999.0 -9999.0 -9999.0 -9999.0 -9999.0 -9999.0 -9999.0 -9999.0 -9999.0 -9999.0 1.19032459254 2.38145645845 10.4644070863 11.0284792914 14.6076636558 15.1052382447 0.421451173695 0.843381590711 1.95677471096 20.4645147309 21.0003421761 21.1950465006 0.148785651876 21.8341537327 22.060243056 0.157565105913 0.105788865476 0.195482741994 0.378584771844 0.0919749588416 0.177931429453 0.359228890837 0.44737071135 0.0882720262979 0.0534858102081 0.103255313077 29.7260369496 29.8930055194 29.9201163567 30.1736062533 352.33828719 0.0584770113727 0.00124267545282 0.00161384593796 0.00149165483977 0.001585345559 0.00114730311462 0.00199206272353
-9999.0 -9999.0 -9999.0 -9999.0 -9999.0 -9999.0 -9999.0 -9999.0 -9999.0 -9999.0 -9999.0 -9999.0 -9999.0 -9999.0 -9999.0 -9999.0 0.619131992365 0.601304699747 0.577799341129 1.10443701163 0.471524870388 16.0507276946 16.4946861316 0.400235884267 0.755931904998 0.334004116454 0.2523059383 0.241004857946 21.5609213244 0.0639933784022 0.129147584003 0.101479271221 0.1058324794 0.0916355039279 0.0654712756566 0.0691390814948 0.212328646216 0.294133329433 0.0526020920126 0.0442911231283 0.0989253226558 0.171036453888 0.229534656115 0.0835778025373 29.9728119191 30.2025968507 352.37875865 0.126716556554 0.00441692179923 0.000539336508492 0.0018424154125 0.000367915658702 0.000233079299483 0.00226871351333
-9999.0 -9999.0 -9999.0 -9999.0 -9999.0 -9999.0 -9999.0 -9999.0 -9999.0 -9999.0 -9999.0 -9999.0 -9999.0 -9999.0 -9999.0 -9999.0 -9999.0 -9999.0 0.59345807862 1.63201001204 2.07501324404 2.53668258208 16.9491848224 17.4132944595 17.8425381186 18.2550165181 18.4865049147 18.972015446 19.040553374 19.0943540617 19.155885388 0.0893862572825 0.0809775088701 0.0874238435784 0.296566946831 0.0802168516403 0.0746192936299 0.0541855070482 0.156571407803 0.0637270144092 0.0467178511487 0.0425384308757 0.0353742450668 0.0705681440998 0.102881611036 30.4152283978 382.961745838 0.0598561990648 0.100988117608 0.000335300064601 0.00232321481343 0.00104287305987 0.000470162700214 0.289104427447
-9999.0 -9999.0 -9999.0 -9999.0 -9999.0 -9999.0 -9999.0 -9999.0 -9999.0 -9999.0 -9999.0 -9999.0 -9999.0 -9999.0 -9999.0 -9999.0 -9999.0 -9999.0 -9999.0 0.471633527089 3.87464368728 7.45043281706 7.91021257294 0.565714589449 0.963194956268 1.31720661825 1.57255171483 3.39824390466 3.48893699188 0.0889245421648 0.0846393622117 19.3742029705 19.5409907283 19.6108589397 0.345786673737 0.0423062979325 0.115929326519 0.168181195113 0.511057979236 0.628197368147 0.716151315078 0.0789586064964 0.109463767322 0.0376019794497 0.0759813839009 0.0400714196363 383.042385969 0.0440657698843 0.194001165023 0.0384661955486 0.0569702519348 0.361970658784 0.387299239503 0.705120825749
-9999.0 -9999.0 -9999.0 -9999.0 -9999.0 -9999.0 -9999.0 -9999.0 -9999.0 -9999.0 -9999.0 -9999.0 -9999.0 -9999.0 -9999.0 -9999.0 -9999.0 -9999.0 0.543388671525 1.75107389674 3.41171570168 4.43876468771 11.0716456679 11.5893880718 0.749103431196 1.10704019686 1.38004284933 1.62476970849 3.5601116112 3.73296930434 6.11680143469 6.29092671804 6.4080303464 19.6799234467 20.1888327564 0.109513787964 0.0796310781355 0.0738536469896 0.13951881353 0.0616999369948 0.835557266281 0.876675711129 0.145933896207 0.202507234138 0.0764166106304 91.4181805565 91.5187273598 474.622075208 474.891194407 0.0574675366728 0.178106589413 0.164237861607 0.120019934939 0.878770184499
-9999.0 -9999.0 -9999.0 -9999.0 -9999.0 -9999.0 -9999.0 -9999.0 -9999.0 -9999.0 -9999.0 -9999.0 -9999.0 -9999.0 -9999.0 -9999.0 -9999.0 -9999.0 -9999.0 0.633032079312 0.61424705884 1.14394960648 2.69122351384 12.0791667769 0.386697695397 0.380824893062 0.652834014606 0.926316451511 2.04352707189 2.14352978011 0.068878625317 0.111196049435 6.51362105331 6.585566214 26.8590578287 26.9397535177 0.0337986222026 0.0288165890477 0.02356126299 0.0238280775403 0.0289503470364 90.5153443124 90.7909404775 91.0418462414 91.1737983123 91.3591393803 0.0487026854623 0.17707778116 0.210476887913 475.196277083 475.23489588 475.269339218 475.321316404 475.383023381
-9999.0 -9999.0 -9999.0 -9999.0 -9999.0 -9999.0 -9999.0 -9999.0 -9999.0 -9999.0 -9999.0 -9999.0 -9999.0 -9999.0 -9999.0 -9999.0 -9999.0 -9999.0 -9999.0 -9999.0 0.549628999045 0.582434443058 1.06701416293 14.1475571004 14.5988236468 0.370056018325 0.640898205492 0.921966235823 1.04185307125 0.0899659803011 0.209356720935 27.4791986307 27.5537614923 27.6533931059 28.2992105591 55.3160322036 88.850985012 88.9425463604 89.0243975071 89.1019580218 89.4710502192 89.5968228998 0.23737268131 0.10230702632 0.0661705019512 0.122521173161 0.0882464169433 0.141339551522 0.0439455739433 1.01405188843 1.26863195428 1.46901003375 1.48306178192 475.410126894
-9999.0 -9999.0 -9999.0 -9999.0 -9999.0 -9999.0 -9999.0 -9999.0 -9999.0 -9999.0 -9999.0 -9999.0 -9999.0 -9999.0 -9999.0 -9999.0 -9999.0 -9999.0 -9999.0 -9999.0 -9999.0 0.560076784141 1.06723800813 1.57900749592 15.009500605 0.376227361957 19.8847577168 20.1731447302 20.2591253455 20.386633311 26.9860599185 27.1379346543 0.0832952911577 0.465521987079 0.572120449207 0.0876148285186 33.4468824391 33.2912939341 0.0423017126844 0.103940657543 0.29720689291 0.069075783641 0.0779167985485 0.0524391759937 0.0450336260418 0.0335549097837 0.0417312917271 0.873861206316 0.918829976932 0.975399594875 0.219425723294 0.169627604521 1.55814099182 1.58339303958
-9999.0 -9999.0 -9999.0 -9999.0 -9999.0 -9999.0 -9999.0 -9999.0 -9999.0 -9999.0 -9999.0 -9999.0 -9999.0 -9999.0 -9999.0 -9999.0 -9999.0 -9999.0 -9999.0 -9999.0 -9999.0 0.50017314122 0.464667533521 2.42426558632 18.3783805062 19.2260993031 19.6224360457 0.274968529254 6.37293022544 6.44372472854 6.48431797875 0.130334231341 0.230523167989 0.313784366029 7.67649692379 7.7391229235 7.79089945231 33.1980828923 21.4448821253 0.0597125551014 0.0665771535221 0.0623895335846 0.0485672877632 0.528570131514 0.633930477287 0.724390377524 0.777392901098 0.827965851686 6.40914661754 6.44655993953 6.51255159733 6.64205858697 7.15181167714 7.16677915149
-9999.0 -9999.0 -9999.0 -9999.0 -9999.0 -9999.0 -9999.0 -9999.0 -9999.0 -9999.0 -9999.0 -9999.0 -9999.0 -9999.0 -9999.0 -9999.0 -9999.0 -9999.0 -9999.0 -9999.0 -9999.0 -9999.0 0.974263859469 1.49477369912 0.491846524831 0.372135616019 5.53530514554 5.81909847214 5.97812658574 1.6628636426 1.71114203518 1.77881078239 1.86781414246 7.52987749507 7.62605944415 3.77337651555 11.6366455497 11.702151167 21.4006510908 0.134062909755 0.0696583596022 0.0447351835995 0.3674938612 0.433658018556 0.0376262618732 0.0345641044817 6.23161272638 6.32673044227 6.37575911395 0.0524756587184 0.0871819190693 7.06394035047 0.0390331547867 0.125840519407
-9999.0 -9999.0 -9999.0 -9999.0 -9999.0 -9999.0 -9999.0 -9999.0 -9999.0 -9999.0 -9999.0 -9999.0 -9999.0 -9999.0 -9999.0 -9999.0 -9999.0 -9999.0 -9999.0 -9999.0 -9999.0 -9999.0 0.488595839092 0.964322071957 3.97343784481 4.47507147347 4.86247441674 1.41290270685 1.61010217153 0.0612073036065 5.46721321992 5.51696110342 5.57218028111 0.0792513309483 3.59880100529 3.69986359724 0.0689068596328 21.0517730722 0.152621525999 0.0754240537792 0.20246744151 0.27243522095 0.0517978881581 0.0404052862777 5.73353907445 6.14377098794 6.20313739064 0.0585436132736 0.125453429872 0.155828396513 0.194140924403 0.373922439381 0.0456447008373 0.104755165739
