data/baseflow/History/mHMbfrc240
ncols                  80
nrows                 72
xllcorner      4374000.0
yllcorner      5656000.0
cellsize            500
NODATA_value       -9999
[rows 24 to 47 of 72, columns 0 to 54 of 80]
-9999.0 -9999.0 -9999.0 -9999.0 -9999.0 -9999.0 -9999.0 -9999.0 -9999.0 -9999.0 -9999.0 -9999.0 1.73720868729 4.95149183267 6.48721063049 11.2617884526 1.49041577641 2.97628461541 4.38246418291 16.4097437323 17.7183790202 19.0136173297 20.3506141245 21.7690948113 32.8007573371 36.8690880509 39.5134702647 1.32424239296 6.32905092438 7.62926980731 82.9187170153 88.3889240534 90.582779703 92.7608460329 94.9217264891 321.093231561 0.333159182613 622.099495713 2.07332323548 1.0369321366 6.23658482542 5.1563500297 0.961019223364 2.95548103833 4.24507284322 4.21911146245 3.00274566211 4.94979515861 7.86981665612 2.93602331827 7.71470814581 0.846095675075 1.56109330384 0.427518649014 0.330271866824
-9999.0 -9999.0 -9999.0 -9999.0 -9999.0 -9999.0 -9999.0 -9999.0 -9999.0 -9999.0 -9999.0 -9999.0 1.68069099557 3.32345773309 1.55074278206 3.16251891302 1.46611585396 10.7722394346 13.6073799533 15.0566024427 1.33765798417 2.6356424139 24.0913832778 30.2900246589 31.531361141 2.74362939766 2.57882213724 3.89045803815 1.2274590079 1.16662163631 2.21207660187 0.895071767514 36.8831445834 37.7570129645 38.4959695235 321.780563295 628.551712577 623.125959808 1.63224123326 0.713895925501 0.657693376215 2.66440078275 1.96326780651 3.95393911049 5.20385500279 10.3649814897 0.947891597638 0.950487411034 8.8203873257 9.79953922917 19.2916316677 20.007780164 21.9853722232 22.7694543659 0.675136414828
-9999.0 -9999.0 -9999.0 -9999.0 -9999.0 -9999.0 -9999.0 -9999.0 -9999.0 -9999.0 -9999.0 -9999.0 -9999.0 1.62956892413 3.21836025586 4.7947003912 7.79078529461 1.55791858342 1.44937453119 9.0446907784 10.3777199815 21.5217829748 22.8349532198 3.78306491383 1.35863559012 1.34176125257 1.28672264389 30.4776468793 31.6643821842 32.9133358545 34.0232895363 35.961349937 8.62045062859 9.37554905521 48.4750737154 999.143258246 4.78126834602 4.04880199499 2.3041207859 0.563641256303 0.549162025272 3.94324695876 4.39598377227 5.21795439466 0.671521793228 11.2110051635 1.84109218298 1.83349487298 0.637454018477 0.416909391048 0.34305996842 0.256396440642 0.347768278125 23.2216652642 340.956905931
-9999.0 -9999.0 -9999.0 -9999.0 -9999.0 -9999.0 -9999.0 -9999.0 -9999.0 -9999.0 -9999.0 -9999.0 -9999.0 -9999.0 1.57915218954 2.71325224964 3.68506151327 4.6904735877 6.1484650297 7.63422255588 4.36538281858 7.15914754769 1.32236929301 1.31367128946 24.0622403075 26.6850922509 27.923013463 29.2640433041 1.20836597644 2.34446414714 5.68588116617 6.85024323362 7.82229317322 0.875334849796 0.501274950815 1000.84034716 0.717639528682 0.939626623229 0.452490631858 2.13760608942 1.06507668061 0.433247654428 10.0883897244 10.3729176966 0.295965136267 11.5075486311 13.7131260004 2.23622085432 356.782634863 355.811380908 355.020204103 353.658162921 353.180773628 343.385210982 343.074371816
-9999.0 -9999.0 -9999.0 -9999.0 -9999.0 -9999.0 -9999.0 -9999.0 -9999.0 -9999.0 -9999.0 -9999.0 -9999.0 -9999.0 0.223070052489 0.517908201603 0.950989292566 8.18106196687 9.71261402592 1.52496893786 1.46602835681 1.41261112584 18.747544838 21.4519933312 1.32211882388 1.37321330397 1.23074406734 4.92431477663 6.13052029559 3.60419280656 4.60120362744 27.7020812173 28.7652168527 30.4023298023 49.3621329787 1050.56495993 0.642050714447 0.383116291519 3.13262246601 2.65322892159 0.370463851444 1.19031244614 1.54652680327 10.7479804369 11.0424534942 25.6290410214 14.0088952095 2.68095487786 364.122061437 2.98515280151 354.333189909 354.009925179 9.28116085644 0.466903481653 1.82378313749
-9999.0 -9999.0 -9999.0 -9999.0 -9999.0 -9999.0 -9999.0 -9999.0 -9999.0 -9999.0 -9999.0 -9999.0 -9999.0 -9999.0 1.14395359428 1.86692970655 3.98680291211 6.89471464993 10.5546306393 13.1313222941 14.5943630592 16.0445507466 17.4384007101 1.34940846237 1.2940527762 2.56717987298 2.47177183746 1.252400261 23.7229849566 24.9113331566 26.0300882878 27.1119989197 16.5818770643 17.6958319245 18.4883460209 1050.86865805 1.05546678262 0.886119777872 4.37577773661 0.502245758621 0.617890182394 0.294597120562 0.334027730368 1.83026407239 0.248565484844 0.264001856032 391.25865709 365.428600171 365.169178281 1.1901300451 2.69133635312 1.82780190852 0.495879469954 8.60206167739 2.65329356026
-9999.0 -9999.0 -9999.0 -9999.0 -9999.0 -9999.0 -9999.0 -9999.0 -9999.0 -9999.0 -9999.0 -9999.0 -9999.0 -9999.0 0.799621396353 0.729723786003 1.42211443371 2.18703069071 1.32494354291 1.54359871513 3.00456699555 4.45771192214 7.23745723831 8.62916483259 9.97869554376 13.9036722879 15.1484733318 16.4310404251 1.20264467725 12.0891993553 13.2387326061 14.4102908543 1.11839376585 0.787885191542 1.34358191204 1070.7683403 1071.06256306 1072.71145402 5.77367811876 1.02142746833 1.04564120843 0.315159878423 0.592824301297 2.0868291581 2.56546854239 0.484297146894 392.416359482 0.342199757418 0.654136485336 0.765176250777 0.486839439882 1.00067462284 0.40532230524 5.35395891471 4.42788522994
-9999.0 -9999.0 -9999.0 -9999.0 -9999.0 -9999.0 -9999.0 -9999.0 -9999.0 -9999.0 -9999.0 -9999.0 -9999.0 -9999.0 -9999.0 0.68387243034 1.35207503794 0.677179160237 1.41111586815 9.10523298223 10.349477454 11.8214554269 1.38229907969 1.38871176223 2.74855275894 4.07612952636 6.573665684 7.80843911185 8.52999153985 9.6960757144 1.07809446634 1.08742491992 16.6987980236 17.4007259243 17.8532266311 18.2409138093 14.9154041643 1089.26388683 1097.57113289 1097.97557763 1099.40407298 1101.21190762 1102.06183399 0.253139924659 2.79480055143 392.648445282 0.622717730638 0.31977351396 0.261769015128 0.226546333641 0.423948146789 0.518887485912 0.300372560443 0.456508633702 0.490307310896
-9999.0 -9999.0 -9999.0 -9999.0 -9999.0 -9999.0 -9999.0 -9999.0 -9999.0 -9999.0 -9999.0 -9999.0 -9999.0 -9999.0 -9999.0 -9999.0 2.00975335353 2.75840615104 4.95823682192 6.84837345484 1.058728286 14.4012201365 15.7805340446 17.1895232777 1.40138500964 2.76087240113 1.2705327238 9.2473144222 9.93896227294 10.9994105819 12.143112569 15.1255991257 15.6660263573 0.335905927399 13.4871774276 14.2399242553 14.5551111647 16.240268478 2.21017458909 1.43308672924 0.956483821317 0.936117035851 1103.00625688 1103.3718232 1108.20797006 392.880287031 1.59000383271 0.751764729008 0.483847769088 0.183086406939 1.50580552467 0.851609553787 0.274373073137 1.59419641902 1.35879098829
-9999.0 -9999.0 -9999.0 -9999.0 -9999.0 -9999.0 -9999.0 -9999.0 -9999.0 -9999.0 -9999.0 -9999.0 -9999.0 -9999.0 -9999.0 -9999.0 0.74816852689 3.48894170563 4.26892713334 1.16007849266 1.48514596393 2.94546605772 4.34001317114 22.9416218029 1.38461507341 5.54831002243 6.83586311361 8.10356821141 0.725896638707 1.73833238429 2.49481422168 10.6778391011 12.1698276154 12.4344758778 0.349510524147 0.409779144018 0.548669016635 1.00358881953 0.463332753492 0.504825419457 0.872648490427 0.783750425673 0.861742058812 1.78952521156 1108.61495335 1502.51181299 1.92173055061 0.399368337609 0.167316551577 5.0119803717 4.61470299902 2.84682054841 2.58713993798 1.9813852142 0.463236969307
-9999.0 -9999.0 -9999.0 -9999.0 -9999.0 -9999.0 -9999.0 -9999.0 -9999.0 -9999.0 -9999.0 -9999.0 -9999.0 -9999.0 -9999.0 0.59933003365 2.02977022053 0.678732043216 1.4673296139 1.63554677604 3.13060731894 4.56140554617 5.73375020918 29.4691509678 30.8286297409 1.39040217546 2.69324282677 3.99660776637 4.92478291204 6.04776291825 9.66126187206 10.3164781501 1.11895164959 0.757974862394 0.700538392747 0.886083758814 0.8979363179 0.914803215011 0.806498110297 0.988484504341 2.72707284781 1.24076973032 0.312220839304 0.295417479961 0.361995075908 0.692284832733 1517.83851684 12.9258573227 5.66346761497 0.281966118486 0.114631954007 0.133177012655 0.595584029579 0.450568122093 0.251617250982
-9999.0 -9999.0 -9999.0 -9999.0 -9999.0 -9999.0 -9999.0 -9999.0 -9999.0 -9999.0 -9999.0 -9999.0 -9999.0 -9999.0 0.639682449016 1.218978371 4.52216528267 0.659668684177 2.59747211067 4.22431960708 5.78606536039 1.54978216168 2.96542213335 3.99914624354 35.5974038363 1.34877230027 2.6114822256 3.86139673596 1.1663745969 2.33635562127 3.43310655495 4.15008170317 79.9648572358 81.4828463997 82.8123146971 88.5517339664 91.2761408624 96.2060788509 1.21866046075 2.77883185964 3.3595515574 109.921048574 110.585249537 0.278142315021 0.566955806863 0.841410940836 1518.07331454 12.0581290208 6.06516638973 5.93740446276 4.31695522116 3.65522832784 0.787733400151 0.167030157582 0.399892708627
-9999.0 -9999.0 -9999.0 -9999.0 -9999.0 -9999.0 -9999.0 -9999.0 -9999.0 -9999.0 -9999.0 -9999.0 -9999.0 -9999.0 0.657632857163 1.97815768634 7.14760716056 10.5308594054 0.585970445978 13.9910385816 20.5404002935 1.49726313993 2.9078473917 4.05518568911 47.0781191404 47.997048817 1.24811898968 6.3769641926 7.54676655588 8.6094316168 69.9886769517 73.2943209019 74.8653002579 0.711948153455 4.10864590724 4.87188342427 2.18243921439 3.1960820473 100.549258194 104.671719904 105.433174759 106.145856559 111.394036018 0.39557212996 0.339812614913 1.44475648743 1518.29814218 0.206069906714 0.50417331185 1.51217231385 0.563019853048 3.42134545493 2.38419110429 1.39556568083 1.06814242562
-9999.0 -9999.0 -9999.0 -9999.0 -9999.0 -9999.0 -9999.0 -9999.0 -9999.0 -9999.0 -9999.0 -9999.0 -9999.0 -9999.0 -9999.0 -9999.0 1.38464663734 2.78374279827 12.5200141938 13.2562275032 21.1745909276 21.9393141721 1.46082217586 2.91234559352 6.79614471733 48.7129125325 51.2067203981 52.3385343786 0.949297988891 56.694433649 60.2977857081 2.18077671224 0.721373438456 1.4567286321 2.80087921186 0.652205173584 1.31301999809 2.95255294834 3.69415608035 0.672839940462 0.445532203296 0.88727629402 114.841952338 116.036678871 116.332833642 118.519109072 1518.50800271 0.117145758345 0.389554534863 0.444984553396 0.439468265389 0.448068138324 0.403734098146 0.767720505362 0.106084693952
-9999.0 -9999.0 -9999.0 -9999.0 -9999.0 -9999.0 -9999.0 -9999.0 -9999.0 -9999.0 -9999.0 -9999.0 -9999.0 -9999.0 -9999.0 -9999.0 0.725741460439 0.708837099216 0.711396681778 1.5468357591 0.671286415409 23.2616359862 23.966248574 1.29416010116 2.66717761717 1.49595526081 1.30497025198 1.27816641875 54.816268186 1.26574233324 2.5562983181 1.08590119865 0.808857395273 0.694416510942 0.546753316196 0.566385474334 1.71139209003 2.33515467285 0.453208709062 0.396188230855 0.836883715152 1.37365707744 1.90574886755 0.593430094442 116.766209529 118.820150759 1518.64494439 1.30788796617 1.08773826201 0.302033753673 0.696911391821 0.26157186097 0.212942165006 0.995021664577 0.613037997373
-9999.0 -9999.0 -9999.0 -9999.0 -9999.0 -9999.0 -9999.0 -9999.0 -9999.0 -9999.0 -9999.0 -9999.0 -9999.0 -9999.0 -9999.0 -9999.0 -9999.0 -9999.0 0.701823455889 2.19032911468 2.76596843753 3.40723920646 24.5862632265 25.2077241509 25.8756526734 26.8311941241 28.0796197627 30.6416014312 31.8238131384 33.0649399801 34.0597446823 0.747051043216 0.703899864281 0.711495811043 2.41694063455 0.623034898709 0.58820340692 0.477854993566 1.37014826063 0.511638103378 0.394628172319 0.368767469741 0.318819423164 0.636340026303 0.906962491266 120.651186552 1640.77530079 0.0979657068068 0.257280958222 0.275107840619 0.970416000749 0.549763538491 0.427996892205 2.12006757965 1.03537320603
-9999.0 -9999.0 -9999.0 -9999.0 -9999.0 -9999.0 -9999.0 -9999.0 -9999.0 -9999.0 -9999.0 -9999.0 -9999.0 -9999.0 -9999.0 -9999.0 -9999.0 -9999.0 -9999.0 0.581957464252 4.65830113876 9.34359346656 10.0503309755 1.09960400445 2.39401958842 3.7718132608 5.03782558368 12.9765843744 13.8278271886 0.811699008353 0.797494366632 35.5799686634 36.9629261214 37.6169155597 2.9087163714 0.428238294692 1.05937081446 1.54768591373 4.5672678366 5.54701990051 6.30870398855 0.704957631347 0.982285501229 0.324398665041 0.631611465821 0.31786090535 1641.34237381 0.0999117248609 0.438610281656 0.422940874689 1.55052156268 2.55195450554 3.04186143308 5.22020788987 1.74813362743
-9999.0 -9999.0 -9999.0 -9999.0 -9999.0 -9999.0 -9999.0 -9999.0 -9999.0 -9999.0 -9999.0 -9999.0 -9999.0 -9999.0 -9999.0 -9999.0 -9999.0 -9999.0 0.65428340342 2.08967003123 4.08682089435 5.33406141195 13.8985099094 14.7813010912 2.82298385648 4.18187326168 5.39994745404 6.70349544365 14.9145326666 16.6538198642 30.3938294968 31.5254667911 32.245134548 38.2463503472 42.6981933039 1.03124638586 0.675684337863 0.642851355701 1.21542887784 0.535971952365 7.3113870162 7.6777086473 1.28970389087 1.74913146693 0.354351850553 326.685617822 327.318337481 1968.98851434 1969.56802242 0.0911612567529 1.74819988907 0.119869036641 0.120986997022 5.55601751827 7.44510385631
-9999.0 -9999.0 -9999.0 -9999.0 -9999.0 -9999.0 -9999.0 -9999.0 -9999.0 -9999.0 -9999.0 -9999.0 -9999.0 -9999.0 -9999.0 -9999.0 -9999.0 -9999.0 -9999.0 0.749399530681 0.728401284757 1.37442622954 3.26055802775 15.3999315455 1.43689920112 1.41782005733 2.66207992596 3.89738165592 10.1846021897 11.3904024124 0.8209669869 0.705389118595 33.1295935072 33.7837958476 77.1449760118 77.7532059221 0.383717134136 0.343388050735 0.286441017407 0.288903649906 0.298522913324 319.607138681 321.780290423 324.041120952 324.867143654 326.26976272 0.343443076224 1.2721137474 1.56002462726 1971.59127009 1971.67144941 1971.96332734 1972.43607085 1972.78515322 7.77789060357
-9999.0 -9999.0 -9999.0 -9999.0 -9999.0 -9999.0 -9999.0 -9999.0 -9999.0 -9999.0 -9999.0 -9999.0 -9999.0 -9999.0 -9999.0 -9999.0 -9999.0 -9999.0 -9999.0 -9999.0 0.666077768598 0.698291699791 1.29427601046 17.9322271001 18.6736173124 1.40569647481 2.64801631225 3.89402284481 5.0861902971 1.13316668689 2.06423284554 52.5967117017 53.3634339619 54.1301348375 59.6009428734 138.08226346 304.895982525 305.800802851 306.609708178 307.387081143 310.558647721 311.561519054 1.77719682797 0.799301209036 0.456994907491 0.862545238351 0.630679967036 0.99677372968 0.30771532463 7.43913493752 7.8705063899 8.19175405839 8.34489739574 1972.94670455 1981.0828643
-9999.0 -9999.0 -9999.0 -9999.0 -9999.0 -9999.0 -9999.0 -9999.0 -9999.0 -9999.0 -9999.0 -9999.0 -9999.0 -9999.0 -9999.0 -9999.0 -9999.0 -9999.0 -9999.0 -9999.0 -9999.0 0.680786345642 1.30509484821 1.93233702835 19.2033186815 0.950431996175 27.259434455 28.5501794153 29.7406280074 30.7265874829 48.7440336691 49.6639262404 0.82708410515 3.96137802567 4.81454906458 0.746771370021 165.913985176 164.574293658 0.424283184184 0.952299161399 2.49066820644 0.539324412896 0.54195499283 0.404493516826 0.335667630882 0.268912751834 0.298812602394 6.47457676077 6.77615808314 7.13382720196 0.217080068993 0.181460319732 8.44606452181 8.60635297051 8.72196495785
-9999.0 -9999.0 -9999.0 -9999.0 -9999.0 -9999.0 -9999.0 -9999.0 -9999.0 -9999.0 -9999.0 -9999.0 -9999.0 -9999.0 -9999.0 -9999.0 -9999.0 -9999.0 -9999.0 -9999.0 -9999.0 0.618432181564 0.580286379194 3.01813379709 23.5096266357 25.1029600571 26.0179065607 1.39835193129 15.37624038 16.5279927013 17.0481711508 0.873370941684 1.76169271947 2.50976808126 40.542066332 41.1173599842 41.6191100851 163.661212002 92.6170780561 0.50919827181 0.52018727145 0.503945913239 0.391802860831 4.03154033111 4.78374339409 5.45156826551 5.80881252894 6.15370345243 45.8813434065 46.1325165467 46.5129355957 47.493252505 50.8000910324 50.9435458624 59.817352217
-9999.0 -9999.0 -9999.0 -9999.0 -9999.0 -9999.0 -9999.0 -9999.0 -9999.0 -9999.0 -9999.0 -9999.0 -9999.0 -9999.0 -9999.0 -9999.0 -9999.0 -9999.0 -9999.0 -9999.0 -9999.0 -9999.0 1.21327885305 1.85842206484 0.728900231177 1.44208416742 9.88472385873 11.364075125 12.6570240724 8.07546812214 9.38283012248 10.6458568062 11.507981177 39.2731507501 40.0299260934 27.7577461763 69.977438276 70.5443555727 92.169328118 1.0443410316 0.52250829966 0.385755232308 2.80158759035 3.26511338826 0.277067061204 0.25740373197 44.7646703161 45.3645763378 45.6473399539 0.465407723222 0.694605976898 50.2747175892 0.327801353995 0.99813289843 1.11342681859
-9999.0 -9999.0 -9999.0 -9999.0 -9999.0 -9999.0 -9999.0 -9999.0 -9999.0 -9999.0 -9999.0 -9999.0 -9999.0 -9999.0 -9999.0 -9999.0 -9999.0 -9999.0 -9999.0 -9999.0 -9999.0 -9999.0 0.611136482888 1.20923038963 5.24524655267 6.01475769449 7.1237978522 5.40097232704 6.73307632576 1.37384809225 24.5126171977 25.8135717715 27.0080747235 0.89002596999 26.3379463316 27.118259654 0.590278613505 89.4088130519 1.18917277505 0.594669704555 1.50895614591 2.03307247078 0.390682945887 0.326123834369 41.6732832855 44.2271772713 44.5695241268 0.365442281984 0.789515666489 1.00755694222 1.22083331844 2.44286662634 0.365156597614 0.815783740905 0.168175329198
