data/baseflow/History/mHMbfrc304
ncols                  80
nrows                 72
xllcorner      4374000.0
yllcorner      5656000.0
cellsize            500
NODATA_value       -9999
[rows 0 to 23 of 72, columns 0 to 54 of 80]
-9999.0 -9999.0 -9999.0 -9999.0 -9999.0 -9999.0 -9999.0 -9999.0 -9999.0 -9999.0 -9999.0 -9999.0 1.06261775753 0.798824719703 -9999.0 -9999.0 -9999.0 -9999.0 -9999.0 -9999.0 -9999.0 -9999.0 -9999.0 -9999.0 -9999.0 -9999.0 -9999.0 -9999.0 -9999.0 -9999.0 -9999.0 -9999.0 -9999.0 -9999.0 -9999.0 -9999.0 -9999.0 -9999.0 -9999.0 -9999.0 -9999.0 -9999.0 -9999.0 -9999.0 -9999.0 -9999.0 -9999.0 -9999.0 -9999.0 -9999.0 -9999.0 -9999.0 -9999.0 -9999.0 -9999.0
-9999.0 -9999.0 -9999.0 -9999.0 -9999.0 -9999.0 -9999.0 -9999.0 -9999.0 -9999.0 -9999.0 -9999.0 2.14360441318 4.50180188309 0.678005204989 -9999.0 0.525935046345 -9999.0 -9999.0 -9999.0 -9999.0 -9999.0 -9999.0 -9999.0 -9999.0 -9999.0 -9999.0 -9999.0 -9999.0 -9999.0 -9999.0 -9999.0 -9999.0 -9999.0 -9999.0 -9999.0 -9999.0 -9999.0 -9999.0 -9999.0 -9999.0 -9999.0 -9999.0 -9999.0 -9999.0 -9999.0 -9999.0 -9999.0 -9999.0 -9999.0 -9999.0 -9999.0 -9999.0 -9999.0 -9999.0
-9999.0 -9999.0 -9999.0 -9999.0 -9999.0 -9999.0 -9999.0 -9999.0 -9999.0 -9999.0 1.07038073302 1.03032568036 1.05979425458 1.03286848098 6.47683378522 7.21997793738 1.45602303807 0.45913769267 -9999.0 -9999.0 -9999.0 -9999.0 -9999.0 -9999.0 -9999.0 -9999.0 -9999.0 -9999.0 -9999.0 -9999.0 -9999.0 -9999.0 -9999.0 -9999.0 -9999.0 -9999.0 -9999.0 -9999.0 -9999.0 -9999.0 -9999.0 -9999.0 -9999.0 -9999.0 -9999.0 -9999.0 -9999.0 -9999.0 -9999.0 -9999.0 -9999.0 -9999.0 -9999.0 -9999.0 -9999.0
-9999.0 -9999.0 -9999.0 -9999.0 -9999.0 -9999.0 -9999.0 -9999.0 -9999.0 1.0412382386 2.10775640674 4.17777811332 2.05714622208 1.00522874606 1.98496235825 8.18697603477 10.8183876156 0.553155100829 -9999.0 1.01976975521 -9999.0 -9999.0 -9999.0 -9999.0 0.998027694817 0.504295166459 -9999.0 -9999.0 -9999.0 -9999.0 -9999.0 -9999.0 -9999.0 -9999.0 -9999.0 -9999.0 -9999.0 -9999.0 -9999.0 -9999.0 -9999.0 -9999.0 -9999.0 -9999.0 -9999.0 -9999.0 -9999.0 -9999.0 -9999.0 -9999.0 -9999.0 -9999.0 -9999.0 -9999.0 -9999.0
-9999.0 -9999.0 -9999.0 -9999.0 -9999.0 -9999.0 -9999.0 -9999.0 1.12342155562 3.24033767437 4.25044947461 5.27509098205 7.2294524769 0.976427790442 3.90119653237 4.85486969181 17.1784823636 0.826913643275 0.896340599157 1.95960148716 2.86656900499 0.935099652265 -9999.0 2.6966990361 2.20908304355 0.632266657554 -9999.0 -9999.0 -9999.0 -9999.0 -9999.0 -9999.0 -9999.0 -9999.0 -9999.0 -9999.0 -9999.0 -9999.0 -9999.0 -9999.0 -9999.0 -9999.0 -9999.0 -9999.0 -9999.0 -9999.0 -9999.0 -9999.0 -9999.0 -9999.0 -9999.0 -9999.0 -9999.0 -9999.0 -9999.0
-9999.0 -9999.0 -9999.0 -9999.0 -9999.0 -9999.0 1.14376365572 1.06885959989 1.03396514079 1.04457496042 1.05029642637 7.39050794076 15.6407129504 16.6530860136 17.5553149166 0.882457221077 18.94260187 19.8427344597 1.82553176008 0.927337187289 3.75974034985 6.52093179521 0.878381755726 5.29177202538 0.933827330614 0.897473905885 0.955878551072 -9999.0 -9999.0 -9999.0 -9999.0 -9999.0 -9999.0 -9999.0 -9999.0 -9999.0 -9999.0 -9999.0 -9999.0 -9999.0 -9999.0 -9999.0 -9999.0 -9999.0 -9999.0 -9999.0 -9999.0 -9999.0 -9999.0 -9999.0 -9999.0 -9999.0 -9999.0 -9999.0 -9999.0
-9999.0 -9999.0 -9999.0 -9999.0 -9999.0 -9999.0 2.27515637356 3.36665805721 7.64578926848 10.720385337 0.980426177224 1.01114702797 0.975932215827 2.85777728584 21.307919107 0.857867528044 20.7328084262 24.196157043 2.70373318836 1.78456970114 7.37874779452 0.908829485091 6.18407963271 1.77121793955 0.88336230025 1.75896608377 1.88872821841 0.94547049076 0.955990595586 0.942625409047 0.965382992592 1.93588729871 -9999.0 -9999.0 -9999.0 -9999.0 -9999.0 -9999.0 -9999.0 -9999.0 -9999.0 -9999.0 -9999.0 -9999.0 -9999.0 -9999.0 -9999.0 -9999.0 -9999.0 -9999.0 -9999.0 -9999.0 -9999.0 -9999.0 -9999.0
-9999.0 -9999.0 -9999.0 -9999.0 -9999.0 1.16828419843 2.3049978535 1.12493306417 2.20351239924 11.8038127623 13.8354790365 15.8654350988 49.8625376822 0.940713056018 22.2480455071 79.3320004428 80.0109641338 105.34649326 0.730911157824 2.64565711581 8.2411970892 0.856730692684 16.0457101176 8.98800746868 5.44662732825 4.55553674186 0.928667775921 2.81338241842 2.81016619801 1.87500679914 0.910486233019 2.86786723928 0.89785840599 0.88880112952 -9999.0 -9999.0 -9999.0 -9999.0 -9999.0 -9999.0 -9999.0 -9999.0 -9999.0 -9999.0 -9999.0 -9999.0 -9999.0 -9999.0 -9999.0 -9999.0 -9999.0 -9999.0 -9999.0 -9999.0 -9999.0
-9999.0 -9999.0 -9999.0 -9999.0 -9999.0 1.17087502161 3.4428451674 6.87366514512 7.96554649164 15.8214940391 16.8749663248 20.1168427123 33.0472961379 52.5796630404 54.4795416618 55.3579713684 1.66390871256 108.29775243 109.805417792 114.157714692 141.910406108 18.6542446292 16.9409804794 6.33478117828 0.86970625812 5.42958303364 3.67303305933 0.835328719026 3.67331180624 0.836903297612 1.71762249092 4.60584876623 5.47754187549 1.75217663938 0.850946738627 0.846913191216 -9999.0 -9999.0 -9999.0 -9999.0 0.547429186161 0.469380810758 -9999.0 -9999.0 -9999.0 -9999.0 -9999.0 -9999.0 -9999.0 -9999.0 -9999.0 -9999.0 -9999.0 -9999.0 -9999.0
-9999.0 -9999.0 -9999.0 -9999.0 -9999.0 1.15207464579 1.12111076913 4.55987364548 5.658643102 6.78017433207 1.09321838335 2.17510475844 12.1844341582 2.18673237453 1.03835129961 0.977297758747 0.8891629414 0.972611009898 0.936358564154 0.949650366228 142.802327707 145.36903573 0.843804009832 2.56779708915 1.73365880047 6.27318780259 1.6812414826 0.815044531614 4.54409996135 1.64270669435 3.92573321391 9.67044932661 8.93453909942 2.59490342428 2.51928148328 0.86274653587 0.852576613419 -9999.0 -9999.0 0.852763604587 1.24479313593 2.69733371586 0.496289163994 -9999.0 -9999.0 -9999.0 -9999.0 -9999.0 -9999.0 -9999.0 -9999.0 -9999.0 -9999.0 -9999.0 -9999.0
-9999.0 -9999.0 -9999.0 -9999.0 -9999.0 -9999.0 1.17605678963 1.16081834231 2.29679456123 3.43057267916 7.85692737488 10.0641438903 11.1614760251 1.15416147329 0.970130902308 12.4319500327 15.3202206742 16.2436245666 20.0484623222 20.9462513369 0.877993542614 146.250907911 150.485986546 3.37812750442 0.695014470487 7.05880614668 15.6389989894 6.14077378372 1.58857663403 0.799558490608 15.1551838526 10.4796532421 0.776549210306 0.780026042368 3.30920523321 2.5305245496 0.811749165643 0.788195094534 0.831273865763 1.66954831408 0.805177920904 3.28281282182 4.05779939263 0.739969841591 -9999.0 -9999.0 -9999.0 -9999.0 0.826948488687 0.791567634187 0.224318544381 -9999.0 -9999.0 -9999.0 -9999.0
-9999.0 -9999.0 -9999.0 -9999.0 -9999.0 -9999.0 -9999.0 1.16352011733 1.08542862342 2.2235634643 3.34592253408 1.11213585292 1.04259986918 6.41873221637 8.44729100394 10.5095016439 0.983228724623 1.9572051844 0.961596173402 21.8594129249 47.6664419639 48.2273734879 200.272246156 0.845434987662 2.06137287571 0.660612205439 16.4106286696 0.792013380454 2.3981489003 0.790042201604 15.9325556068 16.7093013906 1.55896887161 1.55620984227 8.29824001488 4.16691748623 1.60639683546 0.818916881082 1.66063180953 2.48867766635 4.06427120802 0.760368852662 5.50830612955 6.19382102982 0.636941180415 0.675100977932 0.702302146732 0.652780578246 0.6284994154 2.30482456828 0.897094071378 0.592013729396 -9999.0 -9999.0 -9999.0
-9999.0 -9999.0 -9999.0 -9999.0 -9999.0 -9999.0 -9999.0 -9999.0 2.25331842287 3.31416836191 1.10664669826 2.2283245927 3.29470707379 5.43313277453 1.07910037158 1.05616768647 0.958309736802 0.96859444867 0.901155543957 23.9911610942 0.959982432992 1.89300331557 202.78134658 204.584174086 0.883522887712 3.83024353078 20.9863914552 1.55522972192 3.11020394522 1.46790348287 2.16264886283 19.6743563713 2.26679024852 12.0418104629 9.78980513199 0.756501439407 3.98854310944 1.60816599657 2.43382779857 0.768867475659 4.80967428768 6.26677054872 6.88071330332 7.46860697812 8.61524775521 1.22040973032 1.28372402375 1.19830739154 1.14177149352 2.89372434165 0.610077904481 2.11298518266 2.67878237168 -9999.0 -9999.0
-9999.0 -9999.0 -9999.0 -9999.0 -9999.0 -9999.0 -9999.0 -9999.0 1.15404268201 5.59509049948 6.686810314 1.09422450532 2.15673268268 1.06245786509 1.01529575946 1.00149086815 12.2728373982 16.2960739849 19.9198354138 23.3946972079 0.880592668403 0.944548181068 0.98358058546 208.572570814 210.39698047 211.227732018 28.1074090076 6.19515093596 5.39908802014 0.683290575346 2.83310674153 23.1968148489 0.681637942788 12.7324635953 0.748432272878 5.14401077298 4.7885095943 0.779317752736 3.20336184628 1.53406856866 2.28402972187 0.690458840371 0.580723501308 8.05035348801 8.59219922497 9.15572465517 1.8616381731 1.753380963 1.68679664003 3.52807182542 4.75705841113 0.612369698835 3.26476851914 0.621836130275 1.18914889491
-9999.0 -9999.0 -9999.0 -9999.0 -9999.0 -9999.0 -9999.0 -9999.0 -9999.0 1.14996280683 7.79674008985 8.88059731713 3.22439034463 5.34061844844 7.36150083088 8.36774118988 1.01113022987 3.06459399643 2.01902269466 1.01297475235 1.00409865824 0.947028438038 1.88684196085 3.19297134849 1.08731028882 241.289665535 242.180192499 0.806262127671 0.62843313334 1.37336645873 2.04363741992 25.1947830824 1.33476602602 13.351801385 7.92423036661 6.51956064199 0.743530952832 1.50738605339 3.91305847091 0.707696575456 2.9739119967 1.36647223674 1.03286706722 0.476699402348 10.062369011 19.6756147946 2.28219929781 2.18473493868 2.20761893979 0.526778420352 5.28124055945 0.513350191201 4.39589253864 0.558032873886 1.75267788428
-9999.0 -9999.0 -9999.0 -9999.0 -9999.0 -9999.0 -9999.0 -9999.0 -9999.0 -9999.0 1.07323680387 11.039807325 1.06513219877 2.12077910611 3.10573586406 5.07390052506 1.00431068326 2.05150046784 1.01184489833 0.975995612601 0.927977293228 1.84087674708 0.845156105133 0.937545743274 1.91771491546 1.06215124514 243.059546556 244.693157138 247.012378083 2.73200549162 0.680461259445 1.35668332618 25.890973224 24.6235342953 9.35850298786 0.710392581186 2.96842000912 2.23462398223 4.62460725741 1.41576115124 5.72404513063 2.04811502962 1.61021613864 0.382754621726 0.499753735991 20.2607099681 20.776486114 25.700451019 3.84039743544 1.08104819197 5.84298915968 6.9039318603 11.805484495 1.09859942626 0.523125437785
-9999.0 -9999.0 -9999.0 -9999.0 -9999.0 -9999.0 -9999.0 -9999.0 -9999.0 -9999.0 -9999.0 0.566524116193 12.2933047257 1.02606790285 2.00122726533 9.03912587255 1.0057423792 1.00133295972 0.915725129626 1.92351352298 0.935301151959 3.70463489815 5.39136113993 6.17850815962 2.66406043684 3.41726563915 0.841473876621 0.996439513082 0.894451232973 251.220202099 253.237595683 26.4945424511 25.8283846349 25.2321809075 1.27616278368 0.62282207912 3.63620692296 9.6050194292 5.30233499986 2.08822799149 8.45998967171 3.49931168445 2.88365927137 0.773434606468 0.333666936082 0.32459418092 0.368296411779 27.4291018575 32.8540396906 0.523443842469 0.493080003312 0.525801878049 12.3196023352 13.9109100566 0.964013538459
-9999.0 -9999.0 -9999.0 -9999.0 -9999.0 -9999.0 -9999.0 -9999.0 -9999.0 -9999.0 -9999.0 0.531177198571 13.5980892325 16.7439398152 0.985750535245 11.007758765 0.95095132112 0.925130685371 1.8416718472 4.70249677414 0.916956685657 0.947549314605 0.835277191949 7.83220543921 8.6196227024 12.8620970064 14.4461274015 15.2616694948 16.0382920312 16.9067503843 270.926525046 298.820207818 325.923002761 326.467795164 0.617474030194 0.629135660809 10.9445114434 10.2797187306 0.666276874073 0.659239545414 9.09030258395 13.2359560659 0.562074731077 6.45389779034 5.9456142573 1.61018930126 0.774321915989 1.25250962027 0.574389772624 33.8511341199 0.506702878212 1.5047246139 1.91452909979 17.1955105346 18.4982295227
-9999.0 -9999.0 -9999.0 -9999.0 -9999.0 -9999.0 -9999.0 -9999.0 -9999.0 -9999.0 -9999.0 1.10865604036 2.14733869374 17.7698758223 19.6680806392 0.950235668827 12.6741751873 0.85141515674 2.61632663244 5.57122679761 1.78629069011 0.866729460783 1.74012252954 0.750587459886 1.45277178465 0.718734336793 0.668508306958 0.597323581973 0.546730582899 0.529141916059 0.535011159965 0.69144367897 0.794393822927 0.871625363474 328.593787529 13.1948110319 12.0657493233 0.52580058476 1.92221151865 0.499281672129 0.41647244031 13.8410485546 22.1287055306 7.10809855151 5.2109301368 0.912872392518 0.397786313589 0.368619864542 0.846130443623 35.203733045 36.1680108732 0.500176839942 0.513723841358 0.487494378442 0.368931551292
-9999.0 -9999.0 -9999.0 -9999.0 -9999.0 -9999.0 -9999.0 -9999.0 -9999.0 -9999.0 -9999.0 -9999.0 1.01336256497 13.0283061648 33.6839585089 36.6284508905 50.1681195431 50.8726337986 12.401538932 9.11985082432 2.66579027176 0.858314922503 3.42422241946 4.2349312377 6.41891786437 1.46728568364 1.36287629959 1.30277944498 2.52743237014 1.19679002409 1.18092917734 0.58951678823 0.45262352663 0.509081537565 329.290728433 342.915704031 343.52339338 0.536528843959 5.22222117899 2.19792351256 0.654317964599 24.106211558 1.38643779127 0.71331907956 2.97526079067 0.650467356096 0.555438072793 1.04668577286 1.48158088993 1.95520197851 37.002477836 0.398144810366 0.356433536996 0.358135199017 0.299630939174
-9999.0 -9999.0 -9999.0 -9999.0 -9999.0 -9999.0 -9999.0 -9999.0 -9999.0 -9999.0 -9999.0 1.0736774863 9.88695788588 12.0103345097 1.99852810281 0.598213781463 1.39948218399 53.1713404939 53.9175985246 67.0110836625 0.794733445841 1.64613917609 0.728212736531 0.738981554203 7.13006383661 9.30688415507 11.3215162749 0.642467998387 3.16100915262 4.9799325883 2.97137362335 1.19529487516 0.987975245587 0.94705881538 0.942178185137 0.511205753785 344.035799335 344.445949945 350.567018871 1.11946214037 0.585385756547 24.5423151411 1.49401473296 0.761250218266 0.802642470922 0.795580836735 0.72920709404 1.31794142393 3.73523667129 6.20109744434 43.6135647218 0.310671174141 0.93839018701 0.638481499272 0.557269671152
-9999.0 -9999.0 -9999.0 -9999.0 -9999.0 -9999.0 -9999.0 -9999.0 -9999.0 -9999.0 -9999.0 1.09155600974 6.74176819688 1.07749243282 0.99237972078 4.96616335189 5.8642274357 6.7787764247 7.6456967662 90.6765400875 91.4141434406 92.9505235485 104.211580171 106.418229227 107.681266614 108.411274629 121.257141295 122.944691181 123.591359574 129.266453894 132.917413257 133.528718033 135.669052477 1.52379489849 1.4170869244 0.37736643475 0.380974562224 344.934766644 352.649761245 1.6554193772 28.3006060712 27.7792164482 2.83144549414 0.686842830519 0.693394841012 0.67159713056 0.660543467159 1.32686071103 1.91033502017 0.569656234667 44.0049870116 44.4171803303 46.354347241 46.7009223577 47.5850331441
-9999.0 -9999.0 -9999.0 -9999.0 -9999.0 -9999.0 -9999.0 -9999.0 -9999.0 -9999.0 -9999.0 3.42420055143 4.54045538877 2.16054185645 3.19262961771 1.02139757883 11.5106558142 12.4521905347 14.3192010053 15.1477887717 6.20888390559 100.378941506 101.086720133 0.705903614029 0.534255580682 0.487826409436 1.04911003457 0.52562731098 0.432854033139 0.418277827448 0.447513592628 134.105228194 136.260476875 138.354170956 140.273772252 141.6929016 0.656701436198 0.2294974083 382.31497679 29.2552649411 28.84890292 0.612160275334 0.580676991119 0.542503616614 1.24973509065 1.22990296395 0.567376662719 0.569920838046 0.536094606286 1.10137444635 1.48694651399 0.293421863379 0.542593647877 0.22721868275 0.165529742098
-9999.0 -9999.0 -9999.0 -9999.0 -9999.0 -9999.0 -9999.0 -9999.0 -9999.0 -9999.0 -9999.0 -9999.0 2.30093465212 1.10145968516 1.04496051527 9.6350371847 10.5948647664 0.965480162422 3.7866585057 4.68481503388 5.50278216157 0.876973012248 0.690740279997 15.4671293929 16.0459324897 16.6040929654 42.5260286846 42.9741104329 43.7818657822 47.5504849496 49.8890587157 50.2645299311 0.380043152486 0.395904784328 0.387719153945 142.309043669 0.296684228243 387.542481984 387.100721028 4.38515389341 3.88702892029 2.350521501 0.591540801241 1.08303503093 1.80414209383 1.78435053426 1.11233151731 0.548491994933 1.07507598589 1.07355416538 1.96831809755 0.32664944084 0.874072884986 1.4509975677 1.79902143866
