data/baseflow/History/mHMbfrc390
ncols                  80
nrows                 72
xllcorner      4374000.0
yllcorner      5656000.0
cellsize            500
NODATA_value       -9999
[rows 24 to 47 of 72, columns 0 to 54 of 80]
-9999.0 -9999.0 -9999.0 -9999.0 -9999.0 -9999.0 -9999.0 -9999.0 -9999.0 -9999.0 -9999.0 -9999.0 1.43429557345 4.08558223942 5.3670267167 9.32741013616 1.26679161305 2.51203406701 3.71361802927 13.7289002452 14.7522934499 15.5646816403 16.6210234895 17.7947110429 28.0178616722 31.3898616409 33.2639498991 0.764836444333 4.46233619368 5.18019962882 65.0997173826 68.0656735939 69.3124805078 70.5646761673 71.8393991067 255.922371836 0.691134711741 519.97574459 1.56430429711 0.689935778915 5.11258174353 4.36637903169 0.682335762334 2.53362189541 3.57522858031 3.56947432109 2.5032062868 4.129565662 6.54496764529 2.39356399721 6.43266127695 0.568475573439 0.858159089918 0.346997071472 0.299500876048
-9999.0 -9999.0 -9999.0 -9999.0 -9999.0 -9999.0 -9999.0 -9999.0 -9999.0 -9999.0 -9999.0 -9999.0 1.38897927359 2.7461151535 1.28561244019 2.62715777714 1.22828914856 8.94019403967 11.3383694369 12.5754709276 1.1539678219 2.21071479693 20.8847870181 26.0150332794 26.9419266236 2.25599184354 2.19888526335 3.15142004145 0.661036276483 0.62298376195 1.20747893114 0.597266878615 32.3059078198 32.9210270509 33.6783127297 256.56835942 525.543844344 520.757035253 1.1810119311 0.499137593267 0.456655031062 1.64455742676 1.19039664978 3.10652024881 4.26819224111 8.62272347245 0.781050775412 0.780122573401 7.23747813226 7.95190047243 15.7191721725 16.3349975408 17.5565330402 18.2230794148 0.614546890148
-9999.0 -9999.0 -9999.0 -9999.0 -9999.0 -9999.0 -9999.0 -9999.0 -9999.0 -9999.0 -9999.0 -9999.0 -9999.0 1.32570659209 2.63028263156 3.92982277343 6.44119955826 1.30182228852 1.22301554315 8.2281155193 9.37194712561 18.8673977254 20.0023746664 3.20830045145 1.16470997784 1.13669423895 1.07369600358 28.4055919646 29.200459005 29.8984982259 30.5104069211 31.7154537206 6.40196984102 7.15755984126 41.5894368686 823.992262204 4.07216943477 3.54222228474 1.75353081362 0.454962904408 0.408808571846 2.57626130219 2.96864723007 3.97545859332 0.428122714225 9.10416821599 1.33902163171 1.31225579547 0.402000371185 0.331651014981 0.311625809558 0.326295110888 0.322581463204 18.5657064908 264.037235957
-9999.0 -9999.0 -9999.0 -9999.0 -9999.0 -9999.0 -9999.0 -9999.0 -9999.0 -9999.0 -9999.0 -9999.0 -9999.0 -9999.0 1.29912406417 2.41729742885 3.44223880275 4.53751645176 5.77796661874 7.04293007577 3.72022998662 6.11761128904 1.14098889003 1.1290511757 22.9610428186 25.1968541772 26.2578455879 27.412688089 0.964258672209 1.77812679185 4.41329594479 5.15026121752 5.7988431901 0.788304634298 0.783534618252 825.793167948 0.571140837962 1.04245264622 0.49155418187 1.64849280586 0.792270855477 0.458613789581 7.43534010381 7.87828978869 0.368140282005 9.50389981625 11.1845340052 1.63777273381 277.656070909 276.926301365 276.232725971 274.799724317 274.167442598 265.23297292 264.903291081
-9999.0 -9999.0 -9999.0 -9999.0 -9999.0 -9999.0 -9999.0 -9999.0 -9999.0 -9999.0 -9999.0 -9999.0 -9999.0 -9999.0 0.23975403102 0.559815828744 1.0105526485 8.90420157453 10.211509648 1.30793809529 1.23477280824 1.1978913883 18.3948685472 20.7243772366 1.14531080464 1.17785490393 1.0284028572 4.12165401484 5.13097997528 2.84440005311 3.52365084762 23.0308916719 23.8272281473 25.4284858545 41.0114896612 867.144489831 0.55917148475 0.443263776885 2.39440170564 2.00995724926 0.399601760021 1.28241580856 1.69178652855 8.34196598392 8.75789533662 20.9605563234 11.4607597602 1.81352059339 284.824891401 3.79148150526 275.572172364 275.200983127 8.3332590055 0.417080382224 0.61664671797
-9999.0 -9999.0 -9999.0 -9999.0 -9999.0 -9999.0 -9999.0 -9999.0 -9999.0 -9999.0 -9999.0 -9999.0 -9999.0 -9999.0 1.25609627295 2.04032835071 4.36124670445 7.65773190301 11.1635471908 13.604583206 14.8505895403 16.0809970032 17.2802919977 1.15429099512 1.09491133811 2.15857782995 2.0797724364 1.04533944653 19.8667640694 20.8549790509 21.7963421479 22.6770084556 13.109344167 13.8786171359 14.7671955018 867.435660076 0.933576263442 1.17316120478 3.78326075057 0.313361898116 0.81054514177 0.415592496263 0.38304775368 2.07506635385 0.351344104549 0.373549502751 307.744914404 286.471299528 286.08566928 1.35265489112 3.47396447664 2.27526827264 0.577590038272 7.54170213023 2.30281950351
-9999.0 -9999.0 -9999.0 -9999.0 -9999.0 -9999.0 -9999.0 -9999.0 -9999.0 -9999.0 -9999.0 -9999.0 -9999.0 -9999.0 0.885240420639 0.81825166435 1.59577405385 2.45003049095 1.21487841206 1.29196308414 2.51434730191 3.72430493095 6.04934394471 7.22017409714 8.35432835975 11.654856238 12.703617737 13.7837282624 1.00460584148 10.0173904483 10.9072241258 11.7112364562 0.66249008752 0.30177055071 0.554114236281 882.076679451 882.353810546 883.869725493 4.64037454528 0.627864270874 1.26961387243 0.379625178692 0.695087468883 2.39965068655 3.05046717818 0.688434227168 309.423116633 0.536456861023 0.754718959154 0.816276627962 0.673859375489 1.22570873075 0.53808552466 4.67864149373 3.67111912305
-9999.0 -9999.0 -9999.0 -9999.0 -9999.0 -9999.0 -9999.0 -9999.0 -9999.0 -9999.0 -9999.0 -9999.0 -9999.0 -9999.0 -9999.0 0.777921076938 1.54711630312 0.777809361279 1.61105223195 10.1614119422 11.3047150206 12.5197275732 1.1631765396 1.16886174572 2.30824895645 3.42235635284 5.49601208338 6.53467778199 7.07373624825 8.03139372809 0.845891130232 0.774023378356 12.8658188863 13.2041403984 13.4931574601 13.7894011022 11.1387507004 896.243060289 902.80480062 903.052895954 904.54071013 905.894505802 907.029809065 0.373732262258 3.36656865868 309.802723384 0.959988012639 0.490346729964 0.46913191683 0.399511851022 0.707184455928 0.689822362535 0.390372488521 0.514825546563 0.500244996085
-9999.0 -9999.0 -9999.0 -9999.0 -9999.0 -9999.0 -9999.0 -9999.0 -9999.0 -9999.0 -9999.0 -9999.0 -9999.0 -9999.0 -9999.0 -9999.0 2.30058244162 3.15479840648 5.63747462716 7.62231483398 1.08372115734 14.8787469999 16.0373358421 17.1982810422 1.16744472542 2.2880903821 1.04793029385 7.64470863163 8.14102059156 8.97079305637 9.87952729557 12.0249770162 12.3405861594 0.197407011475 9.9940752676 10.5776776108 10.8588714301 12.0826538118 1.63749141188 1.07505983642 0.693121375668 0.653254188218 908.07192216 908.636545973 914.287116053 310.202812286 2.47538830762 1.15094500034 0.772956881586 0.252080843142 2.12298150502 1.10738606387 0.350669057952 1.88468685311 1.57772514191
-9999.0 -9999.0 -9999.0 -9999.0 -9999.0 -9999.0 -9999.0 -9999.0 -9999.0 -9999.0 -9999.0 -9999.0 -9999.0 -9999.0 -9999.0 -9999.0 0.887071109926 3.9865695527 4.8522205362 1.16682466584 1.23007007931 2.4413026266 3.60938192375 21.9958199983 1.15202973177 4.61638598285 5.69060092224 6.73508809031 0.533096282454 1.30149568904 1.7318615038 8.06582966855 8.9971962518 9.22705465508 0.286902317538 0.290165544017 0.354395218339 0.653356122443 0.280345071511 0.293414638418 0.590963895243 0.418499527778 0.597835330379 1.84562492084 914.901563102 1226.65062085 2.99552221788 0.34316266055 0.249390718539 6.5159084057 5.96968485325 3.48817091981 3.12629611323 2.34136157005 0.505485190773
-9999.0 -9999.0 -9999.0 -9999.0 -9999.0 -9999.0 -9999.0 -9999.0 -9999.0 -9999.0 -9999.0 -9999.0 -9999.0 -9999.0 -9999.0 0.726965021054 2.4378231016 0.816594696689 1.37171109939 1.39912132703 2.63474226247 3.82370872946 4.91143115544 27.7978766893 28.9201770788 1.14905970608 2.22301043527 3.30148184092 3.99631287023 4.80672788569 7.14833975242 7.78825803085 0.613718712614 0.463683293011 0.392058429564 0.671708499538 0.567188114602 0.591472812653 0.485896567558 0.549220173582 2.18495533115 1.03676931202 0.526709303116 0.509850632838 0.52684572617 1.00581983384 1245.29974223 15.3563072531 7.60244065774 0.527597042465 0.223356566327 0.230656188972 0.849591947856 0.602904066694 0.31376513697
-9999.0 -9999.0 -9999.0 -9999.0 -9999.0 -9999.0 -9999.0 -9999.0 -9999.0 -9999.0 -9999.0 -9999.0 -9999.0 -9999.0 0.772922406414 1.47633172811 5.46901412067 0.812973302913 2.57594103566 3.96310476428 5.28237167577 1.32227041356 2.50876033455 3.5624058097 33.3464665093 1.10595631476 2.13715396965 3.15570784324 0.938368789122 1.85819646119 2.42671513028 3.05212082153 68.0029408188 69.0708820857 70.0461275071 74.9559324681 76.7163590177 80.5394149499 1.01301016505 2.16269728455 2.73934974534 92.7750182016 93.8024714784 0.48258278501 0.905073570132 1.31428236296 1245.76743366 14.7559120134 6.52135214286 6.27351005207 5.16155630568 4.63765790605 1.13064805282 0.266130625663 0.544665379038
-9999.0 -9999.0 -9999.0 -9999.0 -9999.0 -9999.0 -9999.0 -9999.0 -9999.0 -9999.0 -9999.0 -9999.0 -9999.0 -9999.0 0.76072741341 2.33185861156 8.56335342208 12.5880720497 0.742131920844 16.7454002107 22.9071951533 1.26748658264 2.44203387285 3.54128655956 43.4292863598 44.3734508759 1.02957334438 5.21656815419 6.1749275321 6.94911679252 61.2258261589 63.1782918849 64.4010332815 0.597518668271 3.44279570014 4.09058984449 1.95204773927 2.81200015115 84.5494426044 88.0389909391 88.78303188 89.5022791282 94.816849999 0.497694577299 0.452880496921 2.15355796599 1246.21278998 0.37547062814 0.302558191632 0.896515127885 0.328517000802 4.20771351814 3.49290208218 2.034396003 1.48852905019
-9999.0 -9999.0 -9999.0 -9999.0 -9999.0 -9999.0 -9999.0 -9999.0 -9999.0 -9999.0 -9999.0 -9999.0 -9999.0 -9999.0 -9999.0 -9999.0 1.62529541253 3.28015576311 14.9937190955 15.8618500221 23.6773712744 24.5638103378 1.22293352575 2.44048178396 5.79836071586 45.2294693408 47.3370068466 48.2988136956 0.838394644632 51.6732439126 53.6534131824 1.28399829457 0.603420752453 1.18223905909 2.31202996596 0.562084655997 1.15909695409 2.62985487097 3.33011244694 0.633690665594 0.476286972447 0.967831782148 97.9544683246 98.8999133043 99.3062352657 102.399607952 1246.62668997 0.243339379321 0.228417878915 0.262750907757 0.256694242597 0.26222450159 0.23762979153 0.447858613479 0.187764383323
-9999.0 -9999.0 -9999.0 -9999.0 -9999.0 -9999.0 -9999.0 -9999.0 -9999.0 -9999.0 -9999.0 -9999.0 -9999.0 -9999.0 -9999.0 -9999.0 0.848529045664 0.835944609567 0.842638749591 1.79808114391 0.799729096622 26.1406200881 26.9512935 1.13784907397 2.27898157538 1.18145345615 1.0604836755 1.0455399246 50.1421673174 0.650918607861 1.30887197571 0.681140256724 0.621284772924 0.569212858332 0.477057563263 0.490455610697 1.4750009512 2.00020857468 0.418733902324 0.384351932932 0.810784667685 1.30923093718 1.60176899008 0.394153483214 99.8037749513 102.801932921 1246.9201451 1.12543808263 0.669635913545 0.164458577922 0.39016451976 0.136872107194 0.10889690853 0.568786931141 0.970473487294
-9999.0 -9999.0 -9999.0 -9999.0 -9999.0 -9999.0 -9999.0 -9999.0 -9999.0 -9999.0 -9999.0 -9999.0 -9999.0 -9999.0 -9999.0 -9999.0 -9999.0 -9999.0 0.827349013577 2.57538128873 3.29289016812 4.06265136552 27.6885116153 28.4148053107 29.188104923 30.1755301236 31.202247664 33.2988280081 33.9479462308 34.563832828 35.1403006765 0.579324267706 0.547485887045 0.565611212576 2.0387709607 0.526937971885 0.502627152165 0.425666910356 1.24543627479 0.473646570224 0.388811710082 0.366579466862 0.322273210064 0.643340497066 0.931831336478 104.712683673 1353.09029895 0.207254184165 0.50902470502 0.140821376001 0.537616838048 0.29637703201 0.219328643728 2.30759634488 1.59152061446
-9999.0 -9999.0 -9999.0 -9999.0 -9999.0 -9999.0 -9999.0 -9999.0 -9999.0 -9999.0 -9999.0 -9999.0 -9999.0 -9999.0 -9999.0 -9999.0 -9999.0 -9999.0 -9999.0 0.716005637892 5.48510920375 11.06791906 11.8933916303 1.10190289432 2.22749526197 3.35296189647 4.37122364079 10.7929108634 11.4049711447 0.595545125665 0.581172715954 36.3205906418 37.3955960028 37.9007996675 2.4627249064 0.407287149933 0.922817111879 1.35911608166 4.03316509829 4.92683260486 5.66818683664 0.691477651038 0.9681092713 0.322439387077 0.639918443345 0.327141480938 1353.7441052 0.207879339901 0.884329744921 0.419379060207 1.16053567045 2.25857286911 2.58621947405 4.99637722369 1.98595302697
-9999.0 -9999.0 -9999.0 -9999.0 -9999.0 -9999.0 -9999.0 -9999.0 -9999.0 -9999.0 -9999.0 -9999.0 -9999.0 -9999.0 -9999.0 -9999.0 -9999.0 -9999.0 0.772909137863 2.4329636657 4.78356023196 6.27454511897 16.4188917734 17.3721862231 2.31211634712 3.42200248712 4.41010838875 5.44105710605 12.0283921958 13.236495673 23.1296432397 23.8378448119 24.3474646605 38.42663307 42.3019171708 0.935166628371 0.554571298212 0.53900564092 1.04071633565 0.481828449664 6.58432124725 6.93630620436 1.27548377771 1.54303210624 0.283711233853 263.985181298 264.651906025 1618.85781496 1620.06021419 0.18450652097 1.55561223833 0.227281688959 0.217256207281 5.48620801135 7.67882400734
-9999.0 -9999.0 -9999.0 -9999.0 -9999.0 -9999.0 -9999.0 -9999.0 -9999.0 -9999.0 -9999.0 -9999.0 -9999.0 -9999.0 -9999.0 -9999.0 -9999.0 -9999.0 -9999.0 0.858819178024 0.835064507025 1.60284887047 3.82006744754 18.0907013254 1.17294899296 1.1588028659 2.15449339502 3.1522475762 7.72696207872 8.44740580933 0.454728623916 0.47053610844 24.9822517572 25.5333237565 68.2848253854 68.7007622854 0.362473303664 0.329464259199 0.279337604422 0.281703254965 0.287401338498 258.090590775 260.061520092 261.882972161 262.426718041 263.709504789 0.354325388057 1.31865009632 1.68925313916 1622.3977256 1622.59500148 1622.91775463 1623.22831319 1623.47443981 7.99028677498
-9999.0 -9999.0 -9999.0 -9999.0 -9999.0 -9999.0 -9999.0 -9999.0 -9999.0 -9999.0 -9999.0 -9999.0 -9999.0 -9999.0 -9999.0 -9999.0 -9999.0 -9999.0 -9999.0 -9999.0 0.785478056709 0.812121073307 1.51606113938 21.0512951188 21.8746994036 1.14476429691 2.14119615772 3.15322387624 3.91145288593 0.674370098758 1.30028291566 51.4499730365 52.0177464198 52.4580723377 56.1044583784 125.227713193 245.001906617 245.803643381 246.534133966 247.23867663 249.952823161 250.811335264 1.63877105504 0.757441516455 0.439093837557 0.836244611089 0.651601643714 1.02636490845 0.332452445483 7.04733558669 7.6957436491 8.18271869575 8.39151324724 1623.71709662 1632.02544727
-9999.0 -9999.0 -9999.0 -9999.0 -9999.0 -9999.0 -9999.0 -9999.0 -9999.0 -9999.0 -9999.0 -9999.0 -9999.0 -9999.0 -9999.0 -9999.0 -9999.0 -9999.0 -9999.0 -9999.0 -9999.0 0.796868396886 1.52598442399 2.25666865745 22.4980417035 0.925400383637 31.0770610133 32.1114431388 32.7897275401 33.442639439 48.8634471061 49.5314492545 0.597908362146 2.74628016327 3.31055453585 0.570286773233 118.960550222 117.92149916 0.358021926918 0.788178946725 2.08271545338 0.449011513498 0.471920980694 0.380097553928 0.333253899547 0.268297940179 0.308058708563 5.98009111417 6.29918952141 6.67236556756 0.324708769977 0.245898875561 8.54941733638 8.79329235478 8.94437019759
-9999.0 -9999.0 -9999.0 -9999.0 -9999.0 -9999.0 -9999.0 -9999.0 -9999.0 -9999.0 -9999.0 -9999.0 -9999.0 -9999.0 -9999.0 -9999.0 -9999.0 -9999.0 -9999.0 -9999.0 -9999.0 0.73977834918 0.691834241759 3.56543301859 27.5249108718 29.1812282456 30.1007740972 1.09261864851 13.9014171637 14.5360508907 14.8053822185 0.601415875896 1.24635783167 1.82945773332 28.4898928664 28.9519534216 29.3574165362 117.152374604 68.9651128188 0.427309001072 0.437883202732 0.424684811997 0.355847304001 3.54140501579 4.27820201787 4.93511813471 5.29829757299 5.65035717026 33.7589201929 34.0284758467 34.2990179082 34.9167876359 38.1194748844 38.304998424 47.455204355
-9999.0 -9999.0 -9999.0 -9999.0 -9999.0 -9999.0 -9999.0 -9999.0 -9999.0 -9999.0 -9999.0 -9999.0 -9999.0 -9999.0 -9999.0 -9999.0 -9999.0 -9999.0 -9999.0 -9999.0 -9999.0 -9999.0 1.44051015238 2.18459198915 0.810715261354 1.14765811945 10.0082599243 11.1117416013 12.0028004692 5.86795570877 6.48923539817 7.14671821746 7.74330696163 27.4861582021 28.0515154298 17.4573076752 47.3013598448 47.7669920266 68.5855624678 0.883213225013 0.442005888393 0.33848625862 2.42073958078 2.83674095784 0.278909096367 0.26085449267 32.5360443436 33.176136048 33.4989627589 0.314015436597 0.446590728861 37.5454523404 0.392331081099 1.36704453573 1.51739598945
-9999.0 -9999.0 -9999.0 -9999.0 -9999.0 -9999.0 -9999.0 -9999.0 -9999.0 -9999.0 -9999.0 -9999.0 -9999.0 -9999.0 -9999.0 -9999.0 -9999.0 -9999.0 -9999.0 -9999.0 -9999.0 -9999.0 0.716718416823 1.42017292104 5.98791002898 6.81875257137 7.82935918482 4.2764212012 5.23786013562 0.65581270236 17.9649398092 18.5746291166 19.1713686824 0.575587890803 16.383547951 16.9605729437 0.467326025365 66.2944933386 0.962032288123 0.475468400246 1.28718756181 1.73038264708 0.358331504074 0.302118998862 29.4114916329 31.9453877295 32.3185477624 0.374288940519 0.843517294375 1.0727959934 1.27194487935 2.44869216726 0.495781237627 1.11592243688 0.228994812776
