data/baseflow/History/mHMbfrc387
ncols                  80
nrows                 72
xllcorner      4374000.0
yllcorner      5656000.0
cellsize            500
NODATA_value       -9999
[rows 24 to 47 of 72, columns 0 to 54 of 80]
-9999.0 -9999.0 -9999.0 -9999.0 -9999.0 -9999.0 -9999.0 -9999.0 -9999.0 -9999.0 -9999.0 -9999.0 1.43793764849 4.10061650608 5.38394528575 9.46411110532 1.34193519342 2.63063203675 3.89040525767 14.2427523384 15.3927146508 16.4251909322 17.6974776362 19.0789595071 30.0340985283 34.0127318749 36.4798723988 1.13873471461 6.00240690478 7.08718788123 75.981689307 80.9379242645 82.7785876841 84.5858651474 86.6130892964 291.349768851 0.733319276731 567.854590302 2.48369341409 1.1489538379 6.17829337385 5.16277203694 0.943349515625 3.01630692896 4.1461006387 4.13340002246 2.9670445485 4.90677097034 7.83010180713 2.97548899552 8.03982713161 0.857069261583 1.50203099046 0.600195983877 0.494746914764
-9999.0 -9999.0 -9999.0 -9999.0 -9999.0 -9999.0 -9999.0 -9999.0 -9999.0 -9999.0 -9999.0 -9999.0 1.39768363619 2.76179659097 1.29711603367 2.6816340475 1.28604961199 9.18566639108 11.7208860082 13.0293197179 1.23404652285 2.39683156134 21.8225525244 27.5660093146 28.7230082466 2.63850786004 2.64593559227 3.89275506177 1.05572251722 1.04015402347 2.03810044228 0.949802309623 35.3370663504 36.2240976852 37.4099317775 292.16747599 576.186277496 569.181697276 2.02255589772 0.800095929842 0.740235925928 2.67396094187 1.85239558135 3.91191937732 5.10296491386 10.2179360762 0.977813926967 0.986313470117 8.78468662833 9.7541615369 19.6350573136 20.5537392332 22.6516589455 23.7866774409 1.00926375745
-9999.0 -9999.0 -9999.0 -9999.0 -9999.0 -9999.0 -9999.0 -9999.0 -9999.0 -9999.0 -9999.0 -9999.0 -9999.0 1.38552956421 2.70765439935 4.00216588601 6.60087166526 1.35293408034 1.28691745294 8.276025456 9.48617474489 19.5448651667 20.7413300444 3.47137829143 1.27758623404 1.31010731062 1.30211500418 29.2102291265 30.3602860723 31.4515713302 32.4705492141 34.4224140327 8.40705034029 9.46265455901 47.9358530619 916.668765608 6.15107798824 5.37664521372 2.85863587433 0.696475491992 0.670481430502 4.18979767947 4.83839825919 5.45573011096 0.793829284102 11.1019833303 1.86577306692 1.85749864432 0.774883300818 0.596358365164 0.521498466418 0.447530488293 0.517490354568 24.4162775451 359.722544054
-9999.0 -9999.0 -9999.0 -9999.0 -9999.0 -9999.0 -9999.0 -9999.0 -9999.0 -9999.0 -9999.0 -9999.0 -9999.0 -9999.0 1.32913355912 2.38689028761 3.35647232067 4.39584510916 5.69788369165 7.02330802934 3.94816078642 6.43846816938 1.2116079473 1.21907599322 23.0746769603 25.5039743264 26.6730833832 27.958810716 1.23033388373 2.39128332785 5.68621068133 6.72385487407 7.59708490697 1.04128254409 0.941481087312 918.978038206 0.803882668478 1.339916195 0.628452948374 2.60319567236 1.27985843003 0.633278365136 10.9872387355 11.5016604241 0.510503488233 11.6193827716 14.0470585452 2.48419009692 380.806150748 379.494856617 378.319697683 376.171119066 375.312659262 362.122533073 361.625265367
-9999.0 -9999.0 -9999.0 -9999.0 -9999.0 -9999.0 -9999.0 -9999.0 -9999.0 -9999.0 -9999.0 -9999.0 -9999.0 -9999.0 0.23119449906 0.540547661721 0.95729638735 8.52142464493 9.93130655791 1.39139498847 1.30772306989 1.24769631546 18.2338832412 20.6527376087 1.19303449542 1.24830825463 1.1664596136 4.64718474478 5.80147005836 3.60687354361 4.50891881133 25.4981189562 26.5246708139 28.3841775777 46.6487955823 966.041675304 0.762782527851 0.575881432326 3.79071567598 3.18823388069 0.552891110892 1.74953585392 2.27356551153 12.0894896442 12.5996810653 28.1564659276 14.5563484745 2.90815947497 390.834650186 4.93551176924 377.252887713 376.729265446 12.3449824294 0.604368011026 1.57684880427
-9999.0 -9999.0 -9999.0 -9999.0 -9999.0 -9999.0 -9999.0 -9999.0 -9999.0 -9999.0 -9999.0 -9999.0 -9999.0 -9999.0 1.19706820392 1.95258569963 4.16424215665 7.28534627649 10.8287743231 13.1999468963 14.5193383936 15.8034679304 17.0531680495 1.21130956606 1.18650629215 2.35800605891 2.33082805767 1.17130685663 21.6864462721 22.8295514742 23.9305030507 24.9813391169 15.3061699183 16.4241346115 17.4067304925 966.388473517 1.21798296025 1.39075126944 5.51656186968 0.537503508601 0.955166604045 0.463613083481 0.496211961236 2.72173085327 0.440826458462 0.469303080384 421.432643851 392.882887971 392.40830568 1.71116087972 4.42964966336 2.98396812754 0.833009852306 11.3578436758 3.66978396881
-9999.0 -9999.0 -9999.0 -9999.0 -9999.0 -9999.0 -9999.0 -9999.0 -9999.0 -9999.0 -9999.0 -9999.0 -9999.0 -9999.0 0.838367555882 0.776037453475 1.51368827719 2.31830328347 1.17250870558 1.30879142271 2.57782711274 3.85012569546 6.31847746313 7.5548164503 8.80175838359 12.4031023139 13.5664402082 14.7540584546 1.14473202772 11.2843749946 12.3642941787 13.38354128 0.925676430192 0.627044335565 1.10013045228 984.579225434 984.913597359 986.835923987 6.92203871863 1.04192063463 1.67236434804 0.491142089011 0.898636021431 3.12401231788 3.94579073259 0.866231624411 423.487012874 0.622507689156 0.956377045149 1.05477994437 0.797757192798 1.53153516317 0.663362454814 6.75906796499 5.46533242362
-9999.0 -9999.0 -9999.0 -9999.0 -9999.0 -9999.0 -9999.0 -9999.0 -9999.0 -9999.0 -9999.0 -9999.0 -9999.0 -9999.0 -9999.0 0.740126272764 1.47092178555 0.735376227687 1.51828399143 9.62802291098 10.7951150266 12.1081448331 1.22556365578 1.23505074356 2.4980435412 3.71466337339 6.0594558128 7.21644413056 7.8837671927 8.99985287234 1.05866368202 1.02543453243 15.3643605478 15.9241597374 16.3501064554 16.7365853004 13.7345022146 1002.19454305 1011.7080546 1012.11438165 1014.17444687 1016.21551281 1017.66712208 0.481207573582 4.34709633023 423.966139785 1.24908524466 0.637687975321 0.526046353884 0.432718273565 0.787188150522 0.858239000662 0.478307180043 0.626670544648 0.64965857071
-9999.0 -9999.0 -9999.0 -9999.0 -9999.0 -9999.0 -9999.0 -9999.0 -9999.0 -9999.0 -9999.0 -9999.0 -9999.0 -9999.0 -9999.0 -9999.0 2.18656145801 2.99539444009 5.33584472866 7.22993014657 1.02591314705 14.4524270552 15.6742227867 16.9501456859 1.29610872521 2.54547782237 1.19303526843 8.54552058843 9.17992601808 10.1747440577 11.2698802227 14.0766010978 14.4992904457 0.270452284024 12.2892087179 13.0400717178 13.3704282022 15.0089520154 2.23547520307 1.48447015051 1.00255866692 0.972047615759 1019.10525767 1019.81206655 1027.17237127 424.46325328 3.07119133277 1.36889848814 0.902968780358 0.320414425476 2.53520395946 1.36636783894 0.431155737957 2.34796672075 1.96622093457
-9999.0 -9999.0 -9999.0 -9999.0 -9999.0 -9999.0 -9999.0 -9999.0 -9999.0 -9999.0 -9999.0 -9999.0 -9999.0 -9999.0 -9999.0 -9999.0 0.833396343461 3.78263542688 4.59686757812 1.12367771936 1.30438023935 2.55646447809 3.79131998196 22.0188829412 1.27956290139 5.11249788298 6.31259096078 7.49087258564 0.669413315096 1.61899845989 2.26359113481 9.75572279038 11.0357020262 11.3007857104 0.348513392327 0.397432415598 0.515353827195 0.938632667004 0.423711169742 0.465330531226 0.97711743025 0.759099146271 0.962795108827 2.47436679855 1027.92776747 1454.29224115 3.74506668447 0.531758447781 0.300721160532 7.90781908104 7.22109843267 4.26098875566 3.83826994678 2.9052390481 0.613786328364
-9999.0 -9999.0 -9999.0 -9999.0 -9999.0 -9999.0 -9999.0 -9999.0 -9999.0 -9999.0 -9999.0 -9999.0 -9999.0 -9999.0 -9999.0 0.683794256434 2.28571137992 0.762395368012 1.3820872668 1.48931155018 2.78236926689 4.00263592283 5.09156917665 27.9549548082 29.2101584556 1.28716691463 2.49483725938 3.69903348738 4.55543908267 5.56100755421 8.72602218313 9.40705438537 0.905200199263 0.681559509233 0.673135557402 1.07152865103 0.979523353757 0.924260123323 0.794581551794 0.908500352772 3.33902927089 1.53191710314 0.583457837767 0.560033955925 0.643202467308 1.24230978202 1476.72217499 18.1504157965 9.06601209015 0.499651588451 0.20502805732 0.23714858487 0.954162923383 0.703785121448 0.38017403609
-9999.0 -9999.0 -9999.0 -9999.0 -9999.0 -9999.0 -9999.0 -9999.0 -9999.0 -9999.0 -9999.0 -9999.0 -9999.0 -9999.0 0.728126128721 1.38927366794 5.13380180334 0.760794940031 2.52199289893 4.01793614019 5.46583080217 1.41237683686 2.68927310386 3.71053842987 33.7451425796 1.25259806466 2.43831120969 3.59528775352 1.10053909693 2.19695104818 3.0929508394 3.82120881509 75.5832262469 77.0722458206 78.5021235662 84.8873758745 87.8485650411 93.2794118551 1.50867765518 3.32350122907 4.23460181068 110.490338454 111.708615445 0.534495427211 1.07548399807 1.59634707449 1477.25796255 17.1380432262 7.48148607088 7.25549997335 5.81869792068 5.20216273819 1.26857828002 0.281428670863 0.631198314731
-9999.0 -9999.0 -9999.0 -9999.0 -9999.0 -9999.0 -9999.0 -9999.0 -9999.0 -9999.0 -9999.0 -9999.0 -9999.0 -9999.0 0.722211969688 2.20187268825 8.05344415436 11.8350742508 0.695384521247 15.732306882 22.0214465413 1.36848758375 2.63463995621 3.72108507128 44.3170176031 45.2606950626 1.24024127909 6.07842767965 7.25940457716 8.22665979608 66.3573188642 69.2682844356 70.8816251123 0.766426763022 4.46351724373 5.2923543223 2.56022747474 3.71217235401 98.5442841785 103.604466969 104.586380276 105.538454736 113.034527657 0.651390303808 0.579278195224 2.65425525012 1477.72014296 0.357491695678 0.426564701475 1.24038967843 0.439040584628 4.78286274887 3.75299168324 2.16536751399 1.62096097034
-9999.0 -9999.0 -9999.0 -9999.0 -9999.0 -9999.0 -9999.0 -9999.0 -9999.0 -9999.0 -9999.0 -9999.0 -9999.0 -9999.0 -9999.0 -9999.0 1.52821960297 3.08279064546 14.0918346952 14.9045728474 22.7447492565 23.5725915345 1.30795731471 2.60302318019 6.15038722585 46.0860068123 48.5371286895 49.744611867 1.07513401244 54.1406841956 57.2253397062 1.94079770504 0.773085727658 1.54997156053 3.01169419643 0.718508849239 1.48859835172 3.43734625615 4.34842204037 0.803581338687 0.606302392148 1.23900916183 117.239375846 118.675094692 119.198762957 123.00671866 1478.15829239 0.220923544039 0.355832705158 0.375290492005 0.37072320472 0.37616798151 0.342339150622 0.657163029304 0.176889342697
-9999.0 -9999.0 -9999.0 -9999.0 -9999.0 -9999.0 -9999.0 -9999.0 -9999.0 -9999.0 -9999.0 -9999.0 -9999.0 -9999.0 -9999.0 -9999.0 0.796463910812 0.784771738399 0.789996759508 1.68729007829 0.75170429335 25.0527960822 25.8156838076 1.18652502505 2.41798212993 1.35540866901 1.27114885091 1.26227416023 52.1377084588 1.06742999959 2.11725294125 0.980731258997 0.819829626114 0.744817290086 0.628699088351 0.643481074885 1.91711310938 2.58984012558 0.543406871417 0.502382650246 1.04194203036 1.66349809571 2.14675385048 0.606158465481 119.810099903 123.512778857 1478.45994781 1.47149759258 1.06188731794 0.267047203101 0.600474536017 0.232963623701 0.188776861299 0.857975165362 0.957515697534
-9999.0 -9999.0 -9999.0 -9999.0 -9999.0 -9999.0 -9999.0 -9999.0 -9999.0 -9999.0 -9999.0 -9999.0 -9999.0 -9999.0 -9999.0 -9999.0 -9999.0 -9999.0 0.77756385456 2.41661017065 3.09229543895 3.81602992308 26.5082164392 27.1888911311 27.9166882065 28.8794057789 30.11847283 32.6423497144 33.6836750449 34.7279827753 35.6616380179 0.799693055475 0.758207339858 0.760355086394 2.69221087809 0.68329317306 0.648178973796 0.563489814283 1.63201284509 0.603993444248 0.49729741569 0.472495109528 0.428097329391 0.854815520936 1.21542284983 125.945158466 1606.23377633 0.183596547224 0.478153121883 0.254047817822 0.853792386878 0.51463326577 0.379617864344 2.59483889371 1.58956904589
-9999.0 -9999.0 -9999.0 -9999.0 -9999.0 -9999.0 -9999.0 -9999.0 -9999.0 -9999.0 -9999.0 -9999.0 -9999.0 -9999.0 -9999.0 -9999.0 -9999.0 -9999.0 -9999.0 0.672279566391 5.15794175855 10.4056039651 11.1861984376 1.04711359798 2.21346181193 3.42838222107 4.59324714592 11.7692456091 12.6336496939 0.835677880535 0.812656352844 37.2721509044 38.7523141613 39.4525624575 3.26638680444 0.543766815693 1.2099560913 1.7818550257 5.25837701659 6.39869960425 7.34550208807 0.891596771802 1.24917746989 0.407441487375 0.796004062565 0.399254899366 1607.0286523 0.188274688945 0.81277709641 0.522119034558 1.61882846987 2.87812633492 3.35702443246 6.04396736445 2.33148197824
-9999.0 -9999.0 -9999.0 -9999.0 -9999.0 -9999.0 -9999.0 -9999.0 -9999.0 -9999.0 -9999.0 -9999.0 -9999.0 -9999.0 -9999.0 -9999.0 -9999.0 -9999.0 0.725790174066 2.28506792309 4.49670382785 5.90205566645 15.4546914983 16.3524682433 2.47117848019 3.65641208744 4.75044453303 5.95748726732 13.6173375602 15.3541742334 27.3533187028 28.3445417348 29.0916208753 40.1581891442 45.2918902373 1.23549260667 0.716354279788 0.699286701614 1.34156680855 0.615192155382 8.50202073319 8.95096101979 1.6392993516 2.12451506335 0.45197567933 303.579287137 304.363559805 1911.91985574 1913.02737326 0.16085548751 1.96479352038 0.196227273818 0.191383096452 6.53394515845 9.07040014543
-9999.0 -9999.0 -9999.0 -9999.0 -9999.0 -9999.0 -9999.0 -9999.0 -9999.0 -9999.0 -9999.0 -9999.0 -9999.0 -9999.0 -9999.0 -9999.0 -9999.0 -9999.0 -9999.0 0.806763513418 0.785680720417 1.50842897948 3.60201979563 17.0264844312 1.24937549671 1.22888387687 2.33356116178 3.42865469695 8.84341400563 9.85511840923 0.660641128297 0.617467285823 29.9319532605 30.6584343839 76.6341067722 77.2841829825 0.484725035169 0.445249994806 0.376156592792 0.378977106348 0.375083972898 295.563550183 298.046337673 300.648446447 301.528409988 303.108294489 0.414452203095 1.55636334555 1.98844849377 1915.71053428 1915.90312984 1916.32618871 1916.87384596 1917.23931982 9.51594229379
-9999.0 -9999.0 -9999.0 -9999.0 -9999.0 -9999.0 -9999.0 -9999.0 -9999.0 -9999.0 -9999.0 -9999.0 -9999.0 -9999.0 -9999.0 -9999.0 -9999.0 -9999.0 -9999.0 -9999.0 0.739385100936 0.764411009831 1.43026184728 19.8184965218 20.595901411 1.22062429343 2.32300034048 3.42620561762 4.39310096888 0.910957110529 1.73007423952 52.52537176 53.3146651922 54.0120273431 59.0760975692 137.031200759 278.757336082 279.811100906 280.761915562 281.6806673 285.112080833 286.178275189 2.00045541156 0.931106757767 0.521414429095 0.996454132332 0.770096360003 1.2062989977 0.380120052896 8.58139375873 9.20232109185 9.67758928888 9.92114279598 1917.56382185 1927.5898433
-9999.0 -9999.0 -9999.0 -9999.0 -9999.0 -9999.0 -9999.0 -9999.0 -9999.0 -9999.0 -9999.0 -9999.0 -9999.0 -9999.0 -9999.0 -9999.0 -9999.0 -9999.0 -9999.0 -9999.0 -9999.0 0.750730655013 1.43942113765 2.12907562264 21.1839378251 0.91318515087 29.5096938642 30.6406535401 31.5945775492 32.4442246998 49.1931976859 50.007272203 0.814161106824 3.72271077997 4.50067932929 0.735328812275 140.654025298 139.320261268 0.464726430304 1.00585046052 2.61715986381 0.556821564759 0.571118012218 0.468538895758 0.405923819363 0.33651106561 0.367133542424 7.36257573979 7.72764037232 8.14858435722 0.28221920555 0.239617588533 10.059796671 10.3102743139 10.487288163
-9999.0 -9999.0 -9999.0 -9999.0 -9999.0 -9999.0 -9999.0 -9999.0 -9999.0 -9999.0 -9999.0 -9999.0 -9999.0 -9999.0 -9999.0 -9999.0 -9999.0 -9999.0 -9999.0 -9999.0 -9999.0 0.696608873852 0.653481158578 3.3682775131 25.9293633065 27.5277441356 28.4206020484 1.22880893224 14.6096042038 15.5038413872 15.912756031 0.763412397156 1.61274616313 2.37955845349 34.6595808756 35.2643481913 35.7941386339 138.326683011 77.7764860258 0.533977868322 0.542787426003 0.530266858881 0.44575381618 4.44313797368 5.33122678588 6.13350929475 6.5589579637 6.97257534647 42.8207768257 43.1340517521 43.5242909719 44.4821454553 48.5384325674 48.7544738273 59.468835239
-9999.0 -9999.0 -9999.0 -9999.0 -9999.0 -9999.0 -9999.0 -9999.0 -9999.0 -9999.0 -9999.0 -9999.0 -9999.0 -9999.0 -9999.0 -9999.0 -9999.0 -9999.0 -9999.0 -9999.0 -9999.0 -9999.0 1.36017744122 2.06425975273 0.762817712828 1.22220650201 9.79906791222 11.0604160552 12.2389696362 7.0121730574 8.04096993387 9.06239902115 9.87228277481 33.3579981408 34.0771161397 23.018769117 59.4281927198 60.0180278329 77.2982126361 1.10540241663 0.551231014434 0.438998601933 3.05141331024 3.56126798895 0.344330403786 0.324162294113 41.4276088029 42.166016244 42.5197535695 0.474467176325 0.681924701318 47.7753180871 0.48591696555 1.48591062084 1.65840179713
-9999.0 -9999.0 -9999.0 -9999.0 -9999.0 -9999.0 -9999.0 -9999.0 -9999.0 -9999.0 -9999.0 -9999.0 -9999.0 -9999.0 -9999.0 -9999.0 -9999.0 -9999.0 -9999.0 -9999.0 -9999.0 -9999.0 0.679001734036 1.34498533805 5.65700496961 6.43557421756 7.44587739648 4.74223772513 5.95658808885 1.07179702351 20.7614445304 21.7819442413 22.7415133695 0.805147658661 21.6430333955 22.3733899278 0.599501549207 74.4376959766 1.20311477311 0.597647890809 1.61864543717 2.17120836533 0.448057033008 0.388020175669 37.7357811367 40.7434732976 41.1663877515 0.432761220978 0.978800209676 1.26081855751 1.539776147 2.9867151048 0.542790157426 1.21006287181 0.243866273443
