data/baseflow/History/mHMbfrc294
ncols                  80
nrows                 72
xllcorner      4374000.0
yllcorner      5656000.0
cellsize            500
NODATA_value       -9999
[rows 24 to 47 of 72, columns 0 to 53 of 80]
-9999.0 -9999.0 -9999.0 -9999.0 -9999.0 -9999.0 -9999.0 -9999.0 -9999.0 -9999.0 -9999.0 -9999.0 1.00601798315 2.8273086236 3.70785789223 6.41083070578 0.820785216585 1.64069796555 2.40340284943 9.09971768923 9.69420607284 10.0632188558 10.6308252035 11.2831569863 17.7425068125 19.5883235532 20.4896616684 0.313894827647 2.09388540742 2.35948171204 37.6956620696 38.6980980697 39.1374257326 39.5827361242 40.0226725299 151.194255372 0.21083355696 319.924944477 0.512949396192 0.200315170758 2.69543048286 2.37463594937 0.332256490863 1.34742953583 1.97467971669 1.95839976854 1.34950152496 2.20898957302 3.48907231819 1.28377584962 3.35215666221 0.265087918311 0.368629384904 0.0693307187319
-9999.0 -9999.0 -9999.0 -9999.0 -9999.0 -9999.0 -9999.0 -9999.0 -9999.0 -9999.0 -9999.0 -9999.0 0.959071038504 1.89682093863 0.882398186292 1.80127668277 0.800027535091 6.05871919678 7.58694193911 8.37737224084 0.707254524967 1.33545227796 13.5621227566 16.670564198 17.1933548059 1.25593171339 1.17072450624 1.64205197887 0.229431497415 0.206584474579 0.389428374333 0.219629599004 20.4440923079 20.7180916519 20.9364809388 151.546451992 321.93462213 320.148440467 0.297405954377 0.134421595409 0.120912286205 0.594844030334 0.483507952088 1.57171025531 2.31746642243 4.69180653705 0.415470859811 0.413458245158 3.82872994604 4.1764635193 8.17059746973 8.38929476261 8.83089791184 8.96067343061
-9999.0 -9999.0 -9999.0 -9999.0 -9999.0 -9999.0 -9999.0 -9999.0 -9999.0 -9999.0 -9999.0 -9999.0 -9999.0 0.899072582415 1.80107827013 2.71087227257 4.38540495863 0.887561764581 0.793778476911 5.62069288607 6.3344647111 12.3885041808 13.1043946532 1.9929063243 0.677249899717 0.628457552338 0.57075337364 18.9482831984 19.2975318749 19.5652031639 19.7678798423 20.202302507 3.12502772129 3.39426406907 24.5507867752 498.224219325 1.41899122658 1.10320920019 0.494313292995 0.143113749975 0.108852172412 0.831149651433 0.912078414478 1.77515928677 0.102060053905 4.83972215227 0.652442373772 0.635035284695 0.0978431259996 0.0648491331898 0.0576695006276 0.0867689568315 0.0607438497595 9.02632656833
-9999.0 -9999.0 -9999.0 -9999.0 -9999.0 -9999.0 -9999.0 -9999.0 -9999.0 -9999.0 -9999.0 -9999.0 -9999.0 -9999.0 0.882955598758 1.71088180906 2.44856540171 3.20452614829 4.0219928023 4.86284650771 2.40565302195 3.97646814607 0.711119786712 0.69004978965 15.8209365044 17.1741927571 17.792823272 18.4538286932 0.476897320671 0.835361523091 2.21427464142 2.52506870779 2.82273041253 0.329964049405 0.244051198124 499.056273516 0.313922086294 0.385799704748 0.188492855151 0.600510645522 0.281756434461 0.159731836841 2.83785608771 2.98395757618 0.101096686823 4.95905216511 5.67713560613 0.6984435236 123.816341767 123.653876161 123.515832185 123.174249408 123.0028988 120.675590174
-9999.0 -9999.0 -9999.0 -9999.0 -9999.0 -9999.0 -9999.0 -9999.0 -9999.0 -9999.0 -9999.0 -9999.0 -9999.0 -9999.0 0.186095208085 0.425086787638 0.736491143793 6.59063307295 7.43590693714 0.857281159001 0.807422124162 0.791058768511 12.9694911373 14.4736160329 0.724484781588 0.741780403394 0.595960918499 2.43615541563 3.02646466313 1.44613542629 1.81104084543 14.1974515625 14.621533658 15.4316402593 24.1876600198 523.466806171 0.302559788614 0.15296672274 0.935447220978 0.769741237109 0.14182422943 0.455361311627 0.601537709436 3.14165917529 3.27202499101 9.2315579719 5.75106379357 0.782669492732 126.393928253 1.18586298156 123.380126767 123.283143641 2.18244047327 0.180425263941
-9999.0 -9999.0 -9999.0 -9999.0 -9999.0 -9999.0 -9999.0 -9999.0 -9999.0 -9999.0 -9999.0 -9999.0 -9999.0 -9999.0 0.965587651995 1.57275301562 3.28199409667 5.73108622037 8.11255409197 9.84858078162 10.6731645944 11.4900072696 12.2723718187 0.7335133122 0.664148801587 1.29723958121 1.2244410314 0.627710813262 12.3894809272 12.963654399 13.4996526266 13.9971427427 7.65872894238 7.99899845501 8.45338552603 523.659645838 0.531077882188 0.423505936615 1.48385131991 0.162517731661 0.304545626737 0.161960700944 0.134636803828 0.743267190435 0.104650020163 0.110588522145 136.297111289 126.976661799 126.859780751 0.510618564841 1.11127641667 0.704835658628 0.150164675505 1.86879060799
-9999.0 -9999.0 -9999.0 -9999.0 -9999.0 -9999.0 -9999.0 -9999.0 -9999.0 -9999.0 -9999.0 -9999.0 -9999.0 -9999.0 0.677042538087 0.622421869769 1.21331541882 1.85725407567 0.885243269865 0.906829624946 1.73614544569 2.5449428117 4.05672625701 4.82008727551 5.51023464152 7.51803764361 8.15005592971 8.81763256244 0.601099620474 6.10281625994 6.60497321304 7.01770897249 0.272896911087 0.113003780449 0.245636188312 532.199076859 532.385110388 533.254993766 1.97600184392 0.349100459604 0.457722194841 0.127819442973 0.239681753751 0.85590023968 1.05514450609 0.201381154766 136.820629381 0.174979670115 0.288550145788 0.324712112998 0.243369594207 0.428131272657 0.174948428974 1.27979912077
-9999.0 -9999.0 -9999.0 -9999.0 -9999.0 -9999.0 -9999.0 -9999.0 -9999.0 -9999.0 -9999.0 -9999.0 -9999.0 -9999.0 -9999.0 0.582078614132 1.14648179749 0.56666114703 1.18276902801 7.49766855404 8.26674939864 9.05798241454 0.7580518394 0.762217088535 1.45203333084 2.14493589711 3.38486639267 4.01401741945 4.35965570143 4.92333317183 0.475326898109 0.414895039733 7.6052333148 7.72216302228 7.90158745227 8.09226002051 6.68043362776 540.735642774 543.886678047 544.055655545 544.663467607 545.353965836 545.724315664 0.104216356136 1.15113521961 136.925160641 0.258806518831 0.13320394007 0.145219975601 0.131930583234 0.22958697229 0.214049136151 0.125840925071 0.19330061311
-9999.0 -9999.0 -9999.0 -9999.0 -9999.0 -9999.0 -9999.0 -9999.0 -9999.0 -9999.0 -9999.0 -9999.0 -9999.0 -9999.0 -9999.0 -9999.0 1.70433227465 2.32299920019 4.16793546094 5.6434705376 0.809977054721 10.7560144736 11.5173831864 12.252348741 0.72694392225 1.42168884299 0.627436238499 4.7277764502 5.04762303687 5.56050635079 6.09893998659 7.29314536175 7.41773835749 0.0904512030942 5.92850205344 6.31287047988 6.50079741455 7.2852811858 0.985626779468 0.624278492512 0.375254158449 0.357252076461 546.127844095 546.312018416 548.331718932 137.034202574 0.704030181202 0.350909381585 0.237062457017 0.0728626137003 0.6794561158 0.355038715649 0.113032044971 0.62997992458
-9999.0 -9999.0 -9999.0 -9999.0 -9999.0 -9999.0 -9999.0 -9999.0 -9999.0 -9999.0 -9999.0 -9999.0 -9999.0 -9999.0 -9999.0 -9999.0 0.618137519959 2.93459911461 3.58897871869 0.858939227149 0.828551824033 1.65967211073 2.43590304784 15.4655746433 0.719953478254 2.88811004873 3.53827347913 4.1723228597 0.338432955901 0.8088537974 1.04211168162 4.83886088163 5.29893314117 5.4625219865 0.187890632816 0.189633478178 0.223778035077 0.410886789428 0.172943750314 0.183115757944 0.28869007129 0.252654964462 0.292487194798 0.735618225829 548.537895959 686.062230861 0.857835672969 0.151217430864 0.0746490581826 2.1424464674 1.98146066333 1.18375411523 1.06275095326 0.792209795667
-9999.0 -9999.0 -9999.0 -9999.0 -9999.0 -9999.0 -9999.0 -9999.0 -9999.0 -9999.0 -9999.0 -9999.0 -9999.0 -9999.0 -9999.0 0.502926336746 1.68483420474 0.562331092056 0.94335197432 0.936057126808 1.78617214371 2.60775203761 3.36085745766 19.4374622636 20.1407613768 0.722813757621 1.38276996211 2.05015302055 2.49310574053 2.96575200724 4.24776023203 4.65120514119 0.24122752257 0.258595797329 0.244269106647 0.293622419311 0.305524638444 0.332600070266 0.281780451927 0.349131296489 1.0123209544 0.471575095198 0.178353999256 0.171054615962 0.168297469079 0.314100620605 692.210933187 5.10568544889 2.52378474678 0.203832765276 0.0884572031215 0.0798376467126 0.289359216732 0.200603108885
-9999.0 -9999.0 -9999.0 -9999.0 -9999.0 -9999.0 -9999.0 -9999.0 -9999.0 -9999.0 -9999.0 -9999.0 -9999.0 -9999.0 0.535148281599 1.02201494047 3.74243436732 0.521481683269 1.75815003613 2.67369917278 3.53471671491 0.884552148938 1.67145805654 2.40775053845 23.1226521762 0.685768891486 1.30761257535 1.93989524632 0.571985045581 1.12688543111 1.34666333313 1.72509633123 43.302866055 43.8542806292 44.3754691407 46.7157939499 47.6217928086 49.5006567951 0.452307881639 1.01556047246 1.221387813 54.8091645393 55.1455979416 0.157883554806 0.279513739514 0.39641984811 692.367293536 4.81310320904 2.03685047582 1.93618533098 1.70718247473 1.57106467147 0.384721572903 0.0935510931432
-9999.0 -9999.0 -9999.0 -9999.0 -9999.0 -9999.0 -9999.0 -9999.0 -9999.0 -9999.0 -9999.0 -9999.0 -9999.0 -9999.0 0.55204007227 1.6594511467 5.94430424395 8.70617132994 0.457921010728 11.4505059689 15.5931085776 0.847536873104 1.6339523588 2.40694096787 29.9260556259 30.5314831991 0.582434481382 3.12177238838 3.66870902588 4.12250327474 39.8402902557 40.7258605511 41.3251277858 0.29237377511 1.67815956446 1.99311614041 0.882674785848 1.28627337016 51.2612362947 52.8179516779 53.1301407781 53.4216146338 55.4784736035 0.161755411781 0.141134935364 0.654073559126 692.534152114 0.153480337108 0.0498400093875 0.143591870177 0.0579594493866 1.41262945351 1.26491308234 0.74759420121
-9999.0 -9999.0 -9999.0 -9999.0 -9999.0 -9999.0 -9999.0 -9999.0 -9999.0 -9999.0 -9999.0 -9999.0 -9999.0 -9999.0 -9999.0 -9999.0 1.14448449175 2.28325170758 10.2984601626 10.8872767218 16.0997062662 16.7115269115 0.830789627663 1.66053225149 3.9023022093 31.0461582805 32.2634871855 32.7670046811 0.408620260215 34.5442543803 35.4235364427 0.581755206318 0.29680985896 0.586985861441 1.1360733434 0.269080457835 0.539542530196 1.20247325375 1.50311982459 0.274313250815 0.181452179003 0.360562941591 56.82465618 57.2432658215 57.3658802012 58.3454341774 692.685618053 0.0953563884477 0.0274520101849 0.0345618269775 0.0326140706641 0.0341724382537 0.028197711074 0.0501299354274
-9999.0 -9999.0 -9999.0 -9999.0 -9999.0 -9999.0 -9999.0 -9999.0 -9999.0 -9999.0 -9999.0 -9999.0 -9999.0 -9999.0 -9999.0 -9999.0 0.593386611563 0.576846213078 0.57429941078 1.20995812021 0.52565288174 17.7537541383 18.3154858863 0.780668511243 1.53624596976 0.732451513829 0.614349762634 0.598109968679 33.7763042261 0.271158053152 0.544070524127 0.347222999284 0.325279781697 0.281155031246 0.219576837595 0.228763353357 0.700804728233 0.960696738227 0.183879969954 0.156624589566 0.337625862064 0.561663123582 0.74325098123 0.207959549325 57.5509658775 58.4756310031 692.797718658 0.258193489131 0.0784831995791 0.015343669883 0.0431384476797 0.0110129852577 0.00780342632064 0.0593826866543
-9999.0 -9999.0 -9999.0 -9999.0 -9999.0 -9999.0 -9999.0 -9999.0 -9999.0 -9999.0 -9999.0 -9999.0 -9999.0 -9999.0 -9999.0 -9999.0 -9999.0 -9999.0 0.570279982967 1.725506021 2.17927771908 2.68315355308 18.8131204128 19.3293042226 19.8609511036 20.5147910533 21.0987049837 22.309364494 22.5937775662 22.836475001 23.0940415677 0.285267097529 0.269060695509 0.280952194035 0.969929085903 0.255028971694 0.243287925479 0.191461060878 0.553066558276 0.20868997701 0.159996567775 0.148142607763 0.124222966946 0.247877537617 0.357611078035 59.2166517077 752.397558376 0.0810757319226 0.187857749563 0.0104030534367 0.0565417238567 0.0276598331093 0.0157422109364 0.726650366829
-9999.0 -9999.0 -9999.0 -9999.0 -9999.0 -9999.0 -9999.0 -9999.0 -9999.0 -9999.0 -9999.0 -9999.0 -9999.0 -9999.0 -9999.0 -9999.0 -9999.0 -9999.0 -9999.0 0.462336214012 3.77617878947 7.48687284596 8.03330546198 0.820120981494 1.60697447048 2.36999685133 3.00743367961 7.20678661777 7.51517615367 0.299212649893 0.294683150477 23.6995672074 24.2358140758 24.485952192 1.16126102075 0.167133200451 0.425115267403 0.62271165193 1.8482644212 2.25020694986 2.55991127543 0.283340871605 0.393999916715 0.132663604324 0.26120844657 0.13331557374 752.66241594 0.0784267558958 0.333841625187 0.11055894603 0.231929796642 0.583427542799 0.645180519451 1.41737208821
-9999.0 -9999.0 -9999.0 -9999.0 -9999.0 -9999.0 -9999.0 -9999.0 -9999.0 -9999.0 -9999.0 -9999.0 -9999.0 -9999.0 -9999.0 -9999.0 -9999.0 -9999.0 0.528231227474 1.70195042204 3.32209707103 4.32481423115 11.1460669747 11.8373046234 1.59678966543 2.35323655716 3.00423000074 3.63508411354 7.8075729301 8.41157645677 14.6118837165 15.0853532877 15.3607728382 24.7335228681 26.50029057 0.405320671708 0.27446321131 0.259519458037 0.493777182944 0.219447241193 2.97485343021 3.12423594998 0.519353358826 0.671920350309 0.125503008926 166.633774438 166.909519549 919.759416384 920.233459597 0.0757220819808 0.392670082919 0.100420227939 0.0942879553999 1.60906637222
-9999.0 -9999.0 -9999.0 -9999.0 -9999.0 -9999.0 -9999.0 -9999.0 -9999.0 -9999.0 -9999.0 -9999.0 -9999.0 -9999.0 -9999.0 -9999.0 -9999.0 -9999.0 -9999.0 0.616122831391 0.599015242619 1.11949573808 2.64346250847 12.35449968 0.817647254247 0.808646811379 1.46886350843 2.13690097403 5.02201399103 5.39900020324 0.247962673401 0.313158721897 15.7201050535 15.9775172131 42.7204419108 42.9309979467 0.151305880614 0.133814343437 0.112808224417 0.113911649518 0.121927590774 163.856798873 164.771911121 165.618573549 165.909484469 166.495095495 0.149753997056 0.550542384273 0.678130883109 921.178455492 921.266252005 921.437608898 921.616255581 921.768660835
-9999.0 -9999.0 -9999.0 -9999.0 -9999.0 -9999.0 -9999.0 -9999.0 -9999.0 -9999.0 -9999.0 -9999.0 -9999.0 -9999.0 -9999.0 -9999.0 -9999.0 -9999.0 -9999.0 -9999.0 0.539218622399 0.569636795062 1.04877167233 14.4149180375 15.0085874669 0.796132350573 1.45730530579 2.13819473855 2.55765541661 0.347839496402 0.731669906294 34.7930631878 35.0829399435 35.3659450884 37.4998202185 80.6863831353 157.731724899 158.100117839 158.434016747 158.755619634 160.135625658 160.577210413 0.772392974666 0.340979637097 0.199826601784 0.375544621689 0.273142905063 0.43381717653 0.134945593442 3.25851984002 3.55974800976 3.77286147043 3.83704591046 921.858572781
-9999.0 -9999.0 -9999.0 -9999.0 -9999.0 -9999.0 -9999.0 -9999.0 -9999.0 -9999.0 -9999.0 -9999.0 -9999.0 -9999.0 -9999.0 -9999.0 -9999.0 -9999.0 -9999.0 -9999.0 -9999.0 0.552930357645 1.05759430646 1.56656394704 15.4498697865 0.657817336442 21.4430755777 22.1428085325 22.492242816 22.8955306827 33.2344363678 33.6702744232 0.318117115532 1.57884552064 1.9075494647 0.307861064902 76.6820489635 76.1215189375 0.181936347116 0.41590896671 1.09466404633 0.238528308025 0.243374143641 0.17301372401 0.143857711392 0.111576136122 0.128953775371 2.82802093886 2.96155184743 3.12338526604 0.185551329956 0.12501659493 3.91765109396 4.00478211511
-9999.0 -9999.0 -9999.0 -9999.0 -9999.0 -9999.0 -9999.0 -9999.0 -9999.0 -9999.0 -9999.0 -9999.0 -9999.0 -9999.0 -9999.0 -9999.0 -9999.0 -9999.0 -9999.0 -9999.0 -9999.0 0.497042744312 0.465432346695 2.42768885858 18.9333730324 20.1269096958 20.78956101 0.698666261049 9.53316933389 9.82047807755 9.96673107027 0.387165764188 0.743407574168 1.03980230529 17.9572551901 18.1932665832 18.4012728813 75.7308277241 46.2968468416 0.230580393372 0.231082450239 0.221313066738 0.170071696653 1.76650056729 2.09314457689 2.37899820573 2.53657424153 2.68815103468 18.3966863038 18.5069036663 18.6513271109 18.9996640744 20.3351000414 20.3962749532
-9999.0 -9999.0 -9999.0 -9999.0 -9999.0 -9999.0 -9999.0 -9999.0 -9999.0 -9999.0 -9999.0 -9999.0 -9999.0 -9999.0 -9999.0 -9999.0 -9999.0 -9999.0 -9999.0 -9999.0 -9999.0 -9999.0 0.974309328471 1.4970278177 0.594593159168 0.812335063942 7.14359768508 7.85736517952 8.38637354149 3.78660632392 4.05460615922 4.37664218844 4.70680789775 17.431886783 17.7531585957 10.3150316048 28.9784347617 29.2235558605 46.1067327117 0.464806881144 0.231669432034 0.163536592489 1.22674880068 1.43579967598 0.118668060459 0.108567011811 17.8839905287 18.1569434877 18.2924759245 0.166059309078 0.248309606182 20.140358349 0.131065230801 0.473047147473
-9999.0 -9999.0 -9999.0 -9999.0 -9999.0 -9999.0 -9999.0 -9999.0 -9999.0 -9999.0 -9999.0 -9999.0 -9999.0 -9999.0 -9999.0 -9999.0 -9999.0 -9999.0 -9999.0 -9999.0 -9999.0 -9999.0 0.491086270125 0.971063707544 4.26211630789 4.89183668049 5.6208629943 2.92145742568 3.51391853651 0.291106343392 11.8699838523 12.1344878775 12.4158176734 0.306998693097 9.71734331444 10.0502728636 0.250258966976 44.8861237616 0.526222135235 0.259739215987 0.662858602268 0.895334744206 0.171866996586 0.139070339717 16.4598773009 17.6326251628 17.7965321798 0.164937593604 0.351675100492 0.442093215067 0.517987461543 1.0232753514 0.17128855559 0.388376295923
