data/baseflow/History/mHMbfrc496
ncols                  80
nrows                 72
xllcorner      4374000.0
yllcorner      5656000.0
cellsize            500
NODATA_value       -9999
[rows 24 to 47 of 72, columns 0 to 53 of 80]
-9999.0 -9999.0 -9999.0 -9999.0 -9999.0 -9999.0 -9999.0 -9999.0 -9999.0 -9999.0 -9999.0 -9999.0 0.725544089272 1.97339265807 2.56862336593 4.34625607915 0.480616837689 0.987403008859 1.43805498964 5.86741495805 6.22163456597 6.48320184735 6.7718956664 7.10509394427 11.1359647765 12.1151071742 12.622806994 0.188669360875 1.28197057202 1.46363757217 23.1179782524 23.7509294919 24.0703673631 24.4016746356 24.6579199641 92.8485479999 0.23115898887 195.365582348 0.269085707621 0.126630915682 1.40794971855 1.22288030167 0.174484319344 0.64961888894 1.00392839949 0.979150564123 0.656275269979 1.06991077162 1.69156665877 0.652419620928 1.65076944029 0.135848664769 0.226634318938 0.0578726302626
-9999.0 -9999.0 -9999.0 -9999.0 -9999.0 -9999.0 -9999.0 -9999.0 -9999.0 -9999.0 -9999.0 -9999.0 0.653375379743 1.30894762084 0.60757252795 1.20689825358 0.492774757936 4.03170956556 4.95938669068 5.43538048873 0.413969392367 0.788116499534 8.69979843491 10.5356993032 10.8539657066 0.640987685787 0.693069583696 0.98177627332 0.15293794473 0.135071083457 0.255853418089 0.115670765256 14.9855636926 15.1097424826 15.2246953873 93.0521416444 196.654191055 195.489682755 0.20479873195 0.105093214401 0.0978296739329 0.363267614737 0.285268471278 0.799345417881 1.18194599983 2.3726027068 0.212628728511 0.210523816554 1.86768320087 2.05294773916 4.02421521841 4.13310773074 4.42667695176 4.53933653674
-9999.0 -9999.0 -9999.0 -9999.0 -9999.0 -9999.0 -9999.0 -9999.0 -9999.0 -9999.0 -9999.0 -9999.0 -9999.0 0.627569882112 1.2596866064 1.90187790145 2.96509576885 0.571918446108 0.49028511285 3.8768840209 4.30221776215 7.98692159225 8.42780655181 1.19710075811 0.361715036279 0.308319261616 0.309762207935 14.1447476679 14.3213214123 14.4868169306 14.6227662129 14.8667729955 1.64039788819 1.74734838073 17.1293883247 306.937833087 0.862592386418 0.674437426546 0.320428450499 0.08997795365 0.080950891459 0.557999543685 0.627242199628 0.952028198569 0.0749137046397 2.46612701759 0.34567629546 0.337287901307 0.0717762815431 0.0530036848544 0.0534916806578 0.0533668484796 0.0585131739438 4.59897910091
-9999.0 -9999.0 -9999.0 -9999.0 -9999.0 -9999.0 -9999.0 -9999.0 -9999.0 -9999.0 -9999.0 -9999.0 -9999.0 -9999.0 0.579981009334 1.21415477192 1.80708400208 2.40809597841 2.90162126121 3.41613211172 1.46844958432 2.44273824682 0.428762058226 0.396339002269 12.5185939871 13.2520402844 13.5730691931 13.9118906824 0.228570844914 0.402239612545 1.11968743561 1.32556176567 1.49583725275 0.134676512922 0.133337108523 307.420528116 0.184498806435 0.250006332504 0.145546735019 0.396021178982 0.184449255619 0.118626520903 1.67543750621 1.76813435176 0.0596772013591 2.53589665373 2.96812409701 0.430157143074 69.5596730885 69.4197431303 69.3030155379 69.0478164377 68.9498094575 67.018151793
-9999.0 -9999.0 -9999.0 -9999.0 -9999.0 -9999.0 -9999.0 -9999.0 -9999.0 -9999.0 -9999.0 -9999.0 -9999.0 -9999.0 0.202139633031 0.447967059929 0.634993220578 6.69014124567 7.20839778746 0.533144937461 0.498496793401 0.492992193554 10.8824293884 11.783257505 0.41773696355 0.419662646032 0.307479716688 1.32061269026 1.64108272053 0.724633208742 0.926086640813 8.15285942807 8.37023624742 8.74485369238 13.7034624524 321.256559904 0.205143104645 0.116433192127 0.616887403312 0.506405522742 0.0749869226414 0.276975363616 0.358824395625 1.8609542058 1.94220118111 5.06908172066 3.00197073356 0.47771355662 71.0911928429 0.713768079418 69.1908338446 69.1240285715 1.82691729064 0.0665937644059
-9999.0 -9999.0 -9999.0 -9999.0 -9999.0 -9999.0 -9999.0 -9999.0 -9999.0 -9999.0 -9999.0 -9999.0 -9999.0 -9999.0 1.03286412936 1.70324246464 3.41584963256 6.10706242675 7.8360794371 9.0181788864 9.50961032596 10.0107356176 10.4792422996 0.432598765599 0.364302648934 0.707222525088 0.65232120198 0.354168716819 7.17409040705 7.4822382433 7.7615108043 8.0231877872 4.29980050792 4.48420622078 4.76810414176 321.37271764 0.369066125667 0.372774024276 1.06663869521 0.101170215229 0.184623038037 0.105313073369 0.074571492758 0.443630464498 0.0626122606682 0.0674147703815 76.5368701222 71.418654784 71.3491162037 0.277167685475 0.63293952633 0.39964008272 0.086681247265 1.6479442413
-9999.0 -9999.0 -9999.0 -9999.0 -9999.0 -9999.0 -9999.0 -9999.0 -9999.0 -9999.0 -9999.0 -9999.0 -9999.0 -9999.0 0.720926968 0.701126294581 1.38452689969 2.05945406401 0.611842004472 0.628460246138 1.15672042772 1.66972130172 2.60557551639 3.06381370028 3.43192842364 4.5287526747 4.86125388622 5.2463876011 0.332321565045 3.41667984966 3.67884084668 3.9192610074 0.189137769674 0.0896617981849 0.166790091935 326.340581694 326.452562197 327.053848926 1.34690409587 0.204817139963 0.317214502904 0.0971207629358 0.133707376908 0.508303761418 0.625492023732 0.122407052256 76.8550086523 0.109071359525 0.147346305911 0.158497433424 0.133427113221 0.242171216455 0.103381005174 1.12126868648
-9999.0 -9999.0 -9999.0 -9999.0 -9999.0 -9999.0 -9999.0 -9999.0 -9999.0 -9999.0 -9999.0 -9999.0 -9999.0 -9999.0 -9999.0 0.676449254267 1.32670626775 0.627339675416 1.28694342943 7.76954981896 8.26869093562 8.75335426366 0.464388476487 0.464649961655 0.830853540328 1.22070132689 1.87032880363 2.21643487428 2.45486771454 2.77450127147 0.237909019722 0.209682143192 4.37034610921 4.47147341923 4.56866340805 4.67924063628 4.03106087891 331.55059838 333.582207753 333.657143456 334.035378303 334.411276657 334.596734426 0.053591507143 0.678608961488 76.9064939967 0.119665777269 0.0614653518451 0.0924906514312 0.0978536939085 0.16194482786 0.134542577148 0.0812555320275 0.124220221176
-9999.0 -9999.0 -9999.0 -9999.0 -9999.0 -9999.0 -9999.0 -9999.0 -9999.0 -9999.0 -9999.0 -9999.0 -9999.0 -9999.0 -9999.0 -9999.0 1.96772441484 2.59924239921 4.53005470182 5.83102804254 0.639876350956 9.96600292132 10.4206562766 10.829291763 0.394562253626 0.773422905379 0.32250244881 2.57796584566 2.78372709335 3.12221163191 3.47108900436 4.12473661733 4.23540507883 0.0714286465272 3.56396815297 3.79672731106 3.92536866972 4.38245662229 0.582222147173 0.357200508959 0.20534017271 0.180877508325 334.818208685 334.917076396 336.046892891 76.9538529021 0.386649978491 0.221415258904 0.150751187102 0.0443828274174 0.451012211325 0.229016229221 0.0726863893668 0.405405496533
-9999.0 -9999.0 -9999.0 -9999.0 -9999.0 -9999.0 -9999.0 -9999.0 -9999.0 -9999.0 -9999.0 -9999.0 -9999.0 -9999.0 -9999.0 -9999.0 0.668390636635 3.25410225626 3.92612402327 0.652208836245 0.523553709881 1.07343435106 1.55693321166 12.8207968972 0.399221246419 1.59619262449 1.94002424509 2.2756451328 0.233934368992 0.531934974802 0.665237133996 2.81109691828 3.14381262305 3.26184569177 0.120073653865 0.106015940641 0.119665441354 0.217629449393 0.0955203891 0.0988920320805 0.150969403239 0.112696846372 0.142443251696 0.399294974956 336.139051329 413.317028259 0.501448669691 0.105337436559 0.0580702565851 1.40077024532 1.30097021159 0.771881084068 0.691177313368 0.512881780544
-9999.0 -9999.0 -9999.0 -9999.0 -9999.0 -9999.0 -9999.0 -9999.0 -9999.0 -9999.0 -9999.0 -9999.0 -9999.0 -9999.0 -9999.0 0.593344165936 1.8624254007 0.603622553674 0.628243261353 0.610327771188 1.15657000897 1.6892235347 2.16424520734 15.5038786315 15.8847948624 0.395339665825 0.743247251163 1.09768144969 1.35031131705 1.61141379825 2.4534942495 2.69175022072 0.182176098906 0.128819039897 0.107095321301 0.0831606351178 0.145068811586 0.148973914904 0.159336420017 0.183763565216 0.553612659888 0.240998740219 0.113198498762 0.112168001931 0.084437850434 0.154100723854 418.89254308 5.01855595757 1.82378977677 0.256955639891 0.132085557205 0.0691799266894 0.212240089134 0.133956408401
-9999.0 -9999.0 -9999.0 -9999.0 -9999.0 -9999.0 -9999.0 -9999.0 -9999.0 -9999.0 -9999.0 -9999.0 -9999.0 -9999.0 0.623474868899 1.20576957415 4.25215051988 0.578301558925 1.22575048444 1.81104706625 2.32951727735 0.550321138723 1.0009270935 1.50317624001 17.8573376219 0.365392925405 0.682656126623 1.01376964526 0.300406046554 0.590536836975 0.748423588789 0.943712351885 29.1927590414 29.471928728 29.7818557823 31.1400415614 31.478325538 32.3446531351 0.339640243016 0.714929310716 0.71451061446 35.2723327536 35.4563223079 0.100844185344 0.156530525588 0.210214709016 418.975818039 4.84124597406 2.67292076453 2.50850167853 1.85526812085 1.52359100419 0.277646695197 0.0721221705261
-9999.0 -9999.0 -9999.0 -9999.0 -9999.0 -9999.0 -9999.0 -9999.0 -9999.0 -9999.0 -9999.0 -9999.0 -9999.0 -9999.0 0.631453516408 1.91870542943 6.80072168465 10.056193601 0.522360737671 13.0646475107 15.9392086736 0.502990269611 0.950081075721 1.43425178295 22.0050933975 22.392250483 0.266848712855 1.55607748868 1.80630289281 2.04005631988 27.2683755832 27.794901409 28.1202688648 0.165315103459 0.930767132236 1.13375326437 0.434547984618 0.608780469353 33.2257537195 34.2143026426 34.3560700629 34.4881657492 35.6052904156 0.0724394380194 0.0663454609579 0.331792703415 419.081907101 0.169197822963 0.175157998225 0.513872185404 0.203399363061 1.33154682756 1.05758949074 0.64810258768
-9999.0 -9999.0 -9999.0 -9999.0 -9999.0 -9999.0 -9999.0 -9999.0 -9999.0 -9999.0 -9999.0 -9999.0 -9999.0 -9999.0 -9999.0 -9999.0 1.33348877159 2.67751964229 11.8925690172 12.5372998854 16.5112816796 17.0716968712 0.489619241224 0.980222910268 2.24353701249 22.8422446097 23.4429524478 23.6688702276 0.182339239933 24.5035776738 25.0454225858 0.347431511538 0.157873017715 0.292605423152 0.579707478588 0.144751621519 0.287069450815 0.618658389272 0.769868691196 0.157884681037 0.107505545735 0.20784064445 36.4166361157 36.6929977071 36.7479810092 37.2588626626 419.167996973 0.147394727444 0.11197578915 0.13919251318 0.13887292129 0.143569729411 0.127760906614 0.233122549046
-9999.0 -9999.0 -9999.0 -9999.0 -9999.0 -9999.0 -9999.0 -9999.0 -9999.0 -9999.0 -9999.0 -9999.0 -9999.0 -9999.0 -9999.0 -9999.0 0.692782507256 0.676921039047 0.658110258429 1.24916913543 0.553806603469 18.1784449836 18.6885973643 0.4445814509 0.869339990525 0.373927862851 0.296851420432 0.28411681545 24.1535639126 0.177956212176 0.374378255301 0.184070373162 0.156321119313 0.143075972108 0.111531174051 0.117042224626 0.367223881224 0.507842526851 0.101532010644 0.0914590541002 0.204030373214 0.346308181955 0.451800168502 0.140988723164 36.8597580546 37.3188427811 419.23762778 0.577046567936 0.261328109392 0.0735351932249 0.196372144587 0.0595164650623 0.0469281747975 0.286379846828
-9999.0 -9999.0 -9999.0 -9999.0 -9999.0 -9999.0 -9999.0 -9999.0 -9999.0 -9999.0 -9999.0 -9999.0 -9999.0 -9999.0 -9999.0 -9999.0 -9999.0 -9999.0 0.669558072235 1.85684732915 2.38820071109 2.93230842904 19.2214892552 19.7568316462 20.2565985567 20.6974961969 20.9697227962 21.5388809223 21.707630212 21.8723056576 22.0077188825 0.127904766338 0.120814065835 0.132453917594 0.485992133478 0.133558056137 0.129766519168 0.0977282407952 0.293294925653 0.125533925044 0.0981443013841 0.0900624926491 0.0767734515082 0.153170740592 0.225171027136 37.7889355586 457.664713584 0.163192901446 0.267991364545 0.0544651593107 0.262783946757 0.133631685596 0.0944606328333 1.02957963746
-9999.0 -9999.0 -9999.0 -9999.0 -9999.0 -9999.0 -9999.0 -9999.0 -9999.0 -9999.0 -9999.0 -9999.0 -9999.0 -9999.0 -9999.0 -9999.0 -9999.0 -9999.0 -9999.0 0.55277321308 4.40445352022 8.5347084598 9.08139659895 0.598906897664 1.05523024861 1.48782332545 1.79838206882 4.07505469413 4.21275279763 0.132446910429 0.132839834979 22.3286407403 22.5928023746 22.7026252559 0.574289704302 0.0824967381788 0.223692714265 0.326274398568 0.986207146655 1.22179329957 1.41128262931 0.171509756675 0.240266398337 0.0840770960699 0.170465011454 0.0901152960051 457.815599479 0.129656113495 0.537381311326 0.15459205596 0.458009319233 1.23379181378 1.39624967165 2.50374664836
-9999.0 -9999.0 -9999.0 -9999.0 -9999.0 -9999.0 -9999.0 -9999.0 -9999.0 -9999.0 -9999.0 -9999.0 -9999.0 -9999.0 -9999.0 -9999.0 -9999.0 -9999.0 0.617422559972 1.96993211126 3.85957909599 5.0438561784 12.7083708068 13.2776187037 0.926100347728 1.36535403192 1.71595723908 2.02014571511 4.36665544519 4.64099265287 8.10247850332 8.36931786574 8.54414421118 22.816552598 23.703673149 0.208740297727 0.148531470889 0.140530325122 0.272546483796 0.126867126088 1.66105991483 1.75214127813 0.324970363145 0.418956405169 0.116702884832 122.371331183 122.590344378 580.498624317 581.194076949 0.158091595056 0.789245503431 0.267804130875 0.192704546556 2.80652782176
-9999.0 -9999.0 -9999.0 -9999.0 -9999.0 -9999.0 -9999.0 -9999.0 -9999.0 -9999.0 -9999.0 -9999.0 -9999.0 -9999.0 -9999.0 -9999.0 -9999.0 -9999.0 -9999.0 0.705151555659 0.68706434778 1.29549736269 3.07533930954 13.8436552411 0.483078620292 0.476480912019 0.820326616928 1.17632538544 2.80794912007 3.02616238283 0.166908692711 0.173685511773 8.71622349777 8.84766200991 32.6928224571 32.8275456054 0.0757053385316 0.0651060312652 0.056169157118 0.0568065099383 0.065658170363 120.577616935 121.164423013 121.675216052 121.887463472 122.278506657 0.109171257748 0.398155256899 0.477935039881 581.855999274 581.921708879 581.972652722 582.028184148 582.089957525
-9999.0 -9999.0 -9999.0 -9999.0 -9999.0 -9999.0 -9999.0 -9999.0 -9999.0 -9999.0 -9999.0 -9999.0 -9999.0 -9999.0 -9999.0 -9999.0 -9999.0 -9999.0 -9999.0 -9999.0 0.627709107724 0.658202465003 1.22084170768 16.2217840619 16.7459172553 0.462956614141 0.803441026862 1.17155513409 1.44807147791 0.234509385039 0.429858435956 33.0064766473 33.1276147227 33.2831586857 34.3904604983 67.3517024572 117.200270353 117.386872858 117.562197666 117.727948844 118.486487875 118.737029212 0.50279783694 0.225800846336 0.140388339665 0.263241889489 0.198080712404 0.315923566017 0.101764957041 2.11130227239 2.47500245631 2.76952076946 2.80497287729 582.119526536
-9999.0 -9999.0 -9999.0 -9999.0 -9999.0 -9999.0 -9999.0 -9999.0 -9999.0 -9999.0 -9999.0 -9999.0 -9999.0 -9999.0 -9999.0 -9999.0 -9999.0 -9999.0 -9999.0 -9999.0 -9999.0 0.639528619465 1.22530862228 1.81417675651 17.2335539259 0.415593226212 22.9299638914 23.314512869 23.5499331521 23.7662569478 32.1435341538 32.3857967801 0.146704171734 0.793703307323 0.985294748098 0.163693175156 49.664290784 49.3689083377 0.0931248241963 0.217939325909 0.607744289184 0.138428581765 0.153316934793 0.114976824664 0.0995752543506 0.075078916687 0.0933354567845 1.79188858268 1.89394724458 2.01905825698 0.282861961198 0.218143903201 2.96503624061 3.02580705029
-9999.0 -9999.0 -9999.0 -9999.0 -9999.0 -9999.0 -9999.0 -9999.0 -9999.0 -9999.0 -9999.0 -9999.0 -9999.0 -9999.0 -9999.0 -9999.0 -9999.0 -9999.0 -9999.0 -9999.0 -9999.0 0.581284504385 0.545874509693 2.82944377684 21.1731859527 22.1432282176 22.5925574448 0.346624080562 7.77694791358 8.01297498015 8.12491822726 0.21108702698 0.38098593654 0.532713070591 10.9883726654 11.1066369905 11.2117033733 49.1750883138 31.0233537604 0.122200511857 0.133197728778 0.126612907687 0.0990815677301 1.03547196948 1.26441585434 1.46243294948 1.57862561995 1.68997791711 11.9792058165 12.0665928724 12.1682335742 12.3930933744 13.4378811909 13.4738680092
-9999.0 -9999.0 -9999.0 -9999.0 -9999.0 -9999.0 -9999.0 -9999.0 -9999.0 -9999.0 -9999.0 -9999.0 -9999.0 -9999.0 -9999.0 -9999.0 -9999.0 -9999.0 -9999.0 -9999.0 -9999.0 -9999.0 1.13782513408 1.73864043463 0.582722814754 0.485602644977 6.57539350783 6.94514704811 7.19617121031 2.24673769679 2.44476993357 2.6525037248 2.81040476956 10.7140185652 10.8879559274 6.57721898925 17.9260101948 18.0513410736 30.9300310588 0.262552887899 0.135721136225 0.0900787289376 0.7098576132 0.837748988698 0.0800056101298 0.0751452794541 11.5973024616 11.7992093398 11.9020332758 0.108206124776 0.162231991544 13.268236109 0.0940990125728 0.306283460096
-9999.0 -9999.0 -9999.0 -9999.0 -9999.0 -9999.0 -9999.0 -9999.0 -9999.0 -9999.0 -9999.0 -9999.0 -9999.0 -9999.0 -9999.0 -9999.0 -9999.0 -9999.0 -9999.0 -9999.0 -9999.0 -9999.0 0.571382929989 1.12975525391 4.6661483435 5.24844121398 5.69555676647 1.7612450161 2.04818934705 0.218556264555 7.35840329135 7.55475789496 7.74357030223 0.17190447079 6.25914877391 6.44081849277 0.13366395708 30.2522161572 0.295667221255 0.147289115054 0.384237719489 0.520476161854 0.102077980304 0.0802125798225 10.6163114413 11.4144935536 11.5362853333 0.124921597515 0.270728543969 0.338792574336 0.416938449752 0.806602390021 0.110844556608 0.253948666006
