data/baseflow/History/mHMbfrc420
ncols                  80
nrows                 72
xllcorner      4374000.0
yllcorner      5656000.0
cellsize            500
NODATA_value       -9999
[rows 24 to 47 of 72, columns 0 to 53 of 80]
-9999.0 -9999.0 -9999.0 -9999.0 -9999.0 -9999.0 -9999.0 -9999.0 -9999.0 -9999.0 -9999.0 -9999.0 1.07311015453 2.97466217227 3.87944144149 6.59145519017 0.768368431082 1.56789263946 2.3045546172 9.15607226811 9.8203218503 10.4677656755 11.0342509106 11.5783002992 17.4713869626 19.0478855159 19.9353918873 0.422155452515 2.02253845681 2.43348485729 38.0777260047 39.7889280219 40.67468552 41.5907867662 42.1765748357 154.542815992 0.11041919118 276.434312251 0.328553129665 0.184962774167 2.16490180062 1.84445866392 0.320281243314 0.924190858369 1.3952327918 1.3521550857 0.972720490938 1.60246964792 2.52941824535 0.958757854526 2.28405822871 0.241091867611 0.446658134263 0.0642830341208
-9999.0 -9999.0 -9999.0 -9999.0 -9999.0 -9999.0 -9999.0 -9999.0 -9999.0 -9999.0 -9999.0 -9999.0 1.0052598966 1.98776238032 0.919042902416 1.83100635507 0.788090417618 6.18634366298 7.68278319979 8.4427368439 0.691339992578 1.36450533352 13.2700860491 16.4697573146 17.0417056436 1.10652346433 0.889393882158 1.32207251771 0.355662246688 0.32126181225 0.594956776928 0.229927819272 20.0283820136 20.2978160275 20.4013935519 154.80077323 277.834792139 276.575491793 0.286169557884 0.158837028846 0.14328768634 0.684984144282 0.556620135144 1.2580520423 1.7076636593 3.38223205764 0.318718911087 0.31651474328 2.82067700125 3.12514695584 5.90866911801 6.03574339492 6.54742039423 6.6658958255
-9999.0 -9999.0 -9999.0 -9999.0 -9999.0 -9999.0 -9999.0 -9999.0 -9999.0 -9999.0 -9999.0 -9999.0 -9999.0 0.956711886301 1.90825956416 2.86512616763 4.53236626329 0.866474269486 0.774305580498 5.32527955294 6.02844169534 11.9484421656 12.6639188835 2.03989571214 0.626270515223 0.537401394854 0.44126239539 18.2775420212 18.6107898865 18.9727681343 19.26975528 19.7721904678 3.1273141195 3.2618446941 23.7527192261 456.552491267 1.03360776442 0.764835863674 0.430063343831 0.123646847791 0.115002225263 0.950833974562 1.03251155656 1.48516756307 0.121101244441 3.55638861158 0.573350076148 0.566811806805 0.117522301245 0.0687115512849 0.0549061743711 0.0435655375684 0.0539829673527 6.75290375465
-9999.0 -9999.0 -9999.0 -9999.0 -9999.0 -9999.0 -9999.0 -9999.0 -9999.0 -9999.0 -9999.0 -9999.0 -9999.0 -9999.0 0.917779757532 1.67498189341 2.35058416687 3.01956716265 3.78582377824 4.5768173852 2.2897741503 3.82377061455 0.702087959046 0.664435696836 15.5397977035 16.7848062718 17.3411037484 17.9100304589 0.375645030035 0.687541618121 1.99610518736 2.43595748879 2.8362834303 0.180856303721 0.100695705983 457.114231032 0.239378493495 0.220251552461 0.107831498258 0.537828581471 0.267826995735 0.0973213082272 2.61147768807 2.68049705839 0.0542728382163 3.61473000257 4.25147621284 0.650709984363 81.3125485235 81.1387485289 81.004618727 80.7771819 80.6963087659 79.213825631
-9999.0 -9999.0 -9999.0 -9999.0 -9999.0 -9999.0 -9999.0 -9999.0 -9999.0 -9999.0 -9999.0 -9999.0 -9999.0 -9999.0 0.208656249124 0.460149286741 0.684179233015 6.92049589131 7.71803733568 0.810057364319 0.769563918437 0.771968864997 12.8528248584 14.3028403389 0.683338974322 0.687525956452 0.543261731892 2.27451697548 2.82515060884 1.23466956756 1.69349143384 13.5557894927 13.983809319 14.47274427 22.6814123564 479.975810795 0.214064612567 0.0869682712326 0.832290736781 0.69636984308 0.0879298071289 0.275183354935 0.353297199465 2.75940450834 2.82109616257 7.25677523225 4.32759413523 0.816406721103 82.9450085143 0.44679110312 80.8932903926 80.8383434571 1.39673761225 0.120202469044
-9999.0 -9999.0 -9999.0 -9999.0 -9999.0 -9999.0 -9999.0 -9999.0 -9999.0 -9999.0 -9999.0 -9999.0 -9999.0 -9999.0 1.03597062427 1.71717471976 3.48954995297 6.16456867047 8.3631104326 9.91488623652 10.6696423206 11.4471433446 12.1825650499 0.710266808128 0.629487257609 1.23854328662 1.12796883453 0.600316702154 11.7349547029 12.2718004755 12.7583433009 13.230466812 7.55470393621 7.83263370611 8.08023882289 480.13060221 0.405537104582 0.187052342786 1.16875320744 0.166773409059 0.159780361464 0.0848017274039 0.0725040176202 0.424114626152 0.0501097869487 0.0528020976443 90.4713858399 83.1755418675 83.1224392215 0.190261770403 0.388061103323 0.248743701141 0.0547754379951 1.21349899297
-9999.0 -9999.0 -9999.0 -9999.0 -9999.0 -9999.0 -9999.0 -9999.0 -9999.0 -9999.0 -9999.0 -9999.0 -9999.0 -9999.0 0.7150806774 0.693209825374 1.37056003717 2.04196769617 0.818905278668 0.924418231685 1.73643808096 2.5322732164 4.00994497867 4.731740109 5.3364368684 7.20909319346 7.76796669455 8.39637623408 0.548002584457 5.66861518262 6.15644678339 6.66681115184 0.47049008974 0.414062645455 0.67279078433 489.279738193 489.422896122 490.047553696 1.6826996448 0.361799433096 0.247783356049 0.063528106789 0.126772637066 0.480570179082 0.576330527831 0.094465939387 90.6936338751 0.0656790611052 0.0942237554518 0.103360896772 0.0748656093231 0.148207697417 0.0605088184465 0.82425080074
-9999.0 -9999.0 -9999.0 -9999.0 -9999.0 -9999.0 -9999.0 -9999.0 -9999.0 -9999.0 -9999.0 -9999.0 -9999.0 -9999.0 -9999.0 0.677549086487 1.32523415932 0.609932752721 1.24185985124 7.77209928675 8.44722714259 9.2039631726 0.732432315498 0.729975650294 1.33395765859 1.97442029191 3.06089241765 3.63803766907 4.06232313457 4.58683401237 0.447549406006 0.445958500519 7.53947541337 7.92047880256 8.13056338224 8.31632106305 7.04001371777 497.854639381 500.496968775 500.66240085 501.055605289 501.550297351 501.71130343 0.040993940553 0.618668219818 90.7298651284 0.0755815664481 0.0386742315958 0.0504172800252 0.0561615101354 0.0963617627559 0.0896284101322 0.0522434914771 0.0842147272428
-9999.0 -9999.0 -9999.0 -9999.0 -9999.0 -9999.0 -9999.0 -9999.0 -9999.0 -9999.0 -9999.0 -9999.0 -9999.0 -9999.0 -9999.0 -9999.0 1.96617227311 2.60049360119 4.50310184131 5.88815455367 0.709951822985 10.7568216272 11.4698291606 12.1390699649 0.628463942649 1.23761667044 0.524832109297 4.12353028306 4.52624661459 5.03885602333 5.51811118962 6.83056063523 7.13107940509 0.194233876222 6.34747083612 6.71274061028 6.87347294 7.65550272335 0.81386940798 0.4529996179 0.243247854808 0.244875711613 501.870420431 501.914735472 502.894289894 90.7584238138 0.236034356456 0.134561174119 0.0892003932659 0.0306904316094 0.284393210104 0.149236231312 0.0450876007595 0.253368934701
-9999.0 -9999.0 -9999.0 -9999.0 -9999.0 -9999.0 -9999.0 -9999.0 -9999.0 -9999.0 -9999.0 -9999.0 -9999.0 -9999.0 -9999.0 -9999.0 0.662406070985 3.24699060718 3.90665124656 0.746155864977 0.7925965087 1.62641942794 2.36881090392 15.1862705662 0.623882121005 2.51158365841 3.0555142452 3.5962626416 0.411820876304 0.899044758892 1.28187049266 4.96253008707 5.63079099442 5.79623427138 0.18333998835 0.19192628541 0.240143722153 0.449342340512 0.202799991341 0.209739945604 0.188431366218 0.245112414278 0.191106591835 0.332251447053 502.944898088 593.825017873 0.283790028669 0.109476328808 0.0302204020702 0.876684338402 0.808874081101 0.476674740396 0.427995209018 0.320538433834
-9999.0 -9999.0 -9999.0 -9999.0 -9999.0 -9999.0 -9999.0 -9999.0 -9999.0 -9999.0 -9999.0 -9999.0 -9999.0 -9999.0 -9999.0 0.607700259102 1.86240628318 0.599146784079 0.804057585794 0.858639842037 1.6557158103 2.44766935378 3.08761415245 18.8103284232 19.4066080433 0.614122878851 1.15699982359 1.70654822977 2.18313476277 2.6921993977 4.44758794694 4.75194667365 0.454217050878 0.311345990658 0.256214223182 0.151401657249 0.19765901861 0.234139698872 0.222305285005 0.391922376915 0.624887312367 0.319903699157 0.0583219981691 0.0574980979572 0.0446830334482 0.0828299634904 597.177387561 2.92547737654 1.09323254266 0.137729546193 0.073130046523 0.0353905567282 0.113879707543 0.0745416968036
-9999.0 -9999.0 -9999.0 -9999.0 -9999.0 -9999.0 -9999.0 -9999.0 -9999.0 -9999.0 -9999.0 -9999.0 -9999.0 -9999.0 0.645902524386 1.23394098412 4.28791726523 0.574173088847 1.4666359678 2.30113260425 3.07160965049 0.796391440154 1.47665405528 2.06074037096 21.9535838044 0.579784573114 1.08644170944 1.62403551391 0.514378039549 1.02597921446 1.47676454255 1.77737600949 38.6738686946 39.1673206914 39.5636799324 40.8180337498 41.4335923485 42.4332455295 0.267518350353 0.733434607493 0.716166596813 45.0600557821 45.1601344409 0.0519221674187 0.0835852965575 0.114002114205 597.232350168 2.66580129088 1.37958871314 1.28272637007 0.965247598083 0.802033726435 0.149266455331 0.0370886346612
-9999.0 -9999.0 -9999.0 -9999.0 -9999.0 -9999.0 -9999.0 -9999.0 -9999.0 -9999.0 -9999.0 -9999.0 -9999.0 -9999.0 0.650040041919 1.96812875217 6.89709127092 10.2222983571 0.517727521826 13.2348940597 16.8600772839 0.739736964272 1.40833643868 2.01091530267 27.656509144 28.1113224417 0.372046922611 2.38913170959 2.76498616685 3.20923396265 35.3315544693 36.2323390944 36.6178309487 0.174116013219 0.955625522045 1.12232393796 0.389916013952 0.523080607473 43.1896123819 44.1288543801 44.2170617407 44.2981135386 45.2434784614 0.0406790805368 0.0346122415894 0.176993697415 597.276706384 0.0868137779105 0.0783749682467 0.236624101784 0.0894364975495 0.69761044603 0.540566784993 0.327736077533
-9999.0 -9999.0 -9999.0 -9999.0 -9999.0 -9999.0 -9999.0 -9999.0 -9999.0 -9999.0 -9999.0 -9999.0 -9999.0 -9999.0 -9999.0 -9999.0 1.35940333482 2.73181452365 12.0651546083 12.7067268449 17.4263899347 17.9907218919 0.712675177286 1.42445137157 3.22809300142 28.535906607 29.3147571156 29.6011919754 0.223751647269 30.7214398836 31.6823575206 0.549343047291 0.177151934045 0.339513538574 0.64772192939 0.15175749409 0.281374551755 0.571876236258 0.684003600005 0.130404770593 0.0809200162305 0.151755690113 45.9719801922 46.2168062276 46.2461205445 46.5181618979 597.312453824 0.0810479151381 0.0548282502992 0.0662244135326 0.0632086570697 0.0649340126107 0.0553136702164 0.103452877596
-9999.0 -9999.0 -9999.0 -9999.0 -9999.0 -9999.0 -9999.0 -9999.0 -9999.0 -9999.0 -9999.0 -9999.0 -9999.0 -9999.0 -9999.0 -9999.0 0.707131116826 0.692164857631 0.662769523356 1.25504355342 0.539223572413 19.0733254562 19.5841747885 0.619362167212 1.24412998169 0.516644044551 0.372752651278 0.355437710937 30.2499917219 0.333301510787 0.676570667924 0.276864015305 0.187590008992 0.157251732915 0.112367514759 0.117892758598 0.353503654556 0.486484571298 0.0873291237559 0.0771546668636 0.16607511627 0.28052782405 0.465044708463 0.162853025583 46.3074214536 46.5471746102 597.339931137 0.325003349092 0.147620687801 0.0386976904112 0.0943795207917 0.0318467927653 0.0248786040401 0.13040275746
-9999.0 -9999.0 -9999.0 -9999.0 -9999.0 -9999.0 -9999.0 -9999.0 -9999.0 -9999.0 -9999.0 -9999.0 -9999.0 -9999.0 -9999.0 -9999.0 -9999.0 -9999.0 0.682368239548 1.87318866992 2.40281028602 2.93419772501 20.1051347892 20.6287310167 21.1193023729 21.6028528746 21.9448176256 22.6679933952 22.9604534697 23.2779946695 23.5011177914 0.169793198175 0.151221819537 0.156322340916 0.51263835713 0.134633613522 0.122283962998 0.092127687 0.261720104578 0.106442852857 0.0773367190429 0.0710276783801 0.0621762483549 0.124045066413 0.1737633931 46.8806323091 644.569286956 0.0931657437754 0.136745383757 0.0317288073855 0.127832216764 0.0673895696449 0.0500099318514 0.486394532174
-9999.0 -9999.0 -9999.0 -9999.0 -9999.0 -9999.0 -9999.0 -9999.0 -9999.0 -9999.0 -9999.0 -9999.0 -9999.0 -9999.0 -9999.0 -9999.0 -9999.0 -9999.0 -9999.0 0.573614839119 4.49720404141 8.64268847833 9.16301058037 0.64441764586 1.2531035202 1.87914205919 2.36193597911 5.64777174441 5.84462859069 0.187152121622 0.176308478484 23.8461959748 24.1381301845 24.2714837532 0.599716695288 0.0712394368781 0.176365930868 0.260796241521 0.799301915535 0.993976835055 1.13880880587 0.131367861003 0.179320232857 0.0583719232194 0.11419617336 0.0582907359 644.658153721 0.0630079708154 0.272567827818 0.0700969375882 0.216636731114 0.586660825214 0.666630665745 1.18949716617
-9999.0 -9999.0 -9999.0 -9999.0 -9999.0 -9999.0 -9999.0 -9999.0 -9999.0 -9999.0 -9999.0 -9999.0 -9999.0 -9999.0 -9999.0 -9999.0 -9999.0 -9999.0 0.633678678175 2.01261226942 3.93805705517 5.14602242643 12.8208455818 13.3976034304 1.29751279474 1.93751994051 2.49206470879 2.94954454487 6.10152867385 6.50368031051 12.0992739685 12.6428933646 12.807618485 24.3894694716 25.2469257724 0.173956952032 0.116325130416 0.108394879755 0.201044312478 0.0913602908616 1.32094479115 1.38824918742 0.233912098387 0.360790782898 0.0817385505041 139.815624363 139.930798193 784.628524887 784.970946718 0.0837888038254 0.397019632948 0.101861798532 0.0610964080026 1.28238302171
-9999.0 -9999.0 -9999.0 -9999.0 -9999.0 -9999.0 -9999.0 -9999.0 -9999.0 -9999.0 -9999.0 -9999.0 -9999.0 -9999.0 -9999.0 -9999.0 -9999.0 -9999.0 -9999.0 0.716416348385 0.692846084916 1.31157631531 3.10698870265 13.95794165 0.664217756545 0.656060867245 1.18567282862 1.74627692891 4.36666093211 4.75965699448 0.404833638366 0.344194180559 13.0036311265 13.1154956725 38.4995004541 38.6189628153 0.0544993660471 0.0478217830482 0.038132718995 0.0384969729875 0.0438435382551 138.278350464 138.68420825 139.198023693 139.433016937 139.710227617 0.0631961688805 0.226553614058 0.256310178715 785.308912546 785.334420877 785.414999186 785.51647098 785.622326682
-9999.0 -9999.0 -9999.0 -9999.0 -9999.0 -9999.0 -9999.0 -9999.0 -9999.0 -9999.0 -9999.0 -9999.0 -9999.0 -9999.0 -9999.0 -9999.0 -9999.0 -9999.0 -9999.0 -9999.0 0.637147109116 0.665818272047 1.23229865505 16.355722404 16.8712758116 0.643866333216 1.17066045836 1.74164577523 2.2762404999 0.497412007855 0.858739334459 36.1211622622 36.2621247947 36.5083965503 37.9825367881 76.7982739145 135.732368241 135.876299575 135.99822331 136.11635983 136.64958921 136.82748113 0.326103129055 0.143812319057 0.0887643148968 0.164949911941 0.111822114091 0.180393810674 0.0540872541571 1.26846490984 1.4088104379 1.56022728586 1.57280658752 785.636019057
-9999.0 -9999.0 -9999.0 -9999.0 -9999.0 -9999.0 -9999.0 -9999.0 -9999.0 -9999.0 -9999.0 -9999.0 -9999.0 -9999.0 -9999.0 -9999.0 -9999.0 -9999.0 -9999.0 -9999.0 -9999.0 0.64661394472 1.23507206015 1.82720100174 17.3598765644 0.476288804766 23.3102917161 23.8924691369 24.4055278322 24.8138363706 34.5615530733 34.928452859 0.149028527841 1.05724264196 1.24408610431 0.133191393701 58.7981061086 58.5570375597 0.0653379244407 0.156332202528 0.426827389154 0.0965664373991 0.101024037755 0.0716829746931 0.0580621389148 0.0438415721259 0.0512900776861 1.11191469183 1.16497310297 1.23093309662 0.113026629202 0.125053197623 1.64424511038 1.6628465533
-9999.0 -9999.0 -9999.0 -9999.0 -9999.0 -9999.0 -9999.0 -9999.0 -9999.0 -9999.0 -9999.0 -9999.0 -9999.0 -9999.0 -9999.0 -9999.0 -9999.0 -9999.0 -9999.0 -9999.0 -9999.0 0.592283049361 0.55151766292 2.85283594497 21.2971063095 22.3034115298 22.7855573968 0.490098056098 8.53495540724 9.05802967549 9.35467869244 0.360188289771 0.523906029324 0.651573191764 13.7200854563 13.8253225519 13.9110028897 58.412689887 35.9742428191 0.0850886184605 0.0923458759817 0.087844511681 0.0641709418996 0.678843234005 0.813512648982 0.929788030018 0.994205358138 1.05578187851 10.9022692357 10.9442704289 11.0503919323 11.3309061542 11.9328389813 11.9457141809
-9999.0 -9999.0 -9999.0 -9999.0 -9999.0 -9999.0 -9999.0 -9999.0 -9999.0 -9999.0 -9999.0 -9999.0 -9999.0 -9999.0 -9999.0 -9999.0 -9999.0 -9999.0 -9999.0 -9999.0 -9999.0 -9999.0 1.15191731832 1.75087574964 0.554206361779 0.654666157114 6.84514623358 7.3408604573 7.66005863912 2.75654326595 3.10877152413 3.45453112809 3.61932816591 13.4857336894 13.6388719657 8.24670278952 22.2625581794 22.3583409345 35.9069491918 0.177709960446 0.0910479082269 0.0604977170577 0.472721466181 0.552264892702 0.0443295918428 0.0412948073043 10.7146561325 10.8171799227 10.8649100488 0.117509416738 0.192640935093 11.8630489233 0.0327347824193 0.0847205489689
-9999.0 -9999.0 -9999.0 -9999.0 -9999.0 -9999.0 -9999.0 -9999.0 -9999.0 -9999.0 -9999.0 -9999.0 -9999.0 -9999.0 -9999.0 -9999.0 -9999.0 -9999.0 -9999.0 -9999.0 -9999.0 -9999.0 0.573580733326 1.13378402219 4.55876041758 5.11032169878 5.62820630337 2.05318366292 2.40543393141 0.365689844486 9.1565465545 9.46318439372 9.71985855515 0.180339900506 7.96660625063 8.12747023333 0.105723289809 35.4332736257 0.211276391669 0.107134214115 0.259377719391 0.350793081786 0.0631237375122 0.0500669263143 10.1904665373 10.6255902312 10.6855276777 0.0656203171017 0.131516256987 0.16793619593 0.209821692049 0.427186564395 0.0316163168553 0.0697904948554
