data/baseflow/History/mHMbfrc335
ncols                  80
nrows                 72
xllcorner      4374000.0
yllcorner      5656000.0
cellsize            500
NODATA_value       -9999
[rows 0 to 23 of 72, columns 0 to 53 of 80]
-9999.0 -9999.0 -9999.0 -9999.0 -9999.0 -9999.0 -9999.0 -9999.0 -9999.0 -9999.0 -9999.0 -9999.0 0.411369412992 0.648067986632 -9999.0 -9999.0 -9999.0 -9999.0 -9999.0 -9999.0 -9999.0 -9999.0 -9999.0 -9999.0 -9999.0 -9999.0 -9999.0 -9999.0 -9999.0 -9999.0 -9999.0 -9999.0 -9999.0 -9999.0 -9999.0 -9999.0 -9999.0 -9999.0 -9999.0 -9999.0 -9999.0 -9999.0 -9999.0 -9999.0 -9999.0 -9999.0 -9999.0 -9999.0 -9999.0 -9999.0 -9999.0 -9999.0 -9999.0 -9999.0
-9999.0 -9999.0 -9999.0 -9999.0 -9999.0 -9999.0 -9999.0 -9999.0 -9999.0 -9999.0 -9999.0 -9999.0 0.754992147594 2.37605671318 0.545467875094 -9999.0 0.568455379429 -9999.0 -9999.0 -9999.0 -9999.0 -9999.0 -9999.0 -9999.0 -9999.0 -9999.0 -9999.0 -9999.0 -9999.0 -9999.0 -9999.0 -9999.0 -9999.0 -9999.0 -9999.0 -9999.0 -9999.0 -9999.0 -9999.0 -9999.0 -9999.0 -9999.0 -9999.0 -9999.0 -9999.0 -9999.0 -9999.0 -9999.0 -9999.0 -9999.0 -9999.0 -9999.0 -9999.0 -9999.0
-9999.0 -9999.0 -9999.0 -9999.0 -9999.0 -9999.0 -9999.0 -9999.0 -9999.0 -9999.0 0.325391040546 0.296967400064 0.319830234524 0.318426325832 2.94830236592 3.38410662793 1.61760583616 0.527937509739 -9999.0 -9999.0 -9999.0 -9999.0 -9999.0 -9999.0 -9999.0 -9999.0 -9999.0 -9999.0 -9999.0 -9999.0 -9999.0 -9999.0 -9999.0 -9999.0 -9999.0 -9999.0 -9999.0 -9999.0 -9999.0 -9999.0 -9999.0 -9999.0 -9999.0 -9999.0 -9999.0 -9999.0 -9999.0 -9999.0 -9999.0 -9999.0 -9999.0 -9999.0 -9999.0 -9999.0
-9999.0 -9999.0 -9999.0 -9999.0 -9999.0 -9999.0 -9999.0 -9999.0 -9999.0 0.298744710758 0.62716772587 1.2412879227 0.608481562993 0.292263998317 0.576665777809 3.64483591546 6.34454769363 0.548219178984 -9999.0 0.301139009727 -9999.0 -9999.0 -9999.0 -9999.0 1.11035001232 0.569772980792 -9999.0 -9999.0 -9999.0 -9999.0 -9999.0 -9999.0 -9999.0 -9999.0 -9999.0 -9999.0 -9999.0 -9999.0 -9999.0 -9999.0 -9999.0 -9999.0 -9999.0 -9999.0 -9999.0 -9999.0 -9999.0 -9999.0 -9999.0 -9999.0 -9999.0 -9999.0 -9999.0 -9999.0
-9999.0 -9999.0 -9999.0 -9999.0 -9999.0 -9999.0 -9999.0 -9999.0 0.369563484219 0.999427821577 1.28663689671 1.58259506793 2.14110462708 0.278517404455 1.10840018316 1.37016610513 8.45624127062 0.285147247388 0.21344471961 0.559194079017 0.80330192758 0.25728666871 -9999.0 2.74894017153 2.24697591795 0.577720293228 -9999.0 -9999.0 -9999.0 -9999.0 -9999.0 -9999.0 -9999.0 -9999.0 -9999.0 -9999.0 -9999.0 -9999.0 -9999.0 -9999.0 -9999.0 -9999.0 -9999.0 -9999.0 -9999.0 -9999.0 -9999.0 -9999.0 -9999.0 -9999.0 -9999.0 -9999.0 -9999.0 -9999.0
-9999.0 -9999.0 -9999.0 -9999.0 -9999.0 -9999.0 0.367702886704 0.312378942793 0.298691892805 0.307507779783 0.314461152731 2.22763968577 4.67750099243 4.97772292287 5.19791047555 0.21245221677 8.93234056944 9.15545542882 0.467431294013 0.255816345966 1.04204399537 1.79646892642 0.269508580768 3.62341429881 0.238675755164 0.274627486617 0.244465107153 -9999.0 -9999.0 -9999.0 -9999.0 -9999.0 -9999.0 -9999.0 -9999.0 -9999.0 -9999.0 -9999.0 -9999.0 -9999.0 -9999.0 -9999.0 -9999.0 -9999.0 -9999.0 -9999.0 -9999.0 -9999.0 -9999.0 -9999.0 -9999.0 -9999.0 -9999.0 -9999.0
-9999.0 -9999.0 -9999.0 -9999.0 -9999.0 -9999.0 0.748567312018 1.09165122317 2.42062896998 3.30694804612 0.268751083857 0.296753236355 0.277198809811 0.78592326176 6.20952979502 0.205283266707 9.38649125248 10.3243710626 0.70157704015 0.477953860369 2.01961903171 0.245975702148 3.86097957524 0.436197071328 0.215281883135 0.481136830795 0.484853555417 0.256228160357 0.272994999144 0.263070389192 0.279934068713 0.558934135048 -9999.0 -9999.0 -9999.0 -9999.0 -9999.0 -9999.0 -9999.0 -9999.0 -9999.0 -9999.0 -9999.0 -9999.0 -9999.0 -9999.0 -9999.0 -9999.0 -9999.0 -9999.0 -9999.0 -9999.0 -9999.0 -9999.0
-9999.0 -9999.0 -9999.0 -9999.0 -9999.0 0.44071435766 0.832278834713 0.389331719049 0.731217872853 3.65632314549 4.24754360141 4.84497031331 16.7994397592 0.260263863982 6.46006319366 25.5580688627 25.7799142308 36.5306697817 0.235255249973 0.701040890682 2.24401870641 0.221815124572 6.40599775949 2.31522484061 1.40831726156 1.19095342323 0.237979371581 0.760508030462 0.789690421138 0.524810719494 0.246017644048 0.814029866366 0.236059513837 0.2309203713 -9999.0 -9999.0 -9999.0 -9999.0 -9999.0 -9999.0 -9999.0 -9999.0 -9999.0 -9999.0 -9999.0 -9999.0 -9999.0 -9999.0 -9999.0 -9999.0 -9999.0 -9999.0 -9999.0 -9999.0
-9999.0 -9999.0 -9999.0 -9999.0 -9999.0 0.449723057837 1.28755287484 2.53470663294 2.90414917603 5.73366460812 6.06859756227 7.13906564161 11.7003063568 17.7979950005 18.3887814037 18.6527458209 0.459743207432 37.4207661727 37.9109661649 39.1036314189 48.6576049255 7.09263493051 6.64738415733 1.64499550307 0.228188852299 1.4065779705 0.968643890347 0.19527882994 1.01141397595 0.228171408899 0.466683311805 1.2711133454 1.50017824448 0.455158774528 0.211001915883 0.216063476061 -9999.0 -9999.0 -9999.0 -9999.0 0.476737782864 0.441606970264 -9999.0 -9999.0 -9999.0 -9999.0 -9999.0 -9999.0 -9999.0 -9999.0 -9999.0 -9999.0 -9999.0 -9999.0
-9999.0 -9999.0 -9999.0 -9999.0 -9999.0 0.425512967777 0.396210966183 1.69557081966 2.07715525977 2.47673574624 0.36707853984 0.722499161531 4.25632812711 0.740286365153 0.327956025901 0.273478965419 0.232984758721 0.273096648006 0.260223099033 0.271364960222 48.8919775732 49.5570223471 0.217216180503 0.667008514623 0.454262484788 1.61030957753 0.396851707176 0.191087874298 1.23028768376 0.451436393899 1.13846961015 2.60891842624 2.38658448568 0.660474043509 0.621169479324 0.224538021285 0.220272497829 -9999.0 -9999.0 0.221609962596 0.877636193244 2.24724361598 0.467835711134 -9999.0 -9999.0 -9999.0 -9999.0 -9999.0 -9999.0 -9999.0 -9999.0 -9999.0 -9999.0 -9999.0
-9999.0 -9999.0 -9999.0 -9999.0 -9999.0 -9999.0 0.461429207455 0.4577271721 0.839255595892 1.24370986168 2.8031759468 3.5619776583 3.94184656426 0.395869077216 0.272606786253 3.86253727722 4.67250332125 4.91788938776 6.00042229787 6.23982523886 0.232429593542 49.7897671175 50.8598718848 0.848481887061 0.148124989123 1.78541434467 3.95452103917 1.60191095232 0.385773316402 0.200945464136 4.14372220266 2.81394044737 0.181512298563 0.182565933606 0.806660822062 0.652857824077 0.193165113986 0.182629027079 0.215582884478 0.431757177517 0.204961089596 2.72732692385 2.90824455729 0.174068555582 -9999.0 -9999.0 -9999.0 -9999.0 0.201001788985 0.189047551553 0.119287286415 -9999.0 -9999.0 -9999.0
-9999.0 -9999.0 -9999.0 -9999.0 -9999.0 -9999.0 -9999.0 0.422147560764 0.367915772447 0.796125263695 1.20320834212 0.381700021705 0.314198765233 2.0919909658 2.69830864823 3.33023455405 0.28658174481 0.575231403922 0.280645654122 6.49182175511 15.1425921286 15.5931046023 67.0106124941 0.213927675404 0.420164536653 0.13072023682 4.13057796754 0.188028582785 0.588999037522 0.191484677631 4.32589148706 4.51006410088 0.365953270221 0.367729619868 2.07436498574 1.05694433622 0.37725826732 0.194561762008 0.429423823569 0.64225921133 1.02994255169 0.17429752082 3.24739958802 3.41028716299 0.147733397932 0.151357989376 0.16782613819 0.155033511848 0.148901777135 0.547596739688 0.271009896561 0.148446396089 -9999.0 -9999.0
-9999.0 -9999.0 -9999.0 -9999.0 -9999.0 -9999.0 -9999.0 -9999.0 0.79764439221 1.13197707716 0.380253304207 0.785263108796 1.13124239271 1.81317700186 0.35006226442 0.333973432084 0.274826301369 0.277633165599 0.242379158665 8.14236957405 0.286147678246 0.551776107581 68.0506557242 68.6514247347 0.173519246368 0.763749504902 5.0567026536 0.377461858638 0.754174487053 0.341810297923 0.499240204114 5.19520945242 0.528356536867 2.95712254747 2.4334670554 0.187686834982 0.965555515527 0.394189827665 0.623080240893 0.189553145124 1.20331669055 1.53753253299 1.681332405 1.8189547305 3.96965317648 0.279450155245 0.304340052612 0.283913977443 0.270813204026 0.680492890995 0.137211208297 0.556610550959 0.678975129712 -9999.0
-9999.0 -9999.0 -9999.0 -9999.0 -9999.0 -9999.0 -9999.0 -9999.0 0.430431514503 1.97882317406 2.34418402786 0.364832285541 0.704984467672 0.338896963101 0.302830815594 0.297320215176 3.73854211255 4.90284538621 6.19831882241 7.65102517258 0.323913660022 0.274126261143 0.206743983234 70.0876571938 70.9231987549 71.1556898272 6.7126296368 1.47386387374 1.29674589292 0.151342278562 0.648349877758 5.99687498017 0.151979699305 3.11111022368 0.184486529535 1.33303694275 1.16927546525 0.195869402628 0.816005873936 0.380845872737 0.56687942897 0.150959971308 0.131157321266 1.95516435364 2.08281466931 4.0970047993 0.440052817658 0.414673536658 0.397615029475 0.825436479356 1.10225924641 0.137926600525 0.806662736134 0.142442681537
-9999.0 -9999.0 -9999.0 -9999.0 -9999.0 -9999.0 -9999.0 -9999.0 -9999.0 0.451488982482 2.74143219695 3.09416224245 1.0469266099 1.71160608279 2.30876847493 2.60465913065 0.30725682978 0.897723132772 0.596679156186 0.321037085449 0.303795141278 0.262860081978 0.489856530372 0.7709697623 0.285711002909 78.4419497418 78.6170603044 0.170141125113 0.131997599221 0.316563884085 0.470366294196 6.44608791541 0.299226058907 3.24720131379 2.0246984461 1.68994112183 0.184506616602 0.375075097539 0.989377090881 0.17307593974 0.734189331834 0.305604823199 0.192513064913 0.0575996955873 2.32137937994 6.52975032315 0.544246180393 0.519804506998 0.512431387966 0.116875439628 1.21818733191 0.11350377753 1.05656401508 0.127258118858
-9999.0 -9999.0 -9999.0 -9999.0 -9999.0 -9999.0 -9999.0 -9999.0 -9999.0 -9999.0 0.348609578373 3.79473814704 0.337694207158 0.660764581445 0.940651300017 1.47724724901 0.270329355345 0.57878127282 0.27800136197 0.252932757754 0.235913688173 0.465079632287 0.201886377963 0.195662075934 0.387922391591 0.226057703629 78.8705322057 79.257642209 79.7653049601 0.614320370082 0.164389004906 0.327689643033 6.61476870147 6.04991754753 2.37286355108 0.173010155604 0.735582830654 0.554113054059 1.16326963567 0.345913940097 1.37050210716 0.4649528175 0.307636199398 0.0402444425957 0.0615945693589 6.65268834922 6.77505594177 7.94926278891 0.876276427102 0.240488214288 1.34319535001 1.57812849557 2.74381333441 0.245264377306
-9999.0 -9999.0 -9999.0 -9999.0 -9999.0 -9999.0 -9999.0 -9999.0 -9999.0 -9999.0 -9999.0 0.302744808717 4.36740764814 0.300779258002 0.574773909849 2.58318063784 0.272570726932 0.268095672877 0.228715738556 0.505392493775 0.263997022766 0.979520853832 1.38448632331 1.56925759216 0.547391544028 0.708670433617 0.179856887365 0.200825012354 0.2326154519 80.810857926 81.2904987868 6.75006807209 6.32735749583 6.18983788749 0.286581693362 0.13917762631 0.897277887512 2.3863634841 1.3278500693 0.508748139012 2.02987227621 0.613189368544 0.470463938463 0.0855512522677 0.0373358529861 0.0304054379969 0.0358364016173 8.18999518281 9.4084766205 0.116018932236 0.108206795324 0.115016388535 2.85940067576 3.21262070895
-9999.0 -9999.0 -9999.0 -9999.0 -9999.0 -9999.0 -9999.0 -9999.0 -9999.0 -9999.0 -9999.0 0.28017400611 4.94521442757 5.94099261229 0.281009852396 3.12959469436 0.246403276328 0.23045747965 0.488439819624 1.26018627783 0.256136695383 0.272604658513 0.202325913487 1.96628092893 2.15239607373 3.06241988946 3.37810852944 3.50909993883 3.67381911529 3.84257252483 85.3496126375 92.3809036209 98.9911121702 99.195242898 0.130099669984 0.142418750361 2.71080291323 2.54988806607 0.161465602945 0.160679760456 2.18471263185 2.95003980464 0.115448985002 1.23378052924 1.15405932759 0.226245916065 0.0903982845406 0.156221064237 0.120017109247 9.63244644147 0.112100033587 0.314336573569 0.407420048706 3.85558357002
-9999.0 -9999.0 -9999.0 -9999.0 -9999.0 -9999.0 -9999.0 -9999.0 -9999.0 -9999.0 -9999.0 0.383698803619 0.710975857852 6.25517506881 6.77847641508 0.254717261388 3.80564772948 0.20162620924 0.639567346908 1.48289141549 0.490803653894 0.233353414094 0.461307921081 0.174023864852 0.33995007503 0.1809472301 0.153125588223 0.116939830944 0.094651444024 0.0632239144812 0.0439104591779 0.0601857088895 0.0947792054672 0.170123080218 99.6889262232 3.25817400022 2.98310521122 0.129202898219 0.458709944457 0.139371426377 0.148049974025 3.09042257403 4.74267258149 1.39082986178 1.06697846909 0.151044829052 0.0529028430525 0.045663990574 0.133191650287 9.88258823754 10.1142139167 0.119734920687 0.120354003928 0.062820537068
-9999.0 -9999.0 -9999.0 -9999.0 -9999.0 -9999.0 -9999.0 -9999.0 -9999.0 -9999.0 -9999.0 -9999.0 0.301088092878 4.44883079899 11.5195469819 12.3804460365 16.4459644148 16.8681938672 3.47983328635 2.4501483884 0.728916664994 0.229430561041 0.906300129152 1.10619962743 1.63110590698 0.371382498784 0.327262730693 0.294519365279 0.558534690829 0.229543829279 0.196276316805 0.115114853816 0.0696695467922 0.0430331722249 99.8277282391 103.209982435 103.403242437 0.136339901401 1.32176245343 0.598186891622 0.159042060544 5.22003906783 0.339750060996 0.176301643487 0.723463753474 0.124714930304 0.0870137623499 0.170389259328 0.265000402977 0.376873913824 10.3195985083 0.099267597287 0.090240833166 0.0897541234608
-9999.0 -9999.0 -9999.0 -9999.0 -9999.0 -9999.0 -9999.0 -9999.0 -9999.0 -9999.0 -9999.0 0.343269976678 3.44315860663 4.1317989826 0.601149753744 0.28914054652 0.544800753288 17.645560635 17.936047023 21.8061731499 0.203888751867 0.430989121558 0.184538078475 0.187683559233 1.81128949086 2.36226928697 2.85336814608 0.160780760057 0.717034747664 1.10190954265 0.607805585359 0.264843753836 0.177178887036 0.125084470734 0.126546226152 0.0423015145734 103.561770249 103.701333964 105.241706673 0.255418705653 0.136683336657 5.49944768476 0.378681704616 0.19123588972 0.210074003276 0.208085533624 0.176817696305 0.270375083146 0.833609529999 1.32714360973 11.7457518092 0.0818671401864 0.245065260136 0.164731207014
-9999.0 -9999.0 -9999.0 -9999.0 -9999.0 -9999.0 -9999.0 -9999.0 -9999.0 -9999.0 -9999.0 0.354803686448 2.46439981614 0.358948194603 0.290555132996 1.69829405863 1.94650052889 2.19036315124 2.41885913041 29.1987216136 29.4247924818 29.8383527901 32.9068799771 33.4205803551 33.6853866227 33.8666502046 37.050079546 37.4680907788 37.6315586807 38.8964233065 39.6732092292 39.8209765875 40.2468316689 0.26592311808 0.211580958549 0.0288716916225 0.0210739342917 103.808748258 105.732836762 0.372876756002 6.66487009433 6.51643608114 0.697513925869 0.164615300441 0.168104953806 0.161989104944 0.158570542095 0.31725178131 0.446975334133 0.126204692094 11.8433735478 11.945432798 12.4465113789 12.534940749
-9999.0 -9999.0 -9999.0 -9999.0 -9999.0 -9999.0 -9999.0 -9999.0 -9999.0 -9999.0 -9999.0 1.309084223 1.72021283233 0.751591710412 1.08725193994 0.32813596249 3.7798723228 4.03640319201 4.54609932031 4.74507376388 1.66125467624 31.892785258 32.1023172348 0.133566478874 0.0815734327659 0.0762790622482 0.165509457127 0.0844923355401 0.0721702439963 0.0750400936829 0.0739261814134 39.9326168345 40.3637521143 40.8037974853 41.1666494545 41.2818606229 0.0352649198184 0.014828764603 112.768367589 6.92453197042 6.82180677692 0.148372541141 0.133485407709 0.124087173883 0.294915638273 0.289467283657 0.132562113954 0.133362225408 0.121400645851 0.246186061893 0.334818831505 0.0775551461785 0.140460135368 0.0401921160893
-9999.0 -9999.0 -9999.0 -9999.0 -9999.0 -9999.0 -9999.0 -9999.0 -9999.0 -9999.0 -9999.0 -9999.0 0.89931517402 0.401219501131 0.345901256975 3.26414468226 3.53197517405 0.271348151728 1.0499194993 1.28434325308 1.46209238688 0.223949372623 0.136405009641 4.41912265792 4.52408738636 4.6162044 12.53448557 12.5954890419 12.7198997611 13.4749664136 13.8347558204 13.8896941894 0.0796217021984 0.0834055804669 0.0693243708184 41.48625993 0.0473839835495 113.979094674 113.806740808 0.965755379965 0.861570716983 0.555946993021 0.136831835536 0.248028494077 0.422696933506 0.41738120658 0.25759360402 0.127793377818 0.247450663085 0.247468454656 0.446148553297 0.0801232594833 0.203033348683 0.321722087884
