data/baseflow/History/mHMbfrc575
ncols                  80
nrows                 72
xllcorner      4374000.0
yllcorner      5656000.0
cellsize            500
NODATA_value       -9999
[rows 0 to 23 of 72, columns 0 to 54 of 80]
-9999.0 -9999.0 -9999.0 -9999.0 -9999.0 -9999.0 -9999.0 -9999.0 -9999.0 -9999.0 -9999.0 -9999.0 1.43197790602 1.09285533871 -9999.0 -9999.0 -9999.0 -9999.0 -9999.0 -9999.0 -9999.0 -9999.0 -9999.0 -9999.0 -9999.0 -9999.0 -9999.0 -9999.0 -9999.0 -9999.0 -9999.0 -9999.0 -9999.0 -9999.0 -9999.0 -9999.0 -9999.0 -9999.0 -9999.0 -9999.0 -9999.0 -9999.0 -9999.0 -9999.0 -9999.0 -9999.0 -9999.0 -9999.0 -9999.0 -9999.0 -9999.0 -9999.0 -9999.0 -9999.0 -9999.0
-9999.0 -9999.0 -9999.0 -9999.0 -9999.0 -9999.0 -9999.0 -9999.0 -9999.0 -9999.0 -9999.0 -9999.0 2.88832515639 6.161122259 0.949309339374 -9999.0 0.746978882246 -9999.0 -9999.0 -9999.0 -9999.0 -9999.0 -9999.0 -9999.0 -9999.0 -9999.0 -9999.0 -9999.0 -9999.0 -9999.0 -9999.0 -9999.0 -9999.0 -9999.0 -9999.0 -9999.0 -9999.0 -9999.0 -9999.0 -9999.0 -9999.0 -9999.0 -9999.0 -9999.0 -9999.0 -9999.0 -9999.0 -9999.0 -9999.0 -9999.0 -9999.0 -9999.0 -9999.0 -9999.0 -9999.0
-9999.0 -9999.0 -9999.0 -9999.0 -9999.0 -9999.0 -9999.0 -9999.0 -9999.0 -9999.0 1.44192341844 1.38713835229 1.42927682298 1.38399218325 8.80977431343 9.83409441018 2.05831617092 0.647439885086 -9999.0 -9999.0 -9999.0 -9999.0 -9999.0 -9999.0 -9999.0 -9999.0 -9999.0 -9999.0 -9999.0 -9999.0 -9999.0 -9999.0 -9999.0 -9999.0 -9999.0 -9999.0 -9999.0 -9999.0 -9999.0 -9999.0 -9999.0 -9999.0 -9999.0 -9999.0 -9999.0 -9999.0 -9999.0 -9999.0 -9999.0 -9999.0 -9999.0 -9999.0 -9999.0 -9999.0 -9999.0
-9999.0 -9999.0 -9999.0 -9999.0 -9999.0 -9999.0 -9999.0 -9999.0 -9999.0 1.39464852459 2.82359133359 5.60126649458 2.75811797942 1.34296838855 2.65124826061 11.1143513053 14.8219817656 0.782008236615 -9999.0 1.39833367434 -9999.0 -9999.0 -9999.0 -9999.0 1.4283881034 0.716512119573 -9999.0 -9999.0 -9999.0 -9999.0 -9999.0 -9999.0 -9999.0 -9999.0 -9999.0 -9999.0 -9999.0 -9999.0 -9999.0 -9999.0 -9999.0 -9999.0 -9999.0 -9999.0 -9999.0 -9999.0 -9999.0 -9999.0 -9999.0 -9999.0 -9999.0 -9999.0 -9999.0 -9999.0 -9999.0
-9999.0 -9999.0 -9999.0 -9999.0 -9999.0 -9999.0 -9999.0 -9999.0 1.5395146509 4.39897761183 5.76026966194 7.12495093355 9.6845663523 1.28935578043 5.18325703976 6.44446650728 23.3236798886 1.1225384156 1.1870111948 2.63853189136 3.85184711392 1.26378462666 -9999.0 3.84935825041 3.15255528052 0.900414690387 -9999.0 -9999.0 -9999.0 -9999.0 -9999.0 -9999.0 -9999.0 -9999.0 -9999.0 -9999.0 -9999.0 -9999.0 -9999.0 -9999.0 -9999.0 -9999.0 -9999.0 -9999.0 -9999.0 -9999.0 -9999.0 -9999.0 -9999.0 -9999.0 -9999.0 -9999.0 -9999.0 -9999.0 -9999.0
-9999.0 -9999.0 -9999.0 -9999.0 -9999.0 -9999.0 1.52742519456 1.42554734977 1.40091708076 1.41720094435 1.42554238022 9.97935063615 21.0352152035 22.3927030709 23.5939457377 1.19084034456 25.7251176655 26.9275619374 2.45662429022 1.21662279316 5.04025889558 8.76318612886 1.1785214826 7.39844388118 1.27784755017 1.23305199268 1.3151269462 -9999.0 -9999.0 -9999.0 -9999.0 -9999.0 -9999.0 -9999.0 -9999.0 -9999.0 -9999.0 -9999.0 -9999.0 -9999.0 -9999.0 -9999.0 -9999.0 -9999.0 -9999.0 -9999.0 -9999.0 -9999.0 -9999.0 -9999.0 -9999.0 -9999.0 -9999.0 -9999.0 -9999.0
-9999.0 -9999.0 -9999.0 -9999.0 -9999.0 -9999.0 3.0603924207 4.53678211068 10.3165169653 14.4809396842 1.30995044104 1.35172614925 1.29884722434 3.86417675802 28.6447856233 1.12757373058 28.1856683451 32.882904166 3.66772438354 2.34238984442 9.90500402322 1.22997391584 8.60647663418 2.42224987464 1.21941097942 2.41652760205 2.60292634476 1.30667188643 1.3257431793 1.29953198611 1.36527507541 2.74007444304 -9999.0 -9999.0 -9999.0 -9999.0 -9999.0 -9999.0 -9999.0 -9999.0 -9999.0 -9999.0 -9999.0 -9999.0 -9999.0 -9999.0 -9999.0 -9999.0 -9999.0 -9999.0 -9999.0 -9999.0 -9999.0 -9999.0 -9999.0
-9999.0 -9999.0 -9999.0 -9999.0 -9999.0 1.62131637293 3.16489554845 1.53308569317 2.99029130878 15.9553437016 18.6913569505 21.4126126728 67.831277566 1.30764826621 29.8985876658 107.436684552 108.35983962 142.792968007 0.987666688684 3.51777152143 11.0559698886 1.14279473823 22.0951003747 12.3145319771 7.4864716922 6.26601301381 1.2708313383 3.88802257525 3.86673904131 2.58024530716 1.26468358473 4.04500743284 1.26482042257 1.25102569807 -9999.0 -9999.0 -9999.0 -9999.0 -9999.0 -9999.0 -9999.0 -9999.0 -9999.0 -9999.0 -9999.0 -9999.0 -9999.0 -9999.0 -9999.0 -9999.0 -9999.0 -9999.0 -9999.0 -9999.0 -9999.0
-9999.0 -9999.0 -9999.0 -9999.0 -9999.0 1.62988453874 4.77168865251 9.48611542318 10.9678597242 21.718386217 23.1372801727 27.5281809744 45.1133992531 71.4670979223 74.032587078 75.2346429668 2.28431413883 146.889949197 149.009647139 154.851655094 192.845266679 25.6887275111 23.3231199663 8.70420248996 1.19514566401 7.5018874715 5.0910276298 1.1654641805 5.05038115074 1.21347331491 2.4354965767 6.54985078924 7.78093102614 2.47131334047 1.21877373366 1.2121107594 -9999.0 -9999.0 -9999.0 -9999.0 0.764373810424 0.655384571513 -9999.0 -9999.0 -9999.0 -9999.0 -9999.0 -9999.0 -9999.0 -9999.0 -9999.0 -9999.0 -9999.0 -9999.0 -9999.0
-9999.0 -9999.0 -9999.0 -9999.0 -9999.0 1.60221690751 1.54642032455 6.27681680232 7.76734875586 9.29478460055 1.48433597056 2.95144316458 16.561389712 2.89983843323 1.40658167007 1.32154386083 1.19870971375 1.37276700993 1.33720806966 1.28834669199 194.128487927 197.61850747 1.14371810482 3.51216913912 2.38187121624 8.66293935106 2.3416564165 1.1336462452 6.25860405226 2.36493057422 5.6219214198 13.7012796468 12.6812318692 3.68811189624 3.6386695125 1.23144962131 1.23500445281 -9999.0 -9999.0 1.22245663573 1.76594979425 3.79827052237 0.696174263123 -9999.0 -9999.0 -9999.0 -9999.0 -9999.0 -9999.0 -9999.0 -9999.0 -9999.0 -9999.0 -9999.0 -9999.0
-9999.0 -9999.0 -9999.0 -9999.0 -9999.0 -9999.0 1.62391990852 1.59675109897 3.15073542663 4.69254790551 10.6927612145 13.6896585102 15.1820538039 1.50301719648 1.32271651697 16.9065928262 20.8092721342 22.0505447635 27.175375459 28.3749620017 1.20709400726 198.820874297 204.666537152 4.66965678211 1.05480787469 9.77414276691 21.7371833797 8.52488832876 2.26426640051 1.13447652817 21.5643565728 14.8657722456 1.13778893882 1.12362037735 4.77955300543 3.64340580648 1.19250444962 1.16622803759 1.21200227699 2.41046219014 1.18810165538 4.62691155872 5.79759936805 1.11943636229 -9999.0 -9999.0 -9999.0 -9999.0 1.23613628462 1.18284743197 0.330672014752 -9999.0 -9999.0 -9999.0 -9999.0
-9999.0 -9999.0 -9999.0 -9999.0 -9999.0 -9999.0 -9999.0 1.61432209207 1.47289250229 3.01455366988 4.53876826048 1.51433721025 1.44355533721 8.73421392685 11.5078309725 14.3284462936 1.33627357231 2.63424458819 1.30335818689 29.5933046111 64.9221928244 65.6939035592 272.51401495 1.17734752731 3.11979604501 1.00609866337 22.8425989347 1.1204800611 3.41288277311 1.11887756503 22.6961638732 23.8186255746 2.27388554849 2.23954926671 11.9978046506 6.03099233654 2.34259016334 1.18700921947 2.4240432082 3.6040999999 5.94206684172 1.15282779285 8.09195800609 9.25689724918 1.08351239601 1.14250127624 1.1622770481 1.08218784112 1.03290688557 3.5052589559 1.34880633268 0.873368011858 -9999.0 -9999.0 -9999.0
-9999.0 -9999.0 -9999.0 -9999.0 -9999.0 -9999.0 -9999.0 -9999.0 3.08999893836 4.53506731508 1.50172532419 3.02363079218 4.46060516383 7.39028074307 1.45248726863 1.42885019079 1.2810714986 1.30149054857 1.21462004279 32.8433311596 1.31978480995 2.59173972296 276.032868884 278.967289953 1.61715729295 6.31305195574 30.3282997873 2.23424826918 4.47324776072 2.14182628533 3.18883163153 28.2241466164 3.34710069296 17.6044247697 14.3059845599 1.20175898324 5.85098988922 2.35323076228 3.57277621154 1.14431001607 7.08486979358 9.39632820034 10.4715581561 11.5041637245 13.4486019464 2.11025821519 2.16642835176 2.02724228611 1.91781826052 4.49349429873 0.963270713288 3.20253020356 4.11050053926 -9999.0 -9999.0
-9999.0 -9999.0 -9999.0 -9999.0 -9999.0 -9999.0 -9999.0 -9999.0 1.5737901904 7.64099526464 9.11806921307 1.48220771601 2.91992919232 1.43817764604 1.36535602184 1.33914212364 16.6555149866 22.2141256835 27.2108436818 32.0222857801 1.20953727393 1.29284332592 1.56279980581 284.898668557 287.932508689 289.430338594 41.0117487304 9.05641422057 7.8129348795 1.04078444987 4.22354353112 33.498483198 1.04773464605 18.6624623616 1.12770133022 7.58447390826 7.03358799466 1.15167918921 4.71195897406 2.27911642068 3.40743756162 1.14492080679 1.02395316763 12.5266046223 13.488812572 14.4086315272 3.16475832757 2.98786145043 2.84969787807 5.49286297732 7.42848648033 0.964208430361 5.04129313265 0.972484615871 1.88441322119
-9999.0 -9999.0 -9999.0 -9999.0 -9999.0 -9999.0 -9999.0 -9999.0 -9999.0 1.5632754518 10.6265079339 12.0988909219 4.3728341982 7.2497038067 9.99911111585 11.3870110457 1.40178203916 4.27070606572 2.815868265 1.40844283481 1.39660929956 1.29905635505 2.6362141162 4.68241198457 1.81532264089 333.685510964 335.312232859 1.55512906749 1.1174882496 2.1111544624 3.16973296347 36.6321918714 2.07941426226 19.6603300832 11.8129089141 9.66306269407 1.1305430188 2.26389610552 5.80770116453 1.08998811575 4.4856215604 2.20783474748 1.92339701137 0.982440433137 16.4092921864 31.6675377469 3.95056348805 3.78830869149 3.75295481972 0.893376929462 8.3099623793 0.867036240477 6.86979146538 0.916713456555 2.80058301075
-9999.0 -9999.0 -9999.0 -9999.0 -9999.0 -9999.0 -9999.0 -9999.0 -9999.0 -9999.0 1.44886431809 15.0395415727 1.46292027442 2.92657201208 4.27962561315 7.00884543809 1.40794608587 2.87636438143 1.42115732279 1.35373757531 1.28367217641 2.53725416048 1.19101575905 1.43221400195 3.14011979795 1.78819659914 336.830594208 339.879519837 344.175638324 4.5236891258 1.07794368087 2.14688428339 37.7134255948 36.752344242 14.0133576753 1.09509137741 4.48848434962 3.37363991086 6.90645440761 2.18461578919 8.8511106223 3.27502016262 2.9416515021 0.919401979159 1.01713683179 32.7336100834 33.6928938987 42.2809248318 6.53064333526 1.83671642859 9.24661124718 11.0267841178 18.7435348052 1.80634157509 0.859208497277
-9999.0 -9999.0 -9999.0 -9999.0 -9999.0 -9999.0 -9999.0 -9999.0 -9999.0 -9999.0 -9999.0 0.784300715162 16.7910107295 1.43097937616 2.77300393686 12.505722516 1.3961624335 1.39010282491 1.23633540063 2.62326627324 1.27656914815 5.07214246822 7.44831530619 8.5724200442 4.3243656289 5.69776801199 1.57739612821 1.78433643911 1.61825349239 351.234072654 354.649345383 38.7401159014 38.7965117334 37.781063042 2.06208081809 1.01111060809 5.54168671526 14.5680582392 7.97627211054 3.25109374654 13.1525853644 6.76683221855 5.74390322177 1.84602689908 0.826550272003 0.777540112284 0.808267674404 46.0515566751 55.4692923538 0.914335638729 0.853224089519 0.89091198124 19.6239590483 22.2839672213 1.64356185909
-9999.0 -9999.0 -9999.0 -9999.0 -9999.0 -9999.0 -9999.0 -9999.0 -9999.0 -9999.0 -9999.0 0.750796868412 18.6177095482 22.9086430357 1.34485839651 15.1945267813 1.29656531692 1.25185843913 2.4775296234 6.36072895782 1.25032944344 1.30508981924 1.1763522858 10.9187972961 12.0754019034 18.9638991762 21.7757519948 23.2272321948 24.760647806 26.2303130789 382.324026871 423.930731377 465.40374673 466.485105126 1.14163779305 1.02387981756 16.6759908546 15.6316952301 1.05074337123 1.09246202341 14.2347016806 22.0584959113 0.973092339158 12.2431943673 11.2991978667 3.74423495479 1.79521588207 2.85817986319 1.06951008907 57.2859988977 0.915279799467 2.63093289348 3.36540762237 28.3158981313 30.7856819684
-9999.0 -9999.0 -9999.0 -9999.0 -9999.0 -9999.0 -9999.0 -9999.0 -9999.0 -9999.0 -9999.0 1.52171216037 2.94319702823 24.3099651034 26.9184978022 1.3118388256 17.5044564573 1.18432027856 3.60496235861 7.5575690011 2.45386938087 1.20005169908 2.4402947391 1.10550079655 2.15921408342 1.07512741773 1.04576391928 0.990026381871 0.966497238818 1.03366462686 1.19709490141 1.47335320606 1.64332166062 1.66557696293 470.495935074 21.7244729263 19.1348090613 1.16042489787 3.15805101537 0.808661517301 0.68565311859 23.0648756656 38.4001372392 13.3290676201 9.53475374472 2.05032988156 0.959984710636 0.899552124576 1.81074272979 60.0218770694 61.7476262821 0.893766092087 0.888604299018 0.914762915549 0.867124922701
-9999.0 -9999.0 -9999.0 -9999.0 -9999.0 -9999.0 -9999.0 -9999.0 -9999.0 -9999.0 -9999.0 -9999.0 1.39422633996 17.9835631888 46.2683135081 50.384746253 69.0994367801 70.09176482 16.9976244712 12.4512111906 3.67742185628 1.18778758713 4.79623999612 5.9373737248 9.18461874847 2.18920706054 2.11878806985 2.0769029726 4.11336019534 2.09030572088 2.23347143111 0.998689704979 0.977933875469 1.16581326714 471.757344339 494.153787109 495.51434796 1.20843719355 9.1304230477 3.59008052171 1.06071782412 41.6543616095 2.26037758171 1.15828819722 4.72469230689 1.10418169297 1.04491584329 1.99138925178 2.79917191159 3.67447841852 63.2588691419 0.719660918115 0.625319807544 0.625826355848 0.554140875323
-9999.0 -9999.0 -9999.0 -9999.0 -9999.0 -9999.0 -9999.0 -9999.0 -9999.0 -9999.0 -9999.0 1.48989506642 13.6698632321 16.5908586353 2.76849575359 0.845887691327 2.00547603992 73.3447783182 74.3827450223 92.3323062558 1.12236049554 2.30072385093 1.06756044063 1.08566951645 10.2661031946 13.534853037 16.7445820413 1.02749929207 5.15047811655 8.25871745809 5.21940113813 1.99909786838 1.91487830179 2.06574441651 2.16568165136 1.25582495978 496.578668397 497.521474184 508.675924249 1.94378526471 0.993329867493 42.3515606018 2.28491909375 1.1669684777 1.22731638355 1.21635068121 1.13163185175 2.23306028175 6.32954057641 10.9341481902 74.9374134426 0.576862102969 1.70981159667 1.14881298093 1.02447250169
-9999.0 -9999.0 -9999.0 -9999.0 -9999.0 -9999.0 -9999.0 -9999.0 -9999.0 -9999.0 -9999.0 1.52055034429 9.31989965509 1.48481359551 1.3647314478 6.81297826297 8.06895147994 9.35479639029 10.5661997721 125.238052434 126.298331022 128.498350346 144.606686695 148.024424735 150.19748798 151.310130667 170.998912487 173.936497952 174.989243865 184.359120472 190.665357723 191.667011264 195.536822735 3.02674257725 3.07761563082 1.0497033937 1.08474097085 498.579899171 512.699043237 3.00913587893 48.2933936567 47.4069442525 4.42005937805 1.07961713497 1.10188338286 1.07810559806 1.06448652348 2.14428849083 3.17268608068 1.03531915424 75.6511518484 76.4033447021 79.921290416 80.5546486929 82.1629578868
-9999.0 -9999.0 -9999.0 -9999.0 -9999.0 -9999.0 -9999.0 -9999.0 -9999.0 -9999.0 -9999.0 4.72737737013 6.25441348432 2.9331094879 4.35700063744 1.41012862626 15.9173170137 17.2446217265 19.8702304453 21.0704560527 8.71713894794 138.996334621 140.086704208 1.22532930834 1.07413752054 1.05558237062 2.17070705431 1.06767395746 0.972779443054 0.939363296352 0.936108747675 192.667995059 196.542700203 200.457914062 204.349250685 208.292845382 1.99738400748 0.712157754561 563.751718895 50.077415176 49.2035176905 1.01232627919 0.973490194062 0.926520281302 2.02693094751 2.00802056236 0.946369629648 0.948822027701 0.915236721532 1.93722053006 2.65416995867 0.739520338582 1.28674874061 0.46213107624 0.451305069911
-9999.0 -9999.0 -9999.0 -9999.0 -9999.0 -9999.0 -9999.0 -9999.0 -9999.0 -9999.0 -9999.0 -9999.0 3.17295979106 1.502063334 1.43941358503 13.2648931006 14.6330659923 1.35408636402 5.26986049859 6.52770705614 7.72215980959 1.27168149356 1.18078979149 22.1677550638 23.2463735998 24.3111174962 61.9995482298 62.9849012931 64.8833205091 72.4997693112 77.933704064 78.8290897447 0.866082681657 0.886419053173 0.811080299124 209.74443891 0.758336192173 573.650932853 572.463887405 7.79159836656 6.73089735069 3.91199847982 0.973748977319 1.85533754777 2.95335121558 2.93222331796 1.85821025004 0.918373725889 1.82786739168 1.82516908401 3.5014679905 0.572886102337 1.90784171575 3.02817741718 3.9759017961
