data/baseflow/History/mHMbfrc459
ncols                  80
nrows                 72
xllcorner      4374000.0
yllcorner      5656000.0
cellsize            500
NODATA_value       -9999
[rows 24 to 47 of 72, columns 0 to 54 of 80]
-9999.0 -9999.0 -9999.0 -9999.0 -9999.0 -9999.0 -9999.0 -9999.0 -9999.0 -9999.0 -9999.0 -9999.0 1.346449257 3.86373643982 5.08184976942 8.78134731365 1.16541133706 2.34656875716 3.47929213541 13.0748036631 14.0020783988 14.698231649 15.6126689277 16.605307336 25.7096831712 28.6396426344 30.2208961274 0.620884514593 3.86723748853 4.41052450739 58.6584158097 61.1543564318 62.0901971737 63.0205908711 64.0336018184 235.417338165 0.369874240925 487.181211336 1.01655536255 0.450388601406 4.45927969042 3.85659448172 0.617673233077 2.31509686609 3.31905339635 3.29632978954 2.25192078808 3.6739802352 5.78112341997 2.10264667581 5.41701920744 0.518754051025 0.74170224399 0.163420067493 0.123033097431
-9999.0 -9999.0 -9999.0 -9999.0 -9999.0 -9999.0 -9999.0 -9999.0 -9999.0 -9999.0 -9999.0 -9999.0 1.29768161258 2.58391204289 1.22398273604 2.45560791699 1.16136653446 8.53160277258 10.8188905811 11.972281541 1.06829647047 2.02665345641 19.3369081637 23.9250004554 24.8001508609 1.93346785375 1.97372951097 2.85118801148 0.511153399462 0.488863356423 0.930510431845 0.477612083053 28.3742547563 28.9126930686 29.4237784337 235.954140265 491.133559823 487.683430767 0.704048095359 0.299371828229 0.276112609117 1.32685986819 1.02984935646 2.81319651433 3.94753694801 7.94089999651 0.688169980107 0.688750131813 6.39398893787 7.01526141131 13.58687408 13.976914691 14.8749876704 15.1752277302 0.253897468371
-9999.0 -9999.0 -9999.0 -9999.0 -9999.0 -9999.0 -9999.0 -9999.0 -9999.0 -9999.0 -9999.0 -9999.0 -9999.0 1.27581163228 2.5345357067 3.78739721858 6.15750561637 1.225853164 1.1691434537 7.65828341248 8.74847415251 17.5944409797 18.5876710096 2.83342761199 1.00893354972 0.96846530148 0.930756290732 25.2779442081 25.9212711408 26.4651971308 26.9101081433 27.8507642236 5.23900456392 5.74998099872 35.7235711498 763.08818416 2.73797294531 2.16634410081 1.05538423765 0.282842396571 0.242357266191 1.85041589593 2.03795660297 3.33040355229 0.273509611629 8.32092161524 1.18557297075 1.16806859346 0.267214499558 0.171937561286 0.13548836689 0.14619698493 0.130986268034 15.3065479675 183.905124252
-9999.0 -9999.0 -9999.0 -9999.0 -9999.0 -9999.0 -9999.0 -9999.0 -9999.0 -9999.0 -9999.0 -9999.0 -9999.0 -9999.0 1.23750881858 2.29483289292 3.22456462446 4.16905386433 5.3298252105 6.50945806133 3.48233947235 5.73886750104 1.00216053216 0.984014744646 20.5826248458 22.5621107361 23.5176546218 24.4817387435 0.789050358455 1.44293160601 3.60690537585 4.18845310238 4.70938799493 0.585798909367 0.384380123777 764.425061292 0.559629971157 0.68400810615 0.366950936384 1.16766368176 0.526110646658 0.294089956281 5.62174796608 5.82668430478 0.177720478368 8.51046360907 9.8619867466 1.36450691644 190.018777891 189.603827473 189.273632985 188.653459395 188.366240012 184.810243831 184.620182955
-9999.0 -9999.0 -9999.0 -9999.0 -9999.0 -9999.0 -9999.0 -9999.0 -9999.0 -9999.0 -9999.0 -9999.0 -9999.0 -9999.0 0.215589233064 0.502225722992 0.937296627013 7.77713953352 8.97416098077 1.19597658519 1.16901394641 1.14333376659 16.5088529772 18.6175792448 0.995934676124 1.02288398466 0.871835538104 3.52917699707 4.39471518157 2.3341611991 2.91938452034 20.7188652485 21.391116132 22.5764352303 35.5275410169 800.259223709 0.55310697276 0.281131893251 1.78615251844 1.48921606872 0.224045831646 0.759500279771 0.988852409791 6.05801698343 6.2434081682 16.5599254223 9.96968341626 1.52215822652 193.995139925 1.59307486238 188.98240374 188.824205432 3.30372707424 0.146750200576 0.503148435746
-9999.0 -9999.0 -9999.0 -9999.0 -9999.0 -9999.0 -9999.0 -9999.0 -9999.0 -9999.0 -9999.0 -9999.0 -9999.0 -9999.0 1.10006122065 1.80057856921 3.86559084161 6.65096172549 9.78132714717 12.0430584132 13.1991808076 14.3589456887 15.4602203871 1.0465765832 0.998697262688 1.96492416214 1.76399999759 0.902462400696 17.9847436455 18.8374042194 19.6305856696 20.3789229788 11.3113429571 11.925658447 12.5735313414 800.526586774 0.902597394528 0.974479244197 2.97529309354 0.309370590079 0.445747349332 0.22279131397 0.217792161443 1.19542716863 0.161400264565 0.166766582899 211.451738835 194.750595935 194.580339346 0.648771838835 1.44373061765 0.948234594632 0.231414247839 3.01280723208 0.886670102093
-9999.0 -9999.0 -9999.0 -9999.0 -9999.0 -9999.0 -9999.0 -9999.0 -9999.0 -9999.0 -9999.0 -9999.0 -9999.0 -9999.0 0.764202556965 0.697350583804 1.35879769447 2.09172295797 1.16179812289 1.23854884454 2.40649478869 3.57967991969 5.78306793221 6.87468178426 7.91122416149 10.9324146309 11.8490386795 12.7582213099 0.842083443268 8.82511278986 9.56278016672 10.1957390502 0.489780733052 0.293333591589 0.556352262266 813.592823207 813.851124252 815.301414573 3.85695827489 0.63968000759 0.81273248676 0.214830673437 0.388695027355 1.37053004976 1.68227543386 0.305849081093 212.173577945 0.21685340113 0.35867594442 0.413523757194 0.282709253935 0.527762629342 0.218020597911 1.91111032692 1.47013129766
-9999.0 -9999.0 -9999.0 -9999.0 -9999.0 -9999.0 -9999.0 -9999.0 -9999.0 -9999.0 -9999.0 -9999.0 -9999.0 -9999.0 -9999.0 0.654937601184 1.29780439165 0.666427161932 1.39302332823 8.73363134601 9.80511173032 10.9731098917 1.09862438221 1.10065170071 2.13694505174 3.16375612711 4.97041877018 5.84001368948 6.33659139675 7.15178730807 0.721177861395 0.65652282305 11.4015635709 11.6634765399 11.9525863805 12.2350063253 9.76241839932 826.209115294 831.832397299 832.11139499 833.179572254 834.331365103 834.924870165 0.173395130757 1.83736017336 212.337283539 0.404321746472 0.206871761061 0.182609400283 0.157658032314 0.287307765179 0.296095702869 0.1647586468 0.229919224124 0.217385825111
-9999.0 -9999.0 -9999.0 -9999.0 -9999.0 -9999.0 -9999.0 -9999.0 -9999.0 -9999.0 -9999.0 -9999.0 -9999.0 -9999.0 -9999.0 -9999.0 1.92455600947 2.63956837039 4.73888442502 6.4877370718 0.985963632983 13.1528160909 14.2392662471 15.3257257362 1.05481131639 2.08995820281 0.945697693545 6.95617152552 7.41821800096 8.15676550246 8.94399458803 10.7900422098 10.9928065097 0.150344161812 8.69839830304 9.24506657822 9.49523995554 10.637092113 1.49602217024 0.970606146532 0.614547373248 0.547441773336 835.599616502 835.859156543 838.899143655 212.509020628 1.02743778264 0.471496445604 0.313451690055 0.111858028898 0.890257542674 0.471647249887 0.148995300466 0.804796970348 0.672752375139
-9999.0 -9999.0 -9999.0 -9999.0 -9999.0 -9999.0 -9999.0 -9999.0 -9999.0 -9999.0 -9999.0 -9999.0 -9999.0 -9999.0 -9999.0 -9999.0 0.700451121456 3.32863562226 4.07289823701 1.05445675295 1.17433654289 2.34113671802 3.4256500615 19.8389158856 1.05247598058 4.21214097388 5.17800726106 6.12304614106 0.500194687317 1.19243333815 1.57592106697 7.07175392072 7.8007031647 8.01248244725 0.266821512683 0.281518934426 0.342830375154 0.618735306406 0.276394046491 0.301088846354 0.498999862454 0.392559276244 0.445483077383 1.00622842787 839.170781677 1052.34354968 1.24684353951 0.278342540332 0.109253180541 2.76096314514 2.52182187329 1.4819598372 1.33162805622 1.00064507846 0.220606515903
-9999.0 -9999.0 -9999.0 -9999.0 -9999.0 -9999.0 -9999.0 -9999.0 -9999.0 -9999.0 -9999.0 -9999.0 -9999.0 -9999.0 -9999.0 0.568144829896 1.9011209564 0.632935523341 1.19577648504 1.23711693433 2.40997403918 3.56111776752 4.57510814019 25.1453428211 26.1720674579 1.04540133307 2.01426251514 2.9861639713 3.599599106 4.2915110323 6.30571661544 6.81478255029 0.437650310994 0.416754469857 0.369518813747 0.295812853076 0.475975389138 0.473635954057 0.516145017373 0.580058799369 1.5783479877 0.635866669751 0.208203923507 0.199818859214 0.219649958433 0.421457260006 1060.10151497 6.26176700353 3.20968961419 0.199412195695 0.0831731838681 0.0944837574448 0.352170408457 0.252753021139 0.131901411534
-9999.0 -9999.0 -9999.0 -9999.0 -9999.0 -9999.0 -9999.0 -9999.0 -9999.0 -9999.0 -9999.0 -9999.0 -9999.0 -9999.0 0.611867567287 1.15361004272 4.22608293525 0.594256175251 2.18177320919 3.40941163338 4.58832610186 1.18125241562 2.26771826715 3.18102347349 30.0460740093 1.01373172374 1.94909936627 2.86996599383 0.797854519835 1.58135794701 2.00905410685 2.52509082205 57.763044393 58.613356849 59.4917044506 62.7240852551 63.8549673903 66.2363772243 0.992128057798 2.14188343489 2.06713757344 74.1209544359 74.5457473623 0.19009435257 0.370241825097 0.544490580663 1060.26632053 5.75906257909 2.32263196321 2.23265917014 1.9510345091 1.80412824737 0.469963773444 0.109106018499 0.228665775456
-9999.0 -9999.0 -9999.0 -9999.0 -9999.0 -9999.0 -9999.0 -9999.0 -9999.0 -9999.0 -9999.0 -9999.0 -9999.0 -9999.0 0.61481993998 1.85722452184 6.68052340998 9.73478838741 0.503770906337 12.7643520419 18.0475560934 1.13702515494 2.21142575855 3.18394966835 39.0478760731 39.8337700524 0.81841891797 4.50158728172 5.25352758137 5.89645180968 52.7186320391 54.0402840176 54.7774170066 0.362819246061 2.19339559475 2.63738084312 1.04940465563 1.51571220953 68.3382586572 71.1142657943 71.4751356128 71.8164724636 74.989648986 0.217254206089 0.193752292197 0.902649958838 1060.45307413 0.137814463488 0.0700362153646 0.201932411404 0.073668517319 1.63462488091 1.41066735864 0.815136865607 0.600869157933
-9999.0 -9999.0 -9999.0 -9999.0 -9999.0 -9999.0 -9999.0 -9999.0 -9999.0 -9999.0 -9999.0 -9999.0 -9999.0 -9999.0 -9999.0 -9999.0 1.25755512283 2.51662057273 11.4784748417 12.1289540097 18.5988010363 19.2907593505 1.10986084414 2.21574817315 5.25178921219 40.4103432469 42.0002914481 42.6571315854 0.517609334699 44.9642221332 46.3319530429 0.834676821354 0.358250857893 0.73948176747 1.40897160403 0.326477822335 0.65011820594 1.44377607375 1.7868620097 0.310697899079 0.221913935854 0.443358842974 76.6472687619 77.2679833629 77.4444904968 78.7512268304 1060.631392 0.0867401985125 0.0535791596912 0.0574875030187 0.0559568012974 0.0571607094082 0.0502470877827 0.0951939346921 0.0745609885238
-9999.0 -9999.0 -9999.0 -9999.0 -9999.0 -9999.0 -9999.0 -9999.0 -9999.0 -9999.0 -9999.0 -9999.0 -9999.0 -9999.0 -9999.0 -9999.0 0.650527489345 0.63280062919 0.622404020134 1.32131512712 0.561507307969 20.4061905856 21.0348935608 1.02548717474 2.06320323562 0.981846836954 0.764666956705 0.743669765964 43.9521452101 0.442311260882 0.871373701121 0.480645017063 0.415527382016 0.344139072401 0.268896905491 0.277758191748 0.841480751384 1.14621561876 0.224911076618 0.192728864073 0.40714724366 0.661432851367 0.898542683069 0.317065419927 77.6612794606 78.9268990666 1060.76662658 0.329201714008 0.168693262565 0.0385665068064 0.0879214798444 0.0326010318316 0.0256252702075 0.122938269882 0.390387571753
-9999.0 -9999.0 -9999.0 -9999.0 -9999.0 -9999.0 -9999.0 -9999.0 -9999.0 -9999.0 -9999.0 -9999.0 -9999.0 -9999.0 -9999.0 -9999.0 -9999.0 -9999.0 0.619575296677 1.88078077461 2.36186570598 2.89901543743 21.5676756927 22.1256693757 22.7190319153 23.5184312288 24.2488125704 25.7331100039 26.1797070408 26.5931707922 26.9967169246 0.389356933801 0.367185812593 0.364689058548 1.20042786344 0.303009689172 0.2888167221 0.239401552357 0.68757594011 0.24099972615 0.195271417656 0.184351267279 0.158982581714 0.317444626565 0.462018370878 79.8711144179 1141.12181151 0.0726927882571 0.185711118007 0.0336593004835 0.124636867901 0.0774694093342 0.0515206124943 0.838187848542 0.650476591375
-9999.0 -9999.0 -9999.0 -9999.0 -9999.0 -9999.0 -9999.0 -9999.0 -9999.0 -9999.0 -9999.0 -9999.0 -9999.0 -9999.0 -9999.0 -9999.0 -9999.0 -9999.0 -9999.0 0.494083803196 4.01139636042 7.99447747675 8.56091539853 0.947405631609 1.96115168696 2.99705808654 3.82451875006 9.33561367767 9.75418496126 0.404778410466 0.383975819405 27.8636048561 28.5861469328 28.9147112971 1.44014905921 0.195880607318 0.462408202331 0.688539673918 2.10330584112 2.56679079652 2.94122442121 0.35039807303 0.493587086932 0.164071819073 0.323495665516 0.163871130843 1141.45557345 0.0768169152023 0.324593173425 0.141093034912 0.358281490549 0.753886292702 0.852928165858 1.73535545388 0.823567157294
-9999.0 -9999.0 -9999.0 -9999.0 -9999.0 -9999.0 -9999.0 -9999.0 -9999.0 -9999.0 -9999.0 -9999.0 -9999.0 -9999.0 -9999.0 -9999.0 -9999.0 -9999.0 0.566511151913 1.81826336483 3.53367971071 4.59284250462 11.7926933765 12.5680761267 2.10363620705 3.14217861231 3.97942926663 4.81202364388 10.1903859993 11.0212804199 19.2918450025 19.9462285065 20.3988709586 29.2111560808 31.3208227319 0.449256320813 0.283527276137 0.269354545918 0.512943236227 0.234350966773 3.3947444882 3.57364933783 0.648491863245 0.86457441084 0.233690152045 199.014793576 199.349664727 1341.02106568 1341.4818102 0.0668878332135 0.494912192187 0.0979057528136 0.101066673043 1.96605096856 2.8759119352
-9999.0 -9999.0 -9999.0 -9999.0 -9999.0 -9999.0 -9999.0 -9999.0 -9999.0 -9999.0 -9999.0 -9999.0 -9999.0 -9999.0 -9999.0 -9999.0 -9999.0 -9999.0 -9999.0 0.653433562715 0.628919563444 1.17182746121 2.74688143011 13.1052450384 1.06411624204 1.05453314372 1.92194378011 2.75676015911 6.58613682867 7.1371681643 0.380441065356 0.41653342274 20.8259121426 21.0931909644 52.7223890228 53.0215970451 0.168538046021 0.154233565512 0.135427744597 0.136393656108 0.150855205585 195.643388451 196.663251695 197.723745885 198.174863827 198.809078717 0.175492495608 0.659287374622 0.817474246482 1342.61019464 1342.71352161 1342.81358515 1343.0236877 1343.25223459 3.08781662845
-9999.0 -9999.0 -9999.0 -9999.0 -9999.0 -9999.0 -9999.0 -9999.0 -9999.0 -9999.0 -9999.0 -9999.0 -9999.0 -9999.0 -9999.0 -9999.0 -9999.0 -9999.0 -9999.0 -9999.0 0.563207658667 0.596612697389 1.08805886629 15.217936667 15.862302885 1.04507707809 1.90352749418 2.74717558885 3.32097309381 0.509019664638 1.04353763369 38.9347570393 39.2706394726 39.6533953095 42.1655107227 95.502166533 188.694196348 189.101803494 189.472985562 189.837910871 191.393230338 191.886432121 0.863272165843 0.388010543179 0.220089174993 0.419377178513 0.328232656842 0.513112584029 0.160460286654 3.78512719843 4.127185928 4.37167363959 4.46746491386 1343.36582764 1346.66023076
-9999.0 -9999.0 -9999.0 -9999.0 -9999.0 -9999.0 -9999.0 -9999.0 -9999.0 -9999.0 -9999.0 -9999.0 -9999.0 -9999.0 -9999.0 -9999.0 -9999.0 -9999.0 -9999.0 -9999.0 -9999.0 0.571244202349 1.08440032524 1.60376070686 16.3176843035 0.793674905885 22.8219767466 23.6860608853 24.2125642724 24.7662432735 36.7865106978 37.3578401537 0.324252771465 1.80190622568 2.19933378832 0.308654703157 92.7959831767 92.2146743426 0.204801540963 0.454376080776 1.20528189658 0.261146122477 0.265109956041 0.1961357898 0.171612907009 0.142073144293 0.15765621475 3.28024036405 3.43971912761 3.62317069663 0.207771271413 0.142957603258 4.53436566568 4.6423789277 4.71789430795
-9999.0 -9999.0 -9999.0 -9999.0 -9999.0 -9999.0 -9999.0 -9999.0 -9999.0 -9999.0 -9999.0 -9999.0 -9999.0 -9999.0 -9999.0 -9999.0 -9999.0 -9999.0 -9999.0 -9999.0 -9999.0 0.510892179835 0.469932063808 2.45734786691 19.8559933048 21.2067451603 21.9708963715 0.858863580984 10.8115892848 11.2689258014 11.4993726163 0.518463118696 0.904105667044 1.2004714719 21.6546501946 21.9149172016 22.148220817 91.783434111 56.1817452924 0.241992902754 0.254162137173 0.246159304165 0.204323042273 2.03626149175 2.41280376348 2.75260964472 2.93527352093 3.11282236433 22.084967204 22.2208391798 22.4409226243 22.8946822266 24.5869934178 24.6779715386 29.4910647858
-9999.0 -9999.0 -9999.0 -9999.0 -9999.0 -9999.0 -9999.0 -9999.0 -9999.0 -9999.0 -9999.0 -9999.0 -9999.0 -9999.0 -9999.0 -9999.0 -9999.0 -9999.0 -9999.0 -9999.0 -9999.0 -9999.0 0.989072327979 1.51718266369 0.607123805765 1.04573965121 7.82655377769 8.70656201297 9.32620702837 4.61260810199 5.02610595666 5.48714086131 5.85833466015 21.1011508891 21.4352255 12.7045889871 35.1236651637 35.3782067793 55.9768691172 0.503579286118 0.256756242218 0.197765497904 1.40239763384 1.64112073287 0.151244525965 0.139687098298 21.481949719 21.8024118458 21.9558421158 0.172674382118 0.295957756685 24.3395446937 0.135671336184 0.627441686675 0.706065720339
-9999.0 -9999.0 -9999.0 -9999.0 -9999.0 -9999.0 -9999.0 -9999.0 -9999.0 -9999.0 -9999.0 -9999.0 -9999.0 -9999.0 -9999.0 -9999.0 -9999.0 -9999.0 -9999.0 -9999.0 -9999.0 -9999.0 0.492801433235 0.973694307177 4.26603976926 4.92475433165 5.81732202724 3.51046090933 4.1845653192 0.432785761652 14.1764190698 14.5501023573 14.9217559426 0.341311873356 12.0762504015 12.4206886226 0.268682030636 54.6816836965 0.553127542954 0.277621340753 0.744075753712 1.00156165798 0.206484691315 0.177358204109 19.8009184292 21.1878598049 21.3694766938 0.189385815583 0.441998333694 0.562647248343 0.667025016022 1.25906724559 0.234481865102 0.510836212416 0.106323284211
