data/baseflow/History/mHMbfrc371
ncols                  80
nrows                 72
xllcorner      4374000.0
yllcorner      5656000.0
cellsize            500
NODATA_value       -9999
[rows 24 to 47 of 72, columns 0 to 53 of 80]
-9999.0 -9999.0 -9999.0 -9999.0 -9999.0 -9999.0 -9999.0 -9999.0 -9999.0 -9999.0 -9999.0 -9999.0 0.888868365898 2.36503335556 3.07450073941 5.19353444587 0.582453604502 1.19585200021 1.75148309171 7.06007335309 7.49962970252 7.86822954251 8.27596294306 8.7696127875 13.7982934361 15.1798995013 15.9463863349 0.315891885138 1.75146607141 2.06734998174 29.9158316736 30.9301081459 31.4021682067 31.8857844174 32.2457385923 114.955374741 0.165462622354 229.842599622 0.34868818172 0.173960973611 1.49553743286 1.28359369257 0.16393235089 0.664281569859 1.03077213305 1.00118056095 0.632379779903 1.02512966741 1.6037189755 0.592100516157 1.53486056577 0.104504443736 0.186318896981 0.0401328810268
-9999.0 -9999.0 -9999.0 -9999.0 -9999.0 -9999.0 -9999.0 -9999.0 -9999.0 -9999.0 -9999.0 -9999.0 0.790974341588 1.56588234434 0.73671791551 1.44415053395 0.582294406786 4.83014659554 5.95808144894 6.53860828189 0.518067541331 0.990760199729 10.649367747 12.9935129662 13.3890230295 0.93563726291 0.855275267337 1.22353903783 0.269123581477 0.2363858193 0.436736225596 0.173083602074 17.5757166307 17.730977876 17.8567456781 115.132841705 231.068666135 229.988441832 0.264661155106 0.133330364031 0.113068831023 0.372619987192 0.284452796157 0.814541308398 1.190629639 2.38782847891 0.191843667769 0.189049687499 1.75328674675 1.91399769081 3.71475115065 3.80823875327 4.04024207697 4.11439770543
-9999.0 -9999.0 -9999.0 -9999.0 -9999.0 -9999.0 -9999.0 -9999.0 -9999.0 -9999.0 -9999.0 -9999.0 -9999.0 0.736744883148 1.50511293976 2.290638202 3.56134582866 0.683327478055 0.596722911559 4.64305570625 5.16966374319 9.70596898088 10.2917108071 1.55292014187 0.49417496718 0.437941488471 0.411074450634 16.3028369947 16.5676988621 16.8362307617 17.0547620913 17.4228017435 2.19727718076 2.35417541829 20.3337570326 366.589933868 0.886842687585 0.761542076266 0.399242357744 0.0969677304056 0.0813848159723 0.594295059288 0.654340142962 0.957779300172 0.0677175932254 2.46990335102 0.297445174313 0.289104922164 0.0546893660711 0.0354968438358 0.0317309566014 0.0303649156822 0.0342099638932 4.16346981073
-9999.0 -9999.0 -9999.0 -9999.0 -9999.0 -9999.0 -9999.0 -9999.0 -9999.0 -9999.0 -9999.0 -9999.0 -9999.0 -9999.0 0.700157747761 1.45511156176 2.15790559266 2.85953844602 3.45739218456 4.08403282427 1.77892711934 2.98161155945 0.551780792185 0.495336975706 14.1303124403 15.0721238156 15.4922943566 15.9663499556 0.337004379744 0.592494110655 1.55001589182 1.81994523522 2.03095858396 0.200911923984 0.167923463099 366.996859148 0.133045539853 0.229705252289 0.108538416043 0.340276642323 0.159636351522 0.0862475022586 1.70336487544 1.78379904789 0.0417324117009 2.52242092518 2.85857670451 0.331392910293 65.8626463331 65.7823528018 65.7119477458 65.5776239933 65.5285714635 64.1954077074
-9999.0 -9999.0 -9999.0 -9999.0 -9999.0 -9999.0 -9999.0 -9999.0 -9999.0 -9999.0 -9999.0 -9999.0 -9999.0 -9999.0 0.199086940761 0.44681676202 0.718261806249 7.00774898782 7.61821253626 0.631769203392 0.604181363855 0.596090558777 12.0378307955 13.176938212 0.543175117515 0.540152750152 0.374311420832 1.59095935368 1.98123614642 1.00983046368 1.27376597591 9.81227570767 10.046216135 10.5458656031 16.2279374172 383.302494561 0.131136777023 0.0812197990372 0.490036851845 0.414747148244 0.0664161149325 0.229659889643 0.299297249661 1.8666413669 1.92785991377 4.90000122819 2.88653271598 0.365080268331 66.9935518247 0.492392305492 65.6509989889 65.6185088809 1.27942294584 0.062631529306
-9999.0 -9999.0 -9999.0 -9999.0 -9999.0 -9999.0 -9999.0 -9999.0 -9999.0 -9999.0 -9999.0 -9999.0 -9999.0 -9999.0 1.06486551717 1.72787254508 3.53306873032 6.30744894036 8.3174078857 9.75509273823 10.3435534258 10.9554595618 11.5416781071 0.546744099936 0.462153222282 0.891846155681 0.793591951459 0.43433611398 8.64741291138 9.01726341053 9.34569133645 9.65872248857 4.96428963193 5.15728708953 5.45081234038 383.367042058 0.244763682646 0.235442427041 0.77584584517 0.0643477240212 0.164886454113 0.094850157959 0.0612239198921 0.36994300538 0.0423609596851 0.0466220876009 72.1685077238 67.2472312384 67.207753238 0.241428994614 0.463060243116 0.282897276496 0.0555381408793 1.14400291326
-9999.0 -9999.0 -9999.0 -9999.0 -9999.0 -9999.0 -9999.0 -9999.0 -9999.0 -9999.0 -9999.0 -9999.0 -9999.0 -9999.0 0.754100206211 0.712922553869 1.40034736899 2.11386715491 0.742707365841 0.761212408095 1.392883405 1.9959875579 3.11366674011 3.65734345519 4.10705433822 5.47459390844 5.86657901355 6.33133107765 0.378689464633 3.93456186881 4.23216177931 4.51884839519 0.234235101983 0.140681696317 0.196287187868 388.740863899 388.794465052 389.170720203 0.940073844745 0.12247917645 0.221542313648 0.0541934446692 0.103110911364 0.417279274921 0.494253647396 0.0796235504665 72.3855949433 0.0823766648149 0.130146495691 0.144122410925 0.108398829557 0.186123758606 0.0716404266556 0.801422279233
-9999.0 -9999.0 -9999.0 -9999.0 -9999.0 -9999.0 -9999.0 -9999.0 -9999.0 -9999.0 -9999.0 -9999.0 -9999.0 -9999.0 -9999.0 0.679460111759 1.33862239543 0.637370504329 1.31517752405 8.13082325641 8.70525810747 9.26455051698 0.553111091381 0.549190611966 0.996159630239 1.45749108274 2.20086950728 2.5988957176 2.84848783223 3.19959747836 0.255380387178 0.226373723033 4.8208613141 4.96517209653 5.0313229547 5.11157066594 4.08108759759 393.559934433 394.939788621 394.954458386 395.179461289 395.377509124 395.488457752 0.0346003069278 0.526905401442 72.4089020364 0.0726647482144 0.037916954774 0.057976262043 0.0610624293854 0.0968017718714 0.0780525580913 0.0502248669674 0.0986531407821
-9999.0 -9999.0 -9999.0 -9999.0 -9999.0 -9999.0 -9999.0 -9999.0 -9999.0 -9999.0 -9999.0 -9999.0 -9999.0 -9999.0 -9999.0 -9999.0 1.98796132542 2.65668529682 4.67988258618 6.132058703 0.755171881166 10.6855828658 11.2144144119 11.693034218 0.463187266434 0.897510024401 0.364297235642 2.96777712308 3.18404636348 3.51575766605 3.80547488685 4.50109142246 4.65269950259 0.088751040881 3.74711857917 3.91396974826 4.00811394136 4.33213710927 0.395971888676 0.242946261872 0.138557563768 0.125662253726 395.59313172 395.624880684 396.450533046 72.4286494092 0.223906848245 0.128593236113 0.088121815192 0.0210229682094 0.26610222737 0.138832792572 0.0396888317002 0.242894639655
-9999.0 -9999.0 -9999.0 -9999.0 -9999.0 -9999.0 -9999.0 -9999.0 -9999.0 -9999.0 -9999.0 -9999.0 -9999.0 -9999.0 -9999.0 -9999.0 0.694348134649 3.33673974894 4.04745664702 0.770753864896 0.593572286389 1.24702227004 1.81002032405 14.0071320668 0.455796488209 1.8429505948 2.23357351256 2.62222342238 0.215748834437 0.513370436232 0.690891115049 3.03820676877 3.38270719902 3.48776631104 0.0943065823294 0.0725479564024 0.0802763269001 0.150430333293 0.0583365773716 0.0569497430824 0.0915207682713 0.0682319884065 0.0921361089872 0.295031560051 396.49493695 469.039240033 0.273127928999 0.0479476533232 0.0227609461801 0.836180900524 0.787096212575 0.475887594837 0.428417465816 0.316711961665
-9999.0 -9999.0 -9999.0 -9999.0 -9999.0 -9999.0 -9999.0 -9999.0 -9999.0 -9999.0 -9999.0 -9999.0 -9999.0 -9999.0 -9999.0 0.600975187854 1.9242061428 0.629966008042 0.719487279707 0.670402693442 1.2807782616 1.87812476162 2.42335134478 17.0006649038 17.4166049839 0.436110431478 0.816715781244 1.20418310489 1.4744354753 1.76695070106 2.6710897927 2.92475929077 0.209921519106 0.139842082167 0.0923132660417 0.107719700648 0.0901980174759 0.103217186569 0.078213327622 0.0988247758027 0.341577784231 0.167766958324 0.0829263295066 0.0796774739827 0.0573742639139 0.100728160594 472.28358092 2.97619708343 1.0269643621 0.126341008068 0.0585345851699 0.0319568796135 0.100999760177 0.0641179846245
-9999.0 -9999.0 -9999.0 -9999.0 -9999.0 -9999.0 -9999.0 -9999.0 -9999.0 -9999.0 -9999.0 -9999.0 -9999.0 -9999.0 0.638975466561 1.2212150289 4.36157349472 0.601721990676 1.42578283524 2.0612489315 2.62895677948 0.612806414123 1.11257033972 1.6968595437 19.6276509472 0.395329259712 0.734359384733 1.08441631094 0.316378075486 0.620623880082 0.807077434429 1.00695933106 32.1877521126 32.4732579481 32.7031870557 34.0147294116 34.302880839 35.1174205794 0.129810154796 0.301690904804 0.406924136772 37.2290132759 37.3596725882 0.0688247225452 0.100155997797 0.129919514035 472.306425352 2.8920903254 1.68406533224 1.60554397054 1.06098781211 0.810649539736 0.132557728353 0.0349944399737
-9999.0 -9999.0 -9999.0 -9999.0 -9999.0 -9999.0 -9999.0 -9999.0 -9999.0 -9999.0 -9999.0 -9999.0 -9999.0 -9999.0 0.645398504821 1.95786147727 6.96028205759 10.2807678387 0.54140315691 13.4104395684 16.6279821589 0.539975436465 1.01722861708 1.56720282565 24.1091886129 24.5442106727 0.308415102954 1.71379313394 1.98909870572 2.22775885279 30.046808489 30.6785337418 31.0532564014 0.178652297179 0.952829473629 1.13562571653 0.458871044816 0.646134501629 35.9667768556 36.5247029951 36.6534240436 36.7710616164 37.4561526971 0.0473024778877 0.0373403870282 0.196174468264 472.330521233 0.101913131378 0.158674443334 0.483524422459 0.196842790311 0.727242314769 0.52482097014 0.318891517041
-9999.0 -9999.0 -9999.0 -9999.0 -9999.0 -9999.0 -9999.0 -9999.0 -9999.0 -9999.0 -9999.0 -9999.0 -9999.0 -9999.0 -9999.0 -9999.0 1.35989270432 2.72870768167 12.1652316155 12.8317394388 17.2170369273 17.823632044 0.533434662658 1.06807871562 2.42706905149 25.040037348 25.7501793712 26.017790859 0.204696542153 26.9702030016 27.6270913315 0.423030525484 0.181888152936 0.323712513786 0.637297163382 0.158089393389 0.303695358809 0.602015750894 0.747762650976 0.149429461805 0.0813198785803 0.155439222955 38.0217262802 38.1595019175 38.1858125716 38.4858619789 472.341185468 0.0636806726016 0.0849874280368 0.120738314537 0.111948811689 0.117419604312 0.0907988209386 0.161839132435
-9999.0 -9999.0 -9999.0 -9999.0 -9999.0 -9999.0 -9999.0 -9999.0 -9999.0 -9999.0 -9999.0 -9999.0 -9999.0 -9999.0 -9999.0 -9999.0 0.708436641583 0.693109932982 0.676839991598 1.32311608044 0.58043125764 18.982222055 19.523113331 0.476216401863 0.923202338389 0.439233217879 0.349794930081 0.334516742793 26.5683757362 0.223356290366 0.469538949924 0.210888023436 0.170575653791 0.156466526405 0.108088632204 0.115441908595 0.35516427575 0.494763796298 0.0819974298385 0.0673590195666 0.151828361847 0.270102128014 0.327415518538 0.0747598279941 38.253511758 38.5142969815 472.335605202 0.300129076819 0.173460044449 0.0502348225639 0.147512061234 0.0368923095146 0.0256965082296 0.191005448724
-9999.0 -9999.0 -9999.0 -9999.0 -9999.0 -9999.0 -9999.0 -9999.0 -9999.0 -9999.0 -9999.0 -9999.0 -9999.0 -9999.0 -9999.0 -9999.0 -9999.0 -9999.0 0.684958970131 1.94930208124 2.49534308964 3.06202060586 20.0768692813 20.6294022572 21.1508988868 21.6605417417 21.9802248914 22.6514407634 22.8421575405 23.0498894975 23.1946947042 0.133910439979 0.120368386679 0.139105788938 0.488611939359 0.13740661655 0.125875326337 0.0851029736565 0.242437955518 0.106108523797 0.0692653129592 0.0612690995781 0.0447352757267 0.0891317028115 0.127652746108 38.7740493498 511.400699667 0.058225757228 0.103203815139 0.0354858069785 0.186903444297 0.0801194789528 0.051693650911 0.468178644134
-9999.0 -9999.0 -9999.0 -9999.0 -9999.0 -9999.0 -9999.0 -9999.0 -9999.0 -9999.0 -9999.0 -9999.0 -9999.0 -9999.0 -9999.0 -9999.0 -9999.0 -9999.0 -9999.0 0.574972384714 4.54071561908 8.83482229665 9.41324732383 0.670076735537 1.14914268961 1.58430726614 1.90306391634 4.23453884164 4.37845756132 0.138088469492 0.135294478441 23.4701787667 23.7009770566 23.8025373852 0.564031158973 0.0701803158161 0.199078708467 0.28711887063 0.84842553877 1.04020769999 1.16861468742 0.111525878166 0.148259986771 0.0488565743132 0.0958986707561 0.0499233133347 511.439935948 0.0455265840068 0.193384916479 0.075343429798 0.275001295705 0.563990581924 0.638590442262 1.13278891051
-9999.0 -9999.0 -9999.0 -9999.0 -9999.0 -9999.0 -9999.0 -9999.0 -9999.0 -9999.0 -9999.0 -9999.0 -9999.0 -9999.0 -9999.0 -9999.0 -9999.0 -9999.0 0.638018325086 2.03131701158 3.97797629845 5.19537811814 13.1529318038 13.7705225166 0.931596645741 1.37689615301 1.71971124013 2.04595741514 4.54537979511 4.83254953664 8.25670862492 8.49233197377 8.60152246027 23.9167473846 24.7693839125 0.192851302954 0.142066197203 0.132531884056 0.247188637042 0.106986709159 1.36640628781 1.42526574329 0.192799655353 0.232457898192 0.037047256107 119.552699714 119.648078637 631.094699339 631.308092726 0.0528893692027 0.392063587055 0.0765116187001 0.054397907143 1.21388711623
-9999.0 -9999.0 -9999.0 -9999.0 -9999.0 -9999.0 -9999.0 -9999.0 -9999.0 -9999.0 -9999.0 -9999.0 -9999.0 -9999.0 -9999.0 -9999.0 -9999.0 -9999.0 -9999.0 0.726670942177 0.707016224271 1.33919277613 3.17365936246 14.3517889911 0.482481904493 0.474250909926 0.80696973652 1.15322515752 2.76921814085 2.9988415722 0.19196953261 0.175118992813 8.7724509502 8.90298696119 33.7637333591 33.8416533926 0.0554746413811 0.0448891192871 0.0331665192271 0.0336501862733 0.0375281956851 118.554554266 118.930175761 119.202110795 119.275760863 119.523326417 0.0584241446425 0.203524117978 0.234696701803 631.58158102 631.558783458 631.562352897 631.538747396 631.515889071
-9999.0 -9999.0 -9999.0 -9999.0 -9999.0 -9999.0 -9999.0 -9999.0 -9999.0 -9999.0 -9999.0 -9999.0 -9999.0 -9999.0 -9999.0 -9999.0 -9999.0 -9999.0 -9999.0 -9999.0 0.650410057398 0.679665078392 1.25885335113 16.8151359416 17.3628326191 0.457603750807 0.788284125082 1.14886190698 1.42681766552 0.235241022132 0.407055208662 33.8110771364 33.934155123 34.0445016065 35.0213041697 68.9572331313 115.976638539 116.122572209 116.246552536 116.360055353 116.897177991 117.079443622 0.33475269818 0.139233000701 0.0925124768254 0.167831861563 0.0997711950554 0.165347021901 0.0481314325288 1.25349528366 1.42315991304 1.56020139181 1.56914859487 631.478880799
-9999.0 -9999.0 -9999.0 -9999.0 -9999.0 -9999.0 -9999.0 -9999.0 -9999.0 -9999.0 -9999.0 -9999.0 -9999.0 -9999.0 -9999.0 -9999.0 -9999.0 -9999.0 -9999.0 -9999.0 -9999.0 0.664833899252 1.27079559733 1.88004603563 17.8557448791 0.440488739622 23.7378807058 24.1100542143 24.3338276949 24.522324459 33.0343624583 33.2367747477 0.149907366038 0.743521589708 0.896332002795 0.155909965954 46.8775260069 46.6118434532 0.0619747479045 0.158726173694 0.449233767742 0.105718869057 0.113455251475 0.0701886513474 0.0528583253234 0.0352841999132 0.0447723649048 1.10324040391 1.15058165341 1.21531737013 0.139061431943 0.109613800376 1.62789914097 1.64655192416
-9999.0 -9999.0 -9999.0 -9999.0 -9999.0 -9999.0 -9999.0 -9999.0 -9999.0 -9999.0 -9999.0 -9999.0 -9999.0 -9999.0 -9999.0 -9999.0 -9999.0 -9999.0 -9999.0 -9999.0 -9999.0 0.609165303055 0.567909167297 2.94244399272 21.9396029901 22.9440069115 23.4222898285 0.367522308245 7.94575619732 8.20150339308 8.33725978657 0.188089031244 0.35949624528 0.509503484544 11.2369257529 11.3407574133 11.4225404307 46.4760925678 28.352373948 0.0919846965391 0.100391407634 0.0933291436993 0.0613784834535 0.693526139852 0.824538938514 0.932178161512 0.994205040482 1.05235151727 8.94397892546 8.97735689099 9.01176119427 9.09136248614 9.46085270955 9.46898171559
-9999.0 -9999.0 -9999.0 -9999.0 -9999.0 -9999.0 -9999.0 -9999.0 -9999.0 -9999.0 -9999.0 -9999.0 -9999.0 -9999.0 -9999.0 -9999.0 -9999.0 -9999.0 -9999.0 -9999.0 -9999.0 -9999.0 1.18737696141 1.80745475298 0.603981625369 0.45902798529 6.70638122829 7.09472050819 7.3455143898 2.31021454929 2.50989980803 2.71194117726 2.86178523153 10.9895041693 11.1516673188 6.415708166 17.9490894112 18.0482150642 28.2892676908 0.192434567794 0.0990615995841 0.055008779611 0.487959431508 0.573545200355 0.0376687271468 0.0338069853462 8.77221069731 8.86985243507 8.91456914384 0.0437057989851 0.0604699387611 9.42129010356 0.0284800712999 0.0851286038925
-9999.0 -9999.0 -9999.0 -9999.0 -9999.0 -9999.0 -9999.0 -9999.0 -9999.0 -9999.0 -9999.0 -9999.0 -9999.0 -9999.0 -9999.0 -9999.0 -9999.0 -9999.0 -9999.0 -9999.0 -9999.0 -9999.0 0.592306510315 1.17214574673 4.81895782661 5.42162308656 5.88234796852 1.79386818766 2.09558470504 0.242801424171 7.58319797414 7.78972850057 7.97333974319 0.164214358114 6.12356962373 6.29441443842 0.110918787311 27.7755065159 0.233497156323 0.117887322644 0.274360074072 0.373908420778 0.0615414440545 0.0432743650093 8.23841798763 8.68890176773 8.75011182685 0.0664238580737 0.116875939926 0.141468268199 0.15925370982 0.311322493081 0.0298261889852 0.071541095287
