data/baseflow/History/mHMbfrc544
ncols                  80
nrows                 72
xllcorner      4374000.0
yllcorner      5656000.0
cellsize            500
NODATA_value       -9999
[rows 0 to 23 of 72, columns 0 to 54 of 80]
-9999.0 -9999.0 -9999.0 -9999.0 -9999.0 -9999.0 -9999.0 -9999.0 -9999.0 -9999.0 -9999.0 -9999.0 1.42587110299 1.09296456091 -9999.0 -9999.0 -9999.0 -9999.0 -9999.0 -9999.0 -9999.0 -9999.0 -9999.0 -9999.0 -9999.0 -9999.0 -9999.0 -9999.0 -9999.0 -9999.0 -9999.0 -9999.0 -9999.0 -9999.0 -9999.0 -9999.0 -9999.0 -9999.0 -9999.0 -9999.0 -9999.0 -9999.0 -9999.0 -9999.0 -9999.0 -9999.0 -9999.0 -9999.0 -9999.0 -9999.0 -9999.0 -9999.0 -9999.0 -9999.0 -9999.0
-9999.0 -9999.0 -9999.0 -9999.0 -9999.0 -9999.0 -9999.0 -9999.0 -9999.0 -9999.0 -9999.0 -9999.0 2.84493498276 6.08739180828 0.943417338242 -9999.0 0.747360150913 -9999.0 -9999.0 -9999.0 -9999.0 -9999.0 -9999.0 -9999.0 -9999.0 -9999.0 -9999.0 -9999.0 -9999.0 -9999.0 -9999.0 -9999.0 -9999.0 -9999.0 -9999.0 -9999.0 -9999.0 -9999.0 -9999.0 -9999.0 -9999.0 -9999.0 -9999.0 -9999.0 -9999.0 -9999.0 -9999.0 -9999.0 -9999.0 -9999.0 -9999.0 -9999.0 -9999.0 -9999.0 -9999.0
-9999.0 -9999.0 -9999.0 -9999.0 -9999.0 -9999.0 -9999.0 -9999.0 -9999.0 -9999.0 1.41338179599 1.35922436576 1.40221110567 1.35484433382 8.69101624002 9.73786246001 2.097331864 0.663726429798 -9999.0 -9999.0 -9999.0 -9999.0 -9999.0 -9999.0 -9999.0 -9999.0 -9999.0 -9999.0 -9999.0 -9999.0 -9999.0 -9999.0 -9999.0 -9999.0 -9999.0 -9999.0 -9999.0 -9999.0 -9999.0 -9999.0 -9999.0 -9999.0 -9999.0 -9999.0 -9999.0 -9999.0 -9999.0 -9999.0 -9999.0 -9999.0 -9999.0 -9999.0 -9999.0 -9999.0 -9999.0
-9999.0 -9999.0 -9999.0 -9999.0 -9999.0 -9999.0 -9999.0 -9999.0 -9999.0 1.36837162511 2.7806325337 5.50310649348 2.7160485749 1.32515294666 2.62025822489 11.0232122452 14.8056006543 0.788239972339 -9999.0 1.36906262647 -9999.0 -9999.0 -9999.0 -9999.0 1.43565000251 0.720219281058 -9999.0 -9999.0 -9999.0 -9999.0 -9999.0 -9999.0 -9999.0 -9999.0 -9999.0 -9999.0 -9999.0 -9999.0 -9999.0 -9999.0 -9999.0 -9999.0 -9999.0 -9999.0 -9999.0 -9999.0 -9999.0 -9999.0 -9999.0 -9999.0 -9999.0 -9999.0 -9999.0 -9999.0 -9999.0
-9999.0 -9999.0 -9999.0 -9999.0 -9999.0 -9999.0 -9999.0 -9999.0 1.46398771934 4.2403164124 5.57784193437 6.93247612893 9.53198874816 1.29409554958 5.15641678656 6.43443302091 23.413533122 1.19628107461 1.26060941573 2.63681491923 3.85703417034 1.25512948761 -9999.0 3.88212395118 3.16597848257 0.907169402872 -9999.0 -9999.0 -9999.0 -9999.0 -9999.0 -9999.0 -9999.0 -9999.0 -9999.0 -9999.0 -9999.0 -9999.0 -9999.0 -9999.0 -9999.0 -9999.0 -9999.0 -9999.0 -9999.0 -9999.0 -9999.0 -9999.0 -9999.0 -9999.0 -9999.0 -9999.0 -9999.0 -9999.0 -9999.0
-9999.0 -9999.0 -9999.0 -9999.0 -9999.0 -9999.0 1.50504847863 1.38702945943 1.36508593934 1.37468127477 1.38299655924 9.7088752715 20.5836356945 21.9206696752 23.0925089748 1.1212869465 25.7452941959 26.9710363815 2.47329122377 1.23706775905 5.05643551252 8.76868659247 1.21615436201 7.52751333529 1.29461845027 1.27520488268 1.32854341428 -9999.0 -9999.0 -9999.0 -9999.0 -9999.0 -9999.0 -9999.0 -9999.0 -9999.0 -9999.0 -9999.0 -9999.0 -9999.0 -9999.0 -9999.0 -9999.0 -9999.0 -9999.0 -9999.0 -9999.0 -9999.0 -9999.0 -9999.0 -9999.0 -9999.0 -9999.0 -9999.0 -9999.0
-9999.0 -9999.0 -9999.0 -9999.0 -9999.0 -9999.0 3.00320611285 4.43088746734 10.0180149006 14.0795930277 1.30788070915 1.33992092585 1.29588949356 3.79902204459 28.105072386 1.15326408831 28.1948994791 32.7777281399 3.60335158011 2.41562935619 9.94192402753 1.23317830255 8.743737237 2.45573935078 1.24326687298 2.50395378627 2.61929294317 1.29982194236 1.28407829004 1.27366498734 1.29120254463 2.59616324504 -9999.0 -9999.0 -9999.0 -9999.0 -9999.0 -9999.0 -9999.0 -9999.0 -9999.0 -9999.0 -9999.0 -9999.0 -9999.0 -9999.0 -9999.0 -9999.0 -9999.0 -9999.0 -9999.0 -9999.0 -9999.0 -9999.0 -9999.0
-9999.0 -9999.0 -9999.0 -9999.0 -9999.0 1.52251829966 2.99986358436 1.45672888527 2.86384080429 15.4891147989 18.1706588474 20.8452546088 65.0591992993 1.23869440497 29.3730844843 103.840172735 104.721170515 138.944880732 0.920372067383 3.58988414496 11.1245308808 1.17797844725 22.3999876346 12.4655643751 7.59830156588 6.3726898922 1.27598810232 3.85568694302 3.77486777937 2.52433884634 1.23441883803 3.86148816535 1.23304957337 1.23047791082 -9999.0 -9999.0 -9999.0 -9999.0 -9999.0 -9999.0 -9999.0 -9999.0 -9999.0 -9999.0 -9999.0 -9999.0 -9999.0 -9999.0 -9999.0 -9999.0 -9999.0 -9999.0 -9999.0 -9999.0 -9999.0
-9999.0 -9999.0 -9999.0 -9999.0 -9999.0 1.53168259101 4.50050689354 8.96719620448 10.383099115 20.604097312 21.9755642723 26.1851938946 42.9526578398 68.5019076475 70.9961976412 72.1480984723 2.23814230135 142.87830727 144.85237317 150.727509004 189.033987987 25.9790423787 23.6146748405 8.81138497173 1.18786706404 7.49902644545 5.0725046048 1.20024774041 4.94497872663 1.1184603008 2.2911040739 6.21981482731 7.40675916654 2.41747334742 1.17953190756 1.19020498513 -9999.0 -9999.0 -9999.0 -9999.0 0.783016760185 0.673335450367 -9999.0 -9999.0 -9999.0 -9999.0 -9999.0 -9999.0 -9999.0 -9999.0 -9999.0 -9999.0 -9999.0 -9999.0 -9999.0
-9999.0 -9999.0 -9999.0 -9999.0 -9999.0 1.5110923612 1.47018423872 5.95252189435 7.37211311432 8.82192729299 1.41869292046 2.82603292064 15.7995780855 2.76425742323 1.36123589581 1.30740608029 1.20898752006 1.28556088529 1.24435484424 1.27582629025 190.262911222 193.808575368 1.16470279438 3.52921513221 2.37160237322 8.66866442237 2.39288924252 1.17573774229 6.14933159346 2.18829286175 5.22519288059 13.1531437326 12.1651860469 3.58863045134 3.55812651457 1.18880817639 1.18986931413 -9999.0 -9999.0 1.19278015928 1.786136011 3.85666052345 0.702498721733 -9999.0 -9999.0 -9999.0 -9999.0 -9999.0 -9999.0 -9999.0 -9999.0 -9999.0 -9999.0 -9999.0 -9999.0
-9999.0 -9999.0 -9999.0 -9999.0 -9999.0 -9999.0 1.53236509681 1.50767015595 2.99014275831 4.4601851777 10.1803209844 13.0509434095 14.4652397702 1.43083581864 1.28426984337 16.3563269093 20.2268834877 21.4878892008 26.6018870921 27.8362498125 1.21263218476 195.01432617 200.802036221 4.61508602343 0.864372159116 9.75409527832 21.7443468334 8.47934145354 2.2527638465 1.11836021772 20.5380926087 14.2709020204 1.09745712873 1.1063489743 4.66815559221 3.50488663004 1.1346965475 1.15970113848 1.15257008726 2.32920912473 1.12926266909 4.68904685821 5.79858099895 1.0978007183 -9999.0 -9999.0 -9999.0 -9999.0 1.18571909012 1.15354547478 0.31847007322 -9999.0 -9999.0 -9999.0 -9999.0
-9999.0 -9999.0 -9999.0 -9999.0 -9999.0 -9999.0 -9999.0 1.52989551567 1.39617985205 2.85863071055 4.30948619662 1.45016817177 1.35927319888 8.36253203792 11.0688061309 13.7934298503 1.30665662136 2.61133258913 1.27631488924 29.0667429197 63.6913658099 64.4851879829 267.467479703 1.17592845765 2.63686825628 0.850123725222 22.8678548265 1.1273768416 3.38526841664 1.1079682482 21.6430899934 22.7416953655 2.19369327696 2.18878575157 11.5699140045 5.775928959 2.29253253454 1.15781181451 2.311171032 3.47257977554 5.7037946268 1.1119354445 8.05252145244 9.20339954806 1.0927325417 1.13275245097 1.15663730582 1.10799514129 1.07220569514 3.42889359552 1.3259148993 0.865358859123 -9999.0 -9999.0 -9999.0
-9999.0 -9999.0 -9999.0 -9999.0 -9999.0 -9999.0 -9999.0 -9999.0 2.90571899306 4.28180343313 1.44109277352 2.89189550121 4.28183806459 7.06980447035 1.40394920012 1.386129145 1.28825390553 1.30720845731 1.24355774389 32.1673319508 1.27339271409 2.52261601287 270.923537511 273.861237983 1.66359320074 5.89382913415 29.9275657695 2.21831909712 4.42707151739 2.14304964882 3.16433604717 26.9989746467 3.22504091176 16.9142520688 13.6933160798 1.06304524544 5.61534871554 2.24864374447 3.39592167094 1.08524610972 6.79811564595 9.0297573276 10.0821618203 11.1076475223 13.3916192449 2.1044138594 2.162621819 2.07920690394 2.00286380756 4.40785357077 0.954486709915 3.15761236801 4.05419105696 -9999.0 -9999.0
-9999.0 -9999.0 -9999.0 -9999.0 -9999.0 -9999.0 -9999.0 -9999.0 1.49170256176 7.23086027761 8.65562865864 1.43077420087 2.82869004316 1.39963379899 1.35710704683 1.33580066925 16.2963424426 21.7541959233 26.6896860536 31.3410043667 1.19329052374 1.26056752846 1.50305344322 279.739928108 282.80620766 284.388789135 40.4828630101 8.93724136384 7.73626320025 1.0591461902 4.20292148112 32.2326142881 1.04102619608 17.9489319525 1.0591506317 7.19834048862 6.7132418011 1.0818523969 4.46951593279 2.15753335436 3.21856752643 1.11160218355 1.01641618292 12.1268308575 13.0968427015 14.3598734939 3.16510623897 3.05925255885 2.96446435117 5.38728350725 7.29750348946 0.950538808314 4.96306471094 0.932283106128 1.81075353538
-9999.0 -9999.0 -9999.0 -9999.0 -9999.0 -9999.0 -9999.0 -9999.0 -9999.0 1.47603534976 10.0927162889 11.5189954967 4.23848020034 7.03086421031 9.72929995607 11.0696237454 1.33837074823 4.1668881892 2.72037524434 1.33084851489 1.33652598864 1.27035398261 2.56294060386 4.58981368013 1.79645994973 328.16336168 329.805767079 1.54128371296 1.08835325581 2.08589278331 3.09885559852 35.2648040018 2.03028403743 18.9250579844 11.1570560084 9.12622728011 1.0527994905 2.12531399653 5.49851858267 1.02216232434 4.22855752434 2.10963474579 1.82156087564 0.779423298435 15.5814115623 30.7891098324 3.95703111109 3.86708900096 3.82945696615 0.856918321593 8.14410712247 0.836481474518 6.7373713642 0.860913694755 2.67018228109
-9999.0 -9999.0 -9999.0 -9999.0 -9999.0 -9999.0 -9999.0 -9999.0 -9999.0 -9999.0 1.40040833671 14.3423624311 1.4106904184 2.81094920022 4.13498554553 6.84126001887 1.3983409743 2.84021897937 1.39779516892 1.37725841411 1.30648679583 2.59694778395 1.22141262981 1.43613687795 3.15673776336 1.80018331026 331.343594399 334.40661619 338.655478676 4.26797243192 1.01938005901 2.03085581208 36.2792921442 35.0675692994 13.2202599073 1.02576368095 4.20705724157 3.1661144428 6.52998022355 2.05122503966 8.35225120615 3.10924414875 2.75018296898 0.574251209411 0.811816253822 31.762809074 32.6711833762 41.3459290195 6.46197483913 1.74831362939 9.03551179477 10.7400666578 18.2895914844 1.70113250347 0.815241767343
-9999.0 -9999.0 -9999.0 -9999.0 -9999.0 -9999.0 -9999.0 -9999.0 -9999.0 -9999.0 -9999.0 0.738127813452 15.9667656417 1.36134110656 2.67667479647 12.2194258886 1.39685567622 1.39898996197 1.2947758785 2.68466014433 1.26323954681 5.11796448659 7.53397500107 8.70418230801 4.34142501492 5.75304482171 1.59835640979 1.73538651136 1.51080733738 345.364718875 348.651179275 37.2330353496 36.9352229275 36.0059514622 1.94610244212 0.964507897661 5.18936449262 13.6907215789 7.52134443848 3.04302950646 12.354463357 5.5020498395 4.56937671183 1.12374699469 0.518883416259 0.520537495986 0.614748821977 44.0639419781 53.1298849771 0.836554023816 0.797229361522 0.825712427858 19.0899570679 21.5658506425 1.52429743417
-9999.0 -9999.0 -9999.0 -9999.0 -9999.0 -9999.0 -9999.0 -9999.0 -9999.0 -9999.0 -9999.0 0.701148628745 17.6855509692 21.8356889689 1.32024861342 14.8562658542 1.33324222018 1.31495839577 2.56061900005 6.51639630849 1.25421277428 1.28516447236 1.17755298767 11.0847676769 12.2312847176 19.1373115186 21.9002295426 23.2485192574 24.719736844 26.1245062262 376.156019878 415.919717404 455.29307793 456.340966543 1.07624004037 0.981212240374 15.6549035195 14.6810366647 0.976038703582 0.962118807498 13.2740459976 19.7223577556 0.860030423251 8.85997027231 8.12645727672 2.24118346919 1.18823020575 1.89130334984 0.920328639642 54.8255959836 0.8471352277 2.43726691068 3.15513220272 26.8318190606 28.819811441
-9999.0 -9999.0 -9999.0 -9999.0 -9999.0 -9999.0 -9999.0 -9999.0 -9999.0 -9999.0 -9999.0 1.45168150717 2.80984275325 23.1828766816 25.761069874 1.28978256941 17.2093605988 1.23817256857 3.74723534205 7.72902170721 2.45605354274 1.20000171289 2.41882210418 1.1307536544 2.18056527297 1.05768463896 0.990174286657 0.870150898316 0.777612116854 0.796362933335 0.869380048752 1.1857965916 1.41810701837 1.53981193029 460.070061968 20.3835554409 18.0254742586 1.12173348075 2.86478498754 0.715992412069 0.595877190319 20.6345341693 32.2087084346 9.80464575279 7.05824532964 1.16508562617 0.559613229797 0.535905033681 1.33567856597 57.0178291849 58.6399710465 0.828580945829 0.829281674374 0.749287782183 0.486790099083
-9999.0 -9999.0 -9999.0 -9999.0 -9999.0 -9999.0 -9999.0 -9999.0 -9999.0 -9999.0 -9999.0 -9999.0 1.36273228401 17.1204204735 44.2028566308 48.117097221 66.5255822379 67.5314869416 17.3499768749 12.6318164732 3.67492602775 1.19241194109 4.75803638401 5.88749362329 9.13196785447 2.13970073509 2.02571410656 1.91355463878 3.70386180741 1.80121781458 1.83681341888 0.853362477729 0.601886392217 0.833000919169 461.237113803 482.310080613 483.647144505 1.18374717967 8.37292641696 3.203777459 0.957306463698 35.036606505 1.93707476048 0.985871903782 3.9533308459 0.867967259812 0.880167711276 1.7029023068 2.46933139383 3.28512125006 60.1251467081 0.715861907422 0.65542157269 0.655667484627 0.533972891534
-9999.0 -9999.0 -9999.0 -9999.0 -9999.0 -9999.0 -9999.0 -9999.0 -9999.0 -9999.0 -9999.0 1.42070080471 13.0023028466 15.7822038538 2.63593793235 0.786713941066 1.86301496322 70.6371909261 71.6977844948 90.0072520546 1.1297240383 2.31569806779 1.06549977569 1.07948110165 10.1764526796 13.3597360275 16.3726344654 0.985703463134 4.67606582467 7.4356065036 4.54967506873 1.78735205641 1.42765967813 1.4607525283 1.59058254213 1.00889695046 484.701334984 485.687255977 496.036135143 1.72930456219 0.883755651919 35.7211403933 2.02650883007 1.02715948528 1.04934872823 1.0382817596 1.005803521 1.91317063606 5.57100425503 9.70985866829 70.5487493072 0.587057497182 1.76210811222 1.18728076841 1.02098425189
-9999.0 -9999.0 -9999.0 -9999.0 -9999.0 -9999.0 -9999.0 -9999.0 -9999.0 -9999.0 -9999.0 1.44364700345 8.81396970554 1.40678809314 1.31647915575 6.50448271956 7.72308822072 8.98548319321 10.1956096168 121.649782845 122.624812876 124.746278669 140.34285924 143.605367115 145.531904202 146.603787005 165.312286619 167.817037478 168.763042141 177.186986416 182.726281301 183.666703114 186.796870559 2.35648850487 2.28577885881 0.652649217476 0.824094074042 486.697638983 499.721290589 2.67564235885 41.1153973711 40.3013178226 3.94359488317 0.975907762556 0.988508054122 0.976012400236 0.945743841171 1.90396247569 2.80773015407 0.914558533935 71.2410498858 71.9513590286 75.536296831 76.1535899757 77.7528130177
-9999.0 -9999.0 -9999.0 -9999.0 -9999.0 -9999.0 -9999.0 -9999.0 -9999.0 -9999.0 -9999.0 4.46844122788 5.9202722639 2.81551249482 4.16752466897 1.33987066225 15.2706056912 16.5721912294 19.1258180811 20.2384633667 8.50200702635 134.905008447 135.88404136 1.08887276997 0.868751539076 0.764977160161 1.65573601016 0.78701198728 0.620956602239 0.592026233806 0.662348389524 184.472364726 187.636687925 190.829275771 193.882106587 196.791063347 1.43949616121 0.620906638415 543.483014175 42.7972946087 41.944674334 0.896157248634 0.878356197876 0.839388950884 1.84747558293 1.83994096017 0.864754320146 0.862348214683 0.819421179845 1.72700566187 2.41122577509 0.608648635037 1.14578309342 0.431508766722 0.272095612133
-9999.0 -9999.0 -9999.0 -9999.0 -9999.0 -9999.0 -9999.0 -9999.0 -9999.0 -9999.0 -9999.0 -9999.0 3.00987373563 1.43073377819 1.37223445917 12.6958450344 14.015470416 1.31898904248 5.19031943399 6.40802824414 7.53339782836 1.20134969401 1.10561621772 21.3573466088 22.3318980115 23.2701947881 59.4159088861 60.168696517 61.3876213424 67.3885717209 70.9232074722 71.4921609623 0.514040329068 0.526838964016 0.566415127785 198.198017211 0.702964326728 552.298728757 551.117949795 6.76159908421 5.82350038266 3.51225070251 0.885526028378 1.68541317933 2.70637759651 2.69595858117 1.70198851158 0.837662790076 1.64973193955 1.63663529628 3.16393603798 0.513604549746 1.7155227572 2.75004852829 3.31709681308
