data/baseflow/History/mHMbfrc338
ncols                  80
nrows                 72
xllcorner      4374000.0
yllcorner      5656000.0
cellsize            500
NODATA_value       -9999
[rows 24 to 47 of 72, columns 0 to 53 of 80]
-9999.0 -9999.0 -9999.0 -9999.0 -9999.0 -9999.0 -9999.0 -9999.0 -9999.0 -9999.0 -9999.0 -9999.0 1.15085865167 3.23934692701 4.23986976945 7.22195074403 0.848981571781 1.73335051769 2.52954232472 10.1055916244 10.8285224783 11.5110940943 12.0718848344 12.6082182864 19.206731246 20.8034178638 21.6732531088 0.398529728662 2.00910820062 2.37664677938 40.6594707077 42.2445632121 43.0141293155 43.8310658608 44.3731152085 169.26538317 0.178028517457 313.947541967 0.357207627818 0.188043533271 2.2294864121 1.92853518273 0.314849631924 1.00081908126 1.56273415375 1.52055810121 1.06460524996 1.74580124463 2.73582601082 0.991949136079 2.36880774511 0.236103991072 0.431628336308 0.0646816494094
-9999.0 -9999.0 -9999.0 -9999.0 -9999.0 -9999.0 -9999.0 -9999.0 -9999.0 -9999.0 -9999.0 -9999.0 1.08940993978 2.16121185255 1.01644162716 2.01420249963 0.881352130865 6.85773471565 8.50152442504 9.31995102025 0.750593686554 1.49072171419 14.6615492737 18.1817309881 18.7617371666 1.11929876945 0.934202878634 1.36536034392 0.326016372438 0.299512011386 0.553045787481 0.229966664415 21.6361568962 21.9103206194 22.0402068653 169.569869785 315.549565928 314.097710122 0.304792681167 0.159702167362 0.146033714367 0.659854327324 0.527159122156 1.30367258508 1.87202631269 3.7214564296 0.323517632519 0.321830302807 3.01504424338 3.3035070535 6.15561984411 6.2860745796 6.78569793349 6.90779419328
-9999.0 -9999.0 -9999.0 -9999.0 -9999.0 -9999.0 -9999.0 -9999.0 -9999.0 -9999.0 -9999.0 -9999.0 -9999.0 1.05418578104 2.1040914437 3.15738622711 5.01133449243 0.955260263752 0.854164949402 5.86608621486 6.64645692095 13.2160006327 14.0112846816 2.2713098459 0.668146487513 0.557748858248 0.46884043901 19.9264140636 20.2683847249 20.6154878033 20.8913734395 21.3836031959 3.23173595754 3.39729878428 25.5576185227 510.857978516 1.17832896279 0.871643642129 0.465994988488 0.136417376101 0.121312149053 0.938058255262 1.02852434416 1.52386112393 0.111563141205 3.87654259201 0.543801053256 0.536904015717 0.0979633420139 0.063296874169 0.0555665232994 0.0514207145668 0.0556333328111 6.99988708993
-9999.0 -9999.0 -9999.0 -9999.0 -9999.0 -9999.0 -9999.0 -9999.0 -9999.0 -9999.0 -9999.0 -9999.0 -9999.0 -9999.0 1.01691691682 1.83683630431 2.57725222215 3.32551478066 4.16640667434 5.03211029657 2.55095512044 4.26748655432 0.77756808526 0.731266075862 16.9523277452 18.3266257473 18.9391862135 19.5245943817 0.392883862509 0.721339590466 2.13693987476 2.55626782109 2.93725263649 0.206034990583 0.148773102196 511.54272502 0.285151255941 0.264810634645 0.129281043448 0.626193703391 0.306563089785 0.120919925527 2.66256088468 2.75699839528 0.0676365674511 3.9509077736 4.56030568692 0.629307419147 88.3784519529 88.2251278752 88.0974987636 87.856980444 87.7617845278 86.0608215299
-9999.0 -9999.0 -9999.0 -9999.0 -9999.0 -9999.0 -9999.0 -9999.0 -9999.0 -9999.0 -9999.0 -9999.0 -9999.0 -9999.0 0.217324162562 0.489674333188 0.751570190392 7.3004891775 8.20133522973 0.914497375429 0.862358511846 0.876966152973 13.9403506567 15.58273773 0.774450377158 0.764820471267 0.610446445498 2.58204427937 3.19473327436 1.29936093278 1.81821468953 15.3713092311 15.8032811168 16.3322369213 25.4495242336 537.191638472 0.264531992574 0.107410274922 0.989572793685 0.817380884724 0.114402853887 0.348902799335 0.443972771529 2.85780322608 2.93664416934 7.72224633655 4.65061637067 0.783042800397 90.1147334369 0.566585198895 87.9828587078 87.923280526 1.60412269684 0.140230842732
-9999.0 -9999.0 -9999.0 -9999.0 -9999.0 -9999.0 -9999.0 -9999.0 -9999.0 -9999.0 -9999.0 -9999.0 -9999.0 -9999.0 1.08636129967 1.7906431327 3.67458394035 6.46145408733 8.91805953692 10.6455306053 11.4875016984 12.358981432 13.1790467909 0.805825268131 0.714241054981 1.4105603707 1.27388939968 0.682558837482 13.3434746373 13.9411637847 14.4635104139 14.9852730388 8.32627850231 8.61307654397 8.91946213699 537.361197649 0.488413251273 0.243603116269 1.39658777865 0.19617281272 0.208934810079 0.113604235418 0.0880522672926 0.535547155068 0.0638152411012 0.0677403998929 98.1586907979 90.3903418919 90.3274405232 0.225454893244 0.499780658625 0.31571939441 0.0662038437351 1.37305717615
-9999.0 -9999.0 -9999.0 -9999.0 -9999.0 -9999.0 -9999.0 -9999.0 -9999.0 -9999.0 -9999.0 -9999.0 -9999.0 -9999.0 0.751062895236 0.711402739119 1.39279207125 2.10537680963 0.910963866671 1.04005265308 1.97597876337 2.89955879952 4.61894427019 5.45108977906 6.12508416618 8.24328650949 8.86709024862 9.57675185234 0.610081779487 6.43340500696 6.95050644223 7.47246707238 0.440268476429 0.394157721917 0.651259215003 547.437759362 547.596150075 548.346570515 1.98517728519 0.41627154622 0.338665090517 0.080886692738 0.154921653666 0.606269877079 0.726768354633 0.122793321147 98.4549173924 0.0938728562258 0.12064842035 0.127998750017 0.105066099062 0.191952017704 0.0816973756056 0.936172892605
-9999.0 -9999.0 -9999.0 -9999.0 -9999.0 -9999.0 -9999.0 -9999.0 -9999.0 -9999.0 -9999.0 -9999.0 -9999.0 -9999.0 -9999.0 0.680996109996 1.34421179821 0.647219435795 1.32789584734 8.29586319565 9.07049934216 9.94453394226 0.852643257679 0.846210836216 1.51871161486 2.24528270535 3.47356023464 4.13022864266 4.6397276808 5.23133672046 0.478580573462 0.467268566443 8.43354836315 8.81126742478 9.03978726467 9.24832752694 7.97695803048 557.173675797 560.255161159 560.429886876 560.923437222 561.506275409 561.706984055 0.0577734542301 0.781148931964 98.5058658901 0.111719864543 0.0571341366025 0.0818898300254 0.0860509576125 0.142697198766 0.117832509713 0.0682967860369 0.101191551924
-9999.0 -9999.0 -9999.0 -9999.0 -9999.0 -9999.0 -9999.0 -9999.0 -9999.0 -9999.0 -9999.0 -9999.0 -9999.0 -9999.0 -9999.0 -9999.0 1.99927672665 2.68995649205 4.74049663593 6.25280632074 0.791955564055 11.701477986 12.5300621103 13.2976075132 0.709817207444 1.40492820647 0.590216241628 4.70026303972 5.18845709468 5.79414323391 6.30446201804 7.7383955763 8.05465505057 0.212921854954 7.18388299427 7.60160129604 7.7889013046 8.66125070232 0.937911082582 0.534968454428 0.294194451682 0.295847643657 561.929348947 561.997417496 563.293902338 98.552273089 0.349583326221 0.196769436472 0.13407544724 0.0409426865112 0.39186627964 0.196280538668 0.0625227242391 0.341061636181
-9999.0 -9999.0 -9999.0 -9999.0 -9999.0 -9999.0 -9999.0 -9999.0 -9999.0 -9999.0 -9999.0 -9999.0 -9999.0 -9999.0 -9999.0 -9999.0 0.726366984406 3.38317726973 4.09545199256 0.829158946988 0.923344486861 1.89199585727 2.7515776382 16.8217576186 0.709121338099 2.85065840827 3.46079382416 4.0751993894 0.503683755568 1.08464268109 1.52578642824 5.68155520127 6.35900732205 6.55958163639 0.209965731559 0.217153330532 0.264519111023 0.492195425883 0.219772883862 0.231883087886 0.247158861507 0.286585421389 0.239878779478 0.474477167109 563.365515414 662.117487553 0.427091861772 0.13863228713 0.04154376917 1.19374261097 1.10287688068 0.645198766144 0.577636120879 0.429147694609
-9999.0 -9999.0 -9999.0 -9999.0 -9999.0 -9999.0 -9999.0 -9999.0 -9999.0 -9999.0 -9999.0 -9999.0 -9999.0 -9999.0 -9999.0 0.624569392728 2.01701539347 0.664203921308 0.928619420359 1.00400485114 1.93735562209 2.87398470863 3.62103544286 21.0585611024 21.7425095964 0.701682997744 1.32186491362 1.94780513006 2.52960963505 3.11547423622 5.08148822846 5.42480918075 0.415586746435 0.352413317253 0.302305770897 0.231878715624 0.272432029383 0.304752070719 0.283669094987 0.445629447968 0.857089444863 0.423336415347 0.113336368581 0.11243840857 0.0776188263204 0.144042083234 666.591515293 3.88722726578 1.50708502216 0.198040368858 0.0992635606079 0.0547981253587 0.173354092174 0.110656950764
-9999.0 -9999.0 -9999.0 -9999.0 -9999.0 -9999.0 -9999.0 -9999.0 -9999.0 -9999.0 -9999.0 -9999.0 -9999.0 -9999.0 0.663568605146 1.26854155736 4.56279075781 0.640398916409 1.70599961371 2.68821278388 3.59057638405 0.930997249817 1.71439939217 2.38943375708 24.6982284087 0.666740370863 1.24820900917 1.86892193559 0.579952921555 1.15456643528 1.57202003901 1.90485636837 43.835856486 44.4026027688 44.8816127337 46.5598099007 47.3905414472 48.7617687252 0.36408378864 0.942244823131 1.01453066519 52.5520014112 52.7421581626 0.102406657797 0.157593413851 0.210979316263 666.683232975 3.57927656098 1.79997647308 1.67548483741 1.33163578727 1.14952477118 0.227241615073 0.0585614209774
-9999.0 -9999.0 -9999.0 -9999.0 -9999.0 -9999.0 -9999.0 -9999.0 -9999.0 -9999.0 -9999.0 -9999.0 -9999.0 -9999.0 0.662190481594 2.02086234164 7.24380673634 10.6793348417 0.58275439591 13.9824854525 18.2170093825 0.860569037784 1.64441237264 2.35028061035 31.341802374 31.8751237895 0.440351845479 2.76983886458 3.19648947363 3.68106796378 40.197549015 41.1642965396 41.6437783361 0.223687932011 1.26550178902 1.48711092394 0.559857051383 0.765879778402 49.9119229419 51.1737234016 51.3195587782 51.4564777468 52.8966007508 0.075845349017 0.0629931322995 0.32751635695 666.764408083 0.138838996208 0.0825985570902 0.240758680665 0.0887535552586 1.00468136507 0.833050032021 0.503929494836
-9999.0 -9999.0 -9999.0 -9999.0 -9999.0 -9999.0 -9999.0 -9999.0 -9999.0 -9999.0 -9999.0 -9999.0 -9999.0 -9999.0 -9999.0 -9999.0 1.40331598239 2.81710403306 12.6617746527 13.3611250524 18.8342867686 19.4862860753 0.832414444624 1.66484142645 3.76435925004 32.3950416435 33.3297087318 33.691981188 0.291136411061 35.0578669157 36.0788746579 0.61008384755 0.226831361516 0.445191449982 0.860744376286 0.199563383722 0.382510691254 0.84919951094 1.02237670014 0.187643214946 0.12521412341 0.241125322615 53.9611829837 54.3235297876 54.3768440693 54.8701651187 666.82936019 0.11156843981 0.0590354812401 0.0673227577646 0.0645317107125 0.0662349201173 0.0549109844442 0.102516057797
-9999.0 -9999.0 -9999.0 -9999.0 -9999.0 -9999.0 -9999.0 -9999.0 -9999.0 -9999.0 -9999.0 -9999.0 -9999.0 -9999.0 -9999.0 -9999.0 0.731492740509 0.717292198002 0.70881303026 1.39434570197 0.617348906273 20.7147000051 21.3085037339 0.726520168358 1.45890753621 0.593041953428 0.454575484682 0.437971239858 34.4814771368 0.354590743582 0.71349664329 0.320223412154 0.243910926754 0.216824587215 0.165818722268 0.172386290995 0.516552452412 0.705698290171 0.135094181905 0.123266617275 0.25978051771 0.427482551242 0.648367271641 0.217941487638 54.4798171468 54.9280161646 666.876823647 0.385027895973 0.156097321126 0.039859948425 0.0952061836537 0.0314240247461 0.0221294827017 0.12673617997
-9999.0 -9999.0 -9999.0 -9999.0 -9999.0 -9999.0 -9999.0 -9999.0 -9999.0 -9999.0 -9999.0 -9999.0 -9999.0 -9999.0 -9999.0 -9999.0 -9999.0 -9999.0 0.708551111286 2.04941162093 2.63152111443 3.23440038321 21.8866275616 22.471254363 23.0392052148 23.6132720108 24.0365663068 24.9195098156 25.2481667226 25.5846367987 25.8487779661 0.219929603895 0.202773004877 0.211683605096 0.731024372752 0.191421456886 0.177259350924 0.140824082557 0.402785769595 0.16163231762 0.121012880227 0.112137432178 0.0995503321599 0.198647820618 0.272743358637 55.458424185 722.762327228 0.111891989004 0.194021022831 0.0323118450918 0.130192818424 0.0709277515436 0.0444850343351 0.632656193756
-9999.0 -9999.0 -9999.0 -9999.0 -9999.0 -9999.0 -9999.0 -9999.0 -9999.0 -9999.0 -9999.0 -9999.0 -9999.0 -9999.0 -9999.0 -9999.0 -9999.0 -9999.0 -9999.0 0.603877979468 4.71814888276 9.24027961422 9.86452448241 0.776694352681 1.51861182144 2.28255456885 2.84137475292 6.86991417875 7.11940467318 0.239220734558 0.231554209669 26.3010963858 26.6991099168 26.8855240715 0.869747961084 0.125545932479 0.298605782877 0.441213170162 1.30407426163 1.60832104235 1.84134267004 0.213161322493 0.292964530678 0.0959784977618 0.1841432974 0.0918632565463 722.89930852 0.0897519549535 0.369387160534 0.106786471967 0.267558090611 0.719537214558 0.806677094246 1.48651433978
-9999.0 -9999.0 -9999.0 -9999.0 -9999.0 -9999.0 -9999.0 -9999.0 -9999.0 -9999.0 -9999.0 -9999.0 -9999.0 -9999.0 -9999.0 -9999.0 -9999.0 -9999.0 0.661517092245 2.10324475882 4.12704897123 5.39570371115 13.7621878029 14.46201815 1.61088253406 2.39826863816 3.06798003419 3.60473244777 7.42070761259 7.924970548 14.7102435269 15.3680972068 15.6052073015 27.0661369495 28.3802520702 0.29729158434 0.188453566425 0.179242736062 0.3356832318 0.1534144639 2.13988210748 2.25162085112 0.382976585624 0.565262761799 0.12997951786 180.066116203 180.244884644 903.210392882 903.683199115 0.0994054365008 0.486609763919 0.129325053734 0.0914888889535 1.62559816516
-9999.0 -9999.0 -9999.0 -9999.0 -9999.0 -9999.0 -9999.0 -9999.0 -9999.0 -9999.0 -9999.0 -9999.0 -9999.0 -9999.0 -9999.0 -9999.0 -9999.0 -9999.0 -9999.0 0.752475012779 0.732502995507 1.39372795981 3.30403692857 15.0808571642 0.8373472831 0.828734107159 1.48270757961 2.1727341858 5.33042112676 5.76713249963 0.47189452042 0.430168740168 15.8814852246 16.0746732797 44.6832261408 44.8921712786 0.110646076528 0.0985174075868 0.0790701085543 0.079828372212 0.082870092073 177.671321978 178.370562527 179.142484195 179.468009272 179.912722602 0.10153810746 0.374902985381 0.435278442316 904.254552384 904.288100103 904.402877939 904.531181253 904.646009837
-9999.0 -9999.0 -9999.0 -9999.0 -9999.0 -9999.0 -9999.0 -9999.0 -9999.0 -9999.0 -9999.0 -9999.0 -9999.0 -9999.0 -9999.0 -9999.0 -9999.0 -9999.0 -9999.0 -9999.0 0.679209456284 0.706800326485 1.31005725223 17.6549210516 18.2818633213 0.813957662654 1.46157712848 2.1634929827 2.76747987969 0.550515498027 0.974742187761 41.1149361183 41.3364849553 41.6560264887 43.7498163596 88.9179079353 173.348200763 173.610842399 173.837384194 174.056413884 175.009903604 175.311105736 0.560812369156 0.254466179622 0.142406157344 0.26778357207 0.188815179507 0.297984708177 0.0852225622511 2.35369336599 2.56968151588 2.77370324761 2.79722653659 904.665080403
-9999.0 -9999.0 -9999.0 -9999.0 -9999.0 -9999.0 -9999.0 -9999.0 -9999.0 -9999.0 -9999.0 -9999.0 -9999.0 -9999.0 -9999.0 -9999.0 -9999.0 -9999.0 -9999.0 -9999.0 -9999.0 0.695784963365 1.33027521756 1.96697022977 18.813896244 0.60686881022 25.6426613424 26.3783698137 26.9711581048 27.4744243251 39.2816462626 39.7409747667 0.253503731063 1.5136028741 1.80864219783 0.23020720755 84.1718650753 83.7568588507 0.126114962864 0.289572339861 0.764312015156 0.166923232618 0.170872085521 0.131794899468 0.106300178656 0.0821357983511 0.0911746333105 2.08505191671 2.17426523376 2.28291456396 0.160801619234 0.152027308191 2.88654143443 2.92552925711
-9999.0 -9999.0 -9999.0 -9999.0 -9999.0 -9999.0 -9999.0 -9999.0 -9999.0 -9999.0 -9999.0 -9999.0 -9999.0 -9999.0 -9999.0 -9999.0 -9999.0 -9999.0 -9999.0 -9999.0 -9999.0 0.641603634893 0.598041089559 3.09757286198 23.1439007471 24.3599732869 24.9710878936 0.610359065362 10.3863492049 10.9774554461 11.3177227526 0.4609955541 0.725102360284 0.95269666747 18.7871637018 18.971219596 19.1257933999 83.4812268325 52.0987657507 0.157801262414 0.161284302195 0.155000329181 0.117590324807 1.31333791773 1.55482575599 1.76592943385 1.87807904259 1.98586686825 18.7985650772 18.87000337 19.0170521903 19.418606146 20.4914193511 20.5165002746
-9999.0 -9999.0 -9999.0 -9999.0 -9999.0 -9999.0 -9999.0 -9999.0 -9999.0 -9999.0 -9999.0 -9999.0 -9999.0 -9999.0 -9999.0 -9999.0 -9999.0 -9999.0 -9999.0 -9999.0 -9999.0 -9999.0 1.25162170853 1.9031716213 0.672387752818 0.875793762286 8.19452097729 8.84895332628 9.30283450256 3.71455546484 4.14085969719 4.57449442435 4.8474372934 18.3698832176 18.6286348985 11.7178560255 31.0429306719 31.2298212112 51.9667619517 0.342382834457 0.171047617095 0.122133198716 0.929086759928 1.07967604051 0.0881735436756 0.0826241582834 18.445951034 18.6417127001 18.732568169 0.182708213742 0.28394655636 20.3549982427 0.0762267964008 0.198516035593
-9999.0 -9999.0 -9999.0 -9999.0 -9999.0 -9999.0 -9999.0 -9999.0 -9999.0 -9999.0 -9999.0 -9999.0 -9999.0 -9999.0 -9999.0 -9999.0 -9999.0 -9999.0 -9999.0 -9999.0 -9999.0 -9999.0 0.624564357266 1.23683806124 5.19867554329 5.88446906339 6.56884383978 2.79894825069 3.29031344624 0.438668179128 12.5309617476 12.917663345 13.2668349088 0.288615590794 11.2343640162 11.5021876125 0.195299822619 51.0626207816 0.391626927151 0.195256430783 0.513766692866 0.685368791104 0.124452849615 0.101333427295 17.4024366407 18.2701529221 18.3857641001 0.120875001204 0.256007076022 0.324957847472 0.39815560125 0.794439799774 0.0736232151541 0.164894603889
