data/baseflow/History/mHMbfrc478
ncols                  80
nrows                 72
xllcorner      4374000.0
yllcorner      5656000.0
cellsize            500
NODATA_value       -9999
[rows 0 to 23 of 72, columns 0 to 54 of 80]
-9999.0 -9999.0 -9999.0 -9999.0 -9999.0 -9999.0 -9999.0 -9999.0 -9999.0 -9999.0 -9999.0 -9999.0 0.782798292969 0.798140451576 -9999.0 -9999.0 -9999.0 -9999.0 -9999.0 -9999.0 -9999.0 -9999.0 -9999.0 -9999.0 -9999.0 -9999.0 -9999.0 -9999.0 -9999.0 -9999.0 -9999.0 -9999.0 -9999.0 -9999.0 -9999.0 -9999.0 -9999.0 -9999.0 -9999.0 -9999.0 -9999.0 -9999.0 -9999.0 -9999.0 -9999.0 -9999.0 -9999.0 -9999.0 -9999.0 -9999.0 -9999.0 -9999.0 -9999.0 -9999.0 -9999.0
-9999.0 -9999.0 -9999.0 -9999.0 -9999.0 -9999.0 -9999.0 -9999.0 -9999.0 -9999.0 -9999.0 -9999.0 1.55808385126 3.78780729532 0.689411069237 -9999.0 0.607490677968 -9999.0 -9999.0 -9999.0 -9999.0 -9999.0 -9999.0 -9999.0 -9999.0 -9999.0 -9999.0 -9999.0 -9999.0 -9999.0 -9999.0 -9999.0 -9999.0 -9999.0 -9999.0 -9999.0 -9999.0 -9999.0 -9999.0 -9999.0 -9999.0 -9999.0 -9999.0 -9999.0 -9999.0 -9999.0 -9999.0 -9999.0 -9999.0 -9999.0 -9999.0 -9999.0 -9999.0 -9999.0 -9999.0
-9999.0 -9999.0 -9999.0 -9999.0 -9999.0 -9999.0 -9999.0 -9999.0 -9999.0 -9999.0 0.714612988326 0.686373233989 0.73744510821 0.730587752736 5.12698215128 5.78666579185 1.69348202839 0.539532682048 -9999.0 -9999.0 -9999.0 -9999.0 -9999.0 -9999.0 -9999.0 -9999.0 -9999.0 -9999.0 -9999.0 -9999.0 -9999.0 -9999.0 -9999.0 -9999.0 -9999.0 -9999.0 -9999.0 -9999.0 -9999.0 -9999.0 -9999.0 -9999.0 -9999.0 -9999.0 -9999.0 -9999.0 -9999.0 -9999.0 -9999.0 -9999.0 -9999.0 -9999.0 -9999.0 -9999.0 -9999.0
-9999.0 -9999.0 -9999.0 -9999.0 -9999.0 -9999.0 -9999.0 -9999.0 -9999.0 0.680393115004 1.40089191751 2.78085172016 1.40312994722 0.674784816125 1.31697579161 6.40699646732 9.37785250153 0.626282754211 -9999.0 0.701981946891 -9999.0 -9999.0 -9999.0 -9999.0 1.1809653817 0.598488026017 -9999.0 -9999.0 -9999.0 -9999.0 -9999.0 -9999.0 -9999.0 -9999.0 -9999.0 -9999.0 -9999.0 -9999.0 -9999.0 -9999.0 -9999.0 -9999.0 -9999.0 -9999.0 -9999.0 -9999.0 -9999.0 -9999.0 -9999.0 -9999.0 -9999.0 -9999.0 -9999.0 -9999.0 -9999.0
-9999.0 -9999.0 -9999.0 -9999.0 -9999.0 -9999.0 -9999.0 -9999.0 0.834936847273 2.27760504665 2.95161501789 3.63252214065 4.84229038328 0.627785556463 2.54003642538 3.14507649284 13.7731087835 0.5987558768 0.54845906749 1.30762749576 1.8987298818 0.626052222621 -9999.0 3.13315671695 2.56277604775 0.715953940418 -9999.0 -9999.0 -9999.0 -9999.0 -9999.0 -9999.0 -9999.0 -9999.0 -9999.0 -9999.0 -9999.0 -9999.0 -9999.0 -9999.0 -9999.0 -9999.0 -9999.0 -9999.0 -9999.0 -9999.0 -9999.0 -9999.0 -9999.0 -9999.0 -9999.0 -9999.0 -9999.0 -9999.0 -9999.0
-9999.0 -9999.0 -9999.0 -9999.0 -9999.0 -9999.0 0.801026425558 0.711848845637 0.69144158428 0.711013276001 0.735733890506 5.12559960087 10.667122687 11.3472052236 11.8887833079 0.528030744395 14.898308294 15.4604396581 1.20537435982 0.598286838307 2.47515051834 4.32450546818 0.624795231351 5.05121027179 0.628349933956 0.644565952201 0.655792524154 -9999.0 -9999.0 -9999.0 -9999.0 -9999.0 -9999.0 -9999.0 -9999.0 -9999.0 -9999.0 -9999.0 -9999.0 -9999.0 -9999.0 -9999.0 -9999.0 -9999.0 -9999.0 -9999.0 -9999.0 -9999.0 -9999.0 -9999.0 -9999.0 -9999.0 -9999.0 -9999.0 -9999.0
-9999.0 -9999.0 -9999.0 -9999.0 -9999.0 -9999.0 1.63116949557 2.40874444377 5.41258268139 7.47543101465 0.640451507444 0.669181659914 0.641737635339 1.92711091144 14.3848733171 0.506603445124 16.0210503679 18.5564628575 1.94414815198 1.13736183108 4.87715533645 0.614440737595 5.64905695998 1.18260970924 0.589161565072 1.20843076161 1.3166924812 0.690310182842 0.712457461437 0.684279775148 0.765096238418 1.52846028577 -9999.0 -9999.0 -9999.0 -9999.0 -9999.0 -9999.0 -9999.0 -9999.0 -9999.0 -9999.0 -9999.0 -9999.0 -9999.0 -9999.0 -9999.0 -9999.0 -9999.0 -9999.0 -9999.0 -9999.0 -9999.0 -9999.0 -9999.0
-9999.0 -9999.0 -9999.0 -9999.0 -9999.0 0.912621143641 1.75618995628 0.835614849075 1.61940076392 8.27845054092 9.68337154695 11.0666239405 37.1925782117 0.676140133491 15.0062886111 57.5286940455 58.0498600124 77.5588845997 0.613161881104 1.69421176739 5.43374199097 0.549684255686 12.3582706778 6.13319272384 3.7490208603 3.14674160316 0.646143777384 2.038839716 2.05198676582 1.36373591455 0.664836726013 2.22142991808 0.664149960073 0.647995090397 -9999.0 -9999.0 -9999.0 -9999.0 -9999.0 -9999.0 -9999.0 -9999.0 -9999.0 -9999.0 -9999.0 -9999.0 -9999.0 -9999.0 -9999.0 -9999.0 -9999.0 -9999.0 -9999.0 -9999.0 -9999.0
-9999.0 -9999.0 -9999.0 -9999.0 -9999.0 0.932557252308 2.70446769199 5.34176492098 6.15837122724 12.281913473 13.0456986758 15.4607157324 25.5008242036 39.3927862743 40.7898101083 41.4443302529 1.15977995279 79.7624663891 81.0041296264 83.9589273312 104.061181432 14.1083064454 12.984819189 4.36310413473 0.600431954802 3.83079852918 2.63099072965 0.561825538404 2.66383086406 0.624767528718 1.36121954728 3.57861347928 4.22491166737 1.27913556752 0.63565767819 0.615083055105 -9999.0 -9999.0 -9999.0 -9999.0 0.628936488114 0.551651544689 -9999.0 -9999.0 -9999.0 -9999.0 -9999.0 -9999.0 -9999.0 -9999.0 -9999.0 -9999.0 -9999.0 -9999.0 -9999.0
-9999.0 -9999.0 -9999.0 -9999.0 -9999.0 0.896077178591 0.85453984228 3.63272600974 4.46852500122 5.33620656515 0.823899714992 1.62716053346 9.46605197626 1.7525037945 0.773581067378 0.684666421923 0.60485315269 0.778678259499 0.764480779574 0.678559791957 104.666271365 106.387774261 0.559096679757 1.74040809162 1.1933672057 4.40100395493 1.13890884532 0.540473856023 3.28867829885 1.2490669981 3.07565641458 7.29318952832 6.76062001258 1.89959320267 1.85538253585 0.642345042386 0.635347836155 -9999.0 -9999.0 0.629118918388 1.34216435969 3.0576100918 0.589080474418 -9999.0 -9999.0 -9999.0 -9999.0 -9999.0 -9999.0 -9999.0 -9999.0 -9999.0 -9999.0 -9999.0 -9999.0
-9999.0 -9999.0 -9999.0 -9999.0 -9999.0 -9999.0 0.959693421858 0.970894198799 1.82754852914 2.70650835244 6.13179656951 7.82627078939 8.72779311683 0.970718618919 0.692037026462 9.46795071799 11.530502987 12.1647602503 14.8748802838 15.475661024 0.606292258973 106.998191701 109.866518035 2.27541323338 0.439127807443 4.90867674416 10.9283791986 4.36826784581 1.10817197654 0.557933029661 11.4965428401 7.88333766462 0.565291557548 0.563556633758 2.43530810315 1.88166763825 0.598789166282 0.564285742754 0.618986090485 1.23016955886 0.590030500277 3.73625165454 4.30118078355 0.518406632263 -9999.0 -9999.0 -9999.0 -9999.0 0.610545150447 0.569076959793 0.18339044375 -9999.0 -9999.0 -9999.0 -9999.0
-9999.0 -9999.0 -9999.0 -9999.0 -9999.0 -9999.0 -9999.0 0.932020297671 0.817420013679 1.72844446018 2.61969347849 0.853291324721 0.847457559116 5.05180032802 6.5685260016 8.12957943443 0.733370010436 1.40834312738 0.705273187046 16.1076234626 36.0912080084 36.6922931069 147.765226806 0.576464520814 1.2612224154 0.391969854124 11.4548337693 0.547986388012 1.67684405935 0.547603518681 12.0524155332 12.6089199549 1.13634903397 1.11959526578 6.14180233918 3.09380841065 1.16939313533 0.605099766915 1.23216956966 1.83237340581 2.9789045241 0.544946134158 5.3355515804 5.86119423023 0.488968024307 0.524552527352 0.540059355432 0.492369433944 0.472959804041 1.65813134556 0.649425697497 0.396662985219 -9999.0 -9999.0 -9999.0
-9999.0 -9999.0 -9999.0 -9999.0 -9999.0 -9999.0 -9999.0 -9999.0 1.81440987601 2.58624209722 0.854570006563 1.74897365758 2.57465034532 4.2901943874 0.831276263991 0.79610073677 0.673554627725 0.681834579504 0.612520119055 18.6711099772 0.733969531104 1.41588619244 149.867575575 151.346605119 0.616518442592 2.48044751623 14.441201338 1.08567182155 2.17690891732 1.0119498386 1.50602146589 14.7622720223 1.65299459014 8.8786298736 7.26068011861 0.579673627968 2.93229031085 1.19316485054 1.79585610456 0.556210070467 3.52201843973 4.58009582504 5.06836325037 5.53255570283 7.75767154911 0.957943581322 0.995888269939 0.917934524662 0.876503294339 2.07839929646 0.42333828691 1.48132874261 1.87475815221 -9999.0 -9999.0
-9999.0 -9999.0 -9999.0 -9999.0 -9999.0 -9999.0 -9999.0 -9999.0 0.929623175365 4.4265128751 5.25388966497 0.827191653375 1.62050287961 0.791162675926 0.722744964442 0.708182705932 9.0971576864 12.142546138 15.0317863231 18.0258979561 0.732506086379 0.703525592435 0.691123291393 154.654132184 156.409910565 157.073126866 19.4363467118 4.34226936016 3.78186107878 0.471739558537 1.97578841707 17.226041219 0.482768570237 9.37117596141 0.546804751657 3.86748319722 3.54249433081 0.575648440837 2.35713129294 1.11202631135 1.65650612185 0.504744015808 0.452874857904 5.99119827942 6.42252322822 8.18773017787 1.44859077833 1.35107133291 1.29366402179 2.52127752201 3.37720310818 0.42634477673 2.28792553456 0.442482914905 0.845445755949
-9999.0 -9999.0 -9999.0 -9999.0 -9999.0 -9999.0 -9999.0 -9999.0 -9999.0 0.964896795471 6.14617176357 6.9627522625 2.42672592437 4.02297266872 5.50342465775 6.26607980194 0.795091081498 2.36024551893 1.57819636318 0.823866325175 0.799741858314 0.698818316253 1.37297147788 2.35318893012 0.87851915444 178.108103429 178.758077458 0.600195980703 0.436839055513 0.963977450768 1.44967457857 18.6722035158 0.962515210996 9.81446958435 5.92920139316 4.90410432942 0.550705108704 1.10878922465 2.87210349528 0.513881120549 2.15594006898 0.999017944142 0.747586280483 0.313555602053 7.49452824448 16.065840748 1.80913182696 1.71390299256 1.67078977875 0.374978613764 3.75283118862 0.366233102268 3.08598779834 0.402220074173 1.25688236468
-9999.0 -9999.0 -9999.0 -9999.0 -9999.0 -9999.0 -9999.0 -9999.0 -9999.0 -9999.0 0.830385284061 8.63164354212 0.798286096091 1.59527669863 2.31846908155 3.74203618602 0.733221190429 1.54779947918 0.759923801176 0.694358930713 0.654919669901 1.29085874483 0.583427340658 0.635588588135 1.32501657985 0.783190366099 179.498585014 180.769372636 182.523568392 1.93090056799 0.49503683243 0.986162272361 19.1882892482 18.2116525903 6.99219426896 0.524039909963 2.1818966708 1.64134406679 3.38884578492 1.02697391731 4.17097226187 1.50181755514 1.15984257662 0.24502311528 0.344386510458 16.5380010522 16.9759111894 20.8789730402 2.85029620802 0.777164543438 4.16207186919 4.92507271582 8.37343608823 0.794104494662 0.372361415746
-9999.0 -9999.0 -9999.0 -9999.0 -9999.0 -9999.0 -9999.0 -9999.0 -9999.0 -9999.0 -9999.0 0.504088095206 9.72315477222 0.831170712121 1.54989471143 6.71456227051 0.73305545175 0.721739827587 0.627496286512 1.35989476109 0.685354828347 2.64969804558 3.82497345705 4.36014431303 1.82968588339 2.35850404943 0.636822359823 0.742981638477 0.730192457553 185.711423942 187.28419954 19.6385504956 19.1350840553 18.678302729 0.937658433486 0.45305295393 2.67167538148 7.04639995309 3.88637396678 1.51842575713 6.17712820268 2.41121257741 1.9500082273 0.475357256262 0.207946325799 0.195949507816 0.231162607557 22.1209837144 26.2319462807 0.388276745909 0.358948137295 0.385865327933 8.75722211555 9.9100572892 0.681915838925
-9999.0 -9999.0 -9999.0 -9999.0 -9999.0 -9999.0 -9999.0 -9999.0 -9999.0 -9999.0 -9999.0 0.463982873727 10.8225355247 13.2556201953 0.730223618351 8.1517838535 0.661322719176 0.624271818356 1.27746534134 3.30528237645 0.65574042535 0.701553287528 0.583539785133 5.51043022776 6.06434927591 9.01657572851 10.1547968597 10.7039268666 11.3145112564 11.9092018525 199.877788829 220.628295374 240.841080099 241.384773152 0.452851162944 0.450715391214 8.02985997239 7.54269976273 0.486747840619 0.493378113327 6.74934062432 9.65698857461 0.399288774596 4.69836936869 4.37653392317 1.08705410241 0.521021444955 0.868999491923 0.485730744852 27.0858477801 0.436668011726 1.13454061268 1.48788277153 12.4112516926 13.3015204429
-9999.0 -9999.0 -9999.0 -9999.0 -9999.0 -9999.0 -9999.0 -9999.0 -9999.0 -9999.0 -9999.0 0.892945310583 1.7111552426 14.0487331787 15.4161274556 0.690181412691 9.51251142496 0.565124705118 1.75769966953 3.90600927528 1.26580374318 0.606249539975 1.25367067107 0.512132892429 1.00163867704 0.499923027351 0.456679412484 0.378386855013 0.356087257164 0.31606695229 0.310688371304 0.438948862226 0.561858286346 0.685304025498 243.083854604 10.033645773 9.02211140782 0.457761025321 1.41180716642 0.351101556319 0.366689200468 10.1186121538 16.2127690178 5.21622041902 3.93110792689 0.647571444364 0.274480254489 0.244374559127 0.623129821749 28.1478778898 28.9961962157 0.440106318833 0.447958335417 0.343151872253 0.231854833284
-9999.0 -9999.0 -9999.0 -9999.0 -9999.0 -9999.0 -9999.0 -9999.0 -9999.0 -9999.0 -9999.0 -9999.0 0.739626839974 10.5993275123 26.7561324959 29.0644468535 39.2363836573 39.9185523011 8.81878690158 6.40984618611 1.88644642661 0.594853474288 2.43049645044 2.99416738732 4.50800016476 1.02936745283 0.949779090128 0.882539433623 1.72984538067 0.79711163166 0.769219024182 0.388140581197 0.276132030751 0.278003701499 243.598357864 253.978908225 254.622237666 0.498895401704 4.04964334188 1.67618229531 0.491205922013 17.7865774746 1.12411916019 0.584331501721 2.39632565507 0.480290434835 0.394493604398 0.763155108017 1.12664441527 1.53680349046 29.7359500428 0.355634521844 0.320543525446 0.320672851026 0.241857058428
-9999.0 -9999.0 -9999.0 -9999.0 -9999.0 -9999.0 -9999.0 -9999.0 -9999.0 -9999.0 -9999.0 0.833759214716 8.10455243141 9.82449712295 1.57614358051 0.533113777649 1.20649097575 41.7724314857 42.3936141752 51.8731008622 0.544342021157 1.13209460438 0.503018933104 0.513156629621 5.01870666982 6.55703212984 7.98427284434 0.462279841388 2.19601798174 3.4480658419 2.03760416714 0.833793831058 0.633450232566 0.554905705808 0.595097649792 0.316067799807 255.142918674 255.604636196 260.51390379 0.848500979805 0.445009952482 18.2876658116 1.1654504301 0.605741006806 0.662616125736 0.656752271904 0.578463792161 1.00777304185 2.94645484052 4.92873347754 35.0345646375 0.294762084875 0.881998388559 0.594699718952 0.499753688865
-9999.0 -9999.0 -9999.0 -9999.0 -9999.0 -9999.0 -9999.0 -9999.0 -9999.0 -9999.0 -9999.0 0.858254240846 5.71186613418 0.887179601404 0.762043008056 4.06979557735 4.74733934803 5.42369841979 6.03350651905 70.6881823063 71.3024016368 72.4810655136 80.8788234048 82.4319242031 83.3252596521 83.8534860486 92.950045007 94.2656792658 94.7757297543 98.7422822213 101.296307399 101.741566628 103.178313999 0.973770494762 0.893930271983 0.20191307956 0.235751544116 256.040980481 262.231852021 1.27322007847 21.3981348634 20.9719728518 2.18382633967 0.517937020419 0.526511146124 0.505722572781 0.511206987551 1.03041767236 1.49456591706 0.464963569464 35.3917748012 35.7686886517 37.5846302333 37.9122253346 38.7262654999
-9999.0 -9999.0 -9999.0 -9999.0 -9999.0 -9999.0 -9999.0 -9999.0 -9999.0 -9999.0 -9999.0 2.97911743841 3.93066439438 1.79899762208 2.65035589341 0.837540037485 9.43559592205 10.1528802487 11.5825907933 12.1613180558 4.64215957022 78.0748321382 78.6698459323 0.508147962806 0.368907584745 0.340469194476 0.738964722384 0.386179157816 0.284449577806 0.266949309771 0.279026174796 102.133025469 103.591989092 105.034956079 106.339141929 107.202462932 0.402015330059 0.154538122243 284.87878914 22.2107423352 21.8515506241 0.463658093441 0.43204614234 0.399735459691 0.932624534665 0.913998972961 0.422176051803 0.424352627606 0.401104315133 0.856413054173 1.18071864688 0.296974866299 0.557087446046 0.199398811782 0.103939139227
-9999.0 -9999.0 -9999.0 -9999.0 -9999.0 -9999.0 -9999.0 -9999.0 -9999.0 -9999.0 -9999.0 -9999.0 2.02445491065 0.932576293091 0.843088639891 7.99445990015 8.7488737554 0.752867382053 2.89159688346 3.56227669796 4.1394832773 0.653218725386 0.488964208403 11.9158397994 12.3349074111 12.7261753132 33.2586286536 33.5615543925 34.1064362594 37.1382225608 38.703106479 38.9326014501 0.243857014524 0.259099240153 0.243694333891 107.859972814 0.252465667472 288.984696318 288.462577079 3.22867534362 2.81604936077 1.7456858824 0.433803852347 0.795359280091 1.33875938484 1.32186262148 0.821020226596 0.40440575826 0.799379937189 0.789935699823 1.53390127823 0.235502416811 0.80184793771 1.3135414073 1.54139116524
