data/baseflow/History/mHMbfrc606
ncols                  80
nrows                 72
xllcorner      4374000.0
yllcorner      5656000.0
cellsize            500
NODATA_value       -9999
[rows 0 to 23 of 72, columns 0 to 53 of 80]
-9999.0 -9999.0 -9999.0 -9999.0 -9999.0 -9999.0 -9999.0 -9999.0 -9999.0 -9999.0 -9999.0 -9999.0 0.847030188643 0.800063427118 -9999.0 -9999.0 -9999.0 -9999.0 -9999.0 -9999.0 -9999.0 -9999.0 -9999.0 -9999.0 -9999.0 -9999.0 -9999.0 -9999.0 -9999.0 -9999.0 -9999.0 -9999.0 -9999.0 -9999.0 -9999.0 -9999.0 -9999.0 -9999.0 -9999.0 -9999.0 -9999.0 -9999.0 -9999.0 -9999.0 -9999.0 -9999.0 -9999.0 -9999.0 -9999.0 -9999.0 -9999.0 -9999.0 -9999.0 -9999.0
-9999.0 -9999.0 -9999.0 -9999.0 -9999.0 -9999.0 -9999.0 -9999.0 -9999.0 -9999.0 -9999.0 -9999.0 1.65117177907 3.96987959923 0.705756646422 -9999.0 0.627549837853 -9999.0 -9999.0 -9999.0 -9999.0 -9999.0 -9999.0 -9999.0 -9999.0 -9999.0 -9999.0 -9999.0 -9999.0 -9999.0 -9999.0 -9999.0 -9999.0 -9999.0 -9999.0 -9999.0 -9999.0 -9999.0 -9999.0 -9999.0 -9999.0 -9999.0 -9999.0 -9999.0 -9999.0 -9999.0 -9999.0 -9999.0 -9999.0 -9999.0 -9999.0 -9999.0 -9999.0 -9999.0
-9999.0 -9999.0 -9999.0 -9999.0 -9999.0 -9999.0 -9999.0 -9999.0 -9999.0 -9999.0 0.737517995812 0.715747796678 0.753677693473 0.742024606028 5.36410674279 6.05203479651 1.70480313 0.538766669375 -9999.0 -9999.0 -9999.0 -9999.0 -9999.0 -9999.0 -9999.0 -9999.0 -9999.0 -9999.0 -9999.0 -9999.0 -9999.0 -9999.0 -9999.0 -9999.0 -9999.0 -9999.0 -9999.0 -9999.0 -9999.0 -9999.0 -9999.0 -9999.0 -9999.0 -9999.0 -9999.0 -9999.0 -9999.0 -9999.0 -9999.0 -9999.0 -9999.0 -9999.0 -9999.0 -9999.0
-9999.0 -9999.0 -9999.0 -9999.0 -9999.0 -9999.0 -9999.0 -9999.0 -9999.0 0.714920277953 1.45239993432 2.88577462593 1.45072486652 0.704420837085 1.37726525384 6.71120999971 9.64473486634 0.600249684594 -9999.0 0.72915662587 -9999.0 -9999.0 -9999.0 -9999.0 1.17979526993 0.607850452523 -9999.0 -9999.0 -9999.0 -9999.0 -9999.0 -9999.0 -9999.0 -9999.0 -9999.0 -9999.0 -9999.0 -9999.0 -9999.0 -9999.0 -9999.0 -9999.0 -9999.0 -9999.0 -9999.0 -9999.0 -9999.0 -9999.0 -9999.0 -9999.0 -9999.0 -9999.0 -9999.0 -9999.0
-9999.0 -9999.0 -9999.0 -9999.0 -9999.0 -9999.0 -9999.0 -9999.0 0.804019395154 2.26953665267 2.95162870208 3.63911607264 4.99714921655 0.639359434411 2.60969136249 3.22340968687 14.1471513798 0.652156825273 0.609137015241 1.34804755775 1.95749283382 0.636401940482 -9999.0 3.02324725813 2.48526119309 0.678519622292 -9999.0 -9999.0 -9999.0 -9999.0 -9999.0 -9999.0 -9999.0 -9999.0 -9999.0 -9999.0 -9999.0 -9999.0 -9999.0 -9999.0 -9999.0 -9999.0 -9999.0 -9999.0 -9999.0 -9999.0 -9999.0 -9999.0 -9999.0 -9999.0 -9999.0 -9999.0 -9999.0 -9999.0
-9999.0 -9999.0 -9999.0 -9999.0 -9999.0 -9999.0 0.781291459875 0.722185743781 0.702991694555 0.715888651231 0.725008346064 5.10209241469 10.7885907314 11.4658517382 11.9780225027 0.463830464402 15.2165270452 15.7957294414 1.19146156295 0.611695398745 2.55499980396 4.406731156 0.667698427254 5.11046594136 0.712523952147 0.734603535853 0.74439139246 -9999.0 -9999.0 -9999.0 -9999.0 -9999.0 -9999.0 -9999.0 -9999.0 -9999.0 -9999.0 -9999.0 -9999.0 -9999.0 -9999.0 -9999.0 -9999.0 -9999.0 -9999.0 -9999.0 -9999.0 -9999.0 -9999.0 -9999.0 -9999.0 -9999.0 -9999.0 -9999.0
-9999.0 -9999.0 -9999.0 -9999.0 -9999.0 -9999.0 1.56372685985 2.31382271716 5.23652093326 7.3143630824 0.636560624002 0.657289294275 0.622432136101 1.77594349378 14.305081143 0.48125098511 16.2826012402 18.3365786365 1.65895617924 1.13786383193 4.95385665911 0.592987827718 5.71044806802 1.25967308315 0.654654415446 1.37054130924 1.46802380249 0.718648546057 0.732327831279 0.713725288326 0.776472016406 1.5540429009 -9999.0 -9999.0 -9999.0 -9999.0 -9999.0 -9999.0 -9999.0 -9999.0 -9999.0 -9999.0 -9999.0 -9999.0 -9999.0 -9999.0 -9999.0 -9999.0 -9999.0 -9999.0 -9999.0 -9999.0 -9999.0 -9999.0
-9999.0 -9999.0 -9999.0 -9999.0 -9999.0 0.855116066058 1.64941718556 0.789172090996 1.53234512721 8.07094793566 9.42586855337 10.7670521439 34.208756472 0.554805547353 14.9001105991 53.6229302437 53.9825602588 72.9441050432 0.393000196219 1.6456372754 5.50429106262 0.544902443215 12.882764165 6.58897792218 4.15175267374 3.50112525783 0.713277254762 2.14926231539 2.13397490871 1.42118557133 0.706953252018 2.28294902861 0.7164022305 0.705467316041 -9999.0 -9999.0 -9999.0 -9999.0 -9999.0 -9999.0 -9999.0 -9999.0 -9999.0 -9999.0 -9999.0 -9999.0 -9999.0 -9999.0 -9999.0 -9999.0 -9999.0 -9999.0 -9999.0 -9999.0
-9999.0 -9999.0 -9999.0 -9999.0 -9999.0 0.856985327945 2.48869960895 4.94417058905 5.69229524926 11.2471634474 11.9470626179 14.1363616278 22.8718955869 35.8895573194 37.1306312845 37.6998499691 0.995468992202 74.6847196089 75.5284516606 78.2122872818 98.7427996697 14.5368378055 13.4771813895 4.73759953647 0.592449822541 4.08369557377 2.79827753859 0.625048830489 2.77212880235 0.552883127641 1.24149418912 3.5873952171 4.27193261854 1.37971083535 0.695697810243 0.674948000304 -9999.0 -9999.0 -9999.0 -9999.0 0.59882360435 0.530351147565 -9999.0 -9999.0 -9999.0 -9999.0 -9999.0 -9999.0 -9999.0 -9999.0 -9999.0 -9999.0 -9999.0 -9999.0
-9999.0 -9999.0 -9999.0 -9999.0 -9999.0 0.830279720953 0.788714763933 3.28128927575 4.04232115268 4.82744483232 0.743469158962 1.47230800421 8.27401147843 1.35427829615 0.681662513948 0.624611398823 0.553802102749 0.574436477304 0.53670606181 0.600336191194 99.25528327 100.884419896 0.544958077409 1.71549205612 1.17950851758 4.66470654647 1.25790044926 0.608222005539 3.43034821023 1.1217971484 2.76557460406 7.57274971143 7.01546053587 2.06795729416 2.06870833341 0.69391455113 0.700711319561 -9999.0 -9999.0 0.708410104068 1.32342442493 2.96769362694 0.563216415998 -9999.0 -9999.0 -9999.0 -9999.0 -9999.0 -9999.0 -9999.0 -9999.0 -9999.0 -9999.0 -9999.0
-9999.0 -9999.0 -9999.0 -9999.0 -9999.0 -9999.0 0.850514313316 0.858345643594 1.6267015032 2.40821799203 5.41704966334 6.91901663189 7.60646272955 0.660570411096 0.602344423758 8.19635404766 10.0405638421 10.6149867766 13.016411337 13.5649559408 0.55252794543 101.445122837 104.167902568 2.1646927555 0.295791614035 5.13679989283 11.5609594004 4.61295231061 1.14428599689 0.566660191829 11.4915774886 8.17323474603 0.617381233797 0.598911599966 2.69894213967 2.03805097746 0.682185931517 0.664120669392 0.684360893363 1.37785670601 0.67133104262 3.60062623996 4.28761192 0.651877911019 -9999.0 -9999.0 -9999.0 -9999.0 0.74688628476 0.711334122262 0.19547754608 -9999.0 -9999.0 -9999.0
-9999.0 -9999.0 -9999.0 -9999.0 -9999.0 -9999.0 -9999.0 0.835679412295 0.704484997891 1.50595526966 2.28687766179 0.756298191237 0.628283401486 4.26513969072 5.61897081728 6.99798843649 0.639396914629 1.24149240004 0.614427535579 14.1325421198 31.9497439436 32.4827335226 137.784213275 0.53650255774 0.899294770532 0.277815118968 12.1047119211 0.552092499423 1.71927826142 0.561846807161 12.0848444294 12.6722386869 1.23184141269 1.19554928385 6.72195404746 3.37232955369 1.3318707487 0.673195529985 1.36534299665 2.04906149126 3.38551527288 0.666532579221 5.58804772493 6.20869671896 0.570515038862 0.607038623229 0.633961609534 0.58280222652 0.556176866989 2.08598007682 0.798832263654 0.516735818251 -9999.0 -9999.0
-9999.0 -9999.0 -9999.0 -9999.0 -9999.0 -9999.0 -9999.0 -9999.0 1.50486044271 2.16007860902 0.750779756614 1.5281042633 2.25129395438 3.63461198488 0.718677964109 0.69546819404 0.603036152743 0.610035969931 0.555494799225 16.6444090704 0.638147995592 1.24346369018 139.619377437 140.936863542 0.578723142607 2.05868218796 14.6816129543 1.06536192108 2.22039326445 1.0559620712 1.55618582277 14.9609456585 1.7701547633 9.5704078839 7.83873184222 0.536595174134 3.23494258324 1.29987978164 1.98751517549 0.616182167657 4.02211334775 5.30570052813 5.83852908272 6.34608216652 8.34001621429 1.07510736536 1.13860554754 1.05276480672 0.994477621464 2.617880964 0.544577079097 1.87290662603 2.36672332221 -9999.0
-9999.0 -9999.0 -9999.0 -9999.0 -9999.0 -9999.0 -9999.0 -9999.0 0.808611653335 3.76743318483 4.49940674698 0.732486778957 1.43405535437 0.700437273112 0.649747861723 0.638770591677 8.06455940265 10.8163626765 13.4176634051 16.069517858 0.670407460893 0.619070179109 0.674617018975 143.884924326 145.343901831 145.936767571 19.707345574 4.38509166281 3.82371948537 0.499230785935 2.05470703024 17.5316424955 0.531391126305 10.1081721254 0.565615212189 4.10752999702 3.87264901042 0.616580056924 2.60699847251 1.23118997399 1.84547561903 0.602894651478 0.496955042316 6.84772731428 7.31273994831 8.80379330515 1.63980467453 1.53175576636 1.4645871136 3.18772984767 4.28815870268 0.548906233526 2.87533703476 0.529998651968
-9999.0 -9999.0 -9999.0 -9999.0 -9999.0 -9999.0 -9999.0 -9999.0 -9999.0 0.835754669149 5.27481343213 6.00088579104 2.14558574699 3.55682815571 4.87421450374 5.54475731353 0.68795976026 2.1403562218 1.41859900696 0.714044615269 0.696171550449 0.642004430388 1.28657347096 2.23225107562 0.813978963244 167.11779295 167.731250081 0.541107108524 0.444600151069 0.967838674946 1.44005759481 19.0250366899 1.01583628286 10.5775344162 6.2212799246 5.15287100445 0.576720250171 1.17816815867 3.16513641239 0.557018355701 2.39838932772 1.1601736226 0.829661396508 0.330858539416 8.40532181575 17.5856502515 1.98330855573 1.88503773026 1.91864877153 0.460996934317 4.74648202108 0.446177671863 3.8585288235 0.459688283472
-9999.0 -9999.0 -9999.0 -9999.0 -9999.0 -9999.0 -9999.0 -9999.0 -9999.0 -9999.0 0.732894375761 7.44806528253 0.69863150941 1.37947040247 2.02484885706 3.34455520088 0.69494189016 1.44125125731 0.71170816846 0.672343088492 0.641494655129 1.27271376858 0.588397565165 0.661724496982 1.32208602299 0.757648395314 168.407895483 169.550771586 171.176532708 1.94225419511 0.477684187576 0.952545609782 19.5352054779 19.3263710725 7.29814162547 0.532031326642 2.30733222355 1.73928031474 3.72489351249 1.1133164697 4.6808450954 1.71671450649 1.30966710134 0.210109039947 0.35356102715 18.0712238187 18.4990658061 22.7433785848 3.34724181114 0.945036371697 5.24040920265 6.17075876922 10.4578408616 0.914858077291
-9999.0 -9999.0 -9999.0 -9999.0 -9999.0 -9999.0 -9999.0 -9999.0 -9999.0 -9999.0 -9999.0 0.330170845327 8.13292364321 0.658626224271 1.30200678437 5.9925821328 0.702066211533 0.696105175626 0.599655544645 1.28204484886 0.613643329887 2.49591952893 3.65469526808 4.20065478136 1.84702092382 2.35770011297 0.584084175298 0.690124576296 0.642728509163 174.184935571 175.586628568 19.9670502107 20.2263881757 19.7800691267 0.97944062246 0.47369719236 2.81103114016 7.563195402 4.24932288836 1.63166649754 6.83582955581 2.53070401664 2.03306277239 0.407672279159 0.174267718336 0.184057456763 0.238679701144 23.9086590715 28.5422068354 0.439988819019 0.406705081509 0.434599054897 10.864581626 12.1616927054
-9999.0 -9999.0 -9999.0 -9999.0 -9999.0 -9999.0 -9999.0 -9999.0 -9999.0 -9999.0 -9999.0 0.330894213147 8.96241290435 11.1374193483 0.65043155611 7.30097852423 0.652951563319 0.620218682324 1.19329261714 3.08071213377 0.595347384429 0.625824423673 0.565717888108 5.33747654705 5.86831305867 8.77235792519 9.85768050717 10.3998837334 10.9291040508 11.4382829553 187.583264688 208.47242881 229.587693025 230.009715989 0.457591369824 0.462890417092 8.57516853047 8.07295691614 0.514637177702 0.478586798109 7.2888890526 10.3516044539 0.445230137635 4.70106149768 4.35985340282 0.928476442959 0.48211477442 0.801930853085 0.459680293135 29.3311125238 0.402778277867 1.21736136603 1.52192836586 14.6750148908
-9999.0 -9999.0 -9999.0 -9999.0 -9999.0 -9999.0 -9999.0 -9999.0 -9999.0 -9999.0 -9999.0 0.793879788898 1.51896011303 11.8444519256 13.0901272145 0.629442246182 8.61154841061 0.577669698231 1.74668639856 3.63698910942 1.15255057765 0.554647643334 1.14286305219 0.516380828048 0.973356694002 0.460663934815 0.412750062509 0.306890185012 0.268610311633 0.251463984115 0.259329408126 0.38490926425 0.517362344347 0.612627965663 231.497139429 10.2239829015 9.31579875355 0.347398943291 1.44397382135 0.341050901752 0.285822114873 10.835477667 17.0483316637 5.25184272237 3.9780529843 0.54154986206 0.2346616277 0.210285353946 0.570869734161 30.3028826198 31.0715405728 0.400766662344 0.408104830066 0.3631425551
-9999.0 -9999.0 -9999.0 -9999.0 -9999.0 -9999.0 -9999.0 -9999.0 -9999.0 -9999.0 -9999.0 -9999.0 0.674087103793 9.54880510176 23.2968331855 25.2958396982 34.5168518437 35.1579633183 8.27028905034 5.9167996148 1.7182743944 0.546770301188 2.21912020361 2.73817845706 4.1825666341 0.944898501509 0.865798852403 0.76929966731 1.49097955306 0.695594263541 0.689430992062 0.335442632628 0.178227608524 0.236288591364 231.928929239 242.42711128 242.916736789 0.350335653829 3.80275921289 1.61965681645 0.51426189663 18.7091512654 1.18278533907 0.611237725881 2.56655712239 0.508120178786 0.427080873287 0.790817480856 1.11833190742 1.48548838559 31.7219781193 0.307787515178 0.26755109488 0.267822949785
-9999.0 -9999.0 -9999.0 -9999.0 -9999.0 -9999.0 -9999.0 -9999.0 -9999.0 -9999.0 -9999.0 0.760034713404 7.31605848553 8.85674703954 1.40612126743 0.368243889271 0.852948560361 36.6020860005 37.1875375011 46.0548975499 0.50133742057 1.04257513881 0.462877006612 0.470607250188 4.6419509361 6.0448386512 7.30662972401 0.411847893204 1.90530112243 3.00650910114 1.82082587849 0.738166821158 0.504069870025 0.430412536179 0.455136342019 0.2633234791 243.256832738 243.518426331 247.884997454 0.854578230884 0.457415468326 19.1147379325 1.24840029382 0.645663245662 0.715007414342 0.709956004742 0.641903745507 1.10674852609 3.17490874133 5.06543928795 37.0987784 0.229660275442 0.690356994422 0.468210208683
-9999.0 -9999.0 -9999.0 -9999.0 -9999.0 -9999.0 -9999.0 -9999.0 -9999.0 -9999.0 -9999.0 0.779710864079 5.14106417997 0.791394897565 0.683177889776 3.665274119 4.26932924777 4.88885850811 5.44267535187 63.2618945327 63.6758929127 64.5889298434 72.1002976729 73.4884539506 74.2365858989 74.7161337822 82.8257387508 83.7893819212 84.2084429457 87.6720297487 89.9646711571 90.3730356425 91.5897671022 0.820747397482 0.706948259379 0.147390269904 0.178386967422 243.834408131 249.371648985 1.21943775159 22.3226436927 21.898542943 2.39441056327 0.575708412179 0.598128907863 0.57483642531 0.576681617031 1.1631395926 1.66614823978 0.475720141112 37.3981762408 37.7162325449 39.1416834822 39.396875682
-9999.0 -9999.0 -9999.0 -9999.0 -9999.0 -9999.0 -9999.0 -9999.0 -9999.0 -9999.0 -9999.0 2.68701017662 3.54252818042 1.62803231297 2.39718428939 0.757745292212 8.76221212191 9.44462210454 10.7705654696 11.2344537329 4.32498127336 69.6823629513 70.1418039186 0.427525085219 0.272944453719 0.217193642676 0.520290757545 0.246993245259 0.166046145516 0.148282576224 0.197757147149 90.6955214043 91.9600811397 93.2102207075 94.2893346787 94.9179536337 0.279867881183 0.0935817115283 272.633049111 23.0174298885 22.7721418164 0.474858682294 0.480432924479 0.454427695644 1.07690138949 1.05485113669 0.483957754338 0.486516605127 0.441924306453 0.904991068717 1.18692595024 0.240482839598 0.399523285252 0.14598996943
-9999.0 -9999.0 -9999.0 -9999.0 -9999.0 -9999.0 -9999.0 -9999.0 -9999.0 -9999.0 -9999.0 -9999.0 1.82031303674 0.839440037513 0.760323910005 7.39145680934 8.11248439078 0.699695391353 2.77129517047 3.37307515741 3.88300221162 0.555460921557 0.434741136448 11.0429435266 11.3896693336 11.707542469 30.689774708 30.9030770753 31.2233165674 33.3471114524 34.3386032245 34.4789106024 0.141167346558 0.152219917684 0.18854502675 95.2750840387 0.15359619881 276.347668634 276.115136832 3.25023948784 2.93565910869 1.8559863266 0.475641138969 0.897279587404 1.55512116668 1.53809427365 0.950777952448 0.464762981549 0.897979566807 0.870775078548 1.55218704914 0.186820000663 0.569277996239 0.952095568325
