data/baseflow/History/mHMbfrc550
ncols                  80
nrows                 72
xllcorner      4374000.0
yllcorner      5656000.0
cellsize            500
NODATA_value       -9999
[rows 0 to 23 of 72, columns 0 to 53 of 80]
-9999.0 -9999.0 -9999.0 -9999.0 -9999.0 -9999.0 -9999.0 -9999.0 -9999.0 -9999.0 -9999.0 -9999.0 0.505119977747 0.687430720672 -9999.0 -9999.0 -9999.0 -9999.0 -9999.0 -9999.0 -9999.0 -9999.0 -9999.0 -9999.0 -9999.0 -9999.0 -9999.0 -9999.0 -9999.0 -9999.0 -9999.0 -9999.0 -9999.0 -9999.0 -9999.0 -9999.0 -9999.0 -9999.0 -9999.0 -9999.0 -9999.0 -9999.0 -9999.0 -9999.0 -9999.0 -9999.0 -9999.0 -9999.0 -9999.0 -9999.0 -9999.0 -9999.0 -9999.0 -9999.0
-9999.0 -9999.0 -9999.0 -9999.0 -9999.0 -9999.0 -9999.0 -9999.0 -9999.0 -9999.0 -9999.0 -9999.0 0.997051274761 2.82033643247 0.591478113565 -9999.0 0.61126034244 -9999.0 -9999.0 -9999.0 -9999.0 -9999.0 -9999.0 -9999.0 -9999.0 -9999.0 -9999.0 -9999.0 -9999.0 -9999.0 -9999.0 -9999.0 -9999.0 -9999.0 -9999.0 -9999.0 -9999.0 -9999.0 -9999.0 -9999.0 -9999.0 -9999.0 -9999.0 -9999.0 -9999.0 -9999.0 -9999.0 -9999.0 -9999.0 -9999.0 -9999.0 -9999.0 -9999.0 -9999.0
-9999.0 -9999.0 -9999.0 -9999.0 -9999.0 -9999.0 -9999.0 -9999.0 -9999.0 -9999.0 0.44298656785 0.409427068396 0.443165155123 0.442658155565 3.59436181196 4.09667525951 1.68127351568 0.535663461868 -9999.0 -9999.0 -9999.0 -9999.0 -9999.0 -9999.0 -9999.0 -9999.0 -9999.0 -9999.0 -9999.0 -9999.0 -9999.0 -9999.0 -9999.0 -9999.0 -9999.0 -9999.0 -9999.0 -9999.0 -9999.0 -9999.0 -9999.0 -9999.0 -9999.0 -9999.0 -9999.0 -9999.0 -9999.0 -9999.0 -9999.0 -9999.0 -9999.0 -9999.0 -9999.0 -9999.0
-9999.0 -9999.0 -9999.0 -9999.0 -9999.0 -9999.0 -9999.0 -9999.0 -9999.0 0.414856491587 0.85679915289 1.69542335617 0.829859255542 0.393315292469 0.762535998985 4.43904917291 7.25837410733 0.578875924674 -9999.0 0.396571991251 -9999.0 -9999.0 -9999.0 -9999.0 1.1364553269 0.584863174175 -9999.0 -9999.0 -9999.0 -9999.0 -9999.0 -9999.0 -9999.0 -9999.0 -9999.0 -9999.0 -9999.0 -9999.0 -9999.0 -9999.0 -9999.0 -9999.0 -9999.0 -9999.0 -9999.0 -9999.0 -9999.0 -9999.0 -9999.0 -9999.0 -9999.0 -9999.0 -9999.0 -9999.0
-9999.0 -9999.0 -9999.0 -9999.0 -9999.0 -9999.0 -9999.0 -9999.0 0.548458193116 1.44198810323 1.83389120999 2.23623615575 2.90633884496 0.357120947019 1.4372129304 1.76509887435 9.90686011319 0.374513317442 0.277292822119 0.711366519662 1.01515616468 0.326419334061 -9999.0 2.83716587509 2.32190493367 0.604919723908 -9999.0 -9999.0 -9999.0 -9999.0 -9999.0 -9999.0 -9999.0 -9999.0 -9999.0 -9999.0 -9999.0 -9999.0 -9999.0 -9999.0 -9999.0 -9999.0 -9999.0 -9999.0 -9999.0 -9999.0 -9999.0 -9999.0 -9999.0 -9999.0 -9999.0 -9999.0 -9999.0 -9999.0
-9999.0 -9999.0 -9999.0 -9999.0 -9999.0 -9999.0 0.538055061828 0.44674843972 0.416939351616 0.434012543522 0.442334773327 3.14552247752 6.4649664678 6.86219323959 7.12694917301 0.24753542822 10.4895959727 10.7757381124 0.58676179108 0.310912147903 1.30994523566 2.26180044778 0.351190287333 3.96259348023 0.331486308053 0.367794262692 0.349754513272 -9999.0 -9999.0 -9999.0 -9999.0 -9999.0 -9999.0 -9999.0 -9999.0 -9999.0 -9999.0 -9999.0 -9999.0 -9999.0 -9999.0 -9999.0 -9999.0 -9999.0 -9999.0 -9999.0 -9999.0 -9999.0 -9999.0 -9999.0 -9999.0 -9999.0 -9999.0 -9999.0
-9999.0 -9999.0 -9999.0 -9999.0 -9999.0 -9999.0 1.09599003919 1.59493879735 3.50178708321 4.73812416115 0.358503714845 0.392038393187 0.358720491493 1.02124237092 8.4325777663 0.240312241698 11.0514139401 12.2439776179 0.923501858294 0.573284312652 2.53370436623 0.309163579845 4.26412652468 0.585050609568 0.295248707517 0.651353828254 0.697420065459 0.361310958665 0.389268229614 0.368365304926 0.431775866401 0.86053497773 -9999.0 -9999.0 -9999.0 -9999.0 -9999.0 -9999.0 -9999.0 -9999.0 -9999.0 -9999.0 -9999.0 -9999.0 -9999.0 -9999.0 -9999.0 -9999.0 -9999.0 -9999.0 -9999.0 -9999.0 -9999.0 -9999.0
-9999.0 -9999.0 -9999.0 -9999.0 -9999.0 0.667234867257 1.24331723671 0.570310937232 1.06550692672 5.25087333216 6.06813371958 6.87871047267 24.1522927828 0.338958875778 8.75601958587 35.9357569453 36.175559357 48.8921586399 0.299616838768 0.832044010224 2.80763241039 0.269663468695 7.69957912758 3.14691173734 1.95982096472 1.66077947694 0.336653529323 1.07841294819 1.10852318923 0.735031443258 0.357785094457 1.23712817992 0.357896071429 0.346160626307 -9999.0 -9999.0 -9999.0 -9999.0 -9999.0 -9999.0 -9999.0 -9999.0 -9999.0 -9999.0 -9999.0 -9999.0 -9999.0 -9999.0 -9999.0 -9999.0 -9999.0 -9999.0 -9999.0 -9999.0
-9999.0 -9999.0 -9999.0 -9999.0 -9999.0 0.683437168702 1.93296597327 3.7920051258 4.32354388351 8.52191323364 8.98481723495 10.491290475 16.9451032912 25.4907305715 26.2742482689 26.6325888109 0.542629036838 49.9150259632 50.4805763369 51.8984748688 63.5451044221 8.5641095455 8.01456531879 2.26615575659 0.301084776093 1.9738636467 1.37461157051 0.278461291649 1.4184598623 0.309060903243 0.715973095055 1.93154377761 2.27427088518 0.6777900215 0.326687442221 0.32296088924 -9999.0 -9999.0 -9999.0 -9999.0 0.520580086229 0.484604484987 -9999.0 -9999.0 -9999.0 -9999.0 -9999.0 -9999.0 -9999.0 -9999.0 -9999.0 -9999.0 -9999.0 -9999.0
-9999.0 -9999.0 -9999.0 -9999.0 -9999.0 0.638376775689 0.581057449611 2.55833099289 3.11199644769 3.69728005508 0.520192026944 1.01945646733 6.13849420024 1.08572606994 0.437357291449 0.357810159155 0.291626257905 0.359396969538 0.341532209496 0.34114179556 63.8482747683 64.6879464856 0.27318994816 0.863295613059 0.59739223238 2.24680844619 0.562693440652 0.265814048536 1.73422837782 0.607222173286 1.55038657102 3.87709067418 3.59825759399 0.987345919044 0.954100067561 0.342682352869 0.340195541687 -9999.0 -9999.0 0.339498708667 1.02071616115 2.51794758909 0.509923460134 -9999.0 -9999.0 -9999.0 -9999.0 -9999.0 -9999.0 -9999.0 -9999.0 -9999.0 -9999.0 -9999.0
-9999.0 -9999.0 -9999.0 -9999.0 -9999.0 -9999.0 0.697924749845 0.71006232994 1.25452582265 1.84072189995 4.07871370317 5.15517079667 5.71290778061 0.613438532547 0.354255362818 5.40252029292 6.46401220294 6.77722948093 8.177213577 8.47345475737 0.297196117133 64.9902156913 66.3773384114 1.09381346725 0.168126594453 2.47319046539 5.53555463734 2.2600255976 0.539888948805 0.276338302846 5.9961417557 4.17621941288 0.272077282896 0.276048099077 1.24203801864 0.996919665666 0.297171361699 0.281295672804 0.330221315812 0.658076193596 0.311754035738 3.05859791195 3.33912443255 0.256376527961 -9999.0 -9999.0 -9999.0 -9999.0 0.312653998581 0.286729711898 0.0921743161531 -9999.0 -9999.0 -9999.0
-9999.0 -9999.0 -9999.0 -9999.0 -9999.0 -9999.0 -9999.0 0.645237522003 0.525454996874 1.15463827937 1.74167314265 0.541753467942 0.452446135053 2.99513934965 3.83879480128 4.7138981095 0.382814038302 0.748424828795 0.365949619872 8.79135044149 20.3819806327 20.8748531868 87.9502677853 0.277185624276 0.469545471184 0.139319306645 5.78283068243 0.260962209739 0.822935677185 0.263979171808 6.26167694104 6.52953539995 0.549755678368 0.546843705553 3.17516740008 1.61342650344 0.587790148756 0.305935198103 0.655856882293 0.977004259635 1.56392052239 0.268020957448 3.85321547489 4.11929298033 0.241784037833 0.263668875437 0.274827659477 0.243899451875 0.230564790184 0.834962258969 0.318042583529 0.190836963935 -9999.0 -9999.0
-9999.0 -9999.0 -9999.0 -9999.0 -9999.0 -9999.0 -9999.0 -9999.0 1.20407055733 1.67499233338 0.542226552493 1.12953705231 1.62404250667 2.60974717572 0.490372791228 0.456937077147 0.356108354353 0.360514090754 0.308193923515 10.9173390084 0.391738345704 0.745438245475 89.2404819184 90.0870576267 0.291432630285 1.04650027609 7.07234573763 0.520686540578 1.05216950679 0.474834513279 0.704296413154 7.55133424609 0.791443924677 4.4887481896 3.71143712827 0.279004599589 1.48939581868 0.609336521228 0.945648838404 0.284673762607 1.82796331689 2.34803540398 2.58393635233 2.80557840571 5.03899120477 0.466298362207 0.491524326606 0.442933665689 0.415915457995 1.03266741448 0.199028864066 0.714223305415 0.89491459251 -9999.0
-9999.0 -9999.0 -9999.0 -9999.0 -9999.0 -9999.0 -9999.0 -9999.0 0.640157627041 2.94625450591 3.46114073651 0.513415659486 0.981270412415 0.465403537038 0.397839933056 0.388578331276 5.1500676835 6.81160693637 8.50557703673 10.3815122694 0.433588733419 0.369352893905 0.347632890273 92.0338538764 93.1199252585 93.4702964441 9.4703320262 2.08324143825 1.81147449271 0.217861381703 0.920024906424 8.69330013446 0.22492243538 4.71563961057 0.274475226232 1.97307420775 1.79970522123 0.295322980566 1.23445702685 0.56983175242 0.849032039333 0.242949586293 0.212693053471 3.02400158951 3.22484552119 5.23929236055 0.706403080469 0.646461338034 0.609530560758 1.24335021546 1.6467764957 0.20098743714 1.08840380649 0.218677901752
-9999.0 -9999.0 -9999.0 -9999.0 -9999.0 -9999.0 -9999.0 -9999.0 -9999.0 0.694874345549 4.04990262485 4.55443027498 1.46316783483 2.39873021152 3.21211414549 3.63167873643 0.439601534047 1.30671192313 0.859769370075 0.463800047528 0.435450108094 0.358218029238 0.698347351544 1.22184749643 0.46862105902 103.8141694 104.115299709 0.279262221721 0.198091809848 0.452106930307 0.678216029038 9.35729512425 0.444248634403 4.91537369556 2.97551029703 2.48047738384 0.277662305177 0.561895238247 1.49133747148 0.256549901701 1.09783684818 0.476400328686 0.32289425301 0.120525559748 3.66850630064 9.07434324215 0.858994739673 0.801768189451 0.779130396407 0.169699737328 1.81625586301 0.16469008718 1.45743819031 0.19287791842
-9999.0 -9999.0 -9999.0 -9999.0 -9999.0 -9999.0 -9999.0 -9999.0 -9999.0 -9999.0 0.514799281325 5.58948340469 0.474167204589 0.937891319862 1.32695386404 2.07959518108 0.387758545202 0.84553576374 0.399872523201 0.359945072364 0.331136279743 0.653974434822 0.286606157173 0.313133922538 0.641671529638 0.388854395242 104.510579972 105.129137639 105.957055439 0.903731947291 0.235925925777 0.470044500127 9.6081850689 9.05229691696 3.50145374755 0.257891392305 1.09998196563 0.828274087811 1.74921986598 0.512195597476 2.07340557856 0.718205155967 0.502610513797 0.0888864351472 0.140484666341 9.2902916554 9.48495940651 11.3091841405 1.31284345208 0.350649766073 2.00258199568 2.34796386499 3.96735919363 0.372752391812
-9999.0 -9999.0 -9999.0 -9999.0 -9999.0 -9999.0 -9999.0 -9999.0 -9999.0 -9999.0 -9999.0 0.315651108898 6.21583985739 0.458997822023 0.85060195696 3.69514161124 0.396693159402 0.388516150476 0.321606140121 0.708718176967 0.366881198574 1.3731357208 1.94830533646 2.20892454224 0.881081607464 1.13126386734 0.295674367331 0.356097955964 0.368534860031 107.497379209 108.221276193 9.80744239592 9.4609964019 9.25946549194 0.423332018913 0.204741325717 1.34009927227 3.5747121906 1.99518382386 0.754200660069 3.05711600412 1.00920128664 0.797829577192 0.173463501492 0.079434650462 0.0602148228876 0.078587439289 11.8442718835 13.7222737789 0.170897687347 0.159981752453 0.17531722868 4.14714506724 4.68607653929
-9999.0 -9999.0 -9999.0 -9999.0 -9999.0 -9999.0 -9999.0 -9999.0 -9999.0 -9999.0 -9999.0 0.276494942153 6.84248623168 8.34743614185 0.403312761037 4.48198494438 0.351052901857 0.326466154502 0.667577246021 1.73465457204 0.345307793478 0.376734906231 0.28079738285 2.76796557725 3.03217665083 4.45335175505 4.97087606758 5.2090735146 5.48131580132 5.74454395463 114.296762469 124.579795805 134.512107925 134.787661122 0.200131129804 0.215689407728 4.05761084664 3.81850330192 0.240027718076 0.236812822477 3.32956725292 4.56950342756 0.171617531093 2.22272360246 2.09878365589 0.484275001024 0.213802055654 0.379774372433 0.22824637591 14.0891082816 0.185514470975 0.495107233064 0.63629146103 5.75619556537
-9999.0 -9999.0 -9999.0 -9999.0 -9999.0 -9999.0 -9999.0 -9999.0 -9999.0 -9999.0 -9999.0 0.593205703959 1.09687343663 8.82645479042 9.58740107048 0.378668941958 5.33984680641 0.293253977618 0.902966618947 2.0428144842 0.665554814908 0.317613106988 0.64497747806 0.246841807798 0.477077987705 0.244591924598 0.210564603133 0.15266294083 0.130849774516 0.103527469969 0.0915672350125 0.14779078982 0.216488172655 0.316801833438 135.565298888 4.90877248119 4.46614734187 0.19019558611 0.682421735285 0.167883809887 0.176975049324 4.77963240787 7.64048203579 2.46724201971 1.92453544519 0.323099121793 0.127036628489 0.106189301073 0.268610634439 14.5514879645 14.9157157582 0.191547344548 0.196567547113 0.141378897632
-9999.0 -9999.0 -9999.0 -9999.0 -9999.0 -9999.0 -9999.0 -9999.0 -9999.0 -9999.0 -9999.0 -9999.0 0.4354618289 7.02105895447 17.0372702523 18.3533643505 24.0600217937 24.5529646201 4.73304660302 3.36331543969 0.991813486393 0.310019103351 1.25344429953 1.53417599045 2.26329904934 0.506324891074 0.449770348451 0.398183086863 0.76691705443 0.335724401929 0.30813810985 0.163692176278 0.102832276162 0.0888095949839 135.794590305 140.875616771 141.179221583 0.199184710067 1.89184527331 0.816980495866 0.243389954295 8.39419615055 0.54823687705 0.28877901573 1.23565380253 0.22687278058 0.173124182355 0.332128336951 0.484694450241 0.664638155571 15.2192121298 0.144096266356 0.125667540872 0.125794226994
-9999.0 -9999.0 -9999.0 -9999.0 -9999.0 -9999.0 -9999.0 -9999.0 -9999.0 -9999.0 -9999.0 0.535990915943 5.45640339837 6.55100488609 0.932428535113 0.323151932157 0.686332574343 25.5859568091 25.9707425666 31.1808080827 0.28060685069 0.586257344464 0.252180812348 0.257628248851 2.51708978228 3.27615543549 3.95074356786 0.224015433009 0.992093409685 1.54733362987 0.895370298145 0.378382147769 0.259243373234 0.197727742784 0.215648493865 0.0998018488329 141.402692611 141.584338337 143.80195017 0.390423812462 0.209935372556 8.71820626951 0.612216554549 0.31631076729 0.357704103164 0.353329579303 0.30187850125 0.503906828649 1.42205623954 2.28469809093 17.6522158632 0.11079530019 0.331942779124 0.224754333379
-9999.0 -9999.0 -9999.0 -9999.0 -9999.0 -9999.0 -9999.0 -9999.0 -9999.0 -9999.0 -9999.0 0.558080733218 3.97502522461 0.574911383748 0.444076772329 2.58587838269 2.95694626484 3.32100379201 3.64667788562 42.635728508 42.9578854275 43.5703482933 48.0072278032 48.7827454207 49.203172531 49.4681866727 53.9087138632 54.5158082691 54.7531950685 56.5537208452 57.7066861084 57.9218196072 58.5585872366 0.399234612246 0.338180218718 0.0597481361688 0.0542413059245 141.754620904 144.53587461 0.56967209613 10.3842818914 10.1755744222 1.10378756311 0.253026231085 0.256046807772 0.243017872203 0.249734708436 0.504721929932 0.720115562816 0.212014933885 17.7943664505 17.9476458222 18.6349416367 18.7599563765
-9999.0 -9999.0 -9999.0 -9999.0 -9999.0 -9999.0 -9999.0 -9999.0 -9999.0 -9999.0 -9999.0 2.14070893586 2.80065966992 1.20194440909 1.73548118494 0.51955573866 5.99751550246 6.39629050048 7.18534261485 7.4811140119 2.51530730619 46.5967467289 46.9021861935 0.247797159604 0.157607685583 0.143077670226 0.318670496721 0.151902189671 0.1149699581 0.104239779998 0.11151610474 58.1009170242 58.7534903201 59.4071496922 59.9616361019 60.2025983044 0.0906927547009 0.0290326143255 155.447968179 10.7559457163 10.6121783817 0.234122769431 0.203621022936 0.182949014266 0.444026380963 0.431867891057 0.199502469351 0.201365060927 0.191768756601 0.401073988661 0.533445798758 0.107988654658 0.198064382376 0.0613485227756
-9999.0 -9999.0 -9999.0 -9999.0 -9999.0 -9999.0 -9999.0 -9999.0 -9999.0 -9999.0 -9999.0 -9999.0 1.46163226878 0.641171362623 0.534608411016 5.19645410068 5.62266079996 0.426171229188 1.62652568248 1.98778320568 2.26633696192 0.348976997922 0.237824950483 6.94838550797 7.13861211835 7.31033075021 19.2151892083 19.3344651269 19.5503252737 20.9624561888 21.6014230016 21.6886203145 0.100801320557 0.109507476141 0.101375992347 60.4639267387 0.0779934060945 157.284721046 157.094750726 1.52481147895 1.35974324727 0.853537441005 0.209601884286 0.364598960208 0.633338626165 0.621414263856 0.384531117481 0.190399269745 0.377357817623 0.384871944882 0.703517646729 0.106598007603 0.300997570526 0.48283213468
