data/baseflow/History/mHMbfrc319
ncols                  80
nrows                 72
xllcorner      4374000.0
yllcorner      5656000.0
cellsize            500
NODATA_value       -9999
[rows 0 to 23 of 72, columns 0 to 54 of 80]
-9999.0 -9999.0 -9999.0 -9999.0 -9999.0 -9999.0 -9999.0 -9999.0 -9999.0 -9999.0 -9999.0 -9999.0 1.09194455381 0.933018666127 -9999.0 -9999.0 -9999.0 -9999.0 -9999.0 -9999.0 -9999.0 -9999.0 -9999.0 -9999.0 -9999.0 -9999.0 -9999.0 -9999.0 -9999.0 -9999.0 -9999.0 -9999.0 -9999.0 -9999.0 -9999.0 -9999.0 -9999.0 -9999.0 -9999.0 -9999.0 -9999.0 -9999.0 -9999.0 -9999.0 -9999.0 -9999.0 -9999.0 -9999.0 -9999.0 -9999.0 -9999.0 -9999.0 -9999.0 -9999.0 -9999.0
-9999.0 -9999.0 -9999.0 -9999.0 -9999.0 -9999.0 -9999.0 -9999.0 -9999.0 -9999.0 -9999.0 -9999.0 2.21090187426 4.95599924562 0.815238079178 -9999.0 0.621199206818 -9999.0 -9999.0 -9999.0 -9999.0 -9999.0 -9999.0 -9999.0 -9999.0 -9999.0 -9999.0 -9999.0 -9999.0 -9999.0 -9999.0 -9999.0 -9999.0 -9999.0 -9999.0 -9999.0 -9999.0 -9999.0 -9999.0 -9999.0 -9999.0 -9999.0 -9999.0 -9999.0 -9999.0 -9999.0 -9999.0 -9999.0 -9999.0 -9999.0 -9999.0 -9999.0 -9999.0 -9999.0 -9999.0
-9999.0 -9999.0 -9999.0 -9999.0 -9999.0 -9999.0 -9999.0 -9999.0 -9999.0 -9999.0 1.06500627863 1.03763790263 1.071367193 1.03413253401 6.89847694992 7.77373273649 1.75864525834 0.55980812562 -9999.0 -9999.0 -9999.0 -9999.0 -9999.0 -9999.0 -9999.0 -9999.0 -9999.0 -9999.0 -9999.0 -9999.0 -9999.0 -9999.0 -9999.0 -9999.0 -9999.0 -9999.0 -9999.0 -9999.0 -9999.0 -9999.0 -9999.0 -9999.0 -9999.0 -9999.0 -9999.0 -9999.0 -9999.0 -9999.0 -9999.0 -9999.0 -9999.0 -9999.0 -9999.0 -9999.0 -9999.0
-9999.0 -9999.0 -9999.0 -9999.0 -9999.0 -9999.0 -9999.0 -9999.0 -9999.0 1.0532170629 2.09247448331 4.15015370775 2.04991740407 0.991760260932 1.91914815761 8.70543241138 11.9133339908 0.67707008089 -9999.0 0.991814926878 -9999.0 -9999.0 -9999.0 -9999.0 1.22426466609 0.612104573449 -9999.0 -9999.0 -9999.0 -9999.0 -9999.0 -9999.0 -9999.0 -9999.0 -9999.0 -9999.0 -9999.0 -9999.0 -9999.0 -9999.0 -9999.0 -9999.0 -9999.0 -9999.0 -9999.0 -9999.0 -9999.0 -9999.0 -9999.0 -9999.0 -9999.0 -9999.0 -9999.0 -9999.0 -9999.0
-9999.0 -9999.0 -9999.0 -9999.0 -9999.0 -9999.0 -9999.0 -9999.0 1.18859799024 3.35337706407 4.35108366462 5.34618442224 7.137035431 0.90778299845 3.6776053555 4.5535822178 18.1536761684 0.878864013429 0.856654687157 1.84237932175 2.66238882813 0.863080130741 -9999.0 3.33973569788 2.72975285266 0.788941662338 -9999.0 -9999.0 -9999.0 -9999.0 -9999.0 -9999.0 -9999.0 -9999.0 -9999.0 -9999.0 -9999.0 -9999.0 -9999.0 -9999.0 -9999.0 -9999.0 -9999.0 -9999.0 -9999.0 -9999.0 -9999.0 -9999.0 -9999.0 -9999.0 -9999.0 -9999.0 -9999.0 -9999.0 -9999.0
-9999.0 -9999.0 -9999.0 -9999.0 -9999.0 -9999.0 1.1999208074 1.10191696722 1.04575605363 1.0626363087 1.05988069081 7.46716322971 15.5825320366 16.5470523246 17.325401544 0.74231076097 19.7739869869 20.622197543 1.69334586494 0.831019480096 3.46104068062 5.98475117072 0.905724444384 6.07932446594 0.930533577076 0.944522606541 0.964410156156 -9999.0 -9999.0 -9999.0 -9999.0 -9999.0 -9999.0 -9999.0 -9999.0 -9999.0 -9999.0 -9999.0 -9999.0 -9999.0 -9999.0 -9999.0 -9999.0 -9999.0 -9999.0 -9999.0 -9999.0 -9999.0 -9999.0 -9999.0 -9999.0 -9999.0 -9999.0 -9999.0 -9999.0
-9999.0 -9999.0 -9999.0 -9999.0 -9999.0 -9999.0 2.37145469506 3.48749350097 7.83708922608 10.9260272932 0.940081246212 0.955588228465 0.903051537086 2.6807392058 20.8165024125 0.717863888658 21.3984007406 24.4671735708 2.44387706615 1.57230831598 6.73688133137 0.826464185067 6.88748079017 1.72389785909 0.878916810575 1.79469327894 1.89752606995 0.914591319587 0.918419535131 0.895339610601 0.951529444273 1.91131309453 -9999.0 -9999.0 -9999.0 -9999.0 -9999.0 -9999.0 -9999.0 -9999.0 -9999.0 -9999.0 -9999.0 -9999.0 -9999.0 -9999.0 -9999.0 -9999.0 -9999.0 -9999.0 -9999.0 -9999.0 -9999.0 -9999.0 -9999.0
-9999.0 -9999.0 -9999.0 -9999.0 -9999.0 1.27124262634 2.45284966096 1.1609059911 2.25141151147 12.0397612782 14.0328751075 15.9855736495 50.7294477132 0.891338052924 21.6884810421 79.1879278955 79.7539323177 105.183333836 0.6102219484 2.31960008791 7.49686819384 0.752533489991 16.4622895942 8.79523910353 5.46928180369 4.59438144443 0.923832551124 2.7115684095 2.6590913129 1.77461798214 0.863127978236 2.80925501309 0.863338725208 0.852227906164 -9999.0 -9999.0 -9999.0 -9999.0 -9999.0 -9999.0 -9999.0 -9999.0 -9999.0 -9999.0 -9999.0 -9999.0 -9999.0 -9999.0 -9999.0 -9999.0 -9999.0 -9999.0 -9999.0 -9999.0 -9999.0
-9999.0 -9999.0 -9999.0 -9999.0 -9999.0 1.28144862908 3.70428370943 7.34374119071 8.43969825558 16.6563883801 17.6764091594 20.8736020506 33.859901633 53.3370621309 55.1388451568 55.9864363474 1.49767140086 107.870582142 109.18840802 113.010741319 140.065755977 18.7988629297 17.2810638853 6.27989228972 0.795624351702 5.25685144289 3.57346921302 0.822857849586 3.45521391721 0.756889276843 1.58725532877 4.4512125656 5.28025258165 1.672514092 0.832724709445 0.813925483346 -9999.0 -9999.0 -9999.0 -9999.0 0.670198971573 0.561065924799 -9999.0 -9999.0 -9999.0 -9999.0 -9999.0 -9999.0 -9999.0 -9999.0 -9999.0 -9999.0 -9999.0 -9999.0 -9999.0
-9999.0 -9999.0 -9999.0 -9999.0 -9999.0 1.24496820994 1.17053227616 4.89044308357 6.00118539019 7.15041349756 1.08709508283 2.15425253889 12.3389452909 2.14527405417 0.992198631281 0.929534995853 0.819563580108 0.926579780449 0.854570560319 0.873063917086 140.868627124 143.159022078 0.747684132158 2.31652320577 1.58078984404 6.05553247727 1.66032194688 0.808962353154 4.28390638183 1.47641426459 3.53610937556 9.2358868863 8.59322444193 2.50018869647 2.48292689546 0.829697761388 0.830460566356 -9999.0 -9999.0 0.832537481913 1.48660944457 3.23109372959 0.598544146481 -9999.0 -9999.0 -9999.0 -9999.0 -9999.0 -9999.0 -9999.0 -9999.0 -9999.0 -9999.0 -9999.0 -9999.0
-9999.0 -9999.0 -9999.0 -9999.0 -9999.0 -9999.0 1.27394137867 1.28377839278 2.44081789303 3.60228239357 8.06872530106 10.2768741635 11.3675451683 1.14850503746 0.902668911882 12.2035844563 14.9214981636 15.7758521715 19.2746075113 20.0731896213 0.798740148194 143.954678381 147.730104579 3.00296381129 0.504659889898 6.73433405815 15.046209813 5.8924163939 1.49668168361 0.736540613488 14.2166238787 9.99718729038 0.765656503443 0.76865867868 3.2751685626 2.43595500112 0.812192603904 0.829245087419 0.805172074224 1.61668402993 0.781944500559 3.93687204704 4.74015708627 0.789577634473 -9999.0 -9999.0 -9999.0 -9999.0 0.905257783099 0.863276154152 0.198899891786 -9999.0 -9999.0 -9999.0 -9999.0
-9999.0 -9999.0 -9999.0 -9999.0 -9999.0 -9999.0 -9999.0 1.27303533473 1.08281871346 2.26261945642 3.40408597983 1.11639075215 1.0260267883 6.40537225044 8.40658333707 10.4296891887 0.930791445902 1.80863961033 0.887235292341 20.889234046 46.3164819181 46.9629434493 196.21877619 0.766287883021 1.49651544323 0.462823333502 15.8215672902 0.746156017083 2.25265789896 0.732486639527 14.9621807247 15.6981603034 1.53017000094 1.50112455235 8.09978623077 4.03979642487 1.66272675793 0.832705801471 1.61034525784 2.4057424947 3.94809383719 0.781794228343 6.37419962086 7.23062372312 0.816391073373 0.846865058476 0.873894172279 0.828802399257 0.804875564146 2.5631248122 0.889823723155 0.556112065701 -9999.0 -9999.0 -9999.0
-9999.0 -9999.0 -9999.0 -9999.0 -9999.0 -9999.0 -9999.0 -9999.0 2.30885560384 3.34358210726 1.10994362841 2.25213814676 3.31094026893 5.44535648467 1.07361569347 1.02624737299 0.874632402852 0.89084934882 0.810534460721 23.7608578188 0.902077109881 1.76172199128 198.756130853 200.950424333 1.17141006583 3.78313653757 20.3751858993 1.45896594722 2.93564071078 1.40270039079 2.09782591266 18.6336770495 2.23483049466 11.7552488373 9.54846913721 0.72465750944 3.99489292444 1.59312324789 2.35420521472 0.752439169435 4.75142366652 6.35437175831 7.14866112321 7.9179372285 10.3682776906 1.57484941182 1.63253511211 1.55449944283 1.50148145808 3.27300337981 0.680937416492 2.13218024591 2.74155835027 -9999.0 -9999.0
-9999.0 -9999.0 -9999.0 -9999.0 -9999.0 -9999.0 -9999.0 -9999.0 1.20603178116 5.72397913546 6.80629909125 1.08526696268 2.11617531169 1.03032511466 0.951769417075 0.930091130029 11.871099759 15.8726780595 19.4953673504 23.0710475716 0.899961203549 0.878101360082 1.02937708753 205.356117178 207.849899313 209.031140541 27.4893511203 5.96030435227 5.14869343466 0.714925040212 2.7686627729 22.0937308378 0.685753663344 12.4568464771 0.714818455122 5.06917436772 4.76957543558 0.747595615976 3.08995793998 1.48401583174 2.20662209269 0.794670098086 0.758856864438 8.68126291962 9.40805912721 11.0933461613 2.38782940845 2.2885256418 2.21947092955 3.97131444482 5.3391223982 0.680275499602 3.36457272457 0.639613697021 1.23067168747
-9999.0 -9999.0 -9999.0 -9999.0 -9999.0 -9999.0 -9999.0 -9999.0 -9999.0 1.22316036772 7.94011298257 9.01600384814 3.16389185362 5.2506996887 7.19616025541 8.19471677829 1.010047387 3.10567830325 2.02252937879 1.01137823872 0.9935813072 0.896620247084 1.80637725974 3.28179157665 1.39566014038 239.090090084 240.297063647 1.11973624115 0.765056444256 1.39575113165 2.08324795682 24.1479128885 1.36750256118 13.1219872298 7.72491790043 6.36647163491 0.724422484703 1.45521914017 3.77906199237 0.684288108725 2.87656524611 1.48821265635 1.30956069376 0.540905489716 11.1848726983 22.9144350088 2.98091154005 2.89103770693 2.83054021625 0.595033851748 5.93611224695 0.585545904408 4.60208317623 0.574255211026 1.8202515183
-9999.0 -9999.0 -9999.0 -9999.0 -9999.0 -9999.0 -9999.0 -9999.0 -9999.0 -9999.0 1.08390099936 11.2018261022 1.04268705206 2.09446272047 3.05790870079 4.9945940098 1.00141886854 2.09462136405 1.01852504129 0.972341066575 0.908730928636 1.81133761291 0.827405078051 0.976355756876 2.22972953893 1.34538213361 241.517142512 243.808719246 246.946551111 2.89465670985 0.66831686231 1.32892506096 24.8283811547 24.2491742207 9.13440635443 0.692937216605 2.87156549461 2.16082671144 4.47080859559 1.37219474154 5.725305787 2.1670747992 1.93952705864 0.374940168106 0.55930040959 23.6573034702 24.3529549454 30.8547714626 4.68157235686 1.22441735914 6.57847502413 7.78551895189 12.9526111901 1.14302042195 0.540401823357
-9999.0 -9999.0 -9999.0 -9999.0 -9999.0 -9999.0 -9999.0 -9999.0 -9999.0 -9999.0 -9999.0 0.530693382302 12.3397368087 1.01754480268 1.97440540528 8.94274588675 1.03712776014 1.03210377154 0.90279668634 1.88488641489 0.892257314533 3.6029041173 5.28753188243 6.09246397483 3.06844102635 4.11567383607 1.21432413352 1.31076730284 1.19792315372 251.688188418 253.841326236 25.479933401 25.5269639289 24.8980438784 1.33114130718 0.651243493957 3.5257556793 9.31219628674 5.13470818495 2.03265152722 8.41637163414 3.69894514854 3.06344994371 0.698930128701 0.316958961673 0.336229651775 0.410117042238 32.7714782741 39.3562974365 0.584225414117 0.554323798009 0.577248758008 13.504947257 15.1600788755 0.992992724839
-9999.0 -9999.0 -9999.0 -9999.0 -9999.0 -9999.0 -9999.0 -9999.0 -9999.0 -9999.0 -9999.0 0.488039522221 13.5359379547 16.6976983124 0.958726167652 10.8743749894 0.958673015394 0.909001066202 1.75113474413 4.50196995905 0.853582749564 0.900554057742 0.813424824809 7.7484335548 8.52598625875 13.4699085816 15.5047446923 16.4465833645 17.5571382613 18.6256882658 273.58682483 300.965873526 328.377263958 329.23668716 0.794349837713 0.655254104924 10.6224013639 9.97560661868 0.647430379616 0.63776985116 9.0252315109 13.3914558762 0.564729299651 6.3109363119 5.86274585109 1.53587075109 0.818173579719 1.31608874901 0.710017954404 40.6626194123 0.667650906173 1.75029909393 2.29618409729 19.0067940386 20.2668625464
-9999.0 -9999.0 -9999.0 -9999.0 -9999.0 -9999.0 -9999.0 -9999.0 -9999.0 -9999.0 -9999.0 1.15007533765 2.1943725337 17.7191787244 19.562654007 0.950688507529 12.6948503823 0.83482546368 2.52125074221 5.31230118748 1.65877621637 0.80176464764 1.70305082287 0.782476393596 1.47517386142 0.682428451545 0.627283428033 0.503179536651 0.461497652813 0.479467272652 0.548408662425 0.805232836692 1.03561185193 1.17144290913 332.128994074 13.8967536457 12.3797569571 0.825493498501 1.90393936963 0.452241145367 0.362864082045 14.0140522691 22.2217904136 6.9998382034 5.22395888908 0.83814903314 0.390960368287 0.359312807278 0.94912170164 42.2729849612 43.5682227973 0.667513379143 0.678612483579 0.562184138362 0.319580494647
-9999.0 -9999.0 -9999.0 -9999.0 -9999.0 -9999.0 -9999.0 -9999.0 -9999.0 -9999.0 -9999.0 -9999.0 0.985488257711 13.5621171629 34.0796824442 37.0157458789 50.6123929106 51.4606597029 11.9268927307 8.60981983528 2.48126079729 0.790119630327 3.27035847029 4.05002001858 6.21892598425 1.39866533708 1.30461125368 1.19229819283 2.32570837061 1.1400894566 1.17840227744 0.518792629567 0.340338605284 0.49491900582 333.017992903 347.361753364 348.281346209 0.874732859653 5.69511092494 2.09017209761 0.650821070321 24.2933765628 1.45744584665 0.752564156684 3.08454436731 0.63463406742 0.617063061289 1.20577173814 1.75987464876 2.37230858402 44.7125041382 0.549808569665 0.496605043792 0.496524223191 0.392148039468
-9999.0 -9999.0 -9999.0 -9999.0 -9999.0 -9999.0 -9999.0 -9999.0 -9999.0 -9999.0 -9999.0 1.10148077952 10.3694066821 12.5658249331 2.01844409093 0.556052584567 1.28504500192 53.635565922 54.4636751246 67.1640701185 0.738767059356 1.5202226149 0.687561554563 0.70347080659 6.91474002396 9.00761768908 10.967601999 0.647263768902 2.97819284896 4.75456287874 2.92740363198 1.1395036358 0.848255399851 0.836904901377 0.978133918667 0.652318667858 349.111992994 349.860231541 357.059104697 1.19072485431 0.605440958531 24.839871393 1.50382200417 0.78299105553 0.844060551517 0.835794838921 0.757333451117 1.42201056708 4.16711404407 7.20641066272 52.4699697144 0.432124883693 1.30618815651 0.886756871166 0.749873393773
-9999.0 -9999.0 -9999.0 -9999.0 -9999.0 -9999.0 -9999.0 -9999.0 -9999.0 -9999.0 -9999.0 1.13110135377 7.21185002846 1.1243362421 0.98412491764 5.0972484587 5.97922857936 6.88273221679 7.70438325629 91.6238266638 92.2690752169 93.6577276268 104.712210115 106.892675296 108.18571294 108.912488736 121.418827414 123.041997049 123.6882496 129.137208267 132.761312491 133.385489461 135.340537694 1.42303701057 1.37470022065 0.370210885888 0.518593530335 350.635348186 359.716589311 1.89401907017 28.8240038734 28.2530648754 2.8891859307 0.695019170431 0.717720730071 0.69765000651 0.696144004883 1.40753845063 2.08286420062 0.69812387428 53.0047589359 53.5663596528 56.2559509026 56.7350221012 57.9376085636
-9999.0 -9999.0 -9999.0 -9999.0 -9999.0 -9999.0 -9999.0 -9999.0 -9999.0 -9999.0 -9999.0 3.72970587491 4.9175449731 2.2721213259 3.34879399046 1.06331258509 12.289696824 13.2662423423 15.1795193979 15.9323767621 6.31529314791 101.13607466 101.792148007 0.753122968743 0.58079477412 0.499008733729 1.10668368508 0.50697208856 0.375211519111 0.332504692435 0.383987161767 133.909502428 135.903803359 137.945295121 139.868754354 141.651928986 0.868123502462 0.359131305839 390.469361184 30.0371434402 29.4248691553 0.634977090496 0.637214279192 0.604240451375 1.32522994773 1.31253486612 0.596695830128 0.599514978783 0.55722842422 1.24044380281 1.71768678367 0.402675956111 0.728127368264 0.282815503472 0.15783446331
-9999.0 -9999.0 -9999.0 -9999.0 -9999.0 -9999.0 -9999.0 -9999.0 -9999.0 -9999.0 -9999.0 -9999.0 2.52313891012 1.1637634835 1.06610508308 10.343681146 11.3645646496 1.00838408648 3.99909204063 4.8830835857 5.67860567431 0.865849836681 0.778437914065 16.3517556103 17.0501550344 17.7042791457 45.489572722 45.9843399152 46.7508456452 51.0305274086 53.3018578263 53.6230010159 0.274655318207 0.292784739063 0.320449068603 142.70803351 0.480238037577 396.563032284 395.775339141 4.67058643342 3.97493970875 2.44354701777 0.604072667413 1.20742906433 1.94414218913 1.93266134234 1.17309478495 0.573388605137 1.12653637186 1.09248838598 2.20464939492 0.289737582115 1.02958888014 1.74267049759 2.08148413016
