data/baseflow/History/mHMbfrc595
ncols                  80
nrows                 72
xllcorner      4374000.0
yllcorner      5656000.0
cellsize            500
NODATA_value       -9999
[rows 0 to 23 of 72, columns 0 to 53 of 80]
-9999.0 -9999.0 -9999.0 -9999.0 -9999.0 -9999.0 -9999.0 -9999.0 -9999.0 -9999.0 -9999.0 -9999.0 0.716245789381 0.722984251395 -9999.0 -9999.0 -9999.0 -9999.0 -9999.0 -9999.0 -9999.0 -9999.0 -9999.0 -9999.0 -9999.0 -9999.0 -9999.0 -9999.0 -9999.0 -9999.0 -9999.0 -9999.0 -9999.0 -9999.0 -9999.0 -9999.0 -9999.0 -9999.0 -9999.0 -9999.0 -9999.0 -9999.0 -9999.0 -9999.0 -9999.0 -9999.0 -9999.0 -9999.0 -9999.0 -9999.0 -9999.0 -9999.0 -9999.0 -9999.0
-9999.0 -9999.0 -9999.0 -9999.0 -9999.0 -9999.0 -9999.0 -9999.0 -9999.0 -9999.0 -9999.0 -9999.0 1.45335403808 3.44823630623 0.607332699512 -9999.0 0.606338067201 -9999.0 -9999.0 -9999.0 -9999.0 -9999.0 -9999.0 -9999.0 -9999.0 -9999.0 -9999.0 -9999.0 -9999.0 -9999.0 -9999.0 -9999.0 -9999.0 -9999.0 -9999.0 -9999.0 -9999.0 -9999.0 -9999.0 -9999.0 -9999.0 -9999.0 -9999.0 -9999.0 -9999.0 -9999.0 -9999.0 -9999.0 -9999.0 -9999.0 -9999.0 -9999.0 -9999.0 -9999.0
-9999.0 -9999.0 -9999.0 -9999.0 -9999.0 -9999.0 -9999.0 -9999.0 -9999.0 -9999.0 0.659650453854 0.641027170802 0.697295852119 0.693554920208 4.72128555389 5.27984447054 1.6426009318 0.521932741293 -9999.0 -9999.0 -9999.0 -9999.0 -9999.0 -9999.0 -9999.0 -9999.0 -9999.0 -9999.0 -9999.0 -9999.0 -9999.0 -9999.0 -9999.0 -9999.0 -9999.0 -9999.0 -9999.0 -9999.0 -9999.0 -9999.0 -9999.0 -9999.0 -9999.0 -9999.0 -9999.0 -9999.0 -9999.0 -9999.0 -9999.0 -9999.0 -9999.0 -9999.0 -9999.0 -9999.0
-9999.0 -9999.0 -9999.0 -9999.0 -9999.0 -9999.0 -9999.0 -9999.0 -9999.0 0.627133094652 1.29487257693 2.5768800589 1.32305676929 0.63519694539 1.24013244422 5.86371770657 8.61042866538 0.557870436068 -9999.0 0.678926696487 -9999.0 -9999.0 -9999.0 -9999.0 1.13407793293 0.586719177278 -9999.0 -9999.0 -9999.0 -9999.0 -9999.0 -9999.0 -9999.0 -9999.0 -9999.0 -9999.0 -9999.0 -9999.0 -9999.0 -9999.0 -9999.0 -9999.0 -9999.0 -9999.0 -9999.0 -9999.0 -9999.0 -9999.0 -9999.0 -9999.0 -9999.0 -9999.0 -9999.0 -9999.0
-9999.0 -9999.0 -9999.0 -9999.0 -9999.0 -9999.0 -9999.0 -9999.0 0.800053281605 2.14584352164 2.77531798861 3.40474385527 4.51042484223 0.57842774259 2.36967644638 2.92535891782 12.5795523464 0.519327923607 0.507336567735 1.24375957713 1.80401346943 0.597346393503 -9999.0 2.81939918473 2.32131093828 0.607945409123 -9999.0 -9999.0 -9999.0 -9999.0 -9999.0 -9999.0 -9999.0 -9999.0 -9999.0 -9999.0 -9999.0 -9999.0 -9999.0 -9999.0 -9999.0 -9999.0 -9999.0 -9999.0 -9999.0 -9999.0 -9999.0 -9999.0 -9999.0 -9999.0 -9999.0 -9999.0 -9999.0 -9999.0
-9999.0 -9999.0 -9999.0 -9999.0 -9999.0 -9999.0 0.738321846781 0.656137250224 0.643290340076 0.664364836912 0.69503109166 4.81134665144 9.9754620848 10.6080500428 11.1051275797 0.479187670069 13.6039249318 14.1241737523 1.07079057361 0.560615851386 2.34980731983 4.09946424049 0.586133205061 4.59917989621 0.62417966955 0.61521963488 0.662643313553 -9999.0 -9999.0 -9999.0 -9999.0 -9999.0 -9999.0 -9999.0 -9999.0 -9999.0 -9999.0 -9999.0 -9999.0 -9999.0 -9999.0 -9999.0 -9999.0 -9999.0 -9999.0 -9999.0 -9999.0 -9999.0 -9999.0 -9999.0 -9999.0 -9999.0 -9999.0 -9999.0
-9999.0 -9999.0 -9999.0 -9999.0 -9999.0 -9999.0 1.51092995262 2.23294388816 5.0396346517 6.95985294836 0.590775784485 0.613412964139 0.587387851907 1.74463221737 13.3674965593 0.452385703281 14.658183436 16.7904638934 1.64256525929 1.04193855008 4.60583842103 0.570585339045 5.16168990421 1.12446595306 0.563707048421 1.15255198451 1.31827600516 0.684245377897 0.705896390844 0.680288245286 0.755549487423 1.51190682487 -9999.0 -9999.0 -9999.0 -9999.0 -9999.0 -9999.0 -9999.0 -9999.0 -9999.0 -9999.0 -9999.0 -9999.0 -9999.0 -9999.0 -9999.0 -9999.0 -9999.0 -9999.0 -9999.0 -9999.0 -9999.0 -9999.0
-9999.0 -9999.0 -9999.0 -9999.0 -9999.0 0.864368582627 1.65787735667 0.787121407065 1.52632114804 7.7281169651 9.04553768265 10.3291677542 34.8684515443 0.597044457713 13.9359801353 53.6158472681 54.05266614 71.6434382338 0.502697734742 1.52649993785 5.11517048197 0.501401309117 11.6007083602 5.8981265233 3.65407118927 3.07282616083 0.639826491663 2.01862484312 2.04139634719 1.35683437443 0.671589658554 2.2093439672 0.67863057298 0.663163018975 -9999.0 -9999.0 -9999.0 -9999.0 -9999.0 -9999.0 -9999.0 -9999.0 -9999.0 -9999.0 -9999.0 -9999.0 -9999.0 -9999.0 -9999.0 -9999.0 -9999.0 -9999.0 -9999.0 -9999.0
-9999.0 -9999.0 -9999.0 -9999.0 -9999.0 0.882794144471 2.55858144613 5.05190604457 5.82468255125 11.6283052555 12.341471138 14.6193606589 23.9638450649 36.7902270187 38.0902026275 38.7044768944 1.05198621177 73.5731061907 74.5693722642 77.1529595082 96.0290787063 13.210697495 12.1827053628 4.22036868816 0.561266898895 3.73493312218 2.58053711368 0.528605939232 2.63683426262 0.595818270271 1.25899866094 3.49446935846 4.13461290956 1.28708879953 0.632366987376 0.604936836471 -9999.0 -9999.0 -9999.0 -9999.0 0.529171856268 0.48588410513 -9999.0 -9999.0 -9999.0 -9999.0 -9999.0 -9999.0 -9999.0 -9999.0 -9999.0 -9999.0 -9999.0 -9999.0
-9999.0 -9999.0 -9999.0 -9999.0 -9999.0 0.845501654725 0.806624674596 3.44639185574 4.23989535737 5.06464223771 0.778648542515 1.53546099938 8.84173490928 1.55079212725 0.720452627853 0.633068712306 0.551835315121 0.65812685306 0.617135521325 0.6208639714 96.6280663753 98.1773266456 0.508361075583 1.60936305093 1.11421919773 4.26656351981 1.07581879445 0.506365988785 3.24748884412 1.15447252224 2.81880027793 7.19507972533 6.67012343149 1.90460906602 1.83704008387 0.636029882645 0.62076097356 -9999.0 -9999.0 0.601587264474 1.11475508453 2.61826404172 0.51268220057 -9999.0 -9999.0 -9999.0 -9999.0 -9999.0 -9999.0 -9999.0 -9999.0 -9999.0 -9999.0 -9999.0
-9999.0 -9999.0 -9999.0 -9999.0 -9999.0 -9999.0 0.907035848017 0.925432702015 1.73260257204 2.55995096396 5.77936507968 7.37116644666 8.15527657617 0.814362968475 0.624138731516 8.60605574951 10.4995898152 11.0716296173 13.5184046731 14.0474944655 0.53797453687 98.7291700621 101.367976386 2.09889073977 0.378484978471 4.72599603957 10.4969765875 4.23920466185 1.02226555882 0.514147797544 11.0714346689 7.74958944826 0.532565207926 0.528869321169 2.38397651745 1.82683023405 0.559844379037 0.521260617169 0.56882940295 1.15287899624 0.52865950001 3.1684329185 3.66273086565 0.448789737606 -9999.0 -9999.0 -9999.0 -9999.0 0.500051807885 0.463318033124 0.132791732374 -9999.0 -9999.0 -9999.0
-9999.0 -9999.0 -9999.0 -9999.0 -9999.0 -9999.0 -9999.0 0.889124057133 0.768994331675 1.6271860358 2.46594348635 0.801052551668 0.716195750353 4.57417484239 5.95613710639 7.39798650033 0.675508979197 1.27551983259 0.645895538984 14.6157451634 32.5499176364 33.0381591482 135.435873724 0.513744160747 1.0777320735 0.325749577594 10.9725676248 0.500709643554 1.54689380276 0.505244475797 11.5916064483 12.1141107622 1.07264729026 1.05253755304 5.92960717675 2.96580395532 1.08870527765 0.566509185006 1.13117388622 1.70493335403 2.73242294856 0.484670315478 4.52187369547 4.90185039034 0.329476228598 0.362215192709 0.370721100007 0.325252799938 0.299742631761 1.32838912574 0.5038425104 0.314721073931 -9999.0 -9999.0
-9999.0 -9999.0 -9999.0 -9999.0 -9999.0 -9999.0 -9999.0 -9999.0 1.64425300049 2.36229604885 0.795835617737 1.63010725043 2.39983624863 3.92646863652 0.76415326645 0.729286058082 0.60343156335 0.609528656692 0.535776590553 16.754789508 0.666698037169 1.28626587432 137.219728181 138.150538802 0.342358494836 1.7767327642 13.166138782 0.970427133418 1.98429764803 0.89720489106 1.33159396319 14.0851172159 1.53092473381 8.41922890285 6.9281843295 0.518664350457 2.68342360971 1.08957564548 1.62250491723 0.483619387359 3.19138887257 4.07657674997 4.38895810405 4.67972124638 6.11919852233 0.618221061742 0.643011308587 0.571189022071 0.521915266535 1.61056547635 0.309808571762 1.13824378447 1.41758055332 -9999.0
-9999.0 -9999.0 -9999.0 -9999.0 -9999.0 -9999.0 -9999.0 -9999.0 0.873379737816 4.08310427858 4.85216159085 0.768117294431 1.4990075681 0.728131130725 0.650538238418 0.637591483504 8.31279104313 11.0557161277 13.5733052589 16.2212287238 0.637800673057 0.638676374897 0.547877192736 140.686036797 141.687322952 142.020925444 17.4511929874 3.87951929247 3.40144916799 0.397986800305 1.7318178677 16.2400043912 0.418008959238 8.849271205 0.485329829406 3.48114594537 3.21995117293 0.510921928778 2.11250779848 0.968185498967 1.43255806919 0.39335269723 0.283823593055 4.96555188951 5.21891280738 6.37168311983 0.912626040729 0.823891525899 0.762359208305 1.94593138472 2.57538933803 0.314117295907 1.72170626729 0.330893381365
-9999.0 -9999.0 -9999.0 -9999.0 -9999.0 -9999.0 -9999.0 -9999.0 -9999.0 0.89987741534 5.68019969748 6.43345352072 2.23764546204 3.71096989062 5.05539723096 5.75552411122 0.727992064696 2.12401065672 1.42022949608 0.751014771816 0.71969251265 0.624611405121 1.22712754699 1.99047512962 0.554623474727 160.38441588 160.734534042 0.31352018449 0.295076490042 0.808389254764 1.212099341 17.4594879401 0.816603585191 9.20399371888 5.2217491511 4.33783530985 0.463015344922 0.957201188353 2.53516955288 0.422413954639 1.83300497654 0.788085958512 0.46737109686 0.204910070373 5.86781213386 12.4350499703 1.08688089947 1.00284735583 1.00266409335 0.253013425318 2.82489184896 0.241270918946 2.28704103723 0.280894468198
-9999.0 -9999.0 -9999.0 -9999.0 -9999.0 -9999.0 -9999.0 -9999.0 -9999.0 -9999.0 0.773804389839 7.98451019306 0.729638344018 1.46389619626 2.1223059594 3.39739792158 0.649930276578 1.37914463316 0.674968547886 0.608194046596 0.572339684487 1.12737315166 0.496091813103 0.503558198781 0.900418948116 0.47840714667 161.130509225 161.782246755 162.77857267 1.59217686979 0.411544196206 0.820743739143 17.895989745 16.4307601261 6.11821403211 0.440460044688 1.85771491418 1.40332850224 2.95927771686 0.843040815127 3.43795553231 1.19155197197 0.771639986322 0.146548930898 0.223755223387 12.7172307565 12.954583797 15.2395247233 1.81179395622 0.529317126591 3.09985706128 3.60971413511 6.1320377841 0.55309481118
-9999.0 -9999.0 -9999.0 -9999.0 -9999.0 -9999.0 -9999.0 -9999.0 -9999.0 -9999.0 -9999.0 0.419696161933 8.8719377627 0.697632680552 1.34416119055 6.00422256493 0.647272477751 0.634487867908 0.543936434364 1.18828520478 0.598927100331 2.31608073318 3.3118015613 3.75158748433 1.27274284386 1.53609484245 0.308049709326 0.429975041549 0.405459085733 165.132093229 166.25817794 18.2427064964 17.1493180512 16.795276419 0.722477888985 0.34732183546 2.24505102371 5.97910661675 3.34739299961 1.22463723632 5.03269533128 1.6133131327 1.26634502154 0.274419388215 0.0979868457912 0.0940950210363 0.121365138475 15.9294395662 18.4763829402 0.251976636984 0.22414858626 0.255467225714 6.37986540769 7.16412288226
-9999.0 -9999.0 -9999.0 -9999.0 -9999.0 -9999.0 -9999.0 -9999.0 -9999.0 -9999.0 -9999.0 0.386362824861 9.79256597593 12.0072830537 0.655265025469 7.2917309996 0.579929363454 0.543878968676 1.11039333541 2.88301553842 0.568086466289 0.612909175905 0.490266371862 4.71074643785 5.1672211436 7.20421307292 7.90008038305 8.27032068097 8.58040249989 8.88408803059 175.478234516 194.311041182 212.002884298 212.244267809 0.273146676078 0.347041103746 6.75877024793 6.37197430395 0.379915445842 0.382110001343 5.43541263183 7.42880141686 0.29360440785 3.12702787407 2.89532451998 0.584488734489 0.279604531667 0.490611895396 0.273043630739 18.9048919414 0.217047795324 0.678490648645 0.839591599666 8.52309807392
-9999.0 -9999.0 -9999.0 -9999.0 -9999.0 -9999.0 -9999.0 -9999.0 -9999.0 -9999.0 -9999.0 0.81969090812 1.56542570568 12.7285390852 13.9361049881 0.611709168409 8.41554686952 0.480765564999 1.50460016056 3.39691361368 1.0856717389 0.513863674069 1.06917329942 0.407682808675 0.799212819265 0.401849319207 0.363537956732 0.292000313323 0.269930204706 0.228418164649 0.202249194047 0.27715208278 0.339996781818 0.365640865462 213.113310599 7.77362718009 7.1394862187 0.179829797735 1.06443575468 0.253266202192 0.223862701497 7.75935218736 11.8930362033 3.49876690458 2.66933467905 0.366834312438 0.137474501443 0.115474529639 0.307691278161 19.4290768255 19.8195950466 0.20582498473 0.21055025744 0.186966797042
-9999.0 -9999.0 -9999.0 -9999.0 -9999.0 -9999.0 -9999.0 -9999.0 -9999.0 -9999.0 -9999.0 -9999.0 0.657116450908 9.56712816894 24.1610518794 26.1958562611 35.1756192692 35.708388986 7.5317228137 5.53645441344 1.61164979696 0.503186289251 2.05795956445 2.52852527401 3.74214615267 0.830663370104 0.753095977478 0.692102003795 1.34716535509 0.603856064696 0.560182649106 0.301758172446 0.173017088745 0.169885211363 213.358402728 221.341060494 221.62632277 0.176194102895 2.61629148317 1.1801195064 0.357593976619 13.0423899924 0.823169407332 0.430964234194 1.76555094497 0.349772201746 0.239223440904 0.43333040787 0.602428773733 0.79738272731 20.1404996685 0.149163862091 0.127514024854 0.127660625093
-9999.0 -9999.0 -9999.0 -9999.0 -9999.0 -9999.0 -9999.0 -9999.0 -9999.0 -9999.0 -9999.0 0.758279677405 7.3055920154 8.86751186926 1.40965516967 0.43791860324 0.960059215569 37.2286772412 37.7209737456 45.7707884709 0.448675965956 0.945673585222 0.405057650096 0.412672192004 4.14610987521 5.37912990077 6.49754537305 0.349631238769 1.69369584815 2.63534333112 1.50734930737 0.629647813627 0.433743587457 0.346782931808 0.322499720527 0.150421259455 221.807464526 221.942305595 224.838301273 0.56721757797 0.307434940354 13.3444436387 0.852456076723 0.445200234135 0.493815998666 0.489637027498 0.408263297187 0.669315486524 1.87690545072 2.88732156567 23.1824736472 0.109634111069 0.331844117812 0.225853106834
-9999.0 -9999.0 -9999.0 -9999.0 -9999.0 -9999.0 -9999.0 -9999.0 -9999.0 -9999.0 -9999.0 0.782185837885 5.15374139579 0.806008824481 0.675427671052 3.64641671332 4.23830680498 4.82502848195 5.33747925906 62.3752847003 62.8659113527 63.8227513406 70.7803566062 72.0129077854 72.6755534418 73.0962777851 80.3590670891 81.2969065941 81.6699638708 84.7200063378 86.6285122886 86.9610854842 87.9914674049 0.650790364416 0.527818594711 0.0942414691909 0.0899994266158 222.102193707 225.737699632 0.770243165938 15.5029915011 15.2216669348 1.56406889012 0.36603405808 0.368030231551 0.352102830822 0.355495866387 0.714733442559 0.995313894502 0.256949885287 23.327975639 23.4843364103 24.1741589967 24.2997499558
-9999.0 -9999.0 -9999.0 -9999.0 -9999.0 -9999.0 -9999.0 -9999.0 -9999.0 -9999.0 -9999.0 2.68073933961 3.53551076864 1.61859464278 2.3825810516 0.751816799174 8.39951190018 9.02218348829 10.2532134972 10.7370489796 3.9457951902 68.5562197354 68.9975852622 0.385538125895 0.242011340722 0.213130040216 0.485500343515 0.23904831005 0.164285286345 0.147987936114 0.173109910954 87.2551366611 88.3060721644 89.2982682565 90.1080271904 90.4556080358 0.140394494936 0.0440143593922 241.800506485 15.9370418665 15.8037935791 0.319975760184 0.285496645817 0.248966709919 0.619664058898 0.604337849783 0.277177906419 0.280694383461 0.251649045088 0.50114997902 0.643297683177 0.136149571803 0.228925451462 0.0732047641617
-9999.0 -9999.0 -9999.0 -9999.0 -9999.0 -9999.0 -9999.0 -9999.0 -9999.0 -9999.0 -9999.0 -9999.0 1.81292355565 0.836942626156 0.750677221063 7.14571558652 7.80501200173 0.657460749468 2.4878489922 3.0618739993 3.54331663599 0.551661124828 0.349898091265 9.92252112246 10.1913021117 10.4445065427 26.7042447994 26.8862793539 27.1907246973 29.0177249766 29.8757938837 29.9982520488 0.131823528795 0.144482272768 0.15355383367 90.6577225855 0.078927416416 244.102584275 243.963709856 2.04599724389 1.87061639161 1.17849176334 0.29267284311 0.499366251298 0.875133960539 0.859411653259 0.531547377394 0.265950702285 0.512472416548 0.49732075376 0.852907254209 0.114273208001 0.329392543546 0.525808129583
