data/baseflow/History/mHMbfrc507
ncols                  80
nrows                 72
xllcorner      4374000.0
yllcorner      5656000.0
cellsize            500
NODATA_value       -9999
[rows 24 to 47 of 72, columns 0 to 54 of 80]
-9999.0 -9999.0 -9999.0 -9999.0 -9999.0 -9999.0 -9999.0 -9999.0 -9999.0 -9999.0 -9999.0 -9999.0 1.37685055601 3.95978999106 5.21272465415 8.99920887221 1.17161971226 2.35952908212 3.49648192433 13.2353029713 14.2787096674 15.2005510716 16.2040531592 17.1924533537 26.5305583813 29.5286950128 31.2945816644 0.785254335137 4.52291994234 5.26880477914 62.4216959794 65.8995481029 67.4133219029 68.943424459 70.3484732639 255.678703607 0.41593705004 520.755346702 1.26387562734 0.601259535531 5.0353888632 4.28026027724 0.741697291988 2.40877455395 3.44426694185 3.41246088468 2.38746832713 3.93336573652 6.22469032874 2.32221595391 5.84003127428 0.579535246263 0.888772171444 0.226630813736 0.174038955063
-9999.0 -9999.0 -9999.0 -9999.0 -9999.0 -9999.0 -9999.0 -9999.0 -9999.0 -9999.0 -9999.0 -9999.0 1.32676090493 2.64392399053 1.26363190597 2.52660253122 1.17989652382 8.65576649328 10.9498548308 12.1181660682 1.11150425148 2.1737990017 19.6862944476 24.7007646162 25.6345113495 1.9716591667 2.12857363023 3.15494648611 0.689596611954 0.651472514686 1.24585116686 0.552015934928 29.2919458415 29.949950795 30.5403098438 256.178303157 525.481875088 521.436777655 0.966139690756 0.421893813697 0.386045803976 1.73921160025 1.33622758741 3.10490515701 4.18385522647 8.36624015396 0.762973415995 0.761128523046 6.92925237768 7.65256743474 14.7456198892 15.1755878488 16.2935690726 16.7170931804 0.395774533395
-9999.0 -9999.0 -9999.0 -9999.0 -9999.0 -9999.0 -9999.0 -9999.0 -9999.0 -9999.0 -9999.0 -9999.0 -9999.0 1.29570319603 2.57422433236 3.84865686756 6.24958543847 1.23185145613 1.16443927665 7.43959335578 8.54120972461 17.6285134137 18.7278471593 3.11716432232 1.07055773573 0.997007781622 0.977699660369 25.4605984941 26.1881630159 26.8969443394 27.5127087844 28.6632858143 6.18302453377 6.68694488043 37.9278845122 819.842772089 3.34096836814 2.74478422673 1.3957521121 0.354164339643 0.329331228225 2.4949601992 2.77491875942 3.83085586892 0.379018785606 8.85707025325 1.37422215423 1.35859163858 0.356213025613 0.239334843964 0.197472175783 0.173480346013 0.193719533716 16.9089575539 209.005382996
-9999.0 -9999.0 -9999.0 -9999.0 -9999.0 -9999.0 -9999.0 -9999.0 -9999.0 -9999.0 -9999.0 -9999.0 -9999.0 -9999.0 1.24945769183 2.23424578233 3.08913847834 3.95613822473 5.1170169194 6.29831387906 3.4785497834 5.78930321547 1.105403889 1.0771379866 20.5245151449 22.616601299 23.6129104089 24.6503904289 0.825319022472 1.53619972121 3.98938953149 4.83731135209 5.56000852131 0.599797373686 0.372630074876 821.141154545 0.564448966341 0.832888882994 0.486232137057 1.46466794649 0.669912815036 0.400219783809 6.93051061167 7.15731471226 0.21256357541 9.07814705858 10.7784929557 1.77243955861 217.511335093 216.905163095 216.431190201 215.569910425 215.239646604 210.154957845 209.897470333
-9999.0 -9999.0 -9999.0 -9999.0 -9999.0 -9999.0 -9999.0 -9999.0 -9999.0 -9999.0 -9999.0 -9999.0 -9999.0 -9999.0 0.214655252224 0.488595325049 0.860345839873 7.58183864272 8.77142960667 1.19398371165 1.16993836988 1.15863852506 16.2057838645 18.4325411471 1.08745312926 1.1008541121 0.973833973975 3.99565554159 4.97856463102 2.5333046162 3.27028283894 22.3273706127 23.1762757211 24.4306601225 39.2773865445 860.706085168 0.561623725233 0.393004592563 2.24574632538 1.8595560099 0.243379533452 0.907919306944 1.16174731735 7.43014569773 7.65598187984 18.9820918218 10.9044144073 1.97134152396 222.624169772 2.07133111328 216.020202199 215.804960882 4.7681562308 0.150281731183 0.683609068563
-9999.0 -9999.0 -9999.0 -9999.0 -9999.0 -9999.0 -9999.0 -9999.0 -9999.0 -9999.0 -9999.0 -9999.0 -9999.0 -9999.0 1.07585947638 1.77255576978 3.75758779755 6.52917415797 9.52266024701 11.6827622043 12.8407799296 14.0053777429 15.137972457 1.1017203178 1.04525344162 2.06723767024 1.98928183537 1.02871477874 19.1397810998 20.1074072641 21.0216988445 21.8894966867 12.9763600976 13.8176265104 14.476387728 860.958282967 0.902447199485 1.24671412851 3.74441866286 0.372671316717 0.464539261888 0.22793702736 0.238591264193 1.37722428541 0.188613267784 0.200902460581 242.695011452 223.551811917 223.345893565 0.796854592398 1.78998789062 1.18632976656 0.301137052736 4.44935250122 1.30090791151
-9999.0 -9999.0 -9999.0 -9999.0 -9999.0 -9999.0 -9999.0 -9999.0 -9999.0 -9999.0 -9999.0 -9999.0 -9999.0 -9999.0 0.749745304069 0.706292019197 1.38614370377 2.09886826929 1.12392797315 1.25721499954 2.44367429209 3.62678173237 5.90091684204 7.02002681671 8.05848226374 11.186474097 12.1708197331 13.2186921325 0.981234922229 9.6665604667 10.5598478616 11.417337397 0.756988679249 0.464400807491 0.808217493186 875.899861131 876.144771876 877.591086103 4.74735474839 0.742323499825 0.9993352274 0.312403187938 0.42844900989 1.56891425971 1.92810445156 0.367693737439 243.575469943 0.262993628778 0.432153016128 0.491442366079 0.335454279141 0.655100690975 0.268866311805 2.82601074529 2.24287415099
-9999.0 -9999.0 -9999.0 -9999.0 -9999.0 -9999.0 -9999.0 -9999.0 -9999.0 -9999.0 -9999.0 -9999.0 -9999.0 -9999.0 -9999.0 0.673430598968 1.32835315553 0.658511288341 1.38089132063 8.57948337875 9.61185237643 10.7741924214 1.1308122996 1.13071275245 2.17235841143 3.23184692913 5.18099561419 6.18198630764 6.77980986422 7.72947329825 0.854723994267 0.827907069877 12.8168092301 13.248852777 13.5727108905 13.868960989 11.1554665302 889.953049362 896.579431593 896.870243089 898.13133688 899.462972257 900.100351707 0.189815666888 2.09970849616 243.758474994 0.450921714442 0.231178849455 0.199608630708 0.179625541455 0.325131964077 0.353930310584 0.202537196977 0.294997525911 0.289407085423
-9999.0 -9999.0 -9999.0 -9999.0 -9999.0 -9999.0 -9999.0 -9999.0 -9999.0 -9999.0 -9999.0 -9999.0 -9999.0 -9999.0 -9999.0 -9999.0 1.97142238151 2.66090409156 4.72635171263 6.39126293923 0.924154425526 12.911959354 14.0192687915 15.1002825678 1.06321795937 2.1047157319 0.967981597096 7.0970509942 7.64380801493 8.52416421374 9.49759193972 11.7978614278 12.142850611 0.223615738634 10.0587312278 10.6306581849 10.8807414127 12.1020857751 1.61775166364 1.05349311583 0.685650004912 0.610052087281 900.910679111 901.24863882 904.775783186 243.939774807 1.17729045578 0.563896189388 0.361941610939 0.132779328265 1.07470893353 0.587477907871 0.184210129158 1.00522166016 0.848138058011
-9999.0 -9999.0 -9999.0 -9999.0 -9999.0 -9999.0 -9999.0 -9999.0 -9999.0 -9999.0 -9999.0 -9999.0 -9999.0 -9999.0 -9999.0 -9999.0 0.700495818944 3.34557422671 4.07322898832 0.977748979295 1.18201649395 2.37797184577 3.5068600903 19.6978540589 1.06397535187 4.25524724035 5.2463067647 6.21638010804 0.590970447753 1.40659865858 1.91801163683 8.03311289006 9.04890303026 9.27714937512 0.280171958478 0.302886293318 0.382616137199 0.689751241602 0.315105174818 0.340971997142 0.587828364156 0.440411551369 0.524491309885 1.22302663262 905.090116616 1149.79510516 1.54740825389 0.3471727046 0.148114220616 3.41902791229 3.12983608245 1.86573191721 1.67620691044 1.26171551073 0.287743290455
-9999.0 -9999.0 -9999.0 -9999.0 -9999.0 -9999.0 -9999.0 -9999.0 -9999.0 -9999.0 -9999.0 -9999.0 -9999.0 -9999.0 -9999.0 0.589707910017 1.92595890077 0.634703603382 1.17098348799 1.26546815487 2.45429225569 3.62466646604 4.6114587547 24.9965289338 26.0283436471 1.05228497498 2.04044982376 3.0339894395 3.74218038373 4.57975791711 7.20667864984 7.74532745992 0.705189700391 0.512155517395 0.427284123041 0.33994567048 0.581395330356 0.556733901439 0.587525463212 0.653413359161 1.90626352035 0.765292298093 0.234787942728 0.22384971994 0.263722039439 0.502184420286 1160.35982772 8.76272146543 4.09533707655 0.273672898222 0.120189473023 0.109072316048 0.423700810531 0.308641055983 0.164088514001
-9999.0 -9999.0 -9999.0 -9999.0 -9999.0 -9999.0 -9999.0 -9999.0 -9999.0 -9999.0 -9999.0 -9999.0 -9999.0 -9999.0 0.618207227871 1.19794437182 4.32589254832 0.599209342801 2.08362553081 3.33441866026 4.52781371705 1.2051494608 2.30294863126 3.16390350341 29.8483809235 1.01677925411 1.9679912199 2.93175146191 0.916024977404 1.82529255964 2.51352193385 3.08385777983 60.264867298 61.2993996801 62.4011300539 66.4880970265 67.8219343082 70.7302926967 1.3518716797 2.79260612405 2.56889225956 80.7771313162 81.2594150203 0.210110152467 0.417868959705 0.616409661383 1160.52623138 8.15336931875 3.71527517952 3.57001612985 2.83852874838 2.5063294588 0.563358995636 0.127064805463 0.268785477912
-9999.0 -9999.0 -9999.0 -9999.0 -9999.0 -9999.0 -9999.0 -9999.0 -9999.0 -9999.0 -9999.0 -9999.0 -9999.0 -9999.0 0.626428084711 1.90364915302 6.85533771514 10.0795927219 0.52761508561 13.2040201451 18.3965472756 1.15271003568 2.24053610789 3.17703945695 38.8589614712 39.5932459238 0.841051123046 4.62203045282 5.44738638033 6.22803126702 53.8298136757 55.6503278803 56.5727496166 0.453345132973 2.70613287872 3.2956465829 1.31583770296 1.90436868514 73.3779337818 77.0055939774 77.4800986579 77.9282757581 81.8131135616 0.270394522221 0.241557750415 1.05078179574 1160.73267926 0.194403701668 0.208606675238 0.609020089959 0.222040166449 2.28885456244 1.78606104064 1.0501935929 0.774488948534
-9999.0 -9999.0 -9999.0 -9999.0 -9999.0 -9999.0 -9999.0 -9999.0 -9999.0 -9999.0 -9999.0 -9999.0 -9999.0 -9999.0 -9999.0 -9999.0 1.32403329701 2.65511209702 11.9222409722 12.5906357206 18.9798304377 19.6464280565 1.1303399027 2.25791100733 5.27577924322 40.1650329967 41.7702837396 42.4500203242 0.564266143394 45.0106805084 46.8977434896 1.1407542047 0.435252269394 0.865488810191 1.67033863796 0.399377711176 0.805796621985 1.79082018148 2.2460011848 0.420900451759 0.296524178096 0.5906718122 84.0741355791 84.9976132035 85.2102035671 86.796641284 1160.92347826 0.13076199853 0.15960788384 0.176347457233 0.172072582472 0.175817541438 0.155125130896 0.292510688932 0.092785194032
-9999.0 -9999.0 -9999.0 -9999.0 -9999.0 -9999.0 -9999.0 -9999.0 -9999.0 -9999.0 -9999.0 -9999.0 -9999.0 -9999.0 -9999.0 -9999.0 0.687720056993 0.670550219142 0.660549207694 1.33926195762 0.582682920838 20.8066895224 21.4175244334 1.01116582324 2.06259151057 0.989818897584 0.801309591094 0.777926426927 43.8902422958 0.628730505896 1.26495507676 0.595840180138 0.473903047522 0.406937370825 0.327453191816 0.339002064116 1.03631450772 1.41524776483 0.284523880551 0.251640835993 0.540132320596 0.887313802585 1.17818447935 0.428669003627 85.519868893 87.0154831525 1161.0613355 0.736538226668 0.471139487131 0.114313904115 0.266862323728 0.0966650591406 0.0765872136272 0.375556392746 0.511686400243
-9999.0 -9999.0 -9999.0 -9999.0 -9999.0 -9999.0 -9999.0 -9999.0 -9999.0 -9999.0 -9999.0 -9999.0 -9999.0 -9999.0 -9999.0 -9999.0 -9999.0 -9999.0 0.66302004514 1.94069764769 2.46708578 3.03107373618 21.9769214483 22.5487845194 23.1380416383 23.8903280133 24.651215938 26.2106700091 26.8157137394 27.4168232406 27.9318927937 0.43323388918 0.411485330967 0.416055281383 1.43658557751 0.372220298034 0.357926952663 0.292013550356 0.8519586649 0.321971607837 0.259430602579 0.242933445192 0.208488323024 0.416229581589 0.608477489572 88.277525491 1250.23695652 0.129178511547 0.271677670682 0.100907704317 0.373805432922 0.220118909543 0.154059196979 1.32744701032 0.875207006664
-9999.0 -9999.0 -9999.0 -9999.0 -9999.0 -9999.0 -9999.0 -9999.0 -9999.0 -9999.0 -9999.0 -9999.0 -9999.0 -9999.0 -9999.0 -9999.0 -9999.0 -9999.0 -9999.0 0.539012290061 4.35027087087 8.56691942658 9.15887192318 0.912792673756 1.92514618604 2.97736193172 3.88526880575 9.69793399617 10.1671870228 0.449957532954 0.444838697993 28.9824038854 29.8493938212 30.2250576611 1.72353719163 0.251563742499 0.624133718799 0.9169385849 2.76159813537 3.37549303614 3.87642187575 0.464600665073 0.656076525946 0.222262732804 0.442072776154 0.227127787445 1250.67361534 0.114370252801 0.496511813483 0.239127098403 0.735994001284 1.61574308382 1.83589752331 3.23167809856 1.16159711061
-9999.0 -9999.0 -9999.0 -9999.0 -9999.0 -9999.0 -9999.0 -9999.0 -9999.0 -9999.0 -9999.0 -9999.0 -9999.0 -9999.0 -9999.0 -9999.0 -9999.0 -9999.0 0.610117141561 1.95283196447 3.81931771232 4.98327643273 12.741821103 13.4898079757 2.15703519285 3.21438031803 4.16259587037 5.06739572966 10.7184243509 11.6648699923 21.1983916055 21.9689234454 22.5492068817 30.5814169418 33.2019289729 0.59881734902 0.392528923516 0.374645462224 0.722279664164 0.330209579651 4.51091655499 4.75197688623 0.880703545212 1.19298818343 0.409931684731 226.545809479 227.094857405 1478.04923751 1478.72393006 0.124888013674 0.997523158978 0.289547321156 0.258377700797 3.79281069588 5.10412091804
-9999.0 -9999.0 -9999.0 -9999.0 -9999.0 -9999.0 -9999.0 -9999.0 -9999.0 -9999.0 -9999.0 -9999.0 -9999.0 -9999.0 -9999.0 -9999.0 -9999.0 -9999.0 -9999.0 0.701060647518 0.683643164546 1.28360514885 3.03848765937 14.0676244665 1.09653069898 1.08630228887 2.0182255516 2.96650215716 7.40356443237 8.12248133526 0.518467979415 0.48776668873 23.0607257623 23.4213006124 57.0641643932 57.5006893046 0.227804260711 0.204173950723 0.179330811507 0.180860483133 0.198136736575 221.727197725 223.173278634 224.624661333 225.308457743 226.224280141 0.257127819062 0.960766155455 1.19620134084 1480.32884483 1480.43593937 1480.54105155 1480.80401237 1481.05566813 5.52150655473
-9999.0 -9999.0 -9999.0 -9999.0 -9999.0 -9999.0 -9999.0 -9999.0 -9999.0 -9999.0 -9999.0 -9999.0 -9999.0 -9999.0 -9999.0 -9999.0 -9999.0 -9999.0 -9999.0 -9999.0 0.619937341863 0.652623852038 1.20587671258 16.4206624455 17.0567341423 1.07418276635 2.00168627152 2.96295660481 3.76821862168 0.739322184288 1.38550571127 43.1151386622 43.5158628835 43.985522435 47.1260583968 105.03002701 212.525472493 213.062162416 213.562263929 214.044534664 216.08069955 216.731480172 1.2233254543 0.556476537117 0.323755195095 0.614136899165 0.47926992195 0.752301020321 0.238408359596 5.35355031719 5.93252953114 6.33396090854 6.45877868813 1481.19741206 1487.07217512
-9999.0 -9999.0 -9999.0 -9999.0 -9999.0 -9999.0 -9999.0 -9999.0 -9999.0 -9999.0 -9999.0 -9999.0 -9999.0 -9999.0 -9999.0 -9999.0 -9999.0 -9999.0 -9999.0 -9999.0 -9999.0 0.631686585248 1.20931444597 1.79135509495 17.552171802 0.750016048739 24.4932771122 25.4768909034 26.2448304543 26.933818512 40.4344968819 41.111735785 0.413451783576 2.2452795834 2.7653576283 0.417191427488 106.962122623 106.195182118 0.26372819694 0.588145013848 1.58699347801 0.348720946919 0.36776739414 0.283613493958 0.248817470064 0.201164099196 0.230432162155 4.58598172509 4.82510167056 5.10580287187 0.388502706534 0.269476552764 6.60811111035 6.75682947421 6.85456377051
-9999.0 -9999.0 -9999.0 -9999.0 -9999.0 -9999.0 -9999.0 -9999.0 -9999.0 -9999.0 -9999.0 -9999.0 -9999.0 -9999.0 -9999.0 -9999.0 -9999.0 -9999.0 -9999.0 -9999.0 -9999.0 0.570297100935 0.53427348005 2.77813844492 21.4908952768 22.8274668911 23.5704981808 0.939062625467 11.7434225634 12.4657359671 12.7986134966 0.618729403336 1.0996201067 1.50167413048 24.8909292394 25.2188676334 25.5142104755 105.640668333 63.3158540041 0.317419702409 0.337987029377 0.327261368224 0.271115335872 2.75402403202 3.3075813185 3.80150147587 4.07468220557 4.33904711703 29.8620092184 30.0768557908 30.3871345876 31.0184907888 33.8608108369 33.9841523971 40.9694716797
-9999.0 -9999.0 -9999.0 -9999.0 -9999.0 -9999.0 -9999.0 -9999.0 -9999.0 -9999.0 -9999.0 -9999.0 -9999.0 -9999.0 -9999.0 -9999.0 -9999.0 -9999.0 -9999.0 -9999.0 -9999.0 -9999.0 1.11542419352 1.70991030596 0.635714898982 1.08913955988 8.35197262118 9.31640904669 10.0314831464 5.03789507145 5.6990601332 6.37376737544 6.83330358644 24.1712758965 24.6023188071 15.8197292961 41.6941526239 42.0325450055 63.0444686878 0.680056143565 0.347782910275 0.260510106955 1.89302886084 2.22155303574 0.215690813775 0.202264263324 28.940198809 29.4285480555 29.6698055851 0.267043314245 0.42588093546 33.2918093699 0.273275615748 0.95543725008 1.05990273221
-9999.0 -9999.0 -9999.0 -9999.0 -9999.0 -9999.0 -9999.0 -9999.0 -9999.0 -9999.0 -9999.0 -9999.0 -9999.0 -9999.0 -9999.0 -9999.0 -9999.0 -9999.0 -9999.0 -9999.0 -9999.0 -9999.0 0.560555475912 1.10834221289 4.73440646724 5.4035243783 6.27619624185 3.63984314546 4.39710806368 0.652173596865 15.7595991314 16.3592844862 16.9253102921 0.462303808633 15.0127796182 15.4570594255 0.350574184714 61.2907961585 0.745607937711 0.370873135747 1.00912868731 1.35793690575 0.279865875729 0.236258550535 26.4793276497 28.4915123561 28.7741334993 0.290703467239 0.669533090405 0.846135585228 1.07386014839 2.04163078351 0.350060420429 0.784683779356 0.156144441779
