data/baseflow/History/mHMbfrc434
ncols                  80
nrows                 72
xllcorner      4374000.0
yllcorner      5656000.0
cellsize            500
NODATA_value       -9999
[rows 24 to 47 of 72, columns 0 to 53 of 80]
-9999.0 -9999.0 -9999.0 -9999.0 -9999.0 -9999.0 -9999.0 -9999.0 -9999.0 -9999.0 -9999.0 -9999.0 1.034904944 2.92854213874 3.84972888205 6.61793652201 0.812634849274 1.63815925597 2.42540453399 9.51977163127 10.2251975726 10.8295447461 11.4291388773 12.0067497871 18.3261920285 19.952573114 20.8323408687 0.381183092496 2.01001725042 2.35695071053 39.3118778919 40.8847388231 41.642780806 42.4386472066 43.0233696237 164.892930069 0.102436429841 321.842469608 0.391887382848 0.196268259738 2.77019877849 2.41527810486 0.387953777428 1.26508452463 1.86191676921 1.82477754476 1.247105612 2.10611888327 3.38442695234 1.30244042503 3.19020191975 0.303443825843 0.51338084432 0.0749383906021
-9999.0 -9999.0 -9999.0 -9999.0 -9999.0 -9999.0 -9999.0 -9999.0 -9999.0 -9999.0 -9999.0 -9999.0 0.988944530262 1.96001852092 0.932876956349 1.86655293538 0.846314345369 6.32954334771 7.92145091555 8.74908783671 0.735776786585 1.4636425265 13.8893601156 17.2758180701 17.8551908307 1.11972849635 0.957565034462 1.40145265613 0.308181391799 0.283036079453 0.526869894675 0.231828282908 20.4886940161 20.7861264795 20.9199882534 165.189895314 323.416049635 322.006995123 0.293418198174 0.149961967047 0.139425042326 0.767227591076 0.631316773136 1.61001942758 2.24695578005 4.4859764973 0.416690215853 0.414134693769 3.75769138935 4.14358093239 7.98927560854 8.16515821496 8.75103660862 8.88731526363
-9999.0 -9999.0 -9999.0 -9999.0 -9999.0 -9999.0 -9999.0 -9999.0 -9999.0 -9999.0 -9999.0 -9999.0 -9999.0 0.956038720145 1.90695969291 2.85805718296 4.60965576533 0.879801053079 0.80837728403 5.53251964914 6.26956091165 12.5031965391 13.2686754326 2.20115060735 0.631550268579 0.528561922948 0.471248845774 18.841461502 19.1708883048 19.4871634949 19.7404972544 20.2182824979 3.16563447658 3.32936383268 24.3611226914 513.147452741 1.14118128492 0.832574053889 0.446795038539 0.127640570168 0.114274547291 1.02348090352 1.10426280941 1.84941573534 0.130317486971 4.67871322525 0.709439784959 0.698206195528 0.132815646774 0.0765800688931 0.0600100650015 0.0556057663349 0.0589856760475 8.96836984503
-9999.0 -9999.0 -9999.0 -9999.0 -9999.0 -9999.0 -9999.0 -9999.0 -9999.0 -9999.0 -9999.0 -9999.0 -9999.0 -9999.0 0.930923479136 1.71637998084 2.41676546349 3.10914089117 3.91982847394 4.75048677895 2.37487925862 3.98661805989 0.757371144644 0.740716246687 15.8958604678 17.2678532244 17.8474306328 18.4413924859 0.395912845532 0.715508397669 2.06289620173 2.47144440699 2.85607530443 0.216152785507 0.113566290084 513.785954052 0.27984282406 0.249296250185 0.1236965448 0.568036043821 0.281670742294 0.110748668041 3.05794340469 3.13518587744 0.0651734977847 4.74865366598 5.52351326281 0.775345655849 110.187394314 109.994507174 109.849618148 109.590638002 109.485481682 107.809196593
-9999.0 -9999.0 -9999.0 -9999.0 -9999.0 -9999.0 -9999.0 -9999.0 -9999.0 -9999.0 -9999.0 -9999.0 -9999.0 -9999.0 0.206645585517 0.453555921955 0.700946343579 6.79554764649 7.62739098823 0.839715438643 0.789488048611 0.806758501902 12.9923895234 14.5317880729 0.729304188343 0.745220497575 0.603439697514 2.47890199763 3.0653725754 1.28255311939 1.74047316215 14.1777741923 14.6098794571 15.1691359791 23.5100750734 537.493716985 0.247935771236 0.0951336055949 0.87909903844 0.735607923607 0.098354047977 0.31073755899 0.402578124466 3.22541834906 3.29593805956 9.02329749636 5.59950523381 0.925559653567 112.083846743 0.564768952842 109.725459993 109.661322805 1.57598552615 0.143688705651
-9999.0 -9999.0 -9999.0 -9999.0 -9999.0 -9999.0 -9999.0 -9999.0 -9999.0 -9999.0 -9999.0 -9999.0 -9999.0 -9999.0 1.0078819264 1.67603701458 3.42838312629 5.99173701186 8.26363545961 9.8834715285 10.6928280018 11.5025051907 12.2819254482 0.758279976628 0.638970903625 1.28433943933 1.23670268977 0.646099007252 12.2736197113 12.8460099209 13.3629382527 13.8636137875 7.64659670882 7.93458766051 8.21242970081 537.664552456 0.462885260256 0.215081243076 1.24639932383 0.175490347965 0.179244557723 0.0921219398693 0.0861858505895 0.484346904685 0.0589771324745 0.0613889848608 121.437570608 112.366548686 112.30425326 0.242031729034 0.50318038855 0.328623505485 0.0766370181995 1.37073555295
-9999.0 -9999.0 -9999.0 -9999.0 -9999.0 -9999.0 -9999.0 -9999.0 -9999.0 -9999.0 -9999.0 -9999.0 -9999.0 -9999.0 0.689887293644 0.66205400721 1.30751681219 1.95639817528 0.845082356646 0.929502331964 1.76624154813 2.578819811 4.12694648368 4.90104283502 5.53921707137 7.46269547341 8.00602246837 8.66100659563 0.566763973291 5.87835662322 6.36855927199 6.84487733264 0.392993268194 0.287659441396 0.497765775946 546.448789647 546.608870165 547.324322736 1.79028113024 0.382048928201 0.275460122662 0.0731752926089 0.150758660933 0.550803795608 0.664698815634 0.109837926236 121.695131237 0.0748548112931 0.124404948216 0.141530758027 0.0950086826541 0.190700125702 0.0775127839417 0.911228271962
-9999.0 -9999.0 -9999.0 -9999.0 -9999.0 -9999.0 -9999.0 -9999.0 -9999.0 -9999.0 -9999.0 -9999.0 -9999.0 -9999.0 -9999.0 0.644527951518 1.2598612398 0.584868611954 1.19299072803 7.52450545183 8.25680770685 9.02085975719 0.767802239132 0.769433453431 1.42535311569 2.08867445071 3.18945260475 3.79810365125 4.22019909002 4.76337434669 0.45164292706 0.433370751465 7.4374705681 7.71237863234 7.91784987869 8.11191733726 6.95376503007 555.071794226 557.921672742 558.09642727 558.529053723 559.095738583 559.293320898 0.0505531481226 0.716858590565 121.740488346 0.105217921753 0.0538702789679 0.0566971362964 0.0579571879544 0.105533928141 0.112038990942 0.0644925758939 0.10061963057
-9999.0 -9999.0 -9999.0 -9999.0 -9999.0 -9999.0 -9999.0 -9999.0 -9999.0 -9999.0 -9999.0 -9999.0 -9999.0 -9999.0 -9999.0 -9999.0 1.86804067584 2.48104859028 4.30782228511 5.69142555595 0.718997939511 10.6117374293 11.3609427103 12.0547218164 0.657952186446 1.27992798882 0.522564417091 4.18368125945 4.58136305416 5.10780053917 5.59588748287 6.87867146526 7.11443341118 0.161200134666 6.22120799429 6.60038395415 6.77394167094 7.57849178357 0.893385800963 0.518885740705 0.286460824014 0.284073098862 559.488164558 559.547648342 560.69252142 121.778754414 0.297427835944 0.156804967539 0.103509696463 0.0384109910177 0.335959330525 0.182385411428 0.0563318394713 0.31937206996
-9999.0 -9999.0 -9999.0 -9999.0 -9999.0 -9999.0 -9999.0 -9999.0 -9999.0 -9999.0 -9999.0 -9999.0 -9999.0 -9999.0 -9999.0 -9999.0 0.632048052327 3.09838068458 3.73548354666 0.768435929212 0.815336433384 1.66263733731 2.45556479692 15.2436402674 0.656898264983 2.61677912518 3.17822106244 3.70860957536 0.403902368517 0.89807958341 1.24933169862 4.92878005721 5.50897300125 5.68438468386 0.192907591006 0.195649495603 0.240794689108 0.44583736277 0.200972257085 0.21115890966 0.220251443361 0.263054787613 0.226107919395 0.386915124733 560.759831583 682.697438391 0.35424375553 0.12355921143 0.0369712367405 1.06364616289 0.980133593884 0.587279700316 0.529944282445 0.400163854475
-9999.0 -9999.0 -9999.0 -9999.0 -9999.0 -9999.0 -9999.0 -9999.0 -9999.0 -9999.0 -9999.0 -9999.0 -9999.0 -9999.0 -9999.0 0.57086250753 1.76263343336 0.568285412128 0.850811884139 0.892997938143 1.6891484511 2.4977848588 3.1610366769 18.9383024896 19.5733396906 0.650677597357 1.22103096012 1.8075928485 2.28196304152 2.78540730649 4.39873411099 4.71194794788 0.352837102343 0.29130626707 0.246100783911 0.159929481956 0.217132252147 0.258667717603 0.251270324102 0.398335328745 0.69560181892 0.341526673701 0.0582346754952 0.0559880435792 0.0558116859985 0.10511079237 686.137822624 2.91683151285 1.24668921021 0.097590791116 0.0467589100119 0.0342185829579 0.129163009888 0.0918381772704
-9999.0 -9999.0 -9999.0 -9999.0 -9999.0 -9999.0 -9999.0 -9999.0 -9999.0 -9999.0 -9999.0 -9999.0 -9999.0 -9999.0 0.607735628486 1.159466676 4.04142396787 0.540841897398 1.55171522929 2.4270301289 3.23448350224 0.826060619035 1.54930277974 2.16529647944 22.2208539022 0.619487170623 1.15382595487 1.67797537362 0.525569808001 1.04430027932 1.38725850008 1.69363788858 39.0404891888 39.5193904851 39.9142724005 41.2129747063 41.8659118692 42.9510413886 0.309107513054 0.793842248603 0.801033104685 45.8627824762 45.9740999048 0.0515816511008 0.0938230105483 0.134310579099 686.186702148 2.63149215586 1.25985071697 1.19923055111 0.913864683316 0.778440062741 0.170937266021 0.0395149379323
-9999.0 -9999.0 -9999.0 -9999.0 -9999.0 -9999.0 -9999.0 -9999.0 -9999.0 -9999.0 -9999.0 -9999.0 -9999.0 -9999.0 0.615553038313 1.85887272782 6.50275980387 9.61880539598 0.474024573575 12.4504110074 16.2263262737 0.78173629126 1.49905061844 2.14908499096 28.277650486 28.7620534054 0.399317097608 2.4659829954 2.85254917661 3.2871678044 35.9266330262 36.7149800101 37.0923888331 0.174390921373 0.981932378831 1.15345420031 0.419485299759 0.576192568668 43.7767436677 44.7949852853 44.9036186853 45.0036311547 46.0814557587 0.0524559542197 0.0456163032985 0.216817099438 686.228964764 0.0618118512197 0.0791521988978 0.23525848138 0.0899679456931 0.700972586457 0.54773031298 0.323251216184
-9999.0 -9999.0 -9999.0 -9999.0 -9999.0 -9999.0 -9999.0 -9999.0 -9999.0 -9999.0 -9999.0 -9999.0 -9999.0 -9999.0 -9999.0 -9999.0 1.27922507464 2.56719864137 11.3311108904 11.9354025765 16.7486649031 17.2967481617 0.755624835541 1.5105625136 3.46900251138 29.1632143715 30.0065197286 30.3109904068 0.215407832349 31.4437246167 32.2709400902 0.486462756907 0.177556224162 0.352093609865 0.669431349235 0.154824580233 0.292037012608 0.613764162135 0.738102307568 0.133205248577 0.0849580924664 0.161664298311 46.8415619713 47.1033832152 47.1429091672 47.4723250323 686.266387058 0.047371637793 0.0566966805412 0.0658529317041 0.0647066830489 0.0663538530591 0.0579043264337 0.109039113675
-9999.0 -9999.0 -9999.0 -9999.0 -9999.0 -9999.0 -9999.0 -9999.0 -9999.0 -9999.0 -9999.0 -9999.0 -9999.0 -9999.0 -9999.0 -9999.0 0.666238546225 0.650368479824 0.620078110907 1.20429218091 0.502897123498 18.3064119296 18.8021880293 0.678465036407 1.35234593276 0.560172296921 0.402666893368 0.385308511502 30.9805409893 0.279354623555 0.559520129434 0.265596439418 0.199041809146 0.16330069904 0.118559436394 0.124114960442 0.376370488375 0.517882380124 0.093615057309 0.0795417403506 0.171500975068 0.288435439512 0.478609865904 0.169523907835 47.2123536388 47.5108370279 686.291796262 0.241498929229 0.141885800149 0.0400449777727 0.0986160040889 0.0345450518092 0.028028838908 0.139093191322
-9999.0 -9999.0 -9999.0 -9999.0 -9999.0 -9999.0 -9999.0 -9999.0 -9999.0 -9999.0 -9999.0 -9999.0 -9999.0 -9999.0 -9999.0 -9999.0 -9999.0 -9999.0 0.638199389953 1.77737964329 2.25718708198 2.74963657571 19.2851588162 19.7772638047 20.2464923672 20.7604258599 21.132201965 21.9041843983 22.1699494945 22.4319081441 22.6419409157 0.17960379527 0.163336598952 0.166606993661 0.54155503859 0.140904165739 0.130684966226 0.100015016979 0.284409166201 0.107975691571 0.080789052249 0.0747307106665 0.0654720192429 0.130655756815 0.185790858326 47.8730171135 734.43410677 0.0496934057249 0.0826439466648 0.0338445693085 0.135512547316 0.0745135009136 0.0562936112843 0.436029984908
-9999.0 -9999.0 -9999.0 -9999.0 -9999.0 -9999.0 -9999.0 -9999.0 -9999.0 -9999.0 -9999.0 -9999.0 -9999.0 -9999.0 -9999.0 -9999.0 -9999.0 -9999.0 -9999.0 0.525469928794 4.18495841381 8.05279302072 8.54028983921 0.680946086913 1.35237293384 2.03790089223 2.53162045184 6.07652356417 6.28247556973 0.197051902911 0.186392611024 23.008208533 23.3247465761 23.4707681865 0.637541129446 0.0759632694238 0.189920452815 0.281469957207 0.865515357714 1.06677614871 1.2188940881 0.139229103553 0.192716329054 0.0634385143875 0.124700662632 0.063595945511 734.538702608 0.0330238573059 0.15356935993 0.0619426577542 0.222408269382 0.471528600299 0.54806428746 1.00681414854
-9999.0 -9999.0 -9999.0 -9999.0 -9999.0 -9999.0 -9999.0 -9999.0 -9999.0 -9999.0 -9999.0 -9999.0 -9999.0 -9999.0 -9999.0 -9999.0 -9999.0 -9999.0 0.590402292737 1.88603997627 3.67621688663 4.7886868012 11.9202911257 12.5041925064 1.42275025289 2.09161031245 2.67859364556 3.16838457573 6.52480868047 6.9398888445 12.6191200075 13.1480272452 13.3218920549 23.5988100859 24.5087130189 0.18406586283 0.124230070617 0.115811381198 0.215281953774 0.0966019096348 1.40948502573 1.48063806721 0.25245496578 0.38424235847 0.0828085555307 142.743731093 142.870809695 877.459292389 877.652412448 0.0439429025852 0.316095391464 0.0557422230095 0.0375144905784 1.08222938934
-9999.0 -9999.0 -9999.0 -9999.0 -9999.0 -9999.0 -9999.0 -9999.0 -9999.0 -9999.0 -9999.0 -9999.0 -9999.0 -9999.0 -9999.0 -9999.0 -9999.0 -9999.0 -9999.0 0.675558501941 0.650619279765 1.22342979364 2.87911424562 13.0249424941 0.730176753659 0.722910380383 1.24647110966 1.85323684132 4.52973202972 4.8905096584 0.358917022485 0.347035382227 13.5373124383 13.6577287779 38.3069288251 38.4279038815 0.0601181170426 0.0531786528638 0.0435184279538 0.043894561532 0.0509156149328 141.110597048 141.548593479 142.09472568 142.342082687 142.634659496 0.0692449821773 0.252319405416 0.290170509211 878.028401656 878.04561165 878.134892242 878.261867748 878.391839395
-9999.0 -9999.0 -9999.0 -9999.0 -9999.0 -9999.0 -9999.0 -9999.0 -9999.0 -9999.0 -9999.0 -9999.0 -9999.0 -9999.0 -9999.0 -9999.0 -9999.0 -9999.0 -9999.0 -9999.0 0.591645253714 0.621978972962 1.14072435895 15.2434387025 15.7513003405 0.711207824652 1.24785429889 1.87092836775 2.36138848491 0.438530786304 0.79585357273 34.564711602 34.7218256279 34.9629216507 36.4860373942 75.112325741 138.311761593 138.470392947 138.606482671 138.739181015 139.358147138 139.561335784 0.357763909877 0.155568014629 0.0945827001443 0.176587926724 0.125138710994 0.199662217227 0.0603982794497 1.47681009531 1.59127195668 1.70385565888 1.72323203761 878.412098054
-9999.0 -9999.0 -9999.0 -9999.0 -9999.0 -9999.0 -9999.0 -9999.0 -9999.0 -9999.0 -9999.0 -9999.0 -9999.0 -9999.0 -9999.0 -9999.0 -9999.0 -9999.0 -9999.0 -9999.0 -9999.0 0.602172703367 1.14492801584 1.69233021223 16.2018508828 0.526456653423 21.9358077656 22.577109017 23.0321922112 23.4427777742 33.0392274171 33.4286946979 0.167097634991 1.10106691834 1.30277958808 0.148007491124 63.0499358788 62.7807852096 0.0772723723145 0.181832860205 0.495038474461 0.111312661348 0.11513382349 0.0783799209935 0.0651757311123 0.051108554025 0.0585109515882 1.2991428242 1.35909476943 1.4318845369 0.0834484318852 0.0888420649198 1.76689261108 1.78903108199
-9999.0 -9999.0 -9999.0 -9999.0 -9999.0 -9999.0 -9999.0 -9999.0 -9999.0 -9999.0 -9999.0 -9999.0 -9999.0 -9999.0 -9999.0 -9999.0 -9999.0 -9999.0 -9999.0 -9999.0 -9999.0 0.546006912842 0.503527538367 2.62124510973 19.8424873435 20.8712290632 21.3823910983 0.52990641633 8.5162367422 8.95532301145 9.20583888608 0.370501516862 0.558309851694 0.700321051389 14.5203598841 14.6380335274 14.7353579125 62.6120538089 38.9291728135 0.099186757917 0.106775372572 0.101876305237 0.0772666336988 0.815965952723 0.964911432531 1.09557077927 1.16711503707 1.23583187382 12.5500342794 12.5991512336 12.7200781661 13.040899518 13.7205326247 13.7396692567
-9999.0 -9999.0 -9999.0 -9999.0 -9999.0 -9999.0 -9999.0 -9999.0 -9999.0 -9999.0 -9999.0 -9999.0 -9999.0 -9999.0 -9999.0 -9999.0 -9999.0 -9999.0 -9999.0 -9999.0 -9999.0 -9999.0 1.05899655099 1.61469440777 0.531057122471 0.728502307619 6.70809341516 7.25309831143 7.6030689654 2.95810831489 3.26236500503 3.58165228144 3.77145538133 14.2560317876 14.4294041028 8.62130426402 23.4794194354 23.5915635341 38.8510713568 0.21168869206 0.108051193349 0.074027819071 0.570552425432 0.666409876132 0.0530393574055 0.0488818923592 12.3339811102 12.4509965395 12.5053319468 0.130475493486 0.218463160467 13.6486088689 0.0345737937019 0.116587123318
-9999.0 -9999.0 -9999.0 -9999.0 -9999.0 -9999.0 -9999.0 -9999.0 -9999.0 -9999.0 -9999.0 -9999.0 -9999.0 -9999.0 -9999.0 -9999.0 -9999.0 -9999.0 -9999.0 -9999.0 -9999.0 -9999.0 0.527088210183 1.04094900655 4.25434319815 4.80051069488 5.38998372134 2.27336188024 2.65418775632 0.315158085523 9.80687870007 10.076276943 10.3184360404 0.193334304152 8.30339998223 8.48511768966 0.121884100478 38.292195174 0.247511177553 0.124466377224 0.312337639564 0.420803822665 0.0775822401098 0.0631407258786 11.7088487575 12.2296260592 12.2975839673 0.073227221406 0.154201205101 0.196435011107 0.240028550479 0.48460715418 0.0438479699102 0.0952834049419
