data/baseflow/History/mHMbfrc278
ncols                  80
nrows                 72
xllcorner      4374000.0
yllcorner      5656000.0
cellsize            500
NODATA_value       -9999
[rows 0 to 23 of 72, columns 0 to 54 of 80]
-9999.0 -9999.0 -9999.0 -9999.0 -9999.0 -9999.0 -9999.0 -9999.0 -9999.0 -9999.0 -9999.0 -9999.0 1.20640927286 0.810787379011 -9999.0 -9999.0 -9999.0 -9999.0 -9999.0 -9999.0 -9999.0 -9999.0 -9999.0 -9999.0 -9999.0 -9999.0 -9999.0 -9999.0 -9999.0 -9999.0 -9999.0 -9999.0 -9999.0 -9999.0 -9999.0 -9999.0 -9999.0 -9999.0 -9999.0 -9999.0 -9999.0 -9999.0 -9999.0 -9999.0 -9999.0 -9999.0 -9999.0 -9999.0 -9999.0 -9999.0 -9999.0 -9999.0 -9999.0 -9999.0 -9999.0
-9999.0 -9999.0 -9999.0 -9999.0 -9999.0 -9999.0 -9999.0 -9999.0 -9999.0 -9999.0 -9999.0 -9999.0 2.41737734774 4.84630996715 0.659805275991 -9999.0 0.488837854067 -9999.0 -9999.0 -9999.0 -9999.0 -9999.0 -9999.0 -9999.0 -9999.0 -9999.0 -9999.0 -9999.0 -9999.0 -9999.0 -9999.0 -9999.0 -9999.0 -9999.0 -9999.0 -9999.0 -9999.0 -9999.0 -9999.0 -9999.0 -9999.0 -9999.0 -9999.0 -9999.0 -9999.0 -9999.0 -9999.0 -9999.0 -9999.0 -9999.0 -9999.0 -9999.0 -9999.0 -9999.0 -9999.0
-9999.0 -9999.0 -9999.0 -9999.0 -9999.0 -9999.0 -9999.0 -9999.0 -9999.0 -9999.0 1.15619174251 1.12320766166 1.16221251865 1.1469056796 6.99933770497 7.72788907835 1.32100313485 0.413151485524 -9999.0 -9999.0 -9999.0 -9999.0 -9999.0 -9999.0 -9999.0 -9999.0 -9999.0 -9999.0 -9999.0 -9999.0 -9999.0 -9999.0 -9999.0 -9999.0 -9999.0 -9999.0 -9999.0 -9999.0 -9999.0 -9999.0 -9999.0 -9999.0 -9999.0 -9999.0 -9999.0 -9999.0 -9999.0 -9999.0 -9999.0 -9999.0 -9999.0 -9999.0 -9999.0 -9999.0 -9999.0
-9999.0 -9999.0 -9999.0 -9999.0 -9999.0 -9999.0 -9999.0 -9999.0 -9999.0 1.13962698362 2.28471274195 4.54222271154 2.26767132973 1.11254495572 2.15597407538 8.75121663485 11.1185408696 0.493059279101 -9999.0 1.08866350705 -9999.0 -9999.0 -9999.0 -9999.0 0.910098243983 0.464146282002 -9999.0 -9999.0 -9999.0 -9999.0 -9999.0 -9999.0 -9999.0 -9999.0 -9999.0 -9999.0 -9999.0 -9999.0 -9999.0 -9999.0 -9999.0 -9999.0 -9999.0 -9999.0 -9999.0 -9999.0 -9999.0 -9999.0 -9999.0 -9999.0 -9999.0 -9999.0 -9999.0 -9999.0 -9999.0
-9999.0 -9999.0 -9999.0 -9999.0 -9999.0 -9999.0 -9999.0 -9999.0 1.21875875611 3.52900948908 4.60593729503 5.69451926175 7.85445846954 1.02398255346 4.14929402335 5.12781892289 17.6905468259 0.825974600911 0.926359695031 2.06966847995 3.02340655676 0.979914332415 -9999.0 2.4420811667 2.01297406836 0.57626575906 -9999.0 -9999.0 -9999.0 -9999.0 -9999.0 -9999.0 -9999.0 -9999.0 -9999.0 -9999.0 -9999.0 -9999.0 -9999.0 -9999.0 -9999.0 -9999.0 -9999.0 -9999.0 -9999.0 -9999.0 -9999.0 -9999.0 -9999.0 -9999.0 -9999.0 -9999.0 -9999.0 -9999.0 -9999.0
-9999.0 -9999.0 -9999.0 -9999.0 -9999.0 -9999.0 1.22985969956 1.16662969109 1.12482331927 1.13733831033 1.11995405222 7.95100030451 16.8779191185 17.9389818288 18.8646102273 0.901974945521 19.4826638703 20.4016556278 1.89746800383 0.973303885925 3.9653213082 6.84304239247 0.91975411093 5.19555875933 1.04189964674 0.984251282255 1.06763296989 -9999.0 -9999.0 -9999.0 -9999.0 -9999.0 -9999.0 -9999.0 -9999.0 -9999.0 -9999.0 -9999.0 -9999.0 -9999.0 -9999.0 -9999.0 -9999.0 -9999.0 -9999.0 -9999.0 -9999.0 -9999.0 -9999.0 -9999.0 -9999.0 -9999.0 -9999.0 -9999.0 -9999.0
-9999.0 -9999.0 -9999.0 -9999.0 -9999.0 -9999.0 2.46312941975 3.66448217036 8.2978522289 11.6276722012 1.02893487355 1.05910442784 0.999152215811 2.93221033151 22.7018563919 0.867027657799 21.2811814603 24.8108705505 2.765286086 1.84103389451 7.728457346 0.932119954835 6.13977620961 1.89861044383 0.963707150247 1.92752752548 2.13442205186 1.09497330365 1.13659279801 1.12174764274 1.16363031896 2.33068073791 -9999.0 -9999.0 -9999.0 -9999.0 -9999.0 -9999.0 -9999.0 -9999.0 -9999.0 -9999.0 -9999.0 -9999.0 -9999.0 -9999.0 -9999.0 -9999.0 -9999.0 -9999.0 -9999.0 -9999.0 -9999.0 -9999.0 -9999.0
-9999.0 -9999.0 -9999.0 -9999.0 -9999.0 1.26380290194 2.50508673664 1.23433850003 2.3891946149 12.7898539963 14.9271235558 17.0606731622 53.6338778367 0.968140003363 23.6481417288 84.6664734181 85.3507652507 111.343346945 0.752562839099 2.71076358558 8.61719283883 0.883354090963 16.8392209916 9.77225071814 6.01208870119 5.04408420589 1.04949533408 3.29572664668 3.35002454485 2.23422056777 1.10391120739 3.45550447508 1.08807618927 1.0787147192 -9999.0 -9999.0 -9999.0 -9999.0 -9999.0 -9999.0 -9999.0 -9999.0 -9999.0 -9999.0 -9999.0 -9999.0 -9999.0 -9999.0 -9999.0 -9999.0 -9999.0 -9999.0 -9999.0 -9999.0 -9999.0
-9999.0 -9999.0 -9999.0 -9999.0 -9999.0 1.26365735849 3.74527112856 7.49270062668 8.66488281839 17.1926695792 18.2987488401 21.7017835503 35.5996723305 56.4498829453 58.3835301641 59.2824213926 1.6822046005 114.320295445 115.827345506 120.238396994 149.233346639 19.5208666006 17.7726847941 6.93792321494 0.935185858432 6.20204605842 4.25345415627 0.931198086174 4.34265452678 0.965510838839 2.05348135703 5.52929890493 6.5724875217 2.11321744782 1.04361023624 1.03701776412 -9999.0 -9999.0 -9999.0 -9999.0 0.551994074535 0.468907350107 -9999.0 -9999.0 -9999.0 -9999.0 -9999.0 -9999.0 -9999.0 -9999.0 -9999.0 -9999.0 -9999.0 -9999.0 -9999.0
-9999.0 -9999.0 -9999.0 -9999.0 -9999.0 1.24467350847 1.23563482255 4.9902785717 6.17124700052 7.37344754544 1.14699417248 2.28178627167 13.1022552085 2.24940261292 1.05871158003 0.990967443636 0.89019362812 0.963760107219 0.921975454798 0.938019368672 150.12280696 152.745731697 0.885236605253 2.74133224719 1.86534324476 7.11024388687 1.87178918269 0.914654576076 5.34544019481 1.90481668277 4.66249449037 11.6307005951 10.7399458952 3.13269408015 3.10212535222 1.05361838539 1.05377520416 -9999.0 -9999.0 1.09139945974 1.34857914183 2.7986617784 0.495965280403 -9999.0 -9999.0 -9999.0 -9999.0 -9999.0 -9999.0 -9999.0 -9999.0 -9999.0 -9999.0 -9999.0 -9999.0
-9999.0 -9999.0 -9999.0 -9999.0 -9999.0 -9999.0 1.26864053569 1.26219769038 2.50792682436 3.74977781335 8.54334990419 10.9014055877 12.05129735 1.17561463888 0.991677057732 13.0149769537 15.9362146991 16.8675607308 20.7043350489 21.6042955638 0.885917871028 153.632652107 158.088184853 3.57317630245 0.731385285183 7.95280759168 17.7793120446 7.11657059735 1.80628283987 0.907696785625 18.0996855699 12.561152374 0.92438694336 0.92466208171 4.05600044785 3.09030402852 1.0100603693 0.99326428231 1.03800770243 2.11620945911 1.01529973962 3.4035336056 4.40531323253 0.962769322856 -9999.0 -9999.0 -9999.0 -9999.0 1.03897027439 1.00472568784 0.305734806431 -9999.0 -9999.0 -9999.0 -9999.0
-9999.0 -9999.0 -9999.0 -9999.0 -9999.0 -9999.0 -9999.0 1.26512606022 1.19065673634 2.43886584792 3.63916658006 1.18571766727 1.09019381954 6.83670817924 8.92318027901 11.0499031265 0.992913180123 1.98168922654 0.96508060814 22.5227574293 49.1227967151 49.6208580982 209.277526576 0.873597946559 2.19522857667 0.711416913584 18.6247347004 0.876028572464 2.72123294842 0.898144379701 19.0051503307 19.9105434016 1.85479498091 1.85233539566 10.1362848406 5.09125825888 2.00583498303 1.01308373085 2.07329112749 3.14266599351 5.15056545941 0.985968604557 6.21174328784 6.9413225037 0.663890788734 0.707222980929 0.738427995392 0.680970151408 0.653094308515 2.89505680736 1.19265148344 0.803786058272 -9999.0 -9999.0 -9999.0
-9999.0 -9999.0 -9999.0 -9999.0 -9999.0 -9999.0 -9999.0 -9999.0 2.46803861712 3.63249991828 1.2013526868 2.42054643304 3.55162482258 5.80097070229 1.11923351643 1.09580984334 0.976265279244 0.983801443801 0.912909316783 24.7423243925 0.992323313557 1.95384972396 211.729355114 213.15343046 0.599819776806 3.42571793451 22.8359465562 1.71245010195 3.53577849168 1.68006257113 2.48158321873 23.4177720835 2.69829400292 14.6207905921 11.936453137 0.907327872116 4.92500387309 1.97293826147 3.03510196898 0.954220070042 6.07829084273 7.88362470141 8.51236088029 9.11607044251 9.45653681078 1.27113414298 1.3381218393 1.24821182194 1.18761321069 3.60982001862 0.7878517516 2.80515887602 3.55407503687 -9999.0 -9999.0
-9999.0 -9999.0 -9999.0 -9999.0 -9999.0 -9999.0 -9999.0 -9999.0 1.26289202857 6.13018171441 7.31564107657 1.18697267959 2.30674077238 1.11900628059 1.04993684432 1.03817501184 12.8290022396 16.9755512713 20.6591384322 24.2066744082 0.900823053655 0.974554385762 0.922248212381 216.850544748 218.149927871 218.681343136 30.4424600122 6.90969229716 6.07083049867 0.771135994898 3.27070824694 27.4926992312 0.823766970865 15.4493068628 0.901170708645 6.34934884697 5.89438333028 0.95102044813 3.99447442824 1.90963379039 2.85689091123 0.825669858556 0.598310334077 9.71409334793 10.2749578786 10.016242154 1.93450058199 1.82382401239 1.76925222113 4.43518564671 6.02334456618 0.793214243851 4.32132498276 0.798523647767 1.5300354763
-9999.0 -9999.0 -9999.0 -9999.0 -9999.0 -9999.0 -9999.0 -9999.0 -9999.0 1.25923062771 8.51871290108 9.68812927376 3.43220079701 5.66752300657 7.76121914228 8.80665316894 1.05134679631 3.16848940672 2.11322628662 1.06974325674 1.06041860333 1.00088486428 1.97839578825 3.20421761894 0.868708666629 250.55909293 251.169057823 0.572023539328 0.624876228458 1.5527880838 2.32348340442 29.8576426497 1.59612684508 16.1866109716 9.72726587913 8.02374586372 0.904129236323 1.84114198537 4.87957927998 0.884202400577 3.73236993277 1.68770320083 1.10149455254 0.508129942301 11.8377477719 22.3415972149 2.38616008042 2.29214436876 2.43207747353 0.693211803553 6.70575906661 0.67020620197 5.79716844128 0.72101797248 2.24794157508
-9999.0 -9999.0 -9999.0 -9999.0 -9999.0 -9999.0 -9999.0 -9999.0 -9999.0 -9999.0 1.16726557739 12.0318756066 1.12121929847 2.23563875595 3.25641206112 5.28557812886 1.03059960811 2.10868178158 1.04873713681 1.00740585822 0.975240900531 1.93419354349 0.897093345476 0.927172264104 1.62878265232 0.811732696193 251.773810348 252.897733908 254.761797317 2.98819781818 0.79081959284 1.57849187731 30.675948204 29.9322237045 11.4328473232 0.848802708706 3.62675461672 2.73074911909 5.76620781827 1.76764422296 7.1787093253 2.55867917462 1.8493882706 0.439441695283 0.536288035716 22.9431039764 23.4767552307 28.6486729531 4.56239361152 1.41247923335 7.42375119187 8.80221686924 15.2588904756 1.42891321579 0.677362214939
-9999.0 -9999.0 -9999.0 -9999.0 -9999.0 -9999.0 -9999.0 -9999.0 -9999.0 -9999.0 -9999.0 0.633870795247 13.4152652172 1.06651513218 2.06793551255 9.36915245117 1.02988272467 1.02313848885 0.94181808978 1.97926484201 0.97361881104 3.87239928189 5.65196115635 6.48981712627 2.38670148355 2.90752777596 0.551938774615 0.758997253459 0.719202562925 259.082581305 261.183126161 31.383156693 31.381171055 30.6598438118 1.55552907383 0.762235081093 4.44475318616 11.8682697008 6.60666285268 2.60261266856 10.6061065009 4.24213163851 3.44579624139 0.936154515649 0.392260733262 0.377972115685 0.416220483972 30.5327172261 36.9338270236 0.680099943003 0.632985759489 0.667837170235 15.901028201 17.9606655478 1.24621356799
-9999.0 -9999.0 -9999.0 -9999.0 -9999.0 -9999.0 -9999.0 -9999.0 -9999.0 -9999.0 -9999.0 0.59766647818 14.852459343 18.1578758067 1.01192491794 11.3860720132 0.97921737581 0.952659042289 1.90335559295 4.85506263832 0.95792741013 0.986336176957 0.88569282077 8.23994939173 9.08593226862 12.8639596806 14.1797007434 14.897850135 15.4667687128 16.2217304471 277.996028196 310.456880268 342.833792007 343.234532663 0.616902818741 0.752943571661 13.5078217156 12.6918313741 0.831285119158 0.822701505646 11.4053783806 16.4741490124 0.754450649105 7.95633677575 7.27767164961 1.86318812707 0.859289789897 1.37359863985 0.594055400446 37.9649309984 0.51100457608 1.80830873156 2.25647801626 21.6977968593 23.3916202586
-9999.0 -9999.0 -9999.0 -9999.0 -9999.0 -9999.0 -9999.0 -9999.0 -9999.0 -9999.0 -9999.0 1.18409794068 2.26649986364 19.2249998009 21.1472803973 0.960797051406 13.0288106123 0.864508968172 2.68184151444 5.74164452676 1.85910959428 0.898746940069 1.81098575853 0.789111947297 1.55692940199 0.785687905869 0.756348795295 0.683122262783 0.641467421142 0.601474980575 0.533629272101 0.592669317731 0.659836885717 0.728598789938 345.053059798 15.597421195 14.4421962638 0.460648135105 2.39291915814 0.641360685795 0.55103748022 17.2486210864 27.6027332903 8.79487565043 6.37260342855 1.06129068023 0.439464294089 0.414431675048 0.92059789071 39.4064816143 40.3698231877 0.496893697282 0.50157106594 0.506444908705 0.45920198346
-9999.0 -9999.0 -9999.0 -9999.0 -9999.0 -9999.0 -9999.0 -9999.0 -9999.0 -9999.0 -9999.0 -9999.0 1.04494563632 13.6175060932 35.7640680203 38.7644984973 52.6608360228 53.3099998632 12.7112567364 9.40923039394 2.768456484 0.891053096366 3.56359489617 4.40718646449 6.75988587864 1.59526874833 1.53754714749 1.47353911541 2.89555929177 1.37342005087 1.29547154792 0.69778499337 0.539539125305 0.521059231161 345.641521431 361.71363453 362.163110166 0.432904152227 6.12995475981 2.78903543544 0.816556824273 30.1174363373 1.75058522001 0.893012805273 3.71227762072 0.815326537381 0.639583523098 1.17031441597 1.64214001288 2.14369795319 41.2297916232 0.415070336754 0.374755889737 0.378023189605 0.323495268064
-9999.0 -9999.0 -9999.0 -9999.0 -9999.0 -9999.0 -9999.0 -9999.0 -9999.0 -9999.0 -9999.0 1.11595269339 10.3486867359 12.5587230012 2.03892420007 0.642168104447 1.46741421814 55.672472315 56.3856760841 69.7384356457 0.810107027334 1.69562293947 0.768355290564 0.776322921153 7.52733966012 9.88868565127 12.1630082891 0.729075352858 3.63320529926 5.73479397636 3.41730518737 1.41489857584 1.18924363703 1.05394134273 0.965509728045 0.441695728818 362.535089873 362.844345481 369.637428792 1.3980853136 0.738072540708 30.6116494733 1.8519257895 0.939780434666 0.991805066066 0.98609550959 0.910775331789 1.55882376252 4.48535299891 7.1508126356 48.7990141091 0.335710422411 1.00547863647 0.680308096063 0.599959933732
-9999.0 -9999.0 -9999.0 -9999.0 -9999.0 -9999.0 -9999.0 -9999.0 -9999.0 -9999.0 -9999.0 1.13242511237 7.09505579112 1.12117103541 1.00717299517 5.23641302343 6.14336682248 7.05792462524 7.91620553539 94.1985995318 94.9485989023 96.5020353664 107.882861151 110.102852486 111.360472101 112.13885509 125.837247911 127.69217261 128.430927462 134.943086259 139.136387672 139.853962941 142.378447932 1.74921800111 1.54874133678 0.390329423458 0.314924613237 363.192755544 371.889352846 1.93999181223 35.2638413961 34.5978946615 3.5584638963 0.871313345455 0.891464225763 0.870341929501 0.848984818772 1.70124979939 2.40717152094 0.641946537721 49.2007754035 49.6151816424 51.6649210417 52.017991719 52.9473040617
-9999.0 -9999.0 -9999.0 -9999.0 -9999.0 -9999.0 -9999.0 -9999.0 -9999.0 -9999.0 -9999.0 3.62967271747 4.81333559395 2.30142250937 3.37397318233 1.06264940626 12.0908070215 13.0294990988 14.8777764621 15.6847311362 6.16907315757 103.894448706 104.637146448 0.652405429024 0.479375146524 0.439464299511 0.981237408456 0.539126866477 0.471225983516 0.474865833177 0.517526545638 140.499645088 143.050498554 145.444773063 147.579321475 148.898499124 0.566588765098 0.216624921464 408.53874337 36.3412179091 35.9437219045 0.741614208194 0.717793343424 0.685664269436 1.61029338661 1.58758868664 0.740465905749 0.742907581532 0.683618206013 1.31769185688 1.75294172411 0.314648944411 0.587119324586 0.254273551867 0.192280189533
-9999.0 -9999.0 -9999.0 -9999.0 -9999.0 -9999.0 -9999.0 -9999.0 -9999.0 -9999.0 -9999.0 -9999.0 2.45243306394 1.17111248403 1.07884267636 10.2140487251 11.1708058623 0.962715747114 3.75225787951 4.63666700566 5.44463909301 0.859535428829 0.628536527106 15.3482641128 15.8643218839 16.3641774185 41.6497888636 42.0732642859 42.9122572381 46.326135937 48.7317999805 49.1489070657 0.455350971169 0.467053845151 0.467664543845 149.391091126 0.252384116616 414.442036328 414.07241245 5.2327610926 4.76327789978 2.9104102249 0.745582500643 1.36287778593 2.31774716442 2.29795651538 1.45798763018 0.724086329097 1.39804597254 1.36648503687 2.35930795293 0.392769659608 0.947865888062 1.58184332669 1.97595308639
