data/baseflow/History/mHMbfrc241
ncols                  80
nrows                 72
xllcorner      4374000.0
yllcorner      5656000.0
cellsize            500
NODATA_value       -9999
[rows 0 to 23 of 72, columns 0 to 54 of 80]
-9999.0 -9999.0 -9999.0 -9999.0 -9999.0 -9999.0 -9999.0 -9999.0 -9999.0 -9999.0 -9999.0 -9999.0 1.30782213018 0.859785058355 -9999.0 -9999.0 -9999.0 -9999.0 -9999.0 -9999.0 -9999.0 -9999.0 -9999.0 -9999.0 -9999.0 -9999.0 -9999.0 -9999.0 -9999.0 -9999.0 -9999.0 -9999.0 -9999.0 -9999.0 -9999.0 -9999.0 -9999.0 -9999.0 -9999.0 -9999.0 -9999.0 -9999.0 -9999.0 -9999.0 -9999.0 -9999.0 -9999.0 -9999.0 -9999.0 -9999.0 -9999.0 -9999.0 -9999.0 -9999.0 -9999.0
-9999.0 -9999.0 -9999.0 -9999.0 -9999.0 -9999.0 -9999.0 -9999.0 -9999.0 -9999.0 -9999.0 -9999.0 2.69589172664 5.35283023992 0.735750094852 -9999.0 0.529188050072 -9999.0 -9999.0 -9999.0 -9999.0 -9999.0 -9999.0 -9999.0 -9999.0 -9999.0 -9999.0 -9999.0 -9999.0 -9999.0 -9999.0 -9999.0 -9999.0 -9999.0 -9999.0 -9999.0 -9999.0 -9999.0 -9999.0 -9999.0 -9999.0 -9999.0 -9999.0 -9999.0 -9999.0 -9999.0 -9999.0 -9999.0 -9999.0 -9999.0 -9999.0 -9999.0 -9999.0 -9999.0 -9999.0
-9999.0 -9999.0 -9999.0 -9999.0 -9999.0 -9999.0 -9999.0 -9999.0 -9999.0 -9999.0 1.36858557817 1.32804181587 1.3697671634 1.32110634841 7.90738751845 8.78779882991 1.48054891917 0.467801515981 -9999.0 -9999.0 -9999.0 -9999.0 -9999.0 -9999.0 -9999.0 -9999.0 -9999.0 -9999.0 -9999.0 -9999.0 -9999.0 -9999.0 -9999.0 -9999.0 -9999.0 -9999.0 -9999.0 -9999.0 -9999.0 -9999.0 -9999.0 -9999.0 -9999.0 -9999.0 -9999.0 -9999.0 -9999.0 -9999.0 -9999.0 -9999.0 -9999.0 -9999.0 -9999.0 -9999.0 -9999.0
-9999.0 -9999.0 -9999.0 -9999.0 -9999.0 -9999.0 -9999.0 -9999.0 -9999.0 1.34097882711 2.69329702291 5.33995614705 2.65969958667 1.3009403065 2.55953396705 10.0514259036 12.7958371868 0.576739634687 -9999.0 1.35137923521 -9999.0 -9999.0 -9999.0 -9999.0 1.04910688796 0.526918872151 -9999.0 -9999.0 -9999.0 -9999.0 -9999.0 -9999.0 -9999.0 -9999.0 -9999.0 -9999.0 -9999.0 -9999.0 -9999.0 -9999.0 -9999.0 -9999.0 -9999.0 -9999.0 -9999.0 -9999.0 -9999.0 -9999.0 -9999.0 -9999.0 -9999.0 -9999.0 -9999.0 -9999.0 -9999.0
-9999.0 -9999.0 -9999.0 -9999.0 -9999.0 -9999.0 -9999.0 -9999.0 1.43107805436 4.1485652168 5.44651991134 6.74918375572 9.26357660212 1.24886219539 5.0219765353 6.26099678376 20.943638608 1.09229947553 1.26489828794 2.60970088186 3.83062617415 1.25239872798 -9999.0 2.91692932874 2.38910323273 0.707174691237 -9999.0 -9999.0 -9999.0 -9999.0 -9999.0 -9999.0 -9999.0 -9999.0 -9999.0 -9999.0 -9999.0 -9999.0 -9999.0 -9999.0 -9999.0 -9999.0 -9999.0 -9999.0 -9999.0 -9999.0 -9999.0 -9999.0 -9999.0 -9999.0 -9999.0 -9999.0 -9999.0 -9999.0 -9999.0
-9999.0 -9999.0 -9999.0 -9999.0 -9999.0 -9999.0 1.45261126672 1.37238053528 1.33674728412 1.34500411871 1.34000547183 9.42664649383 19.9810461525 21.267592876 22.4538687752 1.16459146524 23.2721487027 24.4823787823 2.5010181518 1.23052567711 5.03245590447 8.72331372784 1.20260040516 6.45886789335 1.31516162415 1.25115935562 1.35492930884 -9999.0 -9999.0 -9999.0 -9999.0 -9999.0 -9999.0 -9999.0 -9999.0 -9999.0 -9999.0 -9999.0 -9999.0 -9999.0 -9999.0 -9999.0 -9999.0 -9999.0 -9999.0 -9999.0 -9999.0 -9999.0 -9999.0 -9999.0 -9999.0 -9999.0 -9999.0 -9999.0 -9999.0
-9999.0 -9999.0 -9999.0 -9999.0 -9999.0 -9999.0 2.87640532513 4.25475256797 9.67163583336 13.6305942462 1.26210487051 1.28174048209 1.23836853677 3.66675931434 27.2990204749 1.1427810269 25.6678633612 30.2933709996 3.6476454606 2.39686354399 9.88759827072 1.21670310452 7.6722495167 2.50586838276 1.2711196135 2.50012164517 2.66445192395 1.29825394485 1.31982339985 1.31216619112 1.31614862649 2.6477697947 -9999.0 -9999.0 -9999.0 -9999.0 -9999.0 -9999.0 -9999.0 -9999.0 -9999.0 -9999.0 -9999.0 -9999.0 -9999.0 -9999.0 -9999.0 -9999.0 -9999.0 -9999.0 -9999.0 -9999.0 -9999.0 -9999.0 -9999.0
-9999.0 -9999.0 -9999.0 -9999.0 -9999.0 1.47734178854 2.90349889909 1.40711984129 2.75415099579 14.9879505342 17.5743400779 20.1398237424 62.7858049556 1.20672892151 28.5167266049 100.417714229 101.293312897 133.072842631 0.949724622798 3.57051586195 11.0611834056 1.17047566639 21.4741709895 12.6120453538 7.70942280231 6.44833033884 1.30500079477 3.89236454862 3.88714777225 2.60027003178 1.26727195843 3.94497523265 1.26761131601 1.26712206007 -9999.0 -9999.0 -9999.0 -9999.0 -9999.0 -9999.0 -9999.0 -9999.0 -9999.0 -9999.0 -9999.0 -9999.0 -9999.0 -9999.0 -9999.0 -9999.0 -9999.0 -9999.0 -9999.0 -9999.0 -9999.0
-9999.0 -9999.0 -9999.0 -9999.0 -9999.0 1.48441110843 4.36015056912 8.68453304462 10.0377131019 19.8891926473 21.2001655758 25.2293332581 41.4309390047 66.1388552134 68.5318360349 69.6435166763 2.21200894588 136.969775968 138.955842281 144.801251629 182.044692028 25.0102666709 22.6735863033 8.91019242379 1.19049329797 7.59857388193 5.1317507164 1.21860277586 5.07529349789 1.14461030809 2.36954453903 6.38343803882 7.60131755467 2.48758803198 1.21573510637 1.22647827227 -9999.0 -9999.0 -9999.0 -9999.0 0.606504092024 0.499942765934 -9999.0 -9999.0 -9999.0 -9999.0 -9999.0 -9999.0 -9999.0 -9999.0 -9999.0 -9999.0 -9999.0 -9999.0 -9999.0
-9999.0 -9999.0 -9999.0 -9999.0 -9999.0 1.46327016824 1.42139836906 5.7697016535 7.12789832454 8.51589068824 1.35871662511 2.70555034484 15.2673470911 2.68643791512 1.30733843143 1.26630555765 1.18624468919 1.26861442769 1.24139571389 1.24395250561 183.231900849 186.730780159 1.1597599735 3.53049127258 2.37535987877 8.78960513328 2.43886217024 1.204532713 6.28409863957 2.25926242825 5.4190780283 13.5195764907 12.5012278337 3.69902868015 3.65868997525 1.22071962803 1.22166689178 -9999.0 -9999.0 1.23677705396 1.45942758849 3.00339317798 0.52577591368 -9999.0 -9999.0 -9999.0 -9999.0 -9999.0 -9999.0 -9999.0 -9999.0 -9999.0 -9999.0 -9999.0 -9999.0
-9999.0 -9999.0 -9999.0 -9999.0 -9999.0 -9999.0 1.48311679309 1.46677082904 2.90405407272 4.32705836233 9.86814740527 12.6264233256 13.994205195 1.40796657317 1.24133094159 15.8536807816 19.5942987383 20.8215041085 25.7628018451 26.9663433331 1.18801583303 187.905458829 193.720527944 4.66339920954 1.01823585311 9.91651279248 22.1425040766 8.65074303533 2.28079357357 1.13650677554 21.1355114707 14.6534825133 1.13478666294 1.14355957357 4.81214410362 3.59475747588 1.18264815027 1.20698403808 1.1872885259 2.40875951798 1.17057996576 3.64916704925 4.81535433502 1.15874547072 -9999.0 -9999.0 -9999.0 -9999.0 1.25132690211 1.221497709 0.33770602469 -9999.0 -9999.0 -9999.0 -9999.0
-9999.0 -9999.0 -9999.0 -9999.0 -9999.0 -9999.0 -9999.0 1.48768750524 1.37129372112 2.79136127151 4.18786339763 1.39334821476 1.333754305 8.12041551688 10.7434412003 13.3789449394 1.25433107152 2.50818104752 1.23183910367 28.1577433222 61.0693780205 61.6851397338 257.446491082 1.16943008821 3.07872584867 1.00549000126 23.2890643544 1.12717052482 3.43096755255 1.13049957191 22.2567451039 23.3678111288 2.26635538978 2.26131853739 11.9153408699 5.94589208817 2.39568384902 1.19569646506 2.38209193429 3.58811616023 5.90364784892 1.16426810285 7.14967348639 8.31833470129 1.1072152191 1.15343372938 1.18971875655 1.12980343747 1.09780143925 3.60822814047 1.40469912714 0.932837542467 -9999.0 -9999.0 -9999.0
-9999.0 -9999.0 -9999.0 -9999.0 -9999.0 -9999.0 -9999.0 -9999.0 2.82631733671 4.17690345728 1.38936350059 2.7909769279 4.13005879603 6.8421240498 1.37366511508 1.34526469757 1.23490096074 1.25447309315 1.20172786454 30.5247474407 1.22555689931 2.43291448389 260.579561168 263.200155561 1.58216447029 6.17670440237 30.589987047 2.21744199161 4.48759490459 2.17082238144 3.21067032263 27.7357068019 3.32259859739 17.4079728021 14.0909854375 1.09047980003 5.82910768805 2.32253799005 3.51012964296 1.13841080397 7.05512377899 9.3469874596 10.3984841774 11.4163478298 12.5065868233 2.10451661049 2.19743374004 2.08954362947 2.01284608969 4.62219558662 1.01726486712 3.36759354567 4.32749346601 -9999.0 -9999.0
-9999.0 -9999.0 -9999.0 -9999.0 -9999.0 -9999.0 -9999.0 -9999.0 1.44175168171 7.02634535979 8.39865147526 1.37777778799 2.71997746942 1.34382073381 1.3087310624 1.28706882487 15.6932444114 20.9337807596 25.5786187575 29.8818622563 1.09642992623 1.21645104167 1.43104151324 268.587998399 271.226455865 272.652189673 41.0971412658 8.97512893725 7.80956066688 1.06078948963 4.24727364079 33.0281685659 1.04759745099 18.4626330261 1.08593137557 7.4724951284 6.96466082594 1.11917669657 4.62680680353 2.254357813 3.35865403836 1.11911376739 1.01416380764 12.4258021865 13.3732728311 13.4520671814 3.20035845024 3.06166234664 2.98431694296 5.65871072687 7.69383687841 1.01228689597 5.29565390611 0.992458655508 1.938635296
-9999.0 -9999.0 -9999.0 -9999.0 -9999.0 -9999.0 -9999.0 -9999.0 -9999.0 1.42963692418 9.78097614036 11.1469618879 4.06851033289 6.75372128131 9.35922546298 10.6568850147 1.29725605368 3.99943487554 2.64507527383 1.29742478923 1.29800389967 1.23909421458 2.49568921691 4.44222868783 1.67984345088 316.771226421 318.327223861 1.43363090902 1.03283568716 2.08662443109 3.09634935875 36.0723637507 2.04050609573 19.4381290754 11.5462440093 9.46965262363 1.08174556793 2.19119512326 5.68691821722 1.0531597308 4.39671445282 2.15419137043 1.88329859349 0.899237491568 16.0360338184 30.2860591945 3.94135649982 3.82611806653 3.88508166873 0.899997722225 8.59366665163 0.890194487733 7.19399591022 0.920866355335 2.87146005803
-9999.0 -9999.0 -9999.0 -9999.0 -9999.0 -9999.0 -9999.0 -9999.0 -9999.0 -9999.0 1.34663575018 13.8595986385 1.34866681357 2.69244117277 3.97329976595 6.57727231676 1.33604463134 2.71525195055 1.35578861089 1.33464447462 1.26887502988 2.52970085958 1.19082298089 1.37824830673 3.02926173793 1.72131778862 319.728384888 322.552121486 326.48192226 4.19451518242 1.01654464468 2.02435448463 37.0915439894 36.0151965956 13.6390312146 1.04270032314 4.32982452631 3.26038910567 6.74969106892 2.11327137153 8.63093759809 3.1891873117 2.8605622964 0.802941058533 0.922140413513 31.2686547377 32.1342151994 40.700686413 6.65282619953 1.83829246601 9.54086794621 11.3513203626 19.4232077923 1.82252507581 0.886206653384
-9999.0 -9999.0 -9999.0 -9999.0 -9999.0 -9999.0 -9999.0 -9999.0 -9999.0 -9999.0 -9999.0 0.726313615222 15.489684486 1.30652410565 2.56139727641 11.7340379334 1.35008455868 1.35373440956 1.25506598225 2.59772885649 1.22299503577 4.97786462246 7.35226695836 8.50252855595 4.16374238564 5.46493624524 1.48010695177 1.6470573545 1.43413388528 332.952568097 336.058319896 38.0301072453 37.8808488237 36.9535790681 1.95620112757 0.965008804202 5.32307791257 14.072174981 7.75852257567 3.12188664979 12.7386704265 6.3034137248 5.33961271417 1.59536770024 0.696770652305 0.665899245752 0.732601051011 43.9358655673 53.3009344471 0.883962101453 0.852532117693 0.877283111454 20.2814755857 22.9438100597 1.68256846472
-9999.0 -9999.0 -9999.0 -9999.0 -9999.0 -9999.0 -9999.0 -9999.0 -9999.0 -9999.0 -9999.0 0.685905512021 17.164999682 21.107872227 1.2537057406 14.2606213406 1.2871929123 1.26396745198 2.46387602643 6.27718635259 1.20877908907 1.23404054301 1.16022701811 10.8448693676 11.9630493361 18.5765214196 21.1929616867 22.5006397844 23.8634493069 25.3451150924 362.707826234 403.219032074 443.389446333 444.26848857 1.02009588552 0.963023989729 16.058565057 15.0741892383 0.992060109657 0.980946971492 13.674547357 20.9622329449 0.921880453341 10.6657586343 9.7779268592 3.04772412006 1.51274211075 2.39977766252 0.95427598485 54.9867173426 0.850322559982 2.58138795144 3.31735755848 28.7589633927 31.1441368998
-9999.0 -9999.0 -9999.0 -9999.0 -9999.0 -9999.0 -9999.0 -9999.0 -9999.0 -9999.0 -9999.0 1.38558816206 2.67039742559 22.381068363 24.8082621118 1.22820833626 16.3992767493 1.16712400424 3.55780678764 7.42330183848 2.35757217319 1.14785529028 2.34819921624 1.10036074912 2.12023818001 1.030424824 0.991368396067 0.934878826095 0.893374140257 0.914421922282 1.01118394164 1.2916647253 1.47085557942 1.48015889511 447.812122318 19.9065573247 18.0481342164 0.949081920573 2.89701477553 0.773622947157 0.632266880631 21.8945708361 35.4110104824 11.6503941521 8.28817482716 1.63527105744 0.774942433605 0.736992172114 1.57175867861 57.3972409032 59.0069264895 0.829242535319 0.855320731736 0.894965126612 0.729612073673
-9999.0 -9999.0 -9999.0 -9999.0 -9999.0 -9999.0 -9999.0 -9999.0 -9999.0 -9999.0 -9999.0 -9999.0 1.28465590584 16.2071272121 42.2458354755 45.9257564953 63.4462753557 64.288670484 16.4586238254 12.0989410507 3.52299387941 1.14260893473 4.60293123854 5.70804931777 8.8648025731 2.08503114192 2.00417277202 1.95654783287 3.84422567573 1.89987071594 1.97921018351 0.926887010083 0.808299098522 0.978454184142 448.97308657 469.535066165 470.518383877 0.952178691883 8.17335152471 3.31492589421 0.970335022107 38.3529144564 2.02309421427 1.02886810385 4.26038221197 0.99640200549 0.961816887259 1.83057592738 2.5936802521 3.3960162813 60.4385887988 0.693117160176 0.642452412595 0.647883453949 0.579893307894
-9999.0 -9999.0 -9999.0 -9999.0 -9999.0 -9999.0 -9999.0 -9999.0 -9999.0 -9999.0 -9999.0 1.34140695207 12.31653346 14.9449047526 2.47758031306 0.750831956886 1.7702383118 67.2270336961 68.1625044655 85.407817676 1.06928388832 2.20603505229 1.01705790653 1.03141103935 9.86586023817 12.9508709944 15.9053505581 0.945821252884 4.7843636189 7.60924190318 4.71472063449 1.83527243056 1.66903156547 1.75252897239 1.77966066657 1.02000183107 471.337011981 472.022354998 481.722981046 1.74604087577 0.899775434168 38.8992937871 2.11124028601 1.07231261092 1.11264059057 1.10310261678 1.05697000902 2.06495975505 5.90972314439 10.1604799696 71.2936525946 0.558390410096 1.70321622218 1.16258588634 1.06295224249
-9999.0 -9999.0 -9999.0 -9999.0 -9999.0 -9999.0 -9999.0 -9999.0 -9999.0 -9999.0 -9999.0 1.36502241278 8.36611522133 1.33064176617 1.23172790803 6.16244916819 7.29748917366 8.46394620757 9.59295076578 115.242274232 116.172429986 118.191851332 132.964449901 136.108261722 138.037230212 139.058186324 157.453752212 160.006362112 160.936955038 169.528936442 175.209697937 176.122447339 179.552745142 2.63216128676 2.59101104398 0.823836545841 0.783879108719 472.841713334 485.081694488 2.64309162495 44.2891281623 43.4910693837 4.11821559142 1.01836714841 1.05235122029 1.03770316319 1.01317850118 2.0353149355 2.99621426984 0.960971867006 71.9636845493 72.6574320011 76.1449500627 76.749526413 78.3902707051
-9999.0 -9999.0 -9999.0 -9999.0 -9999.0 -9999.0 -9999.0 -9999.0 -9999.0 -9999.0 -9999.0 4.25017337087 5.62956304406 2.67690775269 3.95271695636 1.26542087277 14.4805974828 15.6803497832 18.0371104736 19.1153609771 7.99538597369 127.760541422 128.705011693 1.07010535699 0.915441681153 0.852884359982 1.78961706862 0.874880172497 0.767417528723 0.748019310053 0.786854982591 177.004770051 180.444191355 183.857008729 187.168401702 190.129368878 1.39193024842 0.506781037538 531.578949673 45.82568825 45.1030655221 0.907820770569 0.906543086663 0.877506118971 1.96093302917 1.95169785648 0.924020341964 0.925803172645 0.879476471186 1.83141698427 2.53249340389 0.51798386506 0.970339925337 0.438499358651 0.376813451219
-9999.0 -9999.0 -9999.0 -9999.0 -9999.0 -9999.0 -9999.0 -9999.0 -9999.0 -9999.0 -9999.0 -9999.0 2.86728533564 1.3593804326 1.28624611545 12.0905818348 13.3143462496 1.21710516158 4.84290366961 5.97150868058 7.05815600415 1.13339725061 1.06185708912 20.2236315899 21.18366323 22.1265431706 55.986835939 56.8070873549 58.2863257027 64.4369222998 68.7229334642 69.4458036104 0.69594260248 0.708877068142 0.688961443247 191.183638867 0.555697006834 540.048512557 539.226396957 6.96845321726 6.10300975306 3.59476818972 0.914723922678 1.75299933044 2.86372175581 2.85409782206 1.82049848166 0.901108323152 1.77641682088 1.74912609543 3.34812456094 0.574289623612 1.59028656716 2.66008515148 3.44163407224
