data/baseflow/History/mHMbfrc273
ncols                  80
nrows                 72
xllcorner      4374000.0
yllcorner      5656000.0
cellsize            500
NODATA_value       -9999
[rows 24 to 47 of 72, columns 0 to 53 of 80]
-9999.0 -9999.0 -9999.0 -9999.0 -9999.0 -9999.0 -9999.0 -9999.0 -9999.0 -9999.0 -9999.0 -9999.0 0.804618340337 2.09302242262 2.70296440328 4.47698644164 0.436982499466 0.917763011806 1.36288702873 5.73622587155 6.11704878213 6.41294387786 6.69917660964 6.98700889388 10.6764913831 11.5347930813 12.0016698386 0.192569558839 1.07040331473 1.26315033395 22.1488932931 22.9262342674 23.3779470672 23.8580999268 24.1802444108 92.9888130661 0.0447013942421 177.184835251 0.193556385348 0.106638945228 1.97152505696 1.70890008453 0.265426569043 0.884315404543 1.3706118939 1.33896648796 0.923502572701 1.51717594214 2.40330782569 0.899266346375 2.20512828702 0.189719018359 0.302313769411 0.0447285083351
-9999.0 -9999.0 -9999.0 -9999.0 -9999.0 -9999.0 -9999.0 -9999.0 -9999.0 -9999.0 -9999.0 -9999.0 0.707312142972 1.39663287578 0.624284641976 1.22979928991 0.47180680258 3.98035400849 4.85270352578 5.32398029131 0.425705785891 0.822522104927 8.21015461954 10.157955946 10.4499877566 0.604008512731 0.52270811095 0.758322611152 0.159178336537 0.13966327786 0.26913287071 0.123166102829 12.8852838343 13.0416895383 13.0921219443 93.1288287351 178.01523361 177.256016066 0.156624156979 0.0935513113571 0.0896151604522 0.492914120347 0.41765480381 1.11700161177 1.63643654765 3.27022322421 0.292687720927 0.289481571325 2.66257316287 2.93727174079 5.58922859349 5.70341883294 6.04990746866 6.13088774972
-9999.0 -9999.0 -9999.0 -9999.0 -9999.0 -9999.0 -9999.0 -9999.0 -9999.0 -9999.0 -9999.0 -9999.0 -9999.0 0.615901232056 1.25907327766 1.92264801675 2.96508481214 0.537518292431 0.457050030191 3.32227875873 3.7417048188 7.40684394074 7.89661883163 1.32805293511 0.378254820455 0.287053806034 0.244613491843 11.9898836874 12.1636253938 12.3317066208 12.4741411406 12.7339140889 1.86403981083 1.93073623717 15.0680858839 286.318579653 0.634988946591 0.472894509233 0.252336447938 0.0809150445385 0.0735537001992 0.650077132805 0.696360126549 1.26295702877 0.0808092785018 3.39617140386 0.500163079031 0.487566008253 0.0850378033315 0.0462517729998 0.0358510642745 0.034177184181 0.0371498706 6.1712962844
-9999.0 -9999.0 -9999.0 -9999.0 -9999.0 -9999.0 -9999.0 -9999.0 -9999.0 -9999.0 -9999.0 -9999.0 -9999.0 -9999.0 0.585873627272 1.109833852 1.55200055263 1.96399992199 2.41656190542 2.89959649097 1.37211052168 2.37251890606 0.465818313489 0.417362361105 10.3072506653 11.092239086 11.4430851394 11.7943316693 0.219881830099 0.385432522425 1.19756993253 1.43020440706 1.67589634966 0.101013771509 0.0465605663801 286.627612965 0.130171534643 0.160070351328 0.0830166138736 0.304196698214 0.151550816209 0.0669195448745 2.02428745163 2.07156459245 0.0391812988575 3.4393480234 3.9794646596 0.524027783394 71.0032979138 70.880418576 70.7909440121 70.6225274107 70.5576671241 69.494585274
-9999.0 -9999.0 -9999.0 -9999.0 -9999.0 -9999.0 -9999.0 -9999.0 -9999.0 -9999.0 -9999.0 -9999.0 -9999.0 -9999.0 0.15937994963 0.322605098409 0.450305523469 4.7942389007 5.24634823134 0.474838836513 0.469652393075 0.491455277107 8.56409342076 9.52413122413 0.467294413971 0.466769351392 0.321281666501 1.4088427524 1.77263007974 0.740915853946 1.00685882844 8.52967961842 8.81870049211 9.1854851276 14.2543447421 301.008621477 0.113166731111 0.0621264113119 0.448012066668 0.381182889772 0.0560649731121 0.187183681554 0.251451042818 2.12971335203 2.17590353304 6.26332797463 4.00816270589 0.595533219333 72.1785571554 0.344702748004 70.715058718 70.6713762437 0.999442668041 0.0733586122667
-9999.0 -9999.0 -9999.0 -9999.0 -9999.0 -9999.0 -9999.0 -9999.0 -9999.0 -9999.0 -9999.0 -9999.0 -9999.0 -9999.0 0.761390332503 1.26615984808 2.47317340216 4.33113029445 5.65310977566 6.70896942598 7.17274680897 7.66838434789 8.16227769049 0.453817030754 0.384043571158 0.739160967594 0.698279640994 0.383600871419 7.36699089223 7.71290307142 8.04133039712 8.34480090896 4.68658486441 4.85135333969 5.00600475578 301.126049719 0.245335719783 0.137109113421 0.680227120243 0.0811429304277 0.121727292061 0.0629950402058 0.0599170841913 0.308259326389 0.0382572937613 0.0393428725327 78.6563288584 72.3612590668 72.3184540584 0.150073069797 0.311780285894 0.202774548314 0.045985071124 0.883230722873
-9999.0 -9999.0 -9999.0 -9999.0 -9999.0 -9999.0 -9999.0 -9999.0 -9999.0 -9999.0 -9999.0 -9999.0 -9999.0 -9999.0 0.518662325061 0.499523303624 0.992362710319 1.45988218429 0.57888001456 0.638647747471 1.15653800319 1.65020730127 2.58456168885 3.03600237219 3.38874117352 4.51379109999 4.85966725034 5.27935880771 0.364606072043 3.53598247525 3.85566644921 4.17062504398 0.256063010041 0.157962675902 0.284660320616 306.401338928 306.512408206 306.906551514 0.980186839542 0.201935408674 0.160631677555 0.051112181675 0.105547143149 0.355889265692 0.432524993226 0.0709212560586 78.8228978598 0.0467339413702 0.0710153380908 0.0798459016292 0.0560729600908 0.119031669172 0.0495591564219 0.605965433872
-9999.0 -9999.0 -9999.0 -9999.0 -9999.0 -9999.0 -9999.0 -9999.0 -9999.0 -9999.0 -9999.0 -9999.0 -9999.0 -9999.0 -9999.0 0.483147875932 0.931932816596 0.405760936801 0.843247504506 5.29854752415 5.70189001728 6.13064660678 0.463590063604 0.46301101562 0.812914438815 1.20411590634 1.84952187335 2.21462802009 2.50082486202 2.83099827123 0.274260517264 0.257588035515 4.42852540502 4.5990659942 4.73456958687 4.86794308009 4.32366420898 311.79716653 313.495182552 313.603336396 313.84970922 314.158084156 314.294041927 0.030611882475 0.467751064627 78.8509776871 0.056981072377 0.0292127050765 0.031166934874 0.0347408104209 0.0646307900386 0.0725106706405 0.043297690995 0.0711031713496
-9999.0 -9999.0 -9999.0 -9999.0 -9999.0 -9999.0 -9999.0 -9999.0 -9999.0 -9999.0 -9999.0 -9999.0 -9999.0 -9999.0 -9999.0 -9999.0 1.38081651324 1.78960212958 3.08095017525 4.03354534001 0.504475693961 7.19883703509 7.63508770099 8.00344513259 0.367794058502 0.711835131407 0.304080704061 2.40116560463 2.65065961376 2.97494993577 3.30090381311 4.0858939298 4.249014742 0.111401436869 3.81598737862 4.07471612016 4.1989109298 4.76852079881 0.597240877159 0.32676462654 0.161368322689 0.157025771287 314.393256933 314.42988264 315.121915782 78.873224577 0.175893985289 0.0989008240529 0.0625950947028 0.024676316494 0.218471326863 0.12207315433 0.037116236673 0.213187051017
-9999.0 -9999.0 -9999.0 -9999.0 -9999.0 -9999.0 -9999.0 -9999.0 -9999.0 -9999.0 -9999.0 -9999.0 -9999.0 -9999.0 -9999.0 -9999.0 0.431114107888 2.22348545078 2.68292755753 0.50390778784 0.47898955026 1.02031933347 1.49537264494 9.89302057628 0.361639005383 1.46670428975 1.79294738364 2.10973561585 0.256387735109 0.545682540475 0.746419230147 2.91206238627 3.30550658632 3.43963752448 0.144946698584 0.130298792521 0.164266426538 0.312633148701 0.140742288134 0.137062262759 0.093003729249 0.129851950694 0.106120389732 0.196538120909 315.167143935 394.140174588 0.205170830593 0.0561884194725 0.0240350955277 0.709522067864 0.654797871812 0.397242257878 0.357713997963 0.269491090639
-9999.0 -9999.0 -9999.0 -9999.0 -9999.0 -9999.0 -9999.0 -9999.0 -9999.0 -9999.0 -9999.0 -9999.0 -9999.0 -9999.0 -9999.0 0.394715475232 1.18531663913 0.367929746088 0.519417973078 0.519891302547 1.0026069858 1.49129046639 1.90145696668 12.1179081753 12.4519219493 0.350955221171 0.672205996202 1.00293967197 1.29526165801 1.58579501244 2.55270444822 2.76852896865 0.232768167029 0.161378245227 0.112703397448 0.0551377406306 0.0859256653536 0.133535636238 0.130182391979 0.24303938454 0.310872794432 0.16647060323 0.0317868552424 0.0305166580754 0.0336352369661 0.0627037110586 396.368732713 1.94342579835 0.836968973184 0.0729052087585 0.0349083585957 0.0236648818755 0.088335977689 0.0625962352798
-9999.0 -9999.0 -9999.0 -9999.0 -9999.0 -9999.0 -9999.0 -9999.0 -9999.0 -9999.0 -9999.0 -9999.0 -9999.0 -9999.0 0.424180134632 0.80389815435 2.71412378237 0.320495038042 0.890077926229 1.37148212472 1.80591429766 0.480424020117 0.872460682897 1.24162768235 13.9835485086 0.315536801272 0.600827300271 0.912503078982 0.314310721875 0.621951979389 0.817909848872 1.01587722481 23.4601036627 23.7435752908 23.9621986822 24.7868045656 25.0538956881 25.6422785756 0.159422497794 0.436309785346 0.347952469753 27.2582840276 27.3180170221 0.0276947278333 0.0518259687326 0.0747981819721 396.398604414 1.80754489316 0.875871326185 0.829773988176 0.649173051908 0.560061312369 0.116974749913 0.0271952038974
-9999.0 -9999.0 -9999.0 -9999.0 -9999.0 -9999.0 -9999.0 -9999.0 -9999.0 -9999.0 -9999.0 -9999.0 -9999.0 -9999.0 0.444547901834 1.33031992253 4.47989446812 6.65103101308 0.280902034862 8.44456503385 10.576214452 0.419801259226 0.797209773727 1.17605448096 17.3797187757 17.6415091741 0.200089215355 1.32362558829 1.54539104984 1.79816624829 21.5635499787 22.0487555764 22.2934127261 0.111971465581 0.634217672735 0.747865032583 0.26511262839 0.350529312277 26.1773368234 26.7581010965 26.8217694855 26.8796629128 27.3811414637 0.0305706896469 0.0283062394839 0.12530745381 396.431853479 0.0485021262873 0.0487225845159 0.143211112573 0.0554524785139 0.504439876711 0.399363949292 0.24041345663
-9999.0 -9999.0 -9999.0 -9999.0 -9999.0 -9999.0 -9999.0 -9999.0 -9999.0 -9999.0 -9999.0 -9999.0 -9999.0 -9999.0 -9999.0 -9999.0 0.915661199985 1.81463011338 7.78187761115 8.17461184685 10.9144344715 11.2450760365 0.430674667728 0.862896241054 1.94195558291 17.867920658 18.2800838261 18.4257575702 0.126262662409 19.0493585543 19.5442136172 0.297287878253 0.114272456549 0.222465392784 0.427872070271 0.106042256733 0.198878981915 0.408836570202 0.487944064203 0.0951463908251 0.0607170457641 0.112381124355 27.891653482 28.035170277 28.0593644007 28.2652358076 396.461294046 0.0360957438518 0.0334133178296 0.0390755835468 0.0383562646565 0.0394779014291 0.0355557616732 0.0662206561419
-9999.0 -9999.0 -9999.0 -9999.0 -9999.0 -9999.0 -9999.0 -9999.0 -9999.0 -9999.0 -9999.0 -9999.0 -9999.0 -9999.0 -9999.0 -9999.0 0.47260577232 0.455927260817 0.423997771623 0.758577104972 0.311439340931 11.8772620547 12.1813781833 0.363429660381 0.739639398141 0.276896786644 0.207129746286 0.195290835311 18.7822564373 0.152002920483 0.327064762495 0.164118894374 0.127263857228 0.0999940114314 0.0756029702994 0.0799782643613 0.255620079069 0.356247582248 0.0667058361678 0.0549891307649 0.124708844656 0.216813465812 0.330985415871 0.101549640122 28.1128068629 28.2894688095 396.483519073 0.166492284631 0.0898763704627 0.0233506003828 0.0576993216507 0.0198394087368 0.0167472966954 0.0846472736575
-9999.0 -9999.0 -9999.0 -9999.0 -9999.0 -9999.0 -9999.0 -9999.0 -9999.0 -9999.0 -9999.0 -9999.0 -9999.0 -9999.0 -9999.0 -9999.0 -9999.0 -9999.0 0.450896596778 1.14558770796 1.45539481181 1.76488486023 12.4982157262 12.8379662643 13.1431946082 13.4258316002 13.6129151651 14.0148678208 14.1554545621 14.2943034114 14.410030152 0.100104707535 0.0973244899265 0.101471547514 0.343598735071 0.093319593068 0.0915917890775 0.0662689252057 0.196908431178 0.0795368357516 0.0596609387713 0.0542199534639 0.0443652923461 0.0884738987141 0.132472056998 28.5619588119 425.236072009 0.0382866795859 0.0619702056824 0.0184073368451 0.0795833557576 0.0443368555482 0.0336738057263 0.320937097033
-9999.0 -9999.0 -9999.0 -9999.0 -9999.0 -9999.0 -9999.0 -9999.0 -9999.0 -9999.0 -9999.0 -9999.0 -9999.0 -9999.0 -9999.0 -9999.0 -9999.0 -9999.0 -9999.0 0.353091508827 2.97007886612 5.51504543093 5.81382831527 0.45549061008 0.84129231926 1.21128270682 1.48484137579 3.44660374592 3.55235668115 0.100563345231 0.106696263472 14.6238815769 14.816855384 14.904502083 0.402373162259 0.0433196008777 0.120070290526 0.179760954899 0.581042696191 0.731153456431 0.845212143417 0.102156211675 0.14167697174 0.0491687553511 0.100199937573 0.0533247139849 425.327562998 0.0262821913213 0.118877281257 0.0399135599238 0.138892036711 0.327381795143 0.378354977687 0.718903369444
-9999.0 -9999.0 -9999.0 -9999.0 -9999.0 -9999.0 -9999.0 -9999.0 -9999.0 -9999.0 -9999.0 -9999.0 -9999.0 -9999.0 -9999.0 -9999.0 -9999.0 -9999.0 0.412816557279 1.34751441311 2.62259084267 3.40383061986 8.23186426905 8.60330090693 0.796040025713 1.1794794671 1.51751126726 1.77735959869 3.67832931355 3.89137338338 7.12998381252 7.43736466095 7.5263625008 14.9767136645 15.5359168387 0.106828786387 0.0810444643765 0.0743106628556 0.142971934434 0.0686130644619 0.989198823916 1.04342463463 0.187563078538 0.249763368957 0.0440734175816 88.4896699943 88.6040442596 513.977554783 514.135936211 0.0356661528642 0.214826397984 0.0479649461346 0.0345048987794 0.789415796612
-9999.0 -9999.0 -9999.0 -9999.0 -9999.0 -9999.0 -9999.0 -9999.0 -9999.0 -9999.0 -9999.0 -9999.0 -9999.0 -9999.0 -9999.0 -9999.0 -9999.0 -9999.0 -9999.0 0.49433450242 0.478560061699 0.879898127192 2.06889201746 8.97459043464 0.415634647855 0.407853566321 0.721668861308 1.06957933184 2.60579886714 2.81385947665 0.211306071427 0.210815288874 7.65643116519 7.7207010645 23.326967969 23.3824868695 0.0353868446022 0.0305009355727 0.0266011612274 0.0268832948562 0.035805273356 87.3726784546 87.7162384529 88.0532243491 88.1943480872 88.4358369039 0.062536161889 0.221510762258 0.251769753609 514.470335512 514.489376279 514.54040267 514.607134518 514.706865022
-9999.0 -9999.0 -9999.0 -9999.0 -9999.0 -9999.0 -9999.0 -9999.0 -9999.0 -9999.0 -9999.0 -9999.0 -9999.0 -9999.0 -9999.0 -9999.0 -9999.0 -9999.0 -9999.0 -9999.0 0.419853914002 0.448997076767 0.820800758673 10.569147222 10.8938628656 0.391702507861 0.706148064665 1.06853457712 1.37100446632 0.251855498523 0.462928364844 22.8982402565 22.9797735623 23.1093652859 23.9582293094 47.4439384687 85.3389497743 85.4425901713 85.5373233676 85.6303404618 86.1107767538 86.2751807287 0.295248145058 0.126071593255 0.0833949673986 0.154243013338 0.108645835289 0.176771182389 0.05697930027 1.15537377936 1.26934320614 1.36325443854 1.37849406921 514.723627554
-9999.0 -9999.0 -9999.0 -9999.0 -9999.0 -9999.0 -9999.0 -9999.0 -9999.0 -9999.0 -9999.0 -9999.0 -9999.0 -9999.0 -9999.0 -9999.0 -9999.0 -9999.0 -9999.0 -9999.0 -9999.0 0.430489193426 0.822563164372 1.21822189431 11.2162533601 0.289784588065 15.0959323633 15.4633441346 15.7020543913 15.9181914706 21.9955043457 22.234268415 0.086471881746 0.61012782904 0.72787742143 0.0931605375209 37.8008741345 37.6198124336 0.0584491363287 0.139684055534 0.387408059808 0.0888779950756 0.0954403094871 0.0619241800455 0.0520964149839 0.0382705028823 0.0488678675883 0.991896067144 1.0473243797 1.11704220593 0.0874496463045 0.0743043505259 1.41970869419 1.43923951504
-9999.0 -9999.0 -9999.0 -9999.0 -9999.0 -9999.0 -9999.0 -9999.0 -9999.0 -9999.0 -9999.0 -9999.0 -9999.0 -9999.0 -9999.0 -9999.0 -9999.0 -9999.0 -9999.0 -9999.0 -9999.0 0.380195525896 0.356926627564 1.86550788894 13.8039220416 14.4578188168 14.7926432013 0.289463784118 5.47626090642 5.71489218454 5.86063294785 0.214548936011 0.320802781893 0.39656701102 8.29798594871 8.37269032031 8.44018456395 37.4955307189 23.9063933053 0.0789188579271 0.0847999725332 0.0802420185079 0.0596021687717 0.58954477016 0.711925617501 0.816368157546 0.878668736229 0.938060863698 7.42088588784 7.46478001969 7.54878539165 7.75278086338 8.25812681107 8.27388118768
-9999.0 -9999.0 -9999.0 -9999.0 -9999.0 -9999.0 -9999.0 -9999.0 -9999.0 -9999.0 -9999.0 -9999.0 -9999.0 -9999.0 -9999.0 -9999.0 -9999.0 -9999.0 -9999.0 -9999.0 -9999.0 -9999.0 0.747532521781 1.15152796176 0.361053552617 0.399008762201 4.51471976869 4.79931866789 4.98449792064 1.62836749529 1.79521466885 1.97511891014 2.08272665155 8.13178771648 8.24628549776 4.91875553442 13.4453623634 13.5233730133 23.8461057979 0.156405491462 0.0800501571315 0.050502307807 0.400929257245 0.474351192115 0.0395003242385 0.035720904031 7.22781550676 7.3281960066 7.37984522447 0.0798576879497 0.139841694024 8.21214763283 0.0263352309352 0.106611417988
-9999.0 -9999.0 -9999.0 -9999.0 -9999.0 -9999.0 -9999.0 -9999.0 -9999.0 -9999.0 -9999.0 -9999.0 -9999.0 -9999.0 -9999.0 -9999.0 -9999.0 -9999.0 -9999.0 -9999.0 -9999.0 -9999.0 0.37931755174 0.746853530642 3.03659749395 3.41835328651 3.77576113812 1.26153280777 1.47707292336 0.165759931657 5.65612863217 5.80695796276 5.95446372884 0.114288281139 4.71229406909 4.83397576848 0.0828048881279 23.4328394467 0.183773563541 0.0911107366159 0.214776764804 0.29518231435 0.0569475649287 0.0437582966764 6.73281794923 7.13756125311 7.19890643835 0.0636175987641 0.129227055882 0.160882801058 0.187851989702 0.385571861403 0.0396480379209 0.0876259445516
