data/baseflow/History/mHMbfrc531
ncols                  80
nrows                 72
xllcorner      4374000.0
yllcorner      5656000.0
cellsize            500
NODATA_value       -9999
[rows 24 to 47 of 72, columns 0 to 54 of 80]
-9999.0 -9999.0 -9999.0 -9999.0 -9999.0 -9999.0 -9999.0 -9999.0 -9999.0 -9999.0 -9999.0 -9999.0 1.61441005202 4.69461923256 6.20317456354 10.8086072385 1.50286063666 3.00913212224 4.45687968235 16.4705241656 17.7435785479 18.7952082615 20.1267576097 21.5480309112 33.936477677 38.100300993 40.5108947594 1.03955664195 5.92333855993 6.88491551371 81.2888360907 85.7798746967 87.5624465395 89.3391612389 91.2255784729 323.178726922 0.796931701583 659.655871502 2.06695327833 0.947846370204 6.84550138565 5.85031655015 1.0012341724 3.42245439967 4.7938460566 4.77663105522 3.40478758213 5.61749465405 8.90665661308 3.29861866267 8.59906709161 0.839944336936 1.30480053816 0.425309053899 0.327621964622
-9999.0 -9999.0 -9999.0 -9999.0 -9999.0 -9999.0 -9999.0 -9999.0 -9999.0 -9999.0 -9999.0 -9999.0 1.58295161275 3.14772197488 1.50632109847 3.03303182215 1.48381989594 10.6441543277 13.5763807507 15.046532512 1.41960375039 2.729868796 25.0269045599 31.4080683891 32.593470539 2.7619729819 2.81968898984 4.06900357755 0.929872322189 0.90849711938 1.7614028353 0.841915359938 38.0058828826 38.9091597235 39.9828857856 323.971001506 667.117267733 660.759579917 1.63779232734 0.666717365707 0.621208599668 2.51759154717 1.8234249621 4.30838887436 5.80950261721 11.6792494829 1.08522999816 1.08651003671 9.89185747405 10.8859194459 21.3202629082 22.0689159099 23.7861024635 24.5823408062 0.699844546615
-9999.0 -9999.0 -9999.0 -9999.0 -9999.0 -9999.0 -9999.0 -9999.0 -9999.0 -9999.0 -9999.0 -9999.0 -9999.0 1.5616700496 3.10461128458 4.63301485034 7.62907270811 1.54878683569 1.49050947375 9.57215946557 10.9902622788 22.5227509198 23.8827635428 3.92345104969 1.42947128699 1.41260362776 1.38210481259 32.472397164 33.5565406336 34.5364235772 35.4116727338 37.1291128086 8.49674775617 9.47297558496 50.5817093699 1042.03316534 5.40305235373 4.63050196669 2.34357237387 0.595395959227 0.557903908852 3.75666453866 4.2688355116 5.56098315805 0.644330979076 12.4409729687 1.93250986329 1.91407918276 0.598731823412 0.452623759717 0.374150356111 0.340046029897 0.350484904069 24.9211981953 320.510432134
-9999.0 -9999.0 -9999.0 -9999.0 -9999.0 -9999.0 -9999.0 -9999.0 -9999.0 -9999.0 -9999.0 -9999.0 -9999.0 -9999.0 1.54202208099 2.80542404319 3.93513742342 5.10677532855 6.59447145283 8.09777905086 4.47973093961 7.38730714132 1.38320001071 1.37989244884 25.7176561635 28.46235248 29.7941309667 31.1983633737 1.23921713459 2.34213277079 5.77553226953 6.75042629926 7.63962069437 1.01008199237 0.802062646328 1044.18421646 0.802871141822 1.3248127526 0.703923842596 2.27296507859 1.07258092079 0.621697790637 10.3895577575 10.8267246792 0.421784016851 12.8708622615 15.3162713657 2.47756735791 334.588515525 333.563888683 332.692680365 331.168380606 330.514881244 322.061871073 321.66456212
-9999.0 -9999.0 -9999.0 -9999.0 -9999.0 -9999.0 -9999.0 -9999.0 -9999.0 -9999.0 -9999.0 -9999.0 -9999.0 -9999.0 0.247569242076 0.582585243753 1.11242551868 9.06090424314 10.6061132573 1.53575725121 1.50652732463 1.47083792308 20.1661530198 22.9806599719 1.38050540351 1.40664447213 1.3208257416 5.31383831432 6.62720942988 3.6956899094 4.64632652255 29.3125115775 30.4216797289 32.3509761656 52.2953422071 1096.88180228 0.791332761392 0.623995393404 3.36593393569 2.81259272808 0.444485746755 1.53956141746 1.99578247634 11.3176507679 11.7325053726 28.1249888006 15.5732841502 2.75369910378 342.61644345 3.61979009795 331.93125962 331.561399963 7.8554780997 0.272312035316 0.878688501797
-9999.0 -9999.0 -9999.0 -9999.0 -9999.0 -9999.0 -9999.0 -9999.0 -9999.0 -9999.0 -9999.0 -9999.0 -9999.0 -9999.0 1.24416561769 2.03943765875 4.4543762285 7.65868737519 11.5867158195 14.3729135541 15.8580862514 17.341192125 18.7741094139 1.40638311502 1.38447850735 2.74589267664 2.65837010835 1.34000038751 25.0600415814 26.3617360747 27.6071987941 28.7843550787 17.1158271924 18.2002371065 19.1832218043 1097.22083245 1.26521104456 1.68633205722 5.35669465777 0.493983333249 0.860984621143 0.419852364373 0.435755913623 2.39736827969 0.367207284165 0.385231924798 372.634827573 344.196587889 343.826182848 1.32436843278 3.18749237834 2.11839390255 0.550037368921 7.29746186645 2.24120246456
-9999.0 -9999.0 -9999.0 -9999.0 -9999.0 -9999.0 -9999.0 -9999.0 -9999.0 -9999.0 -9999.0 -9999.0 -9999.0 -9999.0 0.865418811681 0.78985016971 1.53789440962 2.3816225237 1.41039398512 1.52846753758 3.0293434119 4.54544139192 7.4456571573 8.88276272326 10.2864765422 14.4489901805 15.7893458425 17.1484583311 1.31130644795 12.8658648295 14.0586940919 15.1355328861 0.930876178735 0.534136422181 0.918151221359 1116.59715893 1116.9234096 1118.92125476 6.63270178512 0.948210123457 1.61754317698 0.51518374212 0.789678014805 2.75208185462 3.44283460004 0.712134290362 374.272430804 0.487779350324 0.747591320459 0.829592722773 0.603321937166 1.12253458363 0.472961455838 4.46393136931 3.53575413522
-9999.0 -9999.0 -9999.0 -9999.0 -9999.0 -9999.0 -9999.0 -9999.0 -9999.0 -9999.0 -9999.0 -9999.0 -9999.0 -9999.0 -9999.0 0.74287207156 1.48401049744 0.77724390207 1.63918163229 10.3466992393 11.7291421979 13.2591554602 1.44837824206 1.44971352395 2.85603727623 4.2594759815 6.93555257158 8.26922673173 8.98545031749 10.2539458921 1.18404805286 1.10899479948 16.8657674554 17.340061438 17.7313541776 18.1095761991 14.6884306614 1135.13587234 1144.20449435 1144.55782468 1146.50460736 1148.38671459 1149.63632494 0.411635223022 3.78371763482 374.658809353 1.00916566983 0.5141337959 0.430137451371 0.35617514769 0.642913320402 0.655013860355 0.353759420791 0.462545710601 0.450858847215
-9999.0 -9999.0 -9999.0 -9999.0 -9999.0 -9999.0 -9999.0 -9999.0 -9999.0 -9999.0 -9999.0 -9999.0 -9999.0 -9999.0 -9999.0 -9999.0 2.20879641825 3.06778318508 5.57509017972 7.69118850956 1.21515220531 15.9934343551 17.4284715452 18.8829921271 1.43626809237 2.85500394934 1.34879272969 9.62974022451 10.3252856928 11.4282348703 12.6225768348 15.6476079218 16.027522528 0.250081902558 13.2593044027 13.9976850323 14.3327820073 15.8754545845 2.09885971122 1.39581144378 0.921885461281 0.855030863403 1150.93613978 1151.57646069 1157.86896715 375.074193057 2.49212034524 1.10179794471 0.732853673068 0.263991228313 1.98710927084 1.04251987904 0.331217756576 1.74361884029 1.44559283681
-9999.0 -9999.0 -9999.0 -9999.0 -9999.0 -9999.0 -9999.0 -9999.0 -9999.0 -9999.0 -9999.0 -9999.0 -9999.0 -9999.0 -9999.0 -9999.0 0.84274426666 3.88476510613 4.76873714232 1.29840258006 1.52068594276 3.01284710215 4.43810995194 24.7603877242 1.43355967743 5.7314992825 7.08996538 8.42175478776 0.7292929772 1.78235826596 2.43907021887 10.6993248768 11.9984071978 12.2894802275 0.354928766556 0.381114907753 0.467253629181 0.846738388693 0.372766162726 0.408581283566 0.846249255298 0.623015999907 0.776276474329 2.06851574699 1158.45274177 1535.06443554 3.12599803189 0.490812548144 0.276738479653 6.08463628528 5.52528217875 3.20544184056 2.87353608237 2.15998945226 0.449686833156
-9999.0 -9999.0 -9999.0 -9999.0 -9999.0 -9999.0 -9999.0 -9999.0 -9999.0 -9999.0 -9999.0 -9999.0 -9999.0 -9999.0 -9999.0 0.671997881498 2.3066543329 0.780336973616 1.52358460157 1.58913665903 3.11155327055 4.59849259673 5.93013483788 31.6559400971 33.0618374576 1.42643384078 2.7833822812 4.14058495346 5.09505376671 6.20320494657 9.53193537991 10.3190353271 0.887037894577 0.701572262404 0.620079622585 0.71484900366 0.854859460039 0.793365210962 0.721625933212 0.792145226033 2.90522805832 1.23842811506 0.499817081719 0.482170096456 0.525551803448 1.02196691968 1553.74855167 15.1895077969 7.16439501199 0.414986209284 0.173006697953 0.203631257578 0.771599217601 0.559787620077 0.295576524326
-9999.0 -9999.0 -9999.0 -9999.0 -9999.0 -9999.0 -9999.0 -9999.0 -9999.0 -9999.0 -9999.0 -9999.0 -9999.0 -9999.0 0.694779234568 1.36322800417 5.12201817939 0.763978221831 2.81357888169 4.40436566487 5.95987782135 1.53927666234 2.98673316903 4.19097735879 38.1998290096 1.3996483146 2.73246365325 4.06554577708 1.26416389142 2.51075716815 3.3845334966 4.21048839529 81.5545277283 83.0605313318 84.5346300147 90.6228992783 92.8701119457 97.472943059 1.7950867556 3.63129982183 3.82431815776 112.991524281 114.036821988 0.465929060093 0.923064572954 1.36668496482 1554.06543723 14.3373715335 6.68383600529 6.49716895928 4.93726920884 4.30034550601 1.02948400453 0.23481903727 0.507248269789
-9999.0 -9999.0 -9999.0 -9999.0 -9999.0 -9999.0 -9999.0 -9999.0 -9999.0 -9999.0 -9999.0 -9999.0 -9999.0 -9999.0 0.700659767994 2.13456056456 7.96363083735 11.670323137 0.691613741315 15.6163714222 22.4923954002 1.49784280632 2.93535356529 4.22434734515 50.1783184893 51.27405276 1.28973012047 6.65320702706 7.89188722682 8.94712256376 72.5031367867 75.0771562665 76.4971275543 0.699775582759 4.14123860767 4.96339048567 2.17853111272 3.15159002591 101.939739911 106.987731937 107.791349873 108.567035302 115.139778425 0.544073176746 0.482819296831 2.26378546422 1554.43744339 0.296882929998 0.475883284824 1.39412851445 0.484543540305 3.94044258501 3.04530202118 1.75279117768 1.29788821161
-9999.0 -9999.0 -9999.0 -9999.0 -9999.0 -9999.0 -9999.0 -9999.0 -9999.0 -9999.0 -9999.0 -9999.0 -9999.0 -9999.0 -9999.0 -9999.0 1.50406992466 3.03029687989 13.9099055245 14.737002637 23.2164641994 24.1281445889 1.46597523486 2.92558635495 6.9886000298 52.1386200339 54.6590860775 55.8352496363 1.00403529926 59.9732588906 62.6533741052 1.66335308741 0.687144325247 1.39017201227 2.67932730979 0.630930603187 1.28601580591 2.97225083535 3.71974027069 0.656114889326 0.495044807291 1.00999969086 118.642103558 119.943959044 120.388240493 123.602159008 1554.79569027 0.193991682814 0.396436319661 0.421060934207 0.405465003928 0.41152052401 0.365257086769 0.701222983869 0.1552068113
-9999.0 -9999.0 -9999.0 -9999.0 -9999.0 -9999.0 -9999.0 -9999.0 -9999.0 -9999.0 -9999.0 -9999.0 -9999.0 -9999.0 -9999.0 -9999.0 0.785257772244 0.770438711275 0.783837219218 1.73071533391 0.765686791477 25.634300078 26.4768190739 1.36797855337 2.75470417887 1.41823797345 1.25567981504 1.24007784432 58.0906486837 0.89923101789 1.77966180761 0.866600238619 0.744615454279 0.659746110004 0.552232565421 0.564603463754 1.68240036654 2.27163877577 0.470262513554 0.424493920689 0.878342170159 1.39776056398 1.77989376124 0.552041809088 120.881818347 124.04245378 1555.05818307 1.42960315154 1.06451888371 0.31463921084 0.673643383661 0.271860030994 0.217775325173 0.932062691168 0.819341737733
-9999.0 -9999.0 -9999.0 -9999.0 -9999.0 -9999.0 -9999.0 -9999.0 -9999.0 -9999.0 -9999.0 -9999.0 -9999.0 -9999.0 -9999.0 -9999.0 -9999.0 -9999.0 0.763022510689 2.4444325899 3.10131841151 3.83170286683 27.1839993927 27.9000455094 28.6940182486 29.7976186866 31.0260614182 33.5109855586 34.4019055193 35.2715374617 36.0708548848 0.728829808236 0.689832691092 0.685570984445 2.38092248288 0.598240721846 0.568452158272 0.49768324353 1.43046487621 0.506036647804 0.420365636334 0.401165379276 0.3451609386 0.689388589125 0.998271076452 126.087255022 1682.8801594 0.170545223476 0.435457786441 0.29332820716 0.967628232643 0.600834638888 0.437381473084 2.45049665502 1.37944980967
-9999.0 -9999.0 -9999.0 -9999.0 -9999.0 -9999.0 -9999.0 -9999.0 -9999.0 -9999.0 -9999.0 -9999.0 -9999.0 -9999.0 -9999.0 -9999.0 -9999.0 -9999.0 -9999.0 0.642546812214 5.03840265943 10.2680586821 11.0715442814 1.21794283619 2.5704313261 3.96015678227 5.2628162877 13.2599509069 14.030531721 0.747462767563 0.719761670554 37.6358731867 39.0271531786 39.6563095967 2.88471281165 0.457280878649 1.0260634796 1.51474420823 4.50762401879 5.47115864963 6.27473466934 0.76128128607 1.07807784212 0.354098760009 0.692335132269 0.346483415836 1683.55374549 0.183788088937 0.766363622246 0.544769902217 1.73814190685 3.21948152701 3.7559088764 6.29835162492 1.85322501449
-9999.0 -9999.0 -9999.0 -9999.0 -9999.0 -9999.0 -9999.0 -9999.0 -9999.0 -9999.0 -9999.0 -9999.0 -9999.0 -9999.0 -9999.0 -9999.0 -9999.0 -9999.0 0.710479768628 2.24825821236 4.40793583601 5.76730279268 15.23337814 16.2565733214 2.81244003275 4.19953486176 5.48691180318 6.79228036644 14.8650848584 16.4015727835 29.2026785167 30.1909627383 30.9285782904 40.2688316014 44.6954528043 1.02610865204 0.603871376873 0.585489574504 1.12135620289 0.510554747414 7.24096737728 7.623719076 1.43219406942 1.85026558065 0.52287558445 305.683884446 306.449990861 1990.43035044 1991.43749786 0.157704369451 2.05580954911 0.371749150803 0.352089536954 7.05861468298 9.12213100247
-9999.0 -9999.0 -9999.0 -9999.0 -9999.0 -9999.0 -9999.0 -9999.0 -9999.0 -9999.0 -9999.0 -9999.0 -9999.0 -9999.0 -9999.0 -9999.0 -9999.0 -9999.0 -9999.0 0.797495173839 0.777907200029 1.48017685882 3.51395981412 16.9471481074 1.41933479827 1.40772295679 2.68662104845 3.96973821827 9.86927267907 10.821437442 0.656899440364 0.645324991762 31.6874125663 32.2821634574 77.5909259284 78.1971632632 0.406548209734 0.378372918038 0.331420795359 0.333455333919 0.338594613579 298.770788692 300.894502189 303.089139362 303.960014973 305.260292604 0.370213775064 1.41794154894 1.8124920649 1993.87409571 1994.04467126 1994.19890869 1994.55878134 1994.84587252 9.66301574926
-9999.0 -9999.0 -9999.0 -9999.0 -9999.0 -9999.0 -9999.0 -9999.0 -9999.0 -9999.0 -9999.0 -9999.0 -9999.0 -9999.0 -9999.0 -9999.0 -9999.0 -9999.0 -9999.0 -9999.0 0.720728470772 0.750831971353 1.39425732323 19.6729566847 20.5418614942 1.40080423609 2.67527039058 3.96580067621 4.97009938284 0.927931059189 1.80309384024 54.0852994663 54.7539053553 55.3637150986 59.8384507802 138.593528183 284.194456936 285.08680202 285.90464787 286.702147504 289.812479388 290.77101095 1.79152976167 0.83088445144 0.457457532143 0.877774058268 0.711102461443 1.09890703626 0.339860285017 8.12173332845 8.94432079402 9.52829391608 9.77382330062 1995.08513977 2005.22637668
-9999.0 -9999.0 -9999.0 -9999.0 -9999.0 -9999.0 -9999.0 -9999.0 -9999.0 -9999.0 -9999.0 -9999.0 -9999.0 -9999.0 -9999.0 -9999.0 -9999.0 -9999.0 -9999.0 -9999.0 -9999.0 0.730377443581 1.39947944054 2.0721302798 21.1342471725 1.08448874435 29.8969413081 31.2105743988 32.1815312086 33.0983369866 50.5361494981 51.4265267952 0.659225235779 3.29364494985 3.99097087791 0.623442668444 144.705727535 143.559375737 0.417207317526 0.900022636437 2.37724465203 0.508976038389 0.52508585496 0.426155067346 0.380817417369 0.32502484335 0.350224016902 6.99852743523 7.34324395543 7.73436112201 0.503875961859 0.348244719222 9.93489743164 10.1984730581 10.3973896639
-9999.0 -9999.0 -9999.0 -9999.0 -9999.0 -9999.0 -9999.0 -9999.0 -9999.0 -9999.0 -9999.0 -9999.0 -9999.0 -9999.0 -9999.0 -9999.0 -9999.0 -9999.0 -9999.0 -9999.0 -9999.0 0.669771786523 0.626884481497 3.24304738218 25.7901712116 27.5882969818 28.6313591907 1.33697247289 15.3019031922 16.194634282 16.5990116905 0.823793372351 1.56194060467 2.19815754996 34.556832116 35.0797663954 35.5460380951 142.684111914 83.9628349428 0.474140651399 0.497433285479 0.48652074988 0.424608716237 4.26477256978 5.08880837257 5.84363751 6.24158530714 6.62977697332 42.7682497942 43.083384995 43.4634759945 44.2639640039 48.3629196365 48.5953890689 59.2323461943
-9999.0 -9999.0 -9999.0 -9999.0 -9999.0 -9999.0 -9999.0 -9999.0 -9999.0 -9999.0 -9999.0 -9999.0 -9999.0 -9999.0 -9999.0 -9999.0 -9999.0 -9999.0 -9999.0 -9999.0 -9999.0 -9999.0 1.30456388896 1.99030182866 0.811109077321 1.41496496037 10.425467334 11.8031898566 12.8822951609 7.15228028561 8.04532714618 8.95382359647 9.65909325105 33.4395548541 34.0669596076 21.661860126 57.7479181715 58.2649779039 83.5430526461 1.02435811838 0.520523379959 0.426567333085 2.9366284285 3.43184209957 0.348920589378 0.329043931132 41.4022495069 42.1320131257 42.4791699399 0.358255665587 0.549646266083 47.5502562124 0.406249135597 1.66334244401 1.87239753327
-9999.0 -9999.0 -9999.0 -9999.0 -9999.0 -9999.0 -9999.0 -9999.0 -9999.0 -9999.0 -9999.0 -9999.0 -9999.0 -9999.0 -9999.0 -9999.0 -9999.0 -9999.0 -9999.0 -9999.0 -9999.0 -9999.0 0.650526028903 1.28934360339 5.64298891607 6.50143239246 7.69383636674 5.13263629627 6.2680342189 0.884518175079 21.5332030273 22.3598942865 23.1467432487 0.676271786233 20.4604303447 21.0998702641 0.533200960058 80.9329251277 1.09150862876 0.544779803585 1.55111763468 2.07274023709 0.443061417768 0.39371907869 37.6503300651 40.7212297875 41.129586632 0.421663457747 1.02572055765 1.30461888389 1.61752512189 3.00538118764 0.622824064258 1.35575881574 0.271696647197
