data/baseflow/History/mHMbfrc312
ncols                  80
nrows                 72
xllcorner      4374000.0
yllcorner      5656000.0
cellsize            500
NODATA_value       -9999
[rows 24 to 47 of 72, columns 0 to 54 of 80]
-9999.0 -9999.0 -9999.0 -9999.0 -9999.0 -9999.0 -9999.0 -9999.0 -9999.0 -9999.0 -9999.0 -9999.0 1.31430143606 3.71690936317 4.87611412045 8.41043516593 1.03803220222 2.10074022424 3.07500769892 11.8118135663 12.6736270952 13.5116714386 14.3197965914 15.2023677908 22.9855035834 25.4883636956 27.0416527383 0.754082028423 3.62986069972 4.39138337849 54.2311217603 57.0961858116 58.3061117026 59.5231745632 60.5475768736 211.810892779 0.217375833637 401.09646978 0.942769660171 0.476494194931 3.04993240262 2.53905779815 0.416608953272 1.37013911599 2.07701153221 2.03517713317 1.3618790144 2.21960285495 3.48096064997 1.27050277672 3.23939945404 0.31218777546 0.561807521121 0.133011209718 0.0999320204739
-9999.0 -9999.0 -9999.0 -9999.0 -9999.0 -9999.0 -9999.0 -9999.0 -9999.0 -9999.0 -9999.0 -9999.0 1.25622879971 2.48776982866 1.17530360938 2.36450384466 1.0335631956 7.89587977015 9.87071237192 10.8769097286 0.916364621398 1.78871085531 17.2711463428 21.4706516037 22.2329263978 1.69894417913 1.52970822957 2.28388386997 0.681899965385 0.622961825274 1.16205506572 0.440494841587 25.8960744212 26.3136780617 26.6425538028 212.168559774 404.142295121 401.560292017 0.754148328633 0.348224639551 0.302801661276 1.06239851336 0.788269021997 1.80463284772 2.46540037761 4.91219853415 0.407743691357 0.403515145179 3.83982382156 4.22114990569 8.12731229772 8.37155954117 9.07750370652 9.32478868883 0.20634611679
-9999.0 -9999.0 -9999.0 -9999.0 -9999.0 -9999.0 -9999.0 -9999.0 -9999.0 -9999.0 -9999.0 -9999.0 -9999.0 1.20597894873 2.39631657335 3.58605861988 5.74693559436 1.12696194302 1.02022357045 6.87599428338 7.79434414464 15.5423522701 16.490974359 2.6565632364 0.880707555142 0.818840625918 0.760444339084 22.6502807571 23.2673208009 23.9438871186 24.5219209215 25.4818104339 4.73690587201 5.08142214633 31.997161447 648.473031485 2.23222119827 1.898270499 1.07868579824 0.253155472138 0.230714911395 1.66248817393 1.84955755645 2.25910367068 0.221033857943 5.1727088593 0.707242396981 0.695109696393 0.179944199378 0.122687361405 0.108308830907 0.0846536029836 0.112986536841 9.50127123082 140.343259371
-9999.0 -9999.0 -9999.0 -9999.0 -9999.0 -9999.0 -9999.0 -9999.0 -9999.0 -9999.0 -9999.0 -9999.0 -9999.0 -9999.0 1.16044345086 2.12241515447 2.97348744632 3.82983003552 4.84599276612 5.8930367521 3.02426522136 5.01195175865 0.921655765095 0.879431559908 18.6850373774 20.3722074432 21.1377239063 21.9735959763 0.671765170766 1.25017385297 3.17235894027 3.83607446318 4.34751360259 0.426252256402 0.273426899788 649.318260608 0.325662287825 0.461172961445 0.217611038047 0.954408773739 0.462878411186 0.202673362124 4.33096168548 4.47832652022 0.112103691426 5.2965162938 6.13101707973 0.855950321031 146.022194369 145.7383412 145.487189098 145.030384516 144.880636804 141.233935012 141.121730891
-9999.0 -9999.0 -9999.0 -9999.0 -9999.0 -9999.0 -9999.0 -9999.0 -9999.0 -9999.0 -9999.0 -9999.0 -9999.0 -9999.0 0.208311120581 0.480493055093 0.842055081952 7.40464583838 8.45809554084 1.06559521342 1.01943264434 0.998405266336 15.1005705735 16.9981568798 0.916763173608 0.927704840372 0.722776882486 2.98303033115 3.69353747376 1.99392620086 2.61185898352 17.6727471464 18.2054545533 19.0727751739 30.1372562871 679.648272603 0.294085421155 0.169800724651 1.40322069265 1.18455192215 0.165725368655 0.543572864607 0.694575661554 4.6542897235 4.78512085529 11.2449095676 6.23788927545 1.02277987538 148.895207861 1.15724912861 145.267856002 145.157816377 3.48109749119 0.177637500937 0.653146120803
-9999.0 -9999.0 -9999.0 -9999.0 -9999.0 -9999.0 -9999.0 -9999.0 -9999.0 -9999.0 -9999.0 -9999.0 -9999.0 -9999.0 1.07373928418 1.74908686684 3.68567449385 6.41401609341 9.22257148549 11.2331997611 12.2311942075 13.2488510471 14.2198145151 0.933943700872 0.845510989429 1.6587569661 1.49545635036 0.786569414035 15.3396625546 16.0256141145 16.6522666153 17.2817042518 9.79950332721 10.3276951265 10.7736650164 679.811930154 0.516213790395 0.414388368071 1.98293906622 0.217470862282 0.294987498313 0.154345597743 0.135216365398 0.823809060874 0.0970185950831 0.107062950914 160.762525721 149.453264111 149.353169439 0.513413437509 1.05213640252 0.682366072674 0.162863887677 3.18877232867 0.897351576724
-9999.0 -9999.0 -9999.0 -9999.0 -9999.0 -9999.0 -9999.0 -9999.0 -9999.0 -9999.0 -9999.0 -9999.0 -9999.0 -9999.0 0.752188321897 0.685089701325 1.33385111294 2.05568051753 1.04189581602 1.15529278846 2.20098887155 3.22545254627 5.14148115121 6.08744258388 6.91637619329 9.43703289501 10.1764425814 11.0017232634 0.706320827091 7.40134136548 8.0236396213 8.67554003669 0.602832147076 0.478170034085 0.74142312693 691.499034061 691.648380101 692.457995853 2.57232241657 0.433622905549 0.465549866348 0.12016414305 0.229718972182 0.92267481124 1.10067889519 0.187003938256 161.2412167 0.156617353198 0.278356158261 0.315558203965 0.212765532512 0.409494710349 0.159738827109 2.11131349091 1.72075139801
-9999.0 -9999.0 -9999.0 -9999.0 -9999.0 -9999.0 -9999.0 -9999.0 -9999.0 -9999.0 -9999.0 -9999.0 -9999.0 -9999.0 -9999.0 0.636800024756 1.26574929774 0.638105135112 1.32889387511 8.41128800576 9.30532297347 10.3000806391 0.95431688545 0.951030490794 1.7800629687 2.6295355314 4.06697378061 4.81492119514 5.32539648369 6.01098228657 0.554294353308 0.547155094497 9.91577068824 10.3609049529 10.5773342443 10.7763375704 8.85986653016 702.13999635 705.886156688 706.042167909 706.636735861 707.321107023 707.620601782 0.0811917962086 1.17667892473 161.310917378 0.185774377551 0.096524271376 0.105973414627 0.104785060469 0.179247089311 0.18718140434 0.11581191962 0.204163633544 0.202991327027
-9999.0 -9999.0 -9999.0 -9999.0 -9999.0 -9999.0 -9999.0 -9999.0 -9999.0 -9999.0 -9999.0 -9999.0 -9999.0 -9999.0 -9999.0 -9999.0 1.88460816173 2.58371858397 4.65757262948 6.31955390221 0.913674284859 12.2962957613 13.2278478755 14.1223708154 0.857556314736 1.68377270789 0.709323831655 5.61474495487 6.09256651859 6.78057680399 7.37915471932 9.00989939145 9.38861671176 0.229355617839 8.10605618625 8.50117118699 8.6803529042 9.52261339917 1.02333606887 0.633668804189 0.392524638126 0.377813145613 707.961484169 708.081503783 710.042215154 161.369111459 0.520087395578 0.279395919646 0.181786549516 0.0554618086546 0.579309294773 0.322981888075 0.0970139373129 0.584904525655 0.508747151168
-9999.0 -9999.0 -9999.0 -9999.0 -9999.0 -9999.0 -9999.0 -9999.0 -9999.0 -9999.0 -9999.0 -9999.0 -9999.0 -9999.0 -9999.0 -9999.0 0.698124252984 3.27167183306 4.00687657867 0.969745716266 1.02624826447 2.08276914707 3.03661557994 18.0639638332 0.846637609796 3.41263397546 4.1516427742 4.8999079199 0.492754464225 1.13997613541 1.62053874629 6.44559848936 7.2942158479 7.48790131007 0.201002068065 0.203306195318 0.25827823102 0.476440167439 0.211285150976 0.22174513296 0.327161620357 0.292929824132 0.323121299782 0.721924276341 710.188181554 871.883225583 0.640149309556 0.149095144186 0.0529691865974 1.89646889389 1.7696091136 1.0898806824 0.987857783392 0.746994851311 0.199053139669
-9999.0 -9999.0 -9999.0 -9999.0 -9999.0 -9999.0 -9999.0 -9999.0 -9999.0 -9999.0 -9999.0 -9999.0 -9999.0 -9999.0 -9999.0 0.55623421636 1.89470824352 0.637665156297 1.07176509353 1.12201141795 2.15967935273 3.1697367808 4.01845807002 22.7512495908 23.5528546301 0.828267550758 1.56215045585 2.30260441461 2.91696073044 3.58252306217 5.80176642143 6.19847555766 0.588824760588 0.404567367247 0.334608956972 0.350158817089 0.340419476805 0.360191826007 0.308486570336 0.416877347741 1.05873139825 0.497628853375 0.135786956673 0.128222766524 0.12705473557 0.230844534855 878.582670399 5.92628793296 2.20111020126 0.167409879192 0.0723833448446 0.053724605208 0.211302714079 0.150855511682 0.0806966303727
-9999.0 -9999.0 -9999.0 -9999.0 -9999.0 -9999.0 -9999.0 -9999.0 -9999.0 -9999.0 -9999.0 -9999.0 -9999.0 -9999.0 0.592685403965 1.13113072432 4.19838650687 0.604631632985 1.97843526641 3.0728310208 4.08102002047 1.03908972688 1.94274981932 2.73253137225 26.9021267671 0.776308739906 1.45339607052 2.15136994963 0.639599999091 1.27333802448 1.83681965893 2.21598793264 51.4523148774 52.1858851445 52.8013674324 55.58843264 56.6482565585 58.7614184506 0.435451877107 1.07265775478 1.28721722286 64.3919967036 64.6395748744 0.113408402618 0.193656613012 0.268698226255 878.666529457 5.60986674932 3.19111522373 3.10007670915 2.00153227332 1.55757486284 0.27825064544 0.064063227361 0.128346453911
-9999.0 -9999.0 -9999.0 -9999.0 -9999.0 -9999.0 -9999.0 -9999.0 -9999.0 -9999.0 -9999.0 -9999.0 -9999.0 -9999.0 0.610799742291 1.83649565959 6.63333676061 9.73290237806 0.531513358318 12.8616778417 17.6084229131 0.97304878245 1.85838923976 2.67931508862 34.4331041217 35.0466653914 0.626959541901 3.43599190552 4.02414718345 4.57624060631 46.3990225271 48.0276422158 48.8282791141 0.365696746522 2.0173809762 2.39779099075 1.01262680835 1.44625514123 60.7081578303 62.3715200828 62.6830896357 62.9709183876 64.8958803211 0.124390061745 0.098852903257 0.43863777133 878.742204273 0.128425468896 0.339499866038 1.02563450819 0.380184970198 1.44095880936 0.940164234037 0.55768140886 0.404087479006
-9999.0 -9999.0 -9999.0 -9999.0 -9999.0 -9999.0 -9999.0 -9999.0 -9999.0 -9999.0 -9999.0 -9999.0 -9999.0 -9999.0 -9999.0 -9999.0 1.27342374304 2.55363625934 11.5482469234 12.2223205487 18.1875561226 18.8647788332 0.947162294797 1.8924418018 4.31705429346 35.6197486837 36.9476131922 37.4858140222 0.431004860902 39.5501455425 41.276480878 1.05916761449 0.371275621823 0.697970125046 1.36337026609 0.328458922708 0.644428050148 1.35932955129 1.69177861037 0.324147329787 0.190602394354 0.369547078304 66.3715949931 66.8422776228 66.9186533068 67.6112072298 878.801813181 0.0745470102878 0.21519961434 0.276678860017 0.249207073597 0.257945562012 0.209555801565 0.384778975274 0.0481894599559
-9999.0 -9999.0 -9999.0 -9999.0 -9999.0 -9999.0 -9999.0 -9999.0 -9999.0 -9999.0 -9999.0 -9999.0 -9999.0 -9999.0 -9999.0 -9999.0 0.664933486382 0.647758949492 0.649908519929 1.35662782662 0.5986786578 20.051467628 20.6580818992 0.830126527642 1.66842701842 0.836458442107 0.669353451312 0.644974446169 38.6804717653 0.604842093275 1.24566370773 0.511702144234 0.375163426816 0.338585204699 0.247205957348 0.261011329562 0.798844390161 1.10270593078 0.195614273127 0.16580855595 0.362352284202 0.621225567017 0.850003508175 0.254324180222 67.0825423519 67.6894404077 878.829879147 0.642523714449 0.501430283605 0.146221454879 0.358615660578 0.112398478123 0.0831165652058 0.476693123358 0.250731218241
-9999.0 -9999.0 -9999.0 -9999.0 -9999.0 -9999.0 -9999.0 -9999.0 -9999.0 -9999.0 -9999.0 -9999.0 -9999.0 -9999.0 -9999.0 -9999.0 -9999.0 -9999.0 0.638512549293 1.93994373 2.45866785009 3.03349313139 21.220219093 21.7897484576 22.3658514137 23.053612634 23.6754745388 24.9727543461 25.5117406029 26.0923149895 26.5044497162 0.310570770097 0.28739724569 0.316283239694 1.10341343108 0.300360535962 0.279754818877 0.20396240665 0.582551302266 0.240107947615 0.167396290814 0.151459700272 0.123841108091 0.246930266815 0.34477432128 68.3701537969 947.874126371 0.0614719996688 0.125885784804 0.11539256504 0.477167392874 0.239634443666 0.167132899292 0.91041505888 0.402768892172
-9999.0 -9999.0 -9999.0 -9999.0 -9999.0 -9999.0 -9999.0 -9999.0 -9999.0 -9999.0 -9999.0 -9999.0 -9999.0 -9999.0 -9999.0 -9999.0 -9999.0 -9999.0 -9999.0 0.520965573714 4.21406489775 8.40045627938 9.01411522475 0.878503915538 1.71452109687 2.55635730642 3.21759335509 7.80795338905 8.15605784431 0.330100517976 0.327555036774 27.1326516115 27.6850754136 27.9357292107 1.29418348149 0.174532625327 0.472052238168 0.685699693172 2.01919327596 2.46531455645 2.78127603331 0.281745909532 0.380263049915 0.12373163572 0.238640787732 0.120915652681 948.049073847 0.0508083870947 0.222489431167 0.170429851347 0.684143736476 1.15359607019 1.34872594844 2.28878406559 0.50998906028
-9999.0 -9999.0 -9999.0 -9999.0 -9999.0 -9999.0 -9999.0 -9999.0 -9999.0 -9999.0 -9999.0 -9999.0 -9999.0 -9999.0 -9999.0 -9999.0 -9999.0 -9999.0 0.59137673701 1.89815032126 3.70372943244 4.8250831406 12.4746440925 13.2157242498 1.76346617835 2.62155040553 3.31793728882 4.00032620018 8.61417226098 9.3254931388 16.9408469993 17.5931019757 17.9058154026 28.204697021 30.1834381401 0.456374453765 0.322694404498 0.304669344973 0.571814671127 0.249351614657 3.2407911922 3.38881083495 0.494381292172 0.668942069812 0.126975011182 196.938150931 197.169484017 1145.30511143 1145.57646518 0.0536120652508 0.800579572097 0.0767811543153 0.0647888087867 2.41942562917 2.97414833629
-9999.0 -9999.0 -9999.0 -9999.0 -9999.0 -9999.0 -9999.0 -9999.0 -9999.0 -9999.0 -9999.0 -9999.0 -9999.0 -9999.0 -9999.0 -9999.0 -9999.0 -9999.0 -9999.0 0.684216275712 0.662829134068 1.24277914301 2.93417454628 13.7844528383 0.908259752694 0.896046405158 1.58703140418 2.2976808766 5.81372194785 6.4208944415 0.520655243526 0.441414295759 18.3130569094 18.6114563672 49.0816194663 49.3382074098 0.147721408109 0.123890467506 0.0960497449142 0.0972686453634 0.102932560001 194.127542874 195.024269715 195.891981362 196.204630262 196.795422468 0.131549796674 0.467133143207 0.543009404491 1146.25421235 1146.25577364 1146.32765402 1146.43166559 1146.52566208 3.06198471711
-9999.0 -9999.0 -9999.0 -9999.0 -9999.0 -9999.0 -9999.0 -9999.0 -9999.0 -9999.0 -9999.0 -9999.0 -9999.0 -9999.0 -9999.0 -9999.0 -9999.0 -9999.0 -9999.0 -9999.0 0.599713977151 0.632032065728 1.16376971708 16.0633398514 16.6900704396 0.878177800081 1.56275329081 2.29204659344 2.96919729689 0.619708346631 1.06996590032 39.5893549055 39.9088944445 40.2581888235 42.8320540983 92.4922584689 187.854024983 188.22866748 188.554783145 188.859761251 190.168469304 190.5999224 0.750868415809 0.322622970852 0.198332005216 0.365662876513 0.229458983315 0.373851496034 0.110272765094 2.81138375397 3.01427016969 3.16316156961 3.1893397364 1146.52866448 1149.64480426
-9999.0 -9999.0 -9999.0 -9999.0 -9999.0 -9999.0 -9999.0 -9999.0 -9999.0 -9999.0 -9999.0 -9999.0 -9999.0 -9999.0 -9999.0 -9999.0 -9999.0 -9999.0 -9999.0 -9999.0 -9999.0 0.613583790407 1.17160065701 1.73408620211 17.163284423 0.651193929042 23.585434913 24.3488392534 24.9845324979 25.4839448957 37.6287165639 38.1035132314 0.367554672216 1.88043644874 2.27510011211 0.347819204697 94.991547658 94.3793842154 0.165383615137 0.398987629037 1.06501003135 0.239202324319 0.242319962196 0.161139192844 0.122849641109 0.0891842764463 0.104201350588 2.47778300347 2.58424591957 2.72091741637 0.144153333385 0.107675231966 3.24798957576 3.28365031024 3.30060471173
-9999.0 -9999.0 -9999.0 -9999.0 -9999.0 -9999.0 -9999.0 -9999.0 -9999.0 -9999.0 -9999.0 -9999.0 -9999.0 -9999.0 -9999.0 -9999.0 -9999.0 -9999.0 -9999.0 -9999.0 -9999.0 0.553452523012 0.515898002354 2.68895069247 21.0012229646 22.2360362728 22.9040124955 0.758797117408 10.5951118517 11.2861428588 11.6467161477 0.481254859437 0.874450835316 1.21458013722 22.5058444009 22.7516438336 22.9574549217 94.0165915075 55.9512590994 0.223895448813 0.227753792789 0.215868167853 0.146617177405 1.55914296825 1.85069353322 2.09821938868 2.23365792981 2.36223460542 20.9282398057 21.0092235034 21.1457533401 21.4962378495 22.4872785956 22.512269688 25.8373341221
-9999.0 -9999.0 -9999.0 -9999.0 -9999.0 -9999.0 -9999.0 -9999.0 -9999.0 -9999.0 -9999.0 -9999.0 -9999.0 -9999.0 -9999.0 -9999.0 -9999.0 -9999.0 -9999.0 -9999.0 -9999.0 -9999.0 1.08066212986 1.65750410945 0.646983165896 0.909342328597 7.7969811663 8.61483718786 9.21135976085 4.5133456231 5.11999955952 5.71071678244 6.07283339124 21.9447104955 22.2967449428 14.4022153772 37.6218556732 37.8617183316 55.7744222035 0.436866665028 0.217925313102 0.135115522512 1.08836552992 1.27209911315 0.0896397336728 0.0819305584379 20.549730697 20.7589539777 20.8546477463 0.16721450187 0.25168898082 22.366693989 0.078722892571 0.196494988785 0.213892117299
-9999.0 -9999.0 -9999.0 -9999.0 -9999.0 -9999.0 -9999.0 -9999.0 -9999.0 -9999.0 -9999.0 -9999.0 -9999.0 -9999.0 -9999.0 -9999.0 -9999.0 -9999.0 -9999.0 -9999.0 -9999.0 -9999.0 0.542201248275 1.07281488946 4.68533229754 5.36123816434 6.10871523214 3.24171884141 3.88982937348 0.660036640328 14.4194075166 15.007213476 15.5275534819 0.401407013687 13.7581380064 14.1249127665 0.255324673711 54.591951856 0.528300307402 0.263628141125 0.598714528237 0.817567593164 0.140277746286 0.105642418828 19.4441033075 20.3670557492 20.4936117313 0.136834055849 0.255276101725 0.320344227394 0.376320560603 0.758004003805 0.0701837117115 0.162987208368 0.0304164914727
