data/baseflow/History/mHMbfrc547
ncols                  80
nrows                 72
xllcorner      4374000.0
yllcorner      5656000.0
cellsize            500
NODATA_value       -9999
[rows 24 to 47 of 72, columns 0 to 53 of 80]
-9999.0 -9999.0 -9999.0 -9999.0 -9999.0 -9999.0 -9999.0 -9999.0 -9999.0 -9999.0 -9999.0 -9999.0 0.892640053094 2.4278958733 3.14402559689 5.31455889887 0.646411551274 1.30876341981 1.91911254601 7.25914835325 7.66711407155 7.84604584011 8.27251230523 8.82719187309 14.2816462248 15.7983197612 16.4390112114 0.157419473225 1.43153233563 1.54641019083 29.0999004819 29.5072328202 29.6579821674 29.808554736 29.9858228331 121.393208633 0.426426343968 264.203316128 0.26495501558 0.0809953729484 1.79122829324 1.6369366269 0.190076577701 0.968429759609 1.39755250867 1.38843922325 0.962218991563 1.5702330787 2.47900974654 0.916200964077 2.42002099129 0.17045695674 0.228703995316 0.0281405589549
-9999.0 -9999.0 -9999.0 -9999.0 -9999.0 -9999.0 -9999.0 -9999.0 -9999.0 -9999.0 -9999.0 -9999.0 0.830015165795 1.63302698731 0.71565606431 1.44098327612 0.629312017217 4.8426434035 6.05691546164 6.68252937512 0.567012224302 1.02671925161 11.0099665761 13.3912484587 13.803395961 1.02092649104 0.945763857451 1.24091454756 0.0969992758527 0.0862270638845 0.160178614073 0.125056074247 17.8862186945 18.0454580997 18.2338101329 121.772297328 265.849880017 264.312387223 0.120314907426 0.0529326980369 0.0463874882766 0.281532449478 0.239718935263 1.0562934762 1.60632020352 3.29484488323 0.298212142349 0.298138381751 2.6917454932 2.90263589773 5.75891888156 5.89482777654 6.15461660784 6.20885513958
-9999.0 -9999.0 -9999.0 -9999.0 -9999.0 -9999.0 -9999.0 -9999.0 -9999.0 -9999.0 -9999.0 -9999.0 -9999.0 0.738824393766 1.47044995944 2.2107181041 3.52434522822 0.699259233778 0.628581497255 4.99499911067 5.55395336725 10.2040104387 10.7445411718 1.50533014291 0.525469394279 0.503213809854 0.461182040304 17.1113403184 17.3273324634 17.4474878323 17.5268963483 17.7479186156 2.01400159811 2.26321908971 20.7724441009 408.589586525 1.0461416857 0.749631377361 0.237814955435 0.077270817944 0.0468558407999 0.375357161421 0.410377299634 1.13400499545 0.037766925156 3.35821643914 0.426812429508 0.414985210317 0.0389498790152 0.0267149699892 0.0253984244005 0.0687075296959 0.0263773575895 6.23571840304
-9999.0 -9999.0 -9999.0 -9999.0 -9999.0 -9999.0 -9999.0 -9999.0 -9999.0 -9999.0 -9999.0 -9999.0 -9999.0 -9999.0 0.710492543644 1.53337506196 2.30714737095 3.10953804804 3.74169459528 4.39325856133 1.85425474548 3.05343835896 0.533223556177 0.513175726859 14.7552907396 15.7410546114 16.2031376686 16.7115592078 0.363765711507 0.608083556965 1.56947224677 1.68920004369 1.81817812574 0.267973078055 0.318413064213 409.533489982 0.323540161192 0.360864740516 0.186919212676 0.420090751573 0.183263884368 0.143034893601 1.64603425487 1.81024038887 0.0826694232846 3.46708772281 3.92650397428 0.449392279017 84.7486795939 84.6776560343 84.6162628227 84.4149474542 84.2739510394 82.9151769726
-9999.0 -9999.0 -9999.0 -9999.0 -9999.0 -9999.0 -9999.0 -9999.0 -9999.0 -9999.0 -9999.0 -9999.0 -9999.0 -9999.0 0.221164395735 0.485539673171 0.769600181233 7.46049159184 8.10204874119 0.649762719356 0.622830966605 0.5986708254 12.6869647485 13.7762150061 0.509611370647 0.52336212975 0.420687616973 1.71977187624 2.13559215997 1.04882194918 1.25982866706 10.1306564948 10.3803740751 11.0452014252 17.1161260212 426.880626896 0.354799730396 0.167448352055 0.709891383551 0.562457356391 0.117350455634 0.387990772224 0.511442700289 1.95064856919 2.0773767706 6.22724131206 3.97229907051 0.492703967331 86.729682489 1.02002724227 84.5490746801 84.4862068839 1.24574372187 0.104720079556
-9999.0 -9999.0 -9999.0 -9999.0 -9999.0 -9999.0 -9999.0 -9999.0 -9999.0 -9999.0 -9999.0 -9999.0 -9999.0 -9999.0 1.12922348357 1.8463131045 3.77038426959 6.68349432138 8.86914767858 10.3656750565 10.9774538413 11.5991797087 12.1736667462 0.530620992925 0.486285225912 0.943629389518 0.860715685094 0.443275898653 8.87722087389 9.28407521695 9.66445675932 10.0158439375 5.02905833547 5.18591180241 5.66612181591 427.078366913 0.609524274779 0.525356012979 1.32331757244 0.131005606999 0.315808539697 0.180834239974 0.114561583609 0.657668573561 0.101832221961 0.106742729518 93.5472944034 87.2332805837 87.1235741715 0.4136921517 0.957251846027 0.572932095966 0.0995142024068 0.97999019915
-9999.0 -9999.0 -9999.0 -9999.0 -9999.0 -9999.0 -9999.0 -9999.0 -9999.0 -9999.0 -9999.0 -9999.0 -9999.0 -9999.0 0.786803999814 0.740636147348 1.45240961613 2.1984411652 0.732781718818 0.674438264293 1.27998144134 1.87969952876 2.95757267317 3.49432680907 3.99207791038 5.44883363884 5.89378184836 6.34943233224 0.402764283053 4.23309593021 4.54341362212 4.73631998183 0.093867976647 0.033558659493 0.0964215915684 432.731785342 432.92324289 433.917990071 1.70670554301 0.272053736005 0.524570375594 0.142838070173 0.210305500061 0.765658459288 0.955392429202 0.196554285427 94.0737432333 0.194572095124 0.24365181067 0.256146490757 0.238121318494 0.364711279675 0.156699563854 0.726596821678
-9999.0 -9999.0 -9999.0 -9999.0 -9999.0 -9999.0 -9999.0 -9999.0 -9999.0 -9999.0 -9999.0 -9999.0 -9999.0 -9999.0 -9999.0 0.70747252239 1.39621854796 0.67498008996 1.3803233555 8.6099421279 9.24789420189 9.84280123437 0.539475786456 0.542082132759 1.03431799172 1.52484044225 2.38705910395 2.81589567455 3.05131313028 3.43094496184 0.319176731854 0.234265787922 5.02748397407 5.06826583443 5.19473727178 5.35576031031 4.65209697735 439.23982438 441.946606538 442.077723851 442.723091517 443.317880701 443.677358363 0.112743722718 1.05013648213 94.1863187837 0.268981077297 0.137717086689 0.183941981302 0.168675561344 0.275504545229 0.193004823805 0.110120983203 0.155168901894
-9999.0 -9999.0 -9999.0 -9999.0 -9999.0 -9999.0 -9999.0 -9999.0 -9999.0 -9999.0 -9999.0 -9999.0 -9999.0 -9999.0 -9999.0 -9999.0 2.07351023178 2.79396307914 4.95187844952 6.50034243078 0.804136352251 11.285068998 11.8146104425 12.3390858217 0.509915698164 1.00172281245 0.440676103407 3.31338874337 3.52544636622 3.86541475062 4.19597352185 4.91184307193 4.97139837224 0.0448393776412 3.97098413696 4.3063938059 4.49307391447 5.12928969502 0.821573763241 0.521966274334 0.300020958474 0.273968246206 444.091735111 444.322933106 446.240970563 94.3162098108 0.763314706677 0.382551000817 0.271621483698 0.0714171478671 0.68205753934 0.318075949417 0.101601472453 0.52534494188
-9999.0 -9999.0 -9999.0 -9999.0 -9999.0 -9999.0 -9999.0 -9999.0 -9999.0 -9999.0 -9999.0 -9999.0 -9999.0 -9999.0 -9999.0 -9999.0 0.745956941068 3.51956349563 4.27368775104 0.835035242392 0.598392035785 1.19533101564 1.72615600381 14.5989693075 0.504468637195 2.02833441477 2.48195367319 2.9262070556 0.227366325842 0.543326032592 0.657368917155 3.20014308129 3.45942103668 3.59732743686 0.162366535581 0.150363106144 0.157182418481 0.286677030479 0.1142307804 0.123853319613 0.233743683197 0.173863886649 0.218027576855 0.715877122562 446.454102874 541.309257666 0.978531539384 0.171094314753 0.0928772210971 1.98877471914 1.83275928966 1.03632320986 0.916334029112 0.663306659908
-9999.0 -9999.0 -9999.0 -9999.0 -9999.0 -9999.0 -9999.0 -9999.0 -9999.0 -9999.0 -9999.0 -9999.0 -9999.0 -9999.0 -9999.0 0.633926797391 2.06664331849 0.683730379271 0.777222152057 0.669643184223 1.27853154322 1.85705408616 2.46715446601 17.7349255682 18.2194874204 0.497948808186 0.952805748403 1.4104662271 1.70027751195 1.97599211245 2.70365132858 3.05651179426 0.0726577974653 0.143019904502 0.16029595825 0.201326927802 0.241688543834 0.236239111794 0.216908770295 0.239182041529 0.979388104242 0.444500045286 0.248438787076 0.244049700244 0.187391657785 0.348234358148 547.970549995 5.54403057973 2.56338028649 0.312601429712 0.144834292111 0.106729116598 0.315178550665 0.198571521324
-9999.0 -9999.0 -9999.0 -9999.0 -9999.0 -9999.0 -9999.0 -9999.0 -9999.0 -9999.0 -9999.0 -9999.0 -9999.0 -9999.0 0.653136314464 1.28699075954 4.68138801147 0.679638760087 1.60175425676 2.25135124902 2.85091814033 0.618918233644 1.15584765687 1.83664796332 20.6835575182 0.473903993914 0.905920654438 1.34112525459 0.384261272739 0.744999616414 0.808239604233 1.10010359838 34.8621961434 35.2175415578 35.620266788 37.4419843829 38.0767453956 39.4917743718 0.518046494276 1.05377125647 1.23684936856 44.339334179 44.7692815231 0.22658102508 0.362316623322 0.495905627577 548.16042975 5.27093905146 2.28850088648 2.11715651688 1.92608615817 1.77537451924 0.419220110651 0.113217449235
-9999.0 -9999.0 -9999.0 -9999.0 -9999.0 -9999.0 -9999.0 -9999.0 -9999.0 -9999.0 -9999.0 -9999.0 -9999.0 -9999.0 0.658515266881 2.01375160799 7.36562335914 10.9296622845 0.620529527508 14.4639931607 17.9963413351 0.57338973373 1.09869540393 1.74337134676 25.7314944426 26.3145297627 0.4275995191 2.20222896179 2.58577187907 2.84600787796 32.8553035886 33.2478172264 33.6497841149 0.215789152442 1.25946770231 1.50127504036 0.687531679751 0.994926182332 40.9072155002 42.4212863787 42.6814359222 42.9315094809 45.1094736056 0.16632966812 0.14871757313 0.78286507674 548.39552368 0.236963461831 0.0157713876208 0.0442766859947 0.0178924842165 1.53703175212 1.47639776207 0.878009170086
-9999.0 -9999.0 -9999.0 -9999.0 -9999.0 -9999.0 -9999.0 -9999.0 -9999.0 -9999.0 -9999.0 -9999.0 -9999.0 -9999.0 -9999.0 -9999.0 1.44361373978 2.92057751971 13.022645783 13.7742256997 18.6591504141 19.3555083086 0.560738497172 1.12041799093 2.71705201437 26.9451203672 27.8976427902 28.2874500191 0.322817123524 29.5269138932 29.9014869259 0.273596651431 0.216933206743 0.424146136515 0.8289066246 0.199739910273 0.409102240631 0.937390844743 1.18200712722 0.22162683341 0.16172812882 0.327977857818 46.2411150888 46.6226147128 46.7555983172 47.8760521621 548.604393567 0.174580296259 0.00806390393961 0.0101388824091 0.00946651587502 0.00998095668465 0.00770302720545 0.0135049542813
-9999.0 -9999.0 -9999.0 -9999.0 -9999.0 -9999.0 -9999.0 -9999.0 -9999.0 -9999.0 -9999.0 -9999.0 -9999.0 -9999.0 -9999.0 -9999.0 0.761690668344 0.745848343274 0.742035972828 1.50109798429 0.672209998582 20.6879121125 21.3282174114 0.565265483002 1.07039994984 0.534826003174 0.457854542977 0.446502004797 28.9640092976 0.100677424318 0.200694662796 0.184681251032 0.227780737118 0.20570724686 0.168524862781 0.174091899724 0.530166956648 0.722844400842 0.149071461088 0.135492391976 0.288784542148 0.471035104547 0.586915323646 0.160600424051 46.9327320238 48.0237444194 548.775041398 0.373618687167 0.0229629698172 0.00408062726088 0.0121498839294 0.00282668262397 0.0018471623909 0.0157457567443
-9999.0 -9999.0 -9999.0 -9999.0 -9999.0 -9999.0 -9999.0 -9999.0 -9999.0 -9999.0 -9999.0 -9999.0 -9999.0 -9999.0 -9999.0 -9999.0 -9999.0 -9999.0 0.739219143317 2.18316785638 2.79654734433 3.44812127319 21.95819362 22.5724164082 23.1895824064 23.8408551347 24.2769633803 25.1738525392 25.2891866938 25.3735762329 25.4956877354 0.205376263817 0.194388874939 0.202478173222 0.726239888925 0.189910825048 0.182513872923 0.150485532615 0.441884980513 0.170471620992 0.138597651787 0.130153949017 0.111043900135 0.221682936191 0.322007639988 48.7041957603 598.025497531 0.17282773988 0.350223110791 0.0025366480186 0.0157843930374 0.00759531066453 0.00372917273362 0.90104516891
-9999.0 -9999.0 -9999.0 -9999.0 -9999.0 -9999.0 -9999.0 -9999.0 -9999.0 -9999.0 -9999.0 -9999.0 -9999.0 -9999.0 -9999.0 -9999.0 -9999.0 -9999.0 -9999.0 0.62124945646 4.90339877384 9.69934806241 10.3862442545 0.760792019392 1.32930367544 1.83313147481 2.26518860417 5.07083942885 5.27465286954 0.203080206674 0.195972894018 25.9450284177 26.3454250537 26.5264668234 0.876622939942 0.143218208226 0.340994617028 0.500682932509 1.47501182706 1.80166544393 2.07148601582 0.250777272795 0.354399696491 0.120722979175 0.239187955625 0.122087377945 598.280314109 0.169590251479 0.669727101916 0.178977838589 0.266203751861 1.02354739743 1.10530451838 2.08678616493
-9999.0 -9999.0 -9999.0 -9999.0 -9999.0 -9999.0 -9999.0 -9999.0 -9999.0 -9999.0 -9999.0 -9999.0 -9999.0 -9999.0 -9999.0 -9999.0 -9999.0 -9999.0 0.688946953303 2.18792790495 4.29126378344 5.61358136336 14.448599573 15.171467134 1.05299261312 1.55754976582 1.978132457 2.40298441908 5.41329993348 5.79609885235 9.53909530084 9.83011769122 10.0445786912 26.7142083968 28.0949094199 0.334187877285 0.208308417365 0.201149929879 0.389078744135 0.179802750476 2.41524692393 2.54626666978 0.473753532182 0.599327067787 0.154091388249 144.195764438 144.473591834 742.960990756 743.874572454 0.16611690859 0.604604362191 0.337975192652 0.265305608195 2.48462041636
-9999.0 -9999.0 -9999.0 -9999.0 -9999.0 -9999.0 -9999.0 -9999.0 -9999.0 -9999.0 -9999.0 -9999.0 -9999.0 -9999.0 -9999.0 -9999.0 -9999.0 -9999.0 -9999.0 0.779621273415 0.761373125252 1.44465529614 3.43709364433 15.8054996151 0.541221396526 0.533645862731 0.972315951138 1.40045593452 3.10645588261 3.27503447144 0.107455095252 0.18676198685 10.2874781901 10.4912731618 38.7764815859 38.9595456753 0.13715139562 0.124451709415 0.109050572066 0.109966306925 0.113223559878 141.781234868 142.582509376 143.296550933 143.561996438 144.065636856 0.140967787422 0.534044912224 0.683439714523 744.898401132 745.043823011 745.175249295 745.313198702 745.428196491
-9999.0 -9999.0 -9999.0 -9999.0 -9999.0 -9999.0 -9999.0 -9999.0 -9999.0 -9999.0 -9999.0 -9999.0 -9999.0 -9999.0 -9999.0 -9999.0 -9999.0 -9999.0 -9999.0 -9999.0 0.702318580928 0.733061076091 1.3646694318 18.4718990534 19.1326774839 0.523321285559 0.9604904571 1.39534911999 1.57035733701 0.131337400751 0.339704277306 37.7165141149 37.9233305135 38.1127486173 39.5556403718 78.6869882644 136.742593668 137.050390132 137.33764357 137.614596307 138.745115934 139.099023427 0.679822230587 0.313516376482 0.177160555353 0.337143978928 0.268409446888 0.417927683165 0.130206160318 3.06394529972 3.60381139747 4.04129264122 4.12049095736 745.532317774
-9999.0 -9999.0 -9999.0 -9999.0 -9999.0 -9999.0 -9999.0 -9999.0 -9999.0 -9999.0 -9999.0 -9999.0 -9999.0 -9999.0 -9999.0 -9999.0 -9999.0 -9999.0 -9999.0 -9999.0 -9999.0 0.715592297277 1.37443711536 2.03620645138 19.6841494195 0.602097987064 26.4652302632 26.9207300664 27.0524412965 27.2665502511 36.8833429752 37.1390467133 0.227410722387 1.07006584099 1.29724610504 0.229042108542 57.7447877078 57.3245506578 0.146888115736 0.331843419753 0.881390499008 0.190443391674 0.201979754427 0.162558390582 0.143284692297 0.116617452873 0.131919058272 2.62226313114 2.75658429715 2.91395452972 0.379334843421 0.290030351898 4.29047203099 4.42183170348
-9999.0 -9999.0 -9999.0 -9999.0 -9999.0 -9999.0 -9999.0 -9999.0 -9999.0 -9999.0 -9999.0 -9999.0 -9999.0 -9999.0 -9999.0 -9999.0 -9999.0 -9999.0 -9999.0 -9999.0 -9999.0 0.655382021977 0.617315297343 3.19574143671 24.1652564913 25.4020208037 26.0325951123 0.487868316505 9.2783022798 9.38290726164 9.44489568687 0.224242703682 0.478913286638 0.705473031171 13.2427760502 13.4240694011 13.5868127326 57.0143799803 36.0259114576 0.182869709078 0.187232033783 0.179509326006 0.150712047249 1.57595041517 1.89233557975 2.17577416993 2.33090940504 2.48129375153 14.2958222495 14.4138165061 14.5360307888 14.804443855 16.3558712647 16.4352758474
-9999.0 -9999.0 -9999.0 -9999.0 -9999.0 -9999.0 -9999.0 -9999.0 -9999.0 -9999.0 -9999.0 -9999.0 -9999.0 -9999.0 -9999.0 -9999.0 -9999.0 -9999.0 -9999.0 -9999.0 -9999.0 -9999.0 1.28465337943 1.96208135032 0.701453690943 0.542452943306 7.70048007108 8.21638917722 8.5621779384 2.87285976096 2.96727170943 3.1000836515 3.32851460558 12.8342948264 13.0728052232 6.83876572895 20.6302386424 20.8241339626 35.873397782 0.38860773117 0.196390488198 0.150413848562 1.08994681611 1.27671164538 0.129345667135 0.12220648089 13.7334185616 14.0327401111 14.1863069065 0.12873660905 0.189245917958 16.0622286839 0.164245131401 0.670324553566
-9999.0 -9999.0 -9999.0 -9999.0 -9999.0 -9999.0 -9999.0 -9999.0 -9999.0 -9999.0 -9999.0 -9999.0 -9999.0 -9999.0 -9999.0 -9999.0 -9999.0 -9999.0 -9999.0 -9999.0 -9999.0 -9999.0 0.644732458607 1.27697231437 5.35789464431 6.05763824913 6.67404361504 2.3517955204 2.77112734799 0.116298602562 9.05062630181 9.15287751285 9.27308991954 0.189234603191 6.38957503742 6.63458251417 0.197545665379 34.8774179163 0.418631337865 0.207488833667 0.584361682588 0.781307664354 0.16099675612 0.137099624063 12.2383857312 13.4517383975 13.6274730793 0.17032716783 0.405416992235 0.509126985542 0.619051495245 1.168468422 0.247562470174 0.551135505383
