data/baseflow/History/mHMbfrc258
ncols                  80
nrows                 72
xllcorner      4374000.0
yllcorner      5656000.0
cellsize            500
NODATA_value       -9999
[rows 24 to 47 of 72, columns 0 to 53 of 80]
-9999.0 -9999.0 -9999.0 -9999.0 -9999.0 -9999.0 -9999.0 -9999.0 -9999.0 -9999.0 -9999.0 -9999.0 0.428649094879 1.15060885514 1.49280044601 2.5440828837 0.292004380359 0.592660257534 0.866675504509 3.42594393334 3.60560408038 3.67818553704 3.85417309399 4.07873380036 6.90248868147 7.54235271608 7.79901409427 0.0568580420682 0.598288017697 0.639881531557 13.3314108916 13.4871429394 13.5520817688 13.6190766091 13.6902186587 56.7481782102 0.132917663185 127.25274949 0.0855453290757 0.0266339441156 0.876682764593 0.809252305598 0.0912927449485 0.459411409705 0.68463861337 0.673751911151 0.46426053778 0.760602050627 1.2040183071 0.457394009997 1.15876601702 0.0809907328766 0.127863884401 0.0096430700507
-9999.0 -9999.0 -9999.0 -9999.0 -9999.0 -9999.0 -9999.0 -9999.0 -9999.0 -9999.0 -9999.0 -9999.0 0.382173673082 0.76395906133 0.352312177505 0.71086050923 0.297014469199 2.32166428126 2.87453130654 3.16539470679 0.25307802321 0.461497228347 5.37193517195 6.51273244367 6.71510923416 0.437888259652 0.40352894301 0.531116333263 0.0342673765874 0.0299511211154 0.0556313355647 0.0440434052585 10.4085977691 10.4760647189 10.5236433549 56.9550802464 127.907543957 127.286838114 0.0378589722887 0.0184078622331 0.0164651783097 0.125026838642 0.110883298897 0.500554594363 0.784508340395 1.60680980598 0.148336438008 0.147511892556 1.30428905233 1.40443301432 2.76672622614 2.81756764471 2.95616845661 2.97470689795
-9999.0 -9999.0 -9999.0 -9999.0 -9999.0 -9999.0 -9999.0 -9999.0 -9999.0 -9999.0 -9999.0 -9999.0 -9999.0 0.359879345846 0.715630682801 1.07623586371 1.69884145283 0.329589542913 0.287401651757 2.58703821058 2.83980835347 4.99533145273 5.25591544042 0.728302193258 0.233410649637 0.211439575533 0.194284701154 10.1205926034 10.2019621283 10.2464869587 10.2755075659 10.3546934294 0.904638471285 0.983338804924 11.5702876652 196.553641963 0.402700519588 0.250012849943 0.0807094300851 0.0281527361144 0.0168151860982 0.157616189914 0.168823137956 0.526654866492 0.0128639580582 1.63019669192 0.203761420632 0.197581493409 0.0134231455994 0.00854685307775 0.00819850192113 0.023600855073 0.00897863742231 2.9862279644
-9999.0 -9999.0 -9999.0 -9999.0 -9999.0 -9999.0 -9999.0 -9999.0 -9999.0 -9999.0 -9999.0 -9999.0 -9999.0 -9999.0 0.327767553239 0.795588765924 1.25250289312 1.72121994511 2.0127639444 2.31500246162 0.863047519551 1.42698532164 0.257747805646 0.244373179996 9.05532763276 9.52386391694 9.73763848817 9.96522732817 0.146245608684 0.237749004285 0.689341561242 0.749552979293 0.814210017274 0.0955274733212 0.106539045038 197.007044337 0.160987445679 0.124410272762 0.0601499434136 0.181748887355 0.0850174390788 0.0482406761106 0.731525938433 0.794186431163 0.0273363054396 1.66795871978 1.8808659616 0.207808291272 40.0403038546 40.0167163658 39.9966323992 39.9259560915 39.8770473191 39.3028382226
-9999.0 -9999.0 -9999.0 -9999.0 -9999.0 -9999.0 -9999.0 -9999.0 -9999.0 -9999.0 -9999.0 -9999.0 -9999.0 -9999.0 0.170265453082 0.363130180745 0.476646803201 5.37179569737 5.6727180606 0.307192081474 0.291579644824 0.284287407322 8.06513966326 8.59023504941 0.249835829169 0.257979955807 0.205231944266 0.863747726638 1.07631319032 0.4540698663 0.568196181049 5.07961404735 5.19880684271 5.48414563316 8.51596700878 205.667466243 0.170406727077 0.0504474377573 0.315319480458 0.249662563954 0.050424529452 0.150774360533 0.198217039433 0.846511783407 0.892863517669 2.86227352034 1.90947229676 0.234470970187 40.8251531619 0.365295419409 39.9740156866 39.9516386988 0.53093459826 0.081188846492
-9999.0 -9999.0 -9999.0 -9999.0 -9999.0 -9999.0 -9999.0 -9999.0 -9999.0 -9999.0 -9999.0 -9999.0 -9999.0 -9999.0 0.84605635585 1.40381098433 2.76278378991 4.96764530733 6.17156985825 6.9591197903 7.25219236607 7.54571948097 7.82281058474 0.254898768679 0.228721489759 0.448196989848 0.426676284802 0.228000430946 4.43152852657 4.63889858741 4.83066755841 5.00899954345 2.58444624416 2.64827027632 2.87551127578 205.789547602 0.32240075617 0.138619601718 0.504317792091 0.0657048869929 0.131500885584 0.0788319337291 0.0437122030082 0.258001431224 0.0359443596869 0.0374857871472 43.9073899393 41.0147373793 40.9747616339 0.1556264497 0.346465306527 0.202567646033 0.0317882563415 0.371395724111
-9999.0 -9999.0 -9999.0 -9999.0 -9999.0 -9999.0 -9999.0 -9999.0 -9999.0 -9999.0 -9999.0 -9999.0 -9999.0 -9999.0 0.587184173765 0.581021363775 1.15255791223 1.69612041904 0.388718217563 0.346839372455 0.648033700225 0.941638575523 1.49044792016 1.76138419628 2.00067507383 2.69659151394 2.91476077582 3.15681682186 0.216074266711 2.18586238934 2.34461686091 2.44227970683 0.0464500040256 0.0199645165969 0.0553552594179 208.790814051 208.909092887 209.432155372 0.710611558202 0.143205827707 0.194952470225 0.0416523047823 0.0799133387573 0.299975357654 0.368252624394 0.0686057447454 44.0981492726 0.072477822733 0.0890239605774 0.0929227679155 0.0895580104512 0.135507428375 0.0576491638434 0.284071936091
-9999.0 -9999.0 -9999.0 -9999.0 -9999.0 -9999.0 -9999.0 -9999.0 -9999.0 -9999.0 -9999.0 -9999.0 -9999.0 -9999.0 -9999.0 0.569545919097 1.10585395311 0.495808125552 1.00833096403 6.20849933788 6.54605751857 6.83044433186 0.270320847695 0.27289534477 0.5118116585 0.754399643836 1.18656750278 1.40965353005 1.55611311445 1.76107719807 0.162050631411 0.119977158222 2.63190698656 2.65429805299 2.72663272486 2.82157632204 2.67061489112 212.507665786 213.783643657 213.858445786 214.121830864 214.393099702 214.520803718 0.0355496763757 0.4016000607 44.1340382229 0.0770844570179 0.0395839861271 0.065672001603 0.0676575043167 0.108435070888 0.0709269440944 0.0418965735167 0.0643401010202
-9999.0 -9999.0 -9999.0 -9999.0 -9999.0 -9999.0 -9999.0 -9999.0 -9999.0 -9999.0 -9999.0 -9999.0 -9999.0 -9999.0 -9999.0 -9999.0 1.64166756544 2.15262847903 3.70417596565 4.71746500279 0.484816990982 7.64987277931 7.91935254006 8.17579847032 0.254157986422 0.498986059281 0.219202733986 1.68145368214 1.81598574976 2.01355328028 2.19042690607 2.57220015957 2.60358671087 0.025331834219 2.25394822761 2.45778191767 2.57640238091 2.95748351848 0.457845601423 0.274440134361 0.142031365691 0.137060481433 214.671590349 214.736858258 215.464181254 44.1719077522 0.242855661526 0.134439945666 0.0963433526094 0.0241684622969 0.257895057502 0.118236219684 0.0369891881572 0.198401604062
-9999.0 -9999.0 -9999.0 -9999.0 -9999.0 -9999.0 -9999.0 -9999.0 -9999.0 -9999.0 -9999.0 -9999.0 -9999.0 -9999.0 -9999.0 -9999.0 0.543289318535 2.68476205169 3.21976247392 0.488849138497 0.304679909685 0.618928113481 0.907231573594 9.35251693761 0.255952964669 1.02223814095 1.25231888696 1.4773205827 0.139843785301 0.324525894869 0.395483600821 1.78092177209 1.93880314379 2.02991388671 0.0984327283353 0.0884358444265 0.0904221834085 0.165465768039 0.0653176305253 0.0704537344684 0.10500289703 0.0981135406338 0.104689306514 0.277734615567 215.536321192 259.877164837 0.30135477382 0.0745284160928 0.0279962597227 0.750039695636 0.696471231906 0.395863176782 0.350403614956 0.252394195919
-9999.0 -9999.0 -9999.0 -9999.0 -9999.0 -9999.0 -9999.0 -9999.0 -9999.0 -9999.0 -9999.0 -9999.0 -9999.0 -9999.0 -9999.0 0.501600399492 1.53770153538 0.497468562086 0.42493953855 0.351082952078 0.668084254024 0.973507636975 1.30565550775 11.0876039184 11.3375966244 0.257431391066 0.492029032266 0.729525705336 0.904630640011 1.05392760359 1.48610247864 1.68804489415 0.0367450087781 0.0816960091815 0.0942882947891 0.105385239035 0.11181256363 0.118976643385 0.105644519467 0.136439645839 0.42382461062 0.203157542331 0.0894855116972 0.0885926040704 0.0582598528274 0.105787271003 262.659811299 2.40025506717 0.996148769044 0.164144080472 0.081593231492 0.0452128139072 0.123922914039 0.0728456869466
-9999.0 -9999.0 -9999.0 -9999.0 -9999.0 -9999.0 -9999.0 -9999.0 -9999.0 -9999.0 -9999.0 -9999.0 -9999.0 -9999.0 0.533255753847 1.01893024861 3.55230187643 0.483437030179 0.907244874299 1.24652909176 1.55992327393 0.326442601889 0.606323251984 1.00124464957 12.7350742972 0.242677912547 0.462336674999 0.686177019495 0.207512055946 0.401531733502 0.434968576577 0.592377700957 20.0769157187 20.2466292172 20.4264302512 21.1810611735 21.5150930183 22.1372015184 0.154559105581 0.366129583653 0.504282818598 23.9850339716 24.1283848339 0.0798529836234 0.117910444362 0.155273027152 262.758940393 2.26819868819 1.04886785848 0.947296356006 0.856224334555 0.776247818044 0.163021304143 0.0460268924287
-9999.0 -9999.0 -9999.0 -9999.0 -9999.0 -9999.0 -9999.0 -9999.0 -9999.0 -9999.0 -9999.0 -9999.0 -9999.0 -9999.0 0.546667312741 1.64609093087 5.73896067367 8.56059176236 0.443432530438 11.1490762692 13.1678346806 0.308277726635 0.590167210949 0.956371072217 15.5698113241 15.9032871354 0.194534595888 1.07924689802 1.26343956798 1.40233319991 19.0740973299 19.2511501235 19.4317469838 0.0961641360134 0.545892786953 0.648717960007 0.280672834803 0.399745385333 22.7064636616 23.2488213744 23.3422986663 23.430075345 24.229099242 0.0487710706934 0.0422947833495 0.236381926015 262.850010683 0.116903255267 0.00211578628578 0.0061885452851 0.00266270063056 0.656208725344 0.63627672111 0.38767473484
-9999.0 -9999.0 -9999.0 -9999.0 -9999.0 -9999.0 -9999.0 -9999.0 -9999.0 -9999.0 -9999.0 -9999.0 -9999.0 -9999.0 -9999.0 -9999.0 1.15611596395 2.3251413967 10.141723003 10.6928489595 13.6579050933 14.1301186684 0.302120784849 0.604074838565 1.47494757481 16.2982086147 16.7404582537 16.9052380407 0.134740173538 17.4493369663 17.6143334142 0.120591237661 0.0976023062324 0.188100172789 0.36844041345 0.0889434228988 0.177936925253 0.393829718261 0.490640214682 0.0948716374038 0.0631522329403 0.124269206682 24.7082665997 24.8659551245 24.9028052395 25.2485189274 262.926955896 0.0923834247616 0.00112582000009 0.00148904480797 0.00148793116262 0.00156060954745 0.00135776665152 0.00241068137323
-9999.0 -9999.0 -9999.0 -9999.0 -9999.0 -9999.0 -9999.0 -9999.0 -9999.0 -9999.0 -9999.0 -9999.0 -9999.0 -9999.0 -9999.0 -9999.0 0.606553608398 0.59242214459 0.571956983707 1.0935287454 0.480580809704 15.0907544857 15.5295337644 0.313040159449 0.587895038462 0.262497669619 0.211920505542 0.203966646286 17.2089375753 0.0436642166538 0.0867441106 0.0826486859061 0.102005444031 0.0917719478206 0.0725229224728 0.0755438337539 0.231023177848 0.316798147084 0.0621991569775 0.0555438627183 0.119195758585 0.19807561606 0.267130436102 0.0788951277794 24.9649290135 25.2891556964 262.991443322 0.196164333385 0.00514868331069 0.00064976758098 0.00197209584856 0.000504960353873 0.000390202905539 0.00286919462289
-9999.0 -9999.0 -9999.0 -9999.0 -9999.0 -9999.0 -9999.0 -9999.0 -9999.0 -9999.0 -9999.0 -9999.0 -9999.0 -9999.0 -9999.0 -9999.0 -9999.0 -9999.0 0.587621095077 1.62494265967 2.08477768272 2.55638354597 15.9904494652 16.4437322958 16.8732293172 17.2564747735 17.4533691314 17.8602801974 17.9104644296 17.94705512 17.9998276459 0.0881301235687 0.0830507997199 0.0882825986296 0.315913857279 0.08428423269 0.0801685675372 0.0630469446192 0.183976508413 0.0735351614315 0.0562683487116 0.0521107551198 0.0454655716812 0.0907276441949 0.12879542095 25.5502691116 288.797677928 0.0955864589545 0.164671941562 0.000432804729196 0.00256230298261 0.00123068155818 0.000787544462605 0.428871133859
-9999.0 -9999.0 -9999.0 -9999.0 -9999.0 -9999.0 -9999.0 -9999.0 -9999.0 -9999.0 -9999.0 -9999.0 -9999.0 -9999.0 -9999.0 -9999.0 -9999.0 -9999.0 -9999.0 0.490982523217 3.91570627212 7.53303016188 8.01434297455 0.475776018181 0.795931139616 1.07565537663 1.29876660447 2.79969810198 2.88859967208 0.0883156462181 0.0861824685411 18.1861643349 18.3515745077 18.4293245613 0.377868429868 0.057335613307 0.143293728413 0.209642618383 0.619966314717 0.760084729574 0.869101528083 0.0997421047618 0.138162337571 0.0461962681378 0.0905960593411 0.0461311502208 288.889867696 0.0798168752134 0.322828365599 0.0651274018591 0.0874968384851 0.410713084867 0.450945112064 0.923787253539
-9999.0 -9999.0 -9999.0 -9999.0 -9999.0 -9999.0 -9999.0 -9999.0 -9999.0 -9999.0 -9999.0 -9999.0 -9999.0 -9999.0 -9999.0 -9999.0 -9999.0 -9999.0 0.550056039977 1.75314703304 3.43232761177 4.48391680418 11.2497053767 11.730442529 0.589631870822 0.868679325089 1.10159980331 1.31790030208 2.94977378306 3.11678942231 5.14615479739 5.32377098281 5.4168696362 18.5086218516 19.0952431823 0.139187324202 0.0919286259147 0.0875520781318 0.167234526758 0.0760449772141 1.01400342269 1.06663948887 0.181676358247 0.244058828924 0.0530830564202 86.8158280494 86.9110262595 375.872267373 376.310145417 0.0884496404413 0.27584713861 0.110364973873 0.0804321773113 1.03549865572
-9999.0 -9999.0 -9999.0 -9999.0 -9999.0 -9999.0 -9999.0 -9999.0 -9999.0 -9999.0 -9999.0 -9999.0 -9999.0 -9999.0 -9999.0 -9999.0 -9999.0 -9999.0 -9999.0 0.627255906098 0.610996881547 1.15395334646 2.74681176481 12.2237608037 0.304931901434 0.301084238301 0.536200325075 0.772912553418 1.7023433427 1.78492765571 0.0635064887558 0.114308742624 5.53051391204 5.61851621488 24.804009722 24.8860536014 0.0523101951337 0.0463190534485 0.0387256245724 0.0391051993078 0.0407504495896 85.8009572723 86.1223722579 86.4342898744 86.5496259875 86.7573780806 0.0512748744924 0.18696045989 0.225468807175 376.6526584 376.711355573 376.820840395 376.888254059 376.945068631
-9999.0 -9999.0 -9999.0 -9999.0 -9999.0 -9999.0 -9999.0 -9999.0 -9999.0 -9999.0 -9999.0 -9999.0 -9999.0 -9999.0 -9999.0 -9999.0 -9999.0 -9999.0 -9999.0 -9999.0 0.559475100787 0.585951517687 1.09112245203 14.3554024038 14.8126869486 0.294986025131 0.528866775454 0.770670680186 0.864500697131 0.0710407832607 0.184719053753 27.6527933674 27.7454910132 27.8521283024 28.5860099782 53.5684555085 83.734392475 83.8602392918 83.9741209553 84.0831833393 84.5350025783 84.6798862973 0.262410657483 0.117850236568 0.0693155495659 0.1299867323 0.0923814765849 0.147570819293 0.0456858836888 1.06151878631 1.25180087896 1.43128011693 1.44831787774 376.98097017
-9999.0 -9999.0 -9999.0 -9999.0 -9999.0 -9999.0 -9999.0 -9999.0 -9999.0 -9999.0 -9999.0 -9999.0 -9999.0 -9999.0 -9999.0 -9999.0 -9999.0 -9999.0 -9999.0 -9999.0 -9999.0 0.570625463955 1.09812827447 1.62800119652 15.2471984058 0.360342925935 20.2318304105 20.4833274741 20.5557339047 20.6744659218 27.1930386216 27.3382599672 0.105177000503 0.532592377649 0.645421101775 0.102637651664 30.0408351687 29.85428588 0.05866674024 0.137263275981 0.357034484329 0.0771614908124 0.0796289975017 0.0593962696427 0.0486604322509 0.0373994046556 0.0430929450974 0.919159458602 0.963844534611 1.01856229068 0.146033970636 0.133779053175 1.53007062598 1.56145764883
-9999.0 -9999.0 -9999.0 -9999.0 -9999.0 -9999.0 -9999.0 -9999.0 -9999.0 -9999.0 -9999.0 -9999.0 -9999.0 -9999.0 -9999.0 -9999.0 -9999.0 -9999.0 -9999.0 -9999.0 -9999.0 0.520507230059 0.491953901096 2.5472798186 18.7761543712 19.6145701813 19.9987387465 0.243889830399 6.32693619803 6.37880827977 6.41782488755 0.127932910405 0.23993149999 0.339599008735 6.98829053588 7.06674502485 7.13537876817 29.7274671501 18.9460788365 0.0769366077441 0.0753213918126 0.0713832266802 0.0539313834302 0.560336457463 0.671292404972 0.768016537924 0.821183924818 0.872234248478 5.82442003982 5.86066501553 5.91348206796 6.03915011905 6.49878642292 6.51541452305
-9999.0 -9999.0 -9999.0 -9999.0 -9999.0 -9999.0 -9999.0 -9999.0 -9999.0 -9999.0 -9999.0 -9999.0 -9999.0 -9999.0 -9999.0 -9999.0 -9999.0 -9999.0 -9999.0 -9999.0 -9999.0 -9999.0 1.02333623943 1.56378009674 0.507889151065 0.304987505226 5.55713959875 5.81514423495 5.97262712645 1.53515306632 1.57801471392 1.63969921491 1.73892494033 6.8122148758 6.9191482319 3.4135860428 10.6341638755 10.7133291865 18.8853386464 0.149168369615 0.0738038651505 0.0516231991201 0.387955669211 0.453576410165 0.0385139792455 0.0357794235765 5.65134499285 5.74327760377 5.79028344572 0.0601785061623 0.0888944948825 6.42626317778 0.0444620630235 0.12517260374
-9999.0 -9999.0 -9999.0 -9999.0 -9999.0 -9999.0 -9999.0 -9999.0 -9999.0 -9999.0 -9999.0 -9999.0 -9999.0 -9999.0 -9999.0 -9999.0 -9999.0 -9999.0 -9999.0 -9999.0 -9999.0 -9999.0 0.515714247253 1.01973599528 4.13605754586 4.6320140095 4.98939856072 1.29556592756 1.49095668758 0.0489739700263 4.87437921631 4.91808488401 4.97004008943 0.0840888754613 3.21492344801 3.32578174456 0.0821600455396 18.4933094352 0.170068374752 0.084362247361 0.209995721087 0.284067426313 0.0535457621517 0.0430763864006 5.1927565185 5.56608903972 5.62254297737 0.0549969496418 0.113605337164 0.143993897303 0.174147194197 0.346508268979 0.0453089276007 0.103105833396
