data/baseflow/History/mHMbfrc281
ncols                  80
nrows                 72
xllcorner      4374000.0
yllcorner      5656000.0
cellsize            500
NODATA_value       -9999
[rows 24 to 47 of 72, columns 0 to 53 of 80]
-9999.0 -9999.0 -9999.0 -9999.0 -9999.0 -9999.0 -9999.0 -9999.0 -9999.0 -9999.0 -9999.0 -9999.0 0.962565006307 2.73591102487 3.5905917221 6.18677258543 0.766832474097 1.54824678445 2.28485260139 8.83785180738 9.43362484417 9.85639184082 10.4095631077 10.9786972999 17.1767006599 18.8564404037 19.7317285966 0.342453264718 2.07704973208 2.39787245211 36.951853832 38.2584003708 38.8466131275 39.4469252828 39.9875901598 149.889891611 0.184183248135 296.649916685 0.517264194705 0.238731260202 2.85473917323 2.50192952846 0.359779972968 1.43789742366 2.10760538566 2.08866167064 1.44379919482 2.36306587466 3.73683464245 1.38740531654 3.53899355557 0.294833576422 0.438631127771 0.110453046148
-9999.0 -9999.0 -9999.0 -9999.0 -9999.0 -9999.0 -9999.0 -9999.0 -9999.0 -9999.0 -9999.0 -9999.0 0.913268844 1.82433525333 0.865619251016 1.74378976777 0.773792574455 5.87579207262 7.36316020278 8.12669030474 0.697323771231 1.32651325559 13.1427954261 16.2030787733 16.6813043386 1.15367809966 1.06988842956 1.51271676737 0.285600595901 0.263074411459 0.502777841159 0.243790600691 19.7195679544 20.017321933 20.2306734222 150.191836246 298.610685588 296.888250695 0.370191087851 0.173859496688 0.160620330635 0.729451214372 0.574698268586 1.71298927003 2.47878094138 5.01321998185 0.44810446388 0.445037728501 4.11080996927 4.495351235 8.73704758877 8.97893457136 9.52863500937 9.73308592182
-9999.0 -9999.0 -9999.0 -9999.0 -9999.0 -9999.0 -9999.0 -9999.0 -9999.0 -9999.0 -9999.0 -9999.0 -9999.0 0.886975373975 1.76875355991 2.65484646156 4.26444328567 0.84256878125 0.766906362741 5.35577283793 6.06178727892 11.9517505905 12.6604674464 1.97554023079 0.671379533606 0.591334830458 0.520542446432 18.0401071724 18.3874927833 18.6937965829 18.9520875383 19.4507806429 3.18167283921 3.43578919639 23.8700062988 472.845599125 1.42232945778 1.15702817301 0.571108465102 0.161127898102 0.141610735021 1.0401819841 1.15209705675 2.01242153805 0.155801064719 5.2138900013 0.723346128061 0.706245878124 0.154496884811 0.105000825883 0.0914038556954 0.0942287787625 0.0972108238699 9.82744369971
-9999.0 -9999.0 -9999.0 -9999.0 -9999.0 -9999.0 -9999.0 -9999.0 -9999.0 -9999.0 -9999.0 -9999.0 -9999.0 -9999.0 0.847087194996 1.64344556328 2.34541422167 3.05739143532 3.82792700235 4.6148300274 2.31175603447 3.83153558899 0.708157916944 0.6835010927 15.0007527117 16.3277886466 16.9533169733 17.5948215759 0.448607865649 0.799660736642 2.18161481131 2.52981870305 2.86433512799 0.310719423172 0.210541233569 473.559535697 0.261868855687 0.370190056295 0.182824981898 0.589731921214 0.284589263685 0.15312993592 3.31624638008 3.44969528155 0.105690053012 5.33133254114 6.15156531801 0.787199348895 132.255137011 132.005216978 131.79358552 131.360812707 131.17686105 128.172887657
-9999.0 -9999.0 -9999.0 -9999.0 -9999.0 -9999.0 -9999.0 -9999.0 -9999.0 -9999.0 -9999.0 -9999.0 -9999.0 -9999.0 0.178469879872 0.402006979628 0.704837905455 6.17458635 6.97700584477 0.812106038398 0.773636110204 0.764990933673 12.2212348362 13.6750038484 0.702282547035 0.712928869203 0.600334728542 2.47246889485 3.07765202412 1.41408423553 1.79220012592 14.1209850342 14.5646418942 15.3339914889 24.0713166033 497.827113277 0.246549923123 0.152874894497 0.865638125757 0.729852281331 0.132386070453 0.432841534618 0.578614494907 3.59744687085 3.72126179456 10.1530441671 6.21748175269 0.865525678677 134.751457784 1.0985675746 131.598147545 131.484754249 2.82276192153 0.151606927785
-9999.0 -9999.0 -9999.0 -9999.0 -9999.0 -9999.0 -9999.0 -9999.0 -9999.0 -9999.0 -9999.0 -9999.0 -9999.0 -9999.0 0.900450792075 1.47825865258 3.09898925129 5.36129422371 7.597259274 9.23562465592 10.0093334226 10.7865144046 11.5346076891 0.713886187117 0.657631860852 1.29004554102 1.23523807489 0.640130939116 12.2552592234 12.8455806449 13.396860896 13.9076600213 7.77679267202 8.13502436125 8.49555681288 497.998483919 0.446490318538 0.378644228857 1.35167085109 0.135046936992 0.295244535683 0.153739997867 0.136842396488 0.717252374609 0.104893336596 0.108958818444 145.509902763 135.265624992 135.150960931 0.436496527646 1.01578547001 0.665636360506 0.163226524099 2.55528102864
-9999.0 -9999.0 -9999.0 -9999.0 -9999.0 -9999.0 -9999.0 -9999.0 -9999.0 -9999.0 -9999.0 -9999.0 -9999.0 -9999.0 0.624136271728 0.58021429051 1.13566242079 1.72466569762 0.834293970978 0.867711708882 1.66126359259 2.44244639402 3.92696115076 4.66493723692 5.33690415882 7.31642776203 7.94393431561 8.61501258034 0.610831777657 6.08094125076 6.59348299115 7.03953126513 0.344407186982 0.136254296446 0.248094642096 506.53070482 506.693993542 507.417770015 1.75549565275 0.286267034509 0.414598397553 0.130035315178 0.246446553276 0.832439587208 1.0361738155 0.200943979332 146.00163207 0.152639097598 0.237201975231 0.268373856526 0.198413002316 0.374175621794 0.159381456888 1.64372808638
-9999.0 -9999.0 -9999.0 -9999.0 -9999.0 -9999.0 -9999.0 -9999.0 -9999.0 -9999.0 -9999.0 -9999.0 -9999.0 -9999.0 -9999.0 0.548877402209 1.07856054621 0.525427063926 1.10639148495 6.98993096204 7.73410263749 8.49675731773 0.739094696804 0.741839006183 1.41265731223 2.09302606258 3.32673102248 3.95869243324 4.30925062493 4.88279001255 0.484104892074 0.43019009528 7.64610894551 7.7947207157 7.9431324406 8.10691002341 6.68574691668 514.788005351 517.543257702 517.682986897 518.220958566 518.808848083 519.181693488 0.106411981282 1.13639016129 146.105758053 0.255804600337 0.131035222457 0.128530255802 0.116429900127 0.210241555888 0.213123948068 0.122839572281 0.17446715427
-9999.0 -9999.0 -9999.0 -9999.0 -9999.0 -9999.0 -9999.0 -9999.0 -9999.0 -9999.0 -9999.0 -9999.0 -9999.0 -9999.0 -9999.0 -9999.0 1.60303679816 2.17170940338 3.86824477069 5.2388768936 0.761808725234 10.0970431432 10.8279655979 11.5324828779 0.695234367859 1.37275766786 0.619613553014 4.60658915336 4.9313570159 5.44773784679 5.98690576533 7.21770356703 7.38753843894 0.108743581704 6.03307716299 6.36395401933 6.53055743804 7.19850240153 0.834939181661 0.522830561375 0.309159001329 0.293335944217 519.509617031 519.673654907 521.534286818 146.214281291 0.683711560658 0.331285464126 0.221035950374 0.0759740389818 0.652825240231 0.346947737984 0.111885149114 0.620643416367
-9999.0 -9999.0 -9999.0 -9999.0 -9999.0 -9999.0 -9999.0 -9999.0 -9999.0 -9999.0 -9999.0 -9999.0 -9999.0 -9999.0 -9999.0 -9999.0 0.556432874525 2.72694301121 3.3288238945 0.801306633139 0.794179148648 1.60113405853 2.35754736835 14.6146885592 0.697725948123 2.78863107124 3.43240354711 4.05848244477 0.341310085094 0.816615694549 1.06590776265 4.88224259183 5.42830354004 5.59208362192 0.172149936731 0.159454710291 0.183559002908 0.339622971858 0.143337945596 0.149339947124 0.223272338394 0.203144980151 0.231910126086 0.597498037626 521.71489783 668.371298562 0.81215798709 0.119971918662 0.0759160605603 2.07120115682 1.90591481641 1.14014378961 1.02597078227 0.772036063358
-9999.0 -9999.0 -9999.0 -9999.0 -9999.0 -9999.0 -9999.0 -9999.0 -9999.0 -9999.0 -9999.0 -9999.0 -9999.0 -9999.0 -9999.0 0.465162894378 1.52521772751 0.503258739402 0.87265227411 0.870237267316 1.67842838515 2.46693712245 3.19151764922 18.3737728481 19.0516793145 0.692015237026 1.33846934402 1.99166605701 2.43083226474 2.90963191935 4.29804526644 4.69350749324 0.326909953172 0.259729176191 0.202877512245 0.206163117381 0.225010683482 0.253377421207 0.218102083414 0.280854473457 0.761482380494 0.363694752919 0.147572236397 0.142233377706 0.148856508981 0.28287069382 674.481710159 5.15027384637 2.40849106092 0.172992021721 0.0751853028178 0.0742918681839 0.278157027214 0.197457980839
-9999.0 -9999.0 -9999.0 -9999.0 -9999.0 -9999.0 -9999.0 -9999.0 -9999.0 -9999.0 -9999.0 -9999.0 -9999.0 -9999.0 0.4937138673 0.944476400487 3.37927308279 0.433412737038 1.60031055977 2.45424455044 3.26129440817 0.82697079943 1.5622929175 2.24682022218 21.8382380624 0.661531039298 1.27249407204 1.89413470524 0.568134971042 1.11996876108 1.41542004257 1.78552073985 40.7229191587 41.2563598902 41.7064858268 43.6708851979 44.3402671937 45.8194165895 0.371230512605 0.809859315643 0.908336283437 50.064047698 50.3524019667 0.134008484996 0.250723865105 0.36346088584 674.600405285 4.91037664378 2.29692092589 2.21234928584 1.78465427267 1.58085179236 0.369362445558 0.0867186917921
-9999.0 -9999.0 -9999.0 -9999.0 -9999.0 -9999.0 -9999.0 -9999.0 -9999.0 -9999.0 -9999.0 -9999.0 -9999.0 -9999.0 0.511313479628 1.53290668746 5.41478277548 7.88639159279 0.370478121499 10.2056979135 14.0117262617 0.777906125821 1.50992406582 2.22628827405 28.1549208238 28.7242949816 0.510217249639 2.91888163217 3.40790131382 3.85683864569 37.2221357912 38.1497158037 38.6633603943 0.245841735967 1.43364045525 1.69312879662 0.719461208784 1.02676816556 47.2868905753 48.5331458996 48.7770052862 49.0064969316 50.6464996937 0.14370745274 0.130068404 0.603104074517 674.739497087 0.121458665759 0.119801780409 0.354508761951 0.136436095187 1.43877522571 1.16855844202 0.688347935772
-9999.0 -9999.0 -9999.0 -9999.0 -9999.0 -9999.0 -9999.0 -9999.0 -9999.0 -9999.0 -9999.0 -9999.0 -9999.0 -9999.0 -9999.0 -9999.0 1.04055893871 2.05480809491 9.25116795064 9.75186720964 14.4436585461 14.9864479464 0.765372279689 1.53018764605 3.63513756852 29.1456319936 30.1528427378 30.5609115374 0.34354599606 32.0643099024 33.0234132819 0.590772695157 0.249148136434 0.504992162383 0.970890798893 0.230432289098 0.458303524317 1.02287511433 1.26073876489 0.22371469994 0.158447304055 0.31364320748 51.7850284536 52.1099559383 52.226013612 53.1156779185 674.869526718 0.0794635311519 0.086807214409 0.100958128965 0.101536734542 0.104023078531 0.0968989614586 0.181876798702
-9999.0 -9999.0 -9999.0 -9999.0 -9999.0 -9999.0 -9999.0 -9999.0 -9999.0 -9999.0 -9999.0 -9999.0 -9999.0 -9999.0 -9999.0 -9999.0 0.530447967498 0.513284657722 0.500751567152 1.00849659398 0.427062414276 15.8439275682 16.3464823606 0.720142428586 1.4313148139 0.619708200708 0.495033728075 0.47977214887 31.4059998569 0.309857833235 0.634391440856 0.323579536006 0.282218515384 0.236333583815 0.189205995688 0.196326265492 0.60370009239 0.825805232119 0.162004125071 0.136882532392 0.294446416773 0.485491850642 0.640785584077 0.172295883901 52.3854227524 53.234016676 674.968371443 0.401123071625 0.249606446826 0.0631695464908 0.15466730967 0.054452561259 0.045782180111 0.232510829932
-9999.0 -9999.0 -9999.0 -9999.0 -9999.0 -9999.0 -9999.0 -9999.0 -9999.0 -9999.0 -9999.0 -9999.0 -9999.0 -9999.0 -9999.0 -9999.0 -9999.0 -9999.0 0.508389205157 1.45756350667 1.83692511364 2.24949393657 16.7789470042 17.2452408346 17.7294175113 18.3206005611 18.7904694841 19.7562351755 20.0581502967 20.3486733098 20.6075203542 0.250299634113 0.240245837169 0.244586895974 0.835565035468 0.216614749249 0.209323413776 0.168945372426 0.490377097091 0.177779987902 0.140993011285 0.13155846609 0.110173497441 0.219875531828 0.323529665146 53.9062608606 729.386395286 0.0701226163017 0.161202186896 0.0529723399386 0.21351222376 0.119057239304 0.0921688243422 0.866190195145
-9999.0 -9999.0 -9999.0 -9999.0 -9999.0 -9999.0 -9999.0 -9999.0 -9999.0 -9999.0 -9999.0 -9999.0 -9999.0 -9999.0 -9999.0 -9999.0 -9999.0 -9999.0 -9999.0 0.40072249442 3.34751014644 6.49494727219 6.93285307536 0.745693588352 1.47325730539 2.19130717361 2.7780469209 6.63403244788 6.90072138522 0.257485252513 0.257966013455 21.1331014567 21.6098843903 21.8314845983 1.00158835092 0.137835241643 0.339063336333 0.504007741708 1.5360327594 1.87895913896 2.15069697121 0.250760464048 0.351379968913 0.118721418585 0.236157191459 0.121264773614 729.627022838 0.066773393686 0.287273628304 0.139054816375 0.420233841091 0.821182373254 0.956086000519 1.86404548184
-9999.0 -9999.0 -9999.0 -9999.0 -9999.0 -9999.0 -9999.0 -9999.0 -9999.0 -9999.0 -9999.0 -9999.0 -9999.0 -9999.0 -9999.0 -9999.0 -9999.0 -9999.0 0.466747100288 1.51581622082 2.95295431598 3.83584328022 9.68063446077 10.3035537762 1.48479791982 2.20516924002 2.83990384133 3.40271743476 7.18656520053 7.71611908031 13.7045076294 14.1420443455 14.3630423759 22.0366656031 23.518718525 0.322416152431 0.212561206368 0.200994164853 0.385339882191 0.177157955662 2.49410545952 2.62458860166 0.464309377082 0.581739623 0.0970882711336 153.771089054 154.022567188 883.807671786 884.207294166 0.0654597377502 0.555915878283 0.0829816454855 0.0792408018928 2.04158806044
-9999.0 -9999.0 -9999.0 -9999.0 -9999.0 -9999.0 -9999.0 -9999.0 -9999.0 -9999.0 -9999.0 -9999.0 -9999.0 -9999.0 -9999.0 -9999.0 -9999.0 -9999.0 -9999.0 0.553100415967 0.538044776199 0.995679904449 2.34128129001 10.77192933 0.759536344981 0.752863459166 1.38543342839 2.02545324364 4.85804576802 5.25010380189 0.274217978472 0.302405336398 14.6626569686 14.8562581959 38.5521424891 38.702022418 0.121405664465 0.108761729205 0.0949609291669 0.0957809053836 0.10704140864 151.442550618 152.208312584 152.930965199 153.167659056 153.663338293 0.134421973904 0.495548200797 0.611582037348 885.05489546 885.128937174 885.258470658 885.40052836 885.533743881
-9999.0 -9999.0 -9999.0 -9999.0 -9999.0 -9999.0 -9999.0 -9999.0 -9999.0 -9999.0 -9999.0 -9999.0 -9999.0 -9999.0 -9999.0 -9999.0 -9999.0 -9999.0 -9999.0 -9999.0 0.476525427678 0.507497547182 0.928558470522 12.6001118458 13.1328994834 0.743130998792 1.3727169476 2.02365583371 2.48741248823 0.409115909419 0.786535707754 31.5111653112 31.7445117604 31.9699748113 33.7095018606 72.6110261235 146.307637927 146.606117824 146.880191149 147.148043869 148.310965881 148.684296288 0.651936268836 0.28915981303 0.171087107544 0.32350505857 0.245136276201 0.388261528717 0.124739143905 2.78586888701 3.03806811952 3.22181905206 3.29160873981 885.608763023
-9999.0 -9999.0 -9999.0 -9999.0 -9999.0 -9999.0 -9999.0 -9999.0 -9999.0 -9999.0 -9999.0 -9999.0 -9999.0 -9999.0 -9999.0 -9999.0 -9999.0 -9999.0 -9999.0 -9999.0 -9999.0 0.488760342291 0.933475135625 1.3840120953 13.5371544597 0.605710294482 18.9303443488 19.602379661 20.0197553267 20.4265434308 29.9283916074 30.3506444125 0.240528502798 1.29866455837 1.55634590249 0.234071419099 73.4061915152 72.965186196 0.151441307068 0.342969581414 0.911372213191 0.198802830839 0.202489259387 0.144954088433 0.124621773506 0.0988871233072 0.115179966188 2.39839595701 2.51989616257 2.66400522821 0.147834752565 0.103789568095 3.36126244107 3.44472300232
-9999.0 -9999.0 -9999.0 -9999.0 -9999.0 -9999.0 -9999.0 -9999.0 -9999.0 -9999.0 -9999.0 -9999.0 -9999.0 -9999.0 -9999.0 -9999.0 -9999.0 -9999.0 -9999.0 -9999.0 -9999.0 0.433805795229 0.405853548617 2.12322538505 16.6048160854 17.6940173114 18.3033666588 0.619639267148 8.55688908785 8.94221706374 9.11777929111 0.378651798523 0.659069274445 0.877553549868 16.7461059294 16.9379587166 17.1108504939 72.6459052773 44.8121262506 0.186001488378 0.192887847186 0.185855440226 0.148621705227 1.47730971999 1.75656821153 2.00359169396 2.14140518533 2.274520146 16.7497196721 16.8521061814 16.9739448036 17.270089086 18.4190003801 18.4839130227
-9999.0 -9999.0 -9999.0 -9999.0 -9999.0 -9999.0 -9999.0 -9999.0 -9999.0 -9999.0 -9999.0 -9999.0 -9999.0 -9999.0 -9999.0 -9999.0 -9999.0 -9999.0 -9999.0 -9999.0 -9999.0 -9999.0 0.850659356693 1.31121918078 0.520892113677 0.76567176073 6.42818935997 7.06377969786 7.50530627238 3.44402995337 3.788884404 4.15234556927 4.42350454537 16.3315628191 16.586572453 10.160845753 27.4771105905 27.6682172078 44.6602880645 0.376361532193 0.190556027798 0.139084354152 1.01531170385 1.19048553022 0.10348119042 0.0944304230377 16.3078534687 16.5396024003 16.6544492008 0.137483405723 0.2107547558 18.2621118972 0.104161228721 0.458184255565
-9999.0 -9999.0 -9999.0 -9999.0 -9999.0 -9999.0 -9999.0 -9999.0 -9999.0 -9999.0 -9999.0 -9999.0 -9999.0 -9999.0 -9999.0 -9999.0 -9999.0 -9999.0 -9999.0 -9999.0 -9999.0 -9999.0 0.429946284841 0.848653554241 3.73107780323 4.29468207515 4.97588800753 2.61450725419 3.1025150552 0.357760476392 11.0378164747 11.3611475314 11.667991221 0.260472192237 9.68481572841 9.9488250382 0.202091475741 43.6849584679 0.420869247725 0.210429724129 0.541058200551 0.732211361749 0.147066981668 0.121756285058 15.1106445438 16.096154788 16.2320065807 0.140711315958 0.310711607799 0.391868704221 0.456423234696 0.892871103226 0.168227413359 0.37336175735
