data/baseflow/History/mHMbfrc244
ncols                  80
nrows                 72
xllcorner      4374000.0
yllcorner      5656000.0
cellsize            500
NODATA_value       -9999
[rows 24 to 47 of 72, columns 0 to 54 of 80]
-9999.0 -9999.0 -9999.0 -9999.0 -9999.0 -9999.0 -9999.0 -9999.0 -9999.0 -9999.0 -9999.0 -9999.0 1.53261636704 4.44064484582 5.84282130582 10.1430410033 1.35822273055 2.7117627361 4.01518995304 15.0505564694 16.1928408109 17.1396854478 18.3292809672 19.5655081376 30.4527121493 34.0579151345 36.0844123327 0.873933219159 4.93161565038 5.7539904925 71.6516403395 75.4786708437 77.071132715 78.6543310831 80.2981240898 288.27367569 0.518579517223 593.576228608 1.78434137305 0.82779889724 6.04203868104 5.14457615398 0.876605201055 3.02095332676 4.26421538379 4.25605528671 3.03958993136 5.01260155329 7.97317383013 2.96772609025 7.82643526763 0.762601392768 1.22954177365 0.432935038869 0.355604412902
-9999.0 -9999.0 -9999.0 -9999.0 -9999.0 -9999.0 -9999.0 -9999.0 -9999.0 -9999.0 -9999.0 -9999.0 1.49118094865 2.9719592033 1.40964930965 2.86153614271 1.35718861132 9.80941216628 12.4374015213 13.7752806777 1.26229225847 2.43976988769 22.6151752215 28.3051457419 29.3175472082 2.43478628171 2.35144484413 3.37823080067 0.780807940905 0.751526420958 1.45933431796 0.683744606471 34.3172768841 35.0945505674 35.8789357266 288.957177953 599.654493512 594.47333955 1.40645024646 0.588212819467 0.551475507038 2.21606758401 1.61986575943 3.80920712227 5.15619670984 10.3712744072 0.961308772531 0.962740836715 8.86134927458 9.76158272894 19.2756129162 19.9866068186 21.6433361279 22.4558661871 0.727362925334
-9999.0 -9999.0 -9999.0 -9999.0 -9999.0 -9999.0 -9999.0 -9999.0 -9999.0 -9999.0 -9999.0 -9999.0 -9999.0 1.46659277682 2.89808189516 4.32126376095 7.06943464423 1.40748124247 1.33367741843 8.76497660526 10.0236630316 20.3672870481 21.5920103964 3.52207815457 1.27459506756 1.25393551293 1.16737055732 29.7013079476 30.60108974 31.425537371 32.1658735302 33.5783765087 7.34951419242 8.13996677598 44.7361792953 933.670561132 4.47385279822 3.84471063117 2.02285546233 0.513894899456 0.489355511099 3.31856964025 3.77102431292 4.93271461823 0.579374698989 11.0475192623 1.72539039292 1.70811860387 0.552377760803 0.418957741338 0.365062921203 0.323392413863 0.368311877936 22.860917711 326.08141299
-9999.0 -9999.0 -9999.0 -9999.0 -9999.0 -9999.0 -9999.0 -9999.0 -9999.0 -9999.0 -9999.0 -9999.0 -9999.0 -9999.0 1.4178150073 2.60820655971 3.66257026187 4.75563103128 6.09739180527 7.45537651118 4.02029494558 6.63038980203 1.24481145823 1.24588938747 23.7401809284 26.1918311972 27.3637491344 28.6211798735 1.05103492374 1.9610443407 4.93773013616 5.82097969622 6.6102860836 0.859519877645 0.664501902197 935.467907963 0.651626117415 1.02326149499 0.492585405801 1.90884551042 0.936588751573 0.464044637153 9.20229998806 9.58503640817 0.365693203064 11.4245964612 13.5407496406 2.10092868443 341.035702724 340.117699446 339.302751499 337.799066125 337.182916838 327.618076797 327.286310714
-9999.0 -9999.0 -9999.0 -9999.0 -9999.0 -9999.0 -9999.0 -9999.0 -9999.0 -9999.0 -9999.0 -9999.0 -9999.0 -9999.0 0.232068152918 0.550702357518 1.04051769349 8.65192357896 10.0463061757 1.39088873879 1.34468840724 1.31743523286 18.7696274891 21.3018273025 1.2355417188 1.27017581231 1.17218810428 4.72763442563 5.8859721487 3.16026749582 3.98683567224 26.0868774569 27.0573951219 28.7493830861 46.5149643097 982.343175357 0.627196916249 0.438569844744 2.78172214256 2.34247683063 0.404973074593 1.29549743815 1.70571160715 10.0272464739 10.4045253572 24.9650565612 13.8391420461 2.36656006805 348.604160289 3.59945618896 338.561697867 338.193086918 8.95037247634 0.445258550388 0.942843891698
-9999.0 -9999.0 -9999.0 -9999.0 -9999.0 -9999.0 -9999.0 -9999.0 -9999.0 -9999.0 -9999.0 -9999.0 -9999.0 -9999.0 1.203610728 1.96110749416 4.24748673922 7.3509364903 10.9709659585 13.5475014512 14.8985739279 16.2359139301 17.5325161006 1.26148990043 1.21552110267 2.41431822956 2.36460884821 1.19387283085 22.3622291846 23.5082038623 24.6016546613 25.6326103792 15.2646257717 16.2389165455 17.0813549762 982.644847724 1.0272261251 1.08964037269 4.13457458056 0.400651551793 0.766443183278 0.378050074709 0.388382171587 2.06680960875 0.327667825267 0.345247649479 375.377736598 350.134120057 349.794506736 1.30747170008 3.27301212403 2.18638787949 0.578954695956 8.20224174331 2.57459172753
-9999.0 -9999.0 -9999.0 -9999.0 -9999.0 -9999.0 -9999.0 -9999.0 -9999.0 -9999.0 -9999.0 -9999.0 -9999.0 -9999.0 0.844146722881 0.772105478805 1.50148188049 2.31880060841 1.30367709483 1.40448254679 2.75669593081 4.105698277 6.70493184762 8.00591114357 9.26198347576 12.9394848652 14.1318078337 15.3502110101 1.16315113527 11.4797282182 12.5400731762 13.504431713 0.842719623942 0.468228505316 0.795167086147 1000.00180046 1000.29515617 1001.92552503 5.206788631 0.787872304166 1.2472512369 0.385913274533 0.70628777699 2.38833717299 3.01240134752 0.643542642866 376.904157193 0.467815640407 0.737028529771 0.819375915191 0.616365824688 1.1663657235 0.501085215962 4.99576394046 4.00703753125
-9999.0 -9999.0 -9999.0 -9999.0 -9999.0 -9999.0 -9999.0 -9999.0 -9999.0 -9999.0 -9999.0 -9999.0 -9999.0 -9999.0 -9999.0 0.724293989082 1.43845074836 0.737109710944 1.5431276151 9.82946965178 11.0885215089 12.4445423193 1.29636675311 1.30272479595 2.56461579251 3.81808216065 6.21038665573 7.40547033879 8.04295644732 9.16587883391 1.04017942824 0.977978593029 15.143420039 15.5817348552 15.9196440103 16.2498308244 13.239559893 1016.54316955 1023.93535091 1024.25018483 1025.7897107 1027.38681828 1028.49942554 0.360226767536 3.32179737902 377.24936176 0.924601416533 0.472200597617 0.408314354753 0.340632496574 0.622831807466 0.665035412805 0.371436393609 0.494221613182 0.498061967854
-9999.0 -9999.0 -9999.0 -9999.0 -9999.0 -9999.0 -9999.0 -9999.0 -9999.0 -9999.0 -9999.0 -9999.0 -9999.0 -9999.0 -9999.0 -9999.0 2.14073322965 2.96220461886 5.34910113015 7.34839427976 1.12862960735 14.9696339352 16.2613267044 17.5605594064 1.29582126553 2.56652185137 1.20954130769 8.65714426517 9.26393388179 10.2517284559 11.3449610306 14.023857011 14.3899785 0.233680283408 11.9673090996 12.6230102819 12.9263855865 14.3114325275 1.87902726152 1.2402484672 0.813527972109 0.781422831466 1029.58565244 1030.12638439 1035.79852215 377.62917495 2.34555893413 1.06575084749 0.705831339993 0.254074499035 1.99329905129 1.06565574354 0.347245973522 1.88785331608 1.57888195291
-9999.0 -9999.0 -9999.0 -9999.0 -9999.0 -9999.0 -9999.0 -9999.0 -9999.0 -9999.0 -9999.0 -9999.0 -9999.0 -9999.0 -9999.0 -9999.0 0.804949358943 3.74691889717 4.58860612112 1.21203335308 1.37179115093 2.72077128838 4.02551300149 22.8979927573 1.29338540039 5.16565362308 6.38996652106 7.5857577659 0.643046339606 1.57828850458 2.14916918804 9.64377747832 10.8348150584 11.0953200918 0.315932214814 0.335977722274 0.417018432782 0.762361670729 0.33590024875 0.363192863922 0.731012460431 0.572270203122 0.722445593926 1.93532166359 1036.37149866 1415.51008847 2.82422428053 0.388713550435 0.243208875469 6.30396270637 5.76067575359 3.42613925927 3.08524154033 2.33093799445 0.496081406638
-9999.0 -9999.0 -9999.0 -9999.0 -9999.0 -9999.0 -9999.0 -9999.0 -9999.0 -9999.0 -9999.0 -9999.0 -9999.0 -9999.0 -9999.0 0.648081259791 2.20808326035 0.747352054399 1.41646427934 1.46710636479 2.8402045881 4.17689035789 5.37952960769 29.1788932094 30.4581542998 1.29841587828 2.53539056116 3.77501485546 4.62243211124 5.6153475929 8.58647167284 9.30954079586 0.824012900192 0.626640372781 0.556079794244 0.809090332694 0.756606268421 0.728910872904 0.6177233549 0.704579100573 2.55138481232 1.17249978483 0.490688884947 0.472502584969 0.523986327155 1.0132221338 1434.38613199 15.6699697199 7.25932268732 0.432918052849 0.180684987155 0.210420007363 0.831016605236 0.60517044823 0.323662529777
-9999.0 -9999.0 -9999.0 -9999.0 -9999.0 -9999.0 -9999.0 -9999.0 -9999.0 -9999.0 -9999.0 -9999.0 -9999.0 -9999.0 0.686777848103 1.31540298463 4.91356845665 0.727343686454 2.63257871622 4.09493360342 5.51456896605 1.41342206569 2.73493679404 3.85200332198 35.1945193876 1.27135407978 2.48275398217 3.69059148047 1.13950376187 2.26292382442 3.06645053658 3.81558422907 75.4530455218 76.7942824683 78.0113112765 83.5074873548 85.7776015145 90.2784564324 1.21350521293 2.59250392237 3.20583771815 104.30182092 105.313380436 0.452987867782 0.895674588615 1.32352089391 1434.76654145 14.9333756421 7.16432084439 6.9726994421 5.35103161857 4.67524274925 1.10516431398 0.250313232338 0.552792004649
-9999.0 -9999.0 -9999.0 -9999.0 -9999.0 -9999.0 -9999.0 -9999.0 -9999.0 -9999.0 -9999.0 -9999.0 -9999.0 -9999.0 0.700711228878 2.11049762472 7.71568059147 11.3216786477 0.659939064266 15.1111750434 21.4931855243 1.37936247032 2.70040761004 3.89888199832 46.3002699782 47.3289348239 1.19687767981 6.09678757113 7.24245182862 8.20852183051 67.0499056822 69.4909968966 70.866888246 0.661512810775 3.89203472151 4.60981635909 2.18668462146 3.17125312389 94.8403362994 98.890750964 99.7220317048 100.52280844 106.434957736 0.55217066454 0.49397540956 2.23529867884 1435.16109687 0.316454063626 0.490220354912 1.45266271786 0.518540784888 4.30307394169 3.34527708792 1.95017899358 1.45818193856
-9999.0 -9999.0 -9999.0 -9999.0 -9999.0 -9999.0 -9999.0 -9999.0 -9999.0 -9999.0 -9999.0 -9999.0 -9999.0 -9999.0 -9999.0 -9999.0 1.46908443641 2.95261606574 13.4791543466 14.2726798911 22.1894611416 23.0558929662 1.35183782372 2.69808570379 6.47700207142 48.158516378 50.5155437808 51.5926412091 0.939544018839 55.4785678014 58.004856269 1.5836189638 0.667675813944 1.35715145577 2.6351142615 0.623697893829 1.2852587888 3.02700629794 3.79963389526 0.68078224871 0.509185150956 1.03714071698 109.991255912 111.128976026 111.578159878 114.813205716 1435.53745873 0.201128443845 0.396094817236 0.436505346776 0.425394926793 0.432400089962 0.396122384826 0.757219451589 0.173532358176
-9999.0 -9999.0 -9999.0 -9999.0 -9999.0 -9999.0 -9999.0 -9999.0 -9999.0 -9999.0 -9999.0 -9999.0 -9999.0 -9999.0 -9999.0 -9999.0 0.766176645149 0.750949781053 0.760225731749 1.6758377609 0.741399087943 24.5154094296 25.3223894693 1.27354043835 2.56601324662 1.34115393721 1.18680437432 1.17087508021 53.72892207 0.846333937408 1.69145655207 0.829257074328 0.733652536746 0.655844022018 0.557763099099 0.571136127952 1.71858689861 2.32504098738 0.488689566873 0.441786173909 0.918486323596 1.46677884971 1.86505442073 0.497885401418 112.109374785 115.27255174 1435.81435629 1.46980494613 1.09035450194 0.310584407598 0.690129503065 0.269290585438 0.223632796578 0.997402207271 0.931832880943
-9999.0 -9999.0 -9999.0 -9999.0 -9999.0 -9999.0 -9999.0 -9999.0 -9999.0 -9999.0 -9999.0 -9999.0 -9999.0 -9999.0 -9999.0 -9999.0 -9999.0 -9999.0 0.744314149183 2.36978394493 3.00717945093 3.71454145783 26.0125411665 26.7054458726 27.4704622419 28.5325664724 29.6906776704 32.0431812903 32.8817044701 33.699510933 34.4531645848 0.697747093382 0.669862484199 0.673075580066 2.38827187714 0.607538170562 0.584061223124 0.507308615435 1.47319198402 0.531946461083 0.439418077909 0.417530732591 0.365504676563 0.729846687485 1.05396278895 117.440049276 1555.04805993 0.176562720645 0.459586286816 0.283237459334 0.976681461276 0.57598381891 0.449534249391 2.72230313594 1.5749248785
-9999.0 -9999.0 -9999.0 -9999.0 -9999.0 -9999.0 -9999.0 -9999.0 -9999.0 -9999.0 -9999.0 -9999.0 -9999.0 -9999.0 -9999.0 -9999.0 -9999.0 -9999.0 -9999.0 0.633926181728 4.97075010946 10.0615431601 10.8504168572 1.16797569825 2.4411289368 3.74071531706 4.97392279544 12.4846335855 13.2359157876 0.729011949121 0.717012457168 35.8865347901 37.2153777899 37.8516712866 2.91665061007 0.487676206964 1.10974720199 1.63611297734 4.81661303213 5.84916406884 6.70495927089 0.806951697778 1.14050317211 0.378014329658 0.73883376248 0.370220112945 1555.76967859 0.192577525019 0.804118395769 0.555346986503 1.77198470052 3.09037912149 3.64644215002 6.46705906533 2.29394447046
-9999.0 -9999.0 -9999.0 -9999.0 -9999.0 -9999.0 -9999.0 -9999.0 -9999.0 -9999.0 -9999.0 -9999.0 -9999.0 -9999.0 -9999.0 -9999.0 -9999.0 -9999.0 0.699718108129 2.21683567723 4.34781393255 5.68925342748 14.9764472428 15.960792813 2.64242568657 3.92778661693 5.118351921 6.35632861901 14.0408652981 15.5356702982 27.6208207737 28.5411158209 29.1873103753 38.4844037902 43.060963649 1.10308236899 0.656959445847 0.638169209417 1.23010124952 0.563872103091 7.7673041449 8.18314090262 1.50353349888 1.89118601276 0.365461000408 302.20090705 302.939489321 1859.17837774 1860.25089477 0.164271147206 2.11616108711 0.1952836462 0.195178379896 6.95458323602 9.46302047502
-9999.0 -9999.0 -9999.0 -9999.0 -9999.0 -9999.0 -9999.0 -9999.0 -9999.0 -9999.0 -9999.0 -9999.0 -9999.0 -9999.0 -9999.0 -9999.0 -9999.0 -9999.0 -9999.0 0.788257205121 0.768383614233 1.46193135097 3.4860507038 16.6426155077 1.33762838675 1.32602213012 2.52614279038 3.72379542424 9.28651600667 10.2028596265 0.603705819452 0.602058254704 29.9739294747 30.6249848411 74.2782310727 74.8305366169 0.460113289625 0.425949714996 0.373021436466 0.375566176113 0.371641095949 295.022530355 297.353111863 299.644611729 300.371931962 301.827874276 0.393865089413 1.48923936963 1.90942809472 1862.83091131 1863.01175461 1863.36014339 1863.7704758 1864.05398861 9.8473445772
-9999.0 -9999.0 -9999.0 -9999.0 -9999.0 -9999.0 -9999.0 -9999.0 -9999.0 -9999.0 -9999.0 -9999.0 -9999.0 -9999.0 -9999.0 -9999.0 -9999.0 -9999.0 -9999.0 -9999.0 0.711927629769 0.741241611977 1.38453797865 19.3658957735 20.2140309406 1.31851175361 2.51695154439 3.72316486413 4.66921472453 0.874299308342 1.70648615083 52.9735311886 53.6909158076 54.2838159056 58.9406572445 134.34611763 279.085213322 280.089998132 281.017786591 281.920222381 285.364521153 286.417896045 1.92336760525 0.892988862798 0.489063261526 0.937287062889 0.739810499449 1.15316539051 0.364823480433 8.39191624252 9.03564532997 9.51796814513 9.78180816336 1864.32596243 1874.56764391
-9999.0 -9999.0 -9999.0 -9999.0 -9999.0 -9999.0 -9999.0 -9999.0 -9999.0 -9999.0 -9999.0 -9999.0 -9999.0 -9999.0 -9999.0 -9999.0 -9999.0 -9999.0 -9999.0 -9999.0 -9999.0 0.725702762383 1.39628353756 2.07012715344 20.8067589072 1.05306535706 29.4696064102 30.7106133953 31.6219464209 32.4822089241 49.5966164001 50.451629748 0.741231047919 3.46856873496 4.18014188003 0.69593695859 143.724304658 142.437497535 0.478687167596 1.02979886179 2.63737031894 0.553855851794 0.556182078317 0.452342197308 0.391778356298 0.328906617709 0.356301600658 7.21235983941 7.56916271634 7.97645380273 0.296674426575 0.22907342938 9.93099816451 10.2119962421 10.4212132295
-9999.0 -9999.0 -9999.0 -9999.0 -9999.0 -9999.0 -9999.0 -9999.0 -9999.0 -9999.0 -9999.0 -9999.0 -9999.0 -9999.0 -9999.0 -9999.0 -9999.0 -9999.0 -9999.0 -9999.0 -9999.0 0.668143102369 0.630158648476 3.2604315961 25.4895478791 27.2554840256 28.2720026123 1.29810411839 15.0942227944 15.9264199888 16.2898033089 0.783090409081 1.580780368 2.28590639752 34.4150341021 34.9949313226 35.5224211031 141.431585928 82.3834487998 0.545618365214 0.541522335061 0.529318840746 0.444070323969 4.40173457053 5.25389315393 6.02871350453 6.43748048499 6.8355714655 42.001647897 42.3116251853 42.6438258631 43.4592427227 47.2712819309 47.5111657811 58.1966931249
-9999.0 -9999.0 -9999.0 -9999.0 -9999.0 -9999.0 -9999.0 -9999.0 -9999.0 -9999.0 -9999.0 -9999.0 -9999.0 -9999.0 -9999.0 -9999.0 -9999.0 -9999.0 -9999.0 -9999.0 -9999.0 -9999.0 1.31097551243 2.00111292701 0.81225144964 1.34022063074 10.3122074204 11.6477262657 12.7497003074 7.06209872817 7.94650191749 8.84535952908 9.60446050289 33.17335126 33.8642497848 21.8127908708 57.9399487545 58.5206567807 81.8943369236 1.1007544121 0.54603426813 0.441994456044 3.0255431915 3.52846293164 0.340440472315 0.319468171404 40.6296640662 41.3524623365 41.703015323 0.40814267278 0.588449142488 46.5933303358 0.442406823352 1.65745926223 1.86772677444
-9999.0 -9999.0 -9999.0 -9999.0 -9999.0 -9999.0 -9999.0 -9999.0 -9999.0 -9999.0 -9999.0 -9999.0 -9999.0 -9999.0 -9999.0 -9999.0 -9999.0 -9999.0 -9999.0 -9999.0 -9999.0 -9999.0 0.658039891242 1.30446022647 5.69546098336 6.55020507435 7.71600760387 5.02500915721 6.18898450238 0.87987999738 21.2166253132 22.0570108371 22.8717961523 0.726378177093 20.4882920638 21.1915118998 0.589923767621 79.0509480653 1.19410152776 0.592992007927 1.59671404357 2.14396081726 0.446017749161 0.390014967826 37.0042932975 39.957253142 40.3672713531 0.418537974777 0.970566780295 1.24313421674 1.49028179923 2.87291849185 0.61190436103 1.34619953084 0.288909814935
