data/baseflow/History/mHMbfrc549
ncols                  80
nrows                 72
xllcorner      4374000.0
yllcorner      5656000.0
cellsize            500
NODATA_value       -9999
[rows 0 to 23 of 72, columns 0 to 53 of 80]
-9999.0 -9999.0 -9999.0 -9999.0 -9999.0 -9999.0 -9999.0 -9999.0 -9999.0 -9999.0 -9999.0 -9999.0 0.557130454851 0.746618463668 -9999.0 -9999.0 -9999.0 -9999.0 -9999.0 -9999.0 -9999.0 -9999.0 -9999.0 -9999.0 -9999.0 -9999.0 -9999.0 -9999.0 -9999.0 -9999.0 -9999.0 -9999.0 -9999.0 -9999.0 -9999.0 -9999.0 -9999.0 -9999.0 -9999.0 -9999.0 -9999.0 -9999.0 -9999.0 -9999.0 -9999.0 -9999.0 -9999.0 -9999.0 -9999.0 -9999.0 -9999.0 -9999.0 -9999.0 -9999.0
-9999.0 -9999.0 -9999.0 -9999.0 -9999.0 -9999.0 -9999.0 -9999.0 -9999.0 -9999.0 -9999.0 -9999.0 1.0532880558 3.03840410049 0.643220006624 -9999.0 0.647307385374 -9999.0 -9999.0 -9999.0 -9999.0 -9999.0 -9999.0 -9999.0 -9999.0 -9999.0 -9999.0 -9999.0 -9999.0 -9999.0 -9999.0 -9999.0 -9999.0 -9999.0 -9999.0 -9999.0 -9999.0 -9999.0 -9999.0 -9999.0 -9999.0 -9999.0 -9999.0 -9999.0 -9999.0 -9999.0 -9999.0 -9999.0 -9999.0 -9999.0 -9999.0 -9999.0 -9999.0 -9999.0
-9999.0 -9999.0 -9999.0 -9999.0 -9999.0 -9999.0 -9999.0 -9999.0 -9999.0 -9999.0 0.450906480354 0.430864862266 0.456810404605 0.452569033223 3.84655153092 4.41251115909 1.78804419203 0.569510071433 -9999.0 -9999.0 -9999.0 -9999.0 -9999.0 -9999.0 -9999.0 -9999.0 -9999.0 -9999.0 -9999.0 -9999.0 -9999.0 -9999.0 -9999.0 -9999.0 -9999.0 -9999.0 -9999.0 -9999.0 -9999.0 -9999.0 -9999.0 -9999.0 -9999.0 -9999.0 -9999.0 -9999.0 -9999.0 -9999.0 -9999.0 -9999.0 -9999.0 -9999.0 -9999.0 -9999.0
-9999.0 -9999.0 -9999.0 -9999.0 -9999.0 -9999.0 -9999.0 -9999.0 -9999.0 0.43817635839 0.881971143632 1.74855298727 0.86144115708 0.411009213152 0.790026105834 4.77784707628 7.80304763707 0.622210243234 -9999.0 0.400677983653 -9999.0 -9999.0 -9999.0 -9999.0 1.20837921591 0.61953847747 -9999.0 -9999.0 -9999.0 -9999.0 -9999.0 -9999.0 -9999.0 -9999.0 -9999.0 -9999.0 -9999.0 -9999.0 -9999.0 -9999.0 -9999.0 -9999.0 -9999.0 -9999.0 -9999.0 -9999.0 -9999.0 -9999.0 -9999.0 -9999.0 -9999.0 -9999.0 -9999.0 -9999.0
-9999.0 -9999.0 -9999.0 -9999.0 -9999.0 -9999.0 -9999.0 -9999.0 0.557158536683 1.4901792421 1.90636670509 2.32769307541 3.00287084017 0.372534207905 1.49087886225 1.83881690585 10.6533297576 0.438711137208 0.319346081174 0.733719137122 1.05221419965 0.337995993809 -9999.0 3.04541083588 2.48943564293 0.655757811162 -9999.0 -9999.0 -9999.0 -9999.0 -9999.0 -9999.0 -9999.0 -9999.0 -9999.0 -9999.0 -9999.0 -9999.0 -9999.0 -9999.0 -9999.0 -9999.0 -9999.0 -9999.0 -9999.0 -9999.0 -9999.0 -9999.0 -9999.0 -9999.0 -9999.0 -9999.0 -9999.0 -9999.0
-9999.0 -9999.0 -9999.0 -9999.0 -9999.0 -9999.0 0.548200094027 0.468005549158 0.440979215466 0.455621334975 0.460443634175 3.2653674753 6.68903119424 7.09678825523 7.35212061574 0.218313248785 11.2532422521 11.5745978797 0.624085537345 0.326624389466 1.36236231908 2.35313704084 0.388734382099 4.29805257869 0.358010225367 0.412054103954 0.372621162842 -9999.0 -9999.0 -9999.0 -9999.0 -9999.0 -9999.0 -9999.0 -9999.0 -9999.0 -9999.0 -9999.0 -9999.0 -9999.0 -9999.0 -9999.0 -9999.0 -9999.0 -9999.0 -9999.0 -9999.0 -9999.0 -9999.0 -9999.0 -9999.0 -9999.0 -9999.0 -9999.0
-9999.0 -9999.0 -9999.0 -9999.0 -9999.0 -9999.0 1.10974805062 1.62069198489 3.5779129861 4.88642991029 0.38665571568 0.405149521718 0.374985242664 1.0786153481 8.74533784186 0.251989548361 11.8788262207 13.0294247562 0.901179524278 0.615690590705 2.64601845321 0.32492344287 4.61255777006 0.637889268274 0.32560751951 0.730366703107 0.739871203106 0.370886790673 0.37434617049 0.358055610988 0.406013878242 0.81092010898 -9999.0 -9999.0 -9999.0 -9999.0 -9999.0 -9999.0 -9999.0 -9999.0 -9999.0 -9999.0 -9999.0 -9999.0 -9999.0 -9999.0 -9999.0 -9999.0 -9999.0 -9999.0 -9999.0 -9999.0 -9999.0 -9999.0
-9999.0 -9999.0 -9999.0 -9999.0 -9999.0 0.650920325538 1.22234671305 0.563340073218 1.06880785103 5.40899283449 6.26868459026 7.11044380457 24.0195700088 0.348467230039 9.09732529445 36.0472112142 36.2739046868 49.7108662656 0.249175882189 0.896679650799 2.94121623958 0.291677233655 8.30721347113 3.39160677011 2.12673256468 1.80473219124 0.356669741393 1.09387308017 1.07258626521 0.712823179908 0.346037908102 1.17345006807 0.345252124201 0.336602654651 -9999.0 -9999.0 -9999.0 -9999.0 -9999.0 -9999.0 -9999.0 -9999.0 -9999.0 -9999.0 -9999.0 -9999.0 -9999.0 -9999.0 -9999.0 -9999.0 -9999.0 -9999.0 -9999.0 -9999.0
-9999.0 -9999.0 -9999.0 -9999.0 -9999.0 0.66230355199 1.88034184341 3.70265556313 4.22772139837 8.3454919929 8.80930789509 10.3042972277 16.5543597492 25.2074793831 25.9991077194 26.3714877002 0.593089982393 50.7615869799 51.2623034379 52.7538827115 65.222150717 9.22496137952 8.63188146334 2.44494891355 0.309175085575 2.06033428199 1.41795076899 0.310710895365 1.38638040466 0.293534960651 0.62812605866 1.80906940978 2.13959132173 0.65914302512 0.323903140909 0.315446748399 -9999.0 -9999.0 -9999.0 -9999.0 0.556971163199 0.515691612466 -9999.0 -9999.0 -9999.0 -9999.0 -9999.0 -9999.0 -9999.0 -9999.0 -9999.0 -9999.0 -9999.0 -9999.0
-9999.0 -9999.0 -9999.0 -9999.0 -9999.0 0.622722749156 0.570713766639 2.50263578325 3.04641507679 3.61917696957 0.51429278044 1.01047628696 5.95436685471 0.9795126365 0.438987937896 0.382108250656 0.323853326463 0.348284291023 0.314042329645 0.355609539535 65.5474535486 66.4450850637 0.290235856824 0.899122017629 0.614605229756 2.35536218308 0.621894269899 0.299105422881 1.71598162489 0.56650623878 1.38861016944 3.70926891367 3.43775972233 0.973534857131 0.959259679582 0.329301547952 0.326591114548 -9999.0 -9999.0 0.324591292601 1.09462536919 2.68669583514 0.542212403998 -9999.0 -9999.0 -9999.0 -9999.0 -9999.0 -9999.0 -9999.0 -9999.0 -9999.0 -9999.0 -9999.0
-9999.0 -9999.0 -9999.0 -9999.0 -9999.0 -9999.0 0.671067447451 0.691272255615 1.22945509137 1.80096136896 3.96745802935 5.02318261665 5.52447792245 0.511816057742 0.36931353332 5.38477629133 6.5121702446 6.8536383601 8.30256191088 8.61984202066 0.314196138612 66.7641882887 68.1782285604 1.10691257006 0.104445729668 2.57760953402 5.78059121211 2.30904826807 0.56878501583 0.28153834749 5.66390252903 4.00571895431 0.28469800482 0.286761348758 1.25461167465 0.961565492792 0.299602788257 0.303111313559 0.3151540633 0.630053397349 0.299608399149 3.26416603285 3.55053360122 0.276747971957 -9999.0 -9999.0 -9999.0 -9999.0 0.323477243952 0.302325187397 0.0827301284285 -9999.0 -9999.0 -9999.0
-9999.0 -9999.0 -9999.0 -9999.0 -9999.0 -9999.0 -9999.0 0.639268475535 0.498248479689 1.10537785895 1.67512356071 0.531911102633 0.411426731648 2.90212523451 3.76794122987 4.65769544318 0.398705590147 0.762191801136 0.372109344423 8.9525290958 20.836271848 21.3750936211 90.3165664877 0.289812163218 0.313175364187 0.0915175606944 6.05655531127 0.285076722354 0.857067097595 0.275444365488 5.94524885841 6.22817854135 0.572206195521 0.563981703888 3.13278686698 1.57000192547 0.610744282502 0.313780103159 0.627623702174 0.936411958302 1.51636358271 0.279292271997 4.11340404718 4.40803384764 0.271921558992 0.291018369321 0.300637692094 0.274368669632 0.261628911235 0.889452735303 0.326237621317 0.206166444995 -9999.0 -9999.0
-9999.0 -9999.0 -9999.0 -9999.0 -9999.0 -9999.0 -9999.0 -9999.0 1.10583261018 1.55007272173 0.528776416142 1.09600603717 1.5895291558 2.52996668947 0.481883558451 0.451921968319 0.364648098516 0.369660261173 0.324576219729 11.1959664594 0.386813786761 0.742554093462 91.6642844342 92.6488056398 0.361395606857 1.02380643754 7.35358237063 0.555271140807 1.10605999377 0.517875753677 0.763940749149 7.30983493619 0.828831441438 4.48246063301 3.66745700235 0.26595406398 1.5010914707 0.606602256646 0.909244680093 0.27812752026 1.79445953507 2.35318770555 2.61786999255 2.86997584029 5.44624029986 0.524559820594 0.546886561545 0.504984644365 0.478933613962 1.11750230843 0.224563154015 0.762460715978 0.967169729703 -9999.0
-9999.0 -9999.0 -9999.0 -9999.0 -9999.0 -9999.0 -9999.0 -9999.0 0.617270312618 2.77185229861 3.27680788762 0.504127942894 0.967430990467 0.461452803114 0.40293527146 0.393920374738 5.18753514961 6.90335862492 8.6764580129 10.615749188 0.467238410665 0.368653074239 0.386331312194 94.7556043814 96.0135769924 96.4532905464 9.95214618833 2.22359923731 1.92748043345 0.252430843991 1.0110174695 8.56758756398 0.253306070835 4.73258644797 0.271651789642 1.9263418289 1.79479107108 0.286319564139 1.1891462154 0.555372417352 0.827262964612 0.26484276401 0.241427294224 3.11922978772 3.35144833139 5.67789982414 0.791534847878 0.739571609386 0.704592407394 1.35207597301 1.80505129311 0.225533380941 1.17900249938 0.221043862631
-9999.0 -9999.0 -9999.0 -9999.0 -9999.0 -9999.0 -9999.0 -9999.0 -9999.0 0.659746672034 3.8429432769 4.3380128056 1.44131846855 2.37680202692 3.2049777231 3.6334870293 0.441851945229 1.34433937619 0.871476177038 0.456294414508 0.43187244356 0.364110169961 0.723033562663 1.2928230883 0.548612096789 107.449507008 107.828607549 0.343417981263 0.242540905718 0.497818476435 0.740947869229 9.29794019497 0.491040990246 4.96097301442 2.92373793455 2.41652157947 0.272264432659 0.550068455211 1.44428009462 0.254225017564 1.0748881435 0.507890513414 0.356522299122 0.104101704304 3.78286156525 9.65770231732 0.973367527775 0.92465402077 0.901926848431 0.19572576016 1.99998074518 0.190615928226 1.59272822705 0.198591731977
-9999.0 -9999.0 -9999.0 -9999.0 -9999.0 -9999.0 -9999.0 -9999.0 -9999.0 -9999.0 0.511338118903 5.36819694594 0.467960238175 0.937423562603 1.34040110304 2.13612620899 0.412603122971 0.886380960943 0.418349082662 0.390307763459 0.359455577271 0.713372353667 0.320170479333 0.363718755391 0.767196048758 0.465420500032 108.311915387 109.080507509 110.089200754 1.00561730793 0.244862532197 0.487749336229 9.55164238831 9.10610725102 3.45022506068 0.257742396895 1.08049345542 0.813439541063 1.70033264692 0.508506979608 2.08390252691 0.755174686598 0.547916870712 0.0490365486459 0.115660641826 9.8908277928 10.1107521507 12.201721974 1.50961758156 0.400098010104 2.2109785201 2.60645501305 4.38615112795 0.393769319558
-9999.0 -9999.0 -9999.0 -9999.0 -9999.0 -9999.0 -9999.0 -9999.0 -9999.0 -9999.0 -9999.0 0.259807899732 5.86382627124 0.417626052142 0.82024270555 3.76123529015 0.42113856151 0.415201598553 0.351177537004 0.754794168384 0.363802556877 1.43539974344 2.06926448768 2.36576912996 1.05163147868 1.3722165121 0.371508253039 0.419677783408 0.430814787013 111.833858096 112.616932314 9.77396316839 9.55726262776 9.33318867635 0.463830173698 0.228178714294 1.32154082876 3.50736793706 1.94540979554 0.750918196556 3.07137405871 0.949132847181 0.726980605942 0.0929538558742 0.0404453925136 0.037205711449 0.0652793736367 12.616990938 14.7329589142 0.189933876599 0.184598449228 0.190832988852 4.57280285122 5.13794346379
-9999.0 -9999.0 -9999.0 -9999.0 -9999.0 -9999.0 -9999.0 -9999.0 -9999.0 -9999.0 -9999.0 0.233146398611 6.41098224978 7.88974680264 0.410666217845 4.5670579702 0.381215942959 0.360647409649 0.701520044467 1.81563667593 0.346792069547 0.373193396262 0.30297119285 2.98116369776 3.27421495934 4.95019820559 5.57322275294 5.8430919547 6.17524161625 6.49572909756 119.514203691 129.829560217 139.936854992 140.27986669 0.23917080941 0.231017990697 3.99134986346 3.7517276464 0.239554578976 0.232202225332 3.30767643338 4.49360294543 0.175688721567 1.7994581907 1.70059895254 0.274322314819 0.142129942668 0.253790696935 0.227854127741 15.135964799 0.204033469101 0.549145540599 0.713342317515 6.25648227491
-9999.0 -9999.0 -9999.0 -9999.0 -9999.0 -9999.0 -9999.0 -9999.0 -9999.0 -9999.0 -9999.0 0.568715432315 1.06195579059 8.36183662472 9.13267403563 0.388580350691 5.51374776804 0.329884644879 0.998389227039 2.13953381274 0.670522372229 0.32162481673 0.662687086571 0.281793561042 0.535772148846 0.255967739135 0.21045218156 0.127583656238 0.0992201508526 0.0798827423861 0.0735806583053 0.139209386056 0.227218234513 0.355609878685 141.195588475 4.99726777261 4.49277604983 0.234629669265 0.687004239411 0.169261777211 0.150042000797 4.7110090664 7.16101278779 2.04634195985 1.61158793756 0.183800578964 0.072325138633 0.058224674113 0.22026945353 15.5661683456 15.9770646423 0.214122255959 0.218468618245 0.134276940655
-9999.0 -9999.0 -9999.0 -9999.0 -9999.0 -9999.0 -9999.0 -9999.0 -9999.0 -9999.0 -9999.0 -9999.0 0.430121122109 6.71692015871 16.2715394493 17.5602504765 23.4695378047 24.0214029296 4.99895540925 3.47471415489 1.0002051429 0.315404267406 1.2806849871 1.57330297593 2.37082458434 0.52610559575 0.459734291371 0.381936956232 0.726612213049 0.320705231691 0.29225596577 0.137009276035 0.0509506109678 0.0632453438457 141.468255988 146.663575741 147.024367099 0.24812043039 1.96177747886 0.78929699917 0.240808721722 7.9169453135 0.540809242905 0.282684882506 1.15854609238 0.191909396825 0.165272865133 0.319487813663 0.483857148983 0.677030910383 16.3294337701 0.169206920047 0.150553933612 0.150668232135
-9999.0 -9999.0 -9999.0 -9999.0 -9999.0 -9999.0 -9999.0 -9999.0 -9999.0 -9999.0 -9999.0 0.518017386144 5.19475765825 6.26062758385 0.91721893313 0.271304293812 0.577444712247 24.9570548986 25.3912336405 30.9131791054 0.289279919265 0.600988712976 0.262740003652 0.267854531602 2.63228660416 3.41905726744 4.1106042087 0.234495280039 0.959886668874 1.50870730453 0.868660463624 0.359067049982 0.197134449748 0.127010419577 0.155333457104 0.0937088148835 147.303925974 147.542699496 149.930271004 0.415663563918 0.216959156968 8.28074574026 0.587596874061 0.306278963343 0.340428409996 0.335932356863 0.294210556296 0.482307031475 1.42903084008 2.31977401193 18.8192140111 0.13345237153 0.400467689854 0.270788022334
-9999.0 -9999.0 -9999.0 -9999.0 -9999.0 -9999.0 -9999.0 -9999.0 -9999.0 -9999.0 -9999.0 0.538526128721 3.75380593911 0.557440169218 0.438237850734 2.48763229751 2.86291156512 3.23876364309 3.56941192745 42.0643074005 42.3389731523 42.9099414794 47.2788500224 48.0481627356 48.4418128545 48.7157411209 53.221936246 53.7406538312 53.9725889721 55.7232218638 56.850660676 57.0752956128 57.6192046341 0.336071944337 0.241569823992 0.0330408389998 0.0496308505132 147.76024741 150.777356672 0.629019173815 9.99755518982 9.76688736374 1.09452710693 0.255654022949 0.258319121356 0.249691302222 0.251032109362 0.507296720308 0.733250980449 0.226114007689 18.9847744555 19.1609965817 19.9852616985 20.1328181877
-9999.0 -9999.0 -9999.0 -9999.0 -9999.0 -9999.0 -9999.0 -9999.0 -9999.0 -9999.0 -9999.0 2.00842710317 2.62893315262 1.144275306 1.66028852318 0.503538352304 5.78912383095 6.2010227794 7.00517206545 7.25242653278 2.52642914969 45.8964871468 46.1549025345 0.222015880581 0.123194485883 0.0920755533216 0.23076330123 0.0898293913046 0.0603992661295 0.0521565015671 0.0683013149373 57.2132795016 57.7844736012 58.3897396581 58.8653816171 59.0777204646 0.0724127647562 0.0325219564172 161.405045216 10.4216369221 10.2434972226 0.232216340365 0.218433185445 0.204153559147 0.467976302386 0.460428140395 0.212328172476 0.210304761538 0.199721036804 0.421749413152 0.573649338022 0.129546190353 0.238428842756 0.0706718831826
-9999.0 -9999.0 -9999.0 -9999.0 -9999.0 -9999.0 -9999.0 -9999.0 -9999.0 -9999.0 -9999.0 -9999.0 1.3671694848 0.60288550532 0.507087006978 4.97201024629 5.40753512661 0.434039558163 1.65784924587 2.01533300091 2.27911457318 0.325655958594 0.236681876482 6.70011424596 6.88753295841 7.04770188025 18.7916547342 18.8780926318 18.9957037794 20.0932899426 20.4592505046 20.5037344752 0.0485781276358 0.0537917433974 0.0635529459926 59.3993243854 0.0952782868498 163.332703638 163.095361936 1.53199145302 1.33858047542 0.875043009462 0.217276599308 0.40611676517 0.678872660006 0.670941493074 0.414936384993 0.200480198255 0.396672064332 0.395303796505 0.748920995326 0.107799142166 0.338348932016 0.54055659738
