data/baseflow/History/mHMbfrc291
ncols                  80
nrows                 72
xllcorner      4374000.0
yllcorner      5656000.0
cellsize            500
NODATA_value       -9999
[rows 24 to 47 of 72, columns 0 to 54 of 80]
-9999.0 -9999.0 -9999.0 -9999.0 -9999.0 -9999.0 -9999.0 -9999.0 -9999.0 -9999.0 -9999.0 -9999.0 1.28204482099 3.65784196689 4.79123158739 8.29700359204 1.08777319832 2.14862384357 3.13810072142 11.8656801946 12.796551411 13.7308641137 14.6244476683 15.5490833779 23.54582974 26.2022658741 27.8506305497 0.811016455902 3.8804977902 4.67279535315 56.196806474 59.5056164276 61.0404420881 62.5857220921 63.9191884168 223.4856607 0.211033966622 448.048858169 1.25691824041 0.618309067042 4.43637139637 3.68933627962 0.677513087686 2.05133688335 3.00063312385 2.97365010755 2.13596929214 3.51392098074 5.57680683499 2.09108248003 5.43036292171 0.578689280572 1.00381602239 0.271342812547 0.210679243319
-9999.0 -9999.0 -9999.0 -9999.0 -9999.0 -9999.0 -9999.0 -9999.0 -9999.0 -9999.0 -9999.0 -9999.0 1.23727391223 2.45218141772 1.13914142705 2.32093787796 1.04762116828 7.87691408211 9.88481598587 10.9034678998 0.946555210323 1.87157143945 17.5134516545 21.9308468756 22.7653512507 1.82036911574 1.6583305064 2.4743913362 0.710956775989 0.658918106119 1.24381855834 0.501182362235 26.0517814819 26.6249193029 27.0210874871 223.923221473 451.938731604 448.616657224 0.966963190626 0.439330283561 0.412984183008 1.72696983354 1.31024158201 2.7542464064 3.67475697212 7.31917776757 0.676827057428 0.675748906512 6.23945087712 6.926637111 13.575939657 14.0417875627 15.3158108944 15.815999313 0.433821867197
-9999.0 -9999.0 -9999.0 -9999.0 -9999.0 -9999.0 -9999.0 -9999.0 -9999.0 -9999.0 -9999.0 -9999.0 -9999.0 1.1967051074 2.36589211291 3.53233053374 5.69189635025 1.14781837916 1.03181120613 6.67386137854 7.62981327826 15.6630619034 16.6295644524 2.75682779063 0.932246345307 0.895970128326 0.826846324309 22.3396328775 23.0331990396 23.7752737111 24.4117570102 25.5061027043 5.66925173155 6.07493078688 33.4198411212 709.500968693 2.90630431811 2.42124461201 1.38400733886 0.347198100129 0.339404838824 2.52477880516 2.80525404311 3.51580840496 0.399076098388 7.81145148648 1.26168403652 1.24995282476 0.377676038028 0.255042360721 0.218427100057 0.170506002203 0.225596053251 16.1008445308 231.257488552
-9999.0 -9999.0 -9999.0 -9999.0 -9999.0 -9999.0 -9999.0 -9999.0 -9999.0 -9999.0 -9999.0 -9999.0 -9999.0 -9999.0 1.15089335897 2.01244131543 2.75354491786 3.51389957461 4.58003173023 5.67081301403 3.13223781314 5.1795719097 0.954566012788 0.9275652757 18.046770718 19.8478436247 20.6879271509 21.5980953013 0.744121233769 1.39987335988 3.62576748175 4.44027774181 5.12836216443 0.502519106521 0.281585067189 710.541195854 0.451254654274 0.588255464091 0.290253151324 1.33457167424 0.666230936442 0.282000183519 6.6270446165 6.81872977368 0.191901161685 8.00775370998 9.50195484721 1.51114220781 241.636231526 241.044395753 240.547817884 239.658599394 239.342654321 232.870040038 232.678095319
-9999.0 -9999.0 -9999.0 -9999.0 -9999.0 -9999.0 -9999.0 -9999.0 -9999.0 -9999.0 -9999.0 -9999.0 -9999.0 -9999.0 0.186861184096 0.427381667659 0.734702306485 6.52946417877 7.64515367792 1.12061031622 1.04437292433 1.03259097553 14.2687614153 16.2521726894 0.962110781436 0.970075598308 0.834402206143 3.42425862058 4.26691333753 2.26786543893 2.99110376659 19.6346590483 20.3945268261 21.4502039248 34.7389473789 745.522764274 0.40281388971 0.231818161269 1.95377852215 1.65403663716 0.237534151669 0.769329557697 1.00108372904 7.06328748557 7.25827461065 17.3073261212 9.67457680488 1.78778857851 246.512781025 1.9860412798 240.105788259 239.892157333 6.13377737943 0.30445046505 1.21019972661
-9999.0 -9999.0 -9999.0 -9999.0 -9999.0 -9999.0 -9999.0 -9999.0 -9999.0 -9999.0 -9999.0 -9999.0 -9999.0 -9999.0 0.943015740342 1.54707745866 3.23530317981 5.57945754793 8.29618284212 10.2130332888 11.2812943788 12.3258617433 13.3325397934 0.979036433829 0.908402141031 1.79236447721 1.70872982533 0.882150521439 16.8180989216 17.6441143045 18.4272989175 19.1905047393 11.7105432208 12.4778743255 12.9982720926 745.728159726 0.685515927376 0.551463156261 2.74940801549 0.317795664738 0.404100657126 0.197357529579 0.21542583319 1.18965079272 0.162374903348 0.172939138388 264.822982548 247.384626855 247.211444132 0.790627261323 1.79613466136 1.21268224835 0.323241086739 5.67439272717 1.72487467355
-9999.0 -9999.0 -9999.0 -9999.0 -9999.0 -9999.0 -9999.0 -9999.0 -9999.0 -9999.0 -9999.0 -9999.0 -9999.0 -9999.0 0.652911956051 0.597799793874 1.16350731475 1.77884944568 0.990868022458 1.15096408057 2.23450434155 3.30367709209 5.33642679291 6.34149621788 7.24931915501 9.97432872379 10.8333340194 11.7529182476 0.85125705605 8.50556656889 9.31344529363 10.1589121884 0.813033596057 0.583808221446 0.9803108917 759.890745943 760.088022553 761.155227045 3.67134144046 0.666397362992 0.656651910933 0.196092826435 0.378121628677 1.35348586121 1.66361142075 0.314771433708 265.583964177 0.227515696093 0.433022681271 0.503727633439 0.329871264876 0.670042974345 0.273450571219 3.57343731165 2.9489173082
-9999.0 -9999.0 -9999.0 -9999.0 -9999.0 -9999.0 -9999.0 -9999.0 -9999.0 -9999.0 -9999.0 -9999.0 -9999.0 -9999.0 -9999.0 0.559021463327 1.0996841828 0.541644789043 1.13213032508 7.25447110539 8.14344387822 9.19179822357 1.01412294122 1.0120172253 1.92325786732 2.85588312765 4.56278888911 5.43814275427 6.00101463182 6.82284067557 0.749530990456 0.759894789052 11.8284421914 12.3623626151 12.6865575782 12.965378325 10.8701918333 773.202636671 778.616622892 778.879893445 779.77315861 780.906310095 781.427462699 0.15304609255 1.8087461451 265.72878978 0.390504071916 0.200730209066 0.178246460126 0.158762724531 0.294794913325 0.351928586447 0.205823446067 0.310356356067 0.33148318179
-9999.0 -9999.0 -9999.0 -9999.0 -9999.0 -9999.0 -9999.0 -9999.0 -9999.0 -9999.0 -9999.0 -9999.0 -9999.0 -9999.0 -9999.0 -9999.0 1.63344560011 2.22609870597 3.99069177273 5.46181499955 0.81453180234 11.1254914713 12.1314370852 13.1124608221 0.962092829769 1.88944126978 0.848010131683 6.36265201482 6.89953122393 7.68341601932 8.50680528708 10.6534838398 11.0894654702 0.267710435844 9.83944673983 10.3833053065 10.6145626259 11.8348061968 1.52545586985 0.959175567516 0.616744528497 0.600646600072 781.998379625 782.20867924 785.271818691 265.868101505 1.02394541534 0.501055909441 0.325690490871 0.118889008323 1.02764585778 0.577543814334 0.187345942843 1.08709453514 0.927478767477
-9999.0 -9999.0 -9999.0 -9999.0 -9999.0 -9999.0 -9999.0 -9999.0 -9999.0 -9999.0 -9999.0 -9999.0 -9999.0 -9999.0 -9999.0 -9999.0 0.590250282874 2.8104970162 3.43729878759 0.881926903235 1.07918792746 2.16577601864 3.1876806896 17.3221750715 0.95594761728 3.82593038297 4.69062707859 5.55208415195 0.561057453277 1.30111473367 1.8733239955 7.71081430101 8.83182410254 9.0495707977 0.259585585436 0.295052732779 0.395841729713 0.727046021093 0.334145789432 0.356975195186 0.527524098288 0.500377039122 0.535679523252 1.11132409816 785.515192091 1052.00086438 1.24054069217 0.248380589571 0.110359143727 3.41229939355 3.15171503396 1.94474234429 1.76640621961 1.35075308384 0.316614448255
-9999.0 -9999.0 -9999.0 -9999.0 -9999.0 -9999.0 -9999.0 -9999.0 -9999.0 -9999.0 -9999.0 -9999.0 -9999.0 -9999.0 -9999.0 0.476357939475 1.60017199007 0.532528079908 1.08576961344 1.22066297756 2.32320926821 3.39522908138 4.26544207167 22.1794879371 23.1167445525 0.962989504077 1.84390306348 2.72892962606 3.43760589177 4.2567939503 6.95740368095 7.42820738473 0.826438827002 0.54376494654 0.492359135257 0.489315787241 0.547097391981 0.588029330406 0.521784842907 0.688202439036 1.66220896451 0.771058890432 0.197316042209 0.187197647286 0.224616566964 0.426911668668 1062.40763381 8.87691469973 3.87067640072 0.211893544375 0.0891407846408 0.0948588217777 0.416884386727 0.311595538021 0.17297296025
-9999.0 -9999.0 -9999.0 -9999.0 -9999.0 -9999.0 -9999.0 -9999.0 -9999.0 -9999.0 -9999.0 -9999.0 -9999.0 -9999.0 0.507665314098 0.968523603428 3.54991661665 0.494005854286 1.92017713489 3.12694075573 4.27160474536 1.15316848422 2.19147072418 2.95635929483 26.6327091904 0.921782634098 1.76348655666 2.62813483164 0.825678833908 1.65306040146 2.45233448731 2.95666676259 56.9828494186 57.9894014117 58.8823977328 62.3942797558 64.011933222 67.0022723889 0.758844473839 1.77572037201 2.01144756888 75.3042805852 75.7109343271 0.174749131426 0.348640785041 0.513610617552 1062.54438017 8.33017420634 4.21412279283 4.11589603613 3.01582116288 2.55457069679 0.550688782912 0.118829749747 0.27710991849
-9999.0 -9999.0 -9999.0 -9999.0 -9999.0 -9999.0 -9999.0 -9999.0 -9999.0 -9999.0 -9999.0 -9999.0 -9999.0 -9999.0 0.524279476402 1.57486474841 5.63840467994 8.25655445102 0.430180713056 10.8598426336 15.7140830197 1.11518447601 2.15752481816 3.00598000141 35.0631839634 35.6935849962 0.805564227123 4.2882616209 5.09361496443 5.85103556507 50.2519765842 52.4129274193 53.3904837188 0.441104572143 2.54740848494 3.01755478697 1.3060806005 1.89765936071 69.6229426681 72.1854519359 72.6363535826 73.0556390657 76.188133129 0.233632820382 0.205577488138 0.877927830814 1062.6835857 0.151109587473 0.343066722958 1.01601015997 0.383491651604 2.38083198401 1.69687127015 0.998601194923 0.758485753951
-9999.0 -9999.0 -9999.0 -9999.0 -9999.0 -9999.0 -9999.0 -9999.0 -9999.0 -9999.0 -9999.0 -9999.0 -9999.0 -9999.0 -9999.0 -9999.0 1.08605518528 2.16712875259 9.76390350431 10.3235761241 16.1933181247 16.7780977931 1.08821749446 2.17212415358 4.95733976734 36.1890523612 37.8052278424 38.5099720166 0.57526000756 41.2662312204 43.6131311183 1.37157118695 0.447524668307 0.900496173345 1.73395711044 0.405140076444 0.808094461226 1.8152073255 2.25498951751 0.407357578 0.274361685517 0.542068177212 78.3518971724 79.0813134503 79.2573423207 80.5910446791 1062.81051837 0.0902743338143 0.257533304317 0.291537318204 0.288951686813 0.29541921143 0.26510128487 0.500258586411 0.0811134564468
-9999.0 -9999.0 -9999.0 -9999.0 -9999.0 -9999.0 -9999.0 -9999.0 -9999.0 -9999.0 -9999.0 -9999.0 -9999.0 -9999.0 -9999.0 -9999.0 0.563742002401 0.547538237654 0.545143492216 1.15796860649 0.49896385242 17.7660028016 18.3012385769 0.950722433189 1.93742333081 0.998641390253 0.847766491377 0.826879663233 40.1102118451 0.8211712957 1.66729222413 0.693925967801 0.503773381006 0.430030650862 0.336547105678 0.349813842588 1.06986610409 1.46426680758 0.283190589778 0.243796820604 0.522273971001 0.86242746202 1.2257356313 0.387233692167 79.526323744 80.7709495821 1062.88953701 0.86282084003 0.694183178869 0.189882913086 0.446984196225 0.161424241465 0.128877129031 0.640484547689 0.45741153837
-9999.0 -9999.0 -9999.0 -9999.0 -9999.0 -9999.0 -9999.0 -9999.0 -9999.0 -9999.0 -9999.0 -9999.0 -9999.0 -9999.0 -9999.0 -9999.0 -9999.0 -9999.0 0.542088318887 1.64569801916 2.07322763109 2.5506661159 18.7708803309 19.2569112686 19.7611854297 20.4295012349 21.2349216901 22.9099440281 23.6733258276 24.4665324602 25.0693945761 0.449490883831 0.425182457667 0.437183227632 1.49041748788 0.387708997708 0.370512816628 0.295714772787 0.853254525004 0.319144805251 0.248176289597 0.231001947125 0.201764213685 0.402650350372 0.575742163137 81.9338668731 1145.78382718 0.0750708970861 0.187390813528 0.164004859214 0.622441718615 0.361802673642 0.259161916564 1.47314683076 0.768236464529
-9999.0 -9999.0 -9999.0 -9999.0 -9999.0 -9999.0 -9999.0 -9999.0 -9999.0 -9999.0 -9999.0 -9999.0 -9999.0 -9999.0 -9999.0 -9999.0 -9999.0 -9999.0 -9999.0 0.435413992934 3.58344967322 7.10782307048 7.62939184716 0.838709359409 1.79898678768 2.80854013342 3.69758789673 9.46219464595 9.97881280778 0.491252928422 0.48684376228 26.0080802682 26.8479079164 27.2415443229 1.78453436419 0.251922319248 0.640039528503 0.93851817461 2.79969365807 3.41172815086 3.88987882453 0.440346275961 0.614361950904 0.205667531683 0.404001533698 0.205447737277 1146.13506722 0.0736272431522 0.324163492384 0.267878780644 0.993130178429 1.68849167691 1.99572375935 3.51507502625 1.21317986096
-9999.0 -9999.0 -9999.0 -9999.0 -9999.0 -9999.0 -9999.0 -9999.0 -9999.0 -9999.0 -9999.0 -9999.0 -9999.0 -9999.0 -9999.0 -9999.0 -9999.0 -9999.0 0.500158324739 1.61599706391 3.15477983209 4.1050719273 10.5894032655 11.2654231455 2.12071591533 3.12436978399 4.02704296919 4.93990953818 10.6522595125 11.7100676497 21.7728142299 22.6371735625 23.102634795 27.6196403625 30.3080693084 0.606692619669 0.411555677838 0.388634950669 0.736630592373 0.326603902254 4.51118176875 4.74064357942 0.80894934429 1.10566034152 0.221556063348 232.793442173 233.206024427 1379.53421987 1379.94526972 0.0704139916039 1.14342598169 0.0929777501963 0.0943628328479 3.76072242608 5.07700895802
-9999.0 -9999.0 -9999.0 -9999.0 -9999.0 -9999.0 -9999.0 -9999.0 -9999.0 -9999.0 -9999.0 -9999.0 -9999.0 -9999.0 -9999.0 -9999.0 -9999.0 -9999.0 -9999.0 0.586873348733 0.571756844543 1.06619882245 2.51540684367 11.7542635898 1.08713463549 1.07400316104 1.97557662999 2.89660467401 7.55545753977 8.41553167821 0.652223033505 0.555941254321 23.6800467647 24.0642661703 54.7865984007 55.1470530776 0.226408382066 0.201201661809 0.170076528564 0.171628919511 0.184727470977 228.274515815 229.656985966 231.098419043 231.641081202 232.539964012 0.226651453285 0.837363798441 1.02373466795 1381.26490773 1381.30639426 1381.46988024 1381.75752592 1381.98915401 5.28754516855
-9999.0 -9999.0 -9999.0 -9999.0 -9999.0 -9999.0 -9999.0 -9999.0 -9999.0 -9999.0 -9999.0 -9999.0 -9999.0 -9999.0 -9999.0 -9999.0 -9999.0 -9999.0 -9999.0 -9999.0 0.512875474812 0.542870899978 0.997986011039 13.7142692846 14.2858217982 1.06181054807 1.95835252383 2.89221730229 3.81821386742 0.873219651279 1.5514781643 39.7198028529 40.1851175468 40.7135397532 44.3210221204 99.9377846036 219.118524896 219.662256396 220.152028369 220.625380287 222.661001278 223.306421916 1.14759382795 0.511472697491 0.297153929666 0.560916321815 0.415881332296 0.657656713182 0.20573524201 4.86022057757 5.17889194823 5.40199727402 5.50188973611 1382.07337498 1387.54954994
-9999.0 -9999.0 -9999.0 -9999.0 -9999.0 -9999.0 -9999.0 -9999.0 -9999.0 -9999.0 -9999.0 -9999.0 -9999.0 -9999.0 -9999.0 -9999.0 -9999.0 -9999.0 -9999.0 -9999.0 -9999.0 0.527104100351 1.00773417703 1.49234094589 14.7021119367 0.692756290004 20.7937315559 21.755102905 22.6650387214 23.3905771093 36.8660430593 37.5429750346 0.509997975068 2.61136465898 3.16403699745 0.46374742572 118.645989251 117.808396599 0.272366665537 0.611551159421 1.61159905959 0.351022095559 0.35583754279 0.259032198158 0.217834174046 0.172545612726 0.196967560809 4.21706798511 4.41987474961 4.66108622314 0.172608542762 0.124751433224 5.58039682164 5.69231300517 5.76845251337
-9999.0 -9999.0 -9999.0 -9999.0 -9999.0 -9999.0 -9999.0 -9999.0 -9999.0 -9999.0 -9999.0 -9999.0 -9999.0 -9999.0 -9999.0 -9999.0 -9999.0 -9999.0 -9999.0 -9999.0 -9999.0 0.471890599923 0.441930407623 2.30889837863 18.0177377311 19.2174779432 19.8971158472 0.97628121304 11.3813267462 12.2929732618 12.7207515553 0.656341293393 1.21022034945 1.66048764712 28.631871814 28.9900961965 29.3039246214 117.228213241 67.4677150513 0.331860859319 0.338483719172 0.32733665743 0.255153688221 2.61845974221 3.10790085908 3.54031956223 3.77684183591 4.00507711438 30.926492454 31.0944270756 31.3650585913 32.0495368633 34.2295866862 34.3238992813 40.1960742466
-9999.0 -9999.0 -9999.0 -9999.0 -9999.0 -9999.0 -9999.0 -9999.0 -9999.0 -9999.0 -9999.0 -9999.0 -9999.0 -9999.0 -9999.0 -9999.0 -9999.0 -9999.0 -9999.0 -9999.0 -9999.0 -9999.0 0.926164703069 1.42524461501 0.570268051492 1.10386775418 7.56687624907 8.58883289375 9.47492314447 5.67162876784 6.60193777891 7.49811121357 8.04229006469 27.8389432147 28.3243706913 19.39808242 49.0890492581 49.4514745674 67.1887911984 0.681328505887 0.34074224776 0.246435770076 1.81557452464 2.12160758172 0.179295079077 0.165254059171 30.1791215592 30.5760499316 30.7674388411 0.313373970959 0.482078419723 33.9040163207 0.209943230105 0.693502923348 0.771724378375
-9999.0 -9999.0 -9999.0 -9999.0 -9999.0 -9999.0 -9999.0 -9999.0 -9999.0 -9999.0 -9999.0 -9999.0 -9999.0 -9999.0 -9999.0 -9999.0 -9999.0 -9999.0 -9999.0 -9999.0 -9999.0 -9999.0 0.467912910693 0.924802111686 4.08001487963 4.689080943 5.50017242061 3.81392464731 4.72655008385 0.969530433857 17.6616336396 18.5373615794 19.3211512206 0.569036648161 18.4915971428 18.9946698369 0.375678674383 65.4016274692 0.772457525588 0.383309995688 0.977596523098 1.31939568615 0.255302709196 0.210118202437 28.1291760301 29.8187046454 30.0497016768 0.242470865532 0.527338407675 0.672610016196 0.806864872618 1.61393281158 0.252915239355 0.567936807338 0.120046804966
