data/baseflow/History/mHMbfrc581
ncols                  80
nrows                 72
xllcorner      4374000.0
yllcorner      5656000.0
cellsize            500
NODATA_value       -9999
[rows 24 to 47 of 72, columns 0 to 54 of 80]
-9999.0 -9999.0 -9999.0 -9999.0 -9999.0 -9999.0 -9999.0 -9999.0 -9999.0 -9999.0 -9999.0 -9999.0 0.81518687101 2.2892072884 3.0269111515 5.24933620573 0.693174448081 1.39142300074 2.03644619597 7.67461395491 8.12639853357 8.35412969102 8.84354361334 9.45549884424 15.7793444933 17.5222968931 18.2732887052 0.214769354344 1.77459146601 1.9632602745 32.7988751935 33.5406908781 33.8312641905 34.1213194436 34.4537142844 131.761741646 0.598179250668 291.200575159 0.494215440876 0.179874942365 2.57660309085 2.31669388477 0.298261221044 1.41154188333 2.00486424311 1.9959154141 1.37083611063 2.24706882585 3.56673267357 1.34085527205 3.56428526751 0.273831819921 0.348125613355 0.0966698151305 0.08406032243
-9999.0 -9999.0 -9999.0 -9999.0 -9999.0 -9999.0 -9999.0 -9999.0 -9999.0 -9999.0 -9999.0 -9999.0 0.767336541513 1.52918621456 0.730165318936 1.47199392987 0.666594161548 5.03742415442 6.37749283378 7.03982387427 0.615214892657 1.12478320332 12.0845207619 14.7748209965 15.2334494205 1.17306396667 1.07007562451 1.43930210012 0.169457575547 0.157158752502 0.303516767864 0.198438881718 20.2607758672 20.4961931116 20.7782885244 132.21563584 293.587949628 291.421769291 0.304970567839 0.134453671451 0.125927819917 0.536378893053 0.421705065144 1.58452320937 2.32907012352 4.75979539038 0.435191851971 0.435725289479 3.89939541651 4.23117163814 8.47274485407 8.7288280101 9.18107314038 9.36920664975 0.159307621973
-9999.0 -9999.0 -9999.0 -9999.0 -9999.0 -9999.0 -9999.0 -9999.0 -9999.0 -9999.0 -9999.0 -9999.0 -9999.0 0.742395322946 1.49242927352 2.24441180405 3.62864069327 0.742524009047 0.69114867593 5.40598206047 6.03745248218 11.1574432238 11.7604514629 1.70721072299 0.609589387912 0.592954527563 0.557229166965 19.0295167327 19.3284950467 19.5259542334 19.682060275 20.0517317607 2.6388390152 2.99009773172 24.1349269434 450.153935963 1.63616940115 1.31390538425 0.518444468565 0.157957560743 0.121384733937 0.791119130226 0.898596021782 1.80983515998 0.109375139378 4.90027560277 0.6569109747 0.641009073621 0.110653560054 0.0926595642693 0.0899031264532 0.154545558334 0.0922852804818 9.46056355331 127.280236109
-9999.0 -9999.0 -9999.0 -9999.0 -9999.0 -9999.0 -9999.0 -9999.0 -9999.0 -9999.0 -9999.0 -9999.0 -9999.0 -9999.0 0.722438041603 1.60293929934 2.45205795432 3.33292862451 4.02439013267 4.73114993981 2.05215615243 3.36940848258 0.601359699136 0.593142322635 16.2103309369 17.3790790562 17.944019565 18.5379907938 0.455853965007 0.787806907352 2.0032521872 2.16616058718 2.36934620725 0.365578897918 0.475815922769 451.338578573 0.365728856767 0.525209582842 0.250397115918 0.671884913381 0.312985137653 0.21552838587 2.90947931253 3.18796758281 0.172616641651 5.1109261378 5.85004878242 0.706430251185 132.125672237 131.93340389 131.74168669 131.21987975 130.908213566 127.770450958 127.568067907
-9999.0 -9999.0 -9999.0 -9999.0 -9999.0 -9999.0 -9999.0 -9999.0 -9999.0 -9999.0 -9999.0 -9999.0 -9999.0 -9999.0 0.226036916144 0.515968461102 0.856490464077 8.03736559776 8.7493466544 0.716576850159 0.692560073621 0.661198285502 13.7578093713 15.0198477784 0.608728800662 0.601813926034 0.545607332517 2.1524155199 2.67281201821 1.32916094831 1.59702958865 12.173400092 12.5144180781 13.3447818818 20.9914101683 472.581641505 0.390281327246 0.233598690854 1.04442505543 0.852195959283 0.201509593121 0.633123627922 0.849860468458 3.43297634535 3.66621839325 9.98569671256 5.95819374761 0.774691445985 135.618511914 1.93218818926 131.533889124 131.383920638 2.87313151481 0.199782771003 0.131635603669
-9999.0 -9999.0 -9999.0 -9999.0 -9999.0 -9999.0 -9999.0 -9999.0 -9999.0 -9999.0 -9999.0 -9999.0 -9999.0 -9999.0 1.20128344092 1.96444781931 4.0545559646 7.18228977518 9.57893995041 11.154410838 11.8264707159 12.5025657764 13.1503271405 0.627508299839 0.58407065009 1.13754644238 1.08665088572 0.544586424531 10.5861253352 11.0969964413 11.5802447207 12.0286364865 6.33813290274 6.55040661973 7.09880600564 472.793030186 0.662194825146 0.61795061663 1.76199048529 0.160724069432 0.500064764868 0.275477274464 0.204184294348 1.09090736605 0.194363076264 0.204189588126 146.672822745 136.510079045 136.294869583 0.706587548723 1.80636621159 1.11757034687 0.23104080911 2.40065005488 0.630200233839
-9999.0 -9999.0 -9999.0 -9999.0 -9999.0 -9999.0 -9999.0 -9999.0 -9999.0 -9999.0 -9999.0 -9999.0 -9999.0 -9999.0 0.838547317327 0.791844170796 1.54995898365 2.35023734452 0.751426703112 0.677335687845 1.37323780194 2.05429521317 3.32401913857 3.95976092895 4.563625919 6.30976149846 6.85780935867 7.41818029938 0.485249958662 5.18752186646 5.59548403967 5.87891941873 0.17382815793 0.0490213843964 0.118154140309 479.700730767 479.904187886 480.975705412 2.19558360005 0.313230739703 0.758177128157 0.219204614153 0.378271088029 1.28075483545 1.64283747916 0.376425039705 147.635543533 0.338633202905 0.403889848743 0.41994693912 0.406298359962 0.648475110045 0.289725182481 1.61593182066 1.14003550038
-9999.0 -9999.0 -9999.0 -9999.0 -9999.0 -9999.0 -9999.0 -9999.0 -9999.0 -9999.0 -9999.0 -9999.0 -9999.0 -9999.0 -9999.0 0.755224128095 1.49352729343 0.732669914865 1.48230953912 9.31076183149 10.0558776877 10.7367044213 0.6426403628 0.634647228492 1.24006767551 1.83075877966 2.93070640152 3.46142536847 3.7269582782 4.19771817603 0.416213241473 0.313049828143 6.22844778604 6.278949812 6.41083151385 6.5786232899 5.58885493012 487.272791158 490.568105579 490.712089153 491.605654343 492.357948981 493.003106588 0.212330596452 1.82545615932 147.853440597 0.543114193025 0.277373909627 0.328032378862 0.28752997565 0.483511514356 0.374124166254 0.208968252283 0.267614657569 0.22074035642
-9999.0 -9999.0 -9999.0 -9999.0 -9999.0 -9999.0 -9999.0 -9999.0 -9999.0 -9999.0 -9999.0 -9999.0 -9999.0 -9999.0 -9999.0 -9999.0 2.21709846799 3.00313584735 5.3340096353 7.02205920502 0.884060943929 12.3268853463 12.9643228218 13.5994059991 0.621343115957 1.22800558006 0.560554902169 4.10288727316 4.35489357102 4.75675610057 5.14691922123 6.07044007395 6.13368323497 0.0485420923029 4.8791731976 5.225362282 5.42041850355 6.0920220581 0.906535981598 0.590297272233 0.355951168902 0.336798552219 493.596469881 493.940343065 497.085608991 148.099098695 1.47383008424 0.706060232022 0.496561234409 0.142456254744 1.25283258861 0.599337463814 0.189938597829 0.967189623701 0.799986901105
-9999.0 -9999.0 -9999.0 -9999.0 -9999.0 -9999.0 -9999.0 -9999.0 -9999.0 -9999.0 -9999.0 -9999.0 -9999.0 -9999.0 -9999.0 -9999.0 0.803690263947 3.78611837206 4.60354351098 0.916177190918 0.686302819011 1.36499018059 1.98826844826 16.2229748196 0.620388601108 2.48373150313 3.05704900755 3.6186018713 0.262294234825 0.644096623711 0.797034946823 4.01047577392 4.34235863866 4.49284476698 0.166212579952 0.154711966888 0.166705474256 0.303696840351 0.120442023823 0.130854347896 0.289671920797 0.213749093725 0.290130207751 1.04673097417 497.450386714 646.48230199 1.82838155517 0.220812221316 0.17136792331 3.63664735076 3.33050446221 1.86954192766 1.65421690931 1.20820242804 0.2604131369
-9999.0 -9999.0 -9999.0 -9999.0 -9999.0 -9999.0 -9999.0 -9999.0 -9999.0 -9999.0 -9999.0 -9999.0 -9999.0 -9999.0 -9999.0 0.679673186151 2.2254587124 0.740724165844 0.859441359778 0.752405299624 1.46291749204 2.15152348283 2.86678773055 19.8287041272 20.4321362776 0.616592124985 1.1906200257 1.76307500761 2.12709064259 2.49209194953 3.43221537363 3.84713344318 0.124857653606 0.197145776854 0.184412633484 0.300542464174 0.284843338466 0.267635494881 0.229019266295 0.25270548404 1.22617863733 0.57836093356 0.373738167517 0.366344412972 0.317879836423 0.599152095017 657.863628982 9.36996500141 4.48977065128 0.457503063608 0.205357710007 0.176041192127 0.544616081542 0.356324548984 0.170676606326
-9999.0 -9999.0 -9999.0 -9999.0 -9999.0 -9999.0 -9999.0 -9999.0 -9999.0 -9999.0 -9999.0 -9999.0 -9999.0 -9999.0 0.709337836488 1.38024100318 5.03076764797 0.733739181294 1.76844741047 2.50837130514 3.21359879439 0.716811001907 1.36411802482 2.13559157755 23.265280578 0.593792795335 1.14575056718 1.68867599419 0.483817948011 0.943049621574 1.07392259137 1.43219646889 40.9858285296 41.4445881621 41.8950581869 44.2403829279 45.0748935209 46.9302287956 0.577777327825 1.1617806431 1.52003734915 53.3172654287 53.9873604518 0.34331694582 0.58703276532 0.826893336576 658.165582891 9.01673142449 3.84286372316 3.59563556479 3.22406031419 2.96130084673 0.726129629652 0.189035263557 0.330741847629
-9999.0 -9999.0 -9999.0 -9999.0 -9999.0 -9999.0 -9999.0 -9999.0 -9999.0 -9999.0 -9999.0 -9999.0 -9999.0 -9999.0 0.718564741852 2.18009859461 7.92658894795 11.7115344688 0.673085877016 15.4834121729 19.445123497 0.683701703906 1.32461845265 2.06886794199 29.2438270554 29.9212377103 0.532462133149 2.75474086473 3.2331396947 3.57621414309 38.1990790575 38.8260579599 39.3741557002 0.286308392387 1.64935121194 1.96119096094 0.954280701602 1.37015445965 48.9340290155 50.7652254061 51.1445817571 51.5138996496 54.5408688302 0.271574731637 0.254128515688 1.31522849575 658.519018738 0.411376239242 0.0299543057775 0.167940312433 0.0775785578032 2.59929169745 2.4111453948 1.42033299509 0.987997080899
-9999.0 -9999.0 -9999.0 -9999.0 -9999.0 -9999.0 -9999.0 -9999.0 -9999.0 -9999.0 -9999.0 -9999.0 -9999.0 -9999.0 -9999.0 -9999.0 1.52959625693 3.09075702733 13.935841746 14.7277149834 20.1495551733 20.909574929 0.670487444156 1.33936236111 3.27031281777 30.6145653191 31.7515602305 32.2420007333 0.421656759842 33.8261733725 34.4414589638 0.429020527113 0.289088799246 0.563795007273 1.11047869613 0.273882472742 0.566667966035 1.30934492906 1.65682765701 0.316573928921 0.246951773231 0.503040880825 56.1555785622 56.641320611 56.8710604487 58.7261253721 658.838984365 0.35536533462 0.01872381164 0.0574275319279 0.0540788107873 0.0557755405313 0.0476689226096 0.087594685862 0.162728381239
-9999.0 -9999.0 -9999.0 -9999.0 -9999.0 -9999.0 -9999.0 -9999.0 -9999.0 -9999.0 -9999.0 -9999.0 -9999.0 -9999.0 -9999.0 -9999.0 0.801280398642 0.787578301373 0.782408773284 1.60035099703 0.716613132492 22.3285527684 23.02635115 0.676915249753 1.29569679253 0.623065060982 0.549824371876 0.540088196882 33.0943718123 0.182802439757 0.368448536775 0.2588695172 0.295434239984 0.273552392637 0.234685614844 0.241236103274 0.73512544951 0.997661318697 0.214417103235 0.19628175885 0.418848307043 0.677767731855 0.824139539713 0.196977336915 57.1443757079 58.9624729896 659.087988653 0.671270451633 0.0925947769617 0.0312028266353 0.0770899477426 0.0238492159451 0.0176274645953 0.107949250215 0.780335214131
-9999.0 -9999.0 -9999.0 -9999.0 -9999.0 -9999.0 -9999.0 -9999.0 -9999.0 -9999.0 -9999.0 -9999.0 -9999.0 -9999.0 -9999.0 -9999.0 -9999.0 -9999.0 0.777933047498 2.32534743396 2.98511760293 3.68000068451 23.6957457571 24.3525444463 25.0207171661 25.7498390432 26.2779214272 27.3493001585 27.5441187961 27.708642169 27.9036959416 0.27116008702 0.260296873837 0.268782735102 0.993052858886 0.258739722459 0.251930366023 0.214248304705 0.634544782266 0.242158954701 0.202986260134 0.191795575146 0.168997055759 0.337439575481 0.49712986367 60.003477898 720.021698882 0.219512862538 0.478797018526 0.0236442761175 0.0886401177439 0.0332729390378 0.0355422668569 1.51790360058 1.28434502987
-9999.0 -9999.0 -9999.0 -9999.0 -9999.0 -9999.0 -9999.0 -9999.0 -9999.0 -9999.0 -9999.0 -9999.0 -9999.0 -9999.0 -9999.0 -9999.0 -9999.0 -9999.0 -9999.0 0.668616919806 5.17082171311 10.2763108918 11.0075365077 0.840941616572 1.51472418245 2.13073712801 2.65000180775 6.06891093235 6.33844873012 0.267295758205 0.260349064526 28.4448312933 28.9529412796 29.1958589483 1.20305235476 0.200711436592 0.465712038476 0.687380936534 2.05502509706 2.51529612213 2.90562526249 0.365285542688 0.518309426061 0.176076195204 0.354638082375 0.18192339705 720.405219254 0.214851757779 0.883303444398 0.273710792046 0.496267688596 1.51561699636 1.6628858815 3.29123215852 1.314652179
-9999.0 -9999.0 -9999.0 -9999.0 -9999.0 -9999.0 -9999.0 -9999.0 -9999.0 -9999.0 -9999.0 -9999.0 -9999.0 -9999.0 -9999.0 -9999.0 -9999.0 -9999.0 0.72892377849 2.29957829052 4.51507976745 5.91643109931 15.2811414446 16.0726525699 1.27424549234 1.89342185027 2.41952639172 2.93397802883 6.54996895023 7.06425270861 11.7456984727 12.0770168247 12.3091720672 29.4500002484 31.3508781169 0.462033358651 0.279643248488 0.272185389386 0.53130946239 0.249177213704 3.38481190842 3.5718895196 0.691699472933 0.844925906372 0.182297294448 162.848091289 163.242126526 883.948011197 885.148298165 0.208651215613 0.927923425057 0.428503099105 0.332596884224 3.82829288016 5.32856205631
-9999.0 -9999.0 -9999.0 -9999.0 -9999.0 -9999.0 -9999.0 -9999.0 -9999.0 -9999.0 -9999.0 -9999.0 -9999.0 -9999.0 -9999.0 -9999.0 -9999.0 -9999.0 -9999.0 0.813451574814 0.791352907807 1.51249168365 3.61099206499 16.7425143886 0.649304422122 0.642319834055 1.18037686436 1.695933824 3.84624190351 4.0882176932 0.147671581671 0.223844450177 12.6051337357 12.8752696279 44.4495340115 44.6605252595 0.185654216837 0.168663481976 0.148812018612 0.150016826036 0.156719401022 159.625466757 160.690243524 161.678060955 161.995706287 162.687136029 0.202616979593 0.762948885948 0.992955155898 886.618594215 886.817442161 886.976551942 887.168402357 887.303383248 5.55299561701
-9999.0 -9999.0 -9999.0 -9999.0 -9999.0 -9999.0 -9999.0 -9999.0 -9999.0 -9999.0 -9999.0 -9999.0 -9999.0 -9999.0 -9999.0 -9999.0 -9999.0 -9999.0 -9999.0 -9999.0 0.738924334204 0.766567158059 1.43412785774 19.5452698897 20.2577413203 0.633741408989 1.16137634539 1.6853679077 1.94096447899 0.206604408824 0.477569106237 40.7946815616 41.0556835081 41.2643229497 43.0105880405 87.8749623278 152.761825904 153.173962345 153.561007366 153.935039669 155.405061601 155.868046801 0.900878972214 0.419408318639 0.242616482918 0.464233783507 0.378559062277 0.592024793296 0.195178895319 3.98855924803 4.66409307991 5.21647850421 5.36453242103 887.467915719 893.241622534
-9999.0 -9999.0 -9999.0 -9999.0 -9999.0 -9999.0 -9999.0 -9999.0 -9999.0 -9999.0 -9999.0 -9999.0 -9999.0 -9999.0 -9999.0 -9999.0 -9999.0 -9999.0 -9999.0 -9999.0 -9999.0 0.751365077237 1.44379796149 2.13820715347 20.8411066489 0.681522634314 28.1302876247 28.6707041381 28.8783349861 29.1445109665 39.709293 40.0200380193 0.28200373704 1.30849518296 1.58132385308 0.285909164438 64.4690086197 63.9395416944 0.189751918453 0.423741261327 1.12733174058 0.242727137058 0.257260731362 0.211872390105 0.191238151239 0.157598612349 0.181701836635 3.34644550958 3.53742438185 3.75970512609 0.418379136026 0.315916685295 5.56860092272 5.77359035453 5.89600660171
-9999.0 -9999.0 -9999.0 -9999.0 -9999.0 -9999.0 -9999.0 -9999.0 -9999.0 -9999.0 -9999.0 -9999.0 -9999.0 -9999.0 -9999.0 -9999.0 -9999.0 -9999.0 -9999.0 -9999.0 -9999.0 0.694628992758 0.654156676321 3.37654169389 25.5678089182 26.9198230705 27.6087475847 0.554305631698 10.1168746928 10.2827140125 10.3629950342 0.279580784906 0.586036865115 0.872406291026 15.0726182452 15.3059008667 15.5169785109 63.5414666781 39.2189114426 0.230191558381 0.238721236058 0.230564632087 0.19758832098 1.94095699234 2.36003770655 2.73786355806 2.94852748811 3.15333313738 16.8064058852 16.9826577242 17.1241526404 17.4530148852 19.480236389 19.618523818 25.6720067742
-9999.0 -9999.0 -9999.0 -9999.0 -9999.0 -9999.0 -9999.0 -9999.0 -9999.0 -9999.0 -9999.0 -9999.0 -9999.0 -9999.0 -9999.0 -9999.0 -9999.0 -9999.0 -9999.0 -9999.0 -9999.0 -9999.0 1.36057944677 2.07005438889 0.7354509469 0.642833708119 8.26422897345 8.84818057029 9.25803615756 3.24424962293 3.41259888098 3.61594815073 3.89237474916 14.5668103761 14.8514762353 8.11903642832 23.8825285426 24.1164817443 39.0277001733 0.47265479611 0.23976924501 0.186556851123 1.3183247561 1.54877066264 0.165515489349 0.156598629087 16.0659369036 16.4496692766 16.6486336064 0.16843937467 0.237613438015 19.0905218433 0.230016002237 1.03348495738 1.16351319574
-9999.0 -9999.0 -9999.0 -9999.0 -9999.0 -9999.0 -9999.0 -9999.0 -9999.0 -9999.0 -9999.0 -9999.0 -9999.0 -9999.0 -9999.0 -9999.0 -9999.0 -9999.0 -9999.0 -9999.0 -9999.0 -9999.0 0.68126165346 1.34972846027 5.62185826191 6.36009550643 7.04779175923 2.59332588675 3.06938009177 0.189295343245 10.0252372123 10.2013427882 10.3925894887 0.244443691051 7.5778980907 7.8681596655 0.242686492896 37.8270138598 0.504383735339 0.251911577074 0.694220777746 0.934600419056 0.200465158197 0.171939393806 14.2333995207 15.7067579182 15.9288515343 0.220076620625 0.528039111267 0.671934495728 0.81734848959 1.53719232144 0.382586190843 0.843240352319 0.182061516219
