data/baseflow/History/mHMbfrc516
ncols                  80
nrows                 72
xllcorner      4374000.0
yllcorner      5656000.0
cellsize            500
NODATA_value       -9999
[rows 24 to 47 of 72, columns 0 to 53 of 80]
-9999.0 -9999.0 -9999.0 -9999.0 -9999.0 -9999.0 -9999.0 -9999.0 -9999.0 -9999.0 -9999.0 -9999.0 1.05623453541 2.92799929569 3.81482053819 6.45152343093 0.720532279576 1.47493805829 2.16139141635 8.70888479484 9.32417690998 9.93865389849 10.4338550835 10.957058115 16.6580818346 18.2579931857 19.2017367711 0.410882656418 2.5331340535 2.94471287879 37.0771263039 38.6549080763 39.4351835446 40.254711516 40.7967613759 151.742217995 0.198836265419 292.929574472 0.391210889159 0.205602354072 2.07205001281 1.76893966444 0.282146304956 0.909793241983 1.39268556873 1.34738882572 0.917321994286 1.51383061158 2.39778933207 0.919726149868 2.27462795715 0.209209893954 0.369643387882 0.0689286070191
-9999.0 -9999.0 -9999.0 -9999.0 -9999.0 -9999.0 -9999.0 -9999.0 -9999.0 -9999.0 -9999.0 -9999.0 0.986023959294 1.95169623513 0.90849584586 1.79709709118 0.746750686956 5.93587855798 7.32712278628 8.04648347623 0.638304611962 1.27474562187 12.6318911464 15.6435978513 16.2088813006 1.03208888677 1.20569042662 1.83762461759 0.353618648655 0.316547243985 0.587454406444 0.226554252595 19.4143227042 19.6542984288 19.8209870707 151.979828089 294.775670402 293.131941075 0.316194391383 0.169144302336 0.151071580629 0.625667788307 0.495613510936 1.19426627391 1.67005071159 3.31877631865 0.301011046731 0.298427954146 2.66371638137 2.94332095139 5.68292927734 5.82161170845 6.26316840628 6.39017230946
-9999.0 -9999.0 -9999.0 -9999.0 -9999.0 -9999.0 -9999.0 -9999.0 -9999.0 -9999.0 -9999.0 -9999.0 -9999.0 0.920395162824 1.84729346697 2.78736769866 4.37045954825 0.814553310072 0.720357026399 5.13151531707 5.78194306279 11.3711199089 12.0774598069 1.91683394279 0.576268315831 0.488386214212 0.513985382322 17.7105333602 18.039001418 18.3951911576 18.6891431579 19.1818211205 3.15111706348 3.30419209687 23.3690543174 470.245683988 1.25254634453 0.950146550419 0.474274671368 0.128686224869 0.117668059675 0.91110686263 0.996404716053 1.42176087335 0.117636782532 3.47590084894 0.517253923625 0.509074967228 0.110773189822 0.0682038831926 0.057301129886 0.047418124825 0.058770332486 6.44981591847
-9999.0 -9999.0 -9999.0 -9999.0 -9999.0 -9999.0 -9999.0 -9999.0 -9999.0 -9999.0 -9999.0 -9999.0 -9999.0 -9999.0 0.874003606119 1.6443229206 2.31899366665 2.98247709955 3.69972074464 4.44523270316 2.13787480271 3.6145493736 0.690597465085 0.629892634594 15.0861809754 16.2806883011 16.7997439821 17.3409336071 0.379885765789 0.688540255085 1.90725432838 2.50715146149 2.89618950437 0.202324428625 0.134168600001 470.825417697 0.266679370925 0.339821084543 0.212603272736 0.587863864534 0.255590170056 0.154996713089 2.52438447639 2.60641416539 0.057333329559 3.54057411051 4.17597028778 0.707367122436 94.4819953231 94.2978899486 94.1620501927 93.9126732066 93.8256300659 91.9762543209
-9999.0 -9999.0 -9999.0 -9999.0 -9999.0 -9999.0 -9999.0 -9999.0 -9999.0 -9999.0 -9999.0 -9999.0 -9999.0 -9999.0 0.205553891775 0.455636018397 0.69551379621 6.67859763471 7.41281413739 0.754720770445 0.727193834899 0.738967996207 12.4454292169 13.8782722689 0.68969571618 0.686086188195 0.504831018122 2.14025081901 2.6637337633 1.20727604872 1.59561391683 12.8984196888 13.2657124532 13.7730774813 21.7220366794 492.693818866 0.277616680271 0.150581105254 0.933228392083 0.770110364598 0.0822765190564 0.329433668961 0.415543269204 2.69842310898 2.77031942773 7.09278388729 4.20615820785 0.794524281215 96.3364399195 0.642733089469 94.0447724306 93.9831643839 1.75527588474 0.0502494399981
-9999.0 -9999.0 -9999.0 -9999.0 -9999.0 -9999.0 -9999.0 -9999.0 -9999.0 -9999.0 -9999.0 -9999.0 -9999.0 -9999.0 0.997614455814 1.65454074919 3.39714324427 5.95699519942 8.04595806898 9.62654520718 10.3480633056 11.0908253595 11.8138521004 0.695448229168 0.586960817519 1.15192852011 1.06089528321 0.579897893964 11.1981485691 11.7027701116 12.1528060668 12.5787246426 7.11341494574 7.45076752848 7.7793676694 492.825762182 0.473364808916 0.585565340424 1.65556606487 0.177339011529 0.181522825174 0.0987013102986 0.0786118241008 0.496387061384 0.0551671173065 0.059090342387 103.774771867 96.6406438155 96.5807896545 0.269079118126 0.545031335518 0.347294883717 0.0742354630341 1.62779507327
-9999.0 -9999.0 -9999.0 -9999.0 -9999.0 -9999.0 -9999.0 -9999.0 -9999.0 -9999.0 -9999.0 -9999.0 -9999.0 -9999.0 0.696825233981 0.664641596979 1.31210138825 1.96464508187 0.862765911249 0.939817923586 1.72666110173 2.48386113881 3.93005870335 4.63509075407 5.19577470908 6.93730490798 7.44603801303 8.06230009016 0.545781318631 5.45529668804 5.89368964459 6.35279477457 0.408180403852 0.31922246367 0.529253397413 501.669531187 501.794949566 502.552451864 2.14116572443 0.359299487916 0.392007829689 0.100551744545 0.136629966167 0.558360077814 0.663162678907 0.105028660255 104.042650324 0.0872385222864 0.140447574476 0.15835925508 0.113222949849 0.216580678105 0.0859809155274 1.12235245711
-9999.0 -9999.0 -9999.0 -9999.0 -9999.0 -9999.0 -9999.0 -9999.0 -9999.0 -9999.0 -9999.0 -9999.0 -9999.0 -9999.0 -9999.0 0.635893977249 1.24472226737 0.595736653059 1.27545249657 7.64506720776 8.3253101487 9.02138843568 0.714019273345 0.709721972404 1.27503283479 1.87289178576 2.86129769879 3.40271060961 3.86226576103 4.4128054098 0.390231002176 0.386001367257 7.4424536338 7.836967428 8.01115925656 8.17323594781 6.47105001875 509.656124907 512.726121417 512.851531864 513.348705697 513.869488738 514.040524566 0.0456076113274 0.709668003359 104.083375377 0.0938276307884 0.0483678418394 0.0641680323723 0.0681737780957 0.116118814311 0.11078004274 0.0674691418544 0.118737663938
-9999.0 -9999.0 -9999.0 -9999.0 -9999.0 -9999.0 -9999.0 -9999.0 -9999.0 -9999.0 -9999.0 -9999.0 -9999.0 -9999.0 -9999.0 -9999.0 1.84524251408 2.44616696946 4.29643046035 5.67133445334 0.731549810968 10.5789147597 11.2657249444 11.8750548042 0.583762348653 1.13700449174 0.471681092672 3.77217445974 4.15039858598 4.77657521704 5.48374608033 6.7369811172 7.10238027741 0.216568521019 5.85518275882 6.17602991004 6.32471100879 6.97105011651 0.804271322576 0.490430288627 0.291603044984 0.239983817217 514.297376762 514.368391693 515.506499988 104.118486406 0.292781222647 0.166411515799 0.110607378959 0.0353242327093 0.355013643176 0.191064996672 0.0588989580393 0.349572950565
-9999.0 -9999.0 -9999.0 -9999.0 -9999.0 -9999.0 -9999.0 -9999.0 -9999.0 -9999.0 -9999.0 -9999.0 -9999.0 -9999.0 -9999.0 -9999.0 0.62588683321 3.06501874385 3.71989782897 0.748102197749 0.754286460852 1.57392370267 2.31118165987 14.8285346868 0.578080994122 2.32989546256 2.83077960091 3.31966243654 0.445351658971 0.995733959629 1.28913996858 4.55926054481 5.1516349654 5.31660923637 0.169653732589 0.163230343019 0.194763935041 0.345509271363 0.166343619366 0.176240993416 0.219594506375 0.165932126151 0.181373392109 0.397456576671 515.573264222 619.855210386 0.393804605648 0.153074910355 0.0419034986421 1.15228936262 1.07288498402 0.655707975389 0.591974154161 0.444865505274
-9999.0 -9999.0 -9999.0 -9999.0 -9999.0 -9999.0 -9999.0 -9999.0 -9999.0 -9999.0 -9999.0 -9999.0 -9999.0 -9999.0 -9999.0 0.543647521116 1.72621677067 0.55962241731 0.791317676738 0.830062608877 1.59705993612 2.36686752419 2.9916350802 18.3484087333 18.8856308603 0.558288442957 1.04953639509 1.54984579947 1.95246645716 2.38381306731 4.06949940311 4.36608573672 0.379398129096 0.225092692253 0.176586052862 0.0815647975443 0.203057609055 0.200219060999 0.288566890581 0.329810805573 0.695982501221 0.265867811175 0.0788549426879 0.0763789335169 0.0640435491187 0.116450640421 624.017512545 3.69929068307 1.44202896039 0.146955431092 0.069872752588 0.0427512401338 0.148593325559 0.100916073786
-9999.0 -9999.0 -9999.0 -9999.0 -9999.0 -9999.0 -9999.0 -9999.0 -9999.0 -9999.0 -9999.0 -9999.0 -9999.0 -9999.0 0.574652237304 1.10549008926 3.90750623934 0.518785905022 1.44813815534 2.24475710317 2.97057243955 0.769886166776 1.40453004505 1.99422017409 21.3618241449 0.514907295973 0.961974394383 1.4292731923 0.457423612326 0.908221633477 1.2745432047 1.54493288234 36.9512923117 37.3878167459 37.908224406 39.6964655789 40.1086345531 41.1220886 0.58510662702 1.25315895126 0.96123208577 44.7960080813 44.9296009814 0.0682285253989 0.109664672362 0.149293095306 624.058293826 3.43559343588 1.79470727038 1.70251633524 1.26562496381 1.0553464469 0.195517190759 0.0477202435406
-9999.0 -9999.0 -9999.0 -9999.0 -9999.0 -9999.0 -9999.0 -9999.0 -9999.0 -9999.0 -9999.0 -9999.0 -9999.0 -9999.0 0.587144991488 1.77875978111 6.27025766966 9.26721471383 0.454161931786 12.0140613927 15.5141205326 0.69765619615 1.31750043338 1.91473449008 26.7602730296 27.1991420944 0.35198571086 2.14588674301 2.48798785798 2.86105114521 33.8944393633 34.755273302 35.1741731899 0.20634623437 1.19727579233 1.46986155799 0.467394862645 0.650585414929 42.0168284261 43.5320083327 43.6606324692 43.7776055522 45.043870124 0.0556739436231 0.0489525030333 0.237394816219 624.115043208 0.104588738809 0.119053854537 0.362328581017 0.144085614217 0.949394344526 0.714318378098 0.432866123142
-9999.0 -9999.0 -9999.0 -9999.0 -9999.0 -9999.0 -9999.0 -9999.0 -9999.0 -9999.0 -9999.0 -9999.0 -9999.0 -9999.0 -9999.0 -9999.0 1.23889878013 2.48098415222 10.9320257283 11.5289196327 16.0312894487 16.5706416803 0.682653759515 1.36678705332 3.04247493243 27.6222751113 28.3900734756 28.6746139058 0.21886779303 29.763857383 30.6745622868 0.545915645438 0.194938234974 0.359025595201 0.696777929836 0.169374176997 0.321836520026 0.650134330877 0.79764236785 0.160141925504 0.0966036746824 0.182947322515 45.8501390228 46.2019932041 46.2414065012 46.6158408685 624.159947955 0.0754673724761 0.0774921901112 0.0987569400496 0.0962850889195 0.0994472634217 0.08411592508 0.15519954025
-9999.0 -9999.0 -9999.0 -9999.0 -9999.0 -9999.0 -9999.0 -9999.0 -9999.0 -9999.0 -9999.0 -9999.0 -9999.0 -9999.0 -9999.0 -9999.0 0.645181866695 0.626527475071 0.605986733656 1.16501318081 0.500959040398 17.5738048136 18.0584758941 0.58009402511 1.15683792728 0.498043342421 0.377126927393 0.358581021505 29.3074162923 0.314709531062 0.65035211395 0.269526001791 0.194370563205 0.16935225307 0.120968167963 0.127858154735 0.393698992848 0.545814054761 0.0988457464231 0.084777785675 0.189981009935 0.329350687462 0.458361416933 0.199626561325 46.3305300498 46.6578121049 624.189756823 0.365615089315 0.206079397733 0.0555094817906 0.14072694899 0.0455962009791 0.0347977452532 0.193561731028
-9999.0 -9999.0 -9999.0 -9999.0 -9999.0 -9999.0 -9999.0 -9999.0 -9999.0 -9999.0 -9999.0 -9999.0 -9999.0 -9999.0 -9999.0 -9999.0 -9999.0 -9999.0 0.619159736764 1.71591567695 2.18254143257 2.67200456174 18.5436937755 19.0417733768 19.5143193707 19.999123702 20.3412072027 21.0631509374 21.3352616167 21.6333750968 21.8400246024 0.16328592679 0.148517547239 0.160530069836 0.547413748609 0.148744776143 0.138613411203 0.100250542221 0.291467793714 0.122720581556 0.0896751432903 0.0813541753476 0.067321372047 0.13428279738 0.195531061248 47.0574357203 671.641485857 0.0796025855636 0.136060087584 0.0440289364951 0.188515151229 0.0964811391038 0.0699923853789 0.612108355273
-9999.0 -9999.0 -9999.0 -9999.0 -9999.0 -9999.0 -9999.0 -9999.0 -9999.0 -9999.0 -9999.0 -9999.0 -9999.0 -9999.0 -9999.0 -9999.0 -9999.0 -9999.0 -9999.0 0.492234290335 4.04914479579 7.81053941955 8.30410570207 0.677844833416 1.26475011219 1.84580829112 2.25455318461 5.30335125518 5.48498046167 0.172789285253 0.167972932263 22.2991266885 22.6192147395 22.747872723 0.637313548349 0.0763823203718 0.21253558257 0.308755913256 0.943273948005 1.16804706619 1.3371608656 0.151232162055 0.209195407492 0.0721941523612 0.145813898955 0.0773291278874 671.757507728 0.0605357197076 0.26255949603 0.0971779910232 0.314352877633 0.795013262286 0.898870480708 1.54951287485
-9999.0 -9999.0 -9999.0 -9999.0 -9999.0 -9999.0 -9999.0 -9999.0 -9999.0 -9999.0 -9999.0 -9999.0 -9999.0 -9999.0 -9999.0 -9999.0 -9999.0 -9999.0 0.566368842147 1.82712727635 3.56442690618 4.63950618297 11.6211026568 12.2030123559 1.23973387392 1.83442620479 2.31875551786 2.72533225079 5.71983524189 6.08945393024 11.0632648143 11.4909306251 11.79105254 22.8720236183 23.8035798805 0.198387564242 0.146707139911 0.135574223847 0.256101033836 0.114833609647 1.56372778032 1.64290093173 0.279159720982 0.405283030166 0.182799279852 139.498979507 139.693687385 811.510949358 811.841854068 0.0766389471551 0.475669813342 0.192263283836 0.149885871132 1.81530261703
-9999.0 -9999.0 -9999.0 -9999.0 -9999.0 -9999.0 -9999.0 -9999.0 -9999.0 -9999.0 -9999.0 -9999.0 -9999.0 -9999.0 -9999.0 -9999.0 -9999.0 -9999.0 -9999.0 0.661473596218 0.643443774666 1.19760148166 2.82195107721 12.7224681906 0.645215341075 0.635896498802 1.08717259307 1.58251912522 3.93484519152 4.28020599425 0.306048324076 0.259152583628 11.9946092749 12.1246676109 36.1131088279 36.305134467 0.0616044611928 0.0524192625625 0.0429674677073 0.0434546135388 0.0532100390461 137.680113429 138.208097996 138.710780143 139.013210636 139.371581123 0.0959130587149 0.346622545297 0.402794940046 812.368589274 812.389421973 812.403840698 812.466534921 812.568428703
-9999.0 -9999.0 -9999.0 -9999.0 -9999.0 -9999.0 -9999.0 -9999.0 -9999.0 -9999.0 -9999.0 -9999.0 -9999.0 -9999.0 -9999.0 -9999.0 -9999.0 -9999.0 -9999.0 -9999.0 0.575269228458 0.609862482994 1.11934406425 14.8967421088 15.3970455609 0.617027304304 1.06738265887 1.57950717706 2.05399440368 0.427194445325 0.720049957823 33.3670607872 33.5018603104 33.7426022799 35.1633129593 71.643405995 134.599840472 134.764292481 134.910674109 135.0493011 135.730082358 135.962422638 0.45917784464 0.199272026091 0.130125142941 0.240584765909 0.173119902962 0.277948694569 0.0867830862692 1.93934959428 2.24875080327 2.48466363427 2.50818330586 812.57622062
-9999.0 -9999.0 -9999.0 -9999.0 -9999.0 -9999.0 -9999.0 -9999.0 -9999.0 -9999.0 -9999.0 -9999.0 -9999.0 -9999.0 -9999.0 -9999.0 -9999.0 -9999.0 -9999.0 -9999.0 -9999.0 0.587569750193 1.12138193417 1.65961981997 15.8356202342 0.463133210108 21.3212963022 21.8489021717 22.2851733199 22.6232042225 31.9963109664 32.3744725198 0.154176970136 0.986740072105 1.22859598244 0.165463496806 62.7996069618 62.5077784008 0.0765168221234 0.188596339669 0.552663514747 0.130652142812 0.148893994284 0.102232320132 0.0875324227082 0.0642196283407 0.0816303959345 1.66786336176 1.75760494726 1.87103364588 0.256761112832 0.192390499699 2.60321938392 2.64137790717
-9999.0 -9999.0 -9999.0 -9999.0 -9999.0 -9999.0 -9999.0 -9999.0 -9999.0 -9999.0 -9999.0 -9999.0 -9999.0 -9999.0 -9999.0 -9999.0 -9999.0 -9999.0 -9999.0 -9999.0 -9999.0 0.524509405726 0.489402572676 2.55446337616 19.4091350255 20.3847425668 20.8711549914 0.452082408557 8.08737934354 8.53969224943 8.7898765586 0.320531990934 0.507411348981 0.662187926459 14.0721807861 14.190296616 14.2878746621 62.3419984385 38.9610355671 0.104888037833 0.124708808405 0.117873048506 0.0909164439442 0.991429599794 1.1974712893 1.37326950686 1.47800746574 1.57774236826 14.2980638281 14.3703539568 14.5259191955 14.8258411818 15.8767801593 15.9016714256
-9999.0 -9999.0 -9999.0 -9999.0 -9999.0 -9999.0 -9999.0 -9999.0 -9999.0 -9999.0 -9999.0 -9999.0 -9999.0 -9999.0 -9999.0 -9999.0 -9999.0 -9999.0 -9999.0 -9999.0 -9999.0 -9999.0 1.02541444255 1.57563248417 0.539221790921 0.644423690753 6.50067663715 6.97805399737 7.29084471518 2.77616548044 3.10476077688 3.42782217849 3.60888119568 13.7942358235 13.9796154986 8.75155333806 23.1707880685 23.2897626816 38.8813980462 0.246651379348 0.131281576511 0.083063192248 0.688261001919 0.81237071473 0.0709931493393 0.0655344717961 13.9694123335 14.1482330085 14.2362265649 0.108989765449 0.195071592542 15.6922659362 0.0678116508203 0.211608919428
-9999.0 -9999.0 -9999.0 -9999.0 -9999.0 -9999.0 -9999.0 -9999.0 -9999.0 -9999.0 -9999.0 -9999.0 -9999.0 -9999.0 -9999.0 -9999.0 -9999.0 -9999.0 -9999.0 -9999.0 -9999.0 -9999.0 0.516256933074 1.01914681549 4.26327409986 4.8228735252 5.3467996818 2.08862584933 2.44234092795 0.358954046757 9.43911939102 9.74614309887 10.0135939085 0.203414226842 8.41557366467 8.61097871088 0.131462207046 38.2379911442 0.283822003326 0.143414981277 0.379969133995 0.511814797833 0.0962832965798 0.0742130816213 13.0479112425 13.8143242977 13.9207826194 0.115538324051 0.244395478448 0.303403087708 0.385123123274 0.747432653978 0.0771705193934 0.176317874158
