data/baseflow/History/mHMbfrc563
ncols                  80
nrows                 72
xllcorner      4374000.0
yllcorner      5656000.0
cellsize            500
NODATA_value       -9999
[rows 24 to 47 of 72, columns 0 to 53 of 80]
-9999.0 -9999.0 -9999.0 -9999.0 -9999.0 -9999.0 -9999.0 -9999.0 -9999.0 -9999.0 -9999.0 -9999.0 1.33729337885 3.73538008857 4.87050786716 8.27644065375 0.946949985681 1.93646338953 2.82168335411 11.1442217088 11.877600238 12.5826247117 13.1584075062 13.7944088863 20.1775956892 21.9524725728 23.047242452 0.471732010519 2.55001091806 2.98362882484 44.0566794112 45.6028792028 46.3643173975 47.162206198 47.6853403307 179.724992423 0.241468870252 345.186357467 0.436872419014 0.221047634588 2.20104170943 1.88010052575 0.284628436814 0.979171042673 1.54546277146 1.49695924662 1.0164871348 1.64852672102 2.57892440042 0.950960779022 2.36729412044 0.200925338251 0.345089466849 0.06878394781
-9999.0 -9999.0 -9999.0 -9999.0 -9999.0 -9999.0 -9999.0 -9999.0 -9999.0 -9999.0 -9999.0 -9999.0 1.2563299245 2.48893592852 1.15433411357 2.29503430937 0.962059077809 7.65157340669 9.40417915028 10.3212777766 0.781209443937 1.53108466382 15.6081984557 19.0389343635 19.6311044277 1.1645730789 1.24408692007 1.83413000796 0.364804328675 0.322729978248 0.592861151456 0.226183953689 22.571286678 22.8014272341 23.0270163085 179.98752123 346.993722137 345.376337594 0.338614981138 0.179363331462 0.162628907397 0.635307660387 0.500672588233 1.26210874156 1.82679031168 3.6336579073 0.309846605504 0.306635834347 2.84597213852 3.12961757871 5.95753822983 6.10288469446 6.52234450434 6.64979339418
-9999.0 -9999.0 -9999.0 -9999.0 -9999.0 -9999.0 -9999.0 -9999.0 -9999.0 -9999.0 -9999.0 -9999.0 -9999.0 1.19541204079 2.38279618322 3.5806521372 5.62383993072 1.06898483409 0.920471460758 6.49416892687 7.28232372549 14.1725815007 14.9877458772 2.20300270041 0.656582872453 0.555997820626 0.511826675085 20.843800703 21.1875116706 21.5573868355 21.8532451812 22.3455460246 3.17889909328 3.33420600762 26.5588786212 553.64773622 1.2687609466 1.00746277847 0.512447563011 0.136543651497 0.125195141055 0.947775872599 1.04121775438 1.49889813828 0.119895211673 3.78840029287 0.516833726215 0.506219356004 0.107270448789 0.0686344408237 0.0595252011631 0.0517048601202 0.0600768222775 6.71135002073
-9999.0 -9999.0 -9999.0 -9999.0 -9999.0 -9999.0 -9999.0 -9999.0 -9999.0 -9999.0 -9999.0 -9999.0 -9999.0 -9999.0 1.13635568885 2.10065536981 2.92483750066 3.7450119793 4.66788254494 5.62591325891 2.70437732822 4.51451958034 0.791928659651 0.722653706941 17.9352570504 19.268993248 19.8333983487 20.4370333734 0.403551479603 0.726156554192 2.01368760924 2.58648034946 2.93283841435 0.207575422358 0.148035300666 554.20733788 0.231914874429 0.346530321569 0.209162341544 0.581407805369 0.264003607242 0.16316190912 2.66304887006 2.76005334079 0.0645372987907 3.86355159206 4.51297919998 0.707273507065 93.9097095688 93.7071709323 93.5598085925 93.2986597825 93.2072028296 91.1432961263
-9999.0 -9999.0 -9999.0 -9999.0 -9999.0 -9999.0 -9999.0 -9999.0 -9999.0 -9999.0 -9999.0 -9999.0 -9999.0 -9999.0 0.229297139009 0.517097251439 0.840479733055 7.80422786953 8.75765319052 0.976853517108 0.909887549769 0.910718955784 14.9547479006 16.6145488878 0.76129908084 0.775773018914 0.513988035278 2.23986575126 2.77386839874 1.26504077699 1.68289534813 14.3155517149 14.6709391837 15.2037337877 23.74766294 578.105532463 0.257529339823 0.153136877602 0.890420671785 0.730227208286 0.0910912386924 0.3571824893 0.4550020279 2.86957941659 2.95595265756 7.63364024227 4.54495264399 0.773294453627 95.8898889879 0.757803359204 93.4395802465 93.3747396497 1.96813512942 0.0597854975096
-9999.0 -9999.0 -9999.0 -9999.0 -9999.0 -9999.0 -9999.0 -9999.0 -9999.0 -9999.0 -9999.0 -9999.0 -9999.0 -9999.0 1.16333633199 1.90653961207 3.9304061131 6.86926952821 9.52020884318 11.5123851649 12.4249528996 13.3632589903 14.2223908149 0.796739228208 0.659905733868 1.28953684477 1.10569730513 0.611574484879 12.6659952238 13.1778468267 13.6268938977 14.0516923111 7.54436908229 7.97508475334 8.35233117885 578.235521695 0.453038993974 0.54507000301 1.56053789892 0.143353643322 0.204617619259 0.112576504507 0.0879463293272 0.547255171129 0.0637680900299 0.0694707297156 103.95117475 96.2740975666 96.2060674351 0.351244531405 0.680389455555 0.426415258888 0.084636097888 1.81422488483
-9999.0 -9999.0 -9999.0 -9999.0 -9999.0 -9999.0 -9999.0 -9999.0 -9999.0 -9999.0 -9999.0 -9999.0 -9999.0 -9999.0 0.812400867526 0.754739448939 1.47545522277 2.240335636 1.0682106681 1.18992485403 2.14942536354 3.0816026096 4.75778407729 5.57791503565 6.22593584661 8.21173334898 8.76913775399 9.41828645101 0.614315213165 5.91022012819 6.34770475565 6.80306534327 0.402053976906 0.33242584982 0.511570923351 587.475486487 587.596416443 588.325119059 1.97421080022 0.302289621512 0.383498516819 0.115157931238 0.151486456307 0.616190070839 0.735170674974 0.12252469689 104.276289569 0.112480087797 0.187981699904 0.210168164272 0.15000898824 0.275597802011 0.105856077919 1.27534471374
-9999.0 -9999.0 -9999.0 -9999.0 -9999.0 -9999.0 -9999.0 -9999.0 -9999.0 -9999.0 -9999.0 -9999.0 -9999.0 -9999.0 -9999.0 0.710692155984 1.39907944689 0.69345924898 1.45867339998 8.86175892884 9.65586039028 10.5318162116 0.828111645815 0.830211619966 1.47052015342 2.14948839338 3.20255448923 3.77939899081 4.25646331086 4.79671122989 0.382727980571 0.379208550323 7.90213989888 8.27126282272 8.43281640164 8.59102225201 6.68931523885 595.633233987 598.524777943 598.621597446 599.072991667 599.549185812 599.735362038 0.0518824415888 0.786939907631 104.320491532 0.113874555964 0.0589396076743 0.0817663137464 0.0861846120126 0.143177225001 0.128812920373 0.0792813855555 0.146036388795
-9999.0 -9999.0 -9999.0 -9999.0 -9999.0 -9999.0 -9999.0 -9999.0 -9999.0 -9999.0 -9999.0 -9999.0 -9999.0 -9999.0 -9999.0 -9999.0 2.07567256415 2.78971590132 4.94948028944 6.59821274521 0.877812159367 12.4314702199 13.2333535149 13.9615816185 0.682864470478 1.32780842125 0.518503595491 4.31355716352 4.67760161314 5.29576908922 5.9527805964 7.18589152864 7.5273038601 0.198982043143 6.07925213465 6.39001738614 6.54593232812 7.18019032784 0.80012842576 0.486008265097 0.282593433609 0.250744585887 600.007878023 600.087134947 601.32048914 104.359187314 0.356522343826 0.203969460951 0.136100631493 0.0398650135983 0.425033454206 0.226428292117 0.0687698376455 0.406135158947
-9999.0 -9999.0 -9999.0 -9999.0 -9999.0 -9999.0 -9999.0 -9999.0 -9999.0 -9999.0 -9999.0 -9999.0 -9999.0 -9999.0 -9999.0 -9999.0 0.736085235729 3.51455502131 4.27894712508 0.92465320047 0.934122790106 1.92463911166 2.78187832508 17.5148831992 0.673700358776 2.71834081166 3.26994133694 3.8083783468 0.445914847241 0.951465524826 1.23325068811 4.75873007747 5.38679782558 5.5571207307 0.171512788323 0.148443202494 0.175985560679 0.328140439773 0.157777550669 0.163232983897 0.179774204809 0.162835718731 0.142069412972 0.413762372024 601.402397318 705.963990123 0.498127307877 0.128485742824 0.0488736427019 1.36734875968 1.27627692407 0.776501403122 0.699382575768 0.52234079708
-9999.0 -9999.0 -9999.0 -9999.0 -9999.0 -9999.0 -9999.0 -9999.0 -9999.0 -9999.0 -9999.0 -9999.0 -9999.0 -9999.0 -9999.0 0.613370976331 2.01146965443 0.662619225644 1.00731419654 1.05740051574 2.00511076595 2.94023216215 3.68033715593 21.8135425532 22.4500286457 0.662499505833 1.22316291226 1.7987614833 2.18218196385 2.63309583921 4.26549098699 4.57711344374 0.421844505825 0.21919662602 0.127845870609 0.0991851547022 0.213964086378 0.21630352203 0.255966330913 0.299622548773 0.682550738851 0.288095470335 0.104115827747 0.100705018366 0.0837089349294 0.150996041028 711.283104933 4.76957789679 1.70277627881 0.182463629428 0.0850585908171 0.0515952853084 0.173551253708 0.116054277434
-9999.0 -9999.0 -9999.0 -9999.0 -9999.0 -9999.0 -9999.0 -9999.0 -9999.0 -9999.0 -9999.0 -9999.0 -9999.0 -9999.0 0.632798389028 1.24733251053 4.521222358 0.635186268933 1.84608634218 2.86515923307 3.77286346448 0.95713821164 1.72964604265 2.43207037114 25.4360820564 0.609229305309 1.11673074099 1.66160022662 0.478389216183 0.948957214259 1.31283057034 1.59272259457 43.7996390407 44.2900757316 44.7639519263 46.7581948649 47.1867531626 48.4036404776 0.508590776406 1.06975005388 0.866733411264 52.2673042919 52.441032108 0.0893445091491 0.141207558625 0.19060255814 711.328093802 4.55776278055 2.59108124538 2.48046039371 1.63057017451 1.30003440205 0.228644414277 0.0570008066936
-9999.0 -9999.0 -9999.0 -9999.0 -9999.0 -9999.0 -9999.0 -9999.0 -9999.0 -9999.0 -9999.0 -9999.0 -9999.0 -9999.0 0.647669639042 1.97612461095 7.1542568569 10.6164384842 0.561365476416 13.922781789 18.3285309022 0.870936162765 1.63160130185 2.35565541845 32.0188014766 32.5336083865 0.424297821119 2.52914399347 2.91381871989 3.31560609061 40.4777831953 41.4639438651 41.9724257043 0.241284429441 1.37800702731 1.6616347098 0.59960140866 0.844698604344 49.5680229901 50.9873192022 51.1662109992 51.3288837871 52.5924210595 0.073997346661 0.0641015569741 0.305285435161 711.39670062 0.150112036241 0.334115695705 0.759951056654 0.251764251818 1.17238093587 0.841700853385 0.506943122164
-9999.0 -9999.0 -9999.0 -9999.0 -9999.0 -9999.0 -9999.0 -9999.0 -9999.0 -9999.0 -9999.0 -9999.0 -9999.0 -9999.0 -9999.0 -9999.0 1.41460380685 2.85344974382 12.5977023926 13.3135872858 18.9463404097 19.5942104791 0.834168214621 1.66950907611 3.71759772523 33.0505046399 34.0264721866 34.3777461384 0.266772445375 35.7278306183 36.7882586918 0.641625595553 0.237739021301 0.43630267582 0.854986374768 0.207766841068 0.401331953449 0.833955243599 1.03307878061 0.211037543477 0.124843286438 0.237862398223 53.6085215514 53.9568066505 54.0065614339 54.4932468539 711.448677829 0.10285318167 0.228529490122 0.168525550917 0.160374823017 0.166118235618 0.135128570283 0.247333618195
-9999.0 -9999.0 -9999.0 -9999.0 -9999.0 -9999.0 -9999.0 -9999.0 -9999.0 -9999.0 -9999.0 -9999.0 -9999.0 -9999.0 -9999.0 -9999.0 0.746369423986 0.727671059326 0.715497663841 1.41637732996 0.618209083666 20.8248435708 21.4016988624 0.71661796153 1.42392596028 0.64338379332 0.484867561888 0.462595140783 35.1864832729 0.371634280573 0.770834748625 0.322895904207 0.237734883124 0.212231233106 0.152760375103 0.161724648496 0.502332812353 0.697819920085 0.127684615453 0.110404452302 0.248192614479 0.432199946975 0.574638587438 0.190684830114 54.1257394717 54.5488272319 711.481062805 0.635610886734 0.428279529036 0.0913454380565 0.229060984095 0.0708407569082 0.0503294444975 0.303753982105
-9999.0 -9999.0 -9999.0 -9999.0 -9999.0 -9999.0 -9999.0 -9999.0 -9999.0 -9999.0 -9999.0 -9999.0 -9999.0 -9999.0 -9999.0 -9999.0 -9999.0 -9999.0 0.718255545548 2.06786545639 2.6336193448 3.23458238944 21.9813976257 22.5600823235 23.1137925745 23.7012537788 24.1447904173 25.0882250566 25.4112928782 25.762577994 26.0048547836 0.195098254259 0.177945023999 0.196195828572 0.685497789188 0.188745455135 0.17777025365 0.127255623635 0.372776838883 0.161435533624 0.116870345259 0.105474418308 0.085533552271 0.170570249946 0.246003726564 55.0567970095 767.203010805 0.0991640232159 0.174886306051 0.0695572631773 0.346259080671 0.252149748308 0.101248664542 0.767746612352
-9999.0 -9999.0 -9999.0 -9999.0 -9999.0 -9999.0 -9999.0 -9999.0 -9999.0 -9999.0 -9999.0 -9999.0 -9999.0 -9999.0 -9999.0 -9999.0 -9999.0 -9999.0 -9999.0 0.587971522371 4.74387288576 9.26547912435 9.88473054895 0.820746445079 1.54931421878 2.27435753361 2.78909356554 6.55768500216 6.78218953196 0.2136841339 0.207447983893 26.5413643267 26.9409385959 27.0996299902 0.80177233336 0.104262804489 0.298212398722 0.429674258997 1.28546391381 1.58482556019 1.80838634604 0.19878168463 0.273754383365 0.0949522013682 0.188537531371 0.0995540428 767.342692678 0.0833237919145 0.340976709087 0.142516048683 0.521025987803 1.24384402654 1.3843441681 2.19588902214
-9999.0 -9999.0 -9999.0 -9999.0 -9999.0 -9999.0 -9999.0 -9999.0 -9999.0 -9999.0 -9999.0 -9999.0 -9999.0 -9999.0 -9999.0 -9999.0 -9999.0 -9999.0 0.665374705649 2.1329914158 4.16693881781 5.43110464921 13.7942063748 14.4928088495 1.54455283553 2.27898519533 2.84956549747 3.35206262918 7.06926464735 7.52529633827 13.5912106604 14.0562532148 14.3408366543 27.2614540678 28.4755150327 0.27759472686 0.207504056691 0.193508188174 0.366873712673 0.163364474463 2.1234033877 2.22969878908 0.366021540485 0.500342563038 0.16582865821 175.744620509 175.980284775 943.393199221 943.8156835 0.0955158829586 0.717851814583 0.239144957817 0.173575312196 2.48860505931
-9999.0 -9999.0 -9999.0 -9999.0 -9999.0 -9999.0 -9999.0 -9999.0 -9999.0 -9999.0 -9999.0 -9999.0 -9999.0 -9999.0 -9999.0 -9999.0 -9999.0 -9999.0 -9999.0 0.76812277342 0.747024249944 1.40388138376 3.31997320912 15.0978152223 0.804693374782 0.793051045753 1.35956810305 1.9608191486 4.84903357694 5.27169038211 0.351285085157 0.292273246081 14.5943900048 14.7962128149 43.5249737555 43.7379496079 0.0911340135337 0.0769546043797 0.0625634542591 0.0633323480607 0.0740939693914 173.521469062 174.248648998 174.85867666 175.1474629 175.6255212 0.124000667459 0.449702849559 0.524860190457 944.490492935 944.506409207 944.516692246 944.556189078 944.619749704
-9999.0 -9999.0 -9999.0 -9999.0 -9999.0 -9999.0 -9999.0 -9999.0 -9999.0 -9999.0 -9999.0 -9999.0 -9999.0 -9999.0 -9999.0 -9999.0 -9999.0 -9999.0 -9999.0 -9999.0 0.678440455773 0.713704436597 1.31713791426 17.6649672872 18.267299763 0.771015701107 1.34857149593 1.96839093455 2.52333301077 0.496065009438 0.834431112419 40.0765173658 40.2755373458 40.5719162411 42.2883018639 86.2084493312 169.267085873 169.501261602 169.711624521 169.908179331 170.86996044 171.190963456 0.635970336835 0.277132398927 0.174992448198 0.322796904026 0.225797706405 0.361640784102 0.108345217275 2.66496259559 3.02660440994 3.30610112248 3.33247240201 944.614082816
-9999.0 -9999.0 -9999.0 -9999.0 -9999.0 -9999.0 -9999.0 -9999.0 -9999.0 -9999.0 -9999.0 -9999.0 -9999.0 -9999.0 -9999.0 -9999.0 -9999.0 -9999.0 -9999.0 -9999.0 -9999.0 0.694839775726 1.32851202129 1.9658315232 18.7795644608 0.578150274987 25.4286526474 26.0820747508 26.5960956428 27.0126439914 38.5288392929 38.9276653471 0.223844268815 1.26690062986 1.53748753178 0.24310116489 82.8314756198 82.4093752748 0.113130289135 0.276083339336 0.788970149812 0.184126571276 0.206870915965 0.144138194374 0.119697042403 0.0864848154685 0.107677766738 2.31418936822 2.42839309512 2.5750207805 0.292804818838 0.223038726963 3.44721255544 3.49520671966
-9999.0 -9999.0 -9999.0 -9999.0 -9999.0 -9999.0 -9999.0 -9999.0 -9999.0 -9999.0 -9999.0 -9999.0 -9999.0 -9999.0 -9999.0 -9999.0 -9999.0 -9999.0 -9999.0 -9999.0 -9999.0 0.628182769036 0.587368596377 3.06199571273 23.056907937 24.2403006789 24.8532941436 0.591560335356 10.0709702657 10.6245665377 10.9047658092 0.356506997025 0.621203494914 0.852106889534 18.6508883355 18.8174105332 18.9564539801 82.1658242953 50.9017864077 0.155448071918 0.175681571811 0.166079622356 0.12449121394 1.40227317795 1.68446365658 1.92380784894 2.06276587316 2.19497595563 19.7118494856 19.8019005948 19.9409379288 20.2366873897 21.4222082949 21.4498457134
-9999.0 -9999.0 -9999.0 -9999.0 -9999.0 -9999.0 -9999.0 -9999.0 -9999.0 -9999.0 -9999.0 -9999.0 -9999.0 -9999.0 -9999.0 -9999.0 -9999.0 -9999.0 -9999.0 -9999.0 -9999.0 -9999.0 1.23163347936 1.887728235 0.659747722514 0.816892373458 7.98166735735 8.61589459634 9.04225384661 3.69852838524 4.12314156448 4.53971226354 4.79116354766 18.2492614602 18.5145252811 11.8023442484 30.9530062419 31.129730476 50.7824865836 0.358527443734 0.187086497391 0.11798005052 0.98231262072 1.15540933628 0.0975841029185 0.0902833450527 19.2709671061 19.5150223678 19.6331502179 0.133940716331 0.209200141494 21.2558839062 0.0809198994697 0.274135718743
-9999.0 -9999.0 -9999.0 -9999.0 -9999.0 -9999.0 -9999.0 -9999.0 -9999.0 -9999.0 -9999.0 -9999.0 -9999.0 -9999.0 -9999.0 -9999.0 -9999.0 -9999.0 -9999.0 -9999.0 -9999.0 -9999.0 0.619939424757 1.2262047195 5.15611144129 5.83116636508 6.49534168094 2.77033870857 3.26016995738 0.477051746424 12.4437611453 12.851109472 13.208914996 0.287392529683 11.3221220313 11.6012224084 0.19016905 49.8388862129 0.41582605226 0.207601757792 0.546419989649 0.734290131869 0.134193616852 0.102309254873 17.9926407053 19.0575724973 19.2053692058 0.156714265474 0.326993936766 0.402189843809 0.488427899199 0.928647686507 0.0996162377104 0.229667248787
